01/01/2020,BHM,AL,ASO,ES,Combined TRACON& Tower with Radar,68,40,36,0,144,0,4,18,0,22,68,44,54,0,166,0,0,0,166
01/02/2020,BHM,AL,ASO,ES,Combined TRACON& Tower with Radar,84,45,52,0,181,0,0,0,0,0,84,45,52,0,181,0,0,0,181
01/03/2020,BHM,AL,ASO,ES,Combined TRACON& Tower with Radar,91,47,49,6,193,0,0,0,0,0,91,47,49,6,193,0,0,0,193
01/04/2020,BHM,AL,ASO,ES,Combined TRACON& Tower with Radar,65,49,17,0,131,0,1,17,0,18,65,50,34,0,149,12,0,12,161
01/05/2020,BHM,AL,ASO,ES,Combined TRACON& Tower with Radar,83,35,75,0,193,0,1,37,1,39,83,36,112,1,232,10,0,10,242
01/06/2020,BHM,AL,ASO,ES,Combined TRACON& Tower with Radar,90,48,55,8,201,0,2,31,0,33,90,50,86,8,234,0,0,0,234
01/07/2020,BHM,AL,ASO,ES,Combined TRACON& Tower with Radar,87,47,70,37,241,0,3,21,4,28,87,50,91,41,269,6,0,6,275
01/08/2020,BHM,AL,ASO,ES,Combined TRACON& Tower with Radar,95,49,79,10,233,0,2,47,0,49,95,51,126,10,282,0,0,0,282
01/09/2020,BHM,AL,ASO,ES,Combined TRACON& Tower with Radar,102,56,89,3,250,0,3,27,15,45,102,59,116,18,295,8,0,8,303
01/10/2020,BHM,AL,ASO,ES,Combined TRACON& Tower with Radar,101,48,52,2,203,0,4,7,13,24,101,52,59,15,227,0,0,0,227
01/11/2020,BHM,AL,ASO,ES,Combined TRACON& Tower with Radar,59,33,12,0,104,0,0,0,0,0,59,33,12,0,104,2,0,2,106
01/12/2020,BHM,AL,ASO,ES,Combined TRACON& Tower with Radar,99,32,36,16,183,0,1,32,4,37,99,33,68,20,220,0,8,8,228
01/13/2020,BHM,AL,ASO,ES,Combined TRACON& Tower with Radar,99,45,52,0,196,0,0,4,0,4,99,45,56,0,200,0,0,0,200
01/14/2020,BHM,AL,ASO,ES,Combined TRACON& Tower with Radar,92,52,66,0,210,0,0,1,0,1,92,52,67,0,211,0,0,0,211
01/15/2020,BHM,AL,ASO,ES,Combined TRACON& Tower with Radar,98,43,84,29,254,0,0,0,0,0,98,43,84,29,254,0,0,0,254
01/16/2020,BHM,AL,ASO,ES,Combined TRACON& Tower with Radar,99,55,90,20,264,0,0,29,6,35,99,55,119,26,299,19,2,21,320
01/17/2020,BHM,AL,ASO,ES,Combined TRACON& Tower with Radar,101,64,88,20,273,0,1,25,0,26,101,65,113,20,299,0,0,0,299
01/18/2020,BHM,AL,ASO,ES,Combined TRACON& Tower with Radar,57,36,29,0,122,0,1,1,0,2,57,37,30,0,124,0,0,0,124
01/19/2020,BHM,AL,ASO,ES,Combined TRACON& Tower with Radar,71,42,50,6,169,0,2,15,0,17,71,44,65,6,186,0,0,0,186
01/20/2020,BHM,AL,ASO,ES,Combined TRACON& Tower with Radar,92,49,75,0,216,0,1,36,2,39,92,50,111,2,255,0,0,0,255
01/21/2020,BHM,AL,ASO,ES,Combined TRACON& Tower with Radar,93,56,87,5,241,0,1,43,5,49,93,57,130,10,290,0,0,0,290
01/22/2020,BHM,AL,ASO,ES,Combined TRACON& Tower with Radar,96,50,86,3,235,0,3,35,7,45,96,53,121,10,280,0,0,0,280
01/23/2020,BHM,AL,ASO,ES,Combined TRACON& Tower with Radar,103,63,92,4,262,0,0,0,0,0,103,63,92,4,262,0,0,0,262
01/24/2020,BHM,AL,ASO,ES,Combined TRACON& Tower with Radar,99,51,80,3,233,0,1,9,17,27,99,52,89,20,260,0,0,0,260
01/25/2020,BHM,AL,ASO,ES,Combined TRACON& Tower with Radar,58,39,42,21,160,0,0,30,4,34,58,39,72,25,194,20,0,20,214
01/26/2020,BHM,AL,ASO,ES,Combined TRACON& Tower with Radar,98,35,38,4,175,0,1,23,10,34,98,36,61,14,209,0,0,0,209
01/27/2020,BHM,AL,ASO,ES,Combined TRACON& Tower with Radar,90,50,71,11,222,0,0,4,0,4,90,50,75,11,226,0,0,0,226
01/28/2020,BHM,AL,ASO,ES,Combined TRACON& Tower with Radar,91,49,81,26,247,0,2,44,5,51,91,51,125,31,298,6,2,8,306
01/29/2020,BHM,AL,ASO,ES,Combined TRACON& Tower with Radar,96,60,97,38,291,0,0,9,4,13,96,60,106,42,304,14,0,14,318
01/30/2020,BHM,AL,ASO,ES,Combined TRACON& Tower with Radar,99,57,89,19,264,0,2,33,6,41,99,59,122,25,305,0,0,0,305
01/31/2020,BHM,AL,ASO,ES,Combined TRACON& Tower with Radar,99,56,75,24,254,0,1,6,1,8,99,57,81,25,262,0,0,0,262
02/01/2020,BHM,AL,ASO,ES,Combined TRACON& Tower with Radar,58,37,47,0,142,0,2,5,0,7,58,39,52,0,149,0,0,0,149
02/02/2020,BHM,AL,ASO,ES,Combined TRACON& Tower with Radar,85,35,36,0,156,0,0,22,0,22,85,35,58,0,178,0,0,0,178
02/03/2020,BHM,AL,ASO,ES,Combined TRACON& Tower with Radar,95,46,81,6,228,0,6,34,2,42,95,52,115,8,270,14,0,14,284
02/04/2020,BHM,AL,ASO,ES,Combined TRACON& Tower with Radar,90,64,85,37,276,0,0,5,6,11,90,64,90,43,287,0,0,0,287
02/05/2020,BHM,AL,ASO,ES,Combined TRACON& Tower with Radar,98,59,49,2,208,0,0,0,0,0,98,59,49,2,208,0,0,0,208
02/06/2020,BHM,AL,ASO,ES,Combined TRACON& Tower with Radar,96,55,66,19,236,0,0,0,0,0,96,55,66,19,236,0,0,0,236
02/07/2020,BHM,AL,ASO,ES,Combined TRACON& Tower with Radar,99,54,78,13,244,0,3,34,10,47,99,57,112,23,291,4,0,4,295
02/08/2020,BHM,AL,ASO,ES,Combined TRACON& Tower with Radar,59,36,39,12,146,0,1,22,6,29,59,37,61,18,175,0,4,4,179
02/09/2020,BHM,AL,ASO,ES,Combined TRACON& Tower with Radar,98,45,47,6,196,0,7,32,4,43,98,52,79,10,239,0,0,0,239
02/10/2020,BHM,AL,ASO,ES,Combined TRACON& Tower with Radar,92,41,62,0,195,0,0,0,1,1,92,41,62,1,196,0,0,0,196
02/11/2020,BHM,AL,ASO,ES,Combined TRACON& Tower with Radar,93,60,72,18,243,0,0,0,0,0,93,60,72,18,243,0,0,0,243
02/12/2020,BHM,AL,ASO,ES,Combined TRACON& Tower with Radar,103,68,80,11,262,0,0,2,0,2,103,68,82,11,264,0,0,0,264
02/13/2020,BHM,AL,ASO,ES,Combined TRACON& Tower with Radar,96,78,129,12,315,0,1,9,0,10,96,79,138,12,325,0,0,0,325
02/14/2020,BHM,AL,ASO,ES,Combined TRACON& Tower with Radar,99,77,93,0,269,0,1,36,0,37,99,78,129,0,306,2,0,2,308
02/15/2020,BHM,AL,ASO,ES,Combined TRACON& Tower with Radar,56,39,33,0,128,0,0,35,2,37,56,39,68,2,165,54,0,54,219
02/16/2020,BHM,AL,ASO,ES,Combined TRACON& Tower with Radar,81,47,56,3,187,0,0,27,0,27,81,47,83,3,214,16,0,16,230
02/17/2020,BHM,AL,ASO,ES,Combined TRACON& Tower with Radar,88,64,108,1,261,0,2,3,2,7,88,66,111,3,268,8,0,8,276
02/18/2020,BHM,AL,ASO,ES,Combined TRACON& Tower with Radar,94,76,71,8,249,0,0,0,0,0,94,76,71,8,249,0,0,0,249
02/19/2020,BHM,AL,ASO,ES,Combined TRACON& Tower with Radar,94,61,92,29,276,0,1,4,2,7,94,62,96,31,283,0,0,0,283
02/20/2020,BHM,AL,ASO,ES,Combined TRACON& Tower with Radar,92,67,91,8,258,0,0,0,0,0,92,67,91,8,258,0,0,0,258
02/21/2020,BHM,AL,ASO,ES,Combined TRACON& Tower with Radar,95,69,74,28,266,0,0,40,10,50,95,69,114,38,316,0,0,0,316
02/22/2020,BHM,AL,ASO,ES,Combined TRACON& Tower with Radar,59,38,44,1,142,0,2,60,8,70,59,40,104,9,212,0,0,0,212
02/23/2020,BHM,AL,ASO,ES,Combined TRACON& Tower with Radar,90,47,75,13,225,0,2,28,7,37,90,49,103,20,262,0,0,0,262
02/24/2020,BHM,AL,ASO,ES,Combined TRACON& Tower with Radar,88,47,60,17,212,0,0,1,0,1,88,47,61,17,213,0,0,0,213
02/25/2020,BHM,AL,ASO,ES,Combined TRACON& Tower with Radar,94,67,80,36,277,0,1,31,0,32,94,68,111,36,309,0,30,30,339
02/26/2020,BHM,AL,ASO,ES,Combined TRACON& Tower with Radar,96,51,94,11,252,0,4,7,0,11,96,55,101,11,263,0,0,0,263
02/27/2020,BHM,AL,ASO,ES,Combined TRACON& Tower with Radar,93,71,100,17,281,0,1,36,11,48,93,72,136,28,329,0,0,0,329
02/28/2020,BHM,AL,ASO,ES,Combined TRACON& Tower with Radar,95,63,100,59,317,0,2,32,10,44,95,65,132,69,361,0,0,0,361
02/29/2020,BHM,AL,ASO,ES,Combined TRACON& Tower with Radar,61,35,53,15,164,0,1,50,4,55,61,36,103,19,219,0,0,0,219
03/01/2020,BHM,AL,ASO,ES,Combined TRACON& Tower with Radar,92,44,80,7,223,0,2,33,4,39,92,46,113,11,262,5,0,5,267
03/02/2020,BHM,AL,ASO,ES,Combined TRACON& Tower with Radar,91,59,76,3,229,0,0,2,0,2,91,59,78,3,231,0,0,0,231
03/03/2020,BHM,AL,ASO,ES,Combined TRACON& Tower with Radar,87,73,57,2,219,0,0,11,0,11,87,73,68,2,230,20,0,20,250
03/04/2020,BHM,AL,ASO,ES,Combined TRACON& Tower with Radar,95,75,85,1,256,0,0,0,1,1,95,75,85,2,257,0,0,0,257
03/05/2020,BHM,AL,ASO,ES,Combined TRACON& Tower with Radar,92,72,97,3,264,0,0,1,4,5,92,72,98,7,269,0,0,0,269
03/06/2020,BHM,AL,ASO,ES,Combined TRACON& Tower with Radar,93,60,77,2,232,0,7,30,11,48,93,67,107,13,280,0,0,0,280
03/07/2020,BHM,AL,ASO,ES,Combined TRACON& Tower with Radar,60,51,36,4,151,0,3,61,4,68,60,54,97,8,219,6,0,6,225
03/08/2020,BHM,AL,ASO,ES,Combined TRACON& Tower with Radar,99,42,61,9,211,0,1,36,1,38,99,43,97,10,249,0,0,0,249
03/09/2020,BHM,AL,ASO,ES,Combined TRACON& Tower with Radar,90,49,63,5,207,0,0,24,5,29,90,49,87,10,236,0,0,0,236
03/10/2020,BHM,AL,ASO,ES,Combined TRACON& Tower with Radar,88,61,93,14,256,0,1,2,0,3,88,62,95,14,259,0,0,0,259
03/11/2020,BHM,AL,ASO,ES,Combined TRACON& Tower with Radar,95,66,77,12,250,0,0,3,0,3,95,66,80,12,253,0,0,0,253
03/12/2020,BHM,AL,ASO,ES,Combined TRACON& Tower with Radar,94,75,96,33,298,0,2,21,10,33,94,77,117,43,331,0,7,7,338
03/13/2020,BHM,AL,ASO,ES,Combined TRACON& Tower with Radar,95,59,54,12,220,0,1,0,0,1,95,60,54,12,221,0,0,0,221
03/14/2020,BHM,AL,ASO,ES,Combined TRACON& Tower with Radar,69,50,28,7,154,0,2,35,0,37,69,52,63,7,191,0,0,0,191
03/15/2020,BHM,AL,ASO,ES,Combined TRACON& Tower with Radar,101,39,62,8,210,0,0,1,0,1,101,39,63,8,211,0,0,0,211
03/16/2020,BHM,AL,ASO,ES,Combined TRACON& Tower with Radar,102,57,50,17,226,0,2,11,0,13,102,59,61,17,239,9,1,10,249
03/17/2020,BHM,AL,ASO,ES,Combined TRACON& Tower with Radar,95,62,30,32,219,0,1,14,4,19,95,63,44,36,238,26,0,26,264
03/18/2020,BHM,AL,ASO,ES,Combined TRACON& Tower with Radar,102,61,45,25,233,0,1,21,0,22,102,62,66,25,255,0,0,0,255
03/19/2020,BHM,AL,ASO,ES,Combined TRACON& Tower with Radar,84,55,45,8,192,0,1,14,4,19,84,56,59,12,211,0,0,0,211
03/20/2020,BHM,AL,ASO,ES,Combined TRACON& Tower with Radar,73,63,29,21,186,0,1,5,1,7,73,64,34,22,193,0,0,0,193
03/21/2020,BHM,AL,ASO,ES,Combined TRACON& Tower with Radar,61,41,42,0,144,0,3,6,0,9,61,44,48,0,153,0,0,0,153
03/22/2020,BHM,AL,ASO,ES,Combined TRACON& Tower with Radar,70,33,17,0,120,0,2,16,0,18,70,35,33,0,138,12,0,12,150
03/23/2020,BHM,AL,ASO,ES,Combined TRACON& Tower with Radar,52,31,7,0,90,0,0,0,0,0,52,31,7,0,90,0,0,0,90
03/24/2020,BHM,AL,ASO,ES,Combined TRACON& Tower with Radar,52,39,11,32,134,0,0,8,4,12,52,39,19,36,146,6,12,18,164
03/25/2020,BHM,AL,ASO,ES,Combined TRACON& Tower with Radar,49,41,31,23,144,0,0,43,4,47,49,41,74,27,191,30,12,42,233
03/26/2020,BHM,AL,ASO,ES,Combined TRACON& Tower with Radar,53,42,38,1,134,0,2,46,15,63,53,44,84,16,197,4,0,4,201
03/27/2020,BHM,AL,ASO,ES,Combined TRACON& Tower with Radar,45,41,28,8,122,0,1,22,0,23,45,42,50,8,145,0,0,0,145
03/28/2020,BHM,AL,ASO,ES,Combined TRACON& Tower with Radar,32,26,14,0,72,0,2,14,1,17,32,28,28,1,89,0,0,0,89
03/29/2020,BHM,AL,ASO,ES,Combined TRACON& Tower with Radar,46,17,18,6,87,0,5,12,5,22,46,22,30,11,109,12,0,12,121
03/30/2020,BHM,AL,ASO,ES,Combined TRACON& Tower with Radar,40,16,24,0,80,0,0,24,1,25,40,16,48,1,105,8,0,8,113
03/31/2020,BHM,AL,ASO,ES,Combined TRACON& Tower with Radar,37,25,8,14,84,0,0,3,3,6,37,25,11,17,90,0,0,0,90
04/01/2020,BHM,AL,ASO,ES,Combined TRACON& Tower with Radar,44,27,31,8,110,0,2,36,4,42,44,29,67,12,152,2,0,2,154
04/02/2020,BHM,AL,ASO,ES,Combined TRACON& Tower with Radar,49,23,27,7,106,0,3,45,6,54,49,26,72,13,160,0,0,0,160
04/03/2020,BHM,AL,ASO,ES,Combined TRACON& Tower with Radar,43,22,31,14,110,0,2,41,5,48,43,24,72,19,158,20,12,32,190
04/04/2020,BHM,AL,ASO,ES,Combined TRACON& Tower with Radar,38,17,12,12,79,0,4,32,5,41,38,21,44,17,120,8,0,8,128
04/05/2020,BHM,AL,ASO,ES,Combined TRACON& Tower with Radar,42,5,12,0,59,0,4,29,0,33,42,9,41,0,92,4,0,4,96
04/06/2020,BHM,AL,ASO,ES,Combined TRACON& Tower with Radar,38,13,30,12,93,0,0,25,0,25,38,13,55,12,118,16,0,16,134
04/07/2020,BHM,AL,ASO,ES,Combined TRACON& Tower with Radar,41,26,19,13,99,0,1,11,2,14,41,27,30,15,113,0,0,0,113
04/08/2020,BHM,AL,ASO,ES,Combined TRACON& Tower with Radar,45,19,28,10,102,0,0,14,0,14,45,19,42,10,116,0,0,0,116
04/09/2020,BHM,AL,ASO,ES,Combined TRACON& Tower with Radar,38,22,22,10,92,0,1,30,8,39,38,23,52,18,131,26,0,26,157
04/10/2020,BHM,AL,ASO,ES,Combined TRACON& Tower with Radar,43,22,25,15,105,0,1,53,0,54,43,23,78,15,159,14,0,14,173
04/11/2020,BHM,AL,ASO,ES,Combined TRACON& Tower with Radar,34,16,28,24,102,0,0,36,3,39,34,16,64,27,141,14,0,14,155
04/12/2020,BHM,AL,ASO,ES,Combined TRACON& Tower with Radar,31,5,2,1,39,0,0,0,0,0,31,5,2,1,39,0,0,0,39
04/13/2020,BHM,AL,ASO,ES,Combined TRACON& Tower with Radar,32,15,30,35,112,0,1,7,2,10,32,16,37,37,122,31,0,31,153
04/14/2020,BHM,AL,ASO,ES,Combined TRACON& Tower with Radar,30,22,19,16,87,0,0,21,0,21,30,22,40,16,108,0,8,8,116
04/15/2020,BHM,AL,ASO,ES,Combined TRACON& Tower with Radar,34,25,28,18,105,0,2,30,2,34,34,27,58,20,139,52,0,52,191
04/16/2020,BHM,AL,ASO,ES,Combined TRACON& Tower with Radar,34,20,34,39,127,0,2,38,8,48,34,22,72,47,175,20,20,40,215
04/17/2020,BHM,AL,ASO,ES,Combined TRACON& Tower with Radar,29,18,27,22,96,0,3,38,3,44,29,21,65,25,140,0,0,0,140
04/18/2020,BHM,AL,ASO,ES,Combined TRACON& Tower with Radar,29,11,18,8,66,0,3,27,0,30,29,14,45,8,96,36,0,36,132
04/19/2020,BHM,AL,ASO,ES,Combined TRACON& Tower with Radar,29,6,5,0,40,0,0,1,1,2,29,6,6,1,42,0,0,0,42
04/20/2020,BHM,AL,ASO,ES,Combined TRACON& Tower with Radar,28,10,30,14,82,0,3,33,2,38,28,13,63,16,120,12,0,12,132
04/21/2020,BHM,AL,ASO,ES,Combined TRACON& Tower with Radar,31,24,29,32,116,0,1,39,0,40,31,25,68,32,156,16,0,16,172
04/22/2020,BHM,AL,ASO,ES,Combined TRACON& Tower with Radar,30,21,47,14,112,0,3,26,4,33,30,24,73,18,145,22,0,22,167
04/23/2020,BHM,AL,ASO,ES,Combined TRACON& Tower with Radar,32,19,10,10,71,0,0,1,0,1,32,19,11,10,72,0,0,0,72
04/24/2020,BHM,AL,ASO,ES,Combined TRACON& Tower with Radar,31,20,49,10,110,0,4,21,1,26,31,24,70,11,136,8,4,12,148
04/25/2020,BHM,AL,ASO,ES,Combined TRACON& Tower with Radar,27,17,9,6,59,0,1,11,2,14,27,18,20,8,73,39,0,39,112
04/26/2020,BHM,AL,ASO,ES,Combined TRACON& Tower with Radar,28,11,24,0,63,0,2,23,0,25,28,13,47,0,88,14,0,14,102
04/27/2020,BHM,AL,ASO,ES,Combined TRACON& Tower with Radar,26,13,45,20,104,0,0,32,1,33,26,13,77,21,137,52,0,52,189
04/28/2020,BHM,AL,ASO,ES,Combined TRACON& Tower with Radar,36,18,50,21,125,0,1,37,7,45,36,19,87,28,170,16,2,18,188
04/29/2020,BHM,AL,ASO,ES,Combined TRACON& Tower with Radar,32,19,30,2,83,0,0,8,0,8,32,19,38,2,91,0,0,0,91
04/30/2020,BHM,AL,ASO,ES,Combined TRACON& Tower with Radar,31,18,53,31,133,0,3,40,9,52,31,21,93,40,185,6,10,16,201
05/01/2020,BHM,AL,ASO,ES,Combined TRACON& Tower with Radar,38,15,41,11,105,0,1,43,4,48,38,16,84,15,153,79,14,93,246
05/02/2020,BHM,AL,ASO,ES,Combined TRACON& Tower with Radar,22,13,14,7,56,0,4,33,1,38,22,17,47,8,94,38,2,40,134
05/03/2020,BHM,AL,ASO,ES,Combined TRACON& Tower with Radar,24,5,33,10,72,0,1,44,0,45,24,6,77,10,117,12,10,22,139
05/04/2020,BHM,AL,ASO,ES,Combined TRACON& Tower with Radar,31,13,35,30,109,0,1,54,3,58,31,14,89,33,167,32,10,42,209
05/05/2020,BHM,AL,ASO,ES,Combined TRACON& Tower with Radar,34,22,40,58,154,0,1,13,9,23,34,23,53,67,177,64,0,64,241
05/06/2020,BHM,AL,ASO,ES,Combined TRACON& Tower with Radar,34,15,35,12,96,0,2,16,6,24,34,17,51,18,120,18,0,18,138
05/07/2020,BHM,AL,ASO,ES,Combined TRACON& Tower with Radar,28,26,51,11,116,0,0,40,7,47,28,26,91,18,163,32,0,32,195
05/08/2020,BHM,AL,ASO,ES,Combined TRACON& Tower with Radar,31,22,37,13,103,0,0,1,2,3,31,22,38,15,106,0,0,0,106
05/09/2020,BHM,AL,ASO,ES,Combined TRACON& Tower with Radar,29,17,26,5,77,0,2,44,1,47,29,19,70,6,124,28,4,32,156
05/10/2020,BHM,AL,ASO,ES,Combined TRACON& Tower with Radar,26,5,23,0,54,0,0,32,0,32,26,5,55,0,86,12,0,12,98
05/11/2020,BHM,AL,ASO,ES,Combined TRACON& Tower with Radar,28,19,36,7,90,0,0,54,2,56,28,19,90,9,146,0,0,0,146
05/12/2020,BHM,AL,ASO,ES,Combined TRACON& Tower with Radar,32,23,58,27,140,0,3,42,3,48,32,26,100,30,188,0,0,0,188
05/13/2020,BHM,AL,ASO,ES,Combined TRACON& Tower with Radar,28,30,48,20,126,0,2,47,13,62,28,32,95,33,188,0,0,0,188
05/14/2020,BHM,AL,ASO,ES,Combined TRACON& Tower with Radar,30,27,47,15,119,0,1,57,14,72,30,28,104,29,191,10,24,34,225
05/15/2020,BHM,AL,ASO,ES,Combined TRACON& Tower with Radar,31,24,58,34,147,0,2,31,6,39,31,26,89,40,186,0,18,18,204
05/16/2020,BHM,AL,ASO,ES,Combined TRACON& Tower with Radar,29,18,30,10,87,0,5,27,1,33,29,23,57,11,120,0,0,0,120
05/17/2020,BHM,AL,ASO,ES,Combined TRACON& Tower with Radar,26,18,31,10,85,0,0,20,0,20,26,18,51,10,105,18,10,28,133
05/18/2020,BHM,AL,ASO,ES,Combined TRACON& Tower with Radar,26,14,30,6,76,0,0,10,0,10,26,14,40,6,86,4,0,4,90
05/19/2020,BHM,AL,ASO,ES,Combined TRACON& Tower with Radar,30,26,49,24,129,0,0,54,1,55,30,26,103,25,184,10,10,20,204
05/20/2020,BHM,AL,ASO,ES,Combined TRACON& Tower with Radar,30,22,63,48,163,0,1,35,2,38,30,23,98,50,201,8,10,18,219
05/21/2020,BHM,AL,ASO,ES,Combined TRACON& Tower with Radar,30,34,95,13,172,0,2,30,1,33,30,36,125,14,205,5,18,23,228
05/22/2020,BHM,AL,ASO,ES,Combined TRACON& Tower with Radar,33,25,83,0,141,0,0,15,0,15,33,25,98,0,156,4,0,4,160
05/23/2020,BHM,AL,ASO,ES,Combined TRACON& Tower with Radar,28,22,38,0,88,0,2,21,0,23,28,24,59,0,111,8,0,8,119
05/24/2020,BHM,AL,ASO,ES,Combined TRACON& Tower with Radar,29,16,21,0,66,0,4,16,0,20,29,20,37,0,86,0,0,0,86
05/25/2020,BHM,AL,ASO,ES,Combined TRACON& Tower with Radar,27,18,40,2,87,0,1,40,0,41,27,19,80,2,128,0,0,0,128
05/26/2020,BHM,AL,ASO,ES,Combined TRACON& Tower with Radar,30,19,86,1,136,0,0,0,0,0,30,19,86,1,136,0,0,0,136
05/27/2020,BHM,AL,ASO,ES,Combined TRACON& Tower with Radar,30,30,53,33,146,0,0,1,2,3,30,30,54,35,149,0,0,0,149
05/28/2020,BHM,AL,ASO,ES,Combined TRACON& Tower with Radar,30,29,71,2,132,0,4,23,6,33,30,33,94,8,165,26,0,26,191
05/29/2020,BHM,AL,ASO,ES,Combined TRACON& Tower with Radar,31,26,47,33,137,0,2,34,0,36,31,28,81,33,173,26,8,34,207
05/30/2020,BHM,AL,ASO,ES,Combined TRACON& Tower with Radar,29,13,39,0,81,0,6,37,3,46,29,19,76,3,127,0,0,0,127
05/31/2020,BHM,AL,ASO,ES,Combined TRACON& Tower with Radar,28,8,33,6,75,0,3,43,0,46,28,11,76,6,121,0,0,0,121
06/01/2020,BHM,AL,ASO,ES,Combined TRACON& Tower with Radar,30,25,52,0,107,0,1,32,0,33,30,26,84,0,140,40,0,40,180
06/02/2020,BHM,AL,ASO,ES,Combined TRACON& Tower with Radar,33,28,62,4,127,0,4,48,1,53,33,32,110,5,180,6,0,6,186
06/03/2020,BHM,AL,ASO,ES,Combined TRACON& Tower with Radar,35,26,62,18,141,0,3,29,3,35,35,29,91,21,176,16,4,20,196
06/04/2020,BHM,AL,ASO,ES,Combined TRACON& Tower with Radar,32,40,36,29,137,0,1,19,0,20,32,41,55,29,157,58,0,58,215
06/05/2020,BHM,AL,ASO,ES,Combined TRACON& Tower with Radar,35,39,47,0,121,0,0,18,0,18,35,39,65,0,139,0,0,0,139
06/06/2020,BHM,AL,ASO,ES,Combined TRACON& Tower with Radar,30,26,36,0,92,0,4,41,6,51,30,30,77,6,143,6,0,6,149
06/07/2020,BHM,AL,ASO,ES,Combined TRACON& Tower with Radar,29,23,17,0,69,0,2,39,5,46,29,25,56,5,115,24,0,24,139
06/08/2020,BHM,AL,ASO,ES,Combined TRACON& Tower with Radar,33,25,23,4,85,0,0,1,0,1,33,25,24,4,86,0,0,0,86
06/09/2020,BHM,AL,ASO,ES,Combined TRACON& Tower with Radar,36,36,76,41,189,0,0,4,1,5,36,36,80,42,194,34,0,34,228
06/10/2020,BHM,AL,ASO,ES,Combined TRACON& Tower with Radar,35,36,71,27,169,0,1,18,0,19,35,37,89,27,188,6,4,10,198
06/11/2020,BHM,AL,ASO,ES,Combined TRACON& Tower with Radar,36,35,84,4,159,0,3,59,7,69,36,38,143,11,228,34,0,34,262
06/12/2020,BHM,AL,ASO,ES,Combined TRACON& Tower with Radar,37,29,74,16,156,0,1,49,2,52,37,30,123,18,208,53,4,57,265
06/13/2020,BHM,AL,ASO,ES,Combined TRACON& Tower with Radar,33,18,30,4,85,0,4,48,5,57,33,22,78,9,142,52,0,52,194
06/14/2020,BHM,AL,ASO,ES,Combined TRACON& Tower with Radar,34,19,46,2,101,0,1,57,9,67,34,20,103,11,168,34,0,34,202
06/15/2020,BHM,AL,ASO,ES,Combined TRACON& Tower with Radar,32,23,52,13,120,0,2,48,3,53,32,25,100,16,173,16,0,16,189
06/16/2020,BHM,AL,ASO,ES,Combined TRACON& Tower with Radar,36,33,63,10,142,0,4,37,10,51,36,37,100,20,193,23,4,27,220
06/17/2020,BHM,AL,ASO,ES,Combined TRACON& Tower with Radar,36,33,80,23,172,0,1,38,4,43,36,34,118,27,215,18,2,20,235
06/18/2020,BHM,AL,ASO,ES,Combined TRACON& Tower with Radar,36,38,88,13,175,0,6,45,5,56,36,44,133,18,231,19,0,19,250
06/19/2020,BHM,AL,ASO,ES,Combined TRACON& Tower with Radar,38,37,62,23,160,0,3,58,7,68,38,40,120,30,228,20,16,36,264
06/20/2020,BHM,AL,ASO,ES,Combined TRACON& Tower with Radar,33,25,42,0,100,0,7,41,0,48,33,32,83,0,148,6,0,6,154
06/21/2020,BHM,AL,ASO,ES,Combined TRACON& Tower with Radar,32,23,39,4,98,0,4,27,0,31,32,27,66,4,129,0,0,0,129
06/22/2020,BHM,AL,ASO,ES,Combined TRACON& Tower with Radar,39,38,67,6,150,0,0,19,0,19,39,38,86,6,169,22,0,22,191
06/23/2020,BHM,AL,ASO,ES,Combined TRACON& Tower with Radar,38,35,59,7,139,0,0,1,0,1,38,35,60,7,140,0,0,0,140
06/24/2020,BHM,AL,ASO,ES,Combined TRACON& Tower with Radar,38,33,68,12,151,0,0,2,0,2,38,33,70,12,153,0,0,0,153
06/25/2020,BHM,AL,ASO,ES,Combined TRACON& Tower with Radar,38,41,81,2,162,0,0,3,1,4,38,41,84,3,166,0,0,0,166
06/26/2020,BHM,AL,ASO,ES,Combined TRACON& Tower with Radar,39,44,50,7,140,0,0,19,1,20,39,44,69,8,160,34,0,34,194
06/27/2020,BHM,AL,ASO,ES,Combined TRACON& Tower with Radar,35,28,24,2,89,0,1,16,0,17,35,29,40,2,106,0,0,0,106
06/28/2020,BHM,AL,ASO,ES,Combined TRACON& Tower with Radar,30,16,52,2,100,0,3,20,0,23,30,19,72,2,123,14,0,14,137
06/29/2020,BHM,AL,ASO,ES,Combined TRACON& Tower with Radar,36,30,55,8,129,0,1,26,1,28,36,31,81,9,157,0,0,0,157
06/30/2020,BHM,AL,ASO,ES,Combined TRACON& Tower with Radar,38,44,46,11,139,0,6,26,1,33,38,50,72,12,172,28,0,28,200
07/01/2020,BHM,AL,ASO,ES,Combined TRACON& Tower with Radar,36,34,64,8,142,0,1,6,0,7,36,35,70,8,149,0,0,0,149
07/02/2020,BHM,AL,ASO,ES,Combined TRACON& Tower with Radar,53,37,60,21,171,0,1,31,4,36,53,38,91,25,207,0,0,0,207
07/03/2020,BHM,AL,ASO,ES,Combined TRACON& Tower with Radar,42,33,40,0,115,0,0,21,0,21,42,33,61,0,136,0,0,0,136
07/04/2020,BHM,AL,ASO,ES,Combined TRACON& Tower with Radar,31,15,12,0,58,0,2,18,0,20,31,17,30,0,78,0,0,0,78
07/05/2020,BHM,AL,ASO,ES,Combined TRACON& Tower with Radar,38,24,52,0,114,0,0,16,0,16,38,24,68,0,130,0,0,0,130
07/06/2020,BHM,AL,ASO,ES,Combined TRACON& Tower with Radar,44,27,51,0,122,0,1,11,0,12,44,28,62,0,134,14,0,14,148
07/07/2020,BHM,AL,ASO,ES,Combined TRACON& Tower with Radar,53,29,50,7,139,0,1,2,4,7,53,30,52,11,146,0,0,0,146
07/08/2020,BHM,AL,ASO,ES,Combined TRACON& Tower with Radar,61,35,77,16,189,0,2,9,5,16,61,37,86,21,205,52,0,52,257
07/09/2020,BHM,AL,ASO,ES,Combined TRACON& Tower with Radar,80,41,60,6,187,0,0,12,11,23,80,41,72,17,210,28,0,28,238
07/10/2020,BHM,AL,ASO,ES,Combined TRACON& Tower with Radar,64,28,72,15,179,0,2,39,3,44,64,30,111,18,223,0,0,0,223
07/11/2020,BHM,AL,ASO,ES,Combined TRACON& Tower with Radar,57,20,26,2,105,0,2,54,0,56,57,22,80,2,161,34,0,34,195
07/12/2020,BHM,AL,ASO,ES,Combined TRACON& Tower with Radar,56,10,42,0,108,0,0,14,0,14,56,10,56,0,122,18,0,18,140
07/13/2020,BHM,AL,ASO,ES,Combined TRACON& Tower with Radar,59,22,58,10,149,0,0,20,0,20,59,22,78,10,169,20,0,20,189
07/14/2020,BHM,AL,ASO,ES,Combined TRACON& Tower with Radar,59,41,53,16,169,0,2,32,5,39,59,43,85,21,208,32,0,32,240
07/15/2020,BHM,AL,ASO,ES,Combined TRACON& Tower with Radar,60,34,65,29,188,0,1,28,3,32,60,35,93,32,220,52,2,54,274
07/16/2020,BHM,AL,ASO,ES,Combined TRACON& Tower with Radar,62,43,61,20,186,0,3,25,9,37,62,46,86,29,223,26,0,26,249
07/17/2020,BHM,AL,ASO,ES,Combined TRACON& Tower with Radar,63,32,64,40,199,0,1,37,2,40,63,33,101,42,239,0,18,18,257
07/18/2020,BHM,AL,ASO,ES,Combined TRACON& Tower with Radar,56,21,38,3,118,0,1,15,3,19,56,22,53,6,137,0,0,0,137
07/19/2020,BHM,AL,ASO,ES,Combined TRACON& Tower with Radar,60,13,31,7,111,0,0,19,1,20,60,13,50,8,131,0,0,0,131
07/20/2020,BHM,AL,ASO,ES,Combined TRACON& Tower with Radar,58,18,52,17,145,0,1,26,0,27,58,19,78,17,172,16,0,16,188
07/21/2020,BHM,AL,ASO,ES,Combined TRACON& Tower with Radar,57,34,63,28,182,0,2,21,0,23,57,36,84,28,205,0,0,0,205
07/22/2020,BHM,AL,ASO,ES,Combined TRACON& Tower with Radar,59,32,81,9,181,0,1,28,6,35,59,33,109,15,216,6,0,6,222
07/23/2020,BHM,AL,ASO,ES,Combined TRACON& Tower with Radar,62,35,87,23,207,0,2,37,7,46,62,37,124,30,253,6,0,6,259
07/24/2020,BHM,AL,ASO,ES,Combined TRACON& Tower with Radar,65,37,65,68,235,0,1,28,3,32,65,38,93,71,267,59,22,81,348
07/25/2020,BHM,AL,ASO,ES,Combined TRACON& Tower with Radar,54,25,30,12,121,0,0,35,5,40,54,25,65,17,161,0,0,0,161
07/26/2020,BHM,AL,ASO,ES,Combined TRACON& Tower with Radar,60,22,33,4,119,0,1,27,9,37,60,23,60,13,156,14,0,14,170
07/27/2020,BHM,AL,ASO,ES,Combined TRACON& Tower with Radar,58,22,58,4,142,0,0,27,7,34,58,22,85,11,176,10,0,10,186
07/28/2020,BHM,AL,ASO,ES,Combined TRACON& Tower with Radar,58,32,71,21,182,0,1,29,9,39,58,33,100,30,221,22,22,44,265
07/29/2020,BHM,AL,ASO,ES,Combined TRACON& Tower with Radar,56,39,93,20,208,0,0,12,0,12,56,39,105,20,220,0,0,0,220
07/30/2020,BHM,AL,ASO,ES,Combined TRACON& Tower with Radar,59,36,74,11,180,0,0,28,4,32,59,36,102,15,212,10,0,10,222
07/31/2020,BHM,AL,ASO,ES,Combined TRACON& Tower with Radar,60,43,64,3,170,0,3,18,2,23,60,46,82,5,193,0,0,0,193
08/01/2020,BHM,AL,ASO,ES,Combined TRACON& Tower with Radar,54,30,49,18,151,0,1,20,0,21,54,31,69,18,172,12,0,12,184
08/02/2020,BHM,AL,ASO,ES,Combined TRACON& Tower with Radar,54,21,45,4,124,0,0,29,0,29,54,21,74,4,153,0,0,0,153
08/03/2020,BHM,AL,ASO,ES,Combined TRACON& Tower with Radar,66,29,40,3,138,0,0,29,1,30,66,29,69,4,168,0,0,0,168
08/04/2020,BHM,AL,ASO,ES,Combined TRACON& Tower with Radar,54,30,52,18,154,0,1,38,3,42,54,31,90,21,196,34,0,34,230
08/05/2020,BHM,AL,ASO,ES,Combined TRACON& Tower with Radar,54,35,71,34,194,0,2,34,7,43,54,37,105,41,237,24,0,24,261
08/06/2020,BHM,AL,ASO,ES,Combined TRACON& Tower with Radar,62,39,58,6,165,0,5,39,6,50,62,44,97,12,215,42,0,42,257
08/07/2020,BHM,AL,ASO,ES,Combined TRACON& Tower with Radar,64,33,64,32,193,0,6,40,7,53,64,39,104,39,246,41,20,61,307
08/08/2020,BHM,AL,ASO,ES,Combined TRACON& Tower with Radar,56,30,51,0,137,0,2,46,13,61,56,32,97,13,198,0,0,0,198
08/09/2020,BHM,AL,ASO,ES,Combined TRACON& Tower with Radar,54,22,35,2,113,0,1,36,0,37,54,23,71,2,150,12,0,12,162
08/10/2020,BHM,AL,ASO,ES,Combined TRACON& Tower with Radar,69,33,60,6,168,0,1,16,2,19,69,34,76,8,187,5,0,5,192
08/11/2020,BHM,AL,ASO,ES,Combined TRACON& Tower with Radar,55,30,58,21,164,0,1,38,3,42,55,31,96,24,206,20,2,22,228
08/12/2020,BHM,AL,ASO,ES,Combined TRACON& Tower with Radar,57,32,54,6,149,0,1,22,1,24,57,33,76,7,173,0,0,0,173
08/13/2020,BHM,AL,ASO,ES,Combined TRACON& Tower with Radar,66,29,64,20,179,0,3,27,6,36,66,32,91,26,215,58,0,58,273
08/14/2020,BHM,AL,ASO,ES,Combined TRACON& Tower with Radar,67,34,68,24,193,0,3,20,2,25,67,37,88,26,218,0,0,0,218
08/15/2020,BHM,AL,ASO,ES,Combined TRACON& Tower with Radar,59,27,39,16,141,0,1,17,2,20,59,28,56,18,161,0,0,0,161
08/16/2020,BHM,AL,ASO,ES,Combined TRACON& Tower with Radar,56,20,47,9,132,0,0,27,1,28,56,20,74,10,160,0,0,0,160
08/17/2020,BHM,AL,ASO,ES,Combined TRACON& Tower with Radar,64,31,67,12,174,0,4,40,0,44,64,35,107,12,218,0,0,0,218
08/18/2020,BHM,AL,ASO,ES,Combined TRACON& Tower with Radar,56,38,57,32,183,0,4,52,3,59,56,42,109,35,242,22,6,28,270
08/19/2020,BHM,AL,ASO,ES,Combined TRACON& Tower with Radar,57,27,63,19,166,0,1,30,0,31,57,28,93,19,197,0,0,0,197
08/20/2020,BHM,AL,ASO,ES,Combined TRACON& Tower with Radar,66,34,65,20,185,0,2,18,3,23,66,36,83,23,208,10,0,10,218
08/21/2020,BHM,AL,ASO,ES,Combined TRACON& Tower with Radar,65,26,43,26,160,0,2,16,0,18,65,28,59,26,178,20,0,20,198
08/22/2020,BHM,AL,ASO,ES,Combined TRACON& Tower with Radar,59,26,32,0,117,0,2,18,0,20,59,28,50,0,137,2,0,2,139
08/23/2020,BHM,AL,ASO,ES,Combined TRACON& Tower with Radar,60,19,63,0,142,0,3,18,0,21,60,22,81,0,163,0,0,0,163
08/24/2020,BHM,AL,ASO,ES,Combined TRACON& Tower with Radar,64,19,48,21,152,0,0,13,2,15,64,19,61,23,167,0,0,0,167
08/25/2020,BHM,AL,ASO,ES,Combined TRACON& Tower with Radar,58,30,54,17,159,0,0,0,0,0,58,30,54,17,159,0,0,0,159
08/26/2020,BHM,AL,ASO,ES,Combined TRACON& Tower with Radar,52,29,77,41,199,0,1,10,6,17,52,30,87,47,216,0,0,0,216
08/27/2020,BHM,AL,ASO,ES,Combined TRACON& Tower with Radar,62,47,59,15,183,0,0,31,5,36,62,47,90,20,219,37,0,37,256
08/28/2020,BHM,AL,ASO,ES,Combined TRACON& Tower with Radar,70,27,52,12,161,0,1,0,0,1,70,28,52,12,162,0,0,0,162
08/29/2020,BHM,AL,ASO,ES,Combined TRACON& Tower with Radar,60,26,38,0,124,0,0,1,1,2,60,26,39,1,126,0,0,0,126
08/30/2020,BHM,AL,ASO,ES,Combined TRACON& Tower with Radar,72,21,39,0,132,0,2,11,2,15,72,23,50,2,147,0,0,0,147
08/31/2020,BHM,AL,ASO,ES,Combined TRACON& Tower with Radar,64,23,45,9,141,0,0,12,0,12,64,23,57,9,153,33,0,33,186
09/01/2020,BHM,AL,ASO,ES,Combined TRACON& Tower with Radar,57,32,66,33,188,0,3,22,7,32,57,35,88,40,220,68,0,68,288
09/02/2020,BHM,AL,ASO,ES,Combined TRACON& Tower with Radar,56,40,89,12,197,0,1,20,7,28,56,41,109,19,225,28,0,28,253
09/03/2020,BHM,AL,ASO,ES,Combined TRACON& Tower with Radar,65,41,75,38,219,0,4,29,2,35,65,45,104,40,254,14,4,18,272
09/04/2020,BHM,AL,ASO,ES,Combined TRACON& Tower with Radar,63,53,80,5,201,0,2,37,0,39,63,55,117,5,240,12,0,12,252
09/05/2020,BHM,AL,ASO,ES,Combined TRACON& Tower with Radar,53,29,29,5,116,0,3,58,1,62,53,32,87,6,178,0,0,0,178
09/06/2020,BHM,AL,ASO,ES,Combined TRACON& Tower with Radar,40,16,21,0,77,0,5,34,1,40,40,21,55,1,117,0,0,0,117
09/07/2020,BHM,AL,ASO,ES,Combined TRACON& Tower with Radar,48,29,78,0,155,0,3,40,3,46,48,32,118,3,201,0,0,0,201
09/08/2020,BHM,AL,ASO,ES,Combined TRACON& Tower with Radar,44,40,77,41,202,0,5,38,2,45,44,45,115,43,247,28,10,38,285
09/09/2020,BHM,AL,ASO,ES,Combined TRACON& Tower with Radar,46,35,74,17,172,0,5,46,4,55,46,40,120,21,227,0,0,0,227
09/10/2020,BHM,AL,ASO,ES,Combined TRACON& Tower with Radar,49,52,82,27,210,0,4,22,6,32,49,56,104,33,242,50,0,50,292
09/11/2020,BHM,AL,ASO,ES,Combined TRACON& Tower with Radar,53,50,70,39,212,0,1,37,0,38,53,51,107,39,250,24,0,24,274
09/12/2020,BHM,AL,ASO,ES,Combined TRACON& Tower with Radar,49,26,34,0,109,0,5,14,1,20,49,31,48,1,129,0,0,0,129
09/13/2020,BHM,AL,ASO,ES,Combined TRACON& Tower with Radar,46,27,62,0,135,0,1,40,1,42,46,28,102,1,177,0,0,0,177
09/14/2020,BHM,AL,ASO,ES,Combined TRACON& Tower with Radar,49,29,38,37,153,0,2,27,1,30,49,31,65,38,183,40,0,40,223
09/15/2020,BHM,AL,ASO,ES,Combined TRACON& Tower with Radar,40,42,55,48,185,0,1,6,4,11,40,43,61,52,196,10,0,10,206
09/16/2020,BHM,AL,ASO,ES,Combined TRACON& Tower with Radar,44,37,27,2,110,0,0,0,0,0,44,37,27,2,110,0,0,0,110
09/17/2020,BHM,AL,ASO,ES,Combined TRACON& Tower with Radar,50,49,39,10,148,0,1,8,2,11,50,50,47,12,159,0,0,0,159
09/18/2020,BHM,AL,ASO,ES,Combined TRACON& Tower with Radar,51,39,51,45,186,0,1,36,3,40,51,40,87,48,226,0,0,0,226
09/19/2020,BHM,AL,ASO,ES,Combined TRACON& Tower with Radar,48,27,49,2,126,0,2,24,2,28,48,29,73,4,154,8,0,8,162
09/20/2020,BHM,AL,ASO,ES,Combined TRACON& Tower with Radar,45,27,44,2,118,0,0,37,0,37,45,27,81,2,155,16,0,16,171
09/21/2020,BHM,AL,ASO,ES,Combined TRACON& Tower with Radar,52,36,80,22,190,0,2,35,2,39,52,38,115,24,229,0,10,10,239
09/22/2020,BHM,AL,ASO,ES,Combined TRACON& Tower with Radar,41,49,70,20,180,0,6,37,7,50,41,55,107,27,230,38,0,38,268
09/23/2020,BHM,AL,ASO,ES,Combined TRACON& Tower with Radar,45,42,82,29,198,0,5,38,7,50,45,47,120,36,248,22,18,40,288
09/24/2020,BHM,AL,ASO,ES,Combined TRACON& Tower with Radar,50,56,54,5,165,0,0,0,0,0,50,56,54,5,165,0,0,0,165
09/25/2020,BHM,AL,ASO,ES,Combined TRACON& Tower with Radar,54,44,89,22,209,0,1,10,8,19,54,45,99,30,228,8,0,8,236
09/26/2020,BHM,AL,ASO,ES,Combined TRACON& Tower with Radar,49,30,59,4,142,0,0,20,6,26,49,30,79,10,168,0,0,0,168
09/27/2020,BHM,AL,ASO,ES,Combined TRACON& Tower with Radar,48,30,52,9,139,0,0,34,3,37,48,30,86,12,176,28,0,28,204
09/28/2020,BHM,AL,ASO,ES,Combined TRACON& Tower with Radar,47,34,86,5,172,0,0,5,0,5,47,34,91,5,177,0,0,0,177
09/29/2020,BHM,AL,ASO,ES,Combined TRACON& Tower with Radar,41,57,74,14,186,0,2,26,8,36,41,59,100,22,222,28,0,28,250
09/30/2020,BHM,AL,ASO,ES,Combined TRACON& Tower with Radar,45,38,80,14,177,0,2,47,4,53,45,40,127,18,230,0,0,0,230
10/01/2020,BHM,AL,ASO,ES,Combined TRACON& Tower with Radar,53,45,79,24,201,0,3,51,5,59,53,48,130,29,260,12,0,12,272
10/02/2020,BHM,AL,ASO,ES,Combined TRACON& Tower with Radar,59,35,67,18,179,0,4,45,9,58,59,39,112,27,237,4,0,4,241
10/03/2020,BHM,AL,ASO,ES,Combined TRACON& Tower with Radar,58,26,33,2,119,0,3,44,2,49,58,29,77,4,168,8,0,8,176
10/04/2020,BHM,AL,ASO,ES,Combined TRACON& Tower with Radar,50,20,60,2,132,0,4,37,3,44,50,24,97,5,176,0,0,0,176
10/05/2020,BHM,AL,ASO,ES,Combined TRACON& Tower with Radar,54,33,64,11,162,0,5,68,4,77,54,38,132,15,239,0,0,0,239
10/06/2020,BHM,AL,ASO,ES,Combined TRACON& Tower with Radar,47,38,81,30,196,0,1,47,6,54,47,39,128,36,250,38,38,76,326
10/07/2020,BHM,AL,ASO,ES,Combined TRACON& Tower with Radar,50,31,87,31,199,0,8,49,9,66,50,39,136,40,265,0,0,0,265
10/08/2020,BHM,AL,ASO,ES,Combined TRACON& Tower with Radar,63,43,76,26,208,0,4,53,2,59,63,47,129,28,267,8,0,8,275
10/09/2020,BHM,AL,ASO,ES,Combined TRACON& Tower with Radar,66,39,54,0,159,0,1,9,0,10,66,40,63,0,169,0,0,0,169
10/10/2020,BHM,AL,ASO,ES,Combined TRACON& Tower with Radar,66,30,19,0,115,0,0,0,0,0,66,30,19,0,115,0,0,0,115
10/11/2020,BHM,AL,ASO,ES,Combined TRACON& Tower with Radar,62,26,43,0,131,0,0,0,0,0,62,26,43,0,131,0,0,0,131
10/12/2020,BHM,AL,ASO,ES,Combined TRACON& Tower with Radar,63,38,76,0,177,0,0,28,0,28,63,38,104,0,205,36,0,36,241
10/13/2020,BHM,AL,ASO,ES,Combined TRACON& Tower with Radar,53,55,99,34,241,0,12,51,2,65,53,67,150,36,306,0,12,12,318
10/14/2020,BHM,AL,ASO,ES,Combined TRACON& Tower with Radar,55,48,89,15,207,0,3,57,1,61,55,51,146,16,268,52,10,62,330
10/15/2020,BHM,AL,ASO,ES,Combined TRACON& Tower with Radar,63,44,76,55,238,0,7,46,4,57,63,51,122,59,295,30,15,45,340
10/16/2020,BHM,AL,ASO,ES,Combined TRACON& Tower with Radar,67,45,85,20,217,0,2,31,9,42,67,47,116,29,259,12,0,12,271
10/17/2020,BHM,AL,ASO,ES,Combined TRACON& Tower with Radar,58,32,48,11,149,0,2,39,4,45,58,34,87,15,194,0,0,0,194
10/18/2020,BHM,AL,ASO,ES,Combined TRACON& Tower with Radar,63,30,55,9,157,0,8,40,4,52,63,38,95,13,209,0,0,0,209
10/19/2020,BHM,AL,ASO,ES,Combined TRACON& Tower with Radar,59,31,76,32,198,0,2,48,1,51,59,33,124,33,249,0,0,0,249
10/20/2020,BHM,AL,ASO,ES,Combined TRACON& Tower with Radar,51,35,73,51,210,0,4,41,3,48,51,39,114,54,258,6,0,6,264
10/21/2020,BHM,AL,ASO,ES,Combined TRACON& Tower with Radar,51,35,96,45,227,0,2,40,3,45,51,37,136,48,272,34,6,40,312
10/22/2020,BHM,AL,ASO,ES,Combined TRACON& Tower with Radar,61,41,104,42,248,0,3,42,14,59,61,44,146,56,307,12,0,12,319
10/23/2020,BHM,AL,ASO,ES,Combined TRACON& Tower with Radar,63,38,75,40,216,0,3,26,4,33,63,41,101,44,249,4,0,4,253
10/24/2020,BHM,AL,ASO,ES,Combined TRACON& Tower with Radar,48,22,37,0,107,0,1,0,0,1,48,23,37,0,108,0,0,0,108
10/25/2020,BHM,AL,ASO,ES,Combined TRACON& Tower with Radar,52,31,79,9,171,0,1,15,0,16,52,32,94,9,187,12,2,14,201
10/26/2020,BHM,AL,ASO,ES,Combined TRACON& Tower with Radar,53,21,70,23,167,0,1,18,0,19,53,22,88,23,186,0,0,0,186
10/27/2020,BHM,AL,ASO,ES,Combined TRACON& Tower with Radar,47,31,81,33,192,0,0,2,0,2,47,31,83,33,194,45,12,57,251
10/28/2020,BHM,AL,ASO,ES,Combined TRACON& Tower with Radar,49,27,62,16,154,0,0,1,0,1,49,27,63,16,155,0,0,0,155
10/29/2020,BHM,AL,ASO,ES,Combined TRACON& Tower with Radar,55,49,58,27,189,0,6,8,6,20,55,55,66,33,209,0,0,0,209
10/30/2020,BHM,AL,ASO,ES,Combined TRACON& Tower with Radar,58,52,108,25,243,0,2,20,1,23,58,54,128,26,266,6,36,42,308
10/31/2020,BHM,AL,ASO,ES,Combined TRACON& Tower with Radar,40,30,24,0,94,0,4,44,2,50,40,34,68,2,144,0,0,0,144
11/01/2020,BHM,AL,ASO,ES,Combined TRACON& Tower with Radar,50,27,51,0,128,0,4,29,1,34,50,31,80,1,162,14,0,14,176
11/02/2020,BHM,AL,ASO,ES,Combined TRACON& Tower with Radar,51,37,75,34,197,0,3,30,2,35,51,40,105,36,232,22,0,22,254
11/03/2020,BHM,AL,ASO,ES,Combined TRACON& Tower with Radar,46,35,42,28,151,0,3,46,4,53,46,38,88,32,204,26,50,76,280
11/04/2020,BHM,AL,ASO,ES,Combined TRACON& Tower with Radar,48,46,84,24,202,0,2,55,5,62,48,48,139,29,264,0,0,0,264
11/05/2020,BHM,AL,ASO,ES,Combined TRACON& Tower with Radar,63,41,76,7,187,0,0,61,20,81,63,41,137,27,268,0,0,0,268
11/06/2020,BHM,AL,ASO,ES,Combined TRACON& Tower with Radar,66,43,73,48,230,0,0,47,14,61,66,43,120,62,291,0,0,0,291
11/07/2020,BHM,AL,ASO,ES,Combined TRACON& Tower with Radar,58,23,41,7,129,0,0,11,4,15,58,23,52,11,144,0,0,0,144
11/08/2020,BHM,AL,ASO,ES,Combined TRACON& Tower with Radar,68,25,71,13,177,0,2,25,4,31,68,27,96,17,208,0,0,0,208
11/09/2020,BHM,AL,ASO,ES,Combined TRACON& Tower with Radar,65,32,56,36,189,0,1,18,1,20,65,33,74,37,209,0,0,0,209
11/10/2020,BHM,AL,ASO,ES,Combined TRACON& Tower with Radar,54,50,59,47,210,0,0,7,2,9,54,50,66,49,219,0,0,0,219
11/11/2020,BHM,AL,ASO,ES,Combined TRACON& Tower with Radar,55,41,64,0,160,0,0,1,0,1,55,41,65,0,161,0,0,0,161
11/12/2020,BHM,AL,ASO,ES,Combined TRACON& Tower with Radar,66,45,95,18,224,0,0,2,0,2,66,45,97,18,226,0,0,0,226
11/13/2020,BHM,AL,ASO,ES,Combined TRACON& Tower with Radar,68,25,67,20,180,0,1,47,6,54,68,26,114,26,234,10,0,10,244
11/14/2020,BHM,AL,ASO,ES,Combined TRACON& Tower with Radar,64,23,31,2,120,0,3,44,3,50,64,26,75,5,170,0,0,0,170
11/15/2020,BHM,AL,ASO,ES,Combined TRACON& Tower with Radar,64,17,49,16,146,0,3,10,7,20,64,20,59,23,166,0,0,0,166
11/16/2020,BHM,AL,ASO,ES,Combined TRACON& Tower with Radar,65,32,55,38,190,0,9,29,4,42,65,41,84,42,232,23,10,33,265
11/17/2020,BHM,AL,ASO,ES,Combined TRACON& Tower with Radar,53,32,66,49,200,0,2,30,7,39,53,34,96,56,239,4,0,4,243
11/18/2020,BHM,AL,ASO,ES,Combined TRACON& Tower with Radar,54,29,75,61,219,0,3,59,2,64,54,32,134,63,283,0,0,0,283
11/19/2020,BHM,AL,ASO,ES,Combined TRACON& Tower with Radar,66,47,74,14,201,0,0,56,11,67,66,47,130,25,268,54,0,54,322
11/20/2020,BHM,AL,ASO,ES,Combined TRACON& Tower with Radar,80,41,60,46,227,0,0,41,28,69,80,41,101,74,296,0,0,0,296
11/21/2020,BHM,AL,ASO,ES,Combined TRACON& Tower with Radar,70,26,61,6,163,0,1,45,4,50,70,27,106,10,213,0,0,0,213
11/22/2020,BHM,AL,ASO,ES,Combined TRACON& Tower with Radar,66,24,64,2,156,0,5,33,14,52,66,29,97,16,208,14,0,14,222
11/23/2020,BHM,AL,ASO,ES,Combined TRACON& Tower with Radar,65,26,61,18,170,0,1,39,2,42,65,27,100,20,212,22,0,22,234
11/24/2020,BHM,AL,ASO,ES,Combined TRACON& Tower with Radar,74,34,64,24,196,0,3,50,2,55,74,37,114,26,251,0,0,0,251
11/25/2020,BHM,AL,ASO,ES,Combined TRACON& Tower with Radar,75,45,51,0,171,0,0,4,0,4,75,45,55,0,175,0,0,0,175
11/26/2020,BHM,AL,ASO,ES,Combined TRACON& Tower with Radar,35,22,6,0,63,0,0,15,0,15,35,22,21,0,78,0,0,0,78
11/27/2020,BHM,AL,ASO,ES,Combined TRACON& Tower with Radar,61,17,26,0,104,0,2,18,0,20,61,19,44,0,124,0,0,0,124
11/28/2020,BHM,AL,ASO,ES,Combined TRACON& Tower with Radar,69,26,47,0,142,0,2,29,0,31,69,28,76,0,173,0,0,0,173
11/29/2020,BHM,AL,ASO,ES,Combined TRACON& Tower with Radar,69,27,38,0,134,0,0,0,0,0,69,27,38,0,134,0,0,0,134
11/30/2020,BHM,AL,ASO,ES,Combined TRACON& Tower with Radar,74,30,48,0,152,0,0,0,0,0,74,30,48,0,152,0,0,0,152
12/01/2020,BHM,AL,ASO,ES,Combined TRACON& Tower with Radar,67,38,63,16,184,0,5,30,2,37,67,43,93,18,221,0,0,0,221
12/02/2020,BHM,AL,ASO,ES,Combined TRACON& Tower with Radar,51,43,91,25,210,0,2,28,2,32,51,45,119,27,242,14,14,28,270
12/03/2020,BHM,AL,ASO,ES,Combined TRACON& Tower with Radar,58,30,74,71,233,0,4,30,7,41,58,34,104,78,274,43,4,47,321
12/04/2020,BHM,AL,ASO,ES,Combined TRACON& Tower with Radar,62,43,65,7,177,0,0,2,0,2,62,43,67,7,179,0,0,0,179
12/05/2020,BHM,AL,ASO,ES,Combined TRACON& Tower with Radar,50,20,48,5,123,0,1,51,4,56,50,21,99,9,179,0,0,0,179
12/06/2020,BHM,AL,ASO,ES,Combined TRACON& Tower with Radar,55,18,43,0,116,0,1,26,3,30,55,19,69,3,146,0,0,0,146
12/07/2020,BHM,AL,ASO,ES,Combined TRACON& Tower with Radar,60,29,70,10,169,0,6,21,2,29,60,35,91,12,198,0,0,0,198
12/08/2020,BHM,AL,ASO,ES,Combined TRACON& Tower with Radar,49,29,73,19,170,0,7,37,4,48,49,36,110,23,218,0,0,0,218
12/09/2020,BHM,AL,ASO,ES,Combined TRACON& Tower with Radar,52,37,85,21,195,0,7,31,1,39,52,44,116,22,234,22,18,40,274
12/10/2020,BHM,AL,ASO,ES,Combined TRACON& Tower with Radar,58,44,77,12,191,0,1,45,2,48,58,45,122,14,239,10,0,10,249
12/11/2020,BHM,AL,ASO,ES,Combined TRACON& Tower with Radar,67,40,71,18,196,0,4,52,2,58,67,44,123,20,254,20,0,20,274
12/12/2020,BHM,AL,ASO,ES,Combined TRACON& Tower with Radar,58,30,39,2,129,0,2,2,0,4,58,32,41,2,133,0,0,0,133
12/13/2020,BHM,AL,ASO,ES,Combined TRACON& Tower with Radar,56,28,42,8,134,0,1,14,1,16,56,29,56,9,150,26,0,26,176
12/14/2020,BHM,AL,ASO,ES,Combined TRACON& Tower with Radar,58,33,72,23,186,0,1,3,0,4,58,34,75,23,190,7,0,7,197
12/15/2020,BHM,AL,ASO,ES,Combined TRACON& Tower with Radar,50,43,66,23,182,0,1,23,0,24,50,44,89,23,206,55,2,57,263
12/16/2020,BHM,AL,ASO,ES,Combined TRACON& Tower with Radar,54,37,72,9,172,0,1,0,0,1,54,38,72,9,173,6,0,6,179
12/17/2020,BHM,AL,ASO,ES,Combined TRACON& Tower with Radar,66,50,48,24,188,0,0,14,12,26,66,50,62,36,214,29,0,29,243
12/18/2020,BHM,AL,ASO,ES,Combined TRACON& Tower with Radar,73,47,70,24,214,0,5,42,7,54,73,52,112,31,268,11,0,11,279
12/19/2020,BHM,AL,ASO,ES,Combined TRACON& Tower with Radar,76,39,37,0,152,0,2,41,0,43,76,41,78,0,195,18,0,18,213
12/20/2020,BHM,AL,ASO,ES,Combined TRACON& Tower with Radar,62,28,28,10,128,0,1,0,0,1,62,29,28,10,129,0,0,0,129
12/21/2020,BHM,AL,ASO,ES,Combined TRACON& Tower with Radar,70,27,45,12,154,0,4,27,1,32,70,31,72,13,186,8,0,8,194
12/22/2020,BHM,AL,ASO,ES,Combined TRACON& Tower with Radar,72,37,55,8,172,0,4,55,2,61,72,41,110,10,233,0,0,0,233
12/23/2020,BHM,AL,ASO,ES,Combined TRACON& Tower with Radar,73,52,54,10,189,0,2,17,3,22,73,54,71,13,211,0,0,0,211
12/24/2020,BHM,AL,ASO,ES,Combined TRACON& Tower with Radar,50,25,15,0,90,0,0,2,0,2,50,25,17,0,92,0,0,0,92
12/25/2020,BHM,AL,ASO,ES,Combined TRACON& Tower with Radar,42,20,14,1,77,0,2,10,1,13,42,22,24,2,90,0,0,0,90
12/26/2020,BHM,AL,ASO,ES,Combined TRACON& Tower with Radar,66,38,42,0,146,0,3,36,0,39,66,41,78,0,185,0,0,0,185
12/27/2020,BHM,AL,ASO,ES,Combined TRACON& Tower with Radar,64,29,35,0,128,0,3,34,2,39,64,32,69,2,167,0,0,0,167
12/28/2020,BHM,AL,ASO,ES,Combined TRACON& Tower with Radar,63,33,57,0,153,0,0,31,2,33,63,33,88,2,186,0,0,0,186
12/29/2020,BHM,AL,ASO,ES,Combined TRACON& Tower with Radar,66,48,53,30,197,0,6,29,4,39,66,54,82,34,236,16,6,22,258
12/30/2020,BHM,AL,ASO,ES,Combined TRACON& Tower with Radar,64,50,45,0,159,0,4,26,1,31,64,54,71,1,190,0,0,0,190
12/31/2020,BHM,AL,ASO,ES,Combined TRACON& Tower with Radar,52,31,31,0,114,0,1,3,0,4,52,32,34,0,118,2,0,2,120
01/01/2021,BHM,AL,ASO,ES,Combined TRACON& Tower with Radar,47,18,26,0,91,0,1,4,2,7,47,19,30,2,98,0,0,0,98
01/02/2021,BHM,AL,ASO,ES,Combined TRACON& Tower with Radar,64,29,59,0,152,0,3,35,0,38,64,32,94,0,190,0,0,0,190
01/03/2021,BHM,AL,ASO,ES,Combined TRACON& Tower with Radar,66,29,65,0,160,0,0,23,2,25,66,29,88,2,185,10,0,10,195
01/04/2021,BHM,AL,ASO,ES,Combined TRACON& Tower with Radar,63,36,49,0,148,0,0,49,1,50,63,36,98,1,198,0,0,0,198
01/05/2021,BHM,AL,ASO,ES,Combined TRACON& Tower with Radar,56,33,46,4,139,0,2,13,0,15,56,35,59,4,154,0,0,0,154
01/06/2021,BHM,AL,ASO,ES,Combined TRACON& Tower with Radar,54,41,72,10,177,0,6,50,1,57,54,47,122,11,234,8,0,8,242
01/07/2021,BHM,AL,ASO,ES,Combined TRACON& Tower with Radar,54,50,64,0,168,0,1,7,0,8,54,51,71,0,176,0,0,0,176
01/08/2021,BHM,AL,ASO,ES,Combined TRACON& Tower with Radar,57,40,49,4,150,0,0,7,0,7,57,40,56,4,157,0,0,0,157
01/09/2021,BHM,AL,ASO,ES,Combined TRACON& Tower with Radar,49,25,36,9,119,0,0,16,2,18,49,25,52,11,137,56,24,80,217
01/10/2021,BHM,AL,ASO,ES,Combined TRACON& Tower with Radar,50,32,52,3,137,0,1,33,8,42,50,33,85,11,179,0,0,0,179
01/11/2021,BHM,AL,ASO,ES,Combined TRACON& Tower with Radar,53,50,44,0,147,0,0,0,0,0,53,50,44,0,147,0,0,0,147
01/12/2021,BHM,AL,ASO,ES,Combined TRACON& Tower with Radar,52,51,92,13,208,0,0,4,0,4,52,51,96,13,212,0,0,0,212
01/13/2021,BHM,AL,ASO,ES,Combined TRACON& Tower with Radar,56,42,55,8,161,0,2,30,0,32,56,44,85,8,193,29,0,29,222
01/14/2021,BHM,AL,ASO,ES,Combined TRACON& Tower with Radar,54,46,81,11,192,0,2,43,14,59,54,48,124,25,251,14,0,14,265
01/15/2021,BHM,AL,ASO,ES,Combined TRACON& Tower with Radar,58,37,65,16,176,0,3,43,2,48,58,40,108,18,224,10,0,10,234
01/16/2021,BHM,AL,ASO,ES,Combined TRACON& Tower with Radar,49,32,40,0,121,0,8,16,3,27,49,40,56,3,148,26,0,26,174
01/17/2021,BHM,AL,ASO,ES,Combined TRACON& Tower with Radar,55,34,41,0,130,0,3,51,0,54,55,37,92,0,184,0,0,0,184
01/18/2021,BHM,AL,ASO,ES,Combined TRACON& Tower with Radar,52,32,58,0,142,0,1,42,0,43,52,33,100,0,185,0,0,0,185
01/19/2021,BHM,AL,ASO,ES,Combined TRACON& Tower with Radar,50,42,60,9,161,0,0,38,3,41,50,42,98,12,202,16,0,16,218
01/20/2021,BHM,AL,ASO,ES,Combined TRACON& Tower with Radar,50,43,62,8,163,0,2,43,3,48,50,45,105,11,211,6,0,6,217
01/21/2021,BHM,AL,ASO,ES,Combined TRACON& Tower with Radar,58,61,50,6,175,0,0,0,0,0,58,61,50,6,175,0,0,0,175
01/22/2021,BHM,AL,ASO,ES,Combined TRACON& Tower with Radar,57,61,61,74,253,0,2,7,10,19,57,63,68,84,272,0,12,12,284
01/23/2021,BHM,AL,ASO,ES,Combined TRACON& Tower with Radar,49,27,36,34,146,0,0,61,6,67,49,27,97,40,213,0,0,0,213
01/24/2021,BHM,AL,ASO,ES,Combined TRACON& Tower with Radar,51,30,44,14,139,0,2,11,5,18,51,32,55,19,157,0,0,0,157
01/25/2021,BHM,AL,ASO,ES,Combined TRACON& Tower with Radar,54,24,46,8,132,0,0,1,1,2,54,24,47,9,134,0,0,0,134
01/26/2021,BHM,AL,ASO,ES,Combined TRACON& Tower with Radar,52,39,71,24,186,0,0,31,13,44,52,39,102,37,230,0,0,0,230
01/27/2021,BHM,AL,ASO,ES,Combined TRACON& Tower with Radar,51,48,73,49,221,0,0,11,6,17,51,48,84,55,238,0,0,0,238
01/28/2021,BHM,AL,ASO,ES,Combined TRACON& Tower with Radar,53,47,60,60,220,0,5,40,9,54,53,52,100,69,274,18,0,18,292
01/29/2021,BHM,AL,ASO,ES,Combined TRACON& Tower with Radar,56,39,70,36,201,0,7,58,2,67,56,46,128,38,268,0,0,0,268
01/30/2021,BHM,AL,ASO,ES,Combined TRACON& Tower with Radar,50,21,36,2,109,0,7,39,0,46,50,28,75,2,155,6,0,6,161
01/31/2021,BHM,AL,ASO,ES,Combined TRACON& Tower with Radar,54,36,28,14,132,0,0,10,0,10,54,36,38,14,142,0,0,0,142
02/01/2021,BHM,AL,ASO,ES,Combined TRACON& Tower with Radar,52,24,45,2,123,0,0,1,2,3,52,24,46,4,126,0,0,0,126
02/02/2021,BHM,AL,ASO,ES,Combined TRACON& Tower with Radar,50,39,52,45,186,0,4,44,1,49,50,43,96,46,235,0,6,6,241
02/03/2021,BHM,AL,ASO,ES,Combined TRACON& Tower with Radar,50,35,70,37,192,0,1,53,3,57,50,36,123,40,249,0,18,18,267
02/04/2021,BHM,AL,ASO,ES,Combined TRACON& Tower with Radar,54,50,85,25,214,0,3,28,12,43,54,53,113,37,257,33,0,33,290
02/05/2021,BHM,AL,ASO,ES,Combined TRACON& Tower with Radar,57,55,62,49,223,0,2,39,7,48,57,57,101,56,271,38,0,38,309
02/06/2021,BHM,AL,ASO,ES,Combined TRACON& Tower with Radar,49,26,44,4,123,0,0,8,0,8,49,26,52,4,131,8,0,8,139
02/07/2021,BHM,AL,ASO,ES,Combined TRACON& Tower with Radar,50,24,44,2,120,0,2,11,7,20,50,26,55,9,140,18,0,18,158
02/08/2021,BHM,AL,ASO,ES,Combined TRACON& Tower with Radar,52,45,77,43,217,0,0,57,0,57,52,45,134,43,274,0,0,0,274
02/09/2021,BHM,AL,ASO,ES,Combined TRACON& Tower with Radar,48,41,62,47,198,0,2,45,4,51,48,43,107,51,249,0,0,0,249
02/10/2021,BHM,AL,ASO,ES,Combined TRACON& Tower with Radar,51,59,74,74,258,0,1,36,3,40,51,60,110,77,298,42,0,42,340
02/11/2021,BHM,AL,ASO,ES,Combined TRACON& Tower with Radar,55,52,48,7,162,0,0,0,0,0,55,52,48,7,162,0,0,0,162
02/12/2021,BHM,AL,ASO,ES,Combined TRACON& Tower with Radar,63,43,61,2,169,0,0,0,0,0,63,43,61,2,169,0,0,0,169
02/13/2021,BHM,AL,ASO,ES,Combined TRACON& Tower with Radar,53,25,24,0,102,0,0,0,0,0,53,25,24,0,102,0,0,0,102
02/14/2021,BHM,AL,ASO,ES,Combined TRACON& Tower with Radar,43,23,35,0,101,0,0,1,0,1,43,23,36,0,102,0,0,0,102
02/15/2021,BHM,AL,ASO,ES,Combined TRACON& Tower with Radar,54,22,21,0,97,0,0,0,0,0,54,22,21,0,97,0,0,0,97
02/16/2021,BHM,AL,ASO,ES,Combined TRACON& Tower with Radar,38,29,44,0,111,0,0,2,0,2,38,29,46,0,113,0,0,0,113
02/17/2021,BHM,AL,ASO,ES,Combined TRACON& Tower with Radar,44,46,53,2,145,0,2,31,3,36,44,48,84,5,181,36,0,36,217
02/18/2021,BHM,AL,ASO,ES,Combined TRACON& Tower with Radar,46,46,73,22,187,0,0,0,0,0,46,46,73,22,187,0,0,0,187
02/19/2021,BHM,AL,ASO,ES,Combined TRACON& Tower with Radar,61,51,95,15,222,0,2,30,9,41,61,53,125,24,263,0,0,0,263
02/20/2021,BHM,AL,ASO,ES,Combined TRACON& Tower with Radar,54,30,32,4,120,0,5,52,17,74,54,35,84,21,194,20,0,20,214
02/21/2021,BHM,AL,ASO,ES,Combined TRACON& Tower with Radar,58,30,54,16,158,0,1,28,9,38,58,31,82,25,196,0,0,0,196
02/22/2021,BHM,AL,ASO,ES,Combined TRACON& Tower with Radar,55,41,55,6,157,0,0,24,5,29,55,41,79,11,186,20,0,20,206
02/23/2021,BHM,AL,ASO,ES,Combined TRACON& Tower with Radar,54,36,110,29,229,0,4,52,5,61,54,40,162,34,290,0,0,0,290
02/24/2021,BHM,AL,ASO,ES,Combined TRACON& Tower with Radar,54,32,86,37,209,0,2,67,11,80,54,34,153,48,289,0,0,0,289
02/25/2021,BHM,AL,ASO,ES,Combined TRACON& Tower with Radar,59,51,102,24,236,0,0,52,10,62,59,51,154,34,298,14,0,14,312
02/26/2021,BHM,AL,ASO,ES,Combined TRACON& Tower with Radar,63,63,73,9,208,0,0,3,2,5,63,63,76,11,213,6,0,6,219
02/27/2021,BHM,AL,ASO,ES,Combined TRACON& Tower with Radar,54,23,45,0,122,0,5,13,2,20,54,28,58,2,142,0,0,0,142
02/28/2021,BHM,AL,ASO,ES,Combined TRACON& Tower with Radar,55,31,57,12,155,0,2,13,4,19,55,33,70,16,174,0,0,0,174
03/01/2021,BHM,AL,ASO,ES,Combined TRACON& Tower with Radar,56,42,68,40,206,0,0,0,0,0,56,42,68,40,206,0,0,0,206
03/02/2021,BHM,AL,ASO,ES,Combined TRACON& Tower with Radar,54,48,76,4,182,0,2,15,2,19,54,50,91,6,201,14,0,14,215
03/03/2021,BHM,AL,ASO,ES,Combined TRACON& Tower with Radar,55,56,93,24,228,0,1,52,4,57,55,57,145,28,285,4,6,10,295
03/04/2021,BHM,AL,ASO,ES,Combined TRACON& Tower with Radar,67,55,92,2,216,0,3,66,4,73,67,58,158,6,289,28,0,28,317
03/05/2021,BHM,AL,ASO,ES,Combined TRACON& Tower with Radar,69,51,75,35,230,0,3,47,9,59,69,54,122,44,289,0,0,0,289
03/06/2021,BHM,AL,ASO,ES,Combined TRACON& Tower with Radar,57,24,32,8,121,0,8,33,0,41,57,32,65,8,162,0,0,0,162
03/07/2021,BHM,AL,ASO,ES,Combined TRACON& Tower with Radar,68,27,50,2,147,0,3,46,1,50,68,30,96,3,197,24,0,24,221
03/08/2021,BHM,AL,ASO,ES,Combined TRACON& Tower with Radar,70,36,74,13,193,0,6,45,4,55,70,42,119,17,248,0,0,0,248
03/09/2021,BHM,AL,ASO,ES,Combined TRACON& Tower with Radar,59,54,92,42,247,0,4,47,1,52,59,58,139,43,299,0,0,0,299
03/10/2021,BHM,AL,ASO,ES,Combined TRACON& Tower with Radar,58,57,100,39,254,0,3,26,1,30,58,60,126,40,284,0,0,0,284
03/11/2021,BHM,AL,ASO,ES,Combined TRACON& Tower with Radar,74,56,91,28,249,0,1,39,14,54,74,57,130,42,303,0,0,0,303
03/12/2021,BHM,AL,ASO,ES,Combined TRACON& Tower with Radar,73,53,96,12,234,0,3,43,11,57,73,56,139,23,291,0,0,0,291
03/13/2021,BHM,AL,ASO,ES,Combined TRACON& Tower with Radar,65,28,51,6,150,0,6,58,6,70,65,34,109,12,220,0,0,0,220
03/14/2021,BHM,AL,ASO,ES,Combined TRACON& Tower with Radar,58,31,60,9,158,0,1,50,4,55,58,32,110,13,213,6,0,6,219
03/15/2021,BHM,AL,ASO,ES,Combined TRACON& Tower with Radar,66,38,46,2,152,0,1,11,0,12,66,39,57,2,164,16,0,16,180
03/16/2021,BHM,AL,ASO,ES,Combined TRACON& Tower with Radar,68,44,86,11,209,0,0,1,0,1,68,44,87,11,210,0,0,0,210
03/17/2021,BHM,AL,ASO,ES,Combined TRACON& Tower with Radar,57,27,50,10,144,0,0,0,0,0,57,27,50,10,144,0,0,0,144
03/18/2021,BHM,AL,ASO,ES,Combined TRACON& Tower with Radar,80,49,110,18,257,0,2,13,4,19,80,51,123,22,276,0,6,6,282
03/19/2021,BHM,AL,ASO,ES,Combined TRACON& Tower with Radar,75,49,97,7,228,0,2,17,9,28,75,51,114,16,256,0,0,0,256
03/20/2021,BHM,AL,ASO,ES,Combined TRACON& Tower with Radar,67,39,66,11,183,0,4,34,2,40,67,43,100,13,223,0,0,0,223
03/21/2021,BHM,AL,ASO,ES,Combined TRACON& Tower with Radar,65,35,66,5,171,0,0,27,6,33,65,35,93,11,204,6,0,6,210
03/22/2021,BHM,AL,ASO,ES,Combined TRACON& Tower with Radar,74,31,57,12,174,0,1,46,0,47,74,32,103,12,221,10,0,10,231
03/23/2021,BHM,AL,ASO,ES,Combined TRACON& Tower with Radar,64,52,74,15,205,0,0,4,2,6,64,52,78,17,211,0,0,0,211
03/24/2021,BHM,AL,ASO,ES,Combined TRACON& Tower with Radar,65,51,78,13,207,0,2,34,1,37,65,53,112,14,244,0,0,0,244
03/25/2021,BHM,AL,ASO,ES,Combined TRACON& Tower with Radar,73,36,37,0,146,0,0,0,0,0,73,36,37,0,146,0,0,0,146
03/26/2021,BHM,AL,ASO,ES,Combined TRACON& Tower with Radar,74,65,97,14,250,0,6,62,7,75,74,71,159,21,325,0,0,0,325
03/27/2021,BHM,AL,ASO,ES,Combined TRACON& Tower with Radar,81,51,59,1,192,0,0,6,1,7,81,51,65,2,199,0,0,0,199
03/28/2021,BHM,AL,ASO,ES,Combined TRACON& Tower with Radar,69,28,54,1,152,0,1,13,3,17,69,29,67,4,169,6,0,6,175
03/29/2021,BHM,AL,ASO,ES,Combined TRACON& Tower with Radar,74,38,74,17,203,0,2,63,6,71,74,40,137,23,274,30,6,36,310
03/30/2021,BHM,AL,ASO,ES,Combined TRACON& Tower with Radar,69,47,79,27,222,0,3,32,1,36,69,50,111,28,258,0,0,0,258
03/31/2021,BHM,AL,ASO,ES,Combined TRACON& Tower with Radar,73,31,64,0,168,0,1,0,0,1,73,32,64,0,169,0,0,0,169
04/01/2021,BHM,AL,ASO,ES,Combined TRACON& Tower with Radar,81,46,100,8,235,0,2,18,0,20,81,48,118,8,255,0,0,0,255
04/02/2021,BHM,AL,ASO,ES,Combined TRACON& Tower with Radar,80,43,73,9,205,0,4,52,4,60,80,47,125,13,265,32,0,32,297
04/03/2021,BHM,AL,ASO,ES,Combined TRACON& Tower with Radar,69,32,50,4,155,0,4,51,1,56,69,36,101,5,211,12,0,12,223
04/04/2021,BHM,AL,ASO,ES,Combined TRACON& Tower with Radar,71,23,29,0,123,0,5,28,1,34,71,28,57,1,157,0,0,0,157
04/05/2021,BHM,AL,ASO,ES,Combined TRACON& Tower with Radar,79,41,90,10,220,0,2,45,1,48,79,43,135,11,268,10,0,10,278
04/06/2021,BHM,AL,ASO,ES,Combined TRACON& Tower with Radar,67,49,86,17,219,0,7,62,1,70,67,56,148,18,289,14,0,14,303
04/07/2021,BHM,AL,ASO,ES,Combined TRACON& Tower with Radar,68,39,103,34,244,0,2,47,6,55,68,41,150,40,299,26,20,46,345
04/08/2021,BHM,AL,ASO,ES,Combined TRACON& Tower with Radar,82,41,74,18,215,0,2,9,5,16,82,43,83,23,231,0,0,0,231
04/09/2021,BHM,AL,ASO,ES,Combined TRACON& Tower with Radar,84,44,84,22,234,0,0,8,2,10,84,44,92,24,244,0,0,0,244
04/10/2021,BHM,AL,ASO,ES,Combined TRACON& Tower with Radar,73,27,34,0,134,0,3,10,2,15,73,30,44,2,149,0,0,0,149
04/11/2021,BHM,AL,ASO,ES,Combined TRACON& Tower with Radar,72,28,71,8,179,0,6,45,3,54,72,34,116,11,233,0,0,0,233
04/12/2021,BHM,AL,ASO,ES,Combined TRACON& Tower with Radar,78,42,96,26,242,0,5,55,4,64,78,47,151,30,306,30,0,30,336
04/13/2021,BHM,AL,ASO,ES,Combined TRACON& Tower with Radar,64,44,66,60,234,0,13,53,1,67,64,57,119,61,301,10,0,10,311
04/14/2021,BHM,AL,ASO,ES,Combined TRACON& Tower with Radar,72,42,87,17,218,0,3,8,0,11,72,45,95,17,229,0,0,0,229
04/15/2021,BHM,AL,ASO,ES,Combined TRACON& Tower with Radar,80,42,98,31,251,0,3,20,14,37,80,45,118,45,288,0,0,0,288
04/16/2021,BHM,AL,ASO,ES,Combined TRACON& Tower with Radar,88,43,76,57,264,0,3,30,13,46,88,46,106,70,310,15,9,24,334
04/17/2021,BHM,AL,ASO,ES,Combined TRACON& Tower with Radar,68,22,44,22,156,0,3,23,7,33,68,25,67,29,189,0,0,0,189
04/18/2021,BHM,AL,ASO,ES,Combined TRACON& Tower with Radar,78,40,110,42,270,0,2,60,7,69,78,42,170,49,339,0,0,0,339
04/19/2021,BHM,AL,ASO,ES,Combined TRACON& Tower with Radar,80,23,96,22,221,0,2,50,3,55,80,25,146,25,276,12,4,16,292
04/20/2021,BHM,AL,ASO,ES,Combined TRACON& Tower with Radar,66,40,95,48,249,0,7,49,10,66,66,47,144,58,315,15,8,23,338
04/21/2021,BHM,AL,ASO,ES,Combined TRACON& Tower with Radar,71,44,89,19,223,0,1,21,0,22,71,45,110,19,245,0,0,0,245
04/22/2021,BHM,AL,ASO,ES,Combined TRACON& Tower with Radar,84,60,99,27,270,0,3,45,3,51,84,63,144,30,321,10,0,10,331
04/23/2021,BHM,AL,ASO,ES,Combined TRACON& Tower with Radar,85,36,80,38,239,0,1,37,15,53,85,37,117,53,292,34,0,34,326
04/24/2021,BHM,AL,ASO,ES,Combined TRACON& Tower with Radar,75,24,28,2,129,0,1,2,0,3,75,25,30,2,132,0,0,0,132
04/25/2021,BHM,AL,ASO,ES,Combined TRACON& Tower with Radar,78,34,90,5,207,0,0,30,11,41,78,34,120,16,248,10,0,10,258
04/26/2021,BHM,AL,ASO,ES,Combined TRACON& Tower with Radar,82,40,82,14,218,0,4,51,6,61,82,44,133,20,279,4,0,4,283
04/27/2021,BHM,AL,ASO,ES,Combined TRACON& Tower with Radar,66,45,103,39,253,0,2,64,6,72,66,47,167,45,325,0,0,0,325
04/28/2021,BHM,AL,ASO,ES,Combined TRACON& Tower with Radar,72,55,103,51,281,0,3,45,12,60,72,58,148,63,341,0,0,0,341
04/29/2021,BHM,AL,ASO,ES,Combined TRACON& Tower with Radar,86,52,114,22,274,0,1,10,2,13,86,53,124,24,287,28,10,38,325
04/30/2021,BHM,AL,ASO,ES,Combined TRACON& Tower with Radar,82,72,82,19,255,0,0,39,15,54,82,72,121,34,309,34,0,34,343
05/01/2021,BHM,AL,ASO,ES,Combined TRACON& Tower with Radar,71,41,53,5,170,0,1,48,9,58,71,42,101,14,228,0,0,0,228
05/02/2021,BHM,AL,ASO,ES,Combined TRACON& Tower with Radar,77,25,75,8,185,0,1,15,5,21,77,26,90,13,206,0,0,0,206
05/03/2021,BHM,AL,ASO,ES,Combined TRACON& Tower with Radar,62,44,62,2,170,0,0,1,0,1,62,44,63,2,171,0,0,0,171
05/04/2021,BHM,AL,ASO,ES,Combined TRACON& Tower with Radar,69,42,51,6,168,0,0,0,0,0,69,42,51,6,168,0,0,0,168
05/05/2021,BHM,AL,ASO,ES,Combined TRACON& Tower with Radar,77,63,100,14,254,0,0,24,1,25,77,63,124,15,279,0,0,0,279
05/06/2021,BHM,AL,ASO,ES,Combined TRACON& Tower with Radar,94,44,119,5,262,0,0,55,10,65,94,44,174,15,327,0,0,0,327
05/07/2021,BHM,AL,ASO,ES,Combined TRACON& Tower with Radar,95,47,106,15,263,0,3,40,7,50,95,50,146,22,313,0,0,0,313
05/08/2021,BHM,AL,ASO,ES,Combined TRACON& Tower with Radar,78,27,71,3,179,0,1,46,3,50,78,28,117,6,229,0,0,0,229
05/09/2021,BHM,AL,ASO,ES,Combined TRACON& Tower with Radar,81,41,51,2,175,0,1,25,0,26,81,42,76,2,201,0,0,0,201
05/10/2021,BHM,AL,ASO,ES,Combined TRACON& Tower with Radar,83,48,96,8,235,0,0,8,0,8,83,48,104,8,243,0,0,0,243
05/11/2021,BHM,AL,ASO,ES,Combined TRACON& Tower with Radar,73,52,98,12,235,0,0,5,0,5,73,52,103,12,240,0,0,0,240
05/12/2021,BHM,AL,ASO,ES,Combined TRACON& Tower with Radar,86,66,91,30,273,0,0,16,4,20,86,66,107,34,293,8,0,8,301
05/13/2021,BHM,AL,ASO,ES,Combined TRACON& Tower with Radar,90,53,106,22,271,0,1,54,16,71,90,54,160,38,342,0,0,0,342
05/14/2021,BHM,AL,ASO,ES,Combined TRACON& Tower with Radar,93,48,90,7,238,0,4,77,13,94,93,52,167,20,332,0,0,0,332
05/15/2021,BHM,AL,ASO,ES,Combined TRACON& Tower with Radar,77,32,37,1,147,0,1,72,6,79,77,33,109,7,226,0,0,0,226
05/16/2021,BHM,AL,ASO,ES,Combined TRACON& Tower with Radar,78,28,89,8,203,0,4,48,12,64,78,32,137,20,267,0,0,0,267
05/17/2021,BHM,AL,ASO,ES,Combined TRACON& Tower with Radar,90,43,90,20,243,0,3,35,4,42,90,46,125,24,285,64,0,64,349
05/18/2021,BHM,AL,ASO,ES,Combined TRACON& Tower with Radar,79,41,121,53,294,0,6,34,3,43,79,47,155,56,337,0,0,0,337
05/19/2021,BHM,AL,ASO,ES,Combined TRACON& Tower with Radar,83,38,136,38,295,0,2,32,12,46,83,40,168,50,341,4,0,4,345
05/20/2021,BHM,AL,ASO,ES,Combined TRACON& Tower with Radar,90,51,100,61,302,0,2,23,11,36,90,53,123,72,338,6,8,14,352
05/21/2021,BHM,AL,ASO,ES,Combined TRACON& Tower with Radar,87,47,84,12,230,0,1,34,13,48,87,48,118,25,278,0,0,0,278
05/22/2021,BHM,AL,ASO,ES,Combined TRACON& Tower with Radar,78,19,42,0,139,0,6,55,2,63,78,25,97,2,202,0,0,0,202
05/23/2021,BHM,AL,ASO,ES,Combined TRACON& Tower with Radar,79,34,61,12,186,0,3,37,10,50,79,37,98,22,236,0,0,0,236
05/24/2021,BHM,AL,ASO,ES,Combined TRACON& Tower with Radar,81,45,85,10,221,0,3,55,3,61,81,48,140,13,282,0,0,0,282
05/25/2021,BHM,AL,ASO,ES,Combined TRACON& Tower with Radar,80,40,73,25,218,0,5,56,4,65,80,45,129,29,283,0,0,0,283
05/26/2021,BHM,AL,ASO,ES,Combined TRACON& Tower with Radar,85,43,84,20,232,0,4,36,2,42,85,47,120,22,274,0,0,0,274
05/27/2021,BHM,AL,ASO,ES,Combined TRACON& Tower with Radar,93,48,117,21,279,0,1,26,3,30,93,49,143,24,309,36,0,36,345
05/28/2021,BHM,AL,ASO,ES,Combined TRACON& Tower with Radar,93,50,85,1,229,0,1,10,0,11,93,51,95,1,240,20,0,20,260
05/29/2021,BHM,AL,ASO,ES,Combined TRACON& Tower with Radar,82,29,58,0,169,0,2,25,4,31,82,31,83,4,200,0,0,0,200
05/30/2021,BHM,AL,ASO,ES,Combined TRACON& Tower with Radar,73,15,42,1,131,0,2,30,5,37,73,17,72,6,168,0,0,0,168
05/31/2021,BHM,AL,ASO,ES,Combined TRACON& Tower with Radar,73,36,69,4,182,0,2,58,4,64,73,38,127,8,246,4,0,4,250
06/01/2021,BHM,AL,ASO,ES,Combined TRACON& Tower with Radar,84,45,98,51,278,0,7,57,9,73,84,52,155,60,351,0,0,0,351
06/02/2021,BHM,AL,ASO,ES,Combined TRACON& Tower with Radar,85,44,95,6,230,0,1,21,2,24,85,45,116,8,254,0,0,0,254
06/03/2021,BHM,AL,ASO,ES,Combined TRACON& Tower with Radar,85,53,108,8,254,0,2,13,0,15,85,55,121,8,269,28,0,28,297
06/04/2021,BHM,AL,ASO,ES,Combined TRACON& Tower with Radar,89,49,94,46,278,0,3,56,15,74,89,52,150,61,352,0,0,0,352
06/05/2021,BHM,AL,ASO,ES,Combined TRACON& Tower with Radar,73,29,46,14,162,0,3,37,2,42,73,32,83,16,204,12,0,12,216
06/06/2021,BHM,AL,ASO,ES,Combined TRACON& Tower with Radar,87,31,65,8,191,0,0,2,0,2,87,31,67,8,193,6,0,6,199
06/07/2021,BHM,AL,ASO,ES,Combined TRACON& Tower with Radar,74,48,70,4,196,1,0,9,0,10,75,48,79,4,206,20,0,20,226
06/08/2021,BHM,AL,ASO,ES,Combined TRACON& Tower with Radar,94,51,85,21,251,0,2,3,0,5,94,53,88,21,256,10,0,10,266
06/09/2021,BHM,AL,ASO,ES,Combined TRACON& Tower with Radar,90,58,90,4,242,0,1,4,2,7,90,59,94,6,249,0,0,0,249
06/10/2021,BHM,AL,ASO,ES,Combined TRACON& Tower with Radar,89,54,115,20,278,0,1,7,1,9,89,55,122,21,287,30,0,30,317
06/11/2021,BHM,AL,ASO,ES,Combined TRACON& Tower with Radar,95,55,88,8,246,0,2,7,4,13,95,57,95,12,259,0,0,0,259
06/12/2021,BHM,AL,ASO,ES,Combined TRACON& Tower with Radar,80,43,43,0,166,0,1,9,1,11,80,44,52,1,177,0,0,0,177
06/13/2021,BHM,AL,ASO,ES,Combined TRACON& Tower with Radar,86,36,60,4,186,0,4,40,3,47,86,40,100,7,233,8,0,8,241
06/14/2021,BHM,AL,ASO,ES,Combined TRACON& Tower with Radar,85,40,83,17,225,0,2,41,2,45,85,42,124,19,270,0,0,0,270
06/15/2021,BHM,AL,ASO,ES,Combined TRACON& Tower with Radar,84,47,115,37,283,0,3,65,8,76,84,50,180,45,359,14,0,14,373
06/16/2021,BHM,AL,ASO,ES,Combined TRACON& Tower with Radar,91,41,122,31,285,0,4,49,5,58,91,45,171,36,343,0,0,0,343
06/17/2021,BHM,AL,ASO,ES,Combined TRACON& Tower with Radar,86,54,126,40,306,0,1,49,11,61,86,55,175,51,367,0,0,0,367
06/18/2021,BHM,AL,ASO,ES,Combined TRACON& Tower with Radar,89,50,101,3,243,0,4,58,3,65,89,54,159,6,308,10,0,10,318
06/19/2021,BHM,AL,ASO,ES,Combined TRACON& Tower with Radar,72,29,23,0,124,0,0,1,0,1,72,29,24,0,125,0,0,0,125
06/20/2021,BHM,AL,ASO,ES,Combined TRACON& Tower with Radar,87,31,58,0,176,0,1,22,2,25,87,32,80,2,201,0,0,0,201
06/21/2021,BHM,AL,ASO,ES,Combined TRACON& Tower with Radar,84,45,89,9,227,0,0,4,0,4,84,45,93,9,231,0,0,0,231
06/22/2021,BHM,AL,ASO,ES,Combined TRACON& Tower with Radar,86,56,87,18,247,0,0,22,4,26,86,56,109,22,273,0,0,0,273
06/23/2021,BHM,AL,ASO,ES,Combined TRACON& Tower with Radar,84,41,107,29,261,0,3,52,5,60,84,44,159,34,321,0,0,0,321
06/24/2021,BHM,AL,ASO,ES,Combined TRACON& Tower with Radar,86,43,90,24,243,0,2,45,12,59,86,45,135,36,302,28,8,36,338
06/25/2021,BHM,AL,ASO,ES,Combined TRACON& Tower with Radar,89,46,96,64,295,0,4,52,15,71,89,50,148,79,366,0,0,0,366
06/26/2021,BHM,AL,ASO,ES,Combined TRACON& Tower with Radar,78,43,54,3,178,0,8,31,3,42,78,51,85,6,220,0,0,0,220
06/27/2021,BHM,AL,ASO,ES,Combined TRACON& Tower with Radar,83,23,67,23,196,0,1,26,6,33,83,24,93,29,229,36,0,36,265
06/28/2021,BHM,AL,ASO,ES,Combined TRACON& Tower with Radar,87,37,68,16,208,0,3,59,5,67,87,40,127,21,275,22,0,22,297
06/29/2021,BHM,AL,ASO,ES,Combined TRACON& Tower with Radar,83,45,84,20,232,0,1,14,3,18,83,46,98,23,250,0,0,0,250
06/30/2021,BHM,AL,ASO,ES,Combined TRACON& Tower with Radar,79,58,100,14,251,0,6,35,6,47,79,64,135,20,298,33,0,33,331
07/01/2021,BHM,AL,ASO,ES,Combined TRACON& Tower with Radar,83,52,116,26,277,0,0,3,1,4,83,52,119,27,281,0,0,0,281
07/02/2021,BHM,AL,ASO,ES,Combined TRACON& Tower with Radar,82,49,68,0,199,0,0,9,0,9,82,49,77,0,208,0,0,0,208
07/03/2021,BHM,AL,ASO,ES,Combined TRACON& Tower with Radar,67,32,43,0,142,0,8,45,1,54,67,40,88,1,196,0,0,0,196
07/04/2021,BHM,AL,ASO,ES,Combined TRACON& Tower with Radar,71,9,13,0,93,0,5,24,0,29,71,14,37,0,122,0,0,0,122
07/05/2021,BHM,AL,ASO,ES,Combined TRACON& Tower with Radar,76,18,71,0,165,0,3,57,3,63,76,21,128,3,228,33,0,33,261
07/06/2021,BHM,AL,ASO,ES,Combined TRACON& Tower with Radar,82,40,78,6,206,0,2,14,0,16,82,42,92,6,222,0,0,0,222
07/07/2021,BHM,AL,ASO,ES,Combined TRACON& Tower with Radar,81,56,79,12,228,0,1,7,0,8,81,57,86,12,236,11,0,11,247
07/08/2021,BHM,AL,ASO,ES,Combined TRACON& Tower with Radar,89,47,102,17,255,0,2,24,13,39,89,49,126,30,294,19,0,19,313
07/09/2021,BHM,AL,ASO,ES,Combined TRACON& Tower with Radar,101,57,103,50,311,0,0,16,5,21,101,57,119,55,332,20,12,32,364
07/10/2021,BHM,AL,ASO,ES,Combined TRACON& Tower with Radar,76,36,70,26,208,0,0,21,7,28,76,36,91,33,236,42,34,76,312
07/11/2021,BHM,AL,ASO,ES,Combined TRACON& Tower with Radar,90,33,62,36,221,0,0,9,5,14,90,33,71,41,235,0,0,0,235
07/12/2021,BHM,AL,ASO,ES,Combined TRACON& Tower with Radar,88,36,81,8,213,0,2,12,1,15,88,38,93,9,228,18,0,18,246
07/13/2021,BHM,AL,ASO,ES,Combined TRACON& Tower with Radar,84,60,101,16,261,0,1,4,2,7,84,61,105,18,268,10,18,28,296
07/14/2021,BHM,AL,ASO,ES,Combined TRACON& Tower with Radar,83,52,98,10,243,0,6,50,0,56,83,58,148,10,299,9,0,9,308
07/15/2021,BHM,AL,ASO,ES,Combined TRACON& Tower with Radar,89,53,96,38,276,0,2,65,2,69,89,55,161,40,345,12,0,12,357
07/16/2021,BHM,AL,ASO,ES,Combined TRACON& Tower with Radar,88,49,103,8,248,0,1,34,2,37,88,50,137,10,285,0,0,0,285
07/17/2021,BHM,AL,ASO,ES,Combined TRACON& Tower with Radar,75,21,44,4,144,0,1,1,0,2,75,22,45,4,146,28,0,28,174
07/18/2021,BHM,AL,ASO,ES,Combined TRACON& Tower with Radar,86,30,70,8,194,0,0,9,0,9,86,30,79,8,203,0,0,0,203
07/19/2021,BHM,AL,ASO,ES,Combined TRACON& Tower with Radar,86,51,79,4,220,0,0,0,0,0,86,51,79,4,220,0,0,0,220
07/20/2021,BHM,AL,ASO,ES,Combined TRACON& Tower with Radar,82,57,92,24,255,0,0,5,0,5,82,57,97,24,260,20,0,20,280
07/21/2021,BHM,AL,ASO,ES,Combined TRACON& Tower with Radar,85,55,124,22,286,0,1,18,6,25,85,56,142,28,311,70,0,70,381
07/22/2021,BHM,AL,ASO,ES,Combined TRACON& Tower with Radar,87,50,105,4,246,0,3,27,3,33,87,53,132,7,279,0,0,0,279
07/23/2021,BHM,AL,ASO,ES,Combined TRACON& Tower with Radar,91,43,94,13,241,0,3,21,3,27,91,46,115,16,268,8,0,8,276
07/24/2021,BHM,AL,ASO,ES,Combined TRACON& Tower with Radar,73,23,65,0,161,0,3,32,1,36,73,26,97,1,197,98,0,98,295
07/25/2021,BHM,AL,ASO,ES,Combined TRACON& Tower with Radar,98,21,66,9,194,0,0,38,3,41,98,21,104,12,235,38,0,38,273
07/26/2021,BHM,AL,ASO,ES,Combined TRACON& Tower with Radar,101,31,93,8,233,0,1,33,0,34,101,32,126,8,267,18,0,18,285
07/27/2021,BHM,AL,ASO,ES,Combined TRACON& Tower with Radar,87,49,96,10,242,0,0,15,0,15,87,49,111,10,257,8,0,8,265
07/28/2021,BHM,AL,ASO,ES,Combined TRACON& Tower with Radar,91,61,98,16,266,0,1,61,16,78,91,62,159,32,344,14,4,18,362
07/29/2021,BHM,AL,ASO,ES,Combined TRACON& Tower with Radar,89,51,114,36,290,0,5,65,10,80,89,56,179,46,370,8,24,32,402
07/30/2021,BHM,AL,ASO,ES,Combined TRACON& Tower with Radar,88,58,76,48,270,0,2,40,4,46,88,60,116,52,316,16,0,16,332
07/31/2021,BHM,AL,ASO,ES,Combined TRACON& Tower with Radar,77,26,44,5,152,0,1,30,4,35,77,27,74,9,187,24,0,24,211
08/01/2021,BHM,AL,ASO,ES,Combined TRACON& Tower with Radar,79,35,68,37,219,0,0,17,9,26,79,35,85,46,245,0,0,0,245
08/02/2021,BHM,AL,ASO,ES,Combined TRACON& Tower with Radar,81,36,71,1,189,0,0,24,0,24,81,36,95,1,213,10,8,18,231
08/03/2021,BHM,AL,ASO,ES,Combined TRACON& Tower with Radar,98,54,85,30,267,0,5,38,5,48,98,59,123,35,315,0,0,0,315
08/04/2021,BHM,AL,ASO,ES,Combined TRACON& Tower with Radar,82,44,105,49,280,0,5,59,11,75,82,49,164,60,355,4,0,4,359
08/05/2021,BHM,AL,ASO,ES,Combined TRACON& Tower with Radar,86,53,94,19,252,0,2,55,4,61,86,55,149,23,313,52,0,52,365
08/06/2021,BHM,AL,ASO,ES,Combined TRACON& Tower with Radar,89,48,78,25,240,0,1,53,3,57,89,49,131,28,297,16,0,16,313
08/07/2021,BHM,AL,ASO,ES,Combined TRACON& Tower with Radar,74,28,55,22,179,0,0,44,5,49,74,28,99,27,228,22,8,30,258
08/08/2021,BHM,AL,ASO,ES,Combined TRACON& Tower with Radar,85,25,79,2,191,0,1,31,7,39,85,26,110,9,230,0,0,0,230
08/09/2021,BHM,AL,ASO,ES,Combined TRACON& Tower with Radar,84,29,70,22,205,0,4,33,5,42,84,33,103,27,247,0,0,0,247
08/10/2021,BHM,AL,ASO,ES,Combined TRACON& Tower with Radar,82,43,88,11,224,0,1,33,0,34,82,44,121,11,258,14,0,14,272
08/11/2021,BHM,AL,ASO,ES,Combined TRACON& Tower with Radar,83,43,83,4,213,0,0,26,0,26,83,43,109,4,239,20,20,40,279
08/12/2021,BHM,AL,ASO,ES,Combined TRACON& Tower with Radar,92,48,99,11,250,0,0,52,2,54,92,48,151,13,304,12,0,12,316
08/13/2021,BHM,AL,ASO,ES,Combined TRACON& Tower with Radar,87,51,53,38,229,0,2,41,9,52,87,53,94,47,281,0,0,0,281
08/14/2021,BHM,AL,ASO,ES,Combined TRACON& Tower with Radar,77,32,31,16,156,0,2,47,2,51,77,34,78,18,207,10,0,10,217
08/15/2021,BHM,AL,ASO,ES,Combined TRACON& Tower with Radar,85,36,49,1,171,0,0,11,0,11,85,36,60,1,182,0,0,0,182
08/16/2021,BHM,AL,ASO,ES,Combined TRACON& Tower with Radar,82,40,68,11,201,0,2,41,1,44,82,42,109,12,245,29,0,29,274
08/17/2021,BHM,AL,ASO,ES,Combined TRACON& Tower with Radar,80,46,67,48,241,0,0,13,7,20,80,46,80,55,261,16,0,16,277
08/18/2021,BHM,AL,ASO,ES,Combined TRACON& Tower with Radar,88,43,93,58,282,0,0,49,9,58,88,43,142,67,340,0,0,0,340
08/19/2021,BHM,AL,ASO,ES,Combined TRACON& Tower with Radar,91,54,91,1,237,0,3,5,0,8,91,57,96,1,245,0,0,0,245
08/20/2021,BHM,AL,ASO,ES,Combined TRACON& Tower with Radar,90,39,64,25,218,0,0,4,0,4,90,39,68,25,222,0,0,0,222
08/21/2021,BHM,AL,ASO,ES,Combined TRACON& Tower with Radar,75,18,22,0,115,0,1,8,2,11,75,19,30,2,126,0,0,0,126
08/22/2021,BHM,AL,ASO,ES,Combined TRACON& Tower with Radar,90,22,39,7,158,0,1,13,1,15,90,23,52,8,173,13,0,13,186
08/23/2021,BHM,AL,ASO,ES,Combined TRACON& Tower with Radar,84,35,67,11,197,0,4,72,9,85,84,39,139,20,282,0,0,0,282
08/24/2021,BHM,AL,ASO,ES,Combined TRACON& Tower with Radar,81,45,63,27,216,0,3,52,2,57,81,48,115,29,273,4,4,8,281
08/25/2021,BHM,AL,ASO,ES,Combined TRACON& Tower with Radar,86,46,100,16,248,0,7,58,0,65,86,53,158,16,313,0,0,0,313
08/26/2021,BHM,AL,ASO,ES,Combined TRACON& Tower with Radar,89,38,95,17,239,0,4,24,11,39,89,42,119,28,278,22,0,22,300
08/27/2021,BHM,AL,ASO,ES,Combined TRACON& Tower with Radar,91,37,79,12,219,0,8,31,8,47,91,45,110,20,266,8,0,8,274
08/28/2021,BHM,AL,ASO,ES,Combined TRACON& Tower with Radar,77,18,53,1,149,0,5,19,0,24,77,23,72,1,173,0,0,0,173
08/29/2021,BHM,AL,ASO,ES,Combined TRACON& Tower with Radar,93,21,40,6,160,0,1,8,1,10,93,22,48,7,170,0,0,0,170
08/30/2021,BHM,AL,ASO,ES,Combined TRACON& Tower with Radar,74,26,43,0,143,0,0,1,0,1,74,26,44,0,144,0,0,0,144
08/31/2021,BHM,AL,ASO,ES,Combined TRACON& Tower with Radar,93,37,44,0,174,0,0,0,0,0,93,37,44,0,174,0,0,0,174
09/01/2021,BHM,AL,ASO,ES,Combined TRACON& Tower with Radar,87,58,84,13,242,0,0,39,1,40,87,58,123,14,282,12,0,12,294
09/02/2021,BHM,AL,ASO,ES,Combined TRACON& Tower with Radar,90,53,84,19,246,0,5,53,11,69,90,58,137,30,315,0,0,0,315
09/03/2021,BHM,AL,ASO,ES,Combined TRACON& Tower with Radar,92,44,89,0,225,1,3,64,0,68,93,47,153,0,293,5,0,5,298
09/04/2021,BHM,AL,ASO,ES,Combined TRACON& Tower with Radar,74,22,29,0,125,0,4,43,0,47,74,26,72,0,172,12,0,12,184
09/05/2021,BHM,AL,ASO,ES,Combined TRACON& Tower with Radar,76,11,40,1,128,0,0,32,0,32,76,11,72,1,160,0,0,0,160
09/06/2021,BHM,AL,ASO,ES,Combined TRACON& Tower with Radar,74,14,64,0,152,0,2,15,0,17,74,16,79,0,169,0,0,0,169
09/07/2021,BHM,AL,ASO,ES,Combined TRACON& Tower with Radar,77,38,91,25,231,0,2,33,3,38,77,40,124,28,269,0,0,0,269
09/08/2021,BHM,AL,ASO,ES,Combined TRACON& Tower with Radar,77,58,89,30,254,0,1,22,1,24,77,59,111,31,278,8,0,8,286
09/09/2021,BHM,AL,ASO,ES,Combined TRACON& Tower with Radar,89,59,89,30,267,0,1,48,10,59,89,60,137,40,326,0,0,0,326
09/10/2021,BHM,AL,ASO,ES,Combined TRACON& Tower with Radar,94,46,89,20,249,0,2,44,13,59,94,48,133,33,308,0,6,6,314
09/11/2021,BHM,AL,ASO,ES,Combined TRACON& Tower with Radar,74,21,31,2,128,0,2,56,18,76,74,23,87,20,204,0,0,0,204
09/12/2021,BHM,AL,ASO,ES,Combined TRACON& Tower with Radar,88,28,48,3,167,0,3,43,8,54,88,31,91,11,221,8,0,8,229
09/13/2021,BHM,AL,ASO,ES,Combined TRACON& Tower with Radar,89,29,66,36,220,0,1,37,0,38,89,30,103,36,258,10,0,10,268
09/14/2021,BHM,AL,ASO,ES,Combined TRACON& Tower with Radar,76,62,91,58,287,0,1,19,3,23,76,63,110,61,310,30,0,30,340
09/15/2021,BHM,AL,ASO,ES,Combined TRACON& Tower with Radar,80,53,87,38,258,0,1,3,2,6,80,54,90,40,264,0,0,0,264
09/16/2021,BHM,AL,ASO,ES,Combined TRACON& Tower with Radar,98,59,91,36,284,0,0,1,0,1,98,59,92,36,285,0,0,0,285
09/17/2021,BHM,AL,ASO,ES,Combined TRACON& Tower with Radar,98,55,89,24,266,0,0,7,10,17,98,55,96,34,283,0,0,0,283
09/18/2021,BHM,AL,ASO,ES,Combined TRACON& Tower with Radar,84,23,45,0,152,0,1,3,1,5,84,24,48,1,157,16,0,16,173
09/19/2021,BHM,AL,ASO,ES,Combined TRACON& Tower with Radar,96,29,71,6,202,0,0,0,0,0,96,29,71,6,202,0,0,0,202
09/20/2021,BHM,AL,ASO,ES,Combined TRACON& Tower with Radar,89,37,73,43,242,0,0,11,0,11,89,37,84,43,253,0,0,0,253
09/21/2021,BHM,AL,ASO,ES,Combined TRACON& Tower with Radar,76,50,97,13,236,0,1,18,2,21,76,51,115,15,257,0,0,0,257
09/22/2021,BHM,AL,ASO,ES,Combined TRACON& Tower with Radar,80,42,97,8,227,0,5,25,5,35,80,47,122,13,262,0,0,0,262
09/23/2021,BHM,AL,ASO,ES,Combined TRACON& Tower with Radar,94,44,101,12,251,0,5,54,7,66,94,49,155,19,317,26,0,26,343
09/24/2021,BHM,AL,ASO,ES,Combined TRACON& Tower with Radar,101,43,88,8,240,0,6,51,7,64,101,49,139,15,304,20,0,20,324
09/25/2021,BHM,AL,ASO,ES,Combined TRACON& Tower with Radar,76,25,58,0,159,0,4,69,0,73,76,29,127,0,232,0,0,0,232
09/26/2021,BHM,AL,ASO,ES,Combined TRACON& Tower with Radar,102,33,69,0,204,0,2,59,1,62,102,35,128,1,266,3,0,3,269
09/27/2021,BHM,AL,ASO,ES,Combined TRACON& Tower with Radar,89,30,64,23,206,0,2,55,2,59,89,32,119,25,265,0,0,0,265
09/28/2021,BHM,AL,ASO,ES,Combined TRACON& Tower with Radar,76,55,63,17,211,0,2,50,0,52,76,57,113,17,263,0,0,0,263
09/29/2021,BHM,AL,ASO,ES,Combined TRACON& Tower with Radar,84,55,79,22,240,0,3,48,8,59,84,58,127,30,299,11,0,11,310
09/30/2021,BHM,AL,ASO,ES,Combined TRACON& Tower with Radar,92,55,99,10,256,0,3,34,10,47,92,58,133,20,303,24,0,24,327
10/01/2021,BHM,AL,ASO,ES,Combined TRACON& Tower with Radar,97,48,80,47,272,0,2,53,8,63,97,50,133,55,335,0,0,0,335
10/02/2021,BHM,AL,ASO,ES,Combined TRACON& Tower with Radar,81,28,49,3,161,0,0,40,2,42,81,28,89,5,203,10,0,10,213
10/03/2021,BHM,AL,ASO,ES,Combined TRACON& Tower with Radar,93,32,82,5,212,0,0,7,9,16,93,32,89,14,228,0,0,0,228
10/04/2021,BHM,AL,ASO,ES,Combined TRACON& Tower with Radar,91,36,61,6,194,0,0,9,0,9,91,36,70,6,203,0,0,0,203
10/05/2021,BHM,AL,ASO,ES,Combined TRACON& Tower with Radar,75,53,67,4,199,0,0,2,0,2,75,53,69,4,201,0,0,0,201
10/06/2021,BHM,AL,ASO,ES,Combined TRACON& Tower with Radar,81,56,79,22,238,0,0,6,0,6,81,56,85,22,244,0,0,0,244
10/07/2021,BHM,AL,ASO,ES,Combined TRACON& Tower with Radar,99,72,118,15,304,0,1,24,3,28,99,73,142,18,332,0,0,0,332
10/08/2021,BHM,AL,ASO,ES,Combined TRACON& Tower with Radar,99,58,106,6,269,0,3,65,3,71,99,61,171,9,340,0,0,0,340
10/09/2021,BHM,AL,ASO,ES,Combined TRACON& Tower with Radar,80,30,57,0,167,0,1,46,1,48,80,31,103,1,215,20,0,20,235
10/10/2021,BHM,AL,ASO,ES,Combined TRACON& Tower with Radar,85,35,78,0,198,0,1,43,0,44,85,36,121,0,242,8,0,8,250
10/11/2021,BHM,AL,ASO,ES,Combined TRACON& Tower with Radar,92,63,102,3,260,0,2,29,0,31,92,65,131,3,291,0,0,0,291
10/12/2021,BHM,AL,ASO,ES,Combined TRACON& Tower with Radar,87,45,88,12,232,0,2,28,0,30,87,47,116,12,262,0,0,0,262
10/13/2021,BHM,AL,ASO,ES,Combined TRACON& Tower with Radar,93,58,91,17,259,0,2,43,1,46,93,60,134,18,305,0,0,0,305
10/14/2021,BHM,AL,ASO,ES,Combined TRACON& Tower with Radar,102,66,93,15,276,0,1,51,1,53,102,67,144,16,329,0,0,0,329
10/15/2021,BHM,AL,ASO,ES,Combined TRACON& Tower with Radar,101,57,93,45,296,0,2,54,2,58,101,59,147,47,354,0,0,0,354
10/16/2021,BHM,AL,ASO,ES,Combined TRACON& Tower with Radar,83,29,59,0,171,0,2,14,2,18,83,31,73,2,189,0,0,0,189
10/17/2021,BHM,AL,ASO,ES,Combined TRACON& Tower with Radar,91,27,79,4,201,0,2,33,3,38,91,29,112,7,239,0,0,0,239
10/18/2021,BHM,AL,ASO,ES,Combined TRACON& Tower with Radar,94,51,87,14,246,0,1,40,6,47,94,52,127,20,293,22,0,22,315
10/19/2021,BHM,AL,ASO,ES,Combined TRACON& Tower with Radar,90,46,86,25,247,0,11,60,1,72,90,57,146,26,319,0,0,0,319
10/20/2021,BHM,AL,ASO,ES,Combined TRACON& Tower with Radar,90,45,98,33,266,0,2,52,5,59,90,47,150,38,325,22,2,24,349
10/21/2021,BHM,AL,ASO,ES,Combined TRACON& Tower with Radar,92,61,120,27,300,0,3,16,4,23,92,64,136,31,323,0,10,10,333
10/22/2021,BHM,AL,ASO,ES,Combined TRACON& Tower with Radar,103,54,79,9,245,0,4,44,5,53,103,58,123,14,298,0,0,0,298
10/23/2021,BHM,AL,ASO,ES,Combined TRACON& Tower with Radar,87,34,50,0,171,0,2,53,6,61,87,36,103,6,232,0,0,0,232
10/24/2021,BHM,AL,ASO,ES,Combined TRACON& Tower with Radar,88,34,77,5,204,0,3,43,1,47,88,37,120,6,251,28,0,28,279
10/25/2021,BHM,AL,ASO,ES,Combined TRACON& Tower with Radar,94,49,98,6,247,0,2,15,1,18,94,51,113,7,265,6,0,6,271
10/26/2021,BHM,AL,ASO,ES,Combined TRACON& Tower with Radar,87,60,124,17,288,0,5,36,8,49,87,65,160,25,337,17,6,23,360
10/27/2021,BHM,AL,ASO,ES,Combined TRACON& Tower with Radar,91,66,141,26,324,0,0,54,2,56,91,66,195,28,380,0,0,0,380
10/28/2021,BHM,AL,ASO,ES,Combined TRACON& Tower with Radar,93,51,119,17,280,0,0,2,3,5,93,51,121,20,285,0,6,6,291
10/29/2021,BHM,AL,ASO,ES,Combined TRACON& Tower with Radar,100,46,90,2,238,0,0,0,0,0,100,46,90,2,238,0,0,0,238
10/30/2021,BHM,AL,ASO,ES,Combined TRACON& Tower with Radar,76,28,58,0,162,0,0,0,0,0,76,28,58,0,162,0,0,0,162
10/31/2021,BHM,AL,ASO,ES,Combined TRACON& Tower with Radar,65,45,65,0,175,0,2,38,2,42,65,47,103,2,217,0,0,0,217
11/01/2021,BHM,AL,ASO,ES,Combined TRACON& Tower with Radar,79,44,77,3,203,0,2,43,3,48,79,46,120,6,251,4,0,4,255
11/02/2021,BHM,AL,ASO,ES,Combined TRACON& Tower with Radar,69,70,82,4,225,0,2,39,2,43,69,72,121,6,268,0,0,0,268
11/03/2021,BHM,AL,ASO,ES,Combined TRACON& Tower with Radar,74,73,105,12,264,0,1,12,1,14,74,74,117,13,278,0,0,0,278
11/04/2021,BHM,AL,ASO,ES,Combined TRACON& Tower with Radar,82,57,108,18,265,0,0,1,0,1,82,57,109,18,266,0,0,0,266
11/05/2021,BHM,AL,ASO,ES,Combined TRACON& Tower with Radar,90,86,121,29,326,0,4,32,6,42,90,90,153,35,368,0,4,4,372
11/06/2021,BHM,AL,ASO,ES,Combined TRACON& Tower with Radar,74,44,58,1,177,0,2,47,8,57,74,46,105,9,234,0,0,0,234
11/07/2021,BHM,AL,ASO,ES,Combined TRACON& Tower with Radar,79,55,69,6,209,0,1,40,5,46,79,56,109,11,255,0,0,0,255
11/08/2021,BHM,AL,ASO,ES,Combined TRACON& Tower with Radar,81,59,74,14,228,0,4,43,4,51,81,63,117,18,279,0,0,0,279
11/09/2021,BHM,AL,ASO,ES,Combined TRACON& Tower with Radar,70,70,85,27,252,0,4,33,4,41,70,74,118,31,293,0,0,0,293
11/10/2021,BHM,AL,ASO,ES,Combined TRACON& Tower with Radar,76,81,89,14,260,0,5,38,9,52,76,86,127,23,312,0,0,0,312
11/11/2021,BHM,AL,ASO,ES,Combined TRACON& Tower with Radar,82,80,97,3,262,0,1,12,0,13,82,81,109,3,275,0,0,0,275
11/12/2021,BHM,AL,ASO,ES,Combined TRACON& Tower with Radar,93,64,98,8,263,0,3,35,1,39,93,67,133,9,302,0,0,0,302
11/13/2021,BHM,AL,ASO,ES,Combined TRACON& Tower with Radar,73,36,47,2,158,0,7,35,0,42,73,43,82,2,200,0,0,0,200
11/14/2021,BHM,AL,ASO,ES,Combined TRACON& Tower with Radar,83,46,93,5,227,0,3,26,1,30,83,49,119,6,257,0,0,0,257
11/15/2021,BHM,AL,ASO,ES,Combined TRACON& Tower with Radar,81,52,82,6,221,0,5,41,7,53,81,57,123,13,274,28,0,28,302
11/16/2021,BHM,AL,ASO,ES,Combined TRACON& Tower with Radar,70,62,100,32,264,0,5,25,0,30,70,67,125,32,294,26,6,32,326
11/17/2021,BHM,AL,ASO,ES,Combined TRACON& Tower with Radar,77,71,111,33,292,0,1,45,1,47,77,72,156,34,339,0,0,0,339
11/18/2021,BHM,AL,ASO,ES,Combined TRACON& Tower with Radar,79,70,105,24,278,0,0,3,10,13,79,70,108,34,291,0,0,0,291
11/19/2021,BHM,AL,ASO,ES,Combined TRACON& Tower with Radar,90,67,105,2,264,0,4,43,9,56,90,71,148,11,320,0,0,0,320
11/20/2021,BHM,AL,ASO,ES,Combined TRACON& Tower with Radar,73,37,63,0,173,0,3,57,5,65,73,40,120,5,238,30,0,30,268
11/21/2021,BHM,AL,ASO,ES,Combined TRACON& Tower with Radar,80,39,68,2,189,0,1,27,1,29,80,40,95,3,218,0,0,0,218
11/22/2021,BHM,AL,ASO,ES,Combined TRACON& Tower with Radar,75,48,63,33,219,0,2,23,4,29,75,50,86,37,248,4,0,4,252
11/23/2021,BHM,AL,ASO,ES,Combined TRACON& Tower with Radar,84,70,79,34,267,0,3,45,6,54,84,73,124,40,321,8,0,8,329
11/24/2021,BHM,AL,ASO,ES,Combined TRACON& Tower with Radar,89,61,59,1,210,0,2,32,1,35,89,63,91,2,245,0,0,0,245
11/25/2021,BHM,AL,ASO,ES,Combined TRACON& Tower with Radar,50,41,14,0,105,0,0,17,0,17,50,41,31,0,122,0,0,0,122
11/26/2021,BHM,AL,ASO,ES,Combined TRACON& Tower with Radar,61,44,41,0,146,0,1,28,0,29,61,45,69,0,175,0,0,0,175
11/27/2021,BHM,AL,ASO,ES,Combined TRACON& Tower with Radar,81,46,59,0,186,0,1,26,1,28,81,47,85,1,214,16,0,16,230
11/28/2021,BHM,AL,ASO,ES,Combined TRACON& Tower with Radar,86,56,93,0,235,0,2,22,2,26,86,58,115,2,261,16,0,16,277
11/29/2021,BHM,AL,ASO,ES,Combined TRACON& Tower with Radar,84,44,88,8,224,0,1,23,1,25,84,45,111,9,249,4,0,4,253
11/30/2021,BHM,AL,ASO,ES,Combined TRACON& Tower with Radar,83,50,83,28,244,0,6,44,6,56,83,56,127,34,300,0,0,0,300
12/01/2021,BHM,AL,ASO,ES,Combined TRACON& Tower with Radar,74,61,104,33,272,0,4,36,3,43,74,65,140,36,315,0,0,0,315
12/02/2021,BHM,AL,ASO,ES,Combined TRACON& Tower with Radar,86,57,118,39,300,0,0,38,5,43,86,57,156,44,343,0,0,0,343
12/03/2021,BHM,AL,ASO,ES,Combined TRACON& Tower with Radar,87,47,97,47,278,0,3,36,7,46,87,50,133,54,324,8,0,8,332
12/04/2021,BHM,AL,ASO,ES,Combined TRACON& Tower with Radar,67,33,66,13,179,0,2,10,0,12,67,35,76,13,191,0,0,0,191
12/05/2021,BHM,AL,ASO,ES,Combined TRACON& Tower with Radar,79,35,65,4,183,0,2,23,0,25,79,37,88,4,208,12,0,12,220
12/06/2021,BHM,AL,ASO,ES,Combined TRACON& Tower with Radar,77,40,86,0,203,0,1,2,0,3,77,41,88,0,206,0,0,0,206
12/07/2021,BHM,AL,ASO,ES,Combined TRACON& Tower with Radar,79,65,108,66,318,0,3,28,1,32,79,68,136,67,350,0,10,10,360
12/08/2021,BHM,AL,ASO,ES,Combined TRACON& Tower with Radar,83,67,101,20,271,0,5,25,6,36,83,72,126,26,307,0,0,0,307
12/09/2021,BHM,AL,ASO,ES,Combined TRACON& Tower with Radar,88,59,96,52,295,0,3,23,6,32,88,62,119,58,327,0,0,0,327
12/10/2021,BHM,AL,ASO,ES,Combined TRACON& Tower with Radar,87,50,87,4,228,0,0,0,0,0,87,50,87,4,228,0,0,0,228
12/11/2021,BHM,AL,ASO,ES,Combined TRACON& Tower with Radar,73,25,19,0,117,0,0,2,2,4,73,25,21,2,121,0,0,0,121
12/12/2021,BHM,AL,ASO,ES,Combined TRACON& Tower with Radar,78,47,64,5,194,0,9,46,3,58,78,56,110,8,252,0,0,0,252
12/13/2021,BHM,AL,ASO,ES,Combined TRACON& Tower with Radar,83,45,68,19,215,0,3,45,0,48,83,48,113,19,263,0,0,0,263
12/14/2021,BHM,AL,ASO,ES,Combined TRACON& Tower with Radar,78,69,98,67,312,0,6,53,1,60,78,75,151,68,372,50,16,66,438
12/15/2021,BHM,AL,ASO,ES,Combined TRACON& Tower with Radar,79,70,110,33,292,0,0,18,3,21,79,70,128,36,313,0,0,0,313
12/16/2021,BHM,AL,ASO,ES,Combined TRACON& Tower with Radar,83,67,102,39,291,0,0,35,8,43,83,67,137,47,334,0,0,0,334
12/17/2021,BHM,AL,ASO,ES,Combined TRACON& Tower with Radar,84,43,98,14,239,0,0,2,6,8,84,43,100,20,247,0,0,0,247
12/18/2021,BHM,AL,ASO,ES,Combined TRACON& Tower with Radar,75,48,38,0,161,0,0,1,0,1,75,48,39,0,162,0,0,0,162
12/19/2021,BHM,AL,ASO,ES,Combined TRACON& Tower with Radar,74,38,65,4,181,0,3,6,0,9,74,41,71,4,190,0,0,0,190
12/20/2021,BHM,AL,ASO,ES,Combined TRACON& Tower with Radar,77,44,61,10,192,0,0,3,0,3,77,44,64,10,195,0,0,0,195
12/21/2021,BHM,AL,ASO,ES,Combined TRACON& Tower with Radar,79,62,92,43,276,0,2,22,3,27,79,64,114,46,303,0,0,0,303
12/22/2021,BHM,AL,ASO,ES,Combined TRACON& Tower with Radar,80,49,72,19,220,0,0,46,17,63,80,49,118,36,283,0,0,0,283
12/23/2021,BHM,AL,ASO,ES,Combined TRACON& Tower with Radar,84,39,66,18,207,0,10,48,3,61,84,49,114,21,268,0,0,0,268
12/24/2021,BHM,AL,ASO,ES,Combined TRACON& Tower with Radar,63,32,27,0,122,0,2,11,1,14,63,34,38,1,136,0,0,0,136
12/25/2021,BHM,AL,ASO,ES,Combined TRACON& Tower with Radar,57,32,12,0,101,0,0,15,3,18,57,32,27,3,119,0,0,0,119
12/26/2021,BHM,AL,ASO,ES,Combined TRACON& Tower with Radar,66,32,77,0,175,0,0,10,2,12,66,32,87,2,187,0,0,0,187
12/27/2021,BHM,AL,ASO,ES,Combined TRACON& Tower with Radar,72,46,72,0,190,0,1,11,2,14,72,47,83,2,204,0,0,0,204
12/28/2021,BHM,AL,ASO,ES,Combined TRACON& Tower with Radar,81,46,77,5,209,0,1,4,2,7,81,47,81,7,216,0,0,0,216
12/29/2021,BHM,AL,ASO,ES,Combined TRACON& Tower with Radar,74,32,54,4,164,0,3,10,0,13,74,35,64,4,177,0,0,0,177
12/30/2021,BHM,AL,ASO,ES,Combined TRACON& Tower with Radar,74,34,62,0,170,0,0,1,0,1,74,34,63,0,171,0,0,0,171
12/31/2021,BHM,AL,ASO,ES,Combined TRACON& Tower with Radar,58,35,46,0,139,0,1,1,2,4,58,36,47,2,143,0,0,0,143
01/01/2022,BHM,AL,ASO,ES,Combined TRACON& Tower with Radar,67,33,29,0,129,0,1,3,0,4,67,34,32,0,133,0,0,0,133
01/02/2022,BHM,AL,ASO,ES,Combined TRACON& Tower with Radar,67,22,69,0,158,0,0,2,0,2,67,22,71,0,160,0,0,0,160
01/03/2022,BHM,AL,ASO,ES,Combined TRACON& Tower with Radar,63,44,78,2,187,0,0,0,0,0,63,44,78,2,187,0,0,0,187
01/04/2022,BHM,AL,ASO,ES,Combined TRACON& Tower with Radar,69,42,59,11,181,0,4,37,0,41,69,46,96,11,222,0,0,0,222
01/05/2022,BHM,AL,ASO,ES,Combined TRACON& Tower with Radar,71,45,82,45,243,0,1,12,3,16,71,46,94,48,259,0,0,0,259
01/06/2022,BHM,AL,ASO,ES,Combined TRACON& Tower with Radar,67,59,45,4,175,0,0,1,0,1,67,59,46,4,176,0,0,0,176
01/07/2022,BHM,AL,ASO,ES,Combined TRACON& Tower with Radar,75,41,50,25,191,0,0,53,14,67,75,41,103,39,258,0,0,0,258
01/08/2022,BHM,AL,ASO,ES,Combined TRACON& Tower with Radar,63,31,46,16,156,0,3,42,7,52,63,34,88,23,208,0,0,0,208
01/09/2022,BHM,AL,ASO,ES,Combined TRACON& Tower with Radar,66,34,51,0,151,0,1,0,0,1,66,35,51,0,152,0,0,0,152
01/10/2022,BHM,AL,ASO,ES,Combined TRACON& Tower with Radar,75,50,98,3,226,0,10,19,4,33,75,60,117,7,259,0,0,0,259
01/11/2022,BHM,AL,ASO,ES,Combined TRACON& Tower with Radar,82,61,130,27,300,0,4,43,12,59,82,65,173,39,359,0,0,0,359
01/12/2022,BHM,AL,ASO,ES,Combined TRACON& Tower with Radar,73,39,95,19,226,0,0,54,6,60,73,39,149,25,286,0,0,0,286
01/13/2022,BHM,AL,ASO,ES,Combined TRACON& Tower with Radar,74,56,63,39,232,0,0,49,6,55,74,56,112,45,287,0,0,0,287
01/14/2022,BHM,AL,ASO,ES,Combined TRACON& Tower with Radar,76,49,69,12,206,0,3,60,0,63,76,52,129,12,269,0,0,0,269
01/15/2022,BHM,AL,ASO,ES,Combined TRACON& Tower with Radar,58,24,42,0,124,0,0,17,0,17,58,24,59,0,141,0,0,0,141
01/16/2022,BHM,AL,ASO,ES,Combined TRACON& Tower with Radar,47,23,25,0,95,0,0,0,0,0,47,23,25,0,95,0,0,0,95
01/17/2022,BHM,AL,ASO,ES,Combined TRACON& Tower with Radar,66,50,47,0,163,0,1,9,0,10,66,51,56,0,173,0,0,0,173
01/18/2022,BHM,AL,ASO,ES,Combined TRACON& Tower with Radar,66,49,72,17,204,0,1,44,0,45,66,50,116,17,249,0,0,0,249
01/19/2022,BHM,AL,ASO,ES,Combined TRACON& Tower with Radar,72,55,77,32,236,0,4,29,3,36,72,59,106,35,272,0,0,0,272
01/20/2022,BHM,AL,ASO,ES,Combined TRACON& Tower with Radar,79,50,76,32,237,0,0,3,5,8,79,50,79,37,245,0,0,0,245
01/21/2022,BHM,AL,ASO,ES,Combined TRACON& Tower with Radar,83,55,64,30,232,0,0,4,8,12,83,55,68,38,244,0,0,0,244
01/22/2022,BHM,AL,ASO,ES,Combined TRACON& Tower with Radar,54,28,54,0,136,0,0,46,6,52,54,28,100,6,188,0,0,0,188
01/23/2022,BHM,AL,ASO,ES,Combined TRACON& Tower with Radar,64,34,62,1,161,0,3,57,7,67,64,37,119,8,228,0,0,0,228
01/24/2022,BHM,AL,ASO,ES,Combined TRACON& Tower with Radar,72,44,93,12,221,0,3,30,1,34,72,47,123,13,255,0,0,0,255
01/25/2022,BHM,AL,ASO,ES,Combined TRACON& Tower with Radar,72,54,91,44,261,0,2,47,4,53,72,56,138,48,314,0,0,0,314
01/26/2022,BHM,AL,ASO,ES,Combined TRACON& Tower with Radar,76,53,63,21,213,0,2,34,7,43,76,55,97,28,256,0,0,0,256
01/27/2022,BHM,AL,ASO,ES,Combined TRACON& Tower with Radar,74,66,80,50,270,0,4,50,13,67,74,70,130,63,337,0,0,0,337
01/28/2022,BHM,AL,ASO,ES,Combined TRACON& Tower with Radar,93,64,46,18,221,0,4,44,2,50,93,68,90,20,271,0,0,0,271
01/29/2022,BHM,AL,ASO,ES,Combined TRACON& Tower with Radar,57,35,39,0,131,0,3,40,2,45,57,38,79,2,176,0,0,0,176
01/30/2022,BHM,AL,ASO,ES,Combined TRACON& Tower with Radar,62,42,55,0,159,0,1,32,2,35,62,43,87,2,194,0,0,0,194
01/31/2022,BHM,AL,ASO,ES,Combined TRACON& Tower with Radar,74,37,78,5,194,0,2,37,0,39,74,39,115,5,233,0,0,0,233
02/01/2022,BHM,AL,ASO,ES,Combined TRACON& Tower with Radar,78,45,78,31,232,0,1,34,10,45,78,46,112,41,277,0,0,0,277
02/02/2022,BHM,AL,ASO,ES,Combined TRACON& Tower with Radar,72,39,65,8,184,0,1,2,0,3,72,40,67,8,187,0,0,0,187
02/03/2022,BHM,AL,ASO,ES,Combined TRACON& Tower with Radar,71,48,32,0,151,0,0,0,0,0,71,48,32,0,151,0,0,0,151
02/04/2022,BHM,AL,ASO,ES,Combined TRACON& Tower with Radar,70,43,40,1,154,0,0,0,2,2,70,43,40,3,156,0,0,0,156
02/05/2022,BHM,AL,ASO,ES,Combined TRACON& Tower with Radar,51,27,44,2,124,0,0,20,11,31,51,27,64,13,155,0,0,0,155
02/06/2022,BHM,AL,ASO,ES,Combined TRACON& Tower with Radar,66,33,45,6,150,0,3,55,0,58,66,36,100,6,208,0,0,0,208
02/07/2022,BHM,AL,ASO,ES,Combined TRACON& Tower with Radar,79,31,58,31,199,0,9,36,0,45,79,40,94,31,244,8,0,8,252
02/08/2022,BHM,AL,ASO,ES,Combined TRACON& Tower with Radar,78,43,80,26,227,0,9,51,4,64,78,52,131,30,291,10,0,10,301
02/09/2022,BHM,AL,ASO,ES,Combined TRACON& Tower with Radar,76,52,84,22,234,0,6,60,3,69,76,58,144,25,303,0,0,0,303
02/10/2022,BHM,AL,ASO,ES,Combined TRACON& Tower with Radar,85,72,103,4,264,0,4,33,10,47,85,76,136,14,311,0,0,0,311
02/11/2022,BHM,AL,ASO,ES,Combined TRACON& Tower with Radar,89,62,93,28,272,0,1,45,11,57,89,63,138,39,329,0,0,0,329
02/12/2022,BHM,AL,ASO,ES,Combined TRACON& Tower with Radar,58,45,34,12,149,0,3,47,9,59,58,48,81,21,208,0,0,0,208
02/13/2022,BHM,AL,ASO,ES,Combined TRACON& Tower with Radar,65,30,47,5,147,0,1,20,7,28,65,31,67,12,175,6,0,6,181
02/14/2022,BHM,AL,ASO,ES,Combined TRACON& Tower with Radar,86,33,48,11,178,0,4,54,1,59,86,37,102,12,237,36,0,36,273
02/15/2022,BHM,AL,ASO,ES,Combined TRACON& Tower with Radar,85,70,90,6,251,0,1,30,2,33,85,71,120,8,284,14,0,14,298
02/16/2022,BHM,AL,ASO,ES,Combined TRACON& Tower with Radar,75,54,109,11,249,0,2,25,5,32,75,56,134,16,281,16,0,16,297
02/17/2022,BHM,AL,ASO,ES,Combined TRACON& Tower with Radar,85,55,76,0,216,0,0,1,0,1,85,55,77,0,217,0,0,0,217
02/18/2022,BHM,AL,ASO,ES,Combined TRACON& Tower with Radar,86,46,120,6,258,0,0,16,1,17,86,46,136,7,275,0,0,0,275
02/19/2022,BHM,AL,ASO,ES,Combined TRACON& Tower with Radar,60,32,43,4,139,0,2,42,1,45,60,34,85,5,184,12,0,12,196
02/20/2022,BHM,AL,ASO,ES,Combined TRACON& Tower with Radar,61,40,76,1,178,0,0,46,0,46,61,40,122,1,224,0,0,0,224
02/21/2022,BHM,AL,ASO,ES,Combined TRACON& Tower with Radar,82,48,86,2,218,0,0,0,0,0,82,48,86,2,218,18,0,18,236
02/22/2022,BHM,AL,ASO,ES,Combined TRACON& Tower with Radar,85,64,94,29,272,0,2,9,4,15,85,66,103,33,287,0,0,0,287
02/23/2022,BHM,AL,ASO,ES,Combined TRACON& Tower with Radar,78,67,98,31,274,0,0,8,0,8,78,67,106,31,282,0,0,0,282
02/24/2022,BHM,AL,ASO,ES,Combined TRACON& Tower with Radar,78,75,106,32,291,0,0,3,4,7,78,75,109,36,298,0,0,0,298
02/25/2022,BHM,AL,ASO,ES,Combined TRACON& Tower with Radar,81,73,113,58,325,0,4,8,3,15,81,77,121,61,340,0,0,0,340
02/26/2022,BHM,AL,ASO,ES,Combined TRACON& Tower with Radar,62,24,63,6,155,0,1,19,4,24,62,25,82,10,179,0,0,0,179
02/27/2022,BHM,AL,ASO,ES,Combined TRACON& Tower with Radar,71,31,74,8,184,0,0,0,0,0,71,31,74,8,184,0,0,0,184
02/28/2022,BHM,AL,ASO,ES,Combined TRACON& Tower with Radar,78,47,87,15,227,0,2,50,6,58,78,49,137,21,285,0,0,0,285
03/01/2022,BHM,AL,ASO,ES,Combined TRACON& Tower with Radar,80,52,78,13,223,0,2,48,4,54,80,54,126,17,277,12,0,12,289
03/02/2022,BHM,AL,ASO,ES,Combined TRACON& Tower with Radar,76,61,88,20,245,0,6,47,6,59,76,67,135,26,304,0,12,12,316
03/03/2022,BHM,AL,ASO,ES,Combined TRACON& Tower with Radar,78,53,107,22,260,0,3,55,11,69,78,56,162,33,329,10,0,10,339
03/04/2022,BHM,AL,ASO,ES,Combined TRACON& Tower with Radar,84,49,106,11,250,0,7,56,5,68,84,56,162,16,318,0,0,0,318
03/05/2022,BHM,AL,ASO,ES,Combined TRACON& Tower with Radar,59,44,63,1,167,0,3,52,12,67,59,47,115,13,234,0,0,0,234
03/06/2022,BHM,AL,ASO,ES,Combined TRACON& Tower with Radar,67,47,77,2,193,0,5,24,3,32,67,52,101,5,225,0,0,0,225
03/07/2022,BHM,AL,ASO,ES,Combined TRACON& Tower with Radar,69,41,52,0,162,0,0,5,0,5,69,41,57,0,167,0,0,0,167
03/08/2022,BHM,AL,ASO,ES,Combined TRACON& Tower with Radar,80,63,77,15,235,0,1,12,1,14,80,64,89,16,249,0,8,8,257
03/09/2022,BHM,AL,ASO,ES,Combined TRACON& Tower with Radar,74,72,114,3,263,0,2,4,0,6,74,74,118,3,269,0,0,0,269
03/10/2022,BHM,AL,ASO,ES,Combined TRACON& Tower with Radar,86,67,91,30,274,0,1,55,2,58,86,68,146,32,332,0,0,0,332
03/11/2022,BHM,AL,ASO,ES,Combined TRACON& Tower with Radar,89,48,80,18,235,0,1,6,2,9,89,49,86,20,244,0,0,0,244
03/12/2022,BHM,AL,ASO,ES,Combined TRACON& Tower with Radar,73,35,51,2,161,0,0,11,4,15,73,35,62,6,176,0,0,0,176
03/13/2022,BHM,AL,ASO,ES,Combined TRACON& Tower with Radar,67,43,59,15,184,0,0,49,3,52,67,43,108,18,236,14,0,14,250
03/14/2022,BHM,AL,ASO,ES,Combined TRACON& Tower with Radar,81,39,58,29,207,0,1,50,2,53,81,40,108,31,260,0,0,0,260
03/15/2022,BHM,AL,ASO,ES,Combined TRACON& Tower with Radar,79,48,70,7,204,0,2,3,0,5,79,50,73,7,209,0,0,0,209
03/16/2022,BHM,AL,ASO,ES,Combined TRACON& Tower with Radar,80,60,92,6,238,0,1,2,0,3,80,61,94,6,241,0,0,0,241
03/17/2022,BHM,AL,ASO,ES,Combined TRACON& Tower with Radar,77,52,116,33,278,0,2,58,13,73,77,54,174,46,351,52,0,52,403
03/18/2022,BHM,AL,ASO,ES,Combined TRACON& Tower with Radar,91,42,53,6,192,0,1,1,0,2,91,43,54,6,194,0,0,0,194
03/19/2022,BHM,AL,ASO,ES,Combined TRACON& Tower with Radar,73,49,44,5,171,0,3,39,11,53,73,52,83,16,224,0,0,0,224
03/20/2022,BHM,AL,ASO,ES,Combined TRACON& Tower with Radar,72,35,59,1,167,0,2,58,4,64,72,37,117,5,231,0,0,0,231
03/21/2022,BHM,AL,ASO,ES,Combined TRACON& Tower with Radar,79,36,95,7,217,0,2,46,6,54,79,38,141,13,271,10,0,10,281
03/22/2022,BHM,AL,ASO,ES,Combined TRACON& Tower with Radar,70,40,75,15,200,0,1,8,3,12,70,41,83,18,212,0,0,0,212
03/23/2022,BHM,AL,ASO,ES,Combined TRACON& Tower with Radar,84,61,93,27,265,0,2,20,0,22,84,63,113,27,287,0,0,0,287
03/24/2022,BHM,AL,ASO,ES,Combined TRACON& Tower with Radar,78,69,124,21,292,0,1,39,4,44,78,70,163,25,336,0,0,0,336
03/25/2022,BHM,AL,ASO,ES,Combined TRACON& Tower with Radar,81,60,93,26,260,0,3,39,15,57,81,63,132,41,317,0,0,0,317
03/26/2022,BHM,AL,ASO,ES,Combined TRACON& Tower with Radar,68,42,60,8,178,0,3,28,4,35,68,45,88,12,213,12,0,12,225
03/27/2022,BHM,AL,ASO,ES,Combined TRACON& Tower with Radar,72,35,67,1,175,0,0,52,15,67,72,35,119,16,242,20,0,20,262
03/28/2022,BHM,AL,ASO,ES,Combined TRACON& Tower with Radar,81,31,78,19,209,0,3,57,1,61,81,34,135,20,270,0,0,0,270
03/29/2022,BHM,AL,ASO,ES,Combined TRACON& Tower with Radar,74,52,96,17,239,0,3,16,1,20,74,55,112,18,259,10,0,10,269
03/30/2022,BHM,AL,ASO,ES,Combined TRACON& Tower with Radar,74,40,69,10,193,0,2,11,2,15,74,42,80,12,208,0,0,0,208
03/31/2022,BHM,AL,ASO,ES,Combined TRACON& Tower with Radar,81,53,84,14,232,0,1,19,3,23,81,54,103,17,255,14,0,14,269
04/01/2022,BHM,AL,ASO,ES,Combined TRACON& Tower with Radar,76,61,100,23,260,0,3,56,9,68,76,64,156,32,328,0,0,0,328
04/02/2022,BHM,AL,ASO,ES,Combined TRACON& Tower with Radar,61,39,61,2,163,0,3,47,6,56,61,42,108,8,219,0,0,0,219
04/03/2022,BHM,AL,ASO,ES,Combined TRACON& Tower with Radar,64,45,90,9,208,0,7,46,10,63,64,52,136,19,271,0,0,0,271
04/04/2022,BHM,AL,ASO,ES,Combined TRACON& Tower with Radar,74,59,122,3,258,0,5,62,2,69,74,64,184,5,327,0,0,0,327
04/05/2022,BHM,AL,ASO,ES,Combined TRACON& Tower with Radar,75,51,65,6,197,0,1,9,0,10,75,52,74,6,207,0,0,0,207
04/06/2022,BHM,AL,ASO,ES,Combined TRACON& Tower with Radar,82,55,97,8,242,0,0,0,0,0,82,55,97,8,242,0,0,0,242
04/07/2022,BHM,AL,ASO,ES,Combined TRACON& Tower with Radar,84,50,115,8,257,0,0,42,6,48,84,50,157,14,305,0,0,0,305
04/08/2022,BHM,AL,ASO,ES,Combined TRACON& Tower with Radar,91,57,96,38,282,0,0,22,13,35,91,57,118,51,317,0,0,0,317
04/09/2022,BHM,AL,ASO,ES,Combined TRACON& Tower with Radar,74,28,35,2,139,0,5,27,0,32,74,33,62,2,171,0,0,0,171
04/10/2022,BHM,AL,ASO,ES,Combined TRACON& Tower with Radar,78,23,72,6,179,0,0,57,7,64,78,23,129,13,243,0,0,0,243
04/11/2022,BHM,AL,ASO,ES,Combined TRACON& Tower with Radar,84,47,79,10,220,0,0,8,5,13,84,47,87,15,233,0,6,6,239
04/12/2022,BHM,AL,ASO,ES,Combined TRACON& Tower with Radar,80,50,102,40,272,0,3,37,1,41,80,53,139,41,313,0,0,0,313
04/13/2022,BHM,AL,ASO,ES,Combined TRACON& Tower with Radar,80,48,114,13,255,0,4,13,0,17,80,52,127,13,272,0,0,0,272
04/14/2022,BHM,AL,ASO,ES,Combined TRACON& Tower with Radar,90,50,106,22,268,0,0,51,11,62,90,50,157,33,330,0,0,0,330
04/15/2022,BHM,AL,ASO,ES,Combined TRACON& Tower with Radar,84,60,89,21,254,0,1,54,1,56,84,61,143,22,310,4,0,4,314
04/16/2022,BHM,AL,ASO,ES,Combined TRACON& Tower with Radar,66,32,38,3,139,0,1,0,0,1,66,33,38,3,140,0,0,0,140
04/17/2022,BHM,AL,ASO,ES,Combined TRACON& Tower with Radar,76,45,31,0,152,0,0,4,0,4,76,45,35,0,156,12,0,12,168
04/18/2022,BHM,AL,ASO,ES,Combined TRACON& Tower with Radar,82,57,121,26,286,0,0,11,0,11,82,57,132,26,297,0,0,0,297
04/19/2022,BHM,AL,ASO,ES,Combined TRACON& Tower with Radar,83,58,127,29,297,0,4,78,8,90,83,62,205,37,387,0,0,0,387
04/20/2022,BHM,AL,ASO,ES,Combined TRACON& Tower with Radar,78,54,107,53,292,0,1,37,7,45,78,55,144,60,337,0,0,0,337
04/21/2022,BHM,AL,ASO,ES,Combined TRACON& Tower with Radar,82,66,111,21,280,0,0,54,5,59,82,66,165,26,339,0,0,0,339
04/22/2022,BHM,AL,ASO,ES,Combined TRACON& Tower with Radar,87,55,91,19,252,0,1,49,12,62,87,56,140,31,314,17,0,17,331
04/23/2022,BHM,AL,ASO,ES,Combined TRACON& Tower with Radar,72,40,69,0,181,0,1,39,3,43,72,41,108,3,224,0,0,0,224
04/24/2022,BHM,AL,ASO,ES,Combined TRACON& Tower with Radar,72,53,87,5,217,0,3,51,4,58,72,56,138,9,275,0,0,0,275
04/25/2022,BHM,AL,ASO,ES,Combined TRACON& Tower with Radar,83,39,82,20,224,0,1,33,1,35,83,40,115,21,259,10,0,10,269
04/26/2022,BHM,AL,ASO,ES,Combined TRACON& Tower with Radar,83,58,100,17,258,0,0,16,2,18,83,58,116,19,276,0,0,0,276
04/27/2022,BHM,AL,ASO,ES,Combined TRACON& Tower with Radar,81,56,130,30,297,0,1,63,3,67,81,57,193,33,364,0,0,0,364
04/28/2022,BHM,AL,ASO,ES,Combined TRACON& Tower with Radar,83,42,106,8,239,0,9,56,7,72,83,51,162,15,311,0,0,0,311
04/29/2022,BHM,AL,ASO,ES,Combined TRACON& Tower with Radar,87,62,99,26,274,0,4,41,10,55,87,66,140,36,329,0,0,0,329
04/30/2022,BHM,AL,ASO,ES,Combined TRACON& Tower with Radar,71,40,73,0,184,0,1,44,0,45,71,41,117,0,229,0,0,0,229
05/01/2022,BHM,AL,ASO,ES,Combined TRACON& Tower with Radar,77,35,85,8,205,0,1,28,0,29,77,36,113,8,234,0,0,0,234
05/02/2022,BHM,AL,ASO,ES,Combined TRACON& Tower with Radar,81,40,93,16,230,0,0,17,1,18,81,40,110,17,248,6,0,6,254
05/03/2022,BHM,AL,ASO,ES,Combined TRACON& Tower with Radar,85,50,89,30,254,0,2,25,2,29,85,52,114,32,283,0,0,0,283
05/04/2022,BHM,AL,ASO,ES,Combined TRACON& Tower with Radar,76,63,101,44,284,0,1,31,10,42,76,64,132,54,326,0,0,0,326
05/05/2022,BHM,AL,ASO,ES,Combined TRACON& Tower with Radar,88,57,98,11,254,0,1,39,3,43,88,58,137,14,297,22,0,22,319
05/06/2022,BHM,AL,ASO,ES,Combined TRACON& Tower with Radar,93,45,90,9,237,0,6,7,4,17,93,51,97,13,254,0,0,0,254
05/07/2022,BHM,AL,ASO,ES,Combined TRACON& Tower with Radar,72,31,61,2,166,0,7,28,2,37,72,38,89,4,203,0,0,0,203
05/08/2022,BHM,AL,ASO,ES,Combined TRACON& Tower with Radar,72,31,71,0,174,0,1,36,2,39,72,32,107,2,213,16,0,16,229
05/09/2022,BHM,AL,ASO,ES,Combined TRACON& Tower with Radar,91,62,90,10,253,1,0,52,0,53,92,62,142,10,306,0,0,0,306
05/10/2022,BHM,AL,ASO,ES,Combined TRACON& Tower with Radar,78,51,91,42,262,0,4,69,1,74,78,55,160,43,336,16,31,47,383
05/11/2022,BHM,AL,ASO,ES,Combined TRACON& Tower with Radar,79,70,116,19,284,0,3,65,0,68,79,73,181,19,352,0,0,0,352
05/12/2022,BHM,AL,ASO,ES,Combined TRACON& Tower with Radar,85,64,97,24,270,0,6,43,8,57,85,70,140,32,327,0,14,14,341
05/13/2022,BHM,AL,ASO,ES,Combined TRACON& Tower with Radar,90,57,67,41,255,0,3,68,9,80,90,60,135,50,335,0,0,0,335
05/14/2022,BHM,AL,ASO,ES,Combined TRACON& Tower with Radar,71,27,47,6,151,0,7,43,5,55,71,34,90,11,206,22,0,22,228
05/15/2022,BHM,AL,ASO,ES,Combined TRACON& Tower with Radar,71,39,70,6,186,0,3,38,14,55,71,42,108,20,241,0,0,0,241
05/16/2022,BHM,AL,ASO,ES,Combined TRACON& Tower with Radar,80,47,72,16,215,0,3,39,0,42,80,50,111,16,257,0,0,0,257
05/17/2022,BHM,AL,ASO,ES,Combined TRACON& Tower with Radar,79,73,74,46,272,0,7,47,8,62,79,80,121,54,334,0,0,0,334
05/18/2022,BHM,AL,ASO,ES,Combined TRACON& Tower with Radar,79,62,104,26,271,0,1,44,4,49,79,63,148,30,320,0,0,0,320
05/19/2022,BHM,AL,ASO,ES,Combined TRACON& Tower with Radar,88,64,122,50,324,0,0,47,13,60,88,64,169,63,384,0,0,0,384
05/20/2022,BHM,AL,ASO,ES,Combined TRACON& Tower with Radar,81,55,91,14,241,0,2,26,16,44,81,57,117,30,285,0,0,0,285
05/21/2022,BHM,AL,ASO,ES,Combined TRACON& Tower with Radar,69,36,60,7,172,0,2,27,4,33,69,38,87,11,205,0,0,0,205
05/22/2022,BHM,AL,ASO,ES,Combined TRACON& Tower with Radar,71,32,65,2,170,0,0,2,6,8,71,32,67,8,178,10,0,10,188
05/23/2022,BHM,AL,ASO,ES,Combined TRACON& Tower with Radar,86,38,82,14,220,0,1,9,1,11,86,39,91,15,231,10,0,10,241
05/24/2022,BHM,AL,ASO,ES,Combined TRACON& Tower with Radar,78,59,78,4,219,0,0,8,0,8,78,59,86,4,227,0,0,0,227
05/25/2022,BHM,AL,ASO,ES,Combined TRACON& Tower with Radar,78,60,62,5,205,0,0,7,1,8,78,60,69,6,213,0,0,0,213
05/26/2022,BHM,AL,ASO,ES,Combined TRACON& Tower with Radar,87,58,90,3,238,0,0,2,0,2,87,58,92,3,240,0,0,0,240
05/27/2022,BHM,AL,ASO,ES,Combined TRACON& Tower with Radar,89,57,94,0,240,0,2,49,0,51,89,59,143,0,291,0,0,0,291
05/28/2022,BHM,AL,ASO,ES,Combined TRACON& Tower with Radar,66,38,54,0,158,0,5,56,2,63,66,43,110,2,221,42,0,42,263
05/29/2022,BHM,AL,ASO,ES,Combined TRACON& Tower with Radar,71,21,31,0,123,0,1,16,0,17,71,22,47,0,140,0,0,0,140
05/30/2022,BHM,AL,ASO,ES,Combined TRACON& Tower with Radar,84,32,75,0,191,0,2,40,0,42,84,34,115,0,233,6,0,6,239
05/31/2022,BHM,AL,ASO,ES,Combined TRACON& Tower with Radar,80,57,87,50,274,0,1,33,2,36,80,58,120,52,310,0,0,0,310
06/01/2022,BHM,AL,ASO,ES,Combined TRACON& Tower with Radar,80,75,80,55,290,0,0,54,6,60,80,75,134,61,350,15,0,15,365
06/02/2022,BHM,AL,ASO,ES,Combined TRACON& Tower with Radar,74,43,91,29,237,0,1,15,4,20,74,44,106,33,257,0,0,0,257
06/03/2022,BHM,AL,ASO,ES,Combined TRACON& Tower with Radar,83,50,99,19,251,0,0,21,5,26,83,50,120,24,277,0,0,0,277
06/04/2022,BHM,AL,ASO,ES,Combined TRACON& Tower with Radar,63,43,50,24,180,0,2,64,9,75,63,45,114,33,255,0,0,0,255
06/05/2022,BHM,AL,ASO,ES,Combined TRACON& Tower with Radar,77,38,76,21,212,0,4,46,10,60,77,42,122,31,272,0,14,14,286
06/06/2022,BHM,AL,ASO,ES,Combined TRACON& Tower with Radar,82,42,89,2,215,0,2,51,1,54,82,44,140,3,269,0,0,0,269
06/07/2022,BHM,AL,ASO,ES,Combined TRACON& Tower with Radar,76,56,89,24,245,0,0,36,7,43,76,56,125,31,288,38,0,38,326
06/08/2022,BHM,AL,ASO,ES,Combined TRACON& Tower with Radar,77,61,86,9,233,0,0,5,0,5,77,61,91,9,238,9,0,9,247
06/09/2022,BHM,AL,ASO,ES,Combined TRACON& Tower with Radar,82,69,95,42,288,0,1,14,5,20,82,70,109,47,308,0,0,0,308
06/10/2022,BHM,AL,ASO,ES,Combined TRACON& Tower with Radar,85,54,98,28,265,0,7,54,11,72,85,61,152,39,337,0,0,0,337
06/11/2022,BHM,AL,ASO,ES,Combined TRACON& Tower with Radar,64,31,37,3,135,0,2,47,3,52,64,33,84,6,187,0,0,0,187
06/12/2022,BHM,AL,ASO,ES,Combined TRACON& Tower with Radar,79,25,71,4,179,0,1,48,2,51,79,26,119,6,230,0,0,0,230
06/13/2022,BHM,AL,ASO,ES,Combined TRACON& Tower with Radar,80,29,67,69,245,0,1,62,6,69,80,30,129,75,314,34,0,34,348
06/14/2022,BHM,AL,ASO,ES,Combined TRACON& Tower with Radar,78,58,84,45,265,0,1,45,2,48,78,59,129,47,313,0,0,0,313
06/15/2022,BHM,AL,ASO,ES,Combined TRACON& Tower with Radar,81,43,98,9,231,0,5,28,3,36,81,48,126,12,267,0,0,0,267
06/16/2022,BHM,AL,ASO,ES,Combined TRACON& Tower with Radar,74,47,99,44,264,0,2,55,9,66,74,49,154,53,330,0,10,10,340
06/17/2022,BHM,AL,ASO,ES,Combined TRACON& Tower with Radar,71,52,107,20,250,0,3,41,0,44,71,55,148,20,294,0,0,0,294
06/18/2022,BHM,AL,ASO,ES,Combined TRACON& Tower with Radar,67,39,52,1,159,0,4,46,0,50,67,43,98,1,209,0,0,0,209
06/19/2022,BHM,AL,ASO,ES,Combined TRACON& Tower with Radar,78,29,60,2,169,0,5,56,0,61,78,34,116,2,230,0,0,0,230
06/20/2022,BHM,AL,ASO,ES,Combined TRACON& Tower with Radar,80,36,89,4,209,0,7,35,1,43,80,43,124,5,252,0,0,0,252
06/21/2022,BHM,AL,ASO,ES,Combined TRACON& Tower with Radar,77,56,83,22,238,0,3,44,4,51,77,59,127,26,289,0,16,16,305
06/22/2022,BHM,AL,ASO,ES,Combined TRACON& Tower with Radar,68,52,123,25,268,0,5,42,7,54,68,57,165,32,322,0,0,0,322
06/23/2022,BHM,AL,ASO,ES,Combined TRACON& Tower with Radar,85,61,106,33,285,0,4,37,12,53,85,65,143,45,338,18,0,18,356
06/24/2022,BHM,AL,ASO,ES,Combined TRACON& Tower with Radar,86,52,113,42,293,0,5,40,12,57,86,57,153,54,350,0,0,0,350
06/25/2022,BHM,AL,ASO,ES,Combined TRACON& Tower with Radar,66,32,50,7,155,0,1,32,5,38,66,33,82,12,193,0,8,8,201
06/26/2022,BHM,AL,ASO,ES,Combined TRACON& Tower with Radar,80,38,78,12,208,0,1,29,0,30,80,39,107,12,238,0,0,0,238
06/27/2022,BHM,AL,ASO,ES,Combined TRACON& Tower with Radar,78,49,74,4,205,0,4,15,0,19,78,53,89,4,224,0,0,0,224
06/28/2022,BHM,AL,ASO,ES,Combined TRACON& Tower with Radar,77,50,81,16,224,0,4,36,8,48,77,54,117,24,272,0,0,0,272
06/29/2022,BHM,AL,ASO,ES,Combined TRACON& Tower with Radar,78,51,76,11,216,0,3,18,7,28,78,54,94,18,244,0,0,0,244
06/30/2022,BHM,AL,ASO,ES,Combined TRACON& Tower with Radar,87,55,120,5,267,0,0,29,4,33,87,55,149,9,300,0,0,0,300
07/01/2022,BHM,AL,ASO,ES,Combined TRACON& Tower with Radar,82,43,75,0,200,0,4,27,3,34,82,47,102,3,234,0,0,0,234
07/02/2022,BHM,AL,ASO,ES,Combined TRACON& Tower with Radar,69,37,39,4,149,0,2,21,2,25,69,39,60,6,174,12,0,12,186
07/03/2022,BHM,AL,ASO,ES,Combined TRACON& Tower with Radar,66,24,25,0,115,0,3,20,0,23,66,27,45,0,138,0,0,0,138
07/04/2022,BHM,AL,ASO,ES,Combined TRACON& Tower with Radar,68,21,26,0,115,1,3,17,0,21,69,24,43,0,136,6,0,6,142
07/05/2022,BHM,AL,ASO,ES,Combined TRACON& Tower with Radar,79,39,85,12,215,0,1,42,1,44,79,40,127,13,259,0,0,0,259
07/06/2022,BHM,AL,ASO,ES,Combined TRACON& Tower with Radar,77,41,108,47,273,0,3,49,1,53,77,44,157,48,326,0,0,0,326
07/07/2022,BHM,AL,ASO,ES,Combined TRACON& Tower with Radar,78,57,83,17,235,0,1,52,14,67,78,58,135,31,302,0,0,0,302
07/08/2022,BHM,AL,ASO,ES,Combined TRACON& Tower with Radar,81,49,67,27,224,0,2,37,19,58,81,51,104,46,282,0,10,10,292
07/09/2022,BHM,AL,ASO,ES,Combined TRACON& Tower with Radar,70,35,29,1,135,0,1,34,5,40,70,36,63,6,175,0,0,0,175
07/10/2022,BHM,AL,ASO,ES,Combined TRACON& Tower with Radar,72,38,91,10,211,0,0,12,3,15,72,38,103,13,226,0,0,0,226
07/11/2022,BHM,AL,ASO,ES,Combined TRACON& Tower with Radar,85,41,55,8,189,0,0,40,1,41,85,41,95,9,230,0,0,0,230
07/12/2022,BHM,AL,ASO,ES,Combined TRACON& Tower with Radar,76,64,97,29,266,0,1,29,7,37,76,65,126,36,303,0,0,0,303
07/13/2022,BHM,AL,ASO,ES,Combined TRACON& Tower with Radar,77,62,90,15,244,0,4,20,3,27,77,66,110,18,271,0,0,0,271
07/14/2022,BHM,AL,ASO,ES,Combined TRACON& Tower with Radar,86,61,98,10,255,0,1,16,8,25,86,62,114,18,280,19,12,31,311
07/15/2022,BHM,AL,ASO,ES,Combined TRACON& Tower with Radar,81,42,74,16,213,0,0,43,7,50,81,42,117,23,263,0,0,0,263
07/16/2022,BHM,AL,ASO,ES,Combined TRACON& Tower with Radar,64,31,31,0,126,0,3,60,1,64,64,34,91,1,190,0,0,0,190
07/17/2022,BHM,AL,ASO,ES,Combined TRACON& Tower with Radar,76,29,72,3,180,0,2,50,5,57,76,31,122,8,237,0,0,0,237
07/18/2022,BHM,AL,ASO,ES,Combined TRACON& Tower with Radar,81,47,96,19,243,0,0,17,2,19,81,47,113,21,262,0,0,0,262
07/19/2022,BHM,AL,ASO,ES,Combined TRACON& Tower with Radar,77,54,82,27,240,0,2,24,1,27,77,56,106,28,267,0,0,0,267
07/20/2022,BHM,AL,ASO,ES,Combined TRACON& Tower with Radar,80,52,96,41,269,0,3,30,3,36,80,55,126,44,305,0,0,0,305
07/21/2022,BHM,AL,ASO,ES,Combined TRACON& Tower with Radar,88,49,99,27,263,0,1,13,10,24,88,50,112,37,287,0,4,4,291
07/22/2022,BHM,AL,ASO,ES,Combined TRACON& Tower with Radar,89,60,97,14,260,0,3,17,10,30,89,63,114,24,290,0,0,0,290
07/23/2022,BHM,AL,ASO,ES,Combined TRACON& Tower with Radar,72,37,45,4,158,0,0,36,3,39,72,37,81,7,197,28,0,28,225
07/24/2022,BHM,AL,ASO,ES,Combined TRACON& Tower with Radar,71,41,71,19,202,0,1,22,1,24,71,42,93,20,226,0,0,0,226
07/25/2022,BHM,AL,ASO,ES,Combined TRACON& Tower with Radar,79,40,88,4,211,0,2,9,0,11,79,42,97,4,222,0,0,0,222
07/26/2022,BHM,AL,ASO,ES,Combined TRACON& Tower with Radar,77,70,99,57,303,0,3,23,2,28,77,73,122,59,331,0,10,10,341
07/27/2022,BHM,AL,ASO,ES,Combined TRACON& Tower with Radar,75,62,113,26,276,0,4,36,10,50,75,66,149,36,326,15,0,15,341
07/28/2022,BHM,AL,ASO,ES,Combined TRACON& Tower with Radar,86,64,93,44,287,0,1,49,7,57,86,65,142,51,344,0,0,0,344
07/29/2022,BHM,AL,ASO,ES,Combined TRACON& Tower with Radar,83,55,70,18,226,0,3,35,15,53,83,58,105,33,279,0,0,0,279
07/30/2022,BHM,AL,ASO,ES,Combined TRACON& Tower with Radar,63,37,45,7,152,0,0,13,0,13,63,37,58,7,165,0,0,0,165
07/31/2022,BHM,AL,ASO,ES,Combined TRACON& Tower with Radar,78,42,58,7,185,0,1,30,1,32,78,43,88,8,217,0,0,0,217
08/01/2022,BHM,AL,ASO,ES,Combined TRACON& Tower with Radar,86,47,57,18,208,0,1,24,7,32,86,48,81,25,240,2,0,2,242
08/02/2022,BHM,AL,ASO,ES,Combined TRACON& Tower with Radar,78,51,60,31,220,0,1,14,3,18,78,52,74,34,238,0,8,8,246
08/03/2022,BHM,AL,ASO,ES,Combined TRACON& Tower with Radar,76,49,119,20,264,0,3,19,1,23,76,52,138,21,287,0,0,0,287
08/04/2022,BHM,AL,ASO,ES,Combined TRACON& Tower with Radar,75,45,74,34,228,0,4,33,10,47,75,49,107,44,275,0,0,0,275
08/05/2022,BHM,AL,ASO,ES,Combined TRACON& Tower with Radar,87,49,50,11,197,0,0,49,14,63,87,49,99,25,260,0,0,0,260
08/06/2022,BHM,AL,ASO,ES,Combined TRACON& Tower with Radar,75,34,56,3,168,0,3,36,6,45,75,37,92,9,213,0,0,0,213
08/07/2022,BHM,AL,ASO,ES,Combined TRACON& Tower with Radar,79,33,61,8,181,0,2,36,4,42,79,35,97,12,223,12,0,12,235
08/08/2022,BHM,AL,ASO,ES,Combined TRACON& Tower with Radar,78,39,61,4,182,0,0,31,1,32,78,39,92,5,214,0,0,0,214
08/09/2022,BHM,AL,ASO,ES,Combined TRACON& Tower with Radar,78,46,80,20,224,0,1,32,2,35,78,47,112,22,259,0,0,0,259
08/10/2022,BHM,AL,ASO,ES,Combined TRACON& Tower with Radar,73,49,81,13,216,0,2,20,4,26,73,51,101,17,242,10,0,10,252
08/11/2022,BHM,AL,ASO,ES,Combined TRACON& Tower with Radar,77,53,117,30,277,0,2,17,5,24,77,55,134,35,301,0,0,0,301
08/12/2022,BHM,AL,ASO,ES,Combined TRACON& Tower with Radar,82,55,104,42,283,0,7,37,9,53,82,62,141,51,336,0,0,0,336
08/13/2022,BHM,AL,ASO,ES,Combined TRACON& Tower with Radar,66,38,33,8,145,0,0,53,2,55,66,38,86,10,200,0,0,0,200
08/14/2022,BHM,AL,ASO,ES,Combined TRACON& Tower with Radar,75,26,50,8,159,0,0,44,2,46,75,26,94,10,205,0,0,0,205
08/15/2022,BHM,AL,ASO,ES,Combined TRACON& Tower with Radar,76,49,75,21,221,0,2,31,2,35,76,51,106,23,256,0,0,0,256
08/16/2022,BHM,AL,ASO,ES,Combined TRACON& Tower with Radar,73,58,71,91,293,0,1,39,3,43,73,59,110,94,336,0,0,0,336
08/17/2022,BHM,AL,ASO,ES,Combined TRACON& Tower with Radar,73,72,72,32,249,0,1,16,0,17,73,73,88,32,266,0,0,0,266
08/18/2022,BHM,AL,ASO,ES,Combined TRACON& Tower with Radar,74,56,84,84,298,0,2,54,13,69,74,58,138,97,367,4,10,14,381
08/19/2022,BHM,AL,ASO,ES,Combined TRACON& Tower with Radar,79,43,93,6,221,0,2,10,12,24,79,45,103,18,245,25,0,25,270
08/20/2022,BHM,AL,ASO,ES,Combined TRACON& Tower with Radar,60,21,35,1,117,0,0,12,4,16,60,21,47,5,133,0,0,0,133
08/21/2022,BHM,AL,ASO,ES,Combined TRACON& Tower with Radar,64,27,57,20,168,0,3,13,4,20,64,30,70,24,188,18,0,18,206
08/22/2022,BHM,AL,ASO,ES,Combined TRACON& Tower with Radar,69,33,82,9,193,0,0,4,0,4,69,33,86,9,197,0,0,0,197
08/23/2022,BHM,AL,ASO,ES,Combined TRACON& Tower with Radar,72,47,75,41,235,0,0,12,2,14,72,47,87,43,249,0,2,2,251
08/24/2022,BHM,AL,ASO,ES,Combined TRACON& Tower with Radar,77,61,106,36,280,0,2,22,2,26,77,63,128,38,306,34,0,34,340
08/25/2022,BHM,AL,ASO,ES,Combined TRACON& Tower with Radar,73,48,73,39,233,0,0,4,0,4,73,48,77,39,237,0,0,0,237
08/26/2022,BHM,AL,ASO,ES,Combined TRACON& Tower with Radar,76,43,80,22,221,0,0,49,19,68,76,43,129,41,289,0,0,0,289
08/27/2022,BHM,AL,ASO,ES,Combined TRACON& Tower with Radar,58,29,42,1,130,0,1,40,5,46,58,30,82,6,176,20,0,20,196
08/28/2022,BHM,AL,ASO,ES,Combined TRACON& Tower with Radar,70,30,76,3,179,0,1,42,5,48,70,31,118,8,227,0,0,0,227
08/29/2022,BHM,AL,ASO,ES,Combined TRACON& Tower with Radar,71,46,64,13,194,0,2,41,4,47,71,48,105,17,241,0,0,0,241
08/30/2022,BHM,AL,ASO,ES,Combined TRACON& Tower with Radar,72,62,88,24,246,0,1,41,3,45,72,63,129,27,291,0,0,0,291
08/31/2022,BHM,AL,ASO,ES,Combined TRACON& Tower with Radar,73,68,104,15,260,0,1,44,4,49,73,69,148,19,309,18,0,18,327
09/01/2022,BHM,AL,ASO,ES,Combined TRACON& Tower with Radar,70,54,108,26,258,0,3,58,3,64,70,57,166,29,322,16,0,16,338
09/02/2022,BHM,AL,ASO,ES,Combined TRACON& Tower with Radar,82,48,95,0,225,0,0,41,0,41,82,48,136,0,266,0,0,0,266
09/03/2022,BHM,AL,ASO,ES,Combined TRACON& Tower with Radar,61,25,28,0,114,0,0,10,0,10,61,25,38,0,124,0,0,0,124
09/04/2022,BHM,AL,ASO,ES,Combined TRACON& Tower with Radar,68,18,34,0,120,0,0,2,0,2,68,18,36,0,122,0,0,0,122
09/05/2022,BHM,AL,ASO,ES,Combined TRACON& Tower with Radar,69,31,65,0,165,0,0,5,0,5,69,31,70,0,170,0,0,0,170
09/06/2022,BHM,AL,ASO,ES,Combined TRACON& Tower with Radar,77,59,79,14,229,0,1,21,4,26,77,60,100,18,255,6,0,6,261
09/07/2022,BHM,AL,ASO,ES,Combined TRACON& Tower with Radar,75,50,109,36,270,0,3,29,3,35,75,53,138,39,305,0,0,0,305
09/08/2022,BHM,AL,ASO,ES,Combined TRACON& Tower with Radar,91,72,89,26,278,0,5,43,7,55,91,77,132,33,333,8,0,8,341
09/09/2022,BHM,AL,ASO,ES,Combined TRACON& Tower with Radar,102,49,85,22,258,0,3,7,4,14,102,52,92,26,272,0,0,0,272
09/10/2022,BHM,AL,ASO,ES,Combined TRACON& Tower with Radar,70,42,52,6,170,0,0,7,2,9,70,42,59,8,179,0,0,0,179
09/11/2022,BHM,AL,ASO,ES,Combined TRACON& Tower with Radar,100,32,95,13,240,0,0,11,4,15,100,32,106,17,255,0,0,0,255
09/12/2022,BHM,AL,ASO,ES,Combined TRACON& Tower with Radar,82,40,99,30,251,0,0,37,4,41,82,40,136,34,292,0,0,0,292
09/13/2022,BHM,AL,ASO,ES,Combined TRACON& Tower with Radar,81,57,88,57,283,0,1,62,0,63,81,58,150,57,346,14,0,14,360
09/14/2022,BHM,AL,ASO,ES,Combined TRACON& Tower with Radar,81,44,117,43,285,0,6,62,3,71,81,50,179,46,356,0,0,0,356
09/15/2022,BHM,AL,ASO,ES,Combined TRACON& Tower with Radar,84,52,106,22,264,0,2,55,5,62,84,54,161,27,326,0,0,0,326
09/16/2022,BHM,AL,ASO,ES,Combined TRACON& Tower with Radar,87,58,93,30,268,0,0,68,9,77,87,58,161,39,345,0,0,0,345
09/17/2022,BHM,AL,ASO,ES,Combined TRACON& Tower with Radar,68,47,66,4,185,0,3,46,0,49,68,50,112,4,234,0,0,0,234
09/18/2022,BHM,AL,ASO,ES,Combined TRACON& Tower with Radar,83,44,75,1,203,0,2,44,2,48,83,46,119,3,251,0,0,0,251
09/19/2022,BHM,AL,ASO,ES,Combined TRACON& Tower with Radar,82,46,96,22,246,0,3,41,0,44,82,49,137,22,290,14,0,14,304
09/20/2022,BHM,AL,ASO,ES,Combined TRACON& Tower with Radar,82,62,78,27,249,0,4,41,1,46,82,66,119,28,295,0,0,0,295
09/21/2022,BHM,AL,ASO,ES,Combined TRACON& Tower with Radar,84,51,82,23,240,0,5,50,4,59,84,56,132,27,299,0,0,0,299
09/22/2022,BHM,AL,ASO,ES,Combined TRACON& Tower with Radar,84,74,97,20,275,0,3,44,9,56,84,77,141,29,331,8,0,8,339
09/23/2022,BHM,AL,ASO,ES,Combined TRACON& Tower with Radar,90,51,99,30,270,0,5,70,15,90,90,56,169,45,360,0,0,0,360
09/24/2022,BHM,AL,ASO,ES,Combined TRACON& Tower with Radar,67,31,50,2,150,0,5,59,9,73,67,36,109,11,223,13,0,13,236
09/25/2022,BHM,AL,ASO,ES,Combined TRACON& Tower with Radar,83,57,74,1,215,0,0,25,0,25,83,57,99,1,240,0,0,0,240
09/26/2022,BHM,AL,ASO,ES,Combined TRACON& Tower with Radar,84,66,97,11,258,0,4,47,5,56,84,70,144,16,314,18,0,18,332
09/27/2022,BHM,AL,ASO,ES,Combined TRACON& Tower with Radar,84,61,123,9,277,0,1,52,1,54,84,62,175,10,331,0,0,0,331
09/28/2022,BHM,AL,ASO,ES,Combined TRACON& Tower with Radar,75,56,90,17,238,0,4,27,10,41,75,60,117,27,279,0,0,0,279
09/29/2022,BHM,AL,ASO,ES,Combined TRACON& Tower with Radar,81,50,127,32,290,0,3,30,8,41,81,53,157,40,331,40,0,40,371
09/30/2022,BHM,AL,ASO,ES,Combined TRACON& Tower with Radar,90,46,94,41,271,0,4,68,6,78,90,50,162,47,349,6,0,6,355
10/01/2022,BHM,AL,ASO,ES,Combined TRACON& Tower with Radar,64,32,68,1,165,0,5,44,0,49,64,37,112,1,214,22,0,22,236
10/02/2022,BHM,AL,ASO,ES,Combined TRACON& Tower with Radar,89,30,93,7,219,0,5,34,2,41,89,35,127,9,260,0,0,0,260
10/03/2022,BHM,AL,ASO,ES,Combined TRACON& Tower with Radar,82,44,95,49,270,0,4,51,2,57,82,48,146,51,327,8,0,8,335
10/04/2022,BHM,AL,ASO,ES,Combined TRACON& Tower with Radar,81,62,83,31,257,0,3,55,7,65,81,65,138,38,322,0,0,0,322
10/05/2022,BHM,AL,ASO,ES,Combined TRACON& Tower with Radar,83,65,106,37,291,0,7,52,8,67,83,72,158,45,358,0,0,0,358
10/06/2022,BHM,AL,ASO,ES,Combined TRACON& Tower with Radar,84,83,97,42,306,0,2,50,6,58,84,85,147,48,364,0,10,10,374
10/07/2022,BHM,AL,ASO,ES,Combined TRACON& Tower with Radar,84,71,105,24,284,0,3,51,4,58,84,74,156,28,342,0,0,0,342
10/08/2022,BHM,AL,ASO,ES,Combined TRACON& Tower with Radar,68,35,50,2,155,0,1,54,2,57,68,36,104,4,212,0,0,0,212
10/09/2022,BHM,AL,ASO,ES,Combined TRACON& Tower with Radar,79,67,65,3,214,0,1,39,1,41,79,68,104,4,255,10,0,10,265
10/10/2022,BHM,AL,ASO,ES,Combined TRACON& Tower with Radar,77,66,100,0,243,0,5,41,0,46,77,71,141,0,289,16,0,16,305
10/11/2022,BHM,AL,ASO,ES,Combined TRACON& Tower with Radar,80,66,110,29,285,0,5,48,6,59,80,71,158,35,344,0,30,30,374
10/12/2022,BHM,AL,ASO,ES,Combined TRACON& Tower with Radar,81,60,73,0,214,0,0,1,1,2,81,60,74,1,216,12,0,12,228
10/13/2022,BHM,AL,ASO,ES,Combined TRACON& Tower with Radar,83,77,117,1,278,0,0,26,7,33,83,77,143,8,311,10,0,10,321
10/14/2022,BHM,AL,ASO,ES,Combined TRACON& Tower with Radar,86,60,105,24,275,0,2,40,11,53,86,62,145,35,328,0,0,0,328
10/15/2022,BHM,AL,ASO,ES,Combined TRACON& Tower with Radar,65,33,37,2,137,0,2,35,3,40,65,35,72,5,177,12,0,12,189
10/16/2022,BHM,AL,ASO,ES,Combined TRACON& Tower with Radar,79,31,68,5,183,0,2,33,6,41,79,33,101,11,224,0,0,0,224
10/17/2022,BHM,AL,ASO,ES,Combined TRACON& Tower with Radar,76,46,85,32,239,0,5,31,1,37,76,51,116,33,276,18,10,28,304
10/18/2022,BHM,AL,ASO,ES,Combined TRACON& Tower with Radar,85,69,109,46,309,0,2,27,4,33,85,71,136,50,342,0,0,0,342
10/19/2022,BHM,AL,ASO,ES,Combined TRACON& Tower with Radar,82,60,111,46,299,0,3,49,3,55,82,63,160,49,354,10,0,10,364
10/20/2022,BHM,AL,ASO,ES,Combined TRACON& Tower with Radar,84,66,123,39,312,0,3,55,15,73,84,69,178,54,385,30,0,30,415
10/21/2022,BHM,AL,ASO,ES,Combined TRACON& Tower with Radar,83,71,97,27,278,0,5,55,12,72,83,76,152,39,350,0,0,0,350
10/22/2022,BHM,AL,ASO,ES,Combined TRACON& Tower with Radar,64,54,53,0,171,0,1,49,2,52,64,55,102,2,223,0,0,0,223
10/23/2022,BHM,AL,ASO,ES,Combined TRACON& Tower with Radar,78,49,95,6,228,0,0,36,6,42,78,49,131,12,270,5,0,5,275
10/24/2022,BHM,AL,ASO,ES,Combined TRACON& Tower with Radar,74,41,63,27,205,0,4,59,5,68,74,45,122,32,273,0,0,0,273
10/25/2022,BHM,AL,ASO,ES,Combined TRACON& Tower with Radar,80,52,70,3,205,0,0,4,2,6,80,52,74,5,211,0,0,0,211
10/26/2022,BHM,AL,ASO,ES,Combined TRACON& Tower with Radar,82,46,140,36,304,0,3,33,14,50,82,49,173,50,354,0,0,0,354
10/27/2022,BHM,AL,ASO,ES,Combined TRACON& Tower with Radar,81,64,88,22,255,0,8,73,1,82,81,72,161,23,337,0,0,0,337
10/28/2022,BHM,AL,ASO,ES,Combined TRACON& Tower with Radar,86,64,106,17,273,0,1,48,1,50,86,65,154,18,323,10,0,10,333
10/29/2022,BHM,AL,ASO,ES,Combined TRACON& Tower with Radar,59,35,33,2,129,0,1,18,3,22,59,36,51,5,151,0,0,0,151
10/30/2022,BHM,AL,ASO,ES,Combined TRACON& Tower with Radar,71,37,52,0,160,0,0,0,0,0,71,37,52,0,160,0,0,0,160
10/31/2022,BHM,AL,ASO,ES,Combined TRACON& Tower with Radar,59,53,41,21,174,0,1,7,0,8,59,54,48,21,182,10,0,10,192
11/01/2022,BHM,AL,ASO,ES,Combined TRACON& Tower with Radar,80,54,93,29,256,0,4,36,1,41,80,58,129,30,297,24,8,32,329
11/02/2022,BHM,AL,ASO,ES,Combined TRACON& Tower with Radar,79,69,112,28,288,0,1,43,5,49,79,70,155,33,337,0,0,0,337
11/03/2022,BHM,AL,ASO,ES,Combined TRACON& Tower with Radar,78,61,107,24,270,0,2,60,3,65,78,63,167,27,335,0,0,0,335
11/04/2022,BHM,AL,ASO,ES,Combined TRACON& Tower with Radar,83,50,113,23,269,0,7,53,5,65,83,57,166,28,334,0,0,0,334
11/05/2022,BHM,AL,ASO,ES,Combined TRACON& Tower with Radar,65,41,54,1,161,0,3,3,1,7,65,44,57,2,168,0,0,0,168
11/06/2022,BHM,AL,ASO,ES,Combined TRACON& Tower with Radar,71,50,97,11,229,0,3,26,5,34,71,53,123,16,263,20,0,20,283
11/07/2022,BHM,AL,ASO,ES,Combined TRACON& Tower with Radar,71,44,76,41,232,0,4,54,4,62,71,48,130,45,294,0,0,0,294
11/08/2022,BHM,AL,ASO,ES,Combined TRACON& Tower with Radar,74,61,73,20,228,0,5,41,6,52,74,66,114,26,280,8,0,8,288
11/09/2022,BHM,AL,ASO,ES,Combined TRACON& Tower with Radar,81,70,120,35,306,0,8,45,9,62,81,78,165,44,368,6,0,6,374
11/10/2022,BHM,AL,ASO,ES,Combined TRACON& Tower with Radar,80,64,106,18,268,0,1,69,0,70,80,65,175,18,338,0,0,0,338
11/11/2022,BHM,AL,ASO,ES,Combined TRACON& Tower with Radar,84,68,91,0,243,0,1,6,0,7,84,69,97,0,250,0,0,0,250
11/12/2022,BHM,AL,ASO,ES,Combined TRACON& Tower with Radar,63,38,70,0,171,0,1,3,0,4,63,39,73,0,175,0,0,0,175
11/13/2022,BHM,AL,ASO,ES,Combined TRACON& Tower with Radar,73,34,102,0,209,0,2,31,0,33,73,36,133,0,242,0,0,0,242
11/14/2022,BHM,AL,ASO,ES,Combined TRACON& Tower with Radar,77,42,118,38,275,0,4,36,1,41,77,46,154,39,316,0,0,0,316
11/15/2022,BHM,AL,ASO,ES,Combined TRACON& Tower with Radar,82,60,72,8,222,0,0,0,0,0,82,60,72,8,222,0,0,0,222
11/16/2022,BHM,AL,ASO,ES,Combined TRACON& Tower with Radar,83,67,104,48,302,0,4,41,11,56,83,71,145,59,358,0,0,0,358
11/17/2022,BHM,AL,ASO,ES,Combined TRACON& Tower with Radar,79,63,107,59,308,0,2,47,14,63,79,65,154,73,371,0,0,0,371
11/18/2022,BHM,AL,ASO,ES,Combined TRACON& Tower with Radar,83,60,100,9,252,0,1,51,19,71,83,61,151,28,323,0,0,0,323
11/19/2022,BHM,AL,ASO,ES,Combined TRACON& Tower with Radar,62,45,59,2,168,0,4,41,9,54,62,49,100,11,222,0,0,0,222
11/20/2022,BHM,AL,ASO,ES,Combined TRACON& Tower with Radar,77,34,76,5,192,0,0,39,16,55,77,34,115,21,247,0,0,0,247
11/21/2022,BHM,AL,ASO,ES,Combined TRACON& Tower with Radar,76,56,52,33,217,0,4,47,1,52,76,60,99,34,269,0,0,0,269
11/22/2022,BHM,AL,ASO,ES,Combined TRACON& Tower with Radar,97,52,79,35,263,0,3,51,2,56,97,55,130,37,319,0,0,0,319
11/23/2022,BHM,AL,ASO,ES,Combined TRACON& Tower with Radar,95,57,90,3,245,0,0,45,1,46,95,57,135,4,291,0,0,0,291
11/24/2022,BHM,AL,ASO,ES,Combined TRACON& Tower with Radar,46,31,11,0,88,0,3,4,1,8,46,34,15,1,96,0,0,0,96
11/25/2022,BHM,AL,ASO,ES,Combined TRACON& Tower with Radar,73,37,50,6,166,0,0,8,3,11,73,37,58,9,177,0,0,0,177
11/26/2022,BHM,AL,ASO,ES,Combined TRACON& Tower with Radar,75,40,49,0,164,0,0,8,0,8,75,40,57,0,172,0,0,0,172
11/27/2022,BHM,AL,ASO,ES,Combined TRACON& Tower with Radar,85,46,87,0,218,0,0,15,0,15,85,46,102,0,233,0,0,0,233
11/28/2022,BHM,AL,ASO,ES,Combined TRACON& Tower with Radar,87,58,71,14,230,0,3,55,0,58,87,61,126,14,288,12,0,12,300
11/29/2022,BHM,AL,ASO,ES,Combined TRACON& Tower with Radar,81,51,55,7,194,0,3,35,0,38,81,54,90,7,232,0,0,0,232
11/30/2022,BHM,AL,ASO,ES,Combined TRACON& Tower with Radar,80,53,95,10,238,0,3,30,4,37,80,56,125,14,275,0,0,0,275
12/01/2022,BHM,AL,ASO,ES,Combined TRACON& Tower with Radar,82,53,100,34,269,0,5,56,14,75,82,58,156,48,344,14,10,24,368
12/02/2022,BHM,AL,ASO,ES,Combined TRACON& Tower with Radar,80,56,108,24,268,0,1,50,8,59,80,57,158,32,327,0,0,0,327
12/03/2022,BHM,AL,ASO,ES,Combined TRACON& Tower with Radar,64,33,65,8,170,0,0,1,1,2,64,33,66,9,172,0,0,0,172
12/04/2022,BHM,AL,ASO,ES,Combined TRACON& Tower with Radar,73,36,77,9,195,0,0,15,2,17,73,36,92,11,212,6,0,6,218
12/05/2022,BHM,AL,ASO,ES,Combined TRACON& Tower with Radar,77,52,73,17,219,0,1,1,2,4,77,53,74,19,223,0,0,0,223
12/06/2022,BHM,AL,ASO,ES,Combined TRACON& Tower with Radar,81,56,74,18,229,0,2,14,0,16,81,58,88,18,245,0,0,0,245
12/07/2022,BHM,AL,ASO,ES,Combined TRACON& Tower with Radar,89,60,125,33,307,0,0,11,0,11,89,60,136,33,318,0,0,0,318
12/08/2022,BHM,AL,ASO,ES,Combined TRACON& Tower with Radar,83,60,97,64,304,0,2,31,7,40,83,62,128,71,344,0,0,0,344
12/09/2022,BHM,AL,ASO,ES,Combined TRACON& Tower with Radar,85,44,98,17,244,0,0,13,0,13,85,44,111,17,257,12,0,12,269
12/10/2022,BHM,AL,ASO,ES,Combined TRACON& Tower with Radar,65,32,53,4,154,0,0,21,4,25,65,32,74,8,179,12,0,12,191
12/11/2022,BHM,AL,ASO,ES,Combined TRACON& Tower with Radar,77,37,48,1,163,0,0,0,0,0,77,37,48,1,163,0,0,0,163
12/12/2022,BHM,AL,ASO,ES,Combined TRACON& Tower with Radar,81,42,101,31,255,0,0,1,0,1,81,42,102,31,256,0,0,0,256
12/13/2022,BHM,AL,ASO,ES,Combined TRACON& Tower with Radar,78,48,101,42,269,0,0,1,0,1,78,48,102,42,270,0,0,0,270
12/14/2022,BHM,AL,ASO,ES,Combined TRACON& Tower with Radar,76,34,60,0,170,0,0,0,0,0,76,34,60,0,170,0,0,0,170
12/15/2022,BHM,AL,ASO,ES,Combined TRACON& Tower with Radar,77,48,122,58,305,0,2,50,15,67,77,50,172,73,372,0,0,0,372
12/16/2022,BHM,AL,ASO,ES,Combined TRACON& Tower with Radar,78,60,78,12,228,0,6,47,10,63,78,66,125,22,291,0,0,0,291
12/17/2022,BHM,AL,ASO,ES,Combined TRACON& Tower with Radar,65,43,40,9,157,0,2,35,1,38,65,45,75,10,195,0,0,0,195
12/18/2022,BHM,AL,ASO,ES,Combined TRACON& Tower with Radar,68,34,42,10,154,0,1,36,4,41,68,35,78,14,195,0,0,0,195
12/19/2022,BHM,AL,ASO,ES,Combined TRACON& Tower with Radar,68,41,58,12,179,0,2,42,4,48,68,43,100,16,227,8,0,8,235
12/20/2022,BHM,AL,ASO,ES,Combined TRACON& Tower with Radar,74,51,79,2,206,0,1,4,0,5,74,52,83,2,211,0,0,0,211
12/21/2022,BHM,AL,ASO,ES,Combined TRACON& Tower with Radar,81,49,82,54,266,0,0,5,3,8,81,49,87,57,274,0,0,0,274
12/22/2022,BHM,AL,ASO,ES,Combined TRACON& Tower with Radar,79,42,66,8,195,0,0,0,0,0,79,42,66,8,195,0,0,0,195
12/23/2022,BHM,AL,ASO,ES,Combined TRACON& Tower with Radar,67,43,33,0,143,0,5,7,1,13,67,48,40,1,156,0,0,0,156
12/24/2022,BHM,AL,ASO,ES,Combined TRACON& Tower with Radar,42,20,16,0,78,0,6,5,0,11,42,26,21,0,89,0,0,0,89
12/25/2022,BHM,AL,ASO,ES,Combined TRACON& Tower with Radar,39,25,13,0,77,0,5,20,1,26,39,30,33,1,103,0,0,0,103
12/26/2022,BHM,AL,ASO,ES,Combined TRACON& Tower with Radar,50,40,83,0,173,0,1,30,3,34,50,41,113,3,207,0,0,0,207
12/27/2022,BHM,AL,ASO,ES,Combined TRACON& Tower with Radar,29,37,27,4,97,0,0,22,0,22,29,37,49,4,119,0,0,0,119
12/28/2022,BHM,AL,ASO,ES,Combined TRACON& Tower with Radar,56,57,70,5,188,0,4,45,5,54,56,61,115,10,242,0,0,0,242
12/29/2022,BHM,AL,ASO,ES,Combined TRACON& Tower with Radar,59,44,58,40,201,0,0,43,2,45,59,44,101,42,246,0,0,0,246
12/30/2022,BHM,AL,ASO,ES,Combined TRACON& Tower with Radar,79,39,58,0,176,0,0,14,2,16,79,39,72,2,192,0,0,0,192
12/31/2022,BHM,AL,ASO,ES,Combined TRACON& Tower with Radar,49,22,42,1,114,0,1,9,1,11,49,23,51,2,125,0,0,0,125
01/01/2023,BHM,AL,ASO,ES,Combined TRACON& Tower with Radar,52,24,37,0,113,0,1,13,4,18,52,25,50,4,131,0,0,0,131
01/02/2023,BHM,AL,ASO,ES,Combined TRACON& Tower with Radar,70,59,75,0,204,0,1,7,0,8,70,60,82,0,212,16,0,16,228
01/03/2023,BHM,AL,ASO,ES,Combined TRACON& Tower with Radar,65,37,53,0,155,0,0,0,0,0,65,37,53,0,155,0,0,0,155
01/04/2023,BHM,AL,ASO,ES,Combined TRACON& Tower with Radar,71,45,66,20,202,0,3,39,4,46,71,48,105,24,248,0,0,0,248
01/05/2023,BHM,AL,ASO,ES,Combined TRACON& Tower with Radar,61,44,80,27,212,0,6,48,14,68,61,50,128,41,280,0,0,0,280
01/06/2023,BHM,AL,ASO,ES,Combined TRACON& Tower with Radar,64,51,86,10,211,0,5,39,13,57,64,56,125,23,268,20,0,20,288
01/07/2023,BHM,AL,ASO,ES,Combined TRACON& Tower with Radar,58,53,49,4,164,0,0,56,3,59,58,53,105,7,223,5,0,5,228
01/08/2023,BHM,AL,ASO,ES,Combined TRACON& Tower with Radar,62,41,82,0,185,0,0,0,0,0,62,41,82,0,185,0,0,0,185
01/09/2023,BHM,AL,ASO,ES,Combined TRACON& Tower with Radar,70,36,65,24,195,0,2,31,1,34,70,38,96,25,229,0,0,0,229
01/10/2023,BHM,AL,ASO,ES,Combined TRACON& Tower with Radar,69,52,95,32,248,0,3,53,6,62,69,55,148,38,310,0,0,0,310
01/11/2023,BHM,AL,ASO,ES,Combined TRACON& Tower with Radar,68,57,89,25,239,0,0,5,4,9,68,57,94,29,248,0,0,0,248
01/12/2023,BHM,AL,ASO,ES,Combined TRACON& Tower with Radar,79,59,67,6,211,0,1,2,0,3,79,60,69,6,214,8,0,8,222
01/13/2023,BHM,AL,ASO,ES,Combined TRACON& Tower with Radar,79,48,91,4,222,0,0,3,2,5,79,48,94,6,227,0,0,0,227
01/14/2023,BHM,AL,ASO,ES,Combined TRACON& Tower with Radar,58,35,47,2,142,0,2,43,0,45,58,37,90,2,187,0,0,0,187
01/15/2023,BHM,AL,ASO,ES,Combined TRACON& Tower with Radar,64,35,41,6,146,0,1,56,0,57,64,36,97,6,203,0,0,0,203
01/16/2023,BHM,AL,ASO,ES,Combined TRACON& Tower with Radar,70,59,56,2,187,0,0,44,0,44,70,59,100,2,231,0,0,0,231
01/17/2023,BHM,AL,ASO,ES,Combined TRACON& Tower with Radar,74,60,84,7,225,0,0,3,0,3,74,60,87,7,228,0,0,0,228
01/18/2023,BHM,AL,ASO,ES,Combined TRACON& Tower with Radar,70,49,83,4,206,0,0,3,0,3,70,49,86,4,209,0,0,0,209
01/19/2023,BHM,AL,ASO,ES,Combined TRACON& Tower with Radar,75,56,92,22,245,0,1,40,13,54,75,57,132,35,299,6,2,8,307
01/20/2023,BHM,AL,ASO,ES,Combined TRACON& Tower with Radar,79,54,107,40,280,0,5,42,14,61,79,59,149,54,341,0,0,0,341
01/21/2023,BHM,AL,ASO,ES,Combined TRACON& Tower with Radar,58,35,51,2,146,0,2,41,6,49,58,37,92,8,195,0,0,0,195
01/22/2023,BHM,AL,ASO,ES,Combined TRACON& Tower with Radar,73,31,54,36,194,0,0,0,0,0,73,31,54,36,194,0,0,0,194
01/23/2023,BHM,AL,ASO,ES,Combined TRACON& Tower with Radar,71,56,80,6,213,0,3,42,2,47,71,59,122,8,260,16,0,16,276
01/24/2023,BHM,AL,ASO,ES,Combined TRACON& Tower with Radar,73,42,92,41,248,0,4,47,7,58,73,46,139,48,306,4,0,4,310
01/25/2023,BHM,AL,ASO,ES,Combined TRACON& Tower with Radar,72,42,103,22,239,0,1,4,1,6,72,43,107,23,245,0,0,0,245
01/26/2023,BHM,AL,ASO,ES,Combined TRACON& Tower with Radar,77,57,104,15,253,0,4,30,4,38,77,61,134,19,291,0,0,0,291
01/27/2023,BHM,AL,ASO,ES,Combined TRACON& Tower with Radar,81,52,106,31,270,0,2,53,6,61,81,54,159,37,331,0,0,0,331
01/28/2023,BHM,AL,ASO,ES,Combined TRACON& Tower with Radar,59,39,56,18,172,0,4,55,4,63,59,43,111,22,235,14,0,14,249
01/29/2023,BHM,AL,ASO,ES,Combined TRACON& Tower with Radar,74,49,43,15,181,0,0,3,2,5,74,49,46,17,186,10,0,10,196
01/30/2023,BHM,AL,ASO,ES,Combined TRACON& Tower with Radar,71,59,79,9,218,0,0,0,0,0,71,59,79,9,218,0,0,0,218
01/31/2023,BHM,AL,ASO,ES,Combined TRACON& Tower with Radar,64,51,37,8,160,0,0,0,0,0,64,51,37,8,160,0,0,0,160
02/01/2023,BHM,AL,ASO,ES,Combined TRACON& Tower with Radar,62,57,83,0,202,0,0,3,0,3,62,57,86,0,205,0,0,0,205
02/02/2023,BHM,AL,ASO,ES,Combined TRACON& Tower with Radar,73,51,70,0,194,0,0,0,0,0,73,51,70,0,194,0,0,0,194
02/03/2023,BHM,AL,ASO,ES,Combined TRACON& Tower with Radar,80,62,80,45,267,0,3,35,15,53,80,65,115,60,320,16,0,16,336
02/04/2023,BHM,AL,ASO,ES,Combined TRACON& Tower with Radar,67,34,53,11,165,0,3,47,8,58,67,37,100,19,223,12,0,12,235
02/05/2023,BHM,AL,ASO,ES,Combined TRACON& Tower with Radar,70,40,48,3,161,0,2,59,2,63,70,42,107,5,224,4,0,4,228
02/06/2023,BHM,AL,ASO,ES,Combined TRACON& Tower with Radar,79,46,75,55,255,0,4,47,6,57,79,50,122,61,312,12,0,12,324
02/07/2023,BHM,AL,ASO,ES,Combined TRACON& Tower with Radar,74,45,84,36,239,0,1,59,2,62,74,46,143,38,301,0,0,0,301
02/08/2023,BHM,AL,ASO,ES,Combined TRACON& Tower with Radar,77,40,84,70,271,0,4,22,4,30,77,44,106,74,301,0,0,0,301
02/09/2023,BHM,AL,ASO,ES,Combined TRACON& Tower with Radar,85,63,113,32,293,0,0,14,7,21,85,63,127,39,314,0,0,0,314
02/10/2023,BHM,AL,ASO,ES,Combined TRACON& Tower with Radar,88,40,117,31,276,0,4,44,17,65,88,44,161,48,341,0,0,0,341
02/11/2023,BHM,AL,ASO,ES,Combined TRACON& Tower with Radar,72,31,40,4,147,0,0,0,1,1,72,31,40,5,148,0,0,0,148
02/12/2023,BHM,AL,ASO,ES,Combined TRACON& Tower with Radar,72,41,42,0,155,0,0,17,3,20,72,41,59,3,175,6,0,6,181
02/13/2023,BHM,AL,ASO,ES,Combined TRACON& Tower with Radar,74,56,70,8,208,0,2,50,0,52,74,58,120,8,260,0,0,0,260
02/14/2023,BHM,AL,ASO,ES,Combined TRACON& Tower with Radar,73,57,54,13,197,0,1,15,3,19,73,58,69,16,216,6,0,6,222
02/15/2023,BHM,AL,ASO,ES,Combined TRACON& Tower with Radar,76,80,83,4,243,0,2,3,0,5,76,82,86,4,248,0,0,0,248
02/16/2023,BHM,AL,ASO,ES,Combined TRACON& Tower with Radar,79,58,60,0,197,0,0,1,0,1,79,58,61,0,198,0,0,0,198
02/17/2023,BHM,AL,ASO,ES,Combined TRACON& Tower with Radar,81,64,87,2,234,0,1,9,4,14,81,65,96,6,248,2,0,2,250
02/18/2023,BHM,AL,ASO,ES,Combined TRACON& Tower with Radar,62,42,59,6,169,0,0,67,1,68,62,42,126,7,237,14,0,14,251
02/19/2023,BHM,AL,ASO,ES,Combined TRACON& Tower with Radar,70,37,58,1,166,0,5,53,2,60,70,42,111,3,226,24,0,24,250
02/20/2023,BHM,AL,ASO,ES,Combined TRACON& Tower with Radar,80,52,108,1,241,0,0,26,0,26,80,52,134,1,267,0,0,0,267
02/21/2023,BHM,AL,ASO,ES,Combined TRACON& Tower with Radar,80,54,83,12,229,0,3,13,0,16,80,57,96,12,245,0,0,0,245
02/22/2023,BHM,AL,ASO,ES,Combined TRACON& Tower with Radar,75,49,100,13,237,0,1,15,0,16,75,50,115,13,253,0,0,0,253
02/23/2023,BHM,AL,ASO,ES,Combined TRACON& Tower with Radar,82,61,139,24,306,0,2,17,2,21,82,63,156,26,327,0,0,0,327
02/24/2023,BHM,AL,ASO,ES,Combined TRACON& Tower with Radar,82,59,111,13,265,0,2,11,1,14,82,61,122,14,279,25,0,25,304
02/25/2023,BHM,AL,ASO,ES,Combined TRACON& Tower with Radar,67,39,46,0,152,0,0,0,0,0,67,39,46,0,152,0,0,0,152
02/26/2023,BHM,AL,ASO,ES,Combined TRACON& Tower with Radar,79,51,81,0,211,0,0,13,0,13,79,51,94,0,224,6,0,6,230
02/27/2023,BHM,AL,ASO,ES,Combined TRACON& Tower with Radar,78,41,74,2,195,0,2,4,2,8,78,43,78,4,203,0,0,0,203
02/28/2023,BHM,AL,ASO,ES,Combined TRACON& Tower with Radar,78,60,100,11,249,0,3,82,4,89,78,63,182,15,338,0,0,0,338
03/01/2023,BHM,AL,ASO,ES,Combined TRACON& Tower with Radar,82,51,91,72,296,0,1,18,0,19,82,52,109,72,315,0,0,0,315
03/02/2023,BHM,AL,ASO,ES,Combined TRACON& Tower with Radar,80,57,88,6,231,0,0,3,0,3,80,57,91,6,234,0,0,0,234
03/03/2023,BHM,AL,ASO,ES,Combined TRACON& Tower with Radar,114,52,61,2,229,0,0,10,4,14,114,52,71,6,243,0,0,0,243
03/04/2023,BHM,AL,ASO,ES,Combined TRACON& Tower with Radar,80,43,47,11,181,0,7,70,13,90,80,50,117,24,271,2,0,2,273
03/05/2023,BHM,AL,ASO,ES,Combined TRACON& Tower with Radar,85,29,60,2,176,0,3,68,5,76,85,32,128,7,252,12,0,12,264
03/06/2023,BHM,AL,ASO,ES,Combined TRACON& Tower with Radar,91,35,72,20,218,0,5,56,5,66,91,40,128,25,284,0,0,0,284
03/07/2023,BHM,AL,ASO,ES,Combined TRACON& Tower with Radar,88,51,86,36,261,0,3,46,3,52,88,54,132,39,313,0,0,0,313
03/08/2023,BHM,AL,ASO,ES,Combined TRACON& Tower with Radar,90,49,102,29,270,0,2,37,5,44,90,51,139,34,314,0,0,0,314
03/09/2023,BHM,AL,ASO,ES,Combined TRACON& Tower with Radar,90,39,96,16,241,0,2,5,1,8,90,41,101,17,249,0,0,0,249
03/10/2023,BHM,AL,ASO,ES,Combined TRACON& Tower with Radar,95,41,80,18,234,0,0,7,3,10,95,41,87,21,244,20,12,32,276
03/11/2023,BHM,AL,ASO,ES,Combined TRACON& Tower with Radar,85,23,53,0,161,0,0,53,0,53,85,23,106,0,214,16,0,16,230
03/12/2023,BHM,AL,ASO,ES,Combined TRACON& Tower with Radar,88,30,61,0,179,0,0,0,0,0,88,30,61,0,179,0,0,0,179
03/13/2023,BHM,AL,ASO,ES,Combined TRACON& Tower with Radar,96,46,65,32,239,0,7,34,3,44,96,53,99,35,283,0,0,0,283
03/14/2023,BHM,AL,ASO,ES,Combined TRACON& Tower with Radar,102,36,85,41,264,0,4,58,7,69,102,40,143,48,333,0,0,0,333
03/15/2023,BHM,AL,ASO,ES,Combined TRACON& Tower with Radar,98,53,91,58,300,0,4,52,3,59,98,57,143,61,359,0,0,0,359
03/16/2023,BHM,AL,ASO,ES,Combined TRACON& Tower with Radar,95,51,111,41,298,0,3,56,6,65,95,54,167,47,363,0,0,0,363
03/17/2023,BHM,AL,ASO,ES,Combined TRACON& Tower with Radar,98,51,58,3,210,0,1,2,0,3,98,52,60,3,213,0,0,0,213
03/18/2023,BHM,AL,ASO,ES,Combined TRACON& Tower with Radar,83,36,57,22,198,0,0,45,9,54,83,36,102,31,252,0,0,0,252
03/19/2023,BHM,AL,ASO,ES,Combined TRACON& Tower with Radar,91,35,62,11,199,0,2,29,7,38,91,37,91,18,237,0,0,0,237
03/20/2023,BHM,AL,ASO,ES,Combined TRACON& Tower with Radar,90,38,78,10,216,0,3,52,2,57,90,41,130,12,273,0,8,8,281
03/21/2023,BHM,AL,ASO,ES,Combined TRACON& Tower with Radar,94,50,101,15,260,0,5,64,4,73,94,55,165,19,333,0,0,0,333
03/22/2023,BHM,AL,ASO,ES,Combined TRACON& Tower with Radar,92,39,87,32,250,0,5,42,7,54,92,44,129,39,304,8,0,8,312
03/23/2023,BHM,AL,ASO,ES,Combined TRACON& Tower with Radar,93,45,118,30,286,0,5,63,13,81,93,50,181,43,367,0,0,0,367
03/24/2023,BHM,AL,ASO,ES,Combined TRACON& Tower with Radar,105,57,86,22,270,0,3,14,2,19,105,60,100,24,289,0,0,0,289
03/25/2023,BHM,AL,ASO,ES,Combined TRACON& Tower with Radar,85,32,80,2,199,0,1,31,5,37,85,33,111,7,236,0,0,0,236
03/26/2023,BHM,AL,ASO,ES,Combined TRACON& Tower with Radar,88,24,59,0,171,0,0,7,7,14,88,24,66,7,185,0,0,0,185
03/27/2023,BHM,AL,ASO,ES,Combined TRACON& Tower with Radar,93,37,76,16,222,0,6,27,3,36,93,43,103,19,258,0,0,0,258
03/28/2023,BHM,AL,ASO,ES,Combined TRACON& Tower with Radar,98,40,59,36,233,0,5,38,2,45,98,45,97,38,278,0,20,20,298
03/29/2023,BHM,AL,ASO,ES,Combined TRACON& Tower with Radar,93,40,77,58,268,0,4,55,13,72,93,44,132,71,340,0,0,0,340
03/30/2023,BHM,AL,ASO,ES,Combined TRACON& Tower with Radar,94,44,81,21,240,0,4,69,8,81,94,48,150,29,321,24,0,24,345
03/31/2023,BHM,AL,ASO,ES,Combined TRACON& Tower with Radar,90,49,68,17,224,0,2,10,17,29,90,51,78,34,253,0,0,0,253
04/01/2023,BHM,AL,ASO,ES,Combined TRACON& Tower with Radar,82,43,66,0,191,0,3,12,2,17,82,46,78,2,208,6,0,6,214
04/02/2023,BHM,AL,ASO,ES,Combined TRACON& Tower with Radar,92,53,82,2,229,0,4,66,11,81,92,57,148,13,310,0,0,0,310
04/03/2023,BHM,AL,ASO,ES,Combined TRACON& Tower with Radar,86,39,84,1,210,0,0,2,0,2,86,39,86,1,212,0,0,0,212
04/04/2023,BHM,AL,ASO,ES,Combined TRACON& Tower with Radar,80,58,96,12,246,0,2,28,3,33,80,60,124,15,279,0,0,0,279
04/05/2023,BHM,AL,ASO,ES,Combined TRACON& Tower with Radar,84,69,100,18,271,0,2,46,0,48,84,71,146,18,319,0,0,0,319
04/06/2023,BHM,AL,ASO,ES,Combined TRACON& Tower with Radar,82,55,92,21,250,0,1,10,0,11,82,56,102,21,261,20,0,20,281
04/07/2023,BHM,AL,ASO,ES,Combined TRACON& Tower with Radar,93,56,96,33,278,0,0,3,0,3,93,56,99,33,281,0,0,0,281
04/08/2023,BHM,AL,ASO,ES,Combined TRACON& Tower with Radar,72,38,43,0,153,0,0,0,0,0,72,38,43,0,153,0,0,0,153
04/09/2023,BHM,AL,ASO,ES,Combined TRACON& Tower with Radar,91,40,35,0,166,0,3,23,1,27,91,43,58,1,193,0,0,0,193
04/10/2023,BHM,AL,ASO,ES,Combined TRACON& Tower with Radar,90,35,98,28,251,0,3,56,3,62,90,38,154,31,313,20,0,20,333
04/11/2023,BHM,AL,ASO,ES,Combined TRACON& Tower with Radar,82,49,75,36,242,0,2,58,1,61,82,51,133,37,303,36,0,36,339
04/12/2023,BHM,AL,ASO,ES,Combined TRACON& Tower with Radar,94,51,115,21,281,0,4,61,4,69,94,55,176,25,350,0,0,0,350
04/13/2023,BHM,AL,ASO,ES,Combined TRACON& Tower with Radar,98,52,112,14,276,0,2,1,0,3,98,54,113,14,279,0,0,0,279
04/14/2023,BHM,AL,ASO,ES,Combined TRACON& Tower with Radar,100,52,91,23,266,0,0,7,5,12,100,52,98,28,278,0,0,0,278
04/15/2023,BHM,AL,ASO,ES,Combined TRACON& Tower with Radar,71,30,41,2,144,0,0,50,0,50,71,30,91,2,194,0,0,0,194
04/16/2023,BHM,AL,ASO,ES,Combined TRACON& Tower with Radar,96,44,74,20,234,0,3,25,9,37,96,47,99,29,271,0,0,0,271
04/17/2023,BHM,AL,ASO,ES,Combined TRACON& Tower with Radar,96,60,93,27,276,0,1,64,0,65,96,61,157,27,341,0,0,0,341
04/18/2023,BHM,AL,ASO,ES,Combined TRACON& Tower with Radar,90,54,77,44,265,0,7,81,21,109,90,61,158,65,374,0,10,10,384
04/19/2023,BHM,AL,ASO,ES,Combined TRACON& Tower with Radar,94,60,122,33,309,0,2,69,8,79,94,62,191,41,388,0,0,0,388
04/20/2023,BHM,AL,ASO,ES,Combined TRACON& Tower with Radar,89,52,98,35,274,0,3,55,10,68,89,55,153,45,342,34,0,34,376
04/21/2023,BHM,AL,ASO,ES,Combined TRACON& Tower with Radar,98,46,75,26,245,0,1,44,10,55,98,47,119,36,300,0,0,0,300
04/22/2023,BHM,AL,ASO,ES,Combined TRACON& Tower with Radar,81,32,36,2,151,0,0,43,1,44,81,32,79,3,195,0,0,0,195
04/23/2023,BHM,AL,ASO,ES,Combined TRACON& Tower with Radar,96,44,71,8,219,0,2,39,10,51,96,46,110,18,270,0,0,0,270
04/24/2023,BHM,AL,ASO,ES,Combined TRACON& Tower with Radar,92,32,83,14,221,0,1,57,3,61,92,33,140,17,282,0,0,0,282
04/25/2023,BHM,AL,ASO,ES,Combined TRACON& Tower with Radar,84,51,101,22,258,0,2,56,3,61,84,53,157,25,319,0,0,0,319
04/26/2023,BHM,AL,ASO,ES,Combined TRACON& Tower with Radar,90,58,93,29,270,0,0,5,9,14,90,58,98,38,284,0,0,0,284
04/27/2023,BHM,AL,ASO,ES,Combined TRACON& Tower with Radar,98,73,99,4,274,0,0,1,1,2,98,73,100,5,276,0,0,0,276
04/28/2023,BHM,AL,ASO,ES,Combined TRACON& Tower with Radar,96,50,97,11,254,0,3,52,16,71,96,53,149,27,325,0,0,0,325
04/29/2023,BHM,AL,ASO,ES,Combined TRACON& Tower with Radar,76,46,51,1,174,0,2,32,3,37,76,48,83,4,211,0,8,8,219
04/30/2023,BHM,AL,ASO,ES,Combined TRACON& Tower with Radar,94,58,98,14,264,0,3,15,7,25,94,61,113,21,289,0,0,0,289
05/01/2023,BHM,AL,ASO,ES,Combined TRACON& Tower with Radar,96,38,61,20,215,0,4,25,1,30,96,42,86,21,245,14,0,14,259
05/02/2023,BHM,AL,ASO,ES,Combined TRACON& Tower with Radar,87,56,69,14,226,0,2,36,1,39,87,58,105,15,265,0,0,0,265
05/03/2023,BHM,AL,ASO,ES,Combined TRACON& Tower with Radar,95,51,113,18,277,0,4,59,6,69,95,55,172,24,346,8,0,8,354
05/04/2023,BHM,AL,ASO,ES,Combined TRACON& Tower with Radar,93,49,124,17,283,0,2,57,5,64,93,51,181,22,347,0,0,0,347
05/05/2023,BHM,AL,ASO,ES,Combined TRACON& Tower with Radar,100,39,101,30,270,0,3,16,2,21,100,42,117,32,291,4,0,4,295
05/06/2023,BHM,AL,ASO,ES,Combined TRACON& Tower with Radar,83,30,57,0,170,0,3,30,0,33,83,33,87,0,203,0,0,0,203
05/07/2023,BHM,AL,ASO,ES,Combined TRACON& Tower with Radar,98,36,63,11,208,0,6,34,5,45,98,42,97,16,253,0,0,0,253
05/08/2023,BHM,AL,ASO,ES,Combined TRACON& Tower with Radar,99,61,73,21,254,0,4,23,2,29,99,65,96,23,283,10,40,50,333
05/09/2023,BHM,AL,ASO,ES,Combined TRACON& Tower with Radar,97,51,77,10,235,0,1,26,6,33,97,52,103,16,268,22,0,22,290
05/10/2023,BHM,AL,ASO,ES,Combined TRACON& Tower with Radar,99,65,92,27,283,0,2,46,8,56,99,67,138,35,339,0,0,0,339
05/11/2023,BHM,AL,ASO,ES,Combined TRACON& Tower with Radar,104,49,90,21,264,0,1,22,2,25,104,50,112,23,289,12,0,12,301
05/12/2023,BHM,AL,ASO,ES,Combined TRACON& Tower with Radar,101,53,108,20,282,0,1,27,2,30,101,54,135,22,312,0,0,0,312
05/13/2023,BHM,AL,ASO,ES,Combined TRACON& Tower with Radar,78,38,59,0,175,0,1,52,0,53,78,39,111,0,228,26,0,26,254
05/14/2023,BHM,AL,ASO,ES,Combined TRACON& Tower with Radar,95,32,49,0,176,0,5,32,3,40,95,37,81,3,216,0,0,0,216
05/15/2023,BHM,AL,ASO,ES,Combined TRACON& Tower with Radar,101,41,80,4,226,0,2,37,0,39,101,43,117,4,265,16,0,16,281
05/16/2023,BHM,AL,ASO,ES,Combined TRACON& Tower with Radar,98,40,94,16,248,0,1,19,4,24,98,41,113,20,272,20,20,40,312
05/17/2023,BHM,AL,ASO,ES,Combined TRACON& Tower with Radar,101,41,86,16,244,0,0,0,2,2,101,41,86,18,246,0,0,0,246
05/18/2023,BHM,AL,ASO,ES,Combined TRACON& Tower with Radar,101,43,100,6,250,0,0,6,4,10,101,43,106,10,260,0,0,0,260
05/19/2023,BHM,AL,ASO,ES,Combined TRACON& Tower with Radar,102,57,117,21,297,0,8,13,11,32,102,65,130,32,329,0,0,0,329
05/20/2023,BHM,AL,ASO,ES,Combined TRACON& Tower with Radar,81,33,66,0,180,0,2,6,0,8,81,35,72,0,188,0,0,0,188
05/21/2023,BHM,AL,ASO,ES,Combined TRACON& Tower with Radar,99,42,85,9,235,0,8,36,2,46,99,50,121,11,281,0,0,0,281
05/22/2023,BHM,AL,ASO,ES,Combined TRACON& Tower with Radar,101,45,68,0,214,0,1,6,0,7,101,46,74,0,221,16,0,16,237
05/23/2023,BHM,AL,ASO,ES,Combined TRACON& Tower with Radar,100,48,89,10,247,0,0,6,0,6,100,48,95,10,253,0,0,0,253
05/24/2023,BHM,AL,ASO,ES,Combined TRACON& Tower with Radar,101,54,95,21,271,0,5,40,15,60,101,59,135,36,331,8,5,13,344
05/25/2023,BHM,AL,ASO,ES,Combined TRACON& Tower with Radar,103,47,121,23,294,0,9,69,9,87,103,56,190,32,381,0,0,0,381
05/26/2023,BHM,AL,ASO,ES,Combined TRACON& Tower with Radar,101,42,93,4,240,0,16,69,1,86,101,58,162,5,326,0,0,0,326
05/27/2023,BHM,AL,ASO,ES,Combined TRACON& Tower with Radar,76,16,34,0,126,0,9,38,3,50,76,25,72,3,176,0,0,0,176
05/28/2023,BHM,AL,ASO,ES,Combined TRACON& Tower with Radar,94,16,24,1,135,0,6,36,2,44,94,22,60,3,179,16,0,16,195
05/29/2023,BHM,AL,ASO,ES,Combined TRACON& Tower with Radar,95,29,50,0,174,0,8,26,1,35,95,37,76,1,209,0,0,0,209
05/30/2023,BHM,AL,ASO,ES,Combined TRACON& Tower with Radar,99,34,92,28,253,0,6,41,2,49,99,40,133,30,302,10,0,10,312
05/31/2023,BHM,AL,ASO,ES,Combined TRACON& Tower with Radar,100,43,75,12,230,0,3,25,2,30,100,46,100,14,260,12,0,12,272
06/01/2023,BHM,AL,ASO,ES,Combined TRACON& Tower with Radar,100,36,99,6,241,0,7,29,4,40,100,43,128,10,281,39,0,39,320
06/02/2023,BHM,AL,ASO,ES,Combined TRACON& Tower with Radar,106,41,74,15,236,0,2,40,5,47,106,43,114,20,283,0,0,0,283
06/03/2023,BHM,AL,ASO,ES,Combined TRACON& Tower with Radar,75,31,58,20,184,0,8,39,7,54,75,39,97,27,238,0,0,0,238
06/04/2023,BHM,AL,ASO,ES,Combined TRACON& Tower with Radar,98,29,67,12,206,0,4,35,0,39,98,33,102,12,245,12,0,12,257
06/05/2023,BHM,AL,ASO,ES,Combined TRACON& Tower with Radar,104,47,77,25,253,0,7,44,2,53,104,54,121,27,306,4,0,4,310
06/06/2023,BHM,AL,ASO,ES,Combined TRACON& Tower with Radar,105,45,71,39,260,0,2,41,2,45,105,47,112,41,305,0,0,0,305
06/07/2023,BHM,AL,ASO,ES,Combined TRACON& Tower with Radar,105,44,87,54,290,0,11,35,0,46,105,55,122,54,336,0,0,0,336
06/08/2023,BHM,AL,ASO,ES,Combined TRACON& Tower with Radar,106,43,88,27,264,0,9,36,5,50,106,52,124,32,314,0,0,0,314
06/09/2023,BHM,AL,ASO,ES,Combined TRACON& Tower with Radar,106,40,104,42,292,0,5,38,11,54,106,45,142,53,346,0,0,0,346
06/10/2023,BHM,AL,ASO,ES,Combined TRACON& Tower with Radar,82,20,47,6,155,0,6,19,1,26,82,26,66,7,181,0,0,0,181
06/11/2023,BHM,AL,ASO,ES,Combined TRACON& Tower with Radar,119,31,55,12,217,0,8,12,6,26,119,39,67,18,243,0,0,0,243
06/12/2023,BHM,AL,ASO,ES,Combined TRACON& Tower with Radar,113,31,80,47,271,0,5,16,2,23,113,36,96,49,294,10,22,32,326
06/13/2023,BHM,AL,ASO,ES,Combined TRACON& Tower with Radar,107,39,74,32,252,0,13,29,7,49,107,52,103,39,301,0,0,0,301
06/14/2023,BHM,AL,ASO,ES,Combined TRACON& Tower with Radar,104,35,84,3,226,0,0,0,0,0,104,35,84,3,226,0,0,0,226
06/15/2023,BHM,AL,ASO,ES,Combined TRACON& Tower with Radar,106,51,80,20,257,0,5,12,1,18,106,56,92,21,275,14,0,14,289
06/16/2023,BHM,AL,ASO,ES,Combined TRACON& Tower with Radar,107,43,85,16,251,0,1,22,7,30,107,44,107,23,281,0,0,0,281
06/17/2023,BHM,AL,ASO,ES,Combined TRACON& Tower with Radar,89,27,45,4,165,0,6,31,0,37,89,33,76,4,202,0,0,0,202
06/18/2023,BHM,AL,ASO,ES,Combined TRACON& Tower with Radar,97,30,49,1,177,0,3,15,7,25,97,33,64,8,202,0,0,0,202
06/19/2023,BHM,AL,ASO,ES,Combined TRACON& Tower with Radar,107,54,72,4,237,0,4,20,0,24,107,58,92,4,261,0,0,0,261
06/20/2023,BHM,AL,ASO,ES,Combined TRACON& Tower with Radar,100,37,93,46,276,0,4,36,6,46,100,41,129,52,322,20,6,26,348
06/21/2023,BHM,AL,ASO,ES,Combined TRACON& Tower with Radar,102,43,71,16,232,0,0,5,0,5,102,43,76,16,237,0,0,0,237
06/22/2023,BHM,AL,ASO,ES,Combined TRACON& Tower with Radar,111,49,84,17,261,0,2,16,1,19,111,51,100,18,280,0,0,0,280
06/23/2023,BHM,AL,ASO,ES,Combined TRACON& Tower with Radar,105,46,80,12,243,0,5,40,8,53,105,51,120,20,296,0,0,0,296
06/24/2023,BHM,AL,ASO,ES,Combined TRACON& Tower with Radar,82,40,46,10,178,0,8,42,2,52,82,48,88,12,230,0,0,0,230
06/25/2023,BHM,AL,ASO,ES,Combined TRACON& Tower with Radar,112,28,51,12,203,0,4,25,8,37,112,32,76,20,240,0,0,0,240
06/26/2023,BHM,AL,ASO,ES,Combined TRACON& Tower with Radar,99,52,50,27,228,0,9,35,5,49,99,61,85,32,277,0,0,0,277
06/27/2023,BHM,AL,ASO,ES,Combined TRACON& Tower with Radar,101,44,89,74,308,0,3,60,8,71,101,47,149,82,379,10,16,26,405
06/28/2023,BHM,AL,ASO,ES,Combined TRACON& Tower with Radar,99,53,102,35,289,0,5,47,3,55,99,58,149,38,344,0,0,0,344
06/29/2023,BHM,AL,ASO,ES,Combined TRACON& Tower with Radar,108,42,91,26,267,0,4,42,7,53,108,46,133,33,320,8,0,8,328
06/30/2023,BHM,AL,ASO,ES,Combined TRACON& Tower with Radar,117,42,85,10,254,0,8,56,3,67,117,50,141,13,321,0,0,0,321
07/01/2023,BHM,AL,ASO,ES,Combined TRACON& Tower with Radar,89,31,46,3,169,0,3,20,0,23,89,34,66,3,192,0,0,0,192
07/02/2023,BHM,AL,ASO,ES,Combined TRACON& Tower with Radar,92,22,36,1,151,0,3,9,3,15,92,25,45,4,166,14,0,14,180
07/03/2023,BHM,AL,ASO,ES,Combined TRACON& Tower with Radar,97,22,24,2,145,0,3,21,0,24,97,25,45,2,169,0,0,0,169
07/04/2023,BHM,AL,ASO,ES,Combined TRACON& Tower with Radar,81,19,23,0,123,0,2,8,0,10,81,21,31,0,133,0,0,0,133
07/05/2023,BHM,AL,ASO,ES,Combined TRACON& Tower with Radar,104,30,66,22,222,0,0,11,0,11,104,30,77,22,233,6,0,6,239
07/06/2023,BHM,AL,ASO,ES,Combined TRACON& Tower with Radar,99,36,91,26,252,0,0,17,6,23,99,36,108,32,275,0,0,0,275
07/07/2023,BHM,AL,ASO,ES,Combined TRACON& Tower with Radar,109,37,70,16,232,0,4,20,1,25,109,41,90,17,257,0,0,0,257
07/08/2023,BHM,AL,ASO,ES,Combined TRACON& Tower with Radar,86,24,36,0,146,0,4,12,2,18,86,28,48,2,164,0,0,0,164
07/09/2023,BHM,AL,ASO,ES,Combined TRACON& Tower with Radar,97,14,46,0,157,0,0,5,0,5,97,14,51,0,162,0,0,0,162
07/10/2023,BHM,AL,ASO,ES,Combined TRACON& Tower with Radar,108,46,63,23,240,0,9,36,3,48,108,55,99,26,288,0,0,0,288
07/11/2023,BHM,AL,ASO,ES,Combined TRACON& Tower with Radar,105,45,88,35,273,0,11,37,3,51,105,56,125,38,324,0,0,0,324
07/12/2023,BHM,AL,ASO,ES,Combined TRACON& Tower with Radar,101,47,79,36,263,0,3,21,2,26,101,50,100,38,289,0,0,0,289
07/13/2023,BHM,AL,ASO,ES,Combined TRACON& Tower with Radar,110,38,92,11,251,0,2,7,5,14,110,40,99,16,265,0,0,0,265
07/14/2023,BHM,AL,ASO,ES,Combined TRACON& Tower with Radar,100,40,72,21,233,0,0,23,11,34,100,40,95,32,267,0,0,0,267
07/15/2023,BHM,AL,ASO,ES,Combined TRACON& Tower with Radar,93,31,53,14,191,0,4,27,4,35,93,35,80,18,226,0,0,0,226
07/16/2023,BHM,AL,ASO,ES,Combined TRACON& Tower with Radar,101,24,60,18,203,0,0,36,10,46,101,24,96,28,249,0,0,0,249
07/17/2023,BHM,AL,ASO,ES,Combined TRACON& Tower with Radar,106,30,73,51,260,0,3,26,1,30,106,33,99,52,290,0,0,0,290
07/18/2023,BHM,AL,ASO,ES,Combined TRACON& Tower with Radar,107,32,102,21,262,0,5,23,3,31,107,37,125,24,293,0,0,0,293
07/19/2023,BHM,AL,ASO,ES,Combined TRACON& Tower with Radar,103,44,103,49,299,0,1,37,0,38,103,45,140,49,337,0,0,0,337
07/20/2023,BHM,AL,ASO,ES,Combined TRACON& Tower with Radar,126,45,88,34,293,0,3,40,4,47,126,48,128,38,340,0,0,0,340
07/21/2023,BHM,AL,ASO,ES,Combined TRACON& Tower with Radar,109,42,92,16,259,0,1,14,4,19,109,43,106,20,278,0,0,0,278
07/22/2023,BHM,AL,ASO,ES,Combined TRACON& Tower with Radar,88,31,30,1,150,0,3,12,1,16,88,34,42,2,166,0,0,0,166
07/23/2023,BHM,AL,ASO,ES,Combined TRACON& Tower with Radar,102,23,75,9,209,0,7,40,11,58,102,30,115,20,267,20,0,20,287
07/24/2023,BHM,AL,ASO,ES,Combined TRACON& Tower with Radar,110,43,88,6,247,0,5,33,3,41,110,48,121,9,288,0,0,0,288
07/25/2023,BHM,AL,ASO,ES,Combined TRACON& Tower with Radar,106,37,70,37,250,0,10,30,0,40,106,47,100,37,290,0,10,10,300
07/26/2023,BHM,AL,ASO,ES,Combined TRACON& Tower with Radar,104,50,68,40,262,0,3,31,17,51,104,53,99,57,313,0,0,0,313
07/27/2023,BHM,AL,ASO,ES,Combined TRACON& Tower with Radar,107,34,90,33,264,0,4,45,7,56,107,38,135,40,320,0,0,0,320
07/28/2023,BHM,AL,ASO,ES,Combined TRACON& Tower with Radar,114,30,84,23,251,0,5,49,4,58,114,35,133,27,309,0,0,0,309
07/29/2023,BHM,AL,ASO,ES,Combined TRACON& Tower with Radar,100,21,49,15,185,0,3,30,1,34,100,24,79,16,219,8,0,8,227
07/30/2023,BHM,AL,ASO,ES,Combined TRACON& Tower with Radar,100,23,58,4,185,0,3,22,6,31,100,26,80,10,216,8,0,8,224
07/31/2023,BHM,AL,ASO,ES,Combined TRACON& Tower with Radar,109,32,57,10,208,0,4,22,3,29,109,36,79,13,237,6,0,6,243
08/01/2023,BHM,AL,ASO,ES,Combined TRACON& Tower with Radar,105,31,76,24,236,0,10,45,4,59,105,41,121,28,295,0,0,0,295
08/02/2023,BHM,AL,ASO,ES,Combined TRACON& Tower with Radar,104,44,85,10,243,0,7,47,2,56,104,51,132,12,299,0,0,0,299
08/03/2023,BHM,AL,ASO,ES,Combined TRACON& Tower with Radar,105,53,73,10,241,0,2,21,9,32,105,55,94,19,273,8,0,8,281
08/04/2023,BHM,AL,ASO,ES,Combined TRACON& Tower with Radar,112,38,78,4,232,0,4,6,3,13,112,42,84,7,245,0,0,0,245
08/05/2023,BHM,AL,ASO,ES,Combined TRACON& Tower with Radar,86,28,30,2,146,0,2,36,15,53,86,30,66,17,199,0,0,0,199
08/06/2023,BHM,AL,ASO,ES,Combined TRACON& Tower with Radar,96,13,45,7,161,0,1,24,4,29,96,14,69,11,190,0,0,0,190
08/07/2023,BHM,AL,ASO,ES,Combined TRACON& Tower with Radar,101,44,76,5,226,0,13,22,6,41,101,57,98,11,267,8,0,8,275
08/08/2023,BHM,AL,ASO,ES,Combined TRACON& Tower with Radar,105,36,67,12,220,0,2,12,0,14,105,38,79,12,234,0,0,0,234
08/09/2023,BHM,AL,ASO,ES,Combined TRACON& Tower with Radar,104,29,102,10,245,0,0,12,4,16,104,29,114,14,261,0,0,0,261
08/10/2023,BHM,AL,ASO,ES,Combined TRACON& Tower with Radar,115,35,57,15,222,0,1,25,3,29,115,36,82,18,251,0,0,0,251
08/11/2023,BHM,AL,ASO,ES,Combined TRACON& Tower with Radar,110,34,80,9,233,0,2,15,8,25,110,36,95,17,258,0,0,0,258
08/12/2023,BHM,AL,ASO,ES,Combined TRACON& Tower with Radar,88,27,47,6,168,0,5,28,0,33,88,32,75,6,201,0,0,0,201
08/13/2023,BHM,AL,ASO,ES,Combined TRACON& Tower with Radar,99,18,49,5,171,0,4,33,4,41,99,22,82,9,212,0,0,0,212
08/14/2023,BHM,AL,ASO,ES,Combined TRACON& Tower with Radar,110,35,62,17,224,0,8,33,5,46,110,43,95,22,270,14,0,14,284
08/15/2023,BHM,AL,ASO,ES,Combined TRACON& Tower with Radar,117,37,103,34,291,0,3,25,3,31,117,40,128,37,322,0,0,0,322
08/16/2023,BHM,AL,ASO,ES,Combined TRACON& Tower with Radar,107,33,88,42,270,0,4,49,16,69,107,37,137,58,339,0,0,0,339
08/17/2023,BHM,AL,ASO,ES,Combined TRACON& Tower with Radar,104,41,91,31,267,0,1,43,13,57,104,42,134,44,324,12,0,12,336
08/18/2023,BHM,AL,ASO,ES,Combined TRACON& Tower with Radar,114,34,79,21,248,0,0,50,10,60,114,34,129,31,308,29,0,29,337
08/19/2023,BHM,AL,ASO,ES,Combined TRACON& Tower with Radar,87,24,48,4,163,0,4,43,5,52,87,28,91,9,215,0,0,0,215
08/20/2023,BHM,AL,ASO,ES,Combined TRACON& Tower with Radar,99,22,55,13,189,0,6,36,6,48,99,28,91,19,237,0,0,0,237
08/21/2023,BHM,AL,ASO,ES,Combined TRACON& Tower with Radar,106,40,53,13,212,0,12,33,4,49,106,52,86,17,261,10,0,10,271
08/22/2023,BHM,AL,ASO,ES,Combined TRACON& Tower with Radar,105,50,79,25,259,0,8,35,2,45,105,58,114,27,304,0,0,0,304
08/23/2023,BHM,AL,ASO,ES,Combined TRACON& Tower with Radar,107,53,96,12,268,0,9,40,10,59,107,62,136,22,327,0,0,0,327
08/24/2023,BHM,AL,ASO,ES,Combined TRACON& Tower with Radar,103,50,86,15,254,0,9,41,7,57,103,59,127,22,311,28,0,28,339
08/25/2023,BHM,AL,ASO,ES,Combined TRACON& Tower with Radar,110,36,85,30,261,0,6,29,5,40,110,42,114,35,301,0,0,0,301
08/26/2023,BHM,AL,ASO,ES,Combined TRACON& Tower with Radar,85,17,35,8,145,0,3,38,4,45,85,20,73,12,190,6,0,6,196
08/27/2023,BHM,AL,ASO,ES,Combined TRACON& Tower with Radar,100,18,50,5,173,0,4,28,2,34,100,22,78,7,207,0,0,0,207
08/28/2023,BHM,AL,ASO,ES,Combined TRACON& Tower with Radar,108,34,71,10,223,0,3,17,0,20,108,37,88,10,243,6,0,6,249
08/29/2023,BHM,AL,ASO,ES,Combined TRACON& Tower with Radar,102,29,91,40,262,0,5,12,4,21,102,34,103,44,283,6,0,6,289
08/30/2023,BHM,AL,ASO,ES,Combined TRACON& Tower with Radar,107,29,78,24,238,0,7,19,5,31,107,36,97,29,269,4,0,4,273
08/31/2023,BHM,AL,ASO,ES,Combined TRACON& Tower with Radar,110,62,109,17,298,0,10,58,12,80,110,72,167,29,378,0,0,0,378
01/01/2020,BHM,AL,ASO,ES,Combined TRACON& Tower with Radar,68,40,36,0,144,0,4,18,0,22,68,44,54,0,166,0,0,0,166
01/02/2020,BHM,AL,ASO,ES,Combined TRACON& Tower with Radar,84,45,52,0,181,0,0,0,0,0,84,45,52,0,181,0,0,0,181
01/03/2020,BHM,AL,ASO,ES,Combined TRACON& Tower with Radar,91,47,49,6,193,0,0,0,0,0,91,47,49,6,193,0,0,0,193
01/04/2020,BHM,AL,ASO,ES,Combined TRACON& Tower with Radar,65,49,17,0,131,0,1,17,0,18,65,50,34,0,149,12,0,12,161
01/05/2020,BHM,AL,ASO,ES,Combined TRACON& Tower with Radar,83,35,75,0,193,0,1,37,1,39,83,36,112,1,232,10,0,10,242
01/06/2020,BHM,AL,ASO,ES,Combined TRACON& Tower with Radar,90,48,55,8,201,0,2,31,0,33,90,50,86,8,234,0,0,0,234
01/07/2020,BHM,AL,ASO,ES,Combined TRACON& Tower with Radar,87,47,70,37,241,0,3,21,4,28,87,50,91,41,269,6,0,6,275
01/08/2020,BHM,AL,ASO,ES,Combined TRACON& Tower with Radar,95,49,79,10,233,0,2,47,0,49,95,51,126,10,282,0,0,0,282
01/09/2020,BHM,AL,ASO,ES,Combined TRACON& Tower with Radar,102,56,89,3,250,0,3,27,15,45,102,59,116,18,295,8,0,8,303
01/10/2020,BHM,AL,ASO,ES,Combined TRACON& Tower with Radar,101,48,52,2,203,0,4,7,13,24,101,52,59,15,227,0,0,0,227
01/11/2020,BHM,AL,ASO,ES,Combined TRACON& Tower with Radar,59,33,12,0,104,0,0,0,0,0,59,33,12,0,104,2,0,2,106
01/12/2020,BHM,AL,ASO,ES,Combined TRACON& Tower with Radar,99,32,36,16,183,0,1,32,4,37,99,33,68,20,220,0,8,8,228
01/13/2020,BHM,AL,ASO,ES,Combined TRACON& Tower with Radar,99,45,52,0,196,0,0,4,0,4,99,45,56,0,200,0,0,0,200
01/14/2020,BHM,AL,ASO,ES,Combined TRACON& Tower with Radar,92,52,66,0,210,0,0,1,0,1,92,52,67,0,211,0,0,0,211
01/15/2020,BHM,AL,ASO,ES,Combined TRACON& Tower with Radar,98,43,84,29,254,0,0,0,0,0,98,43,84,29,254,0,0,0,254
01/16/2020,BHM,AL,ASO,ES,Combined TRACON& Tower with Radar,99,55,90,20,264,0,0,29,6,35,99,55,119,26,299,19,2,21,320
01/17/2020,BHM,AL,ASO,ES,Combined TRACON& Tower with Radar,101,64,88,20,273,0,1,25,0,26,101,65,113,20,299,0,0,0,299
01/18/2020,BHM,AL,ASO,ES,Combined TRACON& Tower with Radar,57,36,29,0,122,0,1,1,0,2,57,37,30,0,124,0,0,0,124
01/19/2020,BHM,AL,ASO,ES,Combined TRACON& Tower with Radar,71,42,50,6,169,0,2,15,0,17,71,44,65,6,186,0,0,0,186
01/20/2020,BHM,AL,ASO,ES,Combined TRACON& Tower with Radar,92,49,75,0,216,0,1,36,2,39,92,50,111,2,255,0,0,0,255
01/21/2020,BHM,AL,ASO,ES,Combined TRACON& Tower with Radar,93,56,87,5,241,0,1,43,5,49,93,57,130,10,290,0,0,0,290
01/22/2020,BHM,AL,ASO,ES,Combined TRACON& Tower with Radar,96,50,86,3,235,0,3,35,7,45,96,53,121,10,280,0,0,0,280
01/23/2020,BHM,AL,ASO,ES,Combined TRACON& Tower with Radar,103,63,92,4,262,0,0,0,0,0,103,63,92,4,262,0,0,0,262
01/24/2020,BHM,AL,ASO,ES,Combined TRACON& Tower with Radar,99,51,80,3,233,0,1,9,17,27,99,52,89,20,260,0,0,0,260
01/25/2020,BHM,AL,ASO,ES,Combined TRACON& Tower with Radar,58,39,42,21,160,0,0,30,4,34,58,39,72,25,194,20,0,20,214
01/26/2020,BHM,AL,ASO,ES,Combined TRACON& Tower with Radar,98,35,38,4,175,0,1,23,10,34,98,36,61,14,209,0,0,0,209
01/27/2020,BHM,AL,ASO,ES,Combined TRACON& Tower with Radar,90,50,71,11,222,0,0,4,0,4,90,50,75,11,226,0,0,0,226
01/28/2020,BHM,AL,ASO,ES,Combined TRACON& Tower with Radar,91,49,81,26,247,0,2,44,5,51,91,51,125,31,298,6,2,8,306
01/29/2020,BHM,AL,ASO,ES,Combined TRACON& Tower with Radar,96,60,97,38,291,0,0,9,4,13,96,60,106,42,304,14,0,14,318
01/30/2020,BHM,AL,ASO,ES,Combined TRACON& Tower with Radar,99,57,89,19,264,0,2,33,6,41,99,59,122,25,305,0,0,0,305
01/31/2020,BHM,AL,ASO,ES,Combined TRACON& Tower with Radar,99,56,75,24,254,0,1,6,1,8,99,57,81,25,262,0,0,0,262
02/01/2020,BHM,AL,ASO,ES,Combined TRACON& Tower with Radar,58,37,47,0,142,0,2,5,0,7,58,39,52,0,149,0,0,0,149
02/02/2020,BHM,AL,ASO,ES,Combined TRACON& Tower with Radar,85,35,36,0,156,0,0,22,0,22,85,35,58,0,178,0,0,0,178
02/03/2020,BHM,AL,ASO,ES,Combined TRACON& Tower with Radar,95,46,81,6,228,0,6,34,2,42,95,52,115,8,270,14,0,14,284
02/04/2020,BHM,AL,ASO,ES,Combined TRACON& Tower with Radar,90,64,85,37,276,0,0,5,6,11,90,64,90,43,287,0,0,0,287
02/05/2020,BHM,AL,ASO,ES,Combined TRACON& Tower with Radar,98,59,49,2,208,0,0,0,0,0,98,59,49,2,208,0,0,0,208
02/06/2020,BHM,AL,ASO,ES,Combined TRACON& Tower with Radar,96,55,66,19,236,0,0,0,0,0,96,55,66,19,236,0,0,0,236
02/07/2020,BHM,AL,ASO,ES,Combined TRACON& Tower with Radar,99,54,78,13,244,0,3,34,10,47,99,57,112,23,291,4,0,4,295
02/08/2020,BHM,AL,ASO,ES,Combined TRACON& Tower with Radar,59,36,39,12,146,0,1,22,6,29,59,37,61,18,175,0,4,4,179
02/09/2020,BHM,AL,ASO,ES,Combined TRACON& Tower with Radar,98,45,47,6,196,0,7,32,4,43,98,52,79,10,239,0,0,0,239
02/10/2020,BHM,AL,ASO,ES,Combined TRACON& Tower with Radar,92,41,62,0,195,0,0,0,1,1,92,41,62,1,196,0,0,0,196
02/11/2020,BHM,AL,ASO,ES,Combined TRACON& Tower with Radar,93,60,72,18,243,0,0,0,0,0,93,60,72,18,243,0,0,0,243
02/12/2020,BHM,AL,ASO,ES,Combined TRACON& Tower with Radar,103,68,80,11,262,0,0,2,0,2,103,68,82,11,264,0,0,0,264
02/13/2020,BHM,AL,ASO,ES,Combined TRACON& Tower with Radar,96,78,129,12,315,0,1,9,0,10,96,79,138,12,325,0,0,0,325
02/14/2020,BHM,AL,ASO,ES,Combined TRACON& Tower with Radar,99,77,93,0,269,0,1,36,0,37,99,78,129,0,306,2,0,2,308
02/15/2020,BHM,AL,ASO,ES,Combined TRACON& Tower with Radar,56,39,33,0,128,0,0,35,2,37,56,39,68,2,165,54,0,54,219
02/16/2020,BHM,AL,ASO,ES,Combined TRACON& Tower with Radar,81,47,56,3,187,0,0,27,0,27,81,47,83,3,214,16,0,16,230
02/17/2020,BHM,AL,ASO,ES,Combined TRACON& Tower with Radar,88,64,108,1,261,0,2,3,2,7,88,66,111,3,268,8,0,8,276
02/18/2020,BHM,AL,ASO,ES,Combined TRACON& Tower with Radar,94,76,71,8,249,0,0,0,0,0,94,76,71,8,249,0,0,0,249
02/19/2020,BHM,AL,ASO,ES,Combined TRACON& Tower with Radar,94,61,92,29,276,0,1,4,2,7,94,62,96,31,283,0,0,0,283
02/20/2020,BHM,AL,ASO,ES,Combined TRACON& Tower with Radar,92,67,91,8,258,0,0,0,0,0,92,67,91,8,258,0,0,0,258
02/21/2020,BHM,AL,ASO,ES,Combined TRACON& Tower with Radar,95,69,74,28,266,0,0,40,10,50,95,69,114,38,316,0,0,0,316
02/22/2020,BHM,AL,ASO,ES,Combined TRACON& Tower with Radar,59,38,44,1,142,0,2,60,8,70,59,40,104,9,212,0,0,0,212
02/23/2020,BHM,AL,ASO,ES,Combined TRACON& Tower with Radar,90,47,75,13,225,0,2,28,7,37,90,49,103,20,262,0,0,0,262
02/24/2020,BHM,AL,ASO,ES,Combined TRACON& Tower with Radar,88,47,60,17,212,0,0,1,0,1,88,47,61,17,213,0,0,0,213
02/25/2020,BHM,AL,ASO,ES,Combined TRACON& Tower with Radar,94,67,80,36,277,0,1,31,0,32,94,68,111,36,309,0,30,30,339
02/26/2020,BHM,AL,ASO,ES,Combined TRACON& Tower with Radar,96,51,94,11,252,0,4,7,0,11,96,55,101,11,263,0,0,0,263
02/27/2020,BHM,AL,ASO,ES,Combined TRACON& Tower with Radar,93,71,100,17,281,0,1,36,11,48,93,72,136,28,329,0,0,0,329
02/28/2020,BHM,AL,ASO,ES,Combined TRACON& Tower with Radar,95,63,100,59,317,0,2,32,10,44,95,65,132,69,361,0,0,0,361
02/29/2020,BHM,AL,ASO,ES,Combined TRACON& Tower with Radar,61,35,53,15,164,0,1,50,4,55,61,36,103,19,219,0,0,0,219
03/01/2020,BHM,AL,ASO,ES,Combined TRACON& Tower with Radar,92,44,80,7,223,0,2,33,4,39,92,46,113,11,262,5,0,5,267
03/02/2020,BHM,AL,ASO,ES,Combined TRACON& Tower with Radar,91,59,76,3,229,0,0,2,0,2,91,59,78,3,231,0,0,0,231
03/03/2020,BHM,AL,ASO,ES,Combined TRACON& Tower with Radar,87,73,57,2,219,0,0,11,0,11,87,73,68,2,230,20,0,20,250
03/04/2020,BHM,AL,ASO,ES,Combined TRACON& Tower with Radar,95,75,85,1,256,0,0,0,1,1,95,75,85,2,257,0,0,0,257
03/05/2020,BHM,AL,ASO,ES,Combined TRACON& Tower with Radar,92,72,97,3,264,0,0,1,4,5,92,72,98,7,269,0,0,0,269
03/06/2020,BHM,AL,ASO,ES,Combined TRACON& Tower with Radar,93,60,77,2,232,0,7,30,11,48,93,67,107,13,280,0,0,0,280
03/07/2020,BHM,AL,ASO,ES,Combined TRACON& Tower with Radar,60,51,36,4,151,0,3,61,4,68,60,54,97,8,219,6,0,6,225
03/08/2020,BHM,AL,ASO,ES,Combined TRACON& Tower with Radar,99,42,61,9,211,0,1,36,1,38,99,43,97,10,249,0,0,0,249
03/09/2020,BHM,AL,ASO,ES,Combined TRACON& Tower with Radar,90,49,63,5,207,0,0,24,5,29,90,49,87,10,236,0,0,0,236
03/10/2020,BHM,AL,ASO,ES,Combined TRACON& Tower with Radar,88,61,93,14,256,0,1,2,0,3,88,62,95,14,259,0,0,0,259
03/11/2020,BHM,AL,ASO,ES,Combined TRACON& Tower with Radar,95,66,77,12,250,0,0,3,0,3,95,66,80,12,253,0,0,0,253
03/12/2020,BHM,AL,ASO,ES,Combined TRACON& Tower with Radar,94,75,96,33,298,0,2,21,10,33,94,77,117,43,331,0,7,7,338
03/13/2020,BHM,AL,ASO,ES,Combined TRACON& Tower with Radar,95,59,54,12,220,0,1,0,0,1,95,60,54,12,221,0,0,0,221
03/14/2020,BHM,AL,ASO,ES,Combined TRACON& Tower with Radar,69,50,28,7,154,0,2,35,0,37,69,52,63,7,191,0,0,0,191
03/15/2020,BHM,AL,ASO,ES,Combined TRACON& Tower with Radar,101,39,62,8,210,0,0,1,0,1,101,39,63,8,211,0,0,0,211
03/16/2020,BHM,AL,ASO,ES,Combined TRACON& Tower with Radar,102,57,50,17,226,0,2,11,0,13,102,59,61,17,239,9,1,10,249
03/17/2020,BHM,AL,ASO,ES,Combined TRACON& Tower with Radar,95,62,30,32,219,0,1,14,4,19,95,63,44,36,238,26,0,26,264
03/18/2020,BHM,AL,ASO,ES,Combined TRACON& Tower with Radar,102,61,45,25,233,0,1,21,0,22,102,62,66,25,255,0,0,0,255
03/19/2020,BHM,AL,ASO,ES,Combined TRACON& Tower with Radar,84,55,45,8,192,0,1,14,4,19,84,56,59,12,211,0,0,0,211
03/20/2020,BHM,AL,ASO,ES,Combined TRACON& Tower with Radar,73,63,29,21,186,0,1,5,1,7,73,64,34,22,193,0,0,0,193
03/21/2020,BHM,AL,ASO,ES,Combined TRACON& Tower with Radar,61,41,42,0,144,0,3,6,0,9,61,44,48,0,153,0,0,0,153
03/22/2020,BHM,AL,ASO,ES,Combined TRACON& Tower with Radar,70,33,17,0,120,0,2,16,0,18,70,35,33,0,138,12,0,12,150
03/23/2020,BHM,AL,ASO,ES,Combined TRACON& Tower with Radar,52,31,7,0,90,0,0,0,0,0,52,31,7,0,90,0,0,0,90
03/24/2020,BHM,AL,ASO,ES,Combined TRACON& Tower with Radar,52,39,11,32,134,0,0,8,4,12,52,39,19,36,146,6,12,18,164
03/25/2020,BHM,AL,ASO,ES,Combined TRACON& Tower with Radar,49,41,31,23,144,0,0,43,4,47,49,41,74,27,191,30,12,42,233
03/26/2020,BHM,AL,ASO,ES,Combined TRACON& Tower with Radar,53,42,38,1,134,0,2,46,15,63,53,44,84,16,197,4,0,4,201
03/27/2020,BHM,AL,ASO,ES,Combined TRACON& Tower with Radar,45,41,28,8,122,0,1,22,0,23,45,42,50,8,145,0,0,0,145
03/28/2020,BHM,AL,ASO,ES,Combined TRACON& Tower with Radar,32,26,14,0,72,0,2,14,1,17,32,28,28,1,89,0,0,0,89
03/29/2020,BHM,AL,ASO,ES,Combined TRACON& Tower with Radar,46,17,18,6,87,0,5,12,5,22,46,22,30,11,109,12,0,12,121
03/30/2020,BHM,AL,ASO,ES,Combined TRACON& Tower with Radar,40,16,24,0,80,0,0,24,1,25,40,16,48,1,105,8,0,8,113
03/31/2020,BHM,AL,ASO,ES,Combined TRACON& Tower with Radar,37,25,8,14,84,0,0,3,3,6,37,25,11,17,90,0,0,0,90
04/01/2020,BHM,AL,ASO,ES,Combined TRACON& Tower with Radar,44,27,31,8,110,0,2,36,4,42,44,29,67,12,152,2,0,2,154
04/02/2020,BHM,AL,ASO,ES,Combined TRACON& Tower with Radar,49,23,27,7,106,0,3,45,6,54,49,26,72,13,160,0,0,0,160
04/03/2020,BHM,AL,ASO,ES,Combined TRACON& Tower with Radar,43,22,31,14,110,0,2,41,5,48,43,24,72,19,158,20,12,32,190
04/04/2020,BHM,AL,ASO,ES,Combined TRACON& Tower with Radar,38,17,12,12,79,0,4,32,5,41,38,21,44,17,120,8,0,8,128
04/05/2020,BHM,AL,ASO,ES,Combined TRACON& Tower with Radar,42,5,12,0,59,0,4,29,0,33,42,9,41,0,92,4,0,4,96
04/06/2020,BHM,AL,ASO,ES,Combined TRACON& Tower with Radar,38,13,30,12,93,0,0,25,0,25,38,13,55,12,118,16,0,16,134
04/07/2020,BHM,AL,ASO,ES,Combined TRACON& Tower with Radar,41,26,19,13,99,0,1,11,2,14,41,27,30,15,113,0,0,0,113
04/08/2020,BHM,AL,ASO,ES,Combined TRACON& Tower with Radar,45,19,28,10,102,0,0,14,0,14,45,19,42,10,116,0,0,0,116
04/09/2020,BHM,AL,ASO,ES,Combined TRACON& Tower with Radar,38,22,22,10,92,0,1,30,8,39,38,23,52,18,131,26,0,26,157
04/10/2020,BHM,AL,ASO,ES,Combined TRACON& Tower with Radar,43,22,25,15,105,0,1,53,0,54,43,23,78,15,159,14,0,14,173
04/11/2020,BHM,AL,ASO,ES,Combined TRACON& Tower with Radar,34,16,28,24,102,0,0,36,3,39,34,16,64,27,141,14,0,14,155
04/12/2020,BHM,AL,ASO,ES,Combined TRACON& Tower with Radar,31,5,2,1,39,0,0,0,0,0,31,5,2,1,39,0,0,0,39
04/13/2020,BHM,AL,ASO,ES,Combined TRACON& Tower with Radar,32,15,30,35,112,0,1,7,2,10,32,16,37,37,122,31,0,31,153
04/14/2020,BHM,AL,ASO,ES,Combined TRACON& Tower with Radar,30,22,19,16,87,0,0,21,0,21,30,22,40,16,108,0,8,8,116
04/15/2020,BHM,AL,ASO,ES,Combined TRACON& Tower with Radar,34,25,28,18,105,0,2,30,2,34,34,27,58,20,139,52,0,52,191
04/16/2020,BHM,AL,ASO,ES,Combined TRACON& Tower with Radar,34,20,34,39,127,0,2,38,8,48,34,22,72,47,175,20,20,40,215
04/17/2020,BHM,AL,ASO,ES,Combined TRACON& Tower with Radar,29,18,27,22,96,0,3,38,3,44,29,21,65,25,140,0,0,0,140
04/18/2020,BHM,AL,ASO,ES,Combined TRACON& Tower with Radar,29,11,18,8,66,0,3,27,0,30,29,14,45,8,96,36,0,36,132
04/19/2020,BHM,AL,ASO,ES,Combined TRACON& Tower with Radar,29,6,5,0,40,0,0,1,1,2,29,6,6,1,42,0,0,0,42
04/20/2020,BHM,AL,ASO,ES,Combined TRACON& Tower with Radar,28,10,30,14,82,0,3,33,2,38,28,13,63,16,120,12,0,12,132
04/21/2020,BHM,AL,ASO,ES,Combined TRACON& Tower with Radar,31,24,29,32,116,0,1,39,0,40,31,25,68,32,156,16,0,16,172
04/22/2020,BHM,AL,ASO,ES,Combined TRACON& Tower with Radar,30,21,47,14,112,0,3,26,4,33,30,24,73,18,145,22,0,22,167
04/23/2020,BHM,AL,ASO,ES,Combined TRACON& Tower with Radar,32,19,10,10,71,0,0,1,0,1,32,19,11,10,72,0,0,0,72
04/24/2020,BHM,AL,ASO,ES,Combined TRACON& Tower with Radar,31,20,49,10,110,0,4,21,1,26,31,24,70,11,136,8,4,12,148
04/25/2020,BHM,AL,ASO,ES,Combined TRACON& Tower with Radar,27,17,9,6,59,0,1,11,2,14,27,18,20,8,73,39,0,39,112
04/26/2020,BHM,AL,ASO,ES,Combined TRACON& Tower with Radar,28,11,24,0,63,0,2,23,0,25,28,13,47,0,88,14,0,14,102
04/27/2020,BHM,AL,ASO,ES,Combined TRACON& Tower with Radar,26,13,45,20,104,0,0,32,1,33,26,13,77,21,137,52,0,52,189
04/28/2020,BHM,AL,ASO,ES,Combined TRACON& Tower with Radar,36,18,50,21,125,0,1,37,7,45,36,19,87,28,170,16,2,18,188
04/29/2020,BHM,AL,ASO,ES,Combined TRACON& Tower with Radar,32,19,30,2,83,0,0,8,0,8,32,19,38,2,91,0,0,0,91
04/30/2020,BHM,AL,ASO,ES,Combined TRACON& Tower with Radar,31,18,53,31,133,0,3,40,9,52,31,21,93,40,185,6,10,16,201
05/01/2020,BHM,AL,ASO,ES,Combined TRACON& Tower with Radar,38,15,41,11,105,0,1,43,4,48,38,16,84,15,153,79,14,93,246
05/02/2020,BHM,AL,ASO,ES,Combined TRACON& Tower with Radar,22,13,14,7,56,0,4,33,1,38,22,17,47,8,94,38,2,40,134
05/03/2020,BHM,AL,ASO,ES,Combined TRACON& Tower with Radar,24,5,33,10,72,0,1,44,0,45,24,6,77,10,117,12,10,22,139
05/04/2020,BHM,AL,ASO,ES,Combined TRACON& Tower with Radar,31,13,35,30,109,0,1,54,3,58,31,14,89,33,167,32,10,42,209
05/05/2020,BHM,AL,ASO,ES,Combined TRACON& Tower with Radar,34,22,40,58,154,0,1,13,9,23,34,23,53,67,177,64,0,64,241
05/06/2020,BHM,AL,ASO,ES,Combined TRACON& Tower with Radar,34,15,35,12,96,0,2,16,6,24,34,17,51,18,120,18,0,18,138
05/07/2020,BHM,AL,ASO,ES,Combined TRACON& Tower with Radar,28,26,51,11,116,0,0,40,7,47,28,26,91,18,163,32,0,32,195
05/08/2020,BHM,AL,ASO,ES,Combined TRACON& Tower with Radar,31,22,37,13,103,0,0,1,2,3,31,22,38,15,106,0,0,0,106
05/09/2020,BHM,AL,ASO,ES,Combined TRACON& Tower with Radar,29,17,26,5,77,0,2,44,1,47,29,19,70,6,124,28,4,32,156
05/10/2020,BHM,AL,ASO,ES,Combined TRACON& Tower with Radar,26,5,23,0,54,0,0,32,0,32,26,5,55,0,86,12,0,12,98
05/11/2020,BHM,AL,ASO,ES,Combined TRACON& Tower with Radar,28,19,36,7,90,0,0,54,2,56,28,19,90,9,146,0,0,0,146
05/12/2020,BHM,AL,ASO,ES,Combined TRACON& Tower with Radar,32,23,58,27,140,0,3,42,3,48,32,26,100,30,188,0,0,0,188
05/13/2020,BHM,AL,ASO,ES,Combined TRACON& Tower with Radar,28,30,48,20,126,0,2,47,13,62,28,32,95,33,188,0,0,0,188
05/14/2020,BHM,AL,ASO,ES,Combined TRACON& Tower with Radar,30,27,47,15,119,0,1,57,14,72,30,28,104,29,191,10,24,34,225
05/15/2020,BHM,AL,ASO,ES,Combined TRACON& Tower with Radar,31,24,58,34,147,0,2,31,6,39,31,26,89,40,186,0,18,18,204
05/16/2020,BHM,AL,ASO,ES,Combined TRACON& Tower with Radar,29,18,30,10,87,0,5,27,1,33,29,23,57,11,120,0,0,0,120
05/17/2020,BHM,AL,ASO,ES,Combined TRACON& Tower with Radar,26,18,31,10,85,0,0,20,0,20,26,18,51,10,105,18,10,28,133
05/18/2020,BHM,AL,ASO,ES,Combined TRACON& Tower with Radar,26,14,30,6,76,0,0,10,0,10,26,14,40,6,86,4,0,4,90
05/19/2020,BHM,AL,ASO,ES,Combined TRACON& Tower with Radar,30,26,49,24,129,0,0,54,1,55,30,26,103,25,184,10,10,20,204
05/20/2020,BHM,AL,ASO,ES,Combined TRACON& Tower with Radar,30,22,63,48,163,0,1,35,2,38,30,23,98,50,201,8,10,18,219
05/21/2020,BHM,AL,ASO,ES,Combined TRACON& Tower with Radar,30,34,95,13,172,0,2,30,1,33,30,36,125,14,205,5,18,23,228
05/22/2020,BHM,AL,ASO,ES,Combined TRACON& Tower with Radar,33,25,83,0,141,0,0,15,0,15,33,25,98,0,156,4,0,4,160
05/23/2020,BHM,AL,ASO,ES,Combined TRACON& Tower with Radar,28,22,38,0,88,0,2,21,0,23,28,24,59,0,111,8,0,8,119
05/24/2020,BHM,AL,ASO,ES,Combined TRACON& Tower with Radar,29,16,21,0,66,0,4,16,0,20,29,20,37,0,86,0,0,0,86
05/25/2020,BHM,AL,ASO,ES,Combined TRACON& Tower with Radar,27,18,40,2,87,0,1,40,0,41,27,19,80,2,128,0,0,0,128
05/26/2020,BHM,AL,ASO,ES,Combined TRACON& Tower with Radar,30,19,86,1,136,0,0,0,0,0,30,19,86,1,136,0,0,0,136
05/27/2020,BHM,AL,ASO,ES,Combined TRACON& Tower with Radar,30,30,53,33,146,0,0,1,2,3,30,30,54,35,149,0,0,0,149
05/28/2020,BHM,AL,ASO,ES,Combined TRACON& Tower with Radar,30,29,71,2,132,0,4,23,6,33,30,33,94,8,165,26,0,26,191
05/29/2020,BHM,AL,ASO,ES,Combined TRACON& Tower with Radar,31,26,47,33,137,0,2,34,0,36,31,28,81,33,173,26,8,34,207
05/30/2020,BHM,AL,ASO,ES,Combined TRACON& Tower with Radar,29,13,39,0,81,0,6,37,3,46,29,19,76,3,127,0,0,0,127
05/31/2020,BHM,AL,ASO,ES,Combined TRACON& Tower with Radar,28,8,33,6,75,0,3,43,0,46,28,11,76,6,121,0,0,0,121
06/01/2020,BHM,AL,ASO,ES,Combined TRACON& Tower with Radar,30,25,52,0,107,0,1,32,0,33,30,26,84,0,140,40,0,40,180
06/02/2020,BHM,AL,ASO,ES,Combined TRACON& Tower with Radar,33,28,62,4,127,0,4,48,1,53,33,32,110,5,180,6,0,6,186
06/03/2020,BHM,AL,ASO,ES,Combined TRACON& Tower with Radar,35,26,62,18,141,0,3,29,3,35,35,29,91,21,176,16,4,20,196
06/04/2020,BHM,AL,ASO,ES,Combined TRACON& Tower with Radar,32,40,36,29,137,0,1,19,0,20,32,41,55,29,157,58,0,58,215
06/05/2020,BHM,AL,ASO,ES,Combined TRACON& Tower with Radar,35,39,47,0,121,0,0,18,0,18,35,39,65,0,139,0,0,0,139
06/06/2020,BHM,AL,ASO,ES,Combined TRACON& Tower with Radar,30,26,36,0,92,0,4,41,6,51,30,30,77,6,143,6,0,6,149
06/07/2020,BHM,AL,ASO,ES,Combined TRACON& Tower with Radar,29,23,17,0,69,0,2,39,5,46,29,25,56,5,115,24,0,24,139
06/08/2020,BHM,AL,ASO,ES,Combined TRACON& Tower with Radar,33,25,23,4,85,0,0,1,0,1,33,25,24,4,86,0,0,0,86
06/09/2020,BHM,AL,ASO,ES,Combined TRACON& Tower with Radar,36,36,76,41,189,0,0,4,1,5,36,36,80,42,194,34,0,34,228
06/10/2020,BHM,AL,ASO,ES,Combined TRACON& Tower with Radar,35,36,71,27,169,0,1,18,0,19,35,37,89,27,188,6,4,10,198
06/11/2020,BHM,AL,ASO,ES,Combined TRACON& Tower with Radar,36,35,84,4,159,0,3,59,7,69,36,38,143,11,228,34,0,34,262
06/12/2020,BHM,AL,ASO,ES,Combined TRACON& Tower with Radar,37,29,74,16,156,0,1,49,2,52,37,30,123,18,208,53,4,57,265
06/13/2020,BHM,AL,ASO,ES,Combined TRACON& Tower with Radar,33,18,30,4,85,0,4,48,5,57,33,22,78,9,142,52,0,52,194
06/14/2020,BHM,AL,ASO,ES,Combined TRACON& Tower with Radar,34,19,46,2,101,0,1,57,9,67,34,20,103,11,168,34,0,34,202
06/15/2020,BHM,AL,ASO,ES,Combined TRACON& Tower with Radar,32,23,52,13,120,0,2,48,3,53,32,25,100,16,173,16,0,16,189
06/16/2020,BHM,AL,ASO,ES,Combined TRACON& Tower with Radar,36,33,63,10,142,0,4,37,10,51,36,37,100,20,193,23,4,27,220
06/17/2020,BHM,AL,ASO,ES,Combined TRACON& Tower with Radar,36,33,80,23,172,0,1,38,4,43,36,34,118,27,215,18,2,20,235
06/18/2020,BHM,AL,ASO,ES,Combined TRACON& Tower with Radar,36,38,88,13,175,0,6,45,5,56,36,44,133,18,231,19,0,19,250
06/19/2020,BHM,AL,ASO,ES,Combined TRACON& Tower with Radar,38,37,62,23,160,0,3,58,7,68,38,40,120,30,228,20,16,36,264
06/20/2020,BHM,AL,ASO,ES,Combined TRACON& Tower with Radar,33,25,42,0,100,0,7,41,0,48,33,32,83,0,148,6,0,6,154
06/21/2020,BHM,AL,ASO,ES,Combined TRACON& Tower with Radar,32,23,39,4,98,0,4,27,0,31,32,27,66,4,129,0,0,0,129
06/22/2020,BHM,AL,ASO,ES,Combined TRACON& Tower with Radar,39,38,67,6,150,0,0,19,0,19,39,38,86,6,169,22,0,22,191
06/23/2020,BHM,AL,ASO,ES,Combined TRACON& Tower with Radar,38,35,59,7,139,0,0,1,0,1,38,35,60,7,140,0,0,0,140
06/24/2020,BHM,AL,ASO,ES,Combined TRACON& Tower with Radar,38,33,68,12,151,0,0,2,0,2,38,33,70,12,153,0,0,0,153
06/25/2020,BHM,AL,ASO,ES,Combined TRACON& Tower with Radar,38,41,81,2,162,0,0,3,1,4,38,41,84,3,166,0,0,0,166
06/26/2020,BHM,AL,ASO,ES,Combined TRACON& Tower with Radar,39,44,50,7,140,0,0,19,1,20,39,44,69,8,160,34,0,34,194
06/27/2020,BHM,AL,ASO,ES,Combined TRACON& Tower with Radar,35,28,24,2,89,0,1,16,0,17,35,29,40,2,106,0,0,0,106
06/28/2020,BHM,AL,ASO,ES,Combined TRACON& Tower with Radar,30,16,52,2,100,0,3,20,0,23,30,19,72,2,123,14,0,14,137
06/29/2020,BHM,AL,ASO,ES,Combined TRACON& Tower with Radar,36,30,55,8,129,0,1,26,1,28,36,31,81,9,157,0,0,0,157
06/30/2020,BHM,AL,ASO,ES,Combined TRACON& Tower with Radar,38,44,46,11,139,0,6,26,1,33,38,50,72,12,172,28,0,28,200
07/01/2020,BHM,AL,ASO,ES,Combined TRACON& Tower with Radar,36,34,64,8,142,0,1,6,0,7,36,35,70,8,149,0,0,0,149
07/02/2020,BHM,AL,ASO,ES,Combined TRACON& Tower with Radar,53,37,60,21,171,0,1,31,4,36,53,38,91,25,207,0,0,0,207
07/03/2020,BHM,AL,ASO,ES,Combined TRACON& Tower with Radar,42,33,40,0,115,0,0,21,0,21,42,33,61,0,136,0,0,0,136
07/04/2020,BHM,AL,ASO,ES,Combined TRACON& Tower with Radar,31,15,12,0,58,0,2,18,0,20,31,17,30,0,78,0,0,0,78
07/05/2020,BHM,AL,ASO,ES,Combined TRACON& Tower with Radar,38,24,52,0,114,0,0,16,0,16,38,24,68,0,130,0,0,0,130
07/06/2020,BHM,AL,ASO,ES,Combined TRACON& Tower with Radar,44,27,51,0,122,0,1,11,0,12,44,28,62,0,134,14,0,14,148
07/07/2020,BHM,AL,ASO,ES,Combined TRACON& Tower with Radar,53,29,50,7,139,0,1,2,4,7,53,30,52,11,146,0,0,0,146
07/08/2020,BHM,AL,ASO,ES,Combined TRACON& Tower with Radar,61,35,77,16,189,0,2,9,5,16,61,37,86,21,205,52,0,52,257
07/09/2020,BHM,AL,ASO,ES,Combined TRACON& Tower with Radar,80,41,60,6,187,0,0,12,11,23,80,41,72,17,210,28,0,28,238
07/10/2020,BHM,AL,ASO,ES,Combined TRACON& Tower with Radar,64,28,72,15,179,0,2,39,3,44,64,30,111,18,223,0,0,0,223
07/11/2020,BHM,AL,ASO,ES,Combined TRACON& Tower with Radar,57,20,26,2,105,0,2,54,0,56,57,22,80,2,161,34,0,34,195
07/12/2020,BHM,AL,ASO,ES,Combined TRACON& Tower with Radar,56,10,42,0,108,0,0,14,0,14,56,10,56,0,122,18,0,18,140
07/13/2020,BHM,AL,ASO,ES,Combined TRACON& Tower with Radar,59,22,58,10,149,0,0,20,0,20,59,22,78,10,169,20,0,20,189
07/14/2020,BHM,AL,ASO,ES,Combined TRACON& Tower with Radar,59,41,53,16,169,0,2,32,5,39,59,43,85,21,208,32,0,32,240
07/15/2020,BHM,AL,ASO,ES,Combined TRACON& Tower with Radar,60,34,65,29,188,0,1,28,3,32,60,35,93,32,220,52,2,54,274
07/16/2020,BHM,AL,ASO,ES,Combined TRACON& Tower with Radar,62,43,61,20,186,0,3,25,9,37,62,46,86,29,223,26,0,26,249
07/17/2020,BHM,AL,ASO,ES,Combined TRACON& Tower with Radar,63,32,64,40,199,0,1,37,2,40,63,33,101,42,239,0,18,18,257
07/18/2020,BHM,AL,ASO,ES,Combined TRACON& Tower with Radar,56,21,38,3,118,0,1,15,3,19,56,22,53,6,137,0,0,0,137
07/19/2020,BHM,AL,ASO,ES,Combined TRACON& Tower with Radar,60,13,31,7,111,0,0,19,1,20,60,13,50,8,131,0,0,0,131
07/20/2020,BHM,AL,ASO,ES,Combined TRACON& Tower with Radar,58,18,52,17,145,0,1,26,0,27,58,19,78,17,172,16,0,16,188
07/21/2020,BHM,AL,ASO,ES,Combined TRACON& Tower with Radar,57,34,63,28,182,0,2,21,0,23,57,36,84,28,205,0,0,0,205
07/22/2020,BHM,AL,ASO,ES,Combined TRACON& Tower with Radar,59,32,81,9,181,0,1,28,6,35,59,33,109,15,216,6,0,6,222
07/23/2020,BHM,AL,ASO,ES,Combined TRACON& Tower with Radar,62,35,87,23,207,0,2,37,7,46,62,37,124,30,253,6,0,6,259
07/24/2020,BHM,AL,ASO,ES,Combined TRACON& Tower with Radar,65,37,65,68,235,0,1,28,3,32,65,38,93,71,267,59,22,81,348
07/25/2020,BHM,AL,ASO,ES,Combined TRACON& Tower with Radar,54,25,30,12,121,0,0,35,5,40,54,25,65,17,161,0,0,0,161
07/26/2020,BHM,AL,ASO,ES,Combined TRACON& Tower with Radar,60,22,33,4,119,0,1,27,9,37,60,23,60,13,156,14,0,14,170
07/27/2020,BHM,AL,ASO,ES,Combined TRACON& Tower with Radar,58,22,58,4,142,0,0,27,7,34,58,22,85,11,176,10,0,10,186
07/28/2020,BHM,AL,ASO,ES,Combined TRACON& Tower with Radar,58,32,71,21,182,0,1,29,9,39,58,33,100,30,221,22,22,44,265
07/29/2020,BHM,AL,ASO,ES,Combined TRACON& Tower with Radar,56,39,93,20,208,0,0,12,0,12,56,39,105,20,220,0,0,0,220
07/30/2020,BHM,AL,ASO,ES,Combined TRACON& Tower with Radar,59,36,74,11,180,0,0,28,4,32,59,36,102,15,212,10,0,10,222
07/31/2020,BHM,AL,ASO,ES,Combined TRACON& Tower with Radar,60,43,64,3,170,0,3,18,2,23,60,46,82,5,193,0,0,0,193
08/01/2020,BHM,AL,ASO,ES,Combined TRACON& Tower with Radar,54,30,49,18,151,0,1,20,0,21,54,31,69,18,172,12,0,12,184
08/02/2020,BHM,AL,ASO,ES,Combined TRACON& Tower with Radar,54,21,45,4,124,0,0,29,0,29,54,21,74,4,153,0,0,0,153
08/03/2020,BHM,AL,ASO,ES,Combined TRACON& Tower with Radar,66,29,40,3,138,0,0,29,1,30,66,29,69,4,168,0,0,0,168
08/04/2020,BHM,AL,ASO,ES,Combined TRACON& Tower with Radar,54,30,52,18,154,0,1,38,3,42,54,31,90,21,196,34,0,34,230
08/05/2020,BHM,AL,ASO,ES,Combined TRACON& Tower with Radar,54,35,71,34,194,0,2,34,7,43,54,37,105,41,237,24,0,24,261
08/06/2020,BHM,AL,ASO,ES,Combined TRACON& Tower with Radar,62,39,58,6,165,0,5,39,6,50,62,44,97,12,215,42,0,42,257
08/07/2020,BHM,AL,ASO,ES,Combined TRACON& Tower with Radar,64,33,64,32,193,0,6,40,7,53,64,39,104,39,246,41,20,61,307
08/08/2020,BHM,AL,ASO,ES,Combined TRACON& Tower with Radar,56,30,51,0,137,0,2,46,13,61,56,32,97,13,198,0,0,0,198
08/09/2020,BHM,AL,ASO,ES,Combined TRACON& Tower with Radar,54,22,35,2,113,0,1,36,0,37,54,23,71,2,150,12,0,12,162
08/10/2020,BHM,AL,ASO,ES,Combined TRACON& Tower with Radar,69,33,60,6,168,0,1,16,2,19,69,34,76,8,187,5,0,5,192
08/11/2020,BHM,AL,ASO,ES,Combined TRACON& Tower with Radar,55,30,58,21,164,0,1,38,3,42,55,31,96,24,206,20,2,22,228
08/12/2020,BHM,AL,ASO,ES,Combined TRACON& Tower with Radar,57,32,54,6,149,0,1,22,1,24,57,33,76,7,173,0,0,0,173
08/13/2020,BHM,AL,ASO,ES,Combined TRACON& Tower with Radar,66,29,64,20,179,0,3,27,6,36,66,32,91,26,215,58,0,58,273
08/14/2020,BHM,AL,ASO,ES,Combined TRACON& Tower with Radar,67,34,68,24,193,0,3,20,2,25,67,37,88,26,218,0,0,0,218
08/15/2020,BHM,AL,ASO,ES,Combined TRACON& Tower with Radar,59,27,39,16,141,0,1,17,2,20,59,28,56,18,161,0,0,0,161
08/16/2020,BHM,AL,ASO,ES,Combined TRACON& Tower with Radar,56,20,47,9,132,0,0,27,1,28,56,20,74,10,160,0,0,0,160
08/17/2020,BHM,AL,ASO,ES,Combined TRACON& Tower with Radar,64,31,67,12,174,0,4,40,0,44,64,35,107,12,218,0,0,0,218
08/18/2020,BHM,AL,ASO,ES,Combined TRACON& Tower with Radar,56,38,57,32,183,0,4,52,3,59,56,42,109,35,242,22,6,28,270
08/19/2020,BHM,AL,ASO,ES,Combined TRACON& Tower with Radar,57,27,63,19,166,0,1,30,0,31,57,28,93,19,197,0,0,0,197
08/20/2020,BHM,AL,ASO,ES,Combined TRACON& Tower with Radar,66,34,65,20,185,0,2,18,3,23,66,36,83,23,208,10,0,10,218
08/21/2020,BHM,AL,ASO,ES,Combined TRACON& Tower with Radar,65,26,43,26,160,0,2,16,0,18,65,28,59,26,178,20,0,20,198
08/22/2020,BHM,AL,ASO,ES,Combined TRACON& Tower with Radar,59,26,32,0,117,0,2,18,0,20,59,28,50,0,137,2,0,2,139
08/23/2020,BHM,AL,ASO,ES,Combined TRACON& Tower with Radar,60,19,63,0,142,0,3,18,0,21,60,22,81,0,163,0,0,0,163
08/24/2020,BHM,AL,ASO,ES,Combined TRACON& Tower with Radar,64,19,48,21,152,0,0,13,2,15,64,19,61,23,167,0,0,0,167
08/25/2020,BHM,AL,ASO,ES,Combined TRACON& Tower with Radar,58,30,54,17,159,0,0,0,0,0,58,30,54,17,159,0,0,0,159
08/26/2020,BHM,AL,ASO,ES,Combined TRACON& Tower with Radar,52,29,77,41,199,0,1,10,6,17,52,30,87,47,216,0,0,0,216
08/27/2020,BHM,AL,ASO,ES,Combined TRACON& Tower with Radar,62,47,59,15,183,0,0,31,5,36,62,47,90,20,219,37,0,37,256
08/28/2020,BHM,AL,ASO,ES,Combined TRACON& Tower with Radar,70,27,52,12,161,0,1,0,0,1,70,28,52,12,162,0,0,0,162
08/29/2020,BHM,AL,ASO,ES,Combined TRACON& Tower with Radar,60,26,38,0,124,0,0,1,1,2,60,26,39,1,126,0,0,0,126
08/30/2020,BHM,AL,ASO,ES,Combined TRACON& Tower with Radar,72,21,39,0,132,0,2,11,2,15,72,23,50,2,147,0,0,0,147
08/31/2020,BHM,AL,ASO,ES,Combined TRACON& Tower with Radar,64,23,45,9,141,0,0,12,0,12,64,23,57,9,153,33,0,33,186
09/01/2020,BHM,AL,ASO,ES,Combined TRACON& Tower with Radar,57,32,66,33,188,0,3,22,7,32,57,35,88,40,220,68,0,68,288
09/02/2020,BHM,AL,ASO,ES,Combined TRACON& Tower with Radar,56,40,89,12,197,0,1,20,7,28,56,41,109,19,225,28,0,28,253
09/03/2020,BHM,AL,ASO,ES,Combined TRACON& Tower with Radar,65,41,75,38,219,0,4,29,2,35,65,45,104,40,254,14,4,18,272
09/04/2020,BHM,AL,ASO,ES,Combined TRACON& Tower with Radar,63,53,80,5,201,0,2,37,0,39,63,55,117,5,240,12,0,12,252
09/05/2020,BHM,AL,ASO,ES,Combined TRACON& Tower with Radar,53,29,29,5,116,0,3,58,1,62,53,32,87,6,178,0,0,0,178
09/06/2020,BHM,AL,ASO,ES,Combined TRACON& Tower with Radar,40,16,21,0,77,0,5,34,1,40,40,21,55,1,117,0,0,0,117
09/07/2020,BHM,AL,ASO,ES,Combined TRACON& Tower with Radar,48,29,78,0,155,0,3,40,3,46,48,32,118,3,201,0,0,0,201
09/08/2020,BHM,AL,ASO,ES,Combined TRACON& Tower with Radar,44,40,77,41,202,0,5,38,2,45,44,45,115,43,247,28,10,38,285
09/09/2020,BHM,AL,ASO,ES,Combined TRACON& Tower with Radar,46,35,74,17,172,0,5,46,4,55,46,40,120,21,227,0,0,0,227
09/10/2020,BHM,AL,ASO,ES,Combined TRACON& Tower with Radar,49,52,82,27,210,0,4,22,6,32,49,56,104,33,242,50,0,50,292
09/11/2020,BHM,AL,ASO,ES,Combined TRACON& Tower with Radar,53,50,70,39,212,0,1,37,0,38,53,51,107,39,250,24,0,24,274
09/12/2020,BHM,AL,ASO,ES,Combined TRACON& Tower with Radar,49,26,34,0,109,0,5,14,1,20,49,31,48,1,129,0,0,0,129
09/13/2020,BHM,AL,ASO,ES,Combined TRACON& Tower with Radar,46,27,62,0,135,0,1,40,1,42,46,28,102,1,177,0,0,0,177
09/14/2020,BHM,AL,ASO,ES,Combined TRACON& Tower with Radar,49,29,38,37,153,0,2,27,1,30,49,31,65,38,183,40,0,40,223
09/15/2020,BHM,AL,ASO,ES,Combined TRACON& Tower with Radar,40,42,55,48,185,0,1,6,4,11,40,43,61,52,196,10,0,10,206
09/16/2020,BHM,AL,ASO,ES,Combined TRACON& Tower with Radar,44,37,27,2,110,0,0,0,0,0,44,37,27,2,110,0,0,0,110
09/17/2020,BHM,AL,ASO,ES,Combined TRACON& Tower with Radar,50,49,39,10,148,0,1,8,2,11,50,50,47,12,159,0,0,0,159
09/18/2020,BHM,AL,ASO,ES,Combined TRACON& Tower with Radar,51,39,51,45,186,0,1,36,3,40,51,40,87,48,226,0,0,0,226
09/19/2020,BHM,AL,ASO,ES,Combined TRACON& Tower with Radar,48,27,49,2,126,0,2,24,2,28,48,29,73,4,154,8,0,8,162
09/20/2020,BHM,AL,ASO,ES,Combined TRACON& Tower with Radar,45,27,44,2,118,0,0,37,0,37,45,27,81,2,155,16,0,16,171
09/21/2020,BHM,AL,ASO,ES,Combined TRACON& Tower with Radar,52,36,80,22,190,0,2,35,2,39,52,38,115,24,229,0,10,10,239
09/22/2020,BHM,AL,ASO,ES,Combined TRACON& Tower with Radar,41,49,70,20,180,0,6,37,7,50,41,55,107,27,230,38,0,38,268
09/23/2020,BHM,AL,ASO,ES,Combined TRACON& Tower with Radar,45,42,82,29,198,0,5,38,7,50,45,47,120,36,248,22,18,40,288
09/24/2020,BHM,AL,ASO,ES,Combined TRACON& Tower with Radar,50,56,54,5,165,0,0,0,0,0,50,56,54,5,165,0,0,0,165
09/25/2020,BHM,AL,ASO,ES,Combined TRACON& Tower with Radar,54,44,89,22,209,0,1,10,8,19,54,45,99,30,228,8,0,8,236
09/26/2020,BHM,AL,ASO,ES,Combined TRACON& Tower with Radar,49,30,59,4,142,0,0,20,6,26,49,30,79,10,168,0,0,0,168
09/27/2020,BHM,AL,ASO,ES,Combined TRACON& Tower with Radar,48,30,52,9,139,0,0,34,3,37,48,30,86,12,176,28,0,28,204
09/28/2020,BHM,AL,ASO,ES,Combined TRACON& Tower with Radar,47,34,86,5,172,0,0,5,0,5,47,34,91,5,177,0,0,0,177
09/29/2020,BHM,AL,ASO,ES,Combined TRACON& Tower with Radar,41,57,74,14,186,0,2,26,8,36,41,59,100,22,222,28,0,28,250
09/30/2020,BHM,AL,ASO,ES,Combined TRACON& Tower with Radar,45,38,80,14,177,0,2,47,4,53,45,40,127,18,230,0,0,0,230
10/01/2020,BHM,AL,ASO,ES,Combined TRACON& Tower with Radar,53,45,79,24,201,0,3,51,5,59,53,48,130,29,260,12,0,12,272
10/02/2020,BHM,AL,ASO,ES,Combined TRACON& Tower with Radar,59,35,67,18,179,0,4,45,9,58,59,39,112,27,237,4,0,4,241
10/03/2020,BHM,AL,ASO,ES,Combined TRACON& Tower with Radar,58,26,33,2,119,0,3,44,2,49,58,29,77,4,168,8,0,8,176
10/04/2020,BHM,AL,ASO,ES,Combined TRACON& Tower with Radar,50,20,60,2,132,0,4,37,3,44,50,24,97,5,176,0,0,0,176
10/05/2020,BHM,AL,ASO,ES,Combined TRACON& Tower with Radar,54,33,64,11,162,0,5,68,4,77,54,38,132,15,239,0,0,0,239
10/06/2020,BHM,AL,ASO,ES,Combined TRACON& Tower with Radar,47,38,81,30,196,0,1,47,6,54,47,39,128,36,250,38,38,76,326
10/07/2020,BHM,AL,ASO,ES,Combined TRACON& Tower with Radar,50,31,87,31,199,0,8,49,9,66,50,39,136,40,265,0,0,0,265
10/08/2020,BHM,AL,ASO,ES,Combined TRACON& Tower with Radar,63,43,76,26,208,0,4,53,2,59,63,47,129,28,267,8,0,8,275
10/09/2020,BHM,AL,ASO,ES,Combined TRACON& Tower with Radar,66,39,54,0,159,0,1,9,0,10,66,40,63,0,169,0,0,0,169
10/10/2020,BHM,AL,ASO,ES,Combined TRACON& Tower with Radar,66,30,19,0,115,0,0,0,0,0,66,30,19,0,115,0,0,0,115
10/11/2020,BHM,AL,ASO,ES,Combined TRACON& Tower with Radar,62,26,43,0,131,0,0,0,0,0,62,26,43,0,131,0,0,0,131
10/12/2020,BHM,AL,ASO,ES,Combined TRACON& Tower with Radar,63,38,76,0,177,0,0,28,0,28,63,38,104,0,205,36,0,36,241
10/13/2020,BHM,AL,ASO,ES,Combined TRACON& Tower with Radar,53,55,99,34,241,0,12,51,2,65,53,67,150,36,306,0,12,12,318
10/14/2020,BHM,AL,ASO,ES,Combined TRACON& Tower with Radar,55,48,89,15,207,0,3,57,1,61,55,51,146,16,268,52,10,62,330
10/15/2020,BHM,AL,ASO,ES,Combined TRACON& Tower with Radar,63,44,76,55,238,0,7,46,4,57,63,51,122,59,295,30,15,45,340
10/16/2020,BHM,AL,ASO,ES,Combined TRACON& Tower with Radar,67,45,85,20,217,0,2,31,9,42,67,47,116,29,259,12,0,12,271
10/17/2020,BHM,AL,ASO,ES,Combined TRACON& Tower with Radar,58,32,48,11,149,0,2,39,4,45,58,34,87,15,194,0,0,0,194
10/18/2020,BHM,AL,ASO,ES,Combined TRACON& Tower with Radar,63,30,55,9,157,0,8,40,4,52,63,38,95,13,209,0,0,0,209
10/19/2020,BHM,AL,ASO,ES,Combined TRACON& Tower with Radar,59,31,76,32,198,0,2,48,1,51,59,33,124,33,249,0,0,0,249
10/20/2020,BHM,AL,ASO,ES,Combined TRACON& Tower with Radar,51,35,73,51,210,0,4,41,3,48,51,39,114,54,258,6,0,6,264
10/21/2020,BHM,AL,ASO,ES,Combined TRACON& Tower with Radar,51,35,96,45,227,0,2,40,3,45,51,37,136,48,272,34,6,40,312
10/22/2020,BHM,AL,ASO,ES,Combined TRACON& Tower with Radar,61,41,104,42,248,0,3,42,14,59,61,44,146,56,307,12,0,12,319
10/23/2020,BHM,AL,ASO,ES,Combined TRACON& Tower with Radar,63,38,75,40,216,0,3,26,4,33,63,41,101,44,249,4,0,4,253
10/24/2020,BHM,AL,ASO,ES,Combined TRACON& Tower with Radar,48,22,37,0,107,0,1,0,0,1,48,23,37,0,108,0,0,0,108
10/25/2020,BHM,AL,ASO,ES,Combined TRACON& Tower with Radar,52,31,79,9,171,0,1,15,0,16,52,32,94,9,187,12,2,14,201
10/26/2020,BHM,AL,ASO,ES,Combined TRACON& Tower with Radar,53,21,70,23,167,0,1,18,0,19,53,22,88,23,186,0,0,0,186
10/27/2020,BHM,AL,ASO,ES,Combined TRACON& Tower with Radar,47,31,81,33,192,0,0,2,0,2,47,31,83,33,194,45,12,57,251
10/28/2020,BHM,AL,ASO,ES,Combined TRACON& Tower with Radar,49,27,62,16,154,0,0,1,0,1,49,27,63,16,155,0,0,0,155
10/29/2020,BHM,AL,ASO,ES,Combined TRACON& Tower with Radar,55,49,58,27,189,0,6,8,6,20,55,55,66,33,209,0,0,0,209
10/30/2020,BHM,AL,ASO,ES,Combined TRACON& Tower with Radar,58,52,108,25,243,0,2,20,1,23,58,54,128,26,266,6,36,42,308
10/31/2020,BHM,AL,ASO,ES,Combined TRACON& Tower with Radar,40,30,24,0,94,0,4,44,2,50,40,34,68,2,144,0,0,0,144
11/01/2020,BHM,AL,ASO,ES,Combined TRACON& Tower with Radar,50,27,51,0,128,0,4,29,1,34,50,31,80,1,162,14,0,14,176
11/02/2020,BHM,AL,ASO,ES,Combined TRACON& Tower with Radar,51,37,75,34,197,0,3,30,2,35,51,40,105,36,232,22,0,22,254
11/03/2020,BHM,AL,ASO,ES,Combined TRACON& Tower with Radar,46,35,42,28,151,0,3,46,4,53,46,38,88,32,204,26,50,76,280
11/04/2020,BHM,AL,ASO,ES,Combined TRACON& Tower with Radar,48,46,84,24,202,0,2,55,5,62,48,48,139,29,264,0,0,0,264
11/05/2020,BHM,AL,ASO,ES,Combined TRACON& Tower with Radar,63,41,76,7,187,0,0,61,20,81,63,41,137,27,268,0,0,0,268
11/06/2020,BHM,AL,ASO,ES,Combined TRACON& Tower with Radar,66,43,73,48,230,0,0,47,14,61,66,43,120,62,291,0,0,0,291
11/07/2020,BHM,AL,ASO,ES,Combined TRACON& Tower with Radar,58,23,41,7,129,0,0,11,4,15,58,23,52,11,144,0,0,0,144
11/08/2020,BHM,AL,ASO,ES,Combined TRACON& Tower with Radar,68,25,71,13,177,0,2,25,4,31,68,27,96,17,208,0,0,0,208
11/09/2020,BHM,AL,ASO,ES,Combined TRACON& Tower with Radar,65,32,56,36,189,0,1,18,1,20,65,33,74,37,209,0,0,0,209
11/10/2020,BHM,AL,ASO,ES,Combined TRACON& Tower with Radar,54,50,59,47,210,0,0,7,2,9,54,50,66,49,219,0,0,0,219
11/11/2020,BHM,AL,ASO,ES,Combined TRACON& Tower with Radar,55,41,64,0,160,0,0,1,0,1,55,41,65,0,161,0,0,0,161
11/12/2020,BHM,AL,ASO,ES,Combined TRACON& Tower with Radar,66,45,95,18,224,0,0,2,0,2,66,45,97,18,226,0,0,0,226
11/13/2020,BHM,AL,ASO,ES,Combined TRACON& Tower with Radar,68,25,67,20,180,0,1,47,6,54,68,26,114,26,234,10,0,10,244
11/14/2020,BHM,AL,ASO,ES,Combined TRACON& Tower with Radar,64,23,31,2,120,0,3,44,3,50,64,26,75,5,170,0,0,0,170
11/15/2020,BHM,AL,ASO,ES,Combined TRACON& Tower with Radar,64,17,49,16,146,0,3,10,7,20,64,20,59,23,166,0,0,0,166
11/16/2020,BHM,AL,ASO,ES,Combined TRACON& Tower with Radar,65,32,55,38,190,0,9,29,4,42,65,41,84,42,232,23,10,33,265
11/17/2020,BHM,AL,ASO,ES,Combined TRACON& Tower with Radar,53,32,66,49,200,0,2,30,7,39,53,34,96,56,239,4,0,4,243
11/18/2020,BHM,AL,ASO,ES,Combined TRACON& Tower with Radar,54,29,75,61,219,0,3,59,2,64,54,32,134,63,283,0,0,0,283
11/19/2020,BHM,AL,ASO,ES,Combined TRACON& Tower with Radar,66,47,74,14,201,0,0,56,11,67,66,47,130,25,268,54,0,54,322
11/20/2020,BHM,AL,ASO,ES,Combined TRACON& Tower with Radar,80,41,60,46,227,0,0,41,28,69,80,41,101,74,296,0,0,0,296
11/21/2020,BHM,AL,ASO,ES,Combined TRACON& Tower with Radar,70,26,61,6,163,0,1,45,4,50,70,27,106,10,213,0,0,0,213
11/22/2020,BHM,AL,ASO,ES,Combined TRACON& Tower with Radar,66,24,64,2,156,0,5,33,14,52,66,29,97,16,208,14,0,14,222
11/23/2020,BHM,AL,ASO,ES,Combined TRACON& Tower with Radar,65,26,61,18,170,0,1,39,2,42,65,27,100,20,212,22,0,22,234
11/24/2020,BHM,AL,ASO,ES,Combined TRACON& Tower with Radar,74,34,64,24,196,0,3,50,2,55,74,37,114,26,251,0,0,0,251
11/25/2020,BHM,AL,ASO,ES,Combined TRACON& Tower with Radar,75,45,51,0,171,0,0,4,0,4,75,45,55,0,175,0,0,0,175
11/26/2020,BHM,AL,ASO,ES,Combined TRACON& Tower with Radar,35,22,6,0,63,0,0,15,0,15,35,22,21,0,78,0,0,0,78
11/27/2020,BHM,AL,ASO,ES,Combined TRACON& Tower with Radar,61,17,26,0,104,0,2,18,0,20,61,19,44,0,124,0,0,0,124
11/28/2020,BHM,AL,ASO,ES,Combined TRACON& Tower with Radar,69,26,47,0,142,0,2,29,0,31,69,28,76,0,173,0,0,0,173
11/29/2020,BHM,AL,ASO,ES,Combined TRACON& Tower with Radar,69,27,38,0,134,0,0,0,0,0,69,27,38,0,134,0,0,0,134
11/30/2020,BHM,AL,ASO,ES,Combined TRACON& Tower with Radar,74,30,48,0,152,0,0,0,0,0,74,30,48,0,152,0,0,0,152
12/01/2020,BHM,AL,ASO,ES,Combined TRACON& Tower with Radar,67,38,63,16,184,0,5,30,2,37,67,43,93,18,221,0,0,0,221
12/02/2020,BHM,AL,ASO,ES,Combined TRACON& Tower with Radar,51,43,91,25,210,0,2,28,2,32,51,45,119,27,242,14,14,28,270
12/03/2020,BHM,AL,ASO,ES,Combined TRACON& Tower with Radar,58,30,74,71,233,0,4,30,7,41,58,34,104,78,274,43,4,47,321
12/04/2020,BHM,AL,ASO,ES,Combined TRACON& Tower with Radar,62,43,65,7,177,0,0,2,0,2,62,43,67,7,179,0,0,0,179
12/05/2020,BHM,AL,ASO,ES,Combined TRACON& Tower with Radar,50,20,48,5,123,0,1,51,4,56,50,21,99,9,179,0,0,0,179
12/06/2020,BHM,AL,ASO,ES,Combined TRACON& Tower with Radar,55,18,43,0,116,0,1,26,3,30,55,19,69,3,146,0,0,0,146
12/07/2020,BHM,AL,ASO,ES,Combined TRACON& Tower with Radar,60,29,70,10,169,0,6,21,2,29,60,35,91,12,198,0,0,0,198
12/08/2020,BHM,AL,ASO,ES,Combined TRACON& Tower with Radar,49,29,73,19,170,0,7,37,4,48,49,36,110,23,218,0,0,0,218
12/09/2020,BHM,AL,ASO,ES,Combined TRACON& Tower with Radar,52,37,85,21,195,0,7,31,1,39,52,44,116,22,234,22,18,40,274
12/10/2020,BHM,AL,ASO,ES,Combined TRACON& Tower with Radar,58,44,77,12,191,0,1,45,2,48,58,45,122,14,239,10,0,10,249
12/11/2020,BHM,AL,ASO,ES,Combined TRACON& Tower with Radar,67,40,71,18,196,0,4,52,2,58,67,44,123,20,254,20,0,20,274
12/12/2020,BHM,AL,ASO,ES,Combined TRACON& Tower with Radar,58,30,39,2,129,0,2,2,0,4,58,32,41,2,133,0,0,0,133
12/13/2020,BHM,AL,ASO,ES,Combined TRACON& Tower with Radar,56,28,42,8,134,0,1,14,1,16,56,29,56,9,150,26,0,26,176
12/14/2020,BHM,AL,ASO,ES,Combined TRACON& Tower with Radar,58,33,72,23,186,0,1,3,0,4,58,34,75,23,190,7,0,7,197
12/15/2020,BHM,AL,ASO,ES,Combined TRACON& Tower with Radar,50,43,66,23,182,0,1,23,0,24,50,44,89,23,206,55,2,57,263
12/16/2020,BHM,AL,ASO,ES,Combined TRACON& Tower with Radar,54,37,72,9,172,0,1,0,0,1,54,38,72,9,173,6,0,6,179
12/17/2020,BHM,AL,ASO,ES,Combined TRACON& Tower with Radar,66,50,48,24,188,0,0,14,12,26,66,50,62,36,214,29,0,29,243
12/18/2020,BHM,AL,ASO,ES,Combined TRACON& Tower with Radar,73,47,70,24,214,0,5,42,7,54,73,52,112,31,268,11,0,11,279
12/19/2020,BHM,AL,ASO,ES,Combined TRACON& Tower with Radar,76,39,37,0,152,0,2,41,0,43,76,41,78,0,195,18,0,18,213
12/20/2020,BHM,AL,ASO,ES,Combined TRACON& Tower with Radar,62,28,28,10,128,0,1,0,0,1,62,29,28,10,129,0,0,0,129
12/21/2020,BHM,AL,ASO,ES,Combined TRACON& Tower with Radar,70,27,45,12,154,0,4,27,1,32,70,31,72,13,186,8,0,8,194
12/22/2020,BHM,AL,ASO,ES,Combined TRACON& Tower with Radar,72,37,55,8,172,0,4,55,2,61,72,41,110,10,233,0,0,0,233
12/23/2020,BHM,AL,ASO,ES,Combined TRACON& Tower with Radar,73,52,54,10,189,0,2,17,3,22,73,54,71,13,211,0,0,0,211
12/24/2020,BHM,AL,ASO,ES,Combined TRACON& Tower with Radar,50,25,15,0,90,0,0,2,0,2,50,25,17,0,92,0,0,0,92
12/25/2020,BHM,AL,ASO,ES,Combined TRACON& Tower with Radar,42,20,14,1,77,0,2,10,1,13,42,22,24,2,90,0,0,0,90
12/26/2020,BHM,AL,ASO,ES,Combined TRACON& Tower with Radar,66,38,42,0,146,0,3,36,0,39,66,41,78,0,185,0,0,0,185
12/27/2020,BHM,AL,ASO,ES,Combined TRACON& Tower with Radar,64,29,35,0,128,0,3,34,2,39,64,32,69,2,167,0,0,0,167
12/28/2020,BHM,AL,ASO,ES,Combined TRACON& Tower with Radar,63,33,57,0,153,0,0,31,2,33,63,33,88,2,186,0,0,0,186
12/29/2020,BHM,AL,ASO,ES,Combined TRACON& Tower with Radar,66,48,53,30,197,0,6,29,4,39,66,54,82,34,236,16,6,22,258
12/30/2020,BHM,AL,ASO,ES,Combined TRACON& Tower with Radar,64,50,45,0,159,0,4,26,1,31,64,54,71,1,190,0,0,0,190
12/31/2020,BHM,AL,ASO,ES,Combined TRACON& Tower with Radar,52,31,31,0,114,0,1,3,0,4,52,32,34,0,118,2,0,2,120
01/01/2021,BHM,AL,ASO,ES,Combined TRACON& Tower with Radar,47,18,26,0,91,0,1,4,2,7,47,19,30,2,98,0,0,0,98
01/02/2021,BHM,AL,ASO,ES,Combined TRACON& Tower with Radar,64,29,59,0,152,0,3,35,0,38,64,32,94,0,190,0,0,0,190
01/03/2021,BHM,AL,ASO,ES,Combined TRACON& Tower with Radar,66,29,65,0,160,0,0,23,2,25,66,29,88,2,185,10,0,10,195
01/04/2021,BHM,AL,ASO,ES,Combined TRACON& Tower with Radar,63,36,49,0,148,0,0,49,1,50,63,36,98,1,198,0,0,0,198
01/05/2021,BHM,AL,ASO,ES,Combined TRACON& Tower with Radar,56,33,46,4,139,0,2,13,0,15,56,35,59,4,154,0,0,0,154
01/06/2021,BHM,AL,ASO,ES,Combined TRACON& Tower with Radar,54,41,72,10,177,0,6,50,1,57,54,47,122,11,234,8,0,8,242
01/07/2021,BHM,AL,ASO,ES,Combined TRACON& Tower with Radar,54,50,64,0,168,0,1,7,0,8,54,51,71,0,176,0,0,0,176
01/08/2021,BHM,AL,ASO,ES,Combined TRACON& Tower with Radar,57,40,49,4,150,0,0,7,0,7,57,40,56,4,157,0,0,0,157
01/09/2021,BHM,AL,ASO,ES,Combined TRACON& Tower with Radar,49,25,36,9,119,0,0,16,2,18,49,25,52,11,137,56,24,80,217
01/10/2021,BHM,AL,ASO,ES,Combined TRACON& Tower with Radar,50,32,52,3,137,0,1,33,8,42,50,33,85,11,179,0,0,0,179
01/11/2021,BHM,AL,ASO,ES,Combined TRACON& Tower with Radar,53,50,44,0,147,0,0,0,0,0,53,50,44,0,147,0,0,0,147
01/12/2021,BHM,AL,ASO,ES,Combined TRACON& Tower with Radar,52,51,92,13,208,0,0,4,0,4,52,51,96,13,212,0,0,0,212
01/13/2021,BHM,AL,ASO,ES,Combined TRACON& Tower with Radar,56,42,55,8,161,0,2,30,0,32,56,44,85,8,193,29,0,29,222
01/14/2021,BHM,AL,ASO,ES,Combined TRACON& Tower with Radar,54,46,81,11,192,0,2,43,14,59,54,48,124,25,251,14,0,14,265
01/15/2021,BHM,AL,ASO,ES,Combined TRACON& Tower with Radar,58,37,65,16,176,0,3,43,2,48,58,40,108,18,224,10,0,10,234
01/16/2021,BHM,AL,ASO,ES,Combined TRACON& Tower with Radar,49,32,40,0,121,0,8,16,3,27,49,40,56,3,148,26,0,26,174
01/17/2021,BHM,AL,ASO,ES,Combined TRACON& Tower with Radar,55,34,41,0,130,0,3,51,0,54,55,37,92,0,184,0,0,0,184
01/18/2021,BHM,AL,ASO,ES,Combined TRACON& Tower with Radar,52,32,58,0,142,0,1,42,0,43,52,33,100,0,185,0,0,0,185
01/19/2021,BHM,AL,ASO,ES,Combined TRACON& Tower with Radar,50,42,60,9,161,0,0,38,3,41,50,42,98,12,202,16,0,16,218
01/20/2021,BHM,AL,ASO,ES,Combined TRACON& Tower with Radar,50,43,62,8,163,0,2,43,3,48,50,45,105,11,211,6,0,6,217
01/21/2021,BHM,AL,ASO,ES,Combined TRACON& Tower with Radar,58,61,50,6,175,0,0,0,0,0,58,61,50,6,175,0,0,0,175
01/22/2021,BHM,AL,ASO,ES,Combined TRACON& Tower with Radar,57,61,61,74,253,0,2,7,10,19,57,63,68,84,272,0,12,12,284
01/23/2021,BHM,AL,ASO,ES,Combined TRACON& Tower with Radar,49,27,36,34,146,0,0,61,6,67,49,27,97,40,213,0,0,0,213
01/24/2021,BHM,AL,ASO,ES,Combined TRACON& Tower with Radar,51,30,44,14,139,0,2,11,5,18,51,32,55,19,157,0,0,0,157
01/25/2021,BHM,AL,ASO,ES,Combined TRACON& Tower with Radar,54,24,46,8,132,0,0,1,1,2,54,24,47,9,134,0,0,0,134
01/26/2021,BHM,AL,ASO,ES,Combined TRACON& Tower with Radar,52,39,71,24,186,0,0,31,13,44,52,39,102,37,230,0,0,0,230
01/27/2021,BHM,AL,ASO,ES,Combined TRACON& Tower with Radar,51,48,73,49,221,0,0,11,6,17,51,48,84,55,238,0,0,0,238
01/28/2021,BHM,AL,ASO,ES,Combined TRACON& Tower with Radar,53,47,60,60,220,0,5,40,9,54,53,52,100,69,274,18,0,18,292
01/29/2021,BHM,AL,ASO,ES,Combined TRACON& Tower with Radar,56,39,70,36,201,0,7,58,2,67,56,46,128,38,268,0,0,0,268
01/30/2021,BHM,AL,ASO,ES,Combined TRACON& Tower with Radar,50,21,36,2,109,0,7,39,0,46,50,28,75,2,155,6,0,6,161
01/31/2021,BHM,AL,ASO,ES,Combined TRACON& Tower with Radar,54,36,28,14,132,0,0,10,0,10,54,36,38,14,142,0,0,0,142
02/01/2021,BHM,AL,ASO,ES,Combined TRACON& Tower with Radar,52,24,45,2,123,0,0,1,2,3,52,24,46,4,126,0,0,0,126
02/02/2021,BHM,AL,ASO,ES,Combined TRACON& Tower with Radar,50,39,52,45,186,0,4,44,1,49,50,43,96,46,235,0,6,6,241
02/03/2021,BHM,AL,ASO,ES,Combined TRACON& Tower with Radar,50,35,70,37,192,0,1,53,3,57,50,36,123,40,249,0,18,18,267
02/04/2021,BHM,AL,ASO,ES,Combined TRACON& Tower with Radar,54,50,85,25,214,0,3,28,12,43,54,53,113,37,257,33,0,33,290
02/05/2021,BHM,AL,ASO,ES,Combined TRACON& Tower with Radar,57,55,62,49,223,0,2,39,7,48,57,57,101,56,271,38,0,38,309
02/06/2021,BHM,AL,ASO,ES,Combined TRACON& Tower with Radar,49,26,44,4,123,0,0,8,0,8,49,26,52,4,131,8,0,8,139
02/07/2021,BHM,AL,ASO,ES,Combined TRACON& Tower with Radar,50,24,44,2,120,0,2,11,7,20,50,26,55,9,140,18,0,18,158
02/08/2021,BHM,AL,ASO,ES,Combined TRACON& Tower with Radar,52,45,77,43,217,0,0,57,0,57,52,45,134,43,274,0,0,0,274
02/09/2021,BHM,AL,ASO,ES,Combined TRACON& Tower with Radar,48,41,62,47,198,0,2,45,4,51,48,43,107,51,249,0,0,0,249
02/10/2021,BHM,AL,ASO,ES,Combined TRACON& Tower with Radar,51,59,74,74,258,0,1,36,3,40,51,60,110,77,298,42,0,42,340
02/11/2021,BHM,AL,ASO,ES,Combined TRACON& Tower with Radar,55,52,48,7,162,0,0,0,0,0,55,52,48,7,162,0,0,0,162
02/12/2021,BHM,AL,ASO,ES,Combined TRACON& Tower with Radar,63,43,61,2,169,0,0,0,0,0,63,43,61,2,169,0,0,0,169
02/13/2021,BHM,AL,ASO,ES,Combined TRACON& Tower with Radar,53,25,24,0,102,0,0,0,0,0,53,25,24,0,102,0,0,0,102
02/14/2021,BHM,AL,ASO,ES,Combined TRACON& Tower with Radar,43,23,35,0,101,0,0,1,0,1,43,23,36,0,102,0,0,0,102
02/15/2021,BHM,AL,ASO,ES,Combined TRACON& Tower with Radar,54,22,21,0,97,0,0,0,0,0,54,22,21,0,97,0,0,0,97
02/16/2021,BHM,AL,ASO,ES,Combined TRACON& Tower with Radar,38,29,44,0,111,0,0,2,0,2,38,29,46,0,113,0,0,0,113
02/17/2021,BHM,AL,ASO,ES,Combined TRACON& Tower with Radar,44,46,53,2,145,0,2,31,3,36,44,48,84,5,181,36,0,36,217
02/18/2021,BHM,AL,ASO,ES,Combined TRACON& Tower with Radar,46,46,73,22,187,0,0,0,0,0,46,46,73,22,187,0,0,0,187
02/19/2021,BHM,AL,ASO,ES,Combined TRACON& Tower with Radar,61,51,95,15,222,0,2,30,9,41,61,53,125,24,263,0,0,0,263
02/20/2021,BHM,AL,ASO,ES,Combined TRACON& Tower with Radar,54,30,32,4,120,0,5,52,17,74,54,35,84,21,194,20,0,20,214
02/21/2021,BHM,AL,ASO,ES,Combined TRACON& Tower with Radar,58,30,54,16,158,0,1,28,9,38,58,31,82,25,196,0,0,0,196
02/22/2021,BHM,AL,ASO,ES,Combined TRACON& Tower with Radar,55,41,55,6,157,0,0,24,5,29,55,41,79,11,186,20,0,20,206
02/23/2021,BHM,AL,ASO,ES,Combined TRACON& Tower with Radar,54,36,110,29,229,0,4,52,5,61,54,40,162,34,290,0,0,0,290
02/24/2021,BHM,AL,ASO,ES,Combined TRACON& Tower with Radar,54,32,86,37,209,0,2,67,11,80,54,34,153,48,289,0,0,0,289
02/25/2021,BHM,AL,ASO,ES,Combined TRACON& Tower with Radar,59,51,102,24,236,0,0,52,10,62,59,51,154,34,298,14,0,14,312
02/26/2021,BHM,AL,ASO,ES,Combined TRACON& Tower with Radar,63,63,73,9,208,0,0,3,2,5,63,63,76,11,213,6,0,6,219
02/27/2021,BHM,AL,ASO,ES,Combined TRACON& Tower with Radar,54,23,45,0,122,0,5,13,2,20,54,28,58,2,142,0,0,0,142
02/28/2021,BHM,AL,ASO,ES,Combined TRACON& Tower with Radar,55,31,57,12,155,0,2,13,4,19,55,33,70,16,174,0,0,0,174
03/01/2021,BHM,AL,ASO,ES,Combined TRACON& Tower with Radar,56,42,68,40,206,0,0,0,0,0,56,42,68,40,206,0,0,0,206
03/02/2021,BHM,AL,ASO,ES,Combined TRACON& Tower with Radar,54,48,76,4,182,0,2,15,2,19,54,50,91,6,201,14,0,14,215
03/03/2021,BHM,AL,ASO,ES,Combined TRACON& Tower with Radar,55,56,93,24,228,0,1,52,4,57,55,57,145,28,285,4,6,10,295
03/04/2021,BHM,AL,ASO,ES,Combined TRACON& Tower with Radar,67,55,92,2,216,0,3,66,4,73,67,58,158,6,289,28,0,28,317
03/05/2021,BHM,AL,ASO,ES,Combined TRACON& Tower with Radar,69,51,75,35,230,0,3,47,9,59,69,54,122,44,289,0,0,0,289
03/06/2021,BHM,AL,ASO,ES,Combined TRACON& Tower with Radar,57,24,32,8,121,0,8,33,0,41,57,32,65,8,162,0,0,0,162
03/07/2021,BHM,AL,ASO,ES,Combined TRACON& Tower with Radar,68,27,50,2,147,0,3,46,1,50,68,30,96,3,197,24,0,24,221
03/08/2021,BHM,AL,ASO,ES,Combined TRACON& Tower with Radar,70,36,74,13,193,0,6,45,4,55,70,42,119,17,248,0,0,0,248
03/09/2021,BHM,AL,ASO,ES,Combined TRACON& Tower with Radar,59,54,92,42,247,0,4,47,1,52,59,58,139,43,299,0,0,0,299
03/10/2021,BHM,AL,ASO,ES,Combined TRACON& Tower with Radar,58,57,100,39,254,0,3,26,1,30,58,60,126,40,284,0,0,0,284
03/11/2021,BHM,AL,ASO,ES,Combined TRACON& Tower with Radar,74,56,91,28,249,0,1,39,14,54,74,57,130,42,303,0,0,0,303
03/12/2021,BHM,AL,ASO,ES,Combined TRACON& Tower with Radar,73,53,96,12,234,0,3,43,11,57,73,56,139,23,291,0,0,0,291
03/13/2021,BHM,AL,ASO,ES,Combined TRACON& Tower with Radar,65,28,51,6,150,0,6,58,6,70,65,34,109,12,220,0,0,0,220
03/14/2021,BHM,AL,ASO,ES,Combined TRACON& Tower with Radar,58,31,60,9,158,0,1,50,4,55,58,32,110,13,213,6,0,6,219
03/15/2021,BHM,AL,ASO,ES,Combined TRACON& Tower with Radar,66,38,46,2,152,0,1,11,0,12,66,39,57,2,164,16,0,16,180
03/16/2021,BHM,AL,ASO,ES,Combined TRACON& Tower with Radar,68,44,86,11,209,0,0,1,0,1,68,44,87,11,210,0,0,0,210
03/17/2021,BHM,AL,ASO,ES,Combined TRACON& Tower with Radar,57,27,50,10,144,0,0,0,0,0,57,27,50,10,144,0,0,0,144
03/18/2021,BHM,AL,ASO,ES,Combined TRACON& Tower with Radar,80,49,110,18,257,0,2,13,4,19,80,51,123,22,276,0,6,6,282
03/19/2021,BHM,AL,ASO,ES,Combined TRACON& Tower with Radar,75,49,97,7,228,0,2,17,9,28,75,51,114,16,256,0,0,0,256
03/20/2021,BHM,AL,ASO,ES,Combined TRACON& Tower with Radar,67,39,66,11,183,0,4,34,2,40,67,43,100,13,223,0,0,0,223
03/21/2021,BHM,AL,ASO,ES,Combined TRACON& Tower with Radar,65,35,66,5,171,0,0,27,6,33,65,35,93,11,204,6,0,6,210
03/22/2021,BHM,AL,ASO,ES,Combined TRACON& Tower with Radar,74,31,57,12,174,0,1,46,0,47,74,32,103,12,221,10,0,10,231
03/23/2021,BHM,AL,ASO,ES,Combined TRACON& Tower with Radar,64,52,74,15,205,0,0,4,2,6,64,52,78,17,211,0,0,0,211
03/24/2021,BHM,AL,ASO,ES,Combined TRACON& Tower with Radar,65,51,78,13,207,0,2,34,1,37,65,53,112,14,244,0,0,0,244
03/25/2021,BHM,AL,ASO,ES,Combined TRACON& Tower with Radar,73,36,37,0,146,0,0,0,0,0,73,36,37,0,146,0,0,0,146
03/26/2021,BHM,AL,ASO,ES,Combined TRACON& Tower with Radar,74,65,97,14,250,0,6,62,7,75,74,71,159,21,325,0,0,0,325
03/27/2021,BHM,AL,ASO,ES,Combined TRACON& Tower with Radar,81,51,59,1,192,0,0,6,1,7,81,51,65,2,199,0,0,0,199
03/28/2021,BHM,AL,ASO,ES,Combined TRACON& Tower with Radar,69,28,54,1,152,0,1,13,3,17,69,29,67,4,169,6,0,6,175
03/29/2021,BHM,AL,ASO,ES,Combined TRACON& Tower with Radar,74,38,74,17,203,0,2,63,6,71,74,40,137,23,274,30,6,36,310
03/30/2021,BHM,AL,ASO,ES,Combined TRACON& Tower with Radar,69,47,79,27,222,0,3,32,1,36,69,50,111,28,258,0,0,0,258
03/31/2021,BHM,AL,ASO,ES,Combined TRACON& Tower with Radar,73,31,64,0,168,0,1,0,0,1,73,32,64,0,169,0,0,0,169
04/01/2021,BHM,AL,ASO,ES,Combined TRACON& Tower with Radar,81,46,100,8,235,0,2,18,0,20,81,48,118,8,255,0,0,0,255
04/02/2021,BHM,AL,ASO,ES,Combined TRACON& Tower with Radar,80,43,73,9,205,0,4,52,4,60,80,47,125,13,265,32,0,32,297
04/03/2021,BHM,AL,ASO,ES,Combined TRACON& Tower with Radar,69,32,50,4,155,0,4,51,1,56,69,36,101,5,211,12,0,12,223
04/04/2021,BHM,AL,ASO,ES,Combined TRACON& Tower with Radar,71,23,29,0,123,0,5,28,1,34,71,28,57,1,157,0,0,0,157
04/05/2021,BHM,AL,ASO,ES,Combined TRACON& Tower with Radar,79,41,90,10,220,0,2,45,1,48,79,43,135,11,268,10,0,10,278
04/06/2021,BHM,AL,ASO,ES,Combined TRACON& Tower with Radar,67,49,86,17,219,0,7,62,1,70,67,56,148,18,289,14,0,14,303
04/07/2021,BHM,AL,ASO,ES,Combined TRACON& Tower with Radar,68,39,103,34,244,0,2,47,6,55,68,41,150,40,299,26,20,46,345
04/08/2021,BHM,AL,ASO,ES,Combined TRACON& Tower with Radar,82,41,74,18,215,0,2,9,5,16,82,43,83,23,231,0,0,0,231
04/09/2021,BHM,AL,ASO,ES,Combined TRACON& Tower with Radar,84,44,84,22,234,0,0,8,2,10,84,44,92,24,244,0,0,0,244
04/10/2021,BHM,AL,ASO,ES,Combined TRACON& Tower with Radar,73,27,34,0,134,0,3,10,2,15,73,30,44,2,149,0,0,0,149
04/11/2021,BHM,AL,ASO,ES,Combined TRACON& Tower with Radar,72,28,71,8,179,0,6,45,3,54,72,34,116,11,233,0,0,0,233
04/12/2021,BHM,AL,ASO,ES,Combined TRACON& Tower with Radar,78,42,96,26,242,0,5,55,4,64,78,47,151,30,306,30,0,30,336
04/13/2021,BHM,AL,ASO,ES,Combined TRACON& Tower with Radar,64,44,66,60,234,0,13,53,1,67,64,57,119,61,301,10,0,10,311
04/14/2021,BHM,AL,ASO,ES,Combined TRACON& Tower with Radar,72,42,87,17,218,0,3,8,0,11,72,45,95,17,229,0,0,0,229
04/15/2021,BHM,AL,ASO,ES,Combined TRACON& Tower with Radar,80,42,98,31,251,0,3,20,14,37,80,45,118,45,288,0,0,0,288
04/16/2021,BHM,AL,ASO,ES,Combined TRACON& Tower with Radar,88,43,76,57,264,0,3,30,13,46,88,46,106,70,310,15,9,24,334
04/17/2021,BHM,AL,ASO,ES,Combined TRACON& Tower with Radar,68,22,44,22,156,0,3,23,7,33,68,25,67,29,189,0,0,0,189
04/18/2021,BHM,AL,ASO,ES,Combined TRACON& Tower with Radar,78,40,110,42,270,0,2,60,7,69,78,42,170,49,339,0,0,0,339
04/19/2021,BHM,AL,ASO,ES,Combined TRACON& Tower with Radar,80,23,96,22,221,0,2,50,3,55,80,25,146,25,276,12,4,16,292
04/20/2021,BHM,AL,ASO,ES,Combined TRACON& Tower with Radar,66,40,95,48,249,0,7,49,10,66,66,47,144,58,315,15,8,23,338
04/21/2021,BHM,AL,ASO,ES,Combined TRACON& Tower with Radar,71,44,89,19,223,0,1,21,0,22,71,45,110,19,245,0,0,0,245
04/22/2021,BHM,AL,ASO,ES,Combined TRACON& Tower with Radar,84,60,99,27,270,0,3,45,3,51,84,63,144,30,321,10,0,10,331
04/23/2021,BHM,AL,ASO,ES,Combined TRACON& Tower with Radar,85,36,80,38,239,0,1,37,15,53,85,37,117,53,292,34,0,34,326
04/24/2021,BHM,AL,ASO,ES,Combined TRACON& Tower with Radar,75,24,28,2,129,0,1,2,0,3,75,25,30,2,132,0,0,0,132
04/25/2021,BHM,AL,ASO,ES,Combined TRACON& Tower with Radar,78,34,90,5,207,0,0,30,11,41,78,34,120,16,248,10,0,10,258
04/26/2021,BHM,AL,ASO,ES,Combined TRACON& Tower with Radar,82,40,82,14,218,0,4,51,6,61,82,44,133,20,279,4,0,4,283
04/27/2021,BHM,AL,ASO,ES,Combined TRACON& Tower with Radar,66,45,103,39,253,0,2,64,6,72,66,47,167,45,325,0,0,0,325
04/28/2021,BHM,AL,ASO,ES,Combined TRACON& Tower with Radar,72,55,103,51,281,0,3,45,12,60,72,58,148,63,341,0,0,0,341
04/29/2021,BHM,AL,ASO,ES,Combined TRACON& Tower with Radar,86,52,114,22,274,0,1,10,2,13,86,53,124,24,287,28,10,38,325
04/30/2021,BHM,AL,ASO,ES,Combined TRACON& Tower with Radar,82,72,82,19,255,0,0,39,15,54,82,72,121,34,309,34,0,34,343
05/01/2021,BHM,AL,ASO,ES,Combined TRACON& Tower with Radar,71,41,53,5,170,0,1,48,9,58,71,42,101,14,228,0,0,0,228
05/02/2021,BHM,AL,ASO,ES,Combined TRACON& Tower with Radar,77,25,75,8,185,0,1,15,5,21,77,26,90,13,206,0,0,0,206
05/03/2021,BHM,AL,ASO,ES,Combined TRACON& Tower with Radar,62,44,62,2,170,0,0,1,0,1,62,44,63,2,171,0,0,0,171
05/04/2021,BHM,AL,ASO,ES,Combined TRACON& Tower with Radar,69,42,51,6,168,0,0,0,0,0,69,42,51,6,168,0,0,0,168
05/05/2021,BHM,AL,ASO,ES,Combined TRACON& Tower with Radar,77,63,100,14,254,0,0,24,1,25,77,63,124,15,279,0,0,0,279
05/06/2021,BHM,AL,ASO,ES,Combined TRACON& Tower with Radar,94,44,119,5,262,0,0,55,10,65,94,44,174,15,327,0,0,0,327
05/07/2021,BHM,AL,ASO,ES,Combined TRACON& Tower with Radar,95,47,106,15,263,0,3,40,7,50,95,50,146,22,313,0,0,0,313
05/08/2021,BHM,AL,ASO,ES,Combined TRACON& Tower with Radar,78,27,71,3,179,0,1,46,3,50,78,28,117,6,229,0,0,0,229
05/09/2021,BHM,AL,ASO,ES,Combined TRACON& Tower with Radar,81,41,51,2,175,0,1,25,0,26,81,42,76,2,201,0,0,0,201
05/10/2021,BHM,AL,ASO,ES,Combined TRACON& Tower with Radar,83,48,96,8,235,0,0,8,0,8,83,48,104,8,243,0,0,0,243
05/11/2021,BHM,AL,ASO,ES,Combined TRACON& Tower with Radar,73,52,98,12,235,0,0,5,0,5,73,52,103,12,240,0,0,0,240
05/12/2021,BHM,AL,ASO,ES,Combined TRACON& Tower with Radar,86,66,91,30,273,0,0,16,4,20,86,66,107,34,293,8,0,8,301
05/13/2021,BHM,AL,ASO,ES,Combined TRACON& Tower with Radar,90,53,106,22,271,0,1,54,16,71,90,54,160,38,342,0,0,0,342
05/14/2021,BHM,AL,ASO,ES,Combined TRACON& Tower with Radar,93,48,90,7,238,0,4,77,13,94,93,52,167,20,332,0,0,0,332
05/15/2021,BHM,AL,ASO,ES,Combined TRACON& Tower with Radar,77,32,37,1,147,0,1,72,6,79,77,33,109,7,226,0,0,0,226
05/16/2021,BHM,AL,ASO,ES,Combined TRACON& Tower with Radar,78,28,89,8,203,0,4,48,12,64,78,32,137,20,267,0,0,0,267
05/17/2021,BHM,AL,ASO,ES,Combined TRACON& Tower with Radar,90,43,90,20,243,0,3,35,4,42,90,46,125,24,285,64,0,64,349
05/18/2021,BHM,AL,ASO,ES,Combined TRACON& Tower with Radar,79,41,121,53,294,0,6,34,3,43,79,47,155,56,337,0,0,0,337
05/19/2021,BHM,AL,ASO,ES,Combined TRACON& Tower with Radar,83,38,136,38,295,0,2,32,12,46,83,40,168,50,341,4,0,4,345
05/20/2021,BHM,AL,ASO,ES,Combined TRACON& Tower with Radar,90,51,100,61,302,0,2,23,11,36,90,53,123,72,338,6,8,14,352
05/21/2021,BHM,AL,ASO,ES,Combined TRACON& Tower with Radar,87,47,84,12,230,0,1,34,13,48,87,48,118,25,278,0,0,0,278
05/22/2021,BHM,AL,ASO,ES,Combined TRACON& Tower with Radar,78,19,42,0,139,0,6,55,2,63,78,25,97,2,202,0,0,0,202
05/23/2021,BHM,AL,ASO,ES,Combined TRACON& Tower with Radar,79,34,61,12,186,0,3,37,10,50,79,37,98,22,236,0,0,0,236
05/24/2021,BHM,AL,ASO,ES,Combined TRACON& Tower with Radar,81,45,85,10,221,0,3,55,3,61,81,48,140,13,282,0,0,0,282
05/25/2021,BHM,AL,ASO,ES,Combined TRACON& Tower with Radar,80,40,73,25,218,0,5,56,4,65,80,45,129,29,283,0,0,0,283
05/26/2021,BHM,AL,ASO,ES,Combined TRACON& Tower with Radar,85,43,84,20,232,0,4,36,2,42,85,47,120,22,274,0,0,0,274
05/27/2021,BHM,AL,ASO,ES,Combined TRACON& Tower with Radar,93,48,117,21,279,0,1,26,3,30,93,49,143,24,309,36,0,36,345
05/28/2021,BHM,AL,ASO,ES,Combined TRACON& Tower with Radar,93,50,85,1,229,0,1,10,0,11,93,51,95,1,240,20,0,20,260
05/29/2021,BHM,AL,ASO,ES,Combined TRACON& Tower with Radar,82,29,58,0,169,0,2,25,4,31,82,31,83,4,200,0,0,0,200
05/30/2021,BHM,AL,ASO,ES,Combined TRACON& Tower with Radar,73,15,42,1,131,0,2,30,5,37,73,17,72,6,168,0,0,0,168
05/31/2021,BHM,AL,ASO,ES,Combined TRACON& Tower with Radar,73,36,69,4,182,0,2,58,4,64,73,38,127,8,246,4,0,4,250
06/01/2021,BHM,AL,ASO,ES,Combined TRACON& Tower with Radar,84,45,98,51,278,0,7,57,9,73,84,52,155,60,351,0,0,0,351
06/02/2021,BHM,AL,ASO,ES,Combined TRACON& Tower with Radar,85,44,95,6,230,0,1,21,2,24,85,45,116,8,254,0,0,0,254
06/03/2021,BHM,AL,ASO,ES,Combined TRACON& Tower with Radar,85,53,108,8,254,0,2,13,0,15,85,55,121,8,269,28,0,28,297
06/04/2021,BHM,AL,ASO,ES,Combined TRACON& Tower with Radar,89,49,94,46,278,0,3,56,15,74,89,52,150,61,352,0,0,0,352
06/05/2021,BHM,AL,ASO,ES,Combined TRACON& Tower with Radar,73,29,46,14,162,0,3,37,2,42,73,32,83,16,204,12,0,12,216
06/06/2021,BHM,AL,ASO,ES,Combined TRACON& Tower with Radar,87,31,65,8,191,0,0,2,0,2,87,31,67,8,193,6,0,6,199
06/07/2021,BHM,AL,ASO,ES,Combined TRACON& Tower with Radar,74,48,70,4,196,1,0,9,0,10,75,48,79,4,206,20,0,20,226
06/08/2021,BHM,AL,ASO,ES,Combined TRACON& Tower with Radar,94,51,85,21,251,0,2,3,0,5,94,53,88,21,256,10,0,10,266
06/09/2021,BHM,AL,ASO,ES,Combined TRACON& Tower with Radar,90,58,90,4,242,0,1,4,2,7,90,59,94,6,249,0,0,0,249
06/10/2021,BHM,AL,ASO,ES,Combined TRACON& Tower with Radar,89,54,115,20,278,0,1,7,1,9,89,55,122,21,287,30,0,30,317
06/11/2021,BHM,AL,ASO,ES,Combined TRACON& Tower with Radar,95,55,88,8,246,0,2,7,4,13,95,57,95,12,259,0,0,0,259
06/12/2021,BHM,AL,ASO,ES,Combined TRACON& Tower with Radar,80,43,43,0,166,0,1,9,1,11,80,44,52,1,177,0,0,0,177
06/13/2021,BHM,AL,ASO,ES,Combined TRACON& Tower with Radar,86,36,60,4,186,0,4,40,3,47,86,40,100,7,233,8,0,8,241
06/14/2021,BHM,AL,ASO,ES,Combined TRACON& Tower with Radar,85,40,83,17,225,0,2,41,2,45,85,42,124,19,270,0,0,0,270
06/15/2021,BHM,AL,ASO,ES,Combined TRACON& Tower with Radar,84,47,115,37,283,0,3,65,8,76,84,50,180,45,359,14,0,14,373
06/16/2021,BHM,AL,ASO,ES,Combined TRACON& Tower with Radar,91,41,122,31,285,0,4,49,5,58,91,45,171,36,343,0,0,0,343
06/17/2021,BHM,AL,ASO,ES,Combined TRACON& Tower with Radar,86,54,126,40,306,0,1,49,11,61,86,55,175,51,367,0,0,0,367
06/18/2021,BHM,AL,ASO,ES,Combined TRACON& Tower with Radar,89,50,101,3,243,0,4,58,3,65,89,54,159,6,308,10,0,10,318
06/19/2021,BHM,AL,ASO,ES,Combined TRACON& Tower with Radar,72,29,23,0,124,0,0,1,0,1,72,29,24,0,125,0,0,0,125
06/20/2021,BHM,AL,ASO,ES,Combined TRACON& Tower with Radar,87,31,58,0,176,0,1,22,2,25,87,32,80,2,201,0,0,0,201
06/21/2021,BHM,AL,ASO,ES,Combined TRACON& Tower with Radar,84,45,89,9,227,0,0,4,0,4,84,45,93,9,231,0,0,0,231
06/22/2021,BHM,AL,ASO,ES,Combined TRACON& Tower with Radar,86,56,87,18,247,0,0,22,4,26,86,56,109,22,273,0,0,0,273
06/23/2021,BHM,AL,ASO,ES,Combined TRACON& Tower with Radar,84,41,107,29,261,0,3,52,5,60,84,44,159,34,321,0,0,0,321
06/24/2021,BHM,AL,ASO,ES,Combined TRACON& Tower with Radar,86,43,90,24,243,0,2,45,12,59,86,45,135,36,302,28,8,36,338
06/25/2021,BHM,AL,ASO,ES,Combined TRACON& Tower with Radar,89,46,96,64,295,0,4,52,15,71,89,50,148,79,366,0,0,0,366
06/26/2021,BHM,AL,ASO,ES,Combined TRACON& Tower with Radar,78,43,54,3,178,0,8,31,3,42,78,51,85,6,220,0,0,0,220
06/27/2021,BHM,AL,ASO,ES,Combined TRACON& Tower with Radar,83,23,67,23,196,0,1,26,6,33,83,24,93,29,229,36,0,36,265
06/28/2021,BHM,AL,ASO,ES,Combined TRACON& Tower with Radar,87,37,68,16,208,0,3,59,5,67,87,40,127,21,275,22,0,22,297
06/29/2021,BHM,AL,ASO,ES,Combined TRACON& Tower with Radar,83,45,84,20,232,0,1,14,3,18,83,46,98,23,250,0,0,0,250
06/30/2021,BHM,AL,ASO,ES,Combined TRACON& Tower with Radar,79,58,100,14,251,0,6,35,6,47,79,64,135,20,298,33,0,33,331
07/01/2021,BHM,AL,ASO,ES,Combined TRACON& Tower with Radar,83,52,116,26,277,0,0,3,1,4,83,52,119,27,281,0,0,0,281
07/02/2021,BHM,AL,ASO,ES,Combined TRACON& Tower with Radar,82,49,68,0,199,0,0,9,0,9,82,49,77,0,208,0,0,0,208
07/03/2021,BHM,AL,ASO,ES,Combined TRACON& Tower with Radar,67,32,43,0,142,0,8,45,1,54,67,40,88,1,196,0,0,0,196
07/04/2021,BHM,AL,ASO,ES,Combined TRACON& Tower with Radar,71,9,13,0,93,0,5,24,0,29,71,14,37,0,122,0,0,0,122
07/05/2021,BHM,AL,ASO,ES,Combined TRACON& Tower with Radar,76,18,71,0,165,0,3,57,3,63,76,21,128,3,228,33,0,33,261
07/06/2021,BHM,AL,ASO,ES,Combined TRACON& Tower with Radar,82,40,78,6,206,0,2,14,0,16,82,42,92,6,222,0,0,0,222
07/07/2021,BHM,AL,ASO,ES,Combined TRACON& Tower with Radar,81,56,79,12,228,0,1,7,0,8,81,57,86,12,236,11,0,11,247
07/08/2021,BHM,AL,ASO,ES,Combined TRACON& Tower with Radar,89,47,102,17,255,0,2,24,13,39,89,49,126,30,294,19,0,19,313
07/09/2021,BHM,AL,ASO,ES,Combined TRACON& Tower with Radar,101,57,103,50,311,0,0,16,5,21,101,57,119,55,332,20,12,32,364
07/10/2021,BHM,AL,ASO,ES,Combined TRACON& Tower with Radar,76,36,70,26,208,0,0,21,7,28,76,36,91,33,236,42,34,76,312
07/11/2021,BHM,AL,ASO,ES,Combined TRACON& Tower with Radar,90,33,62,36,221,0,0,9,5,14,90,33,71,41,235,0,0,0,235
07/12/2021,BHM,AL,ASO,ES,Combined TRACON& Tower with Radar,88,36,81,8,213,0,2,12,1,15,88,38,93,9,228,18,0,18,246
07/13/2021,BHM,AL,ASO,ES,Combined TRACON& Tower with Radar,84,60,101,16,261,0,1,4,2,7,84,61,105,18,268,10,18,28,296
07/14/2021,BHM,AL,ASO,ES,Combined TRACON& Tower with Radar,83,52,98,10,243,0,6,50,0,56,83,58,148,10,299,9,0,9,308
07/15/2021,BHM,AL,ASO,ES,Combined TRACON& Tower with Radar,89,53,96,38,276,0,2,65,2,69,89,55,161,40,345,12,0,12,357
07/16/2021,BHM,AL,ASO,ES,Combined TRACON& Tower with Radar,88,49,103,8,248,0,1,34,2,37,88,50,137,10,285,0,0,0,285
07/17/2021,BHM,AL,ASO,ES,Combined TRACON& Tower with Radar,75,21,44,4,144,0,1,1,0,2,75,22,45,4,146,28,0,28,174
07/18/2021,BHM,AL,ASO,ES,Combined TRACON& Tower with Radar,86,30,70,8,194,0,0,9,0,9,86,30,79,8,203,0,0,0,203
07/19/2021,BHM,AL,ASO,ES,Combined TRACON& Tower with Radar,86,51,79,4,220,0,0,0,0,0,86,51,79,4,220,0,0,0,220
07/20/2021,BHM,AL,ASO,ES,Combined TRACON& Tower with Radar,82,57,92,24,255,0,0,5,0,5,82,57,97,24,260,20,0,20,280
07/21/2021,BHM,AL,ASO,ES,Combined TRACON& Tower with Radar,85,55,124,22,286,0,1,18,6,25,85,56,142,28,311,70,0,70,381
07/22/2021,BHM,AL,ASO,ES,Combined TRACON& Tower with Radar,87,50,105,4,246,0,3,27,3,33,87,53,132,7,279,0,0,0,279
07/23/2021,BHM,AL,ASO,ES,Combined TRACON& Tower with Radar,91,43,94,13,241,0,3,21,3,27,91,46,115,16,268,8,0,8,276
07/24/2021,BHM,AL,ASO,ES,Combined TRACON& Tower with Radar,73,23,65,0,161,0,3,32,1,36,73,26,97,1,197,98,0,98,295
07/25/2021,BHM,AL,ASO,ES,Combined TRACON& Tower with Radar,98,21,66,9,194,0,0,38,3,41,98,21,104,12,235,38,0,38,273
07/26/2021,BHM,AL,ASO,ES,Combined TRACON& Tower with Radar,101,31,93,8,233,0,1,33,0,34,101,32,126,8,267,18,0,18,285
07/27/2021,BHM,AL,ASO,ES,Combined TRACON& Tower with Radar,87,49,96,10,242,0,0,15,0,15,87,49,111,10,257,8,0,8,265
07/28/2021,BHM,AL,ASO,ES,Combined TRACON& Tower with Radar,91,61,98,16,266,0,1,61,16,78,91,62,159,32,344,14,4,18,362
07/29/2021,BHM,AL,ASO,ES,Combined TRACON& Tower with Radar,89,51,114,36,290,0,5,65,10,80,89,56,179,46,370,8,24,32,402
07/30/2021,BHM,AL,ASO,ES,Combined TRACON& Tower with Radar,88,58,76,48,270,0,2,40,4,46,88,60,116,52,316,16,0,16,332
07/31/2021,BHM,AL,ASO,ES,Combined TRACON& Tower with Radar,77,26,44,5,152,0,1,30,4,35,77,27,74,9,187,24,0,24,211
08/01/2021,BHM,AL,ASO,ES,Combined TRACON& Tower with Radar,79,35,68,37,219,0,0,17,9,26,79,35,85,46,245,0,0,0,245
08/02/2021,BHM,AL,ASO,ES,Combined TRACON& Tower with Radar,81,36,71,1,189,0,0,24,0,24,81,36,95,1,213,10,8,18,231
08/03/2021,BHM,AL,ASO,ES,Combined TRACON& Tower with Radar,98,54,85,30,267,0,5,38,5,48,98,59,123,35,315,0,0,0,315
08/04/2021,BHM,AL,ASO,ES,Combined TRACON& Tower with Radar,82,44,105,49,280,0,5,59,11,75,82,49,164,60,355,4,0,4,359
08/05/2021,BHM,AL,ASO,ES,Combined TRACON& Tower with Radar,86,53,94,19,252,0,2,55,4,61,86,55,149,23,313,52,0,52,365
08/06/2021,BHM,AL,ASO,ES,Combined TRACON& Tower with Radar,89,48,78,25,240,0,1,53,3,57,89,49,131,28,297,16,0,16,313
08/07/2021,BHM,AL,ASO,ES,Combined TRACON& Tower with Radar,74,28,55,22,179,0,0,44,5,49,74,28,99,27,228,22,8,30,258
08/08/2021,BHM,AL,ASO,ES,Combined TRACON& Tower with Radar,85,25,79,2,191,0,1,31,7,39,85,26,110,9,230,0,0,0,230
08/09/2021,BHM,AL,ASO,ES,Combined TRACON& Tower with Radar,84,29,70,22,205,0,4,33,5,42,84,33,103,27,247,0,0,0,247
08/10/2021,BHM,AL,ASO,ES,Combined TRACON& Tower with Radar,82,43,88,11,224,0,1,33,0,34,82,44,121,11,258,14,0,14,272
08/11/2021,BHM,AL,ASO,ES,Combined TRACON& Tower with Radar,83,43,83,4,213,0,0,26,0,26,83,43,109,4,239,20,20,40,279
08/12/2021,BHM,AL,ASO,ES,Combined TRACON& Tower with Radar,92,48,99,11,250,0,0,52,2,54,92,48,151,13,304,12,0,12,316
08/13/2021,BHM,AL,ASO,ES,Combined TRACON& Tower with Radar,87,51,53,38,229,0,2,41,9,52,87,53,94,47,281,0,0,0,281
08/14/2021,BHM,AL,ASO,ES,Combined TRACON& Tower with Radar,77,32,31,16,156,0,2,47,2,51,77,34,78,18,207,10,0,10,217
08/15/2021,BHM,AL,ASO,ES,Combined TRACON& Tower with Radar,85,36,49,1,171,0,0,11,0,11,85,36,60,1,182,0,0,0,182
08/16/2021,BHM,AL,ASO,ES,Combined TRACON& Tower with Radar,82,40,68,11,201,0,2,41,1,44,82,42,109,12,245,29,0,29,274
08/17/2021,BHM,AL,ASO,ES,Combined TRACON& Tower with Radar,80,46,67,48,241,0,0,13,7,20,80,46,80,55,261,16,0,16,277
08/18/2021,BHM,AL,ASO,ES,Combined TRACON& Tower with Radar,88,43,93,58,282,0,0,49,9,58,88,43,142,67,340,0,0,0,340
08/19/2021,BHM,AL,ASO,ES,Combined TRACON& Tower with Radar,91,54,91,1,237,0,3,5,0,8,91,57,96,1,245,0,0,0,245
08/20/2021,BHM,AL,ASO,ES,Combined TRACON& Tower with Radar,90,39,64,25,218,0,0,4,0,4,90,39,68,25,222,0,0,0,222
08/21/2021,BHM,AL,ASO,ES,Combined TRACON& Tower with Radar,75,18,22,0,115,0,1,8,2,11,75,19,30,2,126,0,0,0,126
08/22/2021,BHM,AL,ASO,ES,Combined TRACON& Tower with Radar,90,22,39,7,158,0,1,13,1,15,90,23,52,8,173,13,0,13,186
08/23/2021,BHM,AL,ASO,ES,Combined TRACON& Tower with Radar,84,35,67,11,197,0,4,72,9,85,84,39,139,20,282,0,0,0,282
08/24/2021,BHM,AL,ASO,ES,Combined TRACON& Tower with Radar,81,45,63,27,216,0,3,52,2,57,81,48,115,29,273,4,4,8,281
08/25/2021,BHM,AL,ASO,ES,Combined TRACON& Tower with Radar,86,46,100,16,248,0,7,58,0,65,86,53,158,16,313,0,0,0,313
08/26/2021,BHM,AL,ASO,ES,Combined TRACON& Tower with Radar,89,38,95,17,239,0,4,24,11,39,89,42,119,28,278,22,0,22,300
08/27/2021,BHM,AL,ASO,ES,Combined TRACON& Tower with Radar,91,37,79,12,219,0,8,31,8,47,91,45,110,20,266,8,0,8,274
08/28/2021,BHM,AL,ASO,ES,Combined TRACON& Tower with Radar,77,18,53,1,149,0,5,19,0,24,77,23,72,1,173,0,0,0,173
08/29/2021,BHM,AL,ASO,ES,Combined TRACON& Tower with Radar,93,21,40,6,160,0,1,8,1,10,93,22,48,7,170,0,0,0,170
08/30/2021,BHM,AL,ASO,ES,Combined TRACON& Tower with Radar,74,26,43,0,143,0,0,1,0,1,74,26,44,0,144,0,0,0,144
08/31/2021,BHM,AL,ASO,ES,Combined TRACON& Tower with Radar,93,37,44,0,174,0,0,0,0,0,93,37,44,0,174,0,0,0,174
09/01/2021,BHM,AL,ASO,ES,Combined TRACON& Tower with Radar,87,58,84,13,242,0,0,39,1,40,87,58,123,14,282,12,0,12,294
09/02/2021,BHM,AL,ASO,ES,Combined TRACON& Tower with Radar,90,53,84,19,246,0,5,53,11,69,90,58,137,30,315,0,0,0,315
09/03/2021,BHM,AL,ASO,ES,Combined TRACON& Tower with Radar,92,44,89,0,225,1,3,64,0,68,93,47,153,0,293,5,0,5,298
09/04/2021,BHM,AL,ASO,ES,Combined TRACON& Tower with Radar,74,22,29,0,125,0,4,43,0,47,74,26,72,0,172,12,0,12,184
09/05/2021,BHM,AL,ASO,ES,Combined TRACON& Tower with Radar,76,11,40,1,128,0,0,32,0,32,76,11,72,1,160,0,0,0,160
09/06/2021,BHM,AL,ASO,ES,Combined TRACON& Tower with Radar,74,14,64,0,152,0,2,15,0,17,74,16,79,0,169,0,0,0,169
09/07/2021,BHM,AL,ASO,ES,Combined TRACON& Tower with Radar,77,38,91,25,231,0,2,33,3,38,77,40,124,28,269,0,0,0,269
09/08/2021,BHM,AL,ASO,ES,Combined TRACON& Tower with Radar,77,58,89,30,254,0,1,22,1,24,77,59,111,31,278,8,0,8,286
09/09/2021,BHM,AL,ASO,ES,Combined TRACON& Tower with Radar,89,59,89,30,267,0,1,48,10,59,89,60,137,40,326,0,0,0,326
09/10/2021,BHM,AL,ASO,ES,Combined TRACON& Tower with Radar,94,46,89,20,249,0,2,44,13,59,94,48,133,33,308,0,6,6,314
09/11/2021,BHM,AL,ASO,ES,Combined TRACON& Tower with Radar,74,21,31,2,128,0,2,56,18,76,74,23,87,20,204,0,0,0,204
09/12/2021,BHM,AL,ASO,ES,Combined TRACON& Tower with Radar,88,28,48,3,167,0,3,43,8,54,88,31,91,11,221,8,0,8,229
09/13/2021,BHM,AL,ASO,ES,Combined TRACON& Tower with Radar,89,29,66,36,220,0,1,37,0,38,89,30,103,36,258,10,0,10,268
09/14/2021,BHM,AL,ASO,ES,Combined TRACON& Tower with Radar,76,62,91,58,287,0,1,19,3,23,76,63,110,61,310,30,0,30,340
09/15/2021,BHM,AL,ASO,ES,Combined TRACON& Tower with Radar,80,53,87,38,258,0,1,3,2,6,80,54,90,40,264,0,0,0,264
09/16/2021,BHM,AL,ASO,ES,Combined TRACON& Tower with Radar,98,59,91,36,284,0,0,1,0,1,98,59,92,36,285,0,0,0,285
09/17/2021,BHM,AL,ASO,ES,Combined TRACON& Tower with Radar,98,55,89,24,266,0,0,7,10,17,98,55,96,34,283,0,0,0,283
09/18/2021,BHM,AL,ASO,ES,Combined TRACON& Tower with Radar,84,23,45,0,152,0,1,3,1,5,84,24,48,1,157,16,0,16,173
09/19/2021,BHM,AL,ASO,ES,Combined TRACON& Tower with Radar,96,29,71,6,202,0,0,0,0,0,96,29,71,6,202,0,0,0,202
09/20/2021,BHM,AL,ASO,ES,Combined TRACON& Tower with Radar,89,37,73,43,242,0,0,11,0,11,89,37,84,43,253,0,0,0,253
09/21/2021,BHM,AL,ASO,ES,Combined TRACON& Tower with Radar,76,50,97,13,236,0,1,18,2,21,76,51,115,15,257,0,0,0,257
09/22/2021,BHM,AL,ASO,ES,Combined TRACON& Tower with Radar,80,42,97,8,227,0,5,25,5,35,80,47,122,13,262,0,0,0,262
09/23/2021,BHM,AL,ASO,ES,Combined TRACON& Tower with Radar,94,44,101,12,251,0,5,54,7,66,94,49,155,19,317,26,0,26,343
09/24/2021,BHM,AL,ASO,ES,Combined TRACON& Tower with Radar,101,43,88,8,240,0,6,51,7,64,101,49,139,15,304,20,0,20,324
09/25/2021,BHM,AL,ASO,ES,Combined TRACON& Tower with Radar,76,25,58,0,159,0,4,69,0,73,76,29,127,0,232,0,0,0,232
09/26/2021,BHM,AL,ASO,ES,Combined TRACON& Tower with Radar,102,33,69,0,204,0,2,59,1,62,102,35,128,1,266,3,0,3,269
09/27/2021,BHM,AL,ASO,ES,Combined TRACON& Tower with Radar,89,30,64,23,206,0,2,55,2,59,89,32,119,25,265,0,0,0,265
09/28/2021,BHM,AL,ASO,ES,Combined TRACON& Tower with Radar,76,55,63,17,211,0,2,50,0,52,76,57,113,17,263,0,0,0,263
09/29/2021,BHM,AL,ASO,ES,Combined TRACON& Tower with Radar,84,55,79,22,240,0,3,48,8,59,84,58,127,30,299,11,0,11,310
09/30/2021,BHM,AL,ASO,ES,Combined TRACON& Tower with Radar,92,55,99,10,256,0,3,34,10,47,92,58,133,20,303,24,0,24,327
10/01/2021,BHM,AL,ASO,ES,Combined TRACON& Tower with Radar,97,48,80,47,272,0,2,53,8,63,97,50,133,55,335,0,0,0,335
10/02/2021,BHM,AL,ASO,ES,Combined TRACON& Tower with Radar,81,28,49,3,161,0,0,40,2,42,81,28,89,5,203,10,0,10,213
10/03/2021,BHM,AL,ASO,ES,Combined TRACON& Tower with Radar,93,32,82,5,212,0,0,7,9,16,93,32,89,14,228,0,0,0,228
10/04/2021,BHM,AL,ASO,ES,Combined TRACON& Tower with Radar,91,36,61,6,194,0,0,9,0,9,91,36,70,6,203,0,0,0,203
10/05/2021,BHM,AL,ASO,ES,Combined TRACON& Tower with Radar,75,53,67,4,199,0,0,2,0,2,75,53,69,4,201,0,0,0,201
10/06/2021,BHM,AL,ASO,ES,Combined TRACON& Tower with Radar,81,56,79,22,238,0,0,6,0,6,81,56,85,22,244,0,0,0,244
10/07/2021,BHM,AL,ASO,ES,Combined TRACON& Tower with Radar,99,72,118,15,304,0,1,24,3,28,99,73,142,18,332,0,0,0,332
10/08/2021,BHM,AL,ASO,ES,Combined TRACON& Tower with Radar,99,58,106,6,269,0,3,65,3,71,99,61,171,9,340,0,0,0,340
10/09/2021,BHM,AL,ASO,ES,Combined TRACON& Tower with Radar,80,30,57,0,167,0,1,46,1,48,80,31,103,1,215,20,0,20,235
10/10/2021,BHM,AL,ASO,ES,Combined TRACON& Tower with Radar,85,35,78,0,198,0,1,43,0,44,85,36,121,0,242,8,0,8,250
10/11/2021,BHM,AL,ASO,ES,Combined TRACON& Tower with Radar,92,63,102,3,260,0,2,29,0,31,92,65,131,3,291,0,0,0,291
10/12/2021,BHM,AL,ASO,ES,Combined TRACON& Tower with Radar,87,45,88,12,232,0,2,28,0,30,87,47,116,12,262,0,0,0,262
10/13/2021,BHM,AL,ASO,ES,Combined TRACON& Tower with Radar,93,58,91,17,259,0,2,43,1,46,93,60,134,18,305,0,0,0,305
10/14/2021,BHM,AL,ASO,ES,Combined TRACON& Tower with Radar,102,66,93,15,276,0,1,51,1,53,102,67,144,16,329,0,0,0,329
10/15/2021,BHM,AL,ASO,ES,Combined TRACON& Tower with Radar,101,57,93,45,296,0,2,54,2,58,101,59,147,47,354,0,0,0,354
10/16/2021,BHM,AL,ASO,ES,Combined TRACON& Tower with Radar,83,29,59,0,171,0,2,14,2,18,83,31,73,2,189,0,0,0,189
10/17/2021,BHM,AL,ASO,ES,Combined TRACON& Tower with Radar,91,27,79,4,201,0,2,33,3,38,91,29,112,7,239,0,0,0,239
10/18/2021,BHM,AL,ASO,ES,Combined TRACON& Tower with Radar,94,51,87,14,246,0,1,40,6,47,94,52,127,20,293,22,0,22,315
10/19/2021,BHM,AL,ASO,ES,Combined TRACON& Tower with Radar,90,46,86,25,247,0,11,60,1,72,90,57,146,26,319,0,0,0,319
10/20/2021,BHM,AL,ASO,ES,Combined TRACON& Tower with Radar,90,45,98,33,266,0,2,52,5,59,90,47,150,38,325,22,2,24,349
10/21/2021,BHM,AL,ASO,ES,Combined TRACON& Tower with Radar,92,61,120,27,300,0,3,16,4,23,92,64,136,31,323,0,10,10,333
10/22/2021,BHM,AL,ASO,ES,Combined TRACON& Tower with Radar,103,54,79,9,245,0,4,44,5,53,103,58,123,14,298,0,0,0,298
10/23/2021,BHM,AL,ASO,ES,Combined TRACON& Tower with Radar,87,34,50,0,171,0,2,53,6,61,87,36,103,6,232,0,0,0,232
10/24/2021,BHM,AL,ASO,ES,Combined TRACON& Tower with Radar,88,34,77,5,204,0,3,43,1,47,88,37,120,6,251,28,0,28,279
10/25/2021,BHM,AL,ASO,ES,Combined TRACON& Tower with Radar,94,49,98,6,247,0,2,15,1,18,94,51,113,7,265,6,0,6,271
10/26/2021,BHM,AL,ASO,ES,Combined TRACON& Tower with Radar,87,60,124,17,288,0,5,36,8,49,87,65,160,25,337,17,6,23,360
10/27/2021,BHM,AL,ASO,ES,Combined TRACON& Tower with Radar,91,66,141,26,324,0,0,54,2,56,91,66,195,28,380,0,0,0,380
10/28/2021,BHM,AL,ASO,ES,Combined TRACON& Tower with Radar,93,51,119,17,280,0,0,2,3,5,93,51,121,20,285,0,6,6,291
10/29/2021,BHM,AL,ASO,ES,Combined TRACON& Tower with Radar,100,46,90,2,238,0,0,0,0,0,100,46,90,2,238,0,0,0,238
10/30/2021,BHM,AL,ASO,ES,Combined TRACON& Tower with Radar,76,28,58,0,162,0,0,0,0,0,76,28,58,0,162,0,0,0,162
10/31/2021,BHM,AL,ASO,ES,Combined TRACON& Tower with Radar,65,45,65,0,175,0,2,38,2,42,65,47,103,2,217,0,0,0,217
11/01/2021,BHM,AL,ASO,ES,Combined TRACON& Tower with Radar,79,44,77,3,203,0,2,43,3,48,79,46,120,6,251,4,0,4,255
11/02/2021,BHM,AL,ASO,ES,Combined TRACON& Tower with Radar,69,70,82,4,225,0,2,39,2,43,69,72,121,6,268,0,0,0,268
11/03/2021,BHM,AL,ASO,ES,Combined TRACON& Tower with Radar,74,73,105,12,264,0,1,12,1,14,74,74,117,13,278,0,0,0,278
11/04/2021,BHM,AL,ASO,ES,Combined TRACON& Tower with Radar,82,57,108,18,265,0,0,1,0,1,82,57,109,18,266,0,0,0,266
11/05/2021,BHM,AL,ASO,ES,Combined TRACON& Tower with Radar,90,86,121,29,326,0,4,32,6,42,90,90,153,35,368,0,4,4,372
11/06/2021,BHM,AL,ASO,ES,Combined TRACON& Tower with Radar,74,44,58,1,177,0,2,47,8,57,74,46,105,9,234,0,0,0,234
11/07/2021,BHM,AL,ASO,ES,Combined TRACON& Tower with Radar,79,55,69,6,209,0,1,40,5,46,79,56,109,11,255,0,0,0,255
11/08/2021,BHM,AL,ASO,ES,Combined TRACON& Tower with Radar,81,59,74,14,228,0,4,43,4,51,81,63,117,18,279,0,0,0,279
11/09/2021,BHM,AL,ASO,ES,Combined TRACON& Tower with Radar,70,70,85,27,252,0,4,33,4,41,70,74,118,31,293,0,0,0,293
11/10/2021,BHM,AL,ASO,ES,Combined TRACON& Tower with Radar,76,81,89,14,260,0,5,38,9,52,76,86,127,23,312,0,0,0,312
11/11/2021,BHM,AL,ASO,ES,Combined TRACON& Tower with Radar,82,80,97,3,262,0,1,12,0,13,82,81,109,3,275,0,0,0,275
11/12/2021,BHM,AL,ASO,ES,Combined TRACON& Tower with Radar,93,64,98,8,263,0,3,35,1,39,93,67,133,9,302,0,0,0,302
11/13/2021,BHM,AL,ASO,ES,Combined TRACON& Tower with Radar,73,36,47,2,158,0,7,35,0,42,73,43,82,2,200,0,0,0,200
11/14/2021,BHM,AL,ASO,ES,Combined TRACON& Tower with Radar,83,46,93,5,227,0,3,26,1,30,83,49,119,6,257,0,0,0,257
11/15/2021,BHM,AL,ASO,ES,Combined TRACON& Tower with Radar,81,52,82,6,221,0,5,41,7,53,81,57,123,13,274,28,0,28,302
11/16/2021,BHM,AL,ASO,ES,Combined TRACON& Tower with Radar,70,62,100,32,264,0,5,25,0,30,70,67,125,32,294,26,6,32,326
11/17/2021,BHM,AL,ASO,ES,Combined TRACON& Tower with Radar,77,71,111,33,292,0,1,45,1,47,77,72,156,34,339,0,0,0,339
11/18/2021,BHM,AL,ASO,ES,Combined TRACON& Tower with Radar,79,70,105,24,278,0,0,3,10,13,79,70,108,34,291,0,0,0,291
11/19/2021,BHM,AL,ASO,ES,Combined TRACON& Tower with Radar,90,67,105,2,264,0,4,43,9,56,90,71,148,11,320,0,0,0,320
11/20/2021,BHM,AL,ASO,ES,Combined TRACON& Tower with Radar,73,37,63,0,173,0,3,57,5,65,73,40,120,5,238,30,0,30,268
11/21/2021,BHM,AL,ASO,ES,Combined TRACON& Tower with Radar,80,39,68,2,189,0,1,27,1,29,80,40,95,3,218,0,0,0,218
11/22/2021,BHM,AL,ASO,ES,Combined TRACON& Tower with Radar,75,48,63,33,219,0,2,23,4,29,75,50,86,37,248,4,0,4,252
11/23/2021,BHM,AL,ASO,ES,Combined TRACON& Tower with Radar,84,70,79,34,267,0,3,45,6,54,84,73,124,40,321,8,0,8,329
11/24/2021,BHM,AL,ASO,ES,Combined TRACON& Tower with Radar,89,61,59,1,210,0,2,32,1,35,89,63,91,2,245,0,0,0,245
11/25/2021,BHM,AL,ASO,ES,Combined TRACON& Tower with Radar,50,41,14,0,105,0,0,17,0,17,50,41,31,0,122,0,0,0,122
11/26/2021,BHM,AL,ASO,ES,Combined TRACON& Tower with Radar,61,44,41,0,146,0,1,28,0,29,61,45,69,0,175,0,0,0,175
11/27/2021,BHM,AL,ASO,ES,Combined TRACON& Tower with Radar,81,46,59,0,186,0,1,26,1,28,81,47,85,1,214,16,0,16,230
11/28/2021,BHM,AL,ASO,ES,Combined TRACON& Tower with Radar,86,56,93,0,235,0,2,22,2,26,86,58,115,2,261,16,0,16,277
11/29/2021,BHM,AL,ASO,ES,Combined TRACON& Tower with Radar,84,44,88,8,224,0,1,23,1,25,84,45,111,9,249,4,0,4,253
11/30/2021,BHM,AL,ASO,ES,Combined TRACON& Tower with Radar,83,50,83,28,244,0,6,44,6,56,83,56,127,34,300,0,0,0,300
12/01/2021,BHM,AL,ASO,ES,Combined TRACON& Tower with Radar,74,61,104,33,272,0,4,36,3,43,74,65,140,36,315,0,0,0,315
12/02/2021,BHM,AL,ASO,ES,Combined TRACON& Tower with Radar,86,57,118,39,300,0,0,38,5,43,86,57,156,44,343,0,0,0,343
12/03/2021,BHM,AL,ASO,ES,Combined TRACON& Tower with Radar,87,47,97,47,278,0,3,36,7,46,87,50,133,54,324,8,0,8,332
12/04/2021,BHM,AL,ASO,ES,Combined TRACON& Tower with Radar,67,33,66,13,179,0,2,10,0,12,67,35,76,13,191,0,0,0,191
12/05/2021,BHM,AL,ASO,ES,Combined TRACON& Tower with Radar,79,35,65,4,183,0,2,23,0,25,79,37,88,4,208,12,0,12,220
12/06/2021,BHM,AL,ASO,ES,Combined TRACON& Tower with Radar,77,40,86,0,203,0,1,2,0,3,77,41,88,0,206,0,0,0,206
12/07/2021,BHM,AL,ASO,ES,Combined TRACON& Tower with Radar,79,65,108,66,318,0,3,28,1,32,79,68,136,67,350,0,10,10,360
12/08/2021,BHM,AL,ASO,ES,Combined TRACON& Tower with Radar,83,67,101,20,271,0,5,25,6,36,83,72,126,26,307,0,0,0,307
12/09/2021,BHM,AL,ASO,ES,Combined TRACON& Tower with Radar,88,59,96,52,295,0,3,23,6,32,88,62,119,58,327,0,0,0,327
12/10/2021,BHM,AL,ASO,ES,Combined TRACON& Tower with Radar,87,50,87,4,228,0,0,0,0,0,87,50,87,4,228,0,0,0,228
12/11/2021,BHM,AL,ASO,ES,Combined TRACON& Tower with Radar,73,25,19,0,117,0,0,2,2,4,73,25,21,2,121,0,0,0,121
12/12/2021,BHM,AL,ASO,ES,Combined TRACON& Tower with Radar,78,47,64,5,194,0,9,46,3,58,78,56,110,8,252,0,0,0,252
12/13/2021,BHM,AL,ASO,ES,Combined TRACON& Tower with Radar,83,45,68,19,215,0,3,45,0,48,83,48,113,19,263,0,0,0,263
12/14/2021,BHM,AL,ASO,ES,Combined TRACON& Tower with Radar,78,69,98,67,312,0,6,53,1,60,78,75,151,68,372,50,16,66,438
12/15/2021,BHM,AL,ASO,ES,Combined TRACON& Tower with Radar,79,70,110,33,292,0,0,18,3,21,79,70,128,36,313,0,0,0,313
12/16/2021,BHM,AL,ASO,ES,Combined TRACON& Tower with Radar,83,67,102,39,291,0,0,35,8,43,83,67,137,47,334,0,0,0,334
12/17/2021,BHM,AL,ASO,ES,Combined TRACON& Tower with Radar,84,43,98,14,239,0,0,2,6,8,84,43,100,20,247,0,0,0,247
12/18/2021,BHM,AL,ASO,ES,Combined TRACON& Tower with Radar,75,48,38,0,161,0,0,1,0,1,75,48,39,0,162,0,0,0,162
12/19/2021,BHM,AL,ASO,ES,Combined TRACON& Tower with Radar,74,38,65,4,181,0,3,6,0,9,74,41,71,4,190,0,0,0,190
12/20/2021,BHM,AL,ASO,ES,Combined TRACON& Tower with Radar,77,44,61,10,192,0,0,3,0,3,77,44,64,10,195,0,0,0,195
12/21/2021,BHM,AL,ASO,ES,Combined TRACON& Tower with Radar,79,62,92,43,276,0,2,22,3,27,79,64,114,46,303,0,0,0,303
12/22/2021,BHM,AL,ASO,ES,Combined TRACON& Tower with Radar,80,49,72,19,220,0,0,46,17,63,80,49,118,36,283,0,0,0,283
12/23/2021,BHM,AL,ASO,ES,Combined TRACON& Tower with Radar,84,39,66,18,207,0,10,48,3,61,84,49,114,21,268,0,0,0,268
12/24/2021,BHM,AL,ASO,ES,Combined TRACON& Tower with Radar,63,32,27,0,122,0,2,11,1,14,63,34,38,1,136,0,0,0,136
12/25/2021,BHM,AL,ASO,ES,Combined TRACON& Tower with Radar,57,32,12,0,101,0,0,15,3,18,57,32,27,3,119,0,0,0,119
12/26/2021,BHM,AL,ASO,ES,Combined TRACON& Tower with Radar,66,32,77,0,175,0,0,10,2,12,66,32,87,2,187,0,0,0,187
12/27/2021,BHM,AL,ASO,ES,Combined TRACON& Tower with Radar,72,46,72,0,190,0,1,11,2,14,72,47,83,2,204,0,0,0,204
12/28/2021,BHM,AL,ASO,ES,Combined TRACON& Tower with Radar,81,46,77,5,209,0,1,4,2,7,81,47,81,7,216,0,0,0,216
12/29/2021,BHM,AL,ASO,ES,Combined TRACON& Tower with Radar,74,32,54,4,164,0,3,10,0,13,74,35,64,4,177,0,0,0,177
12/30/2021,BHM,AL,ASO,ES,Combined TRACON& Tower with Radar,74,34,62,0,170,0,0,1,0,1,74,34,63,0,171,0,0,0,171
12/31/2021,BHM,AL,ASO,ES,Combined TRACON& Tower with Radar,58,35,46,0,139,0,1,1,2,4,58,36,47,2,143,0,0,0,143
01/01/2022,BHM,AL,ASO,ES,Combined TRACON& Tower with Radar,67,33,29,0,129,0,1,3,0,4,67,34,32,0,133,0,0,0,133
01/02/2022,BHM,AL,ASO,ES,Combined TRACON& Tower with Radar,67,22,69,0,158,0,0,2,0,2,67,22,71,0,160,0,0,0,160
01/03/2022,BHM,AL,ASO,ES,Combined TRACON& Tower with Radar,63,44,78,2,187,0,0,0,0,0,63,44,78,2,187,0,0,0,187
01/04/2022,BHM,AL,ASO,ES,Combined TRACON& Tower with Radar,69,42,59,11,181,0,4,37,0,41,69,46,96,11,222,0,0,0,222
01/05/2022,BHM,AL,ASO,ES,Combined TRACON& Tower with Radar,71,45,82,45,243,0,1,12,3,16,71,46,94,48,259,0,0,0,259
01/06/2022,BHM,AL,ASO,ES,Combined TRACON& Tower with Radar,67,59,45,4,175,0,0,1,0,1,67,59,46,4,176,0,0,0,176
01/07/2022,BHM,AL,ASO,ES,Combined TRACON& Tower with Radar,75,41,50,25,191,0,0,53,14,67,75,41,103,39,258,0,0,0,258
01/08/2022,BHM,AL,ASO,ES,Combined TRACON& Tower with Radar,63,31,46,16,156,0,3,42,7,52,63,34,88,23,208,0,0,0,208
01/09/2022,BHM,AL,ASO,ES,Combined TRACON& Tower with Radar,66,34,51,0,151,0,1,0,0,1,66,35,51,0,152,0,0,0,152
01/10/2022,BHM,AL,ASO,ES,Combined TRACON& Tower with Radar,75,50,98,3,226,0,10,19,4,33,75,60,117,7,259,0,0,0,259
01/11/2022,BHM,AL,ASO,ES,Combined TRACON& Tower with Radar,82,61,130,27,300,0,4,43,12,59,82,65,173,39,359,0,0,0,359
01/12/2022,BHM,AL,ASO,ES,Combined TRACON& Tower with Radar,73,39,95,19,226,0,0,54,6,60,73,39,149,25,286,0,0,0,286
01/13/2022,BHM,AL,ASO,ES,Combined TRACON& Tower with Radar,74,56,63,39,232,0,0,49,6,55,74,56,112,45,287,0,0,0,287
01/14/2022,BHM,AL,ASO,ES,Combined TRACON& Tower with Radar,76,49,69,12,206,0,3,60,0,63,76,52,129,12,269,0,0,0,269
01/15/2022,BHM,AL,ASO,ES,Combined TRACON& Tower with Radar,58,24,42,0,124,0,0,17,0,17,58,24,59,0,141,0,0,0,141
01/16/2022,BHM,AL,ASO,ES,Combined TRACON& Tower with Radar,47,23,25,0,95,0,0,0,0,0,47,23,25,0,95,0,0,0,95
01/17/2022,BHM,AL,ASO,ES,Combined TRACON& Tower with Radar,66,50,47,0,163,0,1,9,0,10,66,51,56,0,173,0,0,0,173
01/18/2022,BHM,AL,ASO,ES,Combined TRACON& Tower with Radar,66,49,72,17,204,0,1,44,0,45,66,50,116,17,249,0,0,0,249
01/19/2022,BHM,AL,ASO,ES,Combined TRACON& Tower with Radar,72,55,77,32,236,0,4,29,3,36,72,59,106,35,272,0,0,0,272
01/20/2022,BHM,AL,ASO,ES,Combined TRACON& Tower with Radar,79,50,76,32,237,0,0,3,5,8,79,50,79,37,245,0,0,0,245
01/21/2022,BHM,AL,ASO,ES,Combined TRACON& Tower with Radar,83,55,64,30,232,0,0,4,8,12,83,55,68,38,244,0,0,0,244
01/22/2022,BHM,AL,ASO,ES,Combined TRACON& Tower with Radar,54,28,54,0,136,0,0,46,6,52,54,28,100,6,188,0,0,0,188
01/23/2022,BHM,AL,ASO,ES,Combined TRACON& Tower with Radar,64,34,62,1,161,0,3,57,7,67,64,37,119,8,228,0,0,0,228
01/24/2022,BHM,AL,ASO,ES,Combined TRACON& Tower with Radar,72,44,93,12,221,0,3,30,1,34,72,47,123,13,255,0,0,0,255
01/25/2022,BHM,AL,ASO,ES,Combined TRACON& Tower with Radar,72,54,91,44,261,0,2,47,4,53,72,56,138,48,314,0,0,0,314
01/26/2022,BHM,AL,ASO,ES,Combined TRACON& Tower with Radar,76,53,63,21,213,0,2,34,7,43,76,55,97,28,256,0,0,0,256
01/27/2022,BHM,AL,ASO,ES,Combined TRACON& Tower with Radar,74,66,80,50,270,0,4,50,13,67,74,70,130,63,337,0,0,0,337
01/28/2022,BHM,AL,ASO,ES,Combined TRACON& Tower with Radar,93,64,46,18,221,0,4,44,2,50,93,68,90,20,271,0,0,0,271
01/29/2022,BHM,AL,ASO,ES,Combined TRACON& Tower with Radar,57,35,39,0,131,0,3,40,2,45,57,38,79,2,176,0,0,0,176
01/30/2022,BHM,AL,ASO,ES,Combined TRACON& Tower with Radar,62,42,55,0,159,0,1,32,2,35,62,43,87,2,194,0,0,0,194
01/31/2022,BHM,AL,ASO,ES,Combined TRACON& Tower with Radar,74,37,78,5,194,0,2,37,0,39,74,39,115,5,233,0,0,0,233
02/01/2022,BHM,AL,ASO,ES,Combined TRACON& Tower with Radar,78,45,78,31,232,0,1,34,10,45,78,46,112,41,277,0,0,0,277
02/02/2022,BHM,AL,ASO,ES,Combined TRACON& Tower with Radar,72,39,65,8,184,0,1,2,0,3,72,40,67,8,187,0,0,0,187
02/03/2022,BHM,AL,ASO,ES,Combined TRACON& Tower with Radar,71,48,32,0,151,0,0,0,0,0,71,48,32,0,151,0,0,0,151
02/04/2022,BHM,AL,ASO,ES,Combined TRACON& Tower with Radar,70,43,40,1,154,0,0,0,2,2,70,43,40,3,156,0,0,0,156
02/05/2022,BHM,AL,ASO,ES,Combined TRACON& Tower with Radar,51,27,44,2,124,0,0,20,11,31,51,27,64,13,155,0,0,0,155
02/06/2022,BHM,AL,ASO,ES,Combined TRACON& Tower with Radar,66,33,45,6,150,0,3,55,0,58,66,36,100,6,208,0,0,0,208
02/07/2022,BHM,AL,ASO,ES,Combined TRACON& Tower with Radar,79,31,58,31,199,0,9,36,0,45,79,40,94,31,244,8,0,8,252
02/08/2022,BHM,AL,ASO,ES,Combined TRACON& Tower with Radar,78,43,80,26,227,0,9,51,4,64,78,52,131,30,291,10,0,10,301
02/09/2022,BHM,AL,ASO,ES,Combined TRACON& Tower with Radar,76,52,84,22,234,0,6,60,3,69,76,58,144,25,303,0,0,0,303
02/10/2022,BHM,AL,ASO,ES,Combined TRACON& Tower with Radar,85,72,103,4,264,0,4,33,10,47,85,76,136,14,311,0,0,0,311
02/11/2022,BHM,AL,ASO,ES,Combined TRACON& Tower with Radar,89,62,93,28,272,0,1,45,11,57,89,63,138,39,329,0,0,0,329
02/12/2022,BHM,AL,ASO,ES,Combined TRACON& Tower with Radar,58,45,34,12,149,0,3,47,9,59,58,48,81,21,208,0,0,0,208
02/13/2022,BHM,AL,ASO,ES,Combined TRACON& Tower with Radar,65,30,47,5,147,0,1,20,7,28,65,31,67,12,175,6,0,6,181
02/14/2022,BHM,AL,ASO,ES,Combined TRACON& Tower with Radar,86,33,48,11,178,0,4,54,1,59,86,37,102,12,237,36,0,36,273
02/15/2022,BHM,AL,ASO,ES,Combined TRACON& Tower with Radar,85,70,90,6,251,0,1,30,2,33,85,71,120,8,284,14,0,14,298
02/16/2022,BHM,AL,ASO,ES,Combined TRACON& Tower with Radar,75,54,109,11,249,0,2,25,5,32,75,56,134,16,281,16,0,16,297
02/17/2022,BHM,AL,ASO,ES,Combined TRACON& Tower with Radar,85,55,76,0,216,0,0,1,0,1,85,55,77,0,217,0,0,0,217
02/18/2022,BHM,AL,ASO,ES,Combined TRACON& Tower with Radar,86,46,120,6,258,0,0,16,1,17,86,46,136,7,275,0,0,0,275
02/19/2022,BHM,AL,ASO,ES,Combined TRACON& Tower with Radar,60,32,43,4,139,0,2,42,1,45,60,34,85,5,184,12,0,12,196
02/20/2022,BHM,AL,ASO,ES,Combined TRACON& Tower with Radar,61,40,76,1,178,0,0,46,0,46,61,40,122,1,224,0,0,0,224
02/21/2022,BHM,AL,ASO,ES,Combined TRACON& Tower with Radar,82,48,86,2,218,0,0,0,0,0,82,48,86,2,218,18,0,18,236
02/22/2022,BHM,AL,ASO,ES,Combined TRACON& Tower with Radar,85,64,94,29,272,0,2,9,4,15,85,66,103,33,287,0,0,0,287
02/23/2022,BHM,AL,ASO,ES,Combined TRACON& Tower with Radar,78,67,98,31,274,0,0,8,0,8,78,67,106,31,282,0,0,0,282
02/24/2022,BHM,AL,ASO,ES,Combined TRACON& Tower with Radar,78,75,106,32,291,0,0,3,4,7,78,75,109,36,298,0,0,0,298
02/25/2022,BHM,AL,ASO,ES,Combined TRACON& Tower with Radar,81,73,113,58,325,0,4,8,3,15,81,77,121,61,340,0,0,0,340
02/26/2022,BHM,AL,ASO,ES,Combined TRACON& Tower with Radar,62,24,63,6,155,0,1,19,4,24,62,25,82,10,179,0,0,0,179
02/27/2022,BHM,AL,ASO,ES,Combined TRACON& Tower with Radar,71,31,74,8,184,0,0,0,0,0,71,31,74,8,184,0,0,0,184
02/28/2022,BHM,AL,ASO,ES,Combined TRACON& Tower with Radar,78,47,87,15,227,0,2,50,6,58,78,49,137,21,285,0,0,0,285
03/01/2022,BHM,AL,ASO,ES,Combined TRACON& Tower with Radar,80,52,78,13,223,0,2,48,4,54,80,54,126,17,277,12,0,12,289
03/02/2022,BHM,AL,ASO,ES,Combined TRACON& Tower with Radar,76,61,88,20,245,0,6,47,6,59,76,67,135,26,304,0,12,12,316
03/03/2022,BHM,AL,ASO,ES,Combined TRACON& Tower with Radar,78,53,107,22,260,0,3,55,11,69,78,56,162,33,329,10,0,10,339
03/04/2022,BHM,AL,ASO,ES,Combined TRACON& Tower with Radar,84,49,106,11,250,0,7,56,5,68,84,56,162,16,318,0,0,0,318
03/05/2022,BHM,AL,ASO,ES,Combined TRACON& Tower with Radar,59,44,63,1,167,0,3,52,12,67,59,47,115,13,234,0,0,0,234
03/06/2022,BHM,AL,ASO,ES,Combined TRACON& Tower with Radar,67,47,77,2,193,0,5,24,3,32,67,52,101,5,225,0,0,0,225
03/07/2022,BHM,AL,ASO,ES,Combined TRACON& Tower with Radar,69,41,52,0,162,0,0,5,0,5,69,41,57,0,167,0,0,0,167
03/08/2022,BHM,AL,ASO,ES,Combined TRACON& Tower with Radar,80,63,77,15,235,0,1,12,1,14,80,64,89,16,249,0,8,8,257
03/09/2022,BHM,AL,ASO,ES,Combined TRACON& Tower with Radar,74,72,114,3,263,0,2,4,0,6,74,74,118,3,269,0,0,0,269
03/10/2022,BHM,AL,ASO,ES,Combined TRACON& Tower with Radar,86,67,91,30,274,0,1,55,2,58,86,68,146,32,332,0,0,0,332
03/11/2022,BHM,AL,ASO,ES,Combined TRACON& Tower with Radar,89,48,80,18,235,0,1,6,2,9,89,49,86,20,244,0,0,0,244
03/12/2022,BHM,AL,ASO,ES,Combined TRACON& Tower with Radar,73,35,51,2,161,0,0,11,4,15,73,35,62,6,176,0,0,0,176
03/13/2022,BHM,AL,ASO,ES,Combined TRACON& Tower with Radar,67,43,59,15,184,0,0,49,3,52,67,43,108,18,236,14,0,14,250
03/14/2022,BHM,AL,ASO,ES,Combined TRACON& Tower with Radar,81,39,58,29,207,0,1,50,2,53,81,40,108,31,260,0,0,0,260
03/15/2022,BHM,AL,ASO,ES,Combined TRACON& Tower with Radar,79,48,70,7,204,0,2,3,0,5,79,50,73,7,209,0,0,0,209
03/16/2022,BHM,AL,ASO,ES,Combined TRACON& Tower with Radar,80,60,92,6,238,0,1,2,0,3,80,61,94,6,241,0,0,0,241
03/17/2022,BHM,AL,ASO,ES,Combined TRACON& Tower with Radar,77,52,116,33,278,0,2,58,13,73,77,54,174,46,351,52,0,52,403
03/18/2022,BHM,AL,ASO,ES,Combined TRACON& Tower with Radar,91,42,53,6,192,0,1,1,0,2,91,43,54,6,194,0,0,0,194
03/19/2022,BHM,AL,ASO,ES,Combined TRACON& Tower with Radar,73,49,44,5,171,0,3,39,11,53,73,52,83,16,224,0,0,0,224
03/20/2022,BHM,AL,ASO,ES,Combined TRACON& Tower with Radar,72,35,59,1,167,0,2,58,4,64,72,37,117,5,231,0,0,0,231
03/21/2022,BHM,AL,ASO,ES,Combined TRACON& Tower with Radar,79,36,95,7,217,0,2,46,6,54,79,38,141,13,271,10,0,10,281
03/22/2022,BHM,AL,ASO,ES,Combined TRACON& Tower with Radar,70,40,75,15,200,0,1,8,3,12,70,41,83,18,212,0,0,0,212
03/23/2022,BHM,AL,ASO,ES,Combined TRACON& Tower with Radar,84,61,93,27,265,0,2,20,0,22,84,63,113,27,287,0,0,0,287
03/24/2022,BHM,AL,ASO,ES,Combined TRACON& Tower with Radar,78,69,124,21,292,0,1,39,4,44,78,70,163,25,336,0,0,0,336
03/25/2022,BHM,AL,ASO,ES,Combined TRACON& Tower with Radar,81,60,93,26,260,0,3,39,15,57,81,63,132,41,317,0,0,0,317
03/26/2022,BHM,AL,ASO,ES,Combined TRACON& Tower with Radar,68,42,60,8,178,0,3,28,4,35,68,45,88,12,213,12,0,12,225
03/27/2022,BHM,AL,ASO,ES,Combined TRACON& Tower with Radar,72,35,67,1,175,0,0,52,15,67,72,35,119,16,242,20,0,20,262
03/28/2022,BHM,AL,ASO,ES,Combined TRACON& Tower with Radar,81,31,78,19,209,0,3,57,1,61,81,34,135,20,270,0,0,0,270
03/29/2022,BHM,AL,ASO,ES,Combined TRACON& Tower with Radar,74,52,96,17,239,0,3,16,1,20,74,55,112,18,259,10,0,10,269
03/30/2022,BHM,AL,ASO,ES,Combined TRACON& Tower with Radar,74,40,69,10,193,0,2,11,2,15,74,42,80,12,208,0,0,0,208
03/31/2022,BHM,AL,ASO,ES,Combined TRACON& Tower with Radar,81,53,84,14,232,0,1,19,3,23,81,54,103,17,255,14,0,14,269
04/01/2022,BHM,AL,ASO,ES,Combined TRACON& Tower with Radar,76,61,100,23,260,0,3,56,9,68,76,64,156,32,328,0,0,0,328
04/02/2022,BHM,AL,ASO,ES,Combined TRACON& Tower with Radar,61,39,61,2,163,0,3,47,6,56,61,42,108,8,219,0,0,0,219
04/03/2022,BHM,AL,ASO,ES,Combined TRACON& Tower with Radar,64,45,90,9,208,0,7,46,10,63,64,52,136,19,271,0,0,0,271
04/04/2022,BHM,AL,ASO,ES,Combined TRACON& Tower with Radar,74,59,122,3,258,0,5,62,2,69,74,64,184,5,327,0,0,0,327
04/05/2022,BHM,AL,ASO,ES,Combined TRACON& Tower with Radar,75,51,65,6,197,0,1,9,0,10,75,52,74,6,207,0,0,0,207
04/06/2022,BHM,AL,ASO,ES,Combined TRACON& Tower with Radar,82,55,97,8,242,0,0,0,0,0,82,55,97,8,242,0,0,0,242
04/07/2022,BHM,AL,ASO,ES,Combined TRACON& Tower with Radar,84,50,115,8,257,0,0,42,6,48,84,50,157,14,305,0,0,0,305
04/08/2022,BHM,AL,ASO,ES,Combined TRACON& Tower with Radar,91,57,96,38,282,0,0,22,13,35,91,57,118,51,317,0,0,0,317
04/09/2022,BHM,AL,ASO,ES,Combined TRACON& Tower with Radar,74,28,35,2,139,0,5,27,0,32,74,33,62,2,171,0,0,0,171
04/10/2022,BHM,AL,ASO,ES,Combined TRACON& Tower with Radar,78,23,72,6,179,0,0,57,7,64,78,23,129,13,243,0,0,0,243
04/11/2022,BHM,AL,ASO,ES,Combined TRACON& Tower with Radar,84,47,79,10,220,0,0,8,5,13,84,47,87,15,233,0,6,6,239
04/12/2022,BHM,AL,ASO,ES,Combined TRACON& Tower with Radar,80,50,102,40,272,0,3,37,1,41,80,53,139,41,313,0,0,0,313
04/13/2022,BHM,AL,ASO,ES,Combined TRACON& Tower with Radar,80,48,114,13,255,0,4,13,0,17,80,52,127,13,272,0,0,0,272
04/14/2022,BHM,AL,ASO,ES,Combined TRACON& Tower with Radar,90,50,106,22,268,0,0,51,11,62,90,50,157,33,330,0,0,0,330
04/15/2022,BHM,AL,ASO,ES,Combined TRACON& Tower with Radar,84,60,89,21,254,0,1,54,1,56,84,61,143,22,310,4,0,4,314
04/16/2022,BHM,AL,ASO,ES,Combined TRACON& Tower with Radar,66,32,38,3,139,0,1,0,0,1,66,33,38,3,140,0,0,0,140
04/17/2022,BHM,AL,ASO,ES,Combined TRACON& Tower with Radar,76,45,31,0,152,0,0,4,0,4,76,45,35,0,156,12,0,12,168
04/18/2022,BHM,AL,ASO,ES,Combined TRACON& Tower with Radar,82,57,121,26,286,0,0,11,0,11,82,57,132,26,297,0,0,0,297
04/19/2022,BHM,AL,ASO,ES,Combined TRACON& Tower with Radar,83,58,127,29,297,0,4,78,8,90,83,62,205,37,387,0,0,0,387
04/20/2022,BHM,AL,ASO,ES,Combined TRACON& Tower with Radar,78,54,107,53,292,0,1,37,7,45,78,55,144,60,337,0,0,0,337
04/21/2022,BHM,AL,ASO,ES,Combined TRACON& Tower with Radar,82,66,111,21,280,0,0,54,5,59,82,66,165,26,339,0,0,0,339
04/22/2022,BHM,AL,ASO,ES,Combined TRACON& Tower with Radar,87,55,91,19,252,0,1,49,12,62,87,56,140,31,314,17,0,17,331
04/23/2022,BHM,AL,ASO,ES,Combined TRACON& Tower with Radar,72,40,69,0,181,0,1,39,3,43,72,41,108,3,224,0,0,0,224
04/24/2022,BHM,AL,ASO,ES,Combined TRACON& Tower with Radar,72,53,87,5,217,0,3,51,4,58,72,56,138,9,275,0,0,0,275
04/25/2022,BHM,AL,ASO,ES,Combined TRACON& Tower with Radar,83,39,82,20,224,0,1,33,1,35,83,40,115,21,259,10,0,10,269
04/26/2022,BHM,AL,ASO,ES,Combined TRACON& Tower with Radar,83,58,100,17,258,0,0,16,2,18,83,58,116,19,276,0,0,0,276
04/27/2022,BHM,AL,ASO,ES,Combined TRACON& Tower with Radar,81,56,130,30,297,0,1,63,3,67,81,57,193,33,364,0,0,0,364
04/28/2022,BHM,AL,ASO,ES,Combined TRACON& Tower with Radar,83,42,106,8,239,0,9,56,7,72,83,51,162,15,311,0,0,0,311
04/29/2022,BHM,AL,ASO,ES,Combined TRACON& Tower with Radar,87,62,99,26,274,0,4,41,10,55,87,66,140,36,329,0,0,0,329
04/30/2022,BHM,AL,ASO,ES,Combined TRACON& Tower with Radar,71,40,73,0,184,0,1,44,0,45,71,41,117,0,229,0,0,0,229
05/01/2022,BHM,AL,ASO,ES,Combined TRACON& Tower with Radar,77,35,85,8,205,0,1,28,0,29,77,36,113,8,234,0,0,0,234
05/02/2022,BHM,AL,ASO,ES,Combined TRACON& Tower with Radar,81,40,93,16,230,0,0,17,1,18,81,40,110,17,248,6,0,6,254
05/03/2022,BHM,AL,ASO,ES,Combined TRACON& Tower with Radar,85,50,89,30,254,0,2,25,2,29,85,52,114,32,283,0,0,0,283
05/04/2022,BHM,AL,ASO,ES,Combined TRACON& Tower with Radar,76,63,101,44,284,0,1,31,10,42,76,64,132,54,326,0,0,0,326
05/05/2022,BHM,AL,ASO,ES,Combined TRACON& Tower with Radar,88,57,98,11,254,0,1,39,3,43,88,58,137,14,297,22,0,22,319
05/06/2022,BHM,AL,ASO,ES,Combined TRACON& Tower with Radar,93,45,90,9,237,0,6,7,4,17,93,51,97,13,254,0,0,0,254
05/07/2022,BHM,AL,ASO,ES,Combined TRACON& Tower with Radar,72,31,61,2,166,0,7,28,2,37,72,38,89,4,203,0,0,0,203
05/08/2022,BHM,AL,ASO,ES,Combined TRACON& Tower with Radar,72,31,71,0,174,0,1,36,2,39,72,32,107,2,213,16,0,16,229
05/09/2022,BHM,AL,ASO,ES,Combined TRACON& Tower with Radar,91,62,90,10,253,1,0,52,0,53,92,62,142,10,306,0,0,0,306
05/10/2022,BHM,AL,ASO,ES,Combined TRACON& Tower with Radar,78,51,91,42,262,0,4,69,1,74,78,55,160,43,336,16,31,47,383
05/11/2022,BHM,AL,ASO,ES,Combined TRACON& Tower with Radar,79,70,116,19,284,0,3,65,0,68,79,73,181,19,352,0,0,0,352
05/12/2022,BHM,AL,ASO,ES,Combined TRACON& Tower with Radar,85,64,97,24,270,0,6,43,8,57,85,70,140,32,327,0,14,14,341
05/13/2022,BHM,AL,ASO,ES,Combined TRACON& Tower with Radar,90,57,67,41,255,0,3,68,9,80,90,60,135,50,335,0,0,0,335
05/14/2022,BHM,AL,ASO,ES,Combined TRACON& Tower with Radar,71,27,47,6,151,0,7,43,5,55,71,34,90,11,206,22,0,22,228
05/15/2022,BHM,AL,ASO,ES,Combined TRACON& Tower with Radar,71,39,70,6,186,0,3,38,14,55,71,42,108,20,241,0,0,0,241
05/16/2022,BHM,AL,ASO,ES,Combined TRACON& Tower with Radar,80,47,72,16,215,0,3,39,0,42,80,50,111,16,257,0,0,0,257
05/17/2022,BHM,AL,ASO,ES,Combined TRACON& Tower with Radar,79,73,74,46,272,0,7,47,8,62,79,80,121,54,334,0,0,0,334
05/18/2022,BHM,AL,ASO,ES,Combined TRACON& Tower with Radar,79,62,104,26,271,0,1,44,4,49,79,63,148,30,320,0,0,0,320
05/19/2022,BHM,AL,ASO,ES,Combined TRACON& Tower with Radar,88,64,122,50,324,0,0,47,13,60,88,64,169,63,384,0,0,0,384
05/20/2022,BHM,AL,ASO,ES,Combined TRACON& Tower with Radar,81,55,91,14,241,0,2,26,16,44,81,57,117,30,285,0,0,0,285
05/21/2022,BHM,AL,ASO,ES,Combined TRACON& Tower with Radar,69,36,60,7,172,0,2,27,4,33,69,38,87,11,205,0,0,0,205
05/22/2022,BHM,AL,ASO,ES,Combined TRACON& Tower with Radar,71,32,65,2,170,0,0,2,6,8,71,32,67,8,178,10,0,10,188
05/23/2022,BHM,AL,ASO,ES,Combined TRACON& Tower with Radar,86,38,82,14,220,0,1,9,1,11,86,39,91,15,231,10,0,10,241
05/24/2022,BHM,AL,ASO,ES,Combined TRACON& Tower with Radar,78,59,78,4,219,0,0,8,0,8,78,59,86,4,227,0,0,0,227
05/25/2022,BHM,AL,ASO,ES,Combined TRACON& Tower with Radar,78,60,62,5,205,0,0,7,1,8,78,60,69,6,213,0,0,0,213
05/26/2022,BHM,AL,ASO,ES,Combined TRACON& Tower with Radar,87,58,90,3,238,0,0,2,0,2,87,58,92,3,240,0,0,0,240
05/27/2022,BHM,AL,ASO,ES,Combined TRACON& Tower with Radar,89,57,94,0,240,0,2,49,0,51,89,59,143,0,291,0,0,0,291
05/28/2022,BHM,AL,ASO,ES,Combined TRACON& Tower with Radar,66,38,54,0,158,0,5,56,2,63,66,43,110,2,221,42,0,42,263
05/29/2022,BHM,AL,ASO,ES,Combined TRACON& Tower with Radar,71,21,31,0,123,0,1,16,0,17,71,22,47,0,140,0,0,0,140
05/30/2022,BHM,AL,ASO,ES,Combined TRACON& Tower with Radar,84,32,75,0,191,0,2,40,0,42,84,34,115,0,233,6,0,6,239
05/31/2022,BHM,AL,ASO,ES,Combined TRACON& Tower with Radar,80,57,87,50,274,0,1,33,2,36,80,58,120,52,310,0,0,0,310
06/01/2022,BHM,AL,ASO,ES,Combined TRACON& Tower with Radar,80,75,80,55,290,0,0,54,6,60,80,75,134,61,350,15,0,15,365
06/02/2022,BHM,AL,ASO,ES,Combined TRACON& Tower with Radar,74,43,91,29,237,0,1,15,4,20,74,44,106,33,257,0,0,0,257
06/03/2022,BHM,AL,ASO,ES,Combined TRACON& Tower with Radar,83,50,99,19,251,0,0,21,5,26,83,50,120,24,277,0,0,0,277
06/04/2022,BHM,AL,ASO,ES,Combined TRACON& Tower with Radar,63,43,50,24,180,0,2,64,9,75,63,45,114,33,255,0,0,0,255
06/05/2022,BHM,AL,ASO,ES,Combined TRACON& Tower with Radar,77,38,76,21,212,0,4,46,10,60,77,42,122,31,272,0,14,14,286
06/06/2022,BHM,AL,ASO,ES,Combined TRACON& Tower with Radar,82,42,89,2,215,0,2,51,1,54,82,44,140,3,269,0,0,0,269
06/07/2022,BHM,AL,ASO,ES,Combined TRACON& Tower with Radar,76,56,89,24,245,0,0,36,7,43,76,56,125,31,288,38,0,38,326
06/08/2022,BHM,AL,ASO,ES,Combined TRACON& Tower with Radar,77,61,86,9,233,0,0,5,0,5,77,61,91,9,238,9,0,9,247
06/09/2022,BHM,AL,ASO,ES,Combined TRACON& Tower with Radar,82,69,95,42,288,0,1,14,5,20,82,70,109,47,308,0,0,0,308
06/10/2022,BHM,AL,ASO,ES,Combined TRACON& Tower with Radar,85,54,98,28,265,0,7,54,11,72,85,61,152,39,337,0,0,0,337
06/11/2022,BHM,AL,ASO,ES,Combined TRACON& Tower with Radar,64,31,37,3,135,0,2,47,3,52,64,33,84,6,187,0,0,0,187
06/12/2022,BHM,AL,ASO,ES,Combined TRACON& Tower with Radar,79,25,71,4,179,0,1,48,2,51,79,26,119,6,230,0,0,0,230
06/13/2022,BHM,AL,ASO,ES,Combined TRACON& Tower with Radar,80,29,67,69,245,0,1,62,6,69,80,30,129,75,314,34,0,34,348
06/14/2022,BHM,AL,ASO,ES,Combined TRACON& Tower with Radar,78,58,84,45,265,0,1,45,2,48,78,59,129,47,313,0,0,0,313
06/15/2022,BHM,AL,ASO,ES,Combined TRACON& Tower with Radar,81,43,98,9,231,0,5,28,3,36,81,48,126,12,267,0,0,0,267
06/16/2022,BHM,AL,ASO,ES,Combined TRACON& Tower with Radar,74,47,99,44,264,0,2,55,9,66,74,49,154,53,330,0,10,10,340
06/17/2022,BHM,AL,ASO,ES,Combined TRACON& Tower with Radar,71,52,107,20,250,0,3,41,0,44,71,55,148,20,294,0,0,0,294
06/18/2022,BHM,AL,ASO,ES,Combined TRACON& Tower with Radar,67,39,52,1,159,0,4,46,0,50,67,43,98,1,209,0,0,0,209
06/19/2022,BHM,AL,ASO,ES,Combined TRACON& Tower with Radar,78,29,60,2,169,0,5,56,0,61,78,34,116,2,230,0,0,0,230
06/20/2022,BHM,AL,ASO,ES,Combined TRACON& Tower with Radar,80,36,89,4,209,0,7,35,1,43,80,43,124,5,252,0,0,0,252
06/21/2022,BHM,AL,ASO,ES,Combined TRACON& Tower with Radar,77,56,83,22,238,0,3,44,4,51,77,59,127,26,289,0,16,16,305
06/22/2022,BHM,AL,ASO,ES,Combined TRACON& Tower with Radar,68,52,123,25,268,0,5,42,7,54,68,57,165,32,322,0,0,0,322
06/23/2022,BHM,AL,ASO,ES,Combined TRACON& Tower with Radar,85,61,106,33,285,0,4,37,12,53,85,65,143,45,338,18,0,18,356
06/24/2022,BHM,AL,ASO,ES,Combined TRACON& Tower with Radar,86,52,113,42,293,0,5,40,12,57,86,57,153,54,350,0,0,0,350
06/25/2022,BHM,AL,ASO,ES,Combined TRACON& Tower with Radar,66,32,50,7,155,0,1,32,5,38,66,33,82,12,193,0,8,8,201
06/26/2022,BHM,AL,ASO,ES,Combined TRACON& Tower with Radar,80,38,78,12,208,0,1,29,0,30,80,39,107,12,238,0,0,0,238
06/27/2022,BHM,AL,ASO,ES,Combined TRACON& Tower with Radar,78,49,74,4,205,0,4,15,0,19,78,53,89,4,224,0,0,0,224
06/28/2022,BHM,AL,ASO,ES,Combined TRACON& Tower with Radar,77,50,81,16,224,0,4,36,8,48,77,54,117,24,272,0,0,0,272
06/29/2022,BHM,AL,ASO,ES,Combined TRACON& Tower with Radar,78,51,76,11,216,0,3,18,7,28,78,54,94,18,244,0,0,0,244
06/30/2022,BHM,AL,ASO,ES,Combined TRACON& Tower with Radar,87,55,120,5,267,0,0,29,4,33,87,55,149,9,300,0,0,0,300
07/01/2022,BHM,AL,ASO,ES,Combined TRACON& Tower with Radar,82,43,75,0,200,0,4,27,3,34,82,47,102,3,234,0,0,0,234
07/02/2022,BHM,AL,ASO,ES,Combined TRACON& Tower with Radar,69,37,39,4,149,0,2,21,2,25,69,39,60,6,174,12,0,12,186
07/03/2022,BHM,AL,ASO,ES,Combined TRACON& Tower with Radar,66,24,25,0,115,0,3,20,0,23,66,27,45,0,138,0,0,0,138
07/04/2022,BHM,AL,ASO,ES,Combined TRACON& Tower with Radar,68,21,26,0,115,1,3,17,0,21,69,24,43,0,136,6,0,6,142
07/05/2022,BHM,AL,ASO,ES,Combined TRACON& Tower with Radar,79,39,85,12,215,0,1,42,1,44,79,40,127,13,259,0,0,0,259
07/06/2022,BHM,AL,ASO,ES,Combined TRACON& Tower with Radar,77,41,108,47,273,0,3,49,1,53,77,44,157,48,326,0,0,0,326
07/07/2022,BHM,AL,ASO,ES,Combined TRACON& Tower with Radar,78,57,83,17,235,0,1,52,14,67,78,58,135,31,302,0,0,0,302
07/08/2022,BHM,AL,ASO,ES,Combined TRACON& Tower with Radar,81,49,67,27,224,0,2,37,19,58,81,51,104,46,282,0,10,10,292
07/09/2022,BHM,AL,ASO,ES,Combined TRACON& Tower with Radar,70,35,29,1,135,0,1,34,5,40,70,36,63,6,175,0,0,0,175
07/10/2022,BHM,AL,ASO,ES,Combined TRACON& Tower with Radar,72,38,91,10,211,0,0,12,3,15,72,38,103,13,226,0,0,0,226
07/11/2022,BHM,AL,ASO,ES,Combined TRACON& Tower with Radar,85,41,55,8,189,0,0,40,1,41,85,41,95,9,230,0,0,0,230
07/12/2022,BHM,AL,ASO,ES,Combined TRACON& Tower with Radar,76,64,97,29,266,0,1,29,7,37,76,65,126,36,303,0,0,0,303
07/13/2022,BHM,AL,ASO,ES,Combined TRACON& Tower with Radar,77,62,90,15,244,0,4,20,3,27,77,66,110,18,271,0,0,0,271
07/14/2022,BHM,AL,ASO,ES,Combined TRACON& Tower with Radar,86,61,98,10,255,0,1,16,8,25,86,62,114,18,280,19,12,31,311
07/15/2022,BHM,AL,ASO,ES,Combined TRACON& Tower with Radar,81,42,74,16,213,0,0,43,7,50,81,42,117,23,263,0,0,0,263
07/16/2022,BHM,AL,ASO,ES,Combined TRACON& Tower with Radar,64,31,31,0,126,0,3,60,1,64,64,34,91,1,190,0,0,0,190
07/17/2022,BHM,AL,ASO,ES,Combined TRACON& Tower with Radar,76,29,72,3,180,0,2,50,5,57,76,31,122,8,237,0,0,0,237
07/18/2022,BHM,AL,ASO,ES,Combined TRACON& Tower with Radar,81,47,96,19,243,0,0,17,2,19,81,47,113,21,262,0,0,0,262
07/19/2022,BHM,AL,ASO,ES,Combined TRACON& Tower with Radar,77,54,82,27,240,0,2,24,1,27,77,56,106,28,267,0,0,0,267
07/20/2022,BHM,AL,ASO,ES,Combined TRACON& Tower with Radar,80,52,96,41,269,0,3,30,3,36,80,55,126,44,305,0,0,0,305
07/21/2022,BHM,AL,ASO,ES,Combined TRACON& Tower with Radar,88,49,99,27,263,0,1,13,10,24,88,50,112,37,287,0,4,4,291
07/22/2022,BHM,AL,ASO,ES,Combined TRACON& Tower with Radar,89,60,97,14,260,0,3,17,10,30,89,63,114,24,290,0,0,0,290
07/23/2022,BHM,AL,ASO,ES,Combined TRACON& Tower with Radar,72,37,45,4,158,0,0,36,3,39,72,37,81,7,197,28,0,28,225
07/24/2022,BHM,AL,ASO,ES,Combined TRACON& Tower with Radar,71,41,71,19,202,0,1,22,1,24,71,42,93,20,226,0,0,0,226
07/25/2022,BHM,AL,ASO,ES,Combined TRACON& Tower with Radar,79,40,88,4,211,0,2,9,0,11,79,42,97,4,222,0,0,0,222
07/26/2022,BHM,AL,ASO,ES,Combined TRACON& Tower with Radar,77,70,99,57,303,0,3,23,2,28,77,73,122,59,331,0,10,10,341
07/27/2022,BHM,AL,ASO,ES,Combined TRACON& Tower with Radar,75,62,113,26,276,0,4,36,10,50,75,66,149,36,326,15,0,15,341
07/28/2022,BHM,AL,ASO,ES,Combined TRACON& Tower with Radar,86,64,93,44,287,0,1,49,7,57,86,65,142,51,344,0,0,0,344
07/29/2022,BHM,AL,ASO,ES,Combined TRACON& Tower with Radar,83,55,70,18,226,0,3,35,15,53,83,58,105,33,279,0,0,0,279
07/30/2022,BHM,AL,ASO,ES,Combined TRACON& Tower with Radar,63,37,45,7,152,0,0,13,0,13,63,37,58,7,165,0,0,0,165
07/31/2022,BHM,AL,ASO,ES,Combined TRACON& Tower with Radar,78,42,58,7,185,0,1,30,1,32,78,43,88,8,217,0,0,0,217
08/01/2022,BHM,AL,ASO,ES,Combined TRACON& Tower with Radar,86,47,57,18,208,0,1,24,7,32,86,48,81,25,240,2,0,2,242
08/02/2022,BHM,AL,ASO,ES,Combined TRACON& Tower with Radar,78,51,60,31,220,0,1,14,3,18,78,52,74,34,238,0,8,8,246
08/03/2022,BHM,AL,ASO,ES,Combined TRACON& Tower with Radar,76,49,119,20,264,0,3,19,1,23,76,52,138,21,287,0,0,0,287
08/04/2022,BHM,AL,ASO,ES,Combined TRACON& Tower with Radar,75,45,74,34,228,0,4,33,10,47,75,49,107,44,275,0,0,0,275
08/05/2022,BHM,AL,ASO,ES,Combined TRACON& Tower with Radar,87,49,50,11,197,0,0,49,14,63,87,49,99,25,260,0,0,0,260
08/06/2022,BHM,AL,ASO,ES,Combined TRACON& Tower with Radar,75,34,56,3,168,0,3,36,6,45,75,37,92,9,213,0,0,0,213
08/07/2022,BHM,AL,ASO,ES,Combined TRACON& Tower with Radar,79,33,61,8,181,0,2,36,4,42,79,35,97,12,223,12,0,12,235
08/08/2022,BHM,AL,ASO,ES,Combined TRACON& Tower with Radar,78,39,61,4,182,0,0,31,1,32,78,39,92,5,214,0,0,0,214
08/09/2022,BHM,AL,ASO,ES,Combined TRACON& Tower with Radar,78,46,80,20,224,0,1,32,2,35,78,47,112,22,259,0,0,0,259
08/10/2022,BHM,AL,ASO,ES,Combined TRACON& Tower with Radar,73,49,81,13,216,0,2,20,4,26,73,51,101,17,242,10,0,10,252
08/11/2022,BHM,AL,ASO,ES,Combined TRACON& Tower with Radar,77,53,117,30,277,0,2,17,5,24,77,55,134,35,301,0,0,0,301
08/12/2022,BHM,AL,ASO,ES,Combined TRACON& Tower with Radar,82,55,104,42,283,0,7,37,9,53,82,62,141,51,336,0,0,0,336
08/13/2022,BHM,AL,ASO,ES,Combined TRACON& Tower with Radar,66,38,33,8,145,0,0,53,2,55,66,38,86,10,200,0,0,0,200
08/14/2022,BHM,AL,ASO,ES,Combined TRACON& Tower with Radar,75,26,50,8,159,0,0,44,2,46,75,26,94,10,205,0,0,0,205
08/15/2022,BHM,AL,ASO,ES,Combined TRACON& Tower with Radar,76,49,75,21,221,0,2,31,2,35,76,51,106,23,256,0,0,0,256
08/16/2022,BHM,AL,ASO,ES,Combined TRACON& Tower with Radar,73,58,71,91,293,0,1,39,3,43,73,59,110,94,336,0,0,0,336
08/17/2022,BHM,AL,ASO,ES,Combined TRACON& Tower with Radar,73,72,72,32,249,0,1,16,0,17,73,73,88,32,266,0,0,0,266
08/18/2022,BHM,AL,ASO,ES,Combined TRACON& Tower with Radar,74,56,84,84,298,0,2,54,13,69,74,58,138,97,367,4,10,14,381
08/19/2022,BHM,AL,ASO,ES,Combined TRACON& Tower with Radar,79,43,93,6,221,0,2,10,12,24,79,45,103,18,245,25,0,25,270
08/20/2022,BHM,AL,ASO,ES,Combined TRACON& Tower with Radar,60,21,35,1,117,0,0,12,4,16,60,21,47,5,133,0,0,0,133
08/21/2022,BHM,AL,ASO,ES,Combined TRACON& Tower with Radar,64,27,57,20,168,0,3,13,4,20,64,30,70,24,188,18,0,18,206
08/22/2022,BHM,AL,ASO,ES,Combined TRACON& Tower with Radar,69,33,82,9,193,0,0,4,0,4,69,33,86,9,197,0,0,0,197
08/23/2022,BHM,AL,ASO,ES,Combined TRACON& Tower with Radar,72,47,75,41,235,0,0,12,2,14,72,47,87,43,249,0,2,2,251
08/24/2022,BHM,AL,ASO,ES,Combined TRACON& Tower with Radar,77,61,106,36,280,0,2,22,2,26,77,63,128,38,306,34,0,34,340
08/25/2022,BHM,AL,ASO,ES,Combined TRACON& Tower with Radar,73,48,73,39,233,0,0,4,0,4,73,48,77,39,237,0,0,0,237
08/26/2022,BHM,AL,ASO,ES,Combined TRACON& Tower with Radar,76,43,80,22,221,0,0,49,19,68,76,43,129,41,289,0,0,0,289
08/27/2022,BHM,AL,ASO,ES,Combined TRACON& Tower with Radar,58,29,42,1,130,0,1,40,5,46,58,30,82,6,176,20,0,20,196
08/28/2022,BHM,AL,ASO,ES,Combined TRACON& Tower with Radar,70,30,76,3,179,0,1,42,5,48,70,31,118,8,227,0,0,0,227
08/29/2022,BHM,AL,ASO,ES,Combined TRACON& Tower with Radar,71,46,64,13,194,0,2,41,4,47,71,48,105,17,241,0,0,0,241
08/30/2022,BHM,AL,ASO,ES,Combined TRACON& Tower with Radar,72,62,88,24,246,0,1,41,3,45,72,63,129,27,291,0,0,0,291
08/31/2022,BHM,AL,ASO,ES,Combined TRACON& Tower with Radar,73,68,104,15,260,0,1,44,4,49,73,69,148,19,309,18,0,18,327
09/01/2022,BHM,AL,ASO,ES,Combined TRACON& Tower with Radar,70,54,108,26,258,0,3,58,3,64,70,57,166,29,322,16,0,16,338
09/02/2022,BHM,AL,ASO,ES,Combined TRACON& Tower with Radar,82,48,95,0,225,0,0,41,0,41,82,48,136,0,266,0,0,0,266
09/03/2022,BHM,AL,ASO,ES,Combined TRACON& Tower with Radar,61,25,28,0,114,0,0,10,0,10,61,25,38,0,124,0,0,0,124
09/04/2022,BHM,AL,ASO,ES,Combined TRACON& Tower with Radar,68,18,34,0,120,0,0,2,0,2,68,18,36,0,122,0,0,0,122
09/05/2022,BHM,AL,ASO,ES,Combined TRACON& Tower with Radar,69,31,65,0,165,0,0,5,0,5,69,31,70,0,170,0,0,0,170
09/06/2022,BHM,AL,ASO,ES,Combined TRACON& Tower with Radar,77,59,79,14,229,0,1,21,4,26,77,60,100,18,255,6,0,6,261
09/07/2022,BHM,AL,ASO,ES,Combined TRACON& Tower with Radar,75,50,109,36,270,0,3,29,3,35,75,53,138,39,305,0,0,0,305
09/08/2022,BHM,AL,ASO,ES,Combined TRACON& Tower with Radar,91,72,89,26,278,0,5,43,7,55,91,77,132,33,333,8,0,8,341
09/09/2022,BHM,AL,ASO,ES,Combined TRACON& Tower with Radar,102,49,85,22,258,0,3,7,4,14,102,52,92,26,272,0,0,0,272
09/10/2022,BHM,AL,ASO,ES,Combined TRACON& Tower with Radar,70,42,52,6,170,0,0,7,2,9,70,42,59,8,179,0,0,0,179
09/11/2022,BHM,AL,ASO,ES,Combined TRACON& Tower with Radar,100,32,95,13,240,0,0,11,4,15,100,32,106,17,255,0,0,0,255
09/12/2022,BHM,AL,ASO,ES,Combined TRACON& Tower with Radar,82,40,99,30,251,0,0,37,4,41,82,40,136,34,292,0,0,0,292
09/13/2022,BHM,AL,ASO,ES,Combined TRACON& Tower with Radar,81,57,88,57,283,0,1,62,0,63,81,58,150,57,346,14,0,14,360
09/14/2022,BHM,AL,ASO,ES,Combined TRACON& Tower with Radar,81,44,117,43,285,0,6,62,3,71,81,50,179,46,356,0,0,0,356
09/15/2022,BHM,AL,ASO,ES,Combined TRACON& Tower with Radar,84,52,106,22,264,0,2,55,5,62,84,54,161,27,326,0,0,0,326
09/16/2022,BHM,AL,ASO,ES,Combined TRACON& Tower with Radar,87,58,93,30,268,0,0,68,9,77,87,58,161,39,345,0,0,0,345
09/17/2022,BHM,AL,ASO,ES,Combined TRACON& Tower with Radar,68,47,66,4,185,0,3,46,0,49,68,50,112,4,234,0,0,0,234
09/18/2022,BHM,AL,ASO,ES,Combined TRACON& Tower with Radar,83,44,75,1,203,0,2,44,2,48,83,46,119,3,251,0,0,0,251
09/19/2022,BHM,AL,ASO,ES,Combined TRACON& Tower with Radar,82,46,96,22,246,0,3,41,0,44,82,49,137,22,290,14,0,14,304
09/20/2022,BHM,AL,ASO,ES,Combined TRACON& Tower with Radar,82,62,78,27,249,0,4,41,1,46,82,66,119,28,295,0,0,0,295
09/21/2022,BHM,AL,ASO,ES,Combined TRACON& Tower with Radar,84,51,82,23,240,0,5,50,4,59,84,56,132,27,299,0,0,0,299
09/22/2022,BHM,AL,ASO,ES,Combined TRACON& Tower with Radar,84,74,97,20,275,0,3,44,9,56,84,77,141,29,331,8,0,8,339
09/23/2022,BHM,AL,ASO,ES,Combined TRACON& Tower with Radar,90,51,99,30,270,0,5,70,15,90,90,56,169,45,360,0,0,0,360
09/24/2022,BHM,AL,ASO,ES,Combined TRACON& Tower with Radar,67,31,50,2,150,0,5,59,9,73,67,36,109,11,223,13,0,13,236
09/25/2022,BHM,AL,ASO,ES,Combined TRACON& Tower with Radar,83,57,74,1,215,0,0,25,0,25,83,57,99,1,240,0,0,0,240
09/26/2022,BHM,AL,ASO,ES,Combined TRACON& Tower with Radar,84,66,97,11,258,0,4,47,5,56,84,70,144,16,314,18,0,18,332
09/27/2022,BHM,AL,ASO,ES,Combined TRACON& Tower with Radar,84,61,123,9,277,0,1,52,1,54,84,62,175,10,331,0,0,0,331
09/28/2022,BHM,AL,ASO,ES,Combined TRACON& Tower with Radar,75,56,90,17,238,0,4,27,10,41,75,60,117,27,279,0,0,0,279
09/29/2022,BHM,AL,ASO,ES,Combined TRACON& Tower with Radar,81,50,127,32,290,0,3,30,8,41,81,53,157,40,331,40,0,40,371
09/30/2022,BHM,AL,ASO,ES,Combined TRACON& Tower with Radar,90,46,94,41,271,0,4,68,6,78,90,50,162,47,349,6,0,6,355
10/01/2022,BHM,AL,ASO,ES,Combined TRACON& Tower with Radar,64,32,68,1,165,0,5,44,0,49,64,37,112,1,214,22,0,22,236
10/02/2022,BHM,AL,ASO,ES,Combined TRACON& Tower with Radar,89,30,93,7,219,0,5,34,2,41,89,35,127,9,260,0,0,0,260
10/03/2022,BHM,AL,ASO,ES,Combined TRACON& Tower with Radar,82,44,95,49,270,0,4,51,2,57,82,48,146,51,327,8,0,8,335
10/04/2022,BHM,AL,ASO,ES,Combined TRACON& Tower with Radar,81,62,83,31,257,0,3,55,7,65,81,65,138,38,322,0,0,0,322
10/05/2022,BHM,AL,ASO,ES,Combined TRACON& Tower with Radar,83,65,106,37,291,0,7,52,8,67,83,72,158,45,358,0,0,0,358
10/06/2022,BHM,AL,ASO,ES,Combined TRACON& Tower with Radar,84,83,97,42,306,0,2,50,6,58,84,85,147,48,364,0,10,10,374
10/07/2022,BHM,AL,ASO,ES,Combined TRACON& Tower with Radar,84,71,105,24,284,0,3,51,4,58,84,74,156,28,342,0,0,0,342
10/08/2022,BHM,AL,ASO,ES,Combined TRACON& Tower with Radar,68,35,50,2,155,0,1,54,2,57,68,36,104,4,212,0,0,0,212
10/09/2022,BHM,AL,ASO,ES,Combined TRACON& Tower with Radar,79,67,65,3,214,0,1,39,1,41,79,68,104,4,255,10,0,10,265
10/10/2022,BHM,AL,ASO,ES,Combined TRACON& Tower with Radar,77,66,100,0,243,0,5,41,0,46,77,71,141,0,289,16,0,16,305
10/11/2022,BHM,AL,ASO,ES,Combined TRACON& Tower with Radar,80,66,110,29,285,0,5,48,6,59,80,71,158,35,344,0,30,30,374
10/12/2022,BHM,AL,ASO,ES,Combined TRACON& Tower with Radar,81,60,73,0,214,0,0,1,1,2,81,60,74,1,216,12,0,12,228
10/13/2022,BHM,AL,ASO,ES,Combined TRACON& Tower with Radar,83,77,117,1,278,0,0,26,7,33,83,77,143,8,311,10,0,10,321
10/14/2022,BHM,AL,ASO,ES,Combined TRACON& Tower with Radar,86,60,105,24,275,0,2,40,11,53,86,62,145,35,328,0,0,0,328
10/15/2022,BHM,AL,ASO,ES,Combined TRACON& Tower with Radar,65,33,37,2,137,0,2,35,3,40,65,35,72,5,177,12,0,12,189
10/16/2022,BHM,AL,ASO,ES,Combined TRACON& Tower with Radar,79,31,68,5,183,0,2,33,6,41,79,33,101,11,224,0,0,0,224
10/17/2022,BHM,AL,ASO,ES,Combined TRACON& Tower with Radar,76,46,85,32,239,0,5,31,1,37,76,51,116,33,276,18,10,28,304
10/18/2022,BHM,AL,ASO,ES,Combined TRACON& Tower with Radar,85,69,109,46,309,0,2,27,4,33,85,71,136,50,342,0,0,0,342
10/19/2022,BHM,AL,ASO,ES,Combined TRACON& Tower with Radar,82,60,111,46,299,0,3,49,3,55,82,63,160,49,354,10,0,10,364
10/20/2022,BHM,AL,ASO,ES,Combined TRACON& Tower with Radar,84,66,123,39,312,0,3,55,15,73,84,69,178,54,385,30,0,30,415
10/21/2022,BHM,AL,ASO,ES,Combined TRACON& Tower with Radar,83,71,97,27,278,0,5,55,12,72,83,76,152,39,350,0,0,0,350
10/22/2022,BHM,AL,ASO,ES,Combined TRACON& Tower with Radar,64,54,53,0,171,0,1,49,2,52,64,55,102,2,223,0,0,0,223
10/23/2022,BHM,AL,ASO,ES,Combined TRACON& Tower with Radar,78,49,95,6,228,0,0,36,6,42,78,49,131,12,270,5,0,5,275
10/24/2022,BHM,AL,ASO,ES,Combined TRACON& Tower with Radar,74,41,63,27,205,0,4,59,5,68,74,45,122,32,273,0,0,0,273
10/25/2022,BHM,AL,ASO,ES,Combined TRACON& Tower with Radar,80,52,70,3,205,0,0,4,2,6,80,52,74,5,211,0,0,0,211
10/26/2022,BHM,AL,ASO,ES,Combined TRACON& Tower with Radar,82,46,140,36,304,0,3,33,14,50,82,49,173,50,354,0,0,0,354
10/27/2022,BHM,AL,ASO,ES,Combined TRACON& Tower with Radar,81,64,88,22,255,0,8,73,1,82,81,72,161,23,337,0,0,0,337
10/28/2022,BHM,AL,ASO,ES,Combined TRACON& Tower with Radar,86,64,106,17,273,0,1,48,1,50,86,65,154,18,323,10,0,10,333
10/29/2022,BHM,AL,ASO,ES,Combined TRACON& Tower with Radar,59,35,33,2,129,0,1,18,3,22,59,36,51,5,151,0,0,0,151
10/30/2022,BHM,AL,ASO,ES,Combined TRACON& Tower with Radar,71,37,52,0,160,0,0,0,0,0,71,37,52,0,160,0,0,0,160
10/31/2022,BHM,AL,ASO,ES,Combined TRACON& Tower with Radar,59,53,41,21,174,0,1,7,0,8,59,54,48,21,182,10,0,10,192
11/01/2022,BHM,AL,ASO,ES,Combined TRACON& Tower with Radar,80,54,93,29,256,0,4,36,1,41,80,58,129,30,297,24,8,32,329
11/02/2022,BHM,AL,ASO,ES,Combined TRACON& Tower with Radar,79,69,112,28,288,0,1,43,5,49,79,70,155,33,337,0,0,0,337
11/03/2022,BHM,AL,ASO,ES,Combined TRACON& Tower with Radar,78,61,107,24,270,0,2,60,3,65,78,63,167,27,335,0,0,0,335
11/04/2022,BHM,AL,ASO,ES,Combined TRACON& Tower with Radar,83,50,113,23,269,0,7,53,5,65,83,57,166,28,334,0,0,0,334
11/05/2022,BHM,AL,ASO,ES,Combined TRACON& Tower with Radar,65,41,54,1,161,0,3,3,1,7,65,44,57,2,168,0,0,0,168
11/06/2022,BHM,AL,ASO,ES,Combined TRACON& Tower with Radar,71,50,97,11,229,0,3,26,5,34,71,53,123,16,263,20,0,20,283
11/07/2022,BHM,AL,ASO,ES,Combined TRACON& Tower with Radar,71,44,76,41,232,0,4,54,4,62,71,48,130,45,294,0,0,0,294
11/08/2022,BHM,AL,ASO,ES,Combined TRACON& Tower with Radar,74,61,73,20,228,0,5,41,6,52,74,66,114,26,280,8,0,8,288
11/09/2022,BHM,AL,ASO,ES,Combined TRACON& Tower with Radar,81,70,120,35,306,0,8,45,9,62,81,78,165,44,368,6,0,6,374
11/10/2022,BHM,AL,ASO,ES,Combined TRACON& Tower with Radar,80,64,106,18,268,0,1,69,0,70,80,65,175,18,338,0,0,0,338
11/11/2022,BHM,AL,ASO,ES,Combined TRACON& Tower with Radar,84,68,91,0,243,0,1,6,0,7,84,69,97,0,250,0,0,0,250
11/12/2022,BHM,AL,ASO,ES,Combined TRACON& Tower with Radar,63,38,70,0,171,0,1,3,0,4,63,39,73,0,175,0,0,0,175
11/13/2022,BHM,AL,ASO,ES,Combined TRACON& Tower with Radar,73,34,102,0,209,0,2,31,0,33,73,36,133,0,242,0,0,0,242
11/14/2022,BHM,AL,ASO,ES,Combined TRACON& Tower with Radar,77,42,118,38,275,0,4,36,1,41,77,46,154,39,316,0,0,0,316
11/15/2022,BHM,AL,ASO,ES,Combined TRACON& Tower with Radar,82,60,72,8,222,0,0,0,0,0,82,60,72,8,222,0,0,0,222
11/16/2022,BHM,AL,ASO,ES,Combined TRACON& Tower with Radar,83,67,104,48,302,0,4,41,11,56,83,71,145,59,358,0,0,0,358
11/17/2022,BHM,AL,ASO,ES,Combined TRACON& Tower with Radar,79,63,107,59,308,0,2,47,14,63,79,65,154,73,371,0,0,0,371
11/18/2022,BHM,AL,ASO,ES,Combined TRACON& Tower with Radar,83,60,100,9,252,0,1,51,19,71,83,61,151,28,323,0,0,0,323
11/19/2022,BHM,AL,ASO,ES,Combined TRACON& Tower with Radar,62,45,59,2,168,0,4,41,9,54,62,49,100,11,222,0,0,0,222
11/20/2022,BHM,AL,ASO,ES,Combined TRACON& Tower with Radar,77,34,76,5,192,0,0,39,16,55,77,34,115,21,247,0,0,0,247
11/21/2022,BHM,AL,ASO,ES,Combined TRACON& Tower with Radar,76,56,52,33,217,0,4,47,1,52,76,60,99,34,269,0,0,0,269
11/22/2022,BHM,AL,ASO,ES,Combined TRACON& Tower with Radar,97,52,79,35,263,0,3,51,2,56,97,55,130,37,319,0,0,0,319
11/23/2022,BHM,AL,ASO,ES,Combined TRACON& Tower with Radar,95,57,90,3,245,0,0,45,1,46,95,57,135,4,291,0,0,0,291
11/24/2022,BHM,AL,ASO,ES,Combined TRACON& Tower with Radar,46,31,11,0,88,0,3,4,1,8,46,34,15,1,96,0,0,0,96
11/25/2022,BHM,AL,ASO,ES,Combined TRACON& Tower with Radar,73,37,50,6,166,0,0,8,3,11,73,37,58,9,177,0,0,0,177
11/26/2022,BHM,AL,ASO,ES,Combined TRACON& Tower with Radar,75,40,49,0,164,0,0,8,0,8,75,40,57,0,172,0,0,0,172
11/27/2022,BHM,AL,ASO,ES,Combined TRACON& Tower with Radar,85,46,87,0,218,0,0,15,0,15,85,46,102,0,233,0,0,0,233
11/28/2022,BHM,AL,ASO,ES,Combined TRACON& Tower with Radar,87,58,71,14,230,0,3,55,0,58,87,61,126,14,288,12,0,12,300
11/29/2022,BHM,AL,ASO,ES,Combined TRACON& Tower with Radar,81,51,55,7,194,0,3,35,0,38,81,54,90,7,232,0,0,0,232
11/30/2022,BHM,AL,ASO,ES,Combined TRACON& Tower with Radar,80,53,95,10,238,0,3,30,4,37,80,56,125,14,275,0,0,0,275
12/01/2022,BHM,AL,ASO,ES,Combined TRACON& Tower with Radar,82,53,100,34,269,0,5,56,14,75,82,58,156,48,344,14,10,24,368
12/02/2022,BHM,AL,ASO,ES,Combined TRACON& Tower with Radar,80,56,108,24,268,0,1,50,8,59,80,57,158,32,327,0,0,0,327
12/03/2022,BHM,AL,ASO,ES,Combined TRACON& Tower with Radar,64,33,65,8,170,0,0,1,1,2,64,33,66,9,172,0,0,0,172
12/04/2022,BHM,AL,ASO,ES,Combined TRACON& Tower with Radar,73,36,77,9,195,0,0,15,2,17,73,36,92,11,212,6,0,6,218
12/05/2022,BHM,AL,ASO,ES,Combined TRACON& Tower with Radar,77,52,73,17,219,0,1,1,2,4,77,53,74,19,223,0,0,0,223
12/06/2022,BHM,AL,ASO,ES,Combined TRACON& Tower with Radar,81,56,74,18,229,0,2,14,0,16,81,58,88,18,245,0,0,0,245
12/07/2022,BHM,AL,ASO,ES,Combined TRACON& Tower with Radar,89,60,125,33,307,0,0,11,0,11,89,60,136,33,318,0,0,0,318
12/08/2022,BHM,AL,ASO,ES,Combined TRACON& Tower with Radar,83,60,97,64,304,0,2,31,7,40,83,62,128,71,344,0,0,0,344
12/09/2022,BHM,AL,ASO,ES,Combined TRACON& Tower with Radar,85,44,98,17,244,0,0,13,0,13,85,44,111,17,257,12,0,12,269
12/10/2022,BHM,AL,ASO,ES,Combined TRACON& Tower with Radar,65,32,53,4,154,0,0,21,4,25,65,32,74,8,179,12,0,12,191
12/11/2022,BHM,AL,ASO,ES,Combined TRACON& Tower with Radar,77,37,48,1,163,0,0,0,0,0,77,37,48,1,163,0,0,0,163
12/12/2022,BHM,AL,ASO,ES,Combined TRACON& Tower with Radar,81,42,101,31,255,0,0,1,0,1,81,42,102,31,256,0,0,0,256
12/13/2022,BHM,AL,ASO,ES,Combined TRACON& Tower with Radar,78,48,101,42,269,0,0,1,0,1,78,48,102,42,270,0,0,0,270
12/14/2022,BHM,AL,ASO,ES,Combined TRACON& Tower with Radar,76,34,60,0,170,0,0,0,0,0,76,34,60,0,170,0,0,0,170
12/15/2022,BHM,AL,ASO,ES,Combined TRACON& Tower with Radar,77,48,122,58,305,0,2,50,15,67,77,50,172,73,372,0,0,0,372
12/16/2022,BHM,AL,ASO,ES,Combined TRACON& Tower with Radar,78,60,78,12,228,0,6,47,10,63,78,66,125,22,291,0,0,0,291
12/17/2022,BHM,AL,ASO,ES,Combined TRACON& Tower with Radar,65,43,40,9,157,0,2,35,1,38,65,45,75,10,195,0,0,0,195
12/18/2022,BHM,AL,ASO,ES,Combined TRACON& Tower with Radar,68,34,42,10,154,0,1,36,4,41,68,35,78,14,195,0,0,0,195
12/19/2022,BHM,AL,ASO,ES,Combined TRACON& Tower with Radar,68,41,58,12,179,0,2,42,4,48,68,43,100,16,227,8,0,8,235
12/20/2022,BHM,AL,ASO,ES,Combined TRACON& Tower with Radar,74,51,79,2,206,0,1,4,0,5,74,52,83,2,211,0,0,0,211
12/21/2022,BHM,AL,ASO,ES,Combined TRACON& Tower with Radar,81,49,82,54,266,0,0,5,3,8,81,49,87,57,274,0,0,0,274
12/22/2022,BHM,AL,ASO,ES,Combined TRACON& Tower with Radar,79,42,66,8,195,0,0,0,0,0,79,42,66,8,195,0,0,0,195
12/23/2022,BHM,AL,ASO,ES,Combined TRACON& Tower with Radar,67,43,33,0,143,0,5,7,1,13,67,48,40,1,156,0,0,0,156
12/24/2022,BHM,AL,ASO,ES,Combined TRACON& Tower with Radar,42,20,16,0,78,0,6,5,0,11,42,26,21,0,89,0,0,0,89
12/25/2022,BHM,AL,ASO,ES,Combined TRACON& Tower with Radar,39,25,13,0,77,0,5,20,1,26,39,30,33,1,103,0,0,0,103
12/26/2022,BHM,AL,ASO,ES,Combined TRACON& Tower with Radar,50,40,83,0,173,0,1,30,3,34,50,41,113,3,207,0,0,0,207
12/27/2022,BHM,AL,ASO,ES,Combined TRACON& Tower with Radar,29,37,27,4,97,0,0,22,0,22,29,37,49,4,119,0,0,0,119
12/28/2022,BHM,AL,ASO,ES,Combined TRACON& Tower with Radar,56,57,70,5,188,0,4,45,5,54,56,61,115,10,242,0,0,0,242
12/29/2022,BHM,AL,ASO,ES,Combined TRACON& Tower with Radar,59,44,58,40,201,0,0,43,2,45,59,44,101,42,246,0,0,0,246
12/30/2022,BHM,AL,ASO,ES,Combined TRACON& Tower with Radar,79,39,58,0,176,0,0,14,2,16,79,39,72,2,192,0,0,0,192
12/31/2022,BHM,AL,ASO,ES,Combined TRACON& Tower with Radar,49,22,42,1,114,0,1,9,1,11,49,23,51,2,125,0,0,0,125
01/01/2023,BHM,AL,ASO,ES,Combined TRACON& Tower with Radar,52,24,37,0,113,0,1,13,4,18,52,25,50,4,131,0,0,0,131
01/02/2023,BHM,AL,ASO,ES,Combined TRACON& Tower with Radar,70,59,75,0,204,0,1,7,0,8,70,60,82,0,212,16,0,16,228
01/03/2023,BHM,AL,ASO,ES,Combined TRACON& Tower with Radar,65,37,53,0,155,0,0,0,0,0,65,37,53,0,155,0,0,0,155
01/04/2023,BHM,AL,ASO,ES,Combined TRACON& Tower with Radar,71,45,66,20,202,0,3,39,4,46,71,48,105,24,248,0,0,0,248
01/05/2023,BHM,AL,ASO,ES,Combined TRACON& Tower with Radar,61,44,80,27,212,0,6,48,14,68,61,50,128,41,280,0,0,0,280
01/06/2023,BHM,AL,ASO,ES,Combined TRACON& Tower with Radar,64,51,86,10,211,0,5,39,13,57,64,56,125,23,268,20,0,20,288
01/07/2023,BHM,AL,ASO,ES,Combined TRACON& Tower with Radar,58,53,49,4,164,0,0,56,3,59,58,53,105,7,223,5,0,5,228
01/08/2023,BHM,AL,ASO,ES,Combined TRACON& Tower with Radar,62,41,82,0,185,0,0,0,0,0,62,41,82,0,185,0,0,0,185
01/09/2023,BHM,AL,ASO,ES,Combined TRACON& Tower with Radar,70,36,65,24,195,0,2,31,1,34,70,38,96,25,229,0,0,0,229
01/10/2023,BHM,AL,ASO,ES,Combined TRACON& Tower with Radar,69,52,95,32,248,0,3,53,6,62,69,55,148,38,310,0,0,0,310
01/11/2023,BHM,AL,ASO,ES,Combined TRACON& Tower with Radar,68,57,89,25,239,0,0,5,4,9,68,57,94,29,248,0,0,0,248
01/12/2023,BHM,AL,ASO,ES,Combined TRACON& Tower with Radar,79,59,67,6,211,0,1,2,0,3,79,60,69,6,214,8,0,8,222
01/13/2023,BHM,AL,ASO,ES,Combined TRACON& Tower with Radar,79,48,91,4,222,0,0,3,2,5,79,48,94,6,227,0,0,0,227
01/14/2023,BHM,AL,ASO,ES,Combined TRACON& Tower with Radar,58,35,47,2,142,0,2,43,0,45,58,37,90,2,187,0,0,0,187
01/15/2023,BHM,AL,ASO,ES,Combined TRACON& Tower with Radar,64,35,41,6,146,0,1,56,0,57,64,36,97,6,203,0,0,0,203
01/16/2023,BHM,AL,ASO,ES,Combined TRACON& Tower with Radar,70,59,56,2,187,0,0,44,0,44,70,59,100,2,231,0,0,0,231
01/17/2023,BHM,AL,ASO,ES,Combined TRACON& Tower with Radar,74,60,84,7,225,0,0,3,0,3,74,60,87,7,228,0,0,0,228
01/18/2023,BHM,AL,ASO,ES,Combined TRACON& Tower with Radar,70,49,83,4,206,0,0,3,0,3,70,49,86,4,209,0,0,0,209
01/19/2023,BHM,AL,ASO,ES,Combined TRACON& Tower with Radar,75,56,92,22,245,0,1,40,13,54,75,57,132,35,299,6,2,8,307
01/20/2023,BHM,AL,ASO,ES,Combined TRACON& Tower with Radar,79,54,107,40,280,0,5,42,14,61,79,59,149,54,341,0,0,0,341
01/21/2023,BHM,AL,ASO,ES,Combined TRACON& Tower with Radar,58,35,51,2,146,0,2,41,6,49,58,37,92,8,195,0,0,0,195
01/22/2023,BHM,AL,ASO,ES,Combined TRACON& Tower with Radar,73,31,54,36,194,0,0,0,0,0,73,31,54,36,194,0,0,0,194
01/23/2023,BHM,AL,ASO,ES,Combined TRACON& Tower with Radar,71,56,80,6,213,0,3,42,2,47,71,59,122,8,260,16,0,16,276
01/24/2023,BHM,AL,ASO,ES,Combined TRACON& Tower with Radar,73,42,92,41,248,0,4,47,7,58,73,46,139,48,306,4,0,4,310
01/25/2023,BHM,AL,ASO,ES,Combined TRACON& Tower with Radar,72,42,103,22,239,0,1,4,1,6,72,43,107,23,245,0,0,0,245
01/26/2023,BHM,AL,ASO,ES,Combined TRACON& Tower with Radar,77,57,104,15,253,0,4,30,4,38,77,61,134,19,291,0,0,0,291
01/27/2023,BHM,AL,ASO,ES,Combined TRACON& Tower with Radar,81,52,106,31,270,0,2,53,6,61,81,54,159,37,331,0,0,0,331
01/28/2023,BHM,AL,ASO,ES,Combined TRACON& Tower with Radar,59,39,56,18,172,0,4,55,4,63,59,43,111,22,235,14,0,14,249
01/29/2023,BHM,AL,ASO,ES,Combined TRACON& Tower with Radar,74,49,43,15,181,0,0,3,2,5,74,49,46,17,186,10,0,10,196
01/30/2023,BHM,AL,ASO,ES,Combined TRACON& Tower with Radar,71,59,79,9,218,0,0,0,0,0,71,59,79,9,218,0,0,0,218
01/31/2023,BHM,AL,ASO,ES,Combined TRACON& Tower with Radar,64,51,37,8,160,0,0,0,0,0,64,51,37,8,160,0,0,0,160
02/01/2023,BHM,AL,ASO,ES,Combined TRACON& Tower with Radar,62,57,83,0,202,0,0,3,0,3,62,57,86,0,205,0,0,0,205
02/02/2023,BHM,AL,ASO,ES,Combined TRACON& Tower with Radar,73,51,70,0,194,0,0,0,0,0,73,51,70,0,194,0,0,0,194
02/03/2023,BHM,AL,ASO,ES,Combined TRACON& Tower with Radar,80,62,80,45,267,0,3,35,15,53,80,65,115,60,320,16,0,16,336
02/04/2023,BHM,AL,ASO,ES,Combined TRACON& Tower with Radar,67,34,53,11,165,0,3,47,8,58,67,37,100,19,223,12,0,12,235
02/05/2023,BHM,AL,ASO,ES,Combined TRACON& Tower with Radar,70,40,48,3,161,0,2,59,2,63,70,42,107,5,224,4,0,4,228
02/06/2023,BHM,AL,ASO,ES,Combined TRACON& Tower with Radar,79,46,75,55,255,0,4,47,6,57,79,50,122,61,312,12,0,12,324
02/07/2023,BHM,AL,ASO,ES,Combined TRACON& Tower with Radar,74,45,84,36,239,0,1,59,2,62,74,46,143,38,301,0,0,0,301
02/08/2023,BHM,AL,ASO,ES,Combined TRACON& Tower with Radar,77,40,84,70,271,0,4,22,4,30,77,44,106,74,301,0,0,0,301
02/09/2023,BHM,AL,ASO,ES,Combined TRACON& Tower with Radar,85,63,113,32,293,0,0,14,7,21,85,63,127,39,314,0,0,0,314
02/10/2023,BHM,AL,ASO,ES,Combined TRACON& Tower with Radar,88,40,117,31,276,0,4,44,17,65,88,44,161,48,341,0,0,0,341
02/11/2023,BHM,AL,ASO,ES,Combined TRACON& Tower with Radar,72,31,40,4,147,0,0,0,1,1,72,31,40,5,148,0,0,0,148
02/12/2023,BHM,AL,ASO,ES,Combined TRACON& Tower with Radar,72,41,42,0,155,0,0,17,3,20,72,41,59,3,175,6,0,6,181
02/13/2023,BHM,AL,ASO,ES,Combined TRACON& Tower with Radar,74,56,70,8,208,0,2,50,0,52,74,58,120,8,260,0,0,0,260
02/14/2023,BHM,AL,ASO,ES,Combined TRACON& Tower with Radar,73,57,54,13,197,0,1,15,3,19,73,58,69,16,216,6,0,6,222
02/15/2023,BHM,AL,ASO,ES,Combined TRACON& Tower with Radar,76,80,83,4,243,0,2,3,0,5,76,82,86,4,248,0,0,0,248
02/16/2023,BHM,AL,ASO,ES,Combined TRACON& Tower with Radar,79,58,60,0,197,0,0,1,0,1,79,58,61,0,198,0,0,0,198
02/17/2023,BHM,AL,ASO,ES,Combined TRACON& Tower with Radar,81,64,87,2,234,0,1,9,4,14,81,65,96,6,248,2,0,2,250
02/18/2023,BHM,AL,ASO,ES,Combined TRACON& Tower with Radar,62,42,59,6,169,0,0,67,1,68,62,42,126,7,237,14,0,14,251
02/19/2023,BHM,AL,ASO,ES,Combined TRACON& Tower with Radar,70,37,58,1,166,0,5,53,2,60,70,42,111,3,226,24,0,24,250
02/20/2023,BHM,AL,ASO,ES,Combined TRACON& Tower with Radar,80,52,108,1,241,0,0,26,0,26,80,52,134,1,267,0,0,0,267
02/21/2023,BHM,AL,ASO,ES,Combined TRACON& Tower with Radar,80,54,83,12,229,0,3,13,0,16,80,57,96,12,245,0,0,0,245
02/22/2023,BHM,AL,ASO,ES,Combined TRACON& Tower with Radar,75,49,100,13,237,0,1,15,0,16,75,50,115,13,253,0,0,0,253
02/23/2023,BHM,AL,ASO,ES,Combined TRACON& Tower with Radar,82,61,139,24,306,0,2,17,2,21,82,63,156,26,327,0,0,0,327
02/24/2023,BHM,AL,ASO,ES,Combined TRACON& Tower with Radar,82,59,111,13,265,0,2,11,1,14,82,61,122,14,279,25,0,25,304
02/25/2023,BHM,AL,ASO,ES,Combined TRACON& Tower with Radar,67,39,46,0,152,0,0,0,0,0,67,39,46,0,152,0,0,0,152
02/26/2023,BHM,AL,ASO,ES,Combined TRACON& Tower with Radar,79,51,81,0,211,0,0,13,0,13,79,51,94,0,224,6,0,6,230
02/27/2023,BHM,AL,ASO,ES,Combined TRACON& Tower with Radar,78,41,74,2,195,0,2,4,2,8,78,43,78,4,203,0,0,0,203
02/28/2023,BHM,AL,ASO,ES,Combined TRACON& Tower with Radar,78,60,100,11,249,0,3,82,4,89,78,63,182,15,338,0,0,0,338
03/01/2023,BHM,AL,ASO,ES,Combined TRACON& Tower with Radar,82,51,91,72,296,0,1,18,0,19,82,52,109,72,315,0,0,0,315
03/02/2023,BHM,AL,ASO,ES,Combined TRACON& Tower with Radar,80,57,88,6,231,0,0,3,0,3,80,57,91,6,234,0,0,0,234
03/03/2023,BHM,AL,ASO,ES,Combined TRACON& Tower with Radar,114,52,61,2,229,0,0,10,4,14,114,52,71,6,243,0,0,0,243
03/04/2023,BHM,AL,ASO,ES,Combined TRACON& Tower with Radar,80,43,47,11,181,0,7,70,13,90,80,50,117,24,271,2,0,2,273
03/05/2023,BHM,AL,ASO,ES,Combined TRACON& Tower with Radar,85,29,60,2,176,0,3,68,5,76,85,32,128,7,252,12,0,12,264
03/06/2023,BHM,AL,ASO,ES,Combined TRACON& Tower with Radar,91,35,72,20,218,0,5,56,5,66,91,40,128,25,284,0,0,0,284
03/07/2023,BHM,AL,ASO,ES,Combined TRACON& Tower with Radar,88,51,86,36,261,0,3,46,3,52,88,54,132,39,313,0,0,0,313
03/08/2023,BHM,AL,ASO,ES,Combined TRACON& Tower with Radar,90,49,102,29,270,0,2,37,5,44,90,51,139,34,314,0,0,0,314
03/09/2023,BHM,AL,ASO,ES,Combined TRACON& Tower with Radar,90,39,96,16,241,0,2,5,1,8,90,41,101,17,249,0,0,0,249
03/10/2023,BHM,AL,ASO,ES,Combined TRACON& Tower with Radar,95,41,80,18,234,0,0,7,3,10,95,41,87,21,244,20,12,32,276
03/11/2023,BHM,AL,ASO,ES,Combined TRACON& Tower with Radar,85,23,53,0,161,0,0,53,0,53,85,23,106,0,214,16,0,16,230
03/12/2023,BHM,AL,ASO,ES,Combined TRACON& Tower with Radar,88,30,61,0,179,0,0,0,0,0,88,30,61,0,179,0,0,0,179
03/13/2023,BHM,AL,ASO,ES,Combined TRACON& Tower with Radar,96,46,65,32,239,0,7,34,3,44,96,53,99,35,283,0,0,0,283
03/14/2023,BHM,AL,ASO,ES,Combined TRACON& Tower with Radar,102,36,85,41,264,0,4,58,7,69,102,40,143,48,333,0,0,0,333
03/15/2023,BHM,AL,ASO,ES,Combined TRACON& Tower with Radar,98,53,91,58,300,0,4,52,3,59,98,57,143,61,359,0,0,0,359
03/16/2023,BHM,AL,ASO,ES,Combined TRACON& Tower with Radar,95,51,111,41,298,0,3,56,6,65,95,54,167,47,363,0,0,0,363
03/17/2023,BHM,AL,ASO,ES,Combined TRACON& Tower with Radar,98,51,58,3,210,0,1,2,0,3,98,52,60,3,213,0,0,0,213
03/18/2023,BHM,AL,ASO,ES,Combined TRACON& Tower with Radar,83,36,57,22,198,0,0,45,9,54,83,36,102,31,252,0,0,0,252
03/19/2023,BHM,AL,ASO,ES,Combined TRACON& Tower with Radar,91,35,62,11,199,0,2,29,7,38,91,37,91,18,237,0,0,0,237
03/20/2023,BHM,AL,ASO,ES,Combined TRACON& Tower with Radar,90,38,78,10,216,0,3,52,2,57,90,41,130,12,273,0,8,8,281
03/21/2023,BHM,AL,ASO,ES,Combined TRACON& Tower with Radar,94,50,101,15,260,0,5,64,4,73,94,55,165,19,333,0,0,0,333
03/22/2023,BHM,AL,ASO,ES,Combined TRACON& Tower with Radar,92,39,87,32,250,0,5,42,7,54,92,44,129,39,304,8,0,8,312
03/23/2023,BHM,AL,ASO,ES,Combined TRACON& Tower with Radar,93,45,118,30,286,0,5,63,13,81,93,50,181,43,367,0,0,0,367
03/24/2023,BHM,AL,ASO,ES,Combined TRACON& Tower with Radar,105,57,86,22,270,0,3,14,2,19,105,60,100,24,289,0,0,0,289
03/25/2023,BHM,AL,ASO,ES,Combined TRACON& Tower with Radar,85,32,80,2,199,0,1,31,5,37,85,33,111,7,236,0,0,0,236
03/26/2023,BHM,AL,ASO,ES,Combined TRACON& Tower with Radar,88,24,59,0,171,0,0,7,7,14,88,24,66,7,185,0,0,0,185
03/27/2023,BHM,AL,ASO,ES,Combined TRACON& Tower with Radar,93,37,76,16,222,0,6,27,3,36,93,43,103,19,258,0,0,0,258
03/28/2023,BHM,AL,ASO,ES,Combined TRACON& Tower with Radar,98,40,59,36,233,0,5,38,2,45,98,45,97,38,278,0,20,20,298
03/29/2023,BHM,AL,ASO,ES,Combined TRACON& Tower with Radar,93,40,77,58,268,0,4,55,13,72,93,44,132,71,340,0,0,0,340
03/30/2023,BHM,AL,ASO,ES,Combined TRACON& Tower with Radar,94,44,81,21,240,0,4,69,8,81,94,48,150,29,321,24,0,24,345
03/31/2023,BHM,AL,ASO,ES,Combined TRACON& Tower with Radar,90,49,68,17,224,0,2,10,17,29,90,51,78,34,253,0,0,0,253
04/01/2023,BHM,AL,ASO,ES,Combined TRACON& Tower with Radar,82,43,66,0,191,0,3,12,2,17,82,46,78,2,208,6,0,6,214
04/02/2023,BHM,AL,ASO,ES,Combined TRACON& Tower with Radar,92,53,82,2,229,0,4,66,11,81,92,57,148,13,310,0,0,0,310
04/03/2023,BHM,AL,ASO,ES,Combined TRACON& Tower with Radar,86,39,84,1,210,0,0,2,0,2,86,39,86,1,212,0,0,0,212
04/04/2023,BHM,AL,ASO,ES,Combined TRACON& Tower with Radar,80,58,96,12,246,0,2,28,3,33,80,60,124,15,279,0,0,0,279
04/05/2023,BHM,AL,ASO,ES,Combined TRACON& Tower with Radar,84,69,100,18,271,0,2,46,0,48,84,71,146,18,319,0,0,0,319
04/06/2023,BHM,AL,ASO,ES,Combined TRACON& Tower with Radar,82,55,92,21,250,0,1,10,0,11,82,56,102,21,261,20,0,20,281
04/07/2023,BHM,AL,ASO,ES,Combined TRACON& Tower with Radar,93,56,96,33,278,0,0,3,0,3,93,56,99,33,281,0,0,0,281
04/08/2023,BHM,AL,ASO,ES,Combined TRACON& Tower with Radar,72,38,43,0,153,0,0,0,0,0,72,38,43,0,153,0,0,0,153
04/09/2023,BHM,AL,ASO,ES,Combined TRACON& Tower with Radar,91,40,35,0,166,0,3,23,1,27,91,43,58,1,193,0,0,0,193
04/10/2023,BHM,AL,ASO,ES,Combined TRACON& Tower with Radar,90,35,98,28,251,0,3,56,3,62,90,38,154,31,313,20,0,20,333
04/11/2023,BHM,AL,ASO,ES,Combined TRACON& Tower with Radar,82,49,75,36,242,0,2,58,1,61,82,51,133,37,303,36,0,36,339
04/12/2023,BHM,AL,ASO,ES,Combined TRACON& Tower with Radar,94,51,115,21,281,0,4,61,4,69,94,55,176,25,350,0,0,0,350
04/13/2023,BHM,AL,ASO,ES,Combined TRACON& Tower with Radar,98,52,112,14,276,0,2,1,0,3,98,54,113,14,279,0,0,0,279
04/14/2023,BHM,AL,ASO,ES,Combined TRACON& Tower with Radar,100,52,91,23,266,0,0,7,5,12,100,52,98,28,278,0,0,0,278
04/15/2023,BHM,AL,ASO,ES,Combined TRACON& Tower with Radar,71,30,41,2,144,0,0,50,0,50,71,30,91,2,194,0,0,0,194
04/16/2023,BHM,AL,ASO,ES,Combined TRACON& Tower with Radar,96,44,74,20,234,0,3,25,9,37,96,47,99,29,271,0,0,0,271
04/17/2023,BHM,AL,ASO,ES,Combined TRACON& Tower with Radar,96,60,93,27,276,0,1,64,0,65,96,61,157,27,341,0,0,0,341
04/18/2023,BHM,AL,ASO,ES,Combined TRACON& Tower with Radar,90,54,77,44,265,0,7,81,21,109,90,61,158,65,374,0,10,10,384
04/19/2023,BHM,AL,ASO,ES,Combined TRACON& Tower with Radar,94,60,122,33,309,0,2,69,8,79,94,62,191,41,388,0,0,0,388
04/20/2023,BHM,AL,ASO,ES,Combined TRACON& Tower with Radar,89,52,98,35,274,0,3,55,10,68,89,55,153,45,342,34,0,34,376
04/21/2023,BHM,AL,ASO,ES,Combined TRACON& Tower with Radar,98,46,75,26,245,0,1,44,10,55,98,47,119,36,300,0,0,0,300
04/22/2023,BHM,AL,ASO,ES,Combined TRACON& Tower with Radar,81,32,36,2,151,0,0,43,1,44,81,32,79,3,195,0,0,0,195
04/23/2023,BHM,AL,ASO,ES,Combined TRACON& Tower with Radar,96,44,71,8,219,0,2,39,10,51,96,46,110,18,270,0,0,0,270
04/24/2023,BHM,AL,ASO,ES,Combined TRACON& Tower with Radar,92,32,83,14,221,0,1,57,3,61,92,33,140,17,282,0,0,0,282
04/25/2023,BHM,AL,ASO,ES,Combined TRACON& Tower with Radar,84,51,101,22,258,0,2,56,3,61,84,53,157,25,319,0,0,0,319
04/26/2023,BHM,AL,ASO,ES,Combined TRACON& Tower with Radar,90,58,93,29,270,0,0,5,9,14,90,58,98,38,284,0,0,0,284
04/27/2023,BHM,AL,ASO,ES,Combined TRACON& Tower with Radar,98,73,99,4,274,0,0,1,1,2,98,73,100,5,276,0,0,0,276
04/28/2023,BHM,AL,ASO,ES,Combined TRACON& Tower with Radar,96,50,97,11,254,0,3,52,16,71,96,53,149,27,325,0,0,0,325
04/29/2023,BHM,AL,ASO,ES,Combined TRACON& Tower with Radar,76,46,51,1,174,0,2,32,3,37,76,48,83,4,211,0,8,8,219
04/30/2023,BHM,AL,ASO,ES,Combined TRACON& Tower with Radar,94,58,98,14,264,0,3,15,7,25,94,61,113,21,289,0,0,0,289
05/01/2023,BHM,AL,ASO,ES,Combined TRACON& Tower with Radar,96,38,61,20,215,0,4,25,1,30,96,42,86,21,245,14,0,14,259
05/02/2023,BHM,AL,ASO,ES,Combined TRACON& Tower with Radar,87,56,69,14,226,0,2,36,1,39,87,58,105,15,265,0,0,0,265
05/03/2023,BHM,AL,ASO,ES,Combined TRACON& Tower with Radar,95,51,113,18,277,0,4,59,6,69,95,55,172,24,346,8,0,8,354
05/04/2023,BHM,AL,ASO,ES,Combined TRACON& Tower with Radar,93,49,124,17,283,0,2,57,5,64,93,51,181,22,347,0,0,0,347
05/05/2023,BHM,AL,ASO,ES,Combined TRACON& Tower with Radar,100,39,101,30,270,0,3,16,2,21,100,42,117,32,291,4,0,4,295
05/06/2023,BHM,AL,ASO,ES,Combined TRACON& Tower with Radar,83,30,57,0,170,0,3,30,0,33,83,33,87,0,203,0,0,0,203
05/07/2023,BHM,AL,ASO,ES,Combined TRACON& Tower with Radar,98,36,63,11,208,0,6,34,5,45,98,42,97,16,253,0,0,0,253
05/08/2023,BHM,AL,ASO,ES,Combined TRACON& Tower with Radar,99,61,73,21,254,0,4,23,2,29,99,65,96,23,283,10,40,50,333
05/09/2023,BHM,AL,ASO,ES,Combined TRACON& Tower with Radar,97,51,77,10,235,0,1,26,6,33,97,52,103,16,268,22,0,22,290
05/10/2023,BHM,AL,ASO,ES,Combined TRACON& Tower with Radar,99,65,92,27,283,0,2,46,8,56,99,67,138,35,339,0,0,0,339
05/11/2023,BHM,AL,ASO,ES,Combined TRACON& Tower with Radar,104,49,90,21,264,0,1,22,2,25,104,50,112,23,289,12,0,12,301
05/12/2023,BHM,AL,ASO,ES,Combined TRACON& Tower with Radar,101,53,108,20,282,0,1,27,2,30,101,54,135,22,312,0,0,0,312
05/13/2023,BHM,AL,ASO,ES,Combined TRACON& Tower with Radar,78,38,59,0,175,0,1,52,0,53,78,39,111,0,228,26,0,26,254
05/14/2023,BHM,AL,ASO,ES,Combined TRACON& Tower with Radar,95,32,49,0,176,0,5,32,3,40,95,37,81,3,216,0,0,0,216
05/15/2023,BHM,AL,ASO,ES,Combined TRACON& Tower with Radar,101,41,80,4,226,0,2,37,0,39,101,43,117,4,265,16,0,16,281
05/16/2023,BHM,AL,ASO,ES,Combined TRACON& Tower with Radar,98,40,94,16,248,0,1,19,4,24,98,41,113,20,272,20,20,40,312
05/17/2023,BHM,AL,ASO,ES,Combined TRACON& Tower with Radar,101,41,86,16,244,0,0,0,2,2,101,41,86,18,246,0,0,0,246
05/18/2023,BHM,AL,ASO,ES,Combined TRACON& Tower with Radar,101,43,100,6,250,0,0,6,4,10,101,43,106,10,260,0,0,0,260
05/19/2023,BHM,AL,ASO,ES,Combined TRACON& Tower with Radar,102,57,117,21,297,0,8,13,11,32,102,65,130,32,329,0,0,0,329
05/20/2023,BHM,AL,ASO,ES,Combined TRACON& Tower with Radar,81,33,66,0,180,0,2,6,0,8,81,35,72,0,188,0,0,0,188
05/21/2023,BHM,AL,ASO,ES,Combined TRACON& Tower with Radar,99,42,85,9,235,0,8,36,2,46,99,50,121,11,281,0,0,0,281
05/22/2023,BHM,AL,ASO,ES,Combined TRACON& Tower with Radar,101,45,68,0,214,0,1,6,0,7,101,46,74,0,221,16,0,16,237
05/23/2023,BHM,AL,ASO,ES,Combined TRACON& Tower with Radar,100,48,89,10,247,0,0,6,0,6,100,48,95,10,253,0,0,0,253
05/24/2023,BHM,AL,ASO,ES,Combined TRACON& Tower with Radar,101,54,95,21,271,0,5,40,15,60,101,59,135,36,331,8,5,13,344
05/25/2023,BHM,AL,ASO,ES,Combined TRACON& Tower with Radar,103,47,121,23,294,0,9,69,9,87,103,56,190,32,381,0,0,0,381
05/26/2023,BHM,AL,ASO,ES,Combined TRACON& Tower with Radar,101,42,93,4,240,0,16,69,1,86,101,58,162,5,326,0,0,0,326
05/27/2023,BHM,AL,ASO,ES,Combined TRACON& Tower with Radar,76,16,34,0,126,0,9,38,3,50,76,25,72,3,176,0,0,0,176
05/28/2023,BHM,AL,ASO,ES,Combined TRACON& Tower with Radar,94,16,24,1,135,0,6,36,2,44,94,22,60,3,179,16,0,16,195
05/29/2023,BHM,AL,ASO,ES,Combined TRACON& Tower with Radar,95,29,50,0,174,0,8,26,1,35,95,37,76,1,209,0,0,0,209
05/30/2023,BHM,AL,ASO,ES,Combined TRACON& Tower with Radar,99,34,92,28,253,0,6,41,2,49,99,40,133,30,302,10,0,10,312
05/31/2023,BHM,AL,ASO,ES,Combined TRACON& Tower with Radar,100,43,75,12,230,0,3,25,2,30,100,46,100,14,260,12,0,12,272
06/01/2023,BHM,AL,ASO,ES,Combined TRACON& Tower with Radar,100,36,99,6,241,0,7,29,4,40,100,43,128,10,281,39,0,39,320
06/02/2023,BHM,AL,ASO,ES,Combined TRACON& Tower with Radar,106,41,74,15,236,0,2,40,5,47,106,43,114,20,283,0,0,0,283
06/03/2023,BHM,AL,ASO,ES,Combined TRACON& Tower with Radar,75,31,58,20,184,0,8,39,7,54,75,39,97,27,238,0,0,0,238
06/04/2023,BHM,AL,ASO,ES,Combined TRACON& Tower with Radar,98,29,67,12,206,0,4,35,0,39,98,33,102,12,245,12,0,12,257
06/05/2023,BHM,AL,ASO,ES,Combined TRACON& Tower with Radar,104,47,77,25,253,0,7,44,2,53,104,54,121,27,306,4,0,4,310
06/06/2023,BHM,AL,ASO,ES,Combined TRACON& Tower with Radar,105,45,71,39,260,0,2,41,2,45,105,47,112,41,305,0,0,0,305
06/07/2023,BHM,AL,ASO,ES,Combined TRACON& Tower with Radar,105,44,87,54,290,0,11,35,0,46,105,55,122,54,336,0,0,0,336
06/08/2023,BHM,AL,ASO,ES,Combined TRACON& Tower with Radar,106,43,88,27,264,0,9,36,5,50,106,52,124,32,314,0,0,0,314
06/09/2023,BHM,AL,ASO,ES,Combined TRACON& Tower with Radar,106,40,104,42,292,0,5,38,11,54,106,45,142,53,346,0,0,0,346
06/10/2023,BHM,AL,ASO,ES,Combined TRACON& Tower with Radar,82,20,47,6,155,0,6,19,1,26,82,26,66,7,181,0,0,0,181
06/11/2023,BHM,AL,ASO,ES,Combined TRACON& Tower with Radar,119,31,55,12,217,0,8,12,6,26,119,39,67,18,243,0,0,0,243
06/12/2023,BHM,AL,ASO,ES,Combined TRACON& Tower with Radar,113,31,80,47,271,0,5,16,2,23,113,36,96,49,294,10,22,32,326
06/13/2023,BHM,AL,ASO,ES,Combined TRACON& Tower with Radar,107,39,74,32,252,0,13,29,7,49,107,52,103,39,301,0,0,0,301
06/14/2023,BHM,AL,ASO,ES,Combined TRACON& Tower with Radar,104,35,84,3,226,0,0,0,0,0,104,35,84,3,226,0,0,0,226
06/15/2023,BHM,AL,ASO,ES,Combined TRACON& Tower with Radar,106,51,80,20,257,0,5,12,1,18,106,56,92,21,275,14,0,14,289
06/16/2023,BHM,AL,ASO,ES,Combined TRACON& Tower with Radar,107,43,85,16,251,0,1,22,7,30,107,44,107,23,281,0,0,0,281
06/17/2023,BHM,AL,ASO,ES,Combined TRACON& Tower with Radar,89,27,45,4,165,0,6,31,0,37,89,33,76,4,202,0,0,0,202
06/18/2023,BHM,AL,ASO,ES,Combined TRACON& Tower with Radar,97,30,49,1,177,0,3,15,7,25,97,33,64,8,202,0,0,0,202
06/19/2023,BHM,AL,ASO,ES,Combined TRACON& Tower with Radar,107,54,72,4,237,0,4,20,0,24,107,58,92,4,261,0,0,0,261
06/20/2023,BHM,AL,ASO,ES,Combined TRACON& Tower with Radar,100,37,93,46,276,0,4,36,6,46,100,41,129,52,322,20,6,26,348
06/21/2023,BHM,AL,ASO,ES,Combined TRACON& Tower with Radar,102,43,71,16,232,0,0,5,0,5,102,43,76,16,237,0,0,0,237
06/22/2023,BHM,AL,ASO,ES,Combined TRACON& Tower with Radar,111,49,84,17,261,0,2,16,1,19,111,51,100,18,280,0,0,0,280
06/23/2023,BHM,AL,ASO,ES,Combined TRACON& Tower with Radar,105,46,80,12,243,0,5,40,8,53,105,51,120,20,296,0,0,0,296
06/24/2023,BHM,AL,ASO,ES,Combined TRACON& Tower with Radar,82,40,46,10,178,0,8,42,2,52,82,48,88,12,230,0,0,0,230
06/25/2023,BHM,AL,ASO,ES,Combined TRACON& Tower with Radar,112,28,51,12,203,0,4,25,8,37,112,32,76,20,240,0,0,0,240
06/26/2023,BHM,AL,ASO,ES,Combined TRACON& Tower with Radar,99,52,50,27,228,0,9,35,5,49,99,61,85,32,277,0,0,0,277
06/27/2023,BHM,AL,ASO,ES,Combined TRACON& Tower with Radar,101,44,89,74,308,0,3,60,8,71,101,47,149,82,379,10,16,26,405
06/28/2023,BHM,AL,ASO,ES,Combined TRACON& Tower with Radar,99,53,102,35,289,0,5,47,3,55,99,58,149,38,344,0,0,0,344
06/29/2023,BHM,AL,ASO,ES,Combined TRACON& Tower with Radar,108,42,91,26,267,0,4,42,7,53,108,46,133,33,320,8,0,8,328
06/30/2023,BHM,AL,ASO,ES,Combined TRACON& Tower with Radar,117,42,85,10,254,0,8,56,3,67,117,50,141,13,321,0,0,0,321
07/01/2023,BHM,AL,ASO,ES,Combined TRACON& Tower with Radar,89,31,46,3,169,0,3,20,0,23,89,34,66,3,192,0,0,0,192
07/02/2023,BHM,AL,ASO,ES,Combined TRACON& Tower with Radar,92,22,36,1,151,0,3,9,3,15,92,25,45,4,166,14,0,14,180
07/03/2023,BHM,AL,ASO,ES,Combined TRACON& Tower with Radar,97,22,24,2,145,0,3,21,0,24,97,25,45,2,169,0,0,0,169
07/04/2023,BHM,AL,ASO,ES,Combined TRACON& Tower with Radar,81,19,23,0,123,0,2,8,0,10,81,21,31,0,133,0,0,0,133
07/05/2023,BHM,AL,ASO,ES,Combined TRACON& Tower with Radar,104,30,66,22,222,0,0,11,0,11,104,30,77,22,233,6,0,6,239
07/06/2023,BHM,AL,ASO,ES,Combined TRACON& Tower with Radar,99,36,91,26,252,0,0,17,6,23,99,36,108,32,275,0,0,0,275
07/07/2023,BHM,AL,ASO,ES,Combined TRACON& Tower with Radar,109,37,70,16,232,0,4,20,1,25,109,41,90,17,257,0,0,0,257
07/08/2023,BHM,AL,ASO,ES,Combined TRACON& Tower with Radar,86,24,36,0,146,0,4,12,2,18,86,28,48,2,164,0,0,0,164
07/09/2023,BHM,AL,ASO,ES,Combined TRACON& Tower with Radar,97,14,46,0,157,0,0,5,0,5,97,14,51,0,162,0,0,0,162
07/10/2023,BHM,AL,ASO,ES,Combined TRACON& Tower with Radar,108,46,63,23,240,0,9,36,3,48,108,55,99,26,288,0,0,0,288
07/11/2023,BHM,AL,ASO,ES,Combined TRACON& Tower with Radar,105,45,88,35,273,0,11,37,3,51,105,56,125,38,324,0,0,0,324
07/12/2023,BHM,AL,ASO,ES,Combined TRACON& Tower with Radar,101,47,79,36,263,0,3,21,2,26,101,50,100,38,289,0,0,0,289
07/13/2023,BHM,AL,ASO,ES,Combined TRACON& Tower with Radar,110,38,92,11,251,0,2,7,5,14,110,40,99,16,265,0,0,0,265
07/14/2023,BHM,AL,ASO,ES,Combined TRACON& Tower with Radar,100,40,72,21,233,0,0,23,11,34,100,40,95,32,267,0,0,0,267
07/15/2023,BHM,AL,ASO,ES,Combined TRACON& Tower with Radar,93,31,53,14,191,0,4,27,4,35,93,35,80,18,226,0,0,0,226
07/16/2023,BHM,AL,ASO,ES,Combined TRACON& Tower with Radar,101,24,60,18,203,0,0,36,10,46,101,24,96,28,249,0,0,0,249
07/17/2023,BHM,AL,ASO,ES,Combined TRACON& Tower with Radar,106,30,73,51,260,0,3,26,1,30,106,33,99,52,290,0,0,0,290
07/18/2023,BHM,AL,ASO,ES,Combined TRACON& Tower with Radar,107,32,102,21,262,0,5,23,3,31,107,37,125,24,293,0,0,0,293
07/19/2023,BHM,AL,ASO,ES,Combined TRACON& Tower with Radar,103,44,103,49,299,0,1,37,0,38,103,45,140,49,337,0,0,0,337
07/20/2023,BHM,AL,ASO,ES,Combined TRACON& Tower with Radar,126,45,88,34,293,0,3,40,4,47,126,48,128,38,340,0,0,0,340
07/21/2023,BHM,AL,ASO,ES,Combined TRACON& Tower with Radar,109,42,92,16,259,0,1,14,4,19,109,43,106,20,278,0,0,0,278
07/22/2023,BHM,AL,ASO,ES,Combined TRACON& Tower with Radar,88,31,30,1,150,0,3,12,1,16,88,34,42,2,166,0,0,0,166
07/23/2023,BHM,AL,ASO,ES,Combined TRACON& Tower with Radar,102,23,75,9,209,0,7,40,11,58,102,30,115,20,267,20,0,20,287
07/24/2023,BHM,AL,ASO,ES,Combined TRACON& Tower with Radar,110,43,88,6,247,0,5,33,3,41,110,48,121,9,288,0,0,0,288
07/25/2023,BHM,AL,ASO,ES,Combined TRACON& Tower with Radar,106,37,70,37,250,0,10,30,0,40,106,47,100,37,290,0,10,10,300
07/26/2023,BHM,AL,ASO,ES,Combined TRACON& Tower with Radar,104,50,68,40,262,0,3,31,17,51,104,53,99,57,313,0,0,0,313
07/27/2023,BHM,AL,ASO,ES,Combined TRACON& Tower with Radar,107,34,90,33,264,0,4,45,7,56,107,38,135,40,320,0,0,0,320
07/28/2023,BHM,AL,ASO,ES,Combined TRACON& Tower with Radar,114,30,84,23,251,0,5,49,4,58,114,35,133,27,309,0,0,0,309
07/29/2023,BHM,AL,ASO,ES,Combined TRACON& Tower with Radar,100,21,49,15,185,0,3,30,1,34,100,24,79,16,219,8,0,8,227
07/30/2023,BHM,AL,ASO,ES,Combined TRACON& Tower with Radar,100,23,58,4,185,0,3,22,6,31,100,26,80,10,216,8,0,8,224
07/31/2023,BHM,AL,ASO,ES,Combined TRACON& Tower with Radar,109,32,57,10,208,0,4,22,3,29,109,36,79,13,237,6,0,6,243
08/01/2023,BHM,AL,ASO,ES,Combined TRACON& Tower with Radar,105,31,76,24,236,0,10,45,4,59,105,41,121,28,295,0,0,0,295
08/02/2023,BHM,AL,ASO,ES,Combined TRACON& Tower with Radar,104,44,85,10,243,0,7,47,2,56,104,51,132,12,299,0,0,0,299
08/03/2023,BHM,AL,ASO,ES,Combined TRACON& Tower with Radar,105,53,73,10,241,0,2,21,9,32,105,55,94,19,273,8,0,8,281
08/04/2023,BHM,AL,ASO,ES,Combined TRACON& Tower with Radar,112,38,78,4,232,0,4,6,3,13,112,42,84,7,245,0,0,0,245
08/05/2023,BHM,AL,ASO,ES,Combined TRACON& Tower with Radar,86,28,30,2,146,0,2,36,15,53,86,30,66,17,199,0,0,0,199
08/06/2023,BHM,AL,ASO,ES,Combined TRACON& Tower with Radar,96,13,45,7,161,0,1,24,4,29,96,14,69,11,190,0,0,0,190
08/07/2023,BHM,AL,ASO,ES,Combined TRACON& Tower with Radar,101,44,76,5,226,0,13,22,6,41,101,57,98,11,267,8,0,8,275
08/08/2023,BHM,AL,ASO,ES,Combined TRACON& Tower with Radar,105,36,67,12,220,0,2,12,0,14,105,38,79,12,234,0,0,0,234
08/09/2023,BHM,AL,ASO,ES,Combined TRACON& Tower with Radar,104,29,102,10,245,0,0,12,4,16,104,29,114,14,261,0,0,0,261
08/10/2023,BHM,AL,ASO,ES,Combined TRACON& Tower with Radar,115,35,57,15,222,0,1,25,3,29,115,36,82,18,251,0,0,0,251
08/11/2023,BHM,AL,ASO,ES,Combined TRACON& Tower with Radar,110,34,80,9,233,0,2,15,8,25,110,36,95,17,258,0,0,0,258
08/12/2023,BHM,AL,ASO,ES,Combined TRACON& Tower with Radar,88,27,47,6,168,0,5,28,0,33,88,32,75,6,201,0,0,0,201
08/13/2023,BHM,AL,ASO,ES,Combined TRACON& Tower with Radar,99,18,49,5,171,0,4,33,4,41,99,22,82,9,212,0,0,0,212
08/14/2023,BHM,AL,ASO,ES,Combined TRACON& Tower with Radar,110,35,62,17,224,0,8,33,5,46,110,43,95,22,270,14,0,14,284
08/15/2023,BHM,AL,ASO,ES,Combined TRACON& Tower with Radar,117,37,103,34,291,0,3,25,3,31,117,40,128,37,322,0,0,0,322
08/16/2023,BHM,AL,ASO,ES,Combined TRACON& Tower with Radar,107,33,88,42,270,0,4,49,16,69,107,37,137,58,339,0,0,0,339
08/17/2023,BHM,AL,ASO,ES,Combined TRACON& Tower with Radar,104,41,91,31,267,0,1,43,13,57,104,42,134,44,324,12,0,12,336
08/18/2023,BHM,AL,ASO,ES,Combined TRACON& Tower with Radar,114,34,79,21,248,0,0,50,10,60,114,34,129,31,308,29,0,29,337
08/19/2023,BHM,AL,ASO,ES,Combined TRACON& Tower with Radar,87,24,48,4,163,0,4,43,5,52,87,28,91,9,215,0,0,0,215
08/20/2023,BHM,AL,ASO,ES,Combined TRACON& Tower with Radar,99,22,55,13,189,0,6,36,6,48,99,28,91,19,237,0,0,0,237
08/21/2023,BHM,AL,ASO,ES,Combined TRACON& Tower with Radar,106,40,53,13,212,0,12,33,4,49,106,52,86,17,261,10,0,10,271
08/22/2023,BHM,AL,ASO,ES,Combined TRACON& Tower with Radar,105,50,79,25,259,0,8,35,2,45,105,58,114,27,304,0,0,0,304
08/23/2023,BHM,AL,ASO,ES,Combined TRACON& Tower with Radar,107,53,96,12,268,0,9,40,10,59,107,62,136,22,327,0,0,0,327
08/24/2023,BHM,AL,ASO,ES,Combined TRACON& Tower with Radar,103,50,86,15,254,0,9,41,7,57,103,59,127,22,311,28,0,28,339
08/25/2023,BHM,AL,ASO,ES,Combined TRACON& Tower with Radar,110,36,85,30,261,0,6,29,5,40,110,42,114,35,301,0,0,0,301
08/26/2023,BHM,AL,ASO,ES,Combined TRACON& Tower with Radar,85,17,35,8,145,0,3,38,4,45,85,20,73,12,190,6,0,6,196
08/27/2023,BHM,AL,ASO,ES,Combined TRACON& Tower with Radar,100,18,50,5,173,0,4,28,2,34,100,22,78,7,207,0,0,0,207
08/28/2023,BHM,AL,ASO,ES,Combined TRACON& Tower with Radar,108,34,71,10,223,0,3,17,0,20,108,37,88,10,243,6,0,6,249
08/29/2023,BHM,AL,ASO,ES,Combined TRACON& Tower with Radar,102,29,91,40,262,0,5,12,4,21,102,34,103,44,283,6,0,6,289
08/30/2023,BHM,AL,ASO,ES,Combined TRACON& Tower with Radar,107,29,78,24,238,0,7,19,5,31,107,36,97,29,269,4,0,4,273
08/31/2023,BHM,AL,ASO,ES,Combined TRACON& Tower with Radar,110,62,109,17,298,0,10,58,12,80,110,72,167,29,378,0,0,0,378
