01/01/2020,BIL,MT,ANM,WE,Combined TRACON& Tower with Radar,29,57,9,0,95,0,1,9,0,10,29,58,18,0,105,0,0,0,105
01/02/2020,BIL,MT,ANM,WE,Combined TRACON& Tower with Radar,36,86,29,0,151,0,5,18,0,23,36,91,47,0,174,2,0,2,176
01/03/2020,BIL,MT,ANM,WE,Combined TRACON& Tower with Radar,34,70,20,0,124,0,30,26,2,58,34,100,46,2,182,24,0,24,206
01/04/2020,BIL,MT,ANM,WE,Combined TRACON& Tower with Radar,27,42,8,0,77,0,22,7,0,29,27,64,15,0,106,0,0,0,106
01/05/2020,BIL,MT,ANM,WE,Combined TRACON& Tower with Radar,29,40,11,0,80,0,19,56,0,75,29,59,67,0,155,63,0,63,218
01/06/2020,BIL,MT,ANM,WE,Combined TRACON& Tower with Radar,32,57,15,11,115,0,22,13,3,38,32,79,28,14,153,2,14,16,169
01/07/2020,BIL,MT,ANM,WE,Combined TRACON& Tower with Radar,33,99,23,0,155,0,8,31,0,39,33,107,54,0,194,44,0,44,238
01/08/2020,BIL,MT,ANM,WE,Combined TRACON& Tower with Radar,34,77,23,45,179,0,26,31,13,70,34,103,54,58,249,20,74,94,343
01/09/2020,BIL,MT,ANM,WE,Combined TRACON& Tower with Radar,35,119,19,11,184,0,5,2,1,8,35,124,21,12,192,0,22,22,214
01/10/2020,BIL,MT,ANM,WE,Combined TRACON& Tower with Radar,34,75,26,0,135,0,19,44,0,63,34,94,70,0,198,22,0,22,220
01/11/2020,BIL,MT,ANM,WE,Combined TRACON& Tower with Radar,22,53,12,0,87,0,10,17,0,27,22,63,29,0,114,44,0,44,158
01/12/2020,BIL,MT,ANM,WE,Combined TRACON& Tower with Radar,27,37,13,0,77,0,3,35,0,38,27,40,48,0,115,59,0,59,174
01/13/2020,BIL,MT,ANM,WE,Combined TRACON& Tower with Radar,29,79,19,0,127,0,10,1,0,11,29,89,20,0,138,8,0,8,146
01/14/2020,BIL,MT,ANM,WE,Combined TRACON& Tower with Radar,36,75,21,0,132,0,1,2,2,5,36,76,23,2,137,0,0,0,137
01/15/2020,BIL,MT,ANM,WE,Combined TRACON& Tower with Radar,33,63,30,0,126,0,25,48,0,73,33,88,78,0,199,54,0,54,253
01/16/2020,BIL,MT,ANM,WE,Combined TRACON& Tower with Radar,36,72,37,12,157,0,26,65,0,91,36,98,102,12,248,92,0,92,340
01/17/2020,BIL,MT,ANM,WE,Combined TRACON& Tower with Radar,34,77,11,0,122,0,7,14,0,21,34,84,25,0,143,0,0,0,143
01/18/2020,BIL,MT,ANM,WE,Combined TRACON& Tower with Radar,21,41,11,0,73,0,19,43,0,62,21,60,54,0,135,57,0,57,192
01/19/2020,BIL,MT,ANM,WE,Combined TRACON& Tower with Radar,26,17,12,0,55,0,25,28,2,55,26,42,40,2,110,18,0,18,128
01/20/2020,BIL,MT,ANM,WE,Combined TRACON& Tower with Radar,31,40,48,0,119,0,31,60,0,91,31,71,108,0,210,36,0,36,246
01/21/2020,BIL,MT,ANM,WE,Combined TRACON& Tower with Radar,34,71,14,22,141,0,31,64,4,99,34,102,78,26,240,73,22,95,335
01/22/2020,BIL,MT,ANM,WE,Combined TRACON& Tower with Radar,36,83,31,24,174,0,22,38,0,60,36,105,69,24,234,7,10,17,251
01/23/2020,BIL,MT,ANM,WE,Combined TRACON& Tower with Radar,36,71,33,4,144,0,19,56,0,75,36,90,89,4,219,42,6,48,267
01/24/2020,BIL,MT,ANM,WE,Combined TRACON& Tower with Radar,36,65,32,0,133,0,22,77,0,99,36,87,109,0,232,96,0,96,328
01/25/2020,BIL,MT,ANM,WE,Combined TRACON& Tower with Radar,23,41,19,1,84,0,17,40,1,58,23,58,59,2,142,16,0,16,158
01/26/2020,BIL,MT,ANM,WE,Combined TRACON& Tower with Radar,28,32,10,0,70,0,9,50,0,59,28,41,60,0,129,36,0,36,165
01/27/2020,BIL,MT,ANM,WE,Combined TRACON& Tower with Radar,29,71,23,0,123,0,8,26,1,35,29,79,49,1,158,42,0,42,200
01/28/2020,BIL,MT,ANM,WE,Combined TRACON& Tower with Radar,34,65,33,21,153,0,27,58,3,88,34,92,91,24,241,42,38,80,321
01/29/2020,BIL,MT,ANM,WE,Combined TRACON& Tower with Radar,32,72,45,30,179,0,27,76,4,107,32,99,121,34,286,61,40,101,387
01/30/2020,BIL,MT,ANM,WE,Combined TRACON& Tower with Radar,37,76,33,0,146,0,13,25,0,38,37,89,58,0,184,28,0,28,212
01/31/2020,BIL,MT,ANM,WE,Combined TRACON& Tower with Radar,35,72,12,0,119,0,31,12,0,43,35,103,24,0,162,0,0,0,162
02/01/2020,BIL,MT,ANM,WE,Combined TRACON& Tower with Radar,21,52,8,3,84,0,19,9,0,28,21,71,17,3,112,14,0,14,126
02/02/2020,BIL,MT,ANM,WE,Combined TRACON& Tower with Radar,30,39,6,0,75,0,0,2,0,2,30,39,8,0,77,0,0,0,77
02/03/2020,BIL,MT,ANM,WE,Combined TRACON& Tower with Radar,33,88,18,0,139,0,5,8,0,13,33,93,26,0,152,2,0,2,154
02/04/2020,BIL,MT,ANM,WE,Combined TRACON& Tower with Radar,33,65,41,0,139,0,36,72,0,108,33,101,113,0,247,34,0,34,281
02/05/2020,BIL,MT,ANM,WE,Combined TRACON& Tower with Radar,34,70,38,26,168,0,24,30,2,56,34,94,68,28,224,16,32,48,272
02/06/2020,BIL,MT,ANM,WE,Combined TRACON& Tower with Radar,39,89,21,16,165,0,6,3,2,11,39,95,24,18,176,0,18,18,194
02/07/2020,BIL,MT,ANM,WE,Combined TRACON& Tower with Radar,37,88,23,0,148,0,6,2,0,8,37,94,25,0,156,10,0,10,166
02/08/2020,BIL,MT,ANM,WE,Combined TRACON& Tower with Radar,21,54,14,0,89,0,2,14,0,16,21,56,28,0,105,0,0,0,105
02/09/2020,BIL,MT,ANM,WE,Combined TRACON& Tower with Radar,29,32,9,0,70,0,14,33,0,47,29,46,42,0,117,17,0,17,134
02/10/2020,BIL,MT,ANM,WE,Combined TRACON& Tower with Radar,31,80,36,0,147,0,7,54,0,61,31,87,90,0,208,75,0,75,283
02/11/2020,BIL,MT,ANM,WE,Combined TRACON& Tower with Radar,33,80,27,0,140,0,15,26,0,41,33,95,53,0,181,6,0,6,187
02/12/2020,BIL,MT,ANM,WE,Combined TRACON& Tower with Radar,33,79,29,8,149,0,1,1,1,3,33,80,30,9,152,0,0,0,152
02/13/2020,BIL,MT,ANM,WE,Combined TRACON& Tower with Radar,34,62,42,0,138,0,33,53,1,87,34,95,95,1,225,110,0,110,335
02/14/2020,BIL,MT,ANM,WE,Combined TRACON& Tower with Radar,34,74,24,0,132,0,14,25,0,39,34,88,49,0,171,12,0,12,183
02/15/2020,BIL,MT,ANM,WE,Combined TRACON& Tower with Radar,23,59,29,0,111,0,15,58,1,74,23,74,87,1,185,82,0,82,267
02/16/2020,BIL,MT,ANM,WE,Combined TRACON& Tower with Radar,25,32,16,0,73,0,3,49,0,52,25,35,65,0,125,95,0,95,220
02/17/2020,BIL,MT,ANM,WE,Combined TRACON& Tower with Radar,29,63,30,0,122,0,10,29,1,40,29,73,59,1,162,46,0,46,208
02/18/2020,BIL,MT,ANM,WE,Combined TRACON& Tower with Radar,34,88,22,0,144,0,2,11,0,13,34,90,33,0,157,0,0,0,157
02/19/2020,BIL,MT,ANM,WE,Combined TRACON& Tower with Radar,37,72,53,1,163,0,30,80,1,111,37,102,133,2,274,93,0,93,367
02/20/2020,BIL,MT,ANM,WE,Combined TRACON& Tower with Radar,33,57,19,14,123,0,52,48,1,101,33,109,67,15,224,2,32,34,258
02/21/2020,BIL,MT,ANM,WE,Combined TRACON& Tower with Radar,33,60,39,0,132,0,49,78,0,127,33,109,117,0,259,20,0,20,279
02/22/2020,BIL,MT,ANM,WE,Combined TRACON& Tower with Radar,23,41,19,0,83,0,37,53,2,92,23,78,72,2,175,14,0,14,189
02/23/2020,BIL,MT,ANM,WE,Combined TRACON& Tower with Radar,27,23,20,0,70,0,18,66,1,85,27,41,86,1,155,96,0,96,251
02/24/2020,BIL,MT,ANM,WE,Combined TRACON& Tower with Radar,30,78,18,0,126,0,14,5,0,19,30,92,23,0,145,17,0,17,162
02/25/2020,BIL,MT,ANM,WE,Combined TRACON& Tower with Radar,33,57,48,3,141,0,25,76,3,104,33,82,124,6,245,96,18,114,359
02/26/2020,BIL,MT,ANM,WE,Combined TRACON& Tower with Radar,37,81,35,0,153,0,13,33,0,46,37,94,68,0,199,42,0,42,241
02/27/2020,BIL,MT,ANM,WE,Combined TRACON& Tower with Radar,34,61,29,15,139,0,34,65,7,106,34,95,94,22,245,54,40,94,339
02/28/2020,BIL,MT,ANM,WE,Combined TRACON& Tower with Radar,32,61,31,2,126,0,33,64,0,97,32,94,95,2,223,98,0,98,321
02/29/2020,BIL,MT,ANM,WE,Combined TRACON& Tower with Radar,25,53,11,2,91,0,18,31,0,49,25,71,42,2,140,26,0,26,166
03/01/2020,BIL,MT,ANM,WE,Combined TRACON& Tower with Radar,25,49,26,0,100,0,4,45,0,49,25,53,71,0,149,155,0,155,304
03/02/2020,BIL,MT,ANM,WE,Combined TRACON& Tower with Radar,29,62,15,0,106,0,10,4,0,14,29,72,19,0,120,0,0,0,120
03/03/2020,BIL,MT,ANM,WE,Combined TRACON& Tower with Radar,37,66,24,0,127,0,11,8,0,19,37,77,32,0,146,8,0,8,154
03/04/2020,BIL,MT,ANM,WE,Combined TRACON& Tower with Radar,38,54,20,0,112,0,4,5,0,9,38,58,25,0,121,4,0,4,125
03/05/2020,BIL,MT,ANM,WE,Combined TRACON& Tower with Radar,31,64,40,12,147,0,33,91,2,126,31,97,131,14,273,148,0,148,421
03/06/2020,BIL,MT,ANM,WE,Combined TRACON& Tower with Radar,33,69,23,0,125,0,31,80,2,113,33,100,103,2,238,131,0,131,369
03/07/2020,BIL,MT,ANM,WE,Combined TRACON& Tower with Radar,27,39,16,1,83,0,20,63,0,83,27,59,79,1,166,102,0,102,268
03/08/2020,BIL,MT,ANM,WE,Combined TRACON& Tower with Radar,26,44,11,0,81,0,1,8,1,10,26,45,19,1,91,0,0,0,91
03/09/2020,BIL,MT,ANM,WE,Combined TRACON& Tower with Radar,30,65,29,0,124,0,9,33,0,42,30,74,62,0,166,96,0,96,262
03/10/2020,BIL,MT,ANM,WE,Combined TRACON& Tower with Radar,37,71,23,0,131,0,20,38,0,58,37,91,61,0,189,34,0,34,223
03/11/2020,BIL,MT,ANM,WE,Combined TRACON& Tower with Radar,38,83,32,0,153,0,9,20,1,30,38,92,52,1,183,6,0,6,189
03/12/2020,BIL,MT,ANM,WE,Combined TRACON& Tower with Radar,34,86,29,0,149,0,10,67,0,77,34,96,96,0,226,127,0,127,353
03/13/2020,BIL,MT,ANM,WE,Combined TRACON& Tower with Radar,31,95,14,8,148,0,0,1,0,1,31,95,15,8,149,0,0,0,149
03/14/2020,BIL,MT,ANM,WE,Combined TRACON& Tower with Radar,28,49,11,0,88,0,2,7,0,9,28,51,18,0,97,0,0,0,97
03/15/2020,BIL,MT,ANM,WE,Combined TRACON& Tower with Radar,27,29,8,0,64,0,0,0,0,0,27,29,8,0,64,0,0,0,64
03/16/2020,BIL,MT,ANM,WE,Combined TRACON& Tower with Radar,29,60,15,0,104,0,18,48,0,66,29,78,63,0,170,124,0,124,294
03/17/2020,BIL,MT,ANM,WE,Combined TRACON& Tower with Radar,37,64,23,2,126,0,28,64,0,92,37,92,87,2,218,110,0,110,328
03/18/2020,BIL,MT,ANM,WE,Combined TRACON& Tower with Radar,35,84,16,2,137,0,1,2,0,3,35,85,18,2,140,0,0,0,140
03/19/2020,BIL,MT,ANM,WE,Combined TRACON& Tower with Radar,38,83,18,0,139,0,0,4,0,4,38,83,22,0,143,0,0,0,143
03/20/2020,BIL,MT,ANM,WE,Combined TRACON& Tower with Radar,30,84,11,0,125,0,19,16,2,37,30,103,27,2,162,44,0,44,206
03/21/2020,BIL,MT,ANM,WE,Combined TRACON& Tower with Radar,23,34,13,0,70,0,27,41,0,68,23,61,54,0,138,43,0,43,181
03/22/2020,BIL,MT,ANM,WE,Combined TRACON& Tower with Radar,22,27,15,0,64,0,13,22,0,35,22,40,37,0,99,8,0,8,107
03/23/2020,BIL,MT,ANM,WE,Combined TRACON& Tower with Radar,24,36,15,0,75,0,40,43,1,84,24,76,58,1,159,44,0,44,203
03/24/2020,BIL,MT,ANM,WE,Combined TRACON& Tower with Radar,30,74,7,0,111,0,18,17,0,35,30,92,24,0,146,0,0,0,146
03/25/2020,BIL,MT,ANM,WE,Combined TRACON& Tower with Radar,33,69,5,0,107,0,3,5,0,8,33,72,10,0,115,0,0,0,115
03/26/2020,BIL,MT,ANM,WE,Combined TRACON& Tower with Radar,24,75,5,0,104,0,24,20,0,44,24,99,25,0,148,6,0,6,154
03/27/2020,BIL,MT,ANM,WE,Combined TRACON& Tower with Radar,25,55,16,2,98,0,34,54,0,88,25,89,70,2,186,26,0,26,212
03/28/2020,BIL,MT,ANM,WE,Combined TRACON& Tower with Radar,19,38,13,0,70,0,27,27,0,54,19,65,40,0,124,18,0,18,142
03/29/2020,BIL,MT,ANM,WE,Combined TRACON& Tower with Radar,21,9,4,0,34,0,26,19,0,45,21,35,23,0,79,18,0,18,97
03/30/2020,BIL,MT,ANM,WE,Combined TRACON& Tower with Radar,18,41,2,14,75,0,37,23,1,61,18,78,25,15,136,0,0,0,136
03/31/2020,BIL,MT,ANM,WE,Combined TRACON& Tower with Radar,27,93,4,0,124,0,13,1,0,14,27,106,5,0,138,0,0,0,138
04/01/2020,BIL,MT,ANM,WE,Combined TRACON& Tower with Radar,24,82,2,2,110,0,0,0,0,0,24,82,2,2,110,0,0,0,110
04/02/2020,BIL,MT,ANM,WE,Combined TRACON& Tower with Radar,24,80,9,0,113,0,7,5,0,12,24,87,14,0,125,0,0,0,125
04/03/2020,BIL,MT,ANM,WE,Combined TRACON& Tower with Radar,15,56,16,0,87,0,31,37,0,68,15,87,53,0,155,6,0,6,161
04/04/2020,BIL,MT,ANM,WE,Combined TRACON& Tower with Radar,13,28,7,0,48,0,19,26,1,46,13,47,33,1,94,18,0,18,112
04/05/2020,BIL,MT,ANM,WE,Combined TRACON& Tower with Radar,15,17,7,0,39,0,25,20,0,45,15,42,27,0,84,4,0,4,88
04/06/2020,BIL,MT,ANM,WE,Combined TRACON& Tower with Radar,17,41,10,0,68,0,25,16,0,41,17,66,26,0,109,0,0,0,109
04/07/2020,BIL,MT,ANM,WE,Combined TRACON& Tower with Radar,25,48,5,9,87,0,34,14,0,48,25,82,19,9,135,0,0,0,135
04/08/2020,BIL,MT,ANM,WE,Combined TRACON& Tower with Radar,26,59,11,19,115,0,20,28,5,53,26,79,39,24,168,14,40,54,222
04/09/2020,BIL,MT,ANM,WE,Combined TRACON& Tower with Radar,25,47,13,24,109,0,27,36,0,63,25,74,49,24,172,14,0,14,186
04/10/2020,BIL,MT,ANM,WE,Combined TRACON& Tower with Radar,20,57,13,26,116,0,19,22,0,41,20,76,35,26,157,18,16,34,191
04/11/2020,BIL,MT,ANM,WE,Combined TRACON& Tower with Radar,18,58,4,0,80,0,0,0,0,0,18,58,4,0,80,0,0,0,80
04/12/2020,BIL,MT,ANM,WE,Combined TRACON& Tower with Radar,17,30,4,0,51,0,1,3,0,4,17,31,7,0,55,0,0,0,55
04/13/2020,BIL,MT,ANM,WE,Combined TRACON& Tower with Radar,13,60,8,0,81,0,13,14,0,27,13,73,22,0,108,26,0,26,134
04/14/2020,BIL,MT,ANM,WE,Combined TRACON& Tower with Radar,22,72,4,5,103,0,20,3,0,23,22,92,7,5,126,0,0,0,126
04/15/2020,BIL,MT,ANM,WE,Combined TRACON& Tower with Radar,24,74,3,0,101,0,4,0,0,4,24,78,3,0,105,4,0,4,109
04/16/2020,BIL,MT,ANM,WE,Combined TRACON& Tower with Radar,24,63,18,2,107,0,20,24,3,47,24,83,42,5,154,20,16,36,190
04/17/2020,BIL,MT,ANM,WE,Combined TRACON& Tower with Radar,16,49,8,0,73,0,29,16,0,45,16,78,24,0,118,22,0,22,140
04/18/2020,BIL,MT,ANM,WE,Combined TRACON& Tower with Radar,13,50,10,1,74,0,5,26,0,31,13,55,36,1,105,26,0,26,131
04/19/2020,BIL,MT,ANM,WE,Combined TRACON& Tower with Radar,11,33,16,0,60,0,10,14,1,25,11,43,30,1,85,0,0,0,85
04/20/2020,BIL,MT,ANM,WE,Combined TRACON& Tower with Radar,14,39,17,2,72,0,36,27,1,64,14,75,44,3,136,12,0,12,148
04/21/2020,BIL,MT,ANM,WE,Combined TRACON& Tower with Radar,22,68,9,0,99,0,50,28,1,79,22,118,37,1,178,16,0,16,194
04/22/2020,BIL,MT,ANM,WE,Combined TRACON& Tower with Radar,19,55,14,4,92,0,38,23,0,61,19,93,37,4,153,46,0,46,199
04/23/2020,BIL,MT,ANM,WE,Combined TRACON& Tower with Radar,22,77,6,18,123,0,26,4,0,30,22,103,10,18,153,20,0,20,173
04/24/2020,BIL,MT,ANM,WE,Combined TRACON& Tower with Radar,12,72,6,0,90,0,37,20,0,57,12,109,26,0,147,18,0,18,165
04/25/2020,BIL,MT,ANM,WE,Combined TRACON& Tower with Radar,13,31,16,0,60,0,29,53,0,82,13,60,69,0,142,44,0,44,186
04/26/2020,BIL,MT,ANM,WE,Combined TRACON& Tower with Radar,15,17,17,0,49,0,20,38,0,58,15,37,55,0,107,20,0,20,127
04/27/2020,BIL,MT,ANM,WE,Combined TRACON& Tower with Radar,13,51,6,0,70,0,45,11,0,56,13,96,17,0,126,8,0,8,134
04/28/2020,BIL,MT,ANM,WE,Combined TRACON& Tower with Radar,21,48,13,0,82,0,37,22,0,59,21,85,35,0,141,25,0,25,166
04/29/2020,BIL,MT,ANM,WE,Combined TRACON& Tower with Radar,24,57,17,0,98,0,39,45,0,84,24,96,62,0,182,60,0,60,242
04/30/2020,BIL,MT,ANM,WE,Combined TRACON& Tower with Radar,20,63,8,0,91,0,26,14,0,40,20,89,22,0,131,8,0,8,139
05/01/2020,BIL,MT,ANM,WE,Combined TRACON& Tower with Radar,18,73,12,0,103,0,23,29,2,54,18,96,41,2,157,52,0,52,209
05/02/2020,BIL,MT,ANM,WE,Combined TRACON& Tower with Radar,14,42,13,0,69,0,29,26,0,55,14,71,39,0,124,32,0,32,156
05/03/2020,BIL,MT,ANM,WE,Combined TRACON& Tower with Radar,15,19,11,0,45,0,8,12,0,20,15,27,23,0,65,14,0,14,79
05/04/2020,BIL,MT,ANM,WE,Combined TRACON& Tower with Radar,14,37,17,0,68,0,32,17,0,49,14,69,34,0,117,22,0,22,139
05/05/2020,BIL,MT,ANM,WE,Combined TRACON& Tower with Radar,24,60,11,0,95,0,33,48,2,83,24,93,59,2,178,50,0,50,228
05/06/2020,BIL,MT,ANM,WE,Combined TRACON& Tower with Radar,26,49,16,0,91,0,32,35,0,67,26,81,51,0,158,20,0,20,178
05/07/2020,BIL,MT,ANM,WE,Combined TRACON& Tower with Radar,25,83,12,0,120,0,17,11,0,28,25,100,23,0,148,0,0,0,148
05/08/2020,BIL,MT,ANM,WE,Combined TRACON& Tower with Radar,18,72,7,0,97,0,26,29,0,55,18,98,36,0,152,14,0,14,166
05/09/2020,BIL,MT,ANM,WE,Combined TRACON& Tower with Radar,16,49,16,0,81,0,12,31,0,43,16,61,47,0,124,162,0,162,286
05/10/2020,BIL,MT,ANM,WE,Combined TRACON& Tower with Radar,17,29,11,0,57,0,9,14,1,24,17,38,25,1,81,30,0,30,111
05/11/2020,BIL,MT,ANM,WE,Combined TRACON& Tower with Radar,17,66,17,0,100,0,3,9,0,12,17,69,26,0,112,0,0,0,112
05/12/2020,BIL,MT,ANM,WE,Combined TRACON& Tower with Radar,26,85,6,0,117,0,0,1,0,1,26,85,7,0,118,0,0,0,118
05/13/2020,BIL,MT,ANM,WE,Combined TRACON& Tower with Radar,26,76,26,0,128,0,13,20,0,33,26,89,46,0,161,22,0,22,183
05/14/2020,BIL,MT,ANM,WE,Combined TRACON& Tower with Radar,26,50,23,0,99,0,25,50,3,78,26,75,73,3,177,58,0,58,235
05/15/2020,BIL,MT,ANM,WE,Combined TRACON& Tower with Radar,22,64,16,0,102,0,22,13,0,35,22,86,29,0,137,14,0,14,151
05/16/2020,BIL,MT,ANM,WE,Combined TRACON& Tower with Radar,16,50,26,0,92,0,13,50,0,63,16,63,76,0,155,60,0,60,215
05/17/2020,BIL,MT,ANM,WE,Combined TRACON& Tower with Radar,19,12,8,0,39,0,26,37,0,63,19,38,45,0,102,86,0,86,188
05/18/2020,BIL,MT,ANM,WE,Combined TRACON& Tower with Radar,19,31,25,0,75,0,28,45,1,74,19,59,70,1,149,69,0,69,218
05/19/2020,BIL,MT,ANM,WE,Combined TRACON& Tower with Radar,24,46,20,1,91,0,31,37,2,70,24,77,57,3,161,28,0,28,189
05/20/2020,BIL,MT,ANM,WE,Combined TRACON& Tower with Radar,24,50,22,0,96,0,14,26,0,40,24,64,48,0,136,12,0,12,148
05/21/2020,BIL,MT,ANM,WE,Combined TRACON& Tower with Radar,28,60,25,2,115,0,21,17,0,38,28,81,42,2,153,4,0,4,157
05/22/2020,BIL,MT,ANM,WE,Combined TRACON& Tower with Radar,22,62,14,2,100,0,17,32,0,49,22,79,46,2,149,36,0,36,185
05/23/2020,BIL,MT,ANM,WE,Combined TRACON& Tower with Radar,16,52,8,0,76,0,2,3,1,6,16,54,11,1,82,0,0,0,82
05/24/2020,BIL,MT,ANM,WE,Combined TRACON& Tower with Radar,15,39,16,0,70,0,2,6,0,8,15,41,22,0,78,4,0,4,82
05/25/2020,BIL,MT,ANM,WE,Combined TRACON& Tower with Radar,14,16,17,0,47,6,18,55,1,80,20,34,72,1,127,64,0,64,191
05/26/2020,BIL,MT,ANM,WE,Combined TRACON& Tower with Radar,17,46,27,2,92,8,33,51,0,92,25,79,78,2,184,20,0,20,204
05/27/2020,BIL,MT,ANM,WE,Combined TRACON& Tower with Radar,24,65,25,6,120,0,26,54,0,80,24,91,79,6,200,62,0,62,262
05/28/2020,BIL,MT,ANM,WE,Combined TRACON& Tower with Radar,28,62,21,18,129,0,29,46,5,80,28,91,67,23,209,45,26,71,280
05/29/2020,BIL,MT,ANM,WE,Combined TRACON& Tower with Radar,22,56,18,2,98,0,27,51,0,78,22,83,69,2,176,48,0,48,224
05/30/2020,BIL,MT,ANM,WE,Combined TRACON& Tower with Radar,16,40,9,0,65,0,20,31,1,52,16,60,40,1,117,19,0,19,136
05/31/2020,BIL,MT,ANM,WE,Combined TRACON& Tower with Radar,17,22,15,0,54,0,17,25,0,42,17,39,40,0,96,8,0,8,104
06/01/2020,BIL,MT,ANM,WE,Combined TRACON& Tower with Radar,19,38,25,2,84,0,30,43,0,73,19,68,68,2,157,23,0,23,180
06/02/2020,BIL,MT,ANM,WE,Combined TRACON& Tower with Radar,24,50,23,0,97,0,35,48,1,84,24,85,71,1,181,95,0,95,276
06/03/2020,BIL,MT,ANM,WE,Combined TRACON& Tower with Radar,24,46,36,13,119,0,32,52,1,85,24,78,88,14,204,68,16,84,288
06/04/2020,BIL,MT,ANM,WE,Combined TRACON& Tower with Radar,29,57,26,2,114,0,25,27,0,52,29,82,53,2,166,38,0,38,204
06/05/2020,BIL,MT,ANM,WE,Combined TRACON& Tower with Radar,23,53,12,0,88,0,34,49,0,83,23,87,61,0,171,37,0,37,208
06/06/2020,BIL,MT,ANM,WE,Combined TRACON& Tower with Radar,16,41,16,1,74,0,15,28,0,43,16,56,44,1,117,54,0,54,171
06/07/2020,BIL,MT,ANM,WE,Combined TRACON& Tower with Radar,19,23,13,0,55,0,13,26,0,39,19,36,39,0,94,10,0,10,104
06/08/2020,BIL,MT,ANM,WE,Combined TRACON& Tower with Radar,21,61,23,1,106,0,8,46,0,54,21,69,69,1,160,64,0,64,224
06/09/2020,BIL,MT,ANM,WE,Combined TRACON& Tower with Radar,23,70,32,7,132,0,23,52,0,75,23,93,84,7,207,58,0,58,265
06/10/2020,BIL,MT,ANM,WE,Combined TRACON& Tower with Radar,25,56,31,0,112,0,33,77,1,111,25,89,108,1,223,45,0,45,268
06/11/2020,BIL,MT,ANM,WE,Combined TRACON& Tower with Radar,29,52,34,0,115,0,23,76,2,101,29,75,110,2,216,168,0,168,384
06/12/2020,BIL,MT,ANM,WE,Combined TRACON& Tower with Radar,23,50,38,0,111,0,31,68,0,99,23,81,106,0,210,136,0,136,346
06/13/2020,BIL,MT,ANM,WE,Combined TRACON& Tower with Radar,17,36,10,0,63,3,19,23,4,49,20,55,33,4,112,1,0,1,113
06/14/2020,BIL,MT,ANM,WE,Combined TRACON& Tower with Radar,21,16,21,0,58,0,20,34,0,54,21,36,55,0,112,19,0,19,131
06/15/2020,BIL,MT,ANM,WE,Combined TRACON& Tower with Radar,23,43,35,28,129,0,35,100,5,140,23,78,135,33,269,172,8,180,449
06/16/2020,BIL,MT,ANM,WE,Combined TRACON& Tower with Radar,29,74,32,0,135,0,21,54,0,75,29,95,86,0,210,105,0,105,315
06/17/2020,BIL,MT,ANM,WE,Combined TRACON& Tower with Radar,25,90,44,1,160,0,0,2,0,2,25,90,46,1,162,0,0,0,162
06/18/2020,BIL,MT,ANM,WE,Combined TRACON& Tower with Radar,31,77,23,0,131,0,9,33,0,42,31,86,56,0,173,19,0,19,192
06/19/2020,BIL,MT,ANM,WE,Combined TRACON& Tower with Radar,25,55,38,0,118,0,25,77,0,102,25,80,115,0,220,84,0,84,304
06/20/2020,BIL,MT,ANM,WE,Combined TRACON& Tower with Radar,18,34,22,0,74,0,22,42,0,64,18,56,64,0,138,20,0,20,158
06/21/2020,BIL,MT,ANM,WE,Combined TRACON& Tower with Radar,21,34,12,0,67,0,9,20,0,29,21,43,32,0,96,22,0,22,118
06/22/2020,BIL,MT,ANM,WE,Combined TRACON& Tower with Radar,22,40,32,19,113,0,22,88,4,114,22,62,120,23,227,165,18,183,410
06/23/2020,BIL,MT,ANM,WE,Combined TRACON& Tower with Radar,26,61,55,14,156,0,36,111,0,147,26,97,166,14,303,158,34,192,495
06/24/2020,BIL,MT,ANM,WE,Combined TRACON& Tower with Radar,25,63,40,0,128,0,35,71,1,107,25,98,111,1,235,133,1,134,369
06/25/2020,BIL,MT,ANM,WE,Combined TRACON& Tower with Radar,31,73,44,0,148,0,26,53,2,81,31,99,97,2,229,136,0,136,365
06/26/2020,BIL,MT,ANM,WE,Combined TRACON& Tower with Radar,27,49,32,0,108,0,32,88,0,120,27,81,120,0,228,97,0,97,325
06/27/2020,BIL,MT,ANM,WE,Combined TRACON& Tower with Radar,18,44,18,0,80,0,25,55,0,80,18,69,73,0,160,60,0,60,220
06/28/2020,BIL,MT,ANM,WE,Combined TRACON& Tower with Radar,21,43,16,0,80,0,6,19,0,25,21,49,35,0,105,40,0,40,145
06/29/2020,BIL,MT,ANM,WE,Combined TRACON& Tower with Radar,23,64,55,0,142,0,0,4,0,4,23,64,59,0,146,1,0,1,147
06/30/2020,BIL,MT,ANM,WE,Combined TRACON& Tower with Radar,25,73,46,2,146,0,19,79,1,99,25,92,125,3,245,155,0,155,400
07/01/2020,BIL,MT,ANM,WE,Combined TRACON& Tower with Radar,26,58,53,14,151,0,40,54,0,94,26,98,107,14,245,128,22,150,395
07/02/2020,BIL,MT,ANM,WE,Combined TRACON& Tower with Radar,35,59,45,5,144,0,31,65,3,99,35,90,110,8,243,98,0,98,341
07/03/2020,BIL,MT,ANM,WE,Combined TRACON& Tower with Radar,31,49,14,0,94,0,28,56,2,86,31,77,70,2,180,114,0,114,294
07/04/2020,BIL,MT,ANM,WE,Combined TRACON& Tower with Radar,18,12,6,0,36,0,25,36,0,61,18,37,42,0,97,20,0,20,117
07/05/2020,BIL,MT,ANM,WE,Combined TRACON& Tower with Radar,29,14,23,0,66,0,22,27,0,49,29,36,50,0,115,52,0,52,167
07/06/2020,BIL,MT,ANM,WE,Combined TRACON& Tower with Radar,29,57,41,0,127,0,33,65,0,98,29,90,106,0,225,111,0,111,336
07/07/2020,BIL,MT,ANM,WE,Combined TRACON& Tower with Radar,35,77,36,0,148,0,28,62,0,90,35,105,98,0,238,134,0,134,372
07/08/2020,BIL,MT,ANM,WE,Combined TRACON& Tower with Radar,34,50,39,9,132,0,38,92,7,137,34,88,131,16,269,145,6,151,420
07/09/2020,BIL,MT,ANM,WE,Combined TRACON& Tower with Radar,38,54,42,33,167,0,41,75,3,119,38,95,117,36,286,136,6,142,428
07/10/2020,BIL,MT,ANM,WE,Combined TRACON& Tower with Radar,38,58,30,0,126,0,36,44,0,80,38,94,74,0,206,58,0,58,264
07/11/2020,BIL,MT,ANM,WE,Combined TRACON& Tower with Radar,29,27,27,0,83,0,31,60,1,92,29,58,87,1,175,65,0,65,240
07/12/2020,BIL,MT,ANM,WE,Combined TRACON& Tower with Radar,34,15,19,0,68,0,21,42,0,63,34,36,61,0,131,12,0,12,143
07/13/2020,BIL,MT,ANM,WE,Combined TRACON& Tower with Radar,36,37,56,5,134,0,30,87,5,122,36,67,143,10,256,163,8,171,427
07/14/2020,BIL,MT,ANM,WE,Combined TRACON& Tower with Radar,37,48,40,10,135,0,37,94,3,134,37,85,134,13,269,206,0,206,475
07/15/2020,BIL,MT,ANM,WE,Combined TRACON& Tower with Radar,36,55,44,43,178,7,31,115,3,156,43,86,159,46,334,92,38,130,464
07/16/2020,BIL,MT,ANM,WE,Combined TRACON& Tower with Radar,40,55,28,43,166,0,38,103,1,142,40,93,131,44,308,98,20,118,426
07/17/2020,BIL,MT,ANM,WE,Combined TRACON& Tower with Radar,40,51,29,14,134,0,32,77,0,109,40,83,106,14,243,78,0,78,321
07/18/2020,BIL,MT,ANM,WE,Combined TRACON& Tower with Radar,29,34,11,0,74,0,24,43,2,69,29,58,54,2,143,26,0,26,169
07/19/2020,BIL,MT,ANM,WE,Combined TRACON& Tower with Radar,34,3,17,0,54,0,27,54,1,82,34,30,71,1,136,22,0,22,158
07/20/2020,BIL,MT,ANM,WE,Combined TRACON& Tower with Radar,34,43,33,0,110,0,22,75,11,108,34,65,108,11,218,82,4,86,304
07/21/2020,BIL,MT,ANM,WE,Combined TRACON& Tower with Radar,36,63,27,0,126,0,30,73,0,103,36,93,100,0,229,112,0,112,341
07/22/2020,BIL,MT,ANM,WE,Combined TRACON& Tower with Radar,36,51,55,4,146,0,39,100,2,141,36,90,155,6,287,82,0,82,369
07/23/2020,BIL,MT,ANM,WE,Combined TRACON& Tower with Radar,43,59,27,1,130,0,32,46,1,79,43,91,73,2,209,40,0,40,249
07/24/2020,BIL,MT,ANM,WE,Combined TRACON& Tower with Radar,39,64,44,3,150,0,48,82,3,133,39,112,126,6,283,67,8,75,358
07/25/2020,BIL,MT,ANM,WE,Combined TRACON& Tower with Radar,27,42,14,0,83,0,29,55,2,86,27,71,69,2,169,40,0,40,209
07/26/2020,BIL,MT,ANM,WE,Combined TRACON& Tower with Radar,32,9,15,0,56,0,22,33,1,56,32,31,48,1,112,2,0,2,114
07/27/2020,BIL,MT,ANM,WE,Combined TRACON& Tower with Radar,34,40,21,4,99,0,30,51,2,83,34,70,72,6,182,12,14,26,208
07/28/2020,BIL,MT,ANM,WE,Combined TRACON& Tower with Radar,34,51,22,10,117,0,32,25,4,61,34,83,47,14,178,37,34,71,249
07/29/2020,BIL,MT,ANM,WE,Combined TRACON& Tower with Radar,36,50,24,0,110,0,37,72,0,109,36,87,96,0,219,52,0,52,271
07/30/2020,BIL,MT,ANM,WE,Combined TRACON& Tower with Radar,42,54,40,2,138,1,34,129,4,168,43,88,169,6,306,52,0,52,358
07/31/2020,BIL,MT,ANM,WE,Combined TRACON& Tower with Radar,40,62,33,1,136,0,32,78,3,113,40,94,111,4,249,54,0,54,303
08/01/2020,BIL,MT,ANM,WE,Combined TRACON& Tower with Radar,31,32,22,0,85,0,27,53,1,81,31,59,75,1,166,34,0,34,200
08/02/2020,BIL,MT,ANM,WE,Combined TRACON& Tower with Radar,32,19,29,6,86,0,24,128,2,154,32,43,157,8,240,10,0,10,250
08/03/2020,BIL,MT,ANM,WE,Combined TRACON& Tower with Radar,35,43,34,2,114,0,27,71,1,99,35,70,105,3,213,60,0,60,273
08/04/2020,BIL,MT,ANM,WE,Combined TRACON& Tower with Radar,39,50,37,0,126,0,36,71,0,107,39,86,108,0,233,106,0,106,339
08/05/2020,BIL,MT,ANM,WE,Combined TRACON& Tower with Radar,39,50,32,4,125,1,39,107,10,157,40,89,139,14,282,164,34,198,480
08/06/2020,BIL,MT,ANM,WE,Combined TRACON& Tower with Radar,42,58,38,0,138,1,35,88,2,126,43,93,126,2,264,98,0,98,362
08/07/2020,BIL,MT,ANM,WE,Combined TRACON& Tower with Radar,40,50,22,0,112,0,35,127,3,165,40,85,149,3,277,101,0,101,378
08/08/2020,BIL,MT,ANM,WE,Combined TRACON& Tower with Radar,30,32,27,1,90,0,31,74,1,106,30,63,101,2,196,78,0,78,274
08/09/2020,BIL,MT,ANM,WE,Combined TRACON& Tower with Radar,35,23,13,1,72,0,26,43,0,69,35,49,56,1,141,23,0,23,164
08/10/2020,BIL,MT,ANM,WE,Combined TRACON& Tower with Radar,37,38,23,0,98,0,40,109,0,149,37,78,132,0,247,148,0,148,395
08/11/2020,BIL,MT,ANM,WE,Combined TRACON& Tower with Radar,40,50,37,0,127,0,34,76,2,112,40,84,113,2,239,116,0,116,355
08/12/2020,BIL,MT,ANM,WE,Combined TRACON& Tower with Radar,38,50,34,2,124,0,30,41,0,71,38,80,75,2,195,22,0,22,217
08/13/2020,BIL,MT,ANM,WE,Combined TRACON& Tower with Radar,42,51,23,6,122,0,30,39,4,73,42,81,62,10,195,30,14,44,239
08/14/2020,BIL,MT,ANM,WE,Combined TRACON& Tower with Radar,40,53,16,2,111,2,31,54,0,87,42,84,70,2,198,40,0,40,238
08/15/2020,BIL,MT,ANM,WE,Combined TRACON& Tower with Radar,31,30,18,3,82,0,27,67,0,94,31,57,85,3,176,27,0,27,203
08/16/2020,BIL,MT,ANM,WE,Combined TRACON& Tower with Radar,34,19,22,0,75,0,23,35,0,58,34,42,57,0,133,25,0,25,158
08/17/2020,BIL,MT,ANM,WE,Combined TRACON& Tower with Radar,37,31,33,0,101,0,33,64,1,98,37,64,97,1,199,60,0,60,259
08/18/2020,BIL,MT,ANM,WE,Combined TRACON& Tower with Radar,38,59,31,4,132,0,29,60,1,90,38,88,91,5,222,60,0,60,282
08/19/2020,BIL,MT,ANM,WE,Combined TRACON& Tower with Radar,36,47,36,0,119,0,28,29,0,57,36,75,65,0,176,18,0,18,194
08/20/2020,BIL,MT,ANM,WE,Combined TRACON& Tower with Radar,38,72,45,0,155,0,20,44,2,66,38,92,89,2,221,16,0,16,237
08/21/2020,BIL,MT,ANM,WE,Combined TRACON& Tower with Radar,40,58,49,0,147,0,26,85,2,113,40,84,134,2,260,57,0,57,317
08/22/2020,BIL,MT,ANM,WE,Combined TRACON& Tower with Radar,31,47,20,0,98,0,14,75,1,90,31,61,95,1,188,28,0,28,216
08/23/2020,BIL,MT,ANM,WE,Combined TRACON& Tower with Radar,32,17,24,0,73,0,21,24,0,45,32,38,48,0,118,36,0,36,154
08/24/2020,BIL,MT,ANM,WE,Combined TRACON& Tower with Radar,35,61,39,0,135,0,37,67,3,107,35,98,106,3,242,80,0,80,322
08/25/2020,BIL,MT,ANM,WE,Combined TRACON& Tower with Radar,36,61,27,8,132,0,22,79,2,103,36,83,106,10,235,82,12,94,329
08/26/2020,BIL,MT,ANM,WE,Combined TRACON& Tower with Radar,38,52,33,1,124,0,38,79,4,121,38,90,112,5,245,86,0,86,331
08/27/2020,BIL,MT,ANM,WE,Combined TRACON& Tower with Radar,40,55,36,1,132,0,22,80,6,108,40,77,116,7,240,41,0,41,281
08/28/2020,BIL,MT,ANM,WE,Combined TRACON& Tower with Radar,40,51,27,0,118,0,38,125,3,166,40,89,152,3,284,125,0,125,409
08/29/2020,BIL,MT,ANM,WE,Combined TRACON& Tower with Radar,33,43,18,0,94,0,29,45,2,76,33,72,63,2,170,62,0,62,232
08/30/2020,BIL,MT,ANM,WE,Combined TRACON& Tower with Radar,32,27,14,0,73,0,17,10,0,27,32,44,24,0,100,0,0,0,100
08/31/2020,BIL,MT,ANM,WE,Combined TRACON& Tower with Radar,35,63,42,0,140,0,30,79,0,109,35,93,121,0,249,108,0,108,357
09/01/2020,BIL,MT,ANM,WE,Combined TRACON& Tower with Radar,36,63,22,0,121,0,35,42,0,77,36,98,64,0,198,50,0,50,248
09/02/2020,BIL,MT,ANM,WE,Combined TRACON& Tower with Radar,39,67,38,0,144,0,29,87,0,116,39,96,125,0,260,38,0,38,298
09/03/2020,BIL,MT,ANM,WE,Combined TRACON& Tower with Radar,41,72,35,0,148,1,34,184,7,226,42,106,219,7,374,78,4,82,456
09/04/2020,BIL,MT,ANM,WE,Combined TRACON& Tower with Radar,40,66,33,4,143,1,26,184,3,214,41,92,217,7,357,32,0,32,389
09/05/2020,BIL,MT,ANM,WE,Combined TRACON& Tower with Radar,31,46,14,0,91,0,20,153,3,176,31,66,167,3,267,28,0,28,295
09/06/2020,BIL,MT,ANM,WE,Combined TRACON& Tower with Radar,30,31,19,0,80,0,20,65,0,85,30,51,84,0,165,58,0,58,223
09/07/2020,BIL,MT,ANM,WE,Combined TRACON& Tower with Radar,29,36,16,1,82,0,2,4,0,6,29,38,20,1,88,12,0,12,100
09/08/2020,BIL,MT,ANM,WE,Combined TRACON& Tower with Radar,27,61,37,0,125,0,28,88,0,116,27,89,125,0,241,120,0,120,361
09/09/2020,BIL,MT,ANM,WE,Combined TRACON& Tower with Radar,37,58,36,10,141,0,28,102,10,140,37,86,138,20,281,52,38,90,371
09/10/2020,BIL,MT,ANM,WE,Combined TRACON& Tower with Radar,40,58,32,18,148,0,28,85,0,113,40,86,117,18,261,96,0,96,357
09/11/2020,BIL,MT,ANM,WE,Combined TRACON& Tower with Radar,35,64,31,0,130,0,30,96,0,126,35,94,127,0,256,91,0,91,347
09/12/2020,BIL,MT,ANM,WE,Combined TRACON& Tower with Radar,29,40,21,0,90,0,26,76,1,103,29,66,97,1,193,82,0,82,275
09/13/2020,BIL,MT,ANM,WE,Combined TRACON& Tower with Radar,28,18,23,0,69,0,28,36,0,64,28,46,59,0,133,66,0,66,199
09/14/2020,BIL,MT,ANM,WE,Combined TRACON& Tower with Radar,34,60,43,11,148,0,9,61,3,73,34,69,104,14,221,73,22,95,316
09/15/2020,BIL,MT,ANM,WE,Combined TRACON& Tower with Radar,32,70,23,36,161,0,4,26,0,30,32,74,49,36,191,70,38,108,299
09/16/2020,BIL,MT,ANM,WE,Combined TRACON& Tower with Radar,35,77,40,17,169,0,9,76,3,88,35,86,116,20,257,120,12,132,389
09/17/2020,BIL,MT,ANM,WE,Combined TRACON& Tower with Radar,38,74,27,0,139,0,9,36,0,45,38,83,63,0,184,12,0,12,196
09/18/2020,BIL,MT,ANM,WE,Combined TRACON& Tower with Radar,40,76,37,13,166,0,19,51,3,73,40,95,88,16,239,58,18,76,315
09/19/2020,BIL,MT,ANM,WE,Combined TRACON& Tower with Radar,29,60,23,0,112,0,6,28,0,34,29,66,51,0,146,10,0,10,156
09/20/2020,BIL,MT,ANM,WE,Combined TRACON& Tower with Radar,30,27,18,1,76,0,12,16,0,28,30,39,34,1,104,8,0,8,112
09/21/2020,BIL,MT,ANM,WE,Combined TRACON& Tower with Radar,32,36,42,0,110,0,36,106,2,144,32,72,148,2,254,80,0,80,334
09/22/2020,BIL,MT,ANM,WE,Combined TRACON& Tower with Radar,34,46,24,11,115,0,36,64,5,105,34,82,88,16,220,92,40,132,352
09/23/2020,BIL,MT,ANM,WE,Combined TRACON& Tower with Radar,35,50,39,0,124,1,36,111,1,149,36,86,150,1,273,148,0,148,421
09/24/2020,BIL,MT,ANM,WE,Combined TRACON& Tower with Radar,40,62,23,2,127,5,26,63,5,99,45,88,86,7,226,32,0,32,258
09/25/2020,BIL,MT,ANM,WE,Combined TRACON& Tower with Radar,40,64,38,3,145,0,34,108,4,146,40,98,146,7,291,66,0,66,357
09/26/2020,BIL,MT,ANM,WE,Combined TRACON& Tower with Radar,29,48,17,0,94,0,20,11,3,34,29,68,28,3,128,4,0,4,132
09/27/2020,BIL,MT,ANM,WE,Combined TRACON& Tower with Radar,30,26,9,0,65,0,15,25,0,40,30,41,34,0,105,16,0,16,121
09/28/2020,BIL,MT,ANM,WE,Combined TRACON& Tower with Radar,30,51,39,17,137,0,28,94,1,123,30,79,133,18,260,209,22,231,491
09/29/2020,BIL,MT,ANM,WE,Combined TRACON& Tower with Radar,37,56,23,0,116,0,29,64,2,95,37,85,87,2,211,86,0,86,297
09/30/2020,BIL,MT,ANM,WE,Combined TRACON& Tower with Radar,35,51,43,0,129,0,33,97,0,130,35,84,140,0,259,245,0,245,504
10/01/2020,BIL,MT,ANM,WE,Combined TRACON& Tower with Radar,38,60,26,16,140,0,28,61,1,90,38,88,87,17,230,108,0,108,338
10/02/2020,BIL,MT,ANM,WE,Combined TRACON& Tower with Radar,38,74,32,12,156,0,34,56,1,91,38,108,88,13,247,110,29,139,386
10/03/2020,BIL,MT,ANM,WE,Combined TRACON& Tower with Radar,29,47,26,0,102,0,26,87,2,115,29,73,113,2,217,128,0,128,345
10/04/2020,BIL,MT,ANM,WE,Combined TRACON& Tower with Radar,31,27,20,0,78,0,26,56,2,84,31,53,76,2,162,5,0,5,167
10/05/2020,BIL,MT,ANM,WE,Combined TRACON& Tower with Radar,33,53,20,0,106,0,32,88,1,121,33,85,108,1,227,127,0,127,354
10/06/2020,BIL,MT,ANM,WE,Combined TRACON& Tower with Radar,34,56,27,0,117,1,51,81,1,134,35,107,108,1,251,79,0,79,330
10/07/2020,BIL,MT,ANM,WE,Combined TRACON& Tower with Radar,35,72,40,10,157,0,51,88,6,145,35,123,128,16,302,169,28,197,499
10/08/2020,BIL,MT,ANM,WE,Combined TRACON& Tower with Radar,38,69,34,12,153,0,44,63,0,107,38,113,97,12,260,146,12,158,418
10/09/2020,BIL,MT,ANM,WE,Combined TRACON& Tower with Radar,36,62,42,0,140,0,44,95,2,141,36,106,137,2,281,131,0,131,412
10/10/2020,BIL,MT,ANM,WE,Combined TRACON& Tower with Radar,29,54,10,0,93,1,27,47,3,78,30,81,57,3,171,80,0,80,251
10/11/2020,BIL,MT,ANM,WE,Combined TRACON& Tower with Radar,30,32,12,0,74,0,11,3,2,16,30,43,15,2,90,0,0,0,90
10/12/2020,BIL,MT,ANM,WE,Combined TRACON& Tower with Radar,36,61,23,1,121,0,19,11,0,30,36,80,34,1,151,32,0,32,183
10/13/2020,BIL,MT,ANM,WE,Combined TRACON& Tower with Radar,36,64,33,6,139,0,27,72,2,101,36,91,105,8,240,104,8,112,352
10/14/2020,BIL,MT,ANM,WE,Combined TRACON& Tower with Radar,37,92,19,2,150,0,6,4,1,11,37,98,23,3,161,0,0,0,161
10/15/2020,BIL,MT,ANM,WE,Combined TRACON& Tower with Radar,40,89,31,2,162,0,18,28,0,46,40,107,59,2,208,48,0,48,256
10/16/2020,BIL,MT,ANM,WE,Combined TRACON& Tower with Radar,36,74,12,8,130,0,10,25,0,35,36,84,37,8,165,65,0,65,230
10/17/2020,BIL,MT,ANM,WE,Combined TRACON& Tower with Radar,28,57,3,0,88,0,0,0,0,0,28,57,3,0,88,0,0,0,88
10/18/2020,BIL,MT,ANM,WE,Combined TRACON& Tower with Radar,31,37,4,0,72,0,0,0,0,0,31,37,4,0,72,0,0,0,72
10/19/2020,BIL,MT,ANM,WE,Combined TRACON& Tower with Radar,34,57,20,0,111,0,3,4,0,7,34,60,24,0,118,8,0,8,126
10/20/2020,BIL,MT,ANM,WE,Combined TRACON& Tower with Radar,34,98,30,0,162,0,5,15,2,22,34,103,45,2,184,16,0,16,200
10/21/2020,BIL,MT,ANM,WE,Combined TRACON& Tower with Radar,36,88,19,0,143,0,0,0,0,0,36,88,19,0,143,0,0,0,143
10/22/2020,BIL,MT,ANM,WE,Combined TRACON& Tower with Radar,38,83,27,0,148,0,2,7,0,9,38,85,34,0,157,0,0,0,157
10/23/2020,BIL,MT,ANM,WE,Combined TRACON& Tower with Radar,38,77,33,2,150,0,27,50,0,77,38,104,83,2,227,78,0,78,305
10/24/2020,BIL,MT,ANM,WE,Combined TRACON& Tower with Radar,29,61,1,0,91,0,0,0,0,0,29,61,1,0,91,0,0,0,91
10/25/2020,BIL,MT,ANM,WE,Combined TRACON& Tower with Radar,29,41,13,0,83,0,13,11,0,24,29,54,24,0,107,42,0,42,149
10/26/2020,BIL,MT,ANM,WE,Combined TRACON& Tower with Radar,32,63,18,0,113,0,31,12,0,43,32,94,30,0,156,6,0,6,162
10/27/2020,BIL,MT,ANM,WE,Combined TRACON& Tower with Radar,34,66,18,0,118,0,26,9,0,35,34,92,27,0,153,4,0,4,157
10/28/2020,BIL,MT,ANM,WE,Combined TRACON& Tower with Radar,35,67,37,2,141,0,36,94,1,131,35,103,131,3,272,222,0,222,494
10/29/2020,BIL,MT,ANM,WE,Combined TRACON& Tower with Radar,38,65,32,2,137,0,34,54,0,88,38,99,86,2,225,51,0,51,276
10/30/2020,BIL,MT,ANM,WE,Combined TRACON& Tower with Radar,36,78,33,2,149,0,27,40,1,68,36,105,73,3,217,48,0,48,265
10/31/2020,BIL,MT,ANM,WE,Combined TRACON& Tower with Radar,24,55,18,1,98,0,20,43,1,64,24,75,61,2,162,102,0,102,264
11/01/2020,BIL,MT,ANM,WE,Combined TRACON& Tower with Radar,30,19,24,0,73,0,24,38,0,62,30,43,62,0,135,20,0,20,155
11/02/2020,BIL,MT,ANM,WE,Combined TRACON& Tower with Radar,34,37,21,10,102,0,39,79,0,118,34,76,100,10,220,197,10,207,427
11/03/2020,BIL,MT,ANM,WE,Combined TRACON& Tower with Radar,32,48,41,0,121,0,41,86,0,127,32,89,127,0,248,134,0,134,382
11/04/2020,BIL,MT,ANM,WE,Combined TRACON& Tower with Radar,37,64,40,0,141,0,35,39,0,74,37,99,79,0,215,47,0,47,262
11/05/2020,BIL,MT,ANM,WE,Combined TRACON& Tower with Radar,44,55,39,8,146,0,28,44,4,76,44,83,83,12,222,70,12,82,304
11/06/2020,BIL,MT,ANM,WE,Combined TRACON& Tower with Radar,42,76,42,6,166,0,27,80,1,108,42,103,122,7,274,134,18,152,426
11/07/2020,BIL,MT,ANM,WE,Combined TRACON& Tower with Radar,37,58,24,0,119,0,5,54,0,59,37,63,78,0,178,183,0,183,361
11/08/2020,BIL,MT,ANM,WE,Combined TRACON& Tower with Radar,36,18,3,0,57,0,0,0,0,0,36,18,3,0,57,0,0,0,57
11/09/2020,BIL,MT,ANM,WE,Combined TRACON& Tower with Radar,36,75,18,0,129,0,12,23,0,35,36,87,41,0,164,72,0,72,236
11/10/2020,BIL,MT,ANM,WE,Combined TRACON& Tower with Radar,36,76,41,22,175,0,18,43,1,62,36,94,84,23,237,65,10,75,312
11/11/2020,BIL,MT,ANM,WE,Combined TRACON& Tower with Radar,43,91,29,0,163,0,2,28,0,30,43,93,57,0,193,56,0,56,249
11/12/2020,BIL,MT,ANM,WE,Combined TRACON& Tower with Radar,42,62,30,2,136,0,29,51,0,80,42,91,81,2,216,101,0,101,317
11/13/2020,BIL,MT,ANM,WE,Combined TRACON& Tower with Radar,42,79,16,0,137,0,24,21,0,45,42,103,37,0,182,34,0,34,216
11/14/2020,BIL,MT,ANM,WE,Combined TRACON& Tower with Radar,30,68,10,0,108,0,8,2,0,10,30,76,12,0,118,0,0,0,118
11/15/2020,BIL,MT,ANM,WE,Combined TRACON& Tower with Radar,37,17,17,0,71,0,17,30,0,47,37,34,47,0,118,44,0,44,162
11/16/2020,BIL,MT,ANM,WE,Combined TRACON& Tower with Radar,37,48,44,1,130,0,39,75,0,114,37,87,119,1,244,170,0,170,414
11/17/2020,BIL,MT,ANM,WE,Combined TRACON& Tower with Radar,38,69,32,2,141,0,41,78,2,121,38,110,110,4,262,140,0,140,402
11/18/2020,BIL,MT,ANM,WE,Combined TRACON& Tower with Radar,39,60,24,8,131,0,35,50,0,85,39,95,74,8,216,96,24,120,336
11/19/2020,BIL,MT,ANM,WE,Combined TRACON& Tower with Radar,42,76,36,0,154,0,22,33,0,55,42,98,69,0,209,28,0,28,237
11/20/2020,BIL,MT,ANM,WE,Combined TRACON& Tower with Radar,42,64,46,0,152,0,26,92,0,118,42,90,138,0,270,139,0,139,409
11/21/2020,BIL,MT,ANM,WE,Combined TRACON& Tower with Radar,35,39,22,0,96,0,16,58,2,76,35,55,80,2,172,38,0,38,210
11/22/2020,BIL,MT,ANM,WE,Combined TRACON& Tower with Radar,36,15,16,0,67,0,21,48,1,70,36,36,64,1,137,91,0,91,228
11/23/2020,BIL,MT,ANM,WE,Combined TRACON& Tower with Radar,41,48,18,0,107,0,27,62,0,89,41,75,80,0,196,158,0,158,354
11/24/2020,BIL,MT,ANM,WE,Combined TRACON& Tower with Radar,43,74,37,30,184,0,21,48,5,74,43,95,85,35,258,54,28,82,340
11/25/2020,BIL,MT,ANM,WE,Combined TRACON& Tower with Radar,49,86,24,0,159,0,14,19,0,33,49,100,43,0,192,24,0,24,216
11/26/2020,BIL,MT,ANM,WE,Combined TRACON& Tower with Radar,20,12,6,0,38,0,18,7,0,25,20,30,13,0,63,10,0,10,73
11/27/2020,BIL,MT,ANM,WE,Combined TRACON& Tower with Radar,34,58,9,0,101,0,19,8,0,27,34,77,17,0,128,5,0,5,133
11/28/2020,BIL,MT,ANM,WE,Combined TRACON& Tower with Radar,38,39,18,0,95,14,12,18,0,44,52,51,36,0,139,12,0,12,151
11/29/2020,BIL,MT,ANM,WE,Combined TRACON& Tower with Radar,44,20,27,0,91,0,21,46,0,67,44,41,73,0,158,16,0,16,174
11/30/2020,BIL,MT,ANM,WE,Combined TRACON& Tower with Radar,44,35,27,0,106,0,30,27,0,57,44,65,54,0,163,18,0,18,181
12/01/2020,BIL,MT,ANM,WE,Combined TRACON& Tower with Radar,44,93,30,0,167,0,4,30,0,34,44,97,60,0,201,24,0,24,225
12/02/2020,BIL,MT,ANM,WE,Combined TRACON& Tower with Radar,48,68,35,10,161,0,40,74,2,116,48,108,109,12,277,114,12,126,403
12/03/2020,BIL,MT,ANM,WE,Combined TRACON& Tower with Radar,48,73,25,4,150,0,26,26,0,52,48,99,51,4,202,0,0,0,202
12/04/2020,BIL,MT,ANM,WE,Combined TRACON& Tower with Radar,48,63,26,0,137,0,28,70,0,98,48,91,96,0,235,72,0,72,307
12/05/2020,BIL,MT,ANM,WE,Combined TRACON& Tower with Radar,29,31,20,0,80,0,21,32,0,53,29,52,52,0,133,24,0,24,157
12/06/2020,BIL,MT,ANM,WE,Combined TRACON& Tower with Radar,37,12,13,0,62,0,23,38,0,61,37,35,51,0,123,42,0,42,165
12/07/2020,BIL,MT,ANM,WE,Combined TRACON& Tower with Radar,41,40,17,1,99,0,25,31,2,58,41,65,48,3,157,51,34,85,242
12/08/2020,BIL,MT,ANM,WE,Combined TRACON& Tower with Radar,46,68,25,0,139,0,28,29,0,57,46,96,54,0,196,12,0,12,208
12/09/2020,BIL,MT,ANM,WE,Combined TRACON& Tower with Radar,45,63,31,0,139,0,31,52,0,83,45,94,83,0,222,90,0,90,312
12/10/2020,BIL,MT,ANM,WE,Combined TRACON& Tower with Radar,50,87,39,14,190,0,16,45,0,61,50,103,84,14,251,104,12,116,367
12/11/2020,BIL,MT,ANM,WE,Combined TRACON& Tower with Radar,54,83,19,2,158,0,1,8,0,9,54,84,27,2,167,0,0,0,167
12/12/2020,BIL,MT,ANM,WE,Combined TRACON& Tower with Radar,32,70,11,0,113,0,0,1,0,1,32,70,12,0,114,0,0,0,114
12/13/2020,BIL,MT,ANM,WE,Combined TRACON& Tower with Radar,38,49,16,0,103,0,3,42,0,45,38,52,58,0,148,135,0,135,283
12/14/2020,BIL,MT,ANM,WE,Combined TRACON& Tower with Radar,37,65,24,0,126,0,9,12,0,21,37,74,36,0,147,78,0,78,225
12/15/2020,BIL,MT,ANM,WE,Combined TRACON& Tower with Radar,46,81,33,0,160,0,25,49,0,74,46,106,82,0,234,136,0,136,370
12/16/2020,BIL,MT,ANM,WE,Combined TRACON& Tower with Radar,45,80,38,0,163,0,26,44,0,70,45,106,82,0,233,86,0,86,319
12/17/2020,BIL,MT,ANM,WE,Combined TRACON& Tower with Radar,55,76,35,0,166,0,23,44,0,67,55,99,79,0,233,72,0,72,305
12/18/2020,BIL,MT,ANM,WE,Combined TRACON& Tower with Radar,49,84,47,0,180,0,20,63,0,83,49,104,110,0,263,74,0,74,337
12/19/2020,BIL,MT,ANM,WE,Combined TRACON& Tower with Radar,50,57,19,0,126,0,18,6,0,24,50,75,25,0,150,10,0,10,160
12/20/2020,BIL,MT,ANM,WE,Combined TRACON& Tower with Radar,45,47,12,0,104,0,5,11,0,16,45,52,23,0,120,0,0,0,120
12/21/2020,BIL,MT,ANM,WE,Combined TRACON& Tower with Radar,47,65,14,0,126,0,3,9,0,12,47,68,23,0,138,26,0,26,164
12/22/2020,BIL,MT,ANM,WE,Combined TRACON& Tower with Radar,49,92,15,10,166,0,13,4,0,17,49,105,19,10,183,2,8,10,193
12/23/2020,BIL,MT,ANM,WE,Combined TRACON& Tower with Radar,48,77,20,1,146,0,37,22,3,62,48,114,42,4,208,28,8,36,244
12/24/2020,BIL,MT,ANM,WE,Combined TRACON& Tower with Radar,35,71,11,0,117,0,28,12,0,40,35,99,23,0,157,0,0,0,157
12/25/2020,BIL,MT,ANM,WE,Combined TRACON& Tower with Radar,20,23,3,0,46,0,24,8,2,34,20,47,11,2,80,10,0,10,90
12/26/2020,BIL,MT,ANM,WE,Combined TRACON& Tower with Radar,34,43,14,0,91,0,13,22,1,36,34,56,36,1,127,4,0,4,131
12/27/2020,BIL,MT,ANM,WE,Combined TRACON& Tower with Radar,34,41,18,0,93,0,2,8,0,10,34,43,26,0,103,0,0,0,103
12/28/2020,BIL,MT,ANM,WE,Combined TRACON& Tower with Radar,36,64,12,0,112,0,11,25,0,36,36,75,37,0,148,20,0,20,168
12/29/2020,BIL,MT,ANM,WE,Combined TRACON& Tower with Radar,43,74,36,0,153,0,32,30,0,62,43,106,66,0,215,20,0,20,235
12/30/2020,BIL,MT,ANM,WE,Combined TRACON& Tower with Radar,48,76,19,6,149,0,36,31,4,71,48,112,50,10,220,20,18,38,258
12/31/2020,BIL,MT,ANM,WE,Combined TRACON& Tower with Radar,34,66,15,0,115,0,27,24,0,51,34,93,39,0,166,0,0,0,166
01/01/2021,BIL,MT,ANM,WE,Combined TRACON& Tower with Radar,24,21,7,0,52,0,23,28,1,52,24,44,35,1,104,0,0,0,104
01/02/2021,BIL,MT,ANM,WE,Combined TRACON& Tower with Radar,34,51,13,0,98,0,14,5,0,19,34,65,18,0,117,28,0,28,145
01/03/2021,BIL,MT,ANM,WE,Combined TRACON& Tower with Radar,36,28,17,0,81,0,15,15,0,30,36,43,32,0,111,4,0,4,115
01/04/2021,BIL,MT,ANM,WE,Combined TRACON& Tower with Radar,35,42,13,0,90,0,32,36,0,68,35,74,49,0,158,64,0,64,222
01/05/2021,BIL,MT,ANM,WE,Combined TRACON& Tower with Radar,30,89,16,0,135,0,28,12,0,40,30,117,28,0,175,0,0,0,175
01/06/2021,BIL,MT,ANM,WE,Combined TRACON& Tower with Radar,32,52,35,14,133,0,33,66,4,103,32,85,101,18,236,106,18,124,360
01/07/2021,BIL,MT,ANM,WE,Combined TRACON& Tower with Radar,34,94,31,18,177,0,9,1,0,10,34,103,32,18,187,0,0,0,187
01/08/2021,BIL,MT,ANM,WE,Combined TRACON& Tower with Radar,34,87,21,0,142,0,3,10,0,13,34,90,31,0,155,16,0,16,171
01/09/2021,BIL,MT,ANM,WE,Combined TRACON& Tower with Radar,14,50,14,0,78,0,0,9,0,9,14,50,23,0,87,0,0,0,87
01/10/2021,BIL,MT,ANM,WE,Combined TRACON& Tower with Radar,31,29,18,2,80,0,17,35,2,54,31,46,53,4,134,4,0,4,138
01/11/2021,BIL,MT,ANM,WE,Combined TRACON& Tower with Radar,23,54,25,0,102,0,34,20,0,54,23,88,45,0,156,8,0,8,164
01/12/2021,BIL,MT,ANM,WE,Combined TRACON& Tower with Radar,28,71,22,0,121,0,37,25,0,62,28,108,47,0,183,2,0,2,185
01/13/2021,BIL,MT,ANM,WE,Combined TRACON& Tower with Radar,26,55,13,0,94,0,9,5,0,14,26,64,18,0,108,0,0,0,108
01/14/2021,BIL,MT,ANM,WE,Combined TRACON& Tower with Radar,34,68,15,0,117,0,16,10,0,26,34,84,25,0,143,0,0,0,143
01/15/2021,BIL,MT,ANM,WE,Combined TRACON& Tower with Radar,32,58,18,14,122,0,27,75,0,102,32,85,93,14,224,74,0,74,298
01/16/2021,BIL,MT,ANM,WE,Combined TRACON& Tower with Radar,21,50,15,0,86,0,22,21,2,45,21,72,36,2,131,31,0,31,162
01/17/2021,BIL,MT,ANM,WE,Combined TRACON& Tower with Radar,24,44,13,0,81,0,11,29,0,40,24,55,42,0,121,66,0,66,187
01/18/2021,BIL,MT,ANM,WE,Combined TRACON& Tower with Radar,25,63,22,1,111,0,3,3,0,6,25,66,25,1,117,0,0,0,117
01/19/2021,BIL,MT,ANM,WE,Combined TRACON& Tower with Radar,29,59,31,1,120,0,27,39,0,66,29,86,70,1,186,18,0,18,204
01/20/2021,BIL,MT,ANM,WE,Combined TRACON& Tower with Radar,31,56,27,26,140,0,36,32,0,68,31,92,59,26,208,81,30,111,319
01/21/2021,BIL,MT,ANM,WE,Combined TRACON& Tower with Radar,32,71,31,0,134,0,12,19,0,31,32,83,50,0,165,56,0,56,221
01/22/2021,BIL,MT,ANM,WE,Combined TRACON& Tower with Radar,32,74,23,14,143,0,22,70,1,93,32,96,93,15,236,114,20,134,370
01/23/2021,BIL,MT,ANM,WE,Combined TRACON& Tower with Radar,23,52,17,0,92,0,12,72,0,84,23,64,89,0,176,110,0,110,286
01/24/2021,BIL,MT,ANM,WE,Combined TRACON& Tower with Radar,26,28,12,0,66,0,11,59,0,70,26,39,71,0,136,68,0,68,204
01/25/2021,BIL,MT,ANM,WE,Combined TRACON& Tower with Radar,24,74,25,12,135,0,0,6,0,6,24,74,31,12,141,7,0,7,148
01/26/2021,BIL,MT,ANM,WE,Combined TRACON& Tower with Radar,34,82,25,0,141,0,4,6,0,10,34,86,31,0,151,0,0,0,151
01/27/2021,BIL,MT,ANM,WE,Combined TRACON& Tower with Radar,31,83,23,14,151,0,8,32,0,40,31,91,55,14,191,34,0,34,225
01/28/2021,BIL,MT,ANM,WE,Combined TRACON& Tower with Radar,38,68,41,23,170,0,31,103,3,137,38,99,144,26,307,109,28,137,444
01/29/2021,BIL,MT,ANM,WE,Combined TRACON& Tower with Radar,32,70,26,0,128,0,18,93,0,111,32,88,119,0,239,92,0,92,331
01/30/2021,BIL,MT,ANM,WE,Combined TRACON& Tower with Radar,23,54,15,0,92,0,6,56,0,62,23,60,71,0,154,130,0,130,284
01/31/2021,BIL,MT,ANM,WE,Combined TRACON& Tower with Radar,26,26,19,0,71,0,13,68,0,81,26,39,87,0,152,72,0,72,224
02/01/2021,BIL,MT,ANM,WE,Combined TRACON& Tower with Radar,27,49,40,0,116,0,27,99,0,126,27,76,139,0,242,146,0,146,388
02/02/2021,BIL,MT,ANM,WE,Combined TRACON& Tower with Radar,34,58,26,10,128,0,32,64,0,96,34,90,90,10,224,24,8,32,256
02/03/2021,BIL,MT,ANM,WE,Combined TRACON& Tower with Radar,32,98,28,5,163,0,8,11,3,22,32,106,39,8,185,12,14,26,211
02/04/2021,BIL,MT,ANM,WE,Combined TRACON& Tower with Radar,34,88,34,0,156,0,30,30,0,60,34,118,64,0,216,34,0,34,250
02/05/2021,BIL,MT,ANM,WE,Combined TRACON& Tower with Radar,35,84,9,0,128,0,0,1,0,1,35,84,10,0,129,0,0,0,129
02/06/2021,BIL,MT,ANM,WE,Combined TRACON& Tower with Radar,24,63,2,0,89,0,0,0,0,0,24,63,2,0,89,0,0,0,89
02/07/2021,BIL,MT,ANM,WE,Combined TRACON& Tower with Radar,24,40,10,0,74,0,1,1,0,2,24,41,11,0,76,0,0,0,76
02/08/2021,BIL,MT,ANM,WE,Combined TRACON& Tower with Radar,27,71,15,0,113,0,1,0,0,1,27,72,15,0,114,0,0,0,114
02/09/2021,BIL,MT,ANM,WE,Combined TRACON& Tower with Radar,34,72,27,0,133,0,2,2,0,4,34,74,29,0,137,0,0,0,137
02/10/2021,BIL,MT,ANM,WE,Combined TRACON& Tower with Radar,32,61,30,0,123,0,8,4,0,12,32,69,34,0,135,0,0,0,135
02/11/2021,BIL,MT,ANM,WE,Combined TRACON& Tower with Radar,34,63,25,0,122,0,3,1,0,4,34,66,26,0,126,0,0,0,126
02/12/2021,BIL,MT,ANM,WE,Combined TRACON& Tower with Radar,30,64,21,0,115,0,10,5,0,15,30,74,26,0,130,0,0,0,130
02/13/2021,BIL,MT,ANM,WE,Combined TRACON& Tower with Radar,20,40,8,0,68,0,2,9,0,11,20,42,17,0,79,32,0,32,111
02/14/2021,BIL,MT,ANM,WE,Combined TRACON& Tower with Radar,22,22,11,0,55,0,10,10,0,20,22,32,21,0,75,70,0,70,145
02/15/2021,BIL,MT,ANM,WE,Combined TRACON& Tower with Radar,29,48,22,0,99,1,19,42,0,62,30,67,64,0,161,72,0,72,233
02/16/2021,BIL,MT,ANM,WE,Combined TRACON& Tower with Radar,31,85,26,0,142,0,5,2,0,7,31,90,28,0,149,2,0,2,151
02/17/2021,BIL,MT,ANM,WE,Combined TRACON& Tower with Radar,33,92,25,0,150,0,4,18,0,22,33,96,43,0,172,70,0,70,242
02/18/2021,BIL,MT,ANM,WE,Combined TRACON& Tower with Radar,36,56,36,1,129,0,29,101,1,131,36,85,137,2,260,182,0,182,442
02/19/2021,BIL,MT,ANM,WE,Combined TRACON& Tower with Radar,34,71,20,0,125,0,16,26,0,42,34,87,46,0,167,8,0,8,175
02/20/2021,BIL,MT,ANM,WE,Combined TRACON& Tower with Radar,29,51,16,0,96,0,11,60,0,71,29,62,76,0,167,126,0,126,293
02/21/2021,BIL,MT,ANM,WE,Combined TRACON& Tower with Radar,32,29,11,0,72,0,18,10,0,28,32,47,21,0,100,0,0,0,100
02/22/2021,BIL,MT,ANM,WE,Combined TRACON& Tower with Radar,35,43,18,0,96,0,23,5,0,28,35,66,23,0,124,9,0,9,133
02/23/2021,BIL,MT,ANM,WE,Combined TRACON& Tower with Radar,38,82,24,10,154,0,27,4,0,31,38,109,28,10,185,2,14,16,201
02/24/2021,BIL,MT,ANM,WE,Combined TRACON& Tower with Radar,38,75,45,3,161,0,16,53,2,71,38,91,98,5,232,56,8,64,296
02/25/2021,BIL,MT,ANM,WE,Combined TRACON& Tower with Radar,38,67,23,0,128,0,30,21,0,51,38,97,44,0,179,48,0,48,227
02/26/2021,BIL,MT,ANM,WE,Combined TRACON& Tower with Radar,36,66,24,6,132,0,17,35,0,52,36,83,59,6,184,30,8,38,222
02/27/2021,BIL,MT,ANM,WE,Combined TRACON& Tower with Radar,31,61,14,0,106,0,0,22,0,22,31,61,36,0,128,28,0,28,156
02/28/2021,BIL,MT,ANM,WE,Combined TRACON& Tower with Radar,30,24,9,0,63,0,19,30,0,49,30,43,39,0,112,50,0,50,162
03/01/2021,BIL,MT,ANM,WE,Combined TRACON& Tower with Radar,33,44,27,0,104,0,27,37,0,64,33,71,64,0,168,24,0,24,192
03/02/2021,BIL,MT,ANM,WE,Combined TRACON& Tower with Radar,38,50,27,1,116,0,44,106,1,151,38,94,133,2,267,111,0,111,378
03/03/2021,BIL,MT,ANM,WE,Combined TRACON& Tower with Radar,40,48,25,1,114,0,36,112,1,149,40,84,137,2,263,124,0,124,387
03/04/2021,BIL,MT,ANM,WE,Combined TRACON& Tower with Radar,42,60,39,14,155,0,32,116,0,148,42,92,155,14,303,128,0,128,431
03/05/2021,BIL,MT,ANM,WE,Combined TRACON& Tower with Radar,38,65,33,0,136,0,31,106,0,137,38,96,139,0,273,148,0,148,421
03/06/2021,BIL,MT,ANM,WE,Combined TRACON& Tower with Radar,39,37,14,0,90,0,22,81,0,103,39,59,95,0,193,48,0,48,241
03/07/2021,BIL,MT,ANM,WE,Combined TRACON& Tower with Radar,33,20,11,0,64,0,20,62,0,82,33,40,73,0,146,44,0,44,190
03/08/2021,BIL,MT,ANM,WE,Combined TRACON& Tower with Radar,35,44,29,24,132,0,29,71,0,100,35,73,100,24,232,86,26,112,344
03/09/2021,BIL,MT,ANM,WE,Combined TRACON& Tower with Radar,41,72,40,0,153,0,10,45,0,55,41,82,85,0,208,110,0,110,318
03/10/2021,BIL,MT,ANM,WE,Combined TRACON& Tower with Radar,42,61,30,10,143,0,22,94,1,117,42,83,124,11,260,176,36,212,472
03/11/2021,BIL,MT,ANM,WE,Combined TRACON& Tower with Radar,39,83,46,5,173,0,9,62,3,74,39,92,108,8,247,30,0,30,277
03/12/2021,BIL,MT,ANM,WE,Combined TRACON& Tower with Radar,39,67,30,0,136,0,30,112,0,142,39,97,142,0,278,122,0,122,400
03/13/2021,BIL,MT,ANM,WE,Combined TRACON& Tower with Radar,33,42,15,0,90,0,24,89,0,113,33,66,104,0,203,80,0,80,283
03/14/2021,BIL,MT,ANM,WE,Combined TRACON& Tower with Radar,31,27,24,0,82,0,15,41,0,56,31,42,65,0,138,0,0,0,138
03/15/2021,BIL,MT,ANM,WE,Combined TRACON& Tower with Radar,33,53,28,4,118,0,21,88,2,111,33,74,116,6,229,162,10,172,401
03/16/2021,BIL,MT,ANM,WE,Combined TRACON& Tower with Radar,42,88,22,0,152,0,5,18,0,23,42,93,40,0,175,34,0,34,209
03/17/2021,BIL,MT,ANM,WE,Combined TRACON& Tower with Radar,44,57,36,1,138,0,34,110,1,145,44,91,146,2,283,125,0,125,408
03/18/2021,BIL,MT,ANM,WE,Combined TRACON& Tower with Radar,42,55,38,1,136,0,37,90,2,129,42,92,128,3,265,122,0,122,387
03/19/2021,BIL,MT,ANM,WE,Combined TRACON& Tower with Radar,40,62,34,0,136,0,27,70,0,97,40,89,104,0,233,42,0,42,275
03/20/2021,BIL,MT,ANM,WE,Combined TRACON& Tower with Radar,32,67,7,0,106,0,6,1,0,7,32,73,8,0,113,0,0,0,113
03/21/2021,BIL,MT,ANM,WE,Combined TRACON& Tower with Radar,31,17,16,0,64,0,28,51,0,79,31,45,67,0,143,36,0,36,179
03/22/2021,BIL,MT,ANM,WE,Combined TRACON& Tower with Radar,34,60,30,0,124,0,22,59,1,82,34,82,89,1,206,78,0,78,284
03/23/2021,BIL,MT,ANM,WE,Combined TRACON& Tower with Radar,40,86,30,0,156,0,23,29,0,52,40,109,59,0,208,58,0,58,266
03/24/2021,BIL,MT,ANM,WE,Combined TRACON& Tower with Radar,42,54,36,0,132,0,41,62,3,106,42,95,98,3,238,62,4,66,304
03/25/2021,BIL,MT,ANM,WE,Combined TRACON& Tower with Radar,39,79,38,20,176,0,18,70,2,90,39,97,108,22,266,48,28,76,342
03/26/2021,BIL,MT,ANM,WE,Combined TRACON& Tower with Radar,38,76,13,0,127,0,7,14,0,21,38,83,27,0,148,50,0,50,198
03/27/2021,BIL,MT,ANM,WE,Combined TRACON& Tower with Radar,36,53,19,0,108,0,5,48,1,54,36,58,67,1,162,98,0,98,260
03/28/2021,BIL,MT,ANM,WE,Combined TRACON& Tower with Radar,31,20,11,0,62,0,13,11,0,24,31,33,22,0,86,0,0,0,86
03/29/2021,BIL,MT,ANM,WE,Combined TRACON& Tower with Radar,31,39,8,0,78,0,14,3,0,17,31,53,11,0,95,2,0,2,97
03/30/2021,BIL,MT,ANM,WE,Combined TRACON& Tower with Radar,47,80,33,4,164,0,25,46,0,71,47,105,79,4,235,110,4,114,349
03/31/2021,BIL,MT,ANM,WE,Combined TRACON& Tower with Radar,42,60,43,0,145,0,38,81,0,119,42,98,124,0,264,76,0,76,340
04/01/2021,BIL,MT,ANM,WE,Combined TRACON& Tower with Radar,42,57,25,6,130,0,40,57,4,101,42,97,82,10,231,48,2,50,281
04/02/2021,BIL,MT,ANM,WE,Combined TRACON& Tower with Radar,36,47,26,0,109,0,35,106,0,141,36,82,132,0,250,176,0,176,426
04/03/2021,BIL,MT,ANM,WE,Combined TRACON& Tower with Radar,30,27,18,0,75,0,28,72,1,101,30,55,90,1,176,28,0,28,204
04/04/2021,BIL,MT,ANM,WE,Combined TRACON& Tower with Radar,31,17,16,0,64,0,29,45,0,74,31,46,61,0,138,45,0,45,183
04/05/2021,BIL,MT,ANM,WE,Combined TRACON& Tower with Radar,31,53,28,0,112,0,22,31,0,53,31,75,59,0,165,26,0,26,191
04/06/2021,BIL,MT,ANM,WE,Combined TRACON& Tower with Radar,40,107,25,0,172,0,2,7,0,9,40,109,32,0,181,9,0,9,190
04/07/2021,BIL,MT,ANM,WE,Combined TRACON& Tower with Radar,42,59,45,2,148,0,36,102,0,138,42,95,147,2,286,66,0,66,352
04/08/2021,BIL,MT,ANM,WE,Combined TRACON& Tower with Radar,40,83,39,1,163,0,25,48,0,73,40,108,87,1,236,76,0,76,312
04/09/2021,BIL,MT,ANM,WE,Combined TRACON& Tower with Radar,38,74,23,6,141,0,42,90,5,137,38,116,113,11,278,118,0,118,396
04/10/2021,BIL,MT,ANM,WE,Combined TRACON& Tower with Radar,30,42,12,0,84,0,29,34,0,63,30,71,46,0,147,20,0,20,167
04/11/2021,BIL,MT,ANM,WE,Combined TRACON& Tower with Radar,29,47,15,0,91,0,7,7,0,14,29,54,22,0,105,6,0,6,111
04/12/2021,BIL,MT,ANM,WE,Combined TRACON& Tower with Radar,33,67,24,0,124,0,12,40,0,52,33,79,64,0,176,56,0,56,232
04/13/2021,BIL,MT,ANM,WE,Combined TRACON& Tower with Radar,40,82,31,6,159,0,10,32,6,48,40,92,63,12,207,32,0,32,239
04/14/2021,BIL,MT,ANM,WE,Combined TRACON& Tower with Radar,40,85,35,7,167,0,2,14,2,18,40,87,49,9,185,26,28,54,239
04/15/2021,BIL,MT,ANM,WE,Combined TRACON& Tower with Radar,39,88,34,0,161,0,0,1,0,1,39,88,35,0,162,0,0,0,162
04/16/2021,BIL,MT,ANM,WE,Combined TRACON& Tower with Radar,40,81,13,0,134,0,7,37,0,44,40,88,50,0,178,32,0,32,210
04/17/2021,BIL,MT,ANM,WE,Combined TRACON& Tower with Radar,30,36,24,0,90,0,28,102,0,130,30,64,126,0,220,140,0,140,360
04/18/2021,BIL,MT,ANM,WE,Combined TRACON& Tower with Radar,29,38,15,0,82,0,6,16,0,22,29,44,31,0,104,14,0,14,118
04/19/2021,BIL,MT,ANM,WE,Combined TRACON& Tower with Radar,35,77,19,0,131,0,10,10,1,21,35,87,29,1,152,0,0,0,152
04/20/2021,BIL,MT,ANM,WE,Combined TRACON& Tower with Radar,39,95,15,0,149,0,16,61,0,77,39,111,76,0,226,102,0,102,328
04/21/2021,BIL,MT,ANM,WE,Combined TRACON& Tower with Radar,38,56,46,3,143,5,46,132,3,186,43,102,178,6,329,296,34,330,659
04/22/2021,BIL,MT,ANM,WE,Combined TRACON& Tower with Radar,38,62,43,3,146,0,35,75,11,121,38,97,118,14,267,64,58,122,389
04/23/2021,BIL,MT,ANM,WE,Combined TRACON& Tower with Radar,37,88,28,0,153,0,8,14,0,22,37,96,42,0,175,8,0,8,183
04/24/2021,BIL,MT,ANM,WE,Combined TRACON& Tower with Radar,32,57,15,0,104,0,13,41,0,54,32,70,56,0,158,14,0,14,172
04/25/2021,BIL,MT,ANM,WE,Combined TRACON& Tower with Radar,29,37,24,2,92,0,7,15,0,22,29,44,39,2,114,62,0,62,176
04/26/2021,BIL,MT,ANM,WE,Combined TRACON& Tower with Radar,33,64,26,0,123,0,6,43,0,49,33,70,69,0,172,96,0,96,268
04/27/2021,BIL,MT,ANM,WE,Combined TRACON& Tower with Radar,39,64,58,0,161,0,34,136,0,170,39,98,194,0,331,234,0,234,565
04/28/2021,BIL,MT,ANM,WE,Combined TRACON& Tower with Radar,40,56,40,7,143,0,42,90,6,138,40,98,130,13,281,112,28,140,421
04/29/2021,BIL,MT,ANM,WE,Combined TRACON& Tower with Radar,39,52,32,0,123,0,34,96,0,130,39,86,128,0,253,92,0,92,345
04/30/2021,BIL,MT,ANM,WE,Combined TRACON& Tower with Radar,38,50,30,0,118,0,28,66,0,94,38,78,96,0,212,88,0,88,300
05/01/2021,BIL,MT,ANM,WE,Combined TRACON& Tower with Radar,30,39,19,0,88,0,22,53,0,75,30,61,72,0,163,36,0,36,199
05/02/2021,BIL,MT,ANM,WE,Combined TRACON& Tower with Radar,30,38,29,0,97,0,2,12,5,19,30,40,41,5,116,4,0,4,120
05/03/2021,BIL,MT,ANM,WE,Combined TRACON& Tower with Radar,36,53,33,0,122,0,25,87,0,112,36,78,120,0,234,178,0,178,412
05/04/2021,BIL,MT,ANM,WE,Combined TRACON& Tower with Radar,39,59,31,4,133,0,24,52,0,76,39,83,83,4,209,74,0,74,283
05/05/2021,BIL,MT,ANM,WE,Combined TRACON& Tower with Radar,40,65,45,12,162,1,27,72,2,102,41,92,117,14,264,135,14,149,413
05/06/2021,BIL,MT,ANM,WE,Combined TRACON& Tower with Radar,43,54,29,0,126,0,41,127,0,168,43,95,156,0,294,205,0,205,499
05/07/2021,BIL,MT,ANM,WE,Combined TRACON& Tower with Radar,41,58,33,0,132,0,35,84,0,119,41,93,117,0,251,169,0,169,420
05/08/2021,BIL,MT,ANM,WE,Combined TRACON& Tower with Radar,32,56,13,0,101,0,5,4,0,9,32,61,17,0,110,42,0,42,152
05/09/2021,BIL,MT,ANM,WE,Combined TRACON& Tower with Radar,34,38,19,0,91,0,4,7,0,11,34,42,26,0,102,61,0,61,163
05/10/2021,BIL,MT,ANM,WE,Combined TRACON& Tower with Radar,39,75,34,0,148,0,11,31,0,42,39,86,65,0,190,102,0,102,292
05/11/2021,BIL,MT,ANM,WE,Combined TRACON& Tower with Radar,38,65,35,2,140,0,30,138,0,168,38,95,173,2,308,6,0,6,314
05/12/2021,BIL,MT,ANM,WE,Combined TRACON& Tower with Radar,39,75,40,0,154,0,41,112,0,153,39,116,152,0,307,211,0,211,518
05/13/2021,BIL,MT,ANM,WE,Combined TRACON& Tower with Radar,42,62,46,6,156,0,41,61,3,105,42,103,107,9,261,70,2,72,333
05/14/2021,BIL,MT,ANM,WE,Combined TRACON& Tower with Radar,43,55,30,0,128,0,39,69,1,109,43,94,99,1,237,78,0,78,315
05/15/2021,BIL,MT,ANM,WE,Combined TRACON& Tower with Radar,31,36,17,0,84,0,29,52,2,83,31,65,69,2,167,135,0,135,302
05/16/2021,BIL,MT,ANM,WE,Combined TRACON& Tower with Radar,33,21,30,4,88,4,31,67,0,102,37,52,97,4,190,175,0,175,365
05/17/2021,BIL,MT,ANM,WE,Combined TRACON& Tower with Radar,38,53,36,8,135,0,39,83,2,124,38,92,119,10,259,112,8,120,379
05/18/2021,BIL,MT,ANM,WE,Combined TRACON& Tower with Radar,42,68,28,4,142,0,40,65,0,105,42,108,93,4,247,120,0,120,367
05/19/2021,BIL,MT,ANM,WE,Combined TRACON& Tower with Radar,41,57,32,0,130,0,33,46,0,79,41,90,78,0,209,52,0,52,261
05/20/2021,BIL,MT,ANM,WE,Combined TRACON& Tower with Radar,44,101,29,0,174,0,14,6,1,21,44,115,35,1,195,24,0,24,219
05/21/2021,BIL,MT,ANM,WE,Combined TRACON& Tower with Radar,45,94,20,0,159,0,0,2,1,3,45,94,22,1,162,0,0,0,162
05/22/2021,BIL,MT,ANM,WE,Combined TRACON& Tower with Radar,33,83,15,0,131,0,10,10,1,21,33,93,25,1,152,92,0,92,244
05/23/2021,BIL,MT,ANM,WE,Combined TRACON& Tower with Radar,35,44,25,2,106,0,6,14,2,22,35,50,39,4,128,80,0,80,208
05/24/2021,BIL,MT,ANM,WE,Combined TRACON& Tower with Radar,42,59,26,1,128,0,23,14,2,39,42,82,40,3,167,44,0,44,211
05/25/2021,BIL,MT,ANM,WE,Combined TRACON& Tower with Radar,41,91,40,0,172,0,28,50,0,78,41,119,90,0,250,128,0,128,378
05/26/2021,BIL,MT,ANM,WE,Combined TRACON& Tower with Radar,39,76,56,6,177,0,6,31,3,40,39,82,87,9,217,32,16,48,265
05/27/2021,BIL,MT,ANM,WE,Combined TRACON& Tower with Radar,45,78,51,2,176,0,14,91,0,105,45,92,142,2,281,280,0,280,561
05/28/2021,BIL,MT,ANM,WE,Combined TRACON& Tower with Radar,49,69,39,0,157,0,33,53,0,86,49,102,92,0,243,88,0,88,331
05/29/2021,BIL,MT,ANM,WE,Combined TRACON& Tower with Radar,34,42,24,0,100,0,22,61,0,83,34,64,85,0,183,163,0,163,346
05/30/2021,BIL,MT,ANM,WE,Combined TRACON& Tower with Radar,33,17,18,0,68,0,21,46,0,67,33,38,64,0,135,114,0,114,249
05/31/2021,BIL,MT,ANM,WE,Combined TRACON& Tower with Radar,37,15,18,0,70,0,23,45,0,68,37,38,63,0,138,58,0,58,196
06/01/2021,BIL,MT,ANM,WE,Combined TRACON& Tower with Radar,32,48,29,0,109,0,40,80,1,121,32,88,109,1,230,218,1,219,449
06/02/2021,BIL,MT,ANM,WE,Combined TRACON& Tower with Radar,42,67,33,26,168,0,50,101,0,151,42,117,134,26,319,120,0,120,439
06/03/2021,BIL,MT,ANM,WE,Combined TRACON& Tower with Radar,49,69,26,0,144,0,46,69,1,116,49,115,95,1,260,165,0,165,425
06/04/2021,BIL,MT,ANM,WE,Combined TRACON& Tower with Radar,50,50,27,4,131,0,30,73,0,103,50,80,100,4,234,76,0,76,310
06/05/2021,BIL,MT,ANM,WE,Combined TRACON& Tower with Radar,36,43,18,1,98,0,27,46,4,77,36,70,64,5,175,23,2,25,200
06/06/2021,BIL,MT,ANM,WE,Combined TRACON& Tower with Radar,38,20,22,1,81,0,26,36,0,62,38,46,58,1,143,30,0,30,173
06/07/2021,BIL,MT,ANM,WE,Combined TRACON& Tower with Radar,47,57,28,0,132,0,38,74,1,113,47,95,102,1,245,70,0,70,315
06/08/2021,BIL,MT,ANM,WE,Combined TRACON& Tower with Radar,44,73,27,0,144,0,33,54,0,87,44,106,81,0,231,88,0,88,319
06/09/2021,BIL,MT,ANM,WE,Combined TRACON& Tower with Radar,42,63,42,5,152,6,28,108,8,150,48,91,150,13,302,104,22,126,428
06/10/2021,BIL,MT,ANM,WE,Combined TRACON& Tower with Radar,54,67,44,0,165,0,19,45,0,64,54,86,89,0,229,88,0,88,317
06/11/2021,BIL,MT,ANM,WE,Combined TRACON& Tower with Radar,48,74,41,2,165,0,35,55,4,94,48,109,96,6,259,0,0,0,259
06/12/2021,BIL,MT,ANM,WE,Combined TRACON& Tower with Radar,40,37,23,0,100,0,30,59,0,89,40,67,82,0,189,76,0,76,265
06/13/2021,BIL,MT,ANM,WE,Combined TRACON& Tower with Radar,41,19,16,0,76,0,33,41,1,75,41,52,57,1,151,94,0,94,245
06/14/2021,BIL,MT,ANM,WE,Combined TRACON& Tower with Radar,42,80,33,1,156,0,45,123,5,173,42,125,156,6,329,86,0,86,415
06/15/2021,BIL,MT,ANM,WE,Combined TRACON& Tower with Radar,47,67,31,7,152,2,43,132,6,183,49,110,163,13,335,61,24,85,420
06/16/2021,BIL,MT,ANM,WE,Combined TRACON& Tower with Radar,42,65,46,6,159,4,41,185,9,239,46,106,231,15,398,95,12,107,505
06/17/2021,BIL,MT,ANM,WE,Combined TRACON& Tower with Radar,49,67,33,0,149,1,47,124,4,176,50,114,157,4,325,40,0,40,365
06/18/2021,BIL,MT,ANM,WE,Combined TRACON& Tower with Radar,43,66,51,1,161,0,33,165,10,208,43,99,216,11,369,128,0,128,497
06/19/2021,BIL,MT,ANM,WE,Combined TRACON& Tower with Radar,39,43,18,0,100,0,28,96,9,133,39,71,114,9,233,97,3,100,333
06/20/2021,BIL,MT,ANM,WE,Combined TRACON& Tower with Radar,39,43,14,0,96,0,6,19,0,25,39,49,33,0,121,0,0,0,121
06/21/2021,BIL,MT,ANM,WE,Combined TRACON& Tower with Radar,40,52,38,0,130,0,33,101,1,135,40,85,139,1,265,127,0,127,392
06/22/2021,BIL,MT,ANM,WE,Combined TRACON& Tower with Radar,47,59,30,4,140,2,46,84,2,134,49,105,114,6,274,140,10,150,424
06/23/2021,BIL,MT,ANM,WE,Combined TRACON& Tower with Radar,45,55,37,10,147,0,38,53,3,94,45,93,90,13,241,98,10,108,349
06/24/2021,BIL,MT,ANM,WE,Combined TRACON& Tower with Radar,51,63,40,0,154,0,35,61,0,96,51,98,101,0,250,99,0,99,349
06/25/2021,BIL,MT,ANM,WE,Combined TRACON& Tower with Radar,47,73,52,0,172,0,20,75,1,96,47,93,127,1,268,164,4,168,436
06/26/2021,BIL,MT,ANM,WE,Combined TRACON& Tower with Radar,38,50,18,2,108,0,18,46,2,66,38,68,64,4,174,43,0,43,217
06/27/2021,BIL,MT,ANM,WE,Combined TRACON& Tower with Radar,42,41,20,4,107,1,22,29,0,52,43,63,49,4,159,60,0,60,219
06/28/2021,BIL,MT,ANM,WE,Combined TRACON& Tower with Radar,46,53,38,0,137,0,33,83,0,116,46,86,121,0,253,160,0,160,413
06/29/2021,BIL,MT,ANM,WE,Combined TRACON& Tower with Radar,46,59,50,0,155,0,35,77,0,112,46,94,127,0,267,164,0,164,431
06/30/2021,BIL,MT,ANM,WE,Combined TRACON& Tower with Radar,45,53,52,9,159,0,36,94,6,136,45,89,146,15,295,172,12,184,479
07/01/2021,BIL,MT,ANM,WE,Combined TRACON& Tower with Radar,52,59,46,0,157,0,31,106,2,139,52,90,152,2,296,82,8,90,386
07/02/2021,BIL,MT,ANM,WE,Combined TRACON& Tower with Radar,50,62,32,0,144,0,28,64,0,92,50,90,96,0,236,84,0,84,320
07/03/2021,BIL,MT,ANM,WE,Combined TRACON& Tower with Radar,35,41,25,0,101,0,24,48,1,73,35,65,73,1,174,20,0,20,194
07/04/2021,BIL,MT,ANM,WE,Combined TRACON& Tower with Radar,34,30,8,2,74,0,32,56,1,89,34,62,64,3,163,74,0,74,237
07/05/2021,BIL,MT,ANM,WE,Combined TRACON& Tower with Radar,42,30,16,0,88,0,25,45,1,71,42,55,61,1,159,65,0,65,224
07/06/2021,BIL,MT,ANM,WE,Combined TRACON& Tower with Radar,38,80,31,1,150,0,32,109,2,143,38,112,140,3,293,90,4,94,387
07/07/2021,BIL,MT,ANM,WE,Combined TRACON& Tower with Radar,44,70,23,0,137,2,24,95,0,121,46,94,118,0,258,154,0,154,412
07/08/2021,BIL,MT,ANM,WE,Combined TRACON& Tower with Radar,51,69,39,0,159,0,43,113,0,156,51,112,152,0,315,120,0,120,435
07/09/2021,BIL,MT,ANM,WE,Combined TRACON& Tower with Radar,53,75,39,0,167,0,37,100,2,139,53,112,139,2,306,152,0,152,458
07/10/2021,BIL,MT,ANM,WE,Combined TRACON& Tower with Radar,34,53,26,0,113,0,26,109,5,140,34,79,135,5,253,43,0,43,296
07/11/2021,BIL,MT,ANM,WE,Combined TRACON& Tower with Radar,43,31,23,0,97,4,17,74,1,96,47,48,97,1,193,102,0,102,295
07/12/2021,BIL,MT,ANM,WE,Combined TRACON& Tower with Radar,45,56,30,0,131,0,27,90,2,119,45,83,120,2,250,64,0,64,314
07/13/2021,BIL,MT,ANM,WE,Combined TRACON& Tower with Radar,48,96,43,0,187,0,25,52,0,77,48,121,95,0,264,34,0,34,298
07/14/2021,BIL,MT,ANM,WE,Combined TRACON& Tower with Radar,44,58,37,9,148,0,31,113,1,145,44,89,150,10,293,172,6,178,471
07/15/2021,BIL,MT,ANM,WE,Combined TRACON& Tower with Radar,52,65,38,2,157,0,36,78,0,114,52,101,116,2,271,118,0,118,389
07/16/2021,BIL,MT,ANM,WE,Combined TRACON& Tower with Radar,48,64,39,0,151,0,27,68,2,97,48,91,107,2,248,94,0,94,342
07/17/2021,BIL,MT,ANM,WE,Combined TRACON& Tower with Radar,34,60,29,0,123,0,14,93,3,110,34,74,122,3,233,120,0,120,353
07/18/2021,BIL,MT,ANM,WE,Combined TRACON& Tower with Radar,41,30,23,0,94,0,21,32,0,53,41,51,55,0,147,50,0,50,197
07/19/2021,BIL,MT,ANM,WE,Combined TRACON& Tower with Radar,47,65,33,1,146,0,23,92,2,117,47,88,125,3,263,98,0,98,361
07/20/2021,BIL,MT,ANM,WE,Combined TRACON& Tower with Radar,46,76,39,6,167,0,20,80,1,101,46,96,119,7,268,158,10,168,436
07/21/2021,BIL,MT,ANM,WE,Combined TRACON& Tower with Radar,44,72,45,1,162,0,26,80,1,107,44,98,125,2,269,150,0,150,419
07/22/2021,BIL,MT,ANM,WE,Combined TRACON& Tower with Radar,54,65,42,0,161,2,27,84,0,113,56,92,126,0,274,78,0,78,352
07/23/2021,BIL,MT,ANM,WE,Combined TRACON& Tower with Radar,44,65,42,1,152,0,41,100,2,143,44,106,142,3,295,76,6,82,377
07/24/2021,BIL,MT,ANM,WE,Combined TRACON& Tower with Radar,36,46,26,0,108,0,32,60,2,94,36,78,86,2,202,77,0,77,279
07/25/2021,BIL,MT,ANM,WE,Combined TRACON& Tower with Radar,47,35,37,0,119,0,22,74,13,109,47,57,111,13,228,50,0,50,278
07/26/2021,BIL,MT,ANM,WE,Combined TRACON& Tower with Radar,43,59,49,0,151,0,27,85,10,122,43,86,134,10,273,62,0,62,335
07/27/2021,BIL,MT,ANM,WE,Combined TRACON& Tower with Radar,48,85,35,7,175,0,14,111,14,139,48,99,146,21,314,101,22,123,437
07/28/2021,BIL,MT,ANM,WE,Combined TRACON& Tower with Radar,44,74,36,0,154,0,18,107,3,128,44,92,143,3,282,79,2,81,363
07/29/2021,BIL,MT,ANM,WE,Combined TRACON& Tower with Radar,53,85,50,0,188,0,30,95,6,131,53,115,145,6,319,132,0,132,451
07/30/2021,BIL,MT,ANM,WE,Combined TRACON& Tower with Radar,50,61,53,0,164,0,49,90,2,141,50,110,143,2,305,201,0,201,506
07/31/2021,BIL,MT,ANM,WE,Combined TRACON& Tower with Radar,36,50,45,0,131,0,25,48,5,78,36,75,93,5,209,107,0,107,316
08/01/2021,BIL,MT,ANM,WE,Combined TRACON& Tower with Radar,40,34,27,1,102,0,18,78,10,106,40,52,105,11,208,60,0,60,268
08/02/2021,BIL,MT,ANM,WE,Combined TRACON& Tower with Radar,40,64,42,0,146,0,29,94,2,125,40,93,136,2,271,28,0,28,299
08/03/2021,BIL,MT,ANM,WE,Combined TRACON& Tower with Radar,46,70,31,0,147,0,25,31,0,56,46,95,62,0,203,53,0,53,256
08/04/2021,BIL,MT,ANM,WE,Combined TRACON& Tower with Radar,42,89,30,0,161,0,27,76,4,107,42,116,106,4,268,74,0,74,342
08/05/2021,BIL,MT,ANM,WE,Combined TRACON& Tower with Radar,49,82,23,0,154,0,34,42,4,80,49,116,65,4,234,66,0,66,300
08/06/2021,BIL,MT,ANM,WE,Combined TRACON& Tower with Radar,44,89,31,6,170,0,35,36,4,75,44,124,67,10,245,38,0,38,283
08/07/2021,BIL,MT,ANM,WE,Combined TRACON& Tower with Radar,38,48,18,1,105,0,14,34,6,54,38,62,52,7,159,26,0,26,185
08/08/2021,BIL,MT,ANM,WE,Combined TRACON& Tower with Radar,39,34,31,2,106,0,10,73,4,87,39,44,104,6,193,44,0,44,237
08/09/2021,BIL,MT,ANM,WE,Combined TRACON& Tower with Radar,42,73,28,3,146,0,28,123,14,165,42,101,151,17,311,26,0,26,337
08/10/2021,BIL,MT,ANM,WE,Combined TRACON& Tower with Radar,50,87,43,1,181,4,40,124,22,190,54,127,167,23,371,70,0,70,441
08/11/2021,BIL,MT,ANM,WE,Combined TRACON& Tower with Radar,43,74,43,4,164,1,32,165,27,225,44,106,208,31,389,54,14,68,457
08/12/2021,BIL,MT,ANM,WE,Combined TRACON& Tower with Radar,51,69,34,4,158,0,31,119,9,159,51,100,153,13,317,111,0,111,428
08/13/2021,BIL,MT,ANM,WE,Combined TRACON& Tower with Radar,56,63,18,0,137,6,31,66,1,104,62,94,84,1,241,51,0,51,292
08/14/2021,BIL,MT,ANM,WE,Combined TRACON& Tower with Radar,37,48,20,2,107,0,19,79,0,98,37,67,99,2,205,105,0,105,310
08/15/2021,BIL,MT,ANM,WE,Combined TRACON& Tower with Radar,40,32,26,0,98,0,0,29,9,38,40,32,55,9,136,12,0,12,148
08/16/2021,BIL,MT,ANM,WE,Combined TRACON& Tower with Radar,41,69,38,2,150,0,7,45,3,55,41,76,83,5,205,34,0,34,239
08/17/2021,BIL,MT,ANM,WE,Combined TRACON& Tower with Radar,48,79,34,2,163,0,13,30,4,47,48,92,64,6,210,68,4,72,282
08/18/2021,BIL,MT,ANM,WE,Combined TRACON& Tower with Radar,42,104,45,2,193,0,1,11,5,17,42,105,56,7,210,0,0,0,210
08/19/2021,BIL,MT,ANM,WE,Combined TRACON& Tower with Radar,50,118,56,0,224,0,0,5,0,5,50,118,61,0,229,28,0,28,257
08/20/2021,BIL,MT,ANM,WE,Combined TRACON& Tower with Radar,42,114,56,4,216,0,14,36,0,50,42,128,92,4,266,14,2,16,282
08/21/2021,BIL,MT,ANM,WE,Combined TRACON& Tower with Radar,36,50,21,0,107,0,21,62,0,83,36,71,83,0,190,143,0,143,333
08/22/2021,BIL,MT,ANM,WE,Combined TRACON& Tower with Radar,42,60,24,0,126,0,10,30,0,40,42,70,54,0,166,58,0,58,224
08/23/2021,BIL,MT,ANM,WE,Combined TRACON& Tower with Radar,36,61,41,1,139,13,27,88,5,133,49,88,129,6,272,146,4,150,422
08/24/2021,BIL,MT,ANM,WE,Combined TRACON& Tower with Radar,44,74,32,1,151,0,30,84,2,116,44,104,116,3,267,170,0,170,437
08/25/2021,BIL,MT,ANM,WE,Combined TRACON& Tower with Radar,42,66,29,14,151,2,27,68,0,97,44,93,97,14,248,92,8,100,348
08/26/2021,BIL,MT,ANM,WE,Combined TRACON& Tower with Radar,48,82,35,0,165,0,23,75,6,104,48,105,110,6,269,90,0,90,359
08/27/2021,BIL,MT,ANM,WE,Combined TRACON& Tower with Radar,43,83,30,0,156,12,12,68,0,92,55,95,98,0,248,48,0,48,296
08/28/2021,BIL,MT,ANM,WE,Combined TRACON& Tower with Radar,39,67,19,2,127,0,15,44,1,60,39,82,63,3,187,105,1,106,293
08/29/2021,BIL,MT,ANM,WE,Combined TRACON& Tower with Radar,39,40,33,0,112,0,18,84,0,102,39,58,117,0,214,183,0,183,397
08/30/2021,BIL,MT,ANM,WE,Combined TRACON& Tower with Radar,35,65,34,3,137,0,21,91,4,116,35,86,125,7,253,94,0,94,347
08/31/2021,BIL,MT,ANM,WE,Combined TRACON& Tower with Radar,44,70,34,0,148,0,21,49,0,70,44,91,83,0,218,22,0,22,240
09/01/2021,BIL,MT,ANM,WE,Combined TRACON& Tower with Radar,42,64,51,5,162,0,27,82,0,109,42,91,133,5,271,112,0,112,383
09/02/2021,BIL,MT,ANM,WE,Combined TRACON& Tower with Radar,45,73,31,0,149,0,25,89,1,115,45,98,120,1,264,158,0,158,422
09/03/2021,BIL,MT,ANM,WE,Combined TRACON& Tower with Radar,45,88,31,0,164,0,16,36,1,53,45,104,67,1,217,42,0,42,259
09/04/2021,BIL,MT,ANM,WE,Combined TRACON& Tower with Radar,38,49,34,0,121,0,20,66,3,89,38,69,100,3,210,110,0,110,320
09/05/2021,BIL,MT,ANM,WE,Combined TRACON& Tower with Radar,33,37,15,0,85,0,12,28,1,41,33,49,43,1,126,44,0,44,170
09/06/2021,BIL,MT,ANM,WE,Combined TRACON& Tower with Radar,30,39,27,0,96,0,17,61,0,78,30,56,88,0,174,46,0,46,220
09/07/2021,BIL,MT,ANM,WE,Combined TRACON& Tower with Radar,33,71,34,0,138,0,42,79,4,125,33,113,113,4,263,92,4,96,359
09/08/2021,BIL,MT,ANM,WE,Combined TRACON& Tower with Radar,40,69,57,2,168,0,38,96,0,134,40,107,153,2,302,131,4,135,437
09/09/2021,BIL,MT,ANM,WE,Combined TRACON& Tower with Radar,50,67,39,2,158,0,19,64,0,83,50,86,103,2,241,89,0,89,330
09/10/2021,BIL,MT,ANM,WE,Combined TRACON& Tower with Radar,41,90,46,4,181,0,13,90,0,103,41,103,136,4,284,93,0,93,377
09/11/2021,BIL,MT,ANM,WE,Combined TRACON& Tower with Radar,38,56,22,0,116,0,9,37,7,53,38,65,59,7,169,136,2,138,307
09/12/2021,BIL,MT,ANM,WE,Combined TRACON& Tower with Radar,34,23,24,0,81,0,13,59,0,72,34,36,83,0,153,65,0,65,218
09/13/2021,BIL,MT,ANM,WE,Combined TRACON& Tower with Radar,39,35,20,1,95,0,27,68,2,97,39,62,88,3,192,148,0,148,340
09/14/2021,BIL,MT,ANM,WE,Combined TRACON& Tower with Radar,44,66,37,0,147,0,31,79,0,110,44,97,116,0,257,99,0,99,356
09/15/2021,BIL,MT,ANM,WE,Combined TRACON& Tower with Radar,43,70,38,1,152,0,35,61,1,97,43,105,99,2,249,36,0,36,285
09/16/2021,BIL,MT,ANM,WE,Combined TRACON& Tower with Radar,51,80,34,2,167,0,33,49,0,82,51,113,83,2,249,60,4,64,313
09/17/2021,BIL,MT,ANM,WE,Combined TRACON& Tower with Radar,42,58,58,0,158,0,25,102,2,129,42,83,160,2,287,110,0,110,397
09/18/2021,BIL,MT,ANM,WE,Combined TRACON& Tower with Radar,36,48,20,0,104,0,21,40,0,61,36,69,60,0,165,87,0,87,252
09/19/2021,BIL,MT,ANM,WE,Combined TRACON& Tower with Radar,41,56,21,0,118,0,3,22,0,25,41,59,43,0,143,26,0,26,169
09/20/2021,BIL,MT,ANM,WE,Combined TRACON& Tower with Radar,37,62,39,0,138,0,18,51,0,69,37,80,90,0,207,64,0,64,271
09/21/2021,BIL,MT,ANM,WE,Combined TRACON& Tower with Radar,41,74,35,4,154,0,32,83,0,115,41,106,118,4,269,69,0,69,338
09/22/2021,BIL,MT,ANM,WE,Combined TRACON& Tower with Radar,46,66,38,0,150,0,32,79,0,111,46,98,117,0,261,116,0,116,377
09/23/2021,BIL,MT,ANM,WE,Combined TRACON& Tower with Radar,51,64,54,6,175,0,29,86,0,115,51,93,140,6,290,96,8,104,394
09/24/2021,BIL,MT,ANM,WE,Combined TRACON& Tower with Radar,42,68,28,7,145,0,17,88,3,108,42,85,116,10,253,131,18,149,402
09/25/2021,BIL,MT,ANM,WE,Combined TRACON& Tower with Radar,37,52,14,1,104,0,25,51,2,78,37,77,65,3,182,104,4,108,290
09/26/2021,BIL,MT,ANM,WE,Combined TRACON& Tower with Radar,40,26,16,2,84,0,20,43,0,63,40,46,59,2,147,110,24,134,281
09/27/2021,BIL,MT,ANM,WE,Combined TRACON& Tower with Radar,37,62,36,6,141,0,25,80,7,112,37,87,116,13,253,100,62,162,415
09/28/2021,BIL,MT,ANM,WE,Combined TRACON& Tower with Radar,42,67,22,13,144,0,22,26,4,52,42,89,48,17,196,58,34,92,288
09/29/2021,BIL,MT,ANM,WE,Combined TRACON& Tower with Radar,44,76,26,19,165,0,28,81,3,112,44,104,107,22,277,102,14,116,393
09/30/2021,BIL,MT,ANM,WE,Combined TRACON& Tower with Radar,51,69,35,14,169,0,41,81,2,124,51,110,116,16,293,84,36,120,413
10/01/2021,BIL,MT,ANM,WE,Combined TRACON& Tower with Radar,41,69,24,2,136,0,23,76,0,99,41,92,100,2,235,72,0,72,307
10/02/2021,BIL,MT,ANM,WE,Combined TRACON& Tower with Radar,37,36,23,2,98,0,21,52,2,75,37,57,75,4,173,50,1,51,224
10/03/2021,BIL,MT,ANM,WE,Combined TRACON& Tower with Radar,41,26,16,0,83,0,20,38,0,58,41,46,54,0,141,32,0,32,173
10/04/2021,BIL,MT,ANM,WE,Combined TRACON& Tower with Radar,39,47,45,0,131,0,21,71,0,92,39,68,116,0,223,112,0,112,335
10/05/2021,BIL,MT,ANM,WE,Combined TRACON& Tower with Radar,38,60,34,20,152,0,27,67,2,96,38,87,101,22,248,38,12,50,298
10/06/2021,BIL,MT,ANM,WE,Combined TRACON& Tower with Radar,41,60,54,6,161,0,24,78,1,103,41,84,132,7,264,87,10,97,361
10/07/2021,BIL,MT,ANM,WE,Combined TRACON& Tower with Radar,43,59,47,0,149,0,19,68,5,92,43,78,115,5,241,84,0,84,325
10/08/2021,BIL,MT,ANM,WE,Combined TRACON& Tower with Radar,36,72,43,0,151,0,11,54,0,65,36,83,97,0,216,32,0,32,248
10/09/2021,BIL,MT,ANM,WE,Combined TRACON& Tower with Radar,29,63,16,0,108,0,3,6,0,9,29,66,22,0,117,8,0,8,125
10/10/2021,BIL,MT,ANM,WE,Combined TRACON& Tower with Radar,31,21,31,4,87,0,17,40,0,57,31,38,71,4,144,58,0,58,202
10/11/2021,BIL,MT,ANM,WE,Combined TRACON& Tower with Radar,31,75,15,0,121,0,1,1,0,2,31,76,16,0,123,0,0,0,123
10/12/2021,BIL,MT,ANM,WE,Combined TRACON& Tower with Radar,34,71,22,0,127,0,0,0,0,0,34,71,22,0,127,0,0,0,127
10/13/2021,BIL,MT,ANM,WE,Combined TRACON& Tower with Radar,36,67,46,0,149,0,16,48,0,64,36,83,94,0,213,46,0,46,259
10/14/2021,BIL,MT,ANM,WE,Combined TRACON& Tower with Radar,39,85,43,0,167,0,10,39,0,49,39,95,82,0,216,40,0,40,256
10/15/2021,BIL,MT,ANM,WE,Combined TRACON& Tower with Radar,35,65,34,3,137,0,23,53,3,79,35,88,87,6,216,39,22,61,277
10/16/2021,BIL,MT,ANM,WE,Combined TRACON& Tower with Radar,25,42,19,0,86,0,25,62,0,87,25,67,81,0,173,92,0,92,265
10/17/2021,BIL,MT,ANM,WE,Combined TRACON& Tower with Radar,30,17,27,0,74,0,25,52,0,77,30,42,79,0,151,57,0,57,208
10/18/2021,BIL,MT,ANM,WE,Combined TRACON& Tower with Radar,30,52,36,1,119,0,26,62,4,92,30,78,98,5,211,88,0,88,299
10/19/2021,BIL,MT,ANM,WE,Combined TRACON& Tower with Radar,39,93,24,2,158,0,0,7,2,9,39,93,31,4,167,0,0,0,167
10/20/2021,BIL,MT,ANM,WE,Combined TRACON& Tower with Radar,38,80,53,4,175,0,9,67,4,80,38,89,120,8,255,66,34,100,355
10/21/2021,BIL,MT,ANM,WE,Combined TRACON& Tower with Radar,35,91,46,0,172,0,34,71,0,105,35,125,117,0,277,115,0,115,392
10/22/2021,BIL,MT,ANM,WE,Combined TRACON& Tower with Radar,33,78,55,8,174,0,27,82,0,109,33,105,137,8,283,80,2,82,365
10/23/2021,BIL,MT,ANM,WE,Combined TRACON& Tower with Radar,24,52,26,0,102,0,6,33,0,39,24,58,59,0,141,28,0,28,169
10/24/2021,BIL,MT,ANM,WE,Combined TRACON& Tower with Radar,31,34,23,0,88,0,4,26,0,30,31,38,49,0,118,28,0,28,146
10/25/2021,BIL,MT,ANM,WE,Combined TRACON& Tower with Radar,31,53,27,7,118,0,12,48,3,63,31,65,75,10,181,112,24,136,317
10/26/2021,BIL,MT,ANM,WE,Combined TRACON& Tower with Radar,38,81,36,0,155,0,8,22,0,30,38,89,58,0,185,18,0,18,203
10/27/2021,BIL,MT,ANM,WE,Combined TRACON& Tower with Radar,36,60,36,2,134,0,18,5,0,23,36,78,41,2,157,0,0,0,157
10/28/2021,BIL,MT,ANM,WE,Combined TRACON& Tower with Radar,40,77,49,0,166,0,18,69,1,88,40,95,118,1,254,81,2,83,337
10/29/2021,BIL,MT,ANM,WE,Combined TRACON& Tower with Radar,34,71,23,3,131,0,26,51,1,78,34,97,74,4,209,50,0,50,259
10/30/2021,BIL,MT,ANM,WE,Combined TRACON& Tower with Radar,27,66,15,0,108,0,1,7,2,10,27,67,22,2,118,22,0,22,140
10/31/2021,BIL,MT,ANM,WE,Combined TRACON& Tower with Radar,26,28,14,0,68,0,13,43,0,56,26,41,57,0,124,82,0,82,206
11/01/2021,BIL,MT,ANM,WE,Combined TRACON& Tower with Radar,29,51,44,0,124,0,42,100,0,142,29,93,144,0,266,149,0,149,415
11/02/2021,BIL,MT,ANM,WE,Combined TRACON& Tower with Radar,37,76,25,0,138,0,42,92,0,134,37,118,117,0,272,103,0,103,375
11/03/2021,BIL,MT,ANM,WE,Combined TRACON& Tower with Radar,34,75,43,0,152,0,36,91,0,127,34,111,134,0,279,127,0,127,406
11/04/2021,BIL,MT,ANM,WE,Combined TRACON& Tower with Radar,34,93,39,2,168,0,33,73,1,107,34,126,112,3,275,78,2,80,355
11/05/2021,BIL,MT,ANM,WE,Combined TRACON& Tower with Radar,36,69,37,0,142,0,29,62,0,91,36,98,99,0,233,46,0,46,279
11/06/2021,BIL,MT,ANM,WE,Combined TRACON& Tower with Radar,25,39,17,0,81,0,23,58,0,81,25,62,75,0,162,65,0,65,227
11/07/2021,BIL,MT,ANM,WE,Combined TRACON& Tower with Radar,25,31,17,2,75,0,17,23,0,40,25,48,40,2,115,86,0,86,201
11/08/2021,BIL,MT,ANM,WE,Combined TRACON& Tower with Radar,30,42,33,0,105,0,21,77,2,100,30,63,110,2,205,108,0,108,313
11/09/2021,BIL,MT,ANM,WE,Combined TRACON& Tower with Radar,34,63,48,10,155,0,24,59,4,87,34,87,107,14,242,116,24,140,382
11/10/2021,BIL,MT,ANM,WE,Combined TRACON& Tower with Radar,31,82,30,1,144,0,16,14,1,31,31,98,44,2,175,0,4,4,179
11/11/2021,BIL,MT,ANM,WE,Combined TRACON& Tower with Radar,41,81,50,0,172,0,13,71,0,84,41,94,121,0,256,90,0,90,346
11/12/2021,BIL,MT,ANM,WE,Combined TRACON& Tower with Radar,32,75,24,0,131,0,9,45,0,54,32,84,69,0,185,66,0,66,251
11/13/2021,BIL,MT,ANM,WE,Combined TRACON& Tower with Radar,25,55,20,0,100,0,10,8,0,18,25,65,28,0,118,0,0,0,118
11/14/2021,BIL,MT,ANM,WE,Combined TRACON& Tower with Radar,25,46,11,0,82,0,3,14,0,17,25,49,25,0,99,16,0,16,115
11/15/2021,BIL,MT,ANM,WE,Combined TRACON& Tower with Radar,27,64,27,0,118,0,23,24,0,47,27,87,51,0,165,46,0,46,211
11/16/2021,BIL,MT,ANM,WE,Combined TRACON& Tower with Radar,36,64,26,0,126,0,3,0,0,3,36,67,26,0,129,0,0,0,129
11/17/2021,BIL,MT,ANM,WE,Combined TRACON& Tower with Radar,34,79,63,0,176,0,36,75,2,113,34,115,138,2,289,114,0,114,403
11/18/2021,BIL,MT,ANM,WE,Combined TRACON& Tower with Radar,35,77,50,19,181,0,32,81,3,116,35,109,131,22,297,78,28,106,403
11/19/2021,BIL,MT,ANM,WE,Combined TRACON& Tower with Radar,34,74,50,0,158,0,14,57,0,71,34,88,107,0,229,81,0,81,310
11/20/2021,BIL,MT,ANM,WE,Combined TRACON& Tower with Radar,25,44,25,0,94,0,16,34,0,50,25,60,59,0,144,4,0,4,148
11/21/2021,BIL,MT,ANM,WE,Combined TRACON& Tower with Radar,26,21,25,0,72,0,20,45,0,65,26,41,70,0,137,17,0,17,154
11/22/2021,BIL,MT,ANM,WE,Combined TRACON& Tower with Radar,30,54,42,11,137,0,27,46,3,76,30,81,88,14,213,65,30,95,308
11/23/2021,BIL,MT,ANM,WE,Combined TRACON& Tower with Radar,34,84,63,0,181,0,22,56,0,78,34,106,119,0,259,47,0,47,306
11/24/2021,BIL,MT,ANM,WE,Combined TRACON& Tower with Radar,35,88,17,0,140,0,5,4,0,9,35,93,21,0,149,1,0,1,150
11/25/2021,BIL,MT,ANM,WE,Combined TRACON& Tower with Radar,12,18,3,0,33,0,18,2,0,20,12,36,5,0,53,0,0,0,53
11/26/2021,BIL,MT,ANM,WE,Combined TRACON& Tower with Radar,29,66,7,0,102,0,17,7,0,24,29,83,14,0,126,0,0,0,126
11/27/2021,BIL,MT,ANM,WE,Combined TRACON& Tower with Radar,25,55,21,0,101,0,10,34,0,44,25,65,55,0,145,23,0,23,168
11/28/2021,BIL,MT,ANM,WE,Combined TRACON& Tower with Radar,34,24,18,0,76,0,11,8,0,19,34,35,26,0,95,1,0,1,96
11/29/2021,BIL,MT,ANM,WE,Combined TRACON& Tower with Radar,32,66,34,0,132,0,22,44,0,66,32,88,78,0,198,30,0,30,228
11/30/2021,BIL,MT,ANM,WE,Combined TRACON& Tower with Radar,40,78,24,6,148,0,28,35,0,63,40,106,59,6,211,49,0,49,260
12/01/2021,BIL,MT,ANM,WE,Combined TRACON& Tower with Radar,38,63,19,4,124,0,27,4,1,32,38,90,23,5,156,0,0,0,156
12/02/2021,BIL,MT,ANM,WE,Combined TRACON& Tower with Radar,45,81,30,0,156,0,20,29,0,49,45,101,59,0,205,35,0,35,240
12/03/2021,BIL,MT,ANM,WE,Combined TRACON& Tower with Radar,38,85,41,8,172,0,7,43,0,50,38,92,84,8,222,25,0,25,247
12/04/2021,BIL,MT,ANM,WE,Combined TRACON& Tower with Radar,27,49,13,0,89,0,0,25,0,25,27,49,38,0,114,42,0,42,156
12/05/2021,BIL,MT,ANM,WE,Combined TRACON& Tower with Radar,32,36,8,0,76,0,0,8,4,12,32,36,16,4,88,3,0,3,91
12/06/2021,BIL,MT,ANM,WE,Combined TRACON& Tower with Radar,39,59,24,3,125,0,5,9,2,16,39,64,33,5,141,0,0,0,141
12/07/2021,BIL,MT,ANM,WE,Combined TRACON& Tower with Radar,42,94,32,0,168,0,19,21,0,40,42,113,53,0,208,3,0,3,211
12/08/2021,BIL,MT,ANM,WE,Combined TRACON& Tower with Radar,43,73,22,0,138,0,24,46,1,71,43,97,68,1,209,22,0,22,231
12/09/2021,BIL,MT,ANM,WE,Combined TRACON& Tower with Radar,43,72,43,0,158,0,29,92,0,121,43,101,135,0,279,77,0,77,356
12/10/2021,BIL,MT,ANM,WE,Combined TRACON& Tower with Radar,39,80,28,0,147,0,18,59,0,77,39,98,87,0,224,50,0,50,274
12/11/2021,BIL,MT,ANM,WE,Combined TRACON& Tower with Radar,26,50,12,4,92,0,15,10,0,25,26,65,22,4,117,0,0,0,117
12/12/2021,BIL,MT,ANM,WE,Combined TRACON& Tower with Radar,32,25,18,0,75,0,20,20,0,40,32,45,38,0,115,42,0,42,157
12/13/2021,BIL,MT,ANM,WE,Combined TRACON& Tower with Radar,33,53,43,7,136,0,33,93,9,135,33,86,136,16,271,180,18,198,469
12/14/2021,BIL,MT,ANM,WE,Combined TRACON& Tower with Radar,45,82,41,16,184,0,39,78,2,119,45,121,119,18,303,64,10,74,377
12/15/2021,BIL,MT,ANM,WE,Combined TRACON& Tower with Radar,40,92,19,0,151,0,17,3,0,20,40,109,22,0,171,0,0,0,171
12/16/2021,BIL,MT,ANM,WE,Combined TRACON& Tower with Radar,37,86,62,6,191,0,28,60,6,94,37,114,122,12,285,94,20,114,399
12/17/2021,BIL,MT,ANM,WE,Combined TRACON& Tower with Radar,40,84,30,0,154,0,7,24,2,33,40,91,54,2,187,6,0,6,193
12/18/2021,BIL,MT,ANM,WE,Combined TRACON& Tower with Radar,33,35,8,0,76,0,13,13,0,26,33,48,21,0,102,4,0,4,106
12/19/2021,BIL,MT,ANM,WE,Combined TRACON& Tower with Radar,31,38,27,0,96,0,5,10,0,15,31,43,37,0,111,2,0,2,113
12/20/2021,BIL,MT,ANM,WE,Combined TRACON& Tower with Radar,36,61,37,0,134,0,14,17,0,31,36,75,54,0,165,8,0,8,173
12/21/2021,BIL,MT,ANM,WE,Combined TRACON& Tower with Radar,43,70,26,0,139,0,34,55,0,89,43,104,81,0,228,43,0,43,271
12/22/2021,BIL,MT,ANM,WE,Combined TRACON& Tower with Radar,41,87,39,25,192,0,36,22,0,58,41,123,61,25,250,42,2,44,294
12/23/2021,BIL,MT,ANM,WE,Combined TRACON& Tower with Radar,38,81,18,0,137,0,29,18,0,47,38,110,36,0,184,3,0,3,187
12/24/2021,BIL,MT,ANM,WE,Combined TRACON& Tower with Radar,36,85,5,0,126,0,7,2,0,9,36,92,7,0,135,0,0,0,135
12/25/2021,BIL,MT,ANM,WE,Combined TRACON& Tower with Radar,14,37,9,0,60,0,0,0,0,0,14,37,9,0,60,0,0,0,60
12/26/2021,BIL,MT,ANM,WE,Combined TRACON& Tower with Radar,17,22,16,0,55,0,0,0,0,0,17,22,16,0,55,0,0,0,55
12/27/2021,BIL,MT,ANM,WE,Combined TRACON& Tower with Radar,27,62,20,0,109,0,3,9,0,12,27,65,29,0,121,0,0,0,121
12/28/2021,BIL,MT,ANM,WE,Combined TRACON& Tower with Radar,38,70,17,0,125,0,21,36,0,57,38,91,53,0,182,13,0,13,195
12/29/2021,BIL,MT,ANM,WE,Combined TRACON& Tower with Radar,39,68,16,0,123,0,10,11,0,21,39,78,27,0,144,6,0,6,150
12/30/2021,BIL,MT,ANM,WE,Combined TRACON& Tower with Radar,30,85,22,0,137,0,4,10,0,14,30,89,32,0,151,24,0,24,175
12/31/2021,BIL,MT,ANM,WE,Combined TRACON& Tower with Radar,32,73,10,0,115,0,0,2,0,2,32,73,12,0,117,0,0,0,117
01/01/2022,BIL,MT,ANM,WE,Combined TRACON& Tower with Radar,15,20,7,0,42,0,9,19,0,28,15,29,26,0,70,0,0,0,70
01/02/2022,BIL,MT,ANM,WE,Combined TRACON& Tower with Radar,27,26,30,0,83,0,22,23,0,45,27,48,53,0,128,27,0,27,155
01/03/2022,BIL,MT,ANM,WE,Combined TRACON& Tower with Radar,29,56,33,0,118,0,31,46,0,77,29,87,79,0,195,53,0,53,248
01/04/2022,BIL,MT,ANM,WE,Combined TRACON& Tower with Radar,33,72,18,0,123,0,5,23,0,28,33,77,41,0,151,13,0,13,164
01/05/2022,BIL,MT,ANM,WE,Combined TRACON& Tower with Radar,34,75,20,0,129,0,14,4,0,18,34,89,24,0,147,0,0,0,147
01/06/2022,BIL,MT,ANM,WE,Combined TRACON& Tower with Radar,32,87,15,0,134,0,0,0,0,0,32,87,15,0,134,0,0,0,134
01/07/2022,BIL,MT,ANM,WE,Combined TRACON& Tower with Radar,34,85,22,33,174,0,16,30,7,53,34,101,52,40,227,21,36,57,284
01/08/2022,BIL,MT,ANM,WE,Combined TRACON& Tower with Radar,21,42,23,0,86,0,11,23,0,34,21,53,46,0,120,14,0,14,134
01/09/2022,BIL,MT,ANM,WE,Combined TRACON& Tower with Radar,31,15,25,0,71,0,16,61,0,77,31,31,86,0,148,28,0,28,176
01/10/2022,BIL,MT,ANM,WE,Combined TRACON& Tower with Radar,25,50,29,1,105,0,30,21,1,52,25,80,50,2,157,9,0,9,166
01/11/2022,BIL,MT,ANM,WE,Combined TRACON& Tower with Radar,36,63,27,0,126,0,26,27,0,53,36,89,54,0,179,29,0,29,208
01/12/2022,BIL,MT,ANM,WE,Combined TRACON& Tower with Radar,33,65,33,0,131,2,36,55,0,93,35,101,88,0,224,85,0,85,309
01/13/2022,BIL,MT,ANM,WE,Combined TRACON& Tower with Radar,35,65,31,0,131,0,28,45,0,73,35,93,76,0,204,26,0,26,230
01/14/2022,BIL,MT,ANM,WE,Combined TRACON& Tower with Radar,32,77,43,0,152,2,6,58,0,66,34,83,101,0,218,81,0,81,299
01/15/2022,BIL,MT,ANM,WE,Combined TRACON& Tower with Radar,24,40,19,0,83,0,25,23,0,48,24,65,42,0,131,10,0,10,141
01/16/2022,BIL,MT,ANM,WE,Combined TRACON& Tower with Radar,25,20,23,1,69,0,20,98,1,119,25,40,121,2,188,95,0,95,283
01/17/2022,BIL,MT,ANM,WE,Combined TRACON& Tower with Radar,27,39,45,0,111,0,38,60,1,99,27,77,105,1,210,26,0,26,236
01/18/2022,BIL,MT,ANM,WE,Combined TRACON& Tower with Radar,34,72,21,0,127,0,1,5,0,6,34,73,26,0,133,0,0,0,133
01/19/2022,BIL,MT,ANM,WE,Combined TRACON& Tower with Radar,34,77,37,0,148,0,32,55,0,87,34,109,92,0,235,90,0,90,325
01/20/2022,BIL,MT,ANM,WE,Combined TRACON& Tower with Radar,38,68,37,0,143,0,33,11,0,44,38,101,48,0,187,10,0,10,197
01/21/2022,BIL,MT,ANM,WE,Combined TRACON& Tower with Radar,32,62,39,4,137,0,12,73,4,89,32,74,112,8,226,41,12,53,279
01/22/2022,BIL,MT,ANM,WE,Combined TRACON& Tower with Radar,22,47,9,0,78,0,10,28,0,38,22,57,37,0,116,15,0,15,131
01/23/2022,BIL,MT,ANM,WE,Combined TRACON& Tower with Radar,25,16,18,0,59,0,20,23,0,43,25,36,41,0,102,0,0,0,102
01/24/2022,BIL,MT,ANM,WE,Combined TRACON& Tower with Radar,33,66,15,10,124,0,0,20,0,20,33,66,35,10,144,19,0,19,163
01/25/2022,BIL,MT,ANM,WE,Combined TRACON& Tower with Radar,36,78,46,10,170,2,16,57,0,75,38,94,103,10,245,78,0,78,323
01/26/2022,BIL,MT,ANM,WE,Combined TRACON& Tower with Radar,34,73,23,4,134,0,28,52,7,87,34,101,75,11,221,68,16,84,305
01/27/2022,BIL,MT,ANM,WE,Combined TRACON& Tower with Radar,36,79,39,3,157,0,8,81,5,94,36,87,120,8,251,76,24,100,351
01/28/2022,BIL,MT,ANM,WE,Combined TRACON& Tower with Radar,32,63,25,0,120,0,27,16,0,43,32,90,41,0,163,5,0,5,168
01/29/2022,BIL,MT,ANM,WE,Combined TRACON& Tower with Radar,24,38,30,0,92,0,26,64,0,90,24,64,94,0,182,40,0,40,222
01/30/2022,BIL,MT,ANM,WE,Combined TRACON& Tower with Radar,25,31,22,6,84,0,11,56,0,67,25,42,78,6,151,88,0,88,239
01/31/2022,BIL,MT,ANM,WE,Combined TRACON& Tower with Radar,27,59,19,0,105,0,9,12,0,21,27,68,31,0,126,8,0,8,134
02/01/2022,BIL,MT,ANM,WE,Combined TRACON& Tower with Radar,37,84,28,0,149,0,9,22,0,31,37,93,50,0,180,19,0,19,199
02/02/2022,BIL,MT,ANM,WE,Combined TRACON& Tower with Radar,33,64,31,0,128,0,17,23,0,40,33,81,54,0,168,6,0,6,174
02/03/2022,BIL,MT,ANM,WE,Combined TRACON& Tower with Radar,27,56,42,2,127,0,24,83,0,107,27,80,125,2,234,72,0,72,306
02/04/2022,BIL,MT,ANM,WE,Combined TRACON& Tower with Radar,29,46,18,0,93,0,25,23,0,48,29,71,41,0,141,7,0,7,148
02/05/2022,BIL,MT,ANM,WE,Combined TRACON& Tower with Radar,24,56,13,0,93,0,12,9,0,21,24,68,22,0,114,0,0,0,114
02/06/2022,BIL,MT,ANM,WE,Combined TRACON& Tower with Radar,25,16,36,0,77,0,23,59,0,82,25,39,95,0,159,50,0,50,209
02/07/2022,BIL,MT,ANM,WE,Combined TRACON& Tower with Radar,27,48,13,0,88,0,23,13,0,36,27,71,26,0,124,24,0,24,148
02/08/2022,BIL,MT,ANM,WE,Combined TRACON& Tower with Radar,37,52,41,0,130,0,35,60,0,95,37,87,101,0,225,17,0,17,242
02/09/2022,BIL,MT,ANM,WE,Combined TRACON& Tower with Radar,34,83,42,0,159,0,14,65,0,79,34,97,107,0,238,65,0,65,303
02/10/2022,BIL,MT,ANM,WE,Combined TRACON& Tower with Radar,35,59,23,0,117,0,24,15,0,39,35,83,38,0,156,0,0,0,156
02/11/2022,BIL,MT,ANM,WE,Combined TRACON& Tower with Radar,31,80,31,0,142,0,2,18,0,20,31,82,49,0,162,12,0,12,174
02/12/2022,BIL,MT,ANM,WE,Combined TRACON& Tower with Radar,25,33,31,0,89,0,23,49,0,72,25,56,80,0,161,34,0,34,195
02/13/2022,BIL,MT,ANM,WE,Combined TRACON& Tower with Radar,25,10,13,0,48,0,25,55,0,80,25,35,68,0,128,60,0,60,188
02/14/2022,BIL,MT,ANM,WE,Combined TRACON& Tower with Radar,27,39,46,2,114,0,29,98,0,127,27,68,144,2,241,70,2,72,313
02/15/2022,BIL,MT,ANM,WE,Combined TRACON& Tower with Radar,36,80,27,0,143,0,3,5,0,8,36,83,32,0,151,0,0,0,151
02/16/2022,BIL,MT,ANM,WE,Combined TRACON& Tower with Radar,33,85,22,0,140,0,4,6,0,10,33,89,28,0,150,8,0,8,158
02/17/2022,BIL,MT,ANM,WE,Combined TRACON& Tower with Radar,39,65,29,0,133,0,22,28,0,50,39,87,57,0,183,0,0,0,183
02/18/2022,BIL,MT,ANM,WE,Combined TRACON& Tower with Radar,31,77,37,0,145,0,3,58,0,61,31,80,95,0,206,47,0,47,253
02/19/2022,BIL,MT,ANM,WE,Combined TRACON& Tower with Radar,24,36,18,0,78,0,29,47,2,78,24,65,65,2,156,19,0,19,175
02/20/2022,BIL,MT,ANM,WE,Combined TRACON& Tower with Radar,12,23,16,0,51,0,0,17,0,17,12,23,33,0,68,0,0,0,68
02/21/2022,BIL,MT,ANM,WE,Combined TRACON& Tower with Radar,28,55,27,0,110,0,0,4,0,4,28,55,31,0,114,6,0,6,120
02/22/2022,BIL,MT,ANM,WE,Combined TRACON& Tower with Radar,34,61,22,0,117,0,3,11,0,14,34,64,33,0,131,0,0,0,131
02/23/2022,BIL,MT,ANM,WE,Combined TRACON& Tower with Radar,30,43,45,0,118,0,24,43,0,67,30,67,88,0,185,18,0,18,203
02/24/2022,BIL,MT,ANM,WE,Combined TRACON& Tower with Radar,36,58,43,0,137,0,23,50,0,73,36,81,93,0,210,44,0,44,254
02/25/2022,BIL,MT,ANM,WE,Combined TRACON& Tower with Radar,32,68,43,4,147,0,32,46,4,82,32,100,89,8,229,26,0,26,255
02/26/2022,BIL,MT,ANM,WE,Combined TRACON& Tower with Radar,26,34,34,0,94,0,31,66,0,97,26,65,100,0,191,16,0,16,207
02/27/2022,BIL,MT,ANM,WE,Combined TRACON& Tower with Radar,26,17,27,0,70,0,20,30,0,50,26,37,57,0,120,6,0,6,126
02/28/2022,BIL,MT,ANM,WE,Combined TRACON& Tower with Radar,27,60,52,2,141,0,29,107,2,138,27,89,159,4,279,39,2,41,320
03/01/2022,BIL,MT,ANM,WE,Combined TRACON& Tower with Radar,35,69,33,0,137,0,20,87,0,107,35,89,120,0,244,89,0,89,333
03/02/2022,BIL,MT,ANM,WE,Combined TRACON& Tower with Radar,35,70,26,5,136,0,14,73,3,90,35,84,99,8,226,140,28,168,394
03/03/2022,BIL,MT,ANM,WE,Combined TRACON& Tower with Radar,32,58,20,0,110,0,0,1,0,1,32,58,21,0,111,0,0,0,111
03/04/2022,BIL,MT,ANM,WE,Combined TRACON& Tower with Radar,31,100,34,0,165,0,0,1,0,1,31,100,35,0,166,0,0,0,166
03/05/2022,BIL,MT,ANM,WE,Combined TRACON& Tower with Radar,25,66,16,0,107,0,0,21,0,21,25,66,37,0,128,19,0,19,147
03/06/2022,BIL,MT,ANM,WE,Combined TRACON& Tower with Radar,26,61,21,0,108,0,4,9,0,13,26,65,30,0,121,25,0,25,146
03/07/2022,BIL,MT,ANM,WE,Combined TRACON& Tower with Radar,29,46,38,0,113,0,24,55,0,79,29,70,93,0,192,26,0,26,218
03/08/2022,BIL,MT,ANM,WE,Combined TRACON& Tower with Radar,34,81,21,0,136,0,1,0,0,1,34,82,21,0,137,0,0,0,137
03/09/2022,BIL,MT,ANM,WE,Combined TRACON& Tower with Radar,35,78,24,0,137,0,18,29,0,47,35,96,53,0,184,40,0,40,224
03/10/2022,BIL,MT,ANM,WE,Combined TRACON& Tower with Radar,36,69,28,0,133,0,26,37,2,65,36,95,65,2,198,26,0,26,224
03/11/2022,BIL,MT,ANM,WE,Combined TRACON& Tower with Radar,32,55,27,0,114,0,27,95,0,122,32,82,122,0,236,98,0,98,334
03/12/2022,BIL,MT,ANM,WE,Combined TRACON& Tower with Radar,25,33,14,0,72,0,19,24,0,43,25,52,38,0,115,20,0,20,135
03/13/2022,BIL,MT,ANM,WE,Combined TRACON& Tower with Radar,25,20,11,0,56,0,2,33,0,35,25,22,44,0,91,29,0,29,120
03/14/2022,BIL,MT,ANM,WE,Combined TRACON& Tower with Radar,28,57,31,2,118,1,32,105,0,138,29,89,136,2,256,85,0,85,341
03/15/2022,BIL,MT,ANM,WE,Combined TRACON& Tower with Radar,36,62,45,0,143,0,33,96,0,129,36,95,141,0,272,86,0,86,358
03/16/2022,BIL,MT,ANM,WE,Combined TRACON& Tower with Radar,34,75,33,0,142,0,23,86,4,113,34,98,119,4,255,130,11,141,396
03/17/2022,BIL,MT,ANM,WE,Combined TRACON& Tower with Radar,35,70,41,6,152,0,35,101,8,144,35,105,142,14,296,109,12,121,417
03/18/2022,BIL,MT,ANM,WE,Combined TRACON& Tower with Radar,32,59,25,0,116,0,23,48,0,71,32,82,73,0,187,47,0,47,234
03/19/2022,BIL,MT,ANM,WE,Combined TRACON& Tower with Radar,24,28,24,2,78,0,21,77,0,98,24,49,101,2,176,85,0,85,261
03/20/2022,BIL,MT,ANM,WE,Combined TRACON& Tower with Radar,27,46,17,0,90,0,2,10,0,12,27,48,27,0,102,12,0,12,114
03/21/2022,BIL,MT,ANM,WE,Combined TRACON& Tower with Radar,27,42,36,2,107,0,27,104,0,131,27,69,140,2,238,70,2,72,310
03/22/2022,BIL,MT,ANM,WE,Combined TRACON& Tower with Radar,35,75,33,39,182,0,30,69,5,104,35,105,102,44,286,74,38,112,398
03/23/2022,BIL,MT,ANM,WE,Combined TRACON& Tower with Radar,35,56,50,8,149,0,43,133,3,179,35,99,183,11,328,101,15,116,444
03/24/2022,BIL,MT,ANM,WE,Combined TRACON& Tower with Radar,36,66,41,0,143,0,27,48,4,79,36,93,89,4,222,28,4,32,254
03/25/2022,BIL,MT,ANM,WE,Combined TRACON& Tower with Radar,32,56,27,4,119,0,24,104,0,128,32,80,131,4,247,80,0,80,327
03/26/2022,BIL,MT,ANM,WE,Combined TRACON& Tower with Radar,25,29,16,0,70,0,15,62,0,77,25,44,78,0,147,52,0,52,199
03/27/2022,BIL,MT,ANM,WE,Combined TRACON& Tower with Radar,28,36,16,0,80,0,16,72,0,88,28,52,88,0,168,93,0,93,261
03/28/2022,BIL,MT,ANM,WE,Combined TRACON& Tower with Radar,29,44,38,0,111,0,18,89,0,107,29,62,127,0,218,133,0,133,351
03/29/2022,BIL,MT,ANM,WE,Combined TRACON& Tower with Radar,31,77,31,12,151,0,4,11,0,15,31,81,42,12,166,7,0,7,173
03/30/2022,BIL,MT,ANM,WE,Combined TRACON& Tower with Radar,33,62,34,7,136,0,19,148,3,170,33,81,182,10,306,253,10,263,569
03/31/2022,BIL,MT,ANM,WE,Combined TRACON& Tower with Radar,36,72,29,6,143,0,7,64,4,75,36,79,93,10,218,83,5,88,306
04/01/2022,BIL,MT,ANM,WE,Combined TRACON& Tower with Radar,32,61,28,14,135,0,14,71,0,85,32,75,99,14,220,44,3,47,267
04/02/2022,BIL,MT,ANM,WE,Combined TRACON& Tower with Radar,23,44,6,0,73,0,10,57,1,68,23,54,63,1,141,75,0,75,216
04/03/2022,BIL,MT,ANM,WE,Combined TRACON& Tower with Radar,26,9,11,0,46,0,15,67,0,82,26,24,78,0,128,74,0,74,202
04/04/2022,BIL,MT,ANM,WE,Combined TRACON& Tower with Radar,26,41,17,0,84,0,15,32,0,47,26,56,49,0,131,21,0,21,152
04/05/2022,BIL,MT,ANM,WE,Combined TRACON& Tower with Radar,29,47,11,2,89,0,5,1,6,12,29,52,12,8,101,0,8,8,109
04/06/2022,BIL,MT,ANM,WE,Combined TRACON& Tower with Radar,30,73,28,1,132,0,7,11,2,20,30,80,39,3,152,4,0,4,156
04/07/2022,BIL,MT,ANM,WE,Combined TRACON& Tower with Radar,32,53,31,2,118,0,26,89,2,117,32,79,120,4,235,89,12,101,336
04/08/2022,BIL,MT,ANM,WE,Combined TRACON& Tower with Radar,30,48,27,0,105,0,19,102,2,123,30,67,129,2,228,118,0,118,346
04/09/2022,BIL,MT,ANM,WE,Combined TRACON& Tower with Radar,21,51,14,0,86,0,2,11,2,15,21,53,25,2,101,0,0,0,101
04/10/2022,BIL,MT,ANM,WE,Combined TRACON& Tower with Radar,24,28,14,0,66,0,5,10,2,17,24,33,24,2,83,13,0,13,96
04/11/2022,BIL,MT,ANM,WE,Combined TRACON& Tower with Radar,24,59,22,7,112,0,3,3,2,8,24,62,25,9,120,0,9,9,129
04/12/2022,BIL,MT,ANM,WE,Combined TRACON& Tower with Radar,15,35,0,0,50,0,0,0,0,0,15,35,0,0,50,0,0,0,50
04/13/2022,BIL,MT,ANM,WE,Combined TRACON& Tower with Radar,37,61,18,0,116,0,1,8,0,9,37,62,26,0,125,6,0,6,131
04/14/2022,BIL,MT,ANM,WE,Combined TRACON& Tower with Radar,33,65,27,6,131,0,11,45,10,66,33,76,72,16,197,52,16,68,265
04/15/2022,BIL,MT,ANM,WE,Combined TRACON& Tower with Radar,31,66,18,0,115,0,9,28,0,37,31,75,46,0,152,27,0,27,179
04/16/2022,BIL,MT,ANM,WE,Combined TRACON& Tower with Radar,22,32,15,0,69,0,9,41,2,52,22,41,56,2,121,67,0,67,188
04/17/2022,BIL,MT,ANM,WE,Combined TRACON& Tower with Radar,22,22,5,1,50,0,2,0,1,3,22,24,5,2,53,6,0,6,59
04/18/2022,BIL,MT,ANM,WE,Combined TRACON& Tower with Radar,27,36,37,0,100,0,24,69,0,93,27,60,106,0,193,117,0,117,310
04/19/2022,BIL,MT,ANM,WE,Combined TRACON& Tower with Radar,30,59,26,0,115,0,14,25,0,39,30,73,51,0,154,8,0,8,162
04/20/2022,BIL,MT,ANM,WE,Combined TRACON& Tower with Radar,30,61,31,0,122,0,20,39,0,59,30,81,70,0,181,24,0,24,205
04/21/2022,BIL,MT,ANM,WE,Combined TRACON& Tower with Radar,33,53,40,1,127,0,16,74,0,90,33,69,114,1,217,130,0,130,347
04/22/2022,BIL,MT,ANM,WE,Combined TRACON& Tower with Radar,30,57,13,0,100,0,1,18,0,19,30,58,31,0,119,4,0,4,123
04/23/2022,BIL,MT,ANM,WE,Combined TRACON& Tower with Radar,22,33,10,2,67,0,0,1,0,1,22,33,11,2,68,0,0,0,68
04/24/2022,BIL,MT,ANM,WE,Combined TRACON& Tower with Radar,24,12,32,0,68,0,5,68,3,76,24,17,100,3,144,73,0,73,217
04/25/2022,BIL,MT,ANM,WE,Combined TRACON& Tower with Radar,25,35,30,4,94,0,15,113,8,136,25,50,143,12,230,100,23,123,353
04/26/2022,BIL,MT,ANM,WE,Combined TRACON& Tower with Radar,30,54,30,0,114,0,24,107,0,131,30,78,137,0,245,165,14,179,424
04/27/2022,BIL,MT,ANM,WE,Combined TRACON& Tower with Radar,30,53,33,0,116,0,15,83,2,100,30,68,116,2,216,149,0,149,365
04/28/2022,BIL,MT,ANM,WE,Combined TRACON& Tower with Radar,33,65,44,8,150,0,14,67,0,81,33,79,111,8,231,106,0,106,337
04/29/2022,BIL,MT,ANM,WE,Combined TRACON& Tower with Radar,31,84,24,0,139,0,0,0,0,0,31,84,24,0,139,0,0,0,139
04/30/2022,BIL,MT,ANM,WE,Combined TRACON& Tower with Radar,20,33,21,0,74,0,17,86,0,103,20,50,107,0,177,70,0,70,247
05/01/2022,BIL,MT,ANM,WE,Combined TRACON& Tower with Radar,24,12,7,0,43,0,5,9,1,15,24,17,16,1,58,0,0,0,58
05/02/2022,BIL,MT,ANM,WE,Combined TRACON& Tower with Radar,25,66,46,0,137,0,14,60,0,74,25,80,106,0,211,70,0,70,281
05/03/2022,BIL,MT,ANM,WE,Combined TRACON& Tower with Radar,33,86,34,4,157,0,16,19,0,35,33,102,53,4,192,16,0,16,208
05/04/2022,BIL,MT,ANM,WE,Combined TRACON& Tower with Radar,32,58,46,4,140,0,29,133,10,172,32,87,179,14,312,162,10,172,484
05/05/2022,BIL,MT,ANM,WE,Combined TRACON& Tower with Radar,33,50,33,0,116,0,26,109,1,136,33,76,142,1,252,108,0,108,360
05/06/2022,BIL,MT,ANM,WE,Combined TRACON& Tower with Radar,30,51,38,0,119,0,23,86,0,109,30,74,124,0,228,120,0,120,348
05/07/2022,BIL,MT,ANM,WE,Combined TRACON& Tower with Radar,22,45,19,0,86,0,17,13,0,30,22,62,32,0,116,0,0,0,116
05/08/2022,BIL,MT,ANM,WE,Combined TRACON& Tower with Radar,23,18,21,0,62,0,13,32,0,45,23,31,53,0,107,21,0,21,128
05/09/2022,BIL,MT,ANM,WE,Combined TRACON& Tower with Radar,24,57,25,2,108,0,12,24,0,36,24,69,49,2,144,23,0,23,167
05/10/2022,BIL,MT,ANM,WE,Combined TRACON& Tower with Radar,34,63,48,0,145,0,21,117,0,138,34,84,165,0,283,121,0,121,404
05/11/2022,BIL,MT,ANM,WE,Combined TRACON& Tower with Radar,32,69,32,1,134,0,20,71,0,91,32,89,103,1,225,92,0,92,317
05/12/2022,BIL,MT,ANM,WE,Combined TRACON& Tower with Radar,35,79,17,1,132,0,0,6,0,6,35,79,23,1,138,11,0,11,149
05/13/2022,BIL,MT,ANM,WE,Combined TRACON& Tower with Radar,30,66,21,0,117,0,13,39,0,52,30,79,60,0,169,25,0,25,194
05/14/2022,BIL,MT,ANM,WE,Combined TRACON& Tower with Radar,21,43,22,0,86,0,18,53,0,71,21,61,75,0,157,64,0,64,221
05/15/2022,BIL,MT,ANM,WE,Combined TRACON& Tower with Radar,25,18,23,2,68,0,13,87,2,102,25,31,110,4,170,64,2,66,236
05/16/2022,BIL,MT,ANM,WE,Combined TRACON& Tower with Radar,27,49,22,0,98,0,15,50,3,68,27,64,72,3,166,73,0,73,239
05/17/2022,BIL,MT,ANM,WE,Combined TRACON& Tower with Radar,32,60,43,4,139,0,20,111,0,131,32,80,154,4,270,173,0,173,443
05/18/2022,BIL,MT,ANM,WE,Combined TRACON& Tower with Radar,32,54,44,0,130,0,16,119,0,135,32,70,163,0,265,90,0,90,355
05/19/2022,BIL,MT,ANM,WE,Combined TRACON& Tower with Radar,33,61,31,0,125,0,6,9,0,15,33,67,40,0,140,3,0,3,143
05/20/2022,BIL,MT,ANM,WE,Combined TRACON& Tower with Radar,28,71,28,0,127,0,6,15,0,21,28,77,43,0,148,0,0,0,148
05/21/2022,BIL,MT,ANM,WE,Combined TRACON& Tower with Radar,20,57,29,0,106,0,19,64,0,83,20,76,93,0,189,127,0,127,316
05/22/2022,BIL,MT,ANM,WE,Combined TRACON& Tower with Radar,23,25,32,4,84,0,16,63,0,79,23,41,95,4,163,79,0,79,242
05/23/2022,BIL,MT,ANM,WE,Combined TRACON& Tower with Radar,27,50,44,1,122,0,25,131,1,157,27,75,175,2,279,176,0,176,455
05/24/2022,BIL,MT,ANM,WE,Combined TRACON& Tower with Radar,37,77,43,1,158,0,26,100,1,127,37,103,143,2,285,199,0,199,484
05/25/2022,BIL,MT,ANM,WE,Combined TRACON& Tower with Radar,32,56,37,0,125,0,32,105,0,137,32,88,142,0,262,123,0,123,385
05/26/2022,BIL,MT,ANM,WE,Combined TRACON& Tower with Radar,33,61,40,6,140,0,29,85,0,114,33,90,125,6,254,96,0,96,350
05/27/2022,BIL,MT,ANM,WE,Combined TRACON& Tower with Radar,31,58,25,0,114,0,27,35,0,62,31,85,60,0,176,44,0,44,220
05/28/2022,BIL,MT,ANM,WE,Combined TRACON& Tower with Radar,21,46,12,0,79,0,9,8,0,17,21,55,20,0,96,8,0,8,104
05/29/2022,BIL,MT,ANM,WE,Combined TRACON& Tower with Radar,19,40,10,0,69,0,2,13,0,15,19,42,23,0,84,13,0,13,97
05/30/2022,BIL,MT,ANM,WE,Combined TRACON& Tower with Radar,21,39,11,0,71,0,4,3,0,7,21,43,14,0,78,0,0,0,78
05/31/2022,BIL,MT,ANM,WE,Combined TRACON& Tower with Radar,25,63,39,4,131,0,19,79,1,99,25,82,118,5,230,133,0,133,363
06/01/2022,BIL,MT,ANM,WE,Combined TRACON& Tower with Radar,31,58,43,0,132,0,28,120,0,148,31,86,163,0,280,192,0,192,472
06/02/2022,BIL,MT,ANM,WE,Combined TRACON& Tower with Radar,36,68,32,0,136,0,29,97,0,126,36,97,129,0,262,84,0,84,346
06/03/2022,BIL,MT,ANM,WE,Combined TRACON& Tower with Radar,33,60,17,0,110,0,20,68,3,91,33,80,85,3,201,51,0,51,252
06/04/2022,BIL,MT,ANM,WE,Combined TRACON& Tower with Radar,27,33,19,2,81,0,4,34,4,42,27,37,53,6,123,18,0,18,141
06/05/2022,BIL,MT,ANM,WE,Combined TRACON& Tower with Radar,30,31,21,0,82,0,7,33,1,41,30,38,54,1,123,20,0,20,143
06/06/2022,BIL,MT,ANM,WE,Combined TRACON& Tower with Radar,29,46,24,0,99,0,6,39,0,45,29,52,63,0,144,47,0,47,191
06/07/2022,BIL,MT,ANM,WE,Combined TRACON& Tower with Radar,38,77,23,0,138,0,23,94,0,117,38,100,117,0,255,107,0,107,362
06/08/2022,BIL,MT,ANM,WE,Combined TRACON& Tower with Radar,43,52,50,0,145,0,28,87,0,115,43,80,137,0,260,86,0,86,346
06/09/2022,BIL,MT,ANM,WE,Combined TRACON& Tower with Radar,40,48,24,4,116,0,20,74,1,95,40,68,98,5,211,83,0,83,294
06/10/2022,BIL,MT,ANM,WE,Combined TRACON& Tower with Radar,36,59,26,0,121,0,15,52,0,67,36,74,78,0,188,37,0,37,225
06/11/2022,BIL,MT,ANM,WE,Combined TRACON& Tower with Radar,28,34,20,0,82,0,8,29,2,39,28,42,49,2,121,29,0,29,150
06/12/2022,BIL,MT,ANM,WE,Combined TRACON& Tower with Radar,28,24,19,0,71,0,5,23,0,28,28,29,42,0,99,5,0,5,104
06/13/2022,BIL,MT,ANM,WE,Combined TRACON& Tower with Radar,32,51,30,0,113,0,15,49,5,69,32,66,79,5,182,85,0,85,267
06/14/2022,BIL,MT,ANM,WE,Combined TRACON& Tower with Radar,38,69,27,1,135,0,17,28,17,62,38,86,55,18,197,16,4,20,217
06/15/2022,BIL,MT,ANM,WE,Combined TRACON& Tower with Radar,38,52,31,0,121,0,6,19,8,33,38,58,50,8,154,8,0,8,162
06/16/2022,BIL,MT,ANM,WE,Combined TRACON& Tower with Radar,40,48,39,0,127,0,19,133,1,153,40,67,172,1,280,137,0,137,417
06/17/2022,BIL,MT,ANM,WE,Combined TRACON& Tower with Radar,35,63,37,2,137,0,19,103,4,126,35,82,140,6,263,103,0,103,366
06/18/2022,BIL,MT,ANM,WE,Combined TRACON& Tower with Radar,29,26,9,0,64,0,16,81,2,99,29,42,90,2,163,16,0,16,179
06/19/2022,BIL,MT,ANM,WE,Combined TRACON& Tower with Radar,29,22,11,0,62,0,0,7,0,7,29,22,18,0,69,0,0,0,69
06/20/2022,BIL,MT,ANM,WE,Combined TRACON& Tower with Radar,31,43,35,2,111,0,14,51,0,65,31,57,86,2,176,57,0,57,233
06/21/2022,BIL,MT,ANM,WE,Combined TRACON& Tower with Radar,36,58,38,0,132,0,22,101,0,123,36,80,139,0,255,73,0,73,328
06/22/2022,BIL,MT,ANM,WE,Combined TRACON& Tower with Radar,36,52,31,0,119,0,32,108,0,140,36,84,139,0,259,91,0,91,350
06/23/2022,BIL,MT,ANM,WE,Combined TRACON& Tower with Radar,40,61,32,0,133,0,24,109,0,133,40,85,141,0,266,84,0,84,350
06/24/2022,BIL,MT,ANM,WE,Combined TRACON& Tower with Radar,36,65,31,1,133,0,21,59,0,80,36,86,90,1,213,44,0,44,257
06/25/2022,BIL,MT,ANM,WE,Combined TRACON& Tower with Radar,27,45,17,8,97,0,17,76,2,95,27,62,93,10,192,78,4,82,274
06/26/2022,BIL,MT,ANM,WE,Combined TRACON& Tower with Radar,30,15,17,4,66,0,18,68,0,86,30,33,85,4,152,35,0,35,187
06/27/2022,BIL,MT,ANM,WE,Combined TRACON& Tower with Radar,31,58,38,2,129,0,33,123,1,157,31,91,161,3,286,178,0,178,464
06/28/2022,BIL,MT,ANM,WE,Combined TRACON& Tower with Radar,38,73,30,0,141,0,25,88,1,114,38,98,118,1,255,87,0,87,342
06/29/2022,BIL,MT,ANM,WE,Combined TRACON& Tower with Radar,38,57,43,0,138,3,19,106,6,134,41,76,149,6,272,151,0,151,423
06/30/2022,BIL,MT,ANM,WE,Combined TRACON& Tower with Radar,37,52,35,0,124,0,28,107,1,136,37,80,142,1,260,125,0,125,385
07/01/2022,BIL,MT,ANM,WE,Combined TRACON& Tower with Radar,37,50,31,0,118,0,21,74,0,95,37,71,105,0,213,111,0,111,324
07/02/2022,BIL,MT,ANM,WE,Combined TRACON& Tower with Radar,27,41,13,0,81,0,14,34,0,48,27,55,47,0,129,60,0,60,189
07/03/2022,BIL,MT,ANM,WE,Combined TRACON& Tower with Radar,27,32,17,0,76,0,10,25,0,35,27,42,42,0,111,12,0,12,123
07/04/2022,BIL,MT,ANM,WE,Combined TRACON& Tower with Radar,23,37,16,4,80,0,4,34,0,38,23,41,50,4,118,56,0,56,174
07/05/2022,BIL,MT,ANM,WE,Combined TRACON& Tower with Radar,31,55,50,0,136,0,11,61,0,72,31,66,111,0,208,58,0,58,266
07/06/2022,BIL,MT,ANM,WE,Combined TRACON& Tower with Radar,36,55,31,2,124,0,19,90,0,109,36,74,121,2,233,70,0,70,303
07/07/2022,BIL,MT,ANM,WE,Combined TRACON& Tower with Radar,36,65,29,3,133,0,26,98,0,124,36,91,127,3,257,128,0,128,385
07/08/2022,BIL,MT,ANM,WE,Combined TRACON& Tower with Radar,38,62,32,5,137,0,19,75,0,94,38,81,107,5,231,104,0,104,335
07/09/2022,BIL,MT,ANM,WE,Combined TRACON& Tower with Radar,26,30,21,0,77,1,14,65,0,80,27,44,86,0,157,67,0,67,224
07/10/2022,BIL,MT,ANM,WE,Combined TRACON& Tower with Radar,29,22,22,0,73,0,8,57,0,65,29,30,79,0,138,39,0,39,177
07/11/2022,BIL,MT,ANM,WE,Combined TRACON& Tower with Radar,31,40,33,0,104,0,15,125,0,140,31,55,158,0,244,169,0,169,413
07/12/2022,BIL,MT,ANM,WE,Combined TRACON& Tower with Radar,38,57,41,0,136,0,19,103,2,124,38,76,144,2,260,121,0,121,381
07/13/2022,BIL,MT,ANM,WE,Combined TRACON& Tower with Radar,38,53,40,0,131,0,17,89,1,107,38,70,129,1,238,114,0,114,352
07/14/2022,BIL,MT,ANM,WE,Combined TRACON& Tower with Radar,40,58,36,0,134,0,16,92,1,109,40,74,128,1,243,110,0,110,353
07/15/2022,BIL,MT,ANM,WE,Combined TRACON& Tower with Radar,37,53,27,0,117,0,14,90,0,104,37,67,117,0,221,102,0,102,323
07/16/2022,BIL,MT,ANM,WE,Combined TRACON& Tower with Radar,36,40,23,0,99,0,13,62,0,75,36,53,85,0,174,52,0,52,226
07/17/2022,BIL,MT,ANM,WE,Combined TRACON& Tower with Radar,30,31,28,0,89,0,11,37,0,48,30,42,65,0,137,7,0,7,144
07/18/2022,BIL,MT,ANM,WE,Combined TRACON& Tower with Radar,30,52,29,0,111,0,14,61,0,75,30,66,90,0,186,40,0,40,226
07/19/2022,BIL,MT,ANM,WE,Combined TRACON& Tower with Radar,42,61,26,0,129,0,22,36,3,61,42,83,62,3,190,27,0,27,217
07/20/2022,BIL,MT,ANM,WE,Combined TRACON& Tower with Radar,38,56,41,0,135,0,29,86,2,117,38,85,127,2,252,70,0,70,322
07/21/2022,BIL,MT,ANM,WE,Combined TRACON& Tower with Radar,40,61,34,0,135,1,21,128,2,152,41,82,162,2,287,124,0,124,411
07/22/2022,BIL,MT,ANM,WE,Combined TRACON& Tower with Radar,37,59,45,0,141,0,19,121,6,146,37,78,166,6,287,44,0,44,331
07/23/2022,BIL,MT,ANM,WE,Combined TRACON& Tower with Radar,33,41,13,0,87,0,16,91,8,115,33,57,104,8,202,38,0,38,240
07/24/2022,BIL,MT,ANM,WE,Combined TRACON& Tower with Radar,31,16,20,0,67,0,16,47,1,64,31,32,67,1,131,22,0,22,153
07/25/2022,BIL,MT,ANM,WE,Combined TRACON& Tower with Radar,34,44,26,0,104,0,21,88,0,109,34,65,114,0,213,137,0,137,350
07/26/2022,BIL,MT,ANM,WE,Combined TRACON& Tower with Radar,38,63,33,0,134,0,24,68,0,92,38,87,101,0,226,171,0,171,397
07/27/2022,BIL,MT,ANM,WE,Combined TRACON& Tower with Radar,39,67,35,10,151,0,32,85,0,117,39,99,120,10,268,91,0,91,359
07/28/2022,BIL,MT,ANM,WE,Combined TRACON& Tower with Radar,39,59,36,2,136,0,26,81,0,107,39,85,117,2,243,60,0,60,303
07/29/2022,BIL,MT,ANM,WE,Combined TRACON& Tower with Radar,39,63,29,0,131,0,26,58,0,84,39,89,87,0,215,45,0,45,260
07/30/2022,BIL,MT,ANM,WE,Combined TRACON& Tower with Radar,31,26,12,0,69,0,25,82,7,114,31,51,94,7,183,32,0,32,215
07/31/2022,BIL,MT,ANM,WE,Combined TRACON& Tower with Radar,32,13,25,1,71,0,17,80,2,99,32,30,105,3,170,89,0,89,259
08/01/2022,BIL,MT,ANM,WE,Combined TRACON& Tower with Radar,35,51,37,0,123,0,20,94,1,115,35,71,131,1,238,59,0,59,297
08/02/2022,BIL,MT,ANM,WE,Combined TRACON& Tower with Radar,38,57,30,0,125,0,21,61,0,82,38,78,91,0,207,36,0,36,243
08/03/2022,BIL,MT,ANM,WE,Combined TRACON& Tower with Radar,42,67,49,2,160,0,21,75,0,96,42,88,124,2,256,68,0,68,324
08/04/2022,BIL,MT,ANM,WE,Combined TRACON& Tower with Radar,45,60,38,3,146,0,21,56,1,78,45,81,94,4,224,46,0,46,270
08/05/2022,BIL,MT,ANM,WE,Combined TRACON& Tower with Radar,36,68,32,2,138,0,14,105,3,122,36,82,137,5,260,54,0,54,314
08/06/2022,BIL,MT,ANM,WE,Combined TRACON& Tower with Radar,32,51,27,8,118,0,1,1,1,3,32,52,28,9,121,0,0,0,121
08/07/2022,BIL,MT,ANM,WE,Combined TRACON& Tower with Radar,33,32,18,2,85,0,19,43,1,63,33,51,61,3,148,58,0,58,206
08/08/2022,BIL,MT,ANM,WE,Combined TRACON& Tower with Radar,33,39,29,0,101,0,22,118,0,140,33,61,147,0,241,75,0,75,316
08/09/2022,BIL,MT,ANM,WE,Combined TRACON& Tower with Radar,39,69,36,1,145,0,20,88,1,109,39,89,124,2,254,63,0,63,317
08/10/2022,BIL,MT,ANM,WE,Combined TRACON& Tower with Radar,39,62,37,0,138,0,17,97,1,115,39,79,134,1,253,113,0,113,366
08/11/2022,BIL,MT,ANM,WE,Combined TRACON& Tower with Radar,39,53,29,2,123,0,17,89,1,107,39,70,118,3,230,153,0,153,383
08/12/2022,BIL,MT,ANM,WE,Combined TRACON& Tower with Radar,40,64,37,1,142,0,18,74,0,92,40,82,111,1,234,52,0,52,286
08/13/2022,BIL,MT,ANM,WE,Combined TRACON& Tower with Radar,32,38,11,1,82,0,15,79,4,98,32,53,90,5,180,31,0,31,211
08/14/2022,BIL,MT,ANM,WE,Combined TRACON& Tower with Radar,32,23,19,1,75,4,13,90,4,111,36,36,109,5,186,11,0,11,197
08/15/2022,BIL,MT,ANM,WE,Combined TRACON& Tower with Radar,33,50,51,2,136,0,19,104,2,125,33,69,155,4,261,90,0,90,351
08/16/2022,BIL,MT,ANM,WE,Combined TRACON& Tower with Radar,35,64,45,1,145,0,20,151,0,171,35,84,196,1,316,152,0,152,468
08/17/2022,BIL,MT,ANM,WE,Combined TRACON& Tower with Radar,37,75,34,5,151,0,22,115,1,138,37,97,149,6,289,75,0,75,364
08/18/2022,BIL,MT,ANM,WE,Combined TRACON& Tower with Radar,37,52,41,3,133,0,19,110,0,129,37,71,151,3,262,106,0,106,368
08/19/2022,BIL,MT,ANM,WE,Combined TRACON& Tower with Radar,36,63,33,1,133,0,20,113,1,134,36,83,146,2,267,117,0,117,384
08/20/2022,BIL,MT,ANM,WE,Combined TRACON& Tower with Radar,30,38,21,0,89,0,18,87,0,105,30,56,108,0,194,93,0,93,287
08/21/2022,BIL,MT,ANM,WE,Combined TRACON& Tower with Radar,30,27,36,2,95,0,14,59,0,73,30,41,95,2,168,32,0,32,200
08/22/2022,BIL,MT,ANM,WE,Combined TRACON& Tower with Radar,34,44,30,0,108,0,18,98,2,118,34,62,128,2,226,40,0,40,266
08/23/2022,BIL,MT,ANM,WE,Combined TRACON& Tower with Radar,36,73,29,0,138,0,19,84,3,106,36,92,113,3,244,78,0,78,322
08/24/2022,BIL,MT,ANM,WE,Combined TRACON& Tower with Radar,35,69,27,2,133,0,19,81,0,100,35,88,108,2,233,50,8,58,291
08/25/2022,BIL,MT,ANM,WE,Combined TRACON& Tower with Radar,38,63,75,0,176,0,13,58,0,71,38,76,133,0,247,68,0,68,315
08/26/2022,BIL,MT,ANM,WE,Combined TRACON& Tower with Radar,43,76,42,0,161,12,18,86,0,116,55,94,128,0,277,40,0,40,317
08/27/2022,BIL,MT,ANM,WE,Combined TRACON& Tower with Radar,33,34,25,0,92,0,8,76,0,84,33,42,101,0,176,41,0,41,217
08/28/2022,BIL,MT,ANM,WE,Combined TRACON& Tower with Radar,30,24,12,2,68,0,5,61,0,66,30,29,73,2,134,93,0,93,227
08/29/2022,BIL,MT,ANM,WE,Combined TRACON& Tower with Radar,31,49,42,0,122,0,18,132,0,150,31,67,174,0,272,188,0,188,460
08/30/2022,BIL,MT,ANM,WE,Combined TRACON& Tower with Radar,36,66,23,0,125,0,14,108,0,122,36,80,131,0,247,193,0,193,440
08/31/2022,BIL,MT,ANM,WE,Combined TRACON& Tower with Radar,36,59,16,0,111,0,21,92,4,117,36,80,108,4,228,123,0,123,351
09/01/2022,BIL,MT,ANM,WE,Combined TRACON& Tower with Radar,39,72,38,4,153,0,26,93,1,120,39,98,131,5,273,41,6,47,320
09/02/2022,BIL,MT,ANM,WE,Combined TRACON& Tower with Radar,35,64,20,0,119,0,17,109,0,126,35,81,129,0,245,134,0,134,379
09/03/2022,BIL,MT,ANM,WE,Combined TRACON& Tower with Radar,30,41,21,0,92,0,7,41,0,48,30,48,62,0,140,60,0,60,200
09/04/2022,BIL,MT,ANM,WE,Combined TRACON& Tower with Radar,26,23,10,0,59,0,11,21,0,32,26,34,31,0,91,0,0,0,91
09/05/2022,BIL,MT,ANM,WE,Combined TRACON& Tower with Radar,26,27,18,3,74,0,3,31,0,34,26,30,49,3,108,4,0,4,112
09/06/2022,BIL,MT,ANM,WE,Combined TRACON& Tower with Radar,30,58,20,0,108,0,16,64,0,80,30,74,84,0,188,139,0,139,327
09/07/2022,BIL,MT,ANM,WE,Combined TRACON& Tower with Radar,39,76,40,0,155,0,18,79,0,97,39,94,119,0,252,72,0,72,324
09/08/2022,BIL,MT,ANM,WE,Combined TRACON& Tower with Radar,41,79,29,0,149,0,2,17,0,19,41,81,46,0,168,14,0,14,182
09/09/2022,BIL,MT,ANM,WE,Combined TRACON& Tower with Radar,34,70,39,1,144,0,18,49,0,67,34,88,88,1,211,77,0,77,288
09/10/2022,BIL,MT,ANM,WE,Combined TRACON& Tower with Radar,32,37,31,1,101,0,15,95,0,110,32,52,126,1,211,164,0,164,375
09/11/2022,BIL,MT,ANM,WE,Combined TRACON& Tower with Radar,32,38,22,0,92,0,6,65,0,71,32,44,87,0,163,78,0,78,241
09/12/2022,BIL,MT,ANM,WE,Combined TRACON& Tower with Radar,34,55,35,16,140,0,10,72,6,88,34,65,107,22,228,77,25,102,330
09/13/2022,BIL,MT,ANM,WE,Combined TRACON& Tower with Radar,39,71,53,0,163,0,16,91,1,108,39,87,144,1,271,141,0,141,412
09/14/2022,BIL,MT,ANM,WE,Combined TRACON& Tower with Radar,38,81,47,0,166,0,14,102,0,116,38,95,149,0,282,158,0,158,440
09/15/2022,BIL,MT,ANM,WE,Combined TRACON& Tower with Radar,42,79,38,2,161,0,11,104,0,115,42,90,142,2,276,148,0,148,424
09/16/2022,BIL,MT,ANM,WE,Combined TRACON& Tower with Radar,36,73,30,2,141,0,14,66,0,80,36,87,96,2,221,91,0,91,312
09/17/2022,BIL,MT,ANM,WE,Combined TRACON& Tower with Radar,29,43,18,0,90,0,10,63,0,73,29,53,81,0,163,95,0,95,258
09/18/2022,BIL,MT,ANM,WE,Combined TRACON& Tower with Radar,29,27,12,0,68,0,6,60,0,66,29,33,72,0,134,73,0,73,207
09/19/2022,BIL,MT,ANM,WE,Combined TRACON& Tower with Radar,32,54,33,2,121,0,14,82,0,96,32,68,115,2,217,83,0,83,300
09/20/2022,BIL,MT,ANM,WE,Combined TRACON& Tower with Radar,37,79,48,0,164,0,7,42,0,49,37,86,90,0,213,89,0,89,302
09/21/2022,BIL,MT,ANM,WE,Combined TRACON& Tower with Radar,38,72,34,0,144,0,15,86,0,101,38,87,120,0,245,96,0,96,341
09/22/2022,BIL,MT,ANM,WE,Combined TRACON& Tower with Radar,41,85,30,2,158,0,15,31,0,46,41,100,61,2,204,66,0,66,270
09/23/2022,BIL,MT,ANM,WE,Combined TRACON& Tower with Radar,35,84,37,0,156,0,20,19,0,39,35,104,56,0,195,4,0,4,199
09/24/2022,BIL,MT,ANM,WE,Combined TRACON& Tower with Radar,28,54,21,0,103,0,18,31,0,49,28,72,52,0,152,24,0,24,176
09/25/2022,BIL,MT,ANM,WE,Combined TRACON& Tower with Radar,30,31,10,4,75,0,1,85,0,86,30,32,95,4,161,61,0,61,222
09/26/2022,BIL,MT,ANM,WE,Combined TRACON& Tower with Radar,31,59,31,2,123,0,27,131,0,158,31,86,162,2,281,207,0,207,488
09/27/2022,BIL,MT,ANM,WE,Combined TRACON& Tower with Radar,39,61,38,0,138,0,25,125,0,150,39,86,163,0,288,200,0,200,488
09/28/2022,BIL,MT,ANM,WE,Combined TRACON& Tower with Radar,40,64,37,10,151,0,38,91,1,130,40,102,128,11,281,130,0,130,411
09/29/2022,BIL,MT,ANM,WE,Combined TRACON& Tower with Radar,41,76,32,0,149,0,31,63,0,94,41,107,95,0,243,109,0,109,352
09/30/2022,BIL,MT,ANM,WE,Combined TRACON& Tower with Radar,36,92,28,0,156,0,5,2,0,7,36,97,30,0,163,8,0,8,171
10/01/2022,BIL,MT,ANM,WE,Combined TRACON& Tower with Radar,28,56,17,0,101,0,0,0,0,0,28,56,17,0,101,0,0,0,101
10/02/2022,BIL,MT,ANM,WE,Combined TRACON& Tower with Radar,29,26,18,0,73,0,1,9,0,10,29,27,27,0,83,9,0,9,92
10/03/2022,BIL,MT,ANM,WE,Combined TRACON& Tower with Radar,28,59,29,0,116,0,8,77,0,85,28,67,106,0,201,125,0,125,326
10/04/2022,BIL,MT,ANM,WE,Combined TRACON& Tower with Radar,39,70,38,0,147,0,19,127,6,152,39,89,165,6,299,130,6,136,435
10/05/2022,BIL,MT,ANM,WE,Combined TRACON& Tower with Radar,37,59,52,0,148,0,23,117,0,140,37,82,169,0,288,108,0,108,396
10/06/2022,BIL,MT,ANM,WE,Combined TRACON& Tower with Radar,35,80,62,0,177,0,5,28,0,33,35,85,90,0,210,29,0,29,239
10/07/2022,BIL,MT,ANM,WE,Combined TRACON& Tower with Radar,36,70,26,0,132,0,12,70,0,82,36,82,96,0,214,141,0,141,355
10/08/2022,BIL,MT,ANM,WE,Combined TRACON& Tower with Radar,23,39,13,0,75,0,8,95,0,103,23,47,108,0,178,95,0,95,273
10/09/2022,BIL,MT,ANM,WE,Combined TRACON& Tower with Radar,25,31,15,0,71,0,6,44,0,50,25,37,59,0,121,15,0,15,136
10/10/2022,BIL,MT,ANM,WE,Combined TRACON& Tower with Radar,27,43,37,0,107,0,32,84,0,116,27,75,121,0,223,127,0,127,350
10/11/2022,BIL,MT,ANM,WE,Combined TRACON& Tower with Radar,36,71,33,5,145,0,18,56,10,84,36,89,89,15,229,73,12,85,314
10/12/2022,BIL,MT,ANM,WE,Combined TRACON& Tower with Radar,36,75,38,2,151,0,25,77,0,102,36,100,115,2,253,44,0,44,297
10/13/2022,BIL,MT,ANM,WE,Combined TRACON& Tower with Radar,38,66,30,27,161,0,23,79,0,102,38,89,109,27,263,82,0,82,345
10/14/2022,BIL,MT,ANM,WE,Combined TRACON& Tower with Radar,37,65,28,0,130,0,16,73,0,89,37,81,101,0,219,50,0,50,269
10/15/2022,BIL,MT,ANM,WE,Combined TRACON& Tower with Radar,23,42,15,0,80,0,8,55,0,63,23,50,70,0,143,52,0,52,195
10/16/2022,BIL,MT,ANM,WE,Combined TRACON& Tower with Radar,27,20,12,0,59,0,7,70,0,77,27,27,82,0,136,23,0,23,159
10/17/2022,BIL,MT,ANM,WE,Combined TRACON& Tower with Radar,27,65,37,2,131,0,23,81,1,105,27,88,118,3,236,84,0,84,320
10/18/2022,BIL,MT,ANM,WE,Combined TRACON& Tower with Radar,37,64,29,2,132,0,20,77,0,97,37,84,106,2,229,122,0,122,351
10/19/2022,BIL,MT,ANM,WE,Combined TRACON& Tower with Radar,33,74,39,0,146,0,27,119,3,149,33,101,158,3,295,150,0,150,445
10/20/2022,BIL,MT,ANM,WE,Combined TRACON& Tower with Radar,37,71,46,0,154,0,26,48,0,74,37,97,94,0,228,18,0,18,246
10/21/2022,BIL,MT,ANM,WE,Combined TRACON& Tower with Radar,34,80,34,0,148,0,11,64,2,77,34,91,98,2,225,153,0,153,378
10/22/2022,BIL,MT,ANM,WE,Combined TRACON& Tower with Radar,23,53,9,0,85,0,0,29,0,29,23,53,38,0,114,75,0,75,189
10/23/2022,BIL,MT,ANM,WE,Combined TRACON& Tower with Radar,26,40,13,0,79,0,0,0,0,0,26,40,13,0,79,0,0,0,79
10/24/2022,BIL,MT,ANM,WE,Combined TRACON& Tower with Radar,25,64,33,0,122,0,17,43,1,61,25,81,76,1,183,56,0,56,239
10/25/2022,BIL,MT,ANM,WE,Combined TRACON& Tower with Radar,37,100,29,10,176,0,15,31,2,48,37,115,60,12,224,76,27,103,327
10/26/2022,BIL,MT,ANM,WE,Combined TRACON& Tower with Radar,34,83,54,0,171,0,28,113,0,141,34,111,167,0,312,167,0,167,479
10/27/2022,BIL,MT,ANM,WE,Combined TRACON& Tower with Radar,37,92,34,0,163,0,30,100,0,130,37,122,134,0,293,111,0,111,404
10/28/2022,BIL,MT,ANM,WE,Combined TRACON& Tower with Radar,34,77,25,4,140,0,37,80,1,118,34,114,105,5,258,66,0,66,324
10/29/2022,BIL,MT,ANM,WE,Combined TRACON& Tower with Radar,23,52,21,0,96,0,24,79,5,108,23,76,100,5,204,87,0,87,291
10/30/2022,BIL,MT,ANM,WE,Combined TRACON& Tower with Radar,26,28,14,0,68,0,17,41,1,59,26,45,55,1,127,32,0,32,159
10/31/2022,BIL,MT,ANM,WE,Combined TRACON& Tower with Radar,25,61,26,0,112,0,25,65,0,90,25,86,91,0,202,29,0,29,231
11/01/2022,BIL,MT,ANM,WE,Combined TRACON& Tower with Radar,36,80,27,0,143,0,16,106,0,122,36,96,133,0,265,179,0,179,444
11/02/2022,BIL,MT,ANM,WE,Combined TRACON& Tower with Radar,32,94,44,0,170,0,23,35,0,58,32,117,79,0,228,23,0,23,251
11/03/2022,BIL,MT,ANM,WE,Combined TRACON& Tower with Radar,38,76,40,1,155,0,14,74,7,95,38,90,114,8,250,99,16,115,365
11/04/2022,BIL,MT,ANM,WE,Combined TRACON& Tower with Radar,34,75,28,0,137,0,14,42,0,56,34,89,70,0,193,32,0,32,225
11/05/2022,BIL,MT,ANM,WE,Combined TRACON& Tower with Radar,30,24,18,0,72,0,4,2,0,6,30,28,20,0,78,0,0,0,78
11/06/2022,BIL,MT,ANM,WE,Combined TRACON& Tower with Radar,24,32,34,0,90,0,11,61,0,72,24,43,95,0,162,71,0,71,233
11/07/2022,BIL,MT,ANM,WE,Combined TRACON& Tower with Radar,25,62,39,0,126,0,7,40,0,47,25,69,79,0,173,62,0,62,235
11/08/2022,BIL,MT,ANM,WE,Combined TRACON& Tower with Radar,34,69,19,1,123,0,1,0,0,1,34,70,19,1,124,0,0,0,124
11/09/2022,BIL,MT,ANM,WE,Combined TRACON& Tower with Radar,31,58,16,1,106,0,1,0,0,1,31,59,16,1,107,0,0,0,107
11/10/2022,BIL,MT,ANM,WE,Combined TRACON& Tower with Radar,36,67,23,0,126,0,4,17,0,21,36,71,40,0,147,17,0,17,164
11/11/2022,BIL,MT,ANM,WE,Combined TRACON& Tower with Radar,34,76,33,0,143,0,9,58,0,67,34,85,91,0,210,52,0,52,262
11/12/2022,BIL,MT,ANM,WE,Combined TRACON& Tower with Radar,24,55,19,0,98,0,10,73,0,83,24,65,92,0,181,78,0,78,259
11/13/2022,BIL,MT,ANM,WE,Combined TRACON& Tower with Radar,25,44,23,0,92,0,0,12,0,12,25,44,35,0,104,32,0,32,136
11/14/2022,BIL,MT,ANM,WE,Combined TRACON& Tower with Radar,27,69,19,0,115,0,1,5,0,6,27,70,24,0,121,3,0,3,124
11/15/2022,BIL,MT,ANM,WE,Combined TRACON& Tower with Radar,36,85,50,6,177,0,5,87,0,92,36,90,137,6,269,94,0,94,363
11/16/2022,BIL,MT,ANM,WE,Combined TRACON& Tower with Radar,34,95,36,0,165,0,11,45,0,56,34,106,81,0,221,77,0,77,298
11/17/2022,BIL,MT,ANM,WE,Combined TRACON& Tower with Radar,33,86,27,2,148,0,5,29,0,34,33,91,56,2,182,41,0,41,223
11/18/2022,BIL,MT,ANM,WE,Combined TRACON& Tower with Radar,34,72,23,2,131,0,18,22,0,40,34,90,45,2,171,10,0,10,181
11/19/2022,BIL,MT,ANM,WE,Combined TRACON& Tower with Radar,26,58,13,0,97,0,23,16,0,39,26,81,29,0,136,4,0,4,140
11/20/2022,BIL,MT,ANM,WE,Combined TRACON& Tower with Radar,24,29,21,3,77,0,7,42,0,49,24,36,63,3,126,10,0,10,136
11/21/2022,BIL,MT,ANM,WE,Combined TRACON& Tower with Radar,31,72,44,0,147,0,35,83,1,119,31,107,127,1,266,87,0,87,353
11/22/2022,BIL,MT,ANM,WE,Combined TRACON& Tower with Radar,34,84,31,3,152,0,12,85,5,102,34,96,116,8,254,144,24,168,422
11/23/2022,BIL,MT,ANM,WE,Combined TRACON& Tower with Radar,38,99,22,0,159,0,4,7,0,11,38,103,29,0,170,0,0,0,170
11/24/2022,BIL,MT,ANM,WE,Combined TRACON& Tower with Radar,13,21,7,0,41,0,17,18,0,35,13,38,25,0,76,8,0,8,84
11/25/2022,BIL,MT,ANM,WE,Combined TRACON& Tower with Radar,30,72,17,3,122,0,16,16,0,32,30,88,33,3,154,0,0,0,154
11/26/2022,BIL,MT,ANM,WE,Combined TRACON& Tower with Radar,23,58,4,0,85,0,0,4,0,4,23,58,8,0,89,0,0,0,89
11/27/2022,BIL,MT,ANM,WE,Combined TRACON& Tower with Radar,32,44,19,0,95,0,3,22,0,25,32,47,41,0,120,20,0,20,140
11/28/2022,BIL,MT,ANM,WE,Combined TRACON& Tower with Radar,32,64,28,4,128,0,9,62,0,71,32,73,90,4,199,107,0,107,306
11/29/2022,BIL,MT,ANM,WE,Combined TRACON& Tower with Radar,37,107,33,0,177,0,3,45,2,50,37,110,78,2,227,97,0,97,324
11/30/2022,BIL,MT,ANM,WE,Combined TRACON& Tower with Radar,42,98,37,0,177,0,22,79,6,107,42,120,116,6,284,91,0,91,375
12/01/2022,BIL,MT,ANM,WE,Combined TRACON& Tower with Radar,41,92,48,0,181,0,6,53,0,59,41,98,101,0,240,107,0,107,347
12/02/2022,BIL,MT,ANM,WE,Combined TRACON& Tower with Radar,39,93,29,2,163,0,4,44,0,48,39,97,73,2,211,57,0,57,268
12/03/2022,BIL,MT,ANM,WE,Combined TRACON& Tower with Radar,26,46,9,1,82,0,7,27,1,35,26,53,36,2,117,15,0,15,132
12/04/2022,BIL,MT,ANM,WE,Combined TRACON& Tower with Radar,27,38,12,0,77,0,6,32,0,38,27,44,44,0,115,0,0,0,115
12/05/2022,BIL,MT,ANM,WE,Combined TRACON& Tower with Radar,29,67,22,33,151,0,6,25,7,38,29,73,47,40,189,43,8,51,240
12/06/2022,BIL,MT,ANM,WE,Combined TRACON& Tower with Radar,39,97,20,2,158,0,2,15,0,17,39,99,35,2,175,9,0,9,184
12/07/2022,BIL,MT,ANM,WE,Combined TRACON& Tower with Radar,40,90,38,13,181,0,16,66,11,93,40,106,104,24,274,41,20,61,335
12/08/2022,BIL,MT,ANM,WE,Combined TRACON& Tower with Radar,46,82,35,9,172,0,20,96,9,125,46,102,131,18,297,83,18,101,398
12/09/2022,BIL,MT,ANM,WE,Combined TRACON& Tower with Radar,41,87,34,0,162,0,13,80,2,95,41,100,114,2,257,134,0,134,391
12/10/2022,BIL,MT,ANM,WE,Combined TRACON& Tower with Radar,24,55,11,2,92,0,9,54,0,63,24,64,65,2,155,76,0,76,231
12/11/2022,BIL,MT,ANM,WE,Combined TRACON& Tower with Radar,26,34,15,0,75,0,8,24,0,32,26,42,39,0,107,23,0,23,130
12/12/2022,BIL,MT,ANM,WE,Combined TRACON& Tower with Radar,30,71,16,0,117,0,0,1,0,1,30,71,17,0,118,0,0,0,118
12/13/2022,BIL,MT,ANM,WE,Combined TRACON& Tower with Radar,39,106,21,2,168,0,1,0,3,4,39,107,21,5,172,0,0,0,172
12/14/2022,BIL,MT,ANM,WE,Combined TRACON& Tower with Radar,38,99,20,1,158,0,3,25,3,31,38,102,45,4,189,27,10,37,226
12/15/2022,BIL,MT,ANM,WE,Combined TRACON& Tower with Radar,44,88,28,4,164,0,15,32,2,49,44,103,60,6,213,20,6,26,239
12/16/2022,BIL,MT,ANM,WE,Combined TRACON& Tower with Radar,43,84,39,0,166,0,8,66,2,76,43,92,105,2,242,56,0,56,298
12/17/2022,BIL,MT,ANM,WE,Combined TRACON& Tower with Radar,35,65,15,0,115,0,6,30,0,36,35,71,45,0,151,0,0,0,151
12/18/2022,BIL,MT,ANM,WE,Combined TRACON& Tower with Radar,27,33,14,0,74,0,0,1,0,1,27,33,15,0,75,0,0,0,75
12/19/2022,BIL,MT,ANM,WE,Combined TRACON& Tower with Radar,34,49,24,0,107,0,1,5,0,6,34,50,29,0,113,0,0,0,113
12/20/2022,BIL,MT,ANM,WE,Combined TRACON& Tower with Radar,40,73,22,2,137,0,4,8,0,12,40,77,30,2,149,0,0,0,149
12/21/2022,BIL,MT,ANM,WE,Combined TRACON& Tower with Radar,40,57,10,0,107,0,7,1,0,8,40,64,11,0,115,0,0,0,115
12/22/2022,BIL,MT,ANM,WE,Combined TRACON& Tower with Radar,44,58,23,0,125,0,6,4,0,10,44,64,27,0,135,4,0,4,139
12/23/2022,BIL,MT,ANM,WE,Combined TRACON& Tower with Radar,23,71,19,0,113,0,10,3,0,13,23,81,22,0,126,0,0,0,126
12/24/2022,BIL,MT,ANM,WE,Combined TRACON& Tower with Radar,26,59,5,0,90,0,5,19,0,24,26,64,24,0,114,7,0,7,121
12/25/2022,BIL,MT,ANM,WE,Combined TRACON& Tower with Radar,14,32,5,0,51,0,2,6,0,8,14,34,11,0,59,0,0,0,59
12/26/2022,BIL,MT,ANM,WE,Combined TRACON& Tower with Radar,28,36,11,0,75,0,5,15,0,20,28,41,26,0,95,0,0,0,95
12/27/2022,BIL,MT,ANM,WE,Combined TRACON& Tower with Radar,33,94,20,0,147,0,14,30,0,44,33,108,50,0,191,40,0,40,231
12/28/2022,BIL,MT,ANM,WE,Combined TRACON& Tower with Radar,41,93,18,0,152,0,10,10,0,20,41,103,28,0,172,0,0,0,172
12/29/2022,BIL,MT,ANM,WE,Combined TRACON& Tower with Radar,41,95,21,6,163,0,10,46,2,58,41,105,67,8,221,50,0,50,271
12/30/2022,BIL,MT,ANM,WE,Combined TRACON& Tower with Radar,33,80,13,0,126,0,12,32,0,44,33,92,45,0,170,0,0,0,170
12/31/2022,BIL,MT,ANM,WE,Combined TRACON& Tower with Radar,28,57,12,0,97,0,6,6,0,12,28,63,18,0,109,4,0,4,113
01/01/2023,BIL,MT,ANM,WE,Combined TRACON& Tower with Radar,17,37,8,0,62,0,1,15,0,16,17,38,23,0,78,0,0,0,78
01/02/2023,BIL,MT,ANM,WE,Combined TRACON& Tower with Radar,24,45,28,0,97,0,5,52,0,57,24,50,80,0,154,13,0,13,167
01/03/2023,BIL,MT,ANM,WE,Combined TRACON& Tower with Radar,29,55,18,0,102,0,4,23,0,27,29,59,41,0,129,2,0,2,131
01/04/2023,BIL,MT,ANM,WE,Combined TRACON& Tower with Radar,34,84,17,0,135,0,13,52,0,65,34,97,69,0,200,16,0,16,216
01/05/2023,BIL,MT,ANM,WE,Combined TRACON& Tower with Radar,38,83,35,2,158,0,10,40,0,50,38,93,75,2,208,93,0,93,301
01/06/2023,BIL,MT,ANM,WE,Combined TRACON& Tower with Radar,38,87,24,16,165,0,7,45,0,52,38,94,69,16,217,72,0,72,289
01/07/2023,BIL,MT,ANM,WE,Combined TRACON& Tower with Radar,25,57,12,0,94,0,7,52,0,59,25,64,64,0,153,8,0,8,161
01/08/2023,BIL,MT,ANM,WE,Combined TRACON& Tower with Radar,28,33,6,0,67,0,2,36,0,38,28,35,42,0,105,14,0,14,119
01/09/2023,BIL,MT,ANM,WE,Combined TRACON& Tower with Radar,29,64,35,8,136,0,12,61,0,73,29,76,96,8,209,92,0,92,301
01/10/2023,BIL,MT,ANM,WE,Combined TRACON& Tower with Radar,34,82,27,7,150,0,14,57,3,74,34,96,84,10,224,112,6,118,342
01/11/2023,BIL,MT,ANM,WE,Combined TRACON& Tower with Radar,32,74,34,0,140,0,4,90,0,94,32,78,124,0,234,108,0,108,342
01/12/2023,BIL,MT,ANM,WE,Combined TRACON& Tower with Radar,38,70,30,0,138,0,9,67,0,76,38,79,97,0,214,41,0,41,255
01/13/2023,BIL,MT,ANM,WE,Combined TRACON& Tower with Radar,34,78,16,2,130,0,15,55,0,70,34,93,71,2,200,24,0,24,224
01/14/2023,BIL,MT,ANM,WE,Combined TRACON& Tower with Radar,26,55,20,1,102,0,4,65,0,69,26,59,85,1,171,56,0,56,227
01/15/2023,BIL,MT,ANM,WE,Combined TRACON& Tower with Radar,26,23,19,0,68,0,8,63,2,73,26,31,82,2,141,111,0,111,252
01/16/2023,BIL,MT,ANM,WE,Combined TRACON& Tower with Radar,14,31,16,0,61,0,0,3,0,3,14,31,19,0,64,12,0,12,76
01/17/2023,BIL,MT,ANM,WE,Combined TRACON& Tower with Radar,40,69,27,2,138,0,11,55,4,70,40,80,82,6,208,73,2,75,283
01/18/2023,BIL,MT,ANM,WE,Combined TRACON& Tower with Radar,32,77,46,0,155,0,6,109,0,115,32,83,155,0,270,182,0,182,452
01/19/2023,BIL,MT,ANM,WE,Combined TRACON& Tower with Radar,36,69,35,3,143,0,14,82,5,101,36,83,117,8,244,132,6,138,382
01/20/2023,BIL,MT,ANM,WE,Combined TRACON& Tower with Radar,32,82,27,2,143,0,25,113,4,142,32,107,140,6,285,179,4,183,468
01/21/2023,BIL,MT,ANM,WE,Combined TRACON& Tower with Radar,26,73,28,0,127,0,27,64,0,91,26,100,92,0,218,48,0,48,266
01/22/2023,BIL,MT,ANM,WE,Combined TRACON& Tower with Radar,27,47,8,0,82,0,8,10,0,18,27,55,18,0,100,20,0,20,120
01/23/2023,BIL,MT,ANM,WE,Combined TRACON& Tower with Radar,28,65,19,6,118,0,16,56,0,72,28,81,75,6,190,50,0,50,240
01/24/2023,BIL,MT,ANM,WE,Combined TRACON& Tower with Radar,35,104,26,0,165,0,15,19,2,36,35,119,45,2,201,17,0,17,218
01/25/2023,BIL,MT,ANM,WE,Combined TRACON& Tower with Radar,32,93,20,19,164,0,12,54,13,79,32,105,74,32,243,91,28,119,362
01/26/2023,BIL,MT,ANM,WE,Combined TRACON& Tower with Radar,36,94,25,0,155,0,14,4,3,21,36,108,29,3,176,4,0,4,180
01/27/2023,BIL,MT,ANM,WE,Combined TRACON& Tower with Radar,34,64,15,0,113,0,1,2,0,3,34,65,17,0,116,0,0,0,116
01/28/2023,BIL,MT,ANM,WE,Combined TRACON& Tower with Radar,24,50,11,0,85,0,0,0,0,0,24,50,11,0,85,0,0,0,85
01/29/2023,BIL,MT,ANM,WE,Combined TRACON& Tower with Radar,29,27,14,0,70,0,5,5,0,10,29,32,19,0,80,0,0,0,80
01/30/2023,BIL,MT,ANM,WE,Combined TRACON& Tower with Radar,28,60,6,0,94,0,7,9,0,16,28,67,15,0,110,0,0,0,110
01/31/2023,BIL,MT,ANM,WE,Combined TRACON& Tower with Radar,28,76,15,0,119,0,17,21,1,39,28,93,36,1,158,0,0,0,158
02/01/2023,BIL,MT,ANM,WE,Combined TRACON& Tower with Radar,26,69,34,0,129,0,17,78,0,95,26,86,112,0,224,94,0,94,318
02/02/2023,BIL,MT,ANM,WE,Combined TRACON& Tower with Radar,31,83,37,0,151,0,5,89,3,97,31,88,126,3,248,125,0,125,373
02/03/2023,BIL,MT,ANM,WE,Combined TRACON& Tower with Radar,37,74,20,0,131,0,15,76,1,92,37,89,96,1,223,52,6,58,281
02/04/2023,BIL,MT,ANM,WE,Combined TRACON& Tower with Radar,28,41,11,0,80,0,11,26,2,39,28,52,37,2,119,43,0,43,162
02/05/2023,BIL,MT,ANM,WE,Combined TRACON& Tower with Radar,29,32,15,0,76,0,4,28,1,33,29,36,43,1,109,89,0,89,198
02/06/2023,BIL,MT,ANM,WE,Combined TRACON& Tower with Radar,33,55,24,0,112,0,13,73,0,86,33,68,97,0,198,101,0,101,299
02/07/2023,BIL,MT,ANM,WE,Combined TRACON& Tower with Radar,38,68,31,4,141,0,17,86,13,116,38,85,117,17,257,110,1,111,368
02/08/2023,BIL,MT,ANM,WE,Combined TRACON& Tower with Radar,36,77,17,0,130,0,4,14,3,21,36,81,31,3,151,33,0,33,184
02/09/2023,BIL,MT,ANM,WE,Combined TRACON& Tower with Radar,38,74,32,5,149,0,24,121,4,149,38,98,153,9,298,131,22,153,451
02/10/2023,BIL,MT,ANM,WE,Combined TRACON& Tower with Radar,36,71,22,0,129,0,11,30,1,42,36,82,52,1,171,2,0,2,173
02/11/2023,BIL,MT,ANM,WE,Combined TRACON& Tower with Radar,26,54,30,0,110,0,7,82,2,91,26,61,112,2,201,78,0,78,279
02/12/2023,BIL,MT,ANM,WE,Combined TRACON& Tower with Radar,26,39,15,1,81,0,7,30,2,39,26,46,45,3,120,0,0,0,120
02/13/2023,BIL,MT,ANM,WE,Combined TRACON& Tower with Radar,29,57,19,0,105,0,20,80,2,102,29,77,99,2,207,112,0,112,319
02/14/2023,BIL,MT,ANM,WE,Combined TRACON& Tower with Radar,34,83,13,0,130,0,1,7,1,9,34,84,20,1,139,0,0,0,139
02/15/2023,BIL,MT,ANM,WE,Combined TRACON& Tower with Radar,37,78,26,2,143,0,18,73,2,93,37,96,99,4,236,82,4,86,322
02/16/2023,BIL,MT,ANM,WE,Combined TRACON& Tower with Radar,40,69,29,0,138,0,14,7,5,26,40,83,36,5,164,0,1,1,165
02/17/2023,BIL,MT,ANM,WE,Combined TRACON& Tower with Radar,36,70,23,1,130,0,13,74,0,87,36,83,97,1,217,88,0,88,305
02/18/2023,BIL,MT,ANM,WE,Combined TRACON& Tower with Radar,26,63,19,1,109,0,9,61,1,71,26,72,80,2,180,58,0,58,238
02/19/2023,BIL,MT,ANM,WE,Combined TRACON& Tower with Radar,28,51,9,0,88,0,7,14,0,21,28,58,23,0,109,6,0,6,115
02/20/2023,BIL,MT,ANM,WE,Combined TRACON& Tower with Radar,28,78,29,0,135,0,0,0,0,0,28,78,29,0,135,0,0,0,135
02/21/2023,BIL,MT,ANM,WE,Combined TRACON& Tower with Radar,38,83,15,0,136,0,0,0,0,0,38,83,15,0,136,2,0,2,138
02/22/2023,BIL,MT,ANM,WE,Combined TRACON& Tower with Radar,29,59,10,0,98,0,0,0,0,0,29,59,10,0,98,0,0,0,98
02/23/2023,BIL,MT,ANM,WE,Combined TRACON& Tower with Radar,40,79,27,0,146,0,7,4,0,11,40,86,31,0,157,0,0,0,157
02/24/2023,BIL,MT,ANM,WE,Combined TRACON& Tower with Radar,34,70,25,0,129,0,12,35,2,49,34,82,60,2,178,28,2,30,208
02/25/2023,BIL,MT,ANM,WE,Combined TRACON& Tower with Radar,24,55,20,1,100,0,16,80,0,96,24,71,100,1,196,84,0,84,280
02/26/2023,BIL,MT,ANM,WE,Combined TRACON& Tower with Radar,28,37,19,2,86,0,9,45,2,56,28,46,64,4,142,52,0,52,194
02/27/2023,BIL,MT,ANM,WE,Combined TRACON& Tower with Radar,33,70,36,17,156,0,26,98,6,130,33,96,134,23,286,155,10,165,451
02/28/2023,BIL,MT,ANM,WE,Combined TRACON& Tower with Radar,40,73,27,2,142,0,14,102,1,117,40,87,129,3,259,101,0,101,360
03/01/2023,BIL,MT,ANM,WE,Combined TRACON& Tower with Radar,37,85,33,1,156,0,8,57,2,67,37,93,90,3,223,50,0,50,273
03/02/2023,BIL,MT,ANM,WE,Combined TRACON& Tower with Radar,39,88,32,20,179,0,22,57,2,81,39,110,89,22,260,69,1,70,330
03/03/2023,BIL,MT,ANM,WE,Combined TRACON& Tower with Radar,38,75,25,2,140,0,7,62,2,71,38,82,87,4,211,103,0,103,314
03/04/2023,BIL,MT,ANM,WE,Combined TRACON& Tower with Radar,26,54,18,0,98,0,7,82,0,89,26,61,100,0,187,100,0,100,287
03/05/2023,BIL,MT,ANM,WE,Combined TRACON& Tower with Radar,27,34,11,0,72,0,0,5,0,5,27,34,16,0,77,0,0,0,77
03/06/2023,BIL,MT,ANM,WE,Combined TRACON& Tower with Radar,31,69,14,0,114,0,0,0,0,0,31,69,14,0,114,0,0,0,114
03/07/2023,BIL,MT,ANM,WE,Combined TRACON& Tower with Radar,40,71,14,1,126,0,10,28,2,40,40,81,42,3,166,27,0,27,193
03/08/2023,BIL,MT,ANM,WE,Combined TRACON& Tower with Radar,37,87,18,0,142,0,0,1,0,1,37,87,19,0,143,0,0,0,143
03/09/2023,BIL,MT,ANM,WE,Combined TRACON& Tower with Radar,40,81,32,0,153,0,4,57,1,62,40,85,89,1,215,119,0,119,334
03/10/2023,BIL,MT,ANM,WE,Combined TRACON& Tower with Radar,40,74,25,12,151,0,5,58,6,69,40,79,83,18,220,104,16,120,340
03/11/2023,BIL,MT,ANM,WE,Combined TRACON& Tower with Radar,29,53,16,0,98,0,3,13,0,16,29,56,29,0,114,12,0,12,126
03/12/2023,BIL,MT,ANM,WE,Combined TRACON& Tower with Radar,26,26,21,0,73,0,5,63,2,70,26,31,84,2,143,16,0,16,159
03/13/2023,BIL,MT,ANM,WE,Combined TRACON& Tower with Radar,33,57,38,2,130,0,7,123,0,130,33,64,161,2,260,98,0,98,358
03/14/2023,BIL,MT,ANM,WE,Combined TRACON& Tower with Radar,41,76,27,15,159,0,7,89,3,99,41,83,116,18,258,131,8,139,397
03/15/2023,BIL,MT,ANM,WE,Combined TRACON& Tower with Radar,38,88,14,0,140,0,4,6,0,10,38,92,20,0,150,19,0,19,169
03/16/2023,BIL,MT,ANM,WE,Combined TRACON& Tower with Radar,40,86,34,0,160,0,2,45,4,51,40,88,79,4,211,130,0,130,341
03/17/2023,BIL,MT,ANM,WE,Combined TRACON& Tower with Radar,36,81,42,1,160,0,13,110,1,124,36,94,152,2,284,177,0,177,461
03/18/2023,BIL,MT,ANM,WE,Combined TRACON& Tower with Radar,28,41,15,6,90,0,14,84,0,98,28,55,99,6,188,170,0,170,358
03/19/2023,BIL,MT,ANM,WE,Combined TRACON& Tower with Radar,27,39,19,0,85,0,12,62,0,74,27,51,81,0,159,0,0,0,159
03/20/2023,BIL,MT,ANM,WE,Combined TRACON& Tower with Radar,31,76,31,0,138,0,9,73,1,83,31,85,104,1,221,153,0,153,374
03/21/2023,BIL,MT,ANM,WE,Combined TRACON& Tower with Radar,40,103,22,0,165,0,4,5,0,9,40,107,27,0,174,0,0,0,174
03/22/2023,BIL,MT,ANM,WE,Combined TRACON& Tower with Radar,38,99,36,1,174,0,25,96,3,124,38,124,132,4,298,226,0,226,524
03/23/2023,BIL,MT,ANM,WE,Combined TRACON& Tower with Radar,40,85,28,9,162,0,13,95,7,115,40,98,123,16,277,103,8,111,388
03/24/2023,BIL,MT,ANM,WE,Combined TRACON& Tower with Radar,36,87,31,0,154,0,15,63,1,79,36,102,94,1,233,85,0,85,318
03/25/2023,BIL,MT,ANM,WE,Combined TRACON& Tower with Radar,26,66,4,0,96,0,0,0,0,0,26,66,4,0,96,0,0,0,96
03/26/2023,BIL,MT,ANM,WE,Combined TRACON& Tower with Radar,28,32,3,0,63,0,0,0,0,0,28,32,3,0,63,0,0,0,63
03/27/2023,BIL,MT,ANM,WE,Combined TRACON& Tower with Radar,30,74,37,2,143,0,13,36,0,49,30,87,73,2,192,49,0,49,241
03/28/2023,BIL,MT,ANM,WE,Combined TRACON& Tower with Radar,43,94,27,0,164,0,4,20,0,24,43,98,47,0,188,28,0,28,216
03/29/2023,BIL,MT,ANM,WE,Combined TRACON& Tower with Radar,37,93,41,0,171,0,7,47,0,54,37,100,88,0,225,88,0,88,313
03/30/2023,BIL,MT,ANM,WE,Combined TRACON& Tower with Radar,42,86,23,0,151,0,2,5,0,7,42,88,28,0,158,0,0,0,158
03/31/2023,BIL,MT,ANM,WE,Combined TRACON& Tower with Radar,36,89,42,0,167,0,4,54,0,58,36,93,96,0,225,125,0,125,350
04/01/2023,BIL,MT,ANM,WE,Combined TRACON& Tower with Radar,28,61,15,0,104,0,10,68,0,78,28,71,83,0,182,62,0,62,244
04/02/2023,BIL,MT,ANM,WE,Combined TRACON& Tower with Radar,29,37,15,0,81,0,2,8,2,12,29,39,23,2,93,0,0,0,93
04/03/2023,BIL,MT,ANM,WE,Combined TRACON& Tower with Radar,32,67,25,0,124,0,10,65,1,76,32,77,90,1,200,113,0,113,313
04/04/2023,BIL,MT,ANM,WE,Combined TRACON& Tower with Radar,35,88,18,0,141,0,0,1,1,2,35,88,19,1,143,0,12,12,155
04/05/2023,BIL,MT,ANM,WE,Combined TRACON& Tower with Radar,38,92,46,3,179,0,11,83,4,98,38,103,129,7,277,152,0,152,429
04/06/2023,BIL,MT,ANM,WE,Combined TRACON& Tower with Radar,39,74,25,17,155,0,15,73,5,93,39,89,98,22,248,87,24,111,359
04/07/2023,BIL,MT,ANM,WE,Combined TRACON& Tower with Radar,34,82,22,1,139,0,15,79,2,96,34,97,101,3,235,117,0,117,352
04/08/2023,BIL,MT,ANM,WE,Combined TRACON& Tower with Radar,25,47,7,0,79,0,11,36,0,47,25,58,43,0,126,58,0,58,184
04/09/2023,BIL,MT,ANM,WE,Combined TRACON& Tower with Radar,28,35,7,0,70,0,12,24,0,36,28,47,31,0,106,62,0,62,168
04/10/2023,BIL,MT,ANM,WE,Combined TRACON& Tower with Radar,28,63,27,0,118,0,10,58,0,68,28,73,85,0,186,38,0,38,224
04/11/2023,BIL,MT,ANM,WE,Combined TRACON& Tower with Radar,38,92,27,3,160,0,6,43,4,53,38,98,70,7,213,62,0,62,275
04/12/2023,BIL,MT,ANM,WE,Combined TRACON& Tower with Radar,38,75,25,1,139,0,11,73,7,91,38,86,98,8,230,106,0,106,336
04/13/2023,BIL,MT,ANM,WE,Combined TRACON& Tower with Radar,38,77,14,2,131,0,0,1,0,1,38,77,15,2,132,0,0,0,132
04/14/2023,BIL,MT,ANM,WE,Combined TRACON& Tower with Radar,34,85,37,3,159,0,2,67,4,73,34,87,104,7,232,198,6,204,436
04/15/2023,BIL,MT,ANM,WE,Combined TRACON& Tower with Radar,22,48,16,0,86,0,2,70,3,75,22,50,86,3,161,132,0,132,293
04/16/2023,BIL,MT,ANM,WE,Combined TRACON& Tower with Radar,29,38,25,0,92,0,3,57,0,60,29,41,82,0,152,59,0,59,211
04/17/2023,BIL,MT,ANM,WE,Combined TRACON& Tower with Radar,29,68,28,3,128,0,10,112,1,123,29,78,140,4,251,169,8,177,428
04/18/2023,BIL,MT,ANM,WE,Combined TRACON& Tower with Radar,34,85,32,0,151,0,3,27,1,31,34,88,59,1,182,146,0,146,328
04/19/2023,BIL,MT,ANM,WE,Combined TRACON& Tower with Radar,34,85,20,0,139,0,0,4,2,6,34,85,24,2,145,0,0,0,145
04/20/2023,BIL,MT,ANM,WE,Combined TRACON& Tower with Radar,38,90,20,1,149,0,1,15,0,16,38,91,35,1,165,8,0,8,173
04/21/2023,BIL,MT,ANM,WE,Combined TRACON& Tower with Radar,34,89,18,0,141,0,1,45,2,48,34,90,63,2,189,192,0,192,381
04/22/2023,BIL,MT,ANM,WE,Combined TRACON& Tower with Radar,26,51,17,0,94,0,4,82,0,86,26,55,99,0,180,138,0,138,318
04/23/2023,BIL,MT,ANM,WE,Combined TRACON& Tower with Radar,27,31,22,0,80,0,8,60,0,68,27,39,82,0,148,18,0,18,166
04/24/2023,BIL,MT,ANM,WE,Combined TRACON& Tower with Radar,29,70,30,0,129,0,16,106,0,122,29,86,136,0,251,187,0,187,438
04/25/2023,BIL,MT,ANM,WE,Combined TRACON& Tower with Radar,36,95,36,0,167,0,33,96,2,131,36,128,132,2,298,216,0,216,514
04/26/2023,BIL,MT,ANM,WE,Combined TRACON& Tower with Radar,34,90,37,13,174,0,30,67,4,101,34,120,104,17,275,84,30,114,389
04/27/2023,BIL,MT,ANM,WE,Combined TRACON& Tower with Radar,38,65,16,0,119,0,6,12,1,19,38,71,28,1,138,24,2,26,164
04/28/2023,BIL,MT,ANM,WE,Combined TRACON& Tower with Radar,34,87,28,0,149,0,24,106,0,130,34,111,134,0,279,120,0,120,399
04/29/2023,BIL,MT,ANM,WE,Combined TRACON& Tower with Radar,26,59,24,4,113,0,23,68,0,91,26,82,92,4,204,54,0,54,258
04/30/2023,BIL,MT,ANM,WE,Combined TRACON& Tower with Radar,27,28,16,1,72,0,15,55,1,71,27,43,71,2,143,35,0,35,178
05/01/2023,BIL,MT,ANM,WE,Combined TRACON& Tower with Radar,29,67,19,28,143,0,27,92,0,119,29,94,111,28,262,36,3,39,301
05/02/2023,BIL,MT,ANM,WE,Combined TRACON& Tower with Radar,36,89,17,0,142,0,17,89,1,107,36,106,106,1,249,151,0,151,400
05/03/2023,BIL,MT,ANM,WE,Combined TRACON& Tower with Radar,36,83,12,7,138,0,7,62,20,89,36,90,74,27,227,99,25,124,351
05/04/2023,BIL,MT,ANM,WE,Combined TRACON& Tower with Radar,37,77,24,0,138,0,11,53,7,71,37,88,77,7,209,26,0,26,235
05/05/2023,BIL,MT,ANM,WE,Combined TRACON& Tower with Radar,34,74,13,3,124,0,7,28,6,41,34,81,41,9,165,14,0,14,179
05/06/2023,BIL,MT,ANM,WE,Combined TRACON& Tower with Radar,24,55,13,0,92,0,3,43,6,52,24,58,56,6,144,36,0,36,180
05/07/2023,BIL,MT,ANM,WE,Combined TRACON& Tower with Radar,25,37,10,0,72,0,2,19,0,21,25,39,29,0,93,0,0,0,93
05/08/2023,BIL,MT,ANM,WE,Combined TRACON& Tower with Radar,26,57,29,1,113,0,17,109,0,126,26,74,138,1,239,100,0,100,339
05/09/2023,BIL,MT,ANM,WE,Combined TRACON& Tower with Radar,36,67,27,0,130,0,15,107,1,123,36,82,134,1,253,119,0,119,372
05/10/2023,BIL,MT,ANM,WE,Combined TRACON& Tower with Radar,33,80,25,5,143,0,9,98,5,112,33,89,123,10,255,111,16,127,382
05/11/2023,BIL,MT,ANM,WE,Combined TRACON& Tower with Radar,37,85,26,0,148,0,2,12,0,14,37,87,38,0,162,0,0,0,162
05/12/2023,BIL,MT,ANM,WE,Combined TRACON& Tower with Radar,30,79,28,0,137,0,9,37,3,49,30,88,65,3,186,66,0,66,252
05/13/2023,BIL,MT,ANM,WE,Combined TRACON& Tower with Radar,23,69,25,0,117,0,1,3,0,4,23,70,28,0,121,0,0,0,121
05/14/2023,BIL,MT,ANM,WE,Combined TRACON& Tower with Radar,26,36,20,0,82,0,0,9,0,9,26,36,29,0,91,4,0,4,95
05/15/2023,BIL,MT,ANM,WE,Combined TRACON& Tower with Radar,27,59,37,14,137,0,23,128,0,151,27,82,165,14,288,141,10,151,439
05/16/2023,BIL,MT,ANM,WE,Combined TRACON& Tower with Radar,34,95,31,0,160,0,27,115,5,147,34,122,146,5,307,145,4,149,456
05/17/2023,BIL,MT,ANM,WE,Combined TRACON& Tower with Radar,33,75,40,3,151,0,2,13,0,15,33,77,53,3,166,28,0,28,194
05/18/2023,BIL,MT,ANM,WE,Combined TRACON& Tower with Radar,36,102,46,0,184,0,16,87,1,104,36,118,133,1,288,163,0,163,451
05/19/2023,BIL,MT,ANM,WE,Combined TRACON& Tower with Radar,35,89,43,0,167,0,7,93,0,100,35,96,136,0,267,109,0,109,376
05/20/2023,BIL,MT,ANM,WE,Combined TRACON& Tower with Radar,23,61,24,0,108,0,8,67,0,75,23,69,91,0,183,65,0,65,248
05/21/2023,BIL,MT,ANM,WE,Combined TRACON& Tower with Radar,26,29,27,0,82,0,7,56,0,63,26,36,83,0,145,10,0,10,155
05/22/2023,BIL,MT,ANM,WE,Combined TRACON& Tower with Radar,27,89,28,1,145,0,21,65,1,87,27,110,93,2,232,87,0,87,319
05/23/2023,BIL,MT,ANM,WE,Combined TRACON& Tower with Radar,37,100,41,0,178,0,27,90,1,118,37,127,131,1,296,75,0,75,371
05/24/2023,BIL,MT,ANM,WE,Combined TRACON& Tower with Radar,37,89,31,9,166,0,21,64,9,94,37,110,95,18,260,107,22,129,389
05/25/2023,BIL,MT,ANM,WE,Combined TRACON& Tower with Radar,38,88,37,16,179,0,10,67,0,77,38,98,104,16,256,131,12,143,399
05/26/2023,BIL,MT,ANM,WE,Combined TRACON& Tower with Radar,34,93,49,0,176,0,6,25,0,31,34,99,74,0,207,17,0,17,224
05/27/2023,BIL,MT,ANM,WE,Combined TRACON& Tower with Radar,23,56,21,0,100,0,7,30,0,37,23,63,51,0,137,25,0,25,162
05/28/2023,BIL,MT,ANM,WE,Combined TRACON& Tower with Radar,22,45,13,0,80,0,4,44,0,48,22,49,57,0,128,24,0,24,152
05/29/2023,BIL,MT,ANM,WE,Combined TRACON& Tower with Radar,23,45,19,0,87,0,14,47,1,62,23,59,66,1,149,67,0,67,216
05/30/2023,BIL,MT,ANM,WE,Combined TRACON& Tower with Radar,25,72,37,1,135,0,18,92,1,111,25,90,129,2,246,98,0,98,344
05/31/2023,BIL,MT,ANM,WE,Combined TRACON& Tower with Radar,37,85,41,0,163,0,21,67,2,90,37,106,108,2,253,142,0,142,395
06/01/2023,BIL,MT,ANM,WE,Combined TRACON& Tower with Radar,37,79,39,0,155,0,17,76,2,95,37,96,115,2,250,98,0,98,348
06/02/2023,BIL,MT,ANM,WE,Combined TRACON& Tower with Radar,40,78,23,0,141,0,0,1,0,1,40,78,24,0,142,6,0,6,148
06/03/2023,BIL,MT,ANM,WE,Combined TRACON& Tower with Radar,31,73,24,0,128,0,1,3,0,4,31,74,27,0,132,0,0,0,132
06/04/2023,BIL,MT,ANM,WE,Combined TRACON& Tower with Radar,30,43,20,0,93,0,0,12,0,12,30,43,32,0,105,6,0,6,111
06/05/2023,BIL,MT,ANM,WE,Combined TRACON& Tower with Radar,30,80,39,0,149,0,14,76,3,93,30,94,115,3,242,103,0,103,345
06/06/2023,BIL,MT,ANM,WE,Combined TRACON& Tower with Radar,40,88,25,0,153,0,18,83,0,101,40,106,108,0,254,140,0,140,394
06/07/2023,BIL,MT,ANM,WE,Combined TRACON& Tower with Radar,38,75,30,1,144,0,18,62,0,80,38,93,92,1,224,69,0,69,293
06/08/2023,BIL,MT,ANM,WE,Combined TRACON& Tower with Radar,42,99,30,2,173,0,17,57,7,81,42,116,87,9,254,44,0,44,298
06/09/2023,BIL,MT,ANM,WE,Combined TRACON& Tower with Radar,37,91,38,1,167,0,6,30,4,40,37,97,68,5,207,38,0,38,245
06/10/2023,BIL,MT,ANM,WE,Combined TRACON& Tower with Radar,29,67,14,3,113,0,2,12,7,21,29,69,26,10,134,47,4,51,185
06/11/2023,BIL,MT,ANM,WE,Combined TRACON& Tower with Radar,28,45,38,1,112,0,3,30,1,34,28,48,68,2,146,51,0,51,197
06/12/2023,BIL,MT,ANM,WE,Combined TRACON& Tower with Radar,30,70,47,2,149,0,19,86,0,105,30,89,133,2,254,128,0,128,382
06/13/2023,BIL,MT,ANM,WE,Combined TRACON& Tower with Radar,40,62,41,2,145,0,24,89,8,121,40,86,130,10,266,80,18,98,364
06/14/2023,BIL,MT,ANM,WE,Combined TRACON& Tower with Radar,40,87,27,0,154,0,12,48,1,61,40,99,75,1,215,65,0,65,280
06/15/2023,BIL,MT,ANM,WE,Combined TRACON& Tower with Radar,41,85,47,2,175,0,18,97,4,119,41,103,144,6,294,141,0,141,435
06/16/2023,BIL,MT,ANM,WE,Combined TRACON& Tower with Radar,39,82,31,0,152,0,13,104,1,118,39,95,135,1,270,111,0,111,381
06/17/2023,BIL,MT,ANM,WE,Combined TRACON& Tower with Radar,33,59,12,0,104,0,7,56,0,63,33,66,68,0,167,62,0,62,229
06/18/2023,BIL,MT,ANM,WE,Combined TRACON& Tower with Radar,30,36,16,0,82,0,6,18,0,24,30,42,34,0,106,4,0,4,110
06/19/2023,BIL,MT,ANM,WE,Combined TRACON& Tower with Radar,31,71,31,0,133,0,21,76,0,97,31,92,107,0,230,81,0,81,311
06/20/2023,BIL,MT,ANM,WE,Combined TRACON& Tower with Radar,41,94,35,0,170,0,17,33,2,52,41,111,68,2,222,30,0,30,252
06/21/2023,BIL,MT,ANM,WE,Combined TRACON& Tower with Radar,37,111,33,0,181,0,6,48,2,56,37,117,81,2,237,101,0,101,338
06/22/2023,BIL,MT,ANM,WE,Combined TRACON& Tower with Radar,38,73,42,0,153,0,15,124,2,141,38,88,166,2,294,193,0,193,487
06/23/2023,BIL,MT,ANM,WE,Combined TRACON& Tower with Radar,34,80,43,1,158,0,9,15,0,24,34,89,58,1,182,23,0,23,205
06/24/2023,BIL,MT,ANM,WE,Combined TRACON& Tower with Radar,31,56,11,0,98,0,1,11,0,12,31,57,22,0,110,8,0,8,118
06/25/2023,BIL,MT,ANM,WE,Combined TRACON& Tower with Radar,28,40,27,0,95,0,3,49,1,53,28,43,76,1,148,7,0,7,155
06/26/2023,BIL,MT,ANM,WE,Combined TRACON& Tower with Radar,28,72,34,4,138,0,19,70,4,93,28,91,104,8,231,53,16,69,300
06/27/2023,BIL,MT,ANM,WE,Combined TRACON& Tower with Radar,42,75,40,2,159,0,22,71,4,97,42,97,111,6,256,115,0,115,371
06/28/2023,BIL,MT,ANM,WE,Combined TRACON& Tower with Radar,34,61,45,2,142,0,18,58,0,76,34,79,103,2,218,36,0,36,254
06/29/2023,BIL,MT,ANM,WE,Combined TRACON& Tower with Radar,39,85,46,3,173,0,25,117,3,145,39,110,163,6,318,144,11,155,473
06/30/2023,BIL,MT,ANM,WE,Combined TRACON& Tower with Radar,35,83,44,0,162,0,29,79,1,109,35,112,123,1,271,66,0,66,337
07/01/2023,BIL,MT,ANM,WE,Combined TRACON& Tower with Radar,31,60,27,0,118,0,14,44,0,58,31,74,71,0,176,34,0,34,210
07/02/2023,BIL,MT,ANM,WE,Combined TRACON& Tower with Radar,28,43,25,0,96,0,15,49,0,64,28,58,74,0,160,19,0,19,179
07/03/2023,BIL,MT,ANM,WE,Combined TRACON& Tower with Radar,29,60,27,0,116,0,15,28,0,43,29,75,55,0,159,35,0,35,194
07/04/2023,BIL,MT,ANM,WE,Combined TRACON& Tower with Radar,26,39,17,0,82,0,4,8,2,14,26,43,25,2,96,0,0,0,96
07/05/2023,BIL,MT,ANM,WE,Combined TRACON& Tower with Radar,35,82,39,2,158,0,18,56,3,77,35,100,95,5,235,40,0,40,275
07/06/2023,BIL,MT,ANM,WE,Combined TRACON& Tower with Radar,40,76,29,0,145,0,13,63,1,77,40,89,92,1,222,60,0,60,282
07/07/2023,BIL,MT,ANM,WE,Combined TRACON& Tower with Radar,37,75,36,0,148,0,13,66,1,80,37,88,102,1,228,26,0,26,254
07/08/2023,BIL,MT,ANM,WE,Combined TRACON& Tower with Radar,30,51,11,0,92,0,6,60,0,66,30,57,71,0,158,68,0,68,226
07/09/2023,BIL,MT,ANM,WE,Combined TRACON& Tower with Radar,30,38,20,5,93,0,11,66,3,80,30,49,86,8,173,48,0,48,221
07/10/2023,BIL,MT,ANM,WE,Combined TRACON& Tower with Radar,33,66,18,0,117,0,14,63,1,78,33,80,81,1,195,81,0,81,276
07/11/2023,BIL,MT,ANM,WE,Combined TRACON& Tower with Radar,42,80,37,0,159,0,14,89,3,106,42,94,126,3,265,110,8,118,383
07/12/2023,BIL,MT,ANM,WE,Combined TRACON& Tower with Radar,40,81,43,1,165,0,21,77,5,103,40,102,120,6,268,64,0,64,332
07/13/2023,BIL,MT,ANM,WE,Combined TRACON& Tower with Radar,42,72,49,0,163,0,19,87,1,107,42,91,136,1,270,114,0,114,384
07/14/2023,BIL,MT,ANM,WE,Combined TRACON& Tower with Radar,37,89,47,0,173,0,13,92,4,109,37,102,139,4,282,142,6,148,430
07/15/2023,BIL,MT,ANM,WE,Combined TRACON& Tower with Radar,32,53,13,2,100,0,8,32,0,40,32,61,45,2,140,45,0,45,185
07/16/2023,BIL,MT,ANM,WE,Combined TRACON& Tower with Radar,34,48,25,2,109,0,4,40,0,44,34,52,65,2,153,10,0,10,163
07/17/2023,BIL,MT,ANM,WE,Combined TRACON& Tower with Radar,32,68,30,0,130,0,10,40,0,50,32,78,70,0,180,16,0,16,196
07/18/2023,BIL,MT,ANM,WE,Combined TRACON& Tower with Radar,40,68,45,7,160,0,19,108,7,134,40,87,153,14,294,114,20,134,428
07/19/2023,BIL,MT,ANM,WE,Combined TRACON& Tower with Radar,37,71,63,1,172,0,15,112,0,127,37,86,175,1,299,90,0,90,389
07/20/2023,BIL,MT,ANM,WE,Combined TRACON& Tower with Radar,42,74,38,4,158,0,16,105,0,121,42,90,143,4,279,118,0,118,397
07/21/2023,BIL,MT,ANM,WE,Combined TRACON& Tower with Radar,37,69,49,3,158,0,19,97,0,116,37,88,146,3,274,117,0,117,391
07/22/2023,BIL,MT,ANM,WE,Combined TRACON& Tower with Radar,34,52,24,0,110,0,14,59,0,73,34,66,83,0,183,33,0,33,216
07/23/2023,BIL,MT,ANM,WE,Combined TRACON& Tower with Radar,31,37,21,0,89,0,7,48,0,55,31,44,69,0,144,0,0,0,144
07/24/2023,BIL,MT,ANM,WE,Combined TRACON& Tower with Radar,36,81,28,4,149,0,18,59,4,81,36,99,87,8,230,45,14,59,289
07/25/2023,BIL,MT,ANM,WE,Combined TRACON& Tower with Radar,43,84,31,4,162,0,30,104,13,147,43,114,135,17,309,85,18,103,412
07/26/2023,BIL,MT,ANM,WE,Combined TRACON& Tower with Radar,39,85,32,1,157,0,27,108,5,140,39,112,140,6,297,90,0,90,387
07/27/2023,BIL,MT,ANM,WE,Combined TRACON& Tower with Radar,42,91,35,0,168,0,30,77,0,107,42,121,112,0,275,29,0,29,304
07/28/2023,BIL,MT,ANM,WE,Combined TRACON& Tower with Radar,37,94,26,0,157,0,22,72,0,94,37,116,98,0,251,20,0,20,271
07/29/2023,BIL,MT,ANM,WE,Combined TRACON& Tower with Radar,32,60,28,1,121,0,15,78,1,94,32,75,106,2,215,115,0,115,330
07/30/2023,BIL,MT,ANM,WE,Combined TRACON& Tower with Radar,32,36,22,0,90,0,8,62,2,72,32,44,84,2,162,26,0,26,188
07/31/2023,BIL,MT,ANM,WE,Combined TRACON& Tower with Radar,32,67,30,0,129,0,21,75,0,96,32,88,105,0,225,58,0,58,283
08/01/2023,BIL,MT,ANM,WE,Combined TRACON& Tower with Radar,43,80,35,2,160,0,21,64,4,89,43,101,99,6,249,18,0,18,267
08/02/2023,BIL,MT,ANM,WE,Combined TRACON& Tower with Radar,38,89,34,0,161,0,17,84,0,101,38,106,118,0,262,128,0,128,390
08/03/2023,BIL,MT,ANM,WE,Combined TRACON& Tower with Radar,42,89,38,0,169,0,17,52,2,71,42,106,90,2,240,80,0,80,320
08/04/2023,BIL,MT,ANM,WE,Combined TRACON& Tower with Radar,38,85,32,0,155,0,14,49,0,63,38,99,81,0,218,36,0,36,254
08/05/2023,BIL,MT,ANM,WE,Combined TRACON& Tower with Radar,35,54,16,1,106,0,5,79,1,85,35,59,95,2,191,34,0,34,225
08/06/2023,BIL,MT,ANM,WE,Combined TRACON& Tower with Radar,33,48,17,3,101,0,3,20,2,25,33,51,37,5,126,24,0,24,150
08/07/2023,BIL,MT,ANM,WE,Combined TRACON& Tower with Radar,33,66,37,2,138,0,10,65,0,75,33,76,102,2,213,41,0,41,254
08/08/2023,BIL,MT,ANM,WE,Combined TRACON& Tower with Radar,42,79,32,0,153,0,18,111,1,130,42,97,143,1,283,116,0,116,399
08/09/2023,BIL,MT,ANM,WE,Combined TRACON& Tower with Radar,39,86,33,0,158,0,14,139,8,161,39,100,172,8,319,113,6,119,438
08/10/2023,BIL,MT,ANM,WE,Combined TRACON& Tower with Radar,42,75,30,12,159,0,15,86,14,115,42,90,116,26,274,58,14,72,346
08/11/2023,BIL,MT,ANM,WE,Combined TRACON& Tower with Radar,37,72,13,2,124,0,12,62,3,77,37,84,75,5,201,22,2,24,225
08/12/2023,BIL,MT,ANM,WE,Combined TRACON& Tower with Radar,30,62,11,0,103,0,8,30,6,44,30,70,41,6,147,7,0,7,154
08/13/2023,BIL,MT,ANM,WE,Combined TRACON& Tower with Radar,29,38,9,3,79,0,4,50,7,61,29,42,59,10,140,4,0,4,144
08/14/2023,BIL,MT,ANM,WE,Combined TRACON& Tower with Radar,34,72,26,7,139,0,19,115,1,135,34,91,141,8,274,92,0,92,366
08/15/2023,BIL,MT,ANM,WE,Combined TRACON& Tower with Radar,37,84,36,1,158,0,26,110,1,137,37,110,146,2,295,64,0,64,359
08/16/2023,BIL,MT,ANM,WE,Combined TRACON& Tower with Radar,36,85,38,0,159,0,33,110,0,143,36,118,148,0,302,78,0,78,380
08/17/2023,BIL,MT,ANM,WE,Combined TRACON& Tower with Radar,38,71,28,1,138,0,15,127,5,147,38,86,155,6,285,115,4,119,404
08/18/2023,BIL,MT,ANM,WE,Combined TRACON& Tower with Radar,36,83,22,0,141,0,20,104,0,124,36,103,126,0,265,43,0,43,308
08/19/2023,BIL,MT,ANM,WE,Combined TRACON& Tower with Radar,30,72,21,6,129,0,7,73,1,81,30,79,94,7,210,58,10,68,278
08/20/2023,BIL,MT,ANM,WE,Combined TRACON& Tower with Radar,33,47,51,0,131,0,0,3,0,3,33,47,54,0,134,0,0,0,134
08/21/2023,BIL,MT,ANM,WE,Combined TRACON& Tower with Radar,32,68,40,0,140,0,9,57,0,66,32,77,97,0,206,20,0,20,226
08/22/2023,BIL,MT,ANM,WE,Combined TRACON& Tower with Radar,36,85,44,3,168,0,20,88,4,112,36,105,132,7,280,109,2,111,391
08/23/2023,BIL,MT,ANM,WE,Combined TRACON& Tower with Radar,36,75,36,0,147,0,18,153,3,174,36,93,189,3,321,177,0,177,498
08/24/2023,BIL,MT,ANM,WE,Combined TRACON& Tower with Radar,36,78,42,7,163,0,23,113,4,140,36,101,155,11,303,152,14,166,469
08/25/2023,BIL,MT,ANM,WE,Combined TRACON& Tower with Radar,36,86,21,0,143,0,11,109,6,126,36,97,130,6,269,107,0,107,376
08/26/2023,BIL,MT,ANM,WE,Combined TRACON& Tower with Radar,32,57,29,0,118,0,13,79,5,97,32,70,108,5,215,104,0,104,319
08/27/2023,BIL,MT,ANM,WE,Combined TRACON& Tower with Radar,30,43,22,4,99,0,4,64,0,68,30,47,86,4,167,47,0,47,214
08/28/2023,BIL,MT,ANM,WE,Combined TRACON& Tower with Radar,29,70,40,0,139,0,13,96,0,109,29,83,136,0,248,137,0,137,385
08/29/2023,BIL,MT,ANM,WE,Combined TRACON& Tower with Radar,37,87,45,5,174,2,14,125,8,149,39,101,170,13,323,172,17,189,512
08/30/2023,BIL,MT,ANM,WE,Combined TRACON& Tower with Radar,36,75,35,2,148,0,15,77,4,96,36,90,112,6,244,111,4,115,359
08/31/2023,BIL,MT,ANM,WE,Combined TRACON& Tower with Radar,36,81,42,5,164,0,17,87,5,109,36,98,129,10,273,53,10,63,336
01/01/2020,BIL,MT,ANM,WE,Combined TRACON& Tower with Radar,29,57,9,0,95,0,1,9,0,10,29,58,18,0,105,0,0,0,105
01/02/2020,BIL,MT,ANM,WE,Combined TRACON& Tower with Radar,36,86,29,0,151,0,5,18,0,23,36,91,47,0,174,2,0,2,176
01/03/2020,BIL,MT,ANM,WE,Combined TRACON& Tower with Radar,34,70,20,0,124,0,30,26,2,58,34,100,46,2,182,24,0,24,206
01/04/2020,BIL,MT,ANM,WE,Combined TRACON& Tower with Radar,27,42,8,0,77,0,22,7,0,29,27,64,15,0,106,0,0,0,106
01/05/2020,BIL,MT,ANM,WE,Combined TRACON& Tower with Radar,29,40,11,0,80,0,19,56,0,75,29,59,67,0,155,63,0,63,218
01/06/2020,BIL,MT,ANM,WE,Combined TRACON& Tower with Radar,32,57,15,11,115,0,22,13,3,38,32,79,28,14,153,2,14,16,169
01/07/2020,BIL,MT,ANM,WE,Combined TRACON& Tower with Radar,33,99,23,0,155,0,8,31,0,39,33,107,54,0,194,44,0,44,238
01/08/2020,BIL,MT,ANM,WE,Combined TRACON& Tower with Radar,34,77,23,45,179,0,26,31,13,70,34,103,54,58,249,20,74,94,343
01/09/2020,BIL,MT,ANM,WE,Combined TRACON& Tower with Radar,35,119,19,11,184,0,5,2,1,8,35,124,21,12,192,0,22,22,214
01/10/2020,BIL,MT,ANM,WE,Combined TRACON& Tower with Radar,34,75,26,0,135,0,19,44,0,63,34,94,70,0,198,22,0,22,220
01/11/2020,BIL,MT,ANM,WE,Combined TRACON& Tower with Radar,22,53,12,0,87,0,10,17,0,27,22,63,29,0,114,44,0,44,158
01/12/2020,BIL,MT,ANM,WE,Combined TRACON& Tower with Radar,27,37,13,0,77,0,3,35,0,38,27,40,48,0,115,59,0,59,174
01/13/2020,BIL,MT,ANM,WE,Combined TRACON& Tower with Radar,29,79,19,0,127,0,10,1,0,11,29,89,20,0,138,8,0,8,146
01/14/2020,BIL,MT,ANM,WE,Combined TRACON& Tower with Radar,36,75,21,0,132,0,1,2,2,5,36,76,23,2,137,0,0,0,137
01/15/2020,BIL,MT,ANM,WE,Combined TRACON& Tower with Radar,33,63,30,0,126,0,25,48,0,73,33,88,78,0,199,54,0,54,253
01/16/2020,BIL,MT,ANM,WE,Combined TRACON& Tower with Radar,36,72,37,12,157,0,26,65,0,91,36,98,102,12,248,92,0,92,340
01/17/2020,BIL,MT,ANM,WE,Combined TRACON& Tower with Radar,34,77,11,0,122,0,7,14,0,21,34,84,25,0,143,0,0,0,143
01/18/2020,BIL,MT,ANM,WE,Combined TRACON& Tower with Radar,21,41,11,0,73,0,19,43,0,62,21,60,54,0,135,57,0,57,192
01/19/2020,BIL,MT,ANM,WE,Combined TRACON& Tower with Radar,26,17,12,0,55,0,25,28,2,55,26,42,40,2,110,18,0,18,128
01/20/2020,BIL,MT,ANM,WE,Combined TRACON& Tower with Radar,31,40,48,0,119,0,31,60,0,91,31,71,108,0,210,36,0,36,246
01/21/2020,BIL,MT,ANM,WE,Combined TRACON& Tower with Radar,34,71,14,22,141,0,31,64,4,99,34,102,78,26,240,73,22,95,335
01/22/2020,BIL,MT,ANM,WE,Combined TRACON& Tower with Radar,36,83,31,24,174,0,22,38,0,60,36,105,69,24,234,7,10,17,251
01/23/2020,BIL,MT,ANM,WE,Combined TRACON& Tower with Radar,36,71,33,4,144,0,19,56,0,75,36,90,89,4,219,42,6,48,267
01/24/2020,BIL,MT,ANM,WE,Combined TRACON& Tower with Radar,36,65,32,0,133,0,22,77,0,99,36,87,109,0,232,96,0,96,328
01/25/2020,BIL,MT,ANM,WE,Combined TRACON& Tower with Radar,23,41,19,1,84,0,17,40,1,58,23,58,59,2,142,16,0,16,158
01/26/2020,BIL,MT,ANM,WE,Combined TRACON& Tower with Radar,28,32,10,0,70,0,9,50,0,59,28,41,60,0,129,36,0,36,165
01/27/2020,BIL,MT,ANM,WE,Combined TRACON& Tower with Radar,29,71,23,0,123,0,8,26,1,35,29,79,49,1,158,42,0,42,200
01/28/2020,BIL,MT,ANM,WE,Combined TRACON& Tower with Radar,34,65,33,21,153,0,27,58,3,88,34,92,91,24,241,42,38,80,321
01/29/2020,BIL,MT,ANM,WE,Combined TRACON& Tower with Radar,32,72,45,30,179,0,27,76,4,107,32,99,121,34,286,61,40,101,387
01/30/2020,BIL,MT,ANM,WE,Combined TRACON& Tower with Radar,37,76,33,0,146,0,13,25,0,38,37,89,58,0,184,28,0,28,212
01/31/2020,BIL,MT,ANM,WE,Combined TRACON& Tower with Radar,35,72,12,0,119,0,31,12,0,43,35,103,24,0,162,0,0,0,162
02/01/2020,BIL,MT,ANM,WE,Combined TRACON& Tower with Radar,21,52,8,3,84,0,19,9,0,28,21,71,17,3,112,14,0,14,126
02/02/2020,BIL,MT,ANM,WE,Combined TRACON& Tower with Radar,30,39,6,0,75,0,0,2,0,2,30,39,8,0,77,0,0,0,77
02/03/2020,BIL,MT,ANM,WE,Combined TRACON& Tower with Radar,33,88,18,0,139,0,5,8,0,13,33,93,26,0,152,2,0,2,154
02/04/2020,BIL,MT,ANM,WE,Combined TRACON& Tower with Radar,33,65,41,0,139,0,36,72,0,108,33,101,113,0,247,34,0,34,281
02/05/2020,BIL,MT,ANM,WE,Combined TRACON& Tower with Radar,34,70,38,26,168,0,24,30,2,56,34,94,68,28,224,16,32,48,272
02/06/2020,BIL,MT,ANM,WE,Combined TRACON& Tower with Radar,39,89,21,16,165,0,6,3,2,11,39,95,24,18,176,0,18,18,194
02/07/2020,BIL,MT,ANM,WE,Combined TRACON& Tower with Radar,37,88,23,0,148,0,6,2,0,8,37,94,25,0,156,10,0,10,166
02/08/2020,BIL,MT,ANM,WE,Combined TRACON& Tower with Radar,21,54,14,0,89,0,2,14,0,16,21,56,28,0,105,0,0,0,105
02/09/2020,BIL,MT,ANM,WE,Combined TRACON& Tower with Radar,29,32,9,0,70,0,14,33,0,47,29,46,42,0,117,17,0,17,134
02/10/2020,BIL,MT,ANM,WE,Combined TRACON& Tower with Radar,31,80,36,0,147,0,7,54,0,61,31,87,90,0,208,75,0,75,283
02/11/2020,BIL,MT,ANM,WE,Combined TRACON& Tower with Radar,33,80,27,0,140,0,15,26,0,41,33,95,53,0,181,6,0,6,187
02/12/2020,BIL,MT,ANM,WE,Combined TRACON& Tower with Radar,33,79,29,8,149,0,1,1,1,3,33,80,30,9,152,0,0,0,152
02/13/2020,BIL,MT,ANM,WE,Combined TRACON& Tower with Radar,34,62,42,0,138,0,33,53,1,87,34,95,95,1,225,110,0,110,335
02/14/2020,BIL,MT,ANM,WE,Combined TRACON& Tower with Radar,34,74,24,0,132,0,14,25,0,39,34,88,49,0,171,12,0,12,183
02/15/2020,BIL,MT,ANM,WE,Combined TRACON& Tower with Radar,23,59,29,0,111,0,15,58,1,74,23,74,87,1,185,82,0,82,267
02/16/2020,BIL,MT,ANM,WE,Combined TRACON& Tower with Radar,25,32,16,0,73,0,3,49,0,52,25,35,65,0,125,95,0,95,220
02/17/2020,BIL,MT,ANM,WE,Combined TRACON& Tower with Radar,29,63,30,0,122,0,10,29,1,40,29,73,59,1,162,46,0,46,208
02/18/2020,BIL,MT,ANM,WE,Combined TRACON& Tower with Radar,34,88,22,0,144,0,2,11,0,13,34,90,33,0,157,0,0,0,157
02/19/2020,BIL,MT,ANM,WE,Combined TRACON& Tower with Radar,37,72,53,1,163,0,30,80,1,111,37,102,133,2,274,93,0,93,367
02/20/2020,BIL,MT,ANM,WE,Combined TRACON& Tower with Radar,33,57,19,14,123,0,52,48,1,101,33,109,67,15,224,2,32,34,258
02/21/2020,BIL,MT,ANM,WE,Combined TRACON& Tower with Radar,33,60,39,0,132,0,49,78,0,127,33,109,117,0,259,20,0,20,279
02/22/2020,BIL,MT,ANM,WE,Combined TRACON& Tower with Radar,23,41,19,0,83,0,37,53,2,92,23,78,72,2,175,14,0,14,189
02/23/2020,BIL,MT,ANM,WE,Combined TRACON& Tower with Radar,27,23,20,0,70,0,18,66,1,85,27,41,86,1,155,96,0,96,251
02/24/2020,BIL,MT,ANM,WE,Combined TRACON& Tower with Radar,30,78,18,0,126,0,14,5,0,19,30,92,23,0,145,17,0,17,162
02/25/2020,BIL,MT,ANM,WE,Combined TRACON& Tower with Radar,33,57,48,3,141,0,25,76,3,104,33,82,124,6,245,96,18,114,359
02/26/2020,BIL,MT,ANM,WE,Combined TRACON& Tower with Radar,37,81,35,0,153,0,13,33,0,46,37,94,68,0,199,42,0,42,241
02/27/2020,BIL,MT,ANM,WE,Combined TRACON& Tower with Radar,34,61,29,15,139,0,34,65,7,106,34,95,94,22,245,54,40,94,339
02/28/2020,BIL,MT,ANM,WE,Combined TRACON& Tower with Radar,32,61,31,2,126,0,33,64,0,97,32,94,95,2,223,98,0,98,321
02/29/2020,BIL,MT,ANM,WE,Combined TRACON& Tower with Radar,25,53,11,2,91,0,18,31,0,49,25,71,42,2,140,26,0,26,166
03/01/2020,BIL,MT,ANM,WE,Combined TRACON& Tower with Radar,25,49,26,0,100,0,4,45,0,49,25,53,71,0,149,155,0,155,304
03/02/2020,BIL,MT,ANM,WE,Combined TRACON& Tower with Radar,29,62,15,0,106,0,10,4,0,14,29,72,19,0,120,0,0,0,120
03/03/2020,BIL,MT,ANM,WE,Combined TRACON& Tower with Radar,37,66,24,0,127,0,11,8,0,19,37,77,32,0,146,8,0,8,154
03/04/2020,BIL,MT,ANM,WE,Combined TRACON& Tower with Radar,38,54,20,0,112,0,4,5,0,9,38,58,25,0,121,4,0,4,125
03/05/2020,BIL,MT,ANM,WE,Combined TRACON& Tower with Radar,31,64,40,12,147,0,33,91,2,126,31,97,131,14,273,148,0,148,421
03/06/2020,BIL,MT,ANM,WE,Combined TRACON& Tower with Radar,33,69,23,0,125,0,31,80,2,113,33,100,103,2,238,131,0,131,369
03/07/2020,BIL,MT,ANM,WE,Combined TRACON& Tower with Radar,27,39,16,1,83,0,20,63,0,83,27,59,79,1,166,102,0,102,268
03/08/2020,BIL,MT,ANM,WE,Combined TRACON& Tower with Radar,26,44,11,0,81,0,1,8,1,10,26,45,19,1,91,0,0,0,91
03/09/2020,BIL,MT,ANM,WE,Combined TRACON& Tower with Radar,30,65,29,0,124,0,9,33,0,42,30,74,62,0,166,96,0,96,262
03/10/2020,BIL,MT,ANM,WE,Combined TRACON& Tower with Radar,37,71,23,0,131,0,20,38,0,58,37,91,61,0,189,34,0,34,223
03/11/2020,BIL,MT,ANM,WE,Combined TRACON& Tower with Radar,38,83,32,0,153,0,9,20,1,30,38,92,52,1,183,6,0,6,189
03/12/2020,BIL,MT,ANM,WE,Combined TRACON& Tower with Radar,34,86,29,0,149,0,10,67,0,77,34,96,96,0,226,127,0,127,353
03/13/2020,BIL,MT,ANM,WE,Combined TRACON& Tower with Radar,31,95,14,8,148,0,0,1,0,1,31,95,15,8,149,0,0,0,149
03/14/2020,BIL,MT,ANM,WE,Combined TRACON& Tower with Radar,28,49,11,0,88,0,2,7,0,9,28,51,18,0,97,0,0,0,97
03/15/2020,BIL,MT,ANM,WE,Combined TRACON& Tower with Radar,27,29,8,0,64,0,0,0,0,0,27,29,8,0,64,0,0,0,64
03/16/2020,BIL,MT,ANM,WE,Combined TRACON& Tower with Radar,29,60,15,0,104,0,18,48,0,66,29,78,63,0,170,124,0,124,294
03/17/2020,BIL,MT,ANM,WE,Combined TRACON& Tower with Radar,37,64,23,2,126,0,28,64,0,92,37,92,87,2,218,110,0,110,328
03/18/2020,BIL,MT,ANM,WE,Combined TRACON& Tower with Radar,35,84,16,2,137,0,1,2,0,3,35,85,18,2,140,0,0,0,140
03/19/2020,BIL,MT,ANM,WE,Combined TRACON& Tower with Radar,38,83,18,0,139,0,0,4,0,4,38,83,22,0,143,0,0,0,143
03/20/2020,BIL,MT,ANM,WE,Combined TRACON& Tower with Radar,30,84,11,0,125,0,19,16,2,37,30,103,27,2,162,44,0,44,206
03/21/2020,BIL,MT,ANM,WE,Combined TRACON& Tower with Radar,23,34,13,0,70,0,27,41,0,68,23,61,54,0,138,43,0,43,181
03/22/2020,BIL,MT,ANM,WE,Combined TRACON& Tower with Radar,22,27,15,0,64,0,13,22,0,35,22,40,37,0,99,8,0,8,107
03/23/2020,BIL,MT,ANM,WE,Combined TRACON& Tower with Radar,24,36,15,0,75,0,40,43,1,84,24,76,58,1,159,44,0,44,203
03/24/2020,BIL,MT,ANM,WE,Combined TRACON& Tower with Radar,30,74,7,0,111,0,18,17,0,35,30,92,24,0,146,0,0,0,146
03/25/2020,BIL,MT,ANM,WE,Combined TRACON& Tower with Radar,33,69,5,0,107,0,3,5,0,8,33,72,10,0,115,0,0,0,115
03/26/2020,BIL,MT,ANM,WE,Combined TRACON& Tower with Radar,24,75,5,0,104,0,24,20,0,44,24,99,25,0,148,6,0,6,154
03/27/2020,BIL,MT,ANM,WE,Combined TRACON& Tower with Radar,25,55,16,2,98,0,34,54,0,88,25,89,70,2,186,26,0,26,212
03/28/2020,BIL,MT,ANM,WE,Combined TRACON& Tower with Radar,19,38,13,0,70,0,27,27,0,54,19,65,40,0,124,18,0,18,142
03/29/2020,BIL,MT,ANM,WE,Combined TRACON& Tower with Radar,21,9,4,0,34,0,26,19,0,45,21,35,23,0,79,18,0,18,97
03/30/2020,BIL,MT,ANM,WE,Combined TRACON& Tower with Radar,18,41,2,14,75,0,37,23,1,61,18,78,25,15,136,0,0,0,136
03/31/2020,BIL,MT,ANM,WE,Combined TRACON& Tower with Radar,27,93,4,0,124,0,13,1,0,14,27,106,5,0,138,0,0,0,138
04/01/2020,BIL,MT,ANM,WE,Combined TRACON& Tower with Radar,24,82,2,2,110,0,0,0,0,0,24,82,2,2,110,0,0,0,110
04/02/2020,BIL,MT,ANM,WE,Combined TRACON& Tower with Radar,24,80,9,0,113,0,7,5,0,12,24,87,14,0,125,0,0,0,125
04/03/2020,BIL,MT,ANM,WE,Combined TRACON& Tower with Radar,15,56,16,0,87,0,31,37,0,68,15,87,53,0,155,6,0,6,161
04/04/2020,BIL,MT,ANM,WE,Combined TRACON& Tower with Radar,13,28,7,0,48,0,19,26,1,46,13,47,33,1,94,18,0,18,112
04/05/2020,BIL,MT,ANM,WE,Combined TRACON& Tower with Radar,15,17,7,0,39,0,25,20,0,45,15,42,27,0,84,4,0,4,88
04/06/2020,BIL,MT,ANM,WE,Combined TRACON& Tower with Radar,17,41,10,0,68,0,25,16,0,41,17,66,26,0,109,0,0,0,109
04/07/2020,BIL,MT,ANM,WE,Combined TRACON& Tower with Radar,25,48,5,9,87,0,34,14,0,48,25,82,19,9,135,0,0,0,135
04/08/2020,BIL,MT,ANM,WE,Combined TRACON& Tower with Radar,26,59,11,19,115,0,20,28,5,53,26,79,39,24,168,14,40,54,222
04/09/2020,BIL,MT,ANM,WE,Combined TRACON& Tower with Radar,25,47,13,24,109,0,27,36,0,63,25,74,49,24,172,14,0,14,186
04/10/2020,BIL,MT,ANM,WE,Combined TRACON& Tower with Radar,20,57,13,26,116,0,19,22,0,41,20,76,35,26,157,18,16,34,191
04/11/2020,BIL,MT,ANM,WE,Combined TRACON& Tower with Radar,18,58,4,0,80,0,0,0,0,0,18,58,4,0,80,0,0,0,80
04/12/2020,BIL,MT,ANM,WE,Combined TRACON& Tower with Radar,17,30,4,0,51,0,1,3,0,4,17,31,7,0,55,0,0,0,55
04/13/2020,BIL,MT,ANM,WE,Combined TRACON& Tower with Radar,13,60,8,0,81,0,13,14,0,27,13,73,22,0,108,26,0,26,134
04/14/2020,BIL,MT,ANM,WE,Combined TRACON& Tower with Radar,22,72,4,5,103,0,20,3,0,23,22,92,7,5,126,0,0,0,126
04/15/2020,BIL,MT,ANM,WE,Combined TRACON& Tower with Radar,24,74,3,0,101,0,4,0,0,4,24,78,3,0,105,4,0,4,109
04/16/2020,BIL,MT,ANM,WE,Combined TRACON& Tower with Radar,24,63,18,2,107,0,20,24,3,47,24,83,42,5,154,20,16,36,190
04/17/2020,BIL,MT,ANM,WE,Combined TRACON& Tower with Radar,16,49,8,0,73,0,29,16,0,45,16,78,24,0,118,22,0,22,140
04/18/2020,BIL,MT,ANM,WE,Combined TRACON& Tower with Radar,13,50,10,1,74,0,5,26,0,31,13,55,36,1,105,26,0,26,131
04/19/2020,BIL,MT,ANM,WE,Combined TRACON& Tower with Radar,11,33,16,0,60,0,10,14,1,25,11,43,30,1,85,0,0,0,85
04/20/2020,BIL,MT,ANM,WE,Combined TRACON& Tower with Radar,14,39,17,2,72,0,36,27,1,64,14,75,44,3,136,12,0,12,148
04/21/2020,BIL,MT,ANM,WE,Combined TRACON& Tower with Radar,22,68,9,0,99,0,50,28,1,79,22,118,37,1,178,16,0,16,194
04/22/2020,BIL,MT,ANM,WE,Combined TRACON& Tower with Radar,19,55,14,4,92,0,38,23,0,61,19,93,37,4,153,46,0,46,199
04/23/2020,BIL,MT,ANM,WE,Combined TRACON& Tower with Radar,22,77,6,18,123,0,26,4,0,30,22,103,10,18,153,20,0,20,173
04/24/2020,BIL,MT,ANM,WE,Combined TRACON& Tower with Radar,12,72,6,0,90,0,37,20,0,57,12,109,26,0,147,18,0,18,165
04/25/2020,BIL,MT,ANM,WE,Combined TRACON& Tower with Radar,13,31,16,0,60,0,29,53,0,82,13,60,69,0,142,44,0,44,186
04/26/2020,BIL,MT,ANM,WE,Combined TRACON& Tower with Radar,15,17,17,0,49,0,20,38,0,58,15,37,55,0,107,20,0,20,127
04/27/2020,BIL,MT,ANM,WE,Combined TRACON& Tower with Radar,13,51,6,0,70,0,45,11,0,56,13,96,17,0,126,8,0,8,134
04/28/2020,BIL,MT,ANM,WE,Combined TRACON& Tower with Radar,21,48,13,0,82,0,37,22,0,59,21,85,35,0,141,25,0,25,166
04/29/2020,BIL,MT,ANM,WE,Combined TRACON& Tower with Radar,24,57,17,0,98,0,39,45,0,84,24,96,62,0,182,60,0,60,242
04/30/2020,BIL,MT,ANM,WE,Combined TRACON& Tower with Radar,20,63,8,0,91,0,26,14,0,40,20,89,22,0,131,8,0,8,139
05/01/2020,BIL,MT,ANM,WE,Combined TRACON& Tower with Radar,18,73,12,0,103,0,23,29,2,54,18,96,41,2,157,52,0,52,209
05/02/2020,BIL,MT,ANM,WE,Combined TRACON& Tower with Radar,14,42,13,0,69,0,29,26,0,55,14,71,39,0,124,32,0,32,156
05/03/2020,BIL,MT,ANM,WE,Combined TRACON& Tower with Radar,15,19,11,0,45,0,8,12,0,20,15,27,23,0,65,14,0,14,79
05/04/2020,BIL,MT,ANM,WE,Combined TRACON& Tower with Radar,14,37,17,0,68,0,32,17,0,49,14,69,34,0,117,22,0,22,139
05/05/2020,BIL,MT,ANM,WE,Combined TRACON& Tower with Radar,24,60,11,0,95,0,33,48,2,83,24,93,59,2,178,50,0,50,228
05/06/2020,BIL,MT,ANM,WE,Combined TRACON& Tower with Radar,26,49,16,0,91,0,32,35,0,67,26,81,51,0,158,20,0,20,178
05/07/2020,BIL,MT,ANM,WE,Combined TRACON& Tower with Radar,25,83,12,0,120,0,17,11,0,28,25,100,23,0,148,0,0,0,148
05/08/2020,BIL,MT,ANM,WE,Combined TRACON& Tower with Radar,18,72,7,0,97,0,26,29,0,55,18,98,36,0,152,14,0,14,166
05/09/2020,BIL,MT,ANM,WE,Combined TRACON& Tower with Radar,16,49,16,0,81,0,12,31,0,43,16,61,47,0,124,162,0,162,286
05/10/2020,BIL,MT,ANM,WE,Combined TRACON& Tower with Radar,17,29,11,0,57,0,9,14,1,24,17,38,25,1,81,30,0,30,111
05/11/2020,BIL,MT,ANM,WE,Combined TRACON& Tower with Radar,17,66,17,0,100,0,3,9,0,12,17,69,26,0,112,0,0,0,112
05/12/2020,BIL,MT,ANM,WE,Combined TRACON& Tower with Radar,26,85,6,0,117,0,0,1,0,1,26,85,7,0,118,0,0,0,118
05/13/2020,BIL,MT,ANM,WE,Combined TRACON& Tower with Radar,26,76,26,0,128,0,13,20,0,33,26,89,46,0,161,22,0,22,183
05/14/2020,BIL,MT,ANM,WE,Combined TRACON& Tower with Radar,26,50,23,0,99,0,25,50,3,78,26,75,73,3,177,58,0,58,235
05/15/2020,BIL,MT,ANM,WE,Combined TRACON& Tower with Radar,22,64,16,0,102,0,22,13,0,35,22,86,29,0,137,14,0,14,151
05/16/2020,BIL,MT,ANM,WE,Combined TRACON& Tower with Radar,16,50,26,0,92,0,13,50,0,63,16,63,76,0,155,60,0,60,215
05/17/2020,BIL,MT,ANM,WE,Combined TRACON& Tower with Radar,19,12,8,0,39,0,26,37,0,63,19,38,45,0,102,86,0,86,188
05/18/2020,BIL,MT,ANM,WE,Combined TRACON& Tower with Radar,19,31,25,0,75,0,28,45,1,74,19,59,70,1,149,69,0,69,218
05/19/2020,BIL,MT,ANM,WE,Combined TRACON& Tower with Radar,24,46,20,1,91,0,31,37,2,70,24,77,57,3,161,28,0,28,189
05/20/2020,BIL,MT,ANM,WE,Combined TRACON& Tower with Radar,24,50,22,0,96,0,14,26,0,40,24,64,48,0,136,12,0,12,148
05/21/2020,BIL,MT,ANM,WE,Combined TRACON& Tower with Radar,28,60,25,2,115,0,21,17,0,38,28,81,42,2,153,4,0,4,157
05/22/2020,BIL,MT,ANM,WE,Combined TRACON& Tower with Radar,22,62,14,2,100,0,17,32,0,49,22,79,46,2,149,36,0,36,185
05/23/2020,BIL,MT,ANM,WE,Combined TRACON& Tower with Radar,16,52,8,0,76,0,2,3,1,6,16,54,11,1,82,0,0,0,82
05/24/2020,BIL,MT,ANM,WE,Combined TRACON& Tower with Radar,15,39,16,0,70,0,2,6,0,8,15,41,22,0,78,4,0,4,82
05/25/2020,BIL,MT,ANM,WE,Combined TRACON& Tower with Radar,14,16,17,0,47,6,18,55,1,80,20,34,72,1,127,64,0,64,191
05/26/2020,BIL,MT,ANM,WE,Combined TRACON& Tower with Radar,17,46,27,2,92,8,33,51,0,92,25,79,78,2,184,20,0,20,204
05/27/2020,BIL,MT,ANM,WE,Combined TRACON& Tower with Radar,24,65,25,6,120,0,26,54,0,80,24,91,79,6,200,62,0,62,262
05/28/2020,BIL,MT,ANM,WE,Combined TRACON& Tower with Radar,28,62,21,18,129,0,29,46,5,80,28,91,67,23,209,45,26,71,280
05/29/2020,BIL,MT,ANM,WE,Combined TRACON& Tower with Radar,22,56,18,2,98,0,27,51,0,78,22,83,69,2,176,48,0,48,224
05/30/2020,BIL,MT,ANM,WE,Combined TRACON& Tower with Radar,16,40,9,0,65,0,20,31,1,52,16,60,40,1,117,19,0,19,136
05/31/2020,BIL,MT,ANM,WE,Combined TRACON& Tower with Radar,17,22,15,0,54,0,17,25,0,42,17,39,40,0,96,8,0,8,104
06/01/2020,BIL,MT,ANM,WE,Combined TRACON& Tower with Radar,19,38,25,2,84,0,30,43,0,73,19,68,68,2,157,23,0,23,180
06/02/2020,BIL,MT,ANM,WE,Combined TRACON& Tower with Radar,24,50,23,0,97,0,35,48,1,84,24,85,71,1,181,95,0,95,276
06/03/2020,BIL,MT,ANM,WE,Combined TRACON& Tower with Radar,24,46,36,13,119,0,32,52,1,85,24,78,88,14,204,68,16,84,288
06/04/2020,BIL,MT,ANM,WE,Combined TRACON& Tower with Radar,29,57,26,2,114,0,25,27,0,52,29,82,53,2,166,38,0,38,204
06/05/2020,BIL,MT,ANM,WE,Combined TRACON& Tower with Radar,23,53,12,0,88,0,34,49,0,83,23,87,61,0,171,37,0,37,208
06/06/2020,BIL,MT,ANM,WE,Combined TRACON& Tower with Radar,16,41,16,1,74,0,15,28,0,43,16,56,44,1,117,54,0,54,171
06/07/2020,BIL,MT,ANM,WE,Combined TRACON& Tower with Radar,19,23,13,0,55,0,13,26,0,39,19,36,39,0,94,10,0,10,104
06/08/2020,BIL,MT,ANM,WE,Combined TRACON& Tower with Radar,21,61,23,1,106,0,8,46,0,54,21,69,69,1,160,64,0,64,224
06/09/2020,BIL,MT,ANM,WE,Combined TRACON& Tower with Radar,23,70,32,7,132,0,23,52,0,75,23,93,84,7,207,58,0,58,265
06/10/2020,BIL,MT,ANM,WE,Combined TRACON& Tower with Radar,25,56,31,0,112,0,33,77,1,111,25,89,108,1,223,45,0,45,268
06/11/2020,BIL,MT,ANM,WE,Combined TRACON& Tower with Radar,29,52,34,0,115,0,23,76,2,101,29,75,110,2,216,168,0,168,384
06/12/2020,BIL,MT,ANM,WE,Combined TRACON& Tower with Radar,23,50,38,0,111,0,31,68,0,99,23,81,106,0,210,136,0,136,346
06/13/2020,BIL,MT,ANM,WE,Combined TRACON& Tower with Radar,17,36,10,0,63,3,19,23,4,49,20,55,33,4,112,1,0,1,113
06/14/2020,BIL,MT,ANM,WE,Combined TRACON& Tower with Radar,21,16,21,0,58,0,20,34,0,54,21,36,55,0,112,19,0,19,131
06/15/2020,BIL,MT,ANM,WE,Combined TRACON& Tower with Radar,23,43,35,28,129,0,35,100,5,140,23,78,135,33,269,172,8,180,449
06/16/2020,BIL,MT,ANM,WE,Combined TRACON& Tower with Radar,29,74,32,0,135,0,21,54,0,75,29,95,86,0,210,105,0,105,315
06/17/2020,BIL,MT,ANM,WE,Combined TRACON& Tower with Radar,25,90,44,1,160,0,0,2,0,2,25,90,46,1,162,0,0,0,162
06/18/2020,BIL,MT,ANM,WE,Combined TRACON& Tower with Radar,31,77,23,0,131,0,9,33,0,42,31,86,56,0,173,19,0,19,192
06/19/2020,BIL,MT,ANM,WE,Combined TRACON& Tower with Radar,25,55,38,0,118,0,25,77,0,102,25,80,115,0,220,84,0,84,304
06/20/2020,BIL,MT,ANM,WE,Combined TRACON& Tower with Radar,18,34,22,0,74,0,22,42,0,64,18,56,64,0,138,20,0,20,158
06/21/2020,BIL,MT,ANM,WE,Combined TRACON& Tower with Radar,21,34,12,0,67,0,9,20,0,29,21,43,32,0,96,22,0,22,118
06/22/2020,BIL,MT,ANM,WE,Combined TRACON& Tower with Radar,22,40,32,19,113,0,22,88,4,114,22,62,120,23,227,165,18,183,410
06/23/2020,BIL,MT,ANM,WE,Combined TRACON& Tower with Radar,26,61,55,14,156,0,36,111,0,147,26,97,166,14,303,158,34,192,495
06/24/2020,BIL,MT,ANM,WE,Combined TRACON& Tower with Radar,25,63,40,0,128,0,35,71,1,107,25,98,111,1,235,133,1,134,369
06/25/2020,BIL,MT,ANM,WE,Combined TRACON& Tower with Radar,31,73,44,0,148,0,26,53,2,81,31,99,97,2,229,136,0,136,365
06/26/2020,BIL,MT,ANM,WE,Combined TRACON& Tower with Radar,27,49,32,0,108,0,32,88,0,120,27,81,120,0,228,97,0,97,325
06/27/2020,BIL,MT,ANM,WE,Combined TRACON& Tower with Radar,18,44,18,0,80,0,25,55,0,80,18,69,73,0,160,60,0,60,220
06/28/2020,BIL,MT,ANM,WE,Combined TRACON& Tower with Radar,21,43,16,0,80,0,6,19,0,25,21,49,35,0,105,40,0,40,145
06/29/2020,BIL,MT,ANM,WE,Combined TRACON& Tower with Radar,23,64,55,0,142,0,0,4,0,4,23,64,59,0,146,1,0,1,147
06/30/2020,BIL,MT,ANM,WE,Combined TRACON& Tower with Radar,25,73,46,2,146,0,19,79,1,99,25,92,125,3,245,155,0,155,400
07/01/2020,BIL,MT,ANM,WE,Combined TRACON& Tower with Radar,26,58,53,14,151,0,40,54,0,94,26,98,107,14,245,128,22,150,395
07/02/2020,BIL,MT,ANM,WE,Combined TRACON& Tower with Radar,35,59,45,5,144,0,31,65,3,99,35,90,110,8,243,98,0,98,341
07/03/2020,BIL,MT,ANM,WE,Combined TRACON& Tower with Radar,31,49,14,0,94,0,28,56,2,86,31,77,70,2,180,114,0,114,294
07/04/2020,BIL,MT,ANM,WE,Combined TRACON& Tower with Radar,18,12,6,0,36,0,25,36,0,61,18,37,42,0,97,20,0,20,117
07/05/2020,BIL,MT,ANM,WE,Combined TRACON& Tower with Radar,29,14,23,0,66,0,22,27,0,49,29,36,50,0,115,52,0,52,167
07/06/2020,BIL,MT,ANM,WE,Combined TRACON& Tower with Radar,29,57,41,0,127,0,33,65,0,98,29,90,106,0,225,111,0,111,336
07/07/2020,BIL,MT,ANM,WE,Combined TRACON& Tower with Radar,35,77,36,0,148,0,28,62,0,90,35,105,98,0,238,134,0,134,372
07/08/2020,BIL,MT,ANM,WE,Combined TRACON& Tower with Radar,34,50,39,9,132,0,38,92,7,137,34,88,131,16,269,145,6,151,420
07/09/2020,BIL,MT,ANM,WE,Combined TRACON& Tower with Radar,38,54,42,33,167,0,41,75,3,119,38,95,117,36,286,136,6,142,428
07/10/2020,BIL,MT,ANM,WE,Combined TRACON& Tower with Radar,38,58,30,0,126,0,36,44,0,80,38,94,74,0,206,58,0,58,264
07/11/2020,BIL,MT,ANM,WE,Combined TRACON& Tower with Radar,29,27,27,0,83,0,31,60,1,92,29,58,87,1,175,65,0,65,240
07/12/2020,BIL,MT,ANM,WE,Combined TRACON& Tower with Radar,34,15,19,0,68,0,21,42,0,63,34,36,61,0,131,12,0,12,143
07/13/2020,BIL,MT,ANM,WE,Combined TRACON& Tower with Radar,36,37,56,5,134,0,30,87,5,122,36,67,143,10,256,163,8,171,427
07/14/2020,BIL,MT,ANM,WE,Combined TRACON& Tower with Radar,37,48,40,10,135,0,37,94,3,134,37,85,134,13,269,206,0,206,475
07/15/2020,BIL,MT,ANM,WE,Combined TRACON& Tower with Radar,36,55,44,43,178,7,31,115,3,156,43,86,159,46,334,92,38,130,464
07/16/2020,BIL,MT,ANM,WE,Combined TRACON& Tower with Radar,40,55,28,43,166,0,38,103,1,142,40,93,131,44,308,98,20,118,426
07/17/2020,BIL,MT,ANM,WE,Combined TRACON& Tower with Radar,40,51,29,14,134,0,32,77,0,109,40,83,106,14,243,78,0,78,321
07/18/2020,BIL,MT,ANM,WE,Combined TRACON& Tower with Radar,29,34,11,0,74,0,24,43,2,69,29,58,54,2,143,26,0,26,169
07/19/2020,BIL,MT,ANM,WE,Combined TRACON& Tower with Radar,34,3,17,0,54,0,27,54,1,82,34,30,71,1,136,22,0,22,158
07/20/2020,BIL,MT,ANM,WE,Combined TRACON& Tower with Radar,34,43,33,0,110,0,22,75,11,108,34,65,108,11,218,82,4,86,304
07/21/2020,BIL,MT,ANM,WE,Combined TRACON& Tower with Radar,36,63,27,0,126,0,30,73,0,103,36,93,100,0,229,112,0,112,341
07/22/2020,BIL,MT,ANM,WE,Combined TRACON& Tower with Radar,36,51,55,4,146,0,39,100,2,141,36,90,155,6,287,82,0,82,369
07/23/2020,BIL,MT,ANM,WE,Combined TRACON& Tower with Radar,43,59,27,1,130,0,32,46,1,79,43,91,73,2,209,40,0,40,249
07/24/2020,BIL,MT,ANM,WE,Combined TRACON& Tower with Radar,39,64,44,3,150,0,48,82,3,133,39,112,126,6,283,67,8,75,358
07/25/2020,BIL,MT,ANM,WE,Combined TRACON& Tower with Radar,27,42,14,0,83,0,29,55,2,86,27,71,69,2,169,40,0,40,209
07/26/2020,BIL,MT,ANM,WE,Combined TRACON& Tower with Radar,32,9,15,0,56,0,22,33,1,56,32,31,48,1,112,2,0,2,114
07/27/2020,BIL,MT,ANM,WE,Combined TRACON& Tower with Radar,34,40,21,4,99,0,30,51,2,83,34,70,72,6,182,12,14,26,208
07/28/2020,BIL,MT,ANM,WE,Combined TRACON& Tower with Radar,34,51,22,10,117,0,32,25,4,61,34,83,47,14,178,37,34,71,249
07/29/2020,BIL,MT,ANM,WE,Combined TRACON& Tower with Radar,36,50,24,0,110,0,37,72,0,109,36,87,96,0,219,52,0,52,271
07/30/2020,BIL,MT,ANM,WE,Combined TRACON& Tower with Radar,42,54,40,2,138,1,34,129,4,168,43,88,169,6,306,52,0,52,358
07/31/2020,BIL,MT,ANM,WE,Combined TRACON& Tower with Radar,40,62,33,1,136,0,32,78,3,113,40,94,111,4,249,54,0,54,303
08/01/2020,BIL,MT,ANM,WE,Combined TRACON& Tower with Radar,31,32,22,0,85,0,27,53,1,81,31,59,75,1,166,34,0,34,200
08/02/2020,BIL,MT,ANM,WE,Combined TRACON& Tower with Radar,32,19,29,6,86,0,24,128,2,154,32,43,157,8,240,10,0,10,250
08/03/2020,BIL,MT,ANM,WE,Combined TRACON& Tower with Radar,35,43,34,2,114,0,27,71,1,99,35,70,105,3,213,60,0,60,273
08/04/2020,BIL,MT,ANM,WE,Combined TRACON& Tower with Radar,39,50,37,0,126,0,36,71,0,107,39,86,108,0,233,106,0,106,339
08/05/2020,BIL,MT,ANM,WE,Combined TRACON& Tower with Radar,39,50,32,4,125,1,39,107,10,157,40,89,139,14,282,164,34,198,480
08/06/2020,BIL,MT,ANM,WE,Combined TRACON& Tower with Radar,42,58,38,0,138,1,35,88,2,126,43,93,126,2,264,98,0,98,362
08/07/2020,BIL,MT,ANM,WE,Combined TRACON& Tower with Radar,40,50,22,0,112,0,35,127,3,165,40,85,149,3,277,101,0,101,378
08/08/2020,BIL,MT,ANM,WE,Combined TRACON& Tower with Radar,30,32,27,1,90,0,31,74,1,106,30,63,101,2,196,78,0,78,274
08/09/2020,BIL,MT,ANM,WE,Combined TRACON& Tower with Radar,35,23,13,1,72,0,26,43,0,69,35,49,56,1,141,23,0,23,164
08/10/2020,BIL,MT,ANM,WE,Combined TRACON& Tower with Radar,37,38,23,0,98,0,40,109,0,149,37,78,132,0,247,148,0,148,395
08/11/2020,BIL,MT,ANM,WE,Combined TRACON& Tower with Radar,40,50,37,0,127,0,34,76,2,112,40,84,113,2,239,116,0,116,355
08/12/2020,BIL,MT,ANM,WE,Combined TRACON& Tower with Radar,38,50,34,2,124,0,30,41,0,71,38,80,75,2,195,22,0,22,217
08/13/2020,BIL,MT,ANM,WE,Combined TRACON& Tower with Radar,42,51,23,6,122,0,30,39,4,73,42,81,62,10,195,30,14,44,239
08/14/2020,BIL,MT,ANM,WE,Combined TRACON& Tower with Radar,40,53,16,2,111,2,31,54,0,87,42,84,70,2,198,40,0,40,238
08/15/2020,BIL,MT,ANM,WE,Combined TRACON& Tower with Radar,31,30,18,3,82,0,27,67,0,94,31,57,85,3,176,27,0,27,203
08/16/2020,BIL,MT,ANM,WE,Combined TRACON& Tower with Radar,34,19,22,0,75,0,23,35,0,58,34,42,57,0,133,25,0,25,158
08/17/2020,BIL,MT,ANM,WE,Combined TRACON& Tower with Radar,37,31,33,0,101,0,33,64,1,98,37,64,97,1,199,60,0,60,259
08/18/2020,BIL,MT,ANM,WE,Combined TRACON& Tower with Radar,38,59,31,4,132,0,29,60,1,90,38,88,91,5,222,60,0,60,282
08/19/2020,BIL,MT,ANM,WE,Combined TRACON& Tower with Radar,36,47,36,0,119,0,28,29,0,57,36,75,65,0,176,18,0,18,194
08/20/2020,BIL,MT,ANM,WE,Combined TRACON& Tower with Radar,38,72,45,0,155,0,20,44,2,66,38,92,89,2,221,16,0,16,237
08/21/2020,BIL,MT,ANM,WE,Combined TRACON& Tower with Radar,40,58,49,0,147,0,26,85,2,113,40,84,134,2,260,57,0,57,317
08/22/2020,BIL,MT,ANM,WE,Combined TRACON& Tower with Radar,31,47,20,0,98,0,14,75,1,90,31,61,95,1,188,28,0,28,216
08/23/2020,BIL,MT,ANM,WE,Combined TRACON& Tower with Radar,32,17,24,0,73,0,21,24,0,45,32,38,48,0,118,36,0,36,154
08/24/2020,BIL,MT,ANM,WE,Combined TRACON& Tower with Radar,35,61,39,0,135,0,37,67,3,107,35,98,106,3,242,80,0,80,322
08/25/2020,BIL,MT,ANM,WE,Combined TRACON& Tower with Radar,36,61,27,8,132,0,22,79,2,103,36,83,106,10,235,82,12,94,329
08/26/2020,BIL,MT,ANM,WE,Combined TRACON& Tower with Radar,38,52,33,1,124,0,38,79,4,121,38,90,112,5,245,86,0,86,331
08/27/2020,BIL,MT,ANM,WE,Combined TRACON& Tower with Radar,40,55,36,1,132,0,22,80,6,108,40,77,116,7,240,41,0,41,281
08/28/2020,BIL,MT,ANM,WE,Combined TRACON& Tower with Radar,40,51,27,0,118,0,38,125,3,166,40,89,152,3,284,125,0,125,409
08/29/2020,BIL,MT,ANM,WE,Combined TRACON& Tower with Radar,33,43,18,0,94,0,29,45,2,76,33,72,63,2,170,62,0,62,232
08/30/2020,BIL,MT,ANM,WE,Combined TRACON& Tower with Radar,32,27,14,0,73,0,17,10,0,27,32,44,24,0,100,0,0,0,100
08/31/2020,BIL,MT,ANM,WE,Combined TRACON& Tower with Radar,35,63,42,0,140,0,30,79,0,109,35,93,121,0,249,108,0,108,357
09/01/2020,BIL,MT,ANM,WE,Combined TRACON& Tower with Radar,36,63,22,0,121,0,35,42,0,77,36,98,64,0,198,50,0,50,248
09/02/2020,BIL,MT,ANM,WE,Combined TRACON& Tower with Radar,39,67,38,0,144,0,29,87,0,116,39,96,125,0,260,38,0,38,298
09/03/2020,BIL,MT,ANM,WE,Combined TRACON& Tower with Radar,41,72,35,0,148,1,34,184,7,226,42,106,219,7,374,78,4,82,456
09/04/2020,BIL,MT,ANM,WE,Combined TRACON& Tower with Radar,40,66,33,4,143,1,26,184,3,214,41,92,217,7,357,32,0,32,389
09/05/2020,BIL,MT,ANM,WE,Combined TRACON& Tower with Radar,31,46,14,0,91,0,20,153,3,176,31,66,167,3,267,28,0,28,295
09/06/2020,BIL,MT,ANM,WE,Combined TRACON& Tower with Radar,30,31,19,0,80,0,20,65,0,85,30,51,84,0,165,58,0,58,223
09/07/2020,BIL,MT,ANM,WE,Combined TRACON& Tower with Radar,29,36,16,1,82,0,2,4,0,6,29,38,20,1,88,12,0,12,100
09/08/2020,BIL,MT,ANM,WE,Combined TRACON& Tower with Radar,27,61,37,0,125,0,28,88,0,116,27,89,125,0,241,120,0,120,361
09/09/2020,BIL,MT,ANM,WE,Combined TRACON& Tower with Radar,37,58,36,10,141,0,28,102,10,140,37,86,138,20,281,52,38,90,371
09/10/2020,BIL,MT,ANM,WE,Combined TRACON& Tower with Radar,40,58,32,18,148,0,28,85,0,113,40,86,117,18,261,96,0,96,357
09/11/2020,BIL,MT,ANM,WE,Combined TRACON& Tower with Radar,35,64,31,0,130,0,30,96,0,126,35,94,127,0,256,91,0,91,347
09/12/2020,BIL,MT,ANM,WE,Combined TRACON& Tower with Radar,29,40,21,0,90,0,26,76,1,103,29,66,97,1,193,82,0,82,275
09/13/2020,BIL,MT,ANM,WE,Combined TRACON& Tower with Radar,28,18,23,0,69,0,28,36,0,64,28,46,59,0,133,66,0,66,199
09/14/2020,BIL,MT,ANM,WE,Combined TRACON& Tower with Radar,34,60,43,11,148,0,9,61,3,73,34,69,104,14,221,73,22,95,316
09/15/2020,BIL,MT,ANM,WE,Combined TRACON& Tower with Radar,32,70,23,36,161,0,4,26,0,30,32,74,49,36,191,70,38,108,299
09/16/2020,BIL,MT,ANM,WE,Combined TRACON& Tower with Radar,35,77,40,17,169,0,9,76,3,88,35,86,116,20,257,120,12,132,389
09/17/2020,BIL,MT,ANM,WE,Combined TRACON& Tower with Radar,38,74,27,0,139,0,9,36,0,45,38,83,63,0,184,12,0,12,196
09/18/2020,BIL,MT,ANM,WE,Combined TRACON& Tower with Radar,40,76,37,13,166,0,19,51,3,73,40,95,88,16,239,58,18,76,315
09/19/2020,BIL,MT,ANM,WE,Combined TRACON& Tower with Radar,29,60,23,0,112,0,6,28,0,34,29,66,51,0,146,10,0,10,156
09/20/2020,BIL,MT,ANM,WE,Combined TRACON& Tower with Radar,30,27,18,1,76,0,12,16,0,28,30,39,34,1,104,8,0,8,112
09/21/2020,BIL,MT,ANM,WE,Combined TRACON& Tower with Radar,32,36,42,0,110,0,36,106,2,144,32,72,148,2,254,80,0,80,334
09/22/2020,BIL,MT,ANM,WE,Combined TRACON& Tower with Radar,34,46,24,11,115,0,36,64,5,105,34,82,88,16,220,92,40,132,352
09/23/2020,BIL,MT,ANM,WE,Combined TRACON& Tower with Radar,35,50,39,0,124,1,36,111,1,149,36,86,150,1,273,148,0,148,421
09/24/2020,BIL,MT,ANM,WE,Combined TRACON& Tower with Radar,40,62,23,2,127,5,26,63,5,99,45,88,86,7,226,32,0,32,258
09/25/2020,BIL,MT,ANM,WE,Combined TRACON& Tower with Radar,40,64,38,3,145,0,34,108,4,146,40,98,146,7,291,66,0,66,357
09/26/2020,BIL,MT,ANM,WE,Combined TRACON& Tower with Radar,29,48,17,0,94,0,20,11,3,34,29,68,28,3,128,4,0,4,132
09/27/2020,BIL,MT,ANM,WE,Combined TRACON& Tower with Radar,30,26,9,0,65,0,15,25,0,40,30,41,34,0,105,16,0,16,121
09/28/2020,BIL,MT,ANM,WE,Combined TRACON& Tower with Radar,30,51,39,17,137,0,28,94,1,123,30,79,133,18,260,209,22,231,491
09/29/2020,BIL,MT,ANM,WE,Combined TRACON& Tower with Radar,37,56,23,0,116,0,29,64,2,95,37,85,87,2,211,86,0,86,297
09/30/2020,BIL,MT,ANM,WE,Combined TRACON& Tower with Radar,35,51,43,0,129,0,33,97,0,130,35,84,140,0,259,245,0,245,504
10/01/2020,BIL,MT,ANM,WE,Combined TRACON& Tower with Radar,38,60,26,16,140,0,28,61,1,90,38,88,87,17,230,108,0,108,338
10/02/2020,BIL,MT,ANM,WE,Combined TRACON& Tower with Radar,38,74,32,12,156,0,34,56,1,91,38,108,88,13,247,110,29,139,386
10/03/2020,BIL,MT,ANM,WE,Combined TRACON& Tower with Radar,29,47,26,0,102,0,26,87,2,115,29,73,113,2,217,128,0,128,345
10/04/2020,BIL,MT,ANM,WE,Combined TRACON& Tower with Radar,31,27,20,0,78,0,26,56,2,84,31,53,76,2,162,5,0,5,167
10/05/2020,BIL,MT,ANM,WE,Combined TRACON& Tower with Radar,33,53,20,0,106,0,32,88,1,121,33,85,108,1,227,127,0,127,354
10/06/2020,BIL,MT,ANM,WE,Combined TRACON& Tower with Radar,34,56,27,0,117,1,51,81,1,134,35,107,108,1,251,79,0,79,330
10/07/2020,BIL,MT,ANM,WE,Combined TRACON& Tower with Radar,35,72,40,10,157,0,51,88,6,145,35,123,128,16,302,169,28,197,499
10/08/2020,BIL,MT,ANM,WE,Combined TRACON& Tower with Radar,38,69,34,12,153,0,44,63,0,107,38,113,97,12,260,146,12,158,418
10/09/2020,BIL,MT,ANM,WE,Combined TRACON& Tower with Radar,36,62,42,0,140,0,44,95,2,141,36,106,137,2,281,131,0,131,412
10/10/2020,BIL,MT,ANM,WE,Combined TRACON& Tower with Radar,29,54,10,0,93,1,27,47,3,78,30,81,57,3,171,80,0,80,251
10/11/2020,BIL,MT,ANM,WE,Combined TRACON& Tower with Radar,30,32,12,0,74,0,11,3,2,16,30,43,15,2,90,0,0,0,90
10/12/2020,BIL,MT,ANM,WE,Combined TRACON& Tower with Radar,36,61,23,1,121,0,19,11,0,30,36,80,34,1,151,32,0,32,183
10/13/2020,BIL,MT,ANM,WE,Combined TRACON& Tower with Radar,36,64,33,6,139,0,27,72,2,101,36,91,105,8,240,104,8,112,352
10/14/2020,BIL,MT,ANM,WE,Combined TRACON& Tower with Radar,37,92,19,2,150,0,6,4,1,11,37,98,23,3,161,0,0,0,161
10/15/2020,BIL,MT,ANM,WE,Combined TRACON& Tower with Radar,40,89,31,2,162,0,18,28,0,46,40,107,59,2,208,48,0,48,256
10/16/2020,BIL,MT,ANM,WE,Combined TRACON& Tower with Radar,36,74,12,8,130,0,10,25,0,35,36,84,37,8,165,65,0,65,230
10/17/2020,BIL,MT,ANM,WE,Combined TRACON& Tower with Radar,28,57,3,0,88,0,0,0,0,0,28,57,3,0,88,0,0,0,88
10/18/2020,BIL,MT,ANM,WE,Combined TRACON& Tower with Radar,31,37,4,0,72,0,0,0,0,0,31,37,4,0,72,0,0,0,72
10/19/2020,BIL,MT,ANM,WE,Combined TRACON& Tower with Radar,34,57,20,0,111,0,3,4,0,7,34,60,24,0,118,8,0,8,126
10/20/2020,BIL,MT,ANM,WE,Combined TRACON& Tower with Radar,34,98,30,0,162,0,5,15,2,22,34,103,45,2,184,16,0,16,200
10/21/2020,BIL,MT,ANM,WE,Combined TRACON& Tower with Radar,36,88,19,0,143,0,0,0,0,0,36,88,19,0,143,0,0,0,143
10/22/2020,BIL,MT,ANM,WE,Combined TRACON& Tower with Radar,38,83,27,0,148,0,2,7,0,9,38,85,34,0,157,0,0,0,157
10/23/2020,BIL,MT,ANM,WE,Combined TRACON& Tower with Radar,38,77,33,2,150,0,27,50,0,77,38,104,83,2,227,78,0,78,305
10/24/2020,BIL,MT,ANM,WE,Combined TRACON& Tower with Radar,29,61,1,0,91,0,0,0,0,0,29,61,1,0,91,0,0,0,91
10/25/2020,BIL,MT,ANM,WE,Combined TRACON& Tower with Radar,29,41,13,0,83,0,13,11,0,24,29,54,24,0,107,42,0,42,149
10/26/2020,BIL,MT,ANM,WE,Combined TRACON& Tower with Radar,32,63,18,0,113,0,31,12,0,43,32,94,30,0,156,6,0,6,162
10/27/2020,BIL,MT,ANM,WE,Combined TRACON& Tower with Radar,34,66,18,0,118,0,26,9,0,35,34,92,27,0,153,4,0,4,157
10/28/2020,BIL,MT,ANM,WE,Combined TRACON& Tower with Radar,35,67,37,2,141,0,36,94,1,131,35,103,131,3,272,222,0,222,494
10/29/2020,BIL,MT,ANM,WE,Combined TRACON& Tower with Radar,38,65,32,2,137,0,34,54,0,88,38,99,86,2,225,51,0,51,276
10/30/2020,BIL,MT,ANM,WE,Combined TRACON& Tower with Radar,36,78,33,2,149,0,27,40,1,68,36,105,73,3,217,48,0,48,265
10/31/2020,BIL,MT,ANM,WE,Combined TRACON& Tower with Radar,24,55,18,1,98,0,20,43,1,64,24,75,61,2,162,102,0,102,264
11/01/2020,BIL,MT,ANM,WE,Combined TRACON& Tower with Radar,30,19,24,0,73,0,24,38,0,62,30,43,62,0,135,20,0,20,155
11/02/2020,BIL,MT,ANM,WE,Combined TRACON& Tower with Radar,34,37,21,10,102,0,39,79,0,118,34,76,100,10,220,197,10,207,427
11/03/2020,BIL,MT,ANM,WE,Combined TRACON& Tower with Radar,32,48,41,0,121,0,41,86,0,127,32,89,127,0,248,134,0,134,382
11/04/2020,BIL,MT,ANM,WE,Combined TRACON& Tower with Radar,37,64,40,0,141,0,35,39,0,74,37,99,79,0,215,47,0,47,262
11/05/2020,BIL,MT,ANM,WE,Combined TRACON& Tower with Radar,44,55,39,8,146,0,28,44,4,76,44,83,83,12,222,70,12,82,304
11/06/2020,BIL,MT,ANM,WE,Combined TRACON& Tower with Radar,42,76,42,6,166,0,27,80,1,108,42,103,122,7,274,134,18,152,426
11/07/2020,BIL,MT,ANM,WE,Combined TRACON& Tower with Radar,37,58,24,0,119,0,5,54,0,59,37,63,78,0,178,183,0,183,361
11/08/2020,BIL,MT,ANM,WE,Combined TRACON& Tower with Radar,36,18,3,0,57,0,0,0,0,0,36,18,3,0,57,0,0,0,57
11/09/2020,BIL,MT,ANM,WE,Combined TRACON& Tower with Radar,36,75,18,0,129,0,12,23,0,35,36,87,41,0,164,72,0,72,236
11/10/2020,BIL,MT,ANM,WE,Combined TRACON& Tower with Radar,36,76,41,22,175,0,18,43,1,62,36,94,84,23,237,65,10,75,312
11/11/2020,BIL,MT,ANM,WE,Combined TRACON& Tower with Radar,43,91,29,0,163,0,2,28,0,30,43,93,57,0,193,56,0,56,249
11/12/2020,BIL,MT,ANM,WE,Combined TRACON& Tower with Radar,42,62,30,2,136,0,29,51,0,80,42,91,81,2,216,101,0,101,317
11/13/2020,BIL,MT,ANM,WE,Combined TRACON& Tower with Radar,42,79,16,0,137,0,24,21,0,45,42,103,37,0,182,34,0,34,216
11/14/2020,BIL,MT,ANM,WE,Combined TRACON& Tower with Radar,30,68,10,0,108,0,8,2,0,10,30,76,12,0,118,0,0,0,118
11/15/2020,BIL,MT,ANM,WE,Combined TRACON& Tower with Radar,37,17,17,0,71,0,17,30,0,47,37,34,47,0,118,44,0,44,162
11/16/2020,BIL,MT,ANM,WE,Combined TRACON& Tower with Radar,37,48,44,1,130,0,39,75,0,114,37,87,119,1,244,170,0,170,414
11/17/2020,BIL,MT,ANM,WE,Combined TRACON& Tower with Radar,38,69,32,2,141,0,41,78,2,121,38,110,110,4,262,140,0,140,402
11/18/2020,BIL,MT,ANM,WE,Combined TRACON& Tower with Radar,39,60,24,8,131,0,35,50,0,85,39,95,74,8,216,96,24,120,336
11/19/2020,BIL,MT,ANM,WE,Combined TRACON& Tower with Radar,42,76,36,0,154,0,22,33,0,55,42,98,69,0,209,28,0,28,237
11/20/2020,BIL,MT,ANM,WE,Combined TRACON& Tower with Radar,42,64,46,0,152,0,26,92,0,118,42,90,138,0,270,139,0,139,409
11/21/2020,BIL,MT,ANM,WE,Combined TRACON& Tower with Radar,35,39,22,0,96,0,16,58,2,76,35,55,80,2,172,38,0,38,210
11/22/2020,BIL,MT,ANM,WE,Combined TRACON& Tower with Radar,36,15,16,0,67,0,21,48,1,70,36,36,64,1,137,91,0,91,228
11/23/2020,BIL,MT,ANM,WE,Combined TRACON& Tower with Radar,41,48,18,0,107,0,27,62,0,89,41,75,80,0,196,158,0,158,354
11/24/2020,BIL,MT,ANM,WE,Combined TRACON& Tower with Radar,43,74,37,30,184,0,21,48,5,74,43,95,85,35,258,54,28,82,340
11/25/2020,BIL,MT,ANM,WE,Combined TRACON& Tower with Radar,49,86,24,0,159,0,14,19,0,33,49,100,43,0,192,24,0,24,216
11/26/2020,BIL,MT,ANM,WE,Combined TRACON& Tower with Radar,20,12,6,0,38,0,18,7,0,25,20,30,13,0,63,10,0,10,73
11/27/2020,BIL,MT,ANM,WE,Combined TRACON& Tower with Radar,34,58,9,0,101,0,19,8,0,27,34,77,17,0,128,5,0,5,133
11/28/2020,BIL,MT,ANM,WE,Combined TRACON& Tower with Radar,38,39,18,0,95,14,12,18,0,44,52,51,36,0,139,12,0,12,151
11/29/2020,BIL,MT,ANM,WE,Combined TRACON& Tower with Radar,44,20,27,0,91,0,21,46,0,67,44,41,73,0,158,16,0,16,174
11/30/2020,BIL,MT,ANM,WE,Combined TRACON& Tower with Radar,44,35,27,0,106,0,30,27,0,57,44,65,54,0,163,18,0,18,181
12/01/2020,BIL,MT,ANM,WE,Combined TRACON& Tower with Radar,44,93,30,0,167,0,4,30,0,34,44,97,60,0,201,24,0,24,225
12/02/2020,BIL,MT,ANM,WE,Combined TRACON& Tower with Radar,48,68,35,10,161,0,40,74,2,116,48,108,109,12,277,114,12,126,403
12/03/2020,BIL,MT,ANM,WE,Combined TRACON& Tower with Radar,48,73,25,4,150,0,26,26,0,52,48,99,51,4,202,0,0,0,202
12/04/2020,BIL,MT,ANM,WE,Combined TRACON& Tower with Radar,48,63,26,0,137,0,28,70,0,98,48,91,96,0,235,72,0,72,307
12/05/2020,BIL,MT,ANM,WE,Combined TRACON& Tower with Radar,29,31,20,0,80,0,21,32,0,53,29,52,52,0,133,24,0,24,157
12/06/2020,BIL,MT,ANM,WE,Combined TRACON& Tower with Radar,37,12,13,0,62,0,23,38,0,61,37,35,51,0,123,42,0,42,165
12/07/2020,BIL,MT,ANM,WE,Combined TRACON& Tower with Radar,41,40,17,1,99,0,25,31,2,58,41,65,48,3,157,51,34,85,242
12/08/2020,BIL,MT,ANM,WE,Combined TRACON& Tower with Radar,46,68,25,0,139,0,28,29,0,57,46,96,54,0,196,12,0,12,208
12/09/2020,BIL,MT,ANM,WE,Combined TRACON& Tower with Radar,45,63,31,0,139,0,31,52,0,83,45,94,83,0,222,90,0,90,312
12/10/2020,BIL,MT,ANM,WE,Combined TRACON& Tower with Radar,50,87,39,14,190,0,16,45,0,61,50,103,84,14,251,104,12,116,367
12/11/2020,BIL,MT,ANM,WE,Combined TRACON& Tower with Radar,54,83,19,2,158,0,1,8,0,9,54,84,27,2,167,0,0,0,167
12/12/2020,BIL,MT,ANM,WE,Combined TRACON& Tower with Radar,32,70,11,0,113,0,0,1,0,1,32,70,12,0,114,0,0,0,114
12/13/2020,BIL,MT,ANM,WE,Combined TRACON& Tower with Radar,38,49,16,0,103,0,3,42,0,45,38,52,58,0,148,135,0,135,283
12/14/2020,BIL,MT,ANM,WE,Combined TRACON& Tower with Radar,37,65,24,0,126,0,9,12,0,21,37,74,36,0,147,78,0,78,225
12/15/2020,BIL,MT,ANM,WE,Combined TRACON& Tower with Radar,46,81,33,0,160,0,25,49,0,74,46,106,82,0,234,136,0,136,370
12/16/2020,BIL,MT,ANM,WE,Combined TRACON& Tower with Radar,45,80,38,0,163,0,26,44,0,70,45,106,82,0,233,86,0,86,319
12/17/2020,BIL,MT,ANM,WE,Combined TRACON& Tower with Radar,55,76,35,0,166,0,23,44,0,67,55,99,79,0,233,72,0,72,305
12/18/2020,BIL,MT,ANM,WE,Combined TRACON& Tower with Radar,49,84,47,0,180,0,20,63,0,83,49,104,110,0,263,74,0,74,337
12/19/2020,BIL,MT,ANM,WE,Combined TRACON& Tower with Radar,50,57,19,0,126,0,18,6,0,24,50,75,25,0,150,10,0,10,160
12/20/2020,BIL,MT,ANM,WE,Combined TRACON& Tower with Radar,45,47,12,0,104,0,5,11,0,16,45,52,23,0,120,0,0,0,120
12/21/2020,BIL,MT,ANM,WE,Combined TRACON& Tower with Radar,47,65,14,0,126,0,3,9,0,12,47,68,23,0,138,26,0,26,164
12/22/2020,BIL,MT,ANM,WE,Combined TRACON& Tower with Radar,49,92,15,10,166,0,13,4,0,17,49,105,19,10,183,2,8,10,193
12/23/2020,BIL,MT,ANM,WE,Combined TRACON& Tower with Radar,48,77,20,1,146,0,37,22,3,62,48,114,42,4,208,28,8,36,244
12/24/2020,BIL,MT,ANM,WE,Combined TRACON& Tower with Radar,35,71,11,0,117,0,28,12,0,40,35,99,23,0,157,0,0,0,157
12/25/2020,BIL,MT,ANM,WE,Combined TRACON& Tower with Radar,20,23,3,0,46,0,24,8,2,34,20,47,11,2,80,10,0,10,90
12/26/2020,BIL,MT,ANM,WE,Combined TRACON& Tower with Radar,34,43,14,0,91,0,13,22,1,36,34,56,36,1,127,4,0,4,131
12/27/2020,BIL,MT,ANM,WE,Combined TRACON& Tower with Radar,34,41,18,0,93,0,2,8,0,10,34,43,26,0,103,0,0,0,103
12/28/2020,BIL,MT,ANM,WE,Combined TRACON& Tower with Radar,36,64,12,0,112,0,11,25,0,36,36,75,37,0,148,20,0,20,168
12/29/2020,BIL,MT,ANM,WE,Combined TRACON& Tower with Radar,43,74,36,0,153,0,32,30,0,62,43,106,66,0,215,20,0,20,235
12/30/2020,BIL,MT,ANM,WE,Combined TRACON& Tower with Radar,48,76,19,6,149,0,36,31,4,71,48,112,50,10,220,20,18,38,258
12/31/2020,BIL,MT,ANM,WE,Combined TRACON& Tower with Radar,34,66,15,0,115,0,27,24,0,51,34,93,39,0,166,0,0,0,166
01/01/2021,BIL,MT,ANM,WE,Combined TRACON& Tower with Radar,24,21,7,0,52,0,23,28,1,52,24,44,35,1,104,0,0,0,104
01/02/2021,BIL,MT,ANM,WE,Combined TRACON& Tower with Radar,34,51,13,0,98,0,14,5,0,19,34,65,18,0,117,28,0,28,145
01/03/2021,BIL,MT,ANM,WE,Combined TRACON& Tower with Radar,36,28,17,0,81,0,15,15,0,30,36,43,32,0,111,4,0,4,115
01/04/2021,BIL,MT,ANM,WE,Combined TRACON& Tower with Radar,35,42,13,0,90,0,32,36,0,68,35,74,49,0,158,64,0,64,222
01/05/2021,BIL,MT,ANM,WE,Combined TRACON& Tower with Radar,30,89,16,0,135,0,28,12,0,40,30,117,28,0,175,0,0,0,175
01/06/2021,BIL,MT,ANM,WE,Combined TRACON& Tower with Radar,32,52,35,14,133,0,33,66,4,103,32,85,101,18,236,106,18,124,360
01/07/2021,BIL,MT,ANM,WE,Combined TRACON& Tower with Radar,34,94,31,18,177,0,9,1,0,10,34,103,32,18,187,0,0,0,187
01/08/2021,BIL,MT,ANM,WE,Combined TRACON& Tower with Radar,34,87,21,0,142,0,3,10,0,13,34,90,31,0,155,16,0,16,171
01/09/2021,BIL,MT,ANM,WE,Combined TRACON& Tower with Radar,14,50,14,0,78,0,0,9,0,9,14,50,23,0,87,0,0,0,87
01/10/2021,BIL,MT,ANM,WE,Combined TRACON& Tower with Radar,31,29,18,2,80,0,17,35,2,54,31,46,53,4,134,4,0,4,138
01/11/2021,BIL,MT,ANM,WE,Combined TRACON& Tower with Radar,23,54,25,0,102,0,34,20,0,54,23,88,45,0,156,8,0,8,164
01/12/2021,BIL,MT,ANM,WE,Combined TRACON& Tower with Radar,28,71,22,0,121,0,37,25,0,62,28,108,47,0,183,2,0,2,185
01/13/2021,BIL,MT,ANM,WE,Combined TRACON& Tower with Radar,26,55,13,0,94,0,9,5,0,14,26,64,18,0,108,0,0,0,108
01/14/2021,BIL,MT,ANM,WE,Combined TRACON& Tower with Radar,34,68,15,0,117,0,16,10,0,26,34,84,25,0,143,0,0,0,143
01/15/2021,BIL,MT,ANM,WE,Combined TRACON& Tower with Radar,32,58,18,14,122,0,27,75,0,102,32,85,93,14,224,74,0,74,298
01/16/2021,BIL,MT,ANM,WE,Combined TRACON& Tower with Radar,21,50,15,0,86,0,22,21,2,45,21,72,36,2,131,31,0,31,162
01/17/2021,BIL,MT,ANM,WE,Combined TRACON& Tower with Radar,24,44,13,0,81,0,11,29,0,40,24,55,42,0,121,66,0,66,187
01/18/2021,BIL,MT,ANM,WE,Combined TRACON& Tower with Radar,25,63,22,1,111,0,3,3,0,6,25,66,25,1,117,0,0,0,117
01/19/2021,BIL,MT,ANM,WE,Combined TRACON& Tower with Radar,29,59,31,1,120,0,27,39,0,66,29,86,70,1,186,18,0,18,204
01/20/2021,BIL,MT,ANM,WE,Combined TRACON& Tower with Radar,31,56,27,26,140,0,36,32,0,68,31,92,59,26,208,81,30,111,319
01/21/2021,BIL,MT,ANM,WE,Combined TRACON& Tower with Radar,32,71,31,0,134,0,12,19,0,31,32,83,50,0,165,56,0,56,221
01/22/2021,BIL,MT,ANM,WE,Combined TRACON& Tower with Radar,32,74,23,14,143,0,22,70,1,93,32,96,93,15,236,114,20,134,370
01/23/2021,BIL,MT,ANM,WE,Combined TRACON& Tower with Radar,23,52,17,0,92,0,12,72,0,84,23,64,89,0,176,110,0,110,286
01/24/2021,BIL,MT,ANM,WE,Combined TRACON& Tower with Radar,26,28,12,0,66,0,11,59,0,70,26,39,71,0,136,68,0,68,204
01/25/2021,BIL,MT,ANM,WE,Combined TRACON& Tower with Radar,24,74,25,12,135,0,0,6,0,6,24,74,31,12,141,7,0,7,148
01/26/2021,BIL,MT,ANM,WE,Combined TRACON& Tower with Radar,34,82,25,0,141,0,4,6,0,10,34,86,31,0,151,0,0,0,151
01/27/2021,BIL,MT,ANM,WE,Combined TRACON& Tower with Radar,31,83,23,14,151,0,8,32,0,40,31,91,55,14,191,34,0,34,225
01/28/2021,BIL,MT,ANM,WE,Combined TRACON& Tower with Radar,38,68,41,23,170,0,31,103,3,137,38,99,144,26,307,109,28,137,444
01/29/2021,BIL,MT,ANM,WE,Combined TRACON& Tower with Radar,32,70,26,0,128,0,18,93,0,111,32,88,119,0,239,92,0,92,331
01/30/2021,BIL,MT,ANM,WE,Combined TRACON& Tower with Radar,23,54,15,0,92,0,6,56,0,62,23,60,71,0,154,130,0,130,284
01/31/2021,BIL,MT,ANM,WE,Combined TRACON& Tower with Radar,26,26,19,0,71,0,13,68,0,81,26,39,87,0,152,72,0,72,224
02/01/2021,BIL,MT,ANM,WE,Combined TRACON& Tower with Radar,27,49,40,0,116,0,27,99,0,126,27,76,139,0,242,146,0,146,388
02/02/2021,BIL,MT,ANM,WE,Combined TRACON& Tower with Radar,34,58,26,10,128,0,32,64,0,96,34,90,90,10,224,24,8,32,256
02/03/2021,BIL,MT,ANM,WE,Combined TRACON& Tower with Radar,32,98,28,5,163,0,8,11,3,22,32,106,39,8,185,12,14,26,211
02/04/2021,BIL,MT,ANM,WE,Combined TRACON& Tower with Radar,34,88,34,0,156,0,30,30,0,60,34,118,64,0,216,34,0,34,250
02/05/2021,BIL,MT,ANM,WE,Combined TRACON& Tower with Radar,35,84,9,0,128,0,0,1,0,1,35,84,10,0,129,0,0,0,129
02/06/2021,BIL,MT,ANM,WE,Combined TRACON& Tower with Radar,24,63,2,0,89,0,0,0,0,0,24,63,2,0,89,0,0,0,89
02/07/2021,BIL,MT,ANM,WE,Combined TRACON& Tower with Radar,24,40,10,0,74,0,1,1,0,2,24,41,11,0,76,0,0,0,76
02/08/2021,BIL,MT,ANM,WE,Combined TRACON& Tower with Radar,27,71,15,0,113,0,1,0,0,1,27,72,15,0,114,0,0,0,114
02/09/2021,BIL,MT,ANM,WE,Combined TRACON& Tower with Radar,34,72,27,0,133,0,2,2,0,4,34,74,29,0,137,0,0,0,137
02/10/2021,BIL,MT,ANM,WE,Combined TRACON& Tower with Radar,32,61,30,0,123,0,8,4,0,12,32,69,34,0,135,0,0,0,135
02/11/2021,BIL,MT,ANM,WE,Combined TRACON& Tower with Radar,34,63,25,0,122,0,3,1,0,4,34,66,26,0,126,0,0,0,126
02/12/2021,BIL,MT,ANM,WE,Combined TRACON& Tower with Radar,30,64,21,0,115,0,10,5,0,15,30,74,26,0,130,0,0,0,130
02/13/2021,BIL,MT,ANM,WE,Combined TRACON& Tower with Radar,20,40,8,0,68,0,2,9,0,11,20,42,17,0,79,32,0,32,111
02/14/2021,BIL,MT,ANM,WE,Combined TRACON& Tower with Radar,22,22,11,0,55,0,10,10,0,20,22,32,21,0,75,70,0,70,145
02/15/2021,BIL,MT,ANM,WE,Combined TRACON& Tower with Radar,29,48,22,0,99,1,19,42,0,62,30,67,64,0,161,72,0,72,233
02/16/2021,BIL,MT,ANM,WE,Combined TRACON& Tower with Radar,31,85,26,0,142,0,5,2,0,7,31,90,28,0,149,2,0,2,151
02/17/2021,BIL,MT,ANM,WE,Combined TRACON& Tower with Radar,33,92,25,0,150,0,4,18,0,22,33,96,43,0,172,70,0,70,242
02/18/2021,BIL,MT,ANM,WE,Combined TRACON& Tower with Radar,36,56,36,1,129,0,29,101,1,131,36,85,137,2,260,182,0,182,442
02/19/2021,BIL,MT,ANM,WE,Combined TRACON& Tower with Radar,34,71,20,0,125,0,16,26,0,42,34,87,46,0,167,8,0,8,175
02/20/2021,BIL,MT,ANM,WE,Combined TRACON& Tower with Radar,29,51,16,0,96,0,11,60,0,71,29,62,76,0,167,126,0,126,293
02/21/2021,BIL,MT,ANM,WE,Combined TRACON& Tower with Radar,32,29,11,0,72,0,18,10,0,28,32,47,21,0,100,0,0,0,100
02/22/2021,BIL,MT,ANM,WE,Combined TRACON& Tower with Radar,35,43,18,0,96,0,23,5,0,28,35,66,23,0,124,9,0,9,133
02/23/2021,BIL,MT,ANM,WE,Combined TRACON& Tower with Radar,38,82,24,10,154,0,27,4,0,31,38,109,28,10,185,2,14,16,201
02/24/2021,BIL,MT,ANM,WE,Combined TRACON& Tower with Radar,38,75,45,3,161,0,16,53,2,71,38,91,98,5,232,56,8,64,296
02/25/2021,BIL,MT,ANM,WE,Combined TRACON& Tower with Radar,38,67,23,0,128,0,30,21,0,51,38,97,44,0,179,48,0,48,227
02/26/2021,BIL,MT,ANM,WE,Combined TRACON& Tower with Radar,36,66,24,6,132,0,17,35,0,52,36,83,59,6,184,30,8,38,222
02/27/2021,BIL,MT,ANM,WE,Combined TRACON& Tower with Radar,31,61,14,0,106,0,0,22,0,22,31,61,36,0,128,28,0,28,156
02/28/2021,BIL,MT,ANM,WE,Combined TRACON& Tower with Radar,30,24,9,0,63,0,19,30,0,49,30,43,39,0,112,50,0,50,162
03/01/2021,BIL,MT,ANM,WE,Combined TRACON& Tower with Radar,33,44,27,0,104,0,27,37,0,64,33,71,64,0,168,24,0,24,192
03/02/2021,BIL,MT,ANM,WE,Combined TRACON& Tower with Radar,38,50,27,1,116,0,44,106,1,151,38,94,133,2,267,111,0,111,378
03/03/2021,BIL,MT,ANM,WE,Combined TRACON& Tower with Radar,40,48,25,1,114,0,36,112,1,149,40,84,137,2,263,124,0,124,387
03/04/2021,BIL,MT,ANM,WE,Combined TRACON& Tower with Radar,42,60,39,14,155,0,32,116,0,148,42,92,155,14,303,128,0,128,431
03/05/2021,BIL,MT,ANM,WE,Combined TRACON& Tower with Radar,38,65,33,0,136,0,31,106,0,137,38,96,139,0,273,148,0,148,421
03/06/2021,BIL,MT,ANM,WE,Combined TRACON& Tower with Radar,39,37,14,0,90,0,22,81,0,103,39,59,95,0,193,48,0,48,241
03/07/2021,BIL,MT,ANM,WE,Combined TRACON& Tower with Radar,33,20,11,0,64,0,20,62,0,82,33,40,73,0,146,44,0,44,190
03/08/2021,BIL,MT,ANM,WE,Combined TRACON& Tower with Radar,35,44,29,24,132,0,29,71,0,100,35,73,100,24,232,86,26,112,344
03/09/2021,BIL,MT,ANM,WE,Combined TRACON& Tower with Radar,41,72,40,0,153,0,10,45,0,55,41,82,85,0,208,110,0,110,318
03/10/2021,BIL,MT,ANM,WE,Combined TRACON& Tower with Radar,42,61,30,10,143,0,22,94,1,117,42,83,124,11,260,176,36,212,472
03/11/2021,BIL,MT,ANM,WE,Combined TRACON& Tower with Radar,39,83,46,5,173,0,9,62,3,74,39,92,108,8,247,30,0,30,277
03/12/2021,BIL,MT,ANM,WE,Combined TRACON& Tower with Radar,39,67,30,0,136,0,30,112,0,142,39,97,142,0,278,122,0,122,400
03/13/2021,BIL,MT,ANM,WE,Combined TRACON& Tower with Radar,33,42,15,0,90,0,24,89,0,113,33,66,104,0,203,80,0,80,283
03/14/2021,BIL,MT,ANM,WE,Combined TRACON& Tower with Radar,31,27,24,0,82,0,15,41,0,56,31,42,65,0,138,0,0,0,138
03/15/2021,BIL,MT,ANM,WE,Combined TRACON& Tower with Radar,33,53,28,4,118,0,21,88,2,111,33,74,116,6,229,162,10,172,401
03/16/2021,BIL,MT,ANM,WE,Combined TRACON& Tower with Radar,42,88,22,0,152,0,5,18,0,23,42,93,40,0,175,34,0,34,209
03/17/2021,BIL,MT,ANM,WE,Combined TRACON& Tower with Radar,44,57,36,1,138,0,34,110,1,145,44,91,146,2,283,125,0,125,408
03/18/2021,BIL,MT,ANM,WE,Combined TRACON& Tower with Radar,42,55,38,1,136,0,37,90,2,129,42,92,128,3,265,122,0,122,387
03/19/2021,BIL,MT,ANM,WE,Combined TRACON& Tower with Radar,40,62,34,0,136,0,27,70,0,97,40,89,104,0,233,42,0,42,275
03/20/2021,BIL,MT,ANM,WE,Combined TRACON& Tower with Radar,32,67,7,0,106,0,6,1,0,7,32,73,8,0,113,0,0,0,113
03/21/2021,BIL,MT,ANM,WE,Combined TRACON& Tower with Radar,31,17,16,0,64,0,28,51,0,79,31,45,67,0,143,36,0,36,179
03/22/2021,BIL,MT,ANM,WE,Combined TRACON& Tower with Radar,34,60,30,0,124,0,22,59,1,82,34,82,89,1,206,78,0,78,284
03/23/2021,BIL,MT,ANM,WE,Combined TRACON& Tower with Radar,40,86,30,0,156,0,23,29,0,52,40,109,59,0,208,58,0,58,266
03/24/2021,BIL,MT,ANM,WE,Combined TRACON& Tower with Radar,42,54,36,0,132,0,41,62,3,106,42,95,98,3,238,62,4,66,304
03/25/2021,BIL,MT,ANM,WE,Combined TRACON& Tower with Radar,39,79,38,20,176,0,18,70,2,90,39,97,108,22,266,48,28,76,342
03/26/2021,BIL,MT,ANM,WE,Combined TRACON& Tower with Radar,38,76,13,0,127,0,7,14,0,21,38,83,27,0,148,50,0,50,198
03/27/2021,BIL,MT,ANM,WE,Combined TRACON& Tower with Radar,36,53,19,0,108,0,5,48,1,54,36,58,67,1,162,98,0,98,260
03/28/2021,BIL,MT,ANM,WE,Combined TRACON& Tower with Radar,31,20,11,0,62,0,13,11,0,24,31,33,22,0,86,0,0,0,86
03/29/2021,BIL,MT,ANM,WE,Combined TRACON& Tower with Radar,31,39,8,0,78,0,14,3,0,17,31,53,11,0,95,2,0,2,97
03/30/2021,BIL,MT,ANM,WE,Combined TRACON& Tower with Radar,47,80,33,4,164,0,25,46,0,71,47,105,79,4,235,110,4,114,349
03/31/2021,BIL,MT,ANM,WE,Combined TRACON& Tower with Radar,42,60,43,0,145,0,38,81,0,119,42,98,124,0,264,76,0,76,340
04/01/2021,BIL,MT,ANM,WE,Combined TRACON& Tower with Radar,42,57,25,6,130,0,40,57,4,101,42,97,82,10,231,48,2,50,281
04/02/2021,BIL,MT,ANM,WE,Combined TRACON& Tower with Radar,36,47,26,0,109,0,35,106,0,141,36,82,132,0,250,176,0,176,426
04/03/2021,BIL,MT,ANM,WE,Combined TRACON& Tower with Radar,30,27,18,0,75,0,28,72,1,101,30,55,90,1,176,28,0,28,204
04/04/2021,BIL,MT,ANM,WE,Combined TRACON& Tower with Radar,31,17,16,0,64,0,29,45,0,74,31,46,61,0,138,45,0,45,183
04/05/2021,BIL,MT,ANM,WE,Combined TRACON& Tower with Radar,31,53,28,0,112,0,22,31,0,53,31,75,59,0,165,26,0,26,191
04/06/2021,BIL,MT,ANM,WE,Combined TRACON& Tower with Radar,40,107,25,0,172,0,2,7,0,9,40,109,32,0,181,9,0,9,190
04/07/2021,BIL,MT,ANM,WE,Combined TRACON& Tower with Radar,42,59,45,2,148,0,36,102,0,138,42,95,147,2,286,66,0,66,352
04/08/2021,BIL,MT,ANM,WE,Combined TRACON& Tower with Radar,40,83,39,1,163,0,25,48,0,73,40,108,87,1,236,76,0,76,312
04/09/2021,BIL,MT,ANM,WE,Combined TRACON& Tower with Radar,38,74,23,6,141,0,42,90,5,137,38,116,113,11,278,118,0,118,396
04/10/2021,BIL,MT,ANM,WE,Combined TRACON& Tower with Radar,30,42,12,0,84,0,29,34,0,63,30,71,46,0,147,20,0,20,167
04/11/2021,BIL,MT,ANM,WE,Combined TRACON& Tower with Radar,29,47,15,0,91,0,7,7,0,14,29,54,22,0,105,6,0,6,111
04/12/2021,BIL,MT,ANM,WE,Combined TRACON& Tower with Radar,33,67,24,0,124,0,12,40,0,52,33,79,64,0,176,56,0,56,232
04/13/2021,BIL,MT,ANM,WE,Combined TRACON& Tower with Radar,40,82,31,6,159,0,10,32,6,48,40,92,63,12,207,32,0,32,239
04/14/2021,BIL,MT,ANM,WE,Combined TRACON& Tower with Radar,40,85,35,7,167,0,2,14,2,18,40,87,49,9,185,26,28,54,239
04/15/2021,BIL,MT,ANM,WE,Combined TRACON& Tower with Radar,39,88,34,0,161,0,0,1,0,1,39,88,35,0,162,0,0,0,162
04/16/2021,BIL,MT,ANM,WE,Combined TRACON& Tower with Radar,40,81,13,0,134,0,7,37,0,44,40,88,50,0,178,32,0,32,210
04/17/2021,BIL,MT,ANM,WE,Combined TRACON& Tower with Radar,30,36,24,0,90,0,28,102,0,130,30,64,126,0,220,140,0,140,360
04/18/2021,BIL,MT,ANM,WE,Combined TRACON& Tower with Radar,29,38,15,0,82,0,6,16,0,22,29,44,31,0,104,14,0,14,118
04/19/2021,BIL,MT,ANM,WE,Combined TRACON& Tower with Radar,35,77,19,0,131,0,10,10,1,21,35,87,29,1,152,0,0,0,152
04/20/2021,BIL,MT,ANM,WE,Combined TRACON& Tower with Radar,39,95,15,0,149,0,16,61,0,77,39,111,76,0,226,102,0,102,328
04/21/2021,BIL,MT,ANM,WE,Combined TRACON& Tower with Radar,38,56,46,3,143,5,46,132,3,186,43,102,178,6,329,296,34,330,659
04/22/2021,BIL,MT,ANM,WE,Combined TRACON& Tower with Radar,38,62,43,3,146,0,35,75,11,121,38,97,118,14,267,64,58,122,389
04/23/2021,BIL,MT,ANM,WE,Combined TRACON& Tower with Radar,37,88,28,0,153,0,8,14,0,22,37,96,42,0,175,8,0,8,183
04/24/2021,BIL,MT,ANM,WE,Combined TRACON& Tower with Radar,32,57,15,0,104,0,13,41,0,54,32,70,56,0,158,14,0,14,172
04/25/2021,BIL,MT,ANM,WE,Combined TRACON& Tower with Radar,29,37,24,2,92,0,7,15,0,22,29,44,39,2,114,62,0,62,176
04/26/2021,BIL,MT,ANM,WE,Combined TRACON& Tower with Radar,33,64,26,0,123,0,6,43,0,49,33,70,69,0,172,96,0,96,268
04/27/2021,BIL,MT,ANM,WE,Combined TRACON& Tower with Radar,39,64,58,0,161,0,34,136,0,170,39,98,194,0,331,234,0,234,565
04/28/2021,BIL,MT,ANM,WE,Combined TRACON& Tower with Radar,40,56,40,7,143,0,42,90,6,138,40,98,130,13,281,112,28,140,421
04/29/2021,BIL,MT,ANM,WE,Combined TRACON& Tower with Radar,39,52,32,0,123,0,34,96,0,130,39,86,128,0,253,92,0,92,345
04/30/2021,BIL,MT,ANM,WE,Combined TRACON& Tower with Radar,38,50,30,0,118,0,28,66,0,94,38,78,96,0,212,88,0,88,300
05/01/2021,BIL,MT,ANM,WE,Combined TRACON& Tower with Radar,30,39,19,0,88,0,22,53,0,75,30,61,72,0,163,36,0,36,199
05/02/2021,BIL,MT,ANM,WE,Combined TRACON& Tower with Radar,30,38,29,0,97,0,2,12,5,19,30,40,41,5,116,4,0,4,120
05/03/2021,BIL,MT,ANM,WE,Combined TRACON& Tower with Radar,36,53,33,0,122,0,25,87,0,112,36,78,120,0,234,178,0,178,412
05/04/2021,BIL,MT,ANM,WE,Combined TRACON& Tower with Radar,39,59,31,4,133,0,24,52,0,76,39,83,83,4,209,74,0,74,283
05/05/2021,BIL,MT,ANM,WE,Combined TRACON& Tower with Radar,40,65,45,12,162,1,27,72,2,102,41,92,117,14,264,135,14,149,413
05/06/2021,BIL,MT,ANM,WE,Combined TRACON& Tower with Radar,43,54,29,0,126,0,41,127,0,168,43,95,156,0,294,205,0,205,499
05/07/2021,BIL,MT,ANM,WE,Combined TRACON& Tower with Radar,41,58,33,0,132,0,35,84,0,119,41,93,117,0,251,169,0,169,420
05/08/2021,BIL,MT,ANM,WE,Combined TRACON& Tower with Radar,32,56,13,0,101,0,5,4,0,9,32,61,17,0,110,42,0,42,152
05/09/2021,BIL,MT,ANM,WE,Combined TRACON& Tower with Radar,34,38,19,0,91,0,4,7,0,11,34,42,26,0,102,61,0,61,163
05/10/2021,BIL,MT,ANM,WE,Combined TRACON& Tower with Radar,39,75,34,0,148,0,11,31,0,42,39,86,65,0,190,102,0,102,292
05/11/2021,BIL,MT,ANM,WE,Combined TRACON& Tower with Radar,38,65,35,2,140,0,30,138,0,168,38,95,173,2,308,6,0,6,314
05/12/2021,BIL,MT,ANM,WE,Combined TRACON& Tower with Radar,39,75,40,0,154,0,41,112,0,153,39,116,152,0,307,211,0,211,518
05/13/2021,BIL,MT,ANM,WE,Combined TRACON& Tower with Radar,42,62,46,6,156,0,41,61,3,105,42,103,107,9,261,70,2,72,333
05/14/2021,BIL,MT,ANM,WE,Combined TRACON& Tower with Radar,43,55,30,0,128,0,39,69,1,109,43,94,99,1,237,78,0,78,315
05/15/2021,BIL,MT,ANM,WE,Combined TRACON& Tower with Radar,31,36,17,0,84,0,29,52,2,83,31,65,69,2,167,135,0,135,302
05/16/2021,BIL,MT,ANM,WE,Combined TRACON& Tower with Radar,33,21,30,4,88,4,31,67,0,102,37,52,97,4,190,175,0,175,365
05/17/2021,BIL,MT,ANM,WE,Combined TRACON& Tower with Radar,38,53,36,8,135,0,39,83,2,124,38,92,119,10,259,112,8,120,379
05/18/2021,BIL,MT,ANM,WE,Combined TRACON& Tower with Radar,42,68,28,4,142,0,40,65,0,105,42,108,93,4,247,120,0,120,367
05/19/2021,BIL,MT,ANM,WE,Combined TRACON& Tower with Radar,41,57,32,0,130,0,33,46,0,79,41,90,78,0,209,52,0,52,261
05/20/2021,BIL,MT,ANM,WE,Combined TRACON& Tower with Radar,44,101,29,0,174,0,14,6,1,21,44,115,35,1,195,24,0,24,219
05/21/2021,BIL,MT,ANM,WE,Combined TRACON& Tower with Radar,45,94,20,0,159,0,0,2,1,3,45,94,22,1,162,0,0,0,162
05/22/2021,BIL,MT,ANM,WE,Combined TRACON& Tower with Radar,33,83,15,0,131,0,10,10,1,21,33,93,25,1,152,92,0,92,244
05/23/2021,BIL,MT,ANM,WE,Combined TRACON& Tower with Radar,35,44,25,2,106,0,6,14,2,22,35,50,39,4,128,80,0,80,208
05/24/2021,BIL,MT,ANM,WE,Combined TRACON& Tower with Radar,42,59,26,1,128,0,23,14,2,39,42,82,40,3,167,44,0,44,211
05/25/2021,BIL,MT,ANM,WE,Combined TRACON& Tower with Radar,41,91,40,0,172,0,28,50,0,78,41,119,90,0,250,128,0,128,378
05/26/2021,BIL,MT,ANM,WE,Combined TRACON& Tower with Radar,39,76,56,6,177,0,6,31,3,40,39,82,87,9,217,32,16,48,265
05/27/2021,BIL,MT,ANM,WE,Combined TRACON& Tower with Radar,45,78,51,2,176,0,14,91,0,105,45,92,142,2,281,280,0,280,561
05/28/2021,BIL,MT,ANM,WE,Combined TRACON& Tower with Radar,49,69,39,0,157,0,33,53,0,86,49,102,92,0,243,88,0,88,331
05/29/2021,BIL,MT,ANM,WE,Combined TRACON& Tower with Radar,34,42,24,0,100,0,22,61,0,83,34,64,85,0,183,163,0,163,346
05/30/2021,BIL,MT,ANM,WE,Combined TRACON& Tower with Radar,33,17,18,0,68,0,21,46,0,67,33,38,64,0,135,114,0,114,249
05/31/2021,BIL,MT,ANM,WE,Combined TRACON& Tower with Radar,37,15,18,0,70,0,23,45,0,68,37,38,63,0,138,58,0,58,196
06/01/2021,BIL,MT,ANM,WE,Combined TRACON& Tower with Radar,32,48,29,0,109,0,40,80,1,121,32,88,109,1,230,218,1,219,449
06/02/2021,BIL,MT,ANM,WE,Combined TRACON& Tower with Radar,42,67,33,26,168,0,50,101,0,151,42,117,134,26,319,120,0,120,439
06/03/2021,BIL,MT,ANM,WE,Combined TRACON& Tower with Radar,49,69,26,0,144,0,46,69,1,116,49,115,95,1,260,165,0,165,425
06/04/2021,BIL,MT,ANM,WE,Combined TRACON& Tower with Radar,50,50,27,4,131,0,30,73,0,103,50,80,100,4,234,76,0,76,310
06/05/2021,BIL,MT,ANM,WE,Combined TRACON& Tower with Radar,36,43,18,1,98,0,27,46,4,77,36,70,64,5,175,23,2,25,200
06/06/2021,BIL,MT,ANM,WE,Combined TRACON& Tower with Radar,38,20,22,1,81,0,26,36,0,62,38,46,58,1,143,30,0,30,173
06/07/2021,BIL,MT,ANM,WE,Combined TRACON& Tower with Radar,47,57,28,0,132,0,38,74,1,113,47,95,102,1,245,70,0,70,315
06/08/2021,BIL,MT,ANM,WE,Combined TRACON& Tower with Radar,44,73,27,0,144,0,33,54,0,87,44,106,81,0,231,88,0,88,319
06/09/2021,BIL,MT,ANM,WE,Combined TRACON& Tower with Radar,42,63,42,5,152,6,28,108,8,150,48,91,150,13,302,104,22,126,428
06/10/2021,BIL,MT,ANM,WE,Combined TRACON& Tower with Radar,54,67,44,0,165,0,19,45,0,64,54,86,89,0,229,88,0,88,317
06/11/2021,BIL,MT,ANM,WE,Combined TRACON& Tower with Radar,48,74,41,2,165,0,35,55,4,94,48,109,96,6,259,0,0,0,259
06/12/2021,BIL,MT,ANM,WE,Combined TRACON& Tower with Radar,40,37,23,0,100,0,30,59,0,89,40,67,82,0,189,76,0,76,265
06/13/2021,BIL,MT,ANM,WE,Combined TRACON& Tower with Radar,41,19,16,0,76,0,33,41,1,75,41,52,57,1,151,94,0,94,245
06/14/2021,BIL,MT,ANM,WE,Combined TRACON& Tower with Radar,42,80,33,1,156,0,45,123,5,173,42,125,156,6,329,86,0,86,415
06/15/2021,BIL,MT,ANM,WE,Combined TRACON& Tower with Radar,47,67,31,7,152,2,43,132,6,183,49,110,163,13,335,61,24,85,420
06/16/2021,BIL,MT,ANM,WE,Combined TRACON& Tower with Radar,42,65,46,6,159,4,41,185,9,239,46,106,231,15,398,95,12,107,505
06/17/2021,BIL,MT,ANM,WE,Combined TRACON& Tower with Radar,49,67,33,0,149,1,47,124,4,176,50,114,157,4,325,40,0,40,365
06/18/2021,BIL,MT,ANM,WE,Combined TRACON& Tower with Radar,43,66,51,1,161,0,33,165,10,208,43,99,216,11,369,128,0,128,497
06/19/2021,BIL,MT,ANM,WE,Combined TRACON& Tower with Radar,39,43,18,0,100,0,28,96,9,133,39,71,114,9,233,97,3,100,333
06/20/2021,BIL,MT,ANM,WE,Combined TRACON& Tower with Radar,39,43,14,0,96,0,6,19,0,25,39,49,33,0,121,0,0,0,121
06/21/2021,BIL,MT,ANM,WE,Combined TRACON& Tower with Radar,40,52,38,0,130,0,33,101,1,135,40,85,139,1,265,127,0,127,392
06/22/2021,BIL,MT,ANM,WE,Combined TRACON& Tower with Radar,47,59,30,4,140,2,46,84,2,134,49,105,114,6,274,140,10,150,424
06/23/2021,BIL,MT,ANM,WE,Combined TRACON& Tower with Radar,45,55,37,10,147,0,38,53,3,94,45,93,90,13,241,98,10,108,349
06/24/2021,BIL,MT,ANM,WE,Combined TRACON& Tower with Radar,51,63,40,0,154,0,35,61,0,96,51,98,101,0,250,99,0,99,349
06/25/2021,BIL,MT,ANM,WE,Combined TRACON& Tower with Radar,47,73,52,0,172,0,20,75,1,96,47,93,127,1,268,164,4,168,436
06/26/2021,BIL,MT,ANM,WE,Combined TRACON& Tower with Radar,38,50,18,2,108,0,18,46,2,66,38,68,64,4,174,43,0,43,217
06/27/2021,BIL,MT,ANM,WE,Combined TRACON& Tower with Radar,42,41,20,4,107,1,22,29,0,52,43,63,49,4,159,60,0,60,219
06/28/2021,BIL,MT,ANM,WE,Combined TRACON& Tower with Radar,46,53,38,0,137,0,33,83,0,116,46,86,121,0,253,160,0,160,413
06/29/2021,BIL,MT,ANM,WE,Combined TRACON& Tower with Radar,46,59,50,0,155,0,35,77,0,112,46,94,127,0,267,164,0,164,431
06/30/2021,BIL,MT,ANM,WE,Combined TRACON& Tower with Radar,45,53,52,9,159,0,36,94,6,136,45,89,146,15,295,172,12,184,479
07/01/2021,BIL,MT,ANM,WE,Combined TRACON& Tower with Radar,52,59,46,0,157,0,31,106,2,139,52,90,152,2,296,82,8,90,386
07/02/2021,BIL,MT,ANM,WE,Combined TRACON& Tower with Radar,50,62,32,0,144,0,28,64,0,92,50,90,96,0,236,84,0,84,320
07/03/2021,BIL,MT,ANM,WE,Combined TRACON& Tower with Radar,35,41,25,0,101,0,24,48,1,73,35,65,73,1,174,20,0,20,194
07/04/2021,BIL,MT,ANM,WE,Combined TRACON& Tower with Radar,34,30,8,2,74,0,32,56,1,89,34,62,64,3,163,74,0,74,237
07/05/2021,BIL,MT,ANM,WE,Combined TRACON& Tower with Radar,42,30,16,0,88,0,25,45,1,71,42,55,61,1,159,65,0,65,224
07/06/2021,BIL,MT,ANM,WE,Combined TRACON& Tower with Radar,38,80,31,1,150,0,32,109,2,143,38,112,140,3,293,90,4,94,387
07/07/2021,BIL,MT,ANM,WE,Combined TRACON& Tower with Radar,44,70,23,0,137,2,24,95,0,121,46,94,118,0,258,154,0,154,412
07/08/2021,BIL,MT,ANM,WE,Combined TRACON& Tower with Radar,51,69,39,0,159,0,43,113,0,156,51,112,152,0,315,120,0,120,435
07/09/2021,BIL,MT,ANM,WE,Combined TRACON& Tower with Radar,53,75,39,0,167,0,37,100,2,139,53,112,139,2,306,152,0,152,458
07/10/2021,BIL,MT,ANM,WE,Combined TRACON& Tower with Radar,34,53,26,0,113,0,26,109,5,140,34,79,135,5,253,43,0,43,296
07/11/2021,BIL,MT,ANM,WE,Combined TRACON& Tower with Radar,43,31,23,0,97,4,17,74,1,96,47,48,97,1,193,102,0,102,295
07/12/2021,BIL,MT,ANM,WE,Combined TRACON& Tower with Radar,45,56,30,0,131,0,27,90,2,119,45,83,120,2,250,64,0,64,314
07/13/2021,BIL,MT,ANM,WE,Combined TRACON& Tower with Radar,48,96,43,0,187,0,25,52,0,77,48,121,95,0,264,34,0,34,298
07/14/2021,BIL,MT,ANM,WE,Combined TRACON& Tower with Radar,44,58,37,9,148,0,31,113,1,145,44,89,150,10,293,172,6,178,471
07/15/2021,BIL,MT,ANM,WE,Combined TRACON& Tower with Radar,52,65,38,2,157,0,36,78,0,114,52,101,116,2,271,118,0,118,389
07/16/2021,BIL,MT,ANM,WE,Combined TRACON& Tower with Radar,48,64,39,0,151,0,27,68,2,97,48,91,107,2,248,94,0,94,342
07/17/2021,BIL,MT,ANM,WE,Combined TRACON& Tower with Radar,34,60,29,0,123,0,14,93,3,110,34,74,122,3,233,120,0,120,353
07/18/2021,BIL,MT,ANM,WE,Combined TRACON& Tower with Radar,41,30,23,0,94,0,21,32,0,53,41,51,55,0,147,50,0,50,197
07/19/2021,BIL,MT,ANM,WE,Combined TRACON& Tower with Radar,47,65,33,1,146,0,23,92,2,117,47,88,125,3,263,98,0,98,361
07/20/2021,BIL,MT,ANM,WE,Combined TRACON& Tower with Radar,46,76,39,6,167,0,20,80,1,101,46,96,119,7,268,158,10,168,436
07/21/2021,BIL,MT,ANM,WE,Combined TRACON& Tower with Radar,44,72,45,1,162,0,26,80,1,107,44,98,125,2,269,150,0,150,419
07/22/2021,BIL,MT,ANM,WE,Combined TRACON& Tower with Radar,54,65,42,0,161,2,27,84,0,113,56,92,126,0,274,78,0,78,352
07/23/2021,BIL,MT,ANM,WE,Combined TRACON& Tower with Radar,44,65,42,1,152,0,41,100,2,143,44,106,142,3,295,76,6,82,377
07/24/2021,BIL,MT,ANM,WE,Combined TRACON& Tower with Radar,36,46,26,0,108,0,32,60,2,94,36,78,86,2,202,77,0,77,279
07/25/2021,BIL,MT,ANM,WE,Combined TRACON& Tower with Radar,47,35,37,0,119,0,22,74,13,109,47,57,111,13,228,50,0,50,278
07/26/2021,BIL,MT,ANM,WE,Combined TRACON& Tower with Radar,43,59,49,0,151,0,27,85,10,122,43,86,134,10,273,62,0,62,335
07/27/2021,BIL,MT,ANM,WE,Combined TRACON& Tower with Radar,48,85,35,7,175,0,14,111,14,139,48,99,146,21,314,101,22,123,437
07/28/2021,BIL,MT,ANM,WE,Combined TRACON& Tower with Radar,44,74,36,0,154,0,18,107,3,128,44,92,143,3,282,79,2,81,363
07/29/2021,BIL,MT,ANM,WE,Combined TRACON& Tower with Radar,53,85,50,0,188,0,30,95,6,131,53,115,145,6,319,132,0,132,451
07/30/2021,BIL,MT,ANM,WE,Combined TRACON& Tower with Radar,50,61,53,0,164,0,49,90,2,141,50,110,143,2,305,201,0,201,506
07/31/2021,BIL,MT,ANM,WE,Combined TRACON& Tower with Radar,36,50,45,0,131,0,25,48,5,78,36,75,93,5,209,107,0,107,316
08/01/2021,BIL,MT,ANM,WE,Combined TRACON& Tower with Radar,40,34,27,1,102,0,18,78,10,106,40,52,105,11,208,60,0,60,268
08/02/2021,BIL,MT,ANM,WE,Combined TRACON& Tower with Radar,40,64,42,0,146,0,29,94,2,125,40,93,136,2,271,28,0,28,299
08/03/2021,BIL,MT,ANM,WE,Combined TRACON& Tower with Radar,46,70,31,0,147,0,25,31,0,56,46,95,62,0,203,53,0,53,256
08/04/2021,BIL,MT,ANM,WE,Combined TRACON& Tower with Radar,42,89,30,0,161,0,27,76,4,107,42,116,106,4,268,74,0,74,342
08/05/2021,BIL,MT,ANM,WE,Combined TRACON& Tower with Radar,49,82,23,0,154,0,34,42,4,80,49,116,65,4,234,66,0,66,300
08/06/2021,BIL,MT,ANM,WE,Combined TRACON& Tower with Radar,44,89,31,6,170,0,35,36,4,75,44,124,67,10,245,38,0,38,283
08/07/2021,BIL,MT,ANM,WE,Combined TRACON& Tower with Radar,38,48,18,1,105,0,14,34,6,54,38,62,52,7,159,26,0,26,185
08/08/2021,BIL,MT,ANM,WE,Combined TRACON& Tower with Radar,39,34,31,2,106,0,10,73,4,87,39,44,104,6,193,44,0,44,237
08/09/2021,BIL,MT,ANM,WE,Combined TRACON& Tower with Radar,42,73,28,3,146,0,28,123,14,165,42,101,151,17,311,26,0,26,337
08/10/2021,BIL,MT,ANM,WE,Combined TRACON& Tower with Radar,50,87,43,1,181,4,40,124,22,190,54,127,167,23,371,70,0,70,441
08/11/2021,BIL,MT,ANM,WE,Combined TRACON& Tower with Radar,43,74,43,4,164,1,32,165,27,225,44,106,208,31,389,54,14,68,457
08/12/2021,BIL,MT,ANM,WE,Combined TRACON& Tower with Radar,51,69,34,4,158,0,31,119,9,159,51,100,153,13,317,111,0,111,428
08/13/2021,BIL,MT,ANM,WE,Combined TRACON& Tower with Radar,56,63,18,0,137,6,31,66,1,104,62,94,84,1,241,51,0,51,292
08/14/2021,BIL,MT,ANM,WE,Combined TRACON& Tower with Radar,37,48,20,2,107,0,19,79,0,98,37,67,99,2,205,105,0,105,310
08/15/2021,BIL,MT,ANM,WE,Combined TRACON& Tower with Radar,40,32,26,0,98,0,0,29,9,38,40,32,55,9,136,12,0,12,148
08/16/2021,BIL,MT,ANM,WE,Combined TRACON& Tower with Radar,41,69,38,2,150,0,7,45,3,55,41,76,83,5,205,34,0,34,239
08/17/2021,BIL,MT,ANM,WE,Combined TRACON& Tower with Radar,48,79,34,2,163,0,13,30,4,47,48,92,64,6,210,68,4,72,282
08/18/2021,BIL,MT,ANM,WE,Combined TRACON& Tower with Radar,42,104,45,2,193,0,1,11,5,17,42,105,56,7,210,0,0,0,210
08/19/2021,BIL,MT,ANM,WE,Combined TRACON& Tower with Radar,50,118,56,0,224,0,0,5,0,5,50,118,61,0,229,28,0,28,257
08/20/2021,BIL,MT,ANM,WE,Combined TRACON& Tower with Radar,42,114,56,4,216,0,14,36,0,50,42,128,92,4,266,14,2,16,282
08/21/2021,BIL,MT,ANM,WE,Combined TRACON& Tower with Radar,36,50,21,0,107,0,21,62,0,83,36,71,83,0,190,143,0,143,333
08/22/2021,BIL,MT,ANM,WE,Combined TRACON& Tower with Radar,42,60,24,0,126,0,10,30,0,40,42,70,54,0,166,58,0,58,224
08/23/2021,BIL,MT,ANM,WE,Combined TRACON& Tower with Radar,36,61,41,1,139,13,27,88,5,133,49,88,129,6,272,146,4,150,422
08/24/2021,BIL,MT,ANM,WE,Combined TRACON& Tower with Radar,44,74,32,1,151,0,30,84,2,116,44,104,116,3,267,170,0,170,437
08/25/2021,BIL,MT,ANM,WE,Combined TRACON& Tower with Radar,42,66,29,14,151,2,27,68,0,97,44,93,97,14,248,92,8,100,348
08/26/2021,BIL,MT,ANM,WE,Combined TRACON& Tower with Radar,48,82,35,0,165,0,23,75,6,104,48,105,110,6,269,90,0,90,359
08/27/2021,BIL,MT,ANM,WE,Combined TRACON& Tower with Radar,43,83,30,0,156,12,12,68,0,92,55,95,98,0,248,48,0,48,296
08/28/2021,BIL,MT,ANM,WE,Combined TRACON& Tower with Radar,39,67,19,2,127,0,15,44,1,60,39,82,63,3,187,105,1,106,293
08/29/2021,BIL,MT,ANM,WE,Combined TRACON& Tower with Radar,39,40,33,0,112,0,18,84,0,102,39,58,117,0,214,183,0,183,397
08/30/2021,BIL,MT,ANM,WE,Combined TRACON& Tower with Radar,35,65,34,3,137,0,21,91,4,116,35,86,125,7,253,94,0,94,347
08/31/2021,BIL,MT,ANM,WE,Combined TRACON& Tower with Radar,44,70,34,0,148,0,21,49,0,70,44,91,83,0,218,22,0,22,240
09/01/2021,BIL,MT,ANM,WE,Combined TRACON& Tower with Radar,42,64,51,5,162,0,27,82,0,109,42,91,133,5,271,112,0,112,383
09/02/2021,BIL,MT,ANM,WE,Combined TRACON& Tower with Radar,45,73,31,0,149,0,25,89,1,115,45,98,120,1,264,158,0,158,422
09/03/2021,BIL,MT,ANM,WE,Combined TRACON& Tower with Radar,45,88,31,0,164,0,16,36,1,53,45,104,67,1,217,42,0,42,259
09/04/2021,BIL,MT,ANM,WE,Combined TRACON& Tower with Radar,38,49,34,0,121,0,20,66,3,89,38,69,100,3,210,110,0,110,320
09/05/2021,BIL,MT,ANM,WE,Combined TRACON& Tower with Radar,33,37,15,0,85,0,12,28,1,41,33,49,43,1,126,44,0,44,170
09/06/2021,BIL,MT,ANM,WE,Combined TRACON& Tower with Radar,30,39,27,0,96,0,17,61,0,78,30,56,88,0,174,46,0,46,220
09/07/2021,BIL,MT,ANM,WE,Combined TRACON& Tower with Radar,33,71,34,0,138,0,42,79,4,125,33,113,113,4,263,92,4,96,359
09/08/2021,BIL,MT,ANM,WE,Combined TRACON& Tower with Radar,40,69,57,2,168,0,38,96,0,134,40,107,153,2,302,131,4,135,437
09/09/2021,BIL,MT,ANM,WE,Combined TRACON& Tower with Radar,50,67,39,2,158,0,19,64,0,83,50,86,103,2,241,89,0,89,330
09/10/2021,BIL,MT,ANM,WE,Combined TRACON& Tower with Radar,41,90,46,4,181,0,13,90,0,103,41,103,136,4,284,93,0,93,377
09/11/2021,BIL,MT,ANM,WE,Combined TRACON& Tower with Radar,38,56,22,0,116,0,9,37,7,53,38,65,59,7,169,136,2,138,307
09/12/2021,BIL,MT,ANM,WE,Combined TRACON& Tower with Radar,34,23,24,0,81,0,13,59,0,72,34,36,83,0,153,65,0,65,218
09/13/2021,BIL,MT,ANM,WE,Combined TRACON& Tower with Radar,39,35,20,1,95,0,27,68,2,97,39,62,88,3,192,148,0,148,340
09/14/2021,BIL,MT,ANM,WE,Combined TRACON& Tower with Radar,44,66,37,0,147,0,31,79,0,110,44,97,116,0,257,99,0,99,356
09/15/2021,BIL,MT,ANM,WE,Combined TRACON& Tower with Radar,43,70,38,1,152,0,35,61,1,97,43,105,99,2,249,36,0,36,285
09/16/2021,BIL,MT,ANM,WE,Combined TRACON& Tower with Radar,51,80,34,2,167,0,33,49,0,82,51,113,83,2,249,60,4,64,313
09/17/2021,BIL,MT,ANM,WE,Combined TRACON& Tower with Radar,42,58,58,0,158,0,25,102,2,129,42,83,160,2,287,110,0,110,397
09/18/2021,BIL,MT,ANM,WE,Combined TRACON& Tower with Radar,36,48,20,0,104,0,21,40,0,61,36,69,60,0,165,87,0,87,252
09/19/2021,BIL,MT,ANM,WE,Combined TRACON& Tower with Radar,41,56,21,0,118,0,3,22,0,25,41,59,43,0,143,26,0,26,169
09/20/2021,BIL,MT,ANM,WE,Combined TRACON& Tower with Radar,37,62,39,0,138,0,18,51,0,69,37,80,90,0,207,64,0,64,271
09/21/2021,BIL,MT,ANM,WE,Combined TRACON& Tower with Radar,41,74,35,4,154,0,32,83,0,115,41,106,118,4,269,69,0,69,338
09/22/2021,BIL,MT,ANM,WE,Combined TRACON& Tower with Radar,46,66,38,0,150,0,32,79,0,111,46,98,117,0,261,116,0,116,377
09/23/2021,BIL,MT,ANM,WE,Combined TRACON& Tower with Radar,51,64,54,6,175,0,29,86,0,115,51,93,140,6,290,96,8,104,394
09/24/2021,BIL,MT,ANM,WE,Combined TRACON& Tower with Radar,42,68,28,7,145,0,17,88,3,108,42,85,116,10,253,131,18,149,402
09/25/2021,BIL,MT,ANM,WE,Combined TRACON& Tower with Radar,37,52,14,1,104,0,25,51,2,78,37,77,65,3,182,104,4,108,290
09/26/2021,BIL,MT,ANM,WE,Combined TRACON& Tower with Radar,40,26,16,2,84,0,20,43,0,63,40,46,59,2,147,110,24,134,281
09/27/2021,BIL,MT,ANM,WE,Combined TRACON& Tower with Radar,37,62,36,6,141,0,25,80,7,112,37,87,116,13,253,100,62,162,415
09/28/2021,BIL,MT,ANM,WE,Combined TRACON& Tower with Radar,42,67,22,13,144,0,22,26,4,52,42,89,48,17,196,58,34,92,288
09/29/2021,BIL,MT,ANM,WE,Combined TRACON& Tower with Radar,44,76,26,19,165,0,28,81,3,112,44,104,107,22,277,102,14,116,393
09/30/2021,BIL,MT,ANM,WE,Combined TRACON& Tower with Radar,51,69,35,14,169,0,41,81,2,124,51,110,116,16,293,84,36,120,413
10/01/2021,BIL,MT,ANM,WE,Combined TRACON& Tower with Radar,41,69,24,2,136,0,23,76,0,99,41,92,100,2,235,72,0,72,307
10/02/2021,BIL,MT,ANM,WE,Combined TRACON& Tower with Radar,37,36,23,2,98,0,21,52,2,75,37,57,75,4,173,50,1,51,224
10/03/2021,BIL,MT,ANM,WE,Combined TRACON& Tower with Radar,41,26,16,0,83,0,20,38,0,58,41,46,54,0,141,32,0,32,173
10/04/2021,BIL,MT,ANM,WE,Combined TRACON& Tower with Radar,39,47,45,0,131,0,21,71,0,92,39,68,116,0,223,112,0,112,335
10/05/2021,BIL,MT,ANM,WE,Combined TRACON& Tower with Radar,38,60,34,20,152,0,27,67,2,96,38,87,101,22,248,38,12,50,298
10/06/2021,BIL,MT,ANM,WE,Combined TRACON& Tower with Radar,41,60,54,6,161,0,24,78,1,103,41,84,132,7,264,87,10,97,361
10/07/2021,BIL,MT,ANM,WE,Combined TRACON& Tower with Radar,43,59,47,0,149,0,19,68,5,92,43,78,115,5,241,84,0,84,325
10/08/2021,BIL,MT,ANM,WE,Combined TRACON& Tower with Radar,36,72,43,0,151,0,11,54,0,65,36,83,97,0,216,32,0,32,248
10/09/2021,BIL,MT,ANM,WE,Combined TRACON& Tower with Radar,29,63,16,0,108,0,3,6,0,9,29,66,22,0,117,8,0,8,125
10/10/2021,BIL,MT,ANM,WE,Combined TRACON& Tower with Radar,31,21,31,4,87,0,17,40,0,57,31,38,71,4,144,58,0,58,202
10/11/2021,BIL,MT,ANM,WE,Combined TRACON& Tower with Radar,31,75,15,0,121,0,1,1,0,2,31,76,16,0,123,0,0,0,123
10/12/2021,BIL,MT,ANM,WE,Combined TRACON& Tower with Radar,34,71,22,0,127,0,0,0,0,0,34,71,22,0,127,0,0,0,127
10/13/2021,BIL,MT,ANM,WE,Combined TRACON& Tower with Radar,36,67,46,0,149,0,16,48,0,64,36,83,94,0,213,46,0,46,259
10/14/2021,BIL,MT,ANM,WE,Combined TRACON& Tower with Radar,39,85,43,0,167,0,10,39,0,49,39,95,82,0,216,40,0,40,256
10/15/2021,BIL,MT,ANM,WE,Combined TRACON& Tower with Radar,35,65,34,3,137,0,23,53,3,79,35,88,87,6,216,39,22,61,277
10/16/2021,BIL,MT,ANM,WE,Combined TRACON& Tower with Radar,25,42,19,0,86,0,25,62,0,87,25,67,81,0,173,92,0,92,265
10/17/2021,BIL,MT,ANM,WE,Combined TRACON& Tower with Radar,30,17,27,0,74,0,25,52,0,77,30,42,79,0,151,57,0,57,208
10/18/2021,BIL,MT,ANM,WE,Combined TRACON& Tower with Radar,30,52,36,1,119,0,26,62,4,92,30,78,98,5,211,88,0,88,299
10/19/2021,BIL,MT,ANM,WE,Combined TRACON& Tower with Radar,39,93,24,2,158,0,0,7,2,9,39,93,31,4,167,0,0,0,167
10/20/2021,BIL,MT,ANM,WE,Combined TRACON& Tower with Radar,38,80,53,4,175,0,9,67,4,80,38,89,120,8,255,66,34,100,355
10/21/2021,BIL,MT,ANM,WE,Combined TRACON& Tower with Radar,35,91,46,0,172,0,34,71,0,105,35,125,117,0,277,115,0,115,392
10/22/2021,BIL,MT,ANM,WE,Combined TRACON& Tower with Radar,33,78,55,8,174,0,27,82,0,109,33,105,137,8,283,80,2,82,365
10/23/2021,BIL,MT,ANM,WE,Combined TRACON& Tower with Radar,24,52,26,0,102,0,6,33,0,39,24,58,59,0,141,28,0,28,169
10/24/2021,BIL,MT,ANM,WE,Combined TRACON& Tower with Radar,31,34,23,0,88,0,4,26,0,30,31,38,49,0,118,28,0,28,146
10/25/2021,BIL,MT,ANM,WE,Combined TRACON& Tower with Radar,31,53,27,7,118,0,12,48,3,63,31,65,75,10,181,112,24,136,317
10/26/2021,BIL,MT,ANM,WE,Combined TRACON& Tower with Radar,38,81,36,0,155,0,8,22,0,30,38,89,58,0,185,18,0,18,203
10/27/2021,BIL,MT,ANM,WE,Combined TRACON& Tower with Radar,36,60,36,2,134,0,18,5,0,23,36,78,41,2,157,0,0,0,157
10/28/2021,BIL,MT,ANM,WE,Combined TRACON& Tower with Radar,40,77,49,0,166,0,18,69,1,88,40,95,118,1,254,81,2,83,337
10/29/2021,BIL,MT,ANM,WE,Combined TRACON& Tower with Radar,34,71,23,3,131,0,26,51,1,78,34,97,74,4,209,50,0,50,259
10/30/2021,BIL,MT,ANM,WE,Combined TRACON& Tower with Radar,27,66,15,0,108,0,1,7,2,10,27,67,22,2,118,22,0,22,140
10/31/2021,BIL,MT,ANM,WE,Combined TRACON& Tower with Radar,26,28,14,0,68,0,13,43,0,56,26,41,57,0,124,82,0,82,206
11/01/2021,BIL,MT,ANM,WE,Combined TRACON& Tower with Radar,29,51,44,0,124,0,42,100,0,142,29,93,144,0,266,149,0,149,415
11/02/2021,BIL,MT,ANM,WE,Combined TRACON& Tower with Radar,37,76,25,0,138,0,42,92,0,134,37,118,117,0,272,103,0,103,375
11/03/2021,BIL,MT,ANM,WE,Combined TRACON& Tower with Radar,34,75,43,0,152,0,36,91,0,127,34,111,134,0,279,127,0,127,406
11/04/2021,BIL,MT,ANM,WE,Combined TRACON& Tower with Radar,34,93,39,2,168,0,33,73,1,107,34,126,112,3,275,78,2,80,355
11/05/2021,BIL,MT,ANM,WE,Combined TRACON& Tower with Radar,36,69,37,0,142,0,29,62,0,91,36,98,99,0,233,46,0,46,279
11/06/2021,BIL,MT,ANM,WE,Combined TRACON& Tower with Radar,25,39,17,0,81,0,23,58,0,81,25,62,75,0,162,65,0,65,227
11/07/2021,BIL,MT,ANM,WE,Combined TRACON& Tower with Radar,25,31,17,2,75,0,17,23,0,40,25,48,40,2,115,86,0,86,201
11/08/2021,BIL,MT,ANM,WE,Combined TRACON& Tower with Radar,30,42,33,0,105,0,21,77,2,100,30,63,110,2,205,108,0,108,313
11/09/2021,BIL,MT,ANM,WE,Combined TRACON& Tower with Radar,34,63,48,10,155,0,24,59,4,87,34,87,107,14,242,116,24,140,382
11/10/2021,BIL,MT,ANM,WE,Combined TRACON& Tower with Radar,31,82,30,1,144,0,16,14,1,31,31,98,44,2,175,0,4,4,179
11/11/2021,BIL,MT,ANM,WE,Combined TRACON& Tower with Radar,41,81,50,0,172,0,13,71,0,84,41,94,121,0,256,90,0,90,346
11/12/2021,BIL,MT,ANM,WE,Combined TRACON& Tower with Radar,32,75,24,0,131,0,9,45,0,54,32,84,69,0,185,66,0,66,251
11/13/2021,BIL,MT,ANM,WE,Combined TRACON& Tower with Radar,25,55,20,0,100,0,10,8,0,18,25,65,28,0,118,0,0,0,118
11/14/2021,BIL,MT,ANM,WE,Combined TRACON& Tower with Radar,25,46,11,0,82,0,3,14,0,17,25,49,25,0,99,16,0,16,115
11/15/2021,BIL,MT,ANM,WE,Combined TRACON& Tower with Radar,27,64,27,0,118,0,23,24,0,47,27,87,51,0,165,46,0,46,211
11/16/2021,BIL,MT,ANM,WE,Combined TRACON& Tower with Radar,36,64,26,0,126,0,3,0,0,3,36,67,26,0,129,0,0,0,129
11/17/2021,BIL,MT,ANM,WE,Combined TRACON& Tower with Radar,34,79,63,0,176,0,36,75,2,113,34,115,138,2,289,114,0,114,403
11/18/2021,BIL,MT,ANM,WE,Combined TRACON& Tower with Radar,35,77,50,19,181,0,32,81,3,116,35,109,131,22,297,78,28,106,403
11/19/2021,BIL,MT,ANM,WE,Combined TRACON& Tower with Radar,34,74,50,0,158,0,14,57,0,71,34,88,107,0,229,81,0,81,310
11/20/2021,BIL,MT,ANM,WE,Combined TRACON& Tower with Radar,25,44,25,0,94,0,16,34,0,50,25,60,59,0,144,4,0,4,148
11/21/2021,BIL,MT,ANM,WE,Combined TRACON& Tower with Radar,26,21,25,0,72,0,20,45,0,65,26,41,70,0,137,17,0,17,154
11/22/2021,BIL,MT,ANM,WE,Combined TRACON& Tower with Radar,30,54,42,11,137,0,27,46,3,76,30,81,88,14,213,65,30,95,308
11/23/2021,BIL,MT,ANM,WE,Combined TRACON& Tower with Radar,34,84,63,0,181,0,22,56,0,78,34,106,119,0,259,47,0,47,306
11/24/2021,BIL,MT,ANM,WE,Combined TRACON& Tower with Radar,35,88,17,0,140,0,5,4,0,9,35,93,21,0,149,1,0,1,150
11/25/2021,BIL,MT,ANM,WE,Combined TRACON& Tower with Radar,12,18,3,0,33,0,18,2,0,20,12,36,5,0,53,0,0,0,53
11/26/2021,BIL,MT,ANM,WE,Combined TRACON& Tower with Radar,29,66,7,0,102,0,17,7,0,24,29,83,14,0,126,0,0,0,126
11/27/2021,BIL,MT,ANM,WE,Combined TRACON& Tower with Radar,25,55,21,0,101,0,10,34,0,44,25,65,55,0,145,23,0,23,168
11/28/2021,BIL,MT,ANM,WE,Combined TRACON& Tower with Radar,34,24,18,0,76,0,11,8,0,19,34,35,26,0,95,1,0,1,96
11/29/2021,BIL,MT,ANM,WE,Combined TRACON& Tower with Radar,32,66,34,0,132,0,22,44,0,66,32,88,78,0,198,30,0,30,228
11/30/2021,BIL,MT,ANM,WE,Combined TRACON& Tower with Radar,40,78,24,6,148,0,28,35,0,63,40,106,59,6,211,49,0,49,260
12/01/2021,BIL,MT,ANM,WE,Combined TRACON& Tower with Radar,38,63,19,4,124,0,27,4,1,32,38,90,23,5,156,0,0,0,156
12/02/2021,BIL,MT,ANM,WE,Combined TRACON& Tower with Radar,45,81,30,0,156,0,20,29,0,49,45,101,59,0,205,35,0,35,240
12/03/2021,BIL,MT,ANM,WE,Combined TRACON& Tower with Radar,38,85,41,8,172,0,7,43,0,50,38,92,84,8,222,25,0,25,247
12/04/2021,BIL,MT,ANM,WE,Combined TRACON& Tower with Radar,27,49,13,0,89,0,0,25,0,25,27,49,38,0,114,42,0,42,156
12/05/2021,BIL,MT,ANM,WE,Combined TRACON& Tower with Radar,32,36,8,0,76,0,0,8,4,12,32,36,16,4,88,3,0,3,91
12/06/2021,BIL,MT,ANM,WE,Combined TRACON& Tower with Radar,39,59,24,3,125,0,5,9,2,16,39,64,33,5,141,0,0,0,141
12/07/2021,BIL,MT,ANM,WE,Combined TRACON& Tower with Radar,42,94,32,0,168,0,19,21,0,40,42,113,53,0,208,3,0,3,211
12/08/2021,BIL,MT,ANM,WE,Combined TRACON& Tower with Radar,43,73,22,0,138,0,24,46,1,71,43,97,68,1,209,22,0,22,231
12/09/2021,BIL,MT,ANM,WE,Combined TRACON& Tower with Radar,43,72,43,0,158,0,29,92,0,121,43,101,135,0,279,77,0,77,356
12/10/2021,BIL,MT,ANM,WE,Combined TRACON& Tower with Radar,39,80,28,0,147,0,18,59,0,77,39,98,87,0,224,50,0,50,274
12/11/2021,BIL,MT,ANM,WE,Combined TRACON& Tower with Radar,26,50,12,4,92,0,15,10,0,25,26,65,22,4,117,0,0,0,117
12/12/2021,BIL,MT,ANM,WE,Combined TRACON& Tower with Radar,32,25,18,0,75,0,20,20,0,40,32,45,38,0,115,42,0,42,157
12/13/2021,BIL,MT,ANM,WE,Combined TRACON& Tower with Radar,33,53,43,7,136,0,33,93,9,135,33,86,136,16,271,180,18,198,469
12/14/2021,BIL,MT,ANM,WE,Combined TRACON& Tower with Radar,45,82,41,16,184,0,39,78,2,119,45,121,119,18,303,64,10,74,377
12/15/2021,BIL,MT,ANM,WE,Combined TRACON& Tower with Radar,40,92,19,0,151,0,17,3,0,20,40,109,22,0,171,0,0,0,171
12/16/2021,BIL,MT,ANM,WE,Combined TRACON& Tower with Radar,37,86,62,6,191,0,28,60,6,94,37,114,122,12,285,94,20,114,399
12/17/2021,BIL,MT,ANM,WE,Combined TRACON& Tower with Radar,40,84,30,0,154,0,7,24,2,33,40,91,54,2,187,6,0,6,193
12/18/2021,BIL,MT,ANM,WE,Combined TRACON& Tower with Radar,33,35,8,0,76,0,13,13,0,26,33,48,21,0,102,4,0,4,106
12/19/2021,BIL,MT,ANM,WE,Combined TRACON& Tower with Radar,31,38,27,0,96,0,5,10,0,15,31,43,37,0,111,2,0,2,113
12/20/2021,BIL,MT,ANM,WE,Combined TRACON& Tower with Radar,36,61,37,0,134,0,14,17,0,31,36,75,54,0,165,8,0,8,173
12/21/2021,BIL,MT,ANM,WE,Combined TRACON& Tower with Radar,43,70,26,0,139,0,34,55,0,89,43,104,81,0,228,43,0,43,271
12/22/2021,BIL,MT,ANM,WE,Combined TRACON& Tower with Radar,41,87,39,25,192,0,36,22,0,58,41,123,61,25,250,42,2,44,294
12/23/2021,BIL,MT,ANM,WE,Combined TRACON& Tower with Radar,38,81,18,0,137,0,29,18,0,47,38,110,36,0,184,3,0,3,187
12/24/2021,BIL,MT,ANM,WE,Combined TRACON& Tower with Radar,36,85,5,0,126,0,7,2,0,9,36,92,7,0,135,0,0,0,135
12/25/2021,BIL,MT,ANM,WE,Combined TRACON& Tower with Radar,14,37,9,0,60,0,0,0,0,0,14,37,9,0,60,0,0,0,60
12/26/2021,BIL,MT,ANM,WE,Combined TRACON& Tower with Radar,17,22,16,0,55,0,0,0,0,0,17,22,16,0,55,0,0,0,55
12/27/2021,BIL,MT,ANM,WE,Combined TRACON& Tower with Radar,27,62,20,0,109,0,3,9,0,12,27,65,29,0,121,0,0,0,121
12/28/2021,BIL,MT,ANM,WE,Combined TRACON& Tower with Radar,38,70,17,0,125,0,21,36,0,57,38,91,53,0,182,13,0,13,195
12/29/2021,BIL,MT,ANM,WE,Combined TRACON& Tower with Radar,39,68,16,0,123,0,10,11,0,21,39,78,27,0,144,6,0,6,150
12/30/2021,BIL,MT,ANM,WE,Combined TRACON& Tower with Radar,30,85,22,0,137,0,4,10,0,14,30,89,32,0,151,24,0,24,175
12/31/2021,BIL,MT,ANM,WE,Combined TRACON& Tower with Radar,32,73,10,0,115,0,0,2,0,2,32,73,12,0,117,0,0,0,117
01/01/2022,BIL,MT,ANM,WE,Combined TRACON& Tower with Radar,15,20,7,0,42,0,9,19,0,28,15,29,26,0,70,0,0,0,70
01/02/2022,BIL,MT,ANM,WE,Combined TRACON& Tower with Radar,27,26,30,0,83,0,22,23,0,45,27,48,53,0,128,27,0,27,155
01/03/2022,BIL,MT,ANM,WE,Combined TRACON& Tower with Radar,29,56,33,0,118,0,31,46,0,77,29,87,79,0,195,53,0,53,248
01/04/2022,BIL,MT,ANM,WE,Combined TRACON& Tower with Radar,33,72,18,0,123,0,5,23,0,28,33,77,41,0,151,13,0,13,164
01/05/2022,BIL,MT,ANM,WE,Combined TRACON& Tower with Radar,34,75,20,0,129,0,14,4,0,18,34,89,24,0,147,0,0,0,147
01/06/2022,BIL,MT,ANM,WE,Combined TRACON& Tower with Radar,32,87,15,0,134,0,0,0,0,0,32,87,15,0,134,0,0,0,134
01/07/2022,BIL,MT,ANM,WE,Combined TRACON& Tower with Radar,34,85,22,33,174,0,16,30,7,53,34,101,52,40,227,21,36,57,284
01/08/2022,BIL,MT,ANM,WE,Combined TRACON& Tower with Radar,21,42,23,0,86,0,11,23,0,34,21,53,46,0,120,14,0,14,134
01/09/2022,BIL,MT,ANM,WE,Combined TRACON& Tower with Radar,31,15,25,0,71,0,16,61,0,77,31,31,86,0,148,28,0,28,176
01/10/2022,BIL,MT,ANM,WE,Combined TRACON& Tower with Radar,25,50,29,1,105,0,30,21,1,52,25,80,50,2,157,9,0,9,166
01/11/2022,BIL,MT,ANM,WE,Combined TRACON& Tower with Radar,36,63,27,0,126,0,26,27,0,53,36,89,54,0,179,29,0,29,208
01/12/2022,BIL,MT,ANM,WE,Combined TRACON& Tower with Radar,33,65,33,0,131,2,36,55,0,93,35,101,88,0,224,85,0,85,309
01/13/2022,BIL,MT,ANM,WE,Combined TRACON& Tower with Radar,35,65,31,0,131,0,28,45,0,73,35,93,76,0,204,26,0,26,230
01/14/2022,BIL,MT,ANM,WE,Combined TRACON& Tower with Radar,32,77,43,0,152,2,6,58,0,66,34,83,101,0,218,81,0,81,299
01/15/2022,BIL,MT,ANM,WE,Combined TRACON& Tower with Radar,24,40,19,0,83,0,25,23,0,48,24,65,42,0,131,10,0,10,141
01/16/2022,BIL,MT,ANM,WE,Combined TRACON& Tower with Radar,25,20,23,1,69,0,20,98,1,119,25,40,121,2,188,95,0,95,283
01/17/2022,BIL,MT,ANM,WE,Combined TRACON& Tower with Radar,27,39,45,0,111,0,38,60,1,99,27,77,105,1,210,26,0,26,236
01/18/2022,BIL,MT,ANM,WE,Combined TRACON& Tower with Radar,34,72,21,0,127,0,1,5,0,6,34,73,26,0,133,0,0,0,133
01/19/2022,BIL,MT,ANM,WE,Combined TRACON& Tower with Radar,34,77,37,0,148,0,32,55,0,87,34,109,92,0,235,90,0,90,325
01/20/2022,BIL,MT,ANM,WE,Combined TRACON& Tower with Radar,38,68,37,0,143,0,33,11,0,44,38,101,48,0,187,10,0,10,197
01/21/2022,BIL,MT,ANM,WE,Combined TRACON& Tower with Radar,32,62,39,4,137,0,12,73,4,89,32,74,112,8,226,41,12,53,279
01/22/2022,BIL,MT,ANM,WE,Combined TRACON& Tower with Radar,22,47,9,0,78,0,10,28,0,38,22,57,37,0,116,15,0,15,131
01/23/2022,BIL,MT,ANM,WE,Combined TRACON& Tower with Radar,25,16,18,0,59,0,20,23,0,43,25,36,41,0,102,0,0,0,102
01/24/2022,BIL,MT,ANM,WE,Combined TRACON& Tower with Radar,33,66,15,10,124,0,0,20,0,20,33,66,35,10,144,19,0,19,163
01/25/2022,BIL,MT,ANM,WE,Combined TRACON& Tower with Radar,36,78,46,10,170,2,16,57,0,75,38,94,103,10,245,78,0,78,323
01/26/2022,BIL,MT,ANM,WE,Combined TRACON& Tower with Radar,34,73,23,4,134,0,28,52,7,87,34,101,75,11,221,68,16,84,305
01/27/2022,BIL,MT,ANM,WE,Combined TRACON& Tower with Radar,36,79,39,3,157,0,8,81,5,94,36,87,120,8,251,76,24,100,351
01/28/2022,BIL,MT,ANM,WE,Combined TRACON& Tower with Radar,32,63,25,0,120,0,27,16,0,43,32,90,41,0,163,5,0,5,168
01/29/2022,BIL,MT,ANM,WE,Combined TRACON& Tower with Radar,24,38,30,0,92,0,26,64,0,90,24,64,94,0,182,40,0,40,222
01/30/2022,BIL,MT,ANM,WE,Combined TRACON& Tower with Radar,25,31,22,6,84,0,11,56,0,67,25,42,78,6,151,88,0,88,239
01/31/2022,BIL,MT,ANM,WE,Combined TRACON& Tower with Radar,27,59,19,0,105,0,9,12,0,21,27,68,31,0,126,8,0,8,134
02/01/2022,BIL,MT,ANM,WE,Combined TRACON& Tower with Radar,37,84,28,0,149,0,9,22,0,31,37,93,50,0,180,19,0,19,199
02/02/2022,BIL,MT,ANM,WE,Combined TRACON& Tower with Radar,33,64,31,0,128,0,17,23,0,40,33,81,54,0,168,6,0,6,174
02/03/2022,BIL,MT,ANM,WE,Combined TRACON& Tower with Radar,27,56,42,2,127,0,24,83,0,107,27,80,125,2,234,72,0,72,306
02/04/2022,BIL,MT,ANM,WE,Combined TRACON& Tower with Radar,29,46,18,0,93,0,25,23,0,48,29,71,41,0,141,7,0,7,148
02/05/2022,BIL,MT,ANM,WE,Combined TRACON& Tower with Radar,24,56,13,0,93,0,12,9,0,21,24,68,22,0,114,0,0,0,114
02/06/2022,BIL,MT,ANM,WE,Combined TRACON& Tower with Radar,25,16,36,0,77,0,23,59,0,82,25,39,95,0,159,50,0,50,209
02/07/2022,BIL,MT,ANM,WE,Combined TRACON& Tower with Radar,27,48,13,0,88,0,23,13,0,36,27,71,26,0,124,24,0,24,148
02/08/2022,BIL,MT,ANM,WE,Combined TRACON& Tower with Radar,37,52,41,0,130,0,35,60,0,95,37,87,101,0,225,17,0,17,242
02/09/2022,BIL,MT,ANM,WE,Combined TRACON& Tower with Radar,34,83,42,0,159,0,14,65,0,79,34,97,107,0,238,65,0,65,303
02/10/2022,BIL,MT,ANM,WE,Combined TRACON& Tower with Radar,35,59,23,0,117,0,24,15,0,39,35,83,38,0,156,0,0,0,156
02/11/2022,BIL,MT,ANM,WE,Combined TRACON& Tower with Radar,31,80,31,0,142,0,2,18,0,20,31,82,49,0,162,12,0,12,174
02/12/2022,BIL,MT,ANM,WE,Combined TRACON& Tower with Radar,25,33,31,0,89,0,23,49,0,72,25,56,80,0,161,34,0,34,195
02/13/2022,BIL,MT,ANM,WE,Combined TRACON& Tower with Radar,25,10,13,0,48,0,25,55,0,80,25,35,68,0,128,60,0,60,188
02/14/2022,BIL,MT,ANM,WE,Combined TRACON& Tower with Radar,27,39,46,2,114,0,29,98,0,127,27,68,144,2,241,70,2,72,313
02/15/2022,BIL,MT,ANM,WE,Combined TRACON& Tower with Radar,36,80,27,0,143,0,3,5,0,8,36,83,32,0,151,0,0,0,151
02/16/2022,BIL,MT,ANM,WE,Combined TRACON& Tower with Radar,33,85,22,0,140,0,4,6,0,10,33,89,28,0,150,8,0,8,158
02/17/2022,BIL,MT,ANM,WE,Combined TRACON& Tower with Radar,39,65,29,0,133,0,22,28,0,50,39,87,57,0,183,0,0,0,183
02/18/2022,BIL,MT,ANM,WE,Combined TRACON& Tower with Radar,31,77,37,0,145,0,3,58,0,61,31,80,95,0,206,47,0,47,253
02/19/2022,BIL,MT,ANM,WE,Combined TRACON& Tower with Radar,24,36,18,0,78,0,29,47,2,78,24,65,65,2,156,19,0,19,175
02/20/2022,BIL,MT,ANM,WE,Combined TRACON& Tower with Radar,12,23,16,0,51,0,0,17,0,17,12,23,33,0,68,0,0,0,68
02/21/2022,BIL,MT,ANM,WE,Combined TRACON& Tower with Radar,28,55,27,0,110,0,0,4,0,4,28,55,31,0,114,6,0,6,120
02/22/2022,BIL,MT,ANM,WE,Combined TRACON& Tower with Radar,34,61,22,0,117,0,3,11,0,14,34,64,33,0,131,0,0,0,131
02/23/2022,BIL,MT,ANM,WE,Combined TRACON& Tower with Radar,30,43,45,0,118,0,24,43,0,67,30,67,88,0,185,18,0,18,203
02/24/2022,BIL,MT,ANM,WE,Combined TRACON& Tower with Radar,36,58,43,0,137,0,23,50,0,73,36,81,93,0,210,44,0,44,254
02/25/2022,BIL,MT,ANM,WE,Combined TRACON& Tower with Radar,32,68,43,4,147,0,32,46,4,82,32,100,89,8,229,26,0,26,255
02/26/2022,BIL,MT,ANM,WE,Combined TRACON& Tower with Radar,26,34,34,0,94,0,31,66,0,97,26,65,100,0,191,16,0,16,207
02/27/2022,BIL,MT,ANM,WE,Combined TRACON& Tower with Radar,26,17,27,0,70,0,20,30,0,50,26,37,57,0,120,6,0,6,126
02/28/2022,BIL,MT,ANM,WE,Combined TRACON& Tower with Radar,27,60,52,2,141,0,29,107,2,138,27,89,159,4,279,39,2,41,320
03/01/2022,BIL,MT,ANM,WE,Combined TRACON& Tower with Radar,35,69,33,0,137,0,20,87,0,107,35,89,120,0,244,89,0,89,333
03/02/2022,BIL,MT,ANM,WE,Combined TRACON& Tower with Radar,35,70,26,5,136,0,14,73,3,90,35,84,99,8,226,140,28,168,394
03/03/2022,BIL,MT,ANM,WE,Combined TRACON& Tower with Radar,32,58,20,0,110,0,0,1,0,1,32,58,21,0,111,0,0,0,111
03/04/2022,BIL,MT,ANM,WE,Combined TRACON& Tower with Radar,31,100,34,0,165,0,0,1,0,1,31,100,35,0,166,0,0,0,166
03/05/2022,BIL,MT,ANM,WE,Combined TRACON& Tower with Radar,25,66,16,0,107,0,0,21,0,21,25,66,37,0,128,19,0,19,147
03/06/2022,BIL,MT,ANM,WE,Combined TRACON& Tower with Radar,26,61,21,0,108,0,4,9,0,13,26,65,30,0,121,25,0,25,146
03/07/2022,BIL,MT,ANM,WE,Combined TRACON& Tower with Radar,29,46,38,0,113,0,24,55,0,79,29,70,93,0,192,26,0,26,218
03/08/2022,BIL,MT,ANM,WE,Combined TRACON& Tower with Radar,34,81,21,0,136,0,1,0,0,1,34,82,21,0,137,0,0,0,137
03/09/2022,BIL,MT,ANM,WE,Combined TRACON& Tower with Radar,35,78,24,0,137,0,18,29,0,47,35,96,53,0,184,40,0,40,224
03/10/2022,BIL,MT,ANM,WE,Combined TRACON& Tower with Radar,36,69,28,0,133,0,26,37,2,65,36,95,65,2,198,26,0,26,224
03/11/2022,BIL,MT,ANM,WE,Combined TRACON& Tower with Radar,32,55,27,0,114,0,27,95,0,122,32,82,122,0,236,98,0,98,334
03/12/2022,BIL,MT,ANM,WE,Combined TRACON& Tower with Radar,25,33,14,0,72,0,19,24,0,43,25,52,38,0,115,20,0,20,135
03/13/2022,BIL,MT,ANM,WE,Combined TRACON& Tower with Radar,25,20,11,0,56,0,2,33,0,35,25,22,44,0,91,29,0,29,120
03/14/2022,BIL,MT,ANM,WE,Combined TRACON& Tower with Radar,28,57,31,2,118,1,32,105,0,138,29,89,136,2,256,85,0,85,341
03/15/2022,BIL,MT,ANM,WE,Combined TRACON& Tower with Radar,36,62,45,0,143,0,33,96,0,129,36,95,141,0,272,86,0,86,358
03/16/2022,BIL,MT,ANM,WE,Combined TRACON& Tower with Radar,34,75,33,0,142,0,23,86,4,113,34,98,119,4,255,130,11,141,396
03/17/2022,BIL,MT,ANM,WE,Combined TRACON& Tower with Radar,35,70,41,6,152,0,35,101,8,144,35,105,142,14,296,109,12,121,417
03/18/2022,BIL,MT,ANM,WE,Combined TRACON& Tower with Radar,32,59,25,0,116,0,23,48,0,71,32,82,73,0,187,47,0,47,234
03/19/2022,BIL,MT,ANM,WE,Combined TRACON& Tower with Radar,24,28,24,2,78,0,21,77,0,98,24,49,101,2,176,85,0,85,261
03/20/2022,BIL,MT,ANM,WE,Combined TRACON& Tower with Radar,27,46,17,0,90,0,2,10,0,12,27,48,27,0,102,12,0,12,114
03/21/2022,BIL,MT,ANM,WE,Combined TRACON& Tower with Radar,27,42,36,2,107,0,27,104,0,131,27,69,140,2,238,70,2,72,310
03/22/2022,BIL,MT,ANM,WE,Combined TRACON& Tower with Radar,35,75,33,39,182,0,30,69,5,104,35,105,102,44,286,74,38,112,398
03/23/2022,BIL,MT,ANM,WE,Combined TRACON& Tower with Radar,35,56,50,8,149,0,43,133,3,179,35,99,183,11,328,101,15,116,444
03/24/2022,BIL,MT,ANM,WE,Combined TRACON& Tower with Radar,36,66,41,0,143,0,27,48,4,79,36,93,89,4,222,28,4,32,254
03/25/2022,BIL,MT,ANM,WE,Combined TRACON& Tower with Radar,32,56,27,4,119,0,24,104,0,128,32,80,131,4,247,80,0,80,327
03/26/2022,BIL,MT,ANM,WE,Combined TRACON& Tower with Radar,25,29,16,0,70,0,15,62,0,77,25,44,78,0,147,52,0,52,199
03/27/2022,BIL,MT,ANM,WE,Combined TRACON& Tower with Radar,28,36,16,0,80,0,16,72,0,88,28,52,88,0,168,93,0,93,261
03/28/2022,BIL,MT,ANM,WE,Combined TRACON& Tower with Radar,29,44,38,0,111,0,18,89,0,107,29,62,127,0,218,133,0,133,351
03/29/2022,BIL,MT,ANM,WE,Combined TRACON& Tower with Radar,31,77,31,12,151,0,4,11,0,15,31,81,42,12,166,7,0,7,173
03/30/2022,BIL,MT,ANM,WE,Combined TRACON& Tower with Radar,33,62,34,7,136,0,19,148,3,170,33,81,182,10,306,253,10,263,569
03/31/2022,BIL,MT,ANM,WE,Combined TRACON& Tower with Radar,36,72,29,6,143,0,7,64,4,75,36,79,93,10,218,83,5,88,306
04/01/2022,BIL,MT,ANM,WE,Combined TRACON& Tower with Radar,32,61,28,14,135,0,14,71,0,85,32,75,99,14,220,44,3,47,267
04/02/2022,BIL,MT,ANM,WE,Combined TRACON& Tower with Radar,23,44,6,0,73,0,10,57,1,68,23,54,63,1,141,75,0,75,216
04/03/2022,BIL,MT,ANM,WE,Combined TRACON& Tower with Radar,26,9,11,0,46,0,15,67,0,82,26,24,78,0,128,74,0,74,202
04/04/2022,BIL,MT,ANM,WE,Combined TRACON& Tower with Radar,26,41,17,0,84,0,15,32,0,47,26,56,49,0,131,21,0,21,152
04/05/2022,BIL,MT,ANM,WE,Combined TRACON& Tower with Radar,29,47,11,2,89,0,5,1,6,12,29,52,12,8,101,0,8,8,109
04/06/2022,BIL,MT,ANM,WE,Combined TRACON& Tower with Radar,30,73,28,1,132,0,7,11,2,20,30,80,39,3,152,4,0,4,156
04/07/2022,BIL,MT,ANM,WE,Combined TRACON& Tower with Radar,32,53,31,2,118,0,26,89,2,117,32,79,120,4,235,89,12,101,336
04/08/2022,BIL,MT,ANM,WE,Combined TRACON& Tower with Radar,30,48,27,0,105,0,19,102,2,123,30,67,129,2,228,118,0,118,346
04/09/2022,BIL,MT,ANM,WE,Combined TRACON& Tower with Radar,21,51,14,0,86,0,2,11,2,15,21,53,25,2,101,0,0,0,101
04/10/2022,BIL,MT,ANM,WE,Combined TRACON& Tower with Radar,24,28,14,0,66,0,5,10,2,17,24,33,24,2,83,13,0,13,96
04/11/2022,BIL,MT,ANM,WE,Combined TRACON& Tower with Radar,24,59,22,7,112,0,3,3,2,8,24,62,25,9,120,0,9,9,129
04/12/2022,BIL,MT,ANM,WE,Combined TRACON& Tower with Radar,15,35,0,0,50,0,0,0,0,0,15,35,0,0,50,0,0,0,50
04/13/2022,BIL,MT,ANM,WE,Combined TRACON& Tower with Radar,37,61,18,0,116,0,1,8,0,9,37,62,26,0,125,6,0,6,131
04/14/2022,BIL,MT,ANM,WE,Combined TRACON& Tower with Radar,33,65,27,6,131,0,11,45,10,66,33,76,72,16,197,52,16,68,265
04/15/2022,BIL,MT,ANM,WE,Combined TRACON& Tower with Radar,31,66,18,0,115,0,9,28,0,37,31,75,46,0,152,27,0,27,179
04/16/2022,BIL,MT,ANM,WE,Combined TRACON& Tower with Radar,22,32,15,0,69,0,9,41,2,52,22,41,56,2,121,67,0,67,188
04/17/2022,BIL,MT,ANM,WE,Combined TRACON& Tower with Radar,22,22,5,1,50,0,2,0,1,3,22,24,5,2,53,6,0,6,59
04/18/2022,BIL,MT,ANM,WE,Combined TRACON& Tower with Radar,27,36,37,0,100,0,24,69,0,93,27,60,106,0,193,117,0,117,310
04/19/2022,BIL,MT,ANM,WE,Combined TRACON& Tower with Radar,30,59,26,0,115,0,14,25,0,39,30,73,51,0,154,8,0,8,162
04/20/2022,BIL,MT,ANM,WE,Combined TRACON& Tower with Radar,30,61,31,0,122,0,20,39,0,59,30,81,70,0,181,24,0,24,205
04/21/2022,BIL,MT,ANM,WE,Combined TRACON& Tower with Radar,33,53,40,1,127,0,16,74,0,90,33,69,114,1,217,130,0,130,347
04/22/2022,BIL,MT,ANM,WE,Combined TRACON& Tower with Radar,30,57,13,0,100,0,1,18,0,19,30,58,31,0,119,4,0,4,123
04/23/2022,BIL,MT,ANM,WE,Combined TRACON& Tower with Radar,22,33,10,2,67,0,0,1,0,1,22,33,11,2,68,0,0,0,68
04/24/2022,BIL,MT,ANM,WE,Combined TRACON& Tower with Radar,24,12,32,0,68,0,5,68,3,76,24,17,100,3,144,73,0,73,217
04/25/2022,BIL,MT,ANM,WE,Combined TRACON& Tower with Radar,25,35,30,4,94,0,15,113,8,136,25,50,143,12,230,100,23,123,353
04/26/2022,BIL,MT,ANM,WE,Combined TRACON& Tower with Radar,30,54,30,0,114,0,24,107,0,131,30,78,137,0,245,165,14,179,424
04/27/2022,BIL,MT,ANM,WE,Combined TRACON& Tower with Radar,30,53,33,0,116,0,15,83,2,100,30,68,116,2,216,149,0,149,365
04/28/2022,BIL,MT,ANM,WE,Combined TRACON& Tower with Radar,33,65,44,8,150,0,14,67,0,81,33,79,111,8,231,106,0,106,337
04/29/2022,BIL,MT,ANM,WE,Combined TRACON& Tower with Radar,31,84,24,0,139,0,0,0,0,0,31,84,24,0,139,0,0,0,139
04/30/2022,BIL,MT,ANM,WE,Combined TRACON& Tower with Radar,20,33,21,0,74,0,17,86,0,103,20,50,107,0,177,70,0,70,247
05/01/2022,BIL,MT,ANM,WE,Combined TRACON& Tower with Radar,24,12,7,0,43,0,5,9,1,15,24,17,16,1,58,0,0,0,58
05/02/2022,BIL,MT,ANM,WE,Combined TRACON& Tower with Radar,25,66,46,0,137,0,14,60,0,74,25,80,106,0,211,70,0,70,281
05/03/2022,BIL,MT,ANM,WE,Combined TRACON& Tower with Radar,33,86,34,4,157,0,16,19,0,35,33,102,53,4,192,16,0,16,208
05/04/2022,BIL,MT,ANM,WE,Combined TRACON& Tower with Radar,32,58,46,4,140,0,29,133,10,172,32,87,179,14,312,162,10,172,484
05/05/2022,BIL,MT,ANM,WE,Combined TRACON& Tower with Radar,33,50,33,0,116,0,26,109,1,136,33,76,142,1,252,108,0,108,360
05/06/2022,BIL,MT,ANM,WE,Combined TRACON& Tower with Radar,30,51,38,0,119,0,23,86,0,109,30,74,124,0,228,120,0,120,348
05/07/2022,BIL,MT,ANM,WE,Combined TRACON& Tower with Radar,22,45,19,0,86,0,17,13,0,30,22,62,32,0,116,0,0,0,116
05/08/2022,BIL,MT,ANM,WE,Combined TRACON& Tower with Radar,23,18,21,0,62,0,13,32,0,45,23,31,53,0,107,21,0,21,128
05/09/2022,BIL,MT,ANM,WE,Combined TRACON& Tower with Radar,24,57,25,2,108,0,12,24,0,36,24,69,49,2,144,23,0,23,167
05/10/2022,BIL,MT,ANM,WE,Combined TRACON& Tower with Radar,34,63,48,0,145,0,21,117,0,138,34,84,165,0,283,121,0,121,404
05/11/2022,BIL,MT,ANM,WE,Combined TRACON& Tower with Radar,32,69,32,1,134,0,20,71,0,91,32,89,103,1,225,92,0,92,317
05/12/2022,BIL,MT,ANM,WE,Combined TRACON& Tower with Radar,35,79,17,1,132,0,0,6,0,6,35,79,23,1,138,11,0,11,149
05/13/2022,BIL,MT,ANM,WE,Combined TRACON& Tower with Radar,30,66,21,0,117,0,13,39,0,52,30,79,60,0,169,25,0,25,194
05/14/2022,BIL,MT,ANM,WE,Combined TRACON& Tower with Radar,21,43,22,0,86,0,18,53,0,71,21,61,75,0,157,64,0,64,221
05/15/2022,BIL,MT,ANM,WE,Combined TRACON& Tower with Radar,25,18,23,2,68,0,13,87,2,102,25,31,110,4,170,64,2,66,236
05/16/2022,BIL,MT,ANM,WE,Combined TRACON& Tower with Radar,27,49,22,0,98,0,15,50,3,68,27,64,72,3,166,73,0,73,239
05/17/2022,BIL,MT,ANM,WE,Combined TRACON& Tower with Radar,32,60,43,4,139,0,20,111,0,131,32,80,154,4,270,173,0,173,443
05/18/2022,BIL,MT,ANM,WE,Combined TRACON& Tower with Radar,32,54,44,0,130,0,16,119,0,135,32,70,163,0,265,90,0,90,355
05/19/2022,BIL,MT,ANM,WE,Combined TRACON& Tower with Radar,33,61,31,0,125,0,6,9,0,15,33,67,40,0,140,3,0,3,143
05/20/2022,BIL,MT,ANM,WE,Combined TRACON& Tower with Radar,28,71,28,0,127,0,6,15,0,21,28,77,43,0,148,0,0,0,148
05/21/2022,BIL,MT,ANM,WE,Combined TRACON& Tower with Radar,20,57,29,0,106,0,19,64,0,83,20,76,93,0,189,127,0,127,316
05/22/2022,BIL,MT,ANM,WE,Combined TRACON& Tower with Radar,23,25,32,4,84,0,16,63,0,79,23,41,95,4,163,79,0,79,242
05/23/2022,BIL,MT,ANM,WE,Combined TRACON& Tower with Radar,27,50,44,1,122,0,25,131,1,157,27,75,175,2,279,176,0,176,455
05/24/2022,BIL,MT,ANM,WE,Combined TRACON& Tower with Radar,37,77,43,1,158,0,26,100,1,127,37,103,143,2,285,199,0,199,484
05/25/2022,BIL,MT,ANM,WE,Combined TRACON& Tower with Radar,32,56,37,0,125,0,32,105,0,137,32,88,142,0,262,123,0,123,385
05/26/2022,BIL,MT,ANM,WE,Combined TRACON& Tower with Radar,33,61,40,6,140,0,29,85,0,114,33,90,125,6,254,96,0,96,350
05/27/2022,BIL,MT,ANM,WE,Combined TRACON& Tower with Radar,31,58,25,0,114,0,27,35,0,62,31,85,60,0,176,44,0,44,220
05/28/2022,BIL,MT,ANM,WE,Combined TRACON& Tower with Radar,21,46,12,0,79,0,9,8,0,17,21,55,20,0,96,8,0,8,104
05/29/2022,BIL,MT,ANM,WE,Combined TRACON& Tower with Radar,19,40,10,0,69,0,2,13,0,15,19,42,23,0,84,13,0,13,97
05/30/2022,BIL,MT,ANM,WE,Combined TRACON& Tower with Radar,21,39,11,0,71,0,4,3,0,7,21,43,14,0,78,0,0,0,78
05/31/2022,BIL,MT,ANM,WE,Combined TRACON& Tower with Radar,25,63,39,4,131,0,19,79,1,99,25,82,118,5,230,133,0,133,363
06/01/2022,BIL,MT,ANM,WE,Combined TRACON& Tower with Radar,31,58,43,0,132,0,28,120,0,148,31,86,163,0,280,192,0,192,472
06/02/2022,BIL,MT,ANM,WE,Combined TRACON& Tower with Radar,36,68,32,0,136,0,29,97,0,126,36,97,129,0,262,84,0,84,346
06/03/2022,BIL,MT,ANM,WE,Combined TRACON& Tower with Radar,33,60,17,0,110,0,20,68,3,91,33,80,85,3,201,51,0,51,252
06/04/2022,BIL,MT,ANM,WE,Combined TRACON& Tower with Radar,27,33,19,2,81,0,4,34,4,42,27,37,53,6,123,18,0,18,141
06/05/2022,BIL,MT,ANM,WE,Combined TRACON& Tower with Radar,30,31,21,0,82,0,7,33,1,41,30,38,54,1,123,20,0,20,143
06/06/2022,BIL,MT,ANM,WE,Combined TRACON& Tower with Radar,29,46,24,0,99,0,6,39,0,45,29,52,63,0,144,47,0,47,191
06/07/2022,BIL,MT,ANM,WE,Combined TRACON& Tower with Radar,38,77,23,0,138,0,23,94,0,117,38,100,117,0,255,107,0,107,362
06/08/2022,BIL,MT,ANM,WE,Combined TRACON& Tower with Radar,43,52,50,0,145,0,28,87,0,115,43,80,137,0,260,86,0,86,346
06/09/2022,BIL,MT,ANM,WE,Combined TRACON& Tower with Radar,40,48,24,4,116,0,20,74,1,95,40,68,98,5,211,83,0,83,294
06/10/2022,BIL,MT,ANM,WE,Combined TRACON& Tower with Radar,36,59,26,0,121,0,15,52,0,67,36,74,78,0,188,37,0,37,225
06/11/2022,BIL,MT,ANM,WE,Combined TRACON& Tower with Radar,28,34,20,0,82,0,8,29,2,39,28,42,49,2,121,29,0,29,150
06/12/2022,BIL,MT,ANM,WE,Combined TRACON& Tower with Radar,28,24,19,0,71,0,5,23,0,28,28,29,42,0,99,5,0,5,104
06/13/2022,BIL,MT,ANM,WE,Combined TRACON& Tower with Radar,32,51,30,0,113,0,15,49,5,69,32,66,79,5,182,85,0,85,267
06/14/2022,BIL,MT,ANM,WE,Combined TRACON& Tower with Radar,38,69,27,1,135,0,17,28,17,62,38,86,55,18,197,16,4,20,217
06/15/2022,BIL,MT,ANM,WE,Combined TRACON& Tower with Radar,38,52,31,0,121,0,6,19,8,33,38,58,50,8,154,8,0,8,162
06/16/2022,BIL,MT,ANM,WE,Combined TRACON& Tower with Radar,40,48,39,0,127,0,19,133,1,153,40,67,172,1,280,137,0,137,417
06/17/2022,BIL,MT,ANM,WE,Combined TRACON& Tower with Radar,35,63,37,2,137,0,19,103,4,126,35,82,140,6,263,103,0,103,366
06/18/2022,BIL,MT,ANM,WE,Combined TRACON& Tower with Radar,29,26,9,0,64,0,16,81,2,99,29,42,90,2,163,16,0,16,179
06/19/2022,BIL,MT,ANM,WE,Combined TRACON& Tower with Radar,29,22,11,0,62,0,0,7,0,7,29,22,18,0,69,0,0,0,69
06/20/2022,BIL,MT,ANM,WE,Combined TRACON& Tower with Radar,31,43,35,2,111,0,14,51,0,65,31,57,86,2,176,57,0,57,233
06/21/2022,BIL,MT,ANM,WE,Combined TRACON& Tower with Radar,36,58,38,0,132,0,22,101,0,123,36,80,139,0,255,73,0,73,328
06/22/2022,BIL,MT,ANM,WE,Combined TRACON& Tower with Radar,36,52,31,0,119,0,32,108,0,140,36,84,139,0,259,91,0,91,350
06/23/2022,BIL,MT,ANM,WE,Combined TRACON& Tower with Radar,40,61,32,0,133,0,24,109,0,133,40,85,141,0,266,84,0,84,350
06/24/2022,BIL,MT,ANM,WE,Combined TRACON& Tower with Radar,36,65,31,1,133,0,21,59,0,80,36,86,90,1,213,44,0,44,257
06/25/2022,BIL,MT,ANM,WE,Combined TRACON& Tower with Radar,27,45,17,8,97,0,17,76,2,95,27,62,93,10,192,78,4,82,274
06/26/2022,BIL,MT,ANM,WE,Combined TRACON& Tower with Radar,30,15,17,4,66,0,18,68,0,86,30,33,85,4,152,35,0,35,187
06/27/2022,BIL,MT,ANM,WE,Combined TRACON& Tower with Radar,31,58,38,2,129,0,33,123,1,157,31,91,161,3,286,178,0,178,464
06/28/2022,BIL,MT,ANM,WE,Combined TRACON& Tower with Radar,38,73,30,0,141,0,25,88,1,114,38,98,118,1,255,87,0,87,342
06/29/2022,BIL,MT,ANM,WE,Combined TRACON& Tower with Radar,38,57,43,0,138,3,19,106,6,134,41,76,149,6,272,151,0,151,423
06/30/2022,BIL,MT,ANM,WE,Combined TRACON& Tower with Radar,37,52,35,0,124,0,28,107,1,136,37,80,142,1,260,125,0,125,385
07/01/2022,BIL,MT,ANM,WE,Combined TRACON& Tower with Radar,37,50,31,0,118,0,21,74,0,95,37,71,105,0,213,111,0,111,324
07/02/2022,BIL,MT,ANM,WE,Combined TRACON& Tower with Radar,27,41,13,0,81,0,14,34,0,48,27,55,47,0,129,60,0,60,189
07/03/2022,BIL,MT,ANM,WE,Combined TRACON& Tower with Radar,27,32,17,0,76,0,10,25,0,35,27,42,42,0,111,12,0,12,123
07/04/2022,BIL,MT,ANM,WE,Combined TRACON& Tower with Radar,23,37,16,4,80,0,4,34,0,38,23,41,50,4,118,56,0,56,174
07/05/2022,BIL,MT,ANM,WE,Combined TRACON& Tower with Radar,31,55,50,0,136,0,11,61,0,72,31,66,111,0,208,58,0,58,266
07/06/2022,BIL,MT,ANM,WE,Combined TRACON& Tower with Radar,36,55,31,2,124,0,19,90,0,109,36,74,121,2,233,70,0,70,303
07/07/2022,BIL,MT,ANM,WE,Combined TRACON& Tower with Radar,36,65,29,3,133,0,26,98,0,124,36,91,127,3,257,128,0,128,385
07/08/2022,BIL,MT,ANM,WE,Combined TRACON& Tower with Radar,38,62,32,5,137,0,19,75,0,94,38,81,107,5,231,104,0,104,335
07/09/2022,BIL,MT,ANM,WE,Combined TRACON& Tower with Radar,26,30,21,0,77,1,14,65,0,80,27,44,86,0,157,67,0,67,224
07/10/2022,BIL,MT,ANM,WE,Combined TRACON& Tower with Radar,29,22,22,0,73,0,8,57,0,65,29,30,79,0,138,39,0,39,177
07/11/2022,BIL,MT,ANM,WE,Combined TRACON& Tower with Radar,31,40,33,0,104,0,15,125,0,140,31,55,158,0,244,169,0,169,413
07/12/2022,BIL,MT,ANM,WE,Combined TRACON& Tower with Radar,38,57,41,0,136,0,19,103,2,124,38,76,144,2,260,121,0,121,381
07/13/2022,BIL,MT,ANM,WE,Combined TRACON& Tower with Radar,38,53,40,0,131,0,17,89,1,107,38,70,129,1,238,114,0,114,352
07/14/2022,BIL,MT,ANM,WE,Combined TRACON& Tower with Radar,40,58,36,0,134,0,16,92,1,109,40,74,128,1,243,110,0,110,353
07/15/2022,BIL,MT,ANM,WE,Combined TRACON& Tower with Radar,37,53,27,0,117,0,14,90,0,104,37,67,117,0,221,102,0,102,323
07/16/2022,BIL,MT,ANM,WE,Combined TRACON& Tower with Radar,36,40,23,0,99,0,13,62,0,75,36,53,85,0,174,52,0,52,226
07/17/2022,BIL,MT,ANM,WE,Combined TRACON& Tower with Radar,30,31,28,0,89,0,11,37,0,48,30,42,65,0,137,7,0,7,144
07/18/2022,BIL,MT,ANM,WE,Combined TRACON& Tower with Radar,30,52,29,0,111,0,14,61,0,75,30,66,90,0,186,40,0,40,226
07/19/2022,BIL,MT,ANM,WE,Combined TRACON& Tower with Radar,42,61,26,0,129,0,22,36,3,61,42,83,62,3,190,27,0,27,217
07/20/2022,BIL,MT,ANM,WE,Combined TRACON& Tower with Radar,38,56,41,0,135,0,29,86,2,117,38,85,127,2,252,70,0,70,322
07/21/2022,BIL,MT,ANM,WE,Combined TRACON& Tower with Radar,40,61,34,0,135,1,21,128,2,152,41,82,162,2,287,124,0,124,411
07/22/2022,BIL,MT,ANM,WE,Combined TRACON& Tower with Radar,37,59,45,0,141,0,19,121,6,146,37,78,166,6,287,44,0,44,331
07/23/2022,BIL,MT,ANM,WE,Combined TRACON& Tower with Radar,33,41,13,0,87,0,16,91,8,115,33,57,104,8,202,38,0,38,240
07/24/2022,BIL,MT,ANM,WE,Combined TRACON& Tower with Radar,31,16,20,0,67,0,16,47,1,64,31,32,67,1,131,22,0,22,153
07/25/2022,BIL,MT,ANM,WE,Combined TRACON& Tower with Radar,34,44,26,0,104,0,21,88,0,109,34,65,114,0,213,137,0,137,350
07/26/2022,BIL,MT,ANM,WE,Combined TRACON& Tower with Radar,38,63,33,0,134,0,24,68,0,92,38,87,101,0,226,171,0,171,397
07/27/2022,BIL,MT,ANM,WE,Combined TRACON& Tower with Radar,39,67,35,10,151,0,32,85,0,117,39,99,120,10,268,91,0,91,359
07/28/2022,BIL,MT,ANM,WE,Combined TRACON& Tower with Radar,39,59,36,2,136,0,26,81,0,107,39,85,117,2,243,60,0,60,303
07/29/2022,BIL,MT,ANM,WE,Combined TRACON& Tower with Radar,39,63,29,0,131,0,26,58,0,84,39,89,87,0,215,45,0,45,260
07/30/2022,BIL,MT,ANM,WE,Combined TRACON& Tower with Radar,31,26,12,0,69,0,25,82,7,114,31,51,94,7,183,32,0,32,215
07/31/2022,BIL,MT,ANM,WE,Combined TRACON& Tower with Radar,32,13,25,1,71,0,17,80,2,99,32,30,105,3,170,89,0,89,259
08/01/2022,BIL,MT,ANM,WE,Combined TRACON& Tower with Radar,35,51,37,0,123,0,20,94,1,115,35,71,131,1,238,59,0,59,297
08/02/2022,BIL,MT,ANM,WE,Combined TRACON& Tower with Radar,38,57,30,0,125,0,21,61,0,82,38,78,91,0,207,36,0,36,243
08/03/2022,BIL,MT,ANM,WE,Combined TRACON& Tower with Radar,42,67,49,2,160,0,21,75,0,96,42,88,124,2,256,68,0,68,324
08/04/2022,BIL,MT,ANM,WE,Combined TRACON& Tower with Radar,45,60,38,3,146,0,21,56,1,78,45,81,94,4,224,46,0,46,270
08/05/2022,BIL,MT,ANM,WE,Combined TRACON& Tower with Radar,36,68,32,2,138,0,14,105,3,122,36,82,137,5,260,54,0,54,314
08/06/2022,BIL,MT,ANM,WE,Combined TRACON& Tower with Radar,32,51,27,8,118,0,1,1,1,3,32,52,28,9,121,0,0,0,121
08/07/2022,BIL,MT,ANM,WE,Combined TRACON& Tower with Radar,33,32,18,2,85,0,19,43,1,63,33,51,61,3,148,58,0,58,206
08/08/2022,BIL,MT,ANM,WE,Combined TRACON& Tower with Radar,33,39,29,0,101,0,22,118,0,140,33,61,147,0,241,75,0,75,316
08/09/2022,BIL,MT,ANM,WE,Combined TRACON& Tower with Radar,39,69,36,1,145,0,20,88,1,109,39,89,124,2,254,63,0,63,317
08/10/2022,BIL,MT,ANM,WE,Combined TRACON& Tower with Radar,39,62,37,0,138,0,17,97,1,115,39,79,134,1,253,113,0,113,366
08/11/2022,BIL,MT,ANM,WE,Combined TRACON& Tower with Radar,39,53,29,2,123,0,17,89,1,107,39,70,118,3,230,153,0,153,383
08/12/2022,BIL,MT,ANM,WE,Combined TRACON& Tower with Radar,40,64,37,1,142,0,18,74,0,92,40,82,111,1,234,52,0,52,286
08/13/2022,BIL,MT,ANM,WE,Combined TRACON& Tower with Radar,32,38,11,1,82,0,15,79,4,98,32,53,90,5,180,31,0,31,211
08/14/2022,BIL,MT,ANM,WE,Combined TRACON& Tower with Radar,32,23,19,1,75,4,13,90,4,111,36,36,109,5,186,11,0,11,197
08/15/2022,BIL,MT,ANM,WE,Combined TRACON& Tower with Radar,33,50,51,2,136,0,19,104,2,125,33,69,155,4,261,90,0,90,351
08/16/2022,BIL,MT,ANM,WE,Combined TRACON& Tower with Radar,35,64,45,1,145,0,20,151,0,171,35,84,196,1,316,152,0,152,468
08/17/2022,BIL,MT,ANM,WE,Combined TRACON& Tower with Radar,37,75,34,5,151,0,22,115,1,138,37,97,149,6,289,75,0,75,364
08/18/2022,BIL,MT,ANM,WE,Combined TRACON& Tower with Radar,37,52,41,3,133,0,19,110,0,129,37,71,151,3,262,106,0,106,368
08/19/2022,BIL,MT,ANM,WE,Combined TRACON& Tower with Radar,36,63,33,1,133,0,20,113,1,134,36,83,146,2,267,117,0,117,384
08/20/2022,BIL,MT,ANM,WE,Combined TRACON& Tower with Radar,30,38,21,0,89,0,18,87,0,105,30,56,108,0,194,93,0,93,287
08/21/2022,BIL,MT,ANM,WE,Combined TRACON& Tower with Radar,30,27,36,2,95,0,14,59,0,73,30,41,95,2,168,32,0,32,200
08/22/2022,BIL,MT,ANM,WE,Combined TRACON& Tower with Radar,34,44,30,0,108,0,18,98,2,118,34,62,128,2,226,40,0,40,266
08/23/2022,BIL,MT,ANM,WE,Combined TRACON& Tower with Radar,36,73,29,0,138,0,19,84,3,106,36,92,113,3,244,78,0,78,322
08/24/2022,BIL,MT,ANM,WE,Combined TRACON& Tower with Radar,35,69,27,2,133,0,19,81,0,100,35,88,108,2,233,50,8,58,291
08/25/2022,BIL,MT,ANM,WE,Combined TRACON& Tower with Radar,38,63,75,0,176,0,13,58,0,71,38,76,133,0,247,68,0,68,315
08/26/2022,BIL,MT,ANM,WE,Combined TRACON& Tower with Radar,43,76,42,0,161,12,18,86,0,116,55,94,128,0,277,40,0,40,317
08/27/2022,BIL,MT,ANM,WE,Combined TRACON& Tower with Radar,33,34,25,0,92,0,8,76,0,84,33,42,101,0,176,41,0,41,217
08/28/2022,BIL,MT,ANM,WE,Combined TRACON& Tower with Radar,30,24,12,2,68,0,5,61,0,66,30,29,73,2,134,93,0,93,227
08/29/2022,BIL,MT,ANM,WE,Combined TRACON& Tower with Radar,31,49,42,0,122,0,18,132,0,150,31,67,174,0,272,188,0,188,460
08/30/2022,BIL,MT,ANM,WE,Combined TRACON& Tower with Radar,36,66,23,0,125,0,14,108,0,122,36,80,131,0,247,193,0,193,440
08/31/2022,BIL,MT,ANM,WE,Combined TRACON& Tower with Radar,36,59,16,0,111,0,21,92,4,117,36,80,108,4,228,123,0,123,351
09/01/2022,BIL,MT,ANM,WE,Combined TRACON& Tower with Radar,39,72,38,4,153,0,26,93,1,120,39,98,131,5,273,41,6,47,320
09/02/2022,BIL,MT,ANM,WE,Combined TRACON& Tower with Radar,35,64,20,0,119,0,17,109,0,126,35,81,129,0,245,134,0,134,379
09/03/2022,BIL,MT,ANM,WE,Combined TRACON& Tower with Radar,30,41,21,0,92,0,7,41,0,48,30,48,62,0,140,60,0,60,200
09/04/2022,BIL,MT,ANM,WE,Combined TRACON& Tower with Radar,26,23,10,0,59,0,11,21,0,32,26,34,31,0,91,0,0,0,91
09/05/2022,BIL,MT,ANM,WE,Combined TRACON& Tower with Radar,26,27,18,3,74,0,3,31,0,34,26,30,49,3,108,4,0,4,112
09/06/2022,BIL,MT,ANM,WE,Combined TRACON& Tower with Radar,30,58,20,0,108,0,16,64,0,80,30,74,84,0,188,139,0,139,327
09/07/2022,BIL,MT,ANM,WE,Combined TRACON& Tower with Radar,39,76,40,0,155,0,18,79,0,97,39,94,119,0,252,72,0,72,324
09/08/2022,BIL,MT,ANM,WE,Combined TRACON& Tower with Radar,41,79,29,0,149,0,2,17,0,19,41,81,46,0,168,14,0,14,182
09/09/2022,BIL,MT,ANM,WE,Combined TRACON& Tower with Radar,34,70,39,1,144,0,18,49,0,67,34,88,88,1,211,77,0,77,288
09/10/2022,BIL,MT,ANM,WE,Combined TRACON& Tower with Radar,32,37,31,1,101,0,15,95,0,110,32,52,126,1,211,164,0,164,375
09/11/2022,BIL,MT,ANM,WE,Combined TRACON& Tower with Radar,32,38,22,0,92,0,6,65,0,71,32,44,87,0,163,78,0,78,241
09/12/2022,BIL,MT,ANM,WE,Combined TRACON& Tower with Radar,34,55,35,16,140,0,10,72,6,88,34,65,107,22,228,77,25,102,330
09/13/2022,BIL,MT,ANM,WE,Combined TRACON& Tower with Radar,39,71,53,0,163,0,16,91,1,108,39,87,144,1,271,141,0,141,412
09/14/2022,BIL,MT,ANM,WE,Combined TRACON& Tower with Radar,38,81,47,0,166,0,14,102,0,116,38,95,149,0,282,158,0,158,440
09/15/2022,BIL,MT,ANM,WE,Combined TRACON& Tower with Radar,42,79,38,2,161,0,11,104,0,115,42,90,142,2,276,148,0,148,424
09/16/2022,BIL,MT,ANM,WE,Combined TRACON& Tower with Radar,36,73,30,2,141,0,14,66,0,80,36,87,96,2,221,91,0,91,312
09/17/2022,BIL,MT,ANM,WE,Combined TRACON& Tower with Radar,29,43,18,0,90,0,10,63,0,73,29,53,81,0,163,95,0,95,258
09/18/2022,BIL,MT,ANM,WE,Combined TRACON& Tower with Radar,29,27,12,0,68,0,6,60,0,66,29,33,72,0,134,73,0,73,207
09/19/2022,BIL,MT,ANM,WE,Combined TRACON& Tower with Radar,32,54,33,2,121,0,14,82,0,96,32,68,115,2,217,83,0,83,300
09/20/2022,BIL,MT,ANM,WE,Combined TRACON& Tower with Radar,37,79,48,0,164,0,7,42,0,49,37,86,90,0,213,89,0,89,302
09/21/2022,BIL,MT,ANM,WE,Combined TRACON& Tower with Radar,38,72,34,0,144,0,15,86,0,101,38,87,120,0,245,96,0,96,341
09/22/2022,BIL,MT,ANM,WE,Combined TRACON& Tower with Radar,41,85,30,2,158,0,15,31,0,46,41,100,61,2,204,66,0,66,270
09/23/2022,BIL,MT,ANM,WE,Combined TRACON& Tower with Radar,35,84,37,0,156,0,20,19,0,39,35,104,56,0,195,4,0,4,199
09/24/2022,BIL,MT,ANM,WE,Combined TRACON& Tower with Radar,28,54,21,0,103,0,18,31,0,49,28,72,52,0,152,24,0,24,176
09/25/2022,BIL,MT,ANM,WE,Combined TRACON& Tower with Radar,30,31,10,4,75,0,1,85,0,86,30,32,95,4,161,61,0,61,222
09/26/2022,BIL,MT,ANM,WE,Combined TRACON& Tower with Radar,31,59,31,2,123,0,27,131,0,158,31,86,162,2,281,207,0,207,488
09/27/2022,BIL,MT,ANM,WE,Combined TRACON& Tower with Radar,39,61,38,0,138,0,25,125,0,150,39,86,163,0,288,200,0,200,488
09/28/2022,BIL,MT,ANM,WE,Combined TRACON& Tower with Radar,40,64,37,10,151,0,38,91,1,130,40,102,128,11,281,130,0,130,411
09/29/2022,BIL,MT,ANM,WE,Combined TRACON& Tower with Radar,41,76,32,0,149,0,31,63,0,94,41,107,95,0,243,109,0,109,352
09/30/2022,BIL,MT,ANM,WE,Combined TRACON& Tower with Radar,36,92,28,0,156,0,5,2,0,7,36,97,30,0,163,8,0,8,171
10/01/2022,BIL,MT,ANM,WE,Combined TRACON& Tower with Radar,28,56,17,0,101,0,0,0,0,0,28,56,17,0,101,0,0,0,101
10/02/2022,BIL,MT,ANM,WE,Combined TRACON& Tower with Radar,29,26,18,0,73,0,1,9,0,10,29,27,27,0,83,9,0,9,92
10/03/2022,BIL,MT,ANM,WE,Combined TRACON& Tower with Radar,28,59,29,0,116,0,8,77,0,85,28,67,106,0,201,125,0,125,326
10/04/2022,BIL,MT,ANM,WE,Combined TRACON& Tower with Radar,39,70,38,0,147,0,19,127,6,152,39,89,165,6,299,130,6,136,435
10/05/2022,BIL,MT,ANM,WE,Combined TRACON& Tower with Radar,37,59,52,0,148,0,23,117,0,140,37,82,169,0,288,108,0,108,396
10/06/2022,BIL,MT,ANM,WE,Combined TRACON& Tower with Radar,35,80,62,0,177,0,5,28,0,33,35,85,90,0,210,29,0,29,239
10/07/2022,BIL,MT,ANM,WE,Combined TRACON& Tower with Radar,36,70,26,0,132,0,12,70,0,82,36,82,96,0,214,141,0,141,355
10/08/2022,BIL,MT,ANM,WE,Combined TRACON& Tower with Radar,23,39,13,0,75,0,8,95,0,103,23,47,108,0,178,95,0,95,273
10/09/2022,BIL,MT,ANM,WE,Combined TRACON& Tower with Radar,25,31,15,0,71,0,6,44,0,50,25,37,59,0,121,15,0,15,136
10/10/2022,BIL,MT,ANM,WE,Combined TRACON& Tower with Radar,27,43,37,0,107,0,32,84,0,116,27,75,121,0,223,127,0,127,350
10/11/2022,BIL,MT,ANM,WE,Combined TRACON& Tower with Radar,36,71,33,5,145,0,18,56,10,84,36,89,89,15,229,73,12,85,314
10/12/2022,BIL,MT,ANM,WE,Combined TRACON& Tower with Radar,36,75,38,2,151,0,25,77,0,102,36,100,115,2,253,44,0,44,297
10/13/2022,BIL,MT,ANM,WE,Combined TRACON& Tower with Radar,38,66,30,27,161,0,23,79,0,102,38,89,109,27,263,82,0,82,345
10/14/2022,BIL,MT,ANM,WE,Combined TRACON& Tower with Radar,37,65,28,0,130,0,16,73,0,89,37,81,101,0,219,50,0,50,269
10/15/2022,BIL,MT,ANM,WE,Combined TRACON& Tower with Radar,23,42,15,0,80,0,8,55,0,63,23,50,70,0,143,52,0,52,195
10/16/2022,BIL,MT,ANM,WE,Combined TRACON& Tower with Radar,27,20,12,0,59,0,7,70,0,77,27,27,82,0,136,23,0,23,159
10/17/2022,BIL,MT,ANM,WE,Combined TRACON& Tower with Radar,27,65,37,2,131,0,23,81,1,105,27,88,118,3,236,84,0,84,320
10/18/2022,BIL,MT,ANM,WE,Combined TRACON& Tower with Radar,37,64,29,2,132,0,20,77,0,97,37,84,106,2,229,122,0,122,351
10/19/2022,BIL,MT,ANM,WE,Combined TRACON& Tower with Radar,33,74,39,0,146,0,27,119,3,149,33,101,158,3,295,150,0,150,445
10/20/2022,BIL,MT,ANM,WE,Combined TRACON& Tower with Radar,37,71,46,0,154,0,26,48,0,74,37,97,94,0,228,18,0,18,246
10/21/2022,BIL,MT,ANM,WE,Combined TRACON& Tower with Radar,34,80,34,0,148,0,11,64,2,77,34,91,98,2,225,153,0,153,378
10/22/2022,BIL,MT,ANM,WE,Combined TRACON& Tower with Radar,23,53,9,0,85,0,0,29,0,29,23,53,38,0,114,75,0,75,189
10/23/2022,BIL,MT,ANM,WE,Combined TRACON& Tower with Radar,26,40,13,0,79,0,0,0,0,0,26,40,13,0,79,0,0,0,79
10/24/2022,BIL,MT,ANM,WE,Combined TRACON& Tower with Radar,25,64,33,0,122,0,17,43,1,61,25,81,76,1,183,56,0,56,239
10/25/2022,BIL,MT,ANM,WE,Combined TRACON& Tower with Radar,37,100,29,10,176,0,15,31,2,48,37,115,60,12,224,76,27,103,327
10/26/2022,BIL,MT,ANM,WE,Combined TRACON& Tower with Radar,34,83,54,0,171,0,28,113,0,141,34,111,167,0,312,167,0,167,479
10/27/2022,BIL,MT,ANM,WE,Combined TRACON& Tower with Radar,37,92,34,0,163,0,30,100,0,130,37,122,134,0,293,111,0,111,404
10/28/2022,BIL,MT,ANM,WE,Combined TRACON& Tower with Radar,34,77,25,4,140,0,37,80,1,118,34,114,105,5,258,66,0,66,324
10/29/2022,BIL,MT,ANM,WE,Combined TRACON& Tower with Radar,23,52,21,0,96,0,24,79,5,108,23,76,100,5,204,87,0,87,291
10/30/2022,BIL,MT,ANM,WE,Combined TRACON& Tower with Radar,26,28,14,0,68,0,17,41,1,59,26,45,55,1,127,32,0,32,159
10/31/2022,BIL,MT,ANM,WE,Combined TRACON& Tower with Radar,25,61,26,0,112,0,25,65,0,90,25,86,91,0,202,29,0,29,231
11/01/2022,BIL,MT,ANM,WE,Combined TRACON& Tower with Radar,36,80,27,0,143,0,16,106,0,122,36,96,133,0,265,179,0,179,444
11/02/2022,BIL,MT,ANM,WE,Combined TRACON& Tower with Radar,32,94,44,0,170,0,23,35,0,58,32,117,79,0,228,23,0,23,251
11/03/2022,BIL,MT,ANM,WE,Combined TRACON& Tower with Radar,38,76,40,1,155,0,14,74,7,95,38,90,114,8,250,99,16,115,365
11/04/2022,BIL,MT,ANM,WE,Combined TRACON& Tower with Radar,34,75,28,0,137,0,14,42,0,56,34,89,70,0,193,32,0,32,225
11/05/2022,BIL,MT,ANM,WE,Combined TRACON& Tower with Radar,30,24,18,0,72,0,4,2,0,6,30,28,20,0,78,0,0,0,78
11/06/2022,BIL,MT,ANM,WE,Combined TRACON& Tower with Radar,24,32,34,0,90,0,11,61,0,72,24,43,95,0,162,71,0,71,233
11/07/2022,BIL,MT,ANM,WE,Combined TRACON& Tower with Radar,25,62,39,0,126,0,7,40,0,47,25,69,79,0,173,62,0,62,235
11/08/2022,BIL,MT,ANM,WE,Combined TRACON& Tower with Radar,34,69,19,1,123,0,1,0,0,1,34,70,19,1,124,0,0,0,124
11/09/2022,BIL,MT,ANM,WE,Combined TRACON& Tower with Radar,31,58,16,1,106,0,1,0,0,1,31,59,16,1,107,0,0,0,107
11/10/2022,BIL,MT,ANM,WE,Combined TRACON& Tower with Radar,36,67,23,0,126,0,4,17,0,21,36,71,40,0,147,17,0,17,164
11/11/2022,BIL,MT,ANM,WE,Combined TRACON& Tower with Radar,34,76,33,0,143,0,9,58,0,67,34,85,91,0,210,52,0,52,262
11/12/2022,BIL,MT,ANM,WE,Combined TRACON& Tower with Radar,24,55,19,0,98,0,10,73,0,83,24,65,92,0,181,78,0,78,259
11/13/2022,BIL,MT,ANM,WE,Combined TRACON& Tower with Radar,25,44,23,0,92,0,0,12,0,12,25,44,35,0,104,32,0,32,136
11/14/2022,BIL,MT,ANM,WE,Combined TRACON& Tower with Radar,27,69,19,0,115,0,1,5,0,6,27,70,24,0,121,3,0,3,124
11/15/2022,BIL,MT,ANM,WE,Combined TRACON& Tower with Radar,36,85,50,6,177,0,5,87,0,92,36,90,137,6,269,94,0,94,363
11/16/2022,BIL,MT,ANM,WE,Combined TRACON& Tower with Radar,34,95,36,0,165,0,11,45,0,56,34,106,81,0,221,77,0,77,298
11/17/2022,BIL,MT,ANM,WE,Combined TRACON& Tower with Radar,33,86,27,2,148,0,5,29,0,34,33,91,56,2,182,41,0,41,223
11/18/2022,BIL,MT,ANM,WE,Combined TRACON& Tower with Radar,34,72,23,2,131,0,18,22,0,40,34,90,45,2,171,10,0,10,181
11/19/2022,BIL,MT,ANM,WE,Combined TRACON& Tower with Radar,26,58,13,0,97,0,23,16,0,39,26,81,29,0,136,4,0,4,140
11/20/2022,BIL,MT,ANM,WE,Combined TRACON& Tower with Radar,24,29,21,3,77,0,7,42,0,49,24,36,63,3,126,10,0,10,136
11/21/2022,BIL,MT,ANM,WE,Combined TRACON& Tower with Radar,31,72,44,0,147,0,35,83,1,119,31,107,127,1,266,87,0,87,353
11/22/2022,BIL,MT,ANM,WE,Combined TRACON& Tower with Radar,34,84,31,3,152,0,12,85,5,102,34,96,116,8,254,144,24,168,422
11/23/2022,BIL,MT,ANM,WE,Combined TRACON& Tower with Radar,38,99,22,0,159,0,4,7,0,11,38,103,29,0,170,0,0,0,170
11/24/2022,BIL,MT,ANM,WE,Combined TRACON& Tower with Radar,13,21,7,0,41,0,17,18,0,35,13,38,25,0,76,8,0,8,84
11/25/2022,BIL,MT,ANM,WE,Combined TRACON& Tower with Radar,30,72,17,3,122,0,16,16,0,32,30,88,33,3,154,0,0,0,154
11/26/2022,BIL,MT,ANM,WE,Combined TRACON& Tower with Radar,23,58,4,0,85,0,0,4,0,4,23,58,8,0,89,0,0,0,89
11/27/2022,BIL,MT,ANM,WE,Combined TRACON& Tower with Radar,32,44,19,0,95,0,3,22,0,25,32,47,41,0,120,20,0,20,140
11/28/2022,BIL,MT,ANM,WE,Combined TRACON& Tower with Radar,32,64,28,4,128,0,9,62,0,71,32,73,90,4,199,107,0,107,306
11/29/2022,BIL,MT,ANM,WE,Combined TRACON& Tower with Radar,37,107,33,0,177,0,3,45,2,50,37,110,78,2,227,97,0,97,324
11/30/2022,BIL,MT,ANM,WE,Combined TRACON& Tower with Radar,42,98,37,0,177,0,22,79,6,107,42,120,116,6,284,91,0,91,375
12/01/2022,BIL,MT,ANM,WE,Combined TRACON& Tower with Radar,41,92,48,0,181,0,6,53,0,59,41,98,101,0,240,107,0,107,347
12/02/2022,BIL,MT,ANM,WE,Combined TRACON& Tower with Radar,39,93,29,2,163,0,4,44,0,48,39,97,73,2,211,57,0,57,268
12/03/2022,BIL,MT,ANM,WE,Combined TRACON& Tower with Radar,26,46,9,1,82,0,7,27,1,35,26,53,36,2,117,15,0,15,132
12/04/2022,BIL,MT,ANM,WE,Combined TRACON& Tower with Radar,27,38,12,0,77,0,6,32,0,38,27,44,44,0,115,0,0,0,115
12/05/2022,BIL,MT,ANM,WE,Combined TRACON& Tower with Radar,29,67,22,33,151,0,6,25,7,38,29,73,47,40,189,43,8,51,240
12/06/2022,BIL,MT,ANM,WE,Combined TRACON& Tower with Radar,39,97,20,2,158,0,2,15,0,17,39,99,35,2,175,9,0,9,184
12/07/2022,BIL,MT,ANM,WE,Combined TRACON& Tower with Radar,40,90,38,13,181,0,16,66,11,93,40,106,104,24,274,41,20,61,335
12/08/2022,BIL,MT,ANM,WE,Combined TRACON& Tower with Radar,46,82,35,9,172,0,20,96,9,125,46,102,131,18,297,83,18,101,398
12/09/2022,BIL,MT,ANM,WE,Combined TRACON& Tower with Radar,41,87,34,0,162,0,13,80,2,95,41,100,114,2,257,134,0,134,391
12/10/2022,BIL,MT,ANM,WE,Combined TRACON& Tower with Radar,24,55,11,2,92,0,9,54,0,63,24,64,65,2,155,76,0,76,231
12/11/2022,BIL,MT,ANM,WE,Combined TRACON& Tower with Radar,26,34,15,0,75,0,8,24,0,32,26,42,39,0,107,23,0,23,130
12/12/2022,BIL,MT,ANM,WE,Combined TRACON& Tower with Radar,30,71,16,0,117,0,0,1,0,1,30,71,17,0,118,0,0,0,118
12/13/2022,BIL,MT,ANM,WE,Combined TRACON& Tower with Radar,39,106,21,2,168,0,1,0,3,4,39,107,21,5,172,0,0,0,172
12/14/2022,BIL,MT,ANM,WE,Combined TRACON& Tower with Radar,38,99,20,1,158,0,3,25,3,31,38,102,45,4,189,27,10,37,226
12/15/2022,BIL,MT,ANM,WE,Combined TRACON& Tower with Radar,44,88,28,4,164,0,15,32,2,49,44,103,60,6,213,20,6,26,239
12/16/2022,BIL,MT,ANM,WE,Combined TRACON& Tower with Radar,43,84,39,0,166,0,8,66,2,76,43,92,105,2,242,56,0,56,298
12/17/2022,BIL,MT,ANM,WE,Combined TRACON& Tower with Radar,35,65,15,0,115,0,6,30,0,36,35,71,45,0,151,0,0,0,151
12/18/2022,BIL,MT,ANM,WE,Combined TRACON& Tower with Radar,27,33,14,0,74,0,0,1,0,1,27,33,15,0,75,0,0,0,75
12/19/2022,BIL,MT,ANM,WE,Combined TRACON& Tower with Radar,34,49,24,0,107,0,1,5,0,6,34,50,29,0,113,0,0,0,113
12/20/2022,BIL,MT,ANM,WE,Combined TRACON& Tower with Radar,40,73,22,2,137,0,4,8,0,12,40,77,30,2,149,0,0,0,149
12/21/2022,BIL,MT,ANM,WE,Combined TRACON& Tower with Radar,40,57,10,0,107,0,7,1,0,8,40,64,11,0,115,0,0,0,115
12/22/2022,BIL,MT,ANM,WE,Combined TRACON& Tower with Radar,44,58,23,0,125,0,6,4,0,10,44,64,27,0,135,4,0,4,139
12/23/2022,BIL,MT,ANM,WE,Combined TRACON& Tower with Radar,23,71,19,0,113,0,10,3,0,13,23,81,22,0,126,0,0,0,126
12/24/2022,BIL,MT,ANM,WE,Combined TRACON& Tower with Radar,26,59,5,0,90,0,5,19,0,24,26,64,24,0,114,7,0,7,121
12/25/2022,BIL,MT,ANM,WE,Combined TRACON& Tower with Radar,14,32,5,0,51,0,2,6,0,8,14,34,11,0,59,0,0,0,59
12/26/2022,BIL,MT,ANM,WE,Combined TRACON& Tower with Radar,28,36,11,0,75,0,5,15,0,20,28,41,26,0,95,0,0,0,95
12/27/2022,BIL,MT,ANM,WE,Combined TRACON& Tower with Radar,33,94,20,0,147,0,14,30,0,44,33,108,50,0,191,40,0,40,231
12/28/2022,BIL,MT,ANM,WE,Combined TRACON& Tower with Radar,41,93,18,0,152,0,10,10,0,20,41,103,28,0,172,0,0,0,172
12/29/2022,BIL,MT,ANM,WE,Combined TRACON& Tower with Radar,41,95,21,6,163,0,10,46,2,58,41,105,67,8,221,50,0,50,271
12/30/2022,BIL,MT,ANM,WE,Combined TRACON& Tower with Radar,33,80,13,0,126,0,12,32,0,44,33,92,45,0,170,0,0,0,170
12/31/2022,BIL,MT,ANM,WE,Combined TRACON& Tower with Radar,28,57,12,0,97,0,6,6,0,12,28,63,18,0,109,4,0,4,113
01/01/2023,BIL,MT,ANM,WE,Combined TRACON& Tower with Radar,17,37,8,0,62,0,1,15,0,16,17,38,23,0,78,0,0,0,78
01/02/2023,BIL,MT,ANM,WE,Combined TRACON& Tower with Radar,24,45,28,0,97,0,5,52,0,57,24,50,80,0,154,13,0,13,167
01/03/2023,BIL,MT,ANM,WE,Combined TRACON& Tower with Radar,29,55,18,0,102,0,4,23,0,27,29,59,41,0,129,2,0,2,131
01/04/2023,BIL,MT,ANM,WE,Combined TRACON& Tower with Radar,34,84,17,0,135,0,13,52,0,65,34,97,69,0,200,16,0,16,216
01/05/2023,BIL,MT,ANM,WE,Combined TRACON& Tower with Radar,38,83,35,2,158,0,10,40,0,50,38,93,75,2,208,93,0,93,301
01/06/2023,BIL,MT,ANM,WE,Combined TRACON& Tower with Radar,38,87,24,16,165,0,7,45,0,52,38,94,69,16,217,72,0,72,289
01/07/2023,BIL,MT,ANM,WE,Combined TRACON& Tower with Radar,25,57,12,0,94,0,7,52,0,59,25,64,64,0,153,8,0,8,161
01/08/2023,BIL,MT,ANM,WE,Combined TRACON& Tower with Radar,28,33,6,0,67,0,2,36,0,38,28,35,42,0,105,14,0,14,119
01/09/2023,BIL,MT,ANM,WE,Combined TRACON& Tower with Radar,29,64,35,8,136,0,12,61,0,73,29,76,96,8,209,92,0,92,301
01/10/2023,BIL,MT,ANM,WE,Combined TRACON& Tower with Radar,34,82,27,7,150,0,14,57,3,74,34,96,84,10,224,112,6,118,342
01/11/2023,BIL,MT,ANM,WE,Combined TRACON& Tower with Radar,32,74,34,0,140,0,4,90,0,94,32,78,124,0,234,108,0,108,342
01/12/2023,BIL,MT,ANM,WE,Combined TRACON& Tower with Radar,38,70,30,0,138,0,9,67,0,76,38,79,97,0,214,41,0,41,255
01/13/2023,BIL,MT,ANM,WE,Combined TRACON& Tower with Radar,34,78,16,2,130,0,15,55,0,70,34,93,71,2,200,24,0,24,224
01/14/2023,BIL,MT,ANM,WE,Combined TRACON& Tower with Radar,26,55,20,1,102,0,4,65,0,69,26,59,85,1,171,56,0,56,227
01/15/2023,BIL,MT,ANM,WE,Combined TRACON& Tower with Radar,26,23,19,0,68,0,8,63,2,73,26,31,82,2,141,111,0,111,252
01/16/2023,BIL,MT,ANM,WE,Combined TRACON& Tower with Radar,14,31,16,0,61,0,0,3,0,3,14,31,19,0,64,12,0,12,76
01/17/2023,BIL,MT,ANM,WE,Combined TRACON& Tower with Radar,40,69,27,2,138,0,11,55,4,70,40,80,82,6,208,73,2,75,283
01/18/2023,BIL,MT,ANM,WE,Combined TRACON& Tower with Radar,32,77,46,0,155,0,6,109,0,115,32,83,155,0,270,182,0,182,452
01/19/2023,BIL,MT,ANM,WE,Combined TRACON& Tower with Radar,36,69,35,3,143,0,14,82,5,101,36,83,117,8,244,132,6,138,382
01/20/2023,BIL,MT,ANM,WE,Combined TRACON& Tower with Radar,32,82,27,2,143,0,25,113,4,142,32,107,140,6,285,179,4,183,468
01/21/2023,BIL,MT,ANM,WE,Combined TRACON& Tower with Radar,26,73,28,0,127,0,27,64,0,91,26,100,92,0,218,48,0,48,266
01/22/2023,BIL,MT,ANM,WE,Combined TRACON& Tower with Radar,27,47,8,0,82,0,8,10,0,18,27,55,18,0,100,20,0,20,120
01/23/2023,BIL,MT,ANM,WE,Combined TRACON& Tower with Radar,28,65,19,6,118,0,16,56,0,72,28,81,75,6,190,50,0,50,240
01/24/2023,BIL,MT,ANM,WE,Combined TRACON& Tower with Radar,35,104,26,0,165,0,15,19,2,36,35,119,45,2,201,17,0,17,218
01/25/2023,BIL,MT,ANM,WE,Combined TRACON& Tower with Radar,32,93,20,19,164,0,12,54,13,79,32,105,74,32,243,91,28,119,362
01/26/2023,BIL,MT,ANM,WE,Combined TRACON& Tower with Radar,36,94,25,0,155,0,14,4,3,21,36,108,29,3,176,4,0,4,180
01/27/2023,BIL,MT,ANM,WE,Combined TRACON& Tower with Radar,34,64,15,0,113,0,1,2,0,3,34,65,17,0,116,0,0,0,116
01/28/2023,BIL,MT,ANM,WE,Combined TRACON& Tower with Radar,24,50,11,0,85,0,0,0,0,0,24,50,11,0,85,0,0,0,85
01/29/2023,BIL,MT,ANM,WE,Combined TRACON& Tower with Radar,29,27,14,0,70,0,5,5,0,10,29,32,19,0,80,0,0,0,80
01/30/2023,BIL,MT,ANM,WE,Combined TRACON& Tower with Radar,28,60,6,0,94,0,7,9,0,16,28,67,15,0,110,0,0,0,110
01/31/2023,BIL,MT,ANM,WE,Combined TRACON& Tower with Radar,28,76,15,0,119,0,17,21,1,39,28,93,36,1,158,0,0,0,158
02/01/2023,BIL,MT,ANM,WE,Combined TRACON& Tower with Radar,26,69,34,0,129,0,17,78,0,95,26,86,112,0,224,94,0,94,318
02/02/2023,BIL,MT,ANM,WE,Combined TRACON& Tower with Radar,31,83,37,0,151,0,5,89,3,97,31,88,126,3,248,125,0,125,373
02/03/2023,BIL,MT,ANM,WE,Combined TRACON& Tower with Radar,37,74,20,0,131,0,15,76,1,92,37,89,96,1,223,52,6,58,281
02/04/2023,BIL,MT,ANM,WE,Combined TRACON& Tower with Radar,28,41,11,0,80,0,11,26,2,39,28,52,37,2,119,43,0,43,162
02/05/2023,BIL,MT,ANM,WE,Combined TRACON& Tower with Radar,29,32,15,0,76,0,4,28,1,33,29,36,43,1,109,89,0,89,198
02/06/2023,BIL,MT,ANM,WE,Combined TRACON& Tower with Radar,33,55,24,0,112,0,13,73,0,86,33,68,97,0,198,101,0,101,299
02/07/2023,BIL,MT,ANM,WE,Combined TRACON& Tower with Radar,38,68,31,4,141,0,17,86,13,116,38,85,117,17,257,110,1,111,368
02/08/2023,BIL,MT,ANM,WE,Combined TRACON& Tower with Radar,36,77,17,0,130,0,4,14,3,21,36,81,31,3,151,33,0,33,184
02/09/2023,BIL,MT,ANM,WE,Combined TRACON& Tower with Radar,38,74,32,5,149,0,24,121,4,149,38,98,153,9,298,131,22,153,451
02/10/2023,BIL,MT,ANM,WE,Combined TRACON& Tower with Radar,36,71,22,0,129,0,11,30,1,42,36,82,52,1,171,2,0,2,173
02/11/2023,BIL,MT,ANM,WE,Combined TRACON& Tower with Radar,26,54,30,0,110,0,7,82,2,91,26,61,112,2,201,78,0,78,279
02/12/2023,BIL,MT,ANM,WE,Combined TRACON& Tower with Radar,26,39,15,1,81,0,7,30,2,39,26,46,45,3,120,0,0,0,120
02/13/2023,BIL,MT,ANM,WE,Combined TRACON& Tower with Radar,29,57,19,0,105,0,20,80,2,102,29,77,99,2,207,112,0,112,319
02/14/2023,BIL,MT,ANM,WE,Combined TRACON& Tower with Radar,34,83,13,0,130,0,1,7,1,9,34,84,20,1,139,0,0,0,139
02/15/2023,BIL,MT,ANM,WE,Combined TRACON& Tower with Radar,37,78,26,2,143,0,18,73,2,93,37,96,99,4,236,82,4,86,322
02/16/2023,BIL,MT,ANM,WE,Combined TRACON& Tower with Radar,40,69,29,0,138,0,14,7,5,26,40,83,36,5,164,0,1,1,165
02/17/2023,BIL,MT,ANM,WE,Combined TRACON& Tower with Radar,36,70,23,1,130,0,13,74,0,87,36,83,97,1,217,88,0,88,305
02/18/2023,BIL,MT,ANM,WE,Combined TRACON& Tower with Radar,26,63,19,1,109,0,9,61,1,71,26,72,80,2,180,58,0,58,238
02/19/2023,BIL,MT,ANM,WE,Combined TRACON& Tower with Radar,28,51,9,0,88,0,7,14,0,21,28,58,23,0,109,6,0,6,115
02/20/2023,BIL,MT,ANM,WE,Combined TRACON& Tower with Radar,28,78,29,0,135,0,0,0,0,0,28,78,29,0,135,0,0,0,135
02/21/2023,BIL,MT,ANM,WE,Combined TRACON& Tower with Radar,38,83,15,0,136,0,0,0,0,0,38,83,15,0,136,2,0,2,138
02/22/2023,BIL,MT,ANM,WE,Combined TRACON& Tower with Radar,29,59,10,0,98,0,0,0,0,0,29,59,10,0,98,0,0,0,98
02/23/2023,BIL,MT,ANM,WE,Combined TRACON& Tower with Radar,40,79,27,0,146,0,7,4,0,11,40,86,31,0,157,0,0,0,157
02/24/2023,BIL,MT,ANM,WE,Combined TRACON& Tower with Radar,34,70,25,0,129,0,12,35,2,49,34,82,60,2,178,28,2,30,208
02/25/2023,BIL,MT,ANM,WE,Combined TRACON& Tower with Radar,24,55,20,1,100,0,16,80,0,96,24,71,100,1,196,84,0,84,280
02/26/2023,BIL,MT,ANM,WE,Combined TRACON& Tower with Radar,28,37,19,2,86,0,9,45,2,56,28,46,64,4,142,52,0,52,194
02/27/2023,BIL,MT,ANM,WE,Combined TRACON& Tower with Radar,33,70,36,17,156,0,26,98,6,130,33,96,134,23,286,155,10,165,451
02/28/2023,BIL,MT,ANM,WE,Combined TRACON& Tower with Radar,40,73,27,2,142,0,14,102,1,117,40,87,129,3,259,101,0,101,360
03/01/2023,BIL,MT,ANM,WE,Combined TRACON& Tower with Radar,37,85,33,1,156,0,8,57,2,67,37,93,90,3,223,50,0,50,273
03/02/2023,BIL,MT,ANM,WE,Combined TRACON& Tower with Radar,39,88,32,20,179,0,22,57,2,81,39,110,89,22,260,69,1,70,330
03/03/2023,BIL,MT,ANM,WE,Combined TRACON& Tower with Radar,38,75,25,2,140,0,7,62,2,71,38,82,87,4,211,103,0,103,314
03/04/2023,BIL,MT,ANM,WE,Combined TRACON& Tower with Radar,26,54,18,0,98,0,7,82,0,89,26,61,100,0,187,100,0,100,287
03/05/2023,BIL,MT,ANM,WE,Combined TRACON& Tower with Radar,27,34,11,0,72,0,0,5,0,5,27,34,16,0,77,0,0,0,77
03/06/2023,BIL,MT,ANM,WE,Combined TRACON& Tower with Radar,31,69,14,0,114,0,0,0,0,0,31,69,14,0,114,0,0,0,114
03/07/2023,BIL,MT,ANM,WE,Combined TRACON& Tower with Radar,40,71,14,1,126,0,10,28,2,40,40,81,42,3,166,27,0,27,193
03/08/2023,BIL,MT,ANM,WE,Combined TRACON& Tower with Radar,37,87,18,0,142,0,0,1,0,1,37,87,19,0,143,0,0,0,143
03/09/2023,BIL,MT,ANM,WE,Combined TRACON& Tower with Radar,40,81,32,0,153,0,4,57,1,62,40,85,89,1,215,119,0,119,334
03/10/2023,BIL,MT,ANM,WE,Combined TRACON& Tower with Radar,40,74,25,12,151,0,5,58,6,69,40,79,83,18,220,104,16,120,340
03/11/2023,BIL,MT,ANM,WE,Combined TRACON& Tower with Radar,29,53,16,0,98,0,3,13,0,16,29,56,29,0,114,12,0,12,126
03/12/2023,BIL,MT,ANM,WE,Combined TRACON& Tower with Radar,26,26,21,0,73,0,5,63,2,70,26,31,84,2,143,16,0,16,159
03/13/2023,BIL,MT,ANM,WE,Combined TRACON& Tower with Radar,33,57,38,2,130,0,7,123,0,130,33,64,161,2,260,98,0,98,358
03/14/2023,BIL,MT,ANM,WE,Combined TRACON& Tower with Radar,41,76,27,15,159,0,7,89,3,99,41,83,116,18,258,131,8,139,397
03/15/2023,BIL,MT,ANM,WE,Combined TRACON& Tower with Radar,38,88,14,0,140,0,4,6,0,10,38,92,20,0,150,19,0,19,169
03/16/2023,BIL,MT,ANM,WE,Combined TRACON& Tower with Radar,40,86,34,0,160,0,2,45,4,51,40,88,79,4,211,130,0,130,341
03/17/2023,BIL,MT,ANM,WE,Combined TRACON& Tower with Radar,36,81,42,1,160,0,13,110,1,124,36,94,152,2,284,177,0,177,461
03/18/2023,BIL,MT,ANM,WE,Combined TRACON& Tower with Radar,28,41,15,6,90,0,14,84,0,98,28,55,99,6,188,170,0,170,358
03/19/2023,BIL,MT,ANM,WE,Combined TRACON& Tower with Radar,27,39,19,0,85,0,12,62,0,74,27,51,81,0,159,0,0,0,159
03/20/2023,BIL,MT,ANM,WE,Combined TRACON& Tower with Radar,31,76,31,0,138,0,9,73,1,83,31,85,104,1,221,153,0,153,374
03/21/2023,BIL,MT,ANM,WE,Combined TRACON& Tower with Radar,40,103,22,0,165,0,4,5,0,9,40,107,27,0,174,0,0,0,174
03/22/2023,BIL,MT,ANM,WE,Combined TRACON& Tower with Radar,38,99,36,1,174,0,25,96,3,124,38,124,132,4,298,226,0,226,524
03/23/2023,BIL,MT,ANM,WE,Combined TRACON& Tower with Radar,40,85,28,9,162,0,13,95,7,115,40,98,123,16,277,103,8,111,388
03/24/2023,BIL,MT,ANM,WE,Combined TRACON& Tower with Radar,36,87,31,0,154,0,15,63,1,79,36,102,94,1,233,85,0,85,318
03/25/2023,BIL,MT,ANM,WE,Combined TRACON& Tower with Radar,26,66,4,0,96,0,0,0,0,0,26,66,4,0,96,0,0,0,96
03/26/2023,BIL,MT,ANM,WE,Combined TRACON& Tower with Radar,28,32,3,0,63,0,0,0,0,0,28,32,3,0,63,0,0,0,63
03/27/2023,BIL,MT,ANM,WE,Combined TRACON& Tower with Radar,30,74,37,2,143,0,13,36,0,49,30,87,73,2,192,49,0,49,241
03/28/2023,BIL,MT,ANM,WE,Combined TRACON& Tower with Radar,43,94,27,0,164,0,4,20,0,24,43,98,47,0,188,28,0,28,216
03/29/2023,BIL,MT,ANM,WE,Combined TRACON& Tower with Radar,37,93,41,0,171,0,7,47,0,54,37,100,88,0,225,88,0,88,313
03/30/2023,BIL,MT,ANM,WE,Combined TRACON& Tower with Radar,42,86,23,0,151,0,2,5,0,7,42,88,28,0,158,0,0,0,158
03/31/2023,BIL,MT,ANM,WE,Combined TRACON& Tower with Radar,36,89,42,0,167,0,4,54,0,58,36,93,96,0,225,125,0,125,350
04/01/2023,BIL,MT,ANM,WE,Combined TRACON& Tower with Radar,28,61,15,0,104,0,10,68,0,78,28,71,83,0,182,62,0,62,244
04/02/2023,BIL,MT,ANM,WE,Combined TRACON& Tower with Radar,29,37,15,0,81,0,2,8,2,12,29,39,23,2,93,0,0,0,93
04/03/2023,BIL,MT,ANM,WE,Combined TRACON& Tower with Radar,32,67,25,0,124,0,10,65,1,76,32,77,90,1,200,113,0,113,313
04/04/2023,BIL,MT,ANM,WE,Combined TRACON& Tower with Radar,35,88,18,0,141,0,0,1,1,2,35,88,19,1,143,0,12,12,155
04/05/2023,BIL,MT,ANM,WE,Combined TRACON& Tower with Radar,38,92,46,3,179,0,11,83,4,98,38,103,129,7,277,152,0,152,429
04/06/2023,BIL,MT,ANM,WE,Combined TRACON& Tower with Radar,39,74,25,17,155,0,15,73,5,93,39,89,98,22,248,87,24,111,359
04/07/2023,BIL,MT,ANM,WE,Combined TRACON& Tower with Radar,34,82,22,1,139,0,15,79,2,96,34,97,101,3,235,117,0,117,352
04/08/2023,BIL,MT,ANM,WE,Combined TRACON& Tower with Radar,25,47,7,0,79,0,11,36,0,47,25,58,43,0,126,58,0,58,184
04/09/2023,BIL,MT,ANM,WE,Combined TRACON& Tower with Radar,28,35,7,0,70,0,12,24,0,36,28,47,31,0,106,62,0,62,168
04/10/2023,BIL,MT,ANM,WE,Combined TRACON& Tower with Radar,28,63,27,0,118,0,10,58,0,68,28,73,85,0,186,38,0,38,224
04/11/2023,BIL,MT,ANM,WE,Combined TRACON& Tower with Radar,38,92,27,3,160,0,6,43,4,53,38,98,70,7,213,62,0,62,275
04/12/2023,BIL,MT,ANM,WE,Combined TRACON& Tower with Radar,38,75,25,1,139,0,11,73,7,91,38,86,98,8,230,106,0,106,336
04/13/2023,BIL,MT,ANM,WE,Combined TRACON& Tower with Radar,38,77,14,2,131,0,0,1,0,1,38,77,15,2,132,0,0,0,132
04/14/2023,BIL,MT,ANM,WE,Combined TRACON& Tower with Radar,34,85,37,3,159,0,2,67,4,73,34,87,104,7,232,198,6,204,436
04/15/2023,BIL,MT,ANM,WE,Combined TRACON& Tower with Radar,22,48,16,0,86,0,2,70,3,75,22,50,86,3,161,132,0,132,293
04/16/2023,BIL,MT,ANM,WE,Combined TRACON& Tower with Radar,29,38,25,0,92,0,3,57,0,60,29,41,82,0,152,59,0,59,211
04/17/2023,BIL,MT,ANM,WE,Combined TRACON& Tower with Radar,29,68,28,3,128,0,10,112,1,123,29,78,140,4,251,169,8,177,428
04/18/2023,BIL,MT,ANM,WE,Combined TRACON& Tower with Radar,34,85,32,0,151,0,3,27,1,31,34,88,59,1,182,146,0,146,328
04/19/2023,BIL,MT,ANM,WE,Combined TRACON& Tower with Radar,34,85,20,0,139,0,0,4,2,6,34,85,24,2,145,0,0,0,145
04/20/2023,BIL,MT,ANM,WE,Combined TRACON& Tower with Radar,38,90,20,1,149,0,1,15,0,16,38,91,35,1,165,8,0,8,173
04/21/2023,BIL,MT,ANM,WE,Combined TRACON& Tower with Radar,34,89,18,0,141,0,1,45,2,48,34,90,63,2,189,192,0,192,381
04/22/2023,BIL,MT,ANM,WE,Combined TRACON& Tower with Radar,26,51,17,0,94,0,4,82,0,86,26,55,99,0,180,138,0,138,318
04/23/2023,BIL,MT,ANM,WE,Combined TRACON& Tower with Radar,27,31,22,0,80,0,8,60,0,68,27,39,82,0,148,18,0,18,166
04/24/2023,BIL,MT,ANM,WE,Combined TRACON& Tower with Radar,29,70,30,0,129,0,16,106,0,122,29,86,136,0,251,187,0,187,438
04/25/2023,BIL,MT,ANM,WE,Combined TRACON& Tower with Radar,36,95,36,0,167,0,33,96,2,131,36,128,132,2,298,216,0,216,514
04/26/2023,BIL,MT,ANM,WE,Combined TRACON& Tower with Radar,34,90,37,13,174,0,30,67,4,101,34,120,104,17,275,84,30,114,389
04/27/2023,BIL,MT,ANM,WE,Combined TRACON& Tower with Radar,38,65,16,0,119,0,6,12,1,19,38,71,28,1,138,24,2,26,164
04/28/2023,BIL,MT,ANM,WE,Combined TRACON& Tower with Radar,34,87,28,0,149,0,24,106,0,130,34,111,134,0,279,120,0,120,399
04/29/2023,BIL,MT,ANM,WE,Combined TRACON& Tower with Radar,26,59,24,4,113,0,23,68,0,91,26,82,92,4,204,54,0,54,258
04/30/2023,BIL,MT,ANM,WE,Combined TRACON& Tower with Radar,27,28,16,1,72,0,15,55,1,71,27,43,71,2,143,35,0,35,178
05/01/2023,BIL,MT,ANM,WE,Combined TRACON& Tower with Radar,29,67,19,28,143,0,27,92,0,119,29,94,111,28,262,36,3,39,301
05/02/2023,BIL,MT,ANM,WE,Combined TRACON& Tower with Radar,36,89,17,0,142,0,17,89,1,107,36,106,106,1,249,151,0,151,400
05/03/2023,BIL,MT,ANM,WE,Combined TRACON& Tower with Radar,36,83,12,7,138,0,7,62,20,89,36,90,74,27,227,99,25,124,351
05/04/2023,BIL,MT,ANM,WE,Combined TRACON& Tower with Radar,37,77,24,0,138,0,11,53,7,71,37,88,77,7,209,26,0,26,235
05/05/2023,BIL,MT,ANM,WE,Combined TRACON& Tower with Radar,34,74,13,3,124,0,7,28,6,41,34,81,41,9,165,14,0,14,179
05/06/2023,BIL,MT,ANM,WE,Combined TRACON& Tower with Radar,24,55,13,0,92,0,3,43,6,52,24,58,56,6,144,36,0,36,180
05/07/2023,BIL,MT,ANM,WE,Combined TRACON& Tower with Radar,25,37,10,0,72,0,2,19,0,21,25,39,29,0,93,0,0,0,93
05/08/2023,BIL,MT,ANM,WE,Combined TRACON& Tower with Radar,26,57,29,1,113,0,17,109,0,126,26,74,138,1,239,100,0,100,339
05/09/2023,BIL,MT,ANM,WE,Combined TRACON& Tower with Radar,36,67,27,0,130,0,15,107,1,123,36,82,134,1,253,119,0,119,372
05/10/2023,BIL,MT,ANM,WE,Combined TRACON& Tower with Radar,33,80,25,5,143,0,9,98,5,112,33,89,123,10,255,111,16,127,382
05/11/2023,BIL,MT,ANM,WE,Combined TRACON& Tower with Radar,37,85,26,0,148,0,2,12,0,14,37,87,38,0,162,0,0,0,162
05/12/2023,BIL,MT,ANM,WE,Combined TRACON& Tower with Radar,30,79,28,0,137,0,9,37,3,49,30,88,65,3,186,66,0,66,252
05/13/2023,BIL,MT,ANM,WE,Combined TRACON& Tower with Radar,23,69,25,0,117,0,1,3,0,4,23,70,28,0,121,0,0,0,121
05/14/2023,BIL,MT,ANM,WE,Combined TRACON& Tower with Radar,26,36,20,0,82,0,0,9,0,9,26,36,29,0,91,4,0,4,95
05/15/2023,BIL,MT,ANM,WE,Combined TRACON& Tower with Radar,27,59,37,14,137,0,23,128,0,151,27,82,165,14,288,141,10,151,439
05/16/2023,BIL,MT,ANM,WE,Combined TRACON& Tower with Radar,34,95,31,0,160,0,27,115,5,147,34,122,146,5,307,145,4,149,456
05/17/2023,BIL,MT,ANM,WE,Combined TRACON& Tower with Radar,33,75,40,3,151,0,2,13,0,15,33,77,53,3,166,28,0,28,194
05/18/2023,BIL,MT,ANM,WE,Combined TRACON& Tower with Radar,36,102,46,0,184,0,16,87,1,104,36,118,133,1,288,163,0,163,451
05/19/2023,BIL,MT,ANM,WE,Combined TRACON& Tower with Radar,35,89,43,0,167,0,7,93,0,100,35,96,136,0,267,109,0,109,376
05/20/2023,BIL,MT,ANM,WE,Combined TRACON& Tower with Radar,23,61,24,0,108,0,8,67,0,75,23,69,91,0,183,65,0,65,248
05/21/2023,BIL,MT,ANM,WE,Combined TRACON& Tower with Radar,26,29,27,0,82,0,7,56,0,63,26,36,83,0,145,10,0,10,155
05/22/2023,BIL,MT,ANM,WE,Combined TRACON& Tower with Radar,27,89,28,1,145,0,21,65,1,87,27,110,93,2,232,87,0,87,319
05/23/2023,BIL,MT,ANM,WE,Combined TRACON& Tower with Radar,37,100,41,0,178,0,27,90,1,118,37,127,131,1,296,75,0,75,371
05/24/2023,BIL,MT,ANM,WE,Combined TRACON& Tower with Radar,37,89,31,9,166,0,21,64,9,94,37,110,95,18,260,107,22,129,389
05/25/2023,BIL,MT,ANM,WE,Combined TRACON& Tower with Radar,38,88,37,16,179,0,10,67,0,77,38,98,104,16,256,131,12,143,399
05/26/2023,BIL,MT,ANM,WE,Combined TRACON& Tower with Radar,34,93,49,0,176,0,6,25,0,31,34,99,74,0,207,17,0,17,224
05/27/2023,BIL,MT,ANM,WE,Combined TRACON& Tower with Radar,23,56,21,0,100,0,7,30,0,37,23,63,51,0,137,25,0,25,162
05/28/2023,BIL,MT,ANM,WE,Combined TRACON& Tower with Radar,22,45,13,0,80,0,4,44,0,48,22,49,57,0,128,24,0,24,152
05/29/2023,BIL,MT,ANM,WE,Combined TRACON& Tower with Radar,23,45,19,0,87,0,14,47,1,62,23,59,66,1,149,67,0,67,216
05/30/2023,BIL,MT,ANM,WE,Combined TRACON& Tower with Radar,25,72,37,1,135,0,18,92,1,111,25,90,129,2,246,98,0,98,344
05/31/2023,BIL,MT,ANM,WE,Combined TRACON& Tower with Radar,37,85,41,0,163,0,21,67,2,90,37,106,108,2,253,142,0,142,395
06/01/2023,BIL,MT,ANM,WE,Combined TRACON& Tower with Radar,37,79,39,0,155,0,17,76,2,95,37,96,115,2,250,98,0,98,348
06/02/2023,BIL,MT,ANM,WE,Combined TRACON& Tower with Radar,40,78,23,0,141,0,0,1,0,1,40,78,24,0,142,6,0,6,148
06/03/2023,BIL,MT,ANM,WE,Combined TRACON& Tower with Radar,31,73,24,0,128,0,1,3,0,4,31,74,27,0,132,0,0,0,132
06/04/2023,BIL,MT,ANM,WE,Combined TRACON& Tower with Radar,30,43,20,0,93,0,0,12,0,12,30,43,32,0,105,6,0,6,111
06/05/2023,BIL,MT,ANM,WE,Combined TRACON& Tower with Radar,30,80,39,0,149,0,14,76,3,93,30,94,115,3,242,103,0,103,345
06/06/2023,BIL,MT,ANM,WE,Combined TRACON& Tower with Radar,40,88,25,0,153,0,18,83,0,101,40,106,108,0,254,140,0,140,394
06/07/2023,BIL,MT,ANM,WE,Combined TRACON& Tower with Radar,38,75,30,1,144,0,18,62,0,80,38,93,92,1,224,69,0,69,293
06/08/2023,BIL,MT,ANM,WE,Combined TRACON& Tower with Radar,42,99,30,2,173,0,17,57,7,81,42,116,87,9,254,44,0,44,298
06/09/2023,BIL,MT,ANM,WE,Combined TRACON& Tower with Radar,37,91,38,1,167,0,6,30,4,40,37,97,68,5,207,38,0,38,245
06/10/2023,BIL,MT,ANM,WE,Combined TRACON& Tower with Radar,29,67,14,3,113,0,2,12,7,21,29,69,26,10,134,47,4,51,185
06/11/2023,BIL,MT,ANM,WE,Combined TRACON& Tower with Radar,28,45,38,1,112,0,3,30,1,34,28,48,68,2,146,51,0,51,197
06/12/2023,BIL,MT,ANM,WE,Combined TRACON& Tower with Radar,30,70,47,2,149,0,19,86,0,105,30,89,133,2,254,128,0,128,382
06/13/2023,BIL,MT,ANM,WE,Combined TRACON& Tower with Radar,40,62,41,2,145,0,24,89,8,121,40,86,130,10,266,80,18,98,364
06/14/2023,BIL,MT,ANM,WE,Combined TRACON& Tower with Radar,40,87,27,0,154,0,12,48,1,61,40,99,75,1,215,65,0,65,280
06/15/2023,BIL,MT,ANM,WE,Combined TRACON& Tower with Radar,41,85,47,2,175,0,18,97,4,119,41,103,144,6,294,141,0,141,435
06/16/2023,BIL,MT,ANM,WE,Combined TRACON& Tower with Radar,39,82,31,0,152,0,13,104,1,118,39,95,135,1,270,111,0,111,381
06/17/2023,BIL,MT,ANM,WE,Combined TRACON& Tower with Radar,33,59,12,0,104,0,7,56,0,63,33,66,68,0,167,62,0,62,229
06/18/2023,BIL,MT,ANM,WE,Combined TRACON& Tower with Radar,30,36,16,0,82,0,6,18,0,24,30,42,34,0,106,4,0,4,110
06/19/2023,BIL,MT,ANM,WE,Combined TRACON& Tower with Radar,31,71,31,0,133,0,21,76,0,97,31,92,107,0,230,81,0,81,311
06/20/2023,BIL,MT,ANM,WE,Combined TRACON& Tower with Radar,41,94,35,0,170,0,17,33,2,52,41,111,68,2,222,30,0,30,252
06/21/2023,BIL,MT,ANM,WE,Combined TRACON& Tower with Radar,37,111,33,0,181,0,6,48,2,56,37,117,81,2,237,101,0,101,338
06/22/2023,BIL,MT,ANM,WE,Combined TRACON& Tower with Radar,38,73,42,0,153,0,15,124,2,141,38,88,166,2,294,193,0,193,487
06/23/2023,BIL,MT,ANM,WE,Combined TRACON& Tower with Radar,34,80,43,1,158,0,9,15,0,24,34,89,58,1,182,23,0,23,205
06/24/2023,BIL,MT,ANM,WE,Combined TRACON& Tower with Radar,31,56,11,0,98,0,1,11,0,12,31,57,22,0,110,8,0,8,118
06/25/2023,BIL,MT,ANM,WE,Combined TRACON& Tower with Radar,28,40,27,0,95,0,3,49,1,53,28,43,76,1,148,7,0,7,155
06/26/2023,BIL,MT,ANM,WE,Combined TRACON& Tower with Radar,28,72,34,4,138,0,19,70,4,93,28,91,104,8,231,53,16,69,300
06/27/2023,BIL,MT,ANM,WE,Combined TRACON& Tower with Radar,42,75,40,2,159,0,22,71,4,97,42,97,111,6,256,115,0,115,371
06/28/2023,BIL,MT,ANM,WE,Combined TRACON& Tower with Radar,34,61,45,2,142,0,18,58,0,76,34,79,103,2,218,36,0,36,254
06/29/2023,BIL,MT,ANM,WE,Combined TRACON& Tower with Radar,39,85,46,3,173,0,25,117,3,145,39,110,163,6,318,144,11,155,473
06/30/2023,BIL,MT,ANM,WE,Combined TRACON& Tower with Radar,35,83,44,0,162,0,29,79,1,109,35,112,123,1,271,66,0,66,337
07/01/2023,BIL,MT,ANM,WE,Combined TRACON& Tower with Radar,31,60,27,0,118,0,14,44,0,58,31,74,71,0,176,34,0,34,210
07/02/2023,BIL,MT,ANM,WE,Combined TRACON& Tower with Radar,28,43,25,0,96,0,15,49,0,64,28,58,74,0,160,19,0,19,179
07/03/2023,BIL,MT,ANM,WE,Combined TRACON& Tower with Radar,29,60,27,0,116,0,15,28,0,43,29,75,55,0,159,35,0,35,194
07/04/2023,BIL,MT,ANM,WE,Combined TRACON& Tower with Radar,26,39,17,0,82,0,4,8,2,14,26,43,25,2,96,0,0,0,96
07/05/2023,BIL,MT,ANM,WE,Combined TRACON& Tower with Radar,35,82,39,2,158,0,18,56,3,77,35,100,95,5,235,40,0,40,275
07/06/2023,BIL,MT,ANM,WE,Combined TRACON& Tower with Radar,40,76,29,0,145,0,13,63,1,77,40,89,92,1,222,60,0,60,282
07/07/2023,BIL,MT,ANM,WE,Combined TRACON& Tower with Radar,37,75,36,0,148,0,13,66,1,80,37,88,102,1,228,26,0,26,254
07/08/2023,BIL,MT,ANM,WE,Combined TRACON& Tower with Radar,30,51,11,0,92,0,6,60,0,66,30,57,71,0,158,68,0,68,226
07/09/2023,BIL,MT,ANM,WE,Combined TRACON& Tower with Radar,30,38,20,5,93,0,11,66,3,80,30,49,86,8,173,48,0,48,221
07/10/2023,BIL,MT,ANM,WE,Combined TRACON& Tower with Radar,33,66,18,0,117,0,14,63,1,78,33,80,81,1,195,81,0,81,276
07/11/2023,BIL,MT,ANM,WE,Combined TRACON& Tower with Radar,42,80,37,0,159,0,14,89,3,106,42,94,126,3,265,110,8,118,383
07/12/2023,BIL,MT,ANM,WE,Combined TRACON& Tower with Radar,40,81,43,1,165,0,21,77,5,103,40,102,120,6,268,64,0,64,332
07/13/2023,BIL,MT,ANM,WE,Combined TRACON& Tower with Radar,42,72,49,0,163,0,19,87,1,107,42,91,136,1,270,114,0,114,384
07/14/2023,BIL,MT,ANM,WE,Combined TRACON& Tower with Radar,37,89,47,0,173,0,13,92,4,109,37,102,139,4,282,142,6,148,430
07/15/2023,BIL,MT,ANM,WE,Combined TRACON& Tower with Radar,32,53,13,2,100,0,8,32,0,40,32,61,45,2,140,45,0,45,185
07/16/2023,BIL,MT,ANM,WE,Combined TRACON& Tower with Radar,34,48,25,2,109,0,4,40,0,44,34,52,65,2,153,10,0,10,163
07/17/2023,BIL,MT,ANM,WE,Combined TRACON& Tower with Radar,32,68,30,0,130,0,10,40,0,50,32,78,70,0,180,16,0,16,196
07/18/2023,BIL,MT,ANM,WE,Combined TRACON& Tower with Radar,40,68,45,7,160,0,19,108,7,134,40,87,153,14,294,114,20,134,428
07/19/2023,BIL,MT,ANM,WE,Combined TRACON& Tower with Radar,37,71,63,1,172,0,15,112,0,127,37,86,175,1,299,90,0,90,389
07/20/2023,BIL,MT,ANM,WE,Combined TRACON& Tower with Radar,42,74,38,4,158,0,16,105,0,121,42,90,143,4,279,118,0,118,397
07/21/2023,BIL,MT,ANM,WE,Combined TRACON& Tower with Radar,37,69,49,3,158,0,19,97,0,116,37,88,146,3,274,117,0,117,391
07/22/2023,BIL,MT,ANM,WE,Combined TRACON& Tower with Radar,34,52,24,0,110,0,14,59,0,73,34,66,83,0,183,33,0,33,216
07/23/2023,BIL,MT,ANM,WE,Combined TRACON& Tower with Radar,31,37,21,0,89,0,7,48,0,55,31,44,69,0,144,0,0,0,144
07/24/2023,BIL,MT,ANM,WE,Combined TRACON& Tower with Radar,36,81,28,4,149,0,18,59,4,81,36,99,87,8,230,45,14,59,289
07/25/2023,BIL,MT,ANM,WE,Combined TRACON& Tower with Radar,43,84,31,4,162,0,30,104,13,147,43,114,135,17,309,85,18,103,412
07/26/2023,BIL,MT,ANM,WE,Combined TRACON& Tower with Radar,39,85,32,1,157,0,27,108,5,140,39,112,140,6,297,90,0,90,387
07/27/2023,BIL,MT,ANM,WE,Combined TRACON& Tower with Radar,42,91,35,0,168,0,30,77,0,107,42,121,112,0,275,29,0,29,304
07/28/2023,BIL,MT,ANM,WE,Combined TRACON& Tower with Radar,37,94,26,0,157,0,22,72,0,94,37,116,98,0,251,20,0,20,271
07/29/2023,BIL,MT,ANM,WE,Combined TRACON& Tower with Radar,32,60,28,1,121,0,15,78,1,94,32,75,106,2,215,115,0,115,330
07/30/2023,BIL,MT,ANM,WE,Combined TRACON& Tower with Radar,32,36,22,0,90,0,8,62,2,72,32,44,84,2,162,26,0,26,188
07/31/2023,BIL,MT,ANM,WE,Combined TRACON& Tower with Radar,32,67,30,0,129,0,21,75,0,96,32,88,105,0,225,58,0,58,283
08/01/2023,BIL,MT,ANM,WE,Combined TRACON& Tower with Radar,43,80,35,2,160,0,21,64,4,89,43,101,99,6,249,18,0,18,267
08/02/2023,BIL,MT,ANM,WE,Combined TRACON& Tower with Radar,38,89,34,0,161,0,17,84,0,101,38,106,118,0,262,128,0,128,390
08/03/2023,BIL,MT,ANM,WE,Combined TRACON& Tower with Radar,42,89,38,0,169,0,17,52,2,71,42,106,90,2,240,80,0,80,320
08/04/2023,BIL,MT,ANM,WE,Combined TRACON& Tower with Radar,38,85,32,0,155,0,14,49,0,63,38,99,81,0,218,36,0,36,254
08/05/2023,BIL,MT,ANM,WE,Combined TRACON& Tower with Radar,35,54,16,1,106,0,5,79,1,85,35,59,95,2,191,34,0,34,225
08/06/2023,BIL,MT,ANM,WE,Combined TRACON& Tower with Radar,33,48,17,3,101,0,3,20,2,25,33,51,37,5,126,24,0,24,150
08/07/2023,BIL,MT,ANM,WE,Combined TRACON& Tower with Radar,33,66,37,2,138,0,10,65,0,75,33,76,102,2,213,41,0,41,254
08/08/2023,BIL,MT,ANM,WE,Combined TRACON& Tower with Radar,42,79,32,0,153,0,18,111,1,130,42,97,143,1,283,116,0,116,399
08/09/2023,BIL,MT,ANM,WE,Combined TRACON& Tower with Radar,39,86,33,0,158,0,14,139,8,161,39,100,172,8,319,113,6,119,438
08/10/2023,BIL,MT,ANM,WE,Combined TRACON& Tower with Radar,42,75,30,12,159,0,15,86,14,115,42,90,116,26,274,58,14,72,346
08/11/2023,BIL,MT,ANM,WE,Combined TRACON& Tower with Radar,37,72,13,2,124,0,12,62,3,77,37,84,75,5,201,22,2,24,225
08/12/2023,BIL,MT,ANM,WE,Combined TRACON& Tower with Radar,30,62,11,0,103,0,8,30,6,44,30,70,41,6,147,7,0,7,154
08/13/2023,BIL,MT,ANM,WE,Combined TRACON& Tower with Radar,29,38,9,3,79,0,4,50,7,61,29,42,59,10,140,4,0,4,144
08/14/2023,BIL,MT,ANM,WE,Combined TRACON& Tower with Radar,34,72,26,7,139,0,19,115,1,135,34,91,141,8,274,92,0,92,366
08/15/2023,BIL,MT,ANM,WE,Combined TRACON& Tower with Radar,37,84,36,1,158,0,26,110,1,137,37,110,146,2,295,64,0,64,359
08/16/2023,BIL,MT,ANM,WE,Combined TRACON& Tower with Radar,36,85,38,0,159,0,33,110,0,143,36,118,148,0,302,78,0,78,380
08/17/2023,BIL,MT,ANM,WE,Combined TRACON& Tower with Radar,38,71,28,1,138,0,15,127,5,147,38,86,155,6,285,115,4,119,404
08/18/2023,BIL,MT,ANM,WE,Combined TRACON& Tower with Radar,36,83,22,0,141,0,20,104,0,124,36,103,126,0,265,43,0,43,308
08/19/2023,BIL,MT,ANM,WE,Combined TRACON& Tower with Radar,30,72,21,6,129,0,7,73,1,81,30,79,94,7,210,58,10,68,278
08/20/2023,BIL,MT,ANM,WE,Combined TRACON& Tower with Radar,33,47,51,0,131,0,0,3,0,3,33,47,54,0,134,0,0,0,134
08/21/2023,BIL,MT,ANM,WE,Combined TRACON& Tower with Radar,32,68,40,0,140,0,9,57,0,66,32,77,97,0,206,20,0,20,226
08/22/2023,BIL,MT,ANM,WE,Combined TRACON& Tower with Radar,36,85,44,3,168,0,20,88,4,112,36,105,132,7,280,109,2,111,391
08/23/2023,BIL,MT,ANM,WE,Combined TRACON& Tower with Radar,36,75,36,0,147,0,18,153,3,174,36,93,189,3,321,177,0,177,498
08/24/2023,BIL,MT,ANM,WE,Combined TRACON& Tower with Radar,36,78,42,7,163,0,23,113,4,140,36,101,155,11,303,152,14,166,469
08/25/2023,BIL,MT,ANM,WE,Combined TRACON& Tower with Radar,36,86,21,0,143,0,11,109,6,126,36,97,130,6,269,107,0,107,376
08/26/2023,BIL,MT,ANM,WE,Combined TRACON& Tower with Radar,32,57,29,0,118,0,13,79,5,97,32,70,108,5,215,104,0,104,319
08/27/2023,BIL,MT,ANM,WE,Combined TRACON& Tower with Radar,30,43,22,4,99,0,4,64,0,68,30,47,86,4,167,47,0,47,214
08/28/2023,BIL,MT,ANM,WE,Combined TRACON& Tower with Radar,29,70,40,0,139,0,13,96,0,109,29,83,136,0,248,137,0,137,385
08/29/2023,BIL,MT,ANM,WE,Combined TRACON& Tower with Radar,37,87,45,5,174,2,14,125,8,149,39,101,170,13,323,172,17,189,512
08/30/2023,BIL,MT,ANM,WE,Combined TRACON& Tower with Radar,36,75,35,2,148,0,15,77,4,96,36,90,112,6,244,111,4,115,359
08/31/2023,BIL,MT,ANM,WE,Combined TRACON& Tower with Radar,36,81,42,5,164,0,17,87,5,109,36,98,129,10,273,53,10,63,336
