01/01/2020,BIS,ND,AGL,CE,Combined TRACON& Tower with Radar,12,16,3,0,31,0,6,1,0,7,12,22,4,0,38,0,0,0,38
01/02/2020,BIS,ND,AGL,CE,Combined TRACON& Tower with Radar,9,26,15,2,52,0,1,2,8,11,9,27,17,10,63,0,0,0,63
01/03/2020,BIS,ND,AGL,CE,Combined TRACON& Tower with Radar,9,32,23,4,68,0,0,11,0,11,9,32,34,4,79,0,0,0,79
01/04/2020,BIS,ND,AGL,CE,Combined TRACON& Tower with Radar,11,21,3,0,35,0,0,14,0,14,11,21,17,0,49,6,0,6,55
01/05/2020,BIS,ND,AGL,CE,Combined TRACON& Tower with Radar,9,22,12,0,43,0,2,10,0,12,9,24,22,0,55,0,0,0,55
01/06/2020,BIS,ND,AGL,CE,Combined TRACON& Tower with Radar,8,28,9,0,45,0,3,27,1,31,8,31,36,1,76,10,0,10,86
01/07/2020,BIS,ND,AGL,CE,Combined TRACON& Tower with Radar,6,37,17,1,61,0,3,17,3,23,6,40,34,4,84,8,0,8,92
01/08/2020,BIS,ND,AGL,CE,Combined TRACON& Tower with Radar,8,34,22,1,65,0,2,10,14,26,8,36,32,15,91,0,2,2,93
01/09/2020,BIS,ND,AGL,CE,Combined TRACON& Tower with Radar,12,42,25,2,81,0,2,9,2,13,12,44,34,4,94,0,0,0,94
01/10/2020,BIS,ND,AGL,CE,Combined TRACON& Tower with Radar,10,36,15,1,62,0,1,26,14,41,10,37,41,15,103,14,10,24,127
01/11/2020,BIS,ND,AGL,CE,Combined TRACON& Tower with Radar,10,41,10,10,71,0,0,11,5,16,10,41,21,15,87,0,6,6,93
01/12/2020,BIS,ND,AGL,CE,Combined TRACON& Tower with Radar,10,20,18,1,49,0,0,12,9,21,10,20,30,10,70,0,0,0,70
01/13/2020,BIS,ND,AGL,CE,Combined TRACON& Tower with Radar,9,22,18,0,49,0,0,0,0,0,9,22,18,0,49,0,0,0,49
01/14/2020,BIS,ND,AGL,CE,Combined TRACON& Tower with Radar,8,34,27,0,69,0,1,4,0,5,8,35,31,0,74,0,0,0,74
01/15/2020,BIS,ND,AGL,CE,Combined TRACON& Tower with Radar,7,34,29,0,70,0,0,3,0,3,7,34,32,0,73,8,0,8,81
01/16/2020,BIS,ND,AGL,CE,Combined TRACON& Tower with Radar,11,31,34,0,76,0,0,10,0,10,11,31,44,0,86,12,0,12,98
01/17/2020,BIS,ND,AGL,CE,Combined TRACON& Tower with Radar,12,25,17,0,54,0,0,0,0,0,12,25,17,0,54,0,0,0,54
01/18/2020,BIS,ND,AGL,CE,Combined TRACON& Tower with Radar,12,22,7,0,41,0,0,1,0,1,12,22,8,0,42,0,0,0,42
01/19/2020,BIS,ND,AGL,CE,Combined TRACON& Tower with Radar,10,19,4,0,33,0,0,15,0,15,10,19,19,0,48,0,0,0,48
01/20/2020,BIS,ND,AGL,CE,Combined TRACON& Tower with Radar,11,29,27,0,67,0,1,21,0,22,11,30,48,0,89,12,0,12,101
01/21/2020,BIS,ND,AGL,CE,Combined TRACON& Tower with Radar,9,36,32,2,79,0,9,24,11,44,9,45,56,13,123,6,6,12,135
01/22/2020,BIS,ND,AGL,CE,Combined TRACON& Tower with Radar,7,36,36,1,80,0,1,26,6,33,7,37,62,7,113,22,18,40,153
01/23/2020,BIS,ND,AGL,CE,Combined TRACON& Tower with Radar,12,33,21,0,66,0,0,0,0,0,12,33,21,0,66,0,0,0,66
01/24/2020,BIS,ND,AGL,CE,Combined TRACON& Tower with Radar,12,35,16,2,65,0,0,0,0,0,12,35,16,2,65,0,0,0,65
01/25/2020,BIS,ND,AGL,CE,Combined TRACON& Tower with Radar,11,30,6,0,47,0,1,15,2,18,11,31,21,2,65,0,0,0,65
01/26/2020,BIS,ND,AGL,CE,Combined TRACON& Tower with Radar,13,22,9,0,44,0,0,0,0,0,13,22,9,0,44,0,0,0,44
01/27/2020,BIS,ND,AGL,CE,Combined TRACON& Tower with Radar,10,31,26,2,69,0,0,0,0,0,10,31,26,2,69,0,0,0,69
01/28/2020,BIS,ND,AGL,CE,Combined TRACON& Tower with Radar,7,37,22,3,69,0,0,21,2,23,7,37,43,5,92,22,0,22,114
01/29/2020,BIS,ND,AGL,CE,Combined TRACON& Tower with Radar,9,32,7,2,50,0,0,0,0,0,9,32,7,2,50,0,0,0,50
01/30/2020,BIS,ND,AGL,CE,Combined TRACON& Tower with Radar,16,29,18,6,69,0,0,0,0,0,16,29,18,6,69,0,0,0,69
01/31/2020,BIS,ND,AGL,CE,Combined TRACON& Tower with Radar,11,32,19,2,64,0,1,26,7,34,11,33,45,9,98,2,0,2,100
02/01/2020,BIS,ND,AGL,CE,Combined TRACON& Tower with Radar,11,27,8,0,46,0,4,18,0,22,11,31,26,0,68,0,0,0,68
02/02/2020,BIS,ND,AGL,CE,Combined TRACON& Tower with Radar,13,15,7,0,35,0,3,14,0,17,13,18,21,0,52,15,0,15,67
02/03/2020,BIS,ND,AGL,CE,Combined TRACON& Tower with Radar,12,23,22,2,59,0,6,25,7,38,12,29,47,9,97,28,2,30,127
02/04/2020,BIS,ND,AGL,CE,Combined TRACON& Tower with Radar,8,35,30,6,79,0,3,34,2,39,8,38,64,8,118,42,0,42,160
02/05/2020,BIS,ND,AGL,CE,Combined TRACON& Tower with Radar,12,34,27,2,75,0,3,28,18,49,12,37,55,20,124,12,8,20,144
02/06/2020,BIS,ND,AGL,CE,Combined TRACON& Tower with Radar,12,31,30,5,78,0,0,1,7,8,12,31,31,12,86,0,0,0,86
02/07/2020,BIS,ND,AGL,CE,Combined TRACON& Tower with Radar,12,35,20,0,67,0,0,23,11,34,12,35,43,11,101,0,0,0,101
02/08/2020,BIS,ND,AGL,CE,Combined TRACON& Tower with Radar,13,30,7,0,50,0,1,8,3,12,13,31,15,3,62,22,0,22,84
02/09/2020,BIS,ND,AGL,CE,Combined TRACON& Tower with Radar,12,18,10,1,41,0,2,14,1,17,12,20,24,2,58,0,0,0,58
02/10/2020,BIS,ND,AGL,CE,Combined TRACON& Tower with Radar,12,29,24,0,65,0,5,6,2,13,12,34,30,2,78,8,0,8,86
02/11/2020,BIS,ND,AGL,CE,Combined TRACON& Tower with Radar,9,35,19,4,67,0,0,24,0,24,9,35,43,4,91,6,0,6,97
02/12/2020,BIS,ND,AGL,CE,Combined TRACON& Tower with Radar,11,30,22,0,63,0,1,2,0,3,11,31,24,0,66,0,0,0,66
02/13/2020,BIS,ND,AGL,CE,Combined TRACON& Tower with Radar,13,41,32,2,88,0,3,18,10,31,13,44,50,12,119,18,6,24,143
02/14/2020,BIS,ND,AGL,CE,Combined TRACON& Tower with Radar,12,35,14,0,61,0,3,27,0,30,12,38,41,0,91,6,0,6,97
02/15/2020,BIS,ND,AGL,CE,Combined TRACON& Tower with Radar,10,25,5,1,41,0,3,6,0,9,10,28,11,1,50,20,0,20,70
02/16/2020,BIS,ND,AGL,CE,Combined TRACON& Tower with Radar,13,17,1,0,31,0,1,8,0,9,13,18,9,0,40,0,0,0,40
02/17/2020,BIS,ND,AGL,CE,Combined TRACON& Tower with Radar,10,26,10,1,47,0,0,4,0,4,10,26,14,1,51,0,0,0,51
02/18/2020,BIS,ND,AGL,CE,Combined TRACON& Tower with Radar,12,31,30,0,73,0,0,3,2,5,12,31,33,2,78,0,0,0,78
02/19/2020,BIS,ND,AGL,CE,Combined TRACON& Tower with Radar,11,35,22,0,68,0,0,8,8,16,11,35,30,8,84,4,0,4,88
02/20/2020,BIS,ND,AGL,CE,Combined TRACON& Tower with Radar,13,30,23,0,66,0,3,23,4,30,13,33,46,4,96,42,0,42,138
02/21/2020,BIS,ND,AGL,CE,Combined TRACON& Tower with Radar,14,30,12,3,59,0,6,21,5,32,14,36,33,8,91,8,0,8,99
02/22/2020,BIS,ND,AGL,CE,Combined TRACON& Tower with Radar,11,28,19,2,60,0,2,21,0,23,11,30,40,2,83,20,0,20,103
02/23/2020,BIS,ND,AGL,CE,Combined TRACON& Tower with Radar,12,20,13,0,45,0,0,15,0,15,12,20,28,0,60,24,0,24,84
02/24/2020,BIS,ND,AGL,CE,Combined TRACON& Tower with Radar,12,26,19,0,57,0,2,0,0,2,12,28,19,0,59,0,0,0,59
02/25/2020,BIS,ND,AGL,CE,Combined TRACON& Tower with Radar,10,37,26,0,73,0,2,0,0,2,10,39,26,0,75,0,0,0,75
02/26/2020,BIS,ND,AGL,CE,Combined TRACON& Tower with Radar,13,30,38,4,85,0,2,6,9,17,13,32,44,13,102,0,2,2,104
02/27/2020,BIS,ND,AGL,CE,Combined TRACON& Tower with Radar,12,35,27,1,75,0,0,0,3,3,12,35,27,4,78,33,2,35,113
02/28/2020,BIS,ND,AGL,CE,Combined TRACON& Tower with Radar,12,32,17,2,63,0,2,30,0,32,12,34,47,2,95,16,0,16,111
02/29/2020,BIS,ND,AGL,CE,Combined TRACON& Tower with Radar,13,28,8,0,49,0,1,23,0,24,13,29,31,0,73,18,0,18,91
03/01/2020,BIS,ND,AGL,CE,Combined TRACON& Tower with Radar,11,20,8,0,39,0,0,1,0,1,11,20,9,0,40,4,0,4,44
03/02/2020,BIS,ND,AGL,CE,Combined TRACON& Tower with Radar,13,26,14,0,53,0,5,12,0,17,13,31,26,0,70,18,0,18,88
03/03/2020,BIS,ND,AGL,CE,Combined TRACON& Tower with Radar,8,33,20,5,66,0,1,4,5,10,8,34,24,10,76,12,0,12,88
03/04/2020,BIS,ND,AGL,CE,Combined TRACON& Tower with Radar,16,34,21,2,73,0,1,14,13,28,16,35,35,15,101,6,0,6,107
03/05/2020,BIS,ND,AGL,CE,Combined TRACON& Tower with Radar,9,33,30,0,72,0,1,7,5,13,9,34,37,5,85,16,6,22,107
03/06/2020,BIS,ND,AGL,CE,Combined TRACON& Tower with Radar,11,29,26,2,68,0,4,15,6,25,11,33,41,8,93,12,0,12,105
03/07/2020,BIS,ND,AGL,CE,Combined TRACON& Tower with Radar,10,27,12,0,49,0,3,43,20,66,10,30,55,20,115,36,2,38,153
03/08/2020,BIS,ND,AGL,CE,Combined TRACON& Tower with Radar,11,26,4,1,42,0,0,1,1,2,11,26,5,2,44,0,0,0,44
03/09/2020,BIS,ND,AGL,CE,Combined TRACON& Tower with Radar,9,32,36,0,77,0,2,10,3,15,9,34,46,3,92,10,18,28,120
03/10/2020,BIS,ND,AGL,CE,Combined TRACON& Tower with Radar,7,33,27,0,67,0,0,11,4,15,7,33,38,4,82,0,2,2,84
03/11/2020,BIS,ND,AGL,CE,Combined TRACON& Tower with Radar,14,35,31,8,88,0,8,16,16,40,14,43,47,24,128,8,2,10,138
03/12/2020,BIS,ND,AGL,CE,Combined TRACON& Tower with Radar,14,26,29,2,71,0,4,13,1,18,14,30,42,3,89,4,0,4,93
03/13/2020,BIS,ND,AGL,CE,Combined TRACON& Tower with Radar,13,29,15,2,59,0,3,17,4,24,13,32,32,6,83,20,0,20,103
03/14/2020,BIS,ND,AGL,CE,Combined TRACON& Tower with Radar,18,24,7,0,49,0,3,7,0,10,18,27,14,0,59,6,0,6,65
03/15/2020,BIS,ND,AGL,CE,Combined TRACON& Tower with Radar,13,16,4,0,33,0,0,0,0,0,13,16,4,0,33,0,0,0,33
03/16/2020,BIS,ND,AGL,CE,Combined TRACON& Tower with Radar,14,23,9,0,46,0,0,0,0,0,14,23,9,0,46,4,0,4,50
03/17/2020,BIS,ND,AGL,CE,Combined TRACON& Tower with Radar,10,28,17,0,55,0,0,21,1,22,10,28,38,1,77,30,0,30,107
03/18/2020,BIS,ND,AGL,CE,Combined TRACON& Tower with Radar,16,26,22,0,64,0,0,0,0,0,16,26,22,0,64,0,0,0,64
03/19/2020,BIS,ND,AGL,CE,Combined TRACON& Tower with Radar,10,33,9,0,52,0,0,0,8,8,10,33,9,8,60,0,0,0,60
03/20/2020,BIS,ND,AGL,CE,Combined TRACON& Tower with Radar,9,29,4,2,44,0,5,21,2,28,9,34,25,4,72,6,0,6,78
03/21/2020,BIS,ND,AGL,CE,Combined TRACON& Tower with Radar,11,22,3,0,36,0,1,6,0,7,11,23,9,0,43,5,0,5,48
03/22/2020,BIS,ND,AGL,CE,Combined TRACON& Tower with Radar,8,18,6,0,32,0,1,11,0,12,8,19,17,0,44,21,0,21,65
03/23/2020,BIS,ND,AGL,CE,Combined TRACON& Tower with Radar,10,21,10,2,43,0,0,8,3,11,10,21,18,5,54,4,0,4,58
03/24/2020,BIS,ND,AGL,CE,Combined TRACON& Tower with Radar,9,25,8,0,42,0,1,21,5,27,9,26,29,5,69,8,0,8,77
03/25/2020,BIS,ND,AGL,CE,Combined TRACON& Tower with Radar,6,21,8,0,35,0,4,1,5,10,6,25,9,5,45,2,0,2,47
03/26/2020,BIS,ND,AGL,CE,Combined TRACON& Tower with Radar,3,19,4,0,26,0,0,11,0,11,3,19,15,0,37,0,0,0,37
03/27/2020,BIS,ND,AGL,CE,Combined TRACON& Tower with Radar,3,20,10,0,33,0,0,10,2,12,3,20,20,2,45,0,0,0,45
03/28/2020,BIS,ND,AGL,CE,Combined TRACON& Tower with Radar,5,20,5,0,30,0,0,54,0,54,5,20,59,0,84,58,0,58,142
03/29/2020,BIS,ND,AGL,CE,Combined TRACON& Tower with Radar,2,13,6,0,21,0,1,18,0,19,2,14,24,0,40,8,0,8,48
03/30/2020,BIS,ND,AGL,CE,Combined TRACON& Tower with Radar,4,21,8,0,33,0,1,10,1,12,4,22,18,1,45,0,0,0,45
03/31/2020,BIS,ND,AGL,CE,Combined TRACON& Tower with Radar,5,26,6,2,39,0,0,4,2,6,5,26,10,4,45,0,0,0,45
04/01/2020,BIS,ND,AGL,CE,Combined TRACON& Tower with Radar,4,15,3,7,29,0,2,2,4,8,4,17,5,11,37,2,0,2,39
04/02/2020,BIS,ND,AGL,CE,Combined TRACON& Tower with Radar,7,4,1,0,12,0,0,0,0,0,7,4,1,0,12,0,0,0,12
04/03/2020,BIS,ND,AGL,CE,Combined TRACON& Tower with Radar,8,13,1,2,24,0,8,7,0,15,8,21,8,2,39,14,0,14,53
04/04/2020,BIS,ND,AGL,CE,Combined TRACON& Tower with Radar,6,10,2,0,18,0,1,8,0,9,6,11,10,0,27,4,0,4,31
04/05/2020,BIS,ND,AGL,CE,Combined TRACON& Tower with Radar,7,3,3,0,13,0,0,3,0,3,7,3,6,0,16,6,0,6,22
04/06/2020,BIS,ND,AGL,CE,Combined TRACON& Tower with Radar,7,7,5,3,22,0,2,8,1,11,7,9,13,4,33,14,0,14,47
04/07/2020,BIS,ND,AGL,CE,Combined TRACON& Tower with Radar,8,14,6,5,33,0,0,19,3,22,8,14,25,8,55,6,12,18,73
04/08/2020,BIS,ND,AGL,CE,Combined TRACON& Tower with Radar,8,14,2,0,24,0,0,3,4,7,8,14,5,4,31,0,4,4,35
04/09/2020,BIS,ND,AGL,CE,Combined TRACON& Tower with Radar,9,16,7,1,33,0,4,15,1,20,9,20,22,2,53,4,0,4,57
04/10/2020,BIS,ND,AGL,CE,Combined TRACON& Tower with Radar,7,12,14,0,33,0,1,40,0,41,7,13,54,0,74,22,0,22,96
04/11/2020,BIS,ND,AGL,CE,Combined TRACON& Tower with Radar,6,9,7,0,22,0,0,3,0,3,6,9,10,0,25,10,0,10,35
04/12/2020,BIS,ND,AGL,CE,Combined TRACON& Tower with Radar,4,2,1,0,7,0,1,2,0,3,4,3,3,0,10,0,0,0,10
04/13/2020,BIS,ND,AGL,CE,Combined TRACON& Tower with Radar,6,11,6,0,23,0,2,2,0,4,6,13,8,0,27,0,0,0,27
04/14/2020,BIS,ND,AGL,CE,Combined TRACON& Tower with Radar,7,15,1,0,23,0,6,8,0,14,7,21,9,0,37,2,0,2,39
04/15/2020,BIS,ND,AGL,CE,Combined TRACON& Tower with Radar,8,11,6,4,29,0,4,13,3,20,8,15,19,7,49,0,0,0,49
04/16/2020,BIS,ND,AGL,CE,Combined TRACON& Tower with Radar,7,14,12,0,33,0,2,12,4,18,7,16,24,4,51,0,0,0,51
04/17/2020,BIS,ND,AGL,CE,Combined TRACON& Tower with Radar,5,13,7,2,27,0,2,19,0,21,5,15,26,2,48,0,0,0,48
04/18/2020,BIS,ND,AGL,CE,Combined TRACON& Tower with Radar,9,10,5,0,24,0,6,11,0,17,9,16,16,0,41,10,0,10,51
04/19/2020,BIS,ND,AGL,CE,Combined TRACON& Tower with Radar,8,0,19,0,27,0,8,26,0,34,8,8,45,0,61,2,0,2,63
04/20/2020,BIS,ND,AGL,CE,Combined TRACON& Tower with Radar,7,9,8,0,24,0,2,17,2,21,7,11,25,2,45,2,0,2,47
04/21/2020,BIS,ND,AGL,CE,Combined TRACON& Tower with Radar,7,10,11,2,30,0,1,8,0,9,7,11,19,2,39,6,0,6,45
04/22/2020,BIS,ND,AGL,CE,Combined TRACON& Tower with Radar,6,13,11,2,32,0,0,22,9,31,6,13,33,11,63,0,0,0,63
04/23/2020,BIS,ND,AGL,CE,Combined TRACON& Tower with Radar,8,14,10,2,34,0,0,10,1,11,8,14,20,3,45,10,0,10,55
04/24/2020,BIS,ND,AGL,CE,Combined TRACON& Tower with Radar,6,14,9,0,29,0,0,18,0,18,6,14,27,0,47,16,0,16,63
04/25/2020,BIS,ND,AGL,CE,Combined TRACON& Tower with Radar,6,9,11,0,26,0,3,23,0,26,6,12,34,0,52,21,0,21,73
04/26/2020,BIS,ND,AGL,CE,Combined TRACON& Tower with Radar,6,2,9,0,17,0,0,10,0,10,6,2,19,0,27,0,0,0,27
04/27/2020,BIS,ND,AGL,CE,Combined TRACON& Tower with Radar,9,11,11,2,33,0,4,17,1,22,9,15,28,3,55,32,12,44,99
04/28/2020,BIS,ND,AGL,CE,Combined TRACON& Tower with Radar,4,12,9,2,27,0,1,10,2,13,4,13,19,4,40,0,0,0,40
04/29/2020,BIS,ND,AGL,CE,Combined TRACON& Tower with Radar,9,12,8,5,34,0,4,36,15,55,9,16,44,20,89,2,4,6,95
04/30/2020,BIS,ND,AGL,CE,Combined TRACON& Tower with Radar,4,7,9,2,22,0,9,15,1,25,4,16,24,3,47,0,0,0,47
05/01/2020,BIS,ND,AGL,CE,Combined TRACON& Tower with Radar,4,7,16,1,28,0,0,17,0,17,4,7,33,1,45,0,0,0,45
05/02/2020,BIS,ND,AGL,CE,Combined TRACON& Tower with Radar,6,11,1,0,18,0,0,15,0,15,6,11,16,0,33,22,0,22,55
05/03/2020,BIS,ND,AGL,CE,Combined TRACON& Tower with Radar,2,2,8,0,12,0,1,10,4,15,2,3,18,4,27,10,0,10,37
05/04/2020,BIS,ND,AGL,CE,Combined TRACON& Tower with Radar,7,6,5,0,18,0,1,4,0,5,7,7,9,0,23,16,0,16,39
05/05/2020,BIS,ND,AGL,CE,Combined TRACON& Tower with Radar,3,11,6,2,22,0,2,0,0,2,3,13,6,2,24,0,0,0,24
05/06/2020,BIS,ND,AGL,CE,Combined TRACON& Tower with Radar,6,10,7,1,24,0,5,17,3,25,6,15,24,4,49,2,0,2,51
05/07/2020,BIS,ND,AGL,CE,Combined TRACON& Tower with Radar,6,11,19,2,38,0,4,7,5,16,6,15,26,7,54,12,0,12,66
05/08/2020,BIS,ND,AGL,CE,Combined TRACON& Tower with Radar,8,8,5,0,21,0,6,37,8,51,8,14,42,8,72,60,0,60,132
05/09/2020,BIS,ND,AGL,CE,Combined TRACON& Tower with Radar,7,11,0,0,18,0,0,1,0,1,7,11,1,0,19,0,0,0,19
05/10/2020,BIS,ND,AGL,CE,Combined TRACON& Tower with Radar,4,0,8,0,12,0,4,9,0,13,4,4,17,0,25,2,0,2,27
05/11/2020,BIS,ND,AGL,CE,Combined TRACON& Tower with Radar,8,4,15,3,30,0,8,20,4,32,8,12,35,7,62,41,0,41,103
05/12/2020,BIS,ND,AGL,CE,Combined TRACON& Tower with Radar,6,16,8,2,32,0,3,3,3,9,6,19,11,5,41,10,16,26,67
05/13/2020,BIS,ND,AGL,CE,Combined TRACON& Tower with Radar,6,13,23,8,50,0,2,3,3,8,6,15,26,11,58,8,0,8,66
05/14/2020,BIS,ND,AGL,CE,Combined TRACON& Tower with Radar,8,10,16,2,36,0,0,10,3,13,8,10,26,5,49,0,0,0,49
05/15/2020,BIS,ND,AGL,CE,Combined TRACON& Tower with Radar,8,7,12,1,28,0,0,19,6,25,8,7,31,7,53,12,0,12,65
05/16/2020,BIS,ND,AGL,CE,Combined TRACON& Tower with Radar,10,9,8,1,28,0,1,5,3,9,10,10,13,4,37,0,0,0,37
05/17/2020,BIS,ND,AGL,CE,Combined TRACON& Tower with Radar,8,0,17,0,25,0,0,14,0,14,8,0,31,0,39,22,0,22,61
05/18/2020,BIS,ND,AGL,CE,Combined TRACON& Tower with Radar,6,2,4,0,12,0,8,6,0,14,6,10,10,0,26,0,0,0,26
05/19/2020,BIS,ND,AGL,CE,Combined TRACON& Tower with Radar,8,11,15,6,40,0,6,8,3,17,8,17,23,9,57,0,0,0,57
05/20/2020,BIS,ND,AGL,CE,Combined TRACON& Tower with Radar,8,10,24,5,47,0,6,4,9,19,8,16,28,14,66,0,0,0,66
05/21/2020,BIS,ND,AGL,CE,Combined TRACON& Tower with Radar,10,9,12,1,32,0,6,6,3,15,10,15,18,4,47,6,0,6,53
05/22/2020,BIS,ND,AGL,CE,Combined TRACON& Tower with Radar,8,16,36,5,65,0,1,18,3,22,8,17,54,8,87,22,0,22,109
05/23/2020,BIS,ND,AGL,CE,Combined TRACON& Tower with Radar,8,9,19,0,36,0,0,8,0,8,8,9,27,0,44,12,0,12,56
05/24/2020,BIS,ND,AGL,CE,Combined TRACON& Tower with Radar,8,0,13,0,21,0,0,1,0,1,8,0,14,0,22,0,0,0,22
05/25/2020,BIS,ND,AGL,CE,Combined TRACON& Tower with Radar,8,1,19,0,28,0,0,11,6,17,8,1,30,6,45,0,0,0,45
05/26/2020,BIS,ND,AGL,CE,Combined TRACON& Tower with Radar,8,4,15,0,27,0,2,27,2,31,8,6,42,2,58,46,0,46,104
05/27/2020,BIS,ND,AGL,CE,Combined TRACON& Tower with Radar,8,13,22,6,49,0,1,41,9,51,8,14,63,15,100,20,0,20,120
05/28/2020,BIS,ND,AGL,CE,Combined TRACON& Tower with Radar,10,10,18,1,39,0,2,15,0,17,10,12,33,1,56,16,0,16,72
05/29/2020,BIS,ND,AGL,CE,Combined TRACON& Tower with Radar,8,9,9,0,26,0,5,33,3,41,8,14,42,3,67,59,0,59,126
05/30/2020,BIS,ND,AGL,CE,Combined TRACON& Tower with Radar,9,9,8,0,26,0,1,12,0,13,9,10,20,0,39,0,0,0,39
05/31/2020,BIS,ND,AGL,CE,Combined TRACON& Tower with Radar,10,0,4,0,14,0,1,9,0,10,10,1,13,0,24,0,0,0,24
06/01/2020,BIS,ND,AGL,CE,Combined TRACON& Tower with Radar,6,7,7,0,20,0,1,8,4,13,6,8,15,4,33,0,0,0,33
06/02/2020,BIS,ND,AGL,CE,Combined TRACON& Tower with Radar,8,11,13,4,36,0,1,25,7,33,8,12,38,11,69,16,6,22,91
06/03/2020,BIS,ND,AGL,CE,Combined TRACON& Tower with Radar,10,14,11,0,35,0,0,16,7,23,10,14,27,7,58,4,0,4,62
06/04/2020,BIS,ND,AGL,CE,Combined TRACON& Tower with Radar,8,10,15,6,39,0,5,31,6,42,8,15,46,12,81,26,0,26,107
06/05/2020,BIS,ND,AGL,CE,Combined TRACON& Tower with Radar,6,8,4,2,20,0,2,25,7,34,6,10,29,9,54,41,8,49,103
06/06/2020,BIS,ND,AGL,CE,Combined TRACON& Tower with Radar,7,12,11,1,31,0,0,3,6,9,7,12,14,7,40,0,0,0,40
06/07/2020,BIS,ND,AGL,CE,Combined TRACON& Tower with Radar,6,3,6,0,15,0,1,18,6,25,6,4,24,6,40,24,0,24,64
06/08/2020,BIS,ND,AGL,CE,Combined TRACON& Tower with Radar,6,5,13,0,24,0,2,7,3,12,6,7,20,3,36,0,0,0,36
06/09/2020,BIS,ND,AGL,CE,Combined TRACON& Tower with Radar,6,12,12,2,32,0,0,20,5,25,6,12,32,7,57,0,0,0,57
06/10/2020,BIS,ND,AGL,CE,Combined TRACON& Tower with Radar,10,12,14,1,37,0,2,14,15,31,10,14,28,16,68,0,4,4,72
06/11/2020,BIS,ND,AGL,CE,Combined TRACON& Tower with Radar,8,13,18,0,39,0,7,13,4,24,8,20,31,4,63,36,0,36,99
06/12/2020,BIS,ND,AGL,CE,Combined TRACON& Tower with Radar,6,8,7,0,21,0,0,16,6,22,6,8,23,6,43,20,0,20,63
06/13/2020,BIS,ND,AGL,CE,Combined TRACON& Tower with Radar,8,12,8,0,28,0,3,13,0,16,8,15,21,0,44,4,0,4,48
06/14/2020,BIS,ND,AGL,CE,Combined TRACON& Tower with Radar,8,2,0,0,10,0,0,1,0,1,8,2,1,0,11,0,0,0,11
06/15/2020,BIS,ND,AGL,CE,Combined TRACON& Tower with Radar,6,6,18,0,30,0,1,8,2,11,6,7,26,2,41,6,0,6,47
06/16/2020,BIS,ND,AGL,CE,Combined TRACON& Tower with Radar,6,12,18,3,39,0,3,18,4,25,6,15,36,7,64,30,0,30,94
06/17/2020,BIS,ND,AGL,CE,Combined TRACON& Tower with Radar,9,11,27,3,50,0,2,16,8,26,9,13,43,11,76,78,0,78,154
06/18/2020,BIS,ND,AGL,CE,Combined TRACON& Tower with Radar,8,15,21,0,44,0,0,11,5,16,8,15,32,5,60,10,0,10,70
06/19/2020,BIS,ND,AGL,CE,Combined TRACON& Tower with Radar,6,11,10,0,27,0,0,38,1,39,6,11,48,1,66,12,0,12,78
06/20/2020,BIS,ND,AGL,CE,Combined TRACON& Tower with Radar,6,10,5,0,21,0,0,30,1,31,6,10,35,1,52,24,0,24,76
06/21/2020,BIS,ND,AGL,CE,Combined TRACON& Tower with Radar,6,4,10,0,20,0,4,26,3,33,6,8,36,3,53,22,8,30,83
06/22/2020,BIS,ND,AGL,CE,Combined TRACON& Tower with Radar,6,8,23,0,37,0,0,44,1,45,6,8,67,1,82,30,0,30,112
06/23/2020,BIS,ND,AGL,CE,Combined TRACON& Tower with Radar,6,10,30,0,46,0,4,50,1,55,6,14,80,1,101,4,0,4,105
06/24/2020,BIS,ND,AGL,CE,Combined TRACON& Tower with Radar,10,10,24,0,44,0,1,34,5,40,10,11,58,5,84,56,0,56,140
06/25/2020,BIS,ND,AGL,CE,Combined TRACON& Tower with Radar,8,14,29,0,51,0,3,24,12,39,8,17,53,12,90,24,0,24,114
06/26/2020,BIS,ND,AGL,CE,Combined TRACON& Tower with Radar,6,10,23,0,39,0,1,40,0,41,6,11,63,0,80,30,0,30,110
06/27/2020,BIS,ND,AGL,CE,Combined TRACON& Tower with Radar,8,13,6,0,27,0,1,14,0,15,8,14,20,0,42,16,0,16,58
06/28/2020,BIS,ND,AGL,CE,Combined TRACON& Tower with Radar,8,0,15,0,23,0,0,9,0,9,8,0,24,0,32,0,0,0,32
06/29/2020,BIS,ND,AGL,CE,Combined TRACON& Tower with Radar,8,3,39,0,50,0,3,14,3,20,8,6,53,3,70,22,0,22,92
06/30/2020,BIS,ND,AGL,CE,Combined TRACON& Tower with Radar,6,8,0,2,16,0,0,2,0,2,6,8,2,2,18,0,0,0,18
07/01/2020,BIS,ND,AGL,CE,Combined TRACON& Tower with Radar,9,16,11,1,37,0,6,34,12,52,9,22,45,13,89,50,20,70,159
07/02/2020,BIS,ND,AGL,CE,Combined TRACON& Tower with Radar,9,10,20,2,41,0,0,17,4,21,9,10,37,6,62,24,0,24,86
07/03/2020,BIS,ND,AGL,CE,Combined TRACON& Tower with Radar,6,6,5,0,17,2,4,12,0,18,8,10,17,0,35,48,0,48,83
07/04/2020,BIS,ND,AGL,CE,Combined TRACON& Tower with Radar,8,2,13,0,23,0,2,16,0,18,8,4,29,0,41,6,0,6,47
07/05/2020,BIS,ND,AGL,CE,Combined TRACON& Tower with Radar,9,4,7,0,20,0,0,23,0,23,9,4,30,0,43,24,0,24,67
07/06/2020,BIS,ND,AGL,CE,Combined TRACON& Tower with Radar,6,6,20,0,32,0,0,15,3,18,6,6,35,3,50,38,0,38,88
07/07/2020,BIS,ND,AGL,CE,Combined TRACON& Tower with Radar,5,10,26,5,46,0,2,19,5,26,5,12,45,10,72,8,0,8,80
07/08/2020,BIS,ND,AGL,CE,Combined TRACON& Tower with Radar,7,19,27,0,53,0,1,21,4,26,7,20,48,4,79,36,0,36,115
07/09/2020,BIS,ND,AGL,CE,Combined TRACON& Tower with Radar,10,15,17,0,42,0,4,21,0,25,10,19,38,0,67,6,0,6,73
07/10/2020,BIS,ND,AGL,CE,Combined TRACON& Tower with Radar,6,10,17,1,34,0,1,23,2,26,6,11,40,3,60,40,0,40,100
07/11/2020,BIS,ND,AGL,CE,Combined TRACON& Tower with Radar,8,16,24,2,50,0,1,19,2,22,8,17,43,4,72,0,0,0,72
07/12/2020,BIS,ND,AGL,CE,Combined TRACON& Tower with Radar,9,3,12,0,24,0,1,23,0,24,9,4,35,0,48,0,0,0,48
07/13/2020,BIS,ND,AGL,CE,Combined TRACON& Tower with Radar,6,5,13,5,29,0,1,16,3,20,6,6,29,8,49,39,0,39,88
07/14/2020,BIS,ND,AGL,CE,Combined TRACON& Tower with Radar,6,17,16,0,39,0,2,13,0,15,6,19,29,0,54,60,4,64,118
07/15/2020,BIS,ND,AGL,CE,Combined TRACON& Tower with Radar,7,19,17,0,43,0,6,27,4,37,7,25,44,4,80,34,0,34,114
07/16/2020,BIS,ND,AGL,CE,Combined TRACON& Tower with Radar,10,16,16,0,42,0,0,21,4,25,10,16,37,4,67,36,12,48,115
07/17/2020,BIS,ND,AGL,CE,Combined TRACON& Tower with Radar,6,14,15,0,35,0,5,21,5,31,6,19,36,5,66,48,0,48,114
07/18/2020,BIS,ND,AGL,CE,Combined TRACON& Tower with Radar,8,19,11,0,38,0,11,9,1,21,8,30,20,1,59,10,0,10,69
07/19/2020,BIS,ND,AGL,CE,Combined TRACON& Tower with Radar,8,3,18,0,29,0,7,17,0,24,8,10,35,0,53,6,0,6,59
07/20/2020,BIS,ND,AGL,CE,Combined TRACON& Tower with Radar,8,8,21,0,37,0,2,7,2,11,8,10,28,2,48,22,0,22,70
07/21/2020,BIS,ND,AGL,CE,Combined TRACON& Tower with Radar,7,9,35,4,55,0,0,9,2,11,7,9,44,6,66,0,0,0,66
07/22/2020,BIS,ND,AGL,CE,Combined TRACON& Tower with Radar,8,16,32,2,58,0,3,19,0,22,8,19,51,2,80,8,0,8,88
07/23/2020,BIS,ND,AGL,CE,Combined TRACON& Tower with Radar,11,14,27,4,56,0,2,12,3,17,11,16,39,7,73,2,0,2,75
07/24/2020,BIS,ND,AGL,CE,Combined TRACON& Tower with Radar,7,14,22,0,43,0,0,16,1,17,7,14,38,1,60,11,0,11,71
07/25/2020,BIS,ND,AGL,CE,Combined TRACON& Tower with Radar,8,18,12,0,38,0,1,23,4,28,8,19,35,4,66,42,0,42,108
07/26/2020,BIS,ND,AGL,CE,Combined TRACON& Tower with Radar,8,9,12,0,29,0,1,18,0,19,8,10,30,0,48,14,0,14,62
07/27/2020,BIS,ND,AGL,CE,Combined TRACON& Tower with Radar,7,8,17,3,35,0,3,30,1,34,7,11,47,4,69,72,0,72,141
07/28/2020,BIS,ND,AGL,CE,Combined TRACON& Tower with Radar,7,17,19,3,46,1,2,21,5,29,8,19,40,8,75,26,0,26,101
07/29/2020,BIS,ND,AGL,CE,Combined TRACON& Tower with Radar,8,14,25,1,48,0,5,20,5,30,8,19,45,6,78,34,0,34,112
07/30/2020,BIS,ND,AGL,CE,Combined TRACON& Tower with Radar,11,18,27,0,56,0,2,23,2,27,11,20,50,2,83,40,0,40,123
07/31/2020,BIS,ND,AGL,CE,Combined TRACON& Tower with Radar,6,15,17,1,39,0,3,16,5,24,6,18,33,6,63,6,0,6,69
08/01/2020,BIS,ND,AGL,CE,Combined TRACON& Tower with Radar,9,18,19,0,46,0,1,35,3,39,9,19,54,3,85,0,0,0,85
08/02/2020,BIS,ND,AGL,CE,Combined TRACON& Tower with Radar,12,5,13,0,30,0,11,28,12,51,12,16,41,12,81,28,16,44,125
08/03/2020,BIS,ND,AGL,CE,Combined TRACON& Tower with Radar,8,11,19,2,40,0,4,19,7,30,8,15,38,9,70,36,0,36,106
08/04/2020,BIS,ND,AGL,CE,Combined TRACON& Tower with Radar,8,13,11,0,32,0,3,16,4,23,8,16,27,4,55,6,12,18,73
08/05/2020,BIS,ND,AGL,CE,Combined TRACON& Tower with Radar,7,14,48,2,71,0,1,9,3,13,7,15,57,5,84,16,0,16,100
08/06/2020,BIS,ND,AGL,CE,Combined TRACON& Tower with Radar,14,13,21,0,48,0,3,13,2,18,14,16,34,2,66,0,0,0,66
08/07/2020,BIS,ND,AGL,CE,Combined TRACON& Tower with Radar,8,10,19,1,38,0,1,11,5,17,8,11,30,6,55,0,0,0,55
08/08/2020,BIS,ND,AGL,CE,Combined TRACON& Tower with Radar,10,18,11,0,39,0,3,22,3,28,10,21,33,3,67,0,0,0,67
08/09/2020,BIS,ND,AGL,CE,Combined TRACON& Tower with Radar,12,9,12,2,35,0,0,3,2,5,12,9,15,4,40,0,0,0,40
08/10/2020,BIS,ND,AGL,CE,Combined TRACON& Tower with Radar,10,12,24,2,48,0,7,25,6,38,10,19,49,8,86,16,0,16,102
08/11/2020,BIS,ND,AGL,CE,Combined TRACON& Tower with Radar,8,15,16,0,39,0,0,34,5,39,8,15,50,5,78,52,0,52,130
08/12/2020,BIS,ND,AGL,CE,Combined TRACON& Tower with Radar,9,17,15,1,42,0,4,28,10,42,9,21,43,11,84,46,10,56,140
08/13/2020,BIS,ND,AGL,CE,Combined TRACON& Tower with Radar,12,16,29,3,60,0,9,13,3,25,12,25,42,6,85,0,0,0,85
08/14/2020,BIS,ND,AGL,CE,Combined TRACON& Tower with Radar,8,15,21,0,44,0,5,13,1,19,8,20,34,1,63,0,0,0,63
08/15/2020,BIS,ND,AGL,CE,Combined TRACON& Tower with Radar,10,18,5,0,33,0,3,16,4,23,10,21,21,4,56,0,0,0,56
08/16/2020,BIS,ND,AGL,CE,Combined TRACON& Tower with Radar,12,4,10,0,26,0,4,17,3,24,12,8,27,3,50,2,0,2,52
08/17/2020,BIS,ND,AGL,CE,Combined TRACON& Tower with Radar,8,8,23,3,42,0,2,41,6,49,8,10,64,9,91,24,0,24,115
08/18/2020,BIS,ND,AGL,CE,Combined TRACON& Tower with Radar,8,14,28,0,50,0,5,16,1,22,8,19,44,1,72,0,8,8,80
08/19/2020,BIS,ND,AGL,CE,Combined TRACON& Tower with Radar,8,11,24,2,45,0,4,14,2,20,8,15,38,4,65,40,0,40,105
08/20/2020,BIS,ND,AGL,CE,Combined TRACON& Tower with Radar,10,11,25,4,50,0,2,12,0,14,10,13,37,4,64,38,0,38,102
08/21/2020,BIS,ND,AGL,CE,Combined TRACON& Tower with Radar,10,14,9,0,33,0,3,22,0,25,10,17,31,0,58,0,0,0,58
08/22/2020,BIS,ND,AGL,CE,Combined TRACON& Tower with Radar,7,18,16,0,41,0,0,27,0,27,7,18,43,0,68,0,0,0,68
08/23/2020,BIS,ND,AGL,CE,Combined TRACON& Tower with Radar,9,4,16,0,29,0,2,27,2,31,9,6,43,2,60,0,6,6,66
08/24/2020,BIS,ND,AGL,CE,Combined TRACON& Tower with Radar,10,9,10,0,29,0,1,13,0,14,10,10,23,0,43,9,0,9,52
08/25/2020,BIS,ND,AGL,CE,Combined TRACON& Tower with Radar,8,16,20,0,44,0,2,18,1,21,8,18,38,1,65,11,0,11,76
08/26/2020,BIS,ND,AGL,CE,Combined TRACON& Tower with Radar,8,19,24,3,54,0,3,17,3,23,8,22,41,6,77,11,0,11,88
08/27/2020,BIS,ND,AGL,CE,Combined TRACON& Tower with Radar,10,12,25,1,48,0,0,5,0,5,10,12,30,1,53,0,0,0,53
08/28/2020,BIS,ND,AGL,CE,Combined TRACON& Tower with Radar,10,11,31,0,52,0,1,12,0,13,10,12,43,0,65,24,0,24,89
08/29/2020,BIS,ND,AGL,CE,Combined TRACON& Tower with Radar,8,13,7,2,30,0,3,44,3,50,8,16,51,5,80,20,0,20,100
08/30/2020,BIS,ND,AGL,CE,Combined TRACON& Tower with Radar,10,7,9,0,26,0,5,4,0,9,10,12,13,0,35,0,0,0,35
08/31/2020,BIS,ND,AGL,CE,Combined TRACON& Tower with Radar,10,7,19,0,36,0,3,25,0,28,10,10,44,0,64,4,0,4,68
09/01/2020,BIS,ND,AGL,CE,Combined TRACON& Tower with Radar,8,15,17,5,45,0,4,19,1,24,8,19,36,6,69,0,0,0,69
09/02/2020,BIS,ND,AGL,CE,Combined TRACON& Tower with Radar,8,15,20,2,45,0,0,11,6,17,8,15,31,8,62,6,0,6,68
09/03/2020,BIS,ND,AGL,CE,Combined TRACON& Tower with Radar,10,14,20,2,46,0,5,17,4,26,10,19,37,6,72,23,2,25,97
09/04/2020,BIS,ND,AGL,CE,Combined TRACON& Tower with Radar,15,13,13,7,48,0,4,23,7,34,15,17,36,14,82,42,0,42,124
09/05/2020,BIS,ND,AGL,CE,Combined TRACON& Tower with Radar,8,12,0,0,20,0,0,21,0,21,8,12,21,0,41,16,0,16,57
09/06/2020,BIS,ND,AGL,CE,Combined TRACON& Tower with Radar,9,3,0,0,12,0,5,7,0,12,9,8,7,0,24,0,0,0,24
09/07/2020,BIS,ND,AGL,CE,Combined TRACON& Tower with Radar,11,5,2,0,18,0,2,2,0,4,11,7,4,0,22,0,0,0,22
09/08/2020,BIS,ND,AGL,CE,Combined TRACON& Tower with Radar,12,8,17,7,44,0,6,10,4,20,12,14,27,11,64,4,0,4,68
09/09/2020,BIS,ND,AGL,CE,Combined TRACON& Tower with Radar,10,17,7,2,36,0,5,14,5,24,10,22,21,7,60,12,0,12,72
09/10/2020,BIS,ND,AGL,CE,Combined TRACON& Tower with Radar,15,16,24,3,58,0,5,19,9,33,15,21,43,12,91,6,6,12,103
09/11/2020,BIS,ND,AGL,CE,Combined TRACON& Tower with Radar,15,16,19,2,52,0,6,20,12,38,15,22,39,14,90,30,2,32,122
09/12/2020,BIS,ND,AGL,CE,Combined TRACON& Tower with Radar,11,15,20,2,48,0,1,29,6,36,11,16,49,8,84,12,0,12,96
09/13/2020,BIS,ND,AGL,CE,Combined TRACON& Tower with Radar,16,5,6,0,27,0,2,41,0,43,16,7,47,0,70,20,0,20,90
09/14/2020,BIS,ND,AGL,CE,Combined TRACON& Tower with Radar,14,14,19,3,50,0,1,19,3,23,14,15,38,6,73,24,0,24,97
09/15/2020,BIS,ND,AGL,CE,Combined TRACON& Tower with Radar,12,17,16,6,51,0,3,19,1,23,12,20,35,7,74,42,0,42,116
09/16/2020,BIS,ND,AGL,CE,Combined TRACON& Tower with Radar,12,23,25,5,65,0,7,35,7,49,12,30,60,12,114,18,0,18,132
09/17/2020,BIS,ND,AGL,CE,Combined TRACON& Tower with Radar,16,17,36,1,70,0,0,23,1,24,16,17,59,2,94,20,0,20,114
09/18/2020,BIS,ND,AGL,CE,Combined TRACON& Tower with Radar,16,19,24,0,59,0,4,25,8,37,16,23,49,8,96,23,4,27,123
09/19/2020,BIS,ND,AGL,CE,Combined TRACON& Tower with Radar,12,14,10,1,37,0,3,6,4,13,12,17,16,5,50,56,0,56,106
09/20/2020,BIS,ND,AGL,CE,Combined TRACON& Tower with Radar,16,5,7,0,28,0,1,5,4,10,16,6,12,4,38,0,0,0,38
09/21/2020,BIS,ND,AGL,CE,Combined TRACON& Tower with Radar,13,15,17,2,47,0,0,23,0,23,13,15,40,2,70,16,22,38,108
09/22/2020,BIS,ND,AGL,CE,Combined TRACON& Tower with Radar,13,16,30,6,65,0,3,22,3,28,13,19,52,9,93,8,2,10,103
09/23/2020,BIS,ND,AGL,CE,Combined TRACON& Tower with Radar,12,16,28,3,59,0,3,11,4,18,12,19,39,7,77,0,0,0,77
09/24/2020,BIS,ND,AGL,CE,Combined TRACON& Tower with Radar,16,16,16,4,52,0,4,12,4,20,16,20,28,8,72,18,0,18,90
09/25/2020,BIS,ND,AGL,CE,Combined TRACON& Tower with Radar,14,18,24,2,58,0,1,23,10,34,14,19,47,12,92,12,0,12,104
09/26/2020,BIS,ND,AGL,CE,Combined TRACON& Tower with Radar,8,13,1,0,22,0,1,2,7,10,8,14,3,7,32,0,0,0,32
09/27/2020,BIS,ND,AGL,CE,Combined TRACON& Tower with Radar,10,7,10,0,27,0,1,0,0,1,10,8,10,0,28,0,0,0,28
09/28/2020,BIS,ND,AGL,CE,Combined TRACON& Tower with Radar,11,8,3,0,22,0,3,10,0,13,11,11,13,0,35,20,0,20,55
09/29/2020,BIS,ND,AGL,CE,Combined TRACON& Tower with Radar,12,25,15,2,54,0,2,12,2,16,12,27,27,4,70,22,0,22,92
09/30/2020,BIS,ND,AGL,CE,Combined TRACON& Tower with Radar,12,30,32,4,78,0,0,3,13,16,12,30,35,17,94,0,0,0,94
10/01/2020,BIS,ND,AGL,CE,Combined TRACON& Tower with Radar,18,22,26,2,68,0,4,12,0,16,18,26,38,2,84,74,0,74,158
10/02/2020,BIS,ND,AGL,CE,Combined TRACON& Tower with Radar,18,16,13,2,49,0,4,25,2,31,18,20,38,4,80,44,0,44,124
10/03/2020,BIS,ND,AGL,CE,Combined TRACON& Tower with Radar,15,17,11,0,43,0,7,9,0,16,15,24,20,0,59,4,0,4,63
10/04/2020,BIS,ND,AGL,CE,Combined TRACON& Tower with Radar,19,5,13,0,37,0,8,24,0,32,19,13,37,0,69,8,0,8,77
10/05/2020,BIS,ND,AGL,CE,Combined TRACON& Tower with Radar,16,13,17,0,46,0,3,13,0,16,16,16,30,0,62,6,0,6,68
10/06/2020,BIS,ND,AGL,CE,Combined TRACON& Tower with Radar,14,28,19,2,63,0,0,19,0,19,14,28,38,2,82,0,0,0,82
10/07/2020,BIS,ND,AGL,CE,Combined TRACON& Tower with Radar,16,19,36,2,73,0,2,19,3,24,16,21,55,5,97,0,0,0,97
10/08/2020,BIS,ND,AGL,CE,Combined TRACON& Tower with Radar,18,16,22,7,63,0,2,12,2,16,18,18,34,9,79,0,0,0,79
10/09/2020,BIS,ND,AGL,CE,Combined TRACON& Tower with Radar,14,22,19,2,57,0,1,16,2,19,14,23,35,4,76,14,0,14,90
10/10/2020,BIS,ND,AGL,CE,Combined TRACON& Tower with Radar,14,13,6,0,33,0,1,26,0,27,14,14,32,0,60,0,0,0,60
10/11/2020,BIS,ND,AGL,CE,Combined TRACON& Tower with Radar,16,4,8,0,28,1,3,2,0,6,17,7,10,0,34,16,0,16,50
10/12/2020,BIS,ND,AGL,CE,Combined TRACON& Tower with Radar,17,10,28,0,55,0,2,19,0,21,17,12,47,0,76,10,0,10,86
10/13/2020,BIS,ND,AGL,CE,Combined TRACON& Tower with Radar,15,16,11,4,46,0,3,8,1,12,15,19,19,5,58,16,0,16,74
10/14/2020,BIS,ND,AGL,CE,Combined TRACON& Tower with Radar,16,21,30,0,67,0,0,3,7,10,16,21,33,7,77,0,0,0,77
10/15/2020,BIS,ND,AGL,CE,Combined TRACON& Tower with Radar,18,22,19,0,59,0,3,11,1,15,18,25,30,1,74,20,2,22,96
10/16/2020,BIS,ND,AGL,CE,Combined TRACON& Tower with Radar,17,19,17,2,55,0,0,16,0,16,17,19,33,2,71,14,0,14,85
10/17/2020,BIS,ND,AGL,CE,Combined TRACON& Tower with Radar,14,13,7,0,34,0,4,14,0,18,14,17,21,0,52,4,0,4,56
10/18/2020,BIS,ND,AGL,CE,Combined TRACON& Tower with Radar,19,8,7,0,34,0,2,17,0,19,19,10,24,0,53,8,0,8,61
10/19/2020,BIS,ND,AGL,CE,Combined TRACON& Tower with Radar,14,9,20,2,45,1,0,4,4,9,15,9,24,6,54,20,0,20,74
10/20/2020,BIS,ND,AGL,CE,Combined TRACON& Tower with Radar,17,21,11,0,49,0,0,0,2,2,17,21,11,2,51,0,0,0,51
10/21/2020,BIS,ND,AGL,CE,Combined TRACON& Tower with Radar,15,20,15,2,52,0,2,13,4,19,15,22,28,6,71,20,0,20,91
10/22/2020,BIS,ND,AGL,CE,Combined TRACON& Tower with Radar,18,21,5,0,44,0,0,0,0,0,18,21,5,0,44,0,0,0,44
10/23/2020,BIS,ND,AGL,CE,Combined TRACON& Tower with Radar,14,16,37,1,68,1,1,15,0,17,15,17,52,1,85,0,0,0,85
10/24/2020,BIS,ND,AGL,CE,Combined TRACON& Tower with Radar,14,18,4,0,36,0,0,1,0,1,14,18,5,0,37,0,0,0,37
10/25/2020,BIS,ND,AGL,CE,Combined TRACON& Tower with Radar,16,2,14,0,32,0,1,0,0,1,16,3,14,0,33,0,0,0,33
10/26/2020,BIS,ND,AGL,CE,Combined TRACON& Tower with Radar,15,14,21,0,50,0,4,35,1,40,15,18,56,1,90,10,0,10,100
10/27/2020,BIS,ND,AGL,CE,Combined TRACON& Tower with Radar,15,19,17,0,51,0,0,8,3,11,15,19,25,3,62,8,0,8,70
10/28/2020,BIS,ND,AGL,CE,Combined TRACON& Tower with Radar,15,15,25,2,57,0,4,38,14,56,15,19,63,16,113,0,58,58,171
10/29/2020,BIS,ND,AGL,CE,Combined TRACON& Tower with Radar,18,19,30,0,67,0,2,7,0,9,18,21,37,0,76,24,4,28,104
10/30/2020,BIS,ND,AGL,CE,Combined TRACON& Tower with Radar,15,20,4,2,41,0,0,0,0,0,15,20,4,2,41,0,0,0,41
10/31/2020,BIS,ND,AGL,CE,Combined TRACON& Tower with Radar,14,17,6,0,37,0,0,1,0,1,14,17,7,0,38,0,0,0,38
11/01/2020,BIS,ND,AGL,CE,Combined TRACON& Tower with Radar,17,5,17,0,39,0,1,37,0,38,17,6,54,0,77,29,0,29,106
11/02/2020,BIS,ND,AGL,CE,Combined TRACON& Tower with Radar,15,15,15,0,45,0,4,27,6,37,15,19,42,6,82,44,12,56,138
11/03/2020,BIS,ND,AGL,CE,Combined TRACON& Tower with Radar,13,19,18,0,50,0,3,17,4,24,13,22,35,4,74,6,0,6,80
11/04/2020,BIS,ND,AGL,CE,Combined TRACON& Tower with Radar,15,21,20,1,57,0,2,29,14,45,15,23,49,15,102,28,2,30,132
11/05/2020,BIS,ND,AGL,CE,Combined TRACON& Tower with Radar,19,18,31,4,72,0,4,28,5,37,19,22,59,9,109,40,0,40,149
11/06/2020,BIS,ND,AGL,CE,Combined TRACON& Tower with Radar,16,14,4,2,36,0,2,22,0,24,16,16,26,2,60,20,0,20,80
11/07/2020,BIS,ND,AGL,CE,Combined TRACON& Tower with Radar,15,18,2,0,35,0,1,3,0,4,15,19,5,0,39,20,0,20,59
11/08/2020,BIS,ND,AGL,CE,Combined TRACON& Tower with Radar,19,8,2,0,29,0,1,4,1,6,19,9,6,1,35,28,0,28,63
11/09/2020,BIS,ND,AGL,CE,Combined TRACON& Tower with Radar,17,7,3,0,27,0,4,5,0,9,17,11,8,0,36,0,0,0,36
11/10/2020,BIS,ND,AGL,CE,Combined TRACON& Tower with Radar,14,17,15,0,46,1,3,22,10,36,15,20,37,10,82,46,2,48,130
11/11/2020,BIS,ND,AGL,CE,Combined TRACON& Tower with Radar,16,20,10,0,46,0,0,6,0,6,16,20,16,0,52,0,0,0,52
11/12/2020,BIS,ND,AGL,CE,Combined TRACON& Tower with Radar,17,24,12,0,53,0,0,12,9,21,17,24,24,9,74,0,6,6,80
11/13/2020,BIS,ND,AGL,CE,Combined TRACON& Tower with Radar,17,17,11,0,45,0,0,33,0,33,17,17,44,0,78,6,0,6,84
11/14/2020,BIS,ND,AGL,CE,Combined TRACON& Tower with Radar,15,15,4,1,35,0,0,21,1,22,15,15,25,2,57,2,0,2,59
11/15/2020,BIS,ND,AGL,CE,Combined TRACON& Tower with Radar,19,4,9,0,32,0,5,20,0,25,19,9,29,0,57,37,0,37,94
11/16/2020,BIS,ND,AGL,CE,Combined TRACON& Tower with Radar,17,13,13,4,47,0,4,5,0,9,17,17,18,4,56,0,6,6,62
11/17/2020,BIS,ND,AGL,CE,Combined TRACON& Tower with Radar,15,25,15,2,57,0,6,15,1,22,15,31,30,3,79,12,0,12,91
11/18/2020,BIS,ND,AGL,CE,Combined TRACON& Tower with Radar,17,17,32,1,67,0,3,34,5,42,17,20,66,6,109,71,0,71,180
11/19/2020,BIS,ND,AGL,CE,Combined TRACON& Tower with Radar,16,22,20,0,58,0,1,2,0,3,16,23,22,0,61,0,0,0,61
11/20/2020,BIS,ND,AGL,CE,Combined TRACON& Tower with Radar,16,22,8,0,46,0,7,13,2,22,16,29,21,2,68,14,0,14,82
11/21/2020,BIS,ND,AGL,CE,Combined TRACON& Tower with Radar,17,12,18,3,50,0,4,36,4,44,17,16,54,7,94,46,0,46,140
11/22/2020,BIS,ND,AGL,CE,Combined TRACON& Tower with Radar,19,5,12,0,36,0,4,20,4,28,19,9,32,4,64,16,0,16,80
11/23/2020,BIS,ND,AGL,CE,Combined TRACON& Tower with Radar,19,9,12,0,40,0,2,16,0,18,19,11,28,0,58,6,0,6,64
11/24/2020,BIS,ND,AGL,CE,Combined TRACON& Tower with Radar,18,17,9,0,44,0,0,6,8,14,18,17,15,8,58,6,0,6,64
11/25/2020,BIS,ND,AGL,CE,Combined TRACON& Tower with Radar,20,15,15,0,50,0,0,17,2,19,20,15,32,2,69,10,0,10,79
11/26/2020,BIS,ND,AGL,CE,Combined TRACON& Tower with Radar,10,5,2,0,17,0,1,17,0,18,10,6,19,0,35,10,0,10,45
11/27/2020,BIS,ND,AGL,CE,Combined TRACON& Tower with Radar,17,17,4,0,38,0,0,8,0,8,17,17,12,0,46,0,0,0,46
11/28/2020,BIS,ND,AGL,CE,Combined TRACON& Tower with Radar,18,16,8,0,42,0,0,14,0,14,18,16,22,0,56,0,0,0,56
11/29/2020,BIS,ND,AGL,CE,Combined TRACON& Tower with Radar,17,5,11,0,33,1,4,7,0,12,18,9,18,0,45,0,0,0,45
11/30/2020,BIS,ND,AGL,CE,Combined TRACON& Tower with Radar,16,11,23,0,50,0,3,36,0,39,16,14,59,0,89,22,0,22,111
12/01/2020,BIS,ND,AGL,CE,Combined TRACON& Tower with Radar,16,20,19,0,55,0,1,11,0,12,16,21,30,0,67,22,0,22,89
12/02/2020,BIS,ND,AGL,CE,Combined TRACON& Tower with Radar,16,16,19,0,51,0,5,12,8,25,16,21,31,8,76,0,0,0,76
12/03/2020,BIS,ND,AGL,CE,Combined TRACON& Tower with Radar,15,12,12,3,42,0,2,25,2,29,15,14,37,5,71,24,0,24,95
12/04/2020,BIS,ND,AGL,CE,Combined TRACON& Tower with Radar,11,15,15,1,42,0,0,21,2,23,11,15,36,3,65,4,0,4,69
12/05/2020,BIS,ND,AGL,CE,Combined TRACON& Tower with Radar,13,12,14,1,40,0,0,27,7,34,13,12,41,8,74,22,0,22,96
12/06/2020,BIS,ND,AGL,CE,Combined TRACON& Tower with Radar,13,5,10,0,28,0,1,26,2,29,13,6,36,2,57,30,0,30,87
12/07/2020,BIS,ND,AGL,CE,Combined TRACON& Tower with Radar,17,9,18,0,44,0,5,28,3,36,17,14,46,3,80,10,0,10,90
12/08/2020,BIS,ND,AGL,CE,Combined TRACON& Tower with Radar,13,14,16,2,45,0,1,19,5,25,13,15,35,7,70,10,0,10,80
12/09/2020,BIS,ND,AGL,CE,Combined TRACON& Tower with Radar,15,26,11,6,58,0,1,17,11,29,15,27,28,17,87,24,6,30,117
12/10/2020,BIS,ND,AGL,CE,Combined TRACON& Tower with Radar,17,15,11,0,43,0,6,10,4,20,17,21,21,4,63,0,0,0,63
12/11/2020,BIS,ND,AGL,CE,Combined TRACON& Tower with Radar,13,14,4,0,31,0,0,0,0,0,13,14,4,0,31,0,0,0,31
12/12/2020,BIS,ND,AGL,CE,Combined TRACON& Tower with Radar,13,18,1,0,32,0,0,0,0,0,13,18,1,0,32,0,0,0,32
12/13/2020,BIS,ND,AGL,CE,Combined TRACON& Tower with Radar,15,8,4,0,27,0,0,3,0,3,15,8,7,0,30,0,0,0,30
12/14/2020,BIS,ND,AGL,CE,Combined TRACON& Tower with Radar,17,7,17,1,42,0,5,19,5,29,17,12,36,6,71,26,0,26,97
12/15/2020,BIS,ND,AGL,CE,Combined TRACON& Tower with Radar,15,19,21,3,58,0,0,10,0,10,15,19,31,3,68,2,0,2,70
12/16/2020,BIS,ND,AGL,CE,Combined TRACON& Tower with Radar,13,14,28,1,56,0,3,18,11,32,13,17,46,12,88,2,0,2,90
12/17/2020,BIS,ND,AGL,CE,Combined TRACON& Tower with Radar,13,18,17,0,48,0,6,12,7,25,13,24,29,7,73,14,0,14,87
12/18/2020,BIS,ND,AGL,CE,Combined TRACON& Tower with Radar,14,20,14,0,48,0,2,2,0,4,14,22,16,0,52,0,0,0,52
12/19/2020,BIS,ND,AGL,CE,Combined TRACON& Tower with Radar,16,13,15,0,44,0,0,10,0,10,16,13,25,0,54,35,0,35,89
12/20/2020,BIS,ND,AGL,CE,Combined TRACON& Tower with Radar,12,7,9,1,29,0,3,5,0,8,12,10,14,1,37,10,0,10,47
12/21/2020,BIS,ND,AGL,CE,Combined TRACON& Tower with Radar,12,17,12,3,44,0,1,8,1,10,12,18,20,4,54,0,0,0,54
12/22/2020,BIS,ND,AGL,CE,Combined TRACON& Tower with Radar,12,18,17,0,47,0,0,21,0,21,12,18,38,0,68,24,0,24,92
12/23/2020,BIS,ND,AGL,CE,Combined TRACON& Tower with Radar,15,8,5,0,28,0,0,0,0,0,15,8,5,0,28,0,0,0,28
12/24/2020,BIS,ND,AGL,CE,Combined TRACON& Tower with Radar,11,18,5,0,34,0,4,10,0,14,11,22,15,0,48,4,0,4,52
12/25/2020,BIS,ND,AGL,CE,Combined TRACON& Tower with Radar,11,10,3,0,24,0,2,22,0,24,11,12,25,0,48,6,0,6,54
12/26/2020,BIS,ND,AGL,CE,Combined TRACON& Tower with Radar,14,22,4,0,40,0,0,11,0,11,14,22,15,0,51,0,0,0,51
12/27/2020,BIS,ND,AGL,CE,Combined TRACON& Tower with Radar,12,6,1,0,19,0,0,4,0,4,12,6,5,0,23,24,0,24,47
12/28/2020,BIS,ND,AGL,CE,Combined TRACON& Tower with Radar,15,14,7,2,38,0,1,15,0,16,15,15,22,2,54,22,0,22,76
12/29/2020,BIS,ND,AGL,CE,Combined TRACON& Tower with Radar,13,17,4,0,34,0,0,1,0,1,13,17,5,0,35,0,0,0,35
12/30/2020,BIS,ND,AGL,CE,Combined TRACON& Tower with Radar,17,24,12,0,53,0,1,8,5,14,17,25,20,5,67,4,0,4,71
12/31/2020,BIS,ND,AGL,CE,Combined TRACON& Tower with Radar,10,16,15,0,41,0,0,23,0,23,10,16,38,0,64,0,0,0,64
01/01/2021,BIS,ND,AGL,CE,Combined TRACON& Tower with Radar,10,5,10,0,25,0,2,18,0,20,10,7,28,0,45,10,0,10,55
01/02/2021,BIS,ND,AGL,CE,Combined TRACON& Tower with Radar,16,17,9,0,42,0,1,13,0,14,16,18,22,0,56,10,0,10,66
01/03/2021,BIS,ND,AGL,CE,Combined TRACON& Tower with Radar,12,9,9,0,30,0,4,19,0,23,12,13,28,0,53,18,0,18,71
01/04/2021,BIS,ND,AGL,CE,Combined TRACON& Tower with Radar,15,14,14,0,43,0,9,38,2,49,15,23,52,2,92,30,0,30,122
01/05/2021,BIS,ND,AGL,CE,Combined TRACON& Tower with Radar,11,20,22,1,54,0,6,31,1,38,11,26,53,2,92,24,0,24,116
01/06/2021,BIS,ND,AGL,CE,Combined TRACON& Tower with Radar,11,20,10,0,41,0,0,6,0,6,11,20,16,0,47,8,4,12,59
01/07/2021,BIS,ND,AGL,CE,Combined TRACON& Tower with Radar,12,19,12,8,51,0,0,0,0,0,12,19,12,8,51,0,0,0,51
01/08/2021,BIS,ND,AGL,CE,Combined TRACON& Tower with Radar,9,24,0,6,39,0,0,0,0,0,9,24,0,6,39,0,0,0,39
01/09/2021,BIS,ND,AGL,CE,Combined TRACON& Tower with Radar,12,11,2,2,27,0,0,0,5,5,12,11,2,7,32,0,0,0,32
01/10/2021,BIS,ND,AGL,CE,Combined TRACON& Tower with Radar,17,5,8,0,30,0,1,10,8,19,17,6,18,8,49,0,0,0,49
01/11/2021,BIS,ND,AGL,CE,Combined TRACON& Tower with Radar,10,10,12,5,37,0,0,17,4,21,10,10,29,9,58,26,8,34,92
01/12/2021,BIS,ND,AGL,CE,Combined TRACON& Tower with Radar,10,18,24,2,54,0,0,42,1,43,10,18,66,3,97,58,0,58,155
01/13/2021,BIS,ND,AGL,CE,Combined TRACON& Tower with Radar,10,21,15,3,49,0,2,21,9,32,10,23,36,12,81,8,0,8,89
01/14/2021,BIS,ND,AGL,CE,Combined TRACON& Tower with Radar,11,11,5,0,27,0,0,0,0,0,11,11,5,0,27,0,0,0,27
01/15/2021,BIS,ND,AGL,CE,Combined TRACON& Tower with Radar,13,20,19,5,57,0,4,0,0,4,13,24,19,5,61,0,0,0,61
01/16/2021,BIS,ND,AGL,CE,Combined TRACON& Tower with Radar,11,14,10,2,37,0,0,18,0,18,11,14,28,2,55,20,0,20,75
01/17/2021,BIS,ND,AGL,CE,Combined TRACON& Tower with Radar,12,5,5,0,22,0,1,19,0,20,12,6,24,0,42,76,0,76,118
01/18/2021,BIS,ND,AGL,CE,Combined TRACON& Tower with Radar,11,14,14,0,39,0,0,0,0,0,11,14,14,0,39,0,0,0,39
01/19/2021,BIS,ND,AGL,CE,Combined TRACON& Tower with Radar,11,17,23,0,51,0,1,10,0,11,11,18,33,0,62,28,0,28,90
01/20/2021,BIS,ND,AGL,CE,Combined TRACON& Tower with Radar,9,20,23,0,52,0,0,7,8,15,9,20,30,8,67,10,1,11,78
01/21/2021,BIS,ND,AGL,CE,Combined TRACON& Tower with Radar,13,21,18,0,52,0,2,8,5,15,13,23,26,5,67,24,0,24,91
01/22/2021,BIS,ND,AGL,CE,Combined TRACON& Tower with Radar,11,15,30,0,56,0,0,27,4,31,11,15,57,4,87,50,0,50,137
01/23/2021,BIS,ND,AGL,CE,Combined TRACON& Tower with Radar,12,14,1,0,27,0,0,25,1,26,12,14,26,1,53,41,0,41,94
01/24/2021,BIS,ND,AGL,CE,Combined TRACON& Tower with Radar,13,7,6,3,29,0,0,5,1,6,13,7,11,4,35,12,0,12,47
01/25/2021,BIS,ND,AGL,CE,Combined TRACON& Tower with Radar,9,17,9,0,35,0,0,1,0,1,9,17,10,0,36,0,0,0,36
01/26/2021,BIS,ND,AGL,CE,Combined TRACON& Tower with Radar,12,17,19,1,49,0,2,3,5,10,12,19,22,6,59,2,8,10,69
01/27/2021,BIS,ND,AGL,CE,Combined TRACON& Tower with Radar,11,20,24,0,55,0,0,2,9,11,11,20,26,9,66,20,2,22,88
01/28/2021,BIS,ND,AGL,CE,Combined TRACON& Tower with Radar,15,15,19,2,51,0,0,20,2,22,15,15,39,4,73,26,0,26,99
01/29/2021,BIS,ND,AGL,CE,Combined TRACON& Tower with Radar,11,22,24,2,59,0,0,0,0,0,11,22,24,2,59,0,0,0,59
01/30/2021,BIS,ND,AGL,CE,Combined TRACON& Tower with Radar,14,20,1,0,35,0,0,0,0,0,14,20,1,0,35,0,0,0,35
01/31/2021,BIS,ND,AGL,CE,Combined TRACON& Tower with Radar,12,3,18,0,33,0,0,0,0,0,12,3,18,0,33,0,0,0,33
02/01/2021,BIS,ND,AGL,CE,Combined TRACON& Tower with Radar,10,9,15,0,34,0,1,5,0,6,10,10,20,0,40,20,0,20,60
02/02/2021,BIS,ND,AGL,CE,Combined TRACON& Tower with Radar,10,15,10,0,35,0,0,0,0,0,10,15,10,0,35,0,0,0,35
02/03/2021,BIS,ND,AGL,CE,Combined TRACON& Tower with Radar,10,18,17,0,45,0,0,0,0,0,10,18,17,0,45,0,0,0,45
02/04/2021,BIS,ND,AGL,CE,Combined TRACON& Tower with Radar,14,18,22,0,54,0,1,8,4,13,14,19,30,4,67,4,0,4,71
02/05/2021,BIS,ND,AGL,CE,Combined TRACON& Tower with Radar,9,18,10,0,37,0,1,2,0,3,9,19,12,0,40,10,0,10,50
02/06/2021,BIS,ND,AGL,CE,Combined TRACON& Tower with Radar,12,15,8,0,35,0,0,6,0,6,12,15,14,0,41,0,0,0,41
02/07/2021,BIS,ND,AGL,CE,Combined TRACON& Tower with Radar,12,7,8,0,27,0,0,0,0,0,12,7,8,0,27,4,0,4,31
02/08/2021,BIS,ND,AGL,CE,Combined TRACON& Tower with Radar,12,12,18,2,44,0,0,5,0,5,12,12,23,2,49,0,0,0,49
02/09/2021,BIS,ND,AGL,CE,Combined TRACON& Tower with Radar,10,21,16,2,49,0,3,10,0,13,10,24,26,2,62,0,0,0,62
02/10/2021,BIS,ND,AGL,CE,Combined TRACON& Tower with Radar,15,19,22,2,58,0,0,10,5,15,15,19,32,7,73,70,0,70,143
02/11/2021,BIS,ND,AGL,CE,Combined TRACON& Tower with Radar,14,13,31,0,58,0,0,0,0,0,14,13,31,0,58,0,0,0,58
02/12/2021,BIS,ND,AGL,CE,Combined TRACON& Tower with Radar,12,17,9,0,38,0,2,1,0,3,12,19,10,0,41,8,0,8,49
02/13/2021,BIS,ND,AGL,CE,Combined TRACON& Tower with Radar,12,12,4,0,28,0,0,0,0,0,12,12,4,0,28,0,0,0,28
02/14/2021,BIS,ND,AGL,CE,Combined TRACON& Tower with Radar,11,3,10,0,24,0,0,10,0,10,11,3,20,0,34,6,0,6,40
02/15/2021,BIS,ND,AGL,CE,Combined TRACON& Tower with Radar,14,12,13,0,39,0,0,15,0,15,14,12,28,0,54,46,0,46,100
02/16/2021,BIS,ND,AGL,CE,Combined TRACON& Tower with Radar,11,12,25,0,48,0,2,13,5,20,11,14,38,5,68,0,0,0,68
02/17/2021,BIS,ND,AGL,CE,Combined TRACON& Tower with Radar,17,11,20,2,50,0,0,10,12,22,17,11,30,14,72,12,0,12,84
02/18/2021,BIS,ND,AGL,CE,Combined TRACON& Tower with Radar,14,18,24,0,56,0,0,4,3,7,14,18,28,3,63,4,0,4,67
02/19/2021,BIS,ND,AGL,CE,Combined TRACON& Tower with Radar,11,12,10,0,33,0,11,8,6,25,11,23,18,6,58,90,0,90,148
02/20/2021,BIS,ND,AGL,CE,Combined TRACON& Tower with Radar,12,11,15,1,39,0,1,21,3,25,12,12,36,4,64,12,2,14,78
02/21/2021,BIS,ND,AGL,CE,Combined TRACON& Tower with Radar,14,2,6,0,22,0,3,15,2,20,14,5,21,2,42,0,4,4,46
02/22/2021,BIS,ND,AGL,CE,Combined TRACON& Tower with Radar,14,12,11,2,39,0,0,3,0,3,14,12,14,2,42,0,0,0,42
02/23/2021,BIS,ND,AGL,CE,Combined TRACON& Tower with Radar,12,15,19,0,46,0,0,1,0,1,12,15,20,0,47,0,0,0,47
02/24/2021,BIS,ND,AGL,CE,Combined TRACON& Tower with Radar,16,20,28,3,67,0,0,7,5,12,16,20,35,8,79,2,2,4,83
02/25/2021,BIS,ND,AGL,CE,Combined TRACON& Tower with Radar,13,17,18,11,59,0,0,13,11,24,13,17,31,22,83,12,0,12,95
02/26/2021,BIS,ND,AGL,CE,Combined TRACON& Tower with Radar,12,15,22,2,51,3,1,8,0,12,15,16,30,2,63,6,6,12,75
02/27/2021,BIS,ND,AGL,CE,Combined TRACON& Tower with Radar,14,13,9,0,36,0,0,0,0,0,14,13,9,0,36,0,0,0,36
02/28/2021,BIS,ND,AGL,CE,Combined TRACON& Tower with Radar,14,3,7,0,24,0,4,10,2,16,14,7,17,2,40,0,0,0,40
03/01/2021,BIS,ND,AGL,CE,Combined TRACON& Tower with Radar,13,10,13,2,38,0,3,14,4,21,13,13,27,6,59,6,0,6,65
03/02/2021,BIS,ND,AGL,CE,Combined TRACON& Tower with Radar,10,25,21,4,60,0,9,13,3,25,10,34,34,7,85,50,0,50,135
03/03/2021,BIS,ND,AGL,CE,Combined TRACON& Tower with Radar,14,23,19,0,56,0,4,35,5,44,14,27,54,5,100,90,2,92,192
03/04/2021,BIS,ND,AGL,CE,Combined TRACON& Tower with Radar,11,25,20,3,59,0,1,25,4,30,11,26,45,7,89,0,0,0,89
03/05/2021,BIS,ND,AGL,CE,Combined TRACON& Tower with Radar,11,20,14,0,45,0,0,7,0,7,11,20,21,0,52,40,0,40,92
03/06/2021,BIS,ND,AGL,CE,Combined TRACON& Tower with Radar,12,20,5,0,37,0,0,1,0,1,12,20,6,0,38,10,0,10,48
03/07/2021,BIS,ND,AGL,CE,Combined TRACON& Tower with Radar,13,9,6,0,28,0,3,8,0,11,13,12,14,0,39,0,0,0,39
03/08/2021,BIS,ND,AGL,CE,Combined TRACON& Tower with Radar,11,13,17,1,42,0,0,18,3,21,11,13,35,4,63,8,0,8,71
03/09/2021,BIS,ND,AGL,CE,Combined TRACON& Tower with Radar,9,26,15,1,51,0,0,20,3,23,9,26,35,4,74,14,0,14,88
03/10/2021,BIS,ND,AGL,CE,Combined TRACON& Tower with Radar,13,28,23,3,67,0,1,2,5,8,13,29,25,8,75,22,0,22,97
03/11/2021,BIS,ND,AGL,CE,Combined TRACON& Tower with Radar,11,27,17,0,55,0,3,5,4,12,11,30,22,4,67,10,0,10,77
03/12/2021,BIS,ND,AGL,CE,Combined TRACON& Tower with Radar,11,18,14,1,44,0,4,18,0,22,11,22,32,1,66,30,0,30,96
03/13/2021,BIS,ND,AGL,CE,Combined TRACON& Tower with Radar,14,18,11,0,43,0,2,31,3,36,14,20,42,3,79,50,0,50,129
03/14/2021,BIS,ND,AGL,CE,Combined TRACON& Tower with Radar,11,8,2,0,21,1,2,8,0,11,12,10,10,0,32,0,0,0,32
03/15/2021,BIS,ND,AGL,CE,Combined TRACON& Tower with Radar,8,12,5,2,27,0,0,1,0,1,8,12,6,2,28,0,0,0,28
03/16/2021,BIS,ND,AGL,CE,Combined TRACON& Tower with Radar,7,23,13,2,45,0,0,0,1,1,7,23,13,3,46,0,0,0,46
03/17/2021,BIS,ND,AGL,CE,Combined TRACON& Tower with Radar,11,27,16,0,54,1,0,2,5,8,12,27,18,5,62,0,0,0,62
03/18/2021,BIS,ND,AGL,CE,Combined TRACON& Tower with Radar,9,28,20,2,59,0,1,10,1,12,9,29,30,3,71,26,0,26,97
03/19/2021,BIS,ND,AGL,CE,Combined TRACON& Tower with Radar,11,21,9,0,41,0,1,15,0,16,11,22,24,0,57,0,0,0,57
03/20/2021,BIS,ND,AGL,CE,Combined TRACON& Tower with Radar,10,17,11,0,38,0,1,22,1,24,10,18,33,1,62,10,0,10,72
03/21/2021,BIS,ND,AGL,CE,Combined TRACON& Tower with Radar,11,12,9,0,32,0,0,22,2,24,11,12,31,2,56,20,0,20,76
03/22/2021,BIS,ND,AGL,CE,Combined TRACON& Tower with Radar,11,17,19,0,47,0,4,14,2,20,11,21,33,2,67,0,0,0,67
03/23/2021,BIS,ND,AGL,CE,Combined TRACON& Tower with Radar,7,23,14,2,46,0,5,18,0,23,7,28,32,2,69,18,0,18,87
03/24/2021,BIS,ND,AGL,CE,Combined TRACON& Tower with Radar,12,27,14,0,53,0,0,9,5,14,12,27,23,5,67,16,0,16,83
03/25/2021,BIS,ND,AGL,CE,Combined TRACON& Tower with Radar,10,26,15,0,51,0,8,11,1,20,10,34,26,1,71,14,0,14,85
03/26/2021,BIS,ND,AGL,CE,Combined TRACON& Tower with Radar,11,19,12,3,45,0,1,10,2,13,11,20,22,5,58,4,0,4,62
03/27/2021,BIS,ND,AGL,CE,Combined TRACON& Tower with Radar,9,21,9,0,39,0,2,5,0,7,9,23,14,0,46,0,0,0,46
03/28/2021,BIS,ND,AGL,CE,Combined TRACON& Tower with Radar,13,12,5,1,31,0,2,4,1,7,13,14,9,2,38,13,0,13,51
03/29/2021,BIS,ND,AGL,CE,Combined TRACON& Tower with Radar,11,17,6,1,35,0,1,8,0,9,11,18,14,1,44,0,0,0,44
03/30/2021,BIS,ND,AGL,CE,Combined TRACON& Tower with Radar,9,30,7,0,46,0,0,2,0,2,9,30,9,0,48,0,0,0,48
03/31/2021,BIS,ND,AGL,CE,Combined TRACON& Tower with Radar,14,29,15,0,58,0,1,29,5,35,14,30,44,5,93,20,0,20,113
04/01/2021,BIS,ND,AGL,CE,Combined TRACON& Tower with Radar,13,25,18,0,56,0,1,6,8,15,13,26,24,8,71,0,0,0,71
04/02/2021,BIS,ND,AGL,CE,Combined TRACON& Tower with Radar,9,21,24,0,54,0,4,19,2,25,9,25,43,2,79,28,0,28,107
04/03/2021,BIS,ND,AGL,CE,Combined TRACON& Tower with Radar,10,18,5,0,33,0,1,24,0,25,10,19,29,0,58,16,0,16,74
04/04/2021,BIS,ND,AGL,CE,Combined TRACON& Tower with Radar,11,14,9,0,34,0,0,5,0,5,11,14,14,0,39,3,0,3,42
04/05/2021,BIS,ND,AGL,CE,Combined TRACON& Tower with Radar,11,17,24,0,52,0,1,9,0,10,11,18,33,0,62,0,0,0,62
04/06/2021,BIS,ND,AGL,CE,Combined TRACON& Tower with Radar,7,26,44,0,77,0,2,17,2,21,7,28,61,2,98,12,0,12,110
04/07/2021,BIS,ND,AGL,CE,Combined TRACON& Tower with Radar,11,28,22,0,61,0,2,26,13,41,11,30,48,13,102,8,0,8,110
04/08/2021,BIS,ND,AGL,CE,Combined TRACON& Tower with Radar,13,31,25,0,69,0,1,26,0,27,13,32,51,0,96,6,0,6,102
04/09/2021,BIS,ND,AGL,CE,Combined TRACON& Tower with Radar,11,26,18,2,57,0,4,4,6,14,11,30,22,8,71,0,0,0,71
04/10/2021,BIS,ND,AGL,CE,Combined TRACON& Tower with Radar,10,18,24,1,53,0,2,63,6,71,10,20,87,7,124,42,0,42,166
04/11/2021,BIS,ND,AGL,CE,Combined TRACON& Tower with Radar,13,13,9,0,35,0,0,1,3,4,13,13,10,3,39,6,0,6,45
04/12/2021,BIS,ND,AGL,CE,Combined TRACON& Tower with Radar,15,16,10,0,41,0,0,0,0,0,15,16,10,0,41,0,0,0,41
04/13/2021,BIS,ND,AGL,CE,Combined TRACON& Tower with Radar,11,27,19,0,57,0,4,1,0,5,11,31,20,0,62,0,0,0,62
04/14/2021,BIS,ND,AGL,CE,Combined TRACON& Tower with Radar,14,31,24,2,71,0,0,12,4,16,14,31,36,6,87,0,0,0,87
04/15/2021,BIS,ND,AGL,CE,Combined TRACON& Tower with Radar,15,22,14,0,51,0,0,2,0,2,15,22,16,0,53,19,0,19,72
04/16/2021,BIS,ND,AGL,CE,Combined TRACON& Tower with Radar,13,18,12,0,43,0,0,17,0,17,13,18,29,0,60,50,0,50,110
04/17/2021,BIS,ND,AGL,CE,Combined TRACON& Tower with Radar,10,17,16,0,43,0,12,32,0,44,10,29,48,0,87,14,0,14,101
04/18/2021,BIS,ND,AGL,CE,Combined TRACON& Tower with Radar,15,8,9,0,32,0,2,7,0,9,15,10,16,0,41,0,0,0,41
04/19/2021,BIS,ND,AGL,CE,Combined TRACON& Tower with Radar,16,16,28,5,65,0,1,22,3,26,16,17,50,8,91,2,8,10,101
04/20/2021,BIS,ND,AGL,CE,Combined TRACON& Tower with Radar,14,29,20,0,63,0,3,1,0,4,14,32,21,0,67,0,0,0,67
04/21/2021,BIS,ND,AGL,CE,Combined TRACON& Tower with Radar,12,29,25,2,68,0,1,23,8,32,12,30,48,10,100,28,0,28,128
04/22/2021,BIS,ND,AGL,CE,Combined TRACON& Tower with Radar,16,26,19,0,61,0,0,29,5,34,16,26,48,5,95,16,0,16,111
04/23/2021,BIS,ND,AGL,CE,Combined TRACON& Tower with Radar,11,22,11,1,45,0,0,12,0,12,11,22,23,1,57,0,0,0,57
04/24/2021,BIS,ND,AGL,CE,Combined TRACON& Tower with Radar,12,14,15,0,41,0,3,43,6,52,12,17,58,6,93,14,0,14,107
04/25/2021,BIS,ND,AGL,CE,Combined TRACON& Tower with Radar,16,8,9,0,33,0,2,1,0,3,16,10,10,0,36,0,0,0,36
04/26/2021,BIS,ND,AGL,CE,Combined TRACON& Tower with Radar,13,18,15,2,48,0,0,0,0,0,13,18,15,2,48,0,0,0,48
04/27/2021,BIS,ND,AGL,CE,Combined TRACON& Tower with Radar,12,24,24,4,64,0,7,23,0,30,12,31,47,4,94,14,0,14,108
04/28/2021,BIS,ND,AGL,CE,Combined TRACON& Tower with Radar,12,21,22,1,56,0,4,42,6,52,12,25,64,7,108,50,0,50,158
04/29/2021,BIS,ND,AGL,CE,Combined TRACON& Tower with Radar,16,22,15,0,53,0,6,14,0,20,16,28,29,0,73,30,0,30,103
04/30/2021,BIS,ND,AGL,CE,Combined TRACON& Tower with Radar,14,22,21,0,57,0,0,15,2,17,14,22,36,2,74,11,0,11,85
05/01/2021,BIS,ND,AGL,CE,Combined TRACON& Tower with Radar,10,18,10,1,39,0,1,16,6,23,10,19,26,7,62,0,0,0,62
05/02/2021,BIS,ND,AGL,CE,Combined TRACON& Tower with Radar,16,8,17,0,41,0,0,7,4,11,16,8,24,4,52,4,0,4,56
05/03/2021,BIS,ND,AGL,CE,Combined TRACON& Tower with Radar,13,21,27,0,61,0,0,11,4,15,13,21,38,4,76,0,0,0,76
05/04/2021,BIS,ND,AGL,CE,Combined TRACON& Tower with Radar,12,21,20,0,53,0,0,16,0,16,12,21,36,0,69,20,0,20,89
05/05/2021,BIS,ND,AGL,CE,Combined TRACON& Tower with Radar,10,29,25,1,65,0,0,3,9,12,10,29,28,10,77,0,0,0,77
05/06/2021,BIS,ND,AGL,CE,Combined TRACON& Tower with Radar,14,22,20,2,58,0,0,8,4,12,14,22,28,6,70,20,0,20,90
05/07/2021,BIS,ND,AGL,CE,Combined TRACON& Tower with Radar,11,26,18,0,55,0,0,43,0,43,11,26,61,0,98,44,0,44,142
05/08/2021,BIS,ND,AGL,CE,Combined TRACON& Tower with Radar,11,18,2,0,31,0,0,1,0,1,11,18,3,0,32,0,0,0,32
05/09/2021,BIS,ND,AGL,CE,Combined TRACON& Tower with Radar,14,12,12,0,38,0,0,6,0,6,14,12,18,0,44,6,0,6,50
05/10/2021,BIS,ND,AGL,CE,Combined TRACON& Tower with Radar,11,21,27,3,62,0,10,26,6,42,11,31,53,9,104,22,0,22,126
05/11/2021,BIS,ND,AGL,CE,Combined TRACON& Tower with Radar,11,28,28,0,67,0,2,59,1,62,11,30,87,1,129,82,0,82,211
05/12/2021,BIS,ND,AGL,CE,Combined TRACON& Tower with Radar,11,30,18,3,62,0,0,15,2,17,11,30,33,5,79,32,12,44,123
05/13/2021,BIS,ND,AGL,CE,Combined TRACON& Tower with Radar,14,33,33,2,82,0,1,22,7,30,14,34,55,9,112,23,0,23,135
05/14/2021,BIS,ND,AGL,CE,Combined TRACON& Tower with Radar,13,25,12,0,50,0,1,23,4,28,13,26,35,4,78,27,0,27,105
05/15/2021,BIS,ND,AGL,CE,Combined TRACON& Tower with Radar,11,18,8,0,37,0,0,20,1,21,11,18,28,1,58,0,0,0,58
05/16/2021,BIS,ND,AGL,CE,Combined TRACON& Tower with Radar,15,14,8,0,37,0,4,11,1,16,15,18,19,1,53,4,1,5,58
05/17/2021,BIS,ND,AGL,CE,Combined TRACON& Tower with Radar,12,16,19,1,48,0,6,29,4,39,12,22,48,5,87,0,0,0,87
05/18/2021,BIS,ND,AGL,CE,Combined TRACON& Tower with Radar,12,25,28,0,65,0,3,2,0,5,12,28,30,0,70,2,0,2,72
05/19/2021,BIS,ND,AGL,CE,Combined TRACON& Tower with Radar,12,21,29,0,62,0,2,20,3,25,12,23,49,3,87,56,0,56,143
05/20/2021,BIS,ND,AGL,CE,Combined TRACON& Tower with Radar,16,31,23,0,70,0,10,13,3,26,16,41,36,3,96,92,0,92,188
05/21/2021,BIS,ND,AGL,CE,Combined TRACON& Tower with Radar,12,24,27,1,64,0,1,2,0,3,12,25,29,1,67,8,0,8,75
05/22/2021,BIS,ND,AGL,CE,Combined TRACON& Tower with Radar,11,16,22,0,49,0,4,2,1,7,11,20,24,1,56,0,0,0,56
05/23/2021,BIS,ND,AGL,CE,Combined TRACON& Tower with Radar,16,17,24,0,57,0,2,0,0,2,16,19,24,0,59,0,0,0,59
05/24/2021,BIS,ND,AGL,CE,Combined TRACON& Tower with Radar,12,22,15,2,51,0,4,34,1,39,12,26,49,3,90,16,0,16,106
05/25/2021,BIS,ND,AGL,CE,Combined TRACON& Tower with Radar,13,28,21,2,64,0,0,1,5,6,13,28,22,7,70,16,0,16,86
05/26/2021,BIS,ND,AGL,CE,Combined TRACON& Tower with Radar,16,25,32,2,75,0,0,26,1,27,16,25,58,3,102,71,0,71,173
05/27/2021,BIS,ND,AGL,CE,Combined TRACON& Tower with Radar,14,23,22,0,59,0,0,7,0,7,14,23,29,0,66,12,0,12,78
05/28/2021,BIS,ND,AGL,CE,Combined TRACON& Tower with Radar,11,29,22,0,62,0,0,15,0,15,11,29,37,0,77,0,0,0,77
05/29/2021,BIS,ND,AGL,CE,Combined TRACON& Tower with Radar,14,21,25,0,60,0,3,10,0,13,14,24,35,0,73,0,0,0,73
05/30/2021,BIS,ND,AGL,CE,Combined TRACON& Tower with Radar,14,7,7,0,28,0,2,5,0,7,14,9,12,0,35,0,0,0,35
05/31/2021,BIS,ND,AGL,CE,Combined TRACON& Tower with Radar,10,11,12,0,33,0,2,42,8,52,10,13,54,8,85,8,0,8,93
06/01/2021,BIS,ND,AGL,CE,Combined TRACON& Tower with Radar,14,18,19,6,57,0,2,31,0,33,14,20,50,6,90,0,0,0,90
06/02/2021,BIS,ND,AGL,CE,Combined TRACON& Tower with Radar,18,28,36,2,84,0,2,53,2,57,18,30,89,4,141,22,0,22,163
06/03/2021,BIS,ND,AGL,CE,Combined TRACON& Tower with Radar,14,26,26,2,68,0,1,31,2,34,14,27,57,4,102,0,26,26,128
06/04/2021,BIS,ND,AGL,CE,Combined TRACON& Tower with Radar,12,29,13,2,56,0,3,25,4,32,12,32,38,6,88,0,0,0,88
06/05/2021,BIS,ND,AGL,CE,Combined TRACON& Tower with Radar,6,28,4,0,38,0,4,21,3,28,6,32,25,3,66,0,0,0,66
06/06/2021,BIS,ND,AGL,CE,Combined TRACON& Tower with Radar,13,14,7,0,34,0,1,19,0,20,13,15,26,0,54,0,0,0,54
06/07/2021,BIS,ND,AGL,CE,Combined TRACON& Tower with Radar,5,28,18,1,52,0,1,30,6,37,5,29,48,7,89,10,0,10,99
06/08/2021,BIS,ND,AGL,CE,Combined TRACON& Tower with Radar,9,28,20,2,59,0,0,3,2,5,9,28,23,4,64,2,0,2,66
06/09/2021,BIS,ND,AGL,CE,Combined TRACON& Tower with Radar,9,32,23,1,65,0,0,30,7,37,9,32,53,8,102,44,56,100,202
06/10/2021,BIS,ND,AGL,CE,Combined TRACON& Tower with Radar,9,29,26,4,68,0,0,24,1,25,9,29,50,5,93,0,0,0,93
06/11/2021,BIS,ND,AGL,CE,Combined TRACON& Tower with Radar,9,32,12,1,54,0,0,6,0,6,9,32,18,1,60,0,0,0,60
06/12/2021,BIS,ND,AGL,CE,Combined TRACON& Tower with Radar,9,26,10,1,46,0,1,36,8,45,9,27,46,9,91,32,4,36,127
06/13/2021,BIS,ND,AGL,CE,Combined TRACON& Tower with Radar,11,16,7,0,34,0,1,54,5,60,11,17,61,5,94,10,0,10,104
06/14/2021,BIS,ND,AGL,CE,Combined TRACON& Tower with Radar,7,29,17,4,57,0,1,49,0,50,7,30,66,4,107,14,0,14,121
06/15/2021,BIS,ND,AGL,CE,Combined TRACON& Tower with Radar,7,31,36,3,77,0,0,24,3,27,7,31,60,6,104,0,0,0,104
06/16/2021,BIS,ND,AGL,CE,Combined TRACON& Tower with Radar,9,32,35,2,78,0,0,23,15,38,9,32,58,17,116,12,8,20,136
06/17/2021,BIS,ND,AGL,CE,Combined TRACON& Tower with Radar,9,31,17,2,59,0,1,41,2,44,9,32,58,4,103,20,0,20,123
06/18/2021,BIS,ND,AGL,CE,Combined TRACON& Tower with Radar,7,27,10,4,48,0,0,18,0,18,7,27,28,4,66,19,0,19,85
06/19/2021,BIS,ND,AGL,CE,Combined TRACON& Tower with Radar,7,26,14,0,47,0,1,32,0,33,7,27,46,0,80,17,0,17,97
06/20/2021,BIS,ND,AGL,CE,Combined TRACON& Tower with Radar,9,20,17,1,47,0,0,12,0,12,9,20,29,1,59,10,0,10,69
06/21/2021,BIS,ND,AGL,CE,Combined TRACON& Tower with Radar,7,19,21,2,49,0,2,17,2,21,7,21,38,4,70,8,1,9,79
06/22/2021,BIS,ND,AGL,CE,Combined TRACON& Tower with Radar,9,28,32,0,69,0,2,32,0,34,9,30,64,0,103,16,0,16,119
06/23/2021,BIS,ND,AGL,CE,Combined TRACON& Tower with Radar,9,29,23,2,63,0,1,34,4,39,9,30,57,6,102,36,0,36,138
06/24/2021,BIS,ND,AGL,CE,Combined TRACON& Tower with Radar,9,29,29,1,68,0,1,13,5,19,9,30,42,6,87,0,0,0,87
06/25/2021,BIS,ND,AGL,CE,Combined TRACON& Tower with Radar,7,36,24,0,67,0,1,7,1,9,7,37,31,1,76,46,0,46,122
06/26/2021,BIS,ND,AGL,CE,Combined TRACON& Tower with Radar,6,29,5,0,40,0,1,10,0,11,6,30,15,0,51,6,0,6,57
06/27/2021,BIS,ND,AGL,CE,Combined TRACON& Tower with Radar,10,18,16,0,44,0,0,4,0,4,10,18,20,0,48,0,0,0,48
06/28/2021,BIS,ND,AGL,CE,Combined TRACON& Tower with Radar,5,28,21,2,56,0,10,29,0,39,5,38,50,2,95,35,0,35,130
06/29/2021,BIS,ND,AGL,CE,Combined TRACON& Tower with Radar,9,31,26,3,69,0,1,37,7,45,9,32,63,10,114,20,0,20,134
06/30/2021,BIS,ND,AGL,CE,Combined TRACON& Tower with Radar,9,33,33,0,75,0,6,32,8,46,9,39,65,8,121,30,0,30,151
07/01/2021,BIS,ND,AGL,CE,Combined TRACON& Tower with Radar,11,32,39,4,86,17,0,17,3,37,28,32,56,7,123,48,0,48,171
07/02/2021,BIS,ND,AGL,CE,Combined TRACON& Tower with Radar,6,32,17,2,57,0,0,16,0,16,6,32,33,2,73,0,0,0,73
07/03/2021,BIS,ND,AGL,CE,Combined TRACON& Tower with Radar,6,32,2,0,40,0,2,13,0,15,6,34,15,0,55,20,0,20,75
07/04/2021,BIS,ND,AGL,CE,Combined TRACON& Tower with Radar,9,17,4,0,30,0,0,5,0,5,9,17,9,0,35,12,0,12,47
07/05/2021,BIS,ND,AGL,CE,Combined TRACON& Tower with Radar,5,26,9,14,54,0,0,16,0,16,5,26,25,14,70,26,8,34,104
07/06/2021,BIS,ND,AGL,CE,Combined TRACON& Tower with Radar,9,32,27,0,68,0,0,15,0,15,9,32,42,0,83,0,0,0,83
07/07/2021,BIS,ND,AGL,CE,Combined TRACON& Tower with Radar,10,27,39,4,80,0,2,17,6,25,10,29,56,10,105,38,0,38,143
07/08/2021,BIS,ND,AGL,CE,Combined TRACON& Tower with Radar,8,27,26,1,62,0,0,16,0,16,8,27,42,1,78,52,0,52,130
07/09/2021,BIS,ND,AGL,CE,Combined TRACON& Tower with Radar,8,22,18,0,48,0,0,11,0,11,8,22,29,0,59,0,0,0,59
07/10/2021,BIS,ND,AGL,CE,Combined TRACON& Tower with Radar,7,37,13,10,67,0,9,20,0,29,7,46,33,10,96,54,0,54,150
07/11/2021,BIS,ND,AGL,CE,Combined TRACON& Tower with Radar,9,20,8,0,37,0,1,39,0,40,9,21,47,0,77,12,0,12,89
07/12/2021,BIS,ND,AGL,CE,Combined TRACON& Tower with Radar,7,25,19,2,53,0,4,25,0,29,7,29,44,2,82,15,0,15,97
07/13/2021,BIS,ND,AGL,CE,Combined TRACON& Tower with Radar,8,35,26,1,70,0,6,25,4,35,8,41,51,5,105,36,0,36,141
07/14/2021,BIS,ND,AGL,CE,Combined TRACON& Tower with Radar,11,26,26,4,67,0,2,16,4,22,11,28,42,8,89,16,0,16,105
07/15/2021,BIS,ND,AGL,CE,Combined TRACON& Tower with Radar,9,26,19,2,56,0,1,16,2,19,9,27,35,4,75,12,0,12,87
07/16/2021,BIS,ND,AGL,CE,Combined TRACON& Tower with Radar,7,26,23,0,56,0,1,7,0,8,7,27,30,0,64,0,0,0,64
07/17/2021,BIS,ND,AGL,CE,Combined TRACON& Tower with Radar,8,31,10,0,49,0,0,17,0,17,8,31,27,0,66,34,0,34,100
07/18/2021,BIS,ND,AGL,CE,Combined TRACON& Tower with Radar,6,17,13,1,37,0,0,18,0,18,6,17,31,1,55,55,0,55,110
07/19/2021,BIS,ND,AGL,CE,Combined TRACON& Tower with Radar,4,27,19,3,53,0,3,26,2,31,4,30,45,5,84,0,0,0,84
07/20/2021,BIS,ND,AGL,CE,Combined TRACON& Tower with Radar,9,37,30,0,76,0,2,16,4,22,9,39,46,4,98,0,12,12,110
07/21/2021,BIS,ND,AGL,CE,Combined TRACON& Tower with Radar,10,36,43,3,92,0,0,13,10,23,10,36,56,13,115,70,2,72,187
07/22/2021,BIS,ND,AGL,CE,Combined TRACON& Tower with Radar,9,35,33,5,82,0,0,16,0,16,9,35,49,5,98,6,0,6,104
07/23/2021,BIS,ND,AGL,CE,Combined TRACON& Tower with Radar,4,24,18,4,50,0,2,28,4,34,4,26,46,8,84,37,0,37,121
07/24/2021,BIS,ND,AGL,CE,Combined TRACON& Tower with Radar,8,29,14,0,51,0,2,18,0,20,8,31,32,0,71,0,0,0,71
07/25/2021,BIS,ND,AGL,CE,Combined TRACON& Tower with Radar,11,17,11,0,39,0,7,18,0,25,11,24,29,0,64,34,0,34,98
07/26/2021,BIS,ND,AGL,CE,Combined TRACON& Tower with Radar,7,21,26,3,57,0,2,19,8,29,7,23,45,11,86,12,0,12,98
07/27/2021,BIS,ND,AGL,CE,Combined TRACON& Tower with Radar,8,34,21,6,69,0,3,29,2,34,8,37,50,8,103,12,0,12,115
07/28/2021,BIS,ND,AGL,CE,Combined TRACON& Tower with Radar,8,31,36,1,76,0,3,27,6,36,8,34,63,7,112,22,4,26,138
07/29/2021,BIS,ND,AGL,CE,Combined TRACON& Tower with Radar,9,27,22,2,60,0,0,29,7,36,9,27,51,9,96,27,0,27,123
07/30/2021,BIS,ND,AGL,CE,Combined TRACON& Tower with Radar,6,27,34,3,70,0,0,4,1,5,6,27,38,4,75,12,0,12,87
07/31/2021,BIS,ND,AGL,CE,Combined TRACON& Tower with Radar,8,28,16,0,52,0,0,25,0,25,8,28,41,0,77,12,0,12,89
08/01/2021,BIS,ND,AGL,CE,Combined TRACON& Tower with Radar,10,16,24,0,50,0,4,33,0,37,10,20,57,0,87,0,0,0,87
08/02/2021,BIS,ND,AGL,CE,Combined TRACON& Tower with Radar,7,28,31,0,66,0,3,10,0,13,7,31,41,0,79,0,0,0,79
08/03/2021,BIS,ND,AGL,CE,Combined TRACON& Tower with Radar,7,31,34,3,75,0,0,24,3,27,7,31,58,6,102,16,9,25,127
08/04/2021,BIS,ND,AGL,CE,Combined TRACON& Tower with Radar,9,31,28,4,72,0,0,18,3,21,9,31,46,7,93,10,0,10,103
08/05/2021,BIS,ND,AGL,CE,Combined TRACON& Tower with Radar,8,30,50,3,91,0,2,22,3,27,8,32,72,6,118,30,8,38,156
08/06/2021,BIS,ND,AGL,CE,Combined TRACON& Tower with Radar,4,28,29,2,63,0,3,21,0,24,4,31,50,2,87,12,0,12,99
08/07/2021,BIS,ND,AGL,CE,Combined TRACON& Tower with Radar,7,40,6,0,53,0,0,10,0,10,7,40,16,0,63,14,0,14,77
08/08/2021,BIS,ND,AGL,CE,Combined TRACON& Tower with Radar,10,21,16,0,47,0,2,17,0,19,10,23,33,0,66,0,0,0,66
08/09/2021,BIS,ND,AGL,CE,Combined TRACON& Tower with Radar,8,25,29,2,64,0,0,5,3,8,8,25,34,5,72,6,2,8,80
08/10/2021,BIS,ND,AGL,CE,Combined TRACON& Tower with Radar,6,31,26,0,63,0,0,29,1,30,6,31,55,1,93,0,0,0,93
08/11/2021,BIS,ND,AGL,CE,Combined TRACON& Tower with Radar,6,32,26,0,64,0,2,20,4,26,6,34,46,4,90,22,11,33,123
08/12/2021,BIS,ND,AGL,CE,Combined TRACON& Tower with Radar,8,39,31,2,80,0,3,19,4,26,8,42,50,6,106,0,0,0,106
08/13/2021,BIS,ND,AGL,CE,Combined TRACON& Tower with Radar,6,27,10,2,45,0,2,27,2,31,6,29,37,4,76,18,0,18,94
08/14/2021,BIS,ND,AGL,CE,Combined TRACON& Tower with Radar,7,34,9,0,50,0,1,16,0,17,7,35,25,0,67,0,0,0,67
08/15/2021,BIS,ND,AGL,CE,Combined TRACON& Tower with Radar,8,16,13,0,37,0,3,15,0,18,8,19,28,0,55,6,0,6,61
08/16/2021,BIS,ND,AGL,CE,Combined TRACON& Tower with Radar,8,28,37,0,73,0,0,12,0,12,8,28,49,0,85,2,0,2,87
08/17/2021,BIS,ND,AGL,CE,Combined TRACON& Tower with Radar,7,33,19,2,61,0,0,18,0,18,7,33,37,2,79,24,0,24,103
08/18/2021,BIS,ND,AGL,CE,Combined TRACON& Tower with Radar,4,37,36,3,80,0,3,14,7,24,4,40,50,10,104,15,0,15,119
08/19/2021,BIS,ND,AGL,CE,Combined TRACON& Tower with Radar,8,26,20,0,54,0,0,12,3,15,8,26,32,3,69,32,0,32,101
08/20/2021,BIS,ND,AGL,CE,Combined TRACON& Tower with Radar,7,27,23,2,59,0,0,1,0,1,7,27,24,2,60,0,0,0,60
08/21/2021,BIS,ND,AGL,CE,Combined TRACON& Tower with Radar,5,31,8,0,44,0,1,23,2,26,5,32,31,2,70,29,0,29,99
08/22/2021,BIS,ND,AGL,CE,Combined TRACON& Tower with Radar,9,19,10,0,38,0,0,5,0,5,9,19,15,0,43,0,0,0,43
08/23/2021,BIS,ND,AGL,CE,Combined TRACON& Tower with Radar,7,28,14,2,51,0,2,44,2,48,7,30,58,4,99,50,0,50,149
08/24/2021,BIS,ND,AGL,CE,Combined TRACON& Tower with Radar,5,35,23,6,69,0,2,14,6,22,5,37,37,12,91,6,0,6,97
08/25/2021,BIS,ND,AGL,CE,Combined TRACON& Tower with Radar,5,33,31,5,74,0,2,23,8,33,5,35,54,13,107,2,0,2,109
08/26/2021,BIS,ND,AGL,CE,Combined TRACON& Tower with Radar,8,31,35,4,78,0,0,2,2,4,8,31,37,6,82,8,6,14,96
08/27/2021,BIS,ND,AGL,CE,Combined TRACON& Tower with Radar,7,35,17,1,60,0,0,1,2,3,7,35,18,3,63,4,0,4,67
08/28/2021,BIS,ND,AGL,CE,Combined TRACON& Tower with Radar,5,30,14,0,49,0,0,27,5,32,5,30,41,5,81,18,0,18,99
08/29/2021,BIS,ND,AGL,CE,Combined TRACON& Tower with Radar,8,21,22,0,51,0,0,22,0,22,8,21,44,0,73,26,0,26,99
08/30/2021,BIS,ND,AGL,CE,Combined TRACON& Tower with Radar,9,23,19,3,54,0,2,20,7,29,9,25,39,10,83,24,8,32,115
08/31/2021,BIS,ND,AGL,CE,Combined TRACON& Tower with Radar,7,46,29,4,86,0,1,27,6,34,7,47,56,10,120,30,0,30,150
09/01/2021,BIS,ND,AGL,CE,Combined TRACON& Tower with Radar,5,36,36,4,81,0,0,10,4,14,5,36,46,8,95,57,2,59,154
09/02/2021,BIS,ND,AGL,CE,Combined TRACON& Tower with Radar,9,35,35,4,83,0,2,0,0,2,9,37,35,4,85,0,0,0,85
09/03/2021,BIS,ND,AGL,CE,Combined TRACON& Tower with Radar,7,31,27,2,67,0,3,19,0,22,7,34,46,2,89,53,6,59,148
09/04/2021,BIS,ND,AGL,CE,Combined TRACON& Tower with Radar,6,29,13,0,48,0,3,25,0,28,6,32,38,0,76,0,0,0,76
09/05/2021,BIS,ND,AGL,CE,Combined TRACON& Tower with Radar,8,18,4,0,30,0,3,16,0,19,8,21,20,0,49,0,0,0,49
09/06/2021,BIS,ND,AGL,CE,Combined TRACON& Tower with Radar,7,21,18,0,46,0,3,10,0,13,7,24,28,0,59,8,0,8,67
09/07/2021,BIS,ND,AGL,CE,Combined TRACON& Tower with Radar,7,27,26,1,61,0,2,21,3,26,7,29,47,4,87,57,0,57,144
09/08/2021,BIS,ND,AGL,CE,Combined TRACON& Tower with Radar,5,37,27,5,74,0,7,33,14,54,5,44,60,19,128,15,2,17,145
09/09/2021,BIS,ND,AGL,CE,Combined TRACON& Tower with Radar,9,32,42,3,86,0,2,19,6,27,9,34,61,9,113,4,0,4,117
09/10/2021,BIS,ND,AGL,CE,Combined TRACON& Tower with Radar,6,29,14,2,51,0,3,16,11,30,6,32,30,13,81,0,4,4,85
09/11/2021,BIS,ND,AGL,CE,Combined TRACON& Tower with Radar,5,34,19,1,59,0,8,14,7,29,5,42,33,8,88,10,0,10,98
09/12/2021,BIS,ND,AGL,CE,Combined TRACON& Tower with Radar,10,23,23,2,58,0,1,101,3,105,10,24,124,5,163,12,0,12,175
09/13/2021,BIS,ND,AGL,CE,Combined TRACON& Tower with Radar,10,27,15,0,52,0,0,1,0,1,10,27,16,0,53,0,0,0,53
09/14/2021,BIS,ND,AGL,CE,Combined TRACON& Tower with Radar,7,33,25,4,69,0,0,25,2,27,7,33,50,6,96,20,0,20,116
09/15/2021,BIS,ND,AGL,CE,Combined TRACON& Tower with Radar,7,39,31,1,78,0,0,21,4,25,7,39,52,5,103,6,8,14,117
09/16/2021,BIS,ND,AGL,CE,Combined TRACON& Tower with Radar,12,39,19,2,72,0,0,32,0,32,12,39,51,2,104,18,0,18,122
09/17/2021,BIS,ND,AGL,CE,Combined TRACON& Tower with Radar,8,32,27,0,67,0,1,32,0,33,8,33,59,0,100,44,0,44,144
09/18/2021,BIS,ND,AGL,CE,Combined TRACON& Tower with Radar,8,23,5,0,36,0,0,15,0,15,8,23,20,0,51,0,0,0,51
09/19/2021,BIS,ND,AGL,CE,Combined TRACON& Tower with Radar,10,20,16,0,46,0,2,14,0,16,10,22,30,0,62,4,0,4,66
09/20/2021,BIS,ND,AGL,CE,Combined TRACON& Tower with Radar,8,27,26,1,62,0,0,11,0,11,8,27,37,1,73,6,0,6,79
09/21/2021,BIS,ND,AGL,CE,Combined TRACON& Tower with Radar,7,28,36,0,71,0,0,47,6,53,7,28,83,6,124,41,0,41,165
09/22/2021,BIS,ND,AGL,CE,Combined TRACON& Tower with Radar,7,33,31,5,76,0,6,53,9,68,7,39,84,14,144,48,0,48,192
09/23/2021,BIS,ND,AGL,CE,Combined TRACON& Tower with Radar,11,32,19,1,63,0,1,22,3,26,11,33,41,4,89,16,0,16,105
09/24/2021,BIS,ND,AGL,CE,Combined TRACON& Tower with Radar,9,30,30,4,73,0,0,22,0,22,9,30,52,4,95,8,0,8,103
09/25/2021,BIS,ND,AGL,CE,Combined TRACON& Tower with Radar,9,27,17,0,53,0,3,37,0,40,9,30,54,0,93,1,0,1,94
09/26/2021,BIS,ND,AGL,CE,Combined TRACON& Tower with Radar,11,23,14,0,48,0,2,24,0,26,11,25,38,0,74,28,0,28,102
09/27/2021,BIS,ND,AGL,CE,Combined TRACON& Tower with Radar,9,24,26,0,59,0,2,10,0,12,9,26,36,0,71,8,0,8,79
09/28/2021,BIS,ND,AGL,CE,Combined TRACON& Tower with Radar,4,36,21,0,61,0,2,21,3,26,4,38,42,3,87,0,0,0,87
09/29/2021,BIS,ND,AGL,CE,Combined TRACON& Tower with Radar,6,34,35,2,77,0,2,17,0,19,6,36,52,2,96,10,0,10,106
09/30/2021,BIS,ND,AGL,CE,Combined TRACON& Tower with Radar,11,36,29,0,76,0,4,35,1,40,11,40,64,1,116,0,0,0,116
10/01/2021,BIS,ND,AGL,CE,Combined TRACON& Tower with Radar,9,26,29,1,65,0,0,24,1,25,9,26,53,2,90,0,0,0,90
10/02/2021,BIS,ND,AGL,CE,Combined TRACON& Tower with Radar,9,25,9,2,45,0,0,22,0,22,9,25,31,2,67,7,0,7,74
10/03/2021,BIS,ND,AGL,CE,Combined TRACON& Tower with Radar,11,16,22,0,49,0,1,9,0,10,11,17,31,0,59,6,0,6,65
10/04/2021,BIS,ND,AGL,CE,Combined TRACON& Tower with Radar,11,18,14,3,46,0,2,14,1,17,11,20,28,4,63,10,0,10,73
10/05/2021,BIS,ND,AGL,CE,Combined TRACON& Tower with Radar,8,23,18,2,51,0,4,24,0,28,8,27,42,2,79,4,0,4,83
10/06/2021,BIS,ND,AGL,CE,Combined TRACON& Tower with Radar,11,25,19,2,57,0,2,17,9,28,11,27,36,11,85,0,8,8,93
10/07/2021,BIS,ND,AGL,CE,Combined TRACON& Tower with Radar,11,25,35,4,75,0,1,21,7,29,11,26,56,11,104,2,0,2,106
10/08/2021,BIS,ND,AGL,CE,Combined TRACON& Tower with Radar,13,25,23,0,61,0,2,12,4,18,13,27,35,4,79,12,0,12,91
10/09/2021,BIS,ND,AGL,CE,Combined TRACON& Tower with Radar,17,27,6,0,50,0,0,0,0,0,17,27,6,0,50,0,0,0,50
10/10/2021,BIS,ND,AGL,CE,Combined TRACON& Tower with Radar,11,13,8,0,32,0,1,10,0,11,11,14,18,0,43,12,0,12,55
10/11/2021,BIS,ND,AGL,CE,Combined TRACON& Tower with Radar,13,24,20,2,59,0,4,13,0,17,13,28,33,2,76,16,0,16,92
10/12/2021,BIS,ND,AGL,CE,Combined TRACON& Tower with Radar,8,27,12,6,53,0,1,16,3,20,8,28,28,9,73,0,0,0,73
10/13/2021,BIS,ND,AGL,CE,Combined TRACON& Tower with Radar,11,41,10,2,64,0,0,0,0,0,11,41,10,2,64,0,0,0,64
10/14/2021,BIS,ND,AGL,CE,Combined TRACON& Tower with Radar,9,31,37,3,80,0,3,1,5,9,9,34,38,8,89,0,0,0,89
10/15/2021,BIS,ND,AGL,CE,Combined TRACON& Tower with Radar,13,24,20,0,57,0,0,14,2,16,13,24,34,2,73,16,0,16,89
10/16/2021,BIS,ND,AGL,CE,Combined TRACON& Tower with Radar,13,22,11,4,50,0,2,34,0,36,13,24,45,4,86,0,0,0,86
10/17/2021,BIS,ND,AGL,CE,Combined TRACON& Tower with Radar,13,10,15,0,38,0,0,11,0,11,13,10,26,0,49,0,0,0,49
10/18/2021,BIS,ND,AGL,CE,Combined TRACON& Tower with Radar,11,18,28,0,57,0,2,13,10,25,11,20,41,10,82,16,0,16,98
10/19/2021,BIS,ND,AGL,CE,Combined TRACON& Tower with Radar,11,27,25,10,73,0,0,0,2,2,11,27,25,12,75,0,0,0,75
10/20/2021,BIS,ND,AGL,CE,Combined TRACON& Tower with Radar,11,34,31,3,79,2,3,17,19,41,13,37,48,22,120,4,56,60,180
10/21/2021,BIS,ND,AGL,CE,Combined TRACON& Tower with Radar,8,24,34,4,70,0,4,16,4,24,8,28,50,8,94,8,0,8,102
10/22/2021,BIS,ND,AGL,CE,Combined TRACON& Tower with Radar,9,24,31,4,68,0,2,27,13,42,9,26,58,17,110,30,0,30,140
10/23/2021,BIS,ND,AGL,CE,Combined TRACON& Tower with Radar,13,24,11,1,49,0,2,17,8,27,13,26,28,9,76,44,0,44,120
10/24/2021,BIS,ND,AGL,CE,Combined TRACON& Tower with Radar,12,12,11,2,37,0,0,0,0,0,12,12,11,2,37,0,0,0,37
10/25/2021,BIS,ND,AGL,CE,Combined TRACON& Tower with Radar,9,21,28,1,59,0,0,5,0,5,9,21,33,1,64,8,0,8,72
10/26/2021,BIS,ND,AGL,CE,Combined TRACON& Tower with Radar,9,30,28,2,69,0,0,0,0,0,9,30,28,2,69,6,0,6,75
10/27/2021,BIS,ND,AGL,CE,Combined TRACON& Tower with Radar,12,26,29,4,71,0,2,33,8,43,12,28,62,12,114,10,0,10,124
10/28/2021,BIS,ND,AGL,CE,Combined TRACON& Tower with Radar,13,29,38,3,83,0,0,27,0,27,13,29,65,3,110,0,0,0,110
10/29/2021,BIS,ND,AGL,CE,Combined TRACON& Tower with Radar,12,25,25,0,62,0,1,29,4,34,12,26,54,4,96,44,0,44,140
10/30/2021,BIS,ND,AGL,CE,Combined TRACON& Tower with Radar,12,21,14,0,47,0,0,6,0,6,12,21,20,0,53,2,0,2,55
10/31/2021,BIS,ND,AGL,CE,Combined TRACON& Tower with Radar,11,15,17,0,43,0,1,24,0,25,11,16,41,0,68,0,0,0,68
11/01/2021,BIS,ND,AGL,CE,Combined TRACON& Tower with Radar,11,23,26,0,60,0,1,14,0,15,11,24,40,0,75,0,0,0,75
11/02/2021,BIS,ND,AGL,CE,Combined TRACON& Tower with Radar,8,30,26,2,66,0,2,25,5,32,8,32,51,7,98,30,0,30,128
11/03/2021,BIS,ND,AGL,CE,Combined TRACON& Tower with Radar,9,29,24,1,63,0,3,31,18,52,9,32,55,19,115,16,0,16,131
11/04/2021,BIS,ND,AGL,CE,Combined TRACON& Tower with Radar,8,36,23,6,73,0,4,40,1,45,8,40,63,7,118,12,0,12,130
11/05/2021,BIS,ND,AGL,CE,Combined TRACON& Tower with Radar,9,22,25,2,58,0,2,15,2,19,9,24,40,4,77,0,0,0,77
11/06/2021,BIS,ND,AGL,CE,Combined TRACON& Tower with Radar,9,28,15,0,52,0,4,17,1,22,9,32,32,1,74,16,0,16,90
11/07/2021,BIS,ND,AGL,CE,Combined TRACON& Tower with Radar,10,13,13,0,36,0,2,33,0,35,10,15,46,0,71,0,0,0,71
11/08/2021,BIS,ND,AGL,CE,Combined TRACON& Tower with Radar,9,17,33,3,62,0,0,30,3,33,9,17,63,6,95,0,0,0,95
11/09/2021,BIS,ND,AGL,CE,Combined TRACON& Tower with Radar,10,32,35,6,83,0,0,9,13,22,10,32,44,19,105,0,0,0,105
11/10/2021,BIS,ND,AGL,CE,Combined TRACON& Tower with Radar,10,26,25,2,63,0,2,6,1,9,10,28,31,3,72,22,0,22,94
11/11/2021,BIS,ND,AGL,CE,Combined TRACON& Tower with Radar,12,25,28,0,65,0,0,0,0,0,12,25,28,0,65,0,0,0,65
11/12/2021,BIS,ND,AGL,CE,Combined TRACON& Tower with Radar,10,24,28,0,62,0,0,2,0,2,10,24,30,0,64,0,0,0,64
11/13/2021,BIS,ND,AGL,CE,Combined TRACON& Tower with Radar,12,14,1,0,27,0,0,24,0,24,12,14,25,0,51,4,0,4,55
11/14/2021,BIS,ND,AGL,CE,Combined TRACON& Tower with Radar,10,13,19,0,42,0,1,9,0,10,10,14,28,0,52,20,0,20,72
11/15/2021,BIS,ND,AGL,CE,Combined TRACON& Tower with Radar,10,20,26,4,60,0,0,13,0,13,10,20,39,4,73,8,0,8,81
11/16/2021,BIS,ND,AGL,CE,Combined TRACON& Tower with Radar,8,29,39,0,76,0,2,2,2,6,8,31,41,2,82,0,0,0,82
11/17/2021,BIS,ND,AGL,CE,Combined TRACON& Tower with Radar,14,22,32,0,68,0,1,3,0,4,14,23,35,0,72,1,0,1,73
11/18/2021,BIS,ND,AGL,CE,Combined TRACON& Tower with Radar,12,28,27,1,68,0,2,33,2,37,12,30,60,3,105,12,0,12,117
11/19/2021,BIS,ND,AGL,CE,Combined TRACON& Tower with Radar,12,21,27,1,61,0,3,51,5,59,12,24,78,6,120,60,0,60,180
11/20/2021,BIS,ND,AGL,CE,Combined TRACON& Tower with Radar,13,22,20,0,55,0,5,31,4,40,13,27,51,4,95,37,0,37,132
11/21/2021,BIS,ND,AGL,CE,Combined TRACON& Tower with Radar,10,14,13,0,37,0,6,11,0,17,10,20,24,0,54,4,0,4,58
11/22/2021,BIS,ND,AGL,CE,Combined TRACON& Tower with Radar,12,19,25,5,61,0,0,18,0,18,12,19,43,5,79,7,0,7,86
11/23/2021,BIS,ND,AGL,CE,Combined TRACON& Tower with Radar,16,27,38,6,87,0,2,16,39,57,16,29,54,45,144,14,58,72,216
11/24/2021,BIS,ND,AGL,CE,Combined TRACON& Tower with Radar,13,28,21,2,64,0,0,3,0,3,13,28,24,2,67,0,0,0,67
11/25/2021,BIS,ND,AGL,CE,Combined TRACON& Tower with Radar,7,7,5,0,19,0,0,1,0,1,7,7,6,0,20,12,0,12,32
11/26/2021,BIS,ND,AGL,CE,Combined TRACON& Tower with Radar,12,20,11,1,44,0,1,29,4,34,12,21,40,5,78,14,0,14,92
11/27/2021,BIS,ND,AGL,CE,Combined TRACON& Tower with Radar,13,23,14,0,50,0,0,13,0,13,13,23,27,0,63,8,0,8,71
11/28/2021,BIS,ND,AGL,CE,Combined TRACON& Tower with Radar,14,11,15,0,40,0,1,13,0,14,14,12,28,0,54,7,0,7,61
11/29/2021,BIS,ND,AGL,CE,Combined TRACON& Tower with Radar,15,21,24,0,60,0,5,34,0,39,15,26,58,0,99,1,2,3,102
11/30/2021,BIS,ND,AGL,CE,Combined TRACON& Tower with Radar,9,20,17,3,49,0,5,37,6,48,9,25,54,9,97,14,4,18,115
12/01/2021,BIS,ND,AGL,CE,Combined TRACON& Tower with Radar,10,27,34,6,77,0,0,4,7,11,10,27,38,13,88,0,4,4,92
12/02/2021,BIS,ND,AGL,CE,Combined TRACON& Tower with Radar,10,24,22,2,58,0,0,24,5,29,10,24,46,7,87,40,0,40,127
12/03/2021,BIS,ND,AGL,CE,Combined TRACON& Tower with Radar,14,22,35,2,73,0,3,20,3,26,14,25,55,5,99,10,0,10,109
12/04/2021,BIS,ND,AGL,CE,Combined TRACON& Tower with Radar,12,20,6,0,38,0,0,2,1,3,12,20,8,1,41,6,0,6,47
12/05/2021,BIS,ND,AGL,CE,Combined TRACON& Tower with Radar,10,14,14,2,40,0,1,0,0,1,10,15,14,2,41,0,0,0,41
12/06/2021,BIS,ND,AGL,CE,Combined TRACON& Tower with Radar,14,22,32,22,90,0,0,6,2,8,14,22,38,24,98,4,0,4,102
12/07/2021,BIS,ND,AGL,CE,Combined TRACON& Tower with Radar,8,22,19,6,55,0,0,4,4,8,8,22,23,10,63,0,0,0,63
12/08/2021,BIS,ND,AGL,CE,Combined TRACON& Tower with Radar,10,28,36,1,75,0,1,19,21,41,10,29,55,22,116,25,12,37,153
12/09/2021,BIS,ND,AGL,CE,Combined TRACON& Tower with Radar,10,25,52,8,95,0,2,14,5,21,10,27,66,13,116,28,0,28,144
12/10/2021,BIS,ND,AGL,CE,Combined TRACON& Tower with Radar,16,18,26,6,66,0,1,46,1,48,16,19,72,7,114,48,0,48,162
12/11/2021,BIS,ND,AGL,CE,Combined TRACON& Tower with Radar,12,21,17,0,50,0,1,19,0,20,12,22,36,0,70,2,0,2,72
12/12/2021,BIS,ND,AGL,CE,Combined TRACON& Tower with Radar,11,8,12,2,33,0,3,20,0,23,11,11,32,2,56,28,0,28,84
12/13/2021,BIS,ND,AGL,CE,Combined TRACON& Tower with Radar,12,14,23,0,49,0,0,16,0,16,12,14,39,0,65,30,0,30,95
12/14/2021,BIS,ND,AGL,CE,Combined TRACON& Tower with Radar,8,30,29,5,72,0,5,30,5,40,8,35,59,10,112,47,2,49,161
12/15/2021,BIS,ND,AGL,CE,Combined TRACON& Tower with Radar,9,24,17,2,52,0,0,0,0,0,9,24,17,2,52,0,0,0,52
12/16/2021,BIS,ND,AGL,CE,Combined TRACON& Tower with Radar,12,29,32,3,76,0,2,18,20,40,12,31,50,23,116,33,5,38,154
12/17/2021,BIS,ND,AGL,CE,Combined TRACON& Tower with Radar,12,24,20,0,56,0,0,2,0,2,12,24,22,0,58,0,0,0,58
12/18/2021,BIS,ND,AGL,CE,Combined TRACON& Tower with Radar,15,21,20,0,56,0,1,21,0,22,15,22,41,0,78,31,0,31,109
12/19/2021,BIS,ND,AGL,CE,Combined TRACON& Tower with Radar,11,9,8,0,28,0,0,12,0,12,11,9,20,0,40,0,0,0,40
12/20/2021,BIS,ND,AGL,CE,Combined TRACON& Tower with Radar,13,17,22,0,52,0,1,21,0,22,13,18,43,0,74,12,0,12,86
12/21/2021,BIS,ND,AGL,CE,Combined TRACON& Tower with Radar,13,20,20,0,53,0,0,7,2,9,13,20,27,2,62,7,0,7,69
12/22/2021,BIS,ND,AGL,CE,Combined TRACON& Tower with Radar,13,24,32,2,71,0,0,31,21,52,13,24,63,23,123,26,2,28,151
12/23/2021,BIS,ND,AGL,CE,Combined TRACON& Tower with Radar,16,24,17,0,57,0,0,29,0,29,16,24,46,0,86,19,0,19,105
12/24/2021,BIS,ND,AGL,CE,Combined TRACON& Tower with Radar,8,18,3,0,29,0,0,3,0,3,8,18,6,0,32,0,0,0,32
12/25/2021,BIS,ND,AGL,CE,Combined TRACON& Tower with Radar,12,3,1,0,16,0,0,0,0,0,12,3,1,0,16,0,0,0,16
12/26/2021,BIS,ND,AGL,CE,Combined TRACON& Tower with Radar,9,12,5,0,26,0,0,0,0,0,9,12,5,0,26,0,0,0,26
12/27/2021,BIS,ND,AGL,CE,Combined TRACON& Tower with Radar,13,12,18,0,43,0,1,16,0,17,13,13,34,0,60,0,0,0,60
12/28/2021,BIS,ND,AGL,CE,Combined TRACON& Tower with Radar,10,24,13,0,47,0,0,10,2,12,10,24,23,2,59,2,0,2,61
12/29/2021,BIS,ND,AGL,CE,Combined TRACON& Tower with Radar,14,26,13,4,57,0,0,11,7,18,14,26,24,11,75,4,0,4,79
12/30/2021,BIS,ND,AGL,CE,Combined TRACON& Tower with Radar,11,21,8,0,40,0,4,9,0,13,11,25,17,0,53,0,0,0,53
12/31/2021,BIS,ND,AGL,CE,Combined TRACON& Tower with Radar,8,22,8,0,38,0,0,0,0,0,8,22,8,0,38,0,0,0,38
01/01/2022,BIS,ND,AGL,CE,Combined TRACON& Tower with Radar,12,9,4,0,25,0,2,1,0,3,12,11,5,0,28,0,0,0,28
01/02/2022,BIS,ND,AGL,CE,Combined TRACON& Tower with Radar,12,6,15,0,33,0,3,10,0,13,12,9,25,0,46,5,0,5,51
01/03/2022,BIS,ND,AGL,CE,Combined TRACON& Tower with Radar,9,14,13,0,36,0,1,16,6,23,9,15,29,6,59,6,0,6,65
01/04/2022,BIS,ND,AGL,CE,Combined TRACON& Tower with Radar,8,21,16,0,45,0,0,3,0,3,8,21,19,0,48,0,0,0,48
01/05/2022,BIS,ND,AGL,CE,Combined TRACON& Tower with Radar,6,14,17,0,37,0,1,9,0,10,6,15,26,0,47,0,0,0,47
01/06/2022,BIS,ND,AGL,CE,Combined TRACON& Tower with Radar,12,17,17,0,46,0,0,2,0,2,12,17,19,0,48,0,0,0,48
01/07/2022,BIS,ND,AGL,CE,Combined TRACON& Tower with Radar,11,25,17,0,53,0,0,2,3,5,11,25,19,3,58,2,0,2,60
01/08/2022,BIS,ND,AGL,CE,Combined TRACON& Tower with Radar,15,18,6,1,40,0,0,0,4,4,15,18,6,5,44,0,0,0,44
01/09/2022,BIS,ND,AGL,CE,Combined TRACON& Tower with Radar,11,6,7,2,26,0,1,9,2,12,11,7,16,4,38,0,0,0,38
01/10/2022,BIS,ND,AGL,CE,Combined TRACON& Tower with Radar,9,15,14,0,38,0,0,8,0,8,9,15,22,0,46,11,0,11,57
01/11/2022,BIS,ND,AGL,CE,Combined TRACON& Tower with Radar,7,17,17,0,41,0,2,5,5,12,7,19,22,5,53,0,0,0,53
01/12/2022,BIS,ND,AGL,CE,Combined TRACON& Tower with Radar,10,22,32,5,69,0,2,17,8,27,10,24,49,13,96,9,0,9,105
01/13/2022,BIS,ND,AGL,CE,Combined TRACON& Tower with Radar,10,22,24,4,60,0,0,2,0,2,10,22,26,4,62,0,0,0,62
01/14/2022,BIS,ND,AGL,CE,Combined TRACON& Tower with Radar,8,20,7,0,35,0,2,0,0,2,8,22,7,0,37,0,0,0,37
01/15/2022,BIS,ND,AGL,CE,Combined TRACON& Tower with Radar,9,13,6,0,28,0,0,8,0,8,9,13,14,0,36,4,0,4,40
01/16/2022,BIS,ND,AGL,CE,Combined TRACON& Tower with Radar,9,7,14,0,30,0,2,11,0,13,9,9,25,0,43,0,0,0,43
01/17/2022,BIS,ND,AGL,CE,Combined TRACON& Tower with Radar,10,16,16,0,42,0,6,24,0,30,10,22,40,0,72,0,0,0,72
01/18/2022,BIS,ND,AGL,CE,Combined TRACON& Tower with Radar,12,31,15,0,58,0,0,0,0,0,12,31,15,0,58,0,0,0,58
01/19/2022,BIS,ND,AGL,CE,Combined TRACON& Tower with Radar,11,19,16,0,46,0,0,11,0,11,11,19,27,0,57,12,0,12,69
01/20/2022,BIS,ND,AGL,CE,Combined TRACON& Tower with Radar,9,19,17,0,45,0,0,9,0,9,9,19,26,0,54,10,0,10,64
01/21/2022,BIS,ND,AGL,CE,Combined TRACON& Tower with Radar,8,20,13,6,47,0,0,3,0,3,8,20,16,6,50,8,0,8,58
01/22/2022,BIS,ND,AGL,CE,Combined TRACON& Tower with Radar,13,16,9,0,38,0,0,0,0,0,13,16,9,0,38,0,0,0,38
01/23/2022,BIS,ND,AGL,CE,Combined TRACON& Tower with Radar,9,12,5,0,26,0,0,3,0,3,9,12,8,0,29,2,0,2,31
01/24/2022,BIS,ND,AGL,CE,Combined TRACON& Tower with Radar,10,21,17,2,50,0,3,7,0,10,10,24,24,2,60,0,0,0,60
01/25/2022,BIS,ND,AGL,CE,Combined TRACON& Tower with Radar,8,22,30,0,60,0,0,13,0,13,8,22,43,0,73,0,0,0,73
01/26/2022,BIS,ND,AGL,CE,Combined TRACON& Tower with Radar,12,20,31,2,65,0,7,8,11,26,12,27,39,13,91,2,42,44,135
01/27/2022,BIS,ND,AGL,CE,Combined TRACON& Tower with Radar,13,21,31,2,67,0,4,6,0,10,13,25,37,2,77,0,0,0,77
01/28/2022,BIS,ND,AGL,CE,Combined TRACON& Tower with Radar,11,16,23,2,52,0,2,32,7,41,11,18,55,9,93,16,8,24,117
01/29/2022,BIS,ND,AGL,CE,Combined TRACON& Tower with Radar,14,15,3,0,32,0,2,9,0,11,14,17,12,0,43,0,0,0,43
01/30/2022,BIS,ND,AGL,CE,Combined TRACON& Tower with Radar,12,7,15,0,34,0,2,13,0,15,12,9,28,0,49,4,0,4,53
01/31/2022,BIS,ND,AGL,CE,Combined TRACON& Tower with Radar,10,18,16,5,49,0,1,2,0,3,10,19,18,5,52,0,0,0,52
02/01/2022,BIS,ND,AGL,CE,Combined TRACON& Tower with Radar,10,16,21,0,47,0,1,0,0,1,10,17,21,0,48,0,0,0,48
02/02/2022,BIS,ND,AGL,CE,Combined TRACON& Tower with Radar,10,24,26,4,64,0,3,9,11,23,10,27,35,15,87,20,1,21,108
02/03/2022,BIS,ND,AGL,CE,Combined TRACON& Tower with Radar,11,25,28,0,64,0,2,11,2,15,11,27,39,2,79,0,0,0,79
02/04/2022,BIS,ND,AGL,CE,Combined TRACON& Tower with Radar,14,20,19,3,56,0,0,14,3,17,14,20,33,6,73,12,0,12,85
02/05/2022,BIS,ND,AGL,CE,Combined TRACON& Tower with Radar,13,15,11,0,39,0,0,1,0,1,13,15,12,0,40,10,0,10,50
02/06/2022,BIS,ND,AGL,CE,Combined TRACON& Tower with Radar,10,10,27,2,49,0,2,16,0,18,10,12,43,2,67,36,0,36,103
02/07/2022,BIS,ND,AGL,CE,Combined TRACON& Tower with Radar,12,17,24,4,57,0,0,13,4,17,12,17,37,8,74,38,15,53,127
02/08/2022,BIS,ND,AGL,CE,Combined TRACON& Tower with Radar,10,24,18,3,55,0,1,1,0,2,10,25,19,3,57,0,0,0,57
02/09/2022,BIS,ND,AGL,CE,Combined TRACON& Tower with Radar,8,27,22,6,63,0,0,10,20,30,8,27,32,26,93,16,4,20,113
02/10/2022,BIS,ND,AGL,CE,Combined TRACON& Tower with Radar,11,20,14,0,45,0,2,7,0,9,11,22,21,0,54,0,0,0,54
02/11/2022,BIS,ND,AGL,CE,Combined TRACON& Tower with Radar,12,18,21,5,56,0,1,3,3,7,12,19,24,8,63,0,0,0,63
02/12/2022,BIS,ND,AGL,CE,Combined TRACON& Tower with Radar,13,18,14,0,45,0,2,9,0,11,13,20,23,0,56,0,0,0,56
02/13/2022,BIS,ND,AGL,CE,Combined TRACON& Tower with Radar,11,12,6,0,29,0,2,5,1,8,11,14,11,1,37,1,0,1,38
02/14/2022,BIS,ND,AGL,CE,Combined TRACON& Tower with Radar,10,16,22,6,54,0,2,10,0,12,10,18,32,6,66,30,0,30,96
02/15/2022,BIS,ND,AGL,CE,Combined TRACON& Tower with Radar,7,27,37,2,73,0,5,15,0,20,7,32,52,2,93,34,0,34,127
02/16/2022,BIS,ND,AGL,CE,Combined TRACON& Tower with Radar,11,26,33,14,84,0,0,10,11,21,11,26,43,25,105,14,3,17,122
02/17/2022,BIS,ND,AGL,CE,Combined TRACON& Tower with Radar,9,24,15,6,54,0,0,2,2,4,9,24,17,8,58,6,0,6,64
02/18/2022,BIS,ND,AGL,CE,Combined TRACON& Tower with Radar,12,25,16,0,53,0,0,0,0,0,12,25,16,0,53,0,0,0,53
02/19/2022,BIS,ND,AGL,CE,Combined TRACON& Tower with Radar,14,16,13,0,43,0,0,6,0,6,14,16,19,0,49,60,0,60,109
02/20/2022,BIS,ND,AGL,CE,Combined TRACON& Tower with Radar,12,7,16,0,35,0,0,1,0,1,12,7,17,0,36,0,0,0,36
02/21/2022,BIS,ND,AGL,CE,Combined TRACON& Tower with Radar,11,10,13,0,34,0,0,0,0,0,11,10,13,0,34,0,0,0,34
02/22/2022,BIS,ND,AGL,CE,Combined TRACON& Tower with Radar,8,21,29,2,60,0,1,4,0,5,8,22,33,2,65,0,0,0,65
02/23/2022,BIS,ND,AGL,CE,Combined TRACON& Tower with Radar,12,23,30,4,69,0,3,10,13,26,12,26,40,17,95,12,1,13,108
02/24/2022,BIS,ND,AGL,CE,Combined TRACON& Tower with Radar,10,22,18,6,56,0,0,13,4,17,10,22,31,10,73,13,1,14,87
02/25/2022,BIS,ND,AGL,CE,Combined TRACON& Tower with Radar,13,20,30,3,66,0,4,12,5,21,13,24,42,8,87,34,0,34,121
02/26/2022,BIS,ND,AGL,CE,Combined TRACON& Tower with Radar,11,16,15,0,42,0,1,14,0,15,11,17,29,0,57,57,0,57,114
02/27/2022,BIS,ND,AGL,CE,Combined TRACON& Tower with Radar,10,14,23,0,47,4,2,15,0,21,14,16,38,0,68,30,0,30,98
02/28/2022,BIS,ND,AGL,CE,Combined TRACON& Tower with Radar,10,20,15,2,47,0,10,13,4,27,10,30,28,6,74,4,0,4,78
03/01/2022,BIS,ND,AGL,CE,Combined TRACON& Tower with Radar,7,36,10,2,55,0,0,4,0,4,7,36,14,2,59,1,0,1,60
03/02/2022,BIS,ND,AGL,CE,Combined TRACON& Tower with Radar,12,26,18,3,59,0,0,1,5,6,12,26,19,8,65,3,24,27,92
03/03/2022,BIS,ND,AGL,CE,Combined TRACON& Tower with Radar,14,24,18,0,56,0,1,3,4,8,14,25,21,4,64,6,0,6,70
03/04/2022,BIS,ND,AGL,CE,Combined TRACON& Tower with Radar,12,20,6,2,40,0,0,6,7,13,12,20,12,9,53,14,2,16,69
03/05/2022,BIS,ND,AGL,CE,Combined TRACON& Tower with Radar,16,18,4,0,38,0,0,0,0,0,16,18,4,0,38,0,0,0,38
03/06/2022,BIS,ND,AGL,CE,Combined TRACON& Tower with Radar,10,13,6,0,29,0,0,10,0,10,10,13,16,0,39,6,0,6,45
03/07/2022,BIS,ND,AGL,CE,Combined TRACON& Tower with Radar,14,13,31,6,64,0,5,22,0,27,14,18,53,6,91,0,0,0,91
03/08/2022,BIS,ND,AGL,CE,Combined TRACON& Tower with Radar,7,20,29,4,60,0,0,3,4,7,7,20,32,8,67,0,6,6,73
03/09/2022,BIS,ND,AGL,CE,Combined TRACON& Tower with Radar,16,22,33,7,78,0,1,7,20,28,16,23,40,27,106,32,8,40,146
03/10/2022,BIS,ND,AGL,CE,Combined TRACON& Tower with Radar,14,28,10,2,54,0,2,9,0,11,14,30,19,2,65,0,11,11,76
03/11/2022,BIS,ND,AGL,CE,Combined TRACON& Tower with Radar,10,23,22,10,65,0,2,2,1,5,10,25,24,11,70,0,0,0,70
03/12/2022,BIS,ND,AGL,CE,Combined TRACON& Tower with Radar,15,14,11,0,40,0,2,14,0,16,15,16,25,0,56,56,0,56,112
03/13/2022,BIS,ND,AGL,CE,Combined TRACON& Tower with Radar,11,12,12,0,35,0,2,7,0,9,11,14,19,0,44,20,0,20,64
03/14/2022,BIS,ND,AGL,CE,Combined TRACON& Tower with Radar,15,16,22,0,53,0,0,7,0,7,15,16,29,0,60,16,0,16,76
03/15/2022,BIS,ND,AGL,CE,Combined TRACON& Tower with Radar,7,24,17,3,51,0,0,31,7,38,7,24,48,10,89,13,0,13,102
03/16/2022,BIS,ND,AGL,CE,Combined TRACON& Tower with Radar,14,22,21,7,64,0,2,18,21,41,14,24,39,28,105,24,0,24,129
03/17/2022,BIS,ND,AGL,CE,Combined TRACON& Tower with Radar,8,25,41,0,74,0,1,27,1,29,8,26,68,1,103,31,0,31,134
03/18/2022,BIS,ND,AGL,CE,Combined TRACON& Tower with Radar,15,20,22,0,57,0,3,37,2,42,15,23,59,2,99,4,0,4,103
03/19/2022,BIS,ND,AGL,CE,Combined TRACON& Tower with Radar,13,16,21,2,52,0,1,41,0,42,13,17,62,2,94,0,0,0,94
03/20/2022,BIS,ND,AGL,CE,Combined TRACON& Tower with Radar,9,13,14,0,36,0,1,24,0,25,9,14,38,0,61,14,0,14,75
03/21/2022,BIS,ND,AGL,CE,Combined TRACON& Tower with Radar,14,20,17,2,53,0,2,16,2,20,14,22,33,4,73,4,0,4,77
03/22/2022,BIS,ND,AGL,CE,Combined TRACON& Tower with Radar,6,21,28,5,60,0,7,10,2,19,6,28,38,7,79,0,0,0,79
03/23/2022,BIS,ND,AGL,CE,Combined TRACON& Tower with Radar,11,25,24,5,65,0,2,16,7,25,11,27,40,12,90,54,0,54,144
03/24/2022,BIS,ND,AGL,CE,Combined TRACON& Tower with Radar,9,25,44,3,81,0,4,26,5,35,9,29,70,8,116,6,0,6,122
03/25/2022,BIS,ND,AGL,CE,Combined TRACON& Tower with Radar,12,22,19,1,54,0,0,5,5,10,12,22,24,6,64,1,0,1,65
03/26/2022,BIS,ND,AGL,CE,Combined TRACON& Tower with Radar,13,15,24,0,52,0,3,26,0,29,13,18,50,0,81,16,0,16,97
03/27/2022,BIS,ND,AGL,CE,Combined TRACON& Tower with Radar,10,8,13,0,31,0,1,16,0,17,10,9,29,0,48,14,0,14,62
03/28/2022,BIS,ND,AGL,CE,Combined TRACON& Tower with Radar,14,17,19,1,51,0,0,14,6,20,14,17,33,7,71,2,6,8,79
03/29/2022,BIS,ND,AGL,CE,Combined TRACON& Tower with Radar,7,23,31,2,63,0,0,6,2,8,7,23,37,4,71,24,0,24,95
03/30/2022,BIS,ND,AGL,CE,Combined TRACON& Tower with Radar,14,16,12,0,42,0,0,3,24,27,14,16,15,24,69,6,8,14,83
03/31/2022,BIS,ND,AGL,CE,Combined TRACON& Tower with Radar,9,30,35,3,77,0,0,32,6,38,9,30,67,9,115,2,0,2,117
04/01/2022,BIS,ND,AGL,CE,Combined TRACON& Tower with Radar,13,21,32,1,67,0,2,21,2,25,13,23,53,3,92,26,8,34,126
04/02/2022,BIS,ND,AGL,CE,Combined TRACON& Tower with Radar,13,18,22,0,53,0,0,53,0,53,13,18,75,0,106,26,0,26,132
04/03/2022,BIS,ND,AGL,CE,Combined TRACON& Tower with Radar,10,12,8,0,30,0,0,1,0,1,10,12,9,0,31,0,0,0,31
04/04/2022,BIS,ND,AGL,CE,Combined TRACON& Tower with Radar,13,16,24,2,55,0,3,17,0,20,13,19,41,2,75,0,0,0,75
04/05/2022,BIS,ND,AGL,CE,Combined TRACON& Tower with Radar,6,23,42,2,73,0,0,11,3,14,6,23,53,5,87,8,0,8,95
04/06/2022,BIS,ND,AGL,CE,Combined TRACON& Tower with Radar,10,19,17,4,50,0,3,10,0,13,10,22,27,4,63,0,0,0,63
04/07/2022,BIS,ND,AGL,CE,Combined TRACON& Tower with Radar,12,27,19,4,62,0,0,9,2,11,12,27,28,6,73,7,0,7,80
04/08/2022,BIS,ND,AGL,CE,Combined TRACON& Tower with Radar,14,20,34,0,68,0,1,47,2,50,14,21,81,2,118,40,0,40,158
04/09/2022,BIS,ND,AGL,CE,Combined TRACON& Tower with Radar,13,20,8,0,41,0,4,16,0,20,13,24,24,0,61,20,0,20,81
04/10/2022,BIS,ND,AGL,CE,Combined TRACON& Tower with Radar,9,10,15,1,35,0,2,8,2,12,9,12,23,3,47,2,4,6,53
04/11/2022,BIS,ND,AGL,CE,Combined TRACON& Tower with Radar,15,21,23,2,61,0,4,27,2,33,15,25,50,4,94,4,0,4,98
04/12/2022,BIS,ND,AGL,CE,Combined TRACON& Tower with Radar,3,0,1,0,4,0,0,0,0,0,3,0,1,0,4,0,0,0,4
04/13/2022,BIS,ND,AGL,CE,Combined TRACON& Tower with Radar,0,1,0,0,1,0,0,0,0,0,0,1,0,0,1,0,0,0,1
04/14/2022,BIS,ND,AGL,CE,Combined TRACON& Tower with Radar,2,8,5,0,15,0,0,0,0,0,2,8,5,0,15,0,0,0,15
04/15/2022,BIS,ND,AGL,CE,Combined TRACON& Tower with Radar,13,21,14,0,48,0,0,1,0,1,13,21,15,0,49,0,0,0,49
04/16/2022,BIS,ND,AGL,CE,Combined TRACON& Tower with Radar,11,15,15,0,41,0,1,8,0,9,11,16,23,0,50,11,0,11,61
04/17/2022,BIS,ND,AGL,CE,Combined TRACON& Tower with Radar,11,8,2,0,21,0,0,0,0,0,11,8,2,0,21,0,0,0,21
04/18/2022,BIS,ND,AGL,CE,Combined TRACON& Tower with Radar,13,19,20,0,52,0,1,18,0,19,13,20,38,0,71,6,0,6,77
04/19/2022,BIS,ND,AGL,CE,Combined TRACON& Tower with Radar,14,23,39,4,80,0,1,10,1,12,14,24,49,5,92,2,0,2,94
04/20/2022,BIS,ND,AGL,CE,Combined TRACON& Tower with Radar,13,25,23,7,68,0,2,19,38,59,13,27,42,45,127,14,6,20,147
04/21/2022,BIS,ND,AGL,CE,Combined TRACON& Tower with Radar,11,33,46,13,103,0,2,14,0,16,11,35,60,13,119,4,0,4,123
04/22/2022,BIS,ND,AGL,CE,Combined TRACON& Tower with Radar,16,22,9,7,54,0,0,0,0,0,16,22,9,7,54,0,0,0,54
04/23/2022,BIS,ND,AGL,CE,Combined TRACON& Tower with Radar,15,5,4,0,24,0,0,0,0,0,15,5,4,0,24,0,0,0,24
04/24/2022,BIS,ND,AGL,CE,Combined TRACON& Tower with Radar,11,9,10,0,30,0,0,0,0,0,11,9,10,0,30,0,0,0,30
04/25/2022,BIS,ND,AGL,CE,Combined TRACON& Tower with Radar,12,17,23,6,58,0,10,23,1,34,12,27,46,7,92,0,0,0,92
04/26/2022,BIS,ND,AGL,CE,Combined TRACON& Tower with Radar,10,24,38,4,76,0,1,16,0,17,10,25,54,4,93,10,0,10,103
04/27/2022,BIS,ND,AGL,CE,Combined TRACON& Tower with Radar,13,23,29,8,73,0,3,32,14,49,13,26,61,22,122,0,4,4,126
04/28/2022,BIS,ND,AGL,CE,Combined TRACON& Tower with Radar,16,22,37,4,79,0,2,54,7,63,16,24,91,11,142,22,0,22,164
04/29/2022,BIS,ND,AGL,CE,Combined TRACON& Tower with Radar,13,27,15,2,57,0,0,0,0,0,13,27,15,2,57,0,0,0,57
04/30/2022,BIS,ND,AGL,CE,Combined TRACON& Tower with Radar,13,14,2,0,29,0,0,2,0,2,13,14,4,0,31,0,0,0,31
05/01/2022,BIS,ND,AGL,CE,Combined TRACON& Tower with Radar,13,12,11,2,38,0,0,2,1,3,13,12,13,3,41,0,0,0,41
05/02/2022,BIS,ND,AGL,CE,Combined TRACON& Tower with Radar,12,21,32,6,71,0,0,18,1,19,12,21,50,7,90,0,0,0,90
05/03/2022,BIS,ND,AGL,CE,Combined TRACON& Tower with Radar,11,27,30,2,70,0,3,21,5,29,11,30,51,7,99,6,0,6,105
05/04/2022,BIS,ND,AGL,CE,Combined TRACON& Tower with Radar,15,17,24,1,57,0,0,20,20,40,15,17,44,21,97,19,0,19,116
05/05/2022,BIS,ND,AGL,CE,Combined TRACON& Tower with Radar,15,22,34,10,81,0,0,46,1,47,15,22,80,11,128,17,0,17,145
05/06/2022,BIS,ND,AGL,CE,Combined TRACON& Tower with Radar,15,18,15,11,59,0,0,19,6,25,15,18,34,17,84,0,0,0,84
05/07/2022,BIS,ND,AGL,CE,Combined TRACON& Tower with Radar,10,17,10,2,39,0,3,8,0,11,10,20,18,2,50,0,0,0,50
05/08/2022,BIS,ND,AGL,CE,Combined TRACON& Tower with Radar,14,9,22,1,46,0,3,9,0,12,14,12,31,1,58,20,0,20,78
05/09/2022,BIS,ND,AGL,CE,Combined TRACON& Tower with Radar,14,14,33,2,63,0,0,1,0,1,14,14,34,2,64,6,0,6,70
05/10/2022,BIS,ND,AGL,CE,Combined TRACON& Tower with Radar,9,24,41,3,77,0,0,39,0,39,9,24,80,3,116,16,0,16,132
05/11/2022,BIS,ND,AGL,CE,Combined TRACON& Tower with Radar,10,26,23,1,60,0,0,7,20,27,10,26,30,21,87,8,12,20,107
05/12/2022,BIS,ND,AGL,CE,Combined TRACON& Tower with Radar,15,29,34,4,82,0,1,1,0,2,15,30,35,4,84,0,0,0,84
05/13/2022,BIS,ND,AGL,CE,Combined TRACON& Tower with Radar,12,19,9,1,41,0,3,3,1,7,12,22,12,2,48,0,0,0,48
05/14/2022,BIS,ND,AGL,CE,Combined TRACON& Tower with Radar,12,14,9,1,36,0,0,13,5,18,12,14,22,6,54,2,0,2,56
05/15/2022,BIS,ND,AGL,CE,Combined TRACON& Tower with Radar,14,10,13,0,37,0,0,10,0,10,14,10,23,0,47,8,0,8,55
05/16/2022,BIS,ND,AGL,CE,Combined TRACON& Tower with Radar,16,19,31,0,66,0,3,26,3,32,16,22,57,3,98,6,0,6,104
05/17/2022,BIS,ND,AGL,CE,Combined TRACON& Tower with Radar,9,22,35,3,69,0,7,27,7,41,9,29,62,10,110,20,0,20,130
05/18/2022,BIS,ND,AGL,CE,Combined TRACON& Tower with Radar,10,22,33,4,69,0,2,27,12,41,10,24,60,16,110,6,36,42,152
05/19/2022,BIS,ND,AGL,CE,Combined TRACON& Tower with Radar,14,26,23,4,67,0,0,1,0,1,14,26,24,4,68,11,6,17,85
05/20/2022,BIS,ND,AGL,CE,Combined TRACON& Tower with Radar,13,22,15,0,50,0,0,2,2,4,13,22,17,2,54,0,0,0,54
05/21/2022,BIS,ND,AGL,CE,Combined TRACON& Tower with Radar,11,18,5,2,36,0,1,6,5,12,11,19,11,7,48,0,0,0,48
05/22/2022,BIS,ND,AGL,CE,Combined TRACON& Tower with Radar,14,7,6,0,27,0,2,29,5,36,14,9,35,5,63,0,0,0,63
05/23/2022,BIS,ND,AGL,CE,Combined TRACON& Tower with Radar,14,15,27,3,59,0,6,13,5,24,14,21,40,8,83,0,2,2,85
05/24/2022,BIS,ND,AGL,CE,Combined TRACON& Tower with Radar,9,21,31,3,64,0,6,22,25,53,9,27,53,28,117,14,2,16,133
05/25/2022,BIS,ND,AGL,CE,Combined TRACON& Tower with Radar,14,26,57,4,101,0,0,50,16,66,14,26,107,20,167,0,0,0,167
05/26/2022,BIS,ND,AGL,CE,Combined TRACON& Tower with Radar,14,23,42,4,83,0,3,44,0,47,14,26,86,4,130,0,0,0,130
05/27/2022,BIS,ND,AGL,CE,Combined TRACON& Tower with Radar,14,17,14,4,49,0,0,16,0,16,14,17,30,4,65,8,0,8,73
05/28/2022,BIS,ND,AGL,CE,Combined TRACON& Tower with Radar,11,16,4,0,31,0,1,15,0,16,11,17,19,0,47,0,0,0,47
05/29/2022,BIS,ND,AGL,CE,Combined TRACON& Tower with Radar,14,5,5,0,24,0,0,6,0,6,14,5,11,0,30,0,0,0,30
05/30/2022,BIS,ND,AGL,CE,Combined TRACON& Tower with Radar,12,13,5,2,32,0,0,0,0,0,12,13,5,2,32,0,0,0,32
05/31/2022,BIS,ND,AGL,CE,Combined TRACON& Tower with Radar,11,19,19,0,49,0,3,8,1,12,11,22,27,1,61,0,0,0,61
06/01/2022,BIS,ND,AGL,CE,Combined TRACON& Tower with Radar,12,20,34,4,70,0,4,16,16,36,12,24,50,20,106,0,2,2,108
06/02/2022,BIS,ND,AGL,CE,Combined TRACON& Tower with Radar,14,19,42,2,77,0,4,8,1,13,14,23,50,3,90,0,0,0,90
06/03/2022,BIS,ND,AGL,CE,Combined TRACON& Tower with Radar,13,20,13,2,48,0,4,30,2,36,13,24,43,4,84,14,0,14,98
06/04/2022,BIS,ND,AGL,CE,Combined TRACON& Tower with Radar,10,17,28,2,57,0,4,22,5,31,10,21,50,7,88,16,0,16,104
06/05/2022,BIS,ND,AGL,CE,Combined TRACON& Tower with Radar,15,14,17,2,48,0,1,9,0,10,15,15,26,2,58,0,0,0,58
06/06/2022,BIS,ND,AGL,CE,Combined TRACON& Tower with Radar,13,14,17,2,46,0,4,17,0,21,13,18,34,2,67,10,0,10,77
06/07/2022,BIS,ND,AGL,CE,Combined TRACON& Tower with Radar,11,18,22,1,52,0,0,20,0,20,11,18,42,1,72,6,0,6,78
06/08/2022,BIS,ND,AGL,CE,Combined TRACON& Tower with Radar,14,21,27,3,65,0,0,43,8,51,14,21,70,11,116,22,0,22,138
06/09/2022,BIS,ND,AGL,CE,Combined TRACON& Tower with Radar,15,21,29,0,65,0,1,22,4,27,15,22,51,4,92,22,3,25,117
06/10/2022,BIS,ND,AGL,CE,Combined TRACON& Tower with Radar,14,22,40,3,79,0,0,28,2,30,14,22,68,5,109,2,0,2,111
06/11/2022,BIS,ND,AGL,CE,Combined TRACON& Tower with Radar,11,18,14,0,43,0,2,47,0,49,11,20,61,0,92,30,0,30,122
06/12/2022,BIS,ND,AGL,CE,Combined TRACON& Tower with Radar,16,7,23,0,46,0,1,29,0,30,16,8,52,0,76,0,0,0,76
06/13/2022,BIS,ND,AGL,CE,Combined TRACON& Tower with Radar,17,13,23,2,55,0,2,10,1,13,17,15,33,3,68,10,0,10,78
06/14/2022,BIS,ND,AGL,CE,Combined TRACON& Tower with Radar,13,19,38,4,74,0,2,12,0,14,13,21,50,4,88,14,0,14,102
06/15/2022,BIS,ND,AGL,CE,Combined TRACON& Tower with Radar,16,20,25,2,63,0,3,4,1,8,16,23,29,3,71,0,0,0,71
06/16/2022,BIS,ND,AGL,CE,Combined TRACON& Tower with Radar,17,22,37,2,78,0,0,11,8,19,17,22,48,10,97,0,0,0,97
06/17/2022,BIS,ND,AGL,CE,Combined TRACON& Tower with Radar,14,21,24,2,61,0,3,17,1,21,14,24,41,3,82,14,0,14,96
06/18/2022,BIS,ND,AGL,CE,Combined TRACON& Tower with Radar,11,19,7,0,37,0,4,7,0,11,11,23,14,0,48,0,0,0,48
06/19/2022,BIS,ND,AGL,CE,Combined TRACON& Tower with Radar,15,11,13,0,39,0,4,8,0,12,15,15,21,0,51,0,0,0,51
06/20/2022,BIS,ND,AGL,CE,Combined TRACON& Tower with Radar,14,14,27,0,55,0,9,11,0,20,14,23,38,0,75,6,0,6,81
06/21/2022,BIS,ND,AGL,CE,Combined TRACON& Tower with Radar,13,18,28,6,65,0,4,11,4,19,13,22,39,10,84,23,0,23,107
06/22/2022,BIS,ND,AGL,CE,Combined TRACON& Tower with Radar,15,18,38,3,74,0,11,38,5,54,15,29,76,8,128,4,0,4,132
06/23/2022,BIS,ND,AGL,CE,Combined TRACON& Tower with Radar,18,20,34,1,73,0,5,30,2,37,18,25,64,3,110,41,0,41,151
06/24/2022,BIS,ND,AGL,CE,Combined TRACON& Tower with Radar,14,21,21,1,57,0,0,13,2,15,14,21,34,3,72,10,0,10,82
06/25/2022,BIS,ND,AGL,CE,Combined TRACON& Tower with Radar,11,17,10,0,38,0,0,5,0,5,11,17,15,0,43,0,0,0,43
06/26/2022,BIS,ND,AGL,CE,Combined TRACON& Tower with Radar,17,9,19,0,45,0,1,24,0,25,17,10,43,0,70,10,0,10,80
06/27/2022,BIS,ND,AGL,CE,Combined TRACON& Tower with Radar,15,15,21,2,53,0,0,32,3,35,15,15,53,5,88,20,0,20,108
06/28/2022,BIS,ND,AGL,CE,Combined TRACON& Tower with Radar,11,19,33,2,65,0,5,29,2,36,11,24,62,4,101,17,0,17,118
06/29/2022,BIS,ND,AGL,CE,Combined TRACON& Tower with Radar,14,19,26,2,61,0,8,28,9,45,14,27,54,11,106,26,0,26,132
06/30/2022,BIS,ND,AGL,CE,Combined TRACON& Tower with Radar,17,23,26,0,66,0,3,21,2,26,17,26,47,2,92,18,0,18,110
07/01/2022,BIS,ND,AGL,CE,Combined TRACON& Tower with Radar,14,18,16,0,48,0,3,24,2,29,14,21,40,2,77,10,1,11,88
07/02/2022,BIS,ND,AGL,CE,Combined TRACON& Tower with Radar,13,17,3,0,33,0,6,19,0,25,13,23,22,0,58,0,0,0,58
07/03/2022,BIS,ND,AGL,CE,Combined TRACON& Tower with Radar,15,7,8,0,30,0,1,5,0,6,15,8,13,0,36,0,0,0,36
07/04/2022,BIS,ND,AGL,CE,Combined TRACON& Tower with Radar,13,9,8,0,30,0,1,5,0,6,13,10,13,0,36,2,0,2,38
07/05/2022,BIS,ND,AGL,CE,Combined TRACON& Tower with Radar,13,14,20,0,47,0,2,20,0,22,13,16,40,0,69,15,0,15,84
07/06/2022,BIS,ND,AGL,CE,Combined TRACON& Tower with Radar,15,21,25,3,64,0,7,18,7,32,15,28,43,10,96,22,2,24,120
07/07/2022,BIS,ND,AGL,CE,Combined TRACON& Tower with Radar,17,17,22,0,56,0,1,6,1,8,17,18,28,1,64,26,5,31,95
07/08/2022,BIS,ND,AGL,CE,Combined TRACON& Tower with Radar,13,22,20,1,56,0,1,22,2,25,13,23,42,3,81,40,5,45,126
07/09/2022,BIS,ND,AGL,CE,Combined TRACON& Tower with Radar,13,17,3,0,33,0,1,12,0,13,13,18,15,0,46,0,0,0,46
07/10/2022,BIS,ND,AGL,CE,Combined TRACON& Tower with Radar,17,8,12,0,37,0,0,6,0,6,17,8,18,0,43,0,0,0,43
07/11/2022,BIS,ND,AGL,CE,Combined TRACON& Tower with Radar,15,13,15,4,47,0,0,23,3,26,15,13,38,7,73,12,0,12,85
07/12/2022,BIS,ND,AGL,CE,Combined TRACON& Tower with Radar,11,23,47,0,81,0,1,35,1,37,11,24,82,1,118,58,0,58,176
07/13/2022,BIS,ND,AGL,CE,Combined TRACON& Tower with Radar,15,25,18,0,58,0,6,23,10,39,15,31,41,10,97,10,0,10,107
07/14/2022,BIS,ND,AGL,CE,Combined TRACON& Tower with Radar,16,22,27,4,69,0,4,32,2,38,16,26,59,6,107,48,0,48,155
07/15/2022,BIS,ND,AGL,CE,Combined TRACON& Tower with Radar,14,14,27,2,57,0,0,6,0,6,14,14,33,2,63,67,0,67,130
07/16/2022,BIS,ND,AGL,CE,Combined TRACON& Tower with Radar,13,15,14,0,42,0,2,17,0,19,13,17,31,0,61,26,0,26,87
07/17/2022,BIS,ND,AGL,CE,Combined TRACON& Tower with Radar,18,7,16,0,41,0,2,14,0,16,18,9,30,0,57,0,0,0,57
07/18/2022,BIS,ND,AGL,CE,Combined TRACON& Tower with Radar,14,20,19,0,53,0,0,12,1,13,14,20,31,1,66,16,0,16,82
07/19/2022,BIS,ND,AGL,CE,Combined TRACON& Tower with Radar,12,22,42,7,83,0,0,2,5,7,12,22,44,12,90,0,0,0,90
07/20/2022,BIS,ND,AGL,CE,Combined TRACON& Tower with Radar,15,17,33,9,74,0,5,17,15,37,15,22,50,24,111,23,2,25,136
07/21/2022,BIS,ND,AGL,CE,Combined TRACON& Tower with Radar,18,19,39,0,76,0,2,23,7,32,18,21,62,7,108,14,0,14,122
07/22/2022,BIS,ND,AGL,CE,Combined TRACON& Tower with Radar,14,16,33,3,66,0,1,49,0,50,14,17,82,3,116,12,0,12,128
07/23/2022,BIS,ND,AGL,CE,Combined TRACON& Tower with Radar,13,20,16,0,49,0,1,30,0,31,13,21,46,0,80,18,0,18,98
07/24/2022,BIS,ND,AGL,CE,Combined TRACON& Tower with Radar,16,7,19,0,42,0,1,49,0,50,16,8,68,0,92,38,0,38,130
07/25/2022,BIS,ND,AGL,CE,Combined TRACON& Tower with Radar,13,13,34,4,64,0,2,25,4,31,13,15,59,8,95,26,0,26,121
07/26/2022,BIS,ND,AGL,CE,Combined TRACON& Tower with Radar,13,19,33,0,65,0,0,26,0,26,13,19,59,0,91,6,0,6,97
07/27/2022,BIS,ND,AGL,CE,Combined TRACON& Tower with Radar,15,17,33,0,65,0,4,20,10,34,15,21,53,10,99,8,2,10,109
07/28/2022,BIS,ND,AGL,CE,Combined TRACON& Tower with Radar,19,28,35,1,83,0,2,41,9,52,19,30,76,10,135,23,0,23,158
07/29/2022,BIS,ND,AGL,CE,Combined TRACON& Tower with Radar,14,17,29,2,62,0,0,48,2,50,14,17,77,4,112,40,0,40,152
07/30/2022,BIS,ND,AGL,CE,Combined TRACON& Tower with Radar,14,18,15,2,49,0,5,18,0,23,14,23,33,2,72,8,0,8,80
07/31/2022,BIS,ND,AGL,CE,Combined TRACON& Tower with Radar,16,6,16,0,38,0,4,8,1,13,16,10,24,1,51,0,0,0,51
08/01/2022,BIS,ND,AGL,CE,Combined TRACON& Tower with Radar,14,13,28,0,55,0,0,29,0,29,14,13,57,0,84,20,0,20,104
08/02/2022,BIS,ND,AGL,CE,Combined TRACON& Tower with Radar,11,17,29,2,59,0,4,29,1,34,11,21,58,3,93,30,0,30,123
08/03/2022,BIS,ND,AGL,CE,Combined TRACON& Tower with Radar,14,23,34,5,76,3,1,37,12,53,17,24,71,17,129,12,52,64,193
08/04/2022,BIS,ND,AGL,CE,Combined TRACON& Tower with Radar,18,21,28,2,69,0,0,12,2,14,18,21,40,4,83,9,0,9,92
08/05/2022,BIS,ND,AGL,CE,Combined TRACON& Tower with Radar,14,15,21,2,52,0,2,14,1,17,14,17,35,3,69,22,0,22,91
08/06/2022,BIS,ND,AGL,CE,Combined TRACON& Tower with Radar,13,17,8,0,38,0,0,7,4,11,13,17,15,4,49,2,0,2,51
08/07/2022,BIS,ND,AGL,CE,Combined TRACON& Tower with Radar,17,9,24,0,50,0,0,13,0,13,17,9,37,0,63,32,0,32,95
08/08/2022,BIS,ND,AGL,CE,Combined TRACON& Tower with Radar,15,14,31,1,61,0,0,20,4,24,15,14,51,5,85,40,0,40,125
08/09/2022,BIS,ND,AGL,CE,Combined TRACON& Tower with Radar,11,18,22,2,53,0,0,20,1,21,11,18,42,3,74,42,0,42,116
08/10/2022,BIS,ND,AGL,CE,Combined TRACON& Tower with Radar,15,21,29,2,67,0,3,17,20,40,15,24,46,22,107,31,16,47,154
08/11/2022,BIS,ND,AGL,CE,Combined TRACON& Tower with Radar,17,22,20,2,61,0,2,12,12,26,17,24,32,14,87,3,0,3,90
08/12/2022,BIS,ND,AGL,CE,Combined TRACON& Tower with Radar,16,20,33,2,71,0,2,15,0,17,16,22,48,2,88,10,0,10,98
08/13/2022,BIS,ND,AGL,CE,Combined TRACON& Tower with Radar,13,18,21,4,56,0,1,9,1,11,13,19,30,5,67,0,0,0,67
08/14/2022,BIS,ND,AGL,CE,Combined TRACON& Tower with Radar,17,11,13,2,43,1,0,10,0,11,18,11,23,2,54,0,0,0,54
08/15/2022,BIS,ND,AGL,CE,Combined TRACON& Tower with Radar,17,12,24,4,57,0,2,17,2,21,17,14,41,6,78,18,0,18,96
08/16/2022,BIS,ND,AGL,CE,Combined TRACON& Tower with Radar,11,23,32,0,66,0,1,18,3,22,11,24,50,3,88,14,0,14,102
08/17/2022,BIS,ND,AGL,CE,Combined TRACON& Tower with Radar,11,23,34,0,68,0,3,17,3,23,11,26,51,3,91,15,0,15,106
08/18/2022,BIS,ND,AGL,CE,Combined TRACON& Tower with Radar,15,21,34,0,70,0,0,22,3,25,15,21,56,3,95,4,0,4,99
08/19/2022,BIS,ND,AGL,CE,Combined TRACON& Tower with Radar,15,19,19,4,57,0,0,10,1,11,15,19,29,5,68,0,0,0,68
08/20/2022,BIS,ND,AGL,CE,Combined TRACON& Tower with Radar,11,20,15,0,46,0,2,43,2,47,11,22,58,2,93,21,0,21,114
08/21/2022,BIS,ND,AGL,CE,Combined TRACON& Tower with Radar,16,5,12,0,33,0,0,29,3,32,16,5,41,3,65,0,6,6,71
08/22/2022,BIS,ND,AGL,CE,Combined TRACON& Tower with Radar,16,13,18,2,49,0,4,29,1,34,16,17,47,3,83,20,0,20,103
08/23/2022,BIS,ND,AGL,CE,Combined TRACON& Tower with Radar,11,19,51,4,85,0,4,30,0,34,11,23,81,4,119,13,0,13,132
08/24/2022,BIS,ND,AGL,CE,Combined TRACON& Tower with Radar,10,26,42,3,81,0,1,18,15,34,10,27,60,18,115,27,0,27,142
08/25/2022,BIS,ND,AGL,CE,Combined TRACON& Tower with Radar,13,19,39,6,77,0,4,37,9,50,13,23,76,15,127,47,0,47,174
08/26/2022,BIS,ND,AGL,CE,Combined TRACON& Tower with Radar,11,21,27,2,61,0,4,15,1,20,11,25,42,3,81,13,0,13,94
08/27/2022,BIS,ND,AGL,CE,Combined TRACON& Tower with Radar,9,21,16,0,46,0,0,11,0,11,9,21,27,0,57,0,0,0,57
08/28/2022,BIS,ND,AGL,CE,Combined TRACON& Tower with Radar,13,12,13,0,38,0,0,7,0,7,13,12,20,0,45,0,0,0,45
08/29/2022,BIS,ND,AGL,CE,Combined TRACON& Tower with Radar,12,16,22,2,52,0,3,14,2,19,12,19,36,4,71,14,0,14,85
08/30/2022,BIS,ND,AGL,CE,Combined TRACON& Tower with Radar,9,25,25,3,62,0,2,23,4,29,9,27,48,7,91,26,0,26,117
08/31/2022,BIS,ND,AGL,CE,Combined TRACON& Tower with Radar,9,23,34,1,67,0,0,39,15,54,9,23,73,16,121,16,10,26,147
09/01/2022,BIS,ND,AGL,CE,Combined TRACON& Tower with Radar,14,19,33,2,68,0,3,28,0,31,14,22,61,2,99,13,0,13,112
09/02/2022,BIS,ND,AGL,CE,Combined TRACON& Tower with Radar,13,19,23,0,55,0,0,11,0,11,13,19,34,0,66,0,0,0,66
09/03/2022,BIS,ND,AGL,CE,Combined TRACON& Tower with Radar,8,17,13,0,38,0,2,14,0,16,8,19,27,0,54,35,0,35,89
09/04/2022,BIS,ND,AGL,CE,Combined TRACON& Tower with Radar,12,6,10,0,28,0,0,8,0,8,12,6,18,0,36,0,0,0,36
09/05/2022,BIS,ND,AGL,CE,Combined TRACON& Tower with Radar,17,7,14,0,38,0,2,21,0,23,17,9,35,0,61,4,0,4,65
09/06/2022,BIS,ND,AGL,CE,Combined TRACON& Tower with Radar,12,16,19,4,51,0,0,13,0,13,12,16,32,4,64,21,0,21,85
09/07/2022,BIS,ND,AGL,CE,Combined TRACON& Tower with Radar,11,20,22,11,64,0,4,21,19,44,11,24,43,30,108,0,7,7,115
09/08/2022,BIS,ND,AGL,CE,Combined TRACON& Tower with Radar,15,23,45,10,93,0,5,20,4,29,15,28,65,14,122,17,0,17,139
09/09/2022,BIS,ND,AGL,CE,Combined TRACON& Tower with Radar,14,18,23,4,59,0,0,16,1,17,14,18,39,5,76,10,0,10,86
09/10/2022,BIS,ND,AGL,CE,Combined TRACON& Tower with Radar,10,17,19,0,46,0,1,17,2,20,10,18,36,2,66,16,0,16,82
09/11/2022,BIS,ND,AGL,CE,Combined TRACON& Tower with Radar,18,10,14,2,44,0,2,92,18,112,18,12,106,20,156,4,0,4,160
09/12/2022,BIS,ND,AGL,CE,Combined TRACON& Tower with Radar,17,12,29,5,63,0,1,20,6,27,17,13,49,11,90,2,0,2,92
09/13/2022,BIS,ND,AGL,CE,Combined TRACON& Tower with Radar,10,23,32,2,67,0,1,38,3,42,10,24,70,5,109,32,0,32,141
09/14/2022,BIS,ND,AGL,CE,Combined TRACON& Tower with Radar,10,19,30,8,67,0,1,18,9,28,10,20,48,17,95,0,0,0,95
09/15/2022,BIS,ND,AGL,CE,Combined TRACON& Tower with Radar,17,28,63,0,108,0,0,2,0,2,17,28,65,0,110,0,0,0,110
09/16/2022,BIS,ND,AGL,CE,Combined TRACON& Tower with Radar,15,21,23,3,62,0,0,2,0,2,15,21,25,3,64,8,0,8,72
09/17/2022,BIS,ND,AGL,CE,Combined TRACON& Tower with Radar,11,23,22,2,58,0,1,1,0,2,11,24,23,2,60,0,0,0,60
09/18/2022,BIS,ND,AGL,CE,Combined TRACON& Tower with Radar,17,6,20,4,47,0,0,30,0,30,17,6,50,4,77,12,0,12,89
09/19/2022,BIS,ND,AGL,CE,Combined TRACON& Tower with Radar,14,22,39,0,75,0,3,16,7,26,14,25,55,7,101,12,0,12,113
09/20/2022,BIS,ND,AGL,CE,Combined TRACON& Tower with Radar,12,21,33,0,66,0,3,25,2,30,12,24,58,2,96,15,0,15,111
09/21/2022,BIS,ND,AGL,CE,Combined TRACON& Tower with Radar,10,18,45,4,77,0,4,34,8,46,10,22,79,12,123,12,0,12,135
09/22/2022,BIS,ND,AGL,CE,Combined TRACON& Tower with Radar,16,18,29,0,63,0,0,25,3,28,16,18,54,3,91,31,0,31,122
09/23/2022,BIS,ND,AGL,CE,Combined TRACON& Tower with Radar,16,20,30,4,70,0,2,16,0,18,16,22,46,4,88,18,0,18,106
09/24/2022,BIS,ND,AGL,CE,Combined TRACON& Tower with Radar,12,15,19,2,48,0,2,14,0,16,12,17,33,2,64,4,0,4,68
09/25/2022,BIS,ND,AGL,CE,Combined TRACON& Tower with Radar,16,7,12,0,35,0,1,6,0,7,16,8,18,0,42,4,0,4,46
09/26/2022,BIS,ND,AGL,CE,Combined TRACON& Tower with Radar,15,15,20,2,52,0,6,21,5,32,15,21,41,7,84,42,0,42,126
09/27/2022,BIS,ND,AGL,CE,Combined TRACON& Tower with Radar,13,30,35,3,81,0,2,35,0,37,13,32,70,3,118,54,0,54,172
09/28/2022,BIS,ND,AGL,CE,Combined TRACON& Tower with Radar,10,20,42,2,74,0,2,27,0,29,10,22,69,2,103,18,12,30,133
09/29/2022,BIS,ND,AGL,CE,Combined TRACON& Tower with Radar,17,16,33,2,68,0,0,29,0,29,17,16,62,2,97,106,0,106,203
09/30/2022,BIS,ND,AGL,CE,Combined TRACON& Tower with Radar,17,20,33,0,70,0,2,19,0,21,17,22,52,0,91,26,0,26,117
10/01/2022,BIS,ND,AGL,CE,Combined TRACON& Tower with Radar,12,20,21,0,53,0,0,8,0,8,12,20,29,0,61,0,0,0,61
10/02/2022,BIS,ND,AGL,CE,Combined TRACON& Tower with Radar,16,10,31,0,57,0,0,14,0,14,16,10,45,0,71,2,0,2,73
10/03/2022,BIS,ND,AGL,CE,Combined TRACON& Tower with Radar,15,20,26,0,61,0,1,8,0,9,15,21,34,0,70,10,0,10,80
10/04/2022,BIS,ND,AGL,CE,Combined TRACON& Tower with Radar,11,18,29,5,63,0,0,9,3,12,11,18,38,8,75,0,6,6,81
10/05/2022,BIS,ND,AGL,CE,Combined TRACON& Tower with Radar,13,21,38,3,75,0,0,34,0,34,13,21,72,3,109,12,0,12,121
10/06/2022,BIS,ND,AGL,CE,Combined TRACON& Tower with Radar,14,26,43,4,87,0,0,14,0,14,14,26,57,4,101,22,0,22,123
10/07/2022,BIS,ND,AGL,CE,Combined TRACON& Tower with Radar,12,22,35,3,72,0,2,16,0,18,12,24,51,3,90,14,0,14,104
10/08/2022,BIS,ND,AGL,CE,Combined TRACON& Tower with Radar,12,21,14,0,47,0,1,7,0,8,12,22,21,0,55,0,0,0,55
10/09/2022,BIS,ND,AGL,CE,Combined TRACON& Tower with Radar,16,14,20,0,50,0,5,14,1,20,16,19,34,1,70,10,0,10,80
10/10/2022,BIS,ND,AGL,CE,Combined TRACON& Tower with Radar,15,21,30,0,66,0,2,26,0,28,15,23,56,0,94,12,0,12,106
10/11/2022,BIS,ND,AGL,CE,Combined TRACON& Tower with Radar,14,21,28,4,67,0,0,10,0,10,14,21,38,4,77,22,0,22,99
10/12/2022,BIS,ND,AGL,CE,Combined TRACON& Tower with Radar,13,22,25,2,62,0,3,10,4,17,13,25,35,6,79,0,0,0,79
10/13/2022,BIS,ND,AGL,CE,Combined TRACON& Tower with Radar,15,22,21,2,60,0,5,2,0,7,15,27,23,2,67,0,0,0,67
10/14/2022,BIS,ND,AGL,CE,Combined TRACON& Tower with Radar,14,19,23,0,56,0,2,6,2,10,14,21,29,2,66,3,0,3,69
10/15/2022,BIS,ND,AGL,CE,Combined TRACON& Tower with Radar,12,18,12,1,43,0,0,5,0,5,12,18,17,1,48,4,0,4,52
10/16/2022,BIS,ND,AGL,CE,Combined TRACON& Tower with Radar,16,7,13,0,36,0,1,9,0,10,16,8,22,0,46,0,0,0,46
10/17/2022,BIS,ND,AGL,CE,Combined TRACON& Tower with Radar,14,18,33,2,67,0,2,9,0,11,14,20,42,2,78,50,0,50,128
10/18/2022,BIS,ND,AGL,CE,Combined TRACON& Tower with Radar,13,20,28,4,65,0,0,17,1,18,13,20,45,5,83,8,0,8,91
10/19/2022,BIS,ND,AGL,CE,Combined TRACON& Tower with Radar,14,25,44,18,101,0,2,13,6,21,14,27,57,24,122,27,0,27,149
10/20/2022,BIS,ND,AGL,CE,Combined TRACON& Tower with Radar,15,25,42,3,85,0,5,34,1,40,15,30,76,4,125,4,0,4,129
10/21/2022,BIS,ND,AGL,CE,Combined TRACON& Tower with Radar,12,26,19,1,58,0,5,30,1,36,12,31,49,2,94,13,0,13,107
10/22/2022,BIS,ND,AGL,CE,Combined TRACON& Tower with Radar,13,22,18,0,53,0,2,8,0,10,13,24,26,0,63,0,0,0,63
10/23/2022,BIS,ND,AGL,CE,Combined TRACON& Tower with Radar,14,10,13,0,37,0,2,3,0,5,14,12,16,0,42,6,0,6,48
10/24/2022,BIS,ND,AGL,CE,Combined TRACON& Tower with Radar,12,21,12,3,48,0,0,0,0,0,12,21,12,3,48,0,0,0,48
10/25/2022,BIS,ND,AGL,CE,Combined TRACON& Tower with Radar,10,25,33,3,71,0,2,14,0,16,10,27,47,3,87,16,0,16,103
10/26/2022,BIS,ND,AGL,CE,Combined TRACON& Tower with Radar,12,17,38,3,70,0,0,30,2,32,12,17,68,5,102,63,0,63,165
10/27/2022,BIS,ND,AGL,CE,Combined TRACON& Tower with Radar,21,21,39,11,92,0,1,30,1,32,21,22,69,12,124,12,2,14,138
10/28/2022,BIS,ND,AGL,CE,Combined TRACON& Tower with Radar,13,18,19,0,50,0,0,20,2,22,13,18,39,2,72,0,0,0,72
10/29/2022,BIS,ND,AGL,CE,Combined TRACON& Tower with Radar,13,21,23,0,57,0,0,21,5,26,13,21,44,5,83,0,0,0,83
10/30/2022,BIS,ND,AGL,CE,Combined TRACON& Tower with Radar,17,8,30,2,57,0,2,23,1,26,17,10,53,3,83,26,0,26,109
10/31/2022,BIS,ND,AGL,CE,Combined TRACON& Tower with Radar,14,14,13,0,41,0,2,25,2,29,14,16,38,2,70,34,0,34,104
11/01/2022,BIS,ND,AGL,CE,Combined TRACON& Tower with Radar,11,22,41,2,76,0,2,21,0,23,11,24,62,2,99,0,0,0,99
11/02/2022,BIS,ND,AGL,CE,Combined TRACON& Tower with Radar,13,18,30,6,67,0,2,17,2,21,13,20,47,8,88,10,16,26,114
11/03/2022,BIS,ND,AGL,CE,Combined TRACON& Tower with Radar,15,17,36,6,74,0,4,2,0,6,15,21,38,6,80,0,0,0,80
11/04/2022,BIS,ND,AGL,CE,Combined TRACON& Tower with Radar,12,23,27,3,65,0,3,21,1,25,12,26,48,4,90,30,0,30,120
11/05/2022,BIS,ND,AGL,CE,Combined TRACON& Tower with Radar,12,15,6,0,33,0,4,5,0,9,12,19,11,0,42,40,0,40,82
11/06/2022,BIS,ND,AGL,CE,Combined TRACON& Tower with Radar,12,13,13,0,38,0,0,0,0,0,12,13,13,0,38,0,0,0,38
11/07/2022,BIS,ND,AGL,CE,Combined TRACON& Tower with Radar,13,20,29,0,62,0,0,7,0,7,13,20,36,0,69,0,0,0,69
11/08/2022,BIS,ND,AGL,CE,Combined TRACON& Tower with Radar,11,22,21,2,56,0,2,9,1,12,11,24,30,3,68,14,0,14,82
11/09/2022,BIS,ND,AGL,CE,Combined TRACON& Tower with Radar,10,15,23,2,50,0,0,0,0,0,10,15,23,2,50,0,0,0,50
11/10/2022,BIS,ND,AGL,CE,Combined TRACON& Tower with Radar,0,0,0,0,0,0,0,0,0,0,0,0,0,0,0,0,0,0,0
11/11/2022,BIS,ND,AGL,CE,Combined TRACON& Tower with Radar,14,17,26,4,61,0,0,1,0,1,14,17,27,4,62,0,0,0,62
11/12/2022,BIS,ND,AGL,CE,Combined TRACON& Tower with Radar,12,9,4,0,25,0,0,0,0,0,12,9,4,0,25,0,0,0,25
11/13/2022,BIS,ND,AGL,CE,Combined TRACON& Tower with Radar,15,10,4,0,29,0,0,0,0,0,15,10,4,0,29,0,0,0,29
11/14/2022,BIS,ND,AGL,CE,Combined TRACON& Tower with Radar,15,22,9,0,46,0,0,0,0,0,15,22,9,0,46,0,0,0,46
11/15/2022,BIS,ND,AGL,CE,Combined TRACON& Tower with Radar,15,24,28,2,69,0,0,3,0,3,15,24,31,2,72,0,0,0,72
11/16/2022,BIS,ND,AGL,CE,Combined TRACON& Tower with Radar,13,18,24,8,63,0,0,0,5,5,13,18,24,13,68,0,28,28,96
11/17/2022,BIS,ND,AGL,CE,Combined TRACON& Tower with Radar,14,22,17,0,53,0,3,0,1,4,14,25,17,1,57,0,0,0,57
11/18/2022,BIS,ND,AGL,CE,Combined TRACON& Tower with Radar,15,21,14,2,52,0,2,5,0,7,15,23,19,2,59,0,0,0,59
11/19/2022,BIS,ND,AGL,CE,Combined TRACON& Tower with Radar,15,22,11,0,48,0,5,4,1,10,15,27,15,1,58,10,0,10,68
11/20/2022,BIS,ND,AGL,CE,Combined TRACON& Tower with Radar,13,7,28,0,48,0,3,14,0,17,13,10,42,0,65,32,0,32,97
11/21/2022,BIS,ND,AGL,CE,Combined TRACON& Tower with Radar,13,12,29,2,56,0,3,24,0,27,13,15,53,2,83,31,0,31,114
11/22/2022,BIS,ND,AGL,CE,Combined TRACON& Tower with Radar,13,24,46,4,87,0,1,31,5,37,13,25,77,9,124,0,0,0,124
11/23/2022,BIS,ND,AGL,CE,Combined TRACON& Tower with Radar,13,20,27,2,62,0,0,16,0,16,13,20,43,2,78,6,0,6,84
11/24/2022,BIS,ND,AGL,CE,Combined TRACON& Tower with Radar,8,3,6,0,17,0,6,4,0,10,8,9,10,0,27,4,0,4,31
11/25/2022,BIS,ND,AGL,CE,Combined TRACON& Tower with Radar,12,21,19,0,52,0,2,23,0,25,12,23,42,0,77,5,0,5,82
11/26/2022,BIS,ND,AGL,CE,Combined TRACON& Tower with Radar,15,14,8,0,37,0,0,15,0,15,15,14,23,0,52,12,0,12,64
11/27/2022,BIS,ND,AGL,CE,Combined TRACON& Tower with Radar,13,8,11,0,32,0,2,8,0,10,13,10,19,0,42,6,0,6,48
11/28/2022,BIS,ND,AGL,CE,Combined TRACON& Tower with Radar,15,12,14,0,41,0,1,3,0,4,15,13,17,0,45,0,0,0,45
11/29/2022,BIS,ND,AGL,CE,Combined TRACON& Tower with Radar,11,16,21,2,50,0,2,1,6,9,11,18,22,8,59,0,0,0,59
11/30/2022,BIS,ND,AGL,CE,Combined TRACON& Tower with Radar,15,17,23,2,57,0,8,19,6,33,15,25,42,8,90,6,4,10,100
12/01/2022,BIS,ND,AGL,CE,Combined TRACON& Tower with Radar,13,24,48,0,85,0,3,17,0,20,13,27,65,0,105,18,0,18,123
12/02/2022,BIS,ND,AGL,CE,Combined TRACON& Tower with Radar,15,17,13,0,45,0,0,0,0,0,15,17,13,0,45,0,0,0,45
12/03/2022,BIS,ND,AGL,CE,Combined TRACON& Tower with Radar,12,14,11,1,38,0,7,29,0,36,12,21,40,1,74,30,0,30,104
12/04/2022,BIS,ND,AGL,CE,Combined TRACON& Tower with Radar,13,13,11,0,37,0,0,1,0,1,13,13,12,0,38,12,0,12,50
12/05/2022,BIS,ND,AGL,CE,Combined TRACON& Tower with Radar,14,15,26,1,56,0,5,19,0,24,14,20,45,1,80,4,0,4,84
12/06/2022,BIS,ND,AGL,CE,Combined TRACON& Tower with Radar,11,15,26,2,54,0,1,2,1,4,11,16,28,3,58,16,0,16,74
12/07/2022,BIS,ND,AGL,CE,Combined TRACON& Tower with Radar,14,18,34,3,69,0,1,5,1,7,14,19,39,4,76,0,0,0,76
12/08/2022,BIS,ND,AGL,CE,Combined TRACON& Tower with Radar,13,16,25,4,58,0,0,10,2,12,13,16,35,6,70,0,0,0,70
12/09/2022,BIS,ND,AGL,CE,Combined TRACON& Tower with Radar,18,26,19,2,65,0,5,11,1,17,18,31,30,3,82,26,0,26,108
12/10/2022,BIS,ND,AGL,CE,Combined TRACON& Tower with Radar,11,14,9,0,34,0,5,15,0,20,11,19,24,0,54,6,0,6,60
12/11/2022,BIS,ND,AGL,CE,Combined TRACON& Tower with Radar,13,9,18,2,42,0,3,13,0,16,13,12,31,2,58,30,0,30,88
12/12/2022,BIS,ND,AGL,CE,Combined TRACON& Tower with Radar,13,12,11,0,36,0,0,0,0,0,13,12,11,0,36,0,0,0,36
12/13/2022,BIS,ND,AGL,CE,Combined TRACON& Tower with Radar,2,13,0,0,15,0,0,0,0,0,2,13,0,0,15,0,0,0,15
12/14/2022,BIS,ND,AGL,CE,Combined TRACON& Tower with Radar,10,9,2,0,21,0,0,0,0,0,10,9,2,0,21,0,0,0,21
12/15/2022,BIS,ND,AGL,CE,Combined TRACON& Tower with Radar,13,12,0,0,25,0,0,0,0,0,13,12,0,0,25,0,0,0,25
12/16/2022,BIS,ND,AGL,CE,Combined TRACON& Tower with Radar,4,7,7,0,18,0,0,0,0,0,4,7,7,0,18,0,0,0,18
12/17/2022,BIS,ND,AGL,CE,Combined TRACON& Tower with Radar,13,21,17,0,51,0,0,0,0,0,13,21,17,0,51,0,0,0,51
12/18/2022,BIS,ND,AGL,CE,Combined TRACON& Tower with Radar,19,8,12,0,39,0,0,0,0,0,19,8,12,0,39,0,0,0,39
12/19/2022,BIS,ND,AGL,CE,Combined TRACON& Tower with Radar,12,13,18,4,47,0,0,6,0,6,12,13,24,4,53,6,0,6,59
12/20/2022,BIS,ND,AGL,CE,Combined TRACON& Tower with Radar,16,22,23,2,63,0,3,11,0,14,16,25,34,2,77,0,0,0,77
12/21/2022,BIS,ND,AGL,CE,Combined TRACON& Tower with Radar,11,16,12,2,41,0,0,0,0,0,11,16,12,2,41,0,0,0,41
12/22/2022,BIS,ND,AGL,CE,Combined TRACON& Tower with Radar,14,16,9,0,39,0,0,0,0,0,14,16,9,0,39,0,0,0,39
12/23/2022,BIS,ND,AGL,CE,Combined TRACON& Tower with Radar,15,13,20,0,48,0,1,3,0,4,15,14,23,0,52,0,0,0,52
12/24/2022,BIS,ND,AGL,CE,Combined TRACON& Tower with Radar,12,13,7,0,32,0,1,1,0,2,12,14,8,0,34,0,0,0,34
12/25/2022,BIS,ND,AGL,CE,Combined TRACON& Tower with Radar,14,3,0,0,17,0,0,0,0,0,14,3,0,0,17,0,0,0,17
12/26/2022,BIS,ND,AGL,CE,Combined TRACON& Tower with Radar,17,9,10,0,36,0,0,3,0,3,17,9,13,0,39,0,0,0,39
12/27/2022,BIS,ND,AGL,CE,Combined TRACON& Tower with Radar,15,18,14,1,48,0,8,21,2,31,15,26,35,3,79,8,0,8,87
12/28/2022,BIS,ND,AGL,CE,Combined TRACON& Tower with Radar,22,23,22,0,67,0,9,19,4,32,22,32,41,4,99,19,0,19,118
12/29/2022,BIS,ND,AGL,CE,Combined TRACON& Tower with Radar,17,24,21,0,62,0,2,2,0,4,17,26,23,0,66,24,0,24,90
12/30/2022,BIS,ND,AGL,CE,Combined TRACON& Tower with Radar,17,21,15,0,53,0,1,3,0,4,17,22,18,0,57,0,0,0,57
12/31/2022,BIS,ND,AGL,CE,Combined TRACON& Tower with Radar,15,19,10,0,44,0,2,0,0,2,15,21,10,0,46,0,0,0,46
01/01/2023,BIS,ND,AGL,CE,Combined TRACON& Tower with Radar,13,6,12,0,31,0,2,8,0,10,13,8,20,0,41,0,0,0,41
01/02/2023,BIS,ND,AGL,CE,Combined TRACON& Tower with Radar,15,12,19,0,46,0,3,24,0,27,15,15,43,0,73,34,0,34,107
01/03/2023,BIS,ND,AGL,CE,Combined TRACON& Tower with Radar,11,12,13,0,36,0,0,0,0,0,11,12,13,0,36,0,0,0,36
01/04/2023,BIS,ND,AGL,CE,Combined TRACON& Tower with Radar,10,23,8,2,43,0,1,1,7,9,10,24,9,9,52,12,0,12,64
01/05/2023,BIS,ND,AGL,CE,Combined TRACON& Tower with Radar,8,23,32,2,65,0,4,10,1,15,8,27,42,3,80,34,0,34,114
01/06/2023,BIS,ND,AGL,CE,Combined TRACON& Tower with Radar,12,26,18,0,56,0,0,0,0,0,12,26,18,0,56,0,0,0,56
01/07/2023,BIS,ND,AGL,CE,Combined TRACON& Tower with Radar,11,16,9,0,36,0,0,7,0,7,11,16,16,0,43,20,0,20,63
01/08/2023,BIS,ND,AGL,CE,Combined TRACON& Tower with Radar,9,10,13,0,32,0,1,25,0,26,9,11,38,0,58,50,0,50,108
01/09/2023,BIS,ND,AGL,CE,Combined TRACON& Tower with Radar,13,12,19,3,47,0,2,24,3,29,13,14,43,6,76,28,0,28,104
01/10/2023,BIS,ND,AGL,CE,Combined TRACON& Tower with Radar,10,22,22,0,54,0,2,17,0,19,10,24,39,0,73,0,0,0,73
01/11/2023,BIS,ND,AGL,CE,Combined TRACON& Tower with Radar,13,31,27,2,73,0,0,0,0,0,13,31,27,2,73,0,0,0,73
01/12/2023,BIS,ND,AGL,CE,Combined TRACON& Tower with Radar,11,23,45,4,83,0,0,20,1,21,11,23,65,5,104,20,0,20,124
01/13/2023,BIS,ND,AGL,CE,Combined TRACON& Tower with Radar,15,19,28,0,62,0,6,16,0,22,15,25,44,0,84,28,0,28,112
01/14/2023,BIS,ND,AGL,CE,Combined TRACON& Tower with Radar,14,17,18,0,49,0,2,29,0,31,14,19,47,0,80,0,0,0,80
01/15/2023,BIS,ND,AGL,CE,Combined TRACON& Tower with Radar,8,9,5,0,22,0,0,1,0,1,8,9,6,0,23,16,0,16,39
01/16/2023,BIS,ND,AGL,CE,Combined TRACON& Tower with Radar,18,8,16,0,42,0,0,0,0,0,18,8,16,0,42,0,0,0,42
01/17/2023,BIS,ND,AGL,CE,Combined TRACON& Tower with Radar,12,27,26,7,72,0,0,0,0,0,12,27,26,7,72,0,0,0,72
01/18/2023,BIS,ND,AGL,CE,Combined TRACON& Tower with Radar,13,26,25,0,64,0,0,0,0,0,13,26,25,0,64,0,0,0,64
01/19/2023,BIS,ND,AGL,CE,Combined TRACON& Tower with Radar,13,27,26,0,66,0,0,0,0,0,13,27,26,0,66,0,0,0,66
01/20/2023,BIS,ND,AGL,CE,Combined TRACON& Tower with Radar,17,20,22,0,59,0,0,0,0,0,17,20,22,0,59,0,0,0,59
01/21/2023,BIS,ND,AGL,CE,Combined TRACON& Tower with Radar,14,15,14,2,45,0,0,29,0,29,14,15,43,2,74,26,0,26,100
01/22/2023,BIS,ND,AGL,CE,Combined TRACON& Tower with Radar,12,11,13,1,37,0,4,16,0,20,12,15,29,1,57,8,0,8,65
01/23/2023,BIS,ND,AGL,CE,Combined TRACON& Tower with Radar,15,14,16,0,45,0,1,8,0,9,15,15,24,0,54,0,0,0,54
01/24/2023,BIS,ND,AGL,CE,Combined TRACON& Tower with Radar,10,23,28,3,64,0,4,3,0,7,10,27,31,3,71,0,0,0,71
01/25/2023,BIS,ND,AGL,CE,Combined TRACON& Tower with Radar,14,27,16,0,57,0,2,0,6,8,14,29,16,6,65,0,14,14,79
01/26/2023,BIS,ND,AGL,CE,Combined TRACON& Tower with Radar,12,30,11,4,57,0,0,1,0,1,12,30,12,4,58,37,0,37,95
01/27/2023,BIS,ND,AGL,CE,Combined TRACON& Tower with Radar,14,21,24,4,63,0,4,6,1,11,14,25,30,5,74,20,0,20,94
01/28/2023,BIS,ND,AGL,CE,Combined TRACON& Tower with Radar,14,13,9,0,36,0,2,0,0,2,14,15,9,0,38,18,0,18,56
01/29/2023,BIS,ND,AGL,CE,Combined TRACON& Tower with Radar,11,6,9,0,26,0,2,2,0,4,11,8,11,0,30,8,0,8,38
01/30/2023,BIS,ND,AGL,CE,Combined TRACON& Tower with Radar,14,18,24,4,60,0,1,6,2,9,14,19,30,6,69,8,0,8,77
01/31/2023,BIS,ND,AGL,CE,Combined TRACON& Tower with Radar,12,12,21,2,47,0,0,17,1,18,12,12,38,3,65,0,0,0,65
02/01/2023,BIS,ND,AGL,CE,Combined TRACON& Tower with Radar,11,14,26,2,53,0,0,12,4,16,11,14,38,6,69,18,0,18,87
02/02/2023,BIS,ND,AGL,CE,Combined TRACON& Tower with Radar,13,21,35,2,71,0,5,12,0,17,13,26,47,2,88,2,0,2,90
02/03/2023,BIS,ND,AGL,CE,Combined TRACON& Tower with Radar,15,17,26,2,60,0,0,9,0,9,15,17,35,2,69,18,0,18,87
02/04/2023,BIS,ND,AGL,CE,Combined TRACON& Tower with Radar,13,14,3,0,30,0,0,7,0,7,13,14,10,0,37,28,0,28,65
02/05/2023,BIS,ND,AGL,CE,Combined TRACON& Tower with Radar,13,10,13,0,36,0,0,10,0,10,13,10,23,0,46,54,0,54,100
02/06/2023,BIS,ND,AGL,CE,Combined TRACON& Tower with Radar,15,15,23,6,59,0,1,16,6,23,15,16,39,12,82,0,0,0,82
02/07/2023,BIS,ND,AGL,CE,Combined TRACON& Tower with Radar,11,20,14,2,47,0,9,20,0,29,11,29,34,2,76,29,0,29,105
02/08/2023,BIS,ND,AGL,CE,Combined TRACON& Tower with Radar,14,24,20,0,58,0,4,28,4,36,14,28,48,4,94,52,2,54,148
02/09/2023,BIS,ND,AGL,CE,Combined TRACON& Tower with Radar,13,26,16,3,58,0,11,18,0,29,13,37,34,3,87,6,0,6,93
02/10/2023,BIS,ND,AGL,CE,Combined TRACON& Tower with Radar,16,18,24,0,58,0,2,13,4,19,16,20,37,4,77,14,0,14,91
02/11/2023,BIS,ND,AGL,CE,Combined TRACON& Tower with Radar,13,19,17,0,49,0,4,6,0,10,13,23,23,0,59,0,0,0,59
02/12/2023,BIS,ND,AGL,CE,Combined TRACON& Tower with Radar,12,9,11,0,32,0,3,9,0,12,12,12,20,0,44,0,0,0,44
02/13/2023,BIS,ND,AGL,CE,Combined TRACON& Tower with Radar,14,16,19,1,50,0,6,17,0,23,14,22,36,1,73,0,0,0,73
02/14/2023,BIS,ND,AGL,CE,Combined TRACON& Tower with Radar,10,18,15,0,43,0,0,0,1,1,10,18,15,1,44,0,2,2,46
02/15/2023,BIS,ND,AGL,CE,Combined TRACON& Tower with Radar,13,20,23,2,58,0,1,10,7,18,13,21,33,9,76,14,6,20,96
02/16/2023,BIS,ND,AGL,CE,Combined TRACON& Tower with Radar,17,21,47,2,87,0,2,10,2,14,17,23,57,4,101,12,0,12,113
02/17/2023,BIS,ND,AGL,CE,Combined TRACON& Tower with Radar,15,16,12,2,45,0,1,10,0,11,15,17,22,2,56,14,0,14,70
02/18/2023,BIS,ND,AGL,CE,Combined TRACON& Tower with Radar,13,18,11,0,42,0,0,8,0,8,13,18,19,0,50,32,0,32,82
02/19/2023,BIS,ND,AGL,CE,Combined TRACON& Tower with Radar,14,13,12,0,39,0,0,1,0,1,14,13,13,0,40,0,0,0,40
02/20/2023,BIS,ND,AGL,CE,Combined TRACON& Tower with Radar,17,15,19,0,51,0,0,3,0,3,17,15,22,0,54,0,0,0,54
02/21/2023,BIS,ND,AGL,CE,Combined TRACON& Tower with Radar,12,27,8,0,47,0,0,0,0,0,12,27,8,0,47,0,0,0,47
02/22/2023,BIS,ND,AGL,CE,Combined TRACON& Tower with Radar,11,18,12,0,41,0,0,5,0,5,11,18,17,0,46,0,0,0,46
02/23/2023,BIS,ND,AGL,CE,Combined TRACON& Tower with Radar,6,20,11,0,37,0,0,0,0,0,6,20,11,0,37,0,0,0,37
02/24/2023,BIS,ND,AGL,CE,Combined TRACON& Tower with Radar,15,26,27,8,76,0,0,5,5,10,15,26,32,13,86,6,0,6,92
02/25/2023,BIS,ND,AGL,CE,Combined TRACON& Tower with Radar,13,18,12,0,43,0,6,13,0,19,13,24,25,0,62,21,0,21,83
02/26/2023,BIS,ND,AGL,CE,Combined TRACON& Tower with Radar,11,10,20,0,41,0,2,20,0,22,11,12,40,0,63,0,0,0,63
02/27/2023,BIS,ND,AGL,CE,Combined TRACON& Tower with Radar,18,13,26,4,61,0,4,22,0,26,18,17,48,4,87,2,0,2,89
02/28/2023,BIS,ND,AGL,CE,Combined TRACON& Tower with Radar,11,17,20,1,49,0,0,2,2,4,11,17,22,3,53,21,0,21,74
03/01/2023,BIS,ND,AGL,CE,Combined TRACON& Tower with Radar,12,17,20,0,49,0,2,15,3,20,12,19,35,3,69,0,0,0,69
03/02/2023,BIS,ND,AGL,CE,Combined TRACON& Tower with Radar,10,26,21,2,59,0,1,12,0,13,10,27,33,2,72,22,0,22,94
03/03/2023,BIS,ND,AGL,CE,Combined TRACON& Tower with Radar,12,16,19,0,47,0,4,20,1,25,12,20,39,1,72,8,20,28,100
03/04/2023,BIS,ND,AGL,CE,Combined TRACON& Tower with Radar,11,18,15,0,44,0,1,23,0,24,11,19,38,0,68,6,0,6,74
03/05/2023,BIS,ND,AGL,CE,Combined TRACON& Tower with Radar,8,4,5,0,17,0,0,0,0,0,8,4,5,0,17,0,0,0,17
03/06/2023,BIS,ND,AGL,CE,Combined TRACON& Tower with Radar,15,24,25,0,64,0,0,8,0,8,15,24,33,0,72,12,0,12,84
03/07/2023,BIS,ND,AGL,CE,Combined TRACON& Tower with Radar,9,20,15,0,44,0,0,0,0,0,9,20,15,0,44,0,0,0,44
03/08/2023,BIS,ND,AGL,CE,Combined TRACON& Tower with Radar,13,31,21,2,67,0,2,0,0,2,13,33,21,2,69,0,21,21,90
03/09/2023,BIS,ND,AGL,CE,Combined TRACON& Tower with Radar,13,25,6,8,52,0,0,0,0,0,13,25,6,8,52,2,0,2,54
03/10/2023,BIS,ND,AGL,CE,Combined TRACON& Tower with Radar,10,18,14,0,42,0,0,0,0,0,10,18,14,0,42,0,0,0,42
03/11/2023,BIS,ND,AGL,CE,Combined TRACON& Tower with Radar,21,6,8,0,35,0,2,2,4,8,21,8,10,4,43,0,0,0,43
03/12/2023,BIS,ND,AGL,CE,Combined TRACON& Tower with Radar,14,7,9,2,32,0,2,6,0,8,14,9,15,2,40,0,0,0,40
03/13/2023,BIS,ND,AGL,CE,Combined TRACON& Tower with Radar,12,16,27,4,59,0,2,13,5,20,12,18,40,9,79,0,0,0,79
03/14/2023,BIS,ND,AGL,CE,Combined TRACON& Tower with Radar,10,19,25,4,58,0,3,20,5,28,10,22,45,9,86,4,6,10,96
03/15/2023,BIS,ND,AGL,CE,Combined TRACON& Tower with Radar,15,30,24,0,69,0,0,1,2,3,15,30,25,2,72,2,14,16,88
03/16/2023,BIS,ND,AGL,CE,Combined TRACON& Tower with Radar,12,28,23,0,63,0,0,10,0,10,12,28,33,0,73,20,0,20,93
03/17/2023,BIS,ND,AGL,CE,Combined TRACON& Tower with Radar,12,24,6,2,44,0,1,4,1,6,12,25,10,3,50,0,0,0,50
03/18/2023,BIS,ND,AGL,CE,Combined TRACON& Tower with Radar,13,19,12,8,52,0,2,17,0,19,13,21,29,8,71,23,0,23,94
03/19/2023,BIS,ND,AGL,CE,Combined TRACON& Tower with Radar,12,8,11,0,31,0,2,12,0,14,12,10,23,0,45,20,0,20,65
03/20/2023,BIS,ND,AGL,CE,Combined TRACON& Tower with Radar,12,15,28,4,59,0,0,4,1,5,12,15,32,5,64,6,0,6,70
03/21/2023,BIS,ND,AGL,CE,Combined TRACON& Tower with Radar,9,19,13,0,41,0,2,4,1,7,9,21,17,1,48,0,0,0,48
03/22/2023,BIS,ND,AGL,CE,Combined TRACON& Tower with Radar,13,26,19,2,60,0,0,3,3,6,13,26,22,5,66,0,8,8,74
03/23/2023,BIS,ND,AGL,CE,Combined TRACON& Tower with Radar,11,19,23,2,55,0,2,15,1,18,11,21,38,3,73,12,0,12,85
03/24/2023,BIS,ND,AGL,CE,Combined TRACON& Tower with Radar,12,18,20,0,50,0,0,1,0,1,12,18,21,0,51,0,0,0,51
03/25/2023,BIS,ND,AGL,CE,Combined TRACON& Tower with Radar,13,17,12,1,43,0,0,0,0,0,13,17,12,1,43,0,0,0,43
03/26/2023,BIS,ND,AGL,CE,Combined TRACON& Tower with Radar,11,8,8,0,27,0,0,0,0,0,11,8,8,0,27,0,0,0,27
03/27/2023,BIS,ND,AGL,CE,Combined TRACON& Tower with Radar,13,22,25,5,65,0,0,3,0,3,13,22,28,5,68,16,0,16,84
03/28/2023,BIS,ND,AGL,CE,Combined TRACON& Tower with Radar,9,23,33,4,69,0,2,16,1,19,9,25,49,5,88,8,0,8,96
03/29/2023,BIS,ND,AGL,CE,Combined TRACON& Tower with Radar,13,24,44,0,81,0,0,27,5,32,13,24,71,5,113,10,2,12,125
03/30/2023,BIS,ND,AGL,CE,Combined TRACON& Tower with Radar,11,21,41,4,77,0,3,15,0,18,11,24,56,4,95,26,0,26,121
03/31/2023,BIS,ND,AGL,CE,Combined TRACON& Tower with Radar,12,20,24,0,56,0,3,10,0,13,12,23,34,0,69,0,0,0,69
04/01/2023,BIS,ND,AGL,CE,Combined TRACON& Tower with Radar,13,23,20,2,58,0,0,18,0,18,13,23,38,2,76,41,0,41,117
04/02/2023,BIS,ND,AGL,CE,Combined TRACON& Tower with Radar,13,8,9,1,31,0,0,7,0,7,13,8,16,1,38,0,0,0,38
04/03/2023,BIS,ND,AGL,CE,Combined TRACON& Tower with Radar,13,26,22,0,61,0,0,0,0,0,13,26,22,0,61,22,0,22,83
04/04/2023,BIS,ND,AGL,CE,Combined TRACON& Tower with Radar,7,10,3,0,20,0,0,0,0,0,7,10,3,0,20,0,0,0,20
04/05/2023,BIS,ND,AGL,CE,Combined TRACON& Tower with Radar,14,19,7,0,40,0,1,1,0,2,14,20,8,0,42,0,0,0,42
04/06/2023,BIS,ND,AGL,CE,Combined TRACON& Tower with Radar,15,24,29,6,74,0,0,12,0,12,15,24,41,6,86,4,0,4,90
04/07/2023,BIS,ND,AGL,CE,Combined TRACON& Tower with Radar,16,20,10,4,50,0,0,9,0,9,16,20,19,4,59,0,2,2,61
04/08/2023,BIS,ND,AGL,CE,Combined TRACON& Tower with Radar,13,17,8,0,38,0,4,15,0,19,13,21,23,0,57,48,0,48,105
04/09/2023,BIS,ND,AGL,CE,Combined TRACON& Tower with Radar,14,9,2,0,25,0,1,6,0,7,14,10,8,0,32,0,0,0,32
04/10/2023,BIS,ND,AGL,CE,Combined TRACON& Tower with Radar,15,18,29,0,62,0,1,34,0,35,15,19,63,0,97,25,0,25,122
04/11/2023,BIS,ND,AGL,CE,Combined TRACON& Tower with Radar,14,22,35,5,76,0,4,64,3,71,14,26,99,8,147,91,0,91,238
04/12/2023,BIS,ND,AGL,CE,Combined TRACON& Tower with Radar,13,26,27,0,66,0,6,47,14,67,13,32,74,14,133,28,12,40,173
04/13/2023,BIS,ND,AGL,CE,Combined TRACON& Tower with Radar,12,27,26,2,67,0,0,11,2,13,12,27,37,4,80,4,0,4,84
04/14/2023,BIS,ND,AGL,CE,Combined TRACON& Tower with Radar,14,24,36,0,74,0,0,7,3,10,14,24,43,3,84,20,12,32,116
04/15/2023,BIS,ND,AGL,CE,Combined TRACON& Tower with Radar,11,21,12,0,44,0,0,4,13,17,11,21,16,13,61,22,12,34,95
04/16/2023,BIS,ND,AGL,CE,Combined TRACON& Tower with Radar,10,6,9,0,25,0,0,25,15,40,10,6,34,15,65,65,0,65,130
04/17/2023,BIS,ND,AGL,CE,Combined TRACON& Tower with Radar,16,23,29,4,72,0,1,34,0,35,16,24,63,4,107,9,0,9,116
04/18/2023,BIS,ND,AGL,CE,Combined TRACON& Tower with Radar,12,19,24,0,55,0,0,8,0,8,12,19,32,0,63,22,0,22,85
04/19/2023,BIS,ND,AGL,CE,Combined TRACON& Tower with Radar,13,27,49,5,94,0,0,11,16,27,13,27,60,21,121,10,6,16,137
04/20/2023,BIS,ND,AGL,CE,Combined TRACON& Tower with Radar,10,22,20,4,56,0,0,9,0,9,10,22,29,4,65,14,0,14,79
04/21/2023,BIS,ND,AGL,CE,Combined TRACON& Tower with Radar,16,27,21,0,64,0,0,1,0,1,16,27,22,0,65,0,0,0,65
04/22/2023,BIS,ND,AGL,CE,Combined TRACON& Tower with Radar,11,19,12,1,43,0,0,14,2,16,11,19,26,3,59,11,0,11,70
04/23/2023,BIS,ND,AGL,CE,Combined TRACON& Tower with Radar,10,8,16,1,35,0,0,52,0,52,10,8,68,1,87,76,0,76,163
04/24/2023,BIS,ND,AGL,CE,Combined TRACON& Tower with Radar,14,14,28,2,58,0,1,39,4,44,14,15,67,6,102,6,12,18,120
04/25/2023,BIS,ND,AGL,CE,Combined TRACON& Tower with Radar,11,21,46,4,82,0,5,30,1,36,11,26,76,5,118,89,0,89,207
04/26/2023,BIS,ND,AGL,CE,Combined TRACON& Tower with Radar,15,25,38,3,81,0,1,35,6,42,15,26,73,9,123,81,18,99,222
04/27/2023,BIS,ND,AGL,CE,Combined TRACON& Tower with Radar,10,29,25,4,68,0,1,10,0,11,10,30,35,4,79,4,0,4,83
04/28/2023,BIS,ND,AGL,CE,Combined TRACON& Tower with Radar,14,22,35,4,75,0,0,23,6,29,14,22,58,10,104,0,0,0,104
04/29/2023,BIS,ND,AGL,CE,Combined TRACON& Tower with Radar,11,22,9,0,42,0,0,5,0,5,11,22,14,0,47,0,0,0,47
04/30/2023,BIS,ND,AGL,CE,Combined TRACON& Tower with Radar,13,6,8,0,27,0,0,20,0,20,13,6,28,0,47,34,0,34,81
05/01/2023,BIS,ND,AGL,CE,Combined TRACON& Tower with Radar,17,14,34,2,67,0,3,41,0,44,17,17,75,2,111,37,0,37,148
05/02/2023,BIS,ND,AGL,CE,Combined TRACON& Tower with Radar,11,20,18,2,51,0,1,52,0,53,11,21,70,2,104,48,0,48,152
05/03/2023,BIS,ND,AGL,CE,Combined TRACON& Tower with Radar,12,21,20,0,53,0,1,55,1,57,12,22,75,1,110,46,0,46,156
05/04/2023,BIS,ND,AGL,CE,Combined TRACON& Tower with Radar,9,20,24,4,57,0,3,53,5,61,9,23,77,9,118,68,0,68,186
05/05/2023,BIS,ND,AGL,CE,Combined TRACON& Tower with Radar,14,19,21,2,56,0,5,23,2,30,14,24,44,4,86,73,0,73,159
05/06/2023,BIS,ND,AGL,CE,Combined TRACON& Tower with Radar,11,12,7,0,30,0,0,0,0,0,11,12,7,0,30,18,0,18,48
05/07/2023,BIS,ND,AGL,CE,Combined TRACON& Tower with Radar,12,7,12,0,31,0,2,2,0,4,12,9,14,0,35,6,0,6,41
05/08/2023,BIS,ND,AGL,CE,Combined TRACON& Tower with Radar,14,17,51,2,84,0,3,15,0,18,14,20,66,2,102,44,0,44,146
05/09/2023,BIS,ND,AGL,CE,Combined TRACON& Tower with Radar,10,24,31,2,67,0,0,14,0,14,10,24,45,2,81,6,0,6,87
05/10/2023,BIS,ND,AGL,CE,Combined TRACON& Tower with Radar,13,23,21,4,61,0,1,43,1,45,13,24,64,5,106,30,0,30,136
05/11/2023,BIS,ND,AGL,CE,Combined TRACON& Tower with Radar,11,27,24,6,68,0,1,22,0,23,11,28,46,6,91,8,0,8,99
05/12/2023,BIS,ND,AGL,CE,Combined TRACON& Tower with Radar,17,17,17,3,54,0,0,1,1,2,17,17,18,4,56,0,0,0,56
05/13/2023,BIS,ND,AGL,CE,Combined TRACON& Tower with Radar,11,16,20,0,47,0,0,4,0,4,11,16,24,0,51,0,0,0,51
05/14/2023,BIS,ND,AGL,CE,Combined TRACON& Tower with Radar,10,8,4,0,22,0,2,22,0,24,10,10,26,0,46,12,0,12,58
05/15/2023,BIS,ND,AGL,CE,Combined TRACON& Tower with Radar,15,14,32,2,63,2,1,44,1,48,17,15,76,3,111,8,0,8,119
05/16/2023,BIS,ND,AGL,CE,Combined TRACON& Tower with Radar,12,23,21,4,60,0,7,61,5,73,12,30,82,9,133,82,0,82,215
05/17/2023,BIS,ND,AGL,CE,Combined TRACON& Tower with Radar,14,21,45,0,80,0,0,3,1,4,14,21,48,1,84,0,0,0,84
05/18/2023,BIS,ND,AGL,CE,Combined TRACON& Tower with Radar,12,23,30,3,68,0,0,3,2,5,12,23,33,5,73,8,0,8,81
05/19/2023,BIS,ND,AGL,CE,Combined TRACON& Tower with Radar,12,18,27,2,59,0,2,50,0,52,12,20,77,2,111,24,0,24,135
05/20/2023,BIS,ND,AGL,CE,Combined TRACON& Tower with Radar,11,18,16,0,45,0,5,27,0,32,11,23,43,0,77,20,0,20,97
05/21/2023,BIS,ND,AGL,CE,Combined TRACON& Tower with Radar,13,7,14,0,34,0,10,18,0,28,13,17,32,0,62,57,0,57,119
05/22/2023,BIS,ND,AGL,CE,Combined TRACON& Tower with Radar,13,15,20,2,50,0,15,61,8,84,13,30,81,10,134,138,8,146,280
05/23/2023,BIS,ND,AGL,CE,Combined TRACON& Tower with Radar,10,21,35,2,68,0,3,39,2,44,10,24,74,4,112,60,12,72,184
05/24/2023,BIS,ND,AGL,CE,Combined TRACON& Tower with Radar,13,23,26,4,66,0,2,53,2,57,13,25,79,6,123,122,8,130,253
05/25/2023,BIS,ND,AGL,CE,Combined TRACON& Tower with Radar,13,23,24,9,69,0,0,17,8,25,13,23,41,17,94,7,0,7,101
05/26/2023,BIS,ND,AGL,CE,Combined TRACON& Tower with Radar,12,19,19,0,50,0,1,14,1,16,12,20,33,1,66,0,0,0,66
05/27/2023,BIS,ND,AGL,CE,Combined TRACON& Tower with Radar,12,13,3,0,28,0,2,14,2,18,12,15,17,2,46,6,0,6,52
05/28/2023,BIS,ND,AGL,CE,Combined TRACON& Tower with Radar,11,7,6,0,24,0,1,15,0,16,11,8,21,0,40,10,0,10,50
05/29/2023,BIS,ND,AGL,CE,Combined TRACON& Tower with Radar,13,9,12,0,34,0,2,13,8,23,13,11,25,8,57,14,0,14,71
05/30/2023,BIS,ND,AGL,CE,Combined TRACON& Tower with Radar,11,20,41,3,75,0,3,25,2,30,11,23,66,5,105,26,0,26,131
05/31/2023,BIS,ND,AGL,CE,Combined TRACON& Tower with Radar,15,21,34,0,70,0,0,20,1,21,15,21,54,1,91,68,2,70,161
06/01/2023,BIS,ND,AGL,CE,Combined TRACON& Tower with Radar,13,26,27,0,66,0,2,34,0,36,13,28,61,0,102,59,0,59,161
06/02/2023,BIS,ND,AGL,CE,Combined TRACON& Tower with Radar,17,15,24,0,56,0,0,13,3,16,17,15,37,3,72,30,0,30,102
06/03/2023,BIS,ND,AGL,CE,Combined TRACON& Tower with Radar,15,10,16,0,41,0,2,22,0,24,15,12,38,0,65,8,0,8,73
06/04/2023,BIS,ND,AGL,CE,Combined TRACON& Tower with Radar,17,6,16,0,39,0,2,5,0,7,17,8,21,0,46,6,0,6,52
06/05/2023,BIS,ND,AGL,CE,Combined TRACON& Tower with Radar,16,12,31,4,63,0,0,43,3,46,16,12,74,7,109,96,0,96,205
06/06/2023,BIS,ND,AGL,CE,Combined TRACON& Tower with Radar,14,21,27,2,64,0,2,21,1,24,14,23,48,3,88,20,0,20,108
06/07/2023,BIS,ND,AGL,CE,Combined TRACON& Tower with Radar,18,22,33,2,75,0,0,32,3,35,18,22,65,5,110,58,0,58,168
06/08/2023,BIS,ND,AGL,CE,Combined TRACON& Tower with Radar,19,29,23,6,77,0,0,20,1,21,19,29,43,7,98,20,0,20,118
06/09/2023,BIS,ND,AGL,CE,Combined TRACON& Tower with Radar,16,17,37,0,70,0,1,11,1,13,16,18,48,1,83,16,0,16,99
06/10/2023,BIS,ND,AGL,CE,Combined TRACON& Tower with Radar,16,19,12,0,47,0,0,24,1,25,16,19,36,1,72,38,0,38,110
06/11/2023,BIS,ND,AGL,CE,Combined TRACON& Tower with Radar,14,10,15,0,39,0,3,55,1,59,14,13,70,1,98,0,0,0,98
06/12/2023,BIS,ND,AGL,CE,Combined TRACON& Tower with Radar,19,13,25,0,57,0,3,53,0,56,19,16,78,0,113,52,0,52,165
06/13/2023,BIS,ND,AGL,CE,Combined TRACON& Tower with Radar,15,20,29,0,64,0,4,22,3,29,15,24,51,3,93,29,0,29,122
06/14/2023,BIS,ND,AGL,CE,Combined TRACON& Tower with Radar,19,21,39,2,81,0,8,50,5,63,19,29,89,7,144,34,60,94,238
06/15/2023,BIS,ND,AGL,CE,Combined TRACON& Tower with Radar,19,27,33,10,89,0,0,17,0,17,19,27,50,10,106,5,0,5,111
06/16/2023,BIS,ND,AGL,CE,Combined TRACON& Tower with Radar,20,17,55,0,92,0,1,16,0,17,20,18,71,0,109,0,0,0,109
06/17/2023,BIS,ND,AGL,CE,Combined TRACON& Tower with Radar,16,15,14,0,45,0,3,31,0,34,16,18,45,0,79,24,0,24,103
06/18/2023,BIS,ND,AGL,CE,Combined TRACON& Tower with Radar,19,5,10,1,35,0,4,29,0,33,19,9,39,1,68,30,0,30,98
06/19/2023,BIS,ND,AGL,CE,Combined TRACON& Tower with Radar,16,15,29,2,62,0,4,27,0,31,16,19,56,2,93,33,0,33,126
06/20/2023,BIS,ND,AGL,CE,Combined TRACON& Tower with Radar,14,16,32,1,63,0,0,28,3,31,14,16,60,4,94,6,0,6,100
06/21/2023,BIS,ND,AGL,CE,Combined TRACON& Tower with Radar,19,18,50,4,91,0,0,13,4,17,19,18,63,8,108,90,40,130,238
06/22/2023,BIS,ND,AGL,CE,Combined TRACON& Tower with Radar,13,20,43,2,78,0,0,9,0,9,13,20,52,2,87,38,0,38,125
06/23/2023,BIS,ND,AGL,CE,Combined TRACON& Tower with Radar,11,15,12,0,38,0,0,0,0,0,11,15,12,0,38,0,0,0,38
06/24/2023,BIS,ND,AGL,CE,Combined TRACON& Tower with Radar,13,13,9,0,35,0,0,1,0,1,13,13,10,0,36,0,0,0,36
06/25/2023,BIS,ND,AGL,CE,Combined TRACON& Tower with Radar,12,6,26,0,44,0,1,27,2,30,12,7,53,2,74,8,0,8,82
06/26/2023,BIS,ND,AGL,CE,Combined TRACON& Tower with Radar,10,15,27,2,54,0,0,61,0,61,10,15,88,2,115,67,0,67,182
06/27/2023,BIS,ND,AGL,CE,Combined TRACON& Tower with Radar,10,24,25,0,59,0,0,41,1,42,10,24,66,1,101,66,0,66,167
06/28/2023,BIS,ND,AGL,CE,Combined TRACON& Tower with Radar,14,26,43,0,83,0,5,23,6,34,14,31,66,6,117,35,12,47,164
06/29/2023,BIS,ND,AGL,CE,Combined TRACON& Tower with Radar,13,26,30,3,72,0,0,45,1,46,13,26,75,4,118,88,0,88,206
06/30/2023,BIS,ND,AGL,CE,Combined TRACON& Tower with Radar,14,21,38,0,73,0,1,30,0,31,14,22,68,0,104,37,0,37,141
07/01/2023,BIS,ND,AGL,CE,Combined TRACON& Tower with Radar,16,15,8,0,39,0,0,28,0,28,16,15,36,0,67,8,0,8,75
07/02/2023,BIS,ND,AGL,CE,Combined TRACON& Tower with Radar,16,5,10,0,31,0,1,27,0,28,16,6,37,0,59,46,0,46,105
07/03/2023,BIS,ND,AGL,CE,Combined TRACON& Tower with Radar,15,10,10,0,35,0,0,9,0,9,15,10,19,0,44,8,0,8,52
07/04/2023,BIS,ND,AGL,CE,Combined TRACON& Tower with Radar,11,8,7,0,26,0,0,7,0,7,11,8,14,0,33,51,0,51,84
07/05/2023,BIS,ND,AGL,CE,Combined TRACON& Tower with Radar,18,19,23,2,62,0,5,26,2,33,18,24,49,4,95,38,6,44,139
07/06/2023,BIS,ND,AGL,CE,Combined TRACON& Tower with Radar,15,21,33,2,71,0,2,38,0,40,15,23,71,2,111,44,0,44,155
07/07/2023,BIS,ND,AGL,CE,Combined TRACON& Tower with Radar,16,20,12,2,50,0,3,32,1,36,16,23,44,3,86,61,0,61,147
07/08/2023,BIS,ND,AGL,CE,Combined TRACON& Tower with Radar,17,13,5,0,35,0,1,23,0,24,17,14,28,0,59,0,0,0,59
07/09/2023,BIS,ND,AGL,CE,Combined TRACON& Tower with Radar,16,5,15,0,36,0,0,22,0,22,16,5,37,0,58,0,0,0,58
07/10/2023,BIS,ND,AGL,CE,Combined TRACON& Tower with Radar,17,13,25,0,55,0,1,31,0,32,17,14,56,0,87,80,0,80,167
07/11/2023,BIS,ND,AGL,CE,Combined TRACON& Tower with Radar,14,18,34,0,66,0,2,6,1,9,14,20,40,1,75,32,2,34,109
07/12/2023,BIS,ND,AGL,CE,Combined TRACON& Tower with Radar,19,19,40,9,87,0,3,16,9,28,19,22,56,18,115,58,26,84,199
07/13/2023,BIS,ND,AGL,CE,Combined TRACON& Tower with Radar,16,20,32,4,72,0,3,33,4,40,16,23,65,8,112,57,3,60,172
07/14/2023,BIS,ND,AGL,CE,Combined TRACON& Tower with Radar,16,19,28,5,68,0,3,13,1,17,16,22,41,6,85,98,0,98,183
07/15/2023,BIS,ND,AGL,CE,Combined TRACON& Tower with Radar,17,14,17,9,57,0,2,8,0,10,17,16,25,9,67,0,0,0,67
07/16/2023,BIS,ND,AGL,CE,Combined TRACON& Tower with Radar,14,5,15,0,34,0,2,10,0,12,14,7,25,0,46,32,0,32,78
07/17/2023,BIS,ND,AGL,CE,Combined TRACON& Tower with Radar,16,14,29,0,59,0,4,56,0,60,16,18,85,0,119,79,0,79,198
07/18/2023,BIS,ND,AGL,CE,Combined TRACON& Tower with Radar,14,25,37,2,78,0,0,17,0,17,14,25,54,2,95,16,0,16,111
07/19/2023,BIS,ND,AGL,CE,Combined TRACON& Tower with Radar,18,23,39,6,86,0,1,41,2,44,18,24,80,8,130,18,1,19,149
07/20/2023,BIS,ND,AGL,CE,Combined TRACON& Tower with Radar,17,21,39,2,79,0,2,46,1,49,17,23,85,3,128,46,0,46,174
07/21/2023,BIS,ND,AGL,CE,Combined TRACON& Tower with Radar,17,16,13,8,54,0,1,26,1,28,17,17,39,9,82,50,0,50,132
07/22/2023,BIS,ND,AGL,CE,Combined TRACON& Tower with Radar,16,13,7,1,37,0,1,40,0,41,16,14,47,1,78,0,0,0,78
07/23/2023,BIS,ND,AGL,CE,Combined TRACON& Tower with Radar,17,8,18,2,45,0,1,18,0,19,17,9,36,2,64,0,0,0,64
07/24/2023,BIS,ND,AGL,CE,Combined TRACON& Tower with Radar,16,22,28,4,70,0,6,33,7,46,16,28,61,11,116,36,0,36,152
07/25/2023,BIS,ND,AGL,CE,Combined TRACON& Tower with Radar,16,23,26,14,79,0,0,31,2,33,16,23,57,16,112,31,0,31,143
07/26/2023,BIS,ND,AGL,CE,Combined TRACON& Tower with Radar,18,16,32,6,72,0,2,25,14,41,18,18,57,20,113,72,4,76,189
07/27/2023,BIS,ND,AGL,CE,Combined TRACON& Tower with Radar,16,19,34,2,71,0,0,33,2,35,16,19,67,4,106,24,0,24,130
07/28/2023,BIS,ND,AGL,CE,Combined TRACON& Tower with Radar,16,16,34,4,70,0,0,21,0,21,16,16,55,4,91,0,0,0,91
07/29/2023,BIS,ND,AGL,CE,Combined TRACON& Tower with Radar,17,12,14,1,44,0,0,17,0,17,17,12,31,1,61,30,0,30,91
07/30/2023,BIS,ND,AGL,CE,Combined TRACON& Tower with Radar,14,5,15,0,34,0,0,36,0,36,14,5,51,0,70,12,0,12,82
07/31/2023,BIS,ND,AGL,CE,Combined TRACON& Tower with Radar,16,13,35,2,66,0,0,27,0,27,16,13,62,2,93,33,0,33,126
08/01/2023,BIS,ND,AGL,CE,Combined TRACON& Tower with Radar,15,21,18,4,58,0,2,43,1,46,15,23,61,5,104,66,4,70,174
08/02/2023,BIS,ND,AGL,CE,Combined TRACON& Tower with Radar,21,25,14,2,62,0,0,48,4,52,21,25,62,6,114,110,10,120,234
08/03/2023,BIS,ND,AGL,CE,Combined TRACON& Tower with Radar,15,18,24,4,61,0,0,41,6,47,15,18,65,10,108,32,0,32,140
08/04/2023,BIS,ND,AGL,CE,Combined TRACON& Tower with Radar,16,19,17,0,52,0,0,2,2,4,16,19,19,2,56,16,0,16,72
08/05/2023,BIS,ND,AGL,CE,Combined TRACON& Tower with Radar,17,15,7,0,39,0,0,12,0,12,17,15,19,0,51,6,0,6,57
08/06/2023,BIS,ND,AGL,CE,Combined TRACON& Tower with Radar,16,4,18,3,41,0,0,17,0,17,16,4,35,3,58,18,0,18,76
08/07/2023,BIS,ND,AGL,CE,Combined TRACON& Tower with Radar,16,14,24,4,58,0,0,26,4,30,16,14,50,8,88,22,0,22,110
08/08/2023,BIS,ND,AGL,CE,Combined TRACON& Tower with Radar,14,20,27,4,65,0,5,27,3,35,14,25,54,7,100,92,0,92,192
08/09/2023,BIS,ND,AGL,CE,Combined TRACON& Tower with Radar,20,16,35,10,81,0,3,13,5,21,20,19,48,15,102,16,6,22,124
08/10/2023,BIS,ND,AGL,CE,Combined TRACON& Tower with Radar,15,20,25,0,60,0,2,23,0,25,15,22,48,0,85,26,0,26,111
08/11/2023,BIS,ND,AGL,CE,Combined TRACON& Tower with Radar,16,20,19,1,56,0,2,18,1,21,16,22,37,2,77,24,0,24,101
08/12/2023,BIS,ND,AGL,CE,Combined TRACON& Tower with Radar,16,14,16,0,46,0,1,18,0,19,16,15,34,0,65,0,0,0,65
08/13/2023,BIS,ND,AGL,CE,Combined TRACON& Tower with Radar,15,7,9,0,31,0,0,8,0,8,15,7,17,0,39,30,0,30,69
08/14/2023,BIS,ND,AGL,CE,Combined TRACON& Tower with Radar,17,9,25,0,51,0,2,28,0,30,17,11,53,0,81,39,0,39,120
08/15/2023,BIS,ND,AGL,CE,Combined TRACON& Tower with Radar,14,17,33,0,64,0,4,19,0,23,14,21,52,0,87,14,0,14,101
08/16/2023,BIS,ND,AGL,CE,Combined TRACON& Tower with Radar,14,21,32,2,69,0,2,7,6,15,14,23,39,8,84,0,18,18,102
08/17/2023,BIS,ND,AGL,CE,Combined TRACON& Tower with Radar,13,15,35,4,67,0,0,65,2,67,13,15,100,6,134,48,0,48,182
08/18/2023,BIS,ND,AGL,CE,Combined TRACON& Tower with Radar,14,21,24,2,61,0,0,15,2,17,14,21,39,4,78,16,1,17,95
08/19/2023,BIS,ND,AGL,CE,Combined TRACON& Tower with Radar,13,15,10,0,38,0,0,11,1,12,13,15,21,1,50,0,0,0,50
08/20/2023,BIS,ND,AGL,CE,Combined TRACON& Tower with Radar,14,5,10,4,33,0,0,6,1,7,14,5,16,5,40,0,0,0,40
08/21/2023,BIS,ND,AGL,CE,Combined TRACON& Tower with Radar,15,14,36,4,69,0,0,5,0,5,15,14,41,4,74,20,0,20,94
08/22/2023,BIS,ND,AGL,CE,Combined TRACON& Tower with Radar,12,24,24,0,60,0,2,14,0,16,12,26,38,0,76,16,0,16,92
08/23/2023,BIS,ND,AGL,CE,Combined TRACON& Tower with Radar,14,18,22,0,54,0,1,15,3,19,14,19,37,3,73,47,0,47,120
08/24/2023,BIS,ND,AGL,CE,Combined TRACON& Tower with Radar,14,18,29,0,61,0,3,28,0,31,14,21,57,0,92,16,0,16,108
08/25/2023,BIS,ND,AGL,CE,Combined TRACON& Tower with Radar,14,14,39,3,70,0,2,26,0,28,14,16,65,3,98,42,0,42,140
08/26/2023,BIS,ND,AGL,CE,Combined TRACON& Tower with Radar,13,11,18,0,42,0,0,13,0,13,13,11,31,0,55,8,0,8,63
08/27/2023,BIS,ND,AGL,CE,Combined TRACON& Tower with Radar,14,2,25,0,41,0,0,29,0,29,14,2,54,0,70,70,0,70,140
08/28/2023,BIS,ND,AGL,CE,Combined TRACON& Tower with Radar,14,14,22,2,52,0,3,38,1,42,14,17,60,3,94,85,0,85,179
08/29/2023,BIS,ND,AGL,CE,Combined TRACON& Tower with Radar,14,22,24,5,65,0,0,32,0,32,14,22,56,5,97,81,0,81,178
08/30/2023,BIS,ND,AGL,CE,Combined TRACON& Tower with Radar,19,22,31,4,76,0,2,20,8,30,19,24,51,12,106,16,0,16,122
08/31/2023,BIS,ND,AGL,CE,Combined TRACON& Tower with Radar,15,18,22,1,56,0,2,16,3,21,15,20,38,4,77,11,0,11,88
01/01/2020,BIS,ND,AGL,CE,Combined TRACON& Tower with Radar,12,16,3,0,31,0,6,1,0,7,12,22,4,0,38,0,0,0,38
01/02/2020,BIS,ND,AGL,CE,Combined TRACON& Tower with Radar,9,26,15,2,52,0,1,2,8,11,9,27,17,10,63,0,0,0,63
01/03/2020,BIS,ND,AGL,CE,Combined TRACON& Tower with Radar,9,32,23,4,68,0,0,11,0,11,9,32,34,4,79,0,0,0,79
01/04/2020,BIS,ND,AGL,CE,Combined TRACON& Tower with Radar,11,21,3,0,35,0,0,14,0,14,11,21,17,0,49,6,0,6,55
01/05/2020,BIS,ND,AGL,CE,Combined TRACON& Tower with Radar,9,22,12,0,43,0,2,10,0,12,9,24,22,0,55,0,0,0,55
01/06/2020,BIS,ND,AGL,CE,Combined TRACON& Tower with Radar,8,28,9,0,45,0,3,27,1,31,8,31,36,1,76,10,0,10,86
01/07/2020,BIS,ND,AGL,CE,Combined TRACON& Tower with Radar,6,37,17,1,61,0,3,17,3,23,6,40,34,4,84,8,0,8,92
01/08/2020,BIS,ND,AGL,CE,Combined TRACON& Tower with Radar,8,34,22,1,65,0,2,10,14,26,8,36,32,15,91,0,2,2,93
01/09/2020,BIS,ND,AGL,CE,Combined TRACON& Tower with Radar,12,42,25,2,81,0,2,9,2,13,12,44,34,4,94,0,0,0,94
01/10/2020,BIS,ND,AGL,CE,Combined TRACON& Tower with Radar,10,36,15,1,62,0,1,26,14,41,10,37,41,15,103,14,10,24,127
01/11/2020,BIS,ND,AGL,CE,Combined TRACON& Tower with Radar,10,41,10,10,71,0,0,11,5,16,10,41,21,15,87,0,6,6,93
01/12/2020,BIS,ND,AGL,CE,Combined TRACON& Tower with Radar,10,20,18,1,49,0,0,12,9,21,10,20,30,10,70,0,0,0,70
01/13/2020,BIS,ND,AGL,CE,Combined TRACON& Tower with Radar,9,22,18,0,49,0,0,0,0,0,9,22,18,0,49,0,0,0,49
01/14/2020,BIS,ND,AGL,CE,Combined TRACON& Tower with Radar,8,34,27,0,69,0,1,4,0,5,8,35,31,0,74,0,0,0,74
01/15/2020,BIS,ND,AGL,CE,Combined TRACON& Tower with Radar,7,34,29,0,70,0,0,3,0,3,7,34,32,0,73,8,0,8,81
01/16/2020,BIS,ND,AGL,CE,Combined TRACON& Tower with Radar,11,31,34,0,76,0,0,10,0,10,11,31,44,0,86,12,0,12,98
01/17/2020,BIS,ND,AGL,CE,Combined TRACON& Tower with Radar,12,25,17,0,54,0,0,0,0,0,12,25,17,0,54,0,0,0,54
01/18/2020,BIS,ND,AGL,CE,Combined TRACON& Tower with Radar,12,22,7,0,41,0,0,1,0,1,12,22,8,0,42,0,0,0,42
01/19/2020,BIS,ND,AGL,CE,Combined TRACON& Tower with Radar,10,19,4,0,33,0,0,15,0,15,10,19,19,0,48,0,0,0,48
01/20/2020,BIS,ND,AGL,CE,Combined TRACON& Tower with Radar,11,29,27,0,67,0,1,21,0,22,11,30,48,0,89,12,0,12,101
01/21/2020,BIS,ND,AGL,CE,Combined TRACON& Tower with Radar,9,36,32,2,79,0,9,24,11,44,9,45,56,13,123,6,6,12,135
01/22/2020,BIS,ND,AGL,CE,Combined TRACON& Tower with Radar,7,36,36,1,80,0,1,26,6,33,7,37,62,7,113,22,18,40,153
01/23/2020,BIS,ND,AGL,CE,Combined TRACON& Tower with Radar,12,33,21,0,66,0,0,0,0,0,12,33,21,0,66,0,0,0,66
01/24/2020,BIS,ND,AGL,CE,Combined TRACON& Tower with Radar,12,35,16,2,65,0,0,0,0,0,12,35,16,2,65,0,0,0,65
01/25/2020,BIS,ND,AGL,CE,Combined TRACON& Tower with Radar,11,30,6,0,47,0,1,15,2,18,11,31,21,2,65,0,0,0,65
01/26/2020,BIS,ND,AGL,CE,Combined TRACON& Tower with Radar,13,22,9,0,44,0,0,0,0,0,13,22,9,0,44,0,0,0,44
01/27/2020,BIS,ND,AGL,CE,Combined TRACON& Tower with Radar,10,31,26,2,69,0,0,0,0,0,10,31,26,2,69,0,0,0,69
01/28/2020,BIS,ND,AGL,CE,Combined TRACON& Tower with Radar,7,37,22,3,69,0,0,21,2,23,7,37,43,5,92,22,0,22,114
01/29/2020,BIS,ND,AGL,CE,Combined TRACON& Tower with Radar,9,32,7,2,50,0,0,0,0,0,9,32,7,2,50,0,0,0,50
01/30/2020,BIS,ND,AGL,CE,Combined TRACON& Tower with Radar,16,29,18,6,69,0,0,0,0,0,16,29,18,6,69,0,0,0,69
01/31/2020,BIS,ND,AGL,CE,Combined TRACON& Tower with Radar,11,32,19,2,64,0,1,26,7,34,11,33,45,9,98,2,0,2,100
02/01/2020,BIS,ND,AGL,CE,Combined TRACON& Tower with Radar,11,27,8,0,46,0,4,18,0,22,11,31,26,0,68,0,0,0,68
02/02/2020,BIS,ND,AGL,CE,Combined TRACON& Tower with Radar,13,15,7,0,35,0,3,14,0,17,13,18,21,0,52,15,0,15,67
02/03/2020,BIS,ND,AGL,CE,Combined TRACON& Tower with Radar,12,23,22,2,59,0,6,25,7,38,12,29,47,9,97,28,2,30,127
02/04/2020,BIS,ND,AGL,CE,Combined TRACON& Tower with Radar,8,35,30,6,79,0,3,34,2,39,8,38,64,8,118,42,0,42,160
02/05/2020,BIS,ND,AGL,CE,Combined TRACON& Tower with Radar,12,34,27,2,75,0,3,28,18,49,12,37,55,20,124,12,8,20,144
02/06/2020,BIS,ND,AGL,CE,Combined TRACON& Tower with Radar,12,31,30,5,78,0,0,1,7,8,12,31,31,12,86,0,0,0,86
02/07/2020,BIS,ND,AGL,CE,Combined TRACON& Tower with Radar,12,35,20,0,67,0,0,23,11,34,12,35,43,11,101,0,0,0,101
02/08/2020,BIS,ND,AGL,CE,Combined TRACON& Tower with Radar,13,30,7,0,50,0,1,8,3,12,13,31,15,3,62,22,0,22,84
02/09/2020,BIS,ND,AGL,CE,Combined TRACON& Tower with Radar,12,18,10,1,41,0,2,14,1,17,12,20,24,2,58,0,0,0,58
02/10/2020,BIS,ND,AGL,CE,Combined TRACON& Tower with Radar,12,29,24,0,65,0,5,6,2,13,12,34,30,2,78,8,0,8,86
02/11/2020,BIS,ND,AGL,CE,Combined TRACON& Tower with Radar,9,35,19,4,67,0,0,24,0,24,9,35,43,4,91,6,0,6,97
02/12/2020,BIS,ND,AGL,CE,Combined TRACON& Tower with Radar,11,30,22,0,63,0,1,2,0,3,11,31,24,0,66,0,0,0,66
02/13/2020,BIS,ND,AGL,CE,Combined TRACON& Tower with Radar,13,41,32,2,88,0,3,18,10,31,13,44,50,12,119,18,6,24,143
02/14/2020,BIS,ND,AGL,CE,Combined TRACON& Tower with Radar,12,35,14,0,61,0,3,27,0,30,12,38,41,0,91,6,0,6,97
02/15/2020,BIS,ND,AGL,CE,Combined TRACON& Tower with Radar,10,25,5,1,41,0,3,6,0,9,10,28,11,1,50,20,0,20,70
02/16/2020,BIS,ND,AGL,CE,Combined TRACON& Tower with Radar,13,17,1,0,31,0,1,8,0,9,13,18,9,0,40,0,0,0,40
02/17/2020,BIS,ND,AGL,CE,Combined TRACON& Tower with Radar,10,26,10,1,47,0,0,4,0,4,10,26,14,1,51,0,0,0,51
02/18/2020,BIS,ND,AGL,CE,Combined TRACON& Tower with Radar,12,31,30,0,73,0,0,3,2,5,12,31,33,2,78,0,0,0,78
02/19/2020,BIS,ND,AGL,CE,Combined TRACON& Tower with Radar,11,35,22,0,68,0,0,8,8,16,11,35,30,8,84,4,0,4,88
02/20/2020,BIS,ND,AGL,CE,Combined TRACON& Tower with Radar,13,30,23,0,66,0,3,23,4,30,13,33,46,4,96,42,0,42,138
02/21/2020,BIS,ND,AGL,CE,Combined TRACON& Tower with Radar,14,30,12,3,59,0,6,21,5,32,14,36,33,8,91,8,0,8,99
02/22/2020,BIS,ND,AGL,CE,Combined TRACON& Tower with Radar,11,28,19,2,60,0,2,21,0,23,11,30,40,2,83,20,0,20,103
02/23/2020,BIS,ND,AGL,CE,Combined TRACON& Tower with Radar,12,20,13,0,45,0,0,15,0,15,12,20,28,0,60,24,0,24,84
02/24/2020,BIS,ND,AGL,CE,Combined TRACON& Tower with Radar,12,26,19,0,57,0,2,0,0,2,12,28,19,0,59,0,0,0,59
02/25/2020,BIS,ND,AGL,CE,Combined TRACON& Tower with Radar,10,37,26,0,73,0,2,0,0,2,10,39,26,0,75,0,0,0,75
02/26/2020,BIS,ND,AGL,CE,Combined TRACON& Tower with Radar,13,30,38,4,85,0,2,6,9,17,13,32,44,13,102,0,2,2,104
02/27/2020,BIS,ND,AGL,CE,Combined TRACON& Tower with Radar,12,35,27,1,75,0,0,0,3,3,12,35,27,4,78,33,2,35,113
02/28/2020,BIS,ND,AGL,CE,Combined TRACON& Tower with Radar,12,32,17,2,63,0,2,30,0,32,12,34,47,2,95,16,0,16,111
02/29/2020,BIS,ND,AGL,CE,Combined TRACON& Tower with Radar,13,28,8,0,49,0,1,23,0,24,13,29,31,0,73,18,0,18,91
03/01/2020,BIS,ND,AGL,CE,Combined TRACON& Tower with Radar,11,20,8,0,39,0,0,1,0,1,11,20,9,0,40,4,0,4,44
03/02/2020,BIS,ND,AGL,CE,Combined TRACON& Tower with Radar,13,26,14,0,53,0,5,12,0,17,13,31,26,0,70,18,0,18,88
03/03/2020,BIS,ND,AGL,CE,Combined TRACON& Tower with Radar,8,33,20,5,66,0,1,4,5,10,8,34,24,10,76,12,0,12,88
03/04/2020,BIS,ND,AGL,CE,Combined TRACON& Tower with Radar,16,34,21,2,73,0,1,14,13,28,16,35,35,15,101,6,0,6,107
03/05/2020,BIS,ND,AGL,CE,Combined TRACON& Tower with Radar,9,33,30,0,72,0,1,7,5,13,9,34,37,5,85,16,6,22,107
03/06/2020,BIS,ND,AGL,CE,Combined TRACON& Tower with Radar,11,29,26,2,68,0,4,15,6,25,11,33,41,8,93,12,0,12,105
03/07/2020,BIS,ND,AGL,CE,Combined TRACON& Tower with Radar,10,27,12,0,49,0,3,43,20,66,10,30,55,20,115,36,2,38,153
03/08/2020,BIS,ND,AGL,CE,Combined TRACON& Tower with Radar,11,26,4,1,42,0,0,1,1,2,11,26,5,2,44,0,0,0,44
03/09/2020,BIS,ND,AGL,CE,Combined TRACON& Tower with Radar,9,32,36,0,77,0,2,10,3,15,9,34,46,3,92,10,18,28,120
03/10/2020,BIS,ND,AGL,CE,Combined TRACON& Tower with Radar,7,33,27,0,67,0,0,11,4,15,7,33,38,4,82,0,2,2,84
03/11/2020,BIS,ND,AGL,CE,Combined TRACON& Tower with Radar,14,35,31,8,88,0,8,16,16,40,14,43,47,24,128,8,2,10,138
03/12/2020,BIS,ND,AGL,CE,Combined TRACON& Tower with Radar,14,26,29,2,71,0,4,13,1,18,14,30,42,3,89,4,0,4,93
03/13/2020,BIS,ND,AGL,CE,Combined TRACON& Tower with Radar,13,29,15,2,59,0,3,17,4,24,13,32,32,6,83,20,0,20,103
03/14/2020,BIS,ND,AGL,CE,Combined TRACON& Tower with Radar,18,24,7,0,49,0,3,7,0,10,18,27,14,0,59,6,0,6,65
03/15/2020,BIS,ND,AGL,CE,Combined TRACON& Tower with Radar,13,16,4,0,33,0,0,0,0,0,13,16,4,0,33,0,0,0,33
03/16/2020,BIS,ND,AGL,CE,Combined TRACON& Tower with Radar,14,23,9,0,46,0,0,0,0,0,14,23,9,0,46,4,0,4,50
03/17/2020,BIS,ND,AGL,CE,Combined TRACON& Tower with Radar,10,28,17,0,55,0,0,21,1,22,10,28,38,1,77,30,0,30,107
03/18/2020,BIS,ND,AGL,CE,Combined TRACON& Tower with Radar,16,26,22,0,64,0,0,0,0,0,16,26,22,0,64,0,0,0,64
03/19/2020,BIS,ND,AGL,CE,Combined TRACON& Tower with Radar,10,33,9,0,52,0,0,0,8,8,10,33,9,8,60,0,0,0,60
03/20/2020,BIS,ND,AGL,CE,Combined TRACON& Tower with Radar,9,29,4,2,44,0,5,21,2,28,9,34,25,4,72,6,0,6,78
03/21/2020,BIS,ND,AGL,CE,Combined TRACON& Tower with Radar,11,22,3,0,36,0,1,6,0,7,11,23,9,0,43,5,0,5,48
03/22/2020,BIS,ND,AGL,CE,Combined TRACON& Tower with Radar,8,18,6,0,32,0,1,11,0,12,8,19,17,0,44,21,0,21,65
03/23/2020,BIS,ND,AGL,CE,Combined TRACON& Tower with Radar,10,21,10,2,43,0,0,8,3,11,10,21,18,5,54,4,0,4,58
03/24/2020,BIS,ND,AGL,CE,Combined TRACON& Tower with Radar,9,25,8,0,42,0,1,21,5,27,9,26,29,5,69,8,0,8,77
03/25/2020,BIS,ND,AGL,CE,Combined TRACON& Tower with Radar,6,21,8,0,35,0,4,1,5,10,6,25,9,5,45,2,0,2,47
03/26/2020,BIS,ND,AGL,CE,Combined TRACON& Tower with Radar,3,19,4,0,26,0,0,11,0,11,3,19,15,0,37,0,0,0,37
03/27/2020,BIS,ND,AGL,CE,Combined TRACON& Tower with Radar,3,20,10,0,33,0,0,10,2,12,3,20,20,2,45,0,0,0,45
03/28/2020,BIS,ND,AGL,CE,Combined TRACON& Tower with Radar,5,20,5,0,30,0,0,54,0,54,5,20,59,0,84,58,0,58,142
03/29/2020,BIS,ND,AGL,CE,Combined TRACON& Tower with Radar,2,13,6,0,21,0,1,18,0,19,2,14,24,0,40,8,0,8,48
03/30/2020,BIS,ND,AGL,CE,Combined TRACON& Tower with Radar,4,21,8,0,33,0,1,10,1,12,4,22,18,1,45,0,0,0,45
03/31/2020,BIS,ND,AGL,CE,Combined TRACON& Tower with Radar,5,26,6,2,39,0,0,4,2,6,5,26,10,4,45,0,0,0,45
04/01/2020,BIS,ND,AGL,CE,Combined TRACON& Tower with Radar,4,15,3,7,29,0,2,2,4,8,4,17,5,11,37,2,0,2,39
04/02/2020,BIS,ND,AGL,CE,Combined TRACON& Tower with Radar,7,4,1,0,12,0,0,0,0,0,7,4,1,0,12,0,0,0,12
04/03/2020,BIS,ND,AGL,CE,Combined TRACON& Tower with Radar,8,13,1,2,24,0,8,7,0,15,8,21,8,2,39,14,0,14,53
04/04/2020,BIS,ND,AGL,CE,Combined TRACON& Tower with Radar,6,10,2,0,18,0,1,8,0,9,6,11,10,0,27,4,0,4,31
04/05/2020,BIS,ND,AGL,CE,Combined TRACON& Tower with Radar,7,3,3,0,13,0,0,3,0,3,7,3,6,0,16,6,0,6,22
04/06/2020,BIS,ND,AGL,CE,Combined TRACON& Tower with Radar,7,7,5,3,22,0,2,8,1,11,7,9,13,4,33,14,0,14,47
04/07/2020,BIS,ND,AGL,CE,Combined TRACON& Tower with Radar,8,14,6,5,33,0,0,19,3,22,8,14,25,8,55,6,12,18,73
04/08/2020,BIS,ND,AGL,CE,Combined TRACON& Tower with Radar,8,14,2,0,24,0,0,3,4,7,8,14,5,4,31,0,4,4,35
04/09/2020,BIS,ND,AGL,CE,Combined TRACON& Tower with Radar,9,16,7,1,33,0,4,15,1,20,9,20,22,2,53,4,0,4,57
04/10/2020,BIS,ND,AGL,CE,Combined TRACON& Tower with Radar,7,12,14,0,33,0,1,40,0,41,7,13,54,0,74,22,0,22,96
04/11/2020,BIS,ND,AGL,CE,Combined TRACON& Tower with Radar,6,9,7,0,22,0,0,3,0,3,6,9,10,0,25,10,0,10,35
04/12/2020,BIS,ND,AGL,CE,Combined TRACON& Tower with Radar,4,2,1,0,7,0,1,2,0,3,4,3,3,0,10,0,0,0,10
04/13/2020,BIS,ND,AGL,CE,Combined TRACON& Tower with Radar,6,11,6,0,23,0,2,2,0,4,6,13,8,0,27,0,0,0,27
04/14/2020,BIS,ND,AGL,CE,Combined TRACON& Tower with Radar,7,15,1,0,23,0,6,8,0,14,7,21,9,0,37,2,0,2,39
04/15/2020,BIS,ND,AGL,CE,Combined TRACON& Tower with Radar,8,11,6,4,29,0,4,13,3,20,8,15,19,7,49,0,0,0,49
04/16/2020,BIS,ND,AGL,CE,Combined TRACON& Tower with Radar,7,14,12,0,33,0,2,12,4,18,7,16,24,4,51,0,0,0,51
04/17/2020,BIS,ND,AGL,CE,Combined TRACON& Tower with Radar,5,13,7,2,27,0,2,19,0,21,5,15,26,2,48,0,0,0,48
04/18/2020,BIS,ND,AGL,CE,Combined TRACON& Tower with Radar,9,10,5,0,24,0,6,11,0,17,9,16,16,0,41,10,0,10,51
04/19/2020,BIS,ND,AGL,CE,Combined TRACON& Tower with Radar,8,0,19,0,27,0,8,26,0,34,8,8,45,0,61,2,0,2,63
04/20/2020,BIS,ND,AGL,CE,Combined TRACON& Tower with Radar,7,9,8,0,24,0,2,17,2,21,7,11,25,2,45,2,0,2,47
04/21/2020,BIS,ND,AGL,CE,Combined TRACON& Tower with Radar,7,10,11,2,30,0,1,8,0,9,7,11,19,2,39,6,0,6,45
04/22/2020,BIS,ND,AGL,CE,Combined TRACON& Tower with Radar,6,13,11,2,32,0,0,22,9,31,6,13,33,11,63,0,0,0,63
04/23/2020,BIS,ND,AGL,CE,Combined TRACON& Tower with Radar,8,14,10,2,34,0,0,10,1,11,8,14,20,3,45,10,0,10,55
04/24/2020,BIS,ND,AGL,CE,Combined TRACON& Tower with Radar,6,14,9,0,29,0,0,18,0,18,6,14,27,0,47,16,0,16,63
04/25/2020,BIS,ND,AGL,CE,Combined TRACON& Tower with Radar,6,9,11,0,26,0,3,23,0,26,6,12,34,0,52,21,0,21,73
04/26/2020,BIS,ND,AGL,CE,Combined TRACON& Tower with Radar,6,2,9,0,17,0,0,10,0,10,6,2,19,0,27,0,0,0,27
04/27/2020,BIS,ND,AGL,CE,Combined TRACON& Tower with Radar,9,11,11,2,33,0,4,17,1,22,9,15,28,3,55,32,12,44,99
04/28/2020,BIS,ND,AGL,CE,Combined TRACON& Tower with Radar,4,12,9,2,27,0,1,10,2,13,4,13,19,4,40,0,0,0,40
04/29/2020,BIS,ND,AGL,CE,Combined TRACON& Tower with Radar,9,12,8,5,34,0,4,36,15,55,9,16,44,20,89,2,4,6,95
04/30/2020,BIS,ND,AGL,CE,Combined TRACON& Tower with Radar,4,7,9,2,22,0,9,15,1,25,4,16,24,3,47,0,0,0,47
05/01/2020,BIS,ND,AGL,CE,Combined TRACON& Tower with Radar,4,7,16,1,28,0,0,17,0,17,4,7,33,1,45,0,0,0,45
05/02/2020,BIS,ND,AGL,CE,Combined TRACON& Tower with Radar,6,11,1,0,18,0,0,15,0,15,6,11,16,0,33,22,0,22,55
05/03/2020,BIS,ND,AGL,CE,Combined TRACON& Tower with Radar,2,2,8,0,12,0,1,10,4,15,2,3,18,4,27,10,0,10,37
05/04/2020,BIS,ND,AGL,CE,Combined TRACON& Tower with Radar,7,6,5,0,18,0,1,4,0,5,7,7,9,0,23,16,0,16,39
05/05/2020,BIS,ND,AGL,CE,Combined TRACON& Tower with Radar,3,11,6,2,22,0,2,0,0,2,3,13,6,2,24,0,0,0,24
05/06/2020,BIS,ND,AGL,CE,Combined TRACON& Tower with Radar,6,10,7,1,24,0,5,17,3,25,6,15,24,4,49,2,0,2,51
05/07/2020,BIS,ND,AGL,CE,Combined TRACON& Tower with Radar,6,11,19,2,38,0,4,7,5,16,6,15,26,7,54,12,0,12,66
05/08/2020,BIS,ND,AGL,CE,Combined TRACON& Tower with Radar,8,8,5,0,21,0,6,37,8,51,8,14,42,8,72,60,0,60,132
05/09/2020,BIS,ND,AGL,CE,Combined TRACON& Tower with Radar,7,11,0,0,18,0,0,1,0,1,7,11,1,0,19,0,0,0,19
05/10/2020,BIS,ND,AGL,CE,Combined TRACON& Tower with Radar,4,0,8,0,12,0,4,9,0,13,4,4,17,0,25,2,0,2,27
05/11/2020,BIS,ND,AGL,CE,Combined TRACON& Tower with Radar,8,4,15,3,30,0,8,20,4,32,8,12,35,7,62,41,0,41,103
05/12/2020,BIS,ND,AGL,CE,Combined TRACON& Tower with Radar,6,16,8,2,32,0,3,3,3,9,6,19,11,5,41,10,16,26,67
05/13/2020,BIS,ND,AGL,CE,Combined TRACON& Tower with Radar,6,13,23,8,50,0,2,3,3,8,6,15,26,11,58,8,0,8,66
05/14/2020,BIS,ND,AGL,CE,Combined TRACON& Tower with Radar,8,10,16,2,36,0,0,10,3,13,8,10,26,5,49,0,0,0,49
05/15/2020,BIS,ND,AGL,CE,Combined TRACON& Tower with Radar,8,7,12,1,28,0,0,19,6,25,8,7,31,7,53,12,0,12,65
05/16/2020,BIS,ND,AGL,CE,Combined TRACON& Tower with Radar,10,9,8,1,28,0,1,5,3,9,10,10,13,4,37,0,0,0,37
05/17/2020,BIS,ND,AGL,CE,Combined TRACON& Tower with Radar,8,0,17,0,25,0,0,14,0,14,8,0,31,0,39,22,0,22,61
05/18/2020,BIS,ND,AGL,CE,Combined TRACON& Tower with Radar,6,2,4,0,12,0,8,6,0,14,6,10,10,0,26,0,0,0,26
05/19/2020,BIS,ND,AGL,CE,Combined TRACON& Tower with Radar,8,11,15,6,40,0,6,8,3,17,8,17,23,9,57,0,0,0,57
05/20/2020,BIS,ND,AGL,CE,Combined TRACON& Tower with Radar,8,10,24,5,47,0,6,4,9,19,8,16,28,14,66,0,0,0,66
05/21/2020,BIS,ND,AGL,CE,Combined TRACON& Tower with Radar,10,9,12,1,32,0,6,6,3,15,10,15,18,4,47,6,0,6,53
05/22/2020,BIS,ND,AGL,CE,Combined TRACON& Tower with Radar,8,16,36,5,65,0,1,18,3,22,8,17,54,8,87,22,0,22,109
05/23/2020,BIS,ND,AGL,CE,Combined TRACON& Tower with Radar,8,9,19,0,36,0,0,8,0,8,8,9,27,0,44,12,0,12,56
05/24/2020,BIS,ND,AGL,CE,Combined TRACON& Tower with Radar,8,0,13,0,21,0,0,1,0,1,8,0,14,0,22,0,0,0,22
05/25/2020,BIS,ND,AGL,CE,Combined TRACON& Tower with Radar,8,1,19,0,28,0,0,11,6,17,8,1,30,6,45,0,0,0,45
05/26/2020,BIS,ND,AGL,CE,Combined TRACON& Tower with Radar,8,4,15,0,27,0,2,27,2,31,8,6,42,2,58,46,0,46,104
05/27/2020,BIS,ND,AGL,CE,Combined TRACON& Tower with Radar,8,13,22,6,49,0,1,41,9,51,8,14,63,15,100,20,0,20,120
05/28/2020,BIS,ND,AGL,CE,Combined TRACON& Tower with Radar,10,10,18,1,39,0,2,15,0,17,10,12,33,1,56,16,0,16,72
05/29/2020,BIS,ND,AGL,CE,Combined TRACON& Tower with Radar,8,9,9,0,26,0,5,33,3,41,8,14,42,3,67,59,0,59,126
05/30/2020,BIS,ND,AGL,CE,Combined TRACON& Tower with Radar,9,9,8,0,26,0,1,12,0,13,9,10,20,0,39,0,0,0,39
05/31/2020,BIS,ND,AGL,CE,Combined TRACON& Tower with Radar,10,0,4,0,14,0,1,9,0,10,10,1,13,0,24,0,0,0,24
06/01/2020,BIS,ND,AGL,CE,Combined TRACON& Tower with Radar,6,7,7,0,20,0,1,8,4,13,6,8,15,4,33,0,0,0,33
06/02/2020,BIS,ND,AGL,CE,Combined TRACON& Tower with Radar,8,11,13,4,36,0,1,25,7,33,8,12,38,11,69,16,6,22,91
06/03/2020,BIS,ND,AGL,CE,Combined TRACON& Tower with Radar,10,14,11,0,35,0,0,16,7,23,10,14,27,7,58,4,0,4,62
06/04/2020,BIS,ND,AGL,CE,Combined TRACON& Tower with Radar,8,10,15,6,39,0,5,31,6,42,8,15,46,12,81,26,0,26,107
06/05/2020,BIS,ND,AGL,CE,Combined TRACON& Tower with Radar,6,8,4,2,20,0,2,25,7,34,6,10,29,9,54,41,8,49,103
06/06/2020,BIS,ND,AGL,CE,Combined TRACON& Tower with Radar,7,12,11,1,31,0,0,3,6,9,7,12,14,7,40,0,0,0,40
06/07/2020,BIS,ND,AGL,CE,Combined TRACON& Tower with Radar,6,3,6,0,15,0,1,18,6,25,6,4,24,6,40,24,0,24,64
06/08/2020,BIS,ND,AGL,CE,Combined TRACON& Tower with Radar,6,5,13,0,24,0,2,7,3,12,6,7,20,3,36,0,0,0,36
06/09/2020,BIS,ND,AGL,CE,Combined TRACON& Tower with Radar,6,12,12,2,32,0,0,20,5,25,6,12,32,7,57,0,0,0,57
06/10/2020,BIS,ND,AGL,CE,Combined TRACON& Tower with Radar,10,12,14,1,37,0,2,14,15,31,10,14,28,16,68,0,4,4,72
06/11/2020,BIS,ND,AGL,CE,Combined TRACON& Tower with Radar,8,13,18,0,39,0,7,13,4,24,8,20,31,4,63,36,0,36,99
06/12/2020,BIS,ND,AGL,CE,Combined TRACON& Tower with Radar,6,8,7,0,21,0,0,16,6,22,6,8,23,6,43,20,0,20,63
06/13/2020,BIS,ND,AGL,CE,Combined TRACON& Tower with Radar,8,12,8,0,28,0,3,13,0,16,8,15,21,0,44,4,0,4,48
06/14/2020,BIS,ND,AGL,CE,Combined TRACON& Tower with Radar,8,2,0,0,10,0,0,1,0,1,8,2,1,0,11,0,0,0,11
06/15/2020,BIS,ND,AGL,CE,Combined TRACON& Tower with Radar,6,6,18,0,30,0,1,8,2,11,6,7,26,2,41,6,0,6,47
06/16/2020,BIS,ND,AGL,CE,Combined TRACON& Tower with Radar,6,12,18,3,39,0,3,18,4,25,6,15,36,7,64,30,0,30,94
06/17/2020,BIS,ND,AGL,CE,Combined TRACON& Tower with Radar,9,11,27,3,50,0,2,16,8,26,9,13,43,11,76,78,0,78,154
06/18/2020,BIS,ND,AGL,CE,Combined TRACON& Tower with Radar,8,15,21,0,44,0,0,11,5,16,8,15,32,5,60,10,0,10,70
06/19/2020,BIS,ND,AGL,CE,Combined TRACON& Tower with Radar,6,11,10,0,27,0,0,38,1,39,6,11,48,1,66,12,0,12,78
06/20/2020,BIS,ND,AGL,CE,Combined TRACON& Tower with Radar,6,10,5,0,21,0,0,30,1,31,6,10,35,1,52,24,0,24,76
06/21/2020,BIS,ND,AGL,CE,Combined TRACON& Tower with Radar,6,4,10,0,20,0,4,26,3,33,6,8,36,3,53,22,8,30,83
06/22/2020,BIS,ND,AGL,CE,Combined TRACON& Tower with Radar,6,8,23,0,37,0,0,44,1,45,6,8,67,1,82,30,0,30,112
06/23/2020,BIS,ND,AGL,CE,Combined TRACON& Tower with Radar,6,10,30,0,46,0,4,50,1,55,6,14,80,1,101,4,0,4,105
06/24/2020,BIS,ND,AGL,CE,Combined TRACON& Tower with Radar,10,10,24,0,44,0,1,34,5,40,10,11,58,5,84,56,0,56,140
06/25/2020,BIS,ND,AGL,CE,Combined TRACON& Tower with Radar,8,14,29,0,51,0,3,24,12,39,8,17,53,12,90,24,0,24,114
06/26/2020,BIS,ND,AGL,CE,Combined TRACON& Tower with Radar,6,10,23,0,39,0,1,40,0,41,6,11,63,0,80,30,0,30,110
06/27/2020,BIS,ND,AGL,CE,Combined TRACON& Tower with Radar,8,13,6,0,27,0,1,14,0,15,8,14,20,0,42,16,0,16,58
06/28/2020,BIS,ND,AGL,CE,Combined TRACON& Tower with Radar,8,0,15,0,23,0,0,9,0,9,8,0,24,0,32,0,0,0,32
06/29/2020,BIS,ND,AGL,CE,Combined TRACON& Tower with Radar,8,3,39,0,50,0,3,14,3,20,8,6,53,3,70,22,0,22,92
06/30/2020,BIS,ND,AGL,CE,Combined TRACON& Tower with Radar,6,8,0,2,16,0,0,2,0,2,6,8,2,2,18,0,0,0,18
07/01/2020,BIS,ND,AGL,CE,Combined TRACON& Tower with Radar,9,16,11,1,37,0,6,34,12,52,9,22,45,13,89,50,20,70,159
07/02/2020,BIS,ND,AGL,CE,Combined TRACON& Tower with Radar,9,10,20,2,41,0,0,17,4,21,9,10,37,6,62,24,0,24,86
07/03/2020,BIS,ND,AGL,CE,Combined TRACON& Tower with Radar,6,6,5,0,17,2,4,12,0,18,8,10,17,0,35,48,0,48,83
07/04/2020,BIS,ND,AGL,CE,Combined TRACON& Tower with Radar,8,2,13,0,23,0,2,16,0,18,8,4,29,0,41,6,0,6,47
07/05/2020,BIS,ND,AGL,CE,Combined TRACON& Tower with Radar,9,4,7,0,20,0,0,23,0,23,9,4,30,0,43,24,0,24,67
07/06/2020,BIS,ND,AGL,CE,Combined TRACON& Tower with Radar,6,6,20,0,32,0,0,15,3,18,6,6,35,3,50,38,0,38,88
07/07/2020,BIS,ND,AGL,CE,Combined TRACON& Tower with Radar,5,10,26,5,46,0,2,19,5,26,5,12,45,10,72,8,0,8,80
07/08/2020,BIS,ND,AGL,CE,Combined TRACON& Tower with Radar,7,19,27,0,53,0,1,21,4,26,7,20,48,4,79,36,0,36,115
07/09/2020,BIS,ND,AGL,CE,Combined TRACON& Tower with Radar,10,15,17,0,42,0,4,21,0,25,10,19,38,0,67,6,0,6,73
07/10/2020,BIS,ND,AGL,CE,Combined TRACON& Tower with Radar,6,10,17,1,34,0,1,23,2,26,6,11,40,3,60,40,0,40,100
07/11/2020,BIS,ND,AGL,CE,Combined TRACON& Tower with Radar,8,16,24,2,50,0,1,19,2,22,8,17,43,4,72,0,0,0,72
07/12/2020,BIS,ND,AGL,CE,Combined TRACON& Tower with Radar,9,3,12,0,24,0,1,23,0,24,9,4,35,0,48,0,0,0,48
07/13/2020,BIS,ND,AGL,CE,Combined TRACON& Tower with Radar,6,5,13,5,29,0,1,16,3,20,6,6,29,8,49,39,0,39,88
07/14/2020,BIS,ND,AGL,CE,Combined TRACON& Tower with Radar,6,17,16,0,39,0,2,13,0,15,6,19,29,0,54,60,4,64,118
07/15/2020,BIS,ND,AGL,CE,Combined TRACON& Tower with Radar,7,19,17,0,43,0,6,27,4,37,7,25,44,4,80,34,0,34,114
07/16/2020,BIS,ND,AGL,CE,Combined TRACON& Tower with Radar,10,16,16,0,42,0,0,21,4,25,10,16,37,4,67,36,12,48,115
07/17/2020,BIS,ND,AGL,CE,Combined TRACON& Tower with Radar,6,14,15,0,35,0,5,21,5,31,6,19,36,5,66,48,0,48,114
07/18/2020,BIS,ND,AGL,CE,Combined TRACON& Tower with Radar,8,19,11,0,38,0,11,9,1,21,8,30,20,1,59,10,0,10,69
07/19/2020,BIS,ND,AGL,CE,Combined TRACON& Tower with Radar,8,3,18,0,29,0,7,17,0,24,8,10,35,0,53,6,0,6,59
07/20/2020,BIS,ND,AGL,CE,Combined TRACON& Tower with Radar,8,8,21,0,37,0,2,7,2,11,8,10,28,2,48,22,0,22,70
07/21/2020,BIS,ND,AGL,CE,Combined TRACON& Tower with Radar,7,9,35,4,55,0,0,9,2,11,7,9,44,6,66,0,0,0,66
07/22/2020,BIS,ND,AGL,CE,Combined TRACON& Tower with Radar,8,16,32,2,58,0,3,19,0,22,8,19,51,2,80,8,0,8,88
07/23/2020,BIS,ND,AGL,CE,Combined TRACON& Tower with Radar,11,14,27,4,56,0,2,12,3,17,11,16,39,7,73,2,0,2,75
07/24/2020,BIS,ND,AGL,CE,Combined TRACON& Tower with Radar,7,14,22,0,43,0,0,16,1,17,7,14,38,1,60,11,0,11,71
07/25/2020,BIS,ND,AGL,CE,Combined TRACON& Tower with Radar,8,18,12,0,38,0,1,23,4,28,8,19,35,4,66,42,0,42,108
07/26/2020,BIS,ND,AGL,CE,Combined TRACON& Tower with Radar,8,9,12,0,29,0,1,18,0,19,8,10,30,0,48,14,0,14,62
07/27/2020,BIS,ND,AGL,CE,Combined TRACON& Tower with Radar,7,8,17,3,35,0,3,30,1,34,7,11,47,4,69,72,0,72,141
07/28/2020,BIS,ND,AGL,CE,Combined TRACON& Tower with Radar,7,17,19,3,46,1,2,21,5,29,8,19,40,8,75,26,0,26,101
07/29/2020,BIS,ND,AGL,CE,Combined TRACON& Tower with Radar,8,14,25,1,48,0,5,20,5,30,8,19,45,6,78,34,0,34,112
07/30/2020,BIS,ND,AGL,CE,Combined TRACON& Tower with Radar,11,18,27,0,56,0,2,23,2,27,11,20,50,2,83,40,0,40,123
07/31/2020,BIS,ND,AGL,CE,Combined TRACON& Tower with Radar,6,15,17,1,39,0,3,16,5,24,6,18,33,6,63,6,0,6,69
08/01/2020,BIS,ND,AGL,CE,Combined TRACON& Tower with Radar,9,18,19,0,46,0,1,35,3,39,9,19,54,3,85,0,0,0,85
08/02/2020,BIS,ND,AGL,CE,Combined TRACON& Tower with Radar,12,5,13,0,30,0,11,28,12,51,12,16,41,12,81,28,16,44,125
08/03/2020,BIS,ND,AGL,CE,Combined TRACON& Tower with Radar,8,11,19,2,40,0,4,19,7,30,8,15,38,9,70,36,0,36,106
08/04/2020,BIS,ND,AGL,CE,Combined TRACON& Tower with Radar,8,13,11,0,32,0,3,16,4,23,8,16,27,4,55,6,12,18,73
08/05/2020,BIS,ND,AGL,CE,Combined TRACON& Tower with Radar,7,14,48,2,71,0,1,9,3,13,7,15,57,5,84,16,0,16,100
08/06/2020,BIS,ND,AGL,CE,Combined TRACON& Tower with Radar,14,13,21,0,48,0,3,13,2,18,14,16,34,2,66,0,0,0,66
08/07/2020,BIS,ND,AGL,CE,Combined TRACON& Tower with Radar,8,10,19,1,38,0,1,11,5,17,8,11,30,6,55,0,0,0,55
08/08/2020,BIS,ND,AGL,CE,Combined TRACON& Tower with Radar,10,18,11,0,39,0,3,22,3,28,10,21,33,3,67,0,0,0,67
08/09/2020,BIS,ND,AGL,CE,Combined TRACON& Tower with Radar,12,9,12,2,35,0,0,3,2,5,12,9,15,4,40,0,0,0,40
08/10/2020,BIS,ND,AGL,CE,Combined TRACON& Tower with Radar,10,12,24,2,48,0,7,25,6,38,10,19,49,8,86,16,0,16,102
08/11/2020,BIS,ND,AGL,CE,Combined TRACON& Tower with Radar,8,15,16,0,39,0,0,34,5,39,8,15,50,5,78,52,0,52,130
08/12/2020,BIS,ND,AGL,CE,Combined TRACON& Tower with Radar,9,17,15,1,42,0,4,28,10,42,9,21,43,11,84,46,10,56,140
08/13/2020,BIS,ND,AGL,CE,Combined TRACON& Tower with Radar,12,16,29,3,60,0,9,13,3,25,12,25,42,6,85,0,0,0,85
08/14/2020,BIS,ND,AGL,CE,Combined TRACON& Tower with Radar,8,15,21,0,44,0,5,13,1,19,8,20,34,1,63,0,0,0,63
08/15/2020,BIS,ND,AGL,CE,Combined TRACON& Tower with Radar,10,18,5,0,33,0,3,16,4,23,10,21,21,4,56,0,0,0,56
08/16/2020,BIS,ND,AGL,CE,Combined TRACON& Tower with Radar,12,4,10,0,26,0,4,17,3,24,12,8,27,3,50,2,0,2,52
08/17/2020,BIS,ND,AGL,CE,Combined TRACON& Tower with Radar,8,8,23,3,42,0,2,41,6,49,8,10,64,9,91,24,0,24,115
08/18/2020,BIS,ND,AGL,CE,Combined TRACON& Tower with Radar,8,14,28,0,50,0,5,16,1,22,8,19,44,1,72,0,8,8,80
08/19/2020,BIS,ND,AGL,CE,Combined TRACON& Tower with Radar,8,11,24,2,45,0,4,14,2,20,8,15,38,4,65,40,0,40,105
08/20/2020,BIS,ND,AGL,CE,Combined TRACON& Tower with Radar,10,11,25,4,50,0,2,12,0,14,10,13,37,4,64,38,0,38,102
08/21/2020,BIS,ND,AGL,CE,Combined TRACON& Tower with Radar,10,14,9,0,33,0,3,22,0,25,10,17,31,0,58,0,0,0,58
08/22/2020,BIS,ND,AGL,CE,Combined TRACON& Tower with Radar,7,18,16,0,41,0,0,27,0,27,7,18,43,0,68,0,0,0,68
08/23/2020,BIS,ND,AGL,CE,Combined TRACON& Tower with Radar,9,4,16,0,29,0,2,27,2,31,9,6,43,2,60,0,6,6,66
08/24/2020,BIS,ND,AGL,CE,Combined TRACON& Tower with Radar,10,9,10,0,29,0,1,13,0,14,10,10,23,0,43,9,0,9,52
08/25/2020,BIS,ND,AGL,CE,Combined TRACON& Tower with Radar,8,16,20,0,44,0,2,18,1,21,8,18,38,1,65,11,0,11,76
08/26/2020,BIS,ND,AGL,CE,Combined TRACON& Tower with Radar,8,19,24,3,54,0,3,17,3,23,8,22,41,6,77,11,0,11,88
08/27/2020,BIS,ND,AGL,CE,Combined TRACON& Tower with Radar,10,12,25,1,48,0,0,5,0,5,10,12,30,1,53,0,0,0,53
08/28/2020,BIS,ND,AGL,CE,Combined TRACON& Tower with Radar,10,11,31,0,52,0,1,12,0,13,10,12,43,0,65,24,0,24,89
08/29/2020,BIS,ND,AGL,CE,Combined TRACON& Tower with Radar,8,13,7,2,30,0,3,44,3,50,8,16,51,5,80,20,0,20,100
08/30/2020,BIS,ND,AGL,CE,Combined TRACON& Tower with Radar,10,7,9,0,26,0,5,4,0,9,10,12,13,0,35,0,0,0,35
08/31/2020,BIS,ND,AGL,CE,Combined TRACON& Tower with Radar,10,7,19,0,36,0,3,25,0,28,10,10,44,0,64,4,0,4,68
09/01/2020,BIS,ND,AGL,CE,Combined TRACON& Tower with Radar,8,15,17,5,45,0,4,19,1,24,8,19,36,6,69,0,0,0,69
09/02/2020,BIS,ND,AGL,CE,Combined TRACON& Tower with Radar,8,15,20,2,45,0,0,11,6,17,8,15,31,8,62,6,0,6,68
09/03/2020,BIS,ND,AGL,CE,Combined TRACON& Tower with Radar,10,14,20,2,46,0,5,17,4,26,10,19,37,6,72,23,2,25,97
09/04/2020,BIS,ND,AGL,CE,Combined TRACON& Tower with Radar,15,13,13,7,48,0,4,23,7,34,15,17,36,14,82,42,0,42,124
09/05/2020,BIS,ND,AGL,CE,Combined TRACON& Tower with Radar,8,12,0,0,20,0,0,21,0,21,8,12,21,0,41,16,0,16,57
09/06/2020,BIS,ND,AGL,CE,Combined TRACON& Tower with Radar,9,3,0,0,12,0,5,7,0,12,9,8,7,0,24,0,0,0,24
09/07/2020,BIS,ND,AGL,CE,Combined TRACON& Tower with Radar,11,5,2,0,18,0,2,2,0,4,11,7,4,0,22,0,0,0,22
09/08/2020,BIS,ND,AGL,CE,Combined TRACON& Tower with Radar,12,8,17,7,44,0,6,10,4,20,12,14,27,11,64,4,0,4,68
09/09/2020,BIS,ND,AGL,CE,Combined TRACON& Tower with Radar,10,17,7,2,36,0,5,14,5,24,10,22,21,7,60,12,0,12,72
09/10/2020,BIS,ND,AGL,CE,Combined TRACON& Tower with Radar,15,16,24,3,58,0,5,19,9,33,15,21,43,12,91,6,6,12,103
09/11/2020,BIS,ND,AGL,CE,Combined TRACON& Tower with Radar,15,16,19,2,52,0,6,20,12,38,15,22,39,14,90,30,2,32,122
09/12/2020,BIS,ND,AGL,CE,Combined TRACON& Tower with Radar,11,15,20,2,48,0,1,29,6,36,11,16,49,8,84,12,0,12,96
09/13/2020,BIS,ND,AGL,CE,Combined TRACON& Tower with Radar,16,5,6,0,27,0,2,41,0,43,16,7,47,0,70,20,0,20,90
09/14/2020,BIS,ND,AGL,CE,Combined TRACON& Tower with Radar,14,14,19,3,50,0,1,19,3,23,14,15,38,6,73,24,0,24,97
09/15/2020,BIS,ND,AGL,CE,Combined TRACON& Tower with Radar,12,17,16,6,51,0,3,19,1,23,12,20,35,7,74,42,0,42,116
09/16/2020,BIS,ND,AGL,CE,Combined TRACON& Tower with Radar,12,23,25,5,65,0,7,35,7,49,12,30,60,12,114,18,0,18,132
09/17/2020,BIS,ND,AGL,CE,Combined TRACON& Tower with Radar,16,17,36,1,70,0,0,23,1,24,16,17,59,2,94,20,0,20,114
09/18/2020,BIS,ND,AGL,CE,Combined TRACON& Tower with Radar,16,19,24,0,59,0,4,25,8,37,16,23,49,8,96,23,4,27,123
09/19/2020,BIS,ND,AGL,CE,Combined TRACON& Tower with Radar,12,14,10,1,37,0,3,6,4,13,12,17,16,5,50,56,0,56,106
09/20/2020,BIS,ND,AGL,CE,Combined TRACON& Tower with Radar,16,5,7,0,28,0,1,5,4,10,16,6,12,4,38,0,0,0,38
09/21/2020,BIS,ND,AGL,CE,Combined TRACON& Tower with Radar,13,15,17,2,47,0,0,23,0,23,13,15,40,2,70,16,22,38,108
09/22/2020,BIS,ND,AGL,CE,Combined TRACON& Tower with Radar,13,16,30,6,65,0,3,22,3,28,13,19,52,9,93,8,2,10,103
09/23/2020,BIS,ND,AGL,CE,Combined TRACON& Tower with Radar,12,16,28,3,59,0,3,11,4,18,12,19,39,7,77,0,0,0,77
09/24/2020,BIS,ND,AGL,CE,Combined TRACON& Tower with Radar,16,16,16,4,52,0,4,12,4,20,16,20,28,8,72,18,0,18,90
09/25/2020,BIS,ND,AGL,CE,Combined TRACON& Tower with Radar,14,18,24,2,58,0,1,23,10,34,14,19,47,12,92,12,0,12,104
09/26/2020,BIS,ND,AGL,CE,Combined TRACON& Tower with Radar,8,13,1,0,22,0,1,2,7,10,8,14,3,7,32,0,0,0,32
09/27/2020,BIS,ND,AGL,CE,Combined TRACON& Tower with Radar,10,7,10,0,27,0,1,0,0,1,10,8,10,0,28,0,0,0,28
09/28/2020,BIS,ND,AGL,CE,Combined TRACON& Tower with Radar,11,8,3,0,22,0,3,10,0,13,11,11,13,0,35,20,0,20,55
09/29/2020,BIS,ND,AGL,CE,Combined TRACON& Tower with Radar,12,25,15,2,54,0,2,12,2,16,12,27,27,4,70,22,0,22,92
09/30/2020,BIS,ND,AGL,CE,Combined TRACON& Tower with Radar,12,30,32,4,78,0,0,3,13,16,12,30,35,17,94,0,0,0,94
10/01/2020,BIS,ND,AGL,CE,Combined TRACON& Tower with Radar,18,22,26,2,68,0,4,12,0,16,18,26,38,2,84,74,0,74,158
10/02/2020,BIS,ND,AGL,CE,Combined TRACON& Tower with Radar,18,16,13,2,49,0,4,25,2,31,18,20,38,4,80,44,0,44,124
10/03/2020,BIS,ND,AGL,CE,Combined TRACON& Tower with Radar,15,17,11,0,43,0,7,9,0,16,15,24,20,0,59,4,0,4,63
10/04/2020,BIS,ND,AGL,CE,Combined TRACON& Tower with Radar,19,5,13,0,37,0,8,24,0,32,19,13,37,0,69,8,0,8,77
10/05/2020,BIS,ND,AGL,CE,Combined TRACON& Tower with Radar,16,13,17,0,46,0,3,13,0,16,16,16,30,0,62,6,0,6,68
10/06/2020,BIS,ND,AGL,CE,Combined TRACON& Tower with Radar,14,28,19,2,63,0,0,19,0,19,14,28,38,2,82,0,0,0,82
10/07/2020,BIS,ND,AGL,CE,Combined TRACON& Tower with Radar,16,19,36,2,73,0,2,19,3,24,16,21,55,5,97,0,0,0,97
10/08/2020,BIS,ND,AGL,CE,Combined TRACON& Tower with Radar,18,16,22,7,63,0,2,12,2,16,18,18,34,9,79,0,0,0,79
10/09/2020,BIS,ND,AGL,CE,Combined TRACON& Tower with Radar,14,22,19,2,57,0,1,16,2,19,14,23,35,4,76,14,0,14,90
10/10/2020,BIS,ND,AGL,CE,Combined TRACON& Tower with Radar,14,13,6,0,33,0,1,26,0,27,14,14,32,0,60,0,0,0,60
10/11/2020,BIS,ND,AGL,CE,Combined TRACON& Tower with Radar,16,4,8,0,28,1,3,2,0,6,17,7,10,0,34,16,0,16,50
10/12/2020,BIS,ND,AGL,CE,Combined TRACON& Tower with Radar,17,10,28,0,55,0,2,19,0,21,17,12,47,0,76,10,0,10,86
10/13/2020,BIS,ND,AGL,CE,Combined TRACON& Tower with Radar,15,16,11,4,46,0,3,8,1,12,15,19,19,5,58,16,0,16,74
10/14/2020,BIS,ND,AGL,CE,Combined TRACON& Tower with Radar,16,21,30,0,67,0,0,3,7,10,16,21,33,7,77,0,0,0,77
10/15/2020,BIS,ND,AGL,CE,Combined TRACON& Tower with Radar,18,22,19,0,59,0,3,11,1,15,18,25,30,1,74,20,2,22,96
10/16/2020,BIS,ND,AGL,CE,Combined TRACON& Tower with Radar,17,19,17,2,55,0,0,16,0,16,17,19,33,2,71,14,0,14,85
10/17/2020,BIS,ND,AGL,CE,Combined TRACON& Tower with Radar,14,13,7,0,34,0,4,14,0,18,14,17,21,0,52,4,0,4,56
10/18/2020,BIS,ND,AGL,CE,Combined TRACON& Tower with Radar,19,8,7,0,34,0,2,17,0,19,19,10,24,0,53,8,0,8,61
10/19/2020,BIS,ND,AGL,CE,Combined TRACON& Tower with Radar,14,9,20,2,45,1,0,4,4,9,15,9,24,6,54,20,0,20,74
10/20/2020,BIS,ND,AGL,CE,Combined TRACON& Tower with Radar,17,21,11,0,49,0,0,0,2,2,17,21,11,2,51,0,0,0,51
10/21/2020,BIS,ND,AGL,CE,Combined TRACON& Tower with Radar,15,20,15,2,52,0,2,13,4,19,15,22,28,6,71,20,0,20,91
10/22/2020,BIS,ND,AGL,CE,Combined TRACON& Tower with Radar,18,21,5,0,44,0,0,0,0,0,18,21,5,0,44,0,0,0,44
10/23/2020,BIS,ND,AGL,CE,Combined TRACON& Tower with Radar,14,16,37,1,68,1,1,15,0,17,15,17,52,1,85,0,0,0,85
10/24/2020,BIS,ND,AGL,CE,Combined TRACON& Tower with Radar,14,18,4,0,36,0,0,1,0,1,14,18,5,0,37,0,0,0,37
10/25/2020,BIS,ND,AGL,CE,Combined TRACON& Tower with Radar,16,2,14,0,32,0,1,0,0,1,16,3,14,0,33,0,0,0,33
10/26/2020,BIS,ND,AGL,CE,Combined TRACON& Tower with Radar,15,14,21,0,50,0,4,35,1,40,15,18,56,1,90,10,0,10,100
10/27/2020,BIS,ND,AGL,CE,Combined TRACON& Tower with Radar,15,19,17,0,51,0,0,8,3,11,15,19,25,3,62,8,0,8,70
10/28/2020,BIS,ND,AGL,CE,Combined TRACON& Tower with Radar,15,15,25,2,57,0,4,38,14,56,15,19,63,16,113,0,58,58,171
10/29/2020,BIS,ND,AGL,CE,Combined TRACON& Tower with Radar,18,19,30,0,67,0,2,7,0,9,18,21,37,0,76,24,4,28,104
10/30/2020,BIS,ND,AGL,CE,Combined TRACON& Tower with Radar,15,20,4,2,41,0,0,0,0,0,15,20,4,2,41,0,0,0,41
10/31/2020,BIS,ND,AGL,CE,Combined TRACON& Tower with Radar,14,17,6,0,37,0,0,1,0,1,14,17,7,0,38,0,0,0,38
11/01/2020,BIS,ND,AGL,CE,Combined TRACON& Tower with Radar,17,5,17,0,39,0,1,37,0,38,17,6,54,0,77,29,0,29,106
11/02/2020,BIS,ND,AGL,CE,Combined TRACON& Tower with Radar,15,15,15,0,45,0,4,27,6,37,15,19,42,6,82,44,12,56,138
11/03/2020,BIS,ND,AGL,CE,Combined TRACON& Tower with Radar,13,19,18,0,50,0,3,17,4,24,13,22,35,4,74,6,0,6,80
11/04/2020,BIS,ND,AGL,CE,Combined TRACON& Tower with Radar,15,21,20,1,57,0,2,29,14,45,15,23,49,15,102,28,2,30,132
11/05/2020,BIS,ND,AGL,CE,Combined TRACON& Tower with Radar,19,18,31,4,72,0,4,28,5,37,19,22,59,9,109,40,0,40,149
11/06/2020,BIS,ND,AGL,CE,Combined TRACON& Tower with Radar,16,14,4,2,36,0,2,22,0,24,16,16,26,2,60,20,0,20,80
11/07/2020,BIS,ND,AGL,CE,Combined TRACON& Tower with Radar,15,18,2,0,35,0,1,3,0,4,15,19,5,0,39,20,0,20,59
11/08/2020,BIS,ND,AGL,CE,Combined TRACON& Tower with Radar,19,8,2,0,29,0,1,4,1,6,19,9,6,1,35,28,0,28,63
11/09/2020,BIS,ND,AGL,CE,Combined TRACON& Tower with Radar,17,7,3,0,27,0,4,5,0,9,17,11,8,0,36,0,0,0,36
11/10/2020,BIS,ND,AGL,CE,Combined TRACON& Tower with Radar,14,17,15,0,46,1,3,22,10,36,15,20,37,10,82,46,2,48,130
11/11/2020,BIS,ND,AGL,CE,Combined TRACON& Tower with Radar,16,20,10,0,46,0,0,6,0,6,16,20,16,0,52,0,0,0,52
11/12/2020,BIS,ND,AGL,CE,Combined TRACON& Tower with Radar,17,24,12,0,53,0,0,12,9,21,17,24,24,9,74,0,6,6,80
11/13/2020,BIS,ND,AGL,CE,Combined TRACON& Tower with Radar,17,17,11,0,45,0,0,33,0,33,17,17,44,0,78,6,0,6,84
11/14/2020,BIS,ND,AGL,CE,Combined TRACON& Tower with Radar,15,15,4,1,35,0,0,21,1,22,15,15,25,2,57,2,0,2,59
11/15/2020,BIS,ND,AGL,CE,Combined TRACON& Tower with Radar,19,4,9,0,32,0,5,20,0,25,19,9,29,0,57,37,0,37,94
11/16/2020,BIS,ND,AGL,CE,Combined TRACON& Tower with Radar,17,13,13,4,47,0,4,5,0,9,17,17,18,4,56,0,6,6,62
11/17/2020,BIS,ND,AGL,CE,Combined TRACON& Tower with Radar,15,25,15,2,57,0,6,15,1,22,15,31,30,3,79,12,0,12,91
11/18/2020,BIS,ND,AGL,CE,Combined TRACON& Tower with Radar,17,17,32,1,67,0,3,34,5,42,17,20,66,6,109,71,0,71,180
11/19/2020,BIS,ND,AGL,CE,Combined TRACON& Tower with Radar,16,22,20,0,58,0,1,2,0,3,16,23,22,0,61,0,0,0,61
11/20/2020,BIS,ND,AGL,CE,Combined TRACON& Tower with Radar,16,22,8,0,46,0,7,13,2,22,16,29,21,2,68,14,0,14,82
11/21/2020,BIS,ND,AGL,CE,Combined TRACON& Tower with Radar,17,12,18,3,50,0,4,36,4,44,17,16,54,7,94,46,0,46,140
11/22/2020,BIS,ND,AGL,CE,Combined TRACON& Tower with Radar,19,5,12,0,36,0,4,20,4,28,19,9,32,4,64,16,0,16,80
11/23/2020,BIS,ND,AGL,CE,Combined TRACON& Tower with Radar,19,9,12,0,40,0,2,16,0,18,19,11,28,0,58,6,0,6,64
11/24/2020,BIS,ND,AGL,CE,Combined TRACON& Tower with Radar,18,17,9,0,44,0,0,6,8,14,18,17,15,8,58,6,0,6,64
11/25/2020,BIS,ND,AGL,CE,Combined TRACON& Tower with Radar,20,15,15,0,50,0,0,17,2,19,20,15,32,2,69,10,0,10,79
11/26/2020,BIS,ND,AGL,CE,Combined TRACON& Tower with Radar,10,5,2,0,17,0,1,17,0,18,10,6,19,0,35,10,0,10,45
11/27/2020,BIS,ND,AGL,CE,Combined TRACON& Tower with Radar,17,17,4,0,38,0,0,8,0,8,17,17,12,0,46,0,0,0,46
11/28/2020,BIS,ND,AGL,CE,Combined TRACON& Tower with Radar,18,16,8,0,42,0,0,14,0,14,18,16,22,0,56,0,0,0,56
11/29/2020,BIS,ND,AGL,CE,Combined TRACON& Tower with Radar,17,5,11,0,33,1,4,7,0,12,18,9,18,0,45,0,0,0,45
11/30/2020,BIS,ND,AGL,CE,Combined TRACON& Tower with Radar,16,11,23,0,50,0,3,36,0,39,16,14,59,0,89,22,0,22,111
12/01/2020,BIS,ND,AGL,CE,Combined TRACON& Tower with Radar,16,20,19,0,55,0,1,11,0,12,16,21,30,0,67,22,0,22,89
12/02/2020,BIS,ND,AGL,CE,Combined TRACON& Tower with Radar,16,16,19,0,51,0,5,12,8,25,16,21,31,8,76,0,0,0,76
12/03/2020,BIS,ND,AGL,CE,Combined TRACON& Tower with Radar,15,12,12,3,42,0,2,25,2,29,15,14,37,5,71,24,0,24,95
12/04/2020,BIS,ND,AGL,CE,Combined TRACON& Tower with Radar,11,15,15,1,42,0,0,21,2,23,11,15,36,3,65,4,0,4,69
12/05/2020,BIS,ND,AGL,CE,Combined TRACON& Tower with Radar,13,12,14,1,40,0,0,27,7,34,13,12,41,8,74,22,0,22,96
12/06/2020,BIS,ND,AGL,CE,Combined TRACON& Tower with Radar,13,5,10,0,28,0,1,26,2,29,13,6,36,2,57,30,0,30,87
12/07/2020,BIS,ND,AGL,CE,Combined TRACON& Tower with Radar,17,9,18,0,44,0,5,28,3,36,17,14,46,3,80,10,0,10,90
12/08/2020,BIS,ND,AGL,CE,Combined TRACON& Tower with Radar,13,14,16,2,45,0,1,19,5,25,13,15,35,7,70,10,0,10,80
12/09/2020,BIS,ND,AGL,CE,Combined TRACON& Tower with Radar,15,26,11,6,58,0,1,17,11,29,15,27,28,17,87,24,6,30,117
12/10/2020,BIS,ND,AGL,CE,Combined TRACON& Tower with Radar,17,15,11,0,43,0,6,10,4,20,17,21,21,4,63,0,0,0,63
12/11/2020,BIS,ND,AGL,CE,Combined TRACON& Tower with Radar,13,14,4,0,31,0,0,0,0,0,13,14,4,0,31,0,0,0,31
12/12/2020,BIS,ND,AGL,CE,Combined TRACON& Tower with Radar,13,18,1,0,32,0,0,0,0,0,13,18,1,0,32,0,0,0,32
12/13/2020,BIS,ND,AGL,CE,Combined TRACON& Tower with Radar,15,8,4,0,27,0,0,3,0,3,15,8,7,0,30,0,0,0,30
12/14/2020,BIS,ND,AGL,CE,Combined TRACON& Tower with Radar,17,7,17,1,42,0,5,19,5,29,17,12,36,6,71,26,0,26,97
12/15/2020,BIS,ND,AGL,CE,Combined TRACON& Tower with Radar,15,19,21,3,58,0,0,10,0,10,15,19,31,3,68,2,0,2,70
12/16/2020,BIS,ND,AGL,CE,Combined TRACON& Tower with Radar,13,14,28,1,56,0,3,18,11,32,13,17,46,12,88,2,0,2,90
12/17/2020,BIS,ND,AGL,CE,Combined TRACON& Tower with Radar,13,18,17,0,48,0,6,12,7,25,13,24,29,7,73,14,0,14,87
12/18/2020,BIS,ND,AGL,CE,Combined TRACON& Tower with Radar,14,20,14,0,48,0,2,2,0,4,14,22,16,0,52,0,0,0,52
12/19/2020,BIS,ND,AGL,CE,Combined TRACON& Tower with Radar,16,13,15,0,44,0,0,10,0,10,16,13,25,0,54,35,0,35,89
12/20/2020,BIS,ND,AGL,CE,Combined TRACON& Tower with Radar,12,7,9,1,29,0,3,5,0,8,12,10,14,1,37,10,0,10,47
12/21/2020,BIS,ND,AGL,CE,Combined TRACON& Tower with Radar,12,17,12,3,44,0,1,8,1,10,12,18,20,4,54,0,0,0,54
12/22/2020,BIS,ND,AGL,CE,Combined TRACON& Tower with Radar,12,18,17,0,47,0,0,21,0,21,12,18,38,0,68,24,0,24,92
12/23/2020,BIS,ND,AGL,CE,Combined TRACON& Tower with Radar,15,8,5,0,28,0,0,0,0,0,15,8,5,0,28,0,0,0,28
12/24/2020,BIS,ND,AGL,CE,Combined TRACON& Tower with Radar,11,18,5,0,34,0,4,10,0,14,11,22,15,0,48,4,0,4,52
12/25/2020,BIS,ND,AGL,CE,Combined TRACON& Tower with Radar,11,10,3,0,24,0,2,22,0,24,11,12,25,0,48,6,0,6,54
12/26/2020,BIS,ND,AGL,CE,Combined TRACON& Tower with Radar,14,22,4,0,40,0,0,11,0,11,14,22,15,0,51,0,0,0,51
12/27/2020,BIS,ND,AGL,CE,Combined TRACON& Tower with Radar,12,6,1,0,19,0,0,4,0,4,12,6,5,0,23,24,0,24,47
12/28/2020,BIS,ND,AGL,CE,Combined TRACON& Tower with Radar,15,14,7,2,38,0,1,15,0,16,15,15,22,2,54,22,0,22,76
12/29/2020,BIS,ND,AGL,CE,Combined TRACON& Tower with Radar,13,17,4,0,34,0,0,1,0,1,13,17,5,0,35,0,0,0,35
12/30/2020,BIS,ND,AGL,CE,Combined TRACON& Tower with Radar,17,24,12,0,53,0,1,8,5,14,17,25,20,5,67,4,0,4,71
12/31/2020,BIS,ND,AGL,CE,Combined TRACON& Tower with Radar,10,16,15,0,41,0,0,23,0,23,10,16,38,0,64,0,0,0,64
01/01/2021,BIS,ND,AGL,CE,Combined TRACON& Tower with Radar,10,5,10,0,25,0,2,18,0,20,10,7,28,0,45,10,0,10,55
01/02/2021,BIS,ND,AGL,CE,Combined TRACON& Tower with Radar,16,17,9,0,42,0,1,13,0,14,16,18,22,0,56,10,0,10,66
01/03/2021,BIS,ND,AGL,CE,Combined TRACON& Tower with Radar,12,9,9,0,30,0,4,19,0,23,12,13,28,0,53,18,0,18,71
01/04/2021,BIS,ND,AGL,CE,Combined TRACON& Tower with Radar,15,14,14,0,43,0,9,38,2,49,15,23,52,2,92,30,0,30,122
01/05/2021,BIS,ND,AGL,CE,Combined TRACON& Tower with Radar,11,20,22,1,54,0,6,31,1,38,11,26,53,2,92,24,0,24,116
01/06/2021,BIS,ND,AGL,CE,Combined TRACON& Tower with Radar,11,20,10,0,41,0,0,6,0,6,11,20,16,0,47,8,4,12,59
01/07/2021,BIS,ND,AGL,CE,Combined TRACON& Tower with Radar,12,19,12,8,51,0,0,0,0,0,12,19,12,8,51,0,0,0,51
01/08/2021,BIS,ND,AGL,CE,Combined TRACON& Tower with Radar,9,24,0,6,39,0,0,0,0,0,9,24,0,6,39,0,0,0,39
01/09/2021,BIS,ND,AGL,CE,Combined TRACON& Tower with Radar,12,11,2,2,27,0,0,0,5,5,12,11,2,7,32,0,0,0,32
01/10/2021,BIS,ND,AGL,CE,Combined TRACON& Tower with Radar,17,5,8,0,30,0,1,10,8,19,17,6,18,8,49,0,0,0,49
01/11/2021,BIS,ND,AGL,CE,Combined TRACON& Tower with Radar,10,10,12,5,37,0,0,17,4,21,10,10,29,9,58,26,8,34,92
01/12/2021,BIS,ND,AGL,CE,Combined TRACON& Tower with Radar,10,18,24,2,54,0,0,42,1,43,10,18,66,3,97,58,0,58,155
01/13/2021,BIS,ND,AGL,CE,Combined TRACON& Tower with Radar,10,21,15,3,49,0,2,21,9,32,10,23,36,12,81,8,0,8,89
01/14/2021,BIS,ND,AGL,CE,Combined TRACON& Tower with Radar,11,11,5,0,27,0,0,0,0,0,11,11,5,0,27,0,0,0,27
01/15/2021,BIS,ND,AGL,CE,Combined TRACON& Tower with Radar,13,20,19,5,57,0,4,0,0,4,13,24,19,5,61,0,0,0,61
01/16/2021,BIS,ND,AGL,CE,Combined TRACON& Tower with Radar,11,14,10,2,37,0,0,18,0,18,11,14,28,2,55,20,0,20,75
01/17/2021,BIS,ND,AGL,CE,Combined TRACON& Tower with Radar,12,5,5,0,22,0,1,19,0,20,12,6,24,0,42,76,0,76,118
01/18/2021,BIS,ND,AGL,CE,Combined TRACON& Tower with Radar,11,14,14,0,39,0,0,0,0,0,11,14,14,0,39,0,0,0,39
01/19/2021,BIS,ND,AGL,CE,Combined TRACON& Tower with Radar,11,17,23,0,51,0,1,10,0,11,11,18,33,0,62,28,0,28,90
01/20/2021,BIS,ND,AGL,CE,Combined TRACON& Tower with Radar,9,20,23,0,52,0,0,7,8,15,9,20,30,8,67,10,1,11,78
01/21/2021,BIS,ND,AGL,CE,Combined TRACON& Tower with Radar,13,21,18,0,52,0,2,8,5,15,13,23,26,5,67,24,0,24,91
01/22/2021,BIS,ND,AGL,CE,Combined TRACON& Tower with Radar,11,15,30,0,56,0,0,27,4,31,11,15,57,4,87,50,0,50,137
01/23/2021,BIS,ND,AGL,CE,Combined TRACON& Tower with Radar,12,14,1,0,27,0,0,25,1,26,12,14,26,1,53,41,0,41,94
01/24/2021,BIS,ND,AGL,CE,Combined TRACON& Tower with Radar,13,7,6,3,29,0,0,5,1,6,13,7,11,4,35,12,0,12,47
01/25/2021,BIS,ND,AGL,CE,Combined TRACON& Tower with Radar,9,17,9,0,35,0,0,1,0,1,9,17,10,0,36,0,0,0,36
01/26/2021,BIS,ND,AGL,CE,Combined TRACON& Tower with Radar,12,17,19,1,49,0,2,3,5,10,12,19,22,6,59,2,8,10,69
01/27/2021,BIS,ND,AGL,CE,Combined TRACON& Tower with Radar,11,20,24,0,55,0,0,2,9,11,11,20,26,9,66,20,2,22,88
01/28/2021,BIS,ND,AGL,CE,Combined TRACON& Tower with Radar,15,15,19,2,51,0,0,20,2,22,15,15,39,4,73,26,0,26,99
01/29/2021,BIS,ND,AGL,CE,Combined TRACON& Tower with Radar,11,22,24,2,59,0,0,0,0,0,11,22,24,2,59,0,0,0,59
01/30/2021,BIS,ND,AGL,CE,Combined TRACON& Tower with Radar,14,20,1,0,35,0,0,0,0,0,14,20,1,0,35,0,0,0,35
01/31/2021,BIS,ND,AGL,CE,Combined TRACON& Tower with Radar,12,3,18,0,33,0,0,0,0,0,12,3,18,0,33,0,0,0,33
02/01/2021,BIS,ND,AGL,CE,Combined TRACON& Tower with Radar,10,9,15,0,34,0,1,5,0,6,10,10,20,0,40,20,0,20,60
02/02/2021,BIS,ND,AGL,CE,Combined TRACON& Tower with Radar,10,15,10,0,35,0,0,0,0,0,10,15,10,0,35,0,0,0,35
02/03/2021,BIS,ND,AGL,CE,Combined TRACON& Tower with Radar,10,18,17,0,45,0,0,0,0,0,10,18,17,0,45,0,0,0,45
02/04/2021,BIS,ND,AGL,CE,Combined TRACON& Tower with Radar,14,18,22,0,54,0,1,8,4,13,14,19,30,4,67,4,0,4,71
02/05/2021,BIS,ND,AGL,CE,Combined TRACON& Tower with Radar,9,18,10,0,37,0,1,2,0,3,9,19,12,0,40,10,0,10,50
02/06/2021,BIS,ND,AGL,CE,Combined TRACON& Tower with Radar,12,15,8,0,35,0,0,6,0,6,12,15,14,0,41,0,0,0,41
02/07/2021,BIS,ND,AGL,CE,Combined TRACON& Tower with Radar,12,7,8,0,27,0,0,0,0,0,12,7,8,0,27,4,0,4,31
02/08/2021,BIS,ND,AGL,CE,Combined TRACON& Tower with Radar,12,12,18,2,44,0,0,5,0,5,12,12,23,2,49,0,0,0,49
02/09/2021,BIS,ND,AGL,CE,Combined TRACON& Tower with Radar,10,21,16,2,49,0,3,10,0,13,10,24,26,2,62,0,0,0,62
02/10/2021,BIS,ND,AGL,CE,Combined TRACON& Tower with Radar,15,19,22,2,58,0,0,10,5,15,15,19,32,7,73,70,0,70,143
02/11/2021,BIS,ND,AGL,CE,Combined TRACON& Tower with Radar,14,13,31,0,58,0,0,0,0,0,14,13,31,0,58,0,0,0,58
02/12/2021,BIS,ND,AGL,CE,Combined TRACON& Tower with Radar,12,17,9,0,38,0,2,1,0,3,12,19,10,0,41,8,0,8,49
02/13/2021,BIS,ND,AGL,CE,Combined TRACON& Tower with Radar,12,12,4,0,28,0,0,0,0,0,12,12,4,0,28,0,0,0,28
02/14/2021,BIS,ND,AGL,CE,Combined TRACON& Tower with Radar,11,3,10,0,24,0,0,10,0,10,11,3,20,0,34,6,0,6,40
02/15/2021,BIS,ND,AGL,CE,Combined TRACON& Tower with Radar,14,12,13,0,39,0,0,15,0,15,14,12,28,0,54,46,0,46,100
02/16/2021,BIS,ND,AGL,CE,Combined TRACON& Tower with Radar,11,12,25,0,48,0,2,13,5,20,11,14,38,5,68,0,0,0,68
02/17/2021,BIS,ND,AGL,CE,Combined TRACON& Tower with Radar,17,11,20,2,50,0,0,10,12,22,17,11,30,14,72,12,0,12,84
02/18/2021,BIS,ND,AGL,CE,Combined TRACON& Tower with Radar,14,18,24,0,56,0,0,4,3,7,14,18,28,3,63,4,0,4,67
02/19/2021,BIS,ND,AGL,CE,Combined TRACON& Tower with Radar,11,12,10,0,33,0,11,8,6,25,11,23,18,6,58,90,0,90,148
02/20/2021,BIS,ND,AGL,CE,Combined TRACON& Tower with Radar,12,11,15,1,39,0,1,21,3,25,12,12,36,4,64,12,2,14,78
02/21/2021,BIS,ND,AGL,CE,Combined TRACON& Tower with Radar,14,2,6,0,22,0,3,15,2,20,14,5,21,2,42,0,4,4,46
02/22/2021,BIS,ND,AGL,CE,Combined TRACON& Tower with Radar,14,12,11,2,39,0,0,3,0,3,14,12,14,2,42,0,0,0,42
02/23/2021,BIS,ND,AGL,CE,Combined TRACON& Tower with Radar,12,15,19,0,46,0,0,1,0,1,12,15,20,0,47,0,0,0,47
02/24/2021,BIS,ND,AGL,CE,Combined TRACON& Tower with Radar,16,20,28,3,67,0,0,7,5,12,16,20,35,8,79,2,2,4,83
02/25/2021,BIS,ND,AGL,CE,Combined TRACON& Tower with Radar,13,17,18,11,59,0,0,13,11,24,13,17,31,22,83,12,0,12,95
02/26/2021,BIS,ND,AGL,CE,Combined TRACON& Tower with Radar,12,15,22,2,51,3,1,8,0,12,15,16,30,2,63,6,6,12,75
02/27/2021,BIS,ND,AGL,CE,Combined TRACON& Tower with Radar,14,13,9,0,36,0,0,0,0,0,14,13,9,0,36,0,0,0,36
02/28/2021,BIS,ND,AGL,CE,Combined TRACON& Tower with Radar,14,3,7,0,24,0,4,10,2,16,14,7,17,2,40,0,0,0,40
03/01/2021,BIS,ND,AGL,CE,Combined TRACON& Tower with Radar,13,10,13,2,38,0,3,14,4,21,13,13,27,6,59,6,0,6,65
03/02/2021,BIS,ND,AGL,CE,Combined TRACON& Tower with Radar,10,25,21,4,60,0,9,13,3,25,10,34,34,7,85,50,0,50,135
03/03/2021,BIS,ND,AGL,CE,Combined TRACON& Tower with Radar,14,23,19,0,56,0,4,35,5,44,14,27,54,5,100,90,2,92,192
03/04/2021,BIS,ND,AGL,CE,Combined TRACON& Tower with Radar,11,25,20,3,59,0,1,25,4,30,11,26,45,7,89,0,0,0,89
03/05/2021,BIS,ND,AGL,CE,Combined TRACON& Tower with Radar,11,20,14,0,45,0,0,7,0,7,11,20,21,0,52,40,0,40,92
03/06/2021,BIS,ND,AGL,CE,Combined TRACON& Tower with Radar,12,20,5,0,37,0,0,1,0,1,12,20,6,0,38,10,0,10,48
03/07/2021,BIS,ND,AGL,CE,Combined TRACON& Tower with Radar,13,9,6,0,28,0,3,8,0,11,13,12,14,0,39,0,0,0,39
03/08/2021,BIS,ND,AGL,CE,Combined TRACON& Tower with Radar,11,13,17,1,42,0,0,18,3,21,11,13,35,4,63,8,0,8,71
03/09/2021,BIS,ND,AGL,CE,Combined TRACON& Tower with Radar,9,26,15,1,51,0,0,20,3,23,9,26,35,4,74,14,0,14,88
03/10/2021,BIS,ND,AGL,CE,Combined TRACON& Tower with Radar,13,28,23,3,67,0,1,2,5,8,13,29,25,8,75,22,0,22,97
03/11/2021,BIS,ND,AGL,CE,Combined TRACON& Tower with Radar,11,27,17,0,55,0,3,5,4,12,11,30,22,4,67,10,0,10,77
03/12/2021,BIS,ND,AGL,CE,Combined TRACON& Tower with Radar,11,18,14,1,44,0,4,18,0,22,11,22,32,1,66,30,0,30,96
03/13/2021,BIS,ND,AGL,CE,Combined TRACON& Tower with Radar,14,18,11,0,43,0,2,31,3,36,14,20,42,3,79,50,0,50,129
03/14/2021,BIS,ND,AGL,CE,Combined TRACON& Tower with Radar,11,8,2,0,21,1,2,8,0,11,12,10,10,0,32,0,0,0,32
03/15/2021,BIS,ND,AGL,CE,Combined TRACON& Tower with Radar,8,12,5,2,27,0,0,1,0,1,8,12,6,2,28,0,0,0,28
03/16/2021,BIS,ND,AGL,CE,Combined TRACON& Tower with Radar,7,23,13,2,45,0,0,0,1,1,7,23,13,3,46,0,0,0,46
03/17/2021,BIS,ND,AGL,CE,Combined TRACON& Tower with Radar,11,27,16,0,54,1,0,2,5,8,12,27,18,5,62,0,0,0,62
03/18/2021,BIS,ND,AGL,CE,Combined TRACON& Tower with Radar,9,28,20,2,59,0,1,10,1,12,9,29,30,3,71,26,0,26,97
03/19/2021,BIS,ND,AGL,CE,Combined TRACON& Tower with Radar,11,21,9,0,41,0,1,15,0,16,11,22,24,0,57,0,0,0,57
03/20/2021,BIS,ND,AGL,CE,Combined TRACON& Tower with Radar,10,17,11,0,38,0,1,22,1,24,10,18,33,1,62,10,0,10,72
03/21/2021,BIS,ND,AGL,CE,Combined TRACON& Tower with Radar,11,12,9,0,32,0,0,22,2,24,11,12,31,2,56,20,0,20,76
03/22/2021,BIS,ND,AGL,CE,Combined TRACON& Tower with Radar,11,17,19,0,47,0,4,14,2,20,11,21,33,2,67,0,0,0,67
03/23/2021,BIS,ND,AGL,CE,Combined TRACON& Tower with Radar,7,23,14,2,46,0,5,18,0,23,7,28,32,2,69,18,0,18,87
03/24/2021,BIS,ND,AGL,CE,Combined TRACON& Tower with Radar,12,27,14,0,53,0,0,9,5,14,12,27,23,5,67,16,0,16,83
03/25/2021,BIS,ND,AGL,CE,Combined TRACON& Tower with Radar,10,26,15,0,51,0,8,11,1,20,10,34,26,1,71,14,0,14,85
03/26/2021,BIS,ND,AGL,CE,Combined TRACON& Tower with Radar,11,19,12,3,45,0,1,10,2,13,11,20,22,5,58,4,0,4,62
03/27/2021,BIS,ND,AGL,CE,Combined TRACON& Tower with Radar,9,21,9,0,39,0,2,5,0,7,9,23,14,0,46,0,0,0,46
03/28/2021,BIS,ND,AGL,CE,Combined TRACON& Tower with Radar,13,12,5,1,31,0,2,4,1,7,13,14,9,2,38,13,0,13,51
03/29/2021,BIS,ND,AGL,CE,Combined TRACON& Tower with Radar,11,17,6,1,35,0,1,8,0,9,11,18,14,1,44,0,0,0,44
03/30/2021,BIS,ND,AGL,CE,Combined TRACON& Tower with Radar,9,30,7,0,46,0,0,2,0,2,9,30,9,0,48,0,0,0,48
03/31/2021,BIS,ND,AGL,CE,Combined TRACON& Tower with Radar,14,29,15,0,58,0,1,29,5,35,14,30,44,5,93,20,0,20,113
04/01/2021,BIS,ND,AGL,CE,Combined TRACON& Tower with Radar,13,25,18,0,56,0,1,6,8,15,13,26,24,8,71,0,0,0,71
04/02/2021,BIS,ND,AGL,CE,Combined TRACON& Tower with Radar,9,21,24,0,54,0,4,19,2,25,9,25,43,2,79,28,0,28,107
04/03/2021,BIS,ND,AGL,CE,Combined TRACON& Tower with Radar,10,18,5,0,33,0,1,24,0,25,10,19,29,0,58,16,0,16,74
04/04/2021,BIS,ND,AGL,CE,Combined TRACON& Tower with Radar,11,14,9,0,34,0,0,5,0,5,11,14,14,0,39,3,0,3,42
04/05/2021,BIS,ND,AGL,CE,Combined TRACON& Tower with Radar,11,17,24,0,52,0,1,9,0,10,11,18,33,0,62,0,0,0,62
04/06/2021,BIS,ND,AGL,CE,Combined TRACON& Tower with Radar,7,26,44,0,77,0,2,17,2,21,7,28,61,2,98,12,0,12,110
04/07/2021,BIS,ND,AGL,CE,Combined TRACON& Tower with Radar,11,28,22,0,61,0,2,26,13,41,11,30,48,13,102,8,0,8,110
04/08/2021,BIS,ND,AGL,CE,Combined TRACON& Tower with Radar,13,31,25,0,69,0,1,26,0,27,13,32,51,0,96,6,0,6,102
04/09/2021,BIS,ND,AGL,CE,Combined TRACON& Tower with Radar,11,26,18,2,57,0,4,4,6,14,11,30,22,8,71,0,0,0,71
04/10/2021,BIS,ND,AGL,CE,Combined TRACON& Tower with Radar,10,18,24,1,53,0,2,63,6,71,10,20,87,7,124,42,0,42,166
04/11/2021,BIS,ND,AGL,CE,Combined TRACON& Tower with Radar,13,13,9,0,35,0,0,1,3,4,13,13,10,3,39,6,0,6,45
04/12/2021,BIS,ND,AGL,CE,Combined TRACON& Tower with Radar,15,16,10,0,41,0,0,0,0,0,15,16,10,0,41,0,0,0,41
04/13/2021,BIS,ND,AGL,CE,Combined TRACON& Tower with Radar,11,27,19,0,57,0,4,1,0,5,11,31,20,0,62,0,0,0,62
04/14/2021,BIS,ND,AGL,CE,Combined TRACON& Tower with Radar,14,31,24,2,71,0,0,12,4,16,14,31,36,6,87,0,0,0,87
04/15/2021,BIS,ND,AGL,CE,Combined TRACON& Tower with Radar,15,22,14,0,51,0,0,2,0,2,15,22,16,0,53,19,0,19,72
04/16/2021,BIS,ND,AGL,CE,Combined TRACON& Tower with Radar,13,18,12,0,43,0,0,17,0,17,13,18,29,0,60,50,0,50,110
04/17/2021,BIS,ND,AGL,CE,Combined TRACON& Tower with Radar,10,17,16,0,43,0,12,32,0,44,10,29,48,0,87,14,0,14,101
04/18/2021,BIS,ND,AGL,CE,Combined TRACON& Tower with Radar,15,8,9,0,32,0,2,7,0,9,15,10,16,0,41,0,0,0,41
04/19/2021,BIS,ND,AGL,CE,Combined TRACON& Tower with Radar,16,16,28,5,65,0,1,22,3,26,16,17,50,8,91,2,8,10,101
04/20/2021,BIS,ND,AGL,CE,Combined TRACON& Tower with Radar,14,29,20,0,63,0,3,1,0,4,14,32,21,0,67,0,0,0,67
04/21/2021,BIS,ND,AGL,CE,Combined TRACON& Tower with Radar,12,29,25,2,68,0,1,23,8,32,12,30,48,10,100,28,0,28,128
04/22/2021,BIS,ND,AGL,CE,Combined TRACON& Tower with Radar,16,26,19,0,61,0,0,29,5,34,16,26,48,5,95,16,0,16,111
04/23/2021,BIS,ND,AGL,CE,Combined TRACON& Tower with Radar,11,22,11,1,45,0,0,12,0,12,11,22,23,1,57,0,0,0,57
04/24/2021,BIS,ND,AGL,CE,Combined TRACON& Tower with Radar,12,14,15,0,41,0,3,43,6,52,12,17,58,6,93,14,0,14,107
04/25/2021,BIS,ND,AGL,CE,Combined TRACON& Tower with Radar,16,8,9,0,33,0,2,1,0,3,16,10,10,0,36,0,0,0,36
04/26/2021,BIS,ND,AGL,CE,Combined TRACON& Tower with Radar,13,18,15,2,48,0,0,0,0,0,13,18,15,2,48,0,0,0,48
04/27/2021,BIS,ND,AGL,CE,Combined TRACON& Tower with Radar,12,24,24,4,64,0,7,23,0,30,12,31,47,4,94,14,0,14,108
04/28/2021,BIS,ND,AGL,CE,Combined TRACON& Tower with Radar,12,21,22,1,56,0,4,42,6,52,12,25,64,7,108,50,0,50,158
04/29/2021,BIS,ND,AGL,CE,Combined TRACON& Tower with Radar,16,22,15,0,53,0,6,14,0,20,16,28,29,0,73,30,0,30,103
04/30/2021,BIS,ND,AGL,CE,Combined TRACON& Tower with Radar,14,22,21,0,57,0,0,15,2,17,14,22,36,2,74,11,0,11,85
05/01/2021,BIS,ND,AGL,CE,Combined TRACON& Tower with Radar,10,18,10,1,39,0,1,16,6,23,10,19,26,7,62,0,0,0,62
05/02/2021,BIS,ND,AGL,CE,Combined TRACON& Tower with Radar,16,8,17,0,41,0,0,7,4,11,16,8,24,4,52,4,0,4,56
05/03/2021,BIS,ND,AGL,CE,Combined TRACON& Tower with Radar,13,21,27,0,61,0,0,11,4,15,13,21,38,4,76,0,0,0,76
05/04/2021,BIS,ND,AGL,CE,Combined TRACON& Tower with Radar,12,21,20,0,53,0,0,16,0,16,12,21,36,0,69,20,0,20,89
05/05/2021,BIS,ND,AGL,CE,Combined TRACON& Tower with Radar,10,29,25,1,65,0,0,3,9,12,10,29,28,10,77,0,0,0,77
05/06/2021,BIS,ND,AGL,CE,Combined TRACON& Tower with Radar,14,22,20,2,58,0,0,8,4,12,14,22,28,6,70,20,0,20,90
05/07/2021,BIS,ND,AGL,CE,Combined TRACON& Tower with Radar,11,26,18,0,55,0,0,43,0,43,11,26,61,0,98,44,0,44,142
05/08/2021,BIS,ND,AGL,CE,Combined TRACON& Tower with Radar,11,18,2,0,31,0,0,1,0,1,11,18,3,0,32,0,0,0,32
05/09/2021,BIS,ND,AGL,CE,Combined TRACON& Tower with Radar,14,12,12,0,38,0,0,6,0,6,14,12,18,0,44,6,0,6,50
05/10/2021,BIS,ND,AGL,CE,Combined TRACON& Tower with Radar,11,21,27,3,62,0,10,26,6,42,11,31,53,9,104,22,0,22,126
05/11/2021,BIS,ND,AGL,CE,Combined TRACON& Tower with Radar,11,28,28,0,67,0,2,59,1,62,11,30,87,1,129,82,0,82,211
05/12/2021,BIS,ND,AGL,CE,Combined TRACON& Tower with Radar,11,30,18,3,62,0,0,15,2,17,11,30,33,5,79,32,12,44,123
05/13/2021,BIS,ND,AGL,CE,Combined TRACON& Tower with Radar,14,33,33,2,82,0,1,22,7,30,14,34,55,9,112,23,0,23,135
05/14/2021,BIS,ND,AGL,CE,Combined TRACON& Tower with Radar,13,25,12,0,50,0,1,23,4,28,13,26,35,4,78,27,0,27,105
05/15/2021,BIS,ND,AGL,CE,Combined TRACON& Tower with Radar,11,18,8,0,37,0,0,20,1,21,11,18,28,1,58,0,0,0,58
05/16/2021,BIS,ND,AGL,CE,Combined TRACON& Tower with Radar,15,14,8,0,37,0,4,11,1,16,15,18,19,1,53,4,1,5,58
05/17/2021,BIS,ND,AGL,CE,Combined TRACON& Tower with Radar,12,16,19,1,48,0,6,29,4,39,12,22,48,5,87,0,0,0,87
05/18/2021,BIS,ND,AGL,CE,Combined TRACON& Tower with Radar,12,25,28,0,65,0,3,2,0,5,12,28,30,0,70,2,0,2,72
05/19/2021,BIS,ND,AGL,CE,Combined TRACON& Tower with Radar,12,21,29,0,62,0,2,20,3,25,12,23,49,3,87,56,0,56,143
05/20/2021,BIS,ND,AGL,CE,Combined TRACON& Tower with Radar,16,31,23,0,70,0,10,13,3,26,16,41,36,3,96,92,0,92,188
05/21/2021,BIS,ND,AGL,CE,Combined TRACON& Tower with Radar,12,24,27,1,64,0,1,2,0,3,12,25,29,1,67,8,0,8,75
05/22/2021,BIS,ND,AGL,CE,Combined TRACON& Tower with Radar,11,16,22,0,49,0,4,2,1,7,11,20,24,1,56,0,0,0,56
05/23/2021,BIS,ND,AGL,CE,Combined TRACON& Tower with Radar,16,17,24,0,57,0,2,0,0,2,16,19,24,0,59,0,0,0,59
05/24/2021,BIS,ND,AGL,CE,Combined TRACON& Tower with Radar,12,22,15,2,51,0,4,34,1,39,12,26,49,3,90,16,0,16,106
05/25/2021,BIS,ND,AGL,CE,Combined TRACON& Tower with Radar,13,28,21,2,64,0,0,1,5,6,13,28,22,7,70,16,0,16,86
05/26/2021,BIS,ND,AGL,CE,Combined TRACON& Tower with Radar,16,25,32,2,75,0,0,26,1,27,16,25,58,3,102,71,0,71,173
05/27/2021,BIS,ND,AGL,CE,Combined TRACON& Tower with Radar,14,23,22,0,59,0,0,7,0,7,14,23,29,0,66,12,0,12,78
05/28/2021,BIS,ND,AGL,CE,Combined TRACON& Tower with Radar,11,29,22,0,62,0,0,15,0,15,11,29,37,0,77,0,0,0,77
05/29/2021,BIS,ND,AGL,CE,Combined TRACON& Tower with Radar,14,21,25,0,60,0,3,10,0,13,14,24,35,0,73,0,0,0,73
05/30/2021,BIS,ND,AGL,CE,Combined TRACON& Tower with Radar,14,7,7,0,28,0,2,5,0,7,14,9,12,0,35,0,0,0,35
05/31/2021,BIS,ND,AGL,CE,Combined TRACON& Tower with Radar,10,11,12,0,33,0,2,42,8,52,10,13,54,8,85,8,0,8,93
06/01/2021,BIS,ND,AGL,CE,Combined TRACON& Tower with Radar,14,18,19,6,57,0,2,31,0,33,14,20,50,6,90,0,0,0,90
06/02/2021,BIS,ND,AGL,CE,Combined TRACON& Tower with Radar,18,28,36,2,84,0,2,53,2,57,18,30,89,4,141,22,0,22,163
06/03/2021,BIS,ND,AGL,CE,Combined TRACON& Tower with Radar,14,26,26,2,68,0,1,31,2,34,14,27,57,4,102,0,26,26,128
06/04/2021,BIS,ND,AGL,CE,Combined TRACON& Tower with Radar,12,29,13,2,56,0,3,25,4,32,12,32,38,6,88,0,0,0,88
06/05/2021,BIS,ND,AGL,CE,Combined TRACON& Tower with Radar,6,28,4,0,38,0,4,21,3,28,6,32,25,3,66,0,0,0,66
06/06/2021,BIS,ND,AGL,CE,Combined TRACON& Tower with Radar,13,14,7,0,34,0,1,19,0,20,13,15,26,0,54,0,0,0,54
06/07/2021,BIS,ND,AGL,CE,Combined TRACON& Tower with Radar,5,28,18,1,52,0,1,30,6,37,5,29,48,7,89,10,0,10,99
06/08/2021,BIS,ND,AGL,CE,Combined TRACON& Tower with Radar,9,28,20,2,59,0,0,3,2,5,9,28,23,4,64,2,0,2,66
06/09/2021,BIS,ND,AGL,CE,Combined TRACON& Tower with Radar,9,32,23,1,65,0,0,30,7,37,9,32,53,8,102,44,56,100,202
06/10/2021,BIS,ND,AGL,CE,Combined TRACON& Tower with Radar,9,29,26,4,68,0,0,24,1,25,9,29,50,5,93,0,0,0,93
06/11/2021,BIS,ND,AGL,CE,Combined TRACON& Tower with Radar,9,32,12,1,54,0,0,6,0,6,9,32,18,1,60,0,0,0,60
06/12/2021,BIS,ND,AGL,CE,Combined TRACON& Tower with Radar,9,26,10,1,46,0,1,36,8,45,9,27,46,9,91,32,4,36,127
06/13/2021,BIS,ND,AGL,CE,Combined TRACON& Tower with Radar,11,16,7,0,34,0,1,54,5,60,11,17,61,5,94,10,0,10,104
06/14/2021,BIS,ND,AGL,CE,Combined TRACON& Tower with Radar,7,29,17,4,57,0,1,49,0,50,7,30,66,4,107,14,0,14,121
06/15/2021,BIS,ND,AGL,CE,Combined TRACON& Tower with Radar,7,31,36,3,77,0,0,24,3,27,7,31,60,6,104,0,0,0,104
06/16/2021,BIS,ND,AGL,CE,Combined TRACON& Tower with Radar,9,32,35,2,78,0,0,23,15,38,9,32,58,17,116,12,8,20,136
06/17/2021,BIS,ND,AGL,CE,Combined TRACON& Tower with Radar,9,31,17,2,59,0,1,41,2,44,9,32,58,4,103,20,0,20,123
06/18/2021,BIS,ND,AGL,CE,Combined TRACON& Tower with Radar,7,27,10,4,48,0,0,18,0,18,7,27,28,4,66,19,0,19,85
06/19/2021,BIS,ND,AGL,CE,Combined TRACON& Tower with Radar,7,26,14,0,47,0,1,32,0,33,7,27,46,0,80,17,0,17,97
06/20/2021,BIS,ND,AGL,CE,Combined TRACON& Tower with Radar,9,20,17,1,47,0,0,12,0,12,9,20,29,1,59,10,0,10,69
06/21/2021,BIS,ND,AGL,CE,Combined TRACON& Tower with Radar,7,19,21,2,49,0,2,17,2,21,7,21,38,4,70,8,1,9,79
06/22/2021,BIS,ND,AGL,CE,Combined TRACON& Tower with Radar,9,28,32,0,69,0,2,32,0,34,9,30,64,0,103,16,0,16,119
06/23/2021,BIS,ND,AGL,CE,Combined TRACON& Tower with Radar,9,29,23,2,63,0,1,34,4,39,9,30,57,6,102,36,0,36,138
06/24/2021,BIS,ND,AGL,CE,Combined TRACON& Tower with Radar,9,29,29,1,68,0,1,13,5,19,9,30,42,6,87,0,0,0,87
06/25/2021,BIS,ND,AGL,CE,Combined TRACON& Tower with Radar,7,36,24,0,67,0,1,7,1,9,7,37,31,1,76,46,0,46,122
06/26/2021,BIS,ND,AGL,CE,Combined TRACON& Tower with Radar,6,29,5,0,40,0,1,10,0,11,6,30,15,0,51,6,0,6,57
06/27/2021,BIS,ND,AGL,CE,Combined TRACON& Tower with Radar,10,18,16,0,44,0,0,4,0,4,10,18,20,0,48,0,0,0,48
06/28/2021,BIS,ND,AGL,CE,Combined TRACON& Tower with Radar,5,28,21,2,56,0,10,29,0,39,5,38,50,2,95,35,0,35,130
06/29/2021,BIS,ND,AGL,CE,Combined TRACON& Tower with Radar,9,31,26,3,69,0,1,37,7,45,9,32,63,10,114,20,0,20,134
06/30/2021,BIS,ND,AGL,CE,Combined TRACON& Tower with Radar,9,33,33,0,75,0,6,32,8,46,9,39,65,8,121,30,0,30,151
07/01/2021,BIS,ND,AGL,CE,Combined TRACON& Tower with Radar,11,32,39,4,86,17,0,17,3,37,28,32,56,7,123,48,0,48,171
07/02/2021,BIS,ND,AGL,CE,Combined TRACON& Tower with Radar,6,32,17,2,57,0,0,16,0,16,6,32,33,2,73,0,0,0,73
07/03/2021,BIS,ND,AGL,CE,Combined TRACON& Tower with Radar,6,32,2,0,40,0,2,13,0,15,6,34,15,0,55,20,0,20,75
07/04/2021,BIS,ND,AGL,CE,Combined TRACON& Tower with Radar,9,17,4,0,30,0,0,5,0,5,9,17,9,0,35,12,0,12,47
07/05/2021,BIS,ND,AGL,CE,Combined TRACON& Tower with Radar,5,26,9,14,54,0,0,16,0,16,5,26,25,14,70,26,8,34,104
07/06/2021,BIS,ND,AGL,CE,Combined TRACON& Tower with Radar,9,32,27,0,68,0,0,15,0,15,9,32,42,0,83,0,0,0,83
07/07/2021,BIS,ND,AGL,CE,Combined TRACON& Tower with Radar,10,27,39,4,80,0,2,17,6,25,10,29,56,10,105,38,0,38,143
07/08/2021,BIS,ND,AGL,CE,Combined TRACON& Tower with Radar,8,27,26,1,62,0,0,16,0,16,8,27,42,1,78,52,0,52,130
07/09/2021,BIS,ND,AGL,CE,Combined TRACON& Tower with Radar,8,22,18,0,48,0,0,11,0,11,8,22,29,0,59,0,0,0,59
07/10/2021,BIS,ND,AGL,CE,Combined TRACON& Tower with Radar,7,37,13,10,67,0,9,20,0,29,7,46,33,10,96,54,0,54,150
07/11/2021,BIS,ND,AGL,CE,Combined TRACON& Tower with Radar,9,20,8,0,37,0,1,39,0,40,9,21,47,0,77,12,0,12,89
07/12/2021,BIS,ND,AGL,CE,Combined TRACON& Tower with Radar,7,25,19,2,53,0,4,25,0,29,7,29,44,2,82,15,0,15,97
07/13/2021,BIS,ND,AGL,CE,Combined TRACON& Tower with Radar,8,35,26,1,70,0,6,25,4,35,8,41,51,5,105,36,0,36,141
07/14/2021,BIS,ND,AGL,CE,Combined TRACON& Tower with Radar,11,26,26,4,67,0,2,16,4,22,11,28,42,8,89,16,0,16,105
07/15/2021,BIS,ND,AGL,CE,Combined TRACON& Tower with Radar,9,26,19,2,56,0,1,16,2,19,9,27,35,4,75,12,0,12,87
07/16/2021,BIS,ND,AGL,CE,Combined TRACON& Tower with Radar,7,26,23,0,56,0,1,7,0,8,7,27,30,0,64,0,0,0,64
07/17/2021,BIS,ND,AGL,CE,Combined TRACON& Tower with Radar,8,31,10,0,49,0,0,17,0,17,8,31,27,0,66,34,0,34,100
07/18/2021,BIS,ND,AGL,CE,Combined TRACON& Tower with Radar,6,17,13,1,37,0,0,18,0,18,6,17,31,1,55,55,0,55,110
07/19/2021,BIS,ND,AGL,CE,Combined TRACON& Tower with Radar,4,27,19,3,53,0,3,26,2,31,4,30,45,5,84,0,0,0,84
07/20/2021,BIS,ND,AGL,CE,Combined TRACON& Tower with Radar,9,37,30,0,76,0,2,16,4,22,9,39,46,4,98,0,12,12,110
07/21/2021,BIS,ND,AGL,CE,Combined TRACON& Tower with Radar,10,36,43,3,92,0,0,13,10,23,10,36,56,13,115,70,2,72,187
07/22/2021,BIS,ND,AGL,CE,Combined TRACON& Tower with Radar,9,35,33,5,82,0,0,16,0,16,9,35,49,5,98,6,0,6,104
07/23/2021,BIS,ND,AGL,CE,Combined TRACON& Tower with Radar,4,24,18,4,50,0,2,28,4,34,4,26,46,8,84,37,0,37,121
07/24/2021,BIS,ND,AGL,CE,Combined TRACON& Tower with Radar,8,29,14,0,51,0,2,18,0,20,8,31,32,0,71,0,0,0,71
07/25/2021,BIS,ND,AGL,CE,Combined TRACON& Tower with Radar,11,17,11,0,39,0,7,18,0,25,11,24,29,0,64,34,0,34,98
07/26/2021,BIS,ND,AGL,CE,Combined TRACON& Tower with Radar,7,21,26,3,57,0,2,19,8,29,7,23,45,11,86,12,0,12,98
07/27/2021,BIS,ND,AGL,CE,Combined TRACON& Tower with Radar,8,34,21,6,69,0,3,29,2,34,8,37,50,8,103,12,0,12,115
07/28/2021,BIS,ND,AGL,CE,Combined TRACON& Tower with Radar,8,31,36,1,76,0,3,27,6,36,8,34,63,7,112,22,4,26,138
07/29/2021,BIS,ND,AGL,CE,Combined TRACON& Tower with Radar,9,27,22,2,60,0,0,29,7,36,9,27,51,9,96,27,0,27,123
07/30/2021,BIS,ND,AGL,CE,Combined TRACON& Tower with Radar,6,27,34,3,70,0,0,4,1,5,6,27,38,4,75,12,0,12,87
07/31/2021,BIS,ND,AGL,CE,Combined TRACON& Tower with Radar,8,28,16,0,52,0,0,25,0,25,8,28,41,0,77,12,0,12,89
08/01/2021,BIS,ND,AGL,CE,Combined TRACON& Tower with Radar,10,16,24,0,50,0,4,33,0,37,10,20,57,0,87,0,0,0,87
08/02/2021,BIS,ND,AGL,CE,Combined TRACON& Tower with Radar,7,28,31,0,66,0,3,10,0,13,7,31,41,0,79,0,0,0,79
08/03/2021,BIS,ND,AGL,CE,Combined TRACON& Tower with Radar,7,31,34,3,75,0,0,24,3,27,7,31,58,6,102,16,9,25,127
08/04/2021,BIS,ND,AGL,CE,Combined TRACON& Tower with Radar,9,31,28,4,72,0,0,18,3,21,9,31,46,7,93,10,0,10,103
08/05/2021,BIS,ND,AGL,CE,Combined TRACON& Tower with Radar,8,30,50,3,91,0,2,22,3,27,8,32,72,6,118,30,8,38,156
08/06/2021,BIS,ND,AGL,CE,Combined TRACON& Tower with Radar,4,28,29,2,63,0,3,21,0,24,4,31,50,2,87,12,0,12,99
08/07/2021,BIS,ND,AGL,CE,Combined TRACON& Tower with Radar,7,40,6,0,53,0,0,10,0,10,7,40,16,0,63,14,0,14,77
08/08/2021,BIS,ND,AGL,CE,Combined TRACON& Tower with Radar,10,21,16,0,47,0,2,17,0,19,10,23,33,0,66,0,0,0,66
08/09/2021,BIS,ND,AGL,CE,Combined TRACON& Tower with Radar,8,25,29,2,64,0,0,5,3,8,8,25,34,5,72,6,2,8,80
08/10/2021,BIS,ND,AGL,CE,Combined TRACON& Tower with Radar,6,31,26,0,63,0,0,29,1,30,6,31,55,1,93,0,0,0,93
08/11/2021,BIS,ND,AGL,CE,Combined TRACON& Tower with Radar,6,32,26,0,64,0,2,20,4,26,6,34,46,4,90,22,11,33,123
08/12/2021,BIS,ND,AGL,CE,Combined TRACON& Tower with Radar,8,39,31,2,80,0,3,19,4,26,8,42,50,6,106,0,0,0,106
08/13/2021,BIS,ND,AGL,CE,Combined TRACON& Tower with Radar,6,27,10,2,45,0,2,27,2,31,6,29,37,4,76,18,0,18,94
08/14/2021,BIS,ND,AGL,CE,Combined TRACON& Tower with Radar,7,34,9,0,50,0,1,16,0,17,7,35,25,0,67,0,0,0,67
08/15/2021,BIS,ND,AGL,CE,Combined TRACON& Tower with Radar,8,16,13,0,37,0,3,15,0,18,8,19,28,0,55,6,0,6,61
08/16/2021,BIS,ND,AGL,CE,Combined TRACON& Tower with Radar,8,28,37,0,73,0,0,12,0,12,8,28,49,0,85,2,0,2,87
08/17/2021,BIS,ND,AGL,CE,Combined TRACON& Tower with Radar,7,33,19,2,61,0,0,18,0,18,7,33,37,2,79,24,0,24,103
08/18/2021,BIS,ND,AGL,CE,Combined TRACON& Tower with Radar,4,37,36,3,80,0,3,14,7,24,4,40,50,10,104,15,0,15,119
08/19/2021,BIS,ND,AGL,CE,Combined TRACON& Tower with Radar,8,26,20,0,54,0,0,12,3,15,8,26,32,3,69,32,0,32,101
08/20/2021,BIS,ND,AGL,CE,Combined TRACON& Tower with Radar,7,27,23,2,59,0,0,1,0,1,7,27,24,2,60,0,0,0,60
08/21/2021,BIS,ND,AGL,CE,Combined TRACON& Tower with Radar,5,31,8,0,44,0,1,23,2,26,5,32,31,2,70,29,0,29,99
08/22/2021,BIS,ND,AGL,CE,Combined TRACON& Tower with Radar,9,19,10,0,38,0,0,5,0,5,9,19,15,0,43,0,0,0,43
08/23/2021,BIS,ND,AGL,CE,Combined TRACON& Tower with Radar,7,28,14,2,51,0,2,44,2,48,7,30,58,4,99,50,0,50,149
08/24/2021,BIS,ND,AGL,CE,Combined TRACON& Tower with Radar,5,35,23,6,69,0,2,14,6,22,5,37,37,12,91,6,0,6,97
08/25/2021,BIS,ND,AGL,CE,Combined TRACON& Tower with Radar,5,33,31,5,74,0,2,23,8,33,5,35,54,13,107,2,0,2,109
08/26/2021,BIS,ND,AGL,CE,Combined TRACON& Tower with Radar,8,31,35,4,78,0,0,2,2,4,8,31,37,6,82,8,6,14,96
08/27/2021,BIS,ND,AGL,CE,Combined TRACON& Tower with Radar,7,35,17,1,60,0,0,1,2,3,7,35,18,3,63,4,0,4,67
08/28/2021,BIS,ND,AGL,CE,Combined TRACON& Tower with Radar,5,30,14,0,49,0,0,27,5,32,5,30,41,5,81,18,0,18,99
08/29/2021,BIS,ND,AGL,CE,Combined TRACON& Tower with Radar,8,21,22,0,51,0,0,22,0,22,8,21,44,0,73,26,0,26,99
08/30/2021,BIS,ND,AGL,CE,Combined TRACON& Tower with Radar,9,23,19,3,54,0,2,20,7,29,9,25,39,10,83,24,8,32,115
08/31/2021,BIS,ND,AGL,CE,Combined TRACON& Tower with Radar,7,46,29,4,86,0,1,27,6,34,7,47,56,10,120,30,0,30,150
09/01/2021,BIS,ND,AGL,CE,Combined TRACON& Tower with Radar,5,36,36,4,81,0,0,10,4,14,5,36,46,8,95,57,2,59,154
09/02/2021,BIS,ND,AGL,CE,Combined TRACON& Tower with Radar,9,35,35,4,83,0,2,0,0,2,9,37,35,4,85,0,0,0,85
09/03/2021,BIS,ND,AGL,CE,Combined TRACON& Tower with Radar,7,31,27,2,67,0,3,19,0,22,7,34,46,2,89,53,6,59,148
09/04/2021,BIS,ND,AGL,CE,Combined TRACON& Tower with Radar,6,29,13,0,48,0,3,25,0,28,6,32,38,0,76,0,0,0,76
09/05/2021,BIS,ND,AGL,CE,Combined TRACON& Tower with Radar,8,18,4,0,30,0,3,16,0,19,8,21,20,0,49,0,0,0,49
09/06/2021,BIS,ND,AGL,CE,Combined TRACON& Tower with Radar,7,21,18,0,46,0,3,10,0,13,7,24,28,0,59,8,0,8,67
09/07/2021,BIS,ND,AGL,CE,Combined TRACON& Tower with Radar,7,27,26,1,61,0,2,21,3,26,7,29,47,4,87,57,0,57,144
09/08/2021,BIS,ND,AGL,CE,Combined TRACON& Tower with Radar,5,37,27,5,74,0,7,33,14,54,5,44,60,19,128,15,2,17,145
09/09/2021,BIS,ND,AGL,CE,Combined TRACON& Tower with Radar,9,32,42,3,86,0,2,19,6,27,9,34,61,9,113,4,0,4,117
09/10/2021,BIS,ND,AGL,CE,Combined TRACON& Tower with Radar,6,29,14,2,51,0,3,16,11,30,6,32,30,13,81,0,4,4,85
09/11/2021,BIS,ND,AGL,CE,Combined TRACON& Tower with Radar,5,34,19,1,59,0,8,14,7,29,5,42,33,8,88,10,0,10,98
09/12/2021,BIS,ND,AGL,CE,Combined TRACON& Tower with Radar,10,23,23,2,58,0,1,101,3,105,10,24,124,5,163,12,0,12,175
09/13/2021,BIS,ND,AGL,CE,Combined TRACON& Tower with Radar,10,27,15,0,52,0,0,1,0,1,10,27,16,0,53,0,0,0,53
09/14/2021,BIS,ND,AGL,CE,Combined TRACON& Tower with Radar,7,33,25,4,69,0,0,25,2,27,7,33,50,6,96,20,0,20,116
09/15/2021,BIS,ND,AGL,CE,Combined TRACON& Tower with Radar,7,39,31,1,78,0,0,21,4,25,7,39,52,5,103,6,8,14,117
09/16/2021,BIS,ND,AGL,CE,Combined TRACON& Tower with Radar,12,39,19,2,72,0,0,32,0,32,12,39,51,2,104,18,0,18,122
09/17/2021,BIS,ND,AGL,CE,Combined TRACON& Tower with Radar,8,32,27,0,67,0,1,32,0,33,8,33,59,0,100,44,0,44,144
09/18/2021,BIS,ND,AGL,CE,Combined TRACON& Tower with Radar,8,23,5,0,36,0,0,15,0,15,8,23,20,0,51,0,0,0,51
09/19/2021,BIS,ND,AGL,CE,Combined TRACON& Tower with Radar,10,20,16,0,46,0,2,14,0,16,10,22,30,0,62,4,0,4,66
09/20/2021,BIS,ND,AGL,CE,Combined TRACON& Tower with Radar,8,27,26,1,62,0,0,11,0,11,8,27,37,1,73,6,0,6,79
09/21/2021,BIS,ND,AGL,CE,Combined TRACON& Tower with Radar,7,28,36,0,71,0,0,47,6,53,7,28,83,6,124,41,0,41,165
09/22/2021,BIS,ND,AGL,CE,Combined TRACON& Tower with Radar,7,33,31,5,76,0,6,53,9,68,7,39,84,14,144,48,0,48,192
09/23/2021,BIS,ND,AGL,CE,Combined TRACON& Tower with Radar,11,32,19,1,63,0,1,22,3,26,11,33,41,4,89,16,0,16,105
09/24/2021,BIS,ND,AGL,CE,Combined TRACON& Tower with Radar,9,30,30,4,73,0,0,22,0,22,9,30,52,4,95,8,0,8,103
09/25/2021,BIS,ND,AGL,CE,Combined TRACON& Tower with Radar,9,27,17,0,53,0,3,37,0,40,9,30,54,0,93,1,0,1,94
09/26/2021,BIS,ND,AGL,CE,Combined TRACON& Tower with Radar,11,23,14,0,48,0,2,24,0,26,11,25,38,0,74,28,0,28,102
09/27/2021,BIS,ND,AGL,CE,Combined TRACON& Tower with Radar,9,24,26,0,59,0,2,10,0,12,9,26,36,0,71,8,0,8,79
09/28/2021,BIS,ND,AGL,CE,Combined TRACON& Tower with Radar,4,36,21,0,61,0,2,21,3,26,4,38,42,3,87,0,0,0,87
09/29/2021,BIS,ND,AGL,CE,Combined TRACON& Tower with Radar,6,34,35,2,77,0,2,17,0,19,6,36,52,2,96,10,0,10,106
09/30/2021,BIS,ND,AGL,CE,Combined TRACON& Tower with Radar,11,36,29,0,76,0,4,35,1,40,11,40,64,1,116,0,0,0,116
10/01/2021,BIS,ND,AGL,CE,Combined TRACON& Tower with Radar,9,26,29,1,65,0,0,24,1,25,9,26,53,2,90,0,0,0,90
10/02/2021,BIS,ND,AGL,CE,Combined TRACON& Tower with Radar,9,25,9,2,45,0,0,22,0,22,9,25,31,2,67,7,0,7,74
10/03/2021,BIS,ND,AGL,CE,Combined TRACON& Tower with Radar,11,16,22,0,49,0,1,9,0,10,11,17,31,0,59,6,0,6,65
10/04/2021,BIS,ND,AGL,CE,Combined TRACON& Tower with Radar,11,18,14,3,46,0,2,14,1,17,11,20,28,4,63,10,0,10,73
10/05/2021,BIS,ND,AGL,CE,Combined TRACON& Tower with Radar,8,23,18,2,51,0,4,24,0,28,8,27,42,2,79,4,0,4,83
10/06/2021,BIS,ND,AGL,CE,Combined TRACON& Tower with Radar,11,25,19,2,57,0,2,17,9,28,11,27,36,11,85,0,8,8,93
10/07/2021,BIS,ND,AGL,CE,Combined TRACON& Tower with Radar,11,25,35,4,75,0,1,21,7,29,11,26,56,11,104,2,0,2,106
10/08/2021,BIS,ND,AGL,CE,Combined TRACON& Tower with Radar,13,25,23,0,61,0,2,12,4,18,13,27,35,4,79,12,0,12,91
10/09/2021,BIS,ND,AGL,CE,Combined TRACON& Tower with Radar,17,27,6,0,50,0,0,0,0,0,17,27,6,0,50,0,0,0,50
10/10/2021,BIS,ND,AGL,CE,Combined TRACON& Tower with Radar,11,13,8,0,32,0,1,10,0,11,11,14,18,0,43,12,0,12,55
10/11/2021,BIS,ND,AGL,CE,Combined TRACON& Tower with Radar,13,24,20,2,59,0,4,13,0,17,13,28,33,2,76,16,0,16,92
10/12/2021,BIS,ND,AGL,CE,Combined TRACON& Tower with Radar,8,27,12,6,53,0,1,16,3,20,8,28,28,9,73,0,0,0,73
10/13/2021,BIS,ND,AGL,CE,Combined TRACON& Tower with Radar,11,41,10,2,64,0,0,0,0,0,11,41,10,2,64,0,0,0,64
10/14/2021,BIS,ND,AGL,CE,Combined TRACON& Tower with Radar,9,31,37,3,80,0,3,1,5,9,9,34,38,8,89,0,0,0,89
10/15/2021,BIS,ND,AGL,CE,Combined TRACON& Tower with Radar,13,24,20,0,57,0,0,14,2,16,13,24,34,2,73,16,0,16,89
10/16/2021,BIS,ND,AGL,CE,Combined TRACON& Tower with Radar,13,22,11,4,50,0,2,34,0,36,13,24,45,4,86,0,0,0,86
10/17/2021,BIS,ND,AGL,CE,Combined TRACON& Tower with Radar,13,10,15,0,38,0,0,11,0,11,13,10,26,0,49,0,0,0,49
10/18/2021,BIS,ND,AGL,CE,Combined TRACON& Tower with Radar,11,18,28,0,57,0,2,13,10,25,11,20,41,10,82,16,0,16,98
10/19/2021,BIS,ND,AGL,CE,Combined TRACON& Tower with Radar,11,27,25,10,73,0,0,0,2,2,11,27,25,12,75,0,0,0,75
10/20/2021,BIS,ND,AGL,CE,Combined TRACON& Tower with Radar,11,34,31,3,79,2,3,17,19,41,13,37,48,22,120,4,56,60,180
10/21/2021,BIS,ND,AGL,CE,Combined TRACON& Tower with Radar,8,24,34,4,70,0,4,16,4,24,8,28,50,8,94,8,0,8,102
10/22/2021,BIS,ND,AGL,CE,Combined TRACON& Tower with Radar,9,24,31,4,68,0,2,27,13,42,9,26,58,17,110,30,0,30,140
10/23/2021,BIS,ND,AGL,CE,Combined TRACON& Tower with Radar,13,24,11,1,49,0,2,17,8,27,13,26,28,9,76,44,0,44,120
10/24/2021,BIS,ND,AGL,CE,Combined TRACON& Tower with Radar,12,12,11,2,37,0,0,0,0,0,12,12,11,2,37,0,0,0,37
10/25/2021,BIS,ND,AGL,CE,Combined TRACON& Tower with Radar,9,21,28,1,59,0,0,5,0,5,9,21,33,1,64,8,0,8,72
10/26/2021,BIS,ND,AGL,CE,Combined TRACON& Tower with Radar,9,30,28,2,69,0,0,0,0,0,9,30,28,2,69,6,0,6,75
10/27/2021,BIS,ND,AGL,CE,Combined TRACON& Tower with Radar,12,26,29,4,71,0,2,33,8,43,12,28,62,12,114,10,0,10,124
10/28/2021,BIS,ND,AGL,CE,Combined TRACON& Tower with Radar,13,29,38,3,83,0,0,27,0,27,13,29,65,3,110,0,0,0,110
10/29/2021,BIS,ND,AGL,CE,Combined TRACON& Tower with Radar,12,25,25,0,62,0,1,29,4,34,12,26,54,4,96,44,0,44,140
10/30/2021,BIS,ND,AGL,CE,Combined TRACON& Tower with Radar,12,21,14,0,47,0,0,6,0,6,12,21,20,0,53,2,0,2,55
10/31/2021,BIS,ND,AGL,CE,Combined TRACON& Tower with Radar,11,15,17,0,43,0,1,24,0,25,11,16,41,0,68,0,0,0,68
11/01/2021,BIS,ND,AGL,CE,Combined TRACON& Tower with Radar,11,23,26,0,60,0,1,14,0,15,11,24,40,0,75,0,0,0,75
11/02/2021,BIS,ND,AGL,CE,Combined TRACON& Tower with Radar,8,30,26,2,66,0,2,25,5,32,8,32,51,7,98,30,0,30,128
11/03/2021,BIS,ND,AGL,CE,Combined TRACON& Tower with Radar,9,29,24,1,63,0,3,31,18,52,9,32,55,19,115,16,0,16,131
11/04/2021,BIS,ND,AGL,CE,Combined TRACON& Tower with Radar,8,36,23,6,73,0,4,40,1,45,8,40,63,7,118,12,0,12,130
11/05/2021,BIS,ND,AGL,CE,Combined TRACON& Tower with Radar,9,22,25,2,58,0,2,15,2,19,9,24,40,4,77,0,0,0,77
11/06/2021,BIS,ND,AGL,CE,Combined TRACON& Tower with Radar,9,28,15,0,52,0,4,17,1,22,9,32,32,1,74,16,0,16,90
11/07/2021,BIS,ND,AGL,CE,Combined TRACON& Tower with Radar,10,13,13,0,36,0,2,33,0,35,10,15,46,0,71,0,0,0,71
11/08/2021,BIS,ND,AGL,CE,Combined TRACON& Tower with Radar,9,17,33,3,62,0,0,30,3,33,9,17,63,6,95,0,0,0,95
11/09/2021,BIS,ND,AGL,CE,Combined TRACON& Tower with Radar,10,32,35,6,83,0,0,9,13,22,10,32,44,19,105,0,0,0,105
11/10/2021,BIS,ND,AGL,CE,Combined TRACON& Tower with Radar,10,26,25,2,63,0,2,6,1,9,10,28,31,3,72,22,0,22,94
11/11/2021,BIS,ND,AGL,CE,Combined TRACON& Tower with Radar,12,25,28,0,65,0,0,0,0,0,12,25,28,0,65,0,0,0,65
11/12/2021,BIS,ND,AGL,CE,Combined TRACON& Tower with Radar,10,24,28,0,62,0,0,2,0,2,10,24,30,0,64,0,0,0,64
11/13/2021,BIS,ND,AGL,CE,Combined TRACON& Tower with Radar,12,14,1,0,27,0,0,24,0,24,12,14,25,0,51,4,0,4,55
11/14/2021,BIS,ND,AGL,CE,Combined TRACON& Tower with Radar,10,13,19,0,42,0,1,9,0,10,10,14,28,0,52,20,0,20,72
11/15/2021,BIS,ND,AGL,CE,Combined TRACON& Tower with Radar,10,20,26,4,60,0,0,13,0,13,10,20,39,4,73,8,0,8,81
11/16/2021,BIS,ND,AGL,CE,Combined TRACON& Tower with Radar,8,29,39,0,76,0,2,2,2,6,8,31,41,2,82,0,0,0,82
11/17/2021,BIS,ND,AGL,CE,Combined TRACON& Tower with Radar,14,22,32,0,68,0,1,3,0,4,14,23,35,0,72,1,0,1,73
11/18/2021,BIS,ND,AGL,CE,Combined TRACON& Tower with Radar,12,28,27,1,68,0,2,33,2,37,12,30,60,3,105,12,0,12,117
11/19/2021,BIS,ND,AGL,CE,Combined TRACON& Tower with Radar,12,21,27,1,61,0,3,51,5,59,12,24,78,6,120,60,0,60,180
11/20/2021,BIS,ND,AGL,CE,Combined TRACON& Tower with Radar,13,22,20,0,55,0,5,31,4,40,13,27,51,4,95,37,0,37,132
11/21/2021,BIS,ND,AGL,CE,Combined TRACON& Tower with Radar,10,14,13,0,37,0,6,11,0,17,10,20,24,0,54,4,0,4,58
11/22/2021,BIS,ND,AGL,CE,Combined TRACON& Tower with Radar,12,19,25,5,61,0,0,18,0,18,12,19,43,5,79,7,0,7,86
11/23/2021,BIS,ND,AGL,CE,Combined TRACON& Tower with Radar,16,27,38,6,87,0,2,16,39,57,16,29,54,45,144,14,58,72,216
11/24/2021,BIS,ND,AGL,CE,Combined TRACON& Tower with Radar,13,28,21,2,64,0,0,3,0,3,13,28,24,2,67,0,0,0,67
11/25/2021,BIS,ND,AGL,CE,Combined TRACON& Tower with Radar,7,7,5,0,19,0,0,1,0,1,7,7,6,0,20,12,0,12,32
11/26/2021,BIS,ND,AGL,CE,Combined TRACON& Tower with Radar,12,20,11,1,44,0,1,29,4,34,12,21,40,5,78,14,0,14,92
11/27/2021,BIS,ND,AGL,CE,Combined TRACON& Tower with Radar,13,23,14,0,50,0,0,13,0,13,13,23,27,0,63,8,0,8,71
11/28/2021,BIS,ND,AGL,CE,Combined TRACON& Tower with Radar,14,11,15,0,40,0,1,13,0,14,14,12,28,0,54,7,0,7,61
11/29/2021,BIS,ND,AGL,CE,Combined TRACON& Tower with Radar,15,21,24,0,60,0,5,34,0,39,15,26,58,0,99,1,2,3,102
11/30/2021,BIS,ND,AGL,CE,Combined TRACON& Tower with Radar,9,20,17,3,49,0,5,37,6,48,9,25,54,9,97,14,4,18,115
12/01/2021,BIS,ND,AGL,CE,Combined TRACON& Tower with Radar,10,27,34,6,77,0,0,4,7,11,10,27,38,13,88,0,4,4,92
12/02/2021,BIS,ND,AGL,CE,Combined TRACON& Tower with Radar,10,24,22,2,58,0,0,24,5,29,10,24,46,7,87,40,0,40,127
12/03/2021,BIS,ND,AGL,CE,Combined TRACON& Tower with Radar,14,22,35,2,73,0,3,20,3,26,14,25,55,5,99,10,0,10,109
12/04/2021,BIS,ND,AGL,CE,Combined TRACON& Tower with Radar,12,20,6,0,38,0,0,2,1,3,12,20,8,1,41,6,0,6,47
12/05/2021,BIS,ND,AGL,CE,Combined TRACON& Tower with Radar,10,14,14,2,40,0,1,0,0,1,10,15,14,2,41,0,0,0,41
12/06/2021,BIS,ND,AGL,CE,Combined TRACON& Tower with Radar,14,22,32,22,90,0,0,6,2,8,14,22,38,24,98,4,0,4,102
12/07/2021,BIS,ND,AGL,CE,Combined TRACON& Tower with Radar,8,22,19,6,55,0,0,4,4,8,8,22,23,10,63,0,0,0,63
12/08/2021,BIS,ND,AGL,CE,Combined TRACON& Tower with Radar,10,28,36,1,75,0,1,19,21,41,10,29,55,22,116,25,12,37,153
12/09/2021,BIS,ND,AGL,CE,Combined TRACON& Tower with Radar,10,25,52,8,95,0,2,14,5,21,10,27,66,13,116,28,0,28,144
12/10/2021,BIS,ND,AGL,CE,Combined TRACON& Tower with Radar,16,18,26,6,66,0,1,46,1,48,16,19,72,7,114,48,0,48,162
12/11/2021,BIS,ND,AGL,CE,Combined TRACON& Tower with Radar,12,21,17,0,50,0,1,19,0,20,12,22,36,0,70,2,0,2,72
12/12/2021,BIS,ND,AGL,CE,Combined TRACON& Tower with Radar,11,8,12,2,33,0,3,20,0,23,11,11,32,2,56,28,0,28,84
12/13/2021,BIS,ND,AGL,CE,Combined TRACON& Tower with Radar,12,14,23,0,49,0,0,16,0,16,12,14,39,0,65,30,0,30,95
12/14/2021,BIS,ND,AGL,CE,Combined TRACON& Tower with Radar,8,30,29,5,72,0,5,30,5,40,8,35,59,10,112,47,2,49,161
12/15/2021,BIS,ND,AGL,CE,Combined TRACON& Tower with Radar,9,24,17,2,52,0,0,0,0,0,9,24,17,2,52,0,0,0,52
12/16/2021,BIS,ND,AGL,CE,Combined TRACON& Tower with Radar,12,29,32,3,76,0,2,18,20,40,12,31,50,23,116,33,5,38,154
12/17/2021,BIS,ND,AGL,CE,Combined TRACON& Tower with Radar,12,24,20,0,56,0,0,2,0,2,12,24,22,0,58,0,0,0,58
12/18/2021,BIS,ND,AGL,CE,Combined TRACON& Tower with Radar,15,21,20,0,56,0,1,21,0,22,15,22,41,0,78,31,0,31,109
12/19/2021,BIS,ND,AGL,CE,Combined TRACON& Tower with Radar,11,9,8,0,28,0,0,12,0,12,11,9,20,0,40,0,0,0,40
12/20/2021,BIS,ND,AGL,CE,Combined TRACON& Tower with Radar,13,17,22,0,52,0,1,21,0,22,13,18,43,0,74,12,0,12,86
12/21/2021,BIS,ND,AGL,CE,Combined TRACON& Tower with Radar,13,20,20,0,53,0,0,7,2,9,13,20,27,2,62,7,0,7,69
12/22/2021,BIS,ND,AGL,CE,Combined TRACON& Tower with Radar,13,24,32,2,71,0,0,31,21,52,13,24,63,23,123,26,2,28,151
12/23/2021,BIS,ND,AGL,CE,Combined TRACON& Tower with Radar,16,24,17,0,57,0,0,29,0,29,16,24,46,0,86,19,0,19,105
12/24/2021,BIS,ND,AGL,CE,Combined TRACON& Tower with Radar,8,18,3,0,29,0,0,3,0,3,8,18,6,0,32,0,0,0,32
12/25/2021,BIS,ND,AGL,CE,Combined TRACON& Tower with Radar,12,3,1,0,16,0,0,0,0,0,12,3,1,0,16,0,0,0,16
12/26/2021,BIS,ND,AGL,CE,Combined TRACON& Tower with Radar,9,12,5,0,26,0,0,0,0,0,9,12,5,0,26,0,0,0,26
12/27/2021,BIS,ND,AGL,CE,Combined TRACON& Tower with Radar,13,12,18,0,43,0,1,16,0,17,13,13,34,0,60,0,0,0,60
12/28/2021,BIS,ND,AGL,CE,Combined TRACON& Tower with Radar,10,24,13,0,47,0,0,10,2,12,10,24,23,2,59,2,0,2,61
12/29/2021,BIS,ND,AGL,CE,Combined TRACON& Tower with Radar,14,26,13,4,57,0,0,11,7,18,14,26,24,11,75,4,0,4,79
12/30/2021,BIS,ND,AGL,CE,Combined TRACON& Tower with Radar,11,21,8,0,40,0,4,9,0,13,11,25,17,0,53,0,0,0,53
12/31/2021,BIS,ND,AGL,CE,Combined TRACON& Tower with Radar,8,22,8,0,38,0,0,0,0,0,8,22,8,0,38,0,0,0,38
01/01/2022,BIS,ND,AGL,CE,Combined TRACON& Tower with Radar,12,9,4,0,25,0,2,1,0,3,12,11,5,0,28,0,0,0,28
01/02/2022,BIS,ND,AGL,CE,Combined TRACON& Tower with Radar,12,6,15,0,33,0,3,10,0,13,12,9,25,0,46,5,0,5,51
01/03/2022,BIS,ND,AGL,CE,Combined TRACON& Tower with Radar,9,14,13,0,36,0,1,16,6,23,9,15,29,6,59,6,0,6,65
01/04/2022,BIS,ND,AGL,CE,Combined TRACON& Tower with Radar,8,21,16,0,45,0,0,3,0,3,8,21,19,0,48,0,0,0,48
01/05/2022,BIS,ND,AGL,CE,Combined TRACON& Tower with Radar,6,14,17,0,37,0,1,9,0,10,6,15,26,0,47,0,0,0,47
01/06/2022,BIS,ND,AGL,CE,Combined TRACON& Tower with Radar,12,17,17,0,46,0,0,2,0,2,12,17,19,0,48,0,0,0,48
01/07/2022,BIS,ND,AGL,CE,Combined TRACON& Tower with Radar,11,25,17,0,53,0,0,2,3,5,11,25,19,3,58,2,0,2,60
01/08/2022,BIS,ND,AGL,CE,Combined TRACON& Tower with Radar,15,18,6,1,40,0,0,0,4,4,15,18,6,5,44,0,0,0,44
01/09/2022,BIS,ND,AGL,CE,Combined TRACON& Tower with Radar,11,6,7,2,26,0,1,9,2,12,11,7,16,4,38,0,0,0,38
01/10/2022,BIS,ND,AGL,CE,Combined TRACON& Tower with Radar,9,15,14,0,38,0,0,8,0,8,9,15,22,0,46,11,0,11,57
01/11/2022,BIS,ND,AGL,CE,Combined TRACON& Tower with Radar,7,17,17,0,41,0,2,5,5,12,7,19,22,5,53,0,0,0,53
01/12/2022,BIS,ND,AGL,CE,Combined TRACON& Tower with Radar,10,22,32,5,69,0,2,17,8,27,10,24,49,13,96,9,0,9,105
01/13/2022,BIS,ND,AGL,CE,Combined TRACON& Tower with Radar,10,22,24,4,60,0,0,2,0,2,10,22,26,4,62,0,0,0,62
01/14/2022,BIS,ND,AGL,CE,Combined TRACON& Tower with Radar,8,20,7,0,35,0,2,0,0,2,8,22,7,0,37,0,0,0,37
01/15/2022,BIS,ND,AGL,CE,Combined TRACON& Tower with Radar,9,13,6,0,28,0,0,8,0,8,9,13,14,0,36,4,0,4,40
01/16/2022,BIS,ND,AGL,CE,Combined TRACON& Tower with Radar,9,7,14,0,30,0,2,11,0,13,9,9,25,0,43,0,0,0,43
01/17/2022,BIS,ND,AGL,CE,Combined TRACON& Tower with Radar,10,16,16,0,42,0,6,24,0,30,10,22,40,0,72,0,0,0,72
01/18/2022,BIS,ND,AGL,CE,Combined TRACON& Tower with Radar,12,31,15,0,58,0,0,0,0,0,12,31,15,0,58,0,0,0,58
01/19/2022,BIS,ND,AGL,CE,Combined TRACON& Tower with Radar,11,19,16,0,46,0,0,11,0,11,11,19,27,0,57,12,0,12,69
01/20/2022,BIS,ND,AGL,CE,Combined TRACON& Tower with Radar,9,19,17,0,45,0,0,9,0,9,9,19,26,0,54,10,0,10,64
01/21/2022,BIS,ND,AGL,CE,Combined TRACON& Tower with Radar,8,20,13,6,47,0,0,3,0,3,8,20,16,6,50,8,0,8,58
01/22/2022,BIS,ND,AGL,CE,Combined TRACON& Tower with Radar,13,16,9,0,38,0,0,0,0,0,13,16,9,0,38,0,0,0,38
01/23/2022,BIS,ND,AGL,CE,Combined TRACON& Tower with Radar,9,12,5,0,26,0,0,3,0,3,9,12,8,0,29,2,0,2,31
01/24/2022,BIS,ND,AGL,CE,Combined TRACON& Tower with Radar,10,21,17,2,50,0,3,7,0,10,10,24,24,2,60,0,0,0,60
01/25/2022,BIS,ND,AGL,CE,Combined TRACON& Tower with Radar,8,22,30,0,60,0,0,13,0,13,8,22,43,0,73,0,0,0,73
01/26/2022,BIS,ND,AGL,CE,Combined TRACON& Tower with Radar,12,20,31,2,65,0,7,8,11,26,12,27,39,13,91,2,42,44,135
01/27/2022,BIS,ND,AGL,CE,Combined TRACON& Tower with Radar,13,21,31,2,67,0,4,6,0,10,13,25,37,2,77,0,0,0,77
01/28/2022,BIS,ND,AGL,CE,Combined TRACON& Tower with Radar,11,16,23,2,52,0,2,32,7,41,11,18,55,9,93,16,8,24,117
01/29/2022,BIS,ND,AGL,CE,Combined TRACON& Tower with Radar,14,15,3,0,32,0,2,9,0,11,14,17,12,0,43,0,0,0,43
01/30/2022,BIS,ND,AGL,CE,Combined TRACON& Tower with Radar,12,7,15,0,34,0,2,13,0,15,12,9,28,0,49,4,0,4,53
01/31/2022,BIS,ND,AGL,CE,Combined TRACON& Tower with Radar,10,18,16,5,49,0,1,2,0,3,10,19,18,5,52,0,0,0,52
02/01/2022,BIS,ND,AGL,CE,Combined TRACON& Tower with Radar,10,16,21,0,47,0,1,0,0,1,10,17,21,0,48,0,0,0,48
02/02/2022,BIS,ND,AGL,CE,Combined TRACON& Tower with Radar,10,24,26,4,64,0,3,9,11,23,10,27,35,15,87,20,1,21,108
02/03/2022,BIS,ND,AGL,CE,Combined TRACON& Tower with Radar,11,25,28,0,64,0,2,11,2,15,11,27,39,2,79,0,0,0,79
02/04/2022,BIS,ND,AGL,CE,Combined TRACON& Tower with Radar,14,20,19,3,56,0,0,14,3,17,14,20,33,6,73,12,0,12,85
02/05/2022,BIS,ND,AGL,CE,Combined TRACON& Tower with Radar,13,15,11,0,39,0,0,1,0,1,13,15,12,0,40,10,0,10,50
02/06/2022,BIS,ND,AGL,CE,Combined TRACON& Tower with Radar,10,10,27,2,49,0,2,16,0,18,10,12,43,2,67,36,0,36,103
02/07/2022,BIS,ND,AGL,CE,Combined TRACON& Tower with Radar,12,17,24,4,57,0,0,13,4,17,12,17,37,8,74,38,15,53,127
02/08/2022,BIS,ND,AGL,CE,Combined TRACON& Tower with Radar,10,24,18,3,55,0,1,1,0,2,10,25,19,3,57,0,0,0,57
02/09/2022,BIS,ND,AGL,CE,Combined TRACON& Tower with Radar,8,27,22,6,63,0,0,10,20,30,8,27,32,26,93,16,4,20,113
02/10/2022,BIS,ND,AGL,CE,Combined TRACON& Tower with Radar,11,20,14,0,45,0,2,7,0,9,11,22,21,0,54,0,0,0,54
02/11/2022,BIS,ND,AGL,CE,Combined TRACON& Tower with Radar,12,18,21,5,56,0,1,3,3,7,12,19,24,8,63,0,0,0,63
02/12/2022,BIS,ND,AGL,CE,Combined TRACON& Tower with Radar,13,18,14,0,45,0,2,9,0,11,13,20,23,0,56,0,0,0,56
02/13/2022,BIS,ND,AGL,CE,Combined TRACON& Tower with Radar,11,12,6,0,29,0,2,5,1,8,11,14,11,1,37,1,0,1,38
02/14/2022,BIS,ND,AGL,CE,Combined TRACON& Tower with Radar,10,16,22,6,54,0,2,10,0,12,10,18,32,6,66,30,0,30,96
02/15/2022,BIS,ND,AGL,CE,Combined TRACON& Tower with Radar,7,27,37,2,73,0,5,15,0,20,7,32,52,2,93,34,0,34,127
02/16/2022,BIS,ND,AGL,CE,Combined TRACON& Tower with Radar,11,26,33,14,84,0,0,10,11,21,11,26,43,25,105,14,3,17,122
02/17/2022,BIS,ND,AGL,CE,Combined TRACON& Tower with Radar,9,24,15,6,54,0,0,2,2,4,9,24,17,8,58,6,0,6,64
02/18/2022,BIS,ND,AGL,CE,Combined TRACON& Tower with Radar,12,25,16,0,53,0,0,0,0,0,12,25,16,0,53,0,0,0,53
02/19/2022,BIS,ND,AGL,CE,Combined TRACON& Tower with Radar,14,16,13,0,43,0,0,6,0,6,14,16,19,0,49,60,0,60,109
02/20/2022,BIS,ND,AGL,CE,Combined TRACON& Tower with Radar,12,7,16,0,35,0,0,1,0,1,12,7,17,0,36,0,0,0,36
02/21/2022,BIS,ND,AGL,CE,Combined TRACON& Tower with Radar,11,10,13,0,34,0,0,0,0,0,11,10,13,0,34,0,0,0,34
02/22/2022,BIS,ND,AGL,CE,Combined TRACON& Tower with Radar,8,21,29,2,60,0,1,4,0,5,8,22,33,2,65,0,0,0,65
02/23/2022,BIS,ND,AGL,CE,Combined TRACON& Tower with Radar,12,23,30,4,69,0,3,10,13,26,12,26,40,17,95,12,1,13,108
02/24/2022,BIS,ND,AGL,CE,Combined TRACON& Tower with Radar,10,22,18,6,56,0,0,13,4,17,10,22,31,10,73,13,1,14,87
02/25/2022,BIS,ND,AGL,CE,Combined TRACON& Tower with Radar,13,20,30,3,66,0,4,12,5,21,13,24,42,8,87,34,0,34,121
02/26/2022,BIS,ND,AGL,CE,Combined TRACON& Tower with Radar,11,16,15,0,42,0,1,14,0,15,11,17,29,0,57,57,0,57,114
02/27/2022,BIS,ND,AGL,CE,Combined TRACON& Tower with Radar,10,14,23,0,47,4,2,15,0,21,14,16,38,0,68,30,0,30,98
02/28/2022,BIS,ND,AGL,CE,Combined TRACON& Tower with Radar,10,20,15,2,47,0,10,13,4,27,10,30,28,6,74,4,0,4,78
03/01/2022,BIS,ND,AGL,CE,Combined TRACON& Tower with Radar,7,36,10,2,55,0,0,4,0,4,7,36,14,2,59,1,0,1,60
03/02/2022,BIS,ND,AGL,CE,Combined TRACON& Tower with Radar,12,26,18,3,59,0,0,1,5,6,12,26,19,8,65,3,24,27,92
03/03/2022,BIS,ND,AGL,CE,Combined TRACON& Tower with Radar,14,24,18,0,56,0,1,3,4,8,14,25,21,4,64,6,0,6,70
03/04/2022,BIS,ND,AGL,CE,Combined TRACON& Tower with Radar,12,20,6,2,40,0,0,6,7,13,12,20,12,9,53,14,2,16,69
03/05/2022,BIS,ND,AGL,CE,Combined TRACON& Tower with Radar,16,18,4,0,38,0,0,0,0,0,16,18,4,0,38,0,0,0,38
03/06/2022,BIS,ND,AGL,CE,Combined TRACON& Tower with Radar,10,13,6,0,29,0,0,10,0,10,10,13,16,0,39,6,0,6,45
03/07/2022,BIS,ND,AGL,CE,Combined TRACON& Tower with Radar,14,13,31,6,64,0,5,22,0,27,14,18,53,6,91,0,0,0,91
03/08/2022,BIS,ND,AGL,CE,Combined TRACON& Tower with Radar,7,20,29,4,60,0,0,3,4,7,7,20,32,8,67,0,6,6,73
03/09/2022,BIS,ND,AGL,CE,Combined TRACON& Tower with Radar,16,22,33,7,78,0,1,7,20,28,16,23,40,27,106,32,8,40,146
03/10/2022,BIS,ND,AGL,CE,Combined TRACON& Tower with Radar,14,28,10,2,54,0,2,9,0,11,14,30,19,2,65,0,11,11,76
03/11/2022,BIS,ND,AGL,CE,Combined TRACON& Tower with Radar,10,23,22,10,65,0,2,2,1,5,10,25,24,11,70,0,0,0,70
03/12/2022,BIS,ND,AGL,CE,Combined TRACON& Tower with Radar,15,14,11,0,40,0,2,14,0,16,15,16,25,0,56,56,0,56,112
03/13/2022,BIS,ND,AGL,CE,Combined TRACON& Tower with Radar,11,12,12,0,35,0,2,7,0,9,11,14,19,0,44,20,0,20,64
03/14/2022,BIS,ND,AGL,CE,Combined TRACON& Tower with Radar,15,16,22,0,53,0,0,7,0,7,15,16,29,0,60,16,0,16,76
03/15/2022,BIS,ND,AGL,CE,Combined TRACON& Tower with Radar,7,24,17,3,51,0,0,31,7,38,7,24,48,10,89,13,0,13,102
03/16/2022,BIS,ND,AGL,CE,Combined TRACON& Tower with Radar,14,22,21,7,64,0,2,18,21,41,14,24,39,28,105,24,0,24,129
03/17/2022,BIS,ND,AGL,CE,Combined TRACON& Tower with Radar,8,25,41,0,74,0,1,27,1,29,8,26,68,1,103,31,0,31,134
03/18/2022,BIS,ND,AGL,CE,Combined TRACON& Tower with Radar,15,20,22,0,57,0,3,37,2,42,15,23,59,2,99,4,0,4,103
03/19/2022,BIS,ND,AGL,CE,Combined TRACON& Tower with Radar,13,16,21,2,52,0,1,41,0,42,13,17,62,2,94,0,0,0,94
03/20/2022,BIS,ND,AGL,CE,Combined TRACON& Tower with Radar,9,13,14,0,36,0,1,24,0,25,9,14,38,0,61,14,0,14,75
03/21/2022,BIS,ND,AGL,CE,Combined TRACON& Tower with Radar,14,20,17,2,53,0,2,16,2,20,14,22,33,4,73,4,0,4,77
03/22/2022,BIS,ND,AGL,CE,Combined TRACON& Tower with Radar,6,21,28,5,60,0,7,10,2,19,6,28,38,7,79,0,0,0,79
03/23/2022,BIS,ND,AGL,CE,Combined TRACON& Tower with Radar,11,25,24,5,65,0,2,16,7,25,11,27,40,12,90,54,0,54,144
03/24/2022,BIS,ND,AGL,CE,Combined TRACON& Tower with Radar,9,25,44,3,81,0,4,26,5,35,9,29,70,8,116,6,0,6,122
03/25/2022,BIS,ND,AGL,CE,Combined TRACON& Tower with Radar,12,22,19,1,54,0,0,5,5,10,12,22,24,6,64,1,0,1,65
03/26/2022,BIS,ND,AGL,CE,Combined TRACON& Tower with Radar,13,15,24,0,52,0,3,26,0,29,13,18,50,0,81,16,0,16,97
03/27/2022,BIS,ND,AGL,CE,Combined TRACON& Tower with Radar,10,8,13,0,31,0,1,16,0,17,10,9,29,0,48,14,0,14,62
03/28/2022,BIS,ND,AGL,CE,Combined TRACON& Tower with Radar,14,17,19,1,51,0,0,14,6,20,14,17,33,7,71,2,6,8,79
03/29/2022,BIS,ND,AGL,CE,Combined TRACON& Tower with Radar,7,23,31,2,63,0,0,6,2,8,7,23,37,4,71,24,0,24,95
03/30/2022,BIS,ND,AGL,CE,Combined TRACON& Tower with Radar,14,16,12,0,42,0,0,3,24,27,14,16,15,24,69,6,8,14,83
03/31/2022,BIS,ND,AGL,CE,Combined TRACON& Tower with Radar,9,30,35,3,77,0,0,32,6,38,9,30,67,9,115,2,0,2,117
04/01/2022,BIS,ND,AGL,CE,Combined TRACON& Tower with Radar,13,21,32,1,67,0,2,21,2,25,13,23,53,3,92,26,8,34,126
04/02/2022,BIS,ND,AGL,CE,Combined TRACON& Tower with Radar,13,18,22,0,53,0,0,53,0,53,13,18,75,0,106,26,0,26,132
04/03/2022,BIS,ND,AGL,CE,Combined TRACON& Tower with Radar,10,12,8,0,30,0,0,1,0,1,10,12,9,0,31,0,0,0,31
04/04/2022,BIS,ND,AGL,CE,Combined TRACON& Tower with Radar,13,16,24,2,55,0,3,17,0,20,13,19,41,2,75,0,0,0,75
04/05/2022,BIS,ND,AGL,CE,Combined TRACON& Tower with Radar,6,23,42,2,73,0,0,11,3,14,6,23,53,5,87,8,0,8,95
04/06/2022,BIS,ND,AGL,CE,Combined TRACON& Tower with Radar,10,19,17,4,50,0,3,10,0,13,10,22,27,4,63,0,0,0,63
04/07/2022,BIS,ND,AGL,CE,Combined TRACON& Tower with Radar,12,27,19,4,62,0,0,9,2,11,12,27,28,6,73,7,0,7,80
04/08/2022,BIS,ND,AGL,CE,Combined TRACON& Tower with Radar,14,20,34,0,68,0,1,47,2,50,14,21,81,2,118,40,0,40,158
04/09/2022,BIS,ND,AGL,CE,Combined TRACON& Tower with Radar,13,20,8,0,41,0,4,16,0,20,13,24,24,0,61,20,0,20,81
04/10/2022,BIS,ND,AGL,CE,Combined TRACON& Tower with Radar,9,10,15,1,35,0,2,8,2,12,9,12,23,3,47,2,4,6,53
04/11/2022,BIS,ND,AGL,CE,Combined TRACON& Tower with Radar,15,21,23,2,61,0,4,27,2,33,15,25,50,4,94,4,0,4,98
04/12/2022,BIS,ND,AGL,CE,Combined TRACON& Tower with Radar,3,0,1,0,4,0,0,0,0,0,3,0,1,0,4,0,0,0,4
04/13/2022,BIS,ND,AGL,CE,Combined TRACON& Tower with Radar,0,1,0,0,1,0,0,0,0,0,0,1,0,0,1,0,0,0,1
04/14/2022,BIS,ND,AGL,CE,Combined TRACON& Tower with Radar,2,8,5,0,15,0,0,0,0,0,2,8,5,0,15,0,0,0,15
04/15/2022,BIS,ND,AGL,CE,Combined TRACON& Tower with Radar,13,21,14,0,48,0,0,1,0,1,13,21,15,0,49,0,0,0,49
04/16/2022,BIS,ND,AGL,CE,Combined TRACON& Tower with Radar,11,15,15,0,41,0,1,8,0,9,11,16,23,0,50,11,0,11,61
04/17/2022,BIS,ND,AGL,CE,Combined TRACON& Tower with Radar,11,8,2,0,21,0,0,0,0,0,11,8,2,0,21,0,0,0,21
04/18/2022,BIS,ND,AGL,CE,Combined TRACON& Tower with Radar,13,19,20,0,52,0,1,18,0,19,13,20,38,0,71,6,0,6,77
04/19/2022,BIS,ND,AGL,CE,Combined TRACON& Tower with Radar,14,23,39,4,80,0,1,10,1,12,14,24,49,5,92,2,0,2,94
04/20/2022,BIS,ND,AGL,CE,Combined TRACON& Tower with Radar,13,25,23,7,68,0,2,19,38,59,13,27,42,45,127,14,6,20,147
04/21/2022,BIS,ND,AGL,CE,Combined TRACON& Tower with Radar,11,33,46,13,103,0,2,14,0,16,11,35,60,13,119,4,0,4,123
04/22/2022,BIS,ND,AGL,CE,Combined TRACON& Tower with Radar,16,22,9,7,54,0,0,0,0,0,16,22,9,7,54,0,0,0,54
04/23/2022,BIS,ND,AGL,CE,Combined TRACON& Tower with Radar,15,5,4,0,24,0,0,0,0,0,15,5,4,0,24,0,0,0,24
04/24/2022,BIS,ND,AGL,CE,Combined TRACON& Tower with Radar,11,9,10,0,30,0,0,0,0,0,11,9,10,0,30,0,0,0,30
04/25/2022,BIS,ND,AGL,CE,Combined TRACON& Tower with Radar,12,17,23,6,58,0,10,23,1,34,12,27,46,7,92,0,0,0,92
04/26/2022,BIS,ND,AGL,CE,Combined TRACON& Tower with Radar,10,24,38,4,76,0,1,16,0,17,10,25,54,4,93,10,0,10,103
04/27/2022,BIS,ND,AGL,CE,Combined TRACON& Tower with Radar,13,23,29,8,73,0,3,32,14,49,13,26,61,22,122,0,4,4,126
04/28/2022,BIS,ND,AGL,CE,Combined TRACON& Tower with Radar,16,22,37,4,79,0,2,54,7,63,16,24,91,11,142,22,0,22,164
04/29/2022,BIS,ND,AGL,CE,Combined TRACON& Tower with Radar,13,27,15,2,57,0,0,0,0,0,13,27,15,2,57,0,0,0,57
04/30/2022,BIS,ND,AGL,CE,Combined TRACON& Tower with Radar,13,14,2,0,29,0,0,2,0,2,13,14,4,0,31,0,0,0,31
05/01/2022,BIS,ND,AGL,CE,Combined TRACON& Tower with Radar,13,12,11,2,38,0,0,2,1,3,13,12,13,3,41,0,0,0,41
05/02/2022,BIS,ND,AGL,CE,Combined TRACON& Tower with Radar,12,21,32,6,71,0,0,18,1,19,12,21,50,7,90,0,0,0,90
05/03/2022,BIS,ND,AGL,CE,Combined TRACON& Tower with Radar,11,27,30,2,70,0,3,21,5,29,11,30,51,7,99,6,0,6,105
05/04/2022,BIS,ND,AGL,CE,Combined TRACON& Tower with Radar,15,17,24,1,57,0,0,20,20,40,15,17,44,21,97,19,0,19,116
05/05/2022,BIS,ND,AGL,CE,Combined TRACON& Tower with Radar,15,22,34,10,81,0,0,46,1,47,15,22,80,11,128,17,0,17,145
05/06/2022,BIS,ND,AGL,CE,Combined TRACON& Tower with Radar,15,18,15,11,59,0,0,19,6,25,15,18,34,17,84,0,0,0,84
05/07/2022,BIS,ND,AGL,CE,Combined TRACON& Tower with Radar,10,17,10,2,39,0,3,8,0,11,10,20,18,2,50,0,0,0,50
05/08/2022,BIS,ND,AGL,CE,Combined TRACON& Tower with Radar,14,9,22,1,46,0,3,9,0,12,14,12,31,1,58,20,0,20,78
05/09/2022,BIS,ND,AGL,CE,Combined TRACON& Tower with Radar,14,14,33,2,63,0,0,1,0,1,14,14,34,2,64,6,0,6,70
05/10/2022,BIS,ND,AGL,CE,Combined TRACON& Tower with Radar,9,24,41,3,77,0,0,39,0,39,9,24,80,3,116,16,0,16,132
05/11/2022,BIS,ND,AGL,CE,Combined TRACON& Tower with Radar,10,26,23,1,60,0,0,7,20,27,10,26,30,21,87,8,12,20,107
05/12/2022,BIS,ND,AGL,CE,Combined TRACON& Tower with Radar,15,29,34,4,82,0,1,1,0,2,15,30,35,4,84,0,0,0,84
05/13/2022,BIS,ND,AGL,CE,Combined TRACON& Tower with Radar,12,19,9,1,41,0,3,3,1,7,12,22,12,2,48,0,0,0,48
05/14/2022,BIS,ND,AGL,CE,Combined TRACON& Tower with Radar,12,14,9,1,36,0,0,13,5,18,12,14,22,6,54,2,0,2,56
05/15/2022,BIS,ND,AGL,CE,Combined TRACON& Tower with Radar,14,10,13,0,37,0,0,10,0,10,14,10,23,0,47,8,0,8,55
05/16/2022,BIS,ND,AGL,CE,Combined TRACON& Tower with Radar,16,19,31,0,66,0,3,26,3,32,16,22,57,3,98,6,0,6,104
05/17/2022,BIS,ND,AGL,CE,Combined TRACON& Tower with Radar,9,22,35,3,69,0,7,27,7,41,9,29,62,10,110,20,0,20,130
05/18/2022,BIS,ND,AGL,CE,Combined TRACON& Tower with Radar,10,22,33,4,69,0,2,27,12,41,10,24,60,16,110,6,36,42,152
05/19/2022,BIS,ND,AGL,CE,Combined TRACON& Tower with Radar,14,26,23,4,67,0,0,1,0,1,14,26,24,4,68,11,6,17,85
05/20/2022,BIS,ND,AGL,CE,Combined TRACON& Tower with Radar,13,22,15,0,50,0,0,2,2,4,13,22,17,2,54,0,0,0,54
05/21/2022,BIS,ND,AGL,CE,Combined TRACON& Tower with Radar,11,18,5,2,36,0,1,6,5,12,11,19,11,7,48,0,0,0,48
05/22/2022,BIS,ND,AGL,CE,Combined TRACON& Tower with Radar,14,7,6,0,27,0,2,29,5,36,14,9,35,5,63,0,0,0,63
05/23/2022,BIS,ND,AGL,CE,Combined TRACON& Tower with Radar,14,15,27,3,59,0,6,13,5,24,14,21,40,8,83,0,2,2,85
05/24/2022,BIS,ND,AGL,CE,Combined TRACON& Tower with Radar,9,21,31,3,64,0,6,22,25,53,9,27,53,28,117,14,2,16,133
05/25/2022,BIS,ND,AGL,CE,Combined TRACON& Tower with Radar,14,26,57,4,101,0,0,50,16,66,14,26,107,20,167,0,0,0,167
05/26/2022,BIS,ND,AGL,CE,Combined TRACON& Tower with Radar,14,23,42,4,83,0,3,44,0,47,14,26,86,4,130,0,0,0,130
05/27/2022,BIS,ND,AGL,CE,Combined TRACON& Tower with Radar,14,17,14,4,49,0,0,16,0,16,14,17,30,4,65,8,0,8,73
05/28/2022,BIS,ND,AGL,CE,Combined TRACON& Tower with Radar,11,16,4,0,31,0,1,15,0,16,11,17,19,0,47,0,0,0,47
05/29/2022,BIS,ND,AGL,CE,Combined TRACON& Tower with Radar,14,5,5,0,24,0,0,6,0,6,14,5,11,0,30,0,0,0,30
05/30/2022,BIS,ND,AGL,CE,Combined TRACON& Tower with Radar,12,13,5,2,32,0,0,0,0,0,12,13,5,2,32,0,0,0,32
05/31/2022,BIS,ND,AGL,CE,Combined TRACON& Tower with Radar,11,19,19,0,49,0,3,8,1,12,11,22,27,1,61,0,0,0,61
06/01/2022,BIS,ND,AGL,CE,Combined TRACON& Tower with Radar,12,20,34,4,70,0,4,16,16,36,12,24,50,20,106,0,2,2,108
06/02/2022,BIS,ND,AGL,CE,Combined TRACON& Tower with Radar,14,19,42,2,77,0,4,8,1,13,14,23,50,3,90,0,0,0,90
06/03/2022,BIS,ND,AGL,CE,Combined TRACON& Tower with Radar,13,20,13,2,48,0,4,30,2,36,13,24,43,4,84,14,0,14,98
06/04/2022,BIS,ND,AGL,CE,Combined TRACON& Tower with Radar,10,17,28,2,57,0,4,22,5,31,10,21,50,7,88,16,0,16,104
06/05/2022,BIS,ND,AGL,CE,Combined TRACON& Tower with Radar,15,14,17,2,48,0,1,9,0,10,15,15,26,2,58,0,0,0,58
06/06/2022,BIS,ND,AGL,CE,Combined TRACON& Tower with Radar,13,14,17,2,46,0,4,17,0,21,13,18,34,2,67,10,0,10,77
06/07/2022,BIS,ND,AGL,CE,Combined TRACON& Tower with Radar,11,18,22,1,52,0,0,20,0,20,11,18,42,1,72,6,0,6,78
06/08/2022,BIS,ND,AGL,CE,Combined TRACON& Tower with Radar,14,21,27,3,65,0,0,43,8,51,14,21,70,11,116,22,0,22,138
06/09/2022,BIS,ND,AGL,CE,Combined TRACON& Tower with Radar,15,21,29,0,65,0,1,22,4,27,15,22,51,4,92,22,3,25,117
06/10/2022,BIS,ND,AGL,CE,Combined TRACON& Tower with Radar,14,22,40,3,79,0,0,28,2,30,14,22,68,5,109,2,0,2,111
06/11/2022,BIS,ND,AGL,CE,Combined TRACON& Tower with Radar,11,18,14,0,43,0,2,47,0,49,11,20,61,0,92,30,0,30,122
06/12/2022,BIS,ND,AGL,CE,Combined TRACON& Tower with Radar,16,7,23,0,46,0,1,29,0,30,16,8,52,0,76,0,0,0,76
06/13/2022,BIS,ND,AGL,CE,Combined TRACON& Tower with Radar,17,13,23,2,55,0,2,10,1,13,17,15,33,3,68,10,0,10,78
06/14/2022,BIS,ND,AGL,CE,Combined TRACON& Tower with Radar,13,19,38,4,74,0,2,12,0,14,13,21,50,4,88,14,0,14,102
06/15/2022,BIS,ND,AGL,CE,Combined TRACON& Tower with Radar,16,20,25,2,63,0,3,4,1,8,16,23,29,3,71,0,0,0,71
06/16/2022,BIS,ND,AGL,CE,Combined TRACON& Tower with Radar,17,22,37,2,78,0,0,11,8,19,17,22,48,10,97,0,0,0,97
06/17/2022,BIS,ND,AGL,CE,Combined TRACON& Tower with Radar,14,21,24,2,61,0,3,17,1,21,14,24,41,3,82,14,0,14,96
06/18/2022,BIS,ND,AGL,CE,Combined TRACON& Tower with Radar,11,19,7,0,37,0,4,7,0,11,11,23,14,0,48,0,0,0,48
06/19/2022,BIS,ND,AGL,CE,Combined TRACON& Tower with Radar,15,11,13,0,39,0,4,8,0,12,15,15,21,0,51,0,0,0,51
06/20/2022,BIS,ND,AGL,CE,Combined TRACON& Tower with Radar,14,14,27,0,55,0,9,11,0,20,14,23,38,0,75,6,0,6,81
06/21/2022,BIS,ND,AGL,CE,Combined TRACON& Tower with Radar,13,18,28,6,65,0,4,11,4,19,13,22,39,10,84,23,0,23,107
06/22/2022,BIS,ND,AGL,CE,Combined TRACON& Tower with Radar,15,18,38,3,74,0,11,38,5,54,15,29,76,8,128,4,0,4,132
06/23/2022,BIS,ND,AGL,CE,Combined TRACON& Tower with Radar,18,20,34,1,73,0,5,30,2,37,18,25,64,3,110,41,0,41,151
06/24/2022,BIS,ND,AGL,CE,Combined TRACON& Tower with Radar,14,21,21,1,57,0,0,13,2,15,14,21,34,3,72,10,0,10,82
06/25/2022,BIS,ND,AGL,CE,Combined TRACON& Tower with Radar,11,17,10,0,38,0,0,5,0,5,11,17,15,0,43,0,0,0,43
06/26/2022,BIS,ND,AGL,CE,Combined TRACON& Tower with Radar,17,9,19,0,45,0,1,24,0,25,17,10,43,0,70,10,0,10,80
06/27/2022,BIS,ND,AGL,CE,Combined TRACON& Tower with Radar,15,15,21,2,53,0,0,32,3,35,15,15,53,5,88,20,0,20,108
06/28/2022,BIS,ND,AGL,CE,Combined TRACON& Tower with Radar,11,19,33,2,65,0,5,29,2,36,11,24,62,4,101,17,0,17,118
06/29/2022,BIS,ND,AGL,CE,Combined TRACON& Tower with Radar,14,19,26,2,61,0,8,28,9,45,14,27,54,11,106,26,0,26,132
06/30/2022,BIS,ND,AGL,CE,Combined TRACON& Tower with Radar,17,23,26,0,66,0,3,21,2,26,17,26,47,2,92,18,0,18,110
07/01/2022,BIS,ND,AGL,CE,Combined TRACON& Tower with Radar,14,18,16,0,48,0,3,24,2,29,14,21,40,2,77,10,1,11,88
07/02/2022,BIS,ND,AGL,CE,Combined TRACON& Tower with Radar,13,17,3,0,33,0,6,19,0,25,13,23,22,0,58,0,0,0,58
07/03/2022,BIS,ND,AGL,CE,Combined TRACON& Tower with Radar,15,7,8,0,30,0,1,5,0,6,15,8,13,0,36,0,0,0,36
07/04/2022,BIS,ND,AGL,CE,Combined TRACON& Tower with Radar,13,9,8,0,30,0,1,5,0,6,13,10,13,0,36,2,0,2,38
07/05/2022,BIS,ND,AGL,CE,Combined TRACON& Tower with Radar,13,14,20,0,47,0,2,20,0,22,13,16,40,0,69,15,0,15,84
07/06/2022,BIS,ND,AGL,CE,Combined TRACON& Tower with Radar,15,21,25,3,64,0,7,18,7,32,15,28,43,10,96,22,2,24,120
07/07/2022,BIS,ND,AGL,CE,Combined TRACON& Tower with Radar,17,17,22,0,56,0,1,6,1,8,17,18,28,1,64,26,5,31,95
07/08/2022,BIS,ND,AGL,CE,Combined TRACON& Tower with Radar,13,22,20,1,56,0,1,22,2,25,13,23,42,3,81,40,5,45,126
07/09/2022,BIS,ND,AGL,CE,Combined TRACON& Tower with Radar,13,17,3,0,33,0,1,12,0,13,13,18,15,0,46,0,0,0,46
07/10/2022,BIS,ND,AGL,CE,Combined TRACON& Tower with Radar,17,8,12,0,37,0,0,6,0,6,17,8,18,0,43,0,0,0,43
07/11/2022,BIS,ND,AGL,CE,Combined TRACON& Tower with Radar,15,13,15,4,47,0,0,23,3,26,15,13,38,7,73,12,0,12,85
07/12/2022,BIS,ND,AGL,CE,Combined TRACON& Tower with Radar,11,23,47,0,81,0,1,35,1,37,11,24,82,1,118,58,0,58,176
07/13/2022,BIS,ND,AGL,CE,Combined TRACON& Tower with Radar,15,25,18,0,58,0,6,23,10,39,15,31,41,10,97,10,0,10,107
07/14/2022,BIS,ND,AGL,CE,Combined TRACON& Tower with Radar,16,22,27,4,69,0,4,32,2,38,16,26,59,6,107,48,0,48,155
07/15/2022,BIS,ND,AGL,CE,Combined TRACON& Tower with Radar,14,14,27,2,57,0,0,6,0,6,14,14,33,2,63,67,0,67,130
07/16/2022,BIS,ND,AGL,CE,Combined TRACON& Tower with Radar,13,15,14,0,42,0,2,17,0,19,13,17,31,0,61,26,0,26,87
07/17/2022,BIS,ND,AGL,CE,Combined TRACON& Tower with Radar,18,7,16,0,41,0,2,14,0,16,18,9,30,0,57,0,0,0,57
07/18/2022,BIS,ND,AGL,CE,Combined TRACON& Tower with Radar,14,20,19,0,53,0,0,12,1,13,14,20,31,1,66,16,0,16,82
07/19/2022,BIS,ND,AGL,CE,Combined TRACON& Tower with Radar,12,22,42,7,83,0,0,2,5,7,12,22,44,12,90,0,0,0,90
07/20/2022,BIS,ND,AGL,CE,Combined TRACON& Tower with Radar,15,17,33,9,74,0,5,17,15,37,15,22,50,24,111,23,2,25,136
07/21/2022,BIS,ND,AGL,CE,Combined TRACON& Tower with Radar,18,19,39,0,76,0,2,23,7,32,18,21,62,7,108,14,0,14,122
07/22/2022,BIS,ND,AGL,CE,Combined TRACON& Tower with Radar,14,16,33,3,66,0,1,49,0,50,14,17,82,3,116,12,0,12,128
07/23/2022,BIS,ND,AGL,CE,Combined TRACON& Tower with Radar,13,20,16,0,49,0,1,30,0,31,13,21,46,0,80,18,0,18,98
07/24/2022,BIS,ND,AGL,CE,Combined TRACON& Tower with Radar,16,7,19,0,42,0,1,49,0,50,16,8,68,0,92,38,0,38,130
07/25/2022,BIS,ND,AGL,CE,Combined TRACON& Tower with Radar,13,13,34,4,64,0,2,25,4,31,13,15,59,8,95,26,0,26,121
07/26/2022,BIS,ND,AGL,CE,Combined TRACON& Tower with Radar,13,19,33,0,65,0,0,26,0,26,13,19,59,0,91,6,0,6,97
07/27/2022,BIS,ND,AGL,CE,Combined TRACON& Tower with Radar,15,17,33,0,65,0,4,20,10,34,15,21,53,10,99,8,2,10,109
07/28/2022,BIS,ND,AGL,CE,Combined TRACON& Tower with Radar,19,28,35,1,83,0,2,41,9,52,19,30,76,10,135,23,0,23,158
07/29/2022,BIS,ND,AGL,CE,Combined TRACON& Tower with Radar,14,17,29,2,62,0,0,48,2,50,14,17,77,4,112,40,0,40,152
07/30/2022,BIS,ND,AGL,CE,Combined TRACON& Tower with Radar,14,18,15,2,49,0,5,18,0,23,14,23,33,2,72,8,0,8,80
07/31/2022,BIS,ND,AGL,CE,Combined TRACON& Tower with Radar,16,6,16,0,38,0,4,8,1,13,16,10,24,1,51,0,0,0,51
08/01/2022,BIS,ND,AGL,CE,Combined TRACON& Tower with Radar,14,13,28,0,55,0,0,29,0,29,14,13,57,0,84,20,0,20,104
08/02/2022,BIS,ND,AGL,CE,Combined TRACON& Tower with Radar,11,17,29,2,59,0,4,29,1,34,11,21,58,3,93,30,0,30,123
08/03/2022,BIS,ND,AGL,CE,Combined TRACON& Tower with Radar,14,23,34,5,76,3,1,37,12,53,17,24,71,17,129,12,52,64,193
08/04/2022,BIS,ND,AGL,CE,Combined TRACON& Tower with Radar,18,21,28,2,69,0,0,12,2,14,18,21,40,4,83,9,0,9,92
08/05/2022,BIS,ND,AGL,CE,Combined TRACON& Tower with Radar,14,15,21,2,52,0,2,14,1,17,14,17,35,3,69,22,0,22,91
08/06/2022,BIS,ND,AGL,CE,Combined TRACON& Tower with Radar,13,17,8,0,38,0,0,7,4,11,13,17,15,4,49,2,0,2,51
08/07/2022,BIS,ND,AGL,CE,Combined TRACON& Tower with Radar,17,9,24,0,50,0,0,13,0,13,17,9,37,0,63,32,0,32,95
08/08/2022,BIS,ND,AGL,CE,Combined TRACON& Tower with Radar,15,14,31,1,61,0,0,20,4,24,15,14,51,5,85,40,0,40,125
08/09/2022,BIS,ND,AGL,CE,Combined TRACON& Tower with Radar,11,18,22,2,53,0,0,20,1,21,11,18,42,3,74,42,0,42,116
08/10/2022,BIS,ND,AGL,CE,Combined TRACON& Tower with Radar,15,21,29,2,67,0,3,17,20,40,15,24,46,22,107,31,16,47,154
08/11/2022,BIS,ND,AGL,CE,Combined TRACON& Tower with Radar,17,22,20,2,61,0,2,12,12,26,17,24,32,14,87,3,0,3,90
08/12/2022,BIS,ND,AGL,CE,Combined TRACON& Tower with Radar,16,20,33,2,71,0,2,15,0,17,16,22,48,2,88,10,0,10,98
08/13/2022,BIS,ND,AGL,CE,Combined TRACON& Tower with Radar,13,18,21,4,56,0,1,9,1,11,13,19,30,5,67,0,0,0,67
08/14/2022,BIS,ND,AGL,CE,Combined TRACON& Tower with Radar,17,11,13,2,43,1,0,10,0,11,18,11,23,2,54,0,0,0,54
08/15/2022,BIS,ND,AGL,CE,Combined TRACON& Tower with Radar,17,12,24,4,57,0,2,17,2,21,17,14,41,6,78,18,0,18,96
08/16/2022,BIS,ND,AGL,CE,Combined TRACON& Tower with Radar,11,23,32,0,66,0,1,18,3,22,11,24,50,3,88,14,0,14,102
08/17/2022,BIS,ND,AGL,CE,Combined TRACON& Tower with Radar,11,23,34,0,68,0,3,17,3,23,11,26,51,3,91,15,0,15,106
08/18/2022,BIS,ND,AGL,CE,Combined TRACON& Tower with Radar,15,21,34,0,70,0,0,22,3,25,15,21,56,3,95,4,0,4,99
08/19/2022,BIS,ND,AGL,CE,Combined TRACON& Tower with Radar,15,19,19,4,57,0,0,10,1,11,15,19,29,5,68,0,0,0,68
08/20/2022,BIS,ND,AGL,CE,Combined TRACON& Tower with Radar,11,20,15,0,46,0,2,43,2,47,11,22,58,2,93,21,0,21,114
08/21/2022,BIS,ND,AGL,CE,Combined TRACON& Tower with Radar,16,5,12,0,33,0,0,29,3,32,16,5,41,3,65,0,6,6,71
08/22/2022,BIS,ND,AGL,CE,Combined TRACON& Tower with Radar,16,13,18,2,49,0,4,29,1,34,16,17,47,3,83,20,0,20,103
08/23/2022,BIS,ND,AGL,CE,Combined TRACON& Tower with Radar,11,19,51,4,85,0,4,30,0,34,11,23,81,4,119,13,0,13,132
08/24/2022,BIS,ND,AGL,CE,Combined TRACON& Tower with Radar,10,26,42,3,81,0,1,18,15,34,10,27,60,18,115,27,0,27,142
08/25/2022,BIS,ND,AGL,CE,Combined TRACON& Tower with Radar,13,19,39,6,77,0,4,37,9,50,13,23,76,15,127,47,0,47,174
08/26/2022,BIS,ND,AGL,CE,Combined TRACON& Tower with Radar,11,21,27,2,61,0,4,15,1,20,11,25,42,3,81,13,0,13,94
08/27/2022,BIS,ND,AGL,CE,Combined TRACON& Tower with Radar,9,21,16,0,46,0,0,11,0,11,9,21,27,0,57,0,0,0,57
08/28/2022,BIS,ND,AGL,CE,Combined TRACON& Tower with Radar,13,12,13,0,38,0,0,7,0,7,13,12,20,0,45,0,0,0,45
08/29/2022,BIS,ND,AGL,CE,Combined TRACON& Tower with Radar,12,16,22,2,52,0,3,14,2,19,12,19,36,4,71,14,0,14,85
08/30/2022,BIS,ND,AGL,CE,Combined TRACON& Tower with Radar,9,25,25,3,62,0,2,23,4,29,9,27,48,7,91,26,0,26,117
08/31/2022,BIS,ND,AGL,CE,Combined TRACON& Tower with Radar,9,23,34,1,67,0,0,39,15,54,9,23,73,16,121,16,10,26,147
09/01/2022,BIS,ND,AGL,CE,Combined TRACON& Tower with Radar,14,19,33,2,68,0,3,28,0,31,14,22,61,2,99,13,0,13,112
09/02/2022,BIS,ND,AGL,CE,Combined TRACON& Tower with Radar,13,19,23,0,55,0,0,11,0,11,13,19,34,0,66,0,0,0,66
09/03/2022,BIS,ND,AGL,CE,Combined TRACON& Tower with Radar,8,17,13,0,38,0,2,14,0,16,8,19,27,0,54,35,0,35,89
09/04/2022,BIS,ND,AGL,CE,Combined TRACON& Tower with Radar,12,6,10,0,28,0,0,8,0,8,12,6,18,0,36,0,0,0,36
09/05/2022,BIS,ND,AGL,CE,Combined TRACON& Tower with Radar,17,7,14,0,38,0,2,21,0,23,17,9,35,0,61,4,0,4,65
09/06/2022,BIS,ND,AGL,CE,Combined TRACON& Tower with Radar,12,16,19,4,51,0,0,13,0,13,12,16,32,4,64,21,0,21,85
09/07/2022,BIS,ND,AGL,CE,Combined TRACON& Tower with Radar,11,20,22,11,64,0,4,21,19,44,11,24,43,30,108,0,7,7,115
09/08/2022,BIS,ND,AGL,CE,Combined TRACON& Tower with Radar,15,23,45,10,93,0,5,20,4,29,15,28,65,14,122,17,0,17,139
09/09/2022,BIS,ND,AGL,CE,Combined TRACON& Tower with Radar,14,18,23,4,59,0,0,16,1,17,14,18,39,5,76,10,0,10,86
09/10/2022,BIS,ND,AGL,CE,Combined TRACON& Tower with Radar,10,17,19,0,46,0,1,17,2,20,10,18,36,2,66,16,0,16,82
09/11/2022,BIS,ND,AGL,CE,Combined TRACON& Tower with Radar,18,10,14,2,44,0,2,92,18,112,18,12,106,20,156,4,0,4,160
09/12/2022,BIS,ND,AGL,CE,Combined TRACON& Tower with Radar,17,12,29,5,63,0,1,20,6,27,17,13,49,11,90,2,0,2,92
09/13/2022,BIS,ND,AGL,CE,Combined TRACON& Tower with Radar,10,23,32,2,67,0,1,38,3,42,10,24,70,5,109,32,0,32,141
09/14/2022,BIS,ND,AGL,CE,Combined TRACON& Tower with Radar,10,19,30,8,67,0,1,18,9,28,10,20,48,17,95,0,0,0,95
09/15/2022,BIS,ND,AGL,CE,Combined TRACON& Tower with Radar,17,28,63,0,108,0,0,2,0,2,17,28,65,0,110,0,0,0,110
09/16/2022,BIS,ND,AGL,CE,Combined TRACON& Tower with Radar,15,21,23,3,62,0,0,2,0,2,15,21,25,3,64,8,0,8,72
09/17/2022,BIS,ND,AGL,CE,Combined TRACON& Tower with Radar,11,23,22,2,58,0,1,1,0,2,11,24,23,2,60,0,0,0,60
09/18/2022,BIS,ND,AGL,CE,Combined TRACON& Tower with Radar,17,6,20,4,47,0,0,30,0,30,17,6,50,4,77,12,0,12,89
09/19/2022,BIS,ND,AGL,CE,Combined TRACON& Tower with Radar,14,22,39,0,75,0,3,16,7,26,14,25,55,7,101,12,0,12,113
09/20/2022,BIS,ND,AGL,CE,Combined TRACON& Tower with Radar,12,21,33,0,66,0,3,25,2,30,12,24,58,2,96,15,0,15,111
09/21/2022,BIS,ND,AGL,CE,Combined TRACON& Tower with Radar,10,18,45,4,77,0,4,34,8,46,10,22,79,12,123,12,0,12,135
09/22/2022,BIS,ND,AGL,CE,Combined TRACON& Tower with Radar,16,18,29,0,63,0,0,25,3,28,16,18,54,3,91,31,0,31,122
09/23/2022,BIS,ND,AGL,CE,Combined TRACON& Tower with Radar,16,20,30,4,70,0,2,16,0,18,16,22,46,4,88,18,0,18,106
09/24/2022,BIS,ND,AGL,CE,Combined TRACON& Tower with Radar,12,15,19,2,48,0,2,14,0,16,12,17,33,2,64,4,0,4,68
09/25/2022,BIS,ND,AGL,CE,Combined TRACON& Tower with Radar,16,7,12,0,35,0,1,6,0,7,16,8,18,0,42,4,0,4,46
09/26/2022,BIS,ND,AGL,CE,Combined TRACON& Tower with Radar,15,15,20,2,52,0,6,21,5,32,15,21,41,7,84,42,0,42,126
09/27/2022,BIS,ND,AGL,CE,Combined TRACON& Tower with Radar,13,30,35,3,81,0,2,35,0,37,13,32,70,3,118,54,0,54,172
09/28/2022,BIS,ND,AGL,CE,Combined TRACON& Tower with Radar,10,20,42,2,74,0,2,27,0,29,10,22,69,2,103,18,12,30,133
09/29/2022,BIS,ND,AGL,CE,Combined TRACON& Tower with Radar,17,16,33,2,68,0,0,29,0,29,17,16,62,2,97,106,0,106,203
09/30/2022,BIS,ND,AGL,CE,Combined TRACON& Tower with Radar,17,20,33,0,70,0,2,19,0,21,17,22,52,0,91,26,0,26,117
10/01/2022,BIS,ND,AGL,CE,Combined TRACON& Tower with Radar,12,20,21,0,53,0,0,8,0,8,12,20,29,0,61,0,0,0,61
10/02/2022,BIS,ND,AGL,CE,Combined TRACON& Tower with Radar,16,10,31,0,57,0,0,14,0,14,16,10,45,0,71,2,0,2,73
10/03/2022,BIS,ND,AGL,CE,Combined TRACON& Tower with Radar,15,20,26,0,61,0,1,8,0,9,15,21,34,0,70,10,0,10,80
10/04/2022,BIS,ND,AGL,CE,Combined TRACON& Tower with Radar,11,18,29,5,63,0,0,9,3,12,11,18,38,8,75,0,6,6,81
10/05/2022,BIS,ND,AGL,CE,Combined TRACON& Tower with Radar,13,21,38,3,75,0,0,34,0,34,13,21,72,3,109,12,0,12,121
10/06/2022,BIS,ND,AGL,CE,Combined TRACON& Tower with Radar,14,26,43,4,87,0,0,14,0,14,14,26,57,4,101,22,0,22,123
10/07/2022,BIS,ND,AGL,CE,Combined TRACON& Tower with Radar,12,22,35,3,72,0,2,16,0,18,12,24,51,3,90,14,0,14,104
10/08/2022,BIS,ND,AGL,CE,Combined TRACON& Tower with Radar,12,21,14,0,47,0,1,7,0,8,12,22,21,0,55,0,0,0,55
10/09/2022,BIS,ND,AGL,CE,Combined TRACON& Tower with Radar,16,14,20,0,50,0,5,14,1,20,16,19,34,1,70,10,0,10,80
10/10/2022,BIS,ND,AGL,CE,Combined TRACON& Tower with Radar,15,21,30,0,66,0,2,26,0,28,15,23,56,0,94,12,0,12,106
10/11/2022,BIS,ND,AGL,CE,Combined TRACON& Tower with Radar,14,21,28,4,67,0,0,10,0,10,14,21,38,4,77,22,0,22,99
10/12/2022,BIS,ND,AGL,CE,Combined TRACON& Tower with Radar,13,22,25,2,62,0,3,10,4,17,13,25,35,6,79,0,0,0,79
10/13/2022,BIS,ND,AGL,CE,Combined TRACON& Tower with Radar,15,22,21,2,60,0,5,2,0,7,15,27,23,2,67,0,0,0,67
10/14/2022,BIS,ND,AGL,CE,Combined TRACON& Tower with Radar,14,19,23,0,56,0,2,6,2,10,14,21,29,2,66,3,0,3,69
10/15/2022,BIS,ND,AGL,CE,Combined TRACON& Tower with Radar,12,18,12,1,43,0,0,5,0,5,12,18,17,1,48,4,0,4,52
10/16/2022,BIS,ND,AGL,CE,Combined TRACON& Tower with Radar,16,7,13,0,36,0,1,9,0,10,16,8,22,0,46,0,0,0,46
10/17/2022,BIS,ND,AGL,CE,Combined TRACON& Tower with Radar,14,18,33,2,67,0,2,9,0,11,14,20,42,2,78,50,0,50,128
10/18/2022,BIS,ND,AGL,CE,Combined TRACON& Tower with Radar,13,20,28,4,65,0,0,17,1,18,13,20,45,5,83,8,0,8,91
10/19/2022,BIS,ND,AGL,CE,Combined TRACON& Tower with Radar,14,25,44,18,101,0,2,13,6,21,14,27,57,24,122,27,0,27,149
10/20/2022,BIS,ND,AGL,CE,Combined TRACON& Tower with Radar,15,25,42,3,85,0,5,34,1,40,15,30,76,4,125,4,0,4,129
10/21/2022,BIS,ND,AGL,CE,Combined TRACON& Tower with Radar,12,26,19,1,58,0,5,30,1,36,12,31,49,2,94,13,0,13,107
10/22/2022,BIS,ND,AGL,CE,Combined TRACON& Tower with Radar,13,22,18,0,53,0,2,8,0,10,13,24,26,0,63,0,0,0,63
10/23/2022,BIS,ND,AGL,CE,Combined TRACON& Tower with Radar,14,10,13,0,37,0,2,3,0,5,14,12,16,0,42,6,0,6,48
10/24/2022,BIS,ND,AGL,CE,Combined TRACON& Tower with Radar,12,21,12,3,48,0,0,0,0,0,12,21,12,3,48,0,0,0,48
10/25/2022,BIS,ND,AGL,CE,Combined TRACON& Tower with Radar,10,25,33,3,71,0,2,14,0,16,10,27,47,3,87,16,0,16,103
10/26/2022,BIS,ND,AGL,CE,Combined TRACON& Tower with Radar,12,17,38,3,70,0,0,30,2,32,12,17,68,5,102,63,0,63,165
10/27/2022,BIS,ND,AGL,CE,Combined TRACON& Tower with Radar,21,21,39,11,92,0,1,30,1,32,21,22,69,12,124,12,2,14,138
10/28/2022,BIS,ND,AGL,CE,Combined TRACON& Tower with Radar,13,18,19,0,50,0,0,20,2,22,13,18,39,2,72,0,0,0,72
10/29/2022,BIS,ND,AGL,CE,Combined TRACON& Tower with Radar,13,21,23,0,57,0,0,21,5,26,13,21,44,5,83,0,0,0,83
10/30/2022,BIS,ND,AGL,CE,Combined TRACON& Tower with Radar,17,8,30,2,57,0,2,23,1,26,17,10,53,3,83,26,0,26,109
10/31/2022,BIS,ND,AGL,CE,Combined TRACON& Tower with Radar,14,14,13,0,41,0,2,25,2,29,14,16,38,2,70,34,0,34,104
11/01/2022,BIS,ND,AGL,CE,Combined TRACON& Tower with Radar,11,22,41,2,76,0,2,21,0,23,11,24,62,2,99,0,0,0,99
11/02/2022,BIS,ND,AGL,CE,Combined TRACON& Tower with Radar,13,18,30,6,67,0,2,17,2,21,13,20,47,8,88,10,16,26,114
11/03/2022,BIS,ND,AGL,CE,Combined TRACON& Tower with Radar,15,17,36,6,74,0,4,2,0,6,15,21,38,6,80,0,0,0,80
11/04/2022,BIS,ND,AGL,CE,Combined TRACON& Tower with Radar,12,23,27,3,65,0,3,21,1,25,12,26,48,4,90,30,0,30,120
11/05/2022,BIS,ND,AGL,CE,Combined TRACON& Tower with Radar,12,15,6,0,33,0,4,5,0,9,12,19,11,0,42,40,0,40,82
11/06/2022,BIS,ND,AGL,CE,Combined TRACON& Tower with Radar,12,13,13,0,38,0,0,0,0,0,12,13,13,0,38,0,0,0,38
11/07/2022,BIS,ND,AGL,CE,Combined TRACON& Tower with Radar,13,20,29,0,62,0,0,7,0,7,13,20,36,0,69,0,0,0,69
11/08/2022,BIS,ND,AGL,CE,Combined TRACON& Tower with Radar,11,22,21,2,56,0,2,9,1,12,11,24,30,3,68,14,0,14,82
11/09/2022,BIS,ND,AGL,CE,Combined TRACON& Tower with Radar,10,15,23,2,50,0,0,0,0,0,10,15,23,2,50,0,0,0,50
11/10/2022,BIS,ND,AGL,CE,Combined TRACON& Tower with Radar,0,0,0,0,0,0,0,0,0,0,0,0,0,0,0,0,0,0,0
11/11/2022,BIS,ND,AGL,CE,Combined TRACON& Tower with Radar,14,17,26,4,61,0,0,1,0,1,14,17,27,4,62,0,0,0,62
11/12/2022,BIS,ND,AGL,CE,Combined TRACON& Tower with Radar,12,9,4,0,25,0,0,0,0,0,12,9,4,0,25,0,0,0,25
11/13/2022,BIS,ND,AGL,CE,Combined TRACON& Tower with Radar,15,10,4,0,29,0,0,0,0,0,15,10,4,0,29,0,0,0,29
11/14/2022,BIS,ND,AGL,CE,Combined TRACON& Tower with Radar,15,22,9,0,46,0,0,0,0,0,15,22,9,0,46,0,0,0,46
11/15/2022,BIS,ND,AGL,CE,Combined TRACON& Tower with Radar,15,24,28,2,69,0,0,3,0,3,15,24,31,2,72,0,0,0,72
11/16/2022,BIS,ND,AGL,CE,Combined TRACON& Tower with Radar,13,18,24,8,63,0,0,0,5,5,13,18,24,13,68,0,28,28,96
11/17/2022,BIS,ND,AGL,CE,Combined TRACON& Tower with Radar,14,22,17,0,53,0,3,0,1,4,14,25,17,1,57,0,0,0,57
11/18/2022,BIS,ND,AGL,CE,Combined TRACON& Tower with Radar,15,21,14,2,52,0,2,5,0,7,15,23,19,2,59,0,0,0,59
11/19/2022,BIS,ND,AGL,CE,Combined TRACON& Tower with Radar,15,22,11,0,48,0,5,4,1,10,15,27,15,1,58,10,0,10,68
11/20/2022,BIS,ND,AGL,CE,Combined TRACON& Tower with Radar,13,7,28,0,48,0,3,14,0,17,13,10,42,0,65,32,0,32,97
11/21/2022,BIS,ND,AGL,CE,Combined TRACON& Tower with Radar,13,12,29,2,56,0,3,24,0,27,13,15,53,2,83,31,0,31,114
11/22/2022,BIS,ND,AGL,CE,Combined TRACON& Tower with Radar,13,24,46,4,87,0,1,31,5,37,13,25,77,9,124,0,0,0,124
11/23/2022,BIS,ND,AGL,CE,Combined TRACON& Tower with Radar,13,20,27,2,62,0,0,16,0,16,13,20,43,2,78,6,0,6,84
11/24/2022,BIS,ND,AGL,CE,Combined TRACON& Tower with Radar,8,3,6,0,17,0,6,4,0,10,8,9,10,0,27,4,0,4,31
11/25/2022,BIS,ND,AGL,CE,Combined TRACON& Tower with Radar,12,21,19,0,52,0,2,23,0,25,12,23,42,0,77,5,0,5,82
11/26/2022,BIS,ND,AGL,CE,Combined TRACON& Tower with Radar,15,14,8,0,37,0,0,15,0,15,15,14,23,0,52,12,0,12,64
11/27/2022,BIS,ND,AGL,CE,Combined TRACON& Tower with Radar,13,8,11,0,32,0,2,8,0,10,13,10,19,0,42,6,0,6,48
11/28/2022,BIS,ND,AGL,CE,Combined TRACON& Tower with Radar,15,12,14,0,41,0,1,3,0,4,15,13,17,0,45,0,0,0,45
11/29/2022,BIS,ND,AGL,CE,Combined TRACON& Tower with Radar,11,16,21,2,50,0,2,1,6,9,11,18,22,8,59,0,0,0,59
11/30/2022,BIS,ND,AGL,CE,Combined TRACON& Tower with Radar,15,17,23,2,57,0,8,19,6,33,15,25,42,8,90,6,4,10,100
12/01/2022,BIS,ND,AGL,CE,Combined TRACON& Tower with Radar,13,24,48,0,85,0,3,17,0,20,13,27,65,0,105,18,0,18,123
12/02/2022,BIS,ND,AGL,CE,Combined TRACON& Tower with Radar,15,17,13,0,45,0,0,0,0,0,15,17,13,0,45,0,0,0,45
12/03/2022,BIS,ND,AGL,CE,Combined TRACON& Tower with Radar,12,14,11,1,38,0,7,29,0,36,12,21,40,1,74,30,0,30,104
12/04/2022,BIS,ND,AGL,CE,Combined TRACON& Tower with Radar,13,13,11,0,37,0,0,1,0,1,13,13,12,0,38,12,0,12,50
12/05/2022,BIS,ND,AGL,CE,Combined TRACON& Tower with Radar,14,15,26,1,56,0,5,19,0,24,14,20,45,1,80,4,0,4,84
12/06/2022,BIS,ND,AGL,CE,Combined TRACON& Tower with Radar,11,15,26,2,54,0,1,2,1,4,11,16,28,3,58,16,0,16,74
12/07/2022,BIS,ND,AGL,CE,Combined TRACON& Tower with Radar,14,18,34,3,69,0,1,5,1,7,14,19,39,4,76,0,0,0,76
12/08/2022,BIS,ND,AGL,CE,Combined TRACON& Tower with Radar,13,16,25,4,58,0,0,10,2,12,13,16,35,6,70,0,0,0,70
12/09/2022,BIS,ND,AGL,CE,Combined TRACON& Tower with Radar,18,26,19,2,65,0,5,11,1,17,18,31,30,3,82,26,0,26,108
12/10/2022,BIS,ND,AGL,CE,Combined TRACON& Tower with Radar,11,14,9,0,34,0,5,15,0,20,11,19,24,0,54,6,0,6,60
12/11/2022,BIS,ND,AGL,CE,Combined TRACON& Tower with Radar,13,9,18,2,42,0,3,13,0,16,13,12,31,2,58,30,0,30,88
12/12/2022,BIS,ND,AGL,CE,Combined TRACON& Tower with Radar,13,12,11,0,36,0,0,0,0,0,13,12,11,0,36,0,0,0,36
12/13/2022,BIS,ND,AGL,CE,Combined TRACON& Tower with Radar,2,13,0,0,15,0,0,0,0,0,2,13,0,0,15,0,0,0,15
12/14/2022,BIS,ND,AGL,CE,Combined TRACON& Tower with Radar,10,9,2,0,21,0,0,0,0,0,10,9,2,0,21,0,0,0,21
12/15/2022,BIS,ND,AGL,CE,Combined TRACON& Tower with Radar,13,12,0,0,25,0,0,0,0,0,13,12,0,0,25,0,0,0,25
12/16/2022,BIS,ND,AGL,CE,Combined TRACON& Tower with Radar,4,7,7,0,18,0,0,0,0,0,4,7,7,0,18,0,0,0,18
12/17/2022,BIS,ND,AGL,CE,Combined TRACON& Tower with Radar,13,21,17,0,51,0,0,0,0,0,13,21,17,0,51,0,0,0,51
12/18/2022,BIS,ND,AGL,CE,Combined TRACON& Tower with Radar,19,8,12,0,39,0,0,0,0,0,19,8,12,0,39,0,0,0,39
12/19/2022,BIS,ND,AGL,CE,Combined TRACON& Tower with Radar,12,13,18,4,47,0,0,6,0,6,12,13,24,4,53,6,0,6,59
12/20/2022,BIS,ND,AGL,CE,Combined TRACON& Tower with Radar,16,22,23,2,63,0,3,11,0,14,16,25,34,2,77,0,0,0,77
12/21/2022,BIS,ND,AGL,CE,Combined TRACON& Tower with Radar,11,16,12,2,41,0,0,0,0,0,11,16,12,2,41,0,0,0,41
12/22/2022,BIS,ND,AGL,CE,Combined TRACON& Tower with Radar,14,16,9,0,39,0,0,0,0,0,14,16,9,0,39,0,0,0,39
12/23/2022,BIS,ND,AGL,CE,Combined TRACON& Tower with Radar,15,13,20,0,48,0,1,3,0,4,15,14,23,0,52,0,0,0,52
12/24/2022,BIS,ND,AGL,CE,Combined TRACON& Tower with Radar,12,13,7,0,32,0,1,1,0,2,12,14,8,0,34,0,0,0,34
12/25/2022,BIS,ND,AGL,CE,Combined TRACON& Tower with Radar,14,3,0,0,17,0,0,0,0,0,14,3,0,0,17,0,0,0,17
12/26/2022,BIS,ND,AGL,CE,Combined TRACON& Tower with Radar,17,9,10,0,36,0,0,3,0,3,17,9,13,0,39,0,0,0,39
12/27/2022,BIS,ND,AGL,CE,Combined TRACON& Tower with Radar,15,18,14,1,48,0,8,21,2,31,15,26,35,3,79,8,0,8,87
12/28/2022,BIS,ND,AGL,CE,Combined TRACON& Tower with Radar,22,23,22,0,67,0,9,19,4,32,22,32,41,4,99,19,0,19,118
12/29/2022,BIS,ND,AGL,CE,Combined TRACON& Tower with Radar,17,24,21,0,62,0,2,2,0,4,17,26,23,0,66,24,0,24,90
12/30/2022,BIS,ND,AGL,CE,Combined TRACON& Tower with Radar,17,21,15,0,53,0,1,3,0,4,17,22,18,0,57,0,0,0,57
12/31/2022,BIS,ND,AGL,CE,Combined TRACON& Tower with Radar,15,19,10,0,44,0,2,0,0,2,15,21,10,0,46,0,0,0,46
01/01/2023,BIS,ND,AGL,CE,Combined TRACON& Tower with Radar,13,6,12,0,31,0,2,8,0,10,13,8,20,0,41,0,0,0,41
01/02/2023,BIS,ND,AGL,CE,Combined TRACON& Tower with Radar,15,12,19,0,46,0,3,24,0,27,15,15,43,0,73,34,0,34,107
01/03/2023,BIS,ND,AGL,CE,Combined TRACON& Tower with Radar,11,12,13,0,36,0,0,0,0,0,11,12,13,0,36,0,0,0,36
01/04/2023,BIS,ND,AGL,CE,Combined TRACON& Tower with Radar,10,23,8,2,43,0,1,1,7,9,10,24,9,9,52,12,0,12,64
01/05/2023,BIS,ND,AGL,CE,Combined TRACON& Tower with Radar,8,23,32,2,65,0,4,10,1,15,8,27,42,3,80,34,0,34,114
01/06/2023,BIS,ND,AGL,CE,Combined TRACON& Tower with Radar,12,26,18,0,56,0,0,0,0,0,12,26,18,0,56,0,0,0,56
01/07/2023,BIS,ND,AGL,CE,Combined TRACON& Tower with Radar,11,16,9,0,36,0,0,7,0,7,11,16,16,0,43,20,0,20,63
01/08/2023,BIS,ND,AGL,CE,Combined TRACON& Tower with Radar,9,10,13,0,32,0,1,25,0,26,9,11,38,0,58,50,0,50,108
01/09/2023,BIS,ND,AGL,CE,Combined TRACON& Tower with Radar,13,12,19,3,47,0,2,24,3,29,13,14,43,6,76,28,0,28,104
01/10/2023,BIS,ND,AGL,CE,Combined TRACON& Tower with Radar,10,22,22,0,54,0,2,17,0,19,10,24,39,0,73,0,0,0,73
01/11/2023,BIS,ND,AGL,CE,Combined TRACON& Tower with Radar,13,31,27,2,73,0,0,0,0,0,13,31,27,2,73,0,0,0,73
01/12/2023,BIS,ND,AGL,CE,Combined TRACON& Tower with Radar,11,23,45,4,83,0,0,20,1,21,11,23,65,5,104,20,0,20,124
01/13/2023,BIS,ND,AGL,CE,Combined TRACON& Tower with Radar,15,19,28,0,62,0,6,16,0,22,15,25,44,0,84,28,0,28,112
01/14/2023,BIS,ND,AGL,CE,Combined TRACON& Tower with Radar,14,17,18,0,49,0,2,29,0,31,14,19,47,0,80,0,0,0,80
01/15/2023,BIS,ND,AGL,CE,Combined TRACON& Tower with Radar,8,9,5,0,22,0,0,1,0,1,8,9,6,0,23,16,0,16,39
01/16/2023,BIS,ND,AGL,CE,Combined TRACON& Tower with Radar,18,8,16,0,42,0,0,0,0,0,18,8,16,0,42,0,0,0,42
01/17/2023,BIS,ND,AGL,CE,Combined TRACON& Tower with Radar,12,27,26,7,72,0,0,0,0,0,12,27,26,7,72,0,0,0,72
01/18/2023,BIS,ND,AGL,CE,Combined TRACON& Tower with Radar,13,26,25,0,64,0,0,0,0,0,13,26,25,0,64,0,0,0,64
01/19/2023,BIS,ND,AGL,CE,Combined TRACON& Tower with Radar,13,27,26,0,66,0,0,0,0,0,13,27,26,0,66,0,0,0,66
01/20/2023,BIS,ND,AGL,CE,Combined TRACON& Tower with Radar,17,20,22,0,59,0,0,0,0,0,17,20,22,0,59,0,0,0,59
01/21/2023,BIS,ND,AGL,CE,Combined TRACON& Tower with Radar,14,15,14,2,45,0,0,29,0,29,14,15,43,2,74,26,0,26,100
01/22/2023,BIS,ND,AGL,CE,Combined TRACON& Tower with Radar,12,11,13,1,37,0,4,16,0,20,12,15,29,1,57,8,0,8,65
01/23/2023,BIS,ND,AGL,CE,Combined TRACON& Tower with Radar,15,14,16,0,45,0,1,8,0,9,15,15,24,0,54,0,0,0,54
01/24/2023,BIS,ND,AGL,CE,Combined TRACON& Tower with Radar,10,23,28,3,64,0,4,3,0,7,10,27,31,3,71,0,0,0,71
01/25/2023,BIS,ND,AGL,CE,Combined TRACON& Tower with Radar,14,27,16,0,57,0,2,0,6,8,14,29,16,6,65,0,14,14,79
01/26/2023,BIS,ND,AGL,CE,Combined TRACON& Tower with Radar,12,30,11,4,57,0,0,1,0,1,12,30,12,4,58,37,0,37,95
01/27/2023,BIS,ND,AGL,CE,Combined TRACON& Tower with Radar,14,21,24,4,63,0,4,6,1,11,14,25,30,5,74,20,0,20,94
01/28/2023,BIS,ND,AGL,CE,Combined TRACON& Tower with Radar,14,13,9,0,36,0,2,0,0,2,14,15,9,0,38,18,0,18,56
01/29/2023,BIS,ND,AGL,CE,Combined TRACON& Tower with Radar,11,6,9,0,26,0,2,2,0,4,11,8,11,0,30,8,0,8,38
01/30/2023,BIS,ND,AGL,CE,Combined TRACON& Tower with Radar,14,18,24,4,60,0,1,6,2,9,14,19,30,6,69,8,0,8,77
01/31/2023,BIS,ND,AGL,CE,Combined TRACON& Tower with Radar,12,12,21,2,47,0,0,17,1,18,12,12,38,3,65,0,0,0,65
02/01/2023,BIS,ND,AGL,CE,Combined TRACON& Tower with Radar,11,14,26,2,53,0,0,12,4,16,11,14,38,6,69,18,0,18,87
02/02/2023,BIS,ND,AGL,CE,Combined TRACON& Tower with Radar,13,21,35,2,71,0,5,12,0,17,13,26,47,2,88,2,0,2,90
02/03/2023,BIS,ND,AGL,CE,Combined TRACON& Tower with Radar,15,17,26,2,60,0,0,9,0,9,15,17,35,2,69,18,0,18,87
02/04/2023,BIS,ND,AGL,CE,Combined TRACON& Tower with Radar,13,14,3,0,30,0,0,7,0,7,13,14,10,0,37,28,0,28,65
02/05/2023,BIS,ND,AGL,CE,Combined TRACON& Tower with Radar,13,10,13,0,36,0,0,10,0,10,13,10,23,0,46,54,0,54,100
02/06/2023,BIS,ND,AGL,CE,Combined TRACON& Tower with Radar,15,15,23,6,59,0,1,16,6,23,15,16,39,12,82,0,0,0,82
02/07/2023,BIS,ND,AGL,CE,Combined TRACON& Tower with Radar,11,20,14,2,47,0,9,20,0,29,11,29,34,2,76,29,0,29,105
02/08/2023,BIS,ND,AGL,CE,Combined TRACON& Tower with Radar,14,24,20,0,58,0,4,28,4,36,14,28,48,4,94,52,2,54,148
02/09/2023,BIS,ND,AGL,CE,Combined TRACON& Tower with Radar,13,26,16,3,58,0,11,18,0,29,13,37,34,3,87,6,0,6,93
02/10/2023,BIS,ND,AGL,CE,Combined TRACON& Tower with Radar,16,18,24,0,58,0,2,13,4,19,16,20,37,4,77,14,0,14,91
02/11/2023,BIS,ND,AGL,CE,Combined TRACON& Tower with Radar,13,19,17,0,49,0,4,6,0,10,13,23,23,0,59,0,0,0,59
02/12/2023,BIS,ND,AGL,CE,Combined TRACON& Tower with Radar,12,9,11,0,32,0,3,9,0,12,12,12,20,0,44,0,0,0,44
02/13/2023,BIS,ND,AGL,CE,Combined TRACON& Tower with Radar,14,16,19,1,50,0,6,17,0,23,14,22,36,1,73,0,0,0,73
02/14/2023,BIS,ND,AGL,CE,Combined TRACON& Tower with Radar,10,18,15,0,43,0,0,0,1,1,10,18,15,1,44,0,2,2,46
02/15/2023,BIS,ND,AGL,CE,Combined TRACON& Tower with Radar,13,20,23,2,58,0,1,10,7,18,13,21,33,9,76,14,6,20,96
02/16/2023,BIS,ND,AGL,CE,Combined TRACON& Tower with Radar,17,21,47,2,87,0,2,10,2,14,17,23,57,4,101,12,0,12,113
02/17/2023,BIS,ND,AGL,CE,Combined TRACON& Tower with Radar,15,16,12,2,45,0,1,10,0,11,15,17,22,2,56,14,0,14,70
02/18/2023,BIS,ND,AGL,CE,Combined TRACON& Tower with Radar,13,18,11,0,42,0,0,8,0,8,13,18,19,0,50,32,0,32,82
02/19/2023,BIS,ND,AGL,CE,Combined TRACON& Tower with Radar,14,13,12,0,39,0,0,1,0,1,14,13,13,0,40,0,0,0,40
02/20/2023,BIS,ND,AGL,CE,Combined TRACON& Tower with Radar,17,15,19,0,51,0,0,3,0,3,17,15,22,0,54,0,0,0,54
02/21/2023,BIS,ND,AGL,CE,Combined TRACON& Tower with Radar,12,27,8,0,47,0,0,0,0,0,12,27,8,0,47,0,0,0,47
02/22/2023,BIS,ND,AGL,CE,Combined TRACON& Tower with Radar,11,18,12,0,41,0,0,5,0,5,11,18,17,0,46,0,0,0,46
02/23/2023,BIS,ND,AGL,CE,Combined TRACON& Tower with Radar,6,20,11,0,37,0,0,0,0,0,6,20,11,0,37,0,0,0,37
02/24/2023,BIS,ND,AGL,CE,Combined TRACON& Tower with Radar,15,26,27,8,76,0,0,5,5,10,15,26,32,13,86,6,0,6,92
02/25/2023,BIS,ND,AGL,CE,Combined TRACON& Tower with Radar,13,18,12,0,43,0,6,13,0,19,13,24,25,0,62,21,0,21,83
02/26/2023,BIS,ND,AGL,CE,Combined TRACON& Tower with Radar,11,10,20,0,41,0,2,20,0,22,11,12,40,0,63,0,0,0,63
02/27/2023,BIS,ND,AGL,CE,Combined TRACON& Tower with Radar,18,13,26,4,61,0,4,22,0,26,18,17,48,4,87,2,0,2,89
02/28/2023,BIS,ND,AGL,CE,Combined TRACON& Tower with Radar,11,17,20,1,49,0,0,2,2,4,11,17,22,3,53,21,0,21,74
03/01/2023,BIS,ND,AGL,CE,Combined TRACON& Tower with Radar,12,17,20,0,49,0,2,15,3,20,12,19,35,3,69,0,0,0,69
03/02/2023,BIS,ND,AGL,CE,Combined TRACON& Tower with Radar,10,26,21,2,59,0,1,12,0,13,10,27,33,2,72,22,0,22,94
03/03/2023,BIS,ND,AGL,CE,Combined TRACON& Tower with Radar,12,16,19,0,47,0,4,20,1,25,12,20,39,1,72,8,20,28,100
03/04/2023,BIS,ND,AGL,CE,Combined TRACON& Tower with Radar,11,18,15,0,44,0,1,23,0,24,11,19,38,0,68,6,0,6,74
03/05/2023,BIS,ND,AGL,CE,Combined TRACON& Tower with Radar,8,4,5,0,17,0,0,0,0,0,8,4,5,0,17,0,0,0,17
03/06/2023,BIS,ND,AGL,CE,Combined TRACON& Tower with Radar,15,24,25,0,64,0,0,8,0,8,15,24,33,0,72,12,0,12,84
03/07/2023,BIS,ND,AGL,CE,Combined TRACON& Tower with Radar,9,20,15,0,44,0,0,0,0,0,9,20,15,0,44,0,0,0,44
03/08/2023,BIS,ND,AGL,CE,Combined TRACON& Tower with Radar,13,31,21,2,67,0,2,0,0,2,13,33,21,2,69,0,21,21,90
03/09/2023,BIS,ND,AGL,CE,Combined TRACON& Tower with Radar,13,25,6,8,52,0,0,0,0,0,13,25,6,8,52,2,0,2,54
03/10/2023,BIS,ND,AGL,CE,Combined TRACON& Tower with Radar,10,18,14,0,42,0,0,0,0,0,10,18,14,0,42,0,0,0,42
03/11/2023,BIS,ND,AGL,CE,Combined TRACON& Tower with Radar,21,6,8,0,35,0,2,2,4,8,21,8,10,4,43,0,0,0,43
03/12/2023,BIS,ND,AGL,CE,Combined TRACON& Tower with Radar,14,7,9,2,32,0,2,6,0,8,14,9,15,2,40,0,0,0,40
03/13/2023,BIS,ND,AGL,CE,Combined TRACON& Tower with Radar,12,16,27,4,59,0,2,13,5,20,12,18,40,9,79,0,0,0,79
03/14/2023,BIS,ND,AGL,CE,Combined TRACON& Tower with Radar,10,19,25,4,58,0,3,20,5,28,10,22,45,9,86,4,6,10,96
03/15/2023,BIS,ND,AGL,CE,Combined TRACON& Tower with Radar,15,30,24,0,69,0,0,1,2,3,15,30,25,2,72,2,14,16,88
03/16/2023,BIS,ND,AGL,CE,Combined TRACON& Tower with Radar,12,28,23,0,63,0,0,10,0,10,12,28,33,0,73,20,0,20,93
03/17/2023,BIS,ND,AGL,CE,Combined TRACON& Tower with Radar,12,24,6,2,44,0,1,4,1,6,12,25,10,3,50,0,0,0,50
03/18/2023,BIS,ND,AGL,CE,Combined TRACON& Tower with Radar,13,19,12,8,52,0,2,17,0,19,13,21,29,8,71,23,0,23,94
03/19/2023,BIS,ND,AGL,CE,Combined TRACON& Tower with Radar,12,8,11,0,31,0,2,12,0,14,12,10,23,0,45,20,0,20,65
03/20/2023,BIS,ND,AGL,CE,Combined TRACON& Tower with Radar,12,15,28,4,59,0,0,4,1,5,12,15,32,5,64,6,0,6,70
03/21/2023,BIS,ND,AGL,CE,Combined TRACON& Tower with Radar,9,19,13,0,41,0,2,4,1,7,9,21,17,1,48,0,0,0,48
03/22/2023,BIS,ND,AGL,CE,Combined TRACON& Tower with Radar,13,26,19,2,60,0,0,3,3,6,13,26,22,5,66,0,8,8,74
03/23/2023,BIS,ND,AGL,CE,Combined TRACON& Tower with Radar,11,19,23,2,55,0,2,15,1,18,11,21,38,3,73,12,0,12,85
03/24/2023,BIS,ND,AGL,CE,Combined TRACON& Tower with Radar,12,18,20,0,50,0,0,1,0,1,12,18,21,0,51,0,0,0,51
03/25/2023,BIS,ND,AGL,CE,Combined TRACON& Tower with Radar,13,17,12,1,43,0,0,0,0,0,13,17,12,1,43,0,0,0,43
03/26/2023,BIS,ND,AGL,CE,Combined TRACON& Tower with Radar,11,8,8,0,27,0,0,0,0,0,11,8,8,0,27,0,0,0,27
03/27/2023,BIS,ND,AGL,CE,Combined TRACON& Tower with Radar,13,22,25,5,65,0,0,3,0,3,13,22,28,5,68,16,0,16,84
03/28/2023,BIS,ND,AGL,CE,Combined TRACON& Tower with Radar,9,23,33,4,69,0,2,16,1,19,9,25,49,5,88,8,0,8,96
03/29/2023,BIS,ND,AGL,CE,Combined TRACON& Tower with Radar,13,24,44,0,81,0,0,27,5,32,13,24,71,5,113,10,2,12,125
03/30/2023,BIS,ND,AGL,CE,Combined TRACON& Tower with Radar,11,21,41,4,77,0,3,15,0,18,11,24,56,4,95,26,0,26,121
03/31/2023,BIS,ND,AGL,CE,Combined TRACON& Tower with Radar,12,20,24,0,56,0,3,10,0,13,12,23,34,0,69,0,0,0,69
04/01/2023,BIS,ND,AGL,CE,Combined TRACON& Tower with Radar,13,23,20,2,58,0,0,18,0,18,13,23,38,2,76,41,0,41,117
04/02/2023,BIS,ND,AGL,CE,Combined TRACON& Tower with Radar,13,8,9,1,31,0,0,7,0,7,13,8,16,1,38,0,0,0,38
04/03/2023,BIS,ND,AGL,CE,Combined TRACON& Tower with Radar,13,26,22,0,61,0,0,0,0,0,13,26,22,0,61,22,0,22,83
04/04/2023,BIS,ND,AGL,CE,Combined TRACON& Tower with Radar,7,10,3,0,20,0,0,0,0,0,7,10,3,0,20,0,0,0,20
04/05/2023,BIS,ND,AGL,CE,Combined TRACON& Tower with Radar,14,19,7,0,40,0,1,1,0,2,14,20,8,0,42,0,0,0,42
04/06/2023,BIS,ND,AGL,CE,Combined TRACON& Tower with Radar,15,24,29,6,74,0,0,12,0,12,15,24,41,6,86,4,0,4,90
04/07/2023,BIS,ND,AGL,CE,Combined TRACON& Tower with Radar,16,20,10,4,50,0,0,9,0,9,16,20,19,4,59,0,2,2,61
04/08/2023,BIS,ND,AGL,CE,Combined TRACON& Tower with Radar,13,17,8,0,38,0,4,15,0,19,13,21,23,0,57,48,0,48,105
04/09/2023,BIS,ND,AGL,CE,Combined TRACON& Tower with Radar,14,9,2,0,25,0,1,6,0,7,14,10,8,0,32,0,0,0,32
04/10/2023,BIS,ND,AGL,CE,Combined TRACON& Tower with Radar,15,18,29,0,62,0,1,34,0,35,15,19,63,0,97,25,0,25,122
04/11/2023,BIS,ND,AGL,CE,Combined TRACON& Tower with Radar,14,22,35,5,76,0,4,64,3,71,14,26,99,8,147,91,0,91,238
04/12/2023,BIS,ND,AGL,CE,Combined TRACON& Tower with Radar,13,26,27,0,66,0,6,47,14,67,13,32,74,14,133,28,12,40,173
04/13/2023,BIS,ND,AGL,CE,Combined TRACON& Tower with Radar,12,27,26,2,67,0,0,11,2,13,12,27,37,4,80,4,0,4,84
04/14/2023,BIS,ND,AGL,CE,Combined TRACON& Tower with Radar,14,24,36,0,74,0,0,7,3,10,14,24,43,3,84,20,12,32,116
04/15/2023,BIS,ND,AGL,CE,Combined TRACON& Tower with Radar,11,21,12,0,44,0,0,4,13,17,11,21,16,13,61,22,12,34,95
04/16/2023,BIS,ND,AGL,CE,Combined TRACON& Tower with Radar,10,6,9,0,25,0,0,25,15,40,10,6,34,15,65,65,0,65,130
04/17/2023,BIS,ND,AGL,CE,Combined TRACON& Tower with Radar,16,23,29,4,72,0,1,34,0,35,16,24,63,4,107,9,0,9,116
04/18/2023,BIS,ND,AGL,CE,Combined TRACON& Tower with Radar,12,19,24,0,55,0,0,8,0,8,12,19,32,0,63,22,0,22,85
04/19/2023,BIS,ND,AGL,CE,Combined TRACON& Tower with Radar,13,27,49,5,94,0,0,11,16,27,13,27,60,21,121,10,6,16,137
04/20/2023,BIS,ND,AGL,CE,Combined TRACON& Tower with Radar,10,22,20,4,56,0,0,9,0,9,10,22,29,4,65,14,0,14,79
04/21/2023,BIS,ND,AGL,CE,Combined TRACON& Tower with Radar,16,27,21,0,64,0,0,1,0,1,16,27,22,0,65,0,0,0,65
04/22/2023,BIS,ND,AGL,CE,Combined TRACON& Tower with Radar,11,19,12,1,43,0,0,14,2,16,11,19,26,3,59,11,0,11,70
04/23/2023,BIS,ND,AGL,CE,Combined TRACON& Tower with Radar,10,8,16,1,35,0,0,52,0,52,10,8,68,1,87,76,0,76,163
04/24/2023,BIS,ND,AGL,CE,Combined TRACON& Tower with Radar,14,14,28,2,58,0,1,39,4,44,14,15,67,6,102,6,12,18,120
04/25/2023,BIS,ND,AGL,CE,Combined TRACON& Tower with Radar,11,21,46,4,82,0,5,30,1,36,11,26,76,5,118,89,0,89,207
04/26/2023,BIS,ND,AGL,CE,Combined TRACON& Tower with Radar,15,25,38,3,81,0,1,35,6,42,15,26,73,9,123,81,18,99,222
04/27/2023,BIS,ND,AGL,CE,Combined TRACON& Tower with Radar,10,29,25,4,68,0,1,10,0,11,10,30,35,4,79,4,0,4,83
04/28/2023,BIS,ND,AGL,CE,Combined TRACON& Tower with Radar,14,22,35,4,75,0,0,23,6,29,14,22,58,10,104,0,0,0,104
04/29/2023,BIS,ND,AGL,CE,Combined TRACON& Tower with Radar,11,22,9,0,42,0,0,5,0,5,11,22,14,0,47,0,0,0,47
04/30/2023,BIS,ND,AGL,CE,Combined TRACON& Tower with Radar,13,6,8,0,27,0,0,20,0,20,13,6,28,0,47,34,0,34,81
05/01/2023,BIS,ND,AGL,CE,Combined TRACON& Tower with Radar,17,14,34,2,67,0,3,41,0,44,17,17,75,2,111,37,0,37,148
05/02/2023,BIS,ND,AGL,CE,Combined TRACON& Tower with Radar,11,20,18,2,51,0,1,52,0,53,11,21,70,2,104,48,0,48,152
05/03/2023,BIS,ND,AGL,CE,Combined TRACON& Tower with Radar,12,21,20,0,53,0,1,55,1,57,12,22,75,1,110,46,0,46,156
05/04/2023,BIS,ND,AGL,CE,Combined TRACON& Tower with Radar,9,20,24,4,57,0,3,53,5,61,9,23,77,9,118,68,0,68,186
05/05/2023,BIS,ND,AGL,CE,Combined TRACON& Tower with Radar,14,19,21,2,56,0,5,23,2,30,14,24,44,4,86,73,0,73,159
05/06/2023,BIS,ND,AGL,CE,Combined TRACON& Tower with Radar,11,12,7,0,30,0,0,0,0,0,11,12,7,0,30,18,0,18,48
05/07/2023,BIS,ND,AGL,CE,Combined TRACON& Tower with Radar,12,7,12,0,31,0,2,2,0,4,12,9,14,0,35,6,0,6,41
05/08/2023,BIS,ND,AGL,CE,Combined TRACON& Tower with Radar,14,17,51,2,84,0,3,15,0,18,14,20,66,2,102,44,0,44,146
05/09/2023,BIS,ND,AGL,CE,Combined TRACON& Tower with Radar,10,24,31,2,67,0,0,14,0,14,10,24,45,2,81,6,0,6,87
05/10/2023,BIS,ND,AGL,CE,Combined TRACON& Tower with Radar,13,23,21,4,61,0,1,43,1,45,13,24,64,5,106,30,0,30,136
05/11/2023,BIS,ND,AGL,CE,Combined TRACON& Tower with Radar,11,27,24,6,68,0,1,22,0,23,11,28,46,6,91,8,0,8,99
05/12/2023,BIS,ND,AGL,CE,Combined TRACON& Tower with Radar,17,17,17,3,54,0,0,1,1,2,17,17,18,4,56,0,0,0,56
05/13/2023,BIS,ND,AGL,CE,Combined TRACON& Tower with Radar,11,16,20,0,47,0,0,4,0,4,11,16,24,0,51,0,0,0,51
05/14/2023,BIS,ND,AGL,CE,Combined TRACON& Tower with Radar,10,8,4,0,22,0,2,22,0,24,10,10,26,0,46,12,0,12,58
05/15/2023,BIS,ND,AGL,CE,Combined TRACON& Tower with Radar,15,14,32,2,63,2,1,44,1,48,17,15,76,3,111,8,0,8,119
05/16/2023,BIS,ND,AGL,CE,Combined TRACON& Tower with Radar,12,23,21,4,60,0,7,61,5,73,12,30,82,9,133,82,0,82,215
05/17/2023,BIS,ND,AGL,CE,Combined TRACON& Tower with Radar,14,21,45,0,80,0,0,3,1,4,14,21,48,1,84,0,0,0,84
05/18/2023,BIS,ND,AGL,CE,Combined TRACON& Tower with Radar,12,23,30,3,68,0,0,3,2,5,12,23,33,5,73,8,0,8,81
05/19/2023,BIS,ND,AGL,CE,Combined TRACON& Tower with Radar,12,18,27,2,59,0,2,50,0,52,12,20,77,2,111,24,0,24,135
05/20/2023,BIS,ND,AGL,CE,Combined TRACON& Tower with Radar,11,18,16,0,45,0,5,27,0,32,11,23,43,0,77,20,0,20,97
05/21/2023,BIS,ND,AGL,CE,Combined TRACON& Tower with Radar,13,7,14,0,34,0,10,18,0,28,13,17,32,0,62,57,0,57,119
05/22/2023,BIS,ND,AGL,CE,Combined TRACON& Tower with Radar,13,15,20,2,50,0,15,61,8,84,13,30,81,10,134,138,8,146,280
05/23/2023,BIS,ND,AGL,CE,Combined TRACON& Tower with Radar,10,21,35,2,68,0,3,39,2,44,10,24,74,4,112,60,12,72,184
05/24/2023,BIS,ND,AGL,CE,Combined TRACON& Tower with Radar,13,23,26,4,66,0,2,53,2,57,13,25,79,6,123,122,8,130,253
05/25/2023,BIS,ND,AGL,CE,Combined TRACON& Tower with Radar,13,23,24,9,69,0,0,17,8,25,13,23,41,17,94,7,0,7,101
05/26/2023,BIS,ND,AGL,CE,Combined TRACON& Tower with Radar,12,19,19,0,50,0,1,14,1,16,12,20,33,1,66,0,0,0,66
05/27/2023,BIS,ND,AGL,CE,Combined TRACON& Tower with Radar,12,13,3,0,28,0,2,14,2,18,12,15,17,2,46,6,0,6,52
05/28/2023,BIS,ND,AGL,CE,Combined TRACON& Tower with Radar,11,7,6,0,24,0,1,15,0,16,11,8,21,0,40,10,0,10,50
05/29/2023,BIS,ND,AGL,CE,Combined TRACON& Tower with Radar,13,9,12,0,34,0,2,13,8,23,13,11,25,8,57,14,0,14,71
05/30/2023,BIS,ND,AGL,CE,Combined TRACON& Tower with Radar,11,20,41,3,75,0,3,25,2,30,11,23,66,5,105,26,0,26,131
05/31/2023,BIS,ND,AGL,CE,Combined TRACON& Tower with Radar,15,21,34,0,70,0,0,20,1,21,15,21,54,1,91,68,2,70,161
06/01/2023,BIS,ND,AGL,CE,Combined TRACON& Tower with Radar,13,26,27,0,66,0,2,34,0,36,13,28,61,0,102,59,0,59,161
06/02/2023,BIS,ND,AGL,CE,Combined TRACON& Tower with Radar,17,15,24,0,56,0,0,13,3,16,17,15,37,3,72,30,0,30,102
06/03/2023,BIS,ND,AGL,CE,Combined TRACON& Tower with Radar,15,10,16,0,41,0,2,22,0,24,15,12,38,0,65,8,0,8,73
06/04/2023,BIS,ND,AGL,CE,Combined TRACON& Tower with Radar,17,6,16,0,39,0,2,5,0,7,17,8,21,0,46,6,0,6,52
06/05/2023,BIS,ND,AGL,CE,Combined TRACON& Tower with Radar,16,12,31,4,63,0,0,43,3,46,16,12,74,7,109,96,0,96,205
06/06/2023,BIS,ND,AGL,CE,Combined TRACON& Tower with Radar,14,21,27,2,64,0,2,21,1,24,14,23,48,3,88,20,0,20,108
06/07/2023,BIS,ND,AGL,CE,Combined TRACON& Tower with Radar,18,22,33,2,75,0,0,32,3,35,18,22,65,5,110,58,0,58,168
06/08/2023,BIS,ND,AGL,CE,Combined TRACON& Tower with Radar,19,29,23,6,77,0,0,20,1,21,19,29,43,7,98,20,0,20,118
06/09/2023,BIS,ND,AGL,CE,Combined TRACON& Tower with Radar,16,17,37,0,70,0,1,11,1,13,16,18,48,1,83,16,0,16,99
06/10/2023,BIS,ND,AGL,CE,Combined TRACON& Tower with Radar,16,19,12,0,47,0,0,24,1,25,16,19,36,1,72,38,0,38,110
06/11/2023,BIS,ND,AGL,CE,Combined TRACON& Tower with Radar,14,10,15,0,39,0,3,55,1,59,14,13,70,1,98,0,0,0,98
06/12/2023,BIS,ND,AGL,CE,Combined TRACON& Tower with Radar,19,13,25,0,57,0,3,53,0,56,19,16,78,0,113,52,0,52,165
06/13/2023,BIS,ND,AGL,CE,Combined TRACON& Tower with Radar,15,20,29,0,64,0,4,22,3,29,15,24,51,3,93,29,0,29,122
06/14/2023,BIS,ND,AGL,CE,Combined TRACON& Tower with Radar,19,21,39,2,81,0,8,50,5,63,19,29,89,7,144,34,60,94,238
06/15/2023,BIS,ND,AGL,CE,Combined TRACON& Tower with Radar,19,27,33,10,89,0,0,17,0,17,19,27,50,10,106,5,0,5,111
06/16/2023,BIS,ND,AGL,CE,Combined TRACON& Tower with Radar,20,17,55,0,92,0,1,16,0,17,20,18,71,0,109,0,0,0,109
06/17/2023,BIS,ND,AGL,CE,Combined TRACON& Tower with Radar,16,15,14,0,45,0,3,31,0,34,16,18,45,0,79,24,0,24,103
06/18/2023,BIS,ND,AGL,CE,Combined TRACON& Tower with Radar,19,5,10,1,35,0,4,29,0,33,19,9,39,1,68,30,0,30,98
06/19/2023,BIS,ND,AGL,CE,Combined TRACON& Tower with Radar,16,15,29,2,62,0,4,27,0,31,16,19,56,2,93,33,0,33,126
06/20/2023,BIS,ND,AGL,CE,Combined TRACON& Tower with Radar,14,16,32,1,63,0,0,28,3,31,14,16,60,4,94,6,0,6,100
06/21/2023,BIS,ND,AGL,CE,Combined TRACON& Tower with Radar,19,18,50,4,91,0,0,13,4,17,19,18,63,8,108,90,40,130,238
06/22/2023,BIS,ND,AGL,CE,Combined TRACON& Tower with Radar,13,20,43,2,78,0,0,9,0,9,13,20,52,2,87,38,0,38,125
06/23/2023,BIS,ND,AGL,CE,Combined TRACON& Tower with Radar,11,15,12,0,38,0,0,0,0,0,11,15,12,0,38,0,0,0,38
06/24/2023,BIS,ND,AGL,CE,Combined TRACON& Tower with Radar,13,13,9,0,35,0,0,1,0,1,13,13,10,0,36,0,0,0,36
06/25/2023,BIS,ND,AGL,CE,Combined TRACON& Tower with Radar,12,6,26,0,44,0,1,27,2,30,12,7,53,2,74,8,0,8,82
06/26/2023,BIS,ND,AGL,CE,Combined TRACON& Tower with Radar,10,15,27,2,54,0,0,61,0,61,10,15,88,2,115,67,0,67,182
06/27/2023,BIS,ND,AGL,CE,Combined TRACON& Tower with Radar,10,24,25,0,59,0,0,41,1,42,10,24,66,1,101,66,0,66,167
06/28/2023,BIS,ND,AGL,CE,Combined TRACON& Tower with Radar,14,26,43,0,83,0,5,23,6,34,14,31,66,6,117,35,12,47,164
06/29/2023,BIS,ND,AGL,CE,Combined TRACON& Tower with Radar,13,26,30,3,72,0,0,45,1,46,13,26,75,4,118,88,0,88,206
06/30/2023,BIS,ND,AGL,CE,Combined TRACON& Tower with Radar,14,21,38,0,73,0,1,30,0,31,14,22,68,0,104,37,0,37,141
07/01/2023,BIS,ND,AGL,CE,Combined TRACON& Tower with Radar,16,15,8,0,39,0,0,28,0,28,16,15,36,0,67,8,0,8,75
07/02/2023,BIS,ND,AGL,CE,Combined TRACON& Tower with Radar,16,5,10,0,31,0,1,27,0,28,16,6,37,0,59,46,0,46,105
07/03/2023,BIS,ND,AGL,CE,Combined TRACON& Tower with Radar,15,10,10,0,35,0,0,9,0,9,15,10,19,0,44,8,0,8,52
07/04/2023,BIS,ND,AGL,CE,Combined TRACON& Tower with Radar,11,8,7,0,26,0,0,7,0,7,11,8,14,0,33,51,0,51,84
07/05/2023,BIS,ND,AGL,CE,Combined TRACON& Tower with Radar,18,19,23,2,62,0,5,26,2,33,18,24,49,4,95,38,6,44,139
07/06/2023,BIS,ND,AGL,CE,Combined TRACON& Tower with Radar,15,21,33,2,71,0,2,38,0,40,15,23,71,2,111,44,0,44,155
07/07/2023,BIS,ND,AGL,CE,Combined TRACON& Tower with Radar,16,20,12,2,50,0,3,32,1,36,16,23,44,3,86,61,0,61,147
07/08/2023,BIS,ND,AGL,CE,Combined TRACON& Tower with Radar,17,13,5,0,35,0,1,23,0,24,17,14,28,0,59,0,0,0,59
07/09/2023,BIS,ND,AGL,CE,Combined TRACON& Tower with Radar,16,5,15,0,36,0,0,22,0,22,16,5,37,0,58,0,0,0,58
07/10/2023,BIS,ND,AGL,CE,Combined TRACON& Tower with Radar,17,13,25,0,55,0,1,31,0,32,17,14,56,0,87,80,0,80,167
07/11/2023,BIS,ND,AGL,CE,Combined TRACON& Tower with Radar,14,18,34,0,66,0,2,6,1,9,14,20,40,1,75,32,2,34,109
07/12/2023,BIS,ND,AGL,CE,Combined TRACON& Tower with Radar,19,19,40,9,87,0,3,16,9,28,19,22,56,18,115,58,26,84,199
07/13/2023,BIS,ND,AGL,CE,Combined TRACON& Tower with Radar,16,20,32,4,72,0,3,33,4,40,16,23,65,8,112,57,3,60,172
07/14/2023,BIS,ND,AGL,CE,Combined TRACON& Tower with Radar,16,19,28,5,68,0,3,13,1,17,16,22,41,6,85,98,0,98,183
07/15/2023,BIS,ND,AGL,CE,Combined TRACON& Tower with Radar,17,14,17,9,57,0,2,8,0,10,17,16,25,9,67,0,0,0,67
07/16/2023,BIS,ND,AGL,CE,Combined TRACON& Tower with Radar,14,5,15,0,34,0,2,10,0,12,14,7,25,0,46,32,0,32,78
07/17/2023,BIS,ND,AGL,CE,Combined TRACON& Tower with Radar,16,14,29,0,59,0,4,56,0,60,16,18,85,0,119,79,0,79,198
07/18/2023,BIS,ND,AGL,CE,Combined TRACON& Tower with Radar,14,25,37,2,78,0,0,17,0,17,14,25,54,2,95,16,0,16,111
07/19/2023,BIS,ND,AGL,CE,Combined TRACON& Tower with Radar,18,23,39,6,86,0,1,41,2,44,18,24,80,8,130,18,1,19,149
07/20/2023,BIS,ND,AGL,CE,Combined TRACON& Tower with Radar,17,21,39,2,79,0,2,46,1,49,17,23,85,3,128,46,0,46,174
07/21/2023,BIS,ND,AGL,CE,Combined TRACON& Tower with Radar,17,16,13,8,54,0,1,26,1,28,17,17,39,9,82,50,0,50,132
07/22/2023,BIS,ND,AGL,CE,Combined TRACON& Tower with Radar,16,13,7,1,37,0,1,40,0,41,16,14,47,1,78,0,0,0,78
07/23/2023,BIS,ND,AGL,CE,Combined TRACON& Tower with Radar,17,8,18,2,45,0,1,18,0,19,17,9,36,2,64,0,0,0,64
07/24/2023,BIS,ND,AGL,CE,Combined TRACON& Tower with Radar,16,22,28,4,70,0,6,33,7,46,16,28,61,11,116,36,0,36,152
07/25/2023,BIS,ND,AGL,CE,Combined TRACON& Tower with Radar,16,23,26,14,79,0,0,31,2,33,16,23,57,16,112,31,0,31,143
07/26/2023,BIS,ND,AGL,CE,Combined TRACON& Tower with Radar,18,16,32,6,72,0,2,25,14,41,18,18,57,20,113,72,4,76,189
07/27/2023,BIS,ND,AGL,CE,Combined TRACON& Tower with Radar,16,19,34,2,71,0,0,33,2,35,16,19,67,4,106,24,0,24,130
07/28/2023,BIS,ND,AGL,CE,Combined TRACON& Tower with Radar,16,16,34,4,70,0,0,21,0,21,16,16,55,4,91,0,0,0,91
07/29/2023,BIS,ND,AGL,CE,Combined TRACON& Tower with Radar,17,12,14,1,44,0,0,17,0,17,17,12,31,1,61,30,0,30,91
07/30/2023,BIS,ND,AGL,CE,Combined TRACON& Tower with Radar,14,5,15,0,34,0,0,36,0,36,14,5,51,0,70,12,0,12,82
07/31/2023,BIS,ND,AGL,CE,Combined TRACON& Tower with Radar,16,13,35,2,66,0,0,27,0,27,16,13,62,2,93,33,0,33,126
08/01/2023,BIS,ND,AGL,CE,Combined TRACON& Tower with Radar,15,21,18,4,58,0,2,43,1,46,15,23,61,5,104,66,4,70,174
08/02/2023,BIS,ND,AGL,CE,Combined TRACON& Tower with Radar,21,25,14,2,62,0,0,48,4,52,21,25,62,6,114,110,10,120,234
08/03/2023,BIS,ND,AGL,CE,Combined TRACON& Tower with Radar,15,18,24,4,61,0,0,41,6,47,15,18,65,10,108,32,0,32,140
08/04/2023,BIS,ND,AGL,CE,Combined TRACON& Tower with Radar,16,19,17,0,52,0,0,2,2,4,16,19,19,2,56,16,0,16,72
08/05/2023,BIS,ND,AGL,CE,Combined TRACON& Tower with Radar,17,15,7,0,39,0,0,12,0,12,17,15,19,0,51,6,0,6,57
08/06/2023,BIS,ND,AGL,CE,Combined TRACON& Tower with Radar,16,4,18,3,41,0,0,17,0,17,16,4,35,3,58,18,0,18,76
08/07/2023,BIS,ND,AGL,CE,Combined TRACON& Tower with Radar,16,14,24,4,58,0,0,26,4,30,16,14,50,8,88,22,0,22,110
08/08/2023,BIS,ND,AGL,CE,Combined TRACON& Tower with Radar,14,20,27,4,65,0,5,27,3,35,14,25,54,7,100,92,0,92,192
08/09/2023,BIS,ND,AGL,CE,Combined TRACON& Tower with Radar,20,16,35,10,81,0,3,13,5,21,20,19,48,15,102,16,6,22,124
08/10/2023,BIS,ND,AGL,CE,Combined TRACON& Tower with Radar,15,20,25,0,60,0,2,23,0,25,15,22,48,0,85,26,0,26,111
08/11/2023,BIS,ND,AGL,CE,Combined TRACON& Tower with Radar,16,20,19,1,56,0,2,18,1,21,16,22,37,2,77,24,0,24,101
08/12/2023,BIS,ND,AGL,CE,Combined TRACON& Tower with Radar,16,14,16,0,46,0,1,18,0,19,16,15,34,0,65,0,0,0,65
08/13/2023,BIS,ND,AGL,CE,Combined TRACON& Tower with Radar,15,7,9,0,31,0,0,8,0,8,15,7,17,0,39,30,0,30,69
08/14/2023,BIS,ND,AGL,CE,Combined TRACON& Tower with Radar,17,9,25,0,51,0,2,28,0,30,17,11,53,0,81,39,0,39,120
08/15/2023,BIS,ND,AGL,CE,Combined TRACON& Tower with Radar,14,17,33,0,64,0,4,19,0,23,14,21,52,0,87,14,0,14,101
08/16/2023,BIS,ND,AGL,CE,Combined TRACON& Tower with Radar,14,21,32,2,69,0,2,7,6,15,14,23,39,8,84,0,18,18,102
08/17/2023,BIS,ND,AGL,CE,Combined TRACON& Tower with Radar,13,15,35,4,67,0,0,65,2,67,13,15,100,6,134,48,0,48,182
08/18/2023,BIS,ND,AGL,CE,Combined TRACON& Tower with Radar,14,21,24,2,61,0,0,15,2,17,14,21,39,4,78,16,1,17,95
08/19/2023,BIS,ND,AGL,CE,Combined TRACON& Tower with Radar,13,15,10,0,38,0,0,11,1,12,13,15,21,1,50,0,0,0,50
08/20/2023,BIS,ND,AGL,CE,Combined TRACON& Tower with Radar,14,5,10,4,33,0,0,6,1,7,14,5,16,5,40,0,0,0,40
08/21/2023,BIS,ND,AGL,CE,Combined TRACON& Tower with Radar,15,14,36,4,69,0,0,5,0,5,15,14,41,4,74,20,0,20,94
08/22/2023,BIS,ND,AGL,CE,Combined TRACON& Tower with Radar,12,24,24,0,60,0,2,14,0,16,12,26,38,0,76,16,0,16,92
08/23/2023,BIS,ND,AGL,CE,Combined TRACON& Tower with Radar,14,18,22,0,54,0,1,15,3,19,14,19,37,3,73,47,0,47,120
08/24/2023,BIS,ND,AGL,CE,Combined TRACON& Tower with Radar,14,18,29,0,61,0,3,28,0,31,14,21,57,0,92,16,0,16,108
08/25/2023,BIS,ND,AGL,CE,Combined TRACON& Tower with Radar,14,14,39,3,70,0,2,26,0,28,14,16,65,3,98,42,0,42,140
08/26/2023,BIS,ND,AGL,CE,Combined TRACON& Tower with Radar,13,11,18,0,42,0,0,13,0,13,13,11,31,0,55,8,0,8,63
08/27/2023,BIS,ND,AGL,CE,Combined TRACON& Tower with Radar,14,2,25,0,41,0,0,29,0,29,14,2,54,0,70,70,0,70,140
08/28/2023,BIS,ND,AGL,CE,Combined TRACON& Tower with Radar,14,14,22,2,52,0,3,38,1,42,14,17,60,3,94,85,0,85,179
08/29/2023,BIS,ND,AGL,CE,Combined TRACON& Tower with Radar,14,22,24,5,65,0,0,32,0,32,14,22,56,5,97,81,0,81,178
08/30/2023,BIS,ND,AGL,CE,Combined TRACON& Tower with Radar,19,22,31,4,76,0,2,20,8,30,19,24,51,12,106,16,0,16,122
08/31/2023,BIS,ND,AGL,CE,Combined TRACON& Tower with Radar,15,18,22,1,56,0,2,16,3,21,15,20,38,4,77,11,0,11,88
