01/01/2020,BKV,FL,ASO,ES,Federal Contract Tower,0,1,4,0,5,0,3,37,0,40,0,4,41,0,45,142,0,142,187
01/02/2020,BKV,FL,ASO,ES,Federal Contract Tower,0,3,7,0,10,0,5,84,0,89,0,8,91,0,99,106,0,106,205
01/03/2020,BKV,FL,ASO,ES,Federal Contract Tower,0,4,12,5,21,0,0,14,0,14,0,4,26,5,35,25,0,25,60
01/04/2020,BKV,FL,ASO,ES,Federal Contract Tower,0,3,8,0,11,0,1,2,0,3,0,4,10,0,14,0,0,0,14
01/05/2020,BKV,FL,ASO,ES,Federal Contract Tower,0,3,9,0,12,0,3,82,2,87,0,6,91,2,99,81,16,97,196
01/06/2020,BKV,FL,ASO,ES,Federal Contract Tower,0,2,13,0,15,0,1,83,0,84,0,3,96,0,99,128,52,180,279
01/07/2020,BKV,FL,ASO,ES,Federal Contract Tower,0,2,5,0,7,0,3,102,4,109,0,5,107,4,116,104,0,104,220
01/08/2020,BKV,FL,ASO,ES,Federal Contract Tower,0,3,6,3,12,0,6,99,17,122,0,9,105,20,134,128,75,203,337
01/09/2020,BKV,FL,ASO,ES,Federal Contract Tower,0,4,10,0,14,0,7,63,1,71,0,11,73,1,85,74,24,98,183
01/10/2020,BKV,FL,ASO,ES,Federal Contract Tower,0,3,11,0,14,0,2,39,5,46,0,5,50,5,60,33,14,47,107
01/11/2020,BKV,FL,ASO,ES,Federal Contract Tower,0,1,5,2,8,0,5,34,4,43,0,6,39,6,51,39,0,39,90
01/12/2020,BKV,FL,ASO,ES,Federal Contract Tower,0,3,17,0,20,0,1,59,0,60,0,4,76,0,80,118,0,118,198
01/13/2020,BKV,FL,ASO,ES,Federal Contract Tower,0,2,1,0,3,0,5,73,16,94,0,7,74,16,97,79,50,129,226
01/14/2020,BKV,FL,ASO,ES,Federal Contract Tower,0,4,11,0,15,0,3,53,0,56,0,7,64,0,71,30,0,30,101
01/15/2020,BKV,FL,ASO,ES,Federal Contract Tower,0,0,14,1,15,0,2,80,9,91,0,2,94,10,106,78,57,135,241
01/16/2020,BKV,FL,ASO,ES,Federal Contract Tower,0,4,9,0,13,0,3,84,13,100,0,7,93,13,113,165,32,197,310
01/17/2020,BKV,FL,ASO,ES,Federal Contract Tower,0,3,10,0,13,0,0,57,0,57,0,3,67,0,70,29,0,29,99
01/18/2020,BKV,FL,ASO,ES,Federal Contract Tower,0,1,9,0,10,0,7,57,2,66,0,8,66,2,76,44,10,54,130
01/19/2020,BKV,FL,ASO,ES,Federal Contract Tower,0,1,5,0,6,0,4,21,0,25,0,5,26,0,31,46,0,46,77
01/20/2020,BKV,FL,ASO,ES,Federal Contract Tower,0,4,8,0,12,0,7,72,0,79,0,11,80,0,91,134,36,170,261
01/21/2020,BKV,FL,ASO,ES,Federal Contract Tower,0,5,1,1,7,0,2,48,4,54,0,7,49,5,61,71,59,130,191
01/22/2020,BKV,FL,ASO,ES,Federal Contract Tower,0,3,13,5,21,0,4,73,10,87,0,7,86,15,108,119,87,206,314
01/23/2020,BKV,FL,ASO,ES,Federal Contract Tower,0,5,13,2,20,0,0,40,18,58,0,5,53,20,78,164,32,196,274
01/24/2020,BKV,FL,ASO,ES,Federal Contract Tower,0,4,15,1,20,0,3,57,5,65,0,7,72,6,85,109,22,131,216
01/25/2020,BKV,FL,ASO,ES,Federal Contract Tower,0,1,9,0,10,0,5,94,0,99,0,6,103,0,109,80,0,80,189
01/26/2020,BKV,FL,ASO,ES,Federal Contract Tower,0,3,14,0,17,0,1,65,0,66,0,4,79,0,83,83,0,83,166
01/27/2020,BKV,FL,ASO,ES,Federal Contract Tower,0,1,11,0,12,0,8,53,2,63,0,9,64,2,75,109,50,159,234
01/28/2020,BKV,FL,ASO,ES,Federal Contract Tower,0,4,14,2,20,0,3,89,11,103,0,7,103,13,123,89,0,89,212
01/29/2020,BKV,FL,ASO,ES,Federal Contract Tower,0,6,16,2,24,0,5,80,1,86,0,11,96,3,110,178,0,178,288
01/30/2020,BKV,FL,ASO,ES,Federal Contract Tower,0,4,20,0,24,0,0,15,0,15,0,4,35,0,39,39,0,39,78
01/31/2020,BKV,FL,ASO,ES,Federal Contract Tower,0,1,16,6,23,0,2,43,20,65,0,3,59,26,88,129,16,145,233
02/01/2020,BKV,FL,ASO,ES,Federal Contract Tower,0,7,37,0,44,0,1,2,0,3,0,8,39,0,47,0,0,0,47
02/02/2020,BKV,FL,ASO,ES,Federal Contract Tower,0,0,8,0,8,0,3,66,0,69,0,3,74,0,77,52,0,52,129
02/03/2020,BKV,FL,ASO,ES,Federal Contract Tower,0,1,4,10,15,0,3,95,19,117,0,4,99,29,132,149,73,222,354
02/04/2020,BKV,FL,ASO,ES,Federal Contract Tower,0,4,5,1,10,0,1,113,1,115,0,5,118,2,125,159,0,159,284
02/05/2020,BKV,FL,ASO,ES,Federal Contract Tower,0,1,15,2,18,0,6,88,15,109,0,7,103,17,127,98,55,153,280
02/06/2020,BKV,FL,ASO,ES,Federal Contract Tower,0,6,8,1,15,0,3,3,1,7,0,9,11,2,22,0,32,32,54
02/07/2020,BKV,FL,ASO,ES,Federal Contract Tower,0,2,7,0,9,0,4,33,2,39,0,6,40,2,48,45,0,45,93
02/08/2020,BKV,FL,ASO,ES,Federal Contract Tower,0,0,19,1,20,0,4,101,7,112,0,4,120,8,132,35,11,46,178
02/09/2020,BKV,FL,ASO,ES,Federal Contract Tower,0,2,8,0,10,0,3,74,0,77,0,5,82,0,87,97,0,97,184
02/10/2020,BKV,FL,ASO,ES,Federal Contract Tower,0,7,3,7,17,0,0,73,17,90,0,7,76,24,107,104,56,160,267
02/11/2020,BKV,FL,ASO,ES,Federal Contract Tower,0,1,6,2,9,0,2,83,4,89,0,3,89,6,98,117,5,122,220
02/12/2020,BKV,FL,ASO,ES,Federal Contract Tower,0,3,11,7,21,0,2,68,10,80,0,5,79,17,101,84,30,114,215
02/13/2020,BKV,FL,ASO,ES,Federal Contract Tower,0,6,21,5,32,0,8,29,7,44,0,14,50,12,76,5,13,18,94
02/14/2020,BKV,FL,ASO,ES,Federal Contract Tower,0,3,29,1,33,0,0,13,0,13,0,3,42,1,46,56,0,56,102
02/15/2020,BKV,FL,ASO,ES,Federal Contract Tower,0,2,8,0,10,0,2,88,0,90,0,4,96,0,100,101,0,101,201
02/16/2020,BKV,FL,ASO,ES,Federal Contract Tower,0,4,13,0,17,0,4,59,4,67,0,8,72,4,84,83,0,83,167
02/17/2020,BKV,FL,ASO,ES,Federal Contract Tower,0,4,44,0,48,0,2,67,2,71,0,6,111,2,119,89,6,95,214
02/18/2020,BKV,FL,ASO,ES,Federal Contract Tower,0,5,19,1,25,0,3,76,5,84,0,8,95,6,109,116,32,148,257
02/19/2020,BKV,FL,ASO,ES,Federal Contract Tower,0,2,13,0,15,0,0,75,18,93,0,2,88,18,108,174,16,190,298
02/20/2020,BKV,FL,ASO,ES,Federal Contract Tower,0,1,12,0,13,0,1,38,5,44,0,2,50,5,57,40,13,53,110
02/21/2020,BKV,FL,ASO,ES,Federal Contract Tower,0,4,10,1,15,0,3,4,2,9,0,7,14,3,24,15,0,15,39
02/22/2020,BKV,FL,ASO,ES,Federal Contract Tower,0,1,9,0,10,0,4,94,0,98,0,5,103,0,108,50,0,50,158
02/23/2020,BKV,FL,ASO,ES,Federal Contract Tower,0,2,10,0,12,0,4,74,1,79,0,6,84,1,91,92,0,92,183
02/24/2020,BKV,FL,ASO,ES,Federal Contract Tower,0,4,9,1,14,0,0,66,21,87,0,4,75,22,101,45,70,115,216
02/25/2020,BKV,FL,ASO,ES,Federal Contract Tower,0,5,6,0,11,0,1,29,4,34,0,6,35,4,45,91,55,146,191
02/26/2020,BKV,FL,ASO,ES,Federal Contract Tower,0,3,12,0,15,0,1,26,0,27,0,4,38,0,42,10,0,10,52
02/27/2020,BKV,FL,ASO,ES,Federal Contract Tower,0,3,12,0,15,0,1,70,14,85,0,4,82,14,100,57,48,105,205
02/28/2020,BKV,FL,ASO,ES,Federal Contract Tower,0,1,15,0,16,0,2,77,9,88,0,3,92,9,104,103,24,127,231
02/29/2020,BKV,FL,ASO,ES,Federal Contract Tower,0,1,6,0,7,0,1,63,2,66,0,2,69,2,73,73,0,73,146
03/01/2020,BKV,FL,ASO,ES,Federal Contract Tower,0,0,4,0,4,0,4,88,4,96,0,4,92,4,100,110,0,110,210
03/02/2020,BKV,FL,ASO,ES,Federal Contract Tower,0,5,8,0,13,0,5,62,2,69,0,10,70,2,82,62,95,157,239
03/03/2020,BKV,FL,ASO,ES,Federal Contract Tower,0,2,6,0,8,0,3,75,7,85,0,5,81,7,93,99,17,116,209
03/04/2020,BKV,FL,ASO,ES,Federal Contract Tower,0,4,9,0,13,0,1,104,9,114,0,5,113,9,127,53,60,113,240
03/05/2020,BKV,FL,ASO,ES,Federal Contract Tower,0,0,7,1,8,0,4,15,0,19,0,4,22,1,27,4,0,4,31
03/06/2020,BKV,FL,ASO,ES,Federal Contract Tower,0,4,8,4,16,0,3,49,16,68,0,7,57,20,84,24,26,50,134
03/07/2020,BKV,FL,ASO,ES,Federal Contract Tower,0,0,12,0,12,0,5,142,0,147,0,5,154,0,159,88,0,88,247
03/08/2020,BKV,FL,ASO,ES,Federal Contract Tower,0,0,8,0,8,0,2,86,0,88,0,2,94,0,96,80,0,80,176
03/09/2020,BKV,FL,ASO,ES,Federal Contract Tower,0,4,12,0,16,0,1,80,0,81,0,5,92,0,97,180,54,234,331
03/10/2020,BKV,FL,ASO,ES,Federal Contract Tower,0,2,6,2,10,0,2,117,2,121,0,4,123,4,131,192,0,192,323
03/11/2020,BKV,FL,ASO,ES,Federal Contract Tower,0,4,8,1,13,0,6,112,10,128,0,10,120,11,141,109,94,203,344
03/12/2020,BKV,FL,ASO,ES,Federal Contract Tower,0,3,15,2,20,0,2,136,14,152,0,5,151,16,172,224,93,317,489
03/13/2020,BKV,FL,ASO,ES,Federal Contract Tower,0,2,7,2,11,0,2,99,7,108,0,4,106,9,119,146,15,161,280
03/14/2020,BKV,FL,ASO,ES,Federal Contract Tower,0,4,5,0,9,0,3,128,1,132,0,7,133,1,141,132,0,132,273
03/15/2020,BKV,FL,ASO,ES,Federal Contract Tower,0,7,10,0,17,0,3,93,0,96,0,10,103,0,113,191,0,191,304
03/16/2020,BKV,FL,ASO,ES,Federal Contract Tower,0,2,15,0,17,0,0,87,4,91,0,2,102,4,108,148,12,160,268
03/17/2020,BKV,FL,ASO,ES,Federal Contract Tower,0,3,16,9,28,0,3,63,3,69,0,6,79,12,97,172,40,212,309
03/18/2020,BKV,FL,ASO,ES,Federal Contract Tower,0,1,6,1,8,0,6,89,8,103,0,7,95,9,111,86,93,179,290
03/19/2020,BKV,FL,ASO,ES,Federal Contract Tower,0,4,7,4,15,0,3,61,4,68,0,7,68,8,83,92,27,119,202
03/20/2020,BKV,FL,ASO,ES,Federal Contract Tower,0,5,18,4,27,0,10,100,5,115,0,15,118,9,142,149,12,161,303
03/21/2020,BKV,FL,ASO,ES,Federal Contract Tower,0,3,4,0,7,0,4,79,0,83,0,7,83,0,90,120,0,120,210
03/22/2020,BKV,FL,ASO,ES,Federal Contract Tower,0,4,4,1,9,0,2,73,6,81,0,6,77,7,90,72,2,74,164
03/23/2020,BKV,FL,ASO,ES,Federal Contract Tower,0,1,8,1,10,0,0,41,0,41,0,1,49,1,51,115,30,145,196
03/24/2020,BKV,FL,ASO,ES,Federal Contract Tower,0,1,4,6,11,0,11,72,0,83,0,12,76,6,94,201,0,201,295
03/25/2020,BKV,FL,ASO,ES,Federal Contract Tower,0,0,11,3,14,0,2,43,7,52,0,2,54,10,66,132,23,155,221
03/26/2020,BKV,FL,ASO,ES,Federal Contract Tower,0,3,16,2,21,0,7,70,7,84,0,10,86,9,105,144,32,176,281
03/27/2020,BKV,FL,ASO,ES,Federal Contract Tower,0,2,10,0,12,0,0,51,3,54,0,2,61,3,66,108,0,108,174
03/28/2020,BKV,FL,ASO,ES,Federal Contract Tower,0,0,7,0,7,0,1,61,0,62,0,1,68,0,69,182,0,182,251
03/29/2020,BKV,FL,ASO,ES,Federal Contract Tower,0,2,1,0,3,0,0,56,0,56,0,2,57,0,59,202,0,202,261
03/30/2020,BKV,FL,ASO,ES,Federal Contract Tower,0,2,11,0,13,0,0,59,6,65,0,2,70,6,78,110,62,172,250
03/31/2020,BKV,FL,ASO,ES,Federal Contract Tower,0,2,9,0,11,0,1,25,7,33,0,3,34,7,44,45,30,75,119
04/01/2020,BKV,FL,ASO,ES,Federal Contract Tower,0,0,7,2,9,0,0,77,10,87,0,0,84,12,96,172,23,195,291
04/02/2020,BKV,FL,ASO,ES,Federal Contract Tower,0,0,8,0,8,0,2,107,12,121,0,2,115,12,129,131,42,173,302
04/03/2020,BKV,FL,ASO,ES,Federal Contract Tower,0,1,10,0,11,0,2,59,7,68,0,3,69,7,79,165,14,179,258
04/04/2020,BKV,FL,ASO,ES,Federal Contract Tower,0,2,4,0,6,0,6,92,9,107,0,8,96,9,113,126,30,156,269
04/05/2020,BKV,FL,ASO,ES,Federal Contract Tower,0,4,3,5,12,0,0,6,3,9,0,4,9,8,21,0,11,11,32
04/06/2020,BKV,FL,ASO,ES,Federal Contract Tower,0,2,16,3,21,0,3,49,5,57,0,5,65,8,78,176,84,260,338
04/07/2020,BKV,FL,ASO,ES,Federal Contract Tower,0,1,5,0,6,0,3,61,0,64,0,4,66,0,70,105,46,151,221
04/08/2020,BKV,FL,ASO,ES,Federal Contract Tower,0,1,14,1,16,0,0,68,11,79,0,1,82,12,95,237,26,263,358
04/09/2020,BKV,FL,ASO,ES,Federal Contract Tower,0,2,10,0,12,0,0,19,14,33,0,2,29,14,45,62,31,93,138
04/10/2020,BKV,FL,ASO,ES,Federal Contract Tower,0,3,6,0,9,0,1,50,1,52,0,4,56,1,61,127,24,151,212
04/11/2020,BKV,FL,ASO,ES,Federal Contract Tower,0,0,2,0,2,0,0,108,2,110,0,0,110,2,112,172,13,185,297
04/12/2020,BKV,FL,ASO,ES,Federal Contract Tower,0,0,4,0,4,0,0,24,18,42,0,0,28,18,46,4,0,4,50
04/13/2020,BKV,FL,ASO,ES,Federal Contract Tower,0,3,7,3,13,0,2,20,1,23,0,5,27,4,36,42,47,89,125
04/14/2020,BKV,FL,ASO,ES,Federal Contract Tower,0,1,3,0,4,0,0,47,0,47,0,1,50,0,51,79,0,79,130
04/15/2020,BKV,FL,ASO,ES,Federal Contract Tower,0,0,4,0,4,0,0,7,0,7,0,0,11,0,11,0,20,20,31
04/16/2020,BKV,FL,ASO,ES,Federal Contract Tower,0,2,7,0,9,0,0,14,9,23,0,2,21,9,32,4,21,25,57
04/17/2020,BKV,FL,ASO,ES,Federal Contract Tower,0,0,13,8,21,0,2,84,4,90,0,2,97,12,111,187,16,203,314
04/18/2020,BKV,FL,ASO,ES,Federal Contract Tower,0,0,0,0,0,0,1,31,0,32,0,1,31,0,32,17,0,17,49
04/19/2020,BKV,FL,ASO,ES,Federal Contract Tower,0,3,2,0,5,0,4,83,1,88,0,7,85,1,93,56,2,58,151
04/20/2020,BKV,FL,ASO,ES,Federal Contract Tower,0,2,3,0,5,0,2,19,0,21,0,4,22,0,26,32,34,66,92
04/21/2020,BKV,FL,ASO,ES,Federal Contract Tower,0,0,11,0,11,0,0,138,0,138,0,0,149,0,149,179,0,179,328
04/22/2020,BKV,FL,ASO,ES,Federal Contract Tower,0,0,8,0,8,0,0,106,9,115,0,0,114,9,123,133,22,155,278
04/23/2020,BKV,FL,ASO,ES,Federal Contract Tower,0,4,9,0,13,0,0,47,10,57,0,4,56,10,70,9,32,41,111
04/24/2020,BKV,FL,ASO,ES,Federal Contract Tower,0,1,7,0,8,0,0,2,0,2,0,1,9,0,10,4,0,4,14
04/25/2020,BKV,FL,ASO,ES,Federal Contract Tower,0,3,0,0,3,0,2,46,0,48,0,5,46,0,51,117,0,117,168
04/26/2020,BKV,FL,ASO,ES,Federal Contract Tower,0,5,7,0,12,0,3,76,2,81,0,8,83,2,93,68,0,68,161
04/27/2020,BKV,FL,ASO,ES,Federal Contract Tower,0,3,5,0,8,0,4,96,0,100,0,7,101,0,108,174,0,174,282
04/28/2020,BKV,FL,ASO,ES,Federal Contract Tower,0,3,19,4,26,0,3,108,0,111,0,6,127,4,137,189,0,189,326
04/29/2020,BKV,FL,ASO,ES,Federal Contract Tower,0,3,9,0,12,0,3,115,7,125,0,6,124,7,137,178,71,249,386
04/30/2020,BKV,FL,ASO,ES,Federal Contract Tower,0,1,5,1,7,0,0,20,3,23,0,1,25,4,30,5,20,25,55
05/01/2020,BKV,FL,ASO,ES,Federal Contract Tower,0,0,9,0,9,0,0,93,4,97,0,0,102,4,106,109,21,130,236
05/02/2020,BKV,FL,ASO,ES,Federal Contract Tower,0,1,10,0,11,0,1,107,0,108,0,2,117,0,119,110,0,110,229
05/03/2020,BKV,FL,ASO,ES,Federal Contract Tower,0,3,11,0,14,0,3,101,0,104,0,6,112,0,118,58,6,64,182
05/04/2020,BKV,FL,ASO,ES,Federal Contract Tower,0,1,9,3,13,0,0,58,1,59,0,1,67,4,72,87,53,140,212
05/05/2020,BKV,FL,ASO,ES,Federal Contract Tower,0,2,15,0,17,0,2,87,6,95,0,4,102,6,112,194,100,294,406
05/06/2020,BKV,FL,ASO,ES,Federal Contract Tower,0,0,10,0,10,0,0,83,6,89,0,0,93,6,99,161,28,189,288
05/07/2020,BKV,FL,ASO,ES,Federal Contract Tower,0,3,11,0,14,0,0,122,14,136,0,3,133,14,150,54,36,90,240
05/08/2020,BKV,FL,ASO,ES,Federal Contract Tower,0,1,11,2,14,0,2,109,4,115,0,3,120,6,129,114,8,122,251
05/09/2020,BKV,FL,ASO,ES,Federal Contract Tower,0,4,10,0,14,0,0,102,3,105,0,4,112,3,119,180,39,219,338
05/10/2020,BKV,FL,ASO,ES,Federal Contract Tower,0,1,8,7,16,0,0,31,1,32,0,1,39,8,48,23,4,27,75
05/11/2020,BKV,FL,ASO,ES,Federal Contract Tower,0,2,9,0,11,0,3,74,1,78,0,5,83,1,89,96,37,133,222
05/12/2020,BKV,FL,ASO,ES,Federal Contract Tower,0,1,15,0,16,0,2,76,1,79,0,3,91,1,95,114,27,141,236
05/13/2020,BKV,FL,ASO,ES,Federal Contract Tower,0,1,13,4,18,0,1,86,12,99,0,2,99,16,117,105,98,203,320
05/14/2020,BKV,FL,ASO,ES,Federal Contract Tower,0,1,12,8,21,0,0,61,21,82,0,1,73,29,103,86,40,126,229
05/15/2020,BKV,FL,ASO,ES,Federal Contract Tower,0,0,3,2,5,0,3,62,4,69,0,3,65,6,74,94,2,96,170
05/16/2020,BKV,FL,ASO,ES,Federal Contract Tower,0,0,25,0,25,0,2,55,6,63,0,2,80,6,88,92,0,92,180
05/17/2020,BKV,FL,ASO,ES,Federal Contract Tower,0,1,17,0,18,0,1,90,0,91,0,2,107,0,109,125,0,125,234
05/18/2020,BKV,FL,ASO,ES,Federal Contract Tower,0,3,3,0,6,0,4,16,2,22,0,7,19,2,28,12,0,12,40
05/19/2020,BKV,FL,ASO,ES,Federal Contract Tower,0,3,9,0,12,0,5,75,3,83,0,8,84,3,95,141,35,176,271
05/20/2020,BKV,FL,ASO,ES,Federal Contract Tower,0,1,14,3,18,0,2,105,10,117,0,3,119,13,135,71,43,114,249
05/21/2020,BKV,FL,ASO,ES,Federal Contract Tower,0,0,12,0,12,0,2,52,14,68,0,2,64,14,80,133,90,223,303
05/22/2020,BKV,FL,ASO,ES,Federal Contract Tower,0,1,16,0,17,0,0,89,2,91,0,1,105,2,108,201,12,213,321
05/23/2020,BKV,FL,ASO,ES,Federal Contract Tower,0,3,12,0,15,0,1,91,0,92,0,4,103,0,107,218,0,218,325
05/24/2020,BKV,FL,ASO,ES,Federal Contract Tower,0,2,4,0,6,0,1,47,0,48,0,3,51,0,54,75,0,75,129
05/25/2020,BKV,FL,ASO,ES,Federal Contract Tower,0,1,2,4,7,0,0,5,0,5,0,1,7,4,12,14,0,14,26
05/26/2020,BKV,FL,ASO,ES,Federal Contract Tower,0,2,21,0,23,0,0,53,2,55,0,2,74,2,78,184,29,213,291
05/27/2020,BKV,FL,ASO,ES,Federal Contract Tower,0,0,33,0,33,0,3,70,13,86,0,3,103,13,119,137,91,228,347
05/28/2020,BKV,FL,ASO,ES,Federal Contract Tower,0,3,9,0,12,0,0,77,2,79,0,3,86,2,91,90,6,96,187
05/29/2020,BKV,FL,ASO,ES,Federal Contract Tower,0,1,13,0,14,0,3,106,6,115,0,4,119,6,129,127,0,127,256
05/30/2020,BKV,FL,ASO,ES,Federal Contract Tower,0,0,16,0,16,0,2,102,0,104,0,2,118,0,120,158,0,158,278
05/31/2020,BKV,FL,ASO,ES,Federal Contract Tower,0,0,10,0,10,0,0,91,0,91,0,0,101,0,101,73,0,73,174
06/01/2020,BKV,FL,ASO,ES,Federal Contract Tower,0,1,21,4,26,0,0,71,2,73,0,1,92,6,99,108,29,137,236
06/02/2020,BKV,FL,ASO,ES,Federal Contract Tower,0,4,11,1,16,0,4,61,3,68,0,8,72,4,84,152,55,207,291
06/03/2020,BKV,FL,ASO,ES,Federal Contract Tower,0,3,23,1,27,0,0,56,6,62,0,3,79,7,89,151,0,151,240
06/04/2020,BKV,FL,ASO,ES,Federal Contract Tower,0,8,2,0,10,0,0,18,0,18,0,8,20,0,28,35,0,35,63
06/05/2020,BKV,FL,ASO,ES,Federal Contract Tower,0,0,9,0,9,0,0,47,0,47,0,0,56,0,56,106,0,106,162
06/06/2020,BKV,FL,ASO,ES,Federal Contract Tower,0,0,2,0,2,0,0,3,0,3,0,0,5,0,5,0,0,0,5
06/07/2020,BKV,FL,ASO,ES,Federal Contract Tower,0,1,3,0,4,0,0,14,0,14,0,1,17,0,18,20,0,20,38
06/08/2020,BKV,FL,ASO,ES,Federal Contract Tower,0,0,11,0,11,0,0,28,0,28,0,0,39,0,39,39,6,45,84
06/09/2020,BKV,FL,ASO,ES,Federal Contract Tower,0,0,19,1,20,0,2,67,17,86,0,2,86,18,106,200,74,274,380
06/10/2020,BKV,FL,ASO,ES,Federal Contract Tower,0,2,12,9,23,0,3,78,13,94,0,5,90,22,117,199,66,265,382
06/11/2020,BKV,FL,ASO,ES,Federal Contract Tower,0,4,12,2,18,0,2,78,15,95,0,6,90,17,113,283,31,314,427
06/12/2020,BKV,FL,ASO,ES,Federal Contract Tower,0,0,20,8,28,0,5,133,2,140,0,5,153,10,168,250,50,300,468
06/13/2020,BKV,FL,ASO,ES,Federal Contract Tower,0,1,12,0,13,0,3,59,0,62,0,4,71,0,75,133,0,133,208
06/14/2020,BKV,FL,ASO,ES,Federal Contract Tower,0,6,7,0,13,0,6,117,0,123,0,12,124,0,136,159,0,159,295
06/15/2020,BKV,FL,ASO,ES,Federal Contract Tower,0,2,18,1,21,0,3,90,11,104,0,5,108,12,125,154,66,220,345
06/16/2020,BKV,FL,ASO,ES,Federal Contract Tower,0,0,11,7,18,0,4,99,8,111,0,4,110,15,129,110,56,166,295
06/17/2020,BKV,FL,ASO,ES,Federal Contract Tower,0,0,7,8,15,0,0,100,27,127,0,0,107,35,142,213,86,299,441
06/18/2020,BKV,FL,ASO,ES,Federal Contract Tower,0,2,8,0,10,0,0,99,5,104,0,2,107,5,114,230,16,246,360
06/19/2020,BKV,FL,ASO,ES,Federal Contract Tower,0,0,9,1,10,0,2,61,3,66,0,2,70,4,76,223,13,236,312
06/20/2020,BKV,FL,ASO,ES,Federal Contract Tower,0,2,7,0,9,0,0,102,0,102,0,2,109,0,111,121,0,121,232
06/21/2020,BKV,FL,ASO,ES,Federal Contract Tower,0,0,6,0,6,0,2,65,0,67,0,2,71,0,73,107,0,107,180
06/22/2020,BKV,FL,ASO,ES,Federal Contract Tower,0,0,14,1,15,0,0,85,5,90,0,0,99,6,105,151,32,183,288
06/23/2020,BKV,FL,ASO,ES,Federal Contract Tower,0,5,11,1,17,0,1,92,5,98,0,6,103,6,115,107,31,138,253
06/24/2020,BKV,FL,ASO,ES,Federal Contract Tower,0,5,8,12,25,0,4,101,12,117,0,9,109,24,142,265,54,319,461
06/25/2020,BKV,FL,ASO,ES,Federal Contract Tower,0,1,17,4,22,0,4,101,5,110,0,5,118,9,132,216,40,256,388
06/26/2020,BKV,FL,ASO,ES,Federal Contract Tower,0,2,9,2,13,0,1,92,1,94,0,3,101,3,107,141,8,149,256
06/27/2020,BKV,FL,ASO,ES,Federal Contract Tower,0,2,12,0,14,0,4,101,0,105,0,6,113,0,119,167,0,167,286
06/28/2020,BKV,FL,ASO,ES,Federal Contract Tower,0,0,7,0,7,0,0,67,0,67,0,0,74,0,74,139,0,139,213
06/29/2020,BKV,FL,ASO,ES,Federal Contract Tower,0,2,3,0,5,0,0,85,4,89,0,2,88,4,94,175,22,197,291
06/30/2020,BKV,FL,ASO,ES,Federal Contract Tower,0,1,21,4,26,0,2,112,9,123,0,3,133,13,149,72,45,117,266
07/01/2020,BKV,FL,ASO,ES,Federal Contract Tower,0,2,8,3,13,0,2,59,17,78,0,4,67,20,91,183,55,238,329
07/02/2020,BKV,FL,ASO,ES,Federal Contract Tower,0,4,14,0,18,0,2,53,0,55,0,6,67,0,73,75,0,75,148
07/03/2020,BKV,FL,ASO,ES,Federal Contract Tower,0,3,4,0,7,0,1,33,2,36,0,4,37,2,43,45,24,69,112
07/04/2020,BKV,FL,ASO,ES,Federal Contract Tower,0,1,1,0,2,0,3,37,3,43,0,4,38,3,45,85,0,85,130
07/05/2020,BKV,FL,ASO,ES,Federal Contract Tower,0,0,9,0,9,0,2,21,0,23,0,2,30,0,32,48,0,48,80
07/06/2020,BKV,FL,ASO,ES,Federal Contract Tower,0,2,8,0,10,0,0,35,2,37,0,2,43,2,47,64,7,71,118
07/07/2020,BKV,FL,ASO,ES,Federal Contract Tower,0,1,11,0,12,0,0,35,1,36,0,1,46,1,48,75,20,95,143
07/08/2020,BKV,FL,ASO,ES,Federal Contract Tower,0,2,7,0,9,0,1,50,4,55,0,3,57,4,64,78,0,78,142
07/09/2020,BKV,FL,ASO,ES,Federal Contract Tower,0,1,8,0,9,0,2,110,0,112,0,3,118,0,121,95,0,95,216
07/10/2020,BKV,FL,ASO,ES,Federal Contract Tower,0,0,8,0,8,0,2,35,13,50,0,2,43,13,58,70,51,121,179
07/11/2020,BKV,FL,ASO,ES,Federal Contract Tower,0,0,3,0,3,0,4,52,0,56,0,4,55,0,59,81,0,81,140
07/12/2020,BKV,FL,ASO,ES,Federal Contract Tower,0,1,4,0,5,0,0,62,0,62,0,1,66,0,67,93,0,93,160
07/13/2020,BKV,FL,ASO,ES,Federal Contract Tower,0,3,14,0,17,0,1,56,3,60,0,4,70,3,77,121,84,205,282
07/14/2020,BKV,FL,ASO,ES,Federal Contract Tower,0,1,17,2,20,0,0,52,5,57,0,1,69,7,77,86,24,110,187
07/15/2020,BKV,FL,ASO,ES,Federal Contract Tower,0,6,11,1,18,0,0,99,8,107,0,6,110,9,125,115,57,172,297
07/16/2020,BKV,FL,ASO,ES,Federal Contract Tower,0,2,16,2,20,0,3,103,22,128,0,5,119,24,148,210,46,256,404
07/17/2020,BKV,FL,ASO,ES,Federal Contract Tower,0,1,19,4,24,0,0,87,17,104,0,1,106,21,128,124,47,171,299
07/18/2020,BKV,FL,ASO,ES,Federal Contract Tower,0,0,7,0,7,0,0,55,0,55,0,0,62,0,62,113,0,113,175
07/19/2020,BKV,FL,ASO,ES,Federal Contract Tower,0,0,9,0,9,0,2,83,0,85,0,2,92,0,94,140,0,140,234
07/20/2020,BKV,FL,ASO,ES,Federal Contract Tower,0,0,11,3,14,0,1,79,3,83,0,1,90,6,97,216,99,315,412
07/21/2020,BKV,FL,ASO,ES,Federal Contract Tower,0,4,22,14,40,0,6,59,7,72,0,10,81,21,112,114,24,138,250
07/22/2020,BKV,FL,ASO,ES,Federal Contract Tower,1,1,9,2,13,0,3,51,5,59,1,4,60,7,72,56,48,104,176
07/23/2020,BKV,FL,ASO,ES,Federal Contract Tower,0,2,14,0,16,0,0,39,6,45,0,2,53,6,61,96,25,121,182
07/24/2020,BKV,FL,ASO,ES,Federal Contract Tower,0,0,17,14,31,0,0,79,6,85,0,0,96,20,116,95,49,144,260
07/25/2020,BKV,FL,ASO,ES,Federal Contract Tower,0,3,7,0,10,0,1,106,2,109,0,4,113,2,119,85,33,118,237
07/26/2020,BKV,FL,ASO,ES,Federal Contract Tower,0,1,6,0,7,0,1,62,0,63,0,2,68,0,70,63,0,63,133
07/27/2020,BKV,FL,ASO,ES,Federal Contract Tower,0,0,6,0,6,0,0,53,12,65,0,0,59,12,71,56,53,109,180
07/28/2020,BKV,FL,ASO,ES,Federal Contract Tower,0,0,8,2,10,0,0,43,10,53,0,0,51,12,63,89,46,135,198
07/29/2020,BKV,FL,ASO,ES,Federal Contract Tower,0,2,20,2,24,0,0,76,12,88,0,2,96,14,112,106,70,176,288
07/30/2020,BKV,FL,ASO,ES,Federal Contract Tower,0,0,20,1,21,0,0,95,22,117,0,0,115,23,138,154,53,207,345
07/31/2020,BKV,FL,ASO,ES,Federal Contract Tower,0,0,6,0,6,0,0,73,9,82,0,0,79,9,88,107,0,107,195
08/01/2020,BKV,FL,ASO,ES,Federal Contract Tower,0,0,9,0,9,0,1,122,13,136,0,1,131,13,145,68,6,74,219
08/02/2020,BKV,FL,ASO,ES,Federal Contract Tower,0,0,2,0,2,0,2,45,0,47,0,2,47,0,49,48,0,48,97
08/03/2020,BKV,FL,ASO,ES,Federal Contract Tower,0,1,7,0,8,0,0,87,23,110,0,1,94,23,118,134,2,136,254
08/04/2020,BKV,FL,ASO,ES,Federal Contract Tower,0,0,13,0,13,0,0,113,9,122,0,0,126,9,135,127,24,151,286
08/05/2020,BKV,FL,ASO,ES,Federal Contract Tower,0,1,21,3,25,0,1,53,10,64,0,2,74,13,89,155,130,285,374
08/06/2020,BKV,FL,ASO,ES,Federal Contract Tower,0,7,7,8,22,0,5,82,23,110,0,12,89,31,132,119,61,180,312
08/07/2020,BKV,FL,ASO,ES,Federal Contract Tower,0,0,17,0,17,0,4,69,4,77,0,4,86,4,94,177,85,262,356
08/08/2020,BKV,FL,ASO,ES,Federal Contract Tower,0,0,13,1,14,0,2,120,0,122,0,2,133,1,136,127,0,127,263
08/09/2020,BKV,FL,ASO,ES,Federal Contract Tower,0,0,15,0,15,0,0,58,0,58,0,0,73,0,73,66,0,66,139
08/10/2020,BKV,FL,ASO,ES,Federal Contract Tower,0,0,6,0,6,0,3,75,4,82,0,3,81,4,88,159,64,223,311
08/11/2020,BKV,FL,ASO,ES,Federal Contract Tower,0,0,12,4,16,0,1,93,6,100,0,1,105,10,116,118,46,164,280
08/12/2020,BKV,FL,ASO,ES,Federal Contract Tower,0,1,15,9,25,0,3,71,12,86,0,4,86,21,111,285,122,407,518
08/13/2020,BKV,FL,ASO,ES,Federal Contract Tower,0,5,16,3,24,0,0,88,13,101,0,5,104,16,125,192,106,298,423
08/14/2020,BKV,FL,ASO,ES,Federal Contract Tower,0,3,25,0,28,0,1,73,22,96,0,4,98,22,124,95,13,108,232
08/15/2020,BKV,FL,ASO,ES,Federal Contract Tower,0,1,6,0,7,0,1,39,0,40,0,2,45,0,47,57,0,57,104
08/16/2020,BKV,FL,ASO,ES,Federal Contract Tower,0,0,11,0,11,0,2,57,0,59,0,2,68,0,70,44,0,44,114
08/17/2020,BKV,FL,ASO,ES,Federal Contract Tower,0,0,5,5,10,0,0,57,13,70,0,0,62,18,80,75,72,147,227
08/18/2020,BKV,FL,ASO,ES,Federal Contract Tower,0,0,9,4,13,0,6,60,31,97,0,6,69,35,110,96,69,165,275
08/19/2020,BKV,FL,ASO,ES,Federal Contract Tower,0,2,8,11,21,0,2,75,19,96,0,4,83,30,117,115,47,162,279
08/20/2020,BKV,FL,ASO,ES,Federal Contract Tower,0,0,2,0,2,0,13,44,13,70,0,13,46,13,72,55,40,95,167
08/21/2020,BKV,FL,ASO,ES,Federal Contract Tower,0,1,11,0,12,0,4,55,8,67,0,5,66,8,79,93,0,93,172
08/22/2020,BKV,FL,ASO,ES,Federal Contract Tower,0,0,9,0,9,0,3,68,0,71,0,3,77,0,80,92,0,92,172
08/23/2020,BKV,FL,ASO,ES,Federal Contract Tower,0,0,11,0,11,0,0,56,0,56,0,0,67,0,67,58,0,58,125
08/24/2020,BKV,FL,ASO,ES,Federal Contract Tower,0,1,19,0,20,0,0,44,9,53,0,1,63,9,73,15,9,24,97
08/25/2020,BKV,FL,ASO,ES,Federal Contract Tower,0,0,19,3,22,0,2,69,2,73,0,2,88,5,95,71,2,73,168
08/26/2020,BKV,FL,ASO,ES,Federal Contract Tower,0,6,23,2,31,0,6,120,11,137,0,12,143,13,168,107,8,115,283
08/27/2020,BKV,FL,ASO,ES,Federal Contract Tower,0,0,17,2,19,0,2,115,10,127,0,2,132,12,146,184,10,194,340
08/28/2020,BKV,FL,ASO,ES,Federal Contract Tower,0,0,26,0,26,0,4,117,3,124,0,4,143,3,150,149,0,149,299
08/29/2020,BKV,FL,ASO,ES,Federal Contract Tower,0,1,9,0,10,0,1,63,0,64,0,2,72,0,74,78,0,78,152
08/30/2020,BKV,FL,ASO,ES,Federal Contract Tower,0,2,13,0,15,0,0,23,0,23,0,2,36,0,38,1,0,1,39
08/31/2020,BKV,FL,ASO,ES,Federal Contract Tower,0,4,8,0,12,0,0,26,4,30,0,4,34,4,42,30,0,30,72
09/01/2020,BKV,FL,ASO,ES,Federal Contract Tower,0,2,19,0,21,0,1,82,28,111,0,3,101,28,132,145,122,267,399
09/02/2020,BKV,FL,ASO,ES,Federal Contract Tower,0,0,15,0,15,0,3,112,33,148,0,3,127,33,163,232,89,321,484
09/03/2020,BKV,FL,ASO,ES,Federal Contract Tower,0,0,14,0,14,0,8,133,17,158,0,8,147,17,172,104,24,128,300
09/04/2020,BKV,FL,ASO,ES,Federal Contract Tower,0,0,17,0,17,0,3,98,8,109,0,3,115,8,126,244,143,387,513
09/05/2020,BKV,FL,ASO,ES,Federal Contract Tower,0,1,12,0,13,0,0,113,0,113,0,1,125,0,126,119,0,119,245
09/06/2020,BKV,FL,ASO,ES,Federal Contract Tower,0,0,12,0,12,0,0,52,4,56,0,0,64,4,68,71,0,71,139
09/07/2020,BKV,FL,ASO,ES,Federal Contract Tower,0,0,17,0,17,0,1,51,0,52,0,1,68,0,69,164,0,164,233
09/08/2020,BKV,FL,ASO,ES,Federal Contract Tower,0,3,25,7,35,0,2,59,12,73,0,5,84,19,108,89,68,157,265
09/09/2020,BKV,FL,ASO,ES,Federal Contract Tower,0,2,26,19,47,0,1,36,0,37,0,3,62,19,84,16,0,16,100
09/10/2020,BKV,FL,ASO,ES,Federal Contract Tower,0,1,27,0,28,0,2,82,22,106,0,3,109,22,134,181,46,227,361
09/11/2020,BKV,FL,ASO,ES,Federal Contract Tower,0,1,10,3,14,0,0,24,2,26,0,1,34,5,40,23,16,39,79
09/12/2020,BKV,FL,ASO,ES,Federal Contract Tower,0,0,4,0,4,0,0,21,0,21,0,0,25,0,25,19,0,19,44
09/13/2020,BKV,FL,ASO,ES,Federal Contract Tower,0,4,12,0,16,0,2,8,0,10,0,6,20,0,26,10,0,10,36
09/14/2020,BKV,FL,ASO,ES,Federal Contract Tower,0,1,10,3,14,0,0,23,11,34,0,1,33,14,48,64,26,90,138
09/15/2020,BKV,FL,ASO,ES,Federal Contract Tower,0,1,16,8,25,0,0,35,5,40,0,1,51,13,65,73,0,73,138
09/16/2020,BKV,FL,ASO,ES,Federal Contract Tower,0,3,21,0,24,0,1,64,7,72,0,4,85,7,96,115,93,208,304
09/17/2020,BKV,FL,ASO,ES,Federal Contract Tower,0,2,10,0,12,0,0,19,16,35,0,2,29,16,47,12,39,51,98
09/18/2020,BKV,FL,ASO,ES,Federal Contract Tower,0,1,18,6,25,0,1,103,9,113,0,2,121,15,138,165,42,207,345
09/19/2020,BKV,FL,ASO,ES,Federal Contract Tower,0,0,12,0,12,0,0,108,0,108,0,0,120,0,120,183,0,183,303
09/20/2020,BKV,FL,ASO,ES,Federal Contract Tower,0,1,20,0,21,0,0,9,0,9,0,1,29,0,30,0,0,0,30
09/21/2020,BKV,FL,ASO,ES,Federal Contract Tower,0,0,16,1,17,0,5,50,8,63,0,5,66,9,80,96,48,144,224
09/22/2020,BKV,FL,ASO,ES,Federal Contract Tower,0,1,11,6,18,0,2,152,3,157,0,3,163,9,175,183,47,230,405
09/23/2020,BKV,FL,ASO,ES,Federal Contract Tower,0,0,17,7,24,0,3,136,17,156,0,3,153,24,180,176,100,276,456
09/24/2020,BKV,FL,ASO,ES,Federal Contract Tower,0,0,7,5,12,0,2,111,20,133,0,2,118,25,145,217,66,283,428
09/25/2020,BKV,FL,ASO,ES,Federal Contract Tower,0,0,13,6,19,0,2,105,15,122,0,2,118,21,141,176,57,233,374
09/26/2020,BKV,FL,ASO,ES,Federal Contract Tower,0,0,9,0,9,0,4,57,0,61,0,4,66,0,70,28,0,28,98
09/27/2020,BKV,FL,ASO,ES,Federal Contract Tower,0,0,7,0,7,0,0,82,0,82,0,0,89,0,89,111,0,111,200
09/28/2020,BKV,FL,ASO,ES,Federal Contract Tower,0,1,12,0,13,0,4,42,0,46,0,5,54,0,59,68,0,68,127
09/29/2020,BKV,FL,ASO,ES,Federal Contract Tower,0,2,20,2,24,0,0,26,4,30,0,2,46,6,54,40,5,45,99
09/30/2020,BKV,FL,ASO,ES,Federal Contract Tower,0,0,8,2,10,0,3,164,13,180,0,3,172,15,190,130,119,249,439
10/01/2020,BKV,FL,ASO,ES,Federal Contract Tower,0,6,24,9,39,0,2,134,16,152,0,8,158,25,191,203,31,234,425
10/02/2020,BKV,FL,ASO,ES,Federal Contract Tower,0,0,8,4,12,0,4,159,8,171,0,4,167,12,183,176,15,191,374
10/03/2020,BKV,FL,ASO,ES,Federal Contract Tower,0,0,12,0,12,0,0,77,8,85,0,0,89,8,97,81,20,101,198
10/04/2020,BKV,FL,ASO,ES,Federal Contract Tower,0,1,15,10,26,0,1,0,0,1,0,2,15,10,27,0,0,0,27
10/05/2020,BKV,FL,ASO,ES,Federal Contract Tower,0,0,17,8,25,0,3,35,0,38,0,3,52,8,63,39,0,39,102
10/06/2020,BKV,FL,ASO,ES,Federal Contract Tower,0,0,31,4,35,0,2,68,9,79,0,2,99,13,114,114,14,128,242
10/07/2020,BKV,FL,ASO,ES,Federal Contract Tower,0,2,22,2,26,0,0,80,14,94,0,2,102,16,120,177,68,245,365
10/08/2020,BKV,FL,ASO,ES,Federal Contract Tower,0,2,11,6,19,0,7,106,18,131,0,9,117,24,150,151,65,216,366
10/09/2020,BKV,FL,ASO,ES,Federal Contract Tower,0,0,19,0,19,0,2,94,0,96,0,2,113,0,115,215,43,258,373
10/10/2020,BKV,FL,ASO,ES,Federal Contract Tower,0,1,6,0,7,0,3,94,0,97,0,4,100,0,104,81,0,81,185
10/11/2020,BKV,FL,ASO,ES,Federal Contract Tower,0,8,5,0,13,0,2,10,0,12,0,10,15,0,25,12,0,12,37
10/12/2020,BKV,FL,ASO,ES,Federal Contract Tower,0,0,13,0,13,0,0,68,0,68,0,0,81,0,81,81,0,81,162
10/13/2020,BKV,FL,ASO,ES,Federal Contract Tower,0,0,15,1,16,0,3,120,7,130,0,3,135,8,146,137,52,189,335
10/14/2020,BKV,FL,ASO,ES,Federal Contract Tower,0,1,31,1,33,0,1,105,19,125,0,2,136,20,158,150,120,270,428
10/15/2020,BKV,FL,ASO,ES,Federal Contract Tower,0,4,15,0,19,0,0,92,17,109,0,4,107,17,128,179,89,268,396
10/16/2020,BKV,FL,ASO,ES,Federal Contract Tower,0,2,35,4,41,0,2,95,4,101,0,4,130,8,142,170,4,174,316
10/17/2020,BKV,FL,ASO,ES,Federal Contract Tower,0,0,11,0,11,0,6,111,0,117,0,6,122,0,128,110,0,110,238
10/18/2020,BKV,FL,ASO,ES,Federal Contract Tower,0,0,4,0,4,0,1,65,10,76,0,1,69,10,80,23,0,23,103
10/19/2020,BKV,FL,ASO,ES,Federal Contract Tower,0,0,14,6,20,0,0,70,8,78,0,0,84,14,98,65,72,137,235
10/20/2020,BKV,FL,ASO,ES,Federal Contract Tower,0,2,17,0,19,0,1,92,4,97,0,3,109,4,116,146,33,179,295
10/21/2020,BKV,FL,ASO,ES,Federal Contract Tower,0,0,18,0,18,0,4,76,20,100,0,4,94,20,118,149,92,241,359
10/22/2020,BKV,FL,ASO,ES,Federal Contract Tower,0,5,23,3,31,0,3,104,4,111,0,8,127,7,142,135,16,151,293
10/23/2020,BKV,FL,ASO,ES,Federal Contract Tower,0,1,22,2,25,0,1,93,10,104,0,2,115,12,129,174,46,220,349
10/24/2020,BKV,FL,ASO,ES,Federal Contract Tower,0,0,19,4,23,0,5,104,11,120,0,5,123,15,143,168,7,175,318
10/25/2020,BKV,FL,ASO,ES,Federal Contract Tower,0,1,29,3,33,0,0,77,7,84,0,1,106,10,117,95,8,103,220
10/26/2020,BKV,FL,ASO,ES,Federal Contract Tower,0,2,16,3,21,0,2,82,6,90,0,4,98,9,111,94,107,201,312
10/27/2020,BKV,FL,ASO,ES,Federal Contract Tower,0,1,44,0,45,0,2,85,13,100,0,3,129,13,145,160,51,211,356
10/28/2020,BKV,FL,ASO,ES,Federal Contract Tower,0,0,28,16,44,0,2,123,8,133,0,2,151,24,177,179,18,197,374
10/29/2020,BKV,FL,ASO,ES,Federal Contract Tower,0,3,20,4,27,0,1,18,8,27,0,4,38,12,54,14,38,52,106
10/30/2020,BKV,FL,ASO,ES,Federal Contract Tower,0,3,10,0,13,0,4,142,3,149,0,7,152,3,162,108,1,109,271
10/31/2020,BKV,FL,ASO,ES,Federal Contract Tower,0,2,12,0,14,0,2,141,0,143,0,4,153,0,157,93,0,93,250
11/01/2020,BKV,FL,ASO,ES,Federal Contract Tower,0,4,5,0,9,0,1,57,0,58,0,5,62,0,67,95,0,95,162
11/02/2020,BKV,FL,ASO,ES,Federal Contract Tower,0,0,4,0,4,0,4,28,8,40,0,4,32,8,44,11,19,30,74
11/03/2020,BKV,FL,ASO,ES,Federal Contract Tower,0,1,24,5,30,0,1,84,4,89,0,2,108,9,119,162,41,203,322
11/04/2020,BKV,FL,ASO,ES,Federal Contract Tower,0,0,9,4,13,0,2,65,8,75,0,2,74,12,88,86,72,158,246
11/05/2020,BKV,FL,ASO,ES,Federal Contract Tower,0,3,9,1,13,0,2,84,5,91,0,5,93,6,104,96,46,142,246
11/06/2020,BKV,FL,ASO,ES,Federal Contract Tower,0,2,10,1,13,0,3,95,3,101,0,5,105,4,114,63,14,77,191
11/07/2020,BKV,FL,ASO,ES,Federal Contract Tower,0,3,10,0,13,0,0,53,2,55,0,3,63,2,68,30,0,30,98
11/08/2020,BKV,FL,ASO,ES,Federal Contract Tower,0,2,6,5,13,0,0,14,1,15,0,2,20,6,28,58,4,62,90
11/09/2020,BKV,FL,ASO,ES,Federal Contract Tower,0,0,3,0,3,0,0,1,4,5,0,0,4,4,8,0,20,20,28
11/10/2020,BKV,FL,ASO,ES,Federal Contract Tower,0,1,20,10,31,0,0,14,13,27,0,1,34,23,58,3,109,112,170
11/11/2020,BKV,FL,ASO,ES,Federal Contract Tower,0,1,3,0,4,0,0,2,0,2,0,1,5,0,6,0,0,0,6
11/12/2020,BKV,FL,ASO,ES,Federal Contract Tower,0,4,4,0,8,0,0,13,0,13,0,4,17,0,21,35,0,35,56
11/13/2020,BKV,FL,ASO,ES,Federal Contract Tower,0,1,19,0,20,0,3,123,3,129,0,4,142,3,149,196,56,252,401
11/14/2020,BKV,FL,ASO,ES,Federal Contract Tower,0,0,18,0,18,0,5,84,4,93,0,5,102,4,111,164,18,182,293
11/15/2020,BKV,FL,ASO,ES,Federal Contract Tower,0,2,15,0,17,0,0,88,0,88,0,2,103,0,105,143,0,143,248
11/16/2020,BKV,FL,ASO,ES,Federal Contract Tower,0,5,17,0,22,0,4,44,10,58,0,9,61,10,80,102,50,152,232
11/17/2020,BKV,FL,ASO,ES,Federal Contract Tower,0,3,12,3,18,0,0,77,15,92,0,3,89,18,110,44,20,64,174
11/18/2020,BKV,FL,ASO,ES,Federal Contract Tower,0,3,12,3,18,0,0,77,15,92,0,3,89,18,110,44,20,64,174
11/19/2020,BKV,FL,ASO,ES,Federal Contract Tower,0,5,12,1,18,0,3,93,13,109,0,8,105,14,127,45,28,73,200
11/20/2020,BKV,FL,ASO,ES,Federal Contract Tower,0,2,13,0,15,0,3,105,1,109,0,5,118,1,124,63,0,63,187
11/21/2020,BKV,FL,ASO,ES,Federal Contract Tower,0,0,22,0,22,0,4,36,0,40,0,4,58,0,62,52,0,52,114
11/22/2020,BKV,FL,ASO,ES,Federal Contract Tower,0,2,18,0,20,0,2,45,0,47,0,4,63,0,67,68,0,68,135
11/23/2020,BKV,FL,ASO,ES,Federal Contract Tower,0,3,21,5,29,0,6,101,22,129,0,9,122,27,158,166,30,196,354
11/24/2020,BKV,FL,ASO,ES,Federal Contract Tower,0,0,16,0,16,0,2,131,10,143,0,2,147,10,159,149,53,202,361
11/25/2020,BKV,FL,ASO,ES,Federal Contract Tower,0,0,16,0,16,0,7,134,1,142,0,7,150,1,158,139,9,148,306
11/26/2020,BKV,FL,ASO,ES,Federal Contract Tower,0,4,6,0,10,0,4,41,0,45,0,8,47,0,55,58,0,58,113
11/27/2020,BKV,FL,ASO,ES,Federal Contract Tower,0,3,7,0,10,0,4,112,2,118,0,7,119,2,128,141,13,154,282
11/28/2020,BKV,FL,ASO,ES,Federal Contract Tower,0,1,15,0,16,0,3,108,0,111,0,4,123,0,127,166,0,166,293
11/29/2020,BKV,FL,ASO,ES,Federal Contract Tower,0,1,14,0,15,0,3,107,0,110,0,4,121,0,125,130,0,130,255
11/30/2020,BKV,FL,ASO,ES,Federal Contract Tower,0,1,7,0,8,0,0,13,9,22,0,1,20,9,30,23,82,105,135
12/01/2020,BKV,FL,ASO,ES,Federal Contract Tower,0,1,10,2,13,0,7,74,4,85,0,8,84,6,98,131,38,169,267
12/02/2020,BKV,FL,ASO,ES,Federal Contract Tower,0,0,14,6,20,0,9,100,15,124,0,9,114,21,144,196,37,233,377
12/03/2020,BKV,FL,ASO,ES,Federal Contract Tower,0,1,15,5,21,0,3,137,19,159,0,4,152,24,180,146,66,212,392
12/04/2020,BKV,FL,ASO,ES,Federal Contract Tower,0,2,17,0,19,0,1,83,18,102,0,3,100,18,121,309,0,309,430
12/05/2020,BKV,FL,ASO,ES,Federal Contract Tower,0,0,7,0,7,0,0,125,0,125,0,0,132,0,132,199,0,199,331
12/06/2020,BKV,FL,ASO,ES,Federal Contract Tower,0,0,15,0,15,0,5,109,0,114,0,5,124,0,129,192,0,192,321
12/07/2020,BKV,FL,ASO,ES,Federal Contract Tower,0,2,17,2,21,0,0,15,0,15,0,2,32,2,36,22,42,64,100
12/08/2020,BKV,FL,ASO,ES,Federal Contract Tower,0,3,9,1,13,0,5,130,11,146,0,8,139,12,159,210,9,219,378
12/09/2020,BKV,FL,ASO,ES,Federal Contract Tower,0,2,20,1,23,0,1,115,9,125,0,3,135,10,148,192,41,233,381
12/10/2020,BKV,FL,ASO,ES,Federal Contract Tower,0,4,11,0,15,0,7,128,13,148,0,11,139,13,163,177,34,211,374
12/11/2020,BKV,FL,ASO,ES,Federal Contract Tower,0,3,7,0,10,0,8,111,0,119,0,11,118,0,129,207,0,207,336
12/12/2020,BKV,FL,ASO,ES,Federal Contract Tower,0,3,18,0,21,0,4,66,0,70,0,7,84,0,91,94,0,94,185
12/13/2020,BKV,FL,ASO,ES,Federal Contract Tower,0,4,13,2,19,0,3,77,0,80,0,7,90,2,99,87,0,87,186
12/14/2020,BKV,FL,ASO,ES,Federal Contract Tower,0,1,14,0,15,0,2,12,4,18,0,3,26,4,33,24,37,61,94
12/15/2020,BKV,FL,ASO,ES,Federal Contract Tower,0,3,11,0,14,0,4,100,11,115,0,7,111,11,129,136,19,155,284
12/16/2020,BKV,FL,ASO,ES,Federal Contract Tower,0,3,16,0,19,0,0,16,3,19,0,3,32,3,38,38,56,94,132
12/17/2020,BKV,FL,ASO,ES,Federal Contract Tower,0,2,15,7,24,0,3,39,8,50,0,5,54,15,74,44,32,76,150
12/18/2020,BKV,FL,ASO,ES,Federal Contract Tower,0,2,7,0,9,0,1,89,3,93,0,3,96,3,102,99,0,99,201
12/19/2020,BKV,FL,ASO,ES,Federal Contract Tower,0,1,17,0,18,0,3,123,2,128,0,4,140,2,146,102,31,133,279
12/20/2020,BKV,FL,ASO,ES,Federal Contract Tower,0,3,13,0,16,0,0,26,0,26,0,3,39,0,42,11,0,11,53
12/21/2020,BKV,FL,ASO,ES,Federal Contract Tower,0,0,10,0,10,0,0,71,2,73,0,0,81,2,83,110,0,110,193
12/22/2020,BKV,FL,ASO,ES,Federal Contract Tower,0,3,9,2,14,0,4,150,5,159,0,7,159,7,173,142,2,144,317
12/23/2020,BKV,FL,ASO,ES,Federal Contract Tower,0,0,8,0,8,0,3,111,0,114,0,3,119,0,122,152,0,152,274
12/24/2020,BKV,FL,ASO,ES,Federal Contract Tower,0,0,3,0,3,0,2,15,0,17,0,2,18,0,20,7,0,7,27
12/25/2020,BKV,FL,ASO,ES,Federal Contract Tower,0,1,1,0,2,0,4,12,0,16,0,5,13,0,18,18,0,18,36
12/26/2020,BKV,FL,ASO,ES,Federal Contract Tower,0,0,10,1,11,0,0,106,1,107,0,0,116,2,118,95,8,103,221
12/27/2020,BKV,FL,ASO,ES,Federal Contract Tower,0,1,20,0,21,0,4,73,0,77,0,5,93,0,98,102,1,103,201
12/28/2020,BKV,FL,ASO,ES,Federal Contract Tower,0,1,12,0,13,0,3,101,3,107,0,4,113,3,120,123,24,147,267
12/29/2020,BKV,FL,ASO,ES,Federal Contract Tower,0,0,7,0,7,0,3,101,0,104,0,3,108,0,111,187,0,187,298
12/30/2020,BKV,FL,ASO,ES,Federal Contract Tower,0,0,17,0,17,0,2,106,3,111,0,2,123,3,128,136,16,152,280
12/31/2020,BKV,FL,ASO,ES,Federal Contract Tower,0,0,6,0,6,0,2,59,1,62,0,2,65,1,68,72,0,72,140
01/01/2021,BKV,FL,ASO,ES,Federal Contract Tower,0,0,2,0,2,0,2,11,0,13,0,2,13,0,15,34,0,34,49
01/02/2021,BKV,FL,ASO,ES,Federal Contract Tower,0,2,13,0,15,0,1,14,0,15,0,3,27,0,30,24,0,24,54
01/03/2021,BKV,FL,ASO,ES,Federal Contract Tower,0,0,8,0,8,0,5,39,0,44,0,5,47,0,52,20,0,20,72
01/04/2021,BKV,FL,ASO,ES,Federal Contract Tower,0,1,10,0,11,0,2,81,0,83,0,3,91,0,94,112,0,112,206
01/05/2021,BKV,FL,ASO,ES,Federal Contract Tower,0,1,14,0,15,0,1,98,10,109,0,2,112,10,124,64,33,97,221
01/06/2021,BKV,FL,ASO,ES,Federal Contract Tower,0,2,9,6,17,0,6,134,12,152,0,8,143,18,169,102,67,169,338
01/07/2021,BKV,FL,ASO,ES,Federal Contract Tower,0,3,8,7,18,0,2,66,2,70,0,5,74,9,88,75,12,87,175
01/08/2021,BKV,FL,ASO,ES,Federal Contract Tower,0,0,15,0,15,0,2,36,14,52,0,2,51,14,67,109,37,146,213
01/09/2021,BKV,FL,ASO,ES,Federal Contract Tower,0,2,12,0,14,0,2,72,0,74,0,4,84,0,88,66,0,66,154
01/10/2021,BKV,FL,ASO,ES,Federal Contract Tower,0,0,6,1,7,0,0,84,7,91,0,0,90,8,98,55,14,69,167
01/11/2021,BKV,FL,ASO,ES,Federal Contract Tower,0,3,8,0,11,0,1,81,8,90,0,4,89,8,101,110,87,197,298
01/12/2021,BKV,FL,ASO,ES,Federal Contract Tower,0,0,23,2,25,0,4,11,9,24,0,4,34,11,49,9,86,95,144
01/13/2021,BKV,FL,ASO,ES,Federal Contract Tower,0,1,16,0,17,0,3,36,9,48,0,4,52,9,65,121,22,143,208
01/14/2021,BKV,FL,ASO,ES,Federal Contract Tower,0,2,21,4,27,0,3,82,7,92,0,5,103,11,119,143,29,172,291
01/15/2021,BKV,FL,ASO,ES,Federal Contract Tower,0,0,9,0,9,0,1,36,8,45,0,1,45,8,54,108,28,136,190
01/16/2021,BKV,FL,ASO,ES,Federal Contract Tower,0,1,12,0,13,0,0,71,2,73,0,1,83,2,86,111,0,111,197
01/17/2021,BKV,FL,ASO,ES,Federal Contract Tower,0,0,5,0,5,0,0,90,2,92,0,0,95,2,97,180,0,180,277
01/18/2021,BKV,FL,ASO,ES,Federal Contract Tower,0,1,7,0,8,0,2,91,0,93,0,3,98,0,101,178,0,178,279
01/19/2021,BKV,FL,ASO,ES,Federal Contract Tower,0,2,14,6,22,0,2,127,13,142,0,4,141,19,164,190,100,290,454
01/20/2021,BKV,FL,ASO,ES,Federal Contract Tower,0,3,11,2,16,0,2,128,17,147,0,5,139,19,163,153,112,265,428
01/21/2021,BKV,FL,ASO,ES,Federal Contract Tower,0,1,21,3,25,0,3,100,24,127,0,4,121,27,152,180,66,246,398
01/22/2021,BKV,FL,ASO,ES,Federal Contract Tower,0,2,10,7,19,0,7,90,16,113,0,9,100,23,132,190,6,196,328
01/23/2021,BKV,FL,ASO,ES,Federal Contract Tower,0,1,9,3,13,0,1,2,1,4,0,2,11,4,17,0,0,0,17
01/24/2021,BKV,FL,ASO,ES,Federal Contract Tower,0,4,14,0,18,0,6,79,2,87,0,10,93,2,105,129,0,129,234
01/25/2021,BKV,FL,ASO,ES,Federal Contract Tower,0,4,9,15,28,0,0,53,8,61,0,4,62,23,89,133,54,187,276
01/26/2021,BKV,FL,ASO,ES,Federal Contract Tower,0,2,25,4,31,0,6,94,11,111,0,8,119,15,142,225,25,250,392
01/27/2021,BKV,FL,ASO,ES,Federal Contract Tower,0,0,26,3,29,0,0,42,8,50,0,0,68,11,79,125,8,133,212
01/28/2021,BKV,FL,ASO,ES,Federal Contract Tower,0,0,10,1,11,0,1,100,11,112,0,1,110,12,123,140,13,153,276
01/29/2021,BKV,FL,ASO,ES,Federal Contract Tower,0,1,8,5,14,0,1,139,2,142,0,2,147,7,156,266,14,280,436
01/30/2021,BKV,FL,ASO,ES,Federal Contract Tower,0,2,8,0,10,0,3,98,2,103,0,5,106,2,113,115,21,136,249
01/31/2021,BKV,FL,ASO,ES,Federal Contract Tower,0,1,6,0,7,0,2,42,0,44,0,3,48,0,51,37,0,37,88
02/01/2021,BKV,FL,ASO,ES,Federal Contract Tower,0,2,11,1,14,0,2,11,12,25,0,4,22,13,39,4,29,33,72
02/02/2021,BKV,FL,ASO,ES,Federal Contract Tower,0,0,9,2,11,0,3,19,9,31,0,3,28,11,42,4,22,26,68
02/03/2021,BKV,FL,ASO,ES,Federal Contract Tower,0,2,7,0,9,0,1,64,3,68,0,3,71,3,77,99,0,99,176
02/04/2021,BKV,FL,ASO,ES,Federal Contract Tower,0,0,7,0,7,0,2,90,36,128,0,2,97,36,135,207,115,322,457
02/05/2021,BKV,FL,ASO,ES,Federal Contract Tower,0,0,13,0,13,0,0,63,4,67,0,0,76,4,80,49,8,57,137
02/06/2021,BKV,FL,ASO,ES,Federal Contract Tower,0,0,10,0,10,0,4,7,0,11,0,4,17,0,21,6,0,6,27
02/07/2021,BKV,FL,ASO,ES,Federal Contract Tower,0,0,9,0,9,0,0,6,0,6,0,0,15,0,15,6,0,6,21
02/08/2021,BKV,FL,ASO,ES,Federal Contract Tower,0,4,20,0,24,0,2,43,0,45,0,6,63,0,69,122,0,122,191
02/09/2021,BKV,FL,ASO,ES,Federal Contract Tower,0,0,16,0,16,0,2,38,5,45,0,2,54,5,61,94,3,97,158
02/10/2021,BKV,FL,ASO,ES,Federal Contract Tower,0,5,18,0,23,0,5,119,14,138,0,10,137,14,161,245,58,303,464
02/11/2021,BKV,FL,ASO,ES,Federal Contract Tower,0,4,14,3,21,0,1,85,19,105,0,5,99,22,126,249,110,359,485
02/12/2021,BKV,FL,ASO,ES,Federal Contract Tower,0,1,25,0,26,0,0,105,3,108,0,1,130,3,134,138,22,160,294
02/13/2021,BKV,FL,ASO,ES,Federal Contract Tower,0,3,12,0,15,0,1,23,0,24,0,4,35,0,39,18,0,18,57
02/14/2021,BKV,FL,ASO,ES,Federal Contract Tower,0,1,2,0,3,0,0,6,0,6,0,1,8,0,9,0,0,0,9
02/15/2021,BKV,FL,ASO,ES,Federal Contract Tower,0,0,6,0,6,0,0,22,4,26,0,0,28,4,32,44,24,68,100
02/16/2021,BKV,FL,ASO,ES,Federal Contract Tower,0,0,22,1,23,0,6,36,5,47,0,6,58,6,70,51,21,72,142
02/17/2021,BKV,FL,ASO,ES,Federal Contract Tower,0,2,33,3,38,0,3,38,13,54,0,5,71,16,92,41,22,63,155
02/18/2021,BKV,FL,ASO,ES,Federal Contract Tower,0,1,14,0,15,0,3,42,2,47,0,4,56,2,62,36,0,36,98
02/19/2021,BKV,FL,ASO,ES,Federal Contract Tower,0,1,13,0,14,0,0,2,0,2,0,1,15,0,16,0,0,0,16
02/20/2021,BKV,FL,ASO,ES,Federal Contract Tower,0,2,13,2,17,0,2,156,3,161,0,4,169,5,178,162,8,170,348
02/21/2021,BKV,FL,ASO,ES,Federal Contract Tower,0,1,16,0,17,0,0,67,2,69,0,1,83,2,86,61,11,72,158
02/22/2021,BKV,FL,ASO,ES,Federal Contract Tower,0,1,16,3,20,0,3,57,10,70,0,4,73,13,90,56,172,228,318
02/23/2021,BKV,FL,ASO,ES,Federal Contract Tower,0,2,13,6,21,0,1,112,10,123,0,3,125,16,144,116,18,134,278
02/24/2021,BKV,FL,ASO,ES,Federal Contract Tower,0,5,16,3,24,0,1,144,1,146,0,6,160,4,170,213,24,237,407
02/25/2021,BKV,FL,ASO,ES,Federal Contract Tower,0,3,6,0,9,0,0,90,20,110,0,3,96,20,119,268,39,307,426
02/26/2021,BKV,FL,ASO,ES,Federal Contract Tower,0,3,18,1,22,0,0,103,4,107,0,3,121,5,129,90,36,126,255
02/27/2021,BKV,FL,ASO,ES,Federal Contract Tower,0,0,10,0,10,0,2,109,0,111,0,2,119,0,121,77,0,77,198
02/28/2021,BKV,FL,ASO,ES,Federal Contract Tower,0,2,8,0,10,0,3,65,0,68,0,5,73,0,78,116,0,116,194
03/01/2021,BKV,FL,ASO,ES,Federal Contract Tower,0,0,18,5,23,0,3,39,8,50,0,3,57,13,73,169,45,214,287
03/02/2021,BKV,FL,ASO,ES,Federal Contract Tower,0,2,27,2,31,0,0,56,1,57,0,2,83,3,88,81,4,85,173
03/03/2021,BKV,FL,ASO,ES,Federal Contract Tower,0,0,16,0,16,0,2,27,14,43,0,2,43,14,59,42,33,75,134
03/04/2021,BKV,FL,ASO,ES,Federal Contract Tower,0,1,20,1,22,0,3,107,21,131,0,4,127,22,153,126,18,144,297
03/05/2021,BKV,FL,ASO,ES,Federal Contract Tower,0,2,16,6,24,0,2,117,8,127,0,4,133,14,151,200,37,237,388
03/06/2021,BKV,FL,ASO,ES,Federal Contract Tower,0,0,6,0,6,0,0,9,0,9,0,0,15,0,15,26,0,26,41
03/07/2021,BKV,FL,ASO,ES,Federal Contract Tower,0,1,11,0,12,0,2,55,0,57,0,3,66,0,69,111,0,111,180
03/08/2021,BKV,FL,ASO,ES,Federal Contract Tower,0,0,11,0,11,0,2,64,4,70,0,2,75,4,81,42,46,88,169
03/09/2021,BKV,FL,ASO,ES,Federal Contract Tower,0,1,8,1,10,0,2,129,8,139,0,3,137,9,149,138,47,185,334
03/10/2021,BKV,FL,ASO,ES,Federal Contract Tower,0,0,10,3,13,0,1,102,24,127,0,1,112,27,140,218,79,297,437
03/11/2021,BKV,FL,ASO,ES,Federal Contract Tower,0,1,17,0,18,0,1,111,14,126,0,2,128,14,144,239,20,259,403
03/12/2021,BKV,FL,ASO,ES,Federal Contract Tower,0,2,20,0,22,0,0,127,8,135,0,2,147,8,157,281,73,354,511
03/13/2021,BKV,FL,ASO,ES,Federal Contract Tower,0,0,8,1,9,0,1,157,0,158,0,1,165,1,167,157,0,157,324
03/14/2021,BKV,FL,ASO,ES,Federal Contract Tower,0,2,11,0,13,0,2,123,1,126,0,4,134,1,139,148,0,148,287
03/15/2021,BKV,FL,ASO,ES,Federal Contract Tower,0,2,16,0,18,0,3,114,5,122,0,5,130,5,140,246,101,347,487
03/16/2021,BKV,FL,ASO,ES,Federal Contract Tower,0,0,6,2,8,0,1,100,7,108,0,1,106,9,116,161,51,212,328
03/17/2021,BKV,FL,ASO,ES,Federal Contract Tower,0,1,8,1,10,0,5,73,18,96,0,6,81,19,106,125,72,197,303
03/18/2021,BKV,FL,ASO,ES,Federal Contract Tower,0,3,12,0,15,0,0,2,0,2,0,3,14,0,17,16,0,16,33
03/19/2021,BKV,FL,ASO,ES,Federal Contract Tower,0,4,11,1,16,0,8,56,6,70,0,12,67,7,86,95,41,136,222
03/20/2021,BKV,FL,ASO,ES,Federal Contract Tower,0,1,21,0,22,0,4,49,0,53,0,5,70,0,75,50,0,50,125
03/21/2021,BKV,FL,ASO,ES,Federal Contract Tower,0,3,25,0,28,0,2,13,0,15,0,5,38,0,43,62,0,62,105
03/22/2021,BKV,FL,ASO,ES,Federal Contract Tower,0,1,30,0,31,0,1,17,0,18,0,2,47,0,49,59,0,59,108
03/23/2021,BKV,FL,ASO,ES,Federal Contract Tower,0,2,13,4,19,0,2,85,20,107,0,4,98,24,126,242,101,343,469
03/24/2021,BKV,FL,ASO,ES,Federal Contract Tower,0,7,11,0,18,0,0,138,7,145,0,7,149,7,163,218,66,284,447
03/25/2021,BKV,FL,ASO,ES,Federal Contract Tower,0,1,10,0,11,0,2,86,22,110,0,3,96,22,121,101,117,218,339
03/26/2021,BKV,FL,ASO,ES,Federal Contract Tower,0,0,22,3,25,0,4,72,1,77,0,4,94,4,102,185,0,185,287
03/27/2021,BKV,FL,ASO,ES,Federal Contract Tower,0,0,5,0,5,0,2,138,0,140,0,2,143,0,145,217,0,217,362
03/28/2021,BKV,FL,ASO,ES,Federal Contract Tower,0,1,17,0,18,0,1,52,0,53,0,2,69,0,71,46,0,46,117
03/29/2021,BKV,FL,ASO,ES,Federal Contract Tower,0,2,10,2,14,0,0,35,4,39,0,2,45,6,53,82,55,137,190
03/30/2021,BKV,FL,ASO,ES,Federal Contract Tower,0,3,19,0,22,0,2,84,4,90,0,5,103,4,112,199,18,217,329
03/31/2021,BKV,FL,ASO,ES,Federal Contract Tower,0,4,6,0,10,0,1,85,1,87,0,5,91,1,97,207,23,230,327
04/01/2021,BKV,FL,ASO,ES,Federal Contract Tower,0,2,8,0,10,0,3,12,3,18,0,5,20,3,28,13,43,56,84
04/02/2021,BKV,FL,ASO,ES,Federal Contract Tower,0,1,10,0,11,0,3,82,12,97,0,4,92,12,108,38,49,87,195
04/03/2021,BKV,FL,ASO,ES,Federal Contract Tower,0,2,18,0,20,0,4,94,2,100,0,6,112,2,120,71,8,79,199
04/04/2021,BKV,FL,ASO,ES,Federal Contract Tower,0,1,8,0,9,0,0,73,0,73,0,1,81,0,82,150,0,150,232
04/05/2021,BKV,FL,ASO,ES,Federal Contract Tower,0,0,2,1,3,0,3,84,4,91,0,3,86,5,94,101,67,168,262
04/06/2021,BKV,FL,ASO,ES,Federal Contract Tower,0,1,13,14,28,0,4,92,8,104,0,5,105,22,132,170,42,212,344
04/07/2021,BKV,FL,ASO,ES,Federal Contract Tower,0,4,21,0,25,0,1,100,22,123,0,5,121,22,148,188,71,259,407
04/08/2021,BKV,FL,ASO,ES,Federal Contract Tower,0,3,14,1,18,0,2,105,14,121,0,5,119,15,139,113,89,202,341
04/09/2021,BKV,FL,ASO,ES,Federal Contract Tower,0,0,18,2,20,0,4,106,5,115,0,4,124,7,135,142,0,142,277
04/10/2021,BKV,FL,ASO,ES,Federal Contract Tower,0,2,5,0,7,0,0,51,0,51,0,2,56,0,58,29,0,29,87
04/11/2021,BKV,FL,ASO,ES,Federal Contract Tower,0,1,7,0,8,0,0,3,0,3,0,1,10,0,11,12,0,12,23
04/12/2021,BKV,FL,ASO,ES,Federal Contract Tower,0,4,12,2,18,0,1,94,8,103,0,5,106,10,121,164,56,220,341
04/13/2021,BKV,FL,ASO,ES,Federal Contract Tower,0,2,21,1,24,0,0,93,6,99,0,2,114,7,123,134,55,189,312
04/14/2021,BKV,FL,ASO,ES,Federal Contract Tower,0,7,5,9,21,0,3,136,7,146,0,10,141,16,167,126,75,201,368
04/15/2021,BKV,FL,ASO,ES,Federal Contract Tower,0,6,20,0,26,0,5,87,19,111,0,11,107,19,137,69,107,176,313
04/16/2021,BKV,FL,ASO,ES,Federal Contract Tower,0,0,19,1,20,0,3,53,7,63,0,3,72,8,83,71,6,77,160
04/17/2021,BKV,FL,ASO,ES,Federal Contract Tower,0,2,16,1,19,0,0,34,5,39,0,2,50,6,58,29,6,35,93
04/18/2021,BKV,FL,ASO,ES,Federal Contract Tower,0,1,13,0,14,0,2,15,0,17,0,3,28,0,31,10,0,10,41
04/19/2021,BKV,FL,ASO,ES,Federal Contract Tower,0,0,8,4,12,0,0,16,4,20,0,0,24,8,32,2,34,36,68
04/20/2021,BKV,FL,ASO,ES,Federal Contract Tower,0,1,11,0,12,0,0,2,0,2,0,1,13,0,14,0,0,0,14
04/21/2021,BKV,FL,ASO,ES,Federal Contract Tower,0,3,20,1,24,0,3,132,14,149,0,6,152,15,173,114,52,166,339
04/22/2021,BKV,FL,ASO,ES,Federal Contract Tower,0,0,15,0,15,0,3,122,19,144,0,3,137,19,159,180,27,207,366
04/23/2021,BKV,FL,ASO,ES,Federal Contract Tower,0,2,12,0,14,0,0,115,6,121,0,2,127,6,135,177,18,195,330
04/24/2021,BKV,FL,ASO,ES,Federal Contract Tower,0,3,10,0,13,0,2,60,0,62,0,5,70,0,75,84,0,84,159
04/25/2021,BKV,FL,ASO,ES,Federal Contract Tower,0,2,10,0,12,0,2,39,0,41,0,4,49,0,53,86,0,86,139
04/26/2021,BKV,FL,ASO,ES,Federal Contract Tower,0,1,13,0,14,0,5,108,6,119,0,6,121,6,133,168,19,187,320
04/27/2021,BKV,FL,ASO,ES,Federal Contract Tower,0,1,4,6,11,0,5,110,7,122,0,6,114,13,133,144,16,160,293
04/28/2021,BKV,FL,ASO,ES,Federal Contract Tower,0,1,14,8,23,0,0,109,22,131,0,1,123,30,154,124,34,158,312
04/29/2021,BKV,FL,ASO,ES,Federal Contract Tower,0,7,16,0,23,0,5,123,18,146,0,12,139,18,169,98,44,142,311
04/30/2021,BKV,FL,ASO,ES,Federal Contract Tower,0,2,18,0,20,0,4,112,2,118,0,6,130,2,138,151,12,163,301
05/01/2021,BKV,FL,ASO,ES,Federal Contract Tower,0,2,5,0,7,0,4,103,2,109,0,6,108,2,116,100,0,100,216
05/02/2021,BKV,FL,ASO,ES,Federal Contract Tower,0,6,8,0,14,0,3,41,2,46,0,9,49,2,60,65,2,67,127
05/03/2021,BKV,FL,ASO,ES,Federal Contract Tower,0,0,3,2,5,0,3,74,6,83,0,3,77,8,88,114,40,154,242
05/04/2021,BKV,FL,ASO,ES,Federal Contract Tower,0,4,20,2,26,0,16,102,1,119,0,20,122,3,145,105,2,107,252
05/05/2021,BKV,FL,ASO,ES,Federal Contract Tower,0,3,28,2,33,0,3,97,6,106,0,6,125,8,139,178,58,236,375
05/06/2021,BKV,FL,ASO,ES,Federal Contract Tower,0,3,11,0,14,0,3,62,2,67,0,6,73,2,81,47,52,99,180
05/07/2021,BKV,FL,ASO,ES,Federal Contract Tower,0,1,1,0,2,0,3,119,7,129,0,4,120,7,131,66,16,82,213
05/08/2021,BKV,FL,ASO,ES,Federal Contract Tower,0,2,9,0,11,0,0,151,0,151,0,2,160,0,162,127,0,127,289
05/09/2021,BKV,FL,ASO,ES,Federal Contract Tower,0,2,9,0,11,0,1,98,0,99,0,3,107,0,110,107,0,107,217
05/10/2021,BKV,FL,ASO,ES,Federal Contract Tower,0,0,22,4,26,0,3,84,15,102,0,3,106,19,128,102,32,134,262
05/11/2021,BKV,FL,ASO,ES,Federal Contract Tower,0,0,8,2,10,0,0,90,6,96,0,0,98,8,106,121,46,167,273
05/12/2021,BKV,FL,ASO,ES,Federal Contract Tower,0,4,18,0,22,0,0,94,12,106,0,4,112,12,128,196,37,233,361
05/13/2021,BKV,FL,ASO,ES,Federal Contract Tower,0,1,40,2,43,0,0,32,6,38,0,1,72,8,81,60,76,136,217
05/14/2021,BKV,FL,ASO,ES,Federal Contract Tower,0,2,12,0,14,0,2,121,14,137,0,4,133,14,151,154,45,199,350
05/15/2021,BKV,FL,ASO,ES,Federal Contract Tower,0,0,12,0,12,0,7,105,0,112,0,7,117,0,124,69,0,69,193
05/16/2021,BKV,FL,ASO,ES,Federal Contract Tower,0,0,19,0,19,0,4,62,0,66,0,4,81,0,85,52,0,52,137
05/17/2021,BKV,FL,ASO,ES,Federal Contract Tower,0,1,6,8,15,0,3,80,5,88,0,4,86,13,103,139,43,182,285
05/18/2021,BKV,FL,ASO,ES,Federal Contract Tower,0,7,14,0,21,0,1,72,6,79,0,8,86,6,100,58,43,101,201
05/19/2021,BKV,FL,ASO,ES,Federal Contract Tower,0,4,16,5,25,0,8,53,30,91,0,12,69,35,116,48,96,144,260
05/20/2021,BKV,FL,ASO,ES,Federal Contract Tower,0,2,23,0,25,0,2,37,6,45,0,4,60,6,70,14,6,20,90
05/21/2021,BKV,FL,ASO,ES,Federal Contract Tower,0,2,7,0,9,0,2,64,1,67,0,4,71,1,76,64,0,64,140
05/22/2021,BKV,FL,ASO,ES,Federal Contract Tower,0,1,11,1,13,0,1,73,3,77,0,2,84,4,90,86,0,86,176
05/23/2021,BKV,FL,ASO,ES,Federal Contract Tower,0,3,25,3,31,0,2,88,0,90,0,5,113,3,121,188,0,188,309
05/24/2021,BKV,FL,ASO,ES,Federal Contract Tower,0,3,14,0,17,0,4,124,11,139,0,7,138,11,156,145,44,189,345
05/25/2021,BKV,FL,ASO,ES,Federal Contract Tower,0,3,13,1,17,0,3,100,4,107,0,6,113,5,124,156,30,186,310
05/26/2021,BKV,FL,ASO,ES,Federal Contract Tower,0,4,3,1,8,0,0,99,5,104,0,4,102,6,112,206,11,217,329
05/27/2021,BKV,FL,ASO,ES,Federal Contract Tower,0,4,9,0,13,0,11,92,3,106,0,15,101,3,119,186,8,194,313
05/28/2021,BKV,FL,ASO,ES,Federal Contract Tower,0,0,15,0,15,0,3,90,2,95,0,3,105,2,110,181,20,201,311
05/29/2021,BKV,FL,ASO,ES,Federal Contract Tower,0,2,10,0,12,0,0,67,0,67,0,2,77,0,79,107,0,107,186
05/30/2021,BKV,FL,ASO,ES,Federal Contract Tower,0,4,6,0,10,0,3,55,0,58,0,7,61,0,68,72,0,72,140
05/31/2021,BKV,FL,ASO,ES,Federal Contract Tower,0,0,5,0,5,0,1,57,0,58,0,1,62,0,63,56,0,56,119
06/01/2021,BKV,FL,ASO,ES,Federal Contract Tower,0,1,14,0,15,0,3,63,9,75,0,4,77,9,90,79,51,130,220
06/02/2021,BKV,FL,ASO,ES,Federal Contract Tower,0,0,15,0,15,0,2,57,8,67,0,2,72,8,82,99,62,161,243
06/03/2021,BKV,FL,ASO,ES,Federal Contract Tower,0,1,9,1,11,0,5,90,12,107,0,6,99,13,118,115,8,123,241
06/04/2021,BKV,FL,ASO,ES,Federal Contract Tower,0,2,14,2,18,0,1,47,8,56,0,3,61,10,74,34,2,36,110
06/05/2021,BKV,FL,ASO,ES,Federal Contract Tower,0,0,15,0,15,0,2,79,0,81,0,2,94,0,96,160,0,160,256
06/06/2021,BKV,FL,ASO,ES,Federal Contract Tower,0,2,14,1,17,0,1,53,1,55,0,3,67,2,72,105,2,107,179
06/07/2021,BKV,FL,ASO,ES,Federal Contract Tower,0,3,23,3,29,0,0,64,5,69,0,3,87,8,98,102,69,171,269
06/08/2021,BKV,FL,ASO,ES,Federal Contract Tower,0,2,6,0,8,0,7,130,1,138,0,9,136,1,146,111,43,154,300
06/09/2021,BKV,FL,ASO,ES,Federal Contract Tower,0,2,8,0,10,0,1,118,4,123,0,3,126,4,133,217,0,217,350
06/10/2021,BKV,FL,ASO,ES,Federal Contract Tower,0,0,13,0,13,0,1,91,6,98,0,1,104,6,111,128,26,154,265
06/11/2021,BKV,FL,ASO,ES,Federal Contract Tower,0,1,9,0,10,0,7,89,2,98,0,8,98,2,108,208,12,220,328
06/12/2021,BKV,FL,ASO,ES,Federal Contract Tower,0,2,9,0,11,0,3,81,0,84,0,5,90,0,95,100,0,100,195
06/13/2021,BKV,FL,ASO,ES,Federal Contract Tower,0,3,9,0,12,0,9,30,2,41,0,12,39,2,53,60,8,68,121
06/14/2021,BKV,FL,ASO,ES,Federal Contract Tower,0,7,10,0,17,0,0,34,7,41,0,7,44,7,58,63,68,131,189
06/15/2021,BKV,FL,ASO,ES,Federal Contract Tower,0,3,10,0,13,0,3,9,1,13,0,6,19,1,26,10,10,20,46
06/16/2021,BKV,FL,ASO,ES,Federal Contract Tower,0,0,20,0,20,0,4,65,1,70,0,4,85,1,90,83,34,117,207
06/17/2021,BKV,FL,ASO,ES,Federal Contract Tower,0,1,21,0,22,0,5,59,8,72,0,6,80,8,94,115,0,115,209
06/18/2021,BKV,FL,ASO,ES,Federal Contract Tower,0,2,11,2,15,0,3,111,5,119,0,5,122,7,134,95,2,97,231
06/19/2021,BKV,FL,ASO,ES,Federal Contract Tower,0,4,13,0,17,0,20,63,4,87,0,24,76,4,104,67,0,67,171
06/20/2021,BKV,FL,ASO,ES,Federal Contract Tower,0,1,10,0,11,0,3,32,0,35,0,4,42,0,46,64,6,70,116
06/21/2021,BKV,FL,ASO,ES,Federal Contract Tower,0,0,11,2,13,0,2,50,0,52,0,2,61,2,65,92,0,92,157
06/22/2021,BKV,FL,ASO,ES,Federal Contract Tower,0,3,8,0,11,0,0,48,11,59,0,3,56,11,70,69,62,131,201
06/23/2021,BKV,FL,ASO,ES,Federal Contract Tower,0,1,11,0,12,0,4,52,12,68,0,5,63,12,80,108,4,112,192
06/24/2021,BKV,FL,ASO,ES,Federal Contract Tower,0,2,9,0,11,0,0,25,2,27,0,2,34,2,38,12,0,12,50
06/25/2021,BKV,FL,ASO,ES,Federal Contract Tower,0,7,17,0,24,0,3,48,0,51,0,10,65,0,75,57,0,57,132
06/26/2021,BKV,FL,ASO,ES,Federal Contract Tower,0,2,4,0,6,0,0,57,2,59,0,2,61,2,65,64,0,64,129
06/27/2021,BKV,FL,ASO,ES,Federal Contract Tower,0,4,18,0,22,0,0,95,0,95,0,4,113,0,117,68,0,68,185
06/28/2021,BKV,FL,ASO,ES,Federal Contract Tower,0,1,24,2,27,0,1,95,2,98,0,2,119,4,125,68,13,81,206
06/29/2021,BKV,FL,ASO,ES,Federal Contract Tower,0,2,6,0,8,0,1,67,2,70,0,3,73,2,78,120,27,147,225
06/30/2021,BKV,FL,ASO,ES,Federal Contract Tower,0,0,7,0,7,0,1,41,4,46,0,1,48,4,53,63,59,122,175
07/01/2021,BKV,FL,ASO,ES,Federal Contract Tower,0,3,16,5,24,0,3,37,4,44,0,6,53,9,68,79,73,152,220
07/02/2021,BKV,FL,ASO,ES,Federal Contract Tower,0,1,19,0,20,0,4,20,0,24,0,5,39,0,44,35,0,35,79
07/03/2021,BKV,FL,ASO,ES,Federal Contract Tower,0,1,6,0,7,0,0,6,0,6,0,1,12,0,13,4,0,4,17
07/04/2021,BKV,FL,ASO,ES,Federal Contract Tower,0,2,2,0,4,0,3,15,0,18,0,5,17,0,22,6,0,6,28
07/05/2021,BKV,FL,ASO,ES,Federal Contract Tower,0,0,16,0,16,0,0,92,0,92,0,0,108,0,108,92,0,92,200
07/06/2021,BKV,FL,ASO,ES,Federal Contract Tower,0,0,4,0,4,0,0,33,0,33,0,0,37,0,37,68,0,68,105
07/07/2021,BKV,FL,ASO,ES,Federal Contract Tower,0,1,2,0,3,0,1,0,0,1,0,2,2,0,4,0,0,0,4
07/08/2021,BKV,FL,ASO,ES,Federal Contract Tower,0,6,18,0,24,0,0,27,0,27,0,6,45,0,51,36,0,36,87
07/09/2021,BKV,FL,ASO,ES,Federal Contract Tower,0,4,25,0,29,0,9,76,0,85,0,13,101,0,114,151,0,151,265
07/10/2021,BKV,FL,ASO,ES,Federal Contract Tower,0,1,7,0,8,0,2,105,0,107,0,3,112,0,115,43,0,43,158
07/11/2021,BKV,FL,ASO,ES,Federal Contract Tower,0,2,6,0,8,0,3,86,5,94,0,5,92,5,102,100,0,100,202
07/12/2021,BKV,FL,ASO,ES,Federal Contract Tower,0,3,6,1,10,0,2,63,3,68,0,5,69,4,78,74,12,86,164
07/13/2021,BKV,FL,ASO,ES,Federal Contract Tower,0,2,10,0,12,0,3,113,5,121,0,5,123,5,133,137,25,162,295
07/14/2021,BKV,FL,ASO,ES,Federal Contract Tower,0,4,4,0,8,0,20,84,4,108,0,24,88,4,116,126,18,144,260
07/15/2021,BKV,FL,ASO,ES,Federal Contract Tower,0,7,22,0,29,0,4,91,8,103,0,11,113,8,132,77,22,99,231
07/16/2021,BKV,FL,ASO,ES,Federal Contract Tower,0,0,19,2,21,0,0,169,1,170,0,0,188,3,191,243,0,243,434
07/17/2021,BKV,FL,ASO,ES,Federal Contract Tower,0,0,14,0,14,0,0,100,2,102,0,0,114,2,116,450,0,450,566
07/18/2021,BKV,FL,ASO,ES,Federal Contract Tower,0,3,17,0,20,0,9,73,0,82,0,12,90,0,102,238,0,238,340
07/19/2021,BKV,FL,ASO,ES,Federal Contract Tower,0,1,9,0,10,0,2,63,3,68,0,3,72,3,78,70,4,74,152
07/20/2021,BKV,FL,ASO,ES,Federal Contract Tower,0,4,12,1,17,0,3,85,9,97,0,7,97,10,114,107,47,154,268
07/21/2021,BKV,FL,ASO,ES,Federal Contract Tower,0,3,14,2,19,0,2,102,9,113,0,5,116,11,132,107,54,161,293
07/22/2021,BKV,FL,ASO,ES,Federal Contract Tower,0,1,16,2,19,0,2,73,9,84,0,3,89,11,103,121,37,158,261
07/23/2021,BKV,FL,ASO,ES,Federal Contract Tower,0,4,7,0,11,0,0,13,0,13,0,4,20,0,24,28,0,28,52
07/24/2021,BKV,FL,ASO,ES,Federal Contract Tower,0,1,3,0,4,0,3,57,2,62,0,4,60,2,66,118,4,122,188
07/25/2021,BKV,FL,ASO,ES,Federal Contract Tower,0,0,20,1,21,0,8,61,2,71,0,8,81,3,92,64,0,64,156
07/26/2021,BKV,FL,ASO,ES,Federal Contract Tower,0,0,12,0,12,0,3,67,5,75,0,3,79,5,87,118,41,159,246
07/27/2021,BKV,FL,ASO,ES,Federal Contract Tower,0,2,11,2,15,0,3,64,12,79,0,5,75,14,94,43,126,169,263
07/28/2021,BKV,FL,ASO,ES,Federal Contract Tower,0,3,15,1,19,0,2,39,3,44,0,5,54,4,63,49,24,73,136
07/29/2021,BKV,FL,ASO,ES,Federal Contract Tower,0,0,14,0,14,0,0,59,8,67,0,0,73,8,81,58,27,85,166
07/30/2021,BKV,FL,ASO,ES,Federal Contract Tower,0,2,23,5,30,0,2,61,25,88,0,4,84,30,118,120,27,147,265
07/31/2021,BKV,FL,ASO,ES,Federal Contract Tower,0,4,17,2,23,0,4,90,1,95,0,8,107,3,118,62,2,64,182
08/01/2021,BKV,FL,ASO,ES,Federal Contract Tower,0,9,8,0,17,0,3,46,4,53,0,12,54,4,70,26,0,26,96
08/02/2021,BKV,FL,ASO,ES,Federal Contract Tower,0,1,9,0,10,0,4,31,5,40,0,5,40,5,50,42,94,136,186
08/03/2021,BKV,FL,ASO,ES,Federal Contract Tower,0,2,3,0,5,0,2,13,0,15,0,4,16,0,20,20,0,20,40
08/04/2021,BKV,FL,ASO,ES,Federal Contract Tower,0,2,13,2,17,0,0,6,0,6,0,2,19,2,23,11,0,11,34
08/05/2021,BKV,FL,ASO,ES,Federal Contract Tower,0,2,7,1,10,0,2,54,7,63,0,4,61,8,73,36,20,56,129
08/06/2021,BKV,FL,ASO,ES,Federal Contract Tower,0,3,11,1,15,0,2,107,2,111,0,5,118,3,126,123,43,166,292
08/07/2021,BKV,FL,ASO,ES,Federal Contract Tower,0,2,9,0,11,0,5,75,0,80,0,7,84,0,91,123,0,123,214
08/08/2021,BKV,FL,ASO,ES,Federal Contract Tower,0,0,10,0,10,0,1,84,0,85,0,1,94,0,95,65,0,65,160
08/09/2021,BKV,FL,ASO,ES,Federal Contract Tower,0,0,12,0,12,0,0,62,9,71,0,0,74,9,83,151,27,178,261
08/10/2021,BKV,FL,ASO,ES,Federal Contract Tower,0,3,22,0,25,0,4,85,4,93,0,7,107,4,118,95,27,122,240
08/11/2021,BKV,FL,ASO,ES,Federal Contract Tower,0,0,12,1,13,0,2,108,4,114,0,2,120,5,127,183,2,185,312
08/12/2021,BKV,FL,ASO,ES,Federal Contract Tower,0,5,15,3,23,0,2,94,13,109,0,7,109,16,132,114,46,160,292
08/13/2021,BKV,FL,ASO,ES,Federal Contract Tower,0,2,8,1,11,0,0,77,8,85,0,2,85,9,96,76,1,77,173
08/14/2021,BKV,FL,ASO,ES,Federal Contract Tower,0,2,8,0,10,0,3,54,4,61,0,5,62,4,71,76,30,106,177
08/15/2021,BKV,FL,ASO,ES,Federal Contract Tower,0,3,4,0,7,0,6,7,0,13,0,9,11,0,20,10,0,10,30
08/16/2021,BKV,FL,ASO,ES,Federal Contract Tower,0,0,12,0,12,0,0,42,17,59,0,0,54,17,71,59,22,81,152
08/17/2021,BKV,FL,ASO,ES,Federal Contract Tower,0,2,5,0,7,0,5,111,12,128,0,7,116,12,135,124,16,140,275
08/18/2021,BKV,FL,ASO,ES,Federal Contract Tower,0,2,8,2,12,0,1,124,14,139,0,3,132,16,151,199,42,241,392
08/19/2021,BKV,FL,ASO,ES,Federal Contract Tower,0,1,10,0,11,0,3,115,12,130,0,4,125,12,141,108,28,136,277
08/20/2021,BKV,FL,ASO,ES,Federal Contract Tower,0,0,12,0,12,0,0,90,3,93,0,0,102,3,105,114,0,114,219
08/21/2021,BKV,FL,ASO,ES,Federal Contract Tower,0,2,9,0,11,0,3,75,0,78,0,5,84,0,89,62,0,62,151
08/22/2021,BKV,FL,ASO,ES,Federal Contract Tower,0,2,8,0,10,0,4,76,2,82,0,6,84,2,92,64,0,64,156
08/23/2021,BKV,FL,ASO,ES,Federal Contract Tower,0,1,12,0,13,0,4,51,4,59,0,5,63,4,72,62,20,82,154
08/24/2021,BKV,FL,ASO,ES,Federal Contract Tower,0,2,20,2,24,0,1,74,2,77,0,3,94,4,101,48,15,63,164
08/25/2021,BKV,FL,ASO,ES,Federal Contract Tower,0,0,14,0,14,0,0,116,6,122,0,0,130,6,136,54,30,84,220
08/26/2021,BKV,FL,ASO,ES,Federal Contract Tower,0,1,22,3,26,0,2,42,10,54,0,3,64,13,80,75,56,131,211
08/27/2021,BKV,FL,ASO,ES,Federal Contract Tower,0,2,15,0,17,0,1,27,2,30,0,3,42,2,47,56,0,56,103
08/28/2021,BKV,FL,ASO,ES,Federal Contract Tower,0,1,11,0,12,0,0,79,0,79,0,1,90,0,91,37,0,37,128
08/29/2021,BKV,FL,ASO,ES,Federal Contract Tower,0,3,12,0,15,0,1,50,0,51,0,4,62,0,66,76,0,76,142
08/30/2021,BKV,FL,ASO,ES,Federal Contract Tower,0,1,8,0,9,0,1,93,8,102,0,2,101,8,111,125,11,136,247
08/31/2021,BKV,FL,ASO,ES,Federal Contract Tower,0,0,9,2,11,0,3,125,2,130,0,3,134,4,141,117,8,125,266
09/01/2021,BKV,FL,ASO,ES,Federal Contract Tower,0,1,10,0,11,0,0,0,0,0,0,1,10,0,11,0,50,50,61
09/02/2021,BKV,FL,ASO,ES,Federal Contract Tower,0,2,13,0,15,0,4,33,10,47,0,6,46,10,62,46,4,50,112
09/03/2021,BKV,FL,ASO,ES,Federal Contract Tower,0,1,12,0,13,0,3,66,0,69,0,4,78,0,82,57,0,57,139
09/04/2021,BKV,FL,ASO,ES,Federal Contract Tower,0,0,11,0,11,0,2,81,0,83,0,2,92,0,94,102,0,102,196
09/05/2021,BKV,FL,ASO,ES,Federal Contract Tower,0,1,4,0,5,0,2,57,0,59,0,3,61,0,64,57,0,57,121
09/06/2021,BKV,FL,ASO,ES,Federal Contract Tower,0,1,14,0,15,0,2,76,2,80,0,3,90,2,95,58,2,60,155
09/07/2021,BKV,FL,ASO,ES,Federal Contract Tower,0,0,13,0,13,0,4,55,0,59,0,4,68,0,72,88,0,88,160
09/08/2021,BKV,FL,ASO,ES,Federal Contract Tower,0,1,12,0,13,0,1,81,10,92,0,2,93,10,105,124,42,166,271
09/09/2021,BKV,FL,ASO,ES,Federal Contract Tower,0,1,12,0,13,0,1,25,0,26,0,2,37,0,39,33,35,68,107
09/10/2021,BKV,FL,ASO,ES,Federal Contract Tower,0,1,12,2,15,0,0,94,3,97,0,1,106,5,112,85,4,89,201
09/11/2021,BKV,FL,ASO,ES,Federal Contract Tower,0,1,8,0,9,0,9,72,2,83,0,10,80,2,92,59,2,61,153
09/12/2021,BKV,FL,ASO,ES,Federal Contract Tower,0,1,8,0,9,0,0,76,0,76,0,1,84,0,85,76,0,76,161
09/13/2021,BKV,FL,ASO,ES,Federal Contract Tower,0,0,27,0,27,0,8,92,10,110,0,8,119,10,137,100,20,120,257
09/14/2021,BKV,FL,ASO,ES,Federal Contract Tower,0,2,13,0,15,0,3,97,8,108,0,5,110,8,123,110,0,110,233
09/15/2021,BKV,FL,ASO,ES,Federal Contract Tower,0,2,19,2,23,0,5,79,11,95,0,7,98,13,118,193,30,223,341
09/16/2021,BKV,FL,ASO,ES,Federal Contract Tower,0,3,12,0,15,0,2,56,12,70,0,5,68,12,85,127,79,206,291
09/17/2021,BKV,FL,ASO,ES,Federal Contract Tower,0,1,24,0,25,0,0,13,5,18,0,1,37,5,43,10,16,26,69
09/18/2021,BKV,FL,ASO,ES,Federal Contract Tower,0,1,24,0,25,0,6,22,0,28,0,7,46,0,53,39,0,39,92
09/19/2021,BKV,FL,ASO,ES,Federal Contract Tower,0,0,5,0,5,0,4,53,0,57,0,4,58,0,62,110,0,110,172
09/20/2021,BKV,FL,ASO,ES,Federal Contract Tower,0,1,11,2,14,0,2,54,3,59,0,3,65,5,73,72,25,97,170
09/21/2021,BKV,FL,ASO,ES,Federal Contract Tower,0,0,14,3,17,0,3,123,4,130,0,3,137,7,147,81,52,133,280
09/22/2021,BKV,FL,ASO,ES,Federal Contract Tower,1,1,18,0,20,0,6,67,29,102,1,7,85,29,122,95,91,186,308
09/23/2021,BKV,FL,ASO,ES,Federal Contract Tower,0,3,23,6,32,0,0,100,28,128,0,3,123,34,160,109,78,187,347
09/24/2021,BKV,FL,ASO,ES,Federal Contract Tower,0,0,19,0,19,0,3,147,9,159,0,3,166,9,178,93,61,154,332
09/25/2021,BKV,FL,ASO,ES,Federal Contract Tower,0,3,17,0,20,0,1,76,0,77,0,4,93,0,97,79,0,79,176
09/26/2021,BKV,FL,ASO,ES,Federal Contract Tower,0,4,9,2,15,0,5,107,2,114,0,9,116,4,129,36,6,42,171
09/27/2021,BKV,FL,ASO,ES,Federal Contract Tower,0,1,13,0,14,0,3,102,14,119,0,4,115,14,133,83,111,194,327
09/28/2021,BKV,FL,ASO,ES,Federal Contract Tower,0,4,11,1,16,0,2,119,7,128,0,6,130,8,144,204,138,342,486
09/29/2021,BKV,FL,ASO,ES,Federal Contract Tower,0,0,10,0,10,0,4,139,0,143,0,4,149,0,153,126,2,128,281
09/30/2021,BKV,FL,ASO,ES,Federal Contract Tower,0,6,13,2,21,0,1,121,0,122,0,7,134,2,143,91,0,91,234
10/01/2021,BKV,FL,ASO,ES,Federal Contract Tower,0,0,6,10,16,0,2,105,0,107,0,2,111,10,123,148,0,148,271
10/02/2021,BKV,FL,ASO,ES,Federal Contract Tower,0,2,5,0,7,0,3,127,0,130,0,5,132,0,137,136,0,136,273
10/03/2021,BKV,FL,ASO,ES,Federal Contract Tower,0,3,12,0,15,0,5,107,0,112,0,8,119,0,127,226,0,226,353
10/04/2021,BKV,FL,ASO,ES,Federal Contract Tower,0,1,10,1,12,0,5,104,3,112,0,6,114,4,124,123,6,129,253
10/05/2021,BKV,FL,ASO,ES,Federal Contract Tower,0,0,8,0,8,0,0,95,0,95,0,0,103,0,103,130,0,130,233
10/06/2021,BKV,FL,ASO,ES,Federal Contract Tower,0,1,5,0,6,0,2,110,2,114,0,3,115,2,120,177,0,177,297
10/07/2021,BKV,FL,ASO,ES,Federal Contract Tower,0,8,20,1,29,0,1,115,7,123,0,9,135,8,152,206,12,218,370
10/08/2021,BKV,FL,ASO,ES,Federal Contract Tower,0,4,20,0,24,0,2,66,4,72,0,6,86,4,96,61,0,61,157
10/09/2021,BKV,FL,ASO,ES,Federal Contract Tower,0,1,9,0,10,0,0,74,0,74,0,1,83,0,84,134,0,134,218
10/10/2021,BKV,FL,ASO,ES,Federal Contract Tower,0,0,15,0,15,0,2,87,0,89,0,2,102,0,104,138,0,138,242
10/11/2021,BKV,FL,ASO,ES,Federal Contract Tower,0,0,13,0,13,0,1,86,2,89,0,1,99,2,102,177,13,190,292
10/12/2021,BKV,FL,ASO,ES,Federal Contract Tower,0,0,17,1,18,0,1,107,2,110,0,1,124,3,128,137,11,148,276
10/13/2021,BKV,FL,ASO,ES,Federal Contract Tower,0,5,18,2,25,104,5,0,0,109,104,10,18,2,134,154,0,154,288
10/14/2021,BKV,FL,ASO,ES,Federal Contract Tower,0,2,22,2,26,0,0,87,6,93,0,2,109,8,119,88,14,102,221
10/15/2021,BKV,FL,ASO,ES,Federal Contract Tower,0,1,22,4,27,0,3,95,15,113,0,4,117,19,140,129,0,129,269
10/16/2021,BKV,FL,ASO,ES,Federal Contract Tower,0,3,4,0,7,0,1,74,0,75,0,4,78,0,82,79,0,79,161
10/17/2021,BKV,FL,ASO,ES,Federal Contract Tower,0,0,6,0,6,0,3,53,0,56,0,3,59,0,62,26,0,26,88
10/18/2021,BKV,FL,ASO,ES,Federal Contract Tower,0,3,14,2,19,0,2,86,12,100,0,5,100,14,119,68,42,110,229
10/19/2021,BKV,FL,ASO,ES,Federal Contract Tower,0,3,11,8,22,0,5,119,5,129,0,8,130,13,151,172,8,180,331
10/20/2021,BKV,FL,ASO,ES,Federal Contract Tower,0,2,12,0,14,0,5,106,7,118,0,7,118,7,132,173,18,191,323
10/21/2021,BKV,FL,ASO,ES,Federal Contract Tower,0,3,13,2,18,0,4,115,6,125,0,7,128,8,143,178,17,195,338
10/22/2021,BKV,FL,ASO,ES,Federal Contract Tower,0,0,10,2,12,0,1,115,6,122,0,1,125,8,134,172,0,172,306
10/23/2021,BKV,FL,ASO,ES,Federal Contract Tower,0,2,7,0,9,0,0,99,0,99,0,2,106,0,108,115,0,115,223
10/24/2021,BKV,FL,ASO,ES,Federal Contract Tower,0,0,18,0,18,0,4,40,0,44,0,4,58,0,62,29,0,29,91
10/25/2021,BKV,FL,ASO,ES,Federal Contract Tower,0,2,14,1,17,0,5,17,9,31,0,7,31,10,48,47,40,87,135
10/26/2021,BKV,FL,ASO,ES,Federal Contract Tower,0,0,18,0,18,0,4,88,3,95,0,4,106,3,113,163,2,165,278
10/27/2021,BKV,FL,ASO,ES,Federal Contract Tower,0,2,24,2,28,0,0,149,25,174,0,2,173,27,202,136,75,211,413
10/28/2021,BKV,FL,ASO,ES,Federal Contract Tower,0,2,12,4,18,0,0,6,15,21,0,2,18,19,39,10,30,40,79
10/29/2021,BKV,FL,ASO,ES,Federal Contract Tower,0,5,16,0,21,0,2,22,6,30,0,7,38,6,51,17,27,44,95
10/30/2021,BKV,FL,ASO,ES,Federal Contract Tower,0,0,8,0,8,0,4,62,1,67,0,4,70,1,75,90,4,94,169
10/31/2021,BKV,FL,ASO,ES,Federal Contract Tower,0,1,22,0,23,0,1,84,0,85,0,2,106,0,108,98,0,98,206
11/01/2021,BKV,FL,ASO,ES,Federal Contract Tower,0,1,14,0,15,0,2,97,3,102,0,3,111,3,117,164,8,172,289
11/02/2021,BKV,FL,ASO,ES,Federal Contract Tower,0,3,22,0,25,0,8,88,12,108,0,11,110,12,133,141,66,207,340
11/03/2021,BKV,FL,ASO,ES,Federal Contract Tower,0,0,18,1,19,0,13,111,8,132,0,13,129,9,151,221,7,228,379
11/04/2021,BKV,FL,ASO,ES,Federal Contract Tower,0,4,18,0,22,0,4,48,11,63,0,8,66,11,85,172,0,172,257
11/05/2021,BKV,FL,ASO,ES,Federal Contract Tower,0,1,3,0,4,0,0,0,0,0,0,1,3,0,4,0,0,0,4
11/06/2021,BKV,FL,ASO,ES,Federal Contract Tower,0,4,6,0,10,0,0,1,0,1,0,4,7,0,11,0,0,0,11
11/07/2021,BKV,FL,ASO,ES,Federal Contract Tower,0,1,5,0,6,0,3,49,0,52,0,4,54,0,58,121,0,121,179
11/08/2021,BKV,FL,ASO,ES,Federal Contract Tower,0,3,14,1,18,0,3,102,6,111,0,6,116,7,129,156,9,165,294
11/09/2021,BKV,FL,ASO,ES,Federal Contract Tower,0,2,17,2,21,0,0,98,8,106,0,2,115,10,127,159,66,225,352
11/10/2021,BKV,FL,ASO,ES,Federal Contract Tower,0,1,22,9,32,0,4,85,7,96,0,5,107,16,128,131,15,146,274
11/11/2021,BKV,FL,ASO,ES,Federal Contract Tower,0,0,20,0,20,0,2,93,6,101,0,2,113,6,121,169,17,186,307
11/12/2021,BKV,FL,ASO,ES,Federal Contract Tower,0,0,16,3,19,0,4,48,4,56,0,4,64,7,75,174,38,212,287
11/13/2021,BKV,FL,ASO,ES,Federal Contract Tower,0,0,10,1,11,0,3,21,1,25,0,3,31,2,36,68,14,82,118
11/14/2021,BKV,FL,ASO,ES,Federal Contract Tower,0,1,14,0,15,0,3,110,0,113,0,4,124,0,128,179,0,179,307
11/15/2021,BKV,FL,ASO,ES,Federal Contract Tower,0,1,12,0,13,0,3,87,3,93,0,4,99,3,106,170,18,188,294
11/16/2021,BKV,FL,ASO,ES,Federal Contract Tower,0,3,17,1,21,0,4,108,15,127,0,7,125,16,148,241,20,261,409
11/17/2021,BKV,FL,ASO,ES,Federal Contract Tower,0,1,15,5,21,0,2,115,22,139,0,3,130,27,160,129,65,194,354
11/18/2021,BKV,FL,ASO,ES,Federal Contract Tower,0,1,14,2,17,0,0,83,16,99,0,1,97,18,116,181,78,259,375
11/19/2021,BKV,FL,ASO,ES,Federal Contract Tower,0,0,12,4,16,0,1,63,19,83,0,1,75,23,99,114,16,130,229
11/20/2021,BKV,FL,ASO,ES,Federal Contract Tower,0,2,5,0,7,0,3,49,9,61,0,5,54,9,68,50,2,52,120
11/21/2021,BKV,FL,ASO,ES,Federal Contract Tower,0,0,18,12,30,0,0,76,5,81,0,0,94,17,111,170,5,175,286
11/22/2021,BKV,FL,ASO,ES,Federal Contract Tower,0,1,6,0,7,0,3,31,5,39,0,4,37,5,46,101,1,102,148
11/23/2021,BKV,FL,ASO,ES,Federal Contract Tower,0,0,18,3,21,0,1,100,5,106,0,1,118,8,127,89,47,136,263
11/24/2021,BKV,FL,ASO,ES,Federal Contract Tower,0,2,16,0,18,0,2,107,0,109,0,4,123,0,127,42,0,42,169
11/25/2021,BKV,FL,ASO,ES,Federal Contract Tower,0,0,9,0,9,0,0,17,0,17,0,0,26,0,26,8,0,8,34
11/26/2021,BKV,FL,ASO,ES,Federal Contract Tower,0,3,11,1,15,0,2,99,0,101,0,5,110,1,116,85,0,85,201
11/27/2021,BKV,FL,ASO,ES,Federal Contract Tower,0,1,16,0,17,0,0,93,0,93,0,1,109,0,110,62,0,62,172
11/28/2021,BKV,FL,ASO,ES,Federal Contract Tower,0,0,12,0,12,0,2,86,0,88,0,2,98,0,100,133,0,133,233
11/29/2021,BKV,FL,ASO,ES,Federal Contract Tower,0,2,5,0,7,0,1,98,0,99,0,3,103,0,106,167,0,167,273
11/30/2021,BKV,FL,ASO,ES,Federal Contract Tower,0,2,29,1,32,0,4,82,5,91,0,6,111,6,123,154,59,213,336
12/01/2021,BKV,FL,ASO,ES,Federal Contract Tower,0,3,9,0,12,0,2,113,14,129,0,5,122,14,141,152,48,200,341
12/02/2021,BKV,FL,ASO,ES,Federal Contract Tower,0,1,15,1,17,0,6,126,7,139,0,7,141,8,156,122,67,189,345
12/03/2021,BKV,FL,ASO,ES,Federal Contract Tower,0,4,9,1,14,0,5,80,6,91,0,9,89,7,105,98,18,116,221
12/04/2021,BKV,FL,ASO,ES,Federal Contract Tower,0,0,10,0,10,0,2,83,3,88,0,2,93,3,98,196,18,214,312
12/05/2021,BKV,FL,ASO,ES,Federal Contract Tower,0,3,10,0,13,0,10,93,0,103,0,13,103,0,116,82,0,82,198
12/06/2021,BKV,FL,ASO,ES,Federal Contract Tower,0,9,11,0,20,0,2,62,6,70,0,11,73,6,90,81,22,103,193
12/07/2021,BKV,FL,ASO,ES,Federal Contract Tower,0,17,39,0,56,0,0,20,3,23,0,17,59,3,79,26,6,32,111
12/08/2021,BKV,FL,ASO,ES,Federal Contract Tower,0,4,18,3,25,0,2,77,6,85,0,6,95,9,110,114,27,141,251
12/09/2021,BKV,FL,ASO,ES,Federal Contract Tower,0,7,21,5,33,0,1,59,20,80,0,8,80,25,113,59,36,95,208
12/10/2021,BKV,FL,ASO,ES,Federal Contract Tower,0,2,19,2,23,0,4,59,7,70,0,6,78,9,93,127,8,135,228
12/11/2021,BKV,FL,ASO,ES,Federal Contract Tower,0,0,9,0,9,0,2,131,0,133,0,2,140,0,142,69,0,69,211
12/12/2021,BKV,FL,ASO,ES,Federal Contract Tower,0,2,14,0,16,0,1,70,0,71,0,3,84,0,87,80,0,80,167
12/13/2021,BKV,FL,ASO,ES,Federal Contract Tower,0,4,22,0,26,0,1,81,31,113,0,5,103,31,139,69,85,154,293
12/14/2021,BKV,FL,ASO,ES,Federal Contract Tower,0,0,28,10,38,0,1,18,13,32,0,1,46,23,70,30,15,45,115
12/15/2021,BKV,FL,ASO,ES,Federal Contract Tower,0,1,10,1,12,0,4,108,14,126,0,5,118,15,138,47,67,114,252
12/16/2021,BKV,FL,ASO,ES,Federal Contract Tower,0,1,20,0,21,0,5,122,12,139,0,6,142,12,160,175,20,195,355
12/17/2021,BKV,FL,ASO,ES,Federal Contract Tower,0,6,11,0,17,0,2,99,0,101,0,8,110,0,118,178,0,178,296
12/18/2021,BKV,FL,ASO,ES,Federal Contract Tower,0,1,21,0,22,0,0,79,0,79,0,1,100,0,101,82,0,82,183
12/19/2021,BKV,FL,ASO,ES,Federal Contract Tower,0,2,9,0,11,0,3,14,0,17,0,5,23,0,28,16,0,16,44
12/20/2021,BKV,FL,ASO,ES,Federal Contract Tower,0,3,24,0,27,0,2,6,7,15,0,5,30,7,42,0,30,30,72
12/21/2021,BKV,FL,ASO,ES,Federal Contract Tower,0,1,5,4,10,0,0,0,0,0,0,1,5,4,10,53,0,53,63
12/22/2021,BKV,FL,ASO,ES,Federal Contract Tower,0,5,16,2,23,0,7,40,4,51,0,12,56,6,74,85,4,89,163
12/23/2021,BKV,FL,ASO,ES,Federal Contract Tower,0,1,11,0,12,0,3,141,0,144,0,4,152,0,156,151,0,151,307
12/24/2021,BKV,FL,ASO,ES,Federal Contract Tower,0,1,8,0,9,0,4,98,0,102,0,5,106,0,111,101,0,101,212
12/25/2021,BKV,FL,ASO,ES,Federal Contract Tower,0,2,6,0,8,0,0,36,0,36,0,2,42,0,44,7,0,7,51
12/26/2021,BKV,FL,ASO,ES,Federal Contract Tower,0,0,14,0,14,0,0,55,0,55,0,0,69,0,69,83,0,83,152
12/27/2021,BKV,FL,ASO,ES,Federal Contract Tower,0,3,9,0,12,0,3,112,0,115,0,6,121,0,127,207,0,207,334
12/28/2021,BKV,FL,ASO,ES,Federal Contract Tower,0,4,5,4,13,0,6,92,0,98,0,10,97,4,111,173,0,173,284
12/29/2021,BKV,FL,ASO,ES,Federal Contract Tower,0,4,7,0,11,0,3,100,2,105,0,7,107,2,116,130,2,132,248
12/30/2021,BKV,FL,ASO,ES,Federal Contract Tower,0,5,19,0,24,0,0,65,0,65,0,5,84,0,89,176,0,176,265
12/31/2021,BKV,FL,ASO,ES,Federal Contract Tower,0,0,3,0,3,0,6,45,0,51,0,6,48,0,54,128,0,128,182
01/01/2022,BKV,FL,ASO,ES,Federal Contract Tower,0,4,9,0,13,0,4,57,0,61,0,8,66,0,74,51,0,51,125
01/02/2022,BKV,FL,ASO,ES,Federal Contract Tower,0,1,7,0,8,0,2,27,0,29,0,3,34,0,37,32,0,32,69
01/03/2022,BKV,FL,ASO,ES,Federal Contract Tower,0,1,6,0,7,0,0,46,6,52,0,1,52,6,59,33,0,33,92
01/04/2022,BKV,FL,ASO,ES,Federal Contract Tower,0,1,17,1,19,0,0,85,11,96,0,1,102,12,115,136,27,163,278
01/05/2022,BKV,FL,ASO,ES,Federal Contract Tower,0,3,16,0,19,0,0,99,9,108,0,3,115,9,127,147,16,163,290
01/06/2022,BKV,FL,ASO,ES,Federal Contract Tower,0,3,4,3,10,0,3,120,9,132,0,6,124,12,142,145,16,161,303
01/07/2022,BKV,FL,ASO,ES,Federal Contract Tower,0,1,12,0,13,0,0,90,15,105,0,1,102,15,118,125,32,157,275
01/08/2022,BKV,FL,ASO,ES,Federal Contract Tower,0,3,12,0,15,0,0,95,5,100,0,3,107,5,115,168,15,183,298
01/09/2022,BKV,FL,ASO,ES,Federal Contract Tower,0,2,10,0,12,0,1,68,0,69,0,3,78,0,81,70,0,70,151
01/10/2022,BKV,FL,ASO,ES,Federal Contract Tower,0,2,15,5,22,0,0,30,5,35,0,2,45,10,57,35,37,72,129
01/11/2022,BKV,FL,ASO,ES,Federal Contract Tower,0,1,16,0,17,0,3,103,17,123,0,4,119,17,140,72,54,126,266
01/12/2022,BKV,FL,ASO,ES,Federal Contract Tower,0,1,8,0,9,0,0,149,18,167,0,1,157,18,176,101,100,201,377
01/13/2022,BKV,FL,ASO,ES,Federal Contract Tower,0,5,15,0,20,0,0,102,10,112,0,5,117,10,132,97,74,171,303
01/14/2022,BKV,FL,ASO,ES,Federal Contract Tower,0,5,12,10,27,0,0,129,7,136,0,5,141,17,163,139,74,213,376
01/15/2022,BKV,FL,ASO,ES,Federal Contract Tower,0,3,14,0,17,0,1,106,5,112,0,4,120,5,129,87,6,93,222
01/16/2022,BKV,FL,ASO,ES,Federal Contract Tower,0,4,4,2,10,0,3,4,0,7,0,7,8,2,17,28,0,28,45
01/17/2022,BKV,FL,ASO,ES,Federal Contract Tower,0,1,9,0,10,0,0,32,0,32,0,1,41,0,42,24,0,24,66
01/18/2022,BKV,FL,ASO,ES,Federal Contract Tower,0,2,19,3,24,0,3,108,7,118,0,5,127,10,142,147,26,173,315
01/19/2022,BKV,FL,ASO,ES,Federal Contract Tower,0,1,17,0,18,0,4,143,17,164,0,5,160,17,182,159,106,265,447
01/20/2022,BKV,FL,ASO,ES,Federal Contract Tower,0,6,1,0,7,0,2,150,15,167,0,8,151,15,174,225,91,316,490
01/21/2022,BKV,FL,ASO,ES,Federal Contract Tower,0,3,15,0,18,0,4,57,4,65,0,7,72,4,83,79,40,119,202
01/22/2022,BKV,FL,ASO,ES,Federal Contract Tower,0,0,12,4,16,0,3,15,6,24,0,3,27,10,40,24,0,24,64
01/23/2022,BKV,FL,ASO,ES,Federal Contract Tower,0,0,9,0,9,0,4,23,0,27,0,4,32,0,36,72,0,72,108
01/24/2022,BKV,FL,ASO,ES,Federal Contract Tower,0,0,4,0,4,0,0,93,17,110,0,0,97,17,114,131,136,267,381
01/25/2022,BKV,FL,ASO,ES,Federal Contract Tower,0,2,10,0,12,0,0,20,0,20,0,2,30,0,32,62,0,62,94
01/26/2022,BKV,FL,ASO,ES,Federal Contract Tower,0,3,10,10,23,0,0,1,10,11,0,3,11,20,34,0,16,16,50
01/27/2022,BKV,FL,ASO,ES,Federal Contract Tower,0,4,26,2,32,0,4,24,3,31,0,8,50,5,63,70,22,92,155
01/28/2022,BKV,FL,ASO,ES,Federal Contract Tower,0,2,14,0,16,0,2,63,16,81,0,4,77,16,97,179,66,245,342
01/29/2022,BKV,FL,ASO,ES,Federal Contract Tower,0,0,6,0,6,0,2,31,0,33,0,2,37,0,39,16,0,16,55
01/30/2022,BKV,FL,ASO,ES,Federal Contract Tower,0,1,23,0,24,0,2,113,6,121,0,3,136,6,145,104,8,112,257
01/31/2022,BKV,FL,ASO,ES,Federal Contract Tower,0,1,6,0,7,0,3,84,4,91,0,4,90,4,98,177,72,249,347
02/01/2022,BKV,FL,ASO,ES,Federal Contract Tower,0,0,16,0,16,0,2,88,2,92,0,2,104,2,108,125,6,131,239
02/02/2022,BKV,FL,ASO,ES,Federal Contract Tower,0,3,16,4,23,0,0,102,13,115,0,3,118,17,138,107,33,140,278
02/03/2022,BKV,FL,ASO,ES,Federal Contract Tower,0,1,4,3,8,0,3,112,24,139,0,4,116,27,147,70,24,94,241
02/04/2022,BKV,FL,ASO,ES,Federal Contract Tower,0,0,10,0,10,0,0,81,14,95,0,0,91,14,105,59,47,106,211
02/05/2022,BKV,FL,ASO,ES,Federal Contract Tower,0,2,23,0,25,0,0,25,0,25,0,2,48,0,50,16,0,16,66
02/06/2022,BKV,FL,ASO,ES,Federal Contract Tower,0,1,15,0,16,0,0,0,0,0,0,1,15,0,16,0,0,0,16
02/07/2022,BKV,FL,ASO,ES,Federal Contract Tower,0,2,33,7,42,0,0,24,0,24,0,2,57,7,66,33,0,33,99
02/08/2022,BKV,FL,ASO,ES,Federal Contract Tower,0,12,42,4,58,0,0,0,0,0,0,12,42,4,58,0,0,0,58
02/09/2022,BKV,FL,ASO,ES,Federal Contract Tower,0,2,18,0,20,0,1,127,14,142,0,3,145,14,162,225,89,314,476
02/10/2022,BKV,FL,ASO,ES,Federal Contract Tower,0,2,7,0,9,0,2,134,13,149,0,4,141,13,158,259,68,327,485
02/11/2022,BKV,FL,ASO,ES,Federal Contract Tower,0,5,9,1,15,0,1,118,17,136,0,6,127,18,151,198,18,216,367
02/12/2022,BKV,FL,ASO,ES,Federal Contract Tower,0,7,10,0,17,0,0,129,0,129,0,7,139,0,146,145,0,145,291
02/13/2022,BKV,FL,ASO,ES,Federal Contract Tower,0,3,5,1,9,0,4,35,0,39,0,7,40,1,48,52,0,52,100
02/14/2022,BKV,FL,ASO,ES,Federal Contract Tower,0,3,13,0,16,0,0,84,11,95,0,3,97,11,111,140,50,190,301
02/15/2022,BKV,FL,ASO,ES,Federal Contract Tower,0,1,21,9,31,0,3,86,8,97,0,4,107,17,128,133,37,170,298
02/16/2022,BKV,FL,ASO,ES,Federal Contract Tower,0,2,24,2,28,0,3,104,13,120,0,5,128,15,148,112,47,159,307
02/17/2022,BKV,FL,ASO,ES,Federal Contract Tower,0,4,18,4,26,0,2,81,15,98,0,6,99,19,124,126,60,186,310
02/18/2022,BKV,FL,ASO,ES,Federal Contract Tower,0,3,18,3,24,0,1,29,0,30,0,4,47,3,54,45,10,55,109
02/19/2022,BKV,FL,ASO,ES,Federal Contract Tower,0,1,6,0,7,0,10,86,0,96,0,11,92,0,103,179,0,179,282
02/20/2022,BKV,FL,ASO,ES,Federal Contract Tower,0,1,12,0,13,0,1,132,0,133,0,2,144,0,146,162,0,162,308
02/21/2022,BKV,FL,ASO,ES,Federal Contract Tower,0,1,12,2,15,0,5,124,4,133,0,6,136,6,148,29,0,29,177
02/22/2022,BKV,FL,ASO,ES,Federal Contract Tower,0,1,17,6,24,0,19,144,9,172,0,20,161,15,196,188,36,224,420
02/23/2022,BKV,FL,ASO,ES,Federal Contract Tower,0,3,26,0,29,0,5,142,10,157,0,8,168,10,186,200,33,233,419
02/24/2022,BKV,FL,ASO,ES,Federal Contract Tower,0,11,5,0,16,0,1,134,7,142,0,12,139,7,158,271,4,275,433
02/25/2022,BKV,FL,ASO,ES,Federal Contract Tower,0,4,13,0,17,0,6,118,3,127,0,10,131,3,144,156,22,178,322
02/26/2022,BKV,FL,ASO,ES,Federal Contract Tower,0,1,11,0,12,0,8,98,6,112,0,9,109,6,124,172,0,172,296
02/27/2022,BKV,FL,ASO,ES,Federal Contract Tower,0,0,19,0,19,0,2,84,5,91,0,2,103,5,110,96,20,116,226
02/28/2022,BKV,FL,ASO,ES,Federal Contract Tower,0,1,15,0,16,0,0,39,1,40,0,1,54,1,56,114,17,131,187
03/01/2022,BKV,FL,ASO,ES,Federal Contract Tower,0,2,19,2,23,0,0,51,2,53,0,2,70,4,76,133,0,133,209
03/02/2022,BKV,FL,ASO,ES,Federal Contract Tower,0,1,12,0,13,0,2,126,25,153,0,3,138,25,166,114,62,176,342
03/03/2022,BKV,FL,ASO,ES,Federal Contract Tower,0,3,7,0,10,0,3,106,12,121,0,6,113,12,131,219,22,241,372
03/04/2022,BKV,FL,ASO,ES,Federal Contract Tower,0,2,9,1,12,0,2,86,10,98,0,4,95,11,110,60,72,132,242
03/05/2022,BKV,FL,ASO,ES,Federal Contract Tower,0,2,16,0,18,0,4,46,2,52,0,6,62,2,70,30,1,31,101
03/06/2022,BKV,FL,ASO,ES,Federal Contract Tower,0,2,10,0,12,0,4,62,1,67,0,6,72,1,79,42,0,42,121
03/07/2022,BKV,FL,ASO,ES,Federal Contract Tower,0,0,9,0,9,0,8,64,9,81,0,8,73,9,90,35,67,102,192
03/08/2022,BKV,FL,ASO,ES,Federal Contract Tower,0,1,9,2,12,0,5,54,4,63,0,6,63,6,75,131,8,139,214
03/09/2022,BKV,FL,ASO,ES,Federal Contract Tower,0,3,14,0,17,0,0,40,2,42,0,3,54,2,59,94,0,94,153
03/10/2022,BKV,FL,ASO,ES,Federal Contract Tower,0,1,20,0,21,0,4,13,1,18,0,5,33,1,39,10,26,36,75
03/11/2022,BKV,FL,ASO,ES,Federal Contract Tower,0,1,17,0,18,0,4,49,0,53,0,5,66,0,71,73,0,73,144
03/12/2022,BKV,FL,ASO,ES,Federal Contract Tower,0,2,1,0,3,0,0,3,5,8,0,2,4,5,11,0,21,21,32
03/13/2022,BKV,FL,ASO,ES,Federal Contract Tower,0,2,14,0,16,0,3,73,0,76,0,5,87,0,92,42,0,42,134
03/14/2022,BKV,FL,ASO,ES,Federal Contract Tower,0,1,13,0,14,0,6,91,7,104,0,7,104,7,118,66,54,120,238
03/15/2022,BKV,FL,ASO,ES,Federal Contract Tower,0,1,7,3,11,0,0,56,4,60,0,1,63,7,71,72,31,103,174
03/16/2022,BKV,FL,ASO,ES,Federal Contract Tower,0,7,12,0,19,0,1,44,4,49,0,8,56,4,68,38,2,40,108
03/17/2022,BKV,FL,ASO,ES,Federal Contract Tower,0,2,10,2,14,0,2,102,16,120,0,4,112,18,134,168,0,168,302
03/18/2022,BKV,FL,ASO,ES,Federal Contract Tower,0,2,11,0,13,0,2,115,0,117,0,4,126,0,130,172,0,172,302
03/19/2022,BKV,FL,ASO,ES,Federal Contract Tower,0,7,17,0,24,0,6,85,0,91,0,13,102,0,115,93,0,93,208
03/20/2022,BKV,FL,ASO,ES,Federal Contract Tower,0,0,12,0,12,0,2,79,3,84,0,2,91,3,96,58,19,77,173
03/21/2022,BKV,FL,ASO,ES,Federal Contract Tower,0,4,19,0,23,0,2,81,0,83,0,6,100,0,106,214,0,214,320
03/22/2022,BKV,FL,ASO,ES,Federal Contract Tower,0,0,17,0,17,0,2,80,2,84,0,2,97,2,101,120,46,166,267
03/23/2022,BKV,FL,ASO,ES,Federal Contract Tower,0,2,6,0,8,0,1,20,6,27,0,3,26,6,35,4,14,18,53
03/24/2022,BKV,FL,ASO,ES,Federal Contract Tower,0,4,8,0,12,0,0,1,0,1,0,4,9,0,13,0,0,0,13
03/25/2022,BKV,FL,ASO,ES,Federal Contract Tower,0,3,13,4,20,0,4,63,7,74,0,7,76,11,94,71,48,119,213
03/26/2022,BKV,FL,ASO,ES,Federal Contract Tower,0,1,5,1,7,0,3,65,12,80,0,4,70,13,87,120,31,151,238
03/27/2022,BKV,FL,ASO,ES,Federal Contract Tower,0,3,15,0,18,0,3,75,0,78,0,6,90,0,96,46,0,46,142
03/28/2022,BKV,FL,ASO,ES,Federal Contract Tower,0,4,11,1,16,0,3,91,2,96,0,7,102,3,112,79,35,114,226
03/29/2022,BKV,FL,ASO,ES,Federal Contract Tower,0,1,9,2,12,0,2,112,4,118,0,3,121,6,130,295,25,320,450
03/30/2022,BKV,FL,ASO,ES,Federal Contract Tower,0,3,5,0,8,0,4,61,20,85,0,7,66,20,93,39,18,57,150
03/31/2022,BKV,FL,ASO,ES,Federal Contract Tower,0,0,6,0,6,0,0,8,0,8,0,0,14,0,14,12,0,12,26
04/01/2022,BKV,FL,ASO,ES,Federal Contract Tower,0,3,9,0,12,0,2,50,2,54,0,5,59,2,66,98,10,108,174
04/02/2022,BKV,FL,ASO,ES,Federal Contract Tower,0,2,2,0,4,0,0,11,0,11,0,2,13,0,15,62,0,62,77
04/03/2022,BKV,FL,ASO,ES,Federal Contract Tower,0,0,11,0,11,0,6,69,0,75,0,6,80,0,86,96,0,96,182
04/04/2022,BKV,FL,ASO,ES,Federal Contract Tower,0,0,7,0,7,0,1,102,2,105,0,1,109,2,112,155,30,185,297
04/05/2022,BKV,FL,ASO,ES,Federal Contract Tower,0,1,5,0,6,0,2,50,4,56,0,3,55,4,62,12,34,46,108
04/06/2022,BKV,FL,ASO,ES,Federal Contract Tower,0,3,13,4,20,0,1,70,5,76,0,4,83,9,96,168,2,170,266
04/07/2022,BKV,FL,ASO,ES,Federal Contract Tower,0,6,14,2,22,0,3,8,5,16,0,9,22,7,38,4,4,8,46
04/08/2022,BKV,FL,ASO,ES,Federal Contract Tower,0,0,17,0,17,0,4,45,4,53,0,4,62,4,70,38,20,58,128
04/09/2022,BKV,FL,ASO,ES,Federal Contract Tower,0,0,4,0,4,0,0,35,0,35,0,0,39,0,39,26,0,26,65
04/10/2022,BKV,FL,ASO,ES,Federal Contract Tower,0,1,13,0,14,0,0,126,2,128,0,1,139,2,142,126,0,126,268
04/11/2022,BKV,FL,ASO,ES,Federal Contract Tower,0,1,10,3,14,0,7,117,7,131,0,8,127,10,145,121,17,138,283
04/12/2022,BKV,FL,ASO,ES,Federal Contract Tower,0,3,4,0,7,0,5,95,6,106,0,8,99,6,113,126,10,136,249
04/13/2022,BKV,FL,ASO,ES,Federal Contract Tower,0,2,21,2,25,0,5,105,9,119,0,7,126,11,144,205,37,242,386
04/14/2022,BKV,FL,ASO,ES,Federal Contract Tower,0,2,17,0,19,0,0,89,17,106,0,2,106,17,125,293,46,339,464
04/15/2022,BKV,FL,ASO,ES,Federal Contract Tower,0,3,16,2,21,0,1,103,4,108,0,4,119,6,129,108,0,108,237
04/16/2022,BKV,FL,ASO,ES,Federal Contract Tower,0,1,10,0,11,0,4,124,2,130,0,5,134,2,141,160,10,170,311
04/17/2022,BKV,FL,ASO,ES,Federal Contract Tower,0,3,4,0,7,0,2,64,0,66,0,5,68,0,73,50,0,50,123
04/18/2022,BKV,FL,ASO,ES,Federal Contract Tower,0,5,7,0,12,0,0,87,4,91,0,5,94,4,103,190,27,217,320
04/19/2022,BKV,FL,ASO,ES,Federal Contract Tower,0,2,12,2,16,0,7,117,8,132,0,9,129,10,148,184,43,227,375
04/20/2022,BKV,FL,ASO,ES,Federal Contract Tower,0,1,4,1,6,0,0,115,15,130,0,1,119,16,136,180,34,214,350
04/21/2022,BKV,FL,ASO,ES,Federal Contract Tower,0,3,15,2,20,0,5,106,18,129,0,8,121,20,149,184,25,209,358
04/22/2022,BKV,FL,ASO,ES,Federal Contract Tower,0,3,11,3,17,0,3,94,5,102,0,6,105,8,119,151,10,161,280
04/23/2022,BKV,FL,ASO,ES,Federal Contract Tower,0,1,8,0,9,0,3,76,0,79,0,4,84,0,88,112,0,112,200
04/24/2022,BKV,FL,ASO,ES,Federal Contract Tower,0,2,6,0,8,0,6,71,1,78,0,8,77,1,86,85,10,95,181
04/25/2022,BKV,FL,ASO,ES,Federal Contract Tower,0,0,23,4,27,0,4,136,4,144,0,4,159,8,171,139,32,171,342
04/26/2022,BKV,FL,ASO,ES,Federal Contract Tower,0,2,18,2,22,0,0,134,16,150,0,2,152,18,172,149,43,192,364
04/27/2022,BKV,FL,ASO,ES,Federal Contract Tower,0,0,12,4,16,0,2,99,14,115,0,2,111,18,131,172,20,192,323
04/28/2022,BKV,FL,ASO,ES,Federal Contract Tower,0,1,21,2,24,0,2,73,6,81,0,3,94,8,105,166,23,189,294
04/29/2022,BKV,FL,ASO,ES,Federal Contract Tower,0,2,15,2,19,0,3,90,7,100,0,5,105,9,119,235,15,250,369
04/30/2022,BKV,FL,ASO,ES,Federal Contract Tower,0,3,7,0,10,0,0,70,18,88,0,3,77,18,98,93,12,105,203
05/01/2022,BKV,FL,ASO,ES,Federal Contract Tower,0,0,10,0,10,0,0,72,14,86,0,0,82,14,96,96,16,112,208
05/02/2022,BKV,FL,ASO,ES,Federal Contract Tower,0,0,13,0,13,0,0,103,2,105,0,0,116,2,118,139,4,143,261
05/03/2022,BKV,FL,ASO,ES,Federal Contract Tower,0,1,18,0,19,0,2,100,9,111,0,3,118,9,130,145,47,192,322
05/04/2022,BKV,FL,ASO,ES,Federal Contract Tower,0,4,11,2,17,0,2,126,13,141,0,6,137,15,158,155,23,178,336
05/05/2022,BKV,FL,ASO,ES,Federal Contract Tower,0,0,23,1,24,0,4,110,1,115,0,4,133,2,139,166,0,166,305
05/06/2022,BKV,FL,ASO,ES,Federal Contract Tower,0,0,11,0,11,0,1,88,0,89,0,1,99,0,100,156,0,156,256
05/07/2022,BKV,FL,ASO,ES,Federal Contract Tower,0,2,8,1,11,0,1,40,3,44,0,3,48,4,55,35,5,40,95
05/08/2022,BKV,FL,ASO,ES,Federal Contract Tower,0,0,14,0,14,0,3,48,0,51,0,3,62,0,65,148,0,148,213
05/09/2022,BKV,FL,ASO,ES,Federal Contract Tower,0,0,15,4,19,0,2,86,10,98,0,2,101,14,117,150,53,203,320
05/10/2022,BKV,FL,ASO,ES,Federal Contract Tower,0,1,9,3,13,0,2,90,15,107,0,3,99,18,120,175,12,187,307
05/11/2022,BKV,FL,ASO,ES,Federal Contract Tower,0,3,13,0,16,0,2,86,13,101,0,5,99,13,117,148,46,194,311
05/12/2022,BKV,FL,ASO,ES,Federal Contract Tower,0,1,15,1,17,0,2,110,7,119,0,3,125,8,136,249,0,249,385
05/13/2022,BKV,FL,ASO,ES,Federal Contract Tower,0,1,11,2,14,0,3,82,4,89,0,4,93,6,103,176,17,193,296
05/14/2022,BKV,FL,ASO,ES,Federal Contract Tower,0,1,17,0,18,0,2,117,1,120,0,3,134,1,138,171,0,171,309
05/15/2022,BKV,FL,ASO,ES,Federal Contract Tower,0,2,13,0,15,0,1,48,0,49,0,3,61,0,64,107,0,107,171
05/16/2022,BKV,FL,ASO,ES,Federal Contract Tower,0,5,17,0,22,0,3,90,4,97,0,8,107,4,119,151,18,169,288
05/17/2022,BKV,FL,ASO,ES,Federal Contract Tower,0,4,18,1,23,0,1,75,3,79,0,5,93,4,102,172,0,172,274
05/18/2022,BKV,FL,ASO,ES,Federal Contract Tower,0,6,7,2,15,0,6,64,9,79,0,12,71,11,94,175,40,215,309
05/19/2022,BKV,FL,ASO,ES,Federal Contract Tower,0,4,20,4,28,0,0,85,9,94,0,4,105,13,122,144,22,166,288
05/20/2022,BKV,FL,ASO,ES,Federal Contract Tower,0,2,3,0,5,0,0,27,0,27,0,2,30,0,32,36,0,36,68
05/21/2022,BKV,FL,ASO,ES,Federal Contract Tower,0,4,6,0,10,0,1,10,0,11,0,5,16,0,21,12,0,12,33
05/22/2022,BKV,FL,ASO,ES,Federal Contract Tower,0,0,11,0,11,0,2,18,0,20,0,2,29,0,31,42,0,42,73
05/23/2022,BKV,FL,ASO,ES,Federal Contract Tower,0,0,8,2,10,0,5,74,4,83,0,5,82,6,93,155,0,155,248
05/24/2022,BKV,FL,ASO,ES,Federal Contract Tower,0,0,12,1,13,0,0,107,9,116,0,0,119,10,129,158,0,158,287
05/25/2022,BKV,FL,ASO,ES,Federal Contract Tower,0,7,9,1,17,0,0,113,6,119,0,7,122,7,136,193,2,195,331
05/26/2022,BKV,FL,ASO,ES,Federal Contract Tower,0,3,22,0,25,0,0,121,0,121,0,3,143,0,146,173,0,173,319
05/27/2022,BKV,FL,ASO,ES,Federal Contract Tower,0,4,11,0,15,0,2,40,0,42,0,6,51,0,57,73,0,73,130
05/28/2022,BKV,FL,ASO,ES,Federal Contract Tower,0,3,7,0,10,0,4,137,0,141,0,7,144,0,151,100,0,100,251
05/29/2022,BKV,FL,ASO,ES,Federal Contract Tower,0,1,10,0,11,0,4,81,0,85,0,5,91,0,96,52,0,52,148
05/30/2022,BKV,FL,ASO,ES,Federal Contract Tower,0,0,10,0,10,0,2,89,0,91,0,2,99,0,101,52,0,52,153
05/31/2022,BKV,FL,ASO,ES,Federal Contract Tower,0,5,15,2,22,0,1,68,9,78,0,6,83,11,100,142,26,168,268
06/01/2022,BKV,FL,ASO,ES,Federal Contract Tower,0,6,13,2,21,0,0,72,9,81,0,6,85,11,102,163,18,181,283
06/02/2022,BKV,FL,ASO,ES,Federal Contract Tower,0,3,13,0,16,0,0,86,12,98,0,3,99,12,114,127,20,147,261
06/03/2022,BKV,FL,ASO,ES,Federal Contract Tower,0,2,17,0,19,0,1,49,15,65,0,3,66,15,84,90,36,126,210
06/04/2022,BKV,FL,ASO,ES,Federal Contract Tower,0,0,8,0,8,0,3,5,0,8,0,3,13,0,16,19,0,19,35
06/05/2022,BKV,FL,ASO,ES,Federal Contract Tower,0,1,14,0,15,0,6,81,0,87,0,7,95,0,102,116,0,116,218
06/06/2022,BKV,FL,ASO,ES,Federal Contract Tower,0,6,9,2,17,0,2,80,0,82,0,8,89,2,99,187,0,187,286
06/07/2022,BKV,FL,ASO,ES,Federal Contract Tower,0,0,9,3,12,0,2,82,6,90,0,2,91,9,102,170,11,181,283
06/08/2022,BKV,FL,ASO,ES,Federal Contract Tower,0,3,21,0,24,0,2,79,10,91,0,5,100,10,115,193,45,238,353
06/09/2022,BKV,FL,ASO,ES,Federal Contract Tower,0,2,15,0,17,0,3,73,10,86,0,5,88,10,103,175,28,203,306
06/10/2022,BKV,FL,ASO,ES,Federal Contract Tower,0,1,4,0,5,0,2,41,0,43,0,3,45,0,48,74,15,89,137
06/11/2022,BKV,FL,ASO,ES,Federal Contract Tower,0,0,9,0,9,0,0,31,0,31,0,0,40,0,40,127,0,127,167
06/12/2022,BKV,FL,ASO,ES,Federal Contract Tower,0,2,7,0,9,0,3,35,0,38,0,5,42,0,47,38,0,38,85
06/13/2022,BKV,FL,ASO,ES,Federal Contract Tower,0,2,9,4,15,0,0,85,2,87,0,2,94,6,102,152,8,160,262
06/14/2022,BKV,FL,ASO,ES,Federal Contract Tower,0,4,11,4,19,0,2,120,5,127,0,6,131,9,146,148,2,150,296
06/15/2022,BKV,FL,ASO,ES,Federal Contract Tower,0,3,4,0,7,0,3,96,13,112,0,6,100,13,119,151,30,181,300
06/16/2022,BKV,FL,ASO,ES,Federal Contract Tower,0,3,8,3,14,0,7,94,9,110,0,10,102,12,124,162,8,170,294
06/17/2022,BKV,FL,ASO,ES,Federal Contract Tower,0,0,20,0,20,0,0,117,0,117,0,0,137,0,137,170,0,170,307
06/18/2022,BKV,FL,ASO,ES,Federal Contract Tower,0,1,8,0,9,0,3,58,0,61,0,4,66,0,70,53,0,53,123
06/19/2022,BKV,FL,ASO,ES,Federal Contract Tower,0,2,11,0,13,0,0,35,0,35,0,2,46,0,48,38,0,38,86
06/20/2022,BKV,FL,ASO,ES,Federal Contract Tower,0,5,10,0,15,0,3,74,0,77,0,8,84,0,92,72,0,72,164
06/21/2022,BKV,FL,ASO,ES,Federal Contract Tower,0,2,16,0,18,0,0,118,4,122,0,2,134,4,140,61,0,61,201
06/22/2022,BKV,FL,ASO,ES,Federal Contract Tower,0,0,11,2,13,0,5,117,1,123,0,5,128,3,136,100,28,128,264
06/23/2022,BKV,FL,ASO,ES,Federal Contract Tower,0,1,17,1,19,0,0,123,9,132,0,1,140,10,151,134,12,146,297
06/24/2022,BKV,FL,ASO,ES,Federal Contract Tower,0,2,12,0,14,0,0,73,5,78,0,2,85,5,92,108,4,112,204
06/25/2022,BKV,FL,ASO,ES,Federal Contract Tower,0,1,6,0,7,0,0,77,4,81,0,1,83,4,88,111,0,111,199
06/26/2022,BKV,FL,ASO,ES,Federal Contract Tower,0,0,16,0,16,0,6,40,10,56,0,6,56,10,72,74,18,92,164
06/27/2022,BKV,FL,ASO,ES,Federal Contract Tower,0,0,15,0,15,0,1,75,0,76,0,1,90,0,91,190,0,190,281
06/28/2022,BKV,FL,ASO,ES,Federal Contract Tower,0,3,12,0,15,0,0,128,2,130,0,3,140,2,145,92,0,92,237
06/29/2022,BKV,FL,ASO,ES,Federal Contract Tower,0,0,20,0,20,0,3,72,4,79,0,3,92,4,99,122,8,130,229
06/30/2022,BKV,FL,ASO,ES,Federal Contract Tower,0,1,17,0,18,0,4,72,7,83,0,5,89,7,101,132,0,132,233
07/01/2022,BKV,FL,ASO,ES,Federal Contract Tower,0,0,15,0,15,0,6,74,0,80,0,6,89,0,95,196,0,196,291
07/02/2022,BKV,FL,ASO,ES,Federal Contract Tower,0,0,8,0,8,0,0,80,6,86,0,0,88,6,94,70,14,84,178
07/03/2022,BKV,FL,ASO,ES,Federal Contract Tower,0,0,5,0,5,0,5,42,0,47,0,5,47,0,52,98,0,98,150
07/04/2022,BKV,FL,ASO,ES,Federal Contract Tower,0,0,5,0,5,0,0,63,2,65,0,0,68,2,70,80,4,84,154
07/05/2022,BKV,FL,ASO,ES,Federal Contract Tower,0,0,7,0,7,0,4,69,0,73,0,4,76,0,80,113,0,113,193
07/06/2022,BKV,FL,ASO,ES,Federal Contract Tower,0,3,17,0,20,0,2,88,11,101,0,5,105,11,121,87,2,89,210
07/07/2022,BKV,FL,ASO,ES,Federal Contract Tower,0,2,7,2,11,0,2,90,6,98,0,4,97,8,109,98,34,132,241
07/08/2022,BKV,FL,ASO,ES,Federal Contract Tower,0,1,15,0,16,0,2,109,6,117,0,3,124,6,133,140,6,146,279
07/09/2022,BKV,FL,ASO,ES,Federal Contract Tower,0,3,9,0,12,0,2,70,0,72,0,5,79,0,84,65,0,65,149
07/10/2022,BKV,FL,ASO,ES,Federal Contract Tower,0,1,9,0,10,0,6,25,0,31,0,7,34,0,41,70,0,70,111
07/11/2022,BKV,FL,ASO,ES,Federal Contract Tower,0,1,8,0,9,0,1,53,2,56,0,2,61,2,65,126,0,126,191
07/12/2022,BKV,FL,ASO,ES,Federal Contract Tower,0,0,7,0,7,0,2,144,7,153,0,2,151,7,160,213,21,234,394
07/13/2022,BKV,FL,ASO,ES,Federal Contract Tower,0,1,12,0,13,0,6,111,12,129,0,7,123,12,142,231,10,241,383
07/14/2022,BKV,FL,ASO,ES,Federal Contract Tower,0,1,15,0,16,0,6,87,4,97,0,7,102,4,113,134,42,176,289
07/15/2022,BKV,FL,ASO,ES,Federal Contract Tower,0,0,5,0,5,0,4,96,7,107,0,4,101,7,112,184,17,201,313
07/16/2022,BKV,FL,ASO,ES,Federal Contract Tower,0,0,10,2,12,0,3,48,2,53,0,3,58,4,65,85,10,95,160
07/17/2022,BKV,FL,ASO,ES,Federal Contract Tower,0,0,11,0,11,0,0,45,0,45,0,0,56,0,56,18,0,18,74
07/18/2022,BKV,FL,ASO,ES,Federal Contract Tower,0,2,10,0,12,0,1,78,0,79,0,3,88,0,91,60,0,60,151
07/19/2022,BKV,FL,ASO,ES,Federal Contract Tower,0,2,13,0,15,0,1,88,7,96,0,3,101,7,111,244,11,255,366
07/20/2022,BKV,FL,ASO,ES,Federal Contract Tower,0,2,4,5,11,0,0,58,7,65,0,2,62,12,76,97,48,145,221
07/21/2022,BKV,FL,ASO,ES,Federal Contract Tower,0,0,12,0,12,0,6,126,4,136,0,6,138,4,148,145,17,162,310
07/22/2022,BKV,FL,ASO,ES,Federal Contract Tower,0,3,4,2,9,0,2,84,0,86,0,5,88,2,95,120,0,120,215
07/23/2022,BKV,FL,ASO,ES,Federal Contract Tower,0,0,4,0,4,0,0,66,0,66,0,0,70,0,70,88,0,88,158
07/24/2022,BKV,FL,ASO,ES,Federal Contract Tower,0,0,10,0,10,0,1,50,0,51,0,1,60,0,61,68,0,68,129
07/25/2022,BKV,FL,ASO,ES,Federal Contract Tower,0,0,9,2,11,0,2,84,5,91,0,2,93,7,102,132,30,162,264
07/26/2022,BKV,FL,ASO,ES,Federal Contract Tower,0,2,12,0,14,0,3,66,2,71,0,5,78,2,85,114,10,124,209
07/27/2022,BKV,FL,ASO,ES,Federal Contract Tower,0,3,9,0,12,0,14,32,9,55,0,17,41,9,67,31,16,47,114
07/28/2022,BKV,FL,ASO,ES,Federal Contract Tower,0,2,11,2,15,0,2,117,11,130,0,4,128,13,145,151,22,173,318
07/29/2022,BKV,FL,ASO,ES,Federal Contract Tower,0,0,9,0,9,0,1,125,4,130,0,1,134,4,139,96,30,126,265
07/30/2022,BKV,FL,ASO,ES,Federal Contract Tower,0,0,11,0,11,0,2,118,0,120,0,2,129,0,131,128,0,128,259
07/31/2022,BKV,FL,ASO,ES,Federal Contract Tower,0,0,6,0,6,0,2,98,0,100,0,2,104,0,106,105,0,105,211
08/01/2022,BKV,FL,ASO,ES,Federal Contract Tower,0,3,2,1,6,0,1,122,7,130,0,4,124,8,136,221,33,254,390
08/02/2022,BKV,FL,ASO,ES,Federal Contract Tower,0,7,7,0,14,0,4,76,4,84,0,11,83,4,98,96,6,102,200
08/03/2022,BKV,FL,ASO,ES,Federal Contract Tower,0,1,10,0,11,0,3,78,5,86,0,4,88,5,97,122,42,164,261
08/04/2022,BKV,FL,ASO,ES,Federal Contract Tower,0,0,11,0,11,0,1,100,6,107,0,1,111,6,118,122,9,131,249
08/05/2022,BKV,FL,ASO,ES,Federal Contract Tower,0,0,8,0,8,0,2,97,2,101,0,2,105,2,109,129,0,129,238
08/06/2022,BKV,FL,ASO,ES,Federal Contract Tower,0,0,5,0,5,0,0,86,0,86,0,0,91,0,91,115,0,115,206
08/07/2022,BKV,FL,ASO,ES,Federal Contract Tower,0,0,3,0,3,0,3,71,4,78,0,3,74,4,81,60,29,89,170
08/08/2022,BKV,FL,ASO,ES,Federal Contract Tower,0,2,10,7,19,0,0,54,2,56,0,2,64,9,75,64,7,71,146
08/09/2022,BKV,FL,ASO,ES,Federal Contract Tower,0,2,14,0,16,0,1,65,0,66,0,3,79,0,82,151,0,151,233
08/10/2022,BKV,FL,ASO,ES,Federal Contract Tower,0,5,19,0,24,0,1,90,0,91,0,6,109,0,115,167,0,167,282
08/11/2022,BKV,FL,ASO,ES,Federal Contract Tower,0,3,10,3,16,0,2,94,5,101,0,5,104,8,117,178,20,198,315
08/12/2022,BKV,FL,ASO,ES,Federal Contract Tower,0,1,6,2,9,0,0,44,0,44,0,1,50,2,53,46,0,46,99
08/13/2022,BKV,FL,ASO,ES,Federal Contract Tower,0,0,11,0,11,0,1,111,0,112,0,1,122,0,123,180,0,180,303
08/14/2022,BKV,FL,ASO,ES,Federal Contract Tower,0,1,11,0,12,0,0,31,2,33,0,1,42,2,45,52,0,52,97
08/15/2022,BKV,FL,ASO,ES,Federal Contract Tower,0,1,7,0,8,0,3,87,13,103,0,4,94,13,111,172,72,244,355
08/16/2022,BKV,FL,ASO,ES,Federal Contract Tower,0,3,14,0,17,0,4,96,2,102,0,7,110,2,119,117,0,117,236
08/17/2022,BKV,FL,ASO,ES,Federal Contract Tower,0,3,15,0,18,0,2,46,7,55,0,5,61,7,73,121,14,135,208
08/18/2022,BKV,FL,ASO,ES,Federal Contract Tower,0,0,7,0,7,0,0,29,3,32,0,0,36,3,39,54,38,92,131
08/19/2022,BKV,FL,ASO,ES,Federal Contract Tower,0,2,4,0,6,0,1,89,5,95,0,3,93,5,101,112,40,152,253
08/20/2022,BKV,FL,ASO,ES,Federal Contract Tower,0,2,13,1,16,0,2,80,0,82,0,4,93,1,98,124,0,124,222
08/21/2022,BKV,FL,ASO,ES,Federal Contract Tower,0,0,7,0,7,0,2,62,0,64,0,2,69,0,71,79,0,79,150
08/22/2022,BKV,FL,ASO,ES,Federal Contract Tower,0,2,14,4,20,0,0,68,2,70,0,2,82,6,90,89,47,136,226
08/23/2022,BKV,FL,ASO,ES,Federal Contract Tower,0,3,5,0,8,0,6,101,2,109,0,9,106,2,117,154,27,181,298
08/24/2022,BKV,FL,ASO,ES,Federal Contract Tower,0,3,11,1,15,0,0,85,2,87,0,3,96,3,102,164,0,164,266
08/25/2022,BKV,FL,ASO,ES,Federal Contract Tower,0,2,16,0,18,0,45,102,0,147,0,47,118,0,165,187,0,187,352
08/26/2022,BKV,FL,ASO,ES,Federal Contract Tower,0,4,7,1,12,0,0,78,5,83,0,4,85,6,95,144,27,171,266
08/27/2022,BKV,FL,ASO,ES,Federal Contract Tower,0,2,6,0,8,0,1,40,0,41,0,3,46,0,49,144,0,144,193
08/28/2022,BKV,FL,ASO,ES,Federal Contract Tower,0,4,18,0,22,0,1,28,0,29,0,5,46,0,51,50,0,50,101
08/29/2022,BKV,FL,ASO,ES,Federal Contract Tower,0,2,12,0,14,0,0,57,0,57,0,2,69,0,71,129,0,129,200
08/30/2022,BKV,FL,ASO,ES,Federal Contract Tower,0,0,19,0,19,0,0,34,4,38,0,0,53,4,57,0,5,5,62
08/31/2022,BKV,FL,ASO,ES,Federal Contract Tower,0,0,19,0,19,0,5,76,5,86,0,5,95,5,105,156,10,166,271
09/01/2022,BKV,FL,ASO,ES,Federal Contract Tower,0,0,3,0,3,0,0,114,7,121,0,0,117,7,124,139,13,152,276
09/02/2022,BKV,FL,ASO,ES,Federal Contract Tower,0,3,16,0,19,0,2,57,0,59,0,5,73,0,78,120,0,120,198
09/03/2022,BKV,FL,ASO,ES,Federal Contract Tower,0,1,10,0,11,0,4,103,0,107,0,5,113,0,118,138,0,138,256
09/04/2022,BKV,FL,ASO,ES,Federal Contract Tower,0,2,2,0,4,0,3,79,6,88,0,5,81,6,92,76,20,96,188
09/05/2022,BKV,FL,ASO,ES,Federal Contract Tower,0,0,20,1,21,0,4,83,14,101,0,4,103,15,122,106,2,108,230
09/06/2022,BKV,FL,ASO,ES,Federal Contract Tower,0,1,14,3,18,0,0,113,1,114,0,1,127,4,132,229,14,243,375
09/07/2022,BKV,FL,ASO,ES,Federal Contract Tower,0,1,10,1,12,0,2,94,11,107,0,3,104,12,119,130,59,189,308
09/08/2022,BKV,FL,ASO,ES,Federal Contract Tower,0,1,9,0,10,0,0,0,6,6,0,1,9,6,16,0,18,18,34
09/09/2022,BKV,FL,ASO,ES,Federal Contract Tower,0,0,11,0,11,0,0,48,7,55,0,0,59,7,66,145,0,145,211
09/10/2022,BKV,FL,ASO,ES,Federal Contract Tower,0,1,7,0,8,0,0,37,0,37,0,1,44,0,45,74,0,74,119
09/11/2022,BKV,FL,ASO,ES,Federal Contract Tower,0,0,7,0,7,0,2,75,0,77,0,2,82,0,84,102,0,102,186
09/12/2022,BKV,FL,ASO,ES,Federal Contract Tower,0,2,6,0,8,0,4,74,7,85,0,6,80,7,93,124,14,138,231
09/13/2022,BKV,FL,ASO,ES,Federal Contract Tower,0,0,6,0,6,0,0,80,0,80,0,0,86,0,86,142,0,142,228
09/14/2022,BKV,FL,ASO,ES,Federal Contract Tower,0,0,6,0,6,0,0,79,10,89,0,0,85,10,95,131,0,131,226
09/15/2022,BKV,FL,ASO,ES,Federal Contract Tower,0,3,13,2,18,0,0,75,13,88,0,3,88,15,106,84,26,110,216
09/16/2022,BKV,FL,ASO,ES,Federal Contract Tower,0,3,13,2,18,0,3,45,1,49,0,6,58,3,67,88,3,91,158
09/17/2022,BKV,FL,ASO,ES,Federal Contract Tower,0,0,10,0,10,0,1,63,0,64,0,1,73,0,74,168,0,168,242
09/18/2022,BKV,FL,ASO,ES,Federal Contract Tower,0,0,21,0,21,0,2,30,6,38,0,2,51,6,59,164,2,166,225
09/19/2022,BKV,FL,ASO,ES,Federal Contract Tower,0,1,21,9,31,0,4,66,2,72,0,5,87,11,103,112,22,134,237
09/20/2022,BKV,FL,ASO,ES,Federal Contract Tower,0,0,7,0,7,0,0,86,0,86,0,0,93,0,93,210,0,210,303
09/21/2022,BKV,FL,ASO,ES,Federal Contract Tower,0,1,29,10,40,0,1,110,12,123,0,2,139,22,163,215,10,225,388
09/22/2022,BKV,FL,ASO,ES,Federal Contract Tower,0,1,5,2,8,0,0,110,8,118,0,1,115,10,126,190,1,191,317
09/23/2022,BKV,FL,ASO,ES,Federal Contract Tower,0,2,9,0,11,0,3,122,5,130,0,5,131,5,141,221,10,231,372
09/24/2022,BKV,FL,ASO,ES,Federal Contract Tower,0,0,5,0,5,0,2,128,0,130,0,2,133,0,135,233,0,233,368
09/25/2022,BKV,FL,ASO,ES,Federal Contract Tower,0,1,4,0,5,0,4,109,2,115,0,5,113,2,120,104,20,124,244
09/26/2022,BKV,FL,ASO,ES,Federal Contract Tower,0,2,10,0,12,0,4,84,2,90,0,6,94,2,102,104,6,110,212
09/27/2022,BKV,FL,ASO,ES,Federal Contract Tower,0,6,15,0,21,0,5,24,4,33,0,11,39,4,54,8,0,8,62
09/28/2022,BKV,FL,ASO,ES,Federal Contract Tower,0,0,0,0,0,0,0,0,0,0,0,0,0,0,0,0,0,0,0
09/29/2022,BKV,FL,ASO,ES,Federal Contract Tower,0,0,4,0,4,0,15,5,5,25,0,15,9,5,29,0,0,0,29
09/30/2022,BKV,FL,ASO,ES,Federal Contract Tower,0,1,6,0,7,0,9,82,6,97,0,10,88,6,104,67,0,67,171
10/01/2022,BKV,FL,ASO,ES,Federal Contract Tower,0,0,9,0,9,0,5,107,0,112,0,5,116,0,121,92,0,92,213
10/02/2022,BKV,FL,ASO,ES,Federal Contract Tower,0,4,8,0,12,0,0,81,2,83,0,4,89,2,95,108,0,108,203
10/03/2022,BKV,FL,ASO,ES,Federal Contract Tower,0,2,3,0,5,0,0,64,2,66,0,2,67,2,71,92,0,92,163
10/04/2022,BKV,FL,ASO,ES,Federal Contract Tower,0,2,15,0,17,0,5,121,2,128,0,7,136,2,145,200,0,200,345
10/05/2022,BKV,FL,ASO,ES,Federal Contract Tower,0,1,16,0,17,0,1,113,7,121,0,2,129,7,138,174,14,188,326
10/06/2022,BKV,FL,ASO,ES,Federal Contract Tower,0,1,17,0,18,0,4,127,4,135,0,5,144,4,153,195,0,195,348
10/07/2022,BKV,FL,ASO,ES,Federal Contract Tower,0,0,21,0,21,0,2,121,9,132,0,2,142,9,153,194,2,196,349
10/08/2022,BKV,FL,ASO,ES,Federal Contract Tower,0,0,9,0,9,0,1,160,1,162,0,1,169,1,171,78,0,78,249
10/09/2022,BKV,FL,ASO,ES,Federal Contract Tower,0,2,5,0,7,0,3,99,1,103,0,5,104,1,110,118,0,118,228
10/10/2022,BKV,FL,ASO,ES,Federal Contract Tower,0,2,15,0,17,0,8,98,2,108,0,10,113,2,125,181,0,181,306
10/11/2022,BKV,FL,ASO,ES,Federal Contract Tower,0,4,10,0,14,0,2,111,0,113,0,6,121,0,127,272,0,272,399
10/12/2022,BKV,FL,ASO,ES,Federal Contract Tower,0,2,19,0,21,0,4,103,5,112,0,6,122,5,133,254,12,266,399
10/13/2022,BKV,FL,ASO,ES,Federal Contract Tower,0,7,5,4,16,0,0,75,5,80,0,7,80,9,96,177,30,207,303
10/14/2022,BKV,FL,ASO,ES,Federal Contract Tower,0,1,14,5,20,0,2,110,4,116,0,3,124,9,136,105,22,127,263
10/15/2022,BKV,FL,ASO,ES,Federal Contract Tower,0,2,5,0,7,0,0,112,0,112,0,2,117,0,119,136,0,136,255
10/16/2022,BKV,FL,ASO,ES,Federal Contract Tower,0,1,16,3,20,0,9,78,0,87,0,10,94,3,107,90,0,90,197
10/17/2022,BKV,FL,ASO,ES,Federal Contract Tower,0,2,6,1,9,0,0,72,1,73,0,2,78,2,82,126,46,172,254
10/18/2022,BKV,FL,ASO,ES,Federal Contract Tower,0,3,8,0,11,0,0,121,3,124,0,3,129,3,135,181,4,185,320
10/19/2022,BKV,FL,ASO,ES,Federal Contract Tower,0,4,11,1,16,0,0,106,0,106,0,4,117,1,122,84,0,84,206
10/20/2022,BKV,FL,ASO,ES,Federal Contract Tower,0,1,7,0,8,0,1,115,11,127,0,2,122,11,135,212,0,212,347
10/21/2022,BKV,FL,ASO,ES,Federal Contract Tower,0,1,13,0,14,0,2,87,2,91,0,3,100,2,105,179,15,194,299
10/22/2022,BKV,FL,ASO,ES,Federal Contract Tower,0,3,16,0,19,0,0,101,8,109,0,3,117,8,128,92,0,92,220
10/23/2022,BKV,FL,ASO,ES,Federal Contract Tower,0,1,5,0,6,0,0,98,6,104,0,1,103,6,110,64,0,64,174
10/24/2022,BKV,FL,ASO,ES,Federal Contract Tower,0,3,12,1,16,0,2,146,10,158,0,5,158,11,174,250,82,332,506
10/25/2022,BKV,FL,ASO,ES,Federal Contract Tower,0,2,6,2,10,0,2,129,9,140,0,4,135,11,150,222,24,246,396
10/26/2022,BKV,FL,ASO,ES,Federal Contract Tower,0,3,10,1,14,0,5,104,5,114,0,8,114,6,128,113,12,125,253
10/27/2022,BKV,FL,ASO,ES,Federal Contract Tower,0,0,26,3,29,0,1,68,13,82,0,1,94,16,111,176,21,197,308
10/28/2022,BKV,FL,ASO,ES,Federal Contract Tower,0,2,24,2,28,0,0,66,2,68,0,2,90,4,96,103,42,145,241
10/29/2022,BKV,FL,ASO,ES,Federal Contract Tower,0,3,19,0,22,0,0,35,0,35,0,3,54,0,57,44,0,44,101
10/30/2022,BKV,FL,ASO,ES,Federal Contract Tower,0,3,9,0,12,0,7,84,8,99,0,10,93,8,111,122,10,132,243
10/31/2022,BKV,FL,ASO,ES,Federal Contract Tower,0,2,18,0,20,0,4,138,4,146,0,6,156,4,166,300,0,300,466
11/01/2022,BKV,FL,ASO,ES,Federal Contract Tower,0,2,23,1,26,0,3,153,6,162,0,5,176,7,188,192,3,195,383
11/02/2022,BKV,FL,ASO,ES,Federal Contract Tower,0,6,26,12,44,0,2,44,18,64,0,8,70,30,108,0,6,6,114
11/03/2022,BKV,FL,ASO,ES,Federal Contract Tower,0,2,25,1,28,0,9,120,4,133,0,11,145,5,161,113,14,127,288
11/04/2022,BKV,FL,ASO,ES,Federal Contract Tower,0,2,19,2,23,0,2,121,0,123,0,4,140,2,146,176,0,176,322
11/05/2022,BKV,FL,ASO,ES,Federal Contract Tower,0,5,3,0,8,0,2,106,0,108,0,7,109,0,116,176,0,176,292
11/06/2022,BKV,FL,ASO,ES,Federal Contract Tower,0,0,7,0,7,0,2,81,3,86,0,2,88,3,93,69,0,69,162
11/07/2022,BKV,FL,ASO,ES,Federal Contract Tower,0,3,20,0,23,0,5,95,8,108,0,8,115,8,131,61,47,108,239
11/08/2022,BKV,FL,ASO,ES,Federal Contract Tower,0,2,8,0,10,0,5,54,4,63,0,7,62,4,73,54,0,54,127
11/09/2022,BKV,FL,ASO,ES,Federal Contract Tower,0,2,7,2,11,0,0,4,4,8,0,2,11,6,19,2,20,22,41
11/10/2022,BKV,FL,ASO,ES,Federal Contract Tower,0,2,4,0,6,0,0,0,0,0,0,2,4,0,6,0,0,0,6
11/11/2022,BKV,FL,ASO,ES,Federal Contract Tower,0,3,11,0,14,0,5,53,2,60,0,8,64,2,74,61,18,79,153
11/12/2022,BKV,FL,ASO,ES,Federal Contract Tower,0,0,20,0,20,0,0,132,0,132,0,0,152,0,152,181,0,181,333
11/13/2022,BKV,FL,ASO,ES,Federal Contract Tower,0,3,12,0,15,0,0,13,0,13,0,3,25,0,28,36,0,36,64
11/14/2022,BKV,FL,ASO,ES,Federal Contract Tower,0,2,21,0,23,0,4,139,0,143,0,6,160,0,166,129,0,129,295
11/15/2022,BKV,FL,ASO,ES,Federal Contract Tower,0,1,10,0,11,0,3,150,5,158,0,4,160,5,169,292,14,306,475
11/16/2022,BKV,FL,ASO,ES,Federal Contract Tower,0,5,44,2,51,0,19,36,9,64,0,24,80,11,115,74,42,116,231
11/17/2022,BKV,FL,ASO,ES,Federal Contract Tower,0,6,11,0,17,0,0,146,23,169,0,6,157,23,186,166,10,176,362
11/18/2022,BKV,FL,ASO,ES,Federal Contract Tower,0,2,16,0,18,0,3,122,8,133,0,5,138,8,151,176,67,243,394
11/19/2022,BKV,FL,ASO,ES,Federal Contract Tower,0,4,4,1,9,0,6,120,0,126,0,10,124,1,135,148,0,148,283
11/20/2022,BKV,FL,ASO,ES,Federal Contract Tower,0,3,14,0,17,0,3,18,0,21,0,6,32,0,38,18,0,18,56
11/21/2022,BKV,FL,ASO,ES,Federal Contract Tower,0,0,15,2,17,0,7,120,0,127,0,7,135,2,144,177,10,187,331
11/22/2022,BKV,FL,ASO,ES,Federal Contract Tower,0,6,27,2,35,0,3,25,6,34,0,9,52,8,69,11,0,11,80
11/23/2022,BKV,FL,ASO,ES,Federal Contract Tower,0,0,21,1,22,0,0,70,2,72,0,0,91,3,94,82,16,98,192
11/24/2022,BKV,FL,ASO,ES,Federal Contract Tower,0,1,12,12,25,0,1,2,0,3,0,2,14,12,28,27,0,27,55
11/25/2022,BKV,FL,ASO,ES,Federal Contract Tower,0,7,14,0,21,0,3,56,2,61,0,10,70,2,82,122,6,128,210
11/26/2022,BKV,FL,ASO,ES,Federal Contract Tower,0,1,29,0,30,0,0,14,2,16,0,1,43,2,46,92,12,104,150
11/27/2022,BKV,FL,ASO,ES,Federal Contract Tower,0,1,12,0,13,0,0,9,0,9,0,1,21,0,22,14,0,14,36
11/28/2022,BKV,FL,ASO,ES,Federal Contract Tower,0,0,13,0,13,0,4,143,2,149,0,4,156,2,162,131,0,131,293
11/29/2022,BKV,FL,ASO,ES,Federal Contract Tower,0,0,19,1,20,0,3,141,11,155,0,3,160,12,175,167,18,185,360
11/30/2022,BKV,FL,ASO,ES,Federal Contract Tower,0,2,4,0,6,0,0,126,12,138,0,2,130,12,144,134,48,182,326
12/01/2022,BKV,FL,ASO,ES,Federal Contract Tower,0,3,14,2,19,0,3,117,17,137,0,6,131,19,156,109,73,182,338
12/02/2022,BKV,FL,ASO,ES,Federal Contract Tower,0,1,4,4,9,0,6,107,6,119,0,7,111,10,128,121,34,155,283
12/03/2022,BKV,FL,ASO,ES,Federal Contract Tower,0,1,16,0,17,0,2,147,0,149,0,3,163,0,166,137,0,137,303
12/04/2022,BKV,FL,ASO,ES,Federal Contract Tower,0,0,11,0,11,0,5,95,0,100,0,5,106,0,111,62,0,62,173
12/05/2022,BKV,FL,ASO,ES,Federal Contract Tower,0,5,20,1,26,0,3,104,8,115,0,8,124,9,141,125,81,206,347
12/06/2022,BKV,FL,ASO,ES,Federal Contract Tower,0,3,14,2,19,0,0,87,9,96,0,3,101,11,115,77,30,107,222
12/07/2022,BKV,FL,ASO,ES,Federal Contract Tower,0,3,23,4,30,0,5,155,11,171,0,8,178,15,201,118,54,172,373
12/08/2022,BKV,FL,ASO,ES,Federal Contract Tower,0,2,12,3,17,0,4,123,16,143,0,6,135,19,160,133,54,187,347
12/09/2022,BKV,FL,ASO,ES,Federal Contract Tower,0,9,12,2,23,0,1,80,3,84,0,10,92,5,107,87,47,134,241
12/10/2022,BKV,FL,ASO,ES,Federal Contract Tower,0,3,17,0,20,0,5,129,0,134,0,8,146,0,154,62,0,62,216
12/11/2022,BKV,FL,ASO,ES,Federal Contract Tower,0,1,15,1,17,0,0,2,0,2,0,1,17,1,19,26,4,30,49
12/12/2022,BKV,FL,ASO,ES,Federal Contract Tower,0,5,16,0,21,0,2,89,4,95,0,7,105,4,116,117,18,135,251
12/13/2022,BKV,FL,ASO,ES,Federal Contract Tower,0,2,28,1,31,0,1,109,7,117,0,3,137,8,148,109,2,111,259
12/14/2022,BKV,FL,ASO,ES,Federal Contract Tower,0,1,30,8,39,0,0,97,9,106,0,1,127,17,145,133,50,183,328
12/15/2022,BKV,FL,ASO,ES,Federal Contract Tower,0,6,7,0,13,0,2,2,10,14,0,8,9,10,27,42,61,103,130
12/16/2022,BKV,FL,ASO,ES,Federal Contract Tower,0,2,18,1,21,0,1,109,4,114,0,3,127,5,135,185,21,206,341
12/17/2022,BKV,FL,ASO,ES,Federal Contract Tower,0,1,6,0,7,0,2,92,1,95,0,3,98,1,102,129,0,129,231
12/18/2022,BKV,FL,ASO,ES,Federal Contract Tower,0,6,4,6,16,0,7,69,0,76,0,13,73,6,92,146,0,146,238
12/19/2022,BKV,FL,ASO,ES,Federal Contract Tower,0,4,26,0,30,0,0,66,10,76,0,4,92,10,106,132,20,152,258
12/20/2022,BKV,FL,ASO,ES,Federal Contract Tower,0,6,8,0,14,0,0,34,10,44,0,6,42,10,58,51,70,121,179
12/21/2022,BKV,FL,ASO,ES,Federal Contract Tower,0,1,47,6,54,0,0,0,0,0,0,1,47,6,54,0,0,0,54
12/22/2022,BKV,FL,ASO,ES,Federal Contract Tower,0,4,12,0,16,0,0,2,0,2,0,4,14,0,18,122,0,122,140
12/23/2022,BKV,FL,ASO,ES,Federal Contract Tower,0,0,9,1,10,0,1,36,1,38,0,1,45,2,48,0,28,28,76
12/24/2022,BKV,FL,ASO,ES,Federal Contract Tower,0,0,13,0,13,0,0,54,0,54,0,0,67,0,67,85,0,85,152
12/25/2022,BKV,FL,ASO,ES,Federal Contract Tower,0,0,9,0,9,0,2,23,0,25,0,2,32,0,34,22,0,22,56
12/26/2022,BKV,FL,ASO,ES,Federal Contract Tower,0,1,11,0,12,0,0,77,0,77,0,1,88,0,89,159,0,159,248
12/27/2022,BKV,FL,ASO,ES,Federal Contract Tower,0,1,25,0,26,0,3,99,2,104,0,4,124,2,130,115,3,118,248
12/28/2022,BKV,FL,ASO,ES,Federal Contract Tower,0,0,11,0,11,0,2,160,4,166,0,2,171,4,177,136,0,136,313
12/29/2022,BKV,FL,ASO,ES,Federal Contract Tower,0,1,14,0,15,0,5,125,2,132,0,6,139,2,147,150,0,150,297
12/30/2022,BKV,FL,ASO,ES,Federal Contract Tower,0,0,9,0,9,0,3,106,0,109,0,3,115,0,118,138,0,138,256
12/31/2022,BKV,FL,ASO,ES,Federal Contract Tower,0,0,0,0,0,0,1,0,0,1,0,1,0,0,1,0,0,0,1
01/01/2023,BKV,FL,ASO,ES,Federal Contract Tower,0,0,6,0,6,0,0,14,0,14,0,0,20,0,20,28,0,28,48
01/02/2023,BKV,FL,ASO,ES,Federal Contract Tower,0,4,21,0,25,0,0,102,0,102,0,4,123,0,127,181,0,181,308
01/03/2023,BKV,FL,ASO,ES,Federal Contract Tower,0,4,5,0,9,0,0,93,0,93,0,4,98,0,102,92,0,92,194
01/04/2023,BKV,FL,ASO,ES,Federal Contract Tower,0,4,16,1,21,0,1,14,21,36,0,5,30,22,57,19,22,41,98
01/05/2023,BKV,FL,ASO,ES,Federal Contract Tower,0,1,6,1,8,0,1,66,7,74,0,2,72,8,82,66,2,68,150
01/06/2023,BKV,FL,ASO,ES,Federal Contract Tower,0,6,18,3,27,0,3,111,2,116,0,9,129,5,143,179,5,184,327
01/07/2023,BKV,FL,ASO,ES,Federal Contract Tower,0,6,6,0,12,0,10,141,0,151,0,16,147,0,163,184,0,184,347
01/08/2023,BKV,FL,ASO,ES,Federal Contract Tower,0,3,8,6,17,0,1,99,2,102,0,4,107,8,119,186,6,192,311
01/09/2023,BKV,FL,ASO,ES,Federal Contract Tower,0,0,17,0,17,0,0,81,5,86,0,0,98,5,103,208,63,271,374
01/10/2023,BKV,FL,ASO,ES,Federal Contract Tower,0,4,11,2,17,0,1,89,5,95,0,5,100,7,112,162,0,162,274
01/11/2023,BKV,FL,ASO,ES,Federal Contract Tower,0,2,16,1,19,0,3,116,4,123,0,5,132,5,142,155,17,172,314
01/12/2023,BKV,FL,ASO,ES,Federal Contract Tower,0,2,19,0,21,0,0,269,11,280,0,2,288,11,301,133,22,155,456
01/13/2023,BKV,FL,ASO,ES,Federal Contract Tower,0,3,15,1,19,0,0,8,6,14,0,3,23,7,33,0,6,6,39
01/14/2023,BKV,FL,ASO,ES,Federal Contract Tower,0,0,18,0,18,0,2,55,10,67,0,2,73,10,85,50,0,50,135
01/15/2023,BKV,FL,ASO,ES,Federal Contract Tower,0,0,6,0,6,0,2,103,6,111,0,2,109,6,117,250,0,250,367
01/16/2023,BKV,FL,ASO,ES,Federal Contract Tower,0,1,13,6,20,0,1,115,6,122,0,2,128,12,142,219,6,225,367
01/17/2023,BKV,FL,ASO,ES,Federal Contract Tower,0,3,20,2,25,0,6,110,7,123,0,9,130,9,148,138,0,138,286
01/18/2023,BKV,FL,ASO,ES,Federal Contract Tower,0,3,19,0,22,0,3,102,7,112,0,6,121,7,134,168,0,168,302
01/19/2023,BKV,FL,ASO,ES,Federal Contract Tower,0,1,20,0,21,0,1,85,16,102,0,2,105,16,123,78,52,130,253
01/20/2023,BKV,FL,ASO,ES,Federal Contract Tower,0,1,13,10,24,0,2,94,16,112,0,3,107,26,136,156,98,254,390
01/21/2023,BKV,FL,ASO,ES,Federal Contract Tower,0,1,8,0,9,0,0,63,8,71,0,1,71,8,80,171,43,214,294
01/22/2023,BKV,FL,ASO,ES,Federal Contract Tower,0,2,7,0,9,0,2,20,10,32,0,4,27,10,41,16,0,16,57
01/23/2023,BKV,FL,ASO,ES,Federal Contract Tower,0,3,10,4,17,0,2,80,4,86,0,5,90,8,103,149,31,180,283
01/24/2023,BKV,FL,ASO,ES,Federal Contract Tower,0,3,8,4,15,0,2,143,8,153,0,5,151,12,168,209,0,209,377
01/25/2023,BKV,FL,ASO,ES,Federal Contract Tower,0,1,1,0,2,0,1,33,15,49,0,2,34,15,51,45,44,89,140
01/26/2023,BKV,FL,ASO,ES,Federal Contract Tower,0,0,17,1,18,0,2,104,2,108,0,2,121,3,126,147,0,147,273
01/27/2023,BKV,FL,ASO,ES,Federal Contract Tower,0,3,14,0,17,0,1,134,6,141,0,4,148,6,158,167,6,173,331
01/28/2023,BKV,FL,ASO,ES,Federal Contract Tower,0,0,8,0,8,0,2,111,1,114,0,2,119,1,122,219,0,219,341
01/29/2023,BKV,FL,ASO,ES,Federal Contract Tower,0,1,7,0,8,0,4,110,2,116,0,5,117,2,124,124,0,124,248
01/30/2023,BKV,FL,ASO,ES,Federal Contract Tower,0,4,9,4,17,0,7,144,10,161,0,11,153,14,178,186,33,219,397
01/31/2023,BKV,FL,ASO,ES,Federal Contract Tower,0,2,13,0,15,0,3,106,5,114,0,5,119,5,129,163,7,170,299
02/01/2023,BKV,FL,ASO,ES,Federal Contract Tower,0,5,20,0,25,0,5,116,7,128,0,10,136,7,153,228,14,242,395
02/02/2023,BKV,FL,ASO,ES,Federal Contract Tower,0,1,10,4,15,0,2,103,12,117,0,3,113,16,132,229,14,243,375
02/03/2023,BKV,FL,ASO,ES,Federal Contract Tower,0,0,20,4,24,0,0,23,2,25,0,0,43,6,49,7,0,7,56
02/04/2023,BKV,FL,ASO,ES,Federal Contract Tower,0,0,13,0,13,0,4,70,2,76,0,4,83,2,89,40,0,40,129
02/05/2023,BKV,FL,ASO,ES,Federal Contract Tower,0,1,24,2,27,0,2,83,5,90,0,3,107,7,117,128,0,128,245
02/06/2023,BKV,FL,ASO,ES,Federal Contract Tower,0,1,17,0,18,0,2,107,7,116,0,3,124,7,134,161,42,203,337
02/07/2023,BKV,FL,ASO,ES,Federal Contract Tower,0,1,9,0,10,0,2,89,9,100,0,3,98,9,110,282,11,293,403
02/08/2023,BKV,FL,ASO,ES,Federal Contract Tower,0,5,14,0,19,0,2,140,5,147,0,7,154,5,166,250,30,280,446
02/09/2023,BKV,FL,ASO,ES,Federal Contract Tower,0,3,16,2,21,0,2,79,4,85,0,5,95,6,106,22,22,44,150
02/10/2023,BKV,FL,ASO,ES,Federal Contract Tower,0,3,29,0,32,0,0,49,7,56,0,3,78,7,88,134,29,163,251
02/11/2023,BKV,FL,ASO,ES,Federal Contract Tower,0,1,6,0,7,0,0,4,0,4,0,1,10,0,11,2,0,2,13
02/12/2023,BKV,FL,ASO,ES,Federal Contract Tower,0,0,6,1,7,0,6,4,1,11,0,6,10,2,18,6,0,6,24
02/13/2023,BKV,FL,ASO,ES,Federal Contract Tower,0,1,14,0,15,0,6,121,4,131,0,7,135,4,146,225,2,227,373
02/14/2023,BKV,FL,ASO,ES,Federal Contract Tower,0,1,6,0,7,0,1,157,4,162,0,2,163,4,169,197,8,205,374
02/15/2023,BKV,FL,ASO,ES,Federal Contract Tower,0,1,17,0,18,0,4,178,6,188,0,5,195,6,206,234,38,272,478
02/16/2023,BKV,FL,ASO,ES,Federal Contract Tower,0,4,11,1,16,0,1,136,5,142,0,5,147,6,158,193,18,211,369
02/17/2023,BKV,FL,ASO,ES,Federal Contract Tower,0,3,15,0,18,0,2,94,2,98,0,5,109,2,116,90,0,90,206
02/18/2023,BKV,FL,ASO,ES,Federal Contract Tower,0,4,5,0,9,0,3,105,0,108,0,7,110,0,117,112,0,112,229
02/19/2023,BKV,FL,ASO,ES,Federal Contract Tower,0,0,13,0,13,0,0,78,2,80,0,0,91,2,93,133,31,164,257
02/20/2023,BKV,FL,ASO,ES,Federal Contract Tower,0,1,20,0,21,0,3,96,0,99,0,4,116,0,120,226,0,226,346
02/21/2023,BKV,FL,ASO,ES,Federal Contract Tower,0,0,18,5,23,0,0,133,16,149,0,0,151,21,172,166,26,192,364
02/22/2023,BKV,FL,ASO,ES,Federal Contract Tower,0,1,15,0,16,0,2,136,18,156,0,3,151,18,172,133,21,154,326
02/23/2023,BKV,FL,ASO,ES,Federal Contract Tower,0,5,15,0,20,0,0,121,8,129,0,5,136,8,149,137,7,144,293
02/24/2023,BKV,FL,ASO,ES,Federal Contract Tower,0,4,15,1,20,0,2,85,21,108,0,6,100,22,128,138,75,213,341
02/25/2023,BKV,FL,ASO,ES,Federal Contract Tower,0,2,10,0,12,0,0,77,7,84,0,2,87,7,96,136,1,137,233
02/26/2023,BKV,FL,ASO,ES,Federal Contract Tower,0,2,13,2,17,0,1,70,4,75,0,3,83,6,92,124,14,138,230
02/27/2023,BKV,FL,ASO,ES,Federal Contract Tower,0,1,20,3,24,0,0,72,10,82,0,1,92,13,106,126,17,143,249
02/28/2023,BKV,FL,ASO,ES,Federal Contract Tower,0,1,26,2,29,0,0,51,1,52,0,1,77,3,81,135,39,174,255
03/01/2023,BKV,FL,ASO,ES,Federal Contract Tower,0,4,8,0,12,0,5,106,6,117,0,9,114,6,129,154,22,176,305
03/02/2023,BKV,FL,ASO,ES,Federal Contract Tower,0,2,14,3,19,0,0,125,10,135,0,2,139,13,154,242,18,260,414
03/03/2023,BKV,FL,ASO,ES,Federal Contract Tower,0,0,15,0,15,0,4,42,7,53,0,4,57,7,68,44,31,75,143
03/04/2023,BKV,FL,ASO,ES,Federal Contract Tower,0,3,15,0,18,0,2,42,0,44,0,5,57,0,62,42,0,42,104
03/05/2023,BKV,FL,ASO,ES,Federal Contract Tower,0,1,17,0,18,0,2,109,2,113,0,3,126,2,131,161,0,161,292
03/06/2023,BKV,FL,ASO,ES,Federal Contract Tower,0,1,9,3,13,0,0,113,11,124,0,1,122,14,137,234,46,280,417
03/07/2023,BKV,FL,ASO,ES,Federal Contract Tower,0,2,20,0,22,0,0,92,12,104,0,2,112,12,126,159,0,159,285
03/08/2023,BKV,FL,ASO,ES,Federal Contract Tower,0,3,22,0,25,0,6,137,4,147,0,9,159,4,172,134,18,152,324
03/09/2023,BKV,FL,ASO,ES,Federal Contract Tower,0,1,5,1,7,0,2,170,13,185,0,3,175,14,192,248,24,272,464
03/10/2023,BKV,FL,ASO,ES,Federal Contract Tower,0,8,12,2,22,0,2,76,4,82,0,10,88,6,104,63,65,128,232
03/11/2023,BKV,FL,ASO,ES,Federal Contract Tower,0,2,9,0,11,0,6,93,4,103,0,8,102,4,114,229,0,229,343
03/12/2023,BKV,FL,ASO,ES,Federal Contract Tower,0,0,6,1,7,0,0,67,2,69,0,0,73,3,76,44,10,54,130
03/13/2023,BKV,FL,ASO,ES,Federal Contract Tower,0,2,12,0,14,0,2,17,5,24,0,4,29,5,38,2,12,14,52
03/14/2023,BKV,FL,ASO,ES,Federal Contract Tower,0,0,14,0,14,0,0,153,6,159,0,0,167,6,173,196,8,204,377
03/15/2023,BKV,FL,ASO,ES,Federal Contract Tower,0,0,8,0,8,0,2,108,10,120,0,2,116,10,128,159,6,165,293
03/16/2023,BKV,FL,ASO,ES,Federal Contract Tower,0,1,25,0,26,0,3,160,6,169,0,4,185,6,195,300,4,304,499
03/17/2023,BKV,FL,ASO,ES,Federal Contract Tower,0,1,14,2,17,0,3,94,2,99,0,4,108,4,116,251,0,251,367
03/18/2023,BKV,FL,ASO,ES,Federal Contract Tower,0,1,7,0,8,0,0,29,2,31,0,1,36,2,39,10,4,14,53
03/19/2023,BKV,FL,ASO,ES,Federal Contract Tower,0,0,15,0,15,0,4,83,1,88,0,4,98,1,103,102,0,102,205
03/20/2023,BKV,FL,ASO,ES,Federal Contract Tower,0,1,24,0,25,0,3,97,3,103,0,4,121,3,128,238,14,252,380
03/21/2023,BKV,FL,ASO,ES,Federal Contract Tower,0,1,28,6,35,0,0,145,9,154,0,1,173,15,189,231,39,270,459
03/22/2023,BKV,FL,ASO,ES,Federal Contract Tower,0,2,11,2,15,0,5,117,14,136,0,7,128,16,151,172,62,234,385
03/23/2023,BKV,FL,ASO,ES,Federal Contract Tower,0,0,20,2,22,0,2,148,8,158,0,2,168,10,180,302,30,332,512
03/24/2023,BKV,FL,ASO,ES,Federal Contract Tower,0,6,24,0,30,0,4,136,6,146,0,10,160,6,176,100,49,149,325
03/25/2023,BKV,FL,ASO,ES,Federal Contract Tower,0,3,12,0,15,0,2,42,5,49,0,5,54,5,64,65,0,65,129
03/26/2023,BKV,FL,ASO,ES,Federal Contract Tower,0,0,8,0,8,0,1,70,0,71,0,1,78,0,79,78,0,78,157
03/27/2023,BKV,FL,ASO,ES,Federal Contract Tower,0,0,14,3,17,0,3,95,7,105,0,3,109,10,122,172,58,230,352
03/28/2023,BKV,FL,ASO,ES,Federal Contract Tower,0,3,14,0,17,0,3,78,2,83,0,6,92,2,100,96,25,121,221
03/29/2023,BKV,FL,ASO,ES,Federal Contract Tower,0,4,21,0,25,0,2,165,8,175,0,6,186,8,200,181,50,231,431
03/30/2023,BKV,FL,ASO,ES,Federal Contract Tower,0,4,17,1,22,0,5,144,6,155,0,9,161,7,177,162,0,162,339
03/31/2023,BKV,FL,ASO,ES,Federal Contract Tower,0,1,15,3,19,0,4,102,15,121,0,5,117,18,140,141,40,181,321
04/01/2023,BKV,FL,ASO,ES,Federal Contract Tower,0,2,18,0,20,0,2,60,1,63,0,4,78,1,83,111,0,111,194
04/02/2023,BKV,FL,ASO,ES,Federal Contract Tower,0,0,17,0,17,0,4,75,0,79,0,4,92,0,96,116,0,116,212
04/03/2023,BKV,FL,ASO,ES,Federal Contract Tower,0,0,16,0,16,0,1,111,6,118,0,1,127,6,134,124,0,124,258
04/04/2023,BKV,FL,ASO,ES,Federal Contract Tower,0,1,24,0,25,0,0,135,6,141,0,1,159,6,166,227,0,227,393
04/05/2023,BKV,FL,ASO,ES,Federal Contract Tower,0,4,13,0,17,0,3,125,7,135,0,7,138,7,152,256,57,313,465
04/06/2023,BKV,FL,ASO,ES,Federal Contract Tower,0,0,9,0,9,0,5,113,5,123,0,5,122,5,132,396,1,397,529
04/07/2023,BKV,FL,ASO,ES,Federal Contract Tower,0,3,28,0,31,0,1,104,9,114,0,4,132,9,145,329,9,338,483
04/08/2023,BKV,FL,ASO,ES,Federal Contract Tower,0,6,10,0,16,0,0,62,3,65,0,6,72,3,81,108,9,117,198
04/09/2023,BKV,FL,ASO,ES,Federal Contract Tower,0,0,9,1,10,0,0,8,1,9,0,0,17,2,19,10,24,34,53
04/10/2023,BKV,FL,ASO,ES,Federal Contract Tower,0,3,12,2,17,0,0,19,2,21,0,3,31,4,38,0,31,31,69
04/11/2023,BKV,FL,ASO,ES,Federal Contract Tower,0,1,4,0,5,0,0,53,2,55,0,1,57,2,60,62,0,62,122
04/12/2023,BKV,FL,ASO,ES,Federal Contract Tower,0,2,22,0,24,0,3,48,5,56,0,5,70,5,80,14,0,14,94
04/13/2023,BKV,FL,ASO,ES,Federal Contract Tower,0,2,17,0,19,0,4,110,2,116,0,6,127,2,135,274,17,291,426
04/14/2023,BKV,FL,ASO,ES,Federal Contract Tower,0,5,14,0,19,0,2,89,5,96,0,7,103,5,115,248,63,311,426
04/15/2023,BKV,FL,ASO,ES,Federal Contract Tower,0,2,14,0,16,0,0,152,4,156,0,2,166,4,172,208,0,208,380
04/16/2023,BKV,FL,ASO,ES,Federal Contract Tower,0,3,14,0,17,0,0,73,1,74,0,3,87,1,91,106,0,106,197
04/17/2023,BKV,FL,ASO,ES,Federal Contract Tower,0,0,15,0,15,0,3,94,10,107,0,3,109,10,122,296,61,357,479
04/18/2023,BKV,FL,ASO,ES,Federal Contract Tower,0,3,19,0,22,0,8,163,6,177,0,11,182,6,199,249,0,249,448
04/19/2023,BKV,FL,ASO,ES,Federal Contract Tower,0,6,21,0,27,0,3,142,3,148,0,9,163,3,175,248,34,282,457
04/20/2023,BKV,FL,ASO,ES,Federal Contract Tower,0,3,20,4,27,0,5,187,5,197,0,8,207,9,224,268,29,297,521
04/21/2023,BKV,FL,ASO,ES,Federal Contract Tower,0,2,16,0,18,0,2,101,6,109,0,4,117,6,127,214,0,214,341
04/22/2023,BKV,FL,ASO,ES,Federal Contract Tower,0,5,8,0,13,0,4,105,0,109,0,9,113,0,122,242,0,242,364
04/23/2023,BKV,FL,ASO,ES,Federal Contract Tower,0,7,7,0,14,0,5,86,2,93,0,12,93,2,107,150,0,150,257
04/24/2023,BKV,FL,ASO,ES,Federal Contract Tower,0,3,12,0,15,0,1,75,2,78,0,4,87,2,93,182,0,182,275
04/25/2023,BKV,FL,ASO,ES,Federal Contract Tower,0,2,7,0,9,0,1,119,0,120,0,3,126,0,129,330,0,330,459
04/26/2023,BKV,FL,ASO,ES,Federal Contract Tower,0,6,15,0,21,0,1,150,4,155,0,7,165,4,176,301,14,315,491
04/27/2023,BKV,FL,ASO,ES,Federal Contract Tower,0,1,11,0,12,0,1,125,6,132,0,2,136,6,144,333,10,343,487
04/28/2023,BKV,FL,ASO,ES,Federal Contract Tower,0,0,11,0,11,0,2,62,0,64,0,2,73,0,75,167,0,167,242
04/29/2023,BKV,FL,ASO,ES,Federal Contract Tower,0,0,9,0,9,0,1,46,0,47,0,1,55,0,56,74,0,74,130
04/30/2023,BKV,FL,ASO,ES,Federal Contract Tower,0,2,4,0,6,0,2,4,0,6,0,4,8,0,12,0,0,0,12
05/01/2023,BKV,FL,ASO,ES,Federal Contract Tower,0,0,16,0,16,0,5,81,2,88,0,5,97,2,104,191,6,197,301
05/02/2023,BKV,FL,ASO,ES,Federal Contract Tower,0,3,7,0,10,0,6,105,0,111,0,9,112,0,121,278,0,278,399
05/03/2023,BKV,FL,ASO,ES,Federal Contract Tower,0,10,14,0,24,0,2,120,0,122,0,12,134,0,146,160,0,160,306
05/04/2023,BKV,FL,ASO,ES,Federal Contract Tower,0,0,15,0,15,0,6,154,3,163,0,6,169,3,178,353,12,365,543
05/05/2023,BKV,FL,ASO,ES,Federal Contract Tower,0,0,14,0,14,0,4,146,4,154,0,4,160,4,168,322,13,335,503
05/06/2023,BKV,FL,ASO,ES,Federal Contract Tower,0,0,16,0,16,0,3,107,0,110,0,3,123,0,126,201,0,201,327
05/07/2023,BKV,FL,ASO,ES,Federal Contract Tower,0,2,16,10,28,0,3,94,0,97,0,5,110,10,125,94,0,94,219
05/08/2023,BKV,FL,ASO,ES,Federal Contract Tower,0,0,13,0,13,0,3,131,4,138,0,3,144,4,151,354,48,402,553
05/09/2023,BKV,FL,ASO,ES,Federal Contract Tower,0,1,11,0,12,0,0,147,0,147,0,1,158,0,159,320,0,320,479
05/10/2023,BKV,FL,ASO,ES,Federal Contract Tower,0,2,28,2,32,0,8,120,6,134,0,10,148,8,166,220,11,231,397
05/11/2023,BKV,FL,ASO,ES,Federal Contract Tower,0,1,17,0,18,0,1,124,10,135,0,2,141,10,153,212,9,221,374
05/12/2023,BKV,FL,ASO,ES,Federal Contract Tower,0,4,11,0,15,0,4,130,11,145,0,8,141,11,160,293,46,339,499
05/13/2023,BKV,FL,ASO,ES,Federal Contract Tower,0,0,9,0,9,0,7,91,0,98,0,7,100,0,107,110,0,110,217
05/14/2023,BKV,FL,ASO,ES,Federal Contract Tower,0,0,8,0,8,0,0,60,0,60,0,0,68,0,68,146,0,146,214
05/15/2023,BKV,FL,ASO,ES,Federal Contract Tower,0,2,11,0,13,0,5,135,5,145,0,7,146,5,158,243,53,296,454
05/16/2023,BKV,FL,ASO,ES,Federal Contract Tower,0,3,13,0,16,0,5,111,2,118,0,8,124,2,134,309,0,309,443
05/17/2023,BKV,FL,ASO,ES,Federal Contract Tower,0,2,22,0,24,0,2,101,8,111,0,4,123,8,135,257,38,295,430
05/18/2023,BKV,FL,ASO,ES,Federal Contract Tower,0,0,12,0,12,0,0,89,6,95,0,0,101,6,107,228,4,232,339
05/19/2023,BKV,FL,ASO,ES,Federal Contract Tower,0,4,13,0,17,0,0,70,5,75,0,4,83,5,92,193,0,193,285
05/20/2023,BKV,FL,ASO,ES,Federal Contract Tower,0,0,12,0,12,0,2,22,0,24,0,2,34,0,36,67,0,67,103
05/21/2023,BKV,FL,ASO,ES,Federal Contract Tower,0,0,17,0,17,0,0,64,3,67,0,0,81,3,84,74,0,74,158
05/22/2023,BKV,FL,ASO,ES,Federal Contract Tower,0,4,18,0,22,0,3,61,3,67,0,7,79,3,89,177,10,187,276
05/23/2023,BKV,FL,ASO,ES,Federal Contract Tower,0,4,9,1,14,0,0,29,9,38,0,4,38,10,52,23,48,71,123
05/24/2023,BKV,FL,ASO,ES,Federal Contract Tower,0,12,30,3,45,0,2,30,6,38,0,14,60,9,83,102,71,173,256
05/25/2023,BKV,FL,ASO,ES,Federal Contract Tower,0,2,29,1,32,0,0,55,2,57,0,2,84,3,89,158,0,158,247
05/26/2023,BKV,FL,ASO,ES,Federal Contract Tower,0,1,14,0,15,0,2,93,2,97,0,3,107,2,112,195,20,215,327
05/27/2023,BKV,FL,ASO,ES,Federal Contract Tower,0,1,4,0,5,0,3,152,0,155,0,4,156,0,160,206,0,206,366
05/28/2023,BKV,FL,ASO,ES,Federal Contract Tower,0,0,10,0,10,0,2,101,0,103,0,2,111,0,113,124,0,124,237
05/29/2023,BKV,FL,ASO,ES,Federal Contract Tower,0,0,7,0,7,0,6,118,2,126,0,6,125,2,133,224,0,224,357
05/30/2023,BKV,FL,ASO,ES,Federal Contract Tower,0,0,19,0,19,0,1,137,0,138,0,1,156,0,157,244,0,244,401
05/31/2023,BKV,FL,ASO,ES,Federal Contract Tower,0,2,10,0,12,0,0,69,0,69,0,2,79,0,81,138,0,138,219
06/01/2023,BKV,FL,ASO,ES,Federal Contract Tower,0,0,11,0,11,0,0,44,0,44,0,0,55,0,55,118,0,118,173
06/02/2023,BKV,FL,ASO,ES,Federal Contract Tower,1,1,29,0,31,0,4,42,0,46,1,5,71,0,77,114,24,138,215
06/03/2023,BKV,FL,ASO,ES,Federal Contract Tower,0,4,19,0,23,0,4,23,0,27,0,8,42,0,50,134,0,134,184
06/04/2023,BKV,FL,ASO,ES,Federal Contract Tower,0,0,17,0,17,0,2,28,0,30,0,2,45,0,47,70,0,70,117
06/05/2023,BKV,FL,ASO,ES,Federal Contract Tower,0,0,16,0,16,0,0,96,5,101,0,0,112,5,117,278,45,323,440
06/06/2023,BKV,FL,ASO,ES,Federal Contract Tower,1,3,14,0,18,0,3,153,4,160,1,6,167,4,178,304,1,305,483
06/07/2023,BKV,FL,ASO,ES,Federal Contract Tower,0,4,7,0,11,0,0,118,6,124,0,4,125,6,135,323,53,376,511
06/08/2023,BKV,FL,ASO,ES,Federal Contract Tower,0,1,16,0,17,0,0,108,1,109,0,1,124,1,126,361,0,361,487
06/09/2023,BKV,FL,ASO,ES,Federal Contract Tower,0,4,16,0,20,0,2,139,0,141,0,6,155,0,161,307,0,307,468
06/10/2023,BKV,FL,ASO,ES,Federal Contract Tower,0,1,13,0,14,0,2,86,0,88,0,3,99,0,102,159,0,159,261
06/11/2023,BKV,FL,ASO,ES,Federal Contract Tower,0,0,7,0,7,0,4,99,2,105,0,4,106,2,112,184,6,190,302
06/12/2023,BKV,FL,ASO,ES,Federal Contract Tower,0,3,11,1,15,0,3,113,1,117,0,6,124,2,132,310,6,316,448
06/13/2023,BKV,FL,ASO,ES,Federal Contract Tower,0,6,26,0,32,0,0,138,4,142,0,6,164,4,174,353,0,353,527
06/14/2023,BKV,FL,ASO,ES,Federal Contract Tower,0,1,11,0,12,0,2,132,0,134,0,3,143,0,146,134,0,134,280
06/15/2023,BKV,FL,ASO,ES,Federal Contract Tower,0,7,11,2,20,0,3,81,0,84,0,10,92,2,104,127,0,127,231
06/16/2023,BKV,FL,ASO,ES,Federal Contract Tower,0,1,18,0,19,0,2,40,1,43,0,3,58,1,62,118,0,118,180
06/17/2023,BKV,FL,ASO,ES,Federal Contract Tower,0,2,5,0,7,0,3,21,3,27,0,5,26,3,34,64,6,70,104
06/18/2023,BKV,FL,ASO,ES,Federal Contract Tower,0,3,10,0,13,0,1,31,3,35,0,4,41,3,48,90,12,102,150
06/19/2023,BKV,FL,ASO,ES,Federal Contract Tower,0,1,9,0,10,0,2,86,2,90,0,3,95,2,100,246,15,261,361
06/20/2023,BKV,FL,ASO,ES,Federal Contract Tower,0,0,4,0,4,0,0,19,2,21,0,0,23,2,25,103,4,107,132
06/21/2023,BKV,FL,ASO,ES,Federal Contract Tower,0,3,11,0,14,0,0,27,4,31,0,3,38,4,45,19,14,33,78
06/22/2023,BKV,FL,ASO,ES,Federal Contract Tower,0,3,15,0,18,0,0,73,19,92,0,3,88,19,110,382,65,447,557
06/23/2023,BKV,FL,ASO,ES,Federal Contract Tower,0,0,9,0,9,0,3,83,0,86,0,3,92,0,95,250,0,250,345
06/24/2023,BKV,FL,ASO,ES,Federal Contract Tower,0,1,8,0,9,0,0,82,5,87,0,1,90,5,96,263,0,263,359
06/25/2023,BKV,FL,ASO,ES,Federal Contract Tower,0,3,6,0,9,0,2,96,0,98,0,5,102,0,107,212,0,212,319
06/26/2023,BKV,FL,ASO,ES,Federal Contract Tower,0,2,12,0,14,0,6,115,0,121,0,8,127,0,135,212,0,212,347
06/27/2023,BKV,FL,ASO,ES,Federal Contract Tower,0,7,16,0,23,0,4,130,0,134,0,11,146,0,157,223,0,223,380
06/28/2023,BKV,FL,ASO,ES,Federal Contract Tower,0,1,14,2,17,0,4,35,6,45,0,5,49,8,62,159,22,181,243
06/29/2023,BKV,FL,ASO,ES,Federal Contract Tower,0,1,13,0,14,0,2,141,11,154,0,3,154,11,168,251,30,281,449
06/30/2023,BKV,FL,ASO,ES,Federal Contract Tower,0,0,9,1,10,0,4,143,5,152,0,4,152,6,162,336,0,336,498
07/01/2023,BKV,FL,ASO,ES,Federal Contract Tower,0,0,11,0,11,0,3,122,3,128,0,3,133,3,139,288,0,288,427
07/02/2023,BKV,FL,ASO,ES,Federal Contract Tower,0,0,4,0,4,0,6,114,0,120,0,6,118,0,124,134,0,134,258
07/03/2023,BKV,FL,ASO,ES,Federal Contract Tower,0,0,6,0,6,0,0,99,5,104,0,0,105,5,110,245,21,266,376
07/04/2023,BKV,FL,ASO,ES,Federal Contract Tower,0,0,6,0,6,0,3,85,0,88,0,3,91,0,94,113,0,113,207
07/05/2023,BKV,FL,ASO,ES,Federal Contract Tower,0,3,24,0,27,0,0,67,2,69,0,3,91,2,96,120,2,122,218
07/06/2023,BKV,FL,ASO,ES,Federal Contract Tower,0,2,14,1,17,0,3,116,11,130,0,5,130,12,147,324,27,351,498
07/07/2023,BKV,FL,ASO,ES,Federal Contract Tower,0,2,7,0,9,0,2,52,2,56,0,4,59,2,65,118,12,130,195
07/08/2023,BKV,FL,ASO,ES,Federal Contract Tower,0,3,3,0,6,0,3,11,1,15,0,6,14,1,21,2,0,2,23
07/09/2023,BKV,FL,ASO,ES,Federal Contract Tower,0,2,11,0,13,0,2,96,10,108,0,4,107,10,121,146,2,148,269
07/10/2023,BKV,FL,ASO,ES,Federal Contract Tower,0,0,23,0,23,0,2,49,0,51,0,2,72,0,74,74,2,76,150
07/11/2023,BKV,FL,ASO,ES,Federal Contract Tower,0,1,13,0,14,0,0,51,0,51,0,1,64,0,65,69,0,69,134
07/12/2023,BKV,FL,ASO,ES,Federal Contract Tower,0,5,15,2,22,0,1,138,0,139,0,6,153,2,161,288,0,288,449
07/13/2023,BKV,FL,ASO,ES,Federal Contract Tower,0,2,20,1,23,0,2,118,8,128,0,4,138,9,151,174,10,184,335
07/14/2023,BKV,FL,ASO,ES,Federal Contract Tower,0,2,11,1,14,0,4,92,6,102,0,6,103,7,116,253,26,279,395
07/15/2023,BKV,FL,ASO,ES,Federal Contract Tower,0,0,12,0,12,0,6,123,3,132,0,6,135,3,144,178,8,186,330
07/16/2023,BKV,FL,ASO,ES,Federal Contract Tower,0,1,5,0,6,0,0,37,0,37,0,1,42,0,43,111,0,111,154
07/17/2023,BKV,FL,ASO,ES,Federal Contract Tower,0,1,12,0,13,0,3,68,6,77,0,4,80,6,90,186,12,198,288
07/18/2023,BKV,FL,ASO,ES,Federal Contract Tower,0,3,9,0,12,0,4,106,0,110,0,7,115,0,122,297,0,297,419
07/19/2023,BKV,FL,ASO,ES,Federal Contract Tower,0,0,13,0,13,0,2,150,12,164,0,2,163,12,177,181,41,222,399
07/20/2023,BKV,FL,ASO,ES,Federal Contract Tower,0,1,15,2,18,0,3,139,17,159,0,4,154,19,177,244,29,273,450
07/21/2023,BKV,FL,ASO,ES,Federal Contract Tower,0,3,13,0,16,0,0,141,4,145,0,3,154,4,161,206,8,214,375
07/22/2023,BKV,FL,ASO,ES,Federal Contract Tower,0,0,10,0,10,0,0,84,0,84,0,0,94,0,94,132,0,132,226
07/23/2023,BKV,FL,ASO,ES,Federal Contract Tower,0,2,6,0,8,0,1,5,0,6,0,3,11,0,14,18,0,18,32
07/24/2023,BKV,FL,ASO,ES,Federal Contract Tower,0,0,9,1,10,0,1,47,0,48,0,1,56,1,58,136,0,136,194
07/25/2023,BKV,FL,ASO,ES,Federal Contract Tower,0,2,21,1,24,0,2,105,5,112,0,4,126,6,136,287,44,331,467
07/26/2023,BKV,FL,ASO,ES,Federal Contract Tower,0,1,11,0,12,0,4,127,8,139,0,5,138,8,151,250,15,265,416
07/27/2023,BKV,FL,ASO,ES,Federal Contract Tower,0,1,16,0,17,0,1,89,8,98,0,2,105,8,115,236,24,260,375
07/28/2023,BKV,FL,ASO,ES,Federal Contract Tower,0,3,14,0,17,0,0,107,5,112,0,3,121,5,129,190,0,190,319
07/29/2023,BKV,FL,ASO,ES,Federal Contract Tower,0,0,18,0,18,0,4,112,3,119,0,4,130,3,137,208,7,215,352
07/30/2023,BKV,FL,ASO,ES,Federal Contract Tower,0,1,15,0,16,0,4,64,5,73,0,5,79,5,89,127,0,127,216
07/31/2023,BKV,FL,ASO,ES,Federal Contract Tower,0,3,1,0,4,0,2,59,0,61,0,5,60,0,65,86,0,86,151
08/01/2023,BKV,FL,ASO,ES,Federal Contract Tower,0,0,3,1,4,0,2,133,5,140,0,2,136,6,144,247,38,285,429
08/02/2023,BKV,FL,ASO,ES,Federal Contract Tower,0,3,5,1,9,0,1,99,12,112,0,4,104,13,121,154,20,174,295
08/03/2023,BKV,FL,ASO,ES,Federal Contract Tower,0,4,22,1,27,0,0,158,13,171,0,4,180,14,198,304,6,310,508
08/04/2023,BKV,FL,ASO,ES,Federal Contract Tower,0,2,17,0,19,0,2,154,10,166,0,4,171,10,185,294,2,296,481
08/05/2023,BKV,FL,ASO,ES,Federal Contract Tower,0,1,5,0,6,0,5,96,0,101,0,6,101,0,107,143,0,143,250
08/06/2023,BKV,FL,ASO,ES,Federal Contract Tower,0,0,8,0,8,0,2,59,0,61,0,2,67,0,69,0,0,0,69
08/07/2023,BKV,FL,ASO,ES,Federal Contract Tower,0,0,13,1,14,0,3,123,0,126,0,3,136,1,140,240,0,240,380
08/08/2023,BKV,FL,ASO,ES,Federal Contract Tower,1,1,8,0,10,0,0,146,10,156,1,1,154,10,166,339,0,339,505
08/09/2023,BKV,FL,ASO,ES,Federal Contract Tower,0,4,13,0,17,0,3,138,13,154,0,7,151,13,171,246,22,268,439
08/10/2023,BKV,FL,ASO,ES,Federal Contract Tower,0,1,16,1,18,0,5,128,1,134,0,6,144,2,152,317,0,317,469
08/11/2023,BKV,FL,ASO,ES,Federal Contract Tower,0,2,14,0,16,0,1,98,0,99,0,3,112,0,115,314,0,314,429
08/12/2023,BKV,FL,ASO,ES,Federal Contract Tower,0,1,9,0,10,0,3,73,0,76,0,4,82,0,86,197,0,197,283
08/13/2023,BKV,FL,ASO,ES,Federal Contract Tower,0,1,11,0,12,0,5,66,0,71,0,6,77,0,83,206,0,206,289
08/14/2023,BKV,FL,ASO,ES,Federal Contract Tower,1,1,6,0,8,0,0,94,0,94,1,1,100,0,102,182,0,182,284
08/15/2023,BKV,FL,ASO,ES,Federal Contract Tower,0,2,19,0,21,0,1,97,2,100,0,3,116,2,121,318,0,318,439
08/16/2023,BKV,FL,ASO,ES,Federal Contract Tower,0,4,12,0,16,0,3,87,3,93,0,7,99,3,109,278,8,286,395
08/17/2023,BKV,FL,ASO,ES,Federal Contract Tower,0,0,13,0,13,0,0,44,8,52,0,0,57,8,65,115,18,133,198
08/18/2023,BKV,FL,ASO,ES,Federal Contract Tower,0,2,8,1,11,0,2,62,0,64,0,4,70,1,75,179,0,179,254
08/19/2023,BKV,FL,ASO,ES,Federal Contract Tower,0,0,7,0,7,0,3,137,0,140,0,3,144,0,147,192,0,192,339
08/20/2023,BKV,FL,ASO,ES,Federal Contract Tower,0,0,13,0,13,0,2,55,0,57,0,2,68,0,70,138,0,138,208
08/21/2023,BKV,FL,ASO,ES,Federal Contract Tower,0,1,5,0,6,0,0,116,1,117,0,1,121,1,123,206,0,206,329
08/22/2023,BKV,FL,ASO,ES,Federal Contract Tower,0,0,24,0,24,0,2,113,5,120,0,2,137,5,144,349,25,374,518
08/23/2023,BKV,FL,ASO,ES,Federal Contract Tower,0,5,15,0,20,0,6,140,7,153,0,11,155,7,173,270,32,302,475
08/24/2023,BKV,FL,ASO,ES,Federal Contract Tower,0,0,36,0,36,0,1,128,8,137,0,1,164,8,173,236,18,254,427
08/25/2023,BKV,FL,ASO,ES,Federal Contract Tower,0,3,19,4,26,0,4,109,16,129,0,7,128,20,155,184,40,224,379
08/26/2023,BKV,FL,ASO,ES,Federal Contract Tower,0,1,10,0,11,0,5,80,3,88,0,6,90,3,99,242,44,286,385
08/27/2023,BKV,FL,ASO,ES,Federal Contract Tower,0,0,14,0,14,0,2,97,12,111,0,2,111,12,125,161,2,163,288
08/28/2023,BKV,FL,ASO,ES,Federal Contract Tower,0,3,22,0,25,0,4,48,1,53,0,7,70,1,78,242,0,242,320
08/29/2023,BKV,FL,ASO,ES,Federal Contract Tower,0,0,6,0,6,0,0,26,1,27,0,0,32,1,33,58,0,58,91
08/30/2023,BKV,FL,ASO,ES,Federal Contract Tower,0,0,1,0,1,0,2,5,0,7,0,2,6,0,8,0,0,0,8
08/31/2023,BKV,FL,ASO,ES,Federal Contract Tower,0,4,11,0,15,0,0,56,9,65,0,4,67,9,80,208,24,232,312
01/01/2020,BKV,FL,ASO,ES,Federal Contract Tower,0,1,4,0,5,0,3,37,0,40,0,4,41,0,45,142,0,142,187
01/02/2020,BKV,FL,ASO,ES,Federal Contract Tower,0,3,7,0,10,0,5,84,0,89,0,8,91,0,99,106,0,106,205
01/03/2020,BKV,FL,ASO,ES,Federal Contract Tower,0,4,12,5,21,0,0,14,0,14,0,4,26,5,35,25,0,25,60
01/04/2020,BKV,FL,ASO,ES,Federal Contract Tower,0,3,8,0,11,0,1,2,0,3,0,4,10,0,14,0,0,0,14
01/05/2020,BKV,FL,ASO,ES,Federal Contract Tower,0,3,9,0,12,0,3,82,2,87,0,6,91,2,99,81,16,97,196
01/06/2020,BKV,FL,ASO,ES,Federal Contract Tower,0,2,13,0,15,0,1,83,0,84,0,3,96,0,99,128,52,180,279
01/07/2020,BKV,FL,ASO,ES,Federal Contract Tower,0,2,5,0,7,0,3,102,4,109,0,5,107,4,116,104,0,104,220
01/08/2020,BKV,FL,ASO,ES,Federal Contract Tower,0,3,6,3,12,0,6,99,17,122,0,9,105,20,134,128,75,203,337
01/09/2020,BKV,FL,ASO,ES,Federal Contract Tower,0,4,10,0,14,0,7,63,1,71,0,11,73,1,85,74,24,98,183
01/10/2020,BKV,FL,ASO,ES,Federal Contract Tower,0,3,11,0,14,0,2,39,5,46,0,5,50,5,60,33,14,47,107
01/11/2020,BKV,FL,ASO,ES,Federal Contract Tower,0,1,5,2,8,0,5,34,4,43,0,6,39,6,51,39,0,39,90
01/12/2020,BKV,FL,ASO,ES,Federal Contract Tower,0,3,17,0,20,0,1,59,0,60,0,4,76,0,80,118,0,118,198
01/13/2020,BKV,FL,ASO,ES,Federal Contract Tower,0,2,1,0,3,0,5,73,16,94,0,7,74,16,97,79,50,129,226
01/14/2020,BKV,FL,ASO,ES,Federal Contract Tower,0,4,11,0,15,0,3,53,0,56,0,7,64,0,71,30,0,30,101
01/15/2020,BKV,FL,ASO,ES,Federal Contract Tower,0,0,14,1,15,0,2,80,9,91,0,2,94,10,106,78,57,135,241
01/16/2020,BKV,FL,ASO,ES,Federal Contract Tower,0,4,9,0,13,0,3,84,13,100,0,7,93,13,113,165,32,197,310
01/17/2020,BKV,FL,ASO,ES,Federal Contract Tower,0,3,10,0,13,0,0,57,0,57,0,3,67,0,70,29,0,29,99
01/18/2020,BKV,FL,ASO,ES,Federal Contract Tower,0,1,9,0,10,0,7,57,2,66,0,8,66,2,76,44,10,54,130
01/19/2020,BKV,FL,ASO,ES,Federal Contract Tower,0,1,5,0,6,0,4,21,0,25,0,5,26,0,31,46,0,46,77
01/20/2020,BKV,FL,ASO,ES,Federal Contract Tower,0,4,8,0,12,0,7,72,0,79,0,11,80,0,91,134,36,170,261
01/21/2020,BKV,FL,ASO,ES,Federal Contract Tower,0,5,1,1,7,0,2,48,4,54,0,7,49,5,61,71,59,130,191
01/22/2020,BKV,FL,ASO,ES,Federal Contract Tower,0,3,13,5,21,0,4,73,10,87,0,7,86,15,108,119,87,206,314
01/23/2020,BKV,FL,ASO,ES,Federal Contract Tower,0,5,13,2,20,0,0,40,18,58,0,5,53,20,78,164,32,196,274
01/24/2020,BKV,FL,ASO,ES,Federal Contract Tower,0,4,15,1,20,0,3,57,5,65,0,7,72,6,85,109,22,131,216
01/25/2020,BKV,FL,ASO,ES,Federal Contract Tower,0,1,9,0,10,0,5,94,0,99,0,6,103,0,109,80,0,80,189
01/26/2020,BKV,FL,ASO,ES,Federal Contract Tower,0,3,14,0,17,0,1,65,0,66,0,4,79,0,83,83,0,83,166
01/27/2020,BKV,FL,ASO,ES,Federal Contract Tower,0,1,11,0,12,0,8,53,2,63,0,9,64,2,75,109,50,159,234
01/28/2020,BKV,FL,ASO,ES,Federal Contract Tower,0,4,14,2,20,0,3,89,11,103,0,7,103,13,123,89,0,89,212
01/29/2020,BKV,FL,ASO,ES,Federal Contract Tower,0,6,16,2,24,0,5,80,1,86,0,11,96,3,110,178,0,178,288
01/30/2020,BKV,FL,ASO,ES,Federal Contract Tower,0,4,20,0,24,0,0,15,0,15,0,4,35,0,39,39,0,39,78
01/31/2020,BKV,FL,ASO,ES,Federal Contract Tower,0,1,16,6,23,0,2,43,20,65,0,3,59,26,88,129,16,145,233
02/01/2020,BKV,FL,ASO,ES,Federal Contract Tower,0,7,37,0,44,0,1,2,0,3,0,8,39,0,47,0,0,0,47
02/02/2020,BKV,FL,ASO,ES,Federal Contract Tower,0,0,8,0,8,0,3,66,0,69,0,3,74,0,77,52,0,52,129
02/03/2020,BKV,FL,ASO,ES,Federal Contract Tower,0,1,4,10,15,0,3,95,19,117,0,4,99,29,132,149,73,222,354
02/04/2020,BKV,FL,ASO,ES,Federal Contract Tower,0,4,5,1,10,0,1,113,1,115,0,5,118,2,125,159,0,159,284
02/05/2020,BKV,FL,ASO,ES,Federal Contract Tower,0,1,15,2,18,0,6,88,15,109,0,7,103,17,127,98,55,153,280
02/06/2020,BKV,FL,ASO,ES,Federal Contract Tower,0,6,8,1,15,0,3,3,1,7,0,9,11,2,22,0,32,32,54
02/07/2020,BKV,FL,ASO,ES,Federal Contract Tower,0,2,7,0,9,0,4,33,2,39,0,6,40,2,48,45,0,45,93
02/08/2020,BKV,FL,ASO,ES,Federal Contract Tower,0,0,19,1,20,0,4,101,7,112,0,4,120,8,132,35,11,46,178
02/09/2020,BKV,FL,ASO,ES,Federal Contract Tower,0,2,8,0,10,0,3,74,0,77,0,5,82,0,87,97,0,97,184
02/10/2020,BKV,FL,ASO,ES,Federal Contract Tower,0,7,3,7,17,0,0,73,17,90,0,7,76,24,107,104,56,160,267
02/11/2020,BKV,FL,ASO,ES,Federal Contract Tower,0,1,6,2,9,0,2,83,4,89,0,3,89,6,98,117,5,122,220
02/12/2020,BKV,FL,ASO,ES,Federal Contract Tower,0,3,11,7,21,0,2,68,10,80,0,5,79,17,101,84,30,114,215
02/13/2020,BKV,FL,ASO,ES,Federal Contract Tower,0,6,21,5,32,0,8,29,7,44,0,14,50,12,76,5,13,18,94
02/14/2020,BKV,FL,ASO,ES,Federal Contract Tower,0,3,29,1,33,0,0,13,0,13,0,3,42,1,46,56,0,56,102
02/15/2020,BKV,FL,ASO,ES,Federal Contract Tower,0,2,8,0,10,0,2,88,0,90,0,4,96,0,100,101,0,101,201
02/16/2020,BKV,FL,ASO,ES,Federal Contract Tower,0,4,13,0,17,0,4,59,4,67,0,8,72,4,84,83,0,83,167
02/17/2020,BKV,FL,ASO,ES,Federal Contract Tower,0,4,44,0,48,0,2,67,2,71,0,6,111,2,119,89,6,95,214
02/18/2020,BKV,FL,ASO,ES,Federal Contract Tower,0,5,19,1,25,0,3,76,5,84,0,8,95,6,109,116,32,148,257
02/19/2020,BKV,FL,ASO,ES,Federal Contract Tower,0,2,13,0,15,0,0,75,18,93,0,2,88,18,108,174,16,190,298
02/20/2020,BKV,FL,ASO,ES,Federal Contract Tower,0,1,12,0,13,0,1,38,5,44,0,2,50,5,57,40,13,53,110
02/21/2020,BKV,FL,ASO,ES,Federal Contract Tower,0,4,10,1,15,0,3,4,2,9,0,7,14,3,24,15,0,15,39
02/22/2020,BKV,FL,ASO,ES,Federal Contract Tower,0,1,9,0,10,0,4,94,0,98,0,5,103,0,108,50,0,50,158
02/23/2020,BKV,FL,ASO,ES,Federal Contract Tower,0,2,10,0,12,0,4,74,1,79,0,6,84,1,91,92,0,92,183
02/24/2020,BKV,FL,ASO,ES,Federal Contract Tower,0,4,9,1,14,0,0,66,21,87,0,4,75,22,101,45,70,115,216
02/25/2020,BKV,FL,ASO,ES,Federal Contract Tower,0,5,6,0,11,0,1,29,4,34,0,6,35,4,45,91,55,146,191
02/26/2020,BKV,FL,ASO,ES,Federal Contract Tower,0,3,12,0,15,0,1,26,0,27,0,4,38,0,42,10,0,10,52
02/27/2020,BKV,FL,ASO,ES,Federal Contract Tower,0,3,12,0,15,0,1,70,14,85,0,4,82,14,100,57,48,105,205
02/28/2020,BKV,FL,ASO,ES,Federal Contract Tower,0,1,15,0,16,0,2,77,9,88,0,3,92,9,104,103,24,127,231
02/29/2020,BKV,FL,ASO,ES,Federal Contract Tower,0,1,6,0,7,0,1,63,2,66,0,2,69,2,73,73,0,73,146
03/01/2020,BKV,FL,ASO,ES,Federal Contract Tower,0,0,4,0,4,0,4,88,4,96,0,4,92,4,100,110,0,110,210
03/02/2020,BKV,FL,ASO,ES,Federal Contract Tower,0,5,8,0,13,0,5,62,2,69,0,10,70,2,82,62,95,157,239
03/03/2020,BKV,FL,ASO,ES,Federal Contract Tower,0,2,6,0,8,0,3,75,7,85,0,5,81,7,93,99,17,116,209
03/04/2020,BKV,FL,ASO,ES,Federal Contract Tower,0,4,9,0,13,0,1,104,9,114,0,5,113,9,127,53,60,113,240
03/05/2020,BKV,FL,ASO,ES,Federal Contract Tower,0,0,7,1,8,0,4,15,0,19,0,4,22,1,27,4,0,4,31
03/06/2020,BKV,FL,ASO,ES,Federal Contract Tower,0,4,8,4,16,0,3,49,16,68,0,7,57,20,84,24,26,50,134
03/07/2020,BKV,FL,ASO,ES,Federal Contract Tower,0,0,12,0,12,0,5,142,0,147,0,5,154,0,159,88,0,88,247
03/08/2020,BKV,FL,ASO,ES,Federal Contract Tower,0,0,8,0,8,0,2,86,0,88,0,2,94,0,96,80,0,80,176
03/09/2020,BKV,FL,ASO,ES,Federal Contract Tower,0,4,12,0,16,0,1,80,0,81,0,5,92,0,97,180,54,234,331
03/10/2020,BKV,FL,ASO,ES,Federal Contract Tower,0,2,6,2,10,0,2,117,2,121,0,4,123,4,131,192,0,192,323
03/11/2020,BKV,FL,ASO,ES,Federal Contract Tower,0,4,8,1,13,0,6,112,10,128,0,10,120,11,141,109,94,203,344
03/12/2020,BKV,FL,ASO,ES,Federal Contract Tower,0,3,15,2,20,0,2,136,14,152,0,5,151,16,172,224,93,317,489
03/13/2020,BKV,FL,ASO,ES,Federal Contract Tower,0,2,7,2,11,0,2,99,7,108,0,4,106,9,119,146,15,161,280
03/14/2020,BKV,FL,ASO,ES,Federal Contract Tower,0,4,5,0,9,0,3,128,1,132,0,7,133,1,141,132,0,132,273
03/15/2020,BKV,FL,ASO,ES,Federal Contract Tower,0,7,10,0,17,0,3,93,0,96,0,10,103,0,113,191,0,191,304
03/16/2020,BKV,FL,ASO,ES,Federal Contract Tower,0,2,15,0,17,0,0,87,4,91,0,2,102,4,108,148,12,160,268
03/17/2020,BKV,FL,ASO,ES,Federal Contract Tower,0,3,16,9,28,0,3,63,3,69,0,6,79,12,97,172,40,212,309
03/18/2020,BKV,FL,ASO,ES,Federal Contract Tower,0,1,6,1,8,0,6,89,8,103,0,7,95,9,111,86,93,179,290
03/19/2020,BKV,FL,ASO,ES,Federal Contract Tower,0,4,7,4,15,0,3,61,4,68,0,7,68,8,83,92,27,119,202
03/20/2020,BKV,FL,ASO,ES,Federal Contract Tower,0,5,18,4,27,0,10,100,5,115,0,15,118,9,142,149,12,161,303
03/21/2020,BKV,FL,ASO,ES,Federal Contract Tower,0,3,4,0,7,0,4,79,0,83,0,7,83,0,90,120,0,120,210
03/22/2020,BKV,FL,ASO,ES,Federal Contract Tower,0,4,4,1,9,0,2,73,6,81,0,6,77,7,90,72,2,74,164
03/23/2020,BKV,FL,ASO,ES,Federal Contract Tower,0,1,8,1,10,0,0,41,0,41,0,1,49,1,51,115,30,145,196
03/24/2020,BKV,FL,ASO,ES,Federal Contract Tower,0,1,4,6,11,0,11,72,0,83,0,12,76,6,94,201,0,201,295
03/25/2020,BKV,FL,ASO,ES,Federal Contract Tower,0,0,11,3,14,0,2,43,7,52,0,2,54,10,66,132,23,155,221
03/26/2020,BKV,FL,ASO,ES,Federal Contract Tower,0,3,16,2,21,0,7,70,7,84,0,10,86,9,105,144,32,176,281
03/27/2020,BKV,FL,ASO,ES,Federal Contract Tower,0,2,10,0,12,0,0,51,3,54,0,2,61,3,66,108,0,108,174
03/28/2020,BKV,FL,ASO,ES,Federal Contract Tower,0,0,7,0,7,0,1,61,0,62,0,1,68,0,69,182,0,182,251
03/29/2020,BKV,FL,ASO,ES,Federal Contract Tower,0,2,1,0,3,0,0,56,0,56,0,2,57,0,59,202,0,202,261
03/30/2020,BKV,FL,ASO,ES,Federal Contract Tower,0,2,11,0,13,0,0,59,6,65,0,2,70,6,78,110,62,172,250
03/31/2020,BKV,FL,ASO,ES,Federal Contract Tower,0,2,9,0,11,0,1,25,7,33,0,3,34,7,44,45,30,75,119
04/01/2020,BKV,FL,ASO,ES,Federal Contract Tower,0,0,7,2,9,0,0,77,10,87,0,0,84,12,96,172,23,195,291
04/02/2020,BKV,FL,ASO,ES,Federal Contract Tower,0,0,8,0,8,0,2,107,12,121,0,2,115,12,129,131,42,173,302
04/03/2020,BKV,FL,ASO,ES,Federal Contract Tower,0,1,10,0,11,0,2,59,7,68,0,3,69,7,79,165,14,179,258
04/04/2020,BKV,FL,ASO,ES,Federal Contract Tower,0,2,4,0,6,0,6,92,9,107,0,8,96,9,113,126,30,156,269
04/05/2020,BKV,FL,ASO,ES,Federal Contract Tower,0,4,3,5,12,0,0,6,3,9,0,4,9,8,21,0,11,11,32
04/06/2020,BKV,FL,ASO,ES,Federal Contract Tower,0,2,16,3,21,0,3,49,5,57,0,5,65,8,78,176,84,260,338
04/07/2020,BKV,FL,ASO,ES,Federal Contract Tower,0,1,5,0,6,0,3,61,0,64,0,4,66,0,70,105,46,151,221
04/08/2020,BKV,FL,ASO,ES,Federal Contract Tower,0,1,14,1,16,0,0,68,11,79,0,1,82,12,95,237,26,263,358
04/09/2020,BKV,FL,ASO,ES,Federal Contract Tower,0,2,10,0,12,0,0,19,14,33,0,2,29,14,45,62,31,93,138
04/10/2020,BKV,FL,ASO,ES,Federal Contract Tower,0,3,6,0,9,0,1,50,1,52,0,4,56,1,61,127,24,151,212
04/11/2020,BKV,FL,ASO,ES,Federal Contract Tower,0,0,2,0,2,0,0,108,2,110,0,0,110,2,112,172,13,185,297
04/12/2020,BKV,FL,ASO,ES,Federal Contract Tower,0,0,4,0,4,0,0,24,18,42,0,0,28,18,46,4,0,4,50
04/13/2020,BKV,FL,ASO,ES,Federal Contract Tower,0,3,7,3,13,0,2,20,1,23,0,5,27,4,36,42,47,89,125
04/14/2020,BKV,FL,ASO,ES,Federal Contract Tower,0,1,3,0,4,0,0,47,0,47,0,1,50,0,51,79,0,79,130
04/15/2020,BKV,FL,ASO,ES,Federal Contract Tower,0,0,4,0,4,0,0,7,0,7,0,0,11,0,11,0,20,20,31
04/16/2020,BKV,FL,ASO,ES,Federal Contract Tower,0,2,7,0,9,0,0,14,9,23,0,2,21,9,32,4,21,25,57
04/17/2020,BKV,FL,ASO,ES,Federal Contract Tower,0,0,13,8,21,0,2,84,4,90,0,2,97,12,111,187,16,203,314
04/18/2020,BKV,FL,ASO,ES,Federal Contract Tower,0,0,0,0,0,0,1,31,0,32,0,1,31,0,32,17,0,17,49
04/19/2020,BKV,FL,ASO,ES,Federal Contract Tower,0,3,2,0,5,0,4,83,1,88,0,7,85,1,93,56,2,58,151
04/20/2020,BKV,FL,ASO,ES,Federal Contract Tower,0,2,3,0,5,0,2,19,0,21,0,4,22,0,26,32,34,66,92
04/21/2020,BKV,FL,ASO,ES,Federal Contract Tower,0,0,11,0,11,0,0,138,0,138,0,0,149,0,149,179,0,179,328
04/22/2020,BKV,FL,ASO,ES,Federal Contract Tower,0,0,8,0,8,0,0,106,9,115,0,0,114,9,123,133,22,155,278
04/23/2020,BKV,FL,ASO,ES,Federal Contract Tower,0,4,9,0,13,0,0,47,10,57,0,4,56,10,70,9,32,41,111
04/24/2020,BKV,FL,ASO,ES,Federal Contract Tower,0,1,7,0,8,0,0,2,0,2,0,1,9,0,10,4,0,4,14
04/25/2020,BKV,FL,ASO,ES,Federal Contract Tower,0,3,0,0,3,0,2,46,0,48,0,5,46,0,51,117,0,117,168
04/26/2020,BKV,FL,ASO,ES,Federal Contract Tower,0,5,7,0,12,0,3,76,2,81,0,8,83,2,93,68,0,68,161
04/27/2020,BKV,FL,ASO,ES,Federal Contract Tower,0,3,5,0,8,0,4,96,0,100,0,7,101,0,108,174,0,174,282
04/28/2020,BKV,FL,ASO,ES,Federal Contract Tower,0,3,19,4,26,0,3,108,0,111,0,6,127,4,137,189,0,189,326
04/29/2020,BKV,FL,ASO,ES,Federal Contract Tower,0,3,9,0,12,0,3,115,7,125,0,6,124,7,137,178,71,249,386
04/30/2020,BKV,FL,ASO,ES,Federal Contract Tower,0,1,5,1,7,0,0,20,3,23,0,1,25,4,30,5,20,25,55
05/01/2020,BKV,FL,ASO,ES,Federal Contract Tower,0,0,9,0,9,0,0,93,4,97,0,0,102,4,106,109,21,130,236
05/02/2020,BKV,FL,ASO,ES,Federal Contract Tower,0,1,10,0,11,0,1,107,0,108,0,2,117,0,119,110,0,110,229
05/03/2020,BKV,FL,ASO,ES,Federal Contract Tower,0,3,11,0,14,0,3,101,0,104,0,6,112,0,118,58,6,64,182
05/04/2020,BKV,FL,ASO,ES,Federal Contract Tower,0,1,9,3,13,0,0,58,1,59,0,1,67,4,72,87,53,140,212
05/05/2020,BKV,FL,ASO,ES,Federal Contract Tower,0,2,15,0,17,0,2,87,6,95,0,4,102,6,112,194,100,294,406
05/06/2020,BKV,FL,ASO,ES,Federal Contract Tower,0,0,10,0,10,0,0,83,6,89,0,0,93,6,99,161,28,189,288
05/07/2020,BKV,FL,ASO,ES,Federal Contract Tower,0,3,11,0,14,0,0,122,14,136,0,3,133,14,150,54,36,90,240
05/08/2020,BKV,FL,ASO,ES,Federal Contract Tower,0,1,11,2,14,0,2,109,4,115,0,3,120,6,129,114,8,122,251
05/09/2020,BKV,FL,ASO,ES,Federal Contract Tower,0,4,10,0,14,0,0,102,3,105,0,4,112,3,119,180,39,219,338
05/10/2020,BKV,FL,ASO,ES,Federal Contract Tower,0,1,8,7,16,0,0,31,1,32,0,1,39,8,48,23,4,27,75
05/11/2020,BKV,FL,ASO,ES,Federal Contract Tower,0,2,9,0,11,0,3,74,1,78,0,5,83,1,89,96,37,133,222
05/12/2020,BKV,FL,ASO,ES,Federal Contract Tower,0,1,15,0,16,0,2,76,1,79,0,3,91,1,95,114,27,141,236
05/13/2020,BKV,FL,ASO,ES,Federal Contract Tower,0,1,13,4,18,0,1,86,12,99,0,2,99,16,117,105,98,203,320
05/14/2020,BKV,FL,ASO,ES,Federal Contract Tower,0,1,12,8,21,0,0,61,21,82,0,1,73,29,103,86,40,126,229
05/15/2020,BKV,FL,ASO,ES,Federal Contract Tower,0,0,3,2,5,0,3,62,4,69,0,3,65,6,74,94,2,96,170
05/16/2020,BKV,FL,ASO,ES,Federal Contract Tower,0,0,25,0,25,0,2,55,6,63,0,2,80,6,88,92,0,92,180
05/17/2020,BKV,FL,ASO,ES,Federal Contract Tower,0,1,17,0,18,0,1,90,0,91,0,2,107,0,109,125,0,125,234
05/18/2020,BKV,FL,ASO,ES,Federal Contract Tower,0,3,3,0,6,0,4,16,2,22,0,7,19,2,28,12,0,12,40
05/19/2020,BKV,FL,ASO,ES,Federal Contract Tower,0,3,9,0,12,0,5,75,3,83,0,8,84,3,95,141,35,176,271
05/20/2020,BKV,FL,ASO,ES,Federal Contract Tower,0,1,14,3,18,0,2,105,10,117,0,3,119,13,135,71,43,114,249
05/21/2020,BKV,FL,ASO,ES,Federal Contract Tower,0,0,12,0,12,0,2,52,14,68,0,2,64,14,80,133,90,223,303
05/22/2020,BKV,FL,ASO,ES,Federal Contract Tower,0,1,16,0,17,0,0,89,2,91,0,1,105,2,108,201,12,213,321
05/23/2020,BKV,FL,ASO,ES,Federal Contract Tower,0,3,12,0,15,0,1,91,0,92,0,4,103,0,107,218,0,218,325
05/24/2020,BKV,FL,ASO,ES,Federal Contract Tower,0,2,4,0,6,0,1,47,0,48,0,3,51,0,54,75,0,75,129
05/25/2020,BKV,FL,ASO,ES,Federal Contract Tower,0,1,2,4,7,0,0,5,0,5,0,1,7,4,12,14,0,14,26
05/26/2020,BKV,FL,ASO,ES,Federal Contract Tower,0,2,21,0,23,0,0,53,2,55,0,2,74,2,78,184,29,213,291
05/27/2020,BKV,FL,ASO,ES,Federal Contract Tower,0,0,33,0,33,0,3,70,13,86,0,3,103,13,119,137,91,228,347
05/28/2020,BKV,FL,ASO,ES,Federal Contract Tower,0,3,9,0,12,0,0,77,2,79,0,3,86,2,91,90,6,96,187
05/29/2020,BKV,FL,ASO,ES,Federal Contract Tower,0,1,13,0,14,0,3,106,6,115,0,4,119,6,129,127,0,127,256
05/30/2020,BKV,FL,ASO,ES,Federal Contract Tower,0,0,16,0,16,0,2,102,0,104,0,2,118,0,120,158,0,158,278
05/31/2020,BKV,FL,ASO,ES,Federal Contract Tower,0,0,10,0,10,0,0,91,0,91,0,0,101,0,101,73,0,73,174
06/01/2020,BKV,FL,ASO,ES,Federal Contract Tower,0,1,21,4,26,0,0,71,2,73,0,1,92,6,99,108,29,137,236
06/02/2020,BKV,FL,ASO,ES,Federal Contract Tower,0,4,11,1,16,0,4,61,3,68,0,8,72,4,84,152,55,207,291
06/03/2020,BKV,FL,ASO,ES,Federal Contract Tower,0,3,23,1,27,0,0,56,6,62,0,3,79,7,89,151,0,151,240
06/04/2020,BKV,FL,ASO,ES,Federal Contract Tower,0,8,2,0,10,0,0,18,0,18,0,8,20,0,28,35,0,35,63
06/05/2020,BKV,FL,ASO,ES,Federal Contract Tower,0,0,9,0,9,0,0,47,0,47,0,0,56,0,56,106,0,106,162
06/06/2020,BKV,FL,ASO,ES,Federal Contract Tower,0,0,2,0,2,0,0,3,0,3,0,0,5,0,5,0,0,0,5
06/07/2020,BKV,FL,ASO,ES,Federal Contract Tower,0,1,3,0,4,0,0,14,0,14,0,1,17,0,18,20,0,20,38
06/08/2020,BKV,FL,ASO,ES,Federal Contract Tower,0,0,11,0,11,0,0,28,0,28,0,0,39,0,39,39,6,45,84
06/09/2020,BKV,FL,ASO,ES,Federal Contract Tower,0,0,19,1,20,0,2,67,17,86,0,2,86,18,106,200,74,274,380
06/10/2020,BKV,FL,ASO,ES,Federal Contract Tower,0,2,12,9,23,0,3,78,13,94,0,5,90,22,117,199,66,265,382
06/11/2020,BKV,FL,ASO,ES,Federal Contract Tower,0,4,12,2,18,0,2,78,15,95,0,6,90,17,113,283,31,314,427
06/12/2020,BKV,FL,ASO,ES,Federal Contract Tower,0,0,20,8,28,0,5,133,2,140,0,5,153,10,168,250,50,300,468
06/13/2020,BKV,FL,ASO,ES,Federal Contract Tower,0,1,12,0,13,0,3,59,0,62,0,4,71,0,75,133,0,133,208
06/14/2020,BKV,FL,ASO,ES,Federal Contract Tower,0,6,7,0,13,0,6,117,0,123,0,12,124,0,136,159,0,159,295
06/15/2020,BKV,FL,ASO,ES,Federal Contract Tower,0,2,18,1,21,0,3,90,11,104,0,5,108,12,125,154,66,220,345
06/16/2020,BKV,FL,ASO,ES,Federal Contract Tower,0,0,11,7,18,0,4,99,8,111,0,4,110,15,129,110,56,166,295
06/17/2020,BKV,FL,ASO,ES,Federal Contract Tower,0,0,7,8,15,0,0,100,27,127,0,0,107,35,142,213,86,299,441
06/18/2020,BKV,FL,ASO,ES,Federal Contract Tower,0,2,8,0,10,0,0,99,5,104,0,2,107,5,114,230,16,246,360
06/19/2020,BKV,FL,ASO,ES,Federal Contract Tower,0,0,9,1,10,0,2,61,3,66,0,2,70,4,76,223,13,236,312
06/20/2020,BKV,FL,ASO,ES,Federal Contract Tower,0,2,7,0,9,0,0,102,0,102,0,2,109,0,111,121,0,121,232
06/21/2020,BKV,FL,ASO,ES,Federal Contract Tower,0,0,6,0,6,0,2,65,0,67,0,2,71,0,73,107,0,107,180
06/22/2020,BKV,FL,ASO,ES,Federal Contract Tower,0,0,14,1,15,0,0,85,5,90,0,0,99,6,105,151,32,183,288
06/23/2020,BKV,FL,ASO,ES,Federal Contract Tower,0,5,11,1,17,0,1,92,5,98,0,6,103,6,115,107,31,138,253
06/24/2020,BKV,FL,ASO,ES,Federal Contract Tower,0,5,8,12,25,0,4,101,12,117,0,9,109,24,142,265,54,319,461
06/25/2020,BKV,FL,ASO,ES,Federal Contract Tower,0,1,17,4,22,0,4,101,5,110,0,5,118,9,132,216,40,256,388
06/26/2020,BKV,FL,ASO,ES,Federal Contract Tower,0,2,9,2,13,0,1,92,1,94,0,3,101,3,107,141,8,149,256
06/27/2020,BKV,FL,ASO,ES,Federal Contract Tower,0,2,12,0,14,0,4,101,0,105,0,6,113,0,119,167,0,167,286
06/28/2020,BKV,FL,ASO,ES,Federal Contract Tower,0,0,7,0,7,0,0,67,0,67,0,0,74,0,74,139,0,139,213
06/29/2020,BKV,FL,ASO,ES,Federal Contract Tower,0,2,3,0,5,0,0,85,4,89,0,2,88,4,94,175,22,197,291
06/30/2020,BKV,FL,ASO,ES,Federal Contract Tower,0,1,21,4,26,0,2,112,9,123,0,3,133,13,149,72,45,117,266
07/01/2020,BKV,FL,ASO,ES,Federal Contract Tower,0,2,8,3,13,0,2,59,17,78,0,4,67,20,91,183,55,238,329
07/02/2020,BKV,FL,ASO,ES,Federal Contract Tower,0,4,14,0,18,0,2,53,0,55,0,6,67,0,73,75,0,75,148
07/03/2020,BKV,FL,ASO,ES,Federal Contract Tower,0,3,4,0,7,0,1,33,2,36,0,4,37,2,43,45,24,69,112
07/04/2020,BKV,FL,ASO,ES,Federal Contract Tower,0,1,1,0,2,0,3,37,3,43,0,4,38,3,45,85,0,85,130
07/05/2020,BKV,FL,ASO,ES,Federal Contract Tower,0,0,9,0,9,0,2,21,0,23,0,2,30,0,32,48,0,48,80
07/06/2020,BKV,FL,ASO,ES,Federal Contract Tower,0,2,8,0,10,0,0,35,2,37,0,2,43,2,47,64,7,71,118
07/07/2020,BKV,FL,ASO,ES,Federal Contract Tower,0,1,11,0,12,0,0,35,1,36,0,1,46,1,48,75,20,95,143
07/08/2020,BKV,FL,ASO,ES,Federal Contract Tower,0,2,7,0,9,0,1,50,4,55,0,3,57,4,64,78,0,78,142
07/09/2020,BKV,FL,ASO,ES,Federal Contract Tower,0,1,8,0,9,0,2,110,0,112,0,3,118,0,121,95,0,95,216
07/10/2020,BKV,FL,ASO,ES,Federal Contract Tower,0,0,8,0,8,0,2,35,13,50,0,2,43,13,58,70,51,121,179
07/11/2020,BKV,FL,ASO,ES,Federal Contract Tower,0,0,3,0,3,0,4,52,0,56,0,4,55,0,59,81,0,81,140
07/12/2020,BKV,FL,ASO,ES,Federal Contract Tower,0,1,4,0,5,0,0,62,0,62,0,1,66,0,67,93,0,93,160
07/13/2020,BKV,FL,ASO,ES,Federal Contract Tower,0,3,14,0,17,0,1,56,3,60,0,4,70,3,77,121,84,205,282
07/14/2020,BKV,FL,ASO,ES,Federal Contract Tower,0,1,17,2,20,0,0,52,5,57,0,1,69,7,77,86,24,110,187
07/15/2020,BKV,FL,ASO,ES,Federal Contract Tower,0,6,11,1,18,0,0,99,8,107,0,6,110,9,125,115,57,172,297
07/16/2020,BKV,FL,ASO,ES,Federal Contract Tower,0,2,16,2,20,0,3,103,22,128,0,5,119,24,148,210,46,256,404
07/17/2020,BKV,FL,ASO,ES,Federal Contract Tower,0,1,19,4,24,0,0,87,17,104,0,1,106,21,128,124,47,171,299
07/18/2020,BKV,FL,ASO,ES,Federal Contract Tower,0,0,7,0,7,0,0,55,0,55,0,0,62,0,62,113,0,113,175
07/19/2020,BKV,FL,ASO,ES,Federal Contract Tower,0,0,9,0,9,0,2,83,0,85,0,2,92,0,94,140,0,140,234
07/20/2020,BKV,FL,ASO,ES,Federal Contract Tower,0,0,11,3,14,0,1,79,3,83,0,1,90,6,97,216,99,315,412
07/21/2020,BKV,FL,ASO,ES,Federal Contract Tower,0,4,22,14,40,0,6,59,7,72,0,10,81,21,112,114,24,138,250
07/22/2020,BKV,FL,ASO,ES,Federal Contract Tower,1,1,9,2,13,0,3,51,5,59,1,4,60,7,72,56,48,104,176
07/23/2020,BKV,FL,ASO,ES,Federal Contract Tower,0,2,14,0,16,0,0,39,6,45,0,2,53,6,61,96,25,121,182
07/24/2020,BKV,FL,ASO,ES,Federal Contract Tower,0,0,17,14,31,0,0,79,6,85,0,0,96,20,116,95,49,144,260
07/25/2020,BKV,FL,ASO,ES,Federal Contract Tower,0,3,7,0,10,0,1,106,2,109,0,4,113,2,119,85,33,118,237
07/26/2020,BKV,FL,ASO,ES,Federal Contract Tower,0,1,6,0,7,0,1,62,0,63,0,2,68,0,70,63,0,63,133
07/27/2020,BKV,FL,ASO,ES,Federal Contract Tower,0,0,6,0,6,0,0,53,12,65,0,0,59,12,71,56,53,109,180
07/28/2020,BKV,FL,ASO,ES,Federal Contract Tower,0,0,8,2,10,0,0,43,10,53,0,0,51,12,63,89,46,135,198
07/29/2020,BKV,FL,ASO,ES,Federal Contract Tower,0,2,20,2,24,0,0,76,12,88,0,2,96,14,112,106,70,176,288
07/30/2020,BKV,FL,ASO,ES,Federal Contract Tower,0,0,20,1,21,0,0,95,22,117,0,0,115,23,138,154,53,207,345
07/31/2020,BKV,FL,ASO,ES,Federal Contract Tower,0,0,6,0,6,0,0,73,9,82,0,0,79,9,88,107,0,107,195
08/01/2020,BKV,FL,ASO,ES,Federal Contract Tower,0,0,9,0,9,0,1,122,13,136,0,1,131,13,145,68,6,74,219
08/02/2020,BKV,FL,ASO,ES,Federal Contract Tower,0,0,2,0,2,0,2,45,0,47,0,2,47,0,49,48,0,48,97
08/03/2020,BKV,FL,ASO,ES,Federal Contract Tower,0,1,7,0,8,0,0,87,23,110,0,1,94,23,118,134,2,136,254
08/04/2020,BKV,FL,ASO,ES,Federal Contract Tower,0,0,13,0,13,0,0,113,9,122,0,0,126,9,135,127,24,151,286
08/05/2020,BKV,FL,ASO,ES,Federal Contract Tower,0,1,21,3,25,0,1,53,10,64,0,2,74,13,89,155,130,285,374
08/06/2020,BKV,FL,ASO,ES,Federal Contract Tower,0,7,7,8,22,0,5,82,23,110,0,12,89,31,132,119,61,180,312
08/07/2020,BKV,FL,ASO,ES,Federal Contract Tower,0,0,17,0,17,0,4,69,4,77,0,4,86,4,94,177,85,262,356
08/08/2020,BKV,FL,ASO,ES,Federal Contract Tower,0,0,13,1,14,0,2,120,0,122,0,2,133,1,136,127,0,127,263
08/09/2020,BKV,FL,ASO,ES,Federal Contract Tower,0,0,15,0,15,0,0,58,0,58,0,0,73,0,73,66,0,66,139
08/10/2020,BKV,FL,ASO,ES,Federal Contract Tower,0,0,6,0,6,0,3,75,4,82,0,3,81,4,88,159,64,223,311
08/11/2020,BKV,FL,ASO,ES,Federal Contract Tower,0,0,12,4,16,0,1,93,6,100,0,1,105,10,116,118,46,164,280
08/12/2020,BKV,FL,ASO,ES,Federal Contract Tower,0,1,15,9,25,0,3,71,12,86,0,4,86,21,111,285,122,407,518
08/13/2020,BKV,FL,ASO,ES,Federal Contract Tower,0,5,16,3,24,0,0,88,13,101,0,5,104,16,125,192,106,298,423
08/14/2020,BKV,FL,ASO,ES,Federal Contract Tower,0,3,25,0,28,0,1,73,22,96,0,4,98,22,124,95,13,108,232
08/15/2020,BKV,FL,ASO,ES,Federal Contract Tower,0,1,6,0,7,0,1,39,0,40,0,2,45,0,47,57,0,57,104
08/16/2020,BKV,FL,ASO,ES,Federal Contract Tower,0,0,11,0,11,0,2,57,0,59,0,2,68,0,70,44,0,44,114
08/17/2020,BKV,FL,ASO,ES,Federal Contract Tower,0,0,5,5,10,0,0,57,13,70,0,0,62,18,80,75,72,147,227
08/18/2020,BKV,FL,ASO,ES,Federal Contract Tower,0,0,9,4,13,0,6,60,31,97,0,6,69,35,110,96,69,165,275
08/19/2020,BKV,FL,ASO,ES,Federal Contract Tower,0,2,8,11,21,0,2,75,19,96,0,4,83,30,117,115,47,162,279
08/20/2020,BKV,FL,ASO,ES,Federal Contract Tower,0,0,2,0,2,0,13,44,13,70,0,13,46,13,72,55,40,95,167
08/21/2020,BKV,FL,ASO,ES,Federal Contract Tower,0,1,11,0,12,0,4,55,8,67,0,5,66,8,79,93,0,93,172
08/22/2020,BKV,FL,ASO,ES,Federal Contract Tower,0,0,9,0,9,0,3,68,0,71,0,3,77,0,80,92,0,92,172
08/23/2020,BKV,FL,ASO,ES,Federal Contract Tower,0,0,11,0,11,0,0,56,0,56,0,0,67,0,67,58,0,58,125
08/24/2020,BKV,FL,ASO,ES,Federal Contract Tower,0,1,19,0,20,0,0,44,9,53,0,1,63,9,73,15,9,24,97
08/25/2020,BKV,FL,ASO,ES,Federal Contract Tower,0,0,19,3,22,0,2,69,2,73,0,2,88,5,95,71,2,73,168
08/26/2020,BKV,FL,ASO,ES,Federal Contract Tower,0,6,23,2,31,0,6,120,11,137,0,12,143,13,168,107,8,115,283
08/27/2020,BKV,FL,ASO,ES,Federal Contract Tower,0,0,17,2,19,0,2,115,10,127,0,2,132,12,146,184,10,194,340
08/28/2020,BKV,FL,ASO,ES,Federal Contract Tower,0,0,26,0,26,0,4,117,3,124,0,4,143,3,150,149,0,149,299
08/29/2020,BKV,FL,ASO,ES,Federal Contract Tower,0,1,9,0,10,0,1,63,0,64,0,2,72,0,74,78,0,78,152
08/30/2020,BKV,FL,ASO,ES,Federal Contract Tower,0,2,13,0,15,0,0,23,0,23,0,2,36,0,38,1,0,1,39
08/31/2020,BKV,FL,ASO,ES,Federal Contract Tower,0,4,8,0,12,0,0,26,4,30,0,4,34,4,42,30,0,30,72
09/01/2020,BKV,FL,ASO,ES,Federal Contract Tower,0,2,19,0,21,0,1,82,28,111,0,3,101,28,132,145,122,267,399
09/02/2020,BKV,FL,ASO,ES,Federal Contract Tower,0,0,15,0,15,0,3,112,33,148,0,3,127,33,163,232,89,321,484
09/03/2020,BKV,FL,ASO,ES,Federal Contract Tower,0,0,14,0,14,0,8,133,17,158,0,8,147,17,172,104,24,128,300
09/04/2020,BKV,FL,ASO,ES,Federal Contract Tower,0,0,17,0,17,0,3,98,8,109,0,3,115,8,126,244,143,387,513
09/05/2020,BKV,FL,ASO,ES,Federal Contract Tower,0,1,12,0,13,0,0,113,0,113,0,1,125,0,126,119,0,119,245
09/06/2020,BKV,FL,ASO,ES,Federal Contract Tower,0,0,12,0,12,0,0,52,4,56,0,0,64,4,68,71,0,71,139
09/07/2020,BKV,FL,ASO,ES,Federal Contract Tower,0,0,17,0,17,0,1,51,0,52,0,1,68,0,69,164,0,164,233
09/08/2020,BKV,FL,ASO,ES,Federal Contract Tower,0,3,25,7,35,0,2,59,12,73,0,5,84,19,108,89,68,157,265
09/09/2020,BKV,FL,ASO,ES,Federal Contract Tower,0,2,26,19,47,0,1,36,0,37,0,3,62,19,84,16,0,16,100
09/10/2020,BKV,FL,ASO,ES,Federal Contract Tower,0,1,27,0,28,0,2,82,22,106,0,3,109,22,134,181,46,227,361
09/11/2020,BKV,FL,ASO,ES,Federal Contract Tower,0,1,10,3,14,0,0,24,2,26,0,1,34,5,40,23,16,39,79
09/12/2020,BKV,FL,ASO,ES,Federal Contract Tower,0,0,4,0,4,0,0,21,0,21,0,0,25,0,25,19,0,19,44
09/13/2020,BKV,FL,ASO,ES,Federal Contract Tower,0,4,12,0,16,0,2,8,0,10,0,6,20,0,26,10,0,10,36
09/14/2020,BKV,FL,ASO,ES,Federal Contract Tower,0,1,10,3,14,0,0,23,11,34,0,1,33,14,48,64,26,90,138
09/15/2020,BKV,FL,ASO,ES,Federal Contract Tower,0,1,16,8,25,0,0,35,5,40,0,1,51,13,65,73,0,73,138
09/16/2020,BKV,FL,ASO,ES,Federal Contract Tower,0,3,21,0,24,0,1,64,7,72,0,4,85,7,96,115,93,208,304
09/17/2020,BKV,FL,ASO,ES,Federal Contract Tower,0,2,10,0,12,0,0,19,16,35,0,2,29,16,47,12,39,51,98
09/18/2020,BKV,FL,ASO,ES,Federal Contract Tower,0,1,18,6,25,0,1,103,9,113,0,2,121,15,138,165,42,207,345
09/19/2020,BKV,FL,ASO,ES,Federal Contract Tower,0,0,12,0,12,0,0,108,0,108,0,0,120,0,120,183,0,183,303
09/20/2020,BKV,FL,ASO,ES,Federal Contract Tower,0,1,20,0,21,0,0,9,0,9,0,1,29,0,30,0,0,0,30
09/21/2020,BKV,FL,ASO,ES,Federal Contract Tower,0,0,16,1,17,0,5,50,8,63,0,5,66,9,80,96,48,144,224
09/22/2020,BKV,FL,ASO,ES,Federal Contract Tower,0,1,11,6,18,0,2,152,3,157,0,3,163,9,175,183,47,230,405
09/23/2020,BKV,FL,ASO,ES,Federal Contract Tower,0,0,17,7,24,0,3,136,17,156,0,3,153,24,180,176,100,276,456
09/24/2020,BKV,FL,ASO,ES,Federal Contract Tower,0,0,7,5,12,0,2,111,20,133,0,2,118,25,145,217,66,283,428
09/25/2020,BKV,FL,ASO,ES,Federal Contract Tower,0,0,13,6,19,0,2,105,15,122,0,2,118,21,141,176,57,233,374
09/26/2020,BKV,FL,ASO,ES,Federal Contract Tower,0,0,9,0,9,0,4,57,0,61,0,4,66,0,70,28,0,28,98
09/27/2020,BKV,FL,ASO,ES,Federal Contract Tower,0,0,7,0,7,0,0,82,0,82,0,0,89,0,89,111,0,111,200
09/28/2020,BKV,FL,ASO,ES,Federal Contract Tower,0,1,12,0,13,0,4,42,0,46,0,5,54,0,59,68,0,68,127
09/29/2020,BKV,FL,ASO,ES,Federal Contract Tower,0,2,20,2,24,0,0,26,4,30,0,2,46,6,54,40,5,45,99
09/30/2020,BKV,FL,ASO,ES,Federal Contract Tower,0,0,8,2,10,0,3,164,13,180,0,3,172,15,190,130,119,249,439
10/01/2020,BKV,FL,ASO,ES,Federal Contract Tower,0,6,24,9,39,0,2,134,16,152,0,8,158,25,191,203,31,234,425
10/02/2020,BKV,FL,ASO,ES,Federal Contract Tower,0,0,8,4,12,0,4,159,8,171,0,4,167,12,183,176,15,191,374
10/03/2020,BKV,FL,ASO,ES,Federal Contract Tower,0,0,12,0,12,0,0,77,8,85,0,0,89,8,97,81,20,101,198
10/04/2020,BKV,FL,ASO,ES,Federal Contract Tower,0,1,15,10,26,0,1,0,0,1,0,2,15,10,27,0,0,0,27
10/05/2020,BKV,FL,ASO,ES,Federal Contract Tower,0,0,17,8,25,0,3,35,0,38,0,3,52,8,63,39,0,39,102
10/06/2020,BKV,FL,ASO,ES,Federal Contract Tower,0,0,31,4,35,0,2,68,9,79,0,2,99,13,114,114,14,128,242
10/07/2020,BKV,FL,ASO,ES,Federal Contract Tower,0,2,22,2,26,0,0,80,14,94,0,2,102,16,120,177,68,245,365
10/08/2020,BKV,FL,ASO,ES,Federal Contract Tower,0,2,11,6,19,0,7,106,18,131,0,9,117,24,150,151,65,216,366
10/09/2020,BKV,FL,ASO,ES,Federal Contract Tower,0,0,19,0,19,0,2,94,0,96,0,2,113,0,115,215,43,258,373
10/10/2020,BKV,FL,ASO,ES,Federal Contract Tower,0,1,6,0,7,0,3,94,0,97,0,4,100,0,104,81,0,81,185
10/11/2020,BKV,FL,ASO,ES,Federal Contract Tower,0,8,5,0,13,0,2,10,0,12,0,10,15,0,25,12,0,12,37
10/12/2020,BKV,FL,ASO,ES,Federal Contract Tower,0,0,13,0,13,0,0,68,0,68,0,0,81,0,81,81,0,81,162
10/13/2020,BKV,FL,ASO,ES,Federal Contract Tower,0,0,15,1,16,0,3,120,7,130,0,3,135,8,146,137,52,189,335
10/14/2020,BKV,FL,ASO,ES,Federal Contract Tower,0,1,31,1,33,0,1,105,19,125,0,2,136,20,158,150,120,270,428
10/15/2020,BKV,FL,ASO,ES,Federal Contract Tower,0,4,15,0,19,0,0,92,17,109,0,4,107,17,128,179,89,268,396
10/16/2020,BKV,FL,ASO,ES,Federal Contract Tower,0,2,35,4,41,0,2,95,4,101,0,4,130,8,142,170,4,174,316
10/17/2020,BKV,FL,ASO,ES,Federal Contract Tower,0,0,11,0,11,0,6,111,0,117,0,6,122,0,128,110,0,110,238
10/18/2020,BKV,FL,ASO,ES,Federal Contract Tower,0,0,4,0,4,0,1,65,10,76,0,1,69,10,80,23,0,23,103
10/19/2020,BKV,FL,ASO,ES,Federal Contract Tower,0,0,14,6,20,0,0,70,8,78,0,0,84,14,98,65,72,137,235
10/20/2020,BKV,FL,ASO,ES,Federal Contract Tower,0,2,17,0,19,0,1,92,4,97,0,3,109,4,116,146,33,179,295
10/21/2020,BKV,FL,ASO,ES,Federal Contract Tower,0,0,18,0,18,0,4,76,20,100,0,4,94,20,118,149,92,241,359
10/22/2020,BKV,FL,ASO,ES,Federal Contract Tower,0,5,23,3,31,0,3,104,4,111,0,8,127,7,142,135,16,151,293
10/23/2020,BKV,FL,ASO,ES,Federal Contract Tower,0,1,22,2,25,0,1,93,10,104,0,2,115,12,129,174,46,220,349
10/24/2020,BKV,FL,ASO,ES,Federal Contract Tower,0,0,19,4,23,0,5,104,11,120,0,5,123,15,143,168,7,175,318
10/25/2020,BKV,FL,ASO,ES,Federal Contract Tower,0,1,29,3,33,0,0,77,7,84,0,1,106,10,117,95,8,103,220
10/26/2020,BKV,FL,ASO,ES,Federal Contract Tower,0,2,16,3,21,0,2,82,6,90,0,4,98,9,111,94,107,201,312
10/27/2020,BKV,FL,ASO,ES,Federal Contract Tower,0,1,44,0,45,0,2,85,13,100,0,3,129,13,145,160,51,211,356
10/28/2020,BKV,FL,ASO,ES,Federal Contract Tower,0,0,28,16,44,0,2,123,8,133,0,2,151,24,177,179,18,197,374
10/29/2020,BKV,FL,ASO,ES,Federal Contract Tower,0,3,20,4,27,0,1,18,8,27,0,4,38,12,54,14,38,52,106
10/30/2020,BKV,FL,ASO,ES,Federal Contract Tower,0,3,10,0,13,0,4,142,3,149,0,7,152,3,162,108,1,109,271
10/31/2020,BKV,FL,ASO,ES,Federal Contract Tower,0,2,12,0,14,0,2,141,0,143,0,4,153,0,157,93,0,93,250
11/01/2020,BKV,FL,ASO,ES,Federal Contract Tower,0,4,5,0,9,0,1,57,0,58,0,5,62,0,67,95,0,95,162
11/02/2020,BKV,FL,ASO,ES,Federal Contract Tower,0,0,4,0,4,0,4,28,8,40,0,4,32,8,44,11,19,30,74
11/03/2020,BKV,FL,ASO,ES,Federal Contract Tower,0,1,24,5,30,0,1,84,4,89,0,2,108,9,119,162,41,203,322
11/04/2020,BKV,FL,ASO,ES,Federal Contract Tower,0,0,9,4,13,0,2,65,8,75,0,2,74,12,88,86,72,158,246
11/05/2020,BKV,FL,ASO,ES,Federal Contract Tower,0,3,9,1,13,0,2,84,5,91,0,5,93,6,104,96,46,142,246
11/06/2020,BKV,FL,ASO,ES,Federal Contract Tower,0,2,10,1,13,0,3,95,3,101,0,5,105,4,114,63,14,77,191
11/07/2020,BKV,FL,ASO,ES,Federal Contract Tower,0,3,10,0,13,0,0,53,2,55,0,3,63,2,68,30,0,30,98
11/08/2020,BKV,FL,ASO,ES,Federal Contract Tower,0,2,6,5,13,0,0,14,1,15,0,2,20,6,28,58,4,62,90
11/09/2020,BKV,FL,ASO,ES,Federal Contract Tower,0,0,3,0,3,0,0,1,4,5,0,0,4,4,8,0,20,20,28
11/10/2020,BKV,FL,ASO,ES,Federal Contract Tower,0,1,20,10,31,0,0,14,13,27,0,1,34,23,58,3,109,112,170
11/11/2020,BKV,FL,ASO,ES,Federal Contract Tower,0,1,3,0,4,0,0,2,0,2,0,1,5,0,6,0,0,0,6
11/12/2020,BKV,FL,ASO,ES,Federal Contract Tower,0,4,4,0,8,0,0,13,0,13,0,4,17,0,21,35,0,35,56
11/13/2020,BKV,FL,ASO,ES,Federal Contract Tower,0,1,19,0,20,0,3,123,3,129,0,4,142,3,149,196,56,252,401
11/14/2020,BKV,FL,ASO,ES,Federal Contract Tower,0,0,18,0,18,0,5,84,4,93,0,5,102,4,111,164,18,182,293
11/15/2020,BKV,FL,ASO,ES,Federal Contract Tower,0,2,15,0,17,0,0,88,0,88,0,2,103,0,105,143,0,143,248
11/16/2020,BKV,FL,ASO,ES,Federal Contract Tower,0,5,17,0,22,0,4,44,10,58,0,9,61,10,80,102,50,152,232
11/17/2020,BKV,FL,ASO,ES,Federal Contract Tower,0,3,12,3,18,0,0,77,15,92,0,3,89,18,110,44,20,64,174
11/18/2020,BKV,FL,ASO,ES,Federal Contract Tower,0,3,12,3,18,0,0,77,15,92,0,3,89,18,110,44,20,64,174
11/19/2020,BKV,FL,ASO,ES,Federal Contract Tower,0,5,12,1,18,0,3,93,13,109,0,8,105,14,127,45,28,73,200
11/20/2020,BKV,FL,ASO,ES,Federal Contract Tower,0,2,13,0,15,0,3,105,1,109,0,5,118,1,124,63,0,63,187
11/21/2020,BKV,FL,ASO,ES,Federal Contract Tower,0,0,22,0,22,0,4,36,0,40,0,4,58,0,62,52,0,52,114
11/22/2020,BKV,FL,ASO,ES,Federal Contract Tower,0,2,18,0,20,0,2,45,0,47,0,4,63,0,67,68,0,68,135
11/23/2020,BKV,FL,ASO,ES,Federal Contract Tower,0,3,21,5,29,0,6,101,22,129,0,9,122,27,158,166,30,196,354
11/24/2020,BKV,FL,ASO,ES,Federal Contract Tower,0,0,16,0,16,0,2,131,10,143,0,2,147,10,159,149,53,202,361
11/25/2020,BKV,FL,ASO,ES,Federal Contract Tower,0,0,16,0,16,0,7,134,1,142,0,7,150,1,158,139,9,148,306
11/26/2020,BKV,FL,ASO,ES,Federal Contract Tower,0,4,6,0,10,0,4,41,0,45,0,8,47,0,55,58,0,58,113
11/27/2020,BKV,FL,ASO,ES,Federal Contract Tower,0,3,7,0,10,0,4,112,2,118,0,7,119,2,128,141,13,154,282
11/28/2020,BKV,FL,ASO,ES,Federal Contract Tower,0,1,15,0,16,0,3,108,0,111,0,4,123,0,127,166,0,166,293
11/29/2020,BKV,FL,ASO,ES,Federal Contract Tower,0,1,14,0,15,0,3,107,0,110,0,4,121,0,125,130,0,130,255
11/30/2020,BKV,FL,ASO,ES,Federal Contract Tower,0,1,7,0,8,0,0,13,9,22,0,1,20,9,30,23,82,105,135
12/01/2020,BKV,FL,ASO,ES,Federal Contract Tower,0,1,10,2,13,0,7,74,4,85,0,8,84,6,98,131,38,169,267
12/02/2020,BKV,FL,ASO,ES,Federal Contract Tower,0,0,14,6,20,0,9,100,15,124,0,9,114,21,144,196,37,233,377
12/03/2020,BKV,FL,ASO,ES,Federal Contract Tower,0,1,15,5,21,0,3,137,19,159,0,4,152,24,180,146,66,212,392
12/04/2020,BKV,FL,ASO,ES,Federal Contract Tower,0,2,17,0,19,0,1,83,18,102,0,3,100,18,121,309,0,309,430
12/05/2020,BKV,FL,ASO,ES,Federal Contract Tower,0,0,7,0,7,0,0,125,0,125,0,0,132,0,132,199,0,199,331
12/06/2020,BKV,FL,ASO,ES,Federal Contract Tower,0,0,15,0,15,0,5,109,0,114,0,5,124,0,129,192,0,192,321
12/07/2020,BKV,FL,ASO,ES,Federal Contract Tower,0,2,17,2,21,0,0,15,0,15,0,2,32,2,36,22,42,64,100
12/08/2020,BKV,FL,ASO,ES,Federal Contract Tower,0,3,9,1,13,0,5,130,11,146,0,8,139,12,159,210,9,219,378
12/09/2020,BKV,FL,ASO,ES,Federal Contract Tower,0,2,20,1,23,0,1,115,9,125,0,3,135,10,148,192,41,233,381
12/10/2020,BKV,FL,ASO,ES,Federal Contract Tower,0,4,11,0,15,0,7,128,13,148,0,11,139,13,163,177,34,211,374
12/11/2020,BKV,FL,ASO,ES,Federal Contract Tower,0,3,7,0,10,0,8,111,0,119,0,11,118,0,129,207,0,207,336
12/12/2020,BKV,FL,ASO,ES,Federal Contract Tower,0,3,18,0,21,0,4,66,0,70,0,7,84,0,91,94,0,94,185
12/13/2020,BKV,FL,ASO,ES,Federal Contract Tower,0,4,13,2,19,0,3,77,0,80,0,7,90,2,99,87,0,87,186
12/14/2020,BKV,FL,ASO,ES,Federal Contract Tower,0,1,14,0,15,0,2,12,4,18,0,3,26,4,33,24,37,61,94
12/15/2020,BKV,FL,ASO,ES,Federal Contract Tower,0,3,11,0,14,0,4,100,11,115,0,7,111,11,129,136,19,155,284
12/16/2020,BKV,FL,ASO,ES,Federal Contract Tower,0,3,16,0,19,0,0,16,3,19,0,3,32,3,38,38,56,94,132
12/17/2020,BKV,FL,ASO,ES,Federal Contract Tower,0,2,15,7,24,0,3,39,8,50,0,5,54,15,74,44,32,76,150
12/18/2020,BKV,FL,ASO,ES,Federal Contract Tower,0,2,7,0,9,0,1,89,3,93,0,3,96,3,102,99,0,99,201
12/19/2020,BKV,FL,ASO,ES,Federal Contract Tower,0,1,17,0,18,0,3,123,2,128,0,4,140,2,146,102,31,133,279
12/20/2020,BKV,FL,ASO,ES,Federal Contract Tower,0,3,13,0,16,0,0,26,0,26,0,3,39,0,42,11,0,11,53
12/21/2020,BKV,FL,ASO,ES,Federal Contract Tower,0,0,10,0,10,0,0,71,2,73,0,0,81,2,83,110,0,110,193
12/22/2020,BKV,FL,ASO,ES,Federal Contract Tower,0,3,9,2,14,0,4,150,5,159,0,7,159,7,173,142,2,144,317
12/23/2020,BKV,FL,ASO,ES,Federal Contract Tower,0,0,8,0,8,0,3,111,0,114,0,3,119,0,122,152,0,152,274
12/24/2020,BKV,FL,ASO,ES,Federal Contract Tower,0,0,3,0,3,0,2,15,0,17,0,2,18,0,20,7,0,7,27
12/25/2020,BKV,FL,ASO,ES,Federal Contract Tower,0,1,1,0,2,0,4,12,0,16,0,5,13,0,18,18,0,18,36
12/26/2020,BKV,FL,ASO,ES,Federal Contract Tower,0,0,10,1,11,0,0,106,1,107,0,0,116,2,118,95,8,103,221
12/27/2020,BKV,FL,ASO,ES,Federal Contract Tower,0,1,20,0,21,0,4,73,0,77,0,5,93,0,98,102,1,103,201
12/28/2020,BKV,FL,ASO,ES,Federal Contract Tower,0,1,12,0,13,0,3,101,3,107,0,4,113,3,120,123,24,147,267
12/29/2020,BKV,FL,ASO,ES,Federal Contract Tower,0,0,7,0,7,0,3,101,0,104,0,3,108,0,111,187,0,187,298
12/30/2020,BKV,FL,ASO,ES,Federal Contract Tower,0,0,17,0,17,0,2,106,3,111,0,2,123,3,128,136,16,152,280
12/31/2020,BKV,FL,ASO,ES,Federal Contract Tower,0,0,6,0,6,0,2,59,1,62,0,2,65,1,68,72,0,72,140
01/01/2021,BKV,FL,ASO,ES,Federal Contract Tower,0,0,2,0,2,0,2,11,0,13,0,2,13,0,15,34,0,34,49
01/02/2021,BKV,FL,ASO,ES,Federal Contract Tower,0,2,13,0,15,0,1,14,0,15,0,3,27,0,30,24,0,24,54
01/03/2021,BKV,FL,ASO,ES,Federal Contract Tower,0,0,8,0,8,0,5,39,0,44,0,5,47,0,52,20,0,20,72
01/04/2021,BKV,FL,ASO,ES,Federal Contract Tower,0,1,10,0,11,0,2,81,0,83,0,3,91,0,94,112,0,112,206
01/05/2021,BKV,FL,ASO,ES,Federal Contract Tower,0,1,14,0,15,0,1,98,10,109,0,2,112,10,124,64,33,97,221
01/06/2021,BKV,FL,ASO,ES,Federal Contract Tower,0,2,9,6,17,0,6,134,12,152,0,8,143,18,169,102,67,169,338
01/07/2021,BKV,FL,ASO,ES,Federal Contract Tower,0,3,8,7,18,0,2,66,2,70,0,5,74,9,88,75,12,87,175
01/08/2021,BKV,FL,ASO,ES,Federal Contract Tower,0,0,15,0,15,0,2,36,14,52,0,2,51,14,67,109,37,146,213
01/09/2021,BKV,FL,ASO,ES,Federal Contract Tower,0,2,12,0,14,0,2,72,0,74,0,4,84,0,88,66,0,66,154
01/10/2021,BKV,FL,ASO,ES,Federal Contract Tower,0,0,6,1,7,0,0,84,7,91,0,0,90,8,98,55,14,69,167
01/11/2021,BKV,FL,ASO,ES,Federal Contract Tower,0,3,8,0,11,0,1,81,8,90,0,4,89,8,101,110,87,197,298
01/12/2021,BKV,FL,ASO,ES,Federal Contract Tower,0,0,23,2,25,0,4,11,9,24,0,4,34,11,49,9,86,95,144
01/13/2021,BKV,FL,ASO,ES,Federal Contract Tower,0,1,16,0,17,0,3,36,9,48,0,4,52,9,65,121,22,143,208
01/14/2021,BKV,FL,ASO,ES,Federal Contract Tower,0,2,21,4,27,0,3,82,7,92,0,5,103,11,119,143,29,172,291
01/15/2021,BKV,FL,ASO,ES,Federal Contract Tower,0,0,9,0,9,0,1,36,8,45,0,1,45,8,54,108,28,136,190
01/16/2021,BKV,FL,ASO,ES,Federal Contract Tower,0,1,12,0,13,0,0,71,2,73,0,1,83,2,86,111,0,111,197
01/17/2021,BKV,FL,ASO,ES,Federal Contract Tower,0,0,5,0,5,0,0,90,2,92,0,0,95,2,97,180,0,180,277
01/18/2021,BKV,FL,ASO,ES,Federal Contract Tower,0,1,7,0,8,0,2,91,0,93,0,3,98,0,101,178,0,178,279
01/19/2021,BKV,FL,ASO,ES,Federal Contract Tower,0,2,14,6,22,0,2,127,13,142,0,4,141,19,164,190,100,290,454
01/20/2021,BKV,FL,ASO,ES,Federal Contract Tower,0,3,11,2,16,0,2,128,17,147,0,5,139,19,163,153,112,265,428
01/21/2021,BKV,FL,ASO,ES,Federal Contract Tower,0,1,21,3,25,0,3,100,24,127,0,4,121,27,152,180,66,246,398
01/22/2021,BKV,FL,ASO,ES,Federal Contract Tower,0,2,10,7,19,0,7,90,16,113,0,9,100,23,132,190,6,196,328
01/23/2021,BKV,FL,ASO,ES,Federal Contract Tower,0,1,9,3,13,0,1,2,1,4,0,2,11,4,17,0,0,0,17
01/24/2021,BKV,FL,ASO,ES,Federal Contract Tower,0,4,14,0,18,0,6,79,2,87,0,10,93,2,105,129,0,129,234
01/25/2021,BKV,FL,ASO,ES,Federal Contract Tower,0,4,9,15,28,0,0,53,8,61,0,4,62,23,89,133,54,187,276
01/26/2021,BKV,FL,ASO,ES,Federal Contract Tower,0,2,25,4,31,0,6,94,11,111,0,8,119,15,142,225,25,250,392
01/27/2021,BKV,FL,ASO,ES,Federal Contract Tower,0,0,26,3,29,0,0,42,8,50,0,0,68,11,79,125,8,133,212
01/28/2021,BKV,FL,ASO,ES,Federal Contract Tower,0,0,10,1,11,0,1,100,11,112,0,1,110,12,123,140,13,153,276
01/29/2021,BKV,FL,ASO,ES,Federal Contract Tower,0,1,8,5,14,0,1,139,2,142,0,2,147,7,156,266,14,280,436
01/30/2021,BKV,FL,ASO,ES,Federal Contract Tower,0,2,8,0,10,0,3,98,2,103,0,5,106,2,113,115,21,136,249
01/31/2021,BKV,FL,ASO,ES,Federal Contract Tower,0,1,6,0,7,0,2,42,0,44,0,3,48,0,51,37,0,37,88
02/01/2021,BKV,FL,ASO,ES,Federal Contract Tower,0,2,11,1,14,0,2,11,12,25,0,4,22,13,39,4,29,33,72
02/02/2021,BKV,FL,ASO,ES,Federal Contract Tower,0,0,9,2,11,0,3,19,9,31,0,3,28,11,42,4,22,26,68
02/03/2021,BKV,FL,ASO,ES,Federal Contract Tower,0,2,7,0,9,0,1,64,3,68,0,3,71,3,77,99,0,99,176
02/04/2021,BKV,FL,ASO,ES,Federal Contract Tower,0,0,7,0,7,0,2,90,36,128,0,2,97,36,135,207,115,322,457
02/05/2021,BKV,FL,ASO,ES,Federal Contract Tower,0,0,13,0,13,0,0,63,4,67,0,0,76,4,80,49,8,57,137
02/06/2021,BKV,FL,ASO,ES,Federal Contract Tower,0,0,10,0,10,0,4,7,0,11,0,4,17,0,21,6,0,6,27
02/07/2021,BKV,FL,ASO,ES,Federal Contract Tower,0,0,9,0,9,0,0,6,0,6,0,0,15,0,15,6,0,6,21
02/08/2021,BKV,FL,ASO,ES,Federal Contract Tower,0,4,20,0,24,0,2,43,0,45,0,6,63,0,69,122,0,122,191
02/09/2021,BKV,FL,ASO,ES,Federal Contract Tower,0,0,16,0,16,0,2,38,5,45,0,2,54,5,61,94,3,97,158
02/10/2021,BKV,FL,ASO,ES,Federal Contract Tower,0,5,18,0,23,0,5,119,14,138,0,10,137,14,161,245,58,303,464
02/11/2021,BKV,FL,ASO,ES,Federal Contract Tower,0,4,14,3,21,0,1,85,19,105,0,5,99,22,126,249,110,359,485
02/12/2021,BKV,FL,ASO,ES,Federal Contract Tower,0,1,25,0,26,0,0,105,3,108,0,1,130,3,134,138,22,160,294
02/13/2021,BKV,FL,ASO,ES,Federal Contract Tower,0,3,12,0,15,0,1,23,0,24,0,4,35,0,39,18,0,18,57
02/14/2021,BKV,FL,ASO,ES,Federal Contract Tower,0,1,2,0,3,0,0,6,0,6,0,1,8,0,9,0,0,0,9
02/15/2021,BKV,FL,ASO,ES,Federal Contract Tower,0,0,6,0,6,0,0,22,4,26,0,0,28,4,32,44,24,68,100
02/16/2021,BKV,FL,ASO,ES,Federal Contract Tower,0,0,22,1,23,0,6,36,5,47,0,6,58,6,70,51,21,72,142
02/17/2021,BKV,FL,ASO,ES,Federal Contract Tower,0,2,33,3,38,0,3,38,13,54,0,5,71,16,92,41,22,63,155
02/18/2021,BKV,FL,ASO,ES,Federal Contract Tower,0,1,14,0,15,0,3,42,2,47,0,4,56,2,62,36,0,36,98
02/19/2021,BKV,FL,ASO,ES,Federal Contract Tower,0,1,13,0,14,0,0,2,0,2,0,1,15,0,16,0,0,0,16
02/20/2021,BKV,FL,ASO,ES,Federal Contract Tower,0,2,13,2,17,0,2,156,3,161,0,4,169,5,178,162,8,170,348
02/21/2021,BKV,FL,ASO,ES,Federal Contract Tower,0,1,16,0,17,0,0,67,2,69,0,1,83,2,86,61,11,72,158
02/22/2021,BKV,FL,ASO,ES,Federal Contract Tower,0,1,16,3,20,0,3,57,10,70,0,4,73,13,90,56,172,228,318
02/23/2021,BKV,FL,ASO,ES,Federal Contract Tower,0,2,13,6,21,0,1,112,10,123,0,3,125,16,144,116,18,134,278
02/24/2021,BKV,FL,ASO,ES,Federal Contract Tower,0,5,16,3,24,0,1,144,1,146,0,6,160,4,170,213,24,237,407
02/25/2021,BKV,FL,ASO,ES,Federal Contract Tower,0,3,6,0,9,0,0,90,20,110,0,3,96,20,119,268,39,307,426
02/26/2021,BKV,FL,ASO,ES,Federal Contract Tower,0,3,18,1,22,0,0,103,4,107,0,3,121,5,129,90,36,126,255
02/27/2021,BKV,FL,ASO,ES,Federal Contract Tower,0,0,10,0,10,0,2,109,0,111,0,2,119,0,121,77,0,77,198
02/28/2021,BKV,FL,ASO,ES,Federal Contract Tower,0,2,8,0,10,0,3,65,0,68,0,5,73,0,78,116,0,116,194
03/01/2021,BKV,FL,ASO,ES,Federal Contract Tower,0,0,18,5,23,0,3,39,8,50,0,3,57,13,73,169,45,214,287
03/02/2021,BKV,FL,ASO,ES,Federal Contract Tower,0,2,27,2,31,0,0,56,1,57,0,2,83,3,88,81,4,85,173
03/03/2021,BKV,FL,ASO,ES,Federal Contract Tower,0,0,16,0,16,0,2,27,14,43,0,2,43,14,59,42,33,75,134
03/04/2021,BKV,FL,ASO,ES,Federal Contract Tower,0,1,20,1,22,0,3,107,21,131,0,4,127,22,153,126,18,144,297
03/05/2021,BKV,FL,ASO,ES,Federal Contract Tower,0,2,16,6,24,0,2,117,8,127,0,4,133,14,151,200,37,237,388
03/06/2021,BKV,FL,ASO,ES,Federal Contract Tower,0,0,6,0,6,0,0,9,0,9,0,0,15,0,15,26,0,26,41
03/07/2021,BKV,FL,ASO,ES,Federal Contract Tower,0,1,11,0,12,0,2,55,0,57,0,3,66,0,69,111,0,111,180
03/08/2021,BKV,FL,ASO,ES,Federal Contract Tower,0,0,11,0,11,0,2,64,4,70,0,2,75,4,81,42,46,88,169
03/09/2021,BKV,FL,ASO,ES,Federal Contract Tower,0,1,8,1,10,0,2,129,8,139,0,3,137,9,149,138,47,185,334
03/10/2021,BKV,FL,ASO,ES,Federal Contract Tower,0,0,10,3,13,0,1,102,24,127,0,1,112,27,140,218,79,297,437
03/11/2021,BKV,FL,ASO,ES,Federal Contract Tower,0,1,17,0,18,0,1,111,14,126,0,2,128,14,144,239,20,259,403
03/12/2021,BKV,FL,ASO,ES,Federal Contract Tower,0,2,20,0,22,0,0,127,8,135,0,2,147,8,157,281,73,354,511
03/13/2021,BKV,FL,ASO,ES,Federal Contract Tower,0,0,8,1,9,0,1,157,0,158,0,1,165,1,167,157,0,157,324
03/14/2021,BKV,FL,ASO,ES,Federal Contract Tower,0,2,11,0,13,0,2,123,1,126,0,4,134,1,139,148,0,148,287
03/15/2021,BKV,FL,ASO,ES,Federal Contract Tower,0,2,16,0,18,0,3,114,5,122,0,5,130,5,140,246,101,347,487
03/16/2021,BKV,FL,ASO,ES,Federal Contract Tower,0,0,6,2,8,0,1,100,7,108,0,1,106,9,116,161,51,212,328
03/17/2021,BKV,FL,ASO,ES,Federal Contract Tower,0,1,8,1,10,0,5,73,18,96,0,6,81,19,106,125,72,197,303
03/18/2021,BKV,FL,ASO,ES,Federal Contract Tower,0,3,12,0,15,0,0,2,0,2,0,3,14,0,17,16,0,16,33
03/19/2021,BKV,FL,ASO,ES,Federal Contract Tower,0,4,11,1,16,0,8,56,6,70,0,12,67,7,86,95,41,136,222
03/20/2021,BKV,FL,ASO,ES,Federal Contract Tower,0,1,21,0,22,0,4,49,0,53,0,5,70,0,75,50,0,50,125
03/21/2021,BKV,FL,ASO,ES,Federal Contract Tower,0,3,25,0,28,0,2,13,0,15,0,5,38,0,43,62,0,62,105
03/22/2021,BKV,FL,ASO,ES,Federal Contract Tower,0,1,30,0,31,0,1,17,0,18,0,2,47,0,49,59,0,59,108
03/23/2021,BKV,FL,ASO,ES,Federal Contract Tower,0,2,13,4,19,0,2,85,20,107,0,4,98,24,126,242,101,343,469
03/24/2021,BKV,FL,ASO,ES,Federal Contract Tower,0,7,11,0,18,0,0,138,7,145,0,7,149,7,163,218,66,284,447
03/25/2021,BKV,FL,ASO,ES,Federal Contract Tower,0,1,10,0,11,0,2,86,22,110,0,3,96,22,121,101,117,218,339
03/26/2021,BKV,FL,ASO,ES,Federal Contract Tower,0,0,22,3,25,0,4,72,1,77,0,4,94,4,102,185,0,185,287
03/27/2021,BKV,FL,ASO,ES,Federal Contract Tower,0,0,5,0,5,0,2,138,0,140,0,2,143,0,145,217,0,217,362
03/28/2021,BKV,FL,ASO,ES,Federal Contract Tower,0,1,17,0,18,0,1,52,0,53,0,2,69,0,71,46,0,46,117
03/29/2021,BKV,FL,ASO,ES,Federal Contract Tower,0,2,10,2,14,0,0,35,4,39,0,2,45,6,53,82,55,137,190
03/30/2021,BKV,FL,ASO,ES,Federal Contract Tower,0,3,19,0,22,0,2,84,4,90,0,5,103,4,112,199,18,217,329
03/31/2021,BKV,FL,ASO,ES,Federal Contract Tower,0,4,6,0,10,0,1,85,1,87,0,5,91,1,97,207,23,230,327
04/01/2021,BKV,FL,ASO,ES,Federal Contract Tower,0,2,8,0,10,0,3,12,3,18,0,5,20,3,28,13,43,56,84
04/02/2021,BKV,FL,ASO,ES,Federal Contract Tower,0,1,10,0,11,0,3,82,12,97,0,4,92,12,108,38,49,87,195
04/03/2021,BKV,FL,ASO,ES,Federal Contract Tower,0,2,18,0,20,0,4,94,2,100,0,6,112,2,120,71,8,79,199
04/04/2021,BKV,FL,ASO,ES,Federal Contract Tower,0,1,8,0,9,0,0,73,0,73,0,1,81,0,82,150,0,150,232
04/05/2021,BKV,FL,ASO,ES,Federal Contract Tower,0,0,2,1,3,0,3,84,4,91,0,3,86,5,94,101,67,168,262
04/06/2021,BKV,FL,ASO,ES,Federal Contract Tower,0,1,13,14,28,0,4,92,8,104,0,5,105,22,132,170,42,212,344
04/07/2021,BKV,FL,ASO,ES,Federal Contract Tower,0,4,21,0,25,0,1,100,22,123,0,5,121,22,148,188,71,259,407
04/08/2021,BKV,FL,ASO,ES,Federal Contract Tower,0,3,14,1,18,0,2,105,14,121,0,5,119,15,139,113,89,202,341
04/09/2021,BKV,FL,ASO,ES,Federal Contract Tower,0,0,18,2,20,0,4,106,5,115,0,4,124,7,135,142,0,142,277
04/10/2021,BKV,FL,ASO,ES,Federal Contract Tower,0,2,5,0,7,0,0,51,0,51,0,2,56,0,58,29,0,29,87
04/11/2021,BKV,FL,ASO,ES,Federal Contract Tower,0,1,7,0,8,0,0,3,0,3,0,1,10,0,11,12,0,12,23
04/12/2021,BKV,FL,ASO,ES,Federal Contract Tower,0,4,12,2,18,0,1,94,8,103,0,5,106,10,121,164,56,220,341
04/13/2021,BKV,FL,ASO,ES,Federal Contract Tower,0,2,21,1,24,0,0,93,6,99,0,2,114,7,123,134,55,189,312
04/14/2021,BKV,FL,ASO,ES,Federal Contract Tower,0,7,5,9,21,0,3,136,7,146,0,10,141,16,167,126,75,201,368
04/15/2021,BKV,FL,ASO,ES,Federal Contract Tower,0,6,20,0,26,0,5,87,19,111,0,11,107,19,137,69,107,176,313
04/16/2021,BKV,FL,ASO,ES,Federal Contract Tower,0,0,19,1,20,0,3,53,7,63,0,3,72,8,83,71,6,77,160
04/17/2021,BKV,FL,ASO,ES,Federal Contract Tower,0,2,16,1,19,0,0,34,5,39,0,2,50,6,58,29,6,35,93
04/18/2021,BKV,FL,ASO,ES,Federal Contract Tower,0,1,13,0,14,0,2,15,0,17,0,3,28,0,31,10,0,10,41
04/19/2021,BKV,FL,ASO,ES,Federal Contract Tower,0,0,8,4,12,0,0,16,4,20,0,0,24,8,32,2,34,36,68
04/20/2021,BKV,FL,ASO,ES,Federal Contract Tower,0,1,11,0,12,0,0,2,0,2,0,1,13,0,14,0,0,0,14
04/21/2021,BKV,FL,ASO,ES,Federal Contract Tower,0,3,20,1,24,0,3,132,14,149,0,6,152,15,173,114,52,166,339
04/22/2021,BKV,FL,ASO,ES,Federal Contract Tower,0,0,15,0,15,0,3,122,19,144,0,3,137,19,159,180,27,207,366
04/23/2021,BKV,FL,ASO,ES,Federal Contract Tower,0,2,12,0,14,0,0,115,6,121,0,2,127,6,135,177,18,195,330
04/24/2021,BKV,FL,ASO,ES,Federal Contract Tower,0,3,10,0,13,0,2,60,0,62,0,5,70,0,75,84,0,84,159
04/25/2021,BKV,FL,ASO,ES,Federal Contract Tower,0,2,10,0,12,0,2,39,0,41,0,4,49,0,53,86,0,86,139
04/26/2021,BKV,FL,ASO,ES,Federal Contract Tower,0,1,13,0,14,0,5,108,6,119,0,6,121,6,133,168,19,187,320
04/27/2021,BKV,FL,ASO,ES,Federal Contract Tower,0,1,4,6,11,0,5,110,7,122,0,6,114,13,133,144,16,160,293
04/28/2021,BKV,FL,ASO,ES,Federal Contract Tower,0,1,14,8,23,0,0,109,22,131,0,1,123,30,154,124,34,158,312
04/29/2021,BKV,FL,ASO,ES,Federal Contract Tower,0,7,16,0,23,0,5,123,18,146,0,12,139,18,169,98,44,142,311
04/30/2021,BKV,FL,ASO,ES,Federal Contract Tower,0,2,18,0,20,0,4,112,2,118,0,6,130,2,138,151,12,163,301
05/01/2021,BKV,FL,ASO,ES,Federal Contract Tower,0,2,5,0,7,0,4,103,2,109,0,6,108,2,116,100,0,100,216
05/02/2021,BKV,FL,ASO,ES,Federal Contract Tower,0,6,8,0,14,0,3,41,2,46,0,9,49,2,60,65,2,67,127
05/03/2021,BKV,FL,ASO,ES,Federal Contract Tower,0,0,3,2,5,0,3,74,6,83,0,3,77,8,88,114,40,154,242
05/04/2021,BKV,FL,ASO,ES,Federal Contract Tower,0,4,20,2,26,0,16,102,1,119,0,20,122,3,145,105,2,107,252
05/05/2021,BKV,FL,ASO,ES,Federal Contract Tower,0,3,28,2,33,0,3,97,6,106,0,6,125,8,139,178,58,236,375
05/06/2021,BKV,FL,ASO,ES,Federal Contract Tower,0,3,11,0,14,0,3,62,2,67,0,6,73,2,81,47,52,99,180
05/07/2021,BKV,FL,ASO,ES,Federal Contract Tower,0,1,1,0,2,0,3,119,7,129,0,4,120,7,131,66,16,82,213
05/08/2021,BKV,FL,ASO,ES,Federal Contract Tower,0,2,9,0,11,0,0,151,0,151,0,2,160,0,162,127,0,127,289
05/09/2021,BKV,FL,ASO,ES,Federal Contract Tower,0,2,9,0,11,0,1,98,0,99,0,3,107,0,110,107,0,107,217
05/10/2021,BKV,FL,ASO,ES,Federal Contract Tower,0,0,22,4,26,0,3,84,15,102,0,3,106,19,128,102,32,134,262
05/11/2021,BKV,FL,ASO,ES,Federal Contract Tower,0,0,8,2,10,0,0,90,6,96,0,0,98,8,106,121,46,167,273
05/12/2021,BKV,FL,ASO,ES,Federal Contract Tower,0,4,18,0,22,0,0,94,12,106,0,4,112,12,128,196,37,233,361
05/13/2021,BKV,FL,ASO,ES,Federal Contract Tower,0,1,40,2,43,0,0,32,6,38,0,1,72,8,81,60,76,136,217
05/14/2021,BKV,FL,ASO,ES,Federal Contract Tower,0,2,12,0,14,0,2,121,14,137,0,4,133,14,151,154,45,199,350
05/15/2021,BKV,FL,ASO,ES,Federal Contract Tower,0,0,12,0,12,0,7,105,0,112,0,7,117,0,124,69,0,69,193
05/16/2021,BKV,FL,ASO,ES,Federal Contract Tower,0,0,19,0,19,0,4,62,0,66,0,4,81,0,85,52,0,52,137
05/17/2021,BKV,FL,ASO,ES,Federal Contract Tower,0,1,6,8,15,0,3,80,5,88,0,4,86,13,103,139,43,182,285
05/18/2021,BKV,FL,ASO,ES,Federal Contract Tower,0,7,14,0,21,0,1,72,6,79,0,8,86,6,100,58,43,101,201
05/19/2021,BKV,FL,ASO,ES,Federal Contract Tower,0,4,16,5,25,0,8,53,30,91,0,12,69,35,116,48,96,144,260
05/20/2021,BKV,FL,ASO,ES,Federal Contract Tower,0,2,23,0,25,0,2,37,6,45,0,4,60,6,70,14,6,20,90
05/21/2021,BKV,FL,ASO,ES,Federal Contract Tower,0,2,7,0,9,0,2,64,1,67,0,4,71,1,76,64,0,64,140
05/22/2021,BKV,FL,ASO,ES,Federal Contract Tower,0,1,11,1,13,0,1,73,3,77,0,2,84,4,90,86,0,86,176
05/23/2021,BKV,FL,ASO,ES,Federal Contract Tower,0,3,25,3,31,0,2,88,0,90,0,5,113,3,121,188,0,188,309
05/24/2021,BKV,FL,ASO,ES,Federal Contract Tower,0,3,14,0,17,0,4,124,11,139,0,7,138,11,156,145,44,189,345
05/25/2021,BKV,FL,ASO,ES,Federal Contract Tower,0,3,13,1,17,0,3,100,4,107,0,6,113,5,124,156,30,186,310
05/26/2021,BKV,FL,ASO,ES,Federal Contract Tower,0,4,3,1,8,0,0,99,5,104,0,4,102,6,112,206,11,217,329
05/27/2021,BKV,FL,ASO,ES,Federal Contract Tower,0,4,9,0,13,0,11,92,3,106,0,15,101,3,119,186,8,194,313
05/28/2021,BKV,FL,ASO,ES,Federal Contract Tower,0,0,15,0,15,0,3,90,2,95,0,3,105,2,110,181,20,201,311
05/29/2021,BKV,FL,ASO,ES,Federal Contract Tower,0,2,10,0,12,0,0,67,0,67,0,2,77,0,79,107,0,107,186
05/30/2021,BKV,FL,ASO,ES,Federal Contract Tower,0,4,6,0,10,0,3,55,0,58,0,7,61,0,68,72,0,72,140
05/31/2021,BKV,FL,ASO,ES,Federal Contract Tower,0,0,5,0,5,0,1,57,0,58,0,1,62,0,63,56,0,56,119
06/01/2021,BKV,FL,ASO,ES,Federal Contract Tower,0,1,14,0,15,0,3,63,9,75,0,4,77,9,90,79,51,130,220
06/02/2021,BKV,FL,ASO,ES,Federal Contract Tower,0,0,15,0,15,0,2,57,8,67,0,2,72,8,82,99,62,161,243
06/03/2021,BKV,FL,ASO,ES,Federal Contract Tower,0,1,9,1,11,0,5,90,12,107,0,6,99,13,118,115,8,123,241
06/04/2021,BKV,FL,ASO,ES,Federal Contract Tower,0,2,14,2,18,0,1,47,8,56,0,3,61,10,74,34,2,36,110
06/05/2021,BKV,FL,ASO,ES,Federal Contract Tower,0,0,15,0,15,0,2,79,0,81,0,2,94,0,96,160,0,160,256
06/06/2021,BKV,FL,ASO,ES,Federal Contract Tower,0,2,14,1,17,0,1,53,1,55,0,3,67,2,72,105,2,107,179
06/07/2021,BKV,FL,ASO,ES,Federal Contract Tower,0,3,23,3,29,0,0,64,5,69,0,3,87,8,98,102,69,171,269
06/08/2021,BKV,FL,ASO,ES,Federal Contract Tower,0,2,6,0,8,0,7,130,1,138,0,9,136,1,146,111,43,154,300
06/09/2021,BKV,FL,ASO,ES,Federal Contract Tower,0,2,8,0,10,0,1,118,4,123,0,3,126,4,133,217,0,217,350
06/10/2021,BKV,FL,ASO,ES,Federal Contract Tower,0,0,13,0,13,0,1,91,6,98,0,1,104,6,111,128,26,154,265
06/11/2021,BKV,FL,ASO,ES,Federal Contract Tower,0,1,9,0,10,0,7,89,2,98,0,8,98,2,108,208,12,220,328
06/12/2021,BKV,FL,ASO,ES,Federal Contract Tower,0,2,9,0,11,0,3,81,0,84,0,5,90,0,95,100,0,100,195
06/13/2021,BKV,FL,ASO,ES,Federal Contract Tower,0,3,9,0,12,0,9,30,2,41,0,12,39,2,53,60,8,68,121
06/14/2021,BKV,FL,ASO,ES,Federal Contract Tower,0,7,10,0,17,0,0,34,7,41,0,7,44,7,58,63,68,131,189
06/15/2021,BKV,FL,ASO,ES,Federal Contract Tower,0,3,10,0,13,0,3,9,1,13,0,6,19,1,26,10,10,20,46
06/16/2021,BKV,FL,ASO,ES,Federal Contract Tower,0,0,20,0,20,0,4,65,1,70,0,4,85,1,90,83,34,117,207
06/17/2021,BKV,FL,ASO,ES,Federal Contract Tower,0,1,21,0,22,0,5,59,8,72,0,6,80,8,94,115,0,115,209
06/18/2021,BKV,FL,ASO,ES,Federal Contract Tower,0,2,11,2,15,0,3,111,5,119,0,5,122,7,134,95,2,97,231
06/19/2021,BKV,FL,ASO,ES,Federal Contract Tower,0,4,13,0,17,0,20,63,4,87,0,24,76,4,104,67,0,67,171
06/20/2021,BKV,FL,ASO,ES,Federal Contract Tower,0,1,10,0,11,0,3,32,0,35,0,4,42,0,46,64,6,70,116
06/21/2021,BKV,FL,ASO,ES,Federal Contract Tower,0,0,11,2,13,0,2,50,0,52,0,2,61,2,65,92,0,92,157
06/22/2021,BKV,FL,ASO,ES,Federal Contract Tower,0,3,8,0,11,0,0,48,11,59,0,3,56,11,70,69,62,131,201
06/23/2021,BKV,FL,ASO,ES,Federal Contract Tower,0,1,11,0,12,0,4,52,12,68,0,5,63,12,80,108,4,112,192
06/24/2021,BKV,FL,ASO,ES,Federal Contract Tower,0,2,9,0,11,0,0,25,2,27,0,2,34,2,38,12,0,12,50
06/25/2021,BKV,FL,ASO,ES,Federal Contract Tower,0,7,17,0,24,0,3,48,0,51,0,10,65,0,75,57,0,57,132
06/26/2021,BKV,FL,ASO,ES,Federal Contract Tower,0,2,4,0,6,0,0,57,2,59,0,2,61,2,65,64,0,64,129
06/27/2021,BKV,FL,ASO,ES,Federal Contract Tower,0,4,18,0,22,0,0,95,0,95,0,4,113,0,117,68,0,68,185
06/28/2021,BKV,FL,ASO,ES,Federal Contract Tower,0,1,24,2,27,0,1,95,2,98,0,2,119,4,125,68,13,81,206
06/29/2021,BKV,FL,ASO,ES,Federal Contract Tower,0,2,6,0,8,0,1,67,2,70,0,3,73,2,78,120,27,147,225
06/30/2021,BKV,FL,ASO,ES,Federal Contract Tower,0,0,7,0,7,0,1,41,4,46,0,1,48,4,53,63,59,122,175
07/01/2021,BKV,FL,ASO,ES,Federal Contract Tower,0,3,16,5,24,0,3,37,4,44,0,6,53,9,68,79,73,152,220
07/02/2021,BKV,FL,ASO,ES,Federal Contract Tower,0,1,19,0,20,0,4,20,0,24,0,5,39,0,44,35,0,35,79
07/03/2021,BKV,FL,ASO,ES,Federal Contract Tower,0,1,6,0,7,0,0,6,0,6,0,1,12,0,13,4,0,4,17
07/04/2021,BKV,FL,ASO,ES,Federal Contract Tower,0,2,2,0,4,0,3,15,0,18,0,5,17,0,22,6,0,6,28
07/05/2021,BKV,FL,ASO,ES,Federal Contract Tower,0,0,16,0,16,0,0,92,0,92,0,0,108,0,108,92,0,92,200
07/06/2021,BKV,FL,ASO,ES,Federal Contract Tower,0,0,4,0,4,0,0,33,0,33,0,0,37,0,37,68,0,68,105
07/07/2021,BKV,FL,ASO,ES,Federal Contract Tower,0,1,2,0,3,0,1,0,0,1,0,2,2,0,4,0,0,0,4
07/08/2021,BKV,FL,ASO,ES,Federal Contract Tower,0,6,18,0,24,0,0,27,0,27,0,6,45,0,51,36,0,36,87
07/09/2021,BKV,FL,ASO,ES,Federal Contract Tower,0,4,25,0,29,0,9,76,0,85,0,13,101,0,114,151,0,151,265
07/10/2021,BKV,FL,ASO,ES,Federal Contract Tower,0,1,7,0,8,0,2,105,0,107,0,3,112,0,115,43,0,43,158
07/11/2021,BKV,FL,ASO,ES,Federal Contract Tower,0,2,6,0,8,0,3,86,5,94,0,5,92,5,102,100,0,100,202
07/12/2021,BKV,FL,ASO,ES,Federal Contract Tower,0,3,6,1,10,0,2,63,3,68,0,5,69,4,78,74,12,86,164
07/13/2021,BKV,FL,ASO,ES,Federal Contract Tower,0,2,10,0,12,0,3,113,5,121,0,5,123,5,133,137,25,162,295
07/14/2021,BKV,FL,ASO,ES,Federal Contract Tower,0,4,4,0,8,0,20,84,4,108,0,24,88,4,116,126,18,144,260
07/15/2021,BKV,FL,ASO,ES,Federal Contract Tower,0,7,22,0,29,0,4,91,8,103,0,11,113,8,132,77,22,99,231
07/16/2021,BKV,FL,ASO,ES,Federal Contract Tower,0,0,19,2,21,0,0,169,1,170,0,0,188,3,191,243,0,243,434
07/17/2021,BKV,FL,ASO,ES,Federal Contract Tower,0,0,14,0,14,0,0,100,2,102,0,0,114,2,116,450,0,450,566
07/18/2021,BKV,FL,ASO,ES,Federal Contract Tower,0,3,17,0,20,0,9,73,0,82,0,12,90,0,102,238,0,238,340
07/19/2021,BKV,FL,ASO,ES,Federal Contract Tower,0,1,9,0,10,0,2,63,3,68,0,3,72,3,78,70,4,74,152
07/20/2021,BKV,FL,ASO,ES,Federal Contract Tower,0,4,12,1,17,0,3,85,9,97,0,7,97,10,114,107,47,154,268
07/21/2021,BKV,FL,ASO,ES,Federal Contract Tower,0,3,14,2,19,0,2,102,9,113,0,5,116,11,132,107,54,161,293
07/22/2021,BKV,FL,ASO,ES,Federal Contract Tower,0,1,16,2,19,0,2,73,9,84,0,3,89,11,103,121,37,158,261
07/23/2021,BKV,FL,ASO,ES,Federal Contract Tower,0,4,7,0,11,0,0,13,0,13,0,4,20,0,24,28,0,28,52
07/24/2021,BKV,FL,ASO,ES,Federal Contract Tower,0,1,3,0,4,0,3,57,2,62,0,4,60,2,66,118,4,122,188
07/25/2021,BKV,FL,ASO,ES,Federal Contract Tower,0,0,20,1,21,0,8,61,2,71,0,8,81,3,92,64,0,64,156
07/26/2021,BKV,FL,ASO,ES,Federal Contract Tower,0,0,12,0,12,0,3,67,5,75,0,3,79,5,87,118,41,159,246
07/27/2021,BKV,FL,ASO,ES,Federal Contract Tower,0,2,11,2,15,0,3,64,12,79,0,5,75,14,94,43,126,169,263
07/28/2021,BKV,FL,ASO,ES,Federal Contract Tower,0,3,15,1,19,0,2,39,3,44,0,5,54,4,63,49,24,73,136
07/29/2021,BKV,FL,ASO,ES,Federal Contract Tower,0,0,14,0,14,0,0,59,8,67,0,0,73,8,81,58,27,85,166
07/30/2021,BKV,FL,ASO,ES,Federal Contract Tower,0,2,23,5,30,0,2,61,25,88,0,4,84,30,118,120,27,147,265
07/31/2021,BKV,FL,ASO,ES,Federal Contract Tower,0,4,17,2,23,0,4,90,1,95,0,8,107,3,118,62,2,64,182
08/01/2021,BKV,FL,ASO,ES,Federal Contract Tower,0,9,8,0,17,0,3,46,4,53,0,12,54,4,70,26,0,26,96
08/02/2021,BKV,FL,ASO,ES,Federal Contract Tower,0,1,9,0,10,0,4,31,5,40,0,5,40,5,50,42,94,136,186
08/03/2021,BKV,FL,ASO,ES,Federal Contract Tower,0,2,3,0,5,0,2,13,0,15,0,4,16,0,20,20,0,20,40
08/04/2021,BKV,FL,ASO,ES,Federal Contract Tower,0,2,13,2,17,0,0,6,0,6,0,2,19,2,23,11,0,11,34
08/05/2021,BKV,FL,ASO,ES,Federal Contract Tower,0,2,7,1,10,0,2,54,7,63,0,4,61,8,73,36,20,56,129
08/06/2021,BKV,FL,ASO,ES,Federal Contract Tower,0,3,11,1,15,0,2,107,2,111,0,5,118,3,126,123,43,166,292
08/07/2021,BKV,FL,ASO,ES,Federal Contract Tower,0,2,9,0,11,0,5,75,0,80,0,7,84,0,91,123,0,123,214
08/08/2021,BKV,FL,ASO,ES,Federal Contract Tower,0,0,10,0,10,0,1,84,0,85,0,1,94,0,95,65,0,65,160
08/09/2021,BKV,FL,ASO,ES,Federal Contract Tower,0,0,12,0,12,0,0,62,9,71,0,0,74,9,83,151,27,178,261
08/10/2021,BKV,FL,ASO,ES,Federal Contract Tower,0,3,22,0,25,0,4,85,4,93,0,7,107,4,118,95,27,122,240
08/11/2021,BKV,FL,ASO,ES,Federal Contract Tower,0,0,12,1,13,0,2,108,4,114,0,2,120,5,127,183,2,185,312
08/12/2021,BKV,FL,ASO,ES,Federal Contract Tower,0,5,15,3,23,0,2,94,13,109,0,7,109,16,132,114,46,160,292
08/13/2021,BKV,FL,ASO,ES,Federal Contract Tower,0,2,8,1,11,0,0,77,8,85,0,2,85,9,96,76,1,77,173
08/14/2021,BKV,FL,ASO,ES,Federal Contract Tower,0,2,8,0,10,0,3,54,4,61,0,5,62,4,71,76,30,106,177
08/15/2021,BKV,FL,ASO,ES,Federal Contract Tower,0,3,4,0,7,0,6,7,0,13,0,9,11,0,20,10,0,10,30
08/16/2021,BKV,FL,ASO,ES,Federal Contract Tower,0,0,12,0,12,0,0,42,17,59,0,0,54,17,71,59,22,81,152
08/17/2021,BKV,FL,ASO,ES,Federal Contract Tower,0,2,5,0,7,0,5,111,12,128,0,7,116,12,135,124,16,140,275
08/18/2021,BKV,FL,ASO,ES,Federal Contract Tower,0,2,8,2,12,0,1,124,14,139,0,3,132,16,151,199,42,241,392
08/19/2021,BKV,FL,ASO,ES,Federal Contract Tower,0,1,10,0,11,0,3,115,12,130,0,4,125,12,141,108,28,136,277
08/20/2021,BKV,FL,ASO,ES,Federal Contract Tower,0,0,12,0,12,0,0,90,3,93,0,0,102,3,105,114,0,114,219
08/21/2021,BKV,FL,ASO,ES,Federal Contract Tower,0,2,9,0,11,0,3,75,0,78,0,5,84,0,89,62,0,62,151
08/22/2021,BKV,FL,ASO,ES,Federal Contract Tower,0,2,8,0,10,0,4,76,2,82,0,6,84,2,92,64,0,64,156
08/23/2021,BKV,FL,ASO,ES,Federal Contract Tower,0,1,12,0,13,0,4,51,4,59,0,5,63,4,72,62,20,82,154
08/24/2021,BKV,FL,ASO,ES,Federal Contract Tower,0,2,20,2,24,0,1,74,2,77,0,3,94,4,101,48,15,63,164
08/25/2021,BKV,FL,ASO,ES,Federal Contract Tower,0,0,14,0,14,0,0,116,6,122,0,0,130,6,136,54,30,84,220
08/26/2021,BKV,FL,ASO,ES,Federal Contract Tower,0,1,22,3,26,0,2,42,10,54,0,3,64,13,80,75,56,131,211
08/27/2021,BKV,FL,ASO,ES,Federal Contract Tower,0,2,15,0,17,0,1,27,2,30,0,3,42,2,47,56,0,56,103
08/28/2021,BKV,FL,ASO,ES,Federal Contract Tower,0,1,11,0,12,0,0,79,0,79,0,1,90,0,91,37,0,37,128
08/29/2021,BKV,FL,ASO,ES,Federal Contract Tower,0,3,12,0,15,0,1,50,0,51,0,4,62,0,66,76,0,76,142
08/30/2021,BKV,FL,ASO,ES,Federal Contract Tower,0,1,8,0,9,0,1,93,8,102,0,2,101,8,111,125,11,136,247
08/31/2021,BKV,FL,ASO,ES,Federal Contract Tower,0,0,9,2,11,0,3,125,2,130,0,3,134,4,141,117,8,125,266
09/01/2021,BKV,FL,ASO,ES,Federal Contract Tower,0,1,10,0,11,0,0,0,0,0,0,1,10,0,11,0,50,50,61
09/02/2021,BKV,FL,ASO,ES,Federal Contract Tower,0,2,13,0,15,0,4,33,10,47,0,6,46,10,62,46,4,50,112
09/03/2021,BKV,FL,ASO,ES,Federal Contract Tower,0,1,12,0,13,0,3,66,0,69,0,4,78,0,82,57,0,57,139
09/04/2021,BKV,FL,ASO,ES,Federal Contract Tower,0,0,11,0,11,0,2,81,0,83,0,2,92,0,94,102,0,102,196
09/05/2021,BKV,FL,ASO,ES,Federal Contract Tower,0,1,4,0,5,0,2,57,0,59,0,3,61,0,64,57,0,57,121
09/06/2021,BKV,FL,ASO,ES,Federal Contract Tower,0,1,14,0,15,0,2,76,2,80,0,3,90,2,95,58,2,60,155
09/07/2021,BKV,FL,ASO,ES,Federal Contract Tower,0,0,13,0,13,0,4,55,0,59,0,4,68,0,72,88,0,88,160
09/08/2021,BKV,FL,ASO,ES,Federal Contract Tower,0,1,12,0,13,0,1,81,10,92,0,2,93,10,105,124,42,166,271
09/09/2021,BKV,FL,ASO,ES,Federal Contract Tower,0,1,12,0,13,0,1,25,0,26,0,2,37,0,39,33,35,68,107
09/10/2021,BKV,FL,ASO,ES,Federal Contract Tower,0,1,12,2,15,0,0,94,3,97,0,1,106,5,112,85,4,89,201
09/11/2021,BKV,FL,ASO,ES,Federal Contract Tower,0,1,8,0,9,0,9,72,2,83,0,10,80,2,92,59,2,61,153
09/12/2021,BKV,FL,ASO,ES,Federal Contract Tower,0,1,8,0,9,0,0,76,0,76,0,1,84,0,85,76,0,76,161
09/13/2021,BKV,FL,ASO,ES,Federal Contract Tower,0,0,27,0,27,0,8,92,10,110,0,8,119,10,137,100,20,120,257
09/14/2021,BKV,FL,ASO,ES,Federal Contract Tower,0,2,13,0,15,0,3,97,8,108,0,5,110,8,123,110,0,110,233
09/15/2021,BKV,FL,ASO,ES,Federal Contract Tower,0,2,19,2,23,0,5,79,11,95,0,7,98,13,118,193,30,223,341
09/16/2021,BKV,FL,ASO,ES,Federal Contract Tower,0,3,12,0,15,0,2,56,12,70,0,5,68,12,85,127,79,206,291
09/17/2021,BKV,FL,ASO,ES,Federal Contract Tower,0,1,24,0,25,0,0,13,5,18,0,1,37,5,43,10,16,26,69
09/18/2021,BKV,FL,ASO,ES,Federal Contract Tower,0,1,24,0,25,0,6,22,0,28,0,7,46,0,53,39,0,39,92
09/19/2021,BKV,FL,ASO,ES,Federal Contract Tower,0,0,5,0,5,0,4,53,0,57,0,4,58,0,62,110,0,110,172
09/20/2021,BKV,FL,ASO,ES,Federal Contract Tower,0,1,11,2,14,0,2,54,3,59,0,3,65,5,73,72,25,97,170
09/21/2021,BKV,FL,ASO,ES,Federal Contract Tower,0,0,14,3,17,0,3,123,4,130,0,3,137,7,147,81,52,133,280
09/22/2021,BKV,FL,ASO,ES,Federal Contract Tower,1,1,18,0,20,0,6,67,29,102,1,7,85,29,122,95,91,186,308
09/23/2021,BKV,FL,ASO,ES,Federal Contract Tower,0,3,23,6,32,0,0,100,28,128,0,3,123,34,160,109,78,187,347
09/24/2021,BKV,FL,ASO,ES,Federal Contract Tower,0,0,19,0,19,0,3,147,9,159,0,3,166,9,178,93,61,154,332
09/25/2021,BKV,FL,ASO,ES,Federal Contract Tower,0,3,17,0,20,0,1,76,0,77,0,4,93,0,97,79,0,79,176
09/26/2021,BKV,FL,ASO,ES,Federal Contract Tower,0,4,9,2,15,0,5,107,2,114,0,9,116,4,129,36,6,42,171
09/27/2021,BKV,FL,ASO,ES,Federal Contract Tower,0,1,13,0,14,0,3,102,14,119,0,4,115,14,133,83,111,194,327
09/28/2021,BKV,FL,ASO,ES,Federal Contract Tower,0,4,11,1,16,0,2,119,7,128,0,6,130,8,144,204,138,342,486
09/29/2021,BKV,FL,ASO,ES,Federal Contract Tower,0,0,10,0,10,0,4,139,0,143,0,4,149,0,153,126,2,128,281
09/30/2021,BKV,FL,ASO,ES,Federal Contract Tower,0,6,13,2,21,0,1,121,0,122,0,7,134,2,143,91,0,91,234
10/01/2021,BKV,FL,ASO,ES,Federal Contract Tower,0,0,6,10,16,0,2,105,0,107,0,2,111,10,123,148,0,148,271
10/02/2021,BKV,FL,ASO,ES,Federal Contract Tower,0,2,5,0,7,0,3,127,0,130,0,5,132,0,137,136,0,136,273
10/03/2021,BKV,FL,ASO,ES,Federal Contract Tower,0,3,12,0,15,0,5,107,0,112,0,8,119,0,127,226,0,226,353
10/04/2021,BKV,FL,ASO,ES,Federal Contract Tower,0,1,10,1,12,0,5,104,3,112,0,6,114,4,124,123,6,129,253
10/05/2021,BKV,FL,ASO,ES,Federal Contract Tower,0,0,8,0,8,0,0,95,0,95,0,0,103,0,103,130,0,130,233
10/06/2021,BKV,FL,ASO,ES,Federal Contract Tower,0,1,5,0,6,0,2,110,2,114,0,3,115,2,120,177,0,177,297
10/07/2021,BKV,FL,ASO,ES,Federal Contract Tower,0,8,20,1,29,0,1,115,7,123,0,9,135,8,152,206,12,218,370
10/08/2021,BKV,FL,ASO,ES,Federal Contract Tower,0,4,20,0,24,0,2,66,4,72,0,6,86,4,96,61,0,61,157
10/09/2021,BKV,FL,ASO,ES,Federal Contract Tower,0,1,9,0,10,0,0,74,0,74,0,1,83,0,84,134,0,134,218
10/10/2021,BKV,FL,ASO,ES,Federal Contract Tower,0,0,15,0,15,0,2,87,0,89,0,2,102,0,104,138,0,138,242
10/11/2021,BKV,FL,ASO,ES,Federal Contract Tower,0,0,13,0,13,0,1,86,2,89,0,1,99,2,102,177,13,190,292
10/12/2021,BKV,FL,ASO,ES,Federal Contract Tower,0,0,17,1,18,0,1,107,2,110,0,1,124,3,128,137,11,148,276
10/13/2021,BKV,FL,ASO,ES,Federal Contract Tower,0,5,18,2,25,104,5,0,0,109,104,10,18,2,134,154,0,154,288
10/14/2021,BKV,FL,ASO,ES,Federal Contract Tower,0,2,22,2,26,0,0,87,6,93,0,2,109,8,119,88,14,102,221
10/15/2021,BKV,FL,ASO,ES,Federal Contract Tower,0,1,22,4,27,0,3,95,15,113,0,4,117,19,140,129,0,129,269
10/16/2021,BKV,FL,ASO,ES,Federal Contract Tower,0,3,4,0,7,0,1,74,0,75,0,4,78,0,82,79,0,79,161
10/17/2021,BKV,FL,ASO,ES,Federal Contract Tower,0,0,6,0,6,0,3,53,0,56,0,3,59,0,62,26,0,26,88
10/18/2021,BKV,FL,ASO,ES,Federal Contract Tower,0,3,14,2,19,0,2,86,12,100,0,5,100,14,119,68,42,110,229
10/19/2021,BKV,FL,ASO,ES,Federal Contract Tower,0,3,11,8,22,0,5,119,5,129,0,8,130,13,151,172,8,180,331
10/20/2021,BKV,FL,ASO,ES,Federal Contract Tower,0,2,12,0,14,0,5,106,7,118,0,7,118,7,132,173,18,191,323
10/21/2021,BKV,FL,ASO,ES,Federal Contract Tower,0,3,13,2,18,0,4,115,6,125,0,7,128,8,143,178,17,195,338
10/22/2021,BKV,FL,ASO,ES,Federal Contract Tower,0,0,10,2,12,0,1,115,6,122,0,1,125,8,134,172,0,172,306
10/23/2021,BKV,FL,ASO,ES,Federal Contract Tower,0,2,7,0,9,0,0,99,0,99,0,2,106,0,108,115,0,115,223
10/24/2021,BKV,FL,ASO,ES,Federal Contract Tower,0,0,18,0,18,0,4,40,0,44,0,4,58,0,62,29,0,29,91
10/25/2021,BKV,FL,ASO,ES,Federal Contract Tower,0,2,14,1,17,0,5,17,9,31,0,7,31,10,48,47,40,87,135
10/26/2021,BKV,FL,ASO,ES,Federal Contract Tower,0,0,18,0,18,0,4,88,3,95,0,4,106,3,113,163,2,165,278
10/27/2021,BKV,FL,ASO,ES,Federal Contract Tower,0,2,24,2,28,0,0,149,25,174,0,2,173,27,202,136,75,211,413
10/28/2021,BKV,FL,ASO,ES,Federal Contract Tower,0,2,12,4,18,0,0,6,15,21,0,2,18,19,39,10,30,40,79
10/29/2021,BKV,FL,ASO,ES,Federal Contract Tower,0,5,16,0,21,0,2,22,6,30,0,7,38,6,51,17,27,44,95
10/30/2021,BKV,FL,ASO,ES,Federal Contract Tower,0,0,8,0,8,0,4,62,1,67,0,4,70,1,75,90,4,94,169
10/31/2021,BKV,FL,ASO,ES,Federal Contract Tower,0,1,22,0,23,0,1,84,0,85,0,2,106,0,108,98,0,98,206
11/01/2021,BKV,FL,ASO,ES,Federal Contract Tower,0,1,14,0,15,0,2,97,3,102,0,3,111,3,117,164,8,172,289
11/02/2021,BKV,FL,ASO,ES,Federal Contract Tower,0,3,22,0,25,0,8,88,12,108,0,11,110,12,133,141,66,207,340
11/03/2021,BKV,FL,ASO,ES,Federal Contract Tower,0,0,18,1,19,0,13,111,8,132,0,13,129,9,151,221,7,228,379
11/04/2021,BKV,FL,ASO,ES,Federal Contract Tower,0,4,18,0,22,0,4,48,11,63,0,8,66,11,85,172,0,172,257
11/05/2021,BKV,FL,ASO,ES,Federal Contract Tower,0,1,3,0,4,0,0,0,0,0,0,1,3,0,4,0,0,0,4
11/06/2021,BKV,FL,ASO,ES,Federal Contract Tower,0,4,6,0,10,0,0,1,0,1,0,4,7,0,11,0,0,0,11
11/07/2021,BKV,FL,ASO,ES,Federal Contract Tower,0,1,5,0,6,0,3,49,0,52,0,4,54,0,58,121,0,121,179
11/08/2021,BKV,FL,ASO,ES,Federal Contract Tower,0,3,14,1,18,0,3,102,6,111,0,6,116,7,129,156,9,165,294
11/09/2021,BKV,FL,ASO,ES,Federal Contract Tower,0,2,17,2,21,0,0,98,8,106,0,2,115,10,127,159,66,225,352
11/10/2021,BKV,FL,ASO,ES,Federal Contract Tower,0,1,22,9,32,0,4,85,7,96,0,5,107,16,128,131,15,146,274
11/11/2021,BKV,FL,ASO,ES,Federal Contract Tower,0,0,20,0,20,0,2,93,6,101,0,2,113,6,121,169,17,186,307
11/12/2021,BKV,FL,ASO,ES,Federal Contract Tower,0,0,16,3,19,0,4,48,4,56,0,4,64,7,75,174,38,212,287
11/13/2021,BKV,FL,ASO,ES,Federal Contract Tower,0,0,10,1,11,0,3,21,1,25,0,3,31,2,36,68,14,82,118
11/14/2021,BKV,FL,ASO,ES,Federal Contract Tower,0,1,14,0,15,0,3,110,0,113,0,4,124,0,128,179,0,179,307
11/15/2021,BKV,FL,ASO,ES,Federal Contract Tower,0,1,12,0,13,0,3,87,3,93,0,4,99,3,106,170,18,188,294
11/16/2021,BKV,FL,ASO,ES,Federal Contract Tower,0,3,17,1,21,0,4,108,15,127,0,7,125,16,148,241,20,261,409
11/17/2021,BKV,FL,ASO,ES,Federal Contract Tower,0,1,15,5,21,0,2,115,22,139,0,3,130,27,160,129,65,194,354
11/18/2021,BKV,FL,ASO,ES,Federal Contract Tower,0,1,14,2,17,0,0,83,16,99,0,1,97,18,116,181,78,259,375
11/19/2021,BKV,FL,ASO,ES,Federal Contract Tower,0,0,12,4,16,0,1,63,19,83,0,1,75,23,99,114,16,130,229
11/20/2021,BKV,FL,ASO,ES,Federal Contract Tower,0,2,5,0,7,0,3,49,9,61,0,5,54,9,68,50,2,52,120
11/21/2021,BKV,FL,ASO,ES,Federal Contract Tower,0,0,18,12,30,0,0,76,5,81,0,0,94,17,111,170,5,175,286
11/22/2021,BKV,FL,ASO,ES,Federal Contract Tower,0,1,6,0,7,0,3,31,5,39,0,4,37,5,46,101,1,102,148
11/23/2021,BKV,FL,ASO,ES,Federal Contract Tower,0,0,18,3,21,0,1,100,5,106,0,1,118,8,127,89,47,136,263
11/24/2021,BKV,FL,ASO,ES,Federal Contract Tower,0,2,16,0,18,0,2,107,0,109,0,4,123,0,127,42,0,42,169
11/25/2021,BKV,FL,ASO,ES,Federal Contract Tower,0,0,9,0,9,0,0,17,0,17,0,0,26,0,26,8,0,8,34
11/26/2021,BKV,FL,ASO,ES,Federal Contract Tower,0,3,11,1,15,0,2,99,0,101,0,5,110,1,116,85,0,85,201
11/27/2021,BKV,FL,ASO,ES,Federal Contract Tower,0,1,16,0,17,0,0,93,0,93,0,1,109,0,110,62,0,62,172
11/28/2021,BKV,FL,ASO,ES,Federal Contract Tower,0,0,12,0,12,0,2,86,0,88,0,2,98,0,100,133,0,133,233
11/29/2021,BKV,FL,ASO,ES,Federal Contract Tower,0,2,5,0,7,0,1,98,0,99,0,3,103,0,106,167,0,167,273
11/30/2021,BKV,FL,ASO,ES,Federal Contract Tower,0,2,29,1,32,0,4,82,5,91,0,6,111,6,123,154,59,213,336
12/01/2021,BKV,FL,ASO,ES,Federal Contract Tower,0,3,9,0,12,0,2,113,14,129,0,5,122,14,141,152,48,200,341
12/02/2021,BKV,FL,ASO,ES,Federal Contract Tower,0,1,15,1,17,0,6,126,7,139,0,7,141,8,156,122,67,189,345
12/03/2021,BKV,FL,ASO,ES,Federal Contract Tower,0,4,9,1,14,0,5,80,6,91,0,9,89,7,105,98,18,116,221
12/04/2021,BKV,FL,ASO,ES,Federal Contract Tower,0,0,10,0,10,0,2,83,3,88,0,2,93,3,98,196,18,214,312
12/05/2021,BKV,FL,ASO,ES,Federal Contract Tower,0,3,10,0,13,0,10,93,0,103,0,13,103,0,116,82,0,82,198
12/06/2021,BKV,FL,ASO,ES,Federal Contract Tower,0,9,11,0,20,0,2,62,6,70,0,11,73,6,90,81,22,103,193
12/07/2021,BKV,FL,ASO,ES,Federal Contract Tower,0,17,39,0,56,0,0,20,3,23,0,17,59,3,79,26,6,32,111
12/08/2021,BKV,FL,ASO,ES,Federal Contract Tower,0,4,18,3,25,0,2,77,6,85,0,6,95,9,110,114,27,141,251
12/09/2021,BKV,FL,ASO,ES,Federal Contract Tower,0,7,21,5,33,0,1,59,20,80,0,8,80,25,113,59,36,95,208
12/10/2021,BKV,FL,ASO,ES,Federal Contract Tower,0,2,19,2,23,0,4,59,7,70,0,6,78,9,93,127,8,135,228
12/11/2021,BKV,FL,ASO,ES,Federal Contract Tower,0,0,9,0,9,0,2,131,0,133,0,2,140,0,142,69,0,69,211
12/12/2021,BKV,FL,ASO,ES,Federal Contract Tower,0,2,14,0,16,0,1,70,0,71,0,3,84,0,87,80,0,80,167
12/13/2021,BKV,FL,ASO,ES,Federal Contract Tower,0,4,22,0,26,0,1,81,31,113,0,5,103,31,139,69,85,154,293
12/14/2021,BKV,FL,ASO,ES,Federal Contract Tower,0,0,28,10,38,0,1,18,13,32,0,1,46,23,70,30,15,45,115
12/15/2021,BKV,FL,ASO,ES,Federal Contract Tower,0,1,10,1,12,0,4,108,14,126,0,5,118,15,138,47,67,114,252
12/16/2021,BKV,FL,ASO,ES,Federal Contract Tower,0,1,20,0,21,0,5,122,12,139,0,6,142,12,160,175,20,195,355
12/17/2021,BKV,FL,ASO,ES,Federal Contract Tower,0,6,11,0,17,0,2,99,0,101,0,8,110,0,118,178,0,178,296
12/18/2021,BKV,FL,ASO,ES,Federal Contract Tower,0,1,21,0,22,0,0,79,0,79,0,1,100,0,101,82,0,82,183
12/19/2021,BKV,FL,ASO,ES,Federal Contract Tower,0,2,9,0,11,0,3,14,0,17,0,5,23,0,28,16,0,16,44
12/20/2021,BKV,FL,ASO,ES,Federal Contract Tower,0,3,24,0,27,0,2,6,7,15,0,5,30,7,42,0,30,30,72
12/21/2021,BKV,FL,ASO,ES,Federal Contract Tower,0,1,5,4,10,0,0,0,0,0,0,1,5,4,10,53,0,53,63
12/22/2021,BKV,FL,ASO,ES,Federal Contract Tower,0,5,16,2,23,0,7,40,4,51,0,12,56,6,74,85,4,89,163
12/23/2021,BKV,FL,ASO,ES,Federal Contract Tower,0,1,11,0,12,0,3,141,0,144,0,4,152,0,156,151,0,151,307
12/24/2021,BKV,FL,ASO,ES,Federal Contract Tower,0,1,8,0,9,0,4,98,0,102,0,5,106,0,111,101,0,101,212
12/25/2021,BKV,FL,ASO,ES,Federal Contract Tower,0,2,6,0,8,0,0,36,0,36,0,2,42,0,44,7,0,7,51
12/26/2021,BKV,FL,ASO,ES,Federal Contract Tower,0,0,14,0,14,0,0,55,0,55,0,0,69,0,69,83,0,83,152
12/27/2021,BKV,FL,ASO,ES,Federal Contract Tower,0,3,9,0,12,0,3,112,0,115,0,6,121,0,127,207,0,207,334
12/28/2021,BKV,FL,ASO,ES,Federal Contract Tower,0,4,5,4,13,0,6,92,0,98,0,10,97,4,111,173,0,173,284
12/29/2021,BKV,FL,ASO,ES,Federal Contract Tower,0,4,7,0,11,0,3,100,2,105,0,7,107,2,116,130,2,132,248
12/30/2021,BKV,FL,ASO,ES,Federal Contract Tower,0,5,19,0,24,0,0,65,0,65,0,5,84,0,89,176,0,176,265
12/31/2021,BKV,FL,ASO,ES,Federal Contract Tower,0,0,3,0,3,0,6,45,0,51,0,6,48,0,54,128,0,128,182
01/01/2022,BKV,FL,ASO,ES,Federal Contract Tower,0,4,9,0,13,0,4,57,0,61,0,8,66,0,74,51,0,51,125
01/02/2022,BKV,FL,ASO,ES,Federal Contract Tower,0,1,7,0,8,0,2,27,0,29,0,3,34,0,37,32,0,32,69
01/03/2022,BKV,FL,ASO,ES,Federal Contract Tower,0,1,6,0,7,0,0,46,6,52,0,1,52,6,59,33,0,33,92
01/04/2022,BKV,FL,ASO,ES,Federal Contract Tower,0,1,17,1,19,0,0,85,11,96,0,1,102,12,115,136,27,163,278
01/05/2022,BKV,FL,ASO,ES,Federal Contract Tower,0,3,16,0,19,0,0,99,9,108,0,3,115,9,127,147,16,163,290
01/06/2022,BKV,FL,ASO,ES,Federal Contract Tower,0,3,4,3,10,0,3,120,9,132,0,6,124,12,142,145,16,161,303
01/07/2022,BKV,FL,ASO,ES,Federal Contract Tower,0,1,12,0,13,0,0,90,15,105,0,1,102,15,118,125,32,157,275
01/08/2022,BKV,FL,ASO,ES,Federal Contract Tower,0,3,12,0,15,0,0,95,5,100,0,3,107,5,115,168,15,183,298
01/09/2022,BKV,FL,ASO,ES,Federal Contract Tower,0,2,10,0,12,0,1,68,0,69,0,3,78,0,81,70,0,70,151
01/10/2022,BKV,FL,ASO,ES,Federal Contract Tower,0,2,15,5,22,0,0,30,5,35,0,2,45,10,57,35,37,72,129
01/11/2022,BKV,FL,ASO,ES,Federal Contract Tower,0,1,16,0,17,0,3,103,17,123,0,4,119,17,140,72,54,126,266
01/12/2022,BKV,FL,ASO,ES,Federal Contract Tower,0,1,8,0,9,0,0,149,18,167,0,1,157,18,176,101,100,201,377
01/13/2022,BKV,FL,ASO,ES,Federal Contract Tower,0,5,15,0,20,0,0,102,10,112,0,5,117,10,132,97,74,171,303
01/14/2022,BKV,FL,ASO,ES,Federal Contract Tower,0,5,12,10,27,0,0,129,7,136,0,5,141,17,163,139,74,213,376
01/15/2022,BKV,FL,ASO,ES,Federal Contract Tower,0,3,14,0,17,0,1,106,5,112,0,4,120,5,129,87,6,93,222
01/16/2022,BKV,FL,ASO,ES,Federal Contract Tower,0,4,4,2,10,0,3,4,0,7,0,7,8,2,17,28,0,28,45
01/17/2022,BKV,FL,ASO,ES,Federal Contract Tower,0,1,9,0,10,0,0,32,0,32,0,1,41,0,42,24,0,24,66
01/18/2022,BKV,FL,ASO,ES,Federal Contract Tower,0,2,19,3,24,0,3,108,7,118,0,5,127,10,142,147,26,173,315
01/19/2022,BKV,FL,ASO,ES,Federal Contract Tower,0,1,17,0,18,0,4,143,17,164,0,5,160,17,182,159,106,265,447
01/20/2022,BKV,FL,ASO,ES,Federal Contract Tower,0,6,1,0,7,0,2,150,15,167,0,8,151,15,174,225,91,316,490
01/21/2022,BKV,FL,ASO,ES,Federal Contract Tower,0,3,15,0,18,0,4,57,4,65,0,7,72,4,83,79,40,119,202
01/22/2022,BKV,FL,ASO,ES,Federal Contract Tower,0,0,12,4,16,0,3,15,6,24,0,3,27,10,40,24,0,24,64
01/23/2022,BKV,FL,ASO,ES,Federal Contract Tower,0,0,9,0,9,0,4,23,0,27,0,4,32,0,36,72,0,72,108
01/24/2022,BKV,FL,ASO,ES,Federal Contract Tower,0,0,4,0,4,0,0,93,17,110,0,0,97,17,114,131,136,267,381
01/25/2022,BKV,FL,ASO,ES,Federal Contract Tower,0,2,10,0,12,0,0,20,0,20,0,2,30,0,32,62,0,62,94
01/26/2022,BKV,FL,ASO,ES,Federal Contract Tower,0,3,10,10,23,0,0,1,10,11,0,3,11,20,34,0,16,16,50
01/27/2022,BKV,FL,ASO,ES,Federal Contract Tower,0,4,26,2,32,0,4,24,3,31,0,8,50,5,63,70,22,92,155
01/28/2022,BKV,FL,ASO,ES,Federal Contract Tower,0,2,14,0,16,0,2,63,16,81,0,4,77,16,97,179,66,245,342
01/29/2022,BKV,FL,ASO,ES,Federal Contract Tower,0,0,6,0,6,0,2,31,0,33,0,2,37,0,39,16,0,16,55
01/30/2022,BKV,FL,ASO,ES,Federal Contract Tower,0,1,23,0,24,0,2,113,6,121,0,3,136,6,145,104,8,112,257
01/31/2022,BKV,FL,ASO,ES,Federal Contract Tower,0,1,6,0,7,0,3,84,4,91,0,4,90,4,98,177,72,249,347
02/01/2022,BKV,FL,ASO,ES,Federal Contract Tower,0,0,16,0,16,0,2,88,2,92,0,2,104,2,108,125,6,131,239
02/02/2022,BKV,FL,ASO,ES,Federal Contract Tower,0,3,16,4,23,0,0,102,13,115,0,3,118,17,138,107,33,140,278
02/03/2022,BKV,FL,ASO,ES,Federal Contract Tower,0,1,4,3,8,0,3,112,24,139,0,4,116,27,147,70,24,94,241
02/04/2022,BKV,FL,ASO,ES,Federal Contract Tower,0,0,10,0,10,0,0,81,14,95,0,0,91,14,105,59,47,106,211
02/05/2022,BKV,FL,ASO,ES,Federal Contract Tower,0,2,23,0,25,0,0,25,0,25,0,2,48,0,50,16,0,16,66
02/06/2022,BKV,FL,ASO,ES,Federal Contract Tower,0,1,15,0,16,0,0,0,0,0,0,1,15,0,16,0,0,0,16
02/07/2022,BKV,FL,ASO,ES,Federal Contract Tower,0,2,33,7,42,0,0,24,0,24,0,2,57,7,66,33,0,33,99
02/08/2022,BKV,FL,ASO,ES,Federal Contract Tower,0,12,42,4,58,0,0,0,0,0,0,12,42,4,58,0,0,0,58
02/09/2022,BKV,FL,ASO,ES,Federal Contract Tower,0,2,18,0,20,0,1,127,14,142,0,3,145,14,162,225,89,314,476
02/10/2022,BKV,FL,ASO,ES,Federal Contract Tower,0,2,7,0,9,0,2,134,13,149,0,4,141,13,158,259,68,327,485
02/11/2022,BKV,FL,ASO,ES,Federal Contract Tower,0,5,9,1,15,0,1,118,17,136,0,6,127,18,151,198,18,216,367
02/12/2022,BKV,FL,ASO,ES,Federal Contract Tower,0,7,10,0,17,0,0,129,0,129,0,7,139,0,146,145,0,145,291
02/13/2022,BKV,FL,ASO,ES,Federal Contract Tower,0,3,5,1,9,0,4,35,0,39,0,7,40,1,48,52,0,52,100
02/14/2022,BKV,FL,ASO,ES,Federal Contract Tower,0,3,13,0,16,0,0,84,11,95,0,3,97,11,111,140,50,190,301
02/15/2022,BKV,FL,ASO,ES,Federal Contract Tower,0,1,21,9,31,0,3,86,8,97,0,4,107,17,128,133,37,170,298
02/16/2022,BKV,FL,ASO,ES,Federal Contract Tower,0,2,24,2,28,0,3,104,13,120,0,5,128,15,148,112,47,159,307
02/17/2022,BKV,FL,ASO,ES,Federal Contract Tower,0,4,18,4,26,0,2,81,15,98,0,6,99,19,124,126,60,186,310
02/18/2022,BKV,FL,ASO,ES,Federal Contract Tower,0,3,18,3,24,0,1,29,0,30,0,4,47,3,54,45,10,55,109
02/19/2022,BKV,FL,ASO,ES,Federal Contract Tower,0,1,6,0,7,0,10,86,0,96,0,11,92,0,103,179,0,179,282
02/20/2022,BKV,FL,ASO,ES,Federal Contract Tower,0,1,12,0,13,0,1,132,0,133,0,2,144,0,146,162,0,162,308
02/21/2022,BKV,FL,ASO,ES,Federal Contract Tower,0,1,12,2,15,0,5,124,4,133,0,6,136,6,148,29,0,29,177
02/22/2022,BKV,FL,ASO,ES,Federal Contract Tower,0,1,17,6,24,0,19,144,9,172,0,20,161,15,196,188,36,224,420
02/23/2022,BKV,FL,ASO,ES,Federal Contract Tower,0,3,26,0,29,0,5,142,10,157,0,8,168,10,186,200,33,233,419
02/24/2022,BKV,FL,ASO,ES,Federal Contract Tower,0,11,5,0,16,0,1,134,7,142,0,12,139,7,158,271,4,275,433
02/25/2022,BKV,FL,ASO,ES,Federal Contract Tower,0,4,13,0,17,0,6,118,3,127,0,10,131,3,144,156,22,178,322
02/26/2022,BKV,FL,ASO,ES,Federal Contract Tower,0,1,11,0,12,0,8,98,6,112,0,9,109,6,124,172,0,172,296
02/27/2022,BKV,FL,ASO,ES,Federal Contract Tower,0,0,19,0,19,0,2,84,5,91,0,2,103,5,110,96,20,116,226
02/28/2022,BKV,FL,ASO,ES,Federal Contract Tower,0,1,15,0,16,0,0,39,1,40,0,1,54,1,56,114,17,131,187
03/01/2022,BKV,FL,ASO,ES,Federal Contract Tower,0,2,19,2,23,0,0,51,2,53,0,2,70,4,76,133,0,133,209
03/02/2022,BKV,FL,ASO,ES,Federal Contract Tower,0,1,12,0,13,0,2,126,25,153,0,3,138,25,166,114,62,176,342
03/03/2022,BKV,FL,ASO,ES,Federal Contract Tower,0,3,7,0,10,0,3,106,12,121,0,6,113,12,131,219,22,241,372
03/04/2022,BKV,FL,ASO,ES,Federal Contract Tower,0,2,9,1,12,0,2,86,10,98,0,4,95,11,110,60,72,132,242
03/05/2022,BKV,FL,ASO,ES,Federal Contract Tower,0,2,16,0,18,0,4,46,2,52,0,6,62,2,70,30,1,31,101
03/06/2022,BKV,FL,ASO,ES,Federal Contract Tower,0,2,10,0,12,0,4,62,1,67,0,6,72,1,79,42,0,42,121
03/07/2022,BKV,FL,ASO,ES,Federal Contract Tower,0,0,9,0,9,0,8,64,9,81,0,8,73,9,90,35,67,102,192
03/08/2022,BKV,FL,ASO,ES,Federal Contract Tower,0,1,9,2,12,0,5,54,4,63,0,6,63,6,75,131,8,139,214
03/09/2022,BKV,FL,ASO,ES,Federal Contract Tower,0,3,14,0,17,0,0,40,2,42,0,3,54,2,59,94,0,94,153
03/10/2022,BKV,FL,ASO,ES,Federal Contract Tower,0,1,20,0,21,0,4,13,1,18,0,5,33,1,39,10,26,36,75
03/11/2022,BKV,FL,ASO,ES,Federal Contract Tower,0,1,17,0,18,0,4,49,0,53,0,5,66,0,71,73,0,73,144
03/12/2022,BKV,FL,ASO,ES,Federal Contract Tower,0,2,1,0,3,0,0,3,5,8,0,2,4,5,11,0,21,21,32
03/13/2022,BKV,FL,ASO,ES,Federal Contract Tower,0,2,14,0,16,0,3,73,0,76,0,5,87,0,92,42,0,42,134
03/14/2022,BKV,FL,ASO,ES,Federal Contract Tower,0,1,13,0,14,0,6,91,7,104,0,7,104,7,118,66,54,120,238
03/15/2022,BKV,FL,ASO,ES,Federal Contract Tower,0,1,7,3,11,0,0,56,4,60,0,1,63,7,71,72,31,103,174
03/16/2022,BKV,FL,ASO,ES,Federal Contract Tower,0,7,12,0,19,0,1,44,4,49,0,8,56,4,68,38,2,40,108
03/17/2022,BKV,FL,ASO,ES,Federal Contract Tower,0,2,10,2,14,0,2,102,16,120,0,4,112,18,134,168,0,168,302
03/18/2022,BKV,FL,ASO,ES,Federal Contract Tower,0,2,11,0,13,0,2,115,0,117,0,4,126,0,130,172,0,172,302
03/19/2022,BKV,FL,ASO,ES,Federal Contract Tower,0,7,17,0,24,0,6,85,0,91,0,13,102,0,115,93,0,93,208
03/20/2022,BKV,FL,ASO,ES,Federal Contract Tower,0,0,12,0,12,0,2,79,3,84,0,2,91,3,96,58,19,77,173
03/21/2022,BKV,FL,ASO,ES,Federal Contract Tower,0,4,19,0,23,0,2,81,0,83,0,6,100,0,106,214,0,214,320
03/22/2022,BKV,FL,ASO,ES,Federal Contract Tower,0,0,17,0,17,0,2,80,2,84,0,2,97,2,101,120,46,166,267
03/23/2022,BKV,FL,ASO,ES,Federal Contract Tower,0,2,6,0,8,0,1,20,6,27,0,3,26,6,35,4,14,18,53
03/24/2022,BKV,FL,ASO,ES,Federal Contract Tower,0,4,8,0,12,0,0,1,0,1,0,4,9,0,13,0,0,0,13
03/25/2022,BKV,FL,ASO,ES,Federal Contract Tower,0,3,13,4,20,0,4,63,7,74,0,7,76,11,94,71,48,119,213
03/26/2022,BKV,FL,ASO,ES,Federal Contract Tower,0,1,5,1,7,0,3,65,12,80,0,4,70,13,87,120,31,151,238
03/27/2022,BKV,FL,ASO,ES,Federal Contract Tower,0,3,15,0,18,0,3,75,0,78,0,6,90,0,96,46,0,46,142
03/28/2022,BKV,FL,ASO,ES,Federal Contract Tower,0,4,11,1,16,0,3,91,2,96,0,7,102,3,112,79,35,114,226
03/29/2022,BKV,FL,ASO,ES,Federal Contract Tower,0,1,9,2,12,0,2,112,4,118,0,3,121,6,130,295,25,320,450
03/30/2022,BKV,FL,ASO,ES,Federal Contract Tower,0,3,5,0,8,0,4,61,20,85,0,7,66,20,93,39,18,57,150
03/31/2022,BKV,FL,ASO,ES,Federal Contract Tower,0,0,6,0,6,0,0,8,0,8,0,0,14,0,14,12,0,12,26
04/01/2022,BKV,FL,ASO,ES,Federal Contract Tower,0,3,9,0,12,0,2,50,2,54,0,5,59,2,66,98,10,108,174
04/02/2022,BKV,FL,ASO,ES,Federal Contract Tower,0,2,2,0,4,0,0,11,0,11,0,2,13,0,15,62,0,62,77
04/03/2022,BKV,FL,ASO,ES,Federal Contract Tower,0,0,11,0,11,0,6,69,0,75,0,6,80,0,86,96,0,96,182
04/04/2022,BKV,FL,ASO,ES,Federal Contract Tower,0,0,7,0,7,0,1,102,2,105,0,1,109,2,112,155,30,185,297
04/05/2022,BKV,FL,ASO,ES,Federal Contract Tower,0,1,5,0,6,0,2,50,4,56,0,3,55,4,62,12,34,46,108
04/06/2022,BKV,FL,ASO,ES,Federal Contract Tower,0,3,13,4,20,0,1,70,5,76,0,4,83,9,96,168,2,170,266
04/07/2022,BKV,FL,ASO,ES,Federal Contract Tower,0,6,14,2,22,0,3,8,5,16,0,9,22,7,38,4,4,8,46
04/08/2022,BKV,FL,ASO,ES,Federal Contract Tower,0,0,17,0,17,0,4,45,4,53,0,4,62,4,70,38,20,58,128
04/09/2022,BKV,FL,ASO,ES,Federal Contract Tower,0,0,4,0,4,0,0,35,0,35,0,0,39,0,39,26,0,26,65
04/10/2022,BKV,FL,ASO,ES,Federal Contract Tower,0,1,13,0,14,0,0,126,2,128,0,1,139,2,142,126,0,126,268
04/11/2022,BKV,FL,ASO,ES,Federal Contract Tower,0,1,10,3,14,0,7,117,7,131,0,8,127,10,145,121,17,138,283
04/12/2022,BKV,FL,ASO,ES,Federal Contract Tower,0,3,4,0,7,0,5,95,6,106,0,8,99,6,113,126,10,136,249
04/13/2022,BKV,FL,ASO,ES,Federal Contract Tower,0,2,21,2,25,0,5,105,9,119,0,7,126,11,144,205,37,242,386
04/14/2022,BKV,FL,ASO,ES,Federal Contract Tower,0,2,17,0,19,0,0,89,17,106,0,2,106,17,125,293,46,339,464
04/15/2022,BKV,FL,ASO,ES,Federal Contract Tower,0,3,16,2,21,0,1,103,4,108,0,4,119,6,129,108,0,108,237
04/16/2022,BKV,FL,ASO,ES,Federal Contract Tower,0,1,10,0,11,0,4,124,2,130,0,5,134,2,141,160,10,170,311
04/17/2022,BKV,FL,ASO,ES,Federal Contract Tower,0,3,4,0,7,0,2,64,0,66,0,5,68,0,73,50,0,50,123
04/18/2022,BKV,FL,ASO,ES,Federal Contract Tower,0,5,7,0,12,0,0,87,4,91,0,5,94,4,103,190,27,217,320
04/19/2022,BKV,FL,ASO,ES,Federal Contract Tower,0,2,12,2,16,0,7,117,8,132,0,9,129,10,148,184,43,227,375
04/20/2022,BKV,FL,ASO,ES,Federal Contract Tower,0,1,4,1,6,0,0,115,15,130,0,1,119,16,136,180,34,214,350
04/21/2022,BKV,FL,ASO,ES,Federal Contract Tower,0,3,15,2,20,0,5,106,18,129,0,8,121,20,149,184,25,209,358
04/22/2022,BKV,FL,ASO,ES,Federal Contract Tower,0,3,11,3,17,0,3,94,5,102,0,6,105,8,119,151,10,161,280
04/23/2022,BKV,FL,ASO,ES,Federal Contract Tower,0,1,8,0,9,0,3,76,0,79,0,4,84,0,88,112,0,112,200
04/24/2022,BKV,FL,ASO,ES,Federal Contract Tower,0,2,6,0,8,0,6,71,1,78,0,8,77,1,86,85,10,95,181
04/25/2022,BKV,FL,ASO,ES,Federal Contract Tower,0,0,23,4,27,0,4,136,4,144,0,4,159,8,171,139,32,171,342
04/26/2022,BKV,FL,ASO,ES,Federal Contract Tower,0,2,18,2,22,0,0,134,16,150,0,2,152,18,172,149,43,192,364
04/27/2022,BKV,FL,ASO,ES,Federal Contract Tower,0,0,12,4,16,0,2,99,14,115,0,2,111,18,131,172,20,192,323
04/28/2022,BKV,FL,ASO,ES,Federal Contract Tower,0,1,21,2,24,0,2,73,6,81,0,3,94,8,105,166,23,189,294
04/29/2022,BKV,FL,ASO,ES,Federal Contract Tower,0,2,15,2,19,0,3,90,7,100,0,5,105,9,119,235,15,250,369
04/30/2022,BKV,FL,ASO,ES,Federal Contract Tower,0,3,7,0,10,0,0,70,18,88,0,3,77,18,98,93,12,105,203
05/01/2022,BKV,FL,ASO,ES,Federal Contract Tower,0,0,10,0,10,0,0,72,14,86,0,0,82,14,96,96,16,112,208
05/02/2022,BKV,FL,ASO,ES,Federal Contract Tower,0,0,13,0,13,0,0,103,2,105,0,0,116,2,118,139,4,143,261
05/03/2022,BKV,FL,ASO,ES,Federal Contract Tower,0,1,18,0,19,0,2,100,9,111,0,3,118,9,130,145,47,192,322
05/04/2022,BKV,FL,ASO,ES,Federal Contract Tower,0,4,11,2,17,0,2,126,13,141,0,6,137,15,158,155,23,178,336
05/05/2022,BKV,FL,ASO,ES,Federal Contract Tower,0,0,23,1,24,0,4,110,1,115,0,4,133,2,139,166,0,166,305
05/06/2022,BKV,FL,ASO,ES,Federal Contract Tower,0,0,11,0,11,0,1,88,0,89,0,1,99,0,100,156,0,156,256
05/07/2022,BKV,FL,ASO,ES,Federal Contract Tower,0,2,8,1,11,0,1,40,3,44,0,3,48,4,55,35,5,40,95
05/08/2022,BKV,FL,ASO,ES,Federal Contract Tower,0,0,14,0,14,0,3,48,0,51,0,3,62,0,65,148,0,148,213
05/09/2022,BKV,FL,ASO,ES,Federal Contract Tower,0,0,15,4,19,0,2,86,10,98,0,2,101,14,117,150,53,203,320
05/10/2022,BKV,FL,ASO,ES,Federal Contract Tower,0,1,9,3,13,0,2,90,15,107,0,3,99,18,120,175,12,187,307
05/11/2022,BKV,FL,ASO,ES,Federal Contract Tower,0,3,13,0,16,0,2,86,13,101,0,5,99,13,117,148,46,194,311
05/12/2022,BKV,FL,ASO,ES,Federal Contract Tower,0,1,15,1,17,0,2,110,7,119,0,3,125,8,136,249,0,249,385
05/13/2022,BKV,FL,ASO,ES,Federal Contract Tower,0,1,11,2,14,0,3,82,4,89,0,4,93,6,103,176,17,193,296
05/14/2022,BKV,FL,ASO,ES,Federal Contract Tower,0,1,17,0,18,0,2,117,1,120,0,3,134,1,138,171,0,171,309
05/15/2022,BKV,FL,ASO,ES,Federal Contract Tower,0,2,13,0,15,0,1,48,0,49,0,3,61,0,64,107,0,107,171
05/16/2022,BKV,FL,ASO,ES,Federal Contract Tower,0,5,17,0,22,0,3,90,4,97,0,8,107,4,119,151,18,169,288
05/17/2022,BKV,FL,ASO,ES,Federal Contract Tower,0,4,18,1,23,0,1,75,3,79,0,5,93,4,102,172,0,172,274
05/18/2022,BKV,FL,ASO,ES,Federal Contract Tower,0,6,7,2,15,0,6,64,9,79,0,12,71,11,94,175,40,215,309
05/19/2022,BKV,FL,ASO,ES,Federal Contract Tower,0,4,20,4,28,0,0,85,9,94,0,4,105,13,122,144,22,166,288
05/20/2022,BKV,FL,ASO,ES,Federal Contract Tower,0,2,3,0,5,0,0,27,0,27,0,2,30,0,32,36,0,36,68
05/21/2022,BKV,FL,ASO,ES,Federal Contract Tower,0,4,6,0,10,0,1,10,0,11,0,5,16,0,21,12,0,12,33
05/22/2022,BKV,FL,ASO,ES,Federal Contract Tower,0,0,11,0,11,0,2,18,0,20,0,2,29,0,31,42,0,42,73
05/23/2022,BKV,FL,ASO,ES,Federal Contract Tower,0,0,8,2,10,0,5,74,4,83,0,5,82,6,93,155,0,155,248
05/24/2022,BKV,FL,ASO,ES,Federal Contract Tower,0,0,12,1,13,0,0,107,9,116,0,0,119,10,129,158,0,158,287
05/25/2022,BKV,FL,ASO,ES,Federal Contract Tower,0,7,9,1,17,0,0,113,6,119,0,7,122,7,136,193,2,195,331
05/26/2022,BKV,FL,ASO,ES,Federal Contract Tower,0,3,22,0,25,0,0,121,0,121,0,3,143,0,146,173,0,173,319
05/27/2022,BKV,FL,ASO,ES,Federal Contract Tower,0,4,11,0,15,0,2,40,0,42,0,6,51,0,57,73,0,73,130
05/28/2022,BKV,FL,ASO,ES,Federal Contract Tower,0,3,7,0,10,0,4,137,0,141,0,7,144,0,151,100,0,100,251
05/29/2022,BKV,FL,ASO,ES,Federal Contract Tower,0,1,10,0,11,0,4,81,0,85,0,5,91,0,96,52,0,52,148
05/30/2022,BKV,FL,ASO,ES,Federal Contract Tower,0,0,10,0,10,0,2,89,0,91,0,2,99,0,101,52,0,52,153
05/31/2022,BKV,FL,ASO,ES,Federal Contract Tower,0,5,15,2,22,0,1,68,9,78,0,6,83,11,100,142,26,168,268
06/01/2022,BKV,FL,ASO,ES,Federal Contract Tower,0,6,13,2,21,0,0,72,9,81,0,6,85,11,102,163,18,181,283
06/02/2022,BKV,FL,ASO,ES,Federal Contract Tower,0,3,13,0,16,0,0,86,12,98,0,3,99,12,114,127,20,147,261
06/03/2022,BKV,FL,ASO,ES,Federal Contract Tower,0,2,17,0,19,0,1,49,15,65,0,3,66,15,84,90,36,126,210
06/04/2022,BKV,FL,ASO,ES,Federal Contract Tower,0,0,8,0,8,0,3,5,0,8,0,3,13,0,16,19,0,19,35
06/05/2022,BKV,FL,ASO,ES,Federal Contract Tower,0,1,14,0,15,0,6,81,0,87,0,7,95,0,102,116,0,116,218
06/06/2022,BKV,FL,ASO,ES,Federal Contract Tower,0,6,9,2,17,0,2,80,0,82,0,8,89,2,99,187,0,187,286
06/07/2022,BKV,FL,ASO,ES,Federal Contract Tower,0,0,9,3,12,0,2,82,6,90,0,2,91,9,102,170,11,181,283
06/08/2022,BKV,FL,ASO,ES,Federal Contract Tower,0,3,21,0,24,0,2,79,10,91,0,5,100,10,115,193,45,238,353
06/09/2022,BKV,FL,ASO,ES,Federal Contract Tower,0,2,15,0,17,0,3,73,10,86,0,5,88,10,103,175,28,203,306
06/10/2022,BKV,FL,ASO,ES,Federal Contract Tower,0,1,4,0,5,0,2,41,0,43,0,3,45,0,48,74,15,89,137
06/11/2022,BKV,FL,ASO,ES,Federal Contract Tower,0,0,9,0,9,0,0,31,0,31,0,0,40,0,40,127,0,127,167
06/12/2022,BKV,FL,ASO,ES,Federal Contract Tower,0,2,7,0,9,0,3,35,0,38,0,5,42,0,47,38,0,38,85
06/13/2022,BKV,FL,ASO,ES,Federal Contract Tower,0,2,9,4,15,0,0,85,2,87,0,2,94,6,102,152,8,160,262
06/14/2022,BKV,FL,ASO,ES,Federal Contract Tower,0,4,11,4,19,0,2,120,5,127,0,6,131,9,146,148,2,150,296
06/15/2022,BKV,FL,ASO,ES,Federal Contract Tower,0,3,4,0,7,0,3,96,13,112,0,6,100,13,119,151,30,181,300
06/16/2022,BKV,FL,ASO,ES,Federal Contract Tower,0,3,8,3,14,0,7,94,9,110,0,10,102,12,124,162,8,170,294
06/17/2022,BKV,FL,ASO,ES,Federal Contract Tower,0,0,20,0,20,0,0,117,0,117,0,0,137,0,137,170,0,170,307
06/18/2022,BKV,FL,ASO,ES,Federal Contract Tower,0,1,8,0,9,0,3,58,0,61,0,4,66,0,70,53,0,53,123
06/19/2022,BKV,FL,ASO,ES,Federal Contract Tower,0,2,11,0,13,0,0,35,0,35,0,2,46,0,48,38,0,38,86
06/20/2022,BKV,FL,ASO,ES,Federal Contract Tower,0,5,10,0,15,0,3,74,0,77,0,8,84,0,92,72,0,72,164
06/21/2022,BKV,FL,ASO,ES,Federal Contract Tower,0,2,16,0,18,0,0,118,4,122,0,2,134,4,140,61,0,61,201
06/22/2022,BKV,FL,ASO,ES,Federal Contract Tower,0,0,11,2,13,0,5,117,1,123,0,5,128,3,136,100,28,128,264
06/23/2022,BKV,FL,ASO,ES,Federal Contract Tower,0,1,17,1,19,0,0,123,9,132,0,1,140,10,151,134,12,146,297
06/24/2022,BKV,FL,ASO,ES,Federal Contract Tower,0,2,12,0,14,0,0,73,5,78,0,2,85,5,92,108,4,112,204
06/25/2022,BKV,FL,ASO,ES,Federal Contract Tower,0,1,6,0,7,0,0,77,4,81,0,1,83,4,88,111,0,111,199
06/26/2022,BKV,FL,ASO,ES,Federal Contract Tower,0,0,16,0,16,0,6,40,10,56,0,6,56,10,72,74,18,92,164
06/27/2022,BKV,FL,ASO,ES,Federal Contract Tower,0,0,15,0,15,0,1,75,0,76,0,1,90,0,91,190,0,190,281
06/28/2022,BKV,FL,ASO,ES,Federal Contract Tower,0,3,12,0,15,0,0,128,2,130,0,3,140,2,145,92,0,92,237
06/29/2022,BKV,FL,ASO,ES,Federal Contract Tower,0,0,20,0,20,0,3,72,4,79,0,3,92,4,99,122,8,130,229
06/30/2022,BKV,FL,ASO,ES,Federal Contract Tower,0,1,17,0,18,0,4,72,7,83,0,5,89,7,101,132,0,132,233
07/01/2022,BKV,FL,ASO,ES,Federal Contract Tower,0,0,15,0,15,0,6,74,0,80,0,6,89,0,95,196,0,196,291
07/02/2022,BKV,FL,ASO,ES,Federal Contract Tower,0,0,8,0,8,0,0,80,6,86,0,0,88,6,94,70,14,84,178
07/03/2022,BKV,FL,ASO,ES,Federal Contract Tower,0,0,5,0,5,0,5,42,0,47,0,5,47,0,52,98,0,98,150
07/04/2022,BKV,FL,ASO,ES,Federal Contract Tower,0,0,5,0,5,0,0,63,2,65,0,0,68,2,70,80,4,84,154
07/05/2022,BKV,FL,ASO,ES,Federal Contract Tower,0,0,7,0,7,0,4,69,0,73,0,4,76,0,80,113,0,113,193
07/06/2022,BKV,FL,ASO,ES,Federal Contract Tower,0,3,17,0,20,0,2,88,11,101,0,5,105,11,121,87,2,89,210
07/07/2022,BKV,FL,ASO,ES,Federal Contract Tower,0,2,7,2,11,0,2,90,6,98,0,4,97,8,109,98,34,132,241
07/08/2022,BKV,FL,ASO,ES,Federal Contract Tower,0,1,15,0,16,0,2,109,6,117,0,3,124,6,133,140,6,146,279
07/09/2022,BKV,FL,ASO,ES,Federal Contract Tower,0,3,9,0,12,0,2,70,0,72,0,5,79,0,84,65,0,65,149
07/10/2022,BKV,FL,ASO,ES,Federal Contract Tower,0,1,9,0,10,0,6,25,0,31,0,7,34,0,41,70,0,70,111
07/11/2022,BKV,FL,ASO,ES,Federal Contract Tower,0,1,8,0,9,0,1,53,2,56,0,2,61,2,65,126,0,126,191
07/12/2022,BKV,FL,ASO,ES,Federal Contract Tower,0,0,7,0,7,0,2,144,7,153,0,2,151,7,160,213,21,234,394
07/13/2022,BKV,FL,ASO,ES,Federal Contract Tower,0,1,12,0,13,0,6,111,12,129,0,7,123,12,142,231,10,241,383
07/14/2022,BKV,FL,ASO,ES,Federal Contract Tower,0,1,15,0,16,0,6,87,4,97,0,7,102,4,113,134,42,176,289
07/15/2022,BKV,FL,ASO,ES,Federal Contract Tower,0,0,5,0,5,0,4,96,7,107,0,4,101,7,112,184,17,201,313
07/16/2022,BKV,FL,ASO,ES,Federal Contract Tower,0,0,10,2,12,0,3,48,2,53,0,3,58,4,65,85,10,95,160
07/17/2022,BKV,FL,ASO,ES,Federal Contract Tower,0,0,11,0,11,0,0,45,0,45,0,0,56,0,56,18,0,18,74
07/18/2022,BKV,FL,ASO,ES,Federal Contract Tower,0,2,10,0,12,0,1,78,0,79,0,3,88,0,91,60,0,60,151
07/19/2022,BKV,FL,ASO,ES,Federal Contract Tower,0,2,13,0,15,0,1,88,7,96,0,3,101,7,111,244,11,255,366
07/20/2022,BKV,FL,ASO,ES,Federal Contract Tower,0,2,4,5,11,0,0,58,7,65,0,2,62,12,76,97,48,145,221
07/21/2022,BKV,FL,ASO,ES,Federal Contract Tower,0,0,12,0,12,0,6,126,4,136,0,6,138,4,148,145,17,162,310
07/22/2022,BKV,FL,ASO,ES,Federal Contract Tower,0,3,4,2,9,0,2,84,0,86,0,5,88,2,95,120,0,120,215
07/23/2022,BKV,FL,ASO,ES,Federal Contract Tower,0,0,4,0,4,0,0,66,0,66,0,0,70,0,70,88,0,88,158
07/24/2022,BKV,FL,ASO,ES,Federal Contract Tower,0,0,10,0,10,0,1,50,0,51,0,1,60,0,61,68,0,68,129
07/25/2022,BKV,FL,ASO,ES,Federal Contract Tower,0,0,9,2,11,0,2,84,5,91,0,2,93,7,102,132,30,162,264
07/26/2022,BKV,FL,ASO,ES,Federal Contract Tower,0,2,12,0,14,0,3,66,2,71,0,5,78,2,85,114,10,124,209
07/27/2022,BKV,FL,ASO,ES,Federal Contract Tower,0,3,9,0,12,0,14,32,9,55,0,17,41,9,67,31,16,47,114
07/28/2022,BKV,FL,ASO,ES,Federal Contract Tower,0,2,11,2,15,0,2,117,11,130,0,4,128,13,145,151,22,173,318
07/29/2022,BKV,FL,ASO,ES,Federal Contract Tower,0,0,9,0,9,0,1,125,4,130,0,1,134,4,139,96,30,126,265
07/30/2022,BKV,FL,ASO,ES,Federal Contract Tower,0,0,11,0,11,0,2,118,0,120,0,2,129,0,131,128,0,128,259
07/31/2022,BKV,FL,ASO,ES,Federal Contract Tower,0,0,6,0,6,0,2,98,0,100,0,2,104,0,106,105,0,105,211
08/01/2022,BKV,FL,ASO,ES,Federal Contract Tower,0,3,2,1,6,0,1,122,7,130,0,4,124,8,136,221,33,254,390
08/02/2022,BKV,FL,ASO,ES,Federal Contract Tower,0,7,7,0,14,0,4,76,4,84,0,11,83,4,98,96,6,102,200
08/03/2022,BKV,FL,ASO,ES,Federal Contract Tower,0,1,10,0,11,0,3,78,5,86,0,4,88,5,97,122,42,164,261
08/04/2022,BKV,FL,ASO,ES,Federal Contract Tower,0,0,11,0,11,0,1,100,6,107,0,1,111,6,118,122,9,131,249
08/05/2022,BKV,FL,ASO,ES,Federal Contract Tower,0,0,8,0,8,0,2,97,2,101,0,2,105,2,109,129,0,129,238
08/06/2022,BKV,FL,ASO,ES,Federal Contract Tower,0,0,5,0,5,0,0,86,0,86,0,0,91,0,91,115,0,115,206
08/07/2022,BKV,FL,ASO,ES,Federal Contract Tower,0,0,3,0,3,0,3,71,4,78,0,3,74,4,81,60,29,89,170
08/08/2022,BKV,FL,ASO,ES,Federal Contract Tower,0,2,10,7,19,0,0,54,2,56,0,2,64,9,75,64,7,71,146
08/09/2022,BKV,FL,ASO,ES,Federal Contract Tower,0,2,14,0,16,0,1,65,0,66,0,3,79,0,82,151,0,151,233
08/10/2022,BKV,FL,ASO,ES,Federal Contract Tower,0,5,19,0,24,0,1,90,0,91,0,6,109,0,115,167,0,167,282
08/11/2022,BKV,FL,ASO,ES,Federal Contract Tower,0,3,10,3,16,0,2,94,5,101,0,5,104,8,117,178,20,198,315
08/12/2022,BKV,FL,ASO,ES,Federal Contract Tower,0,1,6,2,9,0,0,44,0,44,0,1,50,2,53,46,0,46,99
08/13/2022,BKV,FL,ASO,ES,Federal Contract Tower,0,0,11,0,11,0,1,111,0,112,0,1,122,0,123,180,0,180,303
08/14/2022,BKV,FL,ASO,ES,Federal Contract Tower,0,1,11,0,12,0,0,31,2,33,0,1,42,2,45,52,0,52,97
08/15/2022,BKV,FL,ASO,ES,Federal Contract Tower,0,1,7,0,8,0,3,87,13,103,0,4,94,13,111,172,72,244,355
08/16/2022,BKV,FL,ASO,ES,Federal Contract Tower,0,3,14,0,17,0,4,96,2,102,0,7,110,2,119,117,0,117,236
08/17/2022,BKV,FL,ASO,ES,Federal Contract Tower,0,3,15,0,18,0,2,46,7,55,0,5,61,7,73,121,14,135,208
08/18/2022,BKV,FL,ASO,ES,Federal Contract Tower,0,0,7,0,7,0,0,29,3,32,0,0,36,3,39,54,38,92,131
08/19/2022,BKV,FL,ASO,ES,Federal Contract Tower,0,2,4,0,6,0,1,89,5,95,0,3,93,5,101,112,40,152,253
08/20/2022,BKV,FL,ASO,ES,Federal Contract Tower,0,2,13,1,16,0,2,80,0,82,0,4,93,1,98,124,0,124,222
08/21/2022,BKV,FL,ASO,ES,Federal Contract Tower,0,0,7,0,7,0,2,62,0,64,0,2,69,0,71,79,0,79,150
08/22/2022,BKV,FL,ASO,ES,Federal Contract Tower,0,2,14,4,20,0,0,68,2,70,0,2,82,6,90,89,47,136,226
08/23/2022,BKV,FL,ASO,ES,Federal Contract Tower,0,3,5,0,8,0,6,101,2,109,0,9,106,2,117,154,27,181,298
08/24/2022,BKV,FL,ASO,ES,Federal Contract Tower,0,3,11,1,15,0,0,85,2,87,0,3,96,3,102,164,0,164,266
08/25/2022,BKV,FL,ASO,ES,Federal Contract Tower,0,2,16,0,18,0,45,102,0,147,0,47,118,0,165,187,0,187,352
08/26/2022,BKV,FL,ASO,ES,Federal Contract Tower,0,4,7,1,12,0,0,78,5,83,0,4,85,6,95,144,27,171,266
08/27/2022,BKV,FL,ASO,ES,Federal Contract Tower,0,2,6,0,8,0,1,40,0,41,0,3,46,0,49,144,0,144,193
08/28/2022,BKV,FL,ASO,ES,Federal Contract Tower,0,4,18,0,22,0,1,28,0,29,0,5,46,0,51,50,0,50,101
08/29/2022,BKV,FL,ASO,ES,Federal Contract Tower,0,2,12,0,14,0,0,57,0,57,0,2,69,0,71,129,0,129,200
08/30/2022,BKV,FL,ASO,ES,Federal Contract Tower,0,0,19,0,19,0,0,34,4,38,0,0,53,4,57,0,5,5,62
08/31/2022,BKV,FL,ASO,ES,Federal Contract Tower,0,0,19,0,19,0,5,76,5,86,0,5,95,5,105,156,10,166,271
09/01/2022,BKV,FL,ASO,ES,Federal Contract Tower,0,0,3,0,3,0,0,114,7,121,0,0,117,7,124,139,13,152,276
09/02/2022,BKV,FL,ASO,ES,Federal Contract Tower,0,3,16,0,19,0,2,57,0,59,0,5,73,0,78,120,0,120,198
09/03/2022,BKV,FL,ASO,ES,Federal Contract Tower,0,1,10,0,11,0,4,103,0,107,0,5,113,0,118,138,0,138,256
09/04/2022,BKV,FL,ASO,ES,Federal Contract Tower,0,2,2,0,4,0,3,79,6,88,0,5,81,6,92,76,20,96,188
09/05/2022,BKV,FL,ASO,ES,Federal Contract Tower,0,0,20,1,21,0,4,83,14,101,0,4,103,15,122,106,2,108,230
09/06/2022,BKV,FL,ASO,ES,Federal Contract Tower,0,1,14,3,18,0,0,113,1,114,0,1,127,4,132,229,14,243,375
09/07/2022,BKV,FL,ASO,ES,Federal Contract Tower,0,1,10,1,12,0,2,94,11,107,0,3,104,12,119,130,59,189,308
09/08/2022,BKV,FL,ASO,ES,Federal Contract Tower,0,1,9,0,10,0,0,0,6,6,0,1,9,6,16,0,18,18,34
09/09/2022,BKV,FL,ASO,ES,Federal Contract Tower,0,0,11,0,11,0,0,48,7,55,0,0,59,7,66,145,0,145,211
09/10/2022,BKV,FL,ASO,ES,Federal Contract Tower,0,1,7,0,8,0,0,37,0,37,0,1,44,0,45,74,0,74,119
09/11/2022,BKV,FL,ASO,ES,Federal Contract Tower,0,0,7,0,7,0,2,75,0,77,0,2,82,0,84,102,0,102,186
09/12/2022,BKV,FL,ASO,ES,Federal Contract Tower,0,2,6,0,8,0,4,74,7,85,0,6,80,7,93,124,14,138,231
09/13/2022,BKV,FL,ASO,ES,Federal Contract Tower,0,0,6,0,6,0,0,80,0,80,0,0,86,0,86,142,0,142,228
09/14/2022,BKV,FL,ASO,ES,Federal Contract Tower,0,0,6,0,6,0,0,79,10,89,0,0,85,10,95,131,0,131,226
09/15/2022,BKV,FL,ASO,ES,Federal Contract Tower,0,3,13,2,18,0,0,75,13,88,0,3,88,15,106,84,26,110,216
09/16/2022,BKV,FL,ASO,ES,Federal Contract Tower,0,3,13,2,18,0,3,45,1,49,0,6,58,3,67,88,3,91,158
09/17/2022,BKV,FL,ASO,ES,Federal Contract Tower,0,0,10,0,10,0,1,63,0,64,0,1,73,0,74,168,0,168,242
09/18/2022,BKV,FL,ASO,ES,Federal Contract Tower,0,0,21,0,21,0,2,30,6,38,0,2,51,6,59,164,2,166,225
09/19/2022,BKV,FL,ASO,ES,Federal Contract Tower,0,1,21,9,31,0,4,66,2,72,0,5,87,11,103,112,22,134,237
09/20/2022,BKV,FL,ASO,ES,Federal Contract Tower,0,0,7,0,7,0,0,86,0,86,0,0,93,0,93,210,0,210,303
09/21/2022,BKV,FL,ASO,ES,Federal Contract Tower,0,1,29,10,40,0,1,110,12,123,0,2,139,22,163,215,10,225,388
09/22/2022,BKV,FL,ASO,ES,Federal Contract Tower,0,1,5,2,8,0,0,110,8,118,0,1,115,10,126,190,1,191,317
09/23/2022,BKV,FL,ASO,ES,Federal Contract Tower,0,2,9,0,11,0,3,122,5,130,0,5,131,5,141,221,10,231,372
09/24/2022,BKV,FL,ASO,ES,Federal Contract Tower,0,0,5,0,5,0,2,128,0,130,0,2,133,0,135,233,0,233,368
09/25/2022,BKV,FL,ASO,ES,Federal Contract Tower,0,1,4,0,5,0,4,109,2,115,0,5,113,2,120,104,20,124,244
09/26/2022,BKV,FL,ASO,ES,Federal Contract Tower,0,2,10,0,12,0,4,84,2,90,0,6,94,2,102,104,6,110,212
09/27/2022,BKV,FL,ASO,ES,Federal Contract Tower,0,6,15,0,21,0,5,24,4,33,0,11,39,4,54,8,0,8,62
09/28/2022,BKV,FL,ASO,ES,Federal Contract Tower,0,0,0,0,0,0,0,0,0,0,0,0,0,0,0,0,0,0,0
09/29/2022,BKV,FL,ASO,ES,Federal Contract Tower,0,0,4,0,4,0,15,5,5,25,0,15,9,5,29,0,0,0,29
09/30/2022,BKV,FL,ASO,ES,Federal Contract Tower,0,1,6,0,7,0,9,82,6,97,0,10,88,6,104,67,0,67,171
10/01/2022,BKV,FL,ASO,ES,Federal Contract Tower,0,0,9,0,9,0,5,107,0,112,0,5,116,0,121,92,0,92,213
10/02/2022,BKV,FL,ASO,ES,Federal Contract Tower,0,4,8,0,12,0,0,81,2,83,0,4,89,2,95,108,0,108,203
10/03/2022,BKV,FL,ASO,ES,Federal Contract Tower,0,2,3,0,5,0,0,64,2,66,0,2,67,2,71,92,0,92,163
10/04/2022,BKV,FL,ASO,ES,Federal Contract Tower,0,2,15,0,17,0,5,121,2,128,0,7,136,2,145,200,0,200,345
10/05/2022,BKV,FL,ASO,ES,Federal Contract Tower,0,1,16,0,17,0,1,113,7,121,0,2,129,7,138,174,14,188,326
10/06/2022,BKV,FL,ASO,ES,Federal Contract Tower,0,1,17,0,18,0,4,127,4,135,0,5,144,4,153,195,0,195,348
10/07/2022,BKV,FL,ASO,ES,Federal Contract Tower,0,0,21,0,21,0,2,121,9,132,0,2,142,9,153,194,2,196,349
10/08/2022,BKV,FL,ASO,ES,Federal Contract Tower,0,0,9,0,9,0,1,160,1,162,0,1,169,1,171,78,0,78,249
10/09/2022,BKV,FL,ASO,ES,Federal Contract Tower,0,2,5,0,7,0,3,99,1,103,0,5,104,1,110,118,0,118,228
10/10/2022,BKV,FL,ASO,ES,Federal Contract Tower,0,2,15,0,17,0,8,98,2,108,0,10,113,2,125,181,0,181,306
10/11/2022,BKV,FL,ASO,ES,Federal Contract Tower,0,4,10,0,14,0,2,111,0,113,0,6,121,0,127,272,0,272,399
10/12/2022,BKV,FL,ASO,ES,Federal Contract Tower,0,2,19,0,21,0,4,103,5,112,0,6,122,5,133,254,12,266,399
10/13/2022,BKV,FL,ASO,ES,Federal Contract Tower,0,7,5,4,16,0,0,75,5,80,0,7,80,9,96,177,30,207,303
10/14/2022,BKV,FL,ASO,ES,Federal Contract Tower,0,1,14,5,20,0,2,110,4,116,0,3,124,9,136,105,22,127,263
10/15/2022,BKV,FL,ASO,ES,Federal Contract Tower,0,2,5,0,7,0,0,112,0,112,0,2,117,0,119,136,0,136,255
10/16/2022,BKV,FL,ASO,ES,Federal Contract Tower,0,1,16,3,20,0,9,78,0,87,0,10,94,3,107,90,0,90,197
10/17/2022,BKV,FL,ASO,ES,Federal Contract Tower,0,2,6,1,9,0,0,72,1,73,0,2,78,2,82,126,46,172,254
10/18/2022,BKV,FL,ASO,ES,Federal Contract Tower,0,3,8,0,11,0,0,121,3,124,0,3,129,3,135,181,4,185,320
10/19/2022,BKV,FL,ASO,ES,Federal Contract Tower,0,4,11,1,16,0,0,106,0,106,0,4,117,1,122,84,0,84,206
10/20/2022,BKV,FL,ASO,ES,Federal Contract Tower,0,1,7,0,8,0,1,115,11,127,0,2,122,11,135,212,0,212,347
10/21/2022,BKV,FL,ASO,ES,Federal Contract Tower,0,1,13,0,14,0,2,87,2,91,0,3,100,2,105,179,15,194,299
10/22/2022,BKV,FL,ASO,ES,Federal Contract Tower,0,3,16,0,19,0,0,101,8,109,0,3,117,8,128,92,0,92,220
10/23/2022,BKV,FL,ASO,ES,Federal Contract Tower,0,1,5,0,6,0,0,98,6,104,0,1,103,6,110,64,0,64,174
10/24/2022,BKV,FL,ASO,ES,Federal Contract Tower,0,3,12,1,16,0,2,146,10,158,0,5,158,11,174,250,82,332,506
10/25/2022,BKV,FL,ASO,ES,Federal Contract Tower,0,2,6,2,10,0,2,129,9,140,0,4,135,11,150,222,24,246,396
10/26/2022,BKV,FL,ASO,ES,Federal Contract Tower,0,3,10,1,14,0,5,104,5,114,0,8,114,6,128,113,12,125,253
10/27/2022,BKV,FL,ASO,ES,Federal Contract Tower,0,0,26,3,29,0,1,68,13,82,0,1,94,16,111,176,21,197,308
10/28/2022,BKV,FL,ASO,ES,Federal Contract Tower,0,2,24,2,28,0,0,66,2,68,0,2,90,4,96,103,42,145,241
10/29/2022,BKV,FL,ASO,ES,Federal Contract Tower,0,3,19,0,22,0,0,35,0,35,0,3,54,0,57,44,0,44,101
10/30/2022,BKV,FL,ASO,ES,Federal Contract Tower,0,3,9,0,12,0,7,84,8,99,0,10,93,8,111,122,10,132,243
10/31/2022,BKV,FL,ASO,ES,Federal Contract Tower,0,2,18,0,20,0,4,138,4,146,0,6,156,4,166,300,0,300,466
11/01/2022,BKV,FL,ASO,ES,Federal Contract Tower,0,2,23,1,26,0,3,153,6,162,0,5,176,7,188,192,3,195,383
11/02/2022,BKV,FL,ASO,ES,Federal Contract Tower,0,6,26,12,44,0,2,44,18,64,0,8,70,30,108,0,6,6,114
11/03/2022,BKV,FL,ASO,ES,Federal Contract Tower,0,2,25,1,28,0,9,120,4,133,0,11,145,5,161,113,14,127,288
11/04/2022,BKV,FL,ASO,ES,Federal Contract Tower,0,2,19,2,23,0,2,121,0,123,0,4,140,2,146,176,0,176,322
11/05/2022,BKV,FL,ASO,ES,Federal Contract Tower,0,5,3,0,8,0,2,106,0,108,0,7,109,0,116,176,0,176,292
11/06/2022,BKV,FL,ASO,ES,Federal Contract Tower,0,0,7,0,7,0,2,81,3,86,0,2,88,3,93,69,0,69,162
11/07/2022,BKV,FL,ASO,ES,Federal Contract Tower,0,3,20,0,23,0,5,95,8,108,0,8,115,8,131,61,47,108,239
11/08/2022,BKV,FL,ASO,ES,Federal Contract Tower,0,2,8,0,10,0,5,54,4,63,0,7,62,4,73,54,0,54,127
11/09/2022,BKV,FL,ASO,ES,Federal Contract Tower,0,2,7,2,11,0,0,4,4,8,0,2,11,6,19,2,20,22,41
11/10/2022,BKV,FL,ASO,ES,Federal Contract Tower,0,2,4,0,6,0,0,0,0,0,0,2,4,0,6,0,0,0,6
11/11/2022,BKV,FL,ASO,ES,Federal Contract Tower,0,3,11,0,14,0,5,53,2,60,0,8,64,2,74,61,18,79,153
11/12/2022,BKV,FL,ASO,ES,Federal Contract Tower,0,0,20,0,20,0,0,132,0,132,0,0,152,0,152,181,0,181,333
11/13/2022,BKV,FL,ASO,ES,Federal Contract Tower,0,3,12,0,15,0,0,13,0,13,0,3,25,0,28,36,0,36,64
11/14/2022,BKV,FL,ASO,ES,Federal Contract Tower,0,2,21,0,23,0,4,139,0,143,0,6,160,0,166,129,0,129,295
11/15/2022,BKV,FL,ASO,ES,Federal Contract Tower,0,1,10,0,11,0,3,150,5,158,0,4,160,5,169,292,14,306,475
11/16/2022,BKV,FL,ASO,ES,Federal Contract Tower,0,5,44,2,51,0,19,36,9,64,0,24,80,11,115,74,42,116,231
11/17/2022,BKV,FL,ASO,ES,Federal Contract Tower,0,6,11,0,17,0,0,146,23,169,0,6,157,23,186,166,10,176,362
11/18/2022,BKV,FL,ASO,ES,Federal Contract Tower,0,2,16,0,18,0,3,122,8,133,0,5,138,8,151,176,67,243,394
11/19/2022,BKV,FL,ASO,ES,Federal Contract Tower,0,4,4,1,9,0,6,120,0,126,0,10,124,1,135,148,0,148,283
11/20/2022,BKV,FL,ASO,ES,Federal Contract Tower,0,3,14,0,17,0,3,18,0,21,0,6,32,0,38,18,0,18,56
11/21/2022,BKV,FL,ASO,ES,Federal Contract Tower,0,0,15,2,17,0,7,120,0,127,0,7,135,2,144,177,10,187,331
11/22/2022,BKV,FL,ASO,ES,Federal Contract Tower,0,6,27,2,35,0,3,25,6,34,0,9,52,8,69,11,0,11,80
11/23/2022,BKV,FL,ASO,ES,Federal Contract Tower,0,0,21,1,22,0,0,70,2,72,0,0,91,3,94,82,16,98,192
11/24/2022,BKV,FL,ASO,ES,Federal Contract Tower,0,1,12,12,25,0,1,2,0,3,0,2,14,12,28,27,0,27,55
11/25/2022,BKV,FL,ASO,ES,Federal Contract Tower,0,7,14,0,21,0,3,56,2,61,0,10,70,2,82,122,6,128,210
11/26/2022,BKV,FL,ASO,ES,Federal Contract Tower,0,1,29,0,30,0,0,14,2,16,0,1,43,2,46,92,12,104,150
11/27/2022,BKV,FL,ASO,ES,Federal Contract Tower,0,1,12,0,13,0,0,9,0,9,0,1,21,0,22,14,0,14,36
11/28/2022,BKV,FL,ASO,ES,Federal Contract Tower,0,0,13,0,13,0,4,143,2,149,0,4,156,2,162,131,0,131,293
11/29/2022,BKV,FL,ASO,ES,Federal Contract Tower,0,0,19,1,20,0,3,141,11,155,0,3,160,12,175,167,18,185,360
11/30/2022,BKV,FL,ASO,ES,Federal Contract Tower,0,2,4,0,6,0,0,126,12,138,0,2,130,12,144,134,48,182,326
12/01/2022,BKV,FL,ASO,ES,Federal Contract Tower,0,3,14,2,19,0,3,117,17,137,0,6,131,19,156,109,73,182,338
12/02/2022,BKV,FL,ASO,ES,Federal Contract Tower,0,1,4,4,9,0,6,107,6,119,0,7,111,10,128,121,34,155,283
12/03/2022,BKV,FL,ASO,ES,Federal Contract Tower,0,1,16,0,17,0,2,147,0,149,0,3,163,0,166,137,0,137,303
12/04/2022,BKV,FL,ASO,ES,Federal Contract Tower,0,0,11,0,11,0,5,95,0,100,0,5,106,0,111,62,0,62,173
12/05/2022,BKV,FL,ASO,ES,Federal Contract Tower,0,5,20,1,26,0,3,104,8,115,0,8,124,9,141,125,81,206,347
12/06/2022,BKV,FL,ASO,ES,Federal Contract Tower,0,3,14,2,19,0,0,87,9,96,0,3,101,11,115,77,30,107,222
12/07/2022,BKV,FL,ASO,ES,Federal Contract Tower,0,3,23,4,30,0,5,155,11,171,0,8,178,15,201,118,54,172,373
12/08/2022,BKV,FL,ASO,ES,Federal Contract Tower,0,2,12,3,17,0,4,123,16,143,0,6,135,19,160,133,54,187,347
12/09/2022,BKV,FL,ASO,ES,Federal Contract Tower,0,9,12,2,23,0,1,80,3,84,0,10,92,5,107,87,47,134,241
12/10/2022,BKV,FL,ASO,ES,Federal Contract Tower,0,3,17,0,20,0,5,129,0,134,0,8,146,0,154,62,0,62,216
12/11/2022,BKV,FL,ASO,ES,Federal Contract Tower,0,1,15,1,17,0,0,2,0,2,0,1,17,1,19,26,4,30,49
12/12/2022,BKV,FL,ASO,ES,Federal Contract Tower,0,5,16,0,21,0,2,89,4,95,0,7,105,4,116,117,18,135,251
12/13/2022,BKV,FL,ASO,ES,Federal Contract Tower,0,2,28,1,31,0,1,109,7,117,0,3,137,8,148,109,2,111,259
12/14/2022,BKV,FL,ASO,ES,Federal Contract Tower,0,1,30,8,39,0,0,97,9,106,0,1,127,17,145,133,50,183,328
12/15/2022,BKV,FL,ASO,ES,Federal Contract Tower,0,6,7,0,13,0,2,2,10,14,0,8,9,10,27,42,61,103,130
12/16/2022,BKV,FL,ASO,ES,Federal Contract Tower,0,2,18,1,21,0,1,109,4,114,0,3,127,5,135,185,21,206,341
12/17/2022,BKV,FL,ASO,ES,Federal Contract Tower,0,1,6,0,7,0,2,92,1,95,0,3,98,1,102,129,0,129,231
12/18/2022,BKV,FL,ASO,ES,Federal Contract Tower,0,6,4,6,16,0,7,69,0,76,0,13,73,6,92,146,0,146,238
12/19/2022,BKV,FL,ASO,ES,Federal Contract Tower,0,4,26,0,30,0,0,66,10,76,0,4,92,10,106,132,20,152,258
12/20/2022,BKV,FL,ASO,ES,Federal Contract Tower,0,6,8,0,14,0,0,34,10,44,0,6,42,10,58,51,70,121,179
12/21/2022,BKV,FL,ASO,ES,Federal Contract Tower,0,1,47,6,54,0,0,0,0,0,0,1,47,6,54,0,0,0,54
12/22/2022,BKV,FL,ASO,ES,Federal Contract Tower,0,4,12,0,16,0,0,2,0,2,0,4,14,0,18,122,0,122,140
12/23/2022,BKV,FL,ASO,ES,Federal Contract Tower,0,0,9,1,10,0,1,36,1,38,0,1,45,2,48,0,28,28,76
12/24/2022,BKV,FL,ASO,ES,Federal Contract Tower,0,0,13,0,13,0,0,54,0,54,0,0,67,0,67,85,0,85,152
12/25/2022,BKV,FL,ASO,ES,Federal Contract Tower,0,0,9,0,9,0,2,23,0,25,0,2,32,0,34,22,0,22,56
12/26/2022,BKV,FL,ASO,ES,Federal Contract Tower,0,1,11,0,12,0,0,77,0,77,0,1,88,0,89,159,0,159,248
12/27/2022,BKV,FL,ASO,ES,Federal Contract Tower,0,1,25,0,26,0,3,99,2,104,0,4,124,2,130,115,3,118,248
12/28/2022,BKV,FL,ASO,ES,Federal Contract Tower,0,0,11,0,11,0,2,160,4,166,0,2,171,4,177,136,0,136,313
12/29/2022,BKV,FL,ASO,ES,Federal Contract Tower,0,1,14,0,15,0,5,125,2,132,0,6,139,2,147,150,0,150,297
12/30/2022,BKV,FL,ASO,ES,Federal Contract Tower,0,0,9,0,9,0,3,106,0,109,0,3,115,0,118,138,0,138,256
12/31/2022,BKV,FL,ASO,ES,Federal Contract Tower,0,0,0,0,0,0,1,0,0,1,0,1,0,0,1,0,0,0,1
01/01/2023,BKV,FL,ASO,ES,Federal Contract Tower,0,0,6,0,6,0,0,14,0,14,0,0,20,0,20,28,0,28,48
01/02/2023,BKV,FL,ASO,ES,Federal Contract Tower,0,4,21,0,25,0,0,102,0,102,0,4,123,0,127,181,0,181,308
01/03/2023,BKV,FL,ASO,ES,Federal Contract Tower,0,4,5,0,9,0,0,93,0,93,0,4,98,0,102,92,0,92,194
01/04/2023,BKV,FL,ASO,ES,Federal Contract Tower,0,4,16,1,21,0,1,14,21,36,0,5,30,22,57,19,22,41,98
01/05/2023,BKV,FL,ASO,ES,Federal Contract Tower,0,1,6,1,8,0,1,66,7,74,0,2,72,8,82,66,2,68,150
01/06/2023,BKV,FL,ASO,ES,Federal Contract Tower,0,6,18,3,27,0,3,111,2,116,0,9,129,5,143,179,5,184,327
01/07/2023,BKV,FL,ASO,ES,Federal Contract Tower,0,6,6,0,12,0,10,141,0,151,0,16,147,0,163,184,0,184,347
01/08/2023,BKV,FL,ASO,ES,Federal Contract Tower,0,3,8,6,17,0,1,99,2,102,0,4,107,8,119,186,6,192,311
01/09/2023,BKV,FL,ASO,ES,Federal Contract Tower,0,0,17,0,17,0,0,81,5,86,0,0,98,5,103,208,63,271,374
01/10/2023,BKV,FL,ASO,ES,Federal Contract Tower,0,4,11,2,17,0,1,89,5,95,0,5,100,7,112,162,0,162,274
01/11/2023,BKV,FL,ASO,ES,Federal Contract Tower,0,2,16,1,19,0,3,116,4,123,0,5,132,5,142,155,17,172,314
01/12/2023,BKV,FL,ASO,ES,Federal Contract Tower,0,2,19,0,21,0,0,269,11,280,0,2,288,11,301,133,22,155,456
01/13/2023,BKV,FL,ASO,ES,Federal Contract Tower,0,3,15,1,19,0,0,8,6,14,0,3,23,7,33,0,6,6,39
01/14/2023,BKV,FL,ASO,ES,Federal Contract Tower,0,0,18,0,18,0,2,55,10,67,0,2,73,10,85,50,0,50,135
01/15/2023,BKV,FL,ASO,ES,Federal Contract Tower,0,0,6,0,6,0,2,103,6,111,0,2,109,6,117,250,0,250,367
01/16/2023,BKV,FL,ASO,ES,Federal Contract Tower,0,1,13,6,20,0,1,115,6,122,0,2,128,12,142,219,6,225,367
01/17/2023,BKV,FL,ASO,ES,Federal Contract Tower,0,3,20,2,25,0,6,110,7,123,0,9,130,9,148,138,0,138,286
01/18/2023,BKV,FL,ASO,ES,Federal Contract Tower,0,3,19,0,22,0,3,102,7,112,0,6,121,7,134,168,0,168,302
01/19/2023,BKV,FL,ASO,ES,Federal Contract Tower,0,1,20,0,21,0,1,85,16,102,0,2,105,16,123,78,52,130,253
01/20/2023,BKV,FL,ASO,ES,Federal Contract Tower,0,1,13,10,24,0,2,94,16,112,0,3,107,26,136,156,98,254,390
01/21/2023,BKV,FL,ASO,ES,Federal Contract Tower,0,1,8,0,9,0,0,63,8,71,0,1,71,8,80,171,43,214,294
01/22/2023,BKV,FL,ASO,ES,Federal Contract Tower,0,2,7,0,9,0,2,20,10,32,0,4,27,10,41,16,0,16,57
01/23/2023,BKV,FL,ASO,ES,Federal Contract Tower,0,3,10,4,17,0,2,80,4,86,0,5,90,8,103,149,31,180,283
01/24/2023,BKV,FL,ASO,ES,Federal Contract Tower,0,3,8,4,15,0,2,143,8,153,0,5,151,12,168,209,0,209,377
01/25/2023,BKV,FL,ASO,ES,Federal Contract Tower,0,1,1,0,2,0,1,33,15,49,0,2,34,15,51,45,44,89,140
01/26/2023,BKV,FL,ASO,ES,Federal Contract Tower,0,0,17,1,18,0,2,104,2,108,0,2,121,3,126,147,0,147,273
01/27/2023,BKV,FL,ASO,ES,Federal Contract Tower,0,3,14,0,17,0,1,134,6,141,0,4,148,6,158,167,6,173,331
01/28/2023,BKV,FL,ASO,ES,Federal Contract Tower,0,0,8,0,8,0,2,111,1,114,0,2,119,1,122,219,0,219,341
01/29/2023,BKV,FL,ASO,ES,Federal Contract Tower,0,1,7,0,8,0,4,110,2,116,0,5,117,2,124,124,0,124,248
01/30/2023,BKV,FL,ASO,ES,Federal Contract Tower,0,4,9,4,17,0,7,144,10,161,0,11,153,14,178,186,33,219,397
01/31/2023,BKV,FL,ASO,ES,Federal Contract Tower,0,2,13,0,15,0,3,106,5,114,0,5,119,5,129,163,7,170,299
02/01/2023,BKV,FL,ASO,ES,Federal Contract Tower,0,5,20,0,25,0,5,116,7,128,0,10,136,7,153,228,14,242,395
02/02/2023,BKV,FL,ASO,ES,Federal Contract Tower,0,1,10,4,15,0,2,103,12,117,0,3,113,16,132,229,14,243,375
02/03/2023,BKV,FL,ASO,ES,Federal Contract Tower,0,0,20,4,24,0,0,23,2,25,0,0,43,6,49,7,0,7,56
02/04/2023,BKV,FL,ASO,ES,Federal Contract Tower,0,0,13,0,13,0,4,70,2,76,0,4,83,2,89,40,0,40,129
02/05/2023,BKV,FL,ASO,ES,Federal Contract Tower,0,1,24,2,27,0,2,83,5,90,0,3,107,7,117,128,0,128,245
02/06/2023,BKV,FL,ASO,ES,Federal Contract Tower,0,1,17,0,18,0,2,107,7,116,0,3,124,7,134,161,42,203,337
02/07/2023,BKV,FL,ASO,ES,Federal Contract Tower,0,1,9,0,10,0,2,89,9,100,0,3,98,9,110,282,11,293,403
02/08/2023,BKV,FL,ASO,ES,Federal Contract Tower,0,5,14,0,19,0,2,140,5,147,0,7,154,5,166,250,30,280,446
02/09/2023,BKV,FL,ASO,ES,Federal Contract Tower,0,3,16,2,21,0,2,79,4,85,0,5,95,6,106,22,22,44,150
02/10/2023,BKV,FL,ASO,ES,Federal Contract Tower,0,3,29,0,32,0,0,49,7,56,0,3,78,7,88,134,29,163,251
02/11/2023,BKV,FL,ASO,ES,Federal Contract Tower,0,1,6,0,7,0,0,4,0,4,0,1,10,0,11,2,0,2,13
02/12/2023,BKV,FL,ASO,ES,Federal Contract Tower,0,0,6,1,7,0,6,4,1,11,0,6,10,2,18,6,0,6,24
02/13/2023,BKV,FL,ASO,ES,Federal Contract Tower,0,1,14,0,15,0,6,121,4,131,0,7,135,4,146,225,2,227,373
02/14/2023,BKV,FL,ASO,ES,Federal Contract Tower,0,1,6,0,7,0,1,157,4,162,0,2,163,4,169,197,8,205,374
02/15/2023,BKV,FL,ASO,ES,Federal Contract Tower,0,1,17,0,18,0,4,178,6,188,0,5,195,6,206,234,38,272,478
02/16/2023,BKV,FL,ASO,ES,Federal Contract Tower,0,4,11,1,16,0,1,136,5,142,0,5,147,6,158,193,18,211,369
02/17/2023,BKV,FL,ASO,ES,Federal Contract Tower,0,3,15,0,18,0,2,94,2,98,0,5,109,2,116,90,0,90,206
02/18/2023,BKV,FL,ASO,ES,Federal Contract Tower,0,4,5,0,9,0,3,105,0,108,0,7,110,0,117,112,0,112,229
02/19/2023,BKV,FL,ASO,ES,Federal Contract Tower,0,0,13,0,13,0,0,78,2,80,0,0,91,2,93,133,31,164,257
02/20/2023,BKV,FL,ASO,ES,Federal Contract Tower,0,1,20,0,21,0,3,96,0,99,0,4,116,0,120,226,0,226,346
02/21/2023,BKV,FL,ASO,ES,Federal Contract Tower,0,0,18,5,23,0,0,133,16,149,0,0,151,21,172,166,26,192,364
02/22/2023,BKV,FL,ASO,ES,Federal Contract Tower,0,1,15,0,16,0,2,136,18,156,0,3,151,18,172,133,21,154,326
02/23/2023,BKV,FL,ASO,ES,Federal Contract Tower,0,5,15,0,20,0,0,121,8,129,0,5,136,8,149,137,7,144,293
02/24/2023,BKV,FL,ASO,ES,Federal Contract Tower,0,4,15,1,20,0,2,85,21,108,0,6,100,22,128,138,75,213,341
02/25/2023,BKV,FL,ASO,ES,Federal Contract Tower,0,2,10,0,12,0,0,77,7,84,0,2,87,7,96,136,1,137,233
02/26/2023,BKV,FL,ASO,ES,Federal Contract Tower,0,2,13,2,17,0,1,70,4,75,0,3,83,6,92,124,14,138,230
02/27/2023,BKV,FL,ASO,ES,Federal Contract Tower,0,1,20,3,24,0,0,72,10,82,0,1,92,13,106,126,17,143,249
02/28/2023,BKV,FL,ASO,ES,Federal Contract Tower,0,1,26,2,29,0,0,51,1,52,0,1,77,3,81,135,39,174,255
03/01/2023,BKV,FL,ASO,ES,Federal Contract Tower,0,4,8,0,12,0,5,106,6,117,0,9,114,6,129,154,22,176,305
03/02/2023,BKV,FL,ASO,ES,Federal Contract Tower,0,2,14,3,19,0,0,125,10,135,0,2,139,13,154,242,18,260,414
03/03/2023,BKV,FL,ASO,ES,Federal Contract Tower,0,0,15,0,15,0,4,42,7,53,0,4,57,7,68,44,31,75,143
03/04/2023,BKV,FL,ASO,ES,Federal Contract Tower,0,3,15,0,18,0,2,42,0,44,0,5,57,0,62,42,0,42,104
03/05/2023,BKV,FL,ASO,ES,Federal Contract Tower,0,1,17,0,18,0,2,109,2,113,0,3,126,2,131,161,0,161,292
03/06/2023,BKV,FL,ASO,ES,Federal Contract Tower,0,1,9,3,13,0,0,113,11,124,0,1,122,14,137,234,46,280,417
03/07/2023,BKV,FL,ASO,ES,Federal Contract Tower,0,2,20,0,22,0,0,92,12,104,0,2,112,12,126,159,0,159,285
03/08/2023,BKV,FL,ASO,ES,Federal Contract Tower,0,3,22,0,25,0,6,137,4,147,0,9,159,4,172,134,18,152,324
03/09/2023,BKV,FL,ASO,ES,Federal Contract Tower,0,1,5,1,7,0,2,170,13,185,0,3,175,14,192,248,24,272,464
03/10/2023,BKV,FL,ASO,ES,Federal Contract Tower,0,8,12,2,22,0,2,76,4,82,0,10,88,6,104,63,65,128,232
03/11/2023,BKV,FL,ASO,ES,Federal Contract Tower,0,2,9,0,11,0,6,93,4,103,0,8,102,4,114,229,0,229,343
03/12/2023,BKV,FL,ASO,ES,Federal Contract Tower,0,0,6,1,7,0,0,67,2,69,0,0,73,3,76,44,10,54,130
03/13/2023,BKV,FL,ASO,ES,Federal Contract Tower,0,2,12,0,14,0,2,17,5,24,0,4,29,5,38,2,12,14,52
03/14/2023,BKV,FL,ASO,ES,Federal Contract Tower,0,0,14,0,14,0,0,153,6,159,0,0,167,6,173,196,8,204,377
03/15/2023,BKV,FL,ASO,ES,Federal Contract Tower,0,0,8,0,8,0,2,108,10,120,0,2,116,10,128,159,6,165,293
03/16/2023,BKV,FL,ASO,ES,Federal Contract Tower,0,1,25,0,26,0,3,160,6,169,0,4,185,6,195,300,4,304,499
03/17/2023,BKV,FL,ASO,ES,Federal Contract Tower,0,1,14,2,17,0,3,94,2,99,0,4,108,4,116,251,0,251,367
03/18/2023,BKV,FL,ASO,ES,Federal Contract Tower,0,1,7,0,8,0,0,29,2,31,0,1,36,2,39,10,4,14,53
03/19/2023,BKV,FL,ASO,ES,Federal Contract Tower,0,0,15,0,15,0,4,83,1,88,0,4,98,1,103,102,0,102,205
03/20/2023,BKV,FL,ASO,ES,Federal Contract Tower,0,1,24,0,25,0,3,97,3,103,0,4,121,3,128,238,14,252,380
03/21/2023,BKV,FL,ASO,ES,Federal Contract Tower,0,1,28,6,35,0,0,145,9,154,0,1,173,15,189,231,39,270,459
03/22/2023,BKV,FL,ASO,ES,Federal Contract Tower,0,2,11,2,15,0,5,117,14,136,0,7,128,16,151,172,62,234,385
03/23/2023,BKV,FL,ASO,ES,Federal Contract Tower,0,0,20,2,22,0,2,148,8,158,0,2,168,10,180,302,30,332,512
03/24/2023,BKV,FL,ASO,ES,Federal Contract Tower,0,6,24,0,30,0,4,136,6,146,0,10,160,6,176,100,49,149,325
03/25/2023,BKV,FL,ASO,ES,Federal Contract Tower,0,3,12,0,15,0,2,42,5,49,0,5,54,5,64,65,0,65,129
03/26/2023,BKV,FL,ASO,ES,Federal Contract Tower,0,0,8,0,8,0,1,70,0,71,0,1,78,0,79,78,0,78,157
03/27/2023,BKV,FL,ASO,ES,Federal Contract Tower,0,0,14,3,17,0,3,95,7,105,0,3,109,10,122,172,58,230,352
03/28/2023,BKV,FL,ASO,ES,Federal Contract Tower,0,3,14,0,17,0,3,78,2,83,0,6,92,2,100,96,25,121,221
03/29/2023,BKV,FL,ASO,ES,Federal Contract Tower,0,4,21,0,25,0,2,165,8,175,0,6,186,8,200,181,50,231,431
03/30/2023,BKV,FL,ASO,ES,Federal Contract Tower,0,4,17,1,22,0,5,144,6,155,0,9,161,7,177,162,0,162,339
03/31/2023,BKV,FL,ASO,ES,Federal Contract Tower,0,1,15,3,19,0,4,102,15,121,0,5,117,18,140,141,40,181,321
04/01/2023,BKV,FL,ASO,ES,Federal Contract Tower,0,2,18,0,20,0,2,60,1,63,0,4,78,1,83,111,0,111,194
04/02/2023,BKV,FL,ASO,ES,Federal Contract Tower,0,0,17,0,17,0,4,75,0,79,0,4,92,0,96,116,0,116,212
04/03/2023,BKV,FL,ASO,ES,Federal Contract Tower,0,0,16,0,16,0,1,111,6,118,0,1,127,6,134,124,0,124,258
04/04/2023,BKV,FL,ASO,ES,Federal Contract Tower,0,1,24,0,25,0,0,135,6,141,0,1,159,6,166,227,0,227,393
04/05/2023,BKV,FL,ASO,ES,Federal Contract Tower,0,4,13,0,17,0,3,125,7,135,0,7,138,7,152,256,57,313,465
04/06/2023,BKV,FL,ASO,ES,Federal Contract Tower,0,0,9,0,9,0,5,113,5,123,0,5,122,5,132,396,1,397,529
04/07/2023,BKV,FL,ASO,ES,Federal Contract Tower,0,3,28,0,31,0,1,104,9,114,0,4,132,9,145,329,9,338,483
04/08/2023,BKV,FL,ASO,ES,Federal Contract Tower,0,6,10,0,16,0,0,62,3,65,0,6,72,3,81,108,9,117,198
04/09/2023,BKV,FL,ASO,ES,Federal Contract Tower,0,0,9,1,10,0,0,8,1,9,0,0,17,2,19,10,24,34,53
04/10/2023,BKV,FL,ASO,ES,Federal Contract Tower,0,3,12,2,17,0,0,19,2,21,0,3,31,4,38,0,31,31,69
04/11/2023,BKV,FL,ASO,ES,Federal Contract Tower,0,1,4,0,5,0,0,53,2,55,0,1,57,2,60,62,0,62,122
04/12/2023,BKV,FL,ASO,ES,Federal Contract Tower,0,2,22,0,24,0,3,48,5,56,0,5,70,5,80,14,0,14,94
04/13/2023,BKV,FL,ASO,ES,Federal Contract Tower,0,2,17,0,19,0,4,110,2,116,0,6,127,2,135,274,17,291,426
04/14/2023,BKV,FL,ASO,ES,Federal Contract Tower,0,5,14,0,19,0,2,89,5,96,0,7,103,5,115,248,63,311,426
04/15/2023,BKV,FL,ASO,ES,Federal Contract Tower,0,2,14,0,16,0,0,152,4,156,0,2,166,4,172,208,0,208,380
04/16/2023,BKV,FL,ASO,ES,Federal Contract Tower,0,3,14,0,17,0,0,73,1,74,0,3,87,1,91,106,0,106,197
04/17/2023,BKV,FL,ASO,ES,Federal Contract Tower,0,0,15,0,15,0,3,94,10,107,0,3,109,10,122,296,61,357,479
04/18/2023,BKV,FL,ASO,ES,Federal Contract Tower,0,3,19,0,22,0,8,163,6,177,0,11,182,6,199,249,0,249,448
04/19/2023,BKV,FL,ASO,ES,Federal Contract Tower,0,6,21,0,27,0,3,142,3,148,0,9,163,3,175,248,34,282,457
04/20/2023,BKV,FL,ASO,ES,Federal Contract Tower,0,3,20,4,27,0,5,187,5,197,0,8,207,9,224,268,29,297,521
04/21/2023,BKV,FL,ASO,ES,Federal Contract Tower,0,2,16,0,18,0,2,101,6,109,0,4,117,6,127,214,0,214,341
04/22/2023,BKV,FL,ASO,ES,Federal Contract Tower,0,5,8,0,13,0,4,105,0,109,0,9,113,0,122,242,0,242,364
04/23/2023,BKV,FL,ASO,ES,Federal Contract Tower,0,7,7,0,14,0,5,86,2,93,0,12,93,2,107,150,0,150,257
04/24/2023,BKV,FL,ASO,ES,Federal Contract Tower,0,3,12,0,15,0,1,75,2,78,0,4,87,2,93,182,0,182,275
04/25/2023,BKV,FL,ASO,ES,Federal Contract Tower,0,2,7,0,9,0,1,119,0,120,0,3,126,0,129,330,0,330,459
04/26/2023,BKV,FL,ASO,ES,Federal Contract Tower,0,6,15,0,21,0,1,150,4,155,0,7,165,4,176,301,14,315,491
04/27/2023,BKV,FL,ASO,ES,Federal Contract Tower,0,1,11,0,12,0,1,125,6,132,0,2,136,6,144,333,10,343,487
04/28/2023,BKV,FL,ASO,ES,Federal Contract Tower,0,0,11,0,11,0,2,62,0,64,0,2,73,0,75,167,0,167,242
04/29/2023,BKV,FL,ASO,ES,Federal Contract Tower,0,0,9,0,9,0,1,46,0,47,0,1,55,0,56,74,0,74,130
04/30/2023,BKV,FL,ASO,ES,Federal Contract Tower,0,2,4,0,6,0,2,4,0,6,0,4,8,0,12,0,0,0,12
05/01/2023,BKV,FL,ASO,ES,Federal Contract Tower,0,0,16,0,16,0,5,81,2,88,0,5,97,2,104,191,6,197,301
05/02/2023,BKV,FL,ASO,ES,Federal Contract Tower,0,3,7,0,10,0,6,105,0,111,0,9,112,0,121,278,0,278,399
05/03/2023,BKV,FL,ASO,ES,Federal Contract Tower,0,10,14,0,24,0,2,120,0,122,0,12,134,0,146,160,0,160,306
05/04/2023,BKV,FL,ASO,ES,Federal Contract Tower,0,0,15,0,15,0,6,154,3,163,0,6,169,3,178,353,12,365,543
05/05/2023,BKV,FL,ASO,ES,Federal Contract Tower,0,0,14,0,14,0,4,146,4,154,0,4,160,4,168,322,13,335,503
05/06/2023,BKV,FL,ASO,ES,Federal Contract Tower,0,0,16,0,16,0,3,107,0,110,0,3,123,0,126,201,0,201,327
05/07/2023,BKV,FL,ASO,ES,Federal Contract Tower,0,2,16,10,28,0,3,94,0,97,0,5,110,10,125,94,0,94,219
05/08/2023,BKV,FL,ASO,ES,Federal Contract Tower,0,0,13,0,13,0,3,131,4,138,0,3,144,4,151,354,48,402,553
05/09/2023,BKV,FL,ASO,ES,Federal Contract Tower,0,1,11,0,12,0,0,147,0,147,0,1,158,0,159,320,0,320,479
05/10/2023,BKV,FL,ASO,ES,Federal Contract Tower,0,2,28,2,32,0,8,120,6,134,0,10,148,8,166,220,11,231,397
05/11/2023,BKV,FL,ASO,ES,Federal Contract Tower,0,1,17,0,18,0,1,124,10,135,0,2,141,10,153,212,9,221,374
05/12/2023,BKV,FL,ASO,ES,Federal Contract Tower,0,4,11,0,15,0,4,130,11,145,0,8,141,11,160,293,46,339,499
05/13/2023,BKV,FL,ASO,ES,Federal Contract Tower,0,0,9,0,9,0,7,91,0,98,0,7,100,0,107,110,0,110,217
05/14/2023,BKV,FL,ASO,ES,Federal Contract Tower,0,0,8,0,8,0,0,60,0,60,0,0,68,0,68,146,0,146,214
05/15/2023,BKV,FL,ASO,ES,Federal Contract Tower,0,2,11,0,13,0,5,135,5,145,0,7,146,5,158,243,53,296,454
05/16/2023,BKV,FL,ASO,ES,Federal Contract Tower,0,3,13,0,16,0,5,111,2,118,0,8,124,2,134,309,0,309,443
05/17/2023,BKV,FL,ASO,ES,Federal Contract Tower,0,2,22,0,24,0,2,101,8,111,0,4,123,8,135,257,38,295,430
05/18/2023,BKV,FL,ASO,ES,Federal Contract Tower,0,0,12,0,12,0,0,89,6,95,0,0,101,6,107,228,4,232,339
05/19/2023,BKV,FL,ASO,ES,Federal Contract Tower,0,4,13,0,17,0,0,70,5,75,0,4,83,5,92,193,0,193,285
05/20/2023,BKV,FL,ASO,ES,Federal Contract Tower,0,0,12,0,12,0,2,22,0,24,0,2,34,0,36,67,0,67,103
05/21/2023,BKV,FL,ASO,ES,Federal Contract Tower,0,0,17,0,17,0,0,64,3,67,0,0,81,3,84,74,0,74,158
05/22/2023,BKV,FL,ASO,ES,Federal Contract Tower,0,4,18,0,22,0,3,61,3,67,0,7,79,3,89,177,10,187,276
05/23/2023,BKV,FL,ASO,ES,Federal Contract Tower,0,4,9,1,14,0,0,29,9,38,0,4,38,10,52,23,48,71,123
05/24/2023,BKV,FL,ASO,ES,Federal Contract Tower,0,12,30,3,45,0,2,30,6,38,0,14,60,9,83,102,71,173,256
05/25/2023,BKV,FL,ASO,ES,Federal Contract Tower,0,2,29,1,32,0,0,55,2,57,0,2,84,3,89,158,0,158,247
05/26/2023,BKV,FL,ASO,ES,Federal Contract Tower,0,1,14,0,15,0,2,93,2,97,0,3,107,2,112,195,20,215,327
05/27/2023,BKV,FL,ASO,ES,Federal Contract Tower,0,1,4,0,5,0,3,152,0,155,0,4,156,0,160,206,0,206,366
05/28/2023,BKV,FL,ASO,ES,Federal Contract Tower,0,0,10,0,10,0,2,101,0,103,0,2,111,0,113,124,0,124,237
05/29/2023,BKV,FL,ASO,ES,Federal Contract Tower,0,0,7,0,7,0,6,118,2,126,0,6,125,2,133,224,0,224,357
05/30/2023,BKV,FL,ASO,ES,Federal Contract Tower,0,0,19,0,19,0,1,137,0,138,0,1,156,0,157,244,0,244,401
05/31/2023,BKV,FL,ASO,ES,Federal Contract Tower,0,2,10,0,12,0,0,69,0,69,0,2,79,0,81,138,0,138,219
06/01/2023,BKV,FL,ASO,ES,Federal Contract Tower,0,0,11,0,11,0,0,44,0,44,0,0,55,0,55,118,0,118,173
06/02/2023,BKV,FL,ASO,ES,Federal Contract Tower,1,1,29,0,31,0,4,42,0,46,1,5,71,0,77,114,24,138,215
06/03/2023,BKV,FL,ASO,ES,Federal Contract Tower,0,4,19,0,23,0,4,23,0,27,0,8,42,0,50,134,0,134,184
06/04/2023,BKV,FL,ASO,ES,Federal Contract Tower,0,0,17,0,17,0,2,28,0,30,0,2,45,0,47,70,0,70,117
06/05/2023,BKV,FL,ASO,ES,Federal Contract Tower,0,0,16,0,16,0,0,96,5,101,0,0,112,5,117,278,45,323,440
06/06/2023,BKV,FL,ASO,ES,Federal Contract Tower,1,3,14,0,18,0,3,153,4,160,1,6,167,4,178,304,1,305,483
06/07/2023,BKV,FL,ASO,ES,Federal Contract Tower,0,4,7,0,11,0,0,118,6,124,0,4,125,6,135,323,53,376,511
06/08/2023,BKV,FL,ASO,ES,Federal Contract Tower,0,1,16,0,17,0,0,108,1,109,0,1,124,1,126,361,0,361,487
06/09/2023,BKV,FL,ASO,ES,Federal Contract Tower,0,4,16,0,20,0,2,139,0,141,0,6,155,0,161,307,0,307,468
06/10/2023,BKV,FL,ASO,ES,Federal Contract Tower,0,1,13,0,14,0,2,86,0,88,0,3,99,0,102,159,0,159,261
06/11/2023,BKV,FL,ASO,ES,Federal Contract Tower,0,0,7,0,7,0,4,99,2,105,0,4,106,2,112,184,6,190,302
06/12/2023,BKV,FL,ASO,ES,Federal Contract Tower,0,3,11,1,15,0,3,113,1,117,0,6,124,2,132,310,6,316,448
06/13/2023,BKV,FL,ASO,ES,Federal Contract Tower,0,6,26,0,32,0,0,138,4,142,0,6,164,4,174,353,0,353,527
06/14/2023,BKV,FL,ASO,ES,Federal Contract Tower,0,1,11,0,12,0,2,132,0,134,0,3,143,0,146,134,0,134,280
06/15/2023,BKV,FL,ASO,ES,Federal Contract Tower,0,7,11,2,20,0,3,81,0,84,0,10,92,2,104,127,0,127,231
06/16/2023,BKV,FL,ASO,ES,Federal Contract Tower,0,1,18,0,19,0,2,40,1,43,0,3,58,1,62,118,0,118,180
06/17/2023,BKV,FL,ASO,ES,Federal Contract Tower,0,2,5,0,7,0,3,21,3,27,0,5,26,3,34,64,6,70,104
06/18/2023,BKV,FL,ASO,ES,Federal Contract Tower,0,3,10,0,13,0,1,31,3,35,0,4,41,3,48,90,12,102,150
06/19/2023,BKV,FL,ASO,ES,Federal Contract Tower,0,1,9,0,10,0,2,86,2,90,0,3,95,2,100,246,15,261,361
06/20/2023,BKV,FL,ASO,ES,Federal Contract Tower,0,0,4,0,4,0,0,19,2,21,0,0,23,2,25,103,4,107,132
06/21/2023,BKV,FL,ASO,ES,Federal Contract Tower,0,3,11,0,14,0,0,27,4,31,0,3,38,4,45,19,14,33,78
06/22/2023,BKV,FL,ASO,ES,Federal Contract Tower,0,3,15,0,18,0,0,73,19,92,0,3,88,19,110,382,65,447,557
06/23/2023,BKV,FL,ASO,ES,Federal Contract Tower,0,0,9,0,9,0,3,83,0,86,0,3,92,0,95,250,0,250,345
06/24/2023,BKV,FL,ASO,ES,Federal Contract Tower,0,1,8,0,9,0,0,82,5,87,0,1,90,5,96,263,0,263,359
06/25/2023,BKV,FL,ASO,ES,Federal Contract Tower,0,3,6,0,9,0,2,96,0,98,0,5,102,0,107,212,0,212,319
06/26/2023,BKV,FL,ASO,ES,Federal Contract Tower,0,2,12,0,14,0,6,115,0,121,0,8,127,0,135,212,0,212,347
06/27/2023,BKV,FL,ASO,ES,Federal Contract Tower,0,7,16,0,23,0,4,130,0,134,0,11,146,0,157,223,0,223,380
06/28/2023,BKV,FL,ASO,ES,Federal Contract Tower,0,1,14,2,17,0,4,35,6,45,0,5,49,8,62,159,22,181,243
06/29/2023,BKV,FL,ASO,ES,Federal Contract Tower,0,1,13,0,14,0,2,141,11,154,0,3,154,11,168,251,30,281,449
06/30/2023,BKV,FL,ASO,ES,Federal Contract Tower,0,0,9,1,10,0,4,143,5,152,0,4,152,6,162,336,0,336,498
07/01/2023,BKV,FL,ASO,ES,Federal Contract Tower,0,0,11,0,11,0,3,122,3,128,0,3,133,3,139,288,0,288,427
07/02/2023,BKV,FL,ASO,ES,Federal Contract Tower,0,0,4,0,4,0,6,114,0,120,0,6,118,0,124,134,0,134,258
07/03/2023,BKV,FL,ASO,ES,Federal Contract Tower,0,0,6,0,6,0,0,99,5,104,0,0,105,5,110,245,21,266,376
07/04/2023,BKV,FL,ASO,ES,Federal Contract Tower,0,0,6,0,6,0,3,85,0,88,0,3,91,0,94,113,0,113,207
07/05/2023,BKV,FL,ASO,ES,Federal Contract Tower,0,3,24,0,27,0,0,67,2,69,0,3,91,2,96,120,2,122,218
07/06/2023,BKV,FL,ASO,ES,Federal Contract Tower,0,2,14,1,17,0,3,116,11,130,0,5,130,12,147,324,27,351,498
07/07/2023,BKV,FL,ASO,ES,Federal Contract Tower,0,2,7,0,9,0,2,52,2,56,0,4,59,2,65,118,12,130,195
07/08/2023,BKV,FL,ASO,ES,Federal Contract Tower,0,3,3,0,6,0,3,11,1,15,0,6,14,1,21,2,0,2,23
07/09/2023,BKV,FL,ASO,ES,Federal Contract Tower,0,2,11,0,13,0,2,96,10,108,0,4,107,10,121,146,2,148,269
07/10/2023,BKV,FL,ASO,ES,Federal Contract Tower,0,0,23,0,23,0,2,49,0,51,0,2,72,0,74,74,2,76,150
07/11/2023,BKV,FL,ASO,ES,Federal Contract Tower,0,1,13,0,14,0,0,51,0,51,0,1,64,0,65,69,0,69,134
07/12/2023,BKV,FL,ASO,ES,Federal Contract Tower,0,5,15,2,22,0,1,138,0,139,0,6,153,2,161,288,0,288,449
07/13/2023,BKV,FL,ASO,ES,Federal Contract Tower,0,2,20,1,23,0,2,118,8,128,0,4,138,9,151,174,10,184,335
07/14/2023,BKV,FL,ASO,ES,Federal Contract Tower,0,2,11,1,14,0,4,92,6,102,0,6,103,7,116,253,26,279,395
07/15/2023,BKV,FL,ASO,ES,Federal Contract Tower,0,0,12,0,12,0,6,123,3,132,0,6,135,3,144,178,8,186,330
07/16/2023,BKV,FL,ASO,ES,Federal Contract Tower,0,1,5,0,6,0,0,37,0,37,0,1,42,0,43,111,0,111,154
07/17/2023,BKV,FL,ASO,ES,Federal Contract Tower,0,1,12,0,13,0,3,68,6,77,0,4,80,6,90,186,12,198,288
07/18/2023,BKV,FL,ASO,ES,Federal Contract Tower,0,3,9,0,12,0,4,106,0,110,0,7,115,0,122,297,0,297,419
07/19/2023,BKV,FL,ASO,ES,Federal Contract Tower,0,0,13,0,13,0,2,150,12,164,0,2,163,12,177,181,41,222,399
07/20/2023,BKV,FL,ASO,ES,Federal Contract Tower,0,1,15,2,18,0,3,139,17,159,0,4,154,19,177,244,29,273,450
07/21/2023,BKV,FL,ASO,ES,Federal Contract Tower,0,3,13,0,16,0,0,141,4,145,0,3,154,4,161,206,8,214,375
07/22/2023,BKV,FL,ASO,ES,Federal Contract Tower,0,0,10,0,10,0,0,84,0,84,0,0,94,0,94,132,0,132,226
07/23/2023,BKV,FL,ASO,ES,Federal Contract Tower,0,2,6,0,8,0,1,5,0,6,0,3,11,0,14,18,0,18,32
07/24/2023,BKV,FL,ASO,ES,Federal Contract Tower,0,0,9,1,10,0,1,47,0,48,0,1,56,1,58,136,0,136,194
07/25/2023,BKV,FL,ASO,ES,Federal Contract Tower,0,2,21,1,24,0,2,105,5,112,0,4,126,6,136,287,44,331,467
07/26/2023,BKV,FL,ASO,ES,Federal Contract Tower,0,1,11,0,12,0,4,127,8,139,0,5,138,8,151,250,15,265,416
07/27/2023,BKV,FL,ASO,ES,Federal Contract Tower,0,1,16,0,17,0,1,89,8,98,0,2,105,8,115,236,24,260,375
07/28/2023,BKV,FL,ASO,ES,Federal Contract Tower,0,3,14,0,17,0,0,107,5,112,0,3,121,5,129,190,0,190,319
07/29/2023,BKV,FL,ASO,ES,Federal Contract Tower,0,0,18,0,18,0,4,112,3,119,0,4,130,3,137,208,7,215,352
07/30/2023,BKV,FL,ASO,ES,Federal Contract Tower,0,1,15,0,16,0,4,64,5,73,0,5,79,5,89,127,0,127,216
07/31/2023,BKV,FL,ASO,ES,Federal Contract Tower,0,3,1,0,4,0,2,59,0,61,0,5,60,0,65,86,0,86,151
08/01/2023,BKV,FL,ASO,ES,Federal Contract Tower,0,0,3,1,4,0,2,133,5,140,0,2,136,6,144,247,38,285,429
08/02/2023,BKV,FL,ASO,ES,Federal Contract Tower,0,3,5,1,9,0,1,99,12,112,0,4,104,13,121,154,20,174,295
08/03/2023,BKV,FL,ASO,ES,Federal Contract Tower,0,4,22,1,27,0,0,158,13,171,0,4,180,14,198,304,6,310,508
08/04/2023,BKV,FL,ASO,ES,Federal Contract Tower,0,2,17,0,19,0,2,154,10,166,0,4,171,10,185,294,2,296,481
08/05/2023,BKV,FL,ASO,ES,Federal Contract Tower,0,1,5,0,6,0,5,96,0,101,0,6,101,0,107,143,0,143,250
08/06/2023,BKV,FL,ASO,ES,Federal Contract Tower,0,0,8,0,8,0,2,59,0,61,0,2,67,0,69,0,0,0,69
08/07/2023,BKV,FL,ASO,ES,Federal Contract Tower,0,0,13,1,14,0,3,123,0,126,0,3,136,1,140,240,0,240,380
08/08/2023,BKV,FL,ASO,ES,Federal Contract Tower,1,1,8,0,10,0,0,146,10,156,1,1,154,10,166,339,0,339,505
08/09/2023,BKV,FL,ASO,ES,Federal Contract Tower,0,4,13,0,17,0,3,138,13,154,0,7,151,13,171,246,22,268,439
08/10/2023,BKV,FL,ASO,ES,Federal Contract Tower,0,1,16,1,18,0,5,128,1,134,0,6,144,2,152,317,0,317,469
08/11/2023,BKV,FL,ASO,ES,Federal Contract Tower,0,2,14,0,16,0,1,98,0,99,0,3,112,0,115,314,0,314,429
08/12/2023,BKV,FL,ASO,ES,Federal Contract Tower,0,1,9,0,10,0,3,73,0,76,0,4,82,0,86,197,0,197,283
08/13/2023,BKV,FL,ASO,ES,Federal Contract Tower,0,1,11,0,12,0,5,66,0,71,0,6,77,0,83,206,0,206,289
08/14/2023,BKV,FL,ASO,ES,Federal Contract Tower,1,1,6,0,8,0,0,94,0,94,1,1,100,0,102,182,0,182,284
08/15/2023,BKV,FL,ASO,ES,Federal Contract Tower,0,2,19,0,21,0,1,97,2,100,0,3,116,2,121,318,0,318,439
08/16/2023,BKV,FL,ASO,ES,Federal Contract Tower,0,4,12,0,16,0,3,87,3,93,0,7,99,3,109,278,8,286,395
08/17/2023,BKV,FL,ASO,ES,Federal Contract Tower,0,0,13,0,13,0,0,44,8,52,0,0,57,8,65,115,18,133,198
08/18/2023,BKV,FL,ASO,ES,Federal Contract Tower,0,2,8,1,11,0,2,62,0,64,0,4,70,1,75,179,0,179,254
08/19/2023,BKV,FL,ASO,ES,Federal Contract Tower,0,0,7,0,7,0,3,137,0,140,0,3,144,0,147,192,0,192,339
08/20/2023,BKV,FL,ASO,ES,Federal Contract Tower,0,0,13,0,13,0,2,55,0,57,0,2,68,0,70,138,0,138,208
08/21/2023,BKV,FL,ASO,ES,Federal Contract Tower,0,1,5,0,6,0,0,116,1,117,0,1,121,1,123,206,0,206,329
08/22/2023,BKV,FL,ASO,ES,Federal Contract Tower,0,0,24,0,24,0,2,113,5,120,0,2,137,5,144,349,25,374,518
08/23/2023,BKV,FL,ASO,ES,Federal Contract Tower,0,5,15,0,20,0,6,140,7,153,0,11,155,7,173,270,32,302,475
08/24/2023,BKV,FL,ASO,ES,Federal Contract Tower,0,0,36,0,36,0,1,128,8,137,0,1,164,8,173,236,18,254,427
08/25/2023,BKV,FL,ASO,ES,Federal Contract Tower,0,3,19,4,26,0,4,109,16,129,0,7,128,20,155,184,40,224,379
08/26/2023,BKV,FL,ASO,ES,Federal Contract Tower,0,1,10,0,11,0,5,80,3,88,0,6,90,3,99,242,44,286,385
08/27/2023,BKV,FL,ASO,ES,Federal Contract Tower,0,0,14,0,14,0,2,97,12,111,0,2,111,12,125,161,2,163,288
08/28/2023,BKV,FL,ASO,ES,Federal Contract Tower,0,3,22,0,25,0,4,48,1,53,0,7,70,1,78,242,0,242,320
08/29/2023,BKV,FL,ASO,ES,Federal Contract Tower,0,0,6,0,6,0,0,26,1,27,0,0,32,1,33,58,0,58,91
08/30/2023,BKV,FL,ASO,ES,Federal Contract Tower,0,0,1,0,1,0,2,5,0,7,0,2,6,0,8,0,0,0,8
08/31/2023,BKV,FL,ASO,ES,Federal Contract Tower,0,4,11,0,15,0,0,56,9,65,0,4,67,9,80,208,24,232,312
