01/01/2020,BLI,WA,ANM,WE,Federal Contract Tower,9,0,8,0,17,0,1,46,0,47,9,1,54,0,64,34,0,34,98
01/02/2020,BLI,WA,ANM,WE,Federal Contract Tower,18,5,7,0,30,0,24,31,0,55,18,29,38,0,85,22,0,22,107
01/03/2020,BLI,WA,ANM,WE,Federal Contract Tower,14,8,1,0,23,0,10,11,0,21,14,18,12,0,44,4,0,4,48
01/04/2020,BLI,WA,ANM,WE,Federal Contract Tower,16,7,8,0,31,0,8,22,0,30,16,15,30,0,61,28,0,28,89
01/05/2020,BLI,WA,ANM,WE,Federal Contract Tower,18,1,8,0,27,0,4,6,0,10,18,5,14,0,37,2,0,2,39
01/06/2020,BLI,WA,ANM,WE,Federal Contract Tower,18,10,15,0,43,0,9,1,0,10,18,19,16,0,53,0,0,0,53
01/07/2020,BLI,WA,ANM,WE,Federal Contract Tower,6,7,3,0,16,0,15,6,0,21,6,22,9,0,37,0,0,0,37
01/08/2020,BLI,WA,ANM,WE,Federal Contract Tower,8,6,5,2,21,0,18,53,0,71,8,24,58,2,92,32,0,32,124
01/09/2020,BLI,WA,ANM,WE,Federal Contract Tower,16,8,18,0,42,0,28,63,0,91,16,36,81,0,133,48,0,48,181
01/10/2020,BLI,WA,ANM,WE,Federal Contract Tower,13,5,0,0,18,0,11,0,0,11,13,16,0,0,29,0,0,0,29
01/11/2020,BLI,WA,ANM,WE,Federal Contract Tower,8,5,6,0,19,0,4,10,0,14,8,9,16,0,33,8,0,8,41
01/12/2020,BLI,WA,ANM,WE,Federal Contract Tower,15,1,5,0,21,0,2,0,0,2,15,3,5,0,23,0,0,0,23
01/13/2020,BLI,WA,ANM,WE,Federal Contract Tower,11,6,12,0,29,0,9,9,0,18,11,15,21,0,47,4,0,4,51
01/14/2020,BLI,WA,ANM,WE,Federal Contract Tower,5,15,5,0,25,0,10,4,0,14,5,25,9,0,39,10,0,10,49
01/15/2020,BLI,WA,ANM,WE,Federal Contract Tower,9,9,3,0,21,1,6,5,0,12,10,15,8,0,33,0,0,0,33
01/16/2020,BLI,WA,ANM,WE,Federal Contract Tower,17,7,8,0,32,0,8,8,0,16,17,15,16,0,48,4,0,4,52
01/17/2020,BLI,WA,ANM,WE,Federal Contract Tower,13,5,15,2,35,0,18,36,0,54,13,23,51,2,89,20,0,20,109
01/18/2020,BLI,WA,ANM,WE,Federal Contract Tower,10,3,4,0,17,0,2,9,0,11,10,5,13,0,28,0,0,0,28
01/19/2020,BLI,WA,ANM,WE,Federal Contract Tower,16,1,9,0,26,0,8,22,0,30,16,9,31,0,56,16,0,16,72
01/20/2020,BLI,WA,ANM,WE,Federal Contract Tower,14,6,22,0,42,0,23,52,0,75,14,29,74,0,117,20,0,20,137
01/21/2020,BLI,WA,ANM,WE,Federal Contract Tower,8,6,8,0,22,0,16,7,0,23,8,22,15,0,45,0,0,0,45
01/22/2020,BLI,WA,ANM,WE,Federal Contract Tower,8,10,26,0,44,0,17,17,0,34,8,27,43,0,78,28,0,28,106
01/23/2020,BLI,WA,ANM,WE,Federal Contract Tower,16,7,9,0,32,0,17,3,0,20,16,24,12,0,52,0,0,0,52
01/24/2020,BLI,WA,ANM,WE,Federal Contract Tower,16,5,25,0,46,0,11,30,0,41,16,16,55,0,87,40,0,40,127
01/25/2020,BLI,WA,ANM,WE,Federal Contract Tower,8,5,6,0,19,0,10,46,0,56,8,15,52,0,75,54,0,54,129
01/26/2020,BLI,WA,ANM,WE,Federal Contract Tower,16,5,15,0,36,0,6,14,0,20,16,11,29,0,56,24,0,24,80
01/27/2020,BLI,WA,ANM,WE,Federal Contract Tower,15,7,8,5,35,0,20,53,3,76,15,27,61,8,111,96,0,96,207
01/28/2020,BLI,WA,ANM,WE,Federal Contract Tower,6,7,11,3,27,0,16,8,0,24,6,23,19,3,51,22,0,22,73
01/29/2020,BLI,WA,ANM,WE,Federal Contract Tower,10,5,21,1,37,0,14,23,1,38,10,19,44,2,75,0,0,0,75
01/30/2020,BLI,WA,ANM,WE,Federal Contract Tower,16,7,22,2,47,0,20,86,2,108,16,27,108,4,155,20,0,20,175
01/31/2020,BLI,WA,ANM,WE,Federal Contract Tower,14,9,7,0,30,0,16,5,0,21,14,25,12,0,51,0,0,0,51
02/01/2020,BLI,WA,ANM,WE,Federal Contract Tower,7,4,7,0,18,0,4,26,0,30,7,8,33,0,48,36,0,36,84
02/02/2020,BLI,WA,ANM,WE,Federal Contract Tower,20,0,7,0,27,0,6,63,0,69,20,6,70,0,96,22,0,22,118
02/03/2020,BLI,WA,ANM,WE,Federal Contract Tower,13,11,20,0,44,0,18,63,2,83,13,29,83,2,127,80,6,86,213
02/04/2020,BLI,WA,ANM,WE,Federal Contract Tower,5,13,7,0,25,0,6,2,0,8,5,19,9,0,33,0,0,0,33
02/05/2020,BLI,WA,ANM,WE,Federal Contract Tower,8,11,7,0,26,0,1,0,0,1,8,12,7,0,27,0,0,0,27
02/06/2020,BLI,WA,ANM,WE,Federal Contract Tower,21,13,11,0,45,0,0,0,0,0,21,13,11,0,45,0,0,0,45
02/07/2020,BLI,WA,ANM,WE,Federal Contract Tower,14,13,16,0,43,0,7,5,0,12,14,20,21,0,55,0,0,0,55
02/08/2020,BLI,WA,ANM,WE,Federal Contract Tower,8,6,18,0,32,0,3,43,0,46,8,9,61,0,78,8,0,8,86
02/09/2020,BLI,WA,ANM,WE,Federal Contract Tower,16,2,18,0,36,0,4,91,0,95,16,6,109,0,131,74,0,74,205
02/10/2020,BLI,WA,ANM,WE,Federal Contract Tower,14,7,27,0,48,0,19,129,0,148,14,26,156,0,196,66,0,66,262
02/11/2020,BLI,WA,ANM,WE,Federal Contract Tower,7,6,22,0,35,0,20,33,0,53,7,26,55,0,88,26,0,26,114
02/12/2020,BLI,WA,ANM,WE,Federal Contract Tower,16,7,33,0,56,0,6,28,0,34,16,13,61,0,90,64,0,64,154
02/13/2020,BLI,WA,ANM,WE,Federal Contract Tower,14,7,12,0,33,0,20,30,0,50,14,27,42,0,83,14,0,14,97
02/14/2020,BLI,WA,ANM,WE,Federal Contract Tower,15,6,41,2,64,0,22,65,0,87,15,28,106,2,151,34,0,34,185
02/15/2020,BLI,WA,ANM,WE,Federal Contract Tower,10,3,5,0,18,0,17,13,0,30,10,20,18,0,48,20,0,20,68
02/16/2020,BLI,WA,ANM,WE,Federal Contract Tower,14,1,12,0,27,0,4,30,0,34,14,5,42,0,61,2,0,2,63
02/17/2020,BLI,WA,ANM,WE,Federal Contract Tower,17,6,23,0,46,0,31,70,0,101,17,37,93,0,147,20,0,20,167
02/18/2020,BLI,WA,ANM,WE,Federal Contract Tower,11,6,26,3,46,0,48,117,3,168,11,54,143,6,214,94,0,94,308
02/19/2020,BLI,WA,ANM,WE,Federal Contract Tower,13,7,18,0,38,0,40,114,0,154,13,47,132,0,192,108,0,108,300
02/20/2020,BLI,WA,ANM,WE,Federal Contract Tower,16,10,21,3,50,0,35,120,1,156,16,45,141,4,206,92,14,106,312
02/21/2020,BLI,WA,ANM,WE,Federal Contract Tower,15,7,22,4,48,0,51,115,0,166,15,58,137,4,214,56,0,56,270
02/22/2020,BLI,WA,ANM,WE,Federal Contract Tower,9,6,14,0,29,0,2,23,0,25,9,8,37,0,54,0,0,0,54
02/23/2020,BLI,WA,ANM,WE,Federal Contract Tower,14,0,6,0,20,0,6,13,0,19,14,6,19,0,39,0,0,0,39
02/24/2020,BLI,WA,ANM,WE,Federal Contract Tower,16,10,12,2,40,0,31,51,1,83,16,41,63,3,123,76,10,86,209
02/25/2020,BLI,WA,ANM,WE,Federal Contract Tower,9,6,17,0,32,0,25,48,0,73,9,31,65,0,105,48,0,48,153
02/26/2020,BLI,WA,ANM,WE,Federal Contract Tower,12,13,17,0,42,0,22,59,0,81,12,35,76,0,123,74,0,74,197
02/27/2020,BLI,WA,ANM,WE,Federal Contract Tower,15,7,24,0,46,0,28,89,1,118,15,35,113,1,164,68,0,68,232
02/28/2020,BLI,WA,ANM,WE,Federal Contract Tower,13,7,9,0,29,0,31,55,0,86,13,38,64,0,115,82,0,82,197
02/29/2020,BLI,WA,ANM,WE,Federal Contract Tower,15,6,8,0,29,0,30,67,0,97,15,36,75,0,126,14,0,14,140
03/01/2020,BLI,WA,ANM,WE,Federal Contract Tower,19,1,19,0,39,0,26,76,2,104,19,27,95,2,143,80,4,84,227
03/02/2020,BLI,WA,ANM,WE,Federal Contract Tower,14,14,18,2,48,0,19,2,0,21,14,33,20,2,69,2,0,2,71
03/03/2020,BLI,WA,ANM,WE,Federal Contract Tower,8,11,13,2,34,0,29,17,0,46,8,40,30,2,80,0,0,0,80
03/04/2020,BLI,WA,ANM,WE,Federal Contract Tower,13,8,39,0,60,0,44,116,0,160,13,52,155,0,220,112,0,112,332
03/05/2020,BLI,WA,ANM,WE,Federal Contract Tower,21,8,17,0,46,0,36,42,0,78,21,44,59,0,124,6,0,6,130
03/06/2020,BLI,WA,ANM,WE,Federal Contract Tower,17,9,15,0,41,0,44,63,0,107,17,53,78,0,148,90,0,90,238
03/07/2020,BLI,WA,ANM,WE,Federal Contract Tower,9,3,9,0,21,0,5,29,0,34,9,8,38,0,55,24,0,24,79
03/08/2020,BLI,WA,ANM,WE,Federal Contract Tower,17,0,3,4,24,0,39,92,1,132,17,39,95,5,156,16,0,16,172
03/09/2020,BLI,WA,ANM,WE,Federal Contract Tower,17,9,31,0,57,0,50,105,4,159,17,59,136,4,216,110,0,110,326
03/10/2020,BLI,WA,ANM,WE,Federal Contract Tower,10,6,10,0,26,0,27,44,2,73,10,33,54,2,99,56,0,56,155
03/11/2020,BLI,WA,ANM,WE,Federal Contract Tower,17,6,13,2,38,0,45,84,9,138,17,51,97,11,176,36,8,44,220
03/12/2020,BLI,WA,ANM,WE,Federal Contract Tower,14,7,13,0,34,0,60,85,0,145,14,67,98,0,179,82,0,82,261
03/13/2020,BLI,WA,ANM,WE,Federal Contract Tower,14,6,14,0,34,0,22,20,0,42,14,28,34,0,76,6,0,6,82
03/14/2020,BLI,WA,ANM,WE,Federal Contract Tower,17,0,2,0,19,0,0,2,0,2,17,0,4,0,21,0,0,0,21
03/15/2020,BLI,WA,ANM,WE,Federal Contract Tower,17,6,1,0,24,0,6,12,0,18,17,12,13,0,42,0,0,0,42
03/16/2020,BLI,WA,ANM,WE,Federal Contract Tower,15,10,6,0,31,0,36,78,6,120,15,46,84,6,151,34,0,34,185
03/17/2020,BLI,WA,ANM,WE,Federal Contract Tower,14,7,23,0,44,0,36,92,0,128,14,43,115,0,172,46,0,46,218
03/18/2020,BLI,WA,ANM,WE,Federal Contract Tower,16,4,30,7,57,0,23,87,4,114,16,27,117,11,171,98,0,98,269
03/19/2020,BLI,WA,ANM,WE,Federal Contract Tower,11,5,16,1,33,0,52,89,1,142,11,57,105,2,175,90,0,90,265
03/20/2020,BLI,WA,ANM,WE,Federal Contract Tower,6,8,19,1,34,0,19,63,1,83,6,27,82,2,117,70,0,70,187
03/21/2020,BLI,WA,ANM,WE,Federal Contract Tower,6,7,9,0,22,0,5,71,0,76,6,12,80,0,98,57,6,63,161
03/22/2020,BLI,WA,ANM,WE,Federal Contract Tower,7,3,9,0,19,0,2,58,0,60,7,5,67,0,79,64,0,64,143
03/23/2020,BLI,WA,ANM,WE,Federal Contract Tower,2,4,6,1,13,0,14,22,0,36,2,18,28,1,49,44,0,44,93
03/24/2020,BLI,WA,ANM,WE,Federal Contract Tower,15,6,0,0,21,0,22,14,0,36,15,28,14,0,57,48,0,48,105
03/25/2020,BLI,WA,ANM,WE,Federal Contract Tower,3,5,6,0,14,0,12,48,0,60,3,17,54,0,74,42,0,42,116
03/26/2020,BLI,WA,ANM,WE,Federal Contract Tower,2,6,4,0,12,0,18,15,0,33,2,24,19,0,45,22,0,22,67
03/27/2020,BLI,WA,ANM,WE,Federal Contract Tower,5,2,13,0,20,0,16,17,0,33,5,18,30,0,53,42,0,42,95
03/28/2020,BLI,WA,ANM,WE,Federal Contract Tower,3,4,3,0,10,0,5,8,0,13,3,9,11,0,23,0,0,0,23
03/29/2020,BLI,WA,ANM,WE,Federal Contract Tower,4,0,0,0,4,0,1,24,0,25,4,1,24,0,29,60,0,60,89
03/30/2020,BLI,WA,ANM,WE,Federal Contract Tower,5,6,2,0,13,0,16,19,0,35,5,22,21,0,48,6,0,6,54
03/31/2020,BLI,WA,ANM,WE,Federal Contract Tower,3,5,8,0,16,0,21,20,2,43,3,26,28,2,59,28,0,28,87
04/01/2020,BLI,WA,ANM,WE,Federal Contract Tower,3,5,4,0,12,0,11,11,0,22,3,16,15,0,34,12,0,12,46
04/02/2020,BLI,WA,ANM,WE,Federal Contract Tower,4,6,5,0,15,0,17,39,0,56,4,23,44,0,71,56,0,56,127
04/03/2020,BLI,WA,ANM,WE,Federal Contract Tower,4,6,3,0,13,0,18,7,0,25,4,24,10,0,38,0,0,0,38
04/04/2020,BLI,WA,ANM,WE,Federal Contract Tower,2,5,1,0,8,0,3,27,0,30,2,8,28,0,38,26,0,26,64
04/05/2020,BLI,WA,ANM,WE,Federal Contract Tower,4,0,1,0,5,0,0,32,0,32,4,0,33,0,37,18,0,18,55
04/06/2020,BLI,WA,ANM,WE,Federal Contract Tower,4,9,3,0,16,0,15,52,0,67,4,24,55,0,83,70,0,70,153
04/07/2020,BLI,WA,ANM,WE,Federal Contract Tower,4,8,3,0,15,0,22,33,6,61,4,30,36,6,76,12,8,20,96
04/08/2020,BLI,WA,ANM,WE,Federal Contract Tower,4,5,8,0,17,0,14,62,0,76,4,19,70,0,93,22,0,22,115
04/09/2020,BLI,WA,ANM,WE,Federal Contract Tower,3,6,1,0,10,0,20,53,0,73,3,26,54,0,83,42,0,42,125
04/10/2020,BLI,WA,ANM,WE,Federal Contract Tower,1,5,1,0,7,0,18,45,0,63,1,23,46,0,70,14,0,14,84
04/11/2020,BLI,WA,ANM,WE,Federal Contract Tower,2,4,4,0,10,0,1,31,0,32,2,5,35,0,42,2,0,2,44
04/12/2020,BLI,WA,ANM,WE,Federal Contract Tower,0,0,0,0,0,0,10,24,0,34,0,10,24,0,34,0,0,0,34
04/13/2020,BLI,WA,ANM,WE,Federal Contract Tower,2,5,1,0,8,0,16,56,0,72,2,21,57,0,80,8,0,8,88
04/14/2020,BLI,WA,ANM,WE,Federal Contract Tower,2,6,6,0,14,0,18,53,0,71,2,24,59,0,85,18,0,18,103
04/15/2020,BLI,WA,ANM,WE,Federal Contract Tower,2,5,1,0,8,0,13,66,0,79,2,18,67,0,87,28,0,28,115
04/16/2020,BLI,WA,ANM,WE,Federal Contract Tower,4,7,5,0,16,0,18,75,0,93,4,25,80,0,109,40,0,40,149
04/17/2020,BLI,WA,ANM,WE,Federal Contract Tower,2,7,9,0,18,0,13,54,0,67,2,20,63,0,85,76,0,76,161
04/18/2020,BLI,WA,ANM,WE,Federal Contract Tower,3,4,1,0,8,0,4,48,0,52,3,8,49,0,60,46,0,46,106
04/19/2020,BLI,WA,ANM,WE,Federal Contract Tower,2,2,6,0,10,0,0,43,0,43,2,2,49,0,53,68,0,68,121
04/20/2020,BLI,WA,ANM,WE,Federal Contract Tower,2,6,10,0,18,0,14,61,0,75,2,20,71,0,93,64,0,64,157
04/21/2020,BLI,WA,ANM,WE,Federal Contract Tower,2,7,10,0,19,0,12,30,0,42,2,19,40,0,61,18,4,22,83
04/22/2020,BLI,WA,ANM,WE,Federal Contract Tower,2,9,7,0,18,0,16,0,0,16,2,25,7,0,34,0,0,0,34
04/23/2020,BLI,WA,ANM,WE,Federal Contract Tower,2,8,9,2,21,0,9,32,0,41,2,17,41,2,62,16,0,16,78
04/24/2020,BLI,WA,ANM,WE,Federal Contract Tower,2,6,20,1,29,0,12,53,1,66,2,18,73,2,95,20,0,20,115
04/25/2020,BLI,WA,ANM,WE,Federal Contract Tower,2,8,5,0,15,0,1,4,0,5,2,9,9,0,20,4,0,4,24
04/26/2020,BLI,WA,ANM,WE,Federal Contract Tower,0,1,3,0,4,0,3,28,0,31,0,4,31,0,35,42,0,42,77
04/27/2020,BLI,WA,ANM,WE,Federal Contract Tower,2,9,16,0,27,0,28,31,0,59,2,37,47,0,86,10,0,10,96
04/28/2020,BLI,WA,ANM,WE,Federal Contract Tower,2,7,3,0,12,0,22,51,0,73,2,29,54,0,85,60,0,60,145
04/29/2020,BLI,WA,ANM,WE,Federal Contract Tower,0,6,10,0,16,0,20,50,0,70,0,26,60,0,86,76,0,76,162
04/30/2020,BLI,WA,ANM,WE,Federal Contract Tower,0,11,16,5,32,0,16,27,1,44,0,27,43,6,76,18,0,18,94
05/01/2020,BLI,WA,ANM,WE,Federal Contract Tower,2,9,20,0,31,0,22,79,10,111,2,31,99,10,142,64,0,64,206
05/02/2020,BLI,WA,ANM,WE,Federal Contract Tower,0,4,5,0,9,0,5,8,0,13,0,9,13,0,22,14,0,14,36
05/03/2020,BLI,WA,ANM,WE,Federal Contract Tower,2,1,7,0,10,0,0,40,0,40,2,1,47,0,50,62,0,62,112
05/04/2020,BLI,WA,ANM,WE,Federal Contract Tower,0,9,4,0,13,0,28,40,0,68,0,37,44,0,81,20,0,20,101
05/05/2020,BLI,WA,ANM,WE,Federal Contract Tower,2,6,9,0,17,0,18,53,0,71,2,24,62,0,88,38,0,38,126
05/06/2020,BLI,WA,ANM,WE,Federal Contract Tower,2,5,5,0,12,0,22,27,0,49,2,27,32,0,61,30,0,30,91
05/07/2020,BLI,WA,ANM,WE,Federal Contract Tower,0,6,16,0,22,0,25,81,2,108,0,31,97,2,130,66,0,66,196
05/08/2020,BLI,WA,ANM,WE,Federal Contract Tower,2,4,7,0,13,0,19,87,0,106,2,23,94,0,119,44,0,44,163
05/09/2020,BLI,WA,ANM,WE,Federal Contract Tower,0,5,10,0,15,0,8,65,0,73,0,13,75,0,88,20,0,20,108
05/10/2020,BLI,WA,ANM,WE,Federal Contract Tower,0,0,4,0,4,0,9,65,0,74,0,9,69,0,78,14,0,14,92
05/11/2020,BLI,WA,ANM,WE,Federal Contract Tower,2,7,16,0,25,0,19,45,0,64,2,26,61,0,89,42,0,42,131
05/12/2020,BLI,WA,ANM,WE,Federal Contract Tower,0,13,3,0,16,0,12,29,0,41,0,25,32,0,57,6,0,6,63
05/13/2020,BLI,WA,ANM,WE,Federal Contract Tower,2,5,8,0,15,0,25,42,0,67,2,30,50,0,82,16,0,16,98
05/14/2020,BLI,WA,ANM,WE,Federal Contract Tower,2,5,7,0,14,0,22,56,0,78,2,27,63,0,92,20,0,20,112
05/15/2020,BLI,WA,ANM,WE,Federal Contract Tower,0,5,10,0,15,0,15,90,0,105,0,20,100,0,120,34,0,34,154
05/16/2020,BLI,WA,ANM,WE,Federal Contract Tower,2,3,8,0,13,0,7,20,1,28,2,10,28,1,41,10,0,10,51
05/17/2020,BLI,WA,ANM,WE,Federal Contract Tower,0,2,9,0,11,0,8,29,0,37,0,10,38,0,48,38,0,38,86
05/18/2020,BLI,WA,ANM,WE,Federal Contract Tower,2,7,13,0,22,0,30,60,0,90,2,37,73,0,112,20,0,20,132
05/19/2020,BLI,WA,ANM,WE,Federal Contract Tower,2,8,17,2,29,0,31,49,0,80,2,39,66,2,109,44,12,56,165
05/20/2020,BLI,WA,ANM,WE,Federal Contract Tower,2,8,9,0,19,0,22,21,0,43,2,30,30,0,62,28,0,28,90
05/21/2020,BLI,WA,ANM,WE,Federal Contract Tower,0,9,17,0,26,0,32,46,0,78,0,41,63,0,104,70,0,70,174
05/22/2020,BLI,WA,ANM,WE,Federal Contract Tower,2,7,13,0,22,0,33,43,0,76,2,40,56,0,98,26,0,26,124
05/23/2020,BLI,WA,ANM,WE,Federal Contract Tower,2,4,13,2,21,0,8,62,0,70,2,12,75,2,91,26,16,42,133
05/24/2020,BLI,WA,ANM,WE,Federal Contract Tower,2,1,7,1,11,0,6,54,0,60,2,7,61,1,71,44,0,44,115
05/25/2020,BLI,WA,ANM,WE,Federal Contract Tower,2,9,16,0,27,0,2,7,0,9,2,11,23,0,36,0,0,0,36
05/26/2020,BLI,WA,ANM,WE,Federal Contract Tower,2,8,12,0,22,0,35,65,0,100,2,43,77,0,122,44,0,44,166
05/27/2020,BLI,WA,ANM,WE,Federal Contract Tower,2,11,8,0,21,0,35,104,0,139,2,46,112,0,160,134,0,134,294
05/28/2020,BLI,WA,ANM,WE,Federal Contract Tower,6,12,16,0,34,0,44,87,2,133,6,56,103,2,167,99,8,107,274
05/29/2020,BLI,WA,ANM,WE,Federal Contract Tower,2,7,15,0,24,0,25,110,4,139,2,32,125,4,163,90,0,90,253
05/30/2020,BLI,WA,ANM,WE,Federal Contract Tower,2,10,11,0,23,0,3,14,0,17,2,13,25,0,40,0,0,0,40
05/31/2020,BLI,WA,ANM,WE,Federal Contract Tower,2,2,22,0,26,0,15,27,0,42,2,17,49,0,68,20,0,20,88
06/01/2020,BLI,WA,ANM,WE,Federal Contract Tower,2,12,8,0,22,0,35,67,0,102,2,47,75,0,124,44,0,44,168
06/02/2020,BLI,WA,ANM,WE,Federal Contract Tower,3,8,13,2,26,0,28,37,0,65,3,36,50,2,91,32,0,32,123
06/03/2020,BLI,WA,ANM,WE,Federal Contract Tower,2,10,14,2,28,0,18,87,0,105,2,28,101,2,133,66,0,66,199
06/04/2020,BLI,WA,ANM,WE,Federal Contract Tower,7,11,7,0,25,2,35,76,0,113,9,46,83,0,138,68,0,68,206
06/05/2020,BLI,WA,ANM,WE,Federal Contract Tower,11,6,24,0,41,0,24,73,0,97,11,30,97,0,138,74,0,74,212
06/06/2020,BLI,WA,ANM,WE,Federal Contract Tower,3,6,12,0,21,0,4,41,0,45,3,10,53,0,66,8,0,8,74
06/07/2020,BLI,WA,ANM,WE,Federal Contract Tower,6,1,7,0,14,0,6,61,0,67,6,7,68,0,81,58,0,58,139
06/08/2020,BLI,WA,ANM,WE,Federal Contract Tower,11,10,14,0,35,0,29,53,2,84,11,39,67,2,119,42,0,42,161
06/09/2020,BLI,WA,ANM,WE,Federal Contract Tower,2,8,16,0,26,0,22,14,0,36,2,30,30,0,62,0,0,0,62
06/10/2020,BLI,WA,ANM,WE,Federal Contract Tower,2,14,12,0,28,0,24,52,0,76,2,38,64,0,104,84,0,84,188
06/11/2020,BLI,WA,ANM,WE,Federal Contract Tower,6,6,9,0,21,0,14,56,0,70,6,20,65,0,91,22,0,22,113
06/12/2020,BLI,WA,ANM,WE,Federal Contract Tower,9,7,23,0,39,0,27,21,0,48,9,34,44,0,87,2,0,2,89
06/13/2020,BLI,WA,ANM,WE,Federal Contract Tower,6,5,11,0,22,0,16,41,0,57,6,21,52,0,79,14,0,14,93
06/14/2020,BLI,WA,ANM,WE,Federal Contract Tower,6,1,12,0,19,0,21,51,0,72,6,22,63,0,91,52,0,52,143
06/15/2020,BLI,WA,ANM,WE,Federal Contract Tower,9,11,13,0,33,0,30,10,0,40,9,41,23,0,73,4,0,4,77
06/16/2020,BLI,WA,ANM,WE,Federal Contract Tower,2,8,11,0,21,0,33,74,0,107,2,41,85,0,128,54,0,54,182
06/17/2020,BLI,WA,ANM,WE,Federal Contract Tower,2,7,20,0,29,0,26,101,0,127,2,33,121,0,156,82,0,82,238
06/18/2020,BLI,WA,ANM,WE,Federal Contract Tower,7,12,16,1,36,0,48,122,1,171,7,60,138,2,207,24,0,24,231
06/19/2020,BLI,WA,ANM,WE,Federal Contract Tower,11,6,17,0,34,0,44,99,2,145,11,50,116,2,179,70,0,70,249
06/20/2020,BLI,WA,ANM,WE,Federal Contract Tower,8,5,17,0,30,0,15,15,0,30,8,20,32,0,60,0,0,0,60
06/21/2020,BLI,WA,ANM,WE,Federal Contract Tower,4,3,12,0,19,0,18,55,0,73,4,21,67,0,92,8,0,8,100
06/22/2020,BLI,WA,ANM,WE,Federal Contract Tower,11,9,39,0,59,0,46,102,2,150,11,55,141,2,209,36,0,36,245
06/23/2020,BLI,WA,ANM,WE,Federal Contract Tower,4,8,16,4,32,0,33,106,0,139,4,41,122,4,171,64,0,64,235
06/24/2020,BLI,WA,ANM,WE,Federal Contract Tower,3,5,10,0,18,0,28,74,0,102,3,33,84,0,120,32,0,32,152
06/25/2020,BLI,WA,ANM,WE,Federal Contract Tower,6,16,16,3,41,0,31,102,3,136,6,47,118,6,177,34,0,34,211
06/26/2020,BLI,WA,ANM,WE,Federal Contract Tower,11,6,20,0,37,0,32,77,0,109,11,38,97,0,146,16,0,16,162
06/27/2020,BLI,WA,ANM,WE,Federal Contract Tower,12,6,16,0,34,0,27,43,0,70,12,33,59,0,104,2,0,2,106
06/28/2020,BLI,WA,ANM,WE,Federal Contract Tower,6,4,11,0,21,0,8,72,0,80,6,12,83,0,101,70,0,70,171
06/29/2020,BLI,WA,ANM,WE,Federal Contract Tower,11,8,21,0,40,0,31,77,0,108,11,39,98,0,148,46,0,46,194
06/30/2020,BLI,WA,ANM,WE,Federal Contract Tower,1,10,14,0,25,0,30,29,0,59,1,40,43,0,84,22,0,22,106
07/01/2020,BLI,WA,ANM,WE,Federal Contract Tower,5,9,24,4,42,0,30,20,0,50,5,39,44,4,92,18,0,18,110
07/02/2020,BLI,WA,ANM,WE,Federal Contract Tower,6,8,29,3,46,0,40,45,3,88,6,48,74,6,134,84,0,84,218
07/03/2020,BLI,WA,ANM,WE,Federal Contract Tower,11,10,18,0,39,0,32,25,0,57,11,42,43,0,96,40,0,40,136
07/04/2020,BLI,WA,ANM,WE,Federal Contract Tower,6,3,15,0,24,0,12,62,0,74,6,15,77,0,98,58,0,58,156
07/05/2020,BLI,WA,ANM,WE,Federal Contract Tower,7,4,19,0,30,0,34,126,0,160,7,38,145,0,190,34,0,34,224
07/06/2020,BLI,WA,ANM,WE,Federal Contract Tower,9,5,18,1,33,0,28,86,2,116,9,33,104,3,149,48,0,48,197
07/07/2020,BLI,WA,ANM,WE,Federal Contract Tower,4,7,22,0,33,0,37,59,0,96,4,44,81,0,129,40,0,40,169
07/08/2020,BLI,WA,ANM,WE,Federal Contract Tower,4,7,22,1,34,0,33,90,4,127,4,40,112,5,161,58,4,62,223
07/09/2020,BLI,WA,ANM,WE,Federal Contract Tower,7,12,23,0,42,0,23,40,0,63,7,35,63,0,105,20,0,20,125
07/10/2020,BLI,WA,ANM,WE,Federal Contract Tower,11,6,24,0,41,0,32,92,4,128,11,38,116,4,169,24,0,24,193
07/11/2020,BLI,WA,ANM,WE,Federal Contract Tower,6,3,16,0,25,0,17,62,4,83,6,20,78,4,108,16,4,20,128
07/12/2020,BLI,WA,ANM,WE,Federal Contract Tower,6,0,22,0,28,0,21,71,0,92,6,21,93,0,120,92,0,92,212
07/13/2020,BLI,WA,ANM,WE,Federal Contract Tower,10,5,13,0,28,0,30,79,0,109,10,35,92,0,137,52,0,52,189
07/14/2020,BLI,WA,ANM,WE,Federal Contract Tower,4,8,19,2,33,0,27,108,0,135,4,35,127,2,168,134,0,134,302
07/15/2020,BLI,WA,ANM,WE,Federal Contract Tower,6,8,18,2,34,0,28,104,2,134,6,36,122,4,168,50,0,50,218
07/16/2020,BLI,WA,ANM,WE,Federal Contract Tower,8,17,23,2,50,0,22,52,2,76,8,39,75,4,126,90,0,90,216
07/17/2020,BLI,WA,ANM,WE,Federal Contract Tower,10,6,14,0,30,0,25,79,1,105,10,31,93,1,135,118,0,118,253
07/18/2020,BLI,WA,ANM,WE,Federal Contract Tower,7,10,12,0,29,0,5,96,4,105,7,15,108,4,134,34,0,34,168
07/19/2020,BLI,WA,ANM,WE,Federal Contract Tower,8,1,21,0,30,0,24,88,2,114,8,25,109,2,144,58,0,58,202
07/20/2020,BLI,WA,ANM,WE,Federal Contract Tower,14,10,20,0,44,0,35,122,3,160,14,45,142,3,204,86,6,92,296
07/21/2020,BLI,WA,ANM,WE,Federal Contract Tower,8,7,17,0,32,0,37,73,4,114,8,44,90,4,146,44,0,44,190
07/22/2020,BLI,WA,ANM,WE,Federal Contract Tower,4,13,21,4,42,0,40,93,1,134,4,53,114,5,176,36,0,36,212
07/23/2020,BLI,WA,ANM,WE,Federal Contract Tower,8,8,17,0,33,0,48,51,0,99,8,56,68,0,132,30,0,30,162
07/24/2020,BLI,WA,ANM,WE,Federal Contract Tower,12,13,15,0,40,0,34,58,0,92,12,47,73,0,132,18,0,18,150
07/25/2020,BLI,WA,ANM,WE,Federal Contract Tower,4,6,12,0,22,0,26,108,2,136,4,32,120,2,158,34,0,34,192
07/26/2020,BLI,WA,ANM,WE,Federal Contract Tower,8,3,13,0,24,0,34,130,0,164,8,37,143,0,188,64,0,64,252
07/27/2020,BLI,WA,ANM,WE,Federal Contract Tower,12,9,16,0,37,0,33,71,4,108,12,42,87,4,145,78,28,106,251
07/28/2020,BLI,WA,ANM,WE,Federal Contract Tower,6,5,9,1,21,0,42,94,1,137,6,47,103,2,158,8,0,8,166
07/29/2020,BLI,WA,ANM,WE,Federal Contract Tower,6,11,13,0,30,0,37,122,7,166,6,48,135,7,196,62,12,74,270
07/30/2020,BLI,WA,ANM,WE,Federal Contract Tower,8,11,24,1,44,0,32,90,7,129,8,43,114,8,173,66,0,66,239
07/31/2020,BLI,WA,ANM,WE,Federal Contract Tower,10,7,14,0,31,0,36,62,8,106,10,43,76,8,137,14,20,34,171
08/01/2020,BLI,WA,ANM,WE,Federal Contract Tower,3,7,8,0,18,0,18,91,0,109,3,25,99,0,127,66,0,66,193
08/02/2020,BLI,WA,ANM,WE,Federal Contract Tower,7,3,9,0,19,0,14,111,0,125,7,17,120,0,144,32,0,32,176
08/03/2020,BLI,WA,ANM,WE,Federal Contract Tower,11,12,21,2,46,0,32,74,0,106,11,44,95,2,152,44,0,44,196
08/04/2020,BLI,WA,ANM,WE,Federal Contract Tower,4,10,20,1,35,0,31,91,1,123,4,41,111,2,158,72,0,72,230
08/05/2020,BLI,WA,ANM,WE,Federal Contract Tower,8,5,26,3,42,0,47,102,1,150,8,52,128,4,192,28,0,28,220
08/06/2020,BLI,WA,ANM,WE,Federal Contract Tower,6,10,27,0,43,0,37,49,0,86,6,47,76,0,129,32,0,32,161
08/07/2020,BLI,WA,ANM,WE,Federal Contract Tower,11,6,15,1,33,0,34,68,1,103,11,40,83,2,136,34,0,34,170
08/08/2020,BLI,WA,ANM,WE,Federal Contract Tower,9,6,16,0,31,0,13,57,0,70,9,19,73,0,101,14,0,14,115
08/09/2020,BLI,WA,ANM,WE,Federal Contract Tower,6,1,10,0,17,0,28,111,0,139,6,29,121,0,156,82,0,82,238
08/10/2020,BLI,WA,ANM,WE,Federal Contract Tower,12,10,20,0,42,0,37,99,0,136,12,47,119,0,178,94,0,94,272
08/11/2020,BLI,WA,ANM,WE,Federal Contract Tower,5,15,14,1,35,0,34,75,3,112,5,49,89,4,147,60,0,60,207
08/12/2020,BLI,WA,ANM,WE,Federal Contract Tower,5,12,34,0,51,0,49,115,0,164,5,61,149,0,215,68,0,68,283
08/13/2020,BLI,WA,ANM,WE,Federal Contract Tower,6,8,23,2,39,0,39,136,0,175,6,47,159,2,214,64,0,64,278
08/14/2020,BLI,WA,ANM,WE,Federal Contract Tower,9,9,10,0,28,0,34,97,2,133,9,43,107,2,161,50,2,52,213
08/15/2020,BLI,WA,ANM,WE,Federal Contract Tower,3,7,10,0,20,0,22,95,0,117,3,29,105,0,137,28,0,28,165
08/16/2020,BLI,WA,ANM,WE,Federal Contract Tower,6,3,14,0,23,0,23,94,1,118,6,26,108,1,141,32,2,34,175
08/17/2020,BLI,WA,ANM,WE,Federal Contract Tower,11,8,11,1,31,0,38,84,1,123,11,46,95,2,154,78,0,78,232
08/18/2020,BLI,WA,ANM,WE,Federal Contract Tower,3,12,27,2,44,0,33,135,2,170,3,45,162,4,214,68,0,68,282
08/19/2020,BLI,WA,ANM,WE,Federal Contract Tower,2,8,24,2,36,0,27,114,9,150,2,35,138,11,186,52,0,52,238
08/20/2020,BLI,WA,ANM,WE,Federal Contract Tower,11,13,24,0,48,0,48,60,0,108,11,61,84,0,156,40,0,40,196
08/21/2020,BLI,WA,ANM,WE,Federal Contract Tower,7,15,17,0,39,0,29,35,0,64,7,44,52,0,103,12,0,12,115
08/22/2020,BLI,WA,ANM,WE,Federal Contract Tower,3,12,10,0,25,0,12,114,2,128,3,24,124,2,153,44,6,50,203
08/23/2020,BLI,WA,ANM,WE,Federal Contract Tower,13,4,13,0,30,0,26,79,0,105,13,30,92,0,135,30,0,30,165
08/24/2020,BLI,WA,ANM,WE,Federal Contract Tower,7,10,29,0,46,0,44,93,2,139,7,54,122,2,185,36,0,36,221
08/25/2020,BLI,WA,ANM,WE,Federal Contract Tower,3,10,23,1,37,0,30,91,1,122,3,40,114,2,159,82,0,82,241
08/26/2020,BLI,WA,ANM,WE,Federal Contract Tower,5,10,23,0,38,0,21,120,7,148,5,31,143,7,186,40,0,40,226
08/27/2020,BLI,WA,ANM,WE,Federal Contract Tower,11,13,17,4,45,0,35,120,4,159,11,48,137,8,204,28,6,34,238
08/28/2020,BLI,WA,ANM,WE,Federal Contract Tower,5,10,28,0,43,0,27,99,0,126,5,37,127,0,169,34,0,34,203
08/29/2020,BLI,WA,ANM,WE,Federal Contract Tower,3,3,14,0,20,0,28,82,0,110,3,31,96,0,130,50,0,50,180
08/30/2020,BLI,WA,ANM,WE,Federal Contract Tower,11,1,13,0,25,0,17,123,0,140,11,18,136,0,165,74,0,74,239
08/31/2020,BLI,WA,ANM,WE,Federal Contract Tower,6,7,12,1,26,0,27,71,1,99,6,34,83,2,125,80,0,80,205
09/01/2020,BLI,WA,ANM,WE,Federal Contract Tower,2,9,23,0,34,0,36,78,2,116,2,45,101,2,150,54,0,54,204
09/02/2020,BLI,WA,ANM,WE,Federal Contract Tower,2,6,20,0,28,0,25,129,0,154,2,31,149,0,182,74,0,74,256
09/03/2020,BLI,WA,ANM,WE,Federal Contract Tower,11,6,21,0,38,0,39,113,0,152,11,45,134,0,190,28,0,28,218
09/04/2020,BLI,WA,ANM,WE,Federal Contract Tower,9,10,12,0,31,0,52,93,0,145,9,62,105,0,176,70,0,70,246
09/05/2020,BLI,WA,ANM,WE,Federal Contract Tower,2,7,13,1,23,0,22,54,3,79,2,29,67,4,102,50,6,56,158
09/06/2020,BLI,WA,ANM,WE,Federal Contract Tower,10,8,10,0,28,0,19,75,0,94,10,27,85,0,122,52,8,60,182
09/07/2020,BLI,WA,ANM,WE,Federal Contract Tower,10,0,3,0,13,0,32,21,0,53,10,32,24,0,66,0,0,0,66
09/08/2020,BLI,WA,ANM,WE,Federal Contract Tower,2,4,25,1,32,0,34,80,5,119,2,38,105,6,151,90,0,90,241
09/09/2020,BLI,WA,ANM,WE,Federal Contract Tower,2,8,22,0,32,0,36,92,0,128,2,44,114,0,160,66,0,66,226
09/10/2020,BLI,WA,ANM,WE,Federal Contract Tower,10,7,20,2,39,0,18,102,0,120,10,25,122,2,159,86,0,86,245
09/11/2020,BLI,WA,ANM,WE,Federal Contract Tower,4,22,18,0,44,0,5,10,0,15,4,27,28,0,59,0,0,0,59
09/12/2020,BLI,WA,ANM,WE,Federal Contract Tower,2,9,12,0,23,0,0,0,0,0,2,9,12,0,23,0,0,0,23
09/13/2020,BLI,WA,ANM,WE,Federal Contract Tower,10,1,18,0,29,0,0,0,0,0,10,1,18,0,29,0,0,0,29
09/14/2020,BLI,WA,ANM,WE,Federal Contract Tower,4,11,6,0,21,0,0,0,0,0,4,11,6,0,21,0,0,0,21
09/16/2020,BLI,WA,ANM,WE,Federal Contract Tower,2,13,10,0,25,0,0,0,0,0,2,13,10,0,25,0,0,0,25
09/17/2020,BLI,WA,ANM,WE,Federal Contract Tower,12,24,12,0,48,0,0,0,0,0,12,24,12,0,48,0,0,0,48
09/18/2020,BLI,WA,ANM,WE,Federal Contract Tower,4,8,3,0,15,0,0,2,0,2,4,8,5,0,17,0,0,0,17
09/19/2020,BLI,WA,ANM,WE,Federal Contract Tower,3,3,14,0,20,0,11,54,1,66,3,14,68,1,86,72,10,82,168
09/20/2020,BLI,WA,ANM,WE,Federal Contract Tower,12,0,15,2,29,0,16,90,2,108,12,16,105,4,137,44,10,54,191
09/21/2020,BLI,WA,ANM,WE,Federal Contract Tower,4,6,29,0,39,0,35,85,0,120,4,41,114,0,159,80,0,80,239
09/22/2020,BLI,WA,ANM,WE,Federal Contract Tower,2,8,22,0,32,0,26,133,4,163,2,34,155,4,195,118,14,132,327
09/23/2020,BLI,WA,ANM,WE,Federal Contract Tower,3,10,13,0,26,0,12,8,0,20,3,22,21,0,46,0,0,0,46
09/24/2020,BLI,WA,ANM,WE,Federal Contract Tower,13,8,13,0,34,0,18,24,2,44,13,26,37,2,78,20,0,20,98
09/25/2020,BLI,WA,ANM,WE,Federal Contract Tower,7,5,5,2,19,0,21,13,0,34,7,26,18,2,53,8,0,8,61
09/26/2020,BLI,WA,ANM,WE,Federal Contract Tower,2,6,15,0,23,0,16,11,0,27,2,22,26,0,50,12,0,12,62
09/27/2020,BLI,WA,ANM,WE,Federal Contract Tower,12,0,11,0,23,0,18,103,0,121,12,18,114,0,144,42,0,42,186
09/28/2020,BLI,WA,ANM,WE,Federal Contract Tower,4,7,16,0,27,0,45,90,0,135,4,52,106,0,162,80,0,80,242
09/29/2020,BLI,WA,ANM,WE,Federal Contract Tower,2,12,19,2,35,0,37,123,2,162,2,49,142,4,197,110,0,110,307
09/30/2020,BLI,WA,ANM,WE,Federal Contract Tower,3,10,17,0,30,0,19,120,0,139,3,29,137,0,169,70,0,70,239
10/01/2020,BLI,WA,ANM,WE,Federal Contract Tower,8,5,21,2,36,0,26,80,4,110,8,31,101,6,146,64,16,80,226
10/02/2020,BLI,WA,ANM,WE,Federal Contract Tower,3,3,17,0,23,0,18,79,0,97,3,21,96,0,120,68,18,86,206
10/03/2020,BLI,WA,ANM,WE,Federal Contract Tower,2,4,1,0,7,0,0,0,0,0,2,4,1,0,7,0,0,0,7
10/04/2020,BLI,WA,ANM,WE,Federal Contract Tower,10,2,17,0,29,0,11,21,0,32,10,13,38,0,61,28,0,28,89
10/05/2020,BLI,WA,ANM,WE,Federal Contract Tower,4,9,21,0,34,0,18,69,1,88,4,27,90,1,122,92,6,98,220
10/06/2020,BLI,WA,ANM,WE,Federal Contract Tower,2,12,14,0,28,0,21,74,0,95,2,33,88,0,123,98,0,98,221
10/07/2020,BLI,WA,ANM,WE,Federal Contract Tower,3,6,4,0,13,0,0,0,0,0,3,6,4,0,13,0,0,0,13
10/08/2020,BLI,WA,ANM,WE,Federal Contract Tower,13,19,10,1,43,0,27,59,2,88,13,46,69,3,131,44,0,44,175
10/09/2020,BLI,WA,ANM,WE,Federal Contract Tower,4,10,23,0,37,0,42,46,0,88,4,52,69,0,125,44,0,44,169
10/10/2020,BLI,WA,ANM,WE,Federal Contract Tower,2,4,11,0,17,0,27,20,0,47,2,31,31,0,64,37,0,37,101
10/11/2020,BLI,WA,ANM,WE,Federal Contract Tower,6,5,9,0,20,0,5,7,0,12,6,10,16,0,32,24,0,24,56
10/12/2020,BLI,WA,ANM,WE,Federal Contract Tower,4,6,18,0,28,0,27,79,0,106,4,33,97,0,134,100,0,100,234
10/13/2020,BLI,WA,ANM,WE,Federal Contract Tower,2,9,9,0,20,0,22,9,5,36,2,31,18,5,56,4,0,4,60
10/14/2020,BLI,WA,ANM,WE,Federal Contract Tower,4,7,22,0,33,0,25,108,0,133,4,32,130,0,166,98,0,98,264
10/15/2020,BLI,WA,ANM,WE,Federal Contract Tower,8,8,35,0,51,0,54,177,0,231,8,62,212,0,282,140,0,140,422
10/16/2020,BLI,WA,ANM,WE,Federal Contract Tower,4,12,10,0,26,0,25,12,0,37,4,37,22,0,63,0,0,0,63
10/17/2020,BLI,WA,ANM,WE,Federal Contract Tower,2,7,20,0,29,0,13,48,0,61,2,20,68,0,90,56,0,56,146
10/18/2020,BLI,WA,ANM,WE,Federal Contract Tower,8,7,10,0,25,0,0,0,0,0,8,7,10,0,25,0,0,0,25
10/19/2020,BLI,WA,ANM,WE,Federal Contract Tower,4,9,19,0,32,0,36,54,0,90,4,45,73,0,122,82,0,82,204
10/20/2020,BLI,WA,ANM,WE,Federal Contract Tower,1,7,14,0,22,0,33,78,2,113,1,40,92,2,135,92,48,140,275
10/21/2020,BLI,WA,ANM,WE,Federal Contract Tower,2,9,27,0,38,0,23,103,2,128,2,32,130,2,166,54,0,54,220
10/22/2020,BLI,WA,ANM,WE,Federal Contract Tower,8,7,17,1,33,0,41,89,3,133,8,48,106,4,166,102,0,102,268
10/23/2020,BLI,WA,ANM,WE,Federal Contract Tower,3,16,7,0,26,0,9,8,0,17,3,25,15,0,43,0,0,0,43
10/24/2020,BLI,WA,ANM,WE,Federal Contract Tower,2,5,7,0,14,0,8,7,0,15,2,13,14,0,29,0,0,0,29
10/25/2020,BLI,WA,ANM,WE,Federal Contract Tower,8,0,12,0,20,0,7,119,5,131,8,7,131,5,151,68,6,74,225
10/26/2020,BLI,WA,ANM,WE,Federal Contract Tower,4,6,12,0,22,0,15,72,0,87,4,21,84,0,109,56,0,56,165
10/27/2020,BLI,WA,ANM,WE,Federal Contract Tower,2,9,19,0,30,0,28,62,0,90,2,37,81,0,120,54,0,54,174
10/28/2020,BLI,WA,ANM,WE,Federal Contract Tower,4,6,29,2,41,0,22,52,0,74,4,28,81,2,115,16,0,16,131
10/29/2020,BLI,WA,ANM,WE,Federal Contract Tower,8,9,26,2,45,0,30,62,0,92,8,39,88,2,137,124,2,126,263
10/30/2020,BLI,WA,ANM,WE,Federal Contract Tower,4,11,12,0,27,0,27,51,0,78,4,38,63,0,105,12,0,12,117
10/31/2020,BLI,WA,ANM,WE,Federal Contract Tower,2,8,18,0,28,0,7,121,0,128,2,15,139,0,156,66,0,66,222
11/01/2020,BLI,WA,ANM,WE,Federal Contract Tower,8,8,10,0,26,0,18,138,4,160,8,26,148,4,186,128,4,132,318
11/02/2020,BLI,WA,ANM,WE,Federal Contract Tower,3,11,15,0,29,0,30,74,0,104,3,41,89,0,133,116,0,116,249
11/03/2020,BLI,WA,ANM,WE,Federal Contract Tower,3,14,14,0,31,0,13,7,0,20,3,27,21,0,51,0,0,0,51
11/04/2020,BLI,WA,ANM,WE,Federal Contract Tower,2,9,11,0,22,0,26,11,0,37,2,35,22,0,59,0,0,0,59
11/05/2020,BLI,WA,ANM,WE,Federal Contract Tower,7,7,6,0,20,0,22,47,2,71,7,29,53,2,91,62,0,62,153
11/06/2020,BLI,WA,ANM,WE,Federal Contract Tower,4,11,14,0,29,0,35,82,4,121,4,46,96,4,150,80,0,80,230
11/07/2020,BLI,WA,ANM,WE,Federal Contract Tower,2,3,10,1,16,0,12,56,0,68,2,15,66,1,84,68,0,68,152
11/08/2020,BLI,WA,ANM,WE,Federal Contract Tower,8,4,8,0,20,0,11,20,2,33,8,15,28,2,53,8,2,10,63
11/09/2020,BLI,WA,ANM,WE,Federal Contract Tower,4,8,10,2,24,0,23,40,0,63,4,31,50,2,87,18,20,38,125
11/10/2020,BLI,WA,ANM,WE,Federal Contract Tower,2,5,4,0,11,0,21,23,0,44,2,26,27,0,55,20,0,20,75
11/11/2020,BLI,WA,ANM,WE,Federal Contract Tower,4,5,5,0,14,0,24,60,0,84,4,29,65,0,98,38,0,38,136
11/12/2020,BLI,WA,ANM,WE,Federal Contract Tower,10,10,7,0,27,0,25,21,2,48,10,35,28,2,75,12,10,22,97
11/13/2020,BLI,WA,ANM,WE,Federal Contract Tower,4,6,3,0,13,0,19,6,0,25,4,25,9,0,38,14,0,14,52
11/14/2020,BLI,WA,ANM,WE,Federal Contract Tower,2,4,8,1,15,0,18,28,0,46,2,22,36,1,61,32,0,32,93
11/15/2020,BLI,WA,ANM,WE,Federal Contract Tower,10,5,6,1,22,0,8,17,0,25,10,13,23,1,47,20,0,20,67
11/16/2020,BLI,WA,ANM,WE,Federal Contract Tower,4,10,9,0,23,0,17,13,0,30,4,27,22,0,53,44,0,44,97
11/17/2020,BLI,WA,ANM,WE,Federal Contract Tower,2,10,2,0,14,0,14,11,0,25,2,24,13,0,39,18,0,18,57
11/18/2020,BLI,WA,ANM,WE,Federal Contract Tower,2,5,9,8,24,0,22,10,0,32,2,27,19,8,56,14,0,14,70
11/19/2020,BLI,WA,ANM,WE,Federal Contract Tower,12,7,7,2,28,0,28,42,0,70,12,35,49,2,98,92,0,92,190
11/20/2020,BLI,WA,ANM,WE,Federal Contract Tower,4,6,9,0,19,0,23,27,0,50,4,29,36,0,69,58,0,58,127
11/21/2020,BLI,WA,ANM,WE,Federal Contract Tower,2,5,26,0,33,0,6,128,4,138,2,11,154,4,171,114,2,116,287
11/22/2020,BLI,WA,ANM,WE,Federal Contract Tower,13,0,10,0,23,0,17,28,0,45,13,17,38,0,68,92,0,92,160
11/23/2020,BLI,WA,ANM,WE,Federal Contract Tower,4,10,15,2,31,0,22,20,1,43,4,32,35,3,74,64,6,70,144
11/24/2020,BLI,WA,ANM,WE,Federal Contract Tower,11,16,3,0,30,0,22,1,0,23,11,38,4,0,53,0,0,0,53
11/25/2020,BLI,WA,ANM,WE,Federal Contract Tower,6,6,2,0,14,0,20,13,0,33,6,26,15,0,47,28,12,40,87
11/26/2020,BLI,WA,ANM,WE,Federal Contract Tower,4,0,0,0,4,0,3,14,0,17,4,3,14,0,21,42,0,42,63
11/27/2020,BLI,WA,ANM,WE,Federal Contract Tower,4,4,7,0,15,0,11,34,0,45,4,15,41,0,60,46,0,46,106
11/28/2020,BLI,WA,ANM,WE,Federal Contract Tower,6,4,13,0,23,0,9,64,2,75,6,13,77,2,98,100,0,100,198
11/29/2020,BLI,WA,ANM,WE,Federal Contract Tower,6,1,6,0,13,0,10,41,0,51,6,11,47,0,64,50,0,50,114
11/30/2020,BLI,WA,ANM,WE,Federal Contract Tower,11,6,9,0,26,0,12,16,0,28,11,18,25,0,54,20,0,20,74
12/01/2020,BLI,WA,ANM,WE,Federal Contract Tower,2,10,11,0,23,0,35,67,2,104,2,45,78,2,127,144,0,144,271
12/02/2020,BLI,WA,ANM,WE,Federal Contract Tower,2,4,13,2,21,0,22,103,2,127,2,26,116,4,148,88,0,88,236
12/03/2020,BLI,WA,ANM,WE,Federal Contract Tower,6,8,10,0,24,0,21,62,0,83,6,29,72,0,107,36,0,36,143
12/04/2020,BLI,WA,ANM,WE,Federal Contract Tower,2,6,14,0,22,0,22,79,2,103,2,28,93,2,125,144,0,144,269
12/05/2020,BLI,WA,ANM,WE,Federal Contract Tower,2,5,17,0,24,0,14,107,0,121,2,19,124,0,145,78,0,78,223
12/06/2020,BLI,WA,ANM,WE,Federal Contract Tower,6,2,12,1,21,0,9,24,2,35,6,11,36,3,56,74,8,82,138
12/07/2020,BLI,WA,ANM,WE,Federal Contract Tower,4,8,7,3,22,0,28,47,0,75,4,36,54,3,97,82,0,82,179
12/08/2020,BLI,WA,ANM,WE,Federal Contract Tower,2,16,17,3,38,0,16,4,0,20,2,32,21,3,58,0,0,0,58
12/09/2020,BLI,WA,ANM,WE,Federal Contract Tower,2,12,6,0,20,0,17,18,0,35,2,29,24,0,55,28,0,28,83
12/10/2020,BLI,WA,ANM,WE,Federal Contract Tower,6,8,20,0,34,0,27,66,0,93,6,35,86,0,127,96,0,96,223
12/11/2020,BLI,WA,ANM,WE,Federal Contract Tower,4,6,0,1,11,0,28,49,1,78,4,34,49,2,89,50,0,50,139
12/12/2020,BLI,WA,ANM,WE,Federal Contract Tower,3,1,9,0,13,0,15,47,0,62,3,16,56,0,75,34,0,34,109
12/13/2020,BLI,WA,ANM,WE,Federal Contract Tower,6,0,7,0,13,0,7,8,0,15,6,7,15,0,28,2,0,2,30
12/14/2020,BLI,WA,ANM,WE,Federal Contract Tower,2,14,4,1,21,0,15,9,1,25,2,29,13,2,46,0,0,0,46
12/15/2020,BLI,WA,ANM,WE,Federal Contract Tower,2,11,6,0,19,0,23,5,0,28,2,34,11,0,47,0,0,0,47
12/16/2020,BLI,WA,ANM,WE,Federal Contract Tower,3,7,9,0,19,0,21,8,0,29,3,28,17,0,48,14,0,14,62
12/17/2020,BLI,WA,ANM,WE,Federal Contract Tower,10,7,7,0,24,0,12,42,0,54,10,19,49,0,78,66,0,66,144
12/18/2020,BLI,WA,ANM,WE,Federal Contract Tower,4,9,0,0,13,0,12,6,2,20,4,21,6,2,33,0,0,0,33
12/19/2020,BLI,WA,ANM,WE,Federal Contract Tower,4,6,7,2,19,0,15,8,0,23,4,21,15,2,42,16,0,16,58
12/20/2020,BLI,WA,ANM,WE,Federal Contract Tower,6,0,14,2,22,0,10,25,0,35,6,10,39,2,57,34,0,34,91
12/21/2020,BLI,WA,ANM,WE,Federal Contract Tower,7,12,12,0,31,0,9,3,0,12,7,21,15,0,43,0,0,0,43
12/22/2020,BLI,WA,ANM,WE,Federal Contract Tower,6,10,14,2,32,0,18,28,0,46,6,28,42,2,78,16,0,16,94
12/23/2020,BLI,WA,ANM,WE,Federal Contract Tower,7,8,16,0,31,0,24,113,1,138,7,32,129,1,169,64,24,88,257
12/24/2020,BLI,WA,ANM,WE,Federal Contract Tower,7,6,2,0,15,0,28,59,0,87,7,34,61,0,102,28,0,28,130
12/25/2020,BLI,WA,ANM,WE,Federal Contract Tower,2,2,2,0,6,0,2,8,0,10,2,4,10,0,16,4,0,4,20
12/26/2020,BLI,WA,ANM,WE,Federal Contract Tower,6,4,5,0,15,0,8,10,0,18,6,12,15,0,33,0,0,0,33
12/27/2020,BLI,WA,ANM,WE,Federal Contract Tower,9,0,6,0,15,0,8,11,0,19,9,8,17,0,34,54,0,54,88
12/28/2020,BLI,WA,ANM,WE,Federal Contract Tower,8,11,16,0,35,0,10,74,0,84,8,21,90,0,119,82,0,82,201
12/29/2020,BLI,WA,ANM,WE,Federal Contract Tower,8,7,9,2,26,0,27,34,0,61,8,34,43,2,87,14,0,14,101
12/30/2020,BLI,WA,ANM,WE,Federal Contract Tower,6,9,5,0,20,0,17,0,0,17,6,26,5,0,37,0,0,0,37
12/31/2020,BLI,WA,ANM,WE,Federal Contract Tower,7,12,11,0,30,0,0,0,0,0,7,12,11,0,30,0,0,0,30
01/01/2021,BLI,WA,ANM,WE,Federal Contract Tower,2,5,3,0,10,0,2,6,0,8,2,7,9,0,18,0,0,0,18
01/02/2021,BLI,WA,ANM,WE,Federal Contract Tower,6,4,3,0,13,0,5,0,0,5,6,9,3,0,18,0,0,0,18
01/03/2021,BLI,WA,ANM,WE,Federal Contract Tower,10,2,7,0,19,0,11,5,0,16,10,13,12,0,35,10,0,10,45
01/04/2021,BLI,WA,ANM,WE,Federal Contract Tower,4,9,4,0,17,0,12,9,0,21,4,21,13,0,38,6,0,6,44
01/05/2021,BLI,WA,ANM,WE,Federal Contract Tower,4,7,7,0,18,0,10,8,0,18,4,17,15,0,36,6,0,6,42
01/06/2021,BLI,WA,ANM,WE,Federal Contract Tower,2,8,12,0,22,0,27,65,0,92,2,35,77,0,114,56,0,56,170
01/07/2021,BLI,WA,ANM,WE,Federal Contract Tower,6,9,28,0,43,0,27,94,2,123,6,36,122,2,166,109,0,109,275
01/08/2021,BLI,WA,ANM,WE,Federal Contract Tower,2,9,4,0,15,0,17,19,0,36,2,26,23,0,51,28,0,28,79
01/09/2021,BLI,WA,ANM,WE,Federal Contract Tower,2,2,9,0,13,0,12,66,0,78,2,14,75,0,91,22,0,22,113
01/10/2021,BLI,WA,ANM,WE,Federal Contract Tower,6,1,17,0,24,0,8,33,2,43,6,9,50,2,67,40,12,52,119
01/11/2021,BLI,WA,ANM,WE,Federal Contract Tower,1,7,3,0,11,0,16,18,0,34,1,23,21,0,45,12,0,12,57
01/12/2021,BLI,WA,ANM,WE,Federal Contract Tower,2,12,11,0,25,0,21,3,0,24,2,33,14,0,49,4,0,4,53
01/13/2021,BLI,WA,ANM,WE,Federal Contract Tower,3,6,12,0,21,0,22,65,0,87,3,28,77,0,108,48,0,48,156
01/14/2021,BLI,WA,ANM,WE,Federal Contract Tower,6,6,21,0,33,0,17,96,2,115,6,23,117,2,148,125,0,125,273
01/15/2021,BLI,WA,ANM,WE,Federal Contract Tower,6,5,11,0,22,0,18,65,0,83,6,23,76,0,105,74,0,74,179
01/16/2021,BLI,WA,ANM,WE,Federal Contract Tower,2,3,14,0,19,0,10,43,1,54,2,13,57,1,73,30,0,30,103
01/17/2021,BLI,WA,ANM,WE,Federal Contract Tower,4,0,3,1,8,0,4,37,0,41,4,4,40,1,49,50,0,50,99
01/18/2021,BLI,WA,ANM,WE,Federal Contract Tower,8,6,21,0,35,0,21,61,2,84,8,27,82,2,119,44,0,44,163
01/19/2021,BLI,WA,ANM,WE,Federal Contract Tower,2,6,7,0,15,0,22,46,1,69,2,28,53,1,84,38,0,38,122
01/20/2021,BLI,WA,ANM,WE,Federal Contract Tower,2,9,11,0,22,0,15,53,0,68,2,24,64,0,90,62,0,62,152
01/21/2021,BLI,WA,ANM,WE,Federal Contract Tower,5,7,8,1,21,0,33,30,5,68,5,40,38,6,89,18,37,55,144
01/22/2021,BLI,WA,ANM,WE,Federal Contract Tower,4,4,12,0,20,0,30,93,0,123,4,34,105,0,143,92,0,92,235
01/23/2021,BLI,WA,ANM,WE,Federal Contract Tower,2,3,14,0,19,0,16,104,0,120,2,19,118,0,139,67,0,67,206
01/24/2021,BLI,WA,ANM,WE,Federal Contract Tower,6,0,3,0,9,0,9,3,0,12,6,9,6,0,21,20,0,20,41
01/25/2021,BLI,WA,ANM,WE,Federal Contract Tower,4,6,5,0,15,0,20,19,0,39,4,26,24,0,54,108,0,108,162
01/26/2021,BLI,WA,ANM,WE,Federal Contract Tower,2,6,12,1,21,0,26,35,1,62,2,32,47,2,83,114,0,114,197
01/27/2021,BLI,WA,ANM,WE,Federal Contract Tower,2,6,8,2,18,0,12,30,0,42,2,18,38,2,60,34,0,34,94
01/28/2021,BLI,WA,ANM,WE,Federal Contract Tower,6,5,7,0,18,0,15,66,0,81,6,20,73,0,99,68,0,68,167
01/29/2021,BLI,WA,ANM,WE,Federal Contract Tower,4,5,6,0,15,0,19,49,0,68,4,24,55,0,83,58,0,58,141
01/30/2021,BLI,WA,ANM,WE,Federal Contract Tower,2,3,1,0,6,0,5,27,0,32,2,8,28,0,38,16,0,16,54
01/31/2021,BLI,WA,ANM,WE,Federal Contract Tower,6,2,0,0,8,0,4,1,0,5,6,6,1,0,13,0,0,0,13
02/01/2021,BLI,WA,ANM,WE,Federal Contract Tower,4,8,6,0,18,0,20,7,0,27,4,28,13,0,45,2,0,2,47
02/02/2021,BLI,WA,ANM,WE,Federal Contract Tower,2,10,7,2,21,0,17,28,0,45,2,27,35,2,66,18,0,18,84
02/03/2021,BLI,WA,ANM,WE,Federal Contract Tower,2,9,10,0,21,0,36,145,0,181,2,45,155,0,202,174,0,174,376
02/04/2021,BLI,WA,ANM,WE,Federal Contract Tower,6,11,6,0,23,0,10,2,0,12,6,21,8,0,35,0,0,0,35
02/05/2021,BLI,WA,ANM,WE,Federal Contract Tower,6,6,18,0,30,0,30,29,0,59,6,36,47,0,89,46,0,46,135
02/06/2021,BLI,WA,ANM,WE,Federal Contract Tower,2,6,3,0,11,0,4,7,0,11,2,10,10,0,22,10,0,10,32
02/07/2021,BLI,WA,ANM,WE,Federal Contract Tower,6,2,2,0,10,0,9,65,2,76,6,11,67,2,86,84,6,90,176
02/08/2021,BLI,WA,ANM,WE,Federal Contract Tower,6,10,10,0,26,0,20,72,2,94,6,30,82,2,120,98,0,98,218
02/09/2021,BLI,WA,ANM,WE,Federal Contract Tower,2,11,13,0,26,0,27,96,1,124,2,38,109,1,150,142,0,142,292
02/10/2021,BLI,WA,ANM,WE,Federal Contract Tower,4,8,10,0,22,0,30,50,0,80,4,38,60,0,102,22,0,22,124
02/11/2021,BLI,WA,ANM,WE,Federal Contract Tower,6,0,0,0,6,0,10,3,0,13,6,10,3,0,19,0,0,0,19
02/12/2021,BLI,WA,ANM,WE,Federal Contract Tower,8,1,3,0,12,0,16,6,0,22,8,17,9,0,34,2,0,2,36
02/13/2021,BLI,WA,ANM,WE,Federal Contract Tower,3,0,1,0,4,0,0,0,0,0,3,0,1,0,4,0,0,0,4
02/14/2021,BLI,WA,ANM,WE,Federal Contract Tower,7,2,0,0,9,0,0,0,0,0,7,2,0,0,9,0,0,0,9
02/15/2021,BLI,WA,ANM,WE,Federal Contract Tower,8,11,7,0,26,0,4,0,0,4,8,15,7,0,30,0,0,0,30
02/16/2021,BLI,WA,ANM,WE,Federal Contract Tower,4,7,22,2,35,0,38,29,0,67,4,45,51,2,102,100,0,100,202
02/17/2021,BLI,WA,ANM,WE,Federal Contract Tower,6,6,19,1,32,0,17,70,4,91,6,23,89,5,123,134,6,140,263
02/18/2021,BLI,WA,ANM,WE,Federal Contract Tower,8,7,5,0,20,0,21,32,0,53,8,28,37,0,73,42,0,42,115
02/19/2021,BLI,WA,ANM,WE,Federal Contract Tower,8,5,10,0,23,0,9,44,0,53,8,14,54,0,76,68,0,68,144
02/20/2021,BLI,WA,ANM,WE,Federal Contract Tower,6,5,14,0,25,0,13,47,0,60,6,18,61,0,85,62,0,62,147
02/22/2021,BLI,WA,ANM,WE,Federal Contract Tower,8,6,9,0,23,0,15,18,0,33,8,21,27,0,56,76,0,76,132
02/23/2021,BLI,WA,ANM,WE,Federal Contract Tower,4,8,9,2,23,0,20,52,2,74,4,28,61,4,97,70,0,70,167
02/24/2021,BLI,WA,ANM,WE,Federal Contract Tower,6,5,12,1,24,0,37,114,2,153,6,42,126,3,177,148,0,148,325
02/25/2021,BLI,WA,ANM,WE,Federal Contract Tower,11,7,5,0,23,0,28,11,0,39,11,35,16,0,62,0,0,0,62
02/26/2021,BLI,WA,ANM,WE,Federal Contract Tower,8,6,4,0,18,0,18,22,0,40,8,24,26,0,58,0,0,0,58
02/27/2021,BLI,WA,ANM,WE,Federal Contract Tower,6,7,7,0,20,0,7,94,2,103,6,14,101,2,123,130,0,130,253
02/28/2021,BLI,WA,ANM,WE,Federal Contract Tower,11,3,11,0,25,0,3,21,0,24,11,6,32,0,49,84,0,84,133
03/01/2021,BLI,WA,ANM,WE,Federal Contract Tower,8,9,21,1,39,0,46,95,1,142,8,55,116,2,181,116,0,116,297
03/02/2021,BLI,WA,ANM,WE,Federal Contract Tower,4,8,11,0,23,0,47,58,4,109,4,55,69,4,132,70,0,70,202
03/03/2021,BLI,WA,ANM,WE,Federal Contract Tower,7,8,12,2,29,0,28,104,2,134,7,36,116,4,163,150,0,150,313
03/04/2021,BLI,WA,ANM,WE,Federal Contract Tower,12,6,9,3,30,0,43,33,2,78,12,49,42,5,108,12,24,36,144
03/05/2021,BLI,WA,ANM,WE,Federal Contract Tower,9,6,3,0,18,0,29,10,0,39,9,35,13,0,57,0,0,0,57
03/06/2021,BLI,WA,ANM,WE,Federal Contract Tower,8,3,4,0,15,0,16,29,0,45,8,19,33,0,60,30,0,30,90
03/07/2021,BLI,WA,ANM,WE,Federal Contract Tower,11,2,1,0,14,0,4,16,0,20,11,6,17,0,34,0,0,0,34
03/08/2021,BLI,WA,ANM,WE,Federal Contract Tower,8,9,13,0,30,0,36,89,2,127,8,45,102,2,157,58,0,58,215
03/09/2021,BLI,WA,ANM,WE,Federal Contract Tower,6,6,13,0,25,0,50,73,2,125,6,56,86,2,150,92,0,92,242
03/10/2021,BLI,WA,ANM,WE,Federal Contract Tower,8,6,17,0,31,0,29,84,0,113,8,35,101,0,144,92,0,92,236
03/11/2021,BLI,WA,ANM,WE,Federal Contract Tower,11,10,14,2,37,0,30,110,3,143,11,40,124,5,180,164,20,184,364
03/12/2021,BLI,WA,ANM,WE,Federal Contract Tower,11,5,16,4,36,0,33,108,0,141,11,38,124,4,177,136,14,150,327
03/13/2021,BLI,WA,ANM,WE,Federal Contract Tower,9,2,10,0,21,0,13,89,0,102,9,15,99,0,123,104,0,104,227
03/14/2021,BLI,WA,ANM,WE,Federal Contract Tower,11,0,6,0,17,0,0,12,0,12,11,0,18,0,29,0,0,0,29
03/15/2021,BLI,WA,ANM,WE,Federal Contract Tower,8,5,10,3,26,0,20,90,1,111,8,25,100,4,137,142,0,142,279
03/16/2021,BLI,WA,ANM,WE,Federal Contract Tower,6,8,13,1,28,33,123,1,0,157,39,131,14,1,185,68,0,68,253
03/17/2021,BLI,WA,ANM,WE,Federal Contract Tower,8,9,22,0,39,0,27,76,2,105,8,36,98,2,144,164,2,166,310
03/18/2021,BLI,WA,ANM,WE,Federal Contract Tower,13,9,11,1,34,0,28,25,3,56,13,37,36,4,90,0,0,0,90
03/19/2021,BLI,WA,ANM,WE,Federal Contract Tower,10,6,9,0,25,0,17,28,0,45,10,23,37,0,70,0,0,0,70
03/20/2021,BLI,WA,ANM,WE,Federal Contract Tower,10,11,8,0,29,0,13,17,0,30,10,24,25,0,59,32,0,32,91
03/21/2021,BLI,WA,ANM,WE,Federal Contract Tower,12,4,5,0,21,0,6,5,0,11,12,10,10,0,32,0,0,0,32
03/22/2021,BLI,WA,ANM,WE,Federal Contract Tower,8,7,4,0,19,0,34,66,0,100,8,41,70,0,119,56,0,56,175
03/23/2021,BLI,WA,ANM,WE,Federal Contract Tower,8,12,7,2,29,0,39,96,5,140,8,51,103,7,169,124,0,124,293
03/24/2021,BLI,WA,ANM,WE,Federal Contract Tower,10,12,17,0,39,0,29,18,0,47,10,41,35,0,86,36,0,36,122
03/25/2021,BLI,WA,ANM,WE,Federal Contract Tower,14,8,7,0,29,0,34,65,0,99,14,42,72,0,128,44,0,44,172
03/26/2021,BLI,WA,ANM,WE,Federal Contract Tower,8,11,23,0,42,0,28,73,0,101,8,39,96,0,143,150,0,150,293
03/27/2021,BLI,WA,ANM,WE,Federal Contract Tower,10,4,16,0,30,0,13,54,0,67,10,17,70,0,97,73,0,73,170
03/28/2021,BLI,WA,ANM,WE,Federal Contract Tower,13,2,4,0,19,0,15,9,0,24,13,17,13,0,43,2,0,2,45
03/29/2021,BLI,WA,ANM,WE,Federal Contract Tower,11,9,20,1,41,0,34,124,3,161,11,43,144,4,202,192,14,206,408
03/30/2021,BLI,WA,ANM,WE,Federal Contract Tower,9,6,27,1,43,0,36,85,7,128,9,42,112,8,171,164,24,188,359
03/31/2021,BLI,WA,ANM,WE,Federal Contract Tower,8,7,18,2,35,0,50,145,4,199,8,57,163,6,234,206,54,260,494
04/01/2021,BLI,WA,ANM,WE,Federal Contract Tower,11,7,17,0,35,0,28,79,0,107,11,35,96,0,142,26,0,26,168
04/02/2021,BLI,WA,ANM,WE,Federal Contract Tower,8,14,12,0,34,0,27,64,0,91,8,41,76,0,125,116,0,116,241
04/03/2021,BLI,WA,ANM,WE,Federal Contract Tower,12,4,6,1,23,0,6,44,1,51,12,10,50,2,74,24,0,24,98
04/04/2021,BLI,WA,ANM,WE,Federal Contract Tower,10,0,13,0,23,0,15,47,0,62,10,15,60,0,85,14,0,14,99
04/05/2021,BLI,WA,ANM,WE,Federal Contract Tower,10,10,10,0,30,0,30,91,0,121,10,40,101,0,151,46,0,46,197
04/06/2021,BLI,WA,ANM,WE,Federal Contract Tower,10,8,15,0,33,0,32,139,0,171,10,40,154,0,204,134,0,134,338
04/07/2021,BLI,WA,ANM,WE,Federal Contract Tower,10,15,11,0,36,0,21,7,0,28,10,36,18,0,64,6,0,6,70
04/08/2021,BLI,WA,ANM,WE,Federal Contract Tower,11,6,9,0,26,0,46,77,3,126,11,52,86,3,152,86,0,86,238
04/09/2021,BLI,WA,ANM,WE,Federal Contract Tower,11,11,3,0,25,0,42,22,0,64,11,53,25,0,89,2,0,2,91
04/10/2021,BLI,WA,ANM,WE,Federal Contract Tower,12,7,6,0,25,0,21,45,0,66,12,28,51,0,91,12,0,12,103
04/11/2021,BLI,WA,ANM,WE,Federal Contract Tower,11,4,9,0,24,0,10,109,0,119,11,14,118,0,143,36,0,36,179
04/12/2021,BLI,WA,ANM,WE,Federal Contract Tower,11,8,7,0,26,0,48,66,2,116,11,56,73,2,142,24,0,24,166
04/13/2021,BLI,WA,ANM,WE,Federal Contract Tower,7,9,4,2,22,0,23,72,2,97,7,32,76,4,119,22,2,24,143
04/14/2021,BLI,WA,ANM,WE,Federal Contract Tower,6,10,13,0,29,0,29,90,4,123,6,39,103,4,152,74,10,84,236
04/15/2021,BLI,WA,ANM,WE,Federal Contract Tower,14,8,29,3,54,0,33,119,2,154,14,41,148,5,208,99,0,99,307
04/16/2021,BLI,WA,ANM,WE,Federal Contract Tower,10,8,14,0,32,0,32,117,0,149,10,40,131,0,181,74,0,74,255
04/17/2021,BLI,WA,ANM,WE,Federal Contract Tower,7,7,9,0,23,0,11,109,0,120,7,18,118,0,143,70,0,70,213
04/18/2021,BLI,WA,ANM,WE,Federal Contract Tower,14,4,11,0,29,0,15,122,0,137,14,19,133,0,166,106,0,106,272
04/19/2021,BLI,WA,ANM,WE,Federal Contract Tower,10,10,9,0,29,0,41,119,0,160,10,51,128,0,189,184,0,184,373
04/20/2021,BLI,WA,ANM,WE,Federal Contract Tower,6,7,16,0,29,0,47,103,4,154,6,54,119,4,183,144,8,152,335
04/21/2021,BLI,WA,ANM,WE,Federal Contract Tower,6,13,10,0,29,0,54,138,0,192,6,67,148,0,221,122,2,124,345
04/22/2021,BLI,WA,ANM,WE,Federal Contract Tower,14,9,12,1,36,0,34,65,4,103,14,43,77,5,139,118,0,118,257
04/23/2021,BLI,WA,ANM,WE,Federal Contract Tower,10,10,24,0,44,0,30,69,0,99,10,40,93,0,143,28,0,28,171
04/24/2021,BLI,WA,ANM,WE,Federal Contract Tower,6,12,6,0,24,0,17,14,0,31,6,29,20,0,55,0,0,0,55
04/25/2021,BLI,WA,ANM,WE,Federal Contract Tower,14,5,13,0,32,0,17,40,0,57,14,22,53,0,89,8,0,8,97
04/26/2021,BLI,WA,ANM,WE,Federal Contract Tower,10,9,17,0,36,0,23,57,4,84,10,32,74,4,120,38,8,46,166
04/27/2021,BLI,WA,ANM,WE,Federal Contract Tower,6,13,18,6,43,0,49,101,0,150,6,62,119,6,193,80,0,80,273
04/28/2021,BLI,WA,ANM,WE,Federal Contract Tower,6,8,18,0,32,0,35,108,0,143,6,43,126,0,175,142,0,142,317
04/29/2021,BLI,WA,ANM,WE,Federal Contract Tower,15,8,15,0,38,0,39,141,0,180,15,47,156,0,218,108,0,108,326
04/30/2021,BLI,WA,ANM,WE,Federal Contract Tower,9,17,11,0,37,0,29,15,0,44,9,46,26,0,81,18,0,18,99
05/01/2021,BLI,WA,ANM,WE,Federal Contract Tower,6,7,16,0,29,0,15,92,0,107,6,22,108,0,136,58,0,58,194
05/02/2021,BLI,WA,ANM,WE,Federal Contract Tower,14,10,11,0,35,0,13,90,0,103,14,23,101,0,138,36,0,36,174
05/03/2021,BLI,WA,ANM,WE,Federal Contract Tower,10,19,17,0,46,0,37,47,4,88,10,56,64,4,134,112,0,112,246
05/04/2021,BLI,WA,ANM,WE,Federal Contract Tower,6,10,16,1,33,0,25,72,1,98,6,35,88,2,131,30,0,30,161
05/05/2021,BLI,WA,ANM,WE,Federal Contract Tower,6,15,17,1,39,0,20,86,4,110,6,35,103,5,149,130,0,130,279
05/06/2021,BLI,WA,ANM,WE,Federal Contract Tower,13,12,29,2,56,0,38,49,0,87,13,50,78,2,143,28,0,28,171
05/07/2021,BLI,WA,ANM,WE,Federal Contract Tower,10,11,16,0,37,0,34,40,0,74,10,45,56,0,111,24,0,24,135
05/08/2021,BLI,WA,ANM,WE,Federal Contract Tower,3,8,5,0,16,0,15,52,0,67,3,23,57,0,83,26,0,26,109
05/09/2021,BLI,WA,ANM,WE,Federal Contract Tower,14,4,13,0,31,0,15,72,2,89,14,19,85,2,120,46,0,46,166
05/10/2021,BLI,WA,ANM,WE,Federal Contract Tower,10,16,18,0,44,0,33,81,2,116,10,49,99,2,160,30,0,30,190
05/11/2021,BLI,WA,ANM,WE,Federal Contract Tower,4,13,16,1,34,0,38,95,1,134,4,51,111,2,168,24,0,24,192
05/12/2021,BLI,WA,ANM,WE,Federal Contract Tower,5,14,19,2,40,0,28,90,0,118,5,42,109,2,158,44,0,44,202
05/13/2021,BLI,WA,ANM,WE,Federal Contract Tower,12,13,9,0,34,0,25,85,0,110,12,38,94,0,144,106,0,106,250
05/14/2021,BLI,WA,ANM,WE,Federal Contract Tower,9,6,17,0,32,0,34,121,0,155,9,40,138,0,187,66,0,66,253
05/15/2021,BLI,WA,ANM,WE,Federal Contract Tower,4,6,16,0,26,0,20,75,0,95,4,26,91,0,121,80,0,80,201
05/16/2021,BLI,WA,ANM,WE,Federal Contract Tower,12,2,13,0,27,0,20,115,0,135,12,22,128,0,162,58,0,58,220
05/17/2021,BLI,WA,ANM,WE,Federal Contract Tower,12,16,7,4,39,0,33,44,1,78,12,49,51,5,117,8,0,8,125
05/18/2021,BLI,WA,ANM,WE,Federal Contract Tower,4,10,8,0,22,0,58,69,0,127,4,68,77,0,149,66,0,66,215
05/19/2021,BLI,WA,ANM,WE,Federal Contract Tower,4,5,9,0,18,0,37,63,0,100,4,42,72,0,118,78,0,78,196
05/20/2021,BLI,WA,ANM,WE,Federal Contract Tower,15,8,14,4,41,0,37,137,0,174,15,45,151,4,215,86,0,86,301
05/21/2021,BLI,WA,ANM,WE,Federal Contract Tower,12,9,23,1,45,0,34,129,3,166,12,43,152,4,211,118,0,118,329
05/22/2021,BLI,WA,ANM,WE,Federal Contract Tower,5,7,27,0,39,0,26,64,0,90,5,33,91,0,129,56,0,56,185
05/23/2021,BLI,WA,ANM,WE,Federal Contract Tower,14,6,6,0,26,0,13,32,0,45,14,19,38,0,71,30,0,30,101
05/24/2021,BLI,WA,ANM,WE,Federal Contract Tower,11,21,13,0,45,0,9,11,0,20,11,30,24,0,65,52,0,52,117
05/25/2021,BLI,WA,ANM,WE,Federal Contract Tower,5,7,17,3,32,0,37,89,2,128,5,44,106,5,160,84,0,84,244
05/26/2021,BLI,WA,ANM,WE,Federal Contract Tower,6,9,16,3,34,0,35,92,2,129,6,44,108,5,163,144,2,146,309
05/27/2021,BLI,WA,ANM,WE,Federal Contract Tower,12,13,18,0,43,0,29,18,0,47,12,42,36,0,90,16,0,16,106
05/28/2021,BLI,WA,ANM,WE,Federal Contract Tower,13,12,15,1,41,0,41,78,0,119,13,53,93,1,160,114,0,114,274
05/29/2021,BLI,WA,ANM,WE,Federal Contract Tower,6,9,12,0,27,0,22,132,2,156,6,31,144,2,183,58,0,58,241
05/30/2021,BLI,WA,ANM,WE,Federal Contract Tower,13,2,5,1,21,0,38,119,0,157,13,40,124,1,178,50,0,50,228
05/31/2021,BLI,WA,ANM,WE,Federal Contract Tower,14,9,24,0,47,0,46,117,0,163,14,55,141,0,210,98,0,98,308
06/01/2021,BLI,WA,ANM,WE,Federal Contract Tower,8,7,15,1,31,0,50,83,7,140,8,57,98,8,171,68,0,68,239
06/02/2021,BLI,WA,ANM,WE,Federal Contract Tower,7,15,21,1,44,0,50,142,1,193,7,65,163,2,237,76,0,76,313
06/03/2021,BLI,WA,ANM,WE,Federal Contract Tower,13,8,7,1,29,0,50,80,1,131,13,58,87,2,160,62,0,62,222
06/04/2021,BLI,WA,ANM,WE,Federal Contract Tower,12,8,13,1,34,0,49,78,1,128,12,57,91,2,162,20,0,20,182
06/05/2021,BLI,WA,ANM,WE,Federal Contract Tower,8,6,4,0,18,0,21,29,0,50,8,27,33,0,68,6,0,6,74
06/06/2021,BLI,WA,ANM,WE,Federal Contract Tower,11,7,17,0,35,0,6,14,0,20,11,13,31,0,55,26,0,26,81
06/07/2021,BLI,WA,ANM,WE,Federal Contract Tower,12,9,9,0,30,0,26,80,2,108,12,35,89,2,138,60,0,60,198
06/08/2021,BLI,WA,ANM,WE,Federal Contract Tower,8,8,23,2,41,0,44,109,3,156,8,52,132,5,197,48,0,48,245
06/09/2021,BLI,WA,ANM,WE,Federal Contract Tower,6,13,15,0,34,0,40,125,0,165,6,53,140,0,199,124,0,124,323
06/10/2021,BLI,WA,ANM,WE,Federal Contract Tower,12,13,28,0,53,0,48,103,2,153,12,61,131,2,206,46,0,46,252
06/11/2021,BLI,WA,ANM,WE,Federal Contract Tower,13,8,12,0,33,0,30,61,0,91,13,38,73,0,124,28,0,28,152
06/12/2021,BLI,WA,ANM,WE,Federal Contract Tower,6,7,17,0,30,0,27,147,0,174,6,34,164,0,204,22,0,22,226
06/13/2021,BLI,WA,ANM,WE,Federal Contract Tower,12,5,20,0,37,0,9,17,0,26,12,14,37,0,63,18,0,18,81
06/14/2021,BLI,WA,ANM,WE,Federal Contract Tower,12,16,7,0,35,0,26,24,0,50,12,42,31,0,85,6,0,6,91
06/15/2021,BLI,WA,ANM,WE,Federal Contract Tower,7,12,17,2,38,0,41,89,0,130,7,53,106,2,168,76,0,76,244
06/16/2021,BLI,WA,ANM,WE,Federal Contract Tower,6,7,16,0,29,0,31,105,1,137,6,38,121,1,166,28,0,28,194
06/17/2021,BLI,WA,ANM,WE,Federal Contract Tower,18,6,27,0,51,0,44,143,0,187,18,50,170,0,238,106,0,106,344
06/18/2021,BLI,WA,ANM,WE,Federal Contract Tower,19,8,28,0,55,0,35,99,0,134,19,43,127,0,189,32,0,32,221
06/19/2021,BLI,WA,ANM,WE,Federal Contract Tower,13,6,35,0,54,0,36,83,0,119,13,42,118,0,173,18,0,18,191
06/20/2021,BLI,WA,ANM,WE,Federal Contract Tower,17,2,12,0,31,0,12,96,0,108,17,14,108,0,139,22,0,22,161
06/21/2021,BLI,WA,ANM,WE,Federal Contract Tower,17,10,25,0,52,0,30,91,0,121,17,40,116,0,173,44,0,44,217
06/22/2021,BLI,WA,ANM,WE,Federal Contract Tower,14,5,22,3,44,0,39,119,2,160,14,44,141,5,204,84,0,84,288
06/23/2021,BLI,WA,ANM,WE,Federal Contract Tower,12,12,26,0,50,0,26,62,0,88,12,38,88,0,138,44,0,44,182
06/24/2021,BLI,WA,ANM,WE,Federal Contract Tower,18,9,23,8,58,0,51,94,3,148,18,60,117,11,206,68,10,78,284
06/25/2021,BLI,WA,ANM,WE,Federal Contract Tower,17,7,15,0,39,0,43,92,0,135,17,50,107,0,174,54,0,54,228
06/26/2021,BLI,WA,ANM,WE,Federal Contract Tower,17,6,22,0,45,0,29,90,0,119,17,35,112,0,164,38,0,38,202
06/27/2021,BLI,WA,ANM,WE,Federal Contract Tower,16,2,16,0,34,0,33,65,0,98,16,35,81,0,132,46,0,46,178
06/28/2021,BLI,WA,ANM,WE,Federal Contract Tower,17,9,11,0,37,0,46,51,0,97,17,55,62,0,134,54,0,54,188
06/29/2021,BLI,WA,ANM,WE,Federal Contract Tower,17,13,17,1,48,0,41,98,0,139,17,54,115,1,187,88,0,88,275
06/30/2021,BLI,WA,ANM,WE,Federal Contract Tower,12,10,38,0,60,0,68,84,4,156,12,78,122,4,216,48,8,56,272
07/01/2021,BLI,WA,ANM,WE,Federal Contract Tower,16,6,24,0,46,0,56,88,0,144,16,62,112,0,190,60,0,60,250
07/02/2021,BLI,WA,ANM,WE,Federal Contract Tower,19,8,10,0,37,0,69,117,0,186,19,77,127,0,223,78,0,78,301
07/03/2021,BLI,WA,ANM,WE,Federal Contract Tower,16,5,15,0,36,0,34,113,0,147,16,39,128,0,183,24,0,24,207
07/04/2021,BLI,WA,ANM,WE,Federal Contract Tower,18,0,11,0,29,0,21,70,0,91,18,21,81,0,120,40,0,40,160
07/05/2021,BLI,WA,ANM,WE,Federal Contract Tower,15,1,19,0,35,0,46,65,1,112,15,47,84,1,147,28,0,28,175
07/06/2021,BLI,WA,ANM,WE,Federal Contract Tower,16,9,22,3,50,0,47,73,2,122,16,56,95,5,172,24,0,24,196
07/07/2021,BLI,WA,ANM,WE,Federal Contract Tower,12,22,20,0,54,0,35,36,0,71,12,57,56,0,125,4,0,4,129
07/08/2021,BLI,WA,ANM,WE,Federal Contract Tower,19,7,31,1,58,0,61,110,1,172,19,68,141,2,230,80,0,80,310
07/09/2021,BLI,WA,ANM,WE,Federal Contract Tower,18,11,15,0,44,0,73,132,2,207,18,84,147,2,251,114,0,114,365
07/10/2021,BLI,WA,ANM,WE,Federal Contract Tower,14,7,13,2,36,0,25,84,0,109,14,32,97,2,145,20,0,20,165
07/11/2021,BLI,WA,ANM,WE,Federal Contract Tower,15,3,11,0,29,0,41,92,0,133,15,44,103,0,162,18,0,18,180
07/12/2021,BLI,WA,ANM,WE,Federal Contract Tower,17,12,17,1,47,0,39,109,1,149,17,51,126,2,196,36,0,36,232
07/13/2021,BLI,WA,ANM,WE,Federal Contract Tower,16,7,15,2,40,0,62,137,0,199,16,69,152,2,239,86,0,86,325
07/14/2021,BLI,WA,ANM,WE,Federal Contract Tower,12,10,13,5,40,0,54,72,4,130,12,64,85,9,170,50,0,50,220
07/15/2021,BLI,WA,ANM,WE,Federal Contract Tower,18,6,13,0,37,0,51,44,2,97,18,57,57,2,134,2,0,2,136
07/16/2021,BLI,WA,ANM,WE,Federal Contract Tower,18,16,26,0,60,0,68,120,4,192,18,84,146,4,252,94,2,96,348
07/17/2021,BLI,WA,ANM,WE,Federal Contract Tower,15,5,14,0,34,0,24,70,0,94,15,29,84,0,128,54,0,54,182
07/18/2021,BLI,WA,ANM,WE,Federal Contract Tower,16,3,18,1,38,0,43,118,10,171,16,46,136,11,209,52,0,52,261
07/19/2021,BLI,WA,ANM,WE,Federal Contract Tower,18,12,16,2,48,0,45,129,2,176,18,57,145,4,224,42,0,42,266
07/20/2021,BLI,WA,ANM,WE,Federal Contract Tower,18,11,29,2,60,0,54,101,0,155,18,65,130,2,215,42,0,42,257
07/21/2021,BLI,WA,ANM,WE,Federal Contract Tower,12,8,19,1,40,0,72,115,2,189,12,80,134,3,229,106,0,106,335
07/22/2021,BLI,WA,ANM,WE,Federal Contract Tower,18,13,14,1,46,0,58,119,0,177,18,71,133,1,223,110,0,110,333
07/23/2021,BLI,WA,ANM,WE,Federal Contract Tower,18,6,20,1,45,0,79,124,2,205,18,85,144,3,250,76,0,76,326
07/24/2021,BLI,WA,ANM,WE,Federal Contract Tower,16,10,8,0,34,0,31,84,0,115,16,41,92,0,149,58,0,58,207
07/25/2021,BLI,WA,ANM,WE,Federal Contract Tower,17,7,17,0,41,0,52,124,0,176,17,59,141,0,217,93,0,93,310
07/26/2021,BLI,WA,ANM,WE,Federal Contract Tower,15,12,20,2,49,0,66,145,4,215,15,78,165,6,264,114,0,114,378
07/27/2021,BLI,WA,ANM,WE,Federal Contract Tower,16,11,17,0,44,0,67,147,2,216,16,78,164,2,260,108,6,114,374
07/28/2021,BLI,WA,ANM,WE,Federal Contract Tower,11,8,15,0,34,0,76,140,2,218,11,84,155,2,252,116,0,116,368
07/29/2021,BLI,WA,ANM,WE,Federal Contract Tower,16,9,31,0,56,0,73,149,0,222,16,82,180,0,278,158,0,158,436
07/30/2021,BLI,WA,ANM,WE,Federal Contract Tower,16,5,16,0,37,0,81,129,0,210,16,86,145,0,247,136,0,136,383
07/31/2021,BLI,WA,ANM,WE,Federal Contract Tower,12,4,15,2,33,0,37,87,3,127,12,41,102,5,160,80,0,80,240
08/01/2021,BLI,WA,ANM,WE,Federal Contract Tower,15,3,14,0,32,0,49,124,0,173,15,52,138,0,205,8,0,8,213
08/02/2021,BLI,WA,ANM,WE,Federal Contract Tower,14,11,18,7,50,0,54,109,4,167,14,65,127,11,217,114,14,128,345
08/03/2021,BLI,WA,ANM,WE,Federal Contract Tower,16,17,13,1,47,0,44,81,0,125,16,61,94,1,172,98,0,98,270
08/04/2021,BLI,WA,ANM,WE,Federal Contract Tower,13,18,26,0,57,0,56,138,0,194,13,74,164,0,251,92,0,92,343
08/05/2021,BLI,WA,ANM,WE,Federal Contract Tower,15,11,17,0,43,0,81,108,5,194,15,92,125,5,237,2,4,6,243
08/06/2021,BLI,WA,ANM,WE,Federal Contract Tower,14,14,20,0,48,0,44,68,0,112,14,58,88,0,160,24,0,24,184
08/07/2021,BLI,WA,ANM,WE,Federal Contract Tower,13,7,36,0,56,0,29,47,0,76,13,36,83,0,132,10,0,10,142
08/08/2021,BLI,WA,ANM,WE,Federal Contract Tower,14,14,26,0,54,0,20,76,0,96,14,34,102,0,150,36,0,36,186
08/09/2021,BLI,WA,ANM,WE,Federal Contract Tower,16,10,18,3,47,0,62,108,2,172,16,72,126,5,219,70,0,70,289
08/10/2021,BLI,WA,ANM,WE,Federal Contract Tower,17,5,19,2,43,0,67,117,2,186,17,72,136,4,229,118,0,118,347
08/11/2021,BLI,WA,ANM,WE,Federal Contract Tower,12,8,12,0,32,0,49,128,2,179,12,57,140,2,211,106,0,106,317
08/12/2021,BLI,WA,ANM,WE,Federal Contract Tower,13,15,14,0,42,0,66,68,0,134,13,81,82,0,176,2,0,2,178
08/13/2021,BLI,WA,ANM,WE,Federal Contract Tower,14,33,34,0,81,0,44,63,2,109,14,77,97,2,190,0,0,0,190
08/14/2021,BLI,WA,ANM,WE,Federal Contract Tower,13,9,22,0,44,0,32,76,5,113,13,41,98,5,157,10,0,10,167
08/15/2021,BLI,WA,ANM,WE,Federal Contract Tower,14,9,23,0,46,0,29,65,2,96,14,38,88,2,142,24,0,24,166
08/16/2021,BLI,WA,ANM,WE,Federal Contract Tower,14,7,15,2,38,0,52,42,0,94,14,59,57,2,132,0,0,0,132
08/17/2021,BLI,WA,ANM,WE,Federal Contract Tower,12,16,19,0,47,0,69,104,6,179,12,85,123,6,226,70,0,70,296
08/18/2021,BLI,WA,ANM,WE,Federal Contract Tower,10,7,17,0,34,0,58,142,5,205,10,65,159,5,239,76,0,76,315
08/19/2021,BLI,WA,ANM,WE,Federal Contract Tower,18,11,19,0,48,0,47,120,0,167,18,58,139,0,215,70,0,70,285
08/20/2021,BLI,WA,ANM,WE,Federal Contract Tower,12,10,16,0,38,0,58,39,1,98,12,68,55,1,136,16,20,36,172
08/21/2021,BLI,WA,ANM,WE,Federal Contract Tower,10,5,14,5,34,0,32,84,14,130,10,37,98,19,164,28,0,28,192
08/22/2021,BLI,WA,ANM,WE,Federal Contract Tower,16,2,15,0,33,0,34,78,0,112,16,36,93,0,145,30,0,30,175
08/23/2021,BLI,WA,ANM,WE,Federal Contract Tower,12,7,14,1,34,0,45,96,1,142,12,52,110,2,176,78,0,78,254
08/24/2021,BLI,WA,ANM,WE,Federal Contract Tower,11,10,24,1,46,0,74,156,9,239,11,84,180,10,285,64,0,64,349
08/25/2021,BLI,WA,ANM,WE,Federal Contract Tower,11,6,24,0,41,0,63,120,1,184,11,69,144,1,225,90,0,90,315
08/26/2021,BLI,WA,ANM,WE,Federal Contract Tower,19,12,18,0,49,0,48,47,0,95,19,60,65,0,144,26,0,26,170
08/27/2021,BLI,WA,ANM,WE,Federal Contract Tower,12,10,29,0,51,0,45,70,0,115,12,55,99,0,166,58,0,58,224
08/28/2021,BLI,WA,ANM,WE,Federal Contract Tower,8,1,10,0,19,0,38,160,2,200,8,39,170,2,219,124,0,124,343
08/29/2021,BLI,WA,ANM,WE,Federal Contract Tower,18,3,25,0,46,1,62,137,0,200,19,65,162,0,246,24,0,24,270
08/30/2021,BLI,WA,ANM,WE,Federal Contract Tower,13,11,26,0,50,0,41,66,2,109,13,52,92,2,159,46,0,46,205
08/31/2021,BLI,WA,ANM,WE,Federal Contract Tower,10,8,14,0,32,0,39,57,0,96,10,47,71,0,128,48,0,48,176
09/01/2021,BLI,WA,ANM,WE,Federal Contract Tower,12,11,8,0,31,0,68,135,0,203,12,79,143,0,234,54,0,54,288
09/02/2021,BLI,WA,ANM,WE,Federal Contract Tower,18,8,19,0,45,0,74,151,2,227,18,82,170,2,272,126,0,126,398
09/03/2021,BLI,WA,ANM,WE,Federal Contract Tower,12,10,16,0,38,0,56,144,0,200,12,66,160,0,238,106,0,106,344
09/04/2021,BLI,WA,ANM,WE,Federal Contract Tower,9,5,6,0,20,0,38,57,0,95,9,43,63,0,115,20,0,20,135
09/05/2021,BLI,WA,ANM,WE,Federal Contract Tower,19,0,9,0,28,0,31,46,0,77,19,31,55,0,105,20,0,20,125
09/06/2021,BLI,WA,ANM,WE,Federal Contract Tower,11,0,12,2,25,0,43,100,2,145,11,43,112,4,170,42,10,52,222
09/07/2021,BLI,WA,ANM,WE,Federal Contract Tower,10,8,13,3,34,0,47,109,3,159,10,55,122,6,193,61,4,65,258
09/08/2021,BLI,WA,ANM,WE,Federal Contract Tower,8,7,19,2,36,0,43,104,3,150,8,50,123,5,186,122,14,136,322
09/09/2021,BLI,WA,ANM,WE,Federal Contract Tower,16,5,19,0,40,0,49,123,8,180,16,54,142,8,220,40,0,40,260
09/10/2021,BLI,WA,ANM,WE,Federal Contract Tower,11,5,19,7,42,0,42,68,3,113,11,47,87,10,155,46,0,46,201
09/11/2021,BLI,WA,ANM,WE,Federal Contract Tower,7,8,16,0,31,0,29,44,0,73,7,37,60,0,104,70,0,70,174
09/12/2021,BLI,WA,ANM,WE,Federal Contract Tower,16,7,15,0,38,0,13,52,0,65,16,20,67,0,103,58,0,58,161
09/13/2021,BLI,WA,ANM,WE,Federal Contract Tower,10,7,10,0,27,0,49,110,4,163,10,56,120,4,190,132,22,154,344
09/14/2021,BLI,WA,ANM,WE,Federal Contract Tower,7,9,16,1,33,0,29,49,1,79,7,38,65,2,112,64,0,64,176
09/15/2021,BLI,WA,ANM,WE,Federal Contract Tower,8,9,23,0,40,0,46,107,2,155,8,55,130,2,195,66,12,78,273
09/16/2021,BLI,WA,ANM,WE,Federal Contract Tower,15,12,16,0,43,0,62,135,2,199,15,74,151,2,242,100,0,100,342
09/17/2021,BLI,WA,ANM,WE,Federal Contract Tower,11,9,17,0,37,0,20,3,0,23,11,29,20,0,60,0,0,0,60
09/18/2021,BLI,WA,ANM,WE,Federal Contract Tower,6,3,14,0,23,0,42,36,0,78,6,45,50,0,101,36,0,36,137
09/19/2021,BLI,WA,ANM,WE,Federal Contract Tower,16,0,18,0,34,0,3,28,0,31,16,3,46,0,65,30,0,30,95
09/20/2021,BLI,WA,ANM,WE,Federal Contract Tower,11,15,16,2,44,0,57,76,1,134,11,72,92,3,178,90,0,90,268
09/21/2021,BLI,WA,ANM,WE,Federal Contract Tower,6,6,14,2,28,0,58,142,5,205,6,64,156,7,233,79,6,85,318
09/22/2021,BLI,WA,ANM,WE,Federal Contract Tower,9,16,27,0,52,0,28,49,2,79,9,44,76,2,131,54,6,60,191
09/23/2021,BLI,WA,ANM,WE,Federal Contract Tower,15,8,21,0,44,0,58,112,12,182,15,66,133,12,226,62,2,64,290
09/24/2021,BLI,WA,ANM,WE,Federal Contract Tower,11,3,22,0,36,0,62,140,0,202,11,65,162,0,238,104,0,104,342
09/25/2021,BLI,WA,ANM,WE,Federal Contract Tower,6,3,13,0,22,0,29,205,6,240,6,32,218,6,262,28,6,34,296
09/26/2021,BLI,WA,ANM,WE,Federal Contract Tower,17,7,10,0,34,0,35,4,0,39,17,42,14,0,73,0,0,0,73
09/27/2021,BLI,WA,ANM,WE,Federal Contract Tower,11,7,19,4,41,0,49,16,3,68,11,56,35,7,109,0,12,12,121
09/28/2021,BLI,WA,ANM,WE,Federal Contract Tower,8,9,16,1,34,0,64,49,0,113,8,73,65,1,147,34,0,34,181
09/29/2021,BLI,WA,ANM,WE,Federal Contract Tower,11,8,18,0,37,0,45,13,0,58,11,53,31,0,95,12,0,12,107
09/30/2021,BLI,WA,ANM,WE,Federal Contract Tower,17,13,14,0,44,0,41,42,0,83,17,54,56,0,127,66,0,66,193
10/01/2021,BLI,WA,ANM,WE,Federal Contract Tower,14,9,18,0,41,0,67,95,2,164,14,76,113,2,205,80,0,80,285
10/02/2021,BLI,WA,ANM,WE,Federal Contract Tower,7,6,5,0,18,0,21,70,0,91,7,27,75,0,109,54,0,54,163
10/03/2021,BLI,WA,ANM,WE,Federal Contract Tower,19,1,13,0,33,0,35,53,0,88,19,36,66,0,121,66,0,66,187
10/04/2021,BLI,WA,ANM,WE,Federal Contract Tower,13,13,12,0,38,0,43,82,0,125,13,56,94,0,163,100,0,100,263
10/05/2021,BLI,WA,ANM,WE,Federal Contract Tower,12,12,8,0,32,0,44,31,0,75,12,56,39,0,107,52,0,52,159
10/06/2021,BLI,WA,ANM,WE,Federal Contract Tower,10,6,18,1,35,0,53,82,5,140,10,59,100,6,175,73,4,77,252
10/07/2021,BLI,WA,ANM,WE,Federal Contract Tower,18,9,21,0,48,0,59,123,0,182,18,68,144,0,230,50,22,72,302
10/08/2021,BLI,WA,ANM,WE,Federal Contract Tower,13,6,21,0,40,0,42,99,5,146,13,48,120,5,186,78,12,90,276
10/09/2021,BLI,WA,ANM,WE,Federal Contract Tower,10,9,16,0,35,0,28,52,0,80,10,37,68,0,115,38,0,38,153
10/10/2021,BLI,WA,ANM,WE,Federal Contract Tower,16,5,12,0,33,0,32,57,0,89,16,37,69,0,122,93,0,93,215
10/11/2021,BLI,WA,ANM,WE,Federal Contract Tower,15,4,12,0,31,0,71,130,0,201,15,75,142,0,232,86,0,86,318
10/12/2021,BLI,WA,ANM,WE,Federal Contract Tower,8,14,14,7,43,0,50,43,1,94,8,64,57,8,137,104,10,114,251
10/13/2021,BLI,WA,ANM,WE,Federal Contract Tower,10,13,10,0,33,0,53,57,0,110,10,66,67,0,143,108,0,108,251
10/14/2021,BLI,WA,ANM,WE,Federal Contract Tower,18,16,12,0,46,0,61,20,10,91,18,77,32,10,137,40,0,40,177
10/15/2021,BLI,WA,ANM,WE,Federal Contract Tower,14,14,21,0,49,0,64,34,0,98,14,78,55,0,147,8,0,8,155
10/16/2021,BLI,WA,ANM,WE,Federal Contract Tower,9,9,4,0,22,0,32,18,2,52,9,41,22,2,74,16,0,16,90
10/17/2021,BLI,WA,ANM,WE,Federal Contract Tower,18,12,7,0,37,0,33,13,0,46,18,45,20,0,83,0,0,0,83
10/18/2021,BLI,WA,ANM,WE,Federal Contract Tower,13,9,17,2,41,0,66,94,0,160,13,75,111,2,201,102,0,102,303
10/19/2021,BLI,WA,ANM,WE,Federal Contract Tower,10,6,13,0,29,0,61,145,0,206,10,67,158,0,235,115,0,115,350
10/20/2021,BLI,WA,ANM,WE,Federal Contract Tower,9,17,11,1,38,0,59,19,6,84,9,76,30,7,122,20,8,28,150
10/21/2021,BLI,WA,ANM,WE,Federal Contract Tower,18,19,9,0,46,0,90,99,0,189,18,109,108,0,235,72,0,72,307
10/22/2021,BLI,WA,ANM,WE,Federal Contract Tower,12,9,15,0,36,0,48,26,0,74,12,57,41,0,110,2,0,2,112
10/23/2021,BLI,WA,ANM,WE,Federal Contract Tower,6,10,6,0,22,0,41,16,0,57,6,51,22,0,79,80,0,80,159
10/24/2021,BLI,WA,ANM,WE,Federal Contract Tower,18,2,2,0,22,0,28,14,0,42,18,30,16,0,64,0,0,0,64
10/25/2021,BLI,WA,ANM,WE,Federal Contract Tower,12,9,7,0,28,0,10,10,0,20,12,19,17,0,48,0,0,0,48
10/26/2021,BLI,WA,ANM,WE,Federal Contract Tower,10,7,9,0,26,0,44,17,2,63,10,51,26,2,89,36,0,36,125
10/27/2021,BLI,WA,ANM,WE,Federal Contract Tower,7,11,7,0,25,0,55,82,0,137,7,66,89,0,162,71,0,71,233
10/28/2021,BLI,WA,ANM,WE,Federal Contract Tower,17,8,15,4,44,0,2,1,0,3,17,10,16,4,47,0,0,0,47
10/29/2021,BLI,WA,ANM,WE,Federal Contract Tower,14,6,8,0,28,0,59,95,2,156,14,65,103,2,184,98,0,98,282
10/30/2021,BLI,WA,ANM,WE,Federal Contract Tower,6,5,9,0,20,0,24,56,0,80,6,29,65,0,100,10,0,10,110
10/31/2021,BLI,WA,ANM,WE,Federal Contract Tower,16,3,7,0,26,0,21,129,2,152,16,24,136,2,178,70,8,78,256
11/01/2021,BLI,WA,ANM,WE,Federal Contract Tower,14,8,15,1,38,0,47,95,2,144,14,55,110,3,182,88,0,88,270
11/02/2021,BLI,WA,ANM,WE,Federal Contract Tower,11,7,20,0,38,0,53,69,2,124,11,60,89,2,162,32,8,40,202
11/03/2021,BLI,WA,ANM,WE,Federal Contract Tower,9,11,11,0,31,0,60,65,5,130,9,71,76,5,161,74,0,74,235
11/04/2021,BLI,WA,ANM,WE,Federal Contract Tower,18,6,8,0,32,0,43,10,0,53,18,49,18,0,85,12,0,12,97
11/05/2021,BLI,WA,ANM,WE,Federal Contract Tower,13,14,14,0,41,0,51,53,0,104,13,65,67,0,145,42,0,42,187
11/06/2021,BLI,WA,ANM,WE,Federal Contract Tower,9,7,2,0,18,0,27,18,0,45,9,34,20,0,63,12,0,12,75
11/07/2021,BLI,WA,ANM,WE,Federal Contract Tower,23,1,7,0,31,0,8,4,0,12,23,9,11,0,43,0,0,0,43
11/08/2021,BLI,WA,ANM,WE,Federal Contract Tower,17,12,8,0,37,0,61,105,6,172,17,73,113,6,209,66,0,66,275
11/09/2021,BLI,WA,ANM,WE,Federal Contract Tower,17,11,12,0,40,0,41,17,2,60,17,52,29,2,100,4,0,4,104
11/10/2021,BLI,WA,ANM,WE,Federal Contract Tower,15,10,11,2,38,0,68,129,4,201,15,78,140,6,239,112,4,116,355
11/11/2021,BLI,WA,ANM,WE,Federal Contract Tower,24,8,21,0,53,0,44,22,0,66,24,52,43,0,119,20,0,20,139
11/12/2021,BLI,WA,ANM,WE,Federal Contract Tower,15,9,12,0,36,0,28,40,0,68,15,37,52,0,104,46,0,46,150
11/13/2021,BLI,WA,ANM,WE,Federal Contract Tower,13,4,41,0,58,0,9,34,0,43,13,13,75,0,101,42,0,42,143
11/14/2021,BLI,WA,ANM,WE,Federal Contract Tower,27,4,5,0,36,0,0,0,0,0,27,4,5,0,36,0,0,0,36
11/15/2021,BLI,WA,ANM,WE,Federal Contract Tower,16,3,4,0,23,0,2,2,0,4,16,5,6,0,27,0,0,0,27
11/16/2021,BLI,WA,ANM,WE,Federal Contract Tower,15,8,17,0,40,0,62,167,0,229,15,70,184,0,269,54,0,54,323
11/17/2021,BLI,WA,ANM,WE,Federal Contract Tower,14,14,19,0,47,0,60,134,0,194,14,74,153,0,241,48,0,48,289
11/18/2021,BLI,WA,ANM,WE,Federal Contract Tower,21,10,10,0,41,0,22,23,0,45,21,32,33,0,86,22,0,22,108
11/19/2021,BLI,WA,ANM,WE,Federal Contract Tower,15,5,19,0,39,0,29,78,8,115,15,34,97,8,154,144,2,146,300
11/20/2021,BLI,WA,ANM,WE,Federal Contract Tower,10,8,10,0,28,0,13,55,1,69,10,21,65,1,97,104,4,108,205
11/21/2021,BLI,WA,ANM,WE,Federal Contract Tower,20,1,13,0,34,0,27,123,0,150,20,28,136,0,184,78,0,78,262
11/22/2021,BLI,WA,ANM,WE,Federal Contract Tower,17,7,16,0,40,0,27,40,0,67,17,34,56,0,107,36,0,36,143
11/23/2021,BLI,WA,ANM,WE,Federal Contract Tower,18,11,9,0,38,0,38,85,1,124,18,49,94,1,162,10,6,16,178
11/24/2021,BLI,WA,ANM,WE,Federal Contract Tower,20,6,10,0,36,0,41,79,0,120,20,47,89,0,156,44,0,44,200
11/25/2021,BLI,WA,ANM,WE,Federal Contract Tower,12,3,3,0,18,0,0,0,0,0,12,3,3,0,18,0,0,0,18
11/26/2021,BLI,WA,ANM,WE,Federal Contract Tower,14,6,18,0,38,0,16,41,0,57,14,22,59,0,95,50,0,50,145
11/27/2021,BLI,WA,ANM,WE,Federal Contract Tower,18,7,10,0,35,0,14,10,0,24,18,21,20,0,59,18,0,18,77
11/28/2021,BLI,WA,ANM,WE,Federal Contract Tower,20,5,17,0,42,0,0,2,0,2,20,5,19,0,44,0,0,0,44
11/29/2021,BLI,WA,ANM,WE,Federal Contract Tower,18,8,21,0,47,0,26,43,4,73,18,34,64,4,120,94,0,94,214
11/30/2021,BLI,WA,ANM,WE,Federal Contract Tower,12,10,6,0,28,0,21,10,0,31,12,31,16,0,59,28,0,28,87
12/01/2021,BLI,WA,ANM,WE,Federal Contract Tower,15,11,32,0,58,0,36,31,0,67,15,47,63,0,125,26,0,26,151
12/02/2021,BLI,WA,ANM,WE,Federal Contract Tower,17,7,23,2,49,0,27,116,0,143,17,34,139,2,192,153,0,153,345
12/03/2021,BLI,WA,ANM,WE,Federal Contract Tower,18,9,6,0,33,0,45,126,0,171,18,54,132,0,204,104,0,104,308
12/04/2021,BLI,WA,ANM,WE,Federal Contract Tower,13,6,4,0,23,0,4,0,0,4,13,10,4,0,27,0,0,0,27
12/05/2021,BLI,WA,ANM,WE,Federal Contract Tower,18,1,9,0,28,0,24,87,6,117,18,25,96,6,145,94,0,94,239
12/06/2021,BLI,WA,ANM,WE,Federal Contract Tower,16,10,6,0,32,0,0,1,0,1,16,10,7,0,33,0,0,0,33
12/07/2021,BLI,WA,ANM,WE,Federal Contract Tower,12,7,1,0,20,0,1,0,0,1,12,8,1,0,21,0,0,0,21
12/08/2021,BLI,WA,ANM,WE,Federal Contract Tower,15,7,20,0,42,0,64,123,0,187,15,71,143,0,229,136,0,136,365
12/09/2021,BLI,WA,ANM,WE,Federal Contract Tower,21,4,6,0,31,0,41,17,0,58,21,45,23,0,89,24,0,24,113
12/10/2021,BLI,WA,ANM,WE,Federal Contract Tower,18,8,9,0,35,0,47,29,2,78,18,55,38,2,113,6,8,14,127
12/11/2021,BLI,WA,ANM,WE,Federal Contract Tower,16,3,1,0,20,0,8,14,0,22,16,11,15,0,42,26,0,26,68
12/12/2021,BLI,WA,ANM,WE,Federal Contract Tower,18,3,9,0,30,0,12,9,0,21,18,15,18,0,51,72,0,72,123
12/13/2021,BLI,WA,ANM,WE,Federal Contract Tower,17,8,1,0,26,0,40,90,0,130,17,48,91,0,156,106,0,106,262
12/14/2021,BLI,WA,ANM,WE,Federal Contract Tower,12,13,7,2,34,0,49,52,0,101,12,62,59,2,135,68,0,68,203
12/15/2021,BLI,WA,ANM,WE,Federal Contract Tower,14,9,10,0,33,0,47,86,0,133,14,56,96,0,166,96,0,96,262
12/16/2021,BLI,WA,ANM,WE,Federal Contract Tower,17,7,7,0,31,0,43,41,0,84,17,50,48,0,115,54,0,54,169
12/17/2021,BLI,WA,ANM,WE,Federal Contract Tower,17,8,15,1,41,0,60,80,7,147,17,68,95,8,188,86,4,90,278
12/18/2021,BLI,WA,ANM,WE,Federal Contract Tower,17,6,2,0,25,0,5,1,0,6,17,11,3,0,31,30,0,30,61
12/19/2021,BLI,WA,ANM,WE,Federal Contract Tower,19,6,15,0,40,0,33,129,1,163,19,39,144,1,203,66,0,66,269
12/20/2021,BLI,WA,ANM,WE,Federal Contract Tower,17,10,7,0,34,0,53,64,3,120,17,63,71,3,154,44,8,52,206
12/21/2021,BLI,WA,ANM,WE,Federal Contract Tower,15,16,11,2,44,0,61,57,5,123,15,77,68,7,167,106,22,128,295
12/22/2021,BLI,WA,ANM,WE,Federal Contract Tower,19,9,10,0,38,0,42,9,0,51,19,51,19,0,89,0,0,0,89
12/23/2021,BLI,WA,ANM,WE,Federal Contract Tower,17,8,8,0,33,0,17,35,0,52,17,25,43,0,85,16,0,16,101
12/24/2021,BLI,WA,ANM,WE,Federal Contract Tower,14,10,2,0,26,0,5,7,0,12,14,15,9,0,38,16,0,16,54
12/25/2021,BLI,WA,ANM,WE,Federal Contract Tower,5,1,2,0,8,0,0,0,0,0,5,1,2,0,8,0,0,0,8
12/26/2021,BLI,WA,ANM,WE,Federal Contract Tower,0,0,0,0,0,0,0,0,0,0,0,0,0,0,0,0,0,0,0
12/27/2021,BLI,WA,ANM,WE,Federal Contract Tower,11,2,4,0,17,0,2,13,0,15,11,4,17,0,32,0,0,0,32
12/28/2021,BLI,WA,ANM,WE,Federal Contract Tower,15,3,3,0,21,0,2,8,0,10,15,5,11,0,31,0,0,0,31
12/29/2021,BLI,WA,ANM,WE,Federal Contract Tower,16,9,9,0,34,0,10,19,6,35,16,19,28,6,69,0,0,0,69
12/30/2021,BLI,WA,ANM,WE,Federal Contract Tower,17,2,3,0,22,0,5,8,0,13,17,7,11,0,35,0,0,0,35
12/31/2021,BLI,WA,ANM,WE,Federal Contract Tower,16,1,0,0,17,0,23,6,0,29,16,24,6,0,46,0,0,0,46
01/01/2022,BLI,WA,ANM,WE,Federal Contract Tower,13,0,2,0,15,0,4,16,0,20,13,4,18,0,35,0,0,0,35
01/02/2022,BLI,WA,ANM,WE,Federal Contract Tower,17,2,1,0,20,0,4,4,0,8,17,6,5,0,28,0,0,0,28
01/03/2022,BLI,WA,ANM,WE,Federal Contract Tower,18,11,5,0,34,0,33,19,0,52,18,44,24,0,86,10,0,10,96
01/04/2022,BLI,WA,ANM,WE,Federal Contract Tower,10,9,7,0,26,0,60,23,0,83,10,69,30,0,109,0,0,0,109
01/05/2022,BLI,WA,ANM,WE,Federal Contract Tower,11,14,3,0,28,0,18,8,0,26,11,32,11,0,54,0,0,0,54
01/06/2022,BLI,WA,ANM,WE,Federal Contract Tower,6,1,0,0,7,0,0,2,0,2,6,1,2,0,9,0,0,0,9
01/07/2022,BLI,WA,ANM,WE,Federal Contract Tower,21,10,13,0,44,0,11,6,0,17,21,21,19,0,61,0,0,0,61
01/08/2022,BLI,WA,ANM,WE,Federal Contract Tower,11,9,4,0,24,0,15,25,0,40,11,24,29,0,64,50,0,50,114
01/09/2022,BLI,WA,ANM,WE,Federal Contract Tower,20,4,11,0,35,0,35,194,0,229,20,39,205,0,264,116,0,116,380
01/10/2022,BLI,WA,ANM,WE,Federal Contract Tower,20,6,8,0,34,0,20,8,0,28,20,26,16,0,62,0,0,0,62
01/11/2022,BLI,WA,ANM,WE,Federal Contract Tower,10,6,15,0,31,0,21,13,0,34,10,27,28,0,65,4,0,4,69
01/12/2022,BLI,WA,ANM,WE,Federal Contract Tower,13,12,22,1,48,0,41,13,0,54,13,53,35,1,102,0,0,0,102
01/13/2022,BLI,WA,ANM,WE,Federal Contract Tower,21,8,16,0,45,0,50,82,0,132,21,58,98,0,177,86,0,86,263
01/14/2022,BLI,WA,ANM,WE,Federal Contract Tower,20,5,14,0,39,0,49,122,0,171,20,54,136,0,210,160,0,160,370
01/15/2022,BLI,WA,ANM,WE,Federal Contract Tower,13,1,15,0,29,0,0,1,0,1,13,1,16,0,30,0,0,0,30
01/16/2022,BLI,WA,ANM,WE,Federal Contract Tower,17,3,14,0,34,0,0,0,0,0,17,3,14,0,34,0,0,0,34
01/17/2022,BLI,WA,ANM,WE,Federal Contract Tower,13,11,24,0,48,0,19,32,0,51,13,30,56,0,99,28,0,28,127
01/18/2022,BLI,WA,ANM,WE,Federal Contract Tower,10,13,22,0,45,0,0,0,0,0,10,13,22,0,45,0,0,0,45
01/19/2022,BLI,WA,ANM,WE,Federal Contract Tower,11,4,13,1,29,0,23,63,5,91,11,27,76,6,120,34,0,34,154
01/20/2022,BLI,WA,ANM,WE,Federal Contract Tower,22,12,13,0,47,0,52,62,2,116,22,64,75,2,163,74,0,74,237
01/21/2022,BLI,WA,ANM,WE,Federal Contract Tower,20,9,13,0,42,0,39,64,0,103,20,48,77,0,145,50,0,50,195
01/22/2022,BLI,WA,ANM,WE,Federal Contract Tower,12,8,9,0,29,0,9,108,2,119,12,17,117,2,148,86,38,124,272
01/23/2022,BLI,WA,ANM,WE,Federal Contract Tower,3,0,5,0,8,0,0,0,0,0,3,0,5,0,8,0,0,0,8
01/24/2022,BLI,WA,ANM,WE,Federal Contract Tower,24,15,7,0,46,0,0,0,0,0,24,15,7,0,46,0,0,0,46
01/25/2022,BLI,WA,ANM,WE,Federal Contract Tower,6,10,10,0,26,0,0,2,0,2,6,10,12,0,28,0,0,0,28
01/26/2022,BLI,WA,ANM,WE,Federal Contract Tower,9,12,9,0,30,0,10,22,1,33,9,22,31,1,63,12,0,12,75
01/27/2022,BLI,WA,ANM,WE,Federal Contract Tower,19,7,23,1,50,0,34,95,3,132,19,41,118,4,182,114,18,132,314
01/28/2022,BLI,WA,ANM,WE,Federal Contract Tower,19,10,25,1,55,0,55,168,0,223,19,65,193,1,278,144,0,144,422
01/29/2022,BLI,WA,ANM,WE,Federal Contract Tower,11,10,6,0,27,0,12,107,0,119,11,22,113,0,146,138,0,138,284
01/30/2022,BLI,WA,ANM,WE,Federal Contract Tower,18,1,10,0,29,0,7,3,0,10,18,8,13,0,39,0,0,0,39
01/31/2022,BLI,WA,ANM,WE,Federal Contract Tower,20,3,13,1,37,0,50,89,0,139,20,53,102,1,176,180,0,180,356
02/01/2022,BLI,WA,ANM,WE,Federal Contract Tower,8,7,5,1,21,0,58,54,4,116,8,65,59,5,137,50,0,50,187
02/02/2022,BLI,WA,ANM,WE,Federal Contract Tower,10,6,1,0,17,0,14,31,0,45,10,20,32,0,62,64,0,64,126
02/03/2022,BLI,WA,ANM,WE,Federal Contract Tower,19,4,16,0,39,0,0,0,0,0,19,4,16,0,39,0,0,0,39
02/04/2022,BLI,WA,ANM,WE,Federal Contract Tower,20,10,6,0,36,0,35,16,0,51,20,45,22,0,87,0,0,0,87
02/05/2022,BLI,WA,ANM,WE,Federal Contract Tower,9,9,21,0,39,0,9,60,0,69,9,18,81,0,108,120,0,120,228
02/06/2022,BLI,WA,ANM,WE,Federal Contract Tower,16,2,18,0,36,0,9,85,0,94,16,11,103,0,130,70,6,76,206
02/07/2022,BLI,WA,ANM,WE,Federal Contract Tower,19,8,9,0,36,0,59,55,2,116,19,67,64,2,152,32,0,32,184
02/08/2022,BLI,WA,ANM,WE,Federal Contract Tower,7,5,12,0,24,0,39,63,0,102,7,44,75,0,126,68,0,68,194
02/09/2022,BLI,WA,ANM,WE,Federal Contract Tower,12,5,8,0,25,0,31,66,0,97,12,36,74,0,122,88,0,88,210
02/10/2022,BLI,WA,ANM,WE,Federal Contract Tower,19,6,15,1,41,0,8,17,1,26,19,14,32,2,67,0,0,0,67
02/11/2022,BLI,WA,ANM,WE,Federal Contract Tower,19,12,33,2,66,0,56,127,2,185,19,68,160,4,251,92,0,92,343
02/12/2022,BLI,WA,ANM,WE,Federal Contract Tower,9,6,20,0,35,0,9,152,0,161,9,15,172,0,196,92,0,92,288
02/13/2022,BLI,WA,ANM,WE,Federal Contract Tower,17,0,1,0,18,0,9,88,0,97,17,9,89,0,115,72,0,72,187
02/14/2022,BLI,WA,ANM,WE,Federal Contract Tower,19,11,7,0,37,0,35,34,2,71,19,46,41,2,108,0,0,0,108
02/15/2022,BLI,WA,ANM,WE,Federal Contract Tower,9,21,18,2,50,0,29,16,0,45,9,50,34,2,95,4,0,4,99
02/16/2022,BLI,WA,ANM,WE,Federal Contract Tower,14,12,12,1,39,0,48,80,1,129,14,60,92,2,168,40,0,40,208
02/17/2022,BLI,WA,ANM,WE,Federal Contract Tower,22,7,19,0,48,0,53,37,0,90,22,60,56,0,138,40,0,40,178
02/18/2022,BLI,WA,ANM,WE,Federal Contract Tower,23,7,22,0,52,0,39,60,0,99,23,46,82,0,151,118,0,118,269
02/19/2022,BLI,WA,ANM,WE,Federal Contract Tower,11,8,2,0,21,0,9,5,0,14,11,17,7,0,35,0,0,0,35
02/20/2022,BLI,WA,ANM,WE,Federal Contract Tower,21,6,7,0,34,0,11,38,0,49,21,17,45,0,83,20,0,20,103
02/21/2022,BLI,WA,ANM,WE,Federal Contract Tower,15,3,9,0,27,0,14,11,0,25,15,17,20,0,52,0,0,0,52
02/22/2022,BLI,WA,ANM,WE,Federal Contract Tower,14,1,4,0,19,0,5,2,2,9,14,6,6,2,28,0,0,0,28
02/23/2022,BLI,WA,ANM,WE,Federal Contract Tower,13,6,15,0,34,0,22,95,2,119,13,28,110,2,153,22,0,22,175
02/24/2022,BLI,WA,ANM,WE,Federal Contract Tower,23,10,10,0,43,0,57,95,0,152,23,67,105,0,195,78,0,78,273
02/25/2022,BLI,WA,ANM,WE,Federal Contract Tower,22,5,10,0,37,0,61,146,2,209,22,66,156,2,246,138,0,138,384
02/26/2022,BLI,WA,ANM,WE,Federal Contract Tower,15,9,9,0,33,0,20,52,1,73,15,29,61,1,106,44,0,44,150
02/27/2022,BLI,WA,ANM,WE,Federal Contract Tower,21,3,10,0,34,0,5,12,0,17,21,8,22,0,51,60,0,60,111
02/28/2022,BLI,WA,ANM,WE,Federal Contract Tower,19,11,11,0,41,0,15,14,0,29,19,26,25,0,70,38,0,38,108
03/01/2022,BLI,WA,ANM,WE,Federal Contract Tower,17,5,16,0,38,0,34,44,2,80,17,39,60,2,118,128,0,128,246
03/02/2022,BLI,WA,ANM,WE,Federal Contract Tower,16,9,11,0,36,0,36,20,0,56,16,45,31,0,92,4,8,12,104
03/03/2022,BLI,WA,ANM,WE,Federal Contract Tower,21,5,13,0,39,0,56,81,2,139,21,61,94,2,178,122,0,122,300
03/04/2022,BLI,WA,ANM,WE,Federal Contract Tower,22,7,7,0,36,0,45,58,2,105,22,52,65,2,141,104,20,124,265
03/05/2022,BLI,WA,ANM,WE,Federal Contract Tower,13,2,8,0,23,0,7,86,2,95,13,9,94,2,118,70,0,70,188
03/06/2022,BLI,WA,ANM,WE,Federal Contract Tower,18,4,11,0,33,0,8,87,1,96,18,12,98,1,129,86,0,86,215
03/07/2022,BLI,WA,ANM,WE,Federal Contract Tower,23,16,25,0,64,0,43,55,0,98,23,59,80,0,162,12,0,12,174
03/08/2022,BLI,WA,ANM,WE,Federal Contract Tower,9,7,13,0,29,0,44,38,0,82,9,51,51,0,111,20,0,20,131
03/09/2022,BLI,WA,ANM,WE,Federal Contract Tower,16,7,17,1,41,0,45,74,1,120,16,52,91,2,161,38,0,38,199
03/10/2022,BLI,WA,ANM,WE,Federal Contract Tower,24,7,19,1,51,0,66,125,2,193,24,73,144,3,244,142,0,142,386
03/11/2022,BLI,WA,ANM,WE,Federal Contract Tower,22,7,18,0,47,0,41,42,0,83,22,48,60,0,130,54,0,54,184
03/12/2022,BLI,WA,ANM,WE,Federal Contract Tower,15,6,12,0,33,0,22,48,2,72,15,28,60,2,105,40,0,40,145
03/13/2022,BLI,WA,ANM,WE,Federal Contract Tower,23,2,15,0,40,0,9,51,0,60,23,11,66,0,100,46,0,46,146
03/14/2022,BLI,WA,ANM,WE,Federal Contract Tower,23,9,10,0,42,0,37,15,0,52,23,46,25,0,94,4,0,4,98
03/15/2022,BLI,WA,ANM,WE,Federal Contract Tower,14,6,13,1,34,0,36,45,4,85,14,42,58,5,119,62,0,62,181
03/16/2022,BLI,WA,ANM,WE,Federal Contract Tower,17,14,21,0,52,0,57,88,0,145,17,71,109,0,197,72,0,72,269
03/17/2022,BLI,WA,ANM,WE,Federal Contract Tower,23,9,20,0,52,0,40,22,2,64,23,49,42,2,116,0,0,0,116
03/18/2022,BLI,WA,ANM,WE,Federal Contract Tower,23,8,9,0,40,0,43,52,0,95,23,51,61,0,135,71,0,71,206
03/19/2022,BLI,WA,ANM,WE,Federal Contract Tower,21,5,14,0,40,0,10,54,0,64,21,15,68,0,104,28,0,28,132
03/20/2022,BLI,WA,ANM,WE,Federal Contract Tower,25,3,6,0,34,0,16,35,0,51,25,19,41,0,85,20,0,20,105
03/21/2022,BLI,WA,ANM,WE,Federal Contract Tower,25,12,12,0,49,0,54,10,0,64,25,66,22,0,113,0,0,0,113
03/22/2022,BLI,WA,ANM,WE,Federal Contract Tower,22,5,21,0,48,0,35,35,0,70,22,40,56,0,118,40,0,40,158
03/23/2022,BLI,WA,ANM,WE,Federal Contract Tower,21,10,10,0,41,0,15,6,0,21,21,25,16,0,62,36,0,36,98
03/24/2022,BLI,WA,ANM,WE,Federal Contract Tower,25,8,19,0,52,0,36,104,2,142,25,44,123,2,194,86,0,86,280
03/25/2022,BLI,WA,ANM,WE,Federal Contract Tower,20,7,10,0,37,0,30,74,2,106,20,37,84,2,143,140,6,146,289
03/26/2022,BLI,WA,ANM,WE,Federal Contract Tower,22,15,11,0,48,0,15,55,0,70,22,30,66,0,118,102,0,102,220
03/27/2022,BLI,WA,ANM,WE,Federal Contract Tower,22,2,12,0,36,0,9,61,0,70,22,11,73,0,106,40,0,40,146
03/28/2022,BLI,WA,ANM,WE,Federal Contract Tower,24,16,23,0,63,8,17,0,0,25,32,33,23,0,88,22,0,22,110
03/29/2022,BLI,WA,ANM,WE,Federal Contract Tower,17,8,16,0,41,0,40,92,0,132,17,48,108,0,173,60,0,60,233
03/30/2022,BLI,WA,ANM,WE,Federal Contract Tower,20,7,19,0,46,0,25,57,0,82,20,32,76,0,128,84,0,84,212
03/31/2022,BLI,WA,ANM,WE,Federal Contract Tower,23,11,21,0,55,0,47,83,0,130,23,58,104,0,185,50,0,50,235
04/01/2022,BLI,WA,ANM,WE,Federal Contract Tower,24,7,24,0,55,0,57,86,0,143,24,64,110,0,198,46,0,46,244
04/02/2022,BLI,WA,ANM,WE,Federal Contract Tower,15,5,16,0,36,0,18,60,2,80,15,23,76,2,116,43,4,47,163
04/03/2022,BLI,WA,ANM,WE,Federal Contract Tower,19,6,8,0,33,0,3,5,0,8,19,9,13,0,41,0,0,0,41
04/04/2022,BLI,WA,ANM,WE,Federal Contract Tower,22,9,7,0,38,0,10,10,0,20,22,19,17,0,58,0,0,0,58
04/05/2022,BLI,WA,ANM,WE,Federal Contract Tower,14,10,10,0,34,0,43,55,0,98,14,53,65,0,132,32,0,32,164
04/06/2022,BLI,WA,ANM,WE,Federal Contract Tower,19,8,27,1,55,0,49,165,3,217,19,57,192,4,272,100,4,104,376
04/07/2022,BLI,WA,ANM,WE,Federal Contract Tower,23,4,15,0,42,0,73,124,4,201,23,77,139,4,243,124,0,124,367
04/08/2022,BLI,WA,ANM,WE,Federal Contract Tower,25,12,9,0,46,0,56,59,0,115,25,68,68,0,161,34,0,34,195
04/09/2022,BLI,WA,ANM,WE,Federal Contract Tower,17,8,4,0,29,0,14,25,2,41,17,22,29,2,70,58,0,58,128
04/10/2022,BLI,WA,ANM,WE,Federal Contract Tower,18,2,7,0,27,0,6,38,0,44,18,8,45,0,71,24,0,24,95
04/11/2022,BLI,WA,ANM,WE,Federal Contract Tower,24,9,6,0,39,0,44,40,0,84,24,53,46,0,123,44,0,44,167
04/12/2022,BLI,WA,ANM,WE,Federal Contract Tower,15,5,11,0,31,0,43,28,0,71,15,48,39,0,102,20,0,20,122
04/13/2022,BLI,WA,ANM,WE,Federal Contract Tower,18,8,13,0,39,0,31,92,2,125,18,39,105,2,164,108,6,114,278
04/14/2022,BLI,WA,ANM,WE,Federal Contract Tower,23,19,14,5,61,0,27,97,1,125,23,46,111,6,186,36,0,36,222
04/15/2022,BLI,WA,ANM,WE,Federal Contract Tower,24,3,14,1,42,0,27,89,1,117,24,30,103,2,159,59,0,59,218
04/16/2022,BLI,WA,ANM,WE,Federal Contract Tower,17,4,16,0,37,0,14,60,0,74,17,18,76,0,111,34,0,34,145
04/17/2022,BLI,WA,ANM,WE,Federal Contract Tower,23,3,7,0,33,0,7,97,2,106,23,10,104,2,139,151,0,151,290
04/18/2022,BLI,WA,ANM,WE,Federal Contract Tower,23,6,11,0,40,0,35,31,0,66,23,41,42,0,106,16,0,16,122
04/19/2022,BLI,WA,ANM,WE,Federal Contract Tower,14,8,9,0,31,0,46,54,2,102,14,54,63,2,133,66,0,66,199
04/20/2022,BLI,WA,ANM,WE,Federal Contract Tower,13,13,8,0,34,0,37,69,0,106,13,50,77,0,140,36,0,36,176
04/21/2022,BLI,WA,ANM,WE,Federal Contract Tower,23,16,13,0,52,0,48,51,0,99,23,64,64,0,151,54,0,54,205
04/22/2022,BLI,WA,ANM,WE,Federal Contract Tower,21,12,20,1,54,0,36,54,0,90,21,48,74,1,144,82,0,82,226
04/23/2022,BLI,WA,ANM,WE,Federal Contract Tower,14,6,25,0,45,0,21,115,2,138,14,27,140,2,183,86,0,86,269
04/24/2022,BLI,WA,ANM,WE,Federal Contract Tower,20,4,19,0,43,0,11,120,0,131,20,15,139,0,174,77,0,77,251
04/25/2022,BLI,WA,ANM,WE,Federal Contract Tower,18,8,16,4,46,0,25,44,0,69,18,33,60,4,115,54,0,54,169
04/26/2022,BLI,WA,ANM,WE,Federal Contract Tower,14,6,12,1,33,0,44,29,1,74,14,50,41,2,107,32,0,32,139
04/27/2022,BLI,WA,ANM,WE,Federal Contract Tower,14,8,26,0,48,0,38,90,4,132,14,46,116,4,180,100,0,100,280
04/28/2022,BLI,WA,ANM,WE,Federal Contract Tower,21,8,19,0,48,0,37,92,0,129,21,45,111,0,177,94,0,94,271
04/29/2022,BLI,WA,ANM,WE,Federal Contract Tower,22,11,10,0,43,0,62,85,6,153,22,73,95,6,196,44,0,44,240
04/30/2022,BLI,WA,ANM,WE,Federal Contract Tower,11,7,13,0,31,0,13,26,0,39,11,20,39,0,70,34,0,34,104
05/01/2022,BLI,WA,ANM,WE,Federal Contract Tower,22,8,7,0,37,0,15,101,0,116,22,23,108,0,153,117,0,117,270
05/02/2022,BLI,WA,ANM,WE,Federal Contract Tower,18,9,11,1,39,0,25,27,1,53,18,34,38,2,92,18,0,18,110
05/03/2022,BLI,WA,ANM,WE,Federal Contract Tower,14,8,17,1,40,0,30,33,3,66,14,38,50,4,106,76,8,84,190
05/04/2022,BLI,WA,ANM,WE,Federal Contract Tower,13,9,24,1,47,0,27,61,1,89,13,36,85,2,136,16,0,16,152
05/05/2022,BLI,WA,ANM,WE,Federal Contract Tower,21,13,18,2,54,0,22,8,0,30,21,35,26,2,84,22,0,22,106
05/06/2022,BLI,WA,ANM,WE,Federal Contract Tower,19,13,11,0,43,0,35,45,0,80,19,48,56,0,123,52,0,52,175
05/07/2022,BLI,WA,ANM,WE,Federal Contract Tower,15,5,9,0,29,0,19,40,0,59,15,24,49,0,88,54,0,54,142
05/08/2022,BLI,WA,ANM,WE,Federal Contract Tower,21,6,7,0,34,0,19,49,0,68,21,25,56,0,102,54,0,54,156
05/09/2022,BLI,WA,ANM,WE,Federal Contract Tower,17,5,13,0,35,0,33,56,0,89,17,38,69,0,124,69,0,69,193
05/10/2022,BLI,WA,ANM,WE,Federal Contract Tower,15,6,8,0,29,0,34,102,2,138,15,40,110,2,167,82,0,82,249
05/11/2022,BLI,WA,ANM,WE,Federal Contract Tower,13,7,14,0,34,0,24,85,1,110,13,31,99,1,144,26,16,42,186
05/12/2022,BLI,WA,ANM,WE,Federal Contract Tower,19,8,13,0,40,0,25,16,0,41,19,33,29,0,81,4,0,4,85
05/13/2022,BLI,WA,ANM,WE,Federal Contract Tower,19,5,23,0,47,0,40,117,2,159,19,45,140,2,206,106,0,106,312
05/14/2022,BLI,WA,ANM,WE,Federal Contract Tower,15,2,11,0,28,0,12,35,0,47,15,14,46,0,75,14,0,14,89
05/15/2022,BLI,WA,ANM,WE,Federal Contract Tower,21,10,17,0,48,0,12,8,0,20,21,22,25,0,68,8,0,8,76
05/16/2022,BLI,WA,ANM,WE,Federal Contract Tower,17,11,8,0,36,0,26,52,2,80,17,37,60,2,116,28,0,28,144
05/17/2022,BLI,WA,ANM,WE,Federal Contract Tower,15,14,18,2,49,0,31,98,5,134,15,45,116,7,183,218,0,218,401
05/18/2022,BLI,WA,ANM,WE,Federal Contract Tower,17,8,7,3,35,0,9,0,7,16,17,17,7,10,51,0,0,0,51
05/19/2022,BLI,WA,ANM,WE,Federal Contract Tower,21,12,17,3,53,0,52,101,2,155,21,64,118,5,208,47,7,54,262
05/20/2022,BLI,WA,ANM,WE,Federal Contract Tower,22,10,12,0,44,0,64,153,4,221,22,74,165,4,265,154,0,154,419
05/21/2022,BLI,WA,ANM,WE,Federal Contract Tower,15,6,8,0,29,0,32,123,0,155,15,38,131,0,184,40,0,40,224
05/22/2022,BLI,WA,ANM,WE,Federal Contract Tower,18,4,14,1,37,0,18,131,0,149,18,22,145,1,186,112,0,112,298
05/23/2022,BLI,WA,ANM,WE,Federal Contract Tower,19,11,16,1,47,0,31,61,2,94,19,42,77,3,141,137,0,137,278
05/24/2022,BLI,WA,ANM,WE,Federal Contract Tower,15,11,20,1,47,0,27,82,2,111,15,38,102,3,158,79,0,79,237
05/25/2022,BLI,WA,ANM,WE,Federal Contract Tower,15,10,11,2,38,0,40,67,2,109,15,50,78,4,147,116,0,116,263
05/26/2022,BLI,WA,ANM,WE,Federal Contract Tower,20,8,13,0,41,0,46,95,0,141,20,54,108,0,182,66,0,66,248
05/27/2022,BLI,WA,ANM,WE,Federal Contract Tower,18,15,20,0,53,0,58,46,0,104,18,73,66,0,157,76,0,76,233
05/28/2022,BLI,WA,ANM,WE,Federal Contract Tower,15,4,5,0,24,0,10,60,0,70,15,14,65,0,94,92,0,92,186
05/29/2022,BLI,WA,ANM,WE,Federal Contract Tower,21,5,13,0,39,0,14,44,0,58,21,19,57,0,97,61,0,61,158
05/30/2022,BLI,WA,ANM,WE,Federal Contract Tower,19,4,21,0,44,0,14,56,0,70,19,18,77,0,114,67,0,67,181
05/31/2022,BLI,WA,ANM,WE,Federal Contract Tower,16,6,21,1,44,0,32,100,4,136,16,38,121,5,180,94,10,104,284
06/01/2022,BLI,WA,ANM,WE,Federal Contract Tower,15,8,14,0,37,0,37,109,4,150,15,45,123,4,187,118,0,118,305
06/02/2022,BLI,WA,ANM,WE,Federal Contract Tower,18,16,16,5,55,0,33,107,7,147,18,49,123,12,202,60,2,62,264
06/03/2022,BLI,WA,ANM,WE,Federal Contract Tower,18,6,20,0,44,0,26,24,0,50,18,32,44,0,94,10,0,10,104
06/04/2022,BLI,WA,ANM,WE,Federal Contract Tower,15,4,11,0,30,0,16,67,1,84,15,20,78,1,114,66,0,66,180
06/05/2022,BLI,WA,ANM,WE,Federal Contract Tower,19,1,5,0,25,0,18,14,0,32,19,19,19,0,57,22,0,22,79
06/06/2022,BLI,WA,ANM,WE,Federal Contract Tower,19,7,24,2,52,0,32,92,3,127,19,39,116,5,179,63,8,71,250
06/07/2022,BLI,WA,ANM,WE,Federal Contract Tower,11,9,20,1,41,0,32,140,5,177,11,41,160,6,218,120,8,128,346
06/08/2022,BLI,WA,ANM,WE,Federal Contract Tower,15,7,20,1,43,0,33,134,6,173,15,40,154,7,216,76,0,76,292
06/09/2022,BLI,WA,ANM,WE,Federal Contract Tower,20,10,24,0,54,0,26,25,0,51,20,36,49,0,105,40,0,40,145
06/10/2022,BLI,WA,ANM,WE,Federal Contract Tower,18,13,17,0,48,0,31,62,0,93,18,44,79,0,141,78,0,78,219
06/11/2022,BLI,WA,ANM,WE,Federal Contract Tower,15,4,20,0,39,0,18,59,0,77,15,22,79,0,116,114,0,114,230
06/12/2022,BLI,WA,ANM,WE,Federal Contract Tower,18,5,11,0,34,0,20,44,0,64,18,25,55,0,98,66,0,66,164
06/13/2022,BLI,WA,ANM,WE,Federal Contract Tower,18,8,15,0,41,0,42,69,0,111,18,50,84,0,152,97,0,97,249
06/14/2022,BLI,WA,ANM,WE,Federal Contract Tower,11,8,4,4,27,0,39,106,5,150,11,47,110,9,177,124,0,124,301
06/15/2022,BLI,WA,ANM,WE,Federal Contract Tower,16,14,16,0,46,0,38,111,5,154,16,52,127,5,200,134,0,134,334
06/16/2022,BLI,WA,ANM,WE,Federal Contract Tower,19,12,10,0,41,0,36,91,2,129,19,48,101,2,170,46,0,46,216
06/17/2022,BLI,WA,ANM,WE,Federal Contract Tower,18,4,29,0,51,0,40,74,0,114,18,44,103,0,165,50,0,50,215
06/18/2022,BLI,WA,ANM,WE,Federal Contract Tower,14,12,14,0,40,0,22,197,0,219,14,34,211,0,259,94,0,94,353
06/19/2022,BLI,WA,ANM,WE,Federal Contract Tower,19,2,11,0,32,0,23,71,0,94,19,25,82,0,126,142,0,142,268
06/20/2022,BLI,WA,ANM,WE,Federal Contract Tower,18,12,18,1,49,0,34,81,0,115,18,46,99,1,164,80,0,80,244
06/21/2022,BLI,WA,ANM,WE,Federal Contract Tower,12,6,13,1,32,0,45,82,0,127,12,51,95,1,159,143,5,148,307
06/22/2022,BLI,WA,ANM,WE,Federal Contract Tower,20,10,30,2,62,0,58,122,2,182,20,68,152,4,244,136,0,136,380
06/23/2022,BLI,WA,ANM,WE,Federal Contract Tower,20,10,20,2,52,0,61,137,1,199,20,71,157,3,251,156,0,156,407
06/24/2022,BLI,WA,ANM,WE,Federal Contract Tower,21,8,16,1,46,0,61,163,2,226,21,69,179,3,272,114,0,114,386
06/25/2022,BLI,WA,ANM,WE,Federal Contract Tower,13,5,12,0,30,0,23,117,0,140,13,28,129,0,170,34,0,34,204
06/26/2022,BLI,WA,ANM,WE,Federal Contract Tower,19,2,13,0,34,0,14,102,0,116,19,16,115,0,150,61,0,61,211
06/27/2022,BLI,WA,ANM,WE,Federal Contract Tower,21,8,22,0,51,0,73,102,0,175,21,81,124,0,226,100,0,100,326
06/28/2022,BLI,WA,ANM,WE,Federal Contract Tower,15,14,11,0,40,0,67,101,0,168,15,81,112,0,208,63,0,63,271
06/29/2022,BLI,WA,ANM,WE,Federal Contract Tower,20,8,25,0,53,0,45,91,2,138,20,53,116,2,191,100,0,100,291
06/30/2022,BLI,WA,ANM,WE,Federal Contract Tower,18,6,22,0,46,0,44,101,4,149,18,50,123,4,195,123,0,123,318
07/01/2022,BLI,WA,ANM,WE,Federal Contract Tower,20,6,33,0,59,0,74,142,0,216,20,80,175,0,275,32,0,32,307
07/02/2022,BLI,WA,ANM,WE,Federal Contract Tower,15,6,22,0,43,0,33,99,0,132,15,39,121,0,175,107,0,107,282
07/03/2022,BLI,WA,ANM,WE,Federal Contract Tower,21,5,12,0,38,0,33,6,0,39,21,38,18,0,77,0,0,0,77
07/04/2022,BLI,WA,ANM,WE,Federal Contract Tower,19,8,23,0,50,0,37,61,0,98,19,45,84,0,148,100,0,100,248
07/05/2022,BLI,WA,ANM,WE,Federal Contract Tower,17,12,17,0,46,0,45,95,1,141,17,57,112,1,187,44,0,44,231
07/06/2022,BLI,WA,ANM,WE,Federal Contract Tower,20,7,14,0,41,0,55,90,6,151,20,62,104,6,192,64,0,64,256
07/07/2022,BLI,WA,ANM,WE,Federal Contract Tower,21,6,25,0,52,0,42,83,4,129,21,48,108,4,181,54,0,54,235
07/08/2022,BLI,WA,ANM,WE,Federal Contract Tower,18,11,30,0,59,0,53,139,0,192,18,64,169,0,251,72,0,72,323
07/09/2022,BLI,WA,ANM,WE,Federal Contract Tower,15,8,20,1,44,0,31,133,4,168,15,39,153,5,212,106,0,106,318
07/10/2022,BLI,WA,ANM,WE,Federal Contract Tower,20,5,15,0,40,0,46,77,2,125,20,51,92,2,165,56,0,56,221
07/11/2022,BLI,WA,ANM,WE,Federal Contract Tower,18,10,16,1,45,0,85,130,1,216,18,95,146,2,261,95,0,95,356
07/12/2022,BLI,WA,ANM,WE,Federal Contract Tower,13,9,20,2,44,0,53,77,2,132,13,62,97,4,176,48,0,48,224
07/13/2022,BLI,WA,ANM,WE,Federal Contract Tower,18,8,19,0,45,0,52,136,2,190,18,60,155,2,235,134,0,134,369
07/14/2022,BLI,WA,ANM,WE,Federal Contract Tower,19,13,19,0,51,0,43,106,2,151,19,56,125,2,202,66,0,66,268
07/15/2022,BLI,WA,ANM,WE,Federal Contract Tower,20,13,26,0,59,0,61,132,4,197,20,74,158,4,256,94,0,94,350
07/16/2022,BLI,WA,ANM,WE,Federal Contract Tower,16,9,23,0,48,0,54,97,0,151,16,63,120,0,199,88,16,104,303
07/17/2022,BLI,WA,ANM,WE,Federal Contract Tower,20,8,16,0,44,0,37,72,0,109,20,45,88,0,153,126,0,126,279
07/18/2022,BLI,WA,ANM,WE,Federal Contract Tower,19,8,17,5,49,0,54,84,3,141,19,62,101,8,190,46,12,58,248
07/19/2022,BLI,WA,ANM,WE,Federal Contract Tower,13,13,13,1,40,0,67,139,1,207,13,80,152,2,247,148,0,148,395
07/20/2022,BLI,WA,ANM,WE,Federal Contract Tower,18,6,30,0,54,0,78,137,0,215,18,84,167,0,269,90,0,90,359
07/21/2022,BLI,WA,ANM,WE,Federal Contract Tower,19,6,20,0,45,0,57,122,4,183,19,63,142,4,228,64,0,64,292
07/22/2022,BLI,WA,ANM,WE,Federal Contract Tower,18,18,26,0,62,0,44,77,2,123,18,62,103,2,185,34,0,34,219
07/23/2022,BLI,WA,ANM,WE,Federal Contract Tower,15,6,20,0,41,0,41,109,0,150,15,47,129,0,191,106,0,106,297
07/24/2022,BLI,WA,ANM,WE,Federal Contract Tower,40,11,17,0,68,0,27,108,0,135,40,38,125,0,203,91,0,91,294
07/25/2022,BLI,WA,ANM,WE,Federal Contract Tower,19,8,19,0,46,0,56,135,0,191,19,64,154,0,237,139,0,139,376
07/26/2022,BLI,WA,ANM,WE,Federal Contract Tower,14,8,27,1,50,0,54,124,1,179,14,62,151,2,229,196,0,196,425
07/27/2022,BLI,WA,ANM,WE,Federal Contract Tower,20,8,18,1,47,0,66,114,0,180,20,74,132,1,227,86,0,86,313
07/28/2022,BLI,WA,ANM,WE,Federal Contract Tower,19,8,25,0,52,0,48,108,8,164,19,56,133,8,216,58,0,58,274
07/29/2022,BLI,WA,ANM,WE,Federal Contract Tower,20,9,15,0,44,0,67,139,0,206,20,76,154,0,250,76,0,76,326
07/30/2022,BLI,WA,ANM,WE,Federal Contract Tower,16,6,12,0,34,0,41,113,0,154,16,47,125,0,188,78,0,78,266
07/31/2022,BLI,WA,ANM,WE,Federal Contract Tower,19,9,16,0,44,0,39,109,2,150,19,48,125,2,194,152,14,166,360
08/01/2022,BLI,WA,ANM,WE,Federal Contract Tower,18,12,21,1,52,0,42,96,1,139,18,54,117,2,191,116,0,116,307
08/02/2022,BLI,WA,ANM,WE,Federal Contract Tower,13,11,18,0,42,0,43,87,0,130,13,54,105,0,172,92,0,92,264
08/03/2022,BLI,WA,ANM,WE,Federal Contract Tower,18,8,9,1,36,0,47,88,5,140,18,55,97,6,176,72,0,72,248
08/04/2022,BLI,WA,ANM,WE,Federal Contract Tower,18,14,25,0,57,0,65,96,0,161,18,79,121,0,218,31,0,31,249
08/05/2022,BLI,WA,ANM,WE,Federal Contract Tower,18,5,15,0,38,0,52,92,0,144,18,57,107,0,182,32,0,32,214
08/06/2022,BLI,WA,ANM,WE,Federal Contract Tower,15,5,22,1,43,0,37,105,7,149,15,42,127,8,192,50,12,62,254
08/07/2022,BLI,WA,ANM,WE,Federal Contract Tower,18,12,17,0,47,0,32,111,2,145,18,44,128,2,192,76,4,80,272
08/08/2022,BLI,WA,ANM,WE,Federal Contract Tower,18,14,20,2,54,0,44,106,1,151,18,58,126,3,205,30,0,30,235
08/09/2022,BLI,WA,ANM,WE,Federal Contract Tower,13,6,34,3,56,0,51,100,1,152,13,57,134,4,208,69,0,69,277
08/10/2022,BLI,WA,ANM,WE,Federal Contract Tower,18,12,24,2,56,0,41,76,3,120,18,53,100,5,176,31,0,31,207
08/11/2022,BLI,WA,ANM,WE,Federal Contract Tower,17,9,32,0,58,0,56,126,0,182,17,65,158,0,240,72,0,72,312
08/12/2022,BLI,WA,ANM,WE,Federal Contract Tower,18,11,20,2,51,0,50,99,0,149,18,61,119,2,200,74,0,74,274
08/13/2022,BLI,WA,ANM,WE,Federal Contract Tower,14,13,13,0,40,0,32,88,0,120,14,45,101,0,160,12,0,12,172
08/14/2022,BLI,WA,ANM,WE,Federal Contract Tower,21,3,15,0,39,0,23,97,0,120,21,26,112,0,159,32,0,32,191
08/15/2022,BLI,WA,ANM,WE,Federal Contract Tower,17,2,19,0,38,0,52,83,4,139,17,54,102,4,177,74,0,74,251
08/16/2022,BLI,WA,ANM,WE,Federal Contract Tower,13,9,17,1,40,0,35,109,8,152,13,44,126,9,192,126,0,126,318
08/17/2022,BLI,WA,ANM,WE,Federal Contract Tower,15,5,13,0,33,0,41,127,0,168,15,46,140,0,201,90,0,90,291
08/18/2022,BLI,WA,ANM,WE,Federal Contract Tower,19,7,28,1,55,0,48,84,1,133,19,55,112,2,188,88,0,88,276
08/19/2022,BLI,WA,ANM,WE,Federal Contract Tower,19,6,23,0,48,0,41,116,0,157,19,47,139,0,205,46,0,46,251
08/20/2022,BLI,WA,ANM,WE,Federal Contract Tower,9,9,12,0,30,0,25,79,2,106,9,34,91,2,136,40,0,40,176
08/21/2022,BLI,WA,ANM,WE,Federal Contract Tower,19,8,27,0,54,0,31,84,0,115,19,39,111,0,169,74,0,74,243
08/22/2022,BLI,WA,ANM,WE,Federal Contract Tower,19,7,16,0,42,0,56,98,2,156,19,63,114,2,198,16,0,16,214
08/23/2022,BLI,WA,ANM,WE,Federal Contract Tower,13,5,21,0,39,0,49,106,0,155,13,54,127,0,194,98,0,98,292
08/24/2022,BLI,WA,ANM,WE,Federal Contract Tower,16,4,17,0,37,0,39,97,0,136,16,43,114,0,173,62,0,62,235
08/25/2022,BLI,WA,ANM,WE,Federal Contract Tower,19,4,20,1,44,0,36,112,3,151,19,40,132,4,195,26,0,26,221
08/26/2022,BLI,WA,ANM,WE,Federal Contract Tower,19,23,49,0,91,0,25,50,0,75,19,48,99,0,166,26,0,26,192
08/27/2022,BLI,WA,ANM,WE,Federal Contract Tower,9,9,15,0,33,0,23,85,0,108,9,32,100,0,141,52,0,52,193
08/28/2022,BLI,WA,ANM,WE,Federal Contract Tower,19,6,26,0,51,0,21,92,0,113,19,27,118,0,164,68,0,68,232
08/29/2022,BLI,WA,ANM,WE,Federal Contract Tower,19,8,20,1,48,0,33,87,1,121,19,41,107,2,169,40,0,40,209
08/30/2022,BLI,WA,ANM,WE,Federal Contract Tower,13,5,12,2,32,0,49,124,5,178,13,54,136,7,210,98,0,98,308
08/31/2022,BLI,WA,ANM,WE,Federal Contract Tower,15,16,12,0,43,0,41,110,0,151,15,57,122,0,194,90,0,90,284
09/01/2022,BLI,WA,ANM,WE,Federal Contract Tower,19,16,26,0,61,0,24,54,0,78,19,40,80,0,139,32,0,32,171
09/02/2022,BLI,WA,ANM,WE,Federal Contract Tower,17,10,20,0,47,0,41,114,2,157,17,51,134,2,204,68,0,68,272
09/03/2022,BLI,WA,ANM,WE,Federal Contract Tower,11,7,14,1,33,0,19,57,3,79,11,26,71,4,112,40,10,50,162
09/04/2022,BLI,WA,ANM,WE,Federal Contract Tower,19,1,9,0,29,0,15,47,0,62,19,16,56,0,91,32,0,32,123
09/05/2022,BLI,WA,ANM,WE,Federal Contract Tower,17,1,12,0,30,0,28,91,2,121,17,29,103,2,151,72,0,72,223
09/06/2022,BLI,WA,ANM,WE,Federal Contract Tower,16,11,20,3,50,0,59,103,5,167,16,70,123,8,217,96,0,96,313
09/07/2022,BLI,WA,ANM,WE,Federal Contract Tower,14,13,29,0,56,0,40,109,2,151,14,53,138,2,207,52,0,52,259
09/08/2022,BLI,WA,ANM,WE,Federal Contract Tower,20,8,16,1,45,0,46,93,1,140,20,54,109,2,185,60,0,60,245
09/09/2022,BLI,WA,ANM,WE,Federal Contract Tower,18,7,17,0,42,0,43,62,2,107,18,50,79,2,149,18,12,30,179
09/10/2022,BLI,WA,ANM,WE,Federal Contract Tower,16,9,26,0,51,0,30,33,2,65,16,39,59,2,116,12,0,12,128
09/11/2022,BLI,WA,ANM,WE,Federal Contract Tower,20,4,20,2,46,0,14,22,0,36,20,18,42,2,82,0,0,0,82
09/12/2022,BLI,WA,ANM,WE,Federal Contract Tower,17,8,24,0,49,0,39,67,0,106,17,47,91,0,155,79,0,79,234
09/13/2022,BLI,WA,ANM,WE,Federal Contract Tower,19,11,18,0,48,0,41,56,3,100,19,52,74,3,148,86,0,86,234
09/14/2022,BLI,WA,ANM,WE,Federal Contract Tower,14,7,21,0,42,0,40,71,1,112,14,47,92,1,154,68,0,68,222
09/15/2022,BLI,WA,ANM,WE,Federal Contract Tower,22,8,19,0,49,0,34,86,2,122,22,42,105,2,171,32,0,32,203
09/16/2022,BLI,WA,ANM,WE,Federal Contract Tower,18,5,16,0,39,0,38,72,0,110,18,43,88,0,149,32,0,32,181
09/17/2022,BLI,WA,ANM,WE,Federal Contract Tower,17,3,15,0,35,0,21,97,0,118,17,24,112,0,153,52,0,52,205
09/18/2022,BLI,WA,ANM,WE,Federal Contract Tower,22,6,12,0,40,0,19,69,0,88,22,25,81,0,128,74,0,74,202
09/19/2022,BLI,WA,ANM,WE,Federal Contract Tower,19,6,19,2,46,0,41,105,2,148,19,47,124,4,194,108,0,108,302
09/20/2022,BLI,WA,ANM,WE,Federal Contract Tower,16,8,12,0,36,0,61,84,0,145,16,69,96,0,181,28,0,28,209
09/21/2022,BLI,WA,ANM,WE,Federal Contract Tower,16,8,10,0,34,0,44,134,2,180,16,52,144,2,214,158,0,158,372
09/22/2022,BLI,WA,ANM,WE,Federal Contract Tower,23,7,16,4,50,0,40,68,2,110,23,47,84,6,160,74,0,74,234
09/23/2022,BLI,WA,ANM,WE,Federal Contract Tower,18,5,13,0,36,0,32,81,0,113,18,37,94,0,149,212,0,212,361
09/24/2022,BLI,WA,ANM,WE,Federal Contract Tower,17,6,11,0,34,0,16,108,0,124,17,22,119,0,158,125,0,125,283
09/25/2022,BLI,WA,ANM,WE,Federal Contract Tower,21,8,17,0,46,0,23,101,0,124,21,31,118,0,170,96,0,96,266
09/26/2022,BLI,WA,ANM,WE,Federal Contract Tower,18,7,15,0,40,0,44,114,2,160,18,51,129,2,200,122,0,122,322
09/27/2022,BLI,WA,ANM,WE,Federal Contract Tower,17,9,25,1,52,0,38,111,3,152,17,47,136,4,204,163,0,163,367
09/28/2022,BLI,WA,ANM,WE,Federal Contract Tower,14,9,24,0,47,0,38,77,0,115,14,47,101,0,162,54,0,54,216
09/29/2022,BLI,WA,ANM,WE,Federal Contract Tower,21,11,16,1,49,0,31,74,5,110,21,42,90,6,159,80,0,80,239
09/30/2022,BLI,WA,ANM,WE,Federal Contract Tower,19,2,19,0,40,0,30,60,0,90,19,32,79,0,130,14,0,14,144
10/01/2022,BLI,WA,ANM,WE,Federal Contract Tower,19,4,14,0,37,0,10,75,0,85,19,14,89,0,122,68,0,68,190
10/02/2022,BLI,WA,ANM,WE,Federal Contract Tower,21,5,7,0,33,0,13,83,0,96,21,18,90,0,129,60,0,60,189
10/03/2022,BLI,WA,ANM,WE,Federal Contract Tower,20,5,18,0,43,0,23,88,0,111,20,28,106,0,154,114,0,114,268
10/04/2022,BLI,WA,ANM,WE,Federal Contract Tower,21,10,29,2,62,0,16,30,2,48,21,26,59,4,110,86,0,86,196
10/05/2022,BLI,WA,ANM,WE,Federal Contract Tower,15,12,21,0,48,0,17,102,0,119,15,29,123,0,167,170,0,170,337
10/06/2022,BLI,WA,ANM,WE,Federal Contract Tower,17,6,6,0,29,0,24,79,0,103,17,30,85,0,132,120,0,120,252
10/07/2022,BLI,WA,ANM,WE,Federal Contract Tower,18,7,26,0,51,0,36,86,2,124,18,43,112,2,175,90,18,108,283
10/08/2022,BLI,WA,ANM,WE,Federal Contract Tower,15,1,17,0,33,0,26,88,0,114,15,27,105,0,147,88,0,88,235
10/09/2022,BLI,WA,ANM,WE,Federal Contract Tower,19,2,14,0,35,0,21,60,0,81,19,23,74,0,116,104,0,104,220
10/10/2022,BLI,WA,ANM,WE,Federal Contract Tower,17,4,14,0,35,0,25,68,0,93,17,29,82,0,128,72,0,72,200
10/11/2022,BLI,WA,ANM,WE,Federal Contract Tower,15,5,19,0,39,0,38,129,0,167,15,43,148,0,206,134,0,134,340
10/12/2022,BLI,WA,ANM,WE,Federal Contract Tower,12,7,21,0,40,0,20,112,0,132,12,27,133,0,172,120,0,120,292
10/13/2022,BLI,WA,ANM,WE,Federal Contract Tower,19,7,17,0,43,0,35,103,0,138,19,42,120,0,181,102,0,102,283
10/14/2022,BLI,WA,ANM,WE,Federal Contract Tower,18,4,17,0,39,0,35,65,0,100,18,39,82,0,139,38,0,38,177
10/15/2022,BLI,WA,ANM,WE,Federal Contract Tower,16,7,14,0,37,0,18,73,2,93,16,25,87,2,130,60,0,60,190
10/16/2022,BLI,WA,ANM,WE,Federal Contract Tower,23,11,17,1,52,0,17,55,1,73,23,28,72,2,125,16,0,16,141
10/17/2022,BLI,WA,ANM,WE,Federal Contract Tower,15,8,18,4,45,0,31,75,2,108,15,39,93,6,153,98,0,98,251
10/18/2022,BLI,WA,ANM,WE,Federal Contract Tower,14,36,41,0,91,0,13,9,0,22,14,49,50,0,113,0,0,0,113
10/19/2022,BLI,WA,ANM,WE,Federal Contract Tower,12,16,25,0,53,0,2,2,0,4,12,18,27,0,57,0,0,0,57
10/20/2022,BLI,WA,ANM,WE,Federal Contract Tower,21,11,18,0,50,0,9,27,0,36,21,20,45,0,86,12,0,12,98
10/21/2022,BLI,WA,ANM,WE,Federal Contract Tower,17,14,7,0,38,0,20,17,2,39,17,34,24,2,77,18,0,18,95
10/22/2022,BLI,WA,ANM,WE,Federal Contract Tower,14,11,15,0,40,0,19,30,0,49,14,30,45,0,89,18,0,18,107
10/23/2022,BLI,WA,ANM,WE,Federal Contract Tower,20,0,15,0,35,0,15,82,0,97,20,15,97,0,132,98,0,98,230
10/24/2022,BLI,WA,ANM,WE,Federal Contract Tower,15,11,19,0,45,0,22,32,0,54,15,33,51,0,99,30,0,30,129
10/25/2022,BLI,WA,ANM,WE,Federal Contract Tower,15,7,8,0,30,0,24,27,1,52,15,31,35,1,82,78,0,78,160
10/26/2022,BLI,WA,ANM,WE,Federal Contract Tower,13,10,17,0,40,0,15,66,3,84,13,25,83,3,124,42,8,50,174
10/27/2022,BLI,WA,ANM,WE,Federal Contract Tower,17,7,7,0,31,0,15,8,0,23,17,22,15,0,54,0,0,0,54
10/28/2022,BLI,WA,ANM,WE,Federal Contract Tower,16,7,17,0,40,0,38,71,2,111,16,45,88,2,151,44,2,46,197
10/29/2022,BLI,WA,ANM,WE,Federal Contract Tower,15,4,14,0,33,0,8,93,0,101,15,12,107,0,134,34,0,34,168
10/30/2022,BLI,WA,ANM,WE,Federal Contract Tower,18,6,3,0,27,0,5,2,0,7,18,11,5,0,34,0,0,0,34
10/31/2022,BLI,WA,ANM,WE,Federal Contract Tower,17,14,9,0,40,0,17,37,2,56,17,31,46,2,96,52,2,54,150
11/01/2022,BLI,WA,ANM,WE,Federal Contract Tower,15,5,14,0,34,0,24,72,0,96,15,29,86,0,130,106,0,106,236
11/03/2022,BLI,WA,ANM,WE,Federal Contract Tower,17,13,9,2,41,0,16,38,2,56,17,29,47,4,97,48,4,52,149
11/04/2022,BLI,WA,ANM,WE,Federal Contract Tower,16,15,4,0,35,0,2,1,0,3,16,17,5,0,38,0,0,0,38
11/05/2022,BLI,WA,ANM,WE,Federal Contract Tower,15,4,5,0,24,0,14,44,0,58,15,18,49,0,82,112,0,112,194
11/06/2022,BLI,WA,ANM,WE,Federal Contract Tower,19,5,11,0,35,0,2,13,0,15,19,7,24,0,50,32,0,32,82
11/07/2022,BLI,WA,ANM,WE,Federal Contract Tower,16,8,8,0,32,0,17,18,0,35,16,25,26,0,67,0,0,0,67
11/08/2022,BLI,WA,ANM,WE,Federal Contract Tower,15,6,3,8,32,0,18,12,2,32,15,24,15,10,64,2,2,4,68
11/09/2022,BLI,WA,ANM,WE,Federal Contract Tower,10,8,14,1,33,0,25,102,1,128,10,33,116,2,161,56,0,56,217
11/10/2022,BLI,WA,ANM,WE,Federal Contract Tower,18,4,14,0,36,0,33,95,0,128,18,37,109,0,164,60,0,60,224
11/11/2022,BLI,WA,ANM,WE,Federal Contract Tower,17,7,22,0,46,0,23,73,0,96,17,30,95,0,142,122,0,122,264
11/12/2022,BLI,WA,ANM,WE,Federal Contract Tower,13,4,10,7,34,0,14,85,5,104,13,18,95,12,138,130,2,132,270
11/13/2022,BLI,WA,ANM,WE,Federal Contract Tower,19,1,8,0,28,0,13,84,2,99,19,14,92,2,127,54,0,54,181
11/14/2022,BLI,WA,ANM,WE,Federal Contract Tower,17,9,18,0,44,0,31,80,0,111,17,40,98,0,155,84,0,84,239
11/15/2022,BLI,WA,ANM,WE,Federal Contract Tower,17,5,13,0,35,0,26,75,0,101,17,31,88,0,136,80,0,80,216
11/16/2022,BLI,WA,ANM,WE,Federal Contract Tower,16,6,20,1,43,0,27,74,1,102,16,33,94,2,145,62,0,62,207
11/17/2022,BLI,WA,ANM,WE,Federal Contract Tower,19,6,6,0,31,0,26,24,0,50,19,32,30,0,81,8,0,8,89
11/18/2022,BLI,WA,ANM,WE,Federal Contract Tower,19,8,12,0,39,0,32,110,0,142,19,40,122,0,181,40,0,40,221
11/19/2022,BLI,WA,ANM,WE,Federal Contract Tower,16,4,10,0,30,0,19,85,0,104,16,23,95,0,134,96,0,96,230
11/20/2022,BLI,WA,ANM,WE,Federal Contract Tower,18,1,5,0,24,0,3,68,0,71,18,4,73,0,95,112,0,112,207
11/21/2022,BLI,WA,ANM,WE,Federal Contract Tower,19,9,6,3,37,0,30,64,3,97,19,39,70,6,134,92,12,104,238
11/22/2022,BLI,WA,ANM,WE,Federal Contract Tower,15,12,10,0,37,0,9,5,0,14,15,21,15,0,51,4,0,4,55
11/23/2022,BLI,WA,ANM,WE,Federal Contract Tower,19,6,26,0,51,0,19,54,0,73,19,25,80,0,124,32,0,32,156
11/24/2022,BLI,WA,ANM,WE,Federal Contract Tower,12,0,9,0,21,0,8,34,0,42,12,8,43,0,63,30,0,30,93
11/25/2022,BLI,WA,ANM,WE,Federal Contract Tower,12,10,6,0,28,0,12,9,0,21,12,22,15,0,49,10,0,10,59
11/26/2022,BLI,WA,ANM,WE,Federal Contract Tower,19,7,6,0,32,0,9,9,0,18,19,16,15,0,50,30,0,30,80
11/27/2022,BLI,WA,ANM,WE,Federal Contract Tower,19,0,16,0,35,0,12,39,0,51,19,12,55,0,86,18,0,18,104
11/28/2022,BLI,WA,ANM,WE,Federal Contract Tower,17,5,12,1,35,0,30,18,3,51,17,35,30,4,86,0,0,0,86
11/29/2022,BLI,WA,ANM,WE,Federal Contract Tower,16,11,6,0,33,0,21,11,0,32,16,32,17,0,65,44,0,44,109
11/30/2022,BLI,WA,ANM,WE,Federal Contract Tower,11,7,9,0,27,0,28,41,0,69,11,35,50,0,96,30,0,30,126
12/01/2022,BLI,WA,ANM,WE,Federal Contract Tower,15,6,2,1,24,0,27,48,5,80,15,33,50,6,104,10,2,12,116
12/02/2022,BLI,WA,ANM,WE,Federal Contract Tower,15,10,3,1,29,0,24,30,4,58,15,34,33,5,87,24,2,26,113
12/03/2022,BLI,WA,ANM,WE,Federal Contract Tower,11,10,15,1,37,0,15,42,0,57,11,25,57,1,94,26,0,26,120
12/04/2022,BLI,WA,ANM,WE,Federal Contract Tower,14,2,2,0,18,0,6,40,0,46,14,8,42,0,64,48,0,48,112
12/05/2022,BLI,WA,ANM,WE,Federal Contract Tower,17,10,8,2,37,0,27,78,2,107,17,37,86,4,144,36,6,42,186
12/06/2022,BLI,WA,ANM,WE,Federal Contract Tower,9,8,9,0,26,0,14,5,2,21,9,22,14,2,47,0,0,0,47
12/07/2022,BLI,WA,ANM,WE,Federal Contract Tower,11,15,14,0,40,0,19,34,0,53,11,34,48,0,93,24,0,24,117
12/08/2022,BLI,WA,ANM,WE,Federal Contract Tower,15,6,8,0,29,0,27,22,0,49,15,33,30,0,78,6,0,6,84
12/09/2022,BLI,WA,ANM,WE,Federal Contract Tower,18,5,4,0,27,0,24,21,0,45,18,29,25,0,72,22,0,22,94
12/10/2022,BLI,WA,ANM,WE,Federal Contract Tower,9,5,8,0,22,0,13,7,0,20,9,18,15,0,42,0,0,0,42
12/11/2022,BLI,WA,ANM,WE,Federal Contract Tower,14,5,10,0,29,0,0,0,0,0,14,5,10,0,29,0,0,0,29
12/12/2022,BLI,WA,ANM,WE,Federal Contract Tower,17,9,10,4,40,0,32,67,6,105,17,41,77,10,145,44,0,44,189
12/13/2022,BLI,WA,ANM,WE,Federal Contract Tower,8,8,9,0,25,0,19,38,0,57,8,27,47,0,82,102,0,102,184
12/14/2022,BLI,WA,ANM,WE,Federal Contract Tower,11,5,16,0,32,0,21,88,2,111,11,26,104,2,143,68,0,68,211
12/15/2022,BLI,WA,ANM,WE,Federal Contract Tower,16,5,15,0,36,0,21,74,0,95,16,26,89,0,131,46,0,46,177
12/16/2022,BLI,WA,ANM,WE,Federal Contract Tower,18,6,8,0,32,0,9,28,0,37,18,15,36,0,69,0,0,0,69
12/17/2022,BLI,WA,ANM,WE,Federal Contract Tower,16,11,11,0,38,0,2,2,0,4,16,13,13,0,42,0,0,0,42
12/18/2022,BLI,WA,ANM,WE,Federal Contract Tower,15,1,4,0,20,0,0,4,0,4,15,1,8,0,24,0,0,0,24
12/19/2022,BLI,WA,ANM,WE,Federal Contract Tower,15,6,8,0,29,0,5,1,0,6,15,11,9,0,35,0,0,0,35
12/20/2022,BLI,WA,ANM,WE,Federal Contract Tower,12,3,2,0,17,0,0,0,0,0,12,3,2,0,17,2,0,2,19
12/21/2022,BLI,WA,ANM,WE,Federal Contract Tower,14,6,3,2,25,0,1,3,0,4,14,7,6,2,29,0,0,0,29
12/22/2022,BLI,WA,ANM,WE,Federal Contract Tower,18,7,4,2,31,0,3,16,0,19,18,10,20,2,50,0,0,0,50
12/23/2022,BLI,WA,ANM,WE,Federal Contract Tower,0,0,0,0,0,0,0,0,0,0,0,0,0,0,0,0,0,0,0
12/24/2022,BLI,WA,ANM,WE,Federal Contract Tower,14,6,6,0,26,0,6,0,0,6,14,12,6,0,32,2,0,2,34
12/25/2022,BLI,WA,ANM,WE,Federal Contract Tower,13,1,3,0,17,0,2,3,0,5,13,3,6,0,22,12,0,12,34
12/26/2022,BLI,WA,ANM,WE,Federal Contract Tower,12,0,11,0,23,0,14,10,0,24,12,14,21,0,47,0,0,0,47
12/27/2022,BLI,WA,ANM,WE,Federal Contract Tower,11,7,0,0,18,0,23,0,0,23,11,30,0,0,41,0,0,0,41
12/28/2022,BLI,WA,ANM,WE,Federal Contract Tower,12,6,13,1,32,0,19,43,0,62,12,25,56,1,94,59,3,62,156
12/29/2022,BLI,WA,ANM,WE,Federal Contract Tower,15,7,9,0,31,0,22,23,0,45,15,29,32,0,76,60,0,60,136
12/30/2022,BLI,WA,ANM,WE,Federal Contract Tower,15,5,10,0,30,0,20,17,0,37,15,25,27,0,67,16,0,16,83
12/31/2022,BLI,WA,ANM,WE,Federal Contract Tower,16,5,6,0,27,0,12,21,0,33,16,17,27,0,60,30,0,30,90
01/01/2023,BLI,WA,ANM,WE,Federal Contract Tower,14,3,15,0,32,0,6,17,0,23,14,9,32,0,55,8,0,8,63
01/02/2023,BLI,WA,ANM,WE,Federal Contract Tower,14,0,12,0,26,0,16,88,0,104,14,16,100,0,130,70,0,70,200
01/03/2023,BLI,WA,ANM,WE,Federal Contract Tower,15,8,19,0,42,0,21,54,0,75,15,29,73,0,117,44,0,44,161
01/05/2023,BLI,WA,ANM,WE,Federal Contract Tower,16,14,18,2,50,0,25,26,6,57,16,39,44,8,107,28,10,38,145
01/06/2023,BLI,WA,ANM,WE,Federal Contract Tower,14,12,17,0,43,0,19,46,0,65,14,31,63,0,108,86,0,86,194
01/07/2023,BLI,WA,ANM,WE,Federal Contract Tower,11,4,6,0,21,0,9,18,0,27,11,13,24,0,48,60,0,60,108
01/08/2023,BLI,WA,ANM,WE,Federal Contract Tower,16,0,13,0,29,0,1,25,0,26,16,1,38,0,55,32,0,32,87
01/09/2023,BLI,WA,ANM,WE,Federal Contract Tower,16,5,3,0,24,0,17,20,2,39,16,22,23,2,63,16,0,16,79
01/10/2023,BLI,WA,ANM,WE,Federal Contract Tower,12,8,21,0,41,0,28,102,0,130,12,36,123,0,171,82,0,82,253
01/11/2023,BLI,WA,ANM,WE,Federal Contract Tower,10,6,21,1,38,0,22,52,8,82,10,28,73,9,120,44,18,62,182
01/12/2023,BLI,WA,ANM,WE,Federal Contract Tower,16,5,6,0,27,0,14,4,0,18,16,19,10,0,45,18,0,18,63
01/13/2023,BLI,WA,ANM,WE,Federal Contract Tower,15,10,6,0,31,0,15,22,0,37,15,25,28,0,68,12,0,12,80
01/14/2023,BLI,WA,ANM,WE,Federal Contract Tower,10,4,12,0,26,0,6,69,2,77,10,10,81,2,103,38,0,38,141
01/15/2023,BLI,WA,ANM,WE,Federal Contract Tower,11,0,6,0,17,0,9,25,0,34,11,9,31,0,51,50,0,50,101
01/16/2023,BLI,WA,ANM,WE,Federal Contract Tower,14,9,12,0,35,0,23,38,2,63,14,32,50,2,98,18,0,18,116
01/17/2023,BLI,WA,ANM,WE,Federal Contract Tower,8,11,6,2,27,0,30,11,0,41,8,41,17,2,68,0,0,0,68
01/18/2023,BLI,WA,ANM,WE,Federal Contract Tower,10,6,1,0,17,0,13,10,0,23,10,19,11,0,40,0,0,0,40
01/19/2023,BLI,WA,ANM,WE,Federal Contract Tower,17,4,10,0,31,0,20,47,4,71,17,24,57,4,102,56,0,56,158
01/20/2023,BLI,WA,ANM,WE,Federal Contract Tower,16,9,10,2,37,0,28,107,2,137,16,37,117,4,174,120,0,120,294
01/21/2023,BLI,WA,ANM,WE,Federal Contract Tower,11,9,6,0,26,0,12,13,0,25,11,21,19,0,51,28,0,28,79
01/22/2023,BLI,WA,ANM,WE,Federal Contract Tower,12,9,9,0,30,0,7,26,0,33,12,16,35,0,63,32,0,32,95
01/23/2023,BLI,WA,ANM,WE,Federal Contract Tower,14,7,12,0,33,0,15,51,2,68,14,22,63,2,101,44,0,44,145
01/24/2023,BLI,WA,ANM,WE,Federal Contract Tower,8,14,6,0,28,0,12,12,0,24,8,26,18,0,52,34,0,34,86
01/25/2023,BLI,WA,ANM,WE,Federal Contract Tower,15,16,8,1,40,0,2,4,1,7,15,18,12,2,47,0,0,0,47
01/26/2023,BLI,WA,ANM,WE,Federal Contract Tower,16,11,5,0,32,0,4,3,0,7,16,15,8,0,39,0,0,0,39
01/27/2023,BLI,WA,ANM,WE,Federal Contract Tower,14,11,12,0,37,0,11,25,0,36,14,22,37,0,73,2,0,2,75
01/28/2023,BLI,WA,ANM,WE,Federal Contract Tower,8,6,4,0,18,0,10,19,0,29,8,16,23,0,47,6,0,6,53
01/29/2023,BLI,WA,ANM,WE,Federal Contract Tower,12,0,5,0,17,0,8,77,0,85,12,8,82,0,102,58,0,58,160
01/30/2023,BLI,WA,ANM,WE,Federal Contract Tower,13,8,11,0,32,0,24,97,4,125,13,32,108,4,157,68,0,68,225
01/31/2023,BLI,WA,ANM,WE,Federal Contract Tower,9,10,11,0,30,0,18,33,0,51,9,28,44,0,81,6,0,6,87
02/01/2023,BLI,WA,ANM,WE,Federal Contract Tower,10,6,8,0,24,0,24,92,0,116,10,30,100,0,140,124,0,124,264
02/02/2023,BLI,WA,ANM,WE,Federal Contract Tower,17,9,19,4,49,0,27,88,2,117,17,36,107,6,166,66,2,68,234
02/03/2023,BLI,WA,ANM,WE,Federal Contract Tower,14,7,4,0,25,0,15,17,0,32,14,22,21,0,57,10,0,10,67
02/04/2023,BLI,WA,ANM,WE,Federal Contract Tower,9,8,12,0,29,0,13,24,0,37,9,21,36,0,66,24,0,24,90
02/05/2023,BLI,WA,ANM,WE,Federal Contract Tower,12,5,5,0,22,0,6,22,2,30,12,11,27,2,52,77,0,77,129
02/06/2023,BLI,WA,ANM,WE,Federal Contract Tower,16,11,11,0,38,0,23,15,2,40,16,34,26,2,78,46,0,46,124
02/07/2023,BLI,WA,ANM,WE,Federal Contract Tower,8,7,7,0,22,0,24,21,0,45,8,31,28,0,67,8,0,8,75
02/08/2023,BLI,WA,ANM,WE,Federal Contract Tower,10,4,10,0,24,0,17,95,0,112,10,21,105,0,136,72,0,72,208
02/09/2023,BLI,WA,ANM,WE,Federal Contract Tower,18,5,9,0,32,0,22,71,0,93,18,27,80,0,125,42,0,42,167
02/10/2023,BLI,WA,ANM,WE,Federal Contract Tower,16,7,16,0,39,0,25,72,4,101,16,32,88,4,140,68,0,68,208
02/11/2023,BLI,WA,ANM,WE,Federal Contract Tower,9,5,23,0,37,0,6,53,0,59,9,11,76,0,96,36,0,36,132
02/12/2023,BLI,WA,ANM,WE,Federal Contract Tower,12,7,16,0,35,0,9,13,0,22,12,16,29,0,57,4,0,4,61
02/13/2023,BLI,WA,ANM,WE,Federal Contract Tower,13,8,6,0,27,0,19,22,0,41,13,27,28,0,68,40,0,40,108
02/14/2023,BLI,WA,ANM,WE,Federal Contract Tower,9,7,12,1,29,0,18,60,1,79,9,25,72,2,108,56,14,70,178
02/15/2023,BLI,WA,ANM,WE,Federal Contract Tower,10,7,16,1,34,0,28,95,1,124,10,35,111,2,158,130,0,130,288
02/16/2023,BLI,WA,ANM,WE,Federal Contract Tower,18,11,6,1,36,0,30,69,3,102,18,41,75,4,138,22,0,22,160
02/17/2023,BLI,WA,ANM,WE,Federal Contract Tower,17,8,13,0,38,0,16,24,0,40,17,24,37,0,78,34,0,34,112
02/18/2023,BLI,WA,ANM,WE,Federal Contract Tower,13,7,7,0,27,0,10,10,0,20,13,17,17,0,47,0,0,0,47
02/19/2023,BLI,WA,ANM,WE,Federal Contract Tower,16,3,5,0,24,0,4,3,0,7,16,7,8,0,31,6,0,6,37
02/20/2023,BLI,WA,ANM,WE,Federal Contract Tower,19,20,11,0,50,0,9,0,0,9,19,29,11,0,59,0,0,0,59
02/21/2023,BLI,WA,ANM,WE,Federal Contract Tower,14,6,7,0,27,0,19,46,0,65,14,25,53,0,92,34,0,34,126
02/22/2023,BLI,WA,ANM,WE,Federal Contract Tower,12,4,9,0,25,0,7,1,0,8,12,11,10,0,33,0,0,0,33
02/23/2023,BLI,WA,ANM,WE,Federal Contract Tower,19,6,4,0,29,0,13,4,0,17,19,19,8,0,46,2,0,2,48
02/24/2023,BLI,WA,ANM,WE,Federal Contract Tower,21,7,6,0,34,0,17,82,4,103,21,24,88,4,137,36,4,40,177
02/25/2023,BLI,WA,ANM,WE,Federal Contract Tower,12,9,7,0,28,0,10,52,0,62,12,19,59,0,90,66,0,66,156
02/26/2023,BLI,WA,ANM,WE,Federal Contract Tower,12,3,7,2,24,0,8,15,0,23,12,11,22,2,47,14,0,14,61
02/27/2023,BLI,WA,ANM,WE,Federal Contract Tower,16,8,7,0,31,0,24,27,0,51,16,32,34,0,82,48,0,48,130
02/28/2023,BLI,WA,ANM,WE,Federal Contract Tower,12,12,12,0,36,0,3,12,0,15,12,15,24,0,51,20,0,20,71
03/01/2023,BLI,WA,ANM,WE,Federal Contract Tower,8,5,7,0,20,0,20,62,1,83,8,25,69,1,103,60,0,60,163
03/02/2023,BLI,WA,ANM,WE,Federal Contract Tower,13,9,6,1,29,0,30,24,1,55,13,39,30,2,84,18,14,32,116
03/03/2023,BLI,WA,ANM,WE,Federal Contract Tower,14,9,7,0,30,0,24,27,0,51,14,33,34,0,81,84,0,84,165
03/04/2023,BLI,WA,ANM,WE,Federal Contract Tower,13,8,9,0,30,0,8,6,0,14,13,16,15,0,44,44,0,44,88
03/05/2023,BLI,WA,ANM,WE,Federal Contract Tower,15,3,12,0,30,0,9,91,0,100,15,12,103,0,130,60,0,60,190
03/06/2023,BLI,WA,ANM,WE,Federal Contract Tower,14,10,12,2,38,0,22,61,0,83,14,32,73,2,121,102,0,102,223
03/07/2023,BLI,WA,ANM,WE,Federal Contract Tower,10,6,12,1,29,0,26,80,3,109,10,32,92,4,138,70,0,70,208
03/08/2023,BLI,WA,ANM,WE,Federal Contract Tower,8,14,9,0,31,0,19,84,0,103,8,33,93,0,134,64,0,64,198
03/09/2023,BLI,WA,ANM,WE,Federal Contract Tower,15,6,13,2,36,0,22,104,4,130,15,28,117,6,166,100,0,100,266
03/10/2023,BLI,WA,ANM,WE,Federal Contract Tower,14,11,5,0,30,0,22,28,0,50,14,33,33,0,80,6,0,6,86
03/11/2023,BLI,WA,ANM,WE,Federal Contract Tower,14,4,4,0,22,0,5,41,0,46,14,9,45,0,68,18,0,18,86
03/12/2023,BLI,WA,ANM,WE,Federal Contract Tower,10,1,1,0,12,0,8,40,2,50,10,9,41,2,62,58,0,58,120
03/13/2023,BLI,WA,ANM,WE,Federal Contract Tower,14,7,9,1,31,0,18,25,1,44,14,25,34,2,75,0,0,0,75
03/14/2023,BLI,WA,ANM,WE,Federal Contract Tower,11,6,10,0,27,0,26,66,2,94,11,32,76,2,121,40,0,40,161
03/15/2023,BLI,WA,ANM,WE,Federal Contract Tower,9,5,11,0,25,0,15,88,4,107,9,20,99,4,132,76,0,76,208
03/16/2023,BLI,WA,ANM,WE,Federal Contract Tower,15,7,9,0,31,0,29,97,2,128,15,36,106,2,159,42,0,42,201
03/17/2023,BLI,WA,ANM,WE,Federal Contract Tower,13,3,13,0,29,0,18,108,0,126,13,21,121,0,155,102,0,102,257
03/18/2023,BLI,WA,ANM,WE,Federal Contract Tower,16,6,14,2,38,0,18,81,0,99,16,24,95,2,137,44,0,44,181
03/19/2023,BLI,WA,ANM,WE,Federal Contract Tower,11,7,12,0,30,0,11,61,0,72,11,18,73,0,102,82,0,82,184
03/20/2023,BLI,WA,ANM,WE,Federal Contract Tower,14,11,4,0,29,0,20,22,0,42,14,31,26,0,71,48,0,48,119
03/21/2023,BLI,WA,ANM,WE,Federal Contract Tower,8,12,16,0,36,0,14,46,1,61,8,26,62,1,97,78,13,91,188
03/22/2023,BLI,WA,ANM,WE,Federal Contract Tower,9,9,15,0,33,0,23,112,0,135,9,32,127,0,168,26,0,26,194
03/23/2023,BLI,WA,ANM,WE,Federal Contract Tower,12,11,7,0,30,0,11,18,0,29,12,22,25,0,59,4,0,4,63
03/24/2023,BLI,WA,ANM,WE,Federal Contract Tower,16,4,11,0,31,0,26,15,0,41,16,30,26,0,72,0,0,0,72
03/25/2023,BLI,WA,ANM,WE,Federal Contract Tower,15,8,8,1,32,0,11,50,1,62,15,19,58,2,94,36,0,36,130
03/26/2023,BLI,WA,ANM,WE,Federal Contract Tower,11,6,18,0,35,0,10,49,0,59,11,16,67,0,94,98,0,98,192
03/27/2023,BLI,WA,ANM,WE,Federal Contract Tower,15,8,16,0,39,0,18,88,0,106,15,26,104,0,145,54,0,54,199
03/28/2023,BLI,WA,ANM,WE,Federal Contract Tower,9,11,8,0,28,0,23,68,4,95,9,34,76,4,123,19,0,19,142
03/29/2023,BLI,WA,ANM,WE,Federal Contract Tower,9,9,18,0,36,0,29,108,2,139,9,38,126,2,175,190,0,190,365
03/30/2023,BLI,WA,ANM,WE,Federal Contract Tower,17,7,23,0,47,0,24,56,2,82,17,31,79,2,129,80,0,80,209
03/31/2023,BLI,WA,ANM,WE,Federal Contract Tower,15,13,5,0,33,0,16,13,0,29,15,29,18,0,62,24,0,24,86
04/01/2023,BLI,WA,ANM,WE,Federal Contract Tower,15,14,2,0,31,0,12,20,2,34,15,26,22,2,65,30,0,30,95
04/02/2023,BLI,WA,ANM,WE,Federal Contract Tower,16,8,7,0,31,0,7,9,2,18,16,15,16,2,49,88,4,92,141
04/03/2023,BLI,WA,ANM,WE,Federal Contract Tower,18,10,7,0,35,0,23,27,4,54,18,33,34,4,89,98,4,102,191
04/04/2023,BLI,WA,ANM,WE,Federal Contract Tower,10,5,18,0,33,0,36,68,2,106,10,41,86,2,139,86,0,86,225
04/05/2023,BLI,WA,ANM,WE,Federal Contract Tower,9,5,15,5,34,0,24,90,11,125,9,29,105,16,159,110,6,116,275
04/06/2023,BLI,WA,ANM,WE,Federal Contract Tower,18,4,14,0,36,0,29,24,0,53,18,33,38,0,89,32,0,32,121
04/07/2023,BLI,WA,ANM,WE,Federal Contract Tower,18,10,20,0,48,0,16,11,0,27,18,26,31,0,75,14,0,14,89
04/08/2023,BLI,WA,ANM,WE,Federal Contract Tower,16,5,8,0,29,0,8,7,0,15,16,13,15,0,44,0,0,0,44
04/09/2023,BLI,WA,ANM,WE,Federal Contract Tower,14,2,4,0,20,0,2,4,0,6,14,4,8,0,26,0,0,0,26
04/10/2023,BLI,WA,ANM,WE,Federal Contract Tower,20,9,12,0,41,0,20,22,0,42,20,29,34,0,83,68,0,68,151
04/11/2023,BLI,WA,ANM,WE,Federal Contract Tower,10,8,13,0,31,0,25,35,0,60,10,33,48,0,91,14,0,14,105
04/12/2023,BLI,WA,ANM,WE,Federal Contract Tower,11,6,11,0,28,0,25,130,2,157,11,31,141,2,185,48,0,48,233
04/13/2023,BLI,WA,ANM,WE,Federal Contract Tower,17,6,15,0,38,0,20,54,2,76,17,26,69,2,114,20,0,20,134
04/14/2023,BLI,WA,ANM,WE,Federal Contract Tower,19,11,8,0,38,0,29,117,0,146,19,40,125,0,184,48,0,48,232
04/15/2023,BLI,WA,ANM,WE,Federal Contract Tower,15,12,5,0,32,0,16,53,2,71,15,28,58,2,103,22,0,22,125
04/16/2023,BLI,WA,ANM,WE,Federal Contract Tower,16,3,4,0,23,0,9,6,0,15,16,12,10,0,38,0,0,0,38
04/17/2023,BLI,WA,ANM,WE,Federal Contract Tower,18,9,13,0,40,0,18,32,0,50,18,27,45,0,90,3,0,3,93
04/18/2023,BLI,WA,ANM,WE,Federal Contract Tower,10,8,7,0,25,0,19,14,0,33,10,27,21,0,58,20,0,20,78
04/20/2023,BLI,WA,ANM,WE,Federal Contract Tower,15,9,11,0,35,0,13,27,8,48,15,22,38,8,83,6,2,8,91
04/21/2023,BLI,WA,ANM,WE,Federal Contract Tower,15,12,9,0,36,0,25,54,2,81,15,37,63,2,117,34,8,42,159
04/22/2023,BLI,WA,ANM,WE,Federal Contract Tower,13,13,8,0,34,0,11,52,2,65,13,24,60,2,99,72,0,72,171
04/23/2023,BLI,WA,ANM,WE,Federal Contract Tower,13,2,13,0,28,0,5,6,0,11,13,7,19,0,39,6,0,6,45
04/24/2023,BLI,WA,ANM,WE,Federal Contract Tower,15,6,16,0,37,0,18,66,0,84,15,24,82,0,121,40,0,40,161
04/25/2023,BLI,WA,ANM,WE,Federal Contract Tower,9,9,14,3,35,0,27,89,3,119,9,36,103,6,154,66,0,66,220
04/26/2023,BLI,WA,ANM,WE,Federal Contract Tower,11,6,16,0,33,0,19,77,3,99,11,25,93,3,132,57,0,57,189
04/27/2023,BLI,WA,ANM,WE,Federal Contract Tower,13,8,12,2,35,0,20,124,2,146,13,28,136,4,181,85,0,85,266
04/28/2023,BLI,WA,ANM,WE,Federal Contract Tower,16,9,18,0,43,23,112,18,0,153,39,121,36,0,196,66,0,66,262
04/29/2023,BLI,WA,ANM,WE,Federal Contract Tower,13,8,15,0,36,0,13,121,2,136,13,21,136,2,172,56,0,56,228
04/30/2023,BLI,WA,ANM,WE,Federal Contract Tower,12,5,28,1,46,0,10,84,8,102,12,15,112,9,148,40,0,40,188
05/01/2023,BLI,WA,ANM,WE,Federal Contract Tower,18,16,11,0,45,0,26,49,1,76,18,42,60,1,121,48,0,48,169
05/02/2023,BLI,WA,ANM,WE,Federal Contract Tower,8,18,24,0,50,0,26,80,0,106,8,44,104,0,156,58,4,62,218
05/03/2023,BLI,WA,ANM,WE,Federal Contract Tower,7,4,12,0,23,0,21,129,0,150,7,25,141,0,173,66,0,66,239
05/04/2023,BLI,WA,ANM,WE,Federal Contract Tower,15,7,11,0,33,0,30,41,0,71,15,37,52,0,104,22,0,22,126
05/05/2023,BLI,WA,ANM,WE,Federal Contract Tower,15,9,19,0,43,0,11,10,0,21,15,20,29,0,64,25,0,25,89
05/06/2023,BLI,WA,ANM,WE,Federal Contract Tower,11,10,8,0,29,0,10,29,0,39,11,20,37,0,68,18,0,18,86
05/07/2023,BLI,WA,ANM,WE,Federal Contract Tower,13,3,19,0,35,0,12,48,0,60,13,15,67,0,95,44,0,44,139
05/09/2023,BLI,WA,ANM,WE,Federal Contract Tower,9,9,12,0,30,0,30,87,0,117,9,39,99,0,147,85,0,85,232
05/10/2023,BLI,WA,ANM,WE,Federal Contract Tower,7,7,8,0,22,0,37,96,6,139,7,44,104,6,161,40,0,40,201
05/11/2023,BLI,WA,ANM,WE,Federal Contract Tower,15,9,14,0,38,0,37,97,0,134,15,46,111,0,172,64,0,64,236
05/12/2023,BLI,WA,ANM,WE,Federal Contract Tower,14,8,17,1,40,0,33,127,3,163,14,41,144,4,203,74,6,80,283
05/13/2023,BLI,WA,ANM,WE,Federal Contract Tower,11,8,11,0,30,0,13,86,0,99,11,21,97,0,129,47,0,47,176
05/14/2023,BLI,WA,ANM,WE,Federal Contract Tower,13,0,11,0,24,0,12,73,0,85,13,12,84,0,109,16,0,16,125
05/15/2023,BLI,WA,ANM,WE,Federal Contract Tower,15,7,10,0,32,0,37,73,0,110,15,44,83,0,142,68,0,68,210
05/16/2023,BLI,WA,ANM,WE,Federal Contract Tower,9,11,8,0,28,0,32,63,6,101,9,43,71,6,129,52,0,52,181
05/17/2023,BLI,WA,ANM,WE,Federal Contract Tower,9,6,20,1,36,0,29,118,2,149,9,35,138,3,185,167,0,167,352
05/18/2023,BLI,WA,ANM,WE,Federal Contract Tower,15,7,11,2,35,0,31,91,0,122,15,38,102,2,157,48,0,48,205
05/19/2023,BLI,WA,ANM,WE,Federal Contract Tower,12,4,23,1,40,0,33,97,1,131,12,37,120,2,171,44,0,44,215
05/20/2023,BLI,WA,ANM,WE,Federal Contract Tower,13,5,17,0,35,0,19,79,0,98,13,24,96,0,133,78,0,78,211
05/21/2023,BLI,WA,ANM,WE,Federal Contract Tower,13,8,9,0,30,0,13,26,0,39,13,21,35,0,69,0,0,0,69
05/22/2023,BLI,WA,ANM,WE,Federal Contract Tower,14,18,23,0,55,0,15,22,4,41,14,33,45,4,96,12,0,12,108
05/23/2023,BLI,WA,ANM,WE,Federal Contract Tower,9,9,26,0,44,0,29,79,0,108,9,38,105,0,152,120,0,120,272
05/24/2023,BLI,WA,ANM,WE,Federal Contract Tower,9,7,34,0,50,0,37,84,0,121,9,44,118,0,171,74,0,74,245
05/25/2023,BLI,WA,ANM,WE,Federal Contract Tower,16,12,8,2,38,0,45,91,0,136,16,57,99,2,174,6,0,6,180
05/26/2023,BLI,WA,ANM,WE,Federal Contract Tower,12,14,8,0,34,0,35,111,2,148,12,49,119,2,182,42,0,42,224
05/27/2023,BLI,WA,ANM,WE,Federal Contract Tower,11,4,4,0,19,0,20,48,0,68,11,24,52,0,87,42,0,42,129
05/28/2023,BLI,WA,ANM,WE,Federal Contract Tower,12,3,8,0,23,0,18,62,0,80,12,21,70,0,103,14,0,14,117
05/29/2023,BLI,WA,ANM,WE,Federal Contract Tower,13,10,10,2,35,0,23,51,0,74,13,33,61,2,109,18,0,18,127
05/30/2023,BLI,WA,ANM,WE,Federal Contract Tower,9,7,4,1,21,0,26,45,6,77,9,33,49,7,98,42,2,44,142
05/31/2023,BLI,WA,ANM,WE,Federal Contract Tower,9,11,13,5,38,0,37,76,4,117,9,48,89,9,155,64,0,64,219
06/01/2023,BLI,WA,ANM,WE,Federal Contract Tower,15,11,17,2,45,0,32,90,6,128,15,43,107,8,173,110,0,110,283
06/02/2023,BLI,WA,ANM,WE,Federal Contract Tower,13,4,5,0,22,0,28,85,4,117,13,32,90,4,139,117,8,125,264
06/03/2023,BLI,WA,ANM,WE,Federal Contract Tower,8,5,10,0,23,0,18,79,0,97,8,23,89,0,120,33,0,33,153
06/04/2023,BLI,WA,ANM,WE,Federal Contract Tower,13,8,15,0,36,0,21,83,0,104,13,29,98,0,140,19,0,19,159
06/05/2023,BLI,WA,ANM,WE,Federal Contract Tower,13,12,14,0,39,0,50,59,1,110,13,62,73,1,149,36,0,36,185
06/06/2023,BLI,WA,ANM,WE,Federal Contract Tower,8,6,15,2,31,0,28,77,1,106,8,34,92,3,137,42,0,42,179
06/07/2023,BLI,WA,ANM,WE,Federal Contract Tower,9,8,22,0,39,0,37,125,2,164,9,45,147,2,203,84,0,84,287
06/08/2023,BLI,WA,ANM,WE,Federal Contract Tower,15,9,19,1,44,0,31,77,8,116,15,40,96,9,160,46,14,60,220
06/09/2023,BLI,WA,ANM,WE,Federal Contract Tower,13,6,24,1,44,0,28,30,0,58,13,34,54,1,102,62,0,62,164
06/10/2023,BLI,WA,ANM,WE,Federal Contract Tower,7,6,20,0,33,0,9,11,0,20,7,15,31,0,53,0,0,0,53
06/11/2023,BLI,WA,ANM,WE,Federal Contract Tower,14,4,17,0,35,0,26,89,2,117,14,30,106,2,152,50,0,50,202
06/12/2023,BLI,WA,ANM,WE,Federal Contract Tower,14,8,26,0,48,0,37,112,1,150,14,45,138,1,198,82,0,82,280
06/13/2023,BLI,WA,ANM,WE,Federal Contract Tower,7,6,25,0,38,0,31,63,4,98,7,37,88,4,136,71,11,82,218
06/14/2023,BLI,WA,ANM,WE,Federal Contract Tower,11,5,23,0,39,0,34,96,0,130,11,39,119,0,169,42,0,42,211
06/15/2023,BLI,WA,ANM,WE,Federal Contract Tower,14,11,24,0,49,0,48,96,0,144,14,59,120,0,193,78,0,78,271
06/16/2023,BLI,WA,ANM,WE,Federal Contract Tower,15,14,13,0,42,0,32,61,0,93,15,46,74,0,135,75,0,75,210
06/17/2023,BLI,WA,ANM,WE,Federal Contract Tower,9,4,23,0,36,0,14,37,0,51,9,18,60,0,87,32,0,32,119
06/18/2023,BLI,WA,ANM,WE,Federal Contract Tower,13,3,18,0,34,0,16,41,0,57,13,19,59,0,91,36,0,36,127
06/19/2023,BLI,WA,ANM,WE,Federal Contract Tower,13,14,23,0,50,0,42,45,0,87,13,56,68,0,137,32,0,32,169
06/20/2023,BLI,WA,ANM,WE,Federal Contract Tower,7,16,13,4,40,0,25,31,0,56,7,41,44,4,96,42,0,42,138
06/21/2023,BLI,WA,ANM,WE,Federal Contract Tower,11,12,17,2,42,0,31,97,0,128,11,43,114,2,170,186,0,186,356
06/22/2023,BLI,WA,ANM,WE,Federal Contract Tower,16,9,22,0,47,0,45,131,4,180,16,54,153,4,227,86,0,86,313
06/23/2023,BLI,WA,ANM,WE,Federal Contract Tower,12,13,19,0,44,0,43,124,6,173,12,56,143,6,217,58,0,58,275
06/24/2023,BLI,WA,ANM,WE,Federal Contract Tower,11,5,17,0,33,0,28,73,0,101,11,33,90,0,134,60,0,60,194
06/25/2023,BLI,WA,ANM,WE,Federal Contract Tower,13,11,15,0,39,0,14,69,0,83,13,25,84,0,122,68,0,68,190
06/26/2023,BLI,WA,ANM,WE,Federal Contract Tower,13,12,19,1,45,0,30,67,3,100,13,42,86,4,145,80,0,80,225
06/27/2023,BLI,WA,ANM,WE,Federal Contract Tower,6,14,23,0,43,0,21,70,3,94,6,35,93,3,137,26,6,32,169
06/29/2023,BLI,WA,ANM,WE,Federal Contract Tower,15,13,22,0,50,0,30,86,4,120,15,43,108,4,170,48,0,48,218
06/30/2023,BLI,WA,ANM,WE,Federal Contract Tower,13,16,26,2,57,0,53,130,0,183,13,69,156,2,240,60,0,60,300
07/01/2023,BLI,WA,ANM,WE,Federal Contract Tower,11,6,20,0,37,0,18,98,0,116,11,24,118,0,153,68,0,68,221
07/02/2023,BLI,WA,ANM,WE,Federal Contract Tower,12,2,31,0,45,0,27,90,2,119,12,29,121,2,164,32,0,32,196
07/03/2023,BLI,WA,ANM,WE,Federal Contract Tower,13,9,8,0,30,0,43,94,0,137,13,52,102,0,167,82,0,82,249
07/04/2023,BLI,WA,ANM,WE,Federal Contract Tower,7,1,10,0,18,0,23,54,0,77,7,24,64,0,95,20,0,20,115
07/05/2023,BLI,WA,ANM,WE,Federal Contract Tower,10,9,27,0,46,0,48,115,0,163,10,57,142,0,209,100,0,100,309
07/06/2023,BLI,WA,ANM,WE,Federal Contract Tower,17,11,29,5,62,0,33,109,4,146,17,44,138,9,208,60,18,78,286
07/07/2023,BLI,WA,ANM,WE,Federal Contract Tower,13,18,32,1,64,0,29,64,1,94,13,47,96,2,158,18,0,18,176
07/08/2023,BLI,WA,ANM,WE,Federal Contract Tower,11,8,14,2,35,0,40,94,2,136,11,48,108,4,171,90,0,90,261
07/09/2023,BLI,WA,ANM,WE,Federal Contract Tower,13,6,35,0,54,0,17,84,0,101,13,23,119,0,155,97,0,97,252
07/10/2023,BLI,WA,ANM,WE,Federal Contract Tower,13,8,27,0,48,0,38,53,2,93,13,46,80,2,141,30,0,30,171
07/11/2023,BLI,WA,ANM,WE,Federal Contract Tower,6,9,26,0,41,0,37,91,0,128,6,46,117,0,169,72,0,72,241
07/12/2023,BLI,WA,ANM,WE,Federal Contract Tower,13,11,25,0,49,0,35,111,0,146,13,46,136,0,195,62,0,62,257
07/13/2023,BLI,WA,ANM,WE,Federal Contract Tower,15,14,19,2,50,0,48,92,5,145,15,62,111,7,195,126,0,126,321
07/14/2023,BLI,WA,ANM,WE,Federal Contract Tower,14,11,26,1,52,0,46,125,2,173,14,57,151,3,225,60,0,60,285
07/15/2023,BLI,WA,ANM,WE,Federal Contract Tower,11,9,12,0,32,0,30,103,0,133,11,39,115,0,165,28,0,28,193
07/16/2023,BLI,WA,ANM,WE,Federal Contract Tower,12,8,24,0,44,0,18,88,0,106,12,26,112,0,150,90,0,90,240
07/17/2023,BLI,WA,ANM,WE,Federal Contract Tower,13,9,15,0,37,0,34,67,4,105,13,43,82,4,142,24,0,24,166
07/18/2023,BLI,WA,ANM,WE,Federal Contract Tower,7,8,19,0,34,0,31,109,0,140,7,39,128,0,174,69,0,69,243
07/19/2023,BLI,WA,ANM,WE,Federal Contract Tower,11,18,10,0,39,0,40,114,0,154,11,58,124,0,193,60,0,60,253
07/20/2023,BLI,WA,ANM,WE,Federal Contract Tower,17,10,29,3,59,0,51,121,0,172,17,61,150,3,231,71,0,71,302
07/21/2023,BLI,WA,ANM,WE,Federal Contract Tower,10,11,11,0,32,0,39,77,0,116,10,50,88,0,148,56,0,56,204
07/22/2023,BLI,WA,ANM,WE,Federal Contract Tower,12,13,10,0,35,0,22,97,0,119,12,35,107,0,154,68,0,68,222
07/23/2023,BLI,WA,ANM,WE,Federal Contract Tower,12,6,16,0,34,0,24,108,2,134,12,30,124,2,168,83,0,83,251
07/24/2023,BLI,WA,ANM,WE,Federal Contract Tower,13,16,22,1,52,0,39,49,1,89,13,55,71,2,141,40,0,40,181
07/25/2023,BLI,WA,ANM,WE,Federal Contract Tower,6,8,16,1,31,0,45,64,1,110,6,53,80,2,141,66,0,66,207
07/26/2023,BLI,WA,ANM,WE,Federal Contract Tower,10,12,20,3,45,0,42,111,3,156,10,54,131,6,201,68,0,68,269
07/27/2023,BLI,WA,ANM,WE,Federal Contract Tower,16,6,12,5,39,0,44,89,5,138,16,50,101,10,177,54,0,54,231
07/28/2023,BLI,WA,ANM,WE,Federal Contract Tower,14,8,26,0,48,0,55,109,0,164,14,63,135,0,212,76,0,76,288
07/29/2023,BLI,WA,ANM,WE,Federal Contract Tower,11,9,12,2,34,0,27,92,0,119,11,36,104,2,153,36,0,36,189
07/30/2023,BLI,WA,ANM,WE,Federal Contract Tower,13,8,21,0,42,0,24,101,2,127,13,32,122,2,169,72,0,72,241
07/31/2023,BLI,WA,ANM,WE,Federal Contract Tower,13,12,24,2,51,0,38,86,2,126,13,50,110,4,177,68,0,68,245
08/01/2023,BLI,WA,ANM,WE,Federal Contract Tower,8,6,11,0,25,0,38,102,2,142,8,44,113,2,167,104,10,114,281
08/02/2023,BLI,WA,ANM,WE,Federal Contract Tower,11,12,19,4,46,0,42,117,2,161,11,54,136,6,207,50,6,56,263
08/03/2023,BLI,WA,ANM,WE,Federal Contract Tower,15,7,18,1,41,0,34,88,3,125,15,41,106,4,166,28,0,28,194
08/04/2023,BLI,WA,ANM,WE,Federal Contract Tower,13,9,36,2,60,0,38,90,8,136,13,47,126,10,196,44,10,54,250
08/05/2023,BLI,WA,ANM,WE,Federal Contract Tower,11,6,17,0,34,0,23,89,0,112,11,29,106,0,146,28,0,28,174
08/06/2023,BLI,WA,ANM,WE,Federal Contract Tower,12,4,21,0,37,0,31,101,0,132,12,35,122,0,169,42,0,42,211
08/07/2023,BLI,WA,ANM,WE,Federal Contract Tower,13,7,32,0,52,0,28,63,4,95,13,35,95,4,147,58,10,68,215
08/08/2023,BLI,WA,ANM,WE,Federal Contract Tower,7,10,25,0,42,0,41,69,4,114,7,51,94,4,156,32,0,32,188
08/09/2023,BLI,WA,ANM,WE,Federal Contract Tower,11,11,27,0,49,0,43,51,2,96,11,54,78,2,145,22,0,22,167
08/10/2023,BLI,WA,ANM,WE,Federal Contract Tower,14,8,10,1,33,0,50,75,3,128,14,58,85,4,161,94,8,102,263
08/11/2023,BLI,WA,ANM,WE,Federal Contract Tower,14,10,18,1,43,0,33,112,5,150,14,43,130,6,193,32,0,32,225
08/12/2023,BLI,WA,ANM,WE,Federal Contract Tower,8,4,19,0,31,0,23,96,0,119,8,27,115,0,150,44,0,44,194
08/13/2023,BLI,WA,ANM,WE,Federal Contract Tower,10,1,19,0,30,0,27,111,2,140,10,28,130,2,170,22,0,22,192
08/14/2023,BLI,WA,ANM,WE,Federal Contract Tower,14,11,22,0,47,0,40,96,2,138,14,51,118,2,185,40,0,40,225
08/15/2023,BLI,WA,ANM,WE,Federal Contract Tower,7,18,13,0,38,0,30,84,2,116,7,48,97,2,154,98,8,106,260
08/16/2023,BLI,WA,ANM,WE,Federal Contract Tower,9,16,24,2,51,0,45,125,2,172,9,61,149,4,223,106,0,106,329
08/17/2023,BLI,WA,ANM,WE,Federal Contract Tower,14,11,17,0,42,0,55,110,3,168,14,66,127,3,210,46,0,46,256
08/18/2023,BLI,WA,ANM,WE,Federal Contract Tower,13,11,33,0,57,0,46,131,1,178,13,57,164,1,235,140,0,140,375
08/19/2023,BLI,WA,ANM,WE,Federal Contract Tower,9,7,26,0,42,0,21,57,0,78,9,28,83,0,120,46,0,46,166
08/20/2023,BLI,WA,ANM,WE,Federal Contract Tower,14,7,46,0,67,0,33,29,2,64,14,40,75,2,131,20,0,20,151
08/21/2023,BLI,WA,ANM,WE,Federal Contract Tower,15,11,33,0,59,0,39,72,0,111,15,50,105,0,170,29,0,29,199
08/22/2023,BLI,WA,ANM,WE,Federal Contract Tower,8,9,18,4,39,0,48,85,2,135,8,57,103,6,174,96,0,96,270
08/23/2023,BLI,WA,ANM,WE,Federal Contract Tower,9,10,29,4,52,0,43,105,8,156,9,53,134,12,208,127,3,130,338
08/24/2023,BLI,WA,ANM,WE,Federal Contract Tower,15,14,19,1,49,0,37,88,9,134,15,51,107,10,183,80,8,88,271
08/25/2023,BLI,WA,ANM,WE,Federal Contract Tower,13,9,19,0,41,0,34,47,0,81,13,43,66,0,122,18,0,18,140
08/26/2023,BLI,WA,ANM,WE,Federal Contract Tower,10,7,12,0,29,0,20,59,2,81,10,27,71,2,110,60,0,60,170
08/27/2023,BLI,WA,ANM,WE,Federal Contract Tower,15,5,24,0,44,0,22,60,0,82,15,27,84,0,126,64,0,64,190
08/28/2023,BLI,WA,ANM,WE,Federal Contract Tower,11,11,11,0,33,0,27,34,2,63,11,38,45,2,96,46,0,46,142
08/29/2023,BLI,WA,ANM,WE,Federal Contract Tower,9,9,15,0,33,0,28,14,0,42,9,37,29,0,75,70,0,70,145
08/30/2023,BLI,WA,ANM,WE,Federal Contract Tower,9,8,25,1,43,0,27,82,1,110,9,35,107,2,153,81,3,84,237
08/31/2023,BLI,WA,ANM,WE,Federal Contract Tower,14,18,41,2,75,0,21,51,1,73,14,39,92,3,148,46,0,46,194
01/01/2020,BLI,WA,ANM,WE,Federal Contract Tower,9,0,8,0,17,0,1,46,0,47,9,1,54,0,64,34,0,34,98
01/02/2020,BLI,WA,ANM,WE,Federal Contract Tower,18,5,7,0,30,0,24,31,0,55,18,29,38,0,85,22,0,22,107
01/03/2020,BLI,WA,ANM,WE,Federal Contract Tower,14,8,1,0,23,0,10,11,0,21,14,18,12,0,44,4,0,4,48
01/04/2020,BLI,WA,ANM,WE,Federal Contract Tower,16,7,8,0,31,0,8,22,0,30,16,15,30,0,61,28,0,28,89
01/05/2020,BLI,WA,ANM,WE,Federal Contract Tower,18,1,8,0,27,0,4,6,0,10,18,5,14,0,37,2,0,2,39
01/06/2020,BLI,WA,ANM,WE,Federal Contract Tower,18,10,15,0,43,0,9,1,0,10,18,19,16,0,53,0,0,0,53
01/07/2020,BLI,WA,ANM,WE,Federal Contract Tower,6,7,3,0,16,0,15,6,0,21,6,22,9,0,37,0,0,0,37
01/08/2020,BLI,WA,ANM,WE,Federal Contract Tower,8,6,5,2,21,0,18,53,0,71,8,24,58,2,92,32,0,32,124
01/09/2020,BLI,WA,ANM,WE,Federal Contract Tower,16,8,18,0,42,0,28,63,0,91,16,36,81,0,133,48,0,48,181
01/10/2020,BLI,WA,ANM,WE,Federal Contract Tower,13,5,0,0,18,0,11,0,0,11,13,16,0,0,29,0,0,0,29
01/11/2020,BLI,WA,ANM,WE,Federal Contract Tower,8,5,6,0,19,0,4,10,0,14,8,9,16,0,33,8,0,8,41
01/12/2020,BLI,WA,ANM,WE,Federal Contract Tower,15,1,5,0,21,0,2,0,0,2,15,3,5,0,23,0,0,0,23
01/13/2020,BLI,WA,ANM,WE,Federal Contract Tower,11,6,12,0,29,0,9,9,0,18,11,15,21,0,47,4,0,4,51
01/14/2020,BLI,WA,ANM,WE,Federal Contract Tower,5,15,5,0,25,0,10,4,0,14,5,25,9,0,39,10,0,10,49
01/15/2020,BLI,WA,ANM,WE,Federal Contract Tower,9,9,3,0,21,1,6,5,0,12,10,15,8,0,33,0,0,0,33
01/16/2020,BLI,WA,ANM,WE,Federal Contract Tower,17,7,8,0,32,0,8,8,0,16,17,15,16,0,48,4,0,4,52
01/17/2020,BLI,WA,ANM,WE,Federal Contract Tower,13,5,15,2,35,0,18,36,0,54,13,23,51,2,89,20,0,20,109
01/18/2020,BLI,WA,ANM,WE,Federal Contract Tower,10,3,4,0,17,0,2,9,0,11,10,5,13,0,28,0,0,0,28
01/19/2020,BLI,WA,ANM,WE,Federal Contract Tower,16,1,9,0,26,0,8,22,0,30,16,9,31,0,56,16,0,16,72
01/20/2020,BLI,WA,ANM,WE,Federal Contract Tower,14,6,22,0,42,0,23,52,0,75,14,29,74,0,117,20,0,20,137
01/21/2020,BLI,WA,ANM,WE,Federal Contract Tower,8,6,8,0,22,0,16,7,0,23,8,22,15,0,45,0,0,0,45
01/22/2020,BLI,WA,ANM,WE,Federal Contract Tower,8,10,26,0,44,0,17,17,0,34,8,27,43,0,78,28,0,28,106
01/23/2020,BLI,WA,ANM,WE,Federal Contract Tower,16,7,9,0,32,0,17,3,0,20,16,24,12,0,52,0,0,0,52
01/24/2020,BLI,WA,ANM,WE,Federal Contract Tower,16,5,25,0,46,0,11,30,0,41,16,16,55,0,87,40,0,40,127
01/25/2020,BLI,WA,ANM,WE,Federal Contract Tower,8,5,6,0,19,0,10,46,0,56,8,15,52,0,75,54,0,54,129
01/26/2020,BLI,WA,ANM,WE,Federal Contract Tower,16,5,15,0,36,0,6,14,0,20,16,11,29,0,56,24,0,24,80
01/27/2020,BLI,WA,ANM,WE,Federal Contract Tower,15,7,8,5,35,0,20,53,3,76,15,27,61,8,111,96,0,96,207
01/28/2020,BLI,WA,ANM,WE,Federal Contract Tower,6,7,11,3,27,0,16,8,0,24,6,23,19,3,51,22,0,22,73
01/29/2020,BLI,WA,ANM,WE,Federal Contract Tower,10,5,21,1,37,0,14,23,1,38,10,19,44,2,75,0,0,0,75
01/30/2020,BLI,WA,ANM,WE,Federal Contract Tower,16,7,22,2,47,0,20,86,2,108,16,27,108,4,155,20,0,20,175
01/31/2020,BLI,WA,ANM,WE,Federal Contract Tower,14,9,7,0,30,0,16,5,0,21,14,25,12,0,51,0,0,0,51
02/01/2020,BLI,WA,ANM,WE,Federal Contract Tower,7,4,7,0,18,0,4,26,0,30,7,8,33,0,48,36,0,36,84
02/02/2020,BLI,WA,ANM,WE,Federal Contract Tower,20,0,7,0,27,0,6,63,0,69,20,6,70,0,96,22,0,22,118
02/03/2020,BLI,WA,ANM,WE,Federal Contract Tower,13,11,20,0,44,0,18,63,2,83,13,29,83,2,127,80,6,86,213
02/04/2020,BLI,WA,ANM,WE,Federal Contract Tower,5,13,7,0,25,0,6,2,0,8,5,19,9,0,33,0,0,0,33
02/05/2020,BLI,WA,ANM,WE,Federal Contract Tower,8,11,7,0,26,0,1,0,0,1,8,12,7,0,27,0,0,0,27
02/06/2020,BLI,WA,ANM,WE,Federal Contract Tower,21,13,11,0,45,0,0,0,0,0,21,13,11,0,45,0,0,0,45
02/07/2020,BLI,WA,ANM,WE,Federal Contract Tower,14,13,16,0,43,0,7,5,0,12,14,20,21,0,55,0,0,0,55
02/08/2020,BLI,WA,ANM,WE,Federal Contract Tower,8,6,18,0,32,0,3,43,0,46,8,9,61,0,78,8,0,8,86
02/09/2020,BLI,WA,ANM,WE,Federal Contract Tower,16,2,18,0,36,0,4,91,0,95,16,6,109,0,131,74,0,74,205
02/10/2020,BLI,WA,ANM,WE,Federal Contract Tower,14,7,27,0,48,0,19,129,0,148,14,26,156,0,196,66,0,66,262
02/11/2020,BLI,WA,ANM,WE,Federal Contract Tower,7,6,22,0,35,0,20,33,0,53,7,26,55,0,88,26,0,26,114
02/12/2020,BLI,WA,ANM,WE,Federal Contract Tower,16,7,33,0,56,0,6,28,0,34,16,13,61,0,90,64,0,64,154
02/13/2020,BLI,WA,ANM,WE,Federal Contract Tower,14,7,12,0,33,0,20,30,0,50,14,27,42,0,83,14,0,14,97
02/14/2020,BLI,WA,ANM,WE,Federal Contract Tower,15,6,41,2,64,0,22,65,0,87,15,28,106,2,151,34,0,34,185
02/15/2020,BLI,WA,ANM,WE,Federal Contract Tower,10,3,5,0,18,0,17,13,0,30,10,20,18,0,48,20,0,20,68
02/16/2020,BLI,WA,ANM,WE,Federal Contract Tower,14,1,12,0,27,0,4,30,0,34,14,5,42,0,61,2,0,2,63
02/17/2020,BLI,WA,ANM,WE,Federal Contract Tower,17,6,23,0,46,0,31,70,0,101,17,37,93,0,147,20,0,20,167
02/18/2020,BLI,WA,ANM,WE,Federal Contract Tower,11,6,26,3,46,0,48,117,3,168,11,54,143,6,214,94,0,94,308
02/19/2020,BLI,WA,ANM,WE,Federal Contract Tower,13,7,18,0,38,0,40,114,0,154,13,47,132,0,192,108,0,108,300
02/20/2020,BLI,WA,ANM,WE,Federal Contract Tower,16,10,21,3,50,0,35,120,1,156,16,45,141,4,206,92,14,106,312
02/21/2020,BLI,WA,ANM,WE,Federal Contract Tower,15,7,22,4,48,0,51,115,0,166,15,58,137,4,214,56,0,56,270
02/22/2020,BLI,WA,ANM,WE,Federal Contract Tower,9,6,14,0,29,0,2,23,0,25,9,8,37,0,54,0,0,0,54
02/23/2020,BLI,WA,ANM,WE,Federal Contract Tower,14,0,6,0,20,0,6,13,0,19,14,6,19,0,39,0,0,0,39
02/24/2020,BLI,WA,ANM,WE,Federal Contract Tower,16,10,12,2,40,0,31,51,1,83,16,41,63,3,123,76,10,86,209
02/25/2020,BLI,WA,ANM,WE,Federal Contract Tower,9,6,17,0,32,0,25,48,0,73,9,31,65,0,105,48,0,48,153
02/26/2020,BLI,WA,ANM,WE,Federal Contract Tower,12,13,17,0,42,0,22,59,0,81,12,35,76,0,123,74,0,74,197
02/27/2020,BLI,WA,ANM,WE,Federal Contract Tower,15,7,24,0,46,0,28,89,1,118,15,35,113,1,164,68,0,68,232
02/28/2020,BLI,WA,ANM,WE,Federal Contract Tower,13,7,9,0,29,0,31,55,0,86,13,38,64,0,115,82,0,82,197
02/29/2020,BLI,WA,ANM,WE,Federal Contract Tower,15,6,8,0,29,0,30,67,0,97,15,36,75,0,126,14,0,14,140
03/01/2020,BLI,WA,ANM,WE,Federal Contract Tower,19,1,19,0,39,0,26,76,2,104,19,27,95,2,143,80,4,84,227
03/02/2020,BLI,WA,ANM,WE,Federal Contract Tower,14,14,18,2,48,0,19,2,0,21,14,33,20,2,69,2,0,2,71
03/03/2020,BLI,WA,ANM,WE,Federal Contract Tower,8,11,13,2,34,0,29,17,0,46,8,40,30,2,80,0,0,0,80
03/04/2020,BLI,WA,ANM,WE,Federal Contract Tower,13,8,39,0,60,0,44,116,0,160,13,52,155,0,220,112,0,112,332
03/05/2020,BLI,WA,ANM,WE,Federal Contract Tower,21,8,17,0,46,0,36,42,0,78,21,44,59,0,124,6,0,6,130
03/06/2020,BLI,WA,ANM,WE,Federal Contract Tower,17,9,15,0,41,0,44,63,0,107,17,53,78,0,148,90,0,90,238
03/07/2020,BLI,WA,ANM,WE,Federal Contract Tower,9,3,9,0,21,0,5,29,0,34,9,8,38,0,55,24,0,24,79
03/08/2020,BLI,WA,ANM,WE,Federal Contract Tower,17,0,3,4,24,0,39,92,1,132,17,39,95,5,156,16,0,16,172
03/09/2020,BLI,WA,ANM,WE,Federal Contract Tower,17,9,31,0,57,0,50,105,4,159,17,59,136,4,216,110,0,110,326
03/10/2020,BLI,WA,ANM,WE,Federal Contract Tower,10,6,10,0,26,0,27,44,2,73,10,33,54,2,99,56,0,56,155
03/11/2020,BLI,WA,ANM,WE,Federal Contract Tower,17,6,13,2,38,0,45,84,9,138,17,51,97,11,176,36,8,44,220
03/12/2020,BLI,WA,ANM,WE,Federal Contract Tower,14,7,13,0,34,0,60,85,0,145,14,67,98,0,179,82,0,82,261
03/13/2020,BLI,WA,ANM,WE,Federal Contract Tower,14,6,14,0,34,0,22,20,0,42,14,28,34,0,76,6,0,6,82
03/14/2020,BLI,WA,ANM,WE,Federal Contract Tower,17,0,2,0,19,0,0,2,0,2,17,0,4,0,21,0,0,0,21
03/15/2020,BLI,WA,ANM,WE,Federal Contract Tower,17,6,1,0,24,0,6,12,0,18,17,12,13,0,42,0,0,0,42
03/16/2020,BLI,WA,ANM,WE,Federal Contract Tower,15,10,6,0,31,0,36,78,6,120,15,46,84,6,151,34,0,34,185
03/17/2020,BLI,WA,ANM,WE,Federal Contract Tower,14,7,23,0,44,0,36,92,0,128,14,43,115,0,172,46,0,46,218
03/18/2020,BLI,WA,ANM,WE,Federal Contract Tower,16,4,30,7,57,0,23,87,4,114,16,27,117,11,171,98,0,98,269
03/19/2020,BLI,WA,ANM,WE,Federal Contract Tower,11,5,16,1,33,0,52,89,1,142,11,57,105,2,175,90,0,90,265
03/20/2020,BLI,WA,ANM,WE,Federal Contract Tower,6,8,19,1,34,0,19,63,1,83,6,27,82,2,117,70,0,70,187
03/21/2020,BLI,WA,ANM,WE,Federal Contract Tower,6,7,9,0,22,0,5,71,0,76,6,12,80,0,98,57,6,63,161
03/22/2020,BLI,WA,ANM,WE,Federal Contract Tower,7,3,9,0,19,0,2,58,0,60,7,5,67,0,79,64,0,64,143
03/23/2020,BLI,WA,ANM,WE,Federal Contract Tower,2,4,6,1,13,0,14,22,0,36,2,18,28,1,49,44,0,44,93
03/24/2020,BLI,WA,ANM,WE,Federal Contract Tower,15,6,0,0,21,0,22,14,0,36,15,28,14,0,57,48,0,48,105
03/25/2020,BLI,WA,ANM,WE,Federal Contract Tower,3,5,6,0,14,0,12,48,0,60,3,17,54,0,74,42,0,42,116
03/26/2020,BLI,WA,ANM,WE,Federal Contract Tower,2,6,4,0,12,0,18,15,0,33,2,24,19,0,45,22,0,22,67
03/27/2020,BLI,WA,ANM,WE,Federal Contract Tower,5,2,13,0,20,0,16,17,0,33,5,18,30,0,53,42,0,42,95
03/28/2020,BLI,WA,ANM,WE,Federal Contract Tower,3,4,3,0,10,0,5,8,0,13,3,9,11,0,23,0,0,0,23
03/29/2020,BLI,WA,ANM,WE,Federal Contract Tower,4,0,0,0,4,0,1,24,0,25,4,1,24,0,29,60,0,60,89
03/30/2020,BLI,WA,ANM,WE,Federal Contract Tower,5,6,2,0,13,0,16,19,0,35,5,22,21,0,48,6,0,6,54
03/31/2020,BLI,WA,ANM,WE,Federal Contract Tower,3,5,8,0,16,0,21,20,2,43,3,26,28,2,59,28,0,28,87
04/01/2020,BLI,WA,ANM,WE,Federal Contract Tower,3,5,4,0,12,0,11,11,0,22,3,16,15,0,34,12,0,12,46
04/02/2020,BLI,WA,ANM,WE,Federal Contract Tower,4,6,5,0,15,0,17,39,0,56,4,23,44,0,71,56,0,56,127
04/03/2020,BLI,WA,ANM,WE,Federal Contract Tower,4,6,3,0,13,0,18,7,0,25,4,24,10,0,38,0,0,0,38
04/04/2020,BLI,WA,ANM,WE,Federal Contract Tower,2,5,1,0,8,0,3,27,0,30,2,8,28,0,38,26,0,26,64
04/05/2020,BLI,WA,ANM,WE,Federal Contract Tower,4,0,1,0,5,0,0,32,0,32,4,0,33,0,37,18,0,18,55
04/06/2020,BLI,WA,ANM,WE,Federal Contract Tower,4,9,3,0,16,0,15,52,0,67,4,24,55,0,83,70,0,70,153
04/07/2020,BLI,WA,ANM,WE,Federal Contract Tower,4,8,3,0,15,0,22,33,6,61,4,30,36,6,76,12,8,20,96
04/08/2020,BLI,WA,ANM,WE,Federal Contract Tower,4,5,8,0,17,0,14,62,0,76,4,19,70,0,93,22,0,22,115
04/09/2020,BLI,WA,ANM,WE,Federal Contract Tower,3,6,1,0,10,0,20,53,0,73,3,26,54,0,83,42,0,42,125
04/10/2020,BLI,WA,ANM,WE,Federal Contract Tower,1,5,1,0,7,0,18,45,0,63,1,23,46,0,70,14,0,14,84
04/11/2020,BLI,WA,ANM,WE,Federal Contract Tower,2,4,4,0,10,0,1,31,0,32,2,5,35,0,42,2,0,2,44
04/12/2020,BLI,WA,ANM,WE,Federal Contract Tower,0,0,0,0,0,0,10,24,0,34,0,10,24,0,34,0,0,0,34
04/13/2020,BLI,WA,ANM,WE,Federal Contract Tower,2,5,1,0,8,0,16,56,0,72,2,21,57,0,80,8,0,8,88
04/14/2020,BLI,WA,ANM,WE,Federal Contract Tower,2,6,6,0,14,0,18,53,0,71,2,24,59,0,85,18,0,18,103
04/15/2020,BLI,WA,ANM,WE,Federal Contract Tower,2,5,1,0,8,0,13,66,0,79,2,18,67,0,87,28,0,28,115
04/16/2020,BLI,WA,ANM,WE,Federal Contract Tower,4,7,5,0,16,0,18,75,0,93,4,25,80,0,109,40,0,40,149
04/17/2020,BLI,WA,ANM,WE,Federal Contract Tower,2,7,9,0,18,0,13,54,0,67,2,20,63,0,85,76,0,76,161
04/18/2020,BLI,WA,ANM,WE,Federal Contract Tower,3,4,1,0,8,0,4,48,0,52,3,8,49,0,60,46,0,46,106
04/19/2020,BLI,WA,ANM,WE,Federal Contract Tower,2,2,6,0,10,0,0,43,0,43,2,2,49,0,53,68,0,68,121
04/20/2020,BLI,WA,ANM,WE,Federal Contract Tower,2,6,10,0,18,0,14,61,0,75,2,20,71,0,93,64,0,64,157
04/21/2020,BLI,WA,ANM,WE,Federal Contract Tower,2,7,10,0,19,0,12,30,0,42,2,19,40,0,61,18,4,22,83
04/22/2020,BLI,WA,ANM,WE,Federal Contract Tower,2,9,7,0,18,0,16,0,0,16,2,25,7,0,34,0,0,0,34
04/23/2020,BLI,WA,ANM,WE,Federal Contract Tower,2,8,9,2,21,0,9,32,0,41,2,17,41,2,62,16,0,16,78
04/24/2020,BLI,WA,ANM,WE,Federal Contract Tower,2,6,20,1,29,0,12,53,1,66,2,18,73,2,95,20,0,20,115
04/25/2020,BLI,WA,ANM,WE,Federal Contract Tower,2,8,5,0,15,0,1,4,0,5,2,9,9,0,20,4,0,4,24
04/26/2020,BLI,WA,ANM,WE,Federal Contract Tower,0,1,3,0,4,0,3,28,0,31,0,4,31,0,35,42,0,42,77
04/27/2020,BLI,WA,ANM,WE,Federal Contract Tower,2,9,16,0,27,0,28,31,0,59,2,37,47,0,86,10,0,10,96
04/28/2020,BLI,WA,ANM,WE,Federal Contract Tower,2,7,3,0,12,0,22,51,0,73,2,29,54,0,85,60,0,60,145
04/29/2020,BLI,WA,ANM,WE,Federal Contract Tower,0,6,10,0,16,0,20,50,0,70,0,26,60,0,86,76,0,76,162
04/30/2020,BLI,WA,ANM,WE,Federal Contract Tower,0,11,16,5,32,0,16,27,1,44,0,27,43,6,76,18,0,18,94
05/01/2020,BLI,WA,ANM,WE,Federal Contract Tower,2,9,20,0,31,0,22,79,10,111,2,31,99,10,142,64,0,64,206
05/02/2020,BLI,WA,ANM,WE,Federal Contract Tower,0,4,5,0,9,0,5,8,0,13,0,9,13,0,22,14,0,14,36
05/03/2020,BLI,WA,ANM,WE,Federal Contract Tower,2,1,7,0,10,0,0,40,0,40,2,1,47,0,50,62,0,62,112
05/04/2020,BLI,WA,ANM,WE,Federal Contract Tower,0,9,4,0,13,0,28,40,0,68,0,37,44,0,81,20,0,20,101
05/05/2020,BLI,WA,ANM,WE,Federal Contract Tower,2,6,9,0,17,0,18,53,0,71,2,24,62,0,88,38,0,38,126
05/06/2020,BLI,WA,ANM,WE,Federal Contract Tower,2,5,5,0,12,0,22,27,0,49,2,27,32,0,61,30,0,30,91
05/07/2020,BLI,WA,ANM,WE,Federal Contract Tower,0,6,16,0,22,0,25,81,2,108,0,31,97,2,130,66,0,66,196
05/08/2020,BLI,WA,ANM,WE,Federal Contract Tower,2,4,7,0,13,0,19,87,0,106,2,23,94,0,119,44,0,44,163
05/09/2020,BLI,WA,ANM,WE,Federal Contract Tower,0,5,10,0,15,0,8,65,0,73,0,13,75,0,88,20,0,20,108
05/10/2020,BLI,WA,ANM,WE,Federal Contract Tower,0,0,4,0,4,0,9,65,0,74,0,9,69,0,78,14,0,14,92
05/11/2020,BLI,WA,ANM,WE,Federal Contract Tower,2,7,16,0,25,0,19,45,0,64,2,26,61,0,89,42,0,42,131
05/12/2020,BLI,WA,ANM,WE,Federal Contract Tower,0,13,3,0,16,0,12,29,0,41,0,25,32,0,57,6,0,6,63
05/13/2020,BLI,WA,ANM,WE,Federal Contract Tower,2,5,8,0,15,0,25,42,0,67,2,30,50,0,82,16,0,16,98
05/14/2020,BLI,WA,ANM,WE,Federal Contract Tower,2,5,7,0,14,0,22,56,0,78,2,27,63,0,92,20,0,20,112
05/15/2020,BLI,WA,ANM,WE,Federal Contract Tower,0,5,10,0,15,0,15,90,0,105,0,20,100,0,120,34,0,34,154
05/16/2020,BLI,WA,ANM,WE,Federal Contract Tower,2,3,8,0,13,0,7,20,1,28,2,10,28,1,41,10,0,10,51
05/17/2020,BLI,WA,ANM,WE,Federal Contract Tower,0,2,9,0,11,0,8,29,0,37,0,10,38,0,48,38,0,38,86
05/18/2020,BLI,WA,ANM,WE,Federal Contract Tower,2,7,13,0,22,0,30,60,0,90,2,37,73,0,112,20,0,20,132
05/19/2020,BLI,WA,ANM,WE,Federal Contract Tower,2,8,17,2,29,0,31,49,0,80,2,39,66,2,109,44,12,56,165
05/20/2020,BLI,WA,ANM,WE,Federal Contract Tower,2,8,9,0,19,0,22,21,0,43,2,30,30,0,62,28,0,28,90
05/21/2020,BLI,WA,ANM,WE,Federal Contract Tower,0,9,17,0,26,0,32,46,0,78,0,41,63,0,104,70,0,70,174
05/22/2020,BLI,WA,ANM,WE,Federal Contract Tower,2,7,13,0,22,0,33,43,0,76,2,40,56,0,98,26,0,26,124
05/23/2020,BLI,WA,ANM,WE,Federal Contract Tower,2,4,13,2,21,0,8,62,0,70,2,12,75,2,91,26,16,42,133
05/24/2020,BLI,WA,ANM,WE,Federal Contract Tower,2,1,7,1,11,0,6,54,0,60,2,7,61,1,71,44,0,44,115
05/25/2020,BLI,WA,ANM,WE,Federal Contract Tower,2,9,16,0,27,0,2,7,0,9,2,11,23,0,36,0,0,0,36
05/26/2020,BLI,WA,ANM,WE,Federal Contract Tower,2,8,12,0,22,0,35,65,0,100,2,43,77,0,122,44,0,44,166
05/27/2020,BLI,WA,ANM,WE,Federal Contract Tower,2,11,8,0,21,0,35,104,0,139,2,46,112,0,160,134,0,134,294
05/28/2020,BLI,WA,ANM,WE,Federal Contract Tower,6,12,16,0,34,0,44,87,2,133,6,56,103,2,167,99,8,107,274
05/29/2020,BLI,WA,ANM,WE,Federal Contract Tower,2,7,15,0,24,0,25,110,4,139,2,32,125,4,163,90,0,90,253
05/30/2020,BLI,WA,ANM,WE,Federal Contract Tower,2,10,11,0,23,0,3,14,0,17,2,13,25,0,40,0,0,0,40
05/31/2020,BLI,WA,ANM,WE,Federal Contract Tower,2,2,22,0,26,0,15,27,0,42,2,17,49,0,68,20,0,20,88
06/01/2020,BLI,WA,ANM,WE,Federal Contract Tower,2,12,8,0,22,0,35,67,0,102,2,47,75,0,124,44,0,44,168
06/02/2020,BLI,WA,ANM,WE,Federal Contract Tower,3,8,13,2,26,0,28,37,0,65,3,36,50,2,91,32,0,32,123
06/03/2020,BLI,WA,ANM,WE,Federal Contract Tower,2,10,14,2,28,0,18,87,0,105,2,28,101,2,133,66,0,66,199
06/04/2020,BLI,WA,ANM,WE,Federal Contract Tower,7,11,7,0,25,2,35,76,0,113,9,46,83,0,138,68,0,68,206
06/05/2020,BLI,WA,ANM,WE,Federal Contract Tower,11,6,24,0,41,0,24,73,0,97,11,30,97,0,138,74,0,74,212
06/06/2020,BLI,WA,ANM,WE,Federal Contract Tower,3,6,12,0,21,0,4,41,0,45,3,10,53,0,66,8,0,8,74
06/07/2020,BLI,WA,ANM,WE,Federal Contract Tower,6,1,7,0,14,0,6,61,0,67,6,7,68,0,81,58,0,58,139
06/08/2020,BLI,WA,ANM,WE,Federal Contract Tower,11,10,14,0,35,0,29,53,2,84,11,39,67,2,119,42,0,42,161
06/09/2020,BLI,WA,ANM,WE,Federal Contract Tower,2,8,16,0,26,0,22,14,0,36,2,30,30,0,62,0,0,0,62
06/10/2020,BLI,WA,ANM,WE,Federal Contract Tower,2,14,12,0,28,0,24,52,0,76,2,38,64,0,104,84,0,84,188
06/11/2020,BLI,WA,ANM,WE,Federal Contract Tower,6,6,9,0,21,0,14,56,0,70,6,20,65,0,91,22,0,22,113
06/12/2020,BLI,WA,ANM,WE,Federal Contract Tower,9,7,23,0,39,0,27,21,0,48,9,34,44,0,87,2,0,2,89
06/13/2020,BLI,WA,ANM,WE,Federal Contract Tower,6,5,11,0,22,0,16,41,0,57,6,21,52,0,79,14,0,14,93
06/14/2020,BLI,WA,ANM,WE,Federal Contract Tower,6,1,12,0,19,0,21,51,0,72,6,22,63,0,91,52,0,52,143
06/15/2020,BLI,WA,ANM,WE,Federal Contract Tower,9,11,13,0,33,0,30,10,0,40,9,41,23,0,73,4,0,4,77
06/16/2020,BLI,WA,ANM,WE,Federal Contract Tower,2,8,11,0,21,0,33,74,0,107,2,41,85,0,128,54,0,54,182
06/17/2020,BLI,WA,ANM,WE,Federal Contract Tower,2,7,20,0,29,0,26,101,0,127,2,33,121,0,156,82,0,82,238
06/18/2020,BLI,WA,ANM,WE,Federal Contract Tower,7,12,16,1,36,0,48,122,1,171,7,60,138,2,207,24,0,24,231
06/19/2020,BLI,WA,ANM,WE,Federal Contract Tower,11,6,17,0,34,0,44,99,2,145,11,50,116,2,179,70,0,70,249
06/20/2020,BLI,WA,ANM,WE,Federal Contract Tower,8,5,17,0,30,0,15,15,0,30,8,20,32,0,60,0,0,0,60
06/21/2020,BLI,WA,ANM,WE,Federal Contract Tower,4,3,12,0,19,0,18,55,0,73,4,21,67,0,92,8,0,8,100
06/22/2020,BLI,WA,ANM,WE,Federal Contract Tower,11,9,39,0,59,0,46,102,2,150,11,55,141,2,209,36,0,36,245
06/23/2020,BLI,WA,ANM,WE,Federal Contract Tower,4,8,16,4,32,0,33,106,0,139,4,41,122,4,171,64,0,64,235
06/24/2020,BLI,WA,ANM,WE,Federal Contract Tower,3,5,10,0,18,0,28,74,0,102,3,33,84,0,120,32,0,32,152
06/25/2020,BLI,WA,ANM,WE,Federal Contract Tower,6,16,16,3,41,0,31,102,3,136,6,47,118,6,177,34,0,34,211
06/26/2020,BLI,WA,ANM,WE,Federal Contract Tower,11,6,20,0,37,0,32,77,0,109,11,38,97,0,146,16,0,16,162
06/27/2020,BLI,WA,ANM,WE,Federal Contract Tower,12,6,16,0,34,0,27,43,0,70,12,33,59,0,104,2,0,2,106
06/28/2020,BLI,WA,ANM,WE,Federal Contract Tower,6,4,11,0,21,0,8,72,0,80,6,12,83,0,101,70,0,70,171
06/29/2020,BLI,WA,ANM,WE,Federal Contract Tower,11,8,21,0,40,0,31,77,0,108,11,39,98,0,148,46,0,46,194
06/30/2020,BLI,WA,ANM,WE,Federal Contract Tower,1,10,14,0,25,0,30,29,0,59,1,40,43,0,84,22,0,22,106
07/01/2020,BLI,WA,ANM,WE,Federal Contract Tower,5,9,24,4,42,0,30,20,0,50,5,39,44,4,92,18,0,18,110
07/02/2020,BLI,WA,ANM,WE,Federal Contract Tower,6,8,29,3,46,0,40,45,3,88,6,48,74,6,134,84,0,84,218
07/03/2020,BLI,WA,ANM,WE,Federal Contract Tower,11,10,18,0,39,0,32,25,0,57,11,42,43,0,96,40,0,40,136
07/04/2020,BLI,WA,ANM,WE,Federal Contract Tower,6,3,15,0,24,0,12,62,0,74,6,15,77,0,98,58,0,58,156
07/05/2020,BLI,WA,ANM,WE,Federal Contract Tower,7,4,19,0,30,0,34,126,0,160,7,38,145,0,190,34,0,34,224
07/06/2020,BLI,WA,ANM,WE,Federal Contract Tower,9,5,18,1,33,0,28,86,2,116,9,33,104,3,149,48,0,48,197
07/07/2020,BLI,WA,ANM,WE,Federal Contract Tower,4,7,22,0,33,0,37,59,0,96,4,44,81,0,129,40,0,40,169
07/08/2020,BLI,WA,ANM,WE,Federal Contract Tower,4,7,22,1,34,0,33,90,4,127,4,40,112,5,161,58,4,62,223
07/09/2020,BLI,WA,ANM,WE,Federal Contract Tower,7,12,23,0,42,0,23,40,0,63,7,35,63,0,105,20,0,20,125
07/10/2020,BLI,WA,ANM,WE,Federal Contract Tower,11,6,24,0,41,0,32,92,4,128,11,38,116,4,169,24,0,24,193
07/11/2020,BLI,WA,ANM,WE,Federal Contract Tower,6,3,16,0,25,0,17,62,4,83,6,20,78,4,108,16,4,20,128
07/12/2020,BLI,WA,ANM,WE,Federal Contract Tower,6,0,22,0,28,0,21,71,0,92,6,21,93,0,120,92,0,92,212
07/13/2020,BLI,WA,ANM,WE,Federal Contract Tower,10,5,13,0,28,0,30,79,0,109,10,35,92,0,137,52,0,52,189
07/14/2020,BLI,WA,ANM,WE,Federal Contract Tower,4,8,19,2,33,0,27,108,0,135,4,35,127,2,168,134,0,134,302
07/15/2020,BLI,WA,ANM,WE,Federal Contract Tower,6,8,18,2,34,0,28,104,2,134,6,36,122,4,168,50,0,50,218
07/16/2020,BLI,WA,ANM,WE,Federal Contract Tower,8,17,23,2,50,0,22,52,2,76,8,39,75,4,126,90,0,90,216
07/17/2020,BLI,WA,ANM,WE,Federal Contract Tower,10,6,14,0,30,0,25,79,1,105,10,31,93,1,135,118,0,118,253
07/18/2020,BLI,WA,ANM,WE,Federal Contract Tower,7,10,12,0,29,0,5,96,4,105,7,15,108,4,134,34,0,34,168
07/19/2020,BLI,WA,ANM,WE,Federal Contract Tower,8,1,21,0,30,0,24,88,2,114,8,25,109,2,144,58,0,58,202
07/20/2020,BLI,WA,ANM,WE,Federal Contract Tower,14,10,20,0,44,0,35,122,3,160,14,45,142,3,204,86,6,92,296
07/21/2020,BLI,WA,ANM,WE,Federal Contract Tower,8,7,17,0,32,0,37,73,4,114,8,44,90,4,146,44,0,44,190
07/22/2020,BLI,WA,ANM,WE,Federal Contract Tower,4,13,21,4,42,0,40,93,1,134,4,53,114,5,176,36,0,36,212
07/23/2020,BLI,WA,ANM,WE,Federal Contract Tower,8,8,17,0,33,0,48,51,0,99,8,56,68,0,132,30,0,30,162
07/24/2020,BLI,WA,ANM,WE,Federal Contract Tower,12,13,15,0,40,0,34,58,0,92,12,47,73,0,132,18,0,18,150
07/25/2020,BLI,WA,ANM,WE,Federal Contract Tower,4,6,12,0,22,0,26,108,2,136,4,32,120,2,158,34,0,34,192
07/26/2020,BLI,WA,ANM,WE,Federal Contract Tower,8,3,13,0,24,0,34,130,0,164,8,37,143,0,188,64,0,64,252
07/27/2020,BLI,WA,ANM,WE,Federal Contract Tower,12,9,16,0,37,0,33,71,4,108,12,42,87,4,145,78,28,106,251
07/28/2020,BLI,WA,ANM,WE,Federal Contract Tower,6,5,9,1,21,0,42,94,1,137,6,47,103,2,158,8,0,8,166
07/29/2020,BLI,WA,ANM,WE,Federal Contract Tower,6,11,13,0,30,0,37,122,7,166,6,48,135,7,196,62,12,74,270
07/30/2020,BLI,WA,ANM,WE,Federal Contract Tower,8,11,24,1,44,0,32,90,7,129,8,43,114,8,173,66,0,66,239
07/31/2020,BLI,WA,ANM,WE,Federal Contract Tower,10,7,14,0,31,0,36,62,8,106,10,43,76,8,137,14,20,34,171
08/01/2020,BLI,WA,ANM,WE,Federal Contract Tower,3,7,8,0,18,0,18,91,0,109,3,25,99,0,127,66,0,66,193
08/02/2020,BLI,WA,ANM,WE,Federal Contract Tower,7,3,9,0,19,0,14,111,0,125,7,17,120,0,144,32,0,32,176
08/03/2020,BLI,WA,ANM,WE,Federal Contract Tower,11,12,21,2,46,0,32,74,0,106,11,44,95,2,152,44,0,44,196
08/04/2020,BLI,WA,ANM,WE,Federal Contract Tower,4,10,20,1,35,0,31,91,1,123,4,41,111,2,158,72,0,72,230
08/05/2020,BLI,WA,ANM,WE,Federal Contract Tower,8,5,26,3,42,0,47,102,1,150,8,52,128,4,192,28,0,28,220
08/06/2020,BLI,WA,ANM,WE,Federal Contract Tower,6,10,27,0,43,0,37,49,0,86,6,47,76,0,129,32,0,32,161
08/07/2020,BLI,WA,ANM,WE,Federal Contract Tower,11,6,15,1,33,0,34,68,1,103,11,40,83,2,136,34,0,34,170
08/08/2020,BLI,WA,ANM,WE,Federal Contract Tower,9,6,16,0,31,0,13,57,0,70,9,19,73,0,101,14,0,14,115
08/09/2020,BLI,WA,ANM,WE,Federal Contract Tower,6,1,10,0,17,0,28,111,0,139,6,29,121,0,156,82,0,82,238
08/10/2020,BLI,WA,ANM,WE,Federal Contract Tower,12,10,20,0,42,0,37,99,0,136,12,47,119,0,178,94,0,94,272
08/11/2020,BLI,WA,ANM,WE,Federal Contract Tower,5,15,14,1,35,0,34,75,3,112,5,49,89,4,147,60,0,60,207
08/12/2020,BLI,WA,ANM,WE,Federal Contract Tower,5,12,34,0,51,0,49,115,0,164,5,61,149,0,215,68,0,68,283
08/13/2020,BLI,WA,ANM,WE,Federal Contract Tower,6,8,23,2,39,0,39,136,0,175,6,47,159,2,214,64,0,64,278
08/14/2020,BLI,WA,ANM,WE,Federal Contract Tower,9,9,10,0,28,0,34,97,2,133,9,43,107,2,161,50,2,52,213
08/15/2020,BLI,WA,ANM,WE,Federal Contract Tower,3,7,10,0,20,0,22,95,0,117,3,29,105,0,137,28,0,28,165
08/16/2020,BLI,WA,ANM,WE,Federal Contract Tower,6,3,14,0,23,0,23,94,1,118,6,26,108,1,141,32,2,34,175
08/17/2020,BLI,WA,ANM,WE,Federal Contract Tower,11,8,11,1,31,0,38,84,1,123,11,46,95,2,154,78,0,78,232
08/18/2020,BLI,WA,ANM,WE,Federal Contract Tower,3,12,27,2,44,0,33,135,2,170,3,45,162,4,214,68,0,68,282
08/19/2020,BLI,WA,ANM,WE,Federal Contract Tower,2,8,24,2,36,0,27,114,9,150,2,35,138,11,186,52,0,52,238
08/20/2020,BLI,WA,ANM,WE,Federal Contract Tower,11,13,24,0,48,0,48,60,0,108,11,61,84,0,156,40,0,40,196
08/21/2020,BLI,WA,ANM,WE,Federal Contract Tower,7,15,17,0,39,0,29,35,0,64,7,44,52,0,103,12,0,12,115
08/22/2020,BLI,WA,ANM,WE,Federal Contract Tower,3,12,10,0,25,0,12,114,2,128,3,24,124,2,153,44,6,50,203
08/23/2020,BLI,WA,ANM,WE,Federal Contract Tower,13,4,13,0,30,0,26,79,0,105,13,30,92,0,135,30,0,30,165
08/24/2020,BLI,WA,ANM,WE,Federal Contract Tower,7,10,29,0,46,0,44,93,2,139,7,54,122,2,185,36,0,36,221
08/25/2020,BLI,WA,ANM,WE,Federal Contract Tower,3,10,23,1,37,0,30,91,1,122,3,40,114,2,159,82,0,82,241
08/26/2020,BLI,WA,ANM,WE,Federal Contract Tower,5,10,23,0,38,0,21,120,7,148,5,31,143,7,186,40,0,40,226
08/27/2020,BLI,WA,ANM,WE,Federal Contract Tower,11,13,17,4,45,0,35,120,4,159,11,48,137,8,204,28,6,34,238
08/28/2020,BLI,WA,ANM,WE,Federal Contract Tower,5,10,28,0,43,0,27,99,0,126,5,37,127,0,169,34,0,34,203
08/29/2020,BLI,WA,ANM,WE,Federal Contract Tower,3,3,14,0,20,0,28,82,0,110,3,31,96,0,130,50,0,50,180
08/30/2020,BLI,WA,ANM,WE,Federal Contract Tower,11,1,13,0,25,0,17,123,0,140,11,18,136,0,165,74,0,74,239
08/31/2020,BLI,WA,ANM,WE,Federal Contract Tower,6,7,12,1,26,0,27,71,1,99,6,34,83,2,125,80,0,80,205
09/01/2020,BLI,WA,ANM,WE,Federal Contract Tower,2,9,23,0,34,0,36,78,2,116,2,45,101,2,150,54,0,54,204
09/02/2020,BLI,WA,ANM,WE,Federal Contract Tower,2,6,20,0,28,0,25,129,0,154,2,31,149,0,182,74,0,74,256
09/03/2020,BLI,WA,ANM,WE,Federal Contract Tower,11,6,21,0,38,0,39,113,0,152,11,45,134,0,190,28,0,28,218
09/04/2020,BLI,WA,ANM,WE,Federal Contract Tower,9,10,12,0,31,0,52,93,0,145,9,62,105,0,176,70,0,70,246
09/05/2020,BLI,WA,ANM,WE,Federal Contract Tower,2,7,13,1,23,0,22,54,3,79,2,29,67,4,102,50,6,56,158
09/06/2020,BLI,WA,ANM,WE,Federal Contract Tower,10,8,10,0,28,0,19,75,0,94,10,27,85,0,122,52,8,60,182
09/07/2020,BLI,WA,ANM,WE,Federal Contract Tower,10,0,3,0,13,0,32,21,0,53,10,32,24,0,66,0,0,0,66
09/08/2020,BLI,WA,ANM,WE,Federal Contract Tower,2,4,25,1,32,0,34,80,5,119,2,38,105,6,151,90,0,90,241
09/09/2020,BLI,WA,ANM,WE,Federal Contract Tower,2,8,22,0,32,0,36,92,0,128,2,44,114,0,160,66,0,66,226
09/10/2020,BLI,WA,ANM,WE,Federal Contract Tower,10,7,20,2,39,0,18,102,0,120,10,25,122,2,159,86,0,86,245
09/11/2020,BLI,WA,ANM,WE,Federal Contract Tower,4,22,18,0,44,0,5,10,0,15,4,27,28,0,59,0,0,0,59
09/12/2020,BLI,WA,ANM,WE,Federal Contract Tower,2,9,12,0,23,0,0,0,0,0,2,9,12,0,23,0,0,0,23
09/13/2020,BLI,WA,ANM,WE,Federal Contract Tower,10,1,18,0,29,0,0,0,0,0,10,1,18,0,29,0,0,0,29
09/14/2020,BLI,WA,ANM,WE,Federal Contract Tower,4,11,6,0,21,0,0,0,0,0,4,11,6,0,21,0,0,0,21
09/16/2020,BLI,WA,ANM,WE,Federal Contract Tower,2,13,10,0,25,0,0,0,0,0,2,13,10,0,25,0,0,0,25
09/17/2020,BLI,WA,ANM,WE,Federal Contract Tower,12,24,12,0,48,0,0,0,0,0,12,24,12,0,48,0,0,0,48
09/18/2020,BLI,WA,ANM,WE,Federal Contract Tower,4,8,3,0,15,0,0,2,0,2,4,8,5,0,17,0,0,0,17
09/19/2020,BLI,WA,ANM,WE,Federal Contract Tower,3,3,14,0,20,0,11,54,1,66,3,14,68,1,86,72,10,82,168
09/20/2020,BLI,WA,ANM,WE,Federal Contract Tower,12,0,15,2,29,0,16,90,2,108,12,16,105,4,137,44,10,54,191
09/21/2020,BLI,WA,ANM,WE,Federal Contract Tower,4,6,29,0,39,0,35,85,0,120,4,41,114,0,159,80,0,80,239
09/22/2020,BLI,WA,ANM,WE,Federal Contract Tower,2,8,22,0,32,0,26,133,4,163,2,34,155,4,195,118,14,132,327
09/23/2020,BLI,WA,ANM,WE,Federal Contract Tower,3,10,13,0,26,0,12,8,0,20,3,22,21,0,46,0,0,0,46
09/24/2020,BLI,WA,ANM,WE,Federal Contract Tower,13,8,13,0,34,0,18,24,2,44,13,26,37,2,78,20,0,20,98
09/25/2020,BLI,WA,ANM,WE,Federal Contract Tower,7,5,5,2,19,0,21,13,0,34,7,26,18,2,53,8,0,8,61
09/26/2020,BLI,WA,ANM,WE,Federal Contract Tower,2,6,15,0,23,0,16,11,0,27,2,22,26,0,50,12,0,12,62
09/27/2020,BLI,WA,ANM,WE,Federal Contract Tower,12,0,11,0,23,0,18,103,0,121,12,18,114,0,144,42,0,42,186
09/28/2020,BLI,WA,ANM,WE,Federal Contract Tower,4,7,16,0,27,0,45,90,0,135,4,52,106,0,162,80,0,80,242
09/29/2020,BLI,WA,ANM,WE,Federal Contract Tower,2,12,19,2,35,0,37,123,2,162,2,49,142,4,197,110,0,110,307
09/30/2020,BLI,WA,ANM,WE,Federal Contract Tower,3,10,17,0,30,0,19,120,0,139,3,29,137,0,169,70,0,70,239
10/01/2020,BLI,WA,ANM,WE,Federal Contract Tower,8,5,21,2,36,0,26,80,4,110,8,31,101,6,146,64,16,80,226
10/02/2020,BLI,WA,ANM,WE,Federal Contract Tower,3,3,17,0,23,0,18,79,0,97,3,21,96,0,120,68,18,86,206
10/03/2020,BLI,WA,ANM,WE,Federal Contract Tower,2,4,1,0,7,0,0,0,0,0,2,4,1,0,7,0,0,0,7
10/04/2020,BLI,WA,ANM,WE,Federal Contract Tower,10,2,17,0,29,0,11,21,0,32,10,13,38,0,61,28,0,28,89
10/05/2020,BLI,WA,ANM,WE,Federal Contract Tower,4,9,21,0,34,0,18,69,1,88,4,27,90,1,122,92,6,98,220
10/06/2020,BLI,WA,ANM,WE,Federal Contract Tower,2,12,14,0,28,0,21,74,0,95,2,33,88,0,123,98,0,98,221
10/07/2020,BLI,WA,ANM,WE,Federal Contract Tower,3,6,4,0,13,0,0,0,0,0,3,6,4,0,13,0,0,0,13
10/08/2020,BLI,WA,ANM,WE,Federal Contract Tower,13,19,10,1,43,0,27,59,2,88,13,46,69,3,131,44,0,44,175
10/09/2020,BLI,WA,ANM,WE,Federal Contract Tower,4,10,23,0,37,0,42,46,0,88,4,52,69,0,125,44,0,44,169
10/10/2020,BLI,WA,ANM,WE,Federal Contract Tower,2,4,11,0,17,0,27,20,0,47,2,31,31,0,64,37,0,37,101
10/11/2020,BLI,WA,ANM,WE,Federal Contract Tower,6,5,9,0,20,0,5,7,0,12,6,10,16,0,32,24,0,24,56
10/12/2020,BLI,WA,ANM,WE,Federal Contract Tower,4,6,18,0,28,0,27,79,0,106,4,33,97,0,134,100,0,100,234
10/13/2020,BLI,WA,ANM,WE,Federal Contract Tower,2,9,9,0,20,0,22,9,5,36,2,31,18,5,56,4,0,4,60
10/14/2020,BLI,WA,ANM,WE,Federal Contract Tower,4,7,22,0,33,0,25,108,0,133,4,32,130,0,166,98,0,98,264
10/15/2020,BLI,WA,ANM,WE,Federal Contract Tower,8,8,35,0,51,0,54,177,0,231,8,62,212,0,282,140,0,140,422
10/16/2020,BLI,WA,ANM,WE,Federal Contract Tower,4,12,10,0,26,0,25,12,0,37,4,37,22,0,63,0,0,0,63
10/17/2020,BLI,WA,ANM,WE,Federal Contract Tower,2,7,20,0,29,0,13,48,0,61,2,20,68,0,90,56,0,56,146
10/18/2020,BLI,WA,ANM,WE,Federal Contract Tower,8,7,10,0,25,0,0,0,0,0,8,7,10,0,25,0,0,0,25
10/19/2020,BLI,WA,ANM,WE,Federal Contract Tower,4,9,19,0,32,0,36,54,0,90,4,45,73,0,122,82,0,82,204
10/20/2020,BLI,WA,ANM,WE,Federal Contract Tower,1,7,14,0,22,0,33,78,2,113,1,40,92,2,135,92,48,140,275
10/21/2020,BLI,WA,ANM,WE,Federal Contract Tower,2,9,27,0,38,0,23,103,2,128,2,32,130,2,166,54,0,54,220
10/22/2020,BLI,WA,ANM,WE,Federal Contract Tower,8,7,17,1,33,0,41,89,3,133,8,48,106,4,166,102,0,102,268
10/23/2020,BLI,WA,ANM,WE,Federal Contract Tower,3,16,7,0,26,0,9,8,0,17,3,25,15,0,43,0,0,0,43
10/24/2020,BLI,WA,ANM,WE,Federal Contract Tower,2,5,7,0,14,0,8,7,0,15,2,13,14,0,29,0,0,0,29
10/25/2020,BLI,WA,ANM,WE,Federal Contract Tower,8,0,12,0,20,0,7,119,5,131,8,7,131,5,151,68,6,74,225
10/26/2020,BLI,WA,ANM,WE,Federal Contract Tower,4,6,12,0,22,0,15,72,0,87,4,21,84,0,109,56,0,56,165
10/27/2020,BLI,WA,ANM,WE,Federal Contract Tower,2,9,19,0,30,0,28,62,0,90,2,37,81,0,120,54,0,54,174
10/28/2020,BLI,WA,ANM,WE,Federal Contract Tower,4,6,29,2,41,0,22,52,0,74,4,28,81,2,115,16,0,16,131
10/29/2020,BLI,WA,ANM,WE,Federal Contract Tower,8,9,26,2,45,0,30,62,0,92,8,39,88,2,137,124,2,126,263
10/30/2020,BLI,WA,ANM,WE,Federal Contract Tower,4,11,12,0,27,0,27,51,0,78,4,38,63,0,105,12,0,12,117
10/31/2020,BLI,WA,ANM,WE,Federal Contract Tower,2,8,18,0,28,0,7,121,0,128,2,15,139,0,156,66,0,66,222
11/01/2020,BLI,WA,ANM,WE,Federal Contract Tower,8,8,10,0,26,0,18,138,4,160,8,26,148,4,186,128,4,132,318
11/02/2020,BLI,WA,ANM,WE,Federal Contract Tower,3,11,15,0,29,0,30,74,0,104,3,41,89,0,133,116,0,116,249
11/03/2020,BLI,WA,ANM,WE,Federal Contract Tower,3,14,14,0,31,0,13,7,0,20,3,27,21,0,51,0,0,0,51
11/04/2020,BLI,WA,ANM,WE,Federal Contract Tower,2,9,11,0,22,0,26,11,0,37,2,35,22,0,59,0,0,0,59
11/05/2020,BLI,WA,ANM,WE,Federal Contract Tower,7,7,6,0,20,0,22,47,2,71,7,29,53,2,91,62,0,62,153
11/06/2020,BLI,WA,ANM,WE,Federal Contract Tower,4,11,14,0,29,0,35,82,4,121,4,46,96,4,150,80,0,80,230
11/07/2020,BLI,WA,ANM,WE,Federal Contract Tower,2,3,10,1,16,0,12,56,0,68,2,15,66,1,84,68,0,68,152
11/08/2020,BLI,WA,ANM,WE,Federal Contract Tower,8,4,8,0,20,0,11,20,2,33,8,15,28,2,53,8,2,10,63
11/09/2020,BLI,WA,ANM,WE,Federal Contract Tower,4,8,10,2,24,0,23,40,0,63,4,31,50,2,87,18,20,38,125
11/10/2020,BLI,WA,ANM,WE,Federal Contract Tower,2,5,4,0,11,0,21,23,0,44,2,26,27,0,55,20,0,20,75
11/11/2020,BLI,WA,ANM,WE,Federal Contract Tower,4,5,5,0,14,0,24,60,0,84,4,29,65,0,98,38,0,38,136
11/12/2020,BLI,WA,ANM,WE,Federal Contract Tower,10,10,7,0,27,0,25,21,2,48,10,35,28,2,75,12,10,22,97
11/13/2020,BLI,WA,ANM,WE,Federal Contract Tower,4,6,3,0,13,0,19,6,0,25,4,25,9,0,38,14,0,14,52
11/14/2020,BLI,WA,ANM,WE,Federal Contract Tower,2,4,8,1,15,0,18,28,0,46,2,22,36,1,61,32,0,32,93
11/15/2020,BLI,WA,ANM,WE,Federal Contract Tower,10,5,6,1,22,0,8,17,0,25,10,13,23,1,47,20,0,20,67
11/16/2020,BLI,WA,ANM,WE,Federal Contract Tower,4,10,9,0,23,0,17,13,0,30,4,27,22,0,53,44,0,44,97
11/17/2020,BLI,WA,ANM,WE,Federal Contract Tower,2,10,2,0,14,0,14,11,0,25,2,24,13,0,39,18,0,18,57
11/18/2020,BLI,WA,ANM,WE,Federal Contract Tower,2,5,9,8,24,0,22,10,0,32,2,27,19,8,56,14,0,14,70
11/19/2020,BLI,WA,ANM,WE,Federal Contract Tower,12,7,7,2,28,0,28,42,0,70,12,35,49,2,98,92,0,92,190
11/20/2020,BLI,WA,ANM,WE,Federal Contract Tower,4,6,9,0,19,0,23,27,0,50,4,29,36,0,69,58,0,58,127
11/21/2020,BLI,WA,ANM,WE,Federal Contract Tower,2,5,26,0,33,0,6,128,4,138,2,11,154,4,171,114,2,116,287
11/22/2020,BLI,WA,ANM,WE,Federal Contract Tower,13,0,10,0,23,0,17,28,0,45,13,17,38,0,68,92,0,92,160
11/23/2020,BLI,WA,ANM,WE,Federal Contract Tower,4,10,15,2,31,0,22,20,1,43,4,32,35,3,74,64,6,70,144
11/24/2020,BLI,WA,ANM,WE,Federal Contract Tower,11,16,3,0,30,0,22,1,0,23,11,38,4,0,53,0,0,0,53
11/25/2020,BLI,WA,ANM,WE,Federal Contract Tower,6,6,2,0,14,0,20,13,0,33,6,26,15,0,47,28,12,40,87
11/26/2020,BLI,WA,ANM,WE,Federal Contract Tower,4,0,0,0,4,0,3,14,0,17,4,3,14,0,21,42,0,42,63
11/27/2020,BLI,WA,ANM,WE,Federal Contract Tower,4,4,7,0,15,0,11,34,0,45,4,15,41,0,60,46,0,46,106
11/28/2020,BLI,WA,ANM,WE,Federal Contract Tower,6,4,13,0,23,0,9,64,2,75,6,13,77,2,98,100,0,100,198
11/29/2020,BLI,WA,ANM,WE,Federal Contract Tower,6,1,6,0,13,0,10,41,0,51,6,11,47,0,64,50,0,50,114
11/30/2020,BLI,WA,ANM,WE,Federal Contract Tower,11,6,9,0,26,0,12,16,0,28,11,18,25,0,54,20,0,20,74
12/01/2020,BLI,WA,ANM,WE,Federal Contract Tower,2,10,11,0,23,0,35,67,2,104,2,45,78,2,127,144,0,144,271
12/02/2020,BLI,WA,ANM,WE,Federal Contract Tower,2,4,13,2,21,0,22,103,2,127,2,26,116,4,148,88,0,88,236
12/03/2020,BLI,WA,ANM,WE,Federal Contract Tower,6,8,10,0,24,0,21,62,0,83,6,29,72,0,107,36,0,36,143
12/04/2020,BLI,WA,ANM,WE,Federal Contract Tower,2,6,14,0,22,0,22,79,2,103,2,28,93,2,125,144,0,144,269
12/05/2020,BLI,WA,ANM,WE,Federal Contract Tower,2,5,17,0,24,0,14,107,0,121,2,19,124,0,145,78,0,78,223
12/06/2020,BLI,WA,ANM,WE,Federal Contract Tower,6,2,12,1,21,0,9,24,2,35,6,11,36,3,56,74,8,82,138
12/07/2020,BLI,WA,ANM,WE,Federal Contract Tower,4,8,7,3,22,0,28,47,0,75,4,36,54,3,97,82,0,82,179
12/08/2020,BLI,WA,ANM,WE,Federal Contract Tower,2,16,17,3,38,0,16,4,0,20,2,32,21,3,58,0,0,0,58
12/09/2020,BLI,WA,ANM,WE,Federal Contract Tower,2,12,6,0,20,0,17,18,0,35,2,29,24,0,55,28,0,28,83
12/10/2020,BLI,WA,ANM,WE,Federal Contract Tower,6,8,20,0,34,0,27,66,0,93,6,35,86,0,127,96,0,96,223
12/11/2020,BLI,WA,ANM,WE,Federal Contract Tower,4,6,0,1,11,0,28,49,1,78,4,34,49,2,89,50,0,50,139
12/12/2020,BLI,WA,ANM,WE,Federal Contract Tower,3,1,9,0,13,0,15,47,0,62,3,16,56,0,75,34,0,34,109
12/13/2020,BLI,WA,ANM,WE,Federal Contract Tower,6,0,7,0,13,0,7,8,0,15,6,7,15,0,28,2,0,2,30
12/14/2020,BLI,WA,ANM,WE,Federal Contract Tower,2,14,4,1,21,0,15,9,1,25,2,29,13,2,46,0,0,0,46
12/15/2020,BLI,WA,ANM,WE,Federal Contract Tower,2,11,6,0,19,0,23,5,0,28,2,34,11,0,47,0,0,0,47
12/16/2020,BLI,WA,ANM,WE,Federal Contract Tower,3,7,9,0,19,0,21,8,0,29,3,28,17,0,48,14,0,14,62
12/17/2020,BLI,WA,ANM,WE,Federal Contract Tower,10,7,7,0,24,0,12,42,0,54,10,19,49,0,78,66,0,66,144
12/18/2020,BLI,WA,ANM,WE,Federal Contract Tower,4,9,0,0,13,0,12,6,2,20,4,21,6,2,33,0,0,0,33
12/19/2020,BLI,WA,ANM,WE,Federal Contract Tower,4,6,7,2,19,0,15,8,0,23,4,21,15,2,42,16,0,16,58
12/20/2020,BLI,WA,ANM,WE,Federal Contract Tower,6,0,14,2,22,0,10,25,0,35,6,10,39,2,57,34,0,34,91
12/21/2020,BLI,WA,ANM,WE,Federal Contract Tower,7,12,12,0,31,0,9,3,0,12,7,21,15,0,43,0,0,0,43
12/22/2020,BLI,WA,ANM,WE,Federal Contract Tower,6,10,14,2,32,0,18,28,0,46,6,28,42,2,78,16,0,16,94
12/23/2020,BLI,WA,ANM,WE,Federal Contract Tower,7,8,16,0,31,0,24,113,1,138,7,32,129,1,169,64,24,88,257
12/24/2020,BLI,WA,ANM,WE,Federal Contract Tower,7,6,2,0,15,0,28,59,0,87,7,34,61,0,102,28,0,28,130
12/25/2020,BLI,WA,ANM,WE,Federal Contract Tower,2,2,2,0,6,0,2,8,0,10,2,4,10,0,16,4,0,4,20
12/26/2020,BLI,WA,ANM,WE,Federal Contract Tower,6,4,5,0,15,0,8,10,0,18,6,12,15,0,33,0,0,0,33
12/27/2020,BLI,WA,ANM,WE,Federal Contract Tower,9,0,6,0,15,0,8,11,0,19,9,8,17,0,34,54,0,54,88
12/28/2020,BLI,WA,ANM,WE,Federal Contract Tower,8,11,16,0,35,0,10,74,0,84,8,21,90,0,119,82,0,82,201
12/29/2020,BLI,WA,ANM,WE,Federal Contract Tower,8,7,9,2,26,0,27,34,0,61,8,34,43,2,87,14,0,14,101
12/30/2020,BLI,WA,ANM,WE,Federal Contract Tower,6,9,5,0,20,0,17,0,0,17,6,26,5,0,37,0,0,0,37
12/31/2020,BLI,WA,ANM,WE,Federal Contract Tower,7,12,11,0,30,0,0,0,0,0,7,12,11,0,30,0,0,0,30
01/01/2021,BLI,WA,ANM,WE,Federal Contract Tower,2,5,3,0,10,0,2,6,0,8,2,7,9,0,18,0,0,0,18
01/02/2021,BLI,WA,ANM,WE,Federal Contract Tower,6,4,3,0,13,0,5,0,0,5,6,9,3,0,18,0,0,0,18
01/03/2021,BLI,WA,ANM,WE,Federal Contract Tower,10,2,7,0,19,0,11,5,0,16,10,13,12,0,35,10,0,10,45
01/04/2021,BLI,WA,ANM,WE,Federal Contract Tower,4,9,4,0,17,0,12,9,0,21,4,21,13,0,38,6,0,6,44
01/05/2021,BLI,WA,ANM,WE,Federal Contract Tower,4,7,7,0,18,0,10,8,0,18,4,17,15,0,36,6,0,6,42
01/06/2021,BLI,WA,ANM,WE,Federal Contract Tower,2,8,12,0,22,0,27,65,0,92,2,35,77,0,114,56,0,56,170
01/07/2021,BLI,WA,ANM,WE,Federal Contract Tower,6,9,28,0,43,0,27,94,2,123,6,36,122,2,166,109,0,109,275
01/08/2021,BLI,WA,ANM,WE,Federal Contract Tower,2,9,4,0,15,0,17,19,0,36,2,26,23,0,51,28,0,28,79
01/09/2021,BLI,WA,ANM,WE,Federal Contract Tower,2,2,9,0,13,0,12,66,0,78,2,14,75,0,91,22,0,22,113
01/10/2021,BLI,WA,ANM,WE,Federal Contract Tower,6,1,17,0,24,0,8,33,2,43,6,9,50,2,67,40,12,52,119
01/11/2021,BLI,WA,ANM,WE,Federal Contract Tower,1,7,3,0,11,0,16,18,0,34,1,23,21,0,45,12,0,12,57
01/12/2021,BLI,WA,ANM,WE,Federal Contract Tower,2,12,11,0,25,0,21,3,0,24,2,33,14,0,49,4,0,4,53
01/13/2021,BLI,WA,ANM,WE,Federal Contract Tower,3,6,12,0,21,0,22,65,0,87,3,28,77,0,108,48,0,48,156
01/14/2021,BLI,WA,ANM,WE,Federal Contract Tower,6,6,21,0,33,0,17,96,2,115,6,23,117,2,148,125,0,125,273
01/15/2021,BLI,WA,ANM,WE,Federal Contract Tower,6,5,11,0,22,0,18,65,0,83,6,23,76,0,105,74,0,74,179
01/16/2021,BLI,WA,ANM,WE,Federal Contract Tower,2,3,14,0,19,0,10,43,1,54,2,13,57,1,73,30,0,30,103
01/17/2021,BLI,WA,ANM,WE,Federal Contract Tower,4,0,3,1,8,0,4,37,0,41,4,4,40,1,49,50,0,50,99
01/18/2021,BLI,WA,ANM,WE,Federal Contract Tower,8,6,21,0,35,0,21,61,2,84,8,27,82,2,119,44,0,44,163
01/19/2021,BLI,WA,ANM,WE,Federal Contract Tower,2,6,7,0,15,0,22,46,1,69,2,28,53,1,84,38,0,38,122
01/20/2021,BLI,WA,ANM,WE,Federal Contract Tower,2,9,11,0,22,0,15,53,0,68,2,24,64,0,90,62,0,62,152
01/21/2021,BLI,WA,ANM,WE,Federal Contract Tower,5,7,8,1,21,0,33,30,5,68,5,40,38,6,89,18,37,55,144
01/22/2021,BLI,WA,ANM,WE,Federal Contract Tower,4,4,12,0,20,0,30,93,0,123,4,34,105,0,143,92,0,92,235
01/23/2021,BLI,WA,ANM,WE,Federal Contract Tower,2,3,14,0,19,0,16,104,0,120,2,19,118,0,139,67,0,67,206
01/24/2021,BLI,WA,ANM,WE,Federal Contract Tower,6,0,3,0,9,0,9,3,0,12,6,9,6,0,21,20,0,20,41
01/25/2021,BLI,WA,ANM,WE,Federal Contract Tower,4,6,5,0,15,0,20,19,0,39,4,26,24,0,54,108,0,108,162
01/26/2021,BLI,WA,ANM,WE,Federal Contract Tower,2,6,12,1,21,0,26,35,1,62,2,32,47,2,83,114,0,114,197
01/27/2021,BLI,WA,ANM,WE,Federal Contract Tower,2,6,8,2,18,0,12,30,0,42,2,18,38,2,60,34,0,34,94
01/28/2021,BLI,WA,ANM,WE,Federal Contract Tower,6,5,7,0,18,0,15,66,0,81,6,20,73,0,99,68,0,68,167
01/29/2021,BLI,WA,ANM,WE,Federal Contract Tower,4,5,6,0,15,0,19,49,0,68,4,24,55,0,83,58,0,58,141
01/30/2021,BLI,WA,ANM,WE,Federal Contract Tower,2,3,1,0,6,0,5,27,0,32,2,8,28,0,38,16,0,16,54
01/31/2021,BLI,WA,ANM,WE,Federal Contract Tower,6,2,0,0,8,0,4,1,0,5,6,6,1,0,13,0,0,0,13
02/01/2021,BLI,WA,ANM,WE,Federal Contract Tower,4,8,6,0,18,0,20,7,0,27,4,28,13,0,45,2,0,2,47
02/02/2021,BLI,WA,ANM,WE,Federal Contract Tower,2,10,7,2,21,0,17,28,0,45,2,27,35,2,66,18,0,18,84
02/03/2021,BLI,WA,ANM,WE,Federal Contract Tower,2,9,10,0,21,0,36,145,0,181,2,45,155,0,202,174,0,174,376
02/04/2021,BLI,WA,ANM,WE,Federal Contract Tower,6,11,6,0,23,0,10,2,0,12,6,21,8,0,35,0,0,0,35
02/05/2021,BLI,WA,ANM,WE,Federal Contract Tower,6,6,18,0,30,0,30,29,0,59,6,36,47,0,89,46,0,46,135
02/06/2021,BLI,WA,ANM,WE,Federal Contract Tower,2,6,3,0,11,0,4,7,0,11,2,10,10,0,22,10,0,10,32
02/07/2021,BLI,WA,ANM,WE,Federal Contract Tower,6,2,2,0,10,0,9,65,2,76,6,11,67,2,86,84,6,90,176
02/08/2021,BLI,WA,ANM,WE,Federal Contract Tower,6,10,10,0,26,0,20,72,2,94,6,30,82,2,120,98,0,98,218
02/09/2021,BLI,WA,ANM,WE,Federal Contract Tower,2,11,13,0,26,0,27,96,1,124,2,38,109,1,150,142,0,142,292
02/10/2021,BLI,WA,ANM,WE,Federal Contract Tower,4,8,10,0,22,0,30,50,0,80,4,38,60,0,102,22,0,22,124
02/11/2021,BLI,WA,ANM,WE,Federal Contract Tower,6,0,0,0,6,0,10,3,0,13,6,10,3,0,19,0,0,0,19
02/12/2021,BLI,WA,ANM,WE,Federal Contract Tower,8,1,3,0,12,0,16,6,0,22,8,17,9,0,34,2,0,2,36
02/13/2021,BLI,WA,ANM,WE,Federal Contract Tower,3,0,1,0,4,0,0,0,0,0,3,0,1,0,4,0,0,0,4
02/14/2021,BLI,WA,ANM,WE,Federal Contract Tower,7,2,0,0,9,0,0,0,0,0,7,2,0,0,9,0,0,0,9
02/15/2021,BLI,WA,ANM,WE,Federal Contract Tower,8,11,7,0,26,0,4,0,0,4,8,15,7,0,30,0,0,0,30
02/16/2021,BLI,WA,ANM,WE,Federal Contract Tower,4,7,22,2,35,0,38,29,0,67,4,45,51,2,102,100,0,100,202
02/17/2021,BLI,WA,ANM,WE,Federal Contract Tower,6,6,19,1,32,0,17,70,4,91,6,23,89,5,123,134,6,140,263
02/18/2021,BLI,WA,ANM,WE,Federal Contract Tower,8,7,5,0,20,0,21,32,0,53,8,28,37,0,73,42,0,42,115
02/19/2021,BLI,WA,ANM,WE,Federal Contract Tower,8,5,10,0,23,0,9,44,0,53,8,14,54,0,76,68,0,68,144
02/20/2021,BLI,WA,ANM,WE,Federal Contract Tower,6,5,14,0,25,0,13,47,0,60,6,18,61,0,85,62,0,62,147
02/22/2021,BLI,WA,ANM,WE,Federal Contract Tower,8,6,9,0,23,0,15,18,0,33,8,21,27,0,56,76,0,76,132
02/23/2021,BLI,WA,ANM,WE,Federal Contract Tower,4,8,9,2,23,0,20,52,2,74,4,28,61,4,97,70,0,70,167
02/24/2021,BLI,WA,ANM,WE,Federal Contract Tower,6,5,12,1,24,0,37,114,2,153,6,42,126,3,177,148,0,148,325
02/25/2021,BLI,WA,ANM,WE,Federal Contract Tower,11,7,5,0,23,0,28,11,0,39,11,35,16,0,62,0,0,0,62
02/26/2021,BLI,WA,ANM,WE,Federal Contract Tower,8,6,4,0,18,0,18,22,0,40,8,24,26,0,58,0,0,0,58
02/27/2021,BLI,WA,ANM,WE,Federal Contract Tower,6,7,7,0,20,0,7,94,2,103,6,14,101,2,123,130,0,130,253
02/28/2021,BLI,WA,ANM,WE,Federal Contract Tower,11,3,11,0,25,0,3,21,0,24,11,6,32,0,49,84,0,84,133
03/01/2021,BLI,WA,ANM,WE,Federal Contract Tower,8,9,21,1,39,0,46,95,1,142,8,55,116,2,181,116,0,116,297
03/02/2021,BLI,WA,ANM,WE,Federal Contract Tower,4,8,11,0,23,0,47,58,4,109,4,55,69,4,132,70,0,70,202
03/03/2021,BLI,WA,ANM,WE,Federal Contract Tower,7,8,12,2,29,0,28,104,2,134,7,36,116,4,163,150,0,150,313
03/04/2021,BLI,WA,ANM,WE,Federal Contract Tower,12,6,9,3,30,0,43,33,2,78,12,49,42,5,108,12,24,36,144
03/05/2021,BLI,WA,ANM,WE,Federal Contract Tower,9,6,3,0,18,0,29,10,0,39,9,35,13,0,57,0,0,0,57
03/06/2021,BLI,WA,ANM,WE,Federal Contract Tower,8,3,4,0,15,0,16,29,0,45,8,19,33,0,60,30,0,30,90
03/07/2021,BLI,WA,ANM,WE,Federal Contract Tower,11,2,1,0,14,0,4,16,0,20,11,6,17,0,34,0,0,0,34
03/08/2021,BLI,WA,ANM,WE,Federal Contract Tower,8,9,13,0,30,0,36,89,2,127,8,45,102,2,157,58,0,58,215
03/09/2021,BLI,WA,ANM,WE,Federal Contract Tower,6,6,13,0,25,0,50,73,2,125,6,56,86,2,150,92,0,92,242
03/10/2021,BLI,WA,ANM,WE,Federal Contract Tower,8,6,17,0,31,0,29,84,0,113,8,35,101,0,144,92,0,92,236
03/11/2021,BLI,WA,ANM,WE,Federal Contract Tower,11,10,14,2,37,0,30,110,3,143,11,40,124,5,180,164,20,184,364
03/12/2021,BLI,WA,ANM,WE,Federal Contract Tower,11,5,16,4,36,0,33,108,0,141,11,38,124,4,177,136,14,150,327
03/13/2021,BLI,WA,ANM,WE,Federal Contract Tower,9,2,10,0,21,0,13,89,0,102,9,15,99,0,123,104,0,104,227
03/14/2021,BLI,WA,ANM,WE,Federal Contract Tower,11,0,6,0,17,0,0,12,0,12,11,0,18,0,29,0,0,0,29
03/15/2021,BLI,WA,ANM,WE,Federal Contract Tower,8,5,10,3,26,0,20,90,1,111,8,25,100,4,137,142,0,142,279
03/16/2021,BLI,WA,ANM,WE,Federal Contract Tower,6,8,13,1,28,33,123,1,0,157,39,131,14,1,185,68,0,68,253
03/17/2021,BLI,WA,ANM,WE,Federal Contract Tower,8,9,22,0,39,0,27,76,2,105,8,36,98,2,144,164,2,166,310
03/18/2021,BLI,WA,ANM,WE,Federal Contract Tower,13,9,11,1,34,0,28,25,3,56,13,37,36,4,90,0,0,0,90
03/19/2021,BLI,WA,ANM,WE,Federal Contract Tower,10,6,9,0,25,0,17,28,0,45,10,23,37,0,70,0,0,0,70
03/20/2021,BLI,WA,ANM,WE,Federal Contract Tower,10,11,8,0,29,0,13,17,0,30,10,24,25,0,59,32,0,32,91
03/21/2021,BLI,WA,ANM,WE,Federal Contract Tower,12,4,5,0,21,0,6,5,0,11,12,10,10,0,32,0,0,0,32
03/22/2021,BLI,WA,ANM,WE,Federal Contract Tower,8,7,4,0,19,0,34,66,0,100,8,41,70,0,119,56,0,56,175
03/23/2021,BLI,WA,ANM,WE,Federal Contract Tower,8,12,7,2,29,0,39,96,5,140,8,51,103,7,169,124,0,124,293
03/24/2021,BLI,WA,ANM,WE,Federal Contract Tower,10,12,17,0,39,0,29,18,0,47,10,41,35,0,86,36,0,36,122
03/25/2021,BLI,WA,ANM,WE,Federal Contract Tower,14,8,7,0,29,0,34,65,0,99,14,42,72,0,128,44,0,44,172
03/26/2021,BLI,WA,ANM,WE,Federal Contract Tower,8,11,23,0,42,0,28,73,0,101,8,39,96,0,143,150,0,150,293
03/27/2021,BLI,WA,ANM,WE,Federal Contract Tower,10,4,16,0,30,0,13,54,0,67,10,17,70,0,97,73,0,73,170
03/28/2021,BLI,WA,ANM,WE,Federal Contract Tower,13,2,4,0,19,0,15,9,0,24,13,17,13,0,43,2,0,2,45
03/29/2021,BLI,WA,ANM,WE,Federal Contract Tower,11,9,20,1,41,0,34,124,3,161,11,43,144,4,202,192,14,206,408
03/30/2021,BLI,WA,ANM,WE,Federal Contract Tower,9,6,27,1,43,0,36,85,7,128,9,42,112,8,171,164,24,188,359
03/31/2021,BLI,WA,ANM,WE,Federal Contract Tower,8,7,18,2,35,0,50,145,4,199,8,57,163,6,234,206,54,260,494
04/01/2021,BLI,WA,ANM,WE,Federal Contract Tower,11,7,17,0,35,0,28,79,0,107,11,35,96,0,142,26,0,26,168
04/02/2021,BLI,WA,ANM,WE,Federal Contract Tower,8,14,12,0,34,0,27,64,0,91,8,41,76,0,125,116,0,116,241
04/03/2021,BLI,WA,ANM,WE,Federal Contract Tower,12,4,6,1,23,0,6,44,1,51,12,10,50,2,74,24,0,24,98
04/04/2021,BLI,WA,ANM,WE,Federal Contract Tower,10,0,13,0,23,0,15,47,0,62,10,15,60,0,85,14,0,14,99
04/05/2021,BLI,WA,ANM,WE,Federal Contract Tower,10,10,10,0,30,0,30,91,0,121,10,40,101,0,151,46,0,46,197
04/06/2021,BLI,WA,ANM,WE,Federal Contract Tower,10,8,15,0,33,0,32,139,0,171,10,40,154,0,204,134,0,134,338
04/07/2021,BLI,WA,ANM,WE,Federal Contract Tower,10,15,11,0,36,0,21,7,0,28,10,36,18,0,64,6,0,6,70
04/08/2021,BLI,WA,ANM,WE,Federal Contract Tower,11,6,9,0,26,0,46,77,3,126,11,52,86,3,152,86,0,86,238
04/09/2021,BLI,WA,ANM,WE,Federal Contract Tower,11,11,3,0,25,0,42,22,0,64,11,53,25,0,89,2,0,2,91
04/10/2021,BLI,WA,ANM,WE,Federal Contract Tower,12,7,6,0,25,0,21,45,0,66,12,28,51,0,91,12,0,12,103
04/11/2021,BLI,WA,ANM,WE,Federal Contract Tower,11,4,9,0,24,0,10,109,0,119,11,14,118,0,143,36,0,36,179
04/12/2021,BLI,WA,ANM,WE,Federal Contract Tower,11,8,7,0,26,0,48,66,2,116,11,56,73,2,142,24,0,24,166
04/13/2021,BLI,WA,ANM,WE,Federal Contract Tower,7,9,4,2,22,0,23,72,2,97,7,32,76,4,119,22,2,24,143
04/14/2021,BLI,WA,ANM,WE,Federal Contract Tower,6,10,13,0,29,0,29,90,4,123,6,39,103,4,152,74,10,84,236
04/15/2021,BLI,WA,ANM,WE,Federal Contract Tower,14,8,29,3,54,0,33,119,2,154,14,41,148,5,208,99,0,99,307
04/16/2021,BLI,WA,ANM,WE,Federal Contract Tower,10,8,14,0,32,0,32,117,0,149,10,40,131,0,181,74,0,74,255
04/17/2021,BLI,WA,ANM,WE,Federal Contract Tower,7,7,9,0,23,0,11,109,0,120,7,18,118,0,143,70,0,70,213
04/18/2021,BLI,WA,ANM,WE,Federal Contract Tower,14,4,11,0,29,0,15,122,0,137,14,19,133,0,166,106,0,106,272
04/19/2021,BLI,WA,ANM,WE,Federal Contract Tower,10,10,9,0,29,0,41,119,0,160,10,51,128,0,189,184,0,184,373
04/20/2021,BLI,WA,ANM,WE,Federal Contract Tower,6,7,16,0,29,0,47,103,4,154,6,54,119,4,183,144,8,152,335
04/21/2021,BLI,WA,ANM,WE,Federal Contract Tower,6,13,10,0,29,0,54,138,0,192,6,67,148,0,221,122,2,124,345
04/22/2021,BLI,WA,ANM,WE,Federal Contract Tower,14,9,12,1,36,0,34,65,4,103,14,43,77,5,139,118,0,118,257
04/23/2021,BLI,WA,ANM,WE,Federal Contract Tower,10,10,24,0,44,0,30,69,0,99,10,40,93,0,143,28,0,28,171
04/24/2021,BLI,WA,ANM,WE,Federal Contract Tower,6,12,6,0,24,0,17,14,0,31,6,29,20,0,55,0,0,0,55
04/25/2021,BLI,WA,ANM,WE,Federal Contract Tower,14,5,13,0,32,0,17,40,0,57,14,22,53,0,89,8,0,8,97
04/26/2021,BLI,WA,ANM,WE,Federal Contract Tower,10,9,17,0,36,0,23,57,4,84,10,32,74,4,120,38,8,46,166
04/27/2021,BLI,WA,ANM,WE,Federal Contract Tower,6,13,18,6,43,0,49,101,0,150,6,62,119,6,193,80,0,80,273
04/28/2021,BLI,WA,ANM,WE,Federal Contract Tower,6,8,18,0,32,0,35,108,0,143,6,43,126,0,175,142,0,142,317
04/29/2021,BLI,WA,ANM,WE,Federal Contract Tower,15,8,15,0,38,0,39,141,0,180,15,47,156,0,218,108,0,108,326
04/30/2021,BLI,WA,ANM,WE,Federal Contract Tower,9,17,11,0,37,0,29,15,0,44,9,46,26,0,81,18,0,18,99
05/01/2021,BLI,WA,ANM,WE,Federal Contract Tower,6,7,16,0,29,0,15,92,0,107,6,22,108,0,136,58,0,58,194
05/02/2021,BLI,WA,ANM,WE,Federal Contract Tower,14,10,11,0,35,0,13,90,0,103,14,23,101,0,138,36,0,36,174
05/03/2021,BLI,WA,ANM,WE,Federal Contract Tower,10,19,17,0,46,0,37,47,4,88,10,56,64,4,134,112,0,112,246
05/04/2021,BLI,WA,ANM,WE,Federal Contract Tower,6,10,16,1,33,0,25,72,1,98,6,35,88,2,131,30,0,30,161
05/05/2021,BLI,WA,ANM,WE,Federal Contract Tower,6,15,17,1,39,0,20,86,4,110,6,35,103,5,149,130,0,130,279
05/06/2021,BLI,WA,ANM,WE,Federal Contract Tower,13,12,29,2,56,0,38,49,0,87,13,50,78,2,143,28,0,28,171
05/07/2021,BLI,WA,ANM,WE,Federal Contract Tower,10,11,16,0,37,0,34,40,0,74,10,45,56,0,111,24,0,24,135
05/08/2021,BLI,WA,ANM,WE,Federal Contract Tower,3,8,5,0,16,0,15,52,0,67,3,23,57,0,83,26,0,26,109
05/09/2021,BLI,WA,ANM,WE,Federal Contract Tower,14,4,13,0,31,0,15,72,2,89,14,19,85,2,120,46,0,46,166
05/10/2021,BLI,WA,ANM,WE,Federal Contract Tower,10,16,18,0,44,0,33,81,2,116,10,49,99,2,160,30,0,30,190
05/11/2021,BLI,WA,ANM,WE,Federal Contract Tower,4,13,16,1,34,0,38,95,1,134,4,51,111,2,168,24,0,24,192
05/12/2021,BLI,WA,ANM,WE,Federal Contract Tower,5,14,19,2,40,0,28,90,0,118,5,42,109,2,158,44,0,44,202
05/13/2021,BLI,WA,ANM,WE,Federal Contract Tower,12,13,9,0,34,0,25,85,0,110,12,38,94,0,144,106,0,106,250
05/14/2021,BLI,WA,ANM,WE,Federal Contract Tower,9,6,17,0,32,0,34,121,0,155,9,40,138,0,187,66,0,66,253
05/15/2021,BLI,WA,ANM,WE,Federal Contract Tower,4,6,16,0,26,0,20,75,0,95,4,26,91,0,121,80,0,80,201
05/16/2021,BLI,WA,ANM,WE,Federal Contract Tower,12,2,13,0,27,0,20,115,0,135,12,22,128,0,162,58,0,58,220
05/17/2021,BLI,WA,ANM,WE,Federal Contract Tower,12,16,7,4,39,0,33,44,1,78,12,49,51,5,117,8,0,8,125
05/18/2021,BLI,WA,ANM,WE,Federal Contract Tower,4,10,8,0,22,0,58,69,0,127,4,68,77,0,149,66,0,66,215
05/19/2021,BLI,WA,ANM,WE,Federal Contract Tower,4,5,9,0,18,0,37,63,0,100,4,42,72,0,118,78,0,78,196
05/20/2021,BLI,WA,ANM,WE,Federal Contract Tower,15,8,14,4,41,0,37,137,0,174,15,45,151,4,215,86,0,86,301
05/21/2021,BLI,WA,ANM,WE,Federal Contract Tower,12,9,23,1,45,0,34,129,3,166,12,43,152,4,211,118,0,118,329
05/22/2021,BLI,WA,ANM,WE,Federal Contract Tower,5,7,27,0,39,0,26,64,0,90,5,33,91,0,129,56,0,56,185
05/23/2021,BLI,WA,ANM,WE,Federal Contract Tower,14,6,6,0,26,0,13,32,0,45,14,19,38,0,71,30,0,30,101
05/24/2021,BLI,WA,ANM,WE,Federal Contract Tower,11,21,13,0,45,0,9,11,0,20,11,30,24,0,65,52,0,52,117
05/25/2021,BLI,WA,ANM,WE,Federal Contract Tower,5,7,17,3,32,0,37,89,2,128,5,44,106,5,160,84,0,84,244
05/26/2021,BLI,WA,ANM,WE,Federal Contract Tower,6,9,16,3,34,0,35,92,2,129,6,44,108,5,163,144,2,146,309
05/27/2021,BLI,WA,ANM,WE,Federal Contract Tower,12,13,18,0,43,0,29,18,0,47,12,42,36,0,90,16,0,16,106
05/28/2021,BLI,WA,ANM,WE,Federal Contract Tower,13,12,15,1,41,0,41,78,0,119,13,53,93,1,160,114,0,114,274
05/29/2021,BLI,WA,ANM,WE,Federal Contract Tower,6,9,12,0,27,0,22,132,2,156,6,31,144,2,183,58,0,58,241
05/30/2021,BLI,WA,ANM,WE,Federal Contract Tower,13,2,5,1,21,0,38,119,0,157,13,40,124,1,178,50,0,50,228
05/31/2021,BLI,WA,ANM,WE,Federal Contract Tower,14,9,24,0,47,0,46,117,0,163,14,55,141,0,210,98,0,98,308
06/01/2021,BLI,WA,ANM,WE,Federal Contract Tower,8,7,15,1,31,0,50,83,7,140,8,57,98,8,171,68,0,68,239
06/02/2021,BLI,WA,ANM,WE,Federal Contract Tower,7,15,21,1,44,0,50,142,1,193,7,65,163,2,237,76,0,76,313
06/03/2021,BLI,WA,ANM,WE,Federal Contract Tower,13,8,7,1,29,0,50,80,1,131,13,58,87,2,160,62,0,62,222
06/04/2021,BLI,WA,ANM,WE,Federal Contract Tower,12,8,13,1,34,0,49,78,1,128,12,57,91,2,162,20,0,20,182
06/05/2021,BLI,WA,ANM,WE,Federal Contract Tower,8,6,4,0,18,0,21,29,0,50,8,27,33,0,68,6,0,6,74
06/06/2021,BLI,WA,ANM,WE,Federal Contract Tower,11,7,17,0,35,0,6,14,0,20,11,13,31,0,55,26,0,26,81
06/07/2021,BLI,WA,ANM,WE,Federal Contract Tower,12,9,9,0,30,0,26,80,2,108,12,35,89,2,138,60,0,60,198
06/08/2021,BLI,WA,ANM,WE,Federal Contract Tower,8,8,23,2,41,0,44,109,3,156,8,52,132,5,197,48,0,48,245
06/09/2021,BLI,WA,ANM,WE,Federal Contract Tower,6,13,15,0,34,0,40,125,0,165,6,53,140,0,199,124,0,124,323
06/10/2021,BLI,WA,ANM,WE,Federal Contract Tower,12,13,28,0,53,0,48,103,2,153,12,61,131,2,206,46,0,46,252
06/11/2021,BLI,WA,ANM,WE,Federal Contract Tower,13,8,12,0,33,0,30,61,0,91,13,38,73,0,124,28,0,28,152
06/12/2021,BLI,WA,ANM,WE,Federal Contract Tower,6,7,17,0,30,0,27,147,0,174,6,34,164,0,204,22,0,22,226
06/13/2021,BLI,WA,ANM,WE,Federal Contract Tower,12,5,20,0,37,0,9,17,0,26,12,14,37,0,63,18,0,18,81
06/14/2021,BLI,WA,ANM,WE,Federal Contract Tower,12,16,7,0,35,0,26,24,0,50,12,42,31,0,85,6,0,6,91
06/15/2021,BLI,WA,ANM,WE,Federal Contract Tower,7,12,17,2,38,0,41,89,0,130,7,53,106,2,168,76,0,76,244
06/16/2021,BLI,WA,ANM,WE,Federal Contract Tower,6,7,16,0,29,0,31,105,1,137,6,38,121,1,166,28,0,28,194
06/17/2021,BLI,WA,ANM,WE,Federal Contract Tower,18,6,27,0,51,0,44,143,0,187,18,50,170,0,238,106,0,106,344
06/18/2021,BLI,WA,ANM,WE,Federal Contract Tower,19,8,28,0,55,0,35,99,0,134,19,43,127,0,189,32,0,32,221
06/19/2021,BLI,WA,ANM,WE,Federal Contract Tower,13,6,35,0,54,0,36,83,0,119,13,42,118,0,173,18,0,18,191
06/20/2021,BLI,WA,ANM,WE,Federal Contract Tower,17,2,12,0,31,0,12,96,0,108,17,14,108,0,139,22,0,22,161
06/21/2021,BLI,WA,ANM,WE,Federal Contract Tower,17,10,25,0,52,0,30,91,0,121,17,40,116,0,173,44,0,44,217
06/22/2021,BLI,WA,ANM,WE,Federal Contract Tower,14,5,22,3,44,0,39,119,2,160,14,44,141,5,204,84,0,84,288
06/23/2021,BLI,WA,ANM,WE,Federal Contract Tower,12,12,26,0,50,0,26,62,0,88,12,38,88,0,138,44,0,44,182
06/24/2021,BLI,WA,ANM,WE,Federal Contract Tower,18,9,23,8,58,0,51,94,3,148,18,60,117,11,206,68,10,78,284
06/25/2021,BLI,WA,ANM,WE,Federal Contract Tower,17,7,15,0,39,0,43,92,0,135,17,50,107,0,174,54,0,54,228
06/26/2021,BLI,WA,ANM,WE,Federal Contract Tower,17,6,22,0,45,0,29,90,0,119,17,35,112,0,164,38,0,38,202
06/27/2021,BLI,WA,ANM,WE,Federal Contract Tower,16,2,16,0,34,0,33,65,0,98,16,35,81,0,132,46,0,46,178
06/28/2021,BLI,WA,ANM,WE,Federal Contract Tower,17,9,11,0,37,0,46,51,0,97,17,55,62,0,134,54,0,54,188
06/29/2021,BLI,WA,ANM,WE,Federal Contract Tower,17,13,17,1,48,0,41,98,0,139,17,54,115,1,187,88,0,88,275
06/30/2021,BLI,WA,ANM,WE,Federal Contract Tower,12,10,38,0,60,0,68,84,4,156,12,78,122,4,216,48,8,56,272
07/01/2021,BLI,WA,ANM,WE,Federal Contract Tower,16,6,24,0,46,0,56,88,0,144,16,62,112,0,190,60,0,60,250
07/02/2021,BLI,WA,ANM,WE,Federal Contract Tower,19,8,10,0,37,0,69,117,0,186,19,77,127,0,223,78,0,78,301
07/03/2021,BLI,WA,ANM,WE,Federal Contract Tower,16,5,15,0,36,0,34,113,0,147,16,39,128,0,183,24,0,24,207
07/04/2021,BLI,WA,ANM,WE,Federal Contract Tower,18,0,11,0,29,0,21,70,0,91,18,21,81,0,120,40,0,40,160
07/05/2021,BLI,WA,ANM,WE,Federal Contract Tower,15,1,19,0,35,0,46,65,1,112,15,47,84,1,147,28,0,28,175
07/06/2021,BLI,WA,ANM,WE,Federal Contract Tower,16,9,22,3,50,0,47,73,2,122,16,56,95,5,172,24,0,24,196
07/07/2021,BLI,WA,ANM,WE,Federal Contract Tower,12,22,20,0,54,0,35,36,0,71,12,57,56,0,125,4,0,4,129
07/08/2021,BLI,WA,ANM,WE,Federal Contract Tower,19,7,31,1,58,0,61,110,1,172,19,68,141,2,230,80,0,80,310
07/09/2021,BLI,WA,ANM,WE,Federal Contract Tower,18,11,15,0,44,0,73,132,2,207,18,84,147,2,251,114,0,114,365
07/10/2021,BLI,WA,ANM,WE,Federal Contract Tower,14,7,13,2,36,0,25,84,0,109,14,32,97,2,145,20,0,20,165
07/11/2021,BLI,WA,ANM,WE,Federal Contract Tower,15,3,11,0,29,0,41,92,0,133,15,44,103,0,162,18,0,18,180
07/12/2021,BLI,WA,ANM,WE,Federal Contract Tower,17,12,17,1,47,0,39,109,1,149,17,51,126,2,196,36,0,36,232
07/13/2021,BLI,WA,ANM,WE,Federal Contract Tower,16,7,15,2,40,0,62,137,0,199,16,69,152,2,239,86,0,86,325
07/14/2021,BLI,WA,ANM,WE,Federal Contract Tower,12,10,13,5,40,0,54,72,4,130,12,64,85,9,170,50,0,50,220
07/15/2021,BLI,WA,ANM,WE,Federal Contract Tower,18,6,13,0,37,0,51,44,2,97,18,57,57,2,134,2,0,2,136
07/16/2021,BLI,WA,ANM,WE,Federal Contract Tower,18,16,26,0,60,0,68,120,4,192,18,84,146,4,252,94,2,96,348
07/17/2021,BLI,WA,ANM,WE,Federal Contract Tower,15,5,14,0,34,0,24,70,0,94,15,29,84,0,128,54,0,54,182
07/18/2021,BLI,WA,ANM,WE,Federal Contract Tower,16,3,18,1,38,0,43,118,10,171,16,46,136,11,209,52,0,52,261
07/19/2021,BLI,WA,ANM,WE,Federal Contract Tower,18,12,16,2,48,0,45,129,2,176,18,57,145,4,224,42,0,42,266
07/20/2021,BLI,WA,ANM,WE,Federal Contract Tower,18,11,29,2,60,0,54,101,0,155,18,65,130,2,215,42,0,42,257
07/21/2021,BLI,WA,ANM,WE,Federal Contract Tower,12,8,19,1,40,0,72,115,2,189,12,80,134,3,229,106,0,106,335
07/22/2021,BLI,WA,ANM,WE,Federal Contract Tower,18,13,14,1,46,0,58,119,0,177,18,71,133,1,223,110,0,110,333
07/23/2021,BLI,WA,ANM,WE,Federal Contract Tower,18,6,20,1,45,0,79,124,2,205,18,85,144,3,250,76,0,76,326
07/24/2021,BLI,WA,ANM,WE,Federal Contract Tower,16,10,8,0,34,0,31,84,0,115,16,41,92,0,149,58,0,58,207
07/25/2021,BLI,WA,ANM,WE,Federal Contract Tower,17,7,17,0,41,0,52,124,0,176,17,59,141,0,217,93,0,93,310
07/26/2021,BLI,WA,ANM,WE,Federal Contract Tower,15,12,20,2,49,0,66,145,4,215,15,78,165,6,264,114,0,114,378
07/27/2021,BLI,WA,ANM,WE,Federal Contract Tower,16,11,17,0,44,0,67,147,2,216,16,78,164,2,260,108,6,114,374
07/28/2021,BLI,WA,ANM,WE,Federal Contract Tower,11,8,15,0,34,0,76,140,2,218,11,84,155,2,252,116,0,116,368
07/29/2021,BLI,WA,ANM,WE,Federal Contract Tower,16,9,31,0,56,0,73,149,0,222,16,82,180,0,278,158,0,158,436
07/30/2021,BLI,WA,ANM,WE,Federal Contract Tower,16,5,16,0,37,0,81,129,0,210,16,86,145,0,247,136,0,136,383
07/31/2021,BLI,WA,ANM,WE,Federal Contract Tower,12,4,15,2,33,0,37,87,3,127,12,41,102,5,160,80,0,80,240
08/01/2021,BLI,WA,ANM,WE,Federal Contract Tower,15,3,14,0,32,0,49,124,0,173,15,52,138,0,205,8,0,8,213
08/02/2021,BLI,WA,ANM,WE,Federal Contract Tower,14,11,18,7,50,0,54,109,4,167,14,65,127,11,217,114,14,128,345
08/03/2021,BLI,WA,ANM,WE,Federal Contract Tower,16,17,13,1,47,0,44,81,0,125,16,61,94,1,172,98,0,98,270
08/04/2021,BLI,WA,ANM,WE,Federal Contract Tower,13,18,26,0,57,0,56,138,0,194,13,74,164,0,251,92,0,92,343
08/05/2021,BLI,WA,ANM,WE,Federal Contract Tower,15,11,17,0,43,0,81,108,5,194,15,92,125,5,237,2,4,6,243
08/06/2021,BLI,WA,ANM,WE,Federal Contract Tower,14,14,20,0,48,0,44,68,0,112,14,58,88,0,160,24,0,24,184
08/07/2021,BLI,WA,ANM,WE,Federal Contract Tower,13,7,36,0,56,0,29,47,0,76,13,36,83,0,132,10,0,10,142
08/08/2021,BLI,WA,ANM,WE,Federal Contract Tower,14,14,26,0,54,0,20,76,0,96,14,34,102,0,150,36,0,36,186
08/09/2021,BLI,WA,ANM,WE,Federal Contract Tower,16,10,18,3,47,0,62,108,2,172,16,72,126,5,219,70,0,70,289
08/10/2021,BLI,WA,ANM,WE,Federal Contract Tower,17,5,19,2,43,0,67,117,2,186,17,72,136,4,229,118,0,118,347
08/11/2021,BLI,WA,ANM,WE,Federal Contract Tower,12,8,12,0,32,0,49,128,2,179,12,57,140,2,211,106,0,106,317
08/12/2021,BLI,WA,ANM,WE,Federal Contract Tower,13,15,14,0,42,0,66,68,0,134,13,81,82,0,176,2,0,2,178
08/13/2021,BLI,WA,ANM,WE,Federal Contract Tower,14,33,34,0,81,0,44,63,2,109,14,77,97,2,190,0,0,0,190
08/14/2021,BLI,WA,ANM,WE,Federal Contract Tower,13,9,22,0,44,0,32,76,5,113,13,41,98,5,157,10,0,10,167
08/15/2021,BLI,WA,ANM,WE,Federal Contract Tower,14,9,23,0,46,0,29,65,2,96,14,38,88,2,142,24,0,24,166
08/16/2021,BLI,WA,ANM,WE,Federal Contract Tower,14,7,15,2,38,0,52,42,0,94,14,59,57,2,132,0,0,0,132
08/17/2021,BLI,WA,ANM,WE,Federal Contract Tower,12,16,19,0,47,0,69,104,6,179,12,85,123,6,226,70,0,70,296
08/18/2021,BLI,WA,ANM,WE,Federal Contract Tower,10,7,17,0,34,0,58,142,5,205,10,65,159,5,239,76,0,76,315
08/19/2021,BLI,WA,ANM,WE,Federal Contract Tower,18,11,19,0,48,0,47,120,0,167,18,58,139,0,215,70,0,70,285
08/20/2021,BLI,WA,ANM,WE,Federal Contract Tower,12,10,16,0,38,0,58,39,1,98,12,68,55,1,136,16,20,36,172
08/21/2021,BLI,WA,ANM,WE,Federal Contract Tower,10,5,14,5,34,0,32,84,14,130,10,37,98,19,164,28,0,28,192
08/22/2021,BLI,WA,ANM,WE,Federal Contract Tower,16,2,15,0,33,0,34,78,0,112,16,36,93,0,145,30,0,30,175
08/23/2021,BLI,WA,ANM,WE,Federal Contract Tower,12,7,14,1,34,0,45,96,1,142,12,52,110,2,176,78,0,78,254
08/24/2021,BLI,WA,ANM,WE,Federal Contract Tower,11,10,24,1,46,0,74,156,9,239,11,84,180,10,285,64,0,64,349
08/25/2021,BLI,WA,ANM,WE,Federal Contract Tower,11,6,24,0,41,0,63,120,1,184,11,69,144,1,225,90,0,90,315
08/26/2021,BLI,WA,ANM,WE,Federal Contract Tower,19,12,18,0,49,0,48,47,0,95,19,60,65,0,144,26,0,26,170
08/27/2021,BLI,WA,ANM,WE,Federal Contract Tower,12,10,29,0,51,0,45,70,0,115,12,55,99,0,166,58,0,58,224
08/28/2021,BLI,WA,ANM,WE,Federal Contract Tower,8,1,10,0,19,0,38,160,2,200,8,39,170,2,219,124,0,124,343
08/29/2021,BLI,WA,ANM,WE,Federal Contract Tower,18,3,25,0,46,1,62,137,0,200,19,65,162,0,246,24,0,24,270
08/30/2021,BLI,WA,ANM,WE,Federal Contract Tower,13,11,26,0,50,0,41,66,2,109,13,52,92,2,159,46,0,46,205
08/31/2021,BLI,WA,ANM,WE,Federal Contract Tower,10,8,14,0,32,0,39,57,0,96,10,47,71,0,128,48,0,48,176
09/01/2021,BLI,WA,ANM,WE,Federal Contract Tower,12,11,8,0,31,0,68,135,0,203,12,79,143,0,234,54,0,54,288
09/02/2021,BLI,WA,ANM,WE,Federal Contract Tower,18,8,19,0,45,0,74,151,2,227,18,82,170,2,272,126,0,126,398
09/03/2021,BLI,WA,ANM,WE,Federal Contract Tower,12,10,16,0,38,0,56,144,0,200,12,66,160,0,238,106,0,106,344
09/04/2021,BLI,WA,ANM,WE,Federal Contract Tower,9,5,6,0,20,0,38,57,0,95,9,43,63,0,115,20,0,20,135
09/05/2021,BLI,WA,ANM,WE,Federal Contract Tower,19,0,9,0,28,0,31,46,0,77,19,31,55,0,105,20,0,20,125
09/06/2021,BLI,WA,ANM,WE,Federal Contract Tower,11,0,12,2,25,0,43,100,2,145,11,43,112,4,170,42,10,52,222
09/07/2021,BLI,WA,ANM,WE,Federal Contract Tower,10,8,13,3,34,0,47,109,3,159,10,55,122,6,193,61,4,65,258
09/08/2021,BLI,WA,ANM,WE,Federal Contract Tower,8,7,19,2,36,0,43,104,3,150,8,50,123,5,186,122,14,136,322
09/09/2021,BLI,WA,ANM,WE,Federal Contract Tower,16,5,19,0,40,0,49,123,8,180,16,54,142,8,220,40,0,40,260
09/10/2021,BLI,WA,ANM,WE,Federal Contract Tower,11,5,19,7,42,0,42,68,3,113,11,47,87,10,155,46,0,46,201
09/11/2021,BLI,WA,ANM,WE,Federal Contract Tower,7,8,16,0,31,0,29,44,0,73,7,37,60,0,104,70,0,70,174
09/12/2021,BLI,WA,ANM,WE,Federal Contract Tower,16,7,15,0,38,0,13,52,0,65,16,20,67,0,103,58,0,58,161
09/13/2021,BLI,WA,ANM,WE,Federal Contract Tower,10,7,10,0,27,0,49,110,4,163,10,56,120,4,190,132,22,154,344
09/14/2021,BLI,WA,ANM,WE,Federal Contract Tower,7,9,16,1,33,0,29,49,1,79,7,38,65,2,112,64,0,64,176
09/15/2021,BLI,WA,ANM,WE,Federal Contract Tower,8,9,23,0,40,0,46,107,2,155,8,55,130,2,195,66,12,78,273
09/16/2021,BLI,WA,ANM,WE,Federal Contract Tower,15,12,16,0,43,0,62,135,2,199,15,74,151,2,242,100,0,100,342
09/17/2021,BLI,WA,ANM,WE,Federal Contract Tower,11,9,17,0,37,0,20,3,0,23,11,29,20,0,60,0,0,0,60
09/18/2021,BLI,WA,ANM,WE,Federal Contract Tower,6,3,14,0,23,0,42,36,0,78,6,45,50,0,101,36,0,36,137
09/19/2021,BLI,WA,ANM,WE,Federal Contract Tower,16,0,18,0,34,0,3,28,0,31,16,3,46,0,65,30,0,30,95
09/20/2021,BLI,WA,ANM,WE,Federal Contract Tower,11,15,16,2,44,0,57,76,1,134,11,72,92,3,178,90,0,90,268
09/21/2021,BLI,WA,ANM,WE,Federal Contract Tower,6,6,14,2,28,0,58,142,5,205,6,64,156,7,233,79,6,85,318
09/22/2021,BLI,WA,ANM,WE,Federal Contract Tower,9,16,27,0,52,0,28,49,2,79,9,44,76,2,131,54,6,60,191
09/23/2021,BLI,WA,ANM,WE,Federal Contract Tower,15,8,21,0,44,0,58,112,12,182,15,66,133,12,226,62,2,64,290
09/24/2021,BLI,WA,ANM,WE,Federal Contract Tower,11,3,22,0,36,0,62,140,0,202,11,65,162,0,238,104,0,104,342
09/25/2021,BLI,WA,ANM,WE,Federal Contract Tower,6,3,13,0,22,0,29,205,6,240,6,32,218,6,262,28,6,34,296
09/26/2021,BLI,WA,ANM,WE,Federal Contract Tower,17,7,10,0,34,0,35,4,0,39,17,42,14,0,73,0,0,0,73
09/27/2021,BLI,WA,ANM,WE,Federal Contract Tower,11,7,19,4,41,0,49,16,3,68,11,56,35,7,109,0,12,12,121
09/28/2021,BLI,WA,ANM,WE,Federal Contract Tower,8,9,16,1,34,0,64,49,0,113,8,73,65,1,147,34,0,34,181
09/29/2021,BLI,WA,ANM,WE,Federal Contract Tower,11,8,18,0,37,0,45,13,0,58,11,53,31,0,95,12,0,12,107
09/30/2021,BLI,WA,ANM,WE,Federal Contract Tower,17,13,14,0,44,0,41,42,0,83,17,54,56,0,127,66,0,66,193
10/01/2021,BLI,WA,ANM,WE,Federal Contract Tower,14,9,18,0,41,0,67,95,2,164,14,76,113,2,205,80,0,80,285
10/02/2021,BLI,WA,ANM,WE,Federal Contract Tower,7,6,5,0,18,0,21,70,0,91,7,27,75,0,109,54,0,54,163
10/03/2021,BLI,WA,ANM,WE,Federal Contract Tower,19,1,13,0,33,0,35,53,0,88,19,36,66,0,121,66,0,66,187
10/04/2021,BLI,WA,ANM,WE,Federal Contract Tower,13,13,12,0,38,0,43,82,0,125,13,56,94,0,163,100,0,100,263
10/05/2021,BLI,WA,ANM,WE,Federal Contract Tower,12,12,8,0,32,0,44,31,0,75,12,56,39,0,107,52,0,52,159
10/06/2021,BLI,WA,ANM,WE,Federal Contract Tower,10,6,18,1,35,0,53,82,5,140,10,59,100,6,175,73,4,77,252
10/07/2021,BLI,WA,ANM,WE,Federal Contract Tower,18,9,21,0,48,0,59,123,0,182,18,68,144,0,230,50,22,72,302
10/08/2021,BLI,WA,ANM,WE,Federal Contract Tower,13,6,21,0,40,0,42,99,5,146,13,48,120,5,186,78,12,90,276
10/09/2021,BLI,WA,ANM,WE,Federal Contract Tower,10,9,16,0,35,0,28,52,0,80,10,37,68,0,115,38,0,38,153
10/10/2021,BLI,WA,ANM,WE,Federal Contract Tower,16,5,12,0,33,0,32,57,0,89,16,37,69,0,122,93,0,93,215
10/11/2021,BLI,WA,ANM,WE,Federal Contract Tower,15,4,12,0,31,0,71,130,0,201,15,75,142,0,232,86,0,86,318
10/12/2021,BLI,WA,ANM,WE,Federal Contract Tower,8,14,14,7,43,0,50,43,1,94,8,64,57,8,137,104,10,114,251
10/13/2021,BLI,WA,ANM,WE,Federal Contract Tower,10,13,10,0,33,0,53,57,0,110,10,66,67,0,143,108,0,108,251
10/14/2021,BLI,WA,ANM,WE,Federal Contract Tower,18,16,12,0,46,0,61,20,10,91,18,77,32,10,137,40,0,40,177
10/15/2021,BLI,WA,ANM,WE,Federal Contract Tower,14,14,21,0,49,0,64,34,0,98,14,78,55,0,147,8,0,8,155
10/16/2021,BLI,WA,ANM,WE,Federal Contract Tower,9,9,4,0,22,0,32,18,2,52,9,41,22,2,74,16,0,16,90
10/17/2021,BLI,WA,ANM,WE,Federal Contract Tower,18,12,7,0,37,0,33,13,0,46,18,45,20,0,83,0,0,0,83
10/18/2021,BLI,WA,ANM,WE,Federal Contract Tower,13,9,17,2,41,0,66,94,0,160,13,75,111,2,201,102,0,102,303
10/19/2021,BLI,WA,ANM,WE,Federal Contract Tower,10,6,13,0,29,0,61,145,0,206,10,67,158,0,235,115,0,115,350
10/20/2021,BLI,WA,ANM,WE,Federal Contract Tower,9,17,11,1,38,0,59,19,6,84,9,76,30,7,122,20,8,28,150
10/21/2021,BLI,WA,ANM,WE,Federal Contract Tower,18,19,9,0,46,0,90,99,0,189,18,109,108,0,235,72,0,72,307
10/22/2021,BLI,WA,ANM,WE,Federal Contract Tower,12,9,15,0,36,0,48,26,0,74,12,57,41,0,110,2,0,2,112
10/23/2021,BLI,WA,ANM,WE,Federal Contract Tower,6,10,6,0,22,0,41,16,0,57,6,51,22,0,79,80,0,80,159
10/24/2021,BLI,WA,ANM,WE,Federal Contract Tower,18,2,2,0,22,0,28,14,0,42,18,30,16,0,64,0,0,0,64
10/25/2021,BLI,WA,ANM,WE,Federal Contract Tower,12,9,7,0,28,0,10,10,0,20,12,19,17,0,48,0,0,0,48
10/26/2021,BLI,WA,ANM,WE,Federal Contract Tower,10,7,9,0,26,0,44,17,2,63,10,51,26,2,89,36,0,36,125
10/27/2021,BLI,WA,ANM,WE,Federal Contract Tower,7,11,7,0,25,0,55,82,0,137,7,66,89,0,162,71,0,71,233
10/28/2021,BLI,WA,ANM,WE,Federal Contract Tower,17,8,15,4,44,0,2,1,0,3,17,10,16,4,47,0,0,0,47
10/29/2021,BLI,WA,ANM,WE,Federal Contract Tower,14,6,8,0,28,0,59,95,2,156,14,65,103,2,184,98,0,98,282
10/30/2021,BLI,WA,ANM,WE,Federal Contract Tower,6,5,9,0,20,0,24,56,0,80,6,29,65,0,100,10,0,10,110
10/31/2021,BLI,WA,ANM,WE,Federal Contract Tower,16,3,7,0,26,0,21,129,2,152,16,24,136,2,178,70,8,78,256
11/01/2021,BLI,WA,ANM,WE,Federal Contract Tower,14,8,15,1,38,0,47,95,2,144,14,55,110,3,182,88,0,88,270
11/02/2021,BLI,WA,ANM,WE,Federal Contract Tower,11,7,20,0,38,0,53,69,2,124,11,60,89,2,162,32,8,40,202
11/03/2021,BLI,WA,ANM,WE,Federal Contract Tower,9,11,11,0,31,0,60,65,5,130,9,71,76,5,161,74,0,74,235
11/04/2021,BLI,WA,ANM,WE,Federal Contract Tower,18,6,8,0,32,0,43,10,0,53,18,49,18,0,85,12,0,12,97
11/05/2021,BLI,WA,ANM,WE,Federal Contract Tower,13,14,14,0,41,0,51,53,0,104,13,65,67,0,145,42,0,42,187
11/06/2021,BLI,WA,ANM,WE,Federal Contract Tower,9,7,2,0,18,0,27,18,0,45,9,34,20,0,63,12,0,12,75
11/07/2021,BLI,WA,ANM,WE,Federal Contract Tower,23,1,7,0,31,0,8,4,0,12,23,9,11,0,43,0,0,0,43
11/08/2021,BLI,WA,ANM,WE,Federal Contract Tower,17,12,8,0,37,0,61,105,6,172,17,73,113,6,209,66,0,66,275
11/09/2021,BLI,WA,ANM,WE,Federal Contract Tower,17,11,12,0,40,0,41,17,2,60,17,52,29,2,100,4,0,4,104
11/10/2021,BLI,WA,ANM,WE,Federal Contract Tower,15,10,11,2,38,0,68,129,4,201,15,78,140,6,239,112,4,116,355
11/11/2021,BLI,WA,ANM,WE,Federal Contract Tower,24,8,21,0,53,0,44,22,0,66,24,52,43,0,119,20,0,20,139
11/12/2021,BLI,WA,ANM,WE,Federal Contract Tower,15,9,12,0,36,0,28,40,0,68,15,37,52,0,104,46,0,46,150
11/13/2021,BLI,WA,ANM,WE,Federal Contract Tower,13,4,41,0,58,0,9,34,0,43,13,13,75,0,101,42,0,42,143
11/14/2021,BLI,WA,ANM,WE,Federal Contract Tower,27,4,5,0,36,0,0,0,0,0,27,4,5,0,36,0,0,0,36
11/15/2021,BLI,WA,ANM,WE,Federal Contract Tower,16,3,4,0,23,0,2,2,0,4,16,5,6,0,27,0,0,0,27
11/16/2021,BLI,WA,ANM,WE,Federal Contract Tower,15,8,17,0,40,0,62,167,0,229,15,70,184,0,269,54,0,54,323
11/17/2021,BLI,WA,ANM,WE,Federal Contract Tower,14,14,19,0,47,0,60,134,0,194,14,74,153,0,241,48,0,48,289
11/18/2021,BLI,WA,ANM,WE,Federal Contract Tower,21,10,10,0,41,0,22,23,0,45,21,32,33,0,86,22,0,22,108
11/19/2021,BLI,WA,ANM,WE,Federal Contract Tower,15,5,19,0,39,0,29,78,8,115,15,34,97,8,154,144,2,146,300
11/20/2021,BLI,WA,ANM,WE,Federal Contract Tower,10,8,10,0,28,0,13,55,1,69,10,21,65,1,97,104,4,108,205
11/21/2021,BLI,WA,ANM,WE,Federal Contract Tower,20,1,13,0,34,0,27,123,0,150,20,28,136,0,184,78,0,78,262
11/22/2021,BLI,WA,ANM,WE,Federal Contract Tower,17,7,16,0,40,0,27,40,0,67,17,34,56,0,107,36,0,36,143
11/23/2021,BLI,WA,ANM,WE,Federal Contract Tower,18,11,9,0,38,0,38,85,1,124,18,49,94,1,162,10,6,16,178
11/24/2021,BLI,WA,ANM,WE,Federal Contract Tower,20,6,10,0,36,0,41,79,0,120,20,47,89,0,156,44,0,44,200
11/25/2021,BLI,WA,ANM,WE,Federal Contract Tower,12,3,3,0,18,0,0,0,0,0,12,3,3,0,18,0,0,0,18
11/26/2021,BLI,WA,ANM,WE,Federal Contract Tower,14,6,18,0,38,0,16,41,0,57,14,22,59,0,95,50,0,50,145
11/27/2021,BLI,WA,ANM,WE,Federal Contract Tower,18,7,10,0,35,0,14,10,0,24,18,21,20,0,59,18,0,18,77
11/28/2021,BLI,WA,ANM,WE,Federal Contract Tower,20,5,17,0,42,0,0,2,0,2,20,5,19,0,44,0,0,0,44
11/29/2021,BLI,WA,ANM,WE,Federal Contract Tower,18,8,21,0,47,0,26,43,4,73,18,34,64,4,120,94,0,94,214
11/30/2021,BLI,WA,ANM,WE,Federal Contract Tower,12,10,6,0,28,0,21,10,0,31,12,31,16,0,59,28,0,28,87
12/01/2021,BLI,WA,ANM,WE,Federal Contract Tower,15,11,32,0,58,0,36,31,0,67,15,47,63,0,125,26,0,26,151
12/02/2021,BLI,WA,ANM,WE,Federal Contract Tower,17,7,23,2,49,0,27,116,0,143,17,34,139,2,192,153,0,153,345
12/03/2021,BLI,WA,ANM,WE,Federal Contract Tower,18,9,6,0,33,0,45,126,0,171,18,54,132,0,204,104,0,104,308
12/04/2021,BLI,WA,ANM,WE,Federal Contract Tower,13,6,4,0,23,0,4,0,0,4,13,10,4,0,27,0,0,0,27
12/05/2021,BLI,WA,ANM,WE,Federal Contract Tower,18,1,9,0,28,0,24,87,6,117,18,25,96,6,145,94,0,94,239
12/06/2021,BLI,WA,ANM,WE,Federal Contract Tower,16,10,6,0,32,0,0,1,0,1,16,10,7,0,33,0,0,0,33
12/07/2021,BLI,WA,ANM,WE,Federal Contract Tower,12,7,1,0,20,0,1,0,0,1,12,8,1,0,21,0,0,0,21
12/08/2021,BLI,WA,ANM,WE,Federal Contract Tower,15,7,20,0,42,0,64,123,0,187,15,71,143,0,229,136,0,136,365
12/09/2021,BLI,WA,ANM,WE,Federal Contract Tower,21,4,6,0,31,0,41,17,0,58,21,45,23,0,89,24,0,24,113
12/10/2021,BLI,WA,ANM,WE,Federal Contract Tower,18,8,9,0,35,0,47,29,2,78,18,55,38,2,113,6,8,14,127
12/11/2021,BLI,WA,ANM,WE,Federal Contract Tower,16,3,1,0,20,0,8,14,0,22,16,11,15,0,42,26,0,26,68
12/12/2021,BLI,WA,ANM,WE,Federal Contract Tower,18,3,9,0,30,0,12,9,0,21,18,15,18,0,51,72,0,72,123
12/13/2021,BLI,WA,ANM,WE,Federal Contract Tower,17,8,1,0,26,0,40,90,0,130,17,48,91,0,156,106,0,106,262
12/14/2021,BLI,WA,ANM,WE,Federal Contract Tower,12,13,7,2,34,0,49,52,0,101,12,62,59,2,135,68,0,68,203
12/15/2021,BLI,WA,ANM,WE,Federal Contract Tower,14,9,10,0,33,0,47,86,0,133,14,56,96,0,166,96,0,96,262
12/16/2021,BLI,WA,ANM,WE,Federal Contract Tower,17,7,7,0,31,0,43,41,0,84,17,50,48,0,115,54,0,54,169
12/17/2021,BLI,WA,ANM,WE,Federal Contract Tower,17,8,15,1,41,0,60,80,7,147,17,68,95,8,188,86,4,90,278
12/18/2021,BLI,WA,ANM,WE,Federal Contract Tower,17,6,2,0,25,0,5,1,0,6,17,11,3,0,31,30,0,30,61
12/19/2021,BLI,WA,ANM,WE,Federal Contract Tower,19,6,15,0,40,0,33,129,1,163,19,39,144,1,203,66,0,66,269
12/20/2021,BLI,WA,ANM,WE,Federal Contract Tower,17,10,7,0,34,0,53,64,3,120,17,63,71,3,154,44,8,52,206
12/21/2021,BLI,WA,ANM,WE,Federal Contract Tower,15,16,11,2,44,0,61,57,5,123,15,77,68,7,167,106,22,128,295
12/22/2021,BLI,WA,ANM,WE,Federal Contract Tower,19,9,10,0,38,0,42,9,0,51,19,51,19,0,89,0,0,0,89
12/23/2021,BLI,WA,ANM,WE,Federal Contract Tower,17,8,8,0,33,0,17,35,0,52,17,25,43,0,85,16,0,16,101
12/24/2021,BLI,WA,ANM,WE,Federal Contract Tower,14,10,2,0,26,0,5,7,0,12,14,15,9,0,38,16,0,16,54
12/25/2021,BLI,WA,ANM,WE,Federal Contract Tower,5,1,2,0,8,0,0,0,0,0,5,1,2,0,8,0,0,0,8
12/26/2021,BLI,WA,ANM,WE,Federal Contract Tower,0,0,0,0,0,0,0,0,0,0,0,0,0,0,0,0,0,0,0
12/27/2021,BLI,WA,ANM,WE,Federal Contract Tower,11,2,4,0,17,0,2,13,0,15,11,4,17,0,32,0,0,0,32
12/28/2021,BLI,WA,ANM,WE,Federal Contract Tower,15,3,3,0,21,0,2,8,0,10,15,5,11,0,31,0,0,0,31
12/29/2021,BLI,WA,ANM,WE,Federal Contract Tower,16,9,9,0,34,0,10,19,6,35,16,19,28,6,69,0,0,0,69
12/30/2021,BLI,WA,ANM,WE,Federal Contract Tower,17,2,3,0,22,0,5,8,0,13,17,7,11,0,35,0,0,0,35
12/31/2021,BLI,WA,ANM,WE,Federal Contract Tower,16,1,0,0,17,0,23,6,0,29,16,24,6,0,46,0,0,0,46
01/01/2022,BLI,WA,ANM,WE,Federal Contract Tower,13,0,2,0,15,0,4,16,0,20,13,4,18,0,35,0,0,0,35
01/02/2022,BLI,WA,ANM,WE,Federal Contract Tower,17,2,1,0,20,0,4,4,0,8,17,6,5,0,28,0,0,0,28
01/03/2022,BLI,WA,ANM,WE,Federal Contract Tower,18,11,5,0,34,0,33,19,0,52,18,44,24,0,86,10,0,10,96
01/04/2022,BLI,WA,ANM,WE,Federal Contract Tower,10,9,7,0,26,0,60,23,0,83,10,69,30,0,109,0,0,0,109
01/05/2022,BLI,WA,ANM,WE,Federal Contract Tower,11,14,3,0,28,0,18,8,0,26,11,32,11,0,54,0,0,0,54
01/06/2022,BLI,WA,ANM,WE,Federal Contract Tower,6,1,0,0,7,0,0,2,0,2,6,1,2,0,9,0,0,0,9
01/07/2022,BLI,WA,ANM,WE,Federal Contract Tower,21,10,13,0,44,0,11,6,0,17,21,21,19,0,61,0,0,0,61
01/08/2022,BLI,WA,ANM,WE,Federal Contract Tower,11,9,4,0,24,0,15,25,0,40,11,24,29,0,64,50,0,50,114
01/09/2022,BLI,WA,ANM,WE,Federal Contract Tower,20,4,11,0,35,0,35,194,0,229,20,39,205,0,264,116,0,116,380
01/10/2022,BLI,WA,ANM,WE,Federal Contract Tower,20,6,8,0,34,0,20,8,0,28,20,26,16,0,62,0,0,0,62
01/11/2022,BLI,WA,ANM,WE,Federal Contract Tower,10,6,15,0,31,0,21,13,0,34,10,27,28,0,65,4,0,4,69
01/12/2022,BLI,WA,ANM,WE,Federal Contract Tower,13,12,22,1,48,0,41,13,0,54,13,53,35,1,102,0,0,0,102
01/13/2022,BLI,WA,ANM,WE,Federal Contract Tower,21,8,16,0,45,0,50,82,0,132,21,58,98,0,177,86,0,86,263
01/14/2022,BLI,WA,ANM,WE,Federal Contract Tower,20,5,14,0,39,0,49,122,0,171,20,54,136,0,210,160,0,160,370
01/15/2022,BLI,WA,ANM,WE,Federal Contract Tower,13,1,15,0,29,0,0,1,0,1,13,1,16,0,30,0,0,0,30
01/16/2022,BLI,WA,ANM,WE,Federal Contract Tower,17,3,14,0,34,0,0,0,0,0,17,3,14,0,34,0,0,0,34
01/17/2022,BLI,WA,ANM,WE,Federal Contract Tower,13,11,24,0,48,0,19,32,0,51,13,30,56,0,99,28,0,28,127
01/18/2022,BLI,WA,ANM,WE,Federal Contract Tower,10,13,22,0,45,0,0,0,0,0,10,13,22,0,45,0,0,0,45
01/19/2022,BLI,WA,ANM,WE,Federal Contract Tower,11,4,13,1,29,0,23,63,5,91,11,27,76,6,120,34,0,34,154
01/20/2022,BLI,WA,ANM,WE,Federal Contract Tower,22,12,13,0,47,0,52,62,2,116,22,64,75,2,163,74,0,74,237
01/21/2022,BLI,WA,ANM,WE,Federal Contract Tower,20,9,13,0,42,0,39,64,0,103,20,48,77,0,145,50,0,50,195
01/22/2022,BLI,WA,ANM,WE,Federal Contract Tower,12,8,9,0,29,0,9,108,2,119,12,17,117,2,148,86,38,124,272
01/23/2022,BLI,WA,ANM,WE,Federal Contract Tower,3,0,5,0,8,0,0,0,0,0,3,0,5,0,8,0,0,0,8
01/24/2022,BLI,WA,ANM,WE,Federal Contract Tower,24,15,7,0,46,0,0,0,0,0,24,15,7,0,46,0,0,0,46
01/25/2022,BLI,WA,ANM,WE,Federal Contract Tower,6,10,10,0,26,0,0,2,0,2,6,10,12,0,28,0,0,0,28
01/26/2022,BLI,WA,ANM,WE,Federal Contract Tower,9,12,9,0,30,0,10,22,1,33,9,22,31,1,63,12,0,12,75
01/27/2022,BLI,WA,ANM,WE,Federal Contract Tower,19,7,23,1,50,0,34,95,3,132,19,41,118,4,182,114,18,132,314
01/28/2022,BLI,WA,ANM,WE,Federal Contract Tower,19,10,25,1,55,0,55,168,0,223,19,65,193,1,278,144,0,144,422
01/29/2022,BLI,WA,ANM,WE,Federal Contract Tower,11,10,6,0,27,0,12,107,0,119,11,22,113,0,146,138,0,138,284
01/30/2022,BLI,WA,ANM,WE,Federal Contract Tower,18,1,10,0,29,0,7,3,0,10,18,8,13,0,39,0,0,0,39
01/31/2022,BLI,WA,ANM,WE,Federal Contract Tower,20,3,13,1,37,0,50,89,0,139,20,53,102,1,176,180,0,180,356
02/01/2022,BLI,WA,ANM,WE,Federal Contract Tower,8,7,5,1,21,0,58,54,4,116,8,65,59,5,137,50,0,50,187
02/02/2022,BLI,WA,ANM,WE,Federal Contract Tower,10,6,1,0,17,0,14,31,0,45,10,20,32,0,62,64,0,64,126
02/03/2022,BLI,WA,ANM,WE,Federal Contract Tower,19,4,16,0,39,0,0,0,0,0,19,4,16,0,39,0,0,0,39
02/04/2022,BLI,WA,ANM,WE,Federal Contract Tower,20,10,6,0,36,0,35,16,0,51,20,45,22,0,87,0,0,0,87
02/05/2022,BLI,WA,ANM,WE,Federal Contract Tower,9,9,21,0,39,0,9,60,0,69,9,18,81,0,108,120,0,120,228
02/06/2022,BLI,WA,ANM,WE,Federal Contract Tower,16,2,18,0,36,0,9,85,0,94,16,11,103,0,130,70,6,76,206
02/07/2022,BLI,WA,ANM,WE,Federal Contract Tower,19,8,9,0,36,0,59,55,2,116,19,67,64,2,152,32,0,32,184
02/08/2022,BLI,WA,ANM,WE,Federal Contract Tower,7,5,12,0,24,0,39,63,0,102,7,44,75,0,126,68,0,68,194
02/09/2022,BLI,WA,ANM,WE,Federal Contract Tower,12,5,8,0,25,0,31,66,0,97,12,36,74,0,122,88,0,88,210
02/10/2022,BLI,WA,ANM,WE,Federal Contract Tower,19,6,15,1,41,0,8,17,1,26,19,14,32,2,67,0,0,0,67
02/11/2022,BLI,WA,ANM,WE,Federal Contract Tower,19,12,33,2,66,0,56,127,2,185,19,68,160,4,251,92,0,92,343
02/12/2022,BLI,WA,ANM,WE,Federal Contract Tower,9,6,20,0,35,0,9,152,0,161,9,15,172,0,196,92,0,92,288
02/13/2022,BLI,WA,ANM,WE,Federal Contract Tower,17,0,1,0,18,0,9,88,0,97,17,9,89,0,115,72,0,72,187
02/14/2022,BLI,WA,ANM,WE,Federal Contract Tower,19,11,7,0,37,0,35,34,2,71,19,46,41,2,108,0,0,0,108
02/15/2022,BLI,WA,ANM,WE,Federal Contract Tower,9,21,18,2,50,0,29,16,0,45,9,50,34,2,95,4,0,4,99
02/16/2022,BLI,WA,ANM,WE,Federal Contract Tower,14,12,12,1,39,0,48,80,1,129,14,60,92,2,168,40,0,40,208
02/17/2022,BLI,WA,ANM,WE,Federal Contract Tower,22,7,19,0,48,0,53,37,0,90,22,60,56,0,138,40,0,40,178
02/18/2022,BLI,WA,ANM,WE,Federal Contract Tower,23,7,22,0,52,0,39,60,0,99,23,46,82,0,151,118,0,118,269
02/19/2022,BLI,WA,ANM,WE,Federal Contract Tower,11,8,2,0,21,0,9,5,0,14,11,17,7,0,35,0,0,0,35
02/20/2022,BLI,WA,ANM,WE,Federal Contract Tower,21,6,7,0,34,0,11,38,0,49,21,17,45,0,83,20,0,20,103
02/21/2022,BLI,WA,ANM,WE,Federal Contract Tower,15,3,9,0,27,0,14,11,0,25,15,17,20,0,52,0,0,0,52
02/22/2022,BLI,WA,ANM,WE,Federal Contract Tower,14,1,4,0,19,0,5,2,2,9,14,6,6,2,28,0,0,0,28
02/23/2022,BLI,WA,ANM,WE,Federal Contract Tower,13,6,15,0,34,0,22,95,2,119,13,28,110,2,153,22,0,22,175
02/24/2022,BLI,WA,ANM,WE,Federal Contract Tower,23,10,10,0,43,0,57,95,0,152,23,67,105,0,195,78,0,78,273
02/25/2022,BLI,WA,ANM,WE,Federal Contract Tower,22,5,10,0,37,0,61,146,2,209,22,66,156,2,246,138,0,138,384
02/26/2022,BLI,WA,ANM,WE,Federal Contract Tower,15,9,9,0,33,0,20,52,1,73,15,29,61,1,106,44,0,44,150
02/27/2022,BLI,WA,ANM,WE,Federal Contract Tower,21,3,10,0,34,0,5,12,0,17,21,8,22,0,51,60,0,60,111
02/28/2022,BLI,WA,ANM,WE,Federal Contract Tower,19,11,11,0,41,0,15,14,0,29,19,26,25,0,70,38,0,38,108
03/01/2022,BLI,WA,ANM,WE,Federal Contract Tower,17,5,16,0,38,0,34,44,2,80,17,39,60,2,118,128,0,128,246
03/02/2022,BLI,WA,ANM,WE,Federal Contract Tower,16,9,11,0,36,0,36,20,0,56,16,45,31,0,92,4,8,12,104
03/03/2022,BLI,WA,ANM,WE,Federal Contract Tower,21,5,13,0,39,0,56,81,2,139,21,61,94,2,178,122,0,122,300
03/04/2022,BLI,WA,ANM,WE,Federal Contract Tower,22,7,7,0,36,0,45,58,2,105,22,52,65,2,141,104,20,124,265
03/05/2022,BLI,WA,ANM,WE,Federal Contract Tower,13,2,8,0,23,0,7,86,2,95,13,9,94,2,118,70,0,70,188
03/06/2022,BLI,WA,ANM,WE,Federal Contract Tower,18,4,11,0,33,0,8,87,1,96,18,12,98,1,129,86,0,86,215
03/07/2022,BLI,WA,ANM,WE,Federal Contract Tower,23,16,25,0,64,0,43,55,0,98,23,59,80,0,162,12,0,12,174
03/08/2022,BLI,WA,ANM,WE,Federal Contract Tower,9,7,13,0,29,0,44,38,0,82,9,51,51,0,111,20,0,20,131
03/09/2022,BLI,WA,ANM,WE,Federal Contract Tower,16,7,17,1,41,0,45,74,1,120,16,52,91,2,161,38,0,38,199
03/10/2022,BLI,WA,ANM,WE,Federal Contract Tower,24,7,19,1,51,0,66,125,2,193,24,73,144,3,244,142,0,142,386
03/11/2022,BLI,WA,ANM,WE,Federal Contract Tower,22,7,18,0,47,0,41,42,0,83,22,48,60,0,130,54,0,54,184
03/12/2022,BLI,WA,ANM,WE,Federal Contract Tower,15,6,12,0,33,0,22,48,2,72,15,28,60,2,105,40,0,40,145
03/13/2022,BLI,WA,ANM,WE,Federal Contract Tower,23,2,15,0,40,0,9,51,0,60,23,11,66,0,100,46,0,46,146
03/14/2022,BLI,WA,ANM,WE,Federal Contract Tower,23,9,10,0,42,0,37,15,0,52,23,46,25,0,94,4,0,4,98
03/15/2022,BLI,WA,ANM,WE,Federal Contract Tower,14,6,13,1,34,0,36,45,4,85,14,42,58,5,119,62,0,62,181
03/16/2022,BLI,WA,ANM,WE,Federal Contract Tower,17,14,21,0,52,0,57,88,0,145,17,71,109,0,197,72,0,72,269
03/17/2022,BLI,WA,ANM,WE,Federal Contract Tower,23,9,20,0,52,0,40,22,2,64,23,49,42,2,116,0,0,0,116
03/18/2022,BLI,WA,ANM,WE,Federal Contract Tower,23,8,9,0,40,0,43,52,0,95,23,51,61,0,135,71,0,71,206
03/19/2022,BLI,WA,ANM,WE,Federal Contract Tower,21,5,14,0,40,0,10,54,0,64,21,15,68,0,104,28,0,28,132
03/20/2022,BLI,WA,ANM,WE,Federal Contract Tower,25,3,6,0,34,0,16,35,0,51,25,19,41,0,85,20,0,20,105
03/21/2022,BLI,WA,ANM,WE,Federal Contract Tower,25,12,12,0,49,0,54,10,0,64,25,66,22,0,113,0,0,0,113
03/22/2022,BLI,WA,ANM,WE,Federal Contract Tower,22,5,21,0,48,0,35,35,0,70,22,40,56,0,118,40,0,40,158
03/23/2022,BLI,WA,ANM,WE,Federal Contract Tower,21,10,10,0,41,0,15,6,0,21,21,25,16,0,62,36,0,36,98
03/24/2022,BLI,WA,ANM,WE,Federal Contract Tower,25,8,19,0,52,0,36,104,2,142,25,44,123,2,194,86,0,86,280
03/25/2022,BLI,WA,ANM,WE,Federal Contract Tower,20,7,10,0,37,0,30,74,2,106,20,37,84,2,143,140,6,146,289
03/26/2022,BLI,WA,ANM,WE,Federal Contract Tower,22,15,11,0,48,0,15,55,0,70,22,30,66,0,118,102,0,102,220
03/27/2022,BLI,WA,ANM,WE,Federal Contract Tower,22,2,12,0,36,0,9,61,0,70,22,11,73,0,106,40,0,40,146
03/28/2022,BLI,WA,ANM,WE,Federal Contract Tower,24,16,23,0,63,8,17,0,0,25,32,33,23,0,88,22,0,22,110
03/29/2022,BLI,WA,ANM,WE,Federal Contract Tower,17,8,16,0,41,0,40,92,0,132,17,48,108,0,173,60,0,60,233
03/30/2022,BLI,WA,ANM,WE,Federal Contract Tower,20,7,19,0,46,0,25,57,0,82,20,32,76,0,128,84,0,84,212
03/31/2022,BLI,WA,ANM,WE,Federal Contract Tower,23,11,21,0,55,0,47,83,0,130,23,58,104,0,185,50,0,50,235
04/01/2022,BLI,WA,ANM,WE,Federal Contract Tower,24,7,24,0,55,0,57,86,0,143,24,64,110,0,198,46,0,46,244
04/02/2022,BLI,WA,ANM,WE,Federal Contract Tower,15,5,16,0,36,0,18,60,2,80,15,23,76,2,116,43,4,47,163
04/03/2022,BLI,WA,ANM,WE,Federal Contract Tower,19,6,8,0,33,0,3,5,0,8,19,9,13,0,41,0,0,0,41
04/04/2022,BLI,WA,ANM,WE,Federal Contract Tower,22,9,7,0,38,0,10,10,0,20,22,19,17,0,58,0,0,0,58
04/05/2022,BLI,WA,ANM,WE,Federal Contract Tower,14,10,10,0,34,0,43,55,0,98,14,53,65,0,132,32,0,32,164
04/06/2022,BLI,WA,ANM,WE,Federal Contract Tower,19,8,27,1,55,0,49,165,3,217,19,57,192,4,272,100,4,104,376
04/07/2022,BLI,WA,ANM,WE,Federal Contract Tower,23,4,15,0,42,0,73,124,4,201,23,77,139,4,243,124,0,124,367
04/08/2022,BLI,WA,ANM,WE,Federal Contract Tower,25,12,9,0,46,0,56,59,0,115,25,68,68,0,161,34,0,34,195
04/09/2022,BLI,WA,ANM,WE,Federal Contract Tower,17,8,4,0,29,0,14,25,2,41,17,22,29,2,70,58,0,58,128
04/10/2022,BLI,WA,ANM,WE,Federal Contract Tower,18,2,7,0,27,0,6,38,0,44,18,8,45,0,71,24,0,24,95
04/11/2022,BLI,WA,ANM,WE,Federal Contract Tower,24,9,6,0,39,0,44,40,0,84,24,53,46,0,123,44,0,44,167
04/12/2022,BLI,WA,ANM,WE,Federal Contract Tower,15,5,11,0,31,0,43,28,0,71,15,48,39,0,102,20,0,20,122
04/13/2022,BLI,WA,ANM,WE,Federal Contract Tower,18,8,13,0,39,0,31,92,2,125,18,39,105,2,164,108,6,114,278
04/14/2022,BLI,WA,ANM,WE,Federal Contract Tower,23,19,14,5,61,0,27,97,1,125,23,46,111,6,186,36,0,36,222
04/15/2022,BLI,WA,ANM,WE,Federal Contract Tower,24,3,14,1,42,0,27,89,1,117,24,30,103,2,159,59,0,59,218
04/16/2022,BLI,WA,ANM,WE,Federal Contract Tower,17,4,16,0,37,0,14,60,0,74,17,18,76,0,111,34,0,34,145
04/17/2022,BLI,WA,ANM,WE,Federal Contract Tower,23,3,7,0,33,0,7,97,2,106,23,10,104,2,139,151,0,151,290
04/18/2022,BLI,WA,ANM,WE,Federal Contract Tower,23,6,11,0,40,0,35,31,0,66,23,41,42,0,106,16,0,16,122
04/19/2022,BLI,WA,ANM,WE,Federal Contract Tower,14,8,9,0,31,0,46,54,2,102,14,54,63,2,133,66,0,66,199
04/20/2022,BLI,WA,ANM,WE,Federal Contract Tower,13,13,8,0,34,0,37,69,0,106,13,50,77,0,140,36,0,36,176
04/21/2022,BLI,WA,ANM,WE,Federal Contract Tower,23,16,13,0,52,0,48,51,0,99,23,64,64,0,151,54,0,54,205
04/22/2022,BLI,WA,ANM,WE,Federal Contract Tower,21,12,20,1,54,0,36,54,0,90,21,48,74,1,144,82,0,82,226
04/23/2022,BLI,WA,ANM,WE,Federal Contract Tower,14,6,25,0,45,0,21,115,2,138,14,27,140,2,183,86,0,86,269
04/24/2022,BLI,WA,ANM,WE,Federal Contract Tower,20,4,19,0,43,0,11,120,0,131,20,15,139,0,174,77,0,77,251
04/25/2022,BLI,WA,ANM,WE,Federal Contract Tower,18,8,16,4,46,0,25,44,0,69,18,33,60,4,115,54,0,54,169
04/26/2022,BLI,WA,ANM,WE,Federal Contract Tower,14,6,12,1,33,0,44,29,1,74,14,50,41,2,107,32,0,32,139
04/27/2022,BLI,WA,ANM,WE,Federal Contract Tower,14,8,26,0,48,0,38,90,4,132,14,46,116,4,180,100,0,100,280
04/28/2022,BLI,WA,ANM,WE,Federal Contract Tower,21,8,19,0,48,0,37,92,0,129,21,45,111,0,177,94,0,94,271
04/29/2022,BLI,WA,ANM,WE,Federal Contract Tower,22,11,10,0,43,0,62,85,6,153,22,73,95,6,196,44,0,44,240
04/30/2022,BLI,WA,ANM,WE,Federal Contract Tower,11,7,13,0,31,0,13,26,0,39,11,20,39,0,70,34,0,34,104
05/01/2022,BLI,WA,ANM,WE,Federal Contract Tower,22,8,7,0,37,0,15,101,0,116,22,23,108,0,153,117,0,117,270
05/02/2022,BLI,WA,ANM,WE,Federal Contract Tower,18,9,11,1,39,0,25,27,1,53,18,34,38,2,92,18,0,18,110
05/03/2022,BLI,WA,ANM,WE,Federal Contract Tower,14,8,17,1,40,0,30,33,3,66,14,38,50,4,106,76,8,84,190
05/04/2022,BLI,WA,ANM,WE,Federal Contract Tower,13,9,24,1,47,0,27,61,1,89,13,36,85,2,136,16,0,16,152
05/05/2022,BLI,WA,ANM,WE,Federal Contract Tower,21,13,18,2,54,0,22,8,0,30,21,35,26,2,84,22,0,22,106
05/06/2022,BLI,WA,ANM,WE,Federal Contract Tower,19,13,11,0,43,0,35,45,0,80,19,48,56,0,123,52,0,52,175
05/07/2022,BLI,WA,ANM,WE,Federal Contract Tower,15,5,9,0,29,0,19,40,0,59,15,24,49,0,88,54,0,54,142
05/08/2022,BLI,WA,ANM,WE,Federal Contract Tower,21,6,7,0,34,0,19,49,0,68,21,25,56,0,102,54,0,54,156
05/09/2022,BLI,WA,ANM,WE,Federal Contract Tower,17,5,13,0,35,0,33,56,0,89,17,38,69,0,124,69,0,69,193
05/10/2022,BLI,WA,ANM,WE,Federal Contract Tower,15,6,8,0,29,0,34,102,2,138,15,40,110,2,167,82,0,82,249
05/11/2022,BLI,WA,ANM,WE,Federal Contract Tower,13,7,14,0,34,0,24,85,1,110,13,31,99,1,144,26,16,42,186
05/12/2022,BLI,WA,ANM,WE,Federal Contract Tower,19,8,13,0,40,0,25,16,0,41,19,33,29,0,81,4,0,4,85
05/13/2022,BLI,WA,ANM,WE,Federal Contract Tower,19,5,23,0,47,0,40,117,2,159,19,45,140,2,206,106,0,106,312
05/14/2022,BLI,WA,ANM,WE,Federal Contract Tower,15,2,11,0,28,0,12,35,0,47,15,14,46,0,75,14,0,14,89
05/15/2022,BLI,WA,ANM,WE,Federal Contract Tower,21,10,17,0,48,0,12,8,0,20,21,22,25,0,68,8,0,8,76
05/16/2022,BLI,WA,ANM,WE,Federal Contract Tower,17,11,8,0,36,0,26,52,2,80,17,37,60,2,116,28,0,28,144
05/17/2022,BLI,WA,ANM,WE,Federal Contract Tower,15,14,18,2,49,0,31,98,5,134,15,45,116,7,183,218,0,218,401
05/18/2022,BLI,WA,ANM,WE,Federal Contract Tower,17,8,7,3,35,0,9,0,7,16,17,17,7,10,51,0,0,0,51
05/19/2022,BLI,WA,ANM,WE,Federal Contract Tower,21,12,17,3,53,0,52,101,2,155,21,64,118,5,208,47,7,54,262
05/20/2022,BLI,WA,ANM,WE,Federal Contract Tower,22,10,12,0,44,0,64,153,4,221,22,74,165,4,265,154,0,154,419
05/21/2022,BLI,WA,ANM,WE,Federal Contract Tower,15,6,8,0,29,0,32,123,0,155,15,38,131,0,184,40,0,40,224
05/22/2022,BLI,WA,ANM,WE,Federal Contract Tower,18,4,14,1,37,0,18,131,0,149,18,22,145,1,186,112,0,112,298
05/23/2022,BLI,WA,ANM,WE,Federal Contract Tower,19,11,16,1,47,0,31,61,2,94,19,42,77,3,141,137,0,137,278
05/24/2022,BLI,WA,ANM,WE,Federal Contract Tower,15,11,20,1,47,0,27,82,2,111,15,38,102,3,158,79,0,79,237
05/25/2022,BLI,WA,ANM,WE,Federal Contract Tower,15,10,11,2,38,0,40,67,2,109,15,50,78,4,147,116,0,116,263
05/26/2022,BLI,WA,ANM,WE,Federal Contract Tower,20,8,13,0,41,0,46,95,0,141,20,54,108,0,182,66,0,66,248
05/27/2022,BLI,WA,ANM,WE,Federal Contract Tower,18,15,20,0,53,0,58,46,0,104,18,73,66,0,157,76,0,76,233
05/28/2022,BLI,WA,ANM,WE,Federal Contract Tower,15,4,5,0,24,0,10,60,0,70,15,14,65,0,94,92,0,92,186
05/29/2022,BLI,WA,ANM,WE,Federal Contract Tower,21,5,13,0,39,0,14,44,0,58,21,19,57,0,97,61,0,61,158
05/30/2022,BLI,WA,ANM,WE,Federal Contract Tower,19,4,21,0,44,0,14,56,0,70,19,18,77,0,114,67,0,67,181
05/31/2022,BLI,WA,ANM,WE,Federal Contract Tower,16,6,21,1,44,0,32,100,4,136,16,38,121,5,180,94,10,104,284
06/01/2022,BLI,WA,ANM,WE,Federal Contract Tower,15,8,14,0,37,0,37,109,4,150,15,45,123,4,187,118,0,118,305
06/02/2022,BLI,WA,ANM,WE,Federal Contract Tower,18,16,16,5,55,0,33,107,7,147,18,49,123,12,202,60,2,62,264
06/03/2022,BLI,WA,ANM,WE,Federal Contract Tower,18,6,20,0,44,0,26,24,0,50,18,32,44,0,94,10,0,10,104
06/04/2022,BLI,WA,ANM,WE,Federal Contract Tower,15,4,11,0,30,0,16,67,1,84,15,20,78,1,114,66,0,66,180
06/05/2022,BLI,WA,ANM,WE,Federal Contract Tower,19,1,5,0,25,0,18,14,0,32,19,19,19,0,57,22,0,22,79
06/06/2022,BLI,WA,ANM,WE,Federal Contract Tower,19,7,24,2,52,0,32,92,3,127,19,39,116,5,179,63,8,71,250
06/07/2022,BLI,WA,ANM,WE,Federal Contract Tower,11,9,20,1,41,0,32,140,5,177,11,41,160,6,218,120,8,128,346
06/08/2022,BLI,WA,ANM,WE,Federal Contract Tower,15,7,20,1,43,0,33,134,6,173,15,40,154,7,216,76,0,76,292
06/09/2022,BLI,WA,ANM,WE,Federal Contract Tower,20,10,24,0,54,0,26,25,0,51,20,36,49,0,105,40,0,40,145
06/10/2022,BLI,WA,ANM,WE,Federal Contract Tower,18,13,17,0,48,0,31,62,0,93,18,44,79,0,141,78,0,78,219
06/11/2022,BLI,WA,ANM,WE,Federal Contract Tower,15,4,20,0,39,0,18,59,0,77,15,22,79,0,116,114,0,114,230
06/12/2022,BLI,WA,ANM,WE,Federal Contract Tower,18,5,11,0,34,0,20,44,0,64,18,25,55,0,98,66,0,66,164
06/13/2022,BLI,WA,ANM,WE,Federal Contract Tower,18,8,15,0,41,0,42,69,0,111,18,50,84,0,152,97,0,97,249
06/14/2022,BLI,WA,ANM,WE,Federal Contract Tower,11,8,4,4,27,0,39,106,5,150,11,47,110,9,177,124,0,124,301
06/15/2022,BLI,WA,ANM,WE,Federal Contract Tower,16,14,16,0,46,0,38,111,5,154,16,52,127,5,200,134,0,134,334
06/16/2022,BLI,WA,ANM,WE,Federal Contract Tower,19,12,10,0,41,0,36,91,2,129,19,48,101,2,170,46,0,46,216
06/17/2022,BLI,WA,ANM,WE,Federal Contract Tower,18,4,29,0,51,0,40,74,0,114,18,44,103,0,165,50,0,50,215
06/18/2022,BLI,WA,ANM,WE,Federal Contract Tower,14,12,14,0,40,0,22,197,0,219,14,34,211,0,259,94,0,94,353
06/19/2022,BLI,WA,ANM,WE,Federal Contract Tower,19,2,11,0,32,0,23,71,0,94,19,25,82,0,126,142,0,142,268
06/20/2022,BLI,WA,ANM,WE,Federal Contract Tower,18,12,18,1,49,0,34,81,0,115,18,46,99,1,164,80,0,80,244
06/21/2022,BLI,WA,ANM,WE,Federal Contract Tower,12,6,13,1,32,0,45,82,0,127,12,51,95,1,159,143,5,148,307
06/22/2022,BLI,WA,ANM,WE,Federal Contract Tower,20,10,30,2,62,0,58,122,2,182,20,68,152,4,244,136,0,136,380
06/23/2022,BLI,WA,ANM,WE,Federal Contract Tower,20,10,20,2,52,0,61,137,1,199,20,71,157,3,251,156,0,156,407
06/24/2022,BLI,WA,ANM,WE,Federal Contract Tower,21,8,16,1,46,0,61,163,2,226,21,69,179,3,272,114,0,114,386
06/25/2022,BLI,WA,ANM,WE,Federal Contract Tower,13,5,12,0,30,0,23,117,0,140,13,28,129,0,170,34,0,34,204
06/26/2022,BLI,WA,ANM,WE,Federal Contract Tower,19,2,13,0,34,0,14,102,0,116,19,16,115,0,150,61,0,61,211
06/27/2022,BLI,WA,ANM,WE,Federal Contract Tower,21,8,22,0,51,0,73,102,0,175,21,81,124,0,226,100,0,100,326
06/28/2022,BLI,WA,ANM,WE,Federal Contract Tower,15,14,11,0,40,0,67,101,0,168,15,81,112,0,208,63,0,63,271
06/29/2022,BLI,WA,ANM,WE,Federal Contract Tower,20,8,25,0,53,0,45,91,2,138,20,53,116,2,191,100,0,100,291
06/30/2022,BLI,WA,ANM,WE,Federal Contract Tower,18,6,22,0,46,0,44,101,4,149,18,50,123,4,195,123,0,123,318
07/01/2022,BLI,WA,ANM,WE,Federal Contract Tower,20,6,33,0,59,0,74,142,0,216,20,80,175,0,275,32,0,32,307
07/02/2022,BLI,WA,ANM,WE,Federal Contract Tower,15,6,22,0,43,0,33,99,0,132,15,39,121,0,175,107,0,107,282
07/03/2022,BLI,WA,ANM,WE,Federal Contract Tower,21,5,12,0,38,0,33,6,0,39,21,38,18,0,77,0,0,0,77
07/04/2022,BLI,WA,ANM,WE,Federal Contract Tower,19,8,23,0,50,0,37,61,0,98,19,45,84,0,148,100,0,100,248
07/05/2022,BLI,WA,ANM,WE,Federal Contract Tower,17,12,17,0,46,0,45,95,1,141,17,57,112,1,187,44,0,44,231
07/06/2022,BLI,WA,ANM,WE,Federal Contract Tower,20,7,14,0,41,0,55,90,6,151,20,62,104,6,192,64,0,64,256
07/07/2022,BLI,WA,ANM,WE,Federal Contract Tower,21,6,25,0,52,0,42,83,4,129,21,48,108,4,181,54,0,54,235
07/08/2022,BLI,WA,ANM,WE,Federal Contract Tower,18,11,30,0,59,0,53,139,0,192,18,64,169,0,251,72,0,72,323
07/09/2022,BLI,WA,ANM,WE,Federal Contract Tower,15,8,20,1,44,0,31,133,4,168,15,39,153,5,212,106,0,106,318
07/10/2022,BLI,WA,ANM,WE,Federal Contract Tower,20,5,15,0,40,0,46,77,2,125,20,51,92,2,165,56,0,56,221
07/11/2022,BLI,WA,ANM,WE,Federal Contract Tower,18,10,16,1,45,0,85,130,1,216,18,95,146,2,261,95,0,95,356
07/12/2022,BLI,WA,ANM,WE,Federal Contract Tower,13,9,20,2,44,0,53,77,2,132,13,62,97,4,176,48,0,48,224
07/13/2022,BLI,WA,ANM,WE,Federal Contract Tower,18,8,19,0,45,0,52,136,2,190,18,60,155,2,235,134,0,134,369
07/14/2022,BLI,WA,ANM,WE,Federal Contract Tower,19,13,19,0,51,0,43,106,2,151,19,56,125,2,202,66,0,66,268
07/15/2022,BLI,WA,ANM,WE,Federal Contract Tower,20,13,26,0,59,0,61,132,4,197,20,74,158,4,256,94,0,94,350
07/16/2022,BLI,WA,ANM,WE,Federal Contract Tower,16,9,23,0,48,0,54,97,0,151,16,63,120,0,199,88,16,104,303
07/17/2022,BLI,WA,ANM,WE,Federal Contract Tower,20,8,16,0,44,0,37,72,0,109,20,45,88,0,153,126,0,126,279
07/18/2022,BLI,WA,ANM,WE,Federal Contract Tower,19,8,17,5,49,0,54,84,3,141,19,62,101,8,190,46,12,58,248
07/19/2022,BLI,WA,ANM,WE,Federal Contract Tower,13,13,13,1,40,0,67,139,1,207,13,80,152,2,247,148,0,148,395
07/20/2022,BLI,WA,ANM,WE,Federal Contract Tower,18,6,30,0,54,0,78,137,0,215,18,84,167,0,269,90,0,90,359
07/21/2022,BLI,WA,ANM,WE,Federal Contract Tower,19,6,20,0,45,0,57,122,4,183,19,63,142,4,228,64,0,64,292
07/22/2022,BLI,WA,ANM,WE,Federal Contract Tower,18,18,26,0,62,0,44,77,2,123,18,62,103,2,185,34,0,34,219
07/23/2022,BLI,WA,ANM,WE,Federal Contract Tower,15,6,20,0,41,0,41,109,0,150,15,47,129,0,191,106,0,106,297
07/24/2022,BLI,WA,ANM,WE,Federal Contract Tower,40,11,17,0,68,0,27,108,0,135,40,38,125,0,203,91,0,91,294
07/25/2022,BLI,WA,ANM,WE,Federal Contract Tower,19,8,19,0,46,0,56,135,0,191,19,64,154,0,237,139,0,139,376
07/26/2022,BLI,WA,ANM,WE,Federal Contract Tower,14,8,27,1,50,0,54,124,1,179,14,62,151,2,229,196,0,196,425
07/27/2022,BLI,WA,ANM,WE,Federal Contract Tower,20,8,18,1,47,0,66,114,0,180,20,74,132,1,227,86,0,86,313
07/28/2022,BLI,WA,ANM,WE,Federal Contract Tower,19,8,25,0,52,0,48,108,8,164,19,56,133,8,216,58,0,58,274
07/29/2022,BLI,WA,ANM,WE,Federal Contract Tower,20,9,15,0,44,0,67,139,0,206,20,76,154,0,250,76,0,76,326
07/30/2022,BLI,WA,ANM,WE,Federal Contract Tower,16,6,12,0,34,0,41,113,0,154,16,47,125,0,188,78,0,78,266
07/31/2022,BLI,WA,ANM,WE,Federal Contract Tower,19,9,16,0,44,0,39,109,2,150,19,48,125,2,194,152,14,166,360
08/01/2022,BLI,WA,ANM,WE,Federal Contract Tower,18,12,21,1,52,0,42,96,1,139,18,54,117,2,191,116,0,116,307
08/02/2022,BLI,WA,ANM,WE,Federal Contract Tower,13,11,18,0,42,0,43,87,0,130,13,54,105,0,172,92,0,92,264
08/03/2022,BLI,WA,ANM,WE,Federal Contract Tower,18,8,9,1,36,0,47,88,5,140,18,55,97,6,176,72,0,72,248
08/04/2022,BLI,WA,ANM,WE,Federal Contract Tower,18,14,25,0,57,0,65,96,0,161,18,79,121,0,218,31,0,31,249
08/05/2022,BLI,WA,ANM,WE,Federal Contract Tower,18,5,15,0,38,0,52,92,0,144,18,57,107,0,182,32,0,32,214
08/06/2022,BLI,WA,ANM,WE,Federal Contract Tower,15,5,22,1,43,0,37,105,7,149,15,42,127,8,192,50,12,62,254
08/07/2022,BLI,WA,ANM,WE,Federal Contract Tower,18,12,17,0,47,0,32,111,2,145,18,44,128,2,192,76,4,80,272
08/08/2022,BLI,WA,ANM,WE,Federal Contract Tower,18,14,20,2,54,0,44,106,1,151,18,58,126,3,205,30,0,30,235
08/09/2022,BLI,WA,ANM,WE,Federal Contract Tower,13,6,34,3,56,0,51,100,1,152,13,57,134,4,208,69,0,69,277
08/10/2022,BLI,WA,ANM,WE,Federal Contract Tower,18,12,24,2,56,0,41,76,3,120,18,53,100,5,176,31,0,31,207
08/11/2022,BLI,WA,ANM,WE,Federal Contract Tower,17,9,32,0,58,0,56,126,0,182,17,65,158,0,240,72,0,72,312
08/12/2022,BLI,WA,ANM,WE,Federal Contract Tower,18,11,20,2,51,0,50,99,0,149,18,61,119,2,200,74,0,74,274
08/13/2022,BLI,WA,ANM,WE,Federal Contract Tower,14,13,13,0,40,0,32,88,0,120,14,45,101,0,160,12,0,12,172
08/14/2022,BLI,WA,ANM,WE,Federal Contract Tower,21,3,15,0,39,0,23,97,0,120,21,26,112,0,159,32,0,32,191
08/15/2022,BLI,WA,ANM,WE,Federal Contract Tower,17,2,19,0,38,0,52,83,4,139,17,54,102,4,177,74,0,74,251
08/16/2022,BLI,WA,ANM,WE,Federal Contract Tower,13,9,17,1,40,0,35,109,8,152,13,44,126,9,192,126,0,126,318
08/17/2022,BLI,WA,ANM,WE,Federal Contract Tower,15,5,13,0,33,0,41,127,0,168,15,46,140,0,201,90,0,90,291
08/18/2022,BLI,WA,ANM,WE,Federal Contract Tower,19,7,28,1,55,0,48,84,1,133,19,55,112,2,188,88,0,88,276
08/19/2022,BLI,WA,ANM,WE,Federal Contract Tower,19,6,23,0,48,0,41,116,0,157,19,47,139,0,205,46,0,46,251
08/20/2022,BLI,WA,ANM,WE,Federal Contract Tower,9,9,12,0,30,0,25,79,2,106,9,34,91,2,136,40,0,40,176
08/21/2022,BLI,WA,ANM,WE,Federal Contract Tower,19,8,27,0,54,0,31,84,0,115,19,39,111,0,169,74,0,74,243
08/22/2022,BLI,WA,ANM,WE,Federal Contract Tower,19,7,16,0,42,0,56,98,2,156,19,63,114,2,198,16,0,16,214
08/23/2022,BLI,WA,ANM,WE,Federal Contract Tower,13,5,21,0,39,0,49,106,0,155,13,54,127,0,194,98,0,98,292
08/24/2022,BLI,WA,ANM,WE,Federal Contract Tower,16,4,17,0,37,0,39,97,0,136,16,43,114,0,173,62,0,62,235
08/25/2022,BLI,WA,ANM,WE,Federal Contract Tower,19,4,20,1,44,0,36,112,3,151,19,40,132,4,195,26,0,26,221
08/26/2022,BLI,WA,ANM,WE,Federal Contract Tower,19,23,49,0,91,0,25,50,0,75,19,48,99,0,166,26,0,26,192
08/27/2022,BLI,WA,ANM,WE,Federal Contract Tower,9,9,15,0,33,0,23,85,0,108,9,32,100,0,141,52,0,52,193
08/28/2022,BLI,WA,ANM,WE,Federal Contract Tower,19,6,26,0,51,0,21,92,0,113,19,27,118,0,164,68,0,68,232
08/29/2022,BLI,WA,ANM,WE,Federal Contract Tower,19,8,20,1,48,0,33,87,1,121,19,41,107,2,169,40,0,40,209
08/30/2022,BLI,WA,ANM,WE,Federal Contract Tower,13,5,12,2,32,0,49,124,5,178,13,54,136,7,210,98,0,98,308
08/31/2022,BLI,WA,ANM,WE,Federal Contract Tower,15,16,12,0,43,0,41,110,0,151,15,57,122,0,194,90,0,90,284
09/01/2022,BLI,WA,ANM,WE,Federal Contract Tower,19,16,26,0,61,0,24,54,0,78,19,40,80,0,139,32,0,32,171
09/02/2022,BLI,WA,ANM,WE,Federal Contract Tower,17,10,20,0,47,0,41,114,2,157,17,51,134,2,204,68,0,68,272
09/03/2022,BLI,WA,ANM,WE,Federal Contract Tower,11,7,14,1,33,0,19,57,3,79,11,26,71,4,112,40,10,50,162
09/04/2022,BLI,WA,ANM,WE,Federal Contract Tower,19,1,9,0,29,0,15,47,0,62,19,16,56,0,91,32,0,32,123
09/05/2022,BLI,WA,ANM,WE,Federal Contract Tower,17,1,12,0,30,0,28,91,2,121,17,29,103,2,151,72,0,72,223
09/06/2022,BLI,WA,ANM,WE,Federal Contract Tower,16,11,20,3,50,0,59,103,5,167,16,70,123,8,217,96,0,96,313
09/07/2022,BLI,WA,ANM,WE,Federal Contract Tower,14,13,29,0,56,0,40,109,2,151,14,53,138,2,207,52,0,52,259
09/08/2022,BLI,WA,ANM,WE,Federal Contract Tower,20,8,16,1,45,0,46,93,1,140,20,54,109,2,185,60,0,60,245
09/09/2022,BLI,WA,ANM,WE,Federal Contract Tower,18,7,17,0,42,0,43,62,2,107,18,50,79,2,149,18,12,30,179
09/10/2022,BLI,WA,ANM,WE,Federal Contract Tower,16,9,26,0,51,0,30,33,2,65,16,39,59,2,116,12,0,12,128
09/11/2022,BLI,WA,ANM,WE,Federal Contract Tower,20,4,20,2,46,0,14,22,0,36,20,18,42,2,82,0,0,0,82
09/12/2022,BLI,WA,ANM,WE,Federal Contract Tower,17,8,24,0,49,0,39,67,0,106,17,47,91,0,155,79,0,79,234
09/13/2022,BLI,WA,ANM,WE,Federal Contract Tower,19,11,18,0,48,0,41,56,3,100,19,52,74,3,148,86,0,86,234
09/14/2022,BLI,WA,ANM,WE,Federal Contract Tower,14,7,21,0,42,0,40,71,1,112,14,47,92,1,154,68,0,68,222
09/15/2022,BLI,WA,ANM,WE,Federal Contract Tower,22,8,19,0,49,0,34,86,2,122,22,42,105,2,171,32,0,32,203
09/16/2022,BLI,WA,ANM,WE,Federal Contract Tower,18,5,16,0,39,0,38,72,0,110,18,43,88,0,149,32,0,32,181
09/17/2022,BLI,WA,ANM,WE,Federal Contract Tower,17,3,15,0,35,0,21,97,0,118,17,24,112,0,153,52,0,52,205
09/18/2022,BLI,WA,ANM,WE,Federal Contract Tower,22,6,12,0,40,0,19,69,0,88,22,25,81,0,128,74,0,74,202
09/19/2022,BLI,WA,ANM,WE,Federal Contract Tower,19,6,19,2,46,0,41,105,2,148,19,47,124,4,194,108,0,108,302
09/20/2022,BLI,WA,ANM,WE,Federal Contract Tower,16,8,12,0,36,0,61,84,0,145,16,69,96,0,181,28,0,28,209
09/21/2022,BLI,WA,ANM,WE,Federal Contract Tower,16,8,10,0,34,0,44,134,2,180,16,52,144,2,214,158,0,158,372
09/22/2022,BLI,WA,ANM,WE,Federal Contract Tower,23,7,16,4,50,0,40,68,2,110,23,47,84,6,160,74,0,74,234
09/23/2022,BLI,WA,ANM,WE,Federal Contract Tower,18,5,13,0,36,0,32,81,0,113,18,37,94,0,149,212,0,212,361
09/24/2022,BLI,WA,ANM,WE,Federal Contract Tower,17,6,11,0,34,0,16,108,0,124,17,22,119,0,158,125,0,125,283
09/25/2022,BLI,WA,ANM,WE,Federal Contract Tower,21,8,17,0,46,0,23,101,0,124,21,31,118,0,170,96,0,96,266
09/26/2022,BLI,WA,ANM,WE,Federal Contract Tower,18,7,15,0,40,0,44,114,2,160,18,51,129,2,200,122,0,122,322
09/27/2022,BLI,WA,ANM,WE,Federal Contract Tower,17,9,25,1,52,0,38,111,3,152,17,47,136,4,204,163,0,163,367
09/28/2022,BLI,WA,ANM,WE,Federal Contract Tower,14,9,24,0,47,0,38,77,0,115,14,47,101,0,162,54,0,54,216
09/29/2022,BLI,WA,ANM,WE,Federal Contract Tower,21,11,16,1,49,0,31,74,5,110,21,42,90,6,159,80,0,80,239
09/30/2022,BLI,WA,ANM,WE,Federal Contract Tower,19,2,19,0,40,0,30,60,0,90,19,32,79,0,130,14,0,14,144
10/01/2022,BLI,WA,ANM,WE,Federal Contract Tower,19,4,14,0,37,0,10,75,0,85,19,14,89,0,122,68,0,68,190
10/02/2022,BLI,WA,ANM,WE,Federal Contract Tower,21,5,7,0,33,0,13,83,0,96,21,18,90,0,129,60,0,60,189
10/03/2022,BLI,WA,ANM,WE,Federal Contract Tower,20,5,18,0,43,0,23,88,0,111,20,28,106,0,154,114,0,114,268
10/04/2022,BLI,WA,ANM,WE,Federal Contract Tower,21,10,29,2,62,0,16,30,2,48,21,26,59,4,110,86,0,86,196
10/05/2022,BLI,WA,ANM,WE,Federal Contract Tower,15,12,21,0,48,0,17,102,0,119,15,29,123,0,167,170,0,170,337
10/06/2022,BLI,WA,ANM,WE,Federal Contract Tower,17,6,6,0,29,0,24,79,0,103,17,30,85,0,132,120,0,120,252
10/07/2022,BLI,WA,ANM,WE,Federal Contract Tower,18,7,26,0,51,0,36,86,2,124,18,43,112,2,175,90,18,108,283
10/08/2022,BLI,WA,ANM,WE,Federal Contract Tower,15,1,17,0,33,0,26,88,0,114,15,27,105,0,147,88,0,88,235
10/09/2022,BLI,WA,ANM,WE,Federal Contract Tower,19,2,14,0,35,0,21,60,0,81,19,23,74,0,116,104,0,104,220
10/10/2022,BLI,WA,ANM,WE,Federal Contract Tower,17,4,14,0,35,0,25,68,0,93,17,29,82,0,128,72,0,72,200
10/11/2022,BLI,WA,ANM,WE,Federal Contract Tower,15,5,19,0,39,0,38,129,0,167,15,43,148,0,206,134,0,134,340
10/12/2022,BLI,WA,ANM,WE,Federal Contract Tower,12,7,21,0,40,0,20,112,0,132,12,27,133,0,172,120,0,120,292
10/13/2022,BLI,WA,ANM,WE,Federal Contract Tower,19,7,17,0,43,0,35,103,0,138,19,42,120,0,181,102,0,102,283
10/14/2022,BLI,WA,ANM,WE,Federal Contract Tower,18,4,17,0,39,0,35,65,0,100,18,39,82,0,139,38,0,38,177
10/15/2022,BLI,WA,ANM,WE,Federal Contract Tower,16,7,14,0,37,0,18,73,2,93,16,25,87,2,130,60,0,60,190
10/16/2022,BLI,WA,ANM,WE,Federal Contract Tower,23,11,17,1,52,0,17,55,1,73,23,28,72,2,125,16,0,16,141
10/17/2022,BLI,WA,ANM,WE,Federal Contract Tower,15,8,18,4,45,0,31,75,2,108,15,39,93,6,153,98,0,98,251
10/18/2022,BLI,WA,ANM,WE,Federal Contract Tower,14,36,41,0,91,0,13,9,0,22,14,49,50,0,113,0,0,0,113
10/19/2022,BLI,WA,ANM,WE,Federal Contract Tower,12,16,25,0,53,0,2,2,0,4,12,18,27,0,57,0,0,0,57
10/20/2022,BLI,WA,ANM,WE,Federal Contract Tower,21,11,18,0,50,0,9,27,0,36,21,20,45,0,86,12,0,12,98
10/21/2022,BLI,WA,ANM,WE,Federal Contract Tower,17,14,7,0,38,0,20,17,2,39,17,34,24,2,77,18,0,18,95
10/22/2022,BLI,WA,ANM,WE,Federal Contract Tower,14,11,15,0,40,0,19,30,0,49,14,30,45,0,89,18,0,18,107
10/23/2022,BLI,WA,ANM,WE,Federal Contract Tower,20,0,15,0,35,0,15,82,0,97,20,15,97,0,132,98,0,98,230
10/24/2022,BLI,WA,ANM,WE,Federal Contract Tower,15,11,19,0,45,0,22,32,0,54,15,33,51,0,99,30,0,30,129
10/25/2022,BLI,WA,ANM,WE,Federal Contract Tower,15,7,8,0,30,0,24,27,1,52,15,31,35,1,82,78,0,78,160
10/26/2022,BLI,WA,ANM,WE,Federal Contract Tower,13,10,17,0,40,0,15,66,3,84,13,25,83,3,124,42,8,50,174
10/27/2022,BLI,WA,ANM,WE,Federal Contract Tower,17,7,7,0,31,0,15,8,0,23,17,22,15,0,54,0,0,0,54
10/28/2022,BLI,WA,ANM,WE,Federal Contract Tower,16,7,17,0,40,0,38,71,2,111,16,45,88,2,151,44,2,46,197
10/29/2022,BLI,WA,ANM,WE,Federal Contract Tower,15,4,14,0,33,0,8,93,0,101,15,12,107,0,134,34,0,34,168
10/30/2022,BLI,WA,ANM,WE,Federal Contract Tower,18,6,3,0,27,0,5,2,0,7,18,11,5,0,34,0,0,0,34
10/31/2022,BLI,WA,ANM,WE,Federal Contract Tower,17,14,9,0,40,0,17,37,2,56,17,31,46,2,96,52,2,54,150
11/01/2022,BLI,WA,ANM,WE,Federal Contract Tower,15,5,14,0,34,0,24,72,0,96,15,29,86,0,130,106,0,106,236
11/03/2022,BLI,WA,ANM,WE,Federal Contract Tower,17,13,9,2,41,0,16,38,2,56,17,29,47,4,97,48,4,52,149
11/04/2022,BLI,WA,ANM,WE,Federal Contract Tower,16,15,4,0,35,0,2,1,0,3,16,17,5,0,38,0,0,0,38
11/05/2022,BLI,WA,ANM,WE,Federal Contract Tower,15,4,5,0,24,0,14,44,0,58,15,18,49,0,82,112,0,112,194
11/06/2022,BLI,WA,ANM,WE,Federal Contract Tower,19,5,11,0,35,0,2,13,0,15,19,7,24,0,50,32,0,32,82
11/07/2022,BLI,WA,ANM,WE,Federal Contract Tower,16,8,8,0,32,0,17,18,0,35,16,25,26,0,67,0,0,0,67
11/08/2022,BLI,WA,ANM,WE,Federal Contract Tower,15,6,3,8,32,0,18,12,2,32,15,24,15,10,64,2,2,4,68
11/09/2022,BLI,WA,ANM,WE,Federal Contract Tower,10,8,14,1,33,0,25,102,1,128,10,33,116,2,161,56,0,56,217
11/10/2022,BLI,WA,ANM,WE,Federal Contract Tower,18,4,14,0,36,0,33,95,0,128,18,37,109,0,164,60,0,60,224
11/11/2022,BLI,WA,ANM,WE,Federal Contract Tower,17,7,22,0,46,0,23,73,0,96,17,30,95,0,142,122,0,122,264
11/12/2022,BLI,WA,ANM,WE,Federal Contract Tower,13,4,10,7,34,0,14,85,5,104,13,18,95,12,138,130,2,132,270
11/13/2022,BLI,WA,ANM,WE,Federal Contract Tower,19,1,8,0,28,0,13,84,2,99,19,14,92,2,127,54,0,54,181
11/14/2022,BLI,WA,ANM,WE,Federal Contract Tower,17,9,18,0,44,0,31,80,0,111,17,40,98,0,155,84,0,84,239
11/15/2022,BLI,WA,ANM,WE,Federal Contract Tower,17,5,13,0,35,0,26,75,0,101,17,31,88,0,136,80,0,80,216
11/16/2022,BLI,WA,ANM,WE,Federal Contract Tower,16,6,20,1,43,0,27,74,1,102,16,33,94,2,145,62,0,62,207
11/17/2022,BLI,WA,ANM,WE,Federal Contract Tower,19,6,6,0,31,0,26,24,0,50,19,32,30,0,81,8,0,8,89
11/18/2022,BLI,WA,ANM,WE,Federal Contract Tower,19,8,12,0,39,0,32,110,0,142,19,40,122,0,181,40,0,40,221
11/19/2022,BLI,WA,ANM,WE,Federal Contract Tower,16,4,10,0,30,0,19,85,0,104,16,23,95,0,134,96,0,96,230
11/20/2022,BLI,WA,ANM,WE,Federal Contract Tower,18,1,5,0,24,0,3,68,0,71,18,4,73,0,95,112,0,112,207
11/21/2022,BLI,WA,ANM,WE,Federal Contract Tower,19,9,6,3,37,0,30,64,3,97,19,39,70,6,134,92,12,104,238
11/22/2022,BLI,WA,ANM,WE,Federal Contract Tower,15,12,10,0,37,0,9,5,0,14,15,21,15,0,51,4,0,4,55
11/23/2022,BLI,WA,ANM,WE,Federal Contract Tower,19,6,26,0,51,0,19,54,0,73,19,25,80,0,124,32,0,32,156
11/24/2022,BLI,WA,ANM,WE,Federal Contract Tower,12,0,9,0,21,0,8,34,0,42,12,8,43,0,63,30,0,30,93
11/25/2022,BLI,WA,ANM,WE,Federal Contract Tower,12,10,6,0,28,0,12,9,0,21,12,22,15,0,49,10,0,10,59
11/26/2022,BLI,WA,ANM,WE,Federal Contract Tower,19,7,6,0,32,0,9,9,0,18,19,16,15,0,50,30,0,30,80
11/27/2022,BLI,WA,ANM,WE,Federal Contract Tower,19,0,16,0,35,0,12,39,0,51,19,12,55,0,86,18,0,18,104
11/28/2022,BLI,WA,ANM,WE,Federal Contract Tower,17,5,12,1,35,0,30,18,3,51,17,35,30,4,86,0,0,0,86
11/29/2022,BLI,WA,ANM,WE,Federal Contract Tower,16,11,6,0,33,0,21,11,0,32,16,32,17,0,65,44,0,44,109
11/30/2022,BLI,WA,ANM,WE,Federal Contract Tower,11,7,9,0,27,0,28,41,0,69,11,35,50,0,96,30,0,30,126
12/01/2022,BLI,WA,ANM,WE,Federal Contract Tower,15,6,2,1,24,0,27,48,5,80,15,33,50,6,104,10,2,12,116
12/02/2022,BLI,WA,ANM,WE,Federal Contract Tower,15,10,3,1,29,0,24,30,4,58,15,34,33,5,87,24,2,26,113
12/03/2022,BLI,WA,ANM,WE,Federal Contract Tower,11,10,15,1,37,0,15,42,0,57,11,25,57,1,94,26,0,26,120
12/04/2022,BLI,WA,ANM,WE,Federal Contract Tower,14,2,2,0,18,0,6,40,0,46,14,8,42,0,64,48,0,48,112
12/05/2022,BLI,WA,ANM,WE,Federal Contract Tower,17,10,8,2,37,0,27,78,2,107,17,37,86,4,144,36,6,42,186
12/06/2022,BLI,WA,ANM,WE,Federal Contract Tower,9,8,9,0,26,0,14,5,2,21,9,22,14,2,47,0,0,0,47
12/07/2022,BLI,WA,ANM,WE,Federal Contract Tower,11,15,14,0,40,0,19,34,0,53,11,34,48,0,93,24,0,24,117
12/08/2022,BLI,WA,ANM,WE,Federal Contract Tower,15,6,8,0,29,0,27,22,0,49,15,33,30,0,78,6,0,6,84
12/09/2022,BLI,WA,ANM,WE,Federal Contract Tower,18,5,4,0,27,0,24,21,0,45,18,29,25,0,72,22,0,22,94
12/10/2022,BLI,WA,ANM,WE,Federal Contract Tower,9,5,8,0,22,0,13,7,0,20,9,18,15,0,42,0,0,0,42
12/11/2022,BLI,WA,ANM,WE,Federal Contract Tower,14,5,10,0,29,0,0,0,0,0,14,5,10,0,29,0,0,0,29
12/12/2022,BLI,WA,ANM,WE,Federal Contract Tower,17,9,10,4,40,0,32,67,6,105,17,41,77,10,145,44,0,44,189
12/13/2022,BLI,WA,ANM,WE,Federal Contract Tower,8,8,9,0,25,0,19,38,0,57,8,27,47,0,82,102,0,102,184
12/14/2022,BLI,WA,ANM,WE,Federal Contract Tower,11,5,16,0,32,0,21,88,2,111,11,26,104,2,143,68,0,68,211
12/15/2022,BLI,WA,ANM,WE,Federal Contract Tower,16,5,15,0,36,0,21,74,0,95,16,26,89,0,131,46,0,46,177
12/16/2022,BLI,WA,ANM,WE,Federal Contract Tower,18,6,8,0,32,0,9,28,0,37,18,15,36,0,69,0,0,0,69
12/17/2022,BLI,WA,ANM,WE,Federal Contract Tower,16,11,11,0,38,0,2,2,0,4,16,13,13,0,42,0,0,0,42
12/18/2022,BLI,WA,ANM,WE,Federal Contract Tower,15,1,4,0,20,0,0,4,0,4,15,1,8,0,24,0,0,0,24
12/19/2022,BLI,WA,ANM,WE,Federal Contract Tower,15,6,8,0,29,0,5,1,0,6,15,11,9,0,35,0,0,0,35
12/20/2022,BLI,WA,ANM,WE,Federal Contract Tower,12,3,2,0,17,0,0,0,0,0,12,3,2,0,17,2,0,2,19
12/21/2022,BLI,WA,ANM,WE,Federal Contract Tower,14,6,3,2,25,0,1,3,0,4,14,7,6,2,29,0,0,0,29
12/22/2022,BLI,WA,ANM,WE,Federal Contract Tower,18,7,4,2,31,0,3,16,0,19,18,10,20,2,50,0,0,0,50
12/23/2022,BLI,WA,ANM,WE,Federal Contract Tower,0,0,0,0,0,0,0,0,0,0,0,0,0,0,0,0,0,0,0
12/24/2022,BLI,WA,ANM,WE,Federal Contract Tower,14,6,6,0,26,0,6,0,0,6,14,12,6,0,32,2,0,2,34
12/25/2022,BLI,WA,ANM,WE,Federal Contract Tower,13,1,3,0,17,0,2,3,0,5,13,3,6,0,22,12,0,12,34
12/26/2022,BLI,WA,ANM,WE,Federal Contract Tower,12,0,11,0,23,0,14,10,0,24,12,14,21,0,47,0,0,0,47
12/27/2022,BLI,WA,ANM,WE,Federal Contract Tower,11,7,0,0,18,0,23,0,0,23,11,30,0,0,41,0,0,0,41
12/28/2022,BLI,WA,ANM,WE,Federal Contract Tower,12,6,13,1,32,0,19,43,0,62,12,25,56,1,94,59,3,62,156
12/29/2022,BLI,WA,ANM,WE,Federal Contract Tower,15,7,9,0,31,0,22,23,0,45,15,29,32,0,76,60,0,60,136
12/30/2022,BLI,WA,ANM,WE,Federal Contract Tower,15,5,10,0,30,0,20,17,0,37,15,25,27,0,67,16,0,16,83
12/31/2022,BLI,WA,ANM,WE,Federal Contract Tower,16,5,6,0,27,0,12,21,0,33,16,17,27,0,60,30,0,30,90
01/01/2023,BLI,WA,ANM,WE,Federal Contract Tower,14,3,15,0,32,0,6,17,0,23,14,9,32,0,55,8,0,8,63
01/02/2023,BLI,WA,ANM,WE,Federal Contract Tower,14,0,12,0,26,0,16,88,0,104,14,16,100,0,130,70,0,70,200
01/03/2023,BLI,WA,ANM,WE,Federal Contract Tower,15,8,19,0,42,0,21,54,0,75,15,29,73,0,117,44,0,44,161
01/05/2023,BLI,WA,ANM,WE,Federal Contract Tower,16,14,18,2,50,0,25,26,6,57,16,39,44,8,107,28,10,38,145
01/06/2023,BLI,WA,ANM,WE,Federal Contract Tower,14,12,17,0,43,0,19,46,0,65,14,31,63,0,108,86,0,86,194
01/07/2023,BLI,WA,ANM,WE,Federal Contract Tower,11,4,6,0,21,0,9,18,0,27,11,13,24,0,48,60,0,60,108
01/08/2023,BLI,WA,ANM,WE,Federal Contract Tower,16,0,13,0,29,0,1,25,0,26,16,1,38,0,55,32,0,32,87
01/09/2023,BLI,WA,ANM,WE,Federal Contract Tower,16,5,3,0,24,0,17,20,2,39,16,22,23,2,63,16,0,16,79
01/10/2023,BLI,WA,ANM,WE,Federal Contract Tower,12,8,21,0,41,0,28,102,0,130,12,36,123,0,171,82,0,82,253
01/11/2023,BLI,WA,ANM,WE,Federal Contract Tower,10,6,21,1,38,0,22,52,8,82,10,28,73,9,120,44,18,62,182
01/12/2023,BLI,WA,ANM,WE,Federal Contract Tower,16,5,6,0,27,0,14,4,0,18,16,19,10,0,45,18,0,18,63
01/13/2023,BLI,WA,ANM,WE,Federal Contract Tower,15,10,6,0,31,0,15,22,0,37,15,25,28,0,68,12,0,12,80
01/14/2023,BLI,WA,ANM,WE,Federal Contract Tower,10,4,12,0,26,0,6,69,2,77,10,10,81,2,103,38,0,38,141
01/15/2023,BLI,WA,ANM,WE,Federal Contract Tower,11,0,6,0,17,0,9,25,0,34,11,9,31,0,51,50,0,50,101
01/16/2023,BLI,WA,ANM,WE,Federal Contract Tower,14,9,12,0,35,0,23,38,2,63,14,32,50,2,98,18,0,18,116
01/17/2023,BLI,WA,ANM,WE,Federal Contract Tower,8,11,6,2,27,0,30,11,0,41,8,41,17,2,68,0,0,0,68
01/18/2023,BLI,WA,ANM,WE,Federal Contract Tower,10,6,1,0,17,0,13,10,0,23,10,19,11,0,40,0,0,0,40
01/19/2023,BLI,WA,ANM,WE,Federal Contract Tower,17,4,10,0,31,0,20,47,4,71,17,24,57,4,102,56,0,56,158
01/20/2023,BLI,WA,ANM,WE,Federal Contract Tower,16,9,10,2,37,0,28,107,2,137,16,37,117,4,174,120,0,120,294
01/21/2023,BLI,WA,ANM,WE,Federal Contract Tower,11,9,6,0,26,0,12,13,0,25,11,21,19,0,51,28,0,28,79
01/22/2023,BLI,WA,ANM,WE,Federal Contract Tower,12,9,9,0,30,0,7,26,0,33,12,16,35,0,63,32,0,32,95
01/23/2023,BLI,WA,ANM,WE,Federal Contract Tower,14,7,12,0,33,0,15,51,2,68,14,22,63,2,101,44,0,44,145
01/24/2023,BLI,WA,ANM,WE,Federal Contract Tower,8,14,6,0,28,0,12,12,0,24,8,26,18,0,52,34,0,34,86
01/25/2023,BLI,WA,ANM,WE,Federal Contract Tower,15,16,8,1,40,0,2,4,1,7,15,18,12,2,47,0,0,0,47
01/26/2023,BLI,WA,ANM,WE,Federal Contract Tower,16,11,5,0,32,0,4,3,0,7,16,15,8,0,39,0,0,0,39
01/27/2023,BLI,WA,ANM,WE,Federal Contract Tower,14,11,12,0,37,0,11,25,0,36,14,22,37,0,73,2,0,2,75
01/28/2023,BLI,WA,ANM,WE,Federal Contract Tower,8,6,4,0,18,0,10,19,0,29,8,16,23,0,47,6,0,6,53
01/29/2023,BLI,WA,ANM,WE,Federal Contract Tower,12,0,5,0,17,0,8,77,0,85,12,8,82,0,102,58,0,58,160
01/30/2023,BLI,WA,ANM,WE,Federal Contract Tower,13,8,11,0,32,0,24,97,4,125,13,32,108,4,157,68,0,68,225
01/31/2023,BLI,WA,ANM,WE,Federal Contract Tower,9,10,11,0,30,0,18,33,0,51,9,28,44,0,81,6,0,6,87
02/01/2023,BLI,WA,ANM,WE,Federal Contract Tower,10,6,8,0,24,0,24,92,0,116,10,30,100,0,140,124,0,124,264
02/02/2023,BLI,WA,ANM,WE,Federal Contract Tower,17,9,19,4,49,0,27,88,2,117,17,36,107,6,166,66,2,68,234
02/03/2023,BLI,WA,ANM,WE,Federal Contract Tower,14,7,4,0,25,0,15,17,0,32,14,22,21,0,57,10,0,10,67
02/04/2023,BLI,WA,ANM,WE,Federal Contract Tower,9,8,12,0,29,0,13,24,0,37,9,21,36,0,66,24,0,24,90
02/05/2023,BLI,WA,ANM,WE,Federal Contract Tower,12,5,5,0,22,0,6,22,2,30,12,11,27,2,52,77,0,77,129
02/06/2023,BLI,WA,ANM,WE,Federal Contract Tower,16,11,11,0,38,0,23,15,2,40,16,34,26,2,78,46,0,46,124
02/07/2023,BLI,WA,ANM,WE,Federal Contract Tower,8,7,7,0,22,0,24,21,0,45,8,31,28,0,67,8,0,8,75
02/08/2023,BLI,WA,ANM,WE,Federal Contract Tower,10,4,10,0,24,0,17,95,0,112,10,21,105,0,136,72,0,72,208
02/09/2023,BLI,WA,ANM,WE,Federal Contract Tower,18,5,9,0,32,0,22,71,0,93,18,27,80,0,125,42,0,42,167
02/10/2023,BLI,WA,ANM,WE,Federal Contract Tower,16,7,16,0,39,0,25,72,4,101,16,32,88,4,140,68,0,68,208
02/11/2023,BLI,WA,ANM,WE,Federal Contract Tower,9,5,23,0,37,0,6,53,0,59,9,11,76,0,96,36,0,36,132
02/12/2023,BLI,WA,ANM,WE,Federal Contract Tower,12,7,16,0,35,0,9,13,0,22,12,16,29,0,57,4,0,4,61
02/13/2023,BLI,WA,ANM,WE,Federal Contract Tower,13,8,6,0,27,0,19,22,0,41,13,27,28,0,68,40,0,40,108
02/14/2023,BLI,WA,ANM,WE,Federal Contract Tower,9,7,12,1,29,0,18,60,1,79,9,25,72,2,108,56,14,70,178
02/15/2023,BLI,WA,ANM,WE,Federal Contract Tower,10,7,16,1,34,0,28,95,1,124,10,35,111,2,158,130,0,130,288
02/16/2023,BLI,WA,ANM,WE,Federal Contract Tower,18,11,6,1,36,0,30,69,3,102,18,41,75,4,138,22,0,22,160
02/17/2023,BLI,WA,ANM,WE,Federal Contract Tower,17,8,13,0,38,0,16,24,0,40,17,24,37,0,78,34,0,34,112
02/18/2023,BLI,WA,ANM,WE,Federal Contract Tower,13,7,7,0,27,0,10,10,0,20,13,17,17,0,47,0,0,0,47
02/19/2023,BLI,WA,ANM,WE,Federal Contract Tower,16,3,5,0,24,0,4,3,0,7,16,7,8,0,31,6,0,6,37
02/20/2023,BLI,WA,ANM,WE,Federal Contract Tower,19,20,11,0,50,0,9,0,0,9,19,29,11,0,59,0,0,0,59
02/21/2023,BLI,WA,ANM,WE,Federal Contract Tower,14,6,7,0,27,0,19,46,0,65,14,25,53,0,92,34,0,34,126
02/22/2023,BLI,WA,ANM,WE,Federal Contract Tower,12,4,9,0,25,0,7,1,0,8,12,11,10,0,33,0,0,0,33
02/23/2023,BLI,WA,ANM,WE,Federal Contract Tower,19,6,4,0,29,0,13,4,0,17,19,19,8,0,46,2,0,2,48
02/24/2023,BLI,WA,ANM,WE,Federal Contract Tower,21,7,6,0,34,0,17,82,4,103,21,24,88,4,137,36,4,40,177
02/25/2023,BLI,WA,ANM,WE,Federal Contract Tower,12,9,7,0,28,0,10,52,0,62,12,19,59,0,90,66,0,66,156
02/26/2023,BLI,WA,ANM,WE,Federal Contract Tower,12,3,7,2,24,0,8,15,0,23,12,11,22,2,47,14,0,14,61
02/27/2023,BLI,WA,ANM,WE,Federal Contract Tower,16,8,7,0,31,0,24,27,0,51,16,32,34,0,82,48,0,48,130
02/28/2023,BLI,WA,ANM,WE,Federal Contract Tower,12,12,12,0,36,0,3,12,0,15,12,15,24,0,51,20,0,20,71
03/01/2023,BLI,WA,ANM,WE,Federal Contract Tower,8,5,7,0,20,0,20,62,1,83,8,25,69,1,103,60,0,60,163
03/02/2023,BLI,WA,ANM,WE,Federal Contract Tower,13,9,6,1,29,0,30,24,1,55,13,39,30,2,84,18,14,32,116
03/03/2023,BLI,WA,ANM,WE,Federal Contract Tower,14,9,7,0,30,0,24,27,0,51,14,33,34,0,81,84,0,84,165
03/04/2023,BLI,WA,ANM,WE,Federal Contract Tower,13,8,9,0,30,0,8,6,0,14,13,16,15,0,44,44,0,44,88
03/05/2023,BLI,WA,ANM,WE,Federal Contract Tower,15,3,12,0,30,0,9,91,0,100,15,12,103,0,130,60,0,60,190
03/06/2023,BLI,WA,ANM,WE,Federal Contract Tower,14,10,12,2,38,0,22,61,0,83,14,32,73,2,121,102,0,102,223
03/07/2023,BLI,WA,ANM,WE,Federal Contract Tower,10,6,12,1,29,0,26,80,3,109,10,32,92,4,138,70,0,70,208
03/08/2023,BLI,WA,ANM,WE,Federal Contract Tower,8,14,9,0,31,0,19,84,0,103,8,33,93,0,134,64,0,64,198
03/09/2023,BLI,WA,ANM,WE,Federal Contract Tower,15,6,13,2,36,0,22,104,4,130,15,28,117,6,166,100,0,100,266
03/10/2023,BLI,WA,ANM,WE,Federal Contract Tower,14,11,5,0,30,0,22,28,0,50,14,33,33,0,80,6,0,6,86
03/11/2023,BLI,WA,ANM,WE,Federal Contract Tower,14,4,4,0,22,0,5,41,0,46,14,9,45,0,68,18,0,18,86
03/12/2023,BLI,WA,ANM,WE,Federal Contract Tower,10,1,1,0,12,0,8,40,2,50,10,9,41,2,62,58,0,58,120
03/13/2023,BLI,WA,ANM,WE,Federal Contract Tower,14,7,9,1,31,0,18,25,1,44,14,25,34,2,75,0,0,0,75
03/14/2023,BLI,WA,ANM,WE,Federal Contract Tower,11,6,10,0,27,0,26,66,2,94,11,32,76,2,121,40,0,40,161
03/15/2023,BLI,WA,ANM,WE,Federal Contract Tower,9,5,11,0,25,0,15,88,4,107,9,20,99,4,132,76,0,76,208
03/16/2023,BLI,WA,ANM,WE,Federal Contract Tower,15,7,9,0,31,0,29,97,2,128,15,36,106,2,159,42,0,42,201
03/17/2023,BLI,WA,ANM,WE,Federal Contract Tower,13,3,13,0,29,0,18,108,0,126,13,21,121,0,155,102,0,102,257
03/18/2023,BLI,WA,ANM,WE,Federal Contract Tower,16,6,14,2,38,0,18,81,0,99,16,24,95,2,137,44,0,44,181
03/19/2023,BLI,WA,ANM,WE,Federal Contract Tower,11,7,12,0,30,0,11,61,0,72,11,18,73,0,102,82,0,82,184
03/20/2023,BLI,WA,ANM,WE,Federal Contract Tower,14,11,4,0,29,0,20,22,0,42,14,31,26,0,71,48,0,48,119
03/21/2023,BLI,WA,ANM,WE,Federal Contract Tower,8,12,16,0,36,0,14,46,1,61,8,26,62,1,97,78,13,91,188
03/22/2023,BLI,WA,ANM,WE,Federal Contract Tower,9,9,15,0,33,0,23,112,0,135,9,32,127,0,168,26,0,26,194
03/23/2023,BLI,WA,ANM,WE,Federal Contract Tower,12,11,7,0,30,0,11,18,0,29,12,22,25,0,59,4,0,4,63
03/24/2023,BLI,WA,ANM,WE,Federal Contract Tower,16,4,11,0,31,0,26,15,0,41,16,30,26,0,72,0,0,0,72
03/25/2023,BLI,WA,ANM,WE,Federal Contract Tower,15,8,8,1,32,0,11,50,1,62,15,19,58,2,94,36,0,36,130
03/26/2023,BLI,WA,ANM,WE,Federal Contract Tower,11,6,18,0,35,0,10,49,0,59,11,16,67,0,94,98,0,98,192
03/27/2023,BLI,WA,ANM,WE,Federal Contract Tower,15,8,16,0,39,0,18,88,0,106,15,26,104,0,145,54,0,54,199
03/28/2023,BLI,WA,ANM,WE,Federal Contract Tower,9,11,8,0,28,0,23,68,4,95,9,34,76,4,123,19,0,19,142
03/29/2023,BLI,WA,ANM,WE,Federal Contract Tower,9,9,18,0,36,0,29,108,2,139,9,38,126,2,175,190,0,190,365
03/30/2023,BLI,WA,ANM,WE,Federal Contract Tower,17,7,23,0,47,0,24,56,2,82,17,31,79,2,129,80,0,80,209
03/31/2023,BLI,WA,ANM,WE,Federal Contract Tower,15,13,5,0,33,0,16,13,0,29,15,29,18,0,62,24,0,24,86
04/01/2023,BLI,WA,ANM,WE,Federal Contract Tower,15,14,2,0,31,0,12,20,2,34,15,26,22,2,65,30,0,30,95
04/02/2023,BLI,WA,ANM,WE,Federal Contract Tower,16,8,7,0,31,0,7,9,2,18,16,15,16,2,49,88,4,92,141
04/03/2023,BLI,WA,ANM,WE,Federal Contract Tower,18,10,7,0,35,0,23,27,4,54,18,33,34,4,89,98,4,102,191
04/04/2023,BLI,WA,ANM,WE,Federal Contract Tower,10,5,18,0,33,0,36,68,2,106,10,41,86,2,139,86,0,86,225
04/05/2023,BLI,WA,ANM,WE,Federal Contract Tower,9,5,15,5,34,0,24,90,11,125,9,29,105,16,159,110,6,116,275
04/06/2023,BLI,WA,ANM,WE,Federal Contract Tower,18,4,14,0,36,0,29,24,0,53,18,33,38,0,89,32,0,32,121
04/07/2023,BLI,WA,ANM,WE,Federal Contract Tower,18,10,20,0,48,0,16,11,0,27,18,26,31,0,75,14,0,14,89
04/08/2023,BLI,WA,ANM,WE,Federal Contract Tower,16,5,8,0,29,0,8,7,0,15,16,13,15,0,44,0,0,0,44
04/09/2023,BLI,WA,ANM,WE,Federal Contract Tower,14,2,4,0,20,0,2,4,0,6,14,4,8,0,26,0,0,0,26
04/10/2023,BLI,WA,ANM,WE,Federal Contract Tower,20,9,12,0,41,0,20,22,0,42,20,29,34,0,83,68,0,68,151
04/11/2023,BLI,WA,ANM,WE,Federal Contract Tower,10,8,13,0,31,0,25,35,0,60,10,33,48,0,91,14,0,14,105
04/12/2023,BLI,WA,ANM,WE,Federal Contract Tower,11,6,11,0,28,0,25,130,2,157,11,31,141,2,185,48,0,48,233
04/13/2023,BLI,WA,ANM,WE,Federal Contract Tower,17,6,15,0,38,0,20,54,2,76,17,26,69,2,114,20,0,20,134
04/14/2023,BLI,WA,ANM,WE,Federal Contract Tower,19,11,8,0,38,0,29,117,0,146,19,40,125,0,184,48,0,48,232
04/15/2023,BLI,WA,ANM,WE,Federal Contract Tower,15,12,5,0,32,0,16,53,2,71,15,28,58,2,103,22,0,22,125
04/16/2023,BLI,WA,ANM,WE,Federal Contract Tower,16,3,4,0,23,0,9,6,0,15,16,12,10,0,38,0,0,0,38
04/17/2023,BLI,WA,ANM,WE,Federal Contract Tower,18,9,13,0,40,0,18,32,0,50,18,27,45,0,90,3,0,3,93
04/18/2023,BLI,WA,ANM,WE,Federal Contract Tower,10,8,7,0,25,0,19,14,0,33,10,27,21,0,58,20,0,20,78
04/20/2023,BLI,WA,ANM,WE,Federal Contract Tower,15,9,11,0,35,0,13,27,8,48,15,22,38,8,83,6,2,8,91
04/21/2023,BLI,WA,ANM,WE,Federal Contract Tower,15,12,9,0,36,0,25,54,2,81,15,37,63,2,117,34,8,42,159
04/22/2023,BLI,WA,ANM,WE,Federal Contract Tower,13,13,8,0,34,0,11,52,2,65,13,24,60,2,99,72,0,72,171
04/23/2023,BLI,WA,ANM,WE,Federal Contract Tower,13,2,13,0,28,0,5,6,0,11,13,7,19,0,39,6,0,6,45
04/24/2023,BLI,WA,ANM,WE,Federal Contract Tower,15,6,16,0,37,0,18,66,0,84,15,24,82,0,121,40,0,40,161
04/25/2023,BLI,WA,ANM,WE,Federal Contract Tower,9,9,14,3,35,0,27,89,3,119,9,36,103,6,154,66,0,66,220
04/26/2023,BLI,WA,ANM,WE,Federal Contract Tower,11,6,16,0,33,0,19,77,3,99,11,25,93,3,132,57,0,57,189
04/27/2023,BLI,WA,ANM,WE,Federal Contract Tower,13,8,12,2,35,0,20,124,2,146,13,28,136,4,181,85,0,85,266
04/28/2023,BLI,WA,ANM,WE,Federal Contract Tower,16,9,18,0,43,23,112,18,0,153,39,121,36,0,196,66,0,66,262
04/29/2023,BLI,WA,ANM,WE,Federal Contract Tower,13,8,15,0,36,0,13,121,2,136,13,21,136,2,172,56,0,56,228
04/30/2023,BLI,WA,ANM,WE,Federal Contract Tower,12,5,28,1,46,0,10,84,8,102,12,15,112,9,148,40,0,40,188
05/01/2023,BLI,WA,ANM,WE,Federal Contract Tower,18,16,11,0,45,0,26,49,1,76,18,42,60,1,121,48,0,48,169
05/02/2023,BLI,WA,ANM,WE,Federal Contract Tower,8,18,24,0,50,0,26,80,0,106,8,44,104,0,156,58,4,62,218
05/03/2023,BLI,WA,ANM,WE,Federal Contract Tower,7,4,12,0,23,0,21,129,0,150,7,25,141,0,173,66,0,66,239
05/04/2023,BLI,WA,ANM,WE,Federal Contract Tower,15,7,11,0,33,0,30,41,0,71,15,37,52,0,104,22,0,22,126
05/05/2023,BLI,WA,ANM,WE,Federal Contract Tower,15,9,19,0,43,0,11,10,0,21,15,20,29,0,64,25,0,25,89
05/06/2023,BLI,WA,ANM,WE,Federal Contract Tower,11,10,8,0,29,0,10,29,0,39,11,20,37,0,68,18,0,18,86
05/07/2023,BLI,WA,ANM,WE,Federal Contract Tower,13,3,19,0,35,0,12,48,0,60,13,15,67,0,95,44,0,44,139
05/09/2023,BLI,WA,ANM,WE,Federal Contract Tower,9,9,12,0,30,0,30,87,0,117,9,39,99,0,147,85,0,85,232
05/10/2023,BLI,WA,ANM,WE,Federal Contract Tower,7,7,8,0,22,0,37,96,6,139,7,44,104,6,161,40,0,40,201
05/11/2023,BLI,WA,ANM,WE,Federal Contract Tower,15,9,14,0,38,0,37,97,0,134,15,46,111,0,172,64,0,64,236
05/12/2023,BLI,WA,ANM,WE,Federal Contract Tower,14,8,17,1,40,0,33,127,3,163,14,41,144,4,203,74,6,80,283
05/13/2023,BLI,WA,ANM,WE,Federal Contract Tower,11,8,11,0,30,0,13,86,0,99,11,21,97,0,129,47,0,47,176
05/14/2023,BLI,WA,ANM,WE,Federal Contract Tower,13,0,11,0,24,0,12,73,0,85,13,12,84,0,109,16,0,16,125
05/15/2023,BLI,WA,ANM,WE,Federal Contract Tower,15,7,10,0,32,0,37,73,0,110,15,44,83,0,142,68,0,68,210
05/16/2023,BLI,WA,ANM,WE,Federal Contract Tower,9,11,8,0,28,0,32,63,6,101,9,43,71,6,129,52,0,52,181
05/17/2023,BLI,WA,ANM,WE,Federal Contract Tower,9,6,20,1,36,0,29,118,2,149,9,35,138,3,185,167,0,167,352
05/18/2023,BLI,WA,ANM,WE,Federal Contract Tower,15,7,11,2,35,0,31,91,0,122,15,38,102,2,157,48,0,48,205
05/19/2023,BLI,WA,ANM,WE,Federal Contract Tower,12,4,23,1,40,0,33,97,1,131,12,37,120,2,171,44,0,44,215
05/20/2023,BLI,WA,ANM,WE,Federal Contract Tower,13,5,17,0,35,0,19,79,0,98,13,24,96,0,133,78,0,78,211
05/21/2023,BLI,WA,ANM,WE,Federal Contract Tower,13,8,9,0,30,0,13,26,0,39,13,21,35,0,69,0,0,0,69
05/22/2023,BLI,WA,ANM,WE,Federal Contract Tower,14,18,23,0,55,0,15,22,4,41,14,33,45,4,96,12,0,12,108
05/23/2023,BLI,WA,ANM,WE,Federal Contract Tower,9,9,26,0,44,0,29,79,0,108,9,38,105,0,152,120,0,120,272
05/24/2023,BLI,WA,ANM,WE,Federal Contract Tower,9,7,34,0,50,0,37,84,0,121,9,44,118,0,171,74,0,74,245
05/25/2023,BLI,WA,ANM,WE,Federal Contract Tower,16,12,8,2,38,0,45,91,0,136,16,57,99,2,174,6,0,6,180
05/26/2023,BLI,WA,ANM,WE,Federal Contract Tower,12,14,8,0,34,0,35,111,2,148,12,49,119,2,182,42,0,42,224
05/27/2023,BLI,WA,ANM,WE,Federal Contract Tower,11,4,4,0,19,0,20,48,0,68,11,24,52,0,87,42,0,42,129
05/28/2023,BLI,WA,ANM,WE,Federal Contract Tower,12,3,8,0,23,0,18,62,0,80,12,21,70,0,103,14,0,14,117
05/29/2023,BLI,WA,ANM,WE,Federal Contract Tower,13,10,10,2,35,0,23,51,0,74,13,33,61,2,109,18,0,18,127
05/30/2023,BLI,WA,ANM,WE,Federal Contract Tower,9,7,4,1,21,0,26,45,6,77,9,33,49,7,98,42,2,44,142
05/31/2023,BLI,WA,ANM,WE,Federal Contract Tower,9,11,13,5,38,0,37,76,4,117,9,48,89,9,155,64,0,64,219
06/01/2023,BLI,WA,ANM,WE,Federal Contract Tower,15,11,17,2,45,0,32,90,6,128,15,43,107,8,173,110,0,110,283
06/02/2023,BLI,WA,ANM,WE,Federal Contract Tower,13,4,5,0,22,0,28,85,4,117,13,32,90,4,139,117,8,125,264
06/03/2023,BLI,WA,ANM,WE,Federal Contract Tower,8,5,10,0,23,0,18,79,0,97,8,23,89,0,120,33,0,33,153
06/04/2023,BLI,WA,ANM,WE,Federal Contract Tower,13,8,15,0,36,0,21,83,0,104,13,29,98,0,140,19,0,19,159
06/05/2023,BLI,WA,ANM,WE,Federal Contract Tower,13,12,14,0,39,0,50,59,1,110,13,62,73,1,149,36,0,36,185
06/06/2023,BLI,WA,ANM,WE,Federal Contract Tower,8,6,15,2,31,0,28,77,1,106,8,34,92,3,137,42,0,42,179
06/07/2023,BLI,WA,ANM,WE,Federal Contract Tower,9,8,22,0,39,0,37,125,2,164,9,45,147,2,203,84,0,84,287
06/08/2023,BLI,WA,ANM,WE,Federal Contract Tower,15,9,19,1,44,0,31,77,8,116,15,40,96,9,160,46,14,60,220
06/09/2023,BLI,WA,ANM,WE,Federal Contract Tower,13,6,24,1,44,0,28,30,0,58,13,34,54,1,102,62,0,62,164
06/10/2023,BLI,WA,ANM,WE,Federal Contract Tower,7,6,20,0,33,0,9,11,0,20,7,15,31,0,53,0,0,0,53
06/11/2023,BLI,WA,ANM,WE,Federal Contract Tower,14,4,17,0,35,0,26,89,2,117,14,30,106,2,152,50,0,50,202
06/12/2023,BLI,WA,ANM,WE,Federal Contract Tower,14,8,26,0,48,0,37,112,1,150,14,45,138,1,198,82,0,82,280
06/13/2023,BLI,WA,ANM,WE,Federal Contract Tower,7,6,25,0,38,0,31,63,4,98,7,37,88,4,136,71,11,82,218
06/14/2023,BLI,WA,ANM,WE,Federal Contract Tower,11,5,23,0,39,0,34,96,0,130,11,39,119,0,169,42,0,42,211
06/15/2023,BLI,WA,ANM,WE,Federal Contract Tower,14,11,24,0,49,0,48,96,0,144,14,59,120,0,193,78,0,78,271
06/16/2023,BLI,WA,ANM,WE,Federal Contract Tower,15,14,13,0,42,0,32,61,0,93,15,46,74,0,135,75,0,75,210
06/17/2023,BLI,WA,ANM,WE,Federal Contract Tower,9,4,23,0,36,0,14,37,0,51,9,18,60,0,87,32,0,32,119
06/18/2023,BLI,WA,ANM,WE,Federal Contract Tower,13,3,18,0,34,0,16,41,0,57,13,19,59,0,91,36,0,36,127
06/19/2023,BLI,WA,ANM,WE,Federal Contract Tower,13,14,23,0,50,0,42,45,0,87,13,56,68,0,137,32,0,32,169
06/20/2023,BLI,WA,ANM,WE,Federal Contract Tower,7,16,13,4,40,0,25,31,0,56,7,41,44,4,96,42,0,42,138
06/21/2023,BLI,WA,ANM,WE,Federal Contract Tower,11,12,17,2,42,0,31,97,0,128,11,43,114,2,170,186,0,186,356
06/22/2023,BLI,WA,ANM,WE,Federal Contract Tower,16,9,22,0,47,0,45,131,4,180,16,54,153,4,227,86,0,86,313
06/23/2023,BLI,WA,ANM,WE,Federal Contract Tower,12,13,19,0,44,0,43,124,6,173,12,56,143,6,217,58,0,58,275
06/24/2023,BLI,WA,ANM,WE,Federal Contract Tower,11,5,17,0,33,0,28,73,0,101,11,33,90,0,134,60,0,60,194
06/25/2023,BLI,WA,ANM,WE,Federal Contract Tower,13,11,15,0,39,0,14,69,0,83,13,25,84,0,122,68,0,68,190
06/26/2023,BLI,WA,ANM,WE,Federal Contract Tower,13,12,19,1,45,0,30,67,3,100,13,42,86,4,145,80,0,80,225
06/27/2023,BLI,WA,ANM,WE,Federal Contract Tower,6,14,23,0,43,0,21,70,3,94,6,35,93,3,137,26,6,32,169
06/29/2023,BLI,WA,ANM,WE,Federal Contract Tower,15,13,22,0,50,0,30,86,4,120,15,43,108,4,170,48,0,48,218
06/30/2023,BLI,WA,ANM,WE,Federal Contract Tower,13,16,26,2,57,0,53,130,0,183,13,69,156,2,240,60,0,60,300
07/01/2023,BLI,WA,ANM,WE,Federal Contract Tower,11,6,20,0,37,0,18,98,0,116,11,24,118,0,153,68,0,68,221
07/02/2023,BLI,WA,ANM,WE,Federal Contract Tower,12,2,31,0,45,0,27,90,2,119,12,29,121,2,164,32,0,32,196
07/03/2023,BLI,WA,ANM,WE,Federal Contract Tower,13,9,8,0,30,0,43,94,0,137,13,52,102,0,167,82,0,82,249
07/04/2023,BLI,WA,ANM,WE,Federal Contract Tower,7,1,10,0,18,0,23,54,0,77,7,24,64,0,95,20,0,20,115
07/05/2023,BLI,WA,ANM,WE,Federal Contract Tower,10,9,27,0,46,0,48,115,0,163,10,57,142,0,209,100,0,100,309
07/06/2023,BLI,WA,ANM,WE,Federal Contract Tower,17,11,29,5,62,0,33,109,4,146,17,44,138,9,208,60,18,78,286
07/07/2023,BLI,WA,ANM,WE,Federal Contract Tower,13,18,32,1,64,0,29,64,1,94,13,47,96,2,158,18,0,18,176
07/08/2023,BLI,WA,ANM,WE,Federal Contract Tower,11,8,14,2,35,0,40,94,2,136,11,48,108,4,171,90,0,90,261
07/09/2023,BLI,WA,ANM,WE,Federal Contract Tower,13,6,35,0,54,0,17,84,0,101,13,23,119,0,155,97,0,97,252
07/10/2023,BLI,WA,ANM,WE,Federal Contract Tower,13,8,27,0,48,0,38,53,2,93,13,46,80,2,141,30,0,30,171
07/11/2023,BLI,WA,ANM,WE,Federal Contract Tower,6,9,26,0,41,0,37,91,0,128,6,46,117,0,169,72,0,72,241
07/12/2023,BLI,WA,ANM,WE,Federal Contract Tower,13,11,25,0,49,0,35,111,0,146,13,46,136,0,195,62,0,62,257
07/13/2023,BLI,WA,ANM,WE,Federal Contract Tower,15,14,19,2,50,0,48,92,5,145,15,62,111,7,195,126,0,126,321
07/14/2023,BLI,WA,ANM,WE,Federal Contract Tower,14,11,26,1,52,0,46,125,2,173,14,57,151,3,225,60,0,60,285
07/15/2023,BLI,WA,ANM,WE,Federal Contract Tower,11,9,12,0,32,0,30,103,0,133,11,39,115,0,165,28,0,28,193
07/16/2023,BLI,WA,ANM,WE,Federal Contract Tower,12,8,24,0,44,0,18,88,0,106,12,26,112,0,150,90,0,90,240
07/17/2023,BLI,WA,ANM,WE,Federal Contract Tower,13,9,15,0,37,0,34,67,4,105,13,43,82,4,142,24,0,24,166
07/18/2023,BLI,WA,ANM,WE,Federal Contract Tower,7,8,19,0,34,0,31,109,0,140,7,39,128,0,174,69,0,69,243
07/19/2023,BLI,WA,ANM,WE,Federal Contract Tower,11,18,10,0,39,0,40,114,0,154,11,58,124,0,193,60,0,60,253
07/20/2023,BLI,WA,ANM,WE,Federal Contract Tower,17,10,29,3,59,0,51,121,0,172,17,61,150,3,231,71,0,71,302
07/21/2023,BLI,WA,ANM,WE,Federal Contract Tower,10,11,11,0,32,0,39,77,0,116,10,50,88,0,148,56,0,56,204
07/22/2023,BLI,WA,ANM,WE,Federal Contract Tower,12,13,10,0,35,0,22,97,0,119,12,35,107,0,154,68,0,68,222
07/23/2023,BLI,WA,ANM,WE,Federal Contract Tower,12,6,16,0,34,0,24,108,2,134,12,30,124,2,168,83,0,83,251
07/24/2023,BLI,WA,ANM,WE,Federal Contract Tower,13,16,22,1,52,0,39,49,1,89,13,55,71,2,141,40,0,40,181
07/25/2023,BLI,WA,ANM,WE,Federal Contract Tower,6,8,16,1,31,0,45,64,1,110,6,53,80,2,141,66,0,66,207
07/26/2023,BLI,WA,ANM,WE,Federal Contract Tower,10,12,20,3,45,0,42,111,3,156,10,54,131,6,201,68,0,68,269
07/27/2023,BLI,WA,ANM,WE,Federal Contract Tower,16,6,12,5,39,0,44,89,5,138,16,50,101,10,177,54,0,54,231
07/28/2023,BLI,WA,ANM,WE,Federal Contract Tower,14,8,26,0,48,0,55,109,0,164,14,63,135,0,212,76,0,76,288
07/29/2023,BLI,WA,ANM,WE,Federal Contract Tower,11,9,12,2,34,0,27,92,0,119,11,36,104,2,153,36,0,36,189
07/30/2023,BLI,WA,ANM,WE,Federal Contract Tower,13,8,21,0,42,0,24,101,2,127,13,32,122,2,169,72,0,72,241
07/31/2023,BLI,WA,ANM,WE,Federal Contract Tower,13,12,24,2,51,0,38,86,2,126,13,50,110,4,177,68,0,68,245
08/01/2023,BLI,WA,ANM,WE,Federal Contract Tower,8,6,11,0,25,0,38,102,2,142,8,44,113,2,167,104,10,114,281
08/02/2023,BLI,WA,ANM,WE,Federal Contract Tower,11,12,19,4,46,0,42,117,2,161,11,54,136,6,207,50,6,56,263
08/03/2023,BLI,WA,ANM,WE,Federal Contract Tower,15,7,18,1,41,0,34,88,3,125,15,41,106,4,166,28,0,28,194
08/04/2023,BLI,WA,ANM,WE,Federal Contract Tower,13,9,36,2,60,0,38,90,8,136,13,47,126,10,196,44,10,54,250
08/05/2023,BLI,WA,ANM,WE,Federal Contract Tower,11,6,17,0,34,0,23,89,0,112,11,29,106,0,146,28,0,28,174
08/06/2023,BLI,WA,ANM,WE,Federal Contract Tower,12,4,21,0,37,0,31,101,0,132,12,35,122,0,169,42,0,42,211
08/07/2023,BLI,WA,ANM,WE,Federal Contract Tower,13,7,32,0,52,0,28,63,4,95,13,35,95,4,147,58,10,68,215
08/08/2023,BLI,WA,ANM,WE,Federal Contract Tower,7,10,25,0,42,0,41,69,4,114,7,51,94,4,156,32,0,32,188
08/09/2023,BLI,WA,ANM,WE,Federal Contract Tower,11,11,27,0,49,0,43,51,2,96,11,54,78,2,145,22,0,22,167
08/10/2023,BLI,WA,ANM,WE,Federal Contract Tower,14,8,10,1,33,0,50,75,3,128,14,58,85,4,161,94,8,102,263
08/11/2023,BLI,WA,ANM,WE,Federal Contract Tower,14,10,18,1,43,0,33,112,5,150,14,43,130,6,193,32,0,32,225
08/12/2023,BLI,WA,ANM,WE,Federal Contract Tower,8,4,19,0,31,0,23,96,0,119,8,27,115,0,150,44,0,44,194
08/13/2023,BLI,WA,ANM,WE,Federal Contract Tower,10,1,19,0,30,0,27,111,2,140,10,28,130,2,170,22,0,22,192
08/14/2023,BLI,WA,ANM,WE,Federal Contract Tower,14,11,22,0,47,0,40,96,2,138,14,51,118,2,185,40,0,40,225
08/15/2023,BLI,WA,ANM,WE,Federal Contract Tower,7,18,13,0,38,0,30,84,2,116,7,48,97,2,154,98,8,106,260
08/16/2023,BLI,WA,ANM,WE,Federal Contract Tower,9,16,24,2,51,0,45,125,2,172,9,61,149,4,223,106,0,106,329
08/17/2023,BLI,WA,ANM,WE,Federal Contract Tower,14,11,17,0,42,0,55,110,3,168,14,66,127,3,210,46,0,46,256
08/18/2023,BLI,WA,ANM,WE,Federal Contract Tower,13,11,33,0,57,0,46,131,1,178,13,57,164,1,235,140,0,140,375
08/19/2023,BLI,WA,ANM,WE,Federal Contract Tower,9,7,26,0,42,0,21,57,0,78,9,28,83,0,120,46,0,46,166
08/20/2023,BLI,WA,ANM,WE,Federal Contract Tower,14,7,46,0,67,0,33,29,2,64,14,40,75,2,131,20,0,20,151
08/21/2023,BLI,WA,ANM,WE,Federal Contract Tower,15,11,33,0,59,0,39,72,0,111,15,50,105,0,170,29,0,29,199
08/22/2023,BLI,WA,ANM,WE,Federal Contract Tower,8,9,18,4,39,0,48,85,2,135,8,57,103,6,174,96,0,96,270
08/23/2023,BLI,WA,ANM,WE,Federal Contract Tower,9,10,29,4,52,0,43,105,8,156,9,53,134,12,208,127,3,130,338
08/24/2023,BLI,WA,ANM,WE,Federal Contract Tower,15,14,19,1,49,0,37,88,9,134,15,51,107,10,183,80,8,88,271
08/25/2023,BLI,WA,ANM,WE,Federal Contract Tower,13,9,19,0,41,0,34,47,0,81,13,43,66,0,122,18,0,18,140
08/26/2023,BLI,WA,ANM,WE,Federal Contract Tower,10,7,12,0,29,0,20,59,2,81,10,27,71,2,110,60,0,60,170
08/27/2023,BLI,WA,ANM,WE,Federal Contract Tower,15,5,24,0,44,0,22,60,0,82,15,27,84,0,126,64,0,64,190
08/28/2023,BLI,WA,ANM,WE,Federal Contract Tower,11,11,11,0,33,0,27,34,2,63,11,38,45,2,96,46,0,46,142
08/29/2023,BLI,WA,ANM,WE,Federal Contract Tower,9,9,15,0,33,0,28,14,0,42,9,37,29,0,75,70,0,70,145
08/30/2023,BLI,WA,ANM,WE,Federal Contract Tower,9,8,25,1,43,0,27,82,1,110,9,35,107,2,153,81,3,84,237
08/31/2023,BLI,WA,ANM,WE,Federal Contract Tower,14,18,41,2,75,0,21,51,1,73,14,39,92,3,148,46,0,46,194
