01/01/2020,BNA,TN,ASO,CE,Combined TRACON& Tower with Radar,380,72,41,0,493,0,0,16,0,16,380,72,57,0,509,0,0,0,509
01/02/2020,BNA,TN,ASO,CE,Combined TRACON& Tower with Radar,444,70,55,0,569,0,0,0,0,0,444,70,55,0,569,0,0,0,569
01/03/2020,BNA,TN,ASO,CE,Combined TRACON& Tower with Radar,447,76,47,0,570,0,0,0,0,0,447,76,47,0,570,0,0,0,570
01/04/2020,BNA,TN,ASO,CE,Combined TRACON& Tower with Radar,348,73,52,0,473,0,0,2,0,2,348,73,54,0,475,0,0,0,475
01/05/2020,BNA,TN,ASO,CE,Combined TRACON& Tower with Radar,454,89,51,1,595,0,0,7,2,9,454,89,58,3,604,0,0,0,604
01/06/2020,BNA,TN,ASO,CE,Combined TRACON& Tower with Radar,465,65,61,1,592,0,0,36,0,36,465,65,97,1,628,0,0,0,628
01/07/2020,BNA,TN,ASO,CE,Combined TRACON& Tower with Radar,445,61,83,5,594,0,1,37,7,45,445,62,120,12,639,0,0,0,639
01/08/2020,BNA,TN,ASO,CE,Combined TRACON& Tower with Radar,449,45,57,4,555,0,1,50,4,55,449,46,107,8,610,0,0,0,610
01/09/2020,BNA,TN,ASO,CE,Combined TRACON& Tower with Radar,460,70,55,3,588,0,0,20,8,28,460,70,75,11,616,0,0,0,616
01/10/2020,BNA,TN,ASO,CE,Combined TRACON& Tower with Radar,456,50,54,4,564,0,0,7,14,21,456,50,61,18,585,0,0,0,585
01/11/2020,BNA,TN,ASO,CE,Combined TRACON& Tower with Radar,333,31,21,4,389,0,0,0,0,0,333,31,21,4,389,0,0,0,389
01/12/2020,BNA,TN,ASO,CE,Combined TRACON& Tower with Radar,446,71,57,7,581,0,1,7,0,8,446,72,64,7,589,0,0,0,589
01/13/2020,BNA,TN,ASO,CE,Combined TRACON& Tower with Radar,449,60,56,2,567,0,0,12,0,12,449,60,68,2,579,0,0,0,579
01/14/2020,BNA,TN,ASO,CE,Combined TRACON& Tower with Radar,442,72,72,12,598,0,1,8,5,14,442,73,80,17,612,0,0,0,612
01/15/2020,BNA,TN,ASO,CE,Combined TRACON& Tower with Radar,450,51,79,7,587,0,0,2,0,2,450,51,81,7,589,0,0,0,589
01/16/2020,BNA,TN,ASO,CE,Combined TRACON& Tower with Radar,462,67,95,9,633,0,0,38,13,51,462,67,133,22,684,0,0,0,684
01/17/2020,BNA,TN,ASO,CE,Combined TRACON& Tower with Radar,438,74,69,1,582,0,0,31,8,39,438,74,100,9,621,0,0,0,621
01/18/2020,BNA,TN,ASO,CE,Combined TRACON& Tower with Radar,318,59,36,3,416,0,0,0,3,3,318,59,36,6,419,0,0,0,419
01/19/2020,BNA,TN,ASO,CE,Combined TRACON& Tower with Radar,411,75,42,2,530,0,0,13,2,15,411,75,55,4,545,0,0,0,545
01/20/2020,BNA,TN,ASO,CE,Combined TRACON& Tower with Radar,448,76,65,3,592,0,0,5,1,6,448,76,70,4,598,0,0,0,598
01/21/2020,BNA,TN,ASO,CE,Combined TRACON& Tower with Radar,432,74,71,2,579,0,2,43,0,45,432,76,114,2,624,0,0,0,624
01/22/2020,BNA,TN,ASO,CE,Combined TRACON& Tower with Radar,443,64,68,9,584,0,0,38,13,51,443,64,106,22,635,0,0,0,635
01/23/2020,BNA,TN,ASO,CE,Combined TRACON& Tower with Radar,457,78,93,8,636,0,0,25,0,25,457,78,118,8,661,0,0,0,661
01/24/2020,BNA,TN,ASO,CE,Combined TRACON& Tower with Radar,455,60,80,4,599,0,1,0,8,9,455,61,80,12,608,0,0,0,608
01/25/2020,BNA,TN,ASO,CE,Combined TRACON& Tower with Radar,336,51,30,3,420,0,2,3,14,19,336,53,33,17,439,0,0,0,439
01/26/2020,BNA,TN,ASO,CE,Combined TRACON& Tower with Radar,442,75,50,1,568,0,0,13,6,19,442,75,63,7,587,0,0,0,587
01/27/2020,BNA,TN,ASO,CE,Combined TRACON& Tower with Radar,453,61,65,3,582,0,4,21,0,25,453,65,86,3,607,0,0,0,607
01/28/2020,BNA,TN,ASO,CE,Combined TRACON& Tower with Radar,445,64,70,2,581,0,4,11,2,17,445,68,81,4,598,0,0,0,598
01/29/2020,BNA,TN,ASO,CE,Combined TRACON& Tower with Radar,443,66,93,11,613,0,3,21,4,28,443,69,114,15,641,0,0,0,641
01/30/2020,BNA,TN,ASO,CE,Combined TRACON& Tower with Radar,452,96,100,5,653,0,0,7,17,24,452,96,107,22,677,0,0,0,677
01/31/2020,BNA,TN,ASO,CE,Combined TRACON& Tower with Radar,458,73,85,6,622,0,0,2,2,4,458,73,87,8,626,0,0,0,626
02/01/2020,BNA,TN,ASO,ES,Combined TRACON& Tower with Radar,342,61,22,6,431,0,0,10,0,10,342,61,32,6,441,0,0,0,441
02/02/2020,BNA,TN,ASO,ES,Combined TRACON& Tower with Radar,420,57,52,9,538,0,4,25,2,31,420,61,77,11,569,0,0,0,569
02/03/2020,BNA,TN,ASO,ES,Combined TRACON& Tower with Radar,450,77,66,4,597,0,6,43,3,52,450,83,109,7,649,0,0,0,649
02/04/2020,BNA,TN,ASO,ES,Combined TRACON& Tower with Radar,443,73,87,3,606,0,1,2,0,3,443,74,89,3,609,0,0,0,609
02/05/2020,BNA,TN,ASO,ES,Combined TRACON& Tower with Radar,443,59,59,0,561,0,0,0,0,0,443,59,59,0,561,0,0,0,561
02/06/2020,BNA,TN,ASO,ES,Combined TRACON& Tower with Radar,455,90,69,0,614,0,0,0,0,0,455,90,69,0,614,0,0,0,614
02/07/2020,BNA,TN,ASO,ES,Combined TRACON& Tower with Radar,447,77,83,5,612,0,0,20,16,36,447,77,103,21,648,0,0,0,648
02/08/2020,BNA,TN,ASO,ES,Combined TRACON& Tower with Radar,342,40,30,8,420,0,0,53,5,58,342,40,83,13,478,0,0,0,478
02/09/2020,BNA,TN,ASO,ES,Combined TRACON& Tower with Radar,437,75,36,2,550,0,3,14,7,24,437,78,50,9,574,0,0,0,574
02/10/2020,BNA,TN,ASO,ES,Combined TRACON& Tower with Radar,470,70,61,2,603,0,0,0,0,0,470,70,61,2,603,0,0,0,603
02/11/2020,BNA,TN,ASO,ES,Combined TRACON& Tower with Radar,452,98,70,4,624,0,0,1,8,9,452,98,71,12,633,0,0,0,633
02/12/2020,BNA,TN,ASO,ES,Combined TRACON& Tower with Radar,462,76,88,0,626,0,0,0,0,0,462,76,88,0,626,0,0,0,626
02/13/2020,BNA,TN,ASO,ES,Combined TRACON& Tower with Radar,468,108,102,0,678,0,0,5,13,18,468,108,107,13,696,0,0,0,696
02/14/2020,BNA,TN,ASO,ES,Combined TRACON& Tower with Radar,490,81,82,4,657,0,3,36,3,42,490,84,118,7,699,0,0,0,699
02/15/2020,BNA,TN,ASO,ES,Combined TRACON& Tower with Radar,331,64,31,4,430,0,1,58,0,59,331,65,89,4,489,0,0,0,489
02/16/2020,BNA,TN,ASO,ES,Combined TRACON& Tower with Radar,436,83,39,6,564,0,1,24,1,26,436,84,63,7,590,0,0,0,590
02/17/2020,BNA,TN,ASO,ES,Combined TRACON& Tower with Radar,491,70,72,3,636,0,2,32,1,35,491,72,104,4,671,0,0,0,671
02/18/2020,BNA,TN,ASO,ES,Combined TRACON& Tower with Radar,467,74,84,5,630,0,0,1,0,1,467,74,85,5,631,0,0,0,631
02/19/2020,BNA,TN,ASO,ES,Combined TRACON& Tower with Radar,467,79,82,6,634,0,2,48,8,58,467,81,130,14,692,0,0,0,692
02/20/2020,BNA,TN,ASO,ES,Combined TRACON& Tower with Radar,483,82,56,0,621,0,0,10,6,16,483,82,66,6,637,0,0,0,637
02/21/2020,BNA,TN,ASO,ES,Combined TRACON& Tower with Radar,492,81,93,6,672,0,6,69,11,86,492,87,162,17,758,0,0,0,758
02/22/2020,BNA,TN,ASO,ES,Combined TRACON& Tower with Radar,346,59,37,0,442,0,2,56,16,74,346,61,93,16,516,0,0,0,516
02/23/2020,BNA,TN,ASO,ES,Combined TRACON& Tower with Radar,467,80,48,2,597,0,0,11,5,16,467,80,59,7,613,0,0,0,613
02/24/2020,BNA,TN,ASO,ES,Combined TRACON& Tower with Radar,484,72,51,0,607,0,0,0,0,0,484,72,51,0,607,0,0,0,607
02/25/2020,BNA,TN,ASO,ES,Combined TRACON& Tower with Radar,469,79,93,2,643,0,1,12,6,19,469,80,105,8,662,0,0,0,662
02/26/2020,BNA,TN,ASO,ES,Combined TRACON& Tower with Radar,473,83,72,2,630,0,0,4,1,5,473,83,76,3,635,0,0,0,635
02/27/2020,BNA,TN,ASO,ES,Combined TRACON& Tower with Radar,490,81,87,4,662,0,0,61,11,72,490,81,148,15,734,0,0,0,734
02/28/2020,BNA,TN,ASO,ES,Combined TRACON& Tower with Radar,484,83,83,6,656,0,0,16,2,18,484,83,99,8,674,0,0,0,674
02/29/2020,BNA,TN,ASO,ES,Combined TRACON& Tower with Radar,341,58,31,8,438,0,1,63,0,64,341,59,94,8,502,0,0,0,502
03/01/2020,BNA,TN,ASO,ES,Combined TRACON& Tower with Radar,473,85,66,8,632,0,4,12,1,17,473,89,78,9,649,0,0,0,649
03/02/2020,BNA,TN,ASO,ES,Combined TRACON& Tower with Radar,485,77,72,1,635,0,0,0,0,0,485,77,72,1,635,0,0,0,635
03/03/2020,BNA,TN,ASO,ES,Combined TRACON& Tower with Radar,472,78,107,4,661,0,4,44,7,55,472,82,151,11,716,0,0,0,716
03/04/2020,BNA,TN,ASO,ES,Combined TRACON& Tower with Radar,475,86,123,9,693,0,4,53,7,64,475,90,176,16,757,0,0,0,757
03/05/2020,BNA,TN,ASO,ES,Combined TRACON& Tower with Radar,497,101,111,5,714,0,5,48,1,54,497,106,159,6,768,0,0,0,768
03/06/2020,BNA,TN,ASO,ES,Combined TRACON& Tower with Radar,489,89,66,9,653,0,5,7,9,21,489,94,73,18,674,0,0,0,674
03/07/2020,BNA,TN,ASO,ES,Combined TRACON& Tower with Radar,412,67,61,2,542,0,2,65,16,83,412,69,126,18,625,0,0,0,625
03/08/2020,BNA,TN,ASO,ES,Combined TRACON& Tower with Radar,497,104,83,2,686,0,5,21,6,32,497,109,104,8,718,0,0,0,718
03/09/2020,BNA,TN,ASO,ES,Combined TRACON& Tower with Radar,492,80,98,5,675,0,2,34,6,42,492,82,132,11,717,0,0,0,717
03/10/2020,BNA,TN,ASO,ES,Combined TRACON& Tower with Radar,472,76,110,1,659,0,0,7,4,11,472,76,117,5,670,0,0,0,670
03/11/2020,BNA,TN,ASO,ES,Combined TRACON& Tower with Radar,481,98,118,6,703,0,1,9,2,12,481,99,127,8,715,0,0,0,715
03/12/2020,BNA,TN,ASO,ES,Combined TRACON& Tower with Radar,511,107,107,8,733,0,0,3,0,3,511,107,110,8,736,0,0,0,736
03/13/2020,BNA,TN,ASO,ES,Combined TRACON& Tower with Radar,490,101,114,3,708,0,2,43,4,49,490,103,157,7,757,0,0,0,757
03/14/2020,BNA,TN,ASO,ES,Combined TRACON& Tower with Radar,434,80,61,0,575,0,0,8,0,8,434,80,69,0,583,0,0,0,583
03/15/2020,BNA,TN,ASO,ES,Combined TRACON& Tower with Radar,504,86,66,0,656,0,0,0,0,0,504,86,66,0,656,0,0,0,656
03/16/2020,BNA,TN,ASO,ES,Combined TRACON& Tower with Radar,498,65,55,0,618,0,0,16,0,16,498,65,71,0,634,0,0,0,634
03/17/2020,BNA,TN,ASO,ES,Combined TRACON& Tower with Radar,453,52,40,2,547,0,0,0,3,3,453,52,40,5,550,0,0,0,550
03/18/2020,BNA,TN,ASO,ES,Combined TRACON& Tower with Radar,463,69,49,0,581,0,0,13,1,14,463,69,62,1,595,0,0,0,595
03/19/2020,BNA,TN,ASO,ES,Combined TRACON& Tower with Radar,429,65,52,0,546,0,0,6,0,6,429,65,58,0,552,0,0,0,552
03/20/2020,BNA,TN,ASO,ES,Combined TRACON& Tower with Radar,410,62,46,0,518,0,0,3,0,3,410,62,49,0,521,0,0,0,521
03/21/2020,BNA,TN,ASO,ES,Combined TRACON& Tower with Radar,371,60,44,0,475,0,2,16,0,18,371,62,60,0,493,0,0,0,493
03/22/2020,BNA,TN,ASO,ES,Combined TRACON& Tower with Radar,323,52,38,0,413,0,0,7,0,7,323,52,45,0,420,0,0,0,420
03/23/2020,BNA,TN,ASO,ES,Combined TRACON& Tower with Radar,314,61,19,0,394,0,0,7,0,7,314,61,26,0,401,0,0,0,401
03/24/2020,BNA,TN,ASO,ES,Combined TRACON& Tower with Radar,277,34,16,0,327,0,0,0,0,0,277,34,16,0,327,0,0,0,327
03/25/2020,BNA,TN,ASO,ES,Combined TRACON& Tower with Radar,274,47,15,3,339,0,0,7,1,8,274,47,22,4,347,0,0,0,347
03/26/2020,BNA,TN,ASO,ES,Combined TRACON& Tower with Radar,277,35,19,2,333,0,2,14,0,16,277,37,33,2,349,0,0,0,349
03/27/2020,BNA,TN,ASO,ES,Combined TRACON& Tower with Radar,254,47,22,2,325,0,1,14,5,20,254,48,36,7,345,0,0,0,345
03/28/2020,BNA,TN,ASO,ES,Combined TRACON& Tower with Radar,232,33,9,0,274,0,0,5,0,5,232,33,14,0,279,0,0,0,279
03/29/2020,BNA,TN,ASO,ES,Combined TRACON& Tower with Radar,243,28,9,0,280,0,2,6,0,8,243,30,15,0,288,0,0,0,288
03/30/2020,BNA,TN,ASO,ES,Combined TRACON& Tower with Radar,225,40,22,0,287,0,0,18,0,18,225,40,40,0,305,0,0,0,305
03/31/2020,BNA,TN,ASO,ES,Combined TRACON& Tower with Radar,215,30,9,2,256,0,0,0,0,0,215,30,9,2,256,0,0,0,256
04/01/2020,BNA,TN,ASO,ES,Combined TRACON& Tower with Radar,211,27,13,2,253,0,2,15,2,19,211,29,28,4,272,0,0,0,272
04/02/2020,BNA,TN,ASO,ES,Combined TRACON& Tower with Radar,220,24,14,4,262,0,5,12,0,17,220,29,26,4,279,0,0,0,279
04/03/2020,BNA,TN,ASO,ES,Combined TRACON& Tower with Radar,210,33,9,0,252,0,3,9,3,15,210,36,18,3,267,0,0,0,267
04/04/2020,BNA,TN,ASO,ES,Combined TRACON& Tower with Radar,184,23,12,0,219,0,2,9,0,11,184,25,21,0,230,0,0,0,230
04/05/2020,BNA,TN,ASO,ES,Combined TRACON& Tower with Radar,175,22,9,0,206,0,1,8,0,9,175,23,17,0,215,0,0,0,215
04/06/2020,BNA,TN,ASO,ES,Combined TRACON& Tower with Radar,191,28,13,4,236,0,0,13,0,13,191,28,26,4,249,0,0,0,249
04/07/2020,BNA,TN,ASO,ES,Combined TRACON& Tower with Radar,180,31,15,5,231,0,1,8,2,11,180,32,23,7,242,0,0,0,242
04/08/2020,BNA,TN,ASO,ES,Combined TRACON& Tower with Radar,172,28,25,2,227,0,0,2,4,6,172,28,27,6,233,0,0,0,233
04/09/2020,BNA,TN,ASO,ES,Combined TRACON& Tower with Radar,173,17,14,2,206,0,0,10,4,14,173,17,24,6,220,0,0,0,220
04/10/2020,BNA,TN,ASO,ES,Combined TRACON& Tower with Radar,182,25,18,0,225,0,4,7,2,13,182,29,25,2,238,0,0,0,238
04/11/2020,BNA,TN,ASO,ES,Combined TRACON& Tower with Radar,119,17,10,2,148,0,1,15,0,16,119,18,25,2,164,0,0,0,164
04/12/2020,BNA,TN,ASO,ES,Combined TRACON& Tower with Radar,151,15,3,0,169,0,2,0,0,2,151,17,3,0,171,0,0,0,171
04/13/2020,BNA,TN,ASO,ES,Combined TRACON& Tower with Radar,168,30,10,4,212,0,0,6,0,6,168,30,16,4,218,0,0,0,218
04/14/2020,BNA,TN,ASO,ES,Combined TRACON& Tower with Radar,137,21,12,2,172,0,3,6,4,13,137,24,18,6,185,0,0,0,185
04/15/2020,BNA,TN,ASO,ES,Combined TRACON& Tower with Radar,146,22,12,0,180,0,4,12,6,22,146,26,24,6,202,0,0,0,202
04/16/2020,BNA,TN,ASO,ES,Combined TRACON& Tower with Radar,138,34,13,1,186,0,3,17,0,20,138,37,30,1,206,0,0,0,206
04/17/2020,BNA,TN,ASO,ES,Combined TRACON& Tower with Radar,123,34,18,3,178,0,2,6,2,10,123,36,24,5,188,0,0,0,188
04/18/2020,BNA,TN,ASO,ES,Combined TRACON& Tower with Radar,110,21,18,0,149,0,1,22,2,25,110,22,40,2,174,0,0,0,174
04/19/2020,BNA,TN,ASO,ES,Combined TRACON& Tower with Radar,125,20,9,2,156,0,0,6,4,10,125,20,15,6,166,0,0,0,166
04/20/2020,BNA,TN,ASO,ES,Combined TRACON& Tower with Radar,120,30,15,0,165,0,0,12,9,21,120,30,27,9,186,0,0,0,186
04/21/2020,BNA,TN,ASO,ES,Combined TRACON& Tower with Radar,117,34,33,0,184,0,2,17,6,25,117,36,50,6,209,0,0,0,209
04/22/2020,BNA,TN,ASO,ES,Combined TRACON& Tower with Radar,127,30,39,0,196,0,1,16,7,24,127,31,55,7,220,0,0,0,220
04/23/2020,BNA,TN,ASO,ES,Combined TRACON& Tower with Radar,128,32,14,0,174,0,0,2,0,2,128,32,16,0,176,0,0,0,176
04/24/2020,BNA,TN,ASO,ES,Combined TRACON& Tower with Radar,117,39,36,8,200,0,0,30,4,34,117,39,66,12,234,0,0,0,234
04/25/2020,BNA,TN,ASO,ES,Combined TRACON& Tower with Radar,107,22,4,0,133,0,0,4,0,4,107,22,8,0,137,0,0,0,137
04/26/2020,BNA,TN,ASO,ES,Combined TRACON& Tower with Radar,134,25,18,2,179,0,0,10,0,10,134,25,28,2,189,0,0,0,189
04/27/2020,BNA,TN,ASO,ES,Combined TRACON& Tower with Radar,122,26,17,8,173,0,1,24,10,35,122,27,41,18,208,0,0,0,208
04/28/2020,BNA,TN,ASO,ES,Combined TRACON& Tower with Radar,135,29,22,4,190,0,2,32,12,46,135,31,54,16,236,0,0,0,236
04/29/2020,BNA,TN,ASO,ES,Combined TRACON& Tower with Radar,136,31,8,0,175,0,0,0,0,0,136,31,8,0,175,0,0,0,175
04/30/2020,BNA,TN,ASO,ES,Combined TRACON& Tower with Radar,138,35,23,6,202,0,0,9,10,19,138,35,32,16,221,0,0,0,221
05/01/2020,BNA,TN,ASO,ES,Combined TRACON& Tower with Radar,142,27,31,1,201,0,5,68,6,79,142,32,99,7,280,0,0,0,280
05/02/2020,BNA,TN,ASO,ES,Combined TRACON& Tower with Radar,124,24,20,0,168,3,3,45,2,53,127,27,65,2,221,0,0,0,221
05/03/2020,BNA,TN,ASO,ES,Combined TRACON& Tower with Radar,137,32,31,0,200,0,0,5,0,5,137,32,36,0,205,0,0,0,205
05/04/2020,BNA,TN,ASO,ES,Combined TRACON& Tower with Radar,139,26,16,0,181,0,3,25,0,28,139,29,41,0,209,0,0,0,209
05/05/2020,BNA,TN,ASO,ES,Combined TRACON& Tower with Radar,131,31,20,4,186,0,0,6,7,13,131,31,26,11,199,0,0,0,199
05/06/2020,BNA,TN,ASO,ES,Combined TRACON& Tower with Radar,132,38,30,4,204,0,0,14,3,17,132,38,44,7,221,0,0,0,221
05/07/2020,BNA,TN,ASO,ES,Combined TRACON& Tower with Radar,138,42,31,2,213,0,4,54,10,68,138,46,85,12,281,0,0,0,281
05/08/2020,BNA,TN,ASO,ES,Combined TRACON& Tower with Radar,143,31,56,6,236,0,0,6,0,6,143,31,62,6,242,0,0,0,242
05/09/2020,BNA,TN,ASO,ES,Combined TRACON& Tower with Radar,123,37,18,0,178,0,0,57,0,57,123,37,75,0,235,0,0,0,235
05/10/2020,BNA,TN,ASO,ES,Combined TRACON& Tower with Radar,127,35,14,0,176,0,0,17,0,17,127,35,31,0,193,0,0,0,193
05/11/2020,BNA,TN,ASO,ES,Combined TRACON& Tower with Radar,139,40,40,1,220,0,0,39,0,39,139,40,79,1,259,0,0,0,259
05/12/2020,BNA,TN,ASO,ES,Combined TRACON& Tower with Radar,126,30,32,1,189,0,0,38,3,41,126,30,70,4,230,0,0,0,230
05/13/2020,BNA,TN,ASO,ES,Combined TRACON& Tower with Radar,140,32,28,0,200,0,0,24,0,24,140,32,52,0,224,0,0,0,224
05/14/2020,BNA,TN,ASO,ES,Combined TRACON& Tower with Radar,145,34,25,2,206,0,1,39,10,50,145,35,64,12,256,0,0,0,256
05/15/2020,BNA,TN,ASO,ES,Combined TRACON& Tower with Radar,143,43,17,0,203,0,2,36,3,41,143,45,53,3,244,0,0,0,244
05/16/2020,BNA,TN,ASO,ES,Combined TRACON& Tower with Radar,125,24,16,0,165,0,0,35,1,36,125,24,51,1,201,0,0,0,201
05/17/2020,BNA,TN,ASO,ES,Combined TRACON& Tower with Radar,137,31,31,0,199,0,0,8,0,8,137,31,39,0,207,0,0,0,207
05/18/2020,BNA,TN,ASO,ES,Combined TRACON& Tower with Radar,144,41,24,2,211,0,2,12,1,15,144,43,36,3,226,0,0,0,226
05/19/2020,BNA,TN,ASO,ES,Combined TRACON& Tower with Radar,129,35,36,0,200,0,0,21,10,31,129,35,57,10,231,0,0,0,231
05/20/2020,BNA,TN,ASO,ES,Combined TRACON& Tower with Radar,146,41,56,2,245,0,0,0,2,2,146,41,56,4,247,0,0,0,247
05/21/2020,BNA,TN,ASO,ES,Combined TRACON& Tower with Radar,170,47,40,5,262,0,1,14,9,24,170,48,54,14,286,0,0,0,286
05/22/2020,BNA,TN,ASO,ES,Combined TRACON& Tower with Radar,159,44,37,0,240,0,1,22,0,23,159,45,59,0,263,0,0,0,263
05/23/2020,BNA,TN,ASO,ES,Combined TRACON& Tower with Radar,132,37,27,0,196,0,0,40,0,40,132,37,67,0,236,0,0,0,236
05/24/2020,BNA,TN,ASO,ES,Combined TRACON& Tower with Radar,146,29,16,0,191,0,2,22,0,24,146,31,38,0,215,12,0,12,227
05/25/2020,BNA,TN,ASO,ES,Combined TRACON& Tower with Radar,150,32,23,0,205,0,0,24,0,24,150,32,47,0,229,14,0,14,243
05/26/2020,BNA,TN,ASO,ES,Combined TRACON& Tower with Radar,133,40,50,2,225,0,1,40,4,45,133,41,90,6,270,0,0,0,270
05/27/2020,BNA,TN,ASO,ES,Combined TRACON& Tower with Radar,146,49,52,3,250,0,1,4,1,6,146,50,56,4,256,0,0,0,256
05/28/2020,BNA,TN,ASO,ES,Combined TRACON& Tower with Radar,165,50,49,0,264,0,0,41,5,46,165,50,90,5,310,0,0,0,310
05/29/2020,BNA,TN,ASO,ES,Combined TRACON& Tower with Radar,166,33,36,1,236,0,2,54,2,58,166,35,90,3,294,0,0,0,294
05/30/2020,BNA,TN,ASO,ES,Combined TRACON& Tower with Radar,136,30,27,1,194,0,0,64,2,66,136,30,91,3,260,0,0,0,260
05/31/2020,BNA,TN,ASO,ES,Combined TRACON& Tower with Radar,163,38,28,0,229,0,0,22,2,24,163,38,50,2,253,0,0,0,253
06/01/2020,BNA,TN,ASO,ES,Combined TRACON& Tower with Radar,160,37,41,2,240,0,1,41,4,46,160,38,82,6,286,0,0,0,286
06/02/2020,BNA,TN,ASO,ES,Combined TRACON& Tower with Radar,141,40,16,3,200,0,10,46,7,63,141,50,62,10,263,0,0,0,263
06/03/2020,BNA,TN,ASO,ES,Combined TRACON& Tower with Radar,157,43,44,1,245,0,1,50,4,55,157,44,94,5,300,0,0,0,300
06/04/2020,BNA,TN,ASO,ES,Combined TRACON& Tower with Radar,197,50,44,3,294,0,0,29,2,31,197,50,73,5,325,0,0,0,325
06/05/2020,BNA,TN,ASO,ES,Combined TRACON& Tower with Radar,192,61,55,7,315,0,2,43,0,45,192,63,98,7,360,0,0,0,360
06/06/2020,BNA,TN,ASO,ES,Combined TRACON& Tower with Radar,160,35,19,0,214,0,0,61,2,63,160,35,80,2,277,0,0,0,277
06/07/2020,BNA,TN,ASO,ES,Combined TRACON& Tower with Radar,220,36,27,0,283,0,0,22,2,24,220,36,49,2,307,0,0,0,307
06/08/2020,BNA,TN,ASO,ES,Combined TRACON& Tower with Radar,214,50,38,3,305,0,1,23,2,26,214,51,61,5,331,0,0,0,331
06/09/2020,BNA,TN,ASO,ES,Combined TRACON& Tower with Radar,179,37,44,0,260,0,0,9,8,17,179,37,53,8,277,0,0,0,277
06/10/2020,BNA,TN,ASO,ES,Combined TRACON& Tower with Radar,183,58,50,2,293,0,1,20,4,25,183,59,70,6,318,0,0,0,318
06/11/2020,BNA,TN,ASO,ES,Combined TRACON& Tower with Radar,241,49,64,5,359,0,2,48,23,73,241,51,112,28,432,0,0,0,432
06/12/2020,BNA,TN,ASO,ES,Combined TRACON& Tower with Radar,232,45,56,1,334,0,1,40,4,45,232,46,96,5,379,0,0,0,379
06/13/2020,BNA,TN,ASO,ES,Combined TRACON& Tower with Radar,195,34,27,0,256,0,0,40,0,40,195,34,67,0,296,0,0,0,296
06/14/2020,BNA,TN,ASO,ES,Combined TRACON& Tower with Radar,239,40,53,0,332,1,0,3,0,4,240,40,56,0,336,0,0,0,336
06/15/2020,BNA,TN,ASO,ES,Combined TRACON& Tower with Radar,236,47,34,5,322,0,0,33,8,41,236,47,67,13,363,0,0,0,363
06/16/2020,BNA,TN,ASO,ES,Combined TRACON& Tower with Radar,187,31,32,2,252,0,4,55,7,66,187,35,87,9,318,0,0,0,318
06/17/2020,BNA,TN,ASO,ES,Combined TRACON& Tower with Radar,187,52,46,9,294,0,1,41,9,51,187,53,87,18,345,0,0,0,345
06/18/2020,BNA,TN,ASO,ES,Combined TRACON& Tower with Radar,240,54,49,2,345,0,1,64,13,78,240,55,113,15,423,0,0,0,423
06/19/2020,BNA,TN,ASO,ES,Combined TRACON& Tower with Radar,243,46,53,1,343,0,1,48,2,51,243,47,101,3,394,0,0,0,394
06/20/2020,BNA,TN,ASO,ES,Combined TRACON& Tower with Radar,225,29,37,1,292,0,5,47,1,53,225,34,84,2,345,0,0,0,345
06/21/2020,BNA,TN,ASO,ES,Combined TRACON& Tower with Radar,281,51,33,3,368,0,2,1,0,3,281,53,34,3,371,0,0,0,371
06/22/2020,BNA,TN,ASO,ES,Combined TRACON& Tower with Radar,283,44,46,0,373,0,0,20,3,23,283,44,66,3,396,0,0,0,396
06/23/2020,BNA,TN,ASO,ES,Combined TRACON& Tower with Radar,249,53,33,2,337,0,0,26,9,35,249,53,59,11,372,0,0,0,372
06/24/2020,BNA,TN,ASO,ES,Combined TRACON& Tower with Radar,250,47,61,2,360,0,0,58,7,65,250,47,119,9,425,0,0,0,425
06/25/2020,BNA,TN,ASO,ES,Combined TRACON& Tower with Radar,299,42,60,4,405,0,1,50,16,67,299,43,110,20,472,0,0,0,472
06/26/2020,BNA,TN,ASO,ES,Combined TRACON& Tower with Radar,288,54,65,9,416,0,1,49,4,54,288,55,114,13,470,0,0,0,470
06/27/2020,BNA,TN,ASO,ES,Combined TRACON& Tower with Radar,252,41,47,1,341,0,5,10,0,15,252,46,57,1,356,0,0,0,356
06/28/2020,BNA,TN,ASO,ES,Combined TRACON& Tower with Radar,298,43,38,4,383,0,0,3,0,3,298,43,41,4,386,0,0,0,386
06/29/2020,BNA,TN,ASO,ES,Combined TRACON& Tower with Radar,299,63,55,3,420,0,0,19,4,23,299,63,74,7,443,0,0,0,443
06/30/2020,BNA,TN,ASO,ES,Combined TRACON& Tower with Radar,279,50,31,0,360,0,0,6,0,6,279,50,37,0,366,0,0,0,366
07/01/2020,BNA,TN,ASO,ES,Combined TRACON& Tower with Radar,283,50,55,2,390,0,0,8,6,14,283,50,63,8,404,0,0,0,404
07/02/2020,BNA,TN,ASO,ES,Combined TRACON& Tower with Radar,328,56,57,0,441,0,0,38,3,41,328,56,95,3,482,0,0,0,482
07/03/2020,BNA,TN,ASO,ES,Combined TRACON& Tower with Radar,328,49,34,0,411,0,1,55,4,60,328,50,89,4,471,0,0,0,471
07/04/2020,BNA,TN,ASO,ES,Combined TRACON& Tower with Radar,254,22,10,0,286,0,0,34,2,36,254,22,44,2,322,0,0,0,322
07/05/2020,BNA,TN,ASO,ES,Combined TRACON& Tower with Radar,324,50,39,0,413,0,5,9,0,14,324,55,48,0,427,0,0,0,427
07/06/2020,BNA,TN,ASO,ES,Combined TRACON& Tower with Radar,326,52,38,2,418,0,0,44,1,45,326,52,82,3,463,0,0,0,463
07/07/2020,BNA,TN,ASO,ES,Combined TRACON& Tower with Radar,310,44,40,1,395,0,0,38,8,46,310,44,78,9,441,0,0,0,441
07/08/2020,BNA,TN,ASO,ES,Combined TRACON& Tower with Radar,313,40,53,3,409,0,0,30,13,43,313,40,83,16,452,0,0,0,452
07/09/2020,BNA,TN,ASO,ES,Combined TRACON& Tower with Radar,366,47,40,3,456,0,0,41,13,54,366,47,81,16,510,0,0,0,510
07/10/2020,BNA,TN,ASO,ES,Combined TRACON& Tower with Radar,355,49,53,5,462,0,2,38,1,41,355,51,91,6,503,0,0,0,503
07/11/2020,BNA,TN,ASO,ES,Combined TRACON& Tower with Radar,306,25,20,3,354,0,1,47,10,58,306,26,67,13,412,0,0,0,412
07/12/2020,BNA,TN,ASO,ES,Combined TRACON& Tower with Radar,357,54,35,0,446,0,0,5,1,6,357,54,40,1,452,0,0,0,452
07/13/2020,BNA,TN,ASO,ES,Combined TRACON& Tower with Radar,359,39,42,0,440,0,1,43,11,55,359,40,85,11,495,0,0,0,495
07/14/2020,BNA,TN,ASO,ES,Combined TRACON& Tower with Radar,317,50,34,8,409,0,4,47,10,61,317,54,81,18,470,0,0,0,470
07/15/2020,BNA,TN,ASO,ES,Combined TRACON& Tower with Radar,316,48,56,4,424,0,0,54,10,64,316,48,110,14,488,0,0,0,488
07/16/2020,BNA,TN,ASO,ES,Combined TRACON& Tower with Radar,367,52,41,8,468,0,0,37,12,49,367,52,78,20,517,0,0,0,517
07/17/2020,BNA,TN,ASO,ES,Combined TRACON& Tower with Radar,363,39,36,0,438,0,2,37,2,41,363,41,73,2,479,0,0,0,479
07/18/2020,BNA,TN,ASO,ES,Combined TRACON& Tower with Radar,316,35,29,0,380,0,1,38,4,43,316,36,67,4,423,0,0,0,423
07/19/2020,BNA,TN,ASO,ES,Combined TRACON& Tower with Radar,364,37,22,0,423,0,0,26,0,26,364,37,48,0,449,0,0,0,449
07/20/2020,BNA,TN,ASO,ES,Combined TRACON& Tower with Radar,364,46,28,3,441,0,2,31,11,44,364,48,59,14,485,0,0,0,485
07/21/2020,BNA,TN,ASO,ES,Combined TRACON& Tower with Radar,321,35,30,1,387,0,0,37,7,44,321,35,67,8,431,0,0,0,431
07/22/2020,BNA,TN,ASO,ES,Combined TRACON& Tower with Radar,314,45,39,2,400,0,1,18,3,22,314,46,57,5,422,0,0,0,422
07/23/2020,BNA,TN,ASO,ES,Combined TRACON& Tower with Radar,365,50,38,0,453,0,3,31,18,52,365,53,69,18,505,0,0,0,505
07/24/2020,BNA,TN,ASO,ES,Combined TRACON& Tower with Radar,358,55,36,2,451,0,0,25,1,26,358,55,61,3,477,0,0,0,477
07/25/2020,BNA,TN,ASO,ES,Combined TRACON& Tower with Radar,319,53,26,0,398,0,0,38,4,42,319,53,64,4,440,0,0,0,440
07/26/2020,BNA,TN,ASO,ES,Combined TRACON& Tower with Radar,351,39,20,0,410,0,1,11,5,17,351,40,31,5,427,0,0,0,427
07/27/2020,BNA,TN,ASO,ES,Combined TRACON& Tower with Radar,345,36,35,4,420,0,0,45,6,51,345,36,80,10,471,0,0,0,471
07/28/2020,BNA,TN,ASO,ES,Combined TRACON& Tower with Radar,318,53,32,4,407,0,0,43,3,46,318,53,75,7,453,0,0,0,453
07/29/2020,BNA,TN,ASO,ES,Combined TRACON& Tower with Radar,310,43,42,4,399,0,0,49,9,58,310,43,91,13,457,0,0,0,457
07/30/2020,BNA,TN,ASO,ES,Combined TRACON& Tower with Radar,355,54,25,9,443,0,2,29,5,36,355,56,54,14,479,0,0,0,479
07/31/2020,BNA,TN,ASO,ES,Combined TRACON& Tower with Radar,350,44,49,3,446,0,2,36,2,40,350,46,85,5,486,0,0,0,486
08/01/2020,BNA,TN,ASO,ES,Combined TRACON& Tower with Radar,324,41,32,4,401,0,0,22,0,22,324,41,54,4,423,0,0,0,423
08/02/2020,BNA,TN,ASO,ES,Combined TRACON& Tower with Radar,354,37,33,0,424,0,0,23,2,25,354,37,56,2,449,0,0,0,449
08/03/2020,BNA,TN,ASO,ES,Combined TRACON& Tower with Radar,364,44,33,1,442,0,0,44,3,47,364,44,77,4,489,0,0,0,489
08/04/2020,BNA,TN,ASO,ES,Combined TRACON& Tower with Radar,304,50,46,9,409,0,0,38,7,45,304,50,84,16,454,0,0,0,454
08/05/2020,BNA,TN,ASO,ES,Combined TRACON& Tower with Radar,312,49,44,3,408,0,2,57,7,66,312,51,101,10,474,0,0,0,474
08/06/2020,BNA,TN,ASO,ES,Combined TRACON& Tower with Radar,367,42,49,0,458,0,3,73,20,96,367,45,122,20,554,0,0,0,554
08/07/2020,BNA,TN,ASO,ES,Combined TRACON& Tower with Radar,363,39,51,1,454,0,8,62,13,83,363,47,113,14,537,0,0,0,537
08/08/2020,BNA,TN,ASO,ES,Combined TRACON& Tower with Radar,313,36,34,1,384,0,7,47,7,61,313,43,81,8,445,0,0,0,445
08/09/2020,BNA,TN,ASO,ES,Combined TRACON& Tower with Radar,357,44,42,4,447,0,1,29,4,34,357,45,71,8,481,0,0,0,481
08/10/2020,BNA,TN,ASO,ES,Combined TRACON& Tower with Radar,364,47,30,1,442,0,0,36,3,39,364,47,66,4,481,0,0,0,481
08/11/2020,BNA,TN,ASO,ES,Combined TRACON& Tower with Radar,336,52,53,5,446,0,0,51,9,60,336,52,104,14,506,0,0,0,506
08/12/2020,BNA,TN,ASO,ES,Combined TRACON& Tower with Radar,337,62,52,3,454,0,0,34,5,39,337,62,86,8,493,0,0,0,493
08/13/2020,BNA,TN,ASO,ES,Combined TRACON& Tower with Radar,404,62,38,2,506,0,0,22,9,31,404,62,60,11,537,0,0,0,537
08/14/2020,BNA,TN,ASO,ES,Combined TRACON& Tower with Radar,384,60,38,6,488,0,2,22,1,25,384,62,60,7,513,0,0,0,513
08/15/2020,BNA,TN,ASO,ES,Combined TRACON& Tower with Radar,344,40,33,0,417,0,3,38,0,41,344,43,71,0,458,0,0,0,458
08/16/2020,BNA,TN,ASO,ES,Combined TRACON& Tower with Radar,372,57,35,2,466,0,0,15,0,15,372,57,50,2,481,0,0,0,481
08/17/2020,BNA,TN,ASO,ES,Combined TRACON& Tower with Radar,377,41,30,2,450,0,2,57,3,62,377,43,87,5,512,0,0,0,512
08/18/2020,BNA,TN,ASO,ES,Combined TRACON& Tower with Radar,329,44,37,1,411,0,1,49,15,65,329,45,86,16,476,0,0,0,476
08/19/2020,BNA,TN,ASO,ES,Combined TRACON& Tower with Radar,337,47,58,5,447,0,2,19,4,25,337,49,77,9,472,0,0,0,472
08/20/2020,BNA,TN,ASO,ES,Combined TRACON& Tower with Radar,391,69,41,6,507,0,0,47,27,74,391,69,88,33,581,0,0,0,581
08/21/2020,BNA,TN,ASO,ES,Combined TRACON& Tower with Radar,378,40,55,0,473,0,1,11,0,12,378,41,66,0,485,0,0,0,485
08/22/2020,BNA,TN,ASO,ES,Combined TRACON& Tower with Radar,343,45,22,2,412,0,1,24,18,43,343,46,46,20,455,0,0,0,455
08/23/2020,BNA,TN,ASO,ES,Combined TRACON& Tower with Radar,369,51,43,3,466,0,4,8,7,19,369,55,51,10,485,0,0,0,485
08/24/2020,BNA,TN,ASO,ES,Combined TRACON& Tower with Radar,366,41,22,5,434,0,2,19,2,23,366,43,41,7,457,0,0,0,457
08/25/2020,BNA,TN,ASO,ES,Combined TRACON& Tower with Radar,331,45,58,7,441,0,1,59,27,87,331,46,117,34,528,0,0,0,528
08/26/2020,BNA,TN,ASO,ES,Combined TRACON& Tower with Radar,326,59,54,4,443,0,14,47,17,78,326,73,101,21,521,0,0,0,521
08/27/2020,BNA,TN,ASO,ES,Combined TRACON& Tower with Radar,388,51,60,3,502,0,0,56,4,60,388,51,116,7,562,0,0,0,562
08/28/2020,BNA,TN,ASO,ES,Combined TRACON& Tower with Radar,375,33,26,0,434,0,0,0,2,2,375,33,26,2,436,0,0,0,436
08/29/2020,BNA,TN,ASO,ES,Combined TRACON& Tower with Radar,333,49,27,4,413,0,3,28,0,31,333,52,55,4,444,0,0,0,444
08/30/2020,BNA,TN,ASO,ES,Combined TRACON& Tower with Radar,371,47,34,2,454,0,0,5,0,5,371,47,39,2,459,0,0,0,459
08/31/2020,BNA,TN,ASO,ES,Combined TRACON& Tower with Radar,366,39,48,2,455,0,0,29,1,30,366,39,77,3,485,0,0,0,485
09/01/2020,BNA,TN,ASO,ES,Combined TRACON& Tower with Radar,335,48,40,10,433,0,0,21,10,31,335,48,61,20,464,0,0,0,464
09/02/2020,BNA,TN,ASO,ES,Combined TRACON& Tower with Radar,332,57,62,8,459,0,3,33,0,36,332,60,95,8,495,0,0,0,495
09/03/2020,BNA,TN,ASO,ES,Combined TRACON& Tower with Radar,398,53,60,2,513,0,0,37,18,55,398,53,97,20,568,0,0,0,568
09/04/2020,BNA,TN,ASO,ES,Combined TRACON& Tower with Radar,380,72,48,2,502,0,2,18,2,22,380,74,66,4,524,0,0,0,524
09/05/2020,BNA,TN,ASO,ES,Combined TRACON& Tower with Radar,319,35,19,0,373,0,5,59,2,66,319,40,78,2,439,0,0,0,439
09/06/2020,BNA,TN,ASO,ES,Combined TRACON& Tower with Radar,312,41,28,0,381,0,0,31,0,31,312,41,59,0,412,0,0,0,412
09/07/2020,BNA,TN,ASO,ES,Combined TRACON& Tower with Radar,332,73,35,0,440,0,4,66,1,71,332,77,101,1,511,0,0,0,511
09/08/2020,BNA,TN,ASO,ES,Combined TRACON& Tower with Radar,283,69,47,13,412,0,0,56,26,82,283,69,103,39,494,0,0,0,494
09/09/2020,BNA,TN,ASO,ES,Combined TRACON& Tower with Radar,277,60,55,2,394,0,2,40,11,53,277,62,95,13,447,0,0,0,447
09/10/2020,BNA,TN,ASO,ES,Combined TRACON& Tower with Radar,329,64,57,5,455,0,0,52,19,71,329,64,109,24,526,0,0,0,526
09/11/2020,BNA,TN,ASO,ES,Combined TRACON& Tower with Radar,318,62,46,9,435,0,3,41,19,63,318,65,87,28,498,0,0,0,498
09/12/2020,BNA,TN,ASO,ES,Combined TRACON& Tower with Radar,286,45,24,2,357,0,0,19,4,23,286,45,43,6,380,0,0,0,380
09/13/2020,BNA,TN,ASO,ES,Combined TRACON& Tower with Radar,314,53,30,0,397,0,0,3,1,4,314,53,33,1,401,0,0,0,401
09/14/2020,BNA,TN,ASO,ES,Combined TRACON& Tower with Radar,310,67,48,9,434,0,1,21,2,24,310,68,69,11,458,0,0,0,458
09/15/2020,BNA,TN,ASO,ES,Combined TRACON& Tower with Radar,259,47,55,4,365,0,0,42,15,57,259,47,97,19,422,0,0,0,422
09/16/2020,BNA,TN,ASO,ES,Combined TRACON& Tower with Radar,267,79,62,1,409,0,4,55,2,61,267,83,117,3,470,0,0,0,470
09/17/2020,BNA,TN,ASO,ES,Combined TRACON& Tower with Radar,332,71,49,0,452,0,0,40,7,47,332,71,89,7,499,0,0,0,499
09/18/2020,BNA,TN,ASO,ES,Combined TRACON& Tower with Radar,318,79,62,8,467,0,0,52,3,55,318,79,114,11,522,0,0,0,522
09/19/2020,BNA,TN,ASO,ES,Combined TRACON& Tower with Radar,287,50,36,5,378,0,0,65,3,68,287,50,101,8,446,0,0,0,446
09/20/2020,BNA,TN,ASO,ES,Combined TRACON& Tower with Radar,321,75,42,3,441,0,3,22,0,25,321,78,64,3,466,0,0,0,466
09/21/2020,BNA,TN,ASO,ES,Combined TRACON& Tower with Radar,313,58,48,1,420,0,0,51,0,51,313,58,99,1,471,0,0,0,471
09/22/2020,BNA,TN,ASO,ES,Combined TRACON& Tower with Radar,270,53,55,6,384,0,0,52,8,60,270,53,107,14,444,0,0,0,444
09/23/2020,BNA,TN,ASO,ES,Combined TRACON& Tower with Radar,288,56,66,1,411,0,0,42,5,47,288,56,108,6,458,0,0,0,458
09/24/2020,BNA,TN,ASO,ES,Combined TRACON& Tower with Radar,336,70,66,0,472,0,0,8,0,8,336,70,74,0,480,0,0,0,480
09/25/2020,BNA,TN,ASO,ES,Combined TRACON& Tower with Radar,328,70,58,9,465,0,1,14,0,15,328,71,72,9,480,0,0,0,480
09/26/2020,BNA,TN,ASO,ES,Combined TRACON& Tower with Radar,285,41,42,0,368,0,0,40,1,41,285,41,82,1,409,0,0,0,409
09/27/2020,BNA,TN,ASO,ES,Combined TRACON& Tower with Radar,324,62,53,2,441,0,0,20,2,22,324,62,73,4,463,0,0,0,463
09/28/2020,BNA,TN,ASO,ES,Combined TRACON& Tower with Radar,315,46,44,0,405,0,3,9,0,12,315,49,53,0,417,0,0,0,417
09/29/2020,BNA,TN,ASO,ES,Combined TRACON& Tower with Radar,277,55,63,5,400,0,1,59,0,60,277,56,122,5,460,0,0,0,460
09/30/2020,BNA,TN,ASO,ES,Combined TRACON& Tower with Radar,287,75,61,0,423,0,2,58,4,64,287,77,119,4,487,0,0,0,487
10/01/2020,BNA,TN,ASO,ES,Combined TRACON& Tower with Radar,340,61,60,5,466,0,3,64,1,68,340,64,124,6,534,0,0,0,534
10/02/2020,BNA,TN,ASO,ES,Combined TRACON& Tower with Radar,325,71,53,4,453,0,4,62,4,70,325,75,115,8,523,0,0,0,523
10/03/2020,BNA,TN,ASO,ES,Combined TRACON& Tower with Radar,296,59,23,0,378,0,3,52,2,57,296,62,75,2,435,0,0,0,435
10/04/2020,BNA,TN,ASO,ES,Combined TRACON& Tower with Radar,327,71,62,3,463,0,5,9,4,18,327,76,71,7,481,0,0,0,481
10/05/2020,BNA,TN,ASO,ES,Combined TRACON& Tower with Radar,327,60,42,3,432,0,7,40,11,58,327,67,82,14,490,0,0,0,490
10/06/2020,BNA,TN,ASO,ES,Combined TRACON& Tower with Radar,275,58,36,0,369,0,1,48,8,57,275,59,84,8,426,0,0,0,426
10/07/2020,BNA,TN,ASO,ES,Combined TRACON& Tower with Radar,284,67,62,7,420,0,0,48,10,58,284,67,110,17,478,0,0,0,478
10/08/2020,BNA,TN,ASO,ES,Combined TRACON& Tower with Radar,390,86,58,9,543,0,2,55,8,65,390,88,113,17,608,0,0,0,608
10/09/2020,BNA,TN,ASO,ES,Combined TRACON& Tower with Radar,369,57,52,3,481,0,3,38,1,42,369,60,90,4,523,0,0,0,523
10/10/2020,BNA,TN,ASO,ES,Combined TRACON& Tower with Radar,339,44,24,2,409,0,0,6,0,6,339,44,30,2,415,0,0,0,415
10/11/2020,BNA,TN,ASO,ES,Combined TRACON& Tower with Radar,387,69,40,1,497,0,0,2,0,2,387,69,42,1,499,0,0,0,499
10/12/2020,BNA,TN,ASO,ES,Combined TRACON& Tower with Radar,379,60,44,2,485,0,1,26,0,27,379,61,70,2,512,0,0,0,512
10/13/2020,BNA,TN,ASO,ES,Combined TRACON& Tower with Radar,280,60,56,2,398,0,0,52,0,52,280,60,108,2,450,0,0,0,450
10/14/2020,BNA,TN,ASO,ES,Combined TRACON& Tower with Radar,292,90,83,6,471,0,1,45,0,46,292,91,128,6,517,0,0,0,517
10/15/2020,BNA,TN,ASO,ES,Combined TRACON& Tower with Radar,373,73,44,4,494,0,1,36,6,43,373,74,80,10,537,0,0,0,537
10/16/2020,BNA,TN,ASO,ES,Combined TRACON& Tower with Radar,366,56,66,5,493,0,1,53,2,56,366,57,119,7,549,0,0,0,549
10/17/2020,BNA,TN,ASO,ES,Combined TRACON& Tower with Radar,317,43,28,6,394,0,1,76,7,84,317,44,104,13,478,0,0,0,478
10/18/2020,BNA,TN,ASO,ES,Combined TRACON& Tower with Radar,372,93,71,6,542,0,1,9,0,10,372,94,80,6,552,0,0,0,552
10/19/2020,BNA,TN,ASO,ES,Combined TRACON& Tower with Radar,351,59,51,10,471,0,2,39,4,45,351,61,90,14,516,0,0,0,516
10/20/2020,BNA,TN,ASO,ES,Combined TRACON& Tower with Radar,274,49,68,6,397,0,0,53,23,76,274,49,121,29,473,0,0,0,473
10/21/2020,BNA,TN,ASO,ES,Combined TRACON& Tower with Radar,283,72,80,5,440,0,2,25,0,27,283,74,105,5,467,0,0,0,467
10/22/2020,BNA,TN,ASO,ES,Combined TRACON& Tower with Radar,351,61,43,5,460,0,0,21,1,22,351,61,64,6,482,0,0,0,482
10/23/2020,BNA,TN,ASO,ES,Combined TRACON& Tower with Radar,339,66,69,8,482,0,2,37,2,41,339,68,106,10,523,0,0,0,523
10/24/2020,BNA,TN,ASO,ES,Combined TRACON& Tower with Radar,278,41,29,0,348,0,0,2,0,2,278,41,31,0,350,0,0,0,350
10/25/2020,BNA,TN,ASO,ES,Combined TRACON& Tower with Radar,333,71,71,1,476,0,0,2,0,2,333,71,73,1,478,0,0,0,478
10/26/2020,BNA,TN,ASO,ES,Combined TRACON& Tower with Radar,325,44,56,3,428,0,0,0,0,0,325,44,56,3,428,0,0,0,428
10/27/2020,BNA,TN,ASO,ES,Combined TRACON& Tower with Radar,262,61,66,4,393,0,0,7,0,7,262,61,73,4,400,0,0,0,400
10/28/2020,BNA,TN,ASO,ES,Combined TRACON& Tower with Radar,265,63,40,1,369,0,0,0,0,0,265,63,40,1,369,0,0,0,369
10/29/2020,BNA,TN,ASO,ES,Combined TRACON& Tower with Radar,320,59,55,1,435,0,0,5,2,7,320,59,60,3,442,0,0,0,442
10/30/2020,BNA,TN,ASO,ES,Combined TRACON& Tower with Radar,312,61,74,4,451,0,2,38,0,40,312,63,112,4,491,0,0,0,491
10/31/2020,BNA,TN,ASO,ES,Combined TRACON& Tower with Radar,237,28,27,3,295,0,9,64,0,73,237,37,91,3,368,0,0,0,368
11/01/2020,BNA,TN,ASO,ES,Combined TRACON& Tower with Radar,298,40,52,0,390,0,4,9,0,13,298,44,61,0,403,0,0,0,403
11/02/2020,BNA,TN,ASO,ES,Combined TRACON& Tower with Radar,320,55,46,9,430,0,2,41,9,52,320,57,87,18,482,0,0,0,482
11/03/2020,BNA,TN,ASO,ES,Combined TRACON& Tower with Radar,245,51,37,0,333,0,4,42,3,49,245,55,79,3,382,0,0,0,382
11/04/2020,BNA,TN,ASO,ES,Combined TRACON& Tower with Radar,250,52,47,5,354,0,0,33,7,40,250,52,80,12,394,0,0,0,394
11/05/2020,BNA,TN,ASO,ES,Combined TRACON& Tower with Radar,371,62,78,4,515,0,2,34,6,42,371,64,112,10,557,0,0,0,557
11/06/2020,BNA,TN,ASO,ES,Combined TRACON& Tower with Radar,358,69,55,5,487,0,2,46,26,74,358,71,101,31,561,0,0,0,561
11/07/2020,BNA,TN,ASO,ES,Combined TRACON& Tower with Radar,243,54,26,5,328,0,0,54,18,72,243,54,80,23,400,0,0,0,400
11/08/2020,BNA,TN,ASO,ES,Combined TRACON& Tower with Radar,379,59,57,4,499,0,1,15,10,26,379,60,72,14,525,0,0,0,525
11/09/2020,BNA,TN,ASO,ES,Combined TRACON& Tower with Radar,384,61,44,0,489,0,0,43,0,43,384,61,87,0,532,0,0,0,532
11/10/2020,BNA,TN,ASO,ES,Combined TRACON& Tower with Radar,244,52,71,3,370,0,0,23,0,23,244,52,94,3,393,0,0,0,393
11/11/2020,BNA,TN,ASO,ES,Combined TRACON& Tower with Radar,256,49,44,2,351,0,0,9,0,9,256,49,53,2,360,0,0,0,360
11/12/2020,BNA,TN,ASO,ES,Combined TRACON& Tower with Radar,383,62,78,7,530,0,1,56,15,72,383,63,134,22,602,0,0,0,602
11/13/2020,BNA,TN,ASO,ES,Combined TRACON& Tower with Radar,365,54,56,11,486,0,7,44,9,60,365,61,100,20,546,0,0,0,546
11/14/2020,BNA,TN,ASO,ES,Combined TRACON& Tower with Radar,240,40,51,4,335,0,4,38,0,42,240,44,89,4,377,0,0,0,377
11/15/2020,BNA,TN,ASO,ES,Combined TRACON& Tower with Radar,377,62,41,6,486,0,0,3,0,3,377,62,44,6,489,0,0,0,489
11/16/2020,BNA,TN,ASO,ES,Combined TRACON& Tower with Radar,368,53,45,5,471,0,3,34,4,41,368,56,79,9,512,0,0,0,512
11/17/2020,BNA,TN,ASO,ES,Combined TRACON& Tower with Radar,242,47,56,0,345,0,0,47,8,55,242,47,103,8,400,0,0,0,400
11/18/2020,BNA,TN,ASO,ES,Combined TRACON& Tower with Radar,264,45,45,5,359,0,3,40,0,43,264,48,85,5,402,0,0,0,402
11/19/2020,BNA,TN,ASO,ES,Combined TRACON& Tower with Radar,381,50,52,0,483,0,1,51,11,63,381,51,103,11,546,0,0,0,546
11/20/2020,BNA,TN,ASO,ES,Combined TRACON& Tower with Radar,372,67,63,7,509,0,2,73,7,82,372,69,136,14,591,0,0,0,591
11/21/2020,BNA,TN,ASO,ES,Combined TRACON& Tower with Radar,339,68,46,4,457,0,1,48,10,59,339,69,94,14,516,0,0,0,516
11/22/2020,BNA,TN,ASO,ES,Combined TRACON& Tower with Radar,383,51,38,6,478,0,0,2,3,5,383,51,40,9,483,0,0,0,483
11/23/2020,BNA,TN,ASO,ES,Combined TRACON& Tower with Radar,352,54,40,2,448,0,4,29,0,33,352,58,69,2,481,0,0,0,481
11/24/2020,BNA,TN,ASO,ES,Combined TRACON& Tower with Radar,374,59,49,8,490,0,1,48,2,51,374,60,97,10,541,0,0,0,541
11/25/2020,BNA,TN,ASO,ES,Combined TRACON& Tower with Radar,393,58,52,0,503,0,3,0,0,3,393,61,52,0,506,0,0,0,506
11/26/2020,BNA,TN,ASO,ES,Combined TRACON& Tower with Radar,207,31,7,0,245,0,0,5,0,5,207,31,12,0,250,0,0,0,250
11/27/2020,BNA,TN,ASO,ES,Combined TRACON& Tower with Radar,330,40,32,0,402,0,0,26,0,26,330,40,58,0,428,0,0,0,428
11/28/2020,BNA,TN,ASO,ES,Combined TRACON& Tower with Radar,370,58,44,0,472,0,2,24,0,26,370,60,68,0,498,0,0,0,498
11/29/2020,BNA,TN,ASO,ES,Combined TRACON& Tower with Radar,379,84,79,0,542,0,0,8,0,8,379,84,87,0,550,0,0,0,550
11/30/2020,BNA,TN,ASO,ES,Combined TRACON& Tower with Radar,379,43,38,0,460,0,0,0,0,0,379,43,38,0,460,0,0,0,460
12/01/2020,BNA,TN,ASO,ES,Combined TRACON& Tower with Radar,338,59,47,3,447,1,2,36,4,43,339,61,83,7,490,0,0,0,490
12/02/2020,BNA,TN,ASO,ES,Combined TRACON& Tower with Radar,244,62,63,4,373,0,0,47,9,56,244,62,110,13,429,0,0,0,429
12/03/2020,BNA,TN,ASO,ES,Combined TRACON& Tower with Radar,294,48,41,2,385,0,0,36,20,56,294,48,77,22,441,0,0,0,441
12/04/2020,BNA,TN,ASO,ES,Combined TRACON& Tower with Radar,283,47,59,3,392,0,0,1,0,1,283,47,60,3,393,0,0,0,393
12/05/2020,BNA,TN,ASO,ES,Combined TRACON& Tower with Radar,211,49,33,1,294,0,0,44,2,46,211,49,77,3,340,0,0,0,340
12/06/2020,BNA,TN,ASO,ES,Combined TRACON& Tower with Radar,275,58,62,0,395,0,1,20,2,23,275,59,82,2,418,0,0,0,418
12/07/2020,BNA,TN,ASO,ES,Combined TRACON& Tower with Radar,278,50,38,5,371,0,1,43,0,44,278,51,81,5,415,0,0,0,415
12/08/2020,BNA,TN,ASO,ES,Combined TRACON& Tower with Radar,231,57,31,3,322,0,2,47,14,63,231,59,78,17,385,0,0,0,385
12/09/2020,BNA,TN,ASO,ES,Combined TRACON& Tower with Radar,239,66,71,6,382,0,4,51,3,58,239,70,122,9,440,0,0,0,440
12/10/2020,BNA,TN,ASO,ES,Combined TRACON& Tower with Radar,282,66,43,8,399,0,5,56,24,85,282,71,99,32,484,0,0,0,484
12/11/2020,BNA,TN,ASO,ES,Combined TRACON& Tower with Radar,288,55,45,6,394,0,0,53,2,55,288,55,98,8,449,0,0,0,449
12/12/2020,BNA,TN,ASO,ES,Combined TRACON& Tower with Radar,213,31,35,0,279,0,0,9,0,9,213,31,44,0,288,0,0,0,288
12/13/2020,BNA,TN,ASO,ES,Combined TRACON& Tower with Radar,280,42,41,1,364,0,0,16,0,16,280,42,57,1,380,0,0,0,380
12/14/2020,BNA,TN,ASO,ES,Combined TRACON& Tower with Radar,278,69,37,1,385,0,0,0,0,0,278,69,37,1,385,0,0,0,385
12/15/2020,BNA,TN,ASO,ES,Combined TRACON& Tower with Radar,233,63,58,0,354,0,2,55,20,77,233,65,113,20,431,0,0,0,431
12/16/2020,BNA,TN,ASO,ES,Combined TRACON& Tower with Radar,240,55,46,0,341,0,0,0,0,0,240,55,46,0,341,0,0,0,341
12/17/2020,BNA,TN,ASO,ES,Combined TRACON& Tower with Radar,348,59,61,7,475,0,0,54,12,66,348,59,115,19,541,0,0,0,541
12/18/2020,BNA,TN,ASO,ES,Combined TRACON& Tower with Radar,368,64,51,4,487,0,2,51,0,53,368,66,102,4,540,0,0,0,540
12/19/2020,BNA,TN,ASO,ES,Combined TRACON& Tower with Radar,353,49,56,0,458,0,0,36,0,36,353,49,92,0,494,0,0,0,494
12/20/2020,BNA,TN,ASO,ES,Combined TRACON& Tower with Radar,358,52,68,0,478,0,0,6,1,7,358,52,74,1,485,0,0,0,485
12/21/2020,BNA,TN,ASO,ES,Combined TRACON& Tower with Radar,361,68,43,2,474,0,5,28,1,34,361,73,71,3,508,0,0,0,508
12/22/2020,BNA,TN,ASO,ES,Combined TRACON& Tower with Radar,362,64,36,9,471,0,2,49,1,52,362,66,85,10,523,0,0,0,523
12/23/2020,BNA,TN,ASO,ES,Combined TRACON& Tower with Radar,385,45,47,0,477,0,1,14,0,15,385,46,61,0,492,0,0,0,492
12/24/2020,BNA,TN,ASO,ES,Combined TRACON& Tower with Radar,263,37,14,0,314,0,0,11,0,11,263,37,25,0,325,0,0,0,325
12/25/2020,BNA,TN,ASO,ES,Combined TRACON& Tower with Radar,227,43,15,0,285,0,1,14,0,15,227,44,29,0,300,0,0,0,300
12/26/2020,BNA,TN,ASO,ES,Combined TRACON& Tower with Radar,358,74,44,0,476,0,3,30,0,33,358,77,74,0,509,0,0,0,509
12/27/2020,BNA,TN,ASO,ES,Combined TRACON& Tower with Radar,373,70,44,0,487,0,0,10,0,10,373,70,54,0,497,0,0,0,497
12/28/2020,BNA,TN,ASO,ES,Combined TRACON& Tower with Radar,366,68,35,0,469,0,1,30,0,31,366,69,65,0,500,0,0,0,500
12/29/2020,BNA,TN,ASO,ES,Combined TRACON& Tower with Radar,356,47,39,2,444,0,1,32,2,35,356,48,71,4,479,0,0,0,479
12/30/2020,BNA,TN,ASO,ES,Combined TRACON& Tower with Radar,384,65,44,0,493,0,0,8,0,8,384,65,52,0,501,0,0,0,501
12/31/2020,BNA,TN,ASO,ES,Combined TRACON& Tower with Radar,258,54,19,0,331,0,0,0,0,0,258,54,19,0,331,0,0,0,331
01/01/2021,BNA,TN,ASO,ES,Combined TRACON& Tower with Radar,244,41,26,0,311,0,0,1,0,1,244,41,27,0,312,0,0,0,312
01/02/2021,BNA,TN,ASO,ES,Combined TRACON& Tower with Radar,362,81,62,0,505,0,0,5,0,5,362,81,67,0,510,0,0,0,510
01/03/2021,BNA,TN,ASO,ES,Combined TRACON& Tower with Radar,379,75,67,0,521,0,2,17,0,19,379,77,84,0,540,0,0,0,540
01/04/2021,BNA,TN,ASO,ES,Combined TRACON& Tower with Radar,362,53,59,2,476,0,0,45,0,45,362,53,104,2,521,0,0,0,521
01/05/2021,BNA,TN,ASO,ES,Combined TRACON& Tower with Radar,296,51,44,4,395,0,0,35,2,37,296,51,79,6,432,0,0,0,432
01/06/2021,BNA,TN,ASO,ES,Combined TRACON& Tower with Radar,287,44,47,6,384,0,2,46,0,48,287,46,93,6,432,0,0,0,432
01/07/2021,BNA,TN,ASO,ES,Combined TRACON& Tower with Radar,295,49,24,7,375,0,0,28,9,37,295,49,52,16,412,0,0,0,412
01/08/2021,BNA,TN,ASO,ES,Combined TRACON& Tower with Radar,279,54,36,3,372,0,0,3,6,9,279,54,39,9,381,0,0,0,381
01/09/2021,BNA,TN,ASO,ES,Combined TRACON& Tower with Radar,204,60,22,4,290,0,2,6,1,9,204,62,28,5,299,0,0,0,299
01/10/2021,BNA,TN,ASO,ES,Combined TRACON& Tower with Radar,272,52,63,2,389,0,4,19,4,27,272,56,82,6,416,0,0,0,416
01/11/2021,BNA,TN,ASO,ES,Combined TRACON& Tower with Radar,280,47,36,0,363,0,0,3,1,4,280,47,39,1,367,0,0,0,367
01/12/2021,BNA,TN,ASO,ES,Combined TRACON& Tower with Radar,244,48,50,9,351,0,0,33,4,37,244,48,83,13,388,0,0,0,388
01/13/2021,BNA,TN,ASO,ES,Combined TRACON& Tower with Radar,248,57,44,3,352,0,6,60,3,69,248,63,104,6,421,0,0,0,421
01/14/2021,BNA,TN,ASO,ES,Combined TRACON& Tower with Radar,296,87,43,2,428,0,0,64,10,74,296,87,107,12,502,0,0,0,502
01/15/2021,BNA,TN,ASO,ES,Combined TRACON& Tower with Radar,287,62,47,1,397,0,3,27,3,33,287,65,74,4,430,0,0,0,430
01/16/2021,BNA,TN,ASO,ES,Combined TRACON& Tower with Radar,204,46,29,1,280,0,1,9,0,10,204,47,38,1,290,0,0,0,290
01/17/2021,BNA,TN,ASO,ES,Combined TRACON& Tower with Radar,265,46,31,0,342,1,0,11,0,12,266,46,42,0,354,0,0,0,354
01/18/2021,BNA,TN,ASO,ES,Combined TRACON& Tower with Radar,286,65,61,0,412,0,0,33,0,33,286,65,94,0,445,0,0,0,445
01/19/2021,BNA,TN,ASO,ES,Combined TRACON& Tower with Radar,249,50,44,3,346,0,0,47,2,49,249,50,91,5,395,0,0,0,395
01/20/2021,BNA,TN,ASO,ES,Combined TRACON& Tower with Radar,248,53,48,1,350,0,3,63,2,68,248,56,111,3,418,0,0,0,418
01/21/2021,BNA,TN,ASO,ES,Combined TRACON& Tower with Radar,296,57,51,1,405,0,0,3,5,8,296,57,54,6,413,0,0,0,413
01/22/2021,BNA,TN,ASO,ES,Combined TRACON& Tower with Radar,284,57,71,11,423,0,2,40,10,52,284,59,111,21,475,0,0,0,475
01/23/2021,BNA,TN,ASO,ES,Combined TRACON& Tower with Radar,205,47,29,7,288,0,2,72,5,79,205,49,101,12,367,0,0,0,367
01/24/2021,BNA,TN,ASO,ES,Combined TRACON& Tower with Radar,282,57,54,8,401,0,0,6,7,13,282,57,60,15,414,0,0,0,414
01/25/2021,BNA,TN,ASO,ES,Combined TRACON& Tower with Radar,291,48,48,3,390,0,0,1,0,1,291,48,49,3,391,0,0,0,391
01/26/2021,BNA,TN,ASO,ES,Combined TRACON& Tower with Radar,244,51,39,6,340,0,1,41,9,51,244,52,80,15,391,0,0,0,391
01/27/2021,BNA,TN,ASO,ES,Combined TRACON& Tower with Radar,254,57,47,1,359,0,0,17,0,17,254,57,64,1,376,0,0,0,376
01/28/2021,BNA,TN,ASO,ES,Combined TRACON& Tower with Radar,290,55,69,6,420,0,0,56,2,58,290,55,125,8,478,0,0,0,478
01/29/2021,BNA,TN,ASO,ES,Combined TRACON& Tower with Radar,286,66,65,4,421,0,8,50,0,58,286,74,115,4,479,0,0,0,479
01/30/2021,BNA,TN,ASO,ES,Combined TRACON& Tower with Radar,198,48,24,1,271,0,1,33,4,38,198,49,57,5,309,0,0,0,309
01/31/2021,BNA,TN,ASO,ES,Combined TRACON& Tower with Radar,270,62,41,1,374,0,0,5,0,5,270,62,46,1,379,0,0,0,379
02/01/2021,BNA,TN,ASO,ES,Combined TRACON& Tower with Radar,263,31,50,2,346,0,0,0,0,0,263,31,50,2,346,0,0,0,346
02/02/2021,BNA,TN,ASO,ES,Combined TRACON& Tower with Radar,236,49,54,2,341,0,4,40,4,48,236,53,94,6,389,0,0,0,389
02/03/2021,BNA,TN,ASO,ES,Combined TRACON& Tower with Radar,244,63,69,0,376,0,0,54,2,56,244,63,123,2,432,0,0,0,432
02/04/2021,BNA,TN,ASO,ES,Combined TRACON& Tower with Radar,291,56,42,0,389,0,0,28,2,30,291,56,70,2,419,0,0,0,419
02/05/2021,BNA,TN,ASO,ES,Combined TRACON& Tower with Radar,288,63,52,7,410,0,3,60,9,72,288,66,112,16,482,0,0,0,482
02/06/2021,BNA,TN,ASO,ES,Combined TRACON& Tower with Radar,207,46,28,0,281,0,3,56,2,61,207,49,84,2,342,0,0,0,342
02/07/2021,BNA,TN,ASO,ES,Combined TRACON& Tower with Radar,265,55,28,8,356,0,0,6,3,9,265,55,34,11,365,0,0,0,365
02/08/2021,BNA,TN,ASO,ES,Combined TRACON& Tower with Radar,283,50,47,2,382,0,2,45,1,48,283,52,92,3,430,0,0,0,430
02/09/2021,BNA,TN,ASO,ES,Combined TRACON& Tower with Radar,240,43,44,7,334,0,0,40,0,40,240,43,84,7,374,0,0,0,374
02/10/2021,BNA,TN,ASO,ES,Combined TRACON& Tower with Radar,250,63,49,4,366,0,0,9,0,9,250,63,58,4,375,0,0,0,375
02/11/2021,BNA,TN,ASO,ES,Combined TRACON& Tower with Radar,298,78,65,0,441,0,0,0,0,0,298,78,65,0,441,0,0,0,441
02/12/2021,BNA,TN,ASO,ES,Combined TRACON& Tower with Radar,311,80,75,2,468,0,0,2,0,2,311,80,77,2,470,0,0,0,470
02/13/2021,BNA,TN,ASO,ES,Combined TRACON& Tower with Radar,216,46,31,0,293,0,0,0,0,0,216,46,31,0,293,0,0,0,293
02/14/2021,BNA,TN,ASO,ES,Combined TRACON& Tower with Radar,212,35,39,0,286,0,0,0,0,0,212,35,39,0,286,0,0,0,286
02/15/2021,BNA,TN,ASO,ES,Combined TRACON& Tower with Radar,21,12,10,0,43,0,0,0,0,0,21,12,10,0,43,0,0,0,43
02/16/2021,BNA,TN,ASO,ES,Combined TRACON& Tower with Radar,62,16,20,0,98,0,0,0,0,0,62,16,20,0,98,0,0,0,98
02/17/2021,BNA,TN,ASO,ES,Combined TRACON& Tower with Radar,66,39,38,0,143,0,0,2,0,2,66,39,40,0,145,0,0,0,145
02/18/2021,BNA,TN,ASO,ES,Combined TRACON& Tower with Radar,146,9,4,0,159,0,0,0,0,0,146,9,4,0,159,0,0,0,159
02/19/2021,BNA,TN,ASO,ES,Combined TRACON& Tower with Radar,246,54,60,0,360,0,0,6,0,6,246,54,66,0,366,0,0,0,366
02/20/2021,BNA,TN,ASO,ES,Combined TRACON& Tower with Radar,226,52,31,0,309,0,2,22,0,24,226,54,53,0,333,0,0,0,333
02/21/2021,BNA,TN,ASO,ES,Combined TRACON& Tower with Radar,306,58,48,0,412,0,2,6,0,8,306,60,54,0,420,0,0,0,420
02/22/2021,BNA,TN,ASO,ES,Combined TRACON& Tower with Radar,313,51,51,3,418,0,0,31,3,34,313,51,82,6,452,0,0,0,452
02/23/2021,BNA,TN,ASO,ES,Combined TRACON& Tower with Radar,269,69,79,5,422,0,3,64,5,72,269,72,143,10,494,0,0,0,494
02/24/2021,BNA,TN,ASO,ES,Combined TRACON& Tower with Radar,269,73,66,6,414,0,10,45,8,63,269,83,111,14,477,0,0,0,477
02/25/2021,BNA,TN,ASO,ES,Combined TRACON& Tower with Radar,325,78,80,2,485,0,6,57,6,69,325,84,137,8,554,0,0,0,554
02/26/2021,BNA,TN,ASO,ES,Combined TRACON& Tower with Radar,324,53,70,2,449,0,0,3,0,3,324,53,73,2,452,0,0,0,452
02/27/2021,BNA,TN,ASO,ES,Combined TRACON& Tower with Radar,222,53,30,0,305,0,0,1,0,1,222,53,31,0,306,0,0,0,306
02/28/2021,BNA,TN,ASO,ES,Combined TRACON& Tower with Radar,307,52,43,3,405,0,0,3,0,3,307,52,46,3,408,0,0,0,408
03/01/2021,BNA,TN,ASO,ES,Combined TRACON& Tower with Radar,310,62,63,2,437,0,0,44,0,44,310,62,107,2,481,0,0,0,481
03/02/2021,BNA,TN,ASO,ES,Combined TRACON& Tower with Radar,271,67,49,2,389,0,4,60,0,64,271,71,109,2,453,0,0,0,453
03/03/2021,BNA,TN,ASO,ES,Combined TRACON& Tower with Radar,279,68,63,4,414,1,1,61,0,63,280,69,124,4,477,0,0,0,477
03/04/2021,BNA,TN,ASO,ES,Combined TRACON& Tower with Radar,341,67,76,3,487,0,4,67,11,82,341,71,143,14,569,0,0,0,569
03/05/2021,BNA,TN,ASO,ES,Combined TRACON& Tower with Radar,331,61,56,3,451,0,10,73,6,89,331,71,129,9,540,0,0,0,540
03/06/2021,BNA,TN,ASO,ES,Combined TRACON& Tower with Radar,253,42,30,3,328,0,4,61,3,68,253,46,91,6,396,0,0,0,396
03/07/2021,BNA,TN,ASO,ES,Combined TRACON& Tower with Radar,374,54,43,3,474,0,2,24,8,34,374,56,67,11,508,0,0,0,508
03/08/2021,BNA,TN,ASO,ES,Combined TRACON& Tower with Radar,379,61,61,2,503,0,4,58,2,64,379,65,119,4,567,0,0,0,567
03/09/2021,BNA,TN,ASO,ES,Combined TRACON& Tower with Radar,295,51,62,2,410,0,2,51,6,59,295,53,113,8,469,0,0,0,469
03/10/2021,BNA,TN,ASO,ES,Combined TRACON& Tower with Radar,301,65,80,2,448,0,0,38,0,38,301,65,118,2,486,0,0,0,486
03/11/2021,BNA,TN,ASO,ES,Combined TRACON& Tower with Radar,396,82,90,6,574,0,2,38,2,42,396,84,128,8,616,0,0,0,616
03/12/2021,BNA,TN,ASO,ES,Combined TRACON& Tower with Radar,395,102,112,5,614,0,0,11,0,11,395,102,123,5,625,0,0,0,625
03/13/2021,BNA,TN,ASO,ES,Combined TRACON& Tower with Radar,332,85,55,6,478,0,0,8,0,8,332,85,63,6,486,0,0,0,486
03/14/2021,BNA,TN,ASO,ES,Combined TRACON& Tower with Radar,360,80,71,2,513,0,0,21,0,21,360,80,92,2,534,0,0,0,534
03/15/2021,BNA,TN,ASO,ES,Combined TRACON& Tower with Radar,372,57,47,2,478,0,0,10,1,11,372,57,57,3,489,0,0,0,489
03/16/2021,BNA,TN,ASO,ES,Combined TRACON& Tower with Radar,342,54,35,5,436,0,1,35,8,44,342,55,70,13,480,0,0,0,480
03/17/2021,BNA,TN,ASO,ES,Combined TRACON& Tower with Radar,341,31,36,0,408,0,0,2,0,2,341,31,38,0,410,0,0,0,410
03/18/2021,BNA,TN,ASO,ES,Combined TRACON& Tower with Radar,400,77,50,3,530,0,2,20,14,36,400,79,70,17,566,0,0,0,566
03/19/2021,BNA,TN,ASO,ES,Combined TRACON& Tower with Radar,387,64,84,6,541,0,0,24,4,28,387,64,108,10,569,0,0,0,569
03/20/2021,BNA,TN,ASO,ES,Combined TRACON& Tower with Radar,349,71,55,6,481,0,4,79,6,89,349,75,134,12,570,0,0,0,570
03/21/2021,BNA,TN,ASO,ES,Combined TRACON& Tower with Radar,379,88,68,2,537,0,6,41,4,51,379,94,109,6,588,0,0,0,588
03/22/2021,BNA,TN,ASO,ES,Combined TRACON& Tower with Radar,393,67,68,0,528,0,2,60,1,63,393,69,128,1,591,0,0,0,591
03/23/2021,BNA,TN,ASO,ES,Combined TRACON& Tower with Radar,346,60,56,0,462,0,0,5,7,12,346,60,61,7,474,0,0,0,474
03/24/2021,BNA,TN,ASO,ES,Combined TRACON& Tower with Radar,357,71,55,3,486,0,2,38,6,46,357,73,93,9,532,0,0,0,532
03/25/2021,BNA,TN,ASO,ES,Combined TRACON& Tower with Radar,392,48,38,2,480,0,0,2,0,2,392,48,40,2,482,0,0,0,482
03/26/2021,BNA,TN,ASO,ES,Combined TRACON& Tower with Radar,397,79,65,10,551,0,4,83,3,90,397,83,148,13,641,0,0,0,641
03/27/2021,BNA,TN,ASO,ES,Combined TRACON& Tower with Radar,332,42,24,2,400,0,0,10,0,10,332,42,34,2,410,0,0,0,410
03/28/2021,BNA,TN,ASO,ES,Combined TRACON& Tower with Radar,380,59,43,2,484,0,3,4,5,12,380,62,47,7,496,0,0,0,496
03/29/2021,BNA,TN,ASO,ES,Combined TRACON& Tower with Radar,399,61,44,7,511,0,2,56,1,59,399,63,100,8,570,0,0,0,570
03/30/2021,BNA,TN,ASO,ES,Combined TRACON& Tower with Radar,349,61,48,3,461,0,0,26,5,31,349,61,74,8,492,0,0,0,492
03/31/2021,BNA,TN,ASO,ES,Combined TRACON& Tower with Radar,358,61,57,7,483,0,2,8,3,13,358,63,65,10,496,0,0,0,496
04/01/2021,BNA,TN,ASO,ES,Combined TRACON& Tower with Radar,406,71,59,9,545,0,3,38,3,44,406,74,97,12,589,0,0,0,589
04/02/2021,BNA,TN,ASO,ES,Combined TRACON& Tower with Radar,403,72,58,5,538,0,5,63,0,68,403,77,121,5,606,0,0,0,606
04/03/2021,BNA,TN,ASO,ES,Combined TRACON& Tower with Radar,358,52,29,0,439,0,4,79,0,83,358,56,108,0,522,0,0,0,522
04/04/2021,BNA,TN,ASO,ES,Combined TRACON& Tower with Radar,384,53,38,0,475,0,4,17,0,21,384,57,55,0,496,0,0,0,496
04/05/2021,BNA,TN,ASO,ES,Combined TRACON& Tower with Radar,399,56,67,4,526,0,1,42,2,45,399,57,109,6,571,0,0,0,571
04/06/2021,BNA,TN,ASO,ES,Combined TRACON& Tower with Radar,353,87,76,4,520,0,0,46,18,64,353,87,122,22,584,0,0,0,584
04/07/2021,BNA,TN,ASO,ES,Combined TRACON& Tower with Radar,365,61,85,3,514,0,0,74,8,82,365,61,159,11,596,0,0,0,596
04/08/2021,BNA,TN,ASO,ES,Combined TRACON& Tower with Radar,417,68,80,5,570,0,0,25,12,37,417,68,105,17,607,0,0,0,607
04/09/2021,BNA,TN,ASO,ES,Combined TRACON& Tower with Radar,409,74,84,21,588,0,2,53,8,63,409,76,137,29,651,0,0,0,651
04/10/2021,BNA,TN,ASO,ES,Combined TRACON& Tower with Radar,363,42,36,2,443,0,0,7,0,7,363,42,43,2,450,0,0,0,450
04/11/2021,BNA,TN,ASO,ES,Combined TRACON& Tower with Radar,372,61,62,2,497,0,4,19,4,27,372,65,81,6,524,0,0,0,524
04/12/2021,BNA,TN,ASO,ES,Combined TRACON& Tower with Radar,414,77,57,12,560,0,1,42,2,45,414,78,99,14,605,0,0,0,605
04/13/2021,BNA,TN,ASO,ES,Combined TRACON& Tower with Radar,319,64,71,3,457,0,0,34,4,38,319,64,105,7,495,0,0,0,495
04/14/2021,BNA,TN,ASO,ES,Combined TRACON& Tower with Radar,327,59,63,3,452,0,5,52,4,61,327,64,115,7,513,0,0,0,513
04/15/2021,BNA,TN,ASO,ES,Combined TRACON& Tower with Radar,423,84,73,8,588,0,5,74,10,89,423,89,147,18,677,0,0,0,677
04/16/2021,BNA,TN,ASO,ES,Combined TRACON& Tower with Radar,418,66,69,14,567,0,8,59,5,72,418,74,128,19,639,0,0,0,639
04/17/2021,BNA,TN,ASO,ES,Combined TRACON& Tower with Radar,328,44,41,4,417,0,2,46,3,51,328,46,87,7,468,0,0,0,468
04/18/2021,BNA,TN,ASO,ES,Combined TRACON& Tower with Radar,409,71,77,9,566,0,1,17,8,26,409,72,94,17,592,0,0,0,592
04/19/2021,BNA,TN,ASO,ES,Combined TRACON& Tower with Radar,410,66,44,19,539,0,0,33,2,35,410,66,77,21,574,0,0,0,574
04/20/2021,BNA,TN,ASO,ES,Combined TRACON& Tower with Radar,328,69,67,5,469,0,2,36,8,46,328,71,103,13,515,0,0,0,515
04/21/2021,BNA,TN,ASO,ES,Combined TRACON& Tower with Radar,326,59,78,10,473,0,2,36,11,49,326,61,114,21,522,0,0,0,522
04/22/2021,BNA,TN,ASO,ES,Combined TRACON& Tower with Radar,430,69,70,8,577,0,2,47,9,58,430,71,117,17,635,0,0,0,635
04/23/2021,BNA,TN,ASO,ES,Combined TRACON& Tower with Radar,424,65,78,10,577,0,1,56,7,64,424,66,134,17,641,0,0,0,641
04/24/2021,BNA,TN,ASO,ES,Combined TRACON& Tower with Radar,343,37,27,4,411,0,0,16,0,16,343,37,43,4,427,0,0,0,427
04/25/2021,BNA,TN,ASO,ES,Combined TRACON& Tower with Radar,410,81,93,8,592,0,3,43,4,50,410,84,136,12,642,0,0,0,642
04/26/2021,BNA,TN,ASO,ES,Combined TRACON& Tower with Radar,418,64,64,5,551,0,0,51,2,53,418,64,115,7,604,0,0,0,604
04/27/2021,BNA,TN,ASO,ES,Combined TRACON& Tower with Radar,332,68,67,4,471,0,5,47,10,62,332,73,114,14,533,0,0,0,533
04/28/2021,BNA,TN,ASO,ES,Combined TRACON& Tower with Radar,331,92,80,2,505,0,0,9,4,13,331,92,89,6,518,0,0,0,518
04/29/2021,BNA,TN,ASO,ES,Combined TRACON& Tower with Radar,430,90,75,3,598,0,0,4,0,4,430,90,79,3,602,0,0,0,602
04/30/2021,BNA,TN,ASO,ES,Combined TRACON& Tower with Radar,413,80,84,8,585,0,3,58,15,76,413,83,142,23,661,0,0,0,661
05/01/2021,BNA,TN,ASO,ES,Combined TRACON& Tower with Radar,332,50,46,6,434,0,4,66,7,77,332,54,112,13,511,0,0,0,511
05/02/2021,BNA,TN,ASO,ES,Combined TRACON& Tower with Radar,417,80,67,3,567,0,0,12,2,14,417,80,79,5,581,0,0,0,581
05/03/2021,BNA,TN,ASO,ES,Combined TRACON& Tower with Radar,425,55,62,6,548,0,2,10,2,14,425,57,72,8,562,0,0,0,562
05/04/2021,BNA,TN,ASO,ES,Combined TRACON& Tower with Radar,301,44,57,0,402,0,0,2,0,2,301,44,59,0,404,0,0,0,404
05/05/2021,BNA,TN,ASO,ES,Combined TRACON& Tower with Radar,342,69,78,6,495,0,2,29,10,41,342,71,107,16,536,0,0,0,536
05/06/2021,BNA,TN,ASO,ES,Combined TRACON& Tower with Radar,450,67,85,3,605,0,2,43,22,67,450,69,128,25,672,0,0,0,672
05/07/2021,BNA,TN,ASO,ES,Combined TRACON& Tower with Radar,458,63,79,13,613,0,1,74,5,80,458,64,153,18,693,0,0,0,693
05/08/2021,BNA,TN,ASO,ES,Combined TRACON& Tower with Radar,363,38,68,7,476,0,0,57,0,57,363,38,125,7,533,0,0,0,533
05/09/2021,BNA,TN,ASO,ES,Combined TRACON& Tower with Radar,451,44,56,7,558,0,0,4,0,4,451,44,60,7,562,0,0,0,562
05/10/2021,BNA,TN,ASO,ES,Combined TRACON& Tower with Radar,457,50,76,9,592,0,0,14,3,17,457,50,90,12,609,0,0,0,609
05/11/2021,BNA,TN,ASO,ES,Combined TRACON& Tower with Radar,396,89,83,1,569,0,0,51,15,66,396,89,134,16,635,0,0,0,635
05/12/2021,BNA,TN,ASO,ES,Combined TRACON& Tower with Radar,398,78,79,0,555,0,1,31,11,43,398,79,110,11,598,0,0,0,598
05/13/2021,BNA,TN,ASO,ES,Combined TRACON& Tower with Radar,461,89,89,5,644,0,10,63,13,86,461,99,152,18,730,0,0,0,730
05/14/2021,BNA,TN,ASO,ES,Combined TRACON& Tower with Radar,470,75,84,10,639,0,6,49,17,72,470,81,133,27,711,0,0,0,711
05/15/2021,BNA,TN,ASO,ES,Combined TRACON& Tower with Radar,382,69,58,4,513,0,3,76,11,90,382,72,134,15,603,0,0,0,603
05/16/2021,BNA,TN,ASO,ES,Combined TRACON& Tower with Radar,440,71,88,6,605,0,6,15,6,27,440,77,103,12,632,0,0,0,632
05/17/2021,BNA,TN,ASO,ES,Combined TRACON& Tower with Radar,456,61,66,1,584,0,1,47,5,53,456,62,113,6,637,0,0,0,637
05/18/2021,BNA,TN,ASO,ES,Combined TRACON& Tower with Radar,411,59,73,7,550,0,1,53,17,71,411,60,126,24,621,0,0,0,621
05/19/2021,BNA,TN,ASO,ES,Combined TRACON& Tower with Radar,410,72,100,16,598,0,0,47,6,53,410,72,147,22,651,0,0,0,651
05/20/2021,BNA,TN,ASO,ES,Combined TRACON& Tower with Radar,472,66,82,5,625,0,2,52,24,78,472,68,134,29,703,0,0,0,703
05/21/2021,BNA,TN,ASO,ES,Combined TRACON& Tower with Radar,470,78,82,9,639,0,9,62,2,73,470,87,144,11,712,0,0,0,712
05/22/2021,BNA,TN,ASO,ES,Combined TRACON& Tower with Radar,379,51,40,9,479,0,1,50,6,57,379,52,90,15,536,0,0,0,536
05/23/2021,BNA,TN,ASO,ES,Combined TRACON& Tower with Radar,451,69,64,2,586,0,5,12,4,21,451,74,76,6,607,0,0,0,607
05/24/2021,BNA,TN,ASO,ES,Combined TRACON& Tower with Radar,463,52,80,0,595,0,4,38,5,47,463,56,118,5,642,0,0,0,642
05/25/2021,BNA,TN,ASO,ES,Combined TRACON& Tower with Radar,420,78,70,6,574,0,3,56,10,69,420,81,126,16,643,0,0,0,643
05/26/2021,BNA,TN,ASO,ES,Combined TRACON& Tower with Radar,424,65,104,2,595,0,0,22,10,32,424,65,126,12,627,0,0,0,627
05/27/2021,BNA,TN,ASO,ES,Combined TRACON& Tower with Radar,484,99,96,3,682,0,2,43,8,53,484,101,139,11,735,0,0,0,735
05/28/2021,BNA,TN,ASO,ES,Combined TRACON& Tower with Radar,474,69,91,2,636,0,0,12,2,14,474,69,103,4,650,0,0,0,650
05/29/2021,BNA,TN,ASO,ES,Combined TRACON& Tower with Radar,384,62,52,5,503,0,2,4,7,13,384,64,56,12,516,0,0,0,516
05/30/2021,BNA,TN,ASO,ES,Combined TRACON& Tower with Radar,423,51,59,3,536,0,2,15,3,20,423,53,74,6,556,0,0,0,556
05/31/2021,BNA,TN,ASO,ES,Combined TRACON& Tower with Radar,457,56,58,2,573,0,3,40,5,48,457,59,98,7,621,0,0,0,621
06/01/2021,BNA,TN,ASO,ES,Combined TRACON& Tower with Radar,425,66,73,2,566,0,1,47,0,48,425,67,120,2,614,0,0,0,614
06/02/2021,BNA,TN,ASO,ES,Combined TRACON& Tower with Radar,439,67,59,4,569,0,0,8,0,8,439,67,67,4,577,0,0,0,577
06/03/2021,BNA,TN,ASO,ES,Combined TRACON& Tower with Radar,479,96,59,1,635,0,0,37,9,46,479,96,96,10,681,0,0,0,681
06/04/2021,BNA,TN,ASO,ES,Combined TRACON& Tower with Radar,481,65,76,21,643,0,0,60,10,70,481,65,136,31,713,0,0,0,713
06/05/2021,BNA,TN,ASO,ES,Combined TRACON& Tower with Radar,409,70,31,8,518,0,3,33,2,38,409,73,64,10,556,0,0,0,556
06/06/2021,BNA,TN,ASO,ES,Combined TRACON& Tower with Radar,468,80,86,12,646,0,0,6,2,8,468,80,92,14,654,0,0,0,654
06/07/2021,BNA,TN,ASO,ES,Combined TRACON& Tower with Radar,494,65,59,9,627,0,2,12,2,16,494,67,71,11,643,0,0,0,643
06/08/2021,BNA,TN,ASO,ES,Combined TRACON& Tower with Radar,452,61,65,0,578,0,1,28,5,34,452,62,93,5,612,0,0,0,612
06/09/2021,BNA,TN,ASO,ES,Combined TRACON& Tower with Radar,469,82,70,0,621,0,0,5,2,7,469,82,75,2,628,0,0,0,628
06/10/2021,BNA,TN,ASO,ES,Combined TRACON& Tower with Radar,503,85,84,4,676,0,2,15,3,20,503,87,99,7,696,0,0,0,696
06/11/2021,BNA,TN,ASO,ES,Combined TRACON& Tower with Radar,509,61,72,5,647,0,0,21,4,25,509,61,93,9,672,0,0,0,672
06/12/2021,BNA,TN,ASO,ES,Combined TRACON& Tower with Radar,435,51,53,7,546,0,3,59,1,63,435,54,112,8,609,0,0,0,609
06/13/2021,BNA,TN,ASO,ES,Combined TRACON& Tower with Radar,474,79,93,4,650,0,1,13,0,14,474,80,106,4,664,0,0,0,664
06/14/2021,BNA,TN,ASO,ES,Combined TRACON& Tower with Radar,481,70,63,4,618,0,0,64,10,74,481,70,127,14,692,0,0,0,692
06/15/2021,BNA,TN,ASO,ES,Combined TRACON& Tower with Radar,425,48,88,6,567,0,2,42,14,58,425,50,130,20,625,0,0,0,625
06/16/2021,BNA,TN,ASO,ES,Combined TRACON& Tower with Radar,460,96,79,1,636,0,4,49,5,58,460,100,128,6,694,0,0,0,694
06/17/2021,BNA,TN,ASO,ES,Combined TRACON& Tower with Radar,499,82,97,2,680,0,8,70,12,90,499,90,167,14,770,0,0,0,770
06/18/2021,BNA,TN,ASO,ES,Combined TRACON& Tower with Radar,497,82,100,4,683,0,7,69,2,78,497,89,169,6,761,0,0,0,761
06/19/2021,BNA,TN,ASO,ES,Combined TRACON& Tower with Radar,431,49,54,5,539,0,1,40,5,46,431,50,94,10,585,0,0,0,585
06/20/2021,BNA,TN,ASO,ES,Combined TRACON& Tower with Radar,483,65,65,3,616,0,4,8,1,13,483,69,73,4,629,0,0,0,629
06/21/2021,BNA,TN,ASO,ES,Combined TRACON& Tower with Radar,470,70,56,7,603,0,0,19,0,19,470,70,75,7,622,0,0,0,622
06/22/2021,BNA,TN,ASO,ES,Combined TRACON& Tower with Radar,471,91,67,8,637,0,1,40,7,48,471,92,107,15,685,0,0,0,685
06/23/2021,BNA,TN,ASO,ES,Combined TRACON& Tower with Radar,486,75,68,1,630,0,7,57,9,73,486,82,125,10,703,0,0,0,703
06/24/2021,BNA,TN,ASO,ES,Combined TRACON& Tower with Radar,488,89,82,2,661,0,7,57,8,72,488,96,139,10,733,0,0,0,733
06/25/2021,BNA,TN,ASO,ES,Combined TRACON& Tower with Radar,498,93,95,8,694,0,2,54,3,59,498,95,149,11,753,0,0,0,753
06/26/2021,BNA,TN,ASO,ES,Combined TRACON& Tower with Radar,422,67,49,1,539,0,2,32,0,34,422,69,81,1,573,0,0,0,573
06/27/2021,BNA,TN,ASO,ES,Combined TRACON& Tower with Radar,472,68,83,6,629,0,1,20,2,23,472,69,103,8,652,0,0,0,652
06/28/2021,BNA,TN,ASO,ES,Combined TRACON& Tower with Radar,483,71,70,3,627,0,0,36,4,40,483,71,106,7,667,0,0,0,667
06/29/2021,BNA,TN,ASO,ES,Combined TRACON& Tower with Radar,462,75,73,2,612,0,3,15,7,25,462,78,88,9,637,0,0,0,637
06/30/2021,BNA,TN,ASO,ES,Combined TRACON& Tower with Radar,472,91,87,0,650,0,2,26,4,32,472,93,113,4,682,0,0,0,682
07/01/2021,BNA,TN,ASO,ES,Combined TRACON& Tower with Radar,495,92,83,3,673,0,0,16,0,16,495,92,99,3,689,0,0,0,689
07/02/2021,BNA,TN,ASO,ES,Combined TRACON& Tower with Radar,502,61,60,1,624,0,0,27,0,27,502,61,87,1,651,0,0,0,651
07/03/2021,BNA,TN,ASO,ES,Combined TRACON& Tower with Radar,437,44,44,0,525,0,4,50,0,54,437,48,94,0,579,0,0,0,579
07/04/2021,BNA,TN,ASO,ES,Combined TRACON& Tower with Radar,448,41,30,0,519,0,5,14,0,19,448,46,44,0,538,0,0,0,538
07/05/2021,BNA,TN,ASO,ES,Combined TRACON& Tower with Radar,482,45,55,1,583,0,0,43,0,43,482,45,98,1,626,0,0,0,626
07/06/2021,BNA,TN,ASO,ES,Combined TRACON& Tower with Radar,462,59,52,3,576,0,2,45,0,47,462,61,97,3,623,0,0,0,623
07/07/2021,BNA,TN,ASO,ES,Combined TRACON& Tower with Radar,477,74,55,0,606,0,0,26,7,33,477,74,81,7,639,0,0,0,639
07/08/2021,BNA,TN,ASO,ES,Combined TRACON& Tower with Radar,502,66,84,7,659,0,4,37,16,57,502,70,121,23,716,0,0,0,716
07/09/2021,BNA,TN,ASO,ES,Combined TRACON& Tower with Radar,526,60,60,10,656,0,7,26,3,36,526,67,86,13,692,0,0,0,692
07/10/2021,BNA,TN,ASO,ES,Combined TRACON& Tower with Radar,450,56,52,5,563,0,2,27,0,29,450,58,79,5,592,0,0,0,592
07/11/2021,BNA,TN,ASO,ES,Combined TRACON& Tower with Radar,487,71,85,4,647,0,0,2,0,2,487,71,87,4,649,0,0,0,649
07/12/2021,BNA,TN,ASO,ES,Combined TRACON& Tower with Radar,483,63,55,2,603,0,0,18,0,18,483,63,73,2,621,0,0,0,621
07/13/2021,BNA,TN,ASO,ES,Combined TRACON& Tower with Radar,491,52,56,6,605,0,0,12,0,12,491,52,68,6,617,0,0,0,617
07/14/2021,BNA,TN,ASO,ES,Combined TRACON& Tower with Radar,486,85,90,7,668,0,2,51,7,60,486,87,141,14,728,0,0,0,728
07/15/2021,BNA,TN,ASO,ES,Combined TRACON& Tower with Radar,507,87,63,7,664,0,2,52,18,72,507,89,115,25,736,0,0,0,736
07/16/2021,BNA,TN,ASO,ES,Combined TRACON& Tower with Radar,543,71,84,5,703,0,6,35,4,45,543,77,119,9,748,0,0,0,748
07/17/2021,BNA,TN,ASO,ES,Combined TRACON& Tower with Radar,440,58,46,1,545,0,0,14,1,15,440,58,60,2,560,0,0,0,560
07/18/2021,BNA,TN,ASO,ES,Combined TRACON& Tower with Radar,481,79,81,3,644,0,0,0,0,0,481,79,81,3,644,0,0,0,644
07/19/2021,BNA,TN,ASO,ES,Combined TRACON& Tower with Radar,505,44,63,0,612,0,0,19,0,19,505,44,82,0,631,0,0,0,631
07/20/2021,BNA,TN,ASO,ES,Combined TRACON& Tower with Radar,484,58,67,6,615,0,1,52,3,56,484,59,119,9,671,0,0,0,671
07/21/2021,BNA,TN,ASO,ES,Combined TRACON& Tower with Radar,498,79,78,6,661,0,2,41,5,48,498,81,119,11,709,0,0,0,709
07/22/2021,BNA,TN,ASO,ES,Combined TRACON& Tower with Radar,509,68,71,2,650,0,2,46,2,50,509,70,117,4,700,0,0,0,700
07/23/2021,BNA,TN,ASO,ES,Combined TRACON& Tower with Radar,524,65,70,6,665,0,1,73,0,74,524,66,143,6,739,0,0,0,739
07/24/2021,BNA,TN,ASO,ES,Combined TRACON& Tower with Radar,451,59,39,5,554,0,2,53,4,59,451,61,92,9,613,0,0,0,613
07/25/2021,BNA,TN,ASO,ES,Combined TRACON& Tower with Radar,493,51,67,6,617,0,1,4,3,8,493,52,71,9,625,0,0,0,625
07/26/2021,BNA,TN,ASO,ES,Combined TRACON& Tower with Radar,541,66,66,2,675,0,0,12,2,14,541,66,78,4,689,0,0,0,689
07/27/2021,BNA,TN,ASO,ES,Combined TRACON& Tower with Radar,509,78,71,0,658,0,2,30,5,37,509,80,101,5,695,0,0,0,695
07/28/2021,BNA,TN,ASO,ES,Combined TRACON& Tower with Radar,500,78,83,2,663,0,2,55,2,59,500,80,138,4,722,0,0,0,722
07/29/2021,BNA,TN,ASO,ES,Combined TRACON& Tower with Radar,499,64,90,4,657,0,0,56,6,62,499,64,146,10,719,0,0,0,719
07/30/2021,BNA,TN,ASO,ES,Combined TRACON& Tower with Radar,518,76,79,2,675,0,0,46,6,52,518,76,125,8,727,0,0,0,727
07/31/2021,BNA,TN,ASO,ES,Combined TRACON& Tower with Radar,408,65,54,1,528,0,5,29,0,34,408,70,83,1,562,0,0,0,562
08/01/2021,BNA,TN,ASO,ES,Combined TRACON& Tower with Radar,514,81,88,2,685,0,0,6,4,10,514,81,94,6,695,0,0,0,695
08/02/2021,BNA,TN,ASO,ES,Combined TRACON& Tower with Radar,481,62,63,7,613,0,3,41,4,48,481,65,104,11,661,0,0,0,661
08/03/2021,BNA,TN,ASO,ES,Combined TRACON& Tower with Radar,464,69,92,9,634,0,2,36,2,40,464,71,128,11,674,0,0,0,674
08/04/2021,BNA,TN,ASO,ES,Combined TRACON& Tower with Radar,474,75,86,0,635,0,2,42,6,50,474,77,128,6,685,0,0,0,685
08/05/2021,BNA,TN,ASO,ES,Combined TRACON& Tower with Radar,504,88,105,6,703,0,4,61,10,75,504,92,166,16,778,0,0,0,778
08/06/2021,BNA,TN,ASO,ES,Combined TRACON& Tower with Radar,505,80,90,0,675,0,2,32,6,40,505,82,122,6,715,0,0,0,715
08/07/2021,BNA,TN,ASO,ES,Combined TRACON& Tower with Radar,436,55,63,0,554,0,2,46,1,49,436,57,109,1,603,0,0,0,603
08/08/2021,BNA,TN,ASO,ES,Combined TRACON& Tower with Radar,493,84,111,0,688,0,2,15,2,19,493,86,126,2,707,0,0,0,707
08/09/2021,BNA,TN,ASO,ES,Combined TRACON& Tower with Radar,492,91,122,8,713,0,5,33,0,38,492,96,155,8,751,0,0,0,751
08/10/2021,BNA,TN,ASO,ES,Combined TRACON& Tower with Radar,464,66,84,5,619,0,3,34,4,41,464,69,118,9,660,0,0,0,660
08/11/2021,BNA,TN,ASO,ES,Combined TRACON& Tower with Radar,481,73,89,0,643,0,1,38,6,45,481,74,127,6,688,0,0,0,688
08/12/2021,BNA,TN,ASO,ES,Combined TRACON& Tower with Radar,497,75,100,0,672,0,1,35,6,42,497,76,135,6,714,0,0,0,714
08/13/2021,BNA,TN,ASO,ES,Combined TRACON& Tower with Radar,509,62,78,4,653,0,0,19,1,20,509,62,97,5,673,0,0,0,673
08/14/2021,BNA,TN,ASO,ES,Combined TRACON& Tower with Radar,438,51,49,0,538,0,1,20,9,30,438,52,69,9,568,0,0,0,568
08/15/2021,BNA,TN,ASO,ES,Combined TRACON& Tower with Radar,484,75,60,3,622,0,0,1,1,2,484,75,61,4,624,0,0,0,624
08/16/2021,BNA,TN,ASO,ES,Combined TRACON& Tower with Radar,489,53,80,7,629,0,0,27,0,27,489,53,107,7,656,0,0,0,656
08/17/2021,BNA,TN,ASO,ES,Combined TRACON& Tower with Radar,468,78,55,4,605,0,1,60,2,63,468,79,115,6,668,0,0,0,668
08/18/2021,BNA,TN,ASO,ES,Combined TRACON& Tower with Radar,479,58,59,4,600,0,3,13,0,16,479,61,72,4,616,0,0,0,616
08/19/2021,BNA,TN,ASO,ES,Combined TRACON& Tower with Radar,519,84,74,1,678,0,0,4,7,11,519,84,78,8,689,0,0,0,689
08/20/2021,BNA,TN,ASO,ES,Combined TRACON& Tower with Radar,491,73,56,4,624,0,3,12,4,19,491,76,68,8,643,0,0,0,643
08/21/2021,BNA,TN,ASO,ES,Combined TRACON& Tower with Radar,436,50,56,4,546,0,0,2,6,8,436,50,58,10,554,0,0,0,554
08/22/2021,BNA,TN,ASO,ES,Combined TRACON& Tower with Radar,485,71,60,3,619,0,4,14,4,22,485,75,74,7,641,0,0,0,641
08/23/2021,BNA,TN,ASO,ES,Combined TRACON& Tower with Radar,494,58,68,2,622,0,0,53,0,53,494,58,121,2,675,0,0,0,675
08/24/2021,BNA,TN,ASO,ES,Combined TRACON& Tower with Radar,459,92,80,4,635,1,2,43,2,48,460,94,123,6,683,0,0,0,683
08/25/2021,BNA,TN,ASO,ES,Combined TRACON& Tower with Radar,485,72,132,2,691,0,4,54,13,71,485,76,186,15,762,0,0,0,762
08/26/2021,BNA,TN,ASO,ES,Combined TRACON& Tower with Radar,527,84,105,2,718,0,4,31,8,43,527,88,136,10,761,0,0,0,761
08/27/2021,BNA,TN,ASO,ES,Combined TRACON& Tower with Radar,502,73,93,1,669,0,3,42,1,46,502,76,135,2,715,0,0,0,715
08/28/2021,BNA,TN,ASO,ES,Combined TRACON& Tower with Radar,451,49,52,0,552,0,3,33,0,36,451,52,85,0,588,0,0,0,588
08/29/2021,BNA,TN,ASO,ES,Combined TRACON& Tower with Radar,504,61,65,1,631,0,1,11,1,13,504,62,76,2,644,0,0,0,644
08/30/2021,BNA,TN,ASO,ES,Combined TRACON& Tower with Radar,494,51,49,0,594,0,2,16,6,24,494,53,65,6,618,0,0,0,618
08/31/2021,BNA,TN,ASO,ES,Combined TRACON& Tower with Radar,463,42,31,0,536,0,0,0,0,0,463,42,31,0,536,0,0,0,536
09/01/2021,BNA,TN,ASO,ES,Combined TRACON& Tower with Radar,459,69,69,1,598,0,3,35,6,44,459,72,104,7,642,0,0,0,642
09/02/2021,BNA,TN,ASO,ES,Combined TRACON& Tower with Radar,515,74,74,3,666,0,1,58,6,65,515,75,132,9,731,0,0,0,731
09/03/2021,BNA,TN,ASO,ES,Combined TRACON& Tower with Radar,519,70,69,4,662,0,3,63,2,68,519,73,132,6,730,0,0,0,730
09/04/2021,BNA,TN,ASO,ES,Combined TRACON& Tower with Radar,435,55,24,0,514,0,2,53,0,55,435,57,77,0,569,0,0,0,569
09/05/2021,BNA,TN,ASO,ES,Combined TRACON& Tower with Radar,488,67,43,4,602,0,0,3,2,5,488,67,46,6,607,0,0,0,607
09/06/2021,BNA,TN,ASO,ES,Combined TRACON& Tower with Radar,483,77,63,2,625,0,2,24,1,27,483,79,87,3,652,0,0,0,652
09/07/2021,BNA,TN,ASO,ES,Combined TRACON& Tower with Radar,440,81,77,2,600,0,4,60,1,65,440,85,137,3,665,0,0,0,665
09/08/2021,BNA,TN,ASO,ES,Combined TRACON& Tower with Radar,461,86,80,2,629,0,6,25,4,35,461,92,105,6,664,0,0,0,664
09/09/2021,BNA,TN,ASO,ES,Combined TRACON& Tower with Radar,524,96,82,4,706,0,8,54,18,80,524,104,136,22,786,0,0,0,786
09/10/2021,BNA,TN,ASO,ES,Combined TRACON& Tower with Radar,514,84,86,9,693,0,3,68,19,90,514,87,154,28,783,0,0,0,783
09/11/2021,BNA,TN,ASO,ES,Combined TRACON& Tower with Radar,403,45,49,5,502,0,8,22,10,40,403,53,71,15,542,0,0,0,542
09/12/2021,BNA,TN,ASO,ES,Combined TRACON& Tower with Radar,519,96,107,13,735,0,4,13,7,24,519,100,120,20,759,0,0,0,759
09/13/2021,BNA,TN,ASO,ES,Combined TRACON& Tower with Radar,501,80,47,3,631,0,7,42,4,53,501,87,89,7,684,0,0,0,684
09/14/2021,BNA,TN,ASO,ES,Combined TRACON& Tower with Radar,455,78,75,2,610,0,0,47,4,51,455,78,122,6,661,0,0,0,661
09/15/2021,BNA,TN,ASO,ES,Combined TRACON& Tower with Radar,470,101,89,5,665,0,5,5,1,11,470,106,94,6,676,0,0,0,676
09/16/2021,BNA,TN,ASO,ES,Combined TRACON& Tower with Radar,555,86,114,7,762,0,2,42,8,52,555,88,156,15,814,0,0,0,814
09/17/2021,BNA,TN,ASO,ES,Combined TRACON& Tower with Radar,522,82,98,10,712,0,2,6,1,9,522,84,104,11,721,0,0,0,721
09/18/2021,BNA,TN,ASO,ES,Combined TRACON& Tower with Radar,411,57,48,1,517,0,0,6,0,6,411,57,54,1,523,0,0,0,523
09/19/2021,BNA,TN,ASO,ES,Combined TRACON& Tower with Radar,525,97,78,0,700,0,0,1,0,1,525,97,79,0,701,0,0,0,701
09/20/2021,BNA,TN,ASO,ES,Combined TRACON& Tower with Radar,508,53,55,2,618,0,0,0,2,2,508,53,55,4,620,0,0,0,620
09/21/2021,BNA,TN,ASO,ES,Combined TRACON& Tower with Radar,471,75,81,4,631,0,0,8,0,8,471,75,89,4,639,0,0,0,639
09/22/2021,BNA,TN,ASO,ES,Combined TRACON& Tower with Radar,470,90,73,2,635,0,5,21,2,28,470,95,94,4,663,0,0,0,663
09/23/2021,BNA,TN,ASO,ES,Combined TRACON& Tower with Radar,530,115,83,1,729,0,9,61,3,73,530,124,144,4,802,0,0,0,802
09/24/2021,BNA,TN,ASO,ES,Combined TRACON& Tower with Radar,516,79,95,3,693,0,4,59,5,68,516,83,154,8,761,0,0,0,761
09/25/2021,BNA,TN,ASO,ES,Combined TRACON& Tower with Radar,419,73,49,0,541,0,0,53,3,56,419,73,102,3,597,0,0,0,597
09/26/2021,BNA,TN,ASO,ES,Combined TRACON& Tower with Radar,533,99,121,0,753,0,6,16,1,23,533,105,137,1,776,0,0,0,776
09/27/2021,BNA,TN,ASO,ES,Combined TRACON& Tower with Radar,509,66,71,0,646,0,7,33,2,42,509,73,104,2,688,0,0,0,688
09/28/2021,BNA,TN,ASO,ES,Combined TRACON& Tower with Radar,468,75,66,2,611,0,4,46,4,54,468,79,112,6,665,0,0,0,665
09/29/2021,BNA,TN,ASO,ES,Combined TRACON& Tower with Radar,474,74,64,4,616,0,3,48,1,52,474,77,112,5,668,0,0,0,668
09/30/2021,BNA,TN,ASO,ES,Combined TRACON& Tower with Radar,542,113,98,2,755,0,1,50,2,53,542,114,148,4,808,0,0,0,808
10/01/2021,BNA,TN,ASO,ES,Combined TRACON& Tower with Radar,511,102,86,5,704,0,3,49,3,55,511,105,135,8,759,0,0,0,759
10/02/2021,BNA,TN,ASO,ES,Combined TRACON& Tower with Radar,419,80,63,2,564,0,0,30,2,32,419,80,93,4,596,0,0,0,596
10/03/2021,BNA,TN,ASO,ES,Combined TRACON& Tower with Radar,535,111,94,0,740,0,0,3,2,5,535,111,97,2,745,0,0,0,745
10/04/2021,BNA,TN,ASO,ES,Combined TRACON& Tower with Radar,511,70,81,4,666,0,2,21,2,25,511,72,102,6,691,0,0,0,691
10/05/2021,BNA,TN,ASO,ES,Combined TRACON& Tower with Radar,490,60,66,4,620,0,2,12,1,15,490,62,78,5,635,0,0,0,635
10/06/2021,BNA,TN,ASO,ES,Combined TRACON& Tower with Radar,487,93,86,2,668,0,0,5,3,8,487,93,91,5,676,0,0,0,676
10/07/2021,BNA,TN,ASO,ES,Combined TRACON& Tower with Radar,548,107,87,6,748,0,11,19,0,30,548,118,106,6,778,0,0,0,778
10/08/2021,BNA,TN,ASO,ES,Combined TRACON& Tower with Radar,506,84,124,5,719,0,4,40,0,44,506,88,164,5,763,0,0,0,763
10/09/2021,BNA,TN,ASO,ES,Combined TRACON& Tower with Radar,405,88,96,0,589,0,9,45,2,56,405,97,141,2,645,0,0,0,645
10/10/2021,BNA,TN,ASO,ES,Combined TRACON& Tower with Radar,461,106,110,0,677,0,8,18,0,26,461,114,128,0,703,0,0,0,703
10/11/2021,BNA,TN,ASO,ES,Combined TRACON& Tower with Radar,492,95,88,1,676,0,5,23,0,28,492,100,111,1,704,0,0,0,704
10/12/2021,BNA,TN,ASO,ES,Combined TRACON& Tower with Radar,488,92,82,4,666,0,1,39,7,47,488,93,121,11,713,0,0,0,713
10/13/2021,BNA,TN,ASO,ES,Combined TRACON& Tower with Radar,474,120,111,2,707,0,1,44,2,47,474,121,155,4,754,0,0,0,754
10/14/2021,BNA,TN,ASO,ES,Combined TRACON& Tower with Radar,546,105,102,2,755,0,28,45,10,83,546,133,147,12,838,0,0,0,838
10/15/2021,BNA,TN,ASO,ES,Combined TRACON& Tower with Radar,529,89,95,17,730,0,4,6,2,12,529,93,101,19,742,0,0,0,742
10/16/2021,BNA,TN,ASO,ES,Combined TRACON& Tower with Radar,455,56,73,0,584,0,4,30,14,48,455,60,103,14,632,0,0,0,632
10/17/2021,BNA,TN,ASO,ES,Combined TRACON& Tower with Radar,524,122,134,6,786,0,4,28,3,35,524,126,162,9,821,0,0,0,821
10/18/2021,BNA,TN,ASO,ES,Combined TRACON& Tower with Radar,521,114,85,3,723,0,2,29,0,31,521,116,114,3,754,0,0,0,754
10/19/2021,BNA,TN,ASO,ES,Combined TRACON& Tower with Radar,489,100,93,5,687,0,0,40,4,44,489,100,133,9,731,0,0,0,731
10/20/2021,BNA,TN,ASO,ES,Combined TRACON& Tower with Radar,482,86,77,1,646,0,3,43,4,50,482,89,120,5,696,0,0,0,696
10/21/2021,BNA,TN,ASO,ES,Combined TRACON& Tower with Radar,541,92,116,2,751,0,0,18,6,24,541,92,134,8,775,0,0,0,775
10/22/2021,BNA,TN,ASO,ES,Combined TRACON& Tower with Radar,529,100,127,4,760,0,6,24,0,30,529,106,151,4,790,0,0,0,790
10/23/2021,BNA,TN,ASO,ES,Combined TRACON& Tower with Radar,449,88,101,0,638,0,6,40,0,46,449,94,141,0,684,0,0,0,684
10/24/2021,BNA,TN,ASO,ES,Combined TRACON& Tower with Radar,528,126,169,3,826,0,2,19,1,22,528,128,188,4,848,0,0,0,848
10/25/2021,BNA,TN,ASO,ES,Combined TRACON& Tower with Radar,512,64,114,2,692,0,0,2,4,6,512,64,116,6,698,0,0,0,698
10/26/2021,BNA,TN,ASO,ES,Combined TRACON& Tower with Radar,495,86,114,5,700,0,2,47,10,59,495,88,161,15,759,0,0,0,759
10/27/2021,BNA,TN,ASO,ES,Combined TRACON& Tower with Radar,476,100,109,4,689,0,3,44,4,51,476,103,153,8,740,0,0,0,740
10/28/2021,BNA,TN,ASO,ES,Combined TRACON& Tower with Radar,553,62,99,3,717,0,0,4,10,14,553,62,103,13,731,0,0,0,731
10/29/2021,BNA,TN,ASO,ES,Combined TRACON& Tower with Radar,528,80,109,4,721,0,0,2,1,3,528,80,111,5,724,0,0,0,724
10/30/2021,BNA,TN,ASO,ES,Combined TRACON& Tower with Radar,442,58,55,2,557,0,0,0,0,0,442,58,55,2,557,0,0,0,557
10/31/2021,BNA,TN,ASO,ES,Combined TRACON& Tower with Radar,482,77,87,2,648,0,4,16,1,21,482,81,103,3,669,0,0,0,669
11/01/2021,BNA,TN,ASO,ES,Combined TRACON& Tower with Radar,504,73,87,2,666,0,3,46,2,51,504,76,133,4,717,0,0,0,717
11/02/2021,BNA,TN,ASO,ES,Combined TRACON& Tower with Radar,480,96,100,2,678,0,4,25,8,37,480,100,125,10,715,0,0,0,715
11/03/2021,BNA,TN,ASO,ES,Combined TRACON& Tower with Radar,492,97,109,0,698,0,1,43,1,45,492,98,152,1,743,0,0,0,743
11/04/2021,BNA,TN,ASO,ES,Combined TRACON& Tower with Radar,550,89,95,1,735,0,7,38,18,63,550,96,133,19,798,0,0,0,798
11/05/2021,BNA,TN,ASO,ES,Combined TRACON& Tower with Radar,531,100,89,5,725,0,6,50,8,64,531,106,139,13,789,0,0,0,789
11/06/2021,BNA,TN,ASO,ES,Combined TRACON& Tower with Radar,448,73,46,8,575,0,2,47,0,49,448,75,93,8,624,0,0,0,624
11/07/2021,BNA,TN,ASO,ES,Combined TRACON& Tower with Radar,500,112,77,5,694,0,5,18,14,37,500,117,95,19,731,0,0,0,731
11/08/2021,BNA,TN,ASO,ES,Combined TRACON& Tower with Radar,518,76,92,4,690,0,2,37,0,39,518,78,129,4,729,0,0,0,729
11/09/2021,BNA,TN,ASO,ES,Combined TRACON& Tower with Radar,462,83,97,2,644,0,1,38,8,47,462,84,135,10,691,0,0,0,691
11/10/2021,BNA,TN,ASO,ES,Combined TRACON& Tower with Radar,473,91,88,2,654,0,6,41,6,53,473,97,129,8,707,0,0,0,707
11/11/2021,BNA,TN,ASO,ES,Combined TRACON& Tower with Radar,531,93,115,0,739,0,2,7,0,9,531,95,122,0,748,0,0,0,748
11/12/2021,BNA,TN,ASO,ES,Combined TRACON& Tower with Radar,518,103,109,10,740,0,1,41,11,53,518,104,150,21,793,0,0,0,793
11/13/2021,BNA,TN,ASO,ES,Combined TRACON& Tower with Radar,411,53,52,2,518,0,3,38,12,53,411,56,90,14,571,0,0,0,571
11/14/2021,BNA,TN,ASO,ES,Combined TRACON& Tower with Radar,503,98,99,3,703,0,1,11,2,14,503,99,110,5,717,0,0,0,717
11/15/2021,BNA,TN,ASO,ES,Combined TRACON& Tower with Radar,523,77,82,0,682,0,5,41,4,50,523,82,123,4,732,0,0,0,732
11/16/2021,BNA,TN,ASO,ES,Combined TRACON& Tower with Radar,459,84,104,0,647,0,3,23,3,29,459,87,127,3,676,0,0,0,676
11/17/2021,BNA,TN,ASO,ES,Combined TRACON& Tower with Radar,474,90,96,0,660,0,3,29,2,34,474,93,125,2,694,0,0,0,694
11/18/2021,BNA,TN,ASO,ES,Combined TRACON& Tower with Radar,531,84,103,1,719,0,3,20,9,32,531,87,123,10,751,0,0,0,751
11/19/2021,BNA,TN,ASO,ES,Combined TRACON& Tower with Radar,524,89,105,1,719,0,10,62,1,73,524,99,167,2,792,0,0,0,792
11/20/2021,BNA,TN,ASO,ES,Combined TRACON& Tower with Radar,467,59,60,1,587,0,8,29,0,37,467,67,89,1,624,0,0,0,624
11/21/2021,BNA,TN,ASO,ES,Combined TRACON& Tower with Radar,500,81,94,2,677,0,0,0,2,2,500,81,94,4,679,0,0,0,679
11/22/2021,BNA,TN,ASO,ES,Combined TRACON& Tower with Radar,504,87,86,3,680,0,4,36,4,44,504,91,122,7,724,0,0,0,724
11/23/2021,BNA,TN,ASO,ES,Combined TRACON& Tower with Radar,529,81,90,0,700,0,3,50,11,64,529,84,140,11,764,0,0,0,764
11/24/2021,BNA,TN,ASO,ES,Combined TRACON& Tower with Radar,537,85,64,2,688,0,0,24,0,24,537,85,88,2,712,0,0,0,712
11/25/2021,BNA,TN,ASO,ES,Combined TRACON& Tower with Radar,357,20,19,0,396,0,0,0,0,0,357,20,19,0,396,0,0,0,396
11/26/2021,BNA,TN,ASO,ES,Combined TRACON& Tower with Radar,408,59,40,0,507,0,4,15,0,19,408,63,55,0,526,0,0,0,526
11/27/2021,BNA,TN,ASO,ES,Combined TRACON& Tower with Radar,499,95,55,0,649,0,5,28,0,33,499,100,83,0,682,0,0,0,682
11/28/2021,BNA,TN,ASO,ES,Combined TRACON& Tower with Radar,520,93,118,0,731,0,4,8,0,12,520,97,126,0,743,0,0,0,743
11/29/2021,BNA,TN,ASO,ES,Combined TRACON& Tower with Radar,530,84,55,0,669,0,4,19,0,23,530,88,74,0,692,0,0,0,692
11/30/2021,BNA,TN,ASO,ES,Combined TRACON& Tower with Radar,487,81,76,2,646,0,2,41,0,43,487,83,117,2,689,0,0,0,689
12/01/2021,BNA,TN,ASO,ES,Combined TRACON& Tower with Radar,473,99,119,1,692,0,2,40,9,51,473,101,159,10,743,0,0,0,743
12/02/2021,BNA,TN,ASO,ES,Combined TRACON& Tower with Radar,515,99,130,2,746,0,4,41,16,61,515,103,171,18,807,0,0,0,807
12/03/2021,BNA,TN,ASO,ES,Combined TRACON& Tower with Radar,498,86,103,6,693,0,6,58,15,79,498,92,161,21,772,0,0,0,772
12/04/2021,BNA,TN,ASO,ES,Combined TRACON& Tower with Radar,395,71,40,1,507,0,0,2,0,2,395,71,42,1,509,0,0,0,509
12/05/2021,BNA,TN,ASO,ES,Combined TRACON& Tower with Radar,489,68,66,5,628,0,0,2,0,2,489,68,68,5,630,0,0,0,630
12/06/2021,BNA,TN,ASO,ES,Combined TRACON& Tower with Radar,461,64,49,7,581,0,3,9,0,12,461,67,58,7,593,0,0,0,593
12/07/2021,BNA,TN,ASO,ES,Combined TRACON& Tower with Radar,443,72,81,3,599,0,3,30,12,45,443,75,111,15,644,0,0,0,644
12/08/2021,BNA,TN,ASO,ES,Combined TRACON& Tower with Radar,453,88,86,9,636,0,9,30,5,44,453,97,116,14,680,0,0,0,680
12/09/2021,BNA,TN,ASO,ES,Combined TRACON& Tower with Radar,503,88,93,6,690,0,2,26,22,50,503,90,119,28,740,0,0,0,740
12/10/2021,BNA,TN,ASO,ES,Combined TRACON& Tower with Radar,479,65,89,4,637,0,0,1,1,2,479,65,90,5,639,0,0,0,639
12/11/2021,BNA,TN,ASO,ES,Combined TRACON& Tower with Radar,415,61,36,0,512,0,1,7,2,10,415,62,43,2,522,0,0,0,522
12/12/2021,BNA,TN,ASO,ES,Combined TRACON& Tower with Radar,486,80,84,3,653,0,7,22,2,31,486,87,106,5,684,0,0,0,684
12/13/2021,BNA,TN,ASO,ES,Combined TRACON& Tower with Radar,480,71,73,2,626,0,2,41,7,50,480,73,114,9,676,0,0,0,676
12/14/2021,BNA,TN,ASO,ES,Combined TRACON& Tower with Radar,449,73,92,2,616,0,1,41,12,54,449,74,133,14,670,0,0,0,670
12/15/2021,BNA,TN,ASO,ES,Combined TRACON& Tower with Radar,447,80,87,2,616,0,2,54,3,59,447,82,141,5,675,0,0,0,675
12/16/2021,BNA,TN,ASO,ES,Combined TRACON& Tower with Radar,514,77,89,5,685,0,0,13,9,22,514,77,102,14,707,0,0,0,707
12/17/2021,BNA,TN,ASO,ES,Combined TRACON& Tower with Radar,508,84,94,3,689,0,0,0,0,0,508,84,94,3,689,0,0,0,689
12/18/2021,BNA,TN,ASO,ES,Combined TRACON& Tower with Radar,414,55,77,1,547,0,0,3,0,3,414,55,80,1,550,0,0,0,550
12/19/2021,BNA,TN,ASO,ES,Combined TRACON& Tower with Radar,474,83,66,0,623,0,0,15,0,15,474,83,81,0,638,0,0,0,638
12/20/2021,BNA,TN,ASO,ES,Combined TRACON& Tower with Radar,483,79,74,0,636,0,0,28,0,28,483,79,102,0,664,0,0,0,664
12/21/2021,BNA,TN,ASO,ES,Combined TRACON& Tower with Radar,487,58,57,2,604,0,0,47,10,57,487,58,104,12,661,0,0,0,661
12/22/2021,BNA,TN,ASO,ES,Combined TRACON& Tower with Radar,486,84,56,0,626,0,5,32,4,41,486,89,88,4,667,0,0,0,667
12/23/2021,BNA,TN,ASO,ES,Combined TRACON& Tower with Radar,501,57,58,1,617,0,4,28,1,33,501,61,86,2,650,0,0,0,650
12/24/2021,BNA,TN,ASO,ES,Combined TRACON& Tower with Radar,401,30,36,0,467,0,2,0,0,2,401,32,36,0,469,0,0,0,469
12/25/2021,BNA,TN,ASO,ES,Combined TRACON& Tower with Radar,345,40,21,0,406,0,2,0,0,2,345,42,21,0,408,0,0,0,408
12/26/2021,BNA,TN,ASO,ES,Combined TRACON& Tower with Radar,456,72,70,0,598,0,0,0,0,0,456,72,70,0,598,0,0,0,598
12/27/2021,BNA,TN,ASO,ES,Combined TRACON& Tower with Radar,456,72,66,0,594,1,2,9,0,12,457,74,75,0,606,0,0,0,606
12/28/2021,BNA,TN,ASO,ES,Combined TRACON& Tower with Radar,469,65,54,0,588,0,1,2,4,7,469,66,56,4,595,0,0,0,595
12/29/2021,BNA,TN,ASO,ES,Combined TRACON& Tower with Radar,475,48,39,2,564,1,1,8,1,11,476,49,47,3,575,0,0,0,575
12/30/2021,BNA,TN,ASO,ES,Combined TRACON& Tower with Radar,485,52,99,2,638,0,0,0,0,0,485,52,99,2,638,0,0,0,638
12/31/2021,BNA,TN,ASO,ES,Combined TRACON& Tower with Radar,405,74,26,1,506,0,0,9,0,9,405,74,35,1,515,0,0,0,515
01/01/2022,BNA,TN,ASO,ES,Combined TRACON& Tower with Radar,369,47,26,0,442,0,0,1,0,1,369,47,27,0,443,0,0,0,443
01/02/2022,BNA,TN,ASO,ES,Combined TRACON& Tower with Radar,418,92,107,0,617,0,0,0,0,0,418,92,107,0,617,0,0,0,617
01/03/2022,BNA,TN,ASO,ES,Combined TRACON& Tower with Radar,442,75,56,1,574,0,0,22,0,22,442,75,78,1,596,0,0,0,596
01/04/2022,BNA,TN,ASO,ES,Combined TRACON& Tower with Radar,422,59,61,3,545,0,0,40,2,42,422,59,101,5,587,0,0,0,587
01/05/2022,BNA,TN,ASO,ES,Combined TRACON& Tower with Radar,402,59,55,0,516,0,1,21,7,29,402,60,76,7,545,0,0,0,545
01/06/2022,BNA,TN,ASO,ES,Combined TRACON& Tower with Radar,157,24,40,0,221,0,0,1,0,1,157,24,41,0,222,0,0,0,222
01/07/2022,BNA,TN,ASO,ES,Combined TRACON& Tower with Radar,350,66,52,1,469,0,6,4,0,10,350,72,56,1,479,0,0,0,479
01/08/2022,BNA,TN,ASO,ES,Combined TRACON& Tower with Radar,357,37,56,5,455,0,4,16,3,23,357,41,72,8,478,0,0,0,478
01/09/2022,BNA,TN,ASO,ES,Combined TRACON& Tower with Radar,437,69,38,0,544,0,1,6,0,7,437,70,44,0,551,0,0,0,551
01/10/2022,BNA,TN,ASO,ES,Combined TRACON& Tower with Radar,434,61,51,6,552,0,3,44,1,48,434,64,95,7,600,0,0,0,600
01/11/2022,BNA,TN,ASO,ES,Combined TRACON& Tower with Radar,413,57,63,2,535,0,1,64,0,65,413,58,127,2,600,0,0,0,600
01/12/2022,BNA,TN,ASO,ES,Combined TRACON& Tower with Radar,436,65,54,4,559,0,2,37,13,52,436,67,91,17,611,0,0,0,611
01/13/2022,BNA,TN,ASO,ES,Combined TRACON& Tower with Radar,461,63,63,2,589,0,6,27,14,47,461,69,90,16,636,0,0,0,636
01/14/2022,BNA,TN,ASO,ES,Combined TRACON& Tower with Radar,469,60,63,2,594,0,1,40,4,45,469,61,103,6,639,0,0,0,639
01/15/2022,BNA,TN,ASO,ES,Combined TRACON& Tower with Radar,344,65,39,0,448,0,0,0,0,0,344,65,39,0,448,0,0,0,448
01/16/2022,BNA,TN,ASO,ES,Combined TRACON& Tower with Radar,312,38,21,0,371,0,0,1,0,1,312,38,22,0,372,0,0,0,372
01/17/2022,BNA,TN,ASO,ES,Combined TRACON& Tower with Radar,439,50,55,2,546,0,0,5,0,5,439,50,60,2,551,0,0,0,551
01/18/2022,BNA,TN,ASO,ES,Combined TRACON& Tower with Radar,445,54,75,0,574,0,7,39,2,48,445,61,114,2,622,0,0,0,622
01/19/2022,BNA,TN,ASO,ES,Combined TRACON& Tower with Radar,449,54,75,4,582,0,0,2,0,2,449,54,77,4,584,0,0,0,584
01/20/2022,BNA,TN,ASO,ES,Combined TRACON& Tower with Radar,466,69,74,4,613,0,2,7,18,27,466,71,81,22,640,0,0,0,640
01/21/2022,BNA,TN,ASO,ES,Combined TRACON& Tower with Radar,478,89,70,4,641,0,22,41,11,74,478,111,111,15,715,0,0,0,715
01/22/2022,BNA,TN,ASO,ES,Combined TRACON& Tower with Radar,349,68,52,2,471,0,8,54,11,73,349,76,106,13,544,0,0,0,544
01/23/2022,BNA,TN,ASO,ES,Combined TRACON& Tower with Radar,449,80,63,2,594,0,2,8,6,16,449,82,71,8,610,0,0,0,610
01/24/2022,BNA,TN,ASO,ES,Combined TRACON& Tower with Radar,457,70,65,2,594,0,9,31,0,40,457,79,96,2,634,0,0,0,634
01/25/2022,BNA,TN,ASO,ES,Combined TRACON& Tower with Radar,445,70,51,4,570,0,4,36,0,40,445,74,87,4,610,0,0,0,610
01/26/2022,BNA,TN,ASO,ES,Combined TRACON& Tower with Radar,454,73,75,4,606,0,5,46,6,57,454,78,121,10,663,0,0,0,663
01/27/2022,BNA,TN,ASO,ES,Combined TRACON& Tower with Radar,484,84,66,4,638,0,2,32,5,39,484,86,98,9,677,0,0,0,677
01/28/2022,BNA,TN,ASO,ES,Combined TRACON& Tower with Radar,467,77,54,1,599,0,0,7,0,7,467,77,61,1,606,0,0,0,606
01/29/2022,BNA,TN,ASO,ES,Combined TRACON& Tower with Radar,310,48,44,3,405,0,4,67,3,74,310,52,111,6,479,0,0,0,479
01/30/2022,BNA,TN,ASO,ES,Combined TRACON& Tower with Radar,433,61,45,0,539,0,3,16,1,20,433,64,61,1,559,0,0,0,559
01/31/2022,BNA,TN,ASO,ES,Combined TRACON& Tower with Radar,457,47,49,11,564,0,2,53,6,61,457,49,102,17,625,0,0,0,625
02/01/2022,BNA,TN,ASO,ES,Combined TRACON& Tower with Radar,443,69,61,1,574,0,3,58,7,68,443,72,119,8,642,0,0,0,642
02/02/2022,BNA,TN,ASO,ES,Combined TRACON& Tower with Radar,440,84,70,3,597,0,0,1,0,1,440,84,71,3,598,0,0,0,598
02/03/2022,BNA,TN,ASO,ES,Combined TRACON& Tower with Radar,376,55,48,2,481,0,0,0,0,0,376,55,48,2,481,0,0,0,481
02/04/2022,BNA,TN,ASO,ES,Combined TRACON& Tower with Radar,372,62,49,1,484,0,0,6,4,10,372,62,55,5,494,0,0,0,494
02/05/2022,BNA,TN,ASO,ES,Combined TRACON& Tower with Radar,352,36,37,5,430,0,4,61,0,65,352,40,98,5,495,0,0,0,495
02/06/2022,BNA,TN,ASO,ES,Combined TRACON& Tower with Radar,447,81,70,0,598,0,5,19,13,37,447,86,89,13,635,0,0,0,635
02/07/2022,BNA,TN,ASO,ES,Combined TRACON& Tower with Radar,466,55,69,1,591,0,2,72,3,77,466,57,141,4,668,0,0,0,668
02/08/2022,BNA,TN,ASO,ES,Combined TRACON& Tower with Radar,453,84,73,8,618,0,6,58,0,64,453,90,131,8,682,0,0,0,682
02/09/2022,BNA,TN,ASO,ES,Combined TRACON& Tower with Radar,472,75,102,5,654,0,5,45,2,52,472,80,147,7,706,0,0,0,706
02/10/2022,BNA,TN,ASO,ES,Combined TRACON& Tower with Radar,490,84,99,0,673,0,4,43,21,68,490,88,142,21,741,0,0,0,741
02/11/2022,BNA,TN,ASO,ES,Combined TRACON& Tower with Radar,483,85,96,5,669,0,2,16,3,21,483,87,112,8,690,0,0,0,690
02/12/2022,BNA,TN,ASO,ES,Combined TRACON& Tower with Radar,364,50,57,5,476,0,0,33,1,34,364,50,90,6,510,0,0,0,510
02/13/2022,BNA,TN,ASO,ES,Combined TRACON& Tower with Radar,438,75,57,8,578,0,2,15,1,18,438,77,72,9,596,0,0,0,596
02/14/2022,BNA,TN,ASO,ES,Combined TRACON& Tower with Radar,480,64,67,1,612,0,4,36,7,47,480,68,103,8,659,0,0,0,659
02/15/2022,BNA,TN,ASO,ES,Combined TRACON& Tower with Radar,459,64,95,2,620,0,5,38,12,55,459,69,133,14,675,0,0,0,675
02/16/2022,BNA,TN,ASO,ES,Combined TRACON& Tower with Radar,459,62,92,6,619,0,4,17,10,31,459,66,109,16,650,0,0,0,650
02/17/2022,BNA,TN,ASO,ES,Combined TRACON& Tower with Radar,487,93,57,1,638,0,0,1,0,1,487,93,58,1,639,0,0,0,639
02/18/2022,BNA,TN,ASO,ES,Combined TRACON& Tower with Radar,512,92,96,3,703,0,3,40,4,47,512,95,136,7,750,0,0,0,750
02/19/2022,BNA,TN,ASO,ES,Combined TRACON& Tower with Radar,377,38,39,2,456,0,6,42,0,48,377,44,81,2,504,0,0,0,504
02/20/2022,BNA,TN,ASO,ES,Combined TRACON& Tower with Radar,449,62,57,4,572,0,9,18,3,30,449,71,75,7,602,0,0,0,602
02/21/2022,BNA,TN,ASO,ES,Combined TRACON& Tower with Radar,497,83,58,0,638,0,2,17,0,19,497,85,75,0,657,0,0,0,657
02/22/2022,BNA,TN,ASO,ES,Combined TRACON& Tower with Radar,460,54,68,0,582,0,0,3,0,3,460,54,71,0,585,0,0,0,585
02/23/2022,BNA,TN,ASO,ES,Combined TRACON& Tower with Radar,470,85,76,2,633,0,0,2,0,2,470,85,78,2,635,0,0,0,635
02/24/2022,BNA,TN,ASO,ES,Combined TRACON& Tower with Radar,509,75,80,0,664,0,0,0,0,0,509,75,80,0,664,0,0,0,664
02/25/2022,BNA,TN,ASO,ES,Combined TRACON& Tower with Radar,489,89,98,3,679,0,0,8,10,18,489,89,106,13,697,0,0,0,697
02/26/2022,BNA,TN,ASO,ES,Combined TRACON& Tower with Radar,387,64,51,0,502,0,1,17,12,30,387,65,68,12,532,0,0,0,532
02/27/2022,BNA,TN,ASO,ES,Combined TRACON& Tower with Radar,469,98,89,1,657,0,7,16,5,28,469,105,105,6,685,0,0,0,685
02/28/2022,BNA,TN,ASO,ES,Combined TRACON& Tower with Radar,502,71,77,4,654,0,11,52,9,72,502,82,129,13,726,0,0,0,726
03/01/2022,BNA,TN,ASO,ES,Combined TRACON& Tower with Radar,461,69,71,4,605,0,8,51,9,68,461,77,122,13,673,0,0,0,673
03/02/2022,BNA,TN,ASO,ES,Combined TRACON& Tower with Radar,480,74,81,4,639,1,7,57,4,69,481,81,138,8,708,0,0,0,708
03/03/2022,BNA,TN,ASO,ES,Combined TRACON& Tower with Radar,509,88,85,1,683,0,9,54,12,75,509,97,139,13,758,0,0,0,758
03/04/2022,BNA,TN,ASO,ES,Combined TRACON& Tower with Radar,492,105,108,1,706,0,3,39,4,46,492,108,147,5,752,0,0,0,752
03/05/2022,BNA,TN,ASO,ES,Combined TRACON& Tower with Radar,383,54,49,0,486,0,1,13,6,20,383,55,62,6,506,0,0,0,506
03/06/2022,BNA,TN,ASO,ES,Combined TRACON& Tower with Radar,455,89,67,0,611,0,0,0,9,9,455,89,67,9,620,0,0,0,620
03/07/2022,BNA,TN,ASO,ES,Combined TRACON& Tower with Radar,483,71,78,0,632,0,1,5,1,7,483,72,83,1,639,0,0,0,639
03/08/2022,BNA,TN,ASO,ES,Combined TRACON& Tower with Radar,444,95,125,1,665,0,0,24,4,28,444,95,149,5,693,0,0,0,693
03/09/2022,BNA,TN,ASO,ES,Combined TRACON& Tower with Radar,440,106,99,3,648,0,4,25,3,32,440,110,124,6,680,0,0,0,680
03/10/2022,BNA,TN,ASO,ES,Combined TRACON& Tower with Radar,487,99,96,7,689,0,4,40,17,61,487,103,136,24,750,0,0,0,750
03/11/2022,BNA,TN,ASO,ES,Combined TRACON& Tower with Radar,461,102,118,3,684,0,1,30,3,34,461,103,148,6,718,0,0,0,718
03/12/2022,BNA,TN,ASO,ES,Combined TRACON& Tower with Radar,363,82,52,0,497,0,3,10,1,14,363,85,62,1,511,0,0,0,511
03/13/2022,BNA,TN,ASO,ES,Combined TRACON& Tower with Radar,441,100,76,1,618,0,5,7,0,12,441,105,83,1,630,0,0,0,630
03/14/2022,BNA,TN,ASO,ES,Combined TRACON& Tower with Radar,489,44,55,2,590,0,7,46,3,56,489,51,101,5,646,0,0,0,646
03/15/2022,BNA,TN,ASO,ES,Combined TRACON& Tower with Radar,451,68,36,2,557,0,5,47,11,63,451,73,83,13,620,0,0,0,620
03/16/2022,BNA,TN,ASO,ES,Combined TRACON& Tower with Radar,466,88,81,5,640,0,1,3,2,6,466,89,84,7,646,0,0,0,646
03/17/2022,BNA,TN,ASO,ES,Combined TRACON& Tower with Radar,482,82,81,3,648,0,4,40,29,73,482,86,121,32,721,0,0,0,721
03/18/2022,BNA,TN,ASO,ES,Combined TRACON& Tower with Radar,485,86,89,5,665,0,2,11,7,20,485,88,100,12,685,0,0,0,685
03/19/2022,BNA,TN,ASO,ES,Combined TRACON& Tower with Radar,423,99,81,8,611,0,3,10,11,24,423,102,91,19,635,0,0,0,635
03/20/2022,BNA,TN,ASO,ES,Combined TRACON& Tower with Radar,481,101,89,3,674,0,10,24,7,41,481,111,113,10,715,0,0,0,715
03/21/2022,BNA,TN,ASO,ES,Combined TRACON& Tower with Radar,472,72,81,1,626,0,9,45,0,54,472,81,126,1,680,0,0,0,680
03/22/2022,BNA,TN,ASO,ES,Combined TRACON& Tower with Radar,444,62,60,0,566,0,0,13,2,15,444,62,73,2,581,0,0,0,581
03/23/2022,BNA,TN,ASO,ES,Combined TRACON& Tower with Radar,464,76,80,1,621,0,0,5,3,8,464,76,85,4,629,0,0,0,629
03/24/2022,BNA,TN,ASO,ES,Combined TRACON& Tower with Radar,497,82,112,8,699,0,0,25,10,35,497,82,137,18,734,0,0,0,734
03/25/2022,BNA,TN,ASO,ES,Combined TRACON& Tower with Radar,490,79,60,4,633,0,3,40,7,50,490,82,100,11,683,0,0,0,683
03/26/2022,BNA,TN,ASO,ES,Combined TRACON& Tower with Radar,421,66,45,3,535,0,6,10,2,18,421,72,55,5,553,0,0,0,553
03/27/2022,BNA,TN,ASO,ES,Combined TRACON& Tower with Radar,468,86,75,5,634,0,8,22,4,34,468,94,97,9,668,0,0,0,668
03/28/2022,BNA,TN,ASO,ES,Combined TRACON& Tower with Radar,486,62,93,2,643,0,5,53,14,72,486,67,146,16,715,0,0,0,715
03/29/2022,BNA,TN,ASO,ES,Combined TRACON& Tower with Radar,439,70,97,3,609,0,4,51,7,62,439,74,148,10,671,0,0,0,671
03/30/2022,BNA,TN,ASO,ES,Combined TRACON& Tower with Radar,447,70,82,6,605,0,6,2,1,9,447,76,84,7,614,0,0,0,614
03/31/2022,BNA,TN,ASO,ES,Combined TRACON& Tower with Radar,480,76,119,4,679,0,0,7,17,24,480,76,126,21,703,0,0,0,703
04/01/2022,BNA,TN,ASO,ES,Combined TRACON& Tower with Radar,485,90,84,6,665,0,7,49,4,60,485,97,133,10,725,0,0,0,725
04/02/2022,BNA,TN,ASO,ES,Combined TRACON& Tower with Radar,374,63,50,15,502,0,4,56,1,61,374,67,106,16,563,0,0,0,563
04/03/2022,BNA,TN,ASO,ES,Combined TRACON& Tower with Radar,425,100,78,18,621,0,7,23,2,32,425,107,101,20,653,0,0,0,653
04/04/2022,BNA,TN,ASO,ES,Combined TRACON& Tower with Radar,494,71,91,4,660,0,1,33,4,38,494,72,124,8,698,0,0,0,698
04/05/2022,BNA,TN,ASO,ES,Combined TRACON& Tower with Radar,476,73,98,10,657,0,0,8,3,11,476,73,106,13,668,0,0,0,668
04/06/2022,BNA,TN,ASO,ES,Combined TRACON& Tower with Radar,502,99,93,11,705,0,0,0,0,0,502,99,93,11,705,0,0,0,705
04/07/2022,BNA,TN,ASO,ES,Combined TRACON& Tower with Radar,506,90,117,4,717,0,6,33,19,58,506,96,150,23,775,3,0,3,778
04/08/2022,BNA,TN,ASO,ES,Combined TRACON& Tower with Radar,515,84,98,3,700,0,1,10,8,19,515,85,108,11,719,0,0,0,719
04/09/2022,BNA,TN,ASO,ES,Combined TRACON& Tower with Radar,403,59,39,4,505,0,6,19,5,30,403,65,58,9,535,0,0,0,535
04/10/2022,BNA,TN,ASO,ES,Combined TRACON& Tower with Radar,486,76,88,2,652,0,0,17,2,19,486,76,105,4,671,0,0,0,671
04/11/2022,BNA,TN,ASO,ES,Combined TRACON& Tower with Radar,504,80,83,1,668,0,0,7,0,7,504,80,90,1,675,0,0,0,675
04/12/2022,BNA,TN,ASO,ES,Combined TRACON& Tower with Radar,476,57,70,1,604,1,1,11,4,17,477,58,81,5,621,0,0,0,621
04/13/2022,BNA,TN,ASO,ES,Combined TRACON& Tower with Radar,489,64,80,1,634,0,0,4,3,7,489,64,84,4,641,0,0,0,641
04/14/2022,BNA,TN,ASO,ES,Combined TRACON& Tower with Radar,551,85,126,0,762,0,0,65,13,78,551,85,191,13,840,0,0,0,840
04/15/2022,BNA,TN,ASO,ES,Combined TRACON& Tower with Radar,510,68,55,15,648,0,3,53,0,56,510,71,108,15,704,0,0,0,704
04/16/2022,BNA,TN,ASO,ES,Combined TRACON& Tower with Radar,411,56,54,0,521,0,0,25,0,25,411,56,79,0,546,0,0,0,546
04/17/2022,BNA,TN,ASO,ES,Combined TRACON& Tower with Radar,480,64,52,0,596,0,3,3,0,6,480,67,55,0,602,0,0,0,602
04/18/2022,BNA,TN,ASO,ES,Combined TRACON& Tower with Radar,514,81,82,2,679,0,0,11,0,11,514,81,93,2,690,0,0,0,690
04/19/2022,BNA,TN,ASO,ES,Combined TRACON& Tower with Radar,494,78,84,8,664,0,4,61,15,80,494,82,145,23,744,0,0,0,744
04/20/2022,BNA,TN,ASO,ES,Combined TRACON& Tower with Radar,494,85,81,1,661,0,5,35,8,48,494,90,116,9,709,0,0,0,709
04/21/2022,BNA,TN,ASO,ES,Combined TRACON& Tower with Radar,534,87,99,5,725,0,2,30,18,50,534,89,129,23,775,0,0,0,775
04/22/2022,BNA,TN,ASO,ES,Combined TRACON& Tower with Radar,533,90,92,7,722,0,0,57,16,73,533,90,149,23,795,0,0,0,795
04/23/2022,BNA,TN,ASO,ES,Combined TRACON& Tower with Radar,419,75,50,4,548,0,1,49,4,54,419,76,99,8,602,0,0,0,602
04/24/2022,BNA,TN,ASO,ES,Combined TRACON& Tower with Radar,487,103,106,3,699,0,2,7,3,12,487,105,113,6,711,0,0,0,711
04/25/2022,BNA,TN,ASO,ES,Combined TRACON& Tower with Radar,507,87,81,0,675,0,0,4,2,6,507,87,85,2,681,0,0,0,681
04/26/2022,BNA,TN,ASO,ES,Combined TRACON& Tower with Radar,497,91,83,9,680,0,2,44,6,52,497,93,127,15,732,0,0,0,732
04/27/2022,BNA,TN,ASO,ES,Combined TRACON& Tower with Radar,503,102,123,5,733,0,5,53,13,71,503,107,176,18,804,0,0,0,804
04/28/2022,BNA,TN,ASO,ES,Combined TRACON& Tower with Radar,537,110,117,5,769,0,3,42,17,62,537,113,159,22,831,0,0,0,831
04/29/2022,BNA,TN,ASO,ES,Combined TRACON& Tower with Radar,528,116,92,2,738,0,5,46,0,51,528,121,138,2,789,0,0,0,789
04/30/2022,BNA,TN,ASO,ES,Combined TRACON& Tower with Radar,425,77,78,0,580,0,0,44,0,44,425,77,122,0,624,0,0,0,624
05/01/2022,BNA,TN,ASO,ES,Combined TRACON& Tower with Radar,493,105,82,2,682,0,2,9,0,11,493,107,91,2,693,0,0,0,693
05/02/2022,BNA,TN,ASO,ES,Combined TRACON& Tower with Radar,514,67,65,4,650,0,4,39,2,45,514,71,104,6,695,0,0,0,695
05/03/2022,BNA,TN,ASO,ES,Combined TRACON& Tower with Radar,507,80,100,3,690,0,2,5,0,7,507,82,105,3,697,0,0,0,697
05/04/2022,BNA,TN,ASO,ES,Combined TRACON& Tower with Radar,493,90,131,1,715,0,2,53,6,61,493,92,184,7,776,0,0,0,776
05/05/2022,BNA,TN,ASO,ES,Combined TRACON& Tower with Radar,525,107,105,2,739,0,2,37,8,47,525,109,142,10,786,0,0,0,786
05/06/2022,BNA,TN,ASO,ES,Combined TRACON& Tower with Radar,550,96,78,2,726,0,0,4,2,6,550,96,82,4,732,0,0,0,732
05/07/2022,BNA,TN,ASO,ES,Combined TRACON& Tower with Radar,441,71,78,6,596,0,0,3,2,5,441,71,81,8,601,0,0,0,601
05/08/2022,BNA,TN,ASO,ES,Combined TRACON& Tower with Radar,506,97,96,0,699,0,2,12,4,18,506,99,108,4,717,0,0,0,717
05/09/2022,BNA,TN,ASO,ES,Combined TRACON& Tower with Radar,546,87,99,3,735,0,4,47,0,51,546,91,146,3,786,0,0,0,786
05/10/2022,BNA,TN,ASO,ES,Combined TRACON& Tower with Radar,499,78,98,3,678,0,5,41,2,48,499,83,139,5,726,0,0,0,726
05/11/2022,BNA,TN,ASO,ES,Combined TRACON& Tower with Radar,513,85,130,4,732,0,3,42,12,57,513,88,172,16,789,0,0,0,789
05/12/2022,BNA,TN,ASO,ES,Combined TRACON& Tower with Radar,537,105,126,6,774,0,0,41,9,50,537,105,167,15,824,0,0,0,824
05/13/2022,BNA,TN,ASO,ES,Combined TRACON& Tower with Radar,548,88,74,7,717,0,4,36,3,43,548,92,110,10,760,0,0,0,760
05/14/2022,BNA,TN,ASO,ES,Combined TRACON& Tower with Radar,453,63,60,3,579,0,0,34,2,36,453,63,94,5,615,0,0,0,615
05/15/2022,BNA,TN,ASO,ES,Combined TRACON& Tower with Radar,520,87,77,3,687,0,0,14,0,14,520,87,91,3,701,0,0,0,701
05/16/2022,BNA,TN,ASO,ES,Combined TRACON& Tower with Radar,531,72,88,1,692,0,9,31,0,40,531,81,119,1,732,0,0,0,732
05/17/2022,BNA,TN,ASO,ES,Combined TRACON& Tower with Radar,509,81,77,0,667,0,7,44,8,59,509,88,121,8,726,0,0,0,726
05/18/2022,BNA,TN,ASO,ES,Combined TRACON& Tower with Radar,517,64,104,0,685,0,8,52,4,64,517,72,156,4,749,0,0,0,749
05/19/2022,BNA,TN,ASO,ES,Combined TRACON& Tower with Radar,544,88,87,0,719,0,5,60,10,75,544,93,147,10,794,0,0,0,794
05/20/2022,BNA,TN,ASO,ES,Combined TRACON& Tower with Radar,530,84,81,11,706,0,7,28,21,56,530,91,109,32,762,0,0,0,762
05/21/2022,BNA,TN,ASO,ES,Combined TRACON& Tower with Radar,449,50,51,1,551,0,5,57,4,66,449,55,108,5,617,0,0,0,617
05/22/2022,BNA,TN,ASO,ES,Combined TRACON& Tower with Radar,507,94,75,4,680,0,0,7,3,10,507,94,82,7,690,0,0,0,690
05/23/2022,BNA,TN,ASO,ES,Combined TRACON& Tower with Radar,530,70,90,4,694,0,0,3,0,3,530,70,93,4,697,0,0,0,697
05/24/2022,BNA,TN,ASO,ES,Combined TRACON& Tower with Radar,511,80,99,0,690,0,0,4,3,7,511,80,103,3,697,0,0,0,697
05/25/2022,BNA,TN,ASO,ES,Combined TRACON& Tower with Radar,508,96,76,0,680,0,0,16,8,24,508,96,92,8,704,0,0,0,704
05/26/2022,BNA,TN,ASO,ES,Combined TRACON& Tower with Radar,543,99,112,0,754,0,0,7,7,14,543,99,119,7,768,0,0,0,768
05/27/2022,BNA,TN,ASO,ES,Combined TRACON& Tower with Radar,524,99,96,0,719,0,2,29,0,31,524,101,125,0,750,0,0,0,750
05/28/2022,BNA,TN,ASO,ES,Combined TRACON& Tower with Radar,437,59,55,0,551,0,0,32,2,34,437,59,87,2,585,0,0,0,585
05/29/2022,BNA,TN,ASO,ES,Combined TRACON& Tower with Radar,497,53,61,0,611,0,2,10,0,12,497,55,71,0,623,0,0,0,623
05/30/2022,BNA,TN,ASO,ES,Combined TRACON& Tower with Radar,526,58,60,0,644,0,5,34,0,39,526,63,94,0,683,0,0,0,683
05/31/2022,BNA,TN,ASO,ES,Combined TRACON& Tower with Radar,501,61,71,2,635,0,6,61,0,67,501,67,132,2,702,0,0,0,702
06/01/2022,BNA,TN,ASO,ES,Combined TRACON& Tower with Radar,505,77,65,2,649,0,4,75,2,81,505,81,140,4,730,0,0,0,730
06/02/2022,BNA,TN,ASO,ES,Combined TRACON& Tower with Radar,527,83,97,2,709,0,1,32,21,54,527,84,129,23,763,0,0,0,763
06/03/2022,BNA,TN,ASO,ES,Combined TRACON& Tower with Radar,532,77,83,7,699,0,4,45,14,63,532,81,128,21,762,0,0,0,762
06/04/2022,BNA,TN,ASO,ES,Combined TRACON& Tower with Radar,447,56,34,3,540,0,2,64,22,88,447,58,98,25,628,0,0,0,628
06/05/2022,BNA,TN,ASO,ES,Combined TRACON& Tower with Radar,517,88,70,5,680,0,2,21,0,23,517,90,91,5,703,0,0,0,703
06/06/2022,BNA,TN,ASO,ES,Combined TRACON& Tower with Radar,536,58,58,1,653,0,0,30,7,37,536,58,88,8,690,0,0,0,690
06/07/2022,BNA,TN,ASO,ES,Combined TRACON& Tower with Radar,530,58,84,0,672,0,0,16,7,23,530,58,100,7,695,0,0,0,695
06/08/2022,BNA,TN,ASO,ES,Combined TRACON& Tower with Radar,527,69,85,0,681,0,2,30,2,34,527,71,115,2,715,0,0,0,715
06/09/2022,BNA,TN,ASO,ES,Combined TRACON& Tower with Radar,541,86,115,1,743,0,7,63,12,82,541,93,178,13,825,0,0,0,825
06/10/2022,BNA,TN,ASO,ES,Combined TRACON& Tower with Radar,542,83,56,4,685,0,7,38,6,51,542,90,94,10,736,0,0,0,736
06/11/2022,BNA,TN,ASO,ES,Combined TRACON& Tower with Radar,461,64,49,2,576,0,9,41,5,55,461,73,90,7,631,0,0,0,631
06/12/2022,BNA,TN,ASO,ES,Combined TRACON& Tower with Radar,518,79,66,7,670,0,6,18,0,24,518,85,84,7,694,0,0,0,694
06/13/2022,BNA,TN,ASO,ES,Combined TRACON& Tower with Radar,521,73,90,1,685,0,2,47,1,50,521,75,137,2,735,0,0,0,735
06/14/2022,BNA,TN,ASO,ES,Combined TRACON& Tower with Radar,523,64,80,3,670,0,4,45,4,53,523,68,125,7,723,0,0,0,723
06/15/2022,BNA,TN,ASO,ES,Combined TRACON& Tower with Radar,540,89,91,4,724,0,5,57,5,67,540,94,148,9,791,0,0,0,791
06/16/2022,BNA,TN,ASO,ES,Combined TRACON& Tower with Radar,535,75,64,4,678,0,12,42,23,77,535,87,106,27,755,0,0,0,755
06/17/2022,BNA,TN,ASO,ES,Combined TRACON& Tower with Radar,515,76,69,1,661,0,4,27,6,37,515,80,96,7,698,0,0,0,698
06/18/2022,BNA,TN,ASO,ES,Combined TRACON& Tower with Radar,453,74,39,3,569,0,0,51,8,59,453,74,90,11,628,0,0,0,628
06/19/2022,BNA,TN,ASO,ES,Combined TRACON& Tower with Radar,512,78,47,1,638,0,1,8,3,12,512,79,55,4,650,0,0,0,650
06/20/2022,BNA,TN,ASO,ES,Combined TRACON& Tower with Radar,539,67,51,1,658,0,4,35,2,41,539,71,86,3,699,0,0,0,699
06/21/2022,BNA,TN,ASO,ES,Combined TRACON& Tower with Radar,523,66,77,2,668,0,8,43,4,55,523,74,120,6,723,0,0,0,723
06/22/2022,BNA,TN,ASO,ES,Combined TRACON& Tower with Radar,499,73,72,2,646,0,5,46,12,63,499,78,118,14,709,0,0,0,709
06/23/2022,BNA,TN,ASO,ES,Combined TRACON& Tower with Radar,549,92,93,1,735,0,1,40,14,55,549,93,133,15,790,0,0,0,790
06/24/2022,BNA,TN,ASO,ES,Combined TRACON& Tower with Radar,527,100,88,4,719,0,6,40,0,46,527,106,128,4,765,0,0,0,765
06/25/2022,BNA,TN,ASO,ES,Combined TRACON& Tower with Radar,456,55,34,2,547,0,5,40,1,46,456,60,74,3,593,0,0,0,593
06/26/2022,BNA,TN,ASO,ES,Combined TRACON& Tower with Radar,516,87,54,4,661,0,4,5,2,11,516,91,59,6,672,0,0,0,672
06/27/2022,BNA,TN,ASO,ES,Combined TRACON& Tower with Radar,518,63,71,6,658,0,3,30,1,34,518,66,101,7,692,0,0,0,692
06/28/2022,BNA,TN,ASO,ES,Combined TRACON& Tower with Radar,507,54,67,0,628,0,4,63,2,69,507,58,130,2,697,0,0,0,697
06/29/2022,BNA,TN,ASO,ES,Combined TRACON& Tower with Radar,516,73,58,7,654,0,5,43,1,49,516,78,101,8,703,0,0,0,703
06/30/2022,BNA,TN,ASO,ES,Combined TRACON& Tower with Radar,549,70,80,2,701,0,1,23,13,37,549,71,103,15,738,0,0,0,738
07/01/2022,BNA,TN,ASO,ES,Combined TRACON& Tower with Radar,540,78,63,1,682,0,3,43,0,46,540,81,106,1,728,0,0,0,728
07/02/2022,BNA,TN,ASO,ES,Combined TRACON& Tower with Radar,456,67,51,1,575,0,0,19,2,21,456,67,70,3,596,0,0,0,596
07/03/2022,BNA,TN,ASO,ES,Combined TRACON& Tower with Radar,511,53,34,0,598,0,0,6,0,6,511,53,40,0,604,0,0,0,604
07/04/2022,BNA,TN,ASO,ES,Combined TRACON& Tower with Radar,524,47,18,0,589,0,0,19,0,19,524,47,37,0,608,0,0,0,608
07/05/2022,BNA,TN,ASO,ES,Combined TRACON& Tower with Radar,520,66,54,0,640,0,1,26,3,30,520,67,80,3,670,0,0,0,670
07/06/2022,BNA,TN,ASO,ES,Combined TRACON& Tower with Radar,526,83,48,2,659,0,0,33,4,37,526,83,81,6,696,0,0,0,696
07/07/2022,BNA,TN,ASO,ES,Combined TRACON& Tower with Radar,546,82,56,0,684,0,0,26,8,34,546,82,82,8,718,0,0,0,718
07/08/2022,BNA,TN,ASO,ES,Combined TRACON& Tower with Radar,553,74,58,11,696,0,1,25,7,33,553,75,83,18,729,0,0,0,729
07/09/2022,BNA,TN,ASO,ES,Combined TRACON& Tower with Radar,471,64,34,2,571,0,0,8,2,10,471,64,42,4,581,0,0,0,581
07/10/2022,BNA,TN,ASO,ES,Combined TRACON& Tower with Radar,537,96,81,8,722,0,2,7,0,9,537,98,88,8,731,0,0,0,731
07/11/2022,BNA,TN,ASO,ES,Combined TRACON& Tower with Radar,548,65,43,4,660,0,2,34,1,37,548,67,77,5,697,0,0,0,697
07/12/2022,BNA,TN,ASO,ES,Combined TRACON& Tower with Radar,515,74,68,0,657,0,0,24,5,29,515,74,92,5,686,0,0,0,686
07/13/2022,BNA,TN,ASO,ES,Combined TRACON& Tower with Radar,538,54,62,1,655,0,2,42,4,48,538,56,104,5,703,0,0,0,703
07/14/2022,BNA,TN,ASO,ES,Combined TRACON& Tower with Radar,558,73,77,5,713,0,1,45,23,69,558,74,122,28,782,0,0,0,782
07/15/2022,BNA,TN,ASO,ES,Combined TRACON& Tower with Radar,549,67,86,4,706,0,4,54,9,67,549,71,140,13,773,0,0,0,773
07/16/2022,BNA,TN,ASO,ES,Combined TRACON& Tower with Radar,480,44,37,3,564,0,1,42,2,45,480,45,79,5,609,0,0,0,609
07/17/2022,BNA,TN,ASO,ES,Combined TRACON& Tower with Radar,541,90,57,4,692,0,0,14,3,17,541,90,71,7,709,0,0,0,709
07/18/2022,BNA,TN,ASO,ES,Combined TRACON& Tower with Radar,530,72,56,2,660,0,2,3,1,6,530,74,59,3,666,0,0,0,666
07/19/2022,BNA,TN,ASO,ES,Combined TRACON& Tower with Radar,525,88,62,0,675,0,0,35,6,41,525,88,97,6,716,0,0,0,716
07/20/2022,BNA,TN,ASO,ES,Combined TRACON& Tower with Radar,533,63,54,5,655,0,2,78,5,85,533,65,132,10,740,0,0,0,740
07/21/2022,BNA,TN,ASO,ES,Combined TRACON& Tower with Radar,547,88,61,1,697,0,2,45,15,62,547,90,106,16,759,0,0,0,759
07/22/2022,BNA,TN,ASO,ES,Combined TRACON& Tower with Radar,561,89,79,2,731,0,0,48,3,51,561,89,127,5,782,0,0,0,782
07/23/2022,BNA,TN,ASO,ES,Combined TRACON& Tower with Radar,478,63,45,7,593,0,1,38,3,42,478,64,83,10,635,0,0,0,635
07/24/2022,BNA,TN,ASO,ES,Combined TRACON& Tower with Radar,531,93,55,9,688,0,0,24,1,25,531,93,79,10,713,0,0,0,713
07/25/2022,BNA,TN,ASO,ES,Combined TRACON& Tower with Radar,512,68,57,2,639,0,0,6,7,13,512,68,63,9,652,0,0,0,652
07/26/2022,BNA,TN,ASO,ES,Combined TRACON& Tower with Radar,520,57,60,3,640,0,0,46,1,47,520,57,106,4,687,0,0,0,687
07/27/2022,BNA,TN,ASO,ES,Combined TRACON& Tower with Radar,525,68,65,0,658,0,3,42,17,62,525,71,107,17,720,0,0,0,720
07/28/2022,BNA,TN,ASO,ES,Combined TRACON& Tower with Radar,557,72,72,1,702,0,0,26,3,29,557,72,98,4,731,0,0,0,731
07/29/2022,BNA,TN,ASO,ES,Combined TRACON& Tower with Radar,554,80,77,1,712,0,0,0,2,2,554,80,77,3,714,0,0,0,714
07/30/2022,BNA,TN,ASO,ES,Combined TRACON& Tower with Radar,472,71,50,0,593,0,0,39,2,41,472,71,89,2,634,0,0,0,634
07/31/2022,BNA,TN,ASO,ES,Combined TRACON& Tower with Radar,528,84,67,2,681,0,0,4,0,4,528,84,71,2,685,0,0,0,685
08/01/2022,BNA,TN,ASO,ES,Combined TRACON& Tower with Radar,554,77,60,4,695,0,0,30,5,35,554,77,90,9,730,0,0,0,730
08/02/2022,BNA,TN,ASO,ES,Combined TRACON& Tower with Radar,527,65,62,8,662,0,2,49,7,58,527,67,111,15,720,0,0,0,720
08/03/2022,BNA,TN,ASO,ES,Combined TRACON& Tower with Radar,518,82,75,3,678,0,9,37,8,54,518,91,112,11,732,0,0,0,732
08/04/2022,BNA,TN,ASO,ES,Combined TRACON& Tower with Radar,524,78,94,5,701,0,1,35,5,41,524,79,129,10,742,0,0,0,742
08/05/2022,BNA,TN,ASO,ES,Combined TRACON& Tower with Radar,518,77,88,0,683,0,1,18,3,22,518,78,106,3,705,0,0,0,705
08/06/2022,BNA,TN,ASO,ES,Combined TRACON& Tower with Radar,481,64,45,1,591,0,0,32,0,32,481,64,77,1,623,0,0,0,623
08/07/2022,BNA,TN,ASO,ES,Combined TRACON& Tower with Radar,531,92,82,0,705,0,2,5,4,11,531,94,87,4,716,0,0,0,716
08/08/2022,BNA,TN,ASO,ES,Combined TRACON& Tower with Radar,528,60,60,2,650,0,10,28,2,40,528,70,88,4,690,0,0,0,690
08/09/2022,BNA,TN,ASO,ES,Combined TRACON& Tower with Radar,526,61,53,0,640,0,0,22,4,26,526,61,75,4,666,0,0,0,666
08/10/2022,BNA,TN,ASO,ES,Combined TRACON& Tower with Radar,529,52,71,4,656,0,0,21,2,23,529,52,92,6,679,0,0,0,679
08/11/2022,BNA,TN,ASO,ES,Combined TRACON& Tower with Radar,563,81,89,0,733,0,0,21,10,31,563,81,110,10,764,0,0,0,764
08/12/2022,BNA,TN,ASO,ES,Combined TRACON& Tower with Radar,546,82,72,2,702,0,1,68,7,76,546,83,140,9,778,0,0,0,778
08/13/2022,BNA,TN,ASO,ES,Combined TRACON& Tower with Radar,478,50,34,2,564,1,1,48,0,50,479,51,82,2,614,0,0,0,614
08/14/2022,BNA,TN,ASO,ES,Combined TRACON& Tower with Radar,538,86,69,3,696,0,2,8,2,12,538,88,77,5,708,0,0,0,708
08/15/2022,BNA,TN,ASO,ES,Combined TRACON& Tower with Radar,547,68,51,8,674,0,0,37,1,38,547,68,88,9,712,0,0,0,712
08/16/2022,BNA,TN,ASO,ES,Combined TRACON& Tower with Radar,528,66,72,2,668,0,0,13,4,17,528,66,85,6,685,0,0,0,685
08/17/2022,BNA,TN,ASO,ES,Combined TRACON& Tower with Radar,525,76,76,5,682,0,0,24,5,29,525,76,100,10,711,0,0,0,711
08/18/2022,BNA,TN,ASO,ES,Combined TRACON& Tower with Radar,562,88,92,5,747,0,6,43,16,65,562,94,135,21,812,0,0,0,812
08/19/2022,BNA,TN,ASO,ES,Combined TRACON& Tower with Radar,568,80,50,1,699,0,2,18,10,30,568,82,68,11,729,0,0,0,729
08/20/2022,BNA,TN,ASO,ES,Combined TRACON& Tower with Radar,470,52,38,1,561,0,0,10,2,12,470,52,48,3,573,0,0,0,573
08/21/2022,BNA,TN,ASO,ES,Combined TRACON& Tower with Radar,521,90,67,2,680,0,1,9,2,12,521,91,76,4,692,0,0,0,692
08/22/2022,BNA,TN,ASO,ES,Combined TRACON& Tower with Radar,520,65,68,0,653,0,0,42,1,43,520,65,110,1,696,0,0,0,696
08/23/2022,BNA,TN,ASO,ES,Combined TRACON& Tower with Radar,530,69,73,2,674,0,3,43,2,48,530,72,116,4,722,0,0,0,722
08/24/2022,BNA,TN,ASO,ES,Combined TRACON& Tower with Radar,535,85,97,6,723,0,12,32,4,48,535,97,129,10,771,0,0,0,771
08/25/2022,BNA,TN,ASO,ES,Combined TRACON& Tower with Radar,564,89,102,5,760,0,1,17,7,25,564,90,119,12,785,0,0,0,785
08/26/2022,BNA,TN,ASO,ES,Combined TRACON& Tower with Radar,559,66,59,1,685,0,2,36,2,40,559,68,95,3,725,0,0,0,725
08/27/2022,BNA,TN,ASO,ES,Combined TRACON& Tower with Radar,474,64,21,2,561,0,6,48,0,54,474,70,69,2,615,0,0,0,615
08/28/2022,BNA,TN,ASO,ES,Combined TRACON& Tower with Radar,545,78,63,2,688,0,0,14,4,18,545,78,77,6,706,0,0,0,706
08/29/2022,BNA,TN,ASO,ES,Combined TRACON& Tower with Radar,543,60,53,3,659,0,3,16,3,22,543,63,69,6,681,0,0,0,681
08/30/2022,BNA,TN,ASO,ES,Combined TRACON& Tower with Radar,505,78,91,2,676,0,0,14,1,15,505,78,105,3,691,0,0,0,691
08/31/2022,BNA,TN,ASO,ES,Combined TRACON& Tower with Radar,532,84,96,1,713,0,2,56,5,63,532,86,152,6,776,0,0,0,776
09/01/2022,BNA,TN,ASO,ES,Combined TRACON& Tower with Radar,572,108,90,7,777,2,3,48,3,56,574,111,138,10,833,0,0,0,833
09/02/2022,BNA,TN,ASO,ES,Combined TRACON& Tower with Radar,572,71,78,2,723,0,0,24,0,24,572,71,102,2,747,0,0,0,747
09/03/2022,BNA,TN,ASO,ES,Combined TRACON& Tower with Radar,462,34,29,0,525,0,0,14,0,14,462,34,43,0,539,0,0,0,539
09/04/2022,BNA,TN,ASO,ES,Combined TRACON& Tower with Radar,512,57,27,2,598,0,0,5,0,5,512,57,32,2,603,0,0,0,603
09/05/2022,BNA,TN,ASO,ES,Combined TRACON& Tower with Radar,540,80,59,0,679,0,0,2,0,2,540,80,61,0,681,0,0,0,681
09/06/2022,BNA,TN,ASO,ES,Combined TRACON& Tower with Radar,521,54,58,2,635,0,0,12,4,16,521,54,70,6,651,0,0,0,651
09/07/2022,BNA,TN,ASO,ES,Combined TRACON& Tower with Radar,536,81,83,3,703,0,2,28,4,34,536,83,111,7,737,0,0,0,737
09/08/2022,BNA,TN,ASO,ES,Combined TRACON& Tower with Radar,581,105,96,0,782,0,5,38,5,48,581,110,134,5,830,0,0,0,830
09/09/2022,BNA,TN,ASO,ES,Combined TRACON& Tower with Radar,586,111,100,2,799,0,0,46,2,48,586,111,146,4,847,0,0,0,847
09/10/2022,BNA,TN,ASO,ES,Combined TRACON& Tower with Radar,469,59,53,3,584,0,0,10,2,12,469,59,63,5,596,0,0,0,596
09/11/2022,BNA,TN,ASO,ES,Combined TRACON& Tower with Radar,591,111,89,2,793,0,0,1,1,2,591,111,90,3,795,0,0,0,795
09/12/2022,BNA,TN,ASO,ES,Combined TRACON& Tower with Radar,561,80,52,2,695,0,2,26,0,28,561,82,78,2,723,0,0,0,723
09/13/2022,BNA,TN,ASO,ES,Combined TRACON& Tower with Radar,525,75,78,3,681,0,2,56,4,62,525,77,134,7,743,0,0,0,743
09/14/2022,BNA,TN,ASO,ES,Combined TRACON& Tower with Radar,532,100,78,2,712,0,5,59,4,68,532,105,137,6,780,0,0,0,780
09/15/2022,BNA,TN,ASO,ES,Combined TRACON& Tower with Radar,586,111,77,0,774,0,3,38,10,51,586,114,115,10,825,0,0,0,825
09/16/2022,BNA,TN,ASO,ES,Combined TRACON& Tower with Radar,576,122,100,2,800,0,0,27,4,31,576,122,127,6,831,0,0,0,831
09/17/2022,BNA,TN,ASO,ES,Combined TRACON& Tower with Radar,458,82,46,2,588,0,4,42,0,46,458,86,88,2,634,0,0,0,634
09/18/2022,BNA,TN,ASO,ES,Combined TRACON& Tower with Radar,585,114,101,1,801,0,7,13,3,23,585,121,114,4,824,0,0,0,824
09/19/2022,BNA,TN,ASO,ES,Combined TRACON& Tower with Radar,556,69,71,0,696,0,4,28,2,34,556,73,99,2,730,0,0,0,730
09/20/2022,BNA,TN,ASO,ES,Combined TRACON& Tower with Radar,525,62,86,6,679,0,0,35,0,35,525,62,121,6,714,0,0,0,714
09/21/2022,BNA,TN,ASO,ES,Combined TRACON& Tower with Radar,534,126,96,5,761,0,0,40,1,41,534,126,136,6,802,0,0,0,802
09/22/2022,BNA,TN,ASO,ES,Combined TRACON& Tower with Radar,571,100,119,1,791,0,0,33,8,41,571,100,152,9,832,0,0,0,832
09/23/2022,BNA,TN,ASO,ES,Combined TRACON& Tower with Radar,576,84,86,2,748,0,1,45,5,51,576,85,131,7,799,0,0,0,799
09/24/2022,BNA,TN,ASO,ES,Combined TRACON& Tower with Radar,466,74,68,6,614,0,1,28,5,34,466,75,96,11,648,0,0,0,648
09/25/2022,BNA,TN,ASO,ES,Combined TRACON& Tower with Radar,579,114,81,1,775,0,2,7,4,13,579,116,88,5,788,0,0,0,788
09/26/2022,BNA,TN,ASO,ES,Combined TRACON& Tower with Radar,563,72,64,3,702,0,4,22,3,29,563,76,86,6,731,0,0,0,731
09/27/2022,BNA,TN,ASO,ES,Combined TRACON& Tower with Radar,535,73,70,11,689,0,2,24,3,29,535,75,94,14,718,0,0,0,718
09/28/2022,BNA,TN,ASO,ES,Combined TRACON& Tower with Radar,488,76,83,4,651,0,2,45,5,52,488,78,128,9,703,0,0,0,703
09/29/2022,BNA,TN,ASO,ES,Combined TRACON& Tower with Radar,536,91,108,6,741,1,1,29,9,40,537,92,137,15,781,0,0,0,781
09/30/2022,BNA,TN,ASO,ES,Combined TRACON& Tower with Radar,530,83,65,6,684,0,0,33,9,42,530,83,98,15,726,0,0,0,726
10/01/2022,BNA,TN,ASO,ES,Combined TRACON& Tower with Radar,463,62,49,0,574,0,0,39,1,40,463,62,88,1,614,0,0,0,614
10/02/2022,BNA,TN,ASO,ES,Combined TRACON& Tower with Radar,576,94,76,0,746,0,1,9,0,10,576,95,85,0,756,0,0,0,756
10/03/2022,BNA,TN,ASO,ES,Combined TRACON& Tower with Radar,558,80,84,0,722,0,0,33,1,34,558,80,117,1,756,0,0,0,756
10/04/2022,BNA,TN,ASO,ES,Combined TRACON& Tower with Radar,518,83,71,3,675,0,2,40,3,45,518,85,111,6,720,0,0,0,720
10/05/2022,BNA,TN,ASO,ES,Combined TRACON& Tower with Radar,528,82,83,4,697,0,6,45,4,55,528,88,128,8,752,0,0,0,752
10/06/2022,BNA,TN,ASO,ES,Combined TRACON& Tower with Radar,581,98,88,2,769,0,1,53,3,57,581,99,141,5,826,0,0,0,826
10/07/2022,BNA,TN,ASO,ES,Combined TRACON& Tower with Radar,592,113,84,2,791,0,1,48,2,51,592,114,132,4,842,0,0,0,842
10/08/2022,BNA,TN,ASO,ES,Combined TRACON& Tower with Radar,486,73,50,1,610,0,0,35,0,35,486,73,85,1,645,0,0,0,645
10/09/2022,BNA,TN,ASO,ES,Combined TRACON& Tower with Radar,595,130,94,0,819,0,0,13,0,13,595,130,107,0,832,0,0,0,832
10/10/2022,BNA,TN,ASO,ES,Combined TRACON& Tower with Radar,581,85,73,1,740,0,0,46,0,46,581,85,119,1,786,0,0,0,786
10/11/2022,BNA,TN,ASO,ES,Combined TRACON& Tower with Radar,552,68,77,0,697,0,0,40,4,44,552,68,117,4,741,0,0,0,741
10/12/2022,BNA,TN,ASO,ES,Combined TRACON& Tower with Radar,563,102,122,3,790,0,1,10,0,11,563,103,132,3,801,0,0,0,801
10/13/2022,BNA,TN,ASO,ES,Combined TRACON& Tower with Radar,591,102,98,7,798,0,4,20,18,42,591,106,118,25,840,0,0,0,840
10/14/2022,BNA,TN,ASO,ES,Combined TRACON& Tower with Radar,596,97,77,1,771,0,1,33,10,44,596,98,110,11,815,0,0,0,815
10/15/2022,BNA,TN,ASO,ES,Combined TRACON& Tower with Radar,492,77,49,1,619,0,3,32,19,54,492,80,81,20,673,0,0,0,673
10/16/2022,BNA,TN,ASO,ES,Combined TRACON& Tower with Radar,595,134,116,4,849,0,1,6,9,16,595,135,122,13,865,0,0,0,865
10/17/2022,BNA,TN,ASO,ES,Combined TRACON& Tower with Radar,579,82,97,2,760,0,5,15,0,20,579,87,112,2,780,0,0,0,780
10/18/2022,BNA,TN,ASO,ES,Combined TRACON& Tower with Radar,554,104,91,1,750,0,1,22,2,25,554,105,113,3,775,0,0,0,775
10/19/2022,BNA,TN,ASO,ES,Combined TRACON& Tower with Radar,565,89,98,2,754,0,0,43,10,53,565,89,141,12,807,0,0,0,807
10/20/2022,BNA,TN,ASO,ES,Combined TRACON& Tower with Radar,591,126,103,6,826,0,3,34,15,52,591,129,137,21,878,0,0,0,878
10/21/2022,BNA,TN,ASO,ES,Combined TRACON& Tower with Radar,596,103,96,0,795,0,1,35,0,36,596,104,131,0,831,0,0,0,831
10/22/2022,BNA,TN,ASO,ES,Combined TRACON& Tower with Radar,485,64,56,0,605,0,0,61,0,61,485,64,117,0,666,0,0,0,666
10/23/2022,BNA,TN,ASO,ES,Combined TRACON& Tower with Radar,588,117,108,0,813,0,4,15,0,19,588,121,123,0,832,0,0,0,832
10/24/2022,BNA,TN,ASO,ES,Combined TRACON& Tower with Radar,573,90,81,2,746,0,0,27,11,38,573,90,108,13,784,0,0,0,784
10/25/2022,BNA,TN,ASO,ES,Combined TRACON& Tower with Radar,527,72,76,0,675,0,0,7,3,10,527,72,83,3,685,0,0,0,685
10/26/2022,BNA,TN,ASO,ES,Combined TRACON& Tower with Radar,552,89,83,3,727,0,6,24,2,32,552,95,107,5,759,0,0,0,759
10/27/2022,BNA,TN,ASO,ES,Combined TRACON& Tower with Radar,598,108,68,3,777,0,2,36,11,49,598,110,104,14,826,0,0,0,826
10/28/2022,BNA,TN,ASO,ES,Combined TRACON& Tower with Radar,592,81,66,3,742,0,1,37,10,48,592,82,103,13,790,0,0,0,790
10/29/2022,BNA,TN,ASO,ES,Combined TRACON& Tower with Radar,479,62,38,1,580,0,5,42,5,52,479,67,80,6,632,0,0,0,632
10/30/2022,BNA,TN,ASO,ES,Combined TRACON& Tower with Radar,591,106,62,3,762,0,0,0,0,0,591,106,62,3,762,0,0,0,762
10/31/2022,BNA,TN,ASO,ES,Combined TRACON& Tower with Radar,556,64,41,1,662,0,0,3,0,3,556,64,44,1,665,0,0,0,665
11/01/2022,BNA,TN,ASO,ES,Combined TRACON& Tower with Radar,536,90,90,4,720,0,1,41,2,44,536,91,131,6,764,0,0,0,764
11/02/2022,BNA,TN,ASO,ES,Combined TRACON& Tower with Radar,556,70,81,0,707,0,1,37,2,40,556,71,118,2,747,0,0,0,747
11/03/2022,BNA,TN,ASO,ES,Combined TRACON& Tower with Radar,575,128,91,4,798,0,2,42,10,54,575,130,133,14,852,0,0,0,852
11/04/2022,BNA,TN,ASO,ES,Combined TRACON& Tower with Radar,558,89,108,3,758,0,4,25,8,37,558,93,133,11,795,0,0,0,795
11/05/2022,BNA,TN,ASO,ES,Combined TRACON& Tower with Radar,478,69,37,1,585,0,0,0,0,0,478,69,37,1,585,0,0,0,585
11/06/2022,BNA,TN,ASO,ES,Combined TRACON& Tower with Radar,534,109,103,6,752,0,0,3,2,5,534,109,106,8,757,0,0,0,757
11/07/2022,BNA,TN,ASO,ES,Combined TRACON& Tower with Radar,561,86,74,7,728,0,1,18,4,23,561,87,92,11,751,0,0,0,751
11/08/2022,BNA,TN,ASO,ES,Combined TRACON& Tower with Radar,526,125,124,6,781,0,0,44,2,46,526,125,168,8,827,0,0,0,827
11/09/2022,BNA,TN,ASO,ES,Combined TRACON& Tower with Radar,517,108,126,1,752,0,5,42,9,56,517,113,168,10,808,0,0,0,808
11/10/2022,BNA,TN,ASO,ES,Combined TRACON& Tower with Radar,545,118,148,3,814,0,1,40,16,57,545,119,188,19,871,0,0,0,871
11/11/2022,BNA,TN,ASO,ES,Combined TRACON& Tower with Radar,573,106,82,5,766,0,0,5,2,7,573,106,87,7,773,0,0,0,773
11/12/2022,BNA,TN,ASO,ES,Combined TRACON& Tower with Radar,500,81,33,0,614,0,0,0,0,0,500,81,33,0,614,0,0,0,614
11/13/2022,BNA,TN,ASO,ES,Combined TRACON& Tower with Radar,545,129,97,0,771,0,1,10,2,13,545,130,107,2,784,0,0,0,784
11/14/2022,BNA,TN,ASO,ES,Combined TRACON& Tower with Radar,558,99,93,1,751,0,0,34,0,34,558,99,127,1,785,0,0,0,785
11/15/2022,BNA,TN,ASO,ES,Combined TRACON& Tower with Radar,532,100,101,1,734,0,0,0,0,0,532,100,101,1,734,0,0,0,734
11/16/2022,BNA,TN,ASO,ES,Combined TRACON& Tower with Radar,533,92,110,3,738,0,1,31,12,44,533,93,141,15,782,0,0,0,782
11/17/2022,BNA,TN,ASO,ES,Combined TRACON& Tower with Radar,567,114,113,4,798,0,4,41,14,59,567,118,154,18,857,0,0,0,857
11/18/2022,BNA,TN,ASO,ES,Combined TRACON& Tower with Radar,574,120,92,7,793,0,0,50,8,58,574,120,142,15,851,0,0,0,851
11/19/2022,BNA,TN,ASO,ES,Combined TRACON& Tower with Radar,503,69,38,1,611,0,1,45,0,46,503,70,83,1,657,0,0,0,657
11/20/2022,BNA,TN,ASO,ES,Combined TRACON& Tower with Radar,553,95,52,5,705,0,2,8,1,11,553,97,60,6,716,0,0,0,716
11/21/2022,BNA,TN,ASO,ES,Combined TRACON& Tower with Radar,559,109,61,2,731,0,2,35,0,37,559,111,96,2,768,0,0,0,768
11/22/2022,BNA,TN,ASO,ES,Combined TRACON& Tower with Radar,583,115,88,0,786,0,0,35,0,35,583,115,123,0,821,0,0,0,821
11/23/2022,BNA,TN,ASO,ES,Combined TRACON& Tower with Radar,577,94,51,0,722,0,0,41,0,41,577,94,92,0,763,0,0,0,763
11/24/2022,BNA,TN,ASO,ES,Combined TRACON& Tower with Radar,376,37,14,1,428,0,0,4,0,4,376,37,18,1,432,0,0,0,432
11/25/2022,BNA,TN,ASO,ES,Combined TRACON& Tower with Radar,499,57,27,3,586,0,0,16,0,16,499,57,43,3,602,0,0,0,602
11/26/2022,BNA,TN,ASO,ES,Combined TRACON& Tower with Radar,529,85,53,0,667,0,0,30,0,30,529,85,83,0,697,0,0,0,697
11/27/2022,BNA,TN,ASO,ES,Combined TRACON& Tower with Radar,552,98,96,2,748,0,0,2,0,2,552,98,98,2,750,0,0,0,750
11/28/2022,BNA,TN,ASO,ES,Combined TRACON& Tower with Radar,583,72,56,0,711,0,0,9,0,9,583,72,65,0,720,0,0,0,720
11/29/2022,BNA,TN,ASO,ES,Combined TRACON& Tower with Radar,527,63,60,2,652,0,0,15,2,17,527,63,75,4,669,0,0,0,669
11/30/2022,BNA,TN,ASO,ES,Combined TRACON& Tower with Radar,528,57,75,0,660,1,1,28,4,34,529,58,103,4,694,0,0,0,694
12/01/2022,BNA,TN,ASO,ES,Combined TRACON& Tower with Radar,556,105,108,2,771,0,4,42,14,60,556,109,150,16,831,0,0,0,831
12/02/2022,BNA,TN,ASO,ES,Combined TRACON& Tower with Radar,540,77,93,8,718,0,0,16,0,16,540,77,109,8,734,0,0,0,734
12/03/2022,BNA,TN,ASO,ES,Combined TRACON& Tower with Radar,476,58,54,5,593,0,0,10,3,13,476,58,64,8,606,0,0,0,606
12/04/2022,BNA,TN,ASO,ES,Combined TRACON& Tower with Radar,547,97,62,0,706,0,3,5,2,10,547,100,67,2,716,0,0,0,716
12/05/2022,BNA,TN,ASO,ES,Combined TRACON& Tower with Radar,545,74,82,0,701,0,0,0,0,0,545,74,82,0,701,0,0,0,701
12/06/2022,BNA,TN,ASO,ES,Combined TRACON& Tower with Radar,525,76,75,0,676,0,0,0,0,0,525,76,75,0,676,0,0,0,676
12/07/2022,BNA,TN,ASO,ES,Combined TRACON& Tower with Radar,541,81,64,2,688,0,0,0,0,0,541,81,64,2,688,0,0,0,688
12/08/2022,BNA,TN,ASO,ES,Combined TRACON& Tower with Radar,570,89,86,2,747,0,0,0,0,0,570,89,86,2,747,0,0,0,747
12/09/2022,BNA,TN,ASO,ES,Combined TRACON& Tower with Radar,558,90,88,4,740,0,0,0,0,0,558,90,88,4,740,0,0,0,740
12/10/2022,BNA,TN,ASO,ES,Combined TRACON& Tower with Radar,473,60,38,2,573,0,0,1,0,1,473,60,39,2,574,0,0,0,574
12/11/2022,BNA,TN,ASO,ES,Combined TRACON& Tower with Radar,542,98,61,2,703,0,0,0,0,0,542,98,61,2,703,0,0,0,703
12/12/2022,BNA,TN,ASO,ES,Combined TRACON& Tower with Radar,547,84,48,5,684,0,2,27,0,29,547,86,75,5,713,0,0,0,713
12/13/2022,BNA,TN,ASO,ES,Combined TRACON& Tower with Radar,519,71,84,1,675,0,0,23,4,27,519,71,107,5,702,0,0,0,702
12/14/2022,BNA,TN,ASO,ES,Combined TRACON& Tower with Radar,528,82,66,1,677,0,0,0,0,0,528,82,66,1,677,0,0,0,677
12/15/2022,BNA,TN,ASO,ES,Combined TRACON& Tower with Radar,525,111,74,3,713,0,2,29,12,43,525,113,103,15,756,0,0,0,756
12/16/2022,BNA,TN,ASO,ES,Combined TRACON& Tower with Radar,560,96,93,12,761,0,0,36,3,39,560,96,129,15,800,0,0,0,800
12/17/2022,BNA,TN,ASO,ES,Combined TRACON& Tower with Radar,488,77,35,1,601,0,3,31,1,35,488,80,66,2,636,0,0,0,636
12/18/2022,BNA,TN,ASO,ES,Combined TRACON& Tower with Radar,511,89,51,2,653,0,0,13,0,13,511,89,64,2,666,0,0,0,666
12/19/2022,BNA,TN,ASO,ES,Combined TRACON& Tower with Radar,551,76,55,4,686,0,2,41,0,43,551,78,96,4,729,0,0,0,729
12/20/2022,BNA,TN,ASO,ES,Combined TRACON& Tower with Radar,526,70,43,7,646,0,2,55,2,59,526,72,98,9,705,0,0,0,705
12/21/2022,BNA,TN,ASO,ES,Combined TRACON& Tower with Radar,538,84,43,5,670,0,4,42,4,50,538,88,85,9,720,0,0,0,720
12/22/2022,BNA,TN,ASO,ES,Combined TRACON& Tower with Radar,468,66,61,0,595,0,0,0,0,0,468,66,61,0,595,0,0,0,595
12/23/2022,BNA,TN,ASO,ES,Combined TRACON& Tower with Radar,284,57,37,0,378,0,0,4,0,4,284,57,41,0,382,0,0,0,382
12/24/2022,BNA,TN,ASO,ES,Combined TRACON& Tower with Radar,304,42,16,0,362,0,1,5,0,6,304,43,21,0,368,0,0,0,368
12/25/2022,BNA,TN,ASO,ES,Combined TRACON& Tower with Radar,304,49,13,0,366,0,0,2,0,2,304,49,15,0,368,0,0,0,368
12/26/2022,BNA,TN,ASO,ES,Combined TRACON& Tower with Radar,324,103,79,0,506,0,0,0,0,0,324,103,79,0,506,0,0,0,506
12/27/2022,BNA,TN,ASO,ES,Combined TRACON& Tower with Radar,309,97,79,0,485,0,4,20,0,24,309,101,99,0,509,0,0,0,509
12/28/2022,BNA,TN,ASO,ES,Combined TRACON& Tower with Radar,339,103,49,0,491,0,1,25,2,28,339,104,74,2,519,0,0,0,519
12/29/2022,BNA,TN,ASO,ES,Combined TRACON& Tower with Radar,363,94,80,3,540,0,0,14,0,14,363,94,94,3,554,0,0,0,554
12/30/2022,BNA,TN,ASO,ES,Combined TRACON& Tower with Radar,529,106,71,1,707,0,0,8,1,9,529,106,79,2,716,0,0,0,716
12/31/2022,BNA,TN,ASO,ES,Combined TRACON& Tower with Radar,433,70,24,1,528,0,0,5,1,6,433,70,29,2,534,0,0,0,534
01/01/2023,BNA,TN,ASO,ES,Combined TRACON& Tower with Radar,482,86,51,1,620,0,0,6,0,6,482,86,57,1,626,0,0,0,626
01/02/2023,BNA,TN,ASO,ES,Combined TRACON& Tower with Radar,505,96,82,0,683,0,0,8,0,8,505,96,90,0,691,0,0,0,691
01/03/2023,BNA,TN,ASO,ES,Combined TRACON& Tower with Radar,528,59,22,0,609,0,2,2,0,4,528,61,24,0,613,0,0,0,613
01/04/2023,BNA,TN,ASO,ES,Combined TRACON& Tower with Radar,527,57,45,9,638,0,3,46,4,53,527,60,91,13,691,0,0,0,691
01/05/2023,BNA,TN,ASO,ES,Combined TRACON& Tower with Radar,531,70,43,0,644,0,4,25,14,43,531,74,68,14,687,0,0,0,687
01/06/2023,BNA,TN,ASO,ES,Combined TRACON& Tower with Radar,536,61,48,13,658,0,1,35,5,41,536,62,83,18,699,0,0,0,699
01/07/2023,BNA,TN,ASO,ES,Combined TRACON& Tower with Radar,440,64,33,1,538,0,2,4,0,6,440,66,37,1,544,0,0,0,544
01/08/2023,BNA,TN,ASO,ES,Combined TRACON& Tower with Radar,513,98,57,5,673,0,0,1,0,1,513,98,58,5,674,0,0,0,674
01/09/2023,BNA,TN,ASO,ES,Combined TRACON& Tower with Radar,542,63,37,3,645,0,1,36,0,37,542,64,73,3,682,0,0,0,682
01/10/2023,BNA,TN,ASO,ES,Combined TRACON& Tower with Radar,527,67,38,7,639,0,2,50,8,60,527,69,88,15,699,0,0,0,699
01/11/2023,BNA,TN,ASO,ES,Combined TRACON& Tower with Radar,495,68,60,7,630,0,0,5,3,8,495,68,65,10,638,0,0,0,638
01/12/2023,BNA,TN,ASO,ES,Combined TRACON& Tower with Radar,563,65,46,4,678,0,0,1,0,1,563,65,47,4,679,0,0,0,679
01/13/2023,BNA,TN,ASO,ES,Combined TRACON& Tower with Radar,551,75,67,0,693,0,0,1,0,1,551,75,68,0,694,0,0,0,694
01/14/2023,BNA,TN,ASO,ES,Combined TRACON& Tower with Radar,429,57,29,0,515,0,2,19,0,21,429,59,48,0,536,0,0,0,536
01/15/2023,BNA,TN,ASO,ES,Combined TRACON& Tower with Radar,496,77,51,0,624,0,0,12,0,12,496,77,63,0,636,0,0,0,636
01/16/2023,BNA,TN,ASO,ES,Combined TRACON& Tower with Radar,542,68,47,0,657,0,2,17,0,19,542,70,64,0,676,0,0,0,676
01/17/2023,BNA,TN,ASO,ES,Combined TRACON& Tower with Radar,538,80,59,5,682,0,0,15,2,17,538,80,74,7,699,0,0,0,699
01/18/2023,BNA,TN,ASO,ES,Combined TRACON& Tower with Radar,537,81,66,0,684,0,0,0,0,0,537,81,66,0,684,0,0,0,684
01/19/2023,BNA,TN,ASO,ES,Combined TRACON& Tower with Radar,568,83,85,2,738,0,2,24,10,36,568,85,109,12,774,0,0,0,774
01/20/2023,BNA,TN,ASO,ES,Combined TRACON& Tower with Radar,557,75,60,8,700,0,4,62,16,82,557,79,122,24,782,0,0,0,782
01/21/2023,BNA,TN,ASO,ES,Combined TRACON& Tower with Radar,448,64,45,2,559,0,6,38,9,53,448,70,83,11,612,0,0,0,612
01/22/2023,BNA,TN,ASO,ES,Combined TRACON& Tower with Radar,527,75,41,1,644,0,0,0,0,0,527,75,41,1,644,0,0,0,644
01/23/2023,BNA,TN,ASO,ES,Combined TRACON& Tower with Radar,540,82,64,1,687,0,0,30,5,35,540,82,94,6,722,0,0,0,722
01/24/2023,BNA,TN,ASO,ES,Combined TRACON& Tower with Radar,524,74,97,0,695,0,3,39,6,48,524,77,136,6,743,0,0,0,743
01/25/2023,BNA,TN,ASO,ES,Combined TRACON& Tower with Radar,523,63,63,1,650,0,0,3,0,3,523,63,66,1,653,0,0,0,653
01/26/2023,BNA,TN,ASO,ES,Combined TRACON& Tower with Radar,550,84,82,0,716,0,1,4,10,15,550,85,86,10,731,0,0,0,731
01/27/2023,BNA,TN,ASO,ES,Combined TRACON& Tower with Radar,555,77,66,4,702,0,0,27,5,32,555,77,93,9,734,0,0,0,734
01/28/2023,BNA,TN,ASO,ES,Combined TRACON& Tower with Radar,439,59,28,1,527,0,2,58,1,61,439,61,86,2,588,0,0,0,588
01/29/2023,BNA,TN,ASO,ES,Combined TRACON& Tower with Radar,524,69,50,3,646,0,0,0,0,0,524,69,50,3,646,0,0,0,646
01/30/2023,BNA,TN,ASO,ES,Combined TRACON& Tower with Radar,535,66,50,0,651,0,0,0,0,0,535,66,50,0,651,0,0,0,651
01/31/2023,BNA,TN,ASO,ES,Combined TRACON& Tower with Radar,389,61,61,0,511,0,0,0,0,0,389,61,61,0,511,0,0,0,511
02/01/2023,BNA,TN,ASO,ES,Combined TRACON& Tower with Radar,445,68,58,1,572,0,0,0,0,0,445,68,58,1,572,0,0,0,572
02/02/2023,BNA,TN,ASO,ES,Combined TRACON& Tower with Radar,541,94,64,4,703,0,2,0,0,2,541,96,64,4,705,0,0,0,705
02/03/2023,BNA,TN,ASO,ES,Combined TRACON& Tower with Radar,542,74,73,2,691,0,3,39,0,42,542,77,112,2,733,0,0,0,733
02/04/2023,BNA,TN,ASO,ES,Combined TRACON& Tower with Radar,441,67,37,2,547,0,3,37,4,44,441,70,74,6,591,0,0,0,591
02/05/2023,BNA,TN,ASO,ES,Combined TRACON& Tower with Radar,510,89,73,5,677,0,1,12,4,17,510,90,85,9,694,0,0,0,694
02/06/2023,BNA,TN,ASO,ES,Combined TRACON& Tower with Radar,541,66,57,6,670,0,3,47,0,50,541,69,104,6,720,0,0,0,720
02/07/2023,BNA,TN,ASO,ES,Combined TRACON& Tower with Radar,533,79,61,6,679,0,1,43,13,57,533,80,104,19,736,0,0,0,736
02/08/2023,BNA,TN,ASO,ES,Combined TRACON& Tower with Radar,528,78,88,9,703,0,2,7,1,10,528,80,95,10,713,0,0,0,713
02/09/2023,BNA,TN,ASO,ES,Combined TRACON& Tower with Radar,558,83,77,4,722,0,0,4,23,27,558,83,81,27,749,0,0,0,749
02/10/2023,BNA,TN,ASO,ES,Combined TRACON& Tower with Radar,539,94,93,4,730,0,1,47,9,57,539,95,140,13,787,0,0,0,787
02/11/2023,BNA,TN,ASO,ES,Combined TRACON& Tower with Radar,443,52,35,4,534,0,0,41,3,44,443,52,76,7,578,0,0,0,578
02/12/2023,BNA,TN,ASO,ES,Combined TRACON& Tower with Radar,497,60,53,2,612,0,1,9,2,12,497,61,62,4,624,0,0,0,624
02/13/2023,BNA,TN,ASO,ES,Combined TRACON& Tower with Radar,534,75,64,0,673,0,2,37,6,45,534,77,101,6,718,0,0,0,718
02/14/2023,BNA,TN,ASO,ES,Combined TRACON& Tower with Radar,521,60,50,0,631,0,2,19,6,27,521,62,69,6,658,0,0,0,658
02/15/2023,BNA,TN,ASO,ES,Combined TRACON& Tower with Radar,518,78,89,1,686,0,0,3,7,10,518,78,92,8,696,0,0,0,696
02/16/2023,BNA,TN,ASO,ES,Combined TRACON& Tower with Radar,535,77,59,0,671,0,0,0,0,0,535,77,59,0,671,0,0,0,671
02/17/2023,BNA,TN,ASO,ES,Combined TRACON& Tower with Radar,555,99,74,4,732,0,0,11,2,13,555,99,85,6,745,0,0,0,745
02/18/2023,BNA,TN,ASO,ES,Combined TRACON& Tower with Radar,443,49,42,3,537,0,4,70,0,74,443,53,112,3,611,0,0,0,611
02/19/2023,BNA,TN,ASO,ES,Combined TRACON& Tower with Radar,504,93,67,1,665,0,2,10,0,12,504,95,77,1,677,0,0,0,677
02/20/2023,BNA,TN,ASO,ES,Combined TRACON& Tower with Radar,546,95,67,0,708,0,1,8,0,9,546,96,75,0,717,0,0,0,717
02/21/2023,BNA,TN,ASO,ES,Combined TRACON& Tower with Radar,536,95,98,6,735,0,1,37,0,38,536,96,135,6,773,0,0,0,773
02/22/2023,BNA,TN,ASO,ES,Combined TRACON& Tower with Radar,530,87,90,4,711,0,4,6,0,10,530,91,96,4,721,0,0,0,721
02/23/2023,BNA,TN,ASO,ES,Combined TRACON& Tower with Radar,553,126,119,1,799,0,0,29,2,31,553,126,148,3,830,0,0,0,830
02/24/2023,BNA,TN,ASO,ES,Combined TRACON& Tower with Radar,547,113,106,1,767,0,4,20,5,29,547,117,126,6,796,0,0,0,796
02/25/2023,BNA,TN,ASO,ES,Combined TRACON& Tower with Radar,454,70,65,1,590,0,0,0,0,0,454,70,65,1,590,0,0,0,590
02/26/2023,BNA,TN,ASO,ES,Combined TRACON& Tower with Radar,506,110,95,0,711,0,0,0,1,1,506,110,95,1,712,0,0,0,712
02/27/2023,BNA,TN,ASO,ES,Combined TRACON& Tower with Radar,557,68,64,2,691,0,0,4,0,4,557,68,68,2,695,0,0,0,695
02/28/2023,BNA,TN,ASO,ES,Combined TRACON& Tower with Radar,534,79,85,4,702,0,3,67,0,70,534,82,152,4,772,0,0,0,772
03/01/2023,BNA,TN,ASO,ES,Combined TRACON& Tower with Radar,535,88,86,3,712,0,0,31,1,32,535,88,117,4,744,0,0,0,744
03/02/2023,BNA,TN,ASO,ES,Combined TRACON& Tower with Radar,551,95,77,0,723,0,0,3,0,3,551,95,80,0,726,0,0,0,726
03/03/2023,BNA,TN,ASO,ES,Combined TRACON& Tower with Radar,432,44,40,2,518,0,0,1,0,1,432,44,41,2,519,0,0,0,519
03/04/2023,BNA,TN,ASO,ES,Combined TRACON& Tower with Radar,454,81,54,0,589,0,5,43,0,48,454,86,97,0,637,0,0,0,637
03/05/2023,BNA,TN,ASO,ES,Combined TRACON& Tower with Radar,516,82,90,0,688,0,3,20,0,23,516,85,110,0,711,0,0,0,711
03/06/2023,BNA,TN,ASO,ES,Combined TRACON& Tower with Radar,553,73,67,2,695,0,5,41,2,48,553,78,108,4,743,0,0,0,743
03/07/2023,BNA,TN,ASO,ES,Combined TRACON& Tower with Radar,538,90,79,4,711,0,7,40,3,50,538,97,119,7,761,0,0,0,761
03/08/2023,BNA,TN,ASO,ES,Combined TRACON& Tower with Radar,548,85,94,4,731,0,2,40,1,43,548,87,134,5,774,0,0,0,774
03/09/2023,BNA,TN,ASO,ES,Combined TRACON& Tower with Radar,545,97,99,0,741,0,0,22,0,22,545,97,121,0,763,0,0,0,763
03/10/2023,BNA,TN,ASO,ES,Combined TRACON& Tower with Radar,556,96,99,3,754,0,2,25,2,29,556,98,124,5,783,0,0,0,783
03/11/2023,BNA,TN,ASO,ES,Combined TRACON& Tower with Radar,484,89,59,4,636,0,0,53,0,53,484,89,112,4,689,0,0,0,689
03/12/2023,BNA,TN,ASO,ES,Combined TRACON& Tower with Radar,552,78,67,1,698,0,0,0,0,0,552,78,67,1,698,0,0,0,698
03/13/2023,BNA,TN,ASO,ES,Combined TRACON& Tower with Radar,562,65,52,4,683,0,0,22,0,22,562,65,74,4,705,0,0,0,705
03/14/2023,BNA,TN,ASO,ES,Combined TRACON& Tower with Radar,530,50,37,3,620,0,1,50,0,51,530,51,87,3,671,0,0,0,671
03/15/2023,BNA,TN,ASO,ES,Combined TRACON& Tower with Radar,547,71,56,3,677,0,1,66,3,70,547,72,122,6,747,0,0,0,747
03/16/2023,BNA,TN,ASO,ES,Combined TRACON& Tower with Radar,549,79,55,2,685,0,3,25,6,34,549,82,80,8,719,0,0,0,719
03/17/2023,BNA,TN,ASO,ES,Combined TRACON& Tower with Radar,577,107,47,2,733,0,0,2,0,2,577,107,49,2,735,0,0,0,735
03/18/2023,BNA,TN,ASO,ES,Combined TRACON& Tower with Radar,473,98,47,3,621,0,2,35,1,38,473,100,82,4,659,0,0,0,659
03/19/2023,BNA,TN,ASO,ES,Combined TRACON& Tower with Radar,557,111,77,3,748,0,0,22,1,23,557,111,99,4,771,0,0,0,771
03/20/2023,BNA,TN,ASO,ES,Combined TRACON& Tower with Radar,565,88,52,1,706,0,0,39,0,39,565,88,91,1,745,0,0,0,745
03/21/2023,BNA,TN,ASO,ES,Combined TRACON& Tower with Radar,551,85,53,2,691,0,1,33,0,34,551,86,86,2,725,0,0,0,725
03/22/2023,BNA,TN,ASO,ES,Combined TRACON& Tower with Radar,553,81,86,0,720,0,0,0,0,0,553,81,86,0,720,0,0,0,720
03/23/2023,BNA,TN,ASO,ES,Combined TRACON& Tower with Radar,566,95,67,12,740,0,1,37,19,57,566,96,104,31,797,0,0,0,797
03/24/2023,BNA,TN,ASO,ES,Combined TRACON& Tower with Radar,557,61,82,4,704,0,0,11,1,12,557,61,93,5,716,0,0,0,716
03/25/2023,BNA,TN,ASO,ES,Combined TRACON& Tower with Radar,507,58,53,1,619,0,2,10,3,15,507,60,63,4,634,0,0,0,634
03/26/2023,BNA,TN,ASO,ES,Combined TRACON& Tower with Radar,546,89,85,3,723,0,5,17,2,24,546,94,102,5,747,0,0,0,747
03/27/2023,BNA,TN,ASO,ES,Combined TRACON& Tower with Radar,563,76,64,0,703,0,0,35,2,37,563,76,99,2,740,0,0,0,740
03/28/2023,BNA,TN,ASO,ES,Combined TRACON& Tower with Radar,545,85,79,5,714,0,5,34,4,43,545,90,113,9,757,0,0,0,757
03/29/2023,BNA,TN,ASO,ES,Combined TRACON& Tower with Radar,551,73,90,6,720,0,1,42,11,54,551,74,132,17,774,0,0,0,774
03/30/2023,BNA,TN,ASO,ES,Combined TRACON& Tower with Radar,563,89,77,3,732,0,2,39,24,65,563,91,116,27,797,0,0,0,797
03/31/2023,BNA,TN,ASO,ES,Combined TRACON& Tower with Radar,550,69,52,0,671,0,0,2,5,7,550,69,54,5,678,0,0,0,678
04/01/2023,BNA,TN,ASO,ES,Combined TRACON& Tower with Radar,511,53,43,3,610,0,0,10,0,10,511,53,53,3,620,0,0,0,620
04/02/2023,BNA,TN,ASO,ES,Combined TRACON& Tower with Radar,560,89,75,3,727,0,0,19,6,25,560,89,94,9,752,0,0,0,752
04/03/2023,BNA,TN,ASO,ES,Combined TRACON& Tower with Radar,548,73,60,4,685,0,0,5,2,7,548,73,65,6,692,0,0,0,692
04/04/2023,BNA,TN,ASO,ES,Combined TRACON& Tower with Radar,536,75,76,4,691,0,3,16,5,24,536,78,92,9,715,0,0,0,715
04/05/2023,BNA,TN,ASO,ES,Combined TRACON& Tower with Radar,522,56,61,3,642,0,1,8,4,13,522,57,69,7,655,0,0,0,655
04/06/2023,BNA,TN,ASO,ES,Combined TRACON& Tower with Radar,577,88,73,1,739,0,0,0,0,0,577,88,73,1,739,0,0,0,739
04/07/2023,BNA,TN,ASO,ES,Combined TRACON& Tower with Radar,572,98,64,6,740,0,1,34,4,39,572,99,98,10,779,0,0,0,779
04/08/2023,BNA,TN,ASO,ES,Combined TRACON& Tower with Radar,492,63,34,1,590,0,0,2,0,2,492,63,36,1,592,0,0,0,592
04/09/2023,BNA,TN,ASO,ES,Combined TRACON& Tower with Radar,562,71,44,0,677,0,0,11,0,11,562,71,55,0,688,0,0,0,688
04/10/2023,BNA,TN,ASO,ES,Combined TRACON& Tower with Radar,551,88,90,2,731,0,1,32,4,37,551,89,122,6,768,0,0,0,768
04/11/2023,BNA,TN,ASO,ES,Combined TRACON& Tower with Radar,544,82,90,3,719,0,5,59,8,72,544,87,149,11,791,0,0,0,791
04/12/2023,BNA,TN,ASO,ES,Combined TRACON& Tower with Radar,543,100,74,2,719,0,0,55,9,64,543,100,129,11,783,0,0,0,783
04/13/2023,BNA,TN,ASO,ES,Combined TRACON& Tower with Radar,558,111,69,5,743,0,1,34,22,57,558,112,103,27,800,0,0,0,800
04/14/2023,BNA,TN,ASO,ES,Combined TRACON& Tower with Radar,554,92,103,3,752,0,1,24,14,39,554,93,127,17,791,0,0,0,791
04/15/2023,BNA,TN,ASO,ES,Combined TRACON& Tower with Radar,514,66,66,1,647,0,0,45,4,49,514,66,111,5,696,0,0,0,696
04/16/2023,BNA,TN,ASO,ES,Combined TRACON& Tower with Radar,566,125,81,0,772,0,0,2,1,3,566,125,83,1,775,0,0,0,775
04/17/2023,BNA,TN,ASO,ES,Combined TRACON& Tower with Radar,544,65,76,0,685,0,4,15,1,20,544,69,91,1,705,0,0,0,705
04/18/2023,BNA,TN,ASO,ES,Combined TRACON& Tower with Radar,529,57,84,0,670,0,0,55,9,64,529,57,139,9,734,0,0,0,734
04/19/2023,BNA,TN,ASO,ES,Combined TRACON& Tower with Radar,543,99,95,6,743,0,0,72,9,81,543,99,167,15,824,0,0,0,824
04/20/2023,BNA,TN,ASO,ES,Combined TRACON& Tower with Radar,546,108,86,2,742,0,0,27,18,45,546,108,113,20,787,0,0,0,787
04/21/2023,BNA,TN,ASO,ES,Combined TRACON& Tower with Radar,563,111,73,3,750,0,2,19,0,21,563,113,92,3,771,0,0,0,771
04/22/2023,BNA,TN,ASO,ES,Combined TRACON& Tower with Radar,510,80,39,3,632,0,0,39,0,39,510,80,78,3,671,0,0,0,671
04/23/2023,BNA,TN,ASO,ES,Combined TRACON& Tower with Radar,565,105,98,4,772,0,0,14,1,15,565,105,112,5,787,0,0,0,787
04/24/2023,BNA,TN,ASO,ES,Combined TRACON& Tower with Radar,542,71,56,5,674,0,5,44,7,56,542,76,100,12,730,0,0,0,730
04/25/2023,BNA,TN,ASO,ES,Combined TRACON& Tower with Radar,533,80,113,13,739,0,0,43,12,55,533,80,156,25,794,0,0,0,794
04/26/2023,BNA,TN,ASO,ES,Combined TRACON& Tower with Radar,542,90,89,10,731,0,2,47,6,55,542,92,136,16,786,0,0,0,786
04/27/2023,BNA,TN,ASO,ES,Combined TRACON& Tower with Radar,568,98,85,3,754,0,2,6,0,8,568,100,91,3,762,0,0,0,762
04/28/2023,BNA,TN,ASO,ES,Combined TRACON& Tower with Radar,560,103,82,17,762,0,2,9,7,18,560,105,91,24,780,0,0,0,780
04/29/2023,BNA,TN,ASO,ES,Combined TRACON& Tower with Radar,524,76,46,6,652,0,1,39,2,42,524,77,85,8,694,0,0,0,694
04/30/2023,BNA,TN,ASO,ES,Combined TRACON& Tower with Radar,542,113,61,1,717,0,0,10,3,13,542,113,71,4,730,0,0,0,730
05/01/2023,BNA,TN,ASO,ES,Combined TRACON& Tower with Radar,558,89,84,0,731,0,2,21,0,23,558,91,105,0,754,0,0,0,754
05/02/2023,BNA,TN,ASO,ES,Combined TRACON& Tower with Radar,554,86,85,0,725,0,0,17,0,17,554,86,102,0,742,0,0,0,742
05/03/2023,BNA,TN,ASO,ES,Combined TRACON& Tower with Radar,555,93,112,2,762,0,4,54,0,58,555,97,166,2,820,0,0,0,820
05/04/2023,BNA,TN,ASO,ES,Combined TRACON& Tower with Radar,563,106,99,5,773,0,0,67,14,81,563,106,166,19,854,0,0,0,854
05/05/2023,BNA,TN,ASO,ES,Combined TRACON& Tower with Radar,573,161,86,1,821,0,2,42,8,52,573,163,128,9,873,0,0,0,873
05/06/2023,BNA,TN,ASO,ES,Combined TRACON& Tower with Radar,523,80,83,0,686,0,0,38,2,40,523,80,121,2,726,0,0,0,726
05/07/2023,BNA,TN,ASO,ES,Combined TRACON& Tower with Radar,521,123,91,3,738,0,0,4,8,12,521,123,95,11,750,0,0,0,750
05/08/2023,BNA,TN,ASO,ES,Combined TRACON& Tower with Radar,628,114,89,1,832,0,0,8,4,12,628,114,97,5,844,0,0,0,844
05/09/2023,BNA,TN,ASO,ES,Combined TRACON& Tower with Radar,552,84,71,1,708,0,2,38,10,50,552,86,109,11,758,0,0,0,758
05/10/2023,BNA,TN,ASO,ES,Combined TRACON& Tower with Radar,565,114,82,2,763,0,2,60,8,70,565,116,142,10,833,0,0,0,833
05/11/2023,BNA,TN,ASO,ES,Combined TRACON& Tower with Radar,578,112,96,2,788,0,1,9,12,22,578,113,105,14,810,0,0,0,810
05/12/2023,BNA,TN,ASO,ES,Combined TRACON& Tower with Radar,577,101,75,0,753,0,0,12,0,12,577,101,87,0,765,0,0,0,765
05/13/2023,BNA,TN,ASO,ES,Combined TRACON& Tower with Radar,525,81,48,5,659,0,0,12,1,13,525,81,60,6,672,0,0,0,672
05/14/2023,BNA,TN,ASO,ES,Combined TRACON& Tower with Radar,572,83,41,0,696,0,0,2,0,2,572,83,43,0,698,0,0,0,698
05/15/2023,BNA,TN,ASO,ES,Combined TRACON& Tower with Radar,579,101,72,4,756,0,0,16,2,18,579,101,88,6,774,0,0,0,774
05/16/2023,BNA,TN,ASO,ES,Combined TRACON& Tower with Radar,562,73,93,0,728,0,2,27,10,39,562,75,120,10,767,0,0,0,767
05/17/2023,BNA,TN,ASO,ES,Combined TRACON& Tower with Radar,576,109,93,8,786,1,0,46,7,54,577,109,139,15,840,0,0,0,840
05/18/2023,BNA,TN,ASO,ES,Combined TRACON& Tower with Radar,576,123,94,0,793,0,0,43,20,63,576,123,137,20,856,0,0,0,856
05/19/2023,BNA,TN,ASO,ES,Combined TRACON& Tower with Radar,571,98,97,3,769,0,2,22,12,36,571,100,119,15,805,0,0,0,805
05/20/2023,BNA,TN,ASO,ES,Combined TRACON& Tower with Radar,527,71,59,0,657,0,0,0,10,10,527,71,59,10,667,0,0,0,667
05/21/2023,BNA,TN,ASO,ES,Combined TRACON& Tower with Radar,589,103,75,4,771,0,4,23,10,37,589,107,98,14,808,0,0,0,808
05/22/2023,BNA,TN,ASO,ES,Combined TRACON& Tower with Radar,577,66,64,4,711,0,2,31,4,37,577,68,95,8,748,0,0,0,748
05/23/2023,BNA,TN,ASO,ES,Combined TRACON& Tower with Radar,550,83,73,2,708,0,6,34,12,52,550,89,107,14,760,0,0,0,760
05/24/2023,BNA,TN,ASO,ES,Combined TRACON& Tower with Radar,559,82,73,8,722,0,0,43,8,51,559,82,116,16,773,0,0,0,773
05/25/2023,BNA,TN,ASO,ES,Combined TRACON& Tower with Radar,578,99,91,1,769,0,3,53,7,63,578,102,144,8,832,0,0,0,832
05/26/2023,BNA,TN,ASO,ES,Combined TRACON& Tower with Radar,579,92,64,0,735,0,0,46,1,47,579,92,110,1,782,0,0,0,782
05/27/2023,BNA,TN,ASO,ES,Combined TRACON& Tower with Radar,511,62,30,1,604,0,1,41,0,42,511,63,71,1,646,0,0,0,646
05/28/2023,BNA,TN,ASO,ES,Combined TRACON& Tower with Radar,566,49,36,0,651,0,0,10,0,10,566,49,46,0,661,0,0,0,661
05/29/2023,BNA,TN,ASO,ES,Combined TRACON& Tower with Radar,563,66,47,0,676,0,0,32,0,32,563,66,79,0,708,0,0,0,708
05/30/2023,BNA,TN,ASO,ES,Combined TRACON& Tower with Radar,549,68,71,10,698,0,1,49,1,51,549,69,120,11,749,0,0,0,749
05/31/2023,BNA,TN,ASO,ES,Combined TRACON& Tower with Radar,558,70,68,4,700,0,11,57,9,77,558,81,125,13,777,0,0,0,777
06/01/2023,BNA,TN,ASO,ES,Combined TRACON& Tower with Radar,574,98,67,5,744,0,0,38,20,58,574,98,105,25,802,0,0,0,802
06/02/2023,BNA,TN,ASO,ES,Combined TRACON& Tower with Radar,583,87,93,7,770,0,4,38,7,49,583,91,131,14,819,0,0,0,819
06/03/2023,BNA,TN,ASO,ES,Combined TRACON& Tower with Radar,519,85,28,2,634,0,2,54,1,57,519,87,82,3,691,0,0,0,691
06/04/2023,BNA,TN,ASO,ES,Combined TRACON& Tower with Radar,593,88,61,3,745,0,2,18,0,20,593,90,79,3,765,0,0,0,765
06/05/2023,BNA,TN,ASO,ES,Combined TRACON& Tower with Radar,580,80,69,2,731,0,7,15,7,29,580,87,84,9,760,0,0,0,760
06/06/2023,BNA,TN,ASO,ES,Combined TRACON& Tower with Radar,547,64,75,2,688,0,4,40,8,52,547,68,115,10,740,0,0,0,740
06/07/2023,BNA,TN,ASO,ES,Combined TRACON& Tower with Radar,574,81,76,0,731,0,0,38,5,43,574,81,114,5,774,0,0,0,774
06/08/2023,BNA,TN,ASO,ES,Combined TRACON& Tower with Radar,585,84,63,0,732,0,0,34,19,53,585,84,97,19,785,0,0,0,785
06/09/2023,BNA,TN,ASO,ES,Combined TRACON& Tower with Radar,603,80,61,3,747,0,0,38,4,42,603,80,99,7,789,0,0,0,789
06/10/2023,BNA,TN,ASO,ES,Combined TRACON& Tower with Radar,514,70,42,2,628,0,0,34,2,36,514,70,76,4,664,0,0,0,664
06/11/2023,BNA,TN,ASO,ES,Combined TRACON& Tower with Radar,579,89,65,1,734,0,0,4,2,6,579,89,69,3,740,0,0,0,740
06/12/2023,BNA,TN,ASO,ES,Combined TRACON& Tower with Radar,586,80,82,0,748,0,4,23,1,28,586,84,105,1,776,0,0,0,776
06/13/2023,BNA,TN,ASO,ES,Combined TRACON& Tower with Radar,564,67,68,1,700,0,0,46,6,52,564,67,114,7,752,0,0,0,752
06/14/2023,BNA,TN,ASO,ES,Combined TRACON& Tower with Radar,569,82,86,1,738,0,3,30,4,37,569,85,116,5,775,0,0,0,775
06/15/2023,BNA,TN,ASO,ES,Combined TRACON& Tower with Radar,571,109,70,9,759,0,4,44,12,60,571,113,114,21,819,0,0,0,819
06/16/2023,BNA,TN,ASO,ES,Combined TRACON& Tower with Radar,600,78,71,2,751,0,1,35,5,41,600,79,106,7,792,0,0,0,792
06/17/2023,BNA,TN,ASO,ES,Combined TRACON& Tower with Radar,511,73,36,1,621,0,1,51,1,53,511,74,87,2,674,0,0,0,674
06/18/2023,BNA,TN,ASO,ES,Combined TRACON& Tower with Radar,575,68,44,4,691,0,0,10,3,13,575,68,54,7,704,0,0,0,704
06/19/2023,BNA,TN,ASO,ES,Combined TRACON& Tower with Radar,583,65,61,1,710,0,0,10,0,10,583,65,71,1,720,0,0,0,720
06/20/2023,BNA,TN,ASO,ES,Combined TRACON& Tower with Radar,542,64,70,5,681,0,0,3,0,3,542,64,73,5,684,0,0,0,684
06/21/2023,BNA,TN,ASO,ES,Combined TRACON& Tower with Radar,548,78,67,4,697,0,0,2,7,9,548,78,69,11,706,0,0,0,706
06/22/2023,BNA,TN,ASO,ES,Combined TRACON& Tower with Radar,566,98,95,5,764,0,1,15,10,26,566,99,110,15,790,0,0,0,790
06/23/2023,BNA,TN,ASO,ES,Combined TRACON& Tower with Radar,585,95,71,13,764,0,0,38,4,42,585,95,109,17,806,0,0,0,806
06/24/2023,BNA,TN,ASO,ES,Combined TRACON& Tower with Radar,512,96,55,2,665,0,0,60,0,60,512,96,115,2,725,0,0,0,725
06/25/2023,BNA,TN,ASO,ES,Combined TRACON& Tower with Radar,563,100,57,14,734,1,0,21,0,22,564,100,78,14,756,0,0,0,756
06/26/2023,BNA,TN,ASO,ES,Combined TRACON& Tower with Radar,560,82,93,10,745,1,0,34,3,38,561,82,127,13,783,0,0,0,783
06/27/2023,BNA,TN,ASO,ES,Combined TRACON& Tower with Radar,513,107,85,8,713,0,2,35,7,44,513,109,120,15,757,0,0,0,757
06/28/2023,BNA,TN,ASO,ES,Combined TRACON& Tower with Radar,544,67,73,8,692,0,2,54,14,70,544,69,127,22,762,0,0,0,762
06/29/2023,BNA,TN,ASO,ES,Combined TRACON& Tower with Radar,581,101,88,2,772,0,0,20,19,39,581,101,108,21,811,0,0,0,811
06/30/2023,BNA,TN,ASO,ES,Combined TRACON& Tower with Radar,536,125,80,4,745,0,2,37,0,39,536,127,117,4,784,0,0,0,784
07/01/2023,BNA,TN,ASO,ES,Combined TRACON& Tower with Radar,567,82,61,0,710,0,0,26,0,26,567,82,87,0,736,0,0,0,736
07/02/2023,BNA,TN,ASO,ES,Combined TRACON& Tower with Radar,565,98,45,0,708,0,0,7,0,7,565,98,52,0,715,0,0,0,715
07/03/2023,BNA,TN,ASO,ES,Combined TRACON& Tower with Radar,545,68,26,0,639,0,2,27,0,29,545,70,53,0,668,0,0,0,668
07/04/2023,BNA,TN,ASO,ES,Combined TRACON& Tower with Radar,484,50,13,0,547,0,0,35,0,35,484,50,48,0,582,0,0,0,582
07/05/2023,BNA,TN,ASO,ES,Combined TRACON& Tower with Radar,544,71,53,0,668,0,0,32,0,32,544,71,85,0,700,0,0,0,700
07/06/2023,BNA,TN,ASO,ES,Combined TRACON& Tower with Radar,571,76,51,2,700,0,0,31,14,45,571,76,82,16,745,0,0,0,745
07/07/2023,BNA,TN,ASO,ES,Combined TRACON& Tower with Radar,560,75,38,1,674,0,5,55,3,63,560,80,93,4,737,0,0,0,737
07/08/2023,BNA,TN,ASO,ES,Combined TRACON& Tower with Radar,522,62,29,1,614,0,0,22,4,26,522,62,51,5,640,0,0,0,640
07/09/2023,BNA,TN,ASO,ES,Combined TRACON& Tower with Radar,560,107,48,3,718,0,0,4,0,4,560,107,52,3,722,0,0,0,722
07/10/2023,BNA,TN,ASO,ES,Combined TRACON& Tower with Radar,578,99,70,1,748,0,0,50,20,70,578,99,120,21,818,0,0,0,818
07/11/2023,BNA,TN,ASO,ES,Combined TRACON& Tower with Radar,557,77,62,1,697,0,0,42,12,54,557,77,104,13,751,0,0,0,751
07/12/2023,BNA,TN,ASO,ES,Combined TRACON& Tower with Radar,552,129,71,3,755,0,0,42,3,45,552,129,113,6,800,0,0,0,800
07/13/2023,BNA,TN,ASO,ES,Combined TRACON& Tower with Radar,584,95,89,2,770,0,0,14,5,19,584,95,103,7,789,0,0,0,789
07/14/2023,BNA,TN,ASO,ES,Combined TRACON& Tower with Radar,581,77,54,1,713,0,2,26,15,43,581,79,80,16,756,0,0,0,756
07/15/2023,BNA,TN,ASO,ES,Combined TRACON& Tower with Radar,522,78,30,3,633,0,0,1,0,1,522,78,31,3,634,0,0,0,634
07/16/2023,BNA,TN,ASO,ES,Combined TRACON& Tower with Radar,546,106,72,5,729,0,0,17,7,24,546,106,89,12,753,0,0,0,753
07/17/2023,BNA,TN,ASO,ES,Combined TRACON& Tower with Radar,608,77,67,4,756,0,2,19,8,29,608,79,86,12,785,0,0,0,785
07/18/2023,BNA,TN,ASO,ES,Combined TRACON& Tower with Radar,548,81,67,0,696,0,0,24,8,32,548,81,91,8,728,0,0,0,728
07/19/2023,BNA,TN,ASO,ES,Combined TRACON& Tower with Radar,568,62,61,4,695,0,0,19,8,27,568,62,80,12,722,0,0,0,722
07/20/2023,BNA,TN,ASO,ES,Combined TRACON& Tower with Radar,582,83,90,1,756,0,0,11,4,15,582,83,101,5,771,0,0,0,771
07/21/2023,BNA,TN,ASO,ES,Combined TRACON& Tower with Radar,600,74,62,7,743,0,4,42,8,54,600,78,104,15,797,0,0,0,797
07/22/2023,BNA,TN,ASO,ES,Combined TRACON& Tower with Radar,540,65,45,0,650,0,0,30,0,30,540,65,75,0,680,0,0,0,680
07/23/2023,BNA,TN,ASO,ES,Combined TRACON& Tower with Radar,586,102,57,3,748,0,0,8,6,14,586,102,65,9,762,0,0,0,762
07/24/2023,BNA,TN,ASO,ES,Combined TRACON& Tower with Radar,602,65,66,7,740,0,0,32,3,35,602,65,98,10,775,0,0,0,775
07/25/2023,BNA,TN,ASO,ES,Combined TRACON& Tower with Radar,540,81,63,2,686,0,2,32,4,38,540,83,95,6,724,0,0,0,724
07/26/2023,BNA,TN,ASO,ES,Combined TRACON& Tower with Radar,550,94,66,5,715,0,6,53,1,60,550,100,119,6,775,0,0,0,775
07/27/2023,BNA,TN,ASO,ES,Combined TRACON& Tower with Radar,579,112,117,3,811,0,2,46,9,57,579,114,163,12,868,0,0,0,868
07/28/2023,BNA,TN,ASO,ES,Combined TRACON& Tower with Radar,601,116,79,6,802,0,2,65,2,69,601,118,144,8,871,0,0,0,871
07/29/2023,BNA,TN,ASO,ES,Combined TRACON& Tower with Radar,516,69,64,1,650,0,2,40,0,42,516,71,104,1,692,0,0,0,692
07/30/2023,BNA,TN,ASO,ES,Combined TRACON& Tower with Radar,600,107,109,1,817,0,2,5,0,7,600,109,114,1,824,0,0,0,824
07/31/2023,BNA,TN,ASO,ES,Combined TRACON& Tower with Radar,597,75,67,2,741,0,4,51,0,55,597,79,118,2,796,0,0,0,796
08/01/2023,BNA,TN,ASO,ES,Combined TRACON& Tower with Radar,548,74,73,0,695,0,2,45,2,49,548,76,118,2,744,0,0,0,744
08/02/2023,BNA,TN,ASO,ES,Combined TRACON& Tower with Radar,553,90,95,0,738,0,2,48,6,56,553,92,143,6,794,0,0,0,794
08/03/2023,BNA,TN,ASO,ES,Combined TRACON& Tower with Radar,599,94,76,3,772,0,0,8,0,8,599,94,84,3,780,0,0,0,780
08/04/2023,BNA,TN,ASO,ES,Combined TRACON& Tower with Radar,588,85,81,3,757,0,0,3,0,3,588,85,84,3,760,0,0,0,760
08/05/2023,BNA,TN,ASO,ES,Combined TRACON& Tower with Radar,531,75,53,1,660,0,2,7,6,15,531,77,60,7,675,0,0,0,675
08/06/2023,BNA,TN,ASO,ES,Combined TRACON& Tower with Radar,610,100,92,1,803,0,0,14,6,20,610,100,106,7,823,0,0,0,823
08/07/2023,BNA,TN,ASO,ES,Combined TRACON& Tower with Radar,579,87,62,2,730,0,0,24,1,25,579,87,86,3,755,0,0,0,755
08/08/2023,BNA,TN,ASO,ES,Combined TRACON& Tower with Radar,550,66,54,0,670,0,0,40,2,42,550,66,94,2,712,0,0,0,712
08/09/2023,BNA,TN,ASO,ES,Combined TRACON& Tower with Radar,550,77,68,1,696,0,0,30,15,45,550,77,98,16,741,0,0,0,741
08/10/2023,BNA,TN,ASO,ES,Combined TRACON& Tower with Radar,592,92,80,7,771,0,0,13,6,19,592,92,93,13,790,0,0,0,790
08/11/2023,BNA,TN,ASO,ES,Combined TRACON& Tower with Radar,595,79,71,6,751,0,2,40,8,50,595,81,111,14,801,0,0,0,801
08/12/2023,BNA,TN,ASO,ES,Combined TRACON& Tower with Radar,532,61,33,1,627,0,0,18,0,18,532,61,51,1,645,0,0,0,645
08/13/2023,BNA,TN,ASO,ES,Combined TRACON& Tower with Radar,589,88,48,2,727,0,0,9,1,10,589,88,57,3,737,0,0,0,737
08/14/2023,BNA,TN,ASO,ES,Combined TRACON& Tower with Radar,584,70,60,4,718,0,5,31,5,41,584,75,91,9,759,0,0,0,759
08/15/2023,BNA,TN,ASO,ES,Combined TRACON& Tower with Radar,558,58,55,2,673,0,0,51,4,55,558,58,106,6,728,0,0,0,728
08/16/2023,BNA,TN,ASO,ES,Combined TRACON& Tower with Radar,551,69,73,5,698,0,2,44,6,52,551,71,117,11,750,0,0,0,750
08/17/2023,BNA,TN,ASO,ES,Combined TRACON& Tower with Radar,554,97,92,9,752,0,2,48,14,64,554,99,140,23,816,0,0,0,816
08/18/2023,BNA,TN,ASO,ES,Combined TRACON& Tower with Radar,568,84,59,6,717,0,1,45,3,49,568,85,104,9,766,0,0,0,766
08/19/2023,BNA,TN,ASO,ES,Combined TRACON& Tower with Radar,496,71,48,1,616,0,0,61,0,61,496,71,109,1,677,0,0,0,677
08/20/2023,BNA,TN,ASO,ES,Combined TRACON& Tower with Radar,543,101,62,5,711,0,2,7,0,9,543,103,69,5,720,0,0,0,720
08/21/2023,BNA,TN,ASO,ES,Combined TRACON& Tower with Radar,571,80,74,4,729,0,0,42,2,44,571,80,116,6,773,0,0,0,773
08/22/2023,BNA,TN,ASO,ES,Combined TRACON& Tower with Radar,549,75,60,8,692,0,2,25,7,34,549,77,85,15,726,0,0,0,726
08/23/2023,BNA,TN,ASO,ES,Combined TRACON& Tower with Radar,553,71,80,1,705,0,1,22,8,31,553,72,102,9,736,0,0,0,736
08/24/2023,BNA,TN,ASO,ES,Combined TRACON& Tower with Radar,553,87,104,4,748,0,0,30,6,36,553,87,134,10,784,0,0,0,784
08/25/2023,BNA,TN,ASO,ES,Combined TRACON& Tower with Radar,580,77,74,1,732,0,0,38,2,40,580,77,112,3,772,0,0,0,772
08/26/2023,BNA,TN,ASO,ES,Combined TRACON& Tower with Radar,489,66,36,1,592,0,0,23,1,24,489,66,59,2,616,0,0,0,616
08/27/2023,BNA,TN,ASO,ES,Combined TRACON& Tower with Radar,541,73,58,0,672,0,0,0,0,0,541,73,58,0,672,0,0,0,672
08/28/2023,BNA,TN,ASO,ES,Combined TRACON& Tower with Radar,569,71,73,3,716,0,0,17,0,17,569,71,90,3,733,0,0,0,733
08/29/2023,BNA,TN,ASO,ES,Combined TRACON& Tower with Radar,531,83,79,8,701,0,2,26,5,33,531,85,105,13,734,0,0,0,734
08/30/2023,BNA,TN,ASO,ES,Combined TRACON& Tower with Radar,520,59,73,1,653,0,0,43,4,47,520,59,116,5,700,0,0,0,700
08/31/2023,BNA,TN,ASO,ES,Combined TRACON& Tower with Radar,560,72,115,6,753,0,6,37,8,51,560,78,152,14,804,0,0,0,804
01/01/2020,BNA,TN,ASO,CE,Combined TRACON& Tower with Radar,380,72,41,0,493,0,0,16,0,16,380,72,57,0,509,0,0,0,509
01/02/2020,BNA,TN,ASO,CE,Combined TRACON& Tower with Radar,444,70,55,0,569,0,0,0,0,0,444,70,55,0,569,0,0,0,569
01/03/2020,BNA,TN,ASO,CE,Combined TRACON& Tower with Radar,447,76,47,0,570,0,0,0,0,0,447,76,47,0,570,0,0,0,570
01/04/2020,BNA,TN,ASO,CE,Combined TRACON& Tower with Radar,348,73,52,0,473,0,0,2,0,2,348,73,54,0,475,0,0,0,475
01/05/2020,BNA,TN,ASO,CE,Combined TRACON& Tower with Radar,454,89,51,1,595,0,0,7,2,9,454,89,58,3,604,0,0,0,604
01/06/2020,BNA,TN,ASO,CE,Combined TRACON& Tower with Radar,465,65,61,1,592,0,0,36,0,36,465,65,97,1,628,0,0,0,628
01/07/2020,BNA,TN,ASO,CE,Combined TRACON& Tower with Radar,445,61,83,5,594,0,1,37,7,45,445,62,120,12,639,0,0,0,639
01/08/2020,BNA,TN,ASO,CE,Combined TRACON& Tower with Radar,449,45,57,4,555,0,1,50,4,55,449,46,107,8,610,0,0,0,610
01/09/2020,BNA,TN,ASO,CE,Combined TRACON& Tower with Radar,460,70,55,3,588,0,0,20,8,28,460,70,75,11,616,0,0,0,616
01/10/2020,BNA,TN,ASO,CE,Combined TRACON& Tower with Radar,456,50,54,4,564,0,0,7,14,21,456,50,61,18,585,0,0,0,585
01/11/2020,BNA,TN,ASO,CE,Combined TRACON& Tower with Radar,333,31,21,4,389,0,0,0,0,0,333,31,21,4,389,0,0,0,389
01/12/2020,BNA,TN,ASO,CE,Combined TRACON& Tower with Radar,446,71,57,7,581,0,1,7,0,8,446,72,64,7,589,0,0,0,589
01/13/2020,BNA,TN,ASO,CE,Combined TRACON& Tower with Radar,449,60,56,2,567,0,0,12,0,12,449,60,68,2,579,0,0,0,579
01/14/2020,BNA,TN,ASO,CE,Combined TRACON& Tower with Radar,442,72,72,12,598,0,1,8,5,14,442,73,80,17,612,0,0,0,612
01/15/2020,BNA,TN,ASO,CE,Combined TRACON& Tower with Radar,450,51,79,7,587,0,0,2,0,2,450,51,81,7,589,0,0,0,589
01/16/2020,BNA,TN,ASO,CE,Combined TRACON& Tower with Radar,462,67,95,9,633,0,0,38,13,51,462,67,133,22,684,0,0,0,684
01/17/2020,BNA,TN,ASO,CE,Combined TRACON& Tower with Radar,438,74,69,1,582,0,0,31,8,39,438,74,100,9,621,0,0,0,621
01/18/2020,BNA,TN,ASO,CE,Combined TRACON& Tower with Radar,318,59,36,3,416,0,0,0,3,3,318,59,36,6,419,0,0,0,419
01/19/2020,BNA,TN,ASO,CE,Combined TRACON& Tower with Radar,411,75,42,2,530,0,0,13,2,15,411,75,55,4,545,0,0,0,545
01/20/2020,BNA,TN,ASO,CE,Combined TRACON& Tower with Radar,448,76,65,3,592,0,0,5,1,6,448,76,70,4,598,0,0,0,598
01/21/2020,BNA,TN,ASO,CE,Combined TRACON& Tower with Radar,432,74,71,2,579,0,2,43,0,45,432,76,114,2,624,0,0,0,624
01/22/2020,BNA,TN,ASO,CE,Combined TRACON& Tower with Radar,443,64,68,9,584,0,0,38,13,51,443,64,106,22,635,0,0,0,635
01/23/2020,BNA,TN,ASO,CE,Combined TRACON& Tower with Radar,457,78,93,8,636,0,0,25,0,25,457,78,118,8,661,0,0,0,661
01/24/2020,BNA,TN,ASO,CE,Combined TRACON& Tower with Radar,455,60,80,4,599,0,1,0,8,9,455,61,80,12,608,0,0,0,608
01/25/2020,BNA,TN,ASO,CE,Combined TRACON& Tower with Radar,336,51,30,3,420,0,2,3,14,19,336,53,33,17,439,0,0,0,439
01/26/2020,BNA,TN,ASO,CE,Combined TRACON& Tower with Radar,442,75,50,1,568,0,0,13,6,19,442,75,63,7,587,0,0,0,587
01/27/2020,BNA,TN,ASO,CE,Combined TRACON& Tower with Radar,453,61,65,3,582,0,4,21,0,25,453,65,86,3,607,0,0,0,607
01/28/2020,BNA,TN,ASO,CE,Combined TRACON& Tower with Radar,445,64,70,2,581,0,4,11,2,17,445,68,81,4,598,0,0,0,598
01/29/2020,BNA,TN,ASO,CE,Combined TRACON& Tower with Radar,443,66,93,11,613,0,3,21,4,28,443,69,114,15,641,0,0,0,641
01/30/2020,BNA,TN,ASO,CE,Combined TRACON& Tower with Radar,452,96,100,5,653,0,0,7,17,24,452,96,107,22,677,0,0,0,677
01/31/2020,BNA,TN,ASO,CE,Combined TRACON& Tower with Radar,458,73,85,6,622,0,0,2,2,4,458,73,87,8,626,0,0,0,626
02/01/2020,BNA,TN,ASO,ES,Combined TRACON& Tower with Radar,342,61,22,6,431,0,0,10,0,10,342,61,32,6,441,0,0,0,441
02/02/2020,BNA,TN,ASO,ES,Combined TRACON& Tower with Radar,420,57,52,9,538,0,4,25,2,31,420,61,77,11,569,0,0,0,569
02/03/2020,BNA,TN,ASO,ES,Combined TRACON& Tower with Radar,450,77,66,4,597,0,6,43,3,52,450,83,109,7,649,0,0,0,649
02/04/2020,BNA,TN,ASO,ES,Combined TRACON& Tower with Radar,443,73,87,3,606,0,1,2,0,3,443,74,89,3,609,0,0,0,609
02/05/2020,BNA,TN,ASO,ES,Combined TRACON& Tower with Radar,443,59,59,0,561,0,0,0,0,0,443,59,59,0,561,0,0,0,561
02/06/2020,BNA,TN,ASO,ES,Combined TRACON& Tower with Radar,455,90,69,0,614,0,0,0,0,0,455,90,69,0,614,0,0,0,614
02/07/2020,BNA,TN,ASO,ES,Combined TRACON& Tower with Radar,447,77,83,5,612,0,0,20,16,36,447,77,103,21,648,0,0,0,648
02/08/2020,BNA,TN,ASO,ES,Combined TRACON& Tower with Radar,342,40,30,8,420,0,0,53,5,58,342,40,83,13,478,0,0,0,478
02/09/2020,BNA,TN,ASO,ES,Combined TRACON& Tower with Radar,437,75,36,2,550,0,3,14,7,24,437,78,50,9,574,0,0,0,574
02/10/2020,BNA,TN,ASO,ES,Combined TRACON& Tower with Radar,470,70,61,2,603,0,0,0,0,0,470,70,61,2,603,0,0,0,603
02/11/2020,BNA,TN,ASO,ES,Combined TRACON& Tower with Radar,452,98,70,4,624,0,0,1,8,9,452,98,71,12,633,0,0,0,633
02/12/2020,BNA,TN,ASO,ES,Combined TRACON& Tower with Radar,462,76,88,0,626,0,0,0,0,0,462,76,88,0,626,0,0,0,626
02/13/2020,BNA,TN,ASO,ES,Combined TRACON& Tower with Radar,468,108,102,0,678,0,0,5,13,18,468,108,107,13,696,0,0,0,696
02/14/2020,BNA,TN,ASO,ES,Combined TRACON& Tower with Radar,490,81,82,4,657,0,3,36,3,42,490,84,118,7,699,0,0,0,699
02/15/2020,BNA,TN,ASO,ES,Combined TRACON& Tower with Radar,331,64,31,4,430,0,1,58,0,59,331,65,89,4,489,0,0,0,489
02/16/2020,BNA,TN,ASO,ES,Combined TRACON& Tower with Radar,436,83,39,6,564,0,1,24,1,26,436,84,63,7,590,0,0,0,590
02/17/2020,BNA,TN,ASO,ES,Combined TRACON& Tower with Radar,491,70,72,3,636,0,2,32,1,35,491,72,104,4,671,0,0,0,671
02/18/2020,BNA,TN,ASO,ES,Combined TRACON& Tower with Radar,467,74,84,5,630,0,0,1,0,1,467,74,85,5,631,0,0,0,631
02/19/2020,BNA,TN,ASO,ES,Combined TRACON& Tower with Radar,467,79,82,6,634,0,2,48,8,58,467,81,130,14,692,0,0,0,692
02/20/2020,BNA,TN,ASO,ES,Combined TRACON& Tower with Radar,483,82,56,0,621,0,0,10,6,16,483,82,66,6,637,0,0,0,637
02/21/2020,BNA,TN,ASO,ES,Combined TRACON& Tower with Radar,492,81,93,6,672,0,6,69,11,86,492,87,162,17,758,0,0,0,758
02/22/2020,BNA,TN,ASO,ES,Combined TRACON& Tower with Radar,346,59,37,0,442,0,2,56,16,74,346,61,93,16,516,0,0,0,516
02/23/2020,BNA,TN,ASO,ES,Combined TRACON& Tower with Radar,467,80,48,2,597,0,0,11,5,16,467,80,59,7,613,0,0,0,613
02/24/2020,BNA,TN,ASO,ES,Combined TRACON& Tower with Radar,484,72,51,0,607,0,0,0,0,0,484,72,51,0,607,0,0,0,607
02/25/2020,BNA,TN,ASO,ES,Combined TRACON& Tower with Radar,469,79,93,2,643,0,1,12,6,19,469,80,105,8,662,0,0,0,662
02/26/2020,BNA,TN,ASO,ES,Combined TRACON& Tower with Radar,473,83,72,2,630,0,0,4,1,5,473,83,76,3,635,0,0,0,635
02/27/2020,BNA,TN,ASO,ES,Combined TRACON& Tower with Radar,490,81,87,4,662,0,0,61,11,72,490,81,148,15,734,0,0,0,734
02/28/2020,BNA,TN,ASO,ES,Combined TRACON& Tower with Radar,484,83,83,6,656,0,0,16,2,18,484,83,99,8,674,0,0,0,674
02/29/2020,BNA,TN,ASO,ES,Combined TRACON& Tower with Radar,341,58,31,8,438,0,1,63,0,64,341,59,94,8,502,0,0,0,502
03/01/2020,BNA,TN,ASO,ES,Combined TRACON& Tower with Radar,473,85,66,8,632,0,4,12,1,17,473,89,78,9,649,0,0,0,649
03/02/2020,BNA,TN,ASO,ES,Combined TRACON& Tower with Radar,485,77,72,1,635,0,0,0,0,0,485,77,72,1,635,0,0,0,635
03/03/2020,BNA,TN,ASO,ES,Combined TRACON& Tower with Radar,472,78,107,4,661,0,4,44,7,55,472,82,151,11,716,0,0,0,716
03/04/2020,BNA,TN,ASO,ES,Combined TRACON& Tower with Radar,475,86,123,9,693,0,4,53,7,64,475,90,176,16,757,0,0,0,757
03/05/2020,BNA,TN,ASO,ES,Combined TRACON& Tower with Radar,497,101,111,5,714,0,5,48,1,54,497,106,159,6,768,0,0,0,768
03/06/2020,BNA,TN,ASO,ES,Combined TRACON& Tower with Radar,489,89,66,9,653,0,5,7,9,21,489,94,73,18,674,0,0,0,674
03/07/2020,BNA,TN,ASO,ES,Combined TRACON& Tower with Radar,412,67,61,2,542,0,2,65,16,83,412,69,126,18,625,0,0,0,625
03/08/2020,BNA,TN,ASO,ES,Combined TRACON& Tower with Radar,497,104,83,2,686,0,5,21,6,32,497,109,104,8,718,0,0,0,718
03/09/2020,BNA,TN,ASO,ES,Combined TRACON& Tower with Radar,492,80,98,5,675,0,2,34,6,42,492,82,132,11,717,0,0,0,717
03/10/2020,BNA,TN,ASO,ES,Combined TRACON& Tower with Radar,472,76,110,1,659,0,0,7,4,11,472,76,117,5,670,0,0,0,670
03/11/2020,BNA,TN,ASO,ES,Combined TRACON& Tower with Radar,481,98,118,6,703,0,1,9,2,12,481,99,127,8,715,0,0,0,715
03/12/2020,BNA,TN,ASO,ES,Combined TRACON& Tower with Radar,511,107,107,8,733,0,0,3,0,3,511,107,110,8,736,0,0,0,736
03/13/2020,BNA,TN,ASO,ES,Combined TRACON& Tower with Radar,490,101,114,3,708,0,2,43,4,49,490,103,157,7,757,0,0,0,757
03/14/2020,BNA,TN,ASO,ES,Combined TRACON& Tower with Radar,434,80,61,0,575,0,0,8,0,8,434,80,69,0,583,0,0,0,583
03/15/2020,BNA,TN,ASO,ES,Combined TRACON& Tower with Radar,504,86,66,0,656,0,0,0,0,0,504,86,66,0,656,0,0,0,656
03/16/2020,BNA,TN,ASO,ES,Combined TRACON& Tower with Radar,498,65,55,0,618,0,0,16,0,16,498,65,71,0,634,0,0,0,634
03/17/2020,BNA,TN,ASO,ES,Combined TRACON& Tower with Radar,453,52,40,2,547,0,0,0,3,3,453,52,40,5,550,0,0,0,550
03/18/2020,BNA,TN,ASO,ES,Combined TRACON& Tower with Radar,463,69,49,0,581,0,0,13,1,14,463,69,62,1,595,0,0,0,595
03/19/2020,BNA,TN,ASO,ES,Combined TRACON& Tower with Radar,429,65,52,0,546,0,0,6,0,6,429,65,58,0,552,0,0,0,552
03/20/2020,BNA,TN,ASO,ES,Combined TRACON& Tower with Radar,410,62,46,0,518,0,0,3,0,3,410,62,49,0,521,0,0,0,521
03/21/2020,BNA,TN,ASO,ES,Combined TRACON& Tower with Radar,371,60,44,0,475,0,2,16,0,18,371,62,60,0,493,0,0,0,493
03/22/2020,BNA,TN,ASO,ES,Combined TRACON& Tower with Radar,323,52,38,0,413,0,0,7,0,7,323,52,45,0,420,0,0,0,420
03/23/2020,BNA,TN,ASO,ES,Combined TRACON& Tower with Radar,314,61,19,0,394,0,0,7,0,7,314,61,26,0,401,0,0,0,401
03/24/2020,BNA,TN,ASO,ES,Combined TRACON& Tower with Radar,277,34,16,0,327,0,0,0,0,0,277,34,16,0,327,0,0,0,327
03/25/2020,BNA,TN,ASO,ES,Combined TRACON& Tower with Radar,274,47,15,3,339,0,0,7,1,8,274,47,22,4,347,0,0,0,347
03/26/2020,BNA,TN,ASO,ES,Combined TRACON& Tower with Radar,277,35,19,2,333,0,2,14,0,16,277,37,33,2,349,0,0,0,349
03/27/2020,BNA,TN,ASO,ES,Combined TRACON& Tower with Radar,254,47,22,2,325,0,1,14,5,20,254,48,36,7,345,0,0,0,345
03/28/2020,BNA,TN,ASO,ES,Combined TRACON& Tower with Radar,232,33,9,0,274,0,0,5,0,5,232,33,14,0,279,0,0,0,279
03/29/2020,BNA,TN,ASO,ES,Combined TRACON& Tower with Radar,243,28,9,0,280,0,2,6,0,8,243,30,15,0,288,0,0,0,288
03/30/2020,BNA,TN,ASO,ES,Combined TRACON& Tower with Radar,225,40,22,0,287,0,0,18,0,18,225,40,40,0,305,0,0,0,305
03/31/2020,BNA,TN,ASO,ES,Combined TRACON& Tower with Radar,215,30,9,2,256,0,0,0,0,0,215,30,9,2,256,0,0,0,256
04/01/2020,BNA,TN,ASO,ES,Combined TRACON& Tower with Radar,211,27,13,2,253,0,2,15,2,19,211,29,28,4,272,0,0,0,272
04/02/2020,BNA,TN,ASO,ES,Combined TRACON& Tower with Radar,220,24,14,4,262,0,5,12,0,17,220,29,26,4,279,0,0,0,279
04/03/2020,BNA,TN,ASO,ES,Combined TRACON& Tower with Radar,210,33,9,0,252,0,3,9,3,15,210,36,18,3,267,0,0,0,267
04/04/2020,BNA,TN,ASO,ES,Combined TRACON& Tower with Radar,184,23,12,0,219,0,2,9,0,11,184,25,21,0,230,0,0,0,230
04/05/2020,BNA,TN,ASO,ES,Combined TRACON& Tower with Radar,175,22,9,0,206,0,1,8,0,9,175,23,17,0,215,0,0,0,215
04/06/2020,BNA,TN,ASO,ES,Combined TRACON& Tower with Radar,191,28,13,4,236,0,0,13,0,13,191,28,26,4,249,0,0,0,249
04/07/2020,BNA,TN,ASO,ES,Combined TRACON& Tower with Radar,180,31,15,5,231,0,1,8,2,11,180,32,23,7,242,0,0,0,242
04/08/2020,BNA,TN,ASO,ES,Combined TRACON& Tower with Radar,172,28,25,2,227,0,0,2,4,6,172,28,27,6,233,0,0,0,233
04/09/2020,BNA,TN,ASO,ES,Combined TRACON& Tower with Radar,173,17,14,2,206,0,0,10,4,14,173,17,24,6,220,0,0,0,220
04/10/2020,BNA,TN,ASO,ES,Combined TRACON& Tower with Radar,182,25,18,0,225,0,4,7,2,13,182,29,25,2,238,0,0,0,238
04/11/2020,BNA,TN,ASO,ES,Combined TRACON& Tower with Radar,119,17,10,2,148,0,1,15,0,16,119,18,25,2,164,0,0,0,164
04/12/2020,BNA,TN,ASO,ES,Combined TRACON& Tower with Radar,151,15,3,0,169,0,2,0,0,2,151,17,3,0,171,0,0,0,171
04/13/2020,BNA,TN,ASO,ES,Combined TRACON& Tower with Radar,168,30,10,4,212,0,0,6,0,6,168,30,16,4,218,0,0,0,218
04/14/2020,BNA,TN,ASO,ES,Combined TRACON& Tower with Radar,137,21,12,2,172,0,3,6,4,13,137,24,18,6,185,0,0,0,185
04/15/2020,BNA,TN,ASO,ES,Combined TRACON& Tower with Radar,146,22,12,0,180,0,4,12,6,22,146,26,24,6,202,0,0,0,202
04/16/2020,BNA,TN,ASO,ES,Combined TRACON& Tower with Radar,138,34,13,1,186,0,3,17,0,20,138,37,30,1,206,0,0,0,206
04/17/2020,BNA,TN,ASO,ES,Combined TRACON& Tower with Radar,123,34,18,3,178,0,2,6,2,10,123,36,24,5,188,0,0,0,188
04/18/2020,BNA,TN,ASO,ES,Combined TRACON& Tower with Radar,110,21,18,0,149,0,1,22,2,25,110,22,40,2,174,0,0,0,174
04/19/2020,BNA,TN,ASO,ES,Combined TRACON& Tower with Radar,125,20,9,2,156,0,0,6,4,10,125,20,15,6,166,0,0,0,166
04/20/2020,BNA,TN,ASO,ES,Combined TRACON& Tower with Radar,120,30,15,0,165,0,0,12,9,21,120,30,27,9,186,0,0,0,186
04/21/2020,BNA,TN,ASO,ES,Combined TRACON& Tower with Radar,117,34,33,0,184,0,2,17,6,25,117,36,50,6,209,0,0,0,209
04/22/2020,BNA,TN,ASO,ES,Combined TRACON& Tower with Radar,127,30,39,0,196,0,1,16,7,24,127,31,55,7,220,0,0,0,220
04/23/2020,BNA,TN,ASO,ES,Combined TRACON& Tower with Radar,128,32,14,0,174,0,0,2,0,2,128,32,16,0,176,0,0,0,176
04/24/2020,BNA,TN,ASO,ES,Combined TRACON& Tower with Radar,117,39,36,8,200,0,0,30,4,34,117,39,66,12,234,0,0,0,234
04/25/2020,BNA,TN,ASO,ES,Combined TRACON& Tower with Radar,107,22,4,0,133,0,0,4,0,4,107,22,8,0,137,0,0,0,137
04/26/2020,BNA,TN,ASO,ES,Combined TRACON& Tower with Radar,134,25,18,2,179,0,0,10,0,10,134,25,28,2,189,0,0,0,189
04/27/2020,BNA,TN,ASO,ES,Combined TRACON& Tower with Radar,122,26,17,8,173,0,1,24,10,35,122,27,41,18,208,0,0,0,208
04/28/2020,BNA,TN,ASO,ES,Combined TRACON& Tower with Radar,135,29,22,4,190,0,2,32,12,46,135,31,54,16,236,0,0,0,236
04/29/2020,BNA,TN,ASO,ES,Combined TRACON& Tower with Radar,136,31,8,0,175,0,0,0,0,0,136,31,8,0,175,0,0,0,175
04/30/2020,BNA,TN,ASO,ES,Combined TRACON& Tower with Radar,138,35,23,6,202,0,0,9,10,19,138,35,32,16,221,0,0,0,221
05/01/2020,BNA,TN,ASO,ES,Combined TRACON& Tower with Radar,142,27,31,1,201,0,5,68,6,79,142,32,99,7,280,0,0,0,280
05/02/2020,BNA,TN,ASO,ES,Combined TRACON& Tower with Radar,124,24,20,0,168,3,3,45,2,53,127,27,65,2,221,0,0,0,221
05/03/2020,BNA,TN,ASO,ES,Combined TRACON& Tower with Radar,137,32,31,0,200,0,0,5,0,5,137,32,36,0,205,0,0,0,205
05/04/2020,BNA,TN,ASO,ES,Combined TRACON& Tower with Radar,139,26,16,0,181,0,3,25,0,28,139,29,41,0,209,0,0,0,209
05/05/2020,BNA,TN,ASO,ES,Combined TRACON& Tower with Radar,131,31,20,4,186,0,0,6,7,13,131,31,26,11,199,0,0,0,199
05/06/2020,BNA,TN,ASO,ES,Combined TRACON& Tower with Radar,132,38,30,4,204,0,0,14,3,17,132,38,44,7,221,0,0,0,221
05/07/2020,BNA,TN,ASO,ES,Combined TRACON& Tower with Radar,138,42,31,2,213,0,4,54,10,68,138,46,85,12,281,0,0,0,281
05/08/2020,BNA,TN,ASO,ES,Combined TRACON& Tower with Radar,143,31,56,6,236,0,0,6,0,6,143,31,62,6,242,0,0,0,242
05/09/2020,BNA,TN,ASO,ES,Combined TRACON& Tower with Radar,123,37,18,0,178,0,0,57,0,57,123,37,75,0,235,0,0,0,235
05/10/2020,BNA,TN,ASO,ES,Combined TRACON& Tower with Radar,127,35,14,0,176,0,0,17,0,17,127,35,31,0,193,0,0,0,193
05/11/2020,BNA,TN,ASO,ES,Combined TRACON& Tower with Radar,139,40,40,1,220,0,0,39,0,39,139,40,79,1,259,0,0,0,259
05/12/2020,BNA,TN,ASO,ES,Combined TRACON& Tower with Radar,126,30,32,1,189,0,0,38,3,41,126,30,70,4,230,0,0,0,230
05/13/2020,BNA,TN,ASO,ES,Combined TRACON& Tower with Radar,140,32,28,0,200,0,0,24,0,24,140,32,52,0,224,0,0,0,224
05/14/2020,BNA,TN,ASO,ES,Combined TRACON& Tower with Radar,145,34,25,2,206,0,1,39,10,50,145,35,64,12,256,0,0,0,256
05/15/2020,BNA,TN,ASO,ES,Combined TRACON& Tower with Radar,143,43,17,0,203,0,2,36,3,41,143,45,53,3,244,0,0,0,244
05/16/2020,BNA,TN,ASO,ES,Combined TRACON& Tower with Radar,125,24,16,0,165,0,0,35,1,36,125,24,51,1,201,0,0,0,201
05/17/2020,BNA,TN,ASO,ES,Combined TRACON& Tower with Radar,137,31,31,0,199,0,0,8,0,8,137,31,39,0,207,0,0,0,207
05/18/2020,BNA,TN,ASO,ES,Combined TRACON& Tower with Radar,144,41,24,2,211,0,2,12,1,15,144,43,36,3,226,0,0,0,226
05/19/2020,BNA,TN,ASO,ES,Combined TRACON& Tower with Radar,129,35,36,0,200,0,0,21,10,31,129,35,57,10,231,0,0,0,231
05/20/2020,BNA,TN,ASO,ES,Combined TRACON& Tower with Radar,146,41,56,2,245,0,0,0,2,2,146,41,56,4,247,0,0,0,247
05/21/2020,BNA,TN,ASO,ES,Combined TRACON& Tower with Radar,170,47,40,5,262,0,1,14,9,24,170,48,54,14,286,0,0,0,286
05/22/2020,BNA,TN,ASO,ES,Combined TRACON& Tower with Radar,159,44,37,0,240,0,1,22,0,23,159,45,59,0,263,0,0,0,263
05/23/2020,BNA,TN,ASO,ES,Combined TRACON& Tower with Radar,132,37,27,0,196,0,0,40,0,40,132,37,67,0,236,0,0,0,236
05/24/2020,BNA,TN,ASO,ES,Combined TRACON& Tower with Radar,146,29,16,0,191,0,2,22,0,24,146,31,38,0,215,12,0,12,227
05/25/2020,BNA,TN,ASO,ES,Combined TRACON& Tower with Radar,150,32,23,0,205,0,0,24,0,24,150,32,47,0,229,14,0,14,243
05/26/2020,BNA,TN,ASO,ES,Combined TRACON& Tower with Radar,133,40,50,2,225,0,1,40,4,45,133,41,90,6,270,0,0,0,270
05/27/2020,BNA,TN,ASO,ES,Combined TRACON& Tower with Radar,146,49,52,3,250,0,1,4,1,6,146,50,56,4,256,0,0,0,256
05/28/2020,BNA,TN,ASO,ES,Combined TRACON& Tower with Radar,165,50,49,0,264,0,0,41,5,46,165,50,90,5,310,0,0,0,310
05/29/2020,BNA,TN,ASO,ES,Combined TRACON& Tower with Radar,166,33,36,1,236,0,2,54,2,58,166,35,90,3,294,0,0,0,294
05/30/2020,BNA,TN,ASO,ES,Combined TRACON& Tower with Radar,136,30,27,1,194,0,0,64,2,66,136,30,91,3,260,0,0,0,260
05/31/2020,BNA,TN,ASO,ES,Combined TRACON& Tower with Radar,163,38,28,0,229,0,0,22,2,24,163,38,50,2,253,0,0,0,253
06/01/2020,BNA,TN,ASO,ES,Combined TRACON& Tower with Radar,160,37,41,2,240,0,1,41,4,46,160,38,82,6,286,0,0,0,286
06/02/2020,BNA,TN,ASO,ES,Combined TRACON& Tower with Radar,141,40,16,3,200,0,10,46,7,63,141,50,62,10,263,0,0,0,263
06/03/2020,BNA,TN,ASO,ES,Combined TRACON& Tower with Radar,157,43,44,1,245,0,1,50,4,55,157,44,94,5,300,0,0,0,300
06/04/2020,BNA,TN,ASO,ES,Combined TRACON& Tower with Radar,197,50,44,3,294,0,0,29,2,31,197,50,73,5,325,0,0,0,325
06/05/2020,BNA,TN,ASO,ES,Combined TRACON& Tower with Radar,192,61,55,7,315,0,2,43,0,45,192,63,98,7,360,0,0,0,360
06/06/2020,BNA,TN,ASO,ES,Combined TRACON& Tower with Radar,160,35,19,0,214,0,0,61,2,63,160,35,80,2,277,0,0,0,277
06/07/2020,BNA,TN,ASO,ES,Combined TRACON& Tower with Radar,220,36,27,0,283,0,0,22,2,24,220,36,49,2,307,0,0,0,307
06/08/2020,BNA,TN,ASO,ES,Combined TRACON& Tower with Radar,214,50,38,3,305,0,1,23,2,26,214,51,61,5,331,0,0,0,331
06/09/2020,BNA,TN,ASO,ES,Combined TRACON& Tower with Radar,179,37,44,0,260,0,0,9,8,17,179,37,53,8,277,0,0,0,277
06/10/2020,BNA,TN,ASO,ES,Combined TRACON& Tower with Radar,183,58,50,2,293,0,1,20,4,25,183,59,70,6,318,0,0,0,318
06/11/2020,BNA,TN,ASO,ES,Combined TRACON& Tower with Radar,241,49,64,5,359,0,2,48,23,73,241,51,112,28,432,0,0,0,432
06/12/2020,BNA,TN,ASO,ES,Combined TRACON& Tower with Radar,232,45,56,1,334,0,1,40,4,45,232,46,96,5,379,0,0,0,379
06/13/2020,BNA,TN,ASO,ES,Combined TRACON& Tower with Radar,195,34,27,0,256,0,0,40,0,40,195,34,67,0,296,0,0,0,296
06/14/2020,BNA,TN,ASO,ES,Combined TRACON& Tower with Radar,239,40,53,0,332,1,0,3,0,4,240,40,56,0,336,0,0,0,336
06/15/2020,BNA,TN,ASO,ES,Combined TRACON& Tower with Radar,236,47,34,5,322,0,0,33,8,41,236,47,67,13,363,0,0,0,363
06/16/2020,BNA,TN,ASO,ES,Combined TRACON& Tower with Radar,187,31,32,2,252,0,4,55,7,66,187,35,87,9,318,0,0,0,318
06/17/2020,BNA,TN,ASO,ES,Combined TRACON& Tower with Radar,187,52,46,9,294,0,1,41,9,51,187,53,87,18,345,0,0,0,345
06/18/2020,BNA,TN,ASO,ES,Combined TRACON& Tower with Radar,240,54,49,2,345,0,1,64,13,78,240,55,113,15,423,0,0,0,423
06/19/2020,BNA,TN,ASO,ES,Combined TRACON& Tower with Radar,243,46,53,1,343,0,1,48,2,51,243,47,101,3,394,0,0,0,394
06/20/2020,BNA,TN,ASO,ES,Combined TRACON& Tower with Radar,225,29,37,1,292,0,5,47,1,53,225,34,84,2,345,0,0,0,345
06/21/2020,BNA,TN,ASO,ES,Combined TRACON& Tower with Radar,281,51,33,3,368,0,2,1,0,3,281,53,34,3,371,0,0,0,371
06/22/2020,BNA,TN,ASO,ES,Combined TRACON& Tower with Radar,283,44,46,0,373,0,0,20,3,23,283,44,66,3,396,0,0,0,396
06/23/2020,BNA,TN,ASO,ES,Combined TRACON& Tower with Radar,249,53,33,2,337,0,0,26,9,35,249,53,59,11,372,0,0,0,372
06/24/2020,BNA,TN,ASO,ES,Combined TRACON& Tower with Radar,250,47,61,2,360,0,0,58,7,65,250,47,119,9,425,0,0,0,425
06/25/2020,BNA,TN,ASO,ES,Combined TRACON& Tower with Radar,299,42,60,4,405,0,1,50,16,67,299,43,110,20,472,0,0,0,472
06/26/2020,BNA,TN,ASO,ES,Combined TRACON& Tower with Radar,288,54,65,9,416,0,1,49,4,54,288,55,114,13,470,0,0,0,470
06/27/2020,BNA,TN,ASO,ES,Combined TRACON& Tower with Radar,252,41,47,1,341,0,5,10,0,15,252,46,57,1,356,0,0,0,356
06/28/2020,BNA,TN,ASO,ES,Combined TRACON& Tower with Radar,298,43,38,4,383,0,0,3,0,3,298,43,41,4,386,0,0,0,386
06/29/2020,BNA,TN,ASO,ES,Combined TRACON& Tower with Radar,299,63,55,3,420,0,0,19,4,23,299,63,74,7,443,0,0,0,443
06/30/2020,BNA,TN,ASO,ES,Combined TRACON& Tower with Radar,279,50,31,0,360,0,0,6,0,6,279,50,37,0,366,0,0,0,366
07/01/2020,BNA,TN,ASO,ES,Combined TRACON& Tower with Radar,283,50,55,2,390,0,0,8,6,14,283,50,63,8,404,0,0,0,404
07/02/2020,BNA,TN,ASO,ES,Combined TRACON& Tower with Radar,328,56,57,0,441,0,0,38,3,41,328,56,95,3,482,0,0,0,482
07/03/2020,BNA,TN,ASO,ES,Combined TRACON& Tower with Radar,328,49,34,0,411,0,1,55,4,60,328,50,89,4,471,0,0,0,471
07/04/2020,BNA,TN,ASO,ES,Combined TRACON& Tower with Radar,254,22,10,0,286,0,0,34,2,36,254,22,44,2,322,0,0,0,322
07/05/2020,BNA,TN,ASO,ES,Combined TRACON& Tower with Radar,324,50,39,0,413,0,5,9,0,14,324,55,48,0,427,0,0,0,427
07/06/2020,BNA,TN,ASO,ES,Combined TRACON& Tower with Radar,326,52,38,2,418,0,0,44,1,45,326,52,82,3,463,0,0,0,463
07/07/2020,BNA,TN,ASO,ES,Combined TRACON& Tower with Radar,310,44,40,1,395,0,0,38,8,46,310,44,78,9,441,0,0,0,441
07/08/2020,BNA,TN,ASO,ES,Combined TRACON& Tower with Radar,313,40,53,3,409,0,0,30,13,43,313,40,83,16,452,0,0,0,452
07/09/2020,BNA,TN,ASO,ES,Combined TRACON& Tower with Radar,366,47,40,3,456,0,0,41,13,54,366,47,81,16,510,0,0,0,510
07/10/2020,BNA,TN,ASO,ES,Combined TRACON& Tower with Radar,355,49,53,5,462,0,2,38,1,41,355,51,91,6,503,0,0,0,503
07/11/2020,BNA,TN,ASO,ES,Combined TRACON& Tower with Radar,306,25,20,3,354,0,1,47,10,58,306,26,67,13,412,0,0,0,412
07/12/2020,BNA,TN,ASO,ES,Combined TRACON& Tower with Radar,357,54,35,0,446,0,0,5,1,6,357,54,40,1,452,0,0,0,452
07/13/2020,BNA,TN,ASO,ES,Combined TRACON& Tower with Radar,359,39,42,0,440,0,1,43,11,55,359,40,85,11,495,0,0,0,495
07/14/2020,BNA,TN,ASO,ES,Combined TRACON& Tower with Radar,317,50,34,8,409,0,4,47,10,61,317,54,81,18,470,0,0,0,470
07/15/2020,BNA,TN,ASO,ES,Combined TRACON& Tower with Radar,316,48,56,4,424,0,0,54,10,64,316,48,110,14,488,0,0,0,488
07/16/2020,BNA,TN,ASO,ES,Combined TRACON& Tower with Radar,367,52,41,8,468,0,0,37,12,49,367,52,78,20,517,0,0,0,517
07/17/2020,BNA,TN,ASO,ES,Combined TRACON& Tower with Radar,363,39,36,0,438,0,2,37,2,41,363,41,73,2,479,0,0,0,479
07/18/2020,BNA,TN,ASO,ES,Combined TRACON& Tower with Radar,316,35,29,0,380,0,1,38,4,43,316,36,67,4,423,0,0,0,423
07/19/2020,BNA,TN,ASO,ES,Combined TRACON& Tower with Radar,364,37,22,0,423,0,0,26,0,26,364,37,48,0,449,0,0,0,449
07/20/2020,BNA,TN,ASO,ES,Combined TRACON& Tower with Radar,364,46,28,3,441,0,2,31,11,44,364,48,59,14,485,0,0,0,485
07/21/2020,BNA,TN,ASO,ES,Combined TRACON& Tower with Radar,321,35,30,1,387,0,0,37,7,44,321,35,67,8,431,0,0,0,431
07/22/2020,BNA,TN,ASO,ES,Combined TRACON& Tower with Radar,314,45,39,2,400,0,1,18,3,22,314,46,57,5,422,0,0,0,422
07/23/2020,BNA,TN,ASO,ES,Combined TRACON& Tower with Radar,365,50,38,0,453,0,3,31,18,52,365,53,69,18,505,0,0,0,505
07/24/2020,BNA,TN,ASO,ES,Combined TRACON& Tower with Radar,358,55,36,2,451,0,0,25,1,26,358,55,61,3,477,0,0,0,477
07/25/2020,BNA,TN,ASO,ES,Combined TRACON& Tower with Radar,319,53,26,0,398,0,0,38,4,42,319,53,64,4,440,0,0,0,440
07/26/2020,BNA,TN,ASO,ES,Combined TRACON& Tower with Radar,351,39,20,0,410,0,1,11,5,17,351,40,31,5,427,0,0,0,427
07/27/2020,BNA,TN,ASO,ES,Combined TRACON& Tower with Radar,345,36,35,4,420,0,0,45,6,51,345,36,80,10,471,0,0,0,471
07/28/2020,BNA,TN,ASO,ES,Combined TRACON& Tower with Radar,318,53,32,4,407,0,0,43,3,46,318,53,75,7,453,0,0,0,453
07/29/2020,BNA,TN,ASO,ES,Combined TRACON& Tower with Radar,310,43,42,4,399,0,0,49,9,58,310,43,91,13,457,0,0,0,457
07/30/2020,BNA,TN,ASO,ES,Combined TRACON& Tower with Radar,355,54,25,9,443,0,2,29,5,36,355,56,54,14,479,0,0,0,479
07/31/2020,BNA,TN,ASO,ES,Combined TRACON& Tower with Radar,350,44,49,3,446,0,2,36,2,40,350,46,85,5,486,0,0,0,486
08/01/2020,BNA,TN,ASO,ES,Combined TRACON& Tower with Radar,324,41,32,4,401,0,0,22,0,22,324,41,54,4,423,0,0,0,423
08/02/2020,BNA,TN,ASO,ES,Combined TRACON& Tower with Radar,354,37,33,0,424,0,0,23,2,25,354,37,56,2,449,0,0,0,449
08/03/2020,BNA,TN,ASO,ES,Combined TRACON& Tower with Radar,364,44,33,1,442,0,0,44,3,47,364,44,77,4,489,0,0,0,489
08/04/2020,BNA,TN,ASO,ES,Combined TRACON& Tower with Radar,304,50,46,9,409,0,0,38,7,45,304,50,84,16,454,0,0,0,454
08/05/2020,BNA,TN,ASO,ES,Combined TRACON& Tower with Radar,312,49,44,3,408,0,2,57,7,66,312,51,101,10,474,0,0,0,474
08/06/2020,BNA,TN,ASO,ES,Combined TRACON& Tower with Radar,367,42,49,0,458,0,3,73,20,96,367,45,122,20,554,0,0,0,554
08/07/2020,BNA,TN,ASO,ES,Combined TRACON& Tower with Radar,363,39,51,1,454,0,8,62,13,83,363,47,113,14,537,0,0,0,537
08/08/2020,BNA,TN,ASO,ES,Combined TRACON& Tower with Radar,313,36,34,1,384,0,7,47,7,61,313,43,81,8,445,0,0,0,445
08/09/2020,BNA,TN,ASO,ES,Combined TRACON& Tower with Radar,357,44,42,4,447,0,1,29,4,34,357,45,71,8,481,0,0,0,481
08/10/2020,BNA,TN,ASO,ES,Combined TRACON& Tower with Radar,364,47,30,1,442,0,0,36,3,39,364,47,66,4,481,0,0,0,481
08/11/2020,BNA,TN,ASO,ES,Combined TRACON& Tower with Radar,336,52,53,5,446,0,0,51,9,60,336,52,104,14,506,0,0,0,506
08/12/2020,BNA,TN,ASO,ES,Combined TRACON& Tower with Radar,337,62,52,3,454,0,0,34,5,39,337,62,86,8,493,0,0,0,493
08/13/2020,BNA,TN,ASO,ES,Combined TRACON& Tower with Radar,404,62,38,2,506,0,0,22,9,31,404,62,60,11,537,0,0,0,537
08/14/2020,BNA,TN,ASO,ES,Combined TRACON& Tower with Radar,384,60,38,6,488,0,2,22,1,25,384,62,60,7,513,0,0,0,513
08/15/2020,BNA,TN,ASO,ES,Combined TRACON& Tower with Radar,344,40,33,0,417,0,3,38,0,41,344,43,71,0,458,0,0,0,458
08/16/2020,BNA,TN,ASO,ES,Combined TRACON& Tower with Radar,372,57,35,2,466,0,0,15,0,15,372,57,50,2,481,0,0,0,481
08/17/2020,BNA,TN,ASO,ES,Combined TRACON& Tower with Radar,377,41,30,2,450,0,2,57,3,62,377,43,87,5,512,0,0,0,512
08/18/2020,BNA,TN,ASO,ES,Combined TRACON& Tower with Radar,329,44,37,1,411,0,1,49,15,65,329,45,86,16,476,0,0,0,476
08/19/2020,BNA,TN,ASO,ES,Combined TRACON& Tower with Radar,337,47,58,5,447,0,2,19,4,25,337,49,77,9,472,0,0,0,472
08/20/2020,BNA,TN,ASO,ES,Combined TRACON& Tower with Radar,391,69,41,6,507,0,0,47,27,74,391,69,88,33,581,0,0,0,581
08/21/2020,BNA,TN,ASO,ES,Combined TRACON& Tower with Radar,378,40,55,0,473,0,1,11,0,12,378,41,66,0,485,0,0,0,485
08/22/2020,BNA,TN,ASO,ES,Combined TRACON& Tower with Radar,343,45,22,2,412,0,1,24,18,43,343,46,46,20,455,0,0,0,455
08/23/2020,BNA,TN,ASO,ES,Combined TRACON& Tower with Radar,369,51,43,3,466,0,4,8,7,19,369,55,51,10,485,0,0,0,485
08/24/2020,BNA,TN,ASO,ES,Combined TRACON& Tower with Radar,366,41,22,5,434,0,2,19,2,23,366,43,41,7,457,0,0,0,457
08/25/2020,BNA,TN,ASO,ES,Combined TRACON& Tower with Radar,331,45,58,7,441,0,1,59,27,87,331,46,117,34,528,0,0,0,528
08/26/2020,BNA,TN,ASO,ES,Combined TRACON& Tower with Radar,326,59,54,4,443,0,14,47,17,78,326,73,101,21,521,0,0,0,521
08/27/2020,BNA,TN,ASO,ES,Combined TRACON& Tower with Radar,388,51,60,3,502,0,0,56,4,60,388,51,116,7,562,0,0,0,562
08/28/2020,BNA,TN,ASO,ES,Combined TRACON& Tower with Radar,375,33,26,0,434,0,0,0,2,2,375,33,26,2,436,0,0,0,436
08/29/2020,BNA,TN,ASO,ES,Combined TRACON& Tower with Radar,333,49,27,4,413,0,3,28,0,31,333,52,55,4,444,0,0,0,444
08/30/2020,BNA,TN,ASO,ES,Combined TRACON& Tower with Radar,371,47,34,2,454,0,0,5,0,5,371,47,39,2,459,0,0,0,459
08/31/2020,BNA,TN,ASO,ES,Combined TRACON& Tower with Radar,366,39,48,2,455,0,0,29,1,30,366,39,77,3,485,0,0,0,485
09/01/2020,BNA,TN,ASO,ES,Combined TRACON& Tower with Radar,335,48,40,10,433,0,0,21,10,31,335,48,61,20,464,0,0,0,464
09/02/2020,BNA,TN,ASO,ES,Combined TRACON& Tower with Radar,332,57,62,8,459,0,3,33,0,36,332,60,95,8,495,0,0,0,495
09/03/2020,BNA,TN,ASO,ES,Combined TRACON& Tower with Radar,398,53,60,2,513,0,0,37,18,55,398,53,97,20,568,0,0,0,568
09/04/2020,BNA,TN,ASO,ES,Combined TRACON& Tower with Radar,380,72,48,2,502,0,2,18,2,22,380,74,66,4,524,0,0,0,524
09/05/2020,BNA,TN,ASO,ES,Combined TRACON& Tower with Radar,319,35,19,0,373,0,5,59,2,66,319,40,78,2,439,0,0,0,439
09/06/2020,BNA,TN,ASO,ES,Combined TRACON& Tower with Radar,312,41,28,0,381,0,0,31,0,31,312,41,59,0,412,0,0,0,412
09/07/2020,BNA,TN,ASO,ES,Combined TRACON& Tower with Radar,332,73,35,0,440,0,4,66,1,71,332,77,101,1,511,0,0,0,511
09/08/2020,BNA,TN,ASO,ES,Combined TRACON& Tower with Radar,283,69,47,13,412,0,0,56,26,82,283,69,103,39,494,0,0,0,494
09/09/2020,BNA,TN,ASO,ES,Combined TRACON& Tower with Radar,277,60,55,2,394,0,2,40,11,53,277,62,95,13,447,0,0,0,447
09/10/2020,BNA,TN,ASO,ES,Combined TRACON& Tower with Radar,329,64,57,5,455,0,0,52,19,71,329,64,109,24,526,0,0,0,526
09/11/2020,BNA,TN,ASO,ES,Combined TRACON& Tower with Radar,318,62,46,9,435,0,3,41,19,63,318,65,87,28,498,0,0,0,498
09/12/2020,BNA,TN,ASO,ES,Combined TRACON& Tower with Radar,286,45,24,2,357,0,0,19,4,23,286,45,43,6,380,0,0,0,380
09/13/2020,BNA,TN,ASO,ES,Combined TRACON& Tower with Radar,314,53,30,0,397,0,0,3,1,4,314,53,33,1,401,0,0,0,401
09/14/2020,BNA,TN,ASO,ES,Combined TRACON& Tower with Radar,310,67,48,9,434,0,1,21,2,24,310,68,69,11,458,0,0,0,458
09/15/2020,BNA,TN,ASO,ES,Combined TRACON& Tower with Radar,259,47,55,4,365,0,0,42,15,57,259,47,97,19,422,0,0,0,422
09/16/2020,BNA,TN,ASO,ES,Combined TRACON& Tower with Radar,267,79,62,1,409,0,4,55,2,61,267,83,117,3,470,0,0,0,470
09/17/2020,BNA,TN,ASO,ES,Combined TRACON& Tower with Radar,332,71,49,0,452,0,0,40,7,47,332,71,89,7,499,0,0,0,499
09/18/2020,BNA,TN,ASO,ES,Combined TRACON& Tower with Radar,318,79,62,8,467,0,0,52,3,55,318,79,114,11,522,0,0,0,522
09/19/2020,BNA,TN,ASO,ES,Combined TRACON& Tower with Radar,287,50,36,5,378,0,0,65,3,68,287,50,101,8,446,0,0,0,446
09/20/2020,BNA,TN,ASO,ES,Combined TRACON& Tower with Radar,321,75,42,3,441,0,3,22,0,25,321,78,64,3,466,0,0,0,466
09/21/2020,BNA,TN,ASO,ES,Combined TRACON& Tower with Radar,313,58,48,1,420,0,0,51,0,51,313,58,99,1,471,0,0,0,471
09/22/2020,BNA,TN,ASO,ES,Combined TRACON& Tower with Radar,270,53,55,6,384,0,0,52,8,60,270,53,107,14,444,0,0,0,444
09/23/2020,BNA,TN,ASO,ES,Combined TRACON& Tower with Radar,288,56,66,1,411,0,0,42,5,47,288,56,108,6,458,0,0,0,458
09/24/2020,BNA,TN,ASO,ES,Combined TRACON& Tower with Radar,336,70,66,0,472,0,0,8,0,8,336,70,74,0,480,0,0,0,480
09/25/2020,BNA,TN,ASO,ES,Combined TRACON& Tower with Radar,328,70,58,9,465,0,1,14,0,15,328,71,72,9,480,0,0,0,480
09/26/2020,BNA,TN,ASO,ES,Combined TRACON& Tower with Radar,285,41,42,0,368,0,0,40,1,41,285,41,82,1,409,0,0,0,409
09/27/2020,BNA,TN,ASO,ES,Combined TRACON& Tower with Radar,324,62,53,2,441,0,0,20,2,22,324,62,73,4,463,0,0,0,463
09/28/2020,BNA,TN,ASO,ES,Combined TRACON& Tower with Radar,315,46,44,0,405,0,3,9,0,12,315,49,53,0,417,0,0,0,417
09/29/2020,BNA,TN,ASO,ES,Combined TRACON& Tower with Radar,277,55,63,5,400,0,1,59,0,60,277,56,122,5,460,0,0,0,460
09/30/2020,BNA,TN,ASO,ES,Combined TRACON& Tower with Radar,287,75,61,0,423,0,2,58,4,64,287,77,119,4,487,0,0,0,487
10/01/2020,BNA,TN,ASO,ES,Combined TRACON& Tower with Radar,340,61,60,5,466,0,3,64,1,68,340,64,124,6,534,0,0,0,534
10/02/2020,BNA,TN,ASO,ES,Combined TRACON& Tower with Radar,325,71,53,4,453,0,4,62,4,70,325,75,115,8,523,0,0,0,523
10/03/2020,BNA,TN,ASO,ES,Combined TRACON& Tower with Radar,296,59,23,0,378,0,3,52,2,57,296,62,75,2,435,0,0,0,435
10/04/2020,BNA,TN,ASO,ES,Combined TRACON& Tower with Radar,327,71,62,3,463,0,5,9,4,18,327,76,71,7,481,0,0,0,481
10/05/2020,BNA,TN,ASO,ES,Combined TRACON& Tower with Radar,327,60,42,3,432,0,7,40,11,58,327,67,82,14,490,0,0,0,490
10/06/2020,BNA,TN,ASO,ES,Combined TRACON& Tower with Radar,275,58,36,0,369,0,1,48,8,57,275,59,84,8,426,0,0,0,426
10/07/2020,BNA,TN,ASO,ES,Combined TRACON& Tower with Radar,284,67,62,7,420,0,0,48,10,58,284,67,110,17,478,0,0,0,478
10/08/2020,BNA,TN,ASO,ES,Combined TRACON& Tower with Radar,390,86,58,9,543,0,2,55,8,65,390,88,113,17,608,0,0,0,608
10/09/2020,BNA,TN,ASO,ES,Combined TRACON& Tower with Radar,369,57,52,3,481,0,3,38,1,42,369,60,90,4,523,0,0,0,523
10/10/2020,BNA,TN,ASO,ES,Combined TRACON& Tower with Radar,339,44,24,2,409,0,0,6,0,6,339,44,30,2,415,0,0,0,415
10/11/2020,BNA,TN,ASO,ES,Combined TRACON& Tower with Radar,387,69,40,1,497,0,0,2,0,2,387,69,42,1,499,0,0,0,499
10/12/2020,BNA,TN,ASO,ES,Combined TRACON& Tower with Radar,379,60,44,2,485,0,1,26,0,27,379,61,70,2,512,0,0,0,512
10/13/2020,BNA,TN,ASO,ES,Combined TRACON& Tower with Radar,280,60,56,2,398,0,0,52,0,52,280,60,108,2,450,0,0,0,450
10/14/2020,BNA,TN,ASO,ES,Combined TRACON& Tower with Radar,292,90,83,6,471,0,1,45,0,46,292,91,128,6,517,0,0,0,517
10/15/2020,BNA,TN,ASO,ES,Combined TRACON& Tower with Radar,373,73,44,4,494,0,1,36,6,43,373,74,80,10,537,0,0,0,537
10/16/2020,BNA,TN,ASO,ES,Combined TRACON& Tower with Radar,366,56,66,5,493,0,1,53,2,56,366,57,119,7,549,0,0,0,549
10/17/2020,BNA,TN,ASO,ES,Combined TRACON& Tower with Radar,317,43,28,6,394,0,1,76,7,84,317,44,104,13,478,0,0,0,478
10/18/2020,BNA,TN,ASO,ES,Combined TRACON& Tower with Radar,372,93,71,6,542,0,1,9,0,10,372,94,80,6,552,0,0,0,552
10/19/2020,BNA,TN,ASO,ES,Combined TRACON& Tower with Radar,351,59,51,10,471,0,2,39,4,45,351,61,90,14,516,0,0,0,516
10/20/2020,BNA,TN,ASO,ES,Combined TRACON& Tower with Radar,274,49,68,6,397,0,0,53,23,76,274,49,121,29,473,0,0,0,473
10/21/2020,BNA,TN,ASO,ES,Combined TRACON& Tower with Radar,283,72,80,5,440,0,2,25,0,27,283,74,105,5,467,0,0,0,467
10/22/2020,BNA,TN,ASO,ES,Combined TRACON& Tower with Radar,351,61,43,5,460,0,0,21,1,22,351,61,64,6,482,0,0,0,482
10/23/2020,BNA,TN,ASO,ES,Combined TRACON& Tower with Radar,339,66,69,8,482,0,2,37,2,41,339,68,106,10,523,0,0,0,523
10/24/2020,BNA,TN,ASO,ES,Combined TRACON& Tower with Radar,278,41,29,0,348,0,0,2,0,2,278,41,31,0,350,0,0,0,350
10/25/2020,BNA,TN,ASO,ES,Combined TRACON& Tower with Radar,333,71,71,1,476,0,0,2,0,2,333,71,73,1,478,0,0,0,478
10/26/2020,BNA,TN,ASO,ES,Combined TRACON& Tower with Radar,325,44,56,3,428,0,0,0,0,0,325,44,56,3,428,0,0,0,428
10/27/2020,BNA,TN,ASO,ES,Combined TRACON& Tower with Radar,262,61,66,4,393,0,0,7,0,7,262,61,73,4,400,0,0,0,400
10/28/2020,BNA,TN,ASO,ES,Combined TRACON& Tower with Radar,265,63,40,1,369,0,0,0,0,0,265,63,40,1,369,0,0,0,369
10/29/2020,BNA,TN,ASO,ES,Combined TRACON& Tower with Radar,320,59,55,1,435,0,0,5,2,7,320,59,60,3,442,0,0,0,442
10/30/2020,BNA,TN,ASO,ES,Combined TRACON& Tower with Radar,312,61,74,4,451,0,2,38,0,40,312,63,112,4,491,0,0,0,491
10/31/2020,BNA,TN,ASO,ES,Combined TRACON& Tower with Radar,237,28,27,3,295,0,9,64,0,73,237,37,91,3,368,0,0,0,368
11/01/2020,BNA,TN,ASO,ES,Combined TRACON& Tower with Radar,298,40,52,0,390,0,4,9,0,13,298,44,61,0,403,0,0,0,403
11/02/2020,BNA,TN,ASO,ES,Combined TRACON& Tower with Radar,320,55,46,9,430,0,2,41,9,52,320,57,87,18,482,0,0,0,482
11/03/2020,BNA,TN,ASO,ES,Combined TRACON& Tower with Radar,245,51,37,0,333,0,4,42,3,49,245,55,79,3,382,0,0,0,382
11/04/2020,BNA,TN,ASO,ES,Combined TRACON& Tower with Radar,250,52,47,5,354,0,0,33,7,40,250,52,80,12,394,0,0,0,394
11/05/2020,BNA,TN,ASO,ES,Combined TRACON& Tower with Radar,371,62,78,4,515,0,2,34,6,42,371,64,112,10,557,0,0,0,557
11/06/2020,BNA,TN,ASO,ES,Combined TRACON& Tower with Radar,358,69,55,5,487,0,2,46,26,74,358,71,101,31,561,0,0,0,561
11/07/2020,BNA,TN,ASO,ES,Combined TRACON& Tower with Radar,243,54,26,5,328,0,0,54,18,72,243,54,80,23,400,0,0,0,400
11/08/2020,BNA,TN,ASO,ES,Combined TRACON& Tower with Radar,379,59,57,4,499,0,1,15,10,26,379,60,72,14,525,0,0,0,525
11/09/2020,BNA,TN,ASO,ES,Combined TRACON& Tower with Radar,384,61,44,0,489,0,0,43,0,43,384,61,87,0,532,0,0,0,532
11/10/2020,BNA,TN,ASO,ES,Combined TRACON& Tower with Radar,244,52,71,3,370,0,0,23,0,23,244,52,94,3,393,0,0,0,393
11/11/2020,BNA,TN,ASO,ES,Combined TRACON& Tower with Radar,256,49,44,2,351,0,0,9,0,9,256,49,53,2,360,0,0,0,360
11/12/2020,BNA,TN,ASO,ES,Combined TRACON& Tower with Radar,383,62,78,7,530,0,1,56,15,72,383,63,134,22,602,0,0,0,602
11/13/2020,BNA,TN,ASO,ES,Combined TRACON& Tower with Radar,365,54,56,11,486,0,7,44,9,60,365,61,100,20,546,0,0,0,546
11/14/2020,BNA,TN,ASO,ES,Combined TRACON& Tower with Radar,240,40,51,4,335,0,4,38,0,42,240,44,89,4,377,0,0,0,377
11/15/2020,BNA,TN,ASO,ES,Combined TRACON& Tower with Radar,377,62,41,6,486,0,0,3,0,3,377,62,44,6,489,0,0,0,489
11/16/2020,BNA,TN,ASO,ES,Combined TRACON& Tower with Radar,368,53,45,5,471,0,3,34,4,41,368,56,79,9,512,0,0,0,512
11/17/2020,BNA,TN,ASO,ES,Combined TRACON& Tower with Radar,242,47,56,0,345,0,0,47,8,55,242,47,103,8,400,0,0,0,400
11/18/2020,BNA,TN,ASO,ES,Combined TRACON& Tower with Radar,264,45,45,5,359,0,3,40,0,43,264,48,85,5,402,0,0,0,402
11/19/2020,BNA,TN,ASO,ES,Combined TRACON& Tower with Radar,381,50,52,0,483,0,1,51,11,63,381,51,103,11,546,0,0,0,546
11/20/2020,BNA,TN,ASO,ES,Combined TRACON& Tower with Radar,372,67,63,7,509,0,2,73,7,82,372,69,136,14,591,0,0,0,591
11/21/2020,BNA,TN,ASO,ES,Combined TRACON& Tower with Radar,339,68,46,4,457,0,1,48,10,59,339,69,94,14,516,0,0,0,516
11/22/2020,BNA,TN,ASO,ES,Combined TRACON& Tower with Radar,383,51,38,6,478,0,0,2,3,5,383,51,40,9,483,0,0,0,483
11/23/2020,BNA,TN,ASO,ES,Combined TRACON& Tower with Radar,352,54,40,2,448,0,4,29,0,33,352,58,69,2,481,0,0,0,481
11/24/2020,BNA,TN,ASO,ES,Combined TRACON& Tower with Radar,374,59,49,8,490,0,1,48,2,51,374,60,97,10,541,0,0,0,541
11/25/2020,BNA,TN,ASO,ES,Combined TRACON& Tower with Radar,393,58,52,0,503,0,3,0,0,3,393,61,52,0,506,0,0,0,506
11/26/2020,BNA,TN,ASO,ES,Combined TRACON& Tower with Radar,207,31,7,0,245,0,0,5,0,5,207,31,12,0,250,0,0,0,250
11/27/2020,BNA,TN,ASO,ES,Combined TRACON& Tower with Radar,330,40,32,0,402,0,0,26,0,26,330,40,58,0,428,0,0,0,428
11/28/2020,BNA,TN,ASO,ES,Combined TRACON& Tower with Radar,370,58,44,0,472,0,2,24,0,26,370,60,68,0,498,0,0,0,498
11/29/2020,BNA,TN,ASO,ES,Combined TRACON& Tower with Radar,379,84,79,0,542,0,0,8,0,8,379,84,87,0,550,0,0,0,550
11/30/2020,BNA,TN,ASO,ES,Combined TRACON& Tower with Radar,379,43,38,0,460,0,0,0,0,0,379,43,38,0,460,0,0,0,460
12/01/2020,BNA,TN,ASO,ES,Combined TRACON& Tower with Radar,338,59,47,3,447,1,2,36,4,43,339,61,83,7,490,0,0,0,490
12/02/2020,BNA,TN,ASO,ES,Combined TRACON& Tower with Radar,244,62,63,4,373,0,0,47,9,56,244,62,110,13,429,0,0,0,429
12/03/2020,BNA,TN,ASO,ES,Combined TRACON& Tower with Radar,294,48,41,2,385,0,0,36,20,56,294,48,77,22,441,0,0,0,441
12/04/2020,BNA,TN,ASO,ES,Combined TRACON& Tower with Radar,283,47,59,3,392,0,0,1,0,1,283,47,60,3,393,0,0,0,393
12/05/2020,BNA,TN,ASO,ES,Combined TRACON& Tower with Radar,211,49,33,1,294,0,0,44,2,46,211,49,77,3,340,0,0,0,340
12/06/2020,BNA,TN,ASO,ES,Combined TRACON& Tower with Radar,275,58,62,0,395,0,1,20,2,23,275,59,82,2,418,0,0,0,418
12/07/2020,BNA,TN,ASO,ES,Combined TRACON& Tower with Radar,278,50,38,5,371,0,1,43,0,44,278,51,81,5,415,0,0,0,415
12/08/2020,BNA,TN,ASO,ES,Combined TRACON& Tower with Radar,231,57,31,3,322,0,2,47,14,63,231,59,78,17,385,0,0,0,385
12/09/2020,BNA,TN,ASO,ES,Combined TRACON& Tower with Radar,239,66,71,6,382,0,4,51,3,58,239,70,122,9,440,0,0,0,440
12/10/2020,BNA,TN,ASO,ES,Combined TRACON& Tower with Radar,282,66,43,8,399,0,5,56,24,85,282,71,99,32,484,0,0,0,484
12/11/2020,BNA,TN,ASO,ES,Combined TRACON& Tower with Radar,288,55,45,6,394,0,0,53,2,55,288,55,98,8,449,0,0,0,449
12/12/2020,BNA,TN,ASO,ES,Combined TRACON& Tower with Radar,213,31,35,0,279,0,0,9,0,9,213,31,44,0,288,0,0,0,288
12/13/2020,BNA,TN,ASO,ES,Combined TRACON& Tower with Radar,280,42,41,1,364,0,0,16,0,16,280,42,57,1,380,0,0,0,380
12/14/2020,BNA,TN,ASO,ES,Combined TRACON& Tower with Radar,278,69,37,1,385,0,0,0,0,0,278,69,37,1,385,0,0,0,385
12/15/2020,BNA,TN,ASO,ES,Combined TRACON& Tower with Radar,233,63,58,0,354,0,2,55,20,77,233,65,113,20,431,0,0,0,431
12/16/2020,BNA,TN,ASO,ES,Combined TRACON& Tower with Radar,240,55,46,0,341,0,0,0,0,0,240,55,46,0,341,0,0,0,341
12/17/2020,BNA,TN,ASO,ES,Combined TRACON& Tower with Radar,348,59,61,7,475,0,0,54,12,66,348,59,115,19,541,0,0,0,541
12/18/2020,BNA,TN,ASO,ES,Combined TRACON& Tower with Radar,368,64,51,4,487,0,2,51,0,53,368,66,102,4,540,0,0,0,540
12/19/2020,BNA,TN,ASO,ES,Combined TRACON& Tower with Radar,353,49,56,0,458,0,0,36,0,36,353,49,92,0,494,0,0,0,494
12/20/2020,BNA,TN,ASO,ES,Combined TRACON& Tower with Radar,358,52,68,0,478,0,0,6,1,7,358,52,74,1,485,0,0,0,485
12/21/2020,BNA,TN,ASO,ES,Combined TRACON& Tower with Radar,361,68,43,2,474,0,5,28,1,34,361,73,71,3,508,0,0,0,508
12/22/2020,BNA,TN,ASO,ES,Combined TRACON& Tower with Radar,362,64,36,9,471,0,2,49,1,52,362,66,85,10,523,0,0,0,523
12/23/2020,BNA,TN,ASO,ES,Combined TRACON& Tower with Radar,385,45,47,0,477,0,1,14,0,15,385,46,61,0,492,0,0,0,492
12/24/2020,BNA,TN,ASO,ES,Combined TRACON& Tower with Radar,263,37,14,0,314,0,0,11,0,11,263,37,25,0,325,0,0,0,325
12/25/2020,BNA,TN,ASO,ES,Combined TRACON& Tower with Radar,227,43,15,0,285,0,1,14,0,15,227,44,29,0,300,0,0,0,300
12/26/2020,BNA,TN,ASO,ES,Combined TRACON& Tower with Radar,358,74,44,0,476,0,3,30,0,33,358,77,74,0,509,0,0,0,509
12/27/2020,BNA,TN,ASO,ES,Combined TRACON& Tower with Radar,373,70,44,0,487,0,0,10,0,10,373,70,54,0,497,0,0,0,497
12/28/2020,BNA,TN,ASO,ES,Combined TRACON& Tower with Radar,366,68,35,0,469,0,1,30,0,31,366,69,65,0,500,0,0,0,500
12/29/2020,BNA,TN,ASO,ES,Combined TRACON& Tower with Radar,356,47,39,2,444,0,1,32,2,35,356,48,71,4,479,0,0,0,479
12/30/2020,BNA,TN,ASO,ES,Combined TRACON& Tower with Radar,384,65,44,0,493,0,0,8,0,8,384,65,52,0,501,0,0,0,501
12/31/2020,BNA,TN,ASO,ES,Combined TRACON& Tower with Radar,258,54,19,0,331,0,0,0,0,0,258,54,19,0,331,0,0,0,331
01/01/2021,BNA,TN,ASO,ES,Combined TRACON& Tower with Radar,244,41,26,0,311,0,0,1,0,1,244,41,27,0,312,0,0,0,312
01/02/2021,BNA,TN,ASO,ES,Combined TRACON& Tower with Radar,362,81,62,0,505,0,0,5,0,5,362,81,67,0,510,0,0,0,510
01/03/2021,BNA,TN,ASO,ES,Combined TRACON& Tower with Radar,379,75,67,0,521,0,2,17,0,19,379,77,84,0,540,0,0,0,540
01/04/2021,BNA,TN,ASO,ES,Combined TRACON& Tower with Radar,362,53,59,2,476,0,0,45,0,45,362,53,104,2,521,0,0,0,521
01/05/2021,BNA,TN,ASO,ES,Combined TRACON& Tower with Radar,296,51,44,4,395,0,0,35,2,37,296,51,79,6,432,0,0,0,432
01/06/2021,BNA,TN,ASO,ES,Combined TRACON& Tower with Radar,287,44,47,6,384,0,2,46,0,48,287,46,93,6,432,0,0,0,432
01/07/2021,BNA,TN,ASO,ES,Combined TRACON& Tower with Radar,295,49,24,7,375,0,0,28,9,37,295,49,52,16,412,0,0,0,412
01/08/2021,BNA,TN,ASO,ES,Combined TRACON& Tower with Radar,279,54,36,3,372,0,0,3,6,9,279,54,39,9,381,0,0,0,381
01/09/2021,BNA,TN,ASO,ES,Combined TRACON& Tower with Radar,204,60,22,4,290,0,2,6,1,9,204,62,28,5,299,0,0,0,299
01/10/2021,BNA,TN,ASO,ES,Combined TRACON& Tower with Radar,272,52,63,2,389,0,4,19,4,27,272,56,82,6,416,0,0,0,416
01/11/2021,BNA,TN,ASO,ES,Combined TRACON& Tower with Radar,280,47,36,0,363,0,0,3,1,4,280,47,39,1,367,0,0,0,367
01/12/2021,BNA,TN,ASO,ES,Combined TRACON& Tower with Radar,244,48,50,9,351,0,0,33,4,37,244,48,83,13,388,0,0,0,388
01/13/2021,BNA,TN,ASO,ES,Combined TRACON& Tower with Radar,248,57,44,3,352,0,6,60,3,69,248,63,104,6,421,0,0,0,421
01/14/2021,BNA,TN,ASO,ES,Combined TRACON& Tower with Radar,296,87,43,2,428,0,0,64,10,74,296,87,107,12,502,0,0,0,502
01/15/2021,BNA,TN,ASO,ES,Combined TRACON& Tower with Radar,287,62,47,1,397,0,3,27,3,33,287,65,74,4,430,0,0,0,430
01/16/2021,BNA,TN,ASO,ES,Combined TRACON& Tower with Radar,204,46,29,1,280,0,1,9,0,10,204,47,38,1,290,0,0,0,290
01/17/2021,BNA,TN,ASO,ES,Combined TRACON& Tower with Radar,265,46,31,0,342,1,0,11,0,12,266,46,42,0,354,0,0,0,354
01/18/2021,BNA,TN,ASO,ES,Combined TRACON& Tower with Radar,286,65,61,0,412,0,0,33,0,33,286,65,94,0,445,0,0,0,445
01/19/2021,BNA,TN,ASO,ES,Combined TRACON& Tower with Radar,249,50,44,3,346,0,0,47,2,49,249,50,91,5,395,0,0,0,395
01/20/2021,BNA,TN,ASO,ES,Combined TRACON& Tower with Radar,248,53,48,1,350,0,3,63,2,68,248,56,111,3,418,0,0,0,418
01/21/2021,BNA,TN,ASO,ES,Combined TRACON& Tower with Radar,296,57,51,1,405,0,0,3,5,8,296,57,54,6,413,0,0,0,413
01/22/2021,BNA,TN,ASO,ES,Combined TRACON& Tower with Radar,284,57,71,11,423,0,2,40,10,52,284,59,111,21,475,0,0,0,475
01/23/2021,BNA,TN,ASO,ES,Combined TRACON& Tower with Radar,205,47,29,7,288,0,2,72,5,79,205,49,101,12,367,0,0,0,367
01/24/2021,BNA,TN,ASO,ES,Combined TRACON& Tower with Radar,282,57,54,8,401,0,0,6,7,13,282,57,60,15,414,0,0,0,414
01/25/2021,BNA,TN,ASO,ES,Combined TRACON& Tower with Radar,291,48,48,3,390,0,0,1,0,1,291,48,49,3,391,0,0,0,391
01/26/2021,BNA,TN,ASO,ES,Combined TRACON& Tower with Radar,244,51,39,6,340,0,1,41,9,51,244,52,80,15,391,0,0,0,391
01/27/2021,BNA,TN,ASO,ES,Combined TRACON& Tower with Radar,254,57,47,1,359,0,0,17,0,17,254,57,64,1,376,0,0,0,376
01/28/2021,BNA,TN,ASO,ES,Combined TRACON& Tower with Radar,290,55,69,6,420,0,0,56,2,58,290,55,125,8,478,0,0,0,478
01/29/2021,BNA,TN,ASO,ES,Combined TRACON& Tower with Radar,286,66,65,4,421,0,8,50,0,58,286,74,115,4,479,0,0,0,479
01/30/2021,BNA,TN,ASO,ES,Combined TRACON& Tower with Radar,198,48,24,1,271,0,1,33,4,38,198,49,57,5,309,0,0,0,309
01/31/2021,BNA,TN,ASO,ES,Combined TRACON& Tower with Radar,270,62,41,1,374,0,0,5,0,5,270,62,46,1,379,0,0,0,379
02/01/2021,BNA,TN,ASO,ES,Combined TRACON& Tower with Radar,263,31,50,2,346,0,0,0,0,0,263,31,50,2,346,0,0,0,346
02/02/2021,BNA,TN,ASO,ES,Combined TRACON& Tower with Radar,236,49,54,2,341,0,4,40,4,48,236,53,94,6,389,0,0,0,389
02/03/2021,BNA,TN,ASO,ES,Combined TRACON& Tower with Radar,244,63,69,0,376,0,0,54,2,56,244,63,123,2,432,0,0,0,432
02/04/2021,BNA,TN,ASO,ES,Combined TRACON& Tower with Radar,291,56,42,0,389,0,0,28,2,30,291,56,70,2,419,0,0,0,419
02/05/2021,BNA,TN,ASO,ES,Combined TRACON& Tower with Radar,288,63,52,7,410,0,3,60,9,72,288,66,112,16,482,0,0,0,482
02/06/2021,BNA,TN,ASO,ES,Combined TRACON& Tower with Radar,207,46,28,0,281,0,3,56,2,61,207,49,84,2,342,0,0,0,342
02/07/2021,BNA,TN,ASO,ES,Combined TRACON& Tower with Radar,265,55,28,8,356,0,0,6,3,9,265,55,34,11,365,0,0,0,365
02/08/2021,BNA,TN,ASO,ES,Combined TRACON& Tower with Radar,283,50,47,2,382,0,2,45,1,48,283,52,92,3,430,0,0,0,430
02/09/2021,BNA,TN,ASO,ES,Combined TRACON& Tower with Radar,240,43,44,7,334,0,0,40,0,40,240,43,84,7,374,0,0,0,374
02/10/2021,BNA,TN,ASO,ES,Combined TRACON& Tower with Radar,250,63,49,4,366,0,0,9,0,9,250,63,58,4,375,0,0,0,375
02/11/2021,BNA,TN,ASO,ES,Combined TRACON& Tower with Radar,298,78,65,0,441,0,0,0,0,0,298,78,65,0,441,0,0,0,441
02/12/2021,BNA,TN,ASO,ES,Combined TRACON& Tower with Radar,311,80,75,2,468,0,0,2,0,2,311,80,77,2,470,0,0,0,470
02/13/2021,BNA,TN,ASO,ES,Combined TRACON& Tower with Radar,216,46,31,0,293,0,0,0,0,0,216,46,31,0,293,0,0,0,293
02/14/2021,BNA,TN,ASO,ES,Combined TRACON& Tower with Radar,212,35,39,0,286,0,0,0,0,0,212,35,39,0,286,0,0,0,286
02/15/2021,BNA,TN,ASO,ES,Combined TRACON& Tower with Radar,21,12,10,0,43,0,0,0,0,0,21,12,10,0,43,0,0,0,43
02/16/2021,BNA,TN,ASO,ES,Combined TRACON& Tower with Radar,62,16,20,0,98,0,0,0,0,0,62,16,20,0,98,0,0,0,98
02/17/2021,BNA,TN,ASO,ES,Combined TRACON& Tower with Radar,66,39,38,0,143,0,0,2,0,2,66,39,40,0,145,0,0,0,145
02/18/2021,BNA,TN,ASO,ES,Combined TRACON& Tower with Radar,146,9,4,0,159,0,0,0,0,0,146,9,4,0,159,0,0,0,159
02/19/2021,BNA,TN,ASO,ES,Combined TRACON& Tower with Radar,246,54,60,0,360,0,0,6,0,6,246,54,66,0,366,0,0,0,366
02/20/2021,BNA,TN,ASO,ES,Combined TRACON& Tower with Radar,226,52,31,0,309,0,2,22,0,24,226,54,53,0,333,0,0,0,333
02/21/2021,BNA,TN,ASO,ES,Combined TRACON& Tower with Radar,306,58,48,0,412,0,2,6,0,8,306,60,54,0,420,0,0,0,420
02/22/2021,BNA,TN,ASO,ES,Combined TRACON& Tower with Radar,313,51,51,3,418,0,0,31,3,34,313,51,82,6,452,0,0,0,452
02/23/2021,BNA,TN,ASO,ES,Combined TRACON& Tower with Radar,269,69,79,5,422,0,3,64,5,72,269,72,143,10,494,0,0,0,494
02/24/2021,BNA,TN,ASO,ES,Combined TRACON& Tower with Radar,269,73,66,6,414,0,10,45,8,63,269,83,111,14,477,0,0,0,477
02/25/2021,BNA,TN,ASO,ES,Combined TRACON& Tower with Radar,325,78,80,2,485,0,6,57,6,69,325,84,137,8,554,0,0,0,554
02/26/2021,BNA,TN,ASO,ES,Combined TRACON& Tower with Radar,324,53,70,2,449,0,0,3,0,3,324,53,73,2,452,0,0,0,452
02/27/2021,BNA,TN,ASO,ES,Combined TRACON& Tower with Radar,222,53,30,0,305,0,0,1,0,1,222,53,31,0,306,0,0,0,306
02/28/2021,BNA,TN,ASO,ES,Combined TRACON& Tower with Radar,307,52,43,3,405,0,0,3,0,3,307,52,46,3,408,0,0,0,408
03/01/2021,BNA,TN,ASO,ES,Combined TRACON& Tower with Radar,310,62,63,2,437,0,0,44,0,44,310,62,107,2,481,0,0,0,481
03/02/2021,BNA,TN,ASO,ES,Combined TRACON& Tower with Radar,271,67,49,2,389,0,4,60,0,64,271,71,109,2,453,0,0,0,453
03/03/2021,BNA,TN,ASO,ES,Combined TRACON& Tower with Radar,279,68,63,4,414,1,1,61,0,63,280,69,124,4,477,0,0,0,477
03/04/2021,BNA,TN,ASO,ES,Combined TRACON& Tower with Radar,341,67,76,3,487,0,4,67,11,82,341,71,143,14,569,0,0,0,569
03/05/2021,BNA,TN,ASO,ES,Combined TRACON& Tower with Radar,331,61,56,3,451,0,10,73,6,89,331,71,129,9,540,0,0,0,540
03/06/2021,BNA,TN,ASO,ES,Combined TRACON& Tower with Radar,253,42,30,3,328,0,4,61,3,68,253,46,91,6,396,0,0,0,396
03/07/2021,BNA,TN,ASO,ES,Combined TRACON& Tower with Radar,374,54,43,3,474,0,2,24,8,34,374,56,67,11,508,0,0,0,508
03/08/2021,BNA,TN,ASO,ES,Combined TRACON& Tower with Radar,379,61,61,2,503,0,4,58,2,64,379,65,119,4,567,0,0,0,567
03/09/2021,BNA,TN,ASO,ES,Combined TRACON& Tower with Radar,295,51,62,2,410,0,2,51,6,59,295,53,113,8,469,0,0,0,469
03/10/2021,BNA,TN,ASO,ES,Combined TRACON& Tower with Radar,301,65,80,2,448,0,0,38,0,38,301,65,118,2,486,0,0,0,486
03/11/2021,BNA,TN,ASO,ES,Combined TRACON& Tower with Radar,396,82,90,6,574,0,2,38,2,42,396,84,128,8,616,0,0,0,616
03/12/2021,BNA,TN,ASO,ES,Combined TRACON& Tower with Radar,395,102,112,5,614,0,0,11,0,11,395,102,123,5,625,0,0,0,625
03/13/2021,BNA,TN,ASO,ES,Combined TRACON& Tower with Radar,332,85,55,6,478,0,0,8,0,8,332,85,63,6,486,0,0,0,486
03/14/2021,BNA,TN,ASO,ES,Combined TRACON& Tower with Radar,360,80,71,2,513,0,0,21,0,21,360,80,92,2,534,0,0,0,534
03/15/2021,BNA,TN,ASO,ES,Combined TRACON& Tower with Radar,372,57,47,2,478,0,0,10,1,11,372,57,57,3,489,0,0,0,489
03/16/2021,BNA,TN,ASO,ES,Combined TRACON& Tower with Radar,342,54,35,5,436,0,1,35,8,44,342,55,70,13,480,0,0,0,480
03/17/2021,BNA,TN,ASO,ES,Combined TRACON& Tower with Radar,341,31,36,0,408,0,0,2,0,2,341,31,38,0,410,0,0,0,410
03/18/2021,BNA,TN,ASO,ES,Combined TRACON& Tower with Radar,400,77,50,3,530,0,2,20,14,36,400,79,70,17,566,0,0,0,566
03/19/2021,BNA,TN,ASO,ES,Combined TRACON& Tower with Radar,387,64,84,6,541,0,0,24,4,28,387,64,108,10,569,0,0,0,569
03/20/2021,BNA,TN,ASO,ES,Combined TRACON& Tower with Radar,349,71,55,6,481,0,4,79,6,89,349,75,134,12,570,0,0,0,570
03/21/2021,BNA,TN,ASO,ES,Combined TRACON& Tower with Radar,379,88,68,2,537,0,6,41,4,51,379,94,109,6,588,0,0,0,588
03/22/2021,BNA,TN,ASO,ES,Combined TRACON& Tower with Radar,393,67,68,0,528,0,2,60,1,63,393,69,128,1,591,0,0,0,591
03/23/2021,BNA,TN,ASO,ES,Combined TRACON& Tower with Radar,346,60,56,0,462,0,0,5,7,12,346,60,61,7,474,0,0,0,474
03/24/2021,BNA,TN,ASO,ES,Combined TRACON& Tower with Radar,357,71,55,3,486,0,2,38,6,46,357,73,93,9,532,0,0,0,532
03/25/2021,BNA,TN,ASO,ES,Combined TRACON& Tower with Radar,392,48,38,2,480,0,0,2,0,2,392,48,40,2,482,0,0,0,482
03/26/2021,BNA,TN,ASO,ES,Combined TRACON& Tower with Radar,397,79,65,10,551,0,4,83,3,90,397,83,148,13,641,0,0,0,641
03/27/2021,BNA,TN,ASO,ES,Combined TRACON& Tower with Radar,332,42,24,2,400,0,0,10,0,10,332,42,34,2,410,0,0,0,410
03/28/2021,BNA,TN,ASO,ES,Combined TRACON& Tower with Radar,380,59,43,2,484,0,3,4,5,12,380,62,47,7,496,0,0,0,496
03/29/2021,BNA,TN,ASO,ES,Combined TRACON& Tower with Radar,399,61,44,7,511,0,2,56,1,59,399,63,100,8,570,0,0,0,570
03/30/2021,BNA,TN,ASO,ES,Combined TRACON& Tower with Radar,349,61,48,3,461,0,0,26,5,31,349,61,74,8,492,0,0,0,492
03/31/2021,BNA,TN,ASO,ES,Combined TRACON& Tower with Radar,358,61,57,7,483,0,2,8,3,13,358,63,65,10,496,0,0,0,496
04/01/2021,BNA,TN,ASO,ES,Combined TRACON& Tower with Radar,406,71,59,9,545,0,3,38,3,44,406,74,97,12,589,0,0,0,589
04/02/2021,BNA,TN,ASO,ES,Combined TRACON& Tower with Radar,403,72,58,5,538,0,5,63,0,68,403,77,121,5,606,0,0,0,606
04/03/2021,BNA,TN,ASO,ES,Combined TRACON& Tower with Radar,358,52,29,0,439,0,4,79,0,83,358,56,108,0,522,0,0,0,522
04/04/2021,BNA,TN,ASO,ES,Combined TRACON& Tower with Radar,384,53,38,0,475,0,4,17,0,21,384,57,55,0,496,0,0,0,496
04/05/2021,BNA,TN,ASO,ES,Combined TRACON& Tower with Radar,399,56,67,4,526,0,1,42,2,45,399,57,109,6,571,0,0,0,571
04/06/2021,BNA,TN,ASO,ES,Combined TRACON& Tower with Radar,353,87,76,4,520,0,0,46,18,64,353,87,122,22,584,0,0,0,584
04/07/2021,BNA,TN,ASO,ES,Combined TRACON& Tower with Radar,365,61,85,3,514,0,0,74,8,82,365,61,159,11,596,0,0,0,596
04/08/2021,BNA,TN,ASO,ES,Combined TRACON& Tower with Radar,417,68,80,5,570,0,0,25,12,37,417,68,105,17,607,0,0,0,607
04/09/2021,BNA,TN,ASO,ES,Combined TRACON& Tower with Radar,409,74,84,21,588,0,2,53,8,63,409,76,137,29,651,0,0,0,651
04/10/2021,BNA,TN,ASO,ES,Combined TRACON& Tower with Radar,363,42,36,2,443,0,0,7,0,7,363,42,43,2,450,0,0,0,450
04/11/2021,BNA,TN,ASO,ES,Combined TRACON& Tower with Radar,372,61,62,2,497,0,4,19,4,27,372,65,81,6,524,0,0,0,524
04/12/2021,BNA,TN,ASO,ES,Combined TRACON& Tower with Radar,414,77,57,12,560,0,1,42,2,45,414,78,99,14,605,0,0,0,605
04/13/2021,BNA,TN,ASO,ES,Combined TRACON& Tower with Radar,319,64,71,3,457,0,0,34,4,38,319,64,105,7,495,0,0,0,495
04/14/2021,BNA,TN,ASO,ES,Combined TRACON& Tower with Radar,327,59,63,3,452,0,5,52,4,61,327,64,115,7,513,0,0,0,513
04/15/2021,BNA,TN,ASO,ES,Combined TRACON& Tower with Radar,423,84,73,8,588,0,5,74,10,89,423,89,147,18,677,0,0,0,677
04/16/2021,BNA,TN,ASO,ES,Combined TRACON& Tower with Radar,418,66,69,14,567,0,8,59,5,72,418,74,128,19,639,0,0,0,639
04/17/2021,BNA,TN,ASO,ES,Combined TRACON& Tower with Radar,328,44,41,4,417,0,2,46,3,51,328,46,87,7,468,0,0,0,468
04/18/2021,BNA,TN,ASO,ES,Combined TRACON& Tower with Radar,409,71,77,9,566,0,1,17,8,26,409,72,94,17,592,0,0,0,592
04/19/2021,BNA,TN,ASO,ES,Combined TRACON& Tower with Radar,410,66,44,19,539,0,0,33,2,35,410,66,77,21,574,0,0,0,574
04/20/2021,BNA,TN,ASO,ES,Combined TRACON& Tower with Radar,328,69,67,5,469,0,2,36,8,46,328,71,103,13,515,0,0,0,515
04/21/2021,BNA,TN,ASO,ES,Combined TRACON& Tower with Radar,326,59,78,10,473,0,2,36,11,49,326,61,114,21,522,0,0,0,522
04/22/2021,BNA,TN,ASO,ES,Combined TRACON& Tower with Radar,430,69,70,8,577,0,2,47,9,58,430,71,117,17,635,0,0,0,635
04/23/2021,BNA,TN,ASO,ES,Combined TRACON& Tower with Radar,424,65,78,10,577,0,1,56,7,64,424,66,134,17,641,0,0,0,641
04/24/2021,BNA,TN,ASO,ES,Combined TRACON& Tower with Radar,343,37,27,4,411,0,0,16,0,16,343,37,43,4,427,0,0,0,427
04/25/2021,BNA,TN,ASO,ES,Combined TRACON& Tower with Radar,410,81,93,8,592,0,3,43,4,50,410,84,136,12,642,0,0,0,642
04/26/2021,BNA,TN,ASO,ES,Combined TRACON& Tower with Radar,418,64,64,5,551,0,0,51,2,53,418,64,115,7,604,0,0,0,604
04/27/2021,BNA,TN,ASO,ES,Combined TRACON& Tower with Radar,332,68,67,4,471,0,5,47,10,62,332,73,114,14,533,0,0,0,533
04/28/2021,BNA,TN,ASO,ES,Combined TRACON& Tower with Radar,331,92,80,2,505,0,0,9,4,13,331,92,89,6,518,0,0,0,518
04/29/2021,BNA,TN,ASO,ES,Combined TRACON& Tower with Radar,430,90,75,3,598,0,0,4,0,4,430,90,79,3,602,0,0,0,602
04/30/2021,BNA,TN,ASO,ES,Combined TRACON& Tower with Radar,413,80,84,8,585,0,3,58,15,76,413,83,142,23,661,0,0,0,661
05/01/2021,BNA,TN,ASO,ES,Combined TRACON& Tower with Radar,332,50,46,6,434,0,4,66,7,77,332,54,112,13,511,0,0,0,511
05/02/2021,BNA,TN,ASO,ES,Combined TRACON& Tower with Radar,417,80,67,3,567,0,0,12,2,14,417,80,79,5,581,0,0,0,581
05/03/2021,BNA,TN,ASO,ES,Combined TRACON& Tower with Radar,425,55,62,6,548,0,2,10,2,14,425,57,72,8,562,0,0,0,562
05/04/2021,BNA,TN,ASO,ES,Combined TRACON& Tower with Radar,301,44,57,0,402,0,0,2,0,2,301,44,59,0,404,0,0,0,404
05/05/2021,BNA,TN,ASO,ES,Combined TRACON& Tower with Radar,342,69,78,6,495,0,2,29,10,41,342,71,107,16,536,0,0,0,536
05/06/2021,BNA,TN,ASO,ES,Combined TRACON& Tower with Radar,450,67,85,3,605,0,2,43,22,67,450,69,128,25,672,0,0,0,672
05/07/2021,BNA,TN,ASO,ES,Combined TRACON& Tower with Radar,458,63,79,13,613,0,1,74,5,80,458,64,153,18,693,0,0,0,693
05/08/2021,BNA,TN,ASO,ES,Combined TRACON& Tower with Radar,363,38,68,7,476,0,0,57,0,57,363,38,125,7,533,0,0,0,533
05/09/2021,BNA,TN,ASO,ES,Combined TRACON& Tower with Radar,451,44,56,7,558,0,0,4,0,4,451,44,60,7,562,0,0,0,562
05/10/2021,BNA,TN,ASO,ES,Combined TRACON& Tower with Radar,457,50,76,9,592,0,0,14,3,17,457,50,90,12,609,0,0,0,609
05/11/2021,BNA,TN,ASO,ES,Combined TRACON& Tower with Radar,396,89,83,1,569,0,0,51,15,66,396,89,134,16,635,0,0,0,635
05/12/2021,BNA,TN,ASO,ES,Combined TRACON& Tower with Radar,398,78,79,0,555,0,1,31,11,43,398,79,110,11,598,0,0,0,598
05/13/2021,BNA,TN,ASO,ES,Combined TRACON& Tower with Radar,461,89,89,5,644,0,10,63,13,86,461,99,152,18,730,0,0,0,730
05/14/2021,BNA,TN,ASO,ES,Combined TRACON& Tower with Radar,470,75,84,10,639,0,6,49,17,72,470,81,133,27,711,0,0,0,711
05/15/2021,BNA,TN,ASO,ES,Combined TRACON& Tower with Radar,382,69,58,4,513,0,3,76,11,90,382,72,134,15,603,0,0,0,603
05/16/2021,BNA,TN,ASO,ES,Combined TRACON& Tower with Radar,440,71,88,6,605,0,6,15,6,27,440,77,103,12,632,0,0,0,632
05/17/2021,BNA,TN,ASO,ES,Combined TRACON& Tower with Radar,456,61,66,1,584,0,1,47,5,53,456,62,113,6,637,0,0,0,637
05/18/2021,BNA,TN,ASO,ES,Combined TRACON& Tower with Radar,411,59,73,7,550,0,1,53,17,71,411,60,126,24,621,0,0,0,621
05/19/2021,BNA,TN,ASO,ES,Combined TRACON& Tower with Radar,410,72,100,16,598,0,0,47,6,53,410,72,147,22,651,0,0,0,651
05/20/2021,BNA,TN,ASO,ES,Combined TRACON& Tower with Radar,472,66,82,5,625,0,2,52,24,78,472,68,134,29,703,0,0,0,703
05/21/2021,BNA,TN,ASO,ES,Combined TRACON& Tower with Radar,470,78,82,9,639,0,9,62,2,73,470,87,144,11,712,0,0,0,712
05/22/2021,BNA,TN,ASO,ES,Combined TRACON& Tower with Radar,379,51,40,9,479,0,1,50,6,57,379,52,90,15,536,0,0,0,536
05/23/2021,BNA,TN,ASO,ES,Combined TRACON& Tower with Radar,451,69,64,2,586,0,5,12,4,21,451,74,76,6,607,0,0,0,607
05/24/2021,BNA,TN,ASO,ES,Combined TRACON& Tower with Radar,463,52,80,0,595,0,4,38,5,47,463,56,118,5,642,0,0,0,642
05/25/2021,BNA,TN,ASO,ES,Combined TRACON& Tower with Radar,420,78,70,6,574,0,3,56,10,69,420,81,126,16,643,0,0,0,643
05/26/2021,BNA,TN,ASO,ES,Combined TRACON& Tower with Radar,424,65,104,2,595,0,0,22,10,32,424,65,126,12,627,0,0,0,627
05/27/2021,BNA,TN,ASO,ES,Combined TRACON& Tower with Radar,484,99,96,3,682,0,2,43,8,53,484,101,139,11,735,0,0,0,735
05/28/2021,BNA,TN,ASO,ES,Combined TRACON& Tower with Radar,474,69,91,2,636,0,0,12,2,14,474,69,103,4,650,0,0,0,650
05/29/2021,BNA,TN,ASO,ES,Combined TRACON& Tower with Radar,384,62,52,5,503,0,2,4,7,13,384,64,56,12,516,0,0,0,516
05/30/2021,BNA,TN,ASO,ES,Combined TRACON& Tower with Radar,423,51,59,3,536,0,2,15,3,20,423,53,74,6,556,0,0,0,556
05/31/2021,BNA,TN,ASO,ES,Combined TRACON& Tower with Radar,457,56,58,2,573,0,3,40,5,48,457,59,98,7,621,0,0,0,621
06/01/2021,BNA,TN,ASO,ES,Combined TRACON& Tower with Radar,425,66,73,2,566,0,1,47,0,48,425,67,120,2,614,0,0,0,614
06/02/2021,BNA,TN,ASO,ES,Combined TRACON& Tower with Radar,439,67,59,4,569,0,0,8,0,8,439,67,67,4,577,0,0,0,577
06/03/2021,BNA,TN,ASO,ES,Combined TRACON& Tower with Radar,479,96,59,1,635,0,0,37,9,46,479,96,96,10,681,0,0,0,681
06/04/2021,BNA,TN,ASO,ES,Combined TRACON& Tower with Radar,481,65,76,21,643,0,0,60,10,70,481,65,136,31,713,0,0,0,713
06/05/2021,BNA,TN,ASO,ES,Combined TRACON& Tower with Radar,409,70,31,8,518,0,3,33,2,38,409,73,64,10,556,0,0,0,556
06/06/2021,BNA,TN,ASO,ES,Combined TRACON& Tower with Radar,468,80,86,12,646,0,0,6,2,8,468,80,92,14,654,0,0,0,654
06/07/2021,BNA,TN,ASO,ES,Combined TRACON& Tower with Radar,494,65,59,9,627,0,2,12,2,16,494,67,71,11,643,0,0,0,643
06/08/2021,BNA,TN,ASO,ES,Combined TRACON& Tower with Radar,452,61,65,0,578,0,1,28,5,34,452,62,93,5,612,0,0,0,612
06/09/2021,BNA,TN,ASO,ES,Combined TRACON& Tower with Radar,469,82,70,0,621,0,0,5,2,7,469,82,75,2,628,0,0,0,628
06/10/2021,BNA,TN,ASO,ES,Combined TRACON& Tower with Radar,503,85,84,4,676,0,2,15,3,20,503,87,99,7,696,0,0,0,696
06/11/2021,BNA,TN,ASO,ES,Combined TRACON& Tower with Radar,509,61,72,5,647,0,0,21,4,25,509,61,93,9,672,0,0,0,672
06/12/2021,BNA,TN,ASO,ES,Combined TRACON& Tower with Radar,435,51,53,7,546,0,3,59,1,63,435,54,112,8,609,0,0,0,609
06/13/2021,BNA,TN,ASO,ES,Combined TRACON& Tower with Radar,474,79,93,4,650,0,1,13,0,14,474,80,106,4,664,0,0,0,664
06/14/2021,BNA,TN,ASO,ES,Combined TRACON& Tower with Radar,481,70,63,4,618,0,0,64,10,74,481,70,127,14,692,0,0,0,692
06/15/2021,BNA,TN,ASO,ES,Combined TRACON& Tower with Radar,425,48,88,6,567,0,2,42,14,58,425,50,130,20,625,0,0,0,625
06/16/2021,BNA,TN,ASO,ES,Combined TRACON& Tower with Radar,460,96,79,1,636,0,4,49,5,58,460,100,128,6,694,0,0,0,694
06/17/2021,BNA,TN,ASO,ES,Combined TRACON& Tower with Radar,499,82,97,2,680,0,8,70,12,90,499,90,167,14,770,0,0,0,770
06/18/2021,BNA,TN,ASO,ES,Combined TRACON& Tower with Radar,497,82,100,4,683,0,7,69,2,78,497,89,169,6,761,0,0,0,761
06/19/2021,BNA,TN,ASO,ES,Combined TRACON& Tower with Radar,431,49,54,5,539,0,1,40,5,46,431,50,94,10,585,0,0,0,585
06/20/2021,BNA,TN,ASO,ES,Combined TRACON& Tower with Radar,483,65,65,3,616,0,4,8,1,13,483,69,73,4,629,0,0,0,629
06/21/2021,BNA,TN,ASO,ES,Combined TRACON& Tower with Radar,470,70,56,7,603,0,0,19,0,19,470,70,75,7,622,0,0,0,622
06/22/2021,BNA,TN,ASO,ES,Combined TRACON& Tower with Radar,471,91,67,8,637,0,1,40,7,48,471,92,107,15,685,0,0,0,685
06/23/2021,BNA,TN,ASO,ES,Combined TRACON& Tower with Radar,486,75,68,1,630,0,7,57,9,73,486,82,125,10,703,0,0,0,703
06/24/2021,BNA,TN,ASO,ES,Combined TRACON& Tower with Radar,488,89,82,2,661,0,7,57,8,72,488,96,139,10,733,0,0,0,733
06/25/2021,BNA,TN,ASO,ES,Combined TRACON& Tower with Radar,498,93,95,8,694,0,2,54,3,59,498,95,149,11,753,0,0,0,753
06/26/2021,BNA,TN,ASO,ES,Combined TRACON& Tower with Radar,422,67,49,1,539,0,2,32,0,34,422,69,81,1,573,0,0,0,573
06/27/2021,BNA,TN,ASO,ES,Combined TRACON& Tower with Radar,472,68,83,6,629,0,1,20,2,23,472,69,103,8,652,0,0,0,652
06/28/2021,BNA,TN,ASO,ES,Combined TRACON& Tower with Radar,483,71,70,3,627,0,0,36,4,40,483,71,106,7,667,0,0,0,667
06/29/2021,BNA,TN,ASO,ES,Combined TRACON& Tower with Radar,462,75,73,2,612,0,3,15,7,25,462,78,88,9,637,0,0,0,637
06/30/2021,BNA,TN,ASO,ES,Combined TRACON& Tower with Radar,472,91,87,0,650,0,2,26,4,32,472,93,113,4,682,0,0,0,682
07/01/2021,BNA,TN,ASO,ES,Combined TRACON& Tower with Radar,495,92,83,3,673,0,0,16,0,16,495,92,99,3,689,0,0,0,689
07/02/2021,BNA,TN,ASO,ES,Combined TRACON& Tower with Radar,502,61,60,1,624,0,0,27,0,27,502,61,87,1,651,0,0,0,651
07/03/2021,BNA,TN,ASO,ES,Combined TRACON& Tower with Radar,437,44,44,0,525,0,4,50,0,54,437,48,94,0,579,0,0,0,579
07/04/2021,BNA,TN,ASO,ES,Combined TRACON& Tower with Radar,448,41,30,0,519,0,5,14,0,19,448,46,44,0,538,0,0,0,538
07/05/2021,BNA,TN,ASO,ES,Combined TRACON& Tower with Radar,482,45,55,1,583,0,0,43,0,43,482,45,98,1,626,0,0,0,626
07/06/2021,BNA,TN,ASO,ES,Combined TRACON& Tower with Radar,462,59,52,3,576,0,2,45,0,47,462,61,97,3,623,0,0,0,623
07/07/2021,BNA,TN,ASO,ES,Combined TRACON& Tower with Radar,477,74,55,0,606,0,0,26,7,33,477,74,81,7,639,0,0,0,639
07/08/2021,BNA,TN,ASO,ES,Combined TRACON& Tower with Radar,502,66,84,7,659,0,4,37,16,57,502,70,121,23,716,0,0,0,716
07/09/2021,BNA,TN,ASO,ES,Combined TRACON& Tower with Radar,526,60,60,10,656,0,7,26,3,36,526,67,86,13,692,0,0,0,692
07/10/2021,BNA,TN,ASO,ES,Combined TRACON& Tower with Radar,450,56,52,5,563,0,2,27,0,29,450,58,79,5,592,0,0,0,592
07/11/2021,BNA,TN,ASO,ES,Combined TRACON& Tower with Radar,487,71,85,4,647,0,0,2,0,2,487,71,87,4,649,0,0,0,649
07/12/2021,BNA,TN,ASO,ES,Combined TRACON& Tower with Radar,483,63,55,2,603,0,0,18,0,18,483,63,73,2,621,0,0,0,621
07/13/2021,BNA,TN,ASO,ES,Combined TRACON& Tower with Radar,491,52,56,6,605,0,0,12,0,12,491,52,68,6,617,0,0,0,617
07/14/2021,BNA,TN,ASO,ES,Combined TRACON& Tower with Radar,486,85,90,7,668,0,2,51,7,60,486,87,141,14,728,0,0,0,728
07/15/2021,BNA,TN,ASO,ES,Combined TRACON& Tower with Radar,507,87,63,7,664,0,2,52,18,72,507,89,115,25,736,0,0,0,736
07/16/2021,BNA,TN,ASO,ES,Combined TRACON& Tower with Radar,543,71,84,5,703,0,6,35,4,45,543,77,119,9,748,0,0,0,748
07/17/2021,BNA,TN,ASO,ES,Combined TRACON& Tower with Radar,440,58,46,1,545,0,0,14,1,15,440,58,60,2,560,0,0,0,560
07/18/2021,BNA,TN,ASO,ES,Combined TRACON& Tower with Radar,481,79,81,3,644,0,0,0,0,0,481,79,81,3,644,0,0,0,644
07/19/2021,BNA,TN,ASO,ES,Combined TRACON& Tower with Radar,505,44,63,0,612,0,0,19,0,19,505,44,82,0,631,0,0,0,631
07/20/2021,BNA,TN,ASO,ES,Combined TRACON& Tower with Radar,484,58,67,6,615,0,1,52,3,56,484,59,119,9,671,0,0,0,671
07/21/2021,BNA,TN,ASO,ES,Combined TRACON& Tower with Radar,498,79,78,6,661,0,2,41,5,48,498,81,119,11,709,0,0,0,709
07/22/2021,BNA,TN,ASO,ES,Combined TRACON& Tower with Radar,509,68,71,2,650,0,2,46,2,50,509,70,117,4,700,0,0,0,700
07/23/2021,BNA,TN,ASO,ES,Combined TRACON& Tower with Radar,524,65,70,6,665,0,1,73,0,74,524,66,143,6,739,0,0,0,739
07/24/2021,BNA,TN,ASO,ES,Combined TRACON& Tower with Radar,451,59,39,5,554,0,2,53,4,59,451,61,92,9,613,0,0,0,613
07/25/2021,BNA,TN,ASO,ES,Combined TRACON& Tower with Radar,493,51,67,6,617,0,1,4,3,8,493,52,71,9,625,0,0,0,625
07/26/2021,BNA,TN,ASO,ES,Combined TRACON& Tower with Radar,541,66,66,2,675,0,0,12,2,14,541,66,78,4,689,0,0,0,689
07/27/2021,BNA,TN,ASO,ES,Combined TRACON& Tower with Radar,509,78,71,0,658,0,2,30,5,37,509,80,101,5,695,0,0,0,695
07/28/2021,BNA,TN,ASO,ES,Combined TRACON& Tower with Radar,500,78,83,2,663,0,2,55,2,59,500,80,138,4,722,0,0,0,722
07/29/2021,BNA,TN,ASO,ES,Combined TRACON& Tower with Radar,499,64,90,4,657,0,0,56,6,62,499,64,146,10,719,0,0,0,719
07/30/2021,BNA,TN,ASO,ES,Combined TRACON& Tower with Radar,518,76,79,2,675,0,0,46,6,52,518,76,125,8,727,0,0,0,727
07/31/2021,BNA,TN,ASO,ES,Combined TRACON& Tower with Radar,408,65,54,1,528,0,5,29,0,34,408,70,83,1,562,0,0,0,562
08/01/2021,BNA,TN,ASO,ES,Combined TRACON& Tower with Radar,514,81,88,2,685,0,0,6,4,10,514,81,94,6,695,0,0,0,695
08/02/2021,BNA,TN,ASO,ES,Combined TRACON& Tower with Radar,481,62,63,7,613,0,3,41,4,48,481,65,104,11,661,0,0,0,661
08/03/2021,BNA,TN,ASO,ES,Combined TRACON& Tower with Radar,464,69,92,9,634,0,2,36,2,40,464,71,128,11,674,0,0,0,674
08/04/2021,BNA,TN,ASO,ES,Combined TRACON& Tower with Radar,474,75,86,0,635,0,2,42,6,50,474,77,128,6,685,0,0,0,685
08/05/2021,BNA,TN,ASO,ES,Combined TRACON& Tower with Radar,504,88,105,6,703,0,4,61,10,75,504,92,166,16,778,0,0,0,778
08/06/2021,BNA,TN,ASO,ES,Combined TRACON& Tower with Radar,505,80,90,0,675,0,2,32,6,40,505,82,122,6,715,0,0,0,715
08/07/2021,BNA,TN,ASO,ES,Combined TRACON& Tower with Radar,436,55,63,0,554,0,2,46,1,49,436,57,109,1,603,0,0,0,603
08/08/2021,BNA,TN,ASO,ES,Combined TRACON& Tower with Radar,493,84,111,0,688,0,2,15,2,19,493,86,126,2,707,0,0,0,707
08/09/2021,BNA,TN,ASO,ES,Combined TRACON& Tower with Radar,492,91,122,8,713,0,5,33,0,38,492,96,155,8,751,0,0,0,751
08/10/2021,BNA,TN,ASO,ES,Combined TRACON& Tower with Radar,464,66,84,5,619,0,3,34,4,41,464,69,118,9,660,0,0,0,660
08/11/2021,BNA,TN,ASO,ES,Combined TRACON& Tower with Radar,481,73,89,0,643,0,1,38,6,45,481,74,127,6,688,0,0,0,688
08/12/2021,BNA,TN,ASO,ES,Combined TRACON& Tower with Radar,497,75,100,0,672,0,1,35,6,42,497,76,135,6,714,0,0,0,714
08/13/2021,BNA,TN,ASO,ES,Combined TRACON& Tower with Radar,509,62,78,4,653,0,0,19,1,20,509,62,97,5,673,0,0,0,673
08/14/2021,BNA,TN,ASO,ES,Combined TRACON& Tower with Radar,438,51,49,0,538,0,1,20,9,30,438,52,69,9,568,0,0,0,568
08/15/2021,BNA,TN,ASO,ES,Combined TRACON& Tower with Radar,484,75,60,3,622,0,0,1,1,2,484,75,61,4,624,0,0,0,624
08/16/2021,BNA,TN,ASO,ES,Combined TRACON& Tower with Radar,489,53,80,7,629,0,0,27,0,27,489,53,107,7,656,0,0,0,656
08/17/2021,BNA,TN,ASO,ES,Combined TRACON& Tower with Radar,468,78,55,4,605,0,1,60,2,63,468,79,115,6,668,0,0,0,668
08/18/2021,BNA,TN,ASO,ES,Combined TRACON& Tower with Radar,479,58,59,4,600,0,3,13,0,16,479,61,72,4,616,0,0,0,616
08/19/2021,BNA,TN,ASO,ES,Combined TRACON& Tower with Radar,519,84,74,1,678,0,0,4,7,11,519,84,78,8,689,0,0,0,689
08/20/2021,BNA,TN,ASO,ES,Combined TRACON& Tower with Radar,491,73,56,4,624,0,3,12,4,19,491,76,68,8,643,0,0,0,643
08/21/2021,BNA,TN,ASO,ES,Combined TRACON& Tower with Radar,436,50,56,4,546,0,0,2,6,8,436,50,58,10,554,0,0,0,554
08/22/2021,BNA,TN,ASO,ES,Combined TRACON& Tower with Radar,485,71,60,3,619,0,4,14,4,22,485,75,74,7,641,0,0,0,641
08/23/2021,BNA,TN,ASO,ES,Combined TRACON& Tower with Radar,494,58,68,2,622,0,0,53,0,53,494,58,121,2,675,0,0,0,675
08/24/2021,BNA,TN,ASO,ES,Combined TRACON& Tower with Radar,459,92,80,4,635,1,2,43,2,48,460,94,123,6,683,0,0,0,683
08/25/2021,BNA,TN,ASO,ES,Combined TRACON& Tower with Radar,485,72,132,2,691,0,4,54,13,71,485,76,186,15,762,0,0,0,762
08/26/2021,BNA,TN,ASO,ES,Combined TRACON& Tower with Radar,527,84,105,2,718,0,4,31,8,43,527,88,136,10,761,0,0,0,761
08/27/2021,BNA,TN,ASO,ES,Combined TRACON& Tower with Radar,502,73,93,1,669,0,3,42,1,46,502,76,135,2,715,0,0,0,715
08/28/2021,BNA,TN,ASO,ES,Combined TRACON& Tower with Radar,451,49,52,0,552,0,3,33,0,36,451,52,85,0,588,0,0,0,588
08/29/2021,BNA,TN,ASO,ES,Combined TRACON& Tower with Radar,504,61,65,1,631,0,1,11,1,13,504,62,76,2,644,0,0,0,644
08/30/2021,BNA,TN,ASO,ES,Combined TRACON& Tower with Radar,494,51,49,0,594,0,2,16,6,24,494,53,65,6,618,0,0,0,618
08/31/2021,BNA,TN,ASO,ES,Combined TRACON& Tower with Radar,463,42,31,0,536,0,0,0,0,0,463,42,31,0,536,0,0,0,536
09/01/2021,BNA,TN,ASO,ES,Combined TRACON& Tower with Radar,459,69,69,1,598,0,3,35,6,44,459,72,104,7,642,0,0,0,642
09/02/2021,BNA,TN,ASO,ES,Combined TRACON& Tower with Radar,515,74,74,3,666,0,1,58,6,65,515,75,132,9,731,0,0,0,731
09/03/2021,BNA,TN,ASO,ES,Combined TRACON& Tower with Radar,519,70,69,4,662,0,3,63,2,68,519,73,132,6,730,0,0,0,730
09/04/2021,BNA,TN,ASO,ES,Combined TRACON& Tower with Radar,435,55,24,0,514,0,2,53,0,55,435,57,77,0,569,0,0,0,569
09/05/2021,BNA,TN,ASO,ES,Combined TRACON& Tower with Radar,488,67,43,4,602,0,0,3,2,5,488,67,46,6,607,0,0,0,607
09/06/2021,BNA,TN,ASO,ES,Combined TRACON& Tower with Radar,483,77,63,2,625,0,2,24,1,27,483,79,87,3,652,0,0,0,652
09/07/2021,BNA,TN,ASO,ES,Combined TRACON& Tower with Radar,440,81,77,2,600,0,4,60,1,65,440,85,137,3,665,0,0,0,665
09/08/2021,BNA,TN,ASO,ES,Combined TRACON& Tower with Radar,461,86,80,2,629,0,6,25,4,35,461,92,105,6,664,0,0,0,664
09/09/2021,BNA,TN,ASO,ES,Combined TRACON& Tower with Radar,524,96,82,4,706,0,8,54,18,80,524,104,136,22,786,0,0,0,786
09/10/2021,BNA,TN,ASO,ES,Combined TRACON& Tower with Radar,514,84,86,9,693,0,3,68,19,90,514,87,154,28,783,0,0,0,783
09/11/2021,BNA,TN,ASO,ES,Combined TRACON& Tower with Radar,403,45,49,5,502,0,8,22,10,40,403,53,71,15,542,0,0,0,542
09/12/2021,BNA,TN,ASO,ES,Combined TRACON& Tower with Radar,519,96,107,13,735,0,4,13,7,24,519,100,120,20,759,0,0,0,759
09/13/2021,BNA,TN,ASO,ES,Combined TRACON& Tower with Radar,501,80,47,3,631,0,7,42,4,53,501,87,89,7,684,0,0,0,684
09/14/2021,BNA,TN,ASO,ES,Combined TRACON& Tower with Radar,455,78,75,2,610,0,0,47,4,51,455,78,122,6,661,0,0,0,661
09/15/2021,BNA,TN,ASO,ES,Combined TRACON& Tower with Radar,470,101,89,5,665,0,5,5,1,11,470,106,94,6,676,0,0,0,676
09/16/2021,BNA,TN,ASO,ES,Combined TRACON& Tower with Radar,555,86,114,7,762,0,2,42,8,52,555,88,156,15,814,0,0,0,814
09/17/2021,BNA,TN,ASO,ES,Combined TRACON& Tower with Radar,522,82,98,10,712,0,2,6,1,9,522,84,104,11,721,0,0,0,721
09/18/2021,BNA,TN,ASO,ES,Combined TRACON& Tower with Radar,411,57,48,1,517,0,0,6,0,6,411,57,54,1,523,0,0,0,523
09/19/2021,BNA,TN,ASO,ES,Combined TRACON& Tower with Radar,525,97,78,0,700,0,0,1,0,1,525,97,79,0,701,0,0,0,701
09/20/2021,BNA,TN,ASO,ES,Combined TRACON& Tower with Radar,508,53,55,2,618,0,0,0,2,2,508,53,55,4,620,0,0,0,620
09/21/2021,BNA,TN,ASO,ES,Combined TRACON& Tower with Radar,471,75,81,4,631,0,0,8,0,8,471,75,89,4,639,0,0,0,639
09/22/2021,BNA,TN,ASO,ES,Combined TRACON& Tower with Radar,470,90,73,2,635,0,5,21,2,28,470,95,94,4,663,0,0,0,663
09/23/2021,BNA,TN,ASO,ES,Combined TRACON& Tower with Radar,530,115,83,1,729,0,9,61,3,73,530,124,144,4,802,0,0,0,802
09/24/2021,BNA,TN,ASO,ES,Combined TRACON& Tower with Radar,516,79,95,3,693,0,4,59,5,68,516,83,154,8,761,0,0,0,761
09/25/2021,BNA,TN,ASO,ES,Combined TRACON& Tower with Radar,419,73,49,0,541,0,0,53,3,56,419,73,102,3,597,0,0,0,597
09/26/2021,BNA,TN,ASO,ES,Combined TRACON& Tower with Radar,533,99,121,0,753,0,6,16,1,23,533,105,137,1,776,0,0,0,776
09/27/2021,BNA,TN,ASO,ES,Combined TRACON& Tower with Radar,509,66,71,0,646,0,7,33,2,42,509,73,104,2,688,0,0,0,688
09/28/2021,BNA,TN,ASO,ES,Combined TRACON& Tower with Radar,468,75,66,2,611,0,4,46,4,54,468,79,112,6,665,0,0,0,665
09/29/2021,BNA,TN,ASO,ES,Combined TRACON& Tower with Radar,474,74,64,4,616,0,3,48,1,52,474,77,112,5,668,0,0,0,668
09/30/2021,BNA,TN,ASO,ES,Combined TRACON& Tower with Radar,542,113,98,2,755,0,1,50,2,53,542,114,148,4,808,0,0,0,808
10/01/2021,BNA,TN,ASO,ES,Combined TRACON& Tower with Radar,511,102,86,5,704,0,3,49,3,55,511,105,135,8,759,0,0,0,759
10/02/2021,BNA,TN,ASO,ES,Combined TRACON& Tower with Radar,419,80,63,2,564,0,0,30,2,32,419,80,93,4,596,0,0,0,596
10/03/2021,BNA,TN,ASO,ES,Combined TRACON& Tower with Radar,535,111,94,0,740,0,0,3,2,5,535,111,97,2,745,0,0,0,745
10/04/2021,BNA,TN,ASO,ES,Combined TRACON& Tower with Radar,511,70,81,4,666,0,2,21,2,25,511,72,102,6,691,0,0,0,691
10/05/2021,BNA,TN,ASO,ES,Combined TRACON& Tower with Radar,490,60,66,4,620,0,2,12,1,15,490,62,78,5,635,0,0,0,635
10/06/2021,BNA,TN,ASO,ES,Combined TRACON& Tower with Radar,487,93,86,2,668,0,0,5,3,8,487,93,91,5,676,0,0,0,676
10/07/2021,BNA,TN,ASO,ES,Combined TRACON& Tower with Radar,548,107,87,6,748,0,11,19,0,30,548,118,106,6,778,0,0,0,778
10/08/2021,BNA,TN,ASO,ES,Combined TRACON& Tower with Radar,506,84,124,5,719,0,4,40,0,44,506,88,164,5,763,0,0,0,763
10/09/2021,BNA,TN,ASO,ES,Combined TRACON& Tower with Radar,405,88,96,0,589,0,9,45,2,56,405,97,141,2,645,0,0,0,645
10/10/2021,BNA,TN,ASO,ES,Combined TRACON& Tower with Radar,461,106,110,0,677,0,8,18,0,26,461,114,128,0,703,0,0,0,703
10/11/2021,BNA,TN,ASO,ES,Combined TRACON& Tower with Radar,492,95,88,1,676,0,5,23,0,28,492,100,111,1,704,0,0,0,704
10/12/2021,BNA,TN,ASO,ES,Combined TRACON& Tower with Radar,488,92,82,4,666,0,1,39,7,47,488,93,121,11,713,0,0,0,713
10/13/2021,BNA,TN,ASO,ES,Combined TRACON& Tower with Radar,474,120,111,2,707,0,1,44,2,47,474,121,155,4,754,0,0,0,754
10/14/2021,BNA,TN,ASO,ES,Combined TRACON& Tower with Radar,546,105,102,2,755,0,28,45,10,83,546,133,147,12,838,0,0,0,838
10/15/2021,BNA,TN,ASO,ES,Combined TRACON& Tower with Radar,529,89,95,17,730,0,4,6,2,12,529,93,101,19,742,0,0,0,742
10/16/2021,BNA,TN,ASO,ES,Combined TRACON& Tower with Radar,455,56,73,0,584,0,4,30,14,48,455,60,103,14,632,0,0,0,632
10/17/2021,BNA,TN,ASO,ES,Combined TRACON& Tower with Radar,524,122,134,6,786,0,4,28,3,35,524,126,162,9,821,0,0,0,821
10/18/2021,BNA,TN,ASO,ES,Combined TRACON& Tower with Radar,521,114,85,3,723,0,2,29,0,31,521,116,114,3,754,0,0,0,754
10/19/2021,BNA,TN,ASO,ES,Combined TRACON& Tower with Radar,489,100,93,5,687,0,0,40,4,44,489,100,133,9,731,0,0,0,731
10/20/2021,BNA,TN,ASO,ES,Combined TRACON& Tower with Radar,482,86,77,1,646,0,3,43,4,50,482,89,120,5,696,0,0,0,696
10/21/2021,BNA,TN,ASO,ES,Combined TRACON& Tower with Radar,541,92,116,2,751,0,0,18,6,24,541,92,134,8,775,0,0,0,775
10/22/2021,BNA,TN,ASO,ES,Combined TRACON& Tower with Radar,529,100,127,4,760,0,6,24,0,30,529,106,151,4,790,0,0,0,790
10/23/2021,BNA,TN,ASO,ES,Combined TRACON& Tower with Radar,449,88,101,0,638,0,6,40,0,46,449,94,141,0,684,0,0,0,684
10/24/2021,BNA,TN,ASO,ES,Combined TRACON& Tower with Radar,528,126,169,3,826,0,2,19,1,22,528,128,188,4,848,0,0,0,848
10/25/2021,BNA,TN,ASO,ES,Combined TRACON& Tower with Radar,512,64,114,2,692,0,0,2,4,6,512,64,116,6,698,0,0,0,698
10/26/2021,BNA,TN,ASO,ES,Combined TRACON& Tower with Radar,495,86,114,5,700,0,2,47,10,59,495,88,161,15,759,0,0,0,759
10/27/2021,BNA,TN,ASO,ES,Combined TRACON& Tower with Radar,476,100,109,4,689,0,3,44,4,51,476,103,153,8,740,0,0,0,740
10/28/2021,BNA,TN,ASO,ES,Combined TRACON& Tower with Radar,553,62,99,3,717,0,0,4,10,14,553,62,103,13,731,0,0,0,731
10/29/2021,BNA,TN,ASO,ES,Combined TRACON& Tower with Radar,528,80,109,4,721,0,0,2,1,3,528,80,111,5,724,0,0,0,724
10/30/2021,BNA,TN,ASO,ES,Combined TRACON& Tower with Radar,442,58,55,2,557,0,0,0,0,0,442,58,55,2,557,0,0,0,557
10/31/2021,BNA,TN,ASO,ES,Combined TRACON& Tower with Radar,482,77,87,2,648,0,4,16,1,21,482,81,103,3,669,0,0,0,669
11/01/2021,BNA,TN,ASO,ES,Combined TRACON& Tower with Radar,504,73,87,2,666,0,3,46,2,51,504,76,133,4,717,0,0,0,717
11/02/2021,BNA,TN,ASO,ES,Combined TRACON& Tower with Radar,480,96,100,2,678,0,4,25,8,37,480,100,125,10,715,0,0,0,715
11/03/2021,BNA,TN,ASO,ES,Combined TRACON& Tower with Radar,492,97,109,0,698,0,1,43,1,45,492,98,152,1,743,0,0,0,743
11/04/2021,BNA,TN,ASO,ES,Combined TRACON& Tower with Radar,550,89,95,1,735,0,7,38,18,63,550,96,133,19,798,0,0,0,798
11/05/2021,BNA,TN,ASO,ES,Combined TRACON& Tower with Radar,531,100,89,5,725,0,6,50,8,64,531,106,139,13,789,0,0,0,789
11/06/2021,BNA,TN,ASO,ES,Combined TRACON& Tower with Radar,448,73,46,8,575,0,2,47,0,49,448,75,93,8,624,0,0,0,624
11/07/2021,BNA,TN,ASO,ES,Combined TRACON& Tower with Radar,500,112,77,5,694,0,5,18,14,37,500,117,95,19,731,0,0,0,731
11/08/2021,BNA,TN,ASO,ES,Combined TRACON& Tower with Radar,518,76,92,4,690,0,2,37,0,39,518,78,129,4,729,0,0,0,729
11/09/2021,BNA,TN,ASO,ES,Combined TRACON& Tower with Radar,462,83,97,2,644,0,1,38,8,47,462,84,135,10,691,0,0,0,691
11/10/2021,BNA,TN,ASO,ES,Combined TRACON& Tower with Radar,473,91,88,2,654,0,6,41,6,53,473,97,129,8,707,0,0,0,707
11/11/2021,BNA,TN,ASO,ES,Combined TRACON& Tower with Radar,531,93,115,0,739,0,2,7,0,9,531,95,122,0,748,0,0,0,748
11/12/2021,BNA,TN,ASO,ES,Combined TRACON& Tower with Radar,518,103,109,10,740,0,1,41,11,53,518,104,150,21,793,0,0,0,793
11/13/2021,BNA,TN,ASO,ES,Combined TRACON& Tower with Radar,411,53,52,2,518,0,3,38,12,53,411,56,90,14,571,0,0,0,571
11/14/2021,BNA,TN,ASO,ES,Combined TRACON& Tower with Radar,503,98,99,3,703,0,1,11,2,14,503,99,110,5,717,0,0,0,717
11/15/2021,BNA,TN,ASO,ES,Combined TRACON& Tower with Radar,523,77,82,0,682,0,5,41,4,50,523,82,123,4,732,0,0,0,732
11/16/2021,BNA,TN,ASO,ES,Combined TRACON& Tower with Radar,459,84,104,0,647,0,3,23,3,29,459,87,127,3,676,0,0,0,676
11/17/2021,BNA,TN,ASO,ES,Combined TRACON& Tower with Radar,474,90,96,0,660,0,3,29,2,34,474,93,125,2,694,0,0,0,694
11/18/2021,BNA,TN,ASO,ES,Combined TRACON& Tower with Radar,531,84,103,1,719,0,3,20,9,32,531,87,123,10,751,0,0,0,751
11/19/2021,BNA,TN,ASO,ES,Combined TRACON& Tower with Radar,524,89,105,1,719,0,10,62,1,73,524,99,167,2,792,0,0,0,792
11/20/2021,BNA,TN,ASO,ES,Combined TRACON& Tower with Radar,467,59,60,1,587,0,8,29,0,37,467,67,89,1,624,0,0,0,624
11/21/2021,BNA,TN,ASO,ES,Combined TRACON& Tower with Radar,500,81,94,2,677,0,0,0,2,2,500,81,94,4,679,0,0,0,679
11/22/2021,BNA,TN,ASO,ES,Combined TRACON& Tower with Radar,504,87,86,3,680,0,4,36,4,44,504,91,122,7,724,0,0,0,724
11/23/2021,BNA,TN,ASO,ES,Combined TRACON& Tower with Radar,529,81,90,0,700,0,3,50,11,64,529,84,140,11,764,0,0,0,764
11/24/2021,BNA,TN,ASO,ES,Combined TRACON& Tower with Radar,537,85,64,2,688,0,0,24,0,24,537,85,88,2,712,0,0,0,712
11/25/2021,BNA,TN,ASO,ES,Combined TRACON& Tower with Radar,357,20,19,0,396,0,0,0,0,0,357,20,19,0,396,0,0,0,396
11/26/2021,BNA,TN,ASO,ES,Combined TRACON& Tower with Radar,408,59,40,0,507,0,4,15,0,19,408,63,55,0,526,0,0,0,526
11/27/2021,BNA,TN,ASO,ES,Combined TRACON& Tower with Radar,499,95,55,0,649,0,5,28,0,33,499,100,83,0,682,0,0,0,682
11/28/2021,BNA,TN,ASO,ES,Combined TRACON& Tower with Radar,520,93,118,0,731,0,4,8,0,12,520,97,126,0,743,0,0,0,743
11/29/2021,BNA,TN,ASO,ES,Combined TRACON& Tower with Radar,530,84,55,0,669,0,4,19,0,23,530,88,74,0,692,0,0,0,692
11/30/2021,BNA,TN,ASO,ES,Combined TRACON& Tower with Radar,487,81,76,2,646,0,2,41,0,43,487,83,117,2,689,0,0,0,689
12/01/2021,BNA,TN,ASO,ES,Combined TRACON& Tower with Radar,473,99,119,1,692,0,2,40,9,51,473,101,159,10,743,0,0,0,743
12/02/2021,BNA,TN,ASO,ES,Combined TRACON& Tower with Radar,515,99,130,2,746,0,4,41,16,61,515,103,171,18,807,0,0,0,807
12/03/2021,BNA,TN,ASO,ES,Combined TRACON& Tower with Radar,498,86,103,6,693,0,6,58,15,79,498,92,161,21,772,0,0,0,772
12/04/2021,BNA,TN,ASO,ES,Combined TRACON& Tower with Radar,395,71,40,1,507,0,0,2,0,2,395,71,42,1,509,0,0,0,509
12/05/2021,BNA,TN,ASO,ES,Combined TRACON& Tower with Radar,489,68,66,5,628,0,0,2,0,2,489,68,68,5,630,0,0,0,630
12/06/2021,BNA,TN,ASO,ES,Combined TRACON& Tower with Radar,461,64,49,7,581,0,3,9,0,12,461,67,58,7,593,0,0,0,593
12/07/2021,BNA,TN,ASO,ES,Combined TRACON& Tower with Radar,443,72,81,3,599,0,3,30,12,45,443,75,111,15,644,0,0,0,644
12/08/2021,BNA,TN,ASO,ES,Combined TRACON& Tower with Radar,453,88,86,9,636,0,9,30,5,44,453,97,116,14,680,0,0,0,680
12/09/2021,BNA,TN,ASO,ES,Combined TRACON& Tower with Radar,503,88,93,6,690,0,2,26,22,50,503,90,119,28,740,0,0,0,740
12/10/2021,BNA,TN,ASO,ES,Combined TRACON& Tower with Radar,479,65,89,4,637,0,0,1,1,2,479,65,90,5,639,0,0,0,639
12/11/2021,BNA,TN,ASO,ES,Combined TRACON& Tower with Radar,415,61,36,0,512,0,1,7,2,10,415,62,43,2,522,0,0,0,522
12/12/2021,BNA,TN,ASO,ES,Combined TRACON& Tower with Radar,486,80,84,3,653,0,7,22,2,31,486,87,106,5,684,0,0,0,684
12/13/2021,BNA,TN,ASO,ES,Combined TRACON& Tower with Radar,480,71,73,2,626,0,2,41,7,50,480,73,114,9,676,0,0,0,676
12/14/2021,BNA,TN,ASO,ES,Combined TRACON& Tower with Radar,449,73,92,2,616,0,1,41,12,54,449,74,133,14,670,0,0,0,670
12/15/2021,BNA,TN,ASO,ES,Combined TRACON& Tower with Radar,447,80,87,2,616,0,2,54,3,59,447,82,141,5,675,0,0,0,675
12/16/2021,BNA,TN,ASO,ES,Combined TRACON& Tower with Radar,514,77,89,5,685,0,0,13,9,22,514,77,102,14,707,0,0,0,707
12/17/2021,BNA,TN,ASO,ES,Combined TRACON& Tower with Radar,508,84,94,3,689,0,0,0,0,0,508,84,94,3,689,0,0,0,689
12/18/2021,BNA,TN,ASO,ES,Combined TRACON& Tower with Radar,414,55,77,1,547,0,0,3,0,3,414,55,80,1,550,0,0,0,550
12/19/2021,BNA,TN,ASO,ES,Combined TRACON& Tower with Radar,474,83,66,0,623,0,0,15,0,15,474,83,81,0,638,0,0,0,638
12/20/2021,BNA,TN,ASO,ES,Combined TRACON& Tower with Radar,483,79,74,0,636,0,0,28,0,28,483,79,102,0,664,0,0,0,664
12/21/2021,BNA,TN,ASO,ES,Combined TRACON& Tower with Radar,487,58,57,2,604,0,0,47,10,57,487,58,104,12,661,0,0,0,661
12/22/2021,BNA,TN,ASO,ES,Combined TRACON& Tower with Radar,486,84,56,0,626,0,5,32,4,41,486,89,88,4,667,0,0,0,667
12/23/2021,BNA,TN,ASO,ES,Combined TRACON& Tower with Radar,501,57,58,1,617,0,4,28,1,33,501,61,86,2,650,0,0,0,650
12/24/2021,BNA,TN,ASO,ES,Combined TRACON& Tower with Radar,401,30,36,0,467,0,2,0,0,2,401,32,36,0,469,0,0,0,469
12/25/2021,BNA,TN,ASO,ES,Combined TRACON& Tower with Radar,345,40,21,0,406,0,2,0,0,2,345,42,21,0,408,0,0,0,408
12/26/2021,BNA,TN,ASO,ES,Combined TRACON& Tower with Radar,456,72,70,0,598,0,0,0,0,0,456,72,70,0,598,0,0,0,598
12/27/2021,BNA,TN,ASO,ES,Combined TRACON& Tower with Radar,456,72,66,0,594,1,2,9,0,12,457,74,75,0,606,0,0,0,606
12/28/2021,BNA,TN,ASO,ES,Combined TRACON& Tower with Radar,469,65,54,0,588,0,1,2,4,7,469,66,56,4,595,0,0,0,595
12/29/2021,BNA,TN,ASO,ES,Combined TRACON& Tower with Radar,475,48,39,2,564,1,1,8,1,11,476,49,47,3,575,0,0,0,575
12/30/2021,BNA,TN,ASO,ES,Combined TRACON& Tower with Radar,485,52,99,2,638,0,0,0,0,0,485,52,99,2,638,0,0,0,638
12/31/2021,BNA,TN,ASO,ES,Combined TRACON& Tower with Radar,405,74,26,1,506,0,0,9,0,9,405,74,35,1,515,0,0,0,515
01/01/2022,BNA,TN,ASO,ES,Combined TRACON& Tower with Radar,369,47,26,0,442,0,0,1,0,1,369,47,27,0,443,0,0,0,443
01/02/2022,BNA,TN,ASO,ES,Combined TRACON& Tower with Radar,418,92,107,0,617,0,0,0,0,0,418,92,107,0,617,0,0,0,617
01/03/2022,BNA,TN,ASO,ES,Combined TRACON& Tower with Radar,442,75,56,1,574,0,0,22,0,22,442,75,78,1,596,0,0,0,596
01/04/2022,BNA,TN,ASO,ES,Combined TRACON& Tower with Radar,422,59,61,3,545,0,0,40,2,42,422,59,101,5,587,0,0,0,587
01/05/2022,BNA,TN,ASO,ES,Combined TRACON& Tower with Radar,402,59,55,0,516,0,1,21,7,29,402,60,76,7,545,0,0,0,545
01/06/2022,BNA,TN,ASO,ES,Combined TRACON& Tower with Radar,157,24,40,0,221,0,0,1,0,1,157,24,41,0,222,0,0,0,222
01/07/2022,BNA,TN,ASO,ES,Combined TRACON& Tower with Radar,350,66,52,1,469,0,6,4,0,10,350,72,56,1,479,0,0,0,479
01/08/2022,BNA,TN,ASO,ES,Combined TRACON& Tower with Radar,357,37,56,5,455,0,4,16,3,23,357,41,72,8,478,0,0,0,478
01/09/2022,BNA,TN,ASO,ES,Combined TRACON& Tower with Radar,437,69,38,0,544,0,1,6,0,7,437,70,44,0,551,0,0,0,551
01/10/2022,BNA,TN,ASO,ES,Combined TRACON& Tower with Radar,434,61,51,6,552,0,3,44,1,48,434,64,95,7,600,0,0,0,600
01/11/2022,BNA,TN,ASO,ES,Combined TRACON& Tower with Radar,413,57,63,2,535,0,1,64,0,65,413,58,127,2,600,0,0,0,600
01/12/2022,BNA,TN,ASO,ES,Combined TRACON& Tower with Radar,436,65,54,4,559,0,2,37,13,52,436,67,91,17,611,0,0,0,611
01/13/2022,BNA,TN,ASO,ES,Combined TRACON& Tower with Radar,461,63,63,2,589,0,6,27,14,47,461,69,90,16,636,0,0,0,636
01/14/2022,BNA,TN,ASO,ES,Combined TRACON& Tower with Radar,469,60,63,2,594,0,1,40,4,45,469,61,103,6,639,0,0,0,639
01/15/2022,BNA,TN,ASO,ES,Combined TRACON& Tower with Radar,344,65,39,0,448,0,0,0,0,0,344,65,39,0,448,0,0,0,448
01/16/2022,BNA,TN,ASO,ES,Combined TRACON& Tower with Radar,312,38,21,0,371,0,0,1,0,1,312,38,22,0,372,0,0,0,372
01/17/2022,BNA,TN,ASO,ES,Combined TRACON& Tower with Radar,439,50,55,2,546,0,0,5,0,5,439,50,60,2,551,0,0,0,551
01/18/2022,BNA,TN,ASO,ES,Combined TRACON& Tower with Radar,445,54,75,0,574,0,7,39,2,48,445,61,114,2,622,0,0,0,622
01/19/2022,BNA,TN,ASO,ES,Combined TRACON& Tower with Radar,449,54,75,4,582,0,0,2,0,2,449,54,77,4,584,0,0,0,584
01/20/2022,BNA,TN,ASO,ES,Combined TRACON& Tower with Radar,466,69,74,4,613,0,2,7,18,27,466,71,81,22,640,0,0,0,640
01/21/2022,BNA,TN,ASO,ES,Combined TRACON& Tower with Radar,478,89,70,4,641,0,22,41,11,74,478,111,111,15,715,0,0,0,715
01/22/2022,BNA,TN,ASO,ES,Combined TRACON& Tower with Radar,349,68,52,2,471,0,8,54,11,73,349,76,106,13,544,0,0,0,544
01/23/2022,BNA,TN,ASO,ES,Combined TRACON& Tower with Radar,449,80,63,2,594,0,2,8,6,16,449,82,71,8,610,0,0,0,610
01/24/2022,BNA,TN,ASO,ES,Combined TRACON& Tower with Radar,457,70,65,2,594,0,9,31,0,40,457,79,96,2,634,0,0,0,634
01/25/2022,BNA,TN,ASO,ES,Combined TRACON& Tower with Radar,445,70,51,4,570,0,4,36,0,40,445,74,87,4,610,0,0,0,610
01/26/2022,BNA,TN,ASO,ES,Combined TRACON& Tower with Radar,454,73,75,4,606,0,5,46,6,57,454,78,121,10,663,0,0,0,663
01/27/2022,BNA,TN,ASO,ES,Combined TRACON& Tower with Radar,484,84,66,4,638,0,2,32,5,39,484,86,98,9,677,0,0,0,677
01/28/2022,BNA,TN,ASO,ES,Combined TRACON& Tower with Radar,467,77,54,1,599,0,0,7,0,7,467,77,61,1,606,0,0,0,606
01/29/2022,BNA,TN,ASO,ES,Combined TRACON& Tower with Radar,310,48,44,3,405,0,4,67,3,74,310,52,111,6,479,0,0,0,479
01/30/2022,BNA,TN,ASO,ES,Combined TRACON& Tower with Radar,433,61,45,0,539,0,3,16,1,20,433,64,61,1,559,0,0,0,559
01/31/2022,BNA,TN,ASO,ES,Combined TRACON& Tower with Radar,457,47,49,11,564,0,2,53,6,61,457,49,102,17,625,0,0,0,625
02/01/2022,BNA,TN,ASO,ES,Combined TRACON& Tower with Radar,443,69,61,1,574,0,3,58,7,68,443,72,119,8,642,0,0,0,642
02/02/2022,BNA,TN,ASO,ES,Combined TRACON& Tower with Radar,440,84,70,3,597,0,0,1,0,1,440,84,71,3,598,0,0,0,598
02/03/2022,BNA,TN,ASO,ES,Combined TRACON& Tower with Radar,376,55,48,2,481,0,0,0,0,0,376,55,48,2,481,0,0,0,481
02/04/2022,BNA,TN,ASO,ES,Combined TRACON& Tower with Radar,372,62,49,1,484,0,0,6,4,10,372,62,55,5,494,0,0,0,494
02/05/2022,BNA,TN,ASO,ES,Combined TRACON& Tower with Radar,352,36,37,5,430,0,4,61,0,65,352,40,98,5,495,0,0,0,495
02/06/2022,BNA,TN,ASO,ES,Combined TRACON& Tower with Radar,447,81,70,0,598,0,5,19,13,37,447,86,89,13,635,0,0,0,635
02/07/2022,BNA,TN,ASO,ES,Combined TRACON& Tower with Radar,466,55,69,1,591,0,2,72,3,77,466,57,141,4,668,0,0,0,668
02/08/2022,BNA,TN,ASO,ES,Combined TRACON& Tower with Radar,453,84,73,8,618,0,6,58,0,64,453,90,131,8,682,0,0,0,682
02/09/2022,BNA,TN,ASO,ES,Combined TRACON& Tower with Radar,472,75,102,5,654,0,5,45,2,52,472,80,147,7,706,0,0,0,706
02/10/2022,BNA,TN,ASO,ES,Combined TRACON& Tower with Radar,490,84,99,0,673,0,4,43,21,68,490,88,142,21,741,0,0,0,741
02/11/2022,BNA,TN,ASO,ES,Combined TRACON& Tower with Radar,483,85,96,5,669,0,2,16,3,21,483,87,112,8,690,0,0,0,690
02/12/2022,BNA,TN,ASO,ES,Combined TRACON& Tower with Radar,364,50,57,5,476,0,0,33,1,34,364,50,90,6,510,0,0,0,510
02/13/2022,BNA,TN,ASO,ES,Combined TRACON& Tower with Radar,438,75,57,8,578,0,2,15,1,18,438,77,72,9,596,0,0,0,596
02/14/2022,BNA,TN,ASO,ES,Combined TRACON& Tower with Radar,480,64,67,1,612,0,4,36,7,47,480,68,103,8,659,0,0,0,659
02/15/2022,BNA,TN,ASO,ES,Combined TRACON& Tower with Radar,459,64,95,2,620,0,5,38,12,55,459,69,133,14,675,0,0,0,675
02/16/2022,BNA,TN,ASO,ES,Combined TRACON& Tower with Radar,459,62,92,6,619,0,4,17,10,31,459,66,109,16,650,0,0,0,650
02/17/2022,BNA,TN,ASO,ES,Combined TRACON& Tower with Radar,487,93,57,1,638,0,0,1,0,1,487,93,58,1,639,0,0,0,639
02/18/2022,BNA,TN,ASO,ES,Combined TRACON& Tower with Radar,512,92,96,3,703,0,3,40,4,47,512,95,136,7,750,0,0,0,750
02/19/2022,BNA,TN,ASO,ES,Combined TRACON& Tower with Radar,377,38,39,2,456,0,6,42,0,48,377,44,81,2,504,0,0,0,504
02/20/2022,BNA,TN,ASO,ES,Combined TRACON& Tower with Radar,449,62,57,4,572,0,9,18,3,30,449,71,75,7,602,0,0,0,602
02/21/2022,BNA,TN,ASO,ES,Combined TRACON& Tower with Radar,497,83,58,0,638,0,2,17,0,19,497,85,75,0,657,0,0,0,657
02/22/2022,BNA,TN,ASO,ES,Combined TRACON& Tower with Radar,460,54,68,0,582,0,0,3,0,3,460,54,71,0,585,0,0,0,585
02/23/2022,BNA,TN,ASO,ES,Combined TRACON& Tower with Radar,470,85,76,2,633,0,0,2,0,2,470,85,78,2,635,0,0,0,635
02/24/2022,BNA,TN,ASO,ES,Combined TRACON& Tower with Radar,509,75,80,0,664,0,0,0,0,0,509,75,80,0,664,0,0,0,664
02/25/2022,BNA,TN,ASO,ES,Combined TRACON& Tower with Radar,489,89,98,3,679,0,0,8,10,18,489,89,106,13,697,0,0,0,697
02/26/2022,BNA,TN,ASO,ES,Combined TRACON& Tower with Radar,387,64,51,0,502,0,1,17,12,30,387,65,68,12,532,0,0,0,532
02/27/2022,BNA,TN,ASO,ES,Combined TRACON& Tower with Radar,469,98,89,1,657,0,7,16,5,28,469,105,105,6,685,0,0,0,685
02/28/2022,BNA,TN,ASO,ES,Combined TRACON& Tower with Radar,502,71,77,4,654,0,11,52,9,72,502,82,129,13,726,0,0,0,726
03/01/2022,BNA,TN,ASO,ES,Combined TRACON& Tower with Radar,461,69,71,4,605,0,8,51,9,68,461,77,122,13,673,0,0,0,673
03/02/2022,BNA,TN,ASO,ES,Combined TRACON& Tower with Radar,480,74,81,4,639,1,7,57,4,69,481,81,138,8,708,0,0,0,708
03/03/2022,BNA,TN,ASO,ES,Combined TRACON& Tower with Radar,509,88,85,1,683,0,9,54,12,75,509,97,139,13,758,0,0,0,758
03/04/2022,BNA,TN,ASO,ES,Combined TRACON& Tower with Radar,492,105,108,1,706,0,3,39,4,46,492,108,147,5,752,0,0,0,752
03/05/2022,BNA,TN,ASO,ES,Combined TRACON& Tower with Radar,383,54,49,0,486,0,1,13,6,20,383,55,62,6,506,0,0,0,506
03/06/2022,BNA,TN,ASO,ES,Combined TRACON& Tower with Radar,455,89,67,0,611,0,0,0,9,9,455,89,67,9,620,0,0,0,620
03/07/2022,BNA,TN,ASO,ES,Combined TRACON& Tower with Radar,483,71,78,0,632,0,1,5,1,7,483,72,83,1,639,0,0,0,639
03/08/2022,BNA,TN,ASO,ES,Combined TRACON& Tower with Radar,444,95,125,1,665,0,0,24,4,28,444,95,149,5,693,0,0,0,693
03/09/2022,BNA,TN,ASO,ES,Combined TRACON& Tower with Radar,440,106,99,3,648,0,4,25,3,32,440,110,124,6,680,0,0,0,680
03/10/2022,BNA,TN,ASO,ES,Combined TRACON& Tower with Radar,487,99,96,7,689,0,4,40,17,61,487,103,136,24,750,0,0,0,750
03/11/2022,BNA,TN,ASO,ES,Combined TRACON& Tower with Radar,461,102,118,3,684,0,1,30,3,34,461,103,148,6,718,0,0,0,718
03/12/2022,BNA,TN,ASO,ES,Combined TRACON& Tower with Radar,363,82,52,0,497,0,3,10,1,14,363,85,62,1,511,0,0,0,511
03/13/2022,BNA,TN,ASO,ES,Combined TRACON& Tower with Radar,441,100,76,1,618,0,5,7,0,12,441,105,83,1,630,0,0,0,630
03/14/2022,BNA,TN,ASO,ES,Combined TRACON& Tower with Radar,489,44,55,2,590,0,7,46,3,56,489,51,101,5,646,0,0,0,646
03/15/2022,BNA,TN,ASO,ES,Combined TRACON& Tower with Radar,451,68,36,2,557,0,5,47,11,63,451,73,83,13,620,0,0,0,620
03/16/2022,BNA,TN,ASO,ES,Combined TRACON& Tower with Radar,466,88,81,5,640,0,1,3,2,6,466,89,84,7,646,0,0,0,646
03/17/2022,BNA,TN,ASO,ES,Combined TRACON& Tower with Radar,482,82,81,3,648,0,4,40,29,73,482,86,121,32,721,0,0,0,721
03/18/2022,BNA,TN,ASO,ES,Combined TRACON& Tower with Radar,485,86,89,5,665,0,2,11,7,20,485,88,100,12,685,0,0,0,685
03/19/2022,BNA,TN,ASO,ES,Combined TRACON& Tower with Radar,423,99,81,8,611,0,3,10,11,24,423,102,91,19,635,0,0,0,635
03/20/2022,BNA,TN,ASO,ES,Combined TRACON& Tower with Radar,481,101,89,3,674,0,10,24,7,41,481,111,113,10,715,0,0,0,715
03/21/2022,BNA,TN,ASO,ES,Combined TRACON& Tower with Radar,472,72,81,1,626,0,9,45,0,54,472,81,126,1,680,0,0,0,680
03/22/2022,BNA,TN,ASO,ES,Combined TRACON& Tower with Radar,444,62,60,0,566,0,0,13,2,15,444,62,73,2,581,0,0,0,581
03/23/2022,BNA,TN,ASO,ES,Combined TRACON& Tower with Radar,464,76,80,1,621,0,0,5,3,8,464,76,85,4,629,0,0,0,629
03/24/2022,BNA,TN,ASO,ES,Combined TRACON& Tower with Radar,497,82,112,8,699,0,0,25,10,35,497,82,137,18,734,0,0,0,734
03/25/2022,BNA,TN,ASO,ES,Combined TRACON& Tower with Radar,490,79,60,4,633,0,3,40,7,50,490,82,100,11,683,0,0,0,683
03/26/2022,BNA,TN,ASO,ES,Combined TRACON& Tower with Radar,421,66,45,3,535,0,6,10,2,18,421,72,55,5,553,0,0,0,553
03/27/2022,BNA,TN,ASO,ES,Combined TRACON& Tower with Radar,468,86,75,5,634,0,8,22,4,34,468,94,97,9,668,0,0,0,668
03/28/2022,BNA,TN,ASO,ES,Combined TRACON& Tower with Radar,486,62,93,2,643,0,5,53,14,72,486,67,146,16,715,0,0,0,715
03/29/2022,BNA,TN,ASO,ES,Combined TRACON& Tower with Radar,439,70,97,3,609,0,4,51,7,62,439,74,148,10,671,0,0,0,671
03/30/2022,BNA,TN,ASO,ES,Combined TRACON& Tower with Radar,447,70,82,6,605,0,6,2,1,9,447,76,84,7,614,0,0,0,614
03/31/2022,BNA,TN,ASO,ES,Combined TRACON& Tower with Radar,480,76,119,4,679,0,0,7,17,24,480,76,126,21,703,0,0,0,703
04/01/2022,BNA,TN,ASO,ES,Combined TRACON& Tower with Radar,485,90,84,6,665,0,7,49,4,60,485,97,133,10,725,0,0,0,725
04/02/2022,BNA,TN,ASO,ES,Combined TRACON& Tower with Radar,374,63,50,15,502,0,4,56,1,61,374,67,106,16,563,0,0,0,563
04/03/2022,BNA,TN,ASO,ES,Combined TRACON& Tower with Radar,425,100,78,18,621,0,7,23,2,32,425,107,101,20,653,0,0,0,653
04/04/2022,BNA,TN,ASO,ES,Combined TRACON& Tower with Radar,494,71,91,4,660,0,1,33,4,38,494,72,124,8,698,0,0,0,698
04/05/2022,BNA,TN,ASO,ES,Combined TRACON& Tower with Radar,476,73,98,10,657,0,0,8,3,11,476,73,106,13,668,0,0,0,668
04/06/2022,BNA,TN,ASO,ES,Combined TRACON& Tower with Radar,502,99,93,11,705,0,0,0,0,0,502,99,93,11,705,0,0,0,705
04/07/2022,BNA,TN,ASO,ES,Combined TRACON& Tower with Radar,506,90,117,4,717,0,6,33,19,58,506,96,150,23,775,3,0,3,778
04/08/2022,BNA,TN,ASO,ES,Combined TRACON& Tower with Radar,515,84,98,3,700,0,1,10,8,19,515,85,108,11,719,0,0,0,719
04/09/2022,BNA,TN,ASO,ES,Combined TRACON& Tower with Radar,403,59,39,4,505,0,6,19,5,30,403,65,58,9,535,0,0,0,535
04/10/2022,BNA,TN,ASO,ES,Combined TRACON& Tower with Radar,486,76,88,2,652,0,0,17,2,19,486,76,105,4,671,0,0,0,671
04/11/2022,BNA,TN,ASO,ES,Combined TRACON& Tower with Radar,504,80,83,1,668,0,0,7,0,7,504,80,90,1,675,0,0,0,675
04/12/2022,BNA,TN,ASO,ES,Combined TRACON& Tower with Radar,476,57,70,1,604,1,1,11,4,17,477,58,81,5,621,0,0,0,621
04/13/2022,BNA,TN,ASO,ES,Combined TRACON& Tower with Radar,489,64,80,1,634,0,0,4,3,7,489,64,84,4,641,0,0,0,641
04/14/2022,BNA,TN,ASO,ES,Combined TRACON& Tower with Radar,551,85,126,0,762,0,0,65,13,78,551,85,191,13,840,0,0,0,840
04/15/2022,BNA,TN,ASO,ES,Combined TRACON& Tower with Radar,510,68,55,15,648,0,3,53,0,56,510,71,108,15,704,0,0,0,704
04/16/2022,BNA,TN,ASO,ES,Combined TRACON& Tower with Radar,411,56,54,0,521,0,0,25,0,25,411,56,79,0,546,0,0,0,546
04/17/2022,BNA,TN,ASO,ES,Combined TRACON& Tower with Radar,480,64,52,0,596,0,3,3,0,6,480,67,55,0,602,0,0,0,602
04/18/2022,BNA,TN,ASO,ES,Combined TRACON& Tower with Radar,514,81,82,2,679,0,0,11,0,11,514,81,93,2,690,0,0,0,690
04/19/2022,BNA,TN,ASO,ES,Combined TRACON& Tower with Radar,494,78,84,8,664,0,4,61,15,80,494,82,145,23,744,0,0,0,744
04/20/2022,BNA,TN,ASO,ES,Combined TRACON& Tower with Radar,494,85,81,1,661,0,5,35,8,48,494,90,116,9,709,0,0,0,709
04/21/2022,BNA,TN,ASO,ES,Combined TRACON& Tower with Radar,534,87,99,5,725,0,2,30,18,50,534,89,129,23,775,0,0,0,775
04/22/2022,BNA,TN,ASO,ES,Combined TRACON& Tower with Radar,533,90,92,7,722,0,0,57,16,73,533,90,149,23,795,0,0,0,795
04/23/2022,BNA,TN,ASO,ES,Combined TRACON& Tower with Radar,419,75,50,4,548,0,1,49,4,54,419,76,99,8,602,0,0,0,602
04/24/2022,BNA,TN,ASO,ES,Combined TRACON& Tower with Radar,487,103,106,3,699,0,2,7,3,12,487,105,113,6,711,0,0,0,711
04/25/2022,BNA,TN,ASO,ES,Combined TRACON& Tower with Radar,507,87,81,0,675,0,0,4,2,6,507,87,85,2,681,0,0,0,681
04/26/2022,BNA,TN,ASO,ES,Combined TRACON& Tower with Radar,497,91,83,9,680,0,2,44,6,52,497,93,127,15,732,0,0,0,732
04/27/2022,BNA,TN,ASO,ES,Combined TRACON& Tower with Radar,503,102,123,5,733,0,5,53,13,71,503,107,176,18,804,0,0,0,804
04/28/2022,BNA,TN,ASO,ES,Combined TRACON& Tower with Radar,537,110,117,5,769,0,3,42,17,62,537,113,159,22,831,0,0,0,831
04/29/2022,BNA,TN,ASO,ES,Combined TRACON& Tower with Radar,528,116,92,2,738,0,5,46,0,51,528,121,138,2,789,0,0,0,789
04/30/2022,BNA,TN,ASO,ES,Combined TRACON& Tower with Radar,425,77,78,0,580,0,0,44,0,44,425,77,122,0,624,0,0,0,624
05/01/2022,BNA,TN,ASO,ES,Combined TRACON& Tower with Radar,493,105,82,2,682,0,2,9,0,11,493,107,91,2,693,0,0,0,693
05/02/2022,BNA,TN,ASO,ES,Combined TRACON& Tower with Radar,514,67,65,4,650,0,4,39,2,45,514,71,104,6,695,0,0,0,695
05/03/2022,BNA,TN,ASO,ES,Combined TRACON& Tower with Radar,507,80,100,3,690,0,2,5,0,7,507,82,105,3,697,0,0,0,697
05/04/2022,BNA,TN,ASO,ES,Combined TRACON& Tower with Radar,493,90,131,1,715,0,2,53,6,61,493,92,184,7,776,0,0,0,776
05/05/2022,BNA,TN,ASO,ES,Combined TRACON& Tower with Radar,525,107,105,2,739,0,2,37,8,47,525,109,142,10,786,0,0,0,786
05/06/2022,BNA,TN,ASO,ES,Combined TRACON& Tower with Radar,550,96,78,2,726,0,0,4,2,6,550,96,82,4,732,0,0,0,732
05/07/2022,BNA,TN,ASO,ES,Combined TRACON& Tower with Radar,441,71,78,6,596,0,0,3,2,5,441,71,81,8,601,0,0,0,601
05/08/2022,BNA,TN,ASO,ES,Combined TRACON& Tower with Radar,506,97,96,0,699,0,2,12,4,18,506,99,108,4,717,0,0,0,717
05/09/2022,BNA,TN,ASO,ES,Combined TRACON& Tower with Radar,546,87,99,3,735,0,4,47,0,51,546,91,146,3,786,0,0,0,786
05/10/2022,BNA,TN,ASO,ES,Combined TRACON& Tower with Radar,499,78,98,3,678,0,5,41,2,48,499,83,139,5,726,0,0,0,726
05/11/2022,BNA,TN,ASO,ES,Combined TRACON& Tower with Radar,513,85,130,4,732,0,3,42,12,57,513,88,172,16,789,0,0,0,789
05/12/2022,BNA,TN,ASO,ES,Combined TRACON& Tower with Radar,537,105,126,6,774,0,0,41,9,50,537,105,167,15,824,0,0,0,824
05/13/2022,BNA,TN,ASO,ES,Combined TRACON& Tower with Radar,548,88,74,7,717,0,4,36,3,43,548,92,110,10,760,0,0,0,760
05/14/2022,BNA,TN,ASO,ES,Combined TRACON& Tower with Radar,453,63,60,3,579,0,0,34,2,36,453,63,94,5,615,0,0,0,615
05/15/2022,BNA,TN,ASO,ES,Combined TRACON& Tower with Radar,520,87,77,3,687,0,0,14,0,14,520,87,91,3,701,0,0,0,701
05/16/2022,BNA,TN,ASO,ES,Combined TRACON& Tower with Radar,531,72,88,1,692,0,9,31,0,40,531,81,119,1,732,0,0,0,732
05/17/2022,BNA,TN,ASO,ES,Combined TRACON& Tower with Radar,509,81,77,0,667,0,7,44,8,59,509,88,121,8,726,0,0,0,726
05/18/2022,BNA,TN,ASO,ES,Combined TRACON& Tower with Radar,517,64,104,0,685,0,8,52,4,64,517,72,156,4,749,0,0,0,749
05/19/2022,BNA,TN,ASO,ES,Combined TRACON& Tower with Radar,544,88,87,0,719,0,5,60,10,75,544,93,147,10,794,0,0,0,794
05/20/2022,BNA,TN,ASO,ES,Combined TRACON& Tower with Radar,530,84,81,11,706,0,7,28,21,56,530,91,109,32,762,0,0,0,762
05/21/2022,BNA,TN,ASO,ES,Combined TRACON& Tower with Radar,449,50,51,1,551,0,5,57,4,66,449,55,108,5,617,0,0,0,617
05/22/2022,BNA,TN,ASO,ES,Combined TRACON& Tower with Radar,507,94,75,4,680,0,0,7,3,10,507,94,82,7,690,0,0,0,690
05/23/2022,BNA,TN,ASO,ES,Combined TRACON& Tower with Radar,530,70,90,4,694,0,0,3,0,3,530,70,93,4,697,0,0,0,697
05/24/2022,BNA,TN,ASO,ES,Combined TRACON& Tower with Radar,511,80,99,0,690,0,0,4,3,7,511,80,103,3,697,0,0,0,697
05/25/2022,BNA,TN,ASO,ES,Combined TRACON& Tower with Radar,508,96,76,0,680,0,0,16,8,24,508,96,92,8,704,0,0,0,704
05/26/2022,BNA,TN,ASO,ES,Combined TRACON& Tower with Radar,543,99,112,0,754,0,0,7,7,14,543,99,119,7,768,0,0,0,768
05/27/2022,BNA,TN,ASO,ES,Combined TRACON& Tower with Radar,524,99,96,0,719,0,2,29,0,31,524,101,125,0,750,0,0,0,750
05/28/2022,BNA,TN,ASO,ES,Combined TRACON& Tower with Radar,437,59,55,0,551,0,0,32,2,34,437,59,87,2,585,0,0,0,585
05/29/2022,BNA,TN,ASO,ES,Combined TRACON& Tower with Radar,497,53,61,0,611,0,2,10,0,12,497,55,71,0,623,0,0,0,623
05/30/2022,BNA,TN,ASO,ES,Combined TRACON& Tower with Radar,526,58,60,0,644,0,5,34,0,39,526,63,94,0,683,0,0,0,683
05/31/2022,BNA,TN,ASO,ES,Combined TRACON& Tower with Radar,501,61,71,2,635,0,6,61,0,67,501,67,132,2,702,0,0,0,702
06/01/2022,BNA,TN,ASO,ES,Combined TRACON& Tower with Radar,505,77,65,2,649,0,4,75,2,81,505,81,140,4,730,0,0,0,730
06/02/2022,BNA,TN,ASO,ES,Combined TRACON& Tower with Radar,527,83,97,2,709,0,1,32,21,54,527,84,129,23,763,0,0,0,763
06/03/2022,BNA,TN,ASO,ES,Combined TRACON& Tower with Radar,532,77,83,7,699,0,4,45,14,63,532,81,128,21,762,0,0,0,762
06/04/2022,BNA,TN,ASO,ES,Combined TRACON& Tower with Radar,447,56,34,3,540,0,2,64,22,88,447,58,98,25,628,0,0,0,628
06/05/2022,BNA,TN,ASO,ES,Combined TRACON& Tower with Radar,517,88,70,5,680,0,2,21,0,23,517,90,91,5,703,0,0,0,703
06/06/2022,BNA,TN,ASO,ES,Combined TRACON& Tower with Radar,536,58,58,1,653,0,0,30,7,37,536,58,88,8,690,0,0,0,690
06/07/2022,BNA,TN,ASO,ES,Combined TRACON& Tower with Radar,530,58,84,0,672,0,0,16,7,23,530,58,100,7,695,0,0,0,695
06/08/2022,BNA,TN,ASO,ES,Combined TRACON& Tower with Radar,527,69,85,0,681,0,2,30,2,34,527,71,115,2,715,0,0,0,715
06/09/2022,BNA,TN,ASO,ES,Combined TRACON& Tower with Radar,541,86,115,1,743,0,7,63,12,82,541,93,178,13,825,0,0,0,825
06/10/2022,BNA,TN,ASO,ES,Combined TRACON& Tower with Radar,542,83,56,4,685,0,7,38,6,51,542,90,94,10,736,0,0,0,736
06/11/2022,BNA,TN,ASO,ES,Combined TRACON& Tower with Radar,461,64,49,2,576,0,9,41,5,55,461,73,90,7,631,0,0,0,631
06/12/2022,BNA,TN,ASO,ES,Combined TRACON& Tower with Radar,518,79,66,7,670,0,6,18,0,24,518,85,84,7,694,0,0,0,694
06/13/2022,BNA,TN,ASO,ES,Combined TRACON& Tower with Radar,521,73,90,1,685,0,2,47,1,50,521,75,137,2,735,0,0,0,735
06/14/2022,BNA,TN,ASO,ES,Combined TRACON& Tower with Radar,523,64,80,3,670,0,4,45,4,53,523,68,125,7,723,0,0,0,723
06/15/2022,BNA,TN,ASO,ES,Combined TRACON& Tower with Radar,540,89,91,4,724,0,5,57,5,67,540,94,148,9,791,0,0,0,791
06/16/2022,BNA,TN,ASO,ES,Combined TRACON& Tower with Radar,535,75,64,4,678,0,12,42,23,77,535,87,106,27,755,0,0,0,755
06/17/2022,BNA,TN,ASO,ES,Combined TRACON& Tower with Radar,515,76,69,1,661,0,4,27,6,37,515,80,96,7,698,0,0,0,698
06/18/2022,BNA,TN,ASO,ES,Combined TRACON& Tower with Radar,453,74,39,3,569,0,0,51,8,59,453,74,90,11,628,0,0,0,628
06/19/2022,BNA,TN,ASO,ES,Combined TRACON& Tower with Radar,512,78,47,1,638,0,1,8,3,12,512,79,55,4,650,0,0,0,650
06/20/2022,BNA,TN,ASO,ES,Combined TRACON& Tower with Radar,539,67,51,1,658,0,4,35,2,41,539,71,86,3,699,0,0,0,699
06/21/2022,BNA,TN,ASO,ES,Combined TRACON& Tower with Radar,523,66,77,2,668,0,8,43,4,55,523,74,120,6,723,0,0,0,723
06/22/2022,BNA,TN,ASO,ES,Combined TRACON& Tower with Radar,499,73,72,2,646,0,5,46,12,63,499,78,118,14,709,0,0,0,709
06/23/2022,BNA,TN,ASO,ES,Combined TRACON& Tower with Radar,549,92,93,1,735,0,1,40,14,55,549,93,133,15,790,0,0,0,790
06/24/2022,BNA,TN,ASO,ES,Combined TRACON& Tower with Radar,527,100,88,4,719,0,6,40,0,46,527,106,128,4,765,0,0,0,765
06/25/2022,BNA,TN,ASO,ES,Combined TRACON& Tower with Radar,456,55,34,2,547,0,5,40,1,46,456,60,74,3,593,0,0,0,593
06/26/2022,BNA,TN,ASO,ES,Combined TRACON& Tower with Radar,516,87,54,4,661,0,4,5,2,11,516,91,59,6,672,0,0,0,672
06/27/2022,BNA,TN,ASO,ES,Combined TRACON& Tower with Radar,518,63,71,6,658,0,3,30,1,34,518,66,101,7,692,0,0,0,692
06/28/2022,BNA,TN,ASO,ES,Combined TRACON& Tower with Radar,507,54,67,0,628,0,4,63,2,69,507,58,130,2,697,0,0,0,697
06/29/2022,BNA,TN,ASO,ES,Combined TRACON& Tower with Radar,516,73,58,7,654,0,5,43,1,49,516,78,101,8,703,0,0,0,703
06/30/2022,BNA,TN,ASO,ES,Combined TRACON& Tower with Radar,549,70,80,2,701,0,1,23,13,37,549,71,103,15,738,0,0,0,738
07/01/2022,BNA,TN,ASO,ES,Combined TRACON& Tower with Radar,540,78,63,1,682,0,3,43,0,46,540,81,106,1,728,0,0,0,728
07/02/2022,BNA,TN,ASO,ES,Combined TRACON& Tower with Radar,456,67,51,1,575,0,0,19,2,21,456,67,70,3,596,0,0,0,596
07/03/2022,BNA,TN,ASO,ES,Combined TRACON& Tower with Radar,511,53,34,0,598,0,0,6,0,6,511,53,40,0,604,0,0,0,604
07/04/2022,BNA,TN,ASO,ES,Combined TRACON& Tower with Radar,524,47,18,0,589,0,0,19,0,19,524,47,37,0,608,0,0,0,608
07/05/2022,BNA,TN,ASO,ES,Combined TRACON& Tower with Radar,520,66,54,0,640,0,1,26,3,30,520,67,80,3,670,0,0,0,670
07/06/2022,BNA,TN,ASO,ES,Combined TRACON& Tower with Radar,526,83,48,2,659,0,0,33,4,37,526,83,81,6,696,0,0,0,696
07/07/2022,BNA,TN,ASO,ES,Combined TRACON& Tower with Radar,546,82,56,0,684,0,0,26,8,34,546,82,82,8,718,0,0,0,718
07/08/2022,BNA,TN,ASO,ES,Combined TRACON& Tower with Radar,553,74,58,11,696,0,1,25,7,33,553,75,83,18,729,0,0,0,729
07/09/2022,BNA,TN,ASO,ES,Combined TRACON& Tower with Radar,471,64,34,2,571,0,0,8,2,10,471,64,42,4,581,0,0,0,581
07/10/2022,BNA,TN,ASO,ES,Combined TRACON& Tower with Radar,537,96,81,8,722,0,2,7,0,9,537,98,88,8,731,0,0,0,731
07/11/2022,BNA,TN,ASO,ES,Combined TRACON& Tower with Radar,548,65,43,4,660,0,2,34,1,37,548,67,77,5,697,0,0,0,697
07/12/2022,BNA,TN,ASO,ES,Combined TRACON& Tower with Radar,515,74,68,0,657,0,0,24,5,29,515,74,92,5,686,0,0,0,686
07/13/2022,BNA,TN,ASO,ES,Combined TRACON& Tower with Radar,538,54,62,1,655,0,2,42,4,48,538,56,104,5,703,0,0,0,703
07/14/2022,BNA,TN,ASO,ES,Combined TRACON& Tower with Radar,558,73,77,5,713,0,1,45,23,69,558,74,122,28,782,0,0,0,782
07/15/2022,BNA,TN,ASO,ES,Combined TRACON& Tower with Radar,549,67,86,4,706,0,4,54,9,67,549,71,140,13,773,0,0,0,773
07/16/2022,BNA,TN,ASO,ES,Combined TRACON& Tower with Radar,480,44,37,3,564,0,1,42,2,45,480,45,79,5,609,0,0,0,609
07/17/2022,BNA,TN,ASO,ES,Combined TRACON& Tower with Radar,541,90,57,4,692,0,0,14,3,17,541,90,71,7,709,0,0,0,709
07/18/2022,BNA,TN,ASO,ES,Combined TRACON& Tower with Radar,530,72,56,2,660,0,2,3,1,6,530,74,59,3,666,0,0,0,666
07/19/2022,BNA,TN,ASO,ES,Combined TRACON& Tower with Radar,525,88,62,0,675,0,0,35,6,41,525,88,97,6,716,0,0,0,716
07/20/2022,BNA,TN,ASO,ES,Combined TRACON& Tower with Radar,533,63,54,5,655,0,2,78,5,85,533,65,132,10,740,0,0,0,740
07/21/2022,BNA,TN,ASO,ES,Combined TRACON& Tower with Radar,547,88,61,1,697,0,2,45,15,62,547,90,106,16,759,0,0,0,759
07/22/2022,BNA,TN,ASO,ES,Combined TRACON& Tower with Radar,561,89,79,2,731,0,0,48,3,51,561,89,127,5,782,0,0,0,782
07/23/2022,BNA,TN,ASO,ES,Combined TRACON& Tower with Radar,478,63,45,7,593,0,1,38,3,42,478,64,83,10,635,0,0,0,635
07/24/2022,BNA,TN,ASO,ES,Combined TRACON& Tower with Radar,531,93,55,9,688,0,0,24,1,25,531,93,79,10,713,0,0,0,713
07/25/2022,BNA,TN,ASO,ES,Combined TRACON& Tower with Radar,512,68,57,2,639,0,0,6,7,13,512,68,63,9,652,0,0,0,652
07/26/2022,BNA,TN,ASO,ES,Combined TRACON& Tower with Radar,520,57,60,3,640,0,0,46,1,47,520,57,106,4,687,0,0,0,687
07/27/2022,BNA,TN,ASO,ES,Combined TRACON& Tower with Radar,525,68,65,0,658,0,3,42,17,62,525,71,107,17,720,0,0,0,720
07/28/2022,BNA,TN,ASO,ES,Combined TRACON& Tower with Radar,557,72,72,1,702,0,0,26,3,29,557,72,98,4,731,0,0,0,731
07/29/2022,BNA,TN,ASO,ES,Combined TRACON& Tower with Radar,554,80,77,1,712,0,0,0,2,2,554,80,77,3,714,0,0,0,714
07/30/2022,BNA,TN,ASO,ES,Combined TRACON& Tower with Radar,472,71,50,0,593,0,0,39,2,41,472,71,89,2,634,0,0,0,634
07/31/2022,BNA,TN,ASO,ES,Combined TRACON& Tower with Radar,528,84,67,2,681,0,0,4,0,4,528,84,71,2,685,0,0,0,685
08/01/2022,BNA,TN,ASO,ES,Combined TRACON& Tower with Radar,554,77,60,4,695,0,0,30,5,35,554,77,90,9,730,0,0,0,730
08/02/2022,BNA,TN,ASO,ES,Combined TRACON& Tower with Radar,527,65,62,8,662,0,2,49,7,58,527,67,111,15,720,0,0,0,720
08/03/2022,BNA,TN,ASO,ES,Combined TRACON& Tower with Radar,518,82,75,3,678,0,9,37,8,54,518,91,112,11,732,0,0,0,732
08/04/2022,BNA,TN,ASO,ES,Combined TRACON& Tower with Radar,524,78,94,5,701,0,1,35,5,41,524,79,129,10,742,0,0,0,742
08/05/2022,BNA,TN,ASO,ES,Combined TRACON& Tower with Radar,518,77,88,0,683,0,1,18,3,22,518,78,106,3,705,0,0,0,705
08/06/2022,BNA,TN,ASO,ES,Combined TRACON& Tower with Radar,481,64,45,1,591,0,0,32,0,32,481,64,77,1,623,0,0,0,623
08/07/2022,BNA,TN,ASO,ES,Combined TRACON& Tower with Radar,531,92,82,0,705,0,2,5,4,11,531,94,87,4,716,0,0,0,716
08/08/2022,BNA,TN,ASO,ES,Combined TRACON& Tower with Radar,528,60,60,2,650,0,10,28,2,40,528,70,88,4,690,0,0,0,690
08/09/2022,BNA,TN,ASO,ES,Combined TRACON& Tower with Radar,526,61,53,0,640,0,0,22,4,26,526,61,75,4,666,0,0,0,666
08/10/2022,BNA,TN,ASO,ES,Combined TRACON& Tower with Radar,529,52,71,4,656,0,0,21,2,23,529,52,92,6,679,0,0,0,679
08/11/2022,BNA,TN,ASO,ES,Combined TRACON& Tower with Radar,563,81,89,0,733,0,0,21,10,31,563,81,110,10,764,0,0,0,764
08/12/2022,BNA,TN,ASO,ES,Combined TRACON& Tower with Radar,546,82,72,2,702,0,1,68,7,76,546,83,140,9,778,0,0,0,778
08/13/2022,BNA,TN,ASO,ES,Combined TRACON& Tower with Radar,478,50,34,2,564,1,1,48,0,50,479,51,82,2,614,0,0,0,614
08/14/2022,BNA,TN,ASO,ES,Combined TRACON& Tower with Radar,538,86,69,3,696,0,2,8,2,12,538,88,77,5,708,0,0,0,708
08/15/2022,BNA,TN,ASO,ES,Combined TRACON& Tower with Radar,547,68,51,8,674,0,0,37,1,38,547,68,88,9,712,0,0,0,712
08/16/2022,BNA,TN,ASO,ES,Combined TRACON& Tower with Radar,528,66,72,2,668,0,0,13,4,17,528,66,85,6,685,0,0,0,685
08/17/2022,BNA,TN,ASO,ES,Combined TRACON& Tower with Radar,525,76,76,5,682,0,0,24,5,29,525,76,100,10,711,0,0,0,711
08/18/2022,BNA,TN,ASO,ES,Combined TRACON& Tower with Radar,562,88,92,5,747,0,6,43,16,65,562,94,135,21,812,0,0,0,812
08/19/2022,BNA,TN,ASO,ES,Combined TRACON& Tower with Radar,568,80,50,1,699,0,2,18,10,30,568,82,68,11,729,0,0,0,729
08/20/2022,BNA,TN,ASO,ES,Combined TRACON& Tower with Radar,470,52,38,1,561,0,0,10,2,12,470,52,48,3,573,0,0,0,573
08/21/2022,BNA,TN,ASO,ES,Combined TRACON& Tower with Radar,521,90,67,2,680,0,1,9,2,12,521,91,76,4,692,0,0,0,692
08/22/2022,BNA,TN,ASO,ES,Combined TRACON& Tower with Radar,520,65,68,0,653,0,0,42,1,43,520,65,110,1,696,0,0,0,696
08/23/2022,BNA,TN,ASO,ES,Combined TRACON& Tower with Radar,530,69,73,2,674,0,3,43,2,48,530,72,116,4,722,0,0,0,722
08/24/2022,BNA,TN,ASO,ES,Combined TRACON& Tower with Radar,535,85,97,6,723,0,12,32,4,48,535,97,129,10,771,0,0,0,771
08/25/2022,BNA,TN,ASO,ES,Combined TRACON& Tower with Radar,564,89,102,5,760,0,1,17,7,25,564,90,119,12,785,0,0,0,785
08/26/2022,BNA,TN,ASO,ES,Combined TRACON& Tower with Radar,559,66,59,1,685,0,2,36,2,40,559,68,95,3,725,0,0,0,725
08/27/2022,BNA,TN,ASO,ES,Combined TRACON& Tower with Radar,474,64,21,2,561,0,6,48,0,54,474,70,69,2,615,0,0,0,615
08/28/2022,BNA,TN,ASO,ES,Combined TRACON& Tower with Radar,545,78,63,2,688,0,0,14,4,18,545,78,77,6,706,0,0,0,706
08/29/2022,BNA,TN,ASO,ES,Combined TRACON& Tower with Radar,543,60,53,3,659,0,3,16,3,22,543,63,69,6,681,0,0,0,681
08/30/2022,BNA,TN,ASO,ES,Combined TRACON& Tower with Radar,505,78,91,2,676,0,0,14,1,15,505,78,105,3,691,0,0,0,691
08/31/2022,BNA,TN,ASO,ES,Combined TRACON& Tower with Radar,532,84,96,1,713,0,2,56,5,63,532,86,152,6,776,0,0,0,776
09/01/2022,BNA,TN,ASO,ES,Combined TRACON& Tower with Radar,572,108,90,7,777,2,3,48,3,56,574,111,138,10,833,0,0,0,833
09/02/2022,BNA,TN,ASO,ES,Combined TRACON& Tower with Radar,572,71,78,2,723,0,0,24,0,24,572,71,102,2,747,0,0,0,747
09/03/2022,BNA,TN,ASO,ES,Combined TRACON& Tower with Radar,462,34,29,0,525,0,0,14,0,14,462,34,43,0,539,0,0,0,539
09/04/2022,BNA,TN,ASO,ES,Combined TRACON& Tower with Radar,512,57,27,2,598,0,0,5,0,5,512,57,32,2,603,0,0,0,603
09/05/2022,BNA,TN,ASO,ES,Combined TRACON& Tower with Radar,540,80,59,0,679,0,0,2,0,2,540,80,61,0,681,0,0,0,681
09/06/2022,BNA,TN,ASO,ES,Combined TRACON& Tower with Radar,521,54,58,2,635,0,0,12,4,16,521,54,70,6,651,0,0,0,651
09/07/2022,BNA,TN,ASO,ES,Combined TRACON& Tower with Radar,536,81,83,3,703,0,2,28,4,34,536,83,111,7,737,0,0,0,737
09/08/2022,BNA,TN,ASO,ES,Combined TRACON& Tower with Radar,581,105,96,0,782,0,5,38,5,48,581,110,134,5,830,0,0,0,830
09/09/2022,BNA,TN,ASO,ES,Combined TRACON& Tower with Radar,586,111,100,2,799,0,0,46,2,48,586,111,146,4,847,0,0,0,847
09/10/2022,BNA,TN,ASO,ES,Combined TRACON& Tower with Radar,469,59,53,3,584,0,0,10,2,12,469,59,63,5,596,0,0,0,596
09/11/2022,BNA,TN,ASO,ES,Combined TRACON& Tower with Radar,591,111,89,2,793,0,0,1,1,2,591,111,90,3,795,0,0,0,795
09/12/2022,BNA,TN,ASO,ES,Combined TRACON& Tower with Radar,561,80,52,2,695,0,2,26,0,28,561,82,78,2,723,0,0,0,723
09/13/2022,BNA,TN,ASO,ES,Combined TRACON& Tower with Radar,525,75,78,3,681,0,2,56,4,62,525,77,134,7,743,0,0,0,743
09/14/2022,BNA,TN,ASO,ES,Combined TRACON& Tower with Radar,532,100,78,2,712,0,5,59,4,68,532,105,137,6,780,0,0,0,780
09/15/2022,BNA,TN,ASO,ES,Combined TRACON& Tower with Radar,586,111,77,0,774,0,3,38,10,51,586,114,115,10,825,0,0,0,825
09/16/2022,BNA,TN,ASO,ES,Combined TRACON& Tower with Radar,576,122,100,2,800,0,0,27,4,31,576,122,127,6,831,0,0,0,831
09/17/2022,BNA,TN,ASO,ES,Combined TRACON& Tower with Radar,458,82,46,2,588,0,4,42,0,46,458,86,88,2,634,0,0,0,634
09/18/2022,BNA,TN,ASO,ES,Combined TRACON& Tower with Radar,585,114,101,1,801,0,7,13,3,23,585,121,114,4,824,0,0,0,824
09/19/2022,BNA,TN,ASO,ES,Combined TRACON& Tower with Radar,556,69,71,0,696,0,4,28,2,34,556,73,99,2,730,0,0,0,730
09/20/2022,BNA,TN,ASO,ES,Combined TRACON& Tower with Radar,525,62,86,6,679,0,0,35,0,35,525,62,121,6,714,0,0,0,714
09/21/2022,BNA,TN,ASO,ES,Combined TRACON& Tower with Radar,534,126,96,5,761,0,0,40,1,41,534,126,136,6,802,0,0,0,802
09/22/2022,BNA,TN,ASO,ES,Combined TRACON& Tower with Radar,571,100,119,1,791,0,0,33,8,41,571,100,152,9,832,0,0,0,832
09/23/2022,BNA,TN,ASO,ES,Combined TRACON& Tower with Radar,576,84,86,2,748,0,1,45,5,51,576,85,131,7,799,0,0,0,799
09/24/2022,BNA,TN,ASO,ES,Combined TRACON& Tower with Radar,466,74,68,6,614,0,1,28,5,34,466,75,96,11,648,0,0,0,648
09/25/2022,BNA,TN,ASO,ES,Combined TRACON& Tower with Radar,579,114,81,1,775,0,2,7,4,13,579,116,88,5,788,0,0,0,788
09/26/2022,BNA,TN,ASO,ES,Combined TRACON& Tower with Radar,563,72,64,3,702,0,4,22,3,29,563,76,86,6,731,0,0,0,731
09/27/2022,BNA,TN,ASO,ES,Combined TRACON& Tower with Radar,535,73,70,11,689,0,2,24,3,29,535,75,94,14,718,0,0,0,718
09/28/2022,BNA,TN,ASO,ES,Combined TRACON& Tower with Radar,488,76,83,4,651,0,2,45,5,52,488,78,128,9,703,0,0,0,703
09/29/2022,BNA,TN,ASO,ES,Combined TRACON& Tower with Radar,536,91,108,6,741,1,1,29,9,40,537,92,137,15,781,0,0,0,781
09/30/2022,BNA,TN,ASO,ES,Combined TRACON& Tower with Radar,530,83,65,6,684,0,0,33,9,42,530,83,98,15,726,0,0,0,726
10/01/2022,BNA,TN,ASO,ES,Combined TRACON& Tower with Radar,463,62,49,0,574,0,0,39,1,40,463,62,88,1,614,0,0,0,614
10/02/2022,BNA,TN,ASO,ES,Combined TRACON& Tower with Radar,576,94,76,0,746,0,1,9,0,10,576,95,85,0,756,0,0,0,756
10/03/2022,BNA,TN,ASO,ES,Combined TRACON& Tower with Radar,558,80,84,0,722,0,0,33,1,34,558,80,117,1,756,0,0,0,756
10/04/2022,BNA,TN,ASO,ES,Combined TRACON& Tower with Radar,518,83,71,3,675,0,2,40,3,45,518,85,111,6,720,0,0,0,720
10/05/2022,BNA,TN,ASO,ES,Combined TRACON& Tower with Radar,528,82,83,4,697,0,6,45,4,55,528,88,128,8,752,0,0,0,752
10/06/2022,BNA,TN,ASO,ES,Combined TRACON& Tower with Radar,581,98,88,2,769,0,1,53,3,57,581,99,141,5,826,0,0,0,826
10/07/2022,BNA,TN,ASO,ES,Combined TRACON& Tower with Radar,592,113,84,2,791,0,1,48,2,51,592,114,132,4,842,0,0,0,842
10/08/2022,BNA,TN,ASO,ES,Combined TRACON& Tower with Radar,486,73,50,1,610,0,0,35,0,35,486,73,85,1,645,0,0,0,645
10/09/2022,BNA,TN,ASO,ES,Combined TRACON& Tower with Radar,595,130,94,0,819,0,0,13,0,13,595,130,107,0,832,0,0,0,832
10/10/2022,BNA,TN,ASO,ES,Combined TRACON& Tower with Radar,581,85,73,1,740,0,0,46,0,46,581,85,119,1,786,0,0,0,786
10/11/2022,BNA,TN,ASO,ES,Combined TRACON& Tower with Radar,552,68,77,0,697,0,0,40,4,44,552,68,117,4,741,0,0,0,741
10/12/2022,BNA,TN,ASO,ES,Combined TRACON& Tower with Radar,563,102,122,3,790,0,1,10,0,11,563,103,132,3,801,0,0,0,801
10/13/2022,BNA,TN,ASO,ES,Combined TRACON& Tower with Radar,591,102,98,7,798,0,4,20,18,42,591,106,118,25,840,0,0,0,840
10/14/2022,BNA,TN,ASO,ES,Combined TRACON& Tower with Radar,596,97,77,1,771,0,1,33,10,44,596,98,110,11,815,0,0,0,815
10/15/2022,BNA,TN,ASO,ES,Combined TRACON& Tower with Radar,492,77,49,1,619,0,3,32,19,54,492,80,81,20,673,0,0,0,673
10/16/2022,BNA,TN,ASO,ES,Combined TRACON& Tower with Radar,595,134,116,4,849,0,1,6,9,16,595,135,122,13,865,0,0,0,865
10/17/2022,BNA,TN,ASO,ES,Combined TRACON& Tower with Radar,579,82,97,2,760,0,5,15,0,20,579,87,112,2,780,0,0,0,780
10/18/2022,BNA,TN,ASO,ES,Combined TRACON& Tower with Radar,554,104,91,1,750,0,1,22,2,25,554,105,113,3,775,0,0,0,775
10/19/2022,BNA,TN,ASO,ES,Combined TRACON& Tower with Radar,565,89,98,2,754,0,0,43,10,53,565,89,141,12,807,0,0,0,807
10/20/2022,BNA,TN,ASO,ES,Combined TRACON& Tower with Radar,591,126,103,6,826,0,3,34,15,52,591,129,137,21,878,0,0,0,878
10/21/2022,BNA,TN,ASO,ES,Combined TRACON& Tower with Radar,596,103,96,0,795,0,1,35,0,36,596,104,131,0,831,0,0,0,831
10/22/2022,BNA,TN,ASO,ES,Combined TRACON& Tower with Radar,485,64,56,0,605,0,0,61,0,61,485,64,117,0,666,0,0,0,666
10/23/2022,BNA,TN,ASO,ES,Combined TRACON& Tower with Radar,588,117,108,0,813,0,4,15,0,19,588,121,123,0,832,0,0,0,832
10/24/2022,BNA,TN,ASO,ES,Combined TRACON& Tower with Radar,573,90,81,2,746,0,0,27,11,38,573,90,108,13,784,0,0,0,784
10/25/2022,BNA,TN,ASO,ES,Combined TRACON& Tower with Radar,527,72,76,0,675,0,0,7,3,10,527,72,83,3,685,0,0,0,685
10/26/2022,BNA,TN,ASO,ES,Combined TRACON& Tower with Radar,552,89,83,3,727,0,6,24,2,32,552,95,107,5,759,0,0,0,759
10/27/2022,BNA,TN,ASO,ES,Combined TRACON& Tower with Radar,598,108,68,3,777,0,2,36,11,49,598,110,104,14,826,0,0,0,826
10/28/2022,BNA,TN,ASO,ES,Combined TRACON& Tower with Radar,592,81,66,3,742,0,1,37,10,48,592,82,103,13,790,0,0,0,790
10/29/2022,BNA,TN,ASO,ES,Combined TRACON& Tower with Radar,479,62,38,1,580,0,5,42,5,52,479,67,80,6,632,0,0,0,632
10/30/2022,BNA,TN,ASO,ES,Combined TRACON& Tower with Radar,591,106,62,3,762,0,0,0,0,0,591,106,62,3,762,0,0,0,762
10/31/2022,BNA,TN,ASO,ES,Combined TRACON& Tower with Radar,556,64,41,1,662,0,0,3,0,3,556,64,44,1,665,0,0,0,665
11/01/2022,BNA,TN,ASO,ES,Combined TRACON& Tower with Radar,536,90,90,4,720,0,1,41,2,44,536,91,131,6,764,0,0,0,764
11/02/2022,BNA,TN,ASO,ES,Combined TRACON& Tower with Radar,556,70,81,0,707,0,1,37,2,40,556,71,118,2,747,0,0,0,747
11/03/2022,BNA,TN,ASO,ES,Combined TRACON& Tower with Radar,575,128,91,4,798,0,2,42,10,54,575,130,133,14,852,0,0,0,852
11/04/2022,BNA,TN,ASO,ES,Combined TRACON& Tower with Radar,558,89,108,3,758,0,4,25,8,37,558,93,133,11,795,0,0,0,795
11/05/2022,BNA,TN,ASO,ES,Combined TRACON& Tower with Radar,478,69,37,1,585,0,0,0,0,0,478,69,37,1,585,0,0,0,585
11/06/2022,BNA,TN,ASO,ES,Combined TRACON& Tower with Radar,534,109,103,6,752,0,0,3,2,5,534,109,106,8,757,0,0,0,757
11/07/2022,BNA,TN,ASO,ES,Combined TRACON& Tower with Radar,561,86,74,7,728,0,1,18,4,23,561,87,92,11,751,0,0,0,751
11/08/2022,BNA,TN,ASO,ES,Combined TRACON& Tower with Radar,526,125,124,6,781,0,0,44,2,46,526,125,168,8,827,0,0,0,827
11/09/2022,BNA,TN,ASO,ES,Combined TRACON& Tower with Radar,517,108,126,1,752,0,5,42,9,56,517,113,168,10,808,0,0,0,808
11/10/2022,BNA,TN,ASO,ES,Combined TRACON& Tower with Radar,545,118,148,3,814,0,1,40,16,57,545,119,188,19,871,0,0,0,871
11/11/2022,BNA,TN,ASO,ES,Combined TRACON& Tower with Radar,573,106,82,5,766,0,0,5,2,7,573,106,87,7,773,0,0,0,773
11/12/2022,BNA,TN,ASO,ES,Combined TRACON& Tower with Radar,500,81,33,0,614,0,0,0,0,0,500,81,33,0,614,0,0,0,614
11/13/2022,BNA,TN,ASO,ES,Combined TRACON& Tower with Radar,545,129,97,0,771,0,1,10,2,13,545,130,107,2,784,0,0,0,784
11/14/2022,BNA,TN,ASO,ES,Combined TRACON& Tower with Radar,558,99,93,1,751,0,0,34,0,34,558,99,127,1,785,0,0,0,785
11/15/2022,BNA,TN,ASO,ES,Combined TRACON& Tower with Radar,532,100,101,1,734,0,0,0,0,0,532,100,101,1,734,0,0,0,734
11/16/2022,BNA,TN,ASO,ES,Combined TRACON& Tower with Radar,533,92,110,3,738,0,1,31,12,44,533,93,141,15,782,0,0,0,782
11/17/2022,BNA,TN,ASO,ES,Combined TRACON& Tower with Radar,567,114,113,4,798,0,4,41,14,59,567,118,154,18,857,0,0,0,857
11/18/2022,BNA,TN,ASO,ES,Combined TRACON& Tower with Radar,574,120,92,7,793,0,0,50,8,58,574,120,142,15,851,0,0,0,851
11/19/2022,BNA,TN,ASO,ES,Combined TRACON& Tower with Radar,503,69,38,1,611,0,1,45,0,46,503,70,83,1,657,0,0,0,657
11/20/2022,BNA,TN,ASO,ES,Combined TRACON& Tower with Radar,553,95,52,5,705,0,2,8,1,11,553,97,60,6,716,0,0,0,716
11/21/2022,BNA,TN,ASO,ES,Combined TRACON& Tower with Radar,559,109,61,2,731,0,2,35,0,37,559,111,96,2,768,0,0,0,768
11/22/2022,BNA,TN,ASO,ES,Combined TRACON& Tower with Radar,583,115,88,0,786,0,0,35,0,35,583,115,123,0,821,0,0,0,821
11/23/2022,BNA,TN,ASO,ES,Combined TRACON& Tower with Radar,577,94,51,0,722,0,0,41,0,41,577,94,92,0,763,0,0,0,763
11/24/2022,BNA,TN,ASO,ES,Combined TRACON& Tower with Radar,376,37,14,1,428,0,0,4,0,4,376,37,18,1,432,0,0,0,432
11/25/2022,BNA,TN,ASO,ES,Combined TRACON& Tower with Radar,499,57,27,3,586,0,0,16,0,16,499,57,43,3,602,0,0,0,602
11/26/2022,BNA,TN,ASO,ES,Combined TRACON& Tower with Radar,529,85,53,0,667,0,0,30,0,30,529,85,83,0,697,0,0,0,697
11/27/2022,BNA,TN,ASO,ES,Combined TRACON& Tower with Radar,552,98,96,2,748,0,0,2,0,2,552,98,98,2,750,0,0,0,750
11/28/2022,BNA,TN,ASO,ES,Combined TRACON& Tower with Radar,583,72,56,0,711,0,0,9,0,9,583,72,65,0,720,0,0,0,720
11/29/2022,BNA,TN,ASO,ES,Combined TRACON& Tower with Radar,527,63,60,2,652,0,0,15,2,17,527,63,75,4,669,0,0,0,669
11/30/2022,BNA,TN,ASO,ES,Combined TRACON& Tower with Radar,528,57,75,0,660,1,1,28,4,34,529,58,103,4,694,0,0,0,694
12/01/2022,BNA,TN,ASO,ES,Combined TRACON& Tower with Radar,556,105,108,2,771,0,4,42,14,60,556,109,150,16,831,0,0,0,831
12/02/2022,BNA,TN,ASO,ES,Combined TRACON& Tower with Radar,540,77,93,8,718,0,0,16,0,16,540,77,109,8,734,0,0,0,734
12/03/2022,BNA,TN,ASO,ES,Combined TRACON& Tower with Radar,476,58,54,5,593,0,0,10,3,13,476,58,64,8,606,0,0,0,606
12/04/2022,BNA,TN,ASO,ES,Combined TRACON& Tower with Radar,547,97,62,0,706,0,3,5,2,10,547,100,67,2,716,0,0,0,716
12/05/2022,BNA,TN,ASO,ES,Combined TRACON& Tower with Radar,545,74,82,0,701,0,0,0,0,0,545,74,82,0,701,0,0,0,701
12/06/2022,BNA,TN,ASO,ES,Combined TRACON& Tower with Radar,525,76,75,0,676,0,0,0,0,0,525,76,75,0,676,0,0,0,676
12/07/2022,BNA,TN,ASO,ES,Combined TRACON& Tower with Radar,541,81,64,2,688,0,0,0,0,0,541,81,64,2,688,0,0,0,688
12/08/2022,BNA,TN,ASO,ES,Combined TRACON& Tower with Radar,570,89,86,2,747,0,0,0,0,0,570,89,86,2,747,0,0,0,747
12/09/2022,BNA,TN,ASO,ES,Combined TRACON& Tower with Radar,558,90,88,4,740,0,0,0,0,0,558,90,88,4,740,0,0,0,740
12/10/2022,BNA,TN,ASO,ES,Combined TRACON& Tower with Radar,473,60,38,2,573,0,0,1,0,1,473,60,39,2,574,0,0,0,574
12/11/2022,BNA,TN,ASO,ES,Combined TRACON& Tower with Radar,542,98,61,2,703,0,0,0,0,0,542,98,61,2,703,0,0,0,703
12/12/2022,BNA,TN,ASO,ES,Combined TRACON& Tower with Radar,547,84,48,5,684,0,2,27,0,29,547,86,75,5,713,0,0,0,713
12/13/2022,BNA,TN,ASO,ES,Combined TRACON& Tower with Radar,519,71,84,1,675,0,0,23,4,27,519,71,107,5,702,0,0,0,702
12/14/2022,BNA,TN,ASO,ES,Combined TRACON& Tower with Radar,528,82,66,1,677,0,0,0,0,0,528,82,66,1,677,0,0,0,677
12/15/2022,BNA,TN,ASO,ES,Combined TRACON& Tower with Radar,525,111,74,3,713,0,2,29,12,43,525,113,103,15,756,0,0,0,756
12/16/2022,BNA,TN,ASO,ES,Combined TRACON& Tower with Radar,560,96,93,12,761,0,0,36,3,39,560,96,129,15,800,0,0,0,800
12/17/2022,BNA,TN,ASO,ES,Combined TRACON& Tower with Radar,488,77,35,1,601,0,3,31,1,35,488,80,66,2,636,0,0,0,636
12/18/2022,BNA,TN,ASO,ES,Combined TRACON& Tower with Radar,511,89,51,2,653,0,0,13,0,13,511,89,64,2,666,0,0,0,666
12/19/2022,BNA,TN,ASO,ES,Combined TRACON& Tower with Radar,551,76,55,4,686,0,2,41,0,43,551,78,96,4,729,0,0,0,729
12/20/2022,BNA,TN,ASO,ES,Combined TRACON& Tower with Radar,526,70,43,7,646,0,2,55,2,59,526,72,98,9,705,0,0,0,705
12/21/2022,BNA,TN,ASO,ES,Combined TRACON& Tower with Radar,538,84,43,5,670,0,4,42,4,50,538,88,85,9,720,0,0,0,720
12/22/2022,BNA,TN,ASO,ES,Combined TRACON& Tower with Radar,468,66,61,0,595,0,0,0,0,0,468,66,61,0,595,0,0,0,595
12/23/2022,BNA,TN,ASO,ES,Combined TRACON& Tower with Radar,284,57,37,0,378,0,0,4,0,4,284,57,41,0,382,0,0,0,382
12/24/2022,BNA,TN,ASO,ES,Combined TRACON& Tower with Radar,304,42,16,0,362,0,1,5,0,6,304,43,21,0,368,0,0,0,368
12/25/2022,BNA,TN,ASO,ES,Combined TRACON& Tower with Radar,304,49,13,0,366,0,0,2,0,2,304,49,15,0,368,0,0,0,368
12/26/2022,BNA,TN,ASO,ES,Combined TRACON& Tower with Radar,324,103,79,0,506,0,0,0,0,0,324,103,79,0,506,0,0,0,506
12/27/2022,BNA,TN,ASO,ES,Combined TRACON& Tower with Radar,309,97,79,0,485,0,4,20,0,24,309,101,99,0,509,0,0,0,509
12/28/2022,BNA,TN,ASO,ES,Combined TRACON& Tower with Radar,339,103,49,0,491,0,1,25,2,28,339,104,74,2,519,0,0,0,519
12/29/2022,BNA,TN,ASO,ES,Combined TRACON& Tower with Radar,363,94,80,3,540,0,0,14,0,14,363,94,94,3,554,0,0,0,554
12/30/2022,BNA,TN,ASO,ES,Combined TRACON& Tower with Radar,529,106,71,1,707,0,0,8,1,9,529,106,79,2,716,0,0,0,716
12/31/2022,BNA,TN,ASO,ES,Combined TRACON& Tower with Radar,433,70,24,1,528,0,0,5,1,6,433,70,29,2,534,0,0,0,534
01/01/2023,BNA,TN,ASO,ES,Combined TRACON& Tower with Radar,482,86,51,1,620,0,0,6,0,6,482,86,57,1,626,0,0,0,626
01/02/2023,BNA,TN,ASO,ES,Combined TRACON& Tower with Radar,505,96,82,0,683,0,0,8,0,8,505,96,90,0,691,0,0,0,691
01/03/2023,BNA,TN,ASO,ES,Combined TRACON& Tower with Radar,528,59,22,0,609,0,2,2,0,4,528,61,24,0,613,0,0,0,613
01/04/2023,BNA,TN,ASO,ES,Combined TRACON& Tower with Radar,527,57,45,9,638,0,3,46,4,53,527,60,91,13,691,0,0,0,691
01/05/2023,BNA,TN,ASO,ES,Combined TRACON& Tower with Radar,531,70,43,0,644,0,4,25,14,43,531,74,68,14,687,0,0,0,687
01/06/2023,BNA,TN,ASO,ES,Combined TRACON& Tower with Radar,536,61,48,13,658,0,1,35,5,41,536,62,83,18,699,0,0,0,699
01/07/2023,BNA,TN,ASO,ES,Combined TRACON& Tower with Radar,440,64,33,1,538,0,2,4,0,6,440,66,37,1,544,0,0,0,544
01/08/2023,BNA,TN,ASO,ES,Combined TRACON& Tower with Radar,513,98,57,5,673,0,0,1,0,1,513,98,58,5,674,0,0,0,674
01/09/2023,BNA,TN,ASO,ES,Combined TRACON& Tower with Radar,542,63,37,3,645,0,1,36,0,37,542,64,73,3,682,0,0,0,682
01/10/2023,BNA,TN,ASO,ES,Combined TRACON& Tower with Radar,527,67,38,7,639,0,2,50,8,60,527,69,88,15,699,0,0,0,699
01/11/2023,BNA,TN,ASO,ES,Combined TRACON& Tower with Radar,495,68,60,7,630,0,0,5,3,8,495,68,65,10,638,0,0,0,638
01/12/2023,BNA,TN,ASO,ES,Combined TRACON& Tower with Radar,563,65,46,4,678,0,0,1,0,1,563,65,47,4,679,0,0,0,679
01/13/2023,BNA,TN,ASO,ES,Combined TRACON& Tower with Radar,551,75,67,0,693,0,0,1,0,1,551,75,68,0,694,0,0,0,694
01/14/2023,BNA,TN,ASO,ES,Combined TRACON& Tower with Radar,429,57,29,0,515,0,2,19,0,21,429,59,48,0,536,0,0,0,536
01/15/2023,BNA,TN,ASO,ES,Combined TRACON& Tower with Radar,496,77,51,0,624,0,0,12,0,12,496,77,63,0,636,0,0,0,636
01/16/2023,BNA,TN,ASO,ES,Combined TRACON& Tower with Radar,542,68,47,0,657,0,2,17,0,19,542,70,64,0,676,0,0,0,676
01/17/2023,BNA,TN,ASO,ES,Combined TRACON& Tower with Radar,538,80,59,5,682,0,0,15,2,17,538,80,74,7,699,0,0,0,699
01/18/2023,BNA,TN,ASO,ES,Combined TRACON& Tower with Radar,537,81,66,0,684,0,0,0,0,0,537,81,66,0,684,0,0,0,684
01/19/2023,BNA,TN,ASO,ES,Combined TRACON& Tower with Radar,568,83,85,2,738,0,2,24,10,36,568,85,109,12,774,0,0,0,774
01/20/2023,BNA,TN,ASO,ES,Combined TRACON& Tower with Radar,557,75,60,8,700,0,4,62,16,82,557,79,122,24,782,0,0,0,782
01/21/2023,BNA,TN,ASO,ES,Combined TRACON& Tower with Radar,448,64,45,2,559,0,6,38,9,53,448,70,83,11,612,0,0,0,612
01/22/2023,BNA,TN,ASO,ES,Combined TRACON& Tower with Radar,527,75,41,1,644,0,0,0,0,0,527,75,41,1,644,0,0,0,644
01/23/2023,BNA,TN,ASO,ES,Combined TRACON& Tower with Radar,540,82,64,1,687,0,0,30,5,35,540,82,94,6,722,0,0,0,722
01/24/2023,BNA,TN,ASO,ES,Combined TRACON& Tower with Radar,524,74,97,0,695,0,3,39,6,48,524,77,136,6,743,0,0,0,743
01/25/2023,BNA,TN,ASO,ES,Combined TRACON& Tower with Radar,523,63,63,1,650,0,0,3,0,3,523,63,66,1,653,0,0,0,653
01/26/2023,BNA,TN,ASO,ES,Combined TRACON& Tower with Radar,550,84,82,0,716,0,1,4,10,15,550,85,86,10,731,0,0,0,731
01/27/2023,BNA,TN,ASO,ES,Combined TRACON& Tower with Radar,555,77,66,4,702,0,0,27,5,32,555,77,93,9,734,0,0,0,734
01/28/2023,BNA,TN,ASO,ES,Combined TRACON& Tower with Radar,439,59,28,1,527,0,2,58,1,61,439,61,86,2,588,0,0,0,588
01/29/2023,BNA,TN,ASO,ES,Combined TRACON& Tower with Radar,524,69,50,3,646,0,0,0,0,0,524,69,50,3,646,0,0,0,646
01/30/2023,BNA,TN,ASO,ES,Combined TRACON& Tower with Radar,535,66,50,0,651,0,0,0,0,0,535,66,50,0,651,0,0,0,651
01/31/2023,BNA,TN,ASO,ES,Combined TRACON& Tower with Radar,389,61,61,0,511,0,0,0,0,0,389,61,61,0,511,0,0,0,511
02/01/2023,BNA,TN,ASO,ES,Combined TRACON& Tower with Radar,445,68,58,1,572,0,0,0,0,0,445,68,58,1,572,0,0,0,572
02/02/2023,BNA,TN,ASO,ES,Combined TRACON& Tower with Radar,541,94,64,4,703,0,2,0,0,2,541,96,64,4,705,0,0,0,705
02/03/2023,BNA,TN,ASO,ES,Combined TRACON& Tower with Radar,542,74,73,2,691,0,3,39,0,42,542,77,112,2,733,0,0,0,733
02/04/2023,BNA,TN,ASO,ES,Combined TRACON& Tower with Radar,441,67,37,2,547,0,3,37,4,44,441,70,74,6,591,0,0,0,591
02/05/2023,BNA,TN,ASO,ES,Combined TRACON& Tower with Radar,510,89,73,5,677,0,1,12,4,17,510,90,85,9,694,0,0,0,694
02/06/2023,BNA,TN,ASO,ES,Combined TRACON& Tower with Radar,541,66,57,6,670,0,3,47,0,50,541,69,104,6,720,0,0,0,720
02/07/2023,BNA,TN,ASO,ES,Combined TRACON& Tower with Radar,533,79,61,6,679,0,1,43,13,57,533,80,104,19,736,0,0,0,736
02/08/2023,BNA,TN,ASO,ES,Combined TRACON& Tower with Radar,528,78,88,9,703,0,2,7,1,10,528,80,95,10,713,0,0,0,713
02/09/2023,BNA,TN,ASO,ES,Combined TRACON& Tower with Radar,558,83,77,4,722,0,0,4,23,27,558,83,81,27,749,0,0,0,749
02/10/2023,BNA,TN,ASO,ES,Combined TRACON& Tower with Radar,539,94,93,4,730,0,1,47,9,57,539,95,140,13,787,0,0,0,787
02/11/2023,BNA,TN,ASO,ES,Combined TRACON& Tower with Radar,443,52,35,4,534,0,0,41,3,44,443,52,76,7,578,0,0,0,578
02/12/2023,BNA,TN,ASO,ES,Combined TRACON& Tower with Radar,497,60,53,2,612,0,1,9,2,12,497,61,62,4,624,0,0,0,624
02/13/2023,BNA,TN,ASO,ES,Combined TRACON& Tower with Radar,534,75,64,0,673,0,2,37,6,45,534,77,101,6,718,0,0,0,718
02/14/2023,BNA,TN,ASO,ES,Combined TRACON& Tower with Radar,521,60,50,0,631,0,2,19,6,27,521,62,69,6,658,0,0,0,658
02/15/2023,BNA,TN,ASO,ES,Combined TRACON& Tower with Radar,518,78,89,1,686,0,0,3,7,10,518,78,92,8,696,0,0,0,696
02/16/2023,BNA,TN,ASO,ES,Combined TRACON& Tower with Radar,535,77,59,0,671,0,0,0,0,0,535,77,59,0,671,0,0,0,671
02/17/2023,BNA,TN,ASO,ES,Combined TRACON& Tower with Radar,555,99,74,4,732,0,0,11,2,13,555,99,85,6,745,0,0,0,745
02/18/2023,BNA,TN,ASO,ES,Combined TRACON& Tower with Radar,443,49,42,3,537,0,4,70,0,74,443,53,112,3,611,0,0,0,611
02/19/2023,BNA,TN,ASO,ES,Combined TRACON& Tower with Radar,504,93,67,1,665,0,2,10,0,12,504,95,77,1,677,0,0,0,677
02/20/2023,BNA,TN,ASO,ES,Combined TRACON& Tower with Radar,546,95,67,0,708,0,1,8,0,9,546,96,75,0,717,0,0,0,717
02/21/2023,BNA,TN,ASO,ES,Combined TRACON& Tower with Radar,536,95,98,6,735,0,1,37,0,38,536,96,135,6,773,0,0,0,773
02/22/2023,BNA,TN,ASO,ES,Combined TRACON& Tower with Radar,530,87,90,4,711,0,4,6,0,10,530,91,96,4,721,0,0,0,721
02/23/2023,BNA,TN,ASO,ES,Combined TRACON& Tower with Radar,553,126,119,1,799,0,0,29,2,31,553,126,148,3,830,0,0,0,830
02/24/2023,BNA,TN,ASO,ES,Combined TRACON& Tower with Radar,547,113,106,1,767,0,4,20,5,29,547,117,126,6,796,0,0,0,796
02/25/2023,BNA,TN,ASO,ES,Combined TRACON& Tower with Radar,454,70,65,1,590,0,0,0,0,0,454,70,65,1,590,0,0,0,590
02/26/2023,BNA,TN,ASO,ES,Combined TRACON& Tower with Radar,506,110,95,0,711,0,0,0,1,1,506,110,95,1,712,0,0,0,712
02/27/2023,BNA,TN,ASO,ES,Combined TRACON& Tower with Radar,557,68,64,2,691,0,0,4,0,4,557,68,68,2,695,0,0,0,695
02/28/2023,BNA,TN,ASO,ES,Combined TRACON& Tower with Radar,534,79,85,4,702,0,3,67,0,70,534,82,152,4,772,0,0,0,772
03/01/2023,BNA,TN,ASO,ES,Combined TRACON& Tower with Radar,535,88,86,3,712,0,0,31,1,32,535,88,117,4,744,0,0,0,744
03/02/2023,BNA,TN,ASO,ES,Combined TRACON& Tower with Radar,551,95,77,0,723,0,0,3,0,3,551,95,80,0,726,0,0,0,726
03/03/2023,BNA,TN,ASO,ES,Combined TRACON& Tower with Radar,432,44,40,2,518,0,0,1,0,1,432,44,41,2,519,0,0,0,519
03/04/2023,BNA,TN,ASO,ES,Combined TRACON& Tower with Radar,454,81,54,0,589,0,5,43,0,48,454,86,97,0,637,0,0,0,637
03/05/2023,BNA,TN,ASO,ES,Combined TRACON& Tower with Radar,516,82,90,0,688,0,3,20,0,23,516,85,110,0,711,0,0,0,711
03/06/2023,BNA,TN,ASO,ES,Combined TRACON& Tower with Radar,553,73,67,2,695,0,5,41,2,48,553,78,108,4,743,0,0,0,743
03/07/2023,BNA,TN,ASO,ES,Combined TRACON& Tower with Radar,538,90,79,4,711,0,7,40,3,50,538,97,119,7,761,0,0,0,761
03/08/2023,BNA,TN,ASO,ES,Combined TRACON& Tower with Radar,548,85,94,4,731,0,2,40,1,43,548,87,134,5,774,0,0,0,774
03/09/2023,BNA,TN,ASO,ES,Combined TRACON& Tower with Radar,545,97,99,0,741,0,0,22,0,22,545,97,121,0,763,0,0,0,763
03/10/2023,BNA,TN,ASO,ES,Combined TRACON& Tower with Radar,556,96,99,3,754,0,2,25,2,29,556,98,124,5,783,0,0,0,783
03/11/2023,BNA,TN,ASO,ES,Combined TRACON& Tower with Radar,484,89,59,4,636,0,0,53,0,53,484,89,112,4,689,0,0,0,689
03/12/2023,BNA,TN,ASO,ES,Combined TRACON& Tower with Radar,552,78,67,1,698,0,0,0,0,0,552,78,67,1,698,0,0,0,698
03/13/2023,BNA,TN,ASO,ES,Combined TRACON& Tower with Radar,562,65,52,4,683,0,0,22,0,22,562,65,74,4,705,0,0,0,705
03/14/2023,BNA,TN,ASO,ES,Combined TRACON& Tower with Radar,530,50,37,3,620,0,1,50,0,51,530,51,87,3,671,0,0,0,671
03/15/2023,BNA,TN,ASO,ES,Combined TRACON& Tower with Radar,547,71,56,3,677,0,1,66,3,70,547,72,122,6,747,0,0,0,747
03/16/2023,BNA,TN,ASO,ES,Combined TRACON& Tower with Radar,549,79,55,2,685,0,3,25,6,34,549,82,80,8,719,0,0,0,719
03/17/2023,BNA,TN,ASO,ES,Combined TRACON& Tower with Radar,577,107,47,2,733,0,0,2,0,2,577,107,49,2,735,0,0,0,735
03/18/2023,BNA,TN,ASO,ES,Combined TRACON& Tower with Radar,473,98,47,3,621,0,2,35,1,38,473,100,82,4,659,0,0,0,659
03/19/2023,BNA,TN,ASO,ES,Combined TRACON& Tower with Radar,557,111,77,3,748,0,0,22,1,23,557,111,99,4,771,0,0,0,771
03/20/2023,BNA,TN,ASO,ES,Combined TRACON& Tower with Radar,565,88,52,1,706,0,0,39,0,39,565,88,91,1,745,0,0,0,745
03/21/2023,BNA,TN,ASO,ES,Combined TRACON& Tower with Radar,551,85,53,2,691,0,1,33,0,34,551,86,86,2,725,0,0,0,725
03/22/2023,BNA,TN,ASO,ES,Combined TRACON& Tower with Radar,553,81,86,0,720,0,0,0,0,0,553,81,86,0,720,0,0,0,720
03/23/2023,BNA,TN,ASO,ES,Combined TRACON& Tower with Radar,566,95,67,12,740,0,1,37,19,57,566,96,104,31,797,0,0,0,797
03/24/2023,BNA,TN,ASO,ES,Combined TRACON& Tower with Radar,557,61,82,4,704,0,0,11,1,12,557,61,93,5,716,0,0,0,716
03/25/2023,BNA,TN,ASO,ES,Combined TRACON& Tower with Radar,507,58,53,1,619,0,2,10,3,15,507,60,63,4,634,0,0,0,634
03/26/2023,BNA,TN,ASO,ES,Combined TRACON& Tower with Radar,546,89,85,3,723,0,5,17,2,24,546,94,102,5,747,0,0,0,747
03/27/2023,BNA,TN,ASO,ES,Combined TRACON& Tower with Radar,563,76,64,0,703,0,0,35,2,37,563,76,99,2,740,0,0,0,740
03/28/2023,BNA,TN,ASO,ES,Combined TRACON& Tower with Radar,545,85,79,5,714,0,5,34,4,43,545,90,113,9,757,0,0,0,757
03/29/2023,BNA,TN,ASO,ES,Combined TRACON& Tower with Radar,551,73,90,6,720,0,1,42,11,54,551,74,132,17,774,0,0,0,774
03/30/2023,BNA,TN,ASO,ES,Combined TRACON& Tower with Radar,563,89,77,3,732,0,2,39,24,65,563,91,116,27,797,0,0,0,797
03/31/2023,BNA,TN,ASO,ES,Combined TRACON& Tower with Radar,550,69,52,0,671,0,0,2,5,7,550,69,54,5,678,0,0,0,678
04/01/2023,BNA,TN,ASO,ES,Combined TRACON& Tower with Radar,511,53,43,3,610,0,0,10,0,10,511,53,53,3,620,0,0,0,620
04/02/2023,BNA,TN,ASO,ES,Combined TRACON& Tower with Radar,560,89,75,3,727,0,0,19,6,25,560,89,94,9,752,0,0,0,752
04/03/2023,BNA,TN,ASO,ES,Combined TRACON& Tower with Radar,548,73,60,4,685,0,0,5,2,7,548,73,65,6,692,0,0,0,692
04/04/2023,BNA,TN,ASO,ES,Combined TRACON& Tower with Radar,536,75,76,4,691,0,3,16,5,24,536,78,92,9,715,0,0,0,715
04/05/2023,BNA,TN,ASO,ES,Combined TRACON& Tower with Radar,522,56,61,3,642,0,1,8,4,13,522,57,69,7,655,0,0,0,655
04/06/2023,BNA,TN,ASO,ES,Combined TRACON& Tower with Radar,577,88,73,1,739,0,0,0,0,0,577,88,73,1,739,0,0,0,739
04/07/2023,BNA,TN,ASO,ES,Combined TRACON& Tower with Radar,572,98,64,6,740,0,1,34,4,39,572,99,98,10,779,0,0,0,779
04/08/2023,BNA,TN,ASO,ES,Combined TRACON& Tower with Radar,492,63,34,1,590,0,0,2,0,2,492,63,36,1,592,0,0,0,592
04/09/2023,BNA,TN,ASO,ES,Combined TRACON& Tower with Radar,562,71,44,0,677,0,0,11,0,11,562,71,55,0,688,0,0,0,688
04/10/2023,BNA,TN,ASO,ES,Combined TRACON& Tower with Radar,551,88,90,2,731,0,1,32,4,37,551,89,122,6,768,0,0,0,768
04/11/2023,BNA,TN,ASO,ES,Combined TRACON& Tower with Radar,544,82,90,3,719,0,5,59,8,72,544,87,149,11,791,0,0,0,791
04/12/2023,BNA,TN,ASO,ES,Combined TRACON& Tower with Radar,543,100,74,2,719,0,0,55,9,64,543,100,129,11,783,0,0,0,783
04/13/2023,BNA,TN,ASO,ES,Combined TRACON& Tower with Radar,558,111,69,5,743,0,1,34,22,57,558,112,103,27,800,0,0,0,800
04/14/2023,BNA,TN,ASO,ES,Combined TRACON& Tower with Radar,554,92,103,3,752,0,1,24,14,39,554,93,127,17,791,0,0,0,791
04/15/2023,BNA,TN,ASO,ES,Combined TRACON& Tower with Radar,514,66,66,1,647,0,0,45,4,49,514,66,111,5,696,0,0,0,696
04/16/2023,BNA,TN,ASO,ES,Combined TRACON& Tower with Radar,566,125,81,0,772,0,0,2,1,3,566,125,83,1,775,0,0,0,775
04/17/2023,BNA,TN,ASO,ES,Combined TRACON& Tower with Radar,544,65,76,0,685,0,4,15,1,20,544,69,91,1,705,0,0,0,705
04/18/2023,BNA,TN,ASO,ES,Combined TRACON& Tower with Radar,529,57,84,0,670,0,0,55,9,64,529,57,139,9,734,0,0,0,734
04/19/2023,BNA,TN,ASO,ES,Combined TRACON& Tower with Radar,543,99,95,6,743,0,0,72,9,81,543,99,167,15,824,0,0,0,824
04/20/2023,BNA,TN,ASO,ES,Combined TRACON& Tower with Radar,546,108,86,2,742,0,0,27,18,45,546,108,113,20,787,0,0,0,787
04/21/2023,BNA,TN,ASO,ES,Combined TRACON& Tower with Radar,563,111,73,3,750,0,2,19,0,21,563,113,92,3,771,0,0,0,771
04/22/2023,BNA,TN,ASO,ES,Combined TRACON& Tower with Radar,510,80,39,3,632,0,0,39,0,39,510,80,78,3,671,0,0,0,671
04/23/2023,BNA,TN,ASO,ES,Combined TRACON& Tower with Radar,565,105,98,4,772,0,0,14,1,15,565,105,112,5,787,0,0,0,787
04/24/2023,BNA,TN,ASO,ES,Combined TRACON& Tower with Radar,542,71,56,5,674,0,5,44,7,56,542,76,100,12,730,0,0,0,730
04/25/2023,BNA,TN,ASO,ES,Combined TRACON& Tower with Radar,533,80,113,13,739,0,0,43,12,55,533,80,156,25,794,0,0,0,794
04/26/2023,BNA,TN,ASO,ES,Combined TRACON& Tower with Radar,542,90,89,10,731,0,2,47,6,55,542,92,136,16,786,0,0,0,786
04/27/2023,BNA,TN,ASO,ES,Combined TRACON& Tower with Radar,568,98,85,3,754,0,2,6,0,8,568,100,91,3,762,0,0,0,762
04/28/2023,BNA,TN,ASO,ES,Combined TRACON& Tower with Radar,560,103,82,17,762,0,2,9,7,18,560,105,91,24,780,0,0,0,780
04/29/2023,BNA,TN,ASO,ES,Combined TRACON& Tower with Radar,524,76,46,6,652,0,1,39,2,42,524,77,85,8,694,0,0,0,694
04/30/2023,BNA,TN,ASO,ES,Combined TRACON& Tower with Radar,542,113,61,1,717,0,0,10,3,13,542,113,71,4,730,0,0,0,730
05/01/2023,BNA,TN,ASO,ES,Combined TRACON& Tower with Radar,558,89,84,0,731,0,2,21,0,23,558,91,105,0,754,0,0,0,754
05/02/2023,BNA,TN,ASO,ES,Combined TRACON& Tower with Radar,554,86,85,0,725,0,0,17,0,17,554,86,102,0,742,0,0,0,742
05/03/2023,BNA,TN,ASO,ES,Combined TRACON& Tower with Radar,555,93,112,2,762,0,4,54,0,58,555,97,166,2,820,0,0,0,820
05/04/2023,BNA,TN,ASO,ES,Combined TRACON& Tower with Radar,563,106,99,5,773,0,0,67,14,81,563,106,166,19,854,0,0,0,854
05/05/2023,BNA,TN,ASO,ES,Combined TRACON& Tower with Radar,573,161,86,1,821,0,2,42,8,52,573,163,128,9,873,0,0,0,873
05/06/2023,BNA,TN,ASO,ES,Combined TRACON& Tower with Radar,523,80,83,0,686,0,0,38,2,40,523,80,121,2,726,0,0,0,726
05/07/2023,BNA,TN,ASO,ES,Combined TRACON& Tower with Radar,521,123,91,3,738,0,0,4,8,12,521,123,95,11,750,0,0,0,750
05/08/2023,BNA,TN,ASO,ES,Combined TRACON& Tower with Radar,628,114,89,1,832,0,0,8,4,12,628,114,97,5,844,0,0,0,844
05/09/2023,BNA,TN,ASO,ES,Combined TRACON& Tower with Radar,552,84,71,1,708,0,2,38,10,50,552,86,109,11,758,0,0,0,758
05/10/2023,BNA,TN,ASO,ES,Combined TRACON& Tower with Radar,565,114,82,2,763,0,2,60,8,70,565,116,142,10,833,0,0,0,833
05/11/2023,BNA,TN,ASO,ES,Combined TRACON& Tower with Radar,578,112,96,2,788,0,1,9,12,22,578,113,105,14,810,0,0,0,810
05/12/2023,BNA,TN,ASO,ES,Combined TRACON& Tower with Radar,577,101,75,0,753,0,0,12,0,12,577,101,87,0,765,0,0,0,765
05/13/2023,BNA,TN,ASO,ES,Combined TRACON& Tower with Radar,525,81,48,5,659,0,0,12,1,13,525,81,60,6,672,0,0,0,672
05/14/2023,BNA,TN,ASO,ES,Combined TRACON& Tower with Radar,572,83,41,0,696,0,0,2,0,2,572,83,43,0,698,0,0,0,698
05/15/2023,BNA,TN,ASO,ES,Combined TRACON& Tower with Radar,579,101,72,4,756,0,0,16,2,18,579,101,88,6,774,0,0,0,774
05/16/2023,BNA,TN,ASO,ES,Combined TRACON& Tower with Radar,562,73,93,0,728,0,2,27,10,39,562,75,120,10,767,0,0,0,767
05/17/2023,BNA,TN,ASO,ES,Combined TRACON& Tower with Radar,576,109,93,8,786,1,0,46,7,54,577,109,139,15,840,0,0,0,840
05/18/2023,BNA,TN,ASO,ES,Combined TRACON& Tower with Radar,576,123,94,0,793,0,0,43,20,63,576,123,137,20,856,0,0,0,856
05/19/2023,BNA,TN,ASO,ES,Combined TRACON& Tower with Radar,571,98,97,3,769,0,2,22,12,36,571,100,119,15,805,0,0,0,805
05/20/2023,BNA,TN,ASO,ES,Combined TRACON& Tower with Radar,527,71,59,0,657,0,0,0,10,10,527,71,59,10,667,0,0,0,667
05/21/2023,BNA,TN,ASO,ES,Combined TRACON& Tower with Radar,589,103,75,4,771,0,4,23,10,37,589,107,98,14,808,0,0,0,808
05/22/2023,BNA,TN,ASO,ES,Combined TRACON& Tower with Radar,577,66,64,4,711,0,2,31,4,37,577,68,95,8,748,0,0,0,748
05/23/2023,BNA,TN,ASO,ES,Combined TRACON& Tower with Radar,550,83,73,2,708,0,6,34,12,52,550,89,107,14,760,0,0,0,760
05/24/2023,BNA,TN,ASO,ES,Combined TRACON& Tower with Radar,559,82,73,8,722,0,0,43,8,51,559,82,116,16,773,0,0,0,773
05/25/2023,BNA,TN,ASO,ES,Combined TRACON& Tower with Radar,578,99,91,1,769,0,3,53,7,63,578,102,144,8,832,0,0,0,832
05/26/2023,BNA,TN,ASO,ES,Combined TRACON& Tower with Radar,579,92,64,0,735,0,0,46,1,47,579,92,110,1,782,0,0,0,782
05/27/2023,BNA,TN,ASO,ES,Combined TRACON& Tower with Radar,511,62,30,1,604,0,1,41,0,42,511,63,71,1,646,0,0,0,646
05/28/2023,BNA,TN,ASO,ES,Combined TRACON& Tower with Radar,566,49,36,0,651,0,0,10,0,10,566,49,46,0,661,0,0,0,661
05/29/2023,BNA,TN,ASO,ES,Combined TRACON& Tower with Radar,563,66,47,0,676,0,0,32,0,32,563,66,79,0,708,0,0,0,708
05/30/2023,BNA,TN,ASO,ES,Combined TRACON& Tower with Radar,549,68,71,10,698,0,1,49,1,51,549,69,120,11,749,0,0,0,749
05/31/2023,BNA,TN,ASO,ES,Combined TRACON& Tower with Radar,558,70,68,4,700,0,11,57,9,77,558,81,125,13,777,0,0,0,777
06/01/2023,BNA,TN,ASO,ES,Combined TRACON& Tower with Radar,574,98,67,5,744,0,0,38,20,58,574,98,105,25,802,0,0,0,802
06/02/2023,BNA,TN,ASO,ES,Combined TRACON& Tower with Radar,583,87,93,7,770,0,4,38,7,49,583,91,131,14,819,0,0,0,819
06/03/2023,BNA,TN,ASO,ES,Combined TRACON& Tower with Radar,519,85,28,2,634,0,2,54,1,57,519,87,82,3,691,0,0,0,691
06/04/2023,BNA,TN,ASO,ES,Combined TRACON& Tower with Radar,593,88,61,3,745,0,2,18,0,20,593,90,79,3,765,0,0,0,765
06/05/2023,BNA,TN,ASO,ES,Combined TRACON& Tower with Radar,580,80,69,2,731,0,7,15,7,29,580,87,84,9,760,0,0,0,760
06/06/2023,BNA,TN,ASO,ES,Combined TRACON& Tower with Radar,547,64,75,2,688,0,4,40,8,52,547,68,115,10,740,0,0,0,740
06/07/2023,BNA,TN,ASO,ES,Combined TRACON& Tower with Radar,574,81,76,0,731,0,0,38,5,43,574,81,114,5,774,0,0,0,774
06/08/2023,BNA,TN,ASO,ES,Combined TRACON& Tower with Radar,585,84,63,0,732,0,0,34,19,53,585,84,97,19,785,0,0,0,785
06/09/2023,BNA,TN,ASO,ES,Combined TRACON& Tower with Radar,603,80,61,3,747,0,0,38,4,42,603,80,99,7,789,0,0,0,789
06/10/2023,BNA,TN,ASO,ES,Combined TRACON& Tower with Radar,514,70,42,2,628,0,0,34,2,36,514,70,76,4,664,0,0,0,664
06/11/2023,BNA,TN,ASO,ES,Combined TRACON& Tower with Radar,579,89,65,1,734,0,0,4,2,6,579,89,69,3,740,0,0,0,740
06/12/2023,BNA,TN,ASO,ES,Combined TRACON& Tower with Radar,586,80,82,0,748,0,4,23,1,28,586,84,105,1,776,0,0,0,776
06/13/2023,BNA,TN,ASO,ES,Combined TRACON& Tower with Radar,564,67,68,1,700,0,0,46,6,52,564,67,114,7,752,0,0,0,752
06/14/2023,BNA,TN,ASO,ES,Combined TRACON& Tower with Radar,569,82,86,1,738,0,3,30,4,37,569,85,116,5,775,0,0,0,775
06/15/2023,BNA,TN,ASO,ES,Combined TRACON& Tower with Radar,571,109,70,9,759,0,4,44,12,60,571,113,114,21,819,0,0,0,819
06/16/2023,BNA,TN,ASO,ES,Combined TRACON& Tower with Radar,600,78,71,2,751,0,1,35,5,41,600,79,106,7,792,0,0,0,792
06/17/2023,BNA,TN,ASO,ES,Combined TRACON& Tower with Radar,511,73,36,1,621,0,1,51,1,53,511,74,87,2,674,0,0,0,674
06/18/2023,BNA,TN,ASO,ES,Combined TRACON& Tower with Radar,575,68,44,4,691,0,0,10,3,13,575,68,54,7,704,0,0,0,704
06/19/2023,BNA,TN,ASO,ES,Combined TRACON& Tower with Radar,583,65,61,1,710,0,0,10,0,10,583,65,71,1,720,0,0,0,720
06/20/2023,BNA,TN,ASO,ES,Combined TRACON& Tower with Radar,542,64,70,5,681,0,0,3,0,3,542,64,73,5,684,0,0,0,684
06/21/2023,BNA,TN,ASO,ES,Combined TRACON& Tower with Radar,548,78,67,4,697,0,0,2,7,9,548,78,69,11,706,0,0,0,706
06/22/2023,BNA,TN,ASO,ES,Combined TRACON& Tower with Radar,566,98,95,5,764,0,1,15,10,26,566,99,110,15,790,0,0,0,790
06/23/2023,BNA,TN,ASO,ES,Combined TRACON& Tower with Radar,585,95,71,13,764,0,0,38,4,42,585,95,109,17,806,0,0,0,806
06/24/2023,BNA,TN,ASO,ES,Combined TRACON& Tower with Radar,512,96,55,2,665,0,0,60,0,60,512,96,115,2,725,0,0,0,725
06/25/2023,BNA,TN,ASO,ES,Combined TRACON& Tower with Radar,563,100,57,14,734,1,0,21,0,22,564,100,78,14,756,0,0,0,756
06/26/2023,BNA,TN,ASO,ES,Combined TRACON& Tower with Radar,560,82,93,10,745,1,0,34,3,38,561,82,127,13,783,0,0,0,783
06/27/2023,BNA,TN,ASO,ES,Combined TRACON& Tower with Radar,513,107,85,8,713,0,2,35,7,44,513,109,120,15,757,0,0,0,757
06/28/2023,BNA,TN,ASO,ES,Combined TRACON& Tower with Radar,544,67,73,8,692,0,2,54,14,70,544,69,127,22,762,0,0,0,762
06/29/2023,BNA,TN,ASO,ES,Combined TRACON& Tower with Radar,581,101,88,2,772,0,0,20,19,39,581,101,108,21,811,0,0,0,811
06/30/2023,BNA,TN,ASO,ES,Combined TRACON& Tower with Radar,536,125,80,4,745,0,2,37,0,39,536,127,117,4,784,0,0,0,784
07/01/2023,BNA,TN,ASO,ES,Combined TRACON& Tower with Radar,567,82,61,0,710,0,0,26,0,26,567,82,87,0,736,0,0,0,736
07/02/2023,BNA,TN,ASO,ES,Combined TRACON& Tower with Radar,565,98,45,0,708,0,0,7,0,7,565,98,52,0,715,0,0,0,715
07/03/2023,BNA,TN,ASO,ES,Combined TRACON& Tower with Radar,545,68,26,0,639,0,2,27,0,29,545,70,53,0,668,0,0,0,668
07/04/2023,BNA,TN,ASO,ES,Combined TRACON& Tower with Radar,484,50,13,0,547,0,0,35,0,35,484,50,48,0,582,0,0,0,582
07/05/2023,BNA,TN,ASO,ES,Combined TRACON& Tower with Radar,544,71,53,0,668,0,0,32,0,32,544,71,85,0,700,0,0,0,700
07/06/2023,BNA,TN,ASO,ES,Combined TRACON& Tower with Radar,571,76,51,2,700,0,0,31,14,45,571,76,82,16,745,0,0,0,745
07/07/2023,BNA,TN,ASO,ES,Combined TRACON& Tower with Radar,560,75,38,1,674,0,5,55,3,63,560,80,93,4,737,0,0,0,737
07/08/2023,BNA,TN,ASO,ES,Combined TRACON& Tower with Radar,522,62,29,1,614,0,0,22,4,26,522,62,51,5,640,0,0,0,640
07/09/2023,BNA,TN,ASO,ES,Combined TRACON& Tower with Radar,560,107,48,3,718,0,0,4,0,4,560,107,52,3,722,0,0,0,722
07/10/2023,BNA,TN,ASO,ES,Combined TRACON& Tower with Radar,578,99,70,1,748,0,0,50,20,70,578,99,120,21,818,0,0,0,818
07/11/2023,BNA,TN,ASO,ES,Combined TRACON& Tower with Radar,557,77,62,1,697,0,0,42,12,54,557,77,104,13,751,0,0,0,751
07/12/2023,BNA,TN,ASO,ES,Combined TRACON& Tower with Radar,552,129,71,3,755,0,0,42,3,45,552,129,113,6,800,0,0,0,800
07/13/2023,BNA,TN,ASO,ES,Combined TRACON& Tower with Radar,584,95,89,2,770,0,0,14,5,19,584,95,103,7,789,0,0,0,789
07/14/2023,BNA,TN,ASO,ES,Combined TRACON& Tower with Radar,581,77,54,1,713,0,2,26,15,43,581,79,80,16,756,0,0,0,756
07/15/2023,BNA,TN,ASO,ES,Combined TRACON& Tower with Radar,522,78,30,3,633,0,0,1,0,1,522,78,31,3,634,0,0,0,634
07/16/2023,BNA,TN,ASO,ES,Combined TRACON& Tower with Radar,546,106,72,5,729,0,0,17,7,24,546,106,89,12,753,0,0,0,753
07/17/2023,BNA,TN,ASO,ES,Combined TRACON& Tower with Radar,608,77,67,4,756,0,2,19,8,29,608,79,86,12,785,0,0,0,785
07/18/2023,BNA,TN,ASO,ES,Combined TRACON& Tower with Radar,548,81,67,0,696,0,0,24,8,32,548,81,91,8,728,0,0,0,728
07/19/2023,BNA,TN,ASO,ES,Combined TRACON& Tower with Radar,568,62,61,4,695,0,0,19,8,27,568,62,80,12,722,0,0,0,722
07/20/2023,BNA,TN,ASO,ES,Combined TRACON& Tower with Radar,582,83,90,1,756,0,0,11,4,15,582,83,101,5,771,0,0,0,771
07/21/2023,BNA,TN,ASO,ES,Combined TRACON& Tower with Radar,600,74,62,7,743,0,4,42,8,54,600,78,104,15,797,0,0,0,797
07/22/2023,BNA,TN,ASO,ES,Combined TRACON& Tower with Radar,540,65,45,0,650,0,0,30,0,30,540,65,75,0,680,0,0,0,680
07/23/2023,BNA,TN,ASO,ES,Combined TRACON& Tower with Radar,586,102,57,3,748,0,0,8,6,14,586,102,65,9,762,0,0,0,762
07/24/2023,BNA,TN,ASO,ES,Combined TRACON& Tower with Radar,602,65,66,7,740,0,0,32,3,35,602,65,98,10,775,0,0,0,775
07/25/2023,BNA,TN,ASO,ES,Combined TRACON& Tower with Radar,540,81,63,2,686,0,2,32,4,38,540,83,95,6,724,0,0,0,724
07/26/2023,BNA,TN,ASO,ES,Combined TRACON& Tower with Radar,550,94,66,5,715,0,6,53,1,60,550,100,119,6,775,0,0,0,775
07/27/2023,BNA,TN,ASO,ES,Combined TRACON& Tower with Radar,579,112,117,3,811,0,2,46,9,57,579,114,163,12,868,0,0,0,868
07/28/2023,BNA,TN,ASO,ES,Combined TRACON& Tower with Radar,601,116,79,6,802,0,2,65,2,69,601,118,144,8,871,0,0,0,871
07/29/2023,BNA,TN,ASO,ES,Combined TRACON& Tower with Radar,516,69,64,1,650,0,2,40,0,42,516,71,104,1,692,0,0,0,692
07/30/2023,BNA,TN,ASO,ES,Combined TRACON& Tower with Radar,600,107,109,1,817,0,2,5,0,7,600,109,114,1,824,0,0,0,824
07/31/2023,BNA,TN,ASO,ES,Combined TRACON& Tower with Radar,597,75,67,2,741,0,4,51,0,55,597,79,118,2,796,0,0,0,796
08/01/2023,BNA,TN,ASO,ES,Combined TRACON& Tower with Radar,548,74,73,0,695,0,2,45,2,49,548,76,118,2,744,0,0,0,744
08/02/2023,BNA,TN,ASO,ES,Combined TRACON& Tower with Radar,553,90,95,0,738,0,2,48,6,56,553,92,143,6,794,0,0,0,794
08/03/2023,BNA,TN,ASO,ES,Combined TRACON& Tower with Radar,599,94,76,3,772,0,0,8,0,8,599,94,84,3,780,0,0,0,780
08/04/2023,BNA,TN,ASO,ES,Combined TRACON& Tower with Radar,588,85,81,3,757,0,0,3,0,3,588,85,84,3,760,0,0,0,760
08/05/2023,BNA,TN,ASO,ES,Combined TRACON& Tower with Radar,531,75,53,1,660,0,2,7,6,15,531,77,60,7,675,0,0,0,675
08/06/2023,BNA,TN,ASO,ES,Combined TRACON& Tower with Radar,610,100,92,1,803,0,0,14,6,20,610,100,106,7,823,0,0,0,823
08/07/2023,BNA,TN,ASO,ES,Combined TRACON& Tower with Radar,579,87,62,2,730,0,0,24,1,25,579,87,86,3,755,0,0,0,755
08/08/2023,BNA,TN,ASO,ES,Combined TRACON& Tower with Radar,550,66,54,0,670,0,0,40,2,42,550,66,94,2,712,0,0,0,712
08/09/2023,BNA,TN,ASO,ES,Combined TRACON& Tower with Radar,550,77,68,1,696,0,0,30,15,45,550,77,98,16,741,0,0,0,741
08/10/2023,BNA,TN,ASO,ES,Combined TRACON& Tower with Radar,592,92,80,7,771,0,0,13,6,19,592,92,93,13,790,0,0,0,790
08/11/2023,BNA,TN,ASO,ES,Combined TRACON& Tower with Radar,595,79,71,6,751,0,2,40,8,50,595,81,111,14,801,0,0,0,801
08/12/2023,BNA,TN,ASO,ES,Combined TRACON& Tower with Radar,532,61,33,1,627,0,0,18,0,18,532,61,51,1,645,0,0,0,645
08/13/2023,BNA,TN,ASO,ES,Combined TRACON& Tower with Radar,589,88,48,2,727,0,0,9,1,10,589,88,57,3,737,0,0,0,737
08/14/2023,BNA,TN,ASO,ES,Combined TRACON& Tower with Radar,584,70,60,4,718,0,5,31,5,41,584,75,91,9,759,0,0,0,759
08/15/2023,BNA,TN,ASO,ES,Combined TRACON& Tower with Radar,558,58,55,2,673,0,0,51,4,55,558,58,106,6,728,0,0,0,728
08/16/2023,BNA,TN,ASO,ES,Combined TRACON& Tower with Radar,551,69,73,5,698,0,2,44,6,52,551,71,117,11,750,0,0,0,750
08/17/2023,BNA,TN,ASO,ES,Combined TRACON& Tower with Radar,554,97,92,9,752,0,2,48,14,64,554,99,140,23,816,0,0,0,816
08/18/2023,BNA,TN,ASO,ES,Combined TRACON& Tower with Radar,568,84,59,6,717,0,1,45,3,49,568,85,104,9,766,0,0,0,766
08/19/2023,BNA,TN,ASO,ES,Combined TRACON& Tower with Radar,496,71,48,1,616,0,0,61,0,61,496,71,109,1,677,0,0,0,677
08/20/2023,BNA,TN,ASO,ES,Combined TRACON& Tower with Radar,543,101,62,5,711,0,2,7,0,9,543,103,69,5,720,0,0,0,720
08/21/2023,BNA,TN,ASO,ES,Combined TRACON& Tower with Radar,571,80,74,4,729,0,0,42,2,44,571,80,116,6,773,0,0,0,773
08/22/2023,BNA,TN,ASO,ES,Combined TRACON& Tower with Radar,549,75,60,8,692,0,2,25,7,34,549,77,85,15,726,0,0,0,726
08/23/2023,BNA,TN,ASO,ES,Combined TRACON& Tower with Radar,553,71,80,1,705,0,1,22,8,31,553,72,102,9,736,0,0,0,736
08/24/2023,BNA,TN,ASO,ES,Combined TRACON& Tower with Radar,553,87,104,4,748,0,0,30,6,36,553,87,134,10,784,0,0,0,784
08/25/2023,BNA,TN,ASO,ES,Combined TRACON& Tower with Radar,580,77,74,1,732,0,0,38,2,40,580,77,112,3,772,0,0,0,772
08/26/2023,BNA,TN,ASO,ES,Combined TRACON& Tower with Radar,489,66,36,1,592,0,0,23,1,24,489,66,59,2,616,0,0,0,616
08/27/2023,BNA,TN,ASO,ES,Combined TRACON& Tower with Radar,541,73,58,0,672,0,0,0,0,0,541,73,58,0,672,0,0,0,672
08/28/2023,BNA,TN,ASO,ES,Combined TRACON& Tower with Radar,569,71,73,3,716,0,0,17,0,17,569,71,90,3,733,0,0,0,733
08/29/2023,BNA,TN,ASO,ES,Combined TRACON& Tower with Radar,531,83,79,8,701,0,2,26,5,33,531,85,105,13,734,0,0,0,734
08/30/2023,BNA,TN,ASO,ES,Combined TRACON& Tower with Radar,520,59,73,1,653,0,0,43,4,47,520,59,116,5,700,0,0,0,700
08/31/2023,BNA,TN,ASO,ES,Combined TRACON& Tower with Radar,560,72,115,6,753,0,6,37,8,51,560,78,152,14,804,0,0,0,804
