01/01/2020,BOI,ID,ANM,WE,Combined TRACON& Tower with Radar,125,25,21,0,171,0,5,9,0,14,125,30,30,0,185,26,0,26,211
01/02/2020,BOI,ID,ANM,WE,Combined TRACON& Tower with Radar,149,33,44,3,229,0,8,45,10,63,149,41,89,13,292,36,4,40,332
01/03/2020,BOI,ID,ANM,WE,Combined TRACON& Tower with Radar,155,33,41,7,236,0,7,78,10,95,155,40,119,17,331,48,0,48,379
01/04/2020,BOI,ID,ANM,WE,Combined TRACON& Tower with Radar,133,29,26,1,189,0,2,35,2,39,133,31,61,3,228,68,0,68,296
01/05/2020,BOI,ID,ANM,WE,Combined TRACON& Tower with Radar,127,24,29,0,180,0,7,12,0,19,127,31,41,0,199,70,0,70,269
01/06/2020,BOI,ID,ANM,WE,Combined TRACON& Tower with Radar,145,31,63,27,266,0,3,30,7,40,145,34,93,34,306,55,0,55,361
01/07/2020,BOI,ID,ANM,WE,Combined TRACON& Tower with Radar,137,23,76,15,251,0,16,95,27,138,137,39,171,42,389,72,14,86,475
01/08/2020,BOI,ID,ANM,WE,Combined TRACON& Tower with Radar,137,23,52,8,220,0,4,27,20,51,137,27,79,28,271,20,10,30,301
01/09/2020,BOI,ID,ANM,WE,Combined TRACON& Tower with Radar,142,31,44,33,250,0,6,14,19,39,142,37,58,52,289,0,0,0,289
01/10/2020,BOI,ID,ANM,WE,Combined TRACON& Tower with Radar,144,33,57,9,243,0,9,39,8,56,144,42,96,17,299,40,8,48,347
01/11/2020,BOI,ID,ANM,WE,Combined TRACON& Tower with Radar,107,21,32,6,166,0,0,2,4,6,107,21,34,10,172,0,0,0,172
01/12/2020,BOI,ID,ANM,WE,Combined TRACON& Tower with Radar,131,19,18,0,168,0,0,2,0,2,131,19,20,0,170,0,0,0,170
01/13/2020,BOI,ID,ANM,WE,Combined TRACON& Tower with Radar,136,39,62,4,241,0,4,22,2,28,136,43,84,6,269,50,0,50,319
01/14/2020,BOI,ID,ANM,WE,Combined TRACON& Tower with Radar,143,28,39,7,217,0,4,21,5,30,143,32,60,12,247,40,2,42,289
01/15/2020,BOI,ID,ANM,WE,Combined TRACON& Tower with Radar,135,31,68,10,244,0,7,46,19,72,135,38,114,29,316,30,4,34,350
01/16/2020,BOI,ID,ANM,WE,Combined TRACON& Tower with Radar,141,35,65,10,251,0,4,27,18,49,141,39,92,28,300,12,8,20,320
01/17/2020,BOI,ID,ANM,WE,Combined TRACON& Tower with Radar,144,26,61,10,241,0,13,77,11,101,144,39,138,21,342,78,16,94,436
01/18/2020,BOI,ID,ANM,WE,Combined TRACON& Tower with Radar,102,23,39,2,166,0,4,66,2,72,102,27,105,4,238,0,0,0,238
01/19/2020,BOI,ID,ANM,WE,Combined TRACON& Tower with Radar,117,17,38,0,172,0,9,86,0,95,117,26,124,0,267,70,0,70,337
01/20/2020,BOI,ID,ANM,WE,Combined TRACON& Tower with Radar,138,33,64,0,235,0,16,94,0,110,138,49,158,0,345,106,0,106,451
01/21/2020,BOI,ID,ANM,WE,Combined TRACON& Tower with Radar,131,28,87,12,258,0,2,61,7,70,131,30,148,19,328,107,0,107,435
01/22/2020,BOI,ID,ANM,WE,Combined TRACON& Tower with Radar,137,29,66,8,240,0,0,57,11,68,137,29,123,19,308,78,4,82,390
01/23/2020,BOI,ID,ANM,WE,Combined TRACON& Tower with Radar,144,31,79,13,267,0,6,61,10,77,144,37,140,23,344,80,4,84,428
01/24/2020,BOI,ID,ANM,WE,Combined TRACON& Tower with Radar,144,32,53,6,235,0,2,32,7,41,144,34,85,13,276,76,0,76,352
01/25/2020,BOI,ID,ANM,WE,Combined TRACON& Tower with Radar,105,24,29,9,167,0,1,9,0,10,105,25,38,9,177,18,0,18,195
01/26/2020,BOI,ID,ANM,WE,Combined TRACON& Tower with Radar,126,20,29,0,175,0,0,6,0,6,126,20,35,0,181,0,0,0,181
01/27/2020,BOI,ID,ANM,WE,Combined TRACON& Tower with Radar,136,28,71,17,252,0,8,55,15,78,136,36,126,32,330,52,0,52,382
01/28/2020,BOI,ID,ANM,WE,Combined TRACON& Tower with Radar,138,27,51,12,228,0,2,19,20,41,138,29,70,32,269,0,22,22,291
01/29/2020,BOI,ID,ANM,WE,Combined TRACON& Tower with Radar,137,29,71,10,247,0,1,46,22,69,137,30,117,32,316,74,26,100,416
01/30/2020,BOI,ID,ANM,WE,Combined TRACON& Tower with Radar,140,35,91,13,279,0,1,16,15,32,140,36,107,28,311,86,4,90,401
01/31/2020,BOI,ID,ANM,WE,Combined TRACON& Tower with Radar,143,32,68,0,243,0,15,84,0,99,143,47,152,0,342,130,0,130,472
02/01/2020,BOI,ID,ANM,WE,Combined TRACON& Tower with Radar,101,25,44,3,173,0,8,73,0,81,101,33,117,3,254,78,0,78,332
02/02/2020,BOI,ID,ANM,WE,Combined TRACON& Tower with Radar,126,22,24,0,172,0,12,7,0,19,126,34,31,0,191,0,0,0,191
02/03/2020,BOI,ID,ANM,WE,Combined TRACON& Tower with Radar,137,20,66,24,247,0,16,13,4,33,137,36,79,28,280,10,0,10,290
02/04/2020,BOI,ID,ANM,WE,Combined TRACON& Tower with Radar,136,33,76,8,253,0,17,116,26,159,136,50,192,34,412,84,10,94,506
02/05/2020,BOI,ID,ANM,WE,Combined TRACON& Tower with Radar,139,37,52,0,228,0,0,0,0,0,139,37,52,0,228,0,0,0,228
02/06/2020,BOI,ID,ANM,WE,Combined TRACON& Tower with Radar,151,34,70,9,264,0,5,9,22,36,151,39,79,31,300,4,4,8,308
02/07/2020,BOI,ID,ANM,WE,Combined TRACON& Tower with Radar,142,33,50,11,236,0,11,43,12,66,142,44,93,23,302,34,0,34,336
02/08/2020,BOI,ID,ANM,WE,Combined TRACON& Tower with Radar,110,32,27,8,177,0,5,30,28,63,110,37,57,36,240,62,4,66,306
02/09/2020,BOI,ID,ANM,WE,Combined TRACON& Tower with Radar,132,16,31,10,189,0,7,93,16,116,132,23,124,26,305,54,0,54,359
02/10/2020,BOI,ID,ANM,WE,Combined TRACON& Tower with Radar,134,30,61,2,227,0,13,85,2,100,134,43,146,4,327,66,2,68,395
02/11/2020,BOI,ID,ANM,WE,Combined TRACON& Tower with Radar,131,27,69,24,251,0,11,90,18,119,131,38,159,42,370,82,36,118,488
02/12/2020,BOI,ID,ANM,WE,Combined TRACON& Tower with Radar,139,28,80,15,262,0,14,106,20,140,139,42,186,35,402,104,18,122,524
02/13/2020,BOI,ID,ANM,WE,Combined TRACON& Tower with Radar,144,31,78,14,267,0,20,100,21,141,144,51,178,35,408,52,12,64,472
02/14/2020,BOI,ID,ANM,WE,Combined TRACON& Tower with Radar,150,34,46,5,235,0,19,46,7,72,150,53,92,12,307,19,4,23,330
02/15/2020,BOI,ID,ANM,WE,Combined TRACON& Tower with Radar,107,26,31,0,164,0,10,43,2,55,107,36,74,2,219,38,0,38,257
02/16/2020,BOI,ID,ANM,WE,Combined TRACON& Tower with Radar,120,22,14,0,156,0,8,3,1,12,120,30,17,1,168,0,0,0,168
02/17/2020,BOI,ID,ANM,WE,Combined TRACON& Tower with Radar,139,41,46,1,227,0,12,59,2,73,139,53,105,3,300,69,0,69,369
02/18/2020,BOI,ID,ANM,WE,Combined TRACON& Tower with Radar,139,27,72,21,259,0,9,108,15,132,139,36,180,36,391,86,0,86,477
02/19/2020,BOI,ID,ANM,WE,Combined TRACON& Tower with Radar,135,37,73,27,272,0,14,116,18,148,135,51,189,45,420,140,0,140,560
02/20/2020,BOI,ID,ANM,WE,Combined TRACON& Tower with Radar,143,35,72,12,262,0,20,89,15,124,143,55,161,27,386,78,0,78,464
02/21/2020,BOI,ID,ANM,WE,Combined TRACON& Tower with Radar,144,29,52,7,232,0,14,98,10,122,144,43,150,17,354,108,6,114,468
02/22/2020,BOI,ID,ANM,WE,Combined TRACON& Tower with Radar,115,20,37,6,178,0,14,110,10,134,115,34,147,16,312,66,0,66,378
02/23/2020,BOI,ID,ANM,WE,Combined TRACON& Tower with Radar,129,22,38,6,195,0,6,36,2,44,129,28,74,8,239,26,0,26,265
02/24/2020,BOI,ID,ANM,WE,Combined TRACON& Tower with Radar,140,30,57,6,233,0,9,75,0,84,140,39,132,6,317,74,0,74,391
02/25/2020,BOI,ID,ANM,WE,Combined TRACON& Tower with Radar,141,29,68,7,245,0,4,97,22,123,141,33,165,29,368,76,0,76,444
02/26/2020,BOI,ID,ANM,WE,Combined TRACON& Tower with Radar,137,37,96,32,302,0,5,122,25,152,137,42,218,57,454,95,12,107,561
02/27/2020,BOI,ID,ANM,WE,Combined TRACON& Tower with Radar,145,36,87,13,281,0,13,101,22,136,145,49,188,35,417,110,4,114,531
02/28/2020,BOI,ID,ANM,WE,Combined TRACON& Tower with Radar,146,40,74,12,272,0,10,70,7,87,146,50,144,19,359,30,6,36,395
02/29/2020,BOI,ID,ANM,WE,Combined TRACON& Tower with Radar,111,20,25,2,158,0,8,50,0,58,111,28,75,2,216,40,0,40,256
03/01/2020,BOI,ID,ANM,WE,Combined TRACON& Tower with Radar,131,24,40,1,196,0,6,29,1,36,131,30,69,2,232,30,0,30,262
03/02/2020,BOI,ID,ANM,WE,Combined TRACON& Tower with Radar,139,28,40,31,238,0,9,56,6,71,139,37,96,37,309,74,0,74,383
03/03/2020,BOI,ID,ANM,WE,Combined TRACON& Tower with Radar,143,26,55,29,253,0,5,61,19,85,143,31,116,48,338,66,50,116,454
03/04/2020,BOI,ID,ANM,WE,Combined TRACON& Tower with Radar,139,30,65,35,269,0,12,84,29,125,139,42,149,64,394,86,42,128,522
03/05/2020,BOI,ID,ANM,WE,Combined TRACON& Tower with Radar,150,32,70,9,261,0,5,100,22,127,150,37,170,31,388,78,6,84,472
03/06/2020,BOI,ID,ANM,WE,Combined TRACON& Tower with Radar,149,25,64,15,253,0,14,71,11,96,149,39,135,26,349,62,36,98,447
03/07/2020,BOI,ID,ANM,WE,Combined TRACON& Tower with Radar,115,21,33,14,183,0,3,13,23,39,115,24,46,37,222,0,0,0,222
03/08/2020,BOI,ID,ANM,WE,Combined TRACON& Tower with Radar,133,29,36,3,201,0,12,87,15,114,133,41,123,18,315,68,2,70,385
03/09/2020,BOI,ID,ANM,WE,Combined TRACON& Tower with Radar,149,34,56,7,246,0,17,68,3,88,149,51,124,10,334,134,2,136,470
03/10/2020,BOI,ID,ANM,WE,Combined TRACON& Tower with Radar,145,33,70,1,249,0,17,109,10,136,145,50,179,11,385,102,2,104,489
03/11/2020,BOI,ID,ANM,WE,Combined TRACON& Tower with Radar,147,20,60,25,252,0,9,101,19,129,147,29,161,44,381,94,10,104,485
03/12/2020,BOI,ID,ANM,WE,Combined TRACON& Tower with Radar,155,31,50,12,248,0,12,63,15,90,155,43,113,27,338,30,12,42,380
03/13/2020,BOI,ID,ANM,WE,Combined TRACON& Tower with Radar,148,22,61,15,246,0,17,71,12,100,148,39,132,27,346,50,10,60,406
03/14/2020,BOI,ID,ANM,WE,Combined TRACON& Tower with Radar,120,23,27,0,170,0,5,17,0,22,120,28,44,0,192,34,0,34,226
03/15/2020,BOI,ID,ANM,WE,Combined TRACON& Tower with Radar,139,24,47,1,211,0,2,21,1,24,139,26,68,2,235,8,0,8,243
03/16/2020,BOI,ID,ANM,WE,Combined TRACON& Tower with Radar,145,33,48,11,237,0,11,58,8,77,145,44,106,19,314,79,3,82,396
03/17/2020,BOI,ID,ANM,WE,Combined TRACON& Tower with Radar,145,30,47,10,232,0,6,52,10,68,145,36,99,20,300,34,0,34,334
03/18/2020,BOI,ID,ANM,WE,Combined TRACON& Tower with Radar,142,32,37,13,224,0,6,56,9,71,142,38,93,22,295,60,0,60,355
03/19/2020,BOI,ID,ANM,WE,Combined TRACON& Tower with Radar,152,22,34,11,219,0,8,66,17,91,152,30,100,28,310,64,0,64,374
03/20/2020,BOI,ID,ANM,WE,Combined TRACON& Tower with Radar,133,19,52,1,205,0,7,82,2,91,133,26,134,3,296,56,0,56,352
03/21/2020,BOI,ID,ANM,WE,Combined TRACON& Tower with Radar,100,26,26,0,152,0,14,85,0,99,100,40,111,0,251,52,0,52,303
03/22/2020,BOI,ID,ANM,WE,Combined TRACON& Tower with Radar,101,13,20,0,134,0,9,76,0,85,101,22,96,0,219,38,0,38,257
03/23/2020,BOI,ID,ANM,WE,Combined TRACON& Tower with Radar,125,21,16,4,166,0,5,34,1,40,125,26,50,5,206,52,0,52,258
03/24/2020,BOI,ID,ANM,WE,Combined TRACON& Tower with Radar,110,17,22,10,159,0,6,31,8,45,110,23,53,18,204,60,2,62,266
03/25/2020,BOI,ID,ANM,WE,Combined TRACON& Tower with Radar,104,16,21,8,149,0,2,30,8,40,104,18,51,16,189,42,0,42,231
03/26/2020,BOI,ID,ANM,WE,Combined TRACON& Tower with Radar,105,21,20,4,150,0,2,38,11,51,105,23,58,15,201,32,2,34,235
03/27/2020,BOI,ID,ANM,WE,Combined TRACON& Tower with Radar,92,15,18,0,125,1,3,25,1,30,93,18,43,1,155,22,0,22,177
03/28/2020,BOI,ID,ANM,WE,Combined TRACON& Tower with Radar,88,13,10,0,111,0,0,52,0,52,88,13,62,0,163,20,0,20,183
03/29/2020,BOI,ID,ANM,WE,Combined TRACON& Tower with Radar,96,11,11,0,118,0,0,6,0,6,96,11,17,0,124,4,0,4,128
03/30/2020,BOI,ID,ANM,WE,Combined TRACON& Tower with Radar,85,9,20,0,114,0,7,12,2,21,85,16,32,2,135,19,0,19,154
03/31/2020,BOI,ID,ANM,WE,Combined TRACON& Tower with Radar,98,17,14,2,131,0,8,3,2,13,98,25,17,4,144,0,0,0,144
04/01/2020,BOI,ID,ANM,WE,Combined TRACON& Tower with Radar,89,12,15,1,117,0,4,39,4,47,89,16,54,5,164,25,0,25,189
04/02/2020,BOI,ID,ANM,WE,Combined TRACON& Tower with Radar,83,15,21,15,134,0,9,55,1,65,83,24,76,16,199,20,2,22,221
04/03/2020,BOI,ID,ANM,WE,Combined TRACON& Tower with Radar,72,12,22,1,107,0,11,34,1,46,72,23,56,2,153,30,0,30,183
04/04/2020,BOI,ID,ANM,WE,Combined TRACON& Tower with Radar,59,8,9,1,77,0,6,24,0,30,59,14,33,1,107,0,0,0,107
04/05/2020,BOI,ID,ANM,WE,Combined TRACON& Tower with Radar,57,8,8,0,73,0,4,11,0,15,57,12,19,0,88,8,0,8,96
04/06/2020,BOI,ID,ANM,WE,Combined TRACON& Tower with Radar,66,11,17,0,94,0,5,29,2,36,66,16,46,2,130,38,0,38,168
04/07/2020,BOI,ID,ANM,WE,Combined TRACON& Tower with Radar,65,9,15,7,96,0,6,53,5,64,65,15,68,12,160,22,0,22,182
04/08/2020,BOI,ID,ANM,WE,Combined TRACON& Tower with Radar,76,8,18,5,107,0,11,75,10,96,76,19,93,15,203,44,0,44,247
04/09/2020,BOI,ID,ANM,WE,Combined TRACON& Tower with Radar,73,6,26,4,109,0,6,71,9,86,73,12,97,13,195,36,12,48,243
04/10/2020,BOI,ID,ANM,WE,Combined TRACON& Tower with Radar,63,9,19,0,91,0,2,65,1,68,63,11,84,1,159,14,0,14,173
04/11/2020,BOI,ID,ANM,WE,Combined TRACON& Tower with Radar,51,3,11,0,65,0,4,14,0,18,51,7,25,0,83,10,0,10,93
04/12/2020,BOI,ID,ANM,WE,Combined TRACON& Tower with Radar,39,2,5,0,46,0,3,17,0,20,39,5,22,0,66,18,0,18,84
04/13/2020,BOI,ID,ANM,WE,Combined TRACON& Tower with Radar,56,18,13,8,95,0,6,40,7,53,56,24,53,15,148,26,0,26,174
04/14/2020,BOI,ID,ANM,WE,Combined TRACON& Tower with Radar,57,7,18,5,87,0,7,42,6,55,57,14,60,11,142,24,2,26,168
04/15/2020,BOI,ID,ANM,WE,Combined TRACON& Tower with Radar,52,9,24,7,92,0,3,16,3,22,52,12,40,10,114,12,0,12,126
04/16/2020,BOI,ID,ANM,WE,Combined TRACON& Tower with Radar,45,14,22,4,85,0,0,51,4,55,45,14,73,8,140,48,0,48,188
04/17/2020,BOI,ID,ANM,WE,Combined TRACON& Tower with Radar,45,9,24,4,82,0,8,90,10,108,45,17,114,14,190,58,4,62,252
04/18/2020,BOI,ID,ANM,WE,Combined TRACON& Tower with Radar,37,4,27,0,68,0,10,76,0,86,37,14,103,0,154,48,0,48,202
04/19/2020,BOI,ID,ANM,WE,Combined TRACON& Tower with Radar,35,4,13,0,52,0,9,52,0,61,35,13,65,0,113,12,0,12,125
04/20/2020,BOI,ID,ANM,WE,Combined TRACON& Tower with Radar,41,10,19,0,70,0,14,61,2,77,41,24,80,2,147,60,0,60,207
04/21/2020,BOI,ID,ANM,WE,Combined TRACON& Tower with Radar,44,15,21,2,82,0,10,53,2,65,44,25,74,4,147,62,0,62,209
04/22/2020,BOI,ID,ANM,WE,Combined TRACON& Tower with Radar,46,13,26,1,86,0,10,58,0,68,46,23,84,1,154,36,0,36,190
04/23/2020,BOI,ID,ANM,WE,Combined TRACON& Tower with Radar,53,12,18,1,84,0,7,12,0,19,53,19,30,1,103,22,2,24,127
04/24/2020,BOI,ID,ANM,WE,Combined TRACON& Tower with Radar,42,7,32,2,83,0,9,76,3,88,42,16,108,5,171,30,0,30,201
04/25/2020,BOI,ID,ANM,WE,Combined TRACON& Tower with Radar,38,5,14,0,57,0,10,44,0,54,38,15,58,0,111,16,0,16,127
04/26/2020,BOI,ID,ANM,WE,Combined TRACON& Tower with Radar,33,7,34,0,74,0,4,60,0,64,33,11,94,0,138,21,0,21,159
04/27/2020,BOI,ID,ANM,WE,Combined TRACON& Tower with Radar,38,12,19,9,78,0,4,26,4,34,38,16,45,13,112,12,4,16,128
04/28/2020,BOI,ID,ANM,WE,Combined TRACON& Tower with Radar,44,10,24,5,83,0,3,52,18,73,44,13,76,23,156,22,0,22,178
04/29/2020,BOI,ID,ANM,WE,Combined TRACON& Tower with Radar,47,11,23,10,91,0,9,54,3,66,47,20,77,13,157,22,0,22,179
04/30/2020,BOI,ID,ANM,WE,Combined TRACON& Tower with Radar,53,16,26,7,102,0,2,32,15,49,53,18,58,22,151,30,8,38,189
05/01/2020,BOI,ID,ANM,WE,Combined TRACON& Tower with Radar,46,10,31,6,93,0,7,88,8,103,46,17,119,14,196,20,0,20,216
05/02/2020,BOI,ID,ANM,WE,Combined TRACON& Tower with Radar,37,11,8,0,56,0,12,47,0,59,37,23,55,0,115,0,0,0,115
05/03/2020,BOI,ID,ANM,WE,Combined TRACON& Tower with Radar,37,5,15,0,57,0,9,24,0,33,37,14,39,0,90,24,0,24,114
05/04/2020,BOI,ID,ANM,WE,Combined TRACON& Tower with Radar,40,21,33,9,103,0,6,81,1,88,40,27,114,10,191,32,0,32,223
05/05/2020,BOI,ID,ANM,WE,Combined TRACON& Tower with Radar,48,9,26,4,87,0,11,74,15,100,48,20,100,19,187,10,0,10,197
05/06/2020,BOI,ID,ANM,WE,Combined TRACON& Tower with Radar,50,13,29,15,107,0,5,26,8,39,50,18,55,23,146,0,0,0,146
05/07/2020,BOI,ID,ANM,WE,Combined TRACON& Tower with Radar,57,9,39,6,111,0,14,91,14,119,57,23,130,20,230,30,12,42,272
05/08/2020,BOI,ID,ANM,WE,Combined TRACON& Tower with Radar,54,15,51,15,135,0,12,116,10,138,54,27,167,25,273,44,26,70,343
05/09/2020,BOI,ID,ANM,WE,Combined TRACON& Tower with Radar,39,6,14,0,59,0,2,90,0,92,39,8,104,0,151,24,0,24,175
05/10/2020,BOI,ID,ANM,WE,Combined TRACON& Tower with Radar,49,5,13,0,67,0,10,58,0,68,49,15,71,0,135,24,0,24,159
05/11/2020,BOI,ID,ANM,WE,Combined TRACON& Tower with Radar,48,13,28,20,109,0,5,65,8,78,48,18,93,28,187,14,24,38,225
05/12/2020,BOI,ID,ANM,WE,Combined TRACON& Tower with Radar,48,11,38,8,105,0,12,47,26,85,48,23,85,34,190,48,46,94,284
05/13/2020,BOI,ID,ANM,WE,Combined TRACON& Tower with Radar,58,11,33,12,114,0,4,41,19,64,58,15,74,31,178,30,22,52,230
05/14/2020,BOI,ID,ANM,WE,Combined TRACON& Tower with Radar,54,14,41,2,111,0,6,27,19,52,54,20,68,21,163,7,7,14,177
05/15/2020,BOI,ID,ANM,WE,Combined TRACON& Tower with Radar,54,14,49,1,118,0,6,90,6,102,54,20,139,7,220,8,0,8,228
05/16/2020,BOI,ID,ANM,WE,Combined TRACON& Tower with Radar,44,2,21,0,67,0,1,68,0,69,44,3,89,0,136,6,0,6,142
05/17/2020,BOI,ID,ANM,WE,Combined TRACON& Tower with Radar,50,4,8,0,62,0,5,25,0,30,50,9,33,0,92,14,0,14,106
05/18/2020,BOI,ID,ANM,WE,Combined TRACON& Tower with Radar,47,21,35,6,109,0,6,25,1,32,47,27,60,7,141,14,16,30,171
05/19/2020,BOI,ID,ANM,WE,Combined TRACON& Tower with Radar,50,11,28,13,102,0,4,12,9,25,50,15,40,22,127,12,16,28,155
05/20/2020,BOI,ID,ANM,WE,Combined TRACON& Tower with Radar,55,20,47,3,125,0,1,4,1,6,55,21,51,4,131,0,0,0,131
05/21/2020,BOI,ID,ANM,WE,Combined TRACON& Tower with Radar,63,15,42,28,148,0,4,55,16,75,63,19,97,44,223,14,8,22,245
05/22/2020,BOI,ID,ANM,WE,Combined TRACON& Tower with Radar,57,9,42,0,108,0,6,53,1,60,57,15,95,1,168,18,0,18,186
05/23/2020,BOI,ID,ANM,WE,Combined TRACON& Tower with Radar,50,3,22,0,75,0,9,72,3,84,50,12,94,3,159,66,0,66,225
05/24/2020,BOI,ID,ANM,WE,Combined TRACON& Tower with Radar,55,5,15,0,75,0,17,72,1,90,55,22,87,1,165,20,0,20,185
05/25/2020,BOI,ID,ANM,WE,Combined TRACON& Tower with Radar,50,3,31,0,84,0,2,110,0,112,50,5,141,0,196,46,0,46,242
05/26/2020,BOI,ID,ANM,WE,Combined TRACON& Tower with Radar,54,13,42,5,114,0,7,68,6,81,54,20,110,11,195,56,0,56,251
05/27/2020,BOI,ID,ANM,WE,Combined TRACON& Tower with Radar,58,16,64,17,155,0,13,107,25,145,58,29,171,42,300,132,10,142,442
05/28/2020,BOI,ID,ANM,WE,Combined TRACON& Tower with Radar,70,13,68,4,155,0,7,111,4,122,70,20,179,8,277,120,0,120,397
05/29/2020,BOI,ID,ANM,WE,Combined TRACON& Tower with Radar,55,6,41,3,105,0,21,95,1,117,55,27,136,4,222,64,4,68,290
05/30/2020,BOI,ID,ANM,WE,Combined TRACON& Tower with Radar,53,20,13,1,87,0,7,45,0,52,53,27,58,1,139,0,0,0,139
05/31/2020,BOI,ID,ANM,WE,Combined TRACON& Tower with Radar,61,2,18,4,85,0,6,85,0,91,61,8,103,4,176,26,0,26,202
06/01/2020,BOI,ID,ANM,WE,Combined TRACON& Tower with Radar,59,8,40,1,108,0,6,62,1,69,59,14,102,2,177,66,0,66,243
06/02/2020,BOI,ID,ANM,WE,Combined TRACON& Tower with Radar,63,13,62,8,146,0,9,140,12,161,63,22,202,20,307,162,24,186,493
06/03/2020,BOI,ID,ANM,WE,Combined TRACON& Tower with Radar,62,18,63,5,148,1,11,108,17,137,63,29,171,22,285,88,12,100,385
06/04/2020,BOI,ID,ANM,WE,Combined TRACON& Tower with Radar,64,14,48,24,150,0,11,119,21,151,64,25,167,45,301,66,12,78,379
06/05/2020,BOI,ID,ANM,WE,Combined TRACON& Tower with Radar,64,13,64,9,150,0,6,104,5,115,64,19,168,14,265,30,6,36,301
06/06/2020,BOI,ID,ANM,WE,Combined TRACON& Tower with Radar,59,24,17,4,104,0,11,36,17,64,59,35,53,21,168,12,20,32,200
06/07/2020,BOI,ID,ANM,WE,Combined TRACON& Tower with Radar,67,9,37,8,121,0,0,1,8,9,67,9,38,16,130,0,0,0,130
06/08/2020,BOI,ID,ANM,WE,Combined TRACON& Tower with Radar,65,9,47,8,129,0,3,66,27,96,65,12,113,35,225,26,8,34,259
06/09/2020,BOI,ID,ANM,WE,Combined TRACON& Tower with Radar,64,15,63,24,166,0,11,92,20,123,64,26,155,44,289,58,2,60,349
06/10/2020,BOI,ID,ANM,WE,Combined TRACON& Tower with Radar,71,20,59,48,198,0,6,135,25,166,71,26,194,73,364,50,32,82,446
06/11/2020,BOI,ID,ANM,WE,Combined TRACON& Tower with Radar,76,12,65,22,175,0,9,99,20,128,76,21,164,42,303,70,4,74,377
06/12/2020,BOI,ID,ANM,WE,Combined TRACON& Tower with Radar,72,14,49,5,140,0,15,100,19,134,72,29,149,24,274,100,0,100,374
06/13/2020,BOI,ID,ANM,WE,Combined TRACON& Tower with Radar,66,12,20,2,100,0,0,10,3,13,66,12,30,5,113,0,0,0,113
06/14/2020,BOI,ID,ANM,WE,Combined TRACON& Tower with Radar,71,8,26,2,107,0,4,44,25,73,71,12,70,27,180,12,0,12,192
06/15/2020,BOI,ID,ANM,WE,Combined TRACON& Tower with Radar,75,10,37,8,130,0,7,68,23,98,75,17,105,31,228,58,14,72,300
06/16/2020,BOI,ID,ANM,WE,Combined TRACON& Tower with Radar,73,13,51,3,140,0,9,15,15,39,73,22,66,18,179,48,12,60,239
06/17/2020,BOI,ID,ANM,WE,Combined TRACON& Tower with Radar,80,15,52,20,167,0,12,58,22,92,80,27,110,42,259,24,14,38,297
06/18/2020,BOI,ID,ANM,WE,Combined TRACON& Tower with Radar,86,14,65,8,173,0,9,143,20,172,86,23,208,28,345,20,0,20,365
06/19/2020,BOI,ID,ANM,WE,Combined TRACON& Tower with Radar,72,4,50,3,129,0,10,119,17,146,72,14,169,20,275,7,0,7,282
06/20/2020,BOI,ID,ANM,WE,Combined TRACON& Tower with Radar,73,4,37,0,114,0,12,114,0,126,73,16,151,0,240,12,0,12,252
06/21/2020,BOI,ID,ANM,WE,Combined TRACON& Tower with Radar,83,5,32,1,121,0,5,77,7,89,83,10,109,8,210,0,0,0,210
06/22/2020,BOI,ID,ANM,WE,Combined TRACON& Tower with Radar,81,10,50,4,145,0,14,104,15,133,81,24,154,19,278,62,0,62,340
06/23/2020,BOI,ID,ANM,WE,Combined TRACON& Tower with Radar,86,18,51,9,164,0,18,107,16,141,86,36,158,25,305,92,12,104,409
06/24/2020,BOI,ID,ANM,WE,Combined TRACON& Tower with Radar,85,23,57,7,172,0,15,111,16,142,85,38,168,23,314,88,0,88,402
06/25/2020,BOI,ID,ANM,WE,Combined TRACON& Tower with Radar,92,15,56,16,179,0,8,97,10,115,92,23,153,26,294,58,4,62,356
06/26/2020,BOI,ID,ANM,WE,Combined TRACON& Tower with Radar,85,13,65,5,168,0,15,123,3,141,85,28,188,8,309,58,2,60,369
06/27/2020,BOI,ID,ANM,WE,Combined TRACON& Tower with Radar,81,11,26,0,118,0,13,107,0,120,81,24,133,0,238,12,0,12,250
06/28/2020,BOI,ID,ANM,WE,Combined TRACON& Tower with Radar,79,3,27,0,109,0,10,47,0,57,79,13,74,0,166,6,0,6,172
06/29/2020,BOI,ID,ANM,WE,Combined TRACON& Tower with Radar,77,14,49,3,143,0,1,4,0,5,77,15,53,3,148,0,0,0,148
06/30/2020,BOI,ID,ANM,WE,Combined TRACON& Tower with Radar,80,7,75,22,184,0,15,89,25,129,80,22,164,47,313,105,16,121,434
07/01/2020,BOI,ID,ANM,WE,Combined TRACON& Tower with Radar,84,20,55,29,188,0,15,102,18,135,84,35,157,47,323,34,0,34,357
07/02/2020,BOI,ID,ANM,WE,Combined TRACON& Tower with Radar,90,7,49,0,146,0,14,118,0,132,90,21,167,0,278,82,0,82,360
07/03/2020,BOI,ID,ANM,WE,Combined TRACON& Tower with Radar,83,8,29,0,120,0,13,117,3,133,83,21,146,3,253,62,0,62,315
07/04/2020,BOI,ID,ANM,WE,Combined TRACON& Tower with Radar,74,2,11,0,87,0,16,74,0,90,74,18,85,0,177,66,0,66,243
07/05/2020,BOI,ID,ANM,WE,Combined TRACON& Tower with Radar,89,6,26,0,121,0,14,57,1,72,89,20,83,1,193,10,0,10,203
07/06/2020,BOI,ID,ANM,WE,Combined TRACON& Tower with Radar,86,14,42,11,153,0,8,89,5,102,86,22,131,16,255,20,2,22,277
07/07/2020,BOI,ID,ANM,WE,Combined TRACON& Tower with Radar,92,12,52,9,165,0,15,94,15,124,92,27,146,24,289,30,0,30,319
07/08/2020,BOI,ID,ANM,WE,Combined TRACON& Tower with Radar,94,11,26,12,143,0,8,119,22,149,94,19,145,34,292,22,0,22,314
07/09/2020,BOI,ID,ANM,WE,Combined TRACON& Tower with Radar,102,19,55,30,206,0,9,110,21,140,102,28,165,51,346,58,4,62,408
07/10/2020,BOI,ID,ANM,WE,Combined TRACON& Tower with Radar,95,11,52,1,159,0,12,107,6,125,95,23,159,7,284,50,0,50,334
07/11/2020,BOI,ID,ANM,WE,Combined TRACON& Tower with Radar,93,5,30,0,128,0,17,89,0,106,93,22,119,0,234,74,0,74,308
07/12/2020,BOI,ID,ANM,WE,Combined TRACON& Tower with Radar,97,6,22,2,127,0,19,92,1,112,97,25,114,3,239,6,0,6,245
07/13/2020,BOI,ID,ANM,WE,Combined TRACON& Tower with Radar,92,10,39,0,141,0,9,110,6,125,92,19,149,6,266,6,0,6,272
07/14/2020,BOI,ID,ANM,WE,Combined TRACON& Tower with Radar,93,9,54,23,179,0,21,121,11,153,93,30,175,34,332,100,22,122,454
07/15/2020,BOI,ID,ANM,WE,Combined TRACON& Tower with Radar,98,27,48,2,175,0,8,122,16,146,98,35,170,18,321,24,6,30,351
07/16/2020,BOI,ID,ANM,WE,Combined TRACON& Tower with Radar,104,13,59,22,198,0,18,100,25,143,104,31,159,47,341,68,8,76,417
07/17/2020,BOI,ID,ANM,WE,Combined TRACON& Tower with Radar,99,9,38,2,148,0,11,113,6,130,99,20,151,8,278,70,0,70,348
07/18/2020,BOI,ID,ANM,WE,Combined TRACON& Tower with Radar,94,16,23,4,137,0,18,114,0,132,94,34,137,4,269,72,0,72,341
07/19/2020,BOI,ID,ANM,WE,Combined TRACON& Tower with Radar,102,10,39,0,151,0,21,66,3,90,102,31,105,3,241,12,0,12,253
07/20/2020,BOI,ID,ANM,WE,Combined TRACON& Tower with Radar,96,12,42,0,150,0,13,113,2,128,96,25,155,2,278,37,6,43,321
07/21/2020,BOI,ID,ANM,WE,Combined TRACON& Tower with Radar,99,9,47,8,163,0,15,89,24,128,99,24,136,32,291,10,8,18,309
07/22/2020,BOI,ID,ANM,WE,Combined TRACON& Tower with Radar,100,12,45,4,161,6,22,71,24,123,106,34,116,28,284,0,0,0,284
07/23/2020,BOI,ID,ANM,WE,Combined TRACON& Tower with Radar,106,11,44,10,171,0,9,72,18,99,106,20,116,28,270,44,2,46,316
07/24/2020,BOI,ID,ANM,WE,Combined TRACON& Tower with Radar,99,9,44,5,157,1,14,130,6,151,100,23,174,11,308,78,4,82,390
07/25/2020,BOI,ID,ANM,WE,Combined TRACON& Tower with Radar,98,5,32,0,135,0,31,102,20,153,98,36,134,20,288,58,0,58,346
07/26/2020,BOI,ID,ANM,WE,Combined TRACON& Tower with Radar,97,5,41,0,143,0,11,107,3,121,97,16,148,3,264,24,0,24,288
07/27/2020,BOI,ID,ANM,WE,Combined TRACON& Tower with Radar,94,15,43,7,159,6,39,95,25,165,100,54,138,32,324,20,0,20,344
07/28/2020,BOI,ID,ANM,WE,Combined TRACON& Tower with Radar,96,14,48,6,164,7,17,75,20,119,103,31,123,26,283,24,8,32,315
07/29/2020,BOI,ID,ANM,WE,Combined TRACON& Tower with Radar,98,13,68,5,184,3,11,139,27,180,101,24,207,32,364,146,4,150,514
07/30/2020,BOI,ID,ANM,WE,Combined TRACON& Tower with Radar,109,16,79,27,231,2,22,134,18,176,111,38,213,45,407,102,2,104,511
07/31/2020,BOI,ID,ANM,WE,Combined TRACON& Tower with Radar,100,14,63,1,178,5,13,121,25,164,105,27,184,26,342,58,2,60,402
08/01/2020,BOI,ID,ANM,WE,Combined TRACON& Tower with Radar,100,15,33,1,149,1,12,100,42,155,101,27,133,43,304,34,4,38,342
08/02/2020,BOI,ID,ANM,WE,Combined TRACON& Tower with Radar,109,1,23,2,135,1,11,92,19,123,110,12,115,21,258,36,0,36,294
08/03/2020,BOI,ID,ANM,WE,Combined TRACON& Tower with Radar,111,8,36,4,159,2,17,90,17,126,113,25,126,21,285,8,0,8,293
08/04/2020,BOI,ID,ANM,WE,Combined TRACON& Tower with Radar,111,11,48,15,185,2,9,105,17,133,113,20,153,32,318,18,0,18,336
08/05/2020,BOI,ID,ANM,WE,Combined TRACON& Tower with Radar,116,24,33,8,181,0,15,95,27,137,116,39,128,35,318,14,2,16,334
08/06/2020,BOI,ID,ANM,WE,Combined TRACON& Tower with Radar,121,13,56,27,217,11,39,105,107,262,132,52,161,134,479,12,8,20,499
08/07/2020,BOI,ID,ANM,WE,Combined TRACON& Tower with Radar,114,11,42,3,170,35,25,106,36,202,149,36,148,39,372,10,0,10,382
08/08/2020,BOI,ID,ANM,WE,Combined TRACON& Tower with Radar,114,7,31,1,153,6,21,112,59,198,120,28,143,60,351,14,0,14,365
08/09/2020,BOI,ID,ANM,WE,Combined TRACON& Tower with Radar,118,7,37,2,164,2,15,106,14,137,120,22,143,16,301,0,0,0,301
08/10/2020,BOI,ID,ANM,WE,Combined TRACON& Tower with Radar,111,6,56,8,181,2,28,143,12,185,113,34,199,20,366,28,0,28,394
08/11/2020,BOI,ID,ANM,WE,Combined TRACON& Tower with Radar,112,9,46,10,177,3,7,115,27,152,115,16,161,37,329,8,10,18,347
08/12/2020,BOI,ID,ANM,WE,Combined TRACON& Tower with Radar,112,11,44,19,186,1,11,121,35,168,113,22,165,54,354,24,26,50,404
08/13/2020,BOI,ID,ANM,WE,Combined TRACON& Tower with Radar,119,16,68,23,226,2,15,128,32,177,121,31,196,55,403,0,0,0,403
08/14/2020,BOI,ID,ANM,WE,Combined TRACON& Tower with Radar,113,12,45,8,178,1,10,134,11,156,114,22,179,19,334,22,0,22,356
08/15/2020,BOI,ID,ANM,WE,Combined TRACON& Tower with Radar,112,8,35,2,157,0,11,95,4,110,112,19,130,6,267,52,0,52,319
08/16/2020,BOI,ID,ANM,WE,Combined TRACON& Tower with Radar,115,8,35,1,159,1,19,85,10,115,116,27,120,11,274,10,0,10,284
08/17/2020,BOI,ID,ANM,WE,Combined TRACON& Tower with Radar,110,11,41,5,167,4,6,76,9,95,114,17,117,14,262,0,0,0,262
08/18/2020,BOI,ID,ANM,WE,Combined TRACON& Tower with Radar,111,14,50,6,181,7,12,96,40,155,118,26,146,46,336,0,0,0,336
08/19/2020,BOI,ID,ANM,WE,Combined TRACON& Tower with Radar,117,21,66,14,218,15,17,91,40,163,132,38,157,54,381,24,2,26,407
08/20/2020,BOI,ID,ANM,WE,Combined TRACON& Tower with Radar,121,20,89,6,236,4,10,101,19,134,125,30,190,25,370,28,0,28,398
08/21/2020,BOI,ID,ANM,WE,Combined TRACON& Tower with Radar,120,16,52,8,196,2,10,62,4,78,122,26,114,12,274,28,0,28,302
08/22/2020,BOI,ID,ANM,WE,Combined TRACON& Tower with Radar,111,11,39,3,164,1,18,61,19,99,112,29,100,22,263,78,0,78,341
08/23/2020,BOI,ID,ANM,WE,Combined TRACON& Tower with Radar,115,7,40,1,163,0,7,47,2,56,115,14,87,3,219,18,0,18,237
08/24/2020,BOI,ID,ANM,WE,Combined TRACON& Tower with Radar,108,15,48,10,181,0,11,43,5,59,108,26,91,15,240,14,0,14,254
08/25/2020,BOI,ID,ANM,WE,Combined TRACON& Tower with Radar,112,18,58,4,192,11,6,52,23,92,123,24,110,27,284,26,6,32,316
08/26/2020,BOI,ID,ANM,WE,Combined TRACON& Tower with Radar,111,21,55,17,204,5,15,97,26,143,116,36,152,43,347,32,2,34,381
08/27/2020,BOI,ID,ANM,WE,Combined TRACON& Tower with Radar,121,18,54,6,199,0,21,79,20,120,121,39,133,26,319,18,2,20,339
08/28/2020,BOI,ID,ANM,WE,Combined TRACON& Tower with Radar,117,11,61,3,192,0,18,103,6,127,117,29,164,9,319,36,2,38,357
08/29/2020,BOI,ID,ANM,WE,Combined TRACON& Tower with Radar,110,6,29,1,146,1,19,65,22,107,111,25,94,23,253,22,0,22,275
08/30/2020,BOI,ID,ANM,WE,Combined TRACON& Tower with Radar,113,6,38,4,161,4,16,75,11,106,117,22,113,15,267,2,0,2,269
08/31/2020,BOI,ID,ANM,WE,Combined TRACON& Tower with Radar,113,8,62,12,195,0,5,52,4,61,113,13,114,16,256,6,0,6,262
09/01/2020,BOI,ID,ANM,WE,Combined TRACON& Tower with Radar,118,16,47,6,187,1,2,96,15,114,119,18,143,21,301,26,4,30,331
09/02/2020,BOI,ID,ANM,WE,Combined TRACON& Tower with Radar,120,22,47,12,201,0,16,114,19,149,120,38,161,31,350,20,2,22,372
09/03/2020,BOI,ID,ANM,WE,Combined TRACON& Tower with Radar,126,19,65,4,214,0,17,102,22,141,126,36,167,26,355,0,0,0,355
09/04/2020,BOI,ID,ANM,WE,Combined TRACON& Tower with Radar,123,9,36,4,172,1,4,109,2,116,124,13,145,6,288,48,0,48,336
09/05/2020,BOI,ID,ANM,WE,Combined TRACON& Tower with Radar,110,9,14,3,136,0,7,65,2,74,110,16,79,5,210,26,0,26,236
09/06/2020,BOI,ID,ANM,WE,Combined TRACON& Tower with Radar,98,11,25,5,139,0,14,38,3,55,98,25,63,8,194,6,0,6,200
09/07/2020,BOI,ID,ANM,WE,Combined TRACON& Tower with Radar,106,15,44,1,166,6,6,58,26,96,112,21,102,27,262,10,0,10,272
09/08/2020,BOI,ID,ANM,WE,Combined TRACON& Tower with Radar,121,11,49,9,190,13,13,80,27,133,134,24,129,36,323,42,0,42,365
09/09/2020,BOI,ID,ANM,WE,Combined TRACON& Tower with Radar,115,19,46,14,194,9,9,82,30,130,124,28,128,44,324,24,12,36,360
09/10/2020,BOI,ID,ANM,WE,Combined TRACON& Tower with Radar,121,17,62,6,206,0,7,112,11,130,121,24,174,17,336,14,0,14,350
09/11/2020,BOI,ID,ANM,WE,Combined TRACON& Tower with Radar,120,16,41,8,185,0,8,129,14,151,120,24,170,22,336,26,0,26,362
09/12/2020,BOI,ID,ANM,WE,Combined TRACON& Tower with Radar,116,12,46,12,186,0,19,50,20,89,116,31,96,32,275,30,2,32,307
09/13/2020,BOI,ID,ANM,WE,Combined TRACON& Tower with Radar,116,23,71,18,228,0,0,2,1,3,116,23,73,19,231,0,0,0,231
09/14/2020,BOI,ID,ANM,WE,Combined TRACON& Tower with Radar,104,27,61,8,200,5,8,30,23,66,109,35,91,31,266,28,0,28,294
09/15/2020,BOI,ID,ANM,WE,Combined TRACON& Tower with Radar,101,27,72,21,221,0,5,50,17,72,101,32,122,38,293,0,0,0,293
09/16/2020,BOI,ID,ANM,WE,Combined TRACON& Tower with Radar,113,24,91,22,250,0,6,12,2,20,113,30,103,24,270,2,0,2,272
09/17/2020,BOI,ID,ANM,WE,Combined TRACON& Tower with Radar,122,26,66,13,227,0,8,32,13,53,122,34,98,26,280,0,0,0,280
09/18/2020,BOI,ID,ANM,WE,Combined TRACON& Tower with Radar,117,21,66,12,216,0,13,43,0,56,117,34,109,12,272,52,0,52,324
09/19/2020,BOI,ID,ANM,WE,Combined TRACON& Tower with Radar,112,11,41,1,165,0,4,49,2,55,112,15,90,3,220,46,0,46,266
09/20/2020,BOI,ID,ANM,WE,Combined TRACON& Tower with Radar,112,5,52,1,170,0,9,91,1,101,112,14,143,2,271,26,0,26,297
09/21/2020,BOI,ID,ANM,WE,Combined TRACON& Tower with Radar,106,18,67,16,207,0,14,97,8,119,106,32,164,24,326,94,0,94,420
09/22/2020,BOI,ID,ANM,WE,Combined TRACON& Tower with Radar,113,15,56,20,204,0,18,89,13,120,113,33,145,33,324,62,4,66,390
09/23/2020,BOI,ID,ANM,WE,Combined TRACON& Tower with Radar,115,21,55,12,203,0,16,74,20,110,115,37,129,32,313,96,6,102,415
09/24/2020,BOI,ID,ANM,WE,Combined TRACON& Tower with Radar,122,16,84,29,251,0,11,69,21,101,122,27,153,50,352,34,18,52,404
09/25/2020,BOI,ID,ANM,WE,Combined TRACON& Tower with Radar,118,14,56,7,195,0,8,94,6,108,118,22,150,13,303,10,0,10,313
09/26/2020,BOI,ID,ANM,WE,Combined TRACON& Tower with Radar,114,7,29,10,160,0,8,61,0,69,114,15,90,10,229,72,0,72,301
09/27/2020,BOI,ID,ANM,WE,Combined TRACON& Tower with Radar,113,6,33,4,156,0,21,105,3,129,113,27,138,7,285,12,0,12,297
09/28/2020,BOI,ID,ANM,WE,Combined TRACON& Tower with Radar,106,12,49,6,173,0,9,117,8,134,106,21,166,14,307,100,4,104,411
09/29/2020,BOI,ID,ANM,WE,Combined TRACON& Tower with Radar,114,14,63,26,217,0,10,116,19,145,114,24,179,45,362,38,14,52,414
09/30/2020,BOI,ID,ANM,WE,Combined TRACON& Tower with Radar,118,11,59,11,199,0,8,110,23,141,118,19,169,34,340,68,0,68,408
10/01/2020,BOI,ID,ANM,WE,Combined TRACON& Tower with Radar,131,11,72,13,227,0,14,105,22,141,131,25,177,35,368,84,0,84,452
10/02/2020,BOI,ID,ANM,WE,Combined TRACON& Tower with Radar,122,4,51,10,187,0,8,91,14,113,122,12,142,24,300,40,14,54,354
10/03/2020,BOI,ID,ANM,WE,Combined TRACON& Tower with Radar,118,19,49,16,202,0,11,60,24,95,118,30,109,40,297,16,22,38,335
10/04/2020,BOI,ID,ANM,WE,Combined TRACON& Tower with Radar,122,10,38,10,180,0,12,67,30,109,122,22,105,40,289,12,0,12,301
10/05/2020,BOI,ID,ANM,WE,Combined TRACON& Tower with Radar,117,13,57,4,191,0,10,77,6,93,117,23,134,10,284,46,0,46,330
10/06/2020,BOI,ID,ANM,WE,Combined TRACON& Tower with Radar,124,13,72,34,243,0,10,105,13,128,124,23,177,47,371,106,16,122,493
10/07/2020,BOI,ID,ANM,WE,Combined TRACON& Tower with Radar,125,11,53,25,214,0,7,104,10,121,125,18,157,35,335,132,0,132,467
10/08/2020,BOI,ID,ANM,WE,Combined TRACON& Tower with Radar,139,14,66,19,238,0,5,77,17,99,139,19,143,36,337,128,0,128,465
10/09/2020,BOI,ID,ANM,WE,Combined TRACON& Tower with Radar,130,14,52,9,205,0,10,52,12,74,130,24,104,21,279,52,14,66,345
10/10/2020,BOI,ID,ANM,WE,Combined TRACON& Tower with Radar,124,18,28,2,172,0,6,23,2,31,124,24,51,4,203,12,0,12,215
10/11/2020,BOI,ID,ANM,WE,Combined TRACON& Tower with Radar,128,7,41,0,176,0,15,39,0,54,128,22,80,0,230,4,0,4,234
10/12/2020,BOI,ID,ANM,WE,Combined TRACON& Tower with Radar,121,14,32,4,171,0,6,67,14,87,121,20,99,18,258,10,0,10,268
10/13/2020,BOI,ID,ANM,WE,Combined TRACON& Tower with Radar,128,18,57,10,213,0,9,77,14,100,128,27,134,24,313,94,10,104,417
10/14/2020,BOI,ID,ANM,WE,Combined TRACON& Tower with Radar,128,6,59,15,208,0,8,60,23,91,128,14,119,38,299,54,0,54,353
10/15/2020,BOI,ID,ANM,WE,Combined TRACON& Tower with Radar,142,19,89,17,267,0,23,92,25,140,142,42,181,42,407,86,4,90,497
10/16/2020,BOI,ID,ANM,WE,Combined TRACON& Tower with Radar,136,10,61,10,217,0,18,118,13,149,136,28,179,23,366,46,0,46,412
10/17/2020,BOI,ID,ANM,WE,Combined TRACON& Tower with Radar,123,10,20,4,157,0,10,46,3,59,123,20,66,7,216,26,0,26,242
10/18/2020,BOI,ID,ANM,WE,Combined TRACON& Tower with Radar,129,10,26,5,170,0,13,84,0,97,129,23,110,5,267,0,0,0,267
10/19/2020,BOI,ID,ANM,WE,Combined TRACON& Tower with Radar,123,12,35,5,175,0,13,83,26,122,123,25,118,31,297,48,0,48,345
10/20/2020,BOI,ID,ANM,WE,Combined TRACON& Tower with Radar,125,18,54,21,218,0,10,90,36,136,125,28,144,57,354,86,0,86,440
10/21/2020,BOI,ID,ANM,WE,Combined TRACON& Tower with Radar,127,19,45,42,233,0,10,72,29,111,127,29,117,71,344,66,8,74,418
10/22/2020,BOI,ID,ANM,WE,Combined TRACON& Tower with Radar,140,13,35,16,204,0,9,77,37,123,140,22,112,53,327,60,4,64,391
10/23/2020,BOI,ID,ANM,WE,Combined TRACON& Tower with Radar,126,15,54,5,200,0,6,97,27,130,126,21,151,32,330,106,0,106,436
10/24/2020,BOI,ID,ANM,WE,Combined TRACON& Tower with Radar,120,12,11,2,145,0,7,11,13,31,120,19,22,15,176,24,0,24,200
10/25/2020,BOI,ID,ANM,WE,Combined TRACON& Tower with Radar,122,9,31,1,163,0,4,57,2,63,122,13,88,3,226,20,0,20,246
10/26/2020,BOI,ID,ANM,WE,Combined TRACON& Tower with Radar,116,13,39,6,174,0,6,69,17,92,116,19,108,23,266,68,0,68,334
10/27/2020,BOI,ID,ANM,WE,Combined TRACON& Tower with Radar,108,26,45,21,200,0,12,71,36,119,108,38,116,57,319,56,16,72,391
10/28/2020,BOI,ID,ANM,WE,Combined TRACON& Tower with Radar,122,19,36,14,191,0,15,86,31,132,122,34,122,45,323,74,12,86,409
10/29/2020,BOI,ID,ANM,WE,Combined TRACON& Tower with Radar,132,24,50,34,240,0,19,124,37,180,132,43,174,71,420,105,6,111,531
10/30/2020,BOI,ID,ANM,WE,Combined TRACON& Tower with Radar,128,13,49,8,198,0,7,112,7,126,128,20,161,15,324,56,0,56,380
10/31/2020,BOI,ID,ANM,WE,Combined TRACON& Tower with Radar,109,7,37,2,155,0,11,117,0,128,109,18,154,2,283,24,0,24,307
11/01/2020,BOI,ID,ANM,WE,Combined TRACON& Tower with Radar,117,14,40,3,174,0,12,102,3,117,117,26,142,6,291,14,0,14,305
11/02/2020,BOI,ID,ANM,WE,Combined TRACON& Tower with Radar,110,22,45,6,183,0,6,95,7,108,110,28,140,13,291,28,2,30,321
11/03/2020,BOI,ID,ANM,WE,Combined TRACON& Tower with Radar,116,22,46,23,207,0,15,71,12,98,116,37,117,35,305,38,0,38,343
11/04/2020,BOI,ID,ANM,WE,Combined TRACON& Tower with Radar,123,20,59,14,216,0,4,99,20,123,123,24,158,34,339,18,10,28,367
11/05/2020,BOI,ID,ANM,WE,Combined TRACON& Tower with Radar,138,18,45,9,210,0,11,121,15,147,138,29,166,24,357,20,0,20,377
11/06/2020,BOI,ID,ANM,WE,Combined TRACON& Tower with Radar,125,14,36,7,182,0,2,78,11,91,125,16,114,18,273,4,0,4,277
11/07/2020,BOI,ID,ANM,WE,Combined TRACON& Tower with Radar,120,9,34,1,164,0,2,36,11,49,120,11,70,12,213,42,0,42,255
11/08/2020,BOI,ID,ANM,WE,Combined TRACON& Tower with Radar,134,10,17,6,167,0,0,1,1,2,134,10,18,7,169,0,0,0,169
11/09/2020,BOI,ID,ANM,WE,Combined TRACON& Tower with Radar,126,19,40,1,186,0,8,61,7,76,126,27,101,8,262,32,0,32,294
11/10/2020,BOI,ID,ANM,WE,Combined TRACON& Tower with Radar,122,23,47,6,198,0,5,21,13,39,122,28,68,19,237,64,6,70,307
11/11/2020,BOI,ID,ANM,WE,Combined TRACON& Tower with Radar,130,18,39,0,187,0,3,56,13,72,130,21,95,13,259,108,0,108,367
11/12/2020,BOI,ID,ANM,WE,Combined TRACON& Tower with Radar,147,32,84,14,277,0,11,93,24,128,147,43,177,38,405,24,6,30,435
11/13/2020,BOI,ID,ANM,WE,Combined TRACON& Tower with Radar,130,12,27,3,172,0,0,2,3,5,130,12,29,6,177,0,0,0,177
11/14/2020,BOI,ID,ANM,WE,Combined TRACON& Tower with Radar,119,12,27,5,163,0,8,70,0,78,119,20,97,5,241,46,0,46,287
11/15/2020,BOI,ID,ANM,WE,Combined TRACON& Tower with Radar,129,8,25,0,162,0,2,16,0,18,129,10,41,0,180,0,0,0,180
11/16/2020,BOI,ID,ANM,WE,Combined TRACON& Tower with Radar,125,25,52,7,209,0,6,76,11,93,125,31,128,18,302,60,0,60,362
11/17/2020,BOI,ID,ANM,WE,Combined TRACON& Tower with Radar,124,15,64,36,239,0,7,66,20,93,124,22,130,56,332,22,0,22,354
11/18/2020,BOI,ID,ANM,WE,Combined TRACON& Tower with Radar,126,15,51,10,202,0,5,24,20,49,126,20,75,30,251,62,0,62,313
11/19/2020,BOI,ID,ANM,WE,Combined TRACON& Tower with Radar,142,28,57,38,265,0,3,55,22,80,142,31,112,60,345,62,16,78,423
11/20/2020,BOI,ID,ANM,WE,Combined TRACON& Tower with Radar,132,17,54,18,221,0,9,132,9,150,132,26,186,27,371,70,0,70,441
11/21/2020,BOI,ID,ANM,WE,Combined TRACON& Tower with Radar,142,10,45,6,203,0,3,103,1,107,142,13,148,7,310,66,0,66,376
11/22/2020,BOI,ID,ANM,WE,Combined TRACON& Tower with Radar,141,5,40,3,189,0,0,85,3,88,141,5,125,6,277,18,0,18,295
11/23/2020,BOI,ID,ANM,WE,Combined TRACON& Tower with Radar,132,17,40,6,195,0,7,42,6,55,132,24,82,12,250,40,0,40,290
11/24/2020,BOI,ID,ANM,WE,Combined TRACON& Tower with Radar,149,13,49,22,233,0,4,91,16,111,149,17,140,38,344,70,18,88,432
11/25/2020,BOI,ID,ANM,WE,Combined TRACON& Tower with Radar,146,21,40,4,211,0,5,18,2,25,146,26,58,6,236,36,10,46,282
11/26/2020,BOI,ID,ANM,WE,Combined TRACON& Tower with Radar,76,9,17,0,102,0,3,29,0,32,76,12,46,0,134,12,0,12,146
11/27/2020,BOI,ID,ANM,WE,Combined TRACON& Tower with Radar,123,16,27,0,166,0,5,79,0,84,123,21,106,0,250,80,0,80,330
11/28/2020,BOI,ID,ANM,WE,Combined TRACON& Tower with Radar,145,9,36,0,190,0,5,59,0,64,145,14,95,0,254,12,0,12,266
11/29/2020,BOI,ID,ANM,WE,Combined TRACON& Tower with Radar,134,9,50,0,193,0,10,70,0,80,134,19,120,0,273,46,0,46,319
11/30/2020,BOI,ID,ANM,WE,Combined TRACON& Tower with Radar,135,17,42,16,210,0,3,27,5,35,135,20,69,21,245,44,4,48,293
12/01/2020,BOI,ID,ANM,WE,Combined TRACON& Tower with Radar,135,13,43,14,205,0,3,76,20,99,135,16,119,34,304,74,6,80,384
12/02/2020,BOI,ID,ANM,WE,Combined TRACON& Tower with Radar,121,18,57,22,218,0,6,71,22,99,121,24,128,44,317,46,18,64,381
12/03/2020,BOI,ID,ANM,WE,Combined TRACON& Tower with Radar,135,17,41,13,206,0,6,79,18,103,135,23,120,31,309,38,6,44,353
12/04/2020,BOI,ID,ANM,WE,Combined TRACON& Tower with Radar,127,17,35,6,185,0,6,75,16,97,127,23,110,22,282,8,2,10,292
12/05/2020,BOI,ID,ANM,WE,Combined TRACON& Tower with Radar,113,6,21,3,143,0,6,84,10,100,113,12,105,13,243,0,0,0,243
12/06/2020,BOI,ID,ANM,WE,Combined TRACON& Tower with Radar,125,5,22,3,155,0,1,50,12,63,125,6,72,15,218,4,0,4,222
12/07/2020,BOI,ID,ANM,WE,Combined TRACON& Tower with Radar,122,17,31,0,170,0,8,68,2,78,122,25,99,2,248,0,0,0,248
12/08/2020,BOI,ID,ANM,WE,Combined TRACON& Tower with Radar,120,16,38,4,178,0,4,72,16,92,120,20,110,20,270,28,0,28,298
12/09/2020,BOI,ID,ANM,WE,Combined TRACON& Tower with Radar,129,20,34,16,199,2,5,59,23,89,131,25,93,39,288,24,0,24,312
12/10/2020,BOI,ID,ANM,WE,Combined TRACON& Tower with Radar,133,21,56,11,221,0,7,94,17,118,133,28,150,28,339,22,0,22,361
12/11/2020,BOI,ID,ANM,WE,Combined TRACON& Tower with Radar,127,14,31,3,175,0,3,75,16,94,127,17,106,19,269,30,2,32,301
12/12/2020,BOI,ID,ANM,WE,Combined TRACON& Tower with Radar,113,14,48,2,177,0,13,86,18,117,113,27,134,20,294,26,0,26,320
12/13/2020,BOI,ID,ANM,WE,Combined TRACON& Tower with Radar,124,13,22,0,159,0,0,5,0,5,124,13,27,0,164,0,4,4,168
12/14/2020,BOI,ID,ANM,WE,Combined TRACON& Tower with Radar,120,30,47,8,205,0,3,33,8,44,120,33,80,16,249,6,0,6,255
12/15/2020,BOI,ID,ANM,WE,Combined TRACON& Tower with Radar,122,22,44,2,190,0,3,25,2,30,122,25,69,4,220,0,0,0,220
12/16/2020,BOI,ID,ANM,WE,Combined TRACON& Tower with Radar,125,21,46,4,196,0,0,3,1,4,125,21,49,5,200,0,0,0,200
12/17/2020,BOI,ID,ANM,WE,Combined TRACON& Tower with Radar,155,27,49,9,240,0,1,11,8,20,155,28,60,17,260,0,0,0,260
12/18/2020,BOI,ID,ANM,WE,Combined TRACON& Tower with Radar,143,23,66,3,235,0,9,101,6,116,143,32,167,9,351,24,0,24,375
12/19/2020,BOI,ID,ANM,WE,Combined TRACON& Tower with Radar,148,12,45,0,205,0,12,87,2,101,148,24,132,2,306,42,0,42,348
12/20/2020,BOI,ID,ANM,WE,Combined TRACON& Tower with Radar,135,16,19,0,170,0,2,17,0,19,135,18,36,0,189,34,0,34,223
12/21/2020,BOI,ID,ANM,WE,Combined TRACON& Tower with Radar,138,30,26,5,199,0,9,71,15,95,138,39,97,20,294,14,0,14,308
12/22/2020,BOI,ID,ANM,WE,Combined TRACON& Tower with Radar,148,32,46,8,234,0,4,16,21,41,148,36,62,29,275,4,4,8,283
12/23/2020,BOI,ID,ANM,WE,Combined TRACON& Tower with Radar,153,30,46,4,233,0,10,120,6,136,153,40,166,10,369,2,0,2,371
12/24/2020,BOI,ID,ANM,WE,Combined TRACON& Tower with Radar,107,17,19,0,143,0,3,69,0,72,107,20,88,0,215,0,0,0,215
12/25/2020,BOI,ID,ANM,WE,Combined TRACON& Tower with Radar,90,11,2,0,103,0,7,7,0,14,90,18,9,0,117,0,0,0,117
12/26/2020,BOI,ID,ANM,WE,Combined TRACON& Tower with Radar,135,16,29,0,180,0,1,2,0,3,135,17,31,0,183,0,0,0,183
12/27/2020,BOI,ID,ANM,WE,Combined TRACON& Tower with Radar,136,12,41,0,189,0,0,2,0,2,136,12,43,0,191,0,0,0,191
12/28/2020,BOI,ID,ANM,WE,Combined TRACON& Tower with Radar,128,19,35,6,188,0,5,10,2,17,128,24,45,8,205,20,0,20,225
12/29/2020,BOI,ID,ANM,WE,Combined TRACON& Tower with Radar,150,27,25,2,204,0,1,10,0,11,150,28,35,2,215,0,0,0,215
12/30/2020,BOI,ID,ANM,WE,Combined TRACON& Tower with Radar,144,27,54,3,228,0,5,50,21,76,144,32,104,24,304,38,12,50,354
12/31/2020,BOI,ID,ANM,WE,Combined TRACON& Tower with Radar,107,27,33,0,167,0,0,8,0,8,107,27,41,0,175,0,0,0,175
01/01/2021,BOI,ID,ANM,WE,Combined TRACON& Tower with Radar,94,10,33,0,137,0,4,62,0,66,94,14,95,0,203,38,0,38,241
01/02/2021,BOI,ID,ANM,WE,Combined TRACON& Tower with Radar,147,15,38,0,200,0,12,44,0,56,147,27,82,0,256,60,0,60,316
01/03/2021,BOI,ID,ANM,WE,Combined TRACON& Tower with Radar,129,21,39,0,189,0,2,15,0,17,129,23,54,0,206,0,0,0,206
01/04/2021,BOI,ID,ANM,WE,Combined TRACON& Tower with Radar,132,24,48,0,204,0,0,3,6,9,132,24,51,6,213,0,0,0,213
01/05/2021,BOI,ID,ANM,WE,Combined TRACON& Tower with Radar,121,20,58,14,213,0,4,105,28,137,121,24,163,42,350,14,0,14,364
01/06/2021,BOI,ID,ANM,WE,Combined TRACON& Tower with Radar,120,14,52,12,198,0,1,69,21,91,120,15,121,33,289,48,16,64,353
01/07/2021,BOI,ID,ANM,WE,Combined TRACON& Tower with Radar,131,22,55,3,211,0,5,37,32,74,131,27,92,35,285,16,0,16,301
01/08/2021,BOI,ID,ANM,WE,Combined TRACON& Tower with Radar,135,19,40,17,211,0,0,28,20,48,135,19,68,37,259,30,22,52,311
01/09/2021,BOI,ID,ANM,WE,Combined TRACON& Tower with Radar,105,15,36,4,160,0,3,43,7,53,105,18,79,11,213,8,0,8,221
01/10/2021,BOI,ID,ANM,WE,Combined TRACON& Tower with Radar,115,18,36,2,171,0,7,59,27,93,115,25,95,29,264,18,6,24,288
01/11/2021,BOI,ID,ANM,WE,Combined TRACON& Tower with Radar,120,19,43,5,187,0,14,95,2,111,120,33,138,7,298,10,0,10,308
01/12/2021,BOI,ID,ANM,WE,Combined TRACON& Tower with Radar,119,15,45,8,187,0,2,2,10,14,119,17,47,18,201,0,0,0,201
01/13/2021,BOI,ID,ANM,WE,Combined TRACON& Tower with Radar,122,22,41,9,194,0,11,31,23,65,122,33,72,32,259,6,10,16,275
01/14/2021,BOI,ID,ANM,WE,Combined TRACON& Tower with Radar,133,36,73,20,262,1,15,123,26,165,134,51,196,46,427,0,0,0,427
01/15/2021,BOI,ID,ANM,WE,Combined TRACON& Tower with Radar,127,27,48,7,209,0,13,74,9,96,127,40,122,16,305,10,0,10,315
01/16/2021,BOI,ID,ANM,WE,Combined TRACON& Tower with Radar,102,17,20,2,141,0,3,42,0,45,102,20,62,2,186,40,0,40,226
01/17/2021,BOI,ID,ANM,WE,Combined TRACON& Tower with Radar,109,19,32,3,163,0,3,33,0,36,109,22,65,3,199,22,0,22,221
01/18/2021,BOI,ID,ANM,WE,Combined TRACON& Tower with Radar,123,21,29,1,174,0,3,59,4,66,123,24,88,5,240,38,0,38,278
01/19/2021,BOI,ID,ANM,WE,Combined TRACON& Tower with Radar,118,19,46,10,193,0,2,107,11,120,118,21,153,21,313,85,4,89,402
01/20/2021,BOI,ID,ANM,WE,Combined TRACON& Tower with Radar,118,19,57,32,226,0,9,108,27,144,118,28,165,59,370,36,16,52,422
01/21/2021,BOI,ID,ANM,WE,Combined TRACON& Tower with Radar,136,25,53,5,219,0,4,28,21,53,136,29,81,26,272,40,8,48,320
01/22/2021,BOI,ID,ANM,WE,Combined TRACON& Tower with Radar,124,27,49,0,200,0,0,0,0,0,124,27,49,0,200,0,0,0,200
01/23/2021,BOI,ID,ANM,WE,Combined TRACON& Tower with Radar,105,23,34,3,165,0,6,85,1,92,105,29,119,4,257,72,0,72,329
01/24/2021,BOI,ID,ANM,WE,Combined TRACON& Tower with Radar,114,13,40,6,173,0,5,70,1,76,114,18,110,7,249,8,0,8,257
01/25/2021,BOI,ID,ANM,WE,Combined TRACON& Tower with Radar,118,19,52,8,197,0,8,68,11,87,118,27,120,19,284,30,0,30,314
01/26/2021,BOI,ID,ANM,WE,Combined TRACON& Tower with Radar,119,17,72,12,220,0,10,52,26,88,119,27,124,38,308,64,6,70,378
01/27/2021,BOI,ID,ANM,WE,Combined TRACON& Tower with Radar,119,20,46,5,190,0,4,5,25,34,119,24,51,30,224,30,0,30,254
01/28/2021,BOI,ID,ANM,WE,Combined TRACON& Tower with Radar,132,24,55,15,226,0,2,23,28,53,132,26,78,43,279,14,0,14,293
01/29/2021,BOI,ID,ANM,WE,Combined TRACON& Tower with Radar,126,24,41,7,198,0,0,0,0,0,126,24,41,7,198,6,0,6,204
01/30/2021,BOI,ID,ANM,WE,Combined TRACON& Tower with Radar,105,13,35,2,155,0,6,87,2,95,105,19,122,4,250,46,0,46,296
01/31/2021,BOI,ID,ANM,WE,Combined TRACON& Tower with Radar,115,16,29,3,163,0,3,40,2,45,115,19,69,5,208,50,0,50,258
02/01/2021,BOI,ID,ANM,WE,Combined TRACON& Tower with Radar,125,19,35,4,183,0,6,63,9,78,125,25,98,13,261,62,4,66,327
02/02/2021,BOI,ID,ANM,WE,Combined TRACON& Tower with Radar,122,11,51,6,190,0,0,33,18,51,122,11,84,24,241,24,2,26,267
02/03/2021,BOI,ID,ANM,WE,Combined TRACON& Tower with Radar,119,24,66,10,219,0,5,26,3,34,119,29,92,13,253,74,6,80,333
02/04/2021,BOI,ID,ANM,WE,Combined TRACON& Tower with Radar,129,29,58,12,228,0,4,88,12,104,129,33,146,24,332,78,0,78,410
02/05/2021,BOI,ID,ANM,WE,Combined TRACON& Tower with Radar,130,17,63,13,223,0,5,32,20,57,130,22,95,33,280,34,0,34,314
02/06/2021,BOI,ID,ANM,WE,Combined TRACON& Tower with Radar,104,11,34,5,154,0,3,96,14,113,104,14,130,19,267,130,0,130,397
02/07/2021,BOI,ID,ANM,WE,Combined TRACON& Tower with Radar,107,20,23,11,161,0,2,35,11,48,107,22,58,22,209,0,0,0,209
02/08/2021,BOI,ID,ANM,WE,Combined TRACON& Tower with Radar,118,20,39,15,192,0,5,94,9,108,118,25,133,24,300,90,18,108,408
02/09/2021,BOI,ID,ANM,WE,Combined TRACON& Tower with Radar,119,24,47,22,212,0,8,90,13,111,119,32,137,35,323,106,4,110,433
02/10/2021,BOI,ID,ANM,WE,Combined TRACON& Tower with Radar,117,25,75,6,223,0,8,114,28,150,117,33,189,34,373,98,18,116,489
02/11/2021,BOI,ID,ANM,WE,Combined TRACON& Tower with Radar,121,25,81,9,236,0,2,11,12,25,121,27,92,21,261,0,0,0,261
02/12/2021,BOI,ID,ANM,WE,Combined TRACON& Tower with Radar,127,38,40,1,206,0,0,0,0,0,127,38,40,1,206,0,0,0,206
02/13/2021,BOI,ID,ANM,WE,Combined TRACON& Tower with Radar,75,23,14,0,112,0,0,0,0,0,75,23,14,0,112,0,0,0,112
02/14/2021,BOI,ID,ANM,WE,Combined TRACON& Tower with Radar,94,16,29,0,139,0,0,15,3,18,94,16,44,3,157,16,0,16,173
02/15/2021,BOI,ID,ANM,WE,Combined TRACON& Tower with Radar,118,16,37,0,171,0,0,15,1,16,118,16,52,1,187,46,0,46,233
02/16/2021,BOI,ID,ANM,WE,Combined TRACON& Tower with Radar,116,17,56,0,189,0,1,26,10,37,116,18,82,10,226,46,0,46,272
02/17/2021,BOI,ID,ANM,WE,Combined TRACON& Tower with Radar,109,33,53,5,200,0,3,81,8,92,109,36,134,13,292,34,0,34,326
02/18/2021,BOI,ID,ANM,WE,Combined TRACON& Tower with Radar,129,27,61,7,224,0,3,72,10,85,129,30,133,17,309,28,0,28,337
02/19/2021,BOI,ID,ANM,WE,Combined TRACON& Tower with Radar,129,30,51,12,222,0,3,22,15,40,129,33,73,27,262,16,0,16,278
02/20/2021,BOI,ID,ANM,WE,Combined TRACON& Tower with Radar,99,11,22,0,132,0,2,26,0,28,99,13,48,0,160,8,0,8,168
02/21/2021,BOI,ID,ANM,WE,Combined TRACON& Tower with Radar,116,15,40,0,171,0,1,40,0,41,116,16,80,0,212,2,0,2,214
02/22/2021,BOI,ID,ANM,WE,Combined TRACON& Tower with Radar,123,19,47,29,218,0,4,64,14,82,123,23,111,43,300,92,6,98,398
02/23/2021,BOI,ID,ANM,WE,Combined TRACON& Tower with Radar,121,14,65,32,232,0,5,72,11,88,121,19,137,43,320,38,20,58,378
02/24/2021,BOI,ID,ANM,WE,Combined TRACON& Tower with Radar,120,25,55,17,217,0,9,76,14,99,120,34,131,31,316,30,12,42,358
02/25/2021,BOI,ID,ANM,WE,Combined TRACON& Tower with Radar,125,22,60,3,210,0,6,71,12,89,125,28,131,15,299,42,0,42,341
02/26/2021,BOI,ID,ANM,WE,Combined TRACON& Tower with Radar,128,33,54,0,215,0,2,15,0,17,128,35,69,0,232,6,0,6,238
02/27/2021,BOI,ID,ANM,WE,Combined TRACON& Tower with Radar,101,16,31,0,148,0,2,46,0,48,101,18,77,0,196,58,0,58,254
02/28/2021,BOI,ID,ANM,WE,Combined TRACON& Tower with Radar,114,19,48,0,181,0,9,93,0,102,114,28,141,0,283,42,0,42,325
03/01/2021,BOI,ID,ANM,WE,Combined TRACON& Tower with Radar,123,30,56,3,212,0,8,65,5,78,123,38,121,8,290,40,0,40,330
03/02/2021,BOI,ID,ANM,WE,Combined TRACON& Tower with Radar,117,20,62,8,207,0,6,98,14,118,117,26,160,22,325,62,0,62,387
03/03/2021,BOI,ID,ANM,WE,Combined TRACON& Tower with Radar,120,32,68,20,240,0,5,107,14,126,120,37,175,34,366,132,6,138,504
03/04/2021,BOI,ID,ANM,WE,Combined TRACON& Tower with Radar,133,29,63,8,233,0,26,128,12,166,133,55,191,20,399,64,4,68,467
03/05/2021,BOI,ID,ANM,WE,Combined TRACON& Tower with Radar,128,17,52,6,203,0,16,67,13,96,128,33,119,19,299,12,6,18,317
03/06/2021,BOI,ID,ANM,WE,Combined TRACON& Tower with Radar,103,16,22,1,142,0,4,42,32,78,103,20,64,33,220,54,6,60,280
03/07/2021,BOI,ID,ANM,WE,Combined TRACON& Tower with Radar,123,25,39,5,192,0,5,69,11,85,123,30,108,16,277,26,4,30,307
03/08/2021,BOI,ID,ANM,WE,Combined TRACON& Tower with Radar,126,24,67,11,228,0,7,58,0,65,126,31,125,11,293,44,10,54,347
03/09/2021,BOI,ID,ANM,WE,Combined TRACON& Tower with Radar,121,24,70,8,223,0,4,90,13,107,121,28,160,21,330,86,6,92,422
03/10/2021,BOI,ID,ANM,WE,Combined TRACON& Tower with Radar,123,26,71,14,234,0,5,116,14,135,123,31,187,28,369,128,12,140,509
03/11/2021,BOI,ID,ANM,WE,Combined TRACON& Tower with Radar,137,28,70,18,253,0,17,115,19,151,137,45,185,37,404,40,0,40,444
03/12/2021,BOI,ID,ANM,WE,Combined TRACON& Tower with Radar,129,21,56,8,214,0,4,116,11,131,129,25,172,19,345,86,4,90,435
03/13/2021,BOI,ID,ANM,WE,Combined TRACON& Tower with Radar,104,20,27,6,157,0,9,96,9,114,104,29,123,15,271,68,6,74,345
03/14/2021,BOI,ID,ANM,WE,Combined TRACON& Tower with Radar,112,14,54,5,185,0,8,94,0,102,112,22,148,5,287,16,0,16,303
03/15/2021,BOI,ID,ANM,WE,Combined TRACON& Tower with Radar,117,24,50,19,210,0,6,62,26,94,117,30,112,45,304,38,0,38,342
03/16/2021,BOI,ID,ANM,WE,Combined TRACON& Tower with Radar,127,22,75,28,252,0,5,77,38,120,127,27,152,66,372,64,6,70,442
03/17/2021,BOI,ID,ANM,WE,Combined TRACON& Tower with Radar,117,26,60,31,234,0,10,102,29,141,117,36,162,60,375,94,12,106,481
03/18/2021,BOI,ID,ANM,WE,Combined TRACON& Tower with Radar,140,23,82,10,255,0,14,68,42,124,140,37,150,52,379,76,4,80,459
03/19/2021,BOI,ID,ANM,WE,Combined TRACON& Tower with Radar,134,30,67,11,242,0,4,36,17,57,134,34,103,28,299,36,0,36,335
03/20/2021,BOI,ID,ANM,WE,Combined TRACON& Tower with Radar,117,22,33,2,174,0,8,47,0,55,117,30,80,2,229,120,0,120,349
03/21/2021,BOI,ID,ANM,WE,Combined TRACON& Tower with Radar,120,18,29,2,169,0,10,75,3,88,120,28,104,5,257,30,0,30,287
03/22/2021,BOI,ID,ANM,WE,Combined TRACON& Tower with Radar,121,23,45,0,189,0,1,6,6,13,121,24,51,6,202,0,0,0,202
03/23/2021,BOI,ID,ANM,WE,Combined TRACON& Tower with Radar,128,34,55,15,232,0,7,55,35,97,128,41,110,50,329,66,4,70,399
03/24/2021,BOI,ID,ANM,WE,Combined TRACON& Tower with Radar,129,28,72,14,243,0,6,88,39,133,129,34,160,53,376,126,8,134,510
03/25/2021,BOI,ID,ANM,WE,Combined TRACON& Tower with Radar,141,24,50,12,227,0,2,19,20,41,141,26,69,32,268,70,0,70,338
03/26/2021,BOI,ID,ANM,WE,Combined TRACON& Tower with Radar,128,22,57,3,210,0,5,86,12,103,128,27,143,15,313,116,0,116,429
03/27/2021,BOI,ID,ANM,WE,Combined TRACON& Tower with Radar,110,21,40,0,171,0,7,117,10,134,110,28,157,10,305,82,0,82,387
03/28/2021,BOI,ID,ANM,WE,Combined TRACON& Tower with Radar,124,21,43,1,189,0,6,61,1,68,124,27,104,2,257,6,0,6,263
03/29/2021,BOI,ID,ANM,WE,Combined TRACON& Tower with Radar,122,27,74,6,229,0,3,27,5,35,122,30,101,11,264,18,0,18,282
03/30/2021,BOI,ID,ANM,WE,Combined TRACON& Tower with Radar,131,22,62,9,224,0,10,101,32,143,131,32,163,41,367,80,4,84,451
03/31/2021,BOI,ID,ANM,WE,Combined TRACON& Tower with Radar,121,29,81,9,240,0,12,124,24,160,121,41,205,33,400,88,0,88,488
04/01/2021,BOI,ID,ANM,WE,Combined TRACON& Tower with Radar,135,30,72,12,249,0,11,89,17,117,135,41,161,29,366,56,2,58,424
04/02/2021,BOI,ID,ANM,WE,Combined TRACON& Tower with Radar,128,30,80,5,243,0,6,124,9,139,128,36,204,14,382,182,10,192,574
04/03/2021,BOI,ID,ANM,WE,Combined TRACON& Tower with Radar,112,15,35,4,166,0,10,102,4,116,112,25,137,8,282,54,0,54,336
04/04/2021,BOI,ID,ANM,WE,Combined TRACON& Tower with Radar,116,24,28,0,168,0,6,59,1,66,116,30,87,1,234,26,0,26,260
04/05/2021,BOI,ID,ANM,WE,Combined TRACON& Tower with Radar,123,23,58,2,206,0,6,34,5,45,123,29,92,7,251,6,0,6,257
04/06/2021,BOI,ID,ANM,WE,Combined TRACON& Tower with Radar,121,16,65,28,230,0,7,117,13,137,121,23,182,41,367,56,8,64,431
04/07/2021,BOI,ID,ANM,WE,Combined TRACON& Tower with Radar,124,24,73,14,235,0,10,118,28,156,124,34,191,42,391,54,0,54,445
04/08/2021,BOI,ID,ANM,WE,Combined TRACON& Tower with Radar,135,31,67,15,248,0,12,64,19,95,135,43,131,34,343,20,10,30,373
04/09/2021,BOI,ID,ANM,WE,Combined TRACON& Tower with Radar,128,26,81,13,248,0,21,126,14,161,128,47,207,27,409,95,2,97,506
04/10/2021,BOI,ID,ANM,WE,Combined TRACON& Tower with Radar,111,16,28,11,166,0,7,48,13,68,111,23,76,24,234,46,0,46,280
04/11/2021,BOI,ID,ANM,WE,Combined TRACON& Tower with Radar,122,15,24,14,175,0,5,72,14,91,122,20,96,28,266,24,0,24,290
04/12/2021,BOI,ID,ANM,WE,Combined TRACON& Tower with Radar,124,16,57,8,205,0,11,117,6,134,124,27,174,14,339,33,0,33,372
04/13/2021,BOI,ID,ANM,WE,Combined TRACON& Tower with Radar,122,21,43,18,204,0,12,65,14,91,122,33,108,32,295,74,8,82,377
04/14/2021,BOI,ID,ANM,WE,Combined TRACON& Tower with Radar,121,30,68,18,237,0,6,79,30,115,121,36,147,48,352,74,6,80,432
04/15/2021,BOI,ID,ANM,WE,Combined TRACON& Tower with Radar,135,24,59,18,236,0,11,75,13,99,135,35,134,31,335,16,10,26,361
04/16/2021,BOI,ID,ANM,WE,Combined TRACON& Tower with Radar,131,22,64,12,229,0,9,95,17,121,131,31,159,29,350,86,0,86,436
04/17/2021,BOI,ID,ANM,WE,Combined TRACON& Tower with Radar,115,14,37,2,168,0,11,107,5,123,115,25,144,7,291,60,0,60,351
04/18/2021,BOI,ID,ANM,WE,Combined TRACON& Tower with Radar,118,15,45,4,182,0,9,84,5,98,118,24,129,9,280,68,0,68,348
04/19/2021,BOI,ID,ANM,WE,Combined TRACON& Tower with Radar,121,33,50,24,228,0,4,42,13,59,121,37,92,37,287,20,14,34,321
04/20/2021,BOI,ID,ANM,WE,Combined TRACON& Tower with Radar,122,20,57,24,223,0,19,119,37,175,122,39,176,61,398,122,12,134,532
04/21/2021,BOI,ID,ANM,WE,Combined TRACON& Tower with Radar,130,15,83,11,239,0,8,116,32,156,130,23,199,43,395,105,0,105,500
04/22/2021,BOI,ID,ANM,WE,Combined TRACON& Tower with Radar,140,21,86,15,262,0,5,128,26,159,140,26,214,41,421,88,0,88,509
04/23/2021,BOI,ID,ANM,WE,Combined TRACON& Tower with Radar,131,22,71,6,230,0,5,126,5,136,131,27,197,11,366,120,0,120,486
04/24/2021,BOI,ID,ANM,WE,Combined TRACON& Tower with Radar,113,16,27,6,162,0,6,29,0,35,113,22,56,6,197,42,0,42,239
04/25/2021,BOI,ID,ANM,WE,Combined TRACON& Tower with Radar,115,20,38,3,176,0,3,19,1,23,115,23,57,4,199,10,0,10,209
04/26/2021,BOI,ID,ANM,WE,Combined TRACON& Tower with Radar,122,21,52,3,198,0,2,21,16,39,122,23,73,19,237,60,0,60,297
04/27/2021,BOI,ID,ANM,WE,Combined TRACON& Tower with Radar,125,15,59,17,216,0,10,70,35,115,125,25,129,52,331,62,2,64,395
04/28/2021,BOI,ID,ANM,WE,Combined TRACON& Tower with Radar,124,25,59,5,213,0,23,99,27,149,124,48,158,32,362,156,0,156,518
04/29/2021,BOI,ID,ANM,WE,Combined TRACON& Tower with Radar,136,21,68,13,238,0,14,121,21,156,136,35,189,34,394,102,6,108,502
04/30/2021,BOI,ID,ANM,WE,Combined TRACON& Tower with Radar,129,15,52,5,201,0,3,119,24,146,129,18,171,29,347,72,10,82,429
05/01/2021,BOI,ID,ANM,WE,Combined TRACON& Tower with Radar,115,19,28,5,167,0,5,53,11,69,115,24,81,16,236,26,0,26,262
05/02/2021,BOI,ID,ANM,WE,Combined TRACON& Tower with Radar,116,13,39,6,174,0,6,17,15,38,116,19,56,21,212,4,4,8,220
05/03/2021,BOI,ID,ANM,WE,Combined TRACON& Tower with Radar,129,22,54,3,208,0,12,84,5,101,129,34,138,8,309,74,0,74,383
05/04/2021,BOI,ID,ANM,WE,Combined TRACON& Tower with Radar,122,19,62,9,212,0,7,78,16,101,122,26,140,25,313,56,0,56,369
05/05/2021,BOI,ID,ANM,WE,Combined TRACON& Tower with Radar,121,30,67,4,222,0,12,112,30,154,121,42,179,34,376,108,10,118,494
05/06/2021,BOI,ID,ANM,WE,Combined TRACON& Tower with Radar,141,34,52,2,229,0,11,58,21,90,141,45,110,23,319,38,2,40,359
05/07/2021,BOI,ID,ANM,WE,Combined TRACON& Tower with Radar,134,17,53,7,211,0,7,54,6,67,134,24,107,13,278,14,0,14,292
05/08/2021,BOI,ID,ANM,WE,Combined TRACON& Tower with Radar,123,11,34,2,170,0,7,71,2,80,123,18,105,4,250,52,0,52,302
05/09/2021,BOI,ID,ANM,WE,Combined TRACON& Tower with Radar,121,15,30,6,172,0,7,51,2,60,121,22,81,8,232,64,0,64,296
05/10/2021,BOI,ID,ANM,WE,Combined TRACON& Tower with Radar,129,22,76,3,230,0,16,75,19,110,129,38,151,22,340,30,0,30,370
05/11/2021,BOI,ID,ANM,WE,Combined TRACON& Tower with Radar,130,17,43,21,211,0,14,110,17,141,130,31,153,38,352,76,26,102,454
05/12/2021,BOI,ID,ANM,WE,Combined TRACON& Tower with Radar,131,18,82,36,267,0,13,96,32,141,131,31,178,68,408,2,12,14,422
05/13/2021,BOI,ID,ANM,WE,Combined TRACON& Tower with Radar,142,22,71,8,243,0,24,128,30,182,142,46,199,38,425,58,4,62,487
05/14/2021,BOI,ID,ANM,WE,Combined TRACON& Tower with Radar,133,20,63,10,226,0,10,111,14,135,133,30,174,24,361,50,16,66,427
05/15/2021,BOI,ID,ANM,WE,Combined TRACON& Tower with Radar,122,12,21,4,159,0,13,98,8,119,122,25,119,12,278,36,0,36,314
05/16/2021,BOI,ID,ANM,WE,Combined TRACON& Tower with Radar,126,17,55,2,200,0,4,85,3,92,126,21,140,5,292,64,0,64,356
05/17/2021,BOI,ID,ANM,WE,Combined TRACON& Tower with Radar,134,24,69,12,239,0,7,96,8,111,134,31,165,20,350,34,12,46,396
05/18/2021,BOI,ID,ANM,WE,Combined TRACON& Tower with Radar,126,30,64,8,228,0,9,62,15,86,126,39,126,23,314,64,2,66,380
05/19/2021,BOI,ID,ANM,WE,Combined TRACON& Tower with Radar,132,23,70,8,233,0,12,65,31,108,132,35,135,39,341,20,2,22,363
05/20/2021,BOI,ID,ANM,WE,Combined TRACON& Tower with Radar,127,35,78,14,254,1,17,43,20,81,128,52,121,34,335,52,0,52,387
05/21/2021,BOI,ID,ANM,WE,Combined TRACON& Tower with Radar,138,23,75,5,241,0,7,36,7,50,138,30,111,12,291,22,0,22,313
05/22/2021,BOI,ID,ANM,WE,Combined TRACON& Tower with Radar,124,22,24,4,174,0,0,14,0,14,124,22,38,4,188,26,0,26,214
05/23/2021,BOI,ID,ANM,WE,Combined TRACON& Tower with Radar,127,20,29,0,176,0,7,25,2,34,127,27,54,2,210,56,0,56,266
05/24/2021,BOI,ID,ANM,WE,Combined TRACON& Tower with Radar,129,22,51,4,206,0,6,69,15,90,129,28,120,19,296,50,0,50,346
05/25/2021,BOI,ID,ANM,WE,Combined TRACON& Tower with Radar,136,22,52,7,217,0,4,44,15,63,136,26,96,22,280,60,0,60,340
05/26/2021,BOI,ID,ANM,WE,Combined TRACON& Tower with Radar,130,20,74,13,237,0,10,146,18,174,130,30,220,31,411,110,0,110,521
05/27/2021,BOI,ID,ANM,WE,Combined TRACON& Tower with Radar,142,34,70,10,256,0,20,119,23,162,142,54,189,33,418,16,12,28,446
05/28/2021,BOI,ID,ANM,WE,Combined TRACON& Tower with Radar,141,20,72,7,240,0,16,124,0,140,141,36,196,7,380,38,2,40,420
05/29/2021,BOI,ID,ANM,WE,Combined TRACON& Tower with Radar,122,14,28,0,164,0,15,93,3,111,122,29,121,3,275,14,0,14,289
05/30/2021,BOI,ID,ANM,WE,Combined TRACON& Tower with Radar,126,13,26,0,165,0,19,74,0,93,126,32,100,0,258,6,0,6,264
05/31/2021,BOI,ID,ANM,WE,Combined TRACON& Tower with Radar,127,17,39,0,183,0,8,103,2,113,127,25,142,2,296,0,0,0,296
06/01/2021,BOI,ID,ANM,WE,Combined TRACON& Tower with Radar,126,14,58,8,206,0,7,114,11,132,126,21,172,19,338,50,0,50,388
06/02/2021,BOI,ID,ANM,WE,Combined TRACON& Tower with Radar,135,22,60,36,253,0,15,111,15,141,135,37,171,51,394,68,22,90,484
06/03/2021,BOI,ID,ANM,WE,Combined TRACON& Tower with Radar,144,43,72,22,281,0,13,86,21,120,144,56,158,43,401,86,26,112,513
06/04/2021,BOI,ID,ANM,WE,Combined TRACON& Tower with Radar,138,21,56,7,222,0,10,104,25,139,138,31,160,32,361,66,0,66,427
06/05/2021,BOI,ID,ANM,WE,Combined TRACON& Tower with Radar,126,12,28,6,172,0,8,66,6,80,126,20,94,12,252,24,0,24,276
06/06/2021,BOI,ID,ANM,WE,Combined TRACON& Tower with Radar,141,14,41,6,202,0,13,86,16,115,141,27,127,22,317,44,0,44,361
06/07/2021,BOI,ID,ANM,WE,Combined TRACON& Tower with Radar,148,24,58,16,246,0,8,117,13,138,148,32,175,29,384,62,18,80,464
06/08/2021,BOI,ID,ANM,WE,Combined TRACON& Tower with Radar,153,24,61,12,250,0,14,88,13,115,153,38,149,25,365,90,4,94,459
06/09/2021,BOI,ID,ANM,WE,Combined TRACON& Tower with Radar,152,33,63,2,250,0,11,91,13,115,152,44,154,15,365,54,2,56,421
06/10/2021,BOI,ID,ANM,WE,Combined TRACON& Tower with Radar,157,31,80,3,271,0,0,46,5,51,157,31,126,8,322,72,0,72,394
06/11/2021,BOI,ID,ANM,WE,Combined TRACON& Tower with Radar,157,32,61,5,255,0,8,94,11,113,157,40,155,16,368,54,0,54,422
06/12/2021,BOI,ID,ANM,WE,Combined TRACON& Tower with Radar,135,27,32,2,196,0,10,114,14,138,135,37,146,16,334,50,2,52,386
06/13/2021,BOI,ID,ANM,WE,Combined TRACON& Tower with Radar,142,19,32,3,196,0,12,71,5,88,142,31,103,8,284,33,0,33,317
06/14/2021,BOI,ID,ANM,WE,Combined TRACON& Tower with Radar,146,24,52,3,225,0,10,104,9,123,146,34,156,12,348,20,6,26,374
06/15/2021,BOI,ID,ANM,WE,Combined TRACON& Tower with Radar,153,20,82,7,262,0,15,104,18,137,153,35,186,25,399,70,0,70,469
06/16/2021,BOI,ID,ANM,WE,Combined TRACON& Tower with Radar,152,25,95,13,285,0,15,119,13,147,152,40,214,26,432,64,6,70,502
06/17/2021,BOI,ID,ANM,WE,Combined TRACON& Tower with Radar,168,26,65,16,275,0,13,125,20,158,168,39,190,36,433,92,2,94,527
06/18/2021,BOI,ID,ANM,WE,Combined TRACON& Tower with Radar,164,22,49,3,238,0,13,123,2,138,164,35,172,5,376,48,0,48,424
06/19/2021,BOI,ID,ANM,WE,Combined TRACON& Tower with Radar,150,21,38,3,212,0,9,117,2,128,150,30,155,5,340,20,0,20,360
06/20/2021,BOI,ID,ANM,WE,Combined TRACON& Tower with Radar,152,16,46,3,217,0,5,111,2,118,152,21,157,5,335,40,0,40,375
06/21/2021,BOI,ID,ANM,WE,Combined TRACON& Tower with Radar,154,37,66,10,267,0,13,115,8,136,154,50,181,18,403,55,0,55,458
06/22/2021,BOI,ID,ANM,WE,Combined TRACON& Tower with Radar,172,23,56,19,270,0,2,92,15,109,172,25,148,34,379,26,2,28,407
06/23/2021,BOI,ID,ANM,WE,Combined TRACON& Tower with Radar,160,32,82,8,282,3,20,123,17,163,163,52,205,25,445,36,0,36,481
06/24/2021,BOI,ID,ANM,WE,Combined TRACON& Tower with Radar,166,28,92,12,298,0,24,124,36,184,166,52,216,48,482,54,0,54,536
06/25/2021,BOI,ID,ANM,WE,Combined TRACON& Tower with Radar,165,33,59,15,272,0,22,151,12,185,165,55,210,27,457,38,4,42,499
06/26/2021,BOI,ID,ANM,WE,Combined TRACON& Tower with Radar,141,19,45,0,205,0,23,126,4,153,141,42,171,4,358,86,0,86,444
06/27/2021,BOI,ID,ANM,WE,Combined TRACON& Tower with Radar,149,19,45,2,215,0,11,112,1,124,149,30,157,3,339,70,0,70,409
06/28/2021,BOI,ID,ANM,WE,Combined TRACON& Tower with Radar,157,31,44,10,242,0,15,117,17,149,157,46,161,27,391,34,0,34,425
06/29/2021,BOI,ID,ANM,WE,Combined TRACON& Tower with Radar,164,30,83,17,294,0,25,108,16,149,164,55,191,33,443,62,0,62,505
06/30/2021,BOI,ID,ANM,WE,Combined TRACON& Tower with Radar,164,38,84,8,294,0,19,70,26,115,164,57,154,34,409,55,0,55,464
07/01/2021,BOI,ID,ANM,WE,Combined TRACON& Tower with Radar,173,36,83,9,301,0,24,88,27,139,173,60,171,36,440,18,4,22,462
07/02/2021,BOI,ID,ANM,WE,Combined TRACON& Tower with Radar,170,34,60,3,267,2,17,96,1,116,172,51,156,4,383,24,0,24,407
07/03/2021,BOI,ID,ANM,WE,Combined TRACON& Tower with Radar,143,20,24,2,189,4,23,75,9,111,147,43,99,11,300,30,0,30,330
07/04/2021,BOI,ID,ANM,WE,Combined TRACON& Tower with Radar,148,18,17,4,187,2,19,49,6,76,150,37,66,10,263,26,0,26,289
07/05/2021,BOI,ID,ANM,WE,Combined TRACON& Tower with Radar,164,27,48,0,239,2,21,108,11,142,166,48,156,11,381,10,0,10,391
07/06/2021,BOI,ID,ANM,WE,Combined TRACON& Tower with Radar,160,28,73,9,270,9,16,93,46,164,169,44,166,55,434,60,0,60,494
07/07/2021,BOI,ID,ANM,WE,Combined TRACON& Tower with Radar,163,29,63,11,266,3,6,116,37,162,166,35,179,48,428,98,13,111,539
07/08/2021,BOI,ID,ANM,WE,Combined TRACON& Tower with Radar,171,35,53,11,270,6,30,160,30,226,177,65,213,41,496,26,6,32,528
07/09/2021,BOI,ID,ANM,WE,Combined TRACON& Tower with Radar,173,33,71,15,292,0,17,126,36,179,173,50,197,51,471,62,6,68,539
07/10/2021,BOI,ID,ANM,WE,Combined TRACON& Tower with Radar,156,24,50,5,235,2,15,115,1,133,158,39,165,6,368,78,0,78,446
07/11/2021,BOI,ID,ANM,WE,Combined TRACON& Tower with Radar,155,41,57,8,261,0,25,88,6,119,155,66,145,14,380,52,0,52,432
07/12/2021,BOI,ID,ANM,WE,Combined TRACON& Tower with Radar,163,41,61,21,286,0,17,99,1,117,163,58,160,22,403,72,8,80,483
07/13/2021,BOI,ID,ANM,WE,Combined TRACON& Tower with Radar,172,32,63,18,285,0,16,92,13,121,172,48,155,31,406,132,2,134,540
07/14/2021,BOI,ID,ANM,WE,Combined TRACON& Tower with Radar,170,30,96,9,305,0,13,108,18,139,170,43,204,27,444,83,0,83,527
07/15/2021,BOI,ID,ANM,WE,Combined TRACON& Tower with Radar,177,29,79,15,300,0,11,119,11,141,177,40,198,26,441,70,4,74,515
07/16/2021,BOI,ID,ANM,WE,Combined TRACON& Tower with Radar,171,36,70,13,290,1,22,111,21,155,172,58,181,34,445,86,4,90,535
07/17/2021,BOI,ID,ANM,WE,Combined TRACON& Tower with Radar,149,20,46,7,222,1,23,116,16,156,150,43,162,23,378,64,0,64,442
07/18/2021,BOI,ID,ANM,WE,Combined TRACON& Tower with Radar,158,27,48,6,239,17,14,90,30,151,175,41,138,36,390,76,0,76,466
07/19/2021,BOI,ID,ANM,WE,Combined TRACON& Tower with Radar,161,26,68,9,264,9,16,93,25,143,170,42,161,34,407,0,0,0,407
07/20/2021,BOI,ID,ANM,WE,Combined TRACON& Tower with Radar,188,29,62,13,292,3,12,103,20,138,191,41,165,33,430,16,2,18,448
07/21/2021,BOI,ID,ANM,WE,Combined TRACON& Tower with Radar,166,31,74,12,283,0,11,116,27,154,166,42,190,39,437,4,0,4,441
07/22/2021,BOI,ID,ANM,WE,Combined TRACON& Tower with Radar,178,44,66,12,300,0,8,127,15,150,178,52,193,27,450,0,0,0,450
07/23/2021,BOI,ID,ANM,WE,Combined TRACON& Tower with Radar,174,25,50,9,258,0,9,121,9,139,174,34,171,18,397,52,0,52,449
07/24/2021,BOI,ID,ANM,WE,Combined TRACON& Tower with Radar,150,26,34,5,215,1,12,85,6,104,151,38,119,11,319,0,0,0,319
07/25/2021,BOI,ID,ANM,WE,Combined TRACON& Tower with Radar,161,20,57,6,244,0,13,80,4,97,161,33,137,10,341,6,0,6,347
07/26/2021,BOI,ID,ANM,WE,Combined TRACON& Tower with Radar,165,30,51,14,260,0,9,78,11,98,165,39,129,25,358,24,0,24,382
07/27/2021,BOI,ID,ANM,WE,Combined TRACON& Tower with Radar,171,28,60,19,278,0,19,84,13,116,171,47,144,32,394,20,0,20,414
07/28/2021,BOI,ID,ANM,WE,Combined TRACON& Tower with Radar,174,31,67,29,301,8,11,65,33,117,182,42,132,62,418,0,0,0,418
07/29/2021,BOI,ID,ANM,WE,Combined TRACON& Tower with Radar,173,34,73,14,294,0,14,118,17,149,173,48,191,31,443,0,0,0,443
07/30/2021,BOI,ID,ANM,WE,Combined TRACON& Tower with Radar,170,32,57,4,263,1,14,133,12,160,171,46,190,16,423,14,0,14,437
07/31/2021,BOI,ID,ANM,WE,Combined TRACON& Tower with Radar,147,22,29,4,202,0,23,59,1,83,147,45,88,5,285,36,0,36,321
08/01/2021,BOI,ID,ANM,WE,Combined TRACON& Tower with Radar,158,23,40,3,224,0,7,44,0,51,158,30,84,3,275,2,0,2,277
08/02/2021,BOI,ID,ANM,WE,Combined TRACON& Tower with Radar,160,30,58,8,256,0,8,81,18,107,160,38,139,26,363,16,0,16,379
08/03/2021,BOI,ID,ANM,WE,Combined TRACON& Tower with Radar,171,29,56,10,266,2,10,97,17,126,173,39,153,27,392,8,4,12,404
08/04/2021,BOI,ID,ANM,WE,Combined TRACON& Tower with Radar,169,38,53,7,267,6,20,109,24,159,175,58,162,31,426,16,0,16,442
08/05/2021,BOI,ID,ANM,WE,Combined TRACON& Tower with Radar,171,28,58,7,264,6,12,86,14,118,177,40,144,21,382,2,0,2,384
08/06/2021,BOI,ID,ANM,WE,Combined TRACON& Tower with Radar,166,33,60,5,264,0,22,88,7,117,166,55,148,12,381,0,0,0,381
08/07/2021,BOI,ID,ANM,WE,Combined TRACON& Tower with Radar,147,19,46,2,214,1,19,134,13,167,148,38,180,15,381,35,0,35,416
08/08/2021,BOI,ID,ANM,WE,Combined TRACON& Tower with Radar,155,22,43,2,222,1,23,90,5,119,156,45,133,7,341,16,0,16,357
08/09/2021,BOI,ID,ANM,WE,Combined TRACON& Tower with Radar,162,32,64,8,266,0,8,143,7,158,162,40,207,15,424,42,0,42,466
08/10/2021,BOI,ID,ANM,WE,Combined TRACON& Tower with Radar,168,33,52,16,269,1,19,123,31,174,169,52,175,47,443,42,6,48,491
08/11/2021,BOI,ID,ANM,WE,Combined TRACON& Tower with Radar,165,36,92,16,309,2,11,135,26,174,167,47,227,42,483,40,0,40,523
08/12/2021,BOI,ID,ANM,WE,Combined TRACON& Tower with Radar,168,32,63,9,272,3,27,128,37,195,171,59,191,46,467,20,4,24,491
08/13/2021,BOI,ID,ANM,WE,Combined TRACON& Tower with Radar,171,32,61,7,271,0,6,76,13,95,171,38,137,20,366,0,0,0,366
08/14/2021,BOI,ID,ANM,WE,Combined TRACON& Tower with Radar,145,30,54,8,237,0,15,45,0,60,145,45,99,8,297,0,0,0,297
08/15/2021,BOI,ID,ANM,WE,Combined TRACON& Tower with Radar,153,28,54,3,238,0,15,32,3,50,153,43,86,6,288,18,2,20,308
08/16/2021,BOI,ID,ANM,WE,Combined TRACON& Tower with Radar,162,42,70,18,292,1,19,70,15,105,163,61,140,33,397,0,0,0,397
08/17/2021,BOI,ID,ANM,WE,Combined TRACON& Tower with Radar,170,44,82,17,313,0,22,91,20,133,170,66,173,37,446,0,0,0,446
08/18/2021,BOI,ID,ANM,WE,Combined TRACON& Tower with Radar,169,27,87,12,295,2,17,95,27,141,171,44,182,39,436,0,0,0,436
08/19/2021,BOI,ID,ANM,WE,Combined TRACON& Tower with Radar,181,28,78,24,311,0,16,110,21,147,181,44,188,45,458,64,6,70,528
08/20/2021,BOI,ID,ANM,WE,Combined TRACON& Tower with Radar,175,32,56,6,269,0,16,116,1,133,175,48,172,7,402,2,0,2,404
08/21/2021,BOI,ID,ANM,WE,Combined TRACON& Tower with Radar,155,23,44,5,227,0,5,30,1,36,155,28,74,6,263,0,0,0,263
08/22/2021,BOI,ID,ANM,WE,Combined TRACON& Tower with Radar,159,22,52,2,235,0,15,111,6,132,159,37,163,8,367,10,0,10,377
08/23/2021,BOI,ID,ANM,WE,Combined TRACON& Tower with Radar,163,20,53,13,249,1,18,120,19,158,164,38,173,32,407,30,2,32,439
08/24/2021,BOI,ID,ANM,WE,Combined TRACON& Tower with Radar,166,29,78,11,284,0,14,138,27,179,166,43,216,38,463,18,0,18,481
08/25/2021,BOI,ID,ANM,WE,Combined TRACON& Tower with Radar,164,34,55,11,264,1,11,112,31,155,165,45,167,42,419,18,8,26,445
08/26/2021,BOI,ID,ANM,WE,Combined TRACON& Tower with Radar,176,31,69,7,283,0,19,100,14,133,176,50,169,21,416,22,0,22,438
08/27/2021,BOI,ID,ANM,WE,Combined TRACON& Tower with Radar,174,33,53,17,277,0,6,110,18,134,174,39,163,35,411,8,6,14,425
08/28/2021,BOI,ID,ANM,WE,Combined TRACON& Tower with Radar,157,22,33,13,225,0,25,92,18,135,157,47,125,31,360,24,0,24,384
08/29/2021,BOI,ID,ANM,WE,Combined TRACON& Tower with Radar,155,25,34,11,225,0,9,88,14,111,155,34,122,25,336,16,0,16,352
08/30/2021,BOI,ID,ANM,WE,Combined TRACON& Tower with Radar,163,33,66,10,272,1,13,95,9,118,164,46,161,19,390,8,0,8,398
08/31/2021,BOI,ID,ANM,WE,Combined TRACON& Tower with Radar,163,31,50,13,257,0,14,96,14,124,163,45,146,27,381,0,2,2,383
09/01/2021,BOI,ID,ANM,WE,Combined TRACON& Tower with Radar,167,33,63,6,269,0,10,84,8,102,167,43,147,14,371,30,0,30,401
09/02/2021,BOI,ID,ANM,WE,Combined TRACON& Tower with Radar,178,24,67,7,276,0,20,120,19,159,178,44,187,26,435,0,0,0,435
09/03/2021,BOI,ID,ANM,WE,Combined TRACON& Tower with Radar,175,24,61,9,269,0,18,119,7,144,175,42,180,16,413,24,0,24,437
09/04/2021,BOI,ID,ANM,WE,Combined TRACON& Tower with Radar,151,17,36,3,207,0,14,102,0,116,151,31,138,3,323,16,0,16,339
09/05/2021,BOI,ID,ANM,WE,Combined TRACON& Tower with Radar,150,23,28,4,205,0,12,49,4,65,150,35,77,8,270,0,0,0,270
09/06/2021,BOI,ID,ANM,WE,Combined TRACON& Tower with Radar,157,22,48,5,232,0,16,76,1,93,157,38,124,6,325,24,0,24,349
09/07/2021,BOI,ID,ANM,WE,Combined TRACON& Tower with Radar,155,39,73,6,273,0,15,85,16,116,155,54,158,22,389,8,0,8,397
09/08/2021,BOI,ID,ANM,WE,Combined TRACON& Tower with Radar,147,40,91,11,289,0,10,82,16,108,147,50,173,27,397,10,0,10,407
09/09/2021,BOI,ID,ANM,WE,Combined TRACON& Tower with Radar,163,41,76,24,304,2,14,73,13,102,165,55,149,37,406,14,0,14,420
09/10/2021,BOI,ID,ANM,WE,Combined TRACON& Tower with Radar,164,35,60,8,267,0,11,47,5,63,164,46,107,13,330,0,4,4,334
09/11/2021,BOI,ID,ANM,WE,Combined TRACON& Tower with Radar,135,29,26,17,207,0,7,68,44,119,135,36,94,61,326,0,0,0,326
09/12/2021,BOI,ID,ANM,WE,Combined TRACON& Tower with Radar,148,29,46,11,234,0,20,89,17,126,148,49,135,28,360,0,0,0,360
09/13/2021,BOI,ID,ANM,WE,Combined TRACON& Tower with Radar,161,29,49,16,255,0,8,54,6,68,161,37,103,22,323,26,0,26,349
09/14/2021,BOI,ID,ANM,WE,Combined TRACON& Tower with Radar,139,30,44,19,232,0,15,148,12,175,139,45,192,31,407,32,2,34,441
09/15/2021,BOI,ID,ANM,WE,Combined TRACON& Tower with Radar,142,50,67,11,270,0,10,97,18,125,142,60,164,29,395,0,0,0,395
09/16/2021,BOI,ID,ANM,WE,Combined TRACON& Tower with Radar,173,28,67,13,281,0,17,135,21,173,173,45,202,34,454,16,0,16,470
09/17/2021,BOI,ID,ANM,WE,Combined TRACON& Tower with Radar,164,29,64,13,270,0,13,115,16,144,164,42,179,29,414,0,0,0,414
09/18/2021,BOI,ID,ANM,WE,Combined TRACON& Tower with Radar,136,27,38,3,204,0,10,59,0,69,136,37,97,3,273,0,0,0,273
09/19/2021,BOI,ID,ANM,WE,Combined TRACON& Tower with Radar,147,37,63,4,251,0,8,20,0,28,147,45,83,4,279,0,0,0,279
09/20/2021,BOI,ID,ANM,WE,Combined TRACON& Tower with Radar,158,35,63,9,265,0,11,109,15,135,158,46,172,24,400,8,4,12,412
09/21/2021,BOI,ID,ANM,WE,Combined TRACON& Tower with Radar,140,32,39,12,223,0,7,128,13,148,140,39,167,25,371,0,0,0,371
09/22/2021,BOI,ID,ANM,WE,Combined TRACON& Tower with Radar,145,36,62,10,253,0,8,115,10,133,145,44,177,20,386,18,0,18,404
09/23/2021,BOI,ID,ANM,WE,Combined TRACON& Tower with Radar,171,38,63,18,290,0,15,113,21,149,171,53,176,39,439,24,0,24,463
09/24/2021,BOI,ID,ANM,WE,Combined TRACON& Tower with Radar,162,36,51,5,254,0,24,136,5,165,162,60,187,10,419,12,0,12,431
09/25/2021,BOI,ID,ANM,WE,Combined TRACON& Tower with Radar,139,28,37,5,209,0,20,81,10,111,139,48,118,15,320,2,0,2,322
09/26/2021,BOI,ID,ANM,WE,Combined TRACON& Tower with Radar,146,28,36,6,216,1,4,77,3,85,147,32,113,9,301,10,0,10,311
09/27/2021,BOI,ID,ANM,WE,Combined TRACON& Tower with Radar,159,31,39,7,236,1,13,116,23,153,160,44,155,30,389,0,0,0,389
09/28/2021,BOI,ID,ANM,WE,Combined TRACON& Tower with Radar,147,39,66,21,273,0,9,52,21,82,147,48,118,42,355,34,0,34,389
09/29/2021,BOI,ID,ANM,WE,Combined TRACON& Tower with Radar,148,29,55,8,240,0,12,98,27,137,148,41,153,35,377,0,0,0,377
09/30/2021,BOI,ID,ANM,WE,Combined TRACON& Tower with Radar,165,37,74,7,283,1,14,100,19,134,166,51,174,26,417,0,0,0,417
10/01/2021,BOI,ID,ANM,WE,Combined TRACON& Tower with Radar,169,38,79,3,289,0,18,108,23,149,169,56,187,26,438,4,0,4,442
10/02/2021,BOI,ID,ANM,WE,Combined TRACON& Tower with Radar,130,19,36,4,189,0,14,85,22,121,130,33,121,26,310,24,4,28,338
10/03/2021,BOI,ID,ANM,WE,Combined TRACON& Tower with Radar,150,20,34,4,208,0,10,79,15,104,150,30,113,19,312,14,2,16,328
10/04/2021,BOI,ID,ANM,WE,Combined TRACON& Tower with Radar,155,29,66,4,254,0,9,108,9,126,155,38,174,13,380,11,0,11,391
10/05/2021,BOI,ID,ANM,WE,Combined TRACON& Tower with Radar,143,34,73,6,256,0,11,106,11,128,143,45,179,17,384,48,0,48,432
10/06/2021,BOI,ID,ANM,WE,Combined TRACON& Tower with Radar,147,28,75,10,260,0,8,75,18,101,147,36,150,28,361,14,0,14,375
10/07/2021,BOI,ID,ANM,WE,Combined TRACON& Tower with Radar,157,35,93,5,290,0,8,91,18,117,157,43,184,23,407,6,0,6,413
10/08/2021,BOI,ID,ANM,WE,Combined TRACON& Tower with Radar,149,44,57,8,258,0,2,26,19,47,149,46,83,27,305,0,0,0,305
10/09/2021,BOI,ID,ANM,WE,Combined TRACON& Tower with Radar,122,26,42,9,199,0,9,67,1,77,122,35,109,10,276,14,0,14,290
10/10/2021,BOI,ID,ANM,WE,Combined TRACON& Tower with Radar,137,24,60,9,230,0,7,60,1,68,137,31,120,10,298,2,0,2,300
10/11/2021,BOI,ID,ANM,WE,Combined TRACON& Tower with Radar,145,28,52,4,229,0,15,14,0,29,145,43,66,4,258,0,0,0,258
10/12/2021,BOI,ID,ANM,WE,Combined TRACON& Tower with Radar,133,24,46,12,215,0,3,59,11,73,133,27,105,23,288,6,0,6,294
10/13/2021,BOI,ID,ANM,WE,Combined TRACON& Tower with Radar,133,38,71,14,256,0,12,72,13,97,133,50,143,27,353,8,0,8,361
10/14/2021,BOI,ID,ANM,WE,Combined TRACON& Tower with Radar,159,33,84,13,289,0,5,112,8,125,159,38,196,21,414,0,0,0,414
10/15/2021,BOI,ID,ANM,WE,Combined TRACON& Tower with Radar,153,28,81,6,268,0,21,126,12,159,153,49,207,18,427,18,4,22,449
10/16/2021,BOI,ID,ANM,WE,Combined TRACON& Tower with Radar,120,19,41,4,184,0,10,107,7,124,120,29,148,11,308,16,0,16,324
10/17/2021,BOI,ID,ANM,WE,Combined TRACON& Tower with Radar,149,24,43,4,220,0,15,81,2,98,149,39,124,6,318,10,0,10,328
10/18/2021,BOI,ID,ANM,WE,Combined TRACON& Tower with Radar,151,25,65,4,245,0,7,72,6,85,151,32,137,10,330,18,0,18,348
10/19/2021,BOI,ID,ANM,WE,Combined TRACON& Tower with Radar,128,31,74,6,239,0,11,110,15,136,128,42,184,21,375,10,12,22,397
10/20/2021,BOI,ID,ANM,WE,Combined TRACON& Tower with Radar,135,31,63,9,238,0,11,54,11,76,135,42,117,20,314,0,0,0,314
10/21/2021,BOI,ID,ANM,WE,Combined TRACON& Tower with Radar,137,23,81,3,244,0,5,117,7,129,137,28,198,10,373,24,0,24,397
10/22/2021,BOI,ID,ANM,WE,Combined TRACON& Tower with Radar,146,25,59,4,234,0,9,21,3,33,146,34,80,7,267,12,0,12,279
10/23/2021,BOI,ID,ANM,WE,Combined TRACON& Tower with Radar,121,35,37,4,197,0,6,42,1,49,121,41,79,5,246,8,0,8,254
10/24/2021,BOI,ID,ANM,WE,Combined TRACON& Tower with Radar,141,22,35,1,199,0,0,3,0,3,141,22,38,1,202,0,0,0,202
10/25/2021,BOI,ID,ANM,WE,Combined TRACON& Tower with Radar,150,35,61,5,251,0,2,20,12,34,150,37,81,17,285,22,0,22,307
10/26/2021,BOI,ID,ANM,WE,Combined TRACON& Tower with Radar,133,38,66,2,239,0,6,32,26,64,133,44,98,28,303,2,2,4,307
10/27/2021,BOI,ID,ANM,WE,Combined TRACON& Tower with Radar,130,41,92,21,284,0,3,109,22,134,130,44,201,43,418,28,0,28,446
10/28/2021,BOI,ID,ANM,WE,Combined TRACON& Tower with Radar,157,35,98,9,299,0,6,115,30,151,157,41,213,39,450,14,0,14,464
10/29/2021,BOI,ID,ANM,WE,Combined TRACON& Tower with Radar,156,27,65,2,250,0,8,100,7,115,156,35,165,9,365,26,2,28,393
10/30/2021,BOI,ID,ANM,WE,Combined TRACON& Tower with Radar,117,25,57,2,201,0,2,42,0,44,117,27,99,2,245,0,0,0,245
10/31/2021,BOI,ID,ANM,WE,Combined TRACON& Tower with Radar,128,26,44,2,200,0,3,71,2,76,128,29,115,4,276,4,0,4,280
11/01/2021,BOI,ID,ANM,WE,Combined TRACON& Tower with Radar,139,38,67,2,246,0,9,55,15,79,139,47,122,17,325,36,0,36,361
11/02/2021,BOI,ID,ANM,WE,Combined TRACON& Tower with Radar,131,28,57,10,226,0,2,59,22,83,131,30,116,32,309,10,0,10,319
11/03/2021,BOI,ID,ANM,WE,Combined TRACON& Tower with Radar,127,31,55,9,222,0,7,139,27,173,127,38,194,36,395,12,8,20,415
11/04/2021,BOI,ID,ANM,WE,Combined TRACON& Tower with Radar,158,44,78,4,284,0,8,30,16,54,158,52,108,20,338,0,0,0,338
11/05/2021,BOI,ID,ANM,WE,Combined TRACON& Tower with Radar,149,31,82,6,268,0,4,80,14,98,149,35,162,20,366,22,0,22,388
11/06/2021,BOI,ID,ANM,WE,Combined TRACON& Tower with Radar,119,19,46,2,186,0,3,51,31,85,119,22,97,33,271,10,4,14,285
11/07/2021,BOI,ID,ANM,WE,Combined TRACON& Tower with Radar,139,23,51,2,215,0,7,77,17,101,139,30,128,19,316,24,4,28,344
11/08/2021,BOI,ID,ANM,WE,Combined TRACON& Tower with Radar,142,39,58,0,239,0,10,103,7,120,142,49,161,7,359,32,0,32,391
11/09/2021,BOI,ID,ANM,WE,Combined TRACON& Tower with Radar,127,35,65,9,236,0,4,25,15,44,127,39,90,24,280,46,0,46,326
11/10/2021,BOI,ID,ANM,WE,Combined TRACON& Tower with Radar,134,32,78,7,251,0,12,95,23,130,134,44,173,30,381,10,0,10,391
11/11/2021,BOI,ID,ANM,WE,Combined TRACON& Tower with Radar,154,32,65,15,266,0,6,41,0,47,154,38,106,15,313,2,0,2,315
11/12/2021,BOI,ID,ANM,WE,Combined TRACON& Tower with Radar,150,28,75,2,255,0,8,95,1,104,150,36,170,3,359,34,0,34,393
11/13/2021,BOI,ID,ANM,WE,Combined TRACON& Tower with Radar,116,26,51,2,195,0,4,77,0,81,116,30,128,2,276,6,0,6,282
11/14/2021,BOI,ID,ANM,WE,Combined TRACON& Tower with Radar,142,28,57,2,229,0,6,86,0,92,142,34,143,2,321,36,0,36,357
11/15/2021,BOI,ID,ANM,WE,Combined TRACON& Tower with Radar,149,28,77,8,262,0,12,85,10,107,149,40,162,18,369,0,0,0,369
11/16/2021,BOI,ID,ANM,WE,Combined TRACON& Tower with Radar,123,32,86,7,248,0,5,58,21,84,123,37,144,28,332,10,0,10,342
11/17/2021,BOI,ID,ANM,WE,Combined TRACON& Tower with Radar,128,33,80,21,262,0,15,114,18,147,128,48,194,39,409,8,0,8,417
11/18/2021,BOI,ID,ANM,WE,Combined TRACON& Tower with Radar,151,34,85,8,278,0,2,87,15,104,151,36,172,23,382,4,0,4,386
11/19/2021,BOI,ID,ANM,WE,Combined TRACON& Tower with Radar,152,38,71,6,267,0,9,45,3,57,152,47,116,9,324,14,0,14,338
11/20/2021,BOI,ID,ANM,WE,Combined TRACON& Tower with Radar,131,24,46,1,202,0,7,81,1,89,131,31,127,2,291,26,0,26,317
11/21/2021,BOI,ID,ANM,WE,Combined TRACON& Tower with Radar,146,23,47,0,216,0,6,80,0,86,146,29,127,0,302,22,0,22,324
11/22/2021,BOI,ID,ANM,WE,Combined TRACON& Tower with Radar,148,30,64,14,256,0,2,105,16,123,148,32,169,30,379,18,16,34,413
11/23/2021,BOI,ID,ANM,WE,Combined TRACON& Tower with Radar,153,26,65,9,253,0,7,25,12,44,153,33,90,21,297,0,4,4,301
11/24/2021,BOI,ID,ANM,WE,Combined TRACON& Tower with Radar,149,34,60,0,243,0,3,99,16,118,149,37,159,16,361,26,2,28,389
11/25/2021,BOI,ID,ANM,WE,Combined TRACON& Tower with Radar,90,12,15,0,117,0,6,40,0,46,90,18,55,0,163,0,0,0,163
11/26/2021,BOI,ID,ANM,WE,Combined TRACON& Tower with Radar,126,26,41,0,193,0,4,50,0,54,126,30,91,0,247,30,0,30,277
11/27/2021,BOI,ID,ANM,WE,Combined TRACON& Tower with Radar,141,19,38,0,198,0,0,74,0,74,141,19,112,0,272,14,0,14,286
11/28/2021,BOI,ID,ANM,WE,Combined TRACON& Tower with Radar,140,22,78,0,240,0,4,69,0,73,140,26,147,0,313,32,0,32,345
11/29/2021,BOI,ID,ANM,WE,Combined TRACON& Tower with Radar,146,38,62,12,258,0,9,73,10,92,146,47,135,22,350,18,0,18,368
11/30/2021,BOI,ID,ANM,WE,Combined TRACON& Tower with Radar,150,38,69,10,267,0,7,102,14,123,150,45,171,24,390,20,0,20,410
12/01/2021,BOI,ID,ANM,WE,Combined TRACON& Tower with Radar,132,42,61,6,241,0,10,86,13,109,132,52,147,19,350,34,12,46,396
12/02/2021,BOI,ID,ANM,WE,Combined TRACON& Tower with Radar,143,33,75,3,254,0,2,106,16,124,143,35,181,19,378,22,2,24,402
12/03/2021,BOI,ID,ANM,WE,Combined TRACON& Tower with Radar,142,29,61,5,237,0,3,85,12,100,142,32,146,17,337,11,0,11,348
12/04/2021,BOI,ID,ANM,WE,Combined TRACON& Tower with Radar,104,14,57,2,177,0,4,65,3,72,104,18,122,5,249,10,0,10,259
12/05/2021,BOI,ID,ANM,WE,Combined TRACON& Tower with Radar,127,24,40,2,193,0,3,64,1,68,127,27,104,3,261,100,0,100,361
12/06/2021,BOI,ID,ANM,WE,Combined TRACON& Tower with Radar,135,26,40,1,202,0,2,8,0,10,135,28,48,1,212,0,0,0,212
12/07/2021,BOI,ID,ANM,WE,Combined TRACON& Tower with Radar,127,19,64,9,219,0,0,3,8,11,127,19,67,17,230,0,0,0,230
12/08/2021,BOI,ID,ANM,WE,Combined TRACON& Tower with Radar,138,31,58,6,233,0,2,33,15,50,138,33,91,21,283,14,0,14,297
12/09/2021,BOI,ID,ANM,WE,Combined TRACON& Tower with Radar,146,39,89,25,299,0,7,59,19,85,146,46,148,44,384,91,0,91,475
12/10/2021,BOI,ID,ANM,WE,Combined TRACON& Tower with Radar,134,36,68,3,241,0,8,71,9,88,134,44,139,12,329,112,2,114,443
12/11/2021,BOI,ID,ANM,WE,Combined TRACON& Tower with Radar,112,21,26,1,160,0,0,11,7,18,112,21,37,8,178,2,0,2,180
12/12/2021,BOI,ID,ANM,WE,Combined TRACON& Tower with Radar,127,20,46,3,196,0,3,21,4,28,127,23,67,7,224,14,0,14,238
12/13/2021,BOI,ID,ANM,WE,Combined TRACON& Tower with Radar,134,35,62,6,237,0,0,9,7,16,134,35,71,13,253,14,0,14,267
12/14/2021,BOI,ID,ANM,WE,Combined TRACON& Tower with Radar,123,32,66,5,226,0,1,5,6,12,123,33,71,11,238,0,0,0,238
12/15/2021,BOI,ID,ANM,WE,Combined TRACON& Tower with Radar,130,26,69,6,231,0,3,28,12,43,130,29,97,18,274,86,32,118,392
12/16/2021,BOI,ID,ANM,WE,Combined TRACON& Tower with Radar,147,32,70,2,251,0,0,7,3,10,147,32,77,5,261,0,0,0,261
12/17/2021,BOI,ID,ANM,WE,Combined TRACON& Tower with Radar,155,48,91,5,299,0,8,95,4,107,155,56,186,9,406,164,0,164,570
12/18/2021,BOI,ID,ANM,WE,Combined TRACON& Tower with Radar,132,20,56,0,208,0,5,69,0,74,132,25,125,0,282,2,0,2,284
12/19/2021,BOI,ID,ANM,WE,Combined TRACON& Tower with Radar,142,26,42,0,210,0,6,18,0,24,142,32,60,0,234,26,0,26,260
12/20/2021,BOI,ID,ANM,WE,Combined TRACON& Tower with Radar,145,36,54,7,242,0,12,73,16,101,145,48,127,23,343,26,0,26,369
12/21/2021,BOI,ID,ANM,WE,Combined TRACON& Tower with Radar,139,42,47,5,233,0,5,55,16,76,139,47,102,21,309,80,6,86,395
12/22/2021,BOI,ID,ANM,WE,Combined TRACON& Tower with Radar,147,34,62,2,245,0,2,44,15,61,147,36,106,17,306,48,6,54,360
12/23/2021,BOI,ID,ANM,WE,Combined TRACON& Tower with Radar,149,36,58,2,245,0,5,17,0,22,149,41,75,2,267,0,0,0,267
12/24/2021,BOI,ID,ANM,WE,Combined TRACON& Tower with Radar,133,21,21,0,175,0,4,24,0,28,133,25,45,0,203,12,0,12,215
12/25/2021,BOI,ID,ANM,WE,Combined TRACON& Tower with Radar,104,22,13,0,139,0,0,2,0,2,104,22,15,0,141,0,0,0,141
12/26/2021,BOI,ID,ANM,WE,Combined TRACON& Tower with Radar,114,21,46,0,181,0,2,5,0,7,114,23,51,0,188,0,0,0,188
12/27/2021,BOI,ID,ANM,WE,Combined TRACON& Tower with Radar,121,37,65,0,223,0,5,9,2,16,121,42,74,2,239,28,0,28,267
12/28/2021,BOI,ID,ANM,WE,Combined TRACON& Tower with Radar,115,35,53,4,207,0,0,6,4,10,115,35,59,8,217,42,0,42,259
12/29/2021,BOI,ID,ANM,WE,Combined TRACON& Tower with Radar,136,29,33,1,199,0,0,0,0,0,136,29,33,1,199,0,0,0,199
12/30/2021,BOI,ID,ANM,WE,Combined TRACON& Tower with Radar,133,38,25,1,197,0,0,0,0,0,133,38,25,1,197,0,0,0,197
12/31/2021,BOI,ID,ANM,WE,Combined TRACON& Tower with Radar,135,27,52,0,214,0,0,42,0,42,135,27,94,0,256,28,0,28,284
01/01/2022,BOI,ID,ANM,WE,Combined TRACON& Tower with Radar,105,18,34,0,157,0,5,46,1,52,105,23,80,1,209,82,0,82,291
01/02/2022,BOI,ID,ANM,WE,Combined TRACON& Tower with Radar,127,25,46,0,198,0,13,37,0,50,127,38,83,0,248,42,0,42,290
01/03/2022,BOI,ID,ANM,WE,Combined TRACON& Tower with Radar,129,34,51,1,215,0,4,15,7,26,129,38,66,8,241,14,0,14,255
01/04/2022,BOI,ID,ANM,WE,Combined TRACON& Tower with Radar,141,19,44,5,209,0,0,5,1,6,141,19,49,6,215,4,0,4,219
01/05/2022,BOI,ID,ANM,WE,Combined TRACON& Tower with Radar,134,18,42,2,196,0,0,4,8,12,134,18,46,10,208,54,0,54,262
01/06/2022,BOI,ID,ANM,WE,Combined TRACON& Tower with Radar,144,27,43,6,220,0,4,15,8,27,144,31,58,14,247,26,0,26,273
01/07/2022,BOI,ID,ANM,WE,Combined TRACON& Tower with Radar,149,15,64,3,231,0,4,23,21,48,149,19,87,24,279,78,24,102,381
01/08/2022,BOI,ID,ANM,WE,Combined TRACON& Tower with Radar,119,18,50,4,191,0,9,76,30,115,119,27,126,34,306,84,0,84,390
01/09/2022,BOI,ID,ANM,WE,Combined TRACON& Tower with Radar,122,14,43,3,182,0,11,70,12,93,122,25,113,15,275,52,0,52,327
01/10/2022,BOI,ID,ANM,WE,Combined TRACON& Tower with Radar,145,19,41,8,213,0,13,90,4,107,145,32,131,12,320,105,0,105,425
01/11/2022,BOI,ID,ANM,WE,Combined TRACON& Tower with Radar,132,22,54,2,210,0,10,67,7,84,132,32,121,9,294,104,0,104,398
01/12/2022,BOI,ID,ANM,WE,Combined TRACON& Tower with Radar,135,23,65,18,241,0,10,85,10,105,135,33,150,28,346,84,0,84,430
01/13/2022,BOI,ID,ANM,WE,Combined TRACON& Tower with Radar,151,21,67,3,242,0,8,73,16,97,151,29,140,19,339,80,0,80,419
01/14/2022,BOI,ID,ANM,WE,Combined TRACON& Tower with Radar,157,29,68,3,257,0,10,83,7,100,157,39,151,10,357,60,0,60,417
01/15/2022,BOI,ID,ANM,WE,Combined TRACON& Tower with Radar,128,21,33,0,182,0,6,32,0,38,128,27,65,0,220,82,0,82,302
01/16/2022,BOI,ID,ANM,WE,Combined TRACON& Tower with Radar,124,15,44,0,183,0,4,34,4,42,124,19,78,4,225,52,0,52,277
01/17/2022,BOI,ID,ANM,WE,Combined TRACON& Tower with Radar,145,27,77,2,251,0,0,25,0,25,145,27,102,2,276,154,0,154,430
01/18/2022,BOI,ID,ANM,WE,Combined TRACON& Tower with Radar,138,22,67,2,229,0,0,12,4,16,138,22,79,6,245,64,0,64,309
01/19/2022,BOI,ID,ANM,WE,Combined TRACON& Tower with Radar,140,35,69,5,249,0,0,0,0,0,140,35,69,5,249,0,0,0,249
01/20/2022,BOI,ID,ANM,WE,Combined TRACON& Tower with Radar,156,26,81,0,263,0,2,4,0,6,156,28,85,0,269,0,0,0,269
01/21/2022,BOI,ID,ANM,WE,Combined TRACON& Tower with Radar,149,25,54,8,236,0,1,77,4,82,149,26,131,12,318,8,0,8,326
01/22/2022,BOI,ID,ANM,WE,Combined TRACON& Tower with Radar,124,26,33,2,185,0,5,59,0,64,124,31,92,2,249,126,0,126,375
01/23/2022,BOI,ID,ANM,WE,Combined TRACON& Tower with Radar,154,21,45,1,221,0,2,12,0,14,154,23,57,1,235,56,0,56,291
01/24/2022,BOI,ID,ANM,WE,Combined TRACON& Tower with Radar,147,42,75,24,288,0,0,5,0,5,147,42,80,24,293,0,0,0,293
01/25/2022,BOI,ID,ANM,WE,Combined TRACON& Tower with Radar,131,25,67,18,241,0,5,49,17,71,131,30,116,35,312,170,50,220,532
01/26/2022,BOI,ID,ANM,WE,Combined TRACON& Tower with Radar,143,27,57,14,241,0,0,11,7,18,143,27,68,21,259,49,22,71,330
01/27/2022,BOI,ID,ANM,WE,Combined TRACON& Tower with Radar,155,33,54,6,248,0,4,57,30,91,155,37,111,36,339,194,16,210,549
01/28/2022,BOI,ID,ANM,WE,Combined TRACON& Tower with Radar,157,24,68,2,251,0,7,111,12,130,157,31,179,14,381,118,0,118,499
01/29/2022,BOI,ID,ANM,WE,Combined TRACON& Tower with Radar,123,17,37,0,177,0,5,78,2,85,123,22,115,2,262,23,0,23,285
01/30/2022,BOI,ID,ANM,WE,Combined TRACON& Tower with Radar,135,11,37,1,184,0,6,46,0,52,135,17,83,1,236,66,0,66,302
01/31/2022,BOI,ID,ANM,WE,Combined TRACON& Tower with Radar,144,22,76,5,247,0,5,73,14,92,144,27,149,19,339,18,0,18,357
02/01/2022,BOI,ID,ANM,WE,Combined TRACON& Tower with Radar,132,24,59,5,220,0,6,63,21,90,132,30,122,26,310,42,2,44,354
02/02/2022,BOI,ID,ANM,WE,Combined TRACON& Tower with Radar,139,20,55,3,217,0,7,70,10,87,139,27,125,13,304,34,0,34,338
02/03/2022,BOI,ID,ANM,WE,Combined TRACON& Tower with Radar,139,26,65,5,235,0,8,61,19,88,139,34,126,24,323,58,0,58,381
02/04/2022,BOI,ID,ANM,WE,Combined TRACON& Tower with Radar,148,16,77,11,252,0,12,102,26,140,148,28,179,37,392,14,26,40,432
02/05/2022,BOI,ID,ANM,WE,Combined TRACON& Tower with Radar,123,14,36,2,175,0,5,96,26,127,123,19,132,28,302,62,0,62,364
02/06/2022,BOI,ID,ANM,WE,Combined TRACON& Tower with Radar,132,17,32,1,182,0,8,87,15,110,132,25,119,16,292,68,0,68,360
02/07/2022,BOI,ID,ANM,WE,Combined TRACON& Tower with Radar,146,19,73,4,242,0,14,76,5,95,146,33,149,9,337,40,0,40,377
02/08/2022,BOI,ID,ANM,WE,Combined TRACON& Tower with Radar,140,24,76,7,247,0,4,87,15,106,140,28,163,22,353,40,12,52,405
02/09/2022,BOI,ID,ANM,WE,Combined TRACON& Tower with Radar,139,21,75,10,245,0,6,83,37,126,139,27,158,47,371,75,0,75,446
02/10/2022,BOI,ID,ANM,WE,Combined TRACON& Tower with Radar,148,26,75,8,257,0,7,115,16,138,148,33,190,24,395,104,0,104,499
02/11/2022,BOI,ID,ANM,WE,Combined TRACON& Tower with Radar,148,27,58,6,239,0,12,88,9,109,148,39,146,15,348,52,0,52,400
02/12/2022,BOI,ID,ANM,WE,Combined TRACON& Tower with Radar,119,14,46,0,179,0,8,104,4,116,119,22,150,4,295,76,0,76,371
02/13/2022,BOI,ID,ANM,WE,Combined TRACON& Tower with Radar,123,24,28,2,177,0,7,77,1,85,123,31,105,3,262,38,2,40,302
02/14/2022,BOI,ID,ANM,WE,Combined TRACON& Tower with Radar,141,25,40,2,208,0,11,55,12,78,141,36,95,14,286,38,0,38,324
02/15/2022,BOI,ID,ANM,WE,Combined TRACON& Tower with Radar,137,31,79,8,255,0,13,57,16,86,137,44,136,24,341,52,0,52,393
02/16/2022,BOI,ID,ANM,WE,Combined TRACON& Tower with Radar,137,22,67,9,235,0,2,48,14,64,137,24,115,23,299,42,6,48,347
02/17/2022,BOI,ID,ANM,WE,Combined TRACON& Tower with Radar,153,43,90,11,297,0,5,82,12,99,153,48,172,23,396,64,2,66,462
02/18/2022,BOI,ID,ANM,WE,Combined TRACON& Tower with Radar,148,23,76,15,262,0,8,123,5,136,148,31,199,20,398,44,0,44,442
02/19/2022,BOI,ID,ANM,WE,Combined TRACON& Tower with Radar,115,25,49,0,189,0,19,114,0,133,115,44,163,0,322,60,0,60,382
02/20/2022,BOI,ID,ANM,WE,Combined TRACON& Tower with Radar,129,17,39,4,189,0,12,37,1,50,129,29,76,5,239,60,0,60,299
02/21/2022,BOI,ID,ANM,WE,Combined TRACON& Tower with Radar,146,26,52,0,224,0,8,46,0,54,146,34,98,0,278,42,0,42,320
02/22/2022,BOI,ID,ANM,WE,Combined TRACON& Tower with Radar,134,22,84,0,240,0,8,19,10,37,134,30,103,10,277,54,2,56,333
02/23/2022,BOI,ID,ANM,WE,Combined TRACON& Tower with Radar,134,29,59,6,228,0,9,54,17,80,134,38,113,23,308,42,0,42,350
02/24/2022,BOI,ID,ANM,WE,Combined TRACON& Tower with Radar,149,33,58,7,247,0,3,9,7,19,149,36,67,14,266,6,0,6,272
02/25/2022,BOI,ID,ANM,WE,Combined TRACON& Tower with Radar,157,34,76,5,272,0,7,103,16,126,157,41,179,21,398,94,14,108,506
02/26/2022,BOI,ID,ANM,WE,Combined TRACON& Tower with Radar,123,16,50,2,191,0,15,84,0,99,123,31,134,2,290,64,0,64,354
02/27/2022,BOI,ID,ANM,WE,Combined TRACON& Tower with Radar,138,26,41,1,206,0,9,51,0,60,138,35,92,1,266,54,0,54,320
02/28/2022,BOI,ID,ANM,WE,Combined TRACON& Tower with Radar,149,42,69,5,265,0,7,80,16,103,149,49,149,21,368,105,0,105,473
03/01/2022,BOI,ID,ANM,WE,Combined TRACON& Tower with Radar,129,31,62,3,225,0,6,83,20,109,129,37,145,23,334,40,22,62,396
03/02/2022,BOI,ID,ANM,WE,Combined TRACON& Tower with Radar,136,32,86,6,260,0,12,71,15,98,136,44,157,21,358,58,0,58,416
03/03/2022,BOI,ID,ANM,WE,Combined TRACON& Tower with Radar,151,33,83,8,275,0,7,82,27,116,151,40,165,35,391,68,0,68,459
03/04/2022,BOI,ID,ANM,WE,Combined TRACON& Tower with Radar,148,32,62,4,246,0,5,85,15,105,148,37,147,19,351,24,0,24,375
03/05/2022,BOI,ID,ANM,WE,Combined TRACON& Tower with Radar,112,23,32,8,175,0,6,61,25,92,112,29,93,33,267,108,0,108,375
03/06/2022,BOI,ID,ANM,WE,Combined TRACON& Tower with Radar,127,13,34,3,177,0,2,29,3,34,127,15,63,6,211,14,0,14,225
03/07/2022,BOI,ID,ANM,WE,Combined TRACON& Tower with Radar,137,24,66,0,227,0,12,98,9,119,137,36,164,9,346,76,0,76,422
03/08/2022,BOI,ID,ANM,WE,Combined TRACON& Tower with Radar,127,23,57,5,212,0,6,23,14,43,127,29,80,19,255,68,2,70,325
03/09/2022,BOI,ID,ANM,WE,Combined TRACON& Tower with Radar,129,33,71,4,237,0,5,20,19,44,129,38,91,23,281,68,2,70,351
03/10/2022,BOI,ID,ANM,WE,Combined TRACON& Tower with Radar,145,27,75,7,254,0,5,121,30,156,145,32,196,37,410,62,2,64,474
03/11/2022,BOI,ID,ANM,WE,Combined TRACON& Tower with Radar,141,22,72,3,238,0,8,109,19,136,141,30,181,22,374,123,6,129,503
03/12/2022,BOI,ID,ANM,WE,Combined TRACON& Tower with Radar,113,18,44,5,180,0,18,76,20,114,113,36,120,25,294,58,0,58,352
03/13/2022,BOI,ID,ANM,WE,Combined TRACON& Tower with Radar,125,21,42,3,191,0,3,24,18,45,125,24,66,21,236,24,0,24,260
03/14/2022,BOI,ID,ANM,WE,Combined TRACON& Tower with Radar,138,21,67,11,237,0,9,81,14,104,138,30,148,25,341,133,24,157,498
03/15/2022,BOI,ID,ANM,WE,Combined TRACON& Tower with Radar,133,30,57,5,225,0,2,22,15,39,133,32,79,20,264,54,0,54,318
03/16/2022,BOI,ID,ANM,WE,Combined TRACON& Tower with Radar,130,22,56,13,221,0,0,84,32,116,130,22,140,45,337,102,4,106,443
03/17/2022,BOI,ID,ANM,WE,Combined TRACON& Tower with Radar,155,26,88,9,278,0,15,117,19,151,155,41,205,28,429,54,4,58,487
03/18/2022,BOI,ID,ANM,WE,Combined TRACON& Tower with Radar,142,27,96,9,274,0,11,135,17,163,142,38,231,26,437,98,22,120,557
03/19/2022,BOI,ID,ANM,WE,Combined TRACON& Tower with Radar,125,14,51,1,191,0,4,56,3,63,125,18,107,4,254,72,0,72,326
03/20/2022,BOI,ID,ANM,WE,Combined TRACON& Tower with Radar,134,21,44,0,199,0,4,17,5,26,134,25,61,5,225,4,0,4,229
03/21/2022,BOI,ID,ANM,WE,Combined TRACON& Tower with Radar,143,23,52,10,228,0,10,101,25,136,143,33,153,35,364,86,12,98,462
03/22/2022,BOI,ID,ANM,WE,Combined TRACON& Tower with Radar,131,24,60,6,221,0,8,87,18,113,131,32,147,24,334,56,2,58,392
03/23/2022,BOI,ID,ANM,WE,Combined TRACON& Tower with Radar,140,24,66,3,233,0,4,123,24,151,140,28,189,27,384,57,0,57,441
03/24/2022,BOI,ID,ANM,WE,Combined TRACON& Tower with Radar,150,27,67,11,255,0,6,93,21,120,150,33,160,32,375,50,0,50,425
03/25/2022,BOI,ID,ANM,WE,Combined TRACON& Tower with Radar,146,23,60,9,238,0,11,109,19,139,146,34,169,28,377,38,10,48,425
03/26/2022,BOI,ID,ANM,WE,Combined TRACON& Tower with Radar,120,31,54,4,209,0,11,83,7,101,120,42,137,11,310,60,0,60,370
03/27/2022,BOI,ID,ANM,WE,Combined TRACON& Tower with Radar,141,20,44,6,211,0,13,69,2,84,141,33,113,8,295,28,0,28,323
03/28/2022,BOI,ID,ANM,WE,Combined TRACON& Tower with Radar,143,23,72,2,240,0,9,40,14,63,143,32,112,16,303,32,4,36,339
03/29/2022,BOI,ID,ANM,WE,Combined TRACON& Tower with Radar,139,18,65,9,231,0,7,46,14,67,139,25,111,23,298,32,0,32,330
03/30/2022,BOI,ID,ANM,WE,Combined TRACON& Tower with Radar,140,21,73,14,248,0,8,84,20,112,140,29,157,34,360,32,0,32,392
03/31/2022,BOI,ID,ANM,WE,Combined TRACON& Tower with Radar,152,24,80,6,262,0,6,75,15,96,152,30,155,21,358,52,2,54,412
04/01/2022,BOI,ID,ANM,WE,Combined TRACON& Tower with Radar,138,16,56,7,217,0,13,142,11,166,138,29,198,18,383,95,22,117,500
04/02/2022,BOI,ID,ANM,WE,Combined TRACON& Tower with Radar,104,22,31,4,161,0,4,53,14,71,104,26,84,18,232,36,12,48,280
04/03/2022,BOI,ID,ANM,WE,Combined TRACON& Tower with Radar,132,14,59,2,207,0,4,88,8,100,132,18,147,10,307,64,8,72,379
04/04/2022,BOI,ID,ANM,WE,Combined TRACON& Tower with Radar,138,21,45,0,204,0,3,7,5,15,138,24,52,5,219,10,0,10,229
04/05/2022,BOI,ID,ANM,WE,Combined TRACON& Tower with Radar,129,31,63,6,229,0,3,48,10,61,129,34,111,16,290,4,0,4,294
04/06/2022,BOI,ID,ANM,WE,Combined TRACON& Tower with Radar,135,34,72,16,257,0,14,119,25,158,135,48,191,41,415,118,6,124,539
04/07/2022,BOI,ID,ANM,WE,Combined TRACON& Tower with Radar,149,28,73,4,254,0,13,106,25,144,149,41,179,29,398,102,0,102,500
04/08/2022,BOI,ID,ANM,WE,Combined TRACON& Tower with Radar,147,33,53,10,243,0,10,83,12,105,147,43,136,22,348,52,24,76,424
04/09/2022,BOI,ID,ANM,WE,Combined TRACON& Tower with Radar,110,28,34,0,172,0,3,40,4,47,110,31,74,4,219,30,0,30,249
04/10/2022,BOI,ID,ANM,WE,Combined TRACON& Tower with Radar,139,17,34,2,192,0,0,8,0,8,139,17,42,2,200,34,0,34,234
04/11/2022,BOI,ID,ANM,WE,Combined TRACON& Tower with Radar,138,30,46,0,214,0,3,7,3,13,138,33,53,3,227,0,0,0,227
04/12/2022,BOI,ID,ANM,WE,Combined TRACON& Tower with Radar,128,38,50,5,221,0,5,11,24,40,128,43,61,29,261,0,0,0,261
04/13/2022,BOI,ID,ANM,WE,Combined TRACON& Tower with Radar,137,38,72,12,259,0,4,33,29,66,137,42,105,41,325,24,1,25,350
04/14/2022,BOI,ID,ANM,WE,Combined TRACON& Tower with Radar,153,35,61,6,255,0,4,8,11,23,153,39,69,17,278,20,0,20,298
04/15/2022,BOI,ID,ANM,WE,Combined TRACON& Tower with Radar,140,31,70,7,248,0,10,116,19,145,140,41,186,26,393,16,0,16,409
04/16/2022,BOI,ID,ANM,WE,Combined TRACON& Tower with Radar,109,18,26,1,154,0,1,10,0,11,109,19,36,1,165,0,0,0,165
04/17/2022,BOI,ID,ANM,WE,Combined TRACON& Tower with Radar,134,22,32,3,191,0,7,61,2,70,134,29,93,5,261,48,0,48,309
04/18/2022,BOI,ID,ANM,WE,Combined TRACON& Tower with Radar,138,30,70,15,253,0,13,75,11,99,138,43,145,26,352,36,0,36,388
04/19/2022,BOI,ID,ANM,WE,Combined TRACON& Tower with Radar,135,30,60,6,231,0,10,59,13,82,135,40,119,19,313,104,0,104,417
04/20/2022,BOI,ID,ANM,WE,Combined TRACON& Tower with Radar,137,29,82,19,267,0,10,97,29,136,137,39,179,48,403,66,10,76,479
04/21/2022,BOI,ID,ANM,WE,Combined TRACON& Tower with Radar,152,33,79,9,273,0,2,15,19,36,152,35,94,28,309,50,0,50,359
04/22/2022,BOI,ID,ANM,WE,Combined TRACON& Tower with Radar,142,27,67,4,240,0,11,44,5,60,142,38,111,9,300,18,4,22,322
04/23/2022,BOI,ID,ANM,WE,Combined TRACON& Tower with Radar,116,18,29,7,170,0,5,57,2,64,116,23,86,9,234,32,8,40,274
04/24/2022,BOI,ID,ANM,WE,Combined TRACON& Tower with Radar,135,13,49,12,209,0,9,128,28,165,135,22,177,40,374,56,0,56,430
04/25/2022,BOI,ID,ANM,WE,Combined TRACON& Tower with Radar,141,23,72,4,240,2,16,89,13,120,143,39,161,17,360,54,2,56,416
04/26/2022,BOI,ID,ANM,WE,Combined TRACON& Tower with Radar,138,34,54,5,231,0,5,33,101,139,138,39,87,106,370,40,4,44,414
04/27/2022,BOI,ID,ANM,WE,Combined TRACON& Tower with Radar,139,22,66,6,233,0,14,93,142,249,139,36,159,148,482,12,10,22,504
04/28/2022,BOI,ID,ANM,WE,Combined TRACON& Tower with Radar,156,28,73,10,267,0,7,46,100,153,156,35,119,110,420,10,0,10,430
04/29/2022,BOI,ID,ANM,WE,Combined TRACON& Tower with Radar,144,29,73,13,259,0,9,121,110,240,144,38,194,123,499,16,4,20,519
04/30/2022,BOI,ID,ANM,WE,Combined TRACON& Tower with Radar,112,17,36,22,187,0,4,37,24,65,112,21,73,46,252,61,2,63,315
05/01/2022,BOI,ID,ANM,WE,Combined TRACON& Tower with Radar,127,24,43,2,196,0,4,22,2,28,127,28,65,4,224,28,0,28,252
05/02/2022,BOI,ID,ANM,WE,Combined TRACON& Tower with Radar,144,28,54,2,228,0,8,25,11,44,144,36,79,13,272,16,0,16,288
05/03/2022,BOI,ID,ANM,WE,Combined TRACON& Tower with Radar,140,22,70,13,245,0,4,29,41,74,140,26,99,54,319,48,0,48,367
05/04/2022,BOI,ID,ANM,WE,Combined TRACON& Tower with Radar,143,22,78,12,255,0,22,125,43,190,143,44,203,55,445,82,0,82,527
05/05/2022,BOI,ID,ANM,WE,Combined TRACON& Tower with Radar,149,25,84,17,275,0,5,52,39,96,149,30,136,56,371,36,2,38,409
05/06/2022,BOI,ID,ANM,WE,Combined TRACON& Tower with Radar,156,22,67,10,255,0,15,94,19,128,156,37,161,29,383,26,12,38,421
05/07/2022,BOI,ID,ANM,WE,Combined TRACON& Tower with Radar,114,19,26,0,159,0,6,22,0,28,114,25,48,0,187,45,0,45,232
05/08/2022,BOI,ID,ANM,WE,Combined TRACON& Tower with Radar,139,25,35,3,202,0,5,33,0,38,139,30,68,3,240,22,0,22,262
05/09/2022,BOI,ID,ANM,WE,Combined TRACON& Tower with Radar,139,29,61,3,232,0,2,3,6,11,139,31,64,9,243,30,0,30,273
05/10/2022,BOI,ID,ANM,WE,Combined TRACON& Tower with Radar,143,32,58,8,241,0,15,82,22,119,143,47,140,30,360,106,4,110,470
05/11/2022,BOI,ID,ANM,WE,Combined TRACON& Tower with Radar,138,24,61,7,230,0,26,117,31,174,138,50,178,38,404,78,10,88,492
05/12/2022,BOI,ID,ANM,WE,Combined TRACON& Tower with Radar,151,31,93,5,280,0,11,113,35,159,151,42,206,40,439,36,6,42,481
05/13/2022,BOI,ID,ANM,WE,Combined TRACON& Tower with Radar,153,35,55,4,247,0,28,86,16,130,153,63,141,20,377,46,16,62,439
05/14/2022,BOI,ID,ANM,WE,Combined TRACON& Tower with Radar,118,19,43,1,181,0,16,71,12,99,118,35,114,13,280,70,0,70,350
05/15/2022,BOI,ID,ANM,WE,Combined TRACON& Tower with Radar,135,22,37,4,198,0,13,81,8,102,135,35,118,12,300,16,0,16,316
05/16/2022,BOI,ID,ANM,WE,Combined TRACON& Tower with Radar,148,24,59,0,231,0,20,84,15,119,148,44,143,15,350,4,6,10,360
05/17/2022,BOI,ID,ANM,WE,Combined TRACON& Tower with Radar,143,18,68,0,229,0,13,97,9,119,143,31,165,9,348,64,0,64,412
05/18/2022,BOI,ID,ANM,WE,Combined TRACON& Tower with Radar,142,29,79,7,257,0,18,92,26,136,142,47,171,33,393,40,4,44,437
05/19/2022,BOI,ID,ANM,WE,Combined TRACON& Tower with Radar,157,35,53,13,258,0,10,24,13,47,157,45,77,26,305,0,2,2,307
05/20/2022,BOI,ID,ANM,WE,Combined TRACON& Tower with Radar,146,34,66,6,252,0,12,93,17,122,146,46,159,23,374,34,12,46,420
05/21/2022,BOI,ID,ANM,WE,Combined TRACON& Tower with Radar,121,24,34,7,186,0,11,72,6,89,121,35,106,13,275,46,0,46,321
05/22/2022,BOI,ID,ANM,WE,Combined TRACON& Tower with Radar,138,17,39,1,195,0,2,68,2,72,138,19,107,3,267,56,0,56,323
05/23/2022,BOI,ID,ANM,WE,Combined TRACON& Tower with Radar,142,23,74,4,243,0,10,94,20,124,142,33,168,24,367,58,2,60,427
05/24/2022,BOI,ID,ANM,WE,Combined TRACON& Tower with Radar,137,31,64,13,245,0,12,95,14,121,137,43,159,27,366,62,6,68,434
05/25/2022,BOI,ID,ANM,WE,Combined TRACON& Tower with Radar,142,25,81,8,256,0,12,111,22,145,142,37,192,30,401,46,14,60,461
05/26/2022,BOI,ID,ANM,WE,Combined TRACON& Tower with Radar,159,34,63,3,259,0,9,87,17,113,159,43,150,20,372,12,0,12,384
05/27/2022,BOI,ID,ANM,WE,Combined TRACON& Tower with Radar,154,32,62,0,248,0,15,93,0,108,154,47,155,0,356,34,0,34,390
05/28/2022,BOI,ID,ANM,WE,Combined TRACON& Tower with Radar,118,12,29,0,159,0,5,44,0,49,118,17,73,0,208,109,0,109,317
05/29/2022,BOI,ID,ANM,WE,Combined TRACON& Tower with Radar,134,16,14,2,166,0,0,4,0,4,134,16,18,2,170,6,0,6,176
05/30/2022,BOI,ID,ANM,WE,Combined TRACON& Tower with Radar,141,28,27,0,196,0,1,1,0,2,141,29,28,0,198,36,12,48,246
05/31/2022,BOI,ID,ANM,WE,Combined TRACON& Tower with Radar,128,24,75,1,228,0,10,74,9,93,128,34,149,10,321,18,0,18,339
06/01/2022,BOI,ID,ANM,WE,Combined TRACON& Tower with Radar,129,23,81,3,236,0,4,138,6,148,129,27,219,9,384,0,0,0,384
06/02/2022,BOI,ID,ANM,WE,Combined TRACON& Tower with Radar,160,34,75,3,272,0,19,86,2,107,160,53,161,5,379,0,0,0,379
06/03/2022,BOI,ID,ANM,WE,Combined TRACON& Tower with Radar,150,27,60,3,240,0,11,71,1,83,150,38,131,4,323,66,14,80,403
06/04/2022,BOI,ID,ANM,WE,Combined TRACON& Tower with Radar,117,21,49,6,193,0,16,44,8,68,117,37,93,14,261,24,0,24,285
06/05/2022,BOI,ID,ANM,WE,Combined TRACON& Tower with Radar,140,22,40,1,203,0,11,15,8,34,140,33,55,9,237,0,0,0,237
06/06/2022,BOI,ID,ANM,WE,Combined TRACON& Tower with Radar,157,37,62,4,260,0,11,105,33,149,157,48,167,37,409,85,12,97,506
06/07/2022,BOI,ID,ANM,WE,Combined TRACON& Tower with Radar,141,32,66,0,239,0,15,125,23,163,141,47,191,23,402,35,0,35,437
06/08/2022,BOI,ID,ANM,WE,Combined TRACON& Tower with Radar,140,31,57,6,234,0,13,92,25,130,140,44,149,31,364,4,17,21,385
06/09/2022,BOI,ID,ANM,WE,Combined TRACON& Tower with Radar,162,33,67,3,265,0,11,131,22,164,162,44,198,25,429,6,0,6,435
06/10/2022,BOI,ID,ANM,WE,Combined TRACON& Tower with Radar,169,40,67,3,279,0,16,134,26,176,169,56,201,29,455,16,0,16,471
06/11/2022,BOI,ID,ANM,WE,Combined TRACON& Tower with Radar,120,21,35,1,177,0,7,92,22,121,120,28,127,23,298,56,0,56,354
06/12/2022,BOI,ID,ANM,WE,Combined TRACON& Tower with Radar,139,20,38,0,197,0,3,1,0,4,139,23,39,0,201,8,0,8,209
06/13/2022,BOI,ID,ANM,WE,Combined TRACON& Tower with Radar,157,24,56,0,237,0,6,73,42,121,157,30,129,42,358,12,2,14,372
06/14/2022,BOI,ID,ANM,WE,Combined TRACON& Tower with Radar,142,26,64,10,242,0,6,74,24,104,142,32,138,34,346,2,2,4,350
06/15/2022,BOI,ID,ANM,WE,Combined TRACON& Tower with Radar,141,19,60,8,228,0,9,124,20,153,141,28,184,28,381,12,2,14,395
06/16/2022,BOI,ID,ANM,WE,Combined TRACON& Tower with Radar,181,31,70,2,284,0,10,102,28,140,181,41,172,30,424,10,0,10,434
06/17/2022,BOI,ID,ANM,WE,Combined TRACON& Tower with Radar,171,28,83,1,283,0,5,94,12,111,171,33,177,13,394,0,0,0,394
06/18/2022,BOI,ID,ANM,WE,Combined TRACON& Tower with Radar,138,20,43,1,202,0,15,89,4,108,138,35,132,5,310,4,0,4,314
06/19/2022,BOI,ID,ANM,WE,Combined TRACON& Tower with Radar,181,23,36,2,242,0,2,39,0,41,181,25,75,2,283,21,0,21,304
06/20/2022,BOI,ID,ANM,WE,Combined TRACON& Tower with Radar,173,34,68,0,275,0,3,128,0,131,173,37,196,0,406,38,0,38,444
06/21/2022,BOI,ID,ANM,WE,Combined TRACON& Tower with Radar,159,29,68,2,258,0,7,129,0,136,159,36,197,2,394,60,0,60,454
06/22/2022,BOI,ID,ANM,WE,Combined TRACON& Tower with Radar,163,29,80,5,277,0,10,132,7,149,163,39,212,12,426,48,0,48,474
06/23/2022,BOI,ID,ANM,WE,Combined TRACON& Tower with Radar,180,40,77,5,302,0,20,121,14,155,180,60,198,19,457,26,0,26,483
06/24/2022,BOI,ID,ANM,WE,Combined TRACON& Tower with Radar,179,30,62,0,271,0,24,121,14,159,179,54,183,14,430,16,6,22,452
06/25/2022,BOI,ID,ANM,WE,Combined TRACON& Tower with Radar,133,28,30,2,193,0,17,77,0,94,133,45,107,2,287,50,0,50,337
06/26/2022,BOI,ID,ANM,WE,Combined TRACON& Tower with Radar,165,27,38,0,230,0,17,90,2,109,165,44,128,2,339,48,0,48,387
06/27/2022,BOI,ID,ANM,WE,Combined TRACON& Tower with Radar,170,32,46,4,252,0,15,109,13,137,170,47,155,17,389,22,0,22,411
06/28/2022,BOI,ID,ANM,WE,Combined TRACON& Tower with Radar,153,23,72,10,258,0,9,71,13,93,153,32,143,23,351,0,0,0,351
06/29/2022,BOI,ID,ANM,WE,Combined TRACON& Tower with Radar,161,32,70,5,268,0,18,131,21,170,161,50,201,26,438,52,0,52,490
06/30/2022,BOI,ID,ANM,WE,Combined TRACON& Tower with Radar,187,28,94,5,314,0,17,111,23,151,187,45,205,28,465,122,8,130,595
07/01/2022,BOI,ID,ANM,WE,Combined TRACON& Tower with Radar,179,32,63,4,278,0,22,112,11,145,179,54,175,15,423,20,2,22,445
07/02/2022,BOI,ID,ANM,WE,Combined TRACON& Tower with Radar,132,24,47,1,204,0,15,107,2,124,132,39,154,3,328,46,0,46,374
07/03/2022,BOI,ID,ANM,WE,Combined TRACON& Tower with Radar,164,13,37,2,216,0,20,59,0,79,164,33,96,2,295,18,0,18,313
07/04/2022,BOI,ID,ANM,WE,Combined TRACON& Tower with Radar,155,17,35,2,209,0,18,78,6,102,155,35,113,8,311,18,0,18,329
07/05/2022,BOI,ID,ANM,WE,Combined TRACON& Tower with Radar,148,26,56,8,238,0,14,102,10,126,148,40,158,18,364,36,8,44,408
07/06/2022,BOI,ID,ANM,WE,Combined TRACON& Tower with Radar,157,37,63,8,265,1,15,89,22,127,158,52,152,30,392,64,0,64,456
07/07/2022,BOI,ID,ANM,WE,Combined TRACON& Tower with Radar,174,24,85,5,288,0,8,115,16,139,174,32,200,21,427,56,0,56,483
07/08/2022,BOI,ID,ANM,WE,Combined TRACON& Tower with Radar,173,37,77,8,295,0,16,118,14,148,173,53,195,22,443,42,2,44,487
07/09/2022,BOI,ID,ANM,WE,Combined TRACON& Tower with Radar,134,28,26,4,192,0,16,107,3,126,134,44,133,7,318,22,0,22,340
07/10/2022,BOI,ID,ANM,WE,Combined TRACON& Tower with Radar,161,20,52,5,238,0,13,101,5,119,161,33,153,10,357,30,0,30,387
07/11/2022,BOI,ID,ANM,WE,Combined TRACON& Tower with Radar,165,32,45,3,245,0,22,107,8,137,165,54,152,11,382,44,0,44,426
07/12/2022,BOI,ID,ANM,WE,Combined TRACON& Tower with Radar,152,31,62,6,251,0,9,125,25,159,152,40,187,31,410,32,0,32,442
07/13/2022,BOI,ID,ANM,WE,Combined TRACON& Tower with Radar,167,22,79,7,275,0,15,124,19,158,167,37,203,26,433,0,0,0,433
07/14/2022,BOI,ID,ANM,WE,Combined TRACON& Tower with Radar,173,24,74,7,278,0,12,94,25,131,173,36,168,32,409,42,2,44,453
07/15/2022,BOI,ID,ANM,WE,Combined TRACON& Tower with Radar,178,29,66,6,279,0,14,116,24,154,178,43,182,30,433,38,0,38,471
07/16/2022,BOI,ID,ANM,WE,Combined TRACON& Tower with Radar,139,17,35,2,193,0,12,101,4,117,139,29,136,6,310,0,0,0,310
07/17/2022,BOI,ID,ANM,WE,Combined TRACON& Tower with Radar,174,22,44,3,243,1,13,92,8,114,175,35,136,11,357,32,0,32,389
07/18/2022,BOI,ID,ANM,WE,Combined TRACON& Tower with Radar,170,25,64,0,259,1,8,96,13,118,171,33,160,13,377,26,0,26,403
07/19/2022,BOI,ID,ANM,WE,Combined TRACON& Tower with Radar,156,24,53,6,239,1,4,119,30,154,157,28,172,36,393,64,0,64,457
07/20/2022,BOI,ID,ANM,WE,Combined TRACON& Tower with Radar,161,29,75,8,273,0,13,131,38,182,161,42,206,46,455,40,0,40,495
07/21/2022,BOI,ID,ANM,WE,Combined TRACON& Tower with Radar,175,36,81,12,304,1,13,121,20,155,176,49,202,32,459,16,0,16,475
07/22/2022,BOI,ID,ANM,WE,Combined TRACON& Tower with Radar,175,21,69,6,271,0,2,115,11,128,175,23,184,17,399,16,0,16,415
07/23/2022,BOI,ID,ANM,WE,Combined TRACON& Tower with Radar,130,17,37,2,186,0,11,93,0,104,130,28,130,2,290,8,0,8,298
07/24/2022,BOI,ID,ANM,WE,Combined TRACON& Tower with Radar,164,22,43,3,232,0,21,97,1,119,164,43,140,4,351,26,0,26,377
07/25/2022,BOI,ID,ANM,WE,Combined TRACON& Tower with Radar,169,42,41,9,261,0,9,110,23,142,169,51,151,32,403,23,2,25,428
07/26/2022,BOI,ID,ANM,WE,Combined TRACON& Tower with Radar,155,26,64,23,268,0,8,128,22,158,155,34,192,45,426,26,2,28,454
07/27/2022,BOI,ID,ANM,WE,Combined TRACON& Tower with Radar,161,30,63,12,266,1,23,124,26,174,162,53,187,38,440,54,0,54,494
07/28/2022,BOI,ID,ANM,WE,Combined TRACON& Tower with Radar,179,32,71,15,297,0,11,100,15,126,179,43,171,30,423,14,0,14,437
07/29/2022,BOI,ID,ANM,WE,Combined TRACON& Tower with Radar,166,37,50,8,261,0,5,119,11,135,166,42,169,19,396,0,0,0,396
07/30/2022,BOI,ID,ANM,WE,Combined TRACON& Tower with Radar,135,24,29,6,194,1,17,99,1,118,136,41,128,7,312,12,0,12,324
07/31/2022,BOI,ID,ANM,WE,Combined TRACON& Tower with Radar,166,20,27,4,217,1,9,70,17,97,167,29,97,21,314,18,0,18,332
08/01/2022,BOI,ID,ANM,WE,Combined TRACON& Tower with Radar,169,34,30,10,243,2,8,83,29,122,171,42,113,39,365,9,0,9,374
08/02/2022,BOI,ID,ANM,WE,Combined TRACON& Tower with Radar,152,28,58,6,244,0,14,79,28,121,152,42,137,34,365,26,4,30,395
08/03/2022,BOI,ID,ANM,WE,Combined TRACON& Tower with Radar,159,36,72,7,274,2,9,136,33,180,161,45,208,40,454,10,0,10,464
08/04/2022,BOI,ID,ANM,WE,Combined TRACON& Tower with Radar,175,32,61,11,279,0,8,127,22,157,175,40,188,33,436,22,0,22,458
08/05/2022,BOI,ID,ANM,WE,Combined TRACON& Tower with Radar,174,30,43,7,254,0,20,108,9,137,174,50,151,16,391,12,0,12,403
08/06/2022,BOI,ID,ANM,WE,Combined TRACON& Tower with Radar,136,24,21,5,186,0,15,123,16,154,136,39,144,21,340,30,0,30,370
08/07/2022,BOI,ID,ANM,WE,Combined TRACON& Tower with Radar,162,20,37,5,224,0,14,132,10,156,162,34,169,15,380,34,0,34,414
08/08/2022,BOI,ID,ANM,WE,Combined TRACON& Tower with Radar,168,30,61,6,265,0,11,127,12,150,168,41,188,18,415,46,4,50,465
08/09/2022,BOI,ID,ANM,WE,Combined TRACON& Tower with Radar,160,27,56,7,250,2,9,116,10,137,162,36,172,17,387,48,0,48,435
08/10/2022,BOI,ID,ANM,WE,Combined TRACON& Tower with Radar,168,35,53,8,264,1,5,84,16,106,169,40,137,24,370,30,2,32,402
08/11/2022,BOI,ID,ANM,WE,Combined TRACON& Tower with Radar,179,29,85,9,302,0,8,115,14,137,179,37,200,23,439,52,4,56,495
08/12/2022,BOI,ID,ANM,WE,Combined TRACON& Tower with Radar,178,33,63,8,282,0,8,122,9,139,178,41,185,17,421,102,0,102,523
08/13/2022,BOI,ID,ANM,WE,Combined TRACON& Tower with Radar,136,39,37,6,218,0,18,101,3,122,136,57,138,9,340,38,0,38,378
08/14/2022,BOI,ID,ANM,WE,Combined TRACON& Tower with Radar,168,33,52,9,262,12,14,120,24,170,180,47,172,33,432,14,0,14,446
08/15/2022,BOI,ID,ANM,WE,Combined TRACON& Tower with Radar,168,34,70,8,280,15,11,150,34,210,183,45,220,42,490,78,0,78,568
08/16/2022,BOI,ID,ANM,WE,Combined TRACON& Tower with Radar,157,27,72,7,263,10,14,127,53,204,167,41,199,60,467,74,2,76,543
08/17/2022,BOI,ID,ANM,WE,Combined TRACON& Tower with Radar,163,34,53,13,263,1,7,114,26,148,164,41,167,39,411,45,0,45,456
08/18/2022,BOI,ID,ANM,WE,Combined TRACON& Tower with Radar,171,34,63,8,276,0,9,104,37,150,171,43,167,45,426,28,30,58,484
08/19/2022,BOI,ID,ANM,WE,Combined TRACON& Tower with Radar,178,40,48,8,274,0,10,84,20,114,178,50,132,28,388,46,4,50,438
08/20/2022,BOI,ID,ANM,WE,Combined TRACON& Tower with Radar,133,21,36,14,204,0,10,83,41,134,133,31,119,55,338,34,6,40,378
08/21/2022,BOI,ID,ANM,WE,Combined TRACON& Tower with Radar,166,20,54,6,246,9,15,98,20,142,175,35,152,26,388,58,0,58,446
08/22/2022,BOI,ID,ANM,WE,Combined TRACON& Tower with Radar,165,33,50,10,258,14,11,107,27,159,179,44,157,37,417,14,0,14,431
08/23/2022,BOI,ID,ANM,WE,Combined TRACON& Tower with Radar,153,32,61,3,249,3,6,111,28,148,156,38,172,31,397,60,0,60,457
08/24/2022,BOI,ID,ANM,WE,Combined TRACON& Tower with Radar,162,30,72,9,273,1,15,119,39,174,163,45,191,48,447,36,0,36,483
08/25/2022,BOI,ID,ANM,WE,Combined TRACON& Tower with Radar,177,36,95,6,314,0,17,139,21,177,177,53,234,27,491,0,0,0,491
08/26/2022,BOI,ID,ANM,WE,Combined TRACON& Tower with Radar,175,34,55,8,272,0,9,137,21,167,175,43,192,29,439,64,0,64,503
08/27/2022,BOI,ID,ANM,WE,Combined TRACON& Tower with Radar,134,17,38,2,191,0,7,90,12,109,134,24,128,14,300,24,8,32,332
08/28/2022,BOI,ID,ANM,WE,Combined TRACON& Tower with Radar,165,28,50,3,246,0,14,121,2,137,165,42,171,5,383,16,0,16,399
08/29/2022,BOI,ID,ANM,WE,Combined TRACON& Tower with Radar,167,35,43,10,255,0,11,120,15,146,167,46,163,25,401,0,0,0,401
08/30/2022,BOI,ID,ANM,WE,Combined TRACON& Tower with Radar,155,27,68,6,256,4,13,92,26,135,159,40,160,32,391,42,0,42,433
08/31/2022,BOI,ID,ANM,WE,Combined TRACON& Tower with Radar,164,24,74,12,274,5,19,112,43,179,169,43,186,55,453,98,0,98,551
09/01/2022,BOI,ID,ANM,WE,Combined TRACON& Tower with Radar,178,31,75,10,294,3,18,121,44,186,181,49,196,54,480,70,0,70,550
09/02/2022,BOI,ID,ANM,WE,Combined TRACON& Tower with Radar,175,17,50,7,249,6,10,123,18,157,181,27,173,25,406,86,0,86,492
09/03/2022,BOI,ID,ANM,WE,Combined TRACON& Tower with Radar,134,17,30,6,187,12,20,82,19,133,146,37,112,25,320,34,0,34,354
09/04/2022,BOI,ID,ANM,WE,Combined TRACON& Tower with Radar,156,17,32,7,212,17,23,60,20,120,173,40,92,27,332,60,0,60,392
09/05/2022,BOI,ID,ANM,WE,Combined TRACON& Tower with Radar,165,20,36,6,227,8,10,110,21,149,173,30,146,27,376,32,0,32,408
09/06/2022,BOI,ID,ANM,WE,Combined TRACON& Tower with Radar,146,23,65,10,244,0,12,113,31,156,146,35,178,41,400,43,0,43,443
09/07/2022,BOI,ID,ANM,WE,Combined TRACON& Tower with Radar,162,33,59,13,267,0,11,82,18,111,162,44,141,31,378,32,0,32,410
09/08/2022,BOI,ID,ANM,WE,Combined TRACON& Tower with Radar,178,29,77,8,292,0,19,99,60,178,178,48,176,68,470,16,0,16,486
09/09/2022,BOI,ID,ANM,WE,Combined TRACON& Tower with Radar,170,28,69,24,291,0,7,63,17,87,170,35,132,41,378,28,0,28,406
09/10/2022,BOI,ID,ANM,WE,Combined TRACON& Tower with Radar,141,23,43,8,215,1,10,63,24,98,142,33,106,32,313,10,0,10,323
09/11/2022,BOI,ID,ANM,WE,Combined TRACON& Tower with Radar,162,24,61,6,253,0,21,50,25,96,162,45,111,31,349,22,0,22,371
09/12/2022,BOI,ID,ANM,WE,Combined TRACON& Tower with Radar,175,29,57,14,275,0,12,44,17,73,175,41,101,31,348,71,12,83,431
09/13/2022,BOI,ID,ANM,WE,Combined TRACON& Tower with Radar,160,32,68,10,270,0,14,70,22,106,160,46,138,32,376,110,0,110,486
09/14/2022,BOI,ID,ANM,WE,Combined TRACON& Tower with Radar,165,28,86,14,293,0,9,104,29,142,165,37,190,43,435,62,6,68,503
09/15/2022,BOI,ID,ANM,WE,Combined TRACON& Tower with Radar,175,29,77,16,297,0,8,86,22,116,175,37,163,38,413,84,0,84,497
09/16/2022,BOI,ID,ANM,WE,Combined TRACON& Tower with Radar,182,31,56,21,290,0,8,109,14,131,182,39,165,35,421,70,2,72,493
09/17/2022,BOI,ID,ANM,WE,Combined TRACON& Tower with Radar,141,16,34,7,198,0,7,61,1,69,141,23,95,8,267,58,0,58,325
09/18/2022,BOI,ID,ANM,WE,Combined TRACON& Tower with Radar,159,25,47,6,237,0,9,71,2,82,159,34,118,8,319,54,6,60,379
09/19/2022,BOI,ID,ANM,WE,Combined TRACON& Tower with Radar,164,33,56,11,264,0,13,109,16,138,164,46,165,27,402,30,0,30,432
09/20/2022,BOI,ID,ANM,WE,Combined TRACON& Tower with Radar,161,23,54,11,249,0,6,107,21,134,161,29,161,32,383,64,0,64,447
09/21/2022,BOI,ID,ANM,WE,Combined TRACON& Tower with Radar,166,34,53,8,261,0,8,81,11,100,166,42,134,19,361,82,0,82,443
09/22/2022,BOI,ID,ANM,WE,Combined TRACON& Tower with Radar,175,34,81,6,296,0,9,92,15,116,175,43,173,21,412,90,0,90,502
09/23/2022,BOI,ID,ANM,WE,Combined TRACON& Tower with Radar,175,25,58,10,268,0,17,150,17,184,175,42,208,27,452,64,4,68,520
09/24/2022,BOI,ID,ANM,WE,Combined TRACON& Tower with Radar,139,20,39,7,205,0,9,86,13,108,139,29,125,20,313,82,18,100,413
09/25/2022,BOI,ID,ANM,WE,Combined TRACON& Tower with Radar,159,30,47,11,247,1,2,73,4,80,160,32,120,15,327,33,0,33,360
09/26/2022,BOI,ID,ANM,WE,Combined TRACON& Tower with Radar,167,32,60,11,270,0,8,123,5,136,167,40,183,16,406,90,0,90,496
09/27/2022,BOI,ID,ANM,WE,Combined TRACON& Tower with Radar,162,20,56,7,245,0,20,113,7,140,162,40,169,14,385,0,0,0,385
09/28/2022,BOI,ID,ANM,WE,Combined TRACON& Tower with Radar,166,25,55,10,256,0,3,75,12,90,166,28,130,22,346,180,4,184,530
09/29/2022,BOI,ID,ANM,WE,Combined TRACON& Tower with Radar,174,29,75,8,286,20,11,91,55,177,194,40,166,63,463,64,0,64,527
09/30/2022,BOI,ID,ANM,WE,Combined TRACON& Tower with Radar,177,22,67,6,272,0,15,86,2,103,177,37,153,8,375,44,0,44,419
10/01/2022,BOI,ID,ANM,WE,Combined TRACON& Tower with Radar,132,12,43,3,190,0,2,106,4,112,132,14,149,7,302,120,0,120,422
10/02/2022,BOI,ID,ANM,WE,Combined TRACON& Tower with Radar,158,18,54,7,237,0,5,113,2,120,158,23,167,9,357,86,0,86,443
10/03/2022,BOI,ID,ANM,WE,Combined TRACON& Tower with Radar,168,25,51,9,253,0,13,86,21,120,168,38,137,30,373,54,2,56,429
10/04/2022,BOI,ID,ANM,WE,Combined TRACON& Tower with Radar,158,27,72,9,266,0,6,118,23,147,158,33,190,32,413,78,2,80,493
10/05/2022,BOI,ID,ANM,WE,Combined TRACON& Tower with Radar,162,22,84,4,272,0,12,137,19,168,162,34,221,23,440,82,2,84,524
10/06/2022,BOI,ID,ANM,WE,Combined TRACON& Tower with Radar,162,24,67,11,264,0,9,121,16,146,162,33,188,27,410,44,2,46,456
10/07/2022,BOI,ID,ANM,WE,Combined TRACON& Tower with Radar,162,23,53,7,245,0,11,142,6,159,162,34,195,13,404,40,0,40,444
10/08/2022,BOI,ID,ANM,WE,Combined TRACON& Tower with Radar,136,13,31,2,182,0,10,82,0,92,136,23,113,2,274,40,0,40,314
10/09/2022,BOI,ID,ANM,WE,Combined TRACON& Tower with Radar,157,22,42,3,224,0,5,105,0,110,157,27,147,3,334,104,0,104,438
10/10/2022,BOI,ID,ANM,WE,Combined TRACON& Tower with Radar,158,21,49,4,232,0,16,114,0,130,158,37,163,4,362,69,0,69,431
10/11/2022,BOI,ID,ANM,WE,Combined TRACON& Tower with Radar,146,27,46,10,229,0,2,74,13,89,146,29,120,23,318,48,0,48,366
10/12/2022,BOI,ID,ANM,WE,Combined TRACON& Tower with Radar,147,15,58,12,232,0,11,99,17,127,147,26,157,29,359,62,0,62,421
10/13/2022,BOI,ID,ANM,WE,Combined TRACON& Tower with Radar,164,32,82,12,290,0,12,117,18,147,164,44,199,30,437,8,0,8,445
10/14/2022,BOI,ID,ANM,WE,Combined TRACON& Tower with Radar,166,24,70,4,264,0,11,122,13,146,166,35,192,17,410,132,0,132,542
10/15/2022,BOI,ID,ANM,WE,Combined TRACON& Tower with Radar,128,9,60,6,203,0,7,98,9,114,128,16,158,15,317,24,0,24,341
10/16/2022,BOI,ID,ANM,WE,Combined TRACON& Tower with Radar,153,12,51,3,219,0,10,96,15,121,153,22,147,18,340,56,6,62,402
10/17/2022,BOI,ID,ANM,WE,Combined TRACON& Tower with Radar,149,18,77,3,247,0,8,96,11,115,149,26,173,14,362,102,0,102,464
10/18/2022,BOI,ID,ANM,WE,Combined TRACON& Tower with Radar,153,13,64,14,244,0,6,104,19,129,153,19,168,33,373,54,0,54,427
10/19/2022,BOI,ID,ANM,WE,Combined TRACON& Tower with Radar,155,22,81,11,269,0,8,97,28,133,155,30,178,39,402,30,2,32,434
10/20/2022,BOI,ID,ANM,WE,Combined TRACON& Tower with Radar,164,30,61,6,261,0,8,128,13,149,164,38,189,19,410,122,0,122,532
10/21/2022,BOI,ID,ANM,WE,Combined TRACON& Tower with Radar,177,23,66,6,272,1,8,99,16,124,178,31,165,22,396,47,6,53,449
10/22/2022,BOI,ID,ANM,WE,Combined TRACON& Tower with Radar,130,21,26,2,179,0,7,18,0,25,130,28,44,2,204,14,0,14,218
10/23/2022,BOI,ID,ANM,WE,Combined TRACON& Tower with Radar,156,20,43,1,220,0,5,39,1,45,156,25,82,2,265,24,0,24,289
10/24/2022,BOI,ID,ANM,WE,Combined TRACON& Tower with Radar,154,26,68,8,256,0,2,60,12,74,154,28,128,20,330,22,0,22,352
10/25/2022,BOI,ID,ANM,WE,Combined TRACON& Tower with Radar,142,27,63,7,239,0,7,65,14,86,142,34,128,21,325,76,0,76,401
10/26/2022,BOI,ID,ANM,WE,Combined TRACON& Tower with Radar,157,31,69,10,267,0,5,28,15,48,157,36,97,25,315,20,0,20,335
10/27/2022,BOI,ID,ANM,WE,Combined TRACON& Tower with Radar,160,40,88,11,299,0,5,98,11,114,160,45,186,22,413,84,0,84,497
10/28/2022,BOI,ID,ANM,WE,Combined TRACON& Tower with Radar,165,25,64,6,260,0,6,105,0,111,165,31,169,6,371,0,0,0,371
10/29/2022,BOI,ID,ANM,WE,Combined TRACON& Tower with Radar,131,13,47,9,200,0,6,73,5,84,131,19,120,14,284,36,0,36,320
10/30/2022,BOI,ID,ANM,WE,Combined TRACON& Tower with Radar,148,9,45,4,206,0,5,84,1,90,148,14,129,5,296,17,0,17,313
10/31/2022,BOI,ID,ANM,WE,Combined TRACON& Tower with Radar,140,15,48,5,208,0,5,78,5,88,140,20,126,10,296,54,0,54,350
11/01/2022,BOI,ID,ANM,WE,Combined TRACON& Tower with Radar,150,29,59,12,250,0,2,34,14,50,150,31,93,26,300,0,0,0,300
11/02/2022,BOI,ID,ANM,WE,Combined TRACON& Tower with Radar,144,29,59,6,238,0,4,42,20,66,144,33,101,26,304,26,0,26,330
11/03/2022,BOI,ID,ANM,WE,Combined TRACON& Tower with Radar,160,28,65,1,254,0,6,58,14,78,160,34,123,15,332,0,0,0,332
11/04/2022,BOI,ID,ANM,WE,Combined TRACON& Tower with Radar,170,33,37,0,240,0,3,4,0,7,170,36,41,0,247,0,0,0,247
11/05/2022,BOI,ID,ANM,WE,Combined TRACON& Tower with Radar,129,20,49,4,202,0,4,13,20,37,129,24,62,24,239,16,0,16,255
11/06/2022,BOI,ID,ANM,WE,Combined TRACON& Tower with Radar,144,23,34,2,203,0,11,39,19,69,144,34,73,21,272,6,0,6,278
11/07/2022,BOI,ID,ANM,WE,Combined TRACON& Tower with Radar,154,30,65,0,249,0,4,67,8,79,154,34,132,8,328,68,12,80,408
11/08/2022,BOI,ID,ANM,WE,Combined TRACON& Tower with Radar,142,34,79,4,259,0,8,80,11,99,142,42,159,15,358,50,2,52,410
11/09/2022,BOI,ID,ANM,WE,Combined TRACON& Tower with Radar,148,21,57,0,226,0,2,2,0,4,148,23,59,0,230,0,0,0,230
11/10/2022,BOI,ID,ANM,WE,Combined TRACON& Tower with Radar,164,29,81,11,285,0,12,106,7,125,164,41,187,18,410,50,4,54,464
11/11/2022,BOI,ID,ANM,WE,Combined TRACON& Tower with Radar,164,21,65,3,253,0,8,101,3,112,164,29,166,6,365,58,0,58,423
11/12/2022,BOI,ID,ANM,WE,Combined TRACON& Tower with Radar,130,15,52,0,197,0,10,93,0,103,130,25,145,0,300,24,0,24,324
11/13/2022,BOI,ID,ANM,WE,Combined TRACON& Tower with Radar,160,10,55,0,225,0,11,90,0,101,160,21,145,0,326,78,0,78,404
11/14/2022,BOI,ID,ANM,WE,Combined TRACON& Tower with Radar,159,36,51,13,259,0,4,64,15,83,159,40,115,28,342,60,0,60,402
11/15/2022,BOI,ID,ANM,WE,Combined TRACON& Tower with Radar,152,22,47,25,246,0,6,71,14,91,152,28,118,39,337,44,0,44,381
11/16/2022,BOI,ID,ANM,WE,Combined TRACON& Tower with Radar,155,34,70,15,274,0,17,60,13,90,155,51,130,28,364,32,0,32,396
11/17/2022,BOI,ID,ANM,WE,Combined TRACON& Tower with Radar,158,38,102,11,309,1,5,35,13,54,159,43,137,24,363,46,0,46,409
11/18/2022,BOI,ID,ANM,WE,Combined TRACON& Tower with Radar,166,38,80,2,286,0,3,49,0,52,166,41,129,2,338,36,0,36,374
11/19/2022,BOI,ID,ANM,WE,Combined TRACON& Tower with Radar,149,16,40,1,206,0,9,69,1,79,149,25,109,2,285,98,0,98,383
11/20/2022,BOI,ID,ANM,WE,Combined TRACON& Tower with Radar,160,20,50,1,231,0,4,76,1,81,160,24,126,2,312,52,0,52,364
11/21/2022,BOI,ID,ANM,WE,Combined TRACON& Tower with Radar,160,21,59,8,248,0,3,103,21,127,160,24,162,29,375,68,16,84,459
11/22/2022,BOI,ID,ANM,WE,Combined TRACON& Tower with Radar,163,29,57,23,272,0,2,61,14,77,163,31,118,37,349,42,2,44,393
11/23/2022,BOI,ID,ANM,WE,Combined TRACON& Tower with Radar,174,30,49,5,258,0,6,59,12,77,174,36,108,17,335,8,2,10,345
11/24/2022,BOI,ID,ANM,WE,Combined TRACON& Tower with Radar,107,13,9,2,131,0,6,16,0,22,107,19,25,2,153,26,0,26,179
11/25/2022,BOI,ID,ANM,WE,Combined TRACON& Tower with Radar,150,19,20,0,189,0,6,65,0,71,150,25,85,0,260,26,0,26,286
11/26/2022,BOI,ID,ANM,WE,Combined TRACON& Tower with Radar,152,18,38,0,208,0,10,19,0,29,152,28,57,0,237,42,0,42,279
11/27/2022,BOI,ID,ANM,WE,Combined TRACON& Tower with Radar,174,18,76,0,268,0,2,57,0,59,174,20,133,0,327,36,0,36,363
11/28/2022,BOI,ID,ANM,WE,Combined TRACON& Tower with Radar,163,24,45,10,242,0,4,0,5,9,163,28,45,15,251,12,0,12,263
11/29/2022,BOI,ID,ANM,WE,Combined TRACON& Tower with Radar,150,31,70,7,258,0,9,54,27,90,150,40,124,34,348,6,0,6,354
11/30/2022,BOI,ID,ANM,WE,Combined TRACON& Tower with Radar,148,43,62,2,255,0,1,9,21,31,148,44,71,23,286,0,0,0,286
12/01/2022,BOI,ID,ANM,WE,Combined TRACON& Tower with Radar,166,25,64,3,258,0,4,6,17,27,166,29,70,20,285,0,0,0,285
12/02/2022,BOI,ID,ANM,WE,Combined TRACON& Tower with Radar,160,25,53,2,240,0,6,92,18,116,160,31,145,20,356,72,0,72,428
12/03/2022,BOI,ID,ANM,WE,Combined TRACON& Tower with Radar,124,11,50,3,188,0,9,78,0,87,124,20,128,3,275,124,0,124,399
12/04/2022,BOI,ID,ANM,WE,Combined TRACON& Tower with Radar,152,20,29,0,201,0,0,0,0,0,152,20,29,0,201,0,0,0,201
12/05/2022,BOI,ID,ANM,WE,Combined TRACON& Tower with Radar,156,12,39,0,207,0,0,0,0,0,156,12,39,0,207,0,0,0,207
12/06/2022,BOI,ID,ANM,WE,Combined TRACON& Tower with Radar,157,29,50,4,240,0,0,0,0,0,157,29,50,4,240,2,0,2,242
12/07/2022,BOI,ID,ANM,WE,Combined TRACON& Tower with Radar,153,27,69,13,262,0,0,4,0,4,153,27,73,13,266,74,0,74,340
12/08/2022,BOI,ID,ANM,WE,Combined TRACON& Tower with Radar,167,32,84,12,295,0,5,71,24,100,167,37,155,36,395,66,0,66,461
12/09/2022,BOI,ID,ANM,WE,Combined TRACON& Tower with Radar,162,16,50,1,229,0,4,66,6,76,162,20,116,7,305,54,2,56,361
12/10/2022,BOI,ID,ANM,WE,Combined TRACON& Tower with Radar,122,18,35,0,175,0,0,12,0,12,122,18,47,0,187,8,0,8,195
12/11/2022,BOI,ID,ANM,WE,Combined TRACON& Tower with Radar,145,17,37,0,199,0,0,7,0,7,145,17,44,0,206,24,0,24,230
12/12/2022,BOI,ID,ANM,WE,Combined TRACON& Tower with Radar,168,26,35,0,229,0,0,0,0,0,168,26,35,0,229,0,0,0,229
12/13/2022,BOI,ID,ANM,WE,Combined TRACON& Tower with Radar,149,18,57,2,226,0,5,61,19,85,149,23,118,21,311,64,4,68,379
12/14/2022,BOI,ID,ANM,WE,Combined TRACON& Tower with Radar,147,25,58,10,240,0,5,21,9,35,147,30,79,19,275,40,0,40,315
12/15/2022,BOI,ID,ANM,WE,Combined TRACON& Tower with Radar,168,25,64,8,265,0,6,44,15,65,168,31,108,23,330,83,0,83,413
12/16/2022,BOI,ID,ANM,WE,Combined TRACON& Tower with Radar,162,24,75,2,263,0,2,29,11,42,162,26,104,13,305,16,0,16,321
12/17/2022,BOI,ID,ANM,WE,Combined TRACON& Tower with Radar,132,24,51,0,207,0,6,30,0,36,132,30,81,0,243,36,0,36,279
12/18/2022,BOI,ID,ANM,WE,Combined TRACON& Tower with Radar,153,17,40,0,210,0,4,72,0,76,153,21,112,0,286,50,0,50,336
12/19/2022,BOI,ID,ANM,WE,Combined TRACON& Tower with Radar,151,44,58,7,260,0,1,70,23,94,151,45,128,30,354,48,0,48,402
12/20/2022,BOI,ID,ANM,WE,Combined TRACON& Tower with Radar,147,36,67,1,251,0,5,48,23,76,147,41,115,24,327,14,2,16,343
12/21/2022,BOI,ID,ANM,WE,Combined TRACON& Tower with Radar,154,24,50,0,228,0,7,44,14,65,154,31,94,14,293,48,0,48,341
12/22/2022,BOI,ID,ANM,WE,Combined TRACON& Tower with Radar,160,36,50,0,246,0,9,63,22,94,160,45,113,22,340,20,0,20,360
12/23/2022,BOI,ID,ANM,WE,Combined TRACON& Tower with Radar,121,16,36,0,173,0,0,0,0,0,121,16,36,0,173,24,0,24,197
12/24/2022,BOI,ID,ANM,WE,Combined TRACON& Tower with Radar,91,24,24,0,139,0,1,0,0,1,91,25,24,0,140,0,0,0,140
12/25/2022,BOI,ID,ANM,WE,Combined TRACON& Tower with Radar,111,13,3,0,127,0,0,0,0,0,111,13,3,0,127,0,0,0,127
12/26/2022,BOI,ID,ANM,WE,Combined TRACON& Tower with Radar,105,20,31,0,156,0,0,1,0,1,105,20,32,0,157,0,0,0,157
12/27/2022,BOI,ID,ANM,WE,Combined TRACON& Tower with Radar,121,30,57,1,209,0,2,26,11,39,121,32,83,12,248,4,0,4,252
12/28/2022,BOI,ID,ANM,WE,Combined TRACON& Tower with Radar,134,32,65,6,237,0,7,50,28,85,134,39,115,34,322,56,0,56,378
12/29/2022,BOI,ID,ANM,WE,Combined TRACON& Tower with Radar,143,35,47,5,230,0,9,53,18,80,143,44,100,23,310,88,0,88,398
12/30/2022,BOI,ID,ANM,WE,Combined TRACON& Tower with Radar,153,26,20,0,199,0,0,4,0,4,153,26,24,0,203,8,0,8,211
12/31/2022,BOI,ID,ANM,WE,Combined TRACON& Tower with Radar,100,15,20,1,136,0,2,6,0,8,100,17,26,1,144,8,0,8,152
01/01/2023,BOI,ID,ANM,WE,Combined TRACON& Tower with Radar,131,23,40,0,194,0,6,32,0,38,131,29,72,0,232,26,0,26,258
01/02/2023,BOI,ID,ANM,WE,Combined TRACON& Tower with Radar,132,31,71,0,234,0,3,74,0,77,132,34,145,0,311,38,0,38,349
01/03/2023,BOI,ID,ANM,WE,Combined TRACON& Tower with Radar,142,23,60,0,225,0,7,77,20,104,142,30,137,20,329,82,2,84,413
01/04/2023,BOI,ID,ANM,WE,Combined TRACON& Tower with Radar,145,23,47,1,216,0,6,61,26,93,145,29,108,27,309,52,2,54,363
01/05/2023,BOI,ID,ANM,WE,Combined TRACON& Tower with Radar,161,21,48,4,234,0,2,26,17,45,161,23,74,21,279,22,0,22,301
01/06/2023,BOI,ID,ANM,WE,Combined TRACON& Tower with Radar,149,17,43,1,210,0,2,40,14,56,149,19,83,15,266,24,4,28,294
01/07/2023,BOI,ID,ANM,WE,Combined TRACON& Tower with Radar,120,16,44,3,183,0,4,65,20,89,120,20,109,23,272,32,0,32,304
01/08/2023,BOI,ID,ANM,WE,Combined TRACON& Tower with Radar,142,16,26,1,185,0,1,9,14,24,142,17,35,15,209,20,6,26,235
01/09/2023,BOI,ID,ANM,WE,Combined TRACON& Tower with Radar,144,19,40,0,203,0,5,7,5,17,144,24,47,5,220,24,0,24,244
01/10/2023,BOI,ID,ANM,WE,Combined TRACON& Tower with Radar,127,15,43,2,187,0,1,9,4,14,127,16,52,6,201,22,0,22,223
01/11/2023,BOI,ID,ANM,WE,Combined TRACON& Tower with Radar,124,26,65,1,216,0,5,69,39,113,124,31,134,40,329,16,0,16,345
01/12/2023,BOI,ID,ANM,WE,Combined TRACON& Tower with Radar,158,29,64,1,252,0,8,46,19,73,158,37,110,20,325,66,0,66,391
01/13/2023,BOI,ID,ANM,WE,Combined TRACON& Tower with Radar,151,29,74,1,255,0,7,100,10,117,151,36,174,11,372,70,2,72,444
01/14/2023,BOI,ID,ANM,WE,Combined TRACON& Tower with Radar,107,14,31,0,152,0,0,43,1,44,107,14,74,1,196,43,0,43,239
01/15/2023,BOI,ID,ANM,WE,Combined TRACON& Tower with Radar,137,16,39,1,193,0,3,62,2,67,137,19,101,3,260,76,0,76,336
01/16/2023,BOI,ID,ANM,WE,Combined TRACON& Tower with Radar,146,18,57,0,221,0,6,83,1,90,146,24,140,1,311,108,0,108,419
01/17/2023,BOI,ID,ANM,WE,Combined TRACON& Tower with Radar,135,13,49,27,224,0,10,69,25,104,135,23,118,52,328,52,0,52,380
01/18/2023,BOI,ID,ANM,WE,Combined TRACON& Tower with Radar,131,18,59,4,212,0,11,71,21,103,131,29,130,25,315,67,2,69,384
01/19/2023,BOI,ID,ANM,WE,Combined TRACON& Tower with Radar,161,37,49,1,248,0,2,18,5,25,161,39,67,6,273,0,0,0,273
01/20/2023,BOI,ID,ANM,WE,Combined TRACON& Tower with Radar,159,23,53,3,238,0,6,94,6,106,159,29,147,9,344,53,0,53,397
01/21/2023,BOI,ID,ANM,WE,Combined TRACON& Tower with Radar,110,14,37,1,162,0,8,78,0,86,110,22,115,1,248,50,0,50,298
01/22/2023,BOI,ID,ANM,WE,Combined TRACON& Tower with Radar,139,13,29,1,182,0,4,37,0,41,139,17,66,1,223,30,0,30,253
01/23/2023,BOI,ID,ANM,WE,Combined TRACON& Tower with Radar,147,22,51,9,229,0,11,53,24,88,147,33,104,33,317,78,18,96,413
01/24/2023,BOI,ID,ANM,WE,Combined TRACON& Tower with Radar,131,19,35,11,196,0,3,72,28,103,131,22,107,39,299,94,0,94,393
01/25/2023,BOI,ID,ANM,WE,Combined TRACON& Tower with Radar,139,26,69,23,257,0,3,56,25,84,139,29,125,48,341,69,0,69,410
01/26/2023,BOI,ID,ANM,WE,Combined TRACON& Tower with Radar,156,41,75,11,283,0,12,67,36,115,156,53,142,47,398,16,0,16,414
01/27/2023,BOI,ID,ANM,WE,Combined TRACON& Tower with Radar,158,35,62,5,260,0,1,48,2,51,158,36,110,7,311,25,0,25,336
01/28/2023,BOI,ID,ANM,WE,Combined TRACON& Tower with Radar,109,24,22,0,155,0,0,19,0,19,109,24,41,0,174,16,0,16,190
01/29/2023,BOI,ID,ANM,WE,Combined TRACON& Tower with Radar,136,5,31,0,172,0,2,33,0,35,136,7,64,0,207,18,0,18,225
01/30/2023,BOI,ID,ANM,WE,Combined TRACON& Tower with Radar,139,18,47,6,210,0,16,102,17,135,139,34,149,23,345,104,0,104,449
01/31/2023,BOI,ID,ANM,WE,Combined TRACON& Tower with Radar,132,18,46,5,201,0,5,59,7,71,132,23,105,12,272,54,2,56,328
02/01/2023,BOI,ID,ANM,WE,Combined TRACON& Tower with Radar,145,21,57,6,229,0,4,90,12,106,145,25,147,18,335,144,4,148,483
02/02/2023,BOI,ID,ANM,WE,Combined TRACON& Tower with Radar,156,25,71,2,254,0,5,77,12,94,156,30,148,14,348,51,4,55,403
02/03/2023,BOI,ID,ANM,WE,Combined TRACON& Tower with Radar,158,22,51,4,235,0,15,90,22,127,158,37,141,26,362,22,4,26,388
02/04/2023,BOI,ID,ANM,WE,Combined TRACON& Tower with Radar,123,15,29,0,167,0,12,102,11,125,123,27,131,11,292,78,0,78,370
02/05/2023,BOI,ID,ANM,WE,Combined TRACON& Tower with Radar,140,19,25,0,184,0,0,28,4,32,140,19,53,4,216,20,0,20,236
02/06/2023,BOI,ID,ANM,WE,Combined TRACON& Tower with Radar,154,27,37,3,221,0,2,56,14,72,154,29,93,17,293,42,2,44,337
02/07/2023,BOI,ID,ANM,WE,Combined TRACON& Tower with Radar,150,18,49,3,220,0,3,66,16,85,150,21,115,19,305,41,4,45,350
02/08/2023,BOI,ID,ANM,WE,Combined TRACON& Tower with Radar,152,17,58,10,237,0,4,77,27,108,152,21,135,37,345,59,0,59,404
02/09/2023,BOI,ID,ANM,WE,Combined TRACON& Tower with Radar,160,24,65,5,254,0,14,93,37,144,160,38,158,42,398,45,0,45,443
02/10/2023,BOI,ID,ANM,WE,Combined TRACON& Tower with Radar,157,21,59,3,240,0,3,83,12,98,157,24,142,15,338,32,0,32,370
02/11/2023,BOI,ID,ANM,WE,Combined TRACON& Tower with Radar,121,23,48,1,193,0,8,96,3,107,121,31,144,4,300,90,0,90,390
02/12/2023,BOI,ID,ANM,WE,Combined TRACON& Tower with Radar,135,25,33,1,194,0,7,80,0,87,135,32,113,1,281,82,0,82,363
02/13/2023,BOI,ID,ANM,WE,Combined TRACON& Tower with Radar,146,38,53,7,244,0,5,60,23,88,146,43,113,30,332,12,8,20,352
02/14/2023,BOI,ID,ANM,WE,Combined TRACON& Tower with Radar,143,21,46,4,214,0,13,33,33,79,143,34,79,37,293,36,2,38,331
02/15/2023,BOI,ID,ANM,WE,Combined TRACON& Tower with Radar,151,27,65,7,250,0,2,69,41,112,151,29,134,48,362,30,0,30,392
02/16/2023,BOI,ID,ANM,WE,Combined TRACON& Tower with Radar,160,33,78,3,274,0,12,99,33,144,160,45,177,36,418,25,0,25,443
02/17/2023,BOI,ID,ANM,WE,Combined TRACON& Tower with Radar,154,41,69,0,264,0,6,92,17,115,154,47,161,17,379,36,0,36,415
02/18/2023,BOI,ID,ANM,WE,Combined TRACON& Tower with Radar,124,30,35,0,189,0,14,65,1,80,124,44,100,1,269,27,0,27,296
02/19/2023,BOI,ID,ANM,WE,Combined TRACON& Tower with Radar,137,22,47,0,206,0,9,67,0,76,137,31,114,0,282,38,0,38,320
02/20/2023,BOI,ID,ANM,WE,Combined TRACON& Tower with Radar,148,25,61,0,234,0,4,65,0,69,148,29,126,0,303,80,0,80,383
02/21/2023,BOI,ID,ANM,WE,Combined TRACON& Tower with Radar,145,36,42,3,226,0,2,12,14,28,145,38,54,17,254,18,0,18,272
02/22/2023,BOI,ID,ANM,WE,Combined TRACON& Tower with Radar,148,28,50,11,237,0,2,41,15,58,148,30,91,26,295,18,2,20,315
02/23/2023,BOI,ID,ANM,WE,Combined TRACON& Tower with Radar,156,27,52,1,236,0,7,19,21,47,156,34,71,22,283,28,2,30,313
02/24/2023,BOI,ID,ANM,WE,Combined TRACON& Tower with Radar,148,32,58,5,243,0,10,99,9,118,148,42,157,14,361,40,6,46,407
02/25/2023,BOI,ID,ANM,WE,Combined TRACON& Tower with Radar,123,20,37,3,183,0,7,132,1,140,123,27,169,4,323,16,0,16,339
02/26/2023,BOI,ID,ANM,WE,Combined TRACON& Tower with Radar,148,15,30,4,197,0,0,23,0,23,148,15,53,4,220,22,0,22,242
02/27/2023,BOI,ID,ANM,WE,Combined TRACON& Tower with Radar,147,22,35,10,214,0,4,31,15,50,147,26,66,25,264,34,0,34,298
02/28/2023,BOI,ID,ANM,WE,Combined TRACON& Tower with Radar,143,20,47,4,214,0,3,32,7,42,143,23,79,11,256,18,2,20,276
03/01/2023,BOI,ID,ANM,WE,Combined TRACON& Tower with Radar,136,23,45,1,205,0,8,50,16,74,136,31,95,17,279,40,0,40,319
03/02/2023,BOI,ID,ANM,WE,Combined TRACON& Tower with Radar,154,18,68,3,243,0,9,69,25,103,154,27,137,28,346,144,0,144,490
03/03/2023,BOI,ID,ANM,WE,Combined TRACON& Tower with Radar,145,31,69,1,246,0,6,80,27,113,145,37,149,28,359,87,6,93,452
03/04/2023,BOI,ID,ANM,WE,Combined TRACON& Tower with Radar,111,22,39,4,176,0,4,25,32,61,111,26,64,36,237,8,6,14,251
03/05/2023,BOI,ID,ANM,WE,Combined TRACON& Tower with Radar,131,17,46,0,194,0,7,26,24,57,131,24,72,24,251,26,2,28,279
03/06/2023,BOI,ID,ANM,WE,Combined TRACON& Tower with Radar,146,32,42,1,221,0,7,34,9,50,146,39,76,10,271,56,0,56,327
03/07/2023,BOI,ID,ANM,WE,Combined TRACON& Tower with Radar,138,25,59,5,227,0,3,70,14,87,138,28,129,19,314,73,0,73,387
03/08/2023,BOI,ID,ANM,WE,Combined TRACON& Tower with Radar,139,27,59,9,234,0,2,28,14,44,139,29,87,23,278,18,8,26,304
03/09/2023,BOI,ID,ANM,WE,Combined TRACON& Tower with Radar,157,39,65,2,263,0,7,47,21,75,157,46,112,23,338,28,2,30,368
03/10/2023,BOI,ID,ANM,WE,Combined TRACON& Tower with Radar,158,42,38,0,238,0,2,9,6,17,158,44,47,6,255,3,1,4,259
03/11/2023,BOI,ID,ANM,WE,Combined TRACON& Tower with Radar,113,19,46,1,179,0,11,118,0,129,113,30,164,1,308,64,0,64,372
03/12/2023,BOI,ID,ANM,WE,Combined TRACON& Tower with Radar,135,24,23,0,182,0,13,41,8,62,135,37,64,8,244,80,0,80,324
03/13/2023,BOI,ID,ANM,WE,Combined TRACON& Tower with Radar,146,29,55,11,241,0,0,44,25,69,146,29,99,36,310,97,4,101,411
03/14/2023,BOI,ID,ANM,WE,Combined TRACON& Tower with Radar,133,28,45,2,208,0,4,15,6,25,133,32,60,8,233,52,0,52,285
03/15/2023,BOI,ID,ANM,WE,Combined TRACON& Tower with Radar,143,34,70,8,255,0,6,51,21,78,143,40,121,29,333,30,0,30,363
03/16/2023,BOI,ID,ANM,WE,Combined TRACON& Tower with Radar,154,32,65,9,260,0,10,138,27,175,154,42,203,36,435,76,0,76,511
03/17/2023,BOI,ID,ANM,WE,Combined TRACON& Tower with Radar,150,35,74,0,259,0,5,131,16,152,150,40,205,16,411,68,2,70,481
03/18/2023,BOI,ID,ANM,WE,Combined TRACON& Tower with Radar,115,13,43,2,173,0,12,84,12,108,115,25,127,14,281,47,0,47,328
03/19/2023,BOI,ID,ANM,WE,Combined TRACON& Tower with Radar,141,22,26,1,190,0,7,62,1,70,141,29,88,2,260,77,4,81,341
03/20/2023,BOI,ID,ANM,WE,Combined TRACON& Tower with Radar,144,29,43,2,218,0,0,10,5,15,144,29,53,7,233,4,0,4,237
03/21/2023,BOI,ID,ANM,WE,Combined TRACON& Tower with Radar,124,29,41,6,200,0,4,86,12,102,124,33,127,18,302,84,0,84,386
03/22/2023,BOI,ID,ANM,WE,Combined TRACON& Tower with Radar,141,29,69,2,241,0,10,73,14,97,141,39,142,16,338,124,0,124,462
03/23/2023,BOI,ID,ANM,WE,Combined TRACON& Tower with Radar,161,31,77,1,270,0,7,43,10,60,161,38,120,11,330,42,0,42,372
03/24/2023,BOI,ID,ANM,WE,Combined TRACON& Tower with Radar,149,26,53,1,229,0,1,32,1,34,149,27,85,2,263,70,0,70,333
03/25/2023,BOI,ID,ANM,WE,Combined TRACON& Tower with Radar,116,18,26,2,162,0,5,33,2,40,116,23,59,4,202,133,0,133,335
03/26/2023,BOI,ID,ANM,WE,Combined TRACON& Tower with Radar,142,34,51,2,229,0,9,60,0,69,142,43,111,2,298,24,0,24,322
03/27/2023,BOI,ID,ANM,WE,Combined TRACON& Tower with Radar,136,25,57,0,218,0,9,129,12,150,136,34,186,12,368,106,0,106,474
03/28/2023,BOI,ID,ANM,WE,Combined TRACON& Tower with Radar,129,21,46,6,202,0,3,14,12,29,129,24,60,18,231,16,0,16,247
03/29/2023,BOI,ID,ANM,WE,Combined TRACON& Tower with Radar,140,31,50,5,226,0,4,25,12,41,140,35,75,17,267,84,0,84,351
03/30/2023,BOI,ID,ANM,WE,Combined TRACON& Tower with Radar,157,26,56,1,240,0,0,3,6,9,157,26,59,7,249,0,0,0,249
03/31/2023,BOI,ID,ANM,WE,Combined TRACON& Tower with Radar,141,27,76,7,251,0,7,100,18,125,141,34,176,25,376,126,0,126,502
04/01/2023,BOI,ID,ANM,WE,Combined TRACON& Tower with Radar,120,19,30,0,169,0,1,17,13,31,120,20,47,13,200,32,2,34,234
04/02/2023,BOI,ID,ANM,WE,Combined TRACON& Tower with Radar,136,29,50,2,217,0,3,48,9,60,136,32,98,11,277,104,0,104,381
04/03/2023,BOI,ID,ANM,WE,Combined TRACON& Tower with Radar,140,24,40,4,208,0,6,40,13,59,140,30,80,17,267,40,0,40,307
04/04/2023,BOI,ID,ANM,WE,Combined TRACON& Tower with Radar,142,27,45,5,219,0,3,23,12,38,142,30,68,17,257,52,0,52,309
04/05/2023,BOI,ID,ANM,WE,Combined TRACON& Tower with Radar,134,23,73,12,242,0,6,137,18,161,134,29,210,30,403,128,13,141,544
04/06/2023,BOI,ID,ANM,WE,Combined TRACON& Tower with Radar,166,31,60,2,259,0,13,73,17,103,166,44,133,19,362,44,2,46,408
04/07/2023,BOI,ID,ANM,WE,Combined TRACON& Tower with Radar,155,32,53,3,243,0,6,36,7,49,155,38,89,10,292,14,0,14,306
04/08/2023,BOI,ID,ANM,WE,Combined TRACON& Tower with Radar,116,12,38,0,166,0,4,95,0,99,116,16,133,0,265,26,0,26,291
04/09/2023,BOI,ID,ANM,WE,Combined TRACON& Tower with Radar,142,22,42,0,206,0,10,71,0,81,142,32,113,0,287,143,0,143,430
04/10/2023,BOI,ID,ANM,WE,Combined TRACON& Tower with Radar,143,34,59,9,245,0,14,44,16,74,143,48,103,25,319,18,0,18,337
04/11/2023,BOI,ID,ANM,WE,Combined TRACON& Tower with Radar,137,22,53,14,226,0,9,60,13,82,137,31,113,27,308,22,8,30,338
04/12/2023,BOI,ID,ANM,WE,Combined TRACON& Tower with Radar,135,28,69,15,247,0,8,103,14,125,135,36,172,29,372,0,0,0,372
04/13/2023,BOI,ID,ANM,WE,Combined TRACON& Tower with Radar,162,38,62,2,264,0,9,84,9,102,162,47,146,11,366,108,12,120,486
04/14/2023,BOI,ID,ANM,WE,Combined TRACON& Tower with Radar,152,27,55,3,237,0,11,118,8,137,152,38,173,11,374,124,0,124,498
04/15/2023,BOI,ID,ANM,WE,Combined TRACON& Tower with Radar,118,23,37,4,182,0,11,107,8,126,118,34,144,12,308,62,0,62,370
04/16/2023,BOI,ID,ANM,WE,Combined TRACON& Tower with Radar,144,14,37,3,198,0,11,36,3,50,144,25,73,6,248,26,0,26,274
04/17/2023,BOI,ID,ANM,WE,Combined TRACON& Tower with Radar,147,23,58,3,231,0,14,62,21,97,147,37,120,24,328,96,2,98,426
04/18/2023,BOI,ID,ANM,WE,Combined TRACON& Tower with Radar,140,32,43,5,220,0,3,12,15,30,140,35,55,20,250,30,9,39,289
04/19/2023,BOI,ID,ANM,WE,Combined TRACON& Tower with Radar,146,31,76,6,259,0,4,79,36,119,146,35,155,42,378,76,0,76,454
04/20/2023,BOI,ID,ANM,WE,Combined TRACON& Tower with Radar,149,42,66,10,267,0,13,81,31,125,149,55,147,41,392,78,24,102,494
04/21/2023,BOI,ID,ANM,WE,Combined TRACON& Tower with Radar,154,43,60,4,261,0,13,39,9,61,154,56,99,13,322,3,0,3,325
04/22/2023,BOI,ID,ANM,WE,Combined TRACON& Tower with Radar,119,10,38,1,168,0,13,118,5,136,119,23,156,6,304,100,0,100,404
04/23/2023,BOI,ID,ANM,WE,Combined TRACON& Tower with Radar,148,25,48,1,222,0,4,60,3,67,148,29,108,4,289,56,0,56,345
04/24/2023,BOI,ID,ANM,WE,Combined TRACON& Tower with Radar,144,36,63,3,246,0,11,46,29,86,144,47,109,32,332,28,12,40,372
04/25/2023,BOI,ID,ANM,WE,Combined TRACON& Tower with Radar,136,36,40,5,217,0,12,105,27,144,136,48,145,32,361,74,2,76,437
04/26/2023,BOI,ID,ANM,WE,Combined TRACON& Tower with Radar,144,30,78,5,257,0,14,161,35,210,144,44,239,40,467,146,0,146,613
04/27/2023,BOI,ID,ANM,WE,Combined TRACON& Tower with Radar,159,28,70,10,267,0,8,77,31,116,159,36,147,41,383,54,2,56,439
04/28/2023,BOI,ID,ANM,WE,Combined TRACON& Tower with Radar,147,27,67,6,247,0,6,150,20,176,147,33,217,26,423,111,11,122,545
04/29/2023,BOI,ID,ANM,WE,Combined TRACON& Tower with Radar,127,21,53,7,208,0,10,110,3,123,127,31,163,10,331,118,0,118,449
04/30/2023,BOI,ID,ANM,WE,Combined TRACON& Tower with Radar,149,15,70,2,236,0,7,110,2,119,149,22,180,4,355,84,0,84,439
05/01/2023,BOI,ID,ANM,WE,Combined TRACON& Tower with Radar,146,24,53,13,236,0,17,78,11,106,146,41,131,24,342,74,0,74,416
05/02/2023,BOI,ID,ANM,WE,Combined TRACON& Tower with Radar,142,30,70,1,243,0,15,114,9,138,142,45,184,10,381,56,0,56,437
05/03/2023,BOI,ID,ANM,WE,Combined TRACON& Tower with Radar,148,37,61,1,247,0,18,102,10,130,148,55,163,11,377,51,0,51,428
05/04/2023,BOI,ID,ANM,WE,Combined TRACON& Tower with Radar,157,32,53,7,249,0,15,66,25,106,157,47,119,32,355,50,0,50,405
05/05/2023,BOI,ID,ANM,WE,Combined TRACON& Tower with Radar,153,34,47,3,237,0,6,24,10,40,153,40,71,13,277,16,4,20,297
05/06/2023,BOI,ID,ANM,WE,Combined TRACON& Tower with Radar,130,23,28,2,183,0,4,36,20,60,130,27,64,22,243,60,6,66,309
05/07/2023,BOI,ID,ANM,WE,Combined TRACON& Tower with Radar,144,18,25,3,190,0,1,32,14,47,144,19,57,17,237,112,8,120,357
05/08/2023,BOI,ID,ANM,WE,Combined TRACON& Tower with Radar,146,29,39,3,217,0,7,78,1,86,146,36,117,4,303,52,0,52,355
05/09/2023,BOI,ID,ANM,WE,Combined TRACON& Tower with Radar,146,33,51,6,236,2,9,109,12,132,148,42,160,18,368,132,12,144,512
05/10/2023,BOI,ID,ANM,WE,Combined TRACON& Tower with Radar,148,30,61,3,242,1,14,130,10,155,149,44,191,13,397,100,2,102,499
05/11/2023,BOI,ID,ANM,WE,Combined TRACON& Tower with Radar,162,28,60,8,258,0,20,129,10,159,162,48,189,18,417,0,0,0,417
05/12/2023,BOI,ID,ANM,WE,Combined TRACON& Tower with Radar,150,26,55,3,234,0,7,125,16,148,150,33,180,19,382,89,0,89,471
05/13/2023,BOI,ID,ANM,WE,Combined TRACON& Tower with Radar,127,14,28,3,172,0,7,111,0,118,127,21,139,3,290,88,0,88,378
05/14/2023,BOI,ID,ANM,WE,Combined TRACON& Tower with Radar,143,24,25,0,192,0,6,36,0,42,143,30,61,0,234,8,0,8,242
05/15/2023,BOI,ID,ANM,WE,Combined TRACON& Tower with Radar,149,30,61,6,246,0,5,79,10,94,149,35,140,16,340,70,0,70,410
05/16/2023,BOI,ID,ANM,WE,Combined TRACON& Tower with Radar,143,28,61,9,241,0,11,117,11,139,143,39,178,20,380,68,16,84,464
05/17/2023,BOI,ID,ANM,WE,Combined TRACON& Tower with Radar,146,22,70,8,246,0,10,107,13,130,146,32,177,21,376,143,23,166,542
05/18/2023,BOI,ID,ANM,WE,Combined TRACON& Tower with Radar,156,37,72,8,273,1,5,140,9,155,157,42,212,17,428,81,0,81,509
05/19/2023,BOI,ID,ANM,WE,Combined TRACON& Tower with Radar,155,34,50,0,239,0,11,97,1,109,155,45,147,1,348,203,0,203,551
05/20/2023,BOI,ID,ANM,WE,Combined TRACON& Tower with Radar,134,22,50,2,208,0,18,80,6,104,134,40,130,8,312,85,6,91,403
05/21/2023,BOI,ID,ANM,WE,Combined TRACON& Tower with Radar,148,17,34,0,199,0,16,81,2,99,148,33,115,2,298,100,0,100,398
05/22/2023,BOI,ID,ANM,WE,Combined TRACON& Tower with Radar,143,39,53,3,238,0,9,101,25,135,143,48,154,28,373,184,10,194,567
05/23/2023,BOI,ID,ANM,WE,Combined TRACON& Tower with Radar,150,30,51,1,232,0,17,110,31,158,150,47,161,32,390,106,0,106,496
05/24/2023,BOI,ID,ANM,WE,Combined TRACON& Tower with Radar,148,25,52,3,228,0,9,127,27,163,148,34,179,30,391,96,12,108,499
05/25/2023,BOI,ID,ANM,WE,Combined TRACON& Tower with Radar,160,32,41,3,236,0,17,102,26,145,160,49,143,29,381,66,0,66,447
05/26/2023,BOI,ID,ANM,WE,Combined TRACON& Tower with Radar,152,13,49,2,216,0,15,93,4,112,152,28,142,6,328,62,0,62,390
05/27/2023,BOI,ID,ANM,WE,Combined TRACON& Tower with Radar,127,20,18,0,165,0,13,71,2,86,127,33,89,2,251,80,0,80,331
05/28/2023,BOI,ID,ANM,WE,Combined TRACON& Tower with Radar,144,22,22,0,188,0,11,77,1,89,144,33,99,1,277,26,0,26,303
05/29/2023,BOI,ID,ANM,WE,Combined TRACON& Tower with Radar,141,23,38,0,202,0,8,117,2,127,141,31,155,2,329,78,8,86,415
05/30/2023,BOI,ID,ANM,WE,Combined TRACON& Tower with Radar,141,21,49,4,215,0,5,97,7,109,141,26,146,11,324,30,4,34,358
05/31/2023,BOI,ID,ANM,WE,Combined TRACON& Tower with Radar,151,26,38,1,216,0,7,79,14,100,151,33,117,15,316,30,2,32,348
06/01/2023,BOI,ID,ANM,WE,Combined TRACON& Tower with Radar,158,28,57,11,254,0,9,109,12,130,158,37,166,23,384,102,2,104,488
06/02/2023,BOI,ID,ANM,WE,Combined TRACON& Tower with Radar,157,18,47,9,231,0,12,128,4,144,157,30,175,13,375,44,0,44,419
06/03/2023,BOI,ID,ANM,WE,Combined TRACON& Tower with Radar,119,18,46,7,190,0,6,113,22,141,119,24,159,29,331,24,0,24,355
06/04/2023,BOI,ID,ANM,WE,Combined TRACON& Tower with Radar,144,19,35,5,203,0,8,99,9,116,144,27,134,14,319,56,0,56,375
06/05/2023,BOI,ID,ANM,WE,Combined TRACON& Tower with Radar,148,40,50,15,253,0,15,108,11,134,148,55,158,26,387,102,0,102,489
06/06/2023,BOI,ID,ANM,WE,Combined TRACON& Tower with Radar,148,25,43,11,227,0,14,100,12,126,148,39,143,23,353,24,22,46,399
06/07/2023,BOI,ID,ANM,WE,Combined TRACON& Tower with Radar,154,28,50,9,241,0,14,114,16,144,154,42,164,25,385,26,0,26,411
06/08/2023,BOI,ID,ANM,WE,Combined TRACON& Tower with Radar,166,29,55,10,260,0,11,82,13,106,166,40,137,23,366,78,4,82,448
06/09/2023,BOI,ID,ANM,WE,Combined TRACON& Tower with Radar,158,39,46,11,254,0,6,44,10,60,158,45,90,21,314,100,0,100,414
06/10/2023,BOI,ID,ANM,WE,Combined TRACON& Tower with Radar,127,23,38,4,192,0,13,84,18,115,127,36,122,22,307,172,2,174,481
06/11/2023,BOI,ID,ANM,WE,Combined TRACON& Tower with Radar,146,19,39,6,210,0,10,77,6,93,146,29,116,12,303,40,0,40,343
06/12/2023,BOI,ID,ANM,WE,Combined TRACON& Tower with Radar,150,21,41,9,221,0,9,105,30,144,150,30,146,39,365,8,0,8,373
06/13/2023,BOI,ID,ANM,WE,Combined TRACON& Tower with Radar,143,20,56,3,222,0,9,99,23,131,143,29,155,26,353,8,0,8,361
06/14/2023,BOI,ID,ANM,WE,Combined TRACON& Tower with Radar,150,23,59,4,236,0,5,119,20,144,150,28,178,24,380,26,0,26,406
06/15/2023,BOI,ID,ANM,WE,Combined TRACON& Tower with Radar,164,33,73,1,271,0,10,130,12,152,164,43,203,13,423,36,2,38,461
06/16/2023,BOI,ID,ANM,WE,Combined TRACON& Tower with Radar,164,29,77,4,274,0,11,131,6,148,164,40,208,10,422,41,4,45,467
06/17/2023,BOI,ID,ANM,WE,Combined TRACON& Tower with Radar,125,18,46,4,193,0,10,107,2,119,125,28,153,6,312,2,0,2,314
06/18/2023,BOI,ID,ANM,WE,Combined TRACON& Tower with Radar,149,19,38,1,207,0,14,72,1,87,149,33,110,2,294,6,0,6,300
06/19/2023,BOI,ID,ANM,WE,Combined TRACON& Tower with Radar,151,32,56,3,242,0,9,31,0,40,151,41,87,3,282,10,0,10,292
06/20/2023,BOI,ID,ANM,WE,Combined TRACON& Tower with Radar,149,18,63,3,233,0,10,93,8,111,149,28,156,11,344,10,0,10,354
06/21/2023,BOI,ID,ANM,WE,Combined TRACON& Tower with Radar,145,22,75,7,249,2,9,150,20,181,147,31,225,27,430,20,0,20,450
06/22/2023,BOI,ID,ANM,WE,Combined TRACON& Tower with Radar,163,28,56,3,250,0,5,136,13,154,163,33,192,16,404,30,2,32,436
06/23/2023,BOI,ID,ANM,WE,Combined TRACON& Tower with Radar,165,22,58,7,252,0,18,138,7,163,165,40,196,14,415,22,0,22,437
06/24/2023,BOI,ID,ANM,WE,Combined TRACON& Tower with Radar,114,25,40,6,185,0,10,125,0,135,114,35,165,6,320,5,0,5,325
06/25/2023,BOI,ID,ANM,WE,Combined TRACON& Tower with Radar,143,17,46,0,206,0,12,87,3,102,143,29,133,3,308,12,0,12,320
06/26/2023,BOI,ID,ANM,WE,Combined TRACON& Tower with Radar,143,34,46,6,229,0,8,120,22,150,143,42,166,28,379,2,2,4,383
06/27/2023,BOI,ID,ANM,WE,Combined TRACON& Tower with Radar,148,31,63,7,249,0,17,115,30,162,148,48,178,37,411,46,18,64,475
06/28/2023,BOI,ID,ANM,WE,Combined TRACON& Tower with Radar,145,39,57,3,244,2,13,109,23,147,147,52,166,26,391,0,0,0,391
06/29/2023,BOI,ID,ANM,WE,Combined TRACON& Tower with Radar,164,27,69,3,263,0,23,131,16,170,164,50,200,19,433,22,2,24,457
06/30/2023,BOI,ID,ANM,WE,Combined TRACON& Tower with Radar,165,29,76,6,276,0,26,155,5,186,165,55,231,11,462,10,0,10,472
07/01/2023,BOI,ID,ANM,WE,Combined TRACON& Tower with Radar,120,20,55,0,195,0,17,107,6,130,120,37,162,6,325,14,0,14,339
07/02/2023,BOI,ID,ANM,WE,Combined TRACON& Tower with Radar,143,26,29,1,199,0,20,90,0,110,143,46,119,1,309,0,0,0,309
07/03/2023,BOI,ID,ANM,WE,Combined TRACON& Tower with Radar,143,14,29,1,187,0,6,102,4,112,143,20,131,5,299,16,0,16,315
07/04/2023,BOI,ID,ANM,WE,Combined TRACON& Tower with Radar,124,14,13,1,152,0,7,84,6,97,124,21,97,7,249,16,0,16,265
07/05/2023,BOI,ID,ANM,WE,Combined TRACON& Tower with Radar,144,22,58,1,225,0,15,135,12,162,144,37,193,13,387,6,0,6,393
07/06/2023,BOI,ID,ANM,WE,Combined TRACON& Tower with Radar,163,27,56,5,251,1,15,114,17,147,164,42,170,22,398,26,0,26,424
07/07/2023,BOI,ID,ANM,WE,Combined TRACON& Tower with Radar,158,25,52,12,247,0,8,131,13,152,158,33,183,25,399,18,0,18,417
07/08/2023,BOI,ID,ANM,WE,Combined TRACON& Tower with Radar,122,15,40,4,181,0,7,93,12,112,122,22,133,16,293,8,0,8,301
07/09/2023,BOI,ID,ANM,WE,Combined TRACON& Tower with Radar,150,19,46,8,223,0,10,98,8,116,150,29,144,16,339,4,0,4,343
07/10/2023,BOI,ID,ANM,WE,Combined TRACON& Tower with Radar,151,26,42,7,226,0,21,104,38,163,151,47,146,45,389,8,0,8,397
07/11/2023,BOI,ID,ANM,WE,Combined TRACON& Tower with Radar,153,45,68,5,271,0,16,135,20,171,153,61,203,25,442,78,14,92,534
07/12/2023,BOI,ID,ANM,WE,Combined TRACON& Tower with Radar,152,22,60,11,245,0,9,140,11,160,152,31,200,22,405,32,0,32,437
07/13/2023,BOI,ID,ANM,WE,Combined TRACON& Tower with Radar,166,38,56,7,267,0,17,130,27,174,166,55,186,34,441,16,0,16,457
07/14/2023,BOI,ID,ANM,WE,Combined TRACON& Tower with Radar,167,20,55,6,248,0,6,129,9,144,167,26,184,15,392,0,0,0,392
07/15/2023,BOI,ID,ANM,WE,Combined TRACON& Tower with Radar,122,14,30,4,170,0,23,110,2,135,122,37,140,6,305,8,0,8,313
07/16/2023,BOI,ID,ANM,WE,Combined TRACON& Tower with Radar,153,16,50,6,225,0,10,98,2,110,153,26,148,8,335,2,0,2,337
07/17/2023,BOI,ID,ANM,WE,Combined TRACON& Tower with Radar,156,33,43,9,241,4,19,88,28,139,160,52,131,37,380,2,0,2,382
07/18/2023,BOI,ID,ANM,WE,Combined TRACON& Tower with Radar,148,25,62,8,243,6,3,128,41,178,154,28,190,49,421,14,0,14,435
07/19/2023,BOI,ID,ANM,WE,Combined TRACON& Tower with Radar,152,33,64,12,261,10,10,139,56,215,162,43,203,68,476,8,2,10,486
07/20/2023,BOI,ID,ANM,WE,Combined TRACON& Tower with Radar,164,35,55,14,268,0,8,127,17,152,164,43,182,31,420,42,1,43,463
07/21/2023,BOI,ID,ANM,WE,Combined TRACON& Tower with Radar,163,34,53,12,262,0,16,135,16,167,163,50,188,28,429,26,0,26,455
07/22/2023,BOI,ID,ANM,WE,Combined TRACON& Tower with Radar,121,23,31,1,176,0,12,128,9,149,121,35,159,10,325,10,0,10,335
07/23/2023,BOI,ID,ANM,WE,Combined TRACON& Tower with Radar,149,23,37,4,213,0,19,100,1,120,149,42,137,5,333,20,2,22,355
07/24/2023,BOI,ID,ANM,WE,Combined TRACON& Tower with Radar,159,30,51,4,244,0,9,89,16,114,159,39,140,20,358,12,0,12,370
07/25/2023,BOI,ID,ANM,WE,Combined TRACON& Tower with Radar,151,30,58,11,250,1,4,135,30,170,152,34,193,41,420,26,6,32,452
07/26/2023,BOI,ID,ANM,WE,Combined TRACON& Tower with Radar,155,24,41,10,230,0,16,120,20,156,155,40,161,30,386,24,0,24,410
07/27/2023,BOI,ID,ANM,WE,Combined TRACON& Tower with Radar,169,30,63,10,272,0,14,106,21,141,169,44,169,31,413,14,4,18,431
07/28/2023,BOI,ID,ANM,WE,Combined TRACON& Tower with Radar,159,19,57,7,242,0,12,111,16,139,159,31,168,23,381,52,0,52,433
07/29/2023,BOI,ID,ANM,WE,Combined TRACON& Tower with Radar,122,17,35,4,178,0,12,105,3,120,122,29,140,7,298,10,2,12,310
07/30/2023,BOI,ID,ANM,WE,Combined TRACON& Tower with Radar,151,15,33,3,202,1,6,110,3,120,152,21,143,6,322,2,0,2,324
07/31/2023,BOI,ID,ANM,WE,Combined TRACON& Tower with Radar,158,29,45,6,238,0,4,111,19,134,158,33,156,25,372,50,0,50,422
08/01/2023,BOI,ID,ANM,WE,Combined TRACON& Tower with Radar,152,25,52,8,237,3,6,77,27,113,155,31,129,35,350,20,0,20,370
08/02/2023,BOI,ID,ANM,WE,Combined TRACON& Tower with Radar,166,23,49,7,245,0,10,82,13,105,166,33,131,20,350,48,0,48,398
08/03/2023,BOI,ID,ANM,WE,Combined TRACON& Tower with Radar,172,21,58,8,259,0,14,91,20,125,172,35,149,28,384,12,0,12,396
08/04/2023,BOI,ID,ANM,WE,Combined TRACON& Tower with Radar,167,27,47,4,245,0,15,100,11,126,167,42,147,15,371,0,0,0,371
08/05/2023,BOI,ID,ANM,WE,Combined TRACON& Tower with Radar,123,21,36,2,182,0,17,105,8,130,123,38,141,10,312,12,0,12,324
08/06/2023,BOI,ID,ANM,WE,Combined TRACON& Tower with Radar,157,23,32,6,218,0,10,64,0,74,157,33,96,6,292,14,0,14,306
08/07/2023,BOI,ID,ANM,WE,Combined TRACON& Tower with Radar,155,25,54,9,243,0,4,101,16,121,155,29,155,25,364,18,0,18,382
08/08/2023,BOI,ID,ANM,WE,Combined TRACON& Tower with Radar,162,18,66,3,249,0,1,101,27,129,162,19,167,30,378,34,0,34,412
08/09/2023,BOI,ID,ANM,WE,Combined TRACON& Tower with Radar,151,29,55,3,238,1,6,127,18,152,152,35,182,21,390,18,0,18,408
08/10/2023,BOI,ID,ANM,WE,Combined TRACON& Tower with Radar,169,31,73,10,283,0,11,119,16,146,169,42,192,26,429,16,0,16,445
08/11/2023,BOI,ID,ANM,WE,Combined TRACON& Tower with Radar,165,23,58,2,248,0,10,133,5,148,165,33,191,7,396,6,0,6,402
08/12/2023,BOI,ID,ANM,WE,Combined TRACON& Tower with Radar,124,18,23,3,168,0,10,122,2,134,124,28,145,5,302,28,0,28,330
08/13/2023,BOI,ID,ANM,WE,Combined TRACON& Tower with Radar,154,21,46,3,224,0,4,94,0,98,154,25,140,3,322,2,0,2,324
08/14/2023,BOI,ID,ANM,WE,Combined TRACON& Tower with Radar,162,28,62,12,264,0,13,109,15,137,162,41,171,27,401,18,0,18,419
08/15/2023,BOI,ID,ANM,WE,Combined TRACON& Tower with Radar,149,38,62,10,259,0,19,126,18,163,149,57,188,28,422,0,0,0,422
08/16/2023,BOI,ID,ANM,WE,Combined TRACON& Tower with Radar,151,31,60,12,254,3,11,89,28,131,154,42,149,40,385,30,0,30,415
08/17/2023,BOI,ID,ANM,WE,Combined TRACON& Tower with Radar,170,42,81,14,307,6,7,114,55,182,176,49,195,69,489,10,0,10,499
08/18/2023,BOI,ID,ANM,WE,Combined TRACON& Tower with Radar,163,31,65,15,274,8,14,100,31,153,171,45,165,46,427,0,0,0,427
08/19/2023,BOI,ID,ANM,WE,Combined TRACON& Tower with Radar,127,20,38,5,190,1,6,101,16,124,128,26,139,21,314,12,0,12,326
08/20/2023,BOI,ID,ANM,WE,Combined TRACON& Tower with Radar,147,27,58,5,237,9,2,19,11,41,156,29,77,16,278,4,0,4,282
08/21/2023,BOI,ID,ANM,WE,Combined TRACON& Tower with Radar,154,24,52,3,233,0,5,21,17,43,154,29,73,20,276,8,0,8,284
08/22/2023,BOI,ID,ANM,WE,Combined TRACON& Tower with Radar,153,35,82,8,278,0,11,84,11,106,153,46,166,19,384,54,0,54,438
08/23/2023,BOI,ID,ANM,WE,Combined TRACON& Tower with Radar,151,24,80,10,265,0,7,137,8,152,151,31,217,18,417,30,0,30,447
08/24/2023,BOI,ID,ANM,WE,Combined TRACON& Tower with Radar,163,41,87,13,304,0,17,125,16,158,163,58,212,29,462,20,0,20,482
08/25/2023,BOI,ID,ANM,WE,Combined TRACON& Tower with Radar,148,18,34,7,207,0,10,54,6,70,148,28,88,13,277,32,0,32,309
08/26/2023,BOI,ID,ANM,WE,Combined TRACON& Tower with Radar,110,14,15,6,145,0,13,36,8,57,110,27,51,14,202,0,0,0,202
08/27/2023,BOI,ID,ANM,WE,Combined TRACON& Tower with Radar,143,16,36,3,198,0,16,61,6,83,143,32,97,9,281,26,0,26,307
08/28/2023,BOI,ID,ANM,WE,Combined TRACON& Tower with Radar,155,31,58,23,267,0,9,129,3,141,155,40,187,26,408,84,0,84,492
08/29/2023,BOI,ID,ANM,WE,Combined TRACON& Tower with Radar,157,27,42,9,235,0,9,64,17,90,157,36,106,26,325,34,4,38,363
08/30/2023,BOI,ID,ANM,WE,Combined TRACON& Tower with Radar,151,25,54,10,240,0,9,119,25,153,151,34,173,35,393,106,0,106,499
08/31/2023,BOI,ID,ANM,WE,Combined TRACON& Tower with Radar,164,36,87,22,309,0,8,139,16,163,164,44,226,38,472,76,30,106,578
01/01/2020,BOI,ID,ANM,WE,Combined TRACON& Tower with Radar,125,25,21,0,171,0,5,9,0,14,125,30,30,0,185,26,0,26,211
01/02/2020,BOI,ID,ANM,WE,Combined TRACON& Tower with Radar,149,33,44,3,229,0,8,45,10,63,149,41,89,13,292,36,4,40,332
01/03/2020,BOI,ID,ANM,WE,Combined TRACON& Tower with Radar,155,33,41,7,236,0,7,78,10,95,155,40,119,17,331,48,0,48,379
01/04/2020,BOI,ID,ANM,WE,Combined TRACON& Tower with Radar,133,29,26,1,189,0,2,35,2,39,133,31,61,3,228,68,0,68,296
01/05/2020,BOI,ID,ANM,WE,Combined TRACON& Tower with Radar,127,24,29,0,180,0,7,12,0,19,127,31,41,0,199,70,0,70,269
01/06/2020,BOI,ID,ANM,WE,Combined TRACON& Tower with Radar,145,31,63,27,266,0,3,30,7,40,145,34,93,34,306,55,0,55,361
01/07/2020,BOI,ID,ANM,WE,Combined TRACON& Tower with Radar,137,23,76,15,251,0,16,95,27,138,137,39,171,42,389,72,14,86,475
01/08/2020,BOI,ID,ANM,WE,Combined TRACON& Tower with Radar,137,23,52,8,220,0,4,27,20,51,137,27,79,28,271,20,10,30,301
01/09/2020,BOI,ID,ANM,WE,Combined TRACON& Tower with Radar,142,31,44,33,250,0,6,14,19,39,142,37,58,52,289,0,0,0,289
01/10/2020,BOI,ID,ANM,WE,Combined TRACON& Tower with Radar,144,33,57,9,243,0,9,39,8,56,144,42,96,17,299,40,8,48,347
01/11/2020,BOI,ID,ANM,WE,Combined TRACON& Tower with Radar,107,21,32,6,166,0,0,2,4,6,107,21,34,10,172,0,0,0,172
01/12/2020,BOI,ID,ANM,WE,Combined TRACON& Tower with Radar,131,19,18,0,168,0,0,2,0,2,131,19,20,0,170,0,0,0,170
01/13/2020,BOI,ID,ANM,WE,Combined TRACON& Tower with Radar,136,39,62,4,241,0,4,22,2,28,136,43,84,6,269,50,0,50,319
01/14/2020,BOI,ID,ANM,WE,Combined TRACON& Tower with Radar,143,28,39,7,217,0,4,21,5,30,143,32,60,12,247,40,2,42,289
01/15/2020,BOI,ID,ANM,WE,Combined TRACON& Tower with Radar,135,31,68,10,244,0,7,46,19,72,135,38,114,29,316,30,4,34,350
01/16/2020,BOI,ID,ANM,WE,Combined TRACON& Tower with Radar,141,35,65,10,251,0,4,27,18,49,141,39,92,28,300,12,8,20,320
01/17/2020,BOI,ID,ANM,WE,Combined TRACON& Tower with Radar,144,26,61,10,241,0,13,77,11,101,144,39,138,21,342,78,16,94,436
01/18/2020,BOI,ID,ANM,WE,Combined TRACON& Tower with Radar,102,23,39,2,166,0,4,66,2,72,102,27,105,4,238,0,0,0,238
01/19/2020,BOI,ID,ANM,WE,Combined TRACON& Tower with Radar,117,17,38,0,172,0,9,86,0,95,117,26,124,0,267,70,0,70,337
01/20/2020,BOI,ID,ANM,WE,Combined TRACON& Tower with Radar,138,33,64,0,235,0,16,94,0,110,138,49,158,0,345,106,0,106,451
01/21/2020,BOI,ID,ANM,WE,Combined TRACON& Tower with Radar,131,28,87,12,258,0,2,61,7,70,131,30,148,19,328,107,0,107,435
01/22/2020,BOI,ID,ANM,WE,Combined TRACON& Tower with Radar,137,29,66,8,240,0,0,57,11,68,137,29,123,19,308,78,4,82,390
01/23/2020,BOI,ID,ANM,WE,Combined TRACON& Tower with Radar,144,31,79,13,267,0,6,61,10,77,144,37,140,23,344,80,4,84,428
01/24/2020,BOI,ID,ANM,WE,Combined TRACON& Tower with Radar,144,32,53,6,235,0,2,32,7,41,144,34,85,13,276,76,0,76,352
01/25/2020,BOI,ID,ANM,WE,Combined TRACON& Tower with Radar,105,24,29,9,167,0,1,9,0,10,105,25,38,9,177,18,0,18,195
01/26/2020,BOI,ID,ANM,WE,Combined TRACON& Tower with Radar,126,20,29,0,175,0,0,6,0,6,126,20,35,0,181,0,0,0,181
01/27/2020,BOI,ID,ANM,WE,Combined TRACON& Tower with Radar,136,28,71,17,252,0,8,55,15,78,136,36,126,32,330,52,0,52,382
01/28/2020,BOI,ID,ANM,WE,Combined TRACON& Tower with Radar,138,27,51,12,228,0,2,19,20,41,138,29,70,32,269,0,22,22,291
01/29/2020,BOI,ID,ANM,WE,Combined TRACON& Tower with Radar,137,29,71,10,247,0,1,46,22,69,137,30,117,32,316,74,26,100,416
01/30/2020,BOI,ID,ANM,WE,Combined TRACON& Tower with Radar,140,35,91,13,279,0,1,16,15,32,140,36,107,28,311,86,4,90,401
01/31/2020,BOI,ID,ANM,WE,Combined TRACON& Tower with Radar,143,32,68,0,243,0,15,84,0,99,143,47,152,0,342,130,0,130,472
02/01/2020,BOI,ID,ANM,WE,Combined TRACON& Tower with Radar,101,25,44,3,173,0,8,73,0,81,101,33,117,3,254,78,0,78,332
02/02/2020,BOI,ID,ANM,WE,Combined TRACON& Tower with Radar,126,22,24,0,172,0,12,7,0,19,126,34,31,0,191,0,0,0,191
02/03/2020,BOI,ID,ANM,WE,Combined TRACON& Tower with Radar,137,20,66,24,247,0,16,13,4,33,137,36,79,28,280,10,0,10,290
02/04/2020,BOI,ID,ANM,WE,Combined TRACON& Tower with Radar,136,33,76,8,253,0,17,116,26,159,136,50,192,34,412,84,10,94,506
02/05/2020,BOI,ID,ANM,WE,Combined TRACON& Tower with Radar,139,37,52,0,228,0,0,0,0,0,139,37,52,0,228,0,0,0,228
02/06/2020,BOI,ID,ANM,WE,Combined TRACON& Tower with Radar,151,34,70,9,264,0,5,9,22,36,151,39,79,31,300,4,4,8,308
02/07/2020,BOI,ID,ANM,WE,Combined TRACON& Tower with Radar,142,33,50,11,236,0,11,43,12,66,142,44,93,23,302,34,0,34,336
02/08/2020,BOI,ID,ANM,WE,Combined TRACON& Tower with Radar,110,32,27,8,177,0,5,30,28,63,110,37,57,36,240,62,4,66,306
02/09/2020,BOI,ID,ANM,WE,Combined TRACON& Tower with Radar,132,16,31,10,189,0,7,93,16,116,132,23,124,26,305,54,0,54,359
02/10/2020,BOI,ID,ANM,WE,Combined TRACON& Tower with Radar,134,30,61,2,227,0,13,85,2,100,134,43,146,4,327,66,2,68,395
02/11/2020,BOI,ID,ANM,WE,Combined TRACON& Tower with Radar,131,27,69,24,251,0,11,90,18,119,131,38,159,42,370,82,36,118,488
02/12/2020,BOI,ID,ANM,WE,Combined TRACON& Tower with Radar,139,28,80,15,262,0,14,106,20,140,139,42,186,35,402,104,18,122,524
02/13/2020,BOI,ID,ANM,WE,Combined TRACON& Tower with Radar,144,31,78,14,267,0,20,100,21,141,144,51,178,35,408,52,12,64,472
02/14/2020,BOI,ID,ANM,WE,Combined TRACON& Tower with Radar,150,34,46,5,235,0,19,46,7,72,150,53,92,12,307,19,4,23,330
02/15/2020,BOI,ID,ANM,WE,Combined TRACON& Tower with Radar,107,26,31,0,164,0,10,43,2,55,107,36,74,2,219,38,0,38,257
02/16/2020,BOI,ID,ANM,WE,Combined TRACON& Tower with Radar,120,22,14,0,156,0,8,3,1,12,120,30,17,1,168,0,0,0,168
02/17/2020,BOI,ID,ANM,WE,Combined TRACON& Tower with Radar,139,41,46,1,227,0,12,59,2,73,139,53,105,3,300,69,0,69,369
02/18/2020,BOI,ID,ANM,WE,Combined TRACON& Tower with Radar,139,27,72,21,259,0,9,108,15,132,139,36,180,36,391,86,0,86,477
02/19/2020,BOI,ID,ANM,WE,Combined TRACON& Tower with Radar,135,37,73,27,272,0,14,116,18,148,135,51,189,45,420,140,0,140,560
02/20/2020,BOI,ID,ANM,WE,Combined TRACON& Tower with Radar,143,35,72,12,262,0,20,89,15,124,143,55,161,27,386,78,0,78,464
02/21/2020,BOI,ID,ANM,WE,Combined TRACON& Tower with Radar,144,29,52,7,232,0,14,98,10,122,144,43,150,17,354,108,6,114,468
02/22/2020,BOI,ID,ANM,WE,Combined TRACON& Tower with Radar,115,20,37,6,178,0,14,110,10,134,115,34,147,16,312,66,0,66,378
02/23/2020,BOI,ID,ANM,WE,Combined TRACON& Tower with Radar,129,22,38,6,195,0,6,36,2,44,129,28,74,8,239,26,0,26,265
02/24/2020,BOI,ID,ANM,WE,Combined TRACON& Tower with Radar,140,30,57,6,233,0,9,75,0,84,140,39,132,6,317,74,0,74,391
02/25/2020,BOI,ID,ANM,WE,Combined TRACON& Tower with Radar,141,29,68,7,245,0,4,97,22,123,141,33,165,29,368,76,0,76,444
02/26/2020,BOI,ID,ANM,WE,Combined TRACON& Tower with Radar,137,37,96,32,302,0,5,122,25,152,137,42,218,57,454,95,12,107,561
02/27/2020,BOI,ID,ANM,WE,Combined TRACON& Tower with Radar,145,36,87,13,281,0,13,101,22,136,145,49,188,35,417,110,4,114,531
02/28/2020,BOI,ID,ANM,WE,Combined TRACON& Tower with Radar,146,40,74,12,272,0,10,70,7,87,146,50,144,19,359,30,6,36,395
02/29/2020,BOI,ID,ANM,WE,Combined TRACON& Tower with Radar,111,20,25,2,158,0,8,50,0,58,111,28,75,2,216,40,0,40,256
03/01/2020,BOI,ID,ANM,WE,Combined TRACON& Tower with Radar,131,24,40,1,196,0,6,29,1,36,131,30,69,2,232,30,0,30,262
03/02/2020,BOI,ID,ANM,WE,Combined TRACON& Tower with Radar,139,28,40,31,238,0,9,56,6,71,139,37,96,37,309,74,0,74,383
03/03/2020,BOI,ID,ANM,WE,Combined TRACON& Tower with Radar,143,26,55,29,253,0,5,61,19,85,143,31,116,48,338,66,50,116,454
03/04/2020,BOI,ID,ANM,WE,Combined TRACON& Tower with Radar,139,30,65,35,269,0,12,84,29,125,139,42,149,64,394,86,42,128,522
03/05/2020,BOI,ID,ANM,WE,Combined TRACON& Tower with Radar,150,32,70,9,261,0,5,100,22,127,150,37,170,31,388,78,6,84,472
03/06/2020,BOI,ID,ANM,WE,Combined TRACON& Tower with Radar,149,25,64,15,253,0,14,71,11,96,149,39,135,26,349,62,36,98,447
03/07/2020,BOI,ID,ANM,WE,Combined TRACON& Tower with Radar,115,21,33,14,183,0,3,13,23,39,115,24,46,37,222,0,0,0,222
03/08/2020,BOI,ID,ANM,WE,Combined TRACON& Tower with Radar,133,29,36,3,201,0,12,87,15,114,133,41,123,18,315,68,2,70,385
03/09/2020,BOI,ID,ANM,WE,Combined TRACON& Tower with Radar,149,34,56,7,246,0,17,68,3,88,149,51,124,10,334,134,2,136,470
03/10/2020,BOI,ID,ANM,WE,Combined TRACON& Tower with Radar,145,33,70,1,249,0,17,109,10,136,145,50,179,11,385,102,2,104,489
03/11/2020,BOI,ID,ANM,WE,Combined TRACON& Tower with Radar,147,20,60,25,252,0,9,101,19,129,147,29,161,44,381,94,10,104,485
03/12/2020,BOI,ID,ANM,WE,Combined TRACON& Tower with Radar,155,31,50,12,248,0,12,63,15,90,155,43,113,27,338,30,12,42,380
03/13/2020,BOI,ID,ANM,WE,Combined TRACON& Tower with Radar,148,22,61,15,246,0,17,71,12,100,148,39,132,27,346,50,10,60,406
03/14/2020,BOI,ID,ANM,WE,Combined TRACON& Tower with Radar,120,23,27,0,170,0,5,17,0,22,120,28,44,0,192,34,0,34,226
03/15/2020,BOI,ID,ANM,WE,Combined TRACON& Tower with Radar,139,24,47,1,211,0,2,21,1,24,139,26,68,2,235,8,0,8,243
03/16/2020,BOI,ID,ANM,WE,Combined TRACON& Tower with Radar,145,33,48,11,237,0,11,58,8,77,145,44,106,19,314,79,3,82,396
03/17/2020,BOI,ID,ANM,WE,Combined TRACON& Tower with Radar,145,30,47,10,232,0,6,52,10,68,145,36,99,20,300,34,0,34,334
03/18/2020,BOI,ID,ANM,WE,Combined TRACON& Tower with Radar,142,32,37,13,224,0,6,56,9,71,142,38,93,22,295,60,0,60,355
03/19/2020,BOI,ID,ANM,WE,Combined TRACON& Tower with Radar,152,22,34,11,219,0,8,66,17,91,152,30,100,28,310,64,0,64,374
03/20/2020,BOI,ID,ANM,WE,Combined TRACON& Tower with Radar,133,19,52,1,205,0,7,82,2,91,133,26,134,3,296,56,0,56,352
03/21/2020,BOI,ID,ANM,WE,Combined TRACON& Tower with Radar,100,26,26,0,152,0,14,85,0,99,100,40,111,0,251,52,0,52,303
03/22/2020,BOI,ID,ANM,WE,Combined TRACON& Tower with Radar,101,13,20,0,134,0,9,76,0,85,101,22,96,0,219,38,0,38,257
03/23/2020,BOI,ID,ANM,WE,Combined TRACON& Tower with Radar,125,21,16,4,166,0,5,34,1,40,125,26,50,5,206,52,0,52,258
03/24/2020,BOI,ID,ANM,WE,Combined TRACON& Tower with Radar,110,17,22,10,159,0,6,31,8,45,110,23,53,18,204,60,2,62,266
03/25/2020,BOI,ID,ANM,WE,Combined TRACON& Tower with Radar,104,16,21,8,149,0,2,30,8,40,104,18,51,16,189,42,0,42,231
03/26/2020,BOI,ID,ANM,WE,Combined TRACON& Tower with Radar,105,21,20,4,150,0,2,38,11,51,105,23,58,15,201,32,2,34,235
03/27/2020,BOI,ID,ANM,WE,Combined TRACON& Tower with Radar,92,15,18,0,125,1,3,25,1,30,93,18,43,1,155,22,0,22,177
03/28/2020,BOI,ID,ANM,WE,Combined TRACON& Tower with Radar,88,13,10,0,111,0,0,52,0,52,88,13,62,0,163,20,0,20,183
03/29/2020,BOI,ID,ANM,WE,Combined TRACON& Tower with Radar,96,11,11,0,118,0,0,6,0,6,96,11,17,0,124,4,0,4,128
03/30/2020,BOI,ID,ANM,WE,Combined TRACON& Tower with Radar,85,9,20,0,114,0,7,12,2,21,85,16,32,2,135,19,0,19,154
03/31/2020,BOI,ID,ANM,WE,Combined TRACON& Tower with Radar,98,17,14,2,131,0,8,3,2,13,98,25,17,4,144,0,0,0,144
04/01/2020,BOI,ID,ANM,WE,Combined TRACON& Tower with Radar,89,12,15,1,117,0,4,39,4,47,89,16,54,5,164,25,0,25,189
04/02/2020,BOI,ID,ANM,WE,Combined TRACON& Tower with Radar,83,15,21,15,134,0,9,55,1,65,83,24,76,16,199,20,2,22,221
04/03/2020,BOI,ID,ANM,WE,Combined TRACON& Tower with Radar,72,12,22,1,107,0,11,34,1,46,72,23,56,2,153,30,0,30,183
04/04/2020,BOI,ID,ANM,WE,Combined TRACON& Tower with Radar,59,8,9,1,77,0,6,24,0,30,59,14,33,1,107,0,0,0,107
04/05/2020,BOI,ID,ANM,WE,Combined TRACON& Tower with Radar,57,8,8,0,73,0,4,11,0,15,57,12,19,0,88,8,0,8,96
04/06/2020,BOI,ID,ANM,WE,Combined TRACON& Tower with Radar,66,11,17,0,94,0,5,29,2,36,66,16,46,2,130,38,0,38,168
04/07/2020,BOI,ID,ANM,WE,Combined TRACON& Tower with Radar,65,9,15,7,96,0,6,53,5,64,65,15,68,12,160,22,0,22,182
04/08/2020,BOI,ID,ANM,WE,Combined TRACON& Tower with Radar,76,8,18,5,107,0,11,75,10,96,76,19,93,15,203,44,0,44,247
04/09/2020,BOI,ID,ANM,WE,Combined TRACON& Tower with Radar,73,6,26,4,109,0,6,71,9,86,73,12,97,13,195,36,12,48,243
04/10/2020,BOI,ID,ANM,WE,Combined TRACON& Tower with Radar,63,9,19,0,91,0,2,65,1,68,63,11,84,1,159,14,0,14,173
04/11/2020,BOI,ID,ANM,WE,Combined TRACON& Tower with Radar,51,3,11,0,65,0,4,14,0,18,51,7,25,0,83,10,0,10,93
04/12/2020,BOI,ID,ANM,WE,Combined TRACON& Tower with Radar,39,2,5,0,46,0,3,17,0,20,39,5,22,0,66,18,0,18,84
04/13/2020,BOI,ID,ANM,WE,Combined TRACON& Tower with Radar,56,18,13,8,95,0,6,40,7,53,56,24,53,15,148,26,0,26,174
04/14/2020,BOI,ID,ANM,WE,Combined TRACON& Tower with Radar,57,7,18,5,87,0,7,42,6,55,57,14,60,11,142,24,2,26,168
04/15/2020,BOI,ID,ANM,WE,Combined TRACON& Tower with Radar,52,9,24,7,92,0,3,16,3,22,52,12,40,10,114,12,0,12,126
04/16/2020,BOI,ID,ANM,WE,Combined TRACON& Tower with Radar,45,14,22,4,85,0,0,51,4,55,45,14,73,8,140,48,0,48,188
04/17/2020,BOI,ID,ANM,WE,Combined TRACON& Tower with Radar,45,9,24,4,82,0,8,90,10,108,45,17,114,14,190,58,4,62,252
04/18/2020,BOI,ID,ANM,WE,Combined TRACON& Tower with Radar,37,4,27,0,68,0,10,76,0,86,37,14,103,0,154,48,0,48,202
04/19/2020,BOI,ID,ANM,WE,Combined TRACON& Tower with Radar,35,4,13,0,52,0,9,52,0,61,35,13,65,0,113,12,0,12,125
04/20/2020,BOI,ID,ANM,WE,Combined TRACON& Tower with Radar,41,10,19,0,70,0,14,61,2,77,41,24,80,2,147,60,0,60,207
04/21/2020,BOI,ID,ANM,WE,Combined TRACON& Tower with Radar,44,15,21,2,82,0,10,53,2,65,44,25,74,4,147,62,0,62,209
04/22/2020,BOI,ID,ANM,WE,Combined TRACON& Tower with Radar,46,13,26,1,86,0,10,58,0,68,46,23,84,1,154,36,0,36,190
04/23/2020,BOI,ID,ANM,WE,Combined TRACON& Tower with Radar,53,12,18,1,84,0,7,12,0,19,53,19,30,1,103,22,2,24,127
04/24/2020,BOI,ID,ANM,WE,Combined TRACON& Tower with Radar,42,7,32,2,83,0,9,76,3,88,42,16,108,5,171,30,0,30,201
04/25/2020,BOI,ID,ANM,WE,Combined TRACON& Tower with Radar,38,5,14,0,57,0,10,44,0,54,38,15,58,0,111,16,0,16,127
04/26/2020,BOI,ID,ANM,WE,Combined TRACON& Tower with Radar,33,7,34,0,74,0,4,60,0,64,33,11,94,0,138,21,0,21,159
04/27/2020,BOI,ID,ANM,WE,Combined TRACON& Tower with Radar,38,12,19,9,78,0,4,26,4,34,38,16,45,13,112,12,4,16,128
04/28/2020,BOI,ID,ANM,WE,Combined TRACON& Tower with Radar,44,10,24,5,83,0,3,52,18,73,44,13,76,23,156,22,0,22,178
04/29/2020,BOI,ID,ANM,WE,Combined TRACON& Tower with Radar,47,11,23,10,91,0,9,54,3,66,47,20,77,13,157,22,0,22,179
04/30/2020,BOI,ID,ANM,WE,Combined TRACON& Tower with Radar,53,16,26,7,102,0,2,32,15,49,53,18,58,22,151,30,8,38,189
05/01/2020,BOI,ID,ANM,WE,Combined TRACON& Tower with Radar,46,10,31,6,93,0,7,88,8,103,46,17,119,14,196,20,0,20,216
05/02/2020,BOI,ID,ANM,WE,Combined TRACON& Tower with Radar,37,11,8,0,56,0,12,47,0,59,37,23,55,0,115,0,0,0,115
05/03/2020,BOI,ID,ANM,WE,Combined TRACON& Tower with Radar,37,5,15,0,57,0,9,24,0,33,37,14,39,0,90,24,0,24,114
05/04/2020,BOI,ID,ANM,WE,Combined TRACON& Tower with Radar,40,21,33,9,103,0,6,81,1,88,40,27,114,10,191,32,0,32,223
05/05/2020,BOI,ID,ANM,WE,Combined TRACON& Tower with Radar,48,9,26,4,87,0,11,74,15,100,48,20,100,19,187,10,0,10,197
05/06/2020,BOI,ID,ANM,WE,Combined TRACON& Tower with Radar,50,13,29,15,107,0,5,26,8,39,50,18,55,23,146,0,0,0,146
05/07/2020,BOI,ID,ANM,WE,Combined TRACON& Tower with Radar,57,9,39,6,111,0,14,91,14,119,57,23,130,20,230,30,12,42,272
05/08/2020,BOI,ID,ANM,WE,Combined TRACON& Tower with Radar,54,15,51,15,135,0,12,116,10,138,54,27,167,25,273,44,26,70,343
05/09/2020,BOI,ID,ANM,WE,Combined TRACON& Tower with Radar,39,6,14,0,59,0,2,90,0,92,39,8,104,0,151,24,0,24,175
05/10/2020,BOI,ID,ANM,WE,Combined TRACON& Tower with Radar,49,5,13,0,67,0,10,58,0,68,49,15,71,0,135,24,0,24,159
05/11/2020,BOI,ID,ANM,WE,Combined TRACON& Tower with Radar,48,13,28,20,109,0,5,65,8,78,48,18,93,28,187,14,24,38,225
05/12/2020,BOI,ID,ANM,WE,Combined TRACON& Tower with Radar,48,11,38,8,105,0,12,47,26,85,48,23,85,34,190,48,46,94,284
05/13/2020,BOI,ID,ANM,WE,Combined TRACON& Tower with Radar,58,11,33,12,114,0,4,41,19,64,58,15,74,31,178,30,22,52,230
05/14/2020,BOI,ID,ANM,WE,Combined TRACON& Tower with Radar,54,14,41,2,111,0,6,27,19,52,54,20,68,21,163,7,7,14,177
05/15/2020,BOI,ID,ANM,WE,Combined TRACON& Tower with Radar,54,14,49,1,118,0,6,90,6,102,54,20,139,7,220,8,0,8,228
05/16/2020,BOI,ID,ANM,WE,Combined TRACON& Tower with Radar,44,2,21,0,67,0,1,68,0,69,44,3,89,0,136,6,0,6,142
05/17/2020,BOI,ID,ANM,WE,Combined TRACON& Tower with Radar,50,4,8,0,62,0,5,25,0,30,50,9,33,0,92,14,0,14,106
05/18/2020,BOI,ID,ANM,WE,Combined TRACON& Tower with Radar,47,21,35,6,109,0,6,25,1,32,47,27,60,7,141,14,16,30,171
05/19/2020,BOI,ID,ANM,WE,Combined TRACON& Tower with Radar,50,11,28,13,102,0,4,12,9,25,50,15,40,22,127,12,16,28,155
05/20/2020,BOI,ID,ANM,WE,Combined TRACON& Tower with Radar,55,20,47,3,125,0,1,4,1,6,55,21,51,4,131,0,0,0,131
05/21/2020,BOI,ID,ANM,WE,Combined TRACON& Tower with Radar,63,15,42,28,148,0,4,55,16,75,63,19,97,44,223,14,8,22,245
05/22/2020,BOI,ID,ANM,WE,Combined TRACON& Tower with Radar,57,9,42,0,108,0,6,53,1,60,57,15,95,1,168,18,0,18,186
05/23/2020,BOI,ID,ANM,WE,Combined TRACON& Tower with Radar,50,3,22,0,75,0,9,72,3,84,50,12,94,3,159,66,0,66,225
05/24/2020,BOI,ID,ANM,WE,Combined TRACON& Tower with Radar,55,5,15,0,75,0,17,72,1,90,55,22,87,1,165,20,0,20,185
05/25/2020,BOI,ID,ANM,WE,Combined TRACON& Tower with Radar,50,3,31,0,84,0,2,110,0,112,50,5,141,0,196,46,0,46,242
05/26/2020,BOI,ID,ANM,WE,Combined TRACON& Tower with Radar,54,13,42,5,114,0,7,68,6,81,54,20,110,11,195,56,0,56,251
05/27/2020,BOI,ID,ANM,WE,Combined TRACON& Tower with Radar,58,16,64,17,155,0,13,107,25,145,58,29,171,42,300,132,10,142,442
05/28/2020,BOI,ID,ANM,WE,Combined TRACON& Tower with Radar,70,13,68,4,155,0,7,111,4,122,70,20,179,8,277,120,0,120,397
05/29/2020,BOI,ID,ANM,WE,Combined TRACON& Tower with Radar,55,6,41,3,105,0,21,95,1,117,55,27,136,4,222,64,4,68,290
05/30/2020,BOI,ID,ANM,WE,Combined TRACON& Tower with Radar,53,20,13,1,87,0,7,45,0,52,53,27,58,1,139,0,0,0,139
05/31/2020,BOI,ID,ANM,WE,Combined TRACON& Tower with Radar,61,2,18,4,85,0,6,85,0,91,61,8,103,4,176,26,0,26,202
06/01/2020,BOI,ID,ANM,WE,Combined TRACON& Tower with Radar,59,8,40,1,108,0,6,62,1,69,59,14,102,2,177,66,0,66,243
06/02/2020,BOI,ID,ANM,WE,Combined TRACON& Tower with Radar,63,13,62,8,146,0,9,140,12,161,63,22,202,20,307,162,24,186,493
06/03/2020,BOI,ID,ANM,WE,Combined TRACON& Tower with Radar,62,18,63,5,148,1,11,108,17,137,63,29,171,22,285,88,12,100,385
06/04/2020,BOI,ID,ANM,WE,Combined TRACON& Tower with Radar,64,14,48,24,150,0,11,119,21,151,64,25,167,45,301,66,12,78,379
06/05/2020,BOI,ID,ANM,WE,Combined TRACON& Tower with Radar,64,13,64,9,150,0,6,104,5,115,64,19,168,14,265,30,6,36,301
06/06/2020,BOI,ID,ANM,WE,Combined TRACON& Tower with Radar,59,24,17,4,104,0,11,36,17,64,59,35,53,21,168,12,20,32,200
06/07/2020,BOI,ID,ANM,WE,Combined TRACON& Tower with Radar,67,9,37,8,121,0,0,1,8,9,67,9,38,16,130,0,0,0,130
06/08/2020,BOI,ID,ANM,WE,Combined TRACON& Tower with Radar,65,9,47,8,129,0,3,66,27,96,65,12,113,35,225,26,8,34,259
06/09/2020,BOI,ID,ANM,WE,Combined TRACON& Tower with Radar,64,15,63,24,166,0,11,92,20,123,64,26,155,44,289,58,2,60,349
06/10/2020,BOI,ID,ANM,WE,Combined TRACON& Tower with Radar,71,20,59,48,198,0,6,135,25,166,71,26,194,73,364,50,32,82,446
06/11/2020,BOI,ID,ANM,WE,Combined TRACON& Tower with Radar,76,12,65,22,175,0,9,99,20,128,76,21,164,42,303,70,4,74,377
06/12/2020,BOI,ID,ANM,WE,Combined TRACON& Tower with Radar,72,14,49,5,140,0,15,100,19,134,72,29,149,24,274,100,0,100,374
06/13/2020,BOI,ID,ANM,WE,Combined TRACON& Tower with Radar,66,12,20,2,100,0,0,10,3,13,66,12,30,5,113,0,0,0,113
06/14/2020,BOI,ID,ANM,WE,Combined TRACON& Tower with Radar,71,8,26,2,107,0,4,44,25,73,71,12,70,27,180,12,0,12,192
06/15/2020,BOI,ID,ANM,WE,Combined TRACON& Tower with Radar,75,10,37,8,130,0,7,68,23,98,75,17,105,31,228,58,14,72,300
06/16/2020,BOI,ID,ANM,WE,Combined TRACON& Tower with Radar,73,13,51,3,140,0,9,15,15,39,73,22,66,18,179,48,12,60,239
06/17/2020,BOI,ID,ANM,WE,Combined TRACON& Tower with Radar,80,15,52,20,167,0,12,58,22,92,80,27,110,42,259,24,14,38,297
06/18/2020,BOI,ID,ANM,WE,Combined TRACON& Tower with Radar,86,14,65,8,173,0,9,143,20,172,86,23,208,28,345,20,0,20,365
06/19/2020,BOI,ID,ANM,WE,Combined TRACON& Tower with Radar,72,4,50,3,129,0,10,119,17,146,72,14,169,20,275,7,0,7,282
06/20/2020,BOI,ID,ANM,WE,Combined TRACON& Tower with Radar,73,4,37,0,114,0,12,114,0,126,73,16,151,0,240,12,0,12,252
06/21/2020,BOI,ID,ANM,WE,Combined TRACON& Tower with Radar,83,5,32,1,121,0,5,77,7,89,83,10,109,8,210,0,0,0,210
06/22/2020,BOI,ID,ANM,WE,Combined TRACON& Tower with Radar,81,10,50,4,145,0,14,104,15,133,81,24,154,19,278,62,0,62,340
06/23/2020,BOI,ID,ANM,WE,Combined TRACON& Tower with Radar,86,18,51,9,164,0,18,107,16,141,86,36,158,25,305,92,12,104,409
06/24/2020,BOI,ID,ANM,WE,Combined TRACON& Tower with Radar,85,23,57,7,172,0,15,111,16,142,85,38,168,23,314,88,0,88,402
06/25/2020,BOI,ID,ANM,WE,Combined TRACON& Tower with Radar,92,15,56,16,179,0,8,97,10,115,92,23,153,26,294,58,4,62,356
06/26/2020,BOI,ID,ANM,WE,Combined TRACON& Tower with Radar,85,13,65,5,168,0,15,123,3,141,85,28,188,8,309,58,2,60,369
06/27/2020,BOI,ID,ANM,WE,Combined TRACON& Tower with Radar,81,11,26,0,118,0,13,107,0,120,81,24,133,0,238,12,0,12,250
06/28/2020,BOI,ID,ANM,WE,Combined TRACON& Tower with Radar,79,3,27,0,109,0,10,47,0,57,79,13,74,0,166,6,0,6,172
06/29/2020,BOI,ID,ANM,WE,Combined TRACON& Tower with Radar,77,14,49,3,143,0,1,4,0,5,77,15,53,3,148,0,0,0,148
06/30/2020,BOI,ID,ANM,WE,Combined TRACON& Tower with Radar,80,7,75,22,184,0,15,89,25,129,80,22,164,47,313,105,16,121,434
07/01/2020,BOI,ID,ANM,WE,Combined TRACON& Tower with Radar,84,20,55,29,188,0,15,102,18,135,84,35,157,47,323,34,0,34,357
07/02/2020,BOI,ID,ANM,WE,Combined TRACON& Tower with Radar,90,7,49,0,146,0,14,118,0,132,90,21,167,0,278,82,0,82,360
07/03/2020,BOI,ID,ANM,WE,Combined TRACON& Tower with Radar,83,8,29,0,120,0,13,117,3,133,83,21,146,3,253,62,0,62,315
07/04/2020,BOI,ID,ANM,WE,Combined TRACON& Tower with Radar,74,2,11,0,87,0,16,74,0,90,74,18,85,0,177,66,0,66,243
07/05/2020,BOI,ID,ANM,WE,Combined TRACON& Tower with Radar,89,6,26,0,121,0,14,57,1,72,89,20,83,1,193,10,0,10,203
07/06/2020,BOI,ID,ANM,WE,Combined TRACON& Tower with Radar,86,14,42,11,153,0,8,89,5,102,86,22,131,16,255,20,2,22,277
07/07/2020,BOI,ID,ANM,WE,Combined TRACON& Tower with Radar,92,12,52,9,165,0,15,94,15,124,92,27,146,24,289,30,0,30,319
07/08/2020,BOI,ID,ANM,WE,Combined TRACON& Tower with Radar,94,11,26,12,143,0,8,119,22,149,94,19,145,34,292,22,0,22,314
07/09/2020,BOI,ID,ANM,WE,Combined TRACON& Tower with Radar,102,19,55,30,206,0,9,110,21,140,102,28,165,51,346,58,4,62,408
07/10/2020,BOI,ID,ANM,WE,Combined TRACON& Tower with Radar,95,11,52,1,159,0,12,107,6,125,95,23,159,7,284,50,0,50,334
07/11/2020,BOI,ID,ANM,WE,Combined TRACON& Tower with Radar,93,5,30,0,128,0,17,89,0,106,93,22,119,0,234,74,0,74,308
07/12/2020,BOI,ID,ANM,WE,Combined TRACON& Tower with Radar,97,6,22,2,127,0,19,92,1,112,97,25,114,3,239,6,0,6,245
07/13/2020,BOI,ID,ANM,WE,Combined TRACON& Tower with Radar,92,10,39,0,141,0,9,110,6,125,92,19,149,6,266,6,0,6,272
07/14/2020,BOI,ID,ANM,WE,Combined TRACON& Tower with Radar,93,9,54,23,179,0,21,121,11,153,93,30,175,34,332,100,22,122,454
07/15/2020,BOI,ID,ANM,WE,Combined TRACON& Tower with Radar,98,27,48,2,175,0,8,122,16,146,98,35,170,18,321,24,6,30,351
07/16/2020,BOI,ID,ANM,WE,Combined TRACON& Tower with Radar,104,13,59,22,198,0,18,100,25,143,104,31,159,47,341,68,8,76,417
07/17/2020,BOI,ID,ANM,WE,Combined TRACON& Tower with Radar,99,9,38,2,148,0,11,113,6,130,99,20,151,8,278,70,0,70,348
07/18/2020,BOI,ID,ANM,WE,Combined TRACON& Tower with Radar,94,16,23,4,137,0,18,114,0,132,94,34,137,4,269,72,0,72,341
07/19/2020,BOI,ID,ANM,WE,Combined TRACON& Tower with Radar,102,10,39,0,151,0,21,66,3,90,102,31,105,3,241,12,0,12,253
07/20/2020,BOI,ID,ANM,WE,Combined TRACON& Tower with Radar,96,12,42,0,150,0,13,113,2,128,96,25,155,2,278,37,6,43,321
07/21/2020,BOI,ID,ANM,WE,Combined TRACON& Tower with Radar,99,9,47,8,163,0,15,89,24,128,99,24,136,32,291,10,8,18,309
07/22/2020,BOI,ID,ANM,WE,Combined TRACON& Tower with Radar,100,12,45,4,161,6,22,71,24,123,106,34,116,28,284,0,0,0,284
07/23/2020,BOI,ID,ANM,WE,Combined TRACON& Tower with Radar,106,11,44,10,171,0,9,72,18,99,106,20,116,28,270,44,2,46,316
07/24/2020,BOI,ID,ANM,WE,Combined TRACON& Tower with Radar,99,9,44,5,157,1,14,130,6,151,100,23,174,11,308,78,4,82,390
07/25/2020,BOI,ID,ANM,WE,Combined TRACON& Tower with Radar,98,5,32,0,135,0,31,102,20,153,98,36,134,20,288,58,0,58,346
07/26/2020,BOI,ID,ANM,WE,Combined TRACON& Tower with Radar,97,5,41,0,143,0,11,107,3,121,97,16,148,3,264,24,0,24,288
07/27/2020,BOI,ID,ANM,WE,Combined TRACON& Tower with Radar,94,15,43,7,159,6,39,95,25,165,100,54,138,32,324,20,0,20,344
07/28/2020,BOI,ID,ANM,WE,Combined TRACON& Tower with Radar,96,14,48,6,164,7,17,75,20,119,103,31,123,26,283,24,8,32,315
07/29/2020,BOI,ID,ANM,WE,Combined TRACON& Tower with Radar,98,13,68,5,184,3,11,139,27,180,101,24,207,32,364,146,4,150,514
07/30/2020,BOI,ID,ANM,WE,Combined TRACON& Tower with Radar,109,16,79,27,231,2,22,134,18,176,111,38,213,45,407,102,2,104,511
07/31/2020,BOI,ID,ANM,WE,Combined TRACON& Tower with Radar,100,14,63,1,178,5,13,121,25,164,105,27,184,26,342,58,2,60,402
08/01/2020,BOI,ID,ANM,WE,Combined TRACON& Tower with Radar,100,15,33,1,149,1,12,100,42,155,101,27,133,43,304,34,4,38,342
08/02/2020,BOI,ID,ANM,WE,Combined TRACON& Tower with Radar,109,1,23,2,135,1,11,92,19,123,110,12,115,21,258,36,0,36,294
08/03/2020,BOI,ID,ANM,WE,Combined TRACON& Tower with Radar,111,8,36,4,159,2,17,90,17,126,113,25,126,21,285,8,0,8,293
08/04/2020,BOI,ID,ANM,WE,Combined TRACON& Tower with Radar,111,11,48,15,185,2,9,105,17,133,113,20,153,32,318,18,0,18,336
08/05/2020,BOI,ID,ANM,WE,Combined TRACON& Tower with Radar,116,24,33,8,181,0,15,95,27,137,116,39,128,35,318,14,2,16,334
08/06/2020,BOI,ID,ANM,WE,Combined TRACON& Tower with Radar,121,13,56,27,217,11,39,105,107,262,132,52,161,134,479,12,8,20,499
08/07/2020,BOI,ID,ANM,WE,Combined TRACON& Tower with Radar,114,11,42,3,170,35,25,106,36,202,149,36,148,39,372,10,0,10,382
08/08/2020,BOI,ID,ANM,WE,Combined TRACON& Tower with Radar,114,7,31,1,153,6,21,112,59,198,120,28,143,60,351,14,0,14,365
08/09/2020,BOI,ID,ANM,WE,Combined TRACON& Tower with Radar,118,7,37,2,164,2,15,106,14,137,120,22,143,16,301,0,0,0,301
08/10/2020,BOI,ID,ANM,WE,Combined TRACON& Tower with Radar,111,6,56,8,181,2,28,143,12,185,113,34,199,20,366,28,0,28,394
08/11/2020,BOI,ID,ANM,WE,Combined TRACON& Tower with Radar,112,9,46,10,177,3,7,115,27,152,115,16,161,37,329,8,10,18,347
08/12/2020,BOI,ID,ANM,WE,Combined TRACON& Tower with Radar,112,11,44,19,186,1,11,121,35,168,113,22,165,54,354,24,26,50,404
08/13/2020,BOI,ID,ANM,WE,Combined TRACON& Tower with Radar,119,16,68,23,226,2,15,128,32,177,121,31,196,55,403,0,0,0,403
08/14/2020,BOI,ID,ANM,WE,Combined TRACON& Tower with Radar,113,12,45,8,178,1,10,134,11,156,114,22,179,19,334,22,0,22,356
08/15/2020,BOI,ID,ANM,WE,Combined TRACON& Tower with Radar,112,8,35,2,157,0,11,95,4,110,112,19,130,6,267,52,0,52,319
08/16/2020,BOI,ID,ANM,WE,Combined TRACON& Tower with Radar,115,8,35,1,159,1,19,85,10,115,116,27,120,11,274,10,0,10,284
08/17/2020,BOI,ID,ANM,WE,Combined TRACON& Tower with Radar,110,11,41,5,167,4,6,76,9,95,114,17,117,14,262,0,0,0,262
08/18/2020,BOI,ID,ANM,WE,Combined TRACON& Tower with Radar,111,14,50,6,181,7,12,96,40,155,118,26,146,46,336,0,0,0,336
08/19/2020,BOI,ID,ANM,WE,Combined TRACON& Tower with Radar,117,21,66,14,218,15,17,91,40,163,132,38,157,54,381,24,2,26,407
08/20/2020,BOI,ID,ANM,WE,Combined TRACON& Tower with Radar,121,20,89,6,236,4,10,101,19,134,125,30,190,25,370,28,0,28,398
08/21/2020,BOI,ID,ANM,WE,Combined TRACON& Tower with Radar,120,16,52,8,196,2,10,62,4,78,122,26,114,12,274,28,0,28,302
08/22/2020,BOI,ID,ANM,WE,Combined TRACON& Tower with Radar,111,11,39,3,164,1,18,61,19,99,112,29,100,22,263,78,0,78,341
08/23/2020,BOI,ID,ANM,WE,Combined TRACON& Tower with Radar,115,7,40,1,163,0,7,47,2,56,115,14,87,3,219,18,0,18,237
08/24/2020,BOI,ID,ANM,WE,Combined TRACON& Tower with Radar,108,15,48,10,181,0,11,43,5,59,108,26,91,15,240,14,0,14,254
08/25/2020,BOI,ID,ANM,WE,Combined TRACON& Tower with Radar,112,18,58,4,192,11,6,52,23,92,123,24,110,27,284,26,6,32,316
08/26/2020,BOI,ID,ANM,WE,Combined TRACON& Tower with Radar,111,21,55,17,204,5,15,97,26,143,116,36,152,43,347,32,2,34,381
08/27/2020,BOI,ID,ANM,WE,Combined TRACON& Tower with Radar,121,18,54,6,199,0,21,79,20,120,121,39,133,26,319,18,2,20,339
08/28/2020,BOI,ID,ANM,WE,Combined TRACON& Tower with Radar,117,11,61,3,192,0,18,103,6,127,117,29,164,9,319,36,2,38,357
08/29/2020,BOI,ID,ANM,WE,Combined TRACON& Tower with Radar,110,6,29,1,146,1,19,65,22,107,111,25,94,23,253,22,0,22,275
08/30/2020,BOI,ID,ANM,WE,Combined TRACON& Tower with Radar,113,6,38,4,161,4,16,75,11,106,117,22,113,15,267,2,0,2,269
08/31/2020,BOI,ID,ANM,WE,Combined TRACON& Tower with Radar,113,8,62,12,195,0,5,52,4,61,113,13,114,16,256,6,0,6,262
09/01/2020,BOI,ID,ANM,WE,Combined TRACON& Tower with Radar,118,16,47,6,187,1,2,96,15,114,119,18,143,21,301,26,4,30,331
09/02/2020,BOI,ID,ANM,WE,Combined TRACON& Tower with Radar,120,22,47,12,201,0,16,114,19,149,120,38,161,31,350,20,2,22,372
09/03/2020,BOI,ID,ANM,WE,Combined TRACON& Tower with Radar,126,19,65,4,214,0,17,102,22,141,126,36,167,26,355,0,0,0,355
09/04/2020,BOI,ID,ANM,WE,Combined TRACON& Tower with Radar,123,9,36,4,172,1,4,109,2,116,124,13,145,6,288,48,0,48,336
09/05/2020,BOI,ID,ANM,WE,Combined TRACON& Tower with Radar,110,9,14,3,136,0,7,65,2,74,110,16,79,5,210,26,0,26,236
09/06/2020,BOI,ID,ANM,WE,Combined TRACON& Tower with Radar,98,11,25,5,139,0,14,38,3,55,98,25,63,8,194,6,0,6,200
09/07/2020,BOI,ID,ANM,WE,Combined TRACON& Tower with Radar,106,15,44,1,166,6,6,58,26,96,112,21,102,27,262,10,0,10,272
09/08/2020,BOI,ID,ANM,WE,Combined TRACON& Tower with Radar,121,11,49,9,190,13,13,80,27,133,134,24,129,36,323,42,0,42,365
09/09/2020,BOI,ID,ANM,WE,Combined TRACON& Tower with Radar,115,19,46,14,194,9,9,82,30,130,124,28,128,44,324,24,12,36,360
09/10/2020,BOI,ID,ANM,WE,Combined TRACON& Tower with Radar,121,17,62,6,206,0,7,112,11,130,121,24,174,17,336,14,0,14,350
09/11/2020,BOI,ID,ANM,WE,Combined TRACON& Tower with Radar,120,16,41,8,185,0,8,129,14,151,120,24,170,22,336,26,0,26,362
09/12/2020,BOI,ID,ANM,WE,Combined TRACON& Tower with Radar,116,12,46,12,186,0,19,50,20,89,116,31,96,32,275,30,2,32,307
09/13/2020,BOI,ID,ANM,WE,Combined TRACON& Tower with Radar,116,23,71,18,228,0,0,2,1,3,116,23,73,19,231,0,0,0,231
09/14/2020,BOI,ID,ANM,WE,Combined TRACON& Tower with Radar,104,27,61,8,200,5,8,30,23,66,109,35,91,31,266,28,0,28,294
09/15/2020,BOI,ID,ANM,WE,Combined TRACON& Tower with Radar,101,27,72,21,221,0,5,50,17,72,101,32,122,38,293,0,0,0,293
09/16/2020,BOI,ID,ANM,WE,Combined TRACON& Tower with Radar,113,24,91,22,250,0,6,12,2,20,113,30,103,24,270,2,0,2,272
09/17/2020,BOI,ID,ANM,WE,Combined TRACON& Tower with Radar,122,26,66,13,227,0,8,32,13,53,122,34,98,26,280,0,0,0,280
09/18/2020,BOI,ID,ANM,WE,Combined TRACON& Tower with Radar,117,21,66,12,216,0,13,43,0,56,117,34,109,12,272,52,0,52,324
09/19/2020,BOI,ID,ANM,WE,Combined TRACON& Tower with Radar,112,11,41,1,165,0,4,49,2,55,112,15,90,3,220,46,0,46,266
09/20/2020,BOI,ID,ANM,WE,Combined TRACON& Tower with Radar,112,5,52,1,170,0,9,91,1,101,112,14,143,2,271,26,0,26,297
09/21/2020,BOI,ID,ANM,WE,Combined TRACON& Tower with Radar,106,18,67,16,207,0,14,97,8,119,106,32,164,24,326,94,0,94,420
09/22/2020,BOI,ID,ANM,WE,Combined TRACON& Tower with Radar,113,15,56,20,204,0,18,89,13,120,113,33,145,33,324,62,4,66,390
09/23/2020,BOI,ID,ANM,WE,Combined TRACON& Tower with Radar,115,21,55,12,203,0,16,74,20,110,115,37,129,32,313,96,6,102,415
09/24/2020,BOI,ID,ANM,WE,Combined TRACON& Tower with Radar,122,16,84,29,251,0,11,69,21,101,122,27,153,50,352,34,18,52,404
09/25/2020,BOI,ID,ANM,WE,Combined TRACON& Tower with Radar,118,14,56,7,195,0,8,94,6,108,118,22,150,13,303,10,0,10,313
09/26/2020,BOI,ID,ANM,WE,Combined TRACON& Tower with Radar,114,7,29,10,160,0,8,61,0,69,114,15,90,10,229,72,0,72,301
09/27/2020,BOI,ID,ANM,WE,Combined TRACON& Tower with Radar,113,6,33,4,156,0,21,105,3,129,113,27,138,7,285,12,0,12,297
09/28/2020,BOI,ID,ANM,WE,Combined TRACON& Tower with Radar,106,12,49,6,173,0,9,117,8,134,106,21,166,14,307,100,4,104,411
09/29/2020,BOI,ID,ANM,WE,Combined TRACON& Tower with Radar,114,14,63,26,217,0,10,116,19,145,114,24,179,45,362,38,14,52,414
09/30/2020,BOI,ID,ANM,WE,Combined TRACON& Tower with Radar,118,11,59,11,199,0,8,110,23,141,118,19,169,34,340,68,0,68,408
10/01/2020,BOI,ID,ANM,WE,Combined TRACON& Tower with Radar,131,11,72,13,227,0,14,105,22,141,131,25,177,35,368,84,0,84,452
10/02/2020,BOI,ID,ANM,WE,Combined TRACON& Tower with Radar,122,4,51,10,187,0,8,91,14,113,122,12,142,24,300,40,14,54,354
10/03/2020,BOI,ID,ANM,WE,Combined TRACON& Tower with Radar,118,19,49,16,202,0,11,60,24,95,118,30,109,40,297,16,22,38,335
10/04/2020,BOI,ID,ANM,WE,Combined TRACON& Tower with Radar,122,10,38,10,180,0,12,67,30,109,122,22,105,40,289,12,0,12,301
10/05/2020,BOI,ID,ANM,WE,Combined TRACON& Tower with Radar,117,13,57,4,191,0,10,77,6,93,117,23,134,10,284,46,0,46,330
10/06/2020,BOI,ID,ANM,WE,Combined TRACON& Tower with Radar,124,13,72,34,243,0,10,105,13,128,124,23,177,47,371,106,16,122,493
10/07/2020,BOI,ID,ANM,WE,Combined TRACON& Tower with Radar,125,11,53,25,214,0,7,104,10,121,125,18,157,35,335,132,0,132,467
10/08/2020,BOI,ID,ANM,WE,Combined TRACON& Tower with Radar,139,14,66,19,238,0,5,77,17,99,139,19,143,36,337,128,0,128,465
10/09/2020,BOI,ID,ANM,WE,Combined TRACON& Tower with Radar,130,14,52,9,205,0,10,52,12,74,130,24,104,21,279,52,14,66,345
10/10/2020,BOI,ID,ANM,WE,Combined TRACON& Tower with Radar,124,18,28,2,172,0,6,23,2,31,124,24,51,4,203,12,0,12,215
10/11/2020,BOI,ID,ANM,WE,Combined TRACON& Tower with Radar,128,7,41,0,176,0,15,39,0,54,128,22,80,0,230,4,0,4,234
10/12/2020,BOI,ID,ANM,WE,Combined TRACON& Tower with Radar,121,14,32,4,171,0,6,67,14,87,121,20,99,18,258,10,0,10,268
10/13/2020,BOI,ID,ANM,WE,Combined TRACON& Tower with Radar,128,18,57,10,213,0,9,77,14,100,128,27,134,24,313,94,10,104,417
10/14/2020,BOI,ID,ANM,WE,Combined TRACON& Tower with Radar,128,6,59,15,208,0,8,60,23,91,128,14,119,38,299,54,0,54,353
10/15/2020,BOI,ID,ANM,WE,Combined TRACON& Tower with Radar,142,19,89,17,267,0,23,92,25,140,142,42,181,42,407,86,4,90,497
10/16/2020,BOI,ID,ANM,WE,Combined TRACON& Tower with Radar,136,10,61,10,217,0,18,118,13,149,136,28,179,23,366,46,0,46,412
10/17/2020,BOI,ID,ANM,WE,Combined TRACON& Tower with Radar,123,10,20,4,157,0,10,46,3,59,123,20,66,7,216,26,0,26,242
10/18/2020,BOI,ID,ANM,WE,Combined TRACON& Tower with Radar,129,10,26,5,170,0,13,84,0,97,129,23,110,5,267,0,0,0,267
10/19/2020,BOI,ID,ANM,WE,Combined TRACON& Tower with Radar,123,12,35,5,175,0,13,83,26,122,123,25,118,31,297,48,0,48,345
10/20/2020,BOI,ID,ANM,WE,Combined TRACON& Tower with Radar,125,18,54,21,218,0,10,90,36,136,125,28,144,57,354,86,0,86,440
10/21/2020,BOI,ID,ANM,WE,Combined TRACON& Tower with Radar,127,19,45,42,233,0,10,72,29,111,127,29,117,71,344,66,8,74,418
10/22/2020,BOI,ID,ANM,WE,Combined TRACON& Tower with Radar,140,13,35,16,204,0,9,77,37,123,140,22,112,53,327,60,4,64,391
10/23/2020,BOI,ID,ANM,WE,Combined TRACON& Tower with Radar,126,15,54,5,200,0,6,97,27,130,126,21,151,32,330,106,0,106,436
10/24/2020,BOI,ID,ANM,WE,Combined TRACON& Tower with Radar,120,12,11,2,145,0,7,11,13,31,120,19,22,15,176,24,0,24,200
10/25/2020,BOI,ID,ANM,WE,Combined TRACON& Tower with Radar,122,9,31,1,163,0,4,57,2,63,122,13,88,3,226,20,0,20,246
10/26/2020,BOI,ID,ANM,WE,Combined TRACON& Tower with Radar,116,13,39,6,174,0,6,69,17,92,116,19,108,23,266,68,0,68,334
10/27/2020,BOI,ID,ANM,WE,Combined TRACON& Tower with Radar,108,26,45,21,200,0,12,71,36,119,108,38,116,57,319,56,16,72,391
10/28/2020,BOI,ID,ANM,WE,Combined TRACON& Tower with Radar,122,19,36,14,191,0,15,86,31,132,122,34,122,45,323,74,12,86,409
10/29/2020,BOI,ID,ANM,WE,Combined TRACON& Tower with Radar,132,24,50,34,240,0,19,124,37,180,132,43,174,71,420,105,6,111,531
10/30/2020,BOI,ID,ANM,WE,Combined TRACON& Tower with Radar,128,13,49,8,198,0,7,112,7,126,128,20,161,15,324,56,0,56,380
10/31/2020,BOI,ID,ANM,WE,Combined TRACON& Tower with Radar,109,7,37,2,155,0,11,117,0,128,109,18,154,2,283,24,0,24,307
11/01/2020,BOI,ID,ANM,WE,Combined TRACON& Tower with Radar,117,14,40,3,174,0,12,102,3,117,117,26,142,6,291,14,0,14,305
11/02/2020,BOI,ID,ANM,WE,Combined TRACON& Tower with Radar,110,22,45,6,183,0,6,95,7,108,110,28,140,13,291,28,2,30,321
11/03/2020,BOI,ID,ANM,WE,Combined TRACON& Tower with Radar,116,22,46,23,207,0,15,71,12,98,116,37,117,35,305,38,0,38,343
11/04/2020,BOI,ID,ANM,WE,Combined TRACON& Tower with Radar,123,20,59,14,216,0,4,99,20,123,123,24,158,34,339,18,10,28,367
11/05/2020,BOI,ID,ANM,WE,Combined TRACON& Tower with Radar,138,18,45,9,210,0,11,121,15,147,138,29,166,24,357,20,0,20,377
11/06/2020,BOI,ID,ANM,WE,Combined TRACON& Tower with Radar,125,14,36,7,182,0,2,78,11,91,125,16,114,18,273,4,0,4,277
11/07/2020,BOI,ID,ANM,WE,Combined TRACON& Tower with Radar,120,9,34,1,164,0,2,36,11,49,120,11,70,12,213,42,0,42,255
11/08/2020,BOI,ID,ANM,WE,Combined TRACON& Tower with Radar,134,10,17,6,167,0,0,1,1,2,134,10,18,7,169,0,0,0,169
11/09/2020,BOI,ID,ANM,WE,Combined TRACON& Tower with Radar,126,19,40,1,186,0,8,61,7,76,126,27,101,8,262,32,0,32,294
11/10/2020,BOI,ID,ANM,WE,Combined TRACON& Tower with Radar,122,23,47,6,198,0,5,21,13,39,122,28,68,19,237,64,6,70,307
11/11/2020,BOI,ID,ANM,WE,Combined TRACON& Tower with Radar,130,18,39,0,187,0,3,56,13,72,130,21,95,13,259,108,0,108,367
11/12/2020,BOI,ID,ANM,WE,Combined TRACON& Tower with Radar,147,32,84,14,277,0,11,93,24,128,147,43,177,38,405,24,6,30,435
11/13/2020,BOI,ID,ANM,WE,Combined TRACON& Tower with Radar,130,12,27,3,172,0,0,2,3,5,130,12,29,6,177,0,0,0,177
11/14/2020,BOI,ID,ANM,WE,Combined TRACON& Tower with Radar,119,12,27,5,163,0,8,70,0,78,119,20,97,5,241,46,0,46,287
11/15/2020,BOI,ID,ANM,WE,Combined TRACON& Tower with Radar,129,8,25,0,162,0,2,16,0,18,129,10,41,0,180,0,0,0,180
11/16/2020,BOI,ID,ANM,WE,Combined TRACON& Tower with Radar,125,25,52,7,209,0,6,76,11,93,125,31,128,18,302,60,0,60,362
11/17/2020,BOI,ID,ANM,WE,Combined TRACON& Tower with Radar,124,15,64,36,239,0,7,66,20,93,124,22,130,56,332,22,0,22,354
11/18/2020,BOI,ID,ANM,WE,Combined TRACON& Tower with Radar,126,15,51,10,202,0,5,24,20,49,126,20,75,30,251,62,0,62,313
11/19/2020,BOI,ID,ANM,WE,Combined TRACON& Tower with Radar,142,28,57,38,265,0,3,55,22,80,142,31,112,60,345,62,16,78,423
11/20/2020,BOI,ID,ANM,WE,Combined TRACON& Tower with Radar,132,17,54,18,221,0,9,132,9,150,132,26,186,27,371,70,0,70,441
11/21/2020,BOI,ID,ANM,WE,Combined TRACON& Tower with Radar,142,10,45,6,203,0,3,103,1,107,142,13,148,7,310,66,0,66,376
11/22/2020,BOI,ID,ANM,WE,Combined TRACON& Tower with Radar,141,5,40,3,189,0,0,85,3,88,141,5,125,6,277,18,0,18,295
11/23/2020,BOI,ID,ANM,WE,Combined TRACON& Tower with Radar,132,17,40,6,195,0,7,42,6,55,132,24,82,12,250,40,0,40,290
11/24/2020,BOI,ID,ANM,WE,Combined TRACON& Tower with Radar,149,13,49,22,233,0,4,91,16,111,149,17,140,38,344,70,18,88,432
11/25/2020,BOI,ID,ANM,WE,Combined TRACON& Tower with Radar,146,21,40,4,211,0,5,18,2,25,146,26,58,6,236,36,10,46,282
11/26/2020,BOI,ID,ANM,WE,Combined TRACON& Tower with Radar,76,9,17,0,102,0,3,29,0,32,76,12,46,0,134,12,0,12,146
11/27/2020,BOI,ID,ANM,WE,Combined TRACON& Tower with Radar,123,16,27,0,166,0,5,79,0,84,123,21,106,0,250,80,0,80,330
11/28/2020,BOI,ID,ANM,WE,Combined TRACON& Tower with Radar,145,9,36,0,190,0,5,59,0,64,145,14,95,0,254,12,0,12,266
11/29/2020,BOI,ID,ANM,WE,Combined TRACON& Tower with Radar,134,9,50,0,193,0,10,70,0,80,134,19,120,0,273,46,0,46,319
11/30/2020,BOI,ID,ANM,WE,Combined TRACON& Tower with Radar,135,17,42,16,210,0,3,27,5,35,135,20,69,21,245,44,4,48,293
12/01/2020,BOI,ID,ANM,WE,Combined TRACON& Tower with Radar,135,13,43,14,205,0,3,76,20,99,135,16,119,34,304,74,6,80,384
12/02/2020,BOI,ID,ANM,WE,Combined TRACON& Tower with Radar,121,18,57,22,218,0,6,71,22,99,121,24,128,44,317,46,18,64,381
12/03/2020,BOI,ID,ANM,WE,Combined TRACON& Tower with Radar,135,17,41,13,206,0,6,79,18,103,135,23,120,31,309,38,6,44,353
12/04/2020,BOI,ID,ANM,WE,Combined TRACON& Tower with Radar,127,17,35,6,185,0,6,75,16,97,127,23,110,22,282,8,2,10,292
12/05/2020,BOI,ID,ANM,WE,Combined TRACON& Tower with Radar,113,6,21,3,143,0,6,84,10,100,113,12,105,13,243,0,0,0,243
12/06/2020,BOI,ID,ANM,WE,Combined TRACON& Tower with Radar,125,5,22,3,155,0,1,50,12,63,125,6,72,15,218,4,0,4,222
12/07/2020,BOI,ID,ANM,WE,Combined TRACON& Tower with Radar,122,17,31,0,170,0,8,68,2,78,122,25,99,2,248,0,0,0,248
12/08/2020,BOI,ID,ANM,WE,Combined TRACON& Tower with Radar,120,16,38,4,178,0,4,72,16,92,120,20,110,20,270,28,0,28,298
12/09/2020,BOI,ID,ANM,WE,Combined TRACON& Tower with Radar,129,20,34,16,199,2,5,59,23,89,131,25,93,39,288,24,0,24,312
12/10/2020,BOI,ID,ANM,WE,Combined TRACON& Tower with Radar,133,21,56,11,221,0,7,94,17,118,133,28,150,28,339,22,0,22,361
12/11/2020,BOI,ID,ANM,WE,Combined TRACON& Tower with Radar,127,14,31,3,175,0,3,75,16,94,127,17,106,19,269,30,2,32,301
12/12/2020,BOI,ID,ANM,WE,Combined TRACON& Tower with Radar,113,14,48,2,177,0,13,86,18,117,113,27,134,20,294,26,0,26,320
12/13/2020,BOI,ID,ANM,WE,Combined TRACON& Tower with Radar,124,13,22,0,159,0,0,5,0,5,124,13,27,0,164,0,4,4,168
12/14/2020,BOI,ID,ANM,WE,Combined TRACON& Tower with Radar,120,30,47,8,205,0,3,33,8,44,120,33,80,16,249,6,0,6,255
12/15/2020,BOI,ID,ANM,WE,Combined TRACON& Tower with Radar,122,22,44,2,190,0,3,25,2,30,122,25,69,4,220,0,0,0,220
12/16/2020,BOI,ID,ANM,WE,Combined TRACON& Tower with Radar,125,21,46,4,196,0,0,3,1,4,125,21,49,5,200,0,0,0,200
12/17/2020,BOI,ID,ANM,WE,Combined TRACON& Tower with Radar,155,27,49,9,240,0,1,11,8,20,155,28,60,17,260,0,0,0,260
12/18/2020,BOI,ID,ANM,WE,Combined TRACON& Tower with Radar,143,23,66,3,235,0,9,101,6,116,143,32,167,9,351,24,0,24,375
12/19/2020,BOI,ID,ANM,WE,Combined TRACON& Tower with Radar,148,12,45,0,205,0,12,87,2,101,148,24,132,2,306,42,0,42,348
12/20/2020,BOI,ID,ANM,WE,Combined TRACON& Tower with Radar,135,16,19,0,170,0,2,17,0,19,135,18,36,0,189,34,0,34,223
12/21/2020,BOI,ID,ANM,WE,Combined TRACON& Tower with Radar,138,30,26,5,199,0,9,71,15,95,138,39,97,20,294,14,0,14,308
12/22/2020,BOI,ID,ANM,WE,Combined TRACON& Tower with Radar,148,32,46,8,234,0,4,16,21,41,148,36,62,29,275,4,4,8,283
12/23/2020,BOI,ID,ANM,WE,Combined TRACON& Tower with Radar,153,30,46,4,233,0,10,120,6,136,153,40,166,10,369,2,0,2,371
12/24/2020,BOI,ID,ANM,WE,Combined TRACON& Tower with Radar,107,17,19,0,143,0,3,69,0,72,107,20,88,0,215,0,0,0,215
12/25/2020,BOI,ID,ANM,WE,Combined TRACON& Tower with Radar,90,11,2,0,103,0,7,7,0,14,90,18,9,0,117,0,0,0,117
12/26/2020,BOI,ID,ANM,WE,Combined TRACON& Tower with Radar,135,16,29,0,180,0,1,2,0,3,135,17,31,0,183,0,0,0,183
12/27/2020,BOI,ID,ANM,WE,Combined TRACON& Tower with Radar,136,12,41,0,189,0,0,2,0,2,136,12,43,0,191,0,0,0,191
12/28/2020,BOI,ID,ANM,WE,Combined TRACON& Tower with Radar,128,19,35,6,188,0,5,10,2,17,128,24,45,8,205,20,0,20,225
12/29/2020,BOI,ID,ANM,WE,Combined TRACON& Tower with Radar,150,27,25,2,204,0,1,10,0,11,150,28,35,2,215,0,0,0,215
12/30/2020,BOI,ID,ANM,WE,Combined TRACON& Tower with Radar,144,27,54,3,228,0,5,50,21,76,144,32,104,24,304,38,12,50,354
12/31/2020,BOI,ID,ANM,WE,Combined TRACON& Tower with Radar,107,27,33,0,167,0,0,8,0,8,107,27,41,0,175,0,0,0,175
01/01/2021,BOI,ID,ANM,WE,Combined TRACON& Tower with Radar,94,10,33,0,137,0,4,62,0,66,94,14,95,0,203,38,0,38,241
01/02/2021,BOI,ID,ANM,WE,Combined TRACON& Tower with Radar,147,15,38,0,200,0,12,44,0,56,147,27,82,0,256,60,0,60,316
01/03/2021,BOI,ID,ANM,WE,Combined TRACON& Tower with Radar,129,21,39,0,189,0,2,15,0,17,129,23,54,0,206,0,0,0,206
01/04/2021,BOI,ID,ANM,WE,Combined TRACON& Tower with Radar,132,24,48,0,204,0,0,3,6,9,132,24,51,6,213,0,0,0,213
01/05/2021,BOI,ID,ANM,WE,Combined TRACON& Tower with Radar,121,20,58,14,213,0,4,105,28,137,121,24,163,42,350,14,0,14,364
01/06/2021,BOI,ID,ANM,WE,Combined TRACON& Tower with Radar,120,14,52,12,198,0,1,69,21,91,120,15,121,33,289,48,16,64,353
01/07/2021,BOI,ID,ANM,WE,Combined TRACON& Tower with Radar,131,22,55,3,211,0,5,37,32,74,131,27,92,35,285,16,0,16,301
01/08/2021,BOI,ID,ANM,WE,Combined TRACON& Tower with Radar,135,19,40,17,211,0,0,28,20,48,135,19,68,37,259,30,22,52,311
01/09/2021,BOI,ID,ANM,WE,Combined TRACON& Tower with Radar,105,15,36,4,160,0,3,43,7,53,105,18,79,11,213,8,0,8,221
01/10/2021,BOI,ID,ANM,WE,Combined TRACON& Tower with Radar,115,18,36,2,171,0,7,59,27,93,115,25,95,29,264,18,6,24,288
01/11/2021,BOI,ID,ANM,WE,Combined TRACON& Tower with Radar,120,19,43,5,187,0,14,95,2,111,120,33,138,7,298,10,0,10,308
01/12/2021,BOI,ID,ANM,WE,Combined TRACON& Tower with Radar,119,15,45,8,187,0,2,2,10,14,119,17,47,18,201,0,0,0,201
01/13/2021,BOI,ID,ANM,WE,Combined TRACON& Tower with Radar,122,22,41,9,194,0,11,31,23,65,122,33,72,32,259,6,10,16,275
01/14/2021,BOI,ID,ANM,WE,Combined TRACON& Tower with Radar,133,36,73,20,262,1,15,123,26,165,134,51,196,46,427,0,0,0,427
01/15/2021,BOI,ID,ANM,WE,Combined TRACON& Tower with Radar,127,27,48,7,209,0,13,74,9,96,127,40,122,16,305,10,0,10,315
01/16/2021,BOI,ID,ANM,WE,Combined TRACON& Tower with Radar,102,17,20,2,141,0,3,42,0,45,102,20,62,2,186,40,0,40,226
01/17/2021,BOI,ID,ANM,WE,Combined TRACON& Tower with Radar,109,19,32,3,163,0,3,33,0,36,109,22,65,3,199,22,0,22,221
01/18/2021,BOI,ID,ANM,WE,Combined TRACON& Tower with Radar,123,21,29,1,174,0,3,59,4,66,123,24,88,5,240,38,0,38,278
01/19/2021,BOI,ID,ANM,WE,Combined TRACON& Tower with Radar,118,19,46,10,193,0,2,107,11,120,118,21,153,21,313,85,4,89,402
01/20/2021,BOI,ID,ANM,WE,Combined TRACON& Tower with Radar,118,19,57,32,226,0,9,108,27,144,118,28,165,59,370,36,16,52,422
01/21/2021,BOI,ID,ANM,WE,Combined TRACON& Tower with Radar,136,25,53,5,219,0,4,28,21,53,136,29,81,26,272,40,8,48,320
01/22/2021,BOI,ID,ANM,WE,Combined TRACON& Tower with Radar,124,27,49,0,200,0,0,0,0,0,124,27,49,0,200,0,0,0,200
01/23/2021,BOI,ID,ANM,WE,Combined TRACON& Tower with Radar,105,23,34,3,165,0,6,85,1,92,105,29,119,4,257,72,0,72,329
01/24/2021,BOI,ID,ANM,WE,Combined TRACON& Tower with Radar,114,13,40,6,173,0,5,70,1,76,114,18,110,7,249,8,0,8,257
01/25/2021,BOI,ID,ANM,WE,Combined TRACON& Tower with Radar,118,19,52,8,197,0,8,68,11,87,118,27,120,19,284,30,0,30,314
01/26/2021,BOI,ID,ANM,WE,Combined TRACON& Tower with Radar,119,17,72,12,220,0,10,52,26,88,119,27,124,38,308,64,6,70,378
01/27/2021,BOI,ID,ANM,WE,Combined TRACON& Tower with Radar,119,20,46,5,190,0,4,5,25,34,119,24,51,30,224,30,0,30,254
01/28/2021,BOI,ID,ANM,WE,Combined TRACON& Tower with Radar,132,24,55,15,226,0,2,23,28,53,132,26,78,43,279,14,0,14,293
01/29/2021,BOI,ID,ANM,WE,Combined TRACON& Tower with Radar,126,24,41,7,198,0,0,0,0,0,126,24,41,7,198,6,0,6,204
01/30/2021,BOI,ID,ANM,WE,Combined TRACON& Tower with Radar,105,13,35,2,155,0,6,87,2,95,105,19,122,4,250,46,0,46,296
01/31/2021,BOI,ID,ANM,WE,Combined TRACON& Tower with Radar,115,16,29,3,163,0,3,40,2,45,115,19,69,5,208,50,0,50,258
02/01/2021,BOI,ID,ANM,WE,Combined TRACON& Tower with Radar,125,19,35,4,183,0,6,63,9,78,125,25,98,13,261,62,4,66,327
02/02/2021,BOI,ID,ANM,WE,Combined TRACON& Tower with Radar,122,11,51,6,190,0,0,33,18,51,122,11,84,24,241,24,2,26,267
02/03/2021,BOI,ID,ANM,WE,Combined TRACON& Tower with Radar,119,24,66,10,219,0,5,26,3,34,119,29,92,13,253,74,6,80,333
02/04/2021,BOI,ID,ANM,WE,Combined TRACON& Tower with Radar,129,29,58,12,228,0,4,88,12,104,129,33,146,24,332,78,0,78,410
02/05/2021,BOI,ID,ANM,WE,Combined TRACON& Tower with Radar,130,17,63,13,223,0,5,32,20,57,130,22,95,33,280,34,0,34,314
02/06/2021,BOI,ID,ANM,WE,Combined TRACON& Tower with Radar,104,11,34,5,154,0,3,96,14,113,104,14,130,19,267,130,0,130,397
02/07/2021,BOI,ID,ANM,WE,Combined TRACON& Tower with Radar,107,20,23,11,161,0,2,35,11,48,107,22,58,22,209,0,0,0,209
02/08/2021,BOI,ID,ANM,WE,Combined TRACON& Tower with Radar,118,20,39,15,192,0,5,94,9,108,118,25,133,24,300,90,18,108,408
02/09/2021,BOI,ID,ANM,WE,Combined TRACON& Tower with Radar,119,24,47,22,212,0,8,90,13,111,119,32,137,35,323,106,4,110,433
02/10/2021,BOI,ID,ANM,WE,Combined TRACON& Tower with Radar,117,25,75,6,223,0,8,114,28,150,117,33,189,34,373,98,18,116,489
02/11/2021,BOI,ID,ANM,WE,Combined TRACON& Tower with Radar,121,25,81,9,236,0,2,11,12,25,121,27,92,21,261,0,0,0,261
02/12/2021,BOI,ID,ANM,WE,Combined TRACON& Tower with Radar,127,38,40,1,206,0,0,0,0,0,127,38,40,1,206,0,0,0,206
02/13/2021,BOI,ID,ANM,WE,Combined TRACON& Tower with Radar,75,23,14,0,112,0,0,0,0,0,75,23,14,0,112,0,0,0,112
02/14/2021,BOI,ID,ANM,WE,Combined TRACON& Tower with Radar,94,16,29,0,139,0,0,15,3,18,94,16,44,3,157,16,0,16,173
02/15/2021,BOI,ID,ANM,WE,Combined TRACON& Tower with Radar,118,16,37,0,171,0,0,15,1,16,118,16,52,1,187,46,0,46,233
02/16/2021,BOI,ID,ANM,WE,Combined TRACON& Tower with Radar,116,17,56,0,189,0,1,26,10,37,116,18,82,10,226,46,0,46,272
02/17/2021,BOI,ID,ANM,WE,Combined TRACON& Tower with Radar,109,33,53,5,200,0,3,81,8,92,109,36,134,13,292,34,0,34,326
02/18/2021,BOI,ID,ANM,WE,Combined TRACON& Tower with Radar,129,27,61,7,224,0,3,72,10,85,129,30,133,17,309,28,0,28,337
02/19/2021,BOI,ID,ANM,WE,Combined TRACON& Tower with Radar,129,30,51,12,222,0,3,22,15,40,129,33,73,27,262,16,0,16,278
02/20/2021,BOI,ID,ANM,WE,Combined TRACON& Tower with Radar,99,11,22,0,132,0,2,26,0,28,99,13,48,0,160,8,0,8,168
02/21/2021,BOI,ID,ANM,WE,Combined TRACON& Tower with Radar,116,15,40,0,171,0,1,40,0,41,116,16,80,0,212,2,0,2,214
02/22/2021,BOI,ID,ANM,WE,Combined TRACON& Tower with Radar,123,19,47,29,218,0,4,64,14,82,123,23,111,43,300,92,6,98,398
02/23/2021,BOI,ID,ANM,WE,Combined TRACON& Tower with Radar,121,14,65,32,232,0,5,72,11,88,121,19,137,43,320,38,20,58,378
02/24/2021,BOI,ID,ANM,WE,Combined TRACON& Tower with Radar,120,25,55,17,217,0,9,76,14,99,120,34,131,31,316,30,12,42,358
02/25/2021,BOI,ID,ANM,WE,Combined TRACON& Tower with Radar,125,22,60,3,210,0,6,71,12,89,125,28,131,15,299,42,0,42,341
02/26/2021,BOI,ID,ANM,WE,Combined TRACON& Tower with Radar,128,33,54,0,215,0,2,15,0,17,128,35,69,0,232,6,0,6,238
02/27/2021,BOI,ID,ANM,WE,Combined TRACON& Tower with Radar,101,16,31,0,148,0,2,46,0,48,101,18,77,0,196,58,0,58,254
02/28/2021,BOI,ID,ANM,WE,Combined TRACON& Tower with Radar,114,19,48,0,181,0,9,93,0,102,114,28,141,0,283,42,0,42,325
03/01/2021,BOI,ID,ANM,WE,Combined TRACON& Tower with Radar,123,30,56,3,212,0,8,65,5,78,123,38,121,8,290,40,0,40,330
03/02/2021,BOI,ID,ANM,WE,Combined TRACON& Tower with Radar,117,20,62,8,207,0,6,98,14,118,117,26,160,22,325,62,0,62,387
03/03/2021,BOI,ID,ANM,WE,Combined TRACON& Tower with Radar,120,32,68,20,240,0,5,107,14,126,120,37,175,34,366,132,6,138,504
03/04/2021,BOI,ID,ANM,WE,Combined TRACON& Tower with Radar,133,29,63,8,233,0,26,128,12,166,133,55,191,20,399,64,4,68,467
03/05/2021,BOI,ID,ANM,WE,Combined TRACON& Tower with Radar,128,17,52,6,203,0,16,67,13,96,128,33,119,19,299,12,6,18,317
03/06/2021,BOI,ID,ANM,WE,Combined TRACON& Tower with Radar,103,16,22,1,142,0,4,42,32,78,103,20,64,33,220,54,6,60,280
03/07/2021,BOI,ID,ANM,WE,Combined TRACON& Tower with Radar,123,25,39,5,192,0,5,69,11,85,123,30,108,16,277,26,4,30,307
03/08/2021,BOI,ID,ANM,WE,Combined TRACON& Tower with Radar,126,24,67,11,228,0,7,58,0,65,126,31,125,11,293,44,10,54,347
03/09/2021,BOI,ID,ANM,WE,Combined TRACON& Tower with Radar,121,24,70,8,223,0,4,90,13,107,121,28,160,21,330,86,6,92,422
03/10/2021,BOI,ID,ANM,WE,Combined TRACON& Tower with Radar,123,26,71,14,234,0,5,116,14,135,123,31,187,28,369,128,12,140,509
03/11/2021,BOI,ID,ANM,WE,Combined TRACON& Tower with Radar,137,28,70,18,253,0,17,115,19,151,137,45,185,37,404,40,0,40,444
03/12/2021,BOI,ID,ANM,WE,Combined TRACON& Tower with Radar,129,21,56,8,214,0,4,116,11,131,129,25,172,19,345,86,4,90,435
03/13/2021,BOI,ID,ANM,WE,Combined TRACON& Tower with Radar,104,20,27,6,157,0,9,96,9,114,104,29,123,15,271,68,6,74,345
03/14/2021,BOI,ID,ANM,WE,Combined TRACON& Tower with Radar,112,14,54,5,185,0,8,94,0,102,112,22,148,5,287,16,0,16,303
03/15/2021,BOI,ID,ANM,WE,Combined TRACON& Tower with Radar,117,24,50,19,210,0,6,62,26,94,117,30,112,45,304,38,0,38,342
03/16/2021,BOI,ID,ANM,WE,Combined TRACON& Tower with Radar,127,22,75,28,252,0,5,77,38,120,127,27,152,66,372,64,6,70,442
03/17/2021,BOI,ID,ANM,WE,Combined TRACON& Tower with Radar,117,26,60,31,234,0,10,102,29,141,117,36,162,60,375,94,12,106,481
03/18/2021,BOI,ID,ANM,WE,Combined TRACON& Tower with Radar,140,23,82,10,255,0,14,68,42,124,140,37,150,52,379,76,4,80,459
03/19/2021,BOI,ID,ANM,WE,Combined TRACON& Tower with Radar,134,30,67,11,242,0,4,36,17,57,134,34,103,28,299,36,0,36,335
03/20/2021,BOI,ID,ANM,WE,Combined TRACON& Tower with Radar,117,22,33,2,174,0,8,47,0,55,117,30,80,2,229,120,0,120,349
03/21/2021,BOI,ID,ANM,WE,Combined TRACON& Tower with Radar,120,18,29,2,169,0,10,75,3,88,120,28,104,5,257,30,0,30,287
03/22/2021,BOI,ID,ANM,WE,Combined TRACON& Tower with Radar,121,23,45,0,189,0,1,6,6,13,121,24,51,6,202,0,0,0,202
03/23/2021,BOI,ID,ANM,WE,Combined TRACON& Tower with Radar,128,34,55,15,232,0,7,55,35,97,128,41,110,50,329,66,4,70,399
03/24/2021,BOI,ID,ANM,WE,Combined TRACON& Tower with Radar,129,28,72,14,243,0,6,88,39,133,129,34,160,53,376,126,8,134,510
03/25/2021,BOI,ID,ANM,WE,Combined TRACON& Tower with Radar,141,24,50,12,227,0,2,19,20,41,141,26,69,32,268,70,0,70,338
03/26/2021,BOI,ID,ANM,WE,Combined TRACON& Tower with Radar,128,22,57,3,210,0,5,86,12,103,128,27,143,15,313,116,0,116,429
03/27/2021,BOI,ID,ANM,WE,Combined TRACON& Tower with Radar,110,21,40,0,171,0,7,117,10,134,110,28,157,10,305,82,0,82,387
03/28/2021,BOI,ID,ANM,WE,Combined TRACON& Tower with Radar,124,21,43,1,189,0,6,61,1,68,124,27,104,2,257,6,0,6,263
03/29/2021,BOI,ID,ANM,WE,Combined TRACON& Tower with Radar,122,27,74,6,229,0,3,27,5,35,122,30,101,11,264,18,0,18,282
03/30/2021,BOI,ID,ANM,WE,Combined TRACON& Tower with Radar,131,22,62,9,224,0,10,101,32,143,131,32,163,41,367,80,4,84,451
03/31/2021,BOI,ID,ANM,WE,Combined TRACON& Tower with Radar,121,29,81,9,240,0,12,124,24,160,121,41,205,33,400,88,0,88,488
04/01/2021,BOI,ID,ANM,WE,Combined TRACON& Tower with Radar,135,30,72,12,249,0,11,89,17,117,135,41,161,29,366,56,2,58,424
04/02/2021,BOI,ID,ANM,WE,Combined TRACON& Tower with Radar,128,30,80,5,243,0,6,124,9,139,128,36,204,14,382,182,10,192,574
04/03/2021,BOI,ID,ANM,WE,Combined TRACON& Tower with Radar,112,15,35,4,166,0,10,102,4,116,112,25,137,8,282,54,0,54,336
04/04/2021,BOI,ID,ANM,WE,Combined TRACON& Tower with Radar,116,24,28,0,168,0,6,59,1,66,116,30,87,1,234,26,0,26,260
04/05/2021,BOI,ID,ANM,WE,Combined TRACON& Tower with Radar,123,23,58,2,206,0,6,34,5,45,123,29,92,7,251,6,0,6,257
04/06/2021,BOI,ID,ANM,WE,Combined TRACON& Tower with Radar,121,16,65,28,230,0,7,117,13,137,121,23,182,41,367,56,8,64,431
04/07/2021,BOI,ID,ANM,WE,Combined TRACON& Tower with Radar,124,24,73,14,235,0,10,118,28,156,124,34,191,42,391,54,0,54,445
04/08/2021,BOI,ID,ANM,WE,Combined TRACON& Tower with Radar,135,31,67,15,248,0,12,64,19,95,135,43,131,34,343,20,10,30,373
04/09/2021,BOI,ID,ANM,WE,Combined TRACON& Tower with Radar,128,26,81,13,248,0,21,126,14,161,128,47,207,27,409,95,2,97,506
04/10/2021,BOI,ID,ANM,WE,Combined TRACON& Tower with Radar,111,16,28,11,166,0,7,48,13,68,111,23,76,24,234,46,0,46,280
04/11/2021,BOI,ID,ANM,WE,Combined TRACON& Tower with Radar,122,15,24,14,175,0,5,72,14,91,122,20,96,28,266,24,0,24,290
04/12/2021,BOI,ID,ANM,WE,Combined TRACON& Tower with Radar,124,16,57,8,205,0,11,117,6,134,124,27,174,14,339,33,0,33,372
04/13/2021,BOI,ID,ANM,WE,Combined TRACON& Tower with Radar,122,21,43,18,204,0,12,65,14,91,122,33,108,32,295,74,8,82,377
04/14/2021,BOI,ID,ANM,WE,Combined TRACON& Tower with Radar,121,30,68,18,237,0,6,79,30,115,121,36,147,48,352,74,6,80,432
04/15/2021,BOI,ID,ANM,WE,Combined TRACON& Tower with Radar,135,24,59,18,236,0,11,75,13,99,135,35,134,31,335,16,10,26,361
04/16/2021,BOI,ID,ANM,WE,Combined TRACON& Tower with Radar,131,22,64,12,229,0,9,95,17,121,131,31,159,29,350,86,0,86,436
04/17/2021,BOI,ID,ANM,WE,Combined TRACON& Tower with Radar,115,14,37,2,168,0,11,107,5,123,115,25,144,7,291,60,0,60,351
04/18/2021,BOI,ID,ANM,WE,Combined TRACON& Tower with Radar,118,15,45,4,182,0,9,84,5,98,118,24,129,9,280,68,0,68,348
04/19/2021,BOI,ID,ANM,WE,Combined TRACON& Tower with Radar,121,33,50,24,228,0,4,42,13,59,121,37,92,37,287,20,14,34,321
04/20/2021,BOI,ID,ANM,WE,Combined TRACON& Tower with Radar,122,20,57,24,223,0,19,119,37,175,122,39,176,61,398,122,12,134,532
04/21/2021,BOI,ID,ANM,WE,Combined TRACON& Tower with Radar,130,15,83,11,239,0,8,116,32,156,130,23,199,43,395,105,0,105,500
04/22/2021,BOI,ID,ANM,WE,Combined TRACON& Tower with Radar,140,21,86,15,262,0,5,128,26,159,140,26,214,41,421,88,0,88,509
04/23/2021,BOI,ID,ANM,WE,Combined TRACON& Tower with Radar,131,22,71,6,230,0,5,126,5,136,131,27,197,11,366,120,0,120,486
04/24/2021,BOI,ID,ANM,WE,Combined TRACON& Tower with Radar,113,16,27,6,162,0,6,29,0,35,113,22,56,6,197,42,0,42,239
04/25/2021,BOI,ID,ANM,WE,Combined TRACON& Tower with Radar,115,20,38,3,176,0,3,19,1,23,115,23,57,4,199,10,0,10,209
04/26/2021,BOI,ID,ANM,WE,Combined TRACON& Tower with Radar,122,21,52,3,198,0,2,21,16,39,122,23,73,19,237,60,0,60,297
04/27/2021,BOI,ID,ANM,WE,Combined TRACON& Tower with Radar,125,15,59,17,216,0,10,70,35,115,125,25,129,52,331,62,2,64,395
04/28/2021,BOI,ID,ANM,WE,Combined TRACON& Tower with Radar,124,25,59,5,213,0,23,99,27,149,124,48,158,32,362,156,0,156,518
04/29/2021,BOI,ID,ANM,WE,Combined TRACON& Tower with Radar,136,21,68,13,238,0,14,121,21,156,136,35,189,34,394,102,6,108,502
04/30/2021,BOI,ID,ANM,WE,Combined TRACON& Tower with Radar,129,15,52,5,201,0,3,119,24,146,129,18,171,29,347,72,10,82,429
05/01/2021,BOI,ID,ANM,WE,Combined TRACON& Tower with Radar,115,19,28,5,167,0,5,53,11,69,115,24,81,16,236,26,0,26,262
05/02/2021,BOI,ID,ANM,WE,Combined TRACON& Tower with Radar,116,13,39,6,174,0,6,17,15,38,116,19,56,21,212,4,4,8,220
05/03/2021,BOI,ID,ANM,WE,Combined TRACON& Tower with Radar,129,22,54,3,208,0,12,84,5,101,129,34,138,8,309,74,0,74,383
05/04/2021,BOI,ID,ANM,WE,Combined TRACON& Tower with Radar,122,19,62,9,212,0,7,78,16,101,122,26,140,25,313,56,0,56,369
05/05/2021,BOI,ID,ANM,WE,Combined TRACON& Tower with Radar,121,30,67,4,222,0,12,112,30,154,121,42,179,34,376,108,10,118,494
05/06/2021,BOI,ID,ANM,WE,Combined TRACON& Tower with Radar,141,34,52,2,229,0,11,58,21,90,141,45,110,23,319,38,2,40,359
05/07/2021,BOI,ID,ANM,WE,Combined TRACON& Tower with Radar,134,17,53,7,211,0,7,54,6,67,134,24,107,13,278,14,0,14,292
05/08/2021,BOI,ID,ANM,WE,Combined TRACON& Tower with Radar,123,11,34,2,170,0,7,71,2,80,123,18,105,4,250,52,0,52,302
05/09/2021,BOI,ID,ANM,WE,Combined TRACON& Tower with Radar,121,15,30,6,172,0,7,51,2,60,121,22,81,8,232,64,0,64,296
05/10/2021,BOI,ID,ANM,WE,Combined TRACON& Tower with Radar,129,22,76,3,230,0,16,75,19,110,129,38,151,22,340,30,0,30,370
05/11/2021,BOI,ID,ANM,WE,Combined TRACON& Tower with Radar,130,17,43,21,211,0,14,110,17,141,130,31,153,38,352,76,26,102,454
05/12/2021,BOI,ID,ANM,WE,Combined TRACON& Tower with Radar,131,18,82,36,267,0,13,96,32,141,131,31,178,68,408,2,12,14,422
05/13/2021,BOI,ID,ANM,WE,Combined TRACON& Tower with Radar,142,22,71,8,243,0,24,128,30,182,142,46,199,38,425,58,4,62,487
05/14/2021,BOI,ID,ANM,WE,Combined TRACON& Tower with Radar,133,20,63,10,226,0,10,111,14,135,133,30,174,24,361,50,16,66,427
05/15/2021,BOI,ID,ANM,WE,Combined TRACON& Tower with Radar,122,12,21,4,159,0,13,98,8,119,122,25,119,12,278,36,0,36,314
05/16/2021,BOI,ID,ANM,WE,Combined TRACON& Tower with Radar,126,17,55,2,200,0,4,85,3,92,126,21,140,5,292,64,0,64,356
05/17/2021,BOI,ID,ANM,WE,Combined TRACON& Tower with Radar,134,24,69,12,239,0,7,96,8,111,134,31,165,20,350,34,12,46,396
05/18/2021,BOI,ID,ANM,WE,Combined TRACON& Tower with Radar,126,30,64,8,228,0,9,62,15,86,126,39,126,23,314,64,2,66,380
05/19/2021,BOI,ID,ANM,WE,Combined TRACON& Tower with Radar,132,23,70,8,233,0,12,65,31,108,132,35,135,39,341,20,2,22,363
05/20/2021,BOI,ID,ANM,WE,Combined TRACON& Tower with Radar,127,35,78,14,254,1,17,43,20,81,128,52,121,34,335,52,0,52,387
05/21/2021,BOI,ID,ANM,WE,Combined TRACON& Tower with Radar,138,23,75,5,241,0,7,36,7,50,138,30,111,12,291,22,0,22,313
05/22/2021,BOI,ID,ANM,WE,Combined TRACON& Tower with Radar,124,22,24,4,174,0,0,14,0,14,124,22,38,4,188,26,0,26,214
05/23/2021,BOI,ID,ANM,WE,Combined TRACON& Tower with Radar,127,20,29,0,176,0,7,25,2,34,127,27,54,2,210,56,0,56,266
05/24/2021,BOI,ID,ANM,WE,Combined TRACON& Tower with Radar,129,22,51,4,206,0,6,69,15,90,129,28,120,19,296,50,0,50,346
05/25/2021,BOI,ID,ANM,WE,Combined TRACON& Tower with Radar,136,22,52,7,217,0,4,44,15,63,136,26,96,22,280,60,0,60,340
05/26/2021,BOI,ID,ANM,WE,Combined TRACON& Tower with Radar,130,20,74,13,237,0,10,146,18,174,130,30,220,31,411,110,0,110,521
05/27/2021,BOI,ID,ANM,WE,Combined TRACON& Tower with Radar,142,34,70,10,256,0,20,119,23,162,142,54,189,33,418,16,12,28,446
05/28/2021,BOI,ID,ANM,WE,Combined TRACON& Tower with Radar,141,20,72,7,240,0,16,124,0,140,141,36,196,7,380,38,2,40,420
05/29/2021,BOI,ID,ANM,WE,Combined TRACON& Tower with Radar,122,14,28,0,164,0,15,93,3,111,122,29,121,3,275,14,0,14,289
05/30/2021,BOI,ID,ANM,WE,Combined TRACON& Tower with Radar,126,13,26,0,165,0,19,74,0,93,126,32,100,0,258,6,0,6,264
05/31/2021,BOI,ID,ANM,WE,Combined TRACON& Tower with Radar,127,17,39,0,183,0,8,103,2,113,127,25,142,2,296,0,0,0,296
06/01/2021,BOI,ID,ANM,WE,Combined TRACON& Tower with Radar,126,14,58,8,206,0,7,114,11,132,126,21,172,19,338,50,0,50,388
06/02/2021,BOI,ID,ANM,WE,Combined TRACON& Tower with Radar,135,22,60,36,253,0,15,111,15,141,135,37,171,51,394,68,22,90,484
06/03/2021,BOI,ID,ANM,WE,Combined TRACON& Tower with Radar,144,43,72,22,281,0,13,86,21,120,144,56,158,43,401,86,26,112,513
06/04/2021,BOI,ID,ANM,WE,Combined TRACON& Tower with Radar,138,21,56,7,222,0,10,104,25,139,138,31,160,32,361,66,0,66,427
06/05/2021,BOI,ID,ANM,WE,Combined TRACON& Tower with Radar,126,12,28,6,172,0,8,66,6,80,126,20,94,12,252,24,0,24,276
06/06/2021,BOI,ID,ANM,WE,Combined TRACON& Tower with Radar,141,14,41,6,202,0,13,86,16,115,141,27,127,22,317,44,0,44,361
06/07/2021,BOI,ID,ANM,WE,Combined TRACON& Tower with Radar,148,24,58,16,246,0,8,117,13,138,148,32,175,29,384,62,18,80,464
06/08/2021,BOI,ID,ANM,WE,Combined TRACON& Tower with Radar,153,24,61,12,250,0,14,88,13,115,153,38,149,25,365,90,4,94,459
06/09/2021,BOI,ID,ANM,WE,Combined TRACON& Tower with Radar,152,33,63,2,250,0,11,91,13,115,152,44,154,15,365,54,2,56,421
06/10/2021,BOI,ID,ANM,WE,Combined TRACON& Tower with Radar,157,31,80,3,271,0,0,46,5,51,157,31,126,8,322,72,0,72,394
06/11/2021,BOI,ID,ANM,WE,Combined TRACON& Tower with Radar,157,32,61,5,255,0,8,94,11,113,157,40,155,16,368,54,0,54,422
06/12/2021,BOI,ID,ANM,WE,Combined TRACON& Tower with Radar,135,27,32,2,196,0,10,114,14,138,135,37,146,16,334,50,2,52,386
06/13/2021,BOI,ID,ANM,WE,Combined TRACON& Tower with Radar,142,19,32,3,196,0,12,71,5,88,142,31,103,8,284,33,0,33,317
06/14/2021,BOI,ID,ANM,WE,Combined TRACON& Tower with Radar,146,24,52,3,225,0,10,104,9,123,146,34,156,12,348,20,6,26,374
06/15/2021,BOI,ID,ANM,WE,Combined TRACON& Tower with Radar,153,20,82,7,262,0,15,104,18,137,153,35,186,25,399,70,0,70,469
06/16/2021,BOI,ID,ANM,WE,Combined TRACON& Tower with Radar,152,25,95,13,285,0,15,119,13,147,152,40,214,26,432,64,6,70,502
06/17/2021,BOI,ID,ANM,WE,Combined TRACON& Tower with Radar,168,26,65,16,275,0,13,125,20,158,168,39,190,36,433,92,2,94,527
06/18/2021,BOI,ID,ANM,WE,Combined TRACON& Tower with Radar,164,22,49,3,238,0,13,123,2,138,164,35,172,5,376,48,0,48,424
06/19/2021,BOI,ID,ANM,WE,Combined TRACON& Tower with Radar,150,21,38,3,212,0,9,117,2,128,150,30,155,5,340,20,0,20,360
06/20/2021,BOI,ID,ANM,WE,Combined TRACON& Tower with Radar,152,16,46,3,217,0,5,111,2,118,152,21,157,5,335,40,0,40,375
06/21/2021,BOI,ID,ANM,WE,Combined TRACON& Tower with Radar,154,37,66,10,267,0,13,115,8,136,154,50,181,18,403,55,0,55,458
06/22/2021,BOI,ID,ANM,WE,Combined TRACON& Tower with Radar,172,23,56,19,270,0,2,92,15,109,172,25,148,34,379,26,2,28,407
06/23/2021,BOI,ID,ANM,WE,Combined TRACON& Tower with Radar,160,32,82,8,282,3,20,123,17,163,163,52,205,25,445,36,0,36,481
06/24/2021,BOI,ID,ANM,WE,Combined TRACON& Tower with Radar,166,28,92,12,298,0,24,124,36,184,166,52,216,48,482,54,0,54,536
06/25/2021,BOI,ID,ANM,WE,Combined TRACON& Tower with Radar,165,33,59,15,272,0,22,151,12,185,165,55,210,27,457,38,4,42,499
06/26/2021,BOI,ID,ANM,WE,Combined TRACON& Tower with Radar,141,19,45,0,205,0,23,126,4,153,141,42,171,4,358,86,0,86,444
06/27/2021,BOI,ID,ANM,WE,Combined TRACON& Tower with Radar,149,19,45,2,215,0,11,112,1,124,149,30,157,3,339,70,0,70,409
06/28/2021,BOI,ID,ANM,WE,Combined TRACON& Tower with Radar,157,31,44,10,242,0,15,117,17,149,157,46,161,27,391,34,0,34,425
06/29/2021,BOI,ID,ANM,WE,Combined TRACON& Tower with Radar,164,30,83,17,294,0,25,108,16,149,164,55,191,33,443,62,0,62,505
06/30/2021,BOI,ID,ANM,WE,Combined TRACON& Tower with Radar,164,38,84,8,294,0,19,70,26,115,164,57,154,34,409,55,0,55,464
07/01/2021,BOI,ID,ANM,WE,Combined TRACON& Tower with Radar,173,36,83,9,301,0,24,88,27,139,173,60,171,36,440,18,4,22,462
07/02/2021,BOI,ID,ANM,WE,Combined TRACON& Tower with Radar,170,34,60,3,267,2,17,96,1,116,172,51,156,4,383,24,0,24,407
07/03/2021,BOI,ID,ANM,WE,Combined TRACON& Tower with Radar,143,20,24,2,189,4,23,75,9,111,147,43,99,11,300,30,0,30,330
07/04/2021,BOI,ID,ANM,WE,Combined TRACON& Tower with Radar,148,18,17,4,187,2,19,49,6,76,150,37,66,10,263,26,0,26,289
07/05/2021,BOI,ID,ANM,WE,Combined TRACON& Tower with Radar,164,27,48,0,239,2,21,108,11,142,166,48,156,11,381,10,0,10,391
07/06/2021,BOI,ID,ANM,WE,Combined TRACON& Tower with Radar,160,28,73,9,270,9,16,93,46,164,169,44,166,55,434,60,0,60,494
07/07/2021,BOI,ID,ANM,WE,Combined TRACON& Tower with Radar,163,29,63,11,266,3,6,116,37,162,166,35,179,48,428,98,13,111,539
07/08/2021,BOI,ID,ANM,WE,Combined TRACON& Tower with Radar,171,35,53,11,270,6,30,160,30,226,177,65,213,41,496,26,6,32,528
07/09/2021,BOI,ID,ANM,WE,Combined TRACON& Tower with Radar,173,33,71,15,292,0,17,126,36,179,173,50,197,51,471,62,6,68,539
07/10/2021,BOI,ID,ANM,WE,Combined TRACON& Tower with Radar,156,24,50,5,235,2,15,115,1,133,158,39,165,6,368,78,0,78,446
07/11/2021,BOI,ID,ANM,WE,Combined TRACON& Tower with Radar,155,41,57,8,261,0,25,88,6,119,155,66,145,14,380,52,0,52,432
07/12/2021,BOI,ID,ANM,WE,Combined TRACON& Tower with Radar,163,41,61,21,286,0,17,99,1,117,163,58,160,22,403,72,8,80,483
07/13/2021,BOI,ID,ANM,WE,Combined TRACON& Tower with Radar,172,32,63,18,285,0,16,92,13,121,172,48,155,31,406,132,2,134,540
07/14/2021,BOI,ID,ANM,WE,Combined TRACON& Tower with Radar,170,30,96,9,305,0,13,108,18,139,170,43,204,27,444,83,0,83,527
07/15/2021,BOI,ID,ANM,WE,Combined TRACON& Tower with Radar,177,29,79,15,300,0,11,119,11,141,177,40,198,26,441,70,4,74,515
07/16/2021,BOI,ID,ANM,WE,Combined TRACON& Tower with Radar,171,36,70,13,290,1,22,111,21,155,172,58,181,34,445,86,4,90,535
07/17/2021,BOI,ID,ANM,WE,Combined TRACON& Tower with Radar,149,20,46,7,222,1,23,116,16,156,150,43,162,23,378,64,0,64,442
07/18/2021,BOI,ID,ANM,WE,Combined TRACON& Tower with Radar,158,27,48,6,239,17,14,90,30,151,175,41,138,36,390,76,0,76,466
07/19/2021,BOI,ID,ANM,WE,Combined TRACON& Tower with Radar,161,26,68,9,264,9,16,93,25,143,170,42,161,34,407,0,0,0,407
07/20/2021,BOI,ID,ANM,WE,Combined TRACON& Tower with Radar,188,29,62,13,292,3,12,103,20,138,191,41,165,33,430,16,2,18,448
07/21/2021,BOI,ID,ANM,WE,Combined TRACON& Tower with Radar,166,31,74,12,283,0,11,116,27,154,166,42,190,39,437,4,0,4,441
07/22/2021,BOI,ID,ANM,WE,Combined TRACON& Tower with Radar,178,44,66,12,300,0,8,127,15,150,178,52,193,27,450,0,0,0,450
07/23/2021,BOI,ID,ANM,WE,Combined TRACON& Tower with Radar,174,25,50,9,258,0,9,121,9,139,174,34,171,18,397,52,0,52,449
07/24/2021,BOI,ID,ANM,WE,Combined TRACON& Tower with Radar,150,26,34,5,215,1,12,85,6,104,151,38,119,11,319,0,0,0,319
07/25/2021,BOI,ID,ANM,WE,Combined TRACON& Tower with Radar,161,20,57,6,244,0,13,80,4,97,161,33,137,10,341,6,0,6,347
07/26/2021,BOI,ID,ANM,WE,Combined TRACON& Tower with Radar,165,30,51,14,260,0,9,78,11,98,165,39,129,25,358,24,0,24,382
07/27/2021,BOI,ID,ANM,WE,Combined TRACON& Tower with Radar,171,28,60,19,278,0,19,84,13,116,171,47,144,32,394,20,0,20,414
07/28/2021,BOI,ID,ANM,WE,Combined TRACON& Tower with Radar,174,31,67,29,301,8,11,65,33,117,182,42,132,62,418,0,0,0,418
07/29/2021,BOI,ID,ANM,WE,Combined TRACON& Tower with Radar,173,34,73,14,294,0,14,118,17,149,173,48,191,31,443,0,0,0,443
07/30/2021,BOI,ID,ANM,WE,Combined TRACON& Tower with Radar,170,32,57,4,263,1,14,133,12,160,171,46,190,16,423,14,0,14,437
07/31/2021,BOI,ID,ANM,WE,Combined TRACON& Tower with Radar,147,22,29,4,202,0,23,59,1,83,147,45,88,5,285,36,0,36,321
08/01/2021,BOI,ID,ANM,WE,Combined TRACON& Tower with Radar,158,23,40,3,224,0,7,44,0,51,158,30,84,3,275,2,0,2,277
08/02/2021,BOI,ID,ANM,WE,Combined TRACON& Tower with Radar,160,30,58,8,256,0,8,81,18,107,160,38,139,26,363,16,0,16,379
08/03/2021,BOI,ID,ANM,WE,Combined TRACON& Tower with Radar,171,29,56,10,266,2,10,97,17,126,173,39,153,27,392,8,4,12,404
08/04/2021,BOI,ID,ANM,WE,Combined TRACON& Tower with Radar,169,38,53,7,267,6,20,109,24,159,175,58,162,31,426,16,0,16,442
08/05/2021,BOI,ID,ANM,WE,Combined TRACON& Tower with Radar,171,28,58,7,264,6,12,86,14,118,177,40,144,21,382,2,0,2,384
08/06/2021,BOI,ID,ANM,WE,Combined TRACON& Tower with Radar,166,33,60,5,264,0,22,88,7,117,166,55,148,12,381,0,0,0,381
08/07/2021,BOI,ID,ANM,WE,Combined TRACON& Tower with Radar,147,19,46,2,214,1,19,134,13,167,148,38,180,15,381,35,0,35,416
08/08/2021,BOI,ID,ANM,WE,Combined TRACON& Tower with Radar,155,22,43,2,222,1,23,90,5,119,156,45,133,7,341,16,0,16,357
08/09/2021,BOI,ID,ANM,WE,Combined TRACON& Tower with Radar,162,32,64,8,266,0,8,143,7,158,162,40,207,15,424,42,0,42,466
08/10/2021,BOI,ID,ANM,WE,Combined TRACON& Tower with Radar,168,33,52,16,269,1,19,123,31,174,169,52,175,47,443,42,6,48,491
08/11/2021,BOI,ID,ANM,WE,Combined TRACON& Tower with Radar,165,36,92,16,309,2,11,135,26,174,167,47,227,42,483,40,0,40,523
08/12/2021,BOI,ID,ANM,WE,Combined TRACON& Tower with Radar,168,32,63,9,272,3,27,128,37,195,171,59,191,46,467,20,4,24,491
08/13/2021,BOI,ID,ANM,WE,Combined TRACON& Tower with Radar,171,32,61,7,271,0,6,76,13,95,171,38,137,20,366,0,0,0,366
08/14/2021,BOI,ID,ANM,WE,Combined TRACON& Tower with Radar,145,30,54,8,237,0,15,45,0,60,145,45,99,8,297,0,0,0,297
08/15/2021,BOI,ID,ANM,WE,Combined TRACON& Tower with Radar,153,28,54,3,238,0,15,32,3,50,153,43,86,6,288,18,2,20,308
08/16/2021,BOI,ID,ANM,WE,Combined TRACON& Tower with Radar,162,42,70,18,292,1,19,70,15,105,163,61,140,33,397,0,0,0,397
08/17/2021,BOI,ID,ANM,WE,Combined TRACON& Tower with Radar,170,44,82,17,313,0,22,91,20,133,170,66,173,37,446,0,0,0,446
08/18/2021,BOI,ID,ANM,WE,Combined TRACON& Tower with Radar,169,27,87,12,295,2,17,95,27,141,171,44,182,39,436,0,0,0,436
08/19/2021,BOI,ID,ANM,WE,Combined TRACON& Tower with Radar,181,28,78,24,311,0,16,110,21,147,181,44,188,45,458,64,6,70,528
08/20/2021,BOI,ID,ANM,WE,Combined TRACON& Tower with Radar,175,32,56,6,269,0,16,116,1,133,175,48,172,7,402,2,0,2,404
08/21/2021,BOI,ID,ANM,WE,Combined TRACON& Tower with Radar,155,23,44,5,227,0,5,30,1,36,155,28,74,6,263,0,0,0,263
08/22/2021,BOI,ID,ANM,WE,Combined TRACON& Tower with Radar,159,22,52,2,235,0,15,111,6,132,159,37,163,8,367,10,0,10,377
08/23/2021,BOI,ID,ANM,WE,Combined TRACON& Tower with Radar,163,20,53,13,249,1,18,120,19,158,164,38,173,32,407,30,2,32,439
08/24/2021,BOI,ID,ANM,WE,Combined TRACON& Tower with Radar,166,29,78,11,284,0,14,138,27,179,166,43,216,38,463,18,0,18,481
08/25/2021,BOI,ID,ANM,WE,Combined TRACON& Tower with Radar,164,34,55,11,264,1,11,112,31,155,165,45,167,42,419,18,8,26,445
08/26/2021,BOI,ID,ANM,WE,Combined TRACON& Tower with Radar,176,31,69,7,283,0,19,100,14,133,176,50,169,21,416,22,0,22,438
08/27/2021,BOI,ID,ANM,WE,Combined TRACON& Tower with Radar,174,33,53,17,277,0,6,110,18,134,174,39,163,35,411,8,6,14,425
08/28/2021,BOI,ID,ANM,WE,Combined TRACON& Tower with Radar,157,22,33,13,225,0,25,92,18,135,157,47,125,31,360,24,0,24,384
08/29/2021,BOI,ID,ANM,WE,Combined TRACON& Tower with Radar,155,25,34,11,225,0,9,88,14,111,155,34,122,25,336,16,0,16,352
08/30/2021,BOI,ID,ANM,WE,Combined TRACON& Tower with Radar,163,33,66,10,272,1,13,95,9,118,164,46,161,19,390,8,0,8,398
08/31/2021,BOI,ID,ANM,WE,Combined TRACON& Tower with Radar,163,31,50,13,257,0,14,96,14,124,163,45,146,27,381,0,2,2,383
09/01/2021,BOI,ID,ANM,WE,Combined TRACON& Tower with Radar,167,33,63,6,269,0,10,84,8,102,167,43,147,14,371,30,0,30,401
09/02/2021,BOI,ID,ANM,WE,Combined TRACON& Tower with Radar,178,24,67,7,276,0,20,120,19,159,178,44,187,26,435,0,0,0,435
09/03/2021,BOI,ID,ANM,WE,Combined TRACON& Tower with Radar,175,24,61,9,269,0,18,119,7,144,175,42,180,16,413,24,0,24,437
09/04/2021,BOI,ID,ANM,WE,Combined TRACON& Tower with Radar,151,17,36,3,207,0,14,102,0,116,151,31,138,3,323,16,0,16,339
09/05/2021,BOI,ID,ANM,WE,Combined TRACON& Tower with Radar,150,23,28,4,205,0,12,49,4,65,150,35,77,8,270,0,0,0,270
09/06/2021,BOI,ID,ANM,WE,Combined TRACON& Tower with Radar,157,22,48,5,232,0,16,76,1,93,157,38,124,6,325,24,0,24,349
09/07/2021,BOI,ID,ANM,WE,Combined TRACON& Tower with Radar,155,39,73,6,273,0,15,85,16,116,155,54,158,22,389,8,0,8,397
09/08/2021,BOI,ID,ANM,WE,Combined TRACON& Tower with Radar,147,40,91,11,289,0,10,82,16,108,147,50,173,27,397,10,0,10,407
09/09/2021,BOI,ID,ANM,WE,Combined TRACON& Tower with Radar,163,41,76,24,304,2,14,73,13,102,165,55,149,37,406,14,0,14,420
09/10/2021,BOI,ID,ANM,WE,Combined TRACON& Tower with Radar,164,35,60,8,267,0,11,47,5,63,164,46,107,13,330,0,4,4,334
09/11/2021,BOI,ID,ANM,WE,Combined TRACON& Tower with Radar,135,29,26,17,207,0,7,68,44,119,135,36,94,61,326,0,0,0,326
09/12/2021,BOI,ID,ANM,WE,Combined TRACON& Tower with Radar,148,29,46,11,234,0,20,89,17,126,148,49,135,28,360,0,0,0,360
09/13/2021,BOI,ID,ANM,WE,Combined TRACON& Tower with Radar,161,29,49,16,255,0,8,54,6,68,161,37,103,22,323,26,0,26,349
09/14/2021,BOI,ID,ANM,WE,Combined TRACON& Tower with Radar,139,30,44,19,232,0,15,148,12,175,139,45,192,31,407,32,2,34,441
09/15/2021,BOI,ID,ANM,WE,Combined TRACON& Tower with Radar,142,50,67,11,270,0,10,97,18,125,142,60,164,29,395,0,0,0,395
09/16/2021,BOI,ID,ANM,WE,Combined TRACON& Tower with Radar,173,28,67,13,281,0,17,135,21,173,173,45,202,34,454,16,0,16,470
09/17/2021,BOI,ID,ANM,WE,Combined TRACON& Tower with Radar,164,29,64,13,270,0,13,115,16,144,164,42,179,29,414,0,0,0,414
09/18/2021,BOI,ID,ANM,WE,Combined TRACON& Tower with Radar,136,27,38,3,204,0,10,59,0,69,136,37,97,3,273,0,0,0,273
09/19/2021,BOI,ID,ANM,WE,Combined TRACON& Tower with Radar,147,37,63,4,251,0,8,20,0,28,147,45,83,4,279,0,0,0,279
09/20/2021,BOI,ID,ANM,WE,Combined TRACON& Tower with Radar,158,35,63,9,265,0,11,109,15,135,158,46,172,24,400,8,4,12,412
09/21/2021,BOI,ID,ANM,WE,Combined TRACON& Tower with Radar,140,32,39,12,223,0,7,128,13,148,140,39,167,25,371,0,0,0,371
09/22/2021,BOI,ID,ANM,WE,Combined TRACON& Tower with Radar,145,36,62,10,253,0,8,115,10,133,145,44,177,20,386,18,0,18,404
09/23/2021,BOI,ID,ANM,WE,Combined TRACON& Tower with Radar,171,38,63,18,290,0,15,113,21,149,171,53,176,39,439,24,0,24,463
09/24/2021,BOI,ID,ANM,WE,Combined TRACON& Tower with Radar,162,36,51,5,254,0,24,136,5,165,162,60,187,10,419,12,0,12,431
09/25/2021,BOI,ID,ANM,WE,Combined TRACON& Tower with Radar,139,28,37,5,209,0,20,81,10,111,139,48,118,15,320,2,0,2,322
09/26/2021,BOI,ID,ANM,WE,Combined TRACON& Tower with Radar,146,28,36,6,216,1,4,77,3,85,147,32,113,9,301,10,0,10,311
09/27/2021,BOI,ID,ANM,WE,Combined TRACON& Tower with Radar,159,31,39,7,236,1,13,116,23,153,160,44,155,30,389,0,0,0,389
09/28/2021,BOI,ID,ANM,WE,Combined TRACON& Tower with Radar,147,39,66,21,273,0,9,52,21,82,147,48,118,42,355,34,0,34,389
09/29/2021,BOI,ID,ANM,WE,Combined TRACON& Tower with Radar,148,29,55,8,240,0,12,98,27,137,148,41,153,35,377,0,0,0,377
09/30/2021,BOI,ID,ANM,WE,Combined TRACON& Tower with Radar,165,37,74,7,283,1,14,100,19,134,166,51,174,26,417,0,0,0,417
10/01/2021,BOI,ID,ANM,WE,Combined TRACON& Tower with Radar,169,38,79,3,289,0,18,108,23,149,169,56,187,26,438,4,0,4,442
10/02/2021,BOI,ID,ANM,WE,Combined TRACON& Tower with Radar,130,19,36,4,189,0,14,85,22,121,130,33,121,26,310,24,4,28,338
10/03/2021,BOI,ID,ANM,WE,Combined TRACON& Tower with Radar,150,20,34,4,208,0,10,79,15,104,150,30,113,19,312,14,2,16,328
10/04/2021,BOI,ID,ANM,WE,Combined TRACON& Tower with Radar,155,29,66,4,254,0,9,108,9,126,155,38,174,13,380,11,0,11,391
10/05/2021,BOI,ID,ANM,WE,Combined TRACON& Tower with Radar,143,34,73,6,256,0,11,106,11,128,143,45,179,17,384,48,0,48,432
10/06/2021,BOI,ID,ANM,WE,Combined TRACON& Tower with Radar,147,28,75,10,260,0,8,75,18,101,147,36,150,28,361,14,0,14,375
10/07/2021,BOI,ID,ANM,WE,Combined TRACON& Tower with Radar,157,35,93,5,290,0,8,91,18,117,157,43,184,23,407,6,0,6,413
10/08/2021,BOI,ID,ANM,WE,Combined TRACON& Tower with Radar,149,44,57,8,258,0,2,26,19,47,149,46,83,27,305,0,0,0,305
10/09/2021,BOI,ID,ANM,WE,Combined TRACON& Tower with Radar,122,26,42,9,199,0,9,67,1,77,122,35,109,10,276,14,0,14,290
10/10/2021,BOI,ID,ANM,WE,Combined TRACON& Tower with Radar,137,24,60,9,230,0,7,60,1,68,137,31,120,10,298,2,0,2,300
10/11/2021,BOI,ID,ANM,WE,Combined TRACON& Tower with Radar,145,28,52,4,229,0,15,14,0,29,145,43,66,4,258,0,0,0,258
10/12/2021,BOI,ID,ANM,WE,Combined TRACON& Tower with Radar,133,24,46,12,215,0,3,59,11,73,133,27,105,23,288,6,0,6,294
10/13/2021,BOI,ID,ANM,WE,Combined TRACON& Tower with Radar,133,38,71,14,256,0,12,72,13,97,133,50,143,27,353,8,0,8,361
10/14/2021,BOI,ID,ANM,WE,Combined TRACON& Tower with Radar,159,33,84,13,289,0,5,112,8,125,159,38,196,21,414,0,0,0,414
10/15/2021,BOI,ID,ANM,WE,Combined TRACON& Tower with Radar,153,28,81,6,268,0,21,126,12,159,153,49,207,18,427,18,4,22,449
10/16/2021,BOI,ID,ANM,WE,Combined TRACON& Tower with Radar,120,19,41,4,184,0,10,107,7,124,120,29,148,11,308,16,0,16,324
10/17/2021,BOI,ID,ANM,WE,Combined TRACON& Tower with Radar,149,24,43,4,220,0,15,81,2,98,149,39,124,6,318,10,0,10,328
10/18/2021,BOI,ID,ANM,WE,Combined TRACON& Tower with Radar,151,25,65,4,245,0,7,72,6,85,151,32,137,10,330,18,0,18,348
10/19/2021,BOI,ID,ANM,WE,Combined TRACON& Tower with Radar,128,31,74,6,239,0,11,110,15,136,128,42,184,21,375,10,12,22,397
10/20/2021,BOI,ID,ANM,WE,Combined TRACON& Tower with Radar,135,31,63,9,238,0,11,54,11,76,135,42,117,20,314,0,0,0,314
10/21/2021,BOI,ID,ANM,WE,Combined TRACON& Tower with Radar,137,23,81,3,244,0,5,117,7,129,137,28,198,10,373,24,0,24,397
10/22/2021,BOI,ID,ANM,WE,Combined TRACON& Tower with Radar,146,25,59,4,234,0,9,21,3,33,146,34,80,7,267,12,0,12,279
10/23/2021,BOI,ID,ANM,WE,Combined TRACON& Tower with Radar,121,35,37,4,197,0,6,42,1,49,121,41,79,5,246,8,0,8,254
10/24/2021,BOI,ID,ANM,WE,Combined TRACON& Tower with Radar,141,22,35,1,199,0,0,3,0,3,141,22,38,1,202,0,0,0,202
10/25/2021,BOI,ID,ANM,WE,Combined TRACON& Tower with Radar,150,35,61,5,251,0,2,20,12,34,150,37,81,17,285,22,0,22,307
10/26/2021,BOI,ID,ANM,WE,Combined TRACON& Tower with Radar,133,38,66,2,239,0,6,32,26,64,133,44,98,28,303,2,2,4,307
10/27/2021,BOI,ID,ANM,WE,Combined TRACON& Tower with Radar,130,41,92,21,284,0,3,109,22,134,130,44,201,43,418,28,0,28,446
10/28/2021,BOI,ID,ANM,WE,Combined TRACON& Tower with Radar,157,35,98,9,299,0,6,115,30,151,157,41,213,39,450,14,0,14,464
10/29/2021,BOI,ID,ANM,WE,Combined TRACON& Tower with Radar,156,27,65,2,250,0,8,100,7,115,156,35,165,9,365,26,2,28,393
10/30/2021,BOI,ID,ANM,WE,Combined TRACON& Tower with Radar,117,25,57,2,201,0,2,42,0,44,117,27,99,2,245,0,0,0,245
10/31/2021,BOI,ID,ANM,WE,Combined TRACON& Tower with Radar,128,26,44,2,200,0,3,71,2,76,128,29,115,4,276,4,0,4,280
11/01/2021,BOI,ID,ANM,WE,Combined TRACON& Tower with Radar,139,38,67,2,246,0,9,55,15,79,139,47,122,17,325,36,0,36,361
11/02/2021,BOI,ID,ANM,WE,Combined TRACON& Tower with Radar,131,28,57,10,226,0,2,59,22,83,131,30,116,32,309,10,0,10,319
11/03/2021,BOI,ID,ANM,WE,Combined TRACON& Tower with Radar,127,31,55,9,222,0,7,139,27,173,127,38,194,36,395,12,8,20,415
11/04/2021,BOI,ID,ANM,WE,Combined TRACON& Tower with Radar,158,44,78,4,284,0,8,30,16,54,158,52,108,20,338,0,0,0,338
11/05/2021,BOI,ID,ANM,WE,Combined TRACON& Tower with Radar,149,31,82,6,268,0,4,80,14,98,149,35,162,20,366,22,0,22,388
11/06/2021,BOI,ID,ANM,WE,Combined TRACON& Tower with Radar,119,19,46,2,186,0,3,51,31,85,119,22,97,33,271,10,4,14,285
11/07/2021,BOI,ID,ANM,WE,Combined TRACON& Tower with Radar,139,23,51,2,215,0,7,77,17,101,139,30,128,19,316,24,4,28,344
11/08/2021,BOI,ID,ANM,WE,Combined TRACON& Tower with Radar,142,39,58,0,239,0,10,103,7,120,142,49,161,7,359,32,0,32,391
11/09/2021,BOI,ID,ANM,WE,Combined TRACON& Tower with Radar,127,35,65,9,236,0,4,25,15,44,127,39,90,24,280,46,0,46,326
11/10/2021,BOI,ID,ANM,WE,Combined TRACON& Tower with Radar,134,32,78,7,251,0,12,95,23,130,134,44,173,30,381,10,0,10,391
11/11/2021,BOI,ID,ANM,WE,Combined TRACON& Tower with Radar,154,32,65,15,266,0,6,41,0,47,154,38,106,15,313,2,0,2,315
11/12/2021,BOI,ID,ANM,WE,Combined TRACON& Tower with Radar,150,28,75,2,255,0,8,95,1,104,150,36,170,3,359,34,0,34,393
11/13/2021,BOI,ID,ANM,WE,Combined TRACON& Tower with Radar,116,26,51,2,195,0,4,77,0,81,116,30,128,2,276,6,0,6,282
11/14/2021,BOI,ID,ANM,WE,Combined TRACON& Tower with Radar,142,28,57,2,229,0,6,86,0,92,142,34,143,2,321,36,0,36,357
11/15/2021,BOI,ID,ANM,WE,Combined TRACON& Tower with Radar,149,28,77,8,262,0,12,85,10,107,149,40,162,18,369,0,0,0,369
11/16/2021,BOI,ID,ANM,WE,Combined TRACON& Tower with Radar,123,32,86,7,248,0,5,58,21,84,123,37,144,28,332,10,0,10,342
11/17/2021,BOI,ID,ANM,WE,Combined TRACON& Tower with Radar,128,33,80,21,262,0,15,114,18,147,128,48,194,39,409,8,0,8,417
11/18/2021,BOI,ID,ANM,WE,Combined TRACON& Tower with Radar,151,34,85,8,278,0,2,87,15,104,151,36,172,23,382,4,0,4,386
11/19/2021,BOI,ID,ANM,WE,Combined TRACON& Tower with Radar,152,38,71,6,267,0,9,45,3,57,152,47,116,9,324,14,0,14,338
11/20/2021,BOI,ID,ANM,WE,Combined TRACON& Tower with Radar,131,24,46,1,202,0,7,81,1,89,131,31,127,2,291,26,0,26,317
11/21/2021,BOI,ID,ANM,WE,Combined TRACON& Tower with Radar,146,23,47,0,216,0,6,80,0,86,146,29,127,0,302,22,0,22,324
11/22/2021,BOI,ID,ANM,WE,Combined TRACON& Tower with Radar,148,30,64,14,256,0,2,105,16,123,148,32,169,30,379,18,16,34,413
11/23/2021,BOI,ID,ANM,WE,Combined TRACON& Tower with Radar,153,26,65,9,253,0,7,25,12,44,153,33,90,21,297,0,4,4,301
11/24/2021,BOI,ID,ANM,WE,Combined TRACON& Tower with Radar,149,34,60,0,243,0,3,99,16,118,149,37,159,16,361,26,2,28,389
11/25/2021,BOI,ID,ANM,WE,Combined TRACON& Tower with Radar,90,12,15,0,117,0,6,40,0,46,90,18,55,0,163,0,0,0,163
11/26/2021,BOI,ID,ANM,WE,Combined TRACON& Tower with Radar,126,26,41,0,193,0,4,50,0,54,126,30,91,0,247,30,0,30,277
11/27/2021,BOI,ID,ANM,WE,Combined TRACON& Tower with Radar,141,19,38,0,198,0,0,74,0,74,141,19,112,0,272,14,0,14,286
11/28/2021,BOI,ID,ANM,WE,Combined TRACON& Tower with Radar,140,22,78,0,240,0,4,69,0,73,140,26,147,0,313,32,0,32,345
11/29/2021,BOI,ID,ANM,WE,Combined TRACON& Tower with Radar,146,38,62,12,258,0,9,73,10,92,146,47,135,22,350,18,0,18,368
11/30/2021,BOI,ID,ANM,WE,Combined TRACON& Tower with Radar,150,38,69,10,267,0,7,102,14,123,150,45,171,24,390,20,0,20,410
12/01/2021,BOI,ID,ANM,WE,Combined TRACON& Tower with Radar,132,42,61,6,241,0,10,86,13,109,132,52,147,19,350,34,12,46,396
12/02/2021,BOI,ID,ANM,WE,Combined TRACON& Tower with Radar,143,33,75,3,254,0,2,106,16,124,143,35,181,19,378,22,2,24,402
12/03/2021,BOI,ID,ANM,WE,Combined TRACON& Tower with Radar,142,29,61,5,237,0,3,85,12,100,142,32,146,17,337,11,0,11,348
12/04/2021,BOI,ID,ANM,WE,Combined TRACON& Tower with Radar,104,14,57,2,177,0,4,65,3,72,104,18,122,5,249,10,0,10,259
12/05/2021,BOI,ID,ANM,WE,Combined TRACON& Tower with Radar,127,24,40,2,193,0,3,64,1,68,127,27,104,3,261,100,0,100,361
12/06/2021,BOI,ID,ANM,WE,Combined TRACON& Tower with Radar,135,26,40,1,202,0,2,8,0,10,135,28,48,1,212,0,0,0,212
12/07/2021,BOI,ID,ANM,WE,Combined TRACON& Tower with Radar,127,19,64,9,219,0,0,3,8,11,127,19,67,17,230,0,0,0,230
12/08/2021,BOI,ID,ANM,WE,Combined TRACON& Tower with Radar,138,31,58,6,233,0,2,33,15,50,138,33,91,21,283,14,0,14,297
12/09/2021,BOI,ID,ANM,WE,Combined TRACON& Tower with Radar,146,39,89,25,299,0,7,59,19,85,146,46,148,44,384,91,0,91,475
12/10/2021,BOI,ID,ANM,WE,Combined TRACON& Tower with Radar,134,36,68,3,241,0,8,71,9,88,134,44,139,12,329,112,2,114,443
12/11/2021,BOI,ID,ANM,WE,Combined TRACON& Tower with Radar,112,21,26,1,160,0,0,11,7,18,112,21,37,8,178,2,0,2,180
12/12/2021,BOI,ID,ANM,WE,Combined TRACON& Tower with Radar,127,20,46,3,196,0,3,21,4,28,127,23,67,7,224,14,0,14,238
12/13/2021,BOI,ID,ANM,WE,Combined TRACON& Tower with Radar,134,35,62,6,237,0,0,9,7,16,134,35,71,13,253,14,0,14,267
12/14/2021,BOI,ID,ANM,WE,Combined TRACON& Tower with Radar,123,32,66,5,226,0,1,5,6,12,123,33,71,11,238,0,0,0,238
12/15/2021,BOI,ID,ANM,WE,Combined TRACON& Tower with Radar,130,26,69,6,231,0,3,28,12,43,130,29,97,18,274,86,32,118,392
12/16/2021,BOI,ID,ANM,WE,Combined TRACON& Tower with Radar,147,32,70,2,251,0,0,7,3,10,147,32,77,5,261,0,0,0,261
12/17/2021,BOI,ID,ANM,WE,Combined TRACON& Tower with Radar,155,48,91,5,299,0,8,95,4,107,155,56,186,9,406,164,0,164,570
12/18/2021,BOI,ID,ANM,WE,Combined TRACON& Tower with Radar,132,20,56,0,208,0,5,69,0,74,132,25,125,0,282,2,0,2,284
12/19/2021,BOI,ID,ANM,WE,Combined TRACON& Tower with Radar,142,26,42,0,210,0,6,18,0,24,142,32,60,0,234,26,0,26,260
12/20/2021,BOI,ID,ANM,WE,Combined TRACON& Tower with Radar,145,36,54,7,242,0,12,73,16,101,145,48,127,23,343,26,0,26,369
12/21/2021,BOI,ID,ANM,WE,Combined TRACON& Tower with Radar,139,42,47,5,233,0,5,55,16,76,139,47,102,21,309,80,6,86,395
12/22/2021,BOI,ID,ANM,WE,Combined TRACON& Tower with Radar,147,34,62,2,245,0,2,44,15,61,147,36,106,17,306,48,6,54,360
12/23/2021,BOI,ID,ANM,WE,Combined TRACON& Tower with Radar,149,36,58,2,245,0,5,17,0,22,149,41,75,2,267,0,0,0,267
12/24/2021,BOI,ID,ANM,WE,Combined TRACON& Tower with Radar,133,21,21,0,175,0,4,24,0,28,133,25,45,0,203,12,0,12,215
12/25/2021,BOI,ID,ANM,WE,Combined TRACON& Tower with Radar,104,22,13,0,139,0,0,2,0,2,104,22,15,0,141,0,0,0,141
12/26/2021,BOI,ID,ANM,WE,Combined TRACON& Tower with Radar,114,21,46,0,181,0,2,5,0,7,114,23,51,0,188,0,0,0,188
12/27/2021,BOI,ID,ANM,WE,Combined TRACON& Tower with Radar,121,37,65,0,223,0,5,9,2,16,121,42,74,2,239,28,0,28,267
12/28/2021,BOI,ID,ANM,WE,Combined TRACON& Tower with Radar,115,35,53,4,207,0,0,6,4,10,115,35,59,8,217,42,0,42,259
12/29/2021,BOI,ID,ANM,WE,Combined TRACON& Tower with Radar,136,29,33,1,199,0,0,0,0,0,136,29,33,1,199,0,0,0,199
12/30/2021,BOI,ID,ANM,WE,Combined TRACON& Tower with Radar,133,38,25,1,197,0,0,0,0,0,133,38,25,1,197,0,0,0,197
12/31/2021,BOI,ID,ANM,WE,Combined TRACON& Tower with Radar,135,27,52,0,214,0,0,42,0,42,135,27,94,0,256,28,0,28,284
01/01/2022,BOI,ID,ANM,WE,Combined TRACON& Tower with Radar,105,18,34,0,157,0,5,46,1,52,105,23,80,1,209,82,0,82,291
01/02/2022,BOI,ID,ANM,WE,Combined TRACON& Tower with Radar,127,25,46,0,198,0,13,37,0,50,127,38,83,0,248,42,0,42,290
01/03/2022,BOI,ID,ANM,WE,Combined TRACON& Tower with Radar,129,34,51,1,215,0,4,15,7,26,129,38,66,8,241,14,0,14,255
01/04/2022,BOI,ID,ANM,WE,Combined TRACON& Tower with Radar,141,19,44,5,209,0,0,5,1,6,141,19,49,6,215,4,0,4,219
01/05/2022,BOI,ID,ANM,WE,Combined TRACON& Tower with Radar,134,18,42,2,196,0,0,4,8,12,134,18,46,10,208,54,0,54,262
01/06/2022,BOI,ID,ANM,WE,Combined TRACON& Tower with Radar,144,27,43,6,220,0,4,15,8,27,144,31,58,14,247,26,0,26,273
01/07/2022,BOI,ID,ANM,WE,Combined TRACON& Tower with Radar,149,15,64,3,231,0,4,23,21,48,149,19,87,24,279,78,24,102,381
01/08/2022,BOI,ID,ANM,WE,Combined TRACON& Tower with Radar,119,18,50,4,191,0,9,76,30,115,119,27,126,34,306,84,0,84,390
01/09/2022,BOI,ID,ANM,WE,Combined TRACON& Tower with Radar,122,14,43,3,182,0,11,70,12,93,122,25,113,15,275,52,0,52,327
01/10/2022,BOI,ID,ANM,WE,Combined TRACON& Tower with Radar,145,19,41,8,213,0,13,90,4,107,145,32,131,12,320,105,0,105,425
01/11/2022,BOI,ID,ANM,WE,Combined TRACON& Tower with Radar,132,22,54,2,210,0,10,67,7,84,132,32,121,9,294,104,0,104,398
01/12/2022,BOI,ID,ANM,WE,Combined TRACON& Tower with Radar,135,23,65,18,241,0,10,85,10,105,135,33,150,28,346,84,0,84,430
01/13/2022,BOI,ID,ANM,WE,Combined TRACON& Tower with Radar,151,21,67,3,242,0,8,73,16,97,151,29,140,19,339,80,0,80,419
01/14/2022,BOI,ID,ANM,WE,Combined TRACON& Tower with Radar,157,29,68,3,257,0,10,83,7,100,157,39,151,10,357,60,0,60,417
01/15/2022,BOI,ID,ANM,WE,Combined TRACON& Tower with Radar,128,21,33,0,182,0,6,32,0,38,128,27,65,0,220,82,0,82,302
01/16/2022,BOI,ID,ANM,WE,Combined TRACON& Tower with Radar,124,15,44,0,183,0,4,34,4,42,124,19,78,4,225,52,0,52,277
01/17/2022,BOI,ID,ANM,WE,Combined TRACON& Tower with Radar,145,27,77,2,251,0,0,25,0,25,145,27,102,2,276,154,0,154,430
01/18/2022,BOI,ID,ANM,WE,Combined TRACON& Tower with Radar,138,22,67,2,229,0,0,12,4,16,138,22,79,6,245,64,0,64,309
01/19/2022,BOI,ID,ANM,WE,Combined TRACON& Tower with Radar,140,35,69,5,249,0,0,0,0,0,140,35,69,5,249,0,0,0,249
01/20/2022,BOI,ID,ANM,WE,Combined TRACON& Tower with Radar,156,26,81,0,263,0,2,4,0,6,156,28,85,0,269,0,0,0,269
01/21/2022,BOI,ID,ANM,WE,Combined TRACON& Tower with Radar,149,25,54,8,236,0,1,77,4,82,149,26,131,12,318,8,0,8,326
01/22/2022,BOI,ID,ANM,WE,Combined TRACON& Tower with Radar,124,26,33,2,185,0,5,59,0,64,124,31,92,2,249,126,0,126,375
01/23/2022,BOI,ID,ANM,WE,Combined TRACON& Tower with Radar,154,21,45,1,221,0,2,12,0,14,154,23,57,1,235,56,0,56,291
01/24/2022,BOI,ID,ANM,WE,Combined TRACON& Tower with Radar,147,42,75,24,288,0,0,5,0,5,147,42,80,24,293,0,0,0,293
01/25/2022,BOI,ID,ANM,WE,Combined TRACON& Tower with Radar,131,25,67,18,241,0,5,49,17,71,131,30,116,35,312,170,50,220,532
01/26/2022,BOI,ID,ANM,WE,Combined TRACON& Tower with Radar,143,27,57,14,241,0,0,11,7,18,143,27,68,21,259,49,22,71,330
01/27/2022,BOI,ID,ANM,WE,Combined TRACON& Tower with Radar,155,33,54,6,248,0,4,57,30,91,155,37,111,36,339,194,16,210,549
01/28/2022,BOI,ID,ANM,WE,Combined TRACON& Tower with Radar,157,24,68,2,251,0,7,111,12,130,157,31,179,14,381,118,0,118,499
01/29/2022,BOI,ID,ANM,WE,Combined TRACON& Tower with Radar,123,17,37,0,177,0,5,78,2,85,123,22,115,2,262,23,0,23,285
01/30/2022,BOI,ID,ANM,WE,Combined TRACON& Tower with Radar,135,11,37,1,184,0,6,46,0,52,135,17,83,1,236,66,0,66,302
01/31/2022,BOI,ID,ANM,WE,Combined TRACON& Tower with Radar,144,22,76,5,247,0,5,73,14,92,144,27,149,19,339,18,0,18,357
02/01/2022,BOI,ID,ANM,WE,Combined TRACON& Tower with Radar,132,24,59,5,220,0,6,63,21,90,132,30,122,26,310,42,2,44,354
02/02/2022,BOI,ID,ANM,WE,Combined TRACON& Tower with Radar,139,20,55,3,217,0,7,70,10,87,139,27,125,13,304,34,0,34,338
02/03/2022,BOI,ID,ANM,WE,Combined TRACON& Tower with Radar,139,26,65,5,235,0,8,61,19,88,139,34,126,24,323,58,0,58,381
02/04/2022,BOI,ID,ANM,WE,Combined TRACON& Tower with Radar,148,16,77,11,252,0,12,102,26,140,148,28,179,37,392,14,26,40,432
02/05/2022,BOI,ID,ANM,WE,Combined TRACON& Tower with Radar,123,14,36,2,175,0,5,96,26,127,123,19,132,28,302,62,0,62,364
02/06/2022,BOI,ID,ANM,WE,Combined TRACON& Tower with Radar,132,17,32,1,182,0,8,87,15,110,132,25,119,16,292,68,0,68,360
02/07/2022,BOI,ID,ANM,WE,Combined TRACON& Tower with Radar,146,19,73,4,242,0,14,76,5,95,146,33,149,9,337,40,0,40,377
02/08/2022,BOI,ID,ANM,WE,Combined TRACON& Tower with Radar,140,24,76,7,247,0,4,87,15,106,140,28,163,22,353,40,12,52,405
02/09/2022,BOI,ID,ANM,WE,Combined TRACON& Tower with Radar,139,21,75,10,245,0,6,83,37,126,139,27,158,47,371,75,0,75,446
02/10/2022,BOI,ID,ANM,WE,Combined TRACON& Tower with Radar,148,26,75,8,257,0,7,115,16,138,148,33,190,24,395,104,0,104,499
02/11/2022,BOI,ID,ANM,WE,Combined TRACON& Tower with Radar,148,27,58,6,239,0,12,88,9,109,148,39,146,15,348,52,0,52,400
02/12/2022,BOI,ID,ANM,WE,Combined TRACON& Tower with Radar,119,14,46,0,179,0,8,104,4,116,119,22,150,4,295,76,0,76,371
02/13/2022,BOI,ID,ANM,WE,Combined TRACON& Tower with Radar,123,24,28,2,177,0,7,77,1,85,123,31,105,3,262,38,2,40,302
02/14/2022,BOI,ID,ANM,WE,Combined TRACON& Tower with Radar,141,25,40,2,208,0,11,55,12,78,141,36,95,14,286,38,0,38,324
02/15/2022,BOI,ID,ANM,WE,Combined TRACON& Tower with Radar,137,31,79,8,255,0,13,57,16,86,137,44,136,24,341,52,0,52,393
02/16/2022,BOI,ID,ANM,WE,Combined TRACON& Tower with Radar,137,22,67,9,235,0,2,48,14,64,137,24,115,23,299,42,6,48,347
02/17/2022,BOI,ID,ANM,WE,Combined TRACON& Tower with Radar,153,43,90,11,297,0,5,82,12,99,153,48,172,23,396,64,2,66,462
02/18/2022,BOI,ID,ANM,WE,Combined TRACON& Tower with Radar,148,23,76,15,262,0,8,123,5,136,148,31,199,20,398,44,0,44,442
02/19/2022,BOI,ID,ANM,WE,Combined TRACON& Tower with Radar,115,25,49,0,189,0,19,114,0,133,115,44,163,0,322,60,0,60,382
02/20/2022,BOI,ID,ANM,WE,Combined TRACON& Tower with Radar,129,17,39,4,189,0,12,37,1,50,129,29,76,5,239,60,0,60,299
02/21/2022,BOI,ID,ANM,WE,Combined TRACON& Tower with Radar,146,26,52,0,224,0,8,46,0,54,146,34,98,0,278,42,0,42,320
02/22/2022,BOI,ID,ANM,WE,Combined TRACON& Tower with Radar,134,22,84,0,240,0,8,19,10,37,134,30,103,10,277,54,2,56,333
02/23/2022,BOI,ID,ANM,WE,Combined TRACON& Tower with Radar,134,29,59,6,228,0,9,54,17,80,134,38,113,23,308,42,0,42,350
02/24/2022,BOI,ID,ANM,WE,Combined TRACON& Tower with Radar,149,33,58,7,247,0,3,9,7,19,149,36,67,14,266,6,0,6,272
02/25/2022,BOI,ID,ANM,WE,Combined TRACON& Tower with Radar,157,34,76,5,272,0,7,103,16,126,157,41,179,21,398,94,14,108,506
02/26/2022,BOI,ID,ANM,WE,Combined TRACON& Tower with Radar,123,16,50,2,191,0,15,84,0,99,123,31,134,2,290,64,0,64,354
02/27/2022,BOI,ID,ANM,WE,Combined TRACON& Tower with Radar,138,26,41,1,206,0,9,51,0,60,138,35,92,1,266,54,0,54,320
02/28/2022,BOI,ID,ANM,WE,Combined TRACON& Tower with Radar,149,42,69,5,265,0,7,80,16,103,149,49,149,21,368,105,0,105,473
03/01/2022,BOI,ID,ANM,WE,Combined TRACON& Tower with Radar,129,31,62,3,225,0,6,83,20,109,129,37,145,23,334,40,22,62,396
03/02/2022,BOI,ID,ANM,WE,Combined TRACON& Tower with Radar,136,32,86,6,260,0,12,71,15,98,136,44,157,21,358,58,0,58,416
03/03/2022,BOI,ID,ANM,WE,Combined TRACON& Tower with Radar,151,33,83,8,275,0,7,82,27,116,151,40,165,35,391,68,0,68,459
03/04/2022,BOI,ID,ANM,WE,Combined TRACON& Tower with Radar,148,32,62,4,246,0,5,85,15,105,148,37,147,19,351,24,0,24,375
03/05/2022,BOI,ID,ANM,WE,Combined TRACON& Tower with Radar,112,23,32,8,175,0,6,61,25,92,112,29,93,33,267,108,0,108,375
03/06/2022,BOI,ID,ANM,WE,Combined TRACON& Tower with Radar,127,13,34,3,177,0,2,29,3,34,127,15,63,6,211,14,0,14,225
03/07/2022,BOI,ID,ANM,WE,Combined TRACON& Tower with Radar,137,24,66,0,227,0,12,98,9,119,137,36,164,9,346,76,0,76,422
03/08/2022,BOI,ID,ANM,WE,Combined TRACON& Tower with Radar,127,23,57,5,212,0,6,23,14,43,127,29,80,19,255,68,2,70,325
03/09/2022,BOI,ID,ANM,WE,Combined TRACON& Tower with Radar,129,33,71,4,237,0,5,20,19,44,129,38,91,23,281,68,2,70,351
03/10/2022,BOI,ID,ANM,WE,Combined TRACON& Tower with Radar,145,27,75,7,254,0,5,121,30,156,145,32,196,37,410,62,2,64,474
03/11/2022,BOI,ID,ANM,WE,Combined TRACON& Tower with Radar,141,22,72,3,238,0,8,109,19,136,141,30,181,22,374,123,6,129,503
03/12/2022,BOI,ID,ANM,WE,Combined TRACON& Tower with Radar,113,18,44,5,180,0,18,76,20,114,113,36,120,25,294,58,0,58,352
03/13/2022,BOI,ID,ANM,WE,Combined TRACON& Tower with Radar,125,21,42,3,191,0,3,24,18,45,125,24,66,21,236,24,0,24,260
03/14/2022,BOI,ID,ANM,WE,Combined TRACON& Tower with Radar,138,21,67,11,237,0,9,81,14,104,138,30,148,25,341,133,24,157,498
03/15/2022,BOI,ID,ANM,WE,Combined TRACON& Tower with Radar,133,30,57,5,225,0,2,22,15,39,133,32,79,20,264,54,0,54,318
03/16/2022,BOI,ID,ANM,WE,Combined TRACON& Tower with Radar,130,22,56,13,221,0,0,84,32,116,130,22,140,45,337,102,4,106,443
03/17/2022,BOI,ID,ANM,WE,Combined TRACON& Tower with Radar,155,26,88,9,278,0,15,117,19,151,155,41,205,28,429,54,4,58,487
03/18/2022,BOI,ID,ANM,WE,Combined TRACON& Tower with Radar,142,27,96,9,274,0,11,135,17,163,142,38,231,26,437,98,22,120,557
03/19/2022,BOI,ID,ANM,WE,Combined TRACON& Tower with Radar,125,14,51,1,191,0,4,56,3,63,125,18,107,4,254,72,0,72,326
03/20/2022,BOI,ID,ANM,WE,Combined TRACON& Tower with Radar,134,21,44,0,199,0,4,17,5,26,134,25,61,5,225,4,0,4,229
03/21/2022,BOI,ID,ANM,WE,Combined TRACON& Tower with Radar,143,23,52,10,228,0,10,101,25,136,143,33,153,35,364,86,12,98,462
03/22/2022,BOI,ID,ANM,WE,Combined TRACON& Tower with Radar,131,24,60,6,221,0,8,87,18,113,131,32,147,24,334,56,2,58,392
03/23/2022,BOI,ID,ANM,WE,Combined TRACON& Tower with Radar,140,24,66,3,233,0,4,123,24,151,140,28,189,27,384,57,0,57,441
03/24/2022,BOI,ID,ANM,WE,Combined TRACON& Tower with Radar,150,27,67,11,255,0,6,93,21,120,150,33,160,32,375,50,0,50,425
03/25/2022,BOI,ID,ANM,WE,Combined TRACON& Tower with Radar,146,23,60,9,238,0,11,109,19,139,146,34,169,28,377,38,10,48,425
03/26/2022,BOI,ID,ANM,WE,Combined TRACON& Tower with Radar,120,31,54,4,209,0,11,83,7,101,120,42,137,11,310,60,0,60,370
03/27/2022,BOI,ID,ANM,WE,Combined TRACON& Tower with Radar,141,20,44,6,211,0,13,69,2,84,141,33,113,8,295,28,0,28,323
03/28/2022,BOI,ID,ANM,WE,Combined TRACON& Tower with Radar,143,23,72,2,240,0,9,40,14,63,143,32,112,16,303,32,4,36,339
03/29/2022,BOI,ID,ANM,WE,Combined TRACON& Tower with Radar,139,18,65,9,231,0,7,46,14,67,139,25,111,23,298,32,0,32,330
03/30/2022,BOI,ID,ANM,WE,Combined TRACON& Tower with Radar,140,21,73,14,248,0,8,84,20,112,140,29,157,34,360,32,0,32,392
03/31/2022,BOI,ID,ANM,WE,Combined TRACON& Tower with Radar,152,24,80,6,262,0,6,75,15,96,152,30,155,21,358,52,2,54,412
04/01/2022,BOI,ID,ANM,WE,Combined TRACON& Tower with Radar,138,16,56,7,217,0,13,142,11,166,138,29,198,18,383,95,22,117,500
04/02/2022,BOI,ID,ANM,WE,Combined TRACON& Tower with Radar,104,22,31,4,161,0,4,53,14,71,104,26,84,18,232,36,12,48,280
04/03/2022,BOI,ID,ANM,WE,Combined TRACON& Tower with Radar,132,14,59,2,207,0,4,88,8,100,132,18,147,10,307,64,8,72,379
04/04/2022,BOI,ID,ANM,WE,Combined TRACON& Tower with Radar,138,21,45,0,204,0,3,7,5,15,138,24,52,5,219,10,0,10,229
04/05/2022,BOI,ID,ANM,WE,Combined TRACON& Tower with Radar,129,31,63,6,229,0,3,48,10,61,129,34,111,16,290,4,0,4,294
04/06/2022,BOI,ID,ANM,WE,Combined TRACON& Tower with Radar,135,34,72,16,257,0,14,119,25,158,135,48,191,41,415,118,6,124,539
04/07/2022,BOI,ID,ANM,WE,Combined TRACON& Tower with Radar,149,28,73,4,254,0,13,106,25,144,149,41,179,29,398,102,0,102,500
04/08/2022,BOI,ID,ANM,WE,Combined TRACON& Tower with Radar,147,33,53,10,243,0,10,83,12,105,147,43,136,22,348,52,24,76,424
04/09/2022,BOI,ID,ANM,WE,Combined TRACON& Tower with Radar,110,28,34,0,172,0,3,40,4,47,110,31,74,4,219,30,0,30,249
04/10/2022,BOI,ID,ANM,WE,Combined TRACON& Tower with Radar,139,17,34,2,192,0,0,8,0,8,139,17,42,2,200,34,0,34,234
04/11/2022,BOI,ID,ANM,WE,Combined TRACON& Tower with Radar,138,30,46,0,214,0,3,7,3,13,138,33,53,3,227,0,0,0,227
04/12/2022,BOI,ID,ANM,WE,Combined TRACON& Tower with Radar,128,38,50,5,221,0,5,11,24,40,128,43,61,29,261,0,0,0,261
04/13/2022,BOI,ID,ANM,WE,Combined TRACON& Tower with Radar,137,38,72,12,259,0,4,33,29,66,137,42,105,41,325,24,1,25,350
04/14/2022,BOI,ID,ANM,WE,Combined TRACON& Tower with Radar,153,35,61,6,255,0,4,8,11,23,153,39,69,17,278,20,0,20,298
04/15/2022,BOI,ID,ANM,WE,Combined TRACON& Tower with Radar,140,31,70,7,248,0,10,116,19,145,140,41,186,26,393,16,0,16,409
04/16/2022,BOI,ID,ANM,WE,Combined TRACON& Tower with Radar,109,18,26,1,154,0,1,10,0,11,109,19,36,1,165,0,0,0,165
04/17/2022,BOI,ID,ANM,WE,Combined TRACON& Tower with Radar,134,22,32,3,191,0,7,61,2,70,134,29,93,5,261,48,0,48,309
04/18/2022,BOI,ID,ANM,WE,Combined TRACON& Tower with Radar,138,30,70,15,253,0,13,75,11,99,138,43,145,26,352,36,0,36,388
04/19/2022,BOI,ID,ANM,WE,Combined TRACON& Tower with Radar,135,30,60,6,231,0,10,59,13,82,135,40,119,19,313,104,0,104,417
04/20/2022,BOI,ID,ANM,WE,Combined TRACON& Tower with Radar,137,29,82,19,267,0,10,97,29,136,137,39,179,48,403,66,10,76,479
04/21/2022,BOI,ID,ANM,WE,Combined TRACON& Tower with Radar,152,33,79,9,273,0,2,15,19,36,152,35,94,28,309,50,0,50,359
04/22/2022,BOI,ID,ANM,WE,Combined TRACON& Tower with Radar,142,27,67,4,240,0,11,44,5,60,142,38,111,9,300,18,4,22,322
04/23/2022,BOI,ID,ANM,WE,Combined TRACON& Tower with Radar,116,18,29,7,170,0,5,57,2,64,116,23,86,9,234,32,8,40,274
04/24/2022,BOI,ID,ANM,WE,Combined TRACON& Tower with Radar,135,13,49,12,209,0,9,128,28,165,135,22,177,40,374,56,0,56,430
04/25/2022,BOI,ID,ANM,WE,Combined TRACON& Tower with Radar,141,23,72,4,240,2,16,89,13,120,143,39,161,17,360,54,2,56,416
04/26/2022,BOI,ID,ANM,WE,Combined TRACON& Tower with Radar,138,34,54,5,231,0,5,33,101,139,138,39,87,106,370,40,4,44,414
04/27/2022,BOI,ID,ANM,WE,Combined TRACON& Tower with Radar,139,22,66,6,233,0,14,93,142,249,139,36,159,148,482,12,10,22,504
04/28/2022,BOI,ID,ANM,WE,Combined TRACON& Tower with Radar,156,28,73,10,267,0,7,46,100,153,156,35,119,110,420,10,0,10,430
04/29/2022,BOI,ID,ANM,WE,Combined TRACON& Tower with Radar,144,29,73,13,259,0,9,121,110,240,144,38,194,123,499,16,4,20,519
04/30/2022,BOI,ID,ANM,WE,Combined TRACON& Tower with Radar,112,17,36,22,187,0,4,37,24,65,112,21,73,46,252,61,2,63,315
05/01/2022,BOI,ID,ANM,WE,Combined TRACON& Tower with Radar,127,24,43,2,196,0,4,22,2,28,127,28,65,4,224,28,0,28,252
05/02/2022,BOI,ID,ANM,WE,Combined TRACON& Tower with Radar,144,28,54,2,228,0,8,25,11,44,144,36,79,13,272,16,0,16,288
05/03/2022,BOI,ID,ANM,WE,Combined TRACON& Tower with Radar,140,22,70,13,245,0,4,29,41,74,140,26,99,54,319,48,0,48,367
05/04/2022,BOI,ID,ANM,WE,Combined TRACON& Tower with Radar,143,22,78,12,255,0,22,125,43,190,143,44,203,55,445,82,0,82,527
05/05/2022,BOI,ID,ANM,WE,Combined TRACON& Tower with Radar,149,25,84,17,275,0,5,52,39,96,149,30,136,56,371,36,2,38,409
05/06/2022,BOI,ID,ANM,WE,Combined TRACON& Tower with Radar,156,22,67,10,255,0,15,94,19,128,156,37,161,29,383,26,12,38,421
05/07/2022,BOI,ID,ANM,WE,Combined TRACON& Tower with Radar,114,19,26,0,159,0,6,22,0,28,114,25,48,0,187,45,0,45,232
05/08/2022,BOI,ID,ANM,WE,Combined TRACON& Tower with Radar,139,25,35,3,202,0,5,33,0,38,139,30,68,3,240,22,0,22,262
05/09/2022,BOI,ID,ANM,WE,Combined TRACON& Tower with Radar,139,29,61,3,232,0,2,3,6,11,139,31,64,9,243,30,0,30,273
05/10/2022,BOI,ID,ANM,WE,Combined TRACON& Tower with Radar,143,32,58,8,241,0,15,82,22,119,143,47,140,30,360,106,4,110,470
05/11/2022,BOI,ID,ANM,WE,Combined TRACON& Tower with Radar,138,24,61,7,230,0,26,117,31,174,138,50,178,38,404,78,10,88,492
05/12/2022,BOI,ID,ANM,WE,Combined TRACON& Tower with Radar,151,31,93,5,280,0,11,113,35,159,151,42,206,40,439,36,6,42,481
05/13/2022,BOI,ID,ANM,WE,Combined TRACON& Tower with Radar,153,35,55,4,247,0,28,86,16,130,153,63,141,20,377,46,16,62,439
05/14/2022,BOI,ID,ANM,WE,Combined TRACON& Tower with Radar,118,19,43,1,181,0,16,71,12,99,118,35,114,13,280,70,0,70,350
05/15/2022,BOI,ID,ANM,WE,Combined TRACON& Tower with Radar,135,22,37,4,198,0,13,81,8,102,135,35,118,12,300,16,0,16,316
05/16/2022,BOI,ID,ANM,WE,Combined TRACON& Tower with Radar,148,24,59,0,231,0,20,84,15,119,148,44,143,15,350,4,6,10,360
05/17/2022,BOI,ID,ANM,WE,Combined TRACON& Tower with Radar,143,18,68,0,229,0,13,97,9,119,143,31,165,9,348,64,0,64,412
05/18/2022,BOI,ID,ANM,WE,Combined TRACON& Tower with Radar,142,29,79,7,257,0,18,92,26,136,142,47,171,33,393,40,4,44,437
05/19/2022,BOI,ID,ANM,WE,Combined TRACON& Tower with Radar,157,35,53,13,258,0,10,24,13,47,157,45,77,26,305,0,2,2,307
05/20/2022,BOI,ID,ANM,WE,Combined TRACON& Tower with Radar,146,34,66,6,252,0,12,93,17,122,146,46,159,23,374,34,12,46,420
05/21/2022,BOI,ID,ANM,WE,Combined TRACON& Tower with Radar,121,24,34,7,186,0,11,72,6,89,121,35,106,13,275,46,0,46,321
05/22/2022,BOI,ID,ANM,WE,Combined TRACON& Tower with Radar,138,17,39,1,195,0,2,68,2,72,138,19,107,3,267,56,0,56,323
05/23/2022,BOI,ID,ANM,WE,Combined TRACON& Tower with Radar,142,23,74,4,243,0,10,94,20,124,142,33,168,24,367,58,2,60,427
05/24/2022,BOI,ID,ANM,WE,Combined TRACON& Tower with Radar,137,31,64,13,245,0,12,95,14,121,137,43,159,27,366,62,6,68,434
05/25/2022,BOI,ID,ANM,WE,Combined TRACON& Tower with Radar,142,25,81,8,256,0,12,111,22,145,142,37,192,30,401,46,14,60,461
05/26/2022,BOI,ID,ANM,WE,Combined TRACON& Tower with Radar,159,34,63,3,259,0,9,87,17,113,159,43,150,20,372,12,0,12,384
05/27/2022,BOI,ID,ANM,WE,Combined TRACON& Tower with Radar,154,32,62,0,248,0,15,93,0,108,154,47,155,0,356,34,0,34,390
05/28/2022,BOI,ID,ANM,WE,Combined TRACON& Tower with Radar,118,12,29,0,159,0,5,44,0,49,118,17,73,0,208,109,0,109,317
05/29/2022,BOI,ID,ANM,WE,Combined TRACON& Tower with Radar,134,16,14,2,166,0,0,4,0,4,134,16,18,2,170,6,0,6,176
05/30/2022,BOI,ID,ANM,WE,Combined TRACON& Tower with Radar,141,28,27,0,196,0,1,1,0,2,141,29,28,0,198,36,12,48,246
05/31/2022,BOI,ID,ANM,WE,Combined TRACON& Tower with Radar,128,24,75,1,228,0,10,74,9,93,128,34,149,10,321,18,0,18,339
06/01/2022,BOI,ID,ANM,WE,Combined TRACON& Tower with Radar,129,23,81,3,236,0,4,138,6,148,129,27,219,9,384,0,0,0,384
06/02/2022,BOI,ID,ANM,WE,Combined TRACON& Tower with Radar,160,34,75,3,272,0,19,86,2,107,160,53,161,5,379,0,0,0,379
06/03/2022,BOI,ID,ANM,WE,Combined TRACON& Tower with Radar,150,27,60,3,240,0,11,71,1,83,150,38,131,4,323,66,14,80,403
06/04/2022,BOI,ID,ANM,WE,Combined TRACON& Tower with Radar,117,21,49,6,193,0,16,44,8,68,117,37,93,14,261,24,0,24,285
06/05/2022,BOI,ID,ANM,WE,Combined TRACON& Tower with Radar,140,22,40,1,203,0,11,15,8,34,140,33,55,9,237,0,0,0,237
06/06/2022,BOI,ID,ANM,WE,Combined TRACON& Tower with Radar,157,37,62,4,260,0,11,105,33,149,157,48,167,37,409,85,12,97,506
06/07/2022,BOI,ID,ANM,WE,Combined TRACON& Tower with Radar,141,32,66,0,239,0,15,125,23,163,141,47,191,23,402,35,0,35,437
06/08/2022,BOI,ID,ANM,WE,Combined TRACON& Tower with Radar,140,31,57,6,234,0,13,92,25,130,140,44,149,31,364,4,17,21,385
06/09/2022,BOI,ID,ANM,WE,Combined TRACON& Tower with Radar,162,33,67,3,265,0,11,131,22,164,162,44,198,25,429,6,0,6,435
06/10/2022,BOI,ID,ANM,WE,Combined TRACON& Tower with Radar,169,40,67,3,279,0,16,134,26,176,169,56,201,29,455,16,0,16,471
06/11/2022,BOI,ID,ANM,WE,Combined TRACON& Tower with Radar,120,21,35,1,177,0,7,92,22,121,120,28,127,23,298,56,0,56,354
06/12/2022,BOI,ID,ANM,WE,Combined TRACON& Tower with Radar,139,20,38,0,197,0,3,1,0,4,139,23,39,0,201,8,0,8,209
06/13/2022,BOI,ID,ANM,WE,Combined TRACON& Tower with Radar,157,24,56,0,237,0,6,73,42,121,157,30,129,42,358,12,2,14,372
06/14/2022,BOI,ID,ANM,WE,Combined TRACON& Tower with Radar,142,26,64,10,242,0,6,74,24,104,142,32,138,34,346,2,2,4,350
06/15/2022,BOI,ID,ANM,WE,Combined TRACON& Tower with Radar,141,19,60,8,228,0,9,124,20,153,141,28,184,28,381,12,2,14,395
06/16/2022,BOI,ID,ANM,WE,Combined TRACON& Tower with Radar,181,31,70,2,284,0,10,102,28,140,181,41,172,30,424,10,0,10,434
06/17/2022,BOI,ID,ANM,WE,Combined TRACON& Tower with Radar,171,28,83,1,283,0,5,94,12,111,171,33,177,13,394,0,0,0,394
06/18/2022,BOI,ID,ANM,WE,Combined TRACON& Tower with Radar,138,20,43,1,202,0,15,89,4,108,138,35,132,5,310,4,0,4,314
06/19/2022,BOI,ID,ANM,WE,Combined TRACON& Tower with Radar,181,23,36,2,242,0,2,39,0,41,181,25,75,2,283,21,0,21,304
06/20/2022,BOI,ID,ANM,WE,Combined TRACON& Tower with Radar,173,34,68,0,275,0,3,128,0,131,173,37,196,0,406,38,0,38,444
06/21/2022,BOI,ID,ANM,WE,Combined TRACON& Tower with Radar,159,29,68,2,258,0,7,129,0,136,159,36,197,2,394,60,0,60,454
06/22/2022,BOI,ID,ANM,WE,Combined TRACON& Tower with Radar,163,29,80,5,277,0,10,132,7,149,163,39,212,12,426,48,0,48,474
06/23/2022,BOI,ID,ANM,WE,Combined TRACON& Tower with Radar,180,40,77,5,302,0,20,121,14,155,180,60,198,19,457,26,0,26,483
06/24/2022,BOI,ID,ANM,WE,Combined TRACON& Tower with Radar,179,30,62,0,271,0,24,121,14,159,179,54,183,14,430,16,6,22,452
06/25/2022,BOI,ID,ANM,WE,Combined TRACON& Tower with Radar,133,28,30,2,193,0,17,77,0,94,133,45,107,2,287,50,0,50,337
06/26/2022,BOI,ID,ANM,WE,Combined TRACON& Tower with Radar,165,27,38,0,230,0,17,90,2,109,165,44,128,2,339,48,0,48,387
06/27/2022,BOI,ID,ANM,WE,Combined TRACON& Tower with Radar,170,32,46,4,252,0,15,109,13,137,170,47,155,17,389,22,0,22,411
06/28/2022,BOI,ID,ANM,WE,Combined TRACON& Tower with Radar,153,23,72,10,258,0,9,71,13,93,153,32,143,23,351,0,0,0,351
06/29/2022,BOI,ID,ANM,WE,Combined TRACON& Tower with Radar,161,32,70,5,268,0,18,131,21,170,161,50,201,26,438,52,0,52,490
06/30/2022,BOI,ID,ANM,WE,Combined TRACON& Tower with Radar,187,28,94,5,314,0,17,111,23,151,187,45,205,28,465,122,8,130,595
07/01/2022,BOI,ID,ANM,WE,Combined TRACON& Tower with Radar,179,32,63,4,278,0,22,112,11,145,179,54,175,15,423,20,2,22,445
07/02/2022,BOI,ID,ANM,WE,Combined TRACON& Tower with Radar,132,24,47,1,204,0,15,107,2,124,132,39,154,3,328,46,0,46,374
07/03/2022,BOI,ID,ANM,WE,Combined TRACON& Tower with Radar,164,13,37,2,216,0,20,59,0,79,164,33,96,2,295,18,0,18,313
07/04/2022,BOI,ID,ANM,WE,Combined TRACON& Tower with Radar,155,17,35,2,209,0,18,78,6,102,155,35,113,8,311,18,0,18,329
07/05/2022,BOI,ID,ANM,WE,Combined TRACON& Tower with Radar,148,26,56,8,238,0,14,102,10,126,148,40,158,18,364,36,8,44,408
07/06/2022,BOI,ID,ANM,WE,Combined TRACON& Tower with Radar,157,37,63,8,265,1,15,89,22,127,158,52,152,30,392,64,0,64,456
07/07/2022,BOI,ID,ANM,WE,Combined TRACON& Tower with Radar,174,24,85,5,288,0,8,115,16,139,174,32,200,21,427,56,0,56,483
07/08/2022,BOI,ID,ANM,WE,Combined TRACON& Tower with Radar,173,37,77,8,295,0,16,118,14,148,173,53,195,22,443,42,2,44,487
07/09/2022,BOI,ID,ANM,WE,Combined TRACON& Tower with Radar,134,28,26,4,192,0,16,107,3,126,134,44,133,7,318,22,0,22,340
07/10/2022,BOI,ID,ANM,WE,Combined TRACON& Tower with Radar,161,20,52,5,238,0,13,101,5,119,161,33,153,10,357,30,0,30,387
07/11/2022,BOI,ID,ANM,WE,Combined TRACON& Tower with Radar,165,32,45,3,245,0,22,107,8,137,165,54,152,11,382,44,0,44,426
07/12/2022,BOI,ID,ANM,WE,Combined TRACON& Tower with Radar,152,31,62,6,251,0,9,125,25,159,152,40,187,31,410,32,0,32,442
07/13/2022,BOI,ID,ANM,WE,Combined TRACON& Tower with Radar,167,22,79,7,275,0,15,124,19,158,167,37,203,26,433,0,0,0,433
07/14/2022,BOI,ID,ANM,WE,Combined TRACON& Tower with Radar,173,24,74,7,278,0,12,94,25,131,173,36,168,32,409,42,2,44,453
07/15/2022,BOI,ID,ANM,WE,Combined TRACON& Tower with Radar,178,29,66,6,279,0,14,116,24,154,178,43,182,30,433,38,0,38,471
07/16/2022,BOI,ID,ANM,WE,Combined TRACON& Tower with Radar,139,17,35,2,193,0,12,101,4,117,139,29,136,6,310,0,0,0,310
07/17/2022,BOI,ID,ANM,WE,Combined TRACON& Tower with Radar,174,22,44,3,243,1,13,92,8,114,175,35,136,11,357,32,0,32,389
07/18/2022,BOI,ID,ANM,WE,Combined TRACON& Tower with Radar,170,25,64,0,259,1,8,96,13,118,171,33,160,13,377,26,0,26,403
07/19/2022,BOI,ID,ANM,WE,Combined TRACON& Tower with Radar,156,24,53,6,239,1,4,119,30,154,157,28,172,36,393,64,0,64,457
07/20/2022,BOI,ID,ANM,WE,Combined TRACON& Tower with Radar,161,29,75,8,273,0,13,131,38,182,161,42,206,46,455,40,0,40,495
07/21/2022,BOI,ID,ANM,WE,Combined TRACON& Tower with Radar,175,36,81,12,304,1,13,121,20,155,176,49,202,32,459,16,0,16,475
07/22/2022,BOI,ID,ANM,WE,Combined TRACON& Tower with Radar,175,21,69,6,271,0,2,115,11,128,175,23,184,17,399,16,0,16,415
07/23/2022,BOI,ID,ANM,WE,Combined TRACON& Tower with Radar,130,17,37,2,186,0,11,93,0,104,130,28,130,2,290,8,0,8,298
07/24/2022,BOI,ID,ANM,WE,Combined TRACON& Tower with Radar,164,22,43,3,232,0,21,97,1,119,164,43,140,4,351,26,0,26,377
07/25/2022,BOI,ID,ANM,WE,Combined TRACON& Tower with Radar,169,42,41,9,261,0,9,110,23,142,169,51,151,32,403,23,2,25,428
07/26/2022,BOI,ID,ANM,WE,Combined TRACON& Tower with Radar,155,26,64,23,268,0,8,128,22,158,155,34,192,45,426,26,2,28,454
07/27/2022,BOI,ID,ANM,WE,Combined TRACON& Tower with Radar,161,30,63,12,266,1,23,124,26,174,162,53,187,38,440,54,0,54,494
07/28/2022,BOI,ID,ANM,WE,Combined TRACON& Tower with Radar,179,32,71,15,297,0,11,100,15,126,179,43,171,30,423,14,0,14,437
07/29/2022,BOI,ID,ANM,WE,Combined TRACON& Tower with Radar,166,37,50,8,261,0,5,119,11,135,166,42,169,19,396,0,0,0,396
07/30/2022,BOI,ID,ANM,WE,Combined TRACON& Tower with Radar,135,24,29,6,194,1,17,99,1,118,136,41,128,7,312,12,0,12,324
07/31/2022,BOI,ID,ANM,WE,Combined TRACON& Tower with Radar,166,20,27,4,217,1,9,70,17,97,167,29,97,21,314,18,0,18,332
08/01/2022,BOI,ID,ANM,WE,Combined TRACON& Tower with Radar,169,34,30,10,243,2,8,83,29,122,171,42,113,39,365,9,0,9,374
08/02/2022,BOI,ID,ANM,WE,Combined TRACON& Tower with Radar,152,28,58,6,244,0,14,79,28,121,152,42,137,34,365,26,4,30,395
08/03/2022,BOI,ID,ANM,WE,Combined TRACON& Tower with Radar,159,36,72,7,274,2,9,136,33,180,161,45,208,40,454,10,0,10,464
08/04/2022,BOI,ID,ANM,WE,Combined TRACON& Tower with Radar,175,32,61,11,279,0,8,127,22,157,175,40,188,33,436,22,0,22,458
08/05/2022,BOI,ID,ANM,WE,Combined TRACON& Tower with Radar,174,30,43,7,254,0,20,108,9,137,174,50,151,16,391,12,0,12,403
08/06/2022,BOI,ID,ANM,WE,Combined TRACON& Tower with Radar,136,24,21,5,186,0,15,123,16,154,136,39,144,21,340,30,0,30,370
08/07/2022,BOI,ID,ANM,WE,Combined TRACON& Tower with Radar,162,20,37,5,224,0,14,132,10,156,162,34,169,15,380,34,0,34,414
08/08/2022,BOI,ID,ANM,WE,Combined TRACON& Tower with Radar,168,30,61,6,265,0,11,127,12,150,168,41,188,18,415,46,4,50,465
08/09/2022,BOI,ID,ANM,WE,Combined TRACON& Tower with Radar,160,27,56,7,250,2,9,116,10,137,162,36,172,17,387,48,0,48,435
08/10/2022,BOI,ID,ANM,WE,Combined TRACON& Tower with Radar,168,35,53,8,264,1,5,84,16,106,169,40,137,24,370,30,2,32,402
08/11/2022,BOI,ID,ANM,WE,Combined TRACON& Tower with Radar,179,29,85,9,302,0,8,115,14,137,179,37,200,23,439,52,4,56,495
08/12/2022,BOI,ID,ANM,WE,Combined TRACON& Tower with Radar,178,33,63,8,282,0,8,122,9,139,178,41,185,17,421,102,0,102,523
08/13/2022,BOI,ID,ANM,WE,Combined TRACON& Tower with Radar,136,39,37,6,218,0,18,101,3,122,136,57,138,9,340,38,0,38,378
08/14/2022,BOI,ID,ANM,WE,Combined TRACON& Tower with Radar,168,33,52,9,262,12,14,120,24,170,180,47,172,33,432,14,0,14,446
08/15/2022,BOI,ID,ANM,WE,Combined TRACON& Tower with Radar,168,34,70,8,280,15,11,150,34,210,183,45,220,42,490,78,0,78,568
08/16/2022,BOI,ID,ANM,WE,Combined TRACON& Tower with Radar,157,27,72,7,263,10,14,127,53,204,167,41,199,60,467,74,2,76,543
08/17/2022,BOI,ID,ANM,WE,Combined TRACON& Tower with Radar,163,34,53,13,263,1,7,114,26,148,164,41,167,39,411,45,0,45,456
08/18/2022,BOI,ID,ANM,WE,Combined TRACON& Tower with Radar,171,34,63,8,276,0,9,104,37,150,171,43,167,45,426,28,30,58,484
08/19/2022,BOI,ID,ANM,WE,Combined TRACON& Tower with Radar,178,40,48,8,274,0,10,84,20,114,178,50,132,28,388,46,4,50,438
08/20/2022,BOI,ID,ANM,WE,Combined TRACON& Tower with Radar,133,21,36,14,204,0,10,83,41,134,133,31,119,55,338,34,6,40,378
08/21/2022,BOI,ID,ANM,WE,Combined TRACON& Tower with Radar,166,20,54,6,246,9,15,98,20,142,175,35,152,26,388,58,0,58,446
08/22/2022,BOI,ID,ANM,WE,Combined TRACON& Tower with Radar,165,33,50,10,258,14,11,107,27,159,179,44,157,37,417,14,0,14,431
08/23/2022,BOI,ID,ANM,WE,Combined TRACON& Tower with Radar,153,32,61,3,249,3,6,111,28,148,156,38,172,31,397,60,0,60,457
08/24/2022,BOI,ID,ANM,WE,Combined TRACON& Tower with Radar,162,30,72,9,273,1,15,119,39,174,163,45,191,48,447,36,0,36,483
08/25/2022,BOI,ID,ANM,WE,Combined TRACON& Tower with Radar,177,36,95,6,314,0,17,139,21,177,177,53,234,27,491,0,0,0,491
08/26/2022,BOI,ID,ANM,WE,Combined TRACON& Tower with Radar,175,34,55,8,272,0,9,137,21,167,175,43,192,29,439,64,0,64,503
08/27/2022,BOI,ID,ANM,WE,Combined TRACON& Tower with Radar,134,17,38,2,191,0,7,90,12,109,134,24,128,14,300,24,8,32,332
08/28/2022,BOI,ID,ANM,WE,Combined TRACON& Tower with Radar,165,28,50,3,246,0,14,121,2,137,165,42,171,5,383,16,0,16,399
08/29/2022,BOI,ID,ANM,WE,Combined TRACON& Tower with Radar,167,35,43,10,255,0,11,120,15,146,167,46,163,25,401,0,0,0,401
08/30/2022,BOI,ID,ANM,WE,Combined TRACON& Tower with Radar,155,27,68,6,256,4,13,92,26,135,159,40,160,32,391,42,0,42,433
08/31/2022,BOI,ID,ANM,WE,Combined TRACON& Tower with Radar,164,24,74,12,274,5,19,112,43,179,169,43,186,55,453,98,0,98,551
09/01/2022,BOI,ID,ANM,WE,Combined TRACON& Tower with Radar,178,31,75,10,294,3,18,121,44,186,181,49,196,54,480,70,0,70,550
09/02/2022,BOI,ID,ANM,WE,Combined TRACON& Tower with Radar,175,17,50,7,249,6,10,123,18,157,181,27,173,25,406,86,0,86,492
09/03/2022,BOI,ID,ANM,WE,Combined TRACON& Tower with Radar,134,17,30,6,187,12,20,82,19,133,146,37,112,25,320,34,0,34,354
09/04/2022,BOI,ID,ANM,WE,Combined TRACON& Tower with Radar,156,17,32,7,212,17,23,60,20,120,173,40,92,27,332,60,0,60,392
09/05/2022,BOI,ID,ANM,WE,Combined TRACON& Tower with Radar,165,20,36,6,227,8,10,110,21,149,173,30,146,27,376,32,0,32,408
09/06/2022,BOI,ID,ANM,WE,Combined TRACON& Tower with Radar,146,23,65,10,244,0,12,113,31,156,146,35,178,41,400,43,0,43,443
09/07/2022,BOI,ID,ANM,WE,Combined TRACON& Tower with Radar,162,33,59,13,267,0,11,82,18,111,162,44,141,31,378,32,0,32,410
09/08/2022,BOI,ID,ANM,WE,Combined TRACON& Tower with Radar,178,29,77,8,292,0,19,99,60,178,178,48,176,68,470,16,0,16,486
09/09/2022,BOI,ID,ANM,WE,Combined TRACON& Tower with Radar,170,28,69,24,291,0,7,63,17,87,170,35,132,41,378,28,0,28,406
09/10/2022,BOI,ID,ANM,WE,Combined TRACON& Tower with Radar,141,23,43,8,215,1,10,63,24,98,142,33,106,32,313,10,0,10,323
09/11/2022,BOI,ID,ANM,WE,Combined TRACON& Tower with Radar,162,24,61,6,253,0,21,50,25,96,162,45,111,31,349,22,0,22,371
09/12/2022,BOI,ID,ANM,WE,Combined TRACON& Tower with Radar,175,29,57,14,275,0,12,44,17,73,175,41,101,31,348,71,12,83,431
09/13/2022,BOI,ID,ANM,WE,Combined TRACON& Tower with Radar,160,32,68,10,270,0,14,70,22,106,160,46,138,32,376,110,0,110,486
09/14/2022,BOI,ID,ANM,WE,Combined TRACON& Tower with Radar,165,28,86,14,293,0,9,104,29,142,165,37,190,43,435,62,6,68,503
09/15/2022,BOI,ID,ANM,WE,Combined TRACON& Tower with Radar,175,29,77,16,297,0,8,86,22,116,175,37,163,38,413,84,0,84,497
09/16/2022,BOI,ID,ANM,WE,Combined TRACON& Tower with Radar,182,31,56,21,290,0,8,109,14,131,182,39,165,35,421,70,2,72,493
09/17/2022,BOI,ID,ANM,WE,Combined TRACON& Tower with Radar,141,16,34,7,198,0,7,61,1,69,141,23,95,8,267,58,0,58,325
09/18/2022,BOI,ID,ANM,WE,Combined TRACON& Tower with Radar,159,25,47,6,237,0,9,71,2,82,159,34,118,8,319,54,6,60,379
09/19/2022,BOI,ID,ANM,WE,Combined TRACON& Tower with Radar,164,33,56,11,264,0,13,109,16,138,164,46,165,27,402,30,0,30,432
09/20/2022,BOI,ID,ANM,WE,Combined TRACON& Tower with Radar,161,23,54,11,249,0,6,107,21,134,161,29,161,32,383,64,0,64,447
09/21/2022,BOI,ID,ANM,WE,Combined TRACON& Tower with Radar,166,34,53,8,261,0,8,81,11,100,166,42,134,19,361,82,0,82,443
09/22/2022,BOI,ID,ANM,WE,Combined TRACON& Tower with Radar,175,34,81,6,296,0,9,92,15,116,175,43,173,21,412,90,0,90,502
09/23/2022,BOI,ID,ANM,WE,Combined TRACON& Tower with Radar,175,25,58,10,268,0,17,150,17,184,175,42,208,27,452,64,4,68,520
09/24/2022,BOI,ID,ANM,WE,Combined TRACON& Tower with Radar,139,20,39,7,205,0,9,86,13,108,139,29,125,20,313,82,18,100,413
09/25/2022,BOI,ID,ANM,WE,Combined TRACON& Tower with Radar,159,30,47,11,247,1,2,73,4,80,160,32,120,15,327,33,0,33,360
09/26/2022,BOI,ID,ANM,WE,Combined TRACON& Tower with Radar,167,32,60,11,270,0,8,123,5,136,167,40,183,16,406,90,0,90,496
09/27/2022,BOI,ID,ANM,WE,Combined TRACON& Tower with Radar,162,20,56,7,245,0,20,113,7,140,162,40,169,14,385,0,0,0,385
09/28/2022,BOI,ID,ANM,WE,Combined TRACON& Tower with Radar,166,25,55,10,256,0,3,75,12,90,166,28,130,22,346,180,4,184,530
09/29/2022,BOI,ID,ANM,WE,Combined TRACON& Tower with Radar,174,29,75,8,286,20,11,91,55,177,194,40,166,63,463,64,0,64,527
09/30/2022,BOI,ID,ANM,WE,Combined TRACON& Tower with Radar,177,22,67,6,272,0,15,86,2,103,177,37,153,8,375,44,0,44,419
10/01/2022,BOI,ID,ANM,WE,Combined TRACON& Tower with Radar,132,12,43,3,190,0,2,106,4,112,132,14,149,7,302,120,0,120,422
10/02/2022,BOI,ID,ANM,WE,Combined TRACON& Tower with Radar,158,18,54,7,237,0,5,113,2,120,158,23,167,9,357,86,0,86,443
10/03/2022,BOI,ID,ANM,WE,Combined TRACON& Tower with Radar,168,25,51,9,253,0,13,86,21,120,168,38,137,30,373,54,2,56,429
10/04/2022,BOI,ID,ANM,WE,Combined TRACON& Tower with Radar,158,27,72,9,266,0,6,118,23,147,158,33,190,32,413,78,2,80,493
10/05/2022,BOI,ID,ANM,WE,Combined TRACON& Tower with Radar,162,22,84,4,272,0,12,137,19,168,162,34,221,23,440,82,2,84,524
10/06/2022,BOI,ID,ANM,WE,Combined TRACON& Tower with Radar,162,24,67,11,264,0,9,121,16,146,162,33,188,27,410,44,2,46,456
10/07/2022,BOI,ID,ANM,WE,Combined TRACON& Tower with Radar,162,23,53,7,245,0,11,142,6,159,162,34,195,13,404,40,0,40,444
10/08/2022,BOI,ID,ANM,WE,Combined TRACON& Tower with Radar,136,13,31,2,182,0,10,82,0,92,136,23,113,2,274,40,0,40,314
10/09/2022,BOI,ID,ANM,WE,Combined TRACON& Tower with Radar,157,22,42,3,224,0,5,105,0,110,157,27,147,3,334,104,0,104,438
10/10/2022,BOI,ID,ANM,WE,Combined TRACON& Tower with Radar,158,21,49,4,232,0,16,114,0,130,158,37,163,4,362,69,0,69,431
10/11/2022,BOI,ID,ANM,WE,Combined TRACON& Tower with Radar,146,27,46,10,229,0,2,74,13,89,146,29,120,23,318,48,0,48,366
10/12/2022,BOI,ID,ANM,WE,Combined TRACON& Tower with Radar,147,15,58,12,232,0,11,99,17,127,147,26,157,29,359,62,0,62,421
10/13/2022,BOI,ID,ANM,WE,Combined TRACON& Tower with Radar,164,32,82,12,290,0,12,117,18,147,164,44,199,30,437,8,0,8,445
10/14/2022,BOI,ID,ANM,WE,Combined TRACON& Tower with Radar,166,24,70,4,264,0,11,122,13,146,166,35,192,17,410,132,0,132,542
10/15/2022,BOI,ID,ANM,WE,Combined TRACON& Tower with Radar,128,9,60,6,203,0,7,98,9,114,128,16,158,15,317,24,0,24,341
10/16/2022,BOI,ID,ANM,WE,Combined TRACON& Tower with Radar,153,12,51,3,219,0,10,96,15,121,153,22,147,18,340,56,6,62,402
10/17/2022,BOI,ID,ANM,WE,Combined TRACON& Tower with Radar,149,18,77,3,247,0,8,96,11,115,149,26,173,14,362,102,0,102,464
10/18/2022,BOI,ID,ANM,WE,Combined TRACON& Tower with Radar,153,13,64,14,244,0,6,104,19,129,153,19,168,33,373,54,0,54,427
10/19/2022,BOI,ID,ANM,WE,Combined TRACON& Tower with Radar,155,22,81,11,269,0,8,97,28,133,155,30,178,39,402,30,2,32,434
10/20/2022,BOI,ID,ANM,WE,Combined TRACON& Tower with Radar,164,30,61,6,261,0,8,128,13,149,164,38,189,19,410,122,0,122,532
10/21/2022,BOI,ID,ANM,WE,Combined TRACON& Tower with Radar,177,23,66,6,272,1,8,99,16,124,178,31,165,22,396,47,6,53,449
10/22/2022,BOI,ID,ANM,WE,Combined TRACON& Tower with Radar,130,21,26,2,179,0,7,18,0,25,130,28,44,2,204,14,0,14,218
10/23/2022,BOI,ID,ANM,WE,Combined TRACON& Tower with Radar,156,20,43,1,220,0,5,39,1,45,156,25,82,2,265,24,0,24,289
10/24/2022,BOI,ID,ANM,WE,Combined TRACON& Tower with Radar,154,26,68,8,256,0,2,60,12,74,154,28,128,20,330,22,0,22,352
10/25/2022,BOI,ID,ANM,WE,Combined TRACON& Tower with Radar,142,27,63,7,239,0,7,65,14,86,142,34,128,21,325,76,0,76,401
10/26/2022,BOI,ID,ANM,WE,Combined TRACON& Tower with Radar,157,31,69,10,267,0,5,28,15,48,157,36,97,25,315,20,0,20,335
10/27/2022,BOI,ID,ANM,WE,Combined TRACON& Tower with Radar,160,40,88,11,299,0,5,98,11,114,160,45,186,22,413,84,0,84,497
10/28/2022,BOI,ID,ANM,WE,Combined TRACON& Tower with Radar,165,25,64,6,260,0,6,105,0,111,165,31,169,6,371,0,0,0,371
10/29/2022,BOI,ID,ANM,WE,Combined TRACON& Tower with Radar,131,13,47,9,200,0,6,73,5,84,131,19,120,14,284,36,0,36,320
10/30/2022,BOI,ID,ANM,WE,Combined TRACON& Tower with Radar,148,9,45,4,206,0,5,84,1,90,148,14,129,5,296,17,0,17,313
10/31/2022,BOI,ID,ANM,WE,Combined TRACON& Tower with Radar,140,15,48,5,208,0,5,78,5,88,140,20,126,10,296,54,0,54,350
11/01/2022,BOI,ID,ANM,WE,Combined TRACON& Tower with Radar,150,29,59,12,250,0,2,34,14,50,150,31,93,26,300,0,0,0,300
11/02/2022,BOI,ID,ANM,WE,Combined TRACON& Tower with Radar,144,29,59,6,238,0,4,42,20,66,144,33,101,26,304,26,0,26,330
11/03/2022,BOI,ID,ANM,WE,Combined TRACON& Tower with Radar,160,28,65,1,254,0,6,58,14,78,160,34,123,15,332,0,0,0,332
11/04/2022,BOI,ID,ANM,WE,Combined TRACON& Tower with Radar,170,33,37,0,240,0,3,4,0,7,170,36,41,0,247,0,0,0,247
11/05/2022,BOI,ID,ANM,WE,Combined TRACON& Tower with Radar,129,20,49,4,202,0,4,13,20,37,129,24,62,24,239,16,0,16,255
11/06/2022,BOI,ID,ANM,WE,Combined TRACON& Tower with Radar,144,23,34,2,203,0,11,39,19,69,144,34,73,21,272,6,0,6,278
11/07/2022,BOI,ID,ANM,WE,Combined TRACON& Tower with Radar,154,30,65,0,249,0,4,67,8,79,154,34,132,8,328,68,12,80,408
11/08/2022,BOI,ID,ANM,WE,Combined TRACON& Tower with Radar,142,34,79,4,259,0,8,80,11,99,142,42,159,15,358,50,2,52,410
11/09/2022,BOI,ID,ANM,WE,Combined TRACON& Tower with Radar,148,21,57,0,226,0,2,2,0,4,148,23,59,0,230,0,0,0,230
11/10/2022,BOI,ID,ANM,WE,Combined TRACON& Tower with Radar,164,29,81,11,285,0,12,106,7,125,164,41,187,18,410,50,4,54,464
11/11/2022,BOI,ID,ANM,WE,Combined TRACON& Tower with Radar,164,21,65,3,253,0,8,101,3,112,164,29,166,6,365,58,0,58,423
11/12/2022,BOI,ID,ANM,WE,Combined TRACON& Tower with Radar,130,15,52,0,197,0,10,93,0,103,130,25,145,0,300,24,0,24,324
11/13/2022,BOI,ID,ANM,WE,Combined TRACON& Tower with Radar,160,10,55,0,225,0,11,90,0,101,160,21,145,0,326,78,0,78,404
11/14/2022,BOI,ID,ANM,WE,Combined TRACON& Tower with Radar,159,36,51,13,259,0,4,64,15,83,159,40,115,28,342,60,0,60,402
11/15/2022,BOI,ID,ANM,WE,Combined TRACON& Tower with Radar,152,22,47,25,246,0,6,71,14,91,152,28,118,39,337,44,0,44,381
11/16/2022,BOI,ID,ANM,WE,Combined TRACON& Tower with Radar,155,34,70,15,274,0,17,60,13,90,155,51,130,28,364,32,0,32,396
11/17/2022,BOI,ID,ANM,WE,Combined TRACON& Tower with Radar,158,38,102,11,309,1,5,35,13,54,159,43,137,24,363,46,0,46,409
11/18/2022,BOI,ID,ANM,WE,Combined TRACON& Tower with Radar,166,38,80,2,286,0,3,49,0,52,166,41,129,2,338,36,0,36,374
11/19/2022,BOI,ID,ANM,WE,Combined TRACON& Tower with Radar,149,16,40,1,206,0,9,69,1,79,149,25,109,2,285,98,0,98,383
11/20/2022,BOI,ID,ANM,WE,Combined TRACON& Tower with Radar,160,20,50,1,231,0,4,76,1,81,160,24,126,2,312,52,0,52,364
11/21/2022,BOI,ID,ANM,WE,Combined TRACON& Tower with Radar,160,21,59,8,248,0,3,103,21,127,160,24,162,29,375,68,16,84,459
11/22/2022,BOI,ID,ANM,WE,Combined TRACON& Tower with Radar,163,29,57,23,272,0,2,61,14,77,163,31,118,37,349,42,2,44,393
11/23/2022,BOI,ID,ANM,WE,Combined TRACON& Tower with Radar,174,30,49,5,258,0,6,59,12,77,174,36,108,17,335,8,2,10,345
11/24/2022,BOI,ID,ANM,WE,Combined TRACON& Tower with Radar,107,13,9,2,131,0,6,16,0,22,107,19,25,2,153,26,0,26,179
11/25/2022,BOI,ID,ANM,WE,Combined TRACON& Tower with Radar,150,19,20,0,189,0,6,65,0,71,150,25,85,0,260,26,0,26,286
11/26/2022,BOI,ID,ANM,WE,Combined TRACON& Tower with Radar,152,18,38,0,208,0,10,19,0,29,152,28,57,0,237,42,0,42,279
11/27/2022,BOI,ID,ANM,WE,Combined TRACON& Tower with Radar,174,18,76,0,268,0,2,57,0,59,174,20,133,0,327,36,0,36,363
11/28/2022,BOI,ID,ANM,WE,Combined TRACON& Tower with Radar,163,24,45,10,242,0,4,0,5,9,163,28,45,15,251,12,0,12,263
11/29/2022,BOI,ID,ANM,WE,Combined TRACON& Tower with Radar,150,31,70,7,258,0,9,54,27,90,150,40,124,34,348,6,0,6,354
11/30/2022,BOI,ID,ANM,WE,Combined TRACON& Tower with Radar,148,43,62,2,255,0,1,9,21,31,148,44,71,23,286,0,0,0,286
12/01/2022,BOI,ID,ANM,WE,Combined TRACON& Tower with Radar,166,25,64,3,258,0,4,6,17,27,166,29,70,20,285,0,0,0,285
12/02/2022,BOI,ID,ANM,WE,Combined TRACON& Tower with Radar,160,25,53,2,240,0,6,92,18,116,160,31,145,20,356,72,0,72,428
12/03/2022,BOI,ID,ANM,WE,Combined TRACON& Tower with Radar,124,11,50,3,188,0,9,78,0,87,124,20,128,3,275,124,0,124,399
12/04/2022,BOI,ID,ANM,WE,Combined TRACON& Tower with Radar,152,20,29,0,201,0,0,0,0,0,152,20,29,0,201,0,0,0,201
12/05/2022,BOI,ID,ANM,WE,Combined TRACON& Tower with Radar,156,12,39,0,207,0,0,0,0,0,156,12,39,0,207,0,0,0,207
12/06/2022,BOI,ID,ANM,WE,Combined TRACON& Tower with Radar,157,29,50,4,240,0,0,0,0,0,157,29,50,4,240,2,0,2,242
12/07/2022,BOI,ID,ANM,WE,Combined TRACON& Tower with Radar,153,27,69,13,262,0,0,4,0,4,153,27,73,13,266,74,0,74,340
12/08/2022,BOI,ID,ANM,WE,Combined TRACON& Tower with Radar,167,32,84,12,295,0,5,71,24,100,167,37,155,36,395,66,0,66,461
12/09/2022,BOI,ID,ANM,WE,Combined TRACON& Tower with Radar,162,16,50,1,229,0,4,66,6,76,162,20,116,7,305,54,2,56,361
12/10/2022,BOI,ID,ANM,WE,Combined TRACON& Tower with Radar,122,18,35,0,175,0,0,12,0,12,122,18,47,0,187,8,0,8,195
12/11/2022,BOI,ID,ANM,WE,Combined TRACON& Tower with Radar,145,17,37,0,199,0,0,7,0,7,145,17,44,0,206,24,0,24,230
12/12/2022,BOI,ID,ANM,WE,Combined TRACON& Tower with Radar,168,26,35,0,229,0,0,0,0,0,168,26,35,0,229,0,0,0,229
12/13/2022,BOI,ID,ANM,WE,Combined TRACON& Tower with Radar,149,18,57,2,226,0,5,61,19,85,149,23,118,21,311,64,4,68,379
12/14/2022,BOI,ID,ANM,WE,Combined TRACON& Tower with Radar,147,25,58,10,240,0,5,21,9,35,147,30,79,19,275,40,0,40,315
12/15/2022,BOI,ID,ANM,WE,Combined TRACON& Tower with Radar,168,25,64,8,265,0,6,44,15,65,168,31,108,23,330,83,0,83,413
12/16/2022,BOI,ID,ANM,WE,Combined TRACON& Tower with Radar,162,24,75,2,263,0,2,29,11,42,162,26,104,13,305,16,0,16,321
12/17/2022,BOI,ID,ANM,WE,Combined TRACON& Tower with Radar,132,24,51,0,207,0,6,30,0,36,132,30,81,0,243,36,0,36,279
12/18/2022,BOI,ID,ANM,WE,Combined TRACON& Tower with Radar,153,17,40,0,210,0,4,72,0,76,153,21,112,0,286,50,0,50,336
12/19/2022,BOI,ID,ANM,WE,Combined TRACON& Tower with Radar,151,44,58,7,260,0,1,70,23,94,151,45,128,30,354,48,0,48,402
12/20/2022,BOI,ID,ANM,WE,Combined TRACON& Tower with Radar,147,36,67,1,251,0,5,48,23,76,147,41,115,24,327,14,2,16,343
12/21/2022,BOI,ID,ANM,WE,Combined TRACON& Tower with Radar,154,24,50,0,228,0,7,44,14,65,154,31,94,14,293,48,0,48,341
12/22/2022,BOI,ID,ANM,WE,Combined TRACON& Tower with Radar,160,36,50,0,246,0,9,63,22,94,160,45,113,22,340,20,0,20,360
12/23/2022,BOI,ID,ANM,WE,Combined TRACON& Tower with Radar,121,16,36,0,173,0,0,0,0,0,121,16,36,0,173,24,0,24,197
12/24/2022,BOI,ID,ANM,WE,Combined TRACON& Tower with Radar,91,24,24,0,139,0,1,0,0,1,91,25,24,0,140,0,0,0,140
12/25/2022,BOI,ID,ANM,WE,Combined TRACON& Tower with Radar,111,13,3,0,127,0,0,0,0,0,111,13,3,0,127,0,0,0,127
12/26/2022,BOI,ID,ANM,WE,Combined TRACON& Tower with Radar,105,20,31,0,156,0,0,1,0,1,105,20,32,0,157,0,0,0,157
12/27/2022,BOI,ID,ANM,WE,Combined TRACON& Tower with Radar,121,30,57,1,209,0,2,26,11,39,121,32,83,12,248,4,0,4,252
12/28/2022,BOI,ID,ANM,WE,Combined TRACON& Tower with Radar,134,32,65,6,237,0,7,50,28,85,134,39,115,34,322,56,0,56,378
12/29/2022,BOI,ID,ANM,WE,Combined TRACON& Tower with Radar,143,35,47,5,230,0,9,53,18,80,143,44,100,23,310,88,0,88,398
12/30/2022,BOI,ID,ANM,WE,Combined TRACON& Tower with Radar,153,26,20,0,199,0,0,4,0,4,153,26,24,0,203,8,0,8,211
12/31/2022,BOI,ID,ANM,WE,Combined TRACON& Tower with Radar,100,15,20,1,136,0,2,6,0,8,100,17,26,1,144,8,0,8,152
01/01/2023,BOI,ID,ANM,WE,Combined TRACON& Tower with Radar,131,23,40,0,194,0,6,32,0,38,131,29,72,0,232,26,0,26,258
01/02/2023,BOI,ID,ANM,WE,Combined TRACON& Tower with Radar,132,31,71,0,234,0,3,74,0,77,132,34,145,0,311,38,0,38,349
01/03/2023,BOI,ID,ANM,WE,Combined TRACON& Tower with Radar,142,23,60,0,225,0,7,77,20,104,142,30,137,20,329,82,2,84,413
01/04/2023,BOI,ID,ANM,WE,Combined TRACON& Tower with Radar,145,23,47,1,216,0,6,61,26,93,145,29,108,27,309,52,2,54,363
01/05/2023,BOI,ID,ANM,WE,Combined TRACON& Tower with Radar,161,21,48,4,234,0,2,26,17,45,161,23,74,21,279,22,0,22,301
01/06/2023,BOI,ID,ANM,WE,Combined TRACON& Tower with Radar,149,17,43,1,210,0,2,40,14,56,149,19,83,15,266,24,4,28,294
01/07/2023,BOI,ID,ANM,WE,Combined TRACON& Tower with Radar,120,16,44,3,183,0,4,65,20,89,120,20,109,23,272,32,0,32,304
01/08/2023,BOI,ID,ANM,WE,Combined TRACON& Tower with Radar,142,16,26,1,185,0,1,9,14,24,142,17,35,15,209,20,6,26,235
01/09/2023,BOI,ID,ANM,WE,Combined TRACON& Tower with Radar,144,19,40,0,203,0,5,7,5,17,144,24,47,5,220,24,0,24,244
01/10/2023,BOI,ID,ANM,WE,Combined TRACON& Tower with Radar,127,15,43,2,187,0,1,9,4,14,127,16,52,6,201,22,0,22,223
01/11/2023,BOI,ID,ANM,WE,Combined TRACON& Tower with Radar,124,26,65,1,216,0,5,69,39,113,124,31,134,40,329,16,0,16,345
01/12/2023,BOI,ID,ANM,WE,Combined TRACON& Tower with Radar,158,29,64,1,252,0,8,46,19,73,158,37,110,20,325,66,0,66,391
01/13/2023,BOI,ID,ANM,WE,Combined TRACON& Tower with Radar,151,29,74,1,255,0,7,100,10,117,151,36,174,11,372,70,2,72,444
01/14/2023,BOI,ID,ANM,WE,Combined TRACON& Tower with Radar,107,14,31,0,152,0,0,43,1,44,107,14,74,1,196,43,0,43,239
01/15/2023,BOI,ID,ANM,WE,Combined TRACON& Tower with Radar,137,16,39,1,193,0,3,62,2,67,137,19,101,3,260,76,0,76,336
01/16/2023,BOI,ID,ANM,WE,Combined TRACON& Tower with Radar,146,18,57,0,221,0,6,83,1,90,146,24,140,1,311,108,0,108,419
01/17/2023,BOI,ID,ANM,WE,Combined TRACON& Tower with Radar,135,13,49,27,224,0,10,69,25,104,135,23,118,52,328,52,0,52,380
01/18/2023,BOI,ID,ANM,WE,Combined TRACON& Tower with Radar,131,18,59,4,212,0,11,71,21,103,131,29,130,25,315,67,2,69,384
01/19/2023,BOI,ID,ANM,WE,Combined TRACON& Tower with Radar,161,37,49,1,248,0,2,18,5,25,161,39,67,6,273,0,0,0,273
01/20/2023,BOI,ID,ANM,WE,Combined TRACON& Tower with Radar,159,23,53,3,238,0,6,94,6,106,159,29,147,9,344,53,0,53,397
01/21/2023,BOI,ID,ANM,WE,Combined TRACON& Tower with Radar,110,14,37,1,162,0,8,78,0,86,110,22,115,1,248,50,0,50,298
01/22/2023,BOI,ID,ANM,WE,Combined TRACON& Tower with Radar,139,13,29,1,182,0,4,37,0,41,139,17,66,1,223,30,0,30,253
01/23/2023,BOI,ID,ANM,WE,Combined TRACON& Tower with Radar,147,22,51,9,229,0,11,53,24,88,147,33,104,33,317,78,18,96,413
01/24/2023,BOI,ID,ANM,WE,Combined TRACON& Tower with Radar,131,19,35,11,196,0,3,72,28,103,131,22,107,39,299,94,0,94,393
01/25/2023,BOI,ID,ANM,WE,Combined TRACON& Tower with Radar,139,26,69,23,257,0,3,56,25,84,139,29,125,48,341,69,0,69,410
01/26/2023,BOI,ID,ANM,WE,Combined TRACON& Tower with Radar,156,41,75,11,283,0,12,67,36,115,156,53,142,47,398,16,0,16,414
01/27/2023,BOI,ID,ANM,WE,Combined TRACON& Tower with Radar,158,35,62,5,260,0,1,48,2,51,158,36,110,7,311,25,0,25,336
01/28/2023,BOI,ID,ANM,WE,Combined TRACON& Tower with Radar,109,24,22,0,155,0,0,19,0,19,109,24,41,0,174,16,0,16,190
01/29/2023,BOI,ID,ANM,WE,Combined TRACON& Tower with Radar,136,5,31,0,172,0,2,33,0,35,136,7,64,0,207,18,0,18,225
01/30/2023,BOI,ID,ANM,WE,Combined TRACON& Tower with Radar,139,18,47,6,210,0,16,102,17,135,139,34,149,23,345,104,0,104,449
01/31/2023,BOI,ID,ANM,WE,Combined TRACON& Tower with Radar,132,18,46,5,201,0,5,59,7,71,132,23,105,12,272,54,2,56,328
02/01/2023,BOI,ID,ANM,WE,Combined TRACON& Tower with Radar,145,21,57,6,229,0,4,90,12,106,145,25,147,18,335,144,4,148,483
02/02/2023,BOI,ID,ANM,WE,Combined TRACON& Tower with Radar,156,25,71,2,254,0,5,77,12,94,156,30,148,14,348,51,4,55,403
02/03/2023,BOI,ID,ANM,WE,Combined TRACON& Tower with Radar,158,22,51,4,235,0,15,90,22,127,158,37,141,26,362,22,4,26,388
02/04/2023,BOI,ID,ANM,WE,Combined TRACON& Tower with Radar,123,15,29,0,167,0,12,102,11,125,123,27,131,11,292,78,0,78,370
02/05/2023,BOI,ID,ANM,WE,Combined TRACON& Tower with Radar,140,19,25,0,184,0,0,28,4,32,140,19,53,4,216,20,0,20,236
02/06/2023,BOI,ID,ANM,WE,Combined TRACON& Tower with Radar,154,27,37,3,221,0,2,56,14,72,154,29,93,17,293,42,2,44,337
02/07/2023,BOI,ID,ANM,WE,Combined TRACON& Tower with Radar,150,18,49,3,220,0,3,66,16,85,150,21,115,19,305,41,4,45,350
02/08/2023,BOI,ID,ANM,WE,Combined TRACON& Tower with Radar,152,17,58,10,237,0,4,77,27,108,152,21,135,37,345,59,0,59,404
02/09/2023,BOI,ID,ANM,WE,Combined TRACON& Tower with Radar,160,24,65,5,254,0,14,93,37,144,160,38,158,42,398,45,0,45,443
02/10/2023,BOI,ID,ANM,WE,Combined TRACON& Tower with Radar,157,21,59,3,240,0,3,83,12,98,157,24,142,15,338,32,0,32,370
02/11/2023,BOI,ID,ANM,WE,Combined TRACON& Tower with Radar,121,23,48,1,193,0,8,96,3,107,121,31,144,4,300,90,0,90,390
02/12/2023,BOI,ID,ANM,WE,Combined TRACON& Tower with Radar,135,25,33,1,194,0,7,80,0,87,135,32,113,1,281,82,0,82,363
02/13/2023,BOI,ID,ANM,WE,Combined TRACON& Tower with Radar,146,38,53,7,244,0,5,60,23,88,146,43,113,30,332,12,8,20,352
02/14/2023,BOI,ID,ANM,WE,Combined TRACON& Tower with Radar,143,21,46,4,214,0,13,33,33,79,143,34,79,37,293,36,2,38,331
02/15/2023,BOI,ID,ANM,WE,Combined TRACON& Tower with Radar,151,27,65,7,250,0,2,69,41,112,151,29,134,48,362,30,0,30,392
02/16/2023,BOI,ID,ANM,WE,Combined TRACON& Tower with Radar,160,33,78,3,274,0,12,99,33,144,160,45,177,36,418,25,0,25,443
02/17/2023,BOI,ID,ANM,WE,Combined TRACON& Tower with Radar,154,41,69,0,264,0,6,92,17,115,154,47,161,17,379,36,0,36,415
02/18/2023,BOI,ID,ANM,WE,Combined TRACON& Tower with Radar,124,30,35,0,189,0,14,65,1,80,124,44,100,1,269,27,0,27,296
02/19/2023,BOI,ID,ANM,WE,Combined TRACON& Tower with Radar,137,22,47,0,206,0,9,67,0,76,137,31,114,0,282,38,0,38,320
02/20/2023,BOI,ID,ANM,WE,Combined TRACON& Tower with Radar,148,25,61,0,234,0,4,65,0,69,148,29,126,0,303,80,0,80,383
02/21/2023,BOI,ID,ANM,WE,Combined TRACON& Tower with Radar,145,36,42,3,226,0,2,12,14,28,145,38,54,17,254,18,0,18,272
02/22/2023,BOI,ID,ANM,WE,Combined TRACON& Tower with Radar,148,28,50,11,237,0,2,41,15,58,148,30,91,26,295,18,2,20,315
02/23/2023,BOI,ID,ANM,WE,Combined TRACON& Tower with Radar,156,27,52,1,236,0,7,19,21,47,156,34,71,22,283,28,2,30,313
02/24/2023,BOI,ID,ANM,WE,Combined TRACON& Tower with Radar,148,32,58,5,243,0,10,99,9,118,148,42,157,14,361,40,6,46,407
02/25/2023,BOI,ID,ANM,WE,Combined TRACON& Tower with Radar,123,20,37,3,183,0,7,132,1,140,123,27,169,4,323,16,0,16,339
02/26/2023,BOI,ID,ANM,WE,Combined TRACON& Tower with Radar,148,15,30,4,197,0,0,23,0,23,148,15,53,4,220,22,0,22,242
02/27/2023,BOI,ID,ANM,WE,Combined TRACON& Tower with Radar,147,22,35,10,214,0,4,31,15,50,147,26,66,25,264,34,0,34,298
02/28/2023,BOI,ID,ANM,WE,Combined TRACON& Tower with Radar,143,20,47,4,214,0,3,32,7,42,143,23,79,11,256,18,2,20,276
03/01/2023,BOI,ID,ANM,WE,Combined TRACON& Tower with Radar,136,23,45,1,205,0,8,50,16,74,136,31,95,17,279,40,0,40,319
03/02/2023,BOI,ID,ANM,WE,Combined TRACON& Tower with Radar,154,18,68,3,243,0,9,69,25,103,154,27,137,28,346,144,0,144,490
03/03/2023,BOI,ID,ANM,WE,Combined TRACON& Tower with Radar,145,31,69,1,246,0,6,80,27,113,145,37,149,28,359,87,6,93,452
03/04/2023,BOI,ID,ANM,WE,Combined TRACON& Tower with Radar,111,22,39,4,176,0,4,25,32,61,111,26,64,36,237,8,6,14,251
03/05/2023,BOI,ID,ANM,WE,Combined TRACON& Tower with Radar,131,17,46,0,194,0,7,26,24,57,131,24,72,24,251,26,2,28,279
03/06/2023,BOI,ID,ANM,WE,Combined TRACON& Tower with Radar,146,32,42,1,221,0,7,34,9,50,146,39,76,10,271,56,0,56,327
03/07/2023,BOI,ID,ANM,WE,Combined TRACON& Tower with Radar,138,25,59,5,227,0,3,70,14,87,138,28,129,19,314,73,0,73,387
03/08/2023,BOI,ID,ANM,WE,Combined TRACON& Tower with Radar,139,27,59,9,234,0,2,28,14,44,139,29,87,23,278,18,8,26,304
03/09/2023,BOI,ID,ANM,WE,Combined TRACON& Tower with Radar,157,39,65,2,263,0,7,47,21,75,157,46,112,23,338,28,2,30,368
03/10/2023,BOI,ID,ANM,WE,Combined TRACON& Tower with Radar,158,42,38,0,238,0,2,9,6,17,158,44,47,6,255,3,1,4,259
03/11/2023,BOI,ID,ANM,WE,Combined TRACON& Tower with Radar,113,19,46,1,179,0,11,118,0,129,113,30,164,1,308,64,0,64,372
03/12/2023,BOI,ID,ANM,WE,Combined TRACON& Tower with Radar,135,24,23,0,182,0,13,41,8,62,135,37,64,8,244,80,0,80,324
03/13/2023,BOI,ID,ANM,WE,Combined TRACON& Tower with Radar,146,29,55,11,241,0,0,44,25,69,146,29,99,36,310,97,4,101,411
03/14/2023,BOI,ID,ANM,WE,Combined TRACON& Tower with Radar,133,28,45,2,208,0,4,15,6,25,133,32,60,8,233,52,0,52,285
03/15/2023,BOI,ID,ANM,WE,Combined TRACON& Tower with Radar,143,34,70,8,255,0,6,51,21,78,143,40,121,29,333,30,0,30,363
03/16/2023,BOI,ID,ANM,WE,Combined TRACON& Tower with Radar,154,32,65,9,260,0,10,138,27,175,154,42,203,36,435,76,0,76,511
03/17/2023,BOI,ID,ANM,WE,Combined TRACON& Tower with Radar,150,35,74,0,259,0,5,131,16,152,150,40,205,16,411,68,2,70,481
03/18/2023,BOI,ID,ANM,WE,Combined TRACON& Tower with Radar,115,13,43,2,173,0,12,84,12,108,115,25,127,14,281,47,0,47,328
03/19/2023,BOI,ID,ANM,WE,Combined TRACON& Tower with Radar,141,22,26,1,190,0,7,62,1,70,141,29,88,2,260,77,4,81,341
03/20/2023,BOI,ID,ANM,WE,Combined TRACON& Tower with Radar,144,29,43,2,218,0,0,10,5,15,144,29,53,7,233,4,0,4,237
03/21/2023,BOI,ID,ANM,WE,Combined TRACON& Tower with Radar,124,29,41,6,200,0,4,86,12,102,124,33,127,18,302,84,0,84,386
03/22/2023,BOI,ID,ANM,WE,Combined TRACON& Tower with Radar,141,29,69,2,241,0,10,73,14,97,141,39,142,16,338,124,0,124,462
03/23/2023,BOI,ID,ANM,WE,Combined TRACON& Tower with Radar,161,31,77,1,270,0,7,43,10,60,161,38,120,11,330,42,0,42,372
03/24/2023,BOI,ID,ANM,WE,Combined TRACON& Tower with Radar,149,26,53,1,229,0,1,32,1,34,149,27,85,2,263,70,0,70,333
03/25/2023,BOI,ID,ANM,WE,Combined TRACON& Tower with Radar,116,18,26,2,162,0,5,33,2,40,116,23,59,4,202,133,0,133,335
03/26/2023,BOI,ID,ANM,WE,Combined TRACON& Tower with Radar,142,34,51,2,229,0,9,60,0,69,142,43,111,2,298,24,0,24,322
03/27/2023,BOI,ID,ANM,WE,Combined TRACON& Tower with Radar,136,25,57,0,218,0,9,129,12,150,136,34,186,12,368,106,0,106,474
03/28/2023,BOI,ID,ANM,WE,Combined TRACON& Tower with Radar,129,21,46,6,202,0,3,14,12,29,129,24,60,18,231,16,0,16,247
03/29/2023,BOI,ID,ANM,WE,Combined TRACON& Tower with Radar,140,31,50,5,226,0,4,25,12,41,140,35,75,17,267,84,0,84,351
03/30/2023,BOI,ID,ANM,WE,Combined TRACON& Tower with Radar,157,26,56,1,240,0,0,3,6,9,157,26,59,7,249,0,0,0,249
03/31/2023,BOI,ID,ANM,WE,Combined TRACON& Tower with Radar,141,27,76,7,251,0,7,100,18,125,141,34,176,25,376,126,0,126,502
04/01/2023,BOI,ID,ANM,WE,Combined TRACON& Tower with Radar,120,19,30,0,169,0,1,17,13,31,120,20,47,13,200,32,2,34,234
04/02/2023,BOI,ID,ANM,WE,Combined TRACON& Tower with Radar,136,29,50,2,217,0,3,48,9,60,136,32,98,11,277,104,0,104,381
04/03/2023,BOI,ID,ANM,WE,Combined TRACON& Tower with Radar,140,24,40,4,208,0,6,40,13,59,140,30,80,17,267,40,0,40,307
04/04/2023,BOI,ID,ANM,WE,Combined TRACON& Tower with Radar,142,27,45,5,219,0,3,23,12,38,142,30,68,17,257,52,0,52,309
04/05/2023,BOI,ID,ANM,WE,Combined TRACON& Tower with Radar,134,23,73,12,242,0,6,137,18,161,134,29,210,30,403,128,13,141,544
04/06/2023,BOI,ID,ANM,WE,Combined TRACON& Tower with Radar,166,31,60,2,259,0,13,73,17,103,166,44,133,19,362,44,2,46,408
04/07/2023,BOI,ID,ANM,WE,Combined TRACON& Tower with Radar,155,32,53,3,243,0,6,36,7,49,155,38,89,10,292,14,0,14,306
04/08/2023,BOI,ID,ANM,WE,Combined TRACON& Tower with Radar,116,12,38,0,166,0,4,95,0,99,116,16,133,0,265,26,0,26,291
04/09/2023,BOI,ID,ANM,WE,Combined TRACON& Tower with Radar,142,22,42,0,206,0,10,71,0,81,142,32,113,0,287,143,0,143,430
04/10/2023,BOI,ID,ANM,WE,Combined TRACON& Tower with Radar,143,34,59,9,245,0,14,44,16,74,143,48,103,25,319,18,0,18,337
04/11/2023,BOI,ID,ANM,WE,Combined TRACON& Tower with Radar,137,22,53,14,226,0,9,60,13,82,137,31,113,27,308,22,8,30,338
04/12/2023,BOI,ID,ANM,WE,Combined TRACON& Tower with Radar,135,28,69,15,247,0,8,103,14,125,135,36,172,29,372,0,0,0,372
04/13/2023,BOI,ID,ANM,WE,Combined TRACON& Tower with Radar,162,38,62,2,264,0,9,84,9,102,162,47,146,11,366,108,12,120,486
04/14/2023,BOI,ID,ANM,WE,Combined TRACON& Tower with Radar,152,27,55,3,237,0,11,118,8,137,152,38,173,11,374,124,0,124,498
04/15/2023,BOI,ID,ANM,WE,Combined TRACON& Tower with Radar,118,23,37,4,182,0,11,107,8,126,118,34,144,12,308,62,0,62,370
04/16/2023,BOI,ID,ANM,WE,Combined TRACON& Tower with Radar,144,14,37,3,198,0,11,36,3,50,144,25,73,6,248,26,0,26,274
04/17/2023,BOI,ID,ANM,WE,Combined TRACON& Tower with Radar,147,23,58,3,231,0,14,62,21,97,147,37,120,24,328,96,2,98,426
04/18/2023,BOI,ID,ANM,WE,Combined TRACON& Tower with Radar,140,32,43,5,220,0,3,12,15,30,140,35,55,20,250,30,9,39,289
04/19/2023,BOI,ID,ANM,WE,Combined TRACON& Tower with Radar,146,31,76,6,259,0,4,79,36,119,146,35,155,42,378,76,0,76,454
04/20/2023,BOI,ID,ANM,WE,Combined TRACON& Tower with Radar,149,42,66,10,267,0,13,81,31,125,149,55,147,41,392,78,24,102,494
04/21/2023,BOI,ID,ANM,WE,Combined TRACON& Tower with Radar,154,43,60,4,261,0,13,39,9,61,154,56,99,13,322,3,0,3,325
04/22/2023,BOI,ID,ANM,WE,Combined TRACON& Tower with Radar,119,10,38,1,168,0,13,118,5,136,119,23,156,6,304,100,0,100,404
04/23/2023,BOI,ID,ANM,WE,Combined TRACON& Tower with Radar,148,25,48,1,222,0,4,60,3,67,148,29,108,4,289,56,0,56,345
04/24/2023,BOI,ID,ANM,WE,Combined TRACON& Tower with Radar,144,36,63,3,246,0,11,46,29,86,144,47,109,32,332,28,12,40,372
04/25/2023,BOI,ID,ANM,WE,Combined TRACON& Tower with Radar,136,36,40,5,217,0,12,105,27,144,136,48,145,32,361,74,2,76,437
04/26/2023,BOI,ID,ANM,WE,Combined TRACON& Tower with Radar,144,30,78,5,257,0,14,161,35,210,144,44,239,40,467,146,0,146,613
04/27/2023,BOI,ID,ANM,WE,Combined TRACON& Tower with Radar,159,28,70,10,267,0,8,77,31,116,159,36,147,41,383,54,2,56,439
04/28/2023,BOI,ID,ANM,WE,Combined TRACON& Tower with Radar,147,27,67,6,247,0,6,150,20,176,147,33,217,26,423,111,11,122,545
04/29/2023,BOI,ID,ANM,WE,Combined TRACON& Tower with Radar,127,21,53,7,208,0,10,110,3,123,127,31,163,10,331,118,0,118,449
04/30/2023,BOI,ID,ANM,WE,Combined TRACON& Tower with Radar,149,15,70,2,236,0,7,110,2,119,149,22,180,4,355,84,0,84,439
05/01/2023,BOI,ID,ANM,WE,Combined TRACON& Tower with Radar,146,24,53,13,236,0,17,78,11,106,146,41,131,24,342,74,0,74,416
05/02/2023,BOI,ID,ANM,WE,Combined TRACON& Tower with Radar,142,30,70,1,243,0,15,114,9,138,142,45,184,10,381,56,0,56,437
05/03/2023,BOI,ID,ANM,WE,Combined TRACON& Tower with Radar,148,37,61,1,247,0,18,102,10,130,148,55,163,11,377,51,0,51,428
05/04/2023,BOI,ID,ANM,WE,Combined TRACON& Tower with Radar,157,32,53,7,249,0,15,66,25,106,157,47,119,32,355,50,0,50,405
05/05/2023,BOI,ID,ANM,WE,Combined TRACON& Tower with Radar,153,34,47,3,237,0,6,24,10,40,153,40,71,13,277,16,4,20,297
05/06/2023,BOI,ID,ANM,WE,Combined TRACON& Tower with Radar,130,23,28,2,183,0,4,36,20,60,130,27,64,22,243,60,6,66,309
05/07/2023,BOI,ID,ANM,WE,Combined TRACON& Tower with Radar,144,18,25,3,190,0,1,32,14,47,144,19,57,17,237,112,8,120,357
05/08/2023,BOI,ID,ANM,WE,Combined TRACON& Tower with Radar,146,29,39,3,217,0,7,78,1,86,146,36,117,4,303,52,0,52,355
05/09/2023,BOI,ID,ANM,WE,Combined TRACON& Tower with Radar,146,33,51,6,236,2,9,109,12,132,148,42,160,18,368,132,12,144,512
05/10/2023,BOI,ID,ANM,WE,Combined TRACON& Tower with Radar,148,30,61,3,242,1,14,130,10,155,149,44,191,13,397,100,2,102,499
05/11/2023,BOI,ID,ANM,WE,Combined TRACON& Tower with Radar,162,28,60,8,258,0,20,129,10,159,162,48,189,18,417,0,0,0,417
05/12/2023,BOI,ID,ANM,WE,Combined TRACON& Tower with Radar,150,26,55,3,234,0,7,125,16,148,150,33,180,19,382,89,0,89,471
05/13/2023,BOI,ID,ANM,WE,Combined TRACON& Tower with Radar,127,14,28,3,172,0,7,111,0,118,127,21,139,3,290,88,0,88,378
05/14/2023,BOI,ID,ANM,WE,Combined TRACON& Tower with Radar,143,24,25,0,192,0,6,36,0,42,143,30,61,0,234,8,0,8,242
05/15/2023,BOI,ID,ANM,WE,Combined TRACON& Tower with Radar,149,30,61,6,246,0,5,79,10,94,149,35,140,16,340,70,0,70,410
05/16/2023,BOI,ID,ANM,WE,Combined TRACON& Tower with Radar,143,28,61,9,241,0,11,117,11,139,143,39,178,20,380,68,16,84,464
05/17/2023,BOI,ID,ANM,WE,Combined TRACON& Tower with Radar,146,22,70,8,246,0,10,107,13,130,146,32,177,21,376,143,23,166,542
05/18/2023,BOI,ID,ANM,WE,Combined TRACON& Tower with Radar,156,37,72,8,273,1,5,140,9,155,157,42,212,17,428,81,0,81,509
05/19/2023,BOI,ID,ANM,WE,Combined TRACON& Tower with Radar,155,34,50,0,239,0,11,97,1,109,155,45,147,1,348,203,0,203,551
05/20/2023,BOI,ID,ANM,WE,Combined TRACON& Tower with Radar,134,22,50,2,208,0,18,80,6,104,134,40,130,8,312,85,6,91,403
05/21/2023,BOI,ID,ANM,WE,Combined TRACON& Tower with Radar,148,17,34,0,199,0,16,81,2,99,148,33,115,2,298,100,0,100,398
05/22/2023,BOI,ID,ANM,WE,Combined TRACON& Tower with Radar,143,39,53,3,238,0,9,101,25,135,143,48,154,28,373,184,10,194,567
05/23/2023,BOI,ID,ANM,WE,Combined TRACON& Tower with Radar,150,30,51,1,232,0,17,110,31,158,150,47,161,32,390,106,0,106,496
05/24/2023,BOI,ID,ANM,WE,Combined TRACON& Tower with Radar,148,25,52,3,228,0,9,127,27,163,148,34,179,30,391,96,12,108,499
05/25/2023,BOI,ID,ANM,WE,Combined TRACON& Tower with Radar,160,32,41,3,236,0,17,102,26,145,160,49,143,29,381,66,0,66,447
05/26/2023,BOI,ID,ANM,WE,Combined TRACON& Tower with Radar,152,13,49,2,216,0,15,93,4,112,152,28,142,6,328,62,0,62,390
05/27/2023,BOI,ID,ANM,WE,Combined TRACON& Tower with Radar,127,20,18,0,165,0,13,71,2,86,127,33,89,2,251,80,0,80,331
05/28/2023,BOI,ID,ANM,WE,Combined TRACON& Tower with Radar,144,22,22,0,188,0,11,77,1,89,144,33,99,1,277,26,0,26,303
05/29/2023,BOI,ID,ANM,WE,Combined TRACON& Tower with Radar,141,23,38,0,202,0,8,117,2,127,141,31,155,2,329,78,8,86,415
05/30/2023,BOI,ID,ANM,WE,Combined TRACON& Tower with Radar,141,21,49,4,215,0,5,97,7,109,141,26,146,11,324,30,4,34,358
05/31/2023,BOI,ID,ANM,WE,Combined TRACON& Tower with Radar,151,26,38,1,216,0,7,79,14,100,151,33,117,15,316,30,2,32,348
06/01/2023,BOI,ID,ANM,WE,Combined TRACON& Tower with Radar,158,28,57,11,254,0,9,109,12,130,158,37,166,23,384,102,2,104,488
06/02/2023,BOI,ID,ANM,WE,Combined TRACON& Tower with Radar,157,18,47,9,231,0,12,128,4,144,157,30,175,13,375,44,0,44,419
06/03/2023,BOI,ID,ANM,WE,Combined TRACON& Tower with Radar,119,18,46,7,190,0,6,113,22,141,119,24,159,29,331,24,0,24,355
06/04/2023,BOI,ID,ANM,WE,Combined TRACON& Tower with Radar,144,19,35,5,203,0,8,99,9,116,144,27,134,14,319,56,0,56,375
06/05/2023,BOI,ID,ANM,WE,Combined TRACON& Tower with Radar,148,40,50,15,253,0,15,108,11,134,148,55,158,26,387,102,0,102,489
06/06/2023,BOI,ID,ANM,WE,Combined TRACON& Tower with Radar,148,25,43,11,227,0,14,100,12,126,148,39,143,23,353,24,22,46,399
06/07/2023,BOI,ID,ANM,WE,Combined TRACON& Tower with Radar,154,28,50,9,241,0,14,114,16,144,154,42,164,25,385,26,0,26,411
06/08/2023,BOI,ID,ANM,WE,Combined TRACON& Tower with Radar,166,29,55,10,260,0,11,82,13,106,166,40,137,23,366,78,4,82,448
06/09/2023,BOI,ID,ANM,WE,Combined TRACON& Tower with Radar,158,39,46,11,254,0,6,44,10,60,158,45,90,21,314,100,0,100,414
06/10/2023,BOI,ID,ANM,WE,Combined TRACON& Tower with Radar,127,23,38,4,192,0,13,84,18,115,127,36,122,22,307,172,2,174,481
06/11/2023,BOI,ID,ANM,WE,Combined TRACON& Tower with Radar,146,19,39,6,210,0,10,77,6,93,146,29,116,12,303,40,0,40,343
06/12/2023,BOI,ID,ANM,WE,Combined TRACON& Tower with Radar,150,21,41,9,221,0,9,105,30,144,150,30,146,39,365,8,0,8,373
06/13/2023,BOI,ID,ANM,WE,Combined TRACON& Tower with Radar,143,20,56,3,222,0,9,99,23,131,143,29,155,26,353,8,0,8,361
06/14/2023,BOI,ID,ANM,WE,Combined TRACON& Tower with Radar,150,23,59,4,236,0,5,119,20,144,150,28,178,24,380,26,0,26,406
06/15/2023,BOI,ID,ANM,WE,Combined TRACON& Tower with Radar,164,33,73,1,271,0,10,130,12,152,164,43,203,13,423,36,2,38,461
06/16/2023,BOI,ID,ANM,WE,Combined TRACON& Tower with Radar,164,29,77,4,274,0,11,131,6,148,164,40,208,10,422,41,4,45,467
06/17/2023,BOI,ID,ANM,WE,Combined TRACON& Tower with Radar,125,18,46,4,193,0,10,107,2,119,125,28,153,6,312,2,0,2,314
06/18/2023,BOI,ID,ANM,WE,Combined TRACON& Tower with Radar,149,19,38,1,207,0,14,72,1,87,149,33,110,2,294,6,0,6,300
06/19/2023,BOI,ID,ANM,WE,Combined TRACON& Tower with Radar,151,32,56,3,242,0,9,31,0,40,151,41,87,3,282,10,0,10,292
06/20/2023,BOI,ID,ANM,WE,Combined TRACON& Tower with Radar,149,18,63,3,233,0,10,93,8,111,149,28,156,11,344,10,0,10,354
06/21/2023,BOI,ID,ANM,WE,Combined TRACON& Tower with Radar,145,22,75,7,249,2,9,150,20,181,147,31,225,27,430,20,0,20,450
06/22/2023,BOI,ID,ANM,WE,Combined TRACON& Tower with Radar,163,28,56,3,250,0,5,136,13,154,163,33,192,16,404,30,2,32,436
06/23/2023,BOI,ID,ANM,WE,Combined TRACON& Tower with Radar,165,22,58,7,252,0,18,138,7,163,165,40,196,14,415,22,0,22,437
06/24/2023,BOI,ID,ANM,WE,Combined TRACON& Tower with Radar,114,25,40,6,185,0,10,125,0,135,114,35,165,6,320,5,0,5,325
06/25/2023,BOI,ID,ANM,WE,Combined TRACON& Tower with Radar,143,17,46,0,206,0,12,87,3,102,143,29,133,3,308,12,0,12,320
06/26/2023,BOI,ID,ANM,WE,Combined TRACON& Tower with Radar,143,34,46,6,229,0,8,120,22,150,143,42,166,28,379,2,2,4,383
06/27/2023,BOI,ID,ANM,WE,Combined TRACON& Tower with Radar,148,31,63,7,249,0,17,115,30,162,148,48,178,37,411,46,18,64,475
06/28/2023,BOI,ID,ANM,WE,Combined TRACON& Tower with Radar,145,39,57,3,244,2,13,109,23,147,147,52,166,26,391,0,0,0,391
06/29/2023,BOI,ID,ANM,WE,Combined TRACON& Tower with Radar,164,27,69,3,263,0,23,131,16,170,164,50,200,19,433,22,2,24,457
06/30/2023,BOI,ID,ANM,WE,Combined TRACON& Tower with Radar,165,29,76,6,276,0,26,155,5,186,165,55,231,11,462,10,0,10,472
07/01/2023,BOI,ID,ANM,WE,Combined TRACON& Tower with Radar,120,20,55,0,195,0,17,107,6,130,120,37,162,6,325,14,0,14,339
07/02/2023,BOI,ID,ANM,WE,Combined TRACON& Tower with Radar,143,26,29,1,199,0,20,90,0,110,143,46,119,1,309,0,0,0,309
07/03/2023,BOI,ID,ANM,WE,Combined TRACON& Tower with Radar,143,14,29,1,187,0,6,102,4,112,143,20,131,5,299,16,0,16,315
07/04/2023,BOI,ID,ANM,WE,Combined TRACON& Tower with Radar,124,14,13,1,152,0,7,84,6,97,124,21,97,7,249,16,0,16,265
07/05/2023,BOI,ID,ANM,WE,Combined TRACON& Tower with Radar,144,22,58,1,225,0,15,135,12,162,144,37,193,13,387,6,0,6,393
07/06/2023,BOI,ID,ANM,WE,Combined TRACON& Tower with Radar,163,27,56,5,251,1,15,114,17,147,164,42,170,22,398,26,0,26,424
07/07/2023,BOI,ID,ANM,WE,Combined TRACON& Tower with Radar,158,25,52,12,247,0,8,131,13,152,158,33,183,25,399,18,0,18,417
07/08/2023,BOI,ID,ANM,WE,Combined TRACON& Tower with Radar,122,15,40,4,181,0,7,93,12,112,122,22,133,16,293,8,0,8,301
07/09/2023,BOI,ID,ANM,WE,Combined TRACON& Tower with Radar,150,19,46,8,223,0,10,98,8,116,150,29,144,16,339,4,0,4,343
07/10/2023,BOI,ID,ANM,WE,Combined TRACON& Tower with Radar,151,26,42,7,226,0,21,104,38,163,151,47,146,45,389,8,0,8,397
07/11/2023,BOI,ID,ANM,WE,Combined TRACON& Tower with Radar,153,45,68,5,271,0,16,135,20,171,153,61,203,25,442,78,14,92,534
07/12/2023,BOI,ID,ANM,WE,Combined TRACON& Tower with Radar,152,22,60,11,245,0,9,140,11,160,152,31,200,22,405,32,0,32,437
07/13/2023,BOI,ID,ANM,WE,Combined TRACON& Tower with Radar,166,38,56,7,267,0,17,130,27,174,166,55,186,34,441,16,0,16,457
07/14/2023,BOI,ID,ANM,WE,Combined TRACON& Tower with Radar,167,20,55,6,248,0,6,129,9,144,167,26,184,15,392,0,0,0,392
07/15/2023,BOI,ID,ANM,WE,Combined TRACON& Tower with Radar,122,14,30,4,170,0,23,110,2,135,122,37,140,6,305,8,0,8,313
07/16/2023,BOI,ID,ANM,WE,Combined TRACON& Tower with Radar,153,16,50,6,225,0,10,98,2,110,153,26,148,8,335,2,0,2,337
07/17/2023,BOI,ID,ANM,WE,Combined TRACON& Tower with Radar,156,33,43,9,241,4,19,88,28,139,160,52,131,37,380,2,0,2,382
07/18/2023,BOI,ID,ANM,WE,Combined TRACON& Tower with Radar,148,25,62,8,243,6,3,128,41,178,154,28,190,49,421,14,0,14,435
07/19/2023,BOI,ID,ANM,WE,Combined TRACON& Tower with Radar,152,33,64,12,261,10,10,139,56,215,162,43,203,68,476,8,2,10,486
07/20/2023,BOI,ID,ANM,WE,Combined TRACON& Tower with Radar,164,35,55,14,268,0,8,127,17,152,164,43,182,31,420,42,1,43,463
07/21/2023,BOI,ID,ANM,WE,Combined TRACON& Tower with Radar,163,34,53,12,262,0,16,135,16,167,163,50,188,28,429,26,0,26,455
07/22/2023,BOI,ID,ANM,WE,Combined TRACON& Tower with Radar,121,23,31,1,176,0,12,128,9,149,121,35,159,10,325,10,0,10,335
07/23/2023,BOI,ID,ANM,WE,Combined TRACON& Tower with Radar,149,23,37,4,213,0,19,100,1,120,149,42,137,5,333,20,2,22,355
07/24/2023,BOI,ID,ANM,WE,Combined TRACON& Tower with Radar,159,30,51,4,244,0,9,89,16,114,159,39,140,20,358,12,0,12,370
07/25/2023,BOI,ID,ANM,WE,Combined TRACON& Tower with Radar,151,30,58,11,250,1,4,135,30,170,152,34,193,41,420,26,6,32,452
07/26/2023,BOI,ID,ANM,WE,Combined TRACON& Tower with Radar,155,24,41,10,230,0,16,120,20,156,155,40,161,30,386,24,0,24,410
07/27/2023,BOI,ID,ANM,WE,Combined TRACON& Tower with Radar,169,30,63,10,272,0,14,106,21,141,169,44,169,31,413,14,4,18,431
07/28/2023,BOI,ID,ANM,WE,Combined TRACON& Tower with Radar,159,19,57,7,242,0,12,111,16,139,159,31,168,23,381,52,0,52,433
07/29/2023,BOI,ID,ANM,WE,Combined TRACON& Tower with Radar,122,17,35,4,178,0,12,105,3,120,122,29,140,7,298,10,2,12,310
07/30/2023,BOI,ID,ANM,WE,Combined TRACON& Tower with Radar,151,15,33,3,202,1,6,110,3,120,152,21,143,6,322,2,0,2,324
07/31/2023,BOI,ID,ANM,WE,Combined TRACON& Tower with Radar,158,29,45,6,238,0,4,111,19,134,158,33,156,25,372,50,0,50,422
08/01/2023,BOI,ID,ANM,WE,Combined TRACON& Tower with Radar,152,25,52,8,237,3,6,77,27,113,155,31,129,35,350,20,0,20,370
08/02/2023,BOI,ID,ANM,WE,Combined TRACON& Tower with Radar,166,23,49,7,245,0,10,82,13,105,166,33,131,20,350,48,0,48,398
08/03/2023,BOI,ID,ANM,WE,Combined TRACON& Tower with Radar,172,21,58,8,259,0,14,91,20,125,172,35,149,28,384,12,0,12,396
08/04/2023,BOI,ID,ANM,WE,Combined TRACON& Tower with Radar,167,27,47,4,245,0,15,100,11,126,167,42,147,15,371,0,0,0,371
08/05/2023,BOI,ID,ANM,WE,Combined TRACON& Tower with Radar,123,21,36,2,182,0,17,105,8,130,123,38,141,10,312,12,0,12,324
08/06/2023,BOI,ID,ANM,WE,Combined TRACON& Tower with Radar,157,23,32,6,218,0,10,64,0,74,157,33,96,6,292,14,0,14,306
08/07/2023,BOI,ID,ANM,WE,Combined TRACON& Tower with Radar,155,25,54,9,243,0,4,101,16,121,155,29,155,25,364,18,0,18,382
08/08/2023,BOI,ID,ANM,WE,Combined TRACON& Tower with Radar,162,18,66,3,249,0,1,101,27,129,162,19,167,30,378,34,0,34,412
08/09/2023,BOI,ID,ANM,WE,Combined TRACON& Tower with Radar,151,29,55,3,238,1,6,127,18,152,152,35,182,21,390,18,0,18,408
08/10/2023,BOI,ID,ANM,WE,Combined TRACON& Tower with Radar,169,31,73,10,283,0,11,119,16,146,169,42,192,26,429,16,0,16,445
08/11/2023,BOI,ID,ANM,WE,Combined TRACON& Tower with Radar,165,23,58,2,248,0,10,133,5,148,165,33,191,7,396,6,0,6,402
08/12/2023,BOI,ID,ANM,WE,Combined TRACON& Tower with Radar,124,18,23,3,168,0,10,122,2,134,124,28,145,5,302,28,0,28,330
08/13/2023,BOI,ID,ANM,WE,Combined TRACON& Tower with Radar,154,21,46,3,224,0,4,94,0,98,154,25,140,3,322,2,0,2,324
08/14/2023,BOI,ID,ANM,WE,Combined TRACON& Tower with Radar,162,28,62,12,264,0,13,109,15,137,162,41,171,27,401,18,0,18,419
08/15/2023,BOI,ID,ANM,WE,Combined TRACON& Tower with Radar,149,38,62,10,259,0,19,126,18,163,149,57,188,28,422,0,0,0,422
08/16/2023,BOI,ID,ANM,WE,Combined TRACON& Tower with Radar,151,31,60,12,254,3,11,89,28,131,154,42,149,40,385,30,0,30,415
08/17/2023,BOI,ID,ANM,WE,Combined TRACON& Tower with Radar,170,42,81,14,307,6,7,114,55,182,176,49,195,69,489,10,0,10,499
08/18/2023,BOI,ID,ANM,WE,Combined TRACON& Tower with Radar,163,31,65,15,274,8,14,100,31,153,171,45,165,46,427,0,0,0,427
08/19/2023,BOI,ID,ANM,WE,Combined TRACON& Tower with Radar,127,20,38,5,190,1,6,101,16,124,128,26,139,21,314,12,0,12,326
08/20/2023,BOI,ID,ANM,WE,Combined TRACON& Tower with Radar,147,27,58,5,237,9,2,19,11,41,156,29,77,16,278,4,0,4,282
08/21/2023,BOI,ID,ANM,WE,Combined TRACON& Tower with Radar,154,24,52,3,233,0,5,21,17,43,154,29,73,20,276,8,0,8,284
08/22/2023,BOI,ID,ANM,WE,Combined TRACON& Tower with Radar,153,35,82,8,278,0,11,84,11,106,153,46,166,19,384,54,0,54,438
08/23/2023,BOI,ID,ANM,WE,Combined TRACON& Tower with Radar,151,24,80,10,265,0,7,137,8,152,151,31,217,18,417,30,0,30,447
08/24/2023,BOI,ID,ANM,WE,Combined TRACON& Tower with Radar,163,41,87,13,304,0,17,125,16,158,163,58,212,29,462,20,0,20,482
08/25/2023,BOI,ID,ANM,WE,Combined TRACON& Tower with Radar,148,18,34,7,207,0,10,54,6,70,148,28,88,13,277,32,0,32,309
08/26/2023,BOI,ID,ANM,WE,Combined TRACON& Tower with Radar,110,14,15,6,145,0,13,36,8,57,110,27,51,14,202,0,0,0,202
08/27/2023,BOI,ID,ANM,WE,Combined TRACON& Tower with Radar,143,16,36,3,198,0,16,61,6,83,143,32,97,9,281,26,0,26,307
08/28/2023,BOI,ID,ANM,WE,Combined TRACON& Tower with Radar,155,31,58,23,267,0,9,129,3,141,155,40,187,26,408,84,0,84,492
08/29/2023,BOI,ID,ANM,WE,Combined TRACON& Tower with Radar,157,27,42,9,235,0,9,64,17,90,157,36,106,26,325,34,4,38,363
08/30/2023,BOI,ID,ANM,WE,Combined TRACON& Tower with Radar,151,25,54,10,240,0,9,119,25,153,151,34,173,35,393,106,0,106,499
08/31/2023,BOI,ID,ANM,WE,Combined TRACON& Tower with Radar,164,36,87,22,309,0,8,139,16,163,164,44,226,38,472,76,30,106,578
