01/01/2020,BOS,MA,ANE,EN,Towers with Radar,790,102,8,0,900,0,20,2,0,22,790,122,10,0,922,0,0,0,922
01/02/2020,BOS,MA,ANE,EN,Towers with Radar,935,102,13,0,1050,0,33,4,0,37,935,135,17,0,1087,0,0,0,1087
01/03/2020,BOS,MA,ANE,EN,Towers with Radar,925,115,6,0,1046,0,24,1,0,25,925,139,7,0,1071,0,0,0,1071
01/04/2020,BOS,MA,ANE,EN,Towers with Radar,795,90,15,0,900,0,2,0,0,2,795,92,15,0,902,0,0,0,902
01/05/2020,BOS,MA,ANE,EN,Towers with Radar,895,118,11,0,1024,0,6,0,0,6,895,124,11,0,1030,0,0,0,1030
01/06/2020,BOS,MA,ANE,EN,Towers with Radar,1014,119,18,0,1151,0,12,2,0,14,1014,131,20,0,1165,0,0,0,1165
01/07/2020,BOS,MA,ANE,EN,Towers with Radar,985,104,22,0,1111,0,13,8,3,24,985,117,30,3,1135,0,0,0,1135
01/08/2020,BOS,MA,ANE,EN,Towers with Radar,960,113,27,0,1100,0,6,2,0,8,960,119,29,0,1108,0,0,0,1108
01/09/2020,BOS,MA,ANE,EN,Towers with Radar,1026,121,15,2,1164,0,21,11,0,32,1026,142,26,2,1196,0,0,0,1196
01/10/2020,BOS,MA,ANE,EN,Towers with Radar,990,114,8,0,1112,0,4,2,0,6,990,118,10,0,1118,0,0,0,1118
01/11/2020,BOS,MA,ANE,EN,Towers with Radar,733,87,7,0,827,0,7,1,0,8,733,94,8,0,835,0,0,0,835
01/12/2020,BOS,MA,ANE,EN,Towers with Radar,870,112,14,0,996,0,8,2,0,10,870,120,16,0,1006,0,0,0,1006
01/13/2020,BOS,MA,ANE,EN,Towers with Radar,983,128,14,0,1125,0,0,3,0,3,983,128,17,0,1128,0,0,0,1128
01/14/2020,BOS,MA,ANE,EN,Towers with Radar,980,136,22,0,1138,0,2,0,0,2,980,138,22,0,1140,0,0,0,1140
01/15/2020,BOS,MA,ANE,EN,Towers with Radar,973,121,28,0,1122,0,16,5,0,21,973,137,33,0,1143,0,0,0,1143
01/16/2020,BOS,MA,ANE,EN,Towers with Radar,1006,94,24,0,1124,0,4,6,0,10,1006,98,30,0,1134,0,0,0,1134
01/17/2020,BOS,MA,ANE,EN,Towers with Radar,996,97,34,0,1127,0,13,0,0,13,996,110,34,0,1140,0,0,0,1140
01/18/2020,BOS,MA,ANE,EN,Towers with Radar,697,73,4,0,774,0,7,2,4,13,697,80,6,4,787,0,0,0,787
01/19/2020,BOS,MA,ANE,EN,Towers with Radar,782,92,6,0,880,0,12,6,0,18,782,104,12,0,898,0,0,0,898
01/20/2020,BOS,MA,ANE,EN,Towers with Radar,951,126,34,0,1111,0,20,8,0,28,951,146,42,0,1139,0,0,0,1139
01/21/2020,BOS,MA,ANE,EN,Towers with Radar,972,107,25,0,1104,0,21,2,2,25,972,128,27,2,1129,0,0,0,1129
01/22/2020,BOS,MA,ANE,EN,Towers with Radar,960,119,40,1,1120,0,23,2,0,25,960,142,42,1,1145,0,0,0,1145
01/23/2020,BOS,MA,ANE,EN,Towers with Radar,993,133,27,0,1153,0,19,1,0,20,993,152,28,0,1173,0,0,0,1173
01/24/2020,BOS,MA,ANE,EN,Towers with Radar,998,125,17,0,1140,0,20,4,0,24,998,145,21,0,1164,0,0,0,1164
01/25/2020,BOS,MA,ANE,EN,Towers with Radar,717,88,11,0,816,0,1,0,0,1,717,89,11,0,817,0,0,0,817
01/26/2020,BOS,MA,ANE,EN,Towers with Radar,869,116,11,2,998,0,8,10,2,20,869,124,21,4,1018,0,0,0,1018
01/27/2020,BOS,MA,ANE,EN,Towers with Radar,985,126,24,0,1135,0,16,3,0,19,985,142,27,0,1154,0,0,0,1154
01/28/2020,BOS,MA,ANE,EN,Towers with Radar,961,124,25,0,1110,0,11,3,3,17,961,135,28,3,1127,0,0,0,1127
01/29/2020,BOS,MA,ANE,EN,Towers with Radar,951,119,21,0,1091,0,19,3,2,24,951,138,24,2,1115,0,0,0,1115
01/30/2020,BOS,MA,ANE,EN,Towers with Radar,996,121,29,0,1146,0,25,3,1,29,996,146,32,1,1175,0,0,0,1175
01/31/2020,BOS,MA,ANE,EN,Towers with Radar,1004,131,20,1,1156,0,18,3,2,23,1004,149,23,3,1179,0,0,0,1179
02/01/2020,BOS,MA,ANE,EN,Towers with Radar,718,112,10,1,841,0,0,0,0,0,718,112,10,1,841,0,0,0,841
02/02/2020,BOS,MA,ANE,EN,Towers with Radar,821,117,12,0,950,0,4,4,0,8,821,121,16,0,958,0,0,0,958
02/03/2020,BOS,MA,ANE,EN,Towers with Radar,982,143,34,0,1159,0,14,6,0,20,982,157,40,0,1179,0,0,0,1179
02/04/2020,BOS,MA,ANE,EN,Towers with Radar,960,126,30,0,1116,0,13,0,2,15,960,139,30,2,1131,0,0,0,1131
02/05/2020,BOS,MA,ANE,EN,Towers with Radar,955,116,33,0,1104,0,18,6,2,26,955,134,39,2,1130,0,0,0,1130
02/06/2020,BOS,MA,ANE,EN,Towers with Radar,950,96,27,0,1073,0,0,0,0,0,950,96,27,0,1073,0,0,0,1073
02/07/2020,BOS,MA,ANE,EN,Towers with Radar,976,49,20,0,1045,0,0,0,0,0,976,49,20,0,1045,0,0,0,1045
02/08/2020,BOS,MA,ANE,EN,Towers with Radar,745,88,12,0,845,0,12,9,3,24,745,100,21,3,869,0,0,0,869
02/09/2020,BOS,MA,ANE,EN,Towers with Radar,843,118,16,0,977,0,10,8,0,18,843,128,24,0,995,0,0,0,995
02/10/2020,BOS,MA,ANE,EN,Towers with Radar,995,138,15,0,1148,0,4,0,2,6,995,142,15,2,1154,0,0,0,1154
02/11/2020,BOS,MA,ANE,EN,Towers with Radar,969,126,20,0,1115,0,0,2,0,2,969,126,22,0,1117,0,0,0,1117
02/12/2020,BOS,MA,ANE,EN,Towers with Radar,965,116,41,0,1122,0,18,11,0,29,965,134,52,0,1151,0,0,0,1151
02/13/2020,BOS,MA,ANE,EN,Towers with Radar,992,142,39,0,1173,0,0,0,0,0,992,142,39,0,1173,0,0,0,1173
02/14/2020,BOS,MA,ANE,EN,Towers with Radar,1039,135,30,0,1204,0,16,9,0,25,1039,151,39,0,1229,0,0,0,1229
02/15/2020,BOS,MA,ANE,EN,Towers with Radar,817,102,13,0,932,0,17,8,0,25,817,119,21,0,957,0,0,0,957
02/16/2020,BOS,MA,ANE,EN,Towers with Radar,834,104,15,1,954,0,17,12,2,31,834,121,27,3,985,0,0,0,985
02/17/2020,BOS,MA,ANE,EN,Towers with Radar,967,125,22,0,1114,0,28,8,0,36,967,153,30,0,1150,0,0,0,1150
02/18/2020,BOS,MA,ANE,EN,Towers with Radar,1025,117,15,0,1157,0,4,0,0,4,1025,121,15,0,1161,0,0,0,1161
02/19/2020,BOS,MA,ANE,EN,Towers with Radar,1017,118,29,0,1164,0,16,5,0,21,1017,134,34,0,1185,0,0,0,1185
02/20/2020,BOS,MA,ANE,EN,Towers with Radar,1023,111,25,3,1162,0,20,5,1,26,1023,131,30,4,1188,0,0,0,1188
02/21/2020,BOS,MA,ANE,EN,Towers with Radar,1025,106,20,2,1153,0,19,1,0,20,1025,125,21,2,1173,0,0,0,1173
02/22/2020,BOS,MA,ANE,EN,Towers with Radar,831,102,9,0,942,0,18,9,0,27,831,120,18,0,969,0,0,0,969
02/23/2020,BOS,MA,ANE,EN,Towers with Radar,919,110,14,0,1043,0,19,3,0,22,919,129,17,0,1065,0,0,0,1065
02/24/2020,BOS,MA,ANE,EN,Towers with Radar,1018,122,22,2,1164,0,27,5,0,32,1018,149,27,2,1196,0,0,0,1196
02/25/2020,BOS,MA,ANE,EN,Towers with Radar,1047,142,30,0,1219,0,11,5,2,18,1047,153,35,2,1237,0,0,0,1237
02/26/2020,BOS,MA,ANE,EN,Towers with Radar,1026,138,31,0,1195,0,3,1,0,4,1026,141,32,0,1199,0,0,0,1199
02/27/2020,BOS,MA,ANE,EN,Towers with Radar,1033,83,29,1,1146,0,0,2,0,2,1033,83,31,1,1148,0,0,0,1148
02/28/2020,BOS,MA,ANE,EN,Towers with Radar,1055,134,20,0,1209,0,11,0,4,15,1055,145,20,4,1224,0,0,0,1224
02/29/2020,BOS,MA,ANE,EN,Towers with Radar,818,105,9,0,932,0,15,4,0,19,818,120,13,0,951,0,0,0,951
03/01/2020,BOS,MA,ANE,EN,Towers with Radar,931,123,14,1,1069,0,23,1,0,24,931,146,15,1,1093,0,0,0,1093
03/02/2020,BOS,MA,ANE,EN,Towers with Radar,1037,119,32,0,1188,0,25,7,0,32,1037,144,39,0,1220,0,0,0,1220
03/03/2020,BOS,MA,ANE,EN,Towers with Radar,1034,146,32,0,1212,0,14,6,0,20,1034,160,38,0,1232,0,0,0,1232
03/04/2020,BOS,MA,ANE,EN,Towers with Radar,1033,131,31,0,1195,0,15,4,0,19,1033,146,35,0,1214,0,0,0,1214
03/05/2020,BOS,MA,ANE,EN,Towers with Radar,1070,139,32,1,1242,0,27,13,0,40,1070,166,45,1,1282,0,0,0,1282
03/06/2020,BOS,MA,ANE,EN,Towers with Radar,1046,143,24,0,1213,0,12,2,0,14,1046,155,26,0,1227,0,0,0,1227
03/07/2020,BOS,MA,ANE,EN,Towers with Radar,809,90,10,0,909,0,17,4,0,21,809,107,14,0,930,0,0,0,930
03/08/2020,BOS,MA,ANE,EN,Towers with Radar,946,125,16,2,1089,0,32,11,2,45,946,157,27,4,1134,0,0,0,1134
03/09/2020,BOS,MA,ANE,EN,Towers with Radar,1023,111,12,0,1146,0,29,5,1,35,1023,140,17,1,1181,0,0,0,1181
03/10/2020,BOS,MA,ANE,EN,Towers with Radar,1028,134,18,0,1180,0,7,7,0,14,1028,141,25,0,1194,0,0,0,1194
03/11/2020,BOS,MA,ANE,EN,Towers with Radar,1019,139,13,0,1171,0,25,6,4,35,1019,164,19,4,1206,0,0,0,1206
03/12/2020,BOS,MA,ANE,EN,Towers with Radar,1058,132,11,1,1202,0,15,0,0,15,1058,147,11,1,1217,0,0,0,1217
03/13/2020,BOS,MA,ANE,EN,Towers with Radar,1055,128,18,0,1201,0,1,2,0,3,1055,129,20,0,1204,0,0,0,1204
03/14/2020,BOS,MA,ANE,EN,Towers with Radar,821,120,14,1,956,0,26,6,0,32,821,146,20,1,988,0,0,0,988
03/15/2020,BOS,MA,ANE,EN,Towers with Radar,932,128,16,0,1076,0,21,5,0,26,932,149,21,0,1102,0,0,0,1102
03/16/2020,BOS,MA,ANE,EN,Towers with Radar,986,101,22,1,1110,0,24,0,0,24,986,125,22,1,1134,0,0,0,1134
03/17/2020,BOS,MA,ANE,EN,Towers with Radar,952,116,13,2,1083,0,0,0,0,0,952,116,13,2,1083,0,0,0,1083
03/18/2020,BOS,MA,ANE,EN,Towers with Radar,939,69,16,0,1024,0,30,19,0,49,939,99,35,0,1073,0,0,0,1073
03/19/2020,BOS,MA,ANE,EN,Towers with Radar,918,101,18,0,1037,0,1,0,0,1,918,102,18,0,1038,0,0,0,1038
03/20/2020,BOS,MA,ANE,EN,Towers with Radar,877,97,9,0,983,0,3,3,0,6,877,100,12,0,989,0,0,0,989
03/21/2020,BOS,MA,ANE,EN,Towers with Radar,633,58,7,0,698,0,19,2,0,21,633,77,9,0,719,0,0,0,719
03/22/2020,BOS,MA,ANE,EN,Towers with Radar,747,73,4,0,824,0,21,6,0,27,747,94,10,0,851,0,0,0,851
03/23/2020,BOS,MA,ANE,EN,Towers with Radar,558,74,4,0,636,0,2,0,2,4,558,76,4,2,640,0,0,0,640
03/24/2020,BOS,MA,ANE,EN,Towers with Radar,549,73,7,0,629,0,5,0,0,5,549,78,7,0,634,0,0,0,634
03/25/2020,BOS,MA,ANE,EN,Towers with Radar,489,76,4,0,569,0,2,0,0,2,489,78,4,0,571,0,0,0,571
03/26/2020,BOS,MA,ANE,EN,Towers with Radar,437,59,7,0,503,0,9,0,0,9,437,68,7,0,512,0,0,0,512
03/27/2020,BOS,MA,ANE,EN,Towers with Radar,418,67,10,0,495,0,9,0,0,9,418,76,10,0,504,0,0,0,504
03/28/2020,BOS,MA,ANE,EN,Towers with Radar,338,51,6,0,395,0,13,0,0,13,338,64,6,0,408,0,0,0,408
03/29/2020,BOS,MA,ANE,EN,Towers with Radar,399,64,1,0,464,0,0,0,0,0,399,64,1,0,464,0,0,0,464
03/30/2020,BOS,MA,ANE,EN,Towers with Radar,361,68,4,0,433,0,0,0,0,0,361,68,4,0,433,0,0,0,433
03/31/2020,BOS,MA,ANE,EN,Towers with Radar,358,63,3,0,424,0,3,2,2,7,358,66,5,2,431,0,0,0,431
04/01/2020,BOS,MA,ANE,EN,Towers with Radar,319,75,3,0,397,0,1,2,0,3,319,76,5,0,400,0,0,0,400
04/02/2020,BOS,MA,ANE,EN,Towers with Radar,270,74,7,0,351,0,0,0,0,0,270,74,7,0,351,0,0,0,351
04/03/2020,BOS,MA,ANE,EN,Towers with Radar,259,38,10,0,307,0,0,0,0,0,259,38,10,0,307,0,0,0,307
04/04/2020,BOS,MA,ANE,EN,Towers with Radar,221,68,10,0,299,0,4,1,0,5,221,72,11,0,304,0,0,0,304
04/05/2020,BOS,MA,ANE,EN,Towers with Radar,259,69,11,0,339,0,4,2,0,6,259,73,13,0,345,0,0,0,345
04/06/2020,BOS,MA,ANE,EN,Towers with Radar,231,52,3,0,286,0,18,0,0,18,231,70,3,0,304,0,0,0,304
04/07/2020,BOS,MA,ANE,EN,Towers with Radar,214,43,2,0,259,0,19,3,0,22,214,62,5,0,281,0,0,0,281
04/08/2020,BOS,MA,ANE,EN,Towers with Radar,218,62,0,0,280,0,7,0,0,7,218,69,0,0,287,0,0,0,287
04/09/2020,BOS,MA,ANE,EN,Towers with Radar,240,57,5,0,302,0,1,0,0,1,240,58,5,0,303,0,0,0,303
04/10/2020,BOS,MA,ANE,EN,Towers with Radar,244,73,8,0,325,0,2,0,0,2,244,75,8,0,327,0,0,0,327
04/11/2020,BOS,MA,ANE,EN,Towers with Radar,188,60,2,0,250,0,8,6,0,14,188,68,8,0,264,0,0,0,264
04/12/2020,BOS,MA,ANE,EN,Towers with Radar,174,62,1,1,238,0,9,2,2,13,174,71,3,3,251,0,0,0,251
04/13/2020,BOS,MA,ANE,EN,Towers with Radar,187,22,3,1,213,0,0,0,0,0,187,22,3,1,213,0,0,0,213
04/14/2020,BOS,MA,ANE,EN,Towers with Radar,199,69,2,2,272,0,22,2,2,26,199,91,4,4,298,0,0,0,298
04/15/2020,BOS,MA,ANE,EN,Towers with Radar,185,68,4,0,257,0,12,0,0,12,185,80,4,0,269,0,0,0,269
04/16/2020,BOS,MA,ANE,EN,Towers with Radar,199,71,6,0,276,0,7,0,0,7,199,78,6,0,283,0,0,0,283
04/17/2020,BOS,MA,ANE,EN,Towers with Radar,181,66,4,0,251,0,11,2,3,16,181,77,6,3,267,0,0,0,267
04/18/2020,BOS,MA,ANE,EN,Towers with Radar,145,71,12,0,228,0,0,3,0,3,145,71,15,0,231,0,0,0,231
04/19/2020,BOS,MA,ANE,EN,Towers with Radar,153,61,5,0,219,0,16,5,0,21,153,77,10,0,240,0,0,0,240
04/20/2020,BOS,MA,ANE,EN,Towers with Radar,141,52,0,2,195,0,13,2,0,15,141,65,2,2,210,0,0,0,210
04/21/2020,BOS,MA,ANE,EN,Towers with Radar,146,54,1,1,202,0,3,0,0,3,146,57,1,1,205,0,0,0,205
04/22/2020,BOS,MA,ANE,EN,Towers with Radar,160,61,4,0,225,0,9,0,0,9,160,70,4,0,234,0,0,0,234
04/23/2020,BOS,MA,ANE,EN,Towers with Radar,172,52,2,1,227,0,18,7,0,25,172,70,9,1,252,0,0,0,252
04/24/2020,BOS,MA,ANE,EN,Towers with Radar,172,66,5,0,243,0,1,3,0,4,172,67,8,0,247,0,0,0,247
04/25/2020,BOS,MA,ANE,EN,Towers with Radar,131,49,6,0,186,0,15,9,0,24,131,64,15,0,210,0,0,0,210
04/26/2020,BOS,MA,ANE,EN,Towers with Radar,143,64,10,0,217,0,1,0,2,3,143,65,10,2,220,0,0,0,220
04/27/2020,BOS,MA,ANE,EN,Towers with Radar,137,60,7,0,204,0,0,0,1,1,137,60,7,1,205,0,0,0,205
04/28/2020,BOS,MA,ANE,EN,Towers with Radar,165,63,9,0,237,0,4,3,0,7,165,67,12,0,244,0,0,0,244
04/29/2020,BOS,MA,ANE,EN,Towers with Radar,160,60,8,0,228,0,20,0,2,22,160,80,8,2,250,0,0,0,250
04/30/2020,BOS,MA,ANE,EN,Towers with Radar,187,71,3,0,261,0,1,1,0,2,187,72,4,0,263,0,0,0,263
05/01/2020,BOS,MA,ANE,EN,Towers with Radar,182,83,5,2,272,0,0,0,0,0,182,83,5,2,272,0,0,0,272
05/02/2020,BOS,MA,ANE,EN,Towers with Radar,123,57,2,0,182,0,9,3,0,12,123,66,5,0,194,0,0,0,194
05/03/2020,BOS,MA,ANE,EN,Towers with Radar,163,53,18,0,234,0,14,18,0,32,163,67,36,0,266,0,0,0,266
05/04/2020,BOS,MA,ANE,EN,Towers with Radar,158,56,7,9,230,0,11,5,0,16,158,67,12,9,246,0,0,0,246
05/05/2020,BOS,MA,ANE,EN,Towers with Radar,144,63,5,0,212,0,6,2,0,8,144,69,7,0,220,0,0,0,220
05/06/2020,BOS,MA,ANE,EN,Towers with Radar,128,57,9,2,196,0,16,10,0,26,128,73,19,2,222,0,0,0,222
05/07/2020,BOS,MA,ANE,EN,Towers with Radar,200,59,11,0,270,0,12,6,1,19,200,71,17,1,289,0,0,0,289
05/08/2020,BOS,MA,ANE,EN,Towers with Radar,183,62,4,0,249,0,9,2,2,13,183,71,6,2,262,0,0,0,262
05/09/2020,BOS,MA,ANE,EN,Towers with Radar,129,53,2,0,184,0,2,0,0,2,129,55,2,0,186,0,0,0,186
05/10/2020,BOS,MA,ANE,EN,Towers with Radar,163,58,5,0,226,0,9,0,3,12,163,67,5,3,238,0,0,0,238
05/11/2020,BOS,MA,ANE,EN,Towers with Radar,156,63,5,1,225,0,9,0,0,9,156,72,5,1,234,0,0,0,234
05/12/2020,BOS,MA,ANE,EN,Towers with Radar,145,74,16,0,235,0,7,16,2,25,145,81,32,2,260,0,0,0,260
05/13/2020,BOS,MA,ANE,EN,Towers with Radar,153,58,17,0,228,0,18,1,0,19,153,76,18,0,247,0,0,0,247
05/14/2020,BOS,MA,ANE,EN,Towers with Radar,191,64,9,0,264,0,19,4,6,29,191,83,13,6,293,0,0,0,293
05/15/2020,BOS,MA,ANE,EN,Towers with Radar,170,73,3,0,246,0,2,1,0,3,170,75,4,0,249,0,0,0,249
05/16/2020,BOS,MA,ANE,EN,Towers with Radar,124,64,9,0,197,0,6,3,2,11,124,70,12,2,208,0,0,0,208
05/17/2020,BOS,MA,ANE,EN,Towers with Radar,162,60,1,0,223,0,13,2,2,17,162,73,3,2,240,0,0,0,240
05/18/2020,BOS,MA,ANE,EN,Towers with Radar,149,69,5,1,224,0,14,0,1,15,149,83,5,2,239,0,0,0,239
05/19/2020,BOS,MA,ANE,EN,Towers with Radar,143,60,4,2,209,0,17,6,3,26,143,77,10,5,235,0,0,0,235
05/20/2020,BOS,MA,ANE,EN,Towers with Radar,155,54,6,0,215,0,20,4,2,26,155,74,10,2,241,0,0,0,241
05/21/2020,BOS,MA,ANE,EN,Towers with Radar,189,73,11,2,275,0,23,1,4,28,189,96,12,6,303,0,0,0,303
05/22/2020,BOS,MA,ANE,EN,Towers with Radar,167,74,8,0,249,0,20,7,2,29,167,94,15,2,278,0,0,0,278
05/23/2020,BOS,MA,ANE,EN,Towers with Radar,127,67,4,0,198,0,9,2,0,11,127,76,6,0,209,0,0,0,209
05/24/2020,BOS,MA,ANE,EN,Towers with Radar,158,55,5,0,218,0,13,8,0,21,158,68,13,0,239,0,0,0,239
05/25/2020,BOS,MA,ANE,EN,Towers with Radar,151,106,3,0,260,0,0,0,0,0,151,106,3,0,260,0,0,0,260
05/26/2020,BOS,MA,ANE,EN,Towers with Radar,125,71,4,2,202,0,11,3,0,14,125,82,7,2,216,0,0,0,216
05/27/2020,BOS,MA,ANE,EN,Towers with Radar,160,77,7,2,246,0,20,1,0,21,160,97,8,2,267,0,0,0,267
05/28/2020,BOS,MA,ANE,EN,Towers with Radar,192,104,7,0,303,0,4,1,2,7,192,108,8,2,310,0,0,0,310
05/29/2020,BOS,MA,ANE,EN,Towers with Radar,174,96,14,0,284,0,0,1,0,1,174,96,15,0,285,0,0,0,285
05/30/2020,BOS,MA,ANE,EN,Towers with Radar,129,72,6,0,207,0,10,6,0,16,129,82,12,0,223,0,0,0,223
05/31/2020,BOS,MA,ANE,EN,Towers with Radar,168,79,7,0,254,0,23,7,0,30,168,102,14,0,284,0,0,0,284
06/01/2020,BOS,MA,ANE,EN,Towers with Radar,191,76,8,8,283,0,23,3,2,28,191,99,11,10,311,0,0,0,311
06/02/2020,BOS,MA,ANE,EN,Towers with Radar,186,73,11,1,271,0,21,0,0,21,186,94,11,1,292,0,0,0,292
06/03/2020,BOS,MA,ANE,EN,Towers with Radar,201,77,5,0,283,0,15,0,0,15,201,92,5,0,298,0,0,0,298
06/04/2020,BOS,MA,ANE,EN,Towers with Radar,245,80,5,0,330,0,27,10,0,37,245,107,15,0,367,0,0,0,367
06/05/2020,BOS,MA,ANE,EN,Towers with Radar,229,89,10,0,328,0,10,3,2,15,229,99,13,2,343,0,0,0,343
06/06/2020,BOS,MA,ANE,EN,Towers with Radar,175,67,9,2,253,0,6,2,0,8,175,73,11,2,261,0,0,0,261
06/07/2020,BOS,MA,ANE,EN,Towers with Radar,223,99,8,0,330,0,10,3,0,13,223,109,11,0,343,0,0,0,343
06/08/2020,BOS,MA,ANE,EN,Towers with Radar,222,69,4,0,295,0,24,9,0,33,222,93,13,0,328,0,0,0,328
06/09/2020,BOS,MA,ANE,EN,Towers with Radar,203,82,2,0,287,0,20,8,0,28,203,102,10,0,315,0,0,0,315
06/10/2020,BOS,MA,ANE,EN,Towers with Radar,210,86,8,0,304,0,5,5,0,10,210,91,13,0,314,0,0,0,314
06/11/2020,BOS,MA,ANE,EN,Towers with Radar,268,98,9,0,375,0,2,0,0,2,268,100,9,0,377,0,0,0,377
06/12/2020,BOS,MA,ANE,EN,Towers with Radar,248,102,6,4,360,0,18,13,0,31,248,120,19,4,391,0,0,0,391
06/13/2020,BOS,MA,ANE,EN,Towers with Radar,194,72,4,0,270,0,24,2,0,26,194,96,6,0,296,0,0,0,296
06/14/2020,BOS,MA,ANE,EN,Towers with Radar,243,83,4,0,330,0,27,4,1,32,243,110,8,1,362,0,0,0,362
06/15/2020,BOS,MA,ANE,EN,Towers with Radar,245,81,19,0,345,0,18,2,0,20,245,99,21,0,365,0,0,0,365
06/16/2020,BOS,MA,ANE,EN,Towers with Radar,217,68,14,0,299,0,29,5,6,40,217,97,19,6,339,0,0,0,339
06/17/2020,BOS,MA,ANE,EN,Towers with Radar,223,72,14,0,309,0,29,3,4,36,223,101,17,4,345,0,0,0,345
06/18/2020,BOS,MA,ANE,EN,Towers with Radar,276,70,8,4,358,0,23,8,6,37,276,93,16,10,395,0,0,0,395
06/19/2020,BOS,MA,ANE,EN,Towers with Radar,260,94,14,0,368,0,23,4,0,27,260,117,18,0,395,0,0,0,395
06/20/2020,BOS,MA,ANE,EN,Towers with Radar,206,85,10,0,301,0,31,8,0,39,206,116,18,0,340,0,0,0,340
06/21/2020,BOS,MA,ANE,EN,Towers with Radar,249,78,12,0,339,0,24,10,2,36,249,102,22,2,375,0,0,0,375
06/22/2020,BOS,MA,ANE,EN,Towers with Radar,259,123,21,0,403,0,1,2,0,3,259,124,23,0,406,0,0,0,406
06/23/2020,BOS,MA,ANE,EN,Towers with Radar,222,88,12,0,322,0,15,8,0,23,222,103,20,0,345,0,0,0,345
06/24/2020,BOS,MA,ANE,EN,Towers with Radar,234,109,14,0,357,0,4,4,0,8,234,113,18,0,365,0,0,0,365
06/25/2020,BOS,MA,ANE,EN,Towers with Radar,286,103,25,0,414,0,25,5,4,34,286,128,30,4,448,0,0,0,448
06/26/2020,BOS,MA,ANE,EN,Towers with Radar,264,96,14,1,375,0,26,8,0,34,264,122,22,1,409,0,0,0,409
06/27/2020,BOS,MA,ANE,EN,Towers with Radar,216,89,11,1,317,0,20,6,0,26,216,109,17,1,343,0,0,0,343
06/28/2020,BOS,MA,ANE,EN,Towers with Radar,264,111,11,0,386,0,7,5,0,12,264,118,16,0,398,0,0,0,398
06/29/2020,BOS,MA,ANE,EN,Towers with Radar,260,125,13,0,398,0,0,1,0,1,260,125,14,0,399,0,0,0,399
06/30/2020,BOS,MA,ANE,EN,Towers with Radar,231,121,22,0,374,0,0,0,0,0,231,121,22,0,374,0,0,0,374
07/01/2020,BOS,MA,ANE,EN,Towers with Radar,323,107,16,0,446,0,8,2,0,10,323,115,18,0,456,0,0,0,456
07/02/2020,BOS,MA,ANE,EN,Towers with Radar,397,122,14,0,533,0,22,8,0,30,397,144,22,0,563,0,0,0,563
07/03/2020,BOS,MA,ANE,EN,Towers with Radar,381,119,14,0,514,0,0,0,1,1,381,119,14,1,515,0,0,0,515
07/04/2020,BOS,MA,ANE,EN,Towers with Radar,288,90,9,1,388,0,9,14,0,23,288,99,23,1,411,0,0,0,411
07/05/2020,BOS,MA,ANE,EN,Towers with Radar,373,123,6,0,502,0,12,9,0,21,373,135,15,0,523,0,0,0,523
07/06/2020,BOS,MA,ANE,EN,Towers with Radar,391,108,14,0,513,0,14,11,0,25,391,122,25,0,538,0,0,0,538
07/07/2020,BOS,MA,ANE,EN,Towers with Radar,369,93,13,0,475,0,19,3,0,22,369,112,16,0,497,0,0,0,497
07/08/2020,BOS,MA,ANE,EN,Towers with Radar,377,114,15,0,506,0,5,2,2,9,377,119,17,2,515,0,0,0,515
07/09/2020,BOS,MA,ANE,EN,Towers with Radar,423,107,17,0,547,0,23,6,0,29,423,130,23,0,576,0,0,0,576
07/10/2020,BOS,MA,ANE,EN,Towers with Radar,427,116,4,0,547,0,0,0,0,0,427,116,4,0,547,0,0,0,547
07/11/2020,BOS,MA,ANE,EN,Towers with Radar,382,92,12,0,486,0,13,8,0,21,382,105,20,0,507,0,0,0,507
07/12/2020,BOS,MA,ANE,EN,Towers with Radar,423,107,10,0,540,0,20,18,0,38,423,127,28,0,578,0,0,0,578
07/13/2020,BOS,MA,ANE,EN,Towers with Radar,410,91,11,0,512,0,23,5,1,29,410,114,16,1,541,0,0,0,541
07/14/2020,BOS,MA,ANE,EN,Towers with Radar,360,106,14,0,480,0,9,1,2,12,360,115,15,2,492,0,0,0,492
07/15/2020,BOS,MA,ANE,EN,Towers with Radar,369,128,15,2,514,0,8,5,2,15,369,136,20,4,529,0,0,0,529
07/16/2020,BOS,MA,ANE,EN,Towers with Radar,439,107,9,0,555,0,23,6,0,29,439,130,15,0,584,0,0,0,584
07/17/2020,BOS,MA,ANE,EN,Towers with Radar,427,124,12,0,563,0,4,0,0,4,427,128,12,0,567,0,0,0,567
07/18/2020,BOS,MA,ANE,EN,Towers with Radar,380,91,16,0,487,0,30,10,0,40,380,121,26,0,527,0,0,0,527
07/19/2020,BOS,MA,ANE,EN,Towers with Radar,422,75,12,1,510,0,27,8,1,36,422,102,20,2,546,0,0,0,546
07/20/2020,BOS,MA,ANE,EN,Towers with Radar,418,90,20,0,528,0,17,1,0,18,418,107,21,0,546,0,0,0,546
07/21/2020,BOS,MA,ANE,EN,Towers with Radar,370,93,9,0,472,0,25,2,1,28,370,118,11,1,500,0,0,0,500
07/22/2020,BOS,MA,ANE,EN,Towers with Radar,368,100,9,0,477,0,17,2,0,19,368,117,11,0,496,0,0,0,496
07/23/2020,BOS,MA,ANE,EN,Towers with Radar,439,89,19,0,547,0,14,0,2,16,439,103,19,2,563,0,0,0,563
07/24/2020,BOS,MA,ANE,EN,Towers with Radar,421,105,12,0,538,0,21,6,4,31,421,126,18,4,569,0,0,0,569
07/25/2020,BOS,MA,ANE,EN,Towers with Radar,376,93,2,0,471,0,24,9,0,33,376,117,11,0,504,0,0,0,504
07/26/2020,BOS,MA,ANE,EN,Towers with Radar,406,85,17,0,508,0,30,12,1,43,406,115,29,1,551,0,0,0,551
07/27/2020,BOS,MA,ANE,EN,Towers with Radar,393,85,10,0,488,0,32,6,0,38,393,117,16,0,526,0,0,0,526
07/28/2020,BOS,MA,ANE,EN,Towers with Radar,358,88,17,0,463,0,30,1,0,31,358,118,18,0,494,0,0,0,494
07/29/2020,BOS,MA,ANE,EN,Towers with Radar,358,96,11,0,465,0,30,0,4,34,358,126,11,4,499,0,0,0,499
07/30/2020,BOS,MA,ANE,EN,Towers with Radar,423,88,11,0,522,0,27,14,2,43,423,115,25,2,565,0,0,0,565
07/31/2020,BOS,MA,ANE,EN,Towers with Radar,423,115,14,0,552,0,25,8,2,35,423,140,22,2,587,0,0,0,587
08/01/2020,BOS,MA,ANE,EN,Towers with Radar,373,97,4,1,475,0,30,11,0,41,373,127,15,1,516,0,0,0,516
08/02/2020,BOS,MA,ANE,EN,Towers with Radar,434,105,7,0,546,0,16,7,0,23,434,121,14,0,569,0,0,0,569
08/03/2020,BOS,MA,ANE,EN,Towers with Radar,415,107,13,2,537,0,19,5,2,26,415,126,18,4,563,0,0,0,563
08/04/2020,BOS,MA,ANE,EN,Towers with Radar,342,67,10,1,420,0,7,0,0,7,342,74,10,1,427,0,0,0,427
08/05/2020,BOS,MA,ANE,EN,Towers with Radar,359,91,21,6,477,0,29,11,1,41,359,120,32,7,518,0,0,0,518
08/06/2020,BOS,MA,ANE,EN,Towers with Radar,424,77,19,0,520,0,31,4,6,41,424,108,23,6,561,0,0,0,561
08/07/2020,BOS,MA,ANE,EN,Towers with Radar,396,99,17,0,512,0,29,0,5,34,396,128,17,5,546,0,0,0,546
08/08/2020,BOS,MA,ANE,EN,Towers with Radar,326,88,16,0,430,0,25,3,2,30,326,113,19,2,460,0,0,0,460
08/09/2020,BOS,MA,ANE,EN,Towers with Radar,392,77,10,0,479,0,38,4,1,43,392,115,14,1,522,0,0,0,522
08/10/2020,BOS,MA,ANE,EN,Towers with Radar,346,106,11,0,463,0,22,8,4,34,346,128,19,4,497,0,0,0,497
08/11/2020,BOS,MA,ANE,EN,Towers with Radar,322,94,13,0,429,0,30,7,0,37,322,124,20,0,466,0,0,0,466
08/12/2020,BOS,MA,ANE,EN,Towers with Radar,318,116,14,0,448,0,23,7,2,32,318,139,21,2,480,0,0,0,480
08/13/2020,BOS,MA,ANE,EN,Towers with Radar,399,103,16,0,518,0,23,5,0,28,399,126,21,0,546,0,0,0,546
08/14/2020,BOS,MA,ANE,EN,Towers with Radar,374,102,20,0,496,0,34,2,0,36,374,136,22,0,532,0,0,0,532
08/15/2020,BOS,MA,ANE,EN,Towers with Radar,321,124,12,0,457,0,1,7,0,8,321,125,19,0,465,0,0,0,465
08/16/2020,BOS,MA,ANE,EN,Towers with Radar,384,125,18,0,527,0,3,1,1,5,384,128,19,1,532,0,0,0,532
08/17/2020,BOS,MA,ANE,EN,Towers with Radar,359,107,16,0,482,0,9,2,0,11,359,116,18,0,493,0,0,0,493
08/18/2020,BOS,MA,ANE,EN,Towers with Radar,324,86,26,0,436,0,18,6,0,24,324,104,32,0,460,0,0,0,460
08/19/2020,BOS,MA,ANE,EN,Towers with Radar,329,110,14,0,453,0,24,7,0,31,329,134,21,0,484,0,0,0,484
08/20/2020,BOS,MA,ANE,EN,Towers with Radar,396,104,16,2,518,0,35,9,0,44,396,139,25,2,562,0,0,0,562
08/21/2020,BOS,MA,ANE,EN,Towers with Radar,375,100,22,0,497,0,35,15,0,50,375,135,37,0,547,0,0,0,547
08/22/2020,BOS,MA,ANE,EN,Towers with Radar,329,105,8,0,442,0,31,5,2,38,329,136,13,2,480,0,0,0,480
08/23/2020,BOS,MA,ANE,EN,Towers with Radar,390,108,19,1,518,0,20,7,1,28,390,128,26,2,546,0,0,0,546
08/24/2020,BOS,MA,ANE,EN,Towers with Radar,353,103,8,0,464,0,25,7,0,32,353,128,15,0,496,0,0,0,496
08/25/2020,BOS,MA,ANE,EN,Towers with Radar,323,106,10,0,439,0,22,7,2,31,323,128,17,2,470,0,0,0,470
08/26/2020,BOS,MA,ANE,EN,Towers with Radar,325,96,25,2,448,0,31,8,2,41,325,127,33,4,489,0,0,0,489
08/27/2020,BOS,MA,ANE,EN,Towers with Radar,394,115,6,0,515,0,10,2,0,12,394,125,8,0,527,0,0,0,527
08/28/2020,BOS,MA,ANE,EN,Towers with Radar,371,131,30,0,532,0,17,8,0,25,371,148,38,0,557,0,0,0,557
08/29/2020,BOS,MA,ANE,EN,Towers with Radar,326,126,10,2,464,0,3,0,4,7,326,129,10,6,471,0,0,0,471
08/30/2020,BOS,MA,ANE,EN,Towers with Radar,388,104,19,0,511,0,37,2,0,39,388,141,21,0,550,0,0,0,550
08/31/2020,BOS,MA,ANE,EN,Towers with Radar,357,103,16,0,476,0,27,5,0,32,357,130,21,0,508,0,0,0,508
09/01/2020,BOS,MA,ANE,EN,Towers with Radar,320,103,12,2,437,0,31,8,0,39,320,134,20,2,476,0,0,0,476
09/02/2020,BOS,MA,ANE,EN,Towers with Radar,315,121,19,4,459,0,1,0,0,1,315,122,19,4,460,0,0,0,460
09/03/2020,BOS,MA,ANE,EN,Towers with Radar,385,140,16,0,541,0,4,3,0,7,385,144,19,0,548,0,0,0,548
09/04/2020,BOS,MA,ANE,EN,Towers with Radar,357,107,9,0,473,1,38,15,0,54,358,145,24,0,527,0,0,0,527
09/05/2020,BOS,MA,ANE,EN,Towers with Radar,299,79,18,0,396,0,39,8,0,47,299,118,26,0,443,0,0,0,443
09/06/2020,BOS,MA,ANE,EN,Towers with Radar,308,86,10,0,404,0,31,3,0,34,308,117,13,0,438,0,0,0,438
09/07/2020,BOS,MA,ANE,EN,Towers with Radar,313,114,10,0,437,0,43,3,0,46,313,157,13,0,483,0,0,0,483
09/08/2020,BOS,MA,ANE,EN,Towers with Radar,279,114,32,0,425,0,21,13,0,34,279,135,45,0,459,0,0,0,459
09/09/2020,BOS,MA,ANE,EN,Towers with Radar,279,103,26,0,408,0,24,2,0,26,279,127,28,0,434,0,0,0,434
09/10/2020,BOS,MA,ANE,EN,Towers with Radar,347,127,23,0,497,0,1,1,0,2,347,128,24,0,499,0,0,0,499
09/11/2020,BOS,MA,ANE,EN,Towers with Radar,311,113,12,0,436,0,14,2,0,16,311,127,14,0,452,0,0,0,452
09/12/2020,BOS,MA,ANE,EN,Towers with Radar,277,88,12,0,377,0,36,16,6,58,277,124,28,6,435,0,0,0,435
09/13/2020,BOS,MA,ANE,EN,Towers with Radar,327,112,8,0,447,0,25,11,0,36,327,137,19,0,483,0,0,0,483
09/14/2020,BOS,MA,ANE,EN,Towers with Radar,298,113,19,0,430,0,34,4,2,40,298,147,23,2,470,0,0,0,470
09/15/2020,BOS,MA,ANE,EN,Towers with Radar,278,94,13,1,386,0,30,14,2,46,278,124,27,3,432,0,0,0,432
09/16/2020,BOS,MA,ANE,EN,Towers with Radar,274,101,11,0,386,0,33,16,3,52,274,134,27,3,438,0,0,0,438
09/17/2020,BOS,MA,ANE,EN,Towers with Radar,342,99,27,2,470,0,31,10,3,44,342,130,37,5,514,0,0,0,514
09/18/2020,BOS,MA,ANE,EN,Towers with Radar,319,112,18,0,449,0,17,10,5,32,319,129,28,5,481,0,0,0,481
09/19/2020,BOS,MA,ANE,EN,Towers with Radar,271,87,19,0,377,0,33,8,0,41,271,120,27,0,418,0,0,0,418
09/20/2020,BOS,MA,ANE,EN,Towers with Radar,324,107,16,0,447,0,41,9,0,50,324,148,25,0,497,0,0,0,497
09/21/2020,BOS,MA,ANE,EN,Towers with Radar,297,92,15,2,406,0,38,4,0,42,297,130,19,2,448,0,0,0,448
09/22/2020,BOS,MA,ANE,EN,Towers with Radar,280,87,12,0,379,0,30,0,0,30,280,117,12,0,409,0,0,0,409
09/23/2020,BOS,MA,ANE,EN,Towers with Radar,278,106,18,0,402,0,30,7,0,37,278,136,25,0,439,0,0,0,439
09/24/2020,BOS,MA,ANE,EN,Towers with Radar,342,107,13,0,462,0,41,9,21,71,342,148,22,21,533,0,0,0,533
09/25/2020,BOS,MA,ANE,EN,Towers with Radar,314,115,18,0,447,0,32,7,2,41,314,147,25,2,488,0,0,0,488
09/26/2020,BOS,MA,ANE,EN,Towers with Radar,271,91,8,0,370,0,19,6,2,27,271,110,14,2,397,0,0,0,397
09/27/2020,BOS,MA,ANE,EN,Towers with Radar,333,120,13,0,466,0,9,5,0,14,333,129,18,0,480,0,0,0,480
09/28/2020,BOS,MA,ANE,EN,Towers with Radar,295,129,10,1,435,0,5,2,0,7,295,134,12,1,442,0,0,0,442
09/29/2020,BOS,MA,ANE,EN,Towers with Radar,278,117,13,0,408,0,11,3,0,14,278,128,16,0,422,0,0,0,422
09/30/2020,BOS,MA,ANE,EN,Towers with Radar,277,86,9,1,373,0,13,0,0,13,277,99,9,1,386,0,0,0,386
10/01/2020,BOS,MA,ANE,EN,Towers with Radar,380,104,9,0,493,0,37,2,2,41,380,141,11,2,534,0,0,0,534
10/02/2020,BOS,MA,ANE,EN,Towers with Radar,356,103,8,0,467,0,21,4,0,25,356,124,12,0,492,0,0,0,492
10/03/2020,BOS,MA,ANE,EN,Towers with Radar,309,73,6,0,388,0,33,18,0,51,309,106,24,0,439,0,0,0,439
10/04/2020,BOS,MA,ANE,EN,Towers with Radar,355,99,9,0,463,0,35,16,0,51,355,134,25,0,514,0,0,0,514
10/05/2020,BOS,MA,ANE,EN,Towers with Radar,342,112,13,2,469,0,12,2,0,14,342,124,15,2,483,0,0,0,483
10/06/2020,BOS,MA,ANE,EN,Towers with Radar,294,107,9,0,410,0,15,4,0,19,294,122,13,0,429,0,0,0,429
10/07/2020,BOS,MA,ANE,EN,Towers with Radar,296,72,20,1,389,0,11,2,0,13,296,83,22,1,402,0,0,0,402
10/08/2020,BOS,MA,ANE,EN,Towers with Radar,398,124,18,1,541,0,29,6,0,35,398,153,24,1,576,0,0,0,576
10/09/2020,BOS,MA,ANE,EN,Towers with Radar,369,117,11,0,497,0,45,11,0,56,369,162,22,0,553,0,0,0,553
10/10/2020,BOS,MA,ANE,EN,Towers with Radar,314,68,4,0,386,0,28,1,0,29,314,96,5,0,415,0,0,0,415
10/11/2020,BOS,MA,ANE,EN,Towers with Radar,365,86,8,0,459,0,30,12,0,42,365,116,20,0,501,0,0,0,501
10/12/2020,BOS,MA,ANE,EN,Towers with Radar,359,133,26,1,519,0,6,0,0,6,359,139,26,1,525,0,0,0,525
10/13/2020,BOS,MA,ANE,EN,Towers with Radar,305,135,11,1,452,0,0,0,0,0,305,135,11,1,452,0,0,0,452
10/14/2020,BOS,MA,ANE,EN,Towers with Radar,298,88,18,0,404,0,20,2,6,28,298,108,20,6,432,0,0,0,432
10/15/2020,BOS,MA,ANE,EN,Towers with Radar,400,99,10,0,509,0,20,8,0,28,400,119,18,0,537,0,0,0,537
10/16/2020,BOS,MA,ANE,EN,Towers with Radar,365,117,9,2,493,0,0,0,0,0,365,117,9,2,493,0,0,0,493
10/17/2020,BOS,MA,ANE,EN,Towers with Radar,315,84,9,0,408,0,11,3,0,14,315,95,12,0,422,0,0,0,422
10/18/2020,BOS,MA,ANE,EN,Towers with Radar,371,82,11,0,464,0,40,9,0,49,371,122,20,0,513,0,0,0,513
10/19/2020,BOS,MA,ANE,EN,Towers with Radar,348,75,9,0,432,0,18,8,0,26,348,93,17,0,458,0,0,0,458
10/20/2020,BOS,MA,ANE,EN,Towers with Radar,288,91,17,2,398,0,0,2,0,2,288,91,19,2,400,0,0,0,400
10/21/2020,BOS,MA,ANE,EN,Towers with Radar,282,91,9,1,383,0,1,0,0,1,282,92,9,1,384,0,0,0,384
10/22/2020,BOS,MA,ANE,EN,Towers with Radar,396,91,11,2,500,0,16,4,0,20,396,107,15,2,520,0,0,0,520
10/23/2020,BOS,MA,ANE,EN,Towers with Radar,360,95,17,0,472,0,6,6,0,12,360,101,23,0,484,0,0,0,484
10/24/2020,BOS,MA,ANE,EN,Towers with Radar,287,81,12,0,380,0,5,23,0,28,287,86,35,0,408,0,0,0,408
10/25/2020,BOS,MA,ANE,EN,Towers with Radar,344,90,15,0,449,0,12,13,0,25,344,102,28,0,474,0,0,0,474
10/26/2020,BOS,MA,ANE,EN,Towers with Radar,322,94,10,0,426,0,3,0,0,3,322,97,10,0,429,0,0,0,429
10/27/2020,BOS,MA,ANE,EN,Towers with Radar,270,85,10,0,365,0,12,2,2,16,270,97,12,2,381,0,0,0,381
10/28/2020,BOS,MA,ANE,EN,Towers with Radar,284,109,12,0,405,0,1,0,2,3,284,110,12,2,408,0,0,0,408
10/29/2020,BOS,MA,ANE,EN,Towers with Radar,359,105,15,0,479,0,3,6,0,9,359,108,21,0,488,0,0,0,488
10/30/2020,BOS,MA,ANE,EN,Towers with Radar,334,75,12,0,421,0,1,0,0,1,334,76,12,0,422,0,0,0,422
10/31/2020,BOS,MA,ANE,EN,Towers with Radar,239,63,2,0,304,0,25,13,0,38,239,88,15,0,342,0,0,0,342
11/01/2020,BOS,MA,ANE,EN,Towers with Radar,336,96,15,0,447,0,6,6,0,12,336,102,21,0,459,0,0,0,459
11/02/2020,BOS,MA,ANE,EN,Towers with Radar,329,72,4,0,405,0,10,0,0,10,329,82,4,0,415,0,0,0,415
11/03/2020,BOS,MA,ANE,EN,Towers with Radar,252,69,9,0,330,0,6,5,0,11,252,75,14,0,341,0,0,0,341
11/04/2020,BOS,MA,ANE,EN,Towers with Radar,279,68,11,0,358,0,27,0,0,27,279,95,11,0,385,0,0,0,385
11/05/2020,BOS,MA,ANE,EN,Towers with Radar,370,56,18,2,446,0,39,9,0,48,370,95,27,2,494,0,0,0,494
11/06/2020,BOS,MA,ANE,EN,Towers with Radar,367,65,10,0,442,0,43,9,0,52,367,108,19,0,494,0,0,0,494
11/07/2020,BOS,MA,ANE,EN,Towers with Radar,303,31,3,1,338,0,49,12,0,61,303,80,15,1,399,0,0,0,399
11/08/2020,BOS,MA,ANE,EN,Towers with Radar,384,41,7,1,433,0,50,8,0,58,384,91,15,1,491,0,0,0,491
11/09/2020,BOS,MA,ANE,EN,Towers with Radar,371,44,9,2,426,0,37,6,0,43,371,81,15,2,469,0,0,0,469
11/10/2020,BOS,MA,ANE,EN,Towers with Radar,281,48,9,0,338,0,43,7,1,51,281,91,16,1,389,0,0,0,389
11/11/2020,BOS,MA,ANE,EN,Towers with Radar,308,89,20,0,417,0,5,3,0,8,308,94,23,0,425,0,0,0,425
11/12/2020,BOS,MA,ANE,EN,Towers with Radar,396,89,10,0,495,0,5,1,6,12,396,94,11,6,507,0,0,0,507
11/13/2020,BOS,MA,ANE,EN,Towers with Radar,374,84,14,0,472,0,0,0,0,0,374,84,14,0,472,0,0,0,472
11/14/2020,BOS,MA,ANE,EN,Towers with Radar,322,46,11,0,379,0,45,14,0,59,322,91,25,0,438,0,0,0,438
11/15/2020,BOS,MA,ANE,EN,Towers with Radar,385,40,9,0,434,0,44,4,0,48,385,84,13,0,482,0,0,0,482
11/16/2020,BOS,MA,ANE,EN,Towers with Radar,379,57,16,0,452,0,30,2,0,32,379,87,18,0,484,0,0,0,484
11/17/2020,BOS,MA,ANE,EN,Towers with Radar,284,69,9,0,362,0,27,0,0,27,284,96,9,0,389,0,0,0,389
11/18/2020,BOS,MA,ANE,EN,Towers with Radar,330,67,16,1,414,0,27,2,1,30,330,94,18,2,444,0,0,0,444
11/19/2020,BOS,MA,ANE,EN,Towers with Radar,432,46,14,3,495,0,46,3,6,55,432,92,17,9,550,0,0,0,550
11/20/2020,BOS,MA,ANE,EN,Towers with Radar,448,51,14,0,513,0,55,4,0,59,448,106,18,0,572,0,0,0,572
11/21/2020,BOS,MA,ANE,EN,Towers with Radar,441,58,15,0,514,0,56,15,2,73,441,114,30,2,587,0,0,0,587
11/22/2020,BOS,MA,ANE,EN,Towers with Radar,450,81,11,0,542,0,19,4,0,23,450,100,15,0,565,0,0,0,565
11/23/2020,BOS,MA,ANE,EN,Towers with Radar,399,93,9,0,501,0,3,0,0,3,399,96,9,0,504,0,0,0,504
11/24/2020,BOS,MA,ANE,EN,Towers with Radar,449,65,18,0,532,0,48,9,0,57,449,113,27,0,589,0,0,0,589
11/25/2020,BOS,MA,ANE,EN,Towers with Radar,467,92,9,0,568,0,14,2,0,16,467,106,11,0,584,0,0,0,584
11/26/2020,BOS,MA,ANE,EN,Towers with Radar,225,59,2,0,286,0,2,0,0,2,225,61,2,0,288,0,0,0,288
11/27/2020,BOS,MA,ANE,EN,Towers with Radar,346,59,4,0,409,0,27,7,0,34,346,86,11,0,443,0,0,0,443
11/28/2020,BOS,MA,ANE,EN,Towers with Radar,453,64,10,0,527,0,35,0,0,35,453,99,10,0,562,0,0,0,562
11/29/2020,BOS,MA,ANE,EN,Towers with Radar,486,47,18,0,551,0,76,12,0,88,486,123,30,0,639,0,0,0,639
11/30/2020,BOS,MA,ANE,EN,Towers with Radar,479,59,14,0,552,0,14,0,0,14,479,73,14,0,566,0,0,0,566
12/01/2020,BOS,MA,ANE,EN,Towers with Radar,405,80,5,1,491,0,5,0,0,5,405,85,5,1,496,0,0,0,496
12/02/2020,BOS,MA,ANE,EN,Towers with Radar,332,68,7,1,408,0,23,2,6,31,332,91,9,7,439,0,0,0,439
12/03/2020,BOS,MA,ANE,EN,Towers with Radar,389,54,10,0,453,0,43,2,0,45,389,97,12,0,498,0,0,0,498
12/04/2020,BOS,MA,ANE,EN,Towers with Radar,355,41,10,0,406,0,37,4,0,41,355,78,14,0,447,0,0,0,447
12/05/2020,BOS,MA,ANE,EN,Towers with Radar,276,44,1,0,321,0,0,0,0,0,276,44,1,0,321,0,0,0,321
12/06/2020,BOS,MA,ANE,EN,Towers with Radar,364,63,15,0,442,0,29,0,0,29,364,92,15,0,471,0,0,0,471
12/07/2020,BOS,MA,ANE,EN,Towers with Radar,339,60,5,0,404,0,25,0,0,25,339,85,5,0,429,0,0,0,429
12/08/2020,BOS,MA,ANE,EN,Towers with Radar,291,80,19,2,392,0,2,4,0,6,291,82,23,2,398,0,0,0,398
12/09/2020,BOS,MA,ANE,EN,Towers with Radar,305,74,14,0,393,0,14,2,0,16,305,88,16,0,409,0,0,0,409
12/10/2020,BOS,MA,ANE,EN,Towers with Radar,384,63,5,1,453,0,25,6,0,31,384,88,11,1,484,0,0,0,484
12/11/2020,BOS,MA,ANE,EN,Towers with Radar,367,33,5,1,406,0,50,8,2,60,367,83,13,3,466,0,0,0,466
12/12/2020,BOS,MA,ANE,EN,Towers with Radar,302,71,9,0,382,0,3,0,0,3,302,74,9,0,385,0,0,0,385
12/13/2020,BOS,MA,ANE,EN,Towers with Radar,370,55,5,0,430,0,7,6,1,14,370,62,11,1,444,0,0,0,444
12/14/2020,BOS,MA,ANE,EN,Towers with Radar,341,74,0,0,415,0,10,2,0,12,341,84,2,0,427,0,0,0,427
12/15/2020,BOS,MA,ANE,EN,Towers with Radar,296,51,15,0,362,0,34,5,2,41,296,85,20,2,403,0,0,0,403
12/16/2020,BOS,MA,ANE,EN,Towers with Radar,274,43,8,0,325,0,38,2,0,40,274,81,10,0,365,0,0,0,365
12/17/2020,BOS,MA,ANE,EN,Towers with Radar,235,13,2,0,250,0,0,0,0,0,235,13,2,0,250,0,0,0,250
12/18/2020,BOS,MA,ANE,EN,Towers with Radar,478,78,14,0,570,0,28,6,1,35,478,106,20,1,605,0,0,0,605
12/19/2020,BOS,MA,ANE,EN,Towers with Radar,474,69,14,0,557,0,33,12,0,45,474,102,26,0,602,0,0,0,602
12/20/2020,BOS,MA,ANE,EN,Towers with Radar,454,67,2,0,523,0,19,2,0,21,454,86,4,0,544,0,0,0,544
12/21/2020,BOS,MA,ANE,EN,Towers with Radar,411,84,6,0,501,0,0,0,0,0,411,84,6,0,501,0,0,0,501
12/22/2020,BOS,MA,ANE,EN,Towers with Radar,456,54,8,0,518,0,35,11,1,47,456,89,19,1,565,0,0,0,565
12/23/2020,BOS,MA,ANE,EN,Towers with Radar,482,46,5,0,533,0,47,5,0,52,482,93,10,0,585,0,0,0,585
12/24/2020,BOS,MA,ANE,EN,Towers with Radar,332,59,4,0,395,0,17,0,0,17,332,76,4,0,412,0,0,0,412
12/25/2020,BOS,MA,ANE,EN,Towers with Radar,245,12,9,0,266,0,0,0,0,0,245,12,9,0,266,0,0,0,266
12/26/2020,BOS,MA,ANE,EN,Towers with Radar,435,55,16,0,506,0,26,8,0,34,435,81,24,0,540,0,0,0,540
12/27/2020,BOS,MA,ANE,EN,Towers with Radar,462,65,10,0,537,0,40,9,0,49,462,105,19,0,586,0,0,0,586
12/28/2020,BOS,MA,ANE,EN,Towers with Radar,420,66,7,0,493,0,21,0,0,21,420,87,7,0,514,0,0,0,514
12/29/2020,BOS,MA,ANE,EN,Towers with Radar,430,41,9,0,480,0,40,0,0,40,430,81,9,0,520,0,0,0,520
12/30/2020,BOS,MA,ANE,EN,Towers with Radar,456,34,8,0,498,0,42,3,0,45,456,76,11,0,543,0,0,0,543
12/31/2020,BOS,MA,ANE,EN,Towers with Radar,306,64,9,0,379,0,5,6,0,11,306,69,15,0,390,0,0,0,390
01/01/2021,BOS,MA,ANE,EN,Towers with Radar,314,35,5,0,354,0,37,0,0,37,314,72,5,0,391,0,0,0,391
01/02/2021,BOS,MA,ANE,EN,Towers with Radar,449,64,9,0,522,0,2,0,0,2,449,66,9,0,524,0,0,0,524
01/03/2021,BOS,MA,ANE,EN,Towers with Radar,461,80,13,0,554,0,2,2,0,4,461,82,15,0,558,0,0,0,558
01/04/2021,BOS,MA,ANE,EN,Towers with Radar,428,80,6,0,514,0,4,0,0,4,428,84,6,0,518,0,0,0,518
01/05/2021,BOS,MA,ANE,EN,Towers with Radar,298,71,5,0,374,0,0,0,0,0,298,71,5,0,374,0,0,0,374
01/06/2021,BOS,MA,ANE,EN,Towers with Radar,294,70,8,0,372,0,20,2,2,24,294,90,10,2,396,0,0,0,396
01/07/2021,BOS,MA,ANE,EN,Towers with Radar,361,63,5,1,430,0,31,1,0,32,361,94,6,1,462,0,0,0,462
01/08/2021,BOS,MA,ANE,EN,Towers with Radar,327,39,6,1,373,1,39,5,0,45,328,78,11,1,418,0,0,0,418
01/09/2021,BOS,MA,ANE,EN,Towers with Radar,300,63,4,0,367,0,16,14,1,31,300,79,18,1,398,0,0,0,398
01/10/2021,BOS,MA,ANE,EN,Towers with Radar,346,48,12,0,406,0,34,8,0,42,346,82,20,0,448,0,0,0,448
01/11/2021,BOS,MA,ANE,EN,Towers with Radar,320,45,9,0,374,0,32,4,0,36,320,77,13,0,410,0,0,0,410
01/12/2021,BOS,MA,ANE,EN,Towers with Radar,266,44,4,0,314,0,35,4,0,39,266,79,8,0,353,0,0,0,353
01/13/2021,BOS,MA,ANE,EN,Towers with Radar,271,56,8,0,335,0,25,6,2,33,271,81,14,2,368,0,0,0,368
01/14/2021,BOS,MA,ANE,EN,Towers with Radar,356,80,12,2,450,0,7,0,0,7,356,87,12,2,457,0,0,0,457
01/15/2021,BOS,MA,ANE,EN,Towers with Radar,334,73,7,1,415,0,20,8,2,30,334,93,15,3,445,0,0,0,445
01/16/2021,BOS,MA,ANE,EN,Towers with Radar,285,51,4,1,341,0,1,0,0,1,285,52,4,1,342,0,0,0,342
01/17/2021,BOS,MA,ANE,EN,Towers with Radar,322,65,3,0,390,0,17,0,0,17,322,82,3,0,407,0,0,0,407
01/18/2021,BOS,MA,ANE,EN,Towers with Radar,301,60,5,0,366,0,20,8,0,28,301,80,13,0,394,0,0,0,394
01/19/2021,BOS,MA,ANE,EN,Towers with Radar,263,49,4,0,316,0,28,6,2,36,263,77,10,2,352,0,0,0,352
01/20/2021,BOS,MA,ANE,EN,Towers with Radar,263,66,9,0,338,0,14,1,0,15,263,80,10,0,353,0,0,0,353
01/21/2021,BOS,MA,ANE,EN,Towers with Radar,347,56,7,0,410,0,25,1,0,26,347,81,8,0,436,0,0,0,436
01/22/2021,BOS,MA,ANE,EN,Towers with Radar,325,69,5,0,399,0,22,4,2,28,325,91,9,2,427,0,0,0,427
01/23/2021,BOS,MA,ANE,EN,Towers with Radar,280,50,7,0,337,0,24,0,1,25,280,74,7,1,362,0,0,0,362
01/24/2021,BOS,MA,ANE,EN,Towers with Radar,340,26,7,0,373,0,47,1,0,48,340,73,8,0,421,0,0,0,421
01/25/2021,BOS,MA,ANE,EN,Towers with Radar,304,30,9,0,343,0,38,6,0,44,304,68,15,0,387,0,0,0,387
01/26/2021,BOS,MA,ANE,EN,Towers with Radar,251,40,8,0,299,0,20,0,0,20,251,60,8,0,319,0,0,0,319
01/27/2021,BOS,MA,ANE,EN,Towers with Radar,265,83,7,0,355,0,0,0,0,0,265,83,7,0,355,0,0,0,355
01/28/2021,BOS,MA,ANE,EN,Towers with Radar,345,90,12,0,447,0,0,0,0,0,345,90,12,0,447,0,0,0,447
01/29/2021,BOS,MA,ANE,EN,Towers with Radar,320,70,8,0,398,0,9,0,0,9,320,79,8,0,407,0,0,0,407
01/30/2021,BOS,MA,ANE,EN,Towers with Radar,275,64,10,0,349,0,36,12,0,48,275,100,22,0,397,0,0,0,397
01/31/2021,BOS,MA,ANE,EN,Towers with Radar,324,38,15,0,377,0,43,6,0,49,324,81,21,0,426,0,0,0,426
02/01/2021,BOS,MA,ANE,EN,Towers with Radar,111,45,8,0,164,0,1,0,0,1,111,46,8,0,165,0,0,0,165
02/02/2021,BOS,MA,ANE,EN,Towers with Radar,209,41,8,0,258,0,0,0,0,0,209,41,8,0,258,0,0,0,258
02/03/2021,BOS,MA,ANE,EN,Towers with Radar,266,80,9,0,355,0,2,0,1,3,266,82,9,1,358,0,0,0,358
02/04/2021,BOS,MA,ANE,EN,Towers with Radar,352,65,11,0,428,0,15,4,0,19,352,80,15,0,447,0,0,0,447
02/05/2021,BOS,MA,ANE,EN,Towers with Radar,327,68,8,0,403,0,16,0,0,16,327,84,8,0,419,0,0,0,419
02/06/2021,BOS,MA,ANE,EN,Towers with Radar,277,70,1,0,348,0,38,16,2,56,277,108,17,2,404,0,0,0,404
02/07/2021,BOS,MA,ANE,EN,Towers with Radar,301,25,8,0,334,0,12,2,0,14,301,37,10,0,348,0,0,0,348
02/08/2021,BOS,MA,ANE,EN,Towers with Radar,311,42,6,0,359,0,44,2,0,46,311,86,8,0,405,0,0,0,405
02/09/2021,BOS,MA,ANE,EN,Towers with Radar,257,66,9,0,332,0,9,0,0,9,257,75,9,0,341,0,0,0,341
02/10/2021,BOS,MA,ANE,EN,Towers with Radar,281,61,10,0,352,0,31,2,2,35,281,92,12,2,387,0,0,0,387
02/11/2021,BOS,MA,ANE,EN,Towers with Radar,396,72,8,0,476,0,34,2,0,36,396,106,10,0,512,0,0,0,512
02/12/2021,BOS,MA,ANE,EN,Towers with Radar,406,46,17,0,469,0,54,8,2,64,406,100,25,2,533,0,0,0,533
02/13/2021,BOS,MA,ANE,EN,Towers with Radar,348,43,7,0,398,0,43,20,0,63,348,86,27,0,461,0,0,0,461
02/14/2021,BOS,MA,ANE,EN,Towers with Radar,368,86,8,0,462,0,1,4,0,5,368,87,12,0,467,0,0,0,467
02/15/2021,BOS,MA,ANE,EN,Towers with Radar,351,57,12,0,420,0,1,0,0,1,351,58,12,0,421,0,0,0,421
02/16/2021,BOS,MA,ANE,EN,Towers with Radar,296,66,5,4,371,0,0,0,0,0,296,66,5,4,371,0,0,0,371
02/17/2021,BOS,MA,ANE,EN,Towers with Radar,309,42,11,0,362,0,52,4,0,56,309,94,15,0,418,0,0,0,418
02/18/2021,BOS,MA,ANE,EN,Towers with Radar,379,41,6,0,426,0,19,2,1,22,379,60,8,1,448,0,0,0,448
02/19/2021,BOS,MA,ANE,EN,Towers with Radar,377,67,7,0,451,0,0,0,0,0,377,67,7,0,451,0,0,0,451
02/20/2021,BOS,MA,ANE,EN,Towers with Radar,351,78,8,0,437,0,7,12,0,19,351,85,20,0,456,0,0,0,456
02/21/2021,BOS,MA,ANE,EN,Towers with Radar,407,52,10,0,469,0,47,20,0,67,407,99,30,0,536,0,0,0,536
02/22/2021,BOS,MA,ANE,EN,Towers with Radar,378,60,6,0,444,0,13,0,0,13,378,73,6,0,457,0,0,0,457
02/23/2021,BOS,MA,ANE,EN,Towers with Radar,302,68,8,0,378,0,14,2,0,16,302,82,10,0,394,0,0,0,394
02/24/2021,BOS,MA,ANE,EN,Towers with Radar,304,48,9,0,361,0,37,3,2,42,304,85,12,2,403,0,0,0,403
02/25/2021,BOS,MA,ANE,EN,Towers with Radar,402,48,9,0,459,0,35,4,2,41,402,83,13,2,500,0,0,0,500
02/26/2021,BOS,MA,ANE,EN,Towers with Radar,379,41,8,0,428,0,52,4,0,56,379,93,12,0,484,0,0,0,484
02/27/2021,BOS,MA,ANE,EN,Towers with Radar,336,81,6,0,423,0,3,0,0,3,336,84,6,0,426,0,0,0,426
02/28/2021,BOS,MA,ANE,EN,Towers with Radar,409,44,13,0,466,0,45,10,0,55,409,89,23,0,521,0,0,0,521
03/01/2021,BOS,MA,ANE,EN,Towers with Radar,389,72,6,0,467,0,7,0,0,7,389,79,6,0,474,0,0,0,474
03/02/2021,BOS,MA,ANE,EN,Towers with Radar,315,19,9,0,343,0,0,0,0,0,315,19,9,0,343,0,0,0,343
03/03/2021,BOS,MA,ANE,EN,Towers with Radar,321,54,15,0,390,0,31,2,1,34,321,85,17,1,424,0,0,0,424
03/04/2021,BOS,MA,ANE,EN,Towers with Radar,431,50,15,0,496,0,36,0,0,36,431,86,15,0,532,0,0,0,532
03/05/2021,BOS,MA,ANE,EN,Towers with Radar,413,46,18,0,477,0,44,0,2,46,413,90,18,2,523,0,0,0,523
03/06/2021,BOS,MA,ANE,EN,Towers with Radar,372,40,4,0,416,0,50,6,4,60,372,90,10,4,476,0,0,0,476
03/07/2021,BOS,MA,ANE,EN,Towers with Radar,425,38,13,0,476,0,58,14,6,78,425,96,27,6,554,0,0,0,554
03/08/2021,BOS,MA,ANE,EN,Towers with Radar,411,65,10,2,488,0,43,4,0,47,411,108,14,2,535,0,0,0,535
03/09/2021,BOS,MA,ANE,EN,Towers with Radar,355,49,8,0,412,0,40,1,0,41,355,89,9,0,453,0,0,0,453
03/10/2021,BOS,MA,ANE,EN,Towers with Radar,373,50,8,0,431,0,51,3,1,55,373,101,11,1,486,0,0,0,486
03/11/2021,BOS,MA,ANE,EN,Towers with Radar,455,65,20,0,540,0,35,6,2,43,455,100,26,2,583,0,0,0,583
03/12/2021,BOS,MA,ANE,EN,Towers with Radar,434,45,8,0,487,0,52,10,0,62,434,97,18,0,549,0,0,0,549
03/13/2021,BOS,MA,ANE,EN,Towers with Radar,369,52,6,0,427,0,46,10,2,58,369,98,16,2,485,0,0,0,485
03/14/2021,BOS,MA,ANE,EN,Towers with Radar,431,68,10,0,509,0,20,0,0,20,431,88,10,0,529,0,0,0,529
03/15/2021,BOS,MA,ANE,EN,Towers with Radar,410,57,6,0,473,0,41,2,2,45,410,98,8,2,518,0,0,0,518
03/16/2021,BOS,MA,ANE,EN,Towers with Radar,377,44,14,1,436,0,48,2,4,54,377,92,16,5,490,0,0,0,490
03/17/2021,BOS,MA,ANE,EN,Towers with Radar,386,40,22,1,449,0,50,4,2,56,386,90,26,3,505,0,0,0,505
03/18/2021,BOS,MA,ANE,EN,Towers with Radar,458,86,19,4,567,0,1,0,0,1,458,87,19,4,568,0,0,0,568
03/19/2021,BOS,MA,ANE,EN,Towers with Radar,441,49,15,0,505,0,45,1,0,46,441,94,16,0,551,0,0,0,551
03/20/2021,BOS,MA,ANE,EN,Towers with Radar,382,35,14,2,433,0,49,15,0,64,382,84,29,2,497,0,0,0,497
03/21/2021,BOS,MA,ANE,EN,Towers with Radar,447,50,12,0,509,0,51,17,0,68,447,101,29,0,577,0,0,0,577
03/22/2021,BOS,MA,ANE,EN,Towers with Radar,432,31,12,0,475,0,51,10,0,61,432,82,22,0,536,0,0,0,536
03/23/2021,BOS,MA,ANE,EN,Towers with Radar,378,58,13,0,449,0,35,6,0,41,378,93,19,0,490,0,0,0,490
03/24/2021,BOS,MA,ANE,EN,Towers with Radar,395,55,11,0,461,0,32,2,3,37,395,87,13,3,498,0,0,0,498
03/25/2021,BOS,MA,ANE,EN,Towers with Radar,470,88,15,0,573,0,5,1,0,6,470,93,16,0,579,0,0,0,579
03/26/2021,BOS,MA,ANE,EN,Towers with Radar,446,56,17,0,519,0,0,0,0,0,446,56,17,0,519,0,0,0,519
03/27/2021,BOS,MA,ANE,EN,Towers with Radar,394,55,14,0,463,0,41,16,1,58,394,96,30,1,521,0,0,0,521
03/28/2021,BOS,MA,ANE,EN,Towers with Radar,449,90,15,0,554,0,0,0,1,1,449,90,15,1,555,0,0,0,555
03/29/2021,BOS,MA,ANE,EN,Towers with Radar,427,49,6,0,482,0,28,0,0,28,427,77,6,0,510,0,0,0,510
03/30/2021,BOS,MA,ANE,EN,Towers with Radar,398,39,17,0,454,0,52,2,0,54,398,91,19,0,508,0,0,0,508
03/31/2021,BOS,MA,ANE,EN,Towers with Radar,393,89,16,0,498,0,16,0,2,18,393,105,16,2,516,0,0,0,516
04/01/2021,BOS,MA,ANE,EN,Towers with Radar,471,91,13,0,575,0,4,0,0,4,471,95,13,0,579,0,0,0,579
04/02/2021,BOS,MA,ANE,EN,Towers with Radar,443,59,12,0,514,0,59,4,0,63,443,118,16,0,577,0,0,0,577
04/03/2021,BOS,MA,ANE,EN,Towers with Radar,387,35,10,0,432,0,56,10,0,66,387,91,20,0,498,0,0,0,498
04/04/2021,BOS,MA,ANE,EN,Towers with Radar,436,39,8,0,483,0,56,1,0,57,436,95,9,0,540,0,0,0,540
04/05/2021,BOS,MA,ANE,EN,Towers with Radar,425,65,8,0,498,0,18,8,0,26,425,83,16,0,524,0,0,0,524
04/06/2021,BOS,MA,ANE,EN,Towers with Radar,378,68,14,0,460,0,35,4,0,39,378,103,18,0,499,0,0,0,499
04/07/2021,BOS,MA,ANE,EN,Towers with Radar,400,80,10,2,492,0,17,0,2,19,400,97,10,4,511,0,0,0,511
04/08/2021,BOS,MA,ANE,EN,Towers with Radar,494,68,7,0,569,0,32,11,0,43,494,100,18,0,612,0,0,0,612
04/09/2021,BOS,MA,ANE,EN,Towers with Radar,469,61,11,0,541,0,57,9,0,66,469,118,20,0,607,0,0,0,607
04/10/2021,BOS,MA,ANE,EN,Towers with Radar,405,47,15,0,467,0,41,11,0,52,405,88,26,0,519,0,0,0,519
04/11/2021,BOS,MA,ANE,EN,Towers with Radar,427,104,13,0,544,0,0,0,0,0,427,104,13,0,544,0,0,0,544
04/12/2021,BOS,MA,ANE,EN,Towers with Radar,445,83,8,0,536,0,3,2,0,5,445,86,10,0,541,0,0,0,541
04/13/2021,BOS,MA,ANE,EN,Towers with Radar,413,79,5,1,498,0,18,3,0,21,413,97,8,1,519,0,0,0,519
04/14/2021,BOS,MA,ANE,EN,Towers with Radar,425,59,13,0,497,0,36,4,0,40,425,95,17,0,537,0,0,0,537
04/15/2021,BOS,MA,ANE,EN,Towers with Radar,518,71,15,1,605,0,23,4,1,28,518,94,19,2,633,0,0,0,633
04/16/2021,BOS,MA,ANE,EN,Towers with Radar,522,102,16,0,640,0,0,0,0,0,522,102,16,0,640,0,0,0,640
04/17/2021,BOS,MA,ANE,EN,Towers with Radar,476,108,11,0,595,0,5,8,1,14,476,113,19,1,609,0,0,0,609
04/18/2021,BOS,MA,ANE,EN,Towers with Radar,501,67,7,1,576,0,45,6,0,51,501,112,13,1,627,0,0,0,627
04/19/2021,BOS,MA,ANE,EN,Towers with Radar,488,63,14,1,566,0,46,8,0,54,488,109,22,1,620,0,0,0,620
04/20/2021,BOS,MA,ANE,EN,Towers with Radar,418,54,8,0,480,0,46,4,2,52,418,100,12,2,532,0,0,0,532
04/21/2021,BOS,MA,ANE,EN,Towers with Radar,431,81,9,0,521,0,23,0,0,23,431,104,9,0,544,0,0,0,544
04/22/2021,BOS,MA,ANE,EN,Towers with Radar,522,93,17,0,632,0,12,4,0,16,522,105,21,0,648,0,0,0,648
04/23/2021,BOS,MA,ANE,EN,Towers with Radar,523,56,5,0,584,0,52,6,0,58,523,108,11,0,642,0,0,0,642
04/24/2021,BOS,MA,ANE,EN,Towers with Radar,456,53,10,0,519,0,46,12,0,58,456,99,22,0,577,0,0,0,577
04/25/2021,BOS,MA,ANE,EN,Towers with Radar,519,114,18,0,651,0,9,0,3,12,519,123,18,3,663,0,0,0,663
04/26/2021,BOS,MA,ANE,EN,Towers with Radar,487,54,5,0,546,0,42,0,0,42,487,96,5,0,588,0,0,0,588
04/27/2021,BOS,MA,ANE,EN,Towers with Radar,404,62,11,2,479,0,52,10,2,64,404,114,21,4,543,0,0,0,543
04/28/2021,BOS,MA,ANE,EN,Towers with Radar,405,87,15,3,510,0,30,6,0,36,405,117,21,3,546,0,0,0,546
04/29/2021,BOS,MA,ANE,EN,Towers with Radar,487,112,15,0,614,0,0,0,0,0,487,112,15,0,614,0,0,0,614
04/30/2021,BOS,MA,ANE,EN,Towers with Radar,481,90,10,0,581,0,9,0,0,9,481,99,10,0,590,0,0,0,590
05/01/2021,BOS,MA,ANE,EN,Towers with Radar,416,67,8,0,491,0,43,18,3,64,416,110,26,3,555,0,0,0,555
05/02/2021,BOS,MA,ANE,EN,Towers with Radar,456,63,7,0,526,0,55,24,0,79,456,118,31,0,605,0,0,0,605
05/03/2021,BOS,MA,ANE,EN,Towers with Radar,452,56,10,0,518,0,51,7,0,58,452,107,17,0,576,0,0,0,576
05/04/2021,BOS,MA,ANE,EN,Towers with Radar,385,113,16,0,514,0,2,0,0,2,385,115,16,0,516,0,0,0,516
05/05/2021,BOS,MA,ANE,EN,Towers with Radar,443,103,11,0,557,0,0,0,0,0,443,103,11,0,557,0,0,0,557
05/06/2021,BOS,MA,ANE,EN,Towers with Radar,526,80,19,0,625,0,38,10,4,52,526,118,29,4,677,0,0,0,677
05/07/2021,BOS,MA,ANE,EN,Towers with Radar,525,50,13,0,588,0,50,4,3,57,525,100,17,3,645,0,0,0,645
05/08/2021,BOS,MA,ANE,EN,Towers with Radar,446,76,9,0,531,0,39,15,0,54,446,115,24,0,585,0,0,0,585
05/09/2021,BOS,MA,ANE,EN,Towers with Radar,504,58,9,0,571,0,52,15,0,67,504,110,24,0,638,0,0,0,638
05/10/2021,BOS,MA,ANE,EN,Towers with Radar,506,85,8,0,599,0,19,4,0,23,506,104,12,0,622,0,0,0,622
05/11/2021,BOS,MA,ANE,EN,Towers with Radar,461,54,18,0,533,0,50,11,0,61,461,104,29,0,594,0,0,0,594
05/12/2021,BOS,MA,ANE,EN,Towers with Radar,465,69,18,1,553,0,52,2,1,55,465,121,20,2,608,0,0,0,608
05/13/2021,BOS,MA,ANE,EN,Towers with Radar,536,62,11,0,609,0,57,6,3,66,536,119,17,3,675,0,0,0,675
05/14/2021,BOS,MA,ANE,EN,Towers with Radar,526,66,18,0,610,0,64,5,0,69,526,130,23,0,679,0,0,0,679
05/15/2021,BOS,MA,ANE,EN,Towers with Radar,436,48,7,0,491,0,62,9,0,71,436,110,16,0,562,0,0,0,562
05/16/2021,BOS,MA,ANE,EN,Towers with Radar,505,54,18,1,578,0,62,8,0,70,505,116,26,1,648,0,0,0,648
05/17/2021,BOS,MA,ANE,EN,Towers with Radar,504,60,13,0,577,0,55,2,0,57,504,115,15,0,634,0,0,0,634
05/18/2021,BOS,MA,ANE,EN,Towers with Radar,469,45,19,0,533,0,64,2,0,66,469,109,21,0,599,0,0,0,599
05/19/2021,BOS,MA,ANE,EN,Towers with Radar,474,65,29,0,568,0,68,5,0,73,474,133,34,0,641,0,0,0,641
05/20/2021,BOS,MA,ANE,EN,Towers with Radar,549,51,26,0,626,0,64,15,0,79,549,115,41,0,705,0,0,0,705
05/21/2021,BOS,MA,ANE,EN,Towers with Radar,545,61,13,1,620,0,54,28,0,82,545,115,41,1,702,0,0,0,702
05/22/2021,BOS,MA,ANE,EN,Towers with Radar,458,59,11,0,528,0,57,6,3,66,458,116,17,3,594,0,0,0,594
05/23/2021,BOS,MA,ANE,EN,Towers with Radar,537,67,5,1,610,0,51,0,0,51,537,118,5,1,661,0,0,0,661
05/24/2021,BOS,MA,ANE,EN,Towers with Radar,532,50,17,0,599,0,70,6,0,76,532,120,23,0,675,0,0,0,675
05/25/2021,BOS,MA,ANE,EN,Towers with Radar,469,75,24,2,570,0,74,7,2,83,469,149,31,4,653,0,0,0,653
05/26/2021,BOS,MA,ANE,EN,Towers with Radar,489,120,28,0,637,0,44,5,0,49,489,164,33,0,686,0,0,0,686
05/27/2021,BOS,MA,ANE,EN,Towers with Radar,560,94,25,0,679,0,69,15,2,86,560,163,40,2,765,0,0,0,765
05/28/2021,BOS,MA,ANE,EN,Towers with Radar,558,105,18,2,683,0,84,8,1,93,558,189,26,3,776,0,0,0,776
05/29/2021,BOS,MA,ANE,EN,Towers with Radar,456,117,12,0,585,0,0,0,0,0,456,117,12,0,585,0,0,0,585
05/30/2021,BOS,MA,ANE,EN,Towers with Radar,485,106,8,2,601,0,0,0,0,0,485,106,8,2,601,0,0,0,601
05/31/2021,BOS,MA,ANE,EN,Towers with Radar,530,187,21,0,738,0,1,1,0,2,530,188,22,0,740,0,0,0,740
06/01/2021,BOS,MA,ANE,EN,Towers with Radar,455,91,16,0,562,0,84,13,0,97,455,175,29,0,659,0,0,0,659
06/02/2021,BOS,MA,ANE,EN,Towers with Radar,492,63,18,0,573,0,93,10,0,103,492,156,28,0,676,0,0,0,676
06/03/2021,BOS,MA,ANE,EN,Towers with Radar,570,150,24,0,744,0,14,1,0,15,570,164,25,0,759,0,0,0,759
06/04/2021,BOS,MA,ANE,EN,Towers with Radar,589,130,30,0,749,0,19,2,0,21,589,149,32,0,770,0,0,0,770
06/05/2021,BOS,MA,ANE,EN,Towers with Radar,539,73,6,2,620,0,78,11,1,90,539,151,17,3,710,0,0,0,710
06/06/2021,BOS,MA,ANE,EN,Towers with Radar,603,79,9,0,691,0,87,14,0,101,603,166,23,0,792,0,0,0,792
06/07/2021,BOS,MA,ANE,EN,Towers with Radar,603,86,21,0,710,0,83,1,0,84,603,169,22,0,794,0,0,0,794
06/08/2021,BOS,MA,ANE,EN,Towers with Radar,533,90,24,3,650,0,64,8,0,72,533,154,32,3,722,0,0,0,722
06/09/2021,BOS,MA,ANE,EN,Towers with Radar,549,100,18,1,668,0,72,4,0,76,549,172,22,1,744,0,0,0,744
06/10/2021,BOS,MA,ANE,EN,Towers with Radar,613,81,31,0,725,0,102,10,0,112,613,183,41,0,837,0,0,0,837
06/11/2021,BOS,MA,ANE,EN,Towers with Radar,653,75,21,0,749,0,107,18,2,127,653,182,39,2,876,0,0,0,876
06/12/2021,BOS,MA,ANE,EN,Towers with Radar,549,121,5,0,675,0,25,6,1,32,549,146,11,1,707,0,0,0,707
06/13/2021,BOS,MA,ANE,EN,Towers with Radar,612,82,25,0,719,0,104,9,0,113,612,186,34,0,832,0,0,0,832
06/14/2021,BOS,MA,ANE,EN,Towers with Radar,607,176,22,0,805,0,20,4,0,24,607,196,26,0,829,0,0,0,829
06/15/2021,BOS,MA,ANE,EN,Towers with Radar,583,141,24,0,748,0,15,4,0,19,583,156,28,0,767,0,0,0,767
06/16/2021,BOS,MA,ANE,EN,Towers with Radar,609,78,23,0,710,0,97,15,1,113,609,175,38,1,823,0,0,0,823
06/17/2021,BOS,MA,ANE,EN,Towers with Radar,628,102,18,1,749,0,98,12,2,112,628,200,30,3,861,0,0,0,861
06/18/2021,BOS,MA,ANE,EN,Towers with Radar,635,91,27,0,753,0,116,12,2,130,635,207,39,2,883,0,0,0,883
06/19/2021,BOS,MA,ANE,EN,Towers with Radar,561,71,7,0,639,0,97,12,0,109,561,168,19,0,748,0,0,0,748
06/20/2021,BOS,MA,ANE,EN,Towers with Radar,603,106,20,0,729,0,91,26,4,121,603,197,46,4,850,0,0,0,850
06/21/2021,BOS,MA,ANE,EN,Towers with Radar,612,144,26,0,782,0,34,5,2,41,612,178,31,2,823,0,0,0,823
06/22/2021,BOS,MA,ANE,EN,Towers with Radar,605,148,16,0,769,0,17,2,0,19,605,165,18,0,788,0,0,0,788
06/23/2021,BOS,MA,ANE,EN,Towers with Radar,613,86,20,0,719,0,99,7,0,106,613,185,27,0,825,0,0,0,825
06/24/2021,BOS,MA,ANE,EN,Towers with Radar,639,96,22,0,757,0,109,24,4,137,639,205,46,4,894,0,0,0,894
06/25/2021,BOS,MA,ANE,EN,Towers with Radar,648,201,41,1,891,0,5,0,0,5,648,206,41,1,896,0,0,0,896
06/26/2021,BOS,MA,ANE,EN,Towers with Radar,560,161,27,0,748,0,16,17,0,33,560,177,44,0,781,0,0,0,781
06/27/2021,BOS,MA,ANE,EN,Towers with Radar,625,150,24,1,800,0,36,10,0,46,625,186,34,1,846,0,0,0,846
06/28/2021,BOS,MA,ANE,EN,Towers with Radar,622,106,26,2,756,0,85,22,3,110,622,191,48,5,866,0,0,0,866
06/29/2021,BOS,MA,ANE,EN,Towers with Radar,596,91,35,1,723,0,77,9,2,88,596,168,44,3,811,0,0,0,811
06/30/2021,BOS,MA,ANE,EN,Towers with Radar,605,86,21,1,713,0,78,8,4,90,605,164,29,5,803,0,0,0,803
07/01/2021,BOS,MA,ANE,EN,Towers with Radar,630,164,15,0,809,0,64,8,1,73,630,228,23,1,882,0,0,0,882
07/02/2021,BOS,MA,ANE,EN,Towers with Radar,690,218,20,0,928,0,0,0,0,0,690,218,20,0,928,0,0,0,928
07/03/2021,BOS,MA,ANE,EN,Towers with Radar,573,149,6,0,728,0,0,0,0,0,573,149,6,0,728,0,0,0,728
07/04/2021,BOS,MA,ANE,EN,Towers with Radar,549,139,13,0,701,0,8,14,0,22,549,147,27,0,723,0,0,0,723
07/05/2021,BOS,MA,ANE,EN,Towers with Radar,619,139,20,0,778,0,71,5,0,76,619,210,25,0,854,0,0,0,854
07/06/2021,BOS,MA,ANE,EN,Towers with Radar,595,111,12,0,718,0,67,14,2,83,595,178,26,2,801,0,0,0,801
07/07/2021,BOS,MA,ANE,EN,Towers with Radar,646,102,35,1,784,0,94,13,1,108,646,196,48,2,892,0,0,0,892
07/08/2021,BOS,MA,ANE,EN,Towers with Radar,675,194,29,0,898,0,7,0,0,7,675,201,29,0,905,0,0,0,905
07/09/2021,BOS,MA,ANE,EN,Towers with Radar,670,55,13,1,739,0,7,0,0,7,670,62,13,1,746,0,0,0,746
07/10/2021,BOS,MA,ANE,EN,Towers with Radar,582,172,21,0,775,0,25,17,0,42,582,197,38,0,817,0,0,0,817
07/11/2021,BOS,MA,ANE,EN,Towers with Radar,646,114,22,0,782,0,91,6,0,97,646,205,28,0,879,0,0,0,879
07/12/2021,BOS,MA,ANE,EN,Towers with Radar,661,185,28,0,874,0,1,1,0,2,661,186,29,0,876,0,0,0,876
07/13/2021,BOS,MA,ANE,EN,Towers with Radar,656,187,26,0,869,0,0,0,0,0,656,187,26,0,869,0,0,0,869
07/14/2021,BOS,MA,ANE,EN,Towers with Radar,642,188,38,0,868,0,4,3,1,8,642,192,41,1,876,0,0,0,876
07/15/2021,BOS,MA,ANE,EN,Towers with Radar,693,178,23,1,895,0,15,8,2,25,693,193,31,3,920,0,0,0,920
07/16/2021,BOS,MA,ANE,EN,Towers with Radar,694,136,23,2,855,0,67,19,1,87,694,203,42,3,942,0,0,0,942
07/17/2021,BOS,MA,ANE,EN,Towers with Radar,574,145,17,2,738,0,30,14,2,46,574,175,31,4,784,0,0,0,784
07/18/2021,BOS,MA,ANE,EN,Towers with Radar,666,197,26,0,889,0,0,0,0,0,666,197,26,0,889,0,0,0,889
07/19/2021,BOS,MA,ANE,EN,Towers with Radar,679,198,22,0,899,0,4,0,0,4,679,202,22,0,903,0,0,0,903
07/20/2021,BOS,MA,ANE,EN,Towers with Radar,650,125,20,0,795,0,53,14,4,71,650,178,34,4,866,0,0,0,866
07/21/2021,BOS,MA,ANE,EN,Towers with Radar,649,122,30,0,801,0,52,9,0,61,649,174,39,0,862,0,0,0,862
07/22/2021,BOS,MA,ANE,EN,Towers with Radar,709,121,28,2,860,0,97,6,0,103,709,218,34,2,963,0,0,0,963
07/23/2021,BOS,MA,ANE,EN,Towers with Radar,684,104,16,0,804,0,109,9,0,118,684,213,25,0,922,0,0,0,922
07/24/2021,BOS,MA,ANE,EN,Towers with Radar,601,73,19,2,695,0,112,12,0,124,601,185,31,2,819,0,0,0,819
07/25/2021,BOS,MA,ANE,EN,Towers with Radar,656,194,17,2,869,0,18,0,0,18,656,212,17,2,887,0,0,0,887
07/26/2021,BOS,MA,ANE,EN,Towers with Radar,665,176,30,0,871,0,50,9,2,61,665,226,39,2,932,0,0,0,932
07/27/2021,BOS,MA,ANE,EN,Towers with Radar,647,98,18,2,765,0,66,7,4,77,647,164,25,6,842,0,0,0,842
07/28/2021,BOS,MA,ANE,EN,Towers with Radar,658,164,36,0,858,0,40,6,4,50,658,204,42,4,908,0,0,0,908
07/29/2021,BOS,MA,ANE,EN,Towers with Radar,672,145,35,1,853,0,61,3,0,64,672,206,38,1,917,0,0,0,917
07/30/2021,BOS,MA,ANE,EN,Towers with Radar,699,107,21,1,828,0,87,8,1,96,699,194,29,2,924,0,0,0,924
07/31/2021,BOS,MA,ANE,EN,Towers with Radar,598,68,10,0,676,0,113,20,2,135,598,181,30,2,811,0,0,0,811
08/01/2021,BOS,MA,ANE,EN,Towers with Radar,668,90,23,0,781,0,110,8,0,118,668,200,31,0,899,0,0,0,899
08/02/2021,BOS,MA,ANE,EN,Towers with Radar,654,137,30,0,821,0,78,14,0,92,654,215,44,0,913,0,0,0,913
08/03/2021,BOS,MA,ANE,EN,Towers with Radar,616,83,30,0,729,0,128,10,0,138,616,211,40,0,867,0,0,0,867
08/04/2021,BOS,MA,ANE,EN,Towers with Radar,638,150,28,0,816,0,81,10,3,94,638,231,38,3,910,0,0,0,910
08/05/2021,BOS,MA,ANE,EN,Towers with Radar,693,196,34,0,923,0,2,2,0,4,693,198,36,0,927,0,0,0,927
08/06/2021,BOS,MA,ANE,EN,Towers with Radar,686,119,30,0,835,0,102,21,0,123,686,221,51,0,958,0,0,0,958
08/07/2021,BOS,MA,ANE,EN,Towers with Radar,613,76,18,0,707,0,94,34,2,130,613,170,52,2,837,0,0,0,837
08/08/2021,BOS,MA,ANE,EN,Towers with Radar,674,120,34,0,828,0,105,6,2,113,674,225,40,2,941,0,0,0,941
08/09/2021,BOS,MA,ANE,EN,Towers with Radar,679,201,30,0,910,0,2,2,0,4,679,203,32,0,914,0,0,0,914
08/10/2021,BOS,MA,ANE,EN,Towers with Radar,666,200,24,0,890,0,10,5,2,17,666,210,29,2,907,0,0,0,907
08/11/2021,BOS,MA,ANE,EN,Towers with Radar,654,136,36,0,826,0,45,10,4,59,654,181,46,4,885,0,0,0,885
08/12/2021,BOS,MA,ANE,EN,Towers with Radar,702,111,21,0,834,0,95,17,3,115,702,206,38,3,949,0,0,0,949
08/13/2021,BOS,MA,ANE,EN,Towers with Radar,709,84,26,0,819,0,108,15,2,125,709,192,41,2,944,0,0,0,944
08/14/2021,BOS,MA,ANE,EN,Towers with Radar,619,99,15,0,733,0,104,18,0,122,619,203,33,0,855,0,0,0,855
08/15/2021,BOS,MA,ANE,EN,Towers with Radar,674,75,28,2,779,0,119,13,0,132,674,194,41,2,911,0,0,0,911
08/16/2021,BOS,MA,ANE,EN,Towers with Radar,692,102,11,0,805,0,111,24,0,135,692,213,35,0,940,0,0,0,940
08/17/2021,BOS,MA,ANE,EN,Towers with Radar,660,113,16,0,789,0,90,17,4,111,660,203,33,4,900,0,0,0,900
08/18/2021,BOS,MA,ANE,EN,Towers with Radar,674,122,28,0,824,0,78,33,0,111,674,200,61,0,935,0,0,0,935
08/19/2021,BOS,MA,ANE,EN,Towers with Radar,717,182,30,0,929,0,6,7,0,13,717,188,37,0,942,0,0,0,942
08/20/2021,BOS,MA,ANE,EN,Towers with Radar,723,194,35,4,956,0,19,10,1,30,723,213,45,5,986,0,0,0,986
08/21/2021,BOS,MA,ANE,EN,Towers with Radar,626,139,21,0,786,0,73,19,0,92,626,212,40,0,878,0,0,0,878
08/22/2021,BOS,MA,ANE,EN,Towers with Radar,563,48,7,0,618,0,0,0,0,0,563,48,7,0,618,0,0,0,618
08/23/2021,BOS,MA,ANE,EN,Towers with Radar,714,161,8,0,883,0,1,0,1,2,714,162,8,1,885,0,0,0,885
08/24/2021,BOS,MA,ANE,EN,Towers with Radar,671,167,34,0,872,0,46,10,1,57,671,213,44,1,929,0,0,0,929
08/25/2021,BOS,MA,ANE,EN,Towers with Radar,673,129,38,0,840,0,106,30,0,136,673,235,68,0,976,0,0,0,976
08/26/2021,BOS,MA,ANE,EN,Towers with Radar,710,118,31,0,859,0,103,24,0,127,710,221,55,0,986,0,0,0,986
08/27/2021,BOS,MA,ANE,EN,Towers with Radar,711,115,26,0,852,0,117,24,2,143,711,232,50,2,995,0,0,0,995
08/28/2021,BOS,MA,ANE,EN,Towers with Radar,639,91,11,1,742,0,96,16,0,112,639,187,27,1,854,0,0,0,854
08/29/2021,BOS,MA,ANE,EN,Towers with Radar,680,179,31,1,891,0,46,28,0,74,680,225,59,1,965,0,0,0,965
08/30/2021,BOS,MA,ANE,EN,Towers with Radar,689,161,25,1,876,0,39,11,3,53,689,200,36,4,929,0,0,0,929
08/31/2021,BOS,MA,ANE,EN,Towers with Radar,662,86,18,2,768,0,99,16,0,115,662,185,34,2,883,0,0,0,883
09/01/2021,BOS,MA,ANE,EN,Towers with Radar,664,130,34,0,828,0,66,5,0,71,664,196,39,0,899,0,0,0,899
09/02/2021,BOS,MA,ANE,EN,Towers with Radar,699,147,18,0,864,0,50,7,0,57,699,197,25,0,921,0,0,0,921
09/03/2021,BOS,MA,ANE,EN,Towers with Radar,707,111,30,1,849,0,117,27,1,145,707,228,57,2,994,0,0,0,994
09/04/2021,BOS,MA,ANE,EN,Towers with Radar,601,68,21,0,690,0,119,14,0,133,601,187,35,0,823,0,0,0,823
09/05/2021,BOS,MA,ANE,EN,Towers with Radar,585,86,10,0,681,0,85,8,0,93,585,171,18,0,774,0,0,0,774
09/06/2021,BOS,MA,ANE,EN,Towers with Radar,634,191,7,0,832,0,76,20,0,96,634,267,27,0,928,0,0,0,928
09/07/2021,BOS,MA,ANE,EN,Towers with Radar,616,93,34,0,743,0,124,15,0,139,616,217,49,0,882,0,0,0,882
09/08/2021,BOS,MA,ANE,EN,Towers with Radar,641,97,20,0,758,0,102,21,22,145,641,199,41,22,903,0,0,0,903
09/09/2021,BOS,MA,ANE,EN,Towers with Radar,696,207,26,0,929,0,6,1,0,7,696,213,27,0,936,0,0,0,936
09/10/2021,BOS,MA,ANE,EN,Towers with Radar,712,145,22,1,880,0,73,15,10,98,712,218,37,11,978,0,0,0,978
09/11/2021,BOS,MA,ANE,EN,Towers with Radar,588,69,16,1,674,0,88,23,0,111,588,157,39,1,785,0,0,0,785
09/12/2021,BOS,MA,ANE,EN,Towers with Radar,685,127,37,0,849,0,99,31,0,130,685,226,68,0,979,0,0,0,979
09/13/2021,BOS,MA,ANE,EN,Towers with Radar,724,125,30,0,879,0,81,13,0,94,724,206,43,0,973,0,0,0,973
09/14/2021,BOS,MA,ANE,EN,Towers with Radar,670,99,23,0,792,0,100,6,2,108,670,199,29,2,900,0,0,0,900
09/15/2021,BOS,MA,ANE,EN,Towers with Radar,672,144,21,0,837,0,47,5,3,55,672,191,26,3,892,0,0,0,892
09/16/2021,BOS,MA,ANE,EN,Towers with Radar,758,214,20,0,992,0,5,0,0,5,758,219,20,0,997,0,0,0,997
09/17/2021,BOS,MA,ANE,EN,Towers with Radar,753,217,29,1,1000,0,0,0,0,0,753,217,29,1,1000,0,0,0,1000
09/18/2021,BOS,MA,ANE,EN,Towers with Radar,617,142,16,1,776,0,12,2,0,14,617,154,18,1,790,0,0,0,790
09/19/2021,BOS,MA,ANE,EN,Towers with Radar,726,108,24,0,858,0,131,26,0,157,726,239,50,0,1015,0,0,0,1015
09/20/2021,BOS,MA,ANE,EN,Towers with Radar,734,107,29,2,872,0,123,16,0,139,734,230,45,2,1011,0,0,0,1011
09/21/2021,BOS,MA,ANE,EN,Towers with Radar,693,168,28,0,889,0,45,16,0,61,693,213,44,0,950,0,0,0,950
09/22/2021,BOS,MA,ANE,EN,Towers with Radar,698,181,32,0,911,0,31,1,0,32,698,212,33,0,943,0,0,0,943
09/23/2021,BOS,MA,ANE,EN,Towers with Radar,712,184,61,0,957,0,65,12,6,83,712,249,73,6,1040,0,0,0,1040
09/24/2021,BOS,MA,ANE,EN,Towers with Radar,739,240,38,0,1017,0,18,5,0,23,739,258,43,0,1040,0,0,0,1040
09/25/2021,BOS,MA,ANE,EN,Towers with Radar,603,146,39,0,788,0,30,18,0,48,603,176,57,0,836,0,0,0,836
09/26/2021,BOS,MA,ANE,EN,Towers with Radar,720,178,49,0,947,0,73,16,0,89,720,251,65,0,1036,0,0,0,1036
09/27/2021,BOS,MA,ANE,EN,Towers with Radar,735,128,26,0,889,0,103,17,0,120,735,231,43,0,1009,0,0,0,1009
09/28/2021,BOS,MA,ANE,EN,Towers with Radar,684,144,15,2,845,0,33,0,2,35,684,177,15,4,880,0,0,0,880
09/29/2021,BOS,MA,ANE,EN,Towers with Radar,696,134,35,0,865,0,79,19,0,98,696,213,54,0,963,0,0,0,963
09/30/2021,BOS,MA,ANE,EN,Towers with Radar,752,171,28,0,951,0,54,32,0,86,752,225,60,0,1037,0,0,0,1037
10/01/2021,BOS,MA,ANE,EN,Towers with Radar,762,116,43,0,921,0,120,19,0,139,762,236,62,0,1060,0,0,0,1060
10/02/2021,BOS,MA,ANE,EN,Towers with Radar,609,79,20,0,708,0,78,28,0,106,609,157,48,0,814,0,0,0,814
10/03/2021,BOS,MA,ANE,EN,Towers with Radar,727,200,34,0,961,0,12,21,0,33,727,212,55,0,994,0,0,0,994
10/04/2021,BOS,MA,ANE,EN,Towers with Radar,724,203,42,0,969,0,2,0,0,2,724,205,42,0,971,0,0,0,971
10/05/2021,BOS,MA,ANE,EN,Towers with Radar,687,209,45,0,941,0,0,4,0,4,687,209,49,0,945,0,0,0,945
10/06/2021,BOS,MA,ANE,EN,Towers with Radar,701,115,37,0,853,0,76,13,4,93,701,191,50,4,946,0,0,0,946
10/07/2021,BOS,MA,ANE,EN,Towers with Radar,759,117,36,0,912,0,96,14,2,112,759,213,50,2,1024,0,0,0,1024
10/08/2021,BOS,MA,ANE,EN,Towers with Radar,758,149,41,0,948,0,85,20,0,105,758,234,61,0,1053,0,0,0,1053
10/09/2021,BOS,MA,ANE,EN,Towers with Radar,635,172,26,0,833,0,13,15,0,28,635,185,41,0,861,0,0,0,861
10/10/2021,BOS,MA,ANE,EN,Towers with Radar,718,156,24,0,898,0,26,9,0,35,718,182,33,0,933,0,0,0,933
10/11/2021,BOS,MA,ANE,EN,Towers with Radar,765,203,40,0,1008,0,29,13,0,42,765,232,53,0,1050,0,0,0,1050
10/12/2021,BOS,MA,ANE,EN,Towers with Radar,732,125,35,1,893,0,66,21,0,87,732,191,56,1,980,0,0,0,980
10/13/2021,BOS,MA,ANE,EN,Towers with Radar,737,97,39,1,874,0,57,16,0,73,737,154,55,1,947,0,0,0,947
10/14/2021,BOS,MA,ANE,EN,Towers with Radar,782,123,40,0,945,0,43,14,1,58,782,166,54,1,1003,0,0,0,1003
10/15/2021,BOS,MA,ANE,EN,Towers with Radar,781,169,35,1,986,0,14,17,0,31,781,183,52,1,1017,0,0,0,1017
10/16/2021,BOS,MA,ANE,EN,Towers with Radar,631,103,22,1,757,0,14,4,0,18,631,117,26,1,775,0,0,0,775
10/17/2021,BOS,MA,ANE,EN,Towers with Radar,763,140,51,0,954,0,36,30,0,66,763,176,81,0,1020,0,0,0,1020
10/18/2021,BOS,MA,ANE,EN,Towers with Radar,757,119,38,0,914,0,60,10,0,70,757,179,48,0,984,0,0,0,984
10/19/2021,BOS,MA,ANE,EN,Towers with Radar,724,118,51,0,893,0,62,12,3,77,724,180,63,3,970,0,0,0,970
10/20/2021,BOS,MA,ANE,EN,Towers with Radar,738,131,43,2,914,0,54,17,0,71,738,185,60,2,985,0,0,0,985
10/21/2021,BOS,MA,ANE,EN,Towers with Radar,775,120,30,0,925,0,63,14,5,82,775,183,44,5,1007,0,0,0,1007
10/22/2021,BOS,MA,ANE,EN,Towers with Radar,791,134,22,0,947,0,47,9,5,61,791,181,31,5,1008,0,0,0,1008
10/23/2021,BOS,MA,ANE,EN,Towers with Radar,627,127,28,0,782,0,27,27,0,54,627,154,55,0,836,0,0,0,836
10/24/2021,BOS,MA,ANE,EN,Towers with Radar,741,137,27,2,907,0,61,15,0,76,741,198,42,2,983,0,0,0,983
10/25/2021,BOS,MA,ANE,EN,Towers with Radar,730,171,29,0,930,0,1,0,0,1,730,172,29,0,931,0,0,0,931
10/26/2021,BOS,MA,ANE,EN,Towers with Radar,729,71,25,2,827,0,0,0,0,0,729,71,25,2,827,0,0,0,827
10/27/2021,BOS,MA,ANE,EN,Towers with Radar,706,74,29,1,810,0,0,1,0,1,706,74,30,1,811,0,0,0,811
10/28/2021,BOS,MA,ANE,EN,Towers with Radar,762,147,45,1,955,0,9,11,4,24,762,156,56,5,979,0,0,0,979
10/29/2021,BOS,MA,ANE,EN,Towers with Radar,774,149,29,0,952,0,20,12,0,32,774,169,41,0,984,0,0,0,984
10/30/2021,BOS,MA,ANE,EN,Towers with Radar,628,105,10,0,743,0,0,0,0,0,628,105,10,0,743,0,0,0,743
10/31/2021,BOS,MA,ANE,EN,Towers with Radar,642,115,8,0,765,0,24,14,0,38,642,139,22,0,803,0,0,0,803
11/01/2021,BOS,MA,ANE,EN,Towers with Radar,776,75,31,0,882,0,91,15,0,106,776,166,46,0,988,0,0,0,988
11/02/2021,BOS,MA,ANE,EN,Towers with Radar,780,87,24,0,891,0,65,8,0,73,780,152,32,0,964,0,0,0,964
11/03/2021,BOS,MA,ANE,EN,Towers with Radar,799,98,31,0,928,0,59,18,4,81,799,157,49,4,1009,0,0,0,1009
11/04/2021,BOS,MA,ANE,EN,Towers with Radar,858,95,46,1,1000,0,56,10,3,69,858,151,56,4,1069,0,0,0,1069
11/05/2021,BOS,MA,ANE,EN,Towers with Radar,859,79,43,0,981,0,56,12,2,70,859,135,55,2,1051,0,0,0,1051
11/06/2021,BOS,MA,ANE,EN,Towers with Radar,645,59,21,0,725,0,56,36,0,92,645,115,57,0,817,0,0,0,817
11/07/2021,BOS,MA,ANE,EN,Towers with Radar,769,96,11,0,876,0,71,32,2,105,769,167,43,2,981,0,0,0,981
11/08/2021,BOS,MA,ANE,EN,Towers with Radar,787,76,34,0,897,0,56,6,3,65,787,132,40,3,962,0,0,0,962
11/09/2021,BOS,MA,ANE,EN,Towers with Radar,748,100,25,0,873,0,49,14,0,63,748,149,39,0,936,0,0,0,936
11/10/2021,BOS,MA,ANE,EN,Towers with Radar,766,107,37,0,910,0,35,19,0,54,766,142,56,0,964,0,0,0,964
11/11/2021,BOS,MA,ANE,EN,Towers with Radar,807,95,22,0,924,0,61,19,2,82,807,156,41,2,1006,0,0,0,1006
11/12/2021,BOS,MA,ANE,EN,Towers with Radar,816,112,17,0,945,0,7,0,0,7,816,119,17,0,952,0,0,0,952
11/13/2021,BOS,MA,ANE,EN,Towers with Radar,649,67,10,0,726,0,46,5,0,51,649,113,15,0,777,0,0,0,777
11/14/2021,BOS,MA,ANE,EN,Towers with Radar,787,121,23,1,932,0,47,7,1,55,787,168,30,2,987,0,0,0,987
11/15/2021,BOS,MA,ANE,EN,Towers with Radar,798,126,28,0,952,0,36,6,0,42,798,162,34,0,994,0,0,0,994
11/16/2021,BOS,MA,ANE,EN,Towers with Radar,751,106,32,2,891,0,37,4,1,42,751,143,36,3,933,0,0,0,933
11/17/2021,BOS,MA,ANE,EN,Towers with Radar,758,89,28,0,875,0,59,18,0,77,758,148,46,0,952,0,0,0,952
11/18/2021,BOS,MA,ANE,EN,Towers with Radar,811,107,24,1,943,0,49,14,0,63,811,156,38,1,1006,0,0,0,1006
11/19/2021,BOS,MA,ANE,EN,Towers with Radar,853,107,41,0,1001,0,50,9,0,59,853,157,50,0,1060,0,0,0,1060
11/20/2021,BOS,MA,ANE,EN,Towers with Radar,667,95,18,0,780,0,51,15,0,66,667,146,33,0,846,0,0,0,846
11/21/2021,BOS,MA,ANE,EN,Towers with Radar,807,118,21,0,946,0,41,17,0,58,807,159,38,0,1004,0,0,0,1004
11/22/2021,BOS,MA,ANE,EN,Towers with Radar,798,131,22,0,951,0,13,2,0,15,798,144,24,0,966,0,0,0,966
11/23/2021,BOS,MA,ANE,EN,Towers with Radar,832,114,21,0,967,0,57,8,6,71,832,171,29,6,1038,0,0,0,1038
11/24/2021,BOS,MA,ANE,EN,Towers with Radar,864,128,20,0,1012,0,57,4,0,61,864,185,24,0,1073,0,0,0,1073
11/25/2021,BOS,MA,ANE,EN,Towers with Radar,486,61,13,0,560,0,38,9,0,47,486,99,22,0,607,0,0,0,607
11/26/2021,BOS,MA,ANE,EN,Towers with Radar,599,129,9,0,737,0,7,0,0,7,599,136,9,0,744,0,0,0,744
11/27/2021,BOS,MA,ANE,EN,Towers with Radar,725,138,21,0,884,0,19,16,0,35,725,157,37,0,919,0,0,0,919
11/28/2021,BOS,MA,ANE,EN,Towers with Radar,856,177,23,0,1056,0,50,16,0,66,856,227,39,0,1122,0,0,0,1122
11/29/2021,BOS,MA,ANE,EN,Towers with Radar,856,114,23,0,993,0,36,12,0,48,856,150,35,0,1041,0,0,0,1041
11/30/2021,BOS,MA,ANE,EN,Towers with Radar,810,126,27,0,963,0,37,14,0,51,810,163,41,0,1014,0,0,0,1014
12/01/2021,BOS,MA,ANE,EN,Towers with Radar,813,109,34,0,956,0,51,19,0,70,813,160,53,0,1026,0,0,0,1026
12/02/2021,BOS,MA,ANE,EN,Towers with Radar,856,146,14,0,1016,0,23,2,0,25,856,169,16,0,1041,0,0,0,1041
12/03/2021,BOS,MA,ANE,EN,Towers with Radar,866,112,19,0,997,0,56,11,0,67,866,168,30,0,1064,0,0,0,1064
12/04/2021,BOS,MA,ANE,EN,Towers with Radar,641,55,9,0,705,0,56,16,0,72,641,111,25,0,777,0,0,0,777
12/05/2021,BOS,MA,ANE,EN,Towers with Radar,799,84,31,0,914,0,73,18,0,91,799,157,49,0,1005,0,0,0,1005
12/06/2021,BOS,MA,ANE,EN,Towers with Radar,791,105,34,0,930,0,3,2,0,5,791,108,36,0,935,0,0,0,935
12/07/2021,BOS,MA,ANE,EN,Towers with Radar,739,105,29,0,873,0,44,17,3,64,739,149,46,3,937,0,0,0,937
12/08/2021,BOS,MA,ANE,EN,Towers with Radar,729,125,40,0,894,0,13,0,1,14,729,138,40,1,908,0,0,0,908
12/09/2021,BOS,MA,ANE,EN,Towers with Radar,803,110,30,0,943,0,41,10,0,51,803,151,40,0,994,0,0,0,994
12/10/2021,BOS,MA,ANE,EN,Towers with Radar,805,134,22,0,961,0,26,12,0,38,805,160,34,0,999,0,0,0,999
12/11/2021,BOS,MA,ANE,EN,Towers with Radar,605,87,15,0,707,0,0,0,0,0,605,87,15,0,707,0,0,0,707
12/12/2021,BOS,MA,ANE,EN,Towers with Radar,761,76,11,0,848,0,56,16,2,74,761,132,27,2,922,0,0,0,922
12/13/2021,BOS,MA,ANE,EN,Towers with Radar,795,78,28,0,901,0,56,12,0,68,795,134,40,0,969,0,0,0,969
12/14/2021,BOS,MA,ANE,EN,Towers with Radar,727,83,14,0,824,0,47,6,1,54,727,130,20,1,878,0,0,0,878
12/15/2021,BOS,MA,ANE,EN,Towers with Radar,722,78,32,0,832,0,53,8,4,65,722,131,40,4,897,0,0,0,897
12/16/2021,BOS,MA,ANE,EN,Towers with Radar,796,102,35,0,933,0,26,6,2,34,796,128,41,2,967,0,0,0,967
12/17/2021,BOS,MA,ANE,EN,Towers with Radar,833,71,20,0,924,0,50,8,0,58,833,121,28,0,982,0,0,0,982
12/18/2021,BOS,MA,ANE,EN,Towers with Radar,687,73,14,0,774,0,17,2,0,19,687,90,16,0,793,0,0,0,793
12/19/2021,BOS,MA,ANE,EN,Towers with Radar,777,97,15,3,892,0,2,5,0,7,777,99,20,3,899,0,0,0,899
12/20/2021,BOS,MA,ANE,EN,Towers with Radar,797,73,16,0,886,0,47,11,1,59,797,120,27,1,945,0,0,0,945
12/21/2021,BOS,MA,ANE,EN,Towers with Radar,768,92,15,0,875,0,49,5,1,55,768,141,20,1,930,0,0,0,930
12/22/2021,BOS,MA,ANE,EN,Towers with Radar,790,104,9,0,903,0,3,3,0,6,790,107,12,0,909,0,0,0,909
12/23/2021,BOS,MA,ANE,EN,Towers with Radar,792,79,8,0,879,0,50,11,0,61,792,129,19,0,940,0,0,0,940
12/24/2021,BOS,MA,ANE,EN,Towers with Radar,609,79,4,0,692,0,18,4,0,22,609,97,8,0,714,0,0,0,714
12/25/2021,BOS,MA,ANE,EN,Towers with Radar,550,50,5,0,605,0,0,0,0,0,550,50,5,0,605,0,0,0,605
12/26/2021,BOS,MA,ANE,EN,Towers with Radar,672,121,21,0,814,0,6,7,0,13,672,127,28,0,827,0,0,0,827
12/27/2021,BOS,MA,ANE,EN,Towers with Radar,673,77,15,0,765,0,44,4,0,48,673,121,19,0,813,0,0,0,813
12/28/2021,BOS,MA,ANE,EN,Towers with Radar,681,96,12,0,789,0,9,3,0,12,681,105,15,0,801,0,0,0,801
12/29/2021,BOS,MA,ANE,EN,Towers with Radar,688,110,11,2,811,0,23,10,0,33,688,133,21,2,844,0,0,0,844
12/30/2021,BOS,MA,ANE,EN,Towers with Radar,660,140,16,2,818,0,1,0,0,1,660,141,16,2,819,0,0,0,819
12/31/2021,BOS,MA,ANE,EN,Towers with Radar,588,106,15,0,709,0,0,0,0,0,588,106,15,0,709,0,0,0,709
01/01/2022,BOS,MA,ANE,EN,Towers with Radar,542,86,16,0,644,0,0,0,0,0,542,86,16,0,644,0,0,0,644
01/02/2022,BOS,MA,ANE,EN,Towers with Radar,650,120,21,0,791,0,0,0,0,0,650,120,21,0,791,0,0,0,791
01/03/2022,BOS,MA,ANE,EN,Towers with Radar,650,88,13,0,751,0,13,4,0,17,650,101,17,0,768,0,0,0,768
01/04/2022,BOS,MA,ANE,EN,Towers with Radar,713,68,13,0,794,0,47,1,0,48,713,115,14,0,842,0,0,0,842
01/05/2022,BOS,MA,ANE,EN,Towers with Radar,758,105,10,0,873,0,2,0,0,2,758,107,10,0,875,0,0,0,875
01/06/2022,BOS,MA,ANE,EN,Towers with Radar,736,73,15,0,824,0,32,5,0,37,736,105,20,0,861,0,0,0,861
01/07/2022,BOS,MA,ANE,EN,Towers with Radar,448,15,1,0,464,0,2,0,0,2,448,17,1,0,466,0,0,0,466
01/08/2022,BOS,MA,ANE,EN,Towers with Radar,594,55,9,0,658,0,49,1,0,50,594,104,10,0,708,0,0,0,708
01/09/2022,BOS,MA,ANE,EN,Towers with Radar,745,86,9,0,840,0,13,1,0,14,745,99,10,0,854,0,0,0,854
01/10/2022,BOS,MA,ANE,EN,Towers with Radar,742,79,13,0,834,0,34,3,0,37,742,113,16,0,871,0,0,0,871
01/11/2022,BOS,MA,ANE,EN,Towers with Radar,710,62,4,0,776,0,35,7,0,42,710,97,11,0,818,0,0,0,818
01/12/2022,BOS,MA,ANE,EN,Towers with Radar,745,86,24,0,855,0,42,5,0,47,745,128,29,0,902,0,0,0,902
01/13/2022,BOS,MA,ANE,EN,Towers with Radar,784,92,20,0,896,0,33,9,0,42,784,125,29,0,938,0,0,0,938
01/14/2022,BOS,MA,ANE,EN,Towers with Radar,782,105,6,0,893,0,0,0,0,0,782,105,6,0,893,0,0,0,893
01/15/2022,BOS,MA,ANE,EN,Towers with Radar,597,56,18,0,671,0,30,3,0,33,597,86,21,0,704,0,0,0,704
01/16/2022,BOS,MA,ANE,EN,Towers with Radar,606,66,15,0,687,0,47,12,0,59,606,113,27,0,746,0,0,0,746
01/17/2022,BOS,MA,ANE,EN,Towers with Radar,739,53,9,0,801,0,0,2,0,2,739,53,11,0,803,0,0,0,803
01/18/2022,BOS,MA,ANE,EN,Towers with Radar,710,86,14,0,810,0,33,2,0,35,710,119,16,0,845,0,0,0,845
01/19/2022,BOS,MA,ANE,EN,Towers with Radar,721,81,21,0,823,0,33,4,0,37,721,114,25,0,860,0,0,0,860
01/20/2022,BOS,MA,ANE,EN,Towers with Radar,744,92,21,1,858,0,7,2,0,9,744,99,23,1,867,0,0,0,867
01/21/2022,BOS,MA,ANE,EN,Towers with Radar,770,91,12,3,876,0,24,4,0,28,770,115,16,3,904,0,0,0,904
01/22/2022,BOS,MA,ANE,EN,Towers with Radar,599,66,9,0,674,0,9,15,0,24,599,75,24,0,698,0,0,0,698
01/23/2022,BOS,MA,ANE,EN,Towers with Radar,737,83,16,0,836,0,24,5,0,29,737,107,21,0,865,0,0,0,865
01/24/2022,BOS,MA,ANE,EN,Towers with Radar,763,90,6,0,859,0,27,2,0,29,763,117,8,0,888,0,0,0,888
01/25/2022,BOS,MA,ANE,EN,Towers with Radar,712,94,12,0,818,0,8,3,1,12,712,102,15,1,830,0,0,0,830
01/26/2022,BOS,MA,ANE,EN,Towers with Radar,736,72,19,0,827,0,42,3,0,45,736,114,22,0,872,0,0,0,872
01/27/2022,BOS,MA,ANE,EN,Towers with Radar,780,84,28,0,892,0,37,17,0,54,780,121,45,0,946,0,0,0,946
01/28/2022,BOS,MA,ANE,EN,Towers with Radar,687,100,14,0,801,0,30,2,0,32,687,130,16,0,833,0,0,0,833
01/29/2022,BOS,MA,ANE,EN,Towers with Radar,8,2,0,0,10,0,0,0,0,0,8,2,0,0,10,0,0,0,10
01/30/2022,BOS,MA,ANE,EN,Towers with Radar,377,52,19,0,448,0,2,2,2,6,377,54,21,2,454,0,0,0,454
01/31/2022,BOS,MA,ANE,EN,Towers with Radar,734,70,25,0,829,0,24,2,0,26,734,94,27,0,855,0,0,0,855
02/01/2022,BOS,MA,ANE,EN,Towers with Radar,716,95,20,0,831,0,9,6,2,17,716,104,26,2,848,0,0,0,848
02/02/2022,BOS,MA,ANE,EN,Towers with Radar,694,124,30,0,848,0,1,0,4,5,694,125,30,4,853,0,0,0,853
02/03/2022,BOS,MA,ANE,EN,Towers with Radar,670,73,20,0,763,0,0,1,0,1,670,73,21,0,764,0,0,0,764
02/04/2022,BOS,MA,ANE,EN,Towers with Radar,279,21,13,0,313,0,0,0,0,0,279,21,13,0,313,0,0,0,313
02/05/2022,BOS,MA,ANE,EN,Towers with Radar,557,60,12,0,629,0,11,14,1,26,557,71,26,1,655,0,0,0,655
02/06/2022,BOS,MA,ANE,EN,Towers with Radar,733,74,16,2,825,0,37,9,0,46,733,111,25,2,871,0,0,0,871
02/07/2022,BOS,MA,ANE,EN,Towers with Radar,768,107,27,0,902,0,0,0,0,0,768,107,27,0,902,0,0,0,902
02/08/2022,BOS,MA,ANE,EN,Towers with Radar,723,119,21,0,863,0,0,1,0,1,723,119,22,0,864,0,0,0,864
02/09/2022,BOS,MA,ANE,EN,Towers with Radar,751,79,23,0,853,0,40,5,2,47,751,119,28,2,900,0,0,0,900
02/10/2022,BOS,MA,ANE,EN,Towers with Radar,788,114,14,0,916,0,8,3,0,11,788,122,17,0,927,0,0,0,927
02/11/2022,BOS,MA,ANE,EN,Towers with Radar,797,77,7,0,881,0,33,16,2,51,797,110,23,2,932,0,0,0,932
02/12/2022,BOS,MA,ANE,EN,Towers with Radar,616,62,11,0,689,0,24,14,0,38,616,86,25,0,727,0,0,0,727
02/13/2022,BOS,MA,ANE,EN,Towers with Radar,629,103,1,0,733,0,0,0,0,0,629,103,1,0,733,0,0,0,733
02/14/2022,BOS,MA,ANE,EN,Towers with Radar,769,103,20,1,893,0,16,14,0,30,769,119,34,1,923,0,0,0,923
02/15/2022,BOS,MA,ANE,EN,Towers with Radar,746,84,23,1,854,0,33,10,0,43,746,117,33,1,897,0,0,0,897
02/16/2022,BOS,MA,ANE,EN,Towers with Radar,770,95,24,0,889,0,25,7,0,32,770,120,31,0,921,0,0,0,921
02/17/2022,BOS,MA,ANE,EN,Towers with Radar,836,69,25,0,930,0,16,0,0,16,836,85,25,0,946,0,0,0,946
02/18/2022,BOS,MA,ANE,EN,Towers with Radar,862,89,12,0,963,0,20,4,2,26,862,109,16,2,989,0,0,0,989
02/19/2022,BOS,MA,ANE,EN,Towers with Radar,700,86,26,0,812,0,12,2,0,14,700,98,28,0,826,0,0,0,826
02/20/2022,BOS,MA,ANE,EN,Towers with Radar,760,69,20,0,849,0,39,18,0,57,760,108,38,0,906,0,0,0,906
02/21/2022,BOS,MA,ANE,EN,Towers with Radar,834,61,16,0,911,0,34,20,0,54,834,95,36,0,965,0,0,0,965
02/22/2022,BOS,MA,ANE,EN,Towers with Radar,836,103,13,0,952,0,0,0,0,0,836,103,13,0,952,0,0,0,952
02/23/2022,BOS,MA,ANE,EN,Towers with Radar,835,87,21,0,943,0,19,1,0,20,835,106,22,0,963,0,0,0,963
02/24/2022,BOS,MA,ANE,EN,Towers with Radar,764,91,28,0,883,0,37,2,0,39,764,128,30,0,922,0,0,0,922
02/25/2022,BOS,MA,ANE,EN,Towers with Radar,290,11,11,0,312,0,0,0,0,0,290,11,11,0,312,0,0,0,312
02/26/2022,BOS,MA,ANE,EN,Towers with Radar,716,81,21,0,818,0,33,15,0,48,716,114,36,0,866,0,0,0,866
02/27/2022,BOS,MA,ANE,EN,Towers with Radar,830,114,34,0,978,0,40,2,2,44,830,154,36,2,1022,0,0,0,1022
02/28/2022,BOS,MA,ANE,EN,Towers with Radar,850,88,22,0,960,0,35,2,0,37,850,123,24,0,997,0,0,0,997
03/01/2022,BOS,MA,ANE,EN,Towers with Radar,806,90,32,0,928,0,18,11,4,33,806,108,43,4,961,0,0,0,961
03/02/2022,BOS,MA,ANE,EN,Towers with Radar,809,94,31,0,934,0,24,11,0,35,809,118,42,0,969,0,0,0,969
03/03/2022,BOS,MA,ANE,EN,Towers with Radar,836,124,17,0,977,0,20,7,2,29,836,144,24,2,1006,0,0,0,1006
03/04/2022,BOS,MA,ANE,EN,Towers with Radar,828,79,19,0,926,0,34,6,2,42,828,113,25,2,968,0,0,0,968
03/05/2022,BOS,MA,ANE,EN,Towers with Radar,668,60,13,0,741,0,38,12,0,50,668,98,25,0,791,0,0,0,791
03/06/2022,BOS,MA,ANE,EN,Towers with Radar,809,75,20,0,904,0,4,4,0,8,809,79,24,0,912,0,0,0,912
03/07/2022,BOS,MA,ANE,EN,Towers with Radar,811,94,25,0,930,0,16,1,1,18,811,110,26,1,948,0,0,0,948
03/08/2022,BOS,MA,ANE,EN,Towers with Radar,835,93,30,0,958,0,29,8,2,39,835,122,38,2,997,0,0,0,997
03/09/2022,BOS,MA,ANE,EN,Towers with Radar,773,110,26,0,909,0,13,0,0,13,773,123,26,0,922,0,0,0,922
03/10/2022,BOS,MA,ANE,EN,Towers with Radar,865,110,31,0,1006,0,30,2,0,32,865,140,33,0,1038,0,0,0,1038
03/11/2022,BOS,MA,ANE,EN,Towers with Radar,858,87,48,0,993,0,32,12,0,44,858,119,60,0,1037,0,0,0,1037
03/12/2022,BOS,MA,ANE,EN,Towers with Radar,623,49,14,0,686,0,0,0,0,0,623,49,14,0,686,0,0,0,686
03/13/2022,BOS,MA,ANE,EN,Towers with Radar,783,76,34,0,893,0,31,2,2,35,783,107,36,2,928,0,0,0,928
03/14/2022,BOS,MA,ANE,EN,Towers with Radar,830,104,15,0,949,0,28,6,5,39,830,132,21,5,988,0,0,0,988
03/15/2022,BOS,MA,ANE,EN,Towers with Radar,836,84,29,0,949,0,27,7,0,34,836,111,36,0,983,0,0,0,983
03/16/2022,BOS,MA,ANE,EN,Towers with Radar,831,91,41,1,964,0,17,6,0,23,831,108,47,1,987,0,0,0,987
03/17/2022,BOS,MA,ANE,EN,Towers with Radar,803,84,19,1,907,0,0,0,0,0,803,84,19,1,907,0,0,0,907
03/18/2022,BOS,MA,ANE,EN,Towers with Radar,833,111,27,0,971,0,17,12,0,29,833,128,39,0,1000,0,0,0,1000
03/19/2022,BOS,MA,ANE,EN,Towers with Radar,718,70,20,0,808,0,0,0,0,0,718,70,20,0,808,0,0,0,808
03/20/2022,BOS,MA,ANE,EN,Towers with Radar,835,119,24,0,978,0,5,15,0,20,835,124,39,0,998,0,0,0,998
03/21/2022,BOS,MA,ANE,EN,Towers with Radar,845,107,11,0,963,0,31,9,0,40,845,138,20,0,1003,0,0,0,1003
03/22/2022,BOS,MA,ANE,EN,Towers with Radar,837,82,12,0,931,0,36,9,0,45,837,118,21,0,976,0,0,0,976
03/23/2022,BOS,MA,ANE,EN,Towers with Radar,835,93,16,1,945,0,39,25,0,64,835,132,41,1,1009,0,0,0,1009
03/24/2022,BOS,MA,ANE,EN,Towers with Radar,852,112,19,0,983,0,0,0,0,0,852,112,19,0,983,0,0,0,983
03/25/2022,BOS,MA,ANE,EN,Towers with Radar,870,111,26,0,1007,0,19,7,0,26,870,130,33,0,1033,0,0,0,1033
03/26/2022,BOS,MA,ANE,EN,Towers with Radar,708,78,17,0,803,0,22,5,3,30,708,100,22,3,833,0,0,0,833
03/27/2022,BOS,MA,ANE,EN,Towers with Radar,841,120,24,1,986,0,30,7,0,37,841,150,31,1,1023,0,0,0,1023
03/28/2022,BOS,MA,ANE,EN,Towers with Radar,850,112,25,0,987,0,13,2,0,15,850,125,27,0,1002,0,0,0,1002
03/29/2022,BOS,MA,ANE,EN,Towers with Radar,867,91,31,0,989,0,21,12,4,37,867,112,43,4,1026,0,0,0,1026
03/30/2022,BOS,MA,ANE,EN,Towers with Radar,845,84,37,1,967,0,36,16,0,52,845,120,53,1,1019,0,0,0,1019
03/31/2022,BOS,MA,ANE,EN,Towers with Radar,853,104,30,0,987,0,0,0,0,0,853,104,30,0,987,0,0,0,987
04/01/2022,BOS,MA,ANE,EN,Towers with Radar,863,124,21,0,1008,0,12,4,0,16,863,136,25,0,1024,0,0,0,1024
04/02/2022,BOS,MA,ANE,EN,Towers with Radar,616,68,14,0,698,0,40,26,0,66,616,108,40,0,764,0,0,0,764
04/03/2022,BOS,MA,ANE,EN,Towers with Radar,763,90,24,0,877,0,47,6,0,53,763,137,30,0,930,0,0,0,930
04/04/2022,BOS,MA,ANE,EN,Towers with Radar,833,110,29,1,973,0,36,17,0,53,833,146,46,1,1026,0,0,0,1026
04/05/2022,BOS,MA,ANE,EN,Towers with Radar,880,79,27,1,987,0,59,19,2,80,880,138,46,3,1067,0,0,0,1067
04/06/2022,BOS,MA,ANE,EN,Towers with Radar,898,151,35,1,1085,0,0,0,0,0,898,151,35,1,1085,0,0,0,1085
04/07/2022,BOS,MA,ANE,EN,Towers with Radar,874,132,40,0,1046,0,20,2,2,24,874,152,42,2,1070,0,0,0,1070
04/08/2022,BOS,MA,ANE,EN,Towers with Radar,890,133,27,1,1051,0,15,15,0,30,890,148,42,1,1081,0,0,0,1081
04/09/2022,BOS,MA,ANE,EN,Towers with Radar,695,105,15,3,818,0,26,14,0,40,695,131,29,3,858,0,0,0,858
04/10/2022,BOS,MA,ANE,EN,Towers with Radar,847,101,30,0,978,0,42,15,0,57,847,143,45,0,1035,0,0,0,1035
04/11/2022,BOS,MA,ANE,EN,Towers with Radar,901,84,32,0,1017,0,65,21,2,88,901,149,53,2,1105,0,0,0,1105
04/12/2022,BOS,MA,ANE,EN,Towers with Radar,897,121,28,0,1046,0,29,19,2,50,897,150,47,2,1096,0,0,0,1096
04/13/2022,BOS,MA,ANE,EN,Towers with Radar,907,107,39,0,1053,0,48,14,0,62,907,155,53,0,1115,0,0,0,1115
04/14/2022,BOS,MA,ANE,EN,Towers with Radar,946,139,43,0,1128,0,0,0,0,0,946,139,43,0,1128,0,0,0,1128
04/15/2022,BOS,MA,ANE,EN,Towers with Radar,934,110,27,0,1071,0,57,12,0,69,934,167,39,0,1140,0,0,0,1140
04/16/2022,BOS,MA,ANE,EN,Towers with Radar,770,61,18,1,850,0,36,10,2,48,770,97,28,3,898,0,0,0,898
04/17/2022,BOS,MA,ANE,EN,Towers with Radar,888,101,19,0,1008,0,39,12,0,51,888,140,31,0,1059,0,0,0,1059
04/18/2022,BOS,MA,ANE,EN,Towers with Radar,912,80,33,0,1025,0,44,13,0,57,912,124,46,0,1082,0,0,0,1082
04/19/2022,BOS,MA,ANE,EN,Towers with Radar,906,105,34,0,1045,0,5,0,0,5,906,110,34,0,1050,0,0,0,1050
04/20/2022,BOS,MA,ANE,EN,Towers with Radar,944,103,38,0,1085,0,43,10,0,53,944,146,48,0,1138,0,0,0,1138
04/21/2022,BOS,MA,ANE,EN,Towers with Radar,966,108,18,0,1092,0,50,14,0,64,966,158,32,0,1156,0,0,0,1156
04/22/2022,BOS,MA,ANE,EN,Towers with Radar,959,93,19,0,1071,0,49,16,4,69,959,142,35,4,1140,0,0,0,1140
04/23/2022,BOS,MA,ANE,EN,Towers with Radar,770,79,20,1,870,0,56,32,0,88,770,135,52,1,958,0,0,0,958
04/24/2022,BOS,MA,ANE,EN,Towers with Radar,897,94,28,1,1020,0,55,21,2,78,897,149,49,3,1098,0,0,0,1098
04/25/2022,BOS,MA,ANE,EN,Towers with Radar,942,92,11,2,1047,0,58,11,0,69,942,150,22,2,1116,0,0,0,1116
04/26/2022,BOS,MA,ANE,EN,Towers with Radar,926,133,31,0,1090,0,5,1,0,6,926,138,32,0,1096,0,0,0,1096
04/27/2022,BOS,MA,ANE,EN,Towers with Radar,939,140,35,0,1114,0,16,14,0,30,939,156,49,0,1144,0,0,0,1144
04/28/2022,BOS,MA,ANE,EN,Towers with Radar,967,120,27,0,1114,0,31,6,0,37,967,151,33,0,1151,0,0,0,1151
04/29/2022,BOS,MA,ANE,EN,Towers with Radar,945,102,35,5,1087,0,50,7,0,57,945,152,42,5,1144,0,0,0,1144
04/30/2022,BOS,MA,ANE,EN,Towers with Radar,773,74,16,1,864,0,47,19,3,69,773,121,35,4,933,0,0,0,933
05/01/2022,BOS,MA,ANE,EN,Towers with Radar,885,95,24,0,1004,0,70,27,0,97,885,165,51,0,1101,0,0,0,1101
05/02/2022,BOS,MA,ANE,EN,Towers with Radar,945,105,33,0,1083,0,47,4,1,52,945,152,37,1,1135,0,0,0,1135
05/03/2022,BOS,MA,ANE,EN,Towers with Radar,939,154,42,0,1135,0,8,4,0,12,939,162,46,0,1147,0,0,0,1147
05/04/2022,BOS,MA,ANE,EN,Towers with Radar,917,163,37,0,1117,0,0,0,0,0,917,163,37,0,1117,0,0,0,1117
05/05/2022,BOS,MA,ANE,EN,Towers with Radar,965,127,29,2,1123,0,54,7,0,61,965,181,36,2,1184,0,0,0,1184
05/06/2022,BOS,MA,ANE,EN,Towers with Radar,954,98,19,1,1072,0,51,8,0,59,954,149,27,1,1131,0,0,0,1131
05/07/2022,BOS,MA,ANE,EN,Towers with Radar,751,87,17,1,856,0,13,0,0,13,751,100,17,1,869,0,0,0,869
05/08/2022,BOS,MA,ANE,EN,Towers with Radar,900,88,20,2,1010,0,51,20,0,71,900,139,40,2,1081,0,0,0,1081
05/09/2022,BOS,MA,ANE,EN,Towers with Radar,963,77,29,0,1069,0,58,13,0,71,963,135,42,0,1140,0,0,0,1140
05/10/2022,BOS,MA,ANE,EN,Towers with Radar,929,89,36,0,1054,0,51,14,0,65,929,140,50,0,1119,0,0,0,1119
05/11/2022,BOS,MA,ANE,EN,Towers with Radar,934,154,48,2,1138,0,13,11,1,25,934,167,59,3,1163,0,0,0,1163
05/12/2022,BOS,MA,ANE,EN,Towers with Radar,966,156,32,0,1154,0,0,0,0,0,966,156,32,0,1154,0,0,0,1154
05/13/2022,BOS,MA,ANE,EN,Towers with Radar,983,165,30,0,1178,0,9,9,0,18,983,174,39,0,1196,0,0,0,1196
05/14/2022,BOS,MA,ANE,EN,Towers with Radar,766,111,10,0,887,0,33,32,0,65,766,144,42,0,952,0,0,0,952
05/15/2022,BOS,MA,ANE,EN,Towers with Radar,924,153,32,0,1109,0,13,8,0,21,924,166,40,0,1130,0,0,0,1130
05/16/2022,BOS,MA,ANE,EN,Towers with Radar,906,138,28,0,1072,0,16,4,1,21,906,154,32,1,1093,0,0,0,1093
05/17/2022,BOS,MA,ANE,EN,Towers with Radar,919,116,40,0,1075,0,33,9,0,42,919,149,49,0,1117,0,0,0,1117
05/18/2022,BOS,MA,ANE,EN,Towers with Radar,953,115,38,2,1108,0,53,7,0,60,953,168,45,2,1168,0,0,0,1168
05/19/2022,BOS,MA,ANE,EN,Towers with Radar,980,201,33,1,1215,0,9,3,0,12,980,210,36,1,1227,0,0,0,1227
05/20/2022,BOS,MA,ANE,EN,Towers with Radar,934,166,36,1,1137,0,16,14,2,32,934,182,50,3,1169,0,0,0,1169
05/21/2022,BOS,MA,ANE,EN,Towers with Radar,749,146,26,1,922,0,4,3,0,7,749,150,29,1,929,0,0,0,929
05/22/2022,BOS,MA,ANE,EN,Towers with Radar,818,141,36,1,996,0,47,21,0,68,818,188,57,1,1064,0,0,0,1064
05/23/2022,BOS,MA,ANE,EN,Towers with Radar,963,179,53,1,1196,0,40,18,0,58,963,219,71,1,1254,0,0,0,1254
05/24/2022,BOS,MA,ANE,EN,Towers with Radar,940,154,48,1,1143,1,62,16,0,79,941,216,64,1,1222,0,0,0,1222
05/25/2022,BOS,MA,ANE,EN,Towers with Radar,941,146,32,3,1122,0,60,4,6,70,941,206,36,9,1192,0,0,0,1192
05/26/2022,BOS,MA,ANE,EN,Towers with Radar,999,128,46,2,1175,0,66,20,1,87,999,194,66,3,1262,0,0,0,1262
05/27/2022,BOS,MA,ANE,EN,Towers with Radar,914,177,49,1,1141,0,4,1,2,7,914,181,50,3,1148,0,0,0,1148
05/28/2022,BOS,MA,ANE,EN,Towers with Radar,763,129,30,1,923,0,1,3,0,4,763,130,33,1,927,0,0,0,927
05/29/2022,BOS,MA,ANE,EN,Towers with Radar,866,76,22,3,967,0,59,15,0,74,866,135,37,3,1041,0,0,0,1041
05/30/2022,BOS,MA,ANE,EN,Towers with Radar,947,101,10,0,1058,0,64,14,1,79,947,165,24,1,1137,0,0,0,1137
05/31/2022,BOS,MA,ANE,EN,Towers with Radar,922,130,27,0,1079,0,38,8,6,52,922,168,35,6,1131,0,0,0,1131
06/01/2022,BOS,MA,ANE,EN,Towers with Radar,921,129,49,0,1099,0,15,4,0,19,921,144,53,0,1118,0,0,0,1118
06/02/2022,BOS,MA,ANE,EN,Towers with Radar,894,181,53,0,1128,0,1,4,0,5,894,182,57,0,1133,0,0,0,1133
06/03/2022,BOS,MA,ANE,EN,Towers with Radar,958,153,37,0,1148,0,2,3,0,5,958,155,40,0,1153,0,0,0,1153
06/04/2022,BOS,MA,ANE,EN,Towers with Radar,745,127,13,0,885,0,9,17,1,27,745,136,30,1,912,0,0,0,912
06/05/2022,BOS,MA,ANE,EN,Towers with Radar,901,128,19,0,1048,0,68,23,2,93,901,196,42,2,1141,0,0,0,1141
06/06/2022,BOS,MA,ANE,EN,Towers with Radar,964,137,42,0,1143,0,52,18,4,74,964,189,60,4,1217,0,0,0,1217
06/07/2022,BOS,MA,ANE,EN,Towers with Radar,956,125,61,0,1142,0,52,23,0,75,956,177,84,0,1217,0,0,0,1217
06/08/2022,BOS,MA,ANE,EN,Towers with Radar,938,168,77,0,1183,0,19,13,0,32,938,187,90,0,1215,0,0,0,1215
06/09/2022,BOS,MA,ANE,EN,Towers with Radar,977,160,69,0,1206,0,13,1,0,14,977,173,70,0,1220,0,0,0,1220
06/10/2022,BOS,MA,ANE,EN,Towers with Radar,974,115,18,4,1111,0,53,22,0,75,974,168,40,4,1186,0,0,0,1186
06/11/2022,BOS,MA,ANE,EN,Towers with Radar,779,87,24,0,890,0,54,24,2,80,779,141,48,2,970,0,0,0,970
06/12/2022,BOS,MA,ANE,EN,Towers with Radar,865,141,45,0,1051,0,45,8,0,53,865,186,53,0,1104,0,0,0,1104
06/13/2022,BOS,MA,ANE,EN,Towers with Radar,938,138,42,0,1118,0,27,16,0,43,938,165,58,0,1161,0,0,0,1161
06/14/2022,BOS,MA,ANE,EN,Towers with Radar,941,126,27,0,1094,0,55,15,6,76,941,181,42,6,1170,0,0,0,1170
06/15/2022,BOS,MA,ANE,EN,Towers with Radar,953,144,42,0,1139,0,24,12,4,40,953,168,54,4,1179,0,0,0,1179
06/16/2022,BOS,MA,ANE,EN,Towers with Radar,787,156,67,1,1011,0,57,23,1,81,787,213,90,2,1092,0,0,0,1092
06/17/2022,BOS,MA,ANE,EN,Towers with Radar,896,225,52,0,1173,0,22,8,0,30,896,247,60,0,1203,0,0,0,1203
06/18/2022,BOS,MA,ANE,EN,Towers with Radar,772,92,36,0,900,0,53,9,0,62,772,145,45,0,962,0,0,0,962
06/19/2022,BOS,MA,ANE,EN,Towers with Radar,889,153,37,0,1079,0,30,19,0,49,889,183,56,0,1128,0,0,0,1128
06/20/2022,BOS,MA,ANE,EN,Towers with Radar,963,130,30,0,1123,0,72,13,4,89,963,202,43,4,1212,0,0,0,1212
06/21/2022,BOS,MA,ANE,EN,Towers with Radar,956,123,37,0,1116,0,63,12,0,75,956,186,49,0,1191,0,0,0,1191
06/22/2022,BOS,MA,ANE,EN,Towers with Radar,828,163,28,0,1019,0,13,5,0,18,828,176,33,0,1037,0,0,0,1037
06/23/2022,BOS,MA,ANE,EN,Towers with Radar,962,178,64,0,1204,0,48,22,0,70,962,226,86,0,1274,0,0,0,1274
06/24/2022,BOS,MA,ANE,EN,Towers with Radar,948,157,34,2,1141,0,65,15,0,80,948,222,49,2,1221,0,0,0,1221
06/25/2022,BOS,MA,ANE,EN,Towers with Radar,793,84,17,0,894,0,61,27,4,92,793,145,44,4,986,0,0,0,986
06/26/2022,BOS,MA,ANE,EN,Towers with Radar,889,137,46,1,1073,0,64,30,0,94,889,201,76,1,1167,0,0,0,1167
06/27/2022,BOS,MA,ANE,EN,Towers with Radar,918,141,24,1,1084,0,21,2,0,23,918,162,26,1,1107,0,0,0,1107
06/28/2022,BOS,MA,ANE,EN,Towers with Radar,943,109,32,0,1084,0,66,24,3,93,943,175,56,3,1177,0,0,0,1177
06/29/2022,BOS,MA,ANE,EN,Towers with Radar,947,119,36,0,1102,0,67,3,0,70,947,186,39,0,1172,0,0,0,1172
06/30/2022,BOS,MA,ANE,EN,Towers with Radar,984,155,31,0,1170,0,74,10,3,87,984,229,41,3,1257,0,0,0,1257
07/01/2022,BOS,MA,ANE,EN,Towers with Radar,963,141,33,1,1138,0,76,21,0,97,963,217,54,1,1235,0,0,0,1235
07/02/2022,BOS,MA,ANE,EN,Towers with Radar,793,135,8,0,936,0,23,2,0,25,793,158,10,0,961,0,0,0,961
07/03/2022,BOS,MA,ANE,EN,Towers with Radar,842,118,19,0,979,0,53,15,0,68,842,171,34,0,1047,0,0,0,1047
07/04/2022,BOS,MA,ANE,EN,Towers with Radar,888,100,4,0,992,0,87,10,2,99,888,187,14,2,1091,0,0,0,1091
07/05/2022,BOS,MA,ANE,EN,Towers with Radar,917,111,20,0,1048,0,58,9,0,67,917,169,29,0,1115,0,0,0,1115
07/06/2022,BOS,MA,ANE,EN,Towers with Radar,922,143,23,0,1088,0,33,5,4,42,922,176,28,4,1130,0,0,0,1130
07/07/2022,BOS,MA,ANE,EN,Towers with Radar,951,125,22,0,1098,0,90,10,4,104,951,215,32,4,1202,0,0,0,1202
07/08/2022,BOS,MA,ANE,EN,Towers with Radar,953,130,18,0,1101,0,75,8,2,85,953,205,26,2,1186,0,0,0,1186
07/09/2022,BOS,MA,ANE,EN,Towers with Radar,782,88,10,0,880,0,83,31,2,116,782,171,41,2,996,0,0,0,996
07/10/2022,BOS,MA,ANE,EN,Towers with Radar,937,133,20,1,1091,0,64,14,0,78,937,197,34,1,1169,0,0,0,1169
07/11/2022,BOS,MA,ANE,EN,Towers with Radar,995,121,26,0,1142,0,71,15,3,89,995,192,41,3,1231,0,0,0,1231
07/12/2022,BOS,MA,ANE,EN,Towers with Radar,953,105,22,2,1082,0,55,11,4,70,953,160,33,6,1152,0,0,0,1152
07/13/2022,BOS,MA,ANE,EN,Towers with Radar,997,117,29,0,1143,0,59,21,2,82,997,176,50,2,1225,0,0,0,1225
07/14/2022,BOS,MA,ANE,EN,Towers with Radar,1019,197,42,0,1258,0,38,17,3,58,1019,235,59,3,1316,0,0,0,1316
07/15/2022,BOS,MA,ANE,EN,Towers with Radar,997,141,36,1,1175,0,79,33,2,114,997,220,69,3,1289,0,0,0,1289
07/16/2022,BOS,MA,ANE,EN,Towers with Radar,797,105,10,1,913,0,86,35,0,121,797,191,45,1,1034,0,0,0,1034
07/17/2022,BOS,MA,ANE,EN,Towers with Radar,935,160,28,0,1123,0,46,19,0,65,935,206,47,0,1188,0,0,0,1188
07/18/2022,BOS,MA,ANE,EN,Towers with Radar,928,173,20,0,1121,0,23,3,0,26,928,196,23,0,1147,0,0,0,1147
07/19/2022,BOS,MA,ANE,EN,Towers with Radar,1011,135,35,1,1182,0,57,15,0,72,1011,192,50,1,1254,0,0,0,1254
07/20/2022,BOS,MA,ANE,EN,Towers with Radar,985,141,29,0,1155,0,52,18,0,70,985,193,47,0,1225,0,0,0,1225
07/21/2022,BOS,MA,ANE,EN,Towers with Radar,1004,154,32,0,1190,0,35,10,0,45,1004,189,42,0,1235,0,0,0,1235
07/22/2022,BOS,MA,ANE,EN,Towers with Radar,1023,139,33,0,1195,0,82,30,0,112,1023,221,63,0,1307,0,0,0,1307
07/23/2022,BOS,MA,ANE,EN,Towers with Radar,795,106,21,0,922,0,83,24,0,107,795,189,45,0,1029,0,0,0,1029
07/24/2022,BOS,MA,ANE,EN,Towers with Radar,929,134,25,0,1088,0,46,26,0,72,929,180,51,0,1160,0,0,0,1160
07/25/2022,BOS,MA,ANE,EN,Towers with Radar,910,137,19,0,1066,0,30,0,0,30,910,167,19,0,1096,0,0,0,1096
07/26/2022,BOS,MA,ANE,EN,Towers with Radar,964,120,38,0,1122,0,71,12,1,84,964,191,50,1,1206,0,0,0,1206
07/27/2022,BOS,MA,ANE,EN,Towers with Radar,975,125,34,0,1134,0,62,17,2,81,975,187,51,2,1215,0,0,0,1215
07/28/2022,BOS,MA,ANE,EN,Towers with Radar,934,155,38,1,1128,0,40,15,0,55,934,195,53,1,1183,0,0,0,1183
07/29/2022,BOS,MA,ANE,EN,Towers with Radar,1015,150,15,1,1181,0,65,17,3,85,1015,215,32,4,1266,0,0,0,1266
07/30/2022,BOS,MA,ANE,EN,Towers with Radar,806,118,18,1,943,0,56,21,3,80,806,174,39,4,1023,0,0,0,1023
07/31/2022,BOS,MA,ANE,EN,Towers with Radar,934,130,25,0,1089,0,77,23,0,100,934,207,48,0,1189,0,0,0,1189
08/01/2022,BOS,MA,ANE,EN,Towers with Radar,974,144,31,0,1149,0,56,13,2,71,974,200,44,2,1220,0,0,0,1220
08/02/2022,BOS,MA,ANE,EN,Towers with Radar,980,146,40,0,1166,0,43,8,0,51,980,189,48,0,1217,0,0,0,1217
08/03/2022,BOS,MA,ANE,EN,Towers with Radar,955,126,25,3,1109,0,59,19,0,78,955,185,44,3,1187,0,0,0,1187
08/04/2022,BOS,MA,ANE,EN,Towers with Radar,944,166,25,7,1142,0,33,22,0,55,944,199,47,7,1197,0,0,0,1197
08/05/2022,BOS,MA,ANE,EN,Towers with Radar,882,143,24,0,1049,0,54,12,0,66,882,197,36,0,1115,0,0,0,1115
08/06/2022,BOS,MA,ANE,EN,Towers with Radar,785,127,11,0,923,0,44,18,0,62,785,171,29,0,985,0,0,0,985
08/07/2022,BOS,MA,ANE,EN,Towers with Radar,891,149,23,0,1063,0,59,19,0,78,891,208,42,0,1141,0,0,0,1141
08/08/2022,BOS,MA,ANE,EN,Towers with Radar,966,125,33,0,1124,0,75,24,0,99,966,200,57,0,1223,0,0,0,1223
08/09/2022,BOS,MA,ANE,EN,Towers with Radar,975,136,19,0,1130,0,31,6,0,37,975,167,25,0,1167,0,0,0,1167
08/10/2022,BOS,MA,ANE,EN,Towers with Radar,936,198,49,0,1183,0,12,3,1,16,936,210,52,1,1199,0,0,0,1199
08/11/2022,BOS,MA,ANE,EN,Towers with Radar,997,196,41,0,1234,0,21,5,1,27,997,217,46,1,1261,0,0,0,1261
08/12/2022,BOS,MA,ANE,EN,Towers with Radar,993,153,24,0,1170,0,53,20,0,73,993,206,44,0,1243,0,0,0,1243
08/13/2022,BOS,MA,ANE,EN,Towers with Radar,810,112,18,0,940,0,66,23,0,89,810,178,41,0,1029,0,0,0,1029
08/14/2022,BOS,MA,ANE,EN,Towers with Radar,939,129,16,0,1084,0,75,29,1,105,939,204,45,1,1189,0,0,0,1189
08/15/2022,BOS,MA,ANE,EN,Towers with Radar,968,119,26,0,1113,0,75,20,0,95,968,194,46,0,1208,0,0,0,1208
08/16/2022,BOS,MA,ANE,EN,Towers with Radar,972,129,23,0,1124,0,58,14,1,73,972,187,37,1,1197,0,0,0,1197
08/17/2022,BOS,MA,ANE,EN,Towers with Radar,961,161,22,0,1144,0,31,8,0,39,961,192,30,0,1183,0,0,0,1183
08/18/2022,BOS,MA,ANE,EN,Towers with Radar,978,165,17,0,1160,0,56,15,0,71,978,221,32,0,1231,0,0,0,1231
08/19/2022,BOS,MA,ANE,EN,Towers with Radar,981,109,23,0,1113,0,82,24,0,106,981,191,47,0,1219,0,0,0,1219
08/20/2022,BOS,MA,ANE,EN,Towers with Radar,841,125,18,0,984,0,92,39,0,131,841,217,57,0,1115,0,0,0,1115
08/21/2022,BOS,MA,ANE,EN,Towers with Radar,915,161,28,0,1104,0,75,20,0,95,915,236,48,0,1199,0,0,0,1199
08/22/2022,BOS,MA,ANE,EN,Towers with Radar,947,179,15,0,1141,0,0,0,0,0,947,179,15,0,1141,0,0,0,1141
08/23/2022,BOS,MA,ANE,EN,Towers with Radar,960,192,16,2,1170,0,3,0,0,3,960,195,16,2,1173,0,0,0,1173
08/24/2022,BOS,MA,ANE,EN,Towers with Radar,1004,173,33,0,1210,0,24,5,19,48,1004,197,38,19,1258,0,0,0,1258
08/25/2022,BOS,MA,ANE,EN,Towers with Radar,1000,172,27,2,1201,0,79,18,1,98,1000,251,45,3,1299,0,0,0,1299
08/26/2022,BOS,MA,ANE,EN,Towers with Radar,914,132,32,0,1078,0,39,2,2,43,914,171,34,2,1121,0,0,0,1121
08/27/2022,BOS,MA,ANE,EN,Towers with Radar,834,151,25,0,1010,0,22,21,0,43,834,173,46,0,1053,0,0,0,1053
08/28/2022,BOS,MA,ANE,EN,Towers with Radar,917,159,27,0,1103,0,43,23,0,66,917,202,50,0,1169,0,0,0,1169
08/29/2022,BOS,MA,ANE,EN,Towers with Radar,950,169,23,0,1142,0,48,26,4,78,950,217,49,4,1220,0,0,0,1220
08/30/2022,BOS,MA,ANE,EN,Towers with Radar,938,139,27,2,1106,0,42,13,2,57,938,181,40,4,1163,0,0,0,1163
08/31/2022,BOS,MA,ANE,EN,Towers with Radar,969,148,35,0,1152,0,36,11,2,49,969,184,46,2,1201,0,0,0,1201
09/01/2022,BOS,MA,ANE,EN,Towers with Radar,995,151,17,0,1163,0,67,13,2,82,995,218,30,2,1245,0,0,0,1245
09/02/2022,BOS,MA,ANE,EN,Towers with Radar,981,120,24,0,1125,0,91,12,0,103,981,211,36,0,1228,0,0,0,1228
09/03/2022,BOS,MA,ANE,EN,Towers with Radar,797,103,7,0,907,0,67,17,0,84,797,170,24,0,991,0,0,0,991
09/04/2022,BOS,MA,ANE,EN,Towers with Radar,833,116,15,1,965,0,60,10,0,70,833,176,25,1,1035,0,0,0,1035
09/05/2022,BOS,MA,ANE,EN,Towers with Radar,938,214,15,3,1170,0,1,1,0,2,938,215,16,3,1172,0,0,0,1172
09/06/2022,BOS,MA,ANE,EN,Towers with Radar,948,176,37,0,1161,0,0,0,0,0,948,176,37,0,1161,0,0,0,1161
09/07/2022,BOS,MA,ANE,EN,Towers with Radar,927,220,54,0,1201,0,12,3,0,15,927,232,57,0,1216,0,0,0,1216
09/08/2022,BOS,MA,ANE,EN,Towers with Radar,957,231,42,2,1232,0,37,9,2,48,957,268,51,4,1280,0,0,0,1280
09/09/2022,BOS,MA,ANE,EN,Towers with Radar,961,189,30,2,1182,0,36,22,4,62,961,225,52,6,1244,0,0,0,1244
09/10/2022,BOS,MA,ANE,EN,Towers with Radar,771,121,14,1,907,0,59,40,0,99,771,180,54,1,1006,0,0,0,1006
09/11/2022,BOS,MA,ANE,EN,Towers with Radar,925,173,30,1,1129,0,76,24,0,100,925,249,54,1,1229,0,0,0,1229
09/12/2022,BOS,MA,ANE,EN,Towers with Radar,951,156,19,3,1129,0,1,0,0,1,951,157,19,3,1130,0,0,0,1130
09/13/2022,BOS,MA,ANE,EN,Towers with Radar,939,164,31,2,1136,0,0,0,0,0,939,164,31,2,1136,0,0,0,1136
09/14/2022,BOS,MA,ANE,EN,Towers with Radar,953,179,41,0,1173,0,54,15,2,71,953,233,56,2,1244,0,0,0,1244
09/15/2022,BOS,MA,ANE,EN,Towers with Radar,991,183,57,1,1232,0,71,18,0,89,991,254,75,1,1321,0,0,0,1321
09/16/2022,BOS,MA,ANE,EN,Towers with Radar,970,151,35,0,1156,0,77,13,0,90,970,228,48,0,1246,0,0,0,1246
09/17/2022,BOS,MA,ANE,EN,Towers with Radar,767,129,26,0,922,0,62,18,0,80,767,191,44,0,1002,0,0,0,1002
09/18/2022,BOS,MA,ANE,EN,Towers with Radar,901,173,29,0,1103,0,76,17,0,93,901,249,46,0,1196,0,0,0,1196
09/19/2022,BOS,MA,ANE,EN,Towers with Radar,944,185,31,0,1160,0,0,0,0,0,944,185,31,0,1160,0,0,0,1160
09/20/2022,BOS,MA,ANE,EN,Towers with Radar,965,177,48,0,1190,0,0,0,0,0,965,177,48,0,1190,0,0,0,1190
09/21/2022,BOS,MA,ANE,EN,Towers with Radar,937,191,58,2,1188,0,20,22,0,42,937,211,80,2,1230,0,0,0,1230
09/22/2022,BOS,MA,ANE,EN,Towers with Radar,933,112,28,0,1073,0,4,9,1,14,933,116,37,1,1087,0,0,0,1087
09/23/2022,BOS,MA,ANE,EN,Towers with Radar,996,220,33,0,1249,0,27,19,1,47,996,247,52,1,1296,0,0,0,1296
09/24/2022,BOS,MA,ANE,EN,Towers with Radar,773,100,21,0,894,0,63,29,4,96,773,163,50,4,990,0,0,0,990
09/25/2022,BOS,MA,ANE,EN,Towers with Radar,903,170,18,0,1091,0,76,12,0,88,903,246,30,0,1179,0,0,0,1179
09/26/2022,BOS,MA,ANE,EN,Towers with Radar,964,149,23,0,1136,0,24,10,0,34,964,173,33,0,1170,0,0,0,1170
09/27/2022,BOS,MA,ANE,EN,Towers with Radar,941,141,30,2,1114,0,34,10,0,44,941,175,40,2,1158,0,0,0,1158
09/28/2022,BOS,MA,ANE,EN,Towers with Radar,907,141,48,0,1096,0,40,12,0,52,907,181,60,0,1148,0,0,0,1148
09/29/2022,BOS,MA,ANE,EN,Towers with Radar,933,171,43,1,1148,0,48,11,2,61,933,219,54,3,1209,0,0,0,1209
09/30/2022,BOS,MA,ANE,EN,Towers with Radar,927,183,24,0,1134,0,42,35,1,78,927,225,59,1,1212,0,0,0,1212
10/01/2022,BOS,MA,ANE,EN,Towers with Radar,768,148,11,0,927,0,4,2,0,6,768,152,13,0,933,0,0,0,933
10/02/2022,BOS,MA,ANE,EN,Towers with Radar,900,215,15,0,1130,0,7,3,0,10,900,222,18,0,1140,0,0,0,1140
10/03/2022,BOS,MA,ANE,EN,Towers with Radar,950,137,38,0,1125,0,42,15,4,61,950,179,53,4,1186,0,0,0,1186
10/04/2022,BOS,MA,ANE,EN,Towers with Radar,923,136,20,0,1079,0,0,2,0,2,923,136,22,0,1081,0,0,0,1081
10/05/2022,BOS,MA,ANE,EN,Towers with Radar,956,145,36,1,1138,0,0,0,0,0,956,145,36,1,1138,0,0,0,1138
10/06/2022,BOS,MA,ANE,EN,Towers with Radar,996,176,22,1,1195,0,34,13,4,51,996,210,35,5,1246,0,0,0,1246
10/07/2022,BOS,MA,ANE,EN,Towers with Radar,995,150,37,0,1182,0,50,26,0,76,995,200,63,0,1258,0,0,0,1258
10/08/2022,BOS,MA,ANE,EN,Towers with Radar,785,106,14,0,905,0,54,31,0,85,785,160,45,0,990,0,0,0,990
10/09/2022,BOS,MA,ANE,EN,Towers with Radar,914,148,19,1,1082,0,63,47,0,110,914,211,66,1,1192,0,0,0,1192
10/10/2022,BOS,MA,ANE,EN,Towers with Radar,975,129,23,1,1128,0,63,25,0,88,975,192,48,1,1216,0,0,0,1216
10/11/2022,BOS,MA,ANE,EN,Towers with Radar,984,137,31,0,1152,0,53,13,0,66,984,190,44,0,1218,0,0,0,1218
10/12/2022,BOS,MA,ANE,EN,Towers with Radar,971,148,46,0,1165,0,55,14,5,74,971,203,60,5,1239,0,0,0,1239
10/13/2022,BOS,MA,ANE,EN,Towers with Radar,995,154,38,0,1187,0,29,0,0,29,995,183,38,0,1216,0,0,0,1216
10/14/2022,BOS,MA,ANE,EN,Towers with Radar,1012,157,27,0,1196,0,4,4,0,8,1012,161,31,0,1204,0,0,0,1204
10/15/2022,BOS,MA,ANE,EN,Towers with Radar,802,113,25,0,940,0,27,30,0,57,802,140,55,0,997,0,0,0,997
10/16/2022,BOS,MA,ANE,EN,Towers with Radar,922,141,27,2,1092,0,45,19,0,64,922,186,46,2,1156,0,0,0,1156
10/17/2022,BOS,MA,ANE,EN,Towers with Radar,977,132,26,0,1135,0,20,1,0,21,977,152,27,0,1156,0,0,0,1156
10/18/2022,BOS,MA,ANE,EN,Towers with Radar,972,144,37,0,1153,0,9,3,2,14,972,153,40,2,1167,0,0,0,1167
10/19/2022,BOS,MA,ANE,EN,Towers with Radar,972,133,28,0,1133,0,33,16,2,51,972,166,44,2,1184,0,0,0,1184
10/20/2022,BOS,MA,ANE,EN,Towers with Radar,1000,107,35,0,1142,0,50,6,2,58,1000,157,41,2,1200,0,0,0,1200
10/21/2022,BOS,MA,ANE,EN,Towers with Radar,1011,123,32,2,1168,0,50,14,0,64,1011,173,46,2,1232,0,0,0,1232
10/22/2022,BOS,MA,ANE,EN,Towers with Radar,778,80,20,0,878,0,52,42,0,94,778,132,62,0,972,0,0,0,972
10/23/2022,BOS,MA,ANE,EN,Towers with Radar,927,136,34,0,1097,0,23,7,0,30,927,159,41,0,1127,0,0,0,1127
10/24/2022,BOS,MA,ANE,EN,Towers with Radar,981,145,24,0,1150,0,0,0,0,0,981,145,24,0,1150,0,0,0,1150
10/25/2022,BOS,MA,ANE,EN,Towers with Radar,933,110,22,0,1065,0,0,0,0,0,933,110,22,0,1065,0,0,0,1065
10/26/2022,BOS,MA,ANE,EN,Towers with Radar,945,116,23,1,1085,0,0,0,0,0,945,116,23,1,1085,0,0,0,1085
10/27/2022,BOS,MA,ANE,EN,Towers with Radar,1019,126,31,1,1177,0,43,12,0,55,1019,169,43,1,1232,0,0,0,1232
10/28/2022,BOS,MA,ANE,EN,Towers with Radar,994,110,11,1,1116,0,45,11,3,59,994,155,22,4,1175,0,0,0,1175
10/29/2022,BOS,MA,ANE,EN,Towers with Radar,771,87,9,1,868,0,37,12,0,49,771,124,21,1,917,0,0,0,917
10/30/2022,BOS,MA,ANE,EN,Towers with Radar,854,123,17,0,994,0,39,20,0,59,854,162,37,0,1053,0,0,0,1053
10/31/2022,BOS,MA,ANE,EN,Towers with Radar,837,142,35,0,1014,0,9,17,0,26,837,151,52,0,1040,0,0,0,1040
11/01/2022,BOS,MA,ANE,EN,Towers with Radar,922,149,22,1,1094,0,0,9,0,9,922,149,31,1,1103,0,0,0,1103
11/02/2022,BOS,MA,ANE,EN,Towers with Radar,923,131,20,3,1077,0,32,6,0,38,923,163,26,3,1115,0,0,0,1115
11/03/2022,BOS,MA,ANE,EN,Towers with Radar,948,134,37,1,1120,0,42,8,0,50,948,176,45,1,1170,0,0,0,1170
11/04/2022,BOS,MA,ANE,EN,Towers with Radar,925,151,27,1,1104,0,42,8,0,50,925,193,35,1,1154,0,0,0,1154
11/05/2022,BOS,MA,ANE,EN,Towers with Radar,736,99,10,2,847,0,38,16,0,54,736,137,26,2,901,0,0,0,901
11/06/2022,BOS,MA,ANE,EN,Towers with Radar,893,129,17,2,1041,0,29,15,2,46,893,158,32,4,1087,0,0,0,1087
11/07/2022,BOS,MA,ANE,EN,Towers with Radar,946,104,29,0,1079,0,31,4,2,37,946,135,33,2,1116,0,0,0,1116
11/08/2022,BOS,MA,ANE,EN,Towers with Radar,962,122,33,0,1117,0,38,8,1,47,962,160,41,1,1164,0,0,0,1164
11/09/2022,BOS,MA,ANE,EN,Towers with Radar,918,116,31,1,1066,0,43,8,2,53,918,159,39,3,1119,0,0,0,1119
11/10/2022,BOS,MA,ANE,EN,Towers with Radar,949,100,47,1,1097,0,31,13,0,44,949,131,60,1,1141,0,0,0,1141
11/11/2022,BOS,MA,ANE,EN,Towers with Radar,942,114,24,0,1080,0,25,15,0,40,942,139,39,0,1120,0,0,0,1120
11/12/2022,BOS,MA,ANE,EN,Towers with Radar,800,100,16,0,916,0,13,17,0,30,800,113,33,0,946,0,0,0,946
11/13/2022,BOS,MA,ANE,EN,Towers with Radar,910,127,27,0,1064,0,1,9,0,10,910,128,36,0,1074,0,0,0,1074
11/14/2022,BOS,MA,ANE,EN,Towers with Radar,959,108,33,0,1100,0,36,17,0,53,959,144,50,0,1153,0,0,0,1153
11/15/2022,BOS,MA,ANE,EN,Towers with Radar,953,105,26,0,1084,0,28,12,0,40,953,133,38,0,1124,0,0,0,1124
11/16/2022,BOS,MA,ANE,EN,Towers with Radar,951,127,25,1,1104,0,1,1,0,2,951,128,26,1,1106,0,0,0,1106
11/17/2022,BOS,MA,ANE,EN,Towers with Radar,985,135,22,1,1143,0,35,12,4,51,985,170,34,5,1194,0,0,0,1194
11/18/2022,BOS,MA,ANE,EN,Towers with Radar,963,124,26,0,1113,0,36,17,4,57,963,160,43,4,1170,0,0,0,1170
11/19/2022,BOS,MA,ANE,EN,Towers with Radar,787,80,19,1,887,0,53,14,0,67,787,133,33,1,954,0,0,0,954
11/20/2022,BOS,MA,ANE,EN,Towers with Radar,909,118,23,0,1050,0,41,8,0,49,909,159,31,0,1099,0,0,0,1099
11/21/2022,BOS,MA,ANE,EN,Towers with Radar,956,96,23,0,1075,0,49,12,0,61,956,145,35,0,1136,0,0,0,1136
11/22/2022,BOS,MA,ANE,EN,Towers with Radar,993,133,19,0,1145,0,44,14,2,60,993,177,33,2,1205,0,0,0,1205
11/23/2022,BOS,MA,ANE,EN,Towers with Radar,984,121,15,0,1120,0,31,15,2,48,984,152,30,2,1168,0,0,0,1168
11/24/2022,BOS,MA,ANE,EN,Towers with Radar,582,67,5,0,654,0,25,0,0,25,582,92,5,0,679,0,0,0,679
11/25/2022,BOS,MA,ANE,EN,Towers with Radar,693,102,8,0,803,0,10,4,0,14,693,112,12,0,817,0,0,0,817
11/26/2022,BOS,MA,ANE,EN,Towers with Radar,838,111,22,0,971,0,43,22,0,65,838,154,44,0,1036,0,0,0,1036
11/27/2022,BOS,MA,ANE,EN,Towers with Radar,940,135,24,2,1101,0,32,11,0,43,940,167,35,2,1144,0,0,0,1144
11/28/2022,BOS,MA,ANE,EN,Towers with Radar,1016,142,19,1,1178,0,29,10,0,39,1016,171,29,1,1217,0,0,0,1217
11/29/2022,BOS,MA,ANE,EN,Towers with Radar,956,121,19,3,1099,0,22,12,2,36,956,143,31,5,1135,0,0,0,1135
11/30/2022,BOS,MA,ANE,EN,Towers with Radar,921,162,32,0,1115,0,6,0,2,8,921,168,32,2,1123,0,0,0,1123
12/01/2022,BOS,MA,ANE,EN,Towers with Radar,943,156,40,5,1144,0,40,9,0,49,943,196,49,5,1193,0,0,0,1193
12/02/2022,BOS,MA,ANE,EN,Towers with Radar,937,127,19,4,1087,0,31,5,0,36,937,158,24,4,1123,0,0,0,1123
12/03/2022,BOS,MA,ANE,EN,Towers with Radar,734,67,8,4,813,0,7,1,0,8,734,74,9,4,821,0,0,0,821
12/04/2022,BOS,MA,ANE,EN,Towers with Radar,871,131,16,0,1018,0,70,20,0,90,871,201,36,0,1108,0,0,0,1108
12/05/2022,BOS,MA,ANE,EN,Towers with Radar,930,143,31,0,1104,0,52,5,0,57,930,195,36,0,1161,0,0,0,1161
12/06/2022,BOS,MA,ANE,EN,Towers with Radar,943,107,23,0,1073,0,36,3,0,39,943,143,26,0,1112,0,0,0,1112
12/07/2022,BOS,MA,ANE,EN,Towers with Radar,905,133,46,0,1084,0,0,5,0,5,905,133,51,0,1089,0,0,0,1089
12/08/2022,BOS,MA,ANE,EN,Towers with Radar,941,132,39,0,1112,0,37,9,2,48,941,169,48,2,1160,0,0,0,1160
12/09/2022,BOS,MA,ANE,EN,Towers with Radar,936,108,24,4,1072,0,35,20,0,55,936,143,44,4,1127,0,0,0,1127
12/10/2022,BOS,MA,ANE,EN,Towers with Radar,725,93,9,2,829,0,1,14,0,15,725,94,23,2,844,0,0,0,844
12/11/2022,BOS,MA,ANE,EN,Towers with Radar,810,118,15,0,943,0,1,10,0,11,810,119,25,0,954,0,0,0,954
12/12/2022,BOS,MA,ANE,EN,Towers with Radar,914,126,19,0,1059,0,19,5,0,24,914,145,24,0,1083,0,0,0,1083
12/13/2022,BOS,MA,ANE,EN,Towers with Radar,928,116,32,0,1076,0,32,9,0,41,928,148,41,0,1117,0,0,0,1117
12/14/2022,BOS,MA,ANE,EN,Towers with Radar,917,104,18,0,1039,0,35,11,8,54,917,139,29,8,1093,0,0,0,1093
12/15/2022,BOS,MA,ANE,EN,Towers with Radar,936,118,31,0,1085,0,4,0,1,5,936,122,31,1,1090,0,0,0,1090
12/16/2022,BOS,MA,ANE,EN,Towers with Radar,907,89,16,0,1012,0,0,0,0,0,907,89,16,0,1012,0,0,0,1012
12/17/2022,BOS,MA,ANE,EN,Towers with Radar,789,88,9,0,886,0,3,12,0,15,789,91,21,0,901,0,0,0,901
12/18/2022,BOS,MA,ANE,EN,Towers with Radar,843,88,6,0,937,0,33,13,0,46,843,121,19,0,983,0,0,0,983
12/19/2022,BOS,MA,ANE,EN,Towers with Radar,857,103,22,0,982,0,30,10,3,43,857,133,32,3,1025,0,0,0,1025
12/20/2022,BOS,MA,ANE,EN,Towers with Radar,869,98,19,0,986,0,35,16,2,53,869,133,35,2,1039,0,0,0,1039
12/21/2022,BOS,MA,ANE,EN,Towers with Radar,870,102,16,1,989,0,35,8,0,43,870,137,24,1,1032,0,0,0,1032
12/22/2022,BOS,MA,ANE,EN,Towers with Radar,838,103,12,0,953,0,25,7,0,32,838,128,19,0,985,0,0,0,985
12/23/2022,BOS,MA,ANE,EN,Towers with Radar,651,27,8,0,686,0,0,0,0,0,651,27,8,0,686,0,0,0,686
12/24/2022,BOS,MA,ANE,EN,Towers with Radar,606,71,8,0,685,0,23,5,0,28,606,94,13,0,713,0,0,0,713
12/25/2022,BOS,MA,ANE,EN,Towers with Radar,574,31,2,0,607,0,18,1,0,19,574,49,3,0,626,0,0,0,626
12/26/2022,BOS,MA,ANE,EN,Towers with Radar,720,79,11,0,810,0,39,15,2,56,720,118,26,2,866,0,0,0,866
12/27/2022,BOS,MA,ANE,EN,Towers with Radar,775,78,17,0,870,0,27,21,1,49,775,105,38,1,919,0,0,0,919
12/28/2022,BOS,MA,ANE,EN,Towers with Radar,775,86,11,0,872,0,26,4,0,30,775,112,15,0,902,0,0,0,902
12/29/2022,BOS,MA,ANE,EN,Towers with Radar,786,77,11,0,874,0,36,14,2,52,786,113,25,2,926,0,0,0,926
12/30/2022,BOS,MA,ANE,EN,Towers with Radar,800,86,6,0,892,0,30,18,0,48,800,116,24,0,940,0,0,0,940
12/31/2022,BOS,MA,ANE,EN,Towers with Radar,704,79,6,0,789,0,0,0,0,0,704,79,6,0,789,0,0,0,789
01/01/2023,BOS,MA,ANE,EN,Towers with Radar,684,67,16,0,767,0,40,10,0,50,684,107,26,0,817,0,0,0,817
01/02/2023,BOS,MA,ANE,EN,Towers with Radar,768,79,28,0,875,0,40,15,0,55,768,119,43,0,930,0,0,0,930
01/03/2023,BOS,MA,ANE,EN,Towers with Radar,822,110,14,0,946,0,0,0,0,0,822,110,14,0,946,0,0,0,946
01/04/2023,BOS,MA,ANE,EN,Towers with Radar,774,110,22,0,906,0,0,0,0,0,774,110,22,0,906,0,0,0,906
01/05/2023,BOS,MA,ANE,EN,Towers with Radar,796,105,20,0,921,0,0,0,0,0,796,105,20,0,921,0,0,0,921
01/06/2023,BOS,MA,ANE,EN,Towers with Radar,776,105,14,0,895,0,0,0,0,0,776,105,14,0,895,0,0,0,895
01/07/2023,BOS,MA,ANE,EN,Towers with Radar,714,90,18,0,822,0,9,26,0,35,714,99,44,0,857,0,0,0,857
01/08/2023,BOS,MA,ANE,EN,Towers with Radar,821,90,11,0,922,0,43,13,3,59,821,133,24,3,981,0,0,0,981
01/09/2023,BOS,MA,ANE,EN,Towers with Radar,904,93,14,0,1011,0,17,8,4,29,904,110,22,4,1040,0,0,0,1040
01/10/2023,BOS,MA,ANE,EN,Towers with Radar,861,88,20,0,969,0,30,9,0,39,861,118,29,0,1008,0,0,0,1008
01/11/2023,BOS,MA,ANE,EN,Towers with Radar,810,118,30,2,960,0,26,6,4,36,810,144,36,6,996,0,0,0,996
01/12/2023,BOS,MA,ANE,EN,Towers with Radar,896,111,24,0,1031,0,4,0,0,4,896,115,24,0,1035,0,0,0,1035
01/13/2023,BOS,MA,ANE,EN,Towers with Radar,880,103,14,2,999,0,0,0,0,0,880,103,14,2,999,0,0,0,999
01/14/2023,BOS,MA,ANE,EN,Towers with Radar,707,85,1,0,793,0,1,0,0,1,707,86,1,0,794,0,0,0,794
01/15/2023,BOS,MA,ANE,EN,Towers with Radar,780,73,7,0,860,0,1,2,0,3,780,74,9,0,863,0,0,0,863
01/16/2023,BOS,MA,ANE,EN,Towers with Radar,844,91,11,0,946,0,0,2,0,2,844,91,13,0,948,0,0,0,948
01/17/2023,BOS,MA,ANE,EN,Towers with Radar,868,97,11,0,976,0,31,13,2,46,868,128,24,2,1022,0,0,0,1022
01/18/2023,BOS,MA,ANE,EN,Towers with Radar,854,110,13,0,977,0,26,5,2,33,854,136,18,2,1010,0,0,0,1010
01/19/2023,BOS,MA,ANE,EN,Towers with Radar,881,95,10,0,986,0,16,2,0,18,881,111,12,0,1004,0,0,0,1004
01/20/2023,BOS,MA,ANE,EN,Towers with Radar,883,107,21,0,1011,0,0,0,0,0,883,107,21,0,1011,0,0,0,1011
01/21/2023,BOS,MA,ANE,EN,Towers with Radar,699,89,5,0,793,0,4,21,0,25,699,93,26,0,818,0,0,0,818
01/22/2023,BOS,MA,ANE,EN,Towers with Radar,822,120,6,0,948,0,4,8,0,12,822,124,14,0,960,0,0,0,960
01/23/2023,BOS,MA,ANE,EN,Towers with Radar,783,58,9,0,850,0,0,0,0,0,783,58,9,0,850,0,0,0,850
01/24/2023,BOS,MA,ANE,EN,Towers with Radar,895,106,20,1,1022,0,21,8,4,33,895,127,28,5,1055,0,0,0,1055
01/25/2023,BOS,MA,ANE,EN,Towers with Radar,849,115,20,0,984,0,17,0,2,19,849,132,20,2,1003,0,0,0,1003
01/26/2023,BOS,MA,ANE,EN,Towers with Radar,904,110,19,0,1033,0,10,2,0,12,904,120,21,0,1045,0,0,0,1045
01/27/2023,BOS,MA,ANE,EN,Towers with Radar,894,98,20,1,1013,0,39,6,2,47,894,137,26,3,1060,0,0,0,1060
01/28/2023,BOS,MA,ANE,EN,Towers with Radar,709,60,14,0,783,0,37,23,0,60,709,97,37,0,843,0,0,0,843
01/29/2023,BOS,MA,ANE,EN,Towers with Radar,843,97,14,0,954,0,28,9,0,37,843,125,23,0,991,0,0,0,991
01/30/2023,BOS,MA,ANE,EN,Towers with Radar,881,97,14,0,992,0,24,0,2,26,881,121,14,2,1018,0,0,0,1018
01/31/2023,BOS,MA,ANE,EN,Towers with Radar,842,93,19,0,954,0,17,6,2,25,842,110,25,2,979,0,0,0,979
02/01/2023,BOS,MA,ANE,EN,Towers with Radar,829,114,18,0,961,0,22,4,0,26,829,136,22,0,987,0,0,0,987
02/02/2023,BOS,MA,ANE,EN,Towers with Radar,890,96,18,0,1004,0,32,14,0,46,890,128,32,0,1050,0,0,0,1050
02/03/2023,BOS,MA,ANE,EN,Towers with Radar,859,79,8,0,946,0,12,0,0,12,859,91,8,0,958,0,0,0,958
02/04/2023,BOS,MA,ANE,EN,Towers with Radar,648,46,21,0,715,0,18,2,0,20,648,64,23,0,735,0,0,0,735
02/05/2023,BOS,MA,ANE,EN,Towers with Radar,859,89,21,0,969,0,35,8,2,45,859,124,29,2,1014,0,0,0,1014
02/06/2023,BOS,MA,ANE,EN,Towers with Radar,894,106,30,0,1030,0,28,5,0,33,894,134,35,0,1063,0,0,0,1063
02/07/2023,BOS,MA,ANE,EN,Towers with Radar,867,91,31,0,989,0,34,8,0,42,867,125,39,0,1031,0,0,0,1031
02/08/2023,BOS,MA,ANE,EN,Towers with Radar,876,117,29,0,1022,0,28,8,4,40,876,145,37,4,1062,0,0,0,1062
02/09/2023,BOS,MA,ANE,EN,Towers with Radar,915,108,24,0,1047,0,20,18,0,38,915,128,42,0,1085,0,0,0,1085
02/10/2023,BOS,MA,ANE,EN,Towers with Radar,915,113,27,0,1055,0,22,15,0,37,915,135,42,0,1092,0,0,0,1092
02/11/2023,BOS,MA,ANE,EN,Towers with Radar,717,68,4,0,789,0,37,25,0,62,717,105,29,0,851,0,0,0,851
02/12/2023,BOS,MA,ANE,EN,Towers with Radar,838,83,14,0,935,0,41,11,0,52,838,124,25,0,987,0,0,0,987
02/13/2023,BOS,MA,ANE,EN,Towers with Radar,900,119,16,0,1035,0,3,6,0,9,900,122,22,0,1044,0,0,0,1044
02/14/2023,BOS,MA,ANE,EN,Towers with Radar,886,102,25,0,1013,0,22,49,0,71,886,124,74,0,1084,0,0,0,1084
02/15/2023,BOS,MA,ANE,EN,Towers with Radar,884,106,14,0,1004,0,32,14,0,46,884,138,28,0,1050,0,0,0,1050
02/16/2023,BOS,MA,ANE,EN,Towers with Radar,927,120,19,0,1066,0,29,9,0,38,927,149,28,0,1104,0,0,0,1104
02/17/2023,BOS,MA,ANE,EN,Towers with Radar,940,109,11,0,1060,0,0,0,0,0,940,109,11,0,1060,0,0,0,1060
02/18/2023,BOS,MA,ANE,EN,Towers with Radar,789,67,8,0,864,0,35,41,0,76,789,102,49,0,940,0,0,0,940
02/19/2023,BOS,MA,ANE,EN,Towers with Radar,871,77,11,0,959,0,36,21,0,57,871,113,32,0,1016,0,0,0,1016
02/20/2023,BOS,MA,ANE,EN,Towers with Radar,939,101,21,0,1061,0,14,6,0,20,939,115,27,0,1081,0,0,0,1081
02/21/2023,BOS,MA,ANE,EN,Towers with Radar,938,120,28,0,1086,0,1,0,0,1,938,121,28,0,1087,0,0,0,1087
02/22/2023,BOS,MA,ANE,EN,Towers with Radar,887,92,22,0,1001,0,25,6,0,31,887,117,28,0,1032,0,0,0,1032
02/23/2023,BOS,MA,ANE,EN,Towers with Radar,804,50,9,0,863,0,0,0,0,0,804,50,9,0,863,0,0,0,863
02/24/2023,BOS,MA,ANE,EN,Towers with Radar,961,81,19,0,1061,0,20,1,2,23,961,101,20,2,1084,0,0,0,1084
02/25/2023,BOS,MA,ANE,EN,Towers with Radar,773,80,7,0,860,0,20,0,1,21,773,100,7,1,881,0,0,0,881
02/26/2023,BOS,MA,ANE,EN,Towers with Radar,897,104,18,0,1019,0,2,16,0,18,897,106,34,0,1037,0,0,0,1037
02/27/2023,BOS,MA,ANE,EN,Towers with Radar,920,98,32,0,1050,0,29,6,0,35,920,127,38,0,1085,0,0,0,1085
02/28/2023,BOS,MA,ANE,EN,Towers with Radar,845,115,26,0,986,0,0,0,0,0,845,115,26,0,986,0,0,0,986
03/01/2023,BOS,MA,ANE,EN,Towers with Radar,951,132,36,0,1119,0,28,12,0,40,951,160,48,0,1159,0,0,0,1159
03/02/2023,BOS,MA,ANE,EN,Towers with Radar,949,140,29,0,1118,0,0,2,0,2,949,140,31,0,1120,0,0,0,1120
03/03/2023,BOS,MA,ANE,EN,Towers with Radar,911,97,26,0,1034,0,39,6,0,45,911,136,32,0,1079,0,0,0,1079
03/04/2023,BOS,MA,ANE,EN,Towers with Radar,619,49,5,0,673,0,0,0,0,0,619,49,5,0,673,0,0,0,673
03/05/2023,BOS,MA,ANE,EN,Towers with Radar,896,101,14,1,1012,0,28,7,0,35,896,129,21,1,1047,0,0,0,1047
03/06/2023,BOS,MA,ANE,EN,Towers with Radar,958,88,28,0,1074,0,34,9,0,43,958,122,37,0,1117,0,0,0,1117
03/07/2023,BOS,MA,ANE,EN,Towers with Radar,946,117,36,0,1099,0,22,9,0,31,946,139,45,0,1130,0,0,0,1130
03/08/2023,BOS,MA,ANE,EN,Towers with Radar,930,121,29,1,1081,0,11,16,0,27,930,132,45,1,1108,0,0,0,1108
03/09/2023,BOS,MA,ANE,EN,Towers with Radar,1015,135,24,0,1174,0,25,11,0,36,1015,160,35,0,1210,0,0,0,1210
03/10/2023,BOS,MA,ANE,EN,Towers with Radar,961,103,16,0,1080,0,35,10,2,47,961,138,26,2,1127,0,0,0,1127
03/11/2023,BOS,MA,ANE,EN,Towers with Radar,766,88,19,0,873,0,3,6,1,10,766,91,25,1,883,0,0,0,883
03/12/2023,BOS,MA,ANE,EN,Towers with Radar,916,105,13,0,1034,0,19,14,0,33,916,124,27,0,1067,0,0,0,1067
03/13/2023,BOS,MA,ANE,EN,Towers with Radar,966,136,21,0,1123,0,9,0,0,9,966,145,21,0,1132,0,0,0,1132
03/14/2023,BOS,MA,ANE,EN,Towers with Radar,705,28,10,2,745,0,0,0,0,0,705,28,10,2,745,0,0,0,745
03/15/2023,BOS,MA,ANE,EN,Towers with Radar,953,119,16,0,1088,0,10,5,2,17,953,129,21,2,1105,0,0,0,1105
03/16/2023,BOS,MA,ANE,EN,Towers with Radar,989,112,20,0,1121,0,29,2,0,31,989,141,22,0,1152,0,0,0,1152
03/17/2023,BOS,MA,ANE,EN,Towers with Radar,985,106,11,0,1102,0,29,7,0,36,985,135,18,0,1138,0,0,0,1138
03/18/2023,BOS,MA,ANE,EN,Towers with Radar,782,94,7,0,883,0,14,10,0,24,782,108,17,0,907,0,0,0,907
03/19/2023,BOS,MA,ANE,EN,Towers with Radar,921,111,18,0,1050,0,23,1,3,27,921,134,19,3,1077,0,0,0,1077
03/20/2023,BOS,MA,ANE,EN,Towers with Radar,973,100,25,0,1098,0,38,19,2,59,973,138,44,2,1157,0,0,0,1157
03/21/2023,BOS,MA,ANE,EN,Towers with Radar,970,110,22,0,1102,0,33,12,0,45,970,143,34,0,1147,0,0,0,1147
03/22/2023,BOS,MA,ANE,EN,Towers with Radar,972,115,23,1,1111,0,25,10,0,35,972,140,33,1,1146,0,0,0,1146
03/23/2023,BOS,MA,ANE,EN,Towers with Radar,980,135,23,0,1138,0,4,7,0,11,980,139,30,0,1149,0,0,0,1149
03/24/2023,BOS,MA,ANE,EN,Towers with Radar,994,116,21,0,1131,0,29,3,0,32,994,145,24,0,1163,0,0,0,1163
03/25/2023,BOS,MA,ANE,EN,Towers with Radar,780,92,12,0,884,0,9,2,0,11,780,101,14,0,895,0,0,0,895
03/26/2023,BOS,MA,ANE,EN,Towers with Radar,902,120,20,0,1042,0,14,22,0,36,902,134,42,0,1078,0,0,0,1078
03/27/2023,BOS,MA,ANE,EN,Towers with Radar,971,111,18,0,1100,1,32,12,0,45,972,143,30,0,1145,0,0,0,1145
03/28/2023,BOS,MA,ANE,EN,Towers with Radar,956,139,20,0,1115,0,7,10,0,17,956,146,30,0,1132,0,0,0,1132
03/29/2023,BOS,MA,ANE,EN,Towers with Radar,962,100,29,0,1091,0,33,13,0,46,962,133,42,0,1137,0,0,0,1137
03/30/2023,BOS,MA,ANE,EN,Towers with Radar,993,110,18,0,1121,0,32,13,0,45,993,142,31,0,1166,0,0,0,1166
03/31/2023,BOS,MA,ANE,EN,Towers with Radar,961,105,16,0,1082,0,30,0,0,30,961,135,16,0,1112,0,0,0,1112
04/01/2023,BOS,MA,ANE,EN,Towers with Radar,764,96,13,0,873,0,0,0,0,0,764,96,13,0,873,0,0,0,873
04/02/2023,BOS,MA,ANE,EN,Towers with Radar,908,130,24,1,1063,0,28,18,0,46,908,158,42,1,1109,0,0,0,1109
04/03/2023,BOS,MA,ANE,EN,Towers with Radar,956,109,18,1,1084,0,28,3,0,31,956,137,21,1,1115,0,0,0,1115
04/04/2023,BOS,MA,ANE,EN,Towers with Radar,965,165,27,2,1159,0,13,7,0,20,965,178,34,2,1179,0,0,0,1179
04/05/2023,BOS,MA,ANE,EN,Towers with Radar,949,145,23,0,1117,0,1,5,1,7,949,146,28,1,1124,0,0,0,1124
04/06/2023,BOS,MA,ANE,EN,Towers with Radar,995,152,23,0,1170,0,1,0,0,1,995,153,23,0,1171,0,0,0,1171
04/07/2023,BOS,MA,ANE,EN,Towers with Radar,999,101,6,0,1106,0,42,14,0,56,999,143,20,0,1162,0,0,0,1162
04/08/2023,BOS,MA,ANE,EN,Towers with Radar,812,89,4,1,906,0,47,17,0,64,812,136,21,1,970,0,0,0,970
04/09/2023,BOS,MA,ANE,EN,Towers with Radar,941,87,12,0,1040,0,46,18,0,64,941,133,30,0,1104,0,0,0,1104
04/10/2023,BOS,MA,ANE,EN,Towers with Radar,987,103,27,0,1117,0,34,18,0,52,987,137,45,0,1169,0,0,0,1169
04/11/2023,BOS,MA,ANE,EN,Towers with Radar,977,98,33,0,1108,0,29,8,2,39,977,127,41,2,1147,0,0,0,1147
04/12/2023,BOS,MA,ANE,EN,Towers with Radar,972,105,19,0,1096,0,36,19,0,55,972,141,38,0,1151,0,0,0,1151
04/13/2023,BOS,MA,ANE,EN,Towers with Radar,993,120,21,0,1134,0,44,21,2,67,993,164,42,2,1201,0,0,0,1201
04/14/2023,BOS,MA,ANE,EN,Towers with Radar,1008,127,19,2,1156,0,51,11,2,64,1008,178,30,4,1220,0,0,0,1220
04/15/2023,BOS,MA,ANE,EN,Towers with Radar,828,126,27,0,981,0,6,15,0,21,828,132,42,0,1002,0,0,0,1002
04/16/2023,BOS,MA,ANE,EN,Towers with Radar,934,144,26,0,1104,0,0,0,0,0,934,144,26,0,1104,0,0,0,1104
04/17/2023,BOS,MA,ANE,EN,Towers with Radar,1000,109,18,2,1129,0,0,0,0,0,1000,109,18,2,1129,0,0,0,1129
04/18/2023,BOS,MA,ANE,EN,Towers with Radar,1015,141,31,0,1187,0,26,9,1,36,1015,167,40,1,1223,0,0,0,1223
04/19/2023,BOS,MA,ANE,EN,Towers with Radar,983,133,23,0,1139,0,30,12,6,48,983,163,35,6,1187,0,0,0,1187
04/20/2023,BOS,MA,ANE,EN,Towers with Radar,1002,126,17,0,1145,0,38,14,0,52,1002,164,31,0,1197,0,0,0,1197
04/21/2023,BOS,MA,ANE,EN,Towers with Radar,1014,115,17,0,1146,0,33,20,0,53,1014,148,37,0,1199,0,0,0,1199
04/22/2023,BOS,MA,ANE,EN,Towers with Radar,823,116,9,0,948,0,2,20,4,26,823,118,29,4,974,0,0,0,974
04/23/2023,BOS,MA,ANE,EN,Towers with Radar,975,142,18,0,1135,0,0,0,0,0,975,142,18,0,1135,0,0,0,1135
04/24/2023,BOS,MA,ANE,EN,Towers with Radar,1016,146,30,0,1192,0,5,7,0,12,1016,151,37,0,1204,0,0,0,1204
04/25/2023,BOS,MA,ANE,EN,Towers with Radar,987,156,34,0,1177,0,17,12,0,29,987,173,46,0,1206,0,0,0,1206
04/26/2023,BOS,MA,ANE,EN,Towers with Radar,970,147,20,0,1137,0,6,7,0,13,970,153,27,0,1150,0,0,0,1150
04/27/2023,BOS,MA,ANE,EN,Towers with Radar,1005,189,26,0,1220,0,14,3,0,17,1005,203,29,0,1237,0,0,0,1237
04/28/2023,BOS,MA,ANE,EN,Towers with Radar,1010,115,33,0,1158,0,45,10,2,57,1010,160,43,2,1215,0,0,0,1215
04/29/2023,BOS,MA,ANE,EN,Towers with Radar,812,102,7,0,921,0,16,6,2,24,812,118,13,2,945,0,0,0,945
04/30/2023,BOS,MA,ANE,EN,Towers with Radar,877,117,19,0,1013,0,0,0,0,0,877,117,19,0,1013,0,0,0,1013
05/01/2023,BOS,MA,ANE,EN,Towers with Radar,1034,127,36,0,1197,0,17,13,0,30,1034,144,49,0,1227,0,0,0,1227
05/02/2023,BOS,MA,ANE,EN,Towers with Radar,1001,136,26,0,1163,0,17,4,0,21,1001,153,30,0,1184,0,0,0,1184
05/03/2023,BOS,MA,ANE,EN,Towers with Radar,981,172,39,0,1192,0,18,8,0,26,981,190,47,0,1218,0,0,0,1218
05/04/2023,BOS,MA,ANE,EN,Towers with Radar,1004,179,30,0,1213,0,3,5,0,8,1004,182,35,0,1221,0,0,0,1221
05/05/2023,BOS,MA,ANE,EN,Towers with Radar,983,152,17,0,1152,0,11,15,0,26,983,163,32,0,1178,0,0,0,1178
05/06/2023,BOS,MA,ANE,EN,Towers with Radar,809,68,15,0,892,0,64,38,0,102,809,132,53,0,994,0,0,0,994
05/07/2023,BOS,MA,ANE,EN,Towers with Radar,905,119,15,0,1039,0,54,23,0,77,905,173,38,0,1116,0,0,0,1116
05/08/2023,BOS,MA,ANE,EN,Towers with Radar,1003,136,24,0,1163,0,35,8,0,43,1003,171,32,0,1206,0,0,0,1206
05/09/2023,BOS,MA,ANE,EN,Towers with Radar,970,121,34,2,1127,0,38,75,0,113,970,159,109,2,1240,0,0,0,1240
05/10/2023,BOS,MA,ANE,EN,Towers with Radar,963,135,39,0,1137,0,39,10,0,49,963,174,49,0,1186,0,0,0,1186
05/11/2023,BOS,MA,ANE,EN,Towers with Radar,1006,135,41,0,1182,0,45,18,0,63,1006,180,59,0,1245,0,0,0,1245
05/12/2023,BOS,MA,ANE,EN,Towers with Radar,1001,102,25,0,1128,0,59,15,0,74,1001,161,40,0,1202,0,0,0,1202
05/13/2023,BOS,MA,ANE,EN,Towers with Radar,826,76,6,0,908,0,56,26,2,84,826,132,32,2,992,0,0,0,992
05/14/2023,BOS,MA,ANE,EN,Towers with Radar,923,125,22,0,1070,0,52,16,0,68,923,177,38,0,1138,0,0,0,1138
05/15/2023,BOS,MA,ANE,EN,Towers with Radar,989,129,37,0,1155,0,41,24,2,67,989,170,61,2,1222,0,0,0,1222
05/16/2023,BOS,MA,ANE,EN,Towers with Radar,985,129,25,0,1139,0,44,9,0,53,985,173,34,0,1192,0,0,0,1192
05/17/2023,BOS,MA,ANE,EN,Towers with Radar,987,162,53,0,1202,0,46,4,2,52,987,208,57,2,1254,0,0,0,1254
05/18/2023,BOS,MA,ANE,EN,Towers with Radar,1013,160,27,0,1200,0,83,14,0,97,1013,243,41,0,1297,0,0,0,1297
05/19/2023,BOS,MA,ANE,EN,Towers with Radar,995,132,36,0,1163,0,63,13,2,78,995,195,49,2,1241,0,0,0,1241
05/20/2023,BOS,MA,ANE,EN,Towers with Radar,822,131,16,1,970,0,6,3,0,9,822,137,19,1,979,0,0,0,979
05/21/2023,BOS,MA,ANE,EN,Towers with Radar,957,163,36,0,1156,0,46,16,0,62,957,209,52,0,1218,0,0,0,1218
05/22/2023,BOS,MA,ANE,EN,Towers with Radar,997,159,51,5,1212,0,57,15,1,73,997,216,66,6,1285,0,0,0,1285
05/23/2023,BOS,MA,ANE,EN,Towers with Radar,982,161,39,1,1183,0,46,16,0,62,982,207,55,1,1245,0,0,0,1245
05/24/2023,BOS,MA,ANE,EN,Towers with Radar,979,158,43,0,1180,0,41,5,0,46,979,199,48,0,1226,0,0,0,1226
05/25/2023,BOS,MA,ANE,EN,Towers with Radar,1007,174,32,0,1213,0,53,10,0,63,1007,227,42,0,1276,0,0,0,1276
05/26/2023,BOS,MA,ANE,EN,Towers with Radar,994,118,15,0,1127,0,75,22,0,97,994,193,37,0,1224,0,0,0,1224
05/27/2023,BOS,MA,ANE,EN,Towers with Radar,822,48,8,0,878,0,62,18,0,80,822,110,26,0,958,0,0,0,958
05/28/2023,BOS,MA,ANE,EN,Towers with Radar,854,49,4,0,907,0,56,19,0,75,854,105,23,0,982,0,0,0,982
05/29/2023,BOS,MA,ANE,EN,Towers with Radar,965,121,31,0,1117,0,65,19,0,84,965,186,50,0,1201,0,0,0,1201
05/30/2023,BOS,MA,ANE,EN,Towers with Radar,968,121,33,0,1122,0,61,7,1,69,968,182,40,1,1191,0,0,0,1191
05/31/2023,BOS,MA,ANE,EN,Towers with Radar,980,114,57,4,1155,0,41,14,0,55,980,155,71,4,1210,0,0,0,1210
06/01/2023,BOS,MA,ANE,EN,Towers with Radar,1007,143,45,0,1195,1,47,28,2,78,1008,190,73,2,1273,0,0,0,1273
06/02/2023,BOS,MA,ANE,EN,Towers with Radar,958,90,20,0,1068,1,53,16,0,70,959,143,36,0,1138,0,0,0,1138
06/03/2023,BOS,MA,ANE,EN,Towers with Radar,851,123,17,1,992,1,0,0,0,1,852,123,17,1,993,0,0,0,993
06/04/2023,BOS,MA,ANE,EN,Towers with Radar,941,144,21,1,1107,1,3,5,0,9,942,147,26,1,1116,0,0,0,1116
06/05/2023,BOS,MA,ANE,EN,Towers with Radar,1004,170,38,0,1212,0,6,4,0,10,1004,176,42,0,1222,0,0,0,1222
06/06/2023,BOS,MA,ANE,EN,Towers with Radar,975,131,51,0,1157,1,29,7,2,39,976,160,58,2,1196,0,0,0,1196
06/07/2023,BOS,MA,ANE,EN,Towers with Radar,975,136,51,0,1162,0,28,7,1,36,975,164,58,1,1198,0,0,0,1198
06/08/2023,BOS,MA,ANE,EN,Towers with Radar,1003,137,23,2,1165,1,38,5,0,44,1004,175,28,2,1209,0,0,0,1209
06/09/2023,BOS,MA,ANE,EN,Towers with Radar,989,130,22,2,1143,1,18,14,0,33,990,148,36,2,1176,0,0,0,1176
06/10/2023,BOS,MA,ANE,EN,Towers with Radar,844,117,10,0,971,1,12,10,2,25,845,129,20,2,996,0,0,0,996
06/11/2023,BOS,MA,ANE,EN,Towers with Radar,923,92,24,0,1039,1,62,31,2,96,924,154,55,2,1135,0,0,0,1135
06/12/2023,BOS,MA,ANE,EN,Towers with Radar,986,122,41,0,1149,0,46,15,0,61,986,168,56,0,1210,0,0,0,1210
06/13/2023,BOS,MA,ANE,EN,Towers with Radar,994,184,29,0,1207,1,2,2,0,5,995,186,31,0,1212,0,0,0,1212
06/14/2023,BOS,MA,ANE,EN,Towers with Radar,960,143,29,1,1133,0,26,10,3,39,960,169,39,4,1172,0,0,0,1172
06/15/2023,BOS,MA,ANE,EN,Towers with Radar,986,162,31,1,1180,1,40,20,0,61,987,202,51,1,1241,0,0,0,1241
06/16/2023,BOS,MA,ANE,EN,Towers with Radar,952,125,14,1,1092,1,57,20,0,78,953,182,34,1,1170,0,0,0,1170
06/17/2023,BOS,MA,ANE,EN,Towers with Radar,823,132,25,0,980,1,3,0,0,4,824,135,25,0,984,0,0,0,984
06/18/2023,BOS,MA,ANE,EN,Towers with Radar,913,157,17,0,1087,1,16,9,0,26,914,173,26,0,1113,0,0,0,1113
06/19/2023,BOS,MA,ANE,EN,Towers with Radar,973,162,24,0,1159,1,19,11,0,31,974,181,35,0,1190,0,0,0,1190
06/20/2023,BOS,MA,ANE,EN,Towers with Radar,964,148,21,0,1133,1,41,10,1,53,965,189,31,1,1186,0,0,0,1186
06/21/2023,BOS,MA,ANE,EN,Towers with Radar,952,167,26,0,1145,1,41,18,0,60,953,208,44,0,1205,0,0,0,1205
06/22/2023,BOS,MA,ANE,EN,Towers with Radar,981,165,43,0,1189,1,34,4,0,39,982,199,47,0,1228,0,0,0,1228
06/23/2023,BOS,MA,ANE,EN,Towers with Radar,963,184,27,2,1176,1,7,7,0,15,964,191,34,2,1191,0,0,0,1191
06/24/2023,BOS,MA,ANE,EN,Towers with Radar,828,158,24,1,1011,1,3,18,0,22,829,161,42,1,1033,0,0,0,1033
06/25/2023,BOS,MA,ANE,EN,Towers with Radar,868,136,20,2,1026,1,17,19,0,37,869,153,39,2,1063,0,0,0,1063
06/26/2023,BOS,MA,ANE,EN,Towers with Radar,799,150,34,2,985,1,7,4,1,13,800,157,38,3,998,0,0,0,998
06/27/2023,BOS,MA,ANE,EN,Towers with Radar,839,182,38,0,1059,1,9,7,0,17,840,191,45,0,1076,0,0,0,1076
06/28/2023,BOS,MA,ANE,EN,Towers with Radar,905,196,38,0,1139,1,11,4,0,16,906,207,42,0,1155,0,0,0,1155
06/29/2023,BOS,MA,ANE,EN,Towers with Radar,980,182,35,0,1197,1,24,3,0,28,981,206,38,0,1225,0,0,0,1225
06/30/2023,BOS,MA,ANE,EN,Towers with Radar,991,196,36,0,1223,1,36,13,0,50,992,232,49,0,1273,0,0,0,1273
07/01/2023,BOS,MA,ANE,EN,Towers with Radar,867,142,16,0,1025,1,0,8,0,9,868,142,24,0,1034,0,0,0,1034
07/02/2023,BOS,MA,ANE,EN,Towers with Radar,884,155,9,0,1048,1,4,0,0,5,885,159,9,0,1053,0,0,0,1053
07/03/2023,BOS,MA,ANE,EN,Towers with Radar,836,137,9,0,982,1,7,4,0,12,837,144,13,0,994,0,0,0,994
07/04/2023,BOS,MA,ANE,EN,Towers with Radar,779,130,20,0,929,1,6,1,0,8,780,136,21,0,937,0,0,0,937
07/05/2023,BOS,MA,ANE,EN,Towers with Radar,936,130,26,0,1092,0,35,9,0,44,936,165,35,0,1136,0,0,0,1136
07/06/2023,BOS,MA,ANE,EN,Towers with Radar,962,129,24,0,1115,1,41,4,0,46,963,170,28,0,1161,0,0,0,1161
07/07/2023,BOS,MA,ANE,EN,Towers with Radar,881,132,16,2,1031,1,35,6,0,42,882,167,22,2,1073,0,0,0,1073
07/08/2023,BOS,MA,ANE,EN,Towers with Radar,855,156,12,0,1023,1,6,6,0,13,856,162,18,0,1036,0,0,0,1036
07/09/2023,BOS,MA,ANE,EN,Towers with Radar,753,149,19,0,921,1,7,7,0,15,754,156,26,0,936,0,0,0,936
07/10/2023,BOS,MA,ANE,EN,Towers with Radar,964,112,22,0,1098,0,0,0,0,0,964,112,22,0,1098,0,0,0,1098
07/11/2023,BOS,MA,ANE,EN,Towers with Radar,1007,113,28,0,1148,1,59,18,0,78,1008,172,46,0,1226,0,0,0,1226
07/12/2023,BOS,MA,ANE,EN,Towers with Radar,998,119,21,0,1138,0,53,19,4,76,998,172,40,4,1214,0,0,0,1214
07/13/2023,BOS,MA,ANE,EN,Towers with Radar,956,135,32,0,1123,1,36,14,2,53,957,171,46,2,1176,0,0,0,1176
07/14/2023,BOS,MA,ANE,EN,Towers with Radar,907,125,27,0,1059,1,27,12,2,42,908,152,39,2,1101,0,0,0,1101
07/15/2023,BOS,MA,ANE,EN,Towers with Radar,849,129,19,0,997,1,23,27,2,53,850,152,46,2,1050,0,0,0,1050
07/16/2023,BOS,MA,ANE,EN,Towers with Radar,724,128,17,0,869,1,1,0,0,2,725,129,17,0,871,0,0,0,871
07/17/2023,BOS,MA,ANE,EN,Towers with Radar,978,161,33,0,1172,0,19,12,0,31,978,180,45,0,1203,0,0,0,1203
07/18/2023,BOS,MA,ANE,EN,Towers with Radar,964,135,23,0,1122,0,8,2,0,10,964,143,25,0,1132,0,0,0,1132
07/19/2023,BOS,MA,ANE,EN,Towers with Radar,1002,152,15,2,1171,0,28,5,0,33,1002,180,20,2,1204,0,0,0,1204
07/20/2023,BOS,MA,ANE,EN,Towers with Radar,1017,119,18,0,1154,0,74,5,4,83,1017,193,23,4,1237,0,0,0,1237
07/21/2023,BOS,MA,ANE,EN,Towers with Radar,920,159,24,0,1103,0,13,5,1,19,920,172,29,1,1122,0,0,0,1122
07/22/2023,BOS,MA,ANE,EN,Towers with Radar,939,161,11,1,1112,0,18,1,0,19,939,179,12,1,1131,0,0,0,1131
07/23/2023,BOS,MA,ANE,EN,Towers with Radar,969,116,14,0,1099,0,79,8,0,87,969,195,22,0,1186,0,0,0,1186
07/24/2023,BOS,MA,ANE,EN,Towers with Radar,1013,113,19,0,1145,0,64,7,0,71,1013,177,26,0,1216,0,0,0,1216
07/25/2023,BOS,MA,ANE,EN,Towers with Radar,912,109,14,0,1035,0,39,6,0,45,912,148,20,0,1080,0,0,0,1080
07/26/2023,BOS,MA,ANE,EN,Towers with Radar,1008,143,39,0,1190,0,65,14,0,79,1008,208,53,0,1269,0,0,0,1269
07/27/2023,BOS,MA,ANE,EN,Towers with Radar,952,135,24,0,1111,0,22,4,0,26,952,157,28,0,1137,0,0,0,1137
07/28/2023,BOS,MA,ANE,EN,Towers with Radar,1002,146,15,2,1165,0,51,11,0,62,1002,197,26,2,1227,0,0,0,1227
07/29/2023,BOS,MA,ANE,EN,Towers with Radar,801,108,11,4,924,0,32,1,0,33,801,140,12,4,957,0,0,0,957
07/30/2023,BOS,MA,ANE,EN,Towers with Radar,970,132,21,0,1123,0,51,2,0,53,970,183,23,0,1176,0,0,0,1176
07/31/2023,BOS,MA,ANE,EN,Towers with Radar,1014,114,21,0,1149,0,73,15,0,88,1014,187,36,0,1237,0,0,0,1237
08/01/2023,BOS,MA,ANE,EN,Towers with Radar,1001,132,31,0,1164,0,76,13,0,89,1001,208,44,0,1253,0,0,0,1253
08/02/2023,BOS,MA,ANE,EN,Towers with Radar,995,117,28,0,1140,0,68,9,3,80,995,185,37,3,1220,0,0,0,1220
08/03/2023,BOS,MA,ANE,EN,Towers with Radar,1020,114,16,0,1150,0,61,10,0,71,1020,175,26,0,1221,0,0,0,1221
08/04/2023,BOS,MA,ANE,EN,Towers with Radar,987,144,13,0,1144,0,26,8,0,34,987,170,21,0,1178,0,0,0,1178
08/05/2023,BOS,MA,ANE,EN,Towers with Radar,869,142,12,0,1023,0,32,3,0,35,869,174,15,0,1058,0,0,0,1058
08/06/2023,BOS,MA,ANE,EN,Towers with Radar,956,124,13,0,1093,0,91,7,0,98,956,215,20,0,1191,0,0,0,1191
08/07/2023,BOS,MA,ANE,EN,Towers with Radar,927,146,31,0,1104,0,42,5,2,49,927,188,36,2,1153,0,0,0,1153
08/08/2023,BOS,MA,ANE,EN,Towers with Radar,975,134,33,0,1142,0,7,3,0,10,975,141,36,0,1152,0,0,0,1152
08/09/2023,BOS,MA,ANE,EN,Towers with Radar,983,153,17,0,1153,0,49,6,2,57,983,202,23,2,1210,0,0,0,1210
08/10/2023,BOS,MA,ANE,EN,Towers with Radar,1027,161,27,0,1215,0,52,6,0,58,1027,213,33,0,1273,0,0,0,1273
08/11/2023,BOS,MA,ANE,EN,Towers with Radar,1014,128,28,0,1170,0,64,7,0,71,1014,192,35,0,1241,0,0,0,1241
08/12/2023,BOS,MA,ANE,EN,Towers with Radar,863,122,11,0,996,0,61,2,0,63,863,183,13,0,1059,0,0,0,1059
08/13/2023,BOS,MA,ANE,EN,Towers with Radar,960,156,16,0,1132,0,33,0,0,33,960,189,16,0,1165,0,0,0,1165
08/14/2023,BOS,MA,ANE,EN,Towers with Radar,983,113,26,0,1122,0,64,9,0,73,983,177,35,0,1195,0,0,0,1195
08/15/2023,BOS,MA,ANE,EN,Towers with Radar,988,166,32,0,1186,0,0,0,0,0,988,166,32,0,1186,0,0,0,1186
08/16/2023,BOS,MA,ANE,EN,Towers with Radar,976,184,24,0,1184,0,3,3,0,6,976,187,27,0,1190,0,0,0,1190
08/17/2023,BOS,MA,ANE,EN,Towers with Radar,987,192,26,0,1205,0,1,0,0,1,987,193,26,0,1206,0,0,0,1206
08/18/2023,BOS,MA,ANE,EN,Towers with Radar,989,104,11,0,1104,0,5,4,1,10,989,109,15,1,1114,0,0,0,1114
08/19/2023,BOS,MA,ANE,EN,Towers with Radar,890,121,17,0,1028,0,72,3,0,75,890,193,20,0,1103,0,0,0,1103
08/20/2023,BOS,MA,ANE,EN,Towers with Radar,949,115,21,0,1085,0,75,4,0,79,949,190,25,0,1164,0,0,0,1164
08/21/2023,BOS,MA,ANE,EN,Towers with Radar,1006,139,15,0,1160,0,64,1,0,65,1006,203,16,0,1225,0,0,0,1225
08/22/2023,BOS,MA,ANE,EN,Towers with Radar,984,145,17,2,1148,0,51,10,0,61,984,196,27,2,1209,0,0,0,1209
08/23/2023,BOS,MA,ANE,EN,Towers with Radar,971,117,17,0,1105,0,53,2,2,57,971,170,19,2,1162,0,0,0,1162
08/24/2023,BOS,MA,ANE,EN,Towers with Radar,999,126,12,1,1138,0,57,3,0,60,999,183,15,1,1198,0,0,0,1198
08/25/2023,BOS,MA,ANE,EN,Towers with Radar,991,156,14,2,1163,0,0,0,0,0,991,156,14,2,1163,0,0,0,1163
08/26/2023,BOS,MA,ANE,EN,Towers with Radar,879,138,6,3,1026,0,25,4,0,29,879,163,10,3,1055,0,0,0,1055
08/27/2023,BOS,MA,ANE,EN,Towers with Radar,951,181,16,2,1150,0,12,2,0,14,951,193,18,2,1164,0,0,0,1164
08/28/2023,BOS,MA,ANE,EN,Towers with Radar,997,172,16,2,1187,0,15,4,0,19,997,187,20,2,1206,0,0,0,1206
08/29/2023,BOS,MA,ANE,EN,Towers with Radar,1008,161,26,0,1195,0,1,1,0,2,1008,162,27,0,1197,0,0,0,1197
08/30/2023,BOS,MA,ANE,EN,Towers with Radar,967,159,17,0,1143,0,6,0,0,6,967,165,17,0,1149,0,0,0,1149
08/31/2023,BOS,MA,ANE,EN,Towers with Radar,998,128,20,0,1146,0,64,13,0,77,998,192,33,0,1223,0,0,0,1223
01/01/2020,BOS,MA,ANE,EN,Towers with Radar,790,102,8,0,900,0,20,2,0,22,790,122,10,0,922,0,0,0,922
01/02/2020,BOS,MA,ANE,EN,Towers with Radar,935,102,13,0,1050,0,33,4,0,37,935,135,17,0,1087,0,0,0,1087
01/03/2020,BOS,MA,ANE,EN,Towers with Radar,925,115,6,0,1046,0,24,1,0,25,925,139,7,0,1071,0,0,0,1071
01/04/2020,BOS,MA,ANE,EN,Towers with Radar,795,90,15,0,900,0,2,0,0,2,795,92,15,0,902,0,0,0,902
01/05/2020,BOS,MA,ANE,EN,Towers with Radar,895,118,11,0,1024,0,6,0,0,6,895,124,11,0,1030,0,0,0,1030
01/06/2020,BOS,MA,ANE,EN,Towers with Radar,1014,119,18,0,1151,0,12,2,0,14,1014,131,20,0,1165,0,0,0,1165
01/07/2020,BOS,MA,ANE,EN,Towers with Radar,985,104,22,0,1111,0,13,8,3,24,985,117,30,3,1135,0,0,0,1135
01/08/2020,BOS,MA,ANE,EN,Towers with Radar,960,113,27,0,1100,0,6,2,0,8,960,119,29,0,1108,0,0,0,1108
01/09/2020,BOS,MA,ANE,EN,Towers with Radar,1026,121,15,2,1164,0,21,11,0,32,1026,142,26,2,1196,0,0,0,1196
01/10/2020,BOS,MA,ANE,EN,Towers with Radar,990,114,8,0,1112,0,4,2,0,6,990,118,10,0,1118,0,0,0,1118
01/11/2020,BOS,MA,ANE,EN,Towers with Radar,733,87,7,0,827,0,7,1,0,8,733,94,8,0,835,0,0,0,835
01/12/2020,BOS,MA,ANE,EN,Towers with Radar,870,112,14,0,996,0,8,2,0,10,870,120,16,0,1006,0,0,0,1006
01/13/2020,BOS,MA,ANE,EN,Towers with Radar,983,128,14,0,1125,0,0,3,0,3,983,128,17,0,1128,0,0,0,1128
01/14/2020,BOS,MA,ANE,EN,Towers with Radar,980,136,22,0,1138,0,2,0,0,2,980,138,22,0,1140,0,0,0,1140
01/15/2020,BOS,MA,ANE,EN,Towers with Radar,973,121,28,0,1122,0,16,5,0,21,973,137,33,0,1143,0,0,0,1143
01/16/2020,BOS,MA,ANE,EN,Towers with Radar,1006,94,24,0,1124,0,4,6,0,10,1006,98,30,0,1134,0,0,0,1134
01/17/2020,BOS,MA,ANE,EN,Towers with Radar,996,97,34,0,1127,0,13,0,0,13,996,110,34,0,1140,0,0,0,1140
01/18/2020,BOS,MA,ANE,EN,Towers with Radar,697,73,4,0,774,0,7,2,4,13,697,80,6,4,787,0,0,0,787
01/19/2020,BOS,MA,ANE,EN,Towers with Radar,782,92,6,0,880,0,12,6,0,18,782,104,12,0,898,0,0,0,898
01/20/2020,BOS,MA,ANE,EN,Towers with Radar,951,126,34,0,1111,0,20,8,0,28,951,146,42,0,1139,0,0,0,1139
01/21/2020,BOS,MA,ANE,EN,Towers with Radar,972,107,25,0,1104,0,21,2,2,25,972,128,27,2,1129,0,0,0,1129
01/22/2020,BOS,MA,ANE,EN,Towers with Radar,960,119,40,1,1120,0,23,2,0,25,960,142,42,1,1145,0,0,0,1145
01/23/2020,BOS,MA,ANE,EN,Towers with Radar,993,133,27,0,1153,0,19,1,0,20,993,152,28,0,1173,0,0,0,1173
01/24/2020,BOS,MA,ANE,EN,Towers with Radar,998,125,17,0,1140,0,20,4,0,24,998,145,21,0,1164,0,0,0,1164
01/25/2020,BOS,MA,ANE,EN,Towers with Radar,717,88,11,0,816,0,1,0,0,1,717,89,11,0,817,0,0,0,817
01/26/2020,BOS,MA,ANE,EN,Towers with Radar,869,116,11,2,998,0,8,10,2,20,869,124,21,4,1018,0,0,0,1018
01/27/2020,BOS,MA,ANE,EN,Towers with Radar,985,126,24,0,1135,0,16,3,0,19,985,142,27,0,1154,0,0,0,1154
01/28/2020,BOS,MA,ANE,EN,Towers with Radar,961,124,25,0,1110,0,11,3,3,17,961,135,28,3,1127,0,0,0,1127
01/29/2020,BOS,MA,ANE,EN,Towers with Radar,951,119,21,0,1091,0,19,3,2,24,951,138,24,2,1115,0,0,0,1115
01/30/2020,BOS,MA,ANE,EN,Towers with Radar,996,121,29,0,1146,0,25,3,1,29,996,146,32,1,1175,0,0,0,1175
01/31/2020,BOS,MA,ANE,EN,Towers with Radar,1004,131,20,1,1156,0,18,3,2,23,1004,149,23,3,1179,0,0,0,1179
02/01/2020,BOS,MA,ANE,EN,Towers with Radar,718,112,10,1,841,0,0,0,0,0,718,112,10,1,841,0,0,0,841
02/02/2020,BOS,MA,ANE,EN,Towers with Radar,821,117,12,0,950,0,4,4,0,8,821,121,16,0,958,0,0,0,958
02/03/2020,BOS,MA,ANE,EN,Towers with Radar,982,143,34,0,1159,0,14,6,0,20,982,157,40,0,1179,0,0,0,1179
02/04/2020,BOS,MA,ANE,EN,Towers with Radar,960,126,30,0,1116,0,13,0,2,15,960,139,30,2,1131,0,0,0,1131
02/05/2020,BOS,MA,ANE,EN,Towers with Radar,955,116,33,0,1104,0,18,6,2,26,955,134,39,2,1130,0,0,0,1130
02/06/2020,BOS,MA,ANE,EN,Towers with Radar,950,96,27,0,1073,0,0,0,0,0,950,96,27,0,1073,0,0,0,1073
02/07/2020,BOS,MA,ANE,EN,Towers with Radar,976,49,20,0,1045,0,0,0,0,0,976,49,20,0,1045,0,0,0,1045
02/08/2020,BOS,MA,ANE,EN,Towers with Radar,745,88,12,0,845,0,12,9,3,24,745,100,21,3,869,0,0,0,869
02/09/2020,BOS,MA,ANE,EN,Towers with Radar,843,118,16,0,977,0,10,8,0,18,843,128,24,0,995,0,0,0,995
02/10/2020,BOS,MA,ANE,EN,Towers with Radar,995,138,15,0,1148,0,4,0,2,6,995,142,15,2,1154,0,0,0,1154
02/11/2020,BOS,MA,ANE,EN,Towers with Radar,969,126,20,0,1115,0,0,2,0,2,969,126,22,0,1117,0,0,0,1117
02/12/2020,BOS,MA,ANE,EN,Towers with Radar,965,116,41,0,1122,0,18,11,0,29,965,134,52,0,1151,0,0,0,1151
02/13/2020,BOS,MA,ANE,EN,Towers with Radar,992,142,39,0,1173,0,0,0,0,0,992,142,39,0,1173,0,0,0,1173
02/14/2020,BOS,MA,ANE,EN,Towers with Radar,1039,135,30,0,1204,0,16,9,0,25,1039,151,39,0,1229,0,0,0,1229
02/15/2020,BOS,MA,ANE,EN,Towers with Radar,817,102,13,0,932,0,17,8,0,25,817,119,21,0,957,0,0,0,957
02/16/2020,BOS,MA,ANE,EN,Towers with Radar,834,104,15,1,954,0,17,12,2,31,834,121,27,3,985,0,0,0,985
02/17/2020,BOS,MA,ANE,EN,Towers with Radar,967,125,22,0,1114,0,28,8,0,36,967,153,30,0,1150,0,0,0,1150
02/18/2020,BOS,MA,ANE,EN,Towers with Radar,1025,117,15,0,1157,0,4,0,0,4,1025,121,15,0,1161,0,0,0,1161
02/19/2020,BOS,MA,ANE,EN,Towers with Radar,1017,118,29,0,1164,0,16,5,0,21,1017,134,34,0,1185,0,0,0,1185
02/20/2020,BOS,MA,ANE,EN,Towers with Radar,1023,111,25,3,1162,0,20,5,1,26,1023,131,30,4,1188,0,0,0,1188
02/21/2020,BOS,MA,ANE,EN,Towers with Radar,1025,106,20,2,1153,0,19,1,0,20,1025,125,21,2,1173,0,0,0,1173
02/22/2020,BOS,MA,ANE,EN,Towers with Radar,831,102,9,0,942,0,18,9,0,27,831,120,18,0,969,0,0,0,969
02/23/2020,BOS,MA,ANE,EN,Towers with Radar,919,110,14,0,1043,0,19,3,0,22,919,129,17,0,1065,0,0,0,1065
02/24/2020,BOS,MA,ANE,EN,Towers with Radar,1018,122,22,2,1164,0,27,5,0,32,1018,149,27,2,1196,0,0,0,1196
02/25/2020,BOS,MA,ANE,EN,Towers with Radar,1047,142,30,0,1219,0,11,5,2,18,1047,153,35,2,1237,0,0,0,1237
02/26/2020,BOS,MA,ANE,EN,Towers with Radar,1026,138,31,0,1195,0,3,1,0,4,1026,141,32,0,1199,0,0,0,1199
02/27/2020,BOS,MA,ANE,EN,Towers with Radar,1033,83,29,1,1146,0,0,2,0,2,1033,83,31,1,1148,0,0,0,1148
02/28/2020,BOS,MA,ANE,EN,Towers with Radar,1055,134,20,0,1209,0,11,0,4,15,1055,145,20,4,1224,0,0,0,1224
02/29/2020,BOS,MA,ANE,EN,Towers with Radar,818,105,9,0,932,0,15,4,0,19,818,120,13,0,951,0,0,0,951
03/01/2020,BOS,MA,ANE,EN,Towers with Radar,931,123,14,1,1069,0,23,1,0,24,931,146,15,1,1093,0,0,0,1093
03/02/2020,BOS,MA,ANE,EN,Towers with Radar,1037,119,32,0,1188,0,25,7,0,32,1037,144,39,0,1220,0,0,0,1220
03/03/2020,BOS,MA,ANE,EN,Towers with Radar,1034,146,32,0,1212,0,14,6,0,20,1034,160,38,0,1232,0,0,0,1232
03/04/2020,BOS,MA,ANE,EN,Towers with Radar,1033,131,31,0,1195,0,15,4,0,19,1033,146,35,0,1214,0,0,0,1214
03/05/2020,BOS,MA,ANE,EN,Towers with Radar,1070,139,32,1,1242,0,27,13,0,40,1070,166,45,1,1282,0,0,0,1282
03/06/2020,BOS,MA,ANE,EN,Towers with Radar,1046,143,24,0,1213,0,12,2,0,14,1046,155,26,0,1227,0,0,0,1227
03/07/2020,BOS,MA,ANE,EN,Towers with Radar,809,90,10,0,909,0,17,4,0,21,809,107,14,0,930,0,0,0,930
03/08/2020,BOS,MA,ANE,EN,Towers with Radar,946,125,16,2,1089,0,32,11,2,45,946,157,27,4,1134,0,0,0,1134
03/09/2020,BOS,MA,ANE,EN,Towers with Radar,1023,111,12,0,1146,0,29,5,1,35,1023,140,17,1,1181,0,0,0,1181
03/10/2020,BOS,MA,ANE,EN,Towers with Radar,1028,134,18,0,1180,0,7,7,0,14,1028,141,25,0,1194,0,0,0,1194
03/11/2020,BOS,MA,ANE,EN,Towers with Radar,1019,139,13,0,1171,0,25,6,4,35,1019,164,19,4,1206,0,0,0,1206
03/12/2020,BOS,MA,ANE,EN,Towers with Radar,1058,132,11,1,1202,0,15,0,0,15,1058,147,11,1,1217,0,0,0,1217
03/13/2020,BOS,MA,ANE,EN,Towers with Radar,1055,128,18,0,1201,0,1,2,0,3,1055,129,20,0,1204,0,0,0,1204
03/14/2020,BOS,MA,ANE,EN,Towers with Radar,821,120,14,1,956,0,26,6,0,32,821,146,20,1,988,0,0,0,988
03/15/2020,BOS,MA,ANE,EN,Towers with Radar,932,128,16,0,1076,0,21,5,0,26,932,149,21,0,1102,0,0,0,1102
03/16/2020,BOS,MA,ANE,EN,Towers with Radar,986,101,22,1,1110,0,24,0,0,24,986,125,22,1,1134,0,0,0,1134
03/17/2020,BOS,MA,ANE,EN,Towers with Radar,952,116,13,2,1083,0,0,0,0,0,952,116,13,2,1083,0,0,0,1083
03/18/2020,BOS,MA,ANE,EN,Towers with Radar,939,69,16,0,1024,0,30,19,0,49,939,99,35,0,1073,0,0,0,1073
03/19/2020,BOS,MA,ANE,EN,Towers with Radar,918,101,18,0,1037,0,1,0,0,1,918,102,18,0,1038,0,0,0,1038
03/20/2020,BOS,MA,ANE,EN,Towers with Radar,877,97,9,0,983,0,3,3,0,6,877,100,12,0,989,0,0,0,989
03/21/2020,BOS,MA,ANE,EN,Towers with Radar,633,58,7,0,698,0,19,2,0,21,633,77,9,0,719,0,0,0,719
03/22/2020,BOS,MA,ANE,EN,Towers with Radar,747,73,4,0,824,0,21,6,0,27,747,94,10,0,851,0,0,0,851
03/23/2020,BOS,MA,ANE,EN,Towers with Radar,558,74,4,0,636,0,2,0,2,4,558,76,4,2,640,0,0,0,640
03/24/2020,BOS,MA,ANE,EN,Towers with Radar,549,73,7,0,629,0,5,0,0,5,549,78,7,0,634,0,0,0,634
03/25/2020,BOS,MA,ANE,EN,Towers with Radar,489,76,4,0,569,0,2,0,0,2,489,78,4,0,571,0,0,0,571
03/26/2020,BOS,MA,ANE,EN,Towers with Radar,437,59,7,0,503,0,9,0,0,9,437,68,7,0,512,0,0,0,512
03/27/2020,BOS,MA,ANE,EN,Towers with Radar,418,67,10,0,495,0,9,0,0,9,418,76,10,0,504,0,0,0,504
03/28/2020,BOS,MA,ANE,EN,Towers with Radar,338,51,6,0,395,0,13,0,0,13,338,64,6,0,408,0,0,0,408
03/29/2020,BOS,MA,ANE,EN,Towers with Radar,399,64,1,0,464,0,0,0,0,0,399,64,1,0,464,0,0,0,464
03/30/2020,BOS,MA,ANE,EN,Towers with Radar,361,68,4,0,433,0,0,0,0,0,361,68,4,0,433,0,0,0,433
03/31/2020,BOS,MA,ANE,EN,Towers with Radar,358,63,3,0,424,0,3,2,2,7,358,66,5,2,431,0,0,0,431
04/01/2020,BOS,MA,ANE,EN,Towers with Radar,319,75,3,0,397,0,1,2,0,3,319,76,5,0,400,0,0,0,400
04/02/2020,BOS,MA,ANE,EN,Towers with Radar,270,74,7,0,351,0,0,0,0,0,270,74,7,0,351,0,0,0,351
04/03/2020,BOS,MA,ANE,EN,Towers with Radar,259,38,10,0,307,0,0,0,0,0,259,38,10,0,307,0,0,0,307
04/04/2020,BOS,MA,ANE,EN,Towers with Radar,221,68,10,0,299,0,4,1,0,5,221,72,11,0,304,0,0,0,304
04/05/2020,BOS,MA,ANE,EN,Towers with Radar,259,69,11,0,339,0,4,2,0,6,259,73,13,0,345,0,0,0,345
04/06/2020,BOS,MA,ANE,EN,Towers with Radar,231,52,3,0,286,0,18,0,0,18,231,70,3,0,304,0,0,0,304
04/07/2020,BOS,MA,ANE,EN,Towers with Radar,214,43,2,0,259,0,19,3,0,22,214,62,5,0,281,0,0,0,281
04/08/2020,BOS,MA,ANE,EN,Towers with Radar,218,62,0,0,280,0,7,0,0,7,218,69,0,0,287,0,0,0,287
04/09/2020,BOS,MA,ANE,EN,Towers with Radar,240,57,5,0,302,0,1,0,0,1,240,58,5,0,303,0,0,0,303
04/10/2020,BOS,MA,ANE,EN,Towers with Radar,244,73,8,0,325,0,2,0,0,2,244,75,8,0,327,0,0,0,327
04/11/2020,BOS,MA,ANE,EN,Towers with Radar,188,60,2,0,250,0,8,6,0,14,188,68,8,0,264,0,0,0,264
04/12/2020,BOS,MA,ANE,EN,Towers with Radar,174,62,1,1,238,0,9,2,2,13,174,71,3,3,251,0,0,0,251
04/13/2020,BOS,MA,ANE,EN,Towers with Radar,187,22,3,1,213,0,0,0,0,0,187,22,3,1,213,0,0,0,213
04/14/2020,BOS,MA,ANE,EN,Towers with Radar,199,69,2,2,272,0,22,2,2,26,199,91,4,4,298,0,0,0,298
04/15/2020,BOS,MA,ANE,EN,Towers with Radar,185,68,4,0,257,0,12,0,0,12,185,80,4,0,269,0,0,0,269
04/16/2020,BOS,MA,ANE,EN,Towers with Radar,199,71,6,0,276,0,7,0,0,7,199,78,6,0,283,0,0,0,283
04/17/2020,BOS,MA,ANE,EN,Towers with Radar,181,66,4,0,251,0,11,2,3,16,181,77,6,3,267,0,0,0,267
04/18/2020,BOS,MA,ANE,EN,Towers with Radar,145,71,12,0,228,0,0,3,0,3,145,71,15,0,231,0,0,0,231
04/19/2020,BOS,MA,ANE,EN,Towers with Radar,153,61,5,0,219,0,16,5,0,21,153,77,10,0,240,0,0,0,240
04/20/2020,BOS,MA,ANE,EN,Towers with Radar,141,52,0,2,195,0,13,2,0,15,141,65,2,2,210,0,0,0,210
04/21/2020,BOS,MA,ANE,EN,Towers with Radar,146,54,1,1,202,0,3,0,0,3,146,57,1,1,205,0,0,0,205
04/22/2020,BOS,MA,ANE,EN,Towers with Radar,160,61,4,0,225,0,9,0,0,9,160,70,4,0,234,0,0,0,234
04/23/2020,BOS,MA,ANE,EN,Towers with Radar,172,52,2,1,227,0,18,7,0,25,172,70,9,1,252,0,0,0,252
04/24/2020,BOS,MA,ANE,EN,Towers with Radar,172,66,5,0,243,0,1,3,0,4,172,67,8,0,247,0,0,0,247
04/25/2020,BOS,MA,ANE,EN,Towers with Radar,131,49,6,0,186,0,15,9,0,24,131,64,15,0,210,0,0,0,210
04/26/2020,BOS,MA,ANE,EN,Towers with Radar,143,64,10,0,217,0,1,0,2,3,143,65,10,2,220,0,0,0,220
04/27/2020,BOS,MA,ANE,EN,Towers with Radar,137,60,7,0,204,0,0,0,1,1,137,60,7,1,205,0,0,0,205
04/28/2020,BOS,MA,ANE,EN,Towers with Radar,165,63,9,0,237,0,4,3,0,7,165,67,12,0,244,0,0,0,244
04/29/2020,BOS,MA,ANE,EN,Towers with Radar,160,60,8,0,228,0,20,0,2,22,160,80,8,2,250,0,0,0,250
04/30/2020,BOS,MA,ANE,EN,Towers with Radar,187,71,3,0,261,0,1,1,0,2,187,72,4,0,263,0,0,0,263
05/01/2020,BOS,MA,ANE,EN,Towers with Radar,182,83,5,2,272,0,0,0,0,0,182,83,5,2,272,0,0,0,272
05/02/2020,BOS,MA,ANE,EN,Towers with Radar,123,57,2,0,182,0,9,3,0,12,123,66,5,0,194,0,0,0,194
05/03/2020,BOS,MA,ANE,EN,Towers with Radar,163,53,18,0,234,0,14,18,0,32,163,67,36,0,266,0,0,0,266
05/04/2020,BOS,MA,ANE,EN,Towers with Radar,158,56,7,9,230,0,11,5,0,16,158,67,12,9,246,0,0,0,246
05/05/2020,BOS,MA,ANE,EN,Towers with Radar,144,63,5,0,212,0,6,2,0,8,144,69,7,0,220,0,0,0,220
05/06/2020,BOS,MA,ANE,EN,Towers with Radar,128,57,9,2,196,0,16,10,0,26,128,73,19,2,222,0,0,0,222
05/07/2020,BOS,MA,ANE,EN,Towers with Radar,200,59,11,0,270,0,12,6,1,19,200,71,17,1,289,0,0,0,289
05/08/2020,BOS,MA,ANE,EN,Towers with Radar,183,62,4,0,249,0,9,2,2,13,183,71,6,2,262,0,0,0,262
05/09/2020,BOS,MA,ANE,EN,Towers with Radar,129,53,2,0,184,0,2,0,0,2,129,55,2,0,186,0,0,0,186
05/10/2020,BOS,MA,ANE,EN,Towers with Radar,163,58,5,0,226,0,9,0,3,12,163,67,5,3,238,0,0,0,238
05/11/2020,BOS,MA,ANE,EN,Towers with Radar,156,63,5,1,225,0,9,0,0,9,156,72,5,1,234,0,0,0,234
05/12/2020,BOS,MA,ANE,EN,Towers with Radar,145,74,16,0,235,0,7,16,2,25,145,81,32,2,260,0,0,0,260
05/13/2020,BOS,MA,ANE,EN,Towers with Radar,153,58,17,0,228,0,18,1,0,19,153,76,18,0,247,0,0,0,247
05/14/2020,BOS,MA,ANE,EN,Towers with Radar,191,64,9,0,264,0,19,4,6,29,191,83,13,6,293,0,0,0,293
05/15/2020,BOS,MA,ANE,EN,Towers with Radar,170,73,3,0,246,0,2,1,0,3,170,75,4,0,249,0,0,0,249
05/16/2020,BOS,MA,ANE,EN,Towers with Radar,124,64,9,0,197,0,6,3,2,11,124,70,12,2,208,0,0,0,208
05/17/2020,BOS,MA,ANE,EN,Towers with Radar,162,60,1,0,223,0,13,2,2,17,162,73,3,2,240,0,0,0,240
05/18/2020,BOS,MA,ANE,EN,Towers with Radar,149,69,5,1,224,0,14,0,1,15,149,83,5,2,239,0,0,0,239
05/19/2020,BOS,MA,ANE,EN,Towers with Radar,143,60,4,2,209,0,17,6,3,26,143,77,10,5,235,0,0,0,235
05/20/2020,BOS,MA,ANE,EN,Towers with Radar,155,54,6,0,215,0,20,4,2,26,155,74,10,2,241,0,0,0,241
05/21/2020,BOS,MA,ANE,EN,Towers with Radar,189,73,11,2,275,0,23,1,4,28,189,96,12,6,303,0,0,0,303
05/22/2020,BOS,MA,ANE,EN,Towers with Radar,167,74,8,0,249,0,20,7,2,29,167,94,15,2,278,0,0,0,278
05/23/2020,BOS,MA,ANE,EN,Towers with Radar,127,67,4,0,198,0,9,2,0,11,127,76,6,0,209,0,0,0,209
05/24/2020,BOS,MA,ANE,EN,Towers with Radar,158,55,5,0,218,0,13,8,0,21,158,68,13,0,239,0,0,0,239
05/25/2020,BOS,MA,ANE,EN,Towers with Radar,151,106,3,0,260,0,0,0,0,0,151,106,3,0,260,0,0,0,260
05/26/2020,BOS,MA,ANE,EN,Towers with Radar,125,71,4,2,202,0,11,3,0,14,125,82,7,2,216,0,0,0,216
05/27/2020,BOS,MA,ANE,EN,Towers with Radar,160,77,7,2,246,0,20,1,0,21,160,97,8,2,267,0,0,0,267
05/28/2020,BOS,MA,ANE,EN,Towers with Radar,192,104,7,0,303,0,4,1,2,7,192,108,8,2,310,0,0,0,310
05/29/2020,BOS,MA,ANE,EN,Towers with Radar,174,96,14,0,284,0,0,1,0,1,174,96,15,0,285,0,0,0,285
05/30/2020,BOS,MA,ANE,EN,Towers with Radar,129,72,6,0,207,0,10,6,0,16,129,82,12,0,223,0,0,0,223
05/31/2020,BOS,MA,ANE,EN,Towers with Radar,168,79,7,0,254,0,23,7,0,30,168,102,14,0,284,0,0,0,284
06/01/2020,BOS,MA,ANE,EN,Towers with Radar,191,76,8,8,283,0,23,3,2,28,191,99,11,10,311,0,0,0,311
06/02/2020,BOS,MA,ANE,EN,Towers with Radar,186,73,11,1,271,0,21,0,0,21,186,94,11,1,292,0,0,0,292
06/03/2020,BOS,MA,ANE,EN,Towers with Radar,201,77,5,0,283,0,15,0,0,15,201,92,5,0,298,0,0,0,298
06/04/2020,BOS,MA,ANE,EN,Towers with Radar,245,80,5,0,330,0,27,10,0,37,245,107,15,0,367,0,0,0,367
06/05/2020,BOS,MA,ANE,EN,Towers with Radar,229,89,10,0,328,0,10,3,2,15,229,99,13,2,343,0,0,0,343
06/06/2020,BOS,MA,ANE,EN,Towers with Radar,175,67,9,2,253,0,6,2,0,8,175,73,11,2,261,0,0,0,261
06/07/2020,BOS,MA,ANE,EN,Towers with Radar,223,99,8,0,330,0,10,3,0,13,223,109,11,0,343,0,0,0,343
06/08/2020,BOS,MA,ANE,EN,Towers with Radar,222,69,4,0,295,0,24,9,0,33,222,93,13,0,328,0,0,0,328
06/09/2020,BOS,MA,ANE,EN,Towers with Radar,203,82,2,0,287,0,20,8,0,28,203,102,10,0,315,0,0,0,315
06/10/2020,BOS,MA,ANE,EN,Towers with Radar,210,86,8,0,304,0,5,5,0,10,210,91,13,0,314,0,0,0,314
06/11/2020,BOS,MA,ANE,EN,Towers with Radar,268,98,9,0,375,0,2,0,0,2,268,100,9,0,377,0,0,0,377
06/12/2020,BOS,MA,ANE,EN,Towers with Radar,248,102,6,4,360,0,18,13,0,31,248,120,19,4,391,0,0,0,391
06/13/2020,BOS,MA,ANE,EN,Towers with Radar,194,72,4,0,270,0,24,2,0,26,194,96,6,0,296,0,0,0,296
06/14/2020,BOS,MA,ANE,EN,Towers with Radar,243,83,4,0,330,0,27,4,1,32,243,110,8,1,362,0,0,0,362
06/15/2020,BOS,MA,ANE,EN,Towers with Radar,245,81,19,0,345,0,18,2,0,20,245,99,21,0,365,0,0,0,365
06/16/2020,BOS,MA,ANE,EN,Towers with Radar,217,68,14,0,299,0,29,5,6,40,217,97,19,6,339,0,0,0,339
06/17/2020,BOS,MA,ANE,EN,Towers with Radar,223,72,14,0,309,0,29,3,4,36,223,101,17,4,345,0,0,0,345
06/18/2020,BOS,MA,ANE,EN,Towers with Radar,276,70,8,4,358,0,23,8,6,37,276,93,16,10,395,0,0,0,395
06/19/2020,BOS,MA,ANE,EN,Towers with Radar,260,94,14,0,368,0,23,4,0,27,260,117,18,0,395,0,0,0,395
06/20/2020,BOS,MA,ANE,EN,Towers with Radar,206,85,10,0,301,0,31,8,0,39,206,116,18,0,340,0,0,0,340
06/21/2020,BOS,MA,ANE,EN,Towers with Radar,249,78,12,0,339,0,24,10,2,36,249,102,22,2,375,0,0,0,375
06/22/2020,BOS,MA,ANE,EN,Towers with Radar,259,123,21,0,403,0,1,2,0,3,259,124,23,0,406,0,0,0,406
06/23/2020,BOS,MA,ANE,EN,Towers with Radar,222,88,12,0,322,0,15,8,0,23,222,103,20,0,345,0,0,0,345
06/24/2020,BOS,MA,ANE,EN,Towers with Radar,234,109,14,0,357,0,4,4,0,8,234,113,18,0,365,0,0,0,365
06/25/2020,BOS,MA,ANE,EN,Towers with Radar,286,103,25,0,414,0,25,5,4,34,286,128,30,4,448,0,0,0,448
06/26/2020,BOS,MA,ANE,EN,Towers with Radar,264,96,14,1,375,0,26,8,0,34,264,122,22,1,409,0,0,0,409
06/27/2020,BOS,MA,ANE,EN,Towers with Radar,216,89,11,1,317,0,20,6,0,26,216,109,17,1,343,0,0,0,343
06/28/2020,BOS,MA,ANE,EN,Towers with Radar,264,111,11,0,386,0,7,5,0,12,264,118,16,0,398,0,0,0,398
06/29/2020,BOS,MA,ANE,EN,Towers with Radar,260,125,13,0,398,0,0,1,0,1,260,125,14,0,399,0,0,0,399
06/30/2020,BOS,MA,ANE,EN,Towers with Radar,231,121,22,0,374,0,0,0,0,0,231,121,22,0,374,0,0,0,374
07/01/2020,BOS,MA,ANE,EN,Towers with Radar,323,107,16,0,446,0,8,2,0,10,323,115,18,0,456,0,0,0,456
07/02/2020,BOS,MA,ANE,EN,Towers with Radar,397,122,14,0,533,0,22,8,0,30,397,144,22,0,563,0,0,0,563
07/03/2020,BOS,MA,ANE,EN,Towers with Radar,381,119,14,0,514,0,0,0,1,1,381,119,14,1,515,0,0,0,515
07/04/2020,BOS,MA,ANE,EN,Towers with Radar,288,90,9,1,388,0,9,14,0,23,288,99,23,1,411,0,0,0,411
07/05/2020,BOS,MA,ANE,EN,Towers with Radar,373,123,6,0,502,0,12,9,0,21,373,135,15,0,523,0,0,0,523
07/06/2020,BOS,MA,ANE,EN,Towers with Radar,391,108,14,0,513,0,14,11,0,25,391,122,25,0,538,0,0,0,538
07/07/2020,BOS,MA,ANE,EN,Towers with Radar,369,93,13,0,475,0,19,3,0,22,369,112,16,0,497,0,0,0,497
07/08/2020,BOS,MA,ANE,EN,Towers with Radar,377,114,15,0,506,0,5,2,2,9,377,119,17,2,515,0,0,0,515
07/09/2020,BOS,MA,ANE,EN,Towers with Radar,423,107,17,0,547,0,23,6,0,29,423,130,23,0,576,0,0,0,576
07/10/2020,BOS,MA,ANE,EN,Towers with Radar,427,116,4,0,547,0,0,0,0,0,427,116,4,0,547,0,0,0,547
07/11/2020,BOS,MA,ANE,EN,Towers with Radar,382,92,12,0,486,0,13,8,0,21,382,105,20,0,507,0,0,0,507
07/12/2020,BOS,MA,ANE,EN,Towers with Radar,423,107,10,0,540,0,20,18,0,38,423,127,28,0,578,0,0,0,578
07/13/2020,BOS,MA,ANE,EN,Towers with Radar,410,91,11,0,512,0,23,5,1,29,410,114,16,1,541,0,0,0,541
07/14/2020,BOS,MA,ANE,EN,Towers with Radar,360,106,14,0,480,0,9,1,2,12,360,115,15,2,492,0,0,0,492
07/15/2020,BOS,MA,ANE,EN,Towers with Radar,369,128,15,2,514,0,8,5,2,15,369,136,20,4,529,0,0,0,529
07/16/2020,BOS,MA,ANE,EN,Towers with Radar,439,107,9,0,555,0,23,6,0,29,439,130,15,0,584,0,0,0,584
07/17/2020,BOS,MA,ANE,EN,Towers with Radar,427,124,12,0,563,0,4,0,0,4,427,128,12,0,567,0,0,0,567
07/18/2020,BOS,MA,ANE,EN,Towers with Radar,380,91,16,0,487,0,30,10,0,40,380,121,26,0,527,0,0,0,527
07/19/2020,BOS,MA,ANE,EN,Towers with Radar,422,75,12,1,510,0,27,8,1,36,422,102,20,2,546,0,0,0,546
07/20/2020,BOS,MA,ANE,EN,Towers with Radar,418,90,20,0,528,0,17,1,0,18,418,107,21,0,546,0,0,0,546
07/21/2020,BOS,MA,ANE,EN,Towers with Radar,370,93,9,0,472,0,25,2,1,28,370,118,11,1,500,0,0,0,500
07/22/2020,BOS,MA,ANE,EN,Towers with Radar,368,100,9,0,477,0,17,2,0,19,368,117,11,0,496,0,0,0,496
07/23/2020,BOS,MA,ANE,EN,Towers with Radar,439,89,19,0,547,0,14,0,2,16,439,103,19,2,563,0,0,0,563
07/24/2020,BOS,MA,ANE,EN,Towers with Radar,421,105,12,0,538,0,21,6,4,31,421,126,18,4,569,0,0,0,569
07/25/2020,BOS,MA,ANE,EN,Towers with Radar,376,93,2,0,471,0,24,9,0,33,376,117,11,0,504,0,0,0,504
07/26/2020,BOS,MA,ANE,EN,Towers with Radar,406,85,17,0,508,0,30,12,1,43,406,115,29,1,551,0,0,0,551
07/27/2020,BOS,MA,ANE,EN,Towers with Radar,393,85,10,0,488,0,32,6,0,38,393,117,16,0,526,0,0,0,526
07/28/2020,BOS,MA,ANE,EN,Towers with Radar,358,88,17,0,463,0,30,1,0,31,358,118,18,0,494,0,0,0,494
07/29/2020,BOS,MA,ANE,EN,Towers with Radar,358,96,11,0,465,0,30,0,4,34,358,126,11,4,499,0,0,0,499
07/30/2020,BOS,MA,ANE,EN,Towers with Radar,423,88,11,0,522,0,27,14,2,43,423,115,25,2,565,0,0,0,565
07/31/2020,BOS,MA,ANE,EN,Towers with Radar,423,115,14,0,552,0,25,8,2,35,423,140,22,2,587,0,0,0,587
08/01/2020,BOS,MA,ANE,EN,Towers with Radar,373,97,4,1,475,0,30,11,0,41,373,127,15,1,516,0,0,0,516
08/02/2020,BOS,MA,ANE,EN,Towers with Radar,434,105,7,0,546,0,16,7,0,23,434,121,14,0,569,0,0,0,569
08/03/2020,BOS,MA,ANE,EN,Towers with Radar,415,107,13,2,537,0,19,5,2,26,415,126,18,4,563,0,0,0,563
08/04/2020,BOS,MA,ANE,EN,Towers with Radar,342,67,10,1,420,0,7,0,0,7,342,74,10,1,427,0,0,0,427
08/05/2020,BOS,MA,ANE,EN,Towers with Radar,359,91,21,6,477,0,29,11,1,41,359,120,32,7,518,0,0,0,518
08/06/2020,BOS,MA,ANE,EN,Towers with Radar,424,77,19,0,520,0,31,4,6,41,424,108,23,6,561,0,0,0,561
08/07/2020,BOS,MA,ANE,EN,Towers with Radar,396,99,17,0,512,0,29,0,5,34,396,128,17,5,546,0,0,0,546
08/08/2020,BOS,MA,ANE,EN,Towers with Radar,326,88,16,0,430,0,25,3,2,30,326,113,19,2,460,0,0,0,460
08/09/2020,BOS,MA,ANE,EN,Towers with Radar,392,77,10,0,479,0,38,4,1,43,392,115,14,1,522,0,0,0,522
08/10/2020,BOS,MA,ANE,EN,Towers with Radar,346,106,11,0,463,0,22,8,4,34,346,128,19,4,497,0,0,0,497
08/11/2020,BOS,MA,ANE,EN,Towers with Radar,322,94,13,0,429,0,30,7,0,37,322,124,20,0,466,0,0,0,466
08/12/2020,BOS,MA,ANE,EN,Towers with Radar,318,116,14,0,448,0,23,7,2,32,318,139,21,2,480,0,0,0,480
08/13/2020,BOS,MA,ANE,EN,Towers with Radar,399,103,16,0,518,0,23,5,0,28,399,126,21,0,546,0,0,0,546
08/14/2020,BOS,MA,ANE,EN,Towers with Radar,374,102,20,0,496,0,34,2,0,36,374,136,22,0,532,0,0,0,532
08/15/2020,BOS,MA,ANE,EN,Towers with Radar,321,124,12,0,457,0,1,7,0,8,321,125,19,0,465,0,0,0,465
08/16/2020,BOS,MA,ANE,EN,Towers with Radar,384,125,18,0,527,0,3,1,1,5,384,128,19,1,532,0,0,0,532
08/17/2020,BOS,MA,ANE,EN,Towers with Radar,359,107,16,0,482,0,9,2,0,11,359,116,18,0,493,0,0,0,493
08/18/2020,BOS,MA,ANE,EN,Towers with Radar,324,86,26,0,436,0,18,6,0,24,324,104,32,0,460,0,0,0,460
08/19/2020,BOS,MA,ANE,EN,Towers with Radar,329,110,14,0,453,0,24,7,0,31,329,134,21,0,484,0,0,0,484
08/20/2020,BOS,MA,ANE,EN,Towers with Radar,396,104,16,2,518,0,35,9,0,44,396,139,25,2,562,0,0,0,562
08/21/2020,BOS,MA,ANE,EN,Towers with Radar,375,100,22,0,497,0,35,15,0,50,375,135,37,0,547,0,0,0,547
08/22/2020,BOS,MA,ANE,EN,Towers with Radar,329,105,8,0,442,0,31,5,2,38,329,136,13,2,480,0,0,0,480
08/23/2020,BOS,MA,ANE,EN,Towers with Radar,390,108,19,1,518,0,20,7,1,28,390,128,26,2,546,0,0,0,546
08/24/2020,BOS,MA,ANE,EN,Towers with Radar,353,103,8,0,464,0,25,7,0,32,353,128,15,0,496,0,0,0,496
08/25/2020,BOS,MA,ANE,EN,Towers with Radar,323,106,10,0,439,0,22,7,2,31,323,128,17,2,470,0,0,0,470
08/26/2020,BOS,MA,ANE,EN,Towers with Radar,325,96,25,2,448,0,31,8,2,41,325,127,33,4,489,0,0,0,489
08/27/2020,BOS,MA,ANE,EN,Towers with Radar,394,115,6,0,515,0,10,2,0,12,394,125,8,0,527,0,0,0,527
08/28/2020,BOS,MA,ANE,EN,Towers with Radar,371,131,30,0,532,0,17,8,0,25,371,148,38,0,557,0,0,0,557
08/29/2020,BOS,MA,ANE,EN,Towers with Radar,326,126,10,2,464,0,3,0,4,7,326,129,10,6,471,0,0,0,471
08/30/2020,BOS,MA,ANE,EN,Towers with Radar,388,104,19,0,511,0,37,2,0,39,388,141,21,0,550,0,0,0,550
08/31/2020,BOS,MA,ANE,EN,Towers with Radar,357,103,16,0,476,0,27,5,0,32,357,130,21,0,508,0,0,0,508
09/01/2020,BOS,MA,ANE,EN,Towers with Radar,320,103,12,2,437,0,31,8,0,39,320,134,20,2,476,0,0,0,476
09/02/2020,BOS,MA,ANE,EN,Towers with Radar,315,121,19,4,459,0,1,0,0,1,315,122,19,4,460,0,0,0,460
09/03/2020,BOS,MA,ANE,EN,Towers with Radar,385,140,16,0,541,0,4,3,0,7,385,144,19,0,548,0,0,0,548
09/04/2020,BOS,MA,ANE,EN,Towers with Radar,357,107,9,0,473,1,38,15,0,54,358,145,24,0,527,0,0,0,527
09/05/2020,BOS,MA,ANE,EN,Towers with Radar,299,79,18,0,396,0,39,8,0,47,299,118,26,0,443,0,0,0,443
09/06/2020,BOS,MA,ANE,EN,Towers with Radar,308,86,10,0,404,0,31,3,0,34,308,117,13,0,438,0,0,0,438
09/07/2020,BOS,MA,ANE,EN,Towers with Radar,313,114,10,0,437,0,43,3,0,46,313,157,13,0,483,0,0,0,483
09/08/2020,BOS,MA,ANE,EN,Towers with Radar,279,114,32,0,425,0,21,13,0,34,279,135,45,0,459,0,0,0,459
09/09/2020,BOS,MA,ANE,EN,Towers with Radar,279,103,26,0,408,0,24,2,0,26,279,127,28,0,434,0,0,0,434
09/10/2020,BOS,MA,ANE,EN,Towers with Radar,347,127,23,0,497,0,1,1,0,2,347,128,24,0,499,0,0,0,499
09/11/2020,BOS,MA,ANE,EN,Towers with Radar,311,113,12,0,436,0,14,2,0,16,311,127,14,0,452,0,0,0,452
09/12/2020,BOS,MA,ANE,EN,Towers with Radar,277,88,12,0,377,0,36,16,6,58,277,124,28,6,435,0,0,0,435
09/13/2020,BOS,MA,ANE,EN,Towers with Radar,327,112,8,0,447,0,25,11,0,36,327,137,19,0,483,0,0,0,483
09/14/2020,BOS,MA,ANE,EN,Towers with Radar,298,113,19,0,430,0,34,4,2,40,298,147,23,2,470,0,0,0,470
09/15/2020,BOS,MA,ANE,EN,Towers with Radar,278,94,13,1,386,0,30,14,2,46,278,124,27,3,432,0,0,0,432
09/16/2020,BOS,MA,ANE,EN,Towers with Radar,274,101,11,0,386,0,33,16,3,52,274,134,27,3,438,0,0,0,438
09/17/2020,BOS,MA,ANE,EN,Towers with Radar,342,99,27,2,470,0,31,10,3,44,342,130,37,5,514,0,0,0,514
09/18/2020,BOS,MA,ANE,EN,Towers with Radar,319,112,18,0,449,0,17,10,5,32,319,129,28,5,481,0,0,0,481
09/19/2020,BOS,MA,ANE,EN,Towers with Radar,271,87,19,0,377,0,33,8,0,41,271,120,27,0,418,0,0,0,418
09/20/2020,BOS,MA,ANE,EN,Towers with Radar,324,107,16,0,447,0,41,9,0,50,324,148,25,0,497,0,0,0,497
09/21/2020,BOS,MA,ANE,EN,Towers with Radar,297,92,15,2,406,0,38,4,0,42,297,130,19,2,448,0,0,0,448
09/22/2020,BOS,MA,ANE,EN,Towers with Radar,280,87,12,0,379,0,30,0,0,30,280,117,12,0,409,0,0,0,409
09/23/2020,BOS,MA,ANE,EN,Towers with Radar,278,106,18,0,402,0,30,7,0,37,278,136,25,0,439,0,0,0,439
09/24/2020,BOS,MA,ANE,EN,Towers with Radar,342,107,13,0,462,0,41,9,21,71,342,148,22,21,533,0,0,0,533
09/25/2020,BOS,MA,ANE,EN,Towers with Radar,314,115,18,0,447,0,32,7,2,41,314,147,25,2,488,0,0,0,488
09/26/2020,BOS,MA,ANE,EN,Towers with Radar,271,91,8,0,370,0,19,6,2,27,271,110,14,2,397,0,0,0,397
09/27/2020,BOS,MA,ANE,EN,Towers with Radar,333,120,13,0,466,0,9,5,0,14,333,129,18,0,480,0,0,0,480
09/28/2020,BOS,MA,ANE,EN,Towers with Radar,295,129,10,1,435,0,5,2,0,7,295,134,12,1,442,0,0,0,442
09/29/2020,BOS,MA,ANE,EN,Towers with Radar,278,117,13,0,408,0,11,3,0,14,278,128,16,0,422,0,0,0,422
09/30/2020,BOS,MA,ANE,EN,Towers with Radar,277,86,9,1,373,0,13,0,0,13,277,99,9,1,386,0,0,0,386
10/01/2020,BOS,MA,ANE,EN,Towers with Radar,380,104,9,0,493,0,37,2,2,41,380,141,11,2,534,0,0,0,534
10/02/2020,BOS,MA,ANE,EN,Towers with Radar,356,103,8,0,467,0,21,4,0,25,356,124,12,0,492,0,0,0,492
10/03/2020,BOS,MA,ANE,EN,Towers with Radar,309,73,6,0,388,0,33,18,0,51,309,106,24,0,439,0,0,0,439
10/04/2020,BOS,MA,ANE,EN,Towers with Radar,355,99,9,0,463,0,35,16,0,51,355,134,25,0,514,0,0,0,514
10/05/2020,BOS,MA,ANE,EN,Towers with Radar,342,112,13,2,469,0,12,2,0,14,342,124,15,2,483,0,0,0,483
10/06/2020,BOS,MA,ANE,EN,Towers with Radar,294,107,9,0,410,0,15,4,0,19,294,122,13,0,429,0,0,0,429
10/07/2020,BOS,MA,ANE,EN,Towers with Radar,296,72,20,1,389,0,11,2,0,13,296,83,22,1,402,0,0,0,402
10/08/2020,BOS,MA,ANE,EN,Towers with Radar,398,124,18,1,541,0,29,6,0,35,398,153,24,1,576,0,0,0,576
10/09/2020,BOS,MA,ANE,EN,Towers with Radar,369,117,11,0,497,0,45,11,0,56,369,162,22,0,553,0,0,0,553
10/10/2020,BOS,MA,ANE,EN,Towers with Radar,314,68,4,0,386,0,28,1,0,29,314,96,5,0,415,0,0,0,415
10/11/2020,BOS,MA,ANE,EN,Towers with Radar,365,86,8,0,459,0,30,12,0,42,365,116,20,0,501,0,0,0,501
10/12/2020,BOS,MA,ANE,EN,Towers with Radar,359,133,26,1,519,0,6,0,0,6,359,139,26,1,525,0,0,0,525
10/13/2020,BOS,MA,ANE,EN,Towers with Radar,305,135,11,1,452,0,0,0,0,0,305,135,11,1,452,0,0,0,452
10/14/2020,BOS,MA,ANE,EN,Towers with Radar,298,88,18,0,404,0,20,2,6,28,298,108,20,6,432,0,0,0,432
10/15/2020,BOS,MA,ANE,EN,Towers with Radar,400,99,10,0,509,0,20,8,0,28,400,119,18,0,537,0,0,0,537
10/16/2020,BOS,MA,ANE,EN,Towers with Radar,365,117,9,2,493,0,0,0,0,0,365,117,9,2,493,0,0,0,493
10/17/2020,BOS,MA,ANE,EN,Towers with Radar,315,84,9,0,408,0,11,3,0,14,315,95,12,0,422,0,0,0,422
10/18/2020,BOS,MA,ANE,EN,Towers with Radar,371,82,11,0,464,0,40,9,0,49,371,122,20,0,513,0,0,0,513
10/19/2020,BOS,MA,ANE,EN,Towers with Radar,348,75,9,0,432,0,18,8,0,26,348,93,17,0,458,0,0,0,458
10/20/2020,BOS,MA,ANE,EN,Towers with Radar,288,91,17,2,398,0,0,2,0,2,288,91,19,2,400,0,0,0,400
10/21/2020,BOS,MA,ANE,EN,Towers with Radar,282,91,9,1,383,0,1,0,0,1,282,92,9,1,384,0,0,0,384
10/22/2020,BOS,MA,ANE,EN,Towers with Radar,396,91,11,2,500,0,16,4,0,20,396,107,15,2,520,0,0,0,520
10/23/2020,BOS,MA,ANE,EN,Towers with Radar,360,95,17,0,472,0,6,6,0,12,360,101,23,0,484,0,0,0,484
10/24/2020,BOS,MA,ANE,EN,Towers with Radar,287,81,12,0,380,0,5,23,0,28,287,86,35,0,408,0,0,0,408
10/25/2020,BOS,MA,ANE,EN,Towers with Radar,344,90,15,0,449,0,12,13,0,25,344,102,28,0,474,0,0,0,474
10/26/2020,BOS,MA,ANE,EN,Towers with Radar,322,94,10,0,426,0,3,0,0,3,322,97,10,0,429,0,0,0,429
10/27/2020,BOS,MA,ANE,EN,Towers with Radar,270,85,10,0,365,0,12,2,2,16,270,97,12,2,381,0,0,0,381
10/28/2020,BOS,MA,ANE,EN,Towers with Radar,284,109,12,0,405,0,1,0,2,3,284,110,12,2,408,0,0,0,408
10/29/2020,BOS,MA,ANE,EN,Towers with Radar,359,105,15,0,479,0,3,6,0,9,359,108,21,0,488,0,0,0,488
10/30/2020,BOS,MA,ANE,EN,Towers with Radar,334,75,12,0,421,0,1,0,0,1,334,76,12,0,422,0,0,0,422
10/31/2020,BOS,MA,ANE,EN,Towers with Radar,239,63,2,0,304,0,25,13,0,38,239,88,15,0,342,0,0,0,342
11/01/2020,BOS,MA,ANE,EN,Towers with Radar,336,96,15,0,447,0,6,6,0,12,336,102,21,0,459,0,0,0,459
11/02/2020,BOS,MA,ANE,EN,Towers with Radar,329,72,4,0,405,0,10,0,0,10,329,82,4,0,415,0,0,0,415
11/03/2020,BOS,MA,ANE,EN,Towers with Radar,252,69,9,0,330,0,6,5,0,11,252,75,14,0,341,0,0,0,341
11/04/2020,BOS,MA,ANE,EN,Towers with Radar,279,68,11,0,358,0,27,0,0,27,279,95,11,0,385,0,0,0,385
11/05/2020,BOS,MA,ANE,EN,Towers with Radar,370,56,18,2,446,0,39,9,0,48,370,95,27,2,494,0,0,0,494
11/06/2020,BOS,MA,ANE,EN,Towers with Radar,367,65,10,0,442,0,43,9,0,52,367,108,19,0,494,0,0,0,494
11/07/2020,BOS,MA,ANE,EN,Towers with Radar,303,31,3,1,338,0,49,12,0,61,303,80,15,1,399,0,0,0,399
11/08/2020,BOS,MA,ANE,EN,Towers with Radar,384,41,7,1,433,0,50,8,0,58,384,91,15,1,491,0,0,0,491
11/09/2020,BOS,MA,ANE,EN,Towers with Radar,371,44,9,2,426,0,37,6,0,43,371,81,15,2,469,0,0,0,469
11/10/2020,BOS,MA,ANE,EN,Towers with Radar,281,48,9,0,338,0,43,7,1,51,281,91,16,1,389,0,0,0,389
11/11/2020,BOS,MA,ANE,EN,Towers with Radar,308,89,20,0,417,0,5,3,0,8,308,94,23,0,425,0,0,0,425
11/12/2020,BOS,MA,ANE,EN,Towers with Radar,396,89,10,0,495,0,5,1,6,12,396,94,11,6,507,0,0,0,507
11/13/2020,BOS,MA,ANE,EN,Towers with Radar,374,84,14,0,472,0,0,0,0,0,374,84,14,0,472,0,0,0,472
11/14/2020,BOS,MA,ANE,EN,Towers with Radar,322,46,11,0,379,0,45,14,0,59,322,91,25,0,438,0,0,0,438
11/15/2020,BOS,MA,ANE,EN,Towers with Radar,385,40,9,0,434,0,44,4,0,48,385,84,13,0,482,0,0,0,482
11/16/2020,BOS,MA,ANE,EN,Towers with Radar,379,57,16,0,452,0,30,2,0,32,379,87,18,0,484,0,0,0,484
11/17/2020,BOS,MA,ANE,EN,Towers with Radar,284,69,9,0,362,0,27,0,0,27,284,96,9,0,389,0,0,0,389
11/18/2020,BOS,MA,ANE,EN,Towers with Radar,330,67,16,1,414,0,27,2,1,30,330,94,18,2,444,0,0,0,444
11/19/2020,BOS,MA,ANE,EN,Towers with Radar,432,46,14,3,495,0,46,3,6,55,432,92,17,9,550,0,0,0,550
11/20/2020,BOS,MA,ANE,EN,Towers with Radar,448,51,14,0,513,0,55,4,0,59,448,106,18,0,572,0,0,0,572
11/21/2020,BOS,MA,ANE,EN,Towers with Radar,441,58,15,0,514,0,56,15,2,73,441,114,30,2,587,0,0,0,587
11/22/2020,BOS,MA,ANE,EN,Towers with Radar,450,81,11,0,542,0,19,4,0,23,450,100,15,0,565,0,0,0,565
11/23/2020,BOS,MA,ANE,EN,Towers with Radar,399,93,9,0,501,0,3,0,0,3,399,96,9,0,504,0,0,0,504
11/24/2020,BOS,MA,ANE,EN,Towers with Radar,449,65,18,0,532,0,48,9,0,57,449,113,27,0,589,0,0,0,589
11/25/2020,BOS,MA,ANE,EN,Towers with Radar,467,92,9,0,568,0,14,2,0,16,467,106,11,0,584,0,0,0,584
11/26/2020,BOS,MA,ANE,EN,Towers with Radar,225,59,2,0,286,0,2,0,0,2,225,61,2,0,288,0,0,0,288
11/27/2020,BOS,MA,ANE,EN,Towers with Radar,346,59,4,0,409,0,27,7,0,34,346,86,11,0,443,0,0,0,443
11/28/2020,BOS,MA,ANE,EN,Towers with Radar,453,64,10,0,527,0,35,0,0,35,453,99,10,0,562,0,0,0,562
11/29/2020,BOS,MA,ANE,EN,Towers with Radar,486,47,18,0,551,0,76,12,0,88,486,123,30,0,639,0,0,0,639
11/30/2020,BOS,MA,ANE,EN,Towers with Radar,479,59,14,0,552,0,14,0,0,14,479,73,14,0,566,0,0,0,566
12/01/2020,BOS,MA,ANE,EN,Towers with Radar,405,80,5,1,491,0,5,0,0,5,405,85,5,1,496,0,0,0,496
12/02/2020,BOS,MA,ANE,EN,Towers with Radar,332,68,7,1,408,0,23,2,6,31,332,91,9,7,439,0,0,0,439
12/03/2020,BOS,MA,ANE,EN,Towers with Radar,389,54,10,0,453,0,43,2,0,45,389,97,12,0,498,0,0,0,498
12/04/2020,BOS,MA,ANE,EN,Towers with Radar,355,41,10,0,406,0,37,4,0,41,355,78,14,0,447,0,0,0,447
12/05/2020,BOS,MA,ANE,EN,Towers with Radar,276,44,1,0,321,0,0,0,0,0,276,44,1,0,321,0,0,0,321
12/06/2020,BOS,MA,ANE,EN,Towers with Radar,364,63,15,0,442,0,29,0,0,29,364,92,15,0,471,0,0,0,471
12/07/2020,BOS,MA,ANE,EN,Towers with Radar,339,60,5,0,404,0,25,0,0,25,339,85,5,0,429,0,0,0,429
12/08/2020,BOS,MA,ANE,EN,Towers with Radar,291,80,19,2,392,0,2,4,0,6,291,82,23,2,398,0,0,0,398
12/09/2020,BOS,MA,ANE,EN,Towers with Radar,305,74,14,0,393,0,14,2,0,16,305,88,16,0,409,0,0,0,409
12/10/2020,BOS,MA,ANE,EN,Towers with Radar,384,63,5,1,453,0,25,6,0,31,384,88,11,1,484,0,0,0,484
12/11/2020,BOS,MA,ANE,EN,Towers with Radar,367,33,5,1,406,0,50,8,2,60,367,83,13,3,466,0,0,0,466
12/12/2020,BOS,MA,ANE,EN,Towers with Radar,302,71,9,0,382,0,3,0,0,3,302,74,9,0,385,0,0,0,385
12/13/2020,BOS,MA,ANE,EN,Towers with Radar,370,55,5,0,430,0,7,6,1,14,370,62,11,1,444,0,0,0,444
12/14/2020,BOS,MA,ANE,EN,Towers with Radar,341,74,0,0,415,0,10,2,0,12,341,84,2,0,427,0,0,0,427
12/15/2020,BOS,MA,ANE,EN,Towers with Radar,296,51,15,0,362,0,34,5,2,41,296,85,20,2,403,0,0,0,403
12/16/2020,BOS,MA,ANE,EN,Towers with Radar,274,43,8,0,325,0,38,2,0,40,274,81,10,0,365,0,0,0,365
12/17/2020,BOS,MA,ANE,EN,Towers with Radar,235,13,2,0,250,0,0,0,0,0,235,13,2,0,250,0,0,0,250
12/18/2020,BOS,MA,ANE,EN,Towers with Radar,478,78,14,0,570,0,28,6,1,35,478,106,20,1,605,0,0,0,605
12/19/2020,BOS,MA,ANE,EN,Towers with Radar,474,69,14,0,557,0,33,12,0,45,474,102,26,0,602,0,0,0,602
12/20/2020,BOS,MA,ANE,EN,Towers with Radar,454,67,2,0,523,0,19,2,0,21,454,86,4,0,544,0,0,0,544
12/21/2020,BOS,MA,ANE,EN,Towers with Radar,411,84,6,0,501,0,0,0,0,0,411,84,6,0,501,0,0,0,501
12/22/2020,BOS,MA,ANE,EN,Towers with Radar,456,54,8,0,518,0,35,11,1,47,456,89,19,1,565,0,0,0,565
12/23/2020,BOS,MA,ANE,EN,Towers with Radar,482,46,5,0,533,0,47,5,0,52,482,93,10,0,585,0,0,0,585
12/24/2020,BOS,MA,ANE,EN,Towers with Radar,332,59,4,0,395,0,17,0,0,17,332,76,4,0,412,0,0,0,412
12/25/2020,BOS,MA,ANE,EN,Towers with Radar,245,12,9,0,266,0,0,0,0,0,245,12,9,0,266,0,0,0,266
12/26/2020,BOS,MA,ANE,EN,Towers with Radar,435,55,16,0,506,0,26,8,0,34,435,81,24,0,540,0,0,0,540
12/27/2020,BOS,MA,ANE,EN,Towers with Radar,462,65,10,0,537,0,40,9,0,49,462,105,19,0,586,0,0,0,586
12/28/2020,BOS,MA,ANE,EN,Towers with Radar,420,66,7,0,493,0,21,0,0,21,420,87,7,0,514,0,0,0,514
12/29/2020,BOS,MA,ANE,EN,Towers with Radar,430,41,9,0,480,0,40,0,0,40,430,81,9,0,520,0,0,0,520
12/30/2020,BOS,MA,ANE,EN,Towers with Radar,456,34,8,0,498,0,42,3,0,45,456,76,11,0,543,0,0,0,543
12/31/2020,BOS,MA,ANE,EN,Towers with Radar,306,64,9,0,379,0,5,6,0,11,306,69,15,0,390,0,0,0,390
01/01/2021,BOS,MA,ANE,EN,Towers with Radar,314,35,5,0,354,0,37,0,0,37,314,72,5,0,391,0,0,0,391
01/02/2021,BOS,MA,ANE,EN,Towers with Radar,449,64,9,0,522,0,2,0,0,2,449,66,9,0,524,0,0,0,524
01/03/2021,BOS,MA,ANE,EN,Towers with Radar,461,80,13,0,554,0,2,2,0,4,461,82,15,0,558,0,0,0,558
01/04/2021,BOS,MA,ANE,EN,Towers with Radar,428,80,6,0,514,0,4,0,0,4,428,84,6,0,518,0,0,0,518
01/05/2021,BOS,MA,ANE,EN,Towers with Radar,298,71,5,0,374,0,0,0,0,0,298,71,5,0,374,0,0,0,374
01/06/2021,BOS,MA,ANE,EN,Towers with Radar,294,70,8,0,372,0,20,2,2,24,294,90,10,2,396,0,0,0,396
01/07/2021,BOS,MA,ANE,EN,Towers with Radar,361,63,5,1,430,0,31,1,0,32,361,94,6,1,462,0,0,0,462
01/08/2021,BOS,MA,ANE,EN,Towers with Radar,327,39,6,1,373,1,39,5,0,45,328,78,11,1,418,0,0,0,418
01/09/2021,BOS,MA,ANE,EN,Towers with Radar,300,63,4,0,367,0,16,14,1,31,300,79,18,1,398,0,0,0,398
01/10/2021,BOS,MA,ANE,EN,Towers with Radar,346,48,12,0,406,0,34,8,0,42,346,82,20,0,448,0,0,0,448
01/11/2021,BOS,MA,ANE,EN,Towers with Radar,320,45,9,0,374,0,32,4,0,36,320,77,13,0,410,0,0,0,410
01/12/2021,BOS,MA,ANE,EN,Towers with Radar,266,44,4,0,314,0,35,4,0,39,266,79,8,0,353,0,0,0,353
01/13/2021,BOS,MA,ANE,EN,Towers with Radar,271,56,8,0,335,0,25,6,2,33,271,81,14,2,368,0,0,0,368
01/14/2021,BOS,MA,ANE,EN,Towers with Radar,356,80,12,2,450,0,7,0,0,7,356,87,12,2,457,0,0,0,457
01/15/2021,BOS,MA,ANE,EN,Towers with Radar,334,73,7,1,415,0,20,8,2,30,334,93,15,3,445,0,0,0,445
01/16/2021,BOS,MA,ANE,EN,Towers with Radar,285,51,4,1,341,0,1,0,0,1,285,52,4,1,342,0,0,0,342
01/17/2021,BOS,MA,ANE,EN,Towers with Radar,322,65,3,0,390,0,17,0,0,17,322,82,3,0,407,0,0,0,407
01/18/2021,BOS,MA,ANE,EN,Towers with Radar,301,60,5,0,366,0,20,8,0,28,301,80,13,0,394,0,0,0,394
01/19/2021,BOS,MA,ANE,EN,Towers with Radar,263,49,4,0,316,0,28,6,2,36,263,77,10,2,352,0,0,0,352
01/20/2021,BOS,MA,ANE,EN,Towers with Radar,263,66,9,0,338,0,14,1,0,15,263,80,10,0,353,0,0,0,353
01/21/2021,BOS,MA,ANE,EN,Towers with Radar,347,56,7,0,410,0,25,1,0,26,347,81,8,0,436,0,0,0,436
01/22/2021,BOS,MA,ANE,EN,Towers with Radar,325,69,5,0,399,0,22,4,2,28,325,91,9,2,427,0,0,0,427
01/23/2021,BOS,MA,ANE,EN,Towers with Radar,280,50,7,0,337,0,24,0,1,25,280,74,7,1,362,0,0,0,362
01/24/2021,BOS,MA,ANE,EN,Towers with Radar,340,26,7,0,373,0,47,1,0,48,340,73,8,0,421,0,0,0,421
01/25/2021,BOS,MA,ANE,EN,Towers with Radar,304,30,9,0,343,0,38,6,0,44,304,68,15,0,387,0,0,0,387
01/26/2021,BOS,MA,ANE,EN,Towers with Radar,251,40,8,0,299,0,20,0,0,20,251,60,8,0,319,0,0,0,319
01/27/2021,BOS,MA,ANE,EN,Towers with Radar,265,83,7,0,355,0,0,0,0,0,265,83,7,0,355,0,0,0,355
01/28/2021,BOS,MA,ANE,EN,Towers with Radar,345,90,12,0,447,0,0,0,0,0,345,90,12,0,447,0,0,0,447
01/29/2021,BOS,MA,ANE,EN,Towers with Radar,320,70,8,0,398,0,9,0,0,9,320,79,8,0,407,0,0,0,407
01/30/2021,BOS,MA,ANE,EN,Towers with Radar,275,64,10,0,349,0,36,12,0,48,275,100,22,0,397,0,0,0,397
01/31/2021,BOS,MA,ANE,EN,Towers with Radar,324,38,15,0,377,0,43,6,0,49,324,81,21,0,426,0,0,0,426
02/01/2021,BOS,MA,ANE,EN,Towers with Radar,111,45,8,0,164,0,1,0,0,1,111,46,8,0,165,0,0,0,165
02/02/2021,BOS,MA,ANE,EN,Towers with Radar,209,41,8,0,258,0,0,0,0,0,209,41,8,0,258,0,0,0,258
02/03/2021,BOS,MA,ANE,EN,Towers with Radar,266,80,9,0,355,0,2,0,1,3,266,82,9,1,358,0,0,0,358
02/04/2021,BOS,MA,ANE,EN,Towers with Radar,352,65,11,0,428,0,15,4,0,19,352,80,15,0,447,0,0,0,447
02/05/2021,BOS,MA,ANE,EN,Towers with Radar,327,68,8,0,403,0,16,0,0,16,327,84,8,0,419,0,0,0,419
02/06/2021,BOS,MA,ANE,EN,Towers with Radar,277,70,1,0,348,0,38,16,2,56,277,108,17,2,404,0,0,0,404
02/07/2021,BOS,MA,ANE,EN,Towers with Radar,301,25,8,0,334,0,12,2,0,14,301,37,10,0,348,0,0,0,348
02/08/2021,BOS,MA,ANE,EN,Towers with Radar,311,42,6,0,359,0,44,2,0,46,311,86,8,0,405,0,0,0,405
02/09/2021,BOS,MA,ANE,EN,Towers with Radar,257,66,9,0,332,0,9,0,0,9,257,75,9,0,341,0,0,0,341
02/10/2021,BOS,MA,ANE,EN,Towers with Radar,281,61,10,0,352,0,31,2,2,35,281,92,12,2,387,0,0,0,387
02/11/2021,BOS,MA,ANE,EN,Towers with Radar,396,72,8,0,476,0,34,2,0,36,396,106,10,0,512,0,0,0,512
02/12/2021,BOS,MA,ANE,EN,Towers with Radar,406,46,17,0,469,0,54,8,2,64,406,100,25,2,533,0,0,0,533
02/13/2021,BOS,MA,ANE,EN,Towers with Radar,348,43,7,0,398,0,43,20,0,63,348,86,27,0,461,0,0,0,461
02/14/2021,BOS,MA,ANE,EN,Towers with Radar,368,86,8,0,462,0,1,4,0,5,368,87,12,0,467,0,0,0,467
02/15/2021,BOS,MA,ANE,EN,Towers with Radar,351,57,12,0,420,0,1,0,0,1,351,58,12,0,421,0,0,0,421
02/16/2021,BOS,MA,ANE,EN,Towers with Radar,296,66,5,4,371,0,0,0,0,0,296,66,5,4,371,0,0,0,371
02/17/2021,BOS,MA,ANE,EN,Towers with Radar,309,42,11,0,362,0,52,4,0,56,309,94,15,0,418,0,0,0,418
02/18/2021,BOS,MA,ANE,EN,Towers with Radar,379,41,6,0,426,0,19,2,1,22,379,60,8,1,448,0,0,0,448
02/19/2021,BOS,MA,ANE,EN,Towers with Radar,377,67,7,0,451,0,0,0,0,0,377,67,7,0,451,0,0,0,451
02/20/2021,BOS,MA,ANE,EN,Towers with Radar,351,78,8,0,437,0,7,12,0,19,351,85,20,0,456,0,0,0,456
02/21/2021,BOS,MA,ANE,EN,Towers with Radar,407,52,10,0,469,0,47,20,0,67,407,99,30,0,536,0,0,0,536
02/22/2021,BOS,MA,ANE,EN,Towers with Radar,378,60,6,0,444,0,13,0,0,13,378,73,6,0,457,0,0,0,457
02/23/2021,BOS,MA,ANE,EN,Towers with Radar,302,68,8,0,378,0,14,2,0,16,302,82,10,0,394,0,0,0,394
02/24/2021,BOS,MA,ANE,EN,Towers with Radar,304,48,9,0,361,0,37,3,2,42,304,85,12,2,403,0,0,0,403
02/25/2021,BOS,MA,ANE,EN,Towers with Radar,402,48,9,0,459,0,35,4,2,41,402,83,13,2,500,0,0,0,500
02/26/2021,BOS,MA,ANE,EN,Towers with Radar,379,41,8,0,428,0,52,4,0,56,379,93,12,0,484,0,0,0,484
02/27/2021,BOS,MA,ANE,EN,Towers with Radar,336,81,6,0,423,0,3,0,0,3,336,84,6,0,426,0,0,0,426
02/28/2021,BOS,MA,ANE,EN,Towers with Radar,409,44,13,0,466,0,45,10,0,55,409,89,23,0,521,0,0,0,521
03/01/2021,BOS,MA,ANE,EN,Towers with Radar,389,72,6,0,467,0,7,0,0,7,389,79,6,0,474,0,0,0,474
03/02/2021,BOS,MA,ANE,EN,Towers with Radar,315,19,9,0,343,0,0,0,0,0,315,19,9,0,343,0,0,0,343
03/03/2021,BOS,MA,ANE,EN,Towers with Radar,321,54,15,0,390,0,31,2,1,34,321,85,17,1,424,0,0,0,424
03/04/2021,BOS,MA,ANE,EN,Towers with Radar,431,50,15,0,496,0,36,0,0,36,431,86,15,0,532,0,0,0,532
03/05/2021,BOS,MA,ANE,EN,Towers with Radar,413,46,18,0,477,0,44,0,2,46,413,90,18,2,523,0,0,0,523
03/06/2021,BOS,MA,ANE,EN,Towers with Radar,372,40,4,0,416,0,50,6,4,60,372,90,10,4,476,0,0,0,476
03/07/2021,BOS,MA,ANE,EN,Towers with Radar,425,38,13,0,476,0,58,14,6,78,425,96,27,6,554,0,0,0,554
03/08/2021,BOS,MA,ANE,EN,Towers with Radar,411,65,10,2,488,0,43,4,0,47,411,108,14,2,535,0,0,0,535
03/09/2021,BOS,MA,ANE,EN,Towers with Radar,355,49,8,0,412,0,40,1,0,41,355,89,9,0,453,0,0,0,453
03/10/2021,BOS,MA,ANE,EN,Towers with Radar,373,50,8,0,431,0,51,3,1,55,373,101,11,1,486,0,0,0,486
03/11/2021,BOS,MA,ANE,EN,Towers with Radar,455,65,20,0,540,0,35,6,2,43,455,100,26,2,583,0,0,0,583
03/12/2021,BOS,MA,ANE,EN,Towers with Radar,434,45,8,0,487,0,52,10,0,62,434,97,18,0,549,0,0,0,549
03/13/2021,BOS,MA,ANE,EN,Towers with Radar,369,52,6,0,427,0,46,10,2,58,369,98,16,2,485,0,0,0,485
03/14/2021,BOS,MA,ANE,EN,Towers with Radar,431,68,10,0,509,0,20,0,0,20,431,88,10,0,529,0,0,0,529
03/15/2021,BOS,MA,ANE,EN,Towers with Radar,410,57,6,0,473,0,41,2,2,45,410,98,8,2,518,0,0,0,518
03/16/2021,BOS,MA,ANE,EN,Towers with Radar,377,44,14,1,436,0,48,2,4,54,377,92,16,5,490,0,0,0,490
03/17/2021,BOS,MA,ANE,EN,Towers with Radar,386,40,22,1,449,0,50,4,2,56,386,90,26,3,505,0,0,0,505
03/18/2021,BOS,MA,ANE,EN,Towers with Radar,458,86,19,4,567,0,1,0,0,1,458,87,19,4,568,0,0,0,568
03/19/2021,BOS,MA,ANE,EN,Towers with Radar,441,49,15,0,505,0,45,1,0,46,441,94,16,0,551,0,0,0,551
03/20/2021,BOS,MA,ANE,EN,Towers with Radar,382,35,14,2,433,0,49,15,0,64,382,84,29,2,497,0,0,0,497
03/21/2021,BOS,MA,ANE,EN,Towers with Radar,447,50,12,0,509,0,51,17,0,68,447,101,29,0,577,0,0,0,577
03/22/2021,BOS,MA,ANE,EN,Towers with Radar,432,31,12,0,475,0,51,10,0,61,432,82,22,0,536,0,0,0,536
03/23/2021,BOS,MA,ANE,EN,Towers with Radar,378,58,13,0,449,0,35,6,0,41,378,93,19,0,490,0,0,0,490
03/24/2021,BOS,MA,ANE,EN,Towers with Radar,395,55,11,0,461,0,32,2,3,37,395,87,13,3,498,0,0,0,498
03/25/2021,BOS,MA,ANE,EN,Towers with Radar,470,88,15,0,573,0,5,1,0,6,470,93,16,0,579,0,0,0,579
03/26/2021,BOS,MA,ANE,EN,Towers with Radar,446,56,17,0,519,0,0,0,0,0,446,56,17,0,519,0,0,0,519
03/27/2021,BOS,MA,ANE,EN,Towers with Radar,394,55,14,0,463,0,41,16,1,58,394,96,30,1,521,0,0,0,521
03/28/2021,BOS,MA,ANE,EN,Towers with Radar,449,90,15,0,554,0,0,0,1,1,449,90,15,1,555,0,0,0,555
03/29/2021,BOS,MA,ANE,EN,Towers with Radar,427,49,6,0,482,0,28,0,0,28,427,77,6,0,510,0,0,0,510
03/30/2021,BOS,MA,ANE,EN,Towers with Radar,398,39,17,0,454,0,52,2,0,54,398,91,19,0,508,0,0,0,508
03/31/2021,BOS,MA,ANE,EN,Towers with Radar,393,89,16,0,498,0,16,0,2,18,393,105,16,2,516,0,0,0,516
04/01/2021,BOS,MA,ANE,EN,Towers with Radar,471,91,13,0,575,0,4,0,0,4,471,95,13,0,579,0,0,0,579
04/02/2021,BOS,MA,ANE,EN,Towers with Radar,443,59,12,0,514,0,59,4,0,63,443,118,16,0,577,0,0,0,577
04/03/2021,BOS,MA,ANE,EN,Towers with Radar,387,35,10,0,432,0,56,10,0,66,387,91,20,0,498,0,0,0,498
04/04/2021,BOS,MA,ANE,EN,Towers with Radar,436,39,8,0,483,0,56,1,0,57,436,95,9,0,540,0,0,0,540
04/05/2021,BOS,MA,ANE,EN,Towers with Radar,425,65,8,0,498,0,18,8,0,26,425,83,16,0,524,0,0,0,524
04/06/2021,BOS,MA,ANE,EN,Towers with Radar,378,68,14,0,460,0,35,4,0,39,378,103,18,0,499,0,0,0,499
04/07/2021,BOS,MA,ANE,EN,Towers with Radar,400,80,10,2,492,0,17,0,2,19,400,97,10,4,511,0,0,0,511
04/08/2021,BOS,MA,ANE,EN,Towers with Radar,494,68,7,0,569,0,32,11,0,43,494,100,18,0,612,0,0,0,612
04/09/2021,BOS,MA,ANE,EN,Towers with Radar,469,61,11,0,541,0,57,9,0,66,469,118,20,0,607,0,0,0,607
04/10/2021,BOS,MA,ANE,EN,Towers with Radar,405,47,15,0,467,0,41,11,0,52,405,88,26,0,519,0,0,0,519
04/11/2021,BOS,MA,ANE,EN,Towers with Radar,427,104,13,0,544,0,0,0,0,0,427,104,13,0,544,0,0,0,544
04/12/2021,BOS,MA,ANE,EN,Towers with Radar,445,83,8,0,536,0,3,2,0,5,445,86,10,0,541,0,0,0,541
04/13/2021,BOS,MA,ANE,EN,Towers with Radar,413,79,5,1,498,0,18,3,0,21,413,97,8,1,519,0,0,0,519
04/14/2021,BOS,MA,ANE,EN,Towers with Radar,425,59,13,0,497,0,36,4,0,40,425,95,17,0,537,0,0,0,537
04/15/2021,BOS,MA,ANE,EN,Towers with Radar,518,71,15,1,605,0,23,4,1,28,518,94,19,2,633,0,0,0,633
04/16/2021,BOS,MA,ANE,EN,Towers with Radar,522,102,16,0,640,0,0,0,0,0,522,102,16,0,640,0,0,0,640
04/17/2021,BOS,MA,ANE,EN,Towers with Radar,476,108,11,0,595,0,5,8,1,14,476,113,19,1,609,0,0,0,609
04/18/2021,BOS,MA,ANE,EN,Towers with Radar,501,67,7,1,576,0,45,6,0,51,501,112,13,1,627,0,0,0,627
04/19/2021,BOS,MA,ANE,EN,Towers with Radar,488,63,14,1,566,0,46,8,0,54,488,109,22,1,620,0,0,0,620
04/20/2021,BOS,MA,ANE,EN,Towers with Radar,418,54,8,0,480,0,46,4,2,52,418,100,12,2,532,0,0,0,532
04/21/2021,BOS,MA,ANE,EN,Towers with Radar,431,81,9,0,521,0,23,0,0,23,431,104,9,0,544,0,0,0,544
04/22/2021,BOS,MA,ANE,EN,Towers with Radar,522,93,17,0,632,0,12,4,0,16,522,105,21,0,648,0,0,0,648
04/23/2021,BOS,MA,ANE,EN,Towers with Radar,523,56,5,0,584,0,52,6,0,58,523,108,11,0,642,0,0,0,642
04/24/2021,BOS,MA,ANE,EN,Towers with Radar,456,53,10,0,519,0,46,12,0,58,456,99,22,0,577,0,0,0,577
04/25/2021,BOS,MA,ANE,EN,Towers with Radar,519,114,18,0,651,0,9,0,3,12,519,123,18,3,663,0,0,0,663
04/26/2021,BOS,MA,ANE,EN,Towers with Radar,487,54,5,0,546,0,42,0,0,42,487,96,5,0,588,0,0,0,588
04/27/2021,BOS,MA,ANE,EN,Towers with Radar,404,62,11,2,479,0,52,10,2,64,404,114,21,4,543,0,0,0,543
04/28/2021,BOS,MA,ANE,EN,Towers with Radar,405,87,15,3,510,0,30,6,0,36,405,117,21,3,546,0,0,0,546
04/29/2021,BOS,MA,ANE,EN,Towers with Radar,487,112,15,0,614,0,0,0,0,0,487,112,15,0,614,0,0,0,614
04/30/2021,BOS,MA,ANE,EN,Towers with Radar,481,90,10,0,581,0,9,0,0,9,481,99,10,0,590,0,0,0,590
05/01/2021,BOS,MA,ANE,EN,Towers with Radar,416,67,8,0,491,0,43,18,3,64,416,110,26,3,555,0,0,0,555
05/02/2021,BOS,MA,ANE,EN,Towers with Radar,456,63,7,0,526,0,55,24,0,79,456,118,31,0,605,0,0,0,605
05/03/2021,BOS,MA,ANE,EN,Towers with Radar,452,56,10,0,518,0,51,7,0,58,452,107,17,0,576,0,0,0,576
05/04/2021,BOS,MA,ANE,EN,Towers with Radar,385,113,16,0,514,0,2,0,0,2,385,115,16,0,516,0,0,0,516
05/05/2021,BOS,MA,ANE,EN,Towers with Radar,443,103,11,0,557,0,0,0,0,0,443,103,11,0,557,0,0,0,557
05/06/2021,BOS,MA,ANE,EN,Towers with Radar,526,80,19,0,625,0,38,10,4,52,526,118,29,4,677,0,0,0,677
05/07/2021,BOS,MA,ANE,EN,Towers with Radar,525,50,13,0,588,0,50,4,3,57,525,100,17,3,645,0,0,0,645
05/08/2021,BOS,MA,ANE,EN,Towers with Radar,446,76,9,0,531,0,39,15,0,54,446,115,24,0,585,0,0,0,585
05/09/2021,BOS,MA,ANE,EN,Towers with Radar,504,58,9,0,571,0,52,15,0,67,504,110,24,0,638,0,0,0,638
05/10/2021,BOS,MA,ANE,EN,Towers with Radar,506,85,8,0,599,0,19,4,0,23,506,104,12,0,622,0,0,0,622
05/11/2021,BOS,MA,ANE,EN,Towers with Radar,461,54,18,0,533,0,50,11,0,61,461,104,29,0,594,0,0,0,594
05/12/2021,BOS,MA,ANE,EN,Towers with Radar,465,69,18,1,553,0,52,2,1,55,465,121,20,2,608,0,0,0,608
05/13/2021,BOS,MA,ANE,EN,Towers with Radar,536,62,11,0,609,0,57,6,3,66,536,119,17,3,675,0,0,0,675
05/14/2021,BOS,MA,ANE,EN,Towers with Radar,526,66,18,0,610,0,64,5,0,69,526,130,23,0,679,0,0,0,679
05/15/2021,BOS,MA,ANE,EN,Towers with Radar,436,48,7,0,491,0,62,9,0,71,436,110,16,0,562,0,0,0,562
05/16/2021,BOS,MA,ANE,EN,Towers with Radar,505,54,18,1,578,0,62,8,0,70,505,116,26,1,648,0,0,0,648
05/17/2021,BOS,MA,ANE,EN,Towers with Radar,504,60,13,0,577,0,55,2,0,57,504,115,15,0,634,0,0,0,634
05/18/2021,BOS,MA,ANE,EN,Towers with Radar,469,45,19,0,533,0,64,2,0,66,469,109,21,0,599,0,0,0,599
05/19/2021,BOS,MA,ANE,EN,Towers with Radar,474,65,29,0,568,0,68,5,0,73,474,133,34,0,641,0,0,0,641
05/20/2021,BOS,MA,ANE,EN,Towers with Radar,549,51,26,0,626,0,64,15,0,79,549,115,41,0,705,0,0,0,705
05/21/2021,BOS,MA,ANE,EN,Towers with Radar,545,61,13,1,620,0,54,28,0,82,545,115,41,1,702,0,0,0,702
05/22/2021,BOS,MA,ANE,EN,Towers with Radar,458,59,11,0,528,0,57,6,3,66,458,116,17,3,594,0,0,0,594
05/23/2021,BOS,MA,ANE,EN,Towers with Radar,537,67,5,1,610,0,51,0,0,51,537,118,5,1,661,0,0,0,661
05/24/2021,BOS,MA,ANE,EN,Towers with Radar,532,50,17,0,599,0,70,6,0,76,532,120,23,0,675,0,0,0,675
05/25/2021,BOS,MA,ANE,EN,Towers with Radar,469,75,24,2,570,0,74,7,2,83,469,149,31,4,653,0,0,0,653
05/26/2021,BOS,MA,ANE,EN,Towers with Radar,489,120,28,0,637,0,44,5,0,49,489,164,33,0,686,0,0,0,686
05/27/2021,BOS,MA,ANE,EN,Towers with Radar,560,94,25,0,679,0,69,15,2,86,560,163,40,2,765,0,0,0,765
05/28/2021,BOS,MA,ANE,EN,Towers with Radar,558,105,18,2,683,0,84,8,1,93,558,189,26,3,776,0,0,0,776
05/29/2021,BOS,MA,ANE,EN,Towers with Radar,456,117,12,0,585,0,0,0,0,0,456,117,12,0,585,0,0,0,585
05/30/2021,BOS,MA,ANE,EN,Towers with Radar,485,106,8,2,601,0,0,0,0,0,485,106,8,2,601,0,0,0,601
05/31/2021,BOS,MA,ANE,EN,Towers with Radar,530,187,21,0,738,0,1,1,0,2,530,188,22,0,740,0,0,0,740
06/01/2021,BOS,MA,ANE,EN,Towers with Radar,455,91,16,0,562,0,84,13,0,97,455,175,29,0,659,0,0,0,659
06/02/2021,BOS,MA,ANE,EN,Towers with Radar,492,63,18,0,573,0,93,10,0,103,492,156,28,0,676,0,0,0,676
06/03/2021,BOS,MA,ANE,EN,Towers with Radar,570,150,24,0,744,0,14,1,0,15,570,164,25,0,759,0,0,0,759
06/04/2021,BOS,MA,ANE,EN,Towers with Radar,589,130,30,0,749,0,19,2,0,21,589,149,32,0,770,0,0,0,770
06/05/2021,BOS,MA,ANE,EN,Towers with Radar,539,73,6,2,620,0,78,11,1,90,539,151,17,3,710,0,0,0,710
06/06/2021,BOS,MA,ANE,EN,Towers with Radar,603,79,9,0,691,0,87,14,0,101,603,166,23,0,792,0,0,0,792
06/07/2021,BOS,MA,ANE,EN,Towers with Radar,603,86,21,0,710,0,83,1,0,84,603,169,22,0,794,0,0,0,794
06/08/2021,BOS,MA,ANE,EN,Towers with Radar,533,90,24,3,650,0,64,8,0,72,533,154,32,3,722,0,0,0,722
06/09/2021,BOS,MA,ANE,EN,Towers with Radar,549,100,18,1,668,0,72,4,0,76,549,172,22,1,744,0,0,0,744
06/10/2021,BOS,MA,ANE,EN,Towers with Radar,613,81,31,0,725,0,102,10,0,112,613,183,41,0,837,0,0,0,837
06/11/2021,BOS,MA,ANE,EN,Towers with Radar,653,75,21,0,749,0,107,18,2,127,653,182,39,2,876,0,0,0,876
06/12/2021,BOS,MA,ANE,EN,Towers with Radar,549,121,5,0,675,0,25,6,1,32,549,146,11,1,707,0,0,0,707
06/13/2021,BOS,MA,ANE,EN,Towers with Radar,612,82,25,0,719,0,104,9,0,113,612,186,34,0,832,0,0,0,832
06/14/2021,BOS,MA,ANE,EN,Towers with Radar,607,176,22,0,805,0,20,4,0,24,607,196,26,0,829,0,0,0,829
06/15/2021,BOS,MA,ANE,EN,Towers with Radar,583,141,24,0,748,0,15,4,0,19,583,156,28,0,767,0,0,0,767
06/16/2021,BOS,MA,ANE,EN,Towers with Radar,609,78,23,0,710,0,97,15,1,113,609,175,38,1,823,0,0,0,823
06/17/2021,BOS,MA,ANE,EN,Towers with Radar,628,102,18,1,749,0,98,12,2,112,628,200,30,3,861,0,0,0,861
06/18/2021,BOS,MA,ANE,EN,Towers with Radar,635,91,27,0,753,0,116,12,2,130,635,207,39,2,883,0,0,0,883
06/19/2021,BOS,MA,ANE,EN,Towers with Radar,561,71,7,0,639,0,97,12,0,109,561,168,19,0,748,0,0,0,748
06/20/2021,BOS,MA,ANE,EN,Towers with Radar,603,106,20,0,729,0,91,26,4,121,603,197,46,4,850,0,0,0,850
06/21/2021,BOS,MA,ANE,EN,Towers with Radar,612,144,26,0,782,0,34,5,2,41,612,178,31,2,823,0,0,0,823
06/22/2021,BOS,MA,ANE,EN,Towers with Radar,605,148,16,0,769,0,17,2,0,19,605,165,18,0,788,0,0,0,788
06/23/2021,BOS,MA,ANE,EN,Towers with Radar,613,86,20,0,719,0,99,7,0,106,613,185,27,0,825,0,0,0,825
06/24/2021,BOS,MA,ANE,EN,Towers with Radar,639,96,22,0,757,0,109,24,4,137,639,205,46,4,894,0,0,0,894
06/25/2021,BOS,MA,ANE,EN,Towers with Radar,648,201,41,1,891,0,5,0,0,5,648,206,41,1,896,0,0,0,896
06/26/2021,BOS,MA,ANE,EN,Towers with Radar,560,161,27,0,748,0,16,17,0,33,560,177,44,0,781,0,0,0,781
06/27/2021,BOS,MA,ANE,EN,Towers with Radar,625,150,24,1,800,0,36,10,0,46,625,186,34,1,846,0,0,0,846
06/28/2021,BOS,MA,ANE,EN,Towers with Radar,622,106,26,2,756,0,85,22,3,110,622,191,48,5,866,0,0,0,866
06/29/2021,BOS,MA,ANE,EN,Towers with Radar,596,91,35,1,723,0,77,9,2,88,596,168,44,3,811,0,0,0,811
06/30/2021,BOS,MA,ANE,EN,Towers with Radar,605,86,21,1,713,0,78,8,4,90,605,164,29,5,803,0,0,0,803
07/01/2021,BOS,MA,ANE,EN,Towers with Radar,630,164,15,0,809,0,64,8,1,73,630,228,23,1,882,0,0,0,882
07/02/2021,BOS,MA,ANE,EN,Towers with Radar,690,218,20,0,928,0,0,0,0,0,690,218,20,0,928,0,0,0,928
07/03/2021,BOS,MA,ANE,EN,Towers with Radar,573,149,6,0,728,0,0,0,0,0,573,149,6,0,728,0,0,0,728
07/04/2021,BOS,MA,ANE,EN,Towers with Radar,549,139,13,0,701,0,8,14,0,22,549,147,27,0,723,0,0,0,723
07/05/2021,BOS,MA,ANE,EN,Towers with Radar,619,139,20,0,778,0,71,5,0,76,619,210,25,0,854,0,0,0,854
07/06/2021,BOS,MA,ANE,EN,Towers with Radar,595,111,12,0,718,0,67,14,2,83,595,178,26,2,801,0,0,0,801
07/07/2021,BOS,MA,ANE,EN,Towers with Radar,646,102,35,1,784,0,94,13,1,108,646,196,48,2,892,0,0,0,892
07/08/2021,BOS,MA,ANE,EN,Towers with Radar,675,194,29,0,898,0,7,0,0,7,675,201,29,0,905,0,0,0,905
07/09/2021,BOS,MA,ANE,EN,Towers with Radar,670,55,13,1,739,0,7,0,0,7,670,62,13,1,746,0,0,0,746
07/10/2021,BOS,MA,ANE,EN,Towers with Radar,582,172,21,0,775,0,25,17,0,42,582,197,38,0,817,0,0,0,817
07/11/2021,BOS,MA,ANE,EN,Towers with Radar,646,114,22,0,782,0,91,6,0,97,646,205,28,0,879,0,0,0,879
07/12/2021,BOS,MA,ANE,EN,Towers with Radar,661,185,28,0,874,0,1,1,0,2,661,186,29,0,876,0,0,0,876
07/13/2021,BOS,MA,ANE,EN,Towers with Radar,656,187,26,0,869,0,0,0,0,0,656,187,26,0,869,0,0,0,869
07/14/2021,BOS,MA,ANE,EN,Towers with Radar,642,188,38,0,868,0,4,3,1,8,642,192,41,1,876,0,0,0,876
07/15/2021,BOS,MA,ANE,EN,Towers with Radar,693,178,23,1,895,0,15,8,2,25,693,193,31,3,920,0,0,0,920
07/16/2021,BOS,MA,ANE,EN,Towers with Radar,694,136,23,2,855,0,67,19,1,87,694,203,42,3,942,0,0,0,942
07/17/2021,BOS,MA,ANE,EN,Towers with Radar,574,145,17,2,738,0,30,14,2,46,574,175,31,4,784,0,0,0,784
07/18/2021,BOS,MA,ANE,EN,Towers with Radar,666,197,26,0,889,0,0,0,0,0,666,197,26,0,889,0,0,0,889
07/19/2021,BOS,MA,ANE,EN,Towers with Radar,679,198,22,0,899,0,4,0,0,4,679,202,22,0,903,0,0,0,903
07/20/2021,BOS,MA,ANE,EN,Towers with Radar,650,125,20,0,795,0,53,14,4,71,650,178,34,4,866,0,0,0,866
07/21/2021,BOS,MA,ANE,EN,Towers with Radar,649,122,30,0,801,0,52,9,0,61,649,174,39,0,862,0,0,0,862
07/22/2021,BOS,MA,ANE,EN,Towers with Radar,709,121,28,2,860,0,97,6,0,103,709,218,34,2,963,0,0,0,963
07/23/2021,BOS,MA,ANE,EN,Towers with Radar,684,104,16,0,804,0,109,9,0,118,684,213,25,0,922,0,0,0,922
07/24/2021,BOS,MA,ANE,EN,Towers with Radar,601,73,19,2,695,0,112,12,0,124,601,185,31,2,819,0,0,0,819
07/25/2021,BOS,MA,ANE,EN,Towers with Radar,656,194,17,2,869,0,18,0,0,18,656,212,17,2,887,0,0,0,887
07/26/2021,BOS,MA,ANE,EN,Towers with Radar,665,176,30,0,871,0,50,9,2,61,665,226,39,2,932,0,0,0,932
07/27/2021,BOS,MA,ANE,EN,Towers with Radar,647,98,18,2,765,0,66,7,4,77,647,164,25,6,842,0,0,0,842
07/28/2021,BOS,MA,ANE,EN,Towers with Radar,658,164,36,0,858,0,40,6,4,50,658,204,42,4,908,0,0,0,908
07/29/2021,BOS,MA,ANE,EN,Towers with Radar,672,145,35,1,853,0,61,3,0,64,672,206,38,1,917,0,0,0,917
07/30/2021,BOS,MA,ANE,EN,Towers with Radar,699,107,21,1,828,0,87,8,1,96,699,194,29,2,924,0,0,0,924
07/31/2021,BOS,MA,ANE,EN,Towers with Radar,598,68,10,0,676,0,113,20,2,135,598,181,30,2,811,0,0,0,811
08/01/2021,BOS,MA,ANE,EN,Towers with Radar,668,90,23,0,781,0,110,8,0,118,668,200,31,0,899,0,0,0,899
08/02/2021,BOS,MA,ANE,EN,Towers with Radar,654,137,30,0,821,0,78,14,0,92,654,215,44,0,913,0,0,0,913
08/03/2021,BOS,MA,ANE,EN,Towers with Radar,616,83,30,0,729,0,128,10,0,138,616,211,40,0,867,0,0,0,867
08/04/2021,BOS,MA,ANE,EN,Towers with Radar,638,150,28,0,816,0,81,10,3,94,638,231,38,3,910,0,0,0,910
08/05/2021,BOS,MA,ANE,EN,Towers with Radar,693,196,34,0,923,0,2,2,0,4,693,198,36,0,927,0,0,0,927
08/06/2021,BOS,MA,ANE,EN,Towers with Radar,686,119,30,0,835,0,102,21,0,123,686,221,51,0,958,0,0,0,958
08/07/2021,BOS,MA,ANE,EN,Towers with Radar,613,76,18,0,707,0,94,34,2,130,613,170,52,2,837,0,0,0,837
08/08/2021,BOS,MA,ANE,EN,Towers with Radar,674,120,34,0,828,0,105,6,2,113,674,225,40,2,941,0,0,0,941
08/09/2021,BOS,MA,ANE,EN,Towers with Radar,679,201,30,0,910,0,2,2,0,4,679,203,32,0,914,0,0,0,914
08/10/2021,BOS,MA,ANE,EN,Towers with Radar,666,200,24,0,890,0,10,5,2,17,666,210,29,2,907,0,0,0,907
08/11/2021,BOS,MA,ANE,EN,Towers with Radar,654,136,36,0,826,0,45,10,4,59,654,181,46,4,885,0,0,0,885
08/12/2021,BOS,MA,ANE,EN,Towers with Radar,702,111,21,0,834,0,95,17,3,115,702,206,38,3,949,0,0,0,949
08/13/2021,BOS,MA,ANE,EN,Towers with Radar,709,84,26,0,819,0,108,15,2,125,709,192,41,2,944,0,0,0,944
08/14/2021,BOS,MA,ANE,EN,Towers with Radar,619,99,15,0,733,0,104,18,0,122,619,203,33,0,855,0,0,0,855
08/15/2021,BOS,MA,ANE,EN,Towers with Radar,674,75,28,2,779,0,119,13,0,132,674,194,41,2,911,0,0,0,911
08/16/2021,BOS,MA,ANE,EN,Towers with Radar,692,102,11,0,805,0,111,24,0,135,692,213,35,0,940,0,0,0,940
08/17/2021,BOS,MA,ANE,EN,Towers with Radar,660,113,16,0,789,0,90,17,4,111,660,203,33,4,900,0,0,0,900
08/18/2021,BOS,MA,ANE,EN,Towers with Radar,674,122,28,0,824,0,78,33,0,111,674,200,61,0,935,0,0,0,935
08/19/2021,BOS,MA,ANE,EN,Towers with Radar,717,182,30,0,929,0,6,7,0,13,717,188,37,0,942,0,0,0,942
08/20/2021,BOS,MA,ANE,EN,Towers with Radar,723,194,35,4,956,0,19,10,1,30,723,213,45,5,986,0,0,0,986
08/21/2021,BOS,MA,ANE,EN,Towers with Radar,626,139,21,0,786,0,73,19,0,92,626,212,40,0,878,0,0,0,878
08/22/2021,BOS,MA,ANE,EN,Towers with Radar,563,48,7,0,618,0,0,0,0,0,563,48,7,0,618,0,0,0,618
08/23/2021,BOS,MA,ANE,EN,Towers with Radar,714,161,8,0,883,0,1,0,1,2,714,162,8,1,885,0,0,0,885
08/24/2021,BOS,MA,ANE,EN,Towers with Radar,671,167,34,0,872,0,46,10,1,57,671,213,44,1,929,0,0,0,929
08/25/2021,BOS,MA,ANE,EN,Towers with Radar,673,129,38,0,840,0,106,30,0,136,673,235,68,0,976,0,0,0,976
08/26/2021,BOS,MA,ANE,EN,Towers with Radar,710,118,31,0,859,0,103,24,0,127,710,221,55,0,986,0,0,0,986
08/27/2021,BOS,MA,ANE,EN,Towers with Radar,711,115,26,0,852,0,117,24,2,143,711,232,50,2,995,0,0,0,995
08/28/2021,BOS,MA,ANE,EN,Towers with Radar,639,91,11,1,742,0,96,16,0,112,639,187,27,1,854,0,0,0,854
08/29/2021,BOS,MA,ANE,EN,Towers with Radar,680,179,31,1,891,0,46,28,0,74,680,225,59,1,965,0,0,0,965
08/30/2021,BOS,MA,ANE,EN,Towers with Radar,689,161,25,1,876,0,39,11,3,53,689,200,36,4,929,0,0,0,929
08/31/2021,BOS,MA,ANE,EN,Towers with Radar,662,86,18,2,768,0,99,16,0,115,662,185,34,2,883,0,0,0,883
09/01/2021,BOS,MA,ANE,EN,Towers with Radar,664,130,34,0,828,0,66,5,0,71,664,196,39,0,899,0,0,0,899
09/02/2021,BOS,MA,ANE,EN,Towers with Radar,699,147,18,0,864,0,50,7,0,57,699,197,25,0,921,0,0,0,921
09/03/2021,BOS,MA,ANE,EN,Towers with Radar,707,111,30,1,849,0,117,27,1,145,707,228,57,2,994,0,0,0,994
09/04/2021,BOS,MA,ANE,EN,Towers with Radar,601,68,21,0,690,0,119,14,0,133,601,187,35,0,823,0,0,0,823
09/05/2021,BOS,MA,ANE,EN,Towers with Radar,585,86,10,0,681,0,85,8,0,93,585,171,18,0,774,0,0,0,774
09/06/2021,BOS,MA,ANE,EN,Towers with Radar,634,191,7,0,832,0,76,20,0,96,634,267,27,0,928,0,0,0,928
09/07/2021,BOS,MA,ANE,EN,Towers with Radar,616,93,34,0,743,0,124,15,0,139,616,217,49,0,882,0,0,0,882
09/08/2021,BOS,MA,ANE,EN,Towers with Radar,641,97,20,0,758,0,102,21,22,145,641,199,41,22,903,0,0,0,903
09/09/2021,BOS,MA,ANE,EN,Towers with Radar,696,207,26,0,929,0,6,1,0,7,696,213,27,0,936,0,0,0,936
09/10/2021,BOS,MA,ANE,EN,Towers with Radar,712,145,22,1,880,0,73,15,10,98,712,218,37,11,978,0,0,0,978
09/11/2021,BOS,MA,ANE,EN,Towers with Radar,588,69,16,1,674,0,88,23,0,111,588,157,39,1,785,0,0,0,785
09/12/2021,BOS,MA,ANE,EN,Towers with Radar,685,127,37,0,849,0,99,31,0,130,685,226,68,0,979,0,0,0,979
09/13/2021,BOS,MA,ANE,EN,Towers with Radar,724,125,30,0,879,0,81,13,0,94,724,206,43,0,973,0,0,0,973
09/14/2021,BOS,MA,ANE,EN,Towers with Radar,670,99,23,0,792,0,100,6,2,108,670,199,29,2,900,0,0,0,900
09/15/2021,BOS,MA,ANE,EN,Towers with Radar,672,144,21,0,837,0,47,5,3,55,672,191,26,3,892,0,0,0,892
09/16/2021,BOS,MA,ANE,EN,Towers with Radar,758,214,20,0,992,0,5,0,0,5,758,219,20,0,997,0,0,0,997
09/17/2021,BOS,MA,ANE,EN,Towers with Radar,753,217,29,1,1000,0,0,0,0,0,753,217,29,1,1000,0,0,0,1000
09/18/2021,BOS,MA,ANE,EN,Towers with Radar,617,142,16,1,776,0,12,2,0,14,617,154,18,1,790,0,0,0,790
09/19/2021,BOS,MA,ANE,EN,Towers with Radar,726,108,24,0,858,0,131,26,0,157,726,239,50,0,1015,0,0,0,1015
09/20/2021,BOS,MA,ANE,EN,Towers with Radar,734,107,29,2,872,0,123,16,0,139,734,230,45,2,1011,0,0,0,1011
09/21/2021,BOS,MA,ANE,EN,Towers with Radar,693,168,28,0,889,0,45,16,0,61,693,213,44,0,950,0,0,0,950
09/22/2021,BOS,MA,ANE,EN,Towers with Radar,698,181,32,0,911,0,31,1,0,32,698,212,33,0,943,0,0,0,943
09/23/2021,BOS,MA,ANE,EN,Towers with Radar,712,184,61,0,957,0,65,12,6,83,712,249,73,6,1040,0,0,0,1040
09/24/2021,BOS,MA,ANE,EN,Towers with Radar,739,240,38,0,1017,0,18,5,0,23,739,258,43,0,1040,0,0,0,1040
09/25/2021,BOS,MA,ANE,EN,Towers with Radar,603,146,39,0,788,0,30,18,0,48,603,176,57,0,836,0,0,0,836
09/26/2021,BOS,MA,ANE,EN,Towers with Radar,720,178,49,0,947,0,73,16,0,89,720,251,65,0,1036,0,0,0,1036
09/27/2021,BOS,MA,ANE,EN,Towers with Radar,735,128,26,0,889,0,103,17,0,120,735,231,43,0,1009,0,0,0,1009
09/28/2021,BOS,MA,ANE,EN,Towers with Radar,684,144,15,2,845,0,33,0,2,35,684,177,15,4,880,0,0,0,880
09/29/2021,BOS,MA,ANE,EN,Towers with Radar,696,134,35,0,865,0,79,19,0,98,696,213,54,0,963,0,0,0,963
09/30/2021,BOS,MA,ANE,EN,Towers with Radar,752,171,28,0,951,0,54,32,0,86,752,225,60,0,1037,0,0,0,1037
10/01/2021,BOS,MA,ANE,EN,Towers with Radar,762,116,43,0,921,0,120,19,0,139,762,236,62,0,1060,0,0,0,1060
10/02/2021,BOS,MA,ANE,EN,Towers with Radar,609,79,20,0,708,0,78,28,0,106,609,157,48,0,814,0,0,0,814
10/03/2021,BOS,MA,ANE,EN,Towers with Radar,727,200,34,0,961,0,12,21,0,33,727,212,55,0,994,0,0,0,994
10/04/2021,BOS,MA,ANE,EN,Towers with Radar,724,203,42,0,969,0,2,0,0,2,724,205,42,0,971,0,0,0,971
10/05/2021,BOS,MA,ANE,EN,Towers with Radar,687,209,45,0,941,0,0,4,0,4,687,209,49,0,945,0,0,0,945
10/06/2021,BOS,MA,ANE,EN,Towers with Radar,701,115,37,0,853,0,76,13,4,93,701,191,50,4,946,0,0,0,946
10/07/2021,BOS,MA,ANE,EN,Towers with Radar,759,117,36,0,912,0,96,14,2,112,759,213,50,2,1024,0,0,0,1024
10/08/2021,BOS,MA,ANE,EN,Towers with Radar,758,149,41,0,948,0,85,20,0,105,758,234,61,0,1053,0,0,0,1053
10/09/2021,BOS,MA,ANE,EN,Towers with Radar,635,172,26,0,833,0,13,15,0,28,635,185,41,0,861,0,0,0,861
10/10/2021,BOS,MA,ANE,EN,Towers with Radar,718,156,24,0,898,0,26,9,0,35,718,182,33,0,933,0,0,0,933
10/11/2021,BOS,MA,ANE,EN,Towers with Radar,765,203,40,0,1008,0,29,13,0,42,765,232,53,0,1050,0,0,0,1050
10/12/2021,BOS,MA,ANE,EN,Towers with Radar,732,125,35,1,893,0,66,21,0,87,732,191,56,1,980,0,0,0,980
10/13/2021,BOS,MA,ANE,EN,Towers with Radar,737,97,39,1,874,0,57,16,0,73,737,154,55,1,947,0,0,0,947
10/14/2021,BOS,MA,ANE,EN,Towers with Radar,782,123,40,0,945,0,43,14,1,58,782,166,54,1,1003,0,0,0,1003
10/15/2021,BOS,MA,ANE,EN,Towers with Radar,781,169,35,1,986,0,14,17,0,31,781,183,52,1,1017,0,0,0,1017
10/16/2021,BOS,MA,ANE,EN,Towers with Radar,631,103,22,1,757,0,14,4,0,18,631,117,26,1,775,0,0,0,775
10/17/2021,BOS,MA,ANE,EN,Towers with Radar,763,140,51,0,954,0,36,30,0,66,763,176,81,0,1020,0,0,0,1020
10/18/2021,BOS,MA,ANE,EN,Towers with Radar,757,119,38,0,914,0,60,10,0,70,757,179,48,0,984,0,0,0,984
10/19/2021,BOS,MA,ANE,EN,Towers with Radar,724,118,51,0,893,0,62,12,3,77,724,180,63,3,970,0,0,0,970
10/20/2021,BOS,MA,ANE,EN,Towers with Radar,738,131,43,2,914,0,54,17,0,71,738,185,60,2,985,0,0,0,985
10/21/2021,BOS,MA,ANE,EN,Towers with Radar,775,120,30,0,925,0,63,14,5,82,775,183,44,5,1007,0,0,0,1007
10/22/2021,BOS,MA,ANE,EN,Towers with Radar,791,134,22,0,947,0,47,9,5,61,791,181,31,5,1008,0,0,0,1008
10/23/2021,BOS,MA,ANE,EN,Towers with Radar,627,127,28,0,782,0,27,27,0,54,627,154,55,0,836,0,0,0,836
10/24/2021,BOS,MA,ANE,EN,Towers with Radar,741,137,27,2,907,0,61,15,0,76,741,198,42,2,983,0,0,0,983
10/25/2021,BOS,MA,ANE,EN,Towers with Radar,730,171,29,0,930,0,1,0,0,1,730,172,29,0,931,0,0,0,931
10/26/2021,BOS,MA,ANE,EN,Towers with Radar,729,71,25,2,827,0,0,0,0,0,729,71,25,2,827,0,0,0,827
10/27/2021,BOS,MA,ANE,EN,Towers with Radar,706,74,29,1,810,0,0,1,0,1,706,74,30,1,811,0,0,0,811
10/28/2021,BOS,MA,ANE,EN,Towers with Radar,762,147,45,1,955,0,9,11,4,24,762,156,56,5,979,0,0,0,979
10/29/2021,BOS,MA,ANE,EN,Towers with Radar,774,149,29,0,952,0,20,12,0,32,774,169,41,0,984,0,0,0,984
10/30/2021,BOS,MA,ANE,EN,Towers with Radar,628,105,10,0,743,0,0,0,0,0,628,105,10,0,743,0,0,0,743
10/31/2021,BOS,MA,ANE,EN,Towers with Radar,642,115,8,0,765,0,24,14,0,38,642,139,22,0,803,0,0,0,803
11/01/2021,BOS,MA,ANE,EN,Towers with Radar,776,75,31,0,882,0,91,15,0,106,776,166,46,0,988,0,0,0,988
11/02/2021,BOS,MA,ANE,EN,Towers with Radar,780,87,24,0,891,0,65,8,0,73,780,152,32,0,964,0,0,0,964
11/03/2021,BOS,MA,ANE,EN,Towers with Radar,799,98,31,0,928,0,59,18,4,81,799,157,49,4,1009,0,0,0,1009
11/04/2021,BOS,MA,ANE,EN,Towers with Radar,858,95,46,1,1000,0,56,10,3,69,858,151,56,4,1069,0,0,0,1069
11/05/2021,BOS,MA,ANE,EN,Towers with Radar,859,79,43,0,981,0,56,12,2,70,859,135,55,2,1051,0,0,0,1051
11/06/2021,BOS,MA,ANE,EN,Towers with Radar,645,59,21,0,725,0,56,36,0,92,645,115,57,0,817,0,0,0,817
11/07/2021,BOS,MA,ANE,EN,Towers with Radar,769,96,11,0,876,0,71,32,2,105,769,167,43,2,981,0,0,0,981
11/08/2021,BOS,MA,ANE,EN,Towers with Radar,787,76,34,0,897,0,56,6,3,65,787,132,40,3,962,0,0,0,962
11/09/2021,BOS,MA,ANE,EN,Towers with Radar,748,100,25,0,873,0,49,14,0,63,748,149,39,0,936,0,0,0,936
11/10/2021,BOS,MA,ANE,EN,Towers with Radar,766,107,37,0,910,0,35,19,0,54,766,142,56,0,964,0,0,0,964
11/11/2021,BOS,MA,ANE,EN,Towers with Radar,807,95,22,0,924,0,61,19,2,82,807,156,41,2,1006,0,0,0,1006
11/12/2021,BOS,MA,ANE,EN,Towers with Radar,816,112,17,0,945,0,7,0,0,7,816,119,17,0,952,0,0,0,952
11/13/2021,BOS,MA,ANE,EN,Towers with Radar,649,67,10,0,726,0,46,5,0,51,649,113,15,0,777,0,0,0,777
11/14/2021,BOS,MA,ANE,EN,Towers with Radar,787,121,23,1,932,0,47,7,1,55,787,168,30,2,987,0,0,0,987
11/15/2021,BOS,MA,ANE,EN,Towers with Radar,798,126,28,0,952,0,36,6,0,42,798,162,34,0,994,0,0,0,994
11/16/2021,BOS,MA,ANE,EN,Towers with Radar,751,106,32,2,891,0,37,4,1,42,751,143,36,3,933,0,0,0,933
11/17/2021,BOS,MA,ANE,EN,Towers with Radar,758,89,28,0,875,0,59,18,0,77,758,148,46,0,952,0,0,0,952
11/18/2021,BOS,MA,ANE,EN,Towers with Radar,811,107,24,1,943,0,49,14,0,63,811,156,38,1,1006,0,0,0,1006
11/19/2021,BOS,MA,ANE,EN,Towers with Radar,853,107,41,0,1001,0,50,9,0,59,853,157,50,0,1060,0,0,0,1060
11/20/2021,BOS,MA,ANE,EN,Towers with Radar,667,95,18,0,780,0,51,15,0,66,667,146,33,0,846,0,0,0,846
11/21/2021,BOS,MA,ANE,EN,Towers with Radar,807,118,21,0,946,0,41,17,0,58,807,159,38,0,1004,0,0,0,1004
11/22/2021,BOS,MA,ANE,EN,Towers with Radar,798,131,22,0,951,0,13,2,0,15,798,144,24,0,966,0,0,0,966
11/23/2021,BOS,MA,ANE,EN,Towers with Radar,832,114,21,0,967,0,57,8,6,71,832,171,29,6,1038,0,0,0,1038
11/24/2021,BOS,MA,ANE,EN,Towers with Radar,864,128,20,0,1012,0,57,4,0,61,864,185,24,0,1073,0,0,0,1073
11/25/2021,BOS,MA,ANE,EN,Towers with Radar,486,61,13,0,560,0,38,9,0,47,486,99,22,0,607,0,0,0,607
11/26/2021,BOS,MA,ANE,EN,Towers with Radar,599,129,9,0,737,0,7,0,0,7,599,136,9,0,744,0,0,0,744
11/27/2021,BOS,MA,ANE,EN,Towers with Radar,725,138,21,0,884,0,19,16,0,35,725,157,37,0,919,0,0,0,919
11/28/2021,BOS,MA,ANE,EN,Towers with Radar,856,177,23,0,1056,0,50,16,0,66,856,227,39,0,1122,0,0,0,1122
11/29/2021,BOS,MA,ANE,EN,Towers with Radar,856,114,23,0,993,0,36,12,0,48,856,150,35,0,1041,0,0,0,1041
11/30/2021,BOS,MA,ANE,EN,Towers with Radar,810,126,27,0,963,0,37,14,0,51,810,163,41,0,1014,0,0,0,1014
12/01/2021,BOS,MA,ANE,EN,Towers with Radar,813,109,34,0,956,0,51,19,0,70,813,160,53,0,1026,0,0,0,1026
12/02/2021,BOS,MA,ANE,EN,Towers with Radar,856,146,14,0,1016,0,23,2,0,25,856,169,16,0,1041,0,0,0,1041
12/03/2021,BOS,MA,ANE,EN,Towers with Radar,866,112,19,0,997,0,56,11,0,67,866,168,30,0,1064,0,0,0,1064
12/04/2021,BOS,MA,ANE,EN,Towers with Radar,641,55,9,0,705,0,56,16,0,72,641,111,25,0,777,0,0,0,777
12/05/2021,BOS,MA,ANE,EN,Towers with Radar,799,84,31,0,914,0,73,18,0,91,799,157,49,0,1005,0,0,0,1005
12/06/2021,BOS,MA,ANE,EN,Towers with Radar,791,105,34,0,930,0,3,2,0,5,791,108,36,0,935,0,0,0,935
12/07/2021,BOS,MA,ANE,EN,Towers with Radar,739,105,29,0,873,0,44,17,3,64,739,149,46,3,937,0,0,0,937
12/08/2021,BOS,MA,ANE,EN,Towers with Radar,729,125,40,0,894,0,13,0,1,14,729,138,40,1,908,0,0,0,908
12/09/2021,BOS,MA,ANE,EN,Towers with Radar,803,110,30,0,943,0,41,10,0,51,803,151,40,0,994,0,0,0,994
12/10/2021,BOS,MA,ANE,EN,Towers with Radar,805,134,22,0,961,0,26,12,0,38,805,160,34,0,999,0,0,0,999
12/11/2021,BOS,MA,ANE,EN,Towers with Radar,605,87,15,0,707,0,0,0,0,0,605,87,15,0,707,0,0,0,707
12/12/2021,BOS,MA,ANE,EN,Towers with Radar,761,76,11,0,848,0,56,16,2,74,761,132,27,2,922,0,0,0,922
12/13/2021,BOS,MA,ANE,EN,Towers with Radar,795,78,28,0,901,0,56,12,0,68,795,134,40,0,969,0,0,0,969
12/14/2021,BOS,MA,ANE,EN,Towers with Radar,727,83,14,0,824,0,47,6,1,54,727,130,20,1,878,0,0,0,878
12/15/2021,BOS,MA,ANE,EN,Towers with Radar,722,78,32,0,832,0,53,8,4,65,722,131,40,4,897,0,0,0,897
12/16/2021,BOS,MA,ANE,EN,Towers with Radar,796,102,35,0,933,0,26,6,2,34,796,128,41,2,967,0,0,0,967
12/17/2021,BOS,MA,ANE,EN,Towers with Radar,833,71,20,0,924,0,50,8,0,58,833,121,28,0,982,0,0,0,982
12/18/2021,BOS,MA,ANE,EN,Towers with Radar,687,73,14,0,774,0,17,2,0,19,687,90,16,0,793,0,0,0,793
12/19/2021,BOS,MA,ANE,EN,Towers with Radar,777,97,15,3,892,0,2,5,0,7,777,99,20,3,899,0,0,0,899
12/20/2021,BOS,MA,ANE,EN,Towers with Radar,797,73,16,0,886,0,47,11,1,59,797,120,27,1,945,0,0,0,945
12/21/2021,BOS,MA,ANE,EN,Towers with Radar,768,92,15,0,875,0,49,5,1,55,768,141,20,1,930,0,0,0,930
12/22/2021,BOS,MA,ANE,EN,Towers with Radar,790,104,9,0,903,0,3,3,0,6,790,107,12,0,909,0,0,0,909
12/23/2021,BOS,MA,ANE,EN,Towers with Radar,792,79,8,0,879,0,50,11,0,61,792,129,19,0,940,0,0,0,940
12/24/2021,BOS,MA,ANE,EN,Towers with Radar,609,79,4,0,692,0,18,4,0,22,609,97,8,0,714,0,0,0,714
12/25/2021,BOS,MA,ANE,EN,Towers with Radar,550,50,5,0,605,0,0,0,0,0,550,50,5,0,605,0,0,0,605
12/26/2021,BOS,MA,ANE,EN,Towers with Radar,672,121,21,0,814,0,6,7,0,13,672,127,28,0,827,0,0,0,827
12/27/2021,BOS,MA,ANE,EN,Towers with Radar,673,77,15,0,765,0,44,4,0,48,673,121,19,0,813,0,0,0,813
12/28/2021,BOS,MA,ANE,EN,Towers with Radar,681,96,12,0,789,0,9,3,0,12,681,105,15,0,801,0,0,0,801
12/29/2021,BOS,MA,ANE,EN,Towers with Radar,688,110,11,2,811,0,23,10,0,33,688,133,21,2,844,0,0,0,844
12/30/2021,BOS,MA,ANE,EN,Towers with Radar,660,140,16,2,818,0,1,0,0,1,660,141,16,2,819,0,0,0,819
12/31/2021,BOS,MA,ANE,EN,Towers with Radar,588,106,15,0,709,0,0,0,0,0,588,106,15,0,709,0,0,0,709
01/01/2022,BOS,MA,ANE,EN,Towers with Radar,542,86,16,0,644,0,0,0,0,0,542,86,16,0,644,0,0,0,644
01/02/2022,BOS,MA,ANE,EN,Towers with Radar,650,120,21,0,791,0,0,0,0,0,650,120,21,0,791,0,0,0,791
01/03/2022,BOS,MA,ANE,EN,Towers with Radar,650,88,13,0,751,0,13,4,0,17,650,101,17,0,768,0,0,0,768
01/04/2022,BOS,MA,ANE,EN,Towers with Radar,713,68,13,0,794,0,47,1,0,48,713,115,14,0,842,0,0,0,842
01/05/2022,BOS,MA,ANE,EN,Towers with Radar,758,105,10,0,873,0,2,0,0,2,758,107,10,0,875,0,0,0,875
01/06/2022,BOS,MA,ANE,EN,Towers with Radar,736,73,15,0,824,0,32,5,0,37,736,105,20,0,861,0,0,0,861
01/07/2022,BOS,MA,ANE,EN,Towers with Radar,448,15,1,0,464,0,2,0,0,2,448,17,1,0,466,0,0,0,466
01/08/2022,BOS,MA,ANE,EN,Towers with Radar,594,55,9,0,658,0,49,1,0,50,594,104,10,0,708,0,0,0,708
01/09/2022,BOS,MA,ANE,EN,Towers with Radar,745,86,9,0,840,0,13,1,0,14,745,99,10,0,854,0,0,0,854
01/10/2022,BOS,MA,ANE,EN,Towers with Radar,742,79,13,0,834,0,34,3,0,37,742,113,16,0,871,0,0,0,871
01/11/2022,BOS,MA,ANE,EN,Towers with Radar,710,62,4,0,776,0,35,7,0,42,710,97,11,0,818,0,0,0,818
01/12/2022,BOS,MA,ANE,EN,Towers with Radar,745,86,24,0,855,0,42,5,0,47,745,128,29,0,902,0,0,0,902
01/13/2022,BOS,MA,ANE,EN,Towers with Radar,784,92,20,0,896,0,33,9,0,42,784,125,29,0,938,0,0,0,938
01/14/2022,BOS,MA,ANE,EN,Towers with Radar,782,105,6,0,893,0,0,0,0,0,782,105,6,0,893,0,0,0,893
01/15/2022,BOS,MA,ANE,EN,Towers with Radar,597,56,18,0,671,0,30,3,0,33,597,86,21,0,704,0,0,0,704
01/16/2022,BOS,MA,ANE,EN,Towers with Radar,606,66,15,0,687,0,47,12,0,59,606,113,27,0,746,0,0,0,746
01/17/2022,BOS,MA,ANE,EN,Towers with Radar,739,53,9,0,801,0,0,2,0,2,739,53,11,0,803,0,0,0,803
01/18/2022,BOS,MA,ANE,EN,Towers with Radar,710,86,14,0,810,0,33,2,0,35,710,119,16,0,845,0,0,0,845
01/19/2022,BOS,MA,ANE,EN,Towers with Radar,721,81,21,0,823,0,33,4,0,37,721,114,25,0,860,0,0,0,860
01/20/2022,BOS,MA,ANE,EN,Towers with Radar,744,92,21,1,858,0,7,2,0,9,744,99,23,1,867,0,0,0,867
01/21/2022,BOS,MA,ANE,EN,Towers with Radar,770,91,12,3,876,0,24,4,0,28,770,115,16,3,904,0,0,0,904
01/22/2022,BOS,MA,ANE,EN,Towers with Radar,599,66,9,0,674,0,9,15,0,24,599,75,24,0,698,0,0,0,698
01/23/2022,BOS,MA,ANE,EN,Towers with Radar,737,83,16,0,836,0,24,5,0,29,737,107,21,0,865,0,0,0,865
01/24/2022,BOS,MA,ANE,EN,Towers with Radar,763,90,6,0,859,0,27,2,0,29,763,117,8,0,888,0,0,0,888
01/25/2022,BOS,MA,ANE,EN,Towers with Radar,712,94,12,0,818,0,8,3,1,12,712,102,15,1,830,0,0,0,830
01/26/2022,BOS,MA,ANE,EN,Towers with Radar,736,72,19,0,827,0,42,3,0,45,736,114,22,0,872,0,0,0,872
01/27/2022,BOS,MA,ANE,EN,Towers with Radar,780,84,28,0,892,0,37,17,0,54,780,121,45,0,946,0,0,0,946
01/28/2022,BOS,MA,ANE,EN,Towers with Radar,687,100,14,0,801,0,30,2,0,32,687,130,16,0,833,0,0,0,833
01/29/2022,BOS,MA,ANE,EN,Towers with Radar,8,2,0,0,10,0,0,0,0,0,8,2,0,0,10,0,0,0,10
01/30/2022,BOS,MA,ANE,EN,Towers with Radar,377,52,19,0,448,0,2,2,2,6,377,54,21,2,454,0,0,0,454
01/31/2022,BOS,MA,ANE,EN,Towers with Radar,734,70,25,0,829,0,24,2,0,26,734,94,27,0,855,0,0,0,855
02/01/2022,BOS,MA,ANE,EN,Towers with Radar,716,95,20,0,831,0,9,6,2,17,716,104,26,2,848,0,0,0,848
02/02/2022,BOS,MA,ANE,EN,Towers with Radar,694,124,30,0,848,0,1,0,4,5,694,125,30,4,853,0,0,0,853
02/03/2022,BOS,MA,ANE,EN,Towers with Radar,670,73,20,0,763,0,0,1,0,1,670,73,21,0,764,0,0,0,764
02/04/2022,BOS,MA,ANE,EN,Towers with Radar,279,21,13,0,313,0,0,0,0,0,279,21,13,0,313,0,0,0,313
02/05/2022,BOS,MA,ANE,EN,Towers with Radar,557,60,12,0,629,0,11,14,1,26,557,71,26,1,655,0,0,0,655
02/06/2022,BOS,MA,ANE,EN,Towers with Radar,733,74,16,2,825,0,37,9,0,46,733,111,25,2,871,0,0,0,871
02/07/2022,BOS,MA,ANE,EN,Towers with Radar,768,107,27,0,902,0,0,0,0,0,768,107,27,0,902,0,0,0,902
02/08/2022,BOS,MA,ANE,EN,Towers with Radar,723,119,21,0,863,0,0,1,0,1,723,119,22,0,864,0,0,0,864
02/09/2022,BOS,MA,ANE,EN,Towers with Radar,751,79,23,0,853,0,40,5,2,47,751,119,28,2,900,0,0,0,900
02/10/2022,BOS,MA,ANE,EN,Towers with Radar,788,114,14,0,916,0,8,3,0,11,788,122,17,0,927,0,0,0,927
02/11/2022,BOS,MA,ANE,EN,Towers with Radar,797,77,7,0,881,0,33,16,2,51,797,110,23,2,932,0,0,0,932
02/12/2022,BOS,MA,ANE,EN,Towers with Radar,616,62,11,0,689,0,24,14,0,38,616,86,25,0,727,0,0,0,727
02/13/2022,BOS,MA,ANE,EN,Towers with Radar,629,103,1,0,733,0,0,0,0,0,629,103,1,0,733,0,0,0,733
02/14/2022,BOS,MA,ANE,EN,Towers with Radar,769,103,20,1,893,0,16,14,0,30,769,119,34,1,923,0,0,0,923
02/15/2022,BOS,MA,ANE,EN,Towers with Radar,746,84,23,1,854,0,33,10,0,43,746,117,33,1,897,0,0,0,897
02/16/2022,BOS,MA,ANE,EN,Towers with Radar,770,95,24,0,889,0,25,7,0,32,770,120,31,0,921,0,0,0,921
02/17/2022,BOS,MA,ANE,EN,Towers with Radar,836,69,25,0,930,0,16,0,0,16,836,85,25,0,946,0,0,0,946
02/18/2022,BOS,MA,ANE,EN,Towers with Radar,862,89,12,0,963,0,20,4,2,26,862,109,16,2,989,0,0,0,989
02/19/2022,BOS,MA,ANE,EN,Towers with Radar,700,86,26,0,812,0,12,2,0,14,700,98,28,0,826,0,0,0,826
02/20/2022,BOS,MA,ANE,EN,Towers with Radar,760,69,20,0,849,0,39,18,0,57,760,108,38,0,906,0,0,0,906
02/21/2022,BOS,MA,ANE,EN,Towers with Radar,834,61,16,0,911,0,34,20,0,54,834,95,36,0,965,0,0,0,965
02/22/2022,BOS,MA,ANE,EN,Towers with Radar,836,103,13,0,952,0,0,0,0,0,836,103,13,0,952,0,0,0,952
02/23/2022,BOS,MA,ANE,EN,Towers with Radar,835,87,21,0,943,0,19,1,0,20,835,106,22,0,963,0,0,0,963
02/24/2022,BOS,MA,ANE,EN,Towers with Radar,764,91,28,0,883,0,37,2,0,39,764,128,30,0,922,0,0,0,922
02/25/2022,BOS,MA,ANE,EN,Towers with Radar,290,11,11,0,312,0,0,0,0,0,290,11,11,0,312,0,0,0,312
02/26/2022,BOS,MA,ANE,EN,Towers with Radar,716,81,21,0,818,0,33,15,0,48,716,114,36,0,866,0,0,0,866
02/27/2022,BOS,MA,ANE,EN,Towers with Radar,830,114,34,0,978,0,40,2,2,44,830,154,36,2,1022,0,0,0,1022
02/28/2022,BOS,MA,ANE,EN,Towers with Radar,850,88,22,0,960,0,35,2,0,37,850,123,24,0,997,0,0,0,997
03/01/2022,BOS,MA,ANE,EN,Towers with Radar,806,90,32,0,928,0,18,11,4,33,806,108,43,4,961,0,0,0,961
03/02/2022,BOS,MA,ANE,EN,Towers with Radar,809,94,31,0,934,0,24,11,0,35,809,118,42,0,969,0,0,0,969
03/03/2022,BOS,MA,ANE,EN,Towers with Radar,836,124,17,0,977,0,20,7,2,29,836,144,24,2,1006,0,0,0,1006
03/04/2022,BOS,MA,ANE,EN,Towers with Radar,828,79,19,0,926,0,34,6,2,42,828,113,25,2,968,0,0,0,968
03/05/2022,BOS,MA,ANE,EN,Towers with Radar,668,60,13,0,741,0,38,12,0,50,668,98,25,0,791,0,0,0,791
03/06/2022,BOS,MA,ANE,EN,Towers with Radar,809,75,20,0,904,0,4,4,0,8,809,79,24,0,912,0,0,0,912
03/07/2022,BOS,MA,ANE,EN,Towers with Radar,811,94,25,0,930,0,16,1,1,18,811,110,26,1,948,0,0,0,948
03/08/2022,BOS,MA,ANE,EN,Towers with Radar,835,93,30,0,958,0,29,8,2,39,835,122,38,2,997,0,0,0,997
03/09/2022,BOS,MA,ANE,EN,Towers with Radar,773,110,26,0,909,0,13,0,0,13,773,123,26,0,922,0,0,0,922
03/10/2022,BOS,MA,ANE,EN,Towers with Radar,865,110,31,0,1006,0,30,2,0,32,865,140,33,0,1038,0,0,0,1038
03/11/2022,BOS,MA,ANE,EN,Towers with Radar,858,87,48,0,993,0,32,12,0,44,858,119,60,0,1037,0,0,0,1037
03/12/2022,BOS,MA,ANE,EN,Towers with Radar,623,49,14,0,686,0,0,0,0,0,623,49,14,0,686,0,0,0,686
03/13/2022,BOS,MA,ANE,EN,Towers with Radar,783,76,34,0,893,0,31,2,2,35,783,107,36,2,928,0,0,0,928
03/14/2022,BOS,MA,ANE,EN,Towers with Radar,830,104,15,0,949,0,28,6,5,39,830,132,21,5,988,0,0,0,988
03/15/2022,BOS,MA,ANE,EN,Towers with Radar,836,84,29,0,949,0,27,7,0,34,836,111,36,0,983,0,0,0,983
03/16/2022,BOS,MA,ANE,EN,Towers with Radar,831,91,41,1,964,0,17,6,0,23,831,108,47,1,987,0,0,0,987
03/17/2022,BOS,MA,ANE,EN,Towers with Radar,803,84,19,1,907,0,0,0,0,0,803,84,19,1,907,0,0,0,907
03/18/2022,BOS,MA,ANE,EN,Towers with Radar,833,111,27,0,971,0,17,12,0,29,833,128,39,0,1000,0,0,0,1000
03/19/2022,BOS,MA,ANE,EN,Towers with Radar,718,70,20,0,808,0,0,0,0,0,718,70,20,0,808,0,0,0,808
03/20/2022,BOS,MA,ANE,EN,Towers with Radar,835,119,24,0,978,0,5,15,0,20,835,124,39,0,998,0,0,0,998
03/21/2022,BOS,MA,ANE,EN,Towers with Radar,845,107,11,0,963,0,31,9,0,40,845,138,20,0,1003,0,0,0,1003
03/22/2022,BOS,MA,ANE,EN,Towers with Radar,837,82,12,0,931,0,36,9,0,45,837,118,21,0,976,0,0,0,976
03/23/2022,BOS,MA,ANE,EN,Towers with Radar,835,93,16,1,945,0,39,25,0,64,835,132,41,1,1009,0,0,0,1009
03/24/2022,BOS,MA,ANE,EN,Towers with Radar,852,112,19,0,983,0,0,0,0,0,852,112,19,0,983,0,0,0,983
03/25/2022,BOS,MA,ANE,EN,Towers with Radar,870,111,26,0,1007,0,19,7,0,26,870,130,33,0,1033,0,0,0,1033
03/26/2022,BOS,MA,ANE,EN,Towers with Radar,708,78,17,0,803,0,22,5,3,30,708,100,22,3,833,0,0,0,833
03/27/2022,BOS,MA,ANE,EN,Towers with Radar,841,120,24,1,986,0,30,7,0,37,841,150,31,1,1023,0,0,0,1023
03/28/2022,BOS,MA,ANE,EN,Towers with Radar,850,112,25,0,987,0,13,2,0,15,850,125,27,0,1002,0,0,0,1002
03/29/2022,BOS,MA,ANE,EN,Towers with Radar,867,91,31,0,989,0,21,12,4,37,867,112,43,4,1026,0,0,0,1026
03/30/2022,BOS,MA,ANE,EN,Towers with Radar,845,84,37,1,967,0,36,16,0,52,845,120,53,1,1019,0,0,0,1019
03/31/2022,BOS,MA,ANE,EN,Towers with Radar,853,104,30,0,987,0,0,0,0,0,853,104,30,0,987,0,0,0,987
04/01/2022,BOS,MA,ANE,EN,Towers with Radar,863,124,21,0,1008,0,12,4,0,16,863,136,25,0,1024,0,0,0,1024
04/02/2022,BOS,MA,ANE,EN,Towers with Radar,616,68,14,0,698,0,40,26,0,66,616,108,40,0,764,0,0,0,764
04/03/2022,BOS,MA,ANE,EN,Towers with Radar,763,90,24,0,877,0,47,6,0,53,763,137,30,0,930,0,0,0,930
04/04/2022,BOS,MA,ANE,EN,Towers with Radar,833,110,29,1,973,0,36,17,0,53,833,146,46,1,1026,0,0,0,1026
04/05/2022,BOS,MA,ANE,EN,Towers with Radar,880,79,27,1,987,0,59,19,2,80,880,138,46,3,1067,0,0,0,1067
04/06/2022,BOS,MA,ANE,EN,Towers with Radar,898,151,35,1,1085,0,0,0,0,0,898,151,35,1,1085,0,0,0,1085
04/07/2022,BOS,MA,ANE,EN,Towers with Radar,874,132,40,0,1046,0,20,2,2,24,874,152,42,2,1070,0,0,0,1070
04/08/2022,BOS,MA,ANE,EN,Towers with Radar,890,133,27,1,1051,0,15,15,0,30,890,148,42,1,1081,0,0,0,1081
04/09/2022,BOS,MA,ANE,EN,Towers with Radar,695,105,15,3,818,0,26,14,0,40,695,131,29,3,858,0,0,0,858
04/10/2022,BOS,MA,ANE,EN,Towers with Radar,847,101,30,0,978,0,42,15,0,57,847,143,45,0,1035,0,0,0,1035
04/11/2022,BOS,MA,ANE,EN,Towers with Radar,901,84,32,0,1017,0,65,21,2,88,901,149,53,2,1105,0,0,0,1105
04/12/2022,BOS,MA,ANE,EN,Towers with Radar,897,121,28,0,1046,0,29,19,2,50,897,150,47,2,1096,0,0,0,1096
04/13/2022,BOS,MA,ANE,EN,Towers with Radar,907,107,39,0,1053,0,48,14,0,62,907,155,53,0,1115,0,0,0,1115
04/14/2022,BOS,MA,ANE,EN,Towers with Radar,946,139,43,0,1128,0,0,0,0,0,946,139,43,0,1128,0,0,0,1128
04/15/2022,BOS,MA,ANE,EN,Towers with Radar,934,110,27,0,1071,0,57,12,0,69,934,167,39,0,1140,0,0,0,1140
04/16/2022,BOS,MA,ANE,EN,Towers with Radar,770,61,18,1,850,0,36,10,2,48,770,97,28,3,898,0,0,0,898
04/17/2022,BOS,MA,ANE,EN,Towers with Radar,888,101,19,0,1008,0,39,12,0,51,888,140,31,0,1059,0,0,0,1059
04/18/2022,BOS,MA,ANE,EN,Towers with Radar,912,80,33,0,1025,0,44,13,0,57,912,124,46,0,1082,0,0,0,1082
04/19/2022,BOS,MA,ANE,EN,Towers with Radar,906,105,34,0,1045,0,5,0,0,5,906,110,34,0,1050,0,0,0,1050
04/20/2022,BOS,MA,ANE,EN,Towers with Radar,944,103,38,0,1085,0,43,10,0,53,944,146,48,0,1138,0,0,0,1138
04/21/2022,BOS,MA,ANE,EN,Towers with Radar,966,108,18,0,1092,0,50,14,0,64,966,158,32,0,1156,0,0,0,1156
04/22/2022,BOS,MA,ANE,EN,Towers with Radar,959,93,19,0,1071,0,49,16,4,69,959,142,35,4,1140,0,0,0,1140
04/23/2022,BOS,MA,ANE,EN,Towers with Radar,770,79,20,1,870,0,56,32,0,88,770,135,52,1,958,0,0,0,958
04/24/2022,BOS,MA,ANE,EN,Towers with Radar,897,94,28,1,1020,0,55,21,2,78,897,149,49,3,1098,0,0,0,1098
04/25/2022,BOS,MA,ANE,EN,Towers with Radar,942,92,11,2,1047,0,58,11,0,69,942,150,22,2,1116,0,0,0,1116
04/26/2022,BOS,MA,ANE,EN,Towers with Radar,926,133,31,0,1090,0,5,1,0,6,926,138,32,0,1096,0,0,0,1096
04/27/2022,BOS,MA,ANE,EN,Towers with Radar,939,140,35,0,1114,0,16,14,0,30,939,156,49,0,1144,0,0,0,1144
04/28/2022,BOS,MA,ANE,EN,Towers with Radar,967,120,27,0,1114,0,31,6,0,37,967,151,33,0,1151,0,0,0,1151
04/29/2022,BOS,MA,ANE,EN,Towers with Radar,945,102,35,5,1087,0,50,7,0,57,945,152,42,5,1144,0,0,0,1144
04/30/2022,BOS,MA,ANE,EN,Towers with Radar,773,74,16,1,864,0,47,19,3,69,773,121,35,4,933,0,0,0,933
05/01/2022,BOS,MA,ANE,EN,Towers with Radar,885,95,24,0,1004,0,70,27,0,97,885,165,51,0,1101,0,0,0,1101
05/02/2022,BOS,MA,ANE,EN,Towers with Radar,945,105,33,0,1083,0,47,4,1,52,945,152,37,1,1135,0,0,0,1135
05/03/2022,BOS,MA,ANE,EN,Towers with Radar,939,154,42,0,1135,0,8,4,0,12,939,162,46,0,1147,0,0,0,1147
05/04/2022,BOS,MA,ANE,EN,Towers with Radar,917,163,37,0,1117,0,0,0,0,0,917,163,37,0,1117,0,0,0,1117
05/05/2022,BOS,MA,ANE,EN,Towers with Radar,965,127,29,2,1123,0,54,7,0,61,965,181,36,2,1184,0,0,0,1184
05/06/2022,BOS,MA,ANE,EN,Towers with Radar,954,98,19,1,1072,0,51,8,0,59,954,149,27,1,1131,0,0,0,1131
05/07/2022,BOS,MA,ANE,EN,Towers with Radar,751,87,17,1,856,0,13,0,0,13,751,100,17,1,869,0,0,0,869
05/08/2022,BOS,MA,ANE,EN,Towers with Radar,900,88,20,2,1010,0,51,20,0,71,900,139,40,2,1081,0,0,0,1081
05/09/2022,BOS,MA,ANE,EN,Towers with Radar,963,77,29,0,1069,0,58,13,0,71,963,135,42,0,1140,0,0,0,1140
05/10/2022,BOS,MA,ANE,EN,Towers with Radar,929,89,36,0,1054,0,51,14,0,65,929,140,50,0,1119,0,0,0,1119
05/11/2022,BOS,MA,ANE,EN,Towers with Radar,934,154,48,2,1138,0,13,11,1,25,934,167,59,3,1163,0,0,0,1163
05/12/2022,BOS,MA,ANE,EN,Towers with Radar,966,156,32,0,1154,0,0,0,0,0,966,156,32,0,1154,0,0,0,1154
05/13/2022,BOS,MA,ANE,EN,Towers with Radar,983,165,30,0,1178,0,9,9,0,18,983,174,39,0,1196,0,0,0,1196
05/14/2022,BOS,MA,ANE,EN,Towers with Radar,766,111,10,0,887,0,33,32,0,65,766,144,42,0,952,0,0,0,952
05/15/2022,BOS,MA,ANE,EN,Towers with Radar,924,153,32,0,1109,0,13,8,0,21,924,166,40,0,1130,0,0,0,1130
05/16/2022,BOS,MA,ANE,EN,Towers with Radar,906,138,28,0,1072,0,16,4,1,21,906,154,32,1,1093,0,0,0,1093
05/17/2022,BOS,MA,ANE,EN,Towers with Radar,919,116,40,0,1075,0,33,9,0,42,919,149,49,0,1117,0,0,0,1117
05/18/2022,BOS,MA,ANE,EN,Towers with Radar,953,115,38,2,1108,0,53,7,0,60,953,168,45,2,1168,0,0,0,1168
05/19/2022,BOS,MA,ANE,EN,Towers with Radar,980,201,33,1,1215,0,9,3,0,12,980,210,36,1,1227,0,0,0,1227
05/20/2022,BOS,MA,ANE,EN,Towers with Radar,934,166,36,1,1137,0,16,14,2,32,934,182,50,3,1169,0,0,0,1169
05/21/2022,BOS,MA,ANE,EN,Towers with Radar,749,146,26,1,922,0,4,3,0,7,749,150,29,1,929,0,0,0,929
05/22/2022,BOS,MA,ANE,EN,Towers with Radar,818,141,36,1,996,0,47,21,0,68,818,188,57,1,1064,0,0,0,1064
05/23/2022,BOS,MA,ANE,EN,Towers with Radar,963,179,53,1,1196,0,40,18,0,58,963,219,71,1,1254,0,0,0,1254
05/24/2022,BOS,MA,ANE,EN,Towers with Radar,940,154,48,1,1143,1,62,16,0,79,941,216,64,1,1222,0,0,0,1222
05/25/2022,BOS,MA,ANE,EN,Towers with Radar,941,146,32,3,1122,0,60,4,6,70,941,206,36,9,1192,0,0,0,1192
05/26/2022,BOS,MA,ANE,EN,Towers with Radar,999,128,46,2,1175,0,66,20,1,87,999,194,66,3,1262,0,0,0,1262
05/27/2022,BOS,MA,ANE,EN,Towers with Radar,914,177,49,1,1141,0,4,1,2,7,914,181,50,3,1148,0,0,0,1148
05/28/2022,BOS,MA,ANE,EN,Towers with Radar,763,129,30,1,923,0,1,3,0,4,763,130,33,1,927,0,0,0,927
05/29/2022,BOS,MA,ANE,EN,Towers with Radar,866,76,22,3,967,0,59,15,0,74,866,135,37,3,1041,0,0,0,1041
05/30/2022,BOS,MA,ANE,EN,Towers with Radar,947,101,10,0,1058,0,64,14,1,79,947,165,24,1,1137,0,0,0,1137
05/31/2022,BOS,MA,ANE,EN,Towers with Radar,922,130,27,0,1079,0,38,8,6,52,922,168,35,6,1131,0,0,0,1131
06/01/2022,BOS,MA,ANE,EN,Towers with Radar,921,129,49,0,1099,0,15,4,0,19,921,144,53,0,1118,0,0,0,1118
06/02/2022,BOS,MA,ANE,EN,Towers with Radar,894,181,53,0,1128,0,1,4,0,5,894,182,57,0,1133,0,0,0,1133
06/03/2022,BOS,MA,ANE,EN,Towers with Radar,958,153,37,0,1148,0,2,3,0,5,958,155,40,0,1153,0,0,0,1153
06/04/2022,BOS,MA,ANE,EN,Towers with Radar,745,127,13,0,885,0,9,17,1,27,745,136,30,1,912,0,0,0,912
06/05/2022,BOS,MA,ANE,EN,Towers with Radar,901,128,19,0,1048,0,68,23,2,93,901,196,42,2,1141,0,0,0,1141
06/06/2022,BOS,MA,ANE,EN,Towers with Radar,964,137,42,0,1143,0,52,18,4,74,964,189,60,4,1217,0,0,0,1217
06/07/2022,BOS,MA,ANE,EN,Towers with Radar,956,125,61,0,1142,0,52,23,0,75,956,177,84,0,1217,0,0,0,1217
06/08/2022,BOS,MA,ANE,EN,Towers with Radar,938,168,77,0,1183,0,19,13,0,32,938,187,90,0,1215,0,0,0,1215
06/09/2022,BOS,MA,ANE,EN,Towers with Radar,977,160,69,0,1206,0,13,1,0,14,977,173,70,0,1220,0,0,0,1220
06/10/2022,BOS,MA,ANE,EN,Towers with Radar,974,115,18,4,1111,0,53,22,0,75,974,168,40,4,1186,0,0,0,1186
06/11/2022,BOS,MA,ANE,EN,Towers with Radar,779,87,24,0,890,0,54,24,2,80,779,141,48,2,970,0,0,0,970
06/12/2022,BOS,MA,ANE,EN,Towers with Radar,865,141,45,0,1051,0,45,8,0,53,865,186,53,0,1104,0,0,0,1104
06/13/2022,BOS,MA,ANE,EN,Towers with Radar,938,138,42,0,1118,0,27,16,0,43,938,165,58,0,1161,0,0,0,1161
06/14/2022,BOS,MA,ANE,EN,Towers with Radar,941,126,27,0,1094,0,55,15,6,76,941,181,42,6,1170,0,0,0,1170
06/15/2022,BOS,MA,ANE,EN,Towers with Radar,953,144,42,0,1139,0,24,12,4,40,953,168,54,4,1179,0,0,0,1179
06/16/2022,BOS,MA,ANE,EN,Towers with Radar,787,156,67,1,1011,0,57,23,1,81,787,213,90,2,1092,0,0,0,1092
06/17/2022,BOS,MA,ANE,EN,Towers with Radar,896,225,52,0,1173,0,22,8,0,30,896,247,60,0,1203,0,0,0,1203
06/18/2022,BOS,MA,ANE,EN,Towers with Radar,772,92,36,0,900,0,53,9,0,62,772,145,45,0,962,0,0,0,962
06/19/2022,BOS,MA,ANE,EN,Towers with Radar,889,153,37,0,1079,0,30,19,0,49,889,183,56,0,1128,0,0,0,1128
06/20/2022,BOS,MA,ANE,EN,Towers with Radar,963,130,30,0,1123,0,72,13,4,89,963,202,43,4,1212,0,0,0,1212
06/21/2022,BOS,MA,ANE,EN,Towers with Radar,956,123,37,0,1116,0,63,12,0,75,956,186,49,0,1191,0,0,0,1191
06/22/2022,BOS,MA,ANE,EN,Towers with Radar,828,163,28,0,1019,0,13,5,0,18,828,176,33,0,1037,0,0,0,1037
06/23/2022,BOS,MA,ANE,EN,Towers with Radar,962,178,64,0,1204,0,48,22,0,70,962,226,86,0,1274,0,0,0,1274
06/24/2022,BOS,MA,ANE,EN,Towers with Radar,948,157,34,2,1141,0,65,15,0,80,948,222,49,2,1221,0,0,0,1221
06/25/2022,BOS,MA,ANE,EN,Towers with Radar,793,84,17,0,894,0,61,27,4,92,793,145,44,4,986,0,0,0,986
06/26/2022,BOS,MA,ANE,EN,Towers with Radar,889,137,46,1,1073,0,64,30,0,94,889,201,76,1,1167,0,0,0,1167
06/27/2022,BOS,MA,ANE,EN,Towers with Radar,918,141,24,1,1084,0,21,2,0,23,918,162,26,1,1107,0,0,0,1107
06/28/2022,BOS,MA,ANE,EN,Towers with Radar,943,109,32,0,1084,0,66,24,3,93,943,175,56,3,1177,0,0,0,1177
06/29/2022,BOS,MA,ANE,EN,Towers with Radar,947,119,36,0,1102,0,67,3,0,70,947,186,39,0,1172,0,0,0,1172
06/30/2022,BOS,MA,ANE,EN,Towers with Radar,984,155,31,0,1170,0,74,10,3,87,984,229,41,3,1257,0,0,0,1257
07/01/2022,BOS,MA,ANE,EN,Towers with Radar,963,141,33,1,1138,0,76,21,0,97,963,217,54,1,1235,0,0,0,1235
07/02/2022,BOS,MA,ANE,EN,Towers with Radar,793,135,8,0,936,0,23,2,0,25,793,158,10,0,961,0,0,0,961
07/03/2022,BOS,MA,ANE,EN,Towers with Radar,842,118,19,0,979,0,53,15,0,68,842,171,34,0,1047,0,0,0,1047
07/04/2022,BOS,MA,ANE,EN,Towers with Radar,888,100,4,0,992,0,87,10,2,99,888,187,14,2,1091,0,0,0,1091
07/05/2022,BOS,MA,ANE,EN,Towers with Radar,917,111,20,0,1048,0,58,9,0,67,917,169,29,0,1115,0,0,0,1115
07/06/2022,BOS,MA,ANE,EN,Towers with Radar,922,143,23,0,1088,0,33,5,4,42,922,176,28,4,1130,0,0,0,1130
07/07/2022,BOS,MA,ANE,EN,Towers with Radar,951,125,22,0,1098,0,90,10,4,104,951,215,32,4,1202,0,0,0,1202
07/08/2022,BOS,MA,ANE,EN,Towers with Radar,953,130,18,0,1101,0,75,8,2,85,953,205,26,2,1186,0,0,0,1186
07/09/2022,BOS,MA,ANE,EN,Towers with Radar,782,88,10,0,880,0,83,31,2,116,782,171,41,2,996,0,0,0,996
07/10/2022,BOS,MA,ANE,EN,Towers with Radar,937,133,20,1,1091,0,64,14,0,78,937,197,34,1,1169,0,0,0,1169
07/11/2022,BOS,MA,ANE,EN,Towers with Radar,995,121,26,0,1142,0,71,15,3,89,995,192,41,3,1231,0,0,0,1231
07/12/2022,BOS,MA,ANE,EN,Towers with Radar,953,105,22,2,1082,0,55,11,4,70,953,160,33,6,1152,0,0,0,1152
07/13/2022,BOS,MA,ANE,EN,Towers with Radar,997,117,29,0,1143,0,59,21,2,82,997,176,50,2,1225,0,0,0,1225
07/14/2022,BOS,MA,ANE,EN,Towers with Radar,1019,197,42,0,1258,0,38,17,3,58,1019,235,59,3,1316,0,0,0,1316
07/15/2022,BOS,MA,ANE,EN,Towers with Radar,997,141,36,1,1175,0,79,33,2,114,997,220,69,3,1289,0,0,0,1289
07/16/2022,BOS,MA,ANE,EN,Towers with Radar,797,105,10,1,913,0,86,35,0,121,797,191,45,1,1034,0,0,0,1034
07/17/2022,BOS,MA,ANE,EN,Towers with Radar,935,160,28,0,1123,0,46,19,0,65,935,206,47,0,1188,0,0,0,1188
07/18/2022,BOS,MA,ANE,EN,Towers with Radar,928,173,20,0,1121,0,23,3,0,26,928,196,23,0,1147,0,0,0,1147
07/19/2022,BOS,MA,ANE,EN,Towers with Radar,1011,135,35,1,1182,0,57,15,0,72,1011,192,50,1,1254,0,0,0,1254
07/20/2022,BOS,MA,ANE,EN,Towers with Radar,985,141,29,0,1155,0,52,18,0,70,985,193,47,0,1225,0,0,0,1225
07/21/2022,BOS,MA,ANE,EN,Towers with Radar,1004,154,32,0,1190,0,35,10,0,45,1004,189,42,0,1235,0,0,0,1235
07/22/2022,BOS,MA,ANE,EN,Towers with Radar,1023,139,33,0,1195,0,82,30,0,112,1023,221,63,0,1307,0,0,0,1307
07/23/2022,BOS,MA,ANE,EN,Towers with Radar,795,106,21,0,922,0,83,24,0,107,795,189,45,0,1029,0,0,0,1029
07/24/2022,BOS,MA,ANE,EN,Towers with Radar,929,134,25,0,1088,0,46,26,0,72,929,180,51,0,1160,0,0,0,1160
07/25/2022,BOS,MA,ANE,EN,Towers with Radar,910,137,19,0,1066,0,30,0,0,30,910,167,19,0,1096,0,0,0,1096
07/26/2022,BOS,MA,ANE,EN,Towers with Radar,964,120,38,0,1122,0,71,12,1,84,964,191,50,1,1206,0,0,0,1206
07/27/2022,BOS,MA,ANE,EN,Towers with Radar,975,125,34,0,1134,0,62,17,2,81,975,187,51,2,1215,0,0,0,1215
07/28/2022,BOS,MA,ANE,EN,Towers with Radar,934,155,38,1,1128,0,40,15,0,55,934,195,53,1,1183,0,0,0,1183
07/29/2022,BOS,MA,ANE,EN,Towers with Radar,1015,150,15,1,1181,0,65,17,3,85,1015,215,32,4,1266,0,0,0,1266
07/30/2022,BOS,MA,ANE,EN,Towers with Radar,806,118,18,1,943,0,56,21,3,80,806,174,39,4,1023,0,0,0,1023
07/31/2022,BOS,MA,ANE,EN,Towers with Radar,934,130,25,0,1089,0,77,23,0,100,934,207,48,0,1189,0,0,0,1189
08/01/2022,BOS,MA,ANE,EN,Towers with Radar,974,144,31,0,1149,0,56,13,2,71,974,200,44,2,1220,0,0,0,1220
08/02/2022,BOS,MA,ANE,EN,Towers with Radar,980,146,40,0,1166,0,43,8,0,51,980,189,48,0,1217,0,0,0,1217
08/03/2022,BOS,MA,ANE,EN,Towers with Radar,955,126,25,3,1109,0,59,19,0,78,955,185,44,3,1187,0,0,0,1187
08/04/2022,BOS,MA,ANE,EN,Towers with Radar,944,166,25,7,1142,0,33,22,0,55,944,199,47,7,1197,0,0,0,1197
08/05/2022,BOS,MA,ANE,EN,Towers with Radar,882,143,24,0,1049,0,54,12,0,66,882,197,36,0,1115,0,0,0,1115
08/06/2022,BOS,MA,ANE,EN,Towers with Radar,785,127,11,0,923,0,44,18,0,62,785,171,29,0,985,0,0,0,985
08/07/2022,BOS,MA,ANE,EN,Towers with Radar,891,149,23,0,1063,0,59,19,0,78,891,208,42,0,1141,0,0,0,1141
08/08/2022,BOS,MA,ANE,EN,Towers with Radar,966,125,33,0,1124,0,75,24,0,99,966,200,57,0,1223,0,0,0,1223
08/09/2022,BOS,MA,ANE,EN,Towers with Radar,975,136,19,0,1130,0,31,6,0,37,975,167,25,0,1167,0,0,0,1167
08/10/2022,BOS,MA,ANE,EN,Towers with Radar,936,198,49,0,1183,0,12,3,1,16,936,210,52,1,1199,0,0,0,1199
08/11/2022,BOS,MA,ANE,EN,Towers with Radar,997,196,41,0,1234,0,21,5,1,27,997,217,46,1,1261,0,0,0,1261
08/12/2022,BOS,MA,ANE,EN,Towers with Radar,993,153,24,0,1170,0,53,20,0,73,993,206,44,0,1243,0,0,0,1243
08/13/2022,BOS,MA,ANE,EN,Towers with Radar,810,112,18,0,940,0,66,23,0,89,810,178,41,0,1029,0,0,0,1029
08/14/2022,BOS,MA,ANE,EN,Towers with Radar,939,129,16,0,1084,0,75,29,1,105,939,204,45,1,1189,0,0,0,1189
08/15/2022,BOS,MA,ANE,EN,Towers with Radar,968,119,26,0,1113,0,75,20,0,95,968,194,46,0,1208,0,0,0,1208
08/16/2022,BOS,MA,ANE,EN,Towers with Radar,972,129,23,0,1124,0,58,14,1,73,972,187,37,1,1197,0,0,0,1197
08/17/2022,BOS,MA,ANE,EN,Towers with Radar,961,161,22,0,1144,0,31,8,0,39,961,192,30,0,1183,0,0,0,1183
08/18/2022,BOS,MA,ANE,EN,Towers with Radar,978,165,17,0,1160,0,56,15,0,71,978,221,32,0,1231,0,0,0,1231
08/19/2022,BOS,MA,ANE,EN,Towers with Radar,981,109,23,0,1113,0,82,24,0,106,981,191,47,0,1219,0,0,0,1219
08/20/2022,BOS,MA,ANE,EN,Towers with Radar,841,125,18,0,984,0,92,39,0,131,841,217,57,0,1115,0,0,0,1115
08/21/2022,BOS,MA,ANE,EN,Towers with Radar,915,161,28,0,1104,0,75,20,0,95,915,236,48,0,1199,0,0,0,1199
08/22/2022,BOS,MA,ANE,EN,Towers with Radar,947,179,15,0,1141,0,0,0,0,0,947,179,15,0,1141,0,0,0,1141
08/23/2022,BOS,MA,ANE,EN,Towers with Radar,960,192,16,2,1170,0,3,0,0,3,960,195,16,2,1173,0,0,0,1173
08/24/2022,BOS,MA,ANE,EN,Towers with Radar,1004,173,33,0,1210,0,24,5,19,48,1004,197,38,19,1258,0,0,0,1258
08/25/2022,BOS,MA,ANE,EN,Towers with Radar,1000,172,27,2,1201,0,79,18,1,98,1000,251,45,3,1299,0,0,0,1299
08/26/2022,BOS,MA,ANE,EN,Towers with Radar,914,132,32,0,1078,0,39,2,2,43,914,171,34,2,1121,0,0,0,1121
08/27/2022,BOS,MA,ANE,EN,Towers with Radar,834,151,25,0,1010,0,22,21,0,43,834,173,46,0,1053,0,0,0,1053
08/28/2022,BOS,MA,ANE,EN,Towers with Radar,917,159,27,0,1103,0,43,23,0,66,917,202,50,0,1169,0,0,0,1169
08/29/2022,BOS,MA,ANE,EN,Towers with Radar,950,169,23,0,1142,0,48,26,4,78,950,217,49,4,1220,0,0,0,1220
08/30/2022,BOS,MA,ANE,EN,Towers with Radar,938,139,27,2,1106,0,42,13,2,57,938,181,40,4,1163,0,0,0,1163
08/31/2022,BOS,MA,ANE,EN,Towers with Radar,969,148,35,0,1152,0,36,11,2,49,969,184,46,2,1201,0,0,0,1201
09/01/2022,BOS,MA,ANE,EN,Towers with Radar,995,151,17,0,1163,0,67,13,2,82,995,218,30,2,1245,0,0,0,1245
09/02/2022,BOS,MA,ANE,EN,Towers with Radar,981,120,24,0,1125,0,91,12,0,103,981,211,36,0,1228,0,0,0,1228
09/03/2022,BOS,MA,ANE,EN,Towers with Radar,797,103,7,0,907,0,67,17,0,84,797,170,24,0,991,0,0,0,991
09/04/2022,BOS,MA,ANE,EN,Towers with Radar,833,116,15,1,965,0,60,10,0,70,833,176,25,1,1035,0,0,0,1035
09/05/2022,BOS,MA,ANE,EN,Towers with Radar,938,214,15,3,1170,0,1,1,0,2,938,215,16,3,1172,0,0,0,1172
09/06/2022,BOS,MA,ANE,EN,Towers with Radar,948,176,37,0,1161,0,0,0,0,0,948,176,37,0,1161,0,0,0,1161
09/07/2022,BOS,MA,ANE,EN,Towers with Radar,927,220,54,0,1201,0,12,3,0,15,927,232,57,0,1216,0,0,0,1216
09/08/2022,BOS,MA,ANE,EN,Towers with Radar,957,231,42,2,1232,0,37,9,2,48,957,268,51,4,1280,0,0,0,1280
09/09/2022,BOS,MA,ANE,EN,Towers with Radar,961,189,30,2,1182,0,36,22,4,62,961,225,52,6,1244,0,0,0,1244
09/10/2022,BOS,MA,ANE,EN,Towers with Radar,771,121,14,1,907,0,59,40,0,99,771,180,54,1,1006,0,0,0,1006
09/11/2022,BOS,MA,ANE,EN,Towers with Radar,925,173,30,1,1129,0,76,24,0,100,925,249,54,1,1229,0,0,0,1229
09/12/2022,BOS,MA,ANE,EN,Towers with Radar,951,156,19,3,1129,0,1,0,0,1,951,157,19,3,1130,0,0,0,1130
09/13/2022,BOS,MA,ANE,EN,Towers with Radar,939,164,31,2,1136,0,0,0,0,0,939,164,31,2,1136,0,0,0,1136
09/14/2022,BOS,MA,ANE,EN,Towers with Radar,953,179,41,0,1173,0,54,15,2,71,953,233,56,2,1244,0,0,0,1244
09/15/2022,BOS,MA,ANE,EN,Towers with Radar,991,183,57,1,1232,0,71,18,0,89,991,254,75,1,1321,0,0,0,1321
09/16/2022,BOS,MA,ANE,EN,Towers with Radar,970,151,35,0,1156,0,77,13,0,90,970,228,48,0,1246,0,0,0,1246
09/17/2022,BOS,MA,ANE,EN,Towers with Radar,767,129,26,0,922,0,62,18,0,80,767,191,44,0,1002,0,0,0,1002
09/18/2022,BOS,MA,ANE,EN,Towers with Radar,901,173,29,0,1103,0,76,17,0,93,901,249,46,0,1196,0,0,0,1196
09/19/2022,BOS,MA,ANE,EN,Towers with Radar,944,185,31,0,1160,0,0,0,0,0,944,185,31,0,1160,0,0,0,1160
09/20/2022,BOS,MA,ANE,EN,Towers with Radar,965,177,48,0,1190,0,0,0,0,0,965,177,48,0,1190,0,0,0,1190
09/21/2022,BOS,MA,ANE,EN,Towers with Radar,937,191,58,2,1188,0,20,22,0,42,937,211,80,2,1230,0,0,0,1230
09/22/2022,BOS,MA,ANE,EN,Towers with Radar,933,112,28,0,1073,0,4,9,1,14,933,116,37,1,1087,0,0,0,1087
09/23/2022,BOS,MA,ANE,EN,Towers with Radar,996,220,33,0,1249,0,27,19,1,47,996,247,52,1,1296,0,0,0,1296
09/24/2022,BOS,MA,ANE,EN,Towers with Radar,773,100,21,0,894,0,63,29,4,96,773,163,50,4,990,0,0,0,990
09/25/2022,BOS,MA,ANE,EN,Towers with Radar,903,170,18,0,1091,0,76,12,0,88,903,246,30,0,1179,0,0,0,1179
09/26/2022,BOS,MA,ANE,EN,Towers with Radar,964,149,23,0,1136,0,24,10,0,34,964,173,33,0,1170,0,0,0,1170
09/27/2022,BOS,MA,ANE,EN,Towers with Radar,941,141,30,2,1114,0,34,10,0,44,941,175,40,2,1158,0,0,0,1158
09/28/2022,BOS,MA,ANE,EN,Towers with Radar,907,141,48,0,1096,0,40,12,0,52,907,181,60,0,1148,0,0,0,1148
09/29/2022,BOS,MA,ANE,EN,Towers with Radar,933,171,43,1,1148,0,48,11,2,61,933,219,54,3,1209,0,0,0,1209
09/30/2022,BOS,MA,ANE,EN,Towers with Radar,927,183,24,0,1134,0,42,35,1,78,927,225,59,1,1212,0,0,0,1212
10/01/2022,BOS,MA,ANE,EN,Towers with Radar,768,148,11,0,927,0,4,2,0,6,768,152,13,0,933,0,0,0,933
10/02/2022,BOS,MA,ANE,EN,Towers with Radar,900,215,15,0,1130,0,7,3,0,10,900,222,18,0,1140,0,0,0,1140
10/03/2022,BOS,MA,ANE,EN,Towers with Radar,950,137,38,0,1125,0,42,15,4,61,950,179,53,4,1186,0,0,0,1186
10/04/2022,BOS,MA,ANE,EN,Towers with Radar,923,136,20,0,1079,0,0,2,0,2,923,136,22,0,1081,0,0,0,1081
10/05/2022,BOS,MA,ANE,EN,Towers with Radar,956,145,36,1,1138,0,0,0,0,0,956,145,36,1,1138,0,0,0,1138
10/06/2022,BOS,MA,ANE,EN,Towers with Radar,996,176,22,1,1195,0,34,13,4,51,996,210,35,5,1246,0,0,0,1246
10/07/2022,BOS,MA,ANE,EN,Towers with Radar,995,150,37,0,1182,0,50,26,0,76,995,200,63,0,1258,0,0,0,1258
10/08/2022,BOS,MA,ANE,EN,Towers with Radar,785,106,14,0,905,0,54,31,0,85,785,160,45,0,990,0,0,0,990
10/09/2022,BOS,MA,ANE,EN,Towers with Radar,914,148,19,1,1082,0,63,47,0,110,914,211,66,1,1192,0,0,0,1192
10/10/2022,BOS,MA,ANE,EN,Towers with Radar,975,129,23,1,1128,0,63,25,0,88,975,192,48,1,1216,0,0,0,1216
10/11/2022,BOS,MA,ANE,EN,Towers with Radar,984,137,31,0,1152,0,53,13,0,66,984,190,44,0,1218,0,0,0,1218
10/12/2022,BOS,MA,ANE,EN,Towers with Radar,971,148,46,0,1165,0,55,14,5,74,971,203,60,5,1239,0,0,0,1239
10/13/2022,BOS,MA,ANE,EN,Towers with Radar,995,154,38,0,1187,0,29,0,0,29,995,183,38,0,1216,0,0,0,1216
10/14/2022,BOS,MA,ANE,EN,Towers with Radar,1012,157,27,0,1196,0,4,4,0,8,1012,161,31,0,1204,0,0,0,1204
10/15/2022,BOS,MA,ANE,EN,Towers with Radar,802,113,25,0,940,0,27,30,0,57,802,140,55,0,997,0,0,0,997
10/16/2022,BOS,MA,ANE,EN,Towers with Radar,922,141,27,2,1092,0,45,19,0,64,922,186,46,2,1156,0,0,0,1156
10/17/2022,BOS,MA,ANE,EN,Towers with Radar,977,132,26,0,1135,0,20,1,0,21,977,152,27,0,1156,0,0,0,1156
10/18/2022,BOS,MA,ANE,EN,Towers with Radar,972,144,37,0,1153,0,9,3,2,14,972,153,40,2,1167,0,0,0,1167
10/19/2022,BOS,MA,ANE,EN,Towers with Radar,972,133,28,0,1133,0,33,16,2,51,972,166,44,2,1184,0,0,0,1184
10/20/2022,BOS,MA,ANE,EN,Towers with Radar,1000,107,35,0,1142,0,50,6,2,58,1000,157,41,2,1200,0,0,0,1200
10/21/2022,BOS,MA,ANE,EN,Towers with Radar,1011,123,32,2,1168,0,50,14,0,64,1011,173,46,2,1232,0,0,0,1232
10/22/2022,BOS,MA,ANE,EN,Towers with Radar,778,80,20,0,878,0,52,42,0,94,778,132,62,0,972,0,0,0,972
10/23/2022,BOS,MA,ANE,EN,Towers with Radar,927,136,34,0,1097,0,23,7,0,30,927,159,41,0,1127,0,0,0,1127
10/24/2022,BOS,MA,ANE,EN,Towers with Radar,981,145,24,0,1150,0,0,0,0,0,981,145,24,0,1150,0,0,0,1150
10/25/2022,BOS,MA,ANE,EN,Towers with Radar,933,110,22,0,1065,0,0,0,0,0,933,110,22,0,1065,0,0,0,1065
10/26/2022,BOS,MA,ANE,EN,Towers with Radar,945,116,23,1,1085,0,0,0,0,0,945,116,23,1,1085,0,0,0,1085
10/27/2022,BOS,MA,ANE,EN,Towers with Radar,1019,126,31,1,1177,0,43,12,0,55,1019,169,43,1,1232,0,0,0,1232
10/28/2022,BOS,MA,ANE,EN,Towers with Radar,994,110,11,1,1116,0,45,11,3,59,994,155,22,4,1175,0,0,0,1175
10/29/2022,BOS,MA,ANE,EN,Towers with Radar,771,87,9,1,868,0,37,12,0,49,771,124,21,1,917,0,0,0,917
10/30/2022,BOS,MA,ANE,EN,Towers with Radar,854,123,17,0,994,0,39,20,0,59,854,162,37,0,1053,0,0,0,1053
10/31/2022,BOS,MA,ANE,EN,Towers with Radar,837,142,35,0,1014,0,9,17,0,26,837,151,52,0,1040,0,0,0,1040
11/01/2022,BOS,MA,ANE,EN,Towers with Radar,922,149,22,1,1094,0,0,9,0,9,922,149,31,1,1103,0,0,0,1103
11/02/2022,BOS,MA,ANE,EN,Towers with Radar,923,131,20,3,1077,0,32,6,0,38,923,163,26,3,1115,0,0,0,1115
11/03/2022,BOS,MA,ANE,EN,Towers with Radar,948,134,37,1,1120,0,42,8,0,50,948,176,45,1,1170,0,0,0,1170
11/04/2022,BOS,MA,ANE,EN,Towers with Radar,925,151,27,1,1104,0,42,8,0,50,925,193,35,1,1154,0,0,0,1154
11/05/2022,BOS,MA,ANE,EN,Towers with Radar,736,99,10,2,847,0,38,16,0,54,736,137,26,2,901,0,0,0,901
11/06/2022,BOS,MA,ANE,EN,Towers with Radar,893,129,17,2,1041,0,29,15,2,46,893,158,32,4,1087,0,0,0,1087
11/07/2022,BOS,MA,ANE,EN,Towers with Radar,946,104,29,0,1079,0,31,4,2,37,946,135,33,2,1116,0,0,0,1116
11/08/2022,BOS,MA,ANE,EN,Towers with Radar,962,122,33,0,1117,0,38,8,1,47,962,160,41,1,1164,0,0,0,1164
11/09/2022,BOS,MA,ANE,EN,Towers with Radar,918,116,31,1,1066,0,43,8,2,53,918,159,39,3,1119,0,0,0,1119
11/10/2022,BOS,MA,ANE,EN,Towers with Radar,949,100,47,1,1097,0,31,13,0,44,949,131,60,1,1141,0,0,0,1141
11/11/2022,BOS,MA,ANE,EN,Towers with Radar,942,114,24,0,1080,0,25,15,0,40,942,139,39,0,1120,0,0,0,1120
11/12/2022,BOS,MA,ANE,EN,Towers with Radar,800,100,16,0,916,0,13,17,0,30,800,113,33,0,946,0,0,0,946
11/13/2022,BOS,MA,ANE,EN,Towers with Radar,910,127,27,0,1064,0,1,9,0,10,910,128,36,0,1074,0,0,0,1074
11/14/2022,BOS,MA,ANE,EN,Towers with Radar,959,108,33,0,1100,0,36,17,0,53,959,144,50,0,1153,0,0,0,1153
11/15/2022,BOS,MA,ANE,EN,Towers with Radar,953,105,26,0,1084,0,28,12,0,40,953,133,38,0,1124,0,0,0,1124
11/16/2022,BOS,MA,ANE,EN,Towers with Radar,951,127,25,1,1104,0,1,1,0,2,951,128,26,1,1106,0,0,0,1106
11/17/2022,BOS,MA,ANE,EN,Towers with Radar,985,135,22,1,1143,0,35,12,4,51,985,170,34,5,1194,0,0,0,1194
11/18/2022,BOS,MA,ANE,EN,Towers with Radar,963,124,26,0,1113,0,36,17,4,57,963,160,43,4,1170,0,0,0,1170
11/19/2022,BOS,MA,ANE,EN,Towers with Radar,787,80,19,1,887,0,53,14,0,67,787,133,33,1,954,0,0,0,954
11/20/2022,BOS,MA,ANE,EN,Towers with Radar,909,118,23,0,1050,0,41,8,0,49,909,159,31,0,1099,0,0,0,1099
11/21/2022,BOS,MA,ANE,EN,Towers with Radar,956,96,23,0,1075,0,49,12,0,61,956,145,35,0,1136,0,0,0,1136
11/22/2022,BOS,MA,ANE,EN,Towers with Radar,993,133,19,0,1145,0,44,14,2,60,993,177,33,2,1205,0,0,0,1205
11/23/2022,BOS,MA,ANE,EN,Towers with Radar,984,121,15,0,1120,0,31,15,2,48,984,152,30,2,1168,0,0,0,1168
11/24/2022,BOS,MA,ANE,EN,Towers with Radar,582,67,5,0,654,0,25,0,0,25,582,92,5,0,679,0,0,0,679
11/25/2022,BOS,MA,ANE,EN,Towers with Radar,693,102,8,0,803,0,10,4,0,14,693,112,12,0,817,0,0,0,817
11/26/2022,BOS,MA,ANE,EN,Towers with Radar,838,111,22,0,971,0,43,22,0,65,838,154,44,0,1036,0,0,0,1036
11/27/2022,BOS,MA,ANE,EN,Towers with Radar,940,135,24,2,1101,0,32,11,0,43,940,167,35,2,1144,0,0,0,1144
11/28/2022,BOS,MA,ANE,EN,Towers with Radar,1016,142,19,1,1178,0,29,10,0,39,1016,171,29,1,1217,0,0,0,1217
11/29/2022,BOS,MA,ANE,EN,Towers with Radar,956,121,19,3,1099,0,22,12,2,36,956,143,31,5,1135,0,0,0,1135
11/30/2022,BOS,MA,ANE,EN,Towers with Radar,921,162,32,0,1115,0,6,0,2,8,921,168,32,2,1123,0,0,0,1123
12/01/2022,BOS,MA,ANE,EN,Towers with Radar,943,156,40,5,1144,0,40,9,0,49,943,196,49,5,1193,0,0,0,1193
12/02/2022,BOS,MA,ANE,EN,Towers with Radar,937,127,19,4,1087,0,31,5,0,36,937,158,24,4,1123,0,0,0,1123
12/03/2022,BOS,MA,ANE,EN,Towers with Radar,734,67,8,4,813,0,7,1,0,8,734,74,9,4,821,0,0,0,821
12/04/2022,BOS,MA,ANE,EN,Towers with Radar,871,131,16,0,1018,0,70,20,0,90,871,201,36,0,1108,0,0,0,1108
12/05/2022,BOS,MA,ANE,EN,Towers with Radar,930,143,31,0,1104,0,52,5,0,57,930,195,36,0,1161,0,0,0,1161
12/06/2022,BOS,MA,ANE,EN,Towers with Radar,943,107,23,0,1073,0,36,3,0,39,943,143,26,0,1112,0,0,0,1112
12/07/2022,BOS,MA,ANE,EN,Towers with Radar,905,133,46,0,1084,0,0,5,0,5,905,133,51,0,1089,0,0,0,1089
12/08/2022,BOS,MA,ANE,EN,Towers with Radar,941,132,39,0,1112,0,37,9,2,48,941,169,48,2,1160,0,0,0,1160
12/09/2022,BOS,MA,ANE,EN,Towers with Radar,936,108,24,4,1072,0,35,20,0,55,936,143,44,4,1127,0,0,0,1127
12/10/2022,BOS,MA,ANE,EN,Towers with Radar,725,93,9,2,829,0,1,14,0,15,725,94,23,2,844,0,0,0,844
12/11/2022,BOS,MA,ANE,EN,Towers with Radar,810,118,15,0,943,0,1,10,0,11,810,119,25,0,954,0,0,0,954
12/12/2022,BOS,MA,ANE,EN,Towers with Radar,914,126,19,0,1059,0,19,5,0,24,914,145,24,0,1083,0,0,0,1083
12/13/2022,BOS,MA,ANE,EN,Towers with Radar,928,116,32,0,1076,0,32,9,0,41,928,148,41,0,1117,0,0,0,1117
12/14/2022,BOS,MA,ANE,EN,Towers with Radar,917,104,18,0,1039,0,35,11,8,54,917,139,29,8,1093,0,0,0,1093
12/15/2022,BOS,MA,ANE,EN,Towers with Radar,936,118,31,0,1085,0,4,0,1,5,936,122,31,1,1090,0,0,0,1090
12/16/2022,BOS,MA,ANE,EN,Towers with Radar,907,89,16,0,1012,0,0,0,0,0,907,89,16,0,1012,0,0,0,1012
12/17/2022,BOS,MA,ANE,EN,Towers with Radar,789,88,9,0,886,0,3,12,0,15,789,91,21,0,901,0,0,0,901
12/18/2022,BOS,MA,ANE,EN,Towers with Radar,843,88,6,0,937,0,33,13,0,46,843,121,19,0,983,0,0,0,983
12/19/2022,BOS,MA,ANE,EN,Towers with Radar,857,103,22,0,982,0,30,10,3,43,857,133,32,3,1025,0,0,0,1025
12/20/2022,BOS,MA,ANE,EN,Towers with Radar,869,98,19,0,986,0,35,16,2,53,869,133,35,2,1039,0,0,0,1039
12/21/2022,BOS,MA,ANE,EN,Towers with Radar,870,102,16,1,989,0,35,8,0,43,870,137,24,1,1032,0,0,0,1032
12/22/2022,BOS,MA,ANE,EN,Towers with Radar,838,103,12,0,953,0,25,7,0,32,838,128,19,0,985,0,0,0,985
12/23/2022,BOS,MA,ANE,EN,Towers with Radar,651,27,8,0,686,0,0,0,0,0,651,27,8,0,686,0,0,0,686
12/24/2022,BOS,MA,ANE,EN,Towers with Radar,606,71,8,0,685,0,23,5,0,28,606,94,13,0,713,0,0,0,713
12/25/2022,BOS,MA,ANE,EN,Towers with Radar,574,31,2,0,607,0,18,1,0,19,574,49,3,0,626,0,0,0,626
12/26/2022,BOS,MA,ANE,EN,Towers with Radar,720,79,11,0,810,0,39,15,2,56,720,118,26,2,866,0,0,0,866
12/27/2022,BOS,MA,ANE,EN,Towers with Radar,775,78,17,0,870,0,27,21,1,49,775,105,38,1,919,0,0,0,919
12/28/2022,BOS,MA,ANE,EN,Towers with Radar,775,86,11,0,872,0,26,4,0,30,775,112,15,0,902,0,0,0,902
12/29/2022,BOS,MA,ANE,EN,Towers with Radar,786,77,11,0,874,0,36,14,2,52,786,113,25,2,926,0,0,0,926
12/30/2022,BOS,MA,ANE,EN,Towers with Radar,800,86,6,0,892,0,30,18,0,48,800,116,24,0,940,0,0,0,940
12/31/2022,BOS,MA,ANE,EN,Towers with Radar,704,79,6,0,789,0,0,0,0,0,704,79,6,0,789,0,0,0,789
01/01/2023,BOS,MA,ANE,EN,Towers with Radar,684,67,16,0,767,0,40,10,0,50,684,107,26,0,817,0,0,0,817
01/02/2023,BOS,MA,ANE,EN,Towers with Radar,768,79,28,0,875,0,40,15,0,55,768,119,43,0,930,0,0,0,930
01/03/2023,BOS,MA,ANE,EN,Towers with Radar,822,110,14,0,946,0,0,0,0,0,822,110,14,0,946,0,0,0,946
01/04/2023,BOS,MA,ANE,EN,Towers with Radar,774,110,22,0,906,0,0,0,0,0,774,110,22,0,906,0,0,0,906
01/05/2023,BOS,MA,ANE,EN,Towers with Radar,796,105,20,0,921,0,0,0,0,0,796,105,20,0,921,0,0,0,921
01/06/2023,BOS,MA,ANE,EN,Towers with Radar,776,105,14,0,895,0,0,0,0,0,776,105,14,0,895,0,0,0,895
01/07/2023,BOS,MA,ANE,EN,Towers with Radar,714,90,18,0,822,0,9,26,0,35,714,99,44,0,857,0,0,0,857
01/08/2023,BOS,MA,ANE,EN,Towers with Radar,821,90,11,0,922,0,43,13,3,59,821,133,24,3,981,0,0,0,981
01/09/2023,BOS,MA,ANE,EN,Towers with Radar,904,93,14,0,1011,0,17,8,4,29,904,110,22,4,1040,0,0,0,1040
01/10/2023,BOS,MA,ANE,EN,Towers with Radar,861,88,20,0,969,0,30,9,0,39,861,118,29,0,1008,0,0,0,1008
01/11/2023,BOS,MA,ANE,EN,Towers with Radar,810,118,30,2,960,0,26,6,4,36,810,144,36,6,996,0,0,0,996
01/12/2023,BOS,MA,ANE,EN,Towers with Radar,896,111,24,0,1031,0,4,0,0,4,896,115,24,0,1035,0,0,0,1035
01/13/2023,BOS,MA,ANE,EN,Towers with Radar,880,103,14,2,999,0,0,0,0,0,880,103,14,2,999,0,0,0,999
01/14/2023,BOS,MA,ANE,EN,Towers with Radar,707,85,1,0,793,0,1,0,0,1,707,86,1,0,794,0,0,0,794
01/15/2023,BOS,MA,ANE,EN,Towers with Radar,780,73,7,0,860,0,1,2,0,3,780,74,9,0,863,0,0,0,863
01/16/2023,BOS,MA,ANE,EN,Towers with Radar,844,91,11,0,946,0,0,2,0,2,844,91,13,0,948,0,0,0,948
01/17/2023,BOS,MA,ANE,EN,Towers with Radar,868,97,11,0,976,0,31,13,2,46,868,128,24,2,1022,0,0,0,1022
01/18/2023,BOS,MA,ANE,EN,Towers with Radar,854,110,13,0,977,0,26,5,2,33,854,136,18,2,1010,0,0,0,1010
01/19/2023,BOS,MA,ANE,EN,Towers with Radar,881,95,10,0,986,0,16,2,0,18,881,111,12,0,1004,0,0,0,1004
01/20/2023,BOS,MA,ANE,EN,Towers with Radar,883,107,21,0,1011,0,0,0,0,0,883,107,21,0,1011,0,0,0,1011
01/21/2023,BOS,MA,ANE,EN,Towers with Radar,699,89,5,0,793,0,4,21,0,25,699,93,26,0,818,0,0,0,818
01/22/2023,BOS,MA,ANE,EN,Towers with Radar,822,120,6,0,948,0,4,8,0,12,822,124,14,0,960,0,0,0,960
01/23/2023,BOS,MA,ANE,EN,Towers with Radar,783,58,9,0,850,0,0,0,0,0,783,58,9,0,850,0,0,0,850
01/24/2023,BOS,MA,ANE,EN,Towers with Radar,895,106,20,1,1022,0,21,8,4,33,895,127,28,5,1055,0,0,0,1055
01/25/2023,BOS,MA,ANE,EN,Towers with Radar,849,115,20,0,984,0,17,0,2,19,849,132,20,2,1003,0,0,0,1003
01/26/2023,BOS,MA,ANE,EN,Towers with Radar,904,110,19,0,1033,0,10,2,0,12,904,120,21,0,1045,0,0,0,1045
01/27/2023,BOS,MA,ANE,EN,Towers with Radar,894,98,20,1,1013,0,39,6,2,47,894,137,26,3,1060,0,0,0,1060
01/28/2023,BOS,MA,ANE,EN,Towers with Radar,709,60,14,0,783,0,37,23,0,60,709,97,37,0,843,0,0,0,843
01/29/2023,BOS,MA,ANE,EN,Towers with Radar,843,97,14,0,954,0,28,9,0,37,843,125,23,0,991,0,0,0,991
01/30/2023,BOS,MA,ANE,EN,Towers with Radar,881,97,14,0,992,0,24,0,2,26,881,121,14,2,1018,0,0,0,1018
01/31/2023,BOS,MA,ANE,EN,Towers with Radar,842,93,19,0,954,0,17,6,2,25,842,110,25,2,979,0,0,0,979
02/01/2023,BOS,MA,ANE,EN,Towers with Radar,829,114,18,0,961,0,22,4,0,26,829,136,22,0,987,0,0,0,987
02/02/2023,BOS,MA,ANE,EN,Towers with Radar,890,96,18,0,1004,0,32,14,0,46,890,128,32,0,1050,0,0,0,1050
02/03/2023,BOS,MA,ANE,EN,Towers with Radar,859,79,8,0,946,0,12,0,0,12,859,91,8,0,958,0,0,0,958
02/04/2023,BOS,MA,ANE,EN,Towers with Radar,648,46,21,0,715,0,18,2,0,20,648,64,23,0,735,0,0,0,735
02/05/2023,BOS,MA,ANE,EN,Towers with Radar,859,89,21,0,969,0,35,8,2,45,859,124,29,2,1014,0,0,0,1014
02/06/2023,BOS,MA,ANE,EN,Towers with Radar,894,106,30,0,1030,0,28,5,0,33,894,134,35,0,1063,0,0,0,1063
02/07/2023,BOS,MA,ANE,EN,Towers with Radar,867,91,31,0,989,0,34,8,0,42,867,125,39,0,1031,0,0,0,1031
02/08/2023,BOS,MA,ANE,EN,Towers with Radar,876,117,29,0,1022,0,28,8,4,40,876,145,37,4,1062,0,0,0,1062
02/09/2023,BOS,MA,ANE,EN,Towers with Radar,915,108,24,0,1047,0,20,18,0,38,915,128,42,0,1085,0,0,0,1085
02/10/2023,BOS,MA,ANE,EN,Towers with Radar,915,113,27,0,1055,0,22,15,0,37,915,135,42,0,1092,0,0,0,1092
02/11/2023,BOS,MA,ANE,EN,Towers with Radar,717,68,4,0,789,0,37,25,0,62,717,105,29,0,851,0,0,0,851
02/12/2023,BOS,MA,ANE,EN,Towers with Radar,838,83,14,0,935,0,41,11,0,52,838,124,25,0,987,0,0,0,987
02/13/2023,BOS,MA,ANE,EN,Towers with Radar,900,119,16,0,1035,0,3,6,0,9,900,122,22,0,1044,0,0,0,1044
02/14/2023,BOS,MA,ANE,EN,Towers with Radar,886,102,25,0,1013,0,22,49,0,71,886,124,74,0,1084,0,0,0,1084
02/15/2023,BOS,MA,ANE,EN,Towers with Radar,884,106,14,0,1004,0,32,14,0,46,884,138,28,0,1050,0,0,0,1050
02/16/2023,BOS,MA,ANE,EN,Towers with Radar,927,120,19,0,1066,0,29,9,0,38,927,149,28,0,1104,0,0,0,1104
02/17/2023,BOS,MA,ANE,EN,Towers with Radar,940,109,11,0,1060,0,0,0,0,0,940,109,11,0,1060,0,0,0,1060
02/18/2023,BOS,MA,ANE,EN,Towers with Radar,789,67,8,0,864,0,35,41,0,76,789,102,49,0,940,0,0,0,940
02/19/2023,BOS,MA,ANE,EN,Towers with Radar,871,77,11,0,959,0,36,21,0,57,871,113,32,0,1016,0,0,0,1016
02/20/2023,BOS,MA,ANE,EN,Towers with Radar,939,101,21,0,1061,0,14,6,0,20,939,115,27,0,1081,0,0,0,1081
02/21/2023,BOS,MA,ANE,EN,Towers with Radar,938,120,28,0,1086,0,1,0,0,1,938,121,28,0,1087,0,0,0,1087
02/22/2023,BOS,MA,ANE,EN,Towers with Radar,887,92,22,0,1001,0,25,6,0,31,887,117,28,0,1032,0,0,0,1032
02/23/2023,BOS,MA,ANE,EN,Towers with Radar,804,50,9,0,863,0,0,0,0,0,804,50,9,0,863,0,0,0,863
02/24/2023,BOS,MA,ANE,EN,Towers with Radar,961,81,19,0,1061,0,20,1,2,23,961,101,20,2,1084,0,0,0,1084
02/25/2023,BOS,MA,ANE,EN,Towers with Radar,773,80,7,0,860,0,20,0,1,21,773,100,7,1,881,0,0,0,881
02/26/2023,BOS,MA,ANE,EN,Towers with Radar,897,104,18,0,1019,0,2,16,0,18,897,106,34,0,1037,0,0,0,1037
02/27/2023,BOS,MA,ANE,EN,Towers with Radar,920,98,32,0,1050,0,29,6,0,35,920,127,38,0,1085,0,0,0,1085
02/28/2023,BOS,MA,ANE,EN,Towers with Radar,845,115,26,0,986,0,0,0,0,0,845,115,26,0,986,0,0,0,986
03/01/2023,BOS,MA,ANE,EN,Towers with Radar,951,132,36,0,1119,0,28,12,0,40,951,160,48,0,1159,0,0,0,1159
03/02/2023,BOS,MA,ANE,EN,Towers with Radar,949,140,29,0,1118,0,0,2,0,2,949,140,31,0,1120,0,0,0,1120
03/03/2023,BOS,MA,ANE,EN,Towers with Radar,911,97,26,0,1034,0,39,6,0,45,911,136,32,0,1079,0,0,0,1079
03/04/2023,BOS,MA,ANE,EN,Towers with Radar,619,49,5,0,673,0,0,0,0,0,619,49,5,0,673,0,0,0,673
03/05/2023,BOS,MA,ANE,EN,Towers with Radar,896,101,14,1,1012,0,28,7,0,35,896,129,21,1,1047,0,0,0,1047
03/06/2023,BOS,MA,ANE,EN,Towers with Radar,958,88,28,0,1074,0,34,9,0,43,958,122,37,0,1117,0,0,0,1117
03/07/2023,BOS,MA,ANE,EN,Towers with Radar,946,117,36,0,1099,0,22,9,0,31,946,139,45,0,1130,0,0,0,1130
03/08/2023,BOS,MA,ANE,EN,Towers with Radar,930,121,29,1,1081,0,11,16,0,27,930,132,45,1,1108,0,0,0,1108
03/09/2023,BOS,MA,ANE,EN,Towers with Radar,1015,135,24,0,1174,0,25,11,0,36,1015,160,35,0,1210,0,0,0,1210
03/10/2023,BOS,MA,ANE,EN,Towers with Radar,961,103,16,0,1080,0,35,10,2,47,961,138,26,2,1127,0,0,0,1127
03/11/2023,BOS,MA,ANE,EN,Towers with Radar,766,88,19,0,873,0,3,6,1,10,766,91,25,1,883,0,0,0,883
03/12/2023,BOS,MA,ANE,EN,Towers with Radar,916,105,13,0,1034,0,19,14,0,33,916,124,27,0,1067,0,0,0,1067
03/13/2023,BOS,MA,ANE,EN,Towers with Radar,966,136,21,0,1123,0,9,0,0,9,966,145,21,0,1132,0,0,0,1132
03/14/2023,BOS,MA,ANE,EN,Towers with Radar,705,28,10,2,745,0,0,0,0,0,705,28,10,2,745,0,0,0,745
03/15/2023,BOS,MA,ANE,EN,Towers with Radar,953,119,16,0,1088,0,10,5,2,17,953,129,21,2,1105,0,0,0,1105
03/16/2023,BOS,MA,ANE,EN,Towers with Radar,989,112,20,0,1121,0,29,2,0,31,989,141,22,0,1152,0,0,0,1152
03/17/2023,BOS,MA,ANE,EN,Towers with Radar,985,106,11,0,1102,0,29,7,0,36,985,135,18,0,1138,0,0,0,1138
03/18/2023,BOS,MA,ANE,EN,Towers with Radar,782,94,7,0,883,0,14,10,0,24,782,108,17,0,907,0,0,0,907
03/19/2023,BOS,MA,ANE,EN,Towers with Radar,921,111,18,0,1050,0,23,1,3,27,921,134,19,3,1077,0,0,0,1077
03/20/2023,BOS,MA,ANE,EN,Towers with Radar,973,100,25,0,1098,0,38,19,2,59,973,138,44,2,1157,0,0,0,1157
03/21/2023,BOS,MA,ANE,EN,Towers with Radar,970,110,22,0,1102,0,33,12,0,45,970,143,34,0,1147,0,0,0,1147
03/22/2023,BOS,MA,ANE,EN,Towers with Radar,972,115,23,1,1111,0,25,10,0,35,972,140,33,1,1146,0,0,0,1146
03/23/2023,BOS,MA,ANE,EN,Towers with Radar,980,135,23,0,1138,0,4,7,0,11,980,139,30,0,1149,0,0,0,1149
03/24/2023,BOS,MA,ANE,EN,Towers with Radar,994,116,21,0,1131,0,29,3,0,32,994,145,24,0,1163,0,0,0,1163
03/25/2023,BOS,MA,ANE,EN,Towers with Radar,780,92,12,0,884,0,9,2,0,11,780,101,14,0,895,0,0,0,895
03/26/2023,BOS,MA,ANE,EN,Towers with Radar,902,120,20,0,1042,0,14,22,0,36,902,134,42,0,1078,0,0,0,1078
03/27/2023,BOS,MA,ANE,EN,Towers with Radar,971,111,18,0,1100,1,32,12,0,45,972,143,30,0,1145,0,0,0,1145
03/28/2023,BOS,MA,ANE,EN,Towers with Radar,956,139,20,0,1115,0,7,10,0,17,956,146,30,0,1132,0,0,0,1132
03/29/2023,BOS,MA,ANE,EN,Towers with Radar,962,100,29,0,1091,0,33,13,0,46,962,133,42,0,1137,0,0,0,1137
03/30/2023,BOS,MA,ANE,EN,Towers with Radar,993,110,18,0,1121,0,32,13,0,45,993,142,31,0,1166,0,0,0,1166
03/31/2023,BOS,MA,ANE,EN,Towers with Radar,961,105,16,0,1082,0,30,0,0,30,961,135,16,0,1112,0,0,0,1112
04/01/2023,BOS,MA,ANE,EN,Towers with Radar,764,96,13,0,873,0,0,0,0,0,764,96,13,0,873,0,0,0,873
04/02/2023,BOS,MA,ANE,EN,Towers with Radar,908,130,24,1,1063,0,28,18,0,46,908,158,42,1,1109,0,0,0,1109
04/03/2023,BOS,MA,ANE,EN,Towers with Radar,956,109,18,1,1084,0,28,3,0,31,956,137,21,1,1115,0,0,0,1115
04/04/2023,BOS,MA,ANE,EN,Towers with Radar,965,165,27,2,1159,0,13,7,0,20,965,178,34,2,1179,0,0,0,1179
04/05/2023,BOS,MA,ANE,EN,Towers with Radar,949,145,23,0,1117,0,1,5,1,7,949,146,28,1,1124,0,0,0,1124
04/06/2023,BOS,MA,ANE,EN,Towers with Radar,995,152,23,0,1170,0,1,0,0,1,995,153,23,0,1171,0,0,0,1171
04/07/2023,BOS,MA,ANE,EN,Towers with Radar,999,101,6,0,1106,0,42,14,0,56,999,143,20,0,1162,0,0,0,1162
04/08/2023,BOS,MA,ANE,EN,Towers with Radar,812,89,4,1,906,0,47,17,0,64,812,136,21,1,970,0,0,0,970
04/09/2023,BOS,MA,ANE,EN,Towers with Radar,941,87,12,0,1040,0,46,18,0,64,941,133,30,0,1104,0,0,0,1104
04/10/2023,BOS,MA,ANE,EN,Towers with Radar,987,103,27,0,1117,0,34,18,0,52,987,137,45,0,1169,0,0,0,1169
04/11/2023,BOS,MA,ANE,EN,Towers with Radar,977,98,33,0,1108,0,29,8,2,39,977,127,41,2,1147,0,0,0,1147
04/12/2023,BOS,MA,ANE,EN,Towers with Radar,972,105,19,0,1096,0,36,19,0,55,972,141,38,0,1151,0,0,0,1151
04/13/2023,BOS,MA,ANE,EN,Towers with Radar,993,120,21,0,1134,0,44,21,2,67,993,164,42,2,1201,0,0,0,1201
04/14/2023,BOS,MA,ANE,EN,Towers with Radar,1008,127,19,2,1156,0,51,11,2,64,1008,178,30,4,1220,0,0,0,1220
04/15/2023,BOS,MA,ANE,EN,Towers with Radar,828,126,27,0,981,0,6,15,0,21,828,132,42,0,1002,0,0,0,1002
04/16/2023,BOS,MA,ANE,EN,Towers with Radar,934,144,26,0,1104,0,0,0,0,0,934,144,26,0,1104,0,0,0,1104
04/17/2023,BOS,MA,ANE,EN,Towers with Radar,1000,109,18,2,1129,0,0,0,0,0,1000,109,18,2,1129,0,0,0,1129
04/18/2023,BOS,MA,ANE,EN,Towers with Radar,1015,141,31,0,1187,0,26,9,1,36,1015,167,40,1,1223,0,0,0,1223
04/19/2023,BOS,MA,ANE,EN,Towers with Radar,983,133,23,0,1139,0,30,12,6,48,983,163,35,6,1187,0,0,0,1187
04/20/2023,BOS,MA,ANE,EN,Towers with Radar,1002,126,17,0,1145,0,38,14,0,52,1002,164,31,0,1197,0,0,0,1197
04/21/2023,BOS,MA,ANE,EN,Towers with Radar,1014,115,17,0,1146,0,33,20,0,53,1014,148,37,0,1199,0,0,0,1199
04/22/2023,BOS,MA,ANE,EN,Towers with Radar,823,116,9,0,948,0,2,20,4,26,823,118,29,4,974,0,0,0,974
04/23/2023,BOS,MA,ANE,EN,Towers with Radar,975,142,18,0,1135,0,0,0,0,0,975,142,18,0,1135,0,0,0,1135
04/24/2023,BOS,MA,ANE,EN,Towers with Radar,1016,146,30,0,1192,0,5,7,0,12,1016,151,37,0,1204,0,0,0,1204
04/25/2023,BOS,MA,ANE,EN,Towers with Radar,987,156,34,0,1177,0,17,12,0,29,987,173,46,0,1206,0,0,0,1206
04/26/2023,BOS,MA,ANE,EN,Towers with Radar,970,147,20,0,1137,0,6,7,0,13,970,153,27,0,1150,0,0,0,1150
04/27/2023,BOS,MA,ANE,EN,Towers with Radar,1005,189,26,0,1220,0,14,3,0,17,1005,203,29,0,1237,0,0,0,1237
04/28/2023,BOS,MA,ANE,EN,Towers with Radar,1010,115,33,0,1158,0,45,10,2,57,1010,160,43,2,1215,0,0,0,1215
04/29/2023,BOS,MA,ANE,EN,Towers with Radar,812,102,7,0,921,0,16,6,2,24,812,118,13,2,945,0,0,0,945
04/30/2023,BOS,MA,ANE,EN,Towers with Radar,877,117,19,0,1013,0,0,0,0,0,877,117,19,0,1013,0,0,0,1013
05/01/2023,BOS,MA,ANE,EN,Towers with Radar,1034,127,36,0,1197,0,17,13,0,30,1034,144,49,0,1227,0,0,0,1227
05/02/2023,BOS,MA,ANE,EN,Towers with Radar,1001,136,26,0,1163,0,17,4,0,21,1001,153,30,0,1184,0,0,0,1184
05/03/2023,BOS,MA,ANE,EN,Towers with Radar,981,172,39,0,1192,0,18,8,0,26,981,190,47,0,1218,0,0,0,1218
05/04/2023,BOS,MA,ANE,EN,Towers with Radar,1004,179,30,0,1213,0,3,5,0,8,1004,182,35,0,1221,0,0,0,1221
05/05/2023,BOS,MA,ANE,EN,Towers with Radar,983,152,17,0,1152,0,11,15,0,26,983,163,32,0,1178,0,0,0,1178
05/06/2023,BOS,MA,ANE,EN,Towers with Radar,809,68,15,0,892,0,64,38,0,102,809,132,53,0,994,0,0,0,994
05/07/2023,BOS,MA,ANE,EN,Towers with Radar,905,119,15,0,1039,0,54,23,0,77,905,173,38,0,1116,0,0,0,1116
05/08/2023,BOS,MA,ANE,EN,Towers with Radar,1003,136,24,0,1163,0,35,8,0,43,1003,171,32,0,1206,0,0,0,1206
05/09/2023,BOS,MA,ANE,EN,Towers with Radar,970,121,34,2,1127,0,38,75,0,113,970,159,109,2,1240,0,0,0,1240
05/10/2023,BOS,MA,ANE,EN,Towers with Radar,963,135,39,0,1137,0,39,10,0,49,963,174,49,0,1186,0,0,0,1186
05/11/2023,BOS,MA,ANE,EN,Towers with Radar,1006,135,41,0,1182,0,45,18,0,63,1006,180,59,0,1245,0,0,0,1245
05/12/2023,BOS,MA,ANE,EN,Towers with Radar,1001,102,25,0,1128,0,59,15,0,74,1001,161,40,0,1202,0,0,0,1202
05/13/2023,BOS,MA,ANE,EN,Towers with Radar,826,76,6,0,908,0,56,26,2,84,826,132,32,2,992,0,0,0,992
05/14/2023,BOS,MA,ANE,EN,Towers with Radar,923,125,22,0,1070,0,52,16,0,68,923,177,38,0,1138,0,0,0,1138
05/15/2023,BOS,MA,ANE,EN,Towers with Radar,989,129,37,0,1155,0,41,24,2,67,989,170,61,2,1222,0,0,0,1222
05/16/2023,BOS,MA,ANE,EN,Towers with Radar,985,129,25,0,1139,0,44,9,0,53,985,173,34,0,1192,0,0,0,1192
05/17/2023,BOS,MA,ANE,EN,Towers with Radar,987,162,53,0,1202,0,46,4,2,52,987,208,57,2,1254,0,0,0,1254
05/18/2023,BOS,MA,ANE,EN,Towers with Radar,1013,160,27,0,1200,0,83,14,0,97,1013,243,41,0,1297,0,0,0,1297
05/19/2023,BOS,MA,ANE,EN,Towers with Radar,995,132,36,0,1163,0,63,13,2,78,995,195,49,2,1241,0,0,0,1241
05/20/2023,BOS,MA,ANE,EN,Towers with Radar,822,131,16,1,970,0,6,3,0,9,822,137,19,1,979,0,0,0,979
05/21/2023,BOS,MA,ANE,EN,Towers with Radar,957,163,36,0,1156,0,46,16,0,62,957,209,52,0,1218,0,0,0,1218
05/22/2023,BOS,MA,ANE,EN,Towers with Radar,997,159,51,5,1212,0,57,15,1,73,997,216,66,6,1285,0,0,0,1285
05/23/2023,BOS,MA,ANE,EN,Towers with Radar,982,161,39,1,1183,0,46,16,0,62,982,207,55,1,1245,0,0,0,1245
05/24/2023,BOS,MA,ANE,EN,Towers with Radar,979,158,43,0,1180,0,41,5,0,46,979,199,48,0,1226,0,0,0,1226
05/25/2023,BOS,MA,ANE,EN,Towers with Radar,1007,174,32,0,1213,0,53,10,0,63,1007,227,42,0,1276,0,0,0,1276
05/26/2023,BOS,MA,ANE,EN,Towers with Radar,994,118,15,0,1127,0,75,22,0,97,994,193,37,0,1224,0,0,0,1224
05/27/2023,BOS,MA,ANE,EN,Towers with Radar,822,48,8,0,878,0,62,18,0,80,822,110,26,0,958,0,0,0,958
05/28/2023,BOS,MA,ANE,EN,Towers with Radar,854,49,4,0,907,0,56,19,0,75,854,105,23,0,982,0,0,0,982
05/29/2023,BOS,MA,ANE,EN,Towers with Radar,965,121,31,0,1117,0,65,19,0,84,965,186,50,0,1201,0,0,0,1201
05/30/2023,BOS,MA,ANE,EN,Towers with Radar,968,121,33,0,1122,0,61,7,1,69,968,182,40,1,1191,0,0,0,1191
05/31/2023,BOS,MA,ANE,EN,Towers with Radar,980,114,57,4,1155,0,41,14,0,55,980,155,71,4,1210,0,0,0,1210
06/01/2023,BOS,MA,ANE,EN,Towers with Radar,1007,143,45,0,1195,1,47,28,2,78,1008,190,73,2,1273,0,0,0,1273
06/02/2023,BOS,MA,ANE,EN,Towers with Radar,958,90,20,0,1068,1,53,16,0,70,959,143,36,0,1138,0,0,0,1138
06/03/2023,BOS,MA,ANE,EN,Towers with Radar,851,123,17,1,992,1,0,0,0,1,852,123,17,1,993,0,0,0,993
06/04/2023,BOS,MA,ANE,EN,Towers with Radar,941,144,21,1,1107,1,3,5,0,9,942,147,26,1,1116,0,0,0,1116
06/05/2023,BOS,MA,ANE,EN,Towers with Radar,1004,170,38,0,1212,0,6,4,0,10,1004,176,42,0,1222,0,0,0,1222
06/06/2023,BOS,MA,ANE,EN,Towers with Radar,975,131,51,0,1157,1,29,7,2,39,976,160,58,2,1196,0,0,0,1196
06/07/2023,BOS,MA,ANE,EN,Towers with Radar,975,136,51,0,1162,0,28,7,1,36,975,164,58,1,1198,0,0,0,1198
06/08/2023,BOS,MA,ANE,EN,Towers with Radar,1003,137,23,2,1165,1,38,5,0,44,1004,175,28,2,1209,0,0,0,1209
06/09/2023,BOS,MA,ANE,EN,Towers with Radar,989,130,22,2,1143,1,18,14,0,33,990,148,36,2,1176,0,0,0,1176
06/10/2023,BOS,MA,ANE,EN,Towers with Radar,844,117,10,0,971,1,12,10,2,25,845,129,20,2,996,0,0,0,996
06/11/2023,BOS,MA,ANE,EN,Towers with Radar,923,92,24,0,1039,1,62,31,2,96,924,154,55,2,1135,0,0,0,1135
06/12/2023,BOS,MA,ANE,EN,Towers with Radar,986,122,41,0,1149,0,46,15,0,61,986,168,56,0,1210,0,0,0,1210
06/13/2023,BOS,MA,ANE,EN,Towers with Radar,994,184,29,0,1207,1,2,2,0,5,995,186,31,0,1212,0,0,0,1212
06/14/2023,BOS,MA,ANE,EN,Towers with Radar,960,143,29,1,1133,0,26,10,3,39,960,169,39,4,1172,0,0,0,1172
06/15/2023,BOS,MA,ANE,EN,Towers with Radar,986,162,31,1,1180,1,40,20,0,61,987,202,51,1,1241,0,0,0,1241
06/16/2023,BOS,MA,ANE,EN,Towers with Radar,952,125,14,1,1092,1,57,20,0,78,953,182,34,1,1170,0,0,0,1170
06/17/2023,BOS,MA,ANE,EN,Towers with Radar,823,132,25,0,980,1,3,0,0,4,824,135,25,0,984,0,0,0,984
06/18/2023,BOS,MA,ANE,EN,Towers with Radar,913,157,17,0,1087,1,16,9,0,26,914,173,26,0,1113,0,0,0,1113
06/19/2023,BOS,MA,ANE,EN,Towers with Radar,973,162,24,0,1159,1,19,11,0,31,974,181,35,0,1190,0,0,0,1190
06/20/2023,BOS,MA,ANE,EN,Towers with Radar,964,148,21,0,1133,1,41,10,1,53,965,189,31,1,1186,0,0,0,1186
06/21/2023,BOS,MA,ANE,EN,Towers with Radar,952,167,26,0,1145,1,41,18,0,60,953,208,44,0,1205,0,0,0,1205
06/22/2023,BOS,MA,ANE,EN,Towers with Radar,981,165,43,0,1189,1,34,4,0,39,982,199,47,0,1228,0,0,0,1228
06/23/2023,BOS,MA,ANE,EN,Towers with Radar,963,184,27,2,1176,1,7,7,0,15,964,191,34,2,1191,0,0,0,1191
06/24/2023,BOS,MA,ANE,EN,Towers with Radar,828,158,24,1,1011,1,3,18,0,22,829,161,42,1,1033,0,0,0,1033
06/25/2023,BOS,MA,ANE,EN,Towers with Radar,868,136,20,2,1026,1,17,19,0,37,869,153,39,2,1063,0,0,0,1063
06/26/2023,BOS,MA,ANE,EN,Towers with Radar,799,150,34,2,985,1,7,4,1,13,800,157,38,3,998,0,0,0,998
06/27/2023,BOS,MA,ANE,EN,Towers with Radar,839,182,38,0,1059,1,9,7,0,17,840,191,45,0,1076,0,0,0,1076
06/28/2023,BOS,MA,ANE,EN,Towers with Radar,905,196,38,0,1139,1,11,4,0,16,906,207,42,0,1155,0,0,0,1155
06/29/2023,BOS,MA,ANE,EN,Towers with Radar,980,182,35,0,1197,1,24,3,0,28,981,206,38,0,1225,0,0,0,1225
06/30/2023,BOS,MA,ANE,EN,Towers with Radar,991,196,36,0,1223,1,36,13,0,50,992,232,49,0,1273,0,0,0,1273
07/01/2023,BOS,MA,ANE,EN,Towers with Radar,867,142,16,0,1025,1,0,8,0,9,868,142,24,0,1034,0,0,0,1034
07/02/2023,BOS,MA,ANE,EN,Towers with Radar,884,155,9,0,1048,1,4,0,0,5,885,159,9,0,1053,0,0,0,1053
07/03/2023,BOS,MA,ANE,EN,Towers with Radar,836,137,9,0,982,1,7,4,0,12,837,144,13,0,994,0,0,0,994
07/04/2023,BOS,MA,ANE,EN,Towers with Radar,779,130,20,0,929,1,6,1,0,8,780,136,21,0,937,0,0,0,937
07/05/2023,BOS,MA,ANE,EN,Towers with Radar,936,130,26,0,1092,0,35,9,0,44,936,165,35,0,1136,0,0,0,1136
07/06/2023,BOS,MA,ANE,EN,Towers with Radar,962,129,24,0,1115,1,41,4,0,46,963,170,28,0,1161,0,0,0,1161
07/07/2023,BOS,MA,ANE,EN,Towers with Radar,881,132,16,2,1031,1,35,6,0,42,882,167,22,2,1073,0,0,0,1073
07/08/2023,BOS,MA,ANE,EN,Towers with Radar,855,156,12,0,1023,1,6,6,0,13,856,162,18,0,1036,0,0,0,1036
07/09/2023,BOS,MA,ANE,EN,Towers with Radar,753,149,19,0,921,1,7,7,0,15,754,156,26,0,936,0,0,0,936
07/10/2023,BOS,MA,ANE,EN,Towers with Radar,964,112,22,0,1098,0,0,0,0,0,964,112,22,0,1098,0,0,0,1098
07/11/2023,BOS,MA,ANE,EN,Towers with Radar,1007,113,28,0,1148,1,59,18,0,78,1008,172,46,0,1226,0,0,0,1226
07/12/2023,BOS,MA,ANE,EN,Towers with Radar,998,119,21,0,1138,0,53,19,4,76,998,172,40,4,1214,0,0,0,1214
07/13/2023,BOS,MA,ANE,EN,Towers with Radar,956,135,32,0,1123,1,36,14,2,53,957,171,46,2,1176,0,0,0,1176
07/14/2023,BOS,MA,ANE,EN,Towers with Radar,907,125,27,0,1059,1,27,12,2,42,908,152,39,2,1101,0,0,0,1101
07/15/2023,BOS,MA,ANE,EN,Towers with Radar,849,129,19,0,997,1,23,27,2,53,850,152,46,2,1050,0,0,0,1050
07/16/2023,BOS,MA,ANE,EN,Towers with Radar,724,128,17,0,869,1,1,0,0,2,725,129,17,0,871,0,0,0,871
07/17/2023,BOS,MA,ANE,EN,Towers with Radar,978,161,33,0,1172,0,19,12,0,31,978,180,45,0,1203,0,0,0,1203
07/18/2023,BOS,MA,ANE,EN,Towers with Radar,964,135,23,0,1122,0,8,2,0,10,964,143,25,0,1132,0,0,0,1132
07/19/2023,BOS,MA,ANE,EN,Towers with Radar,1002,152,15,2,1171,0,28,5,0,33,1002,180,20,2,1204,0,0,0,1204
07/20/2023,BOS,MA,ANE,EN,Towers with Radar,1017,119,18,0,1154,0,74,5,4,83,1017,193,23,4,1237,0,0,0,1237
07/21/2023,BOS,MA,ANE,EN,Towers with Radar,920,159,24,0,1103,0,13,5,1,19,920,172,29,1,1122,0,0,0,1122
07/22/2023,BOS,MA,ANE,EN,Towers with Radar,939,161,11,1,1112,0,18,1,0,19,939,179,12,1,1131,0,0,0,1131
07/23/2023,BOS,MA,ANE,EN,Towers with Radar,969,116,14,0,1099,0,79,8,0,87,969,195,22,0,1186,0,0,0,1186
07/24/2023,BOS,MA,ANE,EN,Towers with Radar,1013,113,19,0,1145,0,64,7,0,71,1013,177,26,0,1216,0,0,0,1216
07/25/2023,BOS,MA,ANE,EN,Towers with Radar,912,109,14,0,1035,0,39,6,0,45,912,148,20,0,1080,0,0,0,1080
07/26/2023,BOS,MA,ANE,EN,Towers with Radar,1008,143,39,0,1190,0,65,14,0,79,1008,208,53,0,1269,0,0,0,1269
07/27/2023,BOS,MA,ANE,EN,Towers with Radar,952,135,24,0,1111,0,22,4,0,26,952,157,28,0,1137,0,0,0,1137
07/28/2023,BOS,MA,ANE,EN,Towers with Radar,1002,146,15,2,1165,0,51,11,0,62,1002,197,26,2,1227,0,0,0,1227
07/29/2023,BOS,MA,ANE,EN,Towers with Radar,801,108,11,4,924,0,32,1,0,33,801,140,12,4,957,0,0,0,957
07/30/2023,BOS,MA,ANE,EN,Towers with Radar,970,132,21,0,1123,0,51,2,0,53,970,183,23,0,1176,0,0,0,1176
07/31/2023,BOS,MA,ANE,EN,Towers with Radar,1014,114,21,0,1149,0,73,15,0,88,1014,187,36,0,1237,0,0,0,1237
08/01/2023,BOS,MA,ANE,EN,Towers with Radar,1001,132,31,0,1164,0,76,13,0,89,1001,208,44,0,1253,0,0,0,1253
08/02/2023,BOS,MA,ANE,EN,Towers with Radar,995,117,28,0,1140,0,68,9,3,80,995,185,37,3,1220,0,0,0,1220
08/03/2023,BOS,MA,ANE,EN,Towers with Radar,1020,114,16,0,1150,0,61,10,0,71,1020,175,26,0,1221,0,0,0,1221
08/04/2023,BOS,MA,ANE,EN,Towers with Radar,987,144,13,0,1144,0,26,8,0,34,987,170,21,0,1178,0,0,0,1178
08/05/2023,BOS,MA,ANE,EN,Towers with Radar,869,142,12,0,1023,0,32,3,0,35,869,174,15,0,1058,0,0,0,1058
08/06/2023,BOS,MA,ANE,EN,Towers with Radar,956,124,13,0,1093,0,91,7,0,98,956,215,20,0,1191,0,0,0,1191
08/07/2023,BOS,MA,ANE,EN,Towers with Radar,927,146,31,0,1104,0,42,5,2,49,927,188,36,2,1153,0,0,0,1153
08/08/2023,BOS,MA,ANE,EN,Towers with Radar,975,134,33,0,1142,0,7,3,0,10,975,141,36,0,1152,0,0,0,1152
08/09/2023,BOS,MA,ANE,EN,Towers with Radar,983,153,17,0,1153,0,49,6,2,57,983,202,23,2,1210,0,0,0,1210
08/10/2023,BOS,MA,ANE,EN,Towers with Radar,1027,161,27,0,1215,0,52,6,0,58,1027,213,33,0,1273,0,0,0,1273
08/11/2023,BOS,MA,ANE,EN,Towers with Radar,1014,128,28,0,1170,0,64,7,0,71,1014,192,35,0,1241,0,0,0,1241
08/12/2023,BOS,MA,ANE,EN,Towers with Radar,863,122,11,0,996,0,61,2,0,63,863,183,13,0,1059,0,0,0,1059
08/13/2023,BOS,MA,ANE,EN,Towers with Radar,960,156,16,0,1132,0,33,0,0,33,960,189,16,0,1165,0,0,0,1165
08/14/2023,BOS,MA,ANE,EN,Towers with Radar,983,113,26,0,1122,0,64,9,0,73,983,177,35,0,1195,0,0,0,1195
08/15/2023,BOS,MA,ANE,EN,Towers with Radar,988,166,32,0,1186,0,0,0,0,0,988,166,32,0,1186,0,0,0,1186
08/16/2023,BOS,MA,ANE,EN,Towers with Radar,976,184,24,0,1184,0,3,3,0,6,976,187,27,0,1190,0,0,0,1190
08/17/2023,BOS,MA,ANE,EN,Towers with Radar,987,192,26,0,1205,0,1,0,0,1,987,193,26,0,1206,0,0,0,1206
08/18/2023,BOS,MA,ANE,EN,Towers with Radar,989,104,11,0,1104,0,5,4,1,10,989,109,15,1,1114,0,0,0,1114
08/19/2023,BOS,MA,ANE,EN,Towers with Radar,890,121,17,0,1028,0,72,3,0,75,890,193,20,0,1103,0,0,0,1103
08/20/2023,BOS,MA,ANE,EN,Towers with Radar,949,115,21,0,1085,0,75,4,0,79,949,190,25,0,1164,0,0,0,1164
08/21/2023,BOS,MA,ANE,EN,Towers with Radar,1006,139,15,0,1160,0,64,1,0,65,1006,203,16,0,1225,0,0,0,1225
08/22/2023,BOS,MA,ANE,EN,Towers with Radar,984,145,17,2,1148,0,51,10,0,61,984,196,27,2,1209,0,0,0,1209
08/23/2023,BOS,MA,ANE,EN,Towers with Radar,971,117,17,0,1105,0,53,2,2,57,971,170,19,2,1162,0,0,0,1162
08/24/2023,BOS,MA,ANE,EN,Towers with Radar,999,126,12,1,1138,0,57,3,0,60,999,183,15,1,1198,0,0,0,1198
08/25/2023,BOS,MA,ANE,EN,Towers with Radar,991,156,14,2,1163,0,0,0,0,0,991,156,14,2,1163,0,0,0,1163
08/26/2023,BOS,MA,ANE,EN,Towers with Radar,879,138,6,3,1026,0,25,4,0,29,879,163,10,3,1055,0,0,0,1055
08/27/2023,BOS,MA,ANE,EN,Towers with Radar,951,181,16,2,1150,0,12,2,0,14,951,193,18,2,1164,0,0,0,1164
08/28/2023,BOS,MA,ANE,EN,Towers with Radar,997,172,16,2,1187,0,15,4,0,19,997,187,20,2,1206,0,0,0,1206
08/29/2023,BOS,MA,ANE,EN,Towers with Radar,1008,161,26,0,1195,0,1,1,0,2,1008,162,27,0,1197,0,0,0,1197
08/30/2023,BOS,MA,ANE,EN,Towers with Radar,967,159,17,0,1143,0,6,0,0,6,967,165,17,0,1149,0,0,0,1149
08/31/2023,BOS,MA,ANE,EN,Towers with Radar,998,128,20,0,1146,0,64,13,0,77,998,192,33,0,1223,0,0,0,1223
