01/01/2020,BQN,PR,ASO,ES,Federal Contract Tower,4,0,0,0,4,0,0,25,2,27,4,0,25,2,31,2,0,2,33
01/02/2020,BQN,PR,ASO,ES,Federal Contract Tower,9,11,10,1,31,0,0,28,10,38,9,11,38,11,69,38,0,38,107
01/03/2020,BQN,PR,ASO,ES,Federal Contract Tower,16,14,3,0,33,0,0,11,10,21,16,14,14,10,54,20,48,68,122
01/04/2020,BQN,PR,ASO,ES,Federal Contract Tower,5,1,5,1,12,0,0,28,4,32,5,1,33,5,44,32,10,42,86
01/05/2020,BQN,PR,ASO,ES,Federal Contract Tower,10,0,5,0,15,0,0,25,4,29,10,0,30,4,44,30,10,40,84
01/06/2020,BQN,PR,ASO,ES,Federal Contract Tower,13,5,1,1,20,0,0,19,2,21,13,5,20,3,41,0,1,1,42
01/07/2020,BQN,PR,ASO,ES,Federal Contract Tower,13,12,6,0,31,0,0,10,13,23,13,12,16,13,54,2,0,2,56
01/08/2020,BQN,PR,ASO,ES,Federal Contract Tower,18,14,5,3,40,0,0,48,15,63,18,14,53,18,103,31,0,31,134
01/09/2020,BQN,PR,ASO,ES,Federal Contract Tower,9,15,1,0,25,0,0,21,12,33,9,15,22,12,58,2,4,6,64
01/10/2020,BQN,PR,ASO,ES,Federal Contract Tower,11,11,5,0,27,0,0,20,4,24,11,11,25,4,51,0,20,20,71
01/11/2020,BQN,PR,ASO,ES,Federal Contract Tower,9,0,1,0,10,0,0,3,5,8,9,0,4,5,18,0,0,0,18
01/12/2020,BQN,PR,ASO,ES,Federal Contract Tower,5,0,3,0,8,0,0,7,3,10,5,0,10,3,18,0,2,2,20
01/13/2020,BQN,PR,ASO,ES,Federal Contract Tower,4,14,2,0,20,0,0,19,15,34,4,14,21,15,54,41,28,69,123
01/14/2020,BQN,PR,ASO,ES,Federal Contract Tower,13,14,2,0,29,0,0,26,2,28,13,14,28,2,57,18,0,18,75
01/15/2020,BQN,PR,ASO,ES,Federal Contract Tower,12,14,8,1,35,0,0,20,11,31,12,14,28,12,66,44,12,56,122
01/16/2020,BQN,PR,ASO,ES,Federal Contract Tower,14,13,6,0,33,0,0,28,10,38,14,13,34,10,71,26,4,30,101
01/17/2020,BQN,PR,ASO,ES,Federal Contract Tower,7,14,6,0,27,0,0,30,13,43,7,14,36,13,70,28,26,54,124
01/18/2020,BQN,PR,ASO,ES,Federal Contract Tower,7,0,7,0,14,0,0,3,5,8,7,0,10,5,22,6,0,6,28
01/19/2020,BQN,PR,ASO,ES,Federal Contract Tower,4,1,4,0,9,0,0,9,8,17,4,1,13,8,26,10,4,14,40
01/20/2020,BQN,PR,ASO,ES,Federal Contract Tower,10,8,1,0,19,0,0,17,10,27,10,8,18,10,46,22,26,48,94
01/21/2020,BQN,PR,ASO,ES,Federal Contract Tower,12,9,1,0,22,1,0,35,8,44,13,9,36,8,66,54,22,76,142
01/22/2020,BQN,PR,ASO,ES,Federal Contract Tower,14,13,15,2,44,0,0,34,11,45,14,13,49,13,89,18,50,68,157
01/23/2020,BQN,PR,ASO,ES,Federal Contract Tower,15,13,5,0,33,0,0,20,21,41,15,13,25,21,74,32,0,32,106
01/24/2020,BQN,PR,ASO,ES,Federal Contract Tower,20,13,3,0,36,3,0,10,4,17,23,13,13,4,53,18,0,18,71
01/25/2020,BQN,PR,ASO,ES,Federal Contract Tower,9,0,2,0,11,0,0,14,6,20,9,0,16,6,31,30,10,40,71
01/26/2020,BQN,PR,ASO,ES,Federal Contract Tower,10,0,25,1,36,0,0,22,5,27,10,0,47,6,63,24,0,24,87
01/27/2020,BQN,PR,ASO,ES,Federal Contract Tower,9,20,1,0,30,0,0,9,6,15,9,20,10,6,45,0,0,0,45
01/28/2020,BQN,PR,ASO,ES,Federal Contract Tower,11,15,6,1,33,0,0,33,16,49,11,15,39,17,82,50,16,66,148
01/29/2020,BQN,PR,ASO,ES,Federal Contract Tower,16,7,0,2,25,0,0,28,7,35,16,7,28,9,60,30,14,44,104
01/30/2020,BQN,PR,ASO,ES,Federal Contract Tower,22,12,0,0,34,0,0,25,13,38,22,12,25,13,72,28,0,28,100
01/31/2020,BQN,PR,ASO,ES,Federal Contract Tower,12,15,3,0,30,0,0,36,18,54,12,15,39,18,84,18,26,44,128
02/01/2020,BQN,PR,ASO,ES,Federal Contract Tower,15,0,0,0,15,0,0,8,2,10,15,0,8,2,25,16,0,16,41
02/02/2020,BQN,PR,ASO,ES,Federal Contract Tower,7,0,1,0,8,0,0,16,5,21,7,0,17,5,29,0,0,0,29
02/03/2020,BQN,PR,ASO,ES,Federal Contract Tower,14,8,1,0,23,0,0,23,10,33,14,8,24,10,56,32,18,50,106
02/04/2020,BQN,PR,ASO,ES,Federal Contract Tower,17,15,1,1,34,0,0,35,14,49,17,15,36,15,83,14,2,16,99
02/05/2020,BQN,PR,ASO,ES,Federal Contract Tower,15,14,1,0,30,0,0,39,10,49,15,14,40,10,79,36,42,78,157
02/06/2020,BQN,PR,ASO,ES,Federal Contract Tower,16,12,1,0,29,0,0,35,38,73,16,12,36,38,102,16,16,32,134
02/07/2020,BQN,PR,ASO,ES,Federal Contract Tower,19,10,4,0,33,0,0,20,8,28,19,10,24,8,61,14,0,14,75
02/08/2020,BQN,PR,ASO,ES,Federal Contract Tower,7,0,1,0,8,0,0,5,2,7,7,0,6,2,15,2,0,2,17
02/09/2020,BQN,PR,ASO,ES,Federal Contract Tower,7,0,1,0,8,0,0,6,6,12,7,0,7,6,20,0,0,0,20
02/10/2020,BQN,PR,ASO,ES,Federal Contract Tower,20,11,6,1,38,0,0,34,13,47,20,11,40,14,85,40,18,58,143
02/11/2020,BQN,PR,ASO,ES,Federal Contract Tower,13,14,0,0,27,0,0,34,16,50,13,14,34,16,77,18,6,24,101
02/12/2020,BQN,PR,ASO,ES,Federal Contract Tower,12,14,4,1,31,0,0,39,27,66,12,14,43,28,97,28,12,40,137
02/13/2020,BQN,PR,ASO,ES,Federal Contract Tower,17,9,3,0,29,0,0,0,0,0,17,9,3,0,29,48,10,58,87
02/14/2020,BQN,PR,ASO,ES,Federal Contract Tower,16,12,1,0,29,0,0,29,8,37,16,12,30,8,66,26,8,34,100
02/15/2020,BQN,PR,ASO,ES,Federal Contract Tower,4,0,4,0,8,0,0,20,5,25,4,0,24,5,33,2,0,2,35
02/16/2020,BQN,PR,ASO,ES,Federal Contract Tower,5,0,5,0,10,0,0,18,5,23,5,0,23,5,33,18,0,18,51
02/17/2020,BQN,PR,ASO,ES,Federal Contract Tower,6,13,3,0,22,0,0,58,8,66,6,13,61,8,88,48,0,48,136
02/18/2020,BQN,PR,ASO,ES,Federal Contract Tower,18,12,6,0,36,0,0,37,17,54,18,12,43,17,90,34,20,54,144
02/19/2020,BQN,PR,ASO,ES,Federal Contract Tower,29,12,3,1,45,0,0,35,15,50,29,12,38,16,95,32,6,38,133
02/20/2020,BQN,PR,ASO,ES,Federal Contract Tower,15,10,3,2,30,0,0,39,10,49,15,10,42,12,79,68,0,68,147
02/21/2020,BQN,PR,ASO,ES,Federal Contract Tower,17,12,7,0,36,0,0,32,7,39,17,12,39,7,75,36,0,36,111
02/22/2020,BQN,PR,ASO,ES,Federal Contract Tower,10,0,2,0,12,0,0,6,5,11,10,0,8,5,23,8,0,8,31
02/23/2020,BQN,PR,ASO,ES,Federal Contract Tower,4,0,0,0,4,0,0,2,2,4,4,0,2,2,8,0,0,0,8
02/24/2020,BQN,PR,ASO,ES,Federal Contract Tower,9,12,4,2,27,0,0,13,13,26,9,12,17,15,53,20,16,36,89
02/25/2020,BQN,PR,ASO,ES,Federal Contract Tower,17,10,3,0,30,2,0,0,12,14,19,10,3,12,44,12,0,12,56
02/26/2020,BQN,PR,ASO,ES,Federal Contract Tower,8,13,3,1,25,0,0,57,12,69,8,13,60,13,94,40,0,40,134
02/27/2020,BQN,PR,ASO,ES,Federal Contract Tower,12,10,4,0,26,0,0,48,13,61,12,10,52,13,87,68,0,68,155
02/28/2020,BQN,PR,ASO,ES,Federal Contract Tower,11,14,5,1,31,0,0,52,8,60,11,14,57,9,91,44,0,44,135
02/29/2020,BQN,PR,ASO,ES,Federal Contract Tower,14,0,0,0,14,0,0,4,13,17,14,0,4,13,31,12,20,32,63
03/01/2020,BQN,PR,ASO,ES,Federal Contract Tower,21,0,0,0,21,0,0,4,1,5,21,0,4,1,26,2,0,2,28
03/02/2020,BQN,PR,ASO,ES,Federal Contract Tower,10,10,9,1,30,0,0,25,12,37,10,10,34,13,67,26,56,82,149
03/03/2020,BQN,PR,ASO,ES,Federal Contract Tower,14,11,0,1,26,1,0,31,6,38,15,11,31,7,64,36,6,42,106
03/04/2020,BQN,PR,ASO,ES,Federal Contract Tower,7,16,2,3,28,0,0,59,16,75,7,16,61,19,103,74,8,82,185
03/05/2020,BQN,PR,ASO,ES,Federal Contract Tower,12,12,2,0,26,0,0,20,15,35,12,12,22,15,61,8,8,16,77
03/06/2020,BQN,PR,ASO,ES,Federal Contract Tower,11,12,2,4,29,1,0,19,11,31,12,12,21,15,60,22,0,22,82
03/07/2020,BQN,PR,ASO,ES,Federal Contract Tower,6,0,0,0,6,0,0,0,7,7,6,0,0,7,13,0,0,0,13
03/08/2020,BQN,PR,ASO,ES,Federal Contract Tower,5,0,0,2,7,0,0,2,1,3,5,0,2,3,10,0,0,0,10
03/09/2020,BQN,PR,ASO,ES,Federal Contract Tower,8,11,8,0,27,0,0,2,7,9,8,11,10,7,36,0,24,24,60
03/10/2020,BQN,PR,ASO,ES,Federal Contract Tower,17,12,9,0,38,0,0,48,21,69,17,12,57,21,107,24,0,24,131
03/11/2020,BQN,PR,ASO,ES,Federal Contract Tower,14,9,4,3,30,0,0,26,11,37,14,9,30,14,67,24,16,40,107
03/12/2020,BQN,PR,ASO,ES,Federal Contract Tower,12,10,5,0,27,0,0,27,9,36,12,10,32,9,63,46,0,46,109
03/13/2020,BQN,PR,ASO,ES,Federal Contract Tower,13,10,4,0,27,0,0,17,12,29,13,10,21,12,56,34,19,53,109
03/14/2020,BQN,PR,ASO,ES,Federal Contract Tower,5,0,0,2,7,0,0,2,3,5,5,0,2,5,12,0,4,4,16
03/15/2020,BQN,PR,ASO,ES,Federal Contract Tower,4,0,2,2,8,0,0,1,5,6,4,0,3,7,14,0,12,12,26
03/16/2020,BQN,PR,ASO,ES,Federal Contract Tower,11,7,3,1,22,0,0,13,1,14,11,7,16,2,36,4,0,4,40
03/17/2020,BQN,PR,ASO,ES,Federal Contract Tower,14,7,4,4,29,0,0,24,9,33,14,7,28,13,62,14,8,22,84
03/18/2020,BQN,PR,ASO,ES,Federal Contract Tower,13,8,2,1,24,0,0,12,6,18,13,8,14,7,42,0,4,4,46
03/19/2020,BQN,PR,ASO,ES,Federal Contract Tower,8,12,3,1,24,0,0,27,9,36,8,12,30,10,60,10,0,10,70
03/20/2020,BQN,PR,ASO,ES,Federal Contract Tower,20,7,2,0,29,0,0,12,7,19,20,7,14,7,48,12,16,28,76
03/21/2020,BQN,PR,ASO,ES,Federal Contract Tower,2,0,0,0,2,0,0,1,11,12,2,0,1,11,14,0,0,0,14
03/22/2020,BQN,PR,ASO,ES,Federal Contract Tower,2,0,3,1,6,0,0,4,7,11,2,0,7,8,17,0,34,34,51
03/23/2020,BQN,PR,ASO,ES,Federal Contract Tower,12,7,0,0,19,0,0,17,5,22,12,7,17,5,41,24,0,24,65
03/24/2020,BQN,PR,ASO,ES,Federal Contract Tower,11,7,2,0,20,0,0,18,14,32,11,7,20,14,52,24,34,58,110
03/25/2020,BQN,PR,ASO,ES,Federal Contract Tower,10,6,0,0,16,0,0,19,10,29,10,6,19,10,45,26,24,50,95
03/26/2020,BQN,PR,ASO,ES,Federal Contract Tower,12,6,1,0,19,0,0,20,9,29,12,6,21,9,48,8,22,30,78
03/27/2020,BQN,PR,ASO,ES,Federal Contract Tower,7,8,0,0,15,0,0,19,8,27,7,8,19,8,42,14,0,14,56
03/28/2020,BQN,PR,ASO,ES,Federal Contract Tower,1,0,2,1,4,0,0,1,2,3,1,0,3,3,7,0,24,24,31
03/29/2020,BQN,PR,ASO,ES,Federal Contract Tower,1,0,1,1,3,0,0,0,6,6,1,0,1,7,9,0,34,34,43
03/30/2020,BQN,PR,ASO,ES,Federal Contract Tower,8,8,1,1,18,0,0,17,10,27,8,8,18,11,45,10,36,46,91
03/31/2020,BQN,PR,ASO,ES,Federal Contract Tower,9,9,1,1,20,0,0,31,17,48,9,9,32,18,68,52,18,70,138
04/01/2020,BQN,PR,ASO,ES,Federal Contract Tower,7,7,2,0,16,0,0,16,15,31,7,7,18,15,47,40,24,64,111
04/02/2020,BQN,PR,ASO,ES,Federal Contract Tower,6,6,0,0,12,0,0,15,13,28,6,6,15,13,40,32,20,52,92
04/03/2020,BQN,PR,ASO,ES,Federal Contract Tower,13,8,0,0,21,0,0,17,11,28,13,8,17,11,49,38,10,48,97
04/04/2020,BQN,PR,ASO,ES,Federal Contract Tower,0,0,2,1,3,0,0,18,10,28,0,0,20,11,31,42,8,50,81
04/05/2020,BQN,PR,ASO,ES,Federal Contract Tower,1,0,0,0,1,0,0,2,9,11,1,0,2,9,12,0,50,50,62
04/06/2020,BQN,PR,ASO,ES,Federal Contract Tower,4,8,0,1,13,0,0,5,10,15,4,8,5,11,28,26,56,82,110
04/07/2020,BQN,PR,ASO,ES,Federal Contract Tower,7,12,3,0,22,0,0,12,17,29,7,12,15,17,51,0,34,34,85
04/08/2020,BQN,PR,ASO,ES,Federal Contract Tower,10,5,6,0,21,0,0,16,11,27,10,5,22,11,48,6,14,20,68
04/10/2020,BQN,PR,ASO,ES,Federal Contract Tower,0,0,0,0,0,0,0,23,13,36,0,0,23,13,36,6,2,8,44
04/11/2020,BQN,PR,ASO,ES,Federal Contract Tower,0,0,0,1,1,0,0,11,8,19,0,0,11,9,20,22,22,44,64
04/12/2020,BQN,PR,ASO,ES,Federal Contract Tower,0,0,0,0,0,0,0,1,10,11,0,0,1,10,11,0,0,0,11
04/13/2020,BQN,PR,ASO,ES,Federal Contract Tower,3,2,0,0,5,0,0,11,8,19,3,2,11,8,24,0,0,0,24
04/14/2020,BQN,PR,ASO,ES,Federal Contract Tower,9,10,0,1,20,0,0,38,15,53,9,10,38,16,73,42,32,74,147
04/15/2020,BQN,PR,ASO,ES,Federal Contract Tower,8,2,0,0,10,0,0,15,9,24,8,2,15,9,34,14,34,48,82
04/16/2020,BQN,PR,ASO,ES,Federal Contract Tower,6,10,0,0,16,0,0,26,9,35,6,10,26,9,51,48,4,52,103
04/17/2020,BQN,PR,ASO,ES,Federal Contract Tower,4,3,1,2,10,0,0,15,12,27,4,3,16,14,37,30,0,30,67
04/18/2020,BQN,PR,ASO,ES,Federal Contract Tower,0,0,0,0,0,0,0,29,8,37,0,0,29,8,37,6,0,6,43
04/19/2020,BQN,PR,ASO,ES,Federal Contract Tower,2,1,2,1,6,0,1,6,7,14,2,2,8,8,20,14,14,28,48
04/20/2020,BQN,PR,ASO,ES,Federal Contract Tower,7,7,0,1,15,0,0,17,4,21,7,7,17,5,36,28,18,46,82
04/21/2020,BQN,PR,ASO,ES,Federal Contract Tower,5,1,1,0,7,0,0,17,12,29,5,1,18,12,36,50,34,84,120
04/22/2020,BQN,PR,ASO,ES,Federal Contract Tower,7,9,2,0,18,0,0,30,10,40,7,9,32,10,58,30,38,68,126
04/23/2020,BQN,PR,ASO,ES,Federal Contract Tower,8,3,0,0,11,0,0,30,3,33,8,3,30,3,44,30,16,46,90
04/24/2020,BQN,PR,ASO,ES,Federal Contract Tower,8,6,2,2,18,0,0,41,8,49,8,6,43,10,67,32,8,40,107
04/25/2020,BQN,PR,ASO,ES,Federal Contract Tower,2,0,0,0,2,0,0,29,10,39,2,0,29,10,41,12,4,16,57
04/26/2020,BQN,PR,ASO,ES,Federal Contract Tower,0,0,0,0,0,0,0,12,4,16,0,0,12,4,16,10,10,20,36
04/27/2020,BQN,PR,ASO,ES,Federal Contract Tower,4,4,0,1,9,0,0,18,8,26,4,4,18,9,35,26,12,38,73
04/28/2020,BQN,PR,ASO,ES,Federal Contract Tower,11,4,0,1,16,0,0,45,19,64,11,4,45,20,80,42,18,60,140
04/29/2020,BQN,PR,ASO,ES,Federal Contract Tower,7,5,0,0,12,0,0,41,9,50,7,5,41,9,62,56,54,110,172
04/30/2020,BQN,PR,ASO,ES,Federal Contract Tower,6,8,2,0,16,0,0,45,29,74,6,8,47,29,90,62,6,68,158
05/01/2020,BQN,PR,ASO,ES,Federal Contract Tower,8,4,3,0,15,0,0,28,9,37,8,4,31,9,52,22,20,42,94
05/02/2020,BQN,PR,ASO,ES,Federal Contract Tower,2,0,0,0,2,0,0,25,9,34,2,0,25,9,36,18,48,66,102
05/03/2020,BQN,PR,ASO,ES,Federal Contract Tower,0,0,1,0,1,0,0,20,3,23,0,0,21,3,24,8,10,18,42
05/04/2020,BQN,PR,ASO,ES,Federal Contract Tower,5,8,2,1,16,0,0,32,10,42,5,8,34,11,58,42,34,76,134
05/05/2020,BQN,PR,ASO,ES,Federal Contract Tower,7,2,0,1,10,0,0,52,15,67,7,2,52,16,77,66,24,90,167
05/06/2020,BQN,PR,ASO,ES,Federal Contract Tower,9,8,0,0,17,0,0,44,10,54,9,8,44,10,71,70,22,92,163
05/07/2020,BQN,PR,ASO,ES,Federal Contract Tower,7,2,1,0,10,0,0,35,20,55,7,2,36,20,65,14,2,16,81
05/08/2020,BQN,PR,ASO,ES,Federal Contract Tower,6,8,3,0,17,0,0,25,24,49,6,8,28,24,66,14,2,16,82
05/09/2020,BQN,PR,ASO,ES,Federal Contract Tower,0,0,0,0,0,0,0,23,11,34,0,0,23,11,34,42,20,62,96
05/10/2020,BQN,PR,ASO,ES,Federal Contract Tower,0,0,0,0,0,0,0,5,4,9,0,0,5,4,9,8,26,34,43
05/11/2020,BQN,PR,ASO,ES,Federal Contract Tower,7,8,4,0,19,0,0,25,10,35,7,8,29,10,54,46,30,76,130
05/12/2020,BQN,PR,ASO,ES,Federal Contract Tower,4,5,0,1,10,0,0,37,11,48,4,5,37,12,58,22,32,54,112
05/13/2020,BQN,PR,ASO,ES,Federal Contract Tower,8,6,2,0,16,0,0,34,13,47,8,6,36,13,63,36,18,54,117
05/14/2020,BQN,PR,ASO,ES,Federal Contract Tower,7,2,2,2,13,0,0,56,24,80,7,2,58,26,93,20,0,20,113
05/15/2020,BQN,PR,ASO,ES,Federal Contract Tower,11,10,1,0,22,0,0,16,8,24,11,10,17,8,46,0,2,2,48
05/16/2020,BQN,PR,ASO,ES,Federal Contract Tower,0,0,0,0,0,0,0,6,9,15,0,0,6,9,15,6,12,18,33
05/17/2020,BQN,PR,ASO,ES,Federal Contract Tower,0,0,1,0,1,0,0,0,3,3,0,0,1,3,4,0,10,10,14
05/18/2020,BQN,PR,ASO,ES,Federal Contract Tower,11,6,0,0,17,0,0,37,12,49,11,6,37,12,66,22,32,54,120
05/19/2020,BQN,PR,ASO,ES,Federal Contract Tower,7,11,1,0,19,0,0,50,16,66,7,11,51,16,85,18,20,38,123
05/20/2020,BQN,PR,ASO,ES,Federal Contract Tower,13,9,2,0,24,0,0,49,14,63,13,9,51,14,87,18,10,28,115
05/21/2020,BQN,PR,ASO,ES,Federal Contract Tower,7,10,3,0,20,0,0,37,23,60,7,10,40,23,80,16,14,30,110
05/22/2020,BQN,PR,ASO,ES,Federal Contract Tower,10,13,6,0,29,0,0,37,14,51,10,13,43,14,80,22,26,48,128
05/23/2020,BQN,PR,ASO,ES,Federal Contract Tower,0,0,0,0,0,0,0,10,5,15,0,0,10,5,15,0,0,0,15
05/24/2020,BQN,PR,ASO,ES,Federal Contract Tower,0,0,0,0,0,0,0,0,3,3,0,0,0,3,3,0,22,22,25
05/25/2020,BQN,PR,ASO,ES,Federal Contract Tower,0,2,1,0,3,0,0,21,10,31,0,2,22,10,34,16,60,76,110
05/26/2020,BQN,PR,ASO,ES,Federal Contract Tower,10,9,3,1,23,0,0,16,11,27,10,9,19,12,50,18,24,42,92
05/27/2020,BQN,PR,ASO,ES,Federal Contract Tower,10,9,3,3,25,0,0,25,20,45,10,9,28,23,70,22,10,32,102
05/28/2020,BQN,PR,ASO,ES,Federal Contract Tower,6,7,3,0,16,0,0,54,23,77,6,7,57,23,93,14,14,28,121
05/29/2020,BQN,PR,ASO,ES,Federal Contract Tower,8,9,0,0,17,0,0,20,3,23,8,9,20,3,40,0,18,18,58
05/30/2020,BQN,PR,ASO,ES,Federal Contract Tower,0,0,0,0,0,0,0,3,7,10,0,0,3,7,10,2,0,2,12
05/31/2020,BQN,PR,ASO,ES,Federal Contract Tower,1,0,0,1,2,0,0,3,3,6,1,0,3,4,8,0,12,12,20
06/01/2020,BQN,PR,ASO,ES,Federal Contract Tower,4,2,2,0,8,0,0,14,9,23,4,2,16,9,31,24,24,48,79
06/02/2020,BQN,PR,ASO,ES,Federal Contract Tower,12,8,0,0,20,0,0,37,10,47,12,8,37,10,67,18,16,34,101
06/03/2020,BQN,PR,ASO,ES,Federal Contract Tower,10,10,4,0,24,0,0,46,29,75,10,10,50,29,99,66,0,66,165
06/04/2020,BQN,PR,ASO,ES,Federal Contract Tower,16,6,1,0,23,0,0,55,16,71,16,6,56,16,94,20,0,20,114
06/05/2020,BQN,PR,ASO,ES,Federal Contract Tower,9,8,1,0,18,0,0,31,7,38,9,8,32,7,56,0,8,8,64
06/06/2020,BQN,PR,ASO,ES,Federal Contract Tower,0,0,0,0,0,0,0,0,3,3,0,0,0,3,3,0,20,20,23
06/07/2020,BQN,PR,ASO,ES,Federal Contract Tower,0,0,2,0,2,0,0,0,7,7,0,0,2,7,9,0,26,26,35
06/08/2020,BQN,PR,ASO,ES,Federal Contract Tower,9,8,1,0,18,0,0,19,12,31,9,8,20,12,49,22,14,36,85
06/09/2020,BQN,PR,ASO,ES,Federal Contract Tower,8,6,0,0,14,0,0,28,14,42,8,6,28,14,56,24,22,46,102
06/10/2020,BQN,PR,ASO,ES,Federal Contract Tower,14,6,0,2,22,0,0,37,18,55,14,6,37,20,77,46,18,64,141
06/11/2020,BQN,PR,ASO,ES,Federal Contract Tower,5,4,2,0,11,0,0,57,29,86,5,4,59,29,97,32,16,48,145
06/12/2020,BQN,PR,ASO,ES,Federal Contract Tower,7,10,3,1,21,0,0,34,16,50,7,10,37,17,71,4,6,10,81
06/13/2020,BQN,PR,ASO,ES,Federal Contract Tower,0,0,0,0,0,0,0,24,6,30,0,0,24,6,30,12,0,12,42
06/14/2020,BQN,PR,ASO,ES,Federal Contract Tower,0,0,4,0,4,0,0,11,3,14,0,0,15,3,18,30,10,40,58
06/15/2020,BQN,PR,ASO,ES,Federal Contract Tower,5,10,2,2,19,0,0,13,11,24,5,10,15,13,43,24,16,40,83
06/16/2020,BQN,PR,ASO,ES,Federal Contract Tower,5,5,0,1,11,0,0,16,22,38,5,5,16,23,49,22,12,34,83
06/17/2020,BQN,PR,ASO,ES,Federal Contract Tower,13,9,0,0,22,0,0,27,17,44,13,9,27,17,66,78,26,104,170
06/18/2020,BQN,PR,ASO,ES,Federal Contract Tower,10,9,6,2,27,0,0,32,21,53,10,9,38,23,80,10,16,26,106
06/19/2020,BQN,PR,ASO,ES,Federal Contract Tower,9,11,2,1,23,0,0,27,8,35,9,11,29,9,58,34,0,34,92
06/20/2020,BQN,PR,ASO,ES,Federal Contract Tower,1,0,3,0,4,0,0,21,8,29,1,0,24,8,33,28,10,38,71
06/21/2020,BQN,PR,ASO,ES,Federal Contract Tower,1,0,2,0,3,0,0,16,1,17,1,0,18,1,20,10,0,10,30
06/22/2020,BQN,PR,ASO,ES,Federal Contract Tower,6,13,2,0,21,0,0,27,7,34,6,13,29,7,55,24,16,40,95
06/23/2020,BQN,PR,ASO,ES,Federal Contract Tower,8,4,1,2,15,0,0,5,3,8,8,4,6,5,23,0,0,0,23
06/24/2020,BQN,PR,ASO,ES,Federal Contract Tower,13,9,6,0,28,0,0,16,13,29,13,9,22,13,57,22,16,38,95
06/25/2020,BQN,PR,ASO,ES,Federal Contract Tower,8,8,0,0,16,0,0,21,9,30,8,8,21,9,46,4,4,8,54
06/26/2020,BQN,PR,ASO,ES,Federal Contract Tower,8,9,2,0,19,0,0,24,13,37,8,9,26,13,56,24,6,30,86
06/27/2020,BQN,PR,ASO,ES,Federal Contract Tower,2,0,1,0,3,0,0,10,2,12,2,0,11,2,15,24,0,24,39
06/28/2020,BQN,PR,ASO,ES,Federal Contract Tower,4,0,0,0,4,0,0,3,0,3,4,0,3,0,7,0,0,0,7
06/29/2020,BQN,PR,ASO,ES,Federal Contract Tower,8,8,2,0,18,0,0,27,9,36,8,8,29,9,54,38,24,62,116
06/30/2020,BQN,PR,ASO,ES,Federal Contract Tower,10,3,0,1,14,0,0,30,9,39,10,3,30,10,53,32,14,46,99
07/01/2020,BQN,PR,ASO,ES,Federal Contract Tower,9,4,5,0,18,0,0,32,14,46,9,4,37,14,64,26,18,44,108
07/02/2020,BQN,PR,ASO,ES,Federal Contract Tower,5,8,1,0,14,0,0,31,14,45,5,8,32,14,59,38,0,38,97
07/03/2020,BQN,PR,ASO,ES,Federal Contract Tower,12,8,4,0,24,0,0,31,4,35,12,8,35,4,59,24,0,24,83
07/04/2020,BQN,PR,ASO,ES,Federal Contract Tower,0,0,2,0,2,0,0,28,7,35,0,0,30,7,37,10,0,10,47
07/05/2020,BQN,PR,ASO,ES,Federal Contract Tower,2,0,0,0,2,0,0,14,1,15,2,0,14,1,17,36,6,42,59
07/06/2020,BQN,PR,ASO,ES,Federal Contract Tower,6,9,0,2,17,0,0,25,10,35,6,9,25,12,52,34,22,56,108
07/07/2020,BQN,PR,ASO,ES,Federal Contract Tower,13,3,3,1,20,0,0,24,11,35,13,3,27,12,55,8,40,48,103
07/08/2020,BQN,PR,ASO,ES,Federal Contract Tower,11,4,4,1,20,0,0,23,13,36,11,4,27,14,56,8,36,44,100
07/09/2020,BQN,PR,ASO,ES,Federal Contract Tower,9,6,4,0,19,0,0,28,10,38,9,6,32,10,57,32,12,44,101
07/10/2020,BQN,PR,ASO,ES,Federal Contract Tower,7,8,0,0,15,0,0,29,6,35,7,8,29,6,50,46,12,58,108
07/11/2020,BQN,PR,ASO,ES,Federal Contract Tower,0,0,2,0,2,0,0,37,3,40,0,0,39,3,42,68,0,68,110
07/13/2020,BQN,PR,ASO,ES,Federal Contract Tower,8,8,2,0,18,0,0,21,11,32,8,8,23,11,50,24,30,54,104
07/14/2020,BQN,PR,ASO,ES,Federal Contract Tower,9,2,0,0,11,0,0,35,17,52,9,2,35,17,63,24,26,50,113
07/15/2020,BQN,PR,ASO,ES,Federal Contract Tower,9,6,2,0,17,0,0,40,18,58,9,6,42,18,75,28,22,50,125
07/16/2020,BQN,PR,ASO,ES,Federal Contract Tower,8,6,1,1,16,0,2,22,6,30,8,8,23,7,46,20,38,58,104
07/17/2020,BQN,PR,ASO,ES,Federal Contract Tower,8,10,5,0,23,0,0,33,12,45,8,10,38,12,68,28,50,78,146
07/18/2020,BQN,PR,ASO,ES,Federal Contract Tower,0,0,0,0,0,0,0,27,4,31,0,0,27,4,31,66,0,66,97
07/19/2020,BQN,PR,ASO,ES,Federal Contract Tower,5,1,1,1,8,0,0,14,4,18,5,1,15,5,26,92,0,92,118
07/20/2020,BQN,PR,ASO,ES,Federal Contract Tower,7,6,1,3,17,2,2,24,16,44,9,8,25,19,61,14,18,32,93
07/21/2020,BQN,PR,ASO,ES,Federal Contract Tower,10,2,2,0,14,0,0,37,5,42,10,2,39,5,56,52,24,76,132
07/22/2020,BQN,PR,ASO,ES,Federal Contract Tower,11,4,1,1,17,0,0,36,14,50,11,4,37,15,67,34,36,70,137
07/23/2020,BQN,PR,ASO,ES,Federal Contract Tower,7,5,4,1,17,0,1,35,8,44,7,6,39,9,61,38,0,38,99
07/24/2020,BQN,PR,ASO,ES,Federal Contract Tower,8,9,2,0,19,0,0,24,10,34,8,9,26,10,53,0,0,0,53
07/25/2020,BQN,PR,ASO,ES,Federal Contract Tower,0,0,0,1,1,0,0,20,5,25,0,0,20,6,26,36,0,36,62
07/26/2020,BQN,PR,ASO,ES,Federal Contract Tower,2,0,3,0,5,0,0,11,3,14,2,0,14,3,19,34,0,34,53
07/27/2020,BQN,PR,ASO,ES,Federal Contract Tower,7,7,5,0,19,0,0,20,6,26,7,7,25,6,45,36,12,48,93
07/28/2020,BQN,PR,ASO,ES,Federal Contract Tower,12,5,2,0,19,0,0,44,15,59,12,5,46,15,78,64,18,82,160
07/29/2020,BQN,PR,ASO,ES,Federal Contract Tower,7,2,1,0,10,0,0,19,8,27,7,2,20,8,37,0,0,0,37
07/30/2020,BQN,PR,ASO,ES,Federal Contract Tower,9,6,0,0,15,0,0,0,4,4,9,6,0,4,19,0,0,0,19
07/31/2020,BQN,PR,ASO,ES,Federal Contract Tower,12,9,2,0,23,0,0,34,17,51,12,9,36,17,74,28,0,28,102
08/01/2020,BQN,PR,ASO,ES,Federal Contract Tower,0,0,0,0,0,0,0,25,10,35,0,0,25,10,35,16,36,52,87
08/02/2020,BQN,PR,ASO,ES,Federal Contract Tower,1,0,2,0,3,0,0,14,2,16,1,0,16,2,19,20,0,20,39
08/03/2020,BQN,PR,ASO,ES,Federal Contract Tower,5,7,3,0,15,0,0,28,11,39,5,7,31,11,54,30,8,38,92
08/04/2020,BQN,PR,ASO,ES,Federal Contract Tower,14,8,7,1,30,0,0,33,4,37,14,8,40,5,67,56,10,66,133
08/05/2020,BQN,PR,ASO,ES,Federal Contract Tower,12,11,5,0,28,0,0,25,19,44,12,11,30,19,72,66,62,128,200
08/06/2020,BQN,PR,ASO,ES,Federal Contract Tower,11,15,0,0,26,0,0,27,18,45,11,15,27,18,71,26,0,26,97
08/07/2020,BQN,PR,ASO,ES,Federal Contract Tower,9,17,2,2,30,0,0,17,5,22,9,17,19,7,52,18,0,18,70
08/08/2020,BQN,PR,ASO,ES,Federal Contract Tower,0,0,3,0,3,0,0,34,7,41,0,0,37,7,44,82,20,102,146
08/10/2020,BQN,PR,ASO,ES,Federal Contract Tower,11,6,6,0,23,0,0,30,13,43,11,6,36,13,66,56,12,68,134
08/11/2020,BQN,PR,ASO,ES,Federal Contract Tower,14,6,2,1,23,0,0,29,17,46,14,6,31,18,69,46,0,46,115
08/12/2020,BQN,PR,ASO,ES,Federal Contract Tower,12,6,4,1,23,0,0,28,14,42,12,6,32,15,65,64,24,88,153
08/13/2020,BQN,PR,ASO,ES,Federal Contract Tower,9,11,3,2,25,0,0,50,16,66,9,11,53,18,91,20,4,24,115
08/14/2020,BQN,PR,ASO,ES,Federal Contract Tower,10,11,3,0,24,0,0,12,5,17,10,11,15,5,41,6,0,6,47
08/16/2020,BQN,PR,ASO,ES,Federal Contract Tower,3,0,0,0,3,0,0,7,2,9,3,0,7,2,12,0,0,0,12
08/17/2020,BQN,PR,ASO,ES,Federal Contract Tower,7,10,2,0,19,0,0,29,9,38,7,10,31,9,57,76,12,88,145
08/18/2020,BQN,PR,ASO,ES,Federal Contract Tower,12,8,4,0,24,0,0,42,19,61,12,8,46,19,85,28,24,52,137
08/19/2020,BQN,PR,ASO,ES,Federal Contract Tower,16,6,3,0,25,0,0,49,18,67,16,6,52,18,92,42,30,72,164
08/20/2020,BQN,PR,ASO,ES,Federal Contract Tower,12,9,2,0,23,0,0,28,10,38,12,9,30,10,61,32,20,52,113
08/21/2020,BQN,PR,ASO,ES,Federal Contract Tower,10,15,6,2,33,0,0,20,11,31,10,15,26,13,64,18,18,36,100
08/22/2020,BQN,PR,ASO,ES,Federal Contract Tower,0,0,0,0,0,0,0,0,2,2,0,0,0,2,2,0,10,10,12
08/23/2020,BQN,PR,ASO,ES,Federal Contract Tower,3,1,6,0,10,0,0,8,0,8,3,1,14,0,18,6,0,6,24
08/24/2020,BQN,PR,ASO,ES,Federal Contract Tower,8,11,2,0,21,0,0,26,13,39,8,11,28,13,60,36,16,52,112
08/25/2020,BQN,PR,ASO,ES,Federal Contract Tower,13,5,1,0,19,0,0,28,17,45,13,5,29,17,64,38,32,70,134
08/26/2020,BQN,PR,ASO,ES,Federal Contract Tower,10,6,1,0,17,0,0,33,11,44,10,6,34,11,61,42,36,78,139
08/27/2020,BQN,PR,ASO,ES,Federal Contract Tower,14,9,2,0,25,0,0,37,15,52,14,9,39,15,77,56,0,56,133
08/28/2020,BQN,PR,ASO,ES,Federal Contract Tower,12,14,3,0,29,0,0,42,10,52,12,14,45,10,81,36,14,50,131
08/29/2020,BQN,PR,ASO,ES,Federal Contract Tower,0,0,1,0,1,0,0,70,3,73,0,0,71,3,74,28,0,28,102
08/30/2020,BQN,PR,ASO,ES,Federal Contract Tower,2,0,3,1,6,0,0,15,3,18,2,0,18,4,24,14,8,22,46
08/31/2020,BQN,PR,ASO,ES,Federal Contract Tower,8,10,1,1,20,0,0,21,13,34,8,10,22,14,54,26,32,58,112
09/01/2020,BQN,PR,ASO,ES,Federal Contract Tower,12,9,4,0,25,0,0,32,16,48,12,9,36,16,73,20,4,24,97
09/02/2020,BQN,PR,ASO,ES,Federal Contract Tower,9,8,3,1,21,0,0,44,9,53,9,8,47,10,74,30,30,60,134
09/03/2020,BQN,PR,ASO,ES,Federal Contract Tower,11,10,2,0,23,0,0,48,30,78,11,10,50,30,101,28,8,36,137
09/04/2020,BQN,PR,ASO,ES,Federal Contract Tower,12,8,3,0,23,0,1,23,4,28,12,9,26,4,51,30,0,30,81
09/05/2020,BQN,PR,ASO,ES,Federal Contract Tower,0,0,0,0,0,0,0,36,4,40,0,0,36,4,40,74,2,76,116
09/06/2020,BQN,PR,ASO,ES,Federal Contract Tower,2,0,0,1,3,0,0,21,5,26,2,0,21,6,29,32,0,32,61
09/07/2020,BQN,PR,ASO,ES,Federal Contract Tower,2,0,2,0,4,0,1,24,12,37,2,1,26,12,41,0,0,0,41
09/08/2020,BQN,PR,ASO,ES,Federal Contract Tower,12,8,0,0,20,0,0,27,12,39,12,8,27,12,59,14,0,14,73
09/09/2020,BQN,PR,ASO,ES,Federal Contract Tower,12,6,1,3,22,0,0,36,23,59,12,6,37,26,81,60,0,60,141
09/10/2020,BQN,PR,ASO,ES,Federal Contract Tower,8,11,2,2,23,0,0,35,24,59,8,11,37,26,82,34,6,40,122
09/11/2020,BQN,PR,ASO,ES,Federal Contract Tower,13,10,1,1,25,0,0,33,5,38,13,10,34,6,63,38,18,56,119
09/12/2020,BQN,PR,ASO,ES,Federal Contract Tower,0,0,5,0,5,0,0,59,2,61,0,0,64,2,66,76,0,76,142
09/13/2020,BQN,PR,ASO,ES,Federal Contract Tower,2,0,0,0,2,0,0,12,4,16,2,0,12,4,18,4,0,4,22
09/14/2020,BQN,PR,ASO,ES,Federal Contract Tower,11,8,0,3,22,0,0,22,16,38,11,8,22,19,60,34,28,62,122
09/15/2020,BQN,PR,ASO,ES,Federal Contract Tower,18,11,3,0,32,0,0,42,18,60,18,11,45,18,92,36,0,36,128
09/16/2020,BQN,PR,ASO,ES,Federal Contract Tower,10,9,4,3,26,0,0,55,6,61,10,9,59,9,87,102,12,114,201
09/17/2020,BQN,PR,ASO,ES,Federal Contract Tower,13,10,2,0,25,0,0,62,23,85,13,10,64,23,110,38,18,56,166
09/18/2020,BQN,PR,ASO,ES,Federal Contract Tower,12,8,4,0,24,0,0,42,25,67,12,8,46,25,91,30,0,30,121
09/19/2020,BQN,PR,ASO,ES,Federal Contract Tower,0,0,1,0,1,0,0,41,10,51,0,0,42,10,52,54,0,54,106
09/20/2020,BQN,PR,ASO,ES,Federal Contract Tower,4,0,1,0,5,0,0,20,1,21,4,0,21,1,26,2,0,2,28
09/21/2020,BQN,PR,ASO,ES,Federal Contract Tower,4,11,0,0,15,0,0,28,13,41,4,11,28,13,56,32,40,72,128
09/22/2020,BQN,PR,ASO,ES,Federal Contract Tower,18,6,4,2,30,0,0,35,15,50,18,6,39,17,80,24,16,40,120
09/23/2020,BQN,PR,ASO,ES,Federal Contract Tower,9,7,7,0,23,0,0,36,14,50,9,7,43,14,73,44,0,44,117
09/24/2020,BQN,PR,ASO,ES,Federal Contract Tower,10,8,2,0,20,0,0,46,21,67,10,8,48,21,87,8,0,8,95
09/25/2020,BQN,PR,ASO,ES,Federal Contract Tower,11,8,0,0,19,0,0,20,8,28,11,8,20,8,47,34,0,34,81
09/26/2020,BQN,PR,ASO,ES,Federal Contract Tower,2,0,2,0,4,0,0,18,5,23,2,0,20,5,27,56,6,62,89
09/27/2020,BQN,PR,ASO,ES,Federal Contract Tower,1,0,2,0,3,0,0,1,2,3,1,0,3,2,6,0,0,0,6
09/28/2020,BQN,PR,ASO,ES,Federal Contract Tower,10,8,3,1,22,0,0,24,9,33,10,8,27,10,55,38,20,58,113
09/29/2020,BQN,PR,ASO,ES,Federal Contract Tower,15,7,0,1,23,0,0,23,12,35,15,7,23,13,58,46,4,50,108
09/30/2020,BQN,PR,ASO,ES,Federal Contract Tower,9,6,0,1,16,0,0,20,7,27,9,6,20,8,43,94,0,94,137
10/01/2020,BQN,PR,ASO,ES,Federal Contract Tower,14,10,1,0,25,0,0,44,17,61,14,10,45,17,86,56,132,188,274
10/02/2020,BQN,PR,ASO,ES,Federal Contract Tower,10,8,4,0,22,0,0,35,10,45,10,8,39,10,67,22,0,22,89
10/03/2020,BQN,PR,ASO,ES,Federal Contract Tower,0,0,1,0,1,0,0,43,5,48,0,0,44,5,49,24,8,32,81
10/04/2020,BQN,PR,ASO,ES,Federal Contract Tower,2,2,2,1,7,0,1,3,1,5,2,3,5,2,12,14,0,14,26
10/05/2020,BQN,PR,ASO,ES,Federal Contract Tower,3,11,3,1,18,0,0,35,14,49,3,11,38,15,67,60,26,86,153
10/06/2020,BQN,PR,ASO,ES,Federal Contract Tower,17,5,0,1,23,0,0,24,13,37,17,5,24,14,60,38,24,62,122
10/07/2020,BQN,PR,ASO,ES,Federal Contract Tower,13,6,2,1,22,0,0,34,9,43,13,6,36,10,65,74,40,114,179
10/08/2020,BQN,PR,ASO,ES,Federal Contract Tower,14,11,3,0,28,0,0,31,15,46,14,11,34,15,74,74,48,122,196
10/09/2020,BQN,PR,ASO,ES,Federal Contract Tower,12,10,2,1,25,0,0,30,4,34,12,10,32,5,59,36,10,46,105
10/10/2020,BQN,PR,ASO,ES,Federal Contract Tower,0,0,1,0,1,0,0,11,6,17,0,0,12,6,18,2,0,2,20
10/11/2020,BQN,PR,ASO,ES,Federal Contract Tower,2,0,0,0,2,0,0,0,2,2,2,0,0,2,4,0,0,0,4
10/12/2020,BQN,PR,ASO,ES,Federal Contract Tower,7,9,0,0,16,0,0,18,10,28,7,9,18,10,44,24,20,44,88
10/13/2020,BQN,PR,ASO,ES,Federal Contract Tower,16,8,2,1,27,0,0,55,8,63,16,8,57,9,90,38,2,40,130
10/14/2020,BQN,PR,ASO,ES,Federal Contract Tower,11,9,0,2,22,0,0,30,24,54,11,9,30,26,76,24,40,64,140
10/15/2020,BQN,PR,ASO,ES,Federal Contract Tower,11,10,2,0,23,0,0,54,17,71,11,10,56,17,94,54,0,54,148
10/16/2020,BQN,PR,ASO,ES,Federal Contract Tower,11,12,0,0,23,0,0,57,18,75,11,12,57,18,98,34,0,34,132
10/17/2020,BQN,PR,ASO,ES,Federal Contract Tower,0,0,1,0,1,0,0,35,4,39,0,0,36,4,40,46,0,46,86
10/18/2020,BQN,PR,ASO,ES,Federal Contract Tower,2,0,0,0,2,0,0,14,2,16,2,0,14,2,18,4,0,4,22
10/19/2020,BQN,PR,ASO,ES,Federal Contract Tower,8,9,3,0,20,0,0,46,13,59,8,9,49,13,79,102,14,116,195
10/20/2020,BQN,PR,ASO,ES,Federal Contract Tower,13,9,8,0,30,0,0,62,18,80,13,9,70,18,110,62,28,90,200
10/21/2020,BQN,PR,ASO,ES,Federal Contract Tower,14,5,2,1,22,0,0,56,16,72,14,5,58,17,94,78,18,96,190
10/22/2020,BQN,PR,ASO,ES,Federal Contract Tower,12,10,2,0,24,0,0,53,17,70,12,10,55,17,94,76,30,106,200
10/23/2020,BQN,PR,ASO,ES,Federal Contract Tower,13,11,4,0,28,0,0,30,4,34,13,11,34,4,62,22,0,22,84
10/24/2020,BQN,PR,ASO,ES,Federal Contract Tower,0,0,1,0,1,0,0,0,0,0,0,0,1,0,1,32,8,40,41
10/25/2020,BQN,PR,ASO,ES,Federal Contract Tower,5,0,2,0,7,0,0,9,3,12,5,0,11,3,19,4,0,4,23
10/26/2020,BQN,PR,ASO,ES,Federal Contract Tower,11,9,3,2,25,0,0,28,11,39,11,9,31,13,64,44,28,72,136
10/27/2020,BQN,PR,ASO,ES,Federal Contract Tower,14,5,1,1,21,0,0,30,12,42,14,5,31,13,63,58,16,74,137
10/28/2020,BQN,PR,ASO,ES,Federal Contract Tower,11,6,5,1,23,0,0,52,14,66,11,6,57,15,89,72,20,92,181
10/29/2020,BQN,PR,ASO,ES,Federal Contract Tower,14,11,1,0,26,0,0,51,16,67,14,11,52,16,93,72,0,72,165
10/30/2020,BQN,PR,ASO,ES,Federal Contract Tower,11,10,10,0,31,0,0,30,8,38,11,10,40,8,69,28,22,50,119
10/31/2020,BQN,PR,ASO,ES,Federal Contract Tower,0,0,0,0,0,0,0,33,2,35,0,0,33,2,35,42,18,60,95
11/01/2020,BQN,PR,ASO,ES,Federal Contract Tower,2,0,2,0,4,0,0,17,4,21,2,0,19,4,25,0,0,0,25
11/02/2020,BQN,PR,ASO,ES,Federal Contract Tower,4,10,1,1,16,0,0,34,11,45,4,10,35,12,61,60,28,88,149
11/03/2020,BQN,PR,ASO,ES,Federal Contract Tower,8,6,0,1,15,0,0,0,0,0,8,6,0,1,15,52,12,64,79
11/04/2020,BQN,PR,ASO,ES,Federal Contract Tower,11,8,3,3,25,0,0,54,5,59,11,8,57,8,84,50,52,102,186
11/05/2020,BQN,PR,ASO,ES,Federal Contract Tower,12,10,6,1,29,0,0,43,19,62,12,10,49,20,91,52,0,52,143
11/06/2020,BQN,PR,ASO,ES,Federal Contract Tower,17,9,6,0,32,0,0,26,4,30,17,9,32,4,62,18,0,18,80
11/07/2020,BQN,PR,ASO,ES,Federal Contract Tower,0,0,3,0,3,0,0,46,4,50,0,0,49,4,53,88,0,88,141
11/08/2020,BQN,PR,ASO,ES,Federal Contract Tower,2,2,2,0,6,0,0,17,5,22,2,2,19,5,28,16,0,16,44
11/09/2020,BQN,PR,ASO,ES,Federal Contract Tower,3,10,4,1,18,0,0,25,14,39,3,10,29,15,57,62,26,88,145
11/10/2020,BQN,PR,ASO,ES,Federal Contract Tower,8,15,4,0,27,0,0,12,9,21,8,15,16,9,48,18,28,46,94
11/11/2020,BQN,PR,ASO,ES,Federal Contract Tower,7,8,5,0,20,0,0,32,8,40,7,8,37,8,60,66,16,82,142
11/12/2020,BQN,PR,ASO,ES,Federal Contract Tower,8,13,1,2,24,0,0,33,4,37,8,13,34,6,61,64,4,68,129
11/13/2020,BQN,PR,ASO,ES,Federal Contract Tower,11,9,4,1,25,0,0,33,2,35,11,9,37,3,60,60,0,60,120
11/14/2020,BQN,PR,ASO,ES,Federal Contract Tower,2,2,1,0,5,0,0,29,1,30,2,2,30,1,35,72,0,72,107
11/15/2020,BQN,PR,ASO,ES,Federal Contract Tower,3,0,1,1,5,0,0,9,2,11,3,0,10,3,16,0,0,0,16
11/16/2020,BQN,PR,ASO,ES,Federal Contract Tower,10,8,9,1,28,0,0,28,2,30,10,8,37,3,58,30,0,30,88
11/17/2020,BQN,PR,ASO,ES,Federal Contract Tower,12,9,7,1,29,0,0,42,2,44,12,9,49,3,73,60,0,60,133
11/18/2020,BQN,PR,ASO,ES,Federal Contract Tower,8,8,3,0,19,0,0,36,24,60,8,8,39,24,79,66,2,68,147
11/19/2020,BQN,PR,ASO,ES,Federal Contract Tower,11,8,3,0,22,0,0,54,19,73,11,8,57,19,95,110,22,132,227
11/20/2020,BQN,PR,ASO,ES,Federal Contract Tower,14,13,9,1,37,0,0,26,14,40,14,13,35,15,77,56,8,64,141
11/21/2020,BQN,PR,ASO,ES,Federal Contract Tower,4,2,9,0,15,0,0,37,6,43,4,2,46,6,58,34,0,34,92
11/22/2020,BQN,PR,ASO,ES,Federal Contract Tower,2,0,0,0,2,0,0,20,2,22,2,0,20,2,24,10,0,10,34
11/23/2020,BQN,PR,ASO,ES,Federal Contract Tower,9,8,2,2,21,0,0,23,1,24,9,8,25,3,45,52,6,58,103
11/24/2020,BQN,PR,ASO,ES,Federal Contract Tower,14,6,11,0,31,0,0,51,14,65,14,6,62,14,96,64,10,74,170
11/25/2020,BQN,PR,ASO,ES,Federal Contract Tower,7,10,8,1,26,0,0,64,16,80,7,10,72,17,106,88,50,138,244
11/26/2020,BQN,PR,ASO,ES,Federal Contract Tower,2,0,1,0,3,0,0,6,5,11,2,0,7,5,14,0,0,0,14
11/27/2020,BQN,PR,ASO,ES,Federal Contract Tower,14,8,1,0,23,0,0,25,6,31,14,8,26,6,54,54,0,54,108
11/28/2020,BQN,PR,ASO,ES,Federal Contract Tower,3,0,2,1,6,0,0,31,7,38,3,0,33,8,44,34,0,34,78
11/29/2020,BQN,PR,ASO,ES,Federal Contract Tower,3,0,8,0,11,0,0,25,3,28,3,0,33,3,39,0,10,10,49
11/30/2020,BQN,PR,ASO,ES,Federal Contract Tower,6,8,10,1,25,0,0,26,9,35,6,8,36,10,60,68,28,96,156
12/01/2020,BQN,PR,ASO,ES,Federal Contract Tower,13,13,2,1,29,0,0,41,10,51,13,13,43,11,80,88,2,90,170
12/02/2020,BQN,PR,ASO,ES,Federal Contract Tower,11,10,5,1,27,0,0,59,18,77,11,10,64,19,104,96,0,96,200
12/03/2020,BQN,PR,ASO,ES,Federal Contract Tower,12,12,4,1,29,0,0,67,22,89,12,12,71,23,118,76,0,76,194
12/04/2020,BQN,PR,ASO,ES,Federal Contract Tower,10,8,0,0,18,0,0,29,4,33,10,8,29,4,51,46,2,48,99
12/05/2020,BQN,PR,ASO,ES,Federal Contract Tower,2,3,6,0,11,0,0,28,7,35,2,3,34,7,46,22,0,22,68
12/06/2020,BQN,PR,ASO,ES,Federal Contract Tower,4,0,3,0,7,0,0,18,4,22,4,0,21,4,29,14,0,14,43
12/07/2020,BQN,PR,ASO,ES,Federal Contract Tower,5,11,4,0,20,0,0,35,8,43,5,11,39,8,63,66,46,112,175
12/08/2020,BQN,PR,ASO,ES,Federal Contract Tower,16,10,6,1,33,0,0,64,13,77,16,10,70,14,110,72,0,72,182
12/09/2020,BQN,PR,ASO,ES,Federal Contract Tower,11,7,2,0,20,0,0,40,9,49,11,7,42,9,69,92,40,132,201
12/10/2020,BQN,PR,ASO,ES,Federal Contract Tower,10,17,0,1,28,0,0,49,29,78,10,17,49,30,106,60,10,70,176
12/11/2020,BQN,PR,ASO,ES,Federal Contract Tower,11,11,2,0,24,0,0,25,7,32,11,11,27,7,56,20,20,40,96
12/12/2020,BQN,PR,ASO,ES,Federal Contract Tower,4,0,2,0,6,0,0,53,7,60,4,0,55,7,66,12,0,12,78
12/13/2020,BQN,PR,ASO,ES,Federal Contract Tower,4,1,1,0,6,0,0,18,2,20,4,1,19,2,26,16,0,16,42
12/14/2020,BQN,PR,ASO,ES,Federal Contract Tower,9,12,1,1,23,0,0,33,12,45,9,12,34,13,68,52,42,94,162
12/15/2020,BQN,PR,ASO,ES,Federal Contract Tower,13,15,6,0,34,0,0,59,20,79,13,15,65,20,113,48,0,48,161
12/16/2020,BQN,PR,ASO,ES,Federal Contract Tower,11,13,2,2,28,0,0,42,19,61,11,13,44,21,89,56,24,80,169
12/17/2020,BQN,PR,ASO,ES,Federal Contract Tower,12,13,6,0,31,0,0,50,23,73,12,13,56,23,104,62,0,62,166
12/18/2020,BQN,PR,ASO,ES,Federal Contract Tower,15,9,11,0,35,0,0,33,2,35,15,9,44,2,70,36,0,36,106
12/19/2020,BQN,PR,ASO,ES,Federal Contract Tower,3,0,7,0,10,0,0,41,5,46,3,0,48,5,56,62,0,62,118
12/20/2020,BQN,PR,ASO,ES,Federal Contract Tower,2,0,3,0,5,0,0,3,2,5,2,0,6,2,10,2,0,2,12
12/21/2020,BQN,PR,ASO,ES,Federal Contract Tower,6,10,7,0,23,0,0,35,9,44,6,10,42,9,67,64,28,92,159
12/22/2020,BQN,PR,ASO,ES,Federal Contract Tower,13,15,5,0,33,0,0,61,21,82,13,15,66,21,115,74,0,74,189
12/23/2020,BQN,PR,ASO,ES,Federal Contract Tower,7,11,0,0,18,0,0,55,5,60,7,11,55,5,78,44,8,52,130
12/24/2020,BQN,PR,ASO,ES,Federal Contract Tower,11,7,2,1,21,0,0,26,1,27,11,7,28,2,48,0,0,0,48
12/25/2020,BQN,PR,ASO,ES,Federal Contract Tower,0,0,3,0,3,0,0,20,5,25,0,0,23,5,28,0,0,0,28
12/26/2020,BQN,PR,ASO,ES,Federal Contract Tower,0,0,7,0,7,0,0,20,7,27,0,0,27,7,34,38,18,56,90
12/27/2020,BQN,PR,ASO,ES,Federal Contract Tower,3,0,0,0,3,0,0,12,7,19,3,0,12,7,22,16,4,20,42
12/28/2020,BQN,PR,ASO,ES,Federal Contract Tower,7,12,6,1,26,0,0,43,8,51,7,12,49,9,77,52,12,64,141
12/29/2020,BQN,PR,ASO,ES,Federal Contract Tower,12,9,2,0,23,0,0,34,10,44,12,9,36,10,67,6,18,24,91
12/30/2020,BQN,PR,ASO,ES,Federal Contract Tower,8,12,2,0,22,0,0,44,22,66,8,12,46,22,88,36,4,40,128
12/31/2020,BQN,PR,ASO,ES,Federal Contract Tower,9,13,1,0,23,0,0,14,5,19,9,13,15,5,42,0,0,0,42
01/01/2021,BQN,PR,ASO,ES,Federal Contract Tower,0,0,0,0,0,0,0,12,2,14,0,0,12,2,14,0,0,0,14
01/02/2021,BQN,PR,ASO,ES,Federal Contract Tower,0,1,3,0,4,0,0,2,7,9,0,1,5,7,13,0,38,38,51
01/03/2021,BQN,PR,ASO,ES,Federal Contract Tower,3,0,2,0,5,0,0,29,9,38,3,0,31,9,43,26,12,38,81
01/04/2021,BQN,PR,ASO,ES,Federal Contract Tower,7,9,3,0,19,0,0,24,9,33,7,9,27,9,52,36,22,58,110
01/05/2021,BQN,PR,ASO,ES,Federal Contract Tower,9,10,3,1,23,0,0,31,5,36,9,10,34,6,59,52,30,82,141
01/06/2021,BQN,PR,ASO,ES,Federal Contract Tower,13,8,1,0,22,0,0,34,4,38,13,8,35,4,60,0,34,34,94
01/07/2021,BQN,PR,ASO,ES,Federal Contract Tower,8,12,4,0,24,0,0,54,12,66,8,12,58,12,90,64,0,64,154
01/08/2021,BQN,PR,ASO,ES,Federal Contract Tower,10,10,0,0,20,0,0,23,1,24,10,10,23,1,44,0,0,0,44
01/09/2021,BQN,PR,ASO,ES,Federal Contract Tower,3,0,9,0,12,0,0,59,9,68,3,0,68,9,80,32,0,32,112
01/10/2021,BQN,PR,ASO,ES,Federal Contract Tower,0,0,2,0,2,0,0,11,4,15,0,0,13,4,17,18,0,18,35
01/11/2021,BQN,PR,ASO,ES,Federal Contract Tower,9,9,2,0,20,0,0,33,13,46,9,9,35,13,66,30,50,80,146
01/12/2021,BQN,PR,ASO,ES,Federal Contract Tower,12,13,6,0,31,0,0,45,29,74,12,13,51,29,105,69,2,71,176
01/13/2021,BQN,PR,ASO,ES,Federal Contract Tower,11,9,6,1,27,0,0,48,11,59,11,9,54,12,86,66,34,100,186
01/14/2021,BQN,PR,ASO,ES,Federal Contract Tower,10,13,0,1,24,0,0,29,8,37,10,13,29,9,61,56,0,56,117
01/15/2021,BQN,PR,ASO,ES,Federal Contract Tower,17,9,2,0,28,0,0,25,3,28,17,9,27,3,56,16,24,40,96
01/16/2021,BQN,PR,ASO,ES,Federal Contract Tower,2,0,0,0,2,0,0,30,6,36,2,0,30,6,38,24,4,28,66
01/17/2021,BQN,PR,ASO,ES,Federal Contract Tower,4,0,0,0,4,0,0,26,4,30,4,0,26,4,34,10,0,10,44
01/18/2021,BQN,PR,ASO,ES,Federal Contract Tower,7,13,2,0,22,0,0,24,9,33,7,13,26,9,55,38,16,54,109
01/19/2021,BQN,PR,ASO,ES,Federal Contract Tower,18,8,2,1,29,0,0,31,15,46,18,8,33,16,75,40,16,56,131
01/20/2021,BQN,PR,ASO,ES,Federal Contract Tower,13,12,1,3,29,0,0,35,12,47,13,12,36,15,76,48,18,66,142
01/21/2021,BQN,PR,ASO,ES,Federal Contract Tower,8,10,0,1,19,0,0,29,13,42,8,10,29,14,61,42,6,48,109
01/22/2021,BQN,PR,ASO,ES,Federal Contract Tower,11,10,2,0,23,0,0,23,11,34,11,10,25,11,57,14,36,50,107
01/23/2021,BQN,PR,ASO,ES,Federal Contract Tower,2,0,2,0,4,0,0,31,4,35,2,0,33,4,39,64,2,66,105
01/24/2021,BQN,PR,ASO,ES,Federal Contract Tower,4,0,5,0,9,0,0,21,6,27,4,0,26,6,36,36,0,36,72
01/25/2021,BQN,PR,ASO,ES,Federal Contract Tower,7,9,1,0,17,0,0,32,12,44,7,9,33,12,61,42,28,70,131
01/26/2021,BQN,PR,ASO,ES,Federal Contract Tower,14,14,0,0,28,0,0,41,16,57,14,14,41,16,85,54,24,78,163
01/27/2021,BQN,PR,ASO,ES,Federal Contract Tower,9,10,4,1,24,0,0,43,10,53,9,10,47,11,77,32,20,52,129
01/28/2021,BQN,PR,ASO,ES,Federal Contract Tower,11,13,5,0,29,0,0,17,10,27,11,13,22,10,56,4,6,10,66
01/29/2021,BQN,PR,ASO,ES,Federal Contract Tower,14,10,2,3,29,0,0,54,3,57,14,10,56,6,86,72,4,76,162
01/30/2021,BQN,PR,ASO,ES,Federal Contract Tower,1,0,9,0,10,0,0,8,5,13,1,0,17,5,23,8,0,8,31
01/31/2021,BQN,PR,ASO,ES,Federal Contract Tower,4,0,2,0,6,0,0,6,5,11,4,0,8,5,17,0,2,2,19
02/01/2021,BQN,PR,ASO,ES,Federal Contract Tower,7,9,5,1,22,0,0,20,9,29,7,9,25,10,51,50,18,68,119
02/02/2021,BQN,PR,ASO,ES,Federal Contract Tower,18,11,1,0,30,0,0,38,10,48,18,11,39,10,78,90,0,90,168
02/03/2021,BQN,PR,ASO,ES,Federal Contract Tower,8,10,4,1,23,0,0,45,7,52,8,10,49,8,75,66,34,100,175
02/04/2021,BQN,PR,ASO,ES,Federal Contract Tower,10,11,0,0,21,0,0,30,8,38,10,11,30,8,59,44,0,44,103
02/05/2021,BQN,PR,ASO,ES,Federal Contract Tower,15,14,3,0,32,0,0,31,8,39,15,14,34,8,71,64,0,64,135
02/06/2021,BQN,PR,ASO,ES,Federal Contract Tower,3,0,2,2,7,0,0,15,8,23,3,0,17,10,30,24,0,24,54
02/08/2021,BQN,PR,ASO,ES,Federal Contract Tower,9,10,1,0,20,0,0,32,12,44,9,10,33,12,64,50,24,74,138
02/09/2021,BQN,PR,ASO,ES,Federal Contract Tower,19,7,4,2,32,0,0,38,11,49,19,7,42,13,81,24,0,24,105
02/10/2021,BQN,PR,ASO,ES,Federal Contract Tower,8,10,1,1,20,0,0,23,13,36,8,10,24,14,56,36,20,56,112
02/11/2021,BQN,PR,ASO,ES,Federal Contract Tower,13,9,8,0,30,0,0,18,11,29,13,9,26,11,59,32,0,32,91
02/12/2021,BQN,PR,ASO,ES,Federal Contract Tower,10,10,6,0,26,0,1,21,10,32,10,11,27,10,58,16,0,16,74
02/13/2021,BQN,PR,ASO,ES,Federal Contract Tower,2,2,2,2,8,0,0,40,10,50,2,2,42,12,58,58,2,60,118
02/14/2021,BQN,PR,ASO,ES,Federal Contract Tower,4,1,4,1,10,0,1,7,2,10,4,2,11,3,20,12,0,12,32
02/15/2021,BQN,PR,ASO,ES,Federal Contract Tower,7,8,1,0,16,0,0,23,10,33,7,8,24,10,49,42,26,68,117
02/16/2021,BQN,PR,ASO,ES,Federal Contract Tower,18,6,5,1,30,0,0,59,16,75,18,6,64,17,105,60,40,100,205
02/17/2021,BQN,PR,ASO,ES,Federal Contract Tower,9,8,2,2,21,0,0,36,19,55,9,8,38,21,76,42,12,54,130
02/18/2021,BQN,PR,ASO,ES,Federal Contract Tower,10,11,4,2,27,0,0,33,7,40,10,11,37,9,67,32,0,32,99
02/19/2021,BQN,PR,ASO,ES,Federal Contract Tower,11,14,5,0,30,0,0,44,7,51,11,14,49,7,81,46,22,68,149
02/20/2021,BQN,PR,ASO,ES,Federal Contract Tower,4,0,1,0,5,0,0,30,8,38,4,0,31,8,43,32,0,32,75
02/21/2021,BQN,PR,ASO,ES,Federal Contract Tower,20,2,0,0,22,0,0,21,4,25,20,2,21,4,47,36,0,36,83
02/22/2021,BQN,PR,ASO,ES,Federal Contract Tower,13,9,7,0,29,0,0,30,10,40,13,9,37,10,69,42,22,64,133
02/23/2021,BQN,PR,ASO,ES,Federal Contract Tower,19,8,2,0,29,0,0,34,13,47,19,8,36,13,76,76,16,92,168
02/24/2021,BQN,PR,ASO,ES,Federal Contract Tower,13,9,2,0,24,0,0,51,16,67,13,9,53,16,91,54,38,92,183
02/25/2021,BQN,PR,ASO,ES,Federal Contract Tower,10,10,5,0,25,0,0,55,21,76,10,10,60,21,101,80,0,80,181
02/26/2021,BQN,PR,ASO,ES,Federal Contract Tower,17,11,1,0,29,0,0,48,2,50,17,11,49,2,79,34,0,34,113
02/27/2021,BQN,PR,ASO,ES,Federal Contract Tower,5,0,0,1,6,0,0,66,9,75,5,0,66,10,81,2,0,2,83
02/28/2021,BQN,PR,ASO,ES,Federal Contract Tower,5,0,4,1,10,0,0,16,13,29,5,0,20,14,39,22,30,52,91
03/01/2021,BQN,PR,ASO,ES,Federal Contract Tower,9,12,3,0,24,0,0,31,11,42,9,12,34,11,66,36,38,74,140
03/02/2021,BQN,PR,ASO,ES,Federal Contract Tower,16,9,3,0,28,0,0,61,14,75,16,9,64,14,103,54,26,80,183
03/03/2021,BQN,PR,ASO,ES,Federal Contract Tower,15,8,2,0,25,0,0,56,12,68,15,8,58,12,93,50,62,112,205
03/04/2021,BQN,PR,ASO,ES,Federal Contract Tower,15,15,4,0,34,0,0,53,17,70,15,15,57,17,104,114,0,114,218
03/05/2021,BQN,PR,ASO,ES,Federal Contract Tower,9,12,3,0,24,0,0,75,11,86,9,12,78,11,110,90,34,124,234
03/06/2021,BQN,PR,ASO,ES,Federal Contract Tower,4,0,4,0,8,0,0,62,10,72,4,0,66,10,80,84,10,94,174
03/07/2021,BQN,PR,ASO,ES,Federal Contract Tower,2,0,3,0,5,0,0,17,3,20,2,0,20,3,25,16,0,16,41
03/08/2021,BQN,PR,ASO,ES,Federal Contract Tower,8,13,1,0,22,0,0,38,16,54,8,13,39,16,76,76,64,140,216
03/09/2021,BQN,PR,ASO,ES,Federal Contract Tower,13,12,2,1,28,0,0,56,27,83,13,12,58,28,111,30,58,88,199
03/10/2021,BQN,PR,ASO,ES,Federal Contract Tower,14,8,2,1,25,0,0,45,16,61,14,8,47,17,86,46,30,76,162
03/11/2021,BQN,PR,ASO,ES,Federal Contract Tower,15,12,6,0,33,0,0,40,10,50,15,12,46,10,83,30,22,52,135
03/12/2021,BQN,PR,ASO,ES,Federal Contract Tower,12,9,4,1,26,0,0,30,4,34,12,9,34,5,60,36,0,36,96
03/13/2021,BQN,PR,ASO,ES,Federal Contract Tower,4,1,1,0,6,0,0,37,16,53,4,1,38,16,59,52,30,82,141
03/14/2021,BQN,PR,ASO,ES,Federal Contract Tower,6,0,3,0,9,0,0,24,7,31,6,0,27,7,40,36,26,62,102
03/15/2021,BQN,PR,ASO,ES,Federal Contract Tower,7,12,3,2,24,0,0,37,10,47,7,12,40,12,71,78,34,112,183
03/16/2021,BQN,PR,ASO,ES,Federal Contract Tower,14,10,3,0,27,0,0,61,27,88,14,10,64,27,115,86,6,92,207
03/17/2021,BQN,PR,ASO,ES,Federal Contract Tower,10,10,3,0,23,0,0,29,13,42,10,10,32,13,65,16,8,24,89
03/18/2021,BQN,PR,ASO,ES,Federal Contract Tower,15,17,5,0,37,0,0,38,7,45,15,17,43,7,82,26,20,46,128
03/19/2021,BQN,PR,ASO,ES,Federal Contract Tower,13,14,0,1,28,0,0,20,20,40,13,14,20,21,68,18,0,18,86
03/20/2021,BQN,PR,ASO,ES,Federal Contract Tower,4,0,8,1,13,0,0,33,6,39,4,0,41,7,52,34,0,34,86
03/21/2021,BQN,PR,ASO,ES,Federal Contract Tower,5,1,7,0,13,11,0,28,6,45,16,1,35,6,58,14,0,14,72
03/22/2021,BQN,PR,ASO,ES,Federal Contract Tower,8,11,6,1,26,0,0,45,4,49,8,11,51,5,75,24,26,50,125
03/23/2021,BQN,PR,ASO,ES,Federal Contract Tower,14,11,3,1,29,0,0,56,8,64,14,11,59,9,93,30,0,30,123
03/24/2021,BQN,PR,ASO,ES,Federal Contract Tower,11,13,6,1,31,0,0,60,7,67,11,13,66,8,98,72,10,82,180
03/25/2021,BQN,PR,ASO,ES,Federal Contract Tower,14,12,2,0,28,0,0,29,15,44,14,12,31,15,72,52,20,72,144
03/26/2021,BQN,PR,ASO,ES,Federal Contract Tower,15,11,8,0,34,0,0,18,5,23,15,11,26,5,57,62,26,88,145
03/27/2021,BQN,PR,ASO,ES,Federal Contract Tower,6,0,1,0,7,0,0,27,2,29,6,0,28,2,36,24,0,24,60
03/28/2021,BQN,PR,ASO,ES,Federal Contract Tower,5,0,3,0,8,0,0,17,4,21,5,0,20,4,29,0,0,0,29
03/29/2021,BQN,PR,ASO,ES,Federal Contract Tower,10,11,2,0,23,0,0,31,3,34,10,11,33,3,57,48,0,48,105
03/30/2021,BQN,PR,ASO,ES,Federal Contract Tower,16,8,3,0,27,0,0,41,5,46,16,8,44,5,73,60,16,76,149
03/31/2021,BQN,PR,ASO,ES,Federal Contract Tower,13,16,3,0,32,0,0,53,7,60,13,16,56,7,92,52,35,87,179
04/01/2021,BQN,PR,ASO,ES,Federal Contract Tower,15,11,1,2,29,0,0,35,6,41,15,11,36,8,70,34,0,34,104
04/02/2021,BQN,PR,ASO,ES,Federal Contract Tower,9,0,3,0,12,0,0,10,8,18,9,0,13,8,30,6,0,6,36
04/03/2021,BQN,PR,ASO,ES,Federal Contract Tower,9,0,2,0,11,0,0,24,1,25,9,0,26,1,36,50,0,50,86
04/04/2021,BQN,PR,ASO,ES,Federal Contract Tower,5,0,5,0,10,0,0,27,8,35,5,0,32,8,45,2,0,2,47
04/05/2021,BQN,PR,ASO,ES,Federal Contract Tower,10,8,0,0,18,0,0,35,7,42,10,8,35,7,60,94,10,104,164
04/06/2021,BQN,PR,ASO,ES,Federal Contract Tower,19,9,1,0,29,0,0,44,29,73,19,9,45,29,102,30,32,62,164
04/07/2021,BQN,PR,ASO,ES,Federal Contract Tower,14,8,0,0,22,0,0,33,4,37,14,8,33,4,59,52,0,52,111
04/08/2021,BQN,PR,ASO,ES,Federal Contract Tower,15,11,2,0,28,0,0,63,15,78,15,11,65,15,106,116,30,146,252
04/09/2021,BQN,PR,ASO,ES,Federal Contract Tower,15,14,2,0,31,0,0,56,6,62,15,14,58,6,93,82,8,90,183
04/10/2021,BQN,PR,ASO,ES,Federal Contract Tower,5,0,1,0,6,0,0,28,10,38,5,0,29,10,44,56,12,68,112
04/11/2021,BQN,PR,ASO,ES,Federal Contract Tower,5,0,1,0,6,0,0,42,6,48,5,0,43,6,54,90,0,90,144
04/12/2021,BQN,PR,ASO,ES,Federal Contract Tower,9,10,0,3,22,0,0,33,11,44,9,10,33,14,66,46,36,82,148
04/13/2021,BQN,PR,ASO,ES,Federal Contract Tower,14,10,4,2,30,0,0,43,13,56,14,10,47,15,86,40,18,58,144
04/14/2021,BQN,PR,ASO,ES,Federal Contract Tower,13,8,6,1,28,0,0,57,18,75,13,8,63,19,103,40,48,88,191
04/15/2021,BQN,PR,ASO,ES,Federal Contract Tower,16,11,1,0,28,0,0,55,12,67,16,11,56,12,95,60,2,62,157
04/16/2021,BQN,PR,ASO,ES,Federal Contract Tower,12,11,4,0,27,0,0,30,13,43,12,11,34,13,70,32,14,46,116
04/17/2021,BQN,PR,ASO,ES,Federal Contract Tower,4,0,0,0,4,0,0,35,12,47,4,0,35,12,51,44,24,68,119
04/18/2021,BQN,PR,ASO,ES,Federal Contract Tower,10,0,2,0,12,0,0,18,9,27,10,0,20,9,39,22,4,26,65
04/19/2021,BQN,PR,ASO,ES,Federal Contract Tower,16,9,3,0,28,0,0,46,6,52,16,9,49,6,80,62,14,76,156
04/20/2021,BQN,PR,ASO,ES,Federal Contract Tower,18,9,5,0,32,0,0,50,29,79,18,9,55,29,111,52,18,70,181
04/21/2021,BQN,PR,ASO,ES,Federal Contract Tower,15,15,3,1,34,0,0,56,24,80,15,15,59,25,114,64,10,74,188
04/22/2021,BQN,PR,ASO,ES,Federal Contract Tower,16,13,7,0,36,0,0,50,17,67,16,13,57,17,103,58,16,74,177
04/23/2021,BQN,PR,ASO,ES,Federal Contract Tower,22,11,5,1,39,0,0,20,6,26,22,11,25,7,65,12,12,24,89
04/24/2021,BQN,PR,ASO,ES,Federal Contract Tower,8,0,3,0,11,0,0,29,11,40,8,0,32,11,51,38,16,54,105
04/25/2021,BQN,PR,ASO,ES,Federal Contract Tower,7,0,2,0,9,0,0,29,5,34,7,0,31,5,43,0,0,0,43
04/26/2021,BQN,PR,ASO,ES,Federal Contract Tower,9,11,3,2,25,0,0,33,10,43,9,11,36,12,68,24,20,44,112
04/27/2021,BQN,PR,ASO,ES,Federal Contract Tower,19,8,2,2,31,0,0,40,10,50,19,8,42,12,81,56,0,56,137
04/28/2021,BQN,PR,ASO,ES,Federal Contract Tower,11,9,4,2,26,0,0,35,14,49,11,9,39,16,75,64,32,96,171
04/29/2021,BQN,PR,ASO,ES,Federal Contract Tower,17,14,13,1,45,0,0,66,8,74,17,14,79,9,119,28,10,38,157
04/30/2021,BQN,PR,ASO,ES,Federal Contract Tower,11,14,5,0,30,0,0,19,4,23,11,14,24,4,53,36,0,36,89
05/02/2021,BQN,PR,ASO,ES,Federal Contract Tower,5,0,4,0,9,0,0,25,2,27,5,0,29,2,36,4,0,4,40
05/03/2021,BQN,PR,ASO,ES,Federal Contract Tower,11,11,4,0,26,0,0,31,8,39,11,11,35,8,65,42,90,132,197
05/04/2021,BQN,PR,ASO,ES,Federal Contract Tower,15,9,9,3,36,0,0,40,15,55,15,9,49,18,91,76,20,96,187
05/05/2021,BQN,PR,ASO,ES,Federal Contract Tower,14,7,1,0,22,0,0,33,18,51,14,7,34,18,73,58,23,81,154
05/06/2021,BQN,PR,ASO,ES,Federal Contract Tower,19,10,3,1,33,0,0,70,13,83,19,10,73,14,116,44,38,82,198
05/07/2021,BQN,PR,ASO,ES,Federal Contract Tower,17,12,2,1,32,0,0,30,9,39,17,12,32,10,71,38,0,38,109
05/08/2021,BQN,PR,ASO,ES,Federal Contract Tower,11,0,0,2,13,0,0,71,7,78,11,0,71,9,91,70,0,70,161
05/09/2021,BQN,PR,ASO,ES,Federal Contract Tower,12,0,2,0,14,0,0,23,3,26,12,0,25,3,40,0,0,0,40
05/10/2021,BQN,PR,ASO,ES,Federal Contract Tower,14,10,4,0,28,0,0,36,9,45,14,10,40,9,73,48,32,80,153
05/11/2021,BQN,PR,ASO,ES,Federal Contract Tower,24,11,3,0,38,0,0,49,14,63,24,11,52,14,101,53,18,71,172
05/12/2021,BQN,PR,ASO,ES,Federal Contract Tower,15,11,1,0,27,0,0,45,7,52,15,11,46,7,79,46,4,50,129
05/13/2021,BQN,PR,ASO,ES,Federal Contract Tower,16,13,4,2,35,0,0,33,11,44,16,13,37,13,79,34,20,54,133
05/14/2021,BQN,PR,ASO,ES,Federal Contract Tower,16,7,0,0,23,0,0,23,2,25,16,7,23,2,48,28,0,28,76
05/15/2021,BQN,PR,ASO,ES,Federal Contract Tower,11,0,2,3,16,0,0,29,11,40,11,0,31,14,56,30,20,50,106
05/16/2021,BQN,PR,ASO,ES,Federal Contract Tower,9,0,2,2,13,0,0,32,4,36,9,0,34,6,49,54,0,54,103
05/17/2021,BQN,PR,ASO,ES,Federal Contract Tower,20,10,9,2,41,0,0,31,12,43,20,10,40,14,84,57,38,95,179
05/19/2021,BQN,PR,ASO,ES,Federal Contract Tower,21,12,8,0,41,0,0,40,16,56,21,12,48,16,97,86,38,124,221
05/20/2021,BQN,PR,ASO,ES,Federal Contract Tower,19,13,5,0,37,0,0,61,22,83,19,13,66,22,120,26,28,54,174
05/21/2021,BQN,PR,ASO,ES,Federal Contract Tower,20,13,5,0,38,0,0,29,11,40,20,13,34,11,78,12,12,24,102
05/22/2021,BQN,PR,ASO,ES,Federal Contract Tower,10,0,5,0,15,0,0,51,19,70,10,0,56,19,85,42,26,68,153
05/23/2021,BQN,PR,ASO,ES,Federal Contract Tower,8,0,4,0,12,0,0,9,2,11,8,0,13,2,23,0,0,0,23
05/24/2021,BQN,PR,ASO,ES,Federal Contract Tower,12,9,2,1,24,0,0,38,18,56,12,9,40,19,80,78,16,94,174
05/25/2021,BQN,PR,ASO,ES,Federal Contract Tower,24,14,3,2,43,0,0,75,16,91,24,14,78,18,134,70,48,118,252
05/26/2021,BQN,PR,ASO,ES,Federal Contract Tower,17,10,7,1,35,0,0,42,12,54,17,10,49,13,89,90,8,98,187
05/27/2021,BQN,PR,ASO,ES,Federal Contract Tower,21,11,5,1,38,0,0,66,13,79,21,11,71,14,117,70,8,78,195
05/28/2021,BQN,PR,ASO,ES,Federal Contract Tower,16,12,8,2,38,0,0,42,5,47,16,12,50,7,85,34,8,42,127
05/29/2021,BQN,PR,ASO,ES,Federal Contract Tower,8,0,6,0,14,0,0,42,9,51,8,0,48,9,65,46,20,66,131
05/30/2021,BQN,PR,ASO,ES,Federal Contract Tower,11,0,3,1,15,0,0,11,8,19,11,0,14,9,34,10,0,10,44
05/31/2021,BQN,PR,ASO,ES,Federal Contract Tower,6,0,4,0,10,0,0,23,2,25,6,0,27,2,35,60,0,60,95
06/01/2021,BQN,PR,ASO,ES,Federal Contract Tower,27,8,6,0,41,0,0,64,31,95,27,8,70,31,136,58,66,124,260
06/02/2021,BQN,PR,ASO,ES,Federal Contract Tower,20,13,6,4,43,0,0,45,14,59,20,13,51,18,102,48,110,158,260
06/03/2021,BQN,PR,ASO,ES,Federal Contract Tower,13,10,7,0,30,0,0,69,27,96,13,10,76,27,126,42,20,62,188
06/04/2021,BQN,PR,ASO,ES,Federal Contract Tower,15,12,7,1,35,0,0,66,12,78,15,12,73,13,113,64,0,64,177
06/05/2021,BQN,PR,ASO,ES,Federal Contract Tower,8,0,2,0,10,0,0,67,4,71,8,0,69,4,81,108,0,108,189
06/06/2021,BQN,PR,ASO,ES,Federal Contract Tower,10,0,1,0,11,0,0,18,5,23,10,0,19,5,34,34,0,34,68
06/07/2021,BQN,PR,ASO,ES,Federal Contract Tower,13,15,1,3,32,0,0,31,16,47,13,15,32,19,79,74,54,128,207
06/08/2021,BQN,PR,ASO,ES,Federal Contract Tower,21,9,3,1,34,0,0,47,28,75,21,9,50,29,109,36,62,98,207
06/09/2021,BQN,PR,ASO,ES,Federal Contract Tower,15,10,3,1,29,0,0,27,28,55,15,10,30,29,84,20,54,74,158
06/10/2021,BQN,PR,ASO,ES,Federal Contract Tower,28,15,1,1,45,0,0,60,26,86,28,15,61,27,131,82,36,118,249
06/11/2021,BQN,PR,ASO,ES,Federal Contract Tower,22,9,5,0,36,0,0,21,9,30,22,9,26,9,66,12,20,32,98
06/12/2021,BQN,PR,ASO,ES,Federal Contract Tower,9,0,4,1,14,0,0,70,5,75,9,0,74,6,89,66,0,66,155
06/13/2021,BQN,PR,ASO,ES,Federal Contract Tower,8,0,2,0,10,0,0,6,4,10,8,0,8,4,20,12,0,12,32
06/14/2021,BQN,PR,ASO,ES,Federal Contract Tower,17,11,8,2,38,0,0,27,16,43,17,11,35,18,81,62,76,138,219
06/15/2021,BQN,PR,ASO,ES,Federal Contract Tower,23,12,2,1,38,0,0,28,16,44,23,12,30,17,82,62,42,104,186
06/16/2021,BQN,PR,ASO,ES,Federal Contract Tower,20,9,2,0,31,0,0,49,22,71,20,9,51,22,102,34,36,70,172
06/17/2021,BQN,PR,ASO,ES,Federal Contract Tower,18,12,0,1,31,0,0,38,26,64,18,12,38,27,95,42,6,48,143
06/18/2021,BQN,PR,ASO,ES,Federal Contract Tower,21,10,1,1,33,0,0,28,6,34,21,10,29,7,67,28,0,28,95
06/19/2021,BQN,PR,ASO,ES,Federal Contract Tower,9,0,1,0,10,0,0,68,10,78,9,0,69,10,88,74,12,86,174
06/20/2021,BQN,PR,ASO,ES,Federal Contract Tower,9,0,0,0,9,0,0,14,6,20,9,0,14,6,29,16,0,16,45
06/21/2021,BQN,PR,ASO,ES,Federal Contract Tower,13,12,2,0,27,0,0,41,15,56,13,12,43,15,83,110,0,110,193
06/22/2021,BQN,PR,ASO,ES,Federal Contract Tower,22,10,0,1,33,1,0,32,10,43,23,10,32,11,76,38,28,66,142
06/23/2021,BQN,PR,ASO,ES,Federal Contract Tower,21,15,8,1,45,0,0,37,24,61,21,15,45,25,106,56,120,176,282
06/24/2021,BQN,PR,ASO,ES,Federal Contract Tower,18,13,0,0,31,0,0,33,43,76,18,13,33,43,107,40,26,66,173
06/25/2021,BQN,PR,ASO,ES,Federal Contract Tower,16,12,2,0,30,0,0,68,21,89,16,12,70,21,119,106,64,170,289
06/26/2021,BQN,PR,ASO,ES,Federal Contract Tower,8,0,2,0,10,0,0,39,11,50,8,0,41,11,60,36,32,68,128
06/27/2021,BQN,PR,ASO,ES,Federal Contract Tower,10,0,8,0,18,0,0,14,4,18,10,0,22,4,36,18,0,18,54
06/28/2021,BQN,PR,ASO,ES,Federal Contract Tower,11,13,1,0,25,0,0,42,14,56,11,13,43,14,81,24,30,54,135
06/29/2021,BQN,PR,ASO,ES,Federal Contract Tower,26,9,2,0,37,0,0,35,16,51,26,9,37,16,88,30,40,70,158
06/30/2021,BQN,PR,ASO,ES,Federal Contract Tower,15,20,3,0,38,0,0,44,19,63,15,20,47,19,101,34,80,114,215
07/01/2021,BQN,PR,ASO,ES,Federal Contract Tower,14,13,3,0,30,0,0,46,22,68,14,13,49,22,98,28,28,56,154
07/02/2021,BQN,PR,ASO,ES,Federal Contract Tower,17,7,3,0,27,0,0,61,2,63,17,7,64,2,90,58,0,58,148
07/03/2021,BQN,PR,ASO,ES,Federal Contract Tower,11,0,5,0,16,0,0,35,10,45,11,0,40,10,61,36,36,72,133
07/04/2021,BQN,PR,ASO,ES,Federal Contract Tower,10,3,0,0,13,0,0,14,5,19,10,3,14,5,32,2,0,2,34
07/05/2021,BQN,PR,ASO,ES,Federal Contract Tower,5,2,3,1,11,0,0,21,8,29,5,2,24,9,40,32,12,44,84
07/06/2021,BQN,PR,ASO,ES,Federal Contract Tower,23,10,0,0,33,0,0,29,14,43,23,10,29,14,76,64,22,86,162
07/07/2021,BQN,PR,ASO,ES,Federal Contract Tower,22,12,5,0,39,0,0,26,15,41,22,12,31,15,80,40,78,118,198
07/08/2021,BQN,PR,ASO,ES,Federal Contract Tower,14,8,7,0,29,0,0,29,11,40,14,8,36,11,69,52,32,84,153
07/09/2021,BQN,PR,ASO,ES,Federal Contract Tower,15,10,0,1,26,0,0,18,12,30,15,10,18,13,56,28,10,38,94
07/10/2021,BQN,PR,ASO,ES,Federal Contract Tower,6,0,0,0,6,0,0,40,12,52,6,0,40,12,58,88,18,106,164
07/11/2021,BQN,PR,ASO,ES,Federal Contract Tower,11,0,4,0,15,0,0,7,1,8,11,0,11,1,23,0,0,0,23
07/12/2021,BQN,PR,ASO,ES,Federal Contract Tower,11,9,4,0,24,0,0,38,11,49,11,9,42,11,73,34,58,92,165
07/13/2021,BQN,PR,ASO,ES,Federal Contract Tower,22,8,4,0,34,0,0,87,19,106,22,8,91,19,140,32,28,60,200
07/14/2021,BQN,PR,ASO,ES,Federal Contract Tower,15,11,7,1,34,0,0,46,11,57,15,11,53,12,91,84,40,124,215
07/15/2021,BQN,PR,ASO,ES,Federal Contract Tower,22,11,3,1,37,0,0,66,13,79,22,11,69,14,116,64,52,116,232
07/16/2021,BQN,PR,ASO,ES,Federal Contract Tower,16,14,2,0,32,0,0,62,14,76,16,14,64,14,108,64,18,82,190
07/17/2021,BQN,PR,ASO,ES,Federal Contract Tower,10,3,2,0,15,0,0,65,10,75,10,3,67,10,90,78,12,90,180
07/18/2021,BQN,PR,ASO,ES,Federal Contract Tower,7,1,2,0,10,5,0,10,4,19,12,1,12,4,29,26,0,26,55
07/19/2021,BQN,PR,ASO,ES,Federal Contract Tower,13,14,2,1,30,0,0,30,11,41,13,14,32,12,71,70,46,116,187
07/20/2021,BQN,PR,ASO,ES,Federal Contract Tower,20,15,4,0,39,0,0,47,20,67,20,15,51,20,106,82,30,112,218
07/21/2021,BQN,PR,ASO,ES,Federal Contract Tower,15,12,2,0,29,0,0,44,9,53,15,12,46,9,82,74,0,74,156
07/22/2021,BQN,PR,ASO,ES,Federal Contract Tower,15,14,0,1,30,0,0,54,27,81,15,14,54,28,111,68,12,80,191
07/23/2021,BQN,PR,ASO,ES,Federal Contract Tower,15,18,5,0,38,0,0,47,8,55,15,18,52,8,93,48,40,88,181
07/24/2021,BQN,PR,ASO,ES,Federal Contract Tower,8,2,2,0,12,0,0,29,10,39,8,2,31,10,51,54,20,74,125
07/25/2021,BQN,PR,ASO,ES,Federal Contract Tower,11,0,0,0,11,0,0,3,3,6,11,0,3,3,17,0,0,0,17
07/26/2021,BQN,PR,ASO,ES,Federal Contract Tower,17,12,3,0,32,0,0,27,10,37,17,12,30,10,69,38,24,62,131
07/27/2021,BQN,PR,ASO,ES,Federal Contract Tower,24,16,2,0,42,0,0,48,25,73,24,16,50,25,115,48,26,74,189
07/28/2021,BQN,PR,ASO,ES,Federal Contract Tower,17,16,1,0,34,0,0,36,15,51,17,16,37,15,85,50,20,70,155
07/29/2021,BQN,PR,ASO,ES,Federal Contract Tower,18,12,1,0,31,0,0,72,18,90,18,12,73,18,121,56,78,134,255
07/30/2021,BQN,PR,ASO,ES,Federal Contract Tower,20,11,6,0,37,0,0,47,6,53,20,11,53,6,90,46,28,74,164
07/31/2021,BQN,PR,ASO,ES,Federal Contract Tower,9,0,6,0,15,0,0,26,7,33,9,0,32,7,48,40,20,60,108
08/01/2021,BQN,PR,ASO,ES,Federal Contract Tower,9,0,11,0,20,0,0,6,2,8,9,0,17,2,28,0,0,0,28
08/02/2021,BQN,PR,ASO,ES,Federal Contract Tower,13,16,2,2,33,0,0,29,9,38,13,16,31,11,71,56,42,98,169
08/03/2021,BQN,PR,ASO,ES,Federal Contract Tower,24,10,8,0,42,0,0,45,11,56,24,10,53,11,98,36,16,52,150
08/04/2021,BQN,PR,ASO,ES,Federal Contract Tower,19,14,1,0,34,0,0,37,1,38,19,14,38,1,72,40,0,40,112
08/05/2021,BQN,PR,ASO,ES,Federal Contract Tower,19,11,4,0,34,0,0,29,3,32,19,11,33,3,66,46,18,64,130
08/06/2021,BQN,PR,ASO,ES,Federal Contract Tower,26,10,4,0,40,0,0,57,4,61,26,10,61,4,101,48,0,48,149
08/07/2021,BQN,PR,ASO,ES,Federal Contract Tower,12,0,2,0,14,0,0,65,20,85,12,0,67,20,99,120,4,124,223
08/08/2021,BQN,PR,ASO,ES,Federal Contract Tower,8,0,4,0,12,0,1,4,1,6,8,1,8,1,18,0,0,0,18
08/09/2021,BQN,PR,ASO,ES,Federal Contract Tower,21,11,2,0,34,0,0,30,11,41,21,11,32,11,75,58,104,162,237
08/10/2021,BQN,PR,ASO,ES,Federal Contract Tower,23,2,3,0,28,0,0,18,8,26,23,2,21,8,54,30,22,52,106
08/11/2021,BQN,PR,ASO,ES,Federal Contract Tower,14,8,5,0,27,0,0,20,12,32,14,8,25,12,59,16,22,38,97
08/12/2021,BQN,PR,ASO,ES,Federal Contract Tower,21,10,4,2,37,0,0,66,10,76,21,10,70,12,113,82,78,160,273
08/13/2021,BQN,PR,ASO,ES,Federal Contract Tower,26,13,1,2,42,0,0,50,4,54,26,13,51,6,96,36,24,60,156
08/14/2021,BQN,PR,ASO,ES,Federal Contract Tower,11,3,0,2,16,0,0,66,13,79,11,3,66,15,95,70,26,96,191
08/15/2021,BQN,PR,ASO,ES,Federal Contract Tower,11,0,2,0,13,0,0,0,2,2,11,0,2,2,15,0,0,0,15
08/16/2021,BQN,PR,ASO,ES,Federal Contract Tower,13,9,0,0,22,0,0,32,11,43,13,9,32,11,65,30,44,74,139
08/17/2021,BQN,PR,ASO,ES,Federal Contract Tower,25,13,0,3,41,0,0,43,18,61,25,13,43,21,102,56,12,68,170
08/18/2021,BQN,PR,ASO,ES,Federal Contract Tower,17,12,2,0,31,0,0,47,7,54,17,12,49,7,85,36,60,96,181
08/19/2021,BQN,PR,ASO,ES,Federal Contract Tower,19,10,2,1,32,0,0,35,8,43,19,10,37,9,75,76,0,76,151
08/20/2021,BQN,PR,ASO,ES,Federal Contract Tower,22,12,4,1,39,0,0,35,2,37,22,12,39,3,76,18,12,30,106
08/21/2021,BQN,PR,ASO,ES,Federal Contract Tower,8,0,3,0,11,0,0,31,9,40,8,0,34,9,51,40,36,76,127
08/22/2021,BQN,PR,ASO,ES,Federal Contract Tower,7,0,2,1,10,0,0,9,2,11,7,0,11,3,21,0,0,0,21
08/23/2021,BQN,PR,ASO,ES,Federal Contract Tower,16,15,3,0,34,0,0,28,8,36,16,15,31,8,70,42,28,70,140
08/24/2021,BQN,PR,ASO,ES,Federal Contract Tower,25,13,4,0,42,0,0,33,13,46,25,13,37,13,88,28,24,52,140
08/25/2021,BQN,PR,ASO,ES,Federal Contract Tower,18,13,3,0,34,0,0,42,7,49,18,13,45,7,83,28,0,28,111
08/26/2021,BQN,PR,ASO,ES,Federal Contract Tower,17,14,5,0,36,0,0,42,20,62,17,14,47,20,98,20,0,20,118
08/27/2021,BQN,PR,ASO,ES,Federal Contract Tower,21,13,4,0,38,0,2,32,4,38,21,15,36,4,76,34,0,34,110
08/28/2021,BQN,PR,ASO,ES,Federal Contract Tower,8,0,0,1,9,0,0,58,11,69,8,0,58,12,78,24,0,24,102
08/29/2021,BQN,PR,ASO,ES,Federal Contract Tower,14,3,3,0,20,0,0,17,4,21,14,3,20,4,41,0,6,6,47
08/30/2021,BQN,PR,ASO,ES,Federal Contract Tower,13,11,3,0,27,0,0,29,9,38,13,11,32,9,65,36,18,54,119
08/31/2021,BQN,PR,ASO,ES,Federal Contract Tower,24,11,3,0,38,0,0,36,21,57,24,11,39,21,95,0,0,0,95
09/01/2021,BQN,PR,ASO,ES,Federal Contract Tower,15,11,10,0,36,2,0,40,13,55,17,11,50,13,91,19,42,61,152
09/02/2021,BQN,PR,ASO,ES,Federal Contract Tower,14,12,1,0,27,2,0,44,33,79,16,12,45,33,106,48,12,60,166
09/03/2021,BQN,PR,ASO,ES,Federal Contract Tower,19,10,7,0,36,0,0,48,1,49,19,10,55,1,85,69,0,69,154
09/04/2021,BQN,PR,ASO,ES,Federal Contract Tower,10,0,5,1,16,0,0,63,8,71,10,0,68,9,87,76,24,100,187
09/05/2021,BQN,PR,ASO,ES,Federal Contract Tower,11,0,1,1,13,0,0,2,1,3,11,0,3,2,16,0,0,0,16
09/06/2021,BQN,PR,ASO,ES,Federal Contract Tower,7,0,5,0,12,0,0,39,0,39,7,0,44,0,51,56,0,56,107
09/07/2021,BQN,PR,ASO,ES,Federal Contract Tower,26,7,6,0,39,0,0,49,14,63,26,7,55,14,102,34,24,58,160
09/08/2021,BQN,PR,ASO,ES,Federal Contract Tower,22,14,3,0,39,0,0,42,9,51,22,14,45,9,90,95,16,111,201
09/09/2021,BQN,PR,ASO,ES,Federal Contract Tower,20,10,6,0,36,2,0,48,10,60,22,10,54,10,96,52,0,52,148
09/10/2021,BQN,PR,ASO,ES,Federal Contract Tower,24,10,4,0,38,0,0,41,11,52,24,10,45,11,90,64,102,166,256
09/11/2021,BQN,PR,ASO,ES,Federal Contract Tower,11,0,0,0,11,0,0,50,11,61,11,0,50,11,72,40,40,80,152
09/12/2021,BQN,PR,ASO,ES,Federal Contract Tower,11,0,4,0,15,0,0,16,2,18,11,0,20,2,33,0,0,0,33
09/13/2021,BQN,PR,ASO,ES,Federal Contract Tower,13,13,1,0,27,0,0,16,8,24,13,13,17,8,51,40,70,110,161
09/15/2021,BQN,PR,ASO,ES,Federal Contract Tower,23,10,0,0,33,0,0,35,10,45,23,10,35,10,78,30,10,40,118
09/16/2021,BQN,PR,ASO,ES,Federal Contract Tower,16,12,0,0,28,0,0,48,12,60,16,12,48,12,88,40,2,42,130
09/17/2021,BQN,PR,ASO,ES,Federal Contract Tower,22,14,0,0,36,2,0,17,0,19,24,14,17,0,55,20,0,20,75
09/18/2021,BQN,PR,ASO,ES,Federal Contract Tower,11,0,0,0,11,1,0,41,7,49,12,0,41,7,60,50,0,50,110
09/19/2021,BQN,PR,ASO,ES,Federal Contract Tower,11,0,0,0,11,0,0,5,6,11,11,0,5,6,22,0,0,0,22
09/20/2021,BQN,PR,ASO,ES,Federal Contract Tower,19,10,4,2,35,0,0,20,8,28,19,10,24,10,63,24,54,78,141
09/21/2021,BQN,PR,ASO,ES,Federal Contract Tower,26,6,3,0,35,0,0,17,1,18,26,6,20,1,53,16,12,28,81
09/22/2021,BQN,PR,ASO,ES,Federal Contract Tower,25,9,2,0,36,0,0,9,6,15,25,9,11,6,51,14,30,44,95
09/23/2021,BQN,PR,ASO,ES,Federal Contract Tower,22,12,0,0,34,0,0,14,19,33,22,12,14,19,67,48,104,152,219
09/24/2021,BQN,PR,ASO,ES,Federal Contract Tower,24,9,1,0,34,0,0,72,12,84,24,9,73,12,118,44,12,56,174
09/25/2021,BQN,PR,ASO,ES,Federal Contract Tower,12,0,0,0,12,0,0,59,4,63,12,0,59,4,75,42,0,42,117
09/26/2021,BQN,PR,ASO,ES,Federal Contract Tower,11,0,4,0,15,0,0,25,4,29,11,0,29,4,44,42,0,42,86
09/27/2021,BQN,PR,ASO,ES,Federal Contract Tower,15,12,0,1,28,0,0,39,5,44,15,12,39,6,72,72,9,81,153
09/28/2021,BQN,PR,ASO,ES,Federal Contract Tower,27,10,0,0,37,0,0,41,10,51,27,10,41,10,88,64,76,140,228
09/29/2021,BQN,PR,ASO,ES,Federal Contract Tower,25,11,3,0,39,0,0,44,3,47,25,11,47,3,86,62,0,62,148
09/30/2021,BQN,PR,ASO,ES,Federal Contract Tower,22,12,0,0,34,0,0,52,8,60,22,12,52,8,94,68,0,68,162
10/01/2021,BQN,PR,ASO,ES,Federal Contract Tower,25,10,0,0,35,0,0,71,9,80,25,10,71,9,115,32,0,32,147
10/02/2021,BQN,PR,ASO,ES,Federal Contract Tower,14,0,1,0,15,0,0,36,2,38,14,0,37,2,53,62,0,62,115
10/04/2021,BQN,PR,ASO,ES,Federal Contract Tower,17,8,3,2,30,0,0,27,14,41,17,8,30,16,71,32,42,74,145
10/05/2021,BQN,PR,ASO,ES,Federal Contract Tower,24,14,0,0,38,0,0,31,13,44,24,14,31,13,82,52,34,86,168
10/06/2021,BQN,PR,ASO,ES,Federal Contract Tower,24,12,5,0,41,0,0,44,9,53,24,12,49,9,94,64,0,64,158
10/07/2021,BQN,PR,ASO,ES,Federal Contract Tower,21,12,2,0,35,0,0,56,6,62,21,12,58,6,97,30,0,30,127
10/08/2021,BQN,PR,ASO,ES,Federal Contract Tower,30,9,4,0,43,0,0,39,7,46,30,9,43,7,89,14,24,38,127
10/09/2021,BQN,PR,ASO,ES,Federal Contract Tower,13,0,2,0,15,2,0,36,3,41,15,0,38,3,56,44,0,44,100
10/10/2021,BQN,PR,ASO,ES,Federal Contract Tower,9,0,1,2,12,0,0,11,2,13,9,0,12,4,25,10,0,10,35
10/11/2021,BQN,PR,ASO,ES,Federal Contract Tower,18,7,7,0,32,0,0,18,10,28,18,7,25,10,60,24,28,52,112
10/12/2021,BQN,PR,ASO,ES,Federal Contract Tower,22,8,3,0,33,0,0,14,8,22,22,8,17,8,55,4,0,4,59
10/13/2021,BQN,PR,ASO,ES,Federal Contract Tower,24,13,3,1,41,0,0,29,10,39,24,13,32,11,80,22,0,22,102
10/14/2021,BQN,PR,ASO,ES,Federal Contract Tower,22,15,3,0,40,0,0,38,23,61,22,15,41,23,101,34,14,48,149
10/15/2021,BQN,PR,ASO,ES,Federal Contract Tower,27,8,1,0,36,0,0,36,7,43,27,8,37,7,79,10,12,22,101
10/16/2021,BQN,PR,ASO,ES,Federal Contract Tower,15,2,1,0,18,0,0,28,2,30,15,2,29,2,48,10,0,10,58
10/17/2021,BQN,PR,ASO,ES,Federal Contract Tower,10,0,3,0,13,0,0,21,4,25,10,0,24,4,38,12,0,12,50
10/18/2021,BQN,PR,ASO,ES,Federal Contract Tower,19,6,4,1,30,0,0,26,7,33,19,6,30,8,63,30,20,50,113
10/19/2021,BQN,PR,ASO,ES,Federal Contract Tower,26,11,2,0,39,0,0,21,18,39,26,11,23,18,78,38,0,38,116
10/20/2021,BQN,PR,ASO,ES,Federal Contract Tower,23,12,3,0,38,0,0,57,8,65,23,12,60,8,103,62,28,90,193
10/21/2021,BQN,PR,ASO,ES,Federal Contract Tower,23,11,4,1,39,0,0,59,10,69,23,11,63,11,108,48,0,48,156
10/22/2021,BQN,PR,ASO,ES,Federal Contract Tower,25,10,0,0,35,0,0,27,3,30,25,10,27,3,65,6,0,6,71
10/23/2021,BQN,PR,ASO,ES,Federal Contract Tower,11,2,1,0,14,0,0,53,6,59,11,2,54,6,73,48,0,48,121
10/24/2021,BQN,PR,ASO,ES,Federal Contract Tower,10,0,2,0,12,0,0,13,4,17,10,0,15,4,29,20,2,22,51
10/25/2021,BQN,PR,ASO,ES,Federal Contract Tower,18,9,4,1,32,0,0,36,7,43,18,9,40,8,75,10,40,50,125
10/26/2021,BQN,PR,ASO,ES,Federal Contract Tower,21,15,1,0,37,0,0,34,15,49,21,15,35,15,86,38,22,60,146
10/27/2021,BQN,PR,ASO,ES,Federal Contract Tower,20,10,1,1,32,0,0,31,10,41,20,10,32,11,73,50,30,80,153
10/28/2021,BQN,PR,ASO,ES,Federal Contract Tower,20,13,1,0,34,0,0,37,7,44,20,13,38,7,78,26,4,30,108
10/29/2021,BQN,PR,ASO,ES,Federal Contract Tower,21,15,1,0,37,0,0,37,11,48,21,15,38,11,85,14,0,14,99
10/30/2021,BQN,PR,ASO,ES,Federal Contract Tower,8,1,1,0,10,0,0,41,2,43,8,1,42,2,53,0,0,0,53
10/31/2021,BQN,PR,ASO,ES,Federal Contract Tower,8,1,0,0,9,0,0,2,0,2,8,1,2,0,11,16,0,16,27
11/01/2021,BQN,PR,ASO,ES,Federal Contract Tower,14,8,2,4,28,0,0,18,11,29,14,8,20,15,57,24,58,82,139
11/03/2021,BQN,PR,ASO,ES,Federal Contract Tower,16,11,0,0,27,0,0,17,8,25,16,11,17,8,52,18,88,106,158
11/04/2021,BQN,PR,ASO,ES,Federal Contract Tower,14,12,5,0,31,0,0,63,13,76,14,12,68,13,107,30,22,52,159
11/05/2021,BQN,PR,ASO,ES,Federal Contract Tower,18,9,2,1,30,0,0,30,2,32,18,9,32,3,62,44,4,48,110
11/06/2021,BQN,PR,ASO,ES,Federal Contract Tower,6,0,1,0,7,2,0,36,3,41,8,0,37,3,48,26,8,34,82
11/07/2021,BQN,PR,ASO,ES,Federal Contract Tower,5,0,3,0,8,0,0,10,6,16,5,0,13,6,24,12,0,12,36
11/08/2021,BQN,PR,ASO,ES,Federal Contract Tower,14,10,0,0,24,0,0,28,9,37,14,10,28,9,61,48,82,130,191
11/09/2021,BQN,PR,ASO,ES,Federal Contract Tower,16,8,2,2,28,0,0,44,12,56,16,8,46,14,84,32,52,84,168
11/10/2021,BQN,PR,ASO,ES,Federal Contract Tower,18,8,1,0,27,0,0,14,8,22,18,8,15,8,49,34,16,50,99
11/11/2021,BQN,PR,ASO,ES,Federal Contract Tower,14,11,1,0,26,0,0,56,12,68,14,11,57,12,94,48,20,68,162
11/12/2021,BQN,PR,ASO,ES,Federal Contract Tower,11,11,3,0,25,0,0,78,13,91,11,11,81,13,116,78,88,166,282
11/13/2021,BQN,PR,ASO,ES,Federal Contract Tower,6,1,3,0,10,0,0,66,4,70,6,1,69,4,80,16,0,16,96
11/14/2021,BQN,PR,ASO,ES,Federal Contract Tower,4,0,2,0,6,0,0,8,3,11,4,0,10,3,17,10,0,10,27
11/15/2021,BQN,PR,ASO,ES,Federal Contract Tower,12,10,2,0,24,0,0,32,11,43,12,10,34,11,67,66,40,106,173
11/16/2021,BQN,PR,ASO,ES,Federal Contract Tower,15,9,4,2,30,0,0,40,13,53,15,9,44,15,83,60,42,102,185
11/17/2021,BQN,PR,ASO,ES,Federal Contract Tower,15,15,1,0,31,0,0,57,4,61,15,15,58,4,92,68,20,88,180
11/18/2021,BQN,PR,ASO,ES,Federal Contract Tower,12,14,3,0,29,0,0,34,16,50,12,14,37,16,79,36,56,92,171
11/19/2021,BQN,PR,ASO,ES,Federal Contract Tower,19,9,2,0,30,0,0,36,9,45,19,9,38,9,75,60,38,98,173
11/20/2021,BQN,PR,ASO,ES,Federal Contract Tower,6,0,7,0,13,0,0,30,7,37,6,0,37,7,50,48,20,68,118
11/21/2021,BQN,PR,ASO,ES,Federal Contract Tower,6,0,4,0,10,0,0,22,1,23,6,0,26,1,33,18,0,18,51
11/22/2021,BQN,PR,ASO,ES,Federal Contract Tower,12,11,1,2,26,0,2,37,7,46,12,13,38,9,72,68,58,126,198
11/23/2021,BQN,PR,ASO,ES,Federal Contract Tower,18,12,3,0,33,0,0,74,12,86,18,12,77,12,119,92,52,144,263
11/24/2021,BQN,PR,ASO,ES,Federal Contract Tower,16,10,6,0,32,0,0,0,0,0,16,10,6,0,32,30,0,30,62
11/25/2021,BQN,PR,ASO,ES,Federal Contract Tower,8,0,1,0,9,0,0,10,3,13,8,0,11,3,22,0,0,0,22
11/26/2021,BQN,PR,ASO,ES,Federal Contract Tower,9,11,3,1,24,0,0,10,1,11,9,11,13,2,35,20,0,20,55
11/27/2021,BQN,PR,ASO,ES,Federal Contract Tower,4,0,3,0,7,0,0,20,9,29,4,0,23,9,36,62,26,88,124
11/28/2021,BQN,PR,ASO,ES,Federal Contract Tower,5,0,9,0,14,0,0,13,2,15,5,0,22,2,29,0,20,20,49
11/29/2021,BQN,PR,ASO,ES,Federal Contract Tower,11,10,4,4,29,0,0,33,2,35,11,10,37,6,64,42,0,42,106
11/30/2021,BQN,PR,ASO,ES,Federal Contract Tower,18,8,3,0,29,0,0,67,21,88,18,8,70,21,117,56,20,76,193
12/01/2021,BQN,PR,ASO,ES,Federal Contract Tower,23,12,2,0,37,0,0,49,11,60,23,12,51,11,97,16,20,36,133
12/02/2021,BQN,PR,ASO,ES,Federal Contract Tower,12,14,8,0,34,0,0,43,17,60,12,14,51,17,94,50,8,58,152
12/03/2021,BQN,PR,ASO,ES,Federal Contract Tower,12,13,3,1,29,0,0,65,9,74,12,13,68,10,103,20,24,44,147
12/04/2021,BQN,PR,ASO,ES,Federal Contract Tower,7,0,1,0,8,0,0,48,14,62,7,0,49,14,70,16,2,18,88
12/05/2021,BQN,PR,ASO,ES,Federal Contract Tower,4,0,8,0,12,0,0,8,4,12,4,0,16,4,24,0,0,0,24
12/06/2021,BQN,PR,ASO,ES,Federal Contract Tower,14,9,1,0,24,0,0,23,8,31,14,9,24,8,55,34,20,54,109
12/07/2021,BQN,PR,ASO,ES,Federal Contract Tower,19,9,3,1,32,0,0,50,14,64,19,9,53,15,96,24,68,92,188
12/08/2021,BQN,PR,ASO,ES,Federal Contract Tower,20,9,3,1,33,0,0,37,12,49,20,9,40,13,82,44,6,50,132
12/09/2021,BQN,PR,ASO,ES,Federal Contract Tower,16,12,1,0,29,0,0,39,14,53,16,12,40,14,82,10,0,10,92
12/10/2021,BQN,PR,ASO,ES,Federal Contract Tower,17,15,1,0,33,0,0,30,11,41,17,15,31,11,74,14,0,14,88
12/11/2021,BQN,PR,ASO,ES,Federal Contract Tower,5,5,2,0,12,0,0,33,12,45,5,5,35,12,57,0,4,4,61
12/12/2021,BQN,PR,ASO,ES,Federal Contract Tower,4,0,10,1,15,0,0,13,3,16,4,0,23,4,31,12,0,12,43
12/13/2021,BQN,PR,ASO,ES,Federal Contract Tower,12,10,4,0,26,0,0,32,7,39,12,10,36,7,65,40,20,60,125
12/14/2021,BQN,PR,ASO,ES,Federal Contract Tower,21,13,6,1,41,0,0,58,32,90,21,13,64,33,131,52,22,74,205
12/15/2021,BQN,PR,ASO,ES,Federal Contract Tower,21,8,15,0,44,0,0,44,12,56,21,8,59,12,100,30,96,126,226
12/16/2021,BQN,PR,ASO,ES,Federal Contract Tower,11,15,5,6,37,0,0,60,17,77,11,15,65,23,114,16,30,46,160
12/17/2021,BQN,PR,ASO,ES,Federal Contract Tower,15,15,3,0,33,0,0,44,7,51,15,15,47,7,84,12,12,24,108
12/18/2021,BQN,PR,ASO,ES,Federal Contract Tower,7,1,6,0,14,0,0,5,4,9,7,1,11,4,23,24,0,24,47
12/19/2021,BQN,PR,ASO,ES,Federal Contract Tower,4,0,8,0,12,0,0,8,4,12,4,0,16,4,24,8,0,8,32
12/20/2021,BQN,PR,ASO,ES,Federal Contract Tower,15,12,2,2,31,0,0,37,9,46,15,12,39,11,77,64,24,88,165
12/21/2021,BQN,PR,ASO,ES,Federal Contract Tower,28,13,3,0,44,0,0,64,4,68,28,13,67,4,112,124,0,124,236
12/22/2021,BQN,PR,ASO,ES,Federal Contract Tower,27,8,6,3,44,0,0,40,12,52,27,8,46,15,96,68,34,102,198
12/23/2021,BQN,PR,ASO,ES,Federal Contract Tower,22,10,2,0,34,0,0,44,18,62,22,10,46,18,96,10,0,10,106
12/24/2021,BQN,PR,ASO,ES,Federal Contract Tower,22,12,3,0,37,0,0,12,5,17,22,12,15,5,54,2,0,2,56
12/25/2021,BQN,PR,ASO,ES,Federal Contract Tower,11,0,2,0,13,0,0,7,2,9,11,0,9,2,22,0,0,0,22
12/26/2021,BQN,PR,ASO,ES,Federal Contract Tower,10,2,3,0,15,0,0,4,4,8,10,2,7,4,23,0,0,0,23
12/27/2021,BQN,PR,ASO,ES,Federal Contract Tower,15,5,7,0,27,0,0,41,14,55,15,5,48,14,82,48,48,96,178
12/28/2021,BQN,PR,ASO,ES,Federal Contract Tower,30,6,5,0,41,0,0,45,12,57,30,6,50,12,98,44,48,92,190
12/29/2021,BQN,PR,ASO,ES,Federal Contract Tower,29,8,2,0,39,0,12,67,5,84,29,20,69,5,123,88,0,88,211
12/30/2021,BQN,PR,ASO,ES,Federal Contract Tower,16,9,2,0,27,0,0,49,8,57,16,9,51,8,84,38,0,38,122
12/31/2021,BQN,PR,ASO,ES,Federal Contract Tower,20,5,6,0,31,0,0,21,1,22,20,5,27,1,53,14,0,14,67
01/01/2022,BQN,PR,ASO,ES,Federal Contract Tower,8,1,7,0,16,0,0,0,2,2,8,1,7,2,18,0,0,0,18
01/02/2022,BQN,PR,ASO,ES,Federal Contract Tower,9,0,11,1,21,0,0,10,4,14,9,0,21,5,35,8,0,8,43
01/03/2022,BQN,PR,ASO,ES,Federal Contract Tower,18,4,8,0,30,0,0,25,7,32,18,4,33,7,62,22,0,22,84
01/04/2022,BQN,PR,ASO,ES,Federal Contract Tower,25,6,3,0,34,0,0,65,4,69,25,6,68,4,103,136,0,136,239
01/05/2022,BQN,PR,ASO,ES,Federal Contract Tower,21,5,0,0,26,0,0,36,2,38,21,5,36,2,64,72,28,100,164
01/06/2022,BQN,PR,ASO,ES,Federal Contract Tower,11,7,7,0,25,0,0,17,6,23,11,7,24,6,48,0,40,40,88
01/07/2022,BQN,PR,ASO,ES,Federal Contract Tower,13,9,5,0,27,0,0,82,0,82,13,9,87,0,109,38,0,38,147
01/08/2022,BQN,PR,ASO,ES,Federal Contract Tower,6,0,4,0,10,0,0,54,4,58,6,0,58,4,68,42,22,64,132
01/09/2022,BQN,PR,ASO,ES,Federal Contract Tower,9,0,9,0,18,0,0,22,3,25,9,0,31,3,43,16,0,16,59
01/10/2022,BQN,PR,ASO,ES,Federal Contract Tower,13,5,2,0,20,0,0,24,13,37,13,5,26,13,57,34,116,150,207
01/11/2022,BQN,PR,ASO,ES,Federal Contract Tower,23,6,1,0,30,0,0,71,24,95,23,6,72,24,125,42,4,46,171
01/12/2022,BQN,PR,ASO,ES,Federal Contract Tower,36,6,3,2,47,0,0,37,17,54,36,6,40,19,101,66,58,124,225
01/13/2022,BQN,PR,ASO,ES,Federal Contract Tower,18,9,4,0,31,0,0,64,27,91,18,9,68,27,122,56,4,60,182
01/14/2022,BQN,PR,ASO,ES,Federal Contract Tower,20,9,8,0,37,0,0,59,14,73,20,9,67,14,110,16,86,102,212
01/15/2022,BQN,PR,ASO,ES,Federal Contract Tower,5,0,5,0,10,0,0,44,4,48,5,0,49,4,58,60,0,60,118
01/16/2022,BQN,PR,ASO,ES,Federal Contract Tower,5,0,22,0,27,0,0,12,4,16,5,0,34,4,43,2,0,2,45
01/17/2022,BQN,PR,ASO,ES,Federal Contract Tower,13,9,16,0,38,0,0,21,3,24,13,9,37,3,62,56,0,56,118
01/18/2022,BQN,PR,ASO,ES,Federal Contract Tower,25,6,6,0,37,0,0,52,13,65,25,6,58,13,102,42,42,84,186
01/19/2022,BQN,PR,ASO,ES,Federal Contract Tower,26,9,9,2,46,0,0,59,13,72,26,9,68,15,118,54,38,92,210
01/20/2022,BQN,PR,ASO,ES,Federal Contract Tower,14,13,2,0,29,0,0,28,5,33,14,13,30,5,62,74,34,108,170
01/21/2022,BQN,PR,ASO,ES,Federal Contract Tower,18,4,4,0,26,0,0,82,3,85,18,4,86,3,111,58,0,58,169
01/22/2022,BQN,PR,ASO,ES,Federal Contract Tower,6,0,1,4,11,0,0,10,2,12,6,0,11,6,23,10,10,20,43
01/23/2022,BQN,PR,ASO,ES,Federal Contract Tower,7,0,1,0,8,0,0,4,2,6,7,0,5,2,14,0,0,0,14
01/24/2022,BQN,PR,ASO,ES,Federal Contract Tower,16,2,4,1,23,0,0,23,13,36,16,2,27,14,59,62,62,124,183
01/25/2022,BQN,PR,ASO,ES,Federal Contract Tower,23,10,1,0,34,0,0,54,15,69,23,10,55,15,103,120,0,120,223
01/26/2022,BQN,PR,ASO,ES,Federal Contract Tower,22,7,5,0,34,0,0,59,12,71,22,7,64,12,105,86,42,128,233
01/27/2022,BQN,PR,ASO,ES,Federal Contract Tower,13,14,6,0,33,0,0,35,9,44,13,14,41,9,77,24,2,26,103
01/28/2022,BQN,PR,ASO,ES,Federal Contract Tower,20,8,5,0,33,0,0,52,10,62,20,8,57,10,95,46,0,46,141
01/29/2022,BQN,PR,ASO,ES,Federal Contract Tower,8,0,3,0,11,0,0,10,1,11,8,0,13,1,22,6,0,6,28
01/30/2022,BQN,PR,ASO,ES,Federal Contract Tower,3,1,2,0,6,0,0,10,0,10,3,1,12,0,16,8,0,8,24
01/31/2022,BQN,PR,ASO,ES,Federal Contract Tower,16,6,12,2,36,0,0,41,11,52,16,6,53,13,88,128,26,154,242
02/01/2022,BQN,PR,ASO,ES,Federal Contract Tower,25,8,8,1,42,0,0,40,8,48,25,8,48,9,90,114,16,130,220
02/02/2022,BQN,PR,ASO,ES,Federal Contract Tower,20,3,8,1,32,0,0,21,2,23,20,3,29,3,55,46,0,46,101
02/03/2022,BQN,PR,ASO,ES,Federal Contract Tower,18,6,2,1,27,0,0,37,14,51,18,6,39,15,78,76,38,114,192
02/04/2022,BQN,PR,ASO,ES,Federal Contract Tower,19,5,0,2,26,0,0,19,8,27,19,5,19,10,53,30,38,68,121
02/05/2022,BQN,PR,ASO,ES,Federal Contract Tower,4,0,2,0,6,0,0,5,1,6,4,0,7,1,12,0,0,0,12
02/06/2022,BQN,PR,ASO,ES,Federal Contract Tower,8,0,2,0,10,0,0,0,0,0,8,0,2,0,10,0,0,0,10
02/07/2022,BQN,PR,ASO,ES,Federal Contract Tower,20,5,3,1,29,0,0,29,12,41,20,5,32,13,70,42,84,126,196
02/08/2022,BQN,PR,ASO,ES,Federal Contract Tower,18,6,1,0,25,0,0,26,14,40,18,6,27,14,65,22,32,54,119
02/09/2022,BQN,PR,ASO,ES,Federal Contract Tower,18,6,4,0,28,0,0,18,4,22,18,6,22,4,50,20,10,30,80
02/10/2022,BQN,PR,ASO,ES,Federal Contract Tower,19,6,6,0,31,0,0,18,6,24,19,6,24,6,55,28,48,76,131
02/11/2022,BQN,PR,ASO,ES,Federal Contract Tower,16,7,5,0,28,0,0,31,3,34,16,7,36,3,62,68,14,82,144
02/12/2022,BQN,PR,ASO,ES,Federal Contract Tower,5,0,6,0,11,0,0,11,1,12,5,0,17,1,23,28,0,28,51
02/13/2022,BQN,PR,ASO,ES,Federal Contract Tower,8,0,2,0,10,0,0,14,2,16,8,0,16,2,26,26,0,26,52
02/14/2022,BQN,PR,ASO,ES,Federal Contract Tower,18,6,14,1,39,0,0,30,10,40,18,6,44,11,79,58,40,98,177
02/15/2022,BQN,PR,ASO,ES,Federal Contract Tower,22,6,5,2,35,0,0,44,11,55,22,6,49,13,90,50,34,84,174
02/16/2022,BQN,PR,ASO,ES,Federal Contract Tower,21,6,0,1,28,0,0,37,12,49,21,6,37,13,77,84,38,122,199
02/17/2022,BQN,PR,ASO,ES,Federal Contract Tower,16,10,3,0,29,0,0,60,24,84,16,10,63,24,113,80,4,84,197
02/18/2022,BQN,PR,ASO,ES,Federal Contract Tower,21,6,8,0,35,0,0,53,14,67,21,6,61,14,102,0,14,14,116
02/19/2022,BQN,PR,ASO,ES,Federal Contract Tower,8,0,2,0,10,0,0,27,2,29,8,0,29,2,39,40,6,46,85
02/20/2022,BQN,PR,ASO,ES,Federal Contract Tower,6,0,8,0,14,0,0,26,8,34,6,0,34,8,48,42,0,42,90
02/21/2022,BQN,PR,ASO,ES,Federal Contract Tower,11,7,7,0,25,0,0,25,10,35,11,7,32,10,60,46,14,60,120
02/22/2022,BQN,PR,ASO,ES,Federal Contract Tower,20,6,5,0,31,0,0,66,11,77,20,6,71,11,108,90,0,90,198
02/23/2022,BQN,PR,ASO,ES,Federal Contract Tower,15,7,5,3,30,0,0,28,18,46,15,7,33,21,76,54,54,108,184
02/24/2022,BQN,PR,ASO,ES,Federal Contract Tower,17,5,2,0,24,0,0,24,3,27,17,5,26,3,51,48,4,52,103
02/25/2022,BQN,PR,ASO,ES,Federal Contract Tower,16,8,2,0,26,0,0,84,19,103,16,8,86,19,129,114,82,196,325
02/26/2022,BQN,PR,ASO,ES,Federal Contract Tower,6,1,2,0,9,0,0,17,1,18,6,1,19,1,27,20,0,20,47
02/27/2022,BQN,PR,ASO,ES,Federal Contract Tower,2,0,7,0,9,0,0,7,2,9,2,0,14,2,18,4,0,4,22
02/28/2022,BQN,PR,ASO,ES,Federal Contract Tower,10,4,6,1,21,0,0,24,12,36,10,4,30,13,57,44,34,78,135
03/01/2022,BQN,PR,ASO,ES,Federal Contract Tower,20,9,2,0,31,0,0,60,24,84,20,9,62,24,115,54,36,90,205
03/02/2022,BQN,PR,ASO,ES,Federal Contract Tower,21,7,5,0,33,0,0,35,20,55,21,7,40,20,88,22,48,70,158
03/03/2022,BQN,PR,ASO,ES,Federal Contract Tower,13,8,4,0,25,0,0,33,12,45,13,8,37,12,70,50,28,78,148
03/04/2022,BQN,PR,ASO,ES,Federal Contract Tower,24,4,9,1,38,0,0,90,1,91,24,4,99,2,129,64,0,64,193
03/05/2022,BQN,PR,ASO,ES,Federal Contract Tower,4,0,6,0,10,0,0,31,4,35,4,0,37,4,45,10,0,10,55
03/06/2022,BQN,PR,ASO,ES,Federal Contract Tower,4,0,2,0,6,0,0,10,4,14,4,0,12,4,20,0,0,0,20
03/07/2022,BQN,PR,ASO,ES,Federal Contract Tower,12,8,5,0,25,0,0,30,11,41,12,8,35,11,66,56,70,126,192
03/08/2022,BQN,PR,ASO,ES,Federal Contract Tower,18,8,1,0,27,0,0,37,13,50,18,8,38,13,77,46,0,46,123
03/09/2022,BQN,PR,ASO,ES,Federal Contract Tower,14,8,1,0,23,0,0,34,12,46,14,8,35,12,69,82,94,176,245
03/10/2022,BQN,PR,ASO,ES,Federal Contract Tower,16,6,3,2,27,0,0,34,8,42,16,6,37,10,69,78,2,80,149
03/11/2022,BQN,PR,ASO,ES,Federal Contract Tower,22,7,5,0,34,0,0,40,12,52,22,7,45,12,86,64,22,86,172
03/12/2022,BQN,PR,ASO,ES,Federal Contract Tower,5,0,9,2,16,0,0,36,2,38,5,0,45,4,54,34,0,34,88
03/13/2022,BQN,PR,ASO,ES,Federal Contract Tower,4,0,4,2,10,0,0,14,3,17,4,0,18,5,27,0,0,0,27
03/14/2022,BQN,PR,ASO,ES,Federal Contract Tower,16,4,1,1,22,0,0,36,10,46,16,4,37,11,68,32,85,117,185
03/15/2022,BQN,PR,ASO,ES,Federal Contract Tower,19,6,1,0,26,0,0,50,18,68,19,6,51,18,94,46,62,108,202
03/16/2022,BQN,PR,ASO,ES,Federal Contract Tower,16,6,5,8,35,0,0,25,15,40,16,6,30,23,75,52,46,98,173
03/17/2022,BQN,PR,ASO,ES,Federal Contract Tower,18,7,2,0,27,0,0,40,16,56,18,7,42,16,83,48,0,48,131
03/18/2022,BQN,PR,ASO,ES,Federal Contract Tower,17,11,4,0,32,0,0,59,7,66,17,11,63,7,98,32,28,60,158
03/19/2022,BQN,PR,ASO,ES,Federal Contract Tower,5,0,3,0,8,0,0,50,5,55,5,0,53,5,63,48,0,48,111
03/20/2022,BQN,PR,ASO,ES,Federal Contract Tower,4,0,4,0,8,0,0,31,2,33,4,0,35,2,41,4,0,4,45
03/21/2022,BQN,PR,ASO,ES,Federal Contract Tower,17,4,3,2,26,0,0,20,12,32,17,4,23,14,58,26,60,86,144
03/22/2022,BQN,PR,ASO,ES,Federal Contract Tower,22,7,4,0,33,0,0,30,14,44,22,7,34,14,77,32,22,54,131
03/23/2022,BQN,PR,ASO,ES,Federal Contract Tower,16,9,7,1,33,0,0,23,15,38,16,9,30,16,71,22,44,66,137
03/24/2022,BQN,PR,ASO,ES,Federal Contract Tower,24,10,2,0,36,0,0,43,19,62,24,10,45,19,98,44,2,46,144
03/25/2022,BQN,PR,ASO,ES,Federal Contract Tower,20,5,7,1,33,0,0,53,13,66,20,5,60,14,99,56,62,118,217
03/26/2022,BQN,PR,ASO,ES,Federal Contract Tower,7,0,7,0,14,0,0,9,1,10,7,0,16,1,24,6,0,6,30
03/27/2022,BQN,PR,ASO,ES,Federal Contract Tower,9,0,5,0,14,3,0,20,8,31,12,0,25,8,45,10,0,10,55
03/28/2022,BQN,PR,ASO,ES,Federal Contract Tower,19,1,5,2,27,0,0,21,6,27,19,1,26,8,54,36,78,114,168
03/29/2022,BQN,PR,ASO,ES,Federal Contract Tower,19,9,0,0,28,0,0,31,21,52,19,9,31,21,80,36,40,76,156
03/30/2022,BQN,PR,ASO,ES,Federal Contract Tower,16,4,5,1,26,0,0,29,12,41,16,4,34,13,67,56,34,90,157
03/31/2022,BQN,PR,ASO,ES,Federal Contract Tower,16,8,3,1,28,0,0,31,10,41,16,8,34,11,69,46,0,46,115
04/01/2022,BQN,PR,ASO,ES,Federal Contract Tower,21,8,5,2,36,0,0,43,2,45,21,8,48,4,81,28,14,42,123
04/02/2022,BQN,PR,ASO,ES,Federal Contract Tower,4,0,4,1,9,0,0,14,8,22,4,0,18,9,31,20,0,20,51
04/03/2022,BQN,PR,ASO,ES,Federal Contract Tower,6,0,5,1,12,0,0,21,5,26,6,0,26,6,38,10,0,10,48
04/04/2022,BQN,PR,ASO,ES,Federal Contract Tower,15,5,11,5,36,0,0,35,12,47,15,5,46,17,83,48,56,104,187
04/05/2022,BQN,PR,ASO,ES,Federal Contract Tower,18,7,2,1,28,0,0,28,16,44,18,7,30,17,72,20,34,54,126
04/06/2022,BQN,PR,ASO,ES,Federal Contract Tower,17,5,9,0,31,0,0,55,2,57,17,5,64,2,88,48,0,48,136
04/07/2022,BQN,PR,ASO,ES,Federal Contract Tower,16,7,1,3,27,0,0,12,11,23,16,7,13,14,50,4,6,10,60
04/08/2022,BQN,PR,ASO,ES,Federal Contract Tower,17,7,5,0,29,0,0,25,6,31,17,7,30,6,60,34,76,110,170
04/09/2022,BQN,PR,ASO,ES,Federal Contract Tower,7,1,4,1,13,0,0,37,3,40,7,1,41,4,53,6,0,6,59
04/10/2022,BQN,PR,ASO,ES,Federal Contract Tower,7,0,6,0,13,0,0,22,2,24,7,0,28,2,37,0,0,0,37
04/11/2022,BQN,PR,ASO,ES,Federal Contract Tower,18,7,1,1,27,0,0,32,11,43,18,7,33,12,70,34,20,54,124
04/12/2022,BQN,PR,ASO,ES,Federal Contract Tower,21,8,3,2,34,0,0,55,14,69,21,8,58,16,103,48,32,80,183
04/13/2022,BQN,PR,ASO,ES,Federal Contract Tower,17,6,3,1,27,0,0,51,8,59,17,6,54,9,86,40,30,70,156
04/14/2022,BQN,PR,ASO,ES,Federal Contract Tower,14,4,5,0,23,0,0,22,9,31,14,4,27,9,54,12,0,12,66
04/15/2022,BQN,PR,ASO,ES,Federal Contract Tower,8,3,2,2,15,0,0,46,10,56,8,3,48,12,71,22,0,22,93
04/16/2022,BQN,PR,ASO,ES,Federal Contract Tower,4,0,2,1,7,0,0,5,3,8,4,0,7,4,15,0,0,0,15
04/17/2022,BQN,PR,ASO,ES,Federal Contract Tower,6,0,9,0,15,0,0,14,1,15,6,0,23,1,30,0,0,0,30
04/18/2022,BQN,PR,ASO,ES,Federal Contract Tower,12,3,4,1,20,0,0,25,9,34,12,3,29,10,54,26,26,52,106
04/19/2022,BQN,PR,ASO,ES,Federal Contract Tower,21,9,4,3,37,0,0,70,13,83,21,9,74,16,120,40,0,40,160
04/20/2022,BQN,PR,ASO,ES,Federal Contract Tower,18,7,7,2,34,0,0,32,20,52,18,7,39,22,86,26,32,58,144
04/21/2022,BQN,PR,ASO,ES,Federal Contract Tower,21,6,5,0,32,0,0,43,24,67,21,6,48,24,99,18,56,74,173
04/22/2022,BQN,PR,ASO,ES,Federal Contract Tower,19,7,3,2,31,0,0,21,24,45,19,7,24,26,76,12,48,60,136
04/23/2022,BQN,PR,ASO,ES,Federal Contract Tower,3,0,2,3,8,0,0,24,1,25,3,0,26,4,33,10,0,10,43
04/24/2022,BQN,PR,ASO,ES,Federal Contract Tower,4,0,9,2,15,0,0,14,2,16,4,0,23,4,31,6,0,6,37
04/25/2022,BQN,PR,ASO,ES,Federal Contract Tower,21,2,5,0,28,0,0,23,15,38,21,2,28,15,66,36,78,114,180
04/26/2022,BQN,PR,ASO,ES,Federal Contract Tower,22,7,3,0,32,0,0,47,14,61,22,7,50,14,93,34,22,56,149
04/27/2022,BQN,PR,ASO,ES,Federal Contract Tower,19,4,4,2,29,0,0,57,2,59,19,4,61,4,88,94,0,94,182
04/28/2022,BQN,PR,ASO,ES,Federal Contract Tower,16,6,5,0,27,0,0,47,20,67,16,6,52,20,94,90,0,90,184
04/29/2022,BQN,PR,ASO,ES,Federal Contract Tower,22,3,4,1,30,0,0,61,14,75,22,3,65,15,105,22,82,104,209
04/30/2022,BQN,PR,ASO,ES,Federal Contract Tower,4,1,2,0,7,0,0,0,6,6,4,1,2,6,13,0,0,0,13
05/01/2022,BQN,PR,ASO,ES,Federal Contract Tower,5,0,2,2,9,0,0,8,2,10,5,0,10,4,19,12,0,12,31
05/02/2022,BQN,PR,ASO,ES,Federal Contract Tower,12,4,3,1,20,0,0,20,7,27,12,4,23,8,47,40,16,56,103
05/03/2022,BQN,PR,ASO,ES,Federal Contract Tower,19,8,0,2,29,0,0,28,22,50,19,8,28,24,79,40,26,66,145
05/04/2022,BQN,PR,ASO,ES,Federal Contract Tower,26,5,5,2,38,0,0,26,6,32,26,5,31,8,70,42,20,62,132
05/05/2022,BQN,PR,ASO,ES,Federal Contract Tower,19,6,1,0,26,0,0,28,14,42,19,6,29,14,68,28,4,32,100
05/06/2022,BQN,PR,ASO,ES,Federal Contract Tower,30,4,2,0,36,0,0,30,5,35,30,4,32,5,71,44,0,44,115
05/07/2022,BQN,PR,ASO,ES,Federal Contract Tower,7,0,1,0,8,0,0,35,5,40,7,0,36,5,48,22,0,22,70
05/08/2022,BQN,PR,ASO,ES,Federal Contract Tower,9,0,3,0,12,0,0,15,7,22,9,0,18,7,34,0,0,0,34
05/09/2022,BQN,PR,ASO,ES,Federal Contract Tower,31,4,6,0,41,0,0,38,8,46,31,4,44,8,87,34,20,54,141
05/10/2022,BQN,PR,ASO,ES,Federal Contract Tower,21,7,1,0,29,0,0,84,32,116,21,7,85,32,145,66,44,110,255
05/11/2022,BQN,PR,ASO,ES,Federal Contract Tower,27,7,4,0,38,0,0,37,4,41,27,7,41,4,79,90,0,90,169
05/12/2022,BQN,PR,ASO,ES,Federal Contract Tower,21,7,5,0,33,0,0,41,23,64,21,7,46,23,97,38,0,38,135
05/13/2022,BQN,PR,ASO,ES,Federal Contract Tower,22,3,5,0,30,0,0,30,9,39,22,3,35,9,69,38,0,38,107
05/14/2022,BQN,PR,ASO,ES,Federal Contract Tower,6,0,2,0,8,0,0,31,4,35,6,0,33,4,43,22,0,22,65
05/15/2022,BQN,PR,ASO,ES,Federal Contract Tower,8,0,3,1,12,0,0,12,5,17,8,0,15,6,29,16,0,16,45
05/16/2022,BQN,PR,ASO,ES,Federal Contract Tower,27,3,2,0,32,0,0,42,10,52,27,3,44,10,84,78,22,100,184
05/17/2022,BQN,PR,ASO,ES,Federal Contract Tower,22,9,4,0,35,0,0,48,11,59,22,9,52,11,94,54,12,66,160
05/18/2022,BQN,PR,ASO,ES,Federal Contract Tower,29,4,1,0,34,0,0,46,10,56,29,4,47,10,90,102,0,102,192
05/19/2022,BQN,PR,ASO,ES,Federal Contract Tower,22,3,2,0,27,0,0,29,11,40,22,3,31,11,67,62,26,88,155
05/20/2022,BQN,PR,ASO,ES,Federal Contract Tower,26,4,4,0,34,0,0,39,11,50,26,4,43,11,84,56,38,94,178
05/21/2022,BQN,PR,ASO,ES,Federal Contract Tower,10,0,3,0,13,0,0,23,3,26,10,0,26,3,39,18,0,18,57
05/22/2022,BQN,PR,ASO,ES,Federal Contract Tower,9,0,5,0,14,0,0,8,2,10,9,0,13,2,24,10,10,20,44
05/23/2022,BQN,PR,ASO,ES,Federal Contract Tower,27,3,1,0,31,0,0,40,12,52,27,3,41,12,83,54,48,102,185
05/24/2022,BQN,PR,ASO,ES,Federal Contract Tower,22,5,2,0,29,0,0,31,13,44,22,5,33,13,73,52,70,122,195
05/25/2022,BQN,PR,ASO,ES,Federal Contract Tower,27,5,2,0,34,0,0,34,9,43,27,5,36,9,77,36,16,52,129
05/26/2022,BQN,PR,ASO,ES,Federal Contract Tower,23,2,4,0,29,0,0,40,14,54,23,2,44,14,83,34,8,42,125
05/27/2022,BQN,PR,ASO,ES,Federal Contract Tower,25,2,4,0,31,0,0,23,4,27,25,2,27,4,58,18,0,18,76
05/28/2022,BQN,PR,ASO,ES,Federal Contract Tower,9,1,5,0,15,0,0,12,7,19,9,1,17,7,34,0,20,20,54
05/29/2022,BQN,PR,ASO,ES,Federal Contract Tower,6,0,2,0,8,0,0,5,7,12,6,0,7,7,20,0,32,32,52
05/30/2022,BQN,PR,ASO,ES,Federal Contract Tower,8,0,2,1,11,0,0,21,5,26,8,0,23,6,37,0,0,0,37
05/31/2022,BQN,PR,ASO,ES,Federal Contract Tower,24,6,2,1,33,0,0,44,16,60,24,6,46,17,93,56,34,90,183
06/01/2022,BQN,PR,ASO,ES,Federal Contract Tower,23,6,2,1,32,0,0,42,13,55,23,6,44,14,87,80,40,120,207
06/02/2022,BQN,PR,ASO,ES,Federal Contract Tower,22,2,5,0,29,0,0,19,5,24,22,2,24,5,53,50,0,50,103
06/03/2022,BQN,PR,ASO,ES,Federal Contract Tower,31,5,3,0,39,0,0,21,4,25,31,5,24,4,64,28,30,58,122
06/04/2022,BQN,PR,ASO,ES,Federal Contract Tower,6,0,0,0,6,0,0,7,2,9,6,0,7,2,15,2,0,2,17
06/05/2022,BQN,PR,ASO,ES,Federal Contract Tower,8,0,3,0,11,0,0,5,5,10,8,0,8,5,21,0,2,2,23
06/06/2022,BQN,PR,ASO,ES,Federal Contract Tower,23,3,4,4,34,1,0,36,10,47,24,3,40,14,81,44,40,84,165
06/07/2022,BQN,PR,ASO,ES,Federal Contract Tower,24,10,3,5,42,0,0,38,14,52,24,10,41,19,94,52,40,92,186
06/08/2022,BQN,PR,ASO,ES,Federal Contract Tower,26,4,3,6,39,0,0,54,8,62,26,4,57,14,101,46,6,52,153
06/09/2022,BQN,PR,ASO,ES,Federal Contract Tower,18,10,3,3,34,0,0,51,24,75,18,10,54,27,109,32,20,52,161
06/10/2022,BQN,PR,ASO,ES,Federal Contract Tower,29,4,6,0,39,0,0,36,2,38,29,4,42,2,77,24,4,28,105
06/11/2022,BQN,PR,ASO,ES,Federal Contract Tower,9,2,7,1,19,0,0,6,10,16,9,2,13,11,35,0,24,24,59
06/12/2022,BQN,PR,ASO,ES,Federal Contract Tower,11,0,0,0,11,0,0,16,5,21,11,0,16,5,32,0,8,8,40
06/13/2022,BQN,PR,ASO,ES,Federal Contract Tower,24,6,6,1,37,0,0,28,12,40,24,6,34,13,77,32,62,94,171
06/14/2022,BQN,PR,ASO,ES,Federal Contract Tower,25,5,0,0,30,0,0,37,19,56,25,5,37,19,86,32,36,68,154
06/15/2022,BQN,PR,ASO,ES,Federal Contract Tower,27,6,5,0,38,0,0,32,15,47,27,6,37,15,85,30,96,126,211
06/16/2022,BQN,PR,ASO,ES,Federal Contract Tower,22,6,5,3,36,0,0,25,3,28,22,6,30,6,64,12,6,18,82
06/17/2022,BQN,PR,ASO,ES,Federal Contract Tower,28,3,5,0,36,0,0,39,2,41,28,3,44,2,77,11,0,11,88
06/18/2022,BQN,PR,ASO,ES,Federal Contract Tower,7,0,2,0,9,0,0,16,7,23,7,0,18,7,32,4,20,24,56
06/19/2022,BQN,PR,ASO,ES,Federal Contract Tower,9,0,1,0,10,0,0,9,5,14,9,0,10,5,24,6,0,6,30
06/20/2022,BQN,PR,ASO,ES,Federal Contract Tower,23,8,6,0,37,0,0,34,8,42,23,8,40,8,79,34,36,70,149
06/21/2022,BQN,PR,ASO,ES,Federal Contract Tower,20,7,11,1,39,0,0,44,15,59,20,7,55,16,98,44,34,78,176
06/22/2022,BQN,PR,ASO,ES,Federal Contract Tower,25,3,1,0,29,0,0,30,14,44,25,3,31,14,73,8,64,72,145
06/23/2022,BQN,PR,ASO,ES,Federal Contract Tower,24,5,0,0,29,0,0,36,9,45,24,5,36,9,74,16,18,34,108
06/24/2022,BQN,PR,ASO,ES,Federal Contract Tower,28,5,3,0,36,0,0,54,11,65,28,5,57,11,101,46,28,74,175
06/25/2022,BQN,PR,ASO,ES,Federal Contract Tower,4,0,3,0,7,0,0,27,9,36,4,0,30,9,43,20,20,40,83
06/26/2022,BQN,PR,ASO,ES,Federal Contract Tower,10,0,8,0,18,0,0,15,4,19,10,0,23,4,37,4,0,4,41
06/27/2022,BQN,PR,ASO,ES,Federal Contract Tower,28,3,5,0,36,0,0,32,14,46,28,3,37,14,82,34,34,68,150
06/28/2022,BQN,PR,ASO,ES,Federal Contract Tower,22,5,1,2,30,0,0,42,17,59,22,5,43,19,89,36,42,78,167
06/29/2022,BQN,PR,ASO,ES,Federal Contract Tower,27,4,1,2,34,0,0,47,8,55,27,4,48,10,89,58,2,60,149
06/30/2022,BQN,PR,ASO,ES,Federal Contract Tower,21,4,4,0,29,0,0,14,12,26,21,4,18,12,55,16,2,18,73
07/01/2022,BQN,PR,ASO,ES,Federal Contract Tower,25,2,10,0,37,0,0,27,3,30,25,2,37,3,67,16,0,16,83
07/02/2022,BQN,PR,ASO,ES,Federal Contract Tower,9,0,2,0,11,0,0,2,1,3,9,0,4,1,14,0,0,0,14
07/03/2022,BQN,PR,ASO,ES,Federal Contract Tower,10,0,2,2,14,0,0,1,2,3,10,0,3,4,17,0,26,26,43
07/04/2022,BQN,PR,ASO,ES,Federal Contract Tower,13,0,0,0,13,0,0,12,8,20,13,0,12,8,33,0,0,0,33
07/05/2022,BQN,PR,ASO,ES,Federal Contract Tower,25,6,5,0,36,0,0,31,13,44,25,6,36,13,80,26,32,58,138
07/06/2022,BQN,PR,ASO,ES,Federal Contract Tower,26,10,2,0,38,0,0,26,10,36,26,10,28,10,74,22,30,52,126
07/07/2022,BQN,PR,ASO,ES,Federal Contract Tower,25,4,1,0,30,0,0,22,12,34,25,4,23,12,64,40,18,58,122
07/08/2022,BQN,PR,ASO,ES,Federal Contract Tower,32,6,7,0,45,0,0,27,6,33,32,6,34,6,78,40,0,40,118
07/09/2022,BQN,PR,ASO,ES,Federal Contract Tower,8,0,2,0,10,0,0,19,3,22,8,0,21,3,32,10,0,10,42
07/10/2022,BQN,PR,ASO,ES,Federal Contract Tower,10,0,3,0,13,0,0,14,4,18,10,0,17,4,31,16,0,16,47
07/11/2022,BQN,PR,ASO,ES,Federal Contract Tower,24,5,2,1,32,0,0,28,13,41,24,5,30,14,73,30,70,100,173
07/12/2022,BQN,PR,ASO,ES,Federal Contract Tower,24,7,2,1,34,0,0,44,13,57,24,7,46,14,91,40,26,66,157
07/13/2022,BQN,PR,ASO,ES,Federal Contract Tower,22,6,6,1,35,0,0,23,7,30,22,6,29,8,65,34,28,62,127
07/14/2022,BQN,PR,ASO,ES,Federal Contract Tower,17,12,4,2,35,0,0,35,12,47,17,12,39,14,82,48,0,48,130
07/15/2022,BQN,PR,ASO,ES,Federal Contract Tower,26,7,3,0,36,0,0,70,4,74,26,7,73,4,110,58,28,86,196
07/16/2022,BQN,PR,ASO,ES,Federal Contract Tower,9,0,0,0,9,0,0,44,9,53,9,0,44,9,62,22,0,22,84
07/17/2022,BQN,PR,ASO,ES,Federal Contract Tower,10,0,1,0,11,0,0,20,4,24,10,0,21,4,35,28,18,46,81
07/18/2022,BQN,PR,ASO,ES,Federal Contract Tower,22,6,2,2,32,0,0,28,10,38,22,6,30,12,70,36,76,112,182
07/19/2022,BQN,PR,ASO,ES,Federal Contract Tower,20,9,4,0,33,0,0,48,15,63,20,9,52,15,96,88,2,90,186
07/20/2022,BQN,PR,ASO,ES,Federal Contract Tower,21,9,0,0,30,0,0,37,13,50,21,9,37,13,80,56,30,86,166
07/21/2022,BQN,PR,ASO,ES,Federal Contract Tower,19,8,3,1,31,0,0,27,21,48,19,8,30,22,79,12,4,16,95
07/22/2022,BQN,PR,ASO,ES,Federal Contract Tower,28,3,2,0,33,0,0,33,9,42,28,3,35,9,75,32,36,68,143
07/23/2022,BQN,PR,ASO,ES,Federal Contract Tower,9,0,4,0,13,0,0,72,5,77,9,0,76,5,90,74,0,74,164
07/24/2022,BQN,PR,ASO,ES,Federal Contract Tower,11,0,0,0,11,0,0,27,8,35,11,0,27,8,46,38,0,38,84
07/25/2022,BQN,PR,ASO,ES,Federal Contract Tower,21,4,1,1,27,0,0,27,13,40,21,4,28,14,67,46,18,64,131
07/26/2022,BQN,PR,ASO,ES,Federal Contract Tower,24,7,0,1,32,0,0,76,20,96,24,7,76,21,128,38,10,48,176
07/27/2022,BQN,PR,ASO,ES,Federal Contract Tower,23,6,8,0,37,0,0,86,9,95,23,6,94,9,132,50,12,62,194
07/28/2022,BQN,PR,ASO,ES,Federal Contract Tower,19,9,1,0,29,0,0,55,19,74,19,9,56,19,103,44,2,46,149
07/30/2022,BQN,PR,ASO,ES,Federal Contract Tower,8,0,7,0,15,0,0,21,8,29,8,0,28,8,44,30,0,30,74
07/31/2022,BQN,PR,ASO,ES,Federal Contract Tower,14,0,2,1,17,0,0,22,1,23,14,0,24,2,40,6,0,6,46
08/01/2022,BQN,PR,ASO,ES,Federal Contract Tower,20,5,2,0,27,0,0,33,11,44,20,5,35,11,71,44,46,90,161
08/02/2022,BQN,PR,ASO,ES,Federal Contract Tower,22,7,0,2,31,0,0,58,13,71,22,7,58,15,102,74,18,92,194
08/03/2022,BQN,PR,ASO,ES,Federal Contract Tower,29,9,0,1,39,0,0,55,10,65,29,9,55,11,104,52,26,78,182
08/04/2022,BQN,PR,ASO,ES,Federal Contract Tower,23,7,6,0,36,0,0,58,8,66,23,7,64,8,102,46,0,46,148
08/05/2022,BQN,PR,ASO,ES,Federal Contract Tower,25,6,0,0,31,0,0,61,5,66,25,6,61,5,97,68,0,68,165
08/06/2022,BQN,PR,ASO,ES,Federal Contract Tower,10,0,7,0,17,0,0,16,5,21,10,0,23,5,38,34,4,38,76
08/07/2022,BQN,PR,ASO,ES,Federal Contract Tower,12,0,4,0,16,0,0,4,2,6,12,0,8,2,22,18,0,18,40
08/08/2022,BQN,PR,ASO,ES,Federal Contract Tower,22,7,2,0,31,0,0,46,13,59,22,7,48,13,90,48,38,86,176
08/09/2022,BQN,PR,ASO,ES,Federal Contract Tower,26,4,2,0,32,0,0,77,18,95,26,4,79,18,127,32,20,52,179
08/10/2022,BQN,PR,ASO,ES,Federal Contract Tower,24,11,5,0,40,0,0,63,0,63,24,11,68,0,103,36,0,36,139
08/11/2022,BQN,PR,ASO,ES,Federal Contract Tower,20,10,5,3,38,0,0,66,12,78,20,10,71,15,116,54,0,54,170
08/12/2022,BQN,PR,ASO,ES,Federal Contract Tower,27,5,0,1,33,0,0,43,6,49,27,5,43,7,82,32,0,32,114
08/13/2022,BQN,PR,ASO,ES,Federal Contract Tower,10,0,6,0,16,0,0,26,2,28,10,0,32,2,44,32,0,32,76
08/14/2022,BQN,PR,ASO,ES,Federal Contract Tower,10,0,5,1,16,0,0,21,4,25,10,0,26,5,41,28,0,28,69
08/15/2022,BQN,PR,ASO,ES,Federal Contract Tower,23,6,3,1,33,0,0,31,12,43,23,6,34,13,76,36,32,68,144
08/16/2022,BQN,PR,ASO,ES,Federal Contract Tower,24,6,2,0,32,0,0,76,17,93,24,6,78,17,125,36,22,58,183
08/17/2022,BQN,PR,ASO,ES,Federal Contract Tower,25,4,4,1,34,0,0,45,15,60,25,4,49,16,94,34,64,98,192
08/18/2022,BQN,PR,ASO,ES,Federal Contract Tower,19,12,2,0,33,0,0,61,15,76,19,12,63,15,109,68,4,72,181
08/19/2022,BQN,PR,ASO,ES,Federal Contract Tower,31,4,3,0,38,0,0,32,7,39,31,4,35,7,77,22,8,30,107
08/20/2022,BQN,PR,ASO,ES,Federal Contract Tower,6,2,3,0,11,0,0,4,6,10,6,2,7,6,21,0,30,30,51
08/21/2022,BQN,PR,ASO,ES,Federal Contract Tower,10,0,0,0,10,0,0,10,7,17,10,0,10,7,27,14,0,14,41
08/22/2022,BQN,PR,ASO,ES,Federal Contract Tower,25,8,1,1,35,0,0,35,15,50,25,8,36,16,85,44,34,78,163
08/23/2022,BQN,PR,ASO,ES,Federal Contract Tower,24,7,1,0,32,0,0,45,25,70,24,7,46,25,102,40,36,76,178
08/24/2022,BQN,PR,ASO,ES,Federal Contract Tower,23,6,5,0,34,0,0,42,21,63,23,6,47,21,97,20,28,48,145
08/25/2022,BQN,PR,ASO,ES,Federal Contract Tower,18,13,4,2,37,0,0,52,22,74,18,13,56,24,111,38,2,40,151
08/26/2022,BQN,PR,ASO,ES,Federal Contract Tower,33,6,1,0,40,0,0,60,2,62,33,6,61,2,102,8,0,8,110
08/27/2022,BQN,PR,ASO,ES,Federal Contract Tower,8,0,0,1,9,0,0,19,1,20,8,0,19,2,29,2,0,2,31
08/28/2022,BQN,PR,ASO,ES,Federal Contract Tower,10,0,5,0,15,0,0,15,1,16,10,0,20,1,31,10,0,10,41
08/29/2022,BQN,PR,ASO,ES,Federal Contract Tower,26,5,4,0,35,0,0,33,11,44,26,5,37,11,79,46,36,82,161
08/30/2022,BQN,PR,ASO,ES,Federal Contract Tower,22,8,3,0,33,0,0,55,24,79,22,8,58,24,112,46,24,70,182
08/31/2022,BQN,PR,ASO,ES,Federal Contract Tower,23,8,4,0,35,0,0,27,33,60,23,8,31,33,95,38,54,92,187
09/01/2022,BQN,PR,ASO,ES,Federal Contract Tower,19,10,6,0,35,0,0,48,12,60,19,10,54,12,95,64,12,76,171
09/02/2022,BQN,PR,ASO,ES,Federal Contract Tower,28,8,2,0,38,0,0,56,4,60,28,8,58,4,98,2,0,2,100
09/03/2022,BQN,PR,ASO,ES,Federal Contract Tower,6,0,0,0,6,0,0,5,8,13,6,0,5,8,19,4,4,8,27
09/04/2022,BQN,PR,ASO,ES,Federal Contract Tower,14,0,2,0,16,0,0,8,6,14,14,0,10,6,30,0,4,4,34
09/05/2022,BQN,PR,ASO,ES,Federal Contract Tower,14,0,3,0,17,0,0,24,7,31,14,0,27,7,48,28,44,72,120
09/06/2022,BQN,PR,ASO,ES,Federal Contract Tower,24,6,3,1,34,0,0,47,10,57,24,6,50,11,91,52,26,78,169
09/07/2022,BQN,PR,ASO,ES,Federal Contract Tower,22,11,5,1,39,0,0,58,11,69,22,11,63,12,108,46,0,46,154
09/08/2022,BQN,PR,ASO,ES,Federal Contract Tower,20,10,1,4,35,0,0,60,10,70,20,10,61,14,105,68,0,68,173
09/09/2022,BQN,PR,ASO,ES,Federal Contract Tower,32,8,5,0,45,0,0,35,8,43,32,8,40,8,88,34,0,34,122
09/10/2022,BQN,PR,ASO,ES,Federal Contract Tower,6,0,2,0,8,0,0,31,5,36,6,0,33,5,44,12,0,12,56
09/11/2022,BQN,PR,ASO,ES,Federal Contract Tower,9,0,3,0,12,0,0,11,5,16,9,0,14,5,28,2,6,8,36
09/12/2022,BQN,PR,ASO,ES,Federal Contract Tower,24,10,0,0,34,0,0,27,9,36,24,10,27,9,70,32,12,44,114
09/13/2022,BQN,PR,ASO,ES,Federal Contract Tower,23,8,4,0,35,0,0,40,19,59,23,8,44,19,94,44,18,62,156
09/14/2022,BQN,PR,ASO,ES,Federal Contract Tower,22,6,7,0,35,0,0,38,6,44,22,6,45,6,79,60,16,76,155
09/15/2022,BQN,PR,ASO,ES,Federal Contract Tower,24,11,4,0,39,0,0,50,2,52,24,11,54,2,91,28,0,28,119
09/16/2022,BQN,PR,ASO,ES,Federal Contract Tower,24,8,6,0,38,0,0,27,3,30,24,8,33,3,68,2,4,6,74
09/17/2022,BQN,PR,ASO,ES,Federal Contract Tower,3,0,0,0,3,0,0,0,4,4,3,0,0,4,7,0,0,0,7
09/18/2022,BQN,PR,ASO,ES,Federal Contract Tower,0,0,0,0,0,0,0,0,0,0,0,0,0,0,0,0,0,0,0
09/19/2022,BQN,PR,ASO,ES,Federal Contract Tower,9,1,0,1,11,0,0,5,2,7,9,1,5,3,18,0,0,0,18
09/20/2022,BQN,PR,ASO,ES,Federal Contract Tower,20,9,0,0,29,0,0,48,11,59,20,9,48,11,88,0,0,0,88
09/21/2022,BQN,PR,ASO,ES,Federal Contract Tower,22,10,1,0,33,0,0,71,16,87,22,10,72,16,120,44,2,46,166
09/22/2022,BQN,PR,ASO,ES,Federal Contract Tower,15,15,5,0,35,0,0,52,5,57,15,15,57,5,92,52,0,52,144
09/23/2022,BQN,PR,ASO,ES,Federal Contract Tower,31,9,2,2,44,0,0,38,14,52,31,9,40,16,96,40,38,78,174
09/24/2022,BQN,PR,ASO,ES,Federal Contract Tower,9,1,3,1,14,0,0,36,4,40,9,1,39,5,54,22,0,22,76
09/25/2022,BQN,PR,ASO,ES,Federal Contract Tower,10,0,0,0,10,0,0,20,12,32,10,0,20,12,42,0,12,12,54
09/26/2022,BQN,PR,ASO,ES,Federal Contract Tower,28,7,5,2,42,0,0,39,16,55,28,7,44,18,97,32,40,72,169
09/27/2022,BQN,PR,ASO,ES,Federal Contract Tower,21,9,3,0,33,0,0,61,15,76,21,9,64,15,109,22,80,102,211
09/28/2022,BQN,PR,ASO,ES,Federal Contract Tower,19,7,3,1,30,0,0,41,12,53,19,7,44,13,83,42,54,96,179
09/29/2022,BQN,PR,ASO,ES,Federal Contract Tower,16,10,1,0,27,0,0,29,12,41,16,10,30,12,68,26,0,26,94
09/30/2022,BQN,PR,ASO,ES,Federal Contract Tower,25,4,0,0,29,0,0,33,3,36,25,4,33,3,65,22,0,22,87
10/01/2022,BQN,PR,ASO,ES,Federal Contract Tower,3,0,1,1,5,0,0,27,4,31,3,0,28,5,36,16,0,16,52
10/02/2022,BQN,PR,ASO,ES,Federal Contract Tower,10,0,0,0,10,0,0,11,1,12,10,0,11,1,22,4,0,4,26
10/03/2022,BQN,PR,ASO,ES,Federal Contract Tower,16,13,4,0,33,0,0,37,12,49,16,13,41,12,82,28,42,70,152
10/04/2022,BQN,PR,ASO,ES,Federal Contract Tower,21,9,4,0,34,0,0,71,14,85,21,9,75,14,119,40,34,74,193
10/05/2022,BQN,PR,ASO,ES,Federal Contract Tower,24,9,1,0,34,0,0,62,16,78,24,9,63,16,112,36,82,118,230
10/06/2022,BQN,PR,ASO,ES,Federal Contract Tower,17,9,3,2,31,0,0,61,20,81,17,9,64,22,112,42,16,58,170
10/07/2022,BQN,PR,ASO,ES,Federal Contract Tower,28,10,5,1,44,0,0,57,11,68,28,10,62,12,112,24,48,72,184
10/08/2022,BQN,PR,ASO,ES,Federal Contract Tower,15,0,0,0,15,0,0,64,2,66,15,0,64,2,81,44,0,44,125
10/09/2022,BQN,PR,ASO,ES,Federal Contract Tower,6,0,4,0,10,0,0,18,1,19,6,0,22,1,29,10,0,10,39
10/10/2022,BQN,PR,ASO,ES,Federal Contract Tower,17,12,7,2,38,0,0,49,9,58,17,12,56,11,96,36,30,66,162
10/11/2022,BQN,PR,ASO,ES,Federal Contract Tower,18,9,0,0,27,0,0,106,29,135,18,9,106,29,162,76,58,134,296
10/12/2022,BQN,PR,ASO,ES,Federal Contract Tower,22,10,2,0,34,0,0,90,11,101,22,10,92,11,135,22,28,50,185
10/13/2022,BQN,PR,ASO,ES,Federal Contract Tower,17,11,3,0,31,0,0,74,23,97,17,11,77,23,128,64,30,94,222
10/14/2022,BQN,PR,ASO,ES,Federal Contract Tower,20,9,2,0,31,0,0,70,13,83,20,9,72,13,114,102,6,108,222
10/15/2022,BQN,PR,ASO,ES,Federal Contract Tower,4,2,0,1,7,0,0,46,2,48,4,2,46,3,55,36,0,36,91
10/16/2022,BQN,PR,ASO,ES,Federal Contract Tower,9,0,0,0,9,0,0,21,5,26,9,0,21,5,35,12,0,12,47
10/17/2022,BQN,PR,ASO,ES,Federal Contract Tower,16,7,1,0,24,1,0,36,12,49,17,7,37,12,73,52,92,144,217
10/18/2022,BQN,PR,ASO,ES,Federal Contract Tower,22,8,4,2,36,0,0,69,27,96,22,8,73,29,132,26,40,66,198
10/19/2022,BQN,PR,ASO,ES,Federal Contract Tower,14,10,2,0,26,0,0,73,17,90,14,10,75,17,116,86,16,102,218
10/20/2022,BQN,PR,ASO,ES,Federal Contract Tower,17,11,4,1,33,0,0,50,27,77,17,11,54,28,110,84,34,118,228
10/21/2022,BQN,PR,ASO,ES,Federal Contract Tower,22,9,3,0,34,0,0,62,7,69,22,9,65,7,103,76,8,84,187
10/22/2022,BQN,PR,ASO,ES,Federal Contract Tower,8,0,0,1,9,0,0,76,4,80,8,0,76,5,89,50,0,50,139
10/23/2022,BQN,PR,ASO,ES,Federal Contract Tower,8,0,1,0,9,0,0,32,2,34,8,0,33,2,43,4,0,4,47
10/24/2022,BQN,PR,ASO,ES,Federal Contract Tower,21,4,1,0,26,0,0,44,10,54,21,4,45,10,80,74,38,112,192
10/25/2022,BQN,PR,ASO,ES,Federal Contract Tower,20,9,1,1,31,0,0,67,15,82,20,9,68,16,113,48,10,58,171
10/26/2022,BQN,PR,ASO,ES,Federal Contract Tower,14,7,1,1,23,0,0,24,9,33,14,7,25,10,56,0,30,30,86
10/27/2022,BQN,PR,ASO,ES,Federal Contract Tower,21,6,0,0,27,0,0,29,20,49,21,6,29,20,76,24,54,78,154
10/28/2022,BQN,PR,ASO,ES,Federal Contract Tower,19,7,2,0,28,0,0,88,9,97,19,7,90,9,125,50,24,74,199
10/29/2022,BQN,PR,ASO,ES,Federal Contract Tower,4,0,4,0,8,0,0,36,3,39,4,0,40,3,47,66,0,66,113
10/30/2022,BQN,PR,ASO,ES,Federal Contract Tower,7,0,0,0,7,0,0,22,6,28,7,0,22,6,35,0,0,0,35
10/31/2022,BQN,PR,ASO,ES,Federal Contract Tower,22,6,6,0,34,0,0,43,9,52,22,6,49,9,86,40,48,88,174
11/01/2022,BQN,PR,ASO,ES,Federal Contract Tower,25,6,4,0,35,0,0,79,21,100,25,6,83,21,135,40,44,84,219
11/02/2022,BQN,PR,ASO,ES,Federal Contract Tower,25,5,3,0,33,0,0,45,6,51,25,5,48,6,84,50,8,58,142
11/03/2022,BQN,PR,ASO,ES,Federal Contract Tower,21,9,2,1,33,0,0,72,16,88,21,9,74,17,121,100,0,100,221
11/04/2022,BQN,PR,ASO,ES,Federal Contract Tower,28,1,0,1,30,0,0,34,6,40,28,1,34,7,70,72,0,72,142
11/05/2022,BQN,PR,ASO,ES,Federal Contract Tower,6,0,0,1,7,0,0,4,4,8,6,0,4,5,15,0,0,0,15
11/06/2022,BQN,PR,ASO,ES,Federal Contract Tower,6,0,3,0,9,0,0,15,1,16,6,0,18,1,25,20,0,20,45
11/07/2022,BQN,PR,ASO,ES,Federal Contract Tower,20,8,5,1,34,0,0,44,8,52,20,8,49,9,86,90,24,114,200
11/08/2022,BQN,PR,ASO,ES,Federal Contract Tower,23,9,0,0,32,0,0,52,17,69,23,9,52,17,101,84,12,96,197
11/09/2022,BQN,PR,ASO,ES,Federal Contract Tower,17,5,1,0,23,0,0,52,10,62,17,5,53,10,85,168,46,214,299
11/10/2022,BQN,PR,ASO,ES,Federal Contract Tower,15,11,2,0,28,0,0,45,13,58,15,11,47,13,86,66,6,72,158
11/11/2022,BQN,PR,ASO,ES,Federal Contract Tower,22,5,1,0,28,0,0,80,14,94,22,5,81,14,122,66,0,66,188
11/12/2022,BQN,PR,ASO,ES,Federal Contract Tower,3,1,1,0,5,0,0,9,3,12,3,1,10,3,17,0,0,0,17
11/13/2022,BQN,PR,ASO,ES,Federal Contract Tower,6,0,2,0,8,0,0,9,2,11,6,0,11,2,19,2,0,2,21
11/14/2022,BQN,PR,ASO,ES,Federal Contract Tower,14,8,6,1,29,0,0,35,7,42,14,8,41,8,71,82,14,96,167
11/15/2022,BQN,PR,ASO,ES,Federal Contract Tower,22,6,1,0,29,0,0,31,13,44,22,6,32,13,73,38,66,104,177
11/16/2022,BQN,PR,ASO,ES,Federal Contract Tower,23,3,6,0,32,0,0,41,9,50,23,3,47,9,82,86,58,144,226
11/17/2022,BQN,PR,ASO,ES,Federal Contract Tower,20,8,0,0,28,0,0,51,10,61,20,8,51,10,89,100,0,100,189
11/18/2022,BQN,PR,ASO,ES,Federal Contract Tower,25,7,6,0,38,0,0,76,18,94,25,7,82,18,132,96,8,104,236
11/19/2022,BQN,PR,ASO,ES,Federal Contract Tower,4,0,10,0,14,0,0,66,9,75,4,0,76,9,89,44,6,50,139
11/20/2022,BQN,PR,ASO,ES,Federal Contract Tower,6,0,5,0,11,0,0,57,4,61,6,0,62,4,72,48,0,48,120
11/21/2022,BQN,PR,ASO,ES,Federal Contract Tower,15,10,6,2,33,0,0,60,11,71,15,10,66,13,104,66,12,78,182
11/22/2022,BQN,PR,ASO,ES,Federal Contract Tower,23,6,4,1,34,0,0,49,24,73,23,6,53,25,107,76,26,102,209
11/23/2022,BQN,PR,ASO,ES,Federal Contract Tower,18,10,6,2,36,0,0,52,8,60,18,10,58,10,96,68,0,68,164
11/24/2022,BQN,PR,ASO,ES,Federal Contract Tower,8,0,0,0,8,0,0,7,1,8,8,0,7,1,16,0,0,0,16
11/25/2022,BQN,PR,ASO,ES,Federal Contract Tower,24,3,3,0,30,0,0,17,3,20,24,3,20,3,50,18,0,18,68
11/26/2022,BQN,PR,ASO,ES,Federal Contract Tower,2,0,4,0,6,0,0,64,2,66,2,0,68,2,72,94,0,94,166
11/27/2022,BQN,PR,ASO,ES,Federal Contract Tower,4,0,10,0,14,0,0,46,3,49,4,0,56,3,63,36,16,52,115
11/28/2022,BQN,PR,ASO,ES,Federal Contract Tower,22,6,0,1,29,0,0,42,18,60,22,6,42,19,89,50,24,74,163
11/29/2022,BQN,PR,ASO,ES,Federal Contract Tower,26,7,2,0,35,0,0,67,24,91,26,7,69,24,126,70,18,88,214
11/30/2022,BQN,PR,ASO,ES,Federal Contract Tower,18,6,6,3,33,0,0,35,20,55,18,6,41,23,88,50,46,96,184
12/01/2022,BQN,PR,ASO,ES,Federal Contract Tower,26,5,1,0,32,0,0,57,20,77,26,5,58,20,109,130,0,130,239
12/02/2022,BQN,PR,ASO,ES,Federal Contract Tower,22,4,7,1,34,0,0,28,4,32,22,4,35,5,66,28,0,28,94
12/03/2022,BQN,PR,ASO,ES,Federal Contract Tower,5,0,2,0,7,0,0,55,11,66,5,0,57,11,73,20,8,28,101
12/04/2022,BQN,PR,ASO,ES,Federal Contract Tower,10,0,1,0,11,0,0,20,5,25,10,0,21,5,36,2,18,20,56
12/05/2022,BQN,PR,ASO,ES,Federal Contract Tower,18,6,6,1,31,0,0,33,16,49,18,6,39,17,80,40,40,80,160
12/06/2022,BQN,PR,ASO,ES,Federal Contract Tower,25,9,2,0,36,0,0,60,14,74,25,9,62,14,110,42,24,66,176
12/07/2022,BQN,PR,ASO,ES,Federal Contract Tower,19,6,4,0,29,0,0,46,16,62,19,6,50,16,91,68,8,76,167
12/08/2022,BQN,PR,ASO,ES,Federal Contract Tower,18,10,0,1,29,0,0,71,24,95,18,10,71,25,124,88,50,138,262
12/09/2022,BQN,PR,ASO,ES,Federal Contract Tower,25,1,4,0,30,0,0,47,9,56,25,1,51,9,86,56,22,78,164
12/10/2022,BQN,PR,ASO,ES,Federal Contract Tower,7,2,4,0,13,0,0,26,5,31,7,2,30,5,44,48,0,48,92
12/11/2022,BQN,PR,ASO,ES,Federal Contract Tower,8,0,10,1,19,0,0,23,5,28,8,0,33,6,47,44,0,44,91
12/12/2022,BQN,PR,ASO,ES,Federal Contract Tower,19,9,5,0,33,0,0,31,11,42,19,9,36,11,75,50,28,78,153
12/13/2022,BQN,PR,ASO,ES,Federal Contract Tower,24,12,3,0,39,0,0,67,14,81,24,12,70,14,120,64,26,90,210
12/14/2022,BQN,PR,ASO,ES,Federal Contract Tower,16,8,3,3,30,0,0,72,17,89,16,8,75,20,119,58,84,142,261
12/15/2022,BQN,PR,ASO,ES,Federal Contract Tower,19,13,7,1,40,0,0,69,10,79,19,13,76,11,119,68,0,68,187
12/16/2022,BQN,PR,ASO,ES,Federal Contract Tower,33,2,3,1,39,0,0,59,0,59,33,2,62,1,98,68,0,68,166
12/17/2022,BQN,PR,ASO,ES,Federal Contract Tower,9,2,1,0,12,0,0,73,4,77,9,2,74,4,89,82,0,82,171
12/18/2022,BQN,PR,ASO,ES,Federal Contract Tower,9,1,4,0,14,0,2,70,3,75,9,3,74,3,89,68,0,68,157
12/19/2022,BQN,PR,ASO,ES,Federal Contract Tower,23,8,0,0,31,0,0,64,6,70,23,8,64,6,101,102,34,136,237
12/20/2022,BQN,PR,ASO,ES,Federal Contract Tower,24,11,2,0,37,0,0,75,7,82,24,11,77,7,119,72,16,88,207
12/21/2022,BQN,PR,ASO,ES,Federal Contract Tower,22,7,6,0,35,0,0,73,10,83,22,7,79,10,118,48,30,78,196
12/22/2022,BQN,PR,ASO,ES,Federal Contract Tower,25,8,2,0,35,0,0,78,0,78,25,8,80,0,113,108,0,108,221
12/23/2022,BQN,PR,ASO,ES,Federal Contract Tower,9,4,2,0,15,24,7,0,0,31,33,11,2,0,46,0,22,22,68
12/24/2022,BQN,PR,ASO,ES,Federal Contract Tower,7,0,3,0,10,0,0,59,3,62,7,0,62,3,72,12,0,12,84
12/25/2022,BQN,PR,ASO,ES,Federal Contract Tower,9,0,1,0,10,0,0,3,4,7,9,0,4,4,17,0,0,0,17
12/26/2022,BQN,PR,ASO,ES,Federal Contract Tower,11,1,5,0,17,0,0,46,3,49,11,1,51,3,66,36,14,50,116
12/27/2022,BQN,PR,ASO,ES,Federal Contract Tower,21,8,3,1,33,0,0,89,3,92,21,8,92,4,125,58,0,58,183
12/28/2022,BQN,PR,ASO,ES,Federal Contract Tower,23,6,12,0,41,0,0,93,2,95,23,6,105,2,136,100,0,100,236
12/29/2022,BQN,PR,ASO,ES,Federal Contract Tower,23,7,7,0,37,0,0,62,3,65,23,7,69,3,102,76,16,92,194
12/30/2022,BQN,PR,ASO,ES,Federal Contract Tower,27,2,6,0,35,0,0,82,12,94,27,2,88,12,129,42,58,100,229
12/31/2022,BQN,PR,ASO,ES,Federal Contract Tower,8,0,3,0,11,0,0,54,3,57,8,0,57,3,68,38,0,38,106
01/01/2023,BQN,PR,ASO,ES,Federal Contract Tower,9,0,9,0,18,0,0,0,1,1,9,0,9,1,19,2,0,2,21
01/02/2023,BQN,PR,ASO,ES,Federal Contract Tower,10,0,16,0,26,0,0,40,6,46,10,0,56,6,72,72,0,72,144
01/03/2023,BQN,PR,ASO,ES,Federal Contract Tower,31,4,2,1,38,0,0,32,12,44,31,4,34,13,82,76,28,104,186
01/04/2023,BQN,PR,ASO,ES,Federal Contract Tower,25,8,3,0,36,0,0,64,9,73,25,8,67,9,109,134,0,134,243
01/05/2023,BQN,PR,ASO,ES,Federal Contract Tower,25,4,4,0,33,0,0,59,11,70,25,4,63,11,103,74,26,100,203
01/06/2023,BQN,PR,ASO,ES,Federal Contract Tower,28,0,2,0,30,0,0,19,4,23,28,0,21,4,53,10,34,44,97
01/07/2023,BQN,PR,ASO,ES,Federal Contract Tower,9,1,6,1,17,0,0,36,6,42,9,1,42,7,59,20,0,20,79
01/08/2023,BQN,PR,ASO,ES,Federal Contract Tower,10,0,7,0,17,0,0,34,3,37,10,0,41,3,54,18,0,18,72
01/09/2023,BQN,PR,ASO,ES,Federal Contract Tower,18,5,7,0,30,0,0,49,11,60,18,5,56,11,90,38,12,50,140
01/10/2023,BQN,PR,ASO,ES,Federal Contract Tower,32,8,4,0,44,0,0,51,14,65,32,8,55,14,109,92,0,92,201
01/11/2023,BQN,PR,ASO,ES,Federal Contract Tower,19,13,5,1,38,0,0,71,18,89,19,13,76,19,127,186,52,238,365
01/12/2023,BQN,PR,ASO,ES,Federal Contract Tower,18,14,2,1,35,0,0,84,20,104,18,14,86,21,139,122,24,146,285
01/13/2023,BQN,PR,ASO,ES,Federal Contract Tower,17,15,8,1,41,0,0,48,5,53,17,15,56,6,94,44,0,44,138
01/14/2023,BQN,PR,ASO,ES,Federal Contract Tower,4,0,2,0,6,0,0,2,9,11,4,0,4,9,17,0,0,0,17
01/15/2023,BQN,PR,ASO,ES,Federal Contract Tower,8,0,4,0,12,0,0,5,5,10,8,0,9,5,22,10,14,24,46
01/16/2023,BQN,PR,ASO,ES,Federal Contract Tower,20,12,7,0,39,0,0,35,7,42,20,12,42,7,81,58,0,58,139
01/17/2023,BQN,PR,ASO,ES,Federal Contract Tower,20,13,11,0,44,0,0,113,10,123,20,13,124,10,167,110,20,130,297
01/18/2023,BQN,PR,ASO,ES,Federal Contract Tower,14,14,2,0,30,0,0,57,22,79,14,14,59,22,109,32,26,58,167
01/19/2023,BQN,PR,ASO,ES,Federal Contract Tower,15,14,20,2,51,0,0,31,18,49,15,14,51,20,100,52,146,198,298
01/20/2023,BQN,PR,ASO,ES,Federal Contract Tower,24,7,10,0,41,0,0,66,10,76,24,7,76,10,117,50,44,94,211
01/21/2023,BQN,PR,ASO,ES,Federal Contract Tower,8,0,3,2,13,0,0,2,4,6,8,0,5,6,19,0,62,62,81
01/22/2023,BQN,PR,ASO,ES,Federal Contract Tower,7,0,7,0,14,0,0,10,2,12,7,0,17,2,26,0,0,0,26
01/23/2023,BQN,PR,ASO,ES,Federal Contract Tower,18,10,4,0,32,0,0,37,16,53,18,10,41,16,85,46,96,142,227
01/24/2023,BQN,PR,ASO,ES,Federal Contract Tower,25,7,2,0,34,0,0,64,21,85,25,7,66,21,119,60,44,104,223
01/25/2023,BQN,PR,ASO,ES,Federal Contract Tower,20,7,2,1,30,0,0,49,26,75,20,7,51,27,105,48,12,60,165
01/26/2023,BQN,PR,ASO,ES,Federal Contract Tower,23,4,10,0,37,0,0,34,6,40,23,4,44,6,77,58,12,70,147
01/27/2023,BQN,PR,ASO,ES,Federal Contract Tower,25,3,6,0,34,0,0,63,5,68,25,3,69,5,102,58,0,58,160
01/28/2023,BQN,PR,ASO,ES,Federal Contract Tower,7,0,1,1,9,0,0,2,7,9,7,0,3,8,18,0,2,2,20
01/29/2023,BQN,PR,ASO,ES,Federal Contract Tower,7,0,1,0,8,0,0,4,7,11,7,0,5,7,19,4,0,4,23
01/30/2023,BQN,PR,ASO,ES,Federal Contract Tower,15,6,8,1,30,0,0,69,10,79,15,6,77,11,109,84,2,86,195
01/31/2023,BQN,PR,ASO,ES,Federal Contract Tower,19,9,1,0,29,0,0,64,13,77,19,9,65,13,106,64,60,124,230
02/01/2023,BQN,PR,ASO,ES,Federal Contract Tower,18,7,3,0,28,0,0,40,7,47,18,7,43,7,75,88,0,88,163
02/02/2023,BQN,PR,ASO,ES,Federal Contract Tower,21,8,4,0,33,0,0,59,14,73,21,8,63,14,106,98,0,98,204
02/03/2023,BQN,PR,ASO,ES,Federal Contract Tower,25,3,15,0,43,0,0,62,10,72,25,3,77,10,115,74,0,74,189
02/04/2023,BQN,PR,ASO,ES,Federal Contract Tower,7,0,0,0,7,0,0,1,3,4,7,0,1,3,11,0,0,0,11
02/05/2023,BQN,PR,ASO,ES,Federal Contract Tower,6,0,1,0,7,0,0,11,4,15,6,0,12,4,22,0,0,0,22
02/06/2023,BQN,PR,ASO,ES,Federal Contract Tower,18,7,7,0,32,0,0,56,12,68,18,7,63,12,100,68,26,94,194
02/07/2023,BQN,PR,ASO,ES,Federal Contract Tower,25,7,3,0,35,0,0,105,11,116,25,7,108,11,151,74,10,84,235
02/08/2023,BQN,PR,ASO,ES,Federal Contract Tower,18,6,2,0,26,0,0,56,17,73,18,6,58,17,99,102,2,104,203
02/09/2023,BQN,PR,ASO,ES,Federal Contract Tower,20,6,3,1,30,0,0,53,6,59,20,6,56,7,89,64,0,64,153
02/10/2023,BQN,PR,ASO,ES,Federal Contract Tower,27,4,5,0,36,0,0,57,9,66,27,4,62,9,102,76,0,76,178
02/11/2023,BQN,PR,ASO,ES,Federal Contract Tower,7,0,0,0,7,0,0,2,1,3,7,0,2,1,10,18,0,18,28
02/12/2023,BQN,PR,ASO,ES,Federal Contract Tower,6,0,1,0,7,0,0,13,4,17,6,0,14,4,24,14,0,14,38
02/13/2023,BQN,PR,ASO,ES,Federal Contract Tower,20,5,4,0,29,0,0,47,18,65,20,5,51,18,94,100,8,108,202
02/14/2023,BQN,PR,ASO,ES,Federal Contract Tower,22,9,2,0,33,0,0,58,11,69,22,9,60,11,102,112,12,124,226
02/15/2023,BQN,PR,ASO,ES,Federal Contract Tower,23,5,2,1,31,0,0,65,10,75,23,5,67,11,106,114,18,132,238
02/16/2023,BQN,PR,ASO,ES,Federal Contract Tower,21,7,16,0,44,53,18,0,0,71,74,25,16,0,115,80,48,128,243
02/17/2023,BQN,PR,ASO,ES,Federal Contract Tower,22,7,4,0,33,0,0,83,5,88,22,7,87,5,121,90,0,90,211
02/18/2023,BQN,PR,ASO,ES,Federal Contract Tower,6,0,0,0,6,0,0,5,7,12,6,0,5,7,18,10,0,10,28
02/19/2023,BQN,PR,ASO,ES,Federal Contract Tower,7,0,0,0,7,0,0,6,2,8,7,0,6,2,15,26,0,26,41
02/20/2023,BQN,PR,ASO,ES,Federal Contract Tower,19,4,9,1,33,0,0,53,6,59,19,4,62,7,92,108,60,168,260
02/21/2023,BQN,PR,ASO,ES,Federal Contract Tower,23,7,3,2,35,0,0,62,22,84,23,7,65,24,119,86,12,98,217
02/22/2023,BQN,PR,ASO,ES,Federal Contract Tower,21,6,0,0,27,0,0,73,22,95,21,6,73,22,122,150,46,196,318
02/23/2023,BQN,PR,ASO,ES,Federal Contract Tower,19,4,4,0,27,0,0,32,15,47,19,4,36,15,74,42,64,106,180
02/24/2023,BQN,PR,ASO,ES,Federal Contract Tower,28,6,6,0,40,0,0,63,9,72,28,6,69,9,112,66,22,88,200
02/25/2023,BQN,PR,ASO,ES,Federal Contract Tower,5,0,4,2,11,0,0,9,30,39,5,0,13,32,50,0,24,24,74
02/26/2023,BQN,PR,ASO,ES,Federal Contract Tower,4,0,0,2,6,0,0,7,4,11,4,0,7,6,17,0,0,0,17
02/27/2023,BQN,PR,ASO,ES,Federal Contract Tower,12,6,1,1,20,0,0,77,10,87,12,6,78,11,107,76,0,76,183
02/28/2023,BQN,PR,ASO,ES,Federal Contract Tower,24,7,1,0,32,0,0,76,19,95,24,7,77,19,127,136,34,170,297
03/01/2023,BQN,PR,ASO,ES,Federal Contract Tower,19,5,3,0,27,0,0,54,12,66,19,5,57,12,93,92,50,142,235
03/02/2023,BQN,PR,ASO,ES,Federal Contract Tower,23,3,1,0,27,0,0,69,25,94,23,3,70,25,121,52,46,98,219
03/03/2023,BQN,PR,ASO,ES,Federal Contract Tower,28,5,3,0,36,0,0,57,12,69,28,5,60,12,105,44,2,46,151
03/04/2023,BQN,PR,ASO,ES,Federal Contract Tower,2,0,2,0,4,0,0,6,1,7,2,0,8,1,11,2,0,2,13
03/05/2023,BQN,PR,ASO,ES,Federal Contract Tower,5,0,0,0,5,0,0,2,0,2,5,0,2,0,7,0,0,0,7
03/06/2023,BQN,PR,ASO,ES,Federal Contract Tower,20,6,0,0,26,0,0,56,11,67,20,6,56,11,93,74,74,148,241
03/07/2023,BQN,PR,ASO,ES,Federal Contract Tower,22,12,4,0,38,0,0,65,24,89,22,12,69,24,127,76,20,96,223
03/08/2023,BQN,PR,ASO,ES,Federal Contract Tower,17,8,9,3,37,0,0,49,20,69,17,8,58,23,106,78,14,92,198
03/09/2023,BQN,PR,ASO,ES,Federal Contract Tower,19,13,4,2,38,0,0,0,0,0,19,13,4,2,38,138,46,184,222
03/10/2023,BQN,PR,ASO,ES,Federal Contract Tower,25,2,5,4,36,0,0,56,4,60,25,2,61,8,96,100,2,102,198
03/11/2023,BQN,PR,ASO,ES,Federal Contract Tower,7,0,3,0,10,0,0,77,8,85,7,0,80,8,95,152,52,204,299
03/12/2023,BQN,PR,ASO,ES,Federal Contract Tower,6,0,6,0,12,0,0,55,4,59,6,0,61,4,71,36,4,40,111
03/13/2023,BQN,PR,ASO,ES,Federal Contract Tower,19,5,5,0,29,0,0,56,15,71,19,5,61,15,100,62,22,84,184
03/14/2023,BQN,PR,ASO,ES,Federal Contract Tower,21,6,3,3,33,0,0,45,14,59,21,6,48,17,92,168,0,168,260
03/15/2023,BQN,PR,ASO,ES,Federal Contract Tower,17,9,10,2,38,0,0,95,10,105,17,9,105,12,143,100,32,132,275
03/16/2023,BQN,PR,ASO,ES,Federal Contract Tower,22,6,3,0,31,0,0,54,18,72,22,6,57,18,103,70,0,70,173
03/17/2023,BQN,PR,ASO,ES,Federal Contract Tower,23,4,5,0,32,0,0,53,4,57,23,4,58,4,89,40,26,66,155
03/18/2023,BQN,PR,ASO,ES,Federal Contract Tower,10,0,8,1,19,0,0,74,7,81,10,0,82,8,100,50,22,72,172
03/19/2023,BQN,PR,ASO,ES,Federal Contract Tower,9,0,4,1,14,0,0,32,6,38,9,0,36,7,52,64,0,64,116
03/20/2023,BQN,PR,ASO,ES,Federal Contract Tower,20,5,4,0,29,0,0,51,13,64,20,5,55,13,93,46,90,136,229
03/21/2023,BQN,PR,ASO,ES,Federal Contract Tower,25,9,2,0,36,0,0,75,23,98,25,9,77,23,134,58,42,100,234
03/22/2023,BQN,PR,ASO,ES,Federal Contract Tower,24,7,10,0,41,0,0,88,9,97,24,7,98,9,138,72,10,82,220
03/23/2023,BQN,PR,ASO,ES,Federal Contract Tower,25,2,8,0,35,0,0,48,10,58,25,2,56,10,93,50,0,50,143
03/24/2023,BQN,PR,ASO,ES,Federal Contract Tower,26,2,2,0,30,0,0,55,6,61,26,2,57,6,91,40,2,42,133
03/25/2023,BQN,PR,ASO,ES,Federal Contract Tower,6,0,4,0,10,0,0,27,4,31,6,0,31,4,41,26,2,28,69
03/26/2023,BQN,PR,ASO,ES,Federal Contract Tower,9,0,8,0,17,0,0,46,8,54,9,0,54,8,71,42,0,42,113
03/27/2023,BQN,PR,ASO,ES,Federal Contract Tower,19,8,3,0,30,0,0,72,11,83,19,8,75,11,113,92,36,128,241
03/28/2023,BQN,PR,ASO,ES,Federal Contract Tower,21,8,3,0,32,0,0,87,20,107,21,8,90,20,139,148,8,156,295
03/29/2023,BQN,PR,ASO,ES,Federal Contract Tower,22,5,7,1,35,0,0,86,9,95,22,5,93,10,130,110,18,128,258
03/30/2023,BQN,PR,ASO,ES,Federal Contract Tower,18,9,7,0,34,0,0,59,12,71,18,9,66,12,105,156,0,156,261
03/31/2023,BQN,PR,ASO,ES,Federal Contract Tower,22,6,7,0,35,0,0,83,9,92,22,6,90,9,127,58,0,58,185
04/01/2023,BQN,PR,ASO,ES,Federal Contract Tower,6,0,1,0,7,0,0,17,10,27,6,0,18,10,34,14,14,28,62
04/02/2023,BQN,PR,ASO,ES,Federal Contract Tower,7,0,3,0,10,0,0,36,4,40,7,0,39,4,50,24,0,24,74
04/03/2023,BQN,PR,ASO,ES,Federal Contract Tower,18,6,2,0,26,0,0,44,10,54,18,6,46,10,80,58,0,58,138
04/04/2023,BQN,PR,ASO,ES,Federal Contract Tower,24,8,8,0,40,0,0,65,19,84,24,8,73,19,124,94,24,118,242
04/05/2023,BQN,PR,ASO,ES,Federal Contract Tower,26,5,6,1,38,0,0,51,9,60,26,5,57,10,98,98,8,106,204
04/06/2023,BQN,PR,ASO,ES,Federal Contract Tower,22,7,3,2,34,0,0,38,13,51,22,7,41,15,85,38,0,38,123
04/07/2023,BQN,PR,ASO,ES,Federal Contract Tower,18,0,0,0,18,0,0,53,9,62,18,0,53,9,80,36,0,36,116
04/08/2023,BQN,PR,ASO,ES,Federal Contract Tower,6,0,4,0,10,0,0,11,0,11,6,0,15,0,21,26,0,26,47
04/09/2023,BQN,PR,ASO,ES,Federal Contract Tower,11,0,12,0,23,0,0,19,0,19,11,0,31,0,42,30,0,30,72
04/10/2023,BQN,PR,ASO,ES,Federal Contract Tower,17,6,5,2,30,0,0,47,4,51,17,6,52,6,81,82,0,82,163
04/11/2023,BQN,PR,ASO,ES,Federal Contract Tower,23,10,0,2,35,0,0,65,8,73,23,10,65,10,108,128,46,174,282
04/12/2023,BQN,PR,ASO,ES,Federal Contract Tower,20,9,5,1,35,0,0,74,6,80,20,9,79,7,115,74,0,74,189
04/13/2023,BQN,PR,ASO,ES,Federal Contract Tower,27,2,3,2,34,0,0,71,20,91,27,2,74,22,125,74,0,74,199
04/14/2023,BQN,PR,ASO,ES,Federal Contract Tower,25,1,4,0,30,0,0,54,4,58,25,1,58,4,88,30,0,30,118
04/15/2023,BQN,PR,ASO,ES,Federal Contract Tower,7,0,5,0,12,0,0,86,5,91,7,0,91,5,103,46,0,46,149
04/16/2023,BQN,PR,ASO,ES,Federal Contract Tower,10,0,2,0,12,0,0,14,9,23,10,0,16,9,35,0,0,0,35
04/17/2023,BQN,PR,ASO,ES,Federal Contract Tower,20,9,4,5,38,0,0,46,17,63,20,9,50,22,101,85,8,93,194
04/18/2023,BQN,PR,ASO,ES,Federal Contract Tower,22,8,5,0,35,0,0,69,16,85,22,8,74,16,120,56,52,108,228
04/19/2023,BQN,PR,ASO,ES,Federal Contract Tower,25,7,1,1,34,0,0,58,0,58,25,7,59,1,92,100,0,100,192
04/20/2023,BQN,PR,ASO,ES,Federal Contract Tower,18,10,2,1,31,0,0,48,24,72,18,10,50,25,103,12,12,24,127
04/21/2023,BQN,PR,ASO,ES,Federal Contract Tower,27,4,0,1,32,0,0,71,14,85,27,4,71,15,117,48,0,48,165
04/22/2023,BQN,PR,ASO,ES,Federal Contract Tower,8,0,4,2,14,0,0,102,5,107,8,0,106,7,121,100,0,100,221
04/23/2023,BQN,PR,ASO,ES,Federal Contract Tower,13,0,4,1,18,0,0,31,6,37,13,0,35,7,55,66,0,66,121
04/24/2023,BQN,PR,ASO,ES,Federal Contract Tower,21,5,3,3,32,0,0,55,10,65,21,5,58,13,97,88,46,134,231
04/25/2023,BQN,PR,ASO,ES,Federal Contract Tower,24,6,5,2,37,0,0,96,12,108,24,6,101,14,145,92,28,120,265
04/26/2023,BQN,PR,ASO,ES,Federal Contract Tower,22,6,6,2,36,0,0,58,23,81,22,6,64,25,117,64,84,148,265
04/27/2023,BQN,PR,ASO,ES,Federal Contract Tower,22,8,1,2,33,0,0,52,35,87,22,8,53,37,120,72,0,72,192
04/28/2023,BQN,PR,ASO,ES,Federal Contract Tower,27,3,3,5,38,0,0,50,11,61,27,3,53,16,99,46,54,100,199
04/29/2023,BQN,PR,ASO,ES,Federal Contract Tower,8,0,4,1,13,0,0,53,5,58,8,0,57,6,71,28,0,28,99
04/30/2023,BQN,PR,ASO,ES,Federal Contract Tower,16,0,12,0,28,0,0,45,8,53,16,0,57,8,81,38,0,38,119
05/01/2023,BQN,PR,ASO,ES,Federal Contract Tower,16,5,8,4,33,0,0,58,13,71,16,5,66,17,104,102,40,142,246
05/02/2023,BQN,PR,ASO,ES,Federal Contract Tower,23,8,4,1,36,0,0,59,34,93,23,8,63,35,129,124,44,168,297
05/03/2023,BQN,PR,ASO,ES,Federal Contract Tower,22,7,7,5,41,0,0,84,12,96,22,7,91,17,137,98,54,152,289
05/04/2023,BQN,PR,ASO,ES,Federal Contract Tower,23,3,6,0,32,0,0,60,21,81,23,3,66,21,113,88,20,108,221
05/05/2023,BQN,PR,ASO,ES,Federal Contract Tower,27,1,4,1,33,0,0,37,9,46,27,1,41,10,79,76,0,76,155
05/06/2023,BQN,PR,ASO,ES,Federal Contract Tower,6,0,3,0,9,0,0,58,7,65,6,0,61,7,74,30,0,30,104
05/07/2023,BQN,PR,ASO,ES,Federal Contract Tower,15,0,4,2,21,0,0,51,10,61,15,0,55,12,82,30,20,50,132
05/08/2023,BQN,PR,ASO,ES,Federal Contract Tower,25,5,0,1,31,0,0,29,12,41,25,5,29,13,72,84,38,122,194
05/09/2023,BQN,PR,ASO,ES,Federal Contract Tower,24,7,7,1,39,0,0,42,23,65,24,7,49,24,104,104,24,128,232
05/10/2023,BQN,PR,ASO,ES,Federal Contract Tower,24,8,4,3,39,0,0,39,9,48,24,8,43,12,87,96,64,160,247
05/11/2023,BQN,PR,ASO,ES,Federal Contract Tower,22,7,5,0,34,0,0,56,16,72,22,7,61,16,106,116,18,134,240
05/12/2023,BQN,PR,ASO,ES,Federal Contract Tower,29,6,8,0,43,0,0,83,18,101,29,6,91,18,144,112,28,140,284
05/13/2023,BQN,PR,ASO,ES,Federal Contract Tower,9,0,4,0,13,0,0,51,5,56,9,0,55,5,69,12,22,34,103
05/14/2023,BQN,PR,ASO,ES,Federal Contract Tower,13,0,2,0,15,0,0,9,4,13,13,0,11,4,28,6,0,6,34
05/15/2023,BQN,PR,ASO,ES,Federal Contract Tower,26,4,4,0,34,0,0,37,9,46,26,4,41,9,80,76,0,76,156
05/16/2023,BQN,PR,ASO,ES,Federal Contract Tower,25,7,2,1,35,0,0,63,13,76,25,7,65,14,111,74,14,88,199
05/17/2023,BQN,PR,ASO,ES,Federal Contract Tower,25,5,1,1,32,0,0,40,12,52,25,5,41,13,84,84,28,112,196
05/18/2023,BQN,PR,ASO,ES,Federal Contract Tower,17,8,8,0,33,0,0,61,7,68,17,8,69,7,101,98,0,98,199
05/19/2023,BQN,PR,ASO,ES,Federal Contract Tower,26,4,6,1,37,0,0,31,9,40,26,4,37,10,77,72,14,86,163
05/20/2023,BQN,PR,ASO,ES,Federal Contract Tower,6,0,0,0,6,0,0,1,3,4,6,0,1,3,10,0,0,0,10
05/21/2023,BQN,PR,ASO,ES,Federal Contract Tower,11,0,0,1,12,0,0,9,6,15,11,0,9,7,27,0,18,18,45
05/22/2023,BQN,PR,ASO,ES,Federal Contract Tower,28,6,0,0,34,0,0,45,15,60,28,6,45,15,94,68,42,110,204
05/23/2023,BQN,PR,ASO,ES,Federal Contract Tower,26,6,3,0,35,0,0,59,34,93,26,6,62,34,128,126,40,166,294
05/24/2023,BQN,PR,ASO,ES,Federal Contract Tower,22,6,6,0,34,0,0,63,6,69,22,6,69,6,103,134,26,160,263
05/25/2023,BQN,PR,ASO,ES,Federal Contract Tower,19,9,3,0,31,0,0,54,17,71,19,9,57,17,102,126,0,126,228
05/26/2023,BQN,PR,ASO,ES,Federal Contract Tower,29,3,10,0,42,0,0,68,9,77,29,3,78,9,119,80,72,152,271
05/27/2023,BQN,PR,ASO,ES,Federal Contract Tower,8,0,0,0,8,0,0,2,5,7,8,0,2,5,15,0,0,0,15
05/28/2023,BQN,PR,ASO,ES,Federal Contract Tower,13,0,0,0,13,0,0,8,4,12,13,0,8,4,25,0,0,0,25
05/29/2023,BQN,PR,ASO,ES,Federal Contract Tower,12,0,4,0,16,0,0,58,9,67,12,0,62,9,83,18,0,18,101
05/30/2023,BQN,PR,ASO,ES,Federal Contract Tower,25,6,3,1,35,0,0,65,19,84,25,6,68,20,119,76,57,133,252
05/31/2023,BQN,PR,ASO,ES,Federal Contract Tower,21,7,8,3,39,0,0,66,17,83,21,7,74,20,122,130,36,166,288
06/01/2023,BQN,PR,ASO,ES,Federal Contract Tower,25,9,7,0,41,0,0,72,14,86,25,9,79,14,127,96,0,96,223
06/02/2023,BQN,PR,ASO,ES,Federal Contract Tower,26,4,0,0,30,0,0,87,18,105,26,4,87,18,135,112,20,132,267
06/03/2023,BQN,PR,ASO,ES,Federal Contract Tower,7,0,2,0,9,0,0,4,2,6,7,0,6,2,15,6,0,6,21
06/04/2023,BQN,PR,ASO,ES,Federal Contract Tower,11,0,0,0,11,0,0,3,5,8,11,0,3,5,19,0,0,0,19
06/05/2023,BQN,PR,ASO,ES,Federal Contract Tower,23,4,9,1,37,0,0,52,7,59,23,4,61,8,96,64,30,94,190
06/06/2023,BQN,PR,ASO,ES,Federal Contract Tower,25,6,2,0,33,0,0,71,16,87,25,6,73,16,120,122,48,170,290
06/07/2023,BQN,PR,ASO,ES,Federal Contract Tower,21,6,4,0,31,0,0,59,19,78,21,6,63,19,109,78,56,134,243
06/08/2023,BQN,PR,ASO,ES,Federal Contract Tower,15,7,3,0,25,0,0,56,21,77,15,7,59,21,102,60,22,82,184
06/09/2023,BQN,PR,ASO,ES,Federal Contract Tower,24,5,7,0,36,0,0,49,1,50,24,5,56,1,86,48,0,48,134
06/10/2023,BQN,PR,ASO,ES,Federal Contract Tower,9,0,1,0,10,0,0,0,6,6,9,0,1,6,16,0,18,18,34
06/11/2023,BQN,PR,ASO,ES,Federal Contract Tower,15,0,2,0,17,0,0,8,3,11,15,0,10,3,28,4,0,4,32
06/12/2023,BQN,PR,ASO,ES,Federal Contract Tower,21,3,3,0,27,0,0,55,12,67,21,3,58,12,94,68,34,102,196
06/13/2023,BQN,PR,ASO,ES,Federal Contract Tower,28,10,9,1,48,0,0,78,18,96,28,10,87,19,144,98,40,138,282
06/14/2023,BQN,PR,ASO,ES,Federal Contract Tower,20,7,4,3,34,0,0,74,39,113,20,7,78,42,147,88,42,130,277
06/15/2023,BQN,PR,ASO,ES,Federal Contract Tower,19,8,5,0,32,0,0,78,3,81,19,8,83,3,113,122,0,122,235
06/16/2023,BQN,PR,ASO,ES,Federal Contract Tower,24,3,4,0,31,0,0,55,7,62,24,3,59,7,93,86,0,86,179
06/17/2023,BQN,PR,ASO,ES,Federal Contract Tower,5,0,2,0,7,0,0,33,3,36,5,0,35,3,43,22,6,28,71
06/18/2023,BQN,PR,ASO,ES,Federal Contract Tower,16,0,0,0,16,0,0,8,3,11,16,0,8,3,27,2,0,2,29
06/19/2023,BQN,PR,ASO,ES,Federal Contract Tower,21,0,4,0,25,0,0,59,6,65,21,0,63,6,90,74,2,76,166
06/20/2023,BQN,PR,ASO,ES,Federal Contract Tower,26,8,2,0,36,0,0,66,17,83,26,8,68,17,119,78,26,104,223
06/21/2023,BQN,PR,ASO,ES,Federal Contract Tower,24,6,2,0,32,0,0,43,12,55,24,6,45,12,87,120,34,154,241
06/22/2023,BQN,PR,ASO,ES,Federal Contract Tower,20,0,3,0,23,0,0,40,4,44,20,0,43,4,67,74,0,74,141
06/23/2023,BQN,PR,ASO,ES,Federal Contract Tower,18,3,7,0,28,0,0,24,4,28,18,3,31,4,56,48,0,48,104
06/24/2023,BQN,PR,ASO,ES,Federal Contract Tower,5,0,0,0,5,0,0,3,3,6,5,0,3,3,11,0,0,0,11
06/25/2023,BQN,PR,ASO,ES,Federal Contract Tower,14,0,3,0,17,0,0,10,5,15,14,0,13,5,32,0,0,0,32
06/26/2023,BQN,PR,ASO,ES,Federal Contract Tower,25,5,12,0,42,0,0,38,23,61,25,5,50,23,103,76,38,114,217
06/27/2023,BQN,PR,ASO,ES,Federal Contract Tower,24,6,1,3,34,0,0,76,17,93,24,6,77,20,127,102,26,128,255
06/28/2023,BQN,PR,ASO,ES,Federal Contract Tower,24,7,3,2,36,0,0,40,11,51,24,7,43,13,87,34,54,88,175
06/29/2023,BQN,PR,ASO,ES,Federal Contract Tower,24,8,1,2,35,0,0,59,27,86,24,8,60,29,121,76,0,76,197
06/30/2023,BQN,PR,ASO,ES,Federal Contract Tower,26,4,4,0,34,0,0,68,9,77,26,4,72,9,111,142,2,144,255
07/01/2023,BQN,PR,ASO,ES,Federal Contract Tower,11,0,5,0,16,0,0,40,4,44,11,0,45,4,60,22,2,24,84
07/02/2023,BQN,PR,ASO,ES,Federal Contract Tower,16,0,5,0,21,0,0,21,7,28,16,0,26,7,49,28,0,28,77
07/03/2023,BQN,PR,ASO,ES,Federal Contract Tower,19,7,2,0,28,0,0,44,8,52,19,7,46,8,80,110,10,120,200
07/04/2023,BQN,PR,ASO,ES,Federal Contract Tower,10,0,3,0,13,0,0,36,11,47,10,0,39,11,60,56,20,76,136
07/05/2023,BQN,PR,ASO,ES,Federal Contract Tower,22,6,2,0,30,0,0,52,12,64,22,6,54,12,94,110,28,138,232
07/06/2023,BQN,PR,ASO,ES,Federal Contract Tower,28,3,3,0,34,0,0,42,9,51,28,3,45,9,85,140,0,140,225
07/07/2023,BQN,PR,ASO,ES,Federal Contract Tower,25,4,3,0,32,0,0,46,5,51,25,4,49,5,83,128,0,128,211
07/08/2023,BQN,PR,ASO,ES,Federal Contract Tower,4,0,0,0,4,0,0,1,4,5,4,0,1,4,9,0,0,0,9
07/09/2023,BQN,PR,ASO,ES,Federal Contract Tower,12,0,2,0,14,0,0,5,4,9,12,0,7,4,23,0,4,4,27
07/10/2023,BQN,PR,ASO,ES,Federal Contract Tower,21,6,6,8,41,0,0,39,13,52,21,6,45,21,93,86,22,108,201
07/11/2023,BQN,PR,ASO,ES,Federal Contract Tower,23,10,5,2,40,0,0,40,17,57,23,10,45,19,97,98,24,122,219
07/12/2023,BQN,PR,ASO,ES,Federal Contract Tower,29,5,8,1,43,0,0,45,23,68,29,5,53,24,111,54,56,110,221
07/13/2023,BQN,PR,ASO,ES,Federal Contract Tower,20,9,2,0,31,0,0,31,20,51,20,9,33,20,82,80,8,88,170
07/14/2023,BQN,PR,ASO,ES,Federal Contract Tower,28,4,6,2,40,0,0,75,9,84,28,4,81,11,124,82,20,102,226
07/15/2023,BQN,PR,ASO,ES,Federal Contract Tower,2,0,0,0,2,0,0,1,2,3,2,0,1,2,5,0,0,0,5
07/16/2023,BQN,PR,ASO,ES,Federal Contract Tower,9,0,2,0,11,0,0,6,3,9,9,0,8,3,20,2,0,2,22
07/17/2023,BQN,PR,ASO,ES,Federal Contract Tower,27,8,6,0,41,0,0,50,8,58,27,8,56,8,99,98,20,118,217
07/18/2023,BQN,PR,ASO,ES,Federal Contract Tower,25,11,1,0,37,0,0,87,21,108,25,11,88,21,145,92,24,116,261
07/19/2023,BQN,PR,ASO,ES,Federal Contract Tower,24,9,4,0,37,0,0,75,32,107,24,9,79,32,144,76,92,168,312
07/20/2023,BQN,PR,ASO,ES,Federal Contract Tower,24,8,4,0,36,0,0,40,13,53,24,8,44,13,89,100,16,116,205
07/21/2023,BQN,PR,ASO,ES,Federal Contract Tower,24,5,5,0,34,0,0,56,9,65,24,5,61,9,99,60,30,90,189
07/22/2023,BQN,PR,ASO,ES,Federal Contract Tower,9,0,0,0,9,0,0,1,4,5,9,0,1,4,14,2,0,2,16
07/23/2023,BQN,PR,ASO,ES,Federal Contract Tower,12,0,0,0,12,0,0,0,0,0,12,0,0,0,12,0,0,0,12
07/24/2023,BQN,PR,ASO,ES,Federal Contract Tower,24,7,8,1,40,0,0,35,10,45,24,7,43,11,85,46,100,146,231
07/25/2023,BQN,PR,ASO,ES,Federal Contract Tower,29,4,3,0,36,0,0,30,26,56,29,4,33,26,92,72,42,114,206
07/26/2023,BQN,PR,ASO,ES,Federal Contract Tower,26,6,1,0,33,0,0,61,8,69,26,6,62,8,102,100,0,100,202
07/27/2023,BQN,PR,ASO,ES,Federal Contract Tower,23,6,3,2,34,0,0,57,20,77,23,6,60,22,111,58,16,74,185
07/28/2023,BQN,PR,ASO,ES,Federal Contract Tower,30,3,3,0,36,0,0,57,4,61,30,3,60,4,97,58,0,58,155
07/29/2023,BQN,PR,ASO,ES,Federal Contract Tower,4,0,1,0,5,0,0,3,4,7,4,0,4,4,12,6,0,6,18
07/30/2023,BQN,PR,ASO,ES,Federal Contract Tower,11,0,0,0,11,0,0,9,4,13,11,0,9,4,24,22,0,22,46
07/31/2023,BQN,PR,ASO,ES,Federal Contract Tower,25,5,2,0,32,0,0,41,9,50,25,5,43,9,82,72,52,124,206
08/01/2023,BQN,PR,ASO,ES,Federal Contract Tower,27,6,6,0,39,0,0,42,14,56,27,6,48,14,95,80,30,110,205
08/03/2023,BQN,PR,ASO,ES,Federal Contract Tower,24,0,2,1,27,0,0,78,32,110,24,0,80,33,137,88,0,88,225
08/04/2023,BQN,PR,ASO,ES,Federal Contract Tower,25,5,1,1,32,0,0,64,9,73,25,5,65,10,105,76,0,76,181
08/05/2023,BQN,PR,ASO,ES,Federal Contract Tower,11,0,1,0,12,0,0,11,4,15,11,0,12,4,27,2,0,2,29
08/06/2023,BQN,PR,ASO,ES,Federal Contract Tower,16,0,4,0,20,0,0,12,4,16,16,0,16,4,36,4,0,4,40
08/07/2023,BQN,PR,ASO,ES,Federal Contract Tower,19,6,0,0,25,0,0,18,8,26,19,6,18,8,51,6,20,26,77
08/08/2023,BQN,PR,ASO,ES,Federal Contract Tower,29,7,1,0,37,0,0,34,37,71,29,7,35,37,108,34,42,76,184
08/09/2023,BQN,PR,ASO,ES,Federal Contract Tower,27,6,2,0,35,0,0,11,19,30,27,6,13,19,65,4,0,4,69
08/10/2023,BQN,PR,ASO,ES,Federal Contract Tower,22,9,2,0,33,0,0,25,19,44,22,9,27,19,77,38,4,42,119
08/11/2023,BQN,PR,ASO,ES,Federal Contract Tower,24,3,1,0,28,0,0,24,6,30,24,3,25,6,58,14,0,14,72
08/12/2023,BQN,PR,ASO,ES,Federal Contract Tower,9,0,0,0,9,0,0,12,2,14,9,0,12,2,23,16,0,16,39
08/13/2023,BQN,PR,ASO,ES,Federal Contract Tower,15,0,2,0,17,0,0,15,11,26,15,0,17,11,43,10,8,18,61
08/14/2023,BQN,PR,ASO,ES,Federal Contract Tower,22,6,7,3,38,0,0,30,11,41,22,6,37,14,79,34,32,66,145
08/15/2023,BQN,PR,ASO,ES,Federal Contract Tower,27,6,3,0,36,0,0,38,14,52,27,6,41,14,88,86,20,106,194
08/16/2023,BQN,PR,ASO,ES,Federal Contract Tower,21,6,4,2,33,0,0,40,15,55,21,6,44,17,88,30,38,68,156
08/17/2023,BQN,PR,ASO,ES,Federal Contract Tower,29,3,2,1,35,0,0,27,9,36,29,3,29,10,71,74,0,74,145
08/18/2023,BQN,PR,ASO,ES,Federal Contract Tower,31,2,0,3,36,0,0,31,9,40,31,2,31,12,76,84,12,96,172
08/19/2023,BQN,PR,ASO,ES,Federal Contract Tower,10,0,2,0,12,0,0,29,2,31,10,0,31,2,43,44,0,44,87
08/20/2023,BQN,PR,ASO,ES,Federal Contract Tower,20,0,2,0,22,0,0,20,9,29,20,0,22,9,51,52,18,70,121
08/21/2023,BQN,PR,ASO,ES,Federal Contract Tower,25,4,5,3,37,0,0,40,12,52,25,4,45,15,89,76,46,122,211
08/22/2023,BQN,PR,ASO,ES,Federal Contract Tower,24,5,6,0,35,0,0,42,11,53,24,5,48,11,88,116,20,136,224
08/23/2023,BQN,PR,ASO,ES,Federal Contract Tower,20,8,1,0,29,0,0,23,14,37,20,8,24,14,66,48,18,66,132
08/24/2023,BQN,PR,ASO,ES,Federal Contract Tower,38,2,11,3,54,0,0,54,9,63,38,2,65,12,117,34,0,34,151
08/25/2023,BQN,PR,ASO,ES,Federal Contract Tower,28,7,1,0,36,0,0,22,6,28,28,7,23,6,64,0,0,0,64
08/26/2023,BQN,PR,ASO,ES,Federal Contract Tower,12,0,1,0,13,0,0,7,2,9,12,0,8,2,22,0,0,0,22
08/27/2023,BQN,PR,ASO,ES,Federal Contract Tower,20,0,3,1,24,0,0,35,6,41,20,0,38,7,65,54,0,54,119
08/28/2023,BQN,PR,ASO,ES,Federal Contract Tower,28,8,0,1,37,0,0,25,10,35,28,8,25,11,72,54,12,66,138
08/29/2023,BQN,PR,ASO,ES,Federal Contract Tower,27,6,4,0,37,0,0,55,14,69,27,6,59,14,106,80,14,94,200
08/30/2023,BQN,PR,ASO,ES,Federal Contract Tower,23,9,0,1,33,0,0,38,15,53,23,9,38,16,86,90,0,90,176
08/31/2023,BQN,PR,ASO,ES,Federal Contract Tower,28,4,4,1,37,0,0,34,9,43,28,4,38,10,80,76,8,84,164
01/01/2020,BQN,PR,ASO,ES,Federal Contract Tower,4,0,0,0,4,0,0,25,2,27,4,0,25,2,31,2,0,2,33
01/02/2020,BQN,PR,ASO,ES,Federal Contract Tower,9,11,10,1,31,0,0,28,10,38,9,11,38,11,69,38,0,38,107
01/03/2020,BQN,PR,ASO,ES,Federal Contract Tower,16,14,3,0,33,0,0,11,10,21,16,14,14,10,54,20,48,68,122
01/04/2020,BQN,PR,ASO,ES,Federal Contract Tower,5,1,5,1,12,0,0,28,4,32,5,1,33,5,44,32,10,42,86
01/05/2020,BQN,PR,ASO,ES,Federal Contract Tower,10,0,5,0,15,0,0,25,4,29,10,0,30,4,44,30,10,40,84
01/06/2020,BQN,PR,ASO,ES,Federal Contract Tower,13,5,1,1,20,0,0,19,2,21,13,5,20,3,41,0,1,1,42
01/07/2020,BQN,PR,ASO,ES,Federal Contract Tower,13,12,6,0,31,0,0,10,13,23,13,12,16,13,54,2,0,2,56
01/08/2020,BQN,PR,ASO,ES,Federal Contract Tower,18,14,5,3,40,0,0,48,15,63,18,14,53,18,103,31,0,31,134
01/09/2020,BQN,PR,ASO,ES,Federal Contract Tower,9,15,1,0,25,0,0,21,12,33,9,15,22,12,58,2,4,6,64
01/10/2020,BQN,PR,ASO,ES,Federal Contract Tower,11,11,5,0,27,0,0,20,4,24,11,11,25,4,51,0,20,20,71
01/11/2020,BQN,PR,ASO,ES,Federal Contract Tower,9,0,1,0,10,0,0,3,5,8,9,0,4,5,18,0,0,0,18
01/12/2020,BQN,PR,ASO,ES,Federal Contract Tower,5,0,3,0,8,0,0,7,3,10,5,0,10,3,18,0,2,2,20
01/13/2020,BQN,PR,ASO,ES,Federal Contract Tower,4,14,2,0,20,0,0,19,15,34,4,14,21,15,54,41,28,69,123
01/14/2020,BQN,PR,ASO,ES,Federal Contract Tower,13,14,2,0,29,0,0,26,2,28,13,14,28,2,57,18,0,18,75
01/15/2020,BQN,PR,ASO,ES,Federal Contract Tower,12,14,8,1,35,0,0,20,11,31,12,14,28,12,66,44,12,56,122
01/16/2020,BQN,PR,ASO,ES,Federal Contract Tower,14,13,6,0,33,0,0,28,10,38,14,13,34,10,71,26,4,30,101
01/17/2020,BQN,PR,ASO,ES,Federal Contract Tower,7,14,6,0,27,0,0,30,13,43,7,14,36,13,70,28,26,54,124
01/18/2020,BQN,PR,ASO,ES,Federal Contract Tower,7,0,7,0,14,0,0,3,5,8,7,0,10,5,22,6,0,6,28
01/19/2020,BQN,PR,ASO,ES,Federal Contract Tower,4,1,4,0,9,0,0,9,8,17,4,1,13,8,26,10,4,14,40
01/20/2020,BQN,PR,ASO,ES,Federal Contract Tower,10,8,1,0,19,0,0,17,10,27,10,8,18,10,46,22,26,48,94
01/21/2020,BQN,PR,ASO,ES,Federal Contract Tower,12,9,1,0,22,1,0,35,8,44,13,9,36,8,66,54,22,76,142
01/22/2020,BQN,PR,ASO,ES,Federal Contract Tower,14,13,15,2,44,0,0,34,11,45,14,13,49,13,89,18,50,68,157
01/23/2020,BQN,PR,ASO,ES,Federal Contract Tower,15,13,5,0,33,0,0,20,21,41,15,13,25,21,74,32,0,32,106
01/24/2020,BQN,PR,ASO,ES,Federal Contract Tower,20,13,3,0,36,3,0,10,4,17,23,13,13,4,53,18,0,18,71
01/25/2020,BQN,PR,ASO,ES,Federal Contract Tower,9,0,2,0,11,0,0,14,6,20,9,0,16,6,31,30,10,40,71
01/26/2020,BQN,PR,ASO,ES,Federal Contract Tower,10,0,25,1,36,0,0,22,5,27,10,0,47,6,63,24,0,24,87
01/27/2020,BQN,PR,ASO,ES,Federal Contract Tower,9,20,1,0,30,0,0,9,6,15,9,20,10,6,45,0,0,0,45
01/28/2020,BQN,PR,ASO,ES,Federal Contract Tower,11,15,6,1,33,0,0,33,16,49,11,15,39,17,82,50,16,66,148
01/29/2020,BQN,PR,ASO,ES,Federal Contract Tower,16,7,0,2,25,0,0,28,7,35,16,7,28,9,60,30,14,44,104
01/30/2020,BQN,PR,ASO,ES,Federal Contract Tower,22,12,0,0,34,0,0,25,13,38,22,12,25,13,72,28,0,28,100
01/31/2020,BQN,PR,ASO,ES,Federal Contract Tower,12,15,3,0,30,0,0,36,18,54,12,15,39,18,84,18,26,44,128
02/01/2020,BQN,PR,ASO,ES,Federal Contract Tower,15,0,0,0,15,0,0,8,2,10,15,0,8,2,25,16,0,16,41
02/02/2020,BQN,PR,ASO,ES,Federal Contract Tower,7,0,1,0,8,0,0,16,5,21,7,0,17,5,29,0,0,0,29
02/03/2020,BQN,PR,ASO,ES,Federal Contract Tower,14,8,1,0,23,0,0,23,10,33,14,8,24,10,56,32,18,50,106
02/04/2020,BQN,PR,ASO,ES,Federal Contract Tower,17,15,1,1,34,0,0,35,14,49,17,15,36,15,83,14,2,16,99
02/05/2020,BQN,PR,ASO,ES,Federal Contract Tower,15,14,1,0,30,0,0,39,10,49,15,14,40,10,79,36,42,78,157
02/06/2020,BQN,PR,ASO,ES,Federal Contract Tower,16,12,1,0,29,0,0,35,38,73,16,12,36,38,102,16,16,32,134
02/07/2020,BQN,PR,ASO,ES,Federal Contract Tower,19,10,4,0,33,0,0,20,8,28,19,10,24,8,61,14,0,14,75
02/08/2020,BQN,PR,ASO,ES,Federal Contract Tower,7,0,1,0,8,0,0,5,2,7,7,0,6,2,15,2,0,2,17
02/09/2020,BQN,PR,ASO,ES,Federal Contract Tower,7,0,1,0,8,0,0,6,6,12,7,0,7,6,20,0,0,0,20
02/10/2020,BQN,PR,ASO,ES,Federal Contract Tower,20,11,6,1,38,0,0,34,13,47,20,11,40,14,85,40,18,58,143
02/11/2020,BQN,PR,ASO,ES,Federal Contract Tower,13,14,0,0,27,0,0,34,16,50,13,14,34,16,77,18,6,24,101
02/12/2020,BQN,PR,ASO,ES,Federal Contract Tower,12,14,4,1,31,0,0,39,27,66,12,14,43,28,97,28,12,40,137
02/13/2020,BQN,PR,ASO,ES,Federal Contract Tower,17,9,3,0,29,0,0,0,0,0,17,9,3,0,29,48,10,58,87
02/14/2020,BQN,PR,ASO,ES,Federal Contract Tower,16,12,1,0,29,0,0,29,8,37,16,12,30,8,66,26,8,34,100
02/15/2020,BQN,PR,ASO,ES,Federal Contract Tower,4,0,4,0,8,0,0,20,5,25,4,0,24,5,33,2,0,2,35
02/16/2020,BQN,PR,ASO,ES,Federal Contract Tower,5,0,5,0,10,0,0,18,5,23,5,0,23,5,33,18,0,18,51
02/17/2020,BQN,PR,ASO,ES,Federal Contract Tower,6,13,3,0,22,0,0,58,8,66,6,13,61,8,88,48,0,48,136
02/18/2020,BQN,PR,ASO,ES,Federal Contract Tower,18,12,6,0,36,0,0,37,17,54,18,12,43,17,90,34,20,54,144
02/19/2020,BQN,PR,ASO,ES,Federal Contract Tower,29,12,3,1,45,0,0,35,15,50,29,12,38,16,95,32,6,38,133
02/20/2020,BQN,PR,ASO,ES,Federal Contract Tower,15,10,3,2,30,0,0,39,10,49,15,10,42,12,79,68,0,68,147
02/21/2020,BQN,PR,ASO,ES,Federal Contract Tower,17,12,7,0,36,0,0,32,7,39,17,12,39,7,75,36,0,36,111
02/22/2020,BQN,PR,ASO,ES,Federal Contract Tower,10,0,2,0,12,0,0,6,5,11,10,0,8,5,23,8,0,8,31
02/23/2020,BQN,PR,ASO,ES,Federal Contract Tower,4,0,0,0,4,0,0,2,2,4,4,0,2,2,8,0,0,0,8
02/24/2020,BQN,PR,ASO,ES,Federal Contract Tower,9,12,4,2,27,0,0,13,13,26,9,12,17,15,53,20,16,36,89
02/25/2020,BQN,PR,ASO,ES,Federal Contract Tower,17,10,3,0,30,2,0,0,12,14,19,10,3,12,44,12,0,12,56
02/26/2020,BQN,PR,ASO,ES,Federal Contract Tower,8,13,3,1,25,0,0,57,12,69,8,13,60,13,94,40,0,40,134
02/27/2020,BQN,PR,ASO,ES,Federal Contract Tower,12,10,4,0,26,0,0,48,13,61,12,10,52,13,87,68,0,68,155
02/28/2020,BQN,PR,ASO,ES,Federal Contract Tower,11,14,5,1,31,0,0,52,8,60,11,14,57,9,91,44,0,44,135
02/29/2020,BQN,PR,ASO,ES,Federal Contract Tower,14,0,0,0,14,0,0,4,13,17,14,0,4,13,31,12,20,32,63
03/01/2020,BQN,PR,ASO,ES,Federal Contract Tower,21,0,0,0,21,0,0,4,1,5,21,0,4,1,26,2,0,2,28
03/02/2020,BQN,PR,ASO,ES,Federal Contract Tower,10,10,9,1,30,0,0,25,12,37,10,10,34,13,67,26,56,82,149
03/03/2020,BQN,PR,ASO,ES,Federal Contract Tower,14,11,0,1,26,1,0,31,6,38,15,11,31,7,64,36,6,42,106
03/04/2020,BQN,PR,ASO,ES,Federal Contract Tower,7,16,2,3,28,0,0,59,16,75,7,16,61,19,103,74,8,82,185
03/05/2020,BQN,PR,ASO,ES,Federal Contract Tower,12,12,2,0,26,0,0,20,15,35,12,12,22,15,61,8,8,16,77
03/06/2020,BQN,PR,ASO,ES,Federal Contract Tower,11,12,2,4,29,1,0,19,11,31,12,12,21,15,60,22,0,22,82
03/07/2020,BQN,PR,ASO,ES,Federal Contract Tower,6,0,0,0,6,0,0,0,7,7,6,0,0,7,13,0,0,0,13
03/08/2020,BQN,PR,ASO,ES,Federal Contract Tower,5,0,0,2,7,0,0,2,1,3,5,0,2,3,10,0,0,0,10
03/09/2020,BQN,PR,ASO,ES,Federal Contract Tower,8,11,8,0,27,0,0,2,7,9,8,11,10,7,36,0,24,24,60
03/10/2020,BQN,PR,ASO,ES,Federal Contract Tower,17,12,9,0,38,0,0,48,21,69,17,12,57,21,107,24,0,24,131
03/11/2020,BQN,PR,ASO,ES,Federal Contract Tower,14,9,4,3,30,0,0,26,11,37,14,9,30,14,67,24,16,40,107
03/12/2020,BQN,PR,ASO,ES,Federal Contract Tower,12,10,5,0,27,0,0,27,9,36,12,10,32,9,63,46,0,46,109
03/13/2020,BQN,PR,ASO,ES,Federal Contract Tower,13,10,4,0,27,0,0,17,12,29,13,10,21,12,56,34,19,53,109
03/14/2020,BQN,PR,ASO,ES,Federal Contract Tower,5,0,0,2,7,0,0,2,3,5,5,0,2,5,12,0,4,4,16
03/15/2020,BQN,PR,ASO,ES,Federal Contract Tower,4,0,2,2,8,0,0,1,5,6,4,0,3,7,14,0,12,12,26
03/16/2020,BQN,PR,ASO,ES,Federal Contract Tower,11,7,3,1,22,0,0,13,1,14,11,7,16,2,36,4,0,4,40
03/17/2020,BQN,PR,ASO,ES,Federal Contract Tower,14,7,4,4,29,0,0,24,9,33,14,7,28,13,62,14,8,22,84
03/18/2020,BQN,PR,ASO,ES,Federal Contract Tower,13,8,2,1,24,0,0,12,6,18,13,8,14,7,42,0,4,4,46
03/19/2020,BQN,PR,ASO,ES,Federal Contract Tower,8,12,3,1,24,0,0,27,9,36,8,12,30,10,60,10,0,10,70
03/20/2020,BQN,PR,ASO,ES,Federal Contract Tower,20,7,2,0,29,0,0,12,7,19,20,7,14,7,48,12,16,28,76
03/21/2020,BQN,PR,ASO,ES,Federal Contract Tower,2,0,0,0,2,0,0,1,11,12,2,0,1,11,14,0,0,0,14
03/22/2020,BQN,PR,ASO,ES,Federal Contract Tower,2,0,3,1,6,0,0,4,7,11,2,0,7,8,17,0,34,34,51
03/23/2020,BQN,PR,ASO,ES,Federal Contract Tower,12,7,0,0,19,0,0,17,5,22,12,7,17,5,41,24,0,24,65
03/24/2020,BQN,PR,ASO,ES,Federal Contract Tower,11,7,2,0,20,0,0,18,14,32,11,7,20,14,52,24,34,58,110
03/25/2020,BQN,PR,ASO,ES,Federal Contract Tower,10,6,0,0,16,0,0,19,10,29,10,6,19,10,45,26,24,50,95
03/26/2020,BQN,PR,ASO,ES,Federal Contract Tower,12,6,1,0,19,0,0,20,9,29,12,6,21,9,48,8,22,30,78
03/27/2020,BQN,PR,ASO,ES,Federal Contract Tower,7,8,0,0,15,0,0,19,8,27,7,8,19,8,42,14,0,14,56
03/28/2020,BQN,PR,ASO,ES,Federal Contract Tower,1,0,2,1,4,0,0,1,2,3,1,0,3,3,7,0,24,24,31
03/29/2020,BQN,PR,ASO,ES,Federal Contract Tower,1,0,1,1,3,0,0,0,6,6,1,0,1,7,9,0,34,34,43
03/30/2020,BQN,PR,ASO,ES,Federal Contract Tower,8,8,1,1,18,0,0,17,10,27,8,8,18,11,45,10,36,46,91
03/31/2020,BQN,PR,ASO,ES,Federal Contract Tower,9,9,1,1,20,0,0,31,17,48,9,9,32,18,68,52,18,70,138
04/01/2020,BQN,PR,ASO,ES,Federal Contract Tower,7,7,2,0,16,0,0,16,15,31,7,7,18,15,47,40,24,64,111
04/02/2020,BQN,PR,ASO,ES,Federal Contract Tower,6,6,0,0,12,0,0,15,13,28,6,6,15,13,40,32,20,52,92
04/03/2020,BQN,PR,ASO,ES,Federal Contract Tower,13,8,0,0,21,0,0,17,11,28,13,8,17,11,49,38,10,48,97
04/04/2020,BQN,PR,ASO,ES,Federal Contract Tower,0,0,2,1,3,0,0,18,10,28,0,0,20,11,31,42,8,50,81
04/05/2020,BQN,PR,ASO,ES,Federal Contract Tower,1,0,0,0,1,0,0,2,9,11,1,0,2,9,12,0,50,50,62
04/06/2020,BQN,PR,ASO,ES,Federal Contract Tower,4,8,0,1,13,0,0,5,10,15,4,8,5,11,28,26,56,82,110
04/07/2020,BQN,PR,ASO,ES,Federal Contract Tower,7,12,3,0,22,0,0,12,17,29,7,12,15,17,51,0,34,34,85
04/08/2020,BQN,PR,ASO,ES,Federal Contract Tower,10,5,6,0,21,0,0,16,11,27,10,5,22,11,48,6,14,20,68
04/10/2020,BQN,PR,ASO,ES,Federal Contract Tower,0,0,0,0,0,0,0,23,13,36,0,0,23,13,36,6,2,8,44
04/11/2020,BQN,PR,ASO,ES,Federal Contract Tower,0,0,0,1,1,0,0,11,8,19,0,0,11,9,20,22,22,44,64
04/12/2020,BQN,PR,ASO,ES,Federal Contract Tower,0,0,0,0,0,0,0,1,10,11,0,0,1,10,11,0,0,0,11
04/13/2020,BQN,PR,ASO,ES,Federal Contract Tower,3,2,0,0,5,0,0,11,8,19,3,2,11,8,24,0,0,0,24
04/14/2020,BQN,PR,ASO,ES,Federal Contract Tower,9,10,0,1,20,0,0,38,15,53,9,10,38,16,73,42,32,74,147
04/15/2020,BQN,PR,ASO,ES,Federal Contract Tower,8,2,0,0,10,0,0,15,9,24,8,2,15,9,34,14,34,48,82
04/16/2020,BQN,PR,ASO,ES,Federal Contract Tower,6,10,0,0,16,0,0,26,9,35,6,10,26,9,51,48,4,52,103
04/17/2020,BQN,PR,ASO,ES,Federal Contract Tower,4,3,1,2,10,0,0,15,12,27,4,3,16,14,37,30,0,30,67
04/18/2020,BQN,PR,ASO,ES,Federal Contract Tower,0,0,0,0,0,0,0,29,8,37,0,0,29,8,37,6,0,6,43
04/19/2020,BQN,PR,ASO,ES,Federal Contract Tower,2,1,2,1,6,0,1,6,7,14,2,2,8,8,20,14,14,28,48
04/20/2020,BQN,PR,ASO,ES,Federal Contract Tower,7,7,0,1,15,0,0,17,4,21,7,7,17,5,36,28,18,46,82
04/21/2020,BQN,PR,ASO,ES,Federal Contract Tower,5,1,1,0,7,0,0,17,12,29,5,1,18,12,36,50,34,84,120
04/22/2020,BQN,PR,ASO,ES,Federal Contract Tower,7,9,2,0,18,0,0,30,10,40,7,9,32,10,58,30,38,68,126
04/23/2020,BQN,PR,ASO,ES,Federal Contract Tower,8,3,0,0,11,0,0,30,3,33,8,3,30,3,44,30,16,46,90
04/24/2020,BQN,PR,ASO,ES,Federal Contract Tower,8,6,2,2,18,0,0,41,8,49,8,6,43,10,67,32,8,40,107
04/25/2020,BQN,PR,ASO,ES,Federal Contract Tower,2,0,0,0,2,0,0,29,10,39,2,0,29,10,41,12,4,16,57
04/26/2020,BQN,PR,ASO,ES,Federal Contract Tower,0,0,0,0,0,0,0,12,4,16,0,0,12,4,16,10,10,20,36
04/27/2020,BQN,PR,ASO,ES,Federal Contract Tower,4,4,0,1,9,0,0,18,8,26,4,4,18,9,35,26,12,38,73
04/28/2020,BQN,PR,ASO,ES,Federal Contract Tower,11,4,0,1,16,0,0,45,19,64,11,4,45,20,80,42,18,60,140
04/29/2020,BQN,PR,ASO,ES,Federal Contract Tower,7,5,0,0,12,0,0,41,9,50,7,5,41,9,62,56,54,110,172
04/30/2020,BQN,PR,ASO,ES,Federal Contract Tower,6,8,2,0,16,0,0,45,29,74,6,8,47,29,90,62,6,68,158
05/01/2020,BQN,PR,ASO,ES,Federal Contract Tower,8,4,3,0,15,0,0,28,9,37,8,4,31,9,52,22,20,42,94
05/02/2020,BQN,PR,ASO,ES,Federal Contract Tower,2,0,0,0,2,0,0,25,9,34,2,0,25,9,36,18,48,66,102
05/03/2020,BQN,PR,ASO,ES,Federal Contract Tower,0,0,1,0,1,0,0,20,3,23,0,0,21,3,24,8,10,18,42
05/04/2020,BQN,PR,ASO,ES,Federal Contract Tower,5,8,2,1,16,0,0,32,10,42,5,8,34,11,58,42,34,76,134
05/05/2020,BQN,PR,ASO,ES,Federal Contract Tower,7,2,0,1,10,0,0,52,15,67,7,2,52,16,77,66,24,90,167
05/06/2020,BQN,PR,ASO,ES,Federal Contract Tower,9,8,0,0,17,0,0,44,10,54,9,8,44,10,71,70,22,92,163
05/07/2020,BQN,PR,ASO,ES,Federal Contract Tower,7,2,1,0,10,0,0,35,20,55,7,2,36,20,65,14,2,16,81
05/08/2020,BQN,PR,ASO,ES,Federal Contract Tower,6,8,3,0,17,0,0,25,24,49,6,8,28,24,66,14,2,16,82
05/09/2020,BQN,PR,ASO,ES,Federal Contract Tower,0,0,0,0,0,0,0,23,11,34,0,0,23,11,34,42,20,62,96
05/10/2020,BQN,PR,ASO,ES,Federal Contract Tower,0,0,0,0,0,0,0,5,4,9,0,0,5,4,9,8,26,34,43
05/11/2020,BQN,PR,ASO,ES,Federal Contract Tower,7,8,4,0,19,0,0,25,10,35,7,8,29,10,54,46,30,76,130
05/12/2020,BQN,PR,ASO,ES,Federal Contract Tower,4,5,0,1,10,0,0,37,11,48,4,5,37,12,58,22,32,54,112
05/13/2020,BQN,PR,ASO,ES,Federal Contract Tower,8,6,2,0,16,0,0,34,13,47,8,6,36,13,63,36,18,54,117
05/14/2020,BQN,PR,ASO,ES,Federal Contract Tower,7,2,2,2,13,0,0,56,24,80,7,2,58,26,93,20,0,20,113
05/15/2020,BQN,PR,ASO,ES,Federal Contract Tower,11,10,1,0,22,0,0,16,8,24,11,10,17,8,46,0,2,2,48
05/16/2020,BQN,PR,ASO,ES,Federal Contract Tower,0,0,0,0,0,0,0,6,9,15,0,0,6,9,15,6,12,18,33
05/17/2020,BQN,PR,ASO,ES,Federal Contract Tower,0,0,1,0,1,0,0,0,3,3,0,0,1,3,4,0,10,10,14
05/18/2020,BQN,PR,ASO,ES,Federal Contract Tower,11,6,0,0,17,0,0,37,12,49,11,6,37,12,66,22,32,54,120
05/19/2020,BQN,PR,ASO,ES,Federal Contract Tower,7,11,1,0,19,0,0,50,16,66,7,11,51,16,85,18,20,38,123
05/20/2020,BQN,PR,ASO,ES,Federal Contract Tower,13,9,2,0,24,0,0,49,14,63,13,9,51,14,87,18,10,28,115
05/21/2020,BQN,PR,ASO,ES,Federal Contract Tower,7,10,3,0,20,0,0,37,23,60,7,10,40,23,80,16,14,30,110
05/22/2020,BQN,PR,ASO,ES,Federal Contract Tower,10,13,6,0,29,0,0,37,14,51,10,13,43,14,80,22,26,48,128
05/23/2020,BQN,PR,ASO,ES,Federal Contract Tower,0,0,0,0,0,0,0,10,5,15,0,0,10,5,15,0,0,0,15
05/24/2020,BQN,PR,ASO,ES,Federal Contract Tower,0,0,0,0,0,0,0,0,3,3,0,0,0,3,3,0,22,22,25
05/25/2020,BQN,PR,ASO,ES,Federal Contract Tower,0,2,1,0,3,0,0,21,10,31,0,2,22,10,34,16,60,76,110
05/26/2020,BQN,PR,ASO,ES,Federal Contract Tower,10,9,3,1,23,0,0,16,11,27,10,9,19,12,50,18,24,42,92
05/27/2020,BQN,PR,ASO,ES,Federal Contract Tower,10,9,3,3,25,0,0,25,20,45,10,9,28,23,70,22,10,32,102
05/28/2020,BQN,PR,ASO,ES,Federal Contract Tower,6,7,3,0,16,0,0,54,23,77,6,7,57,23,93,14,14,28,121
05/29/2020,BQN,PR,ASO,ES,Federal Contract Tower,8,9,0,0,17,0,0,20,3,23,8,9,20,3,40,0,18,18,58
05/30/2020,BQN,PR,ASO,ES,Federal Contract Tower,0,0,0,0,0,0,0,3,7,10,0,0,3,7,10,2,0,2,12
05/31/2020,BQN,PR,ASO,ES,Federal Contract Tower,1,0,0,1,2,0,0,3,3,6,1,0,3,4,8,0,12,12,20
06/01/2020,BQN,PR,ASO,ES,Federal Contract Tower,4,2,2,0,8,0,0,14,9,23,4,2,16,9,31,24,24,48,79
06/02/2020,BQN,PR,ASO,ES,Federal Contract Tower,12,8,0,0,20,0,0,37,10,47,12,8,37,10,67,18,16,34,101
06/03/2020,BQN,PR,ASO,ES,Federal Contract Tower,10,10,4,0,24,0,0,46,29,75,10,10,50,29,99,66,0,66,165
06/04/2020,BQN,PR,ASO,ES,Federal Contract Tower,16,6,1,0,23,0,0,55,16,71,16,6,56,16,94,20,0,20,114
06/05/2020,BQN,PR,ASO,ES,Federal Contract Tower,9,8,1,0,18,0,0,31,7,38,9,8,32,7,56,0,8,8,64
06/06/2020,BQN,PR,ASO,ES,Federal Contract Tower,0,0,0,0,0,0,0,0,3,3,0,0,0,3,3,0,20,20,23
06/07/2020,BQN,PR,ASO,ES,Federal Contract Tower,0,0,2,0,2,0,0,0,7,7,0,0,2,7,9,0,26,26,35
06/08/2020,BQN,PR,ASO,ES,Federal Contract Tower,9,8,1,0,18,0,0,19,12,31,9,8,20,12,49,22,14,36,85
06/09/2020,BQN,PR,ASO,ES,Federal Contract Tower,8,6,0,0,14,0,0,28,14,42,8,6,28,14,56,24,22,46,102
06/10/2020,BQN,PR,ASO,ES,Federal Contract Tower,14,6,0,2,22,0,0,37,18,55,14,6,37,20,77,46,18,64,141
06/11/2020,BQN,PR,ASO,ES,Federal Contract Tower,5,4,2,0,11,0,0,57,29,86,5,4,59,29,97,32,16,48,145
06/12/2020,BQN,PR,ASO,ES,Federal Contract Tower,7,10,3,1,21,0,0,34,16,50,7,10,37,17,71,4,6,10,81
06/13/2020,BQN,PR,ASO,ES,Federal Contract Tower,0,0,0,0,0,0,0,24,6,30,0,0,24,6,30,12,0,12,42
06/14/2020,BQN,PR,ASO,ES,Federal Contract Tower,0,0,4,0,4,0,0,11,3,14,0,0,15,3,18,30,10,40,58
06/15/2020,BQN,PR,ASO,ES,Federal Contract Tower,5,10,2,2,19,0,0,13,11,24,5,10,15,13,43,24,16,40,83
06/16/2020,BQN,PR,ASO,ES,Federal Contract Tower,5,5,0,1,11,0,0,16,22,38,5,5,16,23,49,22,12,34,83
06/17/2020,BQN,PR,ASO,ES,Federal Contract Tower,13,9,0,0,22,0,0,27,17,44,13,9,27,17,66,78,26,104,170
06/18/2020,BQN,PR,ASO,ES,Federal Contract Tower,10,9,6,2,27,0,0,32,21,53,10,9,38,23,80,10,16,26,106
06/19/2020,BQN,PR,ASO,ES,Federal Contract Tower,9,11,2,1,23,0,0,27,8,35,9,11,29,9,58,34,0,34,92
06/20/2020,BQN,PR,ASO,ES,Federal Contract Tower,1,0,3,0,4,0,0,21,8,29,1,0,24,8,33,28,10,38,71
06/21/2020,BQN,PR,ASO,ES,Federal Contract Tower,1,0,2,0,3,0,0,16,1,17,1,0,18,1,20,10,0,10,30
06/22/2020,BQN,PR,ASO,ES,Federal Contract Tower,6,13,2,0,21,0,0,27,7,34,6,13,29,7,55,24,16,40,95
06/23/2020,BQN,PR,ASO,ES,Federal Contract Tower,8,4,1,2,15,0,0,5,3,8,8,4,6,5,23,0,0,0,23
06/24/2020,BQN,PR,ASO,ES,Federal Contract Tower,13,9,6,0,28,0,0,16,13,29,13,9,22,13,57,22,16,38,95
06/25/2020,BQN,PR,ASO,ES,Federal Contract Tower,8,8,0,0,16,0,0,21,9,30,8,8,21,9,46,4,4,8,54
06/26/2020,BQN,PR,ASO,ES,Federal Contract Tower,8,9,2,0,19,0,0,24,13,37,8,9,26,13,56,24,6,30,86
06/27/2020,BQN,PR,ASO,ES,Federal Contract Tower,2,0,1,0,3,0,0,10,2,12,2,0,11,2,15,24,0,24,39
06/28/2020,BQN,PR,ASO,ES,Federal Contract Tower,4,0,0,0,4,0,0,3,0,3,4,0,3,0,7,0,0,0,7
06/29/2020,BQN,PR,ASO,ES,Federal Contract Tower,8,8,2,0,18,0,0,27,9,36,8,8,29,9,54,38,24,62,116
06/30/2020,BQN,PR,ASO,ES,Federal Contract Tower,10,3,0,1,14,0,0,30,9,39,10,3,30,10,53,32,14,46,99
07/01/2020,BQN,PR,ASO,ES,Federal Contract Tower,9,4,5,0,18,0,0,32,14,46,9,4,37,14,64,26,18,44,108
07/02/2020,BQN,PR,ASO,ES,Federal Contract Tower,5,8,1,0,14,0,0,31,14,45,5,8,32,14,59,38,0,38,97
07/03/2020,BQN,PR,ASO,ES,Federal Contract Tower,12,8,4,0,24,0,0,31,4,35,12,8,35,4,59,24,0,24,83
07/04/2020,BQN,PR,ASO,ES,Federal Contract Tower,0,0,2,0,2,0,0,28,7,35,0,0,30,7,37,10,0,10,47
07/05/2020,BQN,PR,ASO,ES,Federal Contract Tower,2,0,0,0,2,0,0,14,1,15,2,0,14,1,17,36,6,42,59
07/06/2020,BQN,PR,ASO,ES,Federal Contract Tower,6,9,0,2,17,0,0,25,10,35,6,9,25,12,52,34,22,56,108
07/07/2020,BQN,PR,ASO,ES,Federal Contract Tower,13,3,3,1,20,0,0,24,11,35,13,3,27,12,55,8,40,48,103
07/08/2020,BQN,PR,ASO,ES,Federal Contract Tower,11,4,4,1,20,0,0,23,13,36,11,4,27,14,56,8,36,44,100
07/09/2020,BQN,PR,ASO,ES,Federal Contract Tower,9,6,4,0,19,0,0,28,10,38,9,6,32,10,57,32,12,44,101
07/10/2020,BQN,PR,ASO,ES,Federal Contract Tower,7,8,0,0,15,0,0,29,6,35,7,8,29,6,50,46,12,58,108
07/11/2020,BQN,PR,ASO,ES,Federal Contract Tower,0,0,2,0,2,0,0,37,3,40,0,0,39,3,42,68,0,68,110
07/13/2020,BQN,PR,ASO,ES,Federal Contract Tower,8,8,2,0,18,0,0,21,11,32,8,8,23,11,50,24,30,54,104
07/14/2020,BQN,PR,ASO,ES,Federal Contract Tower,9,2,0,0,11,0,0,35,17,52,9,2,35,17,63,24,26,50,113
07/15/2020,BQN,PR,ASO,ES,Federal Contract Tower,9,6,2,0,17,0,0,40,18,58,9,6,42,18,75,28,22,50,125
07/16/2020,BQN,PR,ASO,ES,Federal Contract Tower,8,6,1,1,16,0,2,22,6,30,8,8,23,7,46,20,38,58,104
07/17/2020,BQN,PR,ASO,ES,Federal Contract Tower,8,10,5,0,23,0,0,33,12,45,8,10,38,12,68,28,50,78,146
07/18/2020,BQN,PR,ASO,ES,Federal Contract Tower,0,0,0,0,0,0,0,27,4,31,0,0,27,4,31,66,0,66,97
07/19/2020,BQN,PR,ASO,ES,Federal Contract Tower,5,1,1,1,8,0,0,14,4,18,5,1,15,5,26,92,0,92,118
07/20/2020,BQN,PR,ASO,ES,Federal Contract Tower,7,6,1,3,17,2,2,24,16,44,9,8,25,19,61,14,18,32,93
07/21/2020,BQN,PR,ASO,ES,Federal Contract Tower,10,2,2,0,14,0,0,37,5,42,10,2,39,5,56,52,24,76,132
07/22/2020,BQN,PR,ASO,ES,Federal Contract Tower,11,4,1,1,17,0,0,36,14,50,11,4,37,15,67,34,36,70,137
07/23/2020,BQN,PR,ASO,ES,Federal Contract Tower,7,5,4,1,17,0,1,35,8,44,7,6,39,9,61,38,0,38,99
07/24/2020,BQN,PR,ASO,ES,Federal Contract Tower,8,9,2,0,19,0,0,24,10,34,8,9,26,10,53,0,0,0,53
07/25/2020,BQN,PR,ASO,ES,Federal Contract Tower,0,0,0,1,1,0,0,20,5,25,0,0,20,6,26,36,0,36,62
07/26/2020,BQN,PR,ASO,ES,Federal Contract Tower,2,0,3,0,5,0,0,11,3,14,2,0,14,3,19,34,0,34,53
07/27/2020,BQN,PR,ASO,ES,Federal Contract Tower,7,7,5,0,19,0,0,20,6,26,7,7,25,6,45,36,12,48,93
07/28/2020,BQN,PR,ASO,ES,Federal Contract Tower,12,5,2,0,19,0,0,44,15,59,12,5,46,15,78,64,18,82,160
07/29/2020,BQN,PR,ASO,ES,Federal Contract Tower,7,2,1,0,10,0,0,19,8,27,7,2,20,8,37,0,0,0,37
07/30/2020,BQN,PR,ASO,ES,Federal Contract Tower,9,6,0,0,15,0,0,0,4,4,9,6,0,4,19,0,0,0,19
07/31/2020,BQN,PR,ASO,ES,Federal Contract Tower,12,9,2,0,23,0,0,34,17,51,12,9,36,17,74,28,0,28,102
08/01/2020,BQN,PR,ASO,ES,Federal Contract Tower,0,0,0,0,0,0,0,25,10,35,0,0,25,10,35,16,36,52,87
08/02/2020,BQN,PR,ASO,ES,Federal Contract Tower,1,0,2,0,3,0,0,14,2,16,1,0,16,2,19,20,0,20,39
08/03/2020,BQN,PR,ASO,ES,Federal Contract Tower,5,7,3,0,15,0,0,28,11,39,5,7,31,11,54,30,8,38,92
08/04/2020,BQN,PR,ASO,ES,Federal Contract Tower,14,8,7,1,30,0,0,33,4,37,14,8,40,5,67,56,10,66,133
08/05/2020,BQN,PR,ASO,ES,Federal Contract Tower,12,11,5,0,28,0,0,25,19,44,12,11,30,19,72,66,62,128,200
08/06/2020,BQN,PR,ASO,ES,Federal Contract Tower,11,15,0,0,26,0,0,27,18,45,11,15,27,18,71,26,0,26,97
08/07/2020,BQN,PR,ASO,ES,Federal Contract Tower,9,17,2,2,30,0,0,17,5,22,9,17,19,7,52,18,0,18,70
08/08/2020,BQN,PR,ASO,ES,Federal Contract Tower,0,0,3,0,3,0,0,34,7,41,0,0,37,7,44,82,20,102,146
08/10/2020,BQN,PR,ASO,ES,Federal Contract Tower,11,6,6,0,23,0,0,30,13,43,11,6,36,13,66,56,12,68,134
08/11/2020,BQN,PR,ASO,ES,Federal Contract Tower,14,6,2,1,23,0,0,29,17,46,14,6,31,18,69,46,0,46,115
08/12/2020,BQN,PR,ASO,ES,Federal Contract Tower,12,6,4,1,23,0,0,28,14,42,12,6,32,15,65,64,24,88,153
08/13/2020,BQN,PR,ASO,ES,Federal Contract Tower,9,11,3,2,25,0,0,50,16,66,9,11,53,18,91,20,4,24,115
08/14/2020,BQN,PR,ASO,ES,Federal Contract Tower,10,11,3,0,24,0,0,12,5,17,10,11,15,5,41,6,0,6,47
08/16/2020,BQN,PR,ASO,ES,Federal Contract Tower,3,0,0,0,3,0,0,7,2,9,3,0,7,2,12,0,0,0,12
08/17/2020,BQN,PR,ASO,ES,Federal Contract Tower,7,10,2,0,19,0,0,29,9,38,7,10,31,9,57,76,12,88,145
08/18/2020,BQN,PR,ASO,ES,Federal Contract Tower,12,8,4,0,24,0,0,42,19,61,12,8,46,19,85,28,24,52,137
08/19/2020,BQN,PR,ASO,ES,Federal Contract Tower,16,6,3,0,25,0,0,49,18,67,16,6,52,18,92,42,30,72,164
08/20/2020,BQN,PR,ASO,ES,Federal Contract Tower,12,9,2,0,23,0,0,28,10,38,12,9,30,10,61,32,20,52,113
08/21/2020,BQN,PR,ASO,ES,Federal Contract Tower,10,15,6,2,33,0,0,20,11,31,10,15,26,13,64,18,18,36,100
08/22/2020,BQN,PR,ASO,ES,Federal Contract Tower,0,0,0,0,0,0,0,0,2,2,0,0,0,2,2,0,10,10,12
08/23/2020,BQN,PR,ASO,ES,Federal Contract Tower,3,1,6,0,10,0,0,8,0,8,3,1,14,0,18,6,0,6,24
08/24/2020,BQN,PR,ASO,ES,Federal Contract Tower,8,11,2,0,21,0,0,26,13,39,8,11,28,13,60,36,16,52,112
08/25/2020,BQN,PR,ASO,ES,Federal Contract Tower,13,5,1,0,19,0,0,28,17,45,13,5,29,17,64,38,32,70,134
08/26/2020,BQN,PR,ASO,ES,Federal Contract Tower,10,6,1,0,17,0,0,33,11,44,10,6,34,11,61,42,36,78,139
08/27/2020,BQN,PR,ASO,ES,Federal Contract Tower,14,9,2,0,25,0,0,37,15,52,14,9,39,15,77,56,0,56,133
08/28/2020,BQN,PR,ASO,ES,Federal Contract Tower,12,14,3,0,29,0,0,42,10,52,12,14,45,10,81,36,14,50,131
08/29/2020,BQN,PR,ASO,ES,Federal Contract Tower,0,0,1,0,1,0,0,70,3,73,0,0,71,3,74,28,0,28,102
08/30/2020,BQN,PR,ASO,ES,Federal Contract Tower,2,0,3,1,6,0,0,15,3,18,2,0,18,4,24,14,8,22,46
08/31/2020,BQN,PR,ASO,ES,Federal Contract Tower,8,10,1,1,20,0,0,21,13,34,8,10,22,14,54,26,32,58,112
09/01/2020,BQN,PR,ASO,ES,Federal Contract Tower,12,9,4,0,25,0,0,32,16,48,12,9,36,16,73,20,4,24,97
09/02/2020,BQN,PR,ASO,ES,Federal Contract Tower,9,8,3,1,21,0,0,44,9,53,9,8,47,10,74,30,30,60,134
09/03/2020,BQN,PR,ASO,ES,Federal Contract Tower,11,10,2,0,23,0,0,48,30,78,11,10,50,30,101,28,8,36,137
09/04/2020,BQN,PR,ASO,ES,Federal Contract Tower,12,8,3,0,23,0,1,23,4,28,12,9,26,4,51,30,0,30,81
09/05/2020,BQN,PR,ASO,ES,Federal Contract Tower,0,0,0,0,0,0,0,36,4,40,0,0,36,4,40,74,2,76,116
09/06/2020,BQN,PR,ASO,ES,Federal Contract Tower,2,0,0,1,3,0,0,21,5,26,2,0,21,6,29,32,0,32,61
09/07/2020,BQN,PR,ASO,ES,Federal Contract Tower,2,0,2,0,4,0,1,24,12,37,2,1,26,12,41,0,0,0,41
09/08/2020,BQN,PR,ASO,ES,Federal Contract Tower,12,8,0,0,20,0,0,27,12,39,12,8,27,12,59,14,0,14,73
09/09/2020,BQN,PR,ASO,ES,Federal Contract Tower,12,6,1,3,22,0,0,36,23,59,12,6,37,26,81,60,0,60,141
09/10/2020,BQN,PR,ASO,ES,Federal Contract Tower,8,11,2,2,23,0,0,35,24,59,8,11,37,26,82,34,6,40,122
09/11/2020,BQN,PR,ASO,ES,Federal Contract Tower,13,10,1,1,25,0,0,33,5,38,13,10,34,6,63,38,18,56,119
09/12/2020,BQN,PR,ASO,ES,Federal Contract Tower,0,0,5,0,5,0,0,59,2,61,0,0,64,2,66,76,0,76,142
09/13/2020,BQN,PR,ASO,ES,Federal Contract Tower,2,0,0,0,2,0,0,12,4,16,2,0,12,4,18,4,0,4,22
09/14/2020,BQN,PR,ASO,ES,Federal Contract Tower,11,8,0,3,22,0,0,22,16,38,11,8,22,19,60,34,28,62,122
09/15/2020,BQN,PR,ASO,ES,Federal Contract Tower,18,11,3,0,32,0,0,42,18,60,18,11,45,18,92,36,0,36,128
09/16/2020,BQN,PR,ASO,ES,Federal Contract Tower,10,9,4,3,26,0,0,55,6,61,10,9,59,9,87,102,12,114,201
09/17/2020,BQN,PR,ASO,ES,Federal Contract Tower,13,10,2,0,25,0,0,62,23,85,13,10,64,23,110,38,18,56,166
09/18/2020,BQN,PR,ASO,ES,Federal Contract Tower,12,8,4,0,24,0,0,42,25,67,12,8,46,25,91,30,0,30,121
09/19/2020,BQN,PR,ASO,ES,Federal Contract Tower,0,0,1,0,1,0,0,41,10,51,0,0,42,10,52,54,0,54,106
09/20/2020,BQN,PR,ASO,ES,Federal Contract Tower,4,0,1,0,5,0,0,20,1,21,4,0,21,1,26,2,0,2,28
09/21/2020,BQN,PR,ASO,ES,Federal Contract Tower,4,11,0,0,15,0,0,28,13,41,4,11,28,13,56,32,40,72,128
09/22/2020,BQN,PR,ASO,ES,Federal Contract Tower,18,6,4,2,30,0,0,35,15,50,18,6,39,17,80,24,16,40,120
09/23/2020,BQN,PR,ASO,ES,Federal Contract Tower,9,7,7,0,23,0,0,36,14,50,9,7,43,14,73,44,0,44,117
09/24/2020,BQN,PR,ASO,ES,Federal Contract Tower,10,8,2,0,20,0,0,46,21,67,10,8,48,21,87,8,0,8,95
09/25/2020,BQN,PR,ASO,ES,Federal Contract Tower,11,8,0,0,19,0,0,20,8,28,11,8,20,8,47,34,0,34,81
09/26/2020,BQN,PR,ASO,ES,Federal Contract Tower,2,0,2,0,4,0,0,18,5,23,2,0,20,5,27,56,6,62,89
09/27/2020,BQN,PR,ASO,ES,Federal Contract Tower,1,0,2,0,3,0,0,1,2,3,1,0,3,2,6,0,0,0,6
09/28/2020,BQN,PR,ASO,ES,Federal Contract Tower,10,8,3,1,22,0,0,24,9,33,10,8,27,10,55,38,20,58,113
09/29/2020,BQN,PR,ASO,ES,Federal Contract Tower,15,7,0,1,23,0,0,23,12,35,15,7,23,13,58,46,4,50,108
09/30/2020,BQN,PR,ASO,ES,Federal Contract Tower,9,6,0,1,16,0,0,20,7,27,9,6,20,8,43,94,0,94,137
10/01/2020,BQN,PR,ASO,ES,Federal Contract Tower,14,10,1,0,25,0,0,44,17,61,14,10,45,17,86,56,132,188,274
10/02/2020,BQN,PR,ASO,ES,Federal Contract Tower,10,8,4,0,22,0,0,35,10,45,10,8,39,10,67,22,0,22,89
10/03/2020,BQN,PR,ASO,ES,Federal Contract Tower,0,0,1,0,1,0,0,43,5,48,0,0,44,5,49,24,8,32,81
10/04/2020,BQN,PR,ASO,ES,Federal Contract Tower,2,2,2,1,7,0,1,3,1,5,2,3,5,2,12,14,0,14,26
10/05/2020,BQN,PR,ASO,ES,Federal Contract Tower,3,11,3,1,18,0,0,35,14,49,3,11,38,15,67,60,26,86,153
10/06/2020,BQN,PR,ASO,ES,Federal Contract Tower,17,5,0,1,23,0,0,24,13,37,17,5,24,14,60,38,24,62,122
10/07/2020,BQN,PR,ASO,ES,Federal Contract Tower,13,6,2,1,22,0,0,34,9,43,13,6,36,10,65,74,40,114,179
10/08/2020,BQN,PR,ASO,ES,Federal Contract Tower,14,11,3,0,28,0,0,31,15,46,14,11,34,15,74,74,48,122,196
10/09/2020,BQN,PR,ASO,ES,Federal Contract Tower,12,10,2,1,25,0,0,30,4,34,12,10,32,5,59,36,10,46,105
10/10/2020,BQN,PR,ASO,ES,Federal Contract Tower,0,0,1,0,1,0,0,11,6,17,0,0,12,6,18,2,0,2,20
10/11/2020,BQN,PR,ASO,ES,Federal Contract Tower,2,0,0,0,2,0,0,0,2,2,2,0,0,2,4,0,0,0,4
10/12/2020,BQN,PR,ASO,ES,Federal Contract Tower,7,9,0,0,16,0,0,18,10,28,7,9,18,10,44,24,20,44,88
10/13/2020,BQN,PR,ASO,ES,Federal Contract Tower,16,8,2,1,27,0,0,55,8,63,16,8,57,9,90,38,2,40,130
10/14/2020,BQN,PR,ASO,ES,Federal Contract Tower,11,9,0,2,22,0,0,30,24,54,11,9,30,26,76,24,40,64,140
10/15/2020,BQN,PR,ASO,ES,Federal Contract Tower,11,10,2,0,23,0,0,54,17,71,11,10,56,17,94,54,0,54,148
10/16/2020,BQN,PR,ASO,ES,Federal Contract Tower,11,12,0,0,23,0,0,57,18,75,11,12,57,18,98,34,0,34,132
10/17/2020,BQN,PR,ASO,ES,Federal Contract Tower,0,0,1,0,1,0,0,35,4,39,0,0,36,4,40,46,0,46,86
10/18/2020,BQN,PR,ASO,ES,Federal Contract Tower,2,0,0,0,2,0,0,14,2,16,2,0,14,2,18,4,0,4,22
10/19/2020,BQN,PR,ASO,ES,Federal Contract Tower,8,9,3,0,20,0,0,46,13,59,8,9,49,13,79,102,14,116,195
10/20/2020,BQN,PR,ASO,ES,Federal Contract Tower,13,9,8,0,30,0,0,62,18,80,13,9,70,18,110,62,28,90,200
10/21/2020,BQN,PR,ASO,ES,Federal Contract Tower,14,5,2,1,22,0,0,56,16,72,14,5,58,17,94,78,18,96,190
10/22/2020,BQN,PR,ASO,ES,Federal Contract Tower,12,10,2,0,24,0,0,53,17,70,12,10,55,17,94,76,30,106,200
10/23/2020,BQN,PR,ASO,ES,Federal Contract Tower,13,11,4,0,28,0,0,30,4,34,13,11,34,4,62,22,0,22,84
10/24/2020,BQN,PR,ASO,ES,Federal Contract Tower,0,0,1,0,1,0,0,0,0,0,0,0,1,0,1,32,8,40,41
10/25/2020,BQN,PR,ASO,ES,Federal Contract Tower,5,0,2,0,7,0,0,9,3,12,5,0,11,3,19,4,0,4,23
10/26/2020,BQN,PR,ASO,ES,Federal Contract Tower,11,9,3,2,25,0,0,28,11,39,11,9,31,13,64,44,28,72,136
10/27/2020,BQN,PR,ASO,ES,Federal Contract Tower,14,5,1,1,21,0,0,30,12,42,14,5,31,13,63,58,16,74,137
10/28/2020,BQN,PR,ASO,ES,Federal Contract Tower,11,6,5,1,23,0,0,52,14,66,11,6,57,15,89,72,20,92,181
10/29/2020,BQN,PR,ASO,ES,Federal Contract Tower,14,11,1,0,26,0,0,51,16,67,14,11,52,16,93,72,0,72,165
10/30/2020,BQN,PR,ASO,ES,Federal Contract Tower,11,10,10,0,31,0,0,30,8,38,11,10,40,8,69,28,22,50,119
10/31/2020,BQN,PR,ASO,ES,Federal Contract Tower,0,0,0,0,0,0,0,33,2,35,0,0,33,2,35,42,18,60,95
11/01/2020,BQN,PR,ASO,ES,Federal Contract Tower,2,0,2,0,4,0,0,17,4,21,2,0,19,4,25,0,0,0,25
11/02/2020,BQN,PR,ASO,ES,Federal Contract Tower,4,10,1,1,16,0,0,34,11,45,4,10,35,12,61,60,28,88,149
11/03/2020,BQN,PR,ASO,ES,Federal Contract Tower,8,6,0,1,15,0,0,0,0,0,8,6,0,1,15,52,12,64,79
11/04/2020,BQN,PR,ASO,ES,Federal Contract Tower,11,8,3,3,25,0,0,54,5,59,11,8,57,8,84,50,52,102,186
11/05/2020,BQN,PR,ASO,ES,Federal Contract Tower,12,10,6,1,29,0,0,43,19,62,12,10,49,20,91,52,0,52,143
11/06/2020,BQN,PR,ASO,ES,Federal Contract Tower,17,9,6,0,32,0,0,26,4,30,17,9,32,4,62,18,0,18,80
11/07/2020,BQN,PR,ASO,ES,Federal Contract Tower,0,0,3,0,3,0,0,46,4,50,0,0,49,4,53,88,0,88,141
11/08/2020,BQN,PR,ASO,ES,Federal Contract Tower,2,2,2,0,6,0,0,17,5,22,2,2,19,5,28,16,0,16,44
11/09/2020,BQN,PR,ASO,ES,Federal Contract Tower,3,10,4,1,18,0,0,25,14,39,3,10,29,15,57,62,26,88,145
11/10/2020,BQN,PR,ASO,ES,Federal Contract Tower,8,15,4,0,27,0,0,12,9,21,8,15,16,9,48,18,28,46,94
11/11/2020,BQN,PR,ASO,ES,Federal Contract Tower,7,8,5,0,20,0,0,32,8,40,7,8,37,8,60,66,16,82,142
11/12/2020,BQN,PR,ASO,ES,Federal Contract Tower,8,13,1,2,24,0,0,33,4,37,8,13,34,6,61,64,4,68,129
11/13/2020,BQN,PR,ASO,ES,Federal Contract Tower,11,9,4,1,25,0,0,33,2,35,11,9,37,3,60,60,0,60,120
11/14/2020,BQN,PR,ASO,ES,Federal Contract Tower,2,2,1,0,5,0,0,29,1,30,2,2,30,1,35,72,0,72,107
11/15/2020,BQN,PR,ASO,ES,Federal Contract Tower,3,0,1,1,5,0,0,9,2,11,3,0,10,3,16,0,0,0,16
11/16/2020,BQN,PR,ASO,ES,Federal Contract Tower,10,8,9,1,28,0,0,28,2,30,10,8,37,3,58,30,0,30,88
11/17/2020,BQN,PR,ASO,ES,Federal Contract Tower,12,9,7,1,29,0,0,42,2,44,12,9,49,3,73,60,0,60,133
11/18/2020,BQN,PR,ASO,ES,Federal Contract Tower,8,8,3,0,19,0,0,36,24,60,8,8,39,24,79,66,2,68,147
11/19/2020,BQN,PR,ASO,ES,Federal Contract Tower,11,8,3,0,22,0,0,54,19,73,11,8,57,19,95,110,22,132,227
11/20/2020,BQN,PR,ASO,ES,Federal Contract Tower,14,13,9,1,37,0,0,26,14,40,14,13,35,15,77,56,8,64,141
11/21/2020,BQN,PR,ASO,ES,Federal Contract Tower,4,2,9,0,15,0,0,37,6,43,4,2,46,6,58,34,0,34,92
11/22/2020,BQN,PR,ASO,ES,Federal Contract Tower,2,0,0,0,2,0,0,20,2,22,2,0,20,2,24,10,0,10,34
11/23/2020,BQN,PR,ASO,ES,Federal Contract Tower,9,8,2,2,21,0,0,23,1,24,9,8,25,3,45,52,6,58,103
11/24/2020,BQN,PR,ASO,ES,Federal Contract Tower,14,6,11,0,31,0,0,51,14,65,14,6,62,14,96,64,10,74,170
11/25/2020,BQN,PR,ASO,ES,Federal Contract Tower,7,10,8,1,26,0,0,64,16,80,7,10,72,17,106,88,50,138,244
11/26/2020,BQN,PR,ASO,ES,Federal Contract Tower,2,0,1,0,3,0,0,6,5,11,2,0,7,5,14,0,0,0,14
11/27/2020,BQN,PR,ASO,ES,Federal Contract Tower,14,8,1,0,23,0,0,25,6,31,14,8,26,6,54,54,0,54,108
11/28/2020,BQN,PR,ASO,ES,Federal Contract Tower,3,0,2,1,6,0,0,31,7,38,3,0,33,8,44,34,0,34,78
11/29/2020,BQN,PR,ASO,ES,Federal Contract Tower,3,0,8,0,11,0,0,25,3,28,3,0,33,3,39,0,10,10,49
11/30/2020,BQN,PR,ASO,ES,Federal Contract Tower,6,8,10,1,25,0,0,26,9,35,6,8,36,10,60,68,28,96,156
12/01/2020,BQN,PR,ASO,ES,Federal Contract Tower,13,13,2,1,29,0,0,41,10,51,13,13,43,11,80,88,2,90,170
12/02/2020,BQN,PR,ASO,ES,Federal Contract Tower,11,10,5,1,27,0,0,59,18,77,11,10,64,19,104,96,0,96,200
12/03/2020,BQN,PR,ASO,ES,Federal Contract Tower,12,12,4,1,29,0,0,67,22,89,12,12,71,23,118,76,0,76,194
12/04/2020,BQN,PR,ASO,ES,Federal Contract Tower,10,8,0,0,18,0,0,29,4,33,10,8,29,4,51,46,2,48,99
12/05/2020,BQN,PR,ASO,ES,Federal Contract Tower,2,3,6,0,11,0,0,28,7,35,2,3,34,7,46,22,0,22,68
12/06/2020,BQN,PR,ASO,ES,Federal Contract Tower,4,0,3,0,7,0,0,18,4,22,4,0,21,4,29,14,0,14,43
12/07/2020,BQN,PR,ASO,ES,Federal Contract Tower,5,11,4,0,20,0,0,35,8,43,5,11,39,8,63,66,46,112,175
12/08/2020,BQN,PR,ASO,ES,Federal Contract Tower,16,10,6,1,33,0,0,64,13,77,16,10,70,14,110,72,0,72,182
12/09/2020,BQN,PR,ASO,ES,Federal Contract Tower,11,7,2,0,20,0,0,40,9,49,11,7,42,9,69,92,40,132,201
12/10/2020,BQN,PR,ASO,ES,Federal Contract Tower,10,17,0,1,28,0,0,49,29,78,10,17,49,30,106,60,10,70,176
12/11/2020,BQN,PR,ASO,ES,Federal Contract Tower,11,11,2,0,24,0,0,25,7,32,11,11,27,7,56,20,20,40,96
12/12/2020,BQN,PR,ASO,ES,Federal Contract Tower,4,0,2,0,6,0,0,53,7,60,4,0,55,7,66,12,0,12,78
12/13/2020,BQN,PR,ASO,ES,Federal Contract Tower,4,1,1,0,6,0,0,18,2,20,4,1,19,2,26,16,0,16,42
12/14/2020,BQN,PR,ASO,ES,Federal Contract Tower,9,12,1,1,23,0,0,33,12,45,9,12,34,13,68,52,42,94,162
12/15/2020,BQN,PR,ASO,ES,Federal Contract Tower,13,15,6,0,34,0,0,59,20,79,13,15,65,20,113,48,0,48,161
12/16/2020,BQN,PR,ASO,ES,Federal Contract Tower,11,13,2,2,28,0,0,42,19,61,11,13,44,21,89,56,24,80,169
12/17/2020,BQN,PR,ASO,ES,Federal Contract Tower,12,13,6,0,31,0,0,50,23,73,12,13,56,23,104,62,0,62,166
12/18/2020,BQN,PR,ASO,ES,Federal Contract Tower,15,9,11,0,35,0,0,33,2,35,15,9,44,2,70,36,0,36,106
12/19/2020,BQN,PR,ASO,ES,Federal Contract Tower,3,0,7,0,10,0,0,41,5,46,3,0,48,5,56,62,0,62,118
12/20/2020,BQN,PR,ASO,ES,Federal Contract Tower,2,0,3,0,5,0,0,3,2,5,2,0,6,2,10,2,0,2,12
12/21/2020,BQN,PR,ASO,ES,Federal Contract Tower,6,10,7,0,23,0,0,35,9,44,6,10,42,9,67,64,28,92,159
12/22/2020,BQN,PR,ASO,ES,Federal Contract Tower,13,15,5,0,33,0,0,61,21,82,13,15,66,21,115,74,0,74,189
12/23/2020,BQN,PR,ASO,ES,Federal Contract Tower,7,11,0,0,18,0,0,55,5,60,7,11,55,5,78,44,8,52,130
12/24/2020,BQN,PR,ASO,ES,Federal Contract Tower,11,7,2,1,21,0,0,26,1,27,11,7,28,2,48,0,0,0,48
12/25/2020,BQN,PR,ASO,ES,Federal Contract Tower,0,0,3,0,3,0,0,20,5,25,0,0,23,5,28,0,0,0,28
12/26/2020,BQN,PR,ASO,ES,Federal Contract Tower,0,0,7,0,7,0,0,20,7,27,0,0,27,7,34,38,18,56,90
12/27/2020,BQN,PR,ASO,ES,Federal Contract Tower,3,0,0,0,3,0,0,12,7,19,3,0,12,7,22,16,4,20,42
12/28/2020,BQN,PR,ASO,ES,Federal Contract Tower,7,12,6,1,26,0,0,43,8,51,7,12,49,9,77,52,12,64,141
12/29/2020,BQN,PR,ASO,ES,Federal Contract Tower,12,9,2,0,23,0,0,34,10,44,12,9,36,10,67,6,18,24,91
12/30/2020,BQN,PR,ASO,ES,Federal Contract Tower,8,12,2,0,22,0,0,44,22,66,8,12,46,22,88,36,4,40,128
12/31/2020,BQN,PR,ASO,ES,Federal Contract Tower,9,13,1,0,23,0,0,14,5,19,9,13,15,5,42,0,0,0,42
01/01/2021,BQN,PR,ASO,ES,Federal Contract Tower,0,0,0,0,0,0,0,12,2,14,0,0,12,2,14,0,0,0,14
01/02/2021,BQN,PR,ASO,ES,Federal Contract Tower,0,1,3,0,4,0,0,2,7,9,0,1,5,7,13,0,38,38,51
01/03/2021,BQN,PR,ASO,ES,Federal Contract Tower,3,0,2,0,5,0,0,29,9,38,3,0,31,9,43,26,12,38,81
01/04/2021,BQN,PR,ASO,ES,Federal Contract Tower,7,9,3,0,19,0,0,24,9,33,7,9,27,9,52,36,22,58,110
01/05/2021,BQN,PR,ASO,ES,Federal Contract Tower,9,10,3,1,23,0,0,31,5,36,9,10,34,6,59,52,30,82,141
01/06/2021,BQN,PR,ASO,ES,Federal Contract Tower,13,8,1,0,22,0,0,34,4,38,13,8,35,4,60,0,34,34,94
01/07/2021,BQN,PR,ASO,ES,Federal Contract Tower,8,12,4,0,24,0,0,54,12,66,8,12,58,12,90,64,0,64,154
01/08/2021,BQN,PR,ASO,ES,Federal Contract Tower,10,10,0,0,20,0,0,23,1,24,10,10,23,1,44,0,0,0,44
01/09/2021,BQN,PR,ASO,ES,Federal Contract Tower,3,0,9,0,12,0,0,59,9,68,3,0,68,9,80,32,0,32,112
01/10/2021,BQN,PR,ASO,ES,Federal Contract Tower,0,0,2,0,2,0,0,11,4,15,0,0,13,4,17,18,0,18,35
01/11/2021,BQN,PR,ASO,ES,Federal Contract Tower,9,9,2,0,20,0,0,33,13,46,9,9,35,13,66,30,50,80,146
01/12/2021,BQN,PR,ASO,ES,Federal Contract Tower,12,13,6,0,31,0,0,45,29,74,12,13,51,29,105,69,2,71,176
01/13/2021,BQN,PR,ASO,ES,Federal Contract Tower,11,9,6,1,27,0,0,48,11,59,11,9,54,12,86,66,34,100,186
01/14/2021,BQN,PR,ASO,ES,Federal Contract Tower,10,13,0,1,24,0,0,29,8,37,10,13,29,9,61,56,0,56,117
01/15/2021,BQN,PR,ASO,ES,Federal Contract Tower,17,9,2,0,28,0,0,25,3,28,17,9,27,3,56,16,24,40,96
01/16/2021,BQN,PR,ASO,ES,Federal Contract Tower,2,0,0,0,2,0,0,30,6,36,2,0,30,6,38,24,4,28,66
01/17/2021,BQN,PR,ASO,ES,Federal Contract Tower,4,0,0,0,4,0,0,26,4,30,4,0,26,4,34,10,0,10,44
01/18/2021,BQN,PR,ASO,ES,Federal Contract Tower,7,13,2,0,22,0,0,24,9,33,7,13,26,9,55,38,16,54,109
01/19/2021,BQN,PR,ASO,ES,Federal Contract Tower,18,8,2,1,29,0,0,31,15,46,18,8,33,16,75,40,16,56,131
01/20/2021,BQN,PR,ASO,ES,Federal Contract Tower,13,12,1,3,29,0,0,35,12,47,13,12,36,15,76,48,18,66,142
01/21/2021,BQN,PR,ASO,ES,Federal Contract Tower,8,10,0,1,19,0,0,29,13,42,8,10,29,14,61,42,6,48,109
01/22/2021,BQN,PR,ASO,ES,Federal Contract Tower,11,10,2,0,23,0,0,23,11,34,11,10,25,11,57,14,36,50,107
01/23/2021,BQN,PR,ASO,ES,Federal Contract Tower,2,0,2,0,4,0,0,31,4,35,2,0,33,4,39,64,2,66,105
01/24/2021,BQN,PR,ASO,ES,Federal Contract Tower,4,0,5,0,9,0,0,21,6,27,4,0,26,6,36,36,0,36,72
01/25/2021,BQN,PR,ASO,ES,Federal Contract Tower,7,9,1,0,17,0,0,32,12,44,7,9,33,12,61,42,28,70,131
01/26/2021,BQN,PR,ASO,ES,Federal Contract Tower,14,14,0,0,28,0,0,41,16,57,14,14,41,16,85,54,24,78,163
01/27/2021,BQN,PR,ASO,ES,Federal Contract Tower,9,10,4,1,24,0,0,43,10,53,9,10,47,11,77,32,20,52,129
01/28/2021,BQN,PR,ASO,ES,Federal Contract Tower,11,13,5,0,29,0,0,17,10,27,11,13,22,10,56,4,6,10,66
01/29/2021,BQN,PR,ASO,ES,Federal Contract Tower,14,10,2,3,29,0,0,54,3,57,14,10,56,6,86,72,4,76,162
01/30/2021,BQN,PR,ASO,ES,Federal Contract Tower,1,0,9,0,10,0,0,8,5,13,1,0,17,5,23,8,0,8,31
01/31/2021,BQN,PR,ASO,ES,Federal Contract Tower,4,0,2,0,6,0,0,6,5,11,4,0,8,5,17,0,2,2,19
02/01/2021,BQN,PR,ASO,ES,Federal Contract Tower,7,9,5,1,22,0,0,20,9,29,7,9,25,10,51,50,18,68,119
02/02/2021,BQN,PR,ASO,ES,Federal Contract Tower,18,11,1,0,30,0,0,38,10,48,18,11,39,10,78,90,0,90,168
02/03/2021,BQN,PR,ASO,ES,Federal Contract Tower,8,10,4,1,23,0,0,45,7,52,8,10,49,8,75,66,34,100,175
02/04/2021,BQN,PR,ASO,ES,Federal Contract Tower,10,11,0,0,21,0,0,30,8,38,10,11,30,8,59,44,0,44,103
02/05/2021,BQN,PR,ASO,ES,Federal Contract Tower,15,14,3,0,32,0,0,31,8,39,15,14,34,8,71,64,0,64,135
02/06/2021,BQN,PR,ASO,ES,Federal Contract Tower,3,0,2,2,7,0,0,15,8,23,3,0,17,10,30,24,0,24,54
02/08/2021,BQN,PR,ASO,ES,Federal Contract Tower,9,10,1,0,20,0,0,32,12,44,9,10,33,12,64,50,24,74,138
02/09/2021,BQN,PR,ASO,ES,Federal Contract Tower,19,7,4,2,32,0,0,38,11,49,19,7,42,13,81,24,0,24,105
02/10/2021,BQN,PR,ASO,ES,Federal Contract Tower,8,10,1,1,20,0,0,23,13,36,8,10,24,14,56,36,20,56,112
02/11/2021,BQN,PR,ASO,ES,Federal Contract Tower,13,9,8,0,30,0,0,18,11,29,13,9,26,11,59,32,0,32,91
02/12/2021,BQN,PR,ASO,ES,Federal Contract Tower,10,10,6,0,26,0,1,21,10,32,10,11,27,10,58,16,0,16,74
02/13/2021,BQN,PR,ASO,ES,Federal Contract Tower,2,2,2,2,8,0,0,40,10,50,2,2,42,12,58,58,2,60,118
02/14/2021,BQN,PR,ASO,ES,Federal Contract Tower,4,1,4,1,10,0,1,7,2,10,4,2,11,3,20,12,0,12,32
02/15/2021,BQN,PR,ASO,ES,Federal Contract Tower,7,8,1,0,16,0,0,23,10,33,7,8,24,10,49,42,26,68,117
02/16/2021,BQN,PR,ASO,ES,Federal Contract Tower,18,6,5,1,30,0,0,59,16,75,18,6,64,17,105,60,40,100,205
02/17/2021,BQN,PR,ASO,ES,Federal Contract Tower,9,8,2,2,21,0,0,36,19,55,9,8,38,21,76,42,12,54,130
02/18/2021,BQN,PR,ASO,ES,Federal Contract Tower,10,11,4,2,27,0,0,33,7,40,10,11,37,9,67,32,0,32,99
02/19/2021,BQN,PR,ASO,ES,Federal Contract Tower,11,14,5,0,30,0,0,44,7,51,11,14,49,7,81,46,22,68,149
02/20/2021,BQN,PR,ASO,ES,Federal Contract Tower,4,0,1,0,5,0,0,30,8,38,4,0,31,8,43,32,0,32,75
02/21/2021,BQN,PR,ASO,ES,Federal Contract Tower,20,2,0,0,22,0,0,21,4,25,20,2,21,4,47,36,0,36,83
02/22/2021,BQN,PR,ASO,ES,Federal Contract Tower,13,9,7,0,29,0,0,30,10,40,13,9,37,10,69,42,22,64,133
02/23/2021,BQN,PR,ASO,ES,Federal Contract Tower,19,8,2,0,29,0,0,34,13,47,19,8,36,13,76,76,16,92,168
02/24/2021,BQN,PR,ASO,ES,Federal Contract Tower,13,9,2,0,24,0,0,51,16,67,13,9,53,16,91,54,38,92,183
02/25/2021,BQN,PR,ASO,ES,Federal Contract Tower,10,10,5,0,25,0,0,55,21,76,10,10,60,21,101,80,0,80,181
02/26/2021,BQN,PR,ASO,ES,Federal Contract Tower,17,11,1,0,29,0,0,48,2,50,17,11,49,2,79,34,0,34,113
02/27/2021,BQN,PR,ASO,ES,Federal Contract Tower,5,0,0,1,6,0,0,66,9,75,5,0,66,10,81,2,0,2,83
02/28/2021,BQN,PR,ASO,ES,Federal Contract Tower,5,0,4,1,10,0,0,16,13,29,5,0,20,14,39,22,30,52,91
03/01/2021,BQN,PR,ASO,ES,Federal Contract Tower,9,12,3,0,24,0,0,31,11,42,9,12,34,11,66,36,38,74,140
03/02/2021,BQN,PR,ASO,ES,Federal Contract Tower,16,9,3,0,28,0,0,61,14,75,16,9,64,14,103,54,26,80,183
03/03/2021,BQN,PR,ASO,ES,Federal Contract Tower,15,8,2,0,25,0,0,56,12,68,15,8,58,12,93,50,62,112,205
03/04/2021,BQN,PR,ASO,ES,Federal Contract Tower,15,15,4,0,34,0,0,53,17,70,15,15,57,17,104,114,0,114,218
03/05/2021,BQN,PR,ASO,ES,Federal Contract Tower,9,12,3,0,24,0,0,75,11,86,9,12,78,11,110,90,34,124,234
03/06/2021,BQN,PR,ASO,ES,Federal Contract Tower,4,0,4,0,8,0,0,62,10,72,4,0,66,10,80,84,10,94,174
03/07/2021,BQN,PR,ASO,ES,Federal Contract Tower,2,0,3,0,5,0,0,17,3,20,2,0,20,3,25,16,0,16,41
03/08/2021,BQN,PR,ASO,ES,Federal Contract Tower,8,13,1,0,22,0,0,38,16,54,8,13,39,16,76,76,64,140,216
03/09/2021,BQN,PR,ASO,ES,Federal Contract Tower,13,12,2,1,28,0,0,56,27,83,13,12,58,28,111,30,58,88,199
03/10/2021,BQN,PR,ASO,ES,Federal Contract Tower,14,8,2,1,25,0,0,45,16,61,14,8,47,17,86,46,30,76,162
03/11/2021,BQN,PR,ASO,ES,Federal Contract Tower,15,12,6,0,33,0,0,40,10,50,15,12,46,10,83,30,22,52,135
03/12/2021,BQN,PR,ASO,ES,Federal Contract Tower,12,9,4,1,26,0,0,30,4,34,12,9,34,5,60,36,0,36,96
03/13/2021,BQN,PR,ASO,ES,Federal Contract Tower,4,1,1,0,6,0,0,37,16,53,4,1,38,16,59,52,30,82,141
03/14/2021,BQN,PR,ASO,ES,Federal Contract Tower,6,0,3,0,9,0,0,24,7,31,6,0,27,7,40,36,26,62,102
03/15/2021,BQN,PR,ASO,ES,Federal Contract Tower,7,12,3,2,24,0,0,37,10,47,7,12,40,12,71,78,34,112,183
03/16/2021,BQN,PR,ASO,ES,Federal Contract Tower,14,10,3,0,27,0,0,61,27,88,14,10,64,27,115,86,6,92,207
03/17/2021,BQN,PR,ASO,ES,Federal Contract Tower,10,10,3,0,23,0,0,29,13,42,10,10,32,13,65,16,8,24,89
03/18/2021,BQN,PR,ASO,ES,Federal Contract Tower,15,17,5,0,37,0,0,38,7,45,15,17,43,7,82,26,20,46,128
03/19/2021,BQN,PR,ASO,ES,Federal Contract Tower,13,14,0,1,28,0,0,20,20,40,13,14,20,21,68,18,0,18,86
03/20/2021,BQN,PR,ASO,ES,Federal Contract Tower,4,0,8,1,13,0,0,33,6,39,4,0,41,7,52,34,0,34,86
03/21/2021,BQN,PR,ASO,ES,Federal Contract Tower,5,1,7,0,13,11,0,28,6,45,16,1,35,6,58,14,0,14,72
03/22/2021,BQN,PR,ASO,ES,Federal Contract Tower,8,11,6,1,26,0,0,45,4,49,8,11,51,5,75,24,26,50,125
03/23/2021,BQN,PR,ASO,ES,Federal Contract Tower,14,11,3,1,29,0,0,56,8,64,14,11,59,9,93,30,0,30,123
03/24/2021,BQN,PR,ASO,ES,Federal Contract Tower,11,13,6,1,31,0,0,60,7,67,11,13,66,8,98,72,10,82,180
03/25/2021,BQN,PR,ASO,ES,Federal Contract Tower,14,12,2,0,28,0,0,29,15,44,14,12,31,15,72,52,20,72,144
03/26/2021,BQN,PR,ASO,ES,Federal Contract Tower,15,11,8,0,34,0,0,18,5,23,15,11,26,5,57,62,26,88,145
03/27/2021,BQN,PR,ASO,ES,Federal Contract Tower,6,0,1,0,7,0,0,27,2,29,6,0,28,2,36,24,0,24,60
03/28/2021,BQN,PR,ASO,ES,Federal Contract Tower,5,0,3,0,8,0,0,17,4,21,5,0,20,4,29,0,0,0,29
03/29/2021,BQN,PR,ASO,ES,Federal Contract Tower,10,11,2,0,23,0,0,31,3,34,10,11,33,3,57,48,0,48,105
03/30/2021,BQN,PR,ASO,ES,Federal Contract Tower,16,8,3,0,27,0,0,41,5,46,16,8,44,5,73,60,16,76,149
03/31/2021,BQN,PR,ASO,ES,Federal Contract Tower,13,16,3,0,32,0,0,53,7,60,13,16,56,7,92,52,35,87,179
04/01/2021,BQN,PR,ASO,ES,Federal Contract Tower,15,11,1,2,29,0,0,35,6,41,15,11,36,8,70,34,0,34,104
04/02/2021,BQN,PR,ASO,ES,Federal Contract Tower,9,0,3,0,12,0,0,10,8,18,9,0,13,8,30,6,0,6,36
04/03/2021,BQN,PR,ASO,ES,Federal Contract Tower,9,0,2,0,11,0,0,24,1,25,9,0,26,1,36,50,0,50,86
04/04/2021,BQN,PR,ASO,ES,Federal Contract Tower,5,0,5,0,10,0,0,27,8,35,5,0,32,8,45,2,0,2,47
04/05/2021,BQN,PR,ASO,ES,Federal Contract Tower,10,8,0,0,18,0,0,35,7,42,10,8,35,7,60,94,10,104,164
04/06/2021,BQN,PR,ASO,ES,Federal Contract Tower,19,9,1,0,29,0,0,44,29,73,19,9,45,29,102,30,32,62,164
04/07/2021,BQN,PR,ASO,ES,Federal Contract Tower,14,8,0,0,22,0,0,33,4,37,14,8,33,4,59,52,0,52,111
04/08/2021,BQN,PR,ASO,ES,Federal Contract Tower,15,11,2,0,28,0,0,63,15,78,15,11,65,15,106,116,30,146,252
04/09/2021,BQN,PR,ASO,ES,Federal Contract Tower,15,14,2,0,31,0,0,56,6,62,15,14,58,6,93,82,8,90,183
04/10/2021,BQN,PR,ASO,ES,Federal Contract Tower,5,0,1,0,6,0,0,28,10,38,5,0,29,10,44,56,12,68,112
04/11/2021,BQN,PR,ASO,ES,Federal Contract Tower,5,0,1,0,6,0,0,42,6,48,5,0,43,6,54,90,0,90,144
04/12/2021,BQN,PR,ASO,ES,Federal Contract Tower,9,10,0,3,22,0,0,33,11,44,9,10,33,14,66,46,36,82,148
04/13/2021,BQN,PR,ASO,ES,Federal Contract Tower,14,10,4,2,30,0,0,43,13,56,14,10,47,15,86,40,18,58,144
04/14/2021,BQN,PR,ASO,ES,Federal Contract Tower,13,8,6,1,28,0,0,57,18,75,13,8,63,19,103,40,48,88,191
04/15/2021,BQN,PR,ASO,ES,Federal Contract Tower,16,11,1,0,28,0,0,55,12,67,16,11,56,12,95,60,2,62,157
04/16/2021,BQN,PR,ASO,ES,Federal Contract Tower,12,11,4,0,27,0,0,30,13,43,12,11,34,13,70,32,14,46,116
04/17/2021,BQN,PR,ASO,ES,Federal Contract Tower,4,0,0,0,4,0,0,35,12,47,4,0,35,12,51,44,24,68,119
04/18/2021,BQN,PR,ASO,ES,Federal Contract Tower,10,0,2,0,12,0,0,18,9,27,10,0,20,9,39,22,4,26,65
04/19/2021,BQN,PR,ASO,ES,Federal Contract Tower,16,9,3,0,28,0,0,46,6,52,16,9,49,6,80,62,14,76,156
04/20/2021,BQN,PR,ASO,ES,Federal Contract Tower,18,9,5,0,32,0,0,50,29,79,18,9,55,29,111,52,18,70,181
04/21/2021,BQN,PR,ASO,ES,Federal Contract Tower,15,15,3,1,34,0,0,56,24,80,15,15,59,25,114,64,10,74,188
04/22/2021,BQN,PR,ASO,ES,Federal Contract Tower,16,13,7,0,36,0,0,50,17,67,16,13,57,17,103,58,16,74,177
04/23/2021,BQN,PR,ASO,ES,Federal Contract Tower,22,11,5,1,39,0,0,20,6,26,22,11,25,7,65,12,12,24,89
04/24/2021,BQN,PR,ASO,ES,Federal Contract Tower,8,0,3,0,11,0,0,29,11,40,8,0,32,11,51,38,16,54,105
04/25/2021,BQN,PR,ASO,ES,Federal Contract Tower,7,0,2,0,9,0,0,29,5,34,7,0,31,5,43,0,0,0,43
04/26/2021,BQN,PR,ASO,ES,Federal Contract Tower,9,11,3,2,25,0,0,33,10,43,9,11,36,12,68,24,20,44,112
04/27/2021,BQN,PR,ASO,ES,Federal Contract Tower,19,8,2,2,31,0,0,40,10,50,19,8,42,12,81,56,0,56,137
04/28/2021,BQN,PR,ASO,ES,Federal Contract Tower,11,9,4,2,26,0,0,35,14,49,11,9,39,16,75,64,32,96,171
04/29/2021,BQN,PR,ASO,ES,Federal Contract Tower,17,14,13,1,45,0,0,66,8,74,17,14,79,9,119,28,10,38,157
04/30/2021,BQN,PR,ASO,ES,Federal Contract Tower,11,14,5,0,30,0,0,19,4,23,11,14,24,4,53,36,0,36,89
05/02/2021,BQN,PR,ASO,ES,Federal Contract Tower,5,0,4,0,9,0,0,25,2,27,5,0,29,2,36,4,0,4,40
05/03/2021,BQN,PR,ASO,ES,Federal Contract Tower,11,11,4,0,26,0,0,31,8,39,11,11,35,8,65,42,90,132,197
05/04/2021,BQN,PR,ASO,ES,Federal Contract Tower,15,9,9,3,36,0,0,40,15,55,15,9,49,18,91,76,20,96,187
05/05/2021,BQN,PR,ASO,ES,Federal Contract Tower,14,7,1,0,22,0,0,33,18,51,14,7,34,18,73,58,23,81,154
05/06/2021,BQN,PR,ASO,ES,Federal Contract Tower,19,10,3,1,33,0,0,70,13,83,19,10,73,14,116,44,38,82,198
05/07/2021,BQN,PR,ASO,ES,Federal Contract Tower,17,12,2,1,32,0,0,30,9,39,17,12,32,10,71,38,0,38,109
05/08/2021,BQN,PR,ASO,ES,Federal Contract Tower,11,0,0,2,13,0,0,71,7,78,11,0,71,9,91,70,0,70,161
05/09/2021,BQN,PR,ASO,ES,Federal Contract Tower,12,0,2,0,14,0,0,23,3,26,12,0,25,3,40,0,0,0,40
05/10/2021,BQN,PR,ASO,ES,Federal Contract Tower,14,10,4,0,28,0,0,36,9,45,14,10,40,9,73,48,32,80,153
05/11/2021,BQN,PR,ASO,ES,Federal Contract Tower,24,11,3,0,38,0,0,49,14,63,24,11,52,14,101,53,18,71,172
05/12/2021,BQN,PR,ASO,ES,Federal Contract Tower,15,11,1,0,27,0,0,45,7,52,15,11,46,7,79,46,4,50,129
05/13/2021,BQN,PR,ASO,ES,Federal Contract Tower,16,13,4,2,35,0,0,33,11,44,16,13,37,13,79,34,20,54,133
05/14/2021,BQN,PR,ASO,ES,Federal Contract Tower,16,7,0,0,23,0,0,23,2,25,16,7,23,2,48,28,0,28,76
05/15/2021,BQN,PR,ASO,ES,Federal Contract Tower,11,0,2,3,16,0,0,29,11,40,11,0,31,14,56,30,20,50,106
05/16/2021,BQN,PR,ASO,ES,Federal Contract Tower,9,0,2,2,13,0,0,32,4,36,9,0,34,6,49,54,0,54,103
05/17/2021,BQN,PR,ASO,ES,Federal Contract Tower,20,10,9,2,41,0,0,31,12,43,20,10,40,14,84,57,38,95,179
05/19/2021,BQN,PR,ASO,ES,Federal Contract Tower,21,12,8,0,41,0,0,40,16,56,21,12,48,16,97,86,38,124,221
05/20/2021,BQN,PR,ASO,ES,Federal Contract Tower,19,13,5,0,37,0,0,61,22,83,19,13,66,22,120,26,28,54,174
05/21/2021,BQN,PR,ASO,ES,Federal Contract Tower,20,13,5,0,38,0,0,29,11,40,20,13,34,11,78,12,12,24,102
05/22/2021,BQN,PR,ASO,ES,Federal Contract Tower,10,0,5,0,15,0,0,51,19,70,10,0,56,19,85,42,26,68,153
05/23/2021,BQN,PR,ASO,ES,Federal Contract Tower,8,0,4,0,12,0,0,9,2,11,8,0,13,2,23,0,0,0,23
05/24/2021,BQN,PR,ASO,ES,Federal Contract Tower,12,9,2,1,24,0,0,38,18,56,12,9,40,19,80,78,16,94,174
05/25/2021,BQN,PR,ASO,ES,Federal Contract Tower,24,14,3,2,43,0,0,75,16,91,24,14,78,18,134,70,48,118,252
05/26/2021,BQN,PR,ASO,ES,Federal Contract Tower,17,10,7,1,35,0,0,42,12,54,17,10,49,13,89,90,8,98,187
05/27/2021,BQN,PR,ASO,ES,Federal Contract Tower,21,11,5,1,38,0,0,66,13,79,21,11,71,14,117,70,8,78,195
05/28/2021,BQN,PR,ASO,ES,Federal Contract Tower,16,12,8,2,38,0,0,42,5,47,16,12,50,7,85,34,8,42,127
05/29/2021,BQN,PR,ASO,ES,Federal Contract Tower,8,0,6,0,14,0,0,42,9,51,8,0,48,9,65,46,20,66,131
05/30/2021,BQN,PR,ASO,ES,Federal Contract Tower,11,0,3,1,15,0,0,11,8,19,11,0,14,9,34,10,0,10,44
05/31/2021,BQN,PR,ASO,ES,Federal Contract Tower,6,0,4,0,10,0,0,23,2,25,6,0,27,2,35,60,0,60,95
06/01/2021,BQN,PR,ASO,ES,Federal Contract Tower,27,8,6,0,41,0,0,64,31,95,27,8,70,31,136,58,66,124,260
06/02/2021,BQN,PR,ASO,ES,Federal Contract Tower,20,13,6,4,43,0,0,45,14,59,20,13,51,18,102,48,110,158,260
06/03/2021,BQN,PR,ASO,ES,Federal Contract Tower,13,10,7,0,30,0,0,69,27,96,13,10,76,27,126,42,20,62,188
06/04/2021,BQN,PR,ASO,ES,Federal Contract Tower,15,12,7,1,35,0,0,66,12,78,15,12,73,13,113,64,0,64,177
06/05/2021,BQN,PR,ASO,ES,Federal Contract Tower,8,0,2,0,10,0,0,67,4,71,8,0,69,4,81,108,0,108,189
06/06/2021,BQN,PR,ASO,ES,Federal Contract Tower,10,0,1,0,11,0,0,18,5,23,10,0,19,5,34,34,0,34,68
06/07/2021,BQN,PR,ASO,ES,Federal Contract Tower,13,15,1,3,32,0,0,31,16,47,13,15,32,19,79,74,54,128,207
06/08/2021,BQN,PR,ASO,ES,Federal Contract Tower,21,9,3,1,34,0,0,47,28,75,21,9,50,29,109,36,62,98,207
06/09/2021,BQN,PR,ASO,ES,Federal Contract Tower,15,10,3,1,29,0,0,27,28,55,15,10,30,29,84,20,54,74,158
06/10/2021,BQN,PR,ASO,ES,Federal Contract Tower,28,15,1,1,45,0,0,60,26,86,28,15,61,27,131,82,36,118,249
06/11/2021,BQN,PR,ASO,ES,Federal Contract Tower,22,9,5,0,36,0,0,21,9,30,22,9,26,9,66,12,20,32,98
06/12/2021,BQN,PR,ASO,ES,Federal Contract Tower,9,0,4,1,14,0,0,70,5,75,9,0,74,6,89,66,0,66,155
06/13/2021,BQN,PR,ASO,ES,Federal Contract Tower,8,0,2,0,10,0,0,6,4,10,8,0,8,4,20,12,0,12,32
06/14/2021,BQN,PR,ASO,ES,Federal Contract Tower,17,11,8,2,38,0,0,27,16,43,17,11,35,18,81,62,76,138,219
06/15/2021,BQN,PR,ASO,ES,Federal Contract Tower,23,12,2,1,38,0,0,28,16,44,23,12,30,17,82,62,42,104,186
06/16/2021,BQN,PR,ASO,ES,Federal Contract Tower,20,9,2,0,31,0,0,49,22,71,20,9,51,22,102,34,36,70,172
06/17/2021,BQN,PR,ASO,ES,Federal Contract Tower,18,12,0,1,31,0,0,38,26,64,18,12,38,27,95,42,6,48,143
06/18/2021,BQN,PR,ASO,ES,Federal Contract Tower,21,10,1,1,33,0,0,28,6,34,21,10,29,7,67,28,0,28,95
06/19/2021,BQN,PR,ASO,ES,Federal Contract Tower,9,0,1,0,10,0,0,68,10,78,9,0,69,10,88,74,12,86,174
06/20/2021,BQN,PR,ASO,ES,Federal Contract Tower,9,0,0,0,9,0,0,14,6,20,9,0,14,6,29,16,0,16,45
06/21/2021,BQN,PR,ASO,ES,Federal Contract Tower,13,12,2,0,27,0,0,41,15,56,13,12,43,15,83,110,0,110,193
06/22/2021,BQN,PR,ASO,ES,Federal Contract Tower,22,10,0,1,33,1,0,32,10,43,23,10,32,11,76,38,28,66,142
06/23/2021,BQN,PR,ASO,ES,Federal Contract Tower,21,15,8,1,45,0,0,37,24,61,21,15,45,25,106,56,120,176,282
06/24/2021,BQN,PR,ASO,ES,Federal Contract Tower,18,13,0,0,31,0,0,33,43,76,18,13,33,43,107,40,26,66,173
06/25/2021,BQN,PR,ASO,ES,Federal Contract Tower,16,12,2,0,30,0,0,68,21,89,16,12,70,21,119,106,64,170,289
06/26/2021,BQN,PR,ASO,ES,Federal Contract Tower,8,0,2,0,10,0,0,39,11,50,8,0,41,11,60,36,32,68,128
06/27/2021,BQN,PR,ASO,ES,Federal Contract Tower,10,0,8,0,18,0,0,14,4,18,10,0,22,4,36,18,0,18,54
06/28/2021,BQN,PR,ASO,ES,Federal Contract Tower,11,13,1,0,25,0,0,42,14,56,11,13,43,14,81,24,30,54,135
06/29/2021,BQN,PR,ASO,ES,Federal Contract Tower,26,9,2,0,37,0,0,35,16,51,26,9,37,16,88,30,40,70,158
06/30/2021,BQN,PR,ASO,ES,Federal Contract Tower,15,20,3,0,38,0,0,44,19,63,15,20,47,19,101,34,80,114,215
07/01/2021,BQN,PR,ASO,ES,Federal Contract Tower,14,13,3,0,30,0,0,46,22,68,14,13,49,22,98,28,28,56,154
07/02/2021,BQN,PR,ASO,ES,Federal Contract Tower,17,7,3,0,27,0,0,61,2,63,17,7,64,2,90,58,0,58,148
07/03/2021,BQN,PR,ASO,ES,Federal Contract Tower,11,0,5,0,16,0,0,35,10,45,11,0,40,10,61,36,36,72,133
07/04/2021,BQN,PR,ASO,ES,Federal Contract Tower,10,3,0,0,13,0,0,14,5,19,10,3,14,5,32,2,0,2,34
07/05/2021,BQN,PR,ASO,ES,Federal Contract Tower,5,2,3,1,11,0,0,21,8,29,5,2,24,9,40,32,12,44,84
07/06/2021,BQN,PR,ASO,ES,Federal Contract Tower,23,10,0,0,33,0,0,29,14,43,23,10,29,14,76,64,22,86,162
07/07/2021,BQN,PR,ASO,ES,Federal Contract Tower,22,12,5,0,39,0,0,26,15,41,22,12,31,15,80,40,78,118,198
07/08/2021,BQN,PR,ASO,ES,Federal Contract Tower,14,8,7,0,29,0,0,29,11,40,14,8,36,11,69,52,32,84,153
07/09/2021,BQN,PR,ASO,ES,Federal Contract Tower,15,10,0,1,26,0,0,18,12,30,15,10,18,13,56,28,10,38,94
07/10/2021,BQN,PR,ASO,ES,Federal Contract Tower,6,0,0,0,6,0,0,40,12,52,6,0,40,12,58,88,18,106,164
07/11/2021,BQN,PR,ASO,ES,Federal Contract Tower,11,0,4,0,15,0,0,7,1,8,11,0,11,1,23,0,0,0,23
07/12/2021,BQN,PR,ASO,ES,Federal Contract Tower,11,9,4,0,24,0,0,38,11,49,11,9,42,11,73,34,58,92,165
07/13/2021,BQN,PR,ASO,ES,Federal Contract Tower,22,8,4,0,34,0,0,87,19,106,22,8,91,19,140,32,28,60,200
07/14/2021,BQN,PR,ASO,ES,Federal Contract Tower,15,11,7,1,34,0,0,46,11,57,15,11,53,12,91,84,40,124,215
07/15/2021,BQN,PR,ASO,ES,Federal Contract Tower,22,11,3,1,37,0,0,66,13,79,22,11,69,14,116,64,52,116,232
07/16/2021,BQN,PR,ASO,ES,Federal Contract Tower,16,14,2,0,32,0,0,62,14,76,16,14,64,14,108,64,18,82,190
07/17/2021,BQN,PR,ASO,ES,Federal Contract Tower,10,3,2,0,15,0,0,65,10,75,10,3,67,10,90,78,12,90,180
07/18/2021,BQN,PR,ASO,ES,Federal Contract Tower,7,1,2,0,10,5,0,10,4,19,12,1,12,4,29,26,0,26,55
07/19/2021,BQN,PR,ASO,ES,Federal Contract Tower,13,14,2,1,30,0,0,30,11,41,13,14,32,12,71,70,46,116,187
07/20/2021,BQN,PR,ASO,ES,Federal Contract Tower,20,15,4,0,39,0,0,47,20,67,20,15,51,20,106,82,30,112,218
07/21/2021,BQN,PR,ASO,ES,Federal Contract Tower,15,12,2,0,29,0,0,44,9,53,15,12,46,9,82,74,0,74,156
07/22/2021,BQN,PR,ASO,ES,Federal Contract Tower,15,14,0,1,30,0,0,54,27,81,15,14,54,28,111,68,12,80,191
07/23/2021,BQN,PR,ASO,ES,Federal Contract Tower,15,18,5,0,38,0,0,47,8,55,15,18,52,8,93,48,40,88,181
07/24/2021,BQN,PR,ASO,ES,Federal Contract Tower,8,2,2,0,12,0,0,29,10,39,8,2,31,10,51,54,20,74,125
07/25/2021,BQN,PR,ASO,ES,Federal Contract Tower,11,0,0,0,11,0,0,3,3,6,11,0,3,3,17,0,0,0,17
07/26/2021,BQN,PR,ASO,ES,Federal Contract Tower,17,12,3,0,32,0,0,27,10,37,17,12,30,10,69,38,24,62,131
07/27/2021,BQN,PR,ASO,ES,Federal Contract Tower,24,16,2,0,42,0,0,48,25,73,24,16,50,25,115,48,26,74,189
07/28/2021,BQN,PR,ASO,ES,Federal Contract Tower,17,16,1,0,34,0,0,36,15,51,17,16,37,15,85,50,20,70,155
07/29/2021,BQN,PR,ASO,ES,Federal Contract Tower,18,12,1,0,31,0,0,72,18,90,18,12,73,18,121,56,78,134,255
07/30/2021,BQN,PR,ASO,ES,Federal Contract Tower,20,11,6,0,37,0,0,47,6,53,20,11,53,6,90,46,28,74,164
07/31/2021,BQN,PR,ASO,ES,Federal Contract Tower,9,0,6,0,15,0,0,26,7,33,9,0,32,7,48,40,20,60,108
08/01/2021,BQN,PR,ASO,ES,Federal Contract Tower,9,0,11,0,20,0,0,6,2,8,9,0,17,2,28,0,0,0,28
08/02/2021,BQN,PR,ASO,ES,Federal Contract Tower,13,16,2,2,33,0,0,29,9,38,13,16,31,11,71,56,42,98,169
08/03/2021,BQN,PR,ASO,ES,Federal Contract Tower,24,10,8,0,42,0,0,45,11,56,24,10,53,11,98,36,16,52,150
08/04/2021,BQN,PR,ASO,ES,Federal Contract Tower,19,14,1,0,34,0,0,37,1,38,19,14,38,1,72,40,0,40,112
08/05/2021,BQN,PR,ASO,ES,Federal Contract Tower,19,11,4,0,34,0,0,29,3,32,19,11,33,3,66,46,18,64,130
08/06/2021,BQN,PR,ASO,ES,Federal Contract Tower,26,10,4,0,40,0,0,57,4,61,26,10,61,4,101,48,0,48,149
08/07/2021,BQN,PR,ASO,ES,Federal Contract Tower,12,0,2,0,14,0,0,65,20,85,12,0,67,20,99,120,4,124,223
08/08/2021,BQN,PR,ASO,ES,Federal Contract Tower,8,0,4,0,12,0,1,4,1,6,8,1,8,1,18,0,0,0,18
08/09/2021,BQN,PR,ASO,ES,Federal Contract Tower,21,11,2,0,34,0,0,30,11,41,21,11,32,11,75,58,104,162,237
08/10/2021,BQN,PR,ASO,ES,Federal Contract Tower,23,2,3,0,28,0,0,18,8,26,23,2,21,8,54,30,22,52,106
08/11/2021,BQN,PR,ASO,ES,Federal Contract Tower,14,8,5,0,27,0,0,20,12,32,14,8,25,12,59,16,22,38,97
08/12/2021,BQN,PR,ASO,ES,Federal Contract Tower,21,10,4,2,37,0,0,66,10,76,21,10,70,12,113,82,78,160,273
08/13/2021,BQN,PR,ASO,ES,Federal Contract Tower,26,13,1,2,42,0,0,50,4,54,26,13,51,6,96,36,24,60,156
08/14/2021,BQN,PR,ASO,ES,Federal Contract Tower,11,3,0,2,16,0,0,66,13,79,11,3,66,15,95,70,26,96,191
08/15/2021,BQN,PR,ASO,ES,Federal Contract Tower,11,0,2,0,13,0,0,0,2,2,11,0,2,2,15,0,0,0,15
08/16/2021,BQN,PR,ASO,ES,Federal Contract Tower,13,9,0,0,22,0,0,32,11,43,13,9,32,11,65,30,44,74,139
08/17/2021,BQN,PR,ASO,ES,Federal Contract Tower,25,13,0,3,41,0,0,43,18,61,25,13,43,21,102,56,12,68,170
08/18/2021,BQN,PR,ASO,ES,Federal Contract Tower,17,12,2,0,31,0,0,47,7,54,17,12,49,7,85,36,60,96,181
08/19/2021,BQN,PR,ASO,ES,Federal Contract Tower,19,10,2,1,32,0,0,35,8,43,19,10,37,9,75,76,0,76,151
08/20/2021,BQN,PR,ASO,ES,Federal Contract Tower,22,12,4,1,39,0,0,35,2,37,22,12,39,3,76,18,12,30,106
08/21/2021,BQN,PR,ASO,ES,Federal Contract Tower,8,0,3,0,11,0,0,31,9,40,8,0,34,9,51,40,36,76,127
08/22/2021,BQN,PR,ASO,ES,Federal Contract Tower,7,0,2,1,10,0,0,9,2,11,7,0,11,3,21,0,0,0,21
08/23/2021,BQN,PR,ASO,ES,Federal Contract Tower,16,15,3,0,34,0,0,28,8,36,16,15,31,8,70,42,28,70,140
08/24/2021,BQN,PR,ASO,ES,Federal Contract Tower,25,13,4,0,42,0,0,33,13,46,25,13,37,13,88,28,24,52,140
08/25/2021,BQN,PR,ASO,ES,Federal Contract Tower,18,13,3,0,34,0,0,42,7,49,18,13,45,7,83,28,0,28,111
08/26/2021,BQN,PR,ASO,ES,Federal Contract Tower,17,14,5,0,36,0,0,42,20,62,17,14,47,20,98,20,0,20,118
08/27/2021,BQN,PR,ASO,ES,Federal Contract Tower,21,13,4,0,38,0,2,32,4,38,21,15,36,4,76,34,0,34,110
08/28/2021,BQN,PR,ASO,ES,Federal Contract Tower,8,0,0,1,9,0,0,58,11,69,8,0,58,12,78,24,0,24,102
08/29/2021,BQN,PR,ASO,ES,Federal Contract Tower,14,3,3,0,20,0,0,17,4,21,14,3,20,4,41,0,6,6,47
08/30/2021,BQN,PR,ASO,ES,Federal Contract Tower,13,11,3,0,27,0,0,29,9,38,13,11,32,9,65,36,18,54,119
08/31/2021,BQN,PR,ASO,ES,Federal Contract Tower,24,11,3,0,38,0,0,36,21,57,24,11,39,21,95,0,0,0,95
09/01/2021,BQN,PR,ASO,ES,Federal Contract Tower,15,11,10,0,36,2,0,40,13,55,17,11,50,13,91,19,42,61,152
09/02/2021,BQN,PR,ASO,ES,Federal Contract Tower,14,12,1,0,27,2,0,44,33,79,16,12,45,33,106,48,12,60,166
09/03/2021,BQN,PR,ASO,ES,Federal Contract Tower,19,10,7,0,36,0,0,48,1,49,19,10,55,1,85,69,0,69,154
09/04/2021,BQN,PR,ASO,ES,Federal Contract Tower,10,0,5,1,16,0,0,63,8,71,10,0,68,9,87,76,24,100,187
09/05/2021,BQN,PR,ASO,ES,Federal Contract Tower,11,0,1,1,13,0,0,2,1,3,11,0,3,2,16,0,0,0,16
09/06/2021,BQN,PR,ASO,ES,Federal Contract Tower,7,0,5,0,12,0,0,39,0,39,7,0,44,0,51,56,0,56,107
09/07/2021,BQN,PR,ASO,ES,Federal Contract Tower,26,7,6,0,39,0,0,49,14,63,26,7,55,14,102,34,24,58,160
09/08/2021,BQN,PR,ASO,ES,Federal Contract Tower,22,14,3,0,39,0,0,42,9,51,22,14,45,9,90,95,16,111,201
09/09/2021,BQN,PR,ASO,ES,Federal Contract Tower,20,10,6,0,36,2,0,48,10,60,22,10,54,10,96,52,0,52,148
09/10/2021,BQN,PR,ASO,ES,Federal Contract Tower,24,10,4,0,38,0,0,41,11,52,24,10,45,11,90,64,102,166,256
09/11/2021,BQN,PR,ASO,ES,Federal Contract Tower,11,0,0,0,11,0,0,50,11,61,11,0,50,11,72,40,40,80,152
09/12/2021,BQN,PR,ASO,ES,Federal Contract Tower,11,0,4,0,15,0,0,16,2,18,11,0,20,2,33,0,0,0,33
09/13/2021,BQN,PR,ASO,ES,Federal Contract Tower,13,13,1,0,27,0,0,16,8,24,13,13,17,8,51,40,70,110,161
09/15/2021,BQN,PR,ASO,ES,Federal Contract Tower,23,10,0,0,33,0,0,35,10,45,23,10,35,10,78,30,10,40,118
09/16/2021,BQN,PR,ASO,ES,Federal Contract Tower,16,12,0,0,28,0,0,48,12,60,16,12,48,12,88,40,2,42,130
09/17/2021,BQN,PR,ASO,ES,Federal Contract Tower,22,14,0,0,36,2,0,17,0,19,24,14,17,0,55,20,0,20,75
09/18/2021,BQN,PR,ASO,ES,Federal Contract Tower,11,0,0,0,11,1,0,41,7,49,12,0,41,7,60,50,0,50,110
09/19/2021,BQN,PR,ASO,ES,Federal Contract Tower,11,0,0,0,11,0,0,5,6,11,11,0,5,6,22,0,0,0,22
09/20/2021,BQN,PR,ASO,ES,Federal Contract Tower,19,10,4,2,35,0,0,20,8,28,19,10,24,10,63,24,54,78,141
09/21/2021,BQN,PR,ASO,ES,Federal Contract Tower,26,6,3,0,35,0,0,17,1,18,26,6,20,1,53,16,12,28,81
09/22/2021,BQN,PR,ASO,ES,Federal Contract Tower,25,9,2,0,36,0,0,9,6,15,25,9,11,6,51,14,30,44,95
09/23/2021,BQN,PR,ASO,ES,Federal Contract Tower,22,12,0,0,34,0,0,14,19,33,22,12,14,19,67,48,104,152,219
09/24/2021,BQN,PR,ASO,ES,Federal Contract Tower,24,9,1,0,34,0,0,72,12,84,24,9,73,12,118,44,12,56,174
09/25/2021,BQN,PR,ASO,ES,Federal Contract Tower,12,0,0,0,12,0,0,59,4,63,12,0,59,4,75,42,0,42,117
09/26/2021,BQN,PR,ASO,ES,Federal Contract Tower,11,0,4,0,15,0,0,25,4,29,11,0,29,4,44,42,0,42,86
09/27/2021,BQN,PR,ASO,ES,Federal Contract Tower,15,12,0,1,28,0,0,39,5,44,15,12,39,6,72,72,9,81,153
09/28/2021,BQN,PR,ASO,ES,Federal Contract Tower,27,10,0,0,37,0,0,41,10,51,27,10,41,10,88,64,76,140,228
09/29/2021,BQN,PR,ASO,ES,Federal Contract Tower,25,11,3,0,39,0,0,44,3,47,25,11,47,3,86,62,0,62,148
09/30/2021,BQN,PR,ASO,ES,Federal Contract Tower,22,12,0,0,34,0,0,52,8,60,22,12,52,8,94,68,0,68,162
10/01/2021,BQN,PR,ASO,ES,Federal Contract Tower,25,10,0,0,35,0,0,71,9,80,25,10,71,9,115,32,0,32,147
10/02/2021,BQN,PR,ASO,ES,Federal Contract Tower,14,0,1,0,15,0,0,36,2,38,14,0,37,2,53,62,0,62,115
10/04/2021,BQN,PR,ASO,ES,Federal Contract Tower,17,8,3,2,30,0,0,27,14,41,17,8,30,16,71,32,42,74,145
10/05/2021,BQN,PR,ASO,ES,Federal Contract Tower,24,14,0,0,38,0,0,31,13,44,24,14,31,13,82,52,34,86,168
10/06/2021,BQN,PR,ASO,ES,Federal Contract Tower,24,12,5,0,41,0,0,44,9,53,24,12,49,9,94,64,0,64,158
10/07/2021,BQN,PR,ASO,ES,Federal Contract Tower,21,12,2,0,35,0,0,56,6,62,21,12,58,6,97,30,0,30,127
10/08/2021,BQN,PR,ASO,ES,Federal Contract Tower,30,9,4,0,43,0,0,39,7,46,30,9,43,7,89,14,24,38,127
10/09/2021,BQN,PR,ASO,ES,Federal Contract Tower,13,0,2,0,15,2,0,36,3,41,15,0,38,3,56,44,0,44,100
10/10/2021,BQN,PR,ASO,ES,Federal Contract Tower,9,0,1,2,12,0,0,11,2,13,9,0,12,4,25,10,0,10,35
10/11/2021,BQN,PR,ASO,ES,Federal Contract Tower,18,7,7,0,32,0,0,18,10,28,18,7,25,10,60,24,28,52,112
10/12/2021,BQN,PR,ASO,ES,Federal Contract Tower,22,8,3,0,33,0,0,14,8,22,22,8,17,8,55,4,0,4,59
10/13/2021,BQN,PR,ASO,ES,Federal Contract Tower,24,13,3,1,41,0,0,29,10,39,24,13,32,11,80,22,0,22,102
10/14/2021,BQN,PR,ASO,ES,Federal Contract Tower,22,15,3,0,40,0,0,38,23,61,22,15,41,23,101,34,14,48,149
10/15/2021,BQN,PR,ASO,ES,Federal Contract Tower,27,8,1,0,36,0,0,36,7,43,27,8,37,7,79,10,12,22,101
10/16/2021,BQN,PR,ASO,ES,Federal Contract Tower,15,2,1,0,18,0,0,28,2,30,15,2,29,2,48,10,0,10,58
10/17/2021,BQN,PR,ASO,ES,Federal Contract Tower,10,0,3,0,13,0,0,21,4,25,10,0,24,4,38,12,0,12,50
10/18/2021,BQN,PR,ASO,ES,Federal Contract Tower,19,6,4,1,30,0,0,26,7,33,19,6,30,8,63,30,20,50,113
10/19/2021,BQN,PR,ASO,ES,Federal Contract Tower,26,11,2,0,39,0,0,21,18,39,26,11,23,18,78,38,0,38,116
10/20/2021,BQN,PR,ASO,ES,Federal Contract Tower,23,12,3,0,38,0,0,57,8,65,23,12,60,8,103,62,28,90,193
10/21/2021,BQN,PR,ASO,ES,Federal Contract Tower,23,11,4,1,39,0,0,59,10,69,23,11,63,11,108,48,0,48,156
10/22/2021,BQN,PR,ASO,ES,Federal Contract Tower,25,10,0,0,35,0,0,27,3,30,25,10,27,3,65,6,0,6,71
10/23/2021,BQN,PR,ASO,ES,Federal Contract Tower,11,2,1,0,14,0,0,53,6,59,11,2,54,6,73,48,0,48,121
10/24/2021,BQN,PR,ASO,ES,Federal Contract Tower,10,0,2,0,12,0,0,13,4,17,10,0,15,4,29,20,2,22,51
10/25/2021,BQN,PR,ASO,ES,Federal Contract Tower,18,9,4,1,32,0,0,36,7,43,18,9,40,8,75,10,40,50,125
10/26/2021,BQN,PR,ASO,ES,Federal Contract Tower,21,15,1,0,37,0,0,34,15,49,21,15,35,15,86,38,22,60,146
10/27/2021,BQN,PR,ASO,ES,Federal Contract Tower,20,10,1,1,32,0,0,31,10,41,20,10,32,11,73,50,30,80,153
10/28/2021,BQN,PR,ASO,ES,Federal Contract Tower,20,13,1,0,34,0,0,37,7,44,20,13,38,7,78,26,4,30,108
10/29/2021,BQN,PR,ASO,ES,Federal Contract Tower,21,15,1,0,37,0,0,37,11,48,21,15,38,11,85,14,0,14,99
10/30/2021,BQN,PR,ASO,ES,Federal Contract Tower,8,1,1,0,10,0,0,41,2,43,8,1,42,2,53,0,0,0,53
10/31/2021,BQN,PR,ASO,ES,Federal Contract Tower,8,1,0,0,9,0,0,2,0,2,8,1,2,0,11,16,0,16,27
11/01/2021,BQN,PR,ASO,ES,Federal Contract Tower,14,8,2,4,28,0,0,18,11,29,14,8,20,15,57,24,58,82,139
11/03/2021,BQN,PR,ASO,ES,Federal Contract Tower,16,11,0,0,27,0,0,17,8,25,16,11,17,8,52,18,88,106,158
11/04/2021,BQN,PR,ASO,ES,Federal Contract Tower,14,12,5,0,31,0,0,63,13,76,14,12,68,13,107,30,22,52,159
11/05/2021,BQN,PR,ASO,ES,Federal Contract Tower,18,9,2,1,30,0,0,30,2,32,18,9,32,3,62,44,4,48,110
11/06/2021,BQN,PR,ASO,ES,Federal Contract Tower,6,0,1,0,7,2,0,36,3,41,8,0,37,3,48,26,8,34,82
11/07/2021,BQN,PR,ASO,ES,Federal Contract Tower,5,0,3,0,8,0,0,10,6,16,5,0,13,6,24,12,0,12,36
11/08/2021,BQN,PR,ASO,ES,Federal Contract Tower,14,10,0,0,24,0,0,28,9,37,14,10,28,9,61,48,82,130,191
11/09/2021,BQN,PR,ASO,ES,Federal Contract Tower,16,8,2,2,28,0,0,44,12,56,16,8,46,14,84,32,52,84,168
11/10/2021,BQN,PR,ASO,ES,Federal Contract Tower,18,8,1,0,27,0,0,14,8,22,18,8,15,8,49,34,16,50,99
11/11/2021,BQN,PR,ASO,ES,Federal Contract Tower,14,11,1,0,26,0,0,56,12,68,14,11,57,12,94,48,20,68,162
11/12/2021,BQN,PR,ASO,ES,Federal Contract Tower,11,11,3,0,25,0,0,78,13,91,11,11,81,13,116,78,88,166,282
11/13/2021,BQN,PR,ASO,ES,Federal Contract Tower,6,1,3,0,10,0,0,66,4,70,6,1,69,4,80,16,0,16,96
11/14/2021,BQN,PR,ASO,ES,Federal Contract Tower,4,0,2,0,6,0,0,8,3,11,4,0,10,3,17,10,0,10,27
11/15/2021,BQN,PR,ASO,ES,Federal Contract Tower,12,10,2,0,24,0,0,32,11,43,12,10,34,11,67,66,40,106,173
11/16/2021,BQN,PR,ASO,ES,Federal Contract Tower,15,9,4,2,30,0,0,40,13,53,15,9,44,15,83,60,42,102,185
11/17/2021,BQN,PR,ASO,ES,Federal Contract Tower,15,15,1,0,31,0,0,57,4,61,15,15,58,4,92,68,20,88,180
11/18/2021,BQN,PR,ASO,ES,Federal Contract Tower,12,14,3,0,29,0,0,34,16,50,12,14,37,16,79,36,56,92,171
11/19/2021,BQN,PR,ASO,ES,Federal Contract Tower,19,9,2,0,30,0,0,36,9,45,19,9,38,9,75,60,38,98,173
11/20/2021,BQN,PR,ASO,ES,Federal Contract Tower,6,0,7,0,13,0,0,30,7,37,6,0,37,7,50,48,20,68,118
11/21/2021,BQN,PR,ASO,ES,Federal Contract Tower,6,0,4,0,10,0,0,22,1,23,6,0,26,1,33,18,0,18,51
11/22/2021,BQN,PR,ASO,ES,Federal Contract Tower,12,11,1,2,26,0,2,37,7,46,12,13,38,9,72,68,58,126,198
11/23/2021,BQN,PR,ASO,ES,Federal Contract Tower,18,12,3,0,33,0,0,74,12,86,18,12,77,12,119,92,52,144,263
11/24/2021,BQN,PR,ASO,ES,Federal Contract Tower,16,10,6,0,32,0,0,0,0,0,16,10,6,0,32,30,0,30,62
11/25/2021,BQN,PR,ASO,ES,Federal Contract Tower,8,0,1,0,9,0,0,10,3,13,8,0,11,3,22,0,0,0,22
11/26/2021,BQN,PR,ASO,ES,Federal Contract Tower,9,11,3,1,24,0,0,10,1,11,9,11,13,2,35,20,0,20,55
11/27/2021,BQN,PR,ASO,ES,Federal Contract Tower,4,0,3,0,7,0,0,20,9,29,4,0,23,9,36,62,26,88,124
11/28/2021,BQN,PR,ASO,ES,Federal Contract Tower,5,0,9,0,14,0,0,13,2,15,5,0,22,2,29,0,20,20,49
11/29/2021,BQN,PR,ASO,ES,Federal Contract Tower,11,10,4,4,29,0,0,33,2,35,11,10,37,6,64,42,0,42,106
11/30/2021,BQN,PR,ASO,ES,Federal Contract Tower,18,8,3,0,29,0,0,67,21,88,18,8,70,21,117,56,20,76,193
12/01/2021,BQN,PR,ASO,ES,Federal Contract Tower,23,12,2,0,37,0,0,49,11,60,23,12,51,11,97,16,20,36,133
12/02/2021,BQN,PR,ASO,ES,Federal Contract Tower,12,14,8,0,34,0,0,43,17,60,12,14,51,17,94,50,8,58,152
12/03/2021,BQN,PR,ASO,ES,Federal Contract Tower,12,13,3,1,29,0,0,65,9,74,12,13,68,10,103,20,24,44,147
12/04/2021,BQN,PR,ASO,ES,Federal Contract Tower,7,0,1,0,8,0,0,48,14,62,7,0,49,14,70,16,2,18,88
12/05/2021,BQN,PR,ASO,ES,Federal Contract Tower,4,0,8,0,12,0,0,8,4,12,4,0,16,4,24,0,0,0,24
12/06/2021,BQN,PR,ASO,ES,Federal Contract Tower,14,9,1,0,24,0,0,23,8,31,14,9,24,8,55,34,20,54,109
12/07/2021,BQN,PR,ASO,ES,Federal Contract Tower,19,9,3,1,32,0,0,50,14,64,19,9,53,15,96,24,68,92,188
12/08/2021,BQN,PR,ASO,ES,Federal Contract Tower,20,9,3,1,33,0,0,37,12,49,20,9,40,13,82,44,6,50,132
12/09/2021,BQN,PR,ASO,ES,Federal Contract Tower,16,12,1,0,29,0,0,39,14,53,16,12,40,14,82,10,0,10,92
12/10/2021,BQN,PR,ASO,ES,Federal Contract Tower,17,15,1,0,33,0,0,30,11,41,17,15,31,11,74,14,0,14,88
12/11/2021,BQN,PR,ASO,ES,Federal Contract Tower,5,5,2,0,12,0,0,33,12,45,5,5,35,12,57,0,4,4,61
12/12/2021,BQN,PR,ASO,ES,Federal Contract Tower,4,0,10,1,15,0,0,13,3,16,4,0,23,4,31,12,0,12,43
12/13/2021,BQN,PR,ASO,ES,Federal Contract Tower,12,10,4,0,26,0,0,32,7,39,12,10,36,7,65,40,20,60,125
12/14/2021,BQN,PR,ASO,ES,Federal Contract Tower,21,13,6,1,41,0,0,58,32,90,21,13,64,33,131,52,22,74,205
12/15/2021,BQN,PR,ASO,ES,Federal Contract Tower,21,8,15,0,44,0,0,44,12,56,21,8,59,12,100,30,96,126,226
12/16/2021,BQN,PR,ASO,ES,Federal Contract Tower,11,15,5,6,37,0,0,60,17,77,11,15,65,23,114,16,30,46,160
12/17/2021,BQN,PR,ASO,ES,Federal Contract Tower,15,15,3,0,33,0,0,44,7,51,15,15,47,7,84,12,12,24,108
12/18/2021,BQN,PR,ASO,ES,Federal Contract Tower,7,1,6,0,14,0,0,5,4,9,7,1,11,4,23,24,0,24,47
12/19/2021,BQN,PR,ASO,ES,Federal Contract Tower,4,0,8,0,12,0,0,8,4,12,4,0,16,4,24,8,0,8,32
12/20/2021,BQN,PR,ASO,ES,Federal Contract Tower,15,12,2,2,31,0,0,37,9,46,15,12,39,11,77,64,24,88,165
12/21/2021,BQN,PR,ASO,ES,Federal Contract Tower,28,13,3,0,44,0,0,64,4,68,28,13,67,4,112,124,0,124,236
12/22/2021,BQN,PR,ASO,ES,Federal Contract Tower,27,8,6,3,44,0,0,40,12,52,27,8,46,15,96,68,34,102,198
12/23/2021,BQN,PR,ASO,ES,Federal Contract Tower,22,10,2,0,34,0,0,44,18,62,22,10,46,18,96,10,0,10,106
12/24/2021,BQN,PR,ASO,ES,Federal Contract Tower,22,12,3,0,37,0,0,12,5,17,22,12,15,5,54,2,0,2,56
12/25/2021,BQN,PR,ASO,ES,Federal Contract Tower,11,0,2,0,13,0,0,7,2,9,11,0,9,2,22,0,0,0,22
12/26/2021,BQN,PR,ASO,ES,Federal Contract Tower,10,2,3,0,15,0,0,4,4,8,10,2,7,4,23,0,0,0,23
12/27/2021,BQN,PR,ASO,ES,Federal Contract Tower,15,5,7,0,27,0,0,41,14,55,15,5,48,14,82,48,48,96,178
12/28/2021,BQN,PR,ASO,ES,Federal Contract Tower,30,6,5,0,41,0,0,45,12,57,30,6,50,12,98,44,48,92,190
12/29/2021,BQN,PR,ASO,ES,Federal Contract Tower,29,8,2,0,39,0,12,67,5,84,29,20,69,5,123,88,0,88,211
12/30/2021,BQN,PR,ASO,ES,Federal Contract Tower,16,9,2,0,27,0,0,49,8,57,16,9,51,8,84,38,0,38,122
12/31/2021,BQN,PR,ASO,ES,Federal Contract Tower,20,5,6,0,31,0,0,21,1,22,20,5,27,1,53,14,0,14,67
01/01/2022,BQN,PR,ASO,ES,Federal Contract Tower,8,1,7,0,16,0,0,0,2,2,8,1,7,2,18,0,0,0,18
01/02/2022,BQN,PR,ASO,ES,Federal Contract Tower,9,0,11,1,21,0,0,10,4,14,9,0,21,5,35,8,0,8,43
01/03/2022,BQN,PR,ASO,ES,Federal Contract Tower,18,4,8,0,30,0,0,25,7,32,18,4,33,7,62,22,0,22,84
01/04/2022,BQN,PR,ASO,ES,Federal Contract Tower,25,6,3,0,34,0,0,65,4,69,25,6,68,4,103,136,0,136,239
01/05/2022,BQN,PR,ASO,ES,Federal Contract Tower,21,5,0,0,26,0,0,36,2,38,21,5,36,2,64,72,28,100,164
01/06/2022,BQN,PR,ASO,ES,Federal Contract Tower,11,7,7,0,25,0,0,17,6,23,11,7,24,6,48,0,40,40,88
01/07/2022,BQN,PR,ASO,ES,Federal Contract Tower,13,9,5,0,27,0,0,82,0,82,13,9,87,0,109,38,0,38,147
01/08/2022,BQN,PR,ASO,ES,Federal Contract Tower,6,0,4,0,10,0,0,54,4,58,6,0,58,4,68,42,22,64,132
01/09/2022,BQN,PR,ASO,ES,Federal Contract Tower,9,0,9,0,18,0,0,22,3,25,9,0,31,3,43,16,0,16,59
01/10/2022,BQN,PR,ASO,ES,Federal Contract Tower,13,5,2,0,20,0,0,24,13,37,13,5,26,13,57,34,116,150,207
01/11/2022,BQN,PR,ASO,ES,Federal Contract Tower,23,6,1,0,30,0,0,71,24,95,23,6,72,24,125,42,4,46,171
01/12/2022,BQN,PR,ASO,ES,Federal Contract Tower,36,6,3,2,47,0,0,37,17,54,36,6,40,19,101,66,58,124,225
01/13/2022,BQN,PR,ASO,ES,Federal Contract Tower,18,9,4,0,31,0,0,64,27,91,18,9,68,27,122,56,4,60,182
01/14/2022,BQN,PR,ASO,ES,Federal Contract Tower,20,9,8,0,37,0,0,59,14,73,20,9,67,14,110,16,86,102,212
01/15/2022,BQN,PR,ASO,ES,Federal Contract Tower,5,0,5,0,10,0,0,44,4,48,5,0,49,4,58,60,0,60,118
01/16/2022,BQN,PR,ASO,ES,Federal Contract Tower,5,0,22,0,27,0,0,12,4,16,5,0,34,4,43,2,0,2,45
01/17/2022,BQN,PR,ASO,ES,Federal Contract Tower,13,9,16,0,38,0,0,21,3,24,13,9,37,3,62,56,0,56,118
01/18/2022,BQN,PR,ASO,ES,Federal Contract Tower,25,6,6,0,37,0,0,52,13,65,25,6,58,13,102,42,42,84,186
01/19/2022,BQN,PR,ASO,ES,Federal Contract Tower,26,9,9,2,46,0,0,59,13,72,26,9,68,15,118,54,38,92,210
01/20/2022,BQN,PR,ASO,ES,Federal Contract Tower,14,13,2,0,29,0,0,28,5,33,14,13,30,5,62,74,34,108,170
01/21/2022,BQN,PR,ASO,ES,Federal Contract Tower,18,4,4,0,26,0,0,82,3,85,18,4,86,3,111,58,0,58,169
01/22/2022,BQN,PR,ASO,ES,Federal Contract Tower,6,0,1,4,11,0,0,10,2,12,6,0,11,6,23,10,10,20,43
01/23/2022,BQN,PR,ASO,ES,Federal Contract Tower,7,0,1,0,8,0,0,4,2,6,7,0,5,2,14,0,0,0,14
01/24/2022,BQN,PR,ASO,ES,Federal Contract Tower,16,2,4,1,23,0,0,23,13,36,16,2,27,14,59,62,62,124,183
01/25/2022,BQN,PR,ASO,ES,Federal Contract Tower,23,10,1,0,34,0,0,54,15,69,23,10,55,15,103,120,0,120,223
01/26/2022,BQN,PR,ASO,ES,Federal Contract Tower,22,7,5,0,34,0,0,59,12,71,22,7,64,12,105,86,42,128,233
01/27/2022,BQN,PR,ASO,ES,Federal Contract Tower,13,14,6,0,33,0,0,35,9,44,13,14,41,9,77,24,2,26,103
01/28/2022,BQN,PR,ASO,ES,Federal Contract Tower,20,8,5,0,33,0,0,52,10,62,20,8,57,10,95,46,0,46,141
01/29/2022,BQN,PR,ASO,ES,Federal Contract Tower,8,0,3,0,11,0,0,10,1,11,8,0,13,1,22,6,0,6,28
01/30/2022,BQN,PR,ASO,ES,Federal Contract Tower,3,1,2,0,6,0,0,10,0,10,3,1,12,0,16,8,0,8,24
01/31/2022,BQN,PR,ASO,ES,Federal Contract Tower,16,6,12,2,36,0,0,41,11,52,16,6,53,13,88,128,26,154,242
02/01/2022,BQN,PR,ASO,ES,Federal Contract Tower,25,8,8,1,42,0,0,40,8,48,25,8,48,9,90,114,16,130,220
02/02/2022,BQN,PR,ASO,ES,Federal Contract Tower,20,3,8,1,32,0,0,21,2,23,20,3,29,3,55,46,0,46,101
02/03/2022,BQN,PR,ASO,ES,Federal Contract Tower,18,6,2,1,27,0,0,37,14,51,18,6,39,15,78,76,38,114,192
02/04/2022,BQN,PR,ASO,ES,Federal Contract Tower,19,5,0,2,26,0,0,19,8,27,19,5,19,10,53,30,38,68,121
02/05/2022,BQN,PR,ASO,ES,Federal Contract Tower,4,0,2,0,6,0,0,5,1,6,4,0,7,1,12,0,0,0,12
02/06/2022,BQN,PR,ASO,ES,Federal Contract Tower,8,0,2,0,10,0,0,0,0,0,8,0,2,0,10,0,0,0,10
02/07/2022,BQN,PR,ASO,ES,Federal Contract Tower,20,5,3,1,29,0,0,29,12,41,20,5,32,13,70,42,84,126,196
02/08/2022,BQN,PR,ASO,ES,Federal Contract Tower,18,6,1,0,25,0,0,26,14,40,18,6,27,14,65,22,32,54,119
02/09/2022,BQN,PR,ASO,ES,Federal Contract Tower,18,6,4,0,28,0,0,18,4,22,18,6,22,4,50,20,10,30,80
02/10/2022,BQN,PR,ASO,ES,Federal Contract Tower,19,6,6,0,31,0,0,18,6,24,19,6,24,6,55,28,48,76,131
02/11/2022,BQN,PR,ASO,ES,Federal Contract Tower,16,7,5,0,28,0,0,31,3,34,16,7,36,3,62,68,14,82,144
02/12/2022,BQN,PR,ASO,ES,Federal Contract Tower,5,0,6,0,11,0,0,11,1,12,5,0,17,1,23,28,0,28,51
02/13/2022,BQN,PR,ASO,ES,Federal Contract Tower,8,0,2,0,10,0,0,14,2,16,8,0,16,2,26,26,0,26,52
02/14/2022,BQN,PR,ASO,ES,Federal Contract Tower,18,6,14,1,39,0,0,30,10,40,18,6,44,11,79,58,40,98,177
02/15/2022,BQN,PR,ASO,ES,Federal Contract Tower,22,6,5,2,35,0,0,44,11,55,22,6,49,13,90,50,34,84,174
02/16/2022,BQN,PR,ASO,ES,Federal Contract Tower,21,6,0,1,28,0,0,37,12,49,21,6,37,13,77,84,38,122,199
02/17/2022,BQN,PR,ASO,ES,Federal Contract Tower,16,10,3,0,29,0,0,60,24,84,16,10,63,24,113,80,4,84,197
02/18/2022,BQN,PR,ASO,ES,Federal Contract Tower,21,6,8,0,35,0,0,53,14,67,21,6,61,14,102,0,14,14,116
02/19/2022,BQN,PR,ASO,ES,Federal Contract Tower,8,0,2,0,10,0,0,27,2,29,8,0,29,2,39,40,6,46,85
02/20/2022,BQN,PR,ASO,ES,Federal Contract Tower,6,0,8,0,14,0,0,26,8,34,6,0,34,8,48,42,0,42,90
02/21/2022,BQN,PR,ASO,ES,Federal Contract Tower,11,7,7,0,25,0,0,25,10,35,11,7,32,10,60,46,14,60,120
02/22/2022,BQN,PR,ASO,ES,Federal Contract Tower,20,6,5,0,31,0,0,66,11,77,20,6,71,11,108,90,0,90,198
02/23/2022,BQN,PR,ASO,ES,Federal Contract Tower,15,7,5,3,30,0,0,28,18,46,15,7,33,21,76,54,54,108,184
02/24/2022,BQN,PR,ASO,ES,Federal Contract Tower,17,5,2,0,24,0,0,24,3,27,17,5,26,3,51,48,4,52,103
02/25/2022,BQN,PR,ASO,ES,Federal Contract Tower,16,8,2,0,26,0,0,84,19,103,16,8,86,19,129,114,82,196,325
02/26/2022,BQN,PR,ASO,ES,Federal Contract Tower,6,1,2,0,9,0,0,17,1,18,6,1,19,1,27,20,0,20,47
02/27/2022,BQN,PR,ASO,ES,Federal Contract Tower,2,0,7,0,9,0,0,7,2,9,2,0,14,2,18,4,0,4,22
02/28/2022,BQN,PR,ASO,ES,Federal Contract Tower,10,4,6,1,21,0,0,24,12,36,10,4,30,13,57,44,34,78,135
03/01/2022,BQN,PR,ASO,ES,Federal Contract Tower,20,9,2,0,31,0,0,60,24,84,20,9,62,24,115,54,36,90,205
03/02/2022,BQN,PR,ASO,ES,Federal Contract Tower,21,7,5,0,33,0,0,35,20,55,21,7,40,20,88,22,48,70,158
03/03/2022,BQN,PR,ASO,ES,Federal Contract Tower,13,8,4,0,25,0,0,33,12,45,13,8,37,12,70,50,28,78,148
03/04/2022,BQN,PR,ASO,ES,Federal Contract Tower,24,4,9,1,38,0,0,90,1,91,24,4,99,2,129,64,0,64,193
03/05/2022,BQN,PR,ASO,ES,Federal Contract Tower,4,0,6,0,10,0,0,31,4,35,4,0,37,4,45,10,0,10,55
03/06/2022,BQN,PR,ASO,ES,Federal Contract Tower,4,0,2,0,6,0,0,10,4,14,4,0,12,4,20,0,0,0,20
03/07/2022,BQN,PR,ASO,ES,Federal Contract Tower,12,8,5,0,25,0,0,30,11,41,12,8,35,11,66,56,70,126,192
03/08/2022,BQN,PR,ASO,ES,Federal Contract Tower,18,8,1,0,27,0,0,37,13,50,18,8,38,13,77,46,0,46,123
03/09/2022,BQN,PR,ASO,ES,Federal Contract Tower,14,8,1,0,23,0,0,34,12,46,14,8,35,12,69,82,94,176,245
03/10/2022,BQN,PR,ASO,ES,Federal Contract Tower,16,6,3,2,27,0,0,34,8,42,16,6,37,10,69,78,2,80,149
03/11/2022,BQN,PR,ASO,ES,Federal Contract Tower,22,7,5,0,34,0,0,40,12,52,22,7,45,12,86,64,22,86,172
03/12/2022,BQN,PR,ASO,ES,Federal Contract Tower,5,0,9,2,16,0,0,36,2,38,5,0,45,4,54,34,0,34,88
03/13/2022,BQN,PR,ASO,ES,Federal Contract Tower,4,0,4,2,10,0,0,14,3,17,4,0,18,5,27,0,0,0,27
03/14/2022,BQN,PR,ASO,ES,Federal Contract Tower,16,4,1,1,22,0,0,36,10,46,16,4,37,11,68,32,85,117,185
03/15/2022,BQN,PR,ASO,ES,Federal Contract Tower,19,6,1,0,26,0,0,50,18,68,19,6,51,18,94,46,62,108,202
03/16/2022,BQN,PR,ASO,ES,Federal Contract Tower,16,6,5,8,35,0,0,25,15,40,16,6,30,23,75,52,46,98,173
03/17/2022,BQN,PR,ASO,ES,Federal Contract Tower,18,7,2,0,27,0,0,40,16,56,18,7,42,16,83,48,0,48,131
03/18/2022,BQN,PR,ASO,ES,Federal Contract Tower,17,11,4,0,32,0,0,59,7,66,17,11,63,7,98,32,28,60,158
03/19/2022,BQN,PR,ASO,ES,Federal Contract Tower,5,0,3,0,8,0,0,50,5,55,5,0,53,5,63,48,0,48,111
03/20/2022,BQN,PR,ASO,ES,Federal Contract Tower,4,0,4,0,8,0,0,31,2,33,4,0,35,2,41,4,0,4,45
03/21/2022,BQN,PR,ASO,ES,Federal Contract Tower,17,4,3,2,26,0,0,20,12,32,17,4,23,14,58,26,60,86,144
03/22/2022,BQN,PR,ASO,ES,Federal Contract Tower,22,7,4,0,33,0,0,30,14,44,22,7,34,14,77,32,22,54,131
03/23/2022,BQN,PR,ASO,ES,Federal Contract Tower,16,9,7,1,33,0,0,23,15,38,16,9,30,16,71,22,44,66,137
03/24/2022,BQN,PR,ASO,ES,Federal Contract Tower,24,10,2,0,36,0,0,43,19,62,24,10,45,19,98,44,2,46,144
03/25/2022,BQN,PR,ASO,ES,Federal Contract Tower,20,5,7,1,33,0,0,53,13,66,20,5,60,14,99,56,62,118,217
03/26/2022,BQN,PR,ASO,ES,Federal Contract Tower,7,0,7,0,14,0,0,9,1,10,7,0,16,1,24,6,0,6,30
03/27/2022,BQN,PR,ASO,ES,Federal Contract Tower,9,0,5,0,14,3,0,20,8,31,12,0,25,8,45,10,0,10,55
03/28/2022,BQN,PR,ASO,ES,Federal Contract Tower,19,1,5,2,27,0,0,21,6,27,19,1,26,8,54,36,78,114,168
03/29/2022,BQN,PR,ASO,ES,Federal Contract Tower,19,9,0,0,28,0,0,31,21,52,19,9,31,21,80,36,40,76,156
03/30/2022,BQN,PR,ASO,ES,Federal Contract Tower,16,4,5,1,26,0,0,29,12,41,16,4,34,13,67,56,34,90,157
03/31/2022,BQN,PR,ASO,ES,Federal Contract Tower,16,8,3,1,28,0,0,31,10,41,16,8,34,11,69,46,0,46,115
04/01/2022,BQN,PR,ASO,ES,Federal Contract Tower,21,8,5,2,36,0,0,43,2,45,21,8,48,4,81,28,14,42,123
04/02/2022,BQN,PR,ASO,ES,Federal Contract Tower,4,0,4,1,9,0,0,14,8,22,4,0,18,9,31,20,0,20,51
04/03/2022,BQN,PR,ASO,ES,Federal Contract Tower,6,0,5,1,12,0,0,21,5,26,6,0,26,6,38,10,0,10,48
04/04/2022,BQN,PR,ASO,ES,Federal Contract Tower,15,5,11,5,36,0,0,35,12,47,15,5,46,17,83,48,56,104,187
04/05/2022,BQN,PR,ASO,ES,Federal Contract Tower,18,7,2,1,28,0,0,28,16,44,18,7,30,17,72,20,34,54,126
04/06/2022,BQN,PR,ASO,ES,Federal Contract Tower,17,5,9,0,31,0,0,55,2,57,17,5,64,2,88,48,0,48,136
04/07/2022,BQN,PR,ASO,ES,Federal Contract Tower,16,7,1,3,27,0,0,12,11,23,16,7,13,14,50,4,6,10,60
04/08/2022,BQN,PR,ASO,ES,Federal Contract Tower,17,7,5,0,29,0,0,25,6,31,17,7,30,6,60,34,76,110,170
04/09/2022,BQN,PR,ASO,ES,Federal Contract Tower,7,1,4,1,13,0,0,37,3,40,7,1,41,4,53,6,0,6,59
04/10/2022,BQN,PR,ASO,ES,Federal Contract Tower,7,0,6,0,13,0,0,22,2,24,7,0,28,2,37,0,0,0,37
04/11/2022,BQN,PR,ASO,ES,Federal Contract Tower,18,7,1,1,27,0,0,32,11,43,18,7,33,12,70,34,20,54,124
04/12/2022,BQN,PR,ASO,ES,Federal Contract Tower,21,8,3,2,34,0,0,55,14,69,21,8,58,16,103,48,32,80,183
04/13/2022,BQN,PR,ASO,ES,Federal Contract Tower,17,6,3,1,27,0,0,51,8,59,17,6,54,9,86,40,30,70,156
04/14/2022,BQN,PR,ASO,ES,Federal Contract Tower,14,4,5,0,23,0,0,22,9,31,14,4,27,9,54,12,0,12,66
04/15/2022,BQN,PR,ASO,ES,Federal Contract Tower,8,3,2,2,15,0,0,46,10,56,8,3,48,12,71,22,0,22,93
04/16/2022,BQN,PR,ASO,ES,Federal Contract Tower,4,0,2,1,7,0,0,5,3,8,4,0,7,4,15,0,0,0,15
04/17/2022,BQN,PR,ASO,ES,Federal Contract Tower,6,0,9,0,15,0,0,14,1,15,6,0,23,1,30,0,0,0,30
04/18/2022,BQN,PR,ASO,ES,Federal Contract Tower,12,3,4,1,20,0,0,25,9,34,12,3,29,10,54,26,26,52,106
04/19/2022,BQN,PR,ASO,ES,Federal Contract Tower,21,9,4,3,37,0,0,70,13,83,21,9,74,16,120,40,0,40,160
04/20/2022,BQN,PR,ASO,ES,Federal Contract Tower,18,7,7,2,34,0,0,32,20,52,18,7,39,22,86,26,32,58,144
04/21/2022,BQN,PR,ASO,ES,Federal Contract Tower,21,6,5,0,32,0,0,43,24,67,21,6,48,24,99,18,56,74,173
04/22/2022,BQN,PR,ASO,ES,Federal Contract Tower,19,7,3,2,31,0,0,21,24,45,19,7,24,26,76,12,48,60,136
04/23/2022,BQN,PR,ASO,ES,Federal Contract Tower,3,0,2,3,8,0,0,24,1,25,3,0,26,4,33,10,0,10,43
04/24/2022,BQN,PR,ASO,ES,Federal Contract Tower,4,0,9,2,15,0,0,14,2,16,4,0,23,4,31,6,0,6,37
04/25/2022,BQN,PR,ASO,ES,Federal Contract Tower,21,2,5,0,28,0,0,23,15,38,21,2,28,15,66,36,78,114,180
04/26/2022,BQN,PR,ASO,ES,Federal Contract Tower,22,7,3,0,32,0,0,47,14,61,22,7,50,14,93,34,22,56,149
04/27/2022,BQN,PR,ASO,ES,Federal Contract Tower,19,4,4,2,29,0,0,57,2,59,19,4,61,4,88,94,0,94,182
04/28/2022,BQN,PR,ASO,ES,Federal Contract Tower,16,6,5,0,27,0,0,47,20,67,16,6,52,20,94,90,0,90,184
04/29/2022,BQN,PR,ASO,ES,Federal Contract Tower,22,3,4,1,30,0,0,61,14,75,22,3,65,15,105,22,82,104,209
04/30/2022,BQN,PR,ASO,ES,Federal Contract Tower,4,1,2,0,7,0,0,0,6,6,4,1,2,6,13,0,0,0,13
05/01/2022,BQN,PR,ASO,ES,Federal Contract Tower,5,0,2,2,9,0,0,8,2,10,5,0,10,4,19,12,0,12,31
05/02/2022,BQN,PR,ASO,ES,Federal Contract Tower,12,4,3,1,20,0,0,20,7,27,12,4,23,8,47,40,16,56,103
05/03/2022,BQN,PR,ASO,ES,Federal Contract Tower,19,8,0,2,29,0,0,28,22,50,19,8,28,24,79,40,26,66,145
05/04/2022,BQN,PR,ASO,ES,Federal Contract Tower,26,5,5,2,38,0,0,26,6,32,26,5,31,8,70,42,20,62,132
05/05/2022,BQN,PR,ASO,ES,Federal Contract Tower,19,6,1,0,26,0,0,28,14,42,19,6,29,14,68,28,4,32,100
05/06/2022,BQN,PR,ASO,ES,Federal Contract Tower,30,4,2,0,36,0,0,30,5,35,30,4,32,5,71,44,0,44,115
05/07/2022,BQN,PR,ASO,ES,Federal Contract Tower,7,0,1,0,8,0,0,35,5,40,7,0,36,5,48,22,0,22,70
05/08/2022,BQN,PR,ASO,ES,Federal Contract Tower,9,0,3,0,12,0,0,15,7,22,9,0,18,7,34,0,0,0,34
05/09/2022,BQN,PR,ASO,ES,Federal Contract Tower,31,4,6,0,41,0,0,38,8,46,31,4,44,8,87,34,20,54,141
05/10/2022,BQN,PR,ASO,ES,Federal Contract Tower,21,7,1,0,29,0,0,84,32,116,21,7,85,32,145,66,44,110,255
05/11/2022,BQN,PR,ASO,ES,Federal Contract Tower,27,7,4,0,38,0,0,37,4,41,27,7,41,4,79,90,0,90,169
05/12/2022,BQN,PR,ASO,ES,Federal Contract Tower,21,7,5,0,33,0,0,41,23,64,21,7,46,23,97,38,0,38,135
05/13/2022,BQN,PR,ASO,ES,Federal Contract Tower,22,3,5,0,30,0,0,30,9,39,22,3,35,9,69,38,0,38,107
05/14/2022,BQN,PR,ASO,ES,Federal Contract Tower,6,0,2,0,8,0,0,31,4,35,6,0,33,4,43,22,0,22,65
05/15/2022,BQN,PR,ASO,ES,Federal Contract Tower,8,0,3,1,12,0,0,12,5,17,8,0,15,6,29,16,0,16,45
05/16/2022,BQN,PR,ASO,ES,Federal Contract Tower,27,3,2,0,32,0,0,42,10,52,27,3,44,10,84,78,22,100,184
05/17/2022,BQN,PR,ASO,ES,Federal Contract Tower,22,9,4,0,35,0,0,48,11,59,22,9,52,11,94,54,12,66,160
05/18/2022,BQN,PR,ASO,ES,Federal Contract Tower,29,4,1,0,34,0,0,46,10,56,29,4,47,10,90,102,0,102,192
05/19/2022,BQN,PR,ASO,ES,Federal Contract Tower,22,3,2,0,27,0,0,29,11,40,22,3,31,11,67,62,26,88,155
05/20/2022,BQN,PR,ASO,ES,Federal Contract Tower,26,4,4,0,34,0,0,39,11,50,26,4,43,11,84,56,38,94,178
05/21/2022,BQN,PR,ASO,ES,Federal Contract Tower,10,0,3,0,13,0,0,23,3,26,10,0,26,3,39,18,0,18,57
05/22/2022,BQN,PR,ASO,ES,Federal Contract Tower,9,0,5,0,14,0,0,8,2,10,9,0,13,2,24,10,10,20,44
05/23/2022,BQN,PR,ASO,ES,Federal Contract Tower,27,3,1,0,31,0,0,40,12,52,27,3,41,12,83,54,48,102,185
05/24/2022,BQN,PR,ASO,ES,Federal Contract Tower,22,5,2,0,29,0,0,31,13,44,22,5,33,13,73,52,70,122,195
05/25/2022,BQN,PR,ASO,ES,Federal Contract Tower,27,5,2,0,34,0,0,34,9,43,27,5,36,9,77,36,16,52,129
05/26/2022,BQN,PR,ASO,ES,Federal Contract Tower,23,2,4,0,29,0,0,40,14,54,23,2,44,14,83,34,8,42,125
05/27/2022,BQN,PR,ASO,ES,Federal Contract Tower,25,2,4,0,31,0,0,23,4,27,25,2,27,4,58,18,0,18,76
05/28/2022,BQN,PR,ASO,ES,Federal Contract Tower,9,1,5,0,15,0,0,12,7,19,9,1,17,7,34,0,20,20,54
05/29/2022,BQN,PR,ASO,ES,Federal Contract Tower,6,0,2,0,8,0,0,5,7,12,6,0,7,7,20,0,32,32,52
05/30/2022,BQN,PR,ASO,ES,Federal Contract Tower,8,0,2,1,11,0,0,21,5,26,8,0,23,6,37,0,0,0,37
05/31/2022,BQN,PR,ASO,ES,Federal Contract Tower,24,6,2,1,33,0,0,44,16,60,24,6,46,17,93,56,34,90,183
06/01/2022,BQN,PR,ASO,ES,Federal Contract Tower,23,6,2,1,32,0,0,42,13,55,23,6,44,14,87,80,40,120,207
06/02/2022,BQN,PR,ASO,ES,Federal Contract Tower,22,2,5,0,29,0,0,19,5,24,22,2,24,5,53,50,0,50,103
06/03/2022,BQN,PR,ASO,ES,Federal Contract Tower,31,5,3,0,39,0,0,21,4,25,31,5,24,4,64,28,30,58,122
06/04/2022,BQN,PR,ASO,ES,Federal Contract Tower,6,0,0,0,6,0,0,7,2,9,6,0,7,2,15,2,0,2,17
06/05/2022,BQN,PR,ASO,ES,Federal Contract Tower,8,0,3,0,11,0,0,5,5,10,8,0,8,5,21,0,2,2,23
06/06/2022,BQN,PR,ASO,ES,Federal Contract Tower,23,3,4,4,34,1,0,36,10,47,24,3,40,14,81,44,40,84,165
06/07/2022,BQN,PR,ASO,ES,Federal Contract Tower,24,10,3,5,42,0,0,38,14,52,24,10,41,19,94,52,40,92,186
06/08/2022,BQN,PR,ASO,ES,Federal Contract Tower,26,4,3,6,39,0,0,54,8,62,26,4,57,14,101,46,6,52,153
06/09/2022,BQN,PR,ASO,ES,Federal Contract Tower,18,10,3,3,34,0,0,51,24,75,18,10,54,27,109,32,20,52,161
06/10/2022,BQN,PR,ASO,ES,Federal Contract Tower,29,4,6,0,39,0,0,36,2,38,29,4,42,2,77,24,4,28,105
06/11/2022,BQN,PR,ASO,ES,Federal Contract Tower,9,2,7,1,19,0,0,6,10,16,9,2,13,11,35,0,24,24,59
06/12/2022,BQN,PR,ASO,ES,Federal Contract Tower,11,0,0,0,11,0,0,16,5,21,11,0,16,5,32,0,8,8,40
06/13/2022,BQN,PR,ASO,ES,Federal Contract Tower,24,6,6,1,37,0,0,28,12,40,24,6,34,13,77,32,62,94,171
06/14/2022,BQN,PR,ASO,ES,Federal Contract Tower,25,5,0,0,30,0,0,37,19,56,25,5,37,19,86,32,36,68,154
06/15/2022,BQN,PR,ASO,ES,Federal Contract Tower,27,6,5,0,38,0,0,32,15,47,27,6,37,15,85,30,96,126,211
06/16/2022,BQN,PR,ASO,ES,Federal Contract Tower,22,6,5,3,36,0,0,25,3,28,22,6,30,6,64,12,6,18,82
06/17/2022,BQN,PR,ASO,ES,Federal Contract Tower,28,3,5,0,36,0,0,39,2,41,28,3,44,2,77,11,0,11,88
06/18/2022,BQN,PR,ASO,ES,Federal Contract Tower,7,0,2,0,9,0,0,16,7,23,7,0,18,7,32,4,20,24,56
06/19/2022,BQN,PR,ASO,ES,Federal Contract Tower,9,0,1,0,10,0,0,9,5,14,9,0,10,5,24,6,0,6,30
06/20/2022,BQN,PR,ASO,ES,Federal Contract Tower,23,8,6,0,37,0,0,34,8,42,23,8,40,8,79,34,36,70,149
06/21/2022,BQN,PR,ASO,ES,Federal Contract Tower,20,7,11,1,39,0,0,44,15,59,20,7,55,16,98,44,34,78,176
06/22/2022,BQN,PR,ASO,ES,Federal Contract Tower,25,3,1,0,29,0,0,30,14,44,25,3,31,14,73,8,64,72,145
06/23/2022,BQN,PR,ASO,ES,Federal Contract Tower,24,5,0,0,29,0,0,36,9,45,24,5,36,9,74,16,18,34,108
06/24/2022,BQN,PR,ASO,ES,Federal Contract Tower,28,5,3,0,36,0,0,54,11,65,28,5,57,11,101,46,28,74,175
06/25/2022,BQN,PR,ASO,ES,Federal Contract Tower,4,0,3,0,7,0,0,27,9,36,4,0,30,9,43,20,20,40,83
06/26/2022,BQN,PR,ASO,ES,Federal Contract Tower,10,0,8,0,18,0,0,15,4,19,10,0,23,4,37,4,0,4,41
06/27/2022,BQN,PR,ASO,ES,Federal Contract Tower,28,3,5,0,36,0,0,32,14,46,28,3,37,14,82,34,34,68,150
06/28/2022,BQN,PR,ASO,ES,Federal Contract Tower,22,5,1,2,30,0,0,42,17,59,22,5,43,19,89,36,42,78,167
06/29/2022,BQN,PR,ASO,ES,Federal Contract Tower,27,4,1,2,34,0,0,47,8,55,27,4,48,10,89,58,2,60,149
06/30/2022,BQN,PR,ASO,ES,Federal Contract Tower,21,4,4,0,29,0,0,14,12,26,21,4,18,12,55,16,2,18,73
07/01/2022,BQN,PR,ASO,ES,Federal Contract Tower,25,2,10,0,37,0,0,27,3,30,25,2,37,3,67,16,0,16,83
07/02/2022,BQN,PR,ASO,ES,Federal Contract Tower,9,0,2,0,11,0,0,2,1,3,9,0,4,1,14,0,0,0,14
07/03/2022,BQN,PR,ASO,ES,Federal Contract Tower,10,0,2,2,14,0,0,1,2,3,10,0,3,4,17,0,26,26,43
07/04/2022,BQN,PR,ASO,ES,Federal Contract Tower,13,0,0,0,13,0,0,12,8,20,13,0,12,8,33,0,0,0,33
07/05/2022,BQN,PR,ASO,ES,Federal Contract Tower,25,6,5,0,36,0,0,31,13,44,25,6,36,13,80,26,32,58,138
07/06/2022,BQN,PR,ASO,ES,Federal Contract Tower,26,10,2,0,38,0,0,26,10,36,26,10,28,10,74,22,30,52,126
07/07/2022,BQN,PR,ASO,ES,Federal Contract Tower,25,4,1,0,30,0,0,22,12,34,25,4,23,12,64,40,18,58,122
07/08/2022,BQN,PR,ASO,ES,Federal Contract Tower,32,6,7,0,45,0,0,27,6,33,32,6,34,6,78,40,0,40,118
07/09/2022,BQN,PR,ASO,ES,Federal Contract Tower,8,0,2,0,10,0,0,19,3,22,8,0,21,3,32,10,0,10,42
07/10/2022,BQN,PR,ASO,ES,Federal Contract Tower,10,0,3,0,13,0,0,14,4,18,10,0,17,4,31,16,0,16,47
07/11/2022,BQN,PR,ASO,ES,Federal Contract Tower,24,5,2,1,32,0,0,28,13,41,24,5,30,14,73,30,70,100,173
07/12/2022,BQN,PR,ASO,ES,Federal Contract Tower,24,7,2,1,34,0,0,44,13,57,24,7,46,14,91,40,26,66,157
07/13/2022,BQN,PR,ASO,ES,Federal Contract Tower,22,6,6,1,35,0,0,23,7,30,22,6,29,8,65,34,28,62,127
07/14/2022,BQN,PR,ASO,ES,Federal Contract Tower,17,12,4,2,35,0,0,35,12,47,17,12,39,14,82,48,0,48,130
07/15/2022,BQN,PR,ASO,ES,Federal Contract Tower,26,7,3,0,36,0,0,70,4,74,26,7,73,4,110,58,28,86,196
07/16/2022,BQN,PR,ASO,ES,Federal Contract Tower,9,0,0,0,9,0,0,44,9,53,9,0,44,9,62,22,0,22,84
07/17/2022,BQN,PR,ASO,ES,Federal Contract Tower,10,0,1,0,11,0,0,20,4,24,10,0,21,4,35,28,18,46,81
07/18/2022,BQN,PR,ASO,ES,Federal Contract Tower,22,6,2,2,32,0,0,28,10,38,22,6,30,12,70,36,76,112,182
07/19/2022,BQN,PR,ASO,ES,Federal Contract Tower,20,9,4,0,33,0,0,48,15,63,20,9,52,15,96,88,2,90,186
07/20/2022,BQN,PR,ASO,ES,Federal Contract Tower,21,9,0,0,30,0,0,37,13,50,21,9,37,13,80,56,30,86,166
07/21/2022,BQN,PR,ASO,ES,Federal Contract Tower,19,8,3,1,31,0,0,27,21,48,19,8,30,22,79,12,4,16,95
07/22/2022,BQN,PR,ASO,ES,Federal Contract Tower,28,3,2,0,33,0,0,33,9,42,28,3,35,9,75,32,36,68,143
07/23/2022,BQN,PR,ASO,ES,Federal Contract Tower,9,0,4,0,13,0,0,72,5,77,9,0,76,5,90,74,0,74,164
07/24/2022,BQN,PR,ASO,ES,Federal Contract Tower,11,0,0,0,11,0,0,27,8,35,11,0,27,8,46,38,0,38,84
07/25/2022,BQN,PR,ASO,ES,Federal Contract Tower,21,4,1,1,27,0,0,27,13,40,21,4,28,14,67,46,18,64,131
07/26/2022,BQN,PR,ASO,ES,Federal Contract Tower,24,7,0,1,32,0,0,76,20,96,24,7,76,21,128,38,10,48,176
07/27/2022,BQN,PR,ASO,ES,Federal Contract Tower,23,6,8,0,37,0,0,86,9,95,23,6,94,9,132,50,12,62,194
07/28/2022,BQN,PR,ASO,ES,Federal Contract Tower,19,9,1,0,29,0,0,55,19,74,19,9,56,19,103,44,2,46,149
07/30/2022,BQN,PR,ASO,ES,Federal Contract Tower,8,0,7,0,15,0,0,21,8,29,8,0,28,8,44,30,0,30,74
07/31/2022,BQN,PR,ASO,ES,Federal Contract Tower,14,0,2,1,17,0,0,22,1,23,14,0,24,2,40,6,0,6,46
08/01/2022,BQN,PR,ASO,ES,Federal Contract Tower,20,5,2,0,27,0,0,33,11,44,20,5,35,11,71,44,46,90,161
08/02/2022,BQN,PR,ASO,ES,Federal Contract Tower,22,7,0,2,31,0,0,58,13,71,22,7,58,15,102,74,18,92,194
08/03/2022,BQN,PR,ASO,ES,Federal Contract Tower,29,9,0,1,39,0,0,55,10,65,29,9,55,11,104,52,26,78,182
08/04/2022,BQN,PR,ASO,ES,Federal Contract Tower,23,7,6,0,36,0,0,58,8,66,23,7,64,8,102,46,0,46,148
08/05/2022,BQN,PR,ASO,ES,Federal Contract Tower,25,6,0,0,31,0,0,61,5,66,25,6,61,5,97,68,0,68,165
08/06/2022,BQN,PR,ASO,ES,Federal Contract Tower,10,0,7,0,17,0,0,16,5,21,10,0,23,5,38,34,4,38,76
08/07/2022,BQN,PR,ASO,ES,Federal Contract Tower,12,0,4,0,16,0,0,4,2,6,12,0,8,2,22,18,0,18,40
08/08/2022,BQN,PR,ASO,ES,Federal Contract Tower,22,7,2,0,31,0,0,46,13,59,22,7,48,13,90,48,38,86,176
08/09/2022,BQN,PR,ASO,ES,Federal Contract Tower,26,4,2,0,32,0,0,77,18,95,26,4,79,18,127,32,20,52,179
08/10/2022,BQN,PR,ASO,ES,Federal Contract Tower,24,11,5,0,40,0,0,63,0,63,24,11,68,0,103,36,0,36,139
08/11/2022,BQN,PR,ASO,ES,Federal Contract Tower,20,10,5,3,38,0,0,66,12,78,20,10,71,15,116,54,0,54,170
08/12/2022,BQN,PR,ASO,ES,Federal Contract Tower,27,5,0,1,33,0,0,43,6,49,27,5,43,7,82,32,0,32,114
08/13/2022,BQN,PR,ASO,ES,Federal Contract Tower,10,0,6,0,16,0,0,26,2,28,10,0,32,2,44,32,0,32,76
08/14/2022,BQN,PR,ASO,ES,Federal Contract Tower,10,0,5,1,16,0,0,21,4,25,10,0,26,5,41,28,0,28,69
08/15/2022,BQN,PR,ASO,ES,Federal Contract Tower,23,6,3,1,33,0,0,31,12,43,23,6,34,13,76,36,32,68,144
08/16/2022,BQN,PR,ASO,ES,Federal Contract Tower,24,6,2,0,32,0,0,76,17,93,24,6,78,17,125,36,22,58,183
08/17/2022,BQN,PR,ASO,ES,Federal Contract Tower,25,4,4,1,34,0,0,45,15,60,25,4,49,16,94,34,64,98,192
08/18/2022,BQN,PR,ASO,ES,Federal Contract Tower,19,12,2,0,33,0,0,61,15,76,19,12,63,15,109,68,4,72,181
08/19/2022,BQN,PR,ASO,ES,Federal Contract Tower,31,4,3,0,38,0,0,32,7,39,31,4,35,7,77,22,8,30,107
08/20/2022,BQN,PR,ASO,ES,Federal Contract Tower,6,2,3,0,11,0,0,4,6,10,6,2,7,6,21,0,30,30,51
08/21/2022,BQN,PR,ASO,ES,Federal Contract Tower,10,0,0,0,10,0,0,10,7,17,10,0,10,7,27,14,0,14,41
08/22/2022,BQN,PR,ASO,ES,Federal Contract Tower,25,8,1,1,35,0,0,35,15,50,25,8,36,16,85,44,34,78,163
08/23/2022,BQN,PR,ASO,ES,Federal Contract Tower,24,7,1,0,32,0,0,45,25,70,24,7,46,25,102,40,36,76,178
08/24/2022,BQN,PR,ASO,ES,Federal Contract Tower,23,6,5,0,34,0,0,42,21,63,23,6,47,21,97,20,28,48,145
08/25/2022,BQN,PR,ASO,ES,Federal Contract Tower,18,13,4,2,37,0,0,52,22,74,18,13,56,24,111,38,2,40,151
08/26/2022,BQN,PR,ASO,ES,Federal Contract Tower,33,6,1,0,40,0,0,60,2,62,33,6,61,2,102,8,0,8,110
08/27/2022,BQN,PR,ASO,ES,Federal Contract Tower,8,0,0,1,9,0,0,19,1,20,8,0,19,2,29,2,0,2,31
08/28/2022,BQN,PR,ASO,ES,Federal Contract Tower,10,0,5,0,15,0,0,15,1,16,10,0,20,1,31,10,0,10,41
08/29/2022,BQN,PR,ASO,ES,Federal Contract Tower,26,5,4,0,35,0,0,33,11,44,26,5,37,11,79,46,36,82,161
08/30/2022,BQN,PR,ASO,ES,Federal Contract Tower,22,8,3,0,33,0,0,55,24,79,22,8,58,24,112,46,24,70,182
08/31/2022,BQN,PR,ASO,ES,Federal Contract Tower,23,8,4,0,35,0,0,27,33,60,23,8,31,33,95,38,54,92,187
09/01/2022,BQN,PR,ASO,ES,Federal Contract Tower,19,10,6,0,35,0,0,48,12,60,19,10,54,12,95,64,12,76,171
09/02/2022,BQN,PR,ASO,ES,Federal Contract Tower,28,8,2,0,38,0,0,56,4,60,28,8,58,4,98,2,0,2,100
09/03/2022,BQN,PR,ASO,ES,Federal Contract Tower,6,0,0,0,6,0,0,5,8,13,6,0,5,8,19,4,4,8,27
09/04/2022,BQN,PR,ASO,ES,Federal Contract Tower,14,0,2,0,16,0,0,8,6,14,14,0,10,6,30,0,4,4,34
09/05/2022,BQN,PR,ASO,ES,Federal Contract Tower,14,0,3,0,17,0,0,24,7,31,14,0,27,7,48,28,44,72,120
09/06/2022,BQN,PR,ASO,ES,Federal Contract Tower,24,6,3,1,34,0,0,47,10,57,24,6,50,11,91,52,26,78,169
09/07/2022,BQN,PR,ASO,ES,Federal Contract Tower,22,11,5,1,39,0,0,58,11,69,22,11,63,12,108,46,0,46,154
09/08/2022,BQN,PR,ASO,ES,Federal Contract Tower,20,10,1,4,35,0,0,60,10,70,20,10,61,14,105,68,0,68,173
09/09/2022,BQN,PR,ASO,ES,Federal Contract Tower,32,8,5,0,45,0,0,35,8,43,32,8,40,8,88,34,0,34,122
09/10/2022,BQN,PR,ASO,ES,Federal Contract Tower,6,0,2,0,8,0,0,31,5,36,6,0,33,5,44,12,0,12,56
09/11/2022,BQN,PR,ASO,ES,Federal Contract Tower,9,0,3,0,12,0,0,11,5,16,9,0,14,5,28,2,6,8,36
09/12/2022,BQN,PR,ASO,ES,Federal Contract Tower,24,10,0,0,34,0,0,27,9,36,24,10,27,9,70,32,12,44,114
09/13/2022,BQN,PR,ASO,ES,Federal Contract Tower,23,8,4,0,35,0,0,40,19,59,23,8,44,19,94,44,18,62,156
09/14/2022,BQN,PR,ASO,ES,Federal Contract Tower,22,6,7,0,35,0,0,38,6,44,22,6,45,6,79,60,16,76,155
09/15/2022,BQN,PR,ASO,ES,Federal Contract Tower,24,11,4,0,39,0,0,50,2,52,24,11,54,2,91,28,0,28,119
09/16/2022,BQN,PR,ASO,ES,Federal Contract Tower,24,8,6,0,38,0,0,27,3,30,24,8,33,3,68,2,4,6,74
09/17/2022,BQN,PR,ASO,ES,Federal Contract Tower,3,0,0,0,3,0,0,0,4,4,3,0,0,4,7,0,0,0,7
09/18/2022,BQN,PR,ASO,ES,Federal Contract Tower,0,0,0,0,0,0,0,0,0,0,0,0,0,0,0,0,0,0,0
09/19/2022,BQN,PR,ASO,ES,Federal Contract Tower,9,1,0,1,11,0,0,5,2,7,9,1,5,3,18,0,0,0,18
09/20/2022,BQN,PR,ASO,ES,Federal Contract Tower,20,9,0,0,29,0,0,48,11,59,20,9,48,11,88,0,0,0,88
09/21/2022,BQN,PR,ASO,ES,Federal Contract Tower,22,10,1,0,33,0,0,71,16,87,22,10,72,16,120,44,2,46,166
09/22/2022,BQN,PR,ASO,ES,Federal Contract Tower,15,15,5,0,35,0,0,52,5,57,15,15,57,5,92,52,0,52,144
09/23/2022,BQN,PR,ASO,ES,Federal Contract Tower,31,9,2,2,44,0,0,38,14,52,31,9,40,16,96,40,38,78,174
09/24/2022,BQN,PR,ASO,ES,Federal Contract Tower,9,1,3,1,14,0,0,36,4,40,9,1,39,5,54,22,0,22,76
09/25/2022,BQN,PR,ASO,ES,Federal Contract Tower,10,0,0,0,10,0,0,20,12,32,10,0,20,12,42,0,12,12,54
09/26/2022,BQN,PR,ASO,ES,Federal Contract Tower,28,7,5,2,42,0,0,39,16,55,28,7,44,18,97,32,40,72,169
09/27/2022,BQN,PR,ASO,ES,Federal Contract Tower,21,9,3,0,33,0,0,61,15,76,21,9,64,15,109,22,80,102,211
09/28/2022,BQN,PR,ASO,ES,Federal Contract Tower,19,7,3,1,30,0,0,41,12,53,19,7,44,13,83,42,54,96,179
09/29/2022,BQN,PR,ASO,ES,Federal Contract Tower,16,10,1,0,27,0,0,29,12,41,16,10,30,12,68,26,0,26,94
09/30/2022,BQN,PR,ASO,ES,Federal Contract Tower,25,4,0,0,29,0,0,33,3,36,25,4,33,3,65,22,0,22,87
10/01/2022,BQN,PR,ASO,ES,Federal Contract Tower,3,0,1,1,5,0,0,27,4,31,3,0,28,5,36,16,0,16,52
10/02/2022,BQN,PR,ASO,ES,Federal Contract Tower,10,0,0,0,10,0,0,11,1,12,10,0,11,1,22,4,0,4,26
10/03/2022,BQN,PR,ASO,ES,Federal Contract Tower,16,13,4,0,33,0,0,37,12,49,16,13,41,12,82,28,42,70,152
10/04/2022,BQN,PR,ASO,ES,Federal Contract Tower,21,9,4,0,34,0,0,71,14,85,21,9,75,14,119,40,34,74,193
10/05/2022,BQN,PR,ASO,ES,Federal Contract Tower,24,9,1,0,34,0,0,62,16,78,24,9,63,16,112,36,82,118,230
10/06/2022,BQN,PR,ASO,ES,Federal Contract Tower,17,9,3,2,31,0,0,61,20,81,17,9,64,22,112,42,16,58,170
10/07/2022,BQN,PR,ASO,ES,Federal Contract Tower,28,10,5,1,44,0,0,57,11,68,28,10,62,12,112,24,48,72,184
10/08/2022,BQN,PR,ASO,ES,Federal Contract Tower,15,0,0,0,15,0,0,64,2,66,15,0,64,2,81,44,0,44,125
10/09/2022,BQN,PR,ASO,ES,Federal Contract Tower,6,0,4,0,10,0,0,18,1,19,6,0,22,1,29,10,0,10,39
10/10/2022,BQN,PR,ASO,ES,Federal Contract Tower,17,12,7,2,38,0,0,49,9,58,17,12,56,11,96,36,30,66,162
10/11/2022,BQN,PR,ASO,ES,Federal Contract Tower,18,9,0,0,27,0,0,106,29,135,18,9,106,29,162,76,58,134,296
10/12/2022,BQN,PR,ASO,ES,Federal Contract Tower,22,10,2,0,34,0,0,90,11,101,22,10,92,11,135,22,28,50,185
10/13/2022,BQN,PR,ASO,ES,Federal Contract Tower,17,11,3,0,31,0,0,74,23,97,17,11,77,23,128,64,30,94,222
10/14/2022,BQN,PR,ASO,ES,Federal Contract Tower,20,9,2,0,31,0,0,70,13,83,20,9,72,13,114,102,6,108,222
10/15/2022,BQN,PR,ASO,ES,Federal Contract Tower,4,2,0,1,7,0,0,46,2,48,4,2,46,3,55,36,0,36,91
10/16/2022,BQN,PR,ASO,ES,Federal Contract Tower,9,0,0,0,9,0,0,21,5,26,9,0,21,5,35,12,0,12,47
10/17/2022,BQN,PR,ASO,ES,Federal Contract Tower,16,7,1,0,24,1,0,36,12,49,17,7,37,12,73,52,92,144,217
10/18/2022,BQN,PR,ASO,ES,Federal Contract Tower,22,8,4,2,36,0,0,69,27,96,22,8,73,29,132,26,40,66,198
10/19/2022,BQN,PR,ASO,ES,Federal Contract Tower,14,10,2,0,26,0,0,73,17,90,14,10,75,17,116,86,16,102,218
10/20/2022,BQN,PR,ASO,ES,Federal Contract Tower,17,11,4,1,33,0,0,50,27,77,17,11,54,28,110,84,34,118,228
10/21/2022,BQN,PR,ASO,ES,Federal Contract Tower,22,9,3,0,34,0,0,62,7,69,22,9,65,7,103,76,8,84,187
10/22/2022,BQN,PR,ASO,ES,Federal Contract Tower,8,0,0,1,9,0,0,76,4,80,8,0,76,5,89,50,0,50,139
10/23/2022,BQN,PR,ASO,ES,Federal Contract Tower,8,0,1,0,9,0,0,32,2,34,8,0,33,2,43,4,0,4,47
10/24/2022,BQN,PR,ASO,ES,Federal Contract Tower,21,4,1,0,26,0,0,44,10,54,21,4,45,10,80,74,38,112,192
10/25/2022,BQN,PR,ASO,ES,Federal Contract Tower,20,9,1,1,31,0,0,67,15,82,20,9,68,16,113,48,10,58,171
10/26/2022,BQN,PR,ASO,ES,Federal Contract Tower,14,7,1,1,23,0,0,24,9,33,14,7,25,10,56,0,30,30,86
10/27/2022,BQN,PR,ASO,ES,Federal Contract Tower,21,6,0,0,27,0,0,29,20,49,21,6,29,20,76,24,54,78,154
10/28/2022,BQN,PR,ASO,ES,Federal Contract Tower,19,7,2,0,28,0,0,88,9,97,19,7,90,9,125,50,24,74,199
10/29/2022,BQN,PR,ASO,ES,Federal Contract Tower,4,0,4,0,8,0,0,36,3,39,4,0,40,3,47,66,0,66,113
10/30/2022,BQN,PR,ASO,ES,Federal Contract Tower,7,0,0,0,7,0,0,22,6,28,7,0,22,6,35,0,0,0,35
10/31/2022,BQN,PR,ASO,ES,Federal Contract Tower,22,6,6,0,34,0,0,43,9,52,22,6,49,9,86,40,48,88,174
11/01/2022,BQN,PR,ASO,ES,Federal Contract Tower,25,6,4,0,35,0,0,79,21,100,25,6,83,21,135,40,44,84,219
11/02/2022,BQN,PR,ASO,ES,Federal Contract Tower,25,5,3,0,33,0,0,45,6,51,25,5,48,6,84,50,8,58,142
11/03/2022,BQN,PR,ASO,ES,Federal Contract Tower,21,9,2,1,33,0,0,72,16,88,21,9,74,17,121,100,0,100,221
11/04/2022,BQN,PR,ASO,ES,Federal Contract Tower,28,1,0,1,30,0,0,34,6,40,28,1,34,7,70,72,0,72,142
11/05/2022,BQN,PR,ASO,ES,Federal Contract Tower,6,0,0,1,7,0,0,4,4,8,6,0,4,5,15,0,0,0,15
11/06/2022,BQN,PR,ASO,ES,Federal Contract Tower,6,0,3,0,9,0,0,15,1,16,6,0,18,1,25,20,0,20,45
11/07/2022,BQN,PR,ASO,ES,Federal Contract Tower,20,8,5,1,34,0,0,44,8,52,20,8,49,9,86,90,24,114,200
11/08/2022,BQN,PR,ASO,ES,Federal Contract Tower,23,9,0,0,32,0,0,52,17,69,23,9,52,17,101,84,12,96,197
11/09/2022,BQN,PR,ASO,ES,Federal Contract Tower,17,5,1,0,23,0,0,52,10,62,17,5,53,10,85,168,46,214,299
11/10/2022,BQN,PR,ASO,ES,Federal Contract Tower,15,11,2,0,28,0,0,45,13,58,15,11,47,13,86,66,6,72,158
11/11/2022,BQN,PR,ASO,ES,Federal Contract Tower,22,5,1,0,28,0,0,80,14,94,22,5,81,14,122,66,0,66,188
11/12/2022,BQN,PR,ASO,ES,Federal Contract Tower,3,1,1,0,5,0,0,9,3,12,3,1,10,3,17,0,0,0,17
11/13/2022,BQN,PR,ASO,ES,Federal Contract Tower,6,0,2,0,8,0,0,9,2,11,6,0,11,2,19,2,0,2,21
11/14/2022,BQN,PR,ASO,ES,Federal Contract Tower,14,8,6,1,29,0,0,35,7,42,14,8,41,8,71,82,14,96,167
11/15/2022,BQN,PR,ASO,ES,Federal Contract Tower,22,6,1,0,29,0,0,31,13,44,22,6,32,13,73,38,66,104,177
11/16/2022,BQN,PR,ASO,ES,Federal Contract Tower,23,3,6,0,32,0,0,41,9,50,23,3,47,9,82,86,58,144,226
11/17/2022,BQN,PR,ASO,ES,Federal Contract Tower,20,8,0,0,28,0,0,51,10,61,20,8,51,10,89,100,0,100,189
11/18/2022,BQN,PR,ASO,ES,Federal Contract Tower,25,7,6,0,38,0,0,76,18,94,25,7,82,18,132,96,8,104,236
11/19/2022,BQN,PR,ASO,ES,Federal Contract Tower,4,0,10,0,14,0,0,66,9,75,4,0,76,9,89,44,6,50,139
11/20/2022,BQN,PR,ASO,ES,Federal Contract Tower,6,0,5,0,11,0,0,57,4,61,6,0,62,4,72,48,0,48,120
11/21/2022,BQN,PR,ASO,ES,Federal Contract Tower,15,10,6,2,33,0,0,60,11,71,15,10,66,13,104,66,12,78,182
11/22/2022,BQN,PR,ASO,ES,Federal Contract Tower,23,6,4,1,34,0,0,49,24,73,23,6,53,25,107,76,26,102,209
11/23/2022,BQN,PR,ASO,ES,Federal Contract Tower,18,10,6,2,36,0,0,52,8,60,18,10,58,10,96,68,0,68,164
11/24/2022,BQN,PR,ASO,ES,Federal Contract Tower,8,0,0,0,8,0,0,7,1,8,8,0,7,1,16,0,0,0,16
11/25/2022,BQN,PR,ASO,ES,Federal Contract Tower,24,3,3,0,30,0,0,17,3,20,24,3,20,3,50,18,0,18,68
11/26/2022,BQN,PR,ASO,ES,Federal Contract Tower,2,0,4,0,6,0,0,64,2,66,2,0,68,2,72,94,0,94,166
11/27/2022,BQN,PR,ASO,ES,Federal Contract Tower,4,0,10,0,14,0,0,46,3,49,4,0,56,3,63,36,16,52,115
11/28/2022,BQN,PR,ASO,ES,Federal Contract Tower,22,6,0,1,29,0,0,42,18,60,22,6,42,19,89,50,24,74,163
11/29/2022,BQN,PR,ASO,ES,Federal Contract Tower,26,7,2,0,35,0,0,67,24,91,26,7,69,24,126,70,18,88,214
11/30/2022,BQN,PR,ASO,ES,Federal Contract Tower,18,6,6,3,33,0,0,35,20,55,18,6,41,23,88,50,46,96,184
12/01/2022,BQN,PR,ASO,ES,Federal Contract Tower,26,5,1,0,32,0,0,57,20,77,26,5,58,20,109,130,0,130,239
12/02/2022,BQN,PR,ASO,ES,Federal Contract Tower,22,4,7,1,34,0,0,28,4,32,22,4,35,5,66,28,0,28,94
12/03/2022,BQN,PR,ASO,ES,Federal Contract Tower,5,0,2,0,7,0,0,55,11,66,5,0,57,11,73,20,8,28,101
12/04/2022,BQN,PR,ASO,ES,Federal Contract Tower,10,0,1,0,11,0,0,20,5,25,10,0,21,5,36,2,18,20,56
12/05/2022,BQN,PR,ASO,ES,Federal Contract Tower,18,6,6,1,31,0,0,33,16,49,18,6,39,17,80,40,40,80,160
12/06/2022,BQN,PR,ASO,ES,Federal Contract Tower,25,9,2,0,36,0,0,60,14,74,25,9,62,14,110,42,24,66,176
12/07/2022,BQN,PR,ASO,ES,Federal Contract Tower,19,6,4,0,29,0,0,46,16,62,19,6,50,16,91,68,8,76,167
12/08/2022,BQN,PR,ASO,ES,Federal Contract Tower,18,10,0,1,29,0,0,71,24,95,18,10,71,25,124,88,50,138,262
12/09/2022,BQN,PR,ASO,ES,Federal Contract Tower,25,1,4,0,30,0,0,47,9,56,25,1,51,9,86,56,22,78,164
12/10/2022,BQN,PR,ASO,ES,Federal Contract Tower,7,2,4,0,13,0,0,26,5,31,7,2,30,5,44,48,0,48,92
12/11/2022,BQN,PR,ASO,ES,Federal Contract Tower,8,0,10,1,19,0,0,23,5,28,8,0,33,6,47,44,0,44,91
12/12/2022,BQN,PR,ASO,ES,Federal Contract Tower,19,9,5,0,33,0,0,31,11,42,19,9,36,11,75,50,28,78,153
12/13/2022,BQN,PR,ASO,ES,Federal Contract Tower,24,12,3,0,39,0,0,67,14,81,24,12,70,14,120,64,26,90,210
12/14/2022,BQN,PR,ASO,ES,Federal Contract Tower,16,8,3,3,30,0,0,72,17,89,16,8,75,20,119,58,84,142,261
12/15/2022,BQN,PR,ASO,ES,Federal Contract Tower,19,13,7,1,40,0,0,69,10,79,19,13,76,11,119,68,0,68,187
12/16/2022,BQN,PR,ASO,ES,Federal Contract Tower,33,2,3,1,39,0,0,59,0,59,33,2,62,1,98,68,0,68,166
12/17/2022,BQN,PR,ASO,ES,Federal Contract Tower,9,2,1,0,12,0,0,73,4,77,9,2,74,4,89,82,0,82,171
12/18/2022,BQN,PR,ASO,ES,Federal Contract Tower,9,1,4,0,14,0,2,70,3,75,9,3,74,3,89,68,0,68,157
12/19/2022,BQN,PR,ASO,ES,Federal Contract Tower,23,8,0,0,31,0,0,64,6,70,23,8,64,6,101,102,34,136,237
12/20/2022,BQN,PR,ASO,ES,Federal Contract Tower,24,11,2,0,37,0,0,75,7,82,24,11,77,7,119,72,16,88,207
12/21/2022,BQN,PR,ASO,ES,Federal Contract Tower,22,7,6,0,35,0,0,73,10,83,22,7,79,10,118,48,30,78,196
12/22/2022,BQN,PR,ASO,ES,Federal Contract Tower,25,8,2,0,35,0,0,78,0,78,25,8,80,0,113,108,0,108,221
12/23/2022,BQN,PR,ASO,ES,Federal Contract Tower,9,4,2,0,15,24,7,0,0,31,33,11,2,0,46,0,22,22,68
12/24/2022,BQN,PR,ASO,ES,Federal Contract Tower,7,0,3,0,10,0,0,59,3,62,7,0,62,3,72,12,0,12,84
12/25/2022,BQN,PR,ASO,ES,Federal Contract Tower,9,0,1,0,10,0,0,3,4,7,9,0,4,4,17,0,0,0,17
12/26/2022,BQN,PR,ASO,ES,Federal Contract Tower,11,1,5,0,17,0,0,46,3,49,11,1,51,3,66,36,14,50,116
12/27/2022,BQN,PR,ASO,ES,Federal Contract Tower,21,8,3,1,33,0,0,89,3,92,21,8,92,4,125,58,0,58,183
12/28/2022,BQN,PR,ASO,ES,Federal Contract Tower,23,6,12,0,41,0,0,93,2,95,23,6,105,2,136,100,0,100,236
12/29/2022,BQN,PR,ASO,ES,Federal Contract Tower,23,7,7,0,37,0,0,62,3,65,23,7,69,3,102,76,16,92,194
12/30/2022,BQN,PR,ASO,ES,Federal Contract Tower,27,2,6,0,35,0,0,82,12,94,27,2,88,12,129,42,58,100,229
12/31/2022,BQN,PR,ASO,ES,Federal Contract Tower,8,0,3,0,11,0,0,54,3,57,8,0,57,3,68,38,0,38,106
01/01/2023,BQN,PR,ASO,ES,Federal Contract Tower,9,0,9,0,18,0,0,0,1,1,9,0,9,1,19,2,0,2,21
01/02/2023,BQN,PR,ASO,ES,Federal Contract Tower,10,0,16,0,26,0,0,40,6,46,10,0,56,6,72,72,0,72,144
01/03/2023,BQN,PR,ASO,ES,Federal Contract Tower,31,4,2,1,38,0,0,32,12,44,31,4,34,13,82,76,28,104,186
01/04/2023,BQN,PR,ASO,ES,Federal Contract Tower,25,8,3,0,36,0,0,64,9,73,25,8,67,9,109,134,0,134,243
01/05/2023,BQN,PR,ASO,ES,Federal Contract Tower,25,4,4,0,33,0,0,59,11,70,25,4,63,11,103,74,26,100,203
01/06/2023,BQN,PR,ASO,ES,Federal Contract Tower,28,0,2,0,30,0,0,19,4,23,28,0,21,4,53,10,34,44,97
01/07/2023,BQN,PR,ASO,ES,Federal Contract Tower,9,1,6,1,17,0,0,36,6,42,9,1,42,7,59,20,0,20,79
01/08/2023,BQN,PR,ASO,ES,Federal Contract Tower,10,0,7,0,17,0,0,34,3,37,10,0,41,3,54,18,0,18,72
01/09/2023,BQN,PR,ASO,ES,Federal Contract Tower,18,5,7,0,30,0,0,49,11,60,18,5,56,11,90,38,12,50,140
01/10/2023,BQN,PR,ASO,ES,Federal Contract Tower,32,8,4,0,44,0,0,51,14,65,32,8,55,14,109,92,0,92,201
01/11/2023,BQN,PR,ASO,ES,Federal Contract Tower,19,13,5,1,38,0,0,71,18,89,19,13,76,19,127,186,52,238,365
01/12/2023,BQN,PR,ASO,ES,Federal Contract Tower,18,14,2,1,35,0,0,84,20,104,18,14,86,21,139,122,24,146,285
01/13/2023,BQN,PR,ASO,ES,Federal Contract Tower,17,15,8,1,41,0,0,48,5,53,17,15,56,6,94,44,0,44,138
01/14/2023,BQN,PR,ASO,ES,Federal Contract Tower,4,0,2,0,6,0,0,2,9,11,4,0,4,9,17,0,0,0,17
01/15/2023,BQN,PR,ASO,ES,Federal Contract Tower,8,0,4,0,12,0,0,5,5,10,8,0,9,5,22,10,14,24,46
01/16/2023,BQN,PR,ASO,ES,Federal Contract Tower,20,12,7,0,39,0,0,35,7,42,20,12,42,7,81,58,0,58,139
01/17/2023,BQN,PR,ASO,ES,Federal Contract Tower,20,13,11,0,44,0,0,113,10,123,20,13,124,10,167,110,20,130,297
01/18/2023,BQN,PR,ASO,ES,Federal Contract Tower,14,14,2,0,30,0,0,57,22,79,14,14,59,22,109,32,26,58,167
01/19/2023,BQN,PR,ASO,ES,Federal Contract Tower,15,14,20,2,51,0,0,31,18,49,15,14,51,20,100,52,146,198,298
01/20/2023,BQN,PR,ASO,ES,Federal Contract Tower,24,7,10,0,41,0,0,66,10,76,24,7,76,10,117,50,44,94,211
01/21/2023,BQN,PR,ASO,ES,Federal Contract Tower,8,0,3,2,13,0,0,2,4,6,8,0,5,6,19,0,62,62,81
01/22/2023,BQN,PR,ASO,ES,Federal Contract Tower,7,0,7,0,14,0,0,10,2,12,7,0,17,2,26,0,0,0,26
01/23/2023,BQN,PR,ASO,ES,Federal Contract Tower,18,10,4,0,32,0,0,37,16,53,18,10,41,16,85,46,96,142,227
01/24/2023,BQN,PR,ASO,ES,Federal Contract Tower,25,7,2,0,34,0,0,64,21,85,25,7,66,21,119,60,44,104,223
01/25/2023,BQN,PR,ASO,ES,Federal Contract Tower,20,7,2,1,30,0,0,49,26,75,20,7,51,27,105,48,12,60,165
01/26/2023,BQN,PR,ASO,ES,Federal Contract Tower,23,4,10,0,37,0,0,34,6,40,23,4,44,6,77,58,12,70,147
01/27/2023,BQN,PR,ASO,ES,Federal Contract Tower,25,3,6,0,34,0,0,63,5,68,25,3,69,5,102,58,0,58,160
01/28/2023,BQN,PR,ASO,ES,Federal Contract Tower,7,0,1,1,9,0,0,2,7,9,7,0,3,8,18,0,2,2,20
01/29/2023,BQN,PR,ASO,ES,Federal Contract Tower,7,0,1,0,8,0,0,4,7,11,7,0,5,7,19,4,0,4,23
01/30/2023,BQN,PR,ASO,ES,Federal Contract Tower,15,6,8,1,30,0,0,69,10,79,15,6,77,11,109,84,2,86,195
01/31/2023,BQN,PR,ASO,ES,Federal Contract Tower,19,9,1,0,29,0,0,64,13,77,19,9,65,13,106,64,60,124,230
02/01/2023,BQN,PR,ASO,ES,Federal Contract Tower,18,7,3,0,28,0,0,40,7,47,18,7,43,7,75,88,0,88,163
02/02/2023,BQN,PR,ASO,ES,Federal Contract Tower,21,8,4,0,33,0,0,59,14,73,21,8,63,14,106,98,0,98,204
02/03/2023,BQN,PR,ASO,ES,Federal Contract Tower,25,3,15,0,43,0,0,62,10,72,25,3,77,10,115,74,0,74,189
02/04/2023,BQN,PR,ASO,ES,Federal Contract Tower,7,0,0,0,7,0,0,1,3,4,7,0,1,3,11,0,0,0,11
02/05/2023,BQN,PR,ASO,ES,Federal Contract Tower,6,0,1,0,7,0,0,11,4,15,6,0,12,4,22,0,0,0,22
02/06/2023,BQN,PR,ASO,ES,Federal Contract Tower,18,7,7,0,32,0,0,56,12,68,18,7,63,12,100,68,26,94,194
02/07/2023,BQN,PR,ASO,ES,Federal Contract Tower,25,7,3,0,35,0,0,105,11,116,25,7,108,11,151,74,10,84,235
02/08/2023,BQN,PR,ASO,ES,Federal Contract Tower,18,6,2,0,26,0,0,56,17,73,18,6,58,17,99,102,2,104,203
02/09/2023,BQN,PR,ASO,ES,Federal Contract Tower,20,6,3,1,30,0,0,53,6,59,20,6,56,7,89,64,0,64,153
02/10/2023,BQN,PR,ASO,ES,Federal Contract Tower,27,4,5,0,36,0,0,57,9,66,27,4,62,9,102,76,0,76,178
02/11/2023,BQN,PR,ASO,ES,Federal Contract Tower,7,0,0,0,7,0,0,2,1,3,7,0,2,1,10,18,0,18,28
02/12/2023,BQN,PR,ASO,ES,Federal Contract Tower,6,0,1,0,7,0,0,13,4,17,6,0,14,4,24,14,0,14,38
02/13/2023,BQN,PR,ASO,ES,Federal Contract Tower,20,5,4,0,29,0,0,47,18,65,20,5,51,18,94,100,8,108,202
02/14/2023,BQN,PR,ASO,ES,Federal Contract Tower,22,9,2,0,33,0,0,58,11,69,22,9,60,11,102,112,12,124,226
02/15/2023,BQN,PR,ASO,ES,Federal Contract Tower,23,5,2,1,31,0,0,65,10,75,23,5,67,11,106,114,18,132,238
02/16/2023,BQN,PR,ASO,ES,Federal Contract Tower,21,7,16,0,44,53,18,0,0,71,74,25,16,0,115,80,48,128,243
02/17/2023,BQN,PR,ASO,ES,Federal Contract Tower,22,7,4,0,33,0,0,83,5,88,22,7,87,5,121,90,0,90,211
02/18/2023,BQN,PR,ASO,ES,Federal Contract Tower,6,0,0,0,6,0,0,5,7,12,6,0,5,7,18,10,0,10,28
02/19/2023,BQN,PR,ASO,ES,Federal Contract Tower,7,0,0,0,7,0,0,6,2,8,7,0,6,2,15,26,0,26,41
02/20/2023,BQN,PR,ASO,ES,Federal Contract Tower,19,4,9,1,33,0,0,53,6,59,19,4,62,7,92,108,60,168,260
02/21/2023,BQN,PR,ASO,ES,Federal Contract Tower,23,7,3,2,35,0,0,62,22,84,23,7,65,24,119,86,12,98,217
02/22/2023,BQN,PR,ASO,ES,Federal Contract Tower,21,6,0,0,27,0,0,73,22,95,21,6,73,22,122,150,46,196,318
02/23/2023,BQN,PR,ASO,ES,Federal Contract Tower,19,4,4,0,27,0,0,32,15,47,19,4,36,15,74,42,64,106,180
02/24/2023,BQN,PR,ASO,ES,Federal Contract Tower,28,6,6,0,40,0,0,63,9,72,28,6,69,9,112,66,22,88,200
02/25/2023,BQN,PR,ASO,ES,Federal Contract Tower,5,0,4,2,11,0,0,9,30,39,5,0,13,32,50,0,24,24,74
02/26/2023,BQN,PR,ASO,ES,Federal Contract Tower,4,0,0,2,6,0,0,7,4,11,4,0,7,6,17,0,0,0,17
02/27/2023,BQN,PR,ASO,ES,Federal Contract Tower,12,6,1,1,20,0,0,77,10,87,12,6,78,11,107,76,0,76,183
02/28/2023,BQN,PR,ASO,ES,Federal Contract Tower,24,7,1,0,32,0,0,76,19,95,24,7,77,19,127,136,34,170,297
03/01/2023,BQN,PR,ASO,ES,Federal Contract Tower,19,5,3,0,27,0,0,54,12,66,19,5,57,12,93,92,50,142,235
03/02/2023,BQN,PR,ASO,ES,Federal Contract Tower,23,3,1,0,27,0,0,69,25,94,23,3,70,25,121,52,46,98,219
03/03/2023,BQN,PR,ASO,ES,Federal Contract Tower,28,5,3,0,36,0,0,57,12,69,28,5,60,12,105,44,2,46,151
03/04/2023,BQN,PR,ASO,ES,Federal Contract Tower,2,0,2,0,4,0,0,6,1,7,2,0,8,1,11,2,0,2,13
03/05/2023,BQN,PR,ASO,ES,Federal Contract Tower,5,0,0,0,5,0,0,2,0,2,5,0,2,0,7,0,0,0,7
03/06/2023,BQN,PR,ASO,ES,Federal Contract Tower,20,6,0,0,26,0,0,56,11,67,20,6,56,11,93,74,74,148,241
03/07/2023,BQN,PR,ASO,ES,Federal Contract Tower,22,12,4,0,38,0,0,65,24,89,22,12,69,24,127,76,20,96,223
03/08/2023,BQN,PR,ASO,ES,Federal Contract Tower,17,8,9,3,37,0,0,49,20,69,17,8,58,23,106,78,14,92,198
03/09/2023,BQN,PR,ASO,ES,Federal Contract Tower,19,13,4,2,38,0,0,0,0,0,19,13,4,2,38,138,46,184,222
03/10/2023,BQN,PR,ASO,ES,Federal Contract Tower,25,2,5,4,36,0,0,56,4,60,25,2,61,8,96,100,2,102,198
03/11/2023,BQN,PR,ASO,ES,Federal Contract Tower,7,0,3,0,10,0,0,77,8,85,7,0,80,8,95,152,52,204,299
03/12/2023,BQN,PR,ASO,ES,Federal Contract Tower,6,0,6,0,12,0,0,55,4,59,6,0,61,4,71,36,4,40,111
03/13/2023,BQN,PR,ASO,ES,Federal Contract Tower,19,5,5,0,29,0,0,56,15,71,19,5,61,15,100,62,22,84,184
03/14/2023,BQN,PR,ASO,ES,Federal Contract Tower,21,6,3,3,33,0,0,45,14,59,21,6,48,17,92,168,0,168,260
03/15/2023,BQN,PR,ASO,ES,Federal Contract Tower,17,9,10,2,38,0,0,95,10,105,17,9,105,12,143,100,32,132,275
03/16/2023,BQN,PR,ASO,ES,Federal Contract Tower,22,6,3,0,31,0,0,54,18,72,22,6,57,18,103,70,0,70,173
03/17/2023,BQN,PR,ASO,ES,Federal Contract Tower,23,4,5,0,32,0,0,53,4,57,23,4,58,4,89,40,26,66,155
03/18/2023,BQN,PR,ASO,ES,Federal Contract Tower,10,0,8,1,19,0,0,74,7,81,10,0,82,8,100,50,22,72,172
03/19/2023,BQN,PR,ASO,ES,Federal Contract Tower,9,0,4,1,14,0,0,32,6,38,9,0,36,7,52,64,0,64,116
03/20/2023,BQN,PR,ASO,ES,Federal Contract Tower,20,5,4,0,29,0,0,51,13,64,20,5,55,13,93,46,90,136,229
03/21/2023,BQN,PR,ASO,ES,Federal Contract Tower,25,9,2,0,36,0,0,75,23,98,25,9,77,23,134,58,42,100,234
03/22/2023,BQN,PR,ASO,ES,Federal Contract Tower,24,7,10,0,41,0,0,88,9,97,24,7,98,9,138,72,10,82,220
03/23/2023,BQN,PR,ASO,ES,Federal Contract Tower,25,2,8,0,35,0,0,48,10,58,25,2,56,10,93,50,0,50,143
03/24/2023,BQN,PR,ASO,ES,Federal Contract Tower,26,2,2,0,30,0,0,55,6,61,26,2,57,6,91,40,2,42,133
03/25/2023,BQN,PR,ASO,ES,Federal Contract Tower,6,0,4,0,10,0,0,27,4,31,6,0,31,4,41,26,2,28,69
03/26/2023,BQN,PR,ASO,ES,Federal Contract Tower,9,0,8,0,17,0,0,46,8,54,9,0,54,8,71,42,0,42,113
03/27/2023,BQN,PR,ASO,ES,Federal Contract Tower,19,8,3,0,30,0,0,72,11,83,19,8,75,11,113,92,36,128,241
03/28/2023,BQN,PR,ASO,ES,Federal Contract Tower,21,8,3,0,32,0,0,87,20,107,21,8,90,20,139,148,8,156,295
03/29/2023,BQN,PR,ASO,ES,Federal Contract Tower,22,5,7,1,35,0,0,86,9,95,22,5,93,10,130,110,18,128,258
03/30/2023,BQN,PR,ASO,ES,Federal Contract Tower,18,9,7,0,34,0,0,59,12,71,18,9,66,12,105,156,0,156,261
03/31/2023,BQN,PR,ASO,ES,Federal Contract Tower,22,6,7,0,35,0,0,83,9,92,22,6,90,9,127,58,0,58,185
04/01/2023,BQN,PR,ASO,ES,Federal Contract Tower,6,0,1,0,7,0,0,17,10,27,6,0,18,10,34,14,14,28,62
04/02/2023,BQN,PR,ASO,ES,Federal Contract Tower,7,0,3,0,10,0,0,36,4,40,7,0,39,4,50,24,0,24,74
04/03/2023,BQN,PR,ASO,ES,Federal Contract Tower,18,6,2,0,26,0,0,44,10,54,18,6,46,10,80,58,0,58,138
04/04/2023,BQN,PR,ASO,ES,Federal Contract Tower,24,8,8,0,40,0,0,65,19,84,24,8,73,19,124,94,24,118,242
04/05/2023,BQN,PR,ASO,ES,Federal Contract Tower,26,5,6,1,38,0,0,51,9,60,26,5,57,10,98,98,8,106,204
04/06/2023,BQN,PR,ASO,ES,Federal Contract Tower,22,7,3,2,34,0,0,38,13,51,22,7,41,15,85,38,0,38,123
04/07/2023,BQN,PR,ASO,ES,Federal Contract Tower,18,0,0,0,18,0,0,53,9,62,18,0,53,9,80,36,0,36,116
04/08/2023,BQN,PR,ASO,ES,Federal Contract Tower,6,0,4,0,10,0,0,11,0,11,6,0,15,0,21,26,0,26,47
04/09/2023,BQN,PR,ASO,ES,Federal Contract Tower,11,0,12,0,23,0,0,19,0,19,11,0,31,0,42,30,0,30,72
04/10/2023,BQN,PR,ASO,ES,Federal Contract Tower,17,6,5,2,30,0,0,47,4,51,17,6,52,6,81,82,0,82,163
04/11/2023,BQN,PR,ASO,ES,Federal Contract Tower,23,10,0,2,35,0,0,65,8,73,23,10,65,10,108,128,46,174,282
04/12/2023,BQN,PR,ASO,ES,Federal Contract Tower,20,9,5,1,35,0,0,74,6,80,20,9,79,7,115,74,0,74,189
04/13/2023,BQN,PR,ASO,ES,Federal Contract Tower,27,2,3,2,34,0,0,71,20,91,27,2,74,22,125,74,0,74,199
04/14/2023,BQN,PR,ASO,ES,Federal Contract Tower,25,1,4,0,30,0,0,54,4,58,25,1,58,4,88,30,0,30,118
04/15/2023,BQN,PR,ASO,ES,Federal Contract Tower,7,0,5,0,12,0,0,86,5,91,7,0,91,5,103,46,0,46,149
04/16/2023,BQN,PR,ASO,ES,Federal Contract Tower,10,0,2,0,12,0,0,14,9,23,10,0,16,9,35,0,0,0,35
04/17/2023,BQN,PR,ASO,ES,Federal Contract Tower,20,9,4,5,38,0,0,46,17,63,20,9,50,22,101,85,8,93,194
04/18/2023,BQN,PR,ASO,ES,Federal Contract Tower,22,8,5,0,35,0,0,69,16,85,22,8,74,16,120,56,52,108,228
04/19/2023,BQN,PR,ASO,ES,Federal Contract Tower,25,7,1,1,34,0,0,58,0,58,25,7,59,1,92,100,0,100,192
04/20/2023,BQN,PR,ASO,ES,Federal Contract Tower,18,10,2,1,31,0,0,48,24,72,18,10,50,25,103,12,12,24,127
04/21/2023,BQN,PR,ASO,ES,Federal Contract Tower,27,4,0,1,32,0,0,71,14,85,27,4,71,15,117,48,0,48,165
04/22/2023,BQN,PR,ASO,ES,Federal Contract Tower,8,0,4,2,14,0,0,102,5,107,8,0,106,7,121,100,0,100,221
04/23/2023,BQN,PR,ASO,ES,Federal Contract Tower,13,0,4,1,18,0,0,31,6,37,13,0,35,7,55,66,0,66,121
04/24/2023,BQN,PR,ASO,ES,Federal Contract Tower,21,5,3,3,32,0,0,55,10,65,21,5,58,13,97,88,46,134,231
04/25/2023,BQN,PR,ASO,ES,Federal Contract Tower,24,6,5,2,37,0,0,96,12,108,24,6,101,14,145,92,28,120,265
04/26/2023,BQN,PR,ASO,ES,Federal Contract Tower,22,6,6,2,36,0,0,58,23,81,22,6,64,25,117,64,84,148,265
04/27/2023,BQN,PR,ASO,ES,Federal Contract Tower,22,8,1,2,33,0,0,52,35,87,22,8,53,37,120,72,0,72,192
04/28/2023,BQN,PR,ASO,ES,Federal Contract Tower,27,3,3,5,38,0,0,50,11,61,27,3,53,16,99,46,54,100,199
04/29/2023,BQN,PR,ASO,ES,Federal Contract Tower,8,0,4,1,13,0,0,53,5,58,8,0,57,6,71,28,0,28,99
04/30/2023,BQN,PR,ASO,ES,Federal Contract Tower,16,0,12,0,28,0,0,45,8,53,16,0,57,8,81,38,0,38,119
05/01/2023,BQN,PR,ASO,ES,Federal Contract Tower,16,5,8,4,33,0,0,58,13,71,16,5,66,17,104,102,40,142,246
05/02/2023,BQN,PR,ASO,ES,Federal Contract Tower,23,8,4,1,36,0,0,59,34,93,23,8,63,35,129,124,44,168,297
05/03/2023,BQN,PR,ASO,ES,Federal Contract Tower,22,7,7,5,41,0,0,84,12,96,22,7,91,17,137,98,54,152,289
05/04/2023,BQN,PR,ASO,ES,Federal Contract Tower,23,3,6,0,32,0,0,60,21,81,23,3,66,21,113,88,20,108,221
05/05/2023,BQN,PR,ASO,ES,Federal Contract Tower,27,1,4,1,33,0,0,37,9,46,27,1,41,10,79,76,0,76,155
05/06/2023,BQN,PR,ASO,ES,Federal Contract Tower,6,0,3,0,9,0,0,58,7,65,6,0,61,7,74,30,0,30,104
05/07/2023,BQN,PR,ASO,ES,Federal Contract Tower,15,0,4,2,21,0,0,51,10,61,15,0,55,12,82,30,20,50,132
05/08/2023,BQN,PR,ASO,ES,Federal Contract Tower,25,5,0,1,31,0,0,29,12,41,25,5,29,13,72,84,38,122,194
05/09/2023,BQN,PR,ASO,ES,Federal Contract Tower,24,7,7,1,39,0,0,42,23,65,24,7,49,24,104,104,24,128,232
05/10/2023,BQN,PR,ASO,ES,Federal Contract Tower,24,8,4,3,39,0,0,39,9,48,24,8,43,12,87,96,64,160,247
05/11/2023,BQN,PR,ASO,ES,Federal Contract Tower,22,7,5,0,34,0,0,56,16,72,22,7,61,16,106,116,18,134,240
05/12/2023,BQN,PR,ASO,ES,Federal Contract Tower,29,6,8,0,43,0,0,83,18,101,29,6,91,18,144,112,28,140,284
05/13/2023,BQN,PR,ASO,ES,Federal Contract Tower,9,0,4,0,13,0,0,51,5,56,9,0,55,5,69,12,22,34,103
05/14/2023,BQN,PR,ASO,ES,Federal Contract Tower,13,0,2,0,15,0,0,9,4,13,13,0,11,4,28,6,0,6,34
05/15/2023,BQN,PR,ASO,ES,Federal Contract Tower,26,4,4,0,34,0,0,37,9,46,26,4,41,9,80,76,0,76,156
05/16/2023,BQN,PR,ASO,ES,Federal Contract Tower,25,7,2,1,35,0,0,63,13,76,25,7,65,14,111,74,14,88,199
05/17/2023,BQN,PR,ASO,ES,Federal Contract Tower,25,5,1,1,32,0,0,40,12,52,25,5,41,13,84,84,28,112,196
05/18/2023,BQN,PR,ASO,ES,Federal Contract Tower,17,8,8,0,33,0,0,61,7,68,17,8,69,7,101,98,0,98,199
05/19/2023,BQN,PR,ASO,ES,Federal Contract Tower,26,4,6,1,37,0,0,31,9,40,26,4,37,10,77,72,14,86,163
05/20/2023,BQN,PR,ASO,ES,Federal Contract Tower,6,0,0,0,6,0,0,1,3,4,6,0,1,3,10,0,0,0,10
05/21/2023,BQN,PR,ASO,ES,Federal Contract Tower,11,0,0,1,12,0,0,9,6,15,11,0,9,7,27,0,18,18,45
05/22/2023,BQN,PR,ASO,ES,Federal Contract Tower,28,6,0,0,34,0,0,45,15,60,28,6,45,15,94,68,42,110,204
05/23/2023,BQN,PR,ASO,ES,Federal Contract Tower,26,6,3,0,35,0,0,59,34,93,26,6,62,34,128,126,40,166,294
05/24/2023,BQN,PR,ASO,ES,Federal Contract Tower,22,6,6,0,34,0,0,63,6,69,22,6,69,6,103,134,26,160,263
05/25/2023,BQN,PR,ASO,ES,Federal Contract Tower,19,9,3,0,31,0,0,54,17,71,19,9,57,17,102,126,0,126,228
05/26/2023,BQN,PR,ASO,ES,Federal Contract Tower,29,3,10,0,42,0,0,68,9,77,29,3,78,9,119,80,72,152,271
05/27/2023,BQN,PR,ASO,ES,Federal Contract Tower,8,0,0,0,8,0,0,2,5,7,8,0,2,5,15,0,0,0,15
05/28/2023,BQN,PR,ASO,ES,Federal Contract Tower,13,0,0,0,13,0,0,8,4,12,13,0,8,4,25,0,0,0,25
05/29/2023,BQN,PR,ASO,ES,Federal Contract Tower,12,0,4,0,16,0,0,58,9,67,12,0,62,9,83,18,0,18,101
05/30/2023,BQN,PR,ASO,ES,Federal Contract Tower,25,6,3,1,35,0,0,65,19,84,25,6,68,20,119,76,57,133,252
05/31/2023,BQN,PR,ASO,ES,Federal Contract Tower,21,7,8,3,39,0,0,66,17,83,21,7,74,20,122,130,36,166,288
06/01/2023,BQN,PR,ASO,ES,Federal Contract Tower,25,9,7,0,41,0,0,72,14,86,25,9,79,14,127,96,0,96,223
06/02/2023,BQN,PR,ASO,ES,Federal Contract Tower,26,4,0,0,30,0,0,87,18,105,26,4,87,18,135,112,20,132,267
06/03/2023,BQN,PR,ASO,ES,Federal Contract Tower,7,0,2,0,9,0,0,4,2,6,7,0,6,2,15,6,0,6,21
06/04/2023,BQN,PR,ASO,ES,Federal Contract Tower,11,0,0,0,11,0,0,3,5,8,11,0,3,5,19,0,0,0,19
06/05/2023,BQN,PR,ASO,ES,Federal Contract Tower,23,4,9,1,37,0,0,52,7,59,23,4,61,8,96,64,30,94,190
06/06/2023,BQN,PR,ASO,ES,Federal Contract Tower,25,6,2,0,33,0,0,71,16,87,25,6,73,16,120,122,48,170,290
06/07/2023,BQN,PR,ASO,ES,Federal Contract Tower,21,6,4,0,31,0,0,59,19,78,21,6,63,19,109,78,56,134,243
06/08/2023,BQN,PR,ASO,ES,Federal Contract Tower,15,7,3,0,25,0,0,56,21,77,15,7,59,21,102,60,22,82,184
06/09/2023,BQN,PR,ASO,ES,Federal Contract Tower,24,5,7,0,36,0,0,49,1,50,24,5,56,1,86,48,0,48,134
06/10/2023,BQN,PR,ASO,ES,Federal Contract Tower,9,0,1,0,10,0,0,0,6,6,9,0,1,6,16,0,18,18,34
06/11/2023,BQN,PR,ASO,ES,Federal Contract Tower,15,0,2,0,17,0,0,8,3,11,15,0,10,3,28,4,0,4,32
06/12/2023,BQN,PR,ASO,ES,Federal Contract Tower,21,3,3,0,27,0,0,55,12,67,21,3,58,12,94,68,34,102,196
06/13/2023,BQN,PR,ASO,ES,Federal Contract Tower,28,10,9,1,48,0,0,78,18,96,28,10,87,19,144,98,40,138,282
06/14/2023,BQN,PR,ASO,ES,Federal Contract Tower,20,7,4,3,34,0,0,74,39,113,20,7,78,42,147,88,42,130,277
06/15/2023,BQN,PR,ASO,ES,Federal Contract Tower,19,8,5,0,32,0,0,78,3,81,19,8,83,3,113,122,0,122,235
06/16/2023,BQN,PR,ASO,ES,Federal Contract Tower,24,3,4,0,31,0,0,55,7,62,24,3,59,7,93,86,0,86,179
06/17/2023,BQN,PR,ASO,ES,Federal Contract Tower,5,0,2,0,7,0,0,33,3,36,5,0,35,3,43,22,6,28,71
06/18/2023,BQN,PR,ASO,ES,Federal Contract Tower,16,0,0,0,16,0,0,8,3,11,16,0,8,3,27,2,0,2,29
06/19/2023,BQN,PR,ASO,ES,Federal Contract Tower,21,0,4,0,25,0,0,59,6,65,21,0,63,6,90,74,2,76,166
06/20/2023,BQN,PR,ASO,ES,Federal Contract Tower,26,8,2,0,36,0,0,66,17,83,26,8,68,17,119,78,26,104,223
06/21/2023,BQN,PR,ASO,ES,Federal Contract Tower,24,6,2,0,32,0,0,43,12,55,24,6,45,12,87,120,34,154,241
06/22/2023,BQN,PR,ASO,ES,Federal Contract Tower,20,0,3,0,23,0,0,40,4,44,20,0,43,4,67,74,0,74,141
06/23/2023,BQN,PR,ASO,ES,Federal Contract Tower,18,3,7,0,28,0,0,24,4,28,18,3,31,4,56,48,0,48,104
06/24/2023,BQN,PR,ASO,ES,Federal Contract Tower,5,0,0,0,5,0,0,3,3,6,5,0,3,3,11,0,0,0,11
06/25/2023,BQN,PR,ASO,ES,Federal Contract Tower,14,0,3,0,17,0,0,10,5,15,14,0,13,5,32,0,0,0,32
06/26/2023,BQN,PR,ASO,ES,Federal Contract Tower,25,5,12,0,42,0,0,38,23,61,25,5,50,23,103,76,38,114,217
06/27/2023,BQN,PR,ASO,ES,Federal Contract Tower,24,6,1,3,34,0,0,76,17,93,24,6,77,20,127,102,26,128,255
06/28/2023,BQN,PR,ASO,ES,Federal Contract Tower,24,7,3,2,36,0,0,40,11,51,24,7,43,13,87,34,54,88,175
06/29/2023,BQN,PR,ASO,ES,Federal Contract Tower,24,8,1,2,35,0,0,59,27,86,24,8,60,29,121,76,0,76,197
06/30/2023,BQN,PR,ASO,ES,Federal Contract Tower,26,4,4,0,34,0,0,68,9,77,26,4,72,9,111,142,2,144,255
07/01/2023,BQN,PR,ASO,ES,Federal Contract Tower,11,0,5,0,16,0,0,40,4,44,11,0,45,4,60,22,2,24,84
07/02/2023,BQN,PR,ASO,ES,Federal Contract Tower,16,0,5,0,21,0,0,21,7,28,16,0,26,7,49,28,0,28,77
07/03/2023,BQN,PR,ASO,ES,Federal Contract Tower,19,7,2,0,28,0,0,44,8,52,19,7,46,8,80,110,10,120,200
07/04/2023,BQN,PR,ASO,ES,Federal Contract Tower,10,0,3,0,13,0,0,36,11,47,10,0,39,11,60,56,20,76,136
07/05/2023,BQN,PR,ASO,ES,Federal Contract Tower,22,6,2,0,30,0,0,52,12,64,22,6,54,12,94,110,28,138,232
07/06/2023,BQN,PR,ASO,ES,Federal Contract Tower,28,3,3,0,34,0,0,42,9,51,28,3,45,9,85,140,0,140,225
07/07/2023,BQN,PR,ASO,ES,Federal Contract Tower,25,4,3,0,32,0,0,46,5,51,25,4,49,5,83,128,0,128,211
07/08/2023,BQN,PR,ASO,ES,Federal Contract Tower,4,0,0,0,4,0,0,1,4,5,4,0,1,4,9,0,0,0,9
07/09/2023,BQN,PR,ASO,ES,Federal Contract Tower,12,0,2,0,14,0,0,5,4,9,12,0,7,4,23,0,4,4,27
07/10/2023,BQN,PR,ASO,ES,Federal Contract Tower,21,6,6,8,41,0,0,39,13,52,21,6,45,21,93,86,22,108,201
07/11/2023,BQN,PR,ASO,ES,Federal Contract Tower,23,10,5,2,40,0,0,40,17,57,23,10,45,19,97,98,24,122,219
07/12/2023,BQN,PR,ASO,ES,Federal Contract Tower,29,5,8,1,43,0,0,45,23,68,29,5,53,24,111,54,56,110,221
07/13/2023,BQN,PR,ASO,ES,Federal Contract Tower,20,9,2,0,31,0,0,31,20,51,20,9,33,20,82,80,8,88,170
07/14/2023,BQN,PR,ASO,ES,Federal Contract Tower,28,4,6,2,40,0,0,75,9,84,28,4,81,11,124,82,20,102,226
07/15/2023,BQN,PR,ASO,ES,Federal Contract Tower,2,0,0,0,2,0,0,1,2,3,2,0,1,2,5,0,0,0,5
07/16/2023,BQN,PR,ASO,ES,Federal Contract Tower,9,0,2,0,11,0,0,6,3,9,9,0,8,3,20,2,0,2,22
07/17/2023,BQN,PR,ASO,ES,Federal Contract Tower,27,8,6,0,41,0,0,50,8,58,27,8,56,8,99,98,20,118,217
07/18/2023,BQN,PR,ASO,ES,Federal Contract Tower,25,11,1,0,37,0,0,87,21,108,25,11,88,21,145,92,24,116,261
07/19/2023,BQN,PR,ASO,ES,Federal Contract Tower,24,9,4,0,37,0,0,75,32,107,24,9,79,32,144,76,92,168,312
07/20/2023,BQN,PR,ASO,ES,Federal Contract Tower,24,8,4,0,36,0,0,40,13,53,24,8,44,13,89,100,16,116,205
07/21/2023,BQN,PR,ASO,ES,Federal Contract Tower,24,5,5,0,34,0,0,56,9,65,24,5,61,9,99,60,30,90,189
07/22/2023,BQN,PR,ASO,ES,Federal Contract Tower,9,0,0,0,9,0,0,1,4,5,9,0,1,4,14,2,0,2,16
07/23/2023,BQN,PR,ASO,ES,Federal Contract Tower,12,0,0,0,12,0,0,0,0,0,12,0,0,0,12,0,0,0,12
07/24/2023,BQN,PR,ASO,ES,Federal Contract Tower,24,7,8,1,40,0,0,35,10,45,24,7,43,11,85,46,100,146,231
07/25/2023,BQN,PR,ASO,ES,Federal Contract Tower,29,4,3,0,36,0,0,30,26,56,29,4,33,26,92,72,42,114,206
07/26/2023,BQN,PR,ASO,ES,Federal Contract Tower,26,6,1,0,33,0,0,61,8,69,26,6,62,8,102,100,0,100,202
07/27/2023,BQN,PR,ASO,ES,Federal Contract Tower,23,6,3,2,34,0,0,57,20,77,23,6,60,22,111,58,16,74,185
07/28/2023,BQN,PR,ASO,ES,Federal Contract Tower,30,3,3,0,36,0,0,57,4,61,30,3,60,4,97,58,0,58,155
07/29/2023,BQN,PR,ASO,ES,Federal Contract Tower,4,0,1,0,5,0,0,3,4,7,4,0,4,4,12,6,0,6,18
07/30/2023,BQN,PR,ASO,ES,Federal Contract Tower,11,0,0,0,11,0,0,9,4,13,11,0,9,4,24,22,0,22,46
07/31/2023,BQN,PR,ASO,ES,Federal Contract Tower,25,5,2,0,32,0,0,41,9,50,25,5,43,9,82,72,52,124,206
08/01/2023,BQN,PR,ASO,ES,Federal Contract Tower,27,6,6,0,39,0,0,42,14,56,27,6,48,14,95,80,30,110,205
08/03/2023,BQN,PR,ASO,ES,Federal Contract Tower,24,0,2,1,27,0,0,78,32,110,24,0,80,33,137,88,0,88,225
08/04/2023,BQN,PR,ASO,ES,Federal Contract Tower,25,5,1,1,32,0,0,64,9,73,25,5,65,10,105,76,0,76,181
08/05/2023,BQN,PR,ASO,ES,Federal Contract Tower,11,0,1,0,12,0,0,11,4,15,11,0,12,4,27,2,0,2,29
08/06/2023,BQN,PR,ASO,ES,Federal Contract Tower,16,0,4,0,20,0,0,12,4,16,16,0,16,4,36,4,0,4,40
08/07/2023,BQN,PR,ASO,ES,Federal Contract Tower,19,6,0,0,25,0,0,18,8,26,19,6,18,8,51,6,20,26,77
08/08/2023,BQN,PR,ASO,ES,Federal Contract Tower,29,7,1,0,37,0,0,34,37,71,29,7,35,37,108,34,42,76,184
08/09/2023,BQN,PR,ASO,ES,Federal Contract Tower,27,6,2,0,35,0,0,11,19,30,27,6,13,19,65,4,0,4,69
08/10/2023,BQN,PR,ASO,ES,Federal Contract Tower,22,9,2,0,33,0,0,25,19,44,22,9,27,19,77,38,4,42,119
08/11/2023,BQN,PR,ASO,ES,Federal Contract Tower,24,3,1,0,28,0,0,24,6,30,24,3,25,6,58,14,0,14,72
08/12/2023,BQN,PR,ASO,ES,Federal Contract Tower,9,0,0,0,9,0,0,12,2,14,9,0,12,2,23,16,0,16,39
08/13/2023,BQN,PR,ASO,ES,Federal Contract Tower,15,0,2,0,17,0,0,15,11,26,15,0,17,11,43,10,8,18,61
08/14/2023,BQN,PR,ASO,ES,Federal Contract Tower,22,6,7,3,38,0,0,30,11,41,22,6,37,14,79,34,32,66,145
08/15/2023,BQN,PR,ASO,ES,Federal Contract Tower,27,6,3,0,36,0,0,38,14,52,27,6,41,14,88,86,20,106,194
08/16/2023,BQN,PR,ASO,ES,Federal Contract Tower,21,6,4,2,33,0,0,40,15,55,21,6,44,17,88,30,38,68,156
08/17/2023,BQN,PR,ASO,ES,Federal Contract Tower,29,3,2,1,35,0,0,27,9,36,29,3,29,10,71,74,0,74,145
08/18/2023,BQN,PR,ASO,ES,Federal Contract Tower,31,2,0,3,36,0,0,31,9,40,31,2,31,12,76,84,12,96,172
08/19/2023,BQN,PR,ASO,ES,Federal Contract Tower,10,0,2,0,12,0,0,29,2,31,10,0,31,2,43,44,0,44,87
08/20/2023,BQN,PR,ASO,ES,Federal Contract Tower,20,0,2,0,22,0,0,20,9,29,20,0,22,9,51,52,18,70,121
08/21/2023,BQN,PR,ASO,ES,Federal Contract Tower,25,4,5,3,37,0,0,40,12,52,25,4,45,15,89,76,46,122,211
08/22/2023,BQN,PR,ASO,ES,Federal Contract Tower,24,5,6,0,35,0,0,42,11,53,24,5,48,11,88,116,20,136,224
08/23/2023,BQN,PR,ASO,ES,Federal Contract Tower,20,8,1,0,29,0,0,23,14,37,20,8,24,14,66,48,18,66,132
08/24/2023,BQN,PR,ASO,ES,Federal Contract Tower,38,2,11,3,54,0,0,54,9,63,38,2,65,12,117,34,0,34,151
08/25/2023,BQN,PR,ASO,ES,Federal Contract Tower,28,7,1,0,36,0,0,22,6,28,28,7,23,6,64,0,0,0,64
08/26/2023,BQN,PR,ASO,ES,Federal Contract Tower,12,0,1,0,13,0,0,7,2,9,12,0,8,2,22,0,0,0,22
08/27/2023,BQN,PR,ASO,ES,Federal Contract Tower,20,0,3,1,24,0,0,35,6,41,20,0,38,7,65,54,0,54,119
08/28/2023,BQN,PR,ASO,ES,Federal Contract Tower,28,8,0,1,37,0,0,25,10,35,28,8,25,11,72,54,12,66,138
08/29/2023,BQN,PR,ASO,ES,Federal Contract Tower,27,6,4,0,37,0,0,55,14,69,27,6,59,14,106,80,14,94,200
08/30/2023,BQN,PR,ASO,ES,Federal Contract Tower,23,9,0,1,33,0,0,38,15,53,23,9,38,16,86,90,0,90,176
08/31/2023,BQN,PR,ASO,ES,Federal Contract Tower,28,4,4,1,37,0,0,34,9,43,28,4,38,10,80,76,8,84,164
