01/01/2020,BTV,VT,ANE,EN,Combined TRACON& Tower with Radar,37,25,16,0,78,0,0,27,0,27,37,25,43,0,105,0,0,0,105
01/02/2020,BTV,VT,ANE,EN,Combined TRACON& Tower with Radar,49,36,16,2,103,0,4,88,5,97,49,40,104,7,200,0,0,0,200
01/03/2020,BTV,VT,ANE,EN,Combined TRACON& Tower with Radar,49,24,13,4,90,0,0,34,1,35,49,24,47,5,125,85,0,85,210
01/04/2020,BTV,VT,ANE,EN,Combined TRACON& Tower with Radar,38,30,10,2,80,0,0,0,1,1,38,30,10,3,81,0,0,0,81
01/05/2020,BTV,VT,ANE,EN,Combined TRACON& Tower with Radar,42,31,17,1,91,0,0,9,3,12,42,31,26,4,103,0,0,0,103
01/06/2020,BTV,VT,ANE,EN,Combined TRACON& Tower with Radar,36,29,2,0,67,0,1,4,0,5,36,30,6,0,72,10,0,10,82
01/07/2020,BTV,VT,ANE,EN,Combined TRACON& Tower with Radar,34,35,21,13,103,0,0,49,4,53,34,35,70,17,156,64,12,76,232
01/08/2020,BTV,VT,ANE,EN,Combined TRACON& Tower with Radar,33,28,15,2,78,0,1,12,0,13,33,29,27,2,91,0,0,0,91
01/09/2020,BTV,VT,ANE,EN,Combined TRACON& Tower with Radar,33,34,14,8,89,0,0,63,6,69,33,34,77,14,158,64,7,71,229
01/10/2020,BTV,VT,ANE,EN,Combined TRACON& Tower with Radar,35,33,14,0,82,0,0,0,0,0,35,33,14,0,82,0,0,0,82
01/11/2020,BTV,VT,ANE,EN,Combined TRACON& Tower with Radar,36,25,11,2,74,0,0,0,0,0,36,25,11,2,74,0,0,0,74
01/12/2020,BTV,VT,ANE,EN,Combined TRACON& Tower with Radar,32,27,7,0,66,0,0,0,0,0,32,27,7,0,66,0,0,0,66
01/13/2020,BTV,VT,ANE,EN,Combined TRACON& Tower with Radar,36,37,6,3,82,0,0,72,2,74,36,37,78,5,156,0,0,0,156
01/14/2020,BTV,VT,ANE,EN,Combined TRACON& Tower with Radar,36,28,11,7,82,0,0,4,0,4,36,28,15,7,86,0,0,0,86
01/15/2020,BTV,VT,ANE,EN,Combined TRACON& Tower with Radar,34,30,13,10,87,0,0,15,6,21,34,30,28,16,108,72,26,98,206
01/16/2020,BTV,VT,ANE,EN,Combined TRACON& Tower with Radar,31,38,6,0,75,0,0,0,0,0,31,38,6,0,75,0,0,0,75
01/17/2020,BTV,VT,ANE,EN,Combined TRACON& Tower with Radar,33,40,15,1,89,0,1,37,3,41,33,41,52,4,130,53,0,53,183
01/18/2020,BTV,VT,ANE,EN,Combined TRACON& Tower with Radar,28,23,7,0,58,0,0,12,1,13,28,23,19,1,71,10,0,10,81
01/19/2020,BTV,VT,ANE,EN,Combined TRACON& Tower with Radar,34,21,8,0,63,0,0,1,0,1,34,21,9,0,64,0,0,0,64
01/20/2020,BTV,VT,ANE,EN,Combined TRACON& Tower with Radar,34,41,15,1,91,0,3,39,2,44,34,44,54,3,135,42,0,42,177
01/21/2020,BTV,VT,ANE,EN,Combined TRACON& Tower with Radar,34,27,12,7,80,0,1,53,14,68,34,28,65,21,148,45,6,51,199
01/22/2020,BTV,VT,ANE,EN,Combined TRACON& Tower with Radar,33,33,14,5,85,0,2,41,7,50,33,35,55,12,135,105,11,116,251
01/23/2020,BTV,VT,ANE,EN,Combined TRACON& Tower with Radar,34,33,37,3,107,0,2,67,19,88,34,35,104,22,195,70,0,70,265
01/24/2020,BTV,VT,ANE,EN,Combined TRACON& Tower with Radar,35,30,19,1,85,0,1,70,7,78,35,31,89,8,163,97,0,97,260
01/25/2020,BTV,VT,ANE,EN,Combined TRACON& Tower with Radar,33,20,9,0,62,0,1,22,0,23,33,21,31,0,85,40,0,40,125
01/26/2020,BTV,VT,ANE,EN,Combined TRACON& Tower with Radar,42,32,12,0,86,0,0,3,0,3,42,32,15,0,89,0,0,0,89
01/27/2020,BTV,VT,ANE,EN,Combined TRACON& Tower with Radar,33,30,17,0,80,0,0,4,0,4,33,30,21,0,84,68,0,68,152
01/28/2020,BTV,VT,ANE,EN,Combined TRACON& Tower with Radar,33,31,15,1,80,0,0,2,4,6,33,31,17,5,86,31,22,53,139
01/29/2020,BTV,VT,ANE,EN,Combined TRACON& Tower with Radar,34,34,18,0,86,0,2,56,10,68,34,36,74,10,154,66,0,66,220
01/30/2020,BTV,VT,ANE,EN,Combined TRACON& Tower with Radar,34,45,21,6,106,0,4,77,14,95,34,49,98,20,201,75,13,88,289
01/31/2020,BTV,VT,ANE,EN,Combined TRACON& Tower with Radar,36,50,17,1,104,0,3,138,3,144,36,53,155,4,248,0,0,0,248
02/01/2020,BTV,VT,ANE,EN,Combined TRACON& Tower with Radar,35,23,3,2,63,0,0,40,1,41,35,23,43,3,104,0,0,0,104
02/02/2020,BTV,VT,ANE,EN,Combined TRACON& Tower with Radar,34,32,12,2,80,0,1,13,3,17,34,33,25,5,97,36,2,38,135
02/03/2020,BTV,VT,ANE,EN,Combined TRACON& Tower with Radar,34,30,24,14,102,0,0,29,11,40,34,30,53,25,142,60,50,110,252
02/04/2020,BTV,VT,ANE,EN,Combined TRACON& Tower with Radar,36,26,5,2,69,0,1,36,6,43,36,27,41,8,112,145,9,154,266
02/05/2020,BTV,VT,ANE,EN,Combined TRACON& Tower with Radar,34,32,14,4,84,0,1,56,4,61,34,33,70,8,145,76,4,80,225
02/06/2020,BTV,VT,ANE,EN,Combined TRACON& Tower with Radar,28,33,4,0,65,0,0,0,0,0,28,33,4,0,65,0,0,0,65
02/07/2020,BTV,VT,ANE,EN,Combined TRACON& Tower with Radar,0,1,1,0,2,0,0,0,0,0,0,1,1,0,2,0,0,0,2
02/08/2020,BTV,VT,ANE,EN,Combined TRACON& Tower with Radar,38,26,12,2,78,0,2,20,2,24,38,28,32,4,102,0,0,0,102
02/09/2020,BTV,VT,ANE,EN,Combined TRACON& Tower with Radar,39,28,18,0,85,0,1,33,5,39,39,29,51,5,124,11,0,11,135
02/10/2020,BTV,VT,ANE,EN,Combined TRACON& Tower with Radar,34,30,9,3,76,0,0,32,19,51,34,30,41,22,127,0,0,0,127
02/11/2020,BTV,VT,ANE,EN,Combined TRACON& Tower with Radar,35,33,5,3,76,0,0,0,26,26,35,33,5,29,102,0,0,0,102
02/12/2020,BTV,VT,ANE,EN,Combined TRACON& Tower with Radar,32,30,27,9,98,0,0,157,12,169,32,30,184,21,267,0,0,0,267
02/13/2020,BTV,VT,ANE,EN,Combined TRACON& Tower with Radar,36,36,12,0,84,0,0,0,0,0,36,36,12,0,84,0,0,0,84
02/14/2020,BTV,VT,ANE,EN,Combined TRACON& Tower with Radar,40,36,18,3,97,0,4,22,13,39,40,40,40,16,136,0,0,0,136
02/15/2020,BTV,VT,ANE,EN,Combined TRACON& Tower with Radar,34,23,11,0,68,0,2,63,5,70,34,25,74,5,138,0,0,0,138
02/16/2020,BTV,VT,ANE,EN,Combined TRACON& Tower with Radar,35,22,17,0,74,0,0,86,2,88,35,22,103,2,162,0,0,0,162
02/17/2020,BTV,VT,ANE,EN,Combined TRACON& Tower with Radar,41,41,18,0,100,0,2,74,0,76,41,43,92,0,176,55,0,55,231
02/18/2020,BTV,VT,ANE,EN,Combined TRACON& Tower with Radar,38,39,10,0,87,0,0,2,0,2,38,39,12,0,89,14,0,14,103
02/19/2020,BTV,VT,ANE,EN,Combined TRACON& Tower with Radar,39,34,13,6,92,0,0,104,7,111,39,34,117,13,203,0,0,0,203
02/20/2020,BTV,VT,ANE,EN,Combined TRACON& Tower with Radar,43,32,21,7,103,0,1,53,23,77,43,33,74,30,180,93,0,93,273
02/21/2020,BTV,VT,ANE,EN,Combined TRACON& Tower with Radar,43,34,25,0,102,0,1,53,4,58,43,35,78,4,160,76,0,76,236
02/22/2020,BTV,VT,ANE,EN,Combined TRACON& Tower with Radar,37,29,21,1,88,0,0,79,4,83,37,29,100,5,171,80,0,80,251
02/23/2020,BTV,VT,ANE,EN,Combined TRACON& Tower with Radar,37,31,16,1,85,0,3,44,5,52,37,34,60,6,137,50,0,50,187
02/24/2020,BTV,VT,ANE,EN,Combined TRACON& Tower with Radar,40,27,21,2,90,0,2,74,1,77,40,29,95,3,167,83,0,83,250
02/25/2020,BTV,VT,ANE,EN,Combined TRACON& Tower with Radar,39,31,15,4,89,0,0,8,0,8,39,31,23,4,97,60,0,60,157
02/26/2020,BTV,VT,ANE,EN,Combined TRACON& Tower with Radar,40,32,13,0,85,0,0,0,0,0,40,32,13,0,85,42,0,42,127
02/27/2020,BTV,VT,ANE,EN,Combined TRACON& Tower with Radar,40,27,10,0,77,0,0,1,0,1,40,27,11,0,78,0,0,0,78
02/28/2020,BTV,VT,ANE,EN,Combined TRACON& Tower with Radar,40,36,11,4,91,0,0,2,0,2,40,36,13,4,93,0,0,0,93
02/29/2020,BTV,VT,ANE,EN,Combined TRACON& Tower with Radar,35,25,12,0,72,0,0,44,0,44,35,25,56,0,116,0,0,0,116
03/01/2020,BTV,VT,ANE,EN,Combined TRACON& Tower with Radar,35,28,22,1,86,0,0,88,1,89,35,28,110,2,175,0,0,0,175
03/02/2020,BTV,VT,ANE,EN,Combined TRACON& Tower with Radar,40,28,11,0,79,0,2,90,1,93,40,30,101,1,172,0,0,0,172
03/03/2020,BTV,VT,ANE,EN,Combined TRACON& Tower with Radar,38,28,12,3,81,0,0,48,1,49,38,28,60,4,130,74,2,76,206
03/04/2020,BTV,VT,ANE,EN,Combined TRACON& Tower with Radar,39,32,7,5,83,0,0,24,7,31,39,32,31,12,114,47,3,50,164
03/05/2020,BTV,VT,ANE,EN,Combined TRACON& Tower with Radar,38,44,26,4,112,0,1,74,12,87,38,45,100,16,199,106,2,108,307
03/06/2020,BTV,VT,ANE,EN,Combined TRACON& Tower with Radar,39,36,9,4,88,0,0,31,7,38,39,36,40,11,126,68,26,94,220
03/07/2020,BTV,VT,ANE,EN,Combined TRACON& Tower with Radar,35,30,16,6,87,0,1,48,18,67,35,31,64,24,154,84,14,98,252
03/08/2020,BTV,VT,ANE,EN,Combined TRACON& Tower with Radar,32,41,18,0,91,0,0,58,7,65,32,41,76,7,156,56,0,56,212
03/09/2020,BTV,VT,ANE,EN,Combined TRACON& Tower with Radar,39,41,18,2,100,0,4,120,5,129,39,45,138,7,229,183,0,183,412
03/10/2020,BTV,VT,ANE,EN,Combined TRACON& Tower with Radar,38,40,12,4,94,0,0,29,0,29,38,40,41,4,123,24,0,24,147
03/11/2020,BTV,VT,ANE,EN,Combined TRACON& Tower with Radar,35,43,13,18,109,0,0,63,14,77,35,43,76,32,186,132,16,148,334
03/12/2020,BTV,VT,ANE,EN,Combined TRACON& Tower with Radar,35,39,17,7,98,0,0,82,13,95,35,39,99,20,193,164,3,167,360
03/13/2020,BTV,VT,ANE,EN,Combined TRACON& Tower with Radar,36,40,9,0,85,0,2,6,1,9,36,42,15,1,94,0,0,0,94
03/14/2020,BTV,VT,ANE,EN,Combined TRACON& Tower with Radar,33,37,16,2,88,0,0,72,3,75,33,37,88,5,163,0,0,0,163
03/15/2020,BTV,VT,ANE,EN,Combined TRACON& Tower with Radar,27,40,32,0,99,0,0,43,0,43,27,40,75,0,142,54,0,54,196
03/16/2020,BTV,VT,ANE,EN,Combined TRACON& Tower with Radar,37,34,11,0,82,0,1,50,3,54,37,35,61,3,136,29,0,29,165
03/17/2020,BTV,VT,ANE,EN,Combined TRACON& Tower with Radar,36,38,9,0,83,0,2,0,9,11,36,40,9,9,94,0,6,6,100
03/18/2020,BTV,VT,ANE,EN,Combined TRACON& Tower with Radar,32,44,16,4,96,0,0,77,3,80,32,44,93,7,176,62,0,62,238
03/19/2020,BTV,VT,ANE,EN,Combined TRACON& Tower with Radar,33,44,11,3,91,0,0,12,7,19,33,44,23,10,110,30,0,30,140
03/20/2020,BTV,VT,ANE,EN,Combined TRACON& Tower with Radar,35,33,7,0,75,0,0,2,0,2,35,33,9,0,77,0,0,0,77
03/21/2020,BTV,VT,ANE,EN,Combined TRACON& Tower with Radar,25,26,4,0,55,0,0,19,1,20,25,26,23,1,75,44,0,44,119
03/22/2020,BTV,VT,ANE,EN,Combined TRACON& Tower with Radar,21,27,8,0,56,0,0,40,0,40,21,27,48,0,96,19,0,19,115
03/23/2020,BTV,VT,ANE,EN,Combined TRACON& Tower with Radar,23,25,2,0,50,0,0,7,0,7,23,25,9,0,57,0,0,0,57
03/24/2020,BTV,VT,ANE,EN,Combined TRACON& Tower with Radar,19,27,2,2,50,0,0,0,6,6,19,27,2,8,56,0,0,0,56
03/25/2020,BTV,VT,ANE,EN,Combined TRACON& Tower with Radar,16,29,5,2,52,0,0,11,0,11,16,29,16,2,63,16,2,18,81
03/26/2020,BTV,VT,ANE,EN,Combined TRACON& Tower with Radar,12,24,5,6,47,0,0,16,5,21,12,24,21,11,68,2,12,14,82
03/27/2020,BTV,VT,ANE,EN,Combined TRACON& Tower with Radar,11,25,2,0,38,0,0,12,0,12,11,25,14,0,50,2,0,2,52
03/28/2020,BTV,VT,ANE,EN,Combined TRACON& Tower with Radar,10,21,3,0,34,0,0,25,2,27,10,21,28,2,61,18,0,18,79
03/29/2020,BTV,VT,ANE,EN,Combined TRACON& Tower with Radar,8,24,2,0,34,0,0,0,0,0,8,24,2,0,34,0,0,0,34
03/30/2020,BTV,VT,ANE,EN,Combined TRACON& Tower with Radar,7,29,1,3,40,0,0,4,3,7,7,29,5,6,47,0,8,8,55
03/31/2020,BTV,VT,ANE,EN,Combined TRACON& Tower with Radar,13,27,13,13,66,0,1,17,6,24,13,28,30,19,90,15,18,33,123
04/01/2020,BTV,VT,ANE,EN,Combined TRACON& Tower with Radar,10,17,3,6,36,0,0,2,2,4,10,17,5,8,40,0,2,2,42
04/02/2020,BTV,VT,ANE,EN,Combined TRACON& Tower with Radar,12,18,3,7,40,0,0,3,0,3,12,18,6,7,43,0,0,0,43
04/03/2020,BTV,VT,ANE,EN,Combined TRACON& Tower with Radar,10,23,3,7,43,0,0,2,0,2,10,23,5,7,45,0,0,0,45
04/04/2020,BTV,VT,ANE,EN,Combined TRACON& Tower with Radar,10,18,4,6,38,0,0,10,3,13,10,18,14,9,51,16,4,20,71
04/05/2020,BTV,VT,ANE,EN,Combined TRACON& Tower with Radar,9,15,8,1,33,0,0,2,5,7,9,15,10,6,40,0,0,0,40
04/06/2020,BTV,VT,ANE,EN,Combined TRACON& Tower with Radar,10,11,4,0,25,0,0,17,1,18,10,11,21,1,43,11,0,11,54
04/07/2020,BTV,VT,ANE,EN,Combined TRACON& Tower with Radar,11,17,9,8,45,0,0,14,7,21,11,17,23,15,66,6,10,16,82
04/08/2020,BTV,VT,ANE,EN,Combined TRACON& Tower with Radar,12,16,5,9,42,0,0,9,2,11,12,16,14,11,53,0,0,0,53
04/09/2020,BTV,VT,ANE,EN,Combined TRACON& Tower with Radar,6,18,2,5,31,0,0,2,2,4,6,18,4,7,35,0,0,0,35
04/10/2020,BTV,VT,ANE,EN,Combined TRACON& Tower with Radar,11,15,5,5,36,0,0,2,0,2,11,15,7,5,38,2,0,2,40
04/11/2020,BTV,VT,ANE,EN,Combined TRACON& Tower with Radar,6,16,3,0,25,0,1,3,0,4,6,17,6,0,29,2,0,2,31
04/12/2020,BTV,VT,ANE,EN,Combined TRACON& Tower with Radar,6,11,4,0,21,0,0,15,0,15,6,11,19,0,36,4,0,4,40
04/13/2020,BTV,VT,ANE,EN,Combined TRACON& Tower with Radar,9,13,0,0,22,0,0,3,0,3,9,13,3,0,25,0,0,0,25
04/14/2020,BTV,VT,ANE,EN,Combined TRACON& Tower with Radar,7,14,2,3,26,0,0,2,10,12,7,14,4,13,38,0,0,0,38
04/15/2020,BTV,VT,ANE,EN,Combined TRACON& Tower with Radar,8,14,0,8,30,0,0,15,2,17,8,14,15,10,47,0,0,0,47
04/16/2020,BTV,VT,ANE,EN,Combined TRACON& Tower with Radar,7,15,4,4,30,0,0,4,4,8,7,15,8,8,38,0,0,0,38
04/17/2020,BTV,VT,ANE,EN,Combined TRACON& Tower with Radar,9,11,4,6,30,0,0,20,2,22,9,11,24,8,52,0,0,0,52
04/18/2020,BTV,VT,ANE,EN,Combined TRACON& Tower with Radar,5,13,6,0,24,0,0,25,0,25,5,13,31,0,49,20,0,20,69
04/19/2020,BTV,VT,ANE,EN,Combined TRACON& Tower with Radar,7,9,5,1,22,0,0,10,1,11,7,9,15,2,33,0,0,0,33
04/20/2020,BTV,VT,ANE,EN,Combined TRACON& Tower with Radar,6,10,7,3,26,0,0,16,2,18,6,10,23,5,44,23,0,23,67
04/21/2020,BTV,VT,ANE,EN,Combined TRACON& Tower with Radar,7,15,0,4,26,0,0,2,0,2,7,15,2,4,28,0,0,0,28
04/22/2020,BTV,VT,ANE,EN,Combined TRACON& Tower with Radar,9,17,4,4,34,0,1,2,4,7,9,18,6,8,41,0,0,0,41
04/23/2020,BTV,VT,ANE,EN,Combined TRACON& Tower with Radar,7,13,8,7,35,0,0,22,8,30,7,13,30,15,65,11,2,13,78
04/24/2020,BTV,VT,ANE,EN,Combined TRACON& Tower with Radar,11,14,5,5,35,0,0,11,1,12,11,14,16,6,47,2,0,2,49
04/25/2020,BTV,VT,ANE,EN,Combined TRACON& Tower with Radar,5,12,9,0,26,0,0,51,2,53,5,12,60,2,79,34,0,34,113
04/26/2020,BTV,VT,ANE,EN,Combined TRACON& Tower with Radar,7,10,1,0,18,0,0,9,0,9,7,10,10,0,27,4,0,4,31
04/27/2020,BTV,VT,ANE,EN,Combined TRACON& Tower with Radar,7,9,2,0,18,0,0,6,2,8,7,9,8,2,26,12,0,12,38
04/28/2020,BTV,VT,ANE,EN,Combined TRACON& Tower with Radar,7,8,6,6,27,0,0,18,8,26,7,8,24,14,53,0,0,0,53
04/29/2020,BTV,VT,ANE,EN,Combined TRACON& Tower with Radar,9,11,9,14,43,0,0,28,4,32,9,11,37,18,75,36,6,42,117
04/30/2020,BTV,VT,ANE,EN,Combined TRACON& Tower with Radar,7,14,5,4,30,0,0,2,0,2,7,14,7,4,32,0,0,0,32
05/01/2020,BTV,VT,ANE,EN,Combined TRACON& Tower with Radar,9,11,5,1,26,0,0,5,0,5,9,11,10,1,31,0,0,0,31
05/02/2020,BTV,VT,ANE,EN,Combined TRACON& Tower with Radar,2,11,6,9,28,0,0,23,2,25,2,11,29,11,53,0,0,0,53
05/03/2020,BTV,VT,ANE,EN,Combined TRACON& Tower with Radar,12,6,12,0,30,0,2,4,4,10,12,8,16,4,40,26,0,26,66
05/04/2020,BTV,VT,ANE,EN,Combined TRACON& Tower with Radar,15,7,11,0,33,0,0,8,0,8,15,7,19,0,41,72,0,72,113
05/05/2020,BTV,VT,ANE,EN,Combined TRACON& Tower with Radar,13,6,5,3,27,0,0,10,5,15,13,6,15,8,42,5,0,5,47
05/06/2020,BTV,VT,ANE,EN,Combined TRACON& Tower with Radar,10,8,6,4,28,0,0,36,4,40,10,8,42,8,68,67,0,67,135
05/07/2020,BTV,VT,ANE,EN,Combined TRACON& Tower with Radar,14,9,1,10,34,0,0,25,13,38,14,9,26,23,72,24,6,30,102
05/08/2020,BTV,VT,ANE,EN,Combined TRACON& Tower with Radar,16,11,12,4,43,0,0,22,3,25,16,11,34,7,68,25,0,25,93
05/09/2020,BTV,VT,ANE,EN,Combined TRACON& Tower with Radar,11,3,2,0,16,0,0,1,0,1,11,3,3,0,17,0,0,0,17
05/10/2020,BTV,VT,ANE,EN,Combined TRACON& Tower with Radar,11,6,0,0,17,0,0,2,0,2,11,6,2,0,19,0,0,0,19
05/11/2020,BTV,VT,ANE,EN,Combined TRACON& Tower with Radar,12,11,4,0,27,0,0,8,0,8,12,11,12,0,35,12,0,12,47
05/12/2020,BTV,VT,ANE,EN,Combined TRACON& Tower with Radar,12,9,1,7,29,0,1,19,3,23,12,10,20,10,52,25,16,41,93
05/13/2020,BTV,VT,ANE,EN,Combined TRACON& Tower with Radar,11,15,7,7,40,0,0,30,3,33,11,15,37,10,73,19,0,19,92
05/14/2020,BTV,VT,ANE,EN,Combined TRACON& Tower with Radar,12,14,17,7,50,0,0,37,12,49,12,14,54,19,99,29,2,31,130
05/15/2020,BTV,VT,ANE,EN,Combined TRACON& Tower with Radar,15,10,12,6,43,0,0,8,0,8,15,10,20,6,51,22,0,22,73
05/16/2020,BTV,VT,ANE,EN,Combined TRACON& Tower with Radar,11,5,8,0,24,0,0,28,2,30,11,5,36,2,54,48,0,48,102
05/17/2020,BTV,VT,ANE,EN,Combined TRACON& Tower with Radar,12,7,6,0,25,0,0,30,0,30,12,7,36,0,55,12,0,12,67
05/18/2020,BTV,VT,ANE,EN,Combined TRACON& Tower with Radar,13,12,14,5,44,0,0,33,6,39,13,12,47,11,83,28,13,41,124
05/19/2020,BTV,VT,ANE,EN,Combined TRACON& Tower with Radar,12,14,12,11,49,0,0,69,9,78,12,14,81,20,127,68,8,76,203
05/20/2020,BTV,VT,ANE,EN,Combined TRACON& Tower with Radar,12,10,12,5,39,0,0,88,15,103,12,10,100,20,142,42,0,42,184
05/21/2020,BTV,VT,ANE,EN,Combined TRACON& Tower with Radar,16,17,13,17,63,0,0,48,5,53,16,17,61,22,116,34,22,56,172
05/22/2020,BTV,VT,ANE,EN,Combined TRACON& Tower with Radar,14,15,10,2,41,0,0,77,4,81,14,15,87,6,122,45,0,45,167
05/23/2020,BTV,VT,ANE,EN,Combined TRACON& Tower with Radar,11,13,9,0,33,0,0,35,2,37,11,13,44,2,70,42,0,42,112
05/24/2020,BTV,VT,ANE,EN,Combined TRACON& Tower with Radar,12,7,5,0,24,0,0,36,1,37,12,7,41,1,61,16,0,16,77
05/25/2020,BTV,VT,ANE,EN,Combined TRACON& Tower with Radar,12,11,4,0,27,0,0,18,1,19,12,11,22,1,46,39,0,39,85
05/26/2020,BTV,VT,ANE,EN,Combined TRACON& Tower with Radar,11,8,11,5,35,0,1,75,8,84,11,9,86,13,119,61,7,68,187
05/27/2020,BTV,VT,ANE,EN,Combined TRACON& Tower with Radar,12,18,11,6,47,0,0,67,4,71,12,18,78,10,118,41,0,41,159
05/28/2020,BTV,VT,ANE,EN,Combined TRACON& Tower with Radar,16,19,21,11,67,0,0,47,9,56,16,19,68,20,123,28,28,56,179
05/29/2020,BTV,VT,ANE,EN,Combined TRACON& Tower with Radar,14,14,7,3,38,0,1,14,0,15,14,15,21,3,53,15,0,15,68
05/30/2020,BTV,VT,ANE,EN,Combined TRACON& Tower with Radar,11,13,8,6,38,0,0,24,0,24,11,13,32,6,62,19,0,19,81
05/31/2020,BTV,VT,ANE,EN,Combined TRACON& Tower with Radar,12,15,6,0,33,0,1,16,2,19,12,16,22,2,52,6,0,6,58
06/01/2020,BTV,VT,ANE,EN,Combined TRACON& Tower with Radar,13,16,13,0,42,0,0,47,0,47,13,16,60,0,89,56,1,57,146
06/02/2020,BTV,VT,ANE,EN,Combined TRACON& Tower with Radar,12,6,12,12,42,0,0,52,8,60,12,6,64,20,102,45,14,59,161
06/03/2020,BTV,VT,ANE,EN,Combined TRACON& Tower with Radar,11,12,21,13,57,0,0,10,2,12,11,12,31,15,69,29,0,29,98
06/04/2020,BTV,VT,ANE,EN,Combined TRACON& Tower with Radar,13,16,20,16,65,0,0,102,10,112,13,16,122,26,177,100,6,106,283
06/05/2020,BTV,VT,ANE,EN,Combined TRACON& Tower with Radar,12,14,27,11,64,0,0,77,4,81,12,14,104,15,145,49,26,75,220
06/06/2020,BTV,VT,ANE,EN,Combined TRACON& Tower with Radar,9,17,2,12,40,0,0,7,3,10,9,17,9,15,50,23,0,23,73
06/07/2020,BTV,VT,ANE,EN,Combined TRACON& Tower with Radar,10,14,13,0,37,0,1,38,1,40,10,15,51,1,77,39,0,39,116
06/08/2020,BTV,VT,ANE,EN,Combined TRACON& Tower with Radar,11,20,13,3,47,0,1,78,9,88,11,21,91,12,135,52,18,70,205
06/09/2020,BTV,VT,ANE,EN,Combined TRACON& Tower with Radar,11,18,15,12,56,0,0,60,16,76,11,18,75,28,132,98,7,105,237
06/10/2020,BTV,VT,ANE,EN,Combined TRACON& Tower with Radar,11,24,23,13,71,0,2,50,6,58,11,26,73,19,129,22,22,44,173
06/11/2020,BTV,VT,ANE,EN,Combined TRACON& Tower with Radar,14,19,4,7,44,0,0,21,10,31,14,19,25,17,75,4,5,9,84
06/12/2020,BTV,VT,ANE,EN,Combined TRACON& Tower with Radar,10,24,12,9,55,0,0,57,5,62,10,24,69,14,117,32,0,32,149
06/13/2020,BTV,VT,ANE,EN,Combined TRACON& Tower with Radar,9,17,9,0,35,0,0,42,6,48,9,17,51,6,83,0,0,0,83
06/14/2020,BTV,VT,ANE,EN,Combined TRACON& Tower with Radar,10,16,8,0,34,0,0,39,4,43,10,16,47,4,77,81,0,81,158
06/15/2020,BTV,VT,ANE,EN,Combined TRACON& Tower with Radar,9,17,12,2,40,0,0,140,22,162,9,17,152,24,202,0,0,0,202
06/16/2020,BTV,VT,ANE,EN,Combined TRACON& Tower with Radar,12,12,16,7,47,0,2,83,4,89,12,14,99,11,136,127,6,133,269
06/17/2020,BTV,VT,ANE,EN,Combined TRACON& Tower with Radar,10,18,10,11,49,0,3,105,6,114,10,21,115,17,163,95,2,97,260
06/18/2020,BTV,VT,ANE,EN,Combined TRACON& Tower with Radar,14,29,17,21,81,0,1,106,13,120,14,30,123,34,201,71,11,82,283
06/19/2020,BTV,VT,ANE,EN,Combined TRACON& Tower with Radar,10,26,6,8,50,0,2,88,1,91,10,28,94,9,141,70,4,74,215
06/20/2020,BTV,VT,ANE,EN,Combined TRACON& Tower with Radar,9,9,11,6,35,0,2,47,1,50,9,11,58,7,85,32,8,40,125
06/21/2020,BTV,VT,ANE,EN,Combined TRACON& Tower with Radar,10,20,3,0,33,0,0,55,2,57,10,20,58,2,90,19,0,19,109
06/22/2020,BTV,VT,ANE,EN,Combined TRACON& Tower with Radar,9,19,14,2,44,0,0,88,5,93,9,19,102,7,137,26,18,44,181
06/23/2020,BTV,VT,ANE,EN,Combined TRACON& Tower with Radar,12,14,14,16,56,0,1,52,11,64,12,15,66,27,120,61,8,69,189
06/24/2020,BTV,VT,ANE,EN,Combined TRACON& Tower with Radar,10,17,10,13,50,0,0,47,4,51,10,17,57,17,101,95,0,95,196
06/25/2020,BTV,VT,ANE,EN,Combined TRACON& Tower with Radar,14,18,24,11,67,0,1,90,14,105,14,19,114,25,172,81,25,106,278
06/26/2020,BTV,VT,ANE,EN,Combined TRACON& Tower with Radar,12,19,17,1,49,0,2,80,4,86,12,21,97,5,135,107,0,107,242
06/27/2020,BTV,VT,ANE,EN,Combined TRACON& Tower with Radar,9,19,18,0,46,0,0,38,1,39,9,19,56,1,85,26,0,26,111
06/28/2020,BTV,VT,ANE,EN,Combined TRACON& Tower with Radar,10,25,11,0,46,0,0,15,0,15,10,25,26,0,61,33,0,33,94
06/29/2020,BTV,VT,ANE,EN,Combined TRACON& Tower with Radar,11,20,30,0,61,0,0,5,0,5,11,20,35,0,66,21,0,21,87
06/30/2020,BTV,VT,ANE,EN,Combined TRACON& Tower with Radar,12,17,18,7,54,0,0,21,0,21,12,17,39,7,75,40,0,40,115
07/01/2020,BTV,VT,ANE,EN,Combined TRACON& Tower with Radar,10,18,31,7,66,0,0,15,0,15,10,18,46,7,81,60,0,60,141
07/02/2020,BTV,VT,ANE,EN,Combined TRACON& Tower with Radar,12,24,32,14,82,0,3,122,1,126,12,27,154,15,208,94,3,97,305
07/03/2020,BTV,VT,ANE,EN,Combined TRACON& Tower with Radar,13,22,24,0,59,0,2,55,1,58,13,24,79,1,117,50,0,50,167
07/04/2020,BTV,VT,ANE,EN,Combined TRACON& Tower with Radar,10,11,6,0,27,0,1,47,2,50,10,12,53,2,77,29,0,29,106
07/05/2020,BTV,VT,ANE,EN,Combined TRACON& Tower with Radar,8,18,14,0,40,0,0,55,2,57,8,18,69,2,97,41,0,41,138
07/06/2020,BTV,VT,ANE,EN,Combined TRACON& Tower with Radar,16,15,19,8,58,0,0,94,5,99,16,15,113,13,157,69,17,86,243
07/07/2020,BTV,VT,ANE,EN,Combined TRACON& Tower with Radar,16,13,16,3,48,0,0,72,5,77,16,13,88,8,125,38,0,38,163
07/08/2020,BTV,VT,ANE,EN,Combined TRACON& Tower with Radar,18,23,19,4,64,0,0,39,0,39,18,23,58,4,103,52,0,52,155
07/09/2020,BTV,VT,ANE,EN,Combined TRACON& Tower with Radar,22,25,21,4,72,0,0,105,11,116,22,25,126,15,188,107,0,107,295
07/10/2020,BTV,VT,ANE,EN,Combined TRACON& Tower with Radar,20,23,18,6,67,0,0,75,2,77,20,23,93,8,144,76,6,82,226
07/11/2020,BTV,VT,ANE,EN,Combined TRACON& Tower with Radar,21,17,5,0,43,0,0,2,0,2,21,17,7,0,45,2,0,2,47
07/12/2020,BTV,VT,ANE,EN,Combined TRACON& Tower with Radar,18,22,24,0,64,0,0,23,1,24,18,22,47,1,88,30,0,30,118
07/13/2020,BTV,VT,ANE,EN,Combined TRACON& Tower with Radar,24,30,13,0,67,0,0,46,4,50,24,30,59,4,117,119,0,119,236
07/14/2020,BTV,VT,ANE,EN,Combined TRACON& Tower with Radar,19,23,10,7,59,0,0,40,7,47,19,23,50,14,106,81,0,81,187
07/15/2020,BTV,VT,ANE,EN,Combined TRACON& Tower with Radar,18,18,38,11,85,0,0,106,4,110,18,18,144,15,195,91,20,111,306
07/16/2020,BTV,VT,ANE,EN,Combined TRACON& Tower with Radar,22,30,15,4,71,0,0,62,3,65,22,30,77,7,136,48,0,48,184
07/17/2020,BTV,VT,ANE,EN,Combined TRACON& Tower with Radar,20,23,15,10,68,0,1,35,3,39,20,24,50,13,107,39,12,51,158
07/18/2020,BTV,VT,ANE,EN,Combined TRACON& Tower with Radar,21,20,30,4,75,0,2,81,3,86,21,22,111,7,161,21,0,21,182
07/19/2020,BTV,VT,ANE,EN,Combined TRACON& Tower with Radar,16,20,14,4,54,0,1,32,10,43,16,21,46,14,97,18,0,18,115
07/20/2020,BTV,VT,ANE,EN,Combined TRACON& Tower with Radar,23,29,20,6,78,0,0,81,9,90,23,29,101,15,168,73,1,74,242
07/21/2020,BTV,VT,ANE,EN,Combined TRACON& Tower with Radar,16,15,22,6,59,0,0,92,17,109,16,15,114,23,168,99,10,109,277
07/22/2020,BTV,VT,ANE,EN,Combined TRACON& Tower with Radar,18,21,15,7,61,0,0,88,6,94,18,21,103,13,155,103,0,103,258
07/23/2020,BTV,VT,ANE,EN,Combined TRACON& Tower with Radar,22,23,16,5,66,0,1,32,2,35,22,24,48,7,101,66,0,66,167
07/24/2020,BTV,VT,ANE,EN,Combined TRACON& Tower with Radar,20,24,21,12,77,0,0,96,9,105,20,24,117,21,182,91,6,97,279
07/25/2020,BTV,VT,ANE,EN,Combined TRACON& Tower with Radar,21,15,15,0,51,0,1,55,4,60,21,16,70,4,111,45,0,45,156
07/26/2020,BTV,VT,ANE,EN,Combined TRACON& Tower with Radar,18,20,12,1,51,0,0,39,9,48,18,20,51,10,99,2,3,5,104
07/27/2020,BTV,VT,ANE,EN,Combined TRACON& Tower with Radar,21,21,22,0,64,0,0,60,4,64,21,21,82,4,128,69,0,69,197
07/28/2020,BTV,VT,ANE,EN,Combined TRACON& Tower with Radar,18,20,23,9,70,0,2,78,7,87,18,22,101,16,157,73,0,73,230
07/29/2020,BTV,VT,ANE,EN,Combined TRACON& Tower with Radar,18,21,15,10,64,0,0,102,10,112,18,21,117,20,176,88,2,90,266
07/30/2020,BTV,VT,ANE,EN,Combined TRACON& Tower with Radar,18,35,23,18,94,0,0,80,5,85,18,35,103,23,179,111,10,121,300
07/31/2020,BTV,VT,ANE,EN,Combined TRACON& Tower with Radar,19,20,36,6,81,0,1,122,4,127,19,21,158,10,208,78,0,78,286
08/01/2020,BTV,VT,ANE,EN,Combined TRACON& Tower with Radar,19,16,9,0,44,0,1,98,9,108,19,17,107,9,152,0,0,0,152
08/02/2020,BTV,VT,ANE,EN,Combined TRACON& Tower with Radar,15,18,10,1,44,0,0,30,1,31,15,18,40,2,75,0,0,0,75
08/03/2020,BTV,VT,ANE,EN,Combined TRACON& Tower with Radar,18,25,18,5,66,0,0,85,11,96,18,25,103,16,162,0,0,0,162
08/04/2020,BTV,VT,ANE,EN,Combined TRACON& Tower with Radar,14,19,10,1,44,0,0,6,0,6,14,19,16,1,50,0,0,0,50
08/05/2020,BTV,VT,ANE,EN,Combined TRACON& Tower with Radar,11,21,13,11,56,0,0,121,17,138,11,21,134,28,194,0,0,0,194
08/06/2020,BTV,VT,ANE,EN,Combined TRACON& Tower with Radar,20,23,23,19,85,0,2,150,15,167,20,25,173,34,252,145,40,185,437
08/07/2020,BTV,VT,ANE,EN,Combined TRACON& Tower with Radar,18,23,22,8,71,0,0,116,5,121,18,23,138,13,192,134,4,138,330
08/08/2020,BTV,VT,ANE,EN,Combined TRACON& Tower with Radar,17,25,20,17,79,0,0,59,7,66,17,25,79,24,145,27,4,31,176
08/09/2020,BTV,VT,ANE,EN,Combined TRACON& Tower with Radar,16,17,23,2,58,0,1,53,1,55,16,18,76,3,113,13,9,22,135
08/10/2020,BTV,VT,ANE,EN,Combined TRACON& Tower with Radar,19,21,10,2,52,0,0,69,3,72,19,21,79,5,124,53,6,59,183
08/11/2020,BTV,VT,ANE,EN,Combined TRACON& Tower with Radar,17,11,26,3,57,0,0,82,9,91,17,11,108,12,148,45,2,47,195
08/12/2020,BTV,VT,ANE,EN,Combined TRACON& Tower with Radar,16,15,38,6,75,0,0,106,6,112,16,15,144,12,187,117,10,127,314
08/13/2020,BTV,VT,ANE,EN,Combined TRACON& Tower with Radar,21,25,27,5,78,0,1,109,13,123,21,26,136,18,201,107,0,107,308
08/14/2020,BTV,VT,ANE,EN,Combined TRACON& Tower with Radar,18,27,14,4,63,0,1,98,2,101,18,28,112,6,164,71,0,71,235
08/15/2020,BTV,VT,ANE,EN,Combined TRACON& Tower with Radar,18,21,19,0,58,0,1,61,0,62,18,22,80,0,120,33,0,33,153
08/16/2020,BTV,VT,ANE,EN,Combined TRACON& Tower with Radar,17,21,23,0,61,0,1,57,5,63,17,22,80,5,124,27,0,27,151
08/17/2020,BTV,VT,ANE,EN,Combined TRACON& Tower with Radar,19,18,23,4,64,0,0,67,2,69,19,18,90,6,133,82,0,82,215
08/18/2020,BTV,VT,ANE,EN,Combined TRACON& Tower with Radar,16,15,23,2,56,0,0,63,14,77,16,15,86,16,133,67,0,67,200
08/19/2020,BTV,VT,ANE,EN,Combined TRACON& Tower with Radar,14,18,20,0,52,0,2,122,1,125,14,20,142,1,177,147,0,147,324
08/20/2020,BTV,VT,ANE,EN,Combined TRACON& Tower with Radar,20,25,28,2,75,0,1,111,10,122,20,26,139,12,197,90,0,90,287
08/21/2020,BTV,VT,ANE,EN,Combined TRACON& Tower with Radar,18,18,22,7,65,0,0,53,0,53,18,18,75,7,118,83,0,83,201
08/22/2020,BTV,VT,ANE,EN,Combined TRACON& Tower with Radar,17,26,22,6,71,0,0,28,2,30,17,26,50,8,101,34,0,34,135
08/23/2020,BTV,VT,ANE,EN,Combined TRACON& Tower with Radar,16,19,4,1,40,0,2,13,4,19,16,21,17,5,59,11,0,11,70
08/24/2020,BTV,VT,ANE,EN,Combined TRACON& Tower with Radar,19,20,20,0,59,0,0,41,0,41,19,20,61,0,100,55,0,55,155
08/25/2020,BTV,VT,ANE,EN,Combined TRACON& Tower with Radar,16,21,25,0,62,0,0,51,4,55,16,21,76,4,117,34,1,35,152
08/26/2020,BTV,VT,ANE,EN,Combined TRACON& Tower with Radar,14,20,22,16,72,0,0,280,9,289,14,20,302,25,361,0,0,0,361
08/27/2020,BTV,VT,ANE,EN,Combined TRACON& Tower with Radar,20,19,38,35,112,0,0,186,24,210,20,19,224,59,322,0,0,0,322
08/28/2020,BTV,VT,ANE,EN,Combined TRACON& Tower with Radar,16,18,25,10,69,0,0,199,6,205,16,18,224,16,274,0,0,0,274
08/29/2020,BTV,VT,ANE,EN,Combined TRACON& Tower with Radar,17,13,9,0,39,0,0,2,0,2,17,13,11,0,41,0,0,0,41
08/30/2020,BTV,VT,ANE,EN,Combined TRACON& Tower with Radar,16,28,13,0,57,0,1,46,2,49,16,29,59,2,106,0,0,0,106
08/31/2020,BTV,VT,ANE,EN,Combined TRACON& Tower with Radar,18,20,30,0,68,1,1,131,3,136,19,21,161,3,204,84,0,84,288
09/01/2020,BTV,VT,ANE,EN,Combined TRACON& Tower with Radar,16,10,27,5,58,0,0,77,7,84,16,10,104,12,142,59,8,67,209
09/02/2020,BTV,VT,ANE,EN,Combined TRACON& Tower with Radar,15,8,12,16,51,0,0,35,1,36,15,8,47,17,87,20,2,22,109
09/03/2020,BTV,VT,ANE,EN,Combined TRACON& Tower with Radar,20,24,28,17,89,0,2,154,3,159,20,26,182,20,248,122,4,126,374
09/04/2020,BTV,VT,ANE,EN,Combined TRACON& Tower with Radar,18,22,33,0,73,0,0,111,2,113,18,22,144,2,186,77,0,77,263
09/05/2020,BTV,VT,ANE,EN,Combined TRACON& Tower with Radar,12,16,14,0,42,0,0,69,3,72,12,16,83,3,114,30,0,30,144
09/06/2020,BTV,VT,ANE,EN,Combined TRACON& Tower with Radar,14,20,8,2,44,0,0,69,2,71,14,20,77,4,115,26,0,26,141
09/07/2020,BTV,VT,ANE,EN,Combined TRACON& Tower with Radar,16,22,17,0,55,0,0,12,2,14,16,22,29,2,69,17,0,17,86
09/08/2020,BTV,VT,ANE,EN,Combined TRACON& Tower with Radar,13,16,23,11,63,0,0,91,5,96,13,16,114,16,159,80,2,82,241
09/09/2020,BTV,VT,ANE,EN,Combined TRACON& Tower with Radar,16,9,22,14,61,0,0,109,3,112,16,9,131,17,173,145,2,147,320
09/10/2020,BTV,VT,ANE,EN,Combined TRACON& Tower with Radar,20,20,21,16,77,0,0,50,4,54,20,20,71,20,131,33,2,35,166
09/11/2020,BTV,VT,ANE,EN,Combined TRACON& Tower with Radar,20,18,32,7,77,0,0,80,4,84,20,18,112,11,161,122,2,124,285
09/12/2020,BTV,VT,ANE,EN,Combined TRACON& Tower with Radar,13,18,21,13,65,0,1,83,7,91,13,19,104,20,156,52,0,52,208
09/13/2020,BTV,VT,ANE,EN,Combined TRACON& Tower with Radar,18,16,15,0,49,0,0,3,0,3,18,16,18,0,52,0,0,0,52
09/14/2020,BTV,VT,ANE,EN,Combined TRACON& Tower with Radar,19,17,19,16,71,0,0,69,6,75,19,17,88,22,146,19,38,57,203
09/15/2020,BTV,VT,ANE,EN,Combined TRACON& Tower with Radar,16,12,14,9,51,0,0,110,4,114,16,12,124,13,165,89,5,94,259
09/16/2020,BTV,VT,ANE,EN,Combined TRACON& Tower with Radar,16,26,10,14,66,0,1,31,6,38,16,27,41,20,104,0,10,10,114
09/17/2020,BTV,VT,ANE,EN,Combined TRACON& Tower with Radar,21,18,20,14,73,0,0,104,9,113,21,18,124,23,186,92,0,92,278
09/18/2020,BTV,VT,ANE,EN,Combined TRACON& Tower with Radar,21,19,41,7,88,0,0,112,6,118,21,19,153,13,206,62,9,71,277
09/19/2020,BTV,VT,ANE,EN,Combined TRACON& Tower with Radar,13,11,16,0,40,0,0,89,8,97,13,11,105,8,137,58,0,58,195
09/20/2020,BTV,VT,ANE,EN,Combined TRACON& Tower with Radar,18,15,11,1,45,0,0,86,2,88,18,15,97,3,133,0,0,0,133
09/21/2020,BTV,VT,ANE,EN,Combined TRACON& Tower with Radar,19,21,26,0,66,0,0,107,4,111,19,21,133,4,177,82,0,82,259
09/22/2020,BTV,VT,ANE,EN,Combined TRACON& Tower with Radar,16,14,29,10,69,0,6,111,17,134,16,20,140,27,203,86,14,100,303
09/23/2020,BTV,VT,ANE,EN,Combined TRACON& Tower with Radar,17,16,34,11,78,0,3,179,6,188,17,19,213,17,266,0,0,0,266
09/24/2020,BTV,VT,ANE,EN,Combined TRACON& Tower with Radar,20,14,31,12,77,0,1,103,13,117,20,15,134,25,194,67,6,73,267
09/25/2020,BTV,VT,ANE,EN,Combined TRACON& Tower with Radar,22,22,34,11,89,0,0,95,3,98,22,22,129,14,187,49,2,51,238
09/26/2020,BTV,VT,ANE,EN,Combined TRACON& Tower with Radar,14,17,31,0,62,0,0,60,2,62,14,17,91,2,124,15,0,15,139
09/27/2020,BTV,VT,ANE,EN,Combined TRACON& Tower with Radar,18,16,35,2,71,0,0,18,3,21,18,16,53,5,92,13,0,13,105
09/28/2020,BTV,VT,ANE,EN,Combined TRACON& Tower with Radar,19,19,45,12,95,0,0,41,7,48,19,19,86,19,143,16,14,30,173
09/29/2020,BTV,VT,ANE,EN,Combined TRACON& Tower with Radar,16,15,15,4,50,0,0,17,2,19,16,15,32,6,69,22,0,22,91
09/30/2020,BTV,VT,ANE,EN,Combined TRACON& Tower with Radar,17,18,22,5,62,0,1,25,6,32,17,19,47,11,94,47,28,75,169
10/01/2020,BTV,VT,ANE,EN,Combined TRACON& Tower with Radar,20,23,27,0,70,0,0,120,10,130,20,23,147,10,200,121,0,121,321
10/02/2020,BTV,VT,ANE,EN,Combined TRACON& Tower with Radar,17,34,36,8,95,0,0,27,0,27,17,34,63,8,122,6,0,6,128
10/03/2020,BTV,VT,ANE,EN,Combined TRACON& Tower with Radar,12,16,20,0,48,0,0,33,2,35,12,16,53,2,83,2,0,2,85
10/04/2020,BTV,VT,ANE,EN,Combined TRACON& Tower with Radar,14,25,12,7,58,0,0,101,3,104,14,25,113,10,162,44,0,44,206
10/05/2020,BTV,VT,ANE,EN,Combined TRACON& Tower with Radar,15,21,28,8,72,0,0,109,5,114,15,21,137,13,186,54,10,64,250
10/06/2020,BTV,VT,ANE,EN,Combined TRACON& Tower with Radar,14,25,22,9,70,0,0,68,16,84,14,25,90,25,154,29,0,29,183
10/07/2020,BTV,VT,ANE,EN,Combined TRACON& Tower with Radar,15,13,15,4,47,0,0,24,4,28,15,13,39,8,75,2,1,3,78
10/08/2020,BTV,VT,ANE,EN,Combined TRACON& Tower with Radar,16,23,15,9,63,0,1,57,8,66,16,24,72,17,129,6,26,32,161
10/09/2020,BTV,VT,ANE,EN,Combined TRACON& Tower with Radar,16,29,41,0,86,0,2,160,4,166,16,31,201,4,252,93,0,93,345
10/10/2020,BTV,VT,ANE,EN,Combined TRACON& Tower with Radar,9,24,6,1,40,0,0,10,1,11,9,24,16,2,51,0,0,0,51
10/11/2020,BTV,VT,ANE,EN,Combined TRACON& Tower with Radar,14,22,22,1,59,0,0,134,1,135,14,22,156,2,194,0,0,0,194
10/12/2020,BTV,VT,ANE,EN,Combined TRACON& Tower with Radar,15,25,33,0,73,0,1,92,0,93,15,26,125,0,166,0,0,0,166
10/13/2020,BTV,VT,ANE,EN,Combined TRACON& Tower with Radar,12,13,27,4,56,0,0,8,0,8,12,13,35,4,64,9,0,9,73
10/14/2020,BTV,VT,ANE,EN,Combined TRACON& Tower with Radar,16,18,25,7,66,0,1,77,9,87,16,19,102,16,153,79,3,82,235
10/15/2020,BTV,VT,ANE,EN,Combined TRACON& Tower with Radar,15,26,19,12,72,1,1,24,13,39,16,27,43,25,111,25,4,29,140
10/16/2020,BTV,VT,ANE,EN,Combined TRACON& Tower with Radar,16,21,38,7,82,0,0,5,0,5,16,21,43,7,87,13,0,13,100
10/17/2020,BTV,VT,ANE,EN,Combined TRACON& Tower with Radar,11,25,24,3,63,0,0,64,12,76,11,25,88,15,139,13,4,17,156
10/18/2020,BTV,VT,ANE,EN,Combined TRACON& Tower with Radar,14,25,21,2,62,0,0,27,7,34,14,25,48,9,96,24,0,24,120
10/19/2020,BTV,VT,ANE,EN,Combined TRACON& Tower with Radar,15,23,18,2,58,0,0,26,2,28,15,23,44,4,86,35,0,35,121
10/20/2020,BTV,VT,ANE,EN,Combined TRACON& Tower with Radar,14,13,13,11,51,0,0,5,0,5,14,13,18,11,56,3,4,7,63
10/21/2020,BTV,VT,ANE,EN,Combined TRACON& Tower with Radar,14,13,13,11,51,0,0,17,2,19,14,13,30,13,70,38,0,38,108
10/22/2020,BTV,VT,ANE,EN,Combined TRACON& Tower with Radar,16,27,26,24,93,0,1,103,23,127,16,28,129,47,220,113,18,131,351
10/23/2020,BTV,VT,ANE,EN,Combined TRACON& Tower with Radar,16,16,21,6,59,0,2,24,5,31,16,18,45,11,90,0,0,0,90
10/24/2020,BTV,VT,ANE,EN,Combined TRACON& Tower with Radar,9,18,11,0,38,0,0,8,2,10,9,18,19,2,48,72,0,72,120
10/25/2020,BTV,VT,ANE,EN,Combined TRACON& Tower with Radar,14,22,23,0,59,0,1,75,2,78,14,23,98,2,137,75,0,75,212
10/26/2020,BTV,VT,ANE,EN,Combined TRACON& Tower with Radar,15,21,8,0,44,0,0,2,0,2,15,21,10,0,46,0,0,0,46
10/27/2020,BTV,VT,ANE,EN,Combined TRACON& Tower with Radar,13,18,15,15,61,0,0,23,7,30,13,18,38,22,91,43,0,43,134
10/28/2020,BTV,VT,ANE,EN,Combined TRACON& Tower with Radar,15,21,29,28,93,0,0,15,0,15,15,21,44,28,108,28,24,52,160
10/29/2020,BTV,VT,ANE,EN,Combined TRACON& Tower with Radar,16,24,27,6,73,0,0,35,2,37,16,24,62,8,110,133,0,133,243
10/30/2020,BTV,VT,ANE,EN,Combined TRACON& Tower with Radar,14,23,38,10,85,0,0,82,6,88,14,23,120,16,173,122,0,122,295
10/31/2020,BTV,VT,ANE,EN,Combined TRACON& Tower with Radar,7,22,25,0,54,0,0,87,3,90,7,22,112,3,144,94,0,94,238
11/01/2020,BTV,VT,ANE,EN,Combined TRACON& Tower with Radar,12,16,10,0,38,0,0,1,0,1,12,16,11,0,39,0,0,0,39
11/02/2020,BTV,VT,ANE,EN,Combined TRACON& Tower with Radar,13,16,8,0,37,0,0,8,0,8,13,16,16,0,45,0,0,0,45
11/03/2020,BTV,VT,ANE,EN,Combined TRACON& Tower with Radar,10,23,15,5,53,0,0,32,11,43,10,23,47,16,96,84,0,84,180
11/04/2020,BTV,VT,ANE,EN,Combined TRACON& Tower with Radar,10,17,16,3,46,0,0,43,11,54,10,17,59,14,100,10,0,10,110
11/05/2020,BTV,VT,ANE,EN,Combined TRACON& Tower with Radar,18,18,8,4,48,0,0,65,14,79,18,18,73,18,127,26,6,32,159
11/06/2020,BTV,VT,ANE,EN,Combined TRACON& Tower with Radar,16,16,23,0,55,0,0,147,5,152,16,16,170,5,207,0,0,0,207
11/07/2020,BTV,VT,ANE,EN,Combined TRACON& Tower with Radar,13,15,25,3,56,0,3,71,10,84,13,18,96,13,140,53,11,64,204
11/08/2020,BTV,VT,ANE,EN,Combined TRACON& Tower with Radar,16,18,21,3,58,0,1,91,5,97,16,19,112,8,155,65,4,69,224
11/09/2020,BTV,VT,ANE,EN,Combined TRACON& Tower with Radar,15,20,27,0,62,0,0,98,2,100,15,20,125,2,162,86,0,86,248
11/10/2020,BTV,VT,ANE,EN,Combined TRACON& Tower with Radar,16,16,29,16,77,0,0,86,11,97,16,16,115,27,174,66,22,88,262
11/11/2020,BTV,VT,ANE,EN,Combined TRACON& Tower with Radar,10,12,14,0,36,0,0,22,0,22,10,12,36,0,58,17,0,17,75
11/12/2020,BTV,VT,ANE,EN,Combined TRACON& Tower with Radar,17,23,26,11,77,0,0,89,12,101,17,23,115,23,178,106,4,110,288
11/13/2020,BTV,VT,ANE,EN,Combined TRACON& Tower with Radar,19,29,13,6,67,0,0,53,1,54,19,29,66,7,121,61,0,61,182
11/14/2020,BTV,VT,ANE,EN,Combined TRACON& Tower with Radar,13,23,22,1,59,0,0,49,3,52,13,23,71,4,111,84,0,84,195
11/15/2020,BTV,VT,ANE,EN,Combined TRACON& Tower with Radar,16,19,2,0,37,0,0,5,0,5,16,19,7,0,42,12,0,12,54
11/16/2020,BTV,VT,ANE,EN,Combined TRACON& Tower with Radar,15,20,11,2,48,0,0,6,0,6,15,20,17,2,54,0,0,0,54
11/17/2020,BTV,VT,ANE,EN,Combined TRACON& Tower with Radar,16,15,11,11,53,0,0,51,8,59,16,15,62,19,112,113,2,115,227
11/18/2020,BTV,VT,ANE,EN,Combined TRACON& Tower with Radar,10,21,10,10,51,0,1,48,6,55,10,22,58,16,106,58,0,58,164
11/19/2020,BTV,VT,ANE,EN,Combined TRACON& Tower with Radar,20,18,8,8,54,0,0,22,13,35,20,18,30,21,89,8,0,8,97
11/20/2020,BTV,VT,ANE,EN,Combined TRACON& Tower with Radar,18,24,24,7,73,0,0,43,1,44,18,24,67,8,117,0,0,0,117
11/21/2020,BTV,VT,ANE,EN,Combined TRACON& Tower with Radar,15,24,21,0,60,0,0,63,0,63,15,24,84,0,123,63,0,63,186
11/22/2020,BTV,VT,ANE,EN,Combined TRACON& Tower with Radar,16,22,10,0,48,0,0,68,0,68,16,22,78,0,116,56,0,56,172
11/23/2020,BTV,VT,ANE,EN,Combined TRACON& Tower with Radar,9,17,19,0,45,0,0,15,1,16,9,17,34,1,61,47,2,49,110
11/24/2020,BTV,VT,ANE,EN,Combined TRACON& Tower with Radar,18,21,20,9,68,0,0,65,8,73,18,21,85,17,141,90,0,90,231
11/25/2020,BTV,VT,ANE,EN,Combined TRACON& Tower with Radar,16,18,12,8,54,0,0,15,0,15,16,18,27,8,69,23,0,23,92
11/26/2020,BTV,VT,ANE,EN,Combined TRACON& Tower with Radar,4,11,10,0,25,0,0,0,0,0,4,11,10,0,25,6,0,6,31
11/27/2020,BTV,VT,ANE,EN,Combined TRACON& Tower with Radar,10,15,9,0,34,0,0,11,0,11,10,15,20,0,45,59,0,59,104
11/28/2020,BTV,VT,ANE,EN,Combined TRACON& Tower with Radar,15,23,5,0,43,0,0,8,2,10,15,23,13,2,53,16,0,16,69
11/29/2020,BTV,VT,ANE,EN,Combined TRACON& Tower with Radar,16,24,19,0,59,0,1,88,2,91,16,25,107,2,150,38,0,38,188
11/30/2020,BTV,VT,ANE,EN,Combined TRACON& Tower with Radar,18,26,9,0,53,0,0,25,0,25,18,26,34,0,78,23,0,23,101
12/01/2020,BTV,VT,ANE,EN,Combined TRACON& Tower with Radar,20,22,8,16,66,0,0,29,6,35,20,22,37,22,101,14,0,14,115
12/02/2020,BTV,VT,ANE,EN,Combined TRACON& Tower with Radar,13,19,12,8,52,0,0,15,0,15,13,19,27,8,67,8,11,19,86
12/03/2020,BTV,VT,ANE,EN,Combined TRACON& Tower with Radar,18,23,23,13,77,0,0,51,7,58,18,23,74,20,135,52,15,67,202
12/04/2020,BTV,VT,ANE,EN,Combined TRACON& Tower with Radar,16,24,17,8,65,0,3,44,0,47,16,27,61,8,112,0,0,0,112
12/05/2020,BTV,VT,ANE,EN,Combined TRACON& Tower with Radar,8,16,5,9,38,0,0,2,0,2,8,16,7,9,40,0,0,0,40
12/06/2020,BTV,VT,ANE,EN,Combined TRACON& Tower with Radar,17,17,8,4,46,0,0,5,2,7,17,17,13,6,53,26,0,26,79
12/07/2020,BTV,VT,ANE,EN,Combined TRACON& Tower with Radar,16,15,9,0,40,0,0,10,0,10,16,15,19,0,50,46,0,46,96
12/08/2020,BTV,VT,ANE,EN,Combined TRACON& Tower with Radar,15,20,4,7,46,0,0,5,2,7,15,20,9,9,53,16,0,16,69
12/09/2020,BTV,VT,ANE,EN,Combined TRACON& Tower with Radar,10,20,9,0,39,0,0,0,0,0,10,20,9,0,39,0,0,0,39
12/10/2020,BTV,VT,ANE,EN,Combined TRACON& Tower with Radar,18,19,11,12,60,0,0,48,15,63,18,19,59,27,123,67,0,67,190
12/11/2020,BTV,VT,ANE,EN,Combined TRACON& Tower with Radar,16,19,26,8,69,0,0,65,4,69,16,19,91,12,138,54,0,54,192
12/12/2020,BTV,VT,ANE,EN,Combined TRACON& Tower with Radar,8,17,6,1,32,0,0,18,2,20,8,17,24,3,52,73,0,73,125
12/13/2020,BTV,VT,ANE,EN,Combined TRACON& Tower with Radar,17,18,12,1,48,0,0,23,1,24,17,18,35,2,72,33,0,33,105
12/14/2020,BTV,VT,ANE,EN,Combined TRACON& Tower with Radar,15,16,13,0,44,0,0,66,0,66,15,16,79,0,110,157,0,157,267
12/15/2020,BTV,VT,ANE,EN,Combined TRACON& Tower with Radar,14,22,16,21,73,0,0,69,9,78,14,22,85,30,151,52,16,68,219
12/16/2020,BTV,VT,ANE,EN,Combined TRACON& Tower with Radar,10,17,28,14,69,0,0,86,4,90,10,17,114,18,159,64,0,64,223
12/17/2020,BTV,VT,ANE,EN,Combined TRACON& Tower with Radar,21,19,8,0,48,0,0,13,6,19,21,19,21,6,67,0,0,0,67
12/18/2020,BTV,VT,ANE,EN,Combined TRACON& Tower with Radar,19,30,26,6,81,0,0,63,0,63,19,30,89,6,144,130,0,130,274
12/19/2020,BTV,VT,ANE,EN,Combined TRACON& Tower with Radar,16,27,28,0,71,0,0,51,2,53,16,27,79,2,124,87,0,87,211
12/20/2020,BTV,VT,ANE,EN,Combined TRACON& Tower with Radar,16,20,17,0,53,0,0,14,0,14,16,20,31,0,67,35,0,35,102
12/21/2020,BTV,VT,ANE,EN,Combined TRACON& Tower with Radar,20,17,19,3,59,0,0,44,1,45,20,17,63,4,104,83,0,83,187
12/22/2020,BTV,VT,ANE,EN,Combined TRACON& Tower with Radar,19,13,15,6,53,0,0,18,5,23,19,13,33,11,76,18,1,19,95
12/23/2020,BTV,VT,ANE,EN,Combined TRACON& Tower with Radar,20,21,32,10,83,0,0,71,4,75,20,21,103,14,158,93,4,97,255
12/24/2020,BTV,VT,ANE,EN,Combined TRACON& Tower with Radar,13,13,2,0,28,0,0,13,1,14,13,13,15,1,42,2,0,2,44
12/25/2020,BTV,VT,ANE,EN,Combined TRACON& Tower with Radar,7,12,4,0,23,0,0,0,0,0,7,12,4,0,23,0,0,0,23
12/26/2020,BTV,VT,ANE,EN,Combined TRACON& Tower with Radar,14,27,9,0,50,0,1,2,0,3,14,28,11,0,53,0,0,0,53
12/27/2020,BTV,VT,ANE,EN,Combined TRACON& Tower with Radar,17,11,21,2,51,0,2,32,7,41,17,13,53,9,92,43,0,43,135
12/28/2020,BTV,VT,ANE,EN,Combined TRACON& Tower with Radar,18,23,14,0,55,0,0,9,0,9,18,23,23,0,64,0,0,0,64
12/29/2020,BTV,VT,ANE,EN,Combined TRACON& Tower with Radar,18,25,18,18,79,0,0,56,10,66,18,25,74,28,145,9,23,32,177
12/30/2020,BTV,VT,ANE,EN,Combined TRACON& Tower with Radar,19,17,9,6,51,0,0,38,4,42,19,17,47,10,93,12,2,14,107
12/31/2020,BTV,VT,ANE,EN,Combined TRACON& Tower with Radar,13,12,12,4,41,0,0,30,0,30,13,12,42,4,71,48,0,48,119
01/01/2021,BTV,VT,ANE,EN,Combined TRACON& Tower with Radar,15,15,13,0,43,0,0,47,3,50,15,15,60,3,93,33,0,33,126
01/02/2021,BTV,VT,ANE,EN,Combined TRACON& Tower with Radar,16,19,7,0,42,0,0,0,0,0,16,19,7,0,42,0,0,0,42
01/03/2021,BTV,VT,ANE,EN,Combined TRACON& Tower with Radar,17,16,18,0,51,0,0,24,0,24,17,16,42,0,75,90,0,90,165
01/04/2021,BTV,VT,ANE,EN,Combined TRACON& Tower with Radar,15,11,16,0,42,0,0,8,1,9,15,11,24,1,51,0,0,0,51
01/05/2021,BTV,VT,ANE,EN,Combined TRACON& Tower with Radar,11,14,14,0,39,0,0,2,0,2,11,14,16,0,41,0,0,0,41
01/06/2021,BTV,VT,ANE,EN,Combined TRACON& Tower with Radar,9,11,9,13,42,0,0,17,1,18,9,11,26,14,60,2,0,2,62
01/07/2021,BTV,VT,ANE,EN,Combined TRACON& Tower with Radar,12,23,4,15,54,0,0,24,5,29,12,23,28,20,83,31,8,39,122
01/08/2021,BTV,VT,ANE,EN,Combined TRACON& Tower with Radar,9,17,12,8,46,0,1,48,4,53,9,18,60,12,99,44,0,44,143
01/09/2021,BTV,VT,ANE,EN,Combined TRACON& Tower with Radar,8,18,21,13,60,0,0,79,4,83,8,18,100,17,143,90,6,96,239
01/10/2021,BTV,VT,ANE,EN,Combined TRACON& Tower with Radar,11,19,16,0,46,0,0,61,0,61,11,19,77,0,107,0,0,0,107
01/11/2021,BTV,VT,ANE,EN,Combined TRACON& Tower with Radar,7,20,14,1,42,0,0,132,6,138,7,20,146,7,180,0,0,0,180
01/12/2021,BTV,VT,ANE,EN,Combined TRACON& Tower with Radar,9,10,5,22,46,0,0,41,6,47,9,10,46,28,93,28,20,48,141
01/13/2021,BTV,VT,ANE,EN,Combined TRACON& Tower with Radar,9,13,7,10,39,0,1,51,7,59,9,14,58,17,98,62,2,64,162
01/14/2021,BTV,VT,ANE,EN,Combined TRACON& Tower with Radar,12,23,8,15,58,0,0,28,3,31,12,23,36,18,89,57,51,108,197
01/15/2021,BTV,VT,ANE,EN,Combined TRACON& Tower with Radar,12,25,28,0,65,0,0,39,3,42,12,25,67,3,107,51,0,51,158
01/16/2021,BTV,VT,ANE,EN,Combined TRACON& Tower with Radar,7,18,12,0,37,0,0,0,0,0,7,18,12,0,37,0,0,0,37
01/17/2021,BTV,VT,ANE,EN,Combined TRACON& Tower with Radar,8,14,11,0,33,0,0,6,0,6,8,14,17,0,39,0,0,0,39
01/18/2021,BTV,VT,ANE,EN,Combined TRACON& Tower with Radar,9,27,20,3,59,0,0,57,1,58,9,27,77,4,117,42,0,42,159
01/19/2021,BTV,VT,ANE,EN,Combined TRACON& Tower with Radar,9,12,11,8,40,0,0,69,11,80,9,12,80,19,120,60,15,75,195
01/20/2021,BTV,VT,ANE,EN,Combined TRACON& Tower with Radar,9,20,9,0,38,0,0,13,0,13,9,20,22,0,51,4,0,4,55
01/21/2021,BTV,VT,ANE,EN,Combined TRACON& Tower with Radar,12,22,5,0,39,0,0,6,0,6,12,22,11,0,45,5,0,5,50
01/22/2021,BTV,VT,ANE,EN,Combined TRACON& Tower with Radar,12,21,9,8,50,0,0,42,0,42,12,21,51,8,92,81,10,91,183
01/23/2021,BTV,VT,ANE,EN,Combined TRACON& Tower with Radar,7,23,5,0,35,0,0,10,0,10,7,23,15,0,45,55,0,55,100
01/24/2021,BTV,VT,ANE,EN,Combined TRACON& Tower with Radar,10,18,12,0,40,0,1,34,1,36,10,19,46,1,76,44,0,44,120
01/25/2021,BTV,VT,ANE,EN,Combined TRACON& Tower with Radar,9,19,15,0,43,0,0,76,1,77,9,19,91,1,120,139,0,139,259
01/26/2021,BTV,VT,ANE,EN,Combined TRACON& Tower with Radar,9,18,25,0,52,0,0,71,2,73,9,18,96,2,125,112,0,112,237
01/27/2021,BTV,VT,ANE,EN,Combined TRACON& Tower with Radar,9,20,8,0,37,0,0,10,0,10,9,20,18,0,47,10,0,10,57
01/28/2021,BTV,VT,ANE,EN,Combined TRACON& Tower with Radar,10,21,9,9,49,0,0,62,14,76,10,21,71,23,125,76,12,88,213
01/29/2021,BTV,VT,ANE,EN,Combined TRACON& Tower with Radar,12,23,25,1,61,0,1,34,4,39,12,24,59,5,100,55,0,55,155
01/30/2021,BTV,VT,ANE,EN,Combined TRACON& Tower with Radar,7,18,20,2,47,0,0,16,1,17,7,18,36,3,64,0,0,0,64
01/31/2021,BTV,VT,ANE,EN,Combined TRACON& Tower with Radar,9,20,27,5,61,0,0,52,1,53,9,20,79,6,114,41,0,41,155
02/01/2021,BTV,VT,ANE,EN,Combined TRACON& Tower with Radar,7,16,14,6,43,0,0,69,4,73,7,16,83,10,116,97,12,109,225
02/02/2021,BTV,VT,ANE,EN,Combined TRACON& Tower with Radar,8,10,3,0,21,0,0,0,0,0,8,10,3,0,21,0,0,0,21
02/03/2021,BTV,VT,ANE,EN,Combined TRACON& Tower with Radar,9,14,3,0,26,0,0,0,0,0,9,14,3,0,26,0,0,0,26
02/04/2021,BTV,VT,ANE,EN,Combined TRACON& Tower with Radar,12,29,21,10,72,0,4,97,12,113,12,33,118,22,185,91,4,95,280
02/05/2021,BTV,VT,ANE,EN,Combined TRACON& Tower with Radar,12,19,7,0,38,0,0,12,2,14,12,19,19,2,52,16,0,16,68
02/06/2021,BTV,VT,ANE,EN,Combined TRACON& Tower with Radar,8,18,18,19,63,0,0,34,3,37,8,18,52,22,100,49,2,51,151
02/07/2021,BTV,VT,ANE,EN,Combined TRACON& Tower with Radar,14,14,4,9,41,0,0,18,0,18,14,14,22,9,59,39,0,39,98
02/08/2021,BTV,VT,ANE,EN,Combined TRACON& Tower with Radar,9,20,26,0,55,0,1,93,6,100,9,21,119,6,155,142,0,142,297
02/09/2021,BTV,VT,ANE,EN,Combined TRACON& Tower with Radar,9,11,3,0,23,0,0,4,4,8,9,11,7,4,31,0,19,19,50
02/10/2021,BTV,VT,ANE,EN,Combined TRACON& Tower with Radar,10,16,20,24,70,0,2,83,7,92,10,18,103,31,162,102,0,102,264
02/11/2021,BTV,VT,ANE,EN,Combined TRACON& Tower with Radar,12,32,13,22,79,0,0,65,8,73,12,32,78,30,152,129,2,131,283
02/12/2021,BTV,VT,ANE,EN,Combined TRACON& Tower with Radar,10,19,16,4,49,0,0,68,1,69,10,19,84,5,118,116,4,120,238
02/13/2021,BTV,VT,ANE,EN,Combined TRACON& Tower with Radar,7,23,12,0,42,0,0,62,5,67,7,23,74,5,109,29,0,29,138
02/14/2021,BTV,VT,ANE,EN,Combined TRACON& Tower with Radar,8,20,12,0,40,0,0,7,0,7,8,20,19,0,47,22,0,22,69
02/15/2021,BTV,VT,ANE,EN,Combined TRACON& Tower with Radar,8,30,17,0,55,0,0,23,0,23,8,30,40,0,78,49,0,49,127
02/16/2021,BTV,VT,ANE,EN,Combined TRACON& Tower with Radar,9,16,4,0,29,0,0,0,0,0,9,16,4,0,29,0,0,0,29
02/17/2021,BTV,VT,ANE,EN,Combined TRACON& Tower with Radar,8,18,18,18,62,0,1,119,11,131,8,19,137,29,193,94,4,98,291
02/18/2021,BTV,VT,ANE,EN,Combined TRACON& Tower with Radar,12,11,9,20,52,0,1,103,20,124,12,12,112,40,176,213,0,213,389
02/19/2021,BTV,VT,ANE,EN,Combined TRACON& Tower with Radar,10,22,17,8,57,0,0,81,0,81,10,22,98,8,138,0,0,0,138
02/20/2021,BTV,VT,ANE,EN,Combined TRACON& Tower with Radar,7,23,11,0,41,0,0,16,2,18,7,23,27,2,59,90,0,90,149
02/21/2021,BTV,VT,ANE,EN,Combined TRACON& Tower with Radar,10,32,28,0,70,0,0,108,3,111,10,32,136,3,181,159,0,159,340
02/22/2021,BTV,VT,ANE,EN,Combined TRACON& Tower with Radar,11,24,10,2,47,0,0,22,0,22,11,24,32,2,69,0,0,0,69
02/23/2021,BTV,VT,ANE,EN,Combined TRACON& Tower with Radar,10,24,5,10,49,0,0,177,0,177,10,24,182,10,226,0,0,0,226
02/24/2021,BTV,VT,ANE,EN,Combined TRACON& Tower with Radar,10,17,17,13,57,0,4,56,6,66,10,21,73,19,123,89,0,89,212
02/25/2021,BTV,VT,ANE,EN,Combined TRACON& Tower with Radar,10,17,15,13,55,0,0,51,12,63,10,17,66,25,118,54,4,58,176
02/26/2021,BTV,VT,ANE,EN,Combined TRACON& Tower with Radar,12,24,31,9,76,0,1,137,2,140,12,25,168,11,216,194,0,194,410
02/27/2021,BTV,VT,ANE,EN,Combined TRACON& Tower with Radar,7,16,7,0,30,0,0,0,0,0,7,16,7,0,30,0,0,0,30
02/28/2021,BTV,VT,ANE,EN,Combined TRACON& Tower with Radar,10,21,24,0,55,0,0,91,2,93,10,21,115,2,148,141,0,141,289
03/01/2021,BTV,VT,ANE,EN,Combined TRACON& Tower with Radar,10,19,9,6,44,0,0,13,0,13,10,19,22,6,57,4,8,12,69
03/02/2021,BTV,VT,ANE,EN,Combined TRACON& Tower with Radar,9,28,8,7,52,0,6,66,9,81,9,34,74,16,133,88,10,98,231
03/03/2021,BTV,VT,ANE,EN,Combined TRACON& Tower with Radar,8,19,16,10,53,0,1,26,3,30,8,20,42,13,83,0,0,0,83
03/04/2021,BTV,VT,ANE,EN,Combined TRACON& Tower with Radar,12,34,17,5,68,0,3,84,20,107,12,37,101,25,175,122,0,122,297
03/05/2021,BTV,VT,ANE,EN,Combined TRACON& Tower with Radar,10,34,18,14,76,0,0,78,11,89,10,34,96,25,165,106,25,131,296
03/06/2021,BTV,VT,ANE,EN,Combined TRACON& Tower with Radar,7,27,8,10,52,0,0,49,5,54,7,27,57,15,106,64,0,64,170
03/07/2021,BTV,VT,ANE,EN,Combined TRACON& Tower with Radar,8,27,32,13,80,0,1,92,6,99,8,28,124,19,179,155,28,183,362
03/08/2021,BTV,VT,ANE,EN,Combined TRACON& Tower with Radar,11,27,27,18,83,0,0,89,11,100,11,27,116,29,183,198,60,258,441
03/09/2021,BTV,VT,ANE,EN,Combined TRACON& Tower with Radar,9,23,17,15,64,0,0,89,9,98,9,23,106,24,162,161,4,165,327
03/10/2021,BTV,VT,ANE,EN,Combined TRACON& Tower with Radar,11,22,19,12,64,0,2,76,8,86,11,24,95,20,150,84,0,84,234
03/11/2021,BTV,VT,ANE,EN,Combined TRACON& Tower with Radar,12,30,18,19,79,0,0,49,9,58,12,30,67,28,137,13,4,17,154
03/12/2021,BTV,VT,ANE,EN,Combined TRACON& Tower with Radar,10,30,9,10,59,0,1,62,4,67,10,31,71,14,126,51,2,53,179
03/13/2021,BTV,VT,ANE,EN,Combined TRACON& Tower with Radar,7,23,10,0,40,0,2,69,3,74,7,25,79,3,114,120,0,120,234
03/14/2021,BTV,VT,ANE,EN,Combined TRACON& Tower with Radar,8,33,8,0,49,0,0,4,0,4,8,33,12,0,53,0,0,0,53
03/15/2021,BTV,VT,ANE,EN,Combined TRACON& Tower with Radar,10,27,13,2,52,0,0,45,0,45,10,27,58,2,97,12,0,12,109
03/16/2021,BTV,VT,ANE,EN,Combined TRACON& Tower with Radar,11,22,25,15,73,0,0,82,3,85,11,22,107,18,158,228,6,234,392
03/17/2021,BTV,VT,ANE,EN,Combined TRACON& Tower with Radar,8,27,32,13,80,0,1,99,4,104,8,28,131,17,184,133,0,133,317
03/18/2021,BTV,VT,ANE,EN,Combined TRACON& Tower with Radar,10,26,20,15,71,0,0,20,7,27,10,26,40,22,98,67,4,71,169
03/19/2021,BTV,VT,ANE,EN,Combined TRACON& Tower with Radar,12,30,24,34,100,0,0,57,8,65,12,30,81,42,165,117,40,157,322
03/20/2021,BTV,VT,ANE,EN,Combined TRACON& Tower with Radar,7,21,18,2,48,0,0,90,1,91,7,21,108,3,139,160,0,160,299
03/21/2021,BTV,VT,ANE,EN,Combined TRACON& Tower with Radar,8,24,33,0,65,0,1,98,3,102,8,25,131,3,167,60,0,60,227
03/22/2021,BTV,VT,ANE,EN,Combined TRACON& Tower with Radar,11,26,23,8,68,0,1,93,2,96,11,27,116,10,164,106,6,112,276
03/23/2021,BTV,VT,ANE,EN,Combined TRACON& Tower with Radar,8,21,27,14,70,0,0,107,14,121,8,21,134,28,191,123,9,132,323
03/24/2021,BTV,VT,ANE,EN,Combined TRACON& Tower with Radar,8,19,18,15,60,0,0,71,9,80,8,19,89,24,140,99,12,111,251
03/25/2021,BTV,VT,ANE,EN,Combined TRACON& Tower with Radar,9,28,18,22,77,0,1,55,12,68,9,29,73,34,145,53,42,95,240
03/26/2021,BTV,VT,ANE,EN,Combined TRACON& Tower with Radar,12,36,20,0,68,0,0,2,0,2,12,36,22,0,70,0,0,0,70
03/27/2021,BTV,VT,ANE,EN,Combined TRACON& Tower with Radar,6,23,19,0,48,0,0,71,2,73,6,23,90,2,121,164,0,164,285
03/28/2021,BTV,VT,ANE,EN,Combined TRACON& Tower with Radar,10,27,16,0,53,0,0,0,1,1,10,27,16,1,54,2,0,2,56
03/29/2021,BTV,VT,ANE,EN,Combined TRACON& Tower with Radar,13,25,14,0,52,0,1,21,1,23,13,26,35,1,75,24,0,24,99
03/30/2021,BTV,VT,ANE,EN,Combined TRACON& Tower with Radar,12,29,18,8,67,0,2,74,10,86,12,31,92,18,153,26,2,28,181
03/31/2021,BTV,VT,ANE,EN,Combined TRACON& Tower with Radar,12,25,7,7,51,0,0,45,3,48,12,25,52,10,99,24,0,24,123
04/01/2021,BTV,VT,ANE,EN,Combined TRACON& Tower with Radar,14,28,6,4,52,0,0,2,4,6,14,28,8,8,58,0,0,0,58
04/02/2021,BTV,VT,ANE,EN,Combined TRACON& Tower with Radar,16,27,20,9,72,0,1,73,5,79,16,28,93,14,151,137,0,137,288
04/03/2021,BTV,VT,ANE,EN,Combined TRACON& Tower with Radar,7,21,21,0,49,0,1,200,3,204,7,22,221,3,253,0,0,0,253
04/04/2021,BTV,VT,ANE,EN,Combined TRACON& Tower with Radar,11,30,26,2,69,0,2,88,3,93,11,32,114,5,162,0,0,0,162
04/05/2021,BTV,VT,ANE,EN,Combined TRACON& Tower with Radar,11,28,17,2,58,0,0,56,8,64,11,28,73,10,122,52,0,52,174
04/06/2021,BTV,VT,ANE,EN,Combined TRACON& Tower with Radar,9,16,38,16,79,0,0,104,13,117,9,16,142,29,196,143,21,164,360
04/07/2021,BTV,VT,ANE,EN,Combined TRACON& Tower with Radar,11,21,25,11,68,0,0,117,17,134,11,21,142,28,202,211,14,225,427
04/08/2021,BTV,VT,ANE,EN,Combined TRACON& Tower with Radar,14,28,21,17,80,0,0,138,20,158,14,28,159,37,238,108,8,116,354
04/09/2021,BTV,VT,ANE,EN,Combined TRACON& Tower with Radar,12,27,35,7,81,0,0,102,7,109,12,27,137,14,190,44,4,48,238
04/10/2021,BTV,VT,ANE,EN,Combined TRACON& Tower with Radar,7,25,33,8,73,0,0,86,8,94,7,25,119,16,167,115,6,121,288
04/11/2021,BTV,VT,ANE,EN,Combined TRACON& Tower with Radar,10,24,12,4,50,0,0,30,7,37,10,24,42,11,87,33,0,33,120
04/12/2021,BTV,VT,ANE,EN,Combined TRACON& Tower with Radar,12,24,32,10,78,0,0,70,7,77,12,24,102,17,155,116,35,151,306
04/13/2021,BTV,VT,ANE,EN,Combined TRACON& Tower with Radar,8,20,33,12,73,0,0,92,14,106,8,20,125,26,179,264,3,267,446
04/14/2021,BTV,VT,ANE,EN,Combined TRACON& Tower with Radar,8,23,47,7,85,0,0,109,5,114,8,23,156,12,199,206,2,208,407
04/15/2021,BTV,VT,ANE,EN,Combined TRACON& Tower with Radar,13,31,12,10,66,0,0,6,0,6,13,31,18,10,72,34,0,34,106
04/16/2021,BTV,VT,ANE,EN,Combined TRACON& Tower with Radar,15,35,18,0,68,0,0,0,0,0,15,35,18,0,68,2,0,2,70
04/17/2021,BTV,VT,ANE,EN,Combined TRACON& Tower with Radar,8,24,17,0,49,0,0,10,4,14,8,24,27,4,63,39,0,39,102
04/18/2021,BTV,VT,ANE,EN,Combined TRACON& Tower with Radar,10,27,27,6,70,0,0,47,1,48,10,27,74,7,118,99,6,105,223
04/19/2021,BTV,VT,ANE,EN,Combined TRACON& Tower with Radar,11,23,23,7,64,0,0,80,14,94,11,23,103,21,158,137,4,141,299
04/20/2021,BTV,VT,ANE,EN,Combined TRACON& Tower with Radar,8,24,16,12,60,0,0,65,10,75,8,24,81,22,135,91,4,95,230
04/21/2021,BTV,VT,ANE,EN,Combined TRACON& Tower with Radar,8,21,9,2,40,0,0,2,0,2,8,21,11,2,42,0,0,0,42
04/22/2021,BTV,VT,ANE,EN,Combined TRACON& Tower with Radar,12,39,25,16,92,0,0,19,4,23,12,39,44,20,115,17,3,20,135
04/23/2021,BTV,VT,ANE,EN,Combined TRACON& Tower with Radar,12,26,23,8,69,0,1,54,10,65,12,27,77,18,134,107,0,107,241
04/24/2021,BTV,VT,ANE,EN,Combined TRACON& Tower with Radar,7,24,22,0,53,0,0,85,1,86,7,24,107,1,139,115,0,115,254
04/25/2021,BTV,VT,ANE,EN,Combined TRACON& Tower with Radar,11,30,19,0,60,0,0,10,2,12,11,30,29,2,72,47,0,47,119
04/26/2021,BTV,VT,ANE,EN,Combined TRACON& Tower with Radar,12,24,16,2,54,0,0,65,3,68,12,24,81,5,122,140,2,142,264
04/27/2021,BTV,VT,ANE,EN,Combined TRACON& Tower with Radar,8,26,38,18,90,0,1,133,19,153,8,27,171,37,243,280,18,298,541
04/28/2021,BTV,VT,ANE,EN,Combined TRACON& Tower with Radar,10,28,30,11,79,0,0,55,5,60,10,28,85,16,139,208,0,208,347
04/29/2021,BTV,VT,ANE,EN,Combined TRACON& Tower with Radar,14,31,40,2,87,0,0,3,2,5,14,31,43,4,92,8,0,8,100
04/30/2021,BTV,VT,ANE,EN,Combined TRACON& Tower with Radar,12,44,12,12,80,0,0,3,0,3,12,44,15,12,83,43,0,43,126
05/01/2021,BTV,VT,ANE,EN,Combined TRACON& Tower with Radar,7,29,23,8,67,0,1,69,4,74,7,30,92,12,141,212,0,212,353
05/02/2021,BTV,VT,ANE,EN,Combined TRACON& Tower with Radar,10,30,32,0,72,0,0,51,2,53,10,30,83,2,125,153,0,153,278
05/03/2021,BTV,VT,ANE,EN,Combined TRACON& Tower with Radar,11,27,15,5,58,0,0,57,7,64,11,27,72,12,122,216,4,220,342
05/04/2021,BTV,VT,ANE,EN,Combined TRACON& Tower with Radar,8,32,33,17,90,0,0,29,3,32,8,32,62,20,122,164,10,174,296
05/05/2021,BTV,VT,ANE,EN,Combined TRACON& Tower with Radar,11,23,7,7,48,0,0,0,0,0,11,23,7,7,48,50,0,50,98
05/06/2021,BTV,VT,ANE,EN,Combined TRACON& Tower with Radar,14,41,29,12,96,0,3,81,10,94,14,44,110,22,190,181,4,185,375
05/07/2021,BTV,VT,ANE,EN,Combined TRACON& Tower with Radar,19,35,22,10,86,0,0,118,7,125,19,35,140,17,211,168,0,168,379
05/08/2021,BTV,VT,ANE,EN,Combined TRACON& Tower with Radar,18,29,35,0,82,0,0,45,7,52,18,29,80,7,134,111,0,111,245
05/09/2021,BTV,VT,ANE,EN,Combined TRACON& Tower with Radar,14,26,11,0,51,0,0,59,1,60,14,26,70,1,111,77,0,77,188
05/10/2021,BTV,VT,ANE,EN,Combined TRACON& Tower with Radar,16,27,26,9,78,0,1,73,8,82,16,28,99,17,160,166,23,189,349
05/11/2021,BTV,VT,ANE,EN,Combined TRACON& Tower with Radar,13,30,19,8,70,0,0,69,12,81,13,30,88,20,151,111,6,117,268
05/12/2021,BTV,VT,ANE,EN,Combined TRACON& Tower with Radar,14,37,23,9,83,0,2,67,13,82,14,39,90,22,165,126,2,128,293
05/13/2021,BTV,VT,ANE,EN,Combined TRACON& Tower with Radar,17,31,24,14,86,0,1,151,25,177,17,32,175,39,263,139,4,143,406
05/14/2021,BTV,VT,ANE,EN,Combined TRACON& Tower with Radar,19,39,25,9,92,0,1,109,4,114,19,40,134,13,206,202,0,202,408
05/15/2021,BTV,VT,ANE,EN,Combined TRACON& Tower with Radar,19,33,24,5,81,0,0,95,16,111,19,33,119,21,192,168,12,180,372
05/16/2021,BTV,VT,ANE,EN,Combined TRACON& Tower with Radar,18,35,25,0,78,0,0,169,3,172,18,35,194,3,250,0,0,0,250
05/17/2021,BTV,VT,ANE,EN,Combined TRACON& Tower with Radar,17,36,13,1,67,0,1,86,16,103,17,37,99,17,170,207,5,212,382
05/18/2021,BTV,VT,ANE,EN,Combined TRACON& Tower with Radar,15,26,16,18,75,0,1,93,18,112,15,27,109,36,187,241,8,249,436
05/19/2021,BTV,VT,ANE,EN,Combined TRACON& Tower with Radar,15,31,20,29,95,0,2,92,18,112,15,33,112,47,207,175,18,193,400
05/20/2021,BTV,VT,ANE,EN,Combined TRACON& Tower with Radar,16,34,27,18,95,0,2,138,16,156,16,36,165,34,251,179,18,197,448
05/21/2021,BTV,VT,ANE,EN,Combined TRACON& Tower with Radar,18,39,27,5,89,0,0,71,9,80,18,39,98,14,169,89,0,89,258
05/22/2021,BTV,VT,ANE,EN,Combined TRACON& Tower with Radar,17,28,15,0,60,0,4,38,3,45,17,32,53,3,105,75,11,86,191
05/23/2021,BTV,VT,ANE,EN,Combined TRACON& Tower with Radar,14,30,34,9,87,0,0,12,6,18,14,30,46,15,105,37,0,37,142
05/24/2021,BTV,VT,ANE,EN,Combined TRACON& Tower with Radar,16,34,30,15,95,0,4,124,33,161,16,38,154,48,256,155,3,158,414
05/25/2021,BTV,VT,ANE,EN,Combined TRACON& Tower with Radar,15,37,9,23,84,0,2,54,37,93,15,39,63,60,177,106,12,118,295
05/26/2021,BTV,VT,ANE,EN,Combined TRACON& Tower with Radar,15,34,13,10,72,0,0,48,19,67,15,34,61,29,139,78,0,78,217
05/27/2021,BTV,VT,ANE,EN,Combined TRACON& Tower with Radar,16,38,24,20,98,0,1,98,11,110,16,39,122,31,208,144,63,207,415
05/28/2021,BTV,VT,ANE,EN,Combined TRACON& Tower with Radar,18,50,27,6,101,0,1,97,7,105,18,51,124,13,206,251,0,251,457
05/29/2021,BTV,VT,ANE,EN,Combined TRACON& Tower with Radar,18,41,18,0,77,0,0,149,1,150,18,41,167,1,227,0,0,0,227
05/30/2021,BTV,VT,ANE,EN,Combined TRACON& Tower with Radar,12,26,23,0,61,0,0,32,1,33,12,26,55,1,94,152,0,152,246
05/31/2021,BTV,VT,ANE,EN,Combined TRACON& Tower with Radar,15,35,27,0,77,0,0,22,0,22,15,35,49,0,99,75,0,75,174
06/01/2021,BTV,VT,ANE,EN,Combined TRACON& Tower with Radar,16,33,22,17,88,0,0,113,20,133,16,33,135,37,221,168,54,222,443
06/02/2021,BTV,VT,ANE,EN,Combined TRACON& Tower with Radar,15,27,20,15,77,0,2,112,10,124,15,29,132,25,201,203,20,223,424
06/03/2021,BTV,VT,ANE,EN,Combined TRACON& Tower with Radar,24,28,24,14,90,0,1,45,4,50,24,29,69,18,140,59,0,59,199
06/04/2021,BTV,VT,ANE,EN,Combined TRACON& Tower with Radar,32,35,31,6,104,0,1,101,2,104,32,36,132,8,208,179,0,179,387
06/05/2021,BTV,VT,ANE,EN,Combined TRACON& Tower with Radar,33,26,12,11,82,0,0,54,0,54,33,26,66,11,136,47,0,47,183
06/06/2021,BTV,VT,ANE,EN,Combined TRACON& Tower with Radar,34,24,16,3,77,0,1,83,5,89,34,25,99,8,166,100,0,100,266
06/07/2021,BTV,VT,ANE,EN,Combined TRACON& Tower with Radar,33,20,28,11,92,0,1,89,6,96,33,21,117,17,188,146,28,174,362
06/08/2021,BTV,VT,ANE,EN,Combined TRACON& Tower with Radar,27,31,20,13,91,0,0,68,4,72,27,31,88,17,163,163,20,183,346
06/09/2021,BTV,VT,ANE,EN,Combined TRACON& Tower with Radar,29,27,27,31,114,0,2,114,6,122,29,29,141,37,236,230,6,236,472
06/10/2021,BTV,VT,ANE,EN,Combined TRACON& Tower with Radar,30,25,22,22,99,0,0,139,16,155,30,25,161,38,254,212,22,234,488
06/11/2021,BTV,VT,ANE,EN,Combined TRACON& Tower with Radar,32,36,41,3,112,0,0,108,4,112,32,36,149,7,224,178,0,178,402
06/12/2021,BTV,VT,ANE,EN,Combined TRACON& Tower with Radar,32,21,25,2,80,0,0,85,1,86,32,21,110,3,166,108,0,108,274
06/13/2021,BTV,VT,ANE,EN,Combined TRACON& Tower with Radar,31,19,37,1,88,0,0,84,1,85,31,19,121,2,173,211,0,211,384
06/14/2021,BTV,VT,ANE,EN,Combined TRACON& Tower with Radar,33,22,12,4,71,0,0,166,1,167,33,22,178,5,238,0,0,0,238
06/15/2021,BTV,VT,ANE,EN,Combined TRACON& Tower with Radar,30,29,30,7,96,0,0,65,1,66,30,29,95,8,162,158,0,158,320
06/16/2021,BTV,VT,ANE,EN,Combined TRACON& Tower with Radar,32,22,24,13,91,0,2,163,13,178,32,24,187,26,269,278,12,290,559
06/17/2021,BTV,VT,ANE,EN,Combined TRACON& Tower with Radar,33,42,37,27,139,0,3,177,11,191,33,45,214,38,330,308,10,318,648
06/18/2021,BTV,VT,ANE,EN,Combined TRACON& Tower with Radar,37,32,32,8,109,0,2,129,5,136,37,34,161,13,245,195,9,204,449
06/19/2021,BTV,VT,ANE,EN,Combined TRACON& Tower with Radar,35,25,26,0,86,0,2,61,1,64,35,27,87,1,150,105,0,105,255
06/20/2021,BTV,VT,ANE,EN,Combined TRACON& Tower with Radar,30,27,22,2,81,0,5,86,7,98,30,32,108,9,179,153,0,153,332
06/21/2021,BTV,VT,ANE,EN,Combined TRACON& Tower with Radar,33,27,32,3,95,0,0,32,4,36,33,27,64,7,131,23,0,23,154
06/22/2021,BTV,VT,ANE,EN,Combined TRACON& Tower with Radar,30,29,22,3,84,0,0,88,4,92,30,29,110,7,176,161,9,170,346
06/23/2021,BTV,VT,ANE,EN,Combined TRACON& Tower with Radar,32,36,32,17,117,0,2,153,11,166,32,38,185,28,283,161,14,175,458
06/24/2021,BTV,VT,ANE,EN,Combined TRACON& Tower with Radar,31,25,23,23,102,0,0,99,19,118,31,25,122,42,220,177,0,177,397
06/25/2021,BTV,VT,ANE,EN,Combined TRACON& Tower with Radar,33,28,37,10,108,0,0,121,5,126,33,28,158,15,234,111,2,113,347
06/26/2021,BTV,VT,ANE,EN,Combined TRACON& Tower with Radar,31,26,26,6,89,0,0,23,2,25,31,26,49,8,114,10,4,14,128
06/27/2021,BTV,VT,ANE,EN,Combined TRACON& Tower with Radar,30,24,18,4,76,0,0,21,5,26,30,24,39,9,102,2,0,2,104
06/28/2021,BTV,VT,ANE,EN,Combined TRACON& Tower with Radar,33,28,30,9,100,0,0,72,6,78,33,28,102,15,178,181,6,187,365
06/29/2021,BTV,VT,ANE,EN,Combined TRACON& Tower with Radar,29,32,23,14,98,0,0,118,11,129,29,32,141,25,227,154,19,173,400
06/30/2021,BTV,VT,ANE,EN,Combined TRACON& Tower with Radar,36,27,17,11,91,0,2,78,1,81,36,29,95,12,172,138,0,138,310
07/01/2021,BTV,VT,ANE,EN,Combined TRACON& Tower with Radar,34,26,56,3,119,0,0,116,18,134,34,26,172,21,253,77,2,79,332
07/02/2021,BTV,VT,ANE,EN,Combined TRACON& Tower with Radar,39,36,52,0,127,0,0,1,0,1,39,36,53,0,128,0,0,0,128
07/03/2021,BTV,VT,ANE,EN,Combined TRACON& Tower with Radar,42,21,8,0,71,0,0,0,0,0,42,21,8,0,71,0,0,0,71
07/04/2021,BTV,VT,ANE,EN,Combined TRACON& Tower with Radar,30,16,18,2,66,0,0,29,1,30,30,16,47,3,96,18,4,22,118
07/05/2021,BTV,VT,ANE,EN,Combined TRACON& Tower with Radar,40,27,42,1,110,0,1,112,2,115,40,28,154,3,225,119,0,119,344
07/06/2021,BTV,VT,ANE,EN,Combined TRACON& Tower with Radar,35,27,26,21,109,0,4,69,9,82,35,31,95,30,191,134,28,162,353
07/07/2021,BTV,VT,ANE,EN,Combined TRACON& Tower with Radar,40,20,28,18,106,0,3,131,5,139,40,23,159,23,245,171,3,174,419
07/08/2021,BTV,VT,ANE,EN,Combined TRACON& Tower with Radar,40,23,18,8,89,0,1,56,5,62,40,24,74,13,151,145,0,145,296
07/09/2021,BTV,VT,ANE,EN,Combined TRACON& Tower with Radar,41,18,32,2,93,0,0,36,0,36,41,18,68,2,129,47,0,47,176
07/10/2021,BTV,VT,ANE,EN,Combined TRACON& Tower with Radar,42,23,28,0,93,0,0,106,2,108,42,23,134,2,201,68,0,68,269
07/11/2021,BTV,VT,ANE,EN,Combined TRACON& Tower with Radar,43,26,35,2,106,0,0,90,1,91,43,26,125,3,197,81,2,83,280
07/12/2021,BTV,VT,ANE,EN,Combined TRACON& Tower with Radar,40,18,22,17,97,0,0,114,9,123,40,18,136,26,220,180,32,212,432
07/13/2021,BTV,VT,ANE,EN,Combined TRACON& Tower with Radar,43,13,19,8,83,0,0,49,1,50,43,13,68,9,133,157,25,182,315
07/14/2021,BTV,VT,ANE,EN,Combined TRACON& Tower with Radar,44,23,31,7,105,0,0,61,1,62,44,23,92,8,167,62,10,72,239
07/15/2021,BTV,VT,ANE,EN,Combined TRACON& Tower with Radar,41,26,30,7,104,0,2,124,15,141,41,28,154,22,245,82,16,98,343
07/16/2021,BTV,VT,ANE,EN,Combined TRACON& Tower with Radar,41,33,24,2,100,0,0,124,9,133,41,33,148,11,233,137,0,137,370
07/17/2021,BTV,VT,ANE,EN,Combined TRACON& Tower with Radar,39,24,27,1,91,0,0,41,0,41,39,24,68,1,132,25,0,25,157
07/18/2021,BTV,VT,ANE,EN,Combined TRACON& Tower with Radar,36,21,33,1,91,0,0,2,0,2,36,21,35,1,93,95,0,95,188
07/19/2021,BTV,VT,ANE,EN,Combined TRACON& Tower with Radar,40,19,34,2,95,0,0,65,2,67,40,19,99,4,162,110,0,110,272
07/20/2021,BTV,VT,ANE,EN,Combined TRACON& Tower with Radar,41,20,16,1,78,0,1,31,1,33,41,21,47,2,111,161,0,161,272
07/21/2021,BTV,VT,ANE,EN,Combined TRACON& Tower with Radar,40,27,29,10,106,0,0,39,3,42,40,27,68,13,148,101,6,107,255
07/22/2021,BTV,VT,ANE,EN,Combined TRACON& Tower with Radar,40,23,40,10,113,0,1,139,12,152,40,24,179,22,265,202,29,231,496
07/23/2021,BTV,VT,ANE,EN,Combined TRACON& Tower with Radar,43,29,23,3,98,0,2,141,3,146,43,31,164,6,244,133,0,133,377
07/24/2021,BTV,VT,ANE,EN,Combined TRACON& Tower with Radar,42,31,25,1,99,0,1,85,2,88,42,32,110,3,187,84,0,84,271
07/25/2021,BTV,VT,ANE,EN,Combined TRACON& Tower with Radar,42,27,34,0,103,0,1,15,2,18,42,28,49,2,121,20,0,20,141
07/26/2021,BTV,VT,ANE,EN,Combined TRACON& Tower with Radar,39,24,21,3,87,0,2,44,5,51,39,26,65,8,138,78,1,79,217
07/27/2021,BTV,VT,ANE,EN,Combined TRACON& Tower with Radar,41,20,16,6,83,0,0,56,4,60,41,20,72,10,143,82,2,84,227
07/28/2021,BTV,VT,ANE,EN,Combined TRACON& Tower with Radar,39,30,37,6,112,0,2,105,4,111,39,32,142,10,223,137,0,137,360
07/29/2021,BTV,VT,ANE,EN,Combined TRACON& Tower with Radar,40,23,20,5,88,0,2,53,6,61,40,25,73,11,149,156,8,164,313
07/30/2021,BTV,VT,ANE,EN,Combined TRACON& Tower with Radar,43,18,30,7,98,0,0,35,3,38,43,18,65,10,136,104,3,107,243
07/31/2021,BTV,VT,ANE,EN,Combined TRACON& Tower with Radar,45,21,22,0,88,0,3,79,8,90,45,24,101,8,178,38,4,42,220
08/01/2021,BTV,VT,ANE,EN,Combined TRACON& Tower with Radar,38,24,18,0,80,0,0,5,0,5,38,24,23,0,85,32,0,32,117
08/02/2021,BTV,VT,ANE,EN,Combined TRACON& Tower with Radar,39,25,37,2,103,0,1,85,5,91,39,26,122,7,194,100,0,100,294
08/03/2021,BTV,VT,ANE,EN,Combined TRACON& Tower with Radar,38,19,27,13,97,0,2,113,12,127,38,21,140,25,224,146,9,155,379
08/04/2021,BTV,VT,ANE,EN,Combined TRACON& Tower with Radar,40,19,39,7,105,0,0,109,1,110,40,19,148,8,215,77,2,79,294
08/05/2021,BTV,VT,ANE,EN,Combined TRACON& Tower with Radar,43,34,46,1,124,0,2,143,13,158,43,36,189,14,282,116,6,122,404
08/06/2021,BTV,VT,ANE,EN,Combined TRACON& Tower with Radar,43,22,63,4,132,0,3,129,4,136,43,25,192,8,268,167,0,167,435
08/07/2021,BTV,VT,ANE,EN,Combined TRACON& Tower with Radar,44,32,33,2,111,0,1,89,4,94,44,33,122,6,205,55,1,56,261
08/08/2021,BTV,VT,ANE,EN,Combined TRACON& Tower with Radar,43,21,89,1,154,0,1,41,0,42,43,22,130,1,196,35,0,35,231
08/09/2021,BTV,VT,ANE,EN,Combined TRACON& Tower with Radar,40,24,41,1,106,0,0,61,2,63,40,24,102,3,169,52,0,52,221
08/10/2021,BTV,VT,ANE,EN,Combined TRACON& Tower with Radar,38,27,26,6,97,0,0,90,9,99,38,27,116,15,196,176,5,181,377
08/11/2021,BTV,VT,ANE,EN,Combined TRACON& Tower with Radar,35,28,26,2,91,0,0,75,5,80,35,28,101,7,171,131,4,135,306
08/12/2021,BTV,VT,ANE,EN,Combined TRACON& Tower with Radar,40,26,27,5,98,0,0,78,11,89,40,26,105,16,187,112,2,114,301
08/13/2021,BTV,VT,ANE,EN,Combined TRACON& Tower with Radar,40,21,32,10,103,0,4,100,3,107,40,25,132,13,210,146,18,164,374
08/14/2021,BTV,VT,ANE,EN,Combined TRACON& Tower with Radar,42,29,16,0,87,0,0,47,2,49,42,29,63,2,136,64,0,64,200
08/15/2021,BTV,VT,ANE,EN,Combined TRACON& Tower with Radar,40,26,33,0,99,0,4,76,1,81,40,30,109,1,180,29,0,29,209
08/16/2021,BTV,VT,ANE,EN,Combined TRACON& Tower with Radar,39,29,36,10,114,0,2,104,7,113,39,31,140,17,227,143,11,154,381
08/17/2021,BTV,VT,ANE,EN,Combined TRACON& Tower with Radar,35,24,31,17,107,0,0,36,2,38,35,24,67,19,145,92,10,102,247
08/18/2021,BTV,VT,ANE,EN,Combined TRACON& Tower with Radar,36,36,48,11,131,0,0,30,3,33,36,36,78,14,164,47,0,47,211
08/19/2021,BTV,VT,ANE,EN,Combined TRACON& Tower with Radar,38,36,23,6,103,0,0,4,0,4,38,36,27,6,107,4,0,4,111
08/20/2021,BTV,VT,ANE,EN,Combined TRACON& Tower with Radar,39,26,30,12,107,0,0,126,2,128,39,26,156,14,235,113,0,113,348
08/21/2021,BTV,VT,ANE,EN,Combined TRACON& Tower with Radar,38,27,16,2,83,0,0,61,2,63,38,27,77,4,146,95,0,95,241
08/22/2021,BTV,VT,ANE,EN,Combined TRACON& Tower with Radar,40,25,25,0,90,0,0,64,7,71,40,25,89,7,161,0,0,0,161
08/23/2021,BTV,VT,ANE,EN,Combined TRACON& Tower with Radar,41,22,11,3,77,0,3,184,7,194,41,25,195,10,271,0,0,0,271
08/24/2021,BTV,VT,ANE,EN,Combined TRACON& Tower with Radar,34,30,23,17,104,0,1,98,9,108,34,31,121,26,212,94,0,94,306
08/25/2021,BTV,VT,ANE,EN,Combined TRACON& Tower with Radar,37,24,23,17,101,0,4,92,3,99,37,28,115,20,200,72,12,84,284
08/26/2021,BTV,VT,ANE,EN,Combined TRACON& Tower with Radar,38,30,21,21,110,0,1,128,23,152,38,31,149,44,262,101,17,118,380
08/27/2021,BTV,VT,ANE,EN,Combined TRACON& Tower with Radar,38,28,33,10,109,0,6,143,1,150,38,34,176,11,259,96,0,96,355
08/28/2021,BTV,VT,ANE,EN,Combined TRACON& Tower with Radar,39,24,11,2,76,0,1,68,1,70,39,25,79,3,146,62,0,62,208
08/29/2021,BTV,VT,ANE,EN,Combined TRACON& Tower with Radar,45,28,23,0,96,0,0,16,0,16,45,28,39,0,112,1,0,1,113
08/30/2021,BTV,VT,ANE,EN,Combined TRACON& Tower with Radar,43,22,28,3,96,0,1,59,9,69,43,23,87,12,165,76,0,76,241
08/31/2021,BTV,VT,ANE,EN,Combined TRACON& Tower with Radar,36,26,42,15,119,0,2,111,17,130,36,28,153,32,249,99,32,131,380
09/01/2021,BTV,VT,ANE,EN,Combined TRACON& Tower with Radar,35,27,35,19,116,0,0,103,9,112,35,27,138,28,228,104,8,112,340
09/02/2021,BTV,VT,ANE,EN,Combined TRACON& Tower with Radar,37,37,34,16,124,0,0,94,6,100,37,37,128,22,224,96,8,104,328
09/03/2021,BTV,VT,ANE,EN,Combined TRACON& Tower with Radar,42,22,40,2,106,0,1,77,4,82,42,23,117,6,188,166,0,166,354
09/04/2021,BTV,VT,ANE,EN,Combined TRACON& Tower with Radar,41,22,29,0,92,0,4,108,3,115,41,26,137,3,207,0,0,0,207
09/05/2021,BTV,VT,ANE,EN,Combined TRACON& Tower with Radar,38,22,21,1,82,0,1,16,2,19,38,23,37,3,101,26,0,26,127
09/06/2021,BTV,VT,ANE,EN,Combined TRACON& Tower with Radar,39,32,21,0,92,0,0,55,3,58,39,32,76,3,150,0,0,0,150
09/07/2021,BTV,VT,ANE,EN,Combined TRACON& Tower with Radar,33,24,26,11,94,0,0,110,12,122,33,24,136,23,216,104,8,112,328
09/08/2021,BTV,VT,ANE,EN,Combined TRACON& Tower with Radar,37,22,6,13,78,0,0,29,2,31,37,22,35,15,109,15,4,19,128
09/09/2021,BTV,VT,ANE,EN,Combined TRACON& Tower with Radar,44,24,34,18,120,0,0,112,5,117,44,24,146,23,237,95,14,109,346
09/10/2021,BTV,VT,ANE,EN,Combined TRACON& Tower with Radar,45,25,42,11,123,0,0,54,2,56,45,25,96,13,179,94,0,94,273
09/11/2021,BTV,VT,ANE,EN,Combined TRACON& Tower with Radar,47,19,25,19,110,0,1,77,13,91,47,20,102,32,201,36,6,42,243
09/12/2021,BTV,VT,ANE,EN,Combined TRACON& Tower with Radar,41,27,34,8,110,0,0,21,5,26,41,27,55,13,136,5,0,5,141
09/13/2021,BTV,VT,ANE,EN,Combined TRACON& Tower with Radar,43,19,28,15,105,0,3,101,8,112,43,22,129,23,217,82,24,106,323
09/14/2021,BTV,VT,ANE,EN,Combined TRACON& Tower with Radar,44,26,24,15,109,0,2,126,16,144,44,28,150,31,253,78,3,81,334
09/15/2021,BTV,VT,ANE,EN,Combined TRACON& Tower with Radar,41,25,12,0,78,0,0,14,0,14,41,25,26,0,92,40,0,40,132
09/16/2021,BTV,VT,ANE,EN,Combined TRACON& Tower with Radar,44,34,45,24,147,0,1,142,24,167,44,35,187,48,314,57,77,134,448
09/17/2021,BTV,VT,ANE,EN,Combined TRACON& Tower with Radar,45,21,31,15,112,0,1,111,4,116,45,22,142,19,228,104,0,104,332
09/18/2021,BTV,VT,ANE,EN,Combined TRACON& Tower with Radar,47,13,21,1,82,0,0,23,7,30,47,13,44,8,112,40,0,40,152
09/19/2021,BTV,VT,ANE,EN,Combined TRACON& Tower with Radar,44,16,23,2,85,0,2,226,1,229,44,18,249,3,314,7,0,7,321
09/20/2021,BTV,VT,ANE,EN,Combined TRACON& Tower with Radar,44,22,39,6,111,0,1,120,6,127,44,23,159,12,238,106,7,113,351
09/21/2021,BTV,VT,ANE,EN,Combined TRACON& Tower with Radar,46,22,20,30,118,0,3,110,31,144,46,25,130,61,262,0,0,0,262
09/22/2021,BTV,VT,ANE,EN,Combined TRACON& Tower with Radar,41,26,38,20,125,0,0,59,15,74,41,26,97,35,199,111,24,135,334
09/23/2021,BTV,VT,ANE,EN,Combined TRACON& Tower with Radar,42,26,19,2,89,0,1,54,9,64,42,27,73,11,153,41,0,41,194
09/24/2021,BTV,VT,ANE,EN,Combined TRACON& Tower with Radar,44,28,26,3,101,0,2,54,2,58,44,30,80,5,159,31,0,31,190
09/25/2021,BTV,VT,ANE,EN,Combined TRACON& Tower with Radar,48,25,28,1,102,0,1,93,8,102,48,26,121,9,204,68,0,68,272
09/26/2021,BTV,VT,ANE,EN,Combined TRACON& Tower with Radar,43,26,33,1,103,0,1,55,5,61,43,27,88,6,164,37,2,39,203
09/27/2021,BTV,VT,ANE,EN,Combined TRACON& Tower with Radar,45,23,37,2,107,0,0,28,6,34,45,23,65,8,141,20,0,20,161
09/28/2021,BTV,VT,ANE,EN,Combined TRACON& Tower with Radar,44,21,48,5,118,0,0,103,15,118,44,21,151,20,236,112,6,118,354
09/29/2021,BTV,VT,ANE,EN,Combined TRACON& Tower with Radar,42,32,27,4,105,0,0,55,6,61,42,32,82,10,166,133,0,133,299
09/30/2021,BTV,VT,ANE,EN,Combined TRACON& Tower with Radar,42,27,31,0,100,0,0,51,8,59,42,27,82,8,159,118,2,120,279
10/01/2021,BTV,VT,ANE,EN,Combined TRACON& Tower with Radar,44,33,42,0,119,0,0,102,1,103,44,33,144,1,222,135,0,135,357
10/02/2021,BTV,VT,ANE,EN,Combined TRACON& Tower with Radar,48,24,30,0,102,0,0,5,0,5,48,24,35,0,107,0,0,0,107
10/03/2021,BTV,VT,ANE,EN,Combined TRACON& Tower with Radar,42,21,40,0,103,0,0,0,0,0,42,21,40,0,103,0,0,0,103
10/04/2021,BTV,VT,ANE,EN,Combined TRACON& Tower with Radar,43,18,48,2,111,0,0,70,0,70,43,18,118,2,181,0,0,0,181
10/05/2021,BTV,VT,ANE,EN,Combined TRACON& Tower with Radar,44,28,48,19,139,0,1,121,13,135,44,29,169,32,274,0,0,0,274
10/06/2021,BTV,VT,ANE,EN,Combined TRACON& Tower with Radar,41,33,44,14,132,0,1,129,17,147,41,34,173,31,279,122,3,125,404
10/07/2021,BTV,VT,ANE,EN,Combined TRACON& Tower with Radar,42,35,49,9,135,0,0,133,12,145,42,35,182,21,280,63,2,65,345
10/08/2021,BTV,VT,ANE,EN,Combined TRACON& Tower with Radar,43,46,53,2,144,0,2,122,5,129,43,48,175,7,273,52,0,52,325
10/09/2021,BTV,VT,ANE,EN,Combined TRACON& Tower with Radar,43,34,31,0,108,0,1,60,4,65,43,35,91,4,173,40,0,40,213
10/10/2021,BTV,VT,ANE,EN,Combined TRACON& Tower with Radar,38,32,32,0,102,0,0,41,2,43,38,32,73,2,145,47,0,47,192
10/11/2021,BTV,VT,ANE,EN,Combined TRACON& Tower with Radar,43,31,52,0,126,0,2,109,1,112,43,33,161,1,238,98,0,98,336
10/12/2021,BTV,VT,ANE,EN,Combined TRACON& Tower with Radar,42,29,23,13,107,0,0,139,10,149,42,29,162,23,256,102,4,106,362
10/13/2021,BTV,VT,ANE,EN,Combined TRACON& Tower with Radar,39,22,46,23,130,0,5,90,10,105,39,27,136,33,235,135,2,137,372
10/14/2021,BTV,VT,ANE,EN,Combined TRACON& Tower with Radar,42,32,39,20,133,0,0,49,6,55,42,32,88,26,188,189,4,193,381
10/15/2021,BTV,VT,ANE,EN,Combined TRACON& Tower with Radar,42,27,58,10,137,0,2,84,7,93,42,29,142,17,230,138,12,150,380
10/16/2021,BTV,VT,ANE,EN,Combined TRACON& Tower with Radar,43,20,12,7,82,0,0,22,12,34,43,20,34,19,116,0,0,0,116
10/17/2021,BTV,VT,ANE,EN,Combined TRACON& Tower with Radar,38,30,36,3,107,0,1,55,8,64,38,31,91,11,171,39,19,58,229
10/18/2021,BTV,VT,ANE,EN,Combined TRACON& Tower with Radar,41,24,28,2,95,0,0,38,5,43,41,24,66,7,138,106,0,106,244
10/19/2021,BTV,VT,ANE,EN,Combined TRACON& Tower with Radar,39,17,38,14,108,0,0,84,7,91,39,17,122,21,199,115,4,119,318
10/20/2021,BTV,VT,ANE,EN,Combined TRACON& Tower with Radar,40,22,52,11,125,0,1,157,8,166,40,23,209,19,291,96,2,98,389
10/21/2021,BTV,VT,ANE,EN,Combined TRACON& Tower with Radar,40,23,37,28,128,0,2,59,12,73,40,25,96,40,201,74,3,77,278
10/22/2021,BTV,VT,ANE,EN,Combined TRACON& Tower with Radar,42,25,31,12,110,0,2,85,7,94,42,27,116,19,204,167,0,167,371
10/23/2021,BTV,VT,ANE,EN,Combined TRACON& Tower with Radar,43,19,15,4,81,0,1,79,3,83,43,20,94,7,164,116,0,116,280
10/24/2021,BTV,VT,ANE,EN,Combined TRACON& Tower with Radar,38,23,29,0,90,0,1,98,12,111,38,24,127,12,201,69,2,71,272
10/25/2021,BTV,VT,ANE,EN,Combined TRACON& Tower with Radar,36,23,16,6,81,0,0,11,0,11,36,23,27,6,92,42,0,42,134
10/26/2021,BTV,VT,ANE,EN,Combined TRACON& Tower with Radar,39,26,9,2,76,0,0,10,0,10,39,26,19,2,86,10,0,10,96
10/27/2021,BTV,VT,ANE,EN,Combined TRACON& Tower with Radar,41,29,37,13,120,0,1,108,14,123,41,30,145,27,243,143,16,159,402
10/28/2021,BTV,VT,ANE,EN,Combined TRACON& Tower with Radar,42,16,21,11,90,0,0,118,13,131,42,16,139,24,221,176,5,181,402
10/29/2021,BTV,VT,ANE,EN,Combined TRACON& Tower with Radar,41,31,29,7,108,0,3,113,10,126,41,34,142,17,234,201,6,207,441
10/30/2021,BTV,VT,ANE,EN,Combined TRACON& Tower with Radar,44,22,12,0,78,0,0,19,0,19,44,22,31,0,97,0,0,0,97
10/31/2021,BTV,VT,ANE,EN,Combined TRACON& Tower with Radar,37,23,14,0,74,0,0,0,0,0,37,23,14,0,74,0,0,0,74
11/01/2021,BTV,VT,ANE,EN,Combined TRACON& Tower with Radar,40,27,32,2,101,0,3,59,6,68,40,30,91,8,169,37,0,37,206
11/02/2021,BTV,VT,ANE,EN,Combined TRACON& Tower with Radar,37,21,21,8,87,0,1,77,7,85,37,22,98,15,172,100,0,100,272
11/03/2021,BTV,VT,ANE,EN,Combined TRACON& Tower with Radar,36,30,11,18,95,0,1,15,0,16,36,31,26,18,111,45,10,55,166
11/04/2021,BTV,VT,ANE,EN,Combined TRACON& Tower with Radar,40,31,29,8,108,0,0,48,4,52,40,31,77,12,160,39,2,41,201
11/05/2021,BTV,VT,ANE,EN,Combined TRACON& Tower with Radar,39,29,23,6,97,0,1,128,11,140,39,30,151,17,237,122,9,131,368
11/06/2021,BTV,VT,ANE,EN,Combined TRACON& Tower with Radar,31,25,24,13,93,0,2,90,17,109,31,27,114,30,202,33,5,38,240
11/07/2021,BTV,VT,ANE,EN,Combined TRACON& Tower with Radar,36,25,16,14,91,0,3,79,5,87,36,28,95,19,178,43,2,45,223
11/08/2021,BTV,VT,ANE,EN,Combined TRACON& Tower with Radar,37,32,47,14,130,0,0,112,5,117,37,32,159,19,247,134,24,158,405
11/09/2021,BTV,VT,ANE,EN,Combined TRACON& Tower with Radar,36,27,38,19,120,0,2,99,6,107,36,29,137,25,227,113,0,113,340
11/10/2021,BTV,VT,ANE,EN,Combined TRACON& Tower with Radar,36,24,28,12,100,0,0,97,4,101,36,24,125,16,201,79,0,79,280
11/11/2021,BTV,VT,ANE,EN,Combined TRACON& Tower with Radar,37,30,24,0,91,0,0,107,4,111,37,30,131,4,202,128,0,128,330
11/12/2021,BTV,VT,ANE,EN,Combined TRACON& Tower with Radar,41,22,23,0,86,0,0,5,0,5,41,22,28,0,91,9,0,9,100
11/13/2021,BTV,VT,ANE,EN,Combined TRACON& Tower with Radar,29,21,18,0,68,0,0,21,0,21,29,21,39,0,89,43,0,43,132
11/14/2021,BTV,VT,ANE,EN,Combined TRACON& Tower with Radar,34,21,15,0,70,0,1,66,3,70,34,22,81,3,140,38,0,38,178
11/15/2021,BTV,VT,ANE,EN,Combined TRACON& Tower with Radar,39,26,11,4,80,0,0,17,0,17,39,26,28,4,97,69,0,69,166
11/16/2021,BTV,VT,ANE,EN,Combined TRACON& Tower with Radar,36,28,26,28,118,0,7,69,10,86,36,35,95,38,204,133,20,153,357
11/17/2021,BTV,VT,ANE,EN,Combined TRACON& Tower with Radar,40,23,27,13,103,0,0,98,4,102,40,23,125,17,205,157,0,157,362
11/18/2021,BTV,VT,ANE,EN,Combined TRACON& Tower with Radar,42,38,22,9,111,0,1,19,8,28,42,39,41,17,139,5,5,10,149
11/19/2021,BTV,VT,ANE,EN,Combined TRACON& Tower with Radar,45,31,17,14,107,0,3,46,8,57,45,34,63,22,164,98,5,103,267
11/20/2021,BTV,VT,ANE,EN,Combined TRACON& Tower with Radar,37,21,31,0,89,0,0,117,4,121,37,21,148,4,210,72,0,72,282
11/21/2021,BTV,VT,ANE,EN,Combined TRACON& Tower with Radar,42,27,22,0,91,0,0,70,2,72,42,27,92,2,163,95,0,95,258
11/22/2021,BTV,VT,ANE,EN,Combined TRACON& Tower with Radar,43,30,28,9,110,0,1,41,5,47,43,31,69,14,157,36,18,54,211
11/23/2021,BTV,VT,ANE,EN,Combined TRACON& Tower with Radar,42,31,33,4,110,0,0,56,17,73,42,31,89,21,183,56,0,56,239
11/24/2021,BTV,VT,ANE,EN,Combined TRACON& Tower with Radar,42,28,40,8,118,0,0,81,5,86,42,28,121,13,204,110,0,110,314
11/25/2021,BTV,VT,ANE,EN,Combined TRACON& Tower with Radar,19,12,7,0,38,0,3,20,2,25,19,15,27,2,63,17,0,17,80
11/26/2021,BTV,VT,ANE,EN,Combined TRACON& Tower with Radar,36,15,12,0,63,0,0,0,0,0,36,15,12,0,63,0,0,0,63
11/27/2021,BTV,VT,ANE,EN,Combined TRACON& Tower with Radar,41,26,19,0,86,0,3,8,2,13,41,29,27,2,99,0,0,0,99
11/28/2021,BTV,VT,ANE,EN,Combined TRACON& Tower with Radar,48,23,32,1,104,0,1,71,4,76,48,24,103,5,180,57,0,57,237
11/29/2021,BTV,VT,ANE,EN,Combined TRACON& Tower with Radar,42,26,28,3,99,0,0,55,13,68,42,26,83,16,167,39,2,41,208
11/30/2021,BTV,VT,ANE,EN,Combined TRACON& Tower with Radar,40,24,31,11,106,0,0,71,11,82,40,24,102,22,188,80,28,108,296
12/01/2021,BTV,VT,ANE,EN,Combined TRACON& Tower with Radar,38,33,15,7,93,0,2,52,10,64,38,35,67,17,157,46,2,48,205
12/02/2021,BTV,VT,ANE,EN,Combined TRACON& Tower with Radar,40,30,9,8,87,0,0,3,0,3,40,30,12,8,90,6,0,6,96
12/03/2021,BTV,VT,ANE,EN,Combined TRACON& Tower with Radar,41,32,18,13,104,0,0,43,9,52,41,32,61,22,156,40,18,58,214
12/04/2021,BTV,VT,ANE,EN,Combined TRACON& Tower with Radar,30,19,15,0,64,0,1,39,1,41,30,20,54,1,105,45,0,45,150
12/05/2021,BTV,VT,ANE,EN,Combined TRACON& Tower with Radar,36,24,22,4,86,0,0,55,0,55,36,24,77,4,141,68,0,68,209
12/06/2021,BTV,VT,ANE,EN,Combined TRACON& Tower with Radar,40,25,13,1,79,0,0,2,0,2,40,25,15,1,81,2,0,2,83
12/07/2021,BTV,VT,ANE,EN,Combined TRACON& Tower with Radar,42,31,48,14,135,0,3,97,14,114,42,34,145,28,249,91,24,115,364
12/08/2021,BTV,VT,ANE,EN,Combined TRACON& Tower with Radar,42,31,9,2,84,0,0,0,0,0,42,31,9,2,84,12,0,12,96
12/09/2021,BTV,VT,ANE,EN,Combined TRACON& Tower with Radar,43,25,25,17,110,0,0,84,18,102,43,25,109,35,212,0,0,0,212
12/10/2021,BTV,VT,ANE,EN,Combined TRACON& Tower with Radar,46,32,29,0,107,0,1,69,9,79,46,33,98,9,186,0,0,0,186
12/11/2021,BTV,VT,ANE,EN,Combined TRACON& Tower with Radar,33,27,15,0,75,0,0,0,0,0,33,27,15,0,75,0,0,0,75
12/12/2021,BTV,VT,ANE,EN,Combined TRACON& Tower with Radar,36,22,13,0,71,0,3,30,1,34,36,25,43,1,105,16,0,16,121
12/13/2021,BTV,VT,ANE,EN,Combined TRACON& Tower with Radar,43,27,43,1,114,0,0,100,6,106,43,27,143,7,220,87,0,87,307
12/14/2021,BTV,VT,ANE,EN,Combined TRACON& Tower with Radar,42,26,41,6,115,0,4,80,13,97,42,30,121,19,212,58,0,58,270
12/15/2021,BTV,VT,ANE,EN,Combined TRACON& Tower with Radar,46,27,30,10,113,0,2,70,8,80,46,29,100,18,193,88,0,88,281
12/16/2021,BTV,VT,ANE,EN,Combined TRACON& Tower with Radar,50,17,25,9,101,0,1,45,4,50,50,18,70,13,151,5,0,5,156
12/17/2021,BTV,VT,ANE,EN,Combined TRACON& Tower with Radar,51,24,35,4,114,0,3,37,3,43,51,27,72,7,157,18,0,18,175
12/18/2021,BTV,VT,ANE,EN,Combined TRACON& Tower with Radar,37,11,8,0,56,0,0,22,0,22,37,11,30,0,78,9,0,9,87
12/19/2021,BTV,VT,ANE,EN,Combined TRACON& Tower with Radar,41,24,26,0,91,0,2,6,1,9,41,26,32,1,100,13,0,13,113
12/20/2021,BTV,VT,ANE,EN,Combined TRACON& Tower with Radar,51,23,30,8,112,0,5,69,6,80,51,28,99,14,192,28,0,28,220
12/21/2021,BTV,VT,ANE,EN,Combined TRACON& Tower with Radar,50,22,33,9,114,0,2,88,13,103,50,24,121,22,217,77,6,83,300
12/22/2021,BTV,VT,ANE,EN,Combined TRACON& Tower with Radar,50,34,16,7,107,0,0,49,7,56,50,34,65,14,163,50,4,54,217
12/23/2021,BTV,VT,ANE,EN,Combined TRACON& Tower with Radar,47,22,20,5,94,0,2,90,11,103,47,24,110,16,197,96,0,96,293
12/24/2021,BTV,VT,ANE,EN,Combined TRACON& Tower with Radar,29,16,9,0,54,0,1,21,3,25,29,17,30,3,79,7,0,7,86
12/25/2021,BTV,VT,ANE,EN,Combined TRACON& Tower with Radar,28,13,3,0,44,0,0,0,0,0,28,13,3,0,44,0,0,0,44
12/26/2021,BTV,VT,ANE,EN,Combined TRACON& Tower with Radar,38,22,20,0,80,0,0,3,0,3,38,22,23,0,83,0,0,0,83
12/27/2021,BTV,VT,ANE,EN,Combined TRACON& Tower with Radar,43,25,17,0,85,0,0,78,0,78,43,25,95,0,163,0,0,0,163
12/28/2021,BTV,VT,ANE,EN,Combined TRACON& Tower with Radar,46,27,21,7,101,0,0,14,0,14,46,27,35,7,115,16,4,20,135
12/29/2021,BTV,VT,ANE,EN,Combined TRACON& Tower with Radar,46,22,40,13,121,0,0,84,8,92,46,22,124,21,213,87,20,107,320
12/30/2021,BTV,VT,ANE,EN,Combined TRACON& Tower with Radar,40,23,14,8,85,0,0,1,0,1,40,23,15,8,86,75,0,75,161
12/31/2021,BTV,VT,ANE,EN,Combined TRACON& Tower with Radar,32,15,14,0,61,0,0,2,0,2,32,15,16,0,63,4,0,4,67
01/01/2022,BTV,VT,ANE,EN,Combined TRACON& Tower with Radar,33,14,15,0,62,0,0,0,0,0,33,14,15,0,62,0,0,0,62
01/02/2022,BTV,VT,ANE,EN,Combined TRACON& Tower with Radar,35,13,13,0,61,0,0,0,0,0,35,13,13,0,61,0,0,0,61
01/03/2022,BTV,VT,ANE,EN,Combined TRACON& Tower with Radar,38,27,18,0,83,0,2,90,6,98,38,29,108,6,181,0,0,0,181
01/04/2022,BTV,VT,ANE,EN,Combined TRACON& Tower with Radar,33,24,21,20,98,0,3,51,15,69,33,27,72,35,167,56,16,72,239
01/05/2022,BTV,VT,ANE,EN,Combined TRACON& Tower with Radar,39,19,4,8,70,0,1,25,2,28,39,20,29,10,98,121,0,121,219
01/06/2022,BTV,VT,ANE,EN,Combined TRACON& Tower with Radar,41,28,22,15,106,0,2,55,14,71,41,30,77,29,177,172,27,199,376
01/07/2022,BTV,VT,ANE,EN,Combined TRACON& Tower with Radar,38,8,12,0,58,0,0,0,0,0,38,8,12,0,58,0,0,0,58
01/08/2022,BTV,VT,ANE,EN,Combined TRACON& Tower with Radar,31,7,12,13,63,0,0,61,10,71,31,7,73,23,134,59,4,63,197
01/09/2022,BTV,VT,ANE,EN,Combined TRACON& Tower with Radar,33,12,9,1,55,0,0,0,0,0,33,12,9,1,55,0,0,0,55
01/10/2022,BTV,VT,ANE,EN,Combined TRACON& Tower with Radar,41,15,14,4,74,0,1,36,4,41,41,16,50,8,115,13,2,15,130
01/11/2022,BTV,VT,ANE,EN,Combined TRACON& Tower with Radar,40,14,7,0,61,1,1,14,3,19,41,15,21,3,80,0,2,2,82
01/12/2022,BTV,VT,ANE,EN,Combined TRACON& Tower with Radar,42,12,16,1,71,0,1,17,2,20,42,13,33,3,91,0,0,0,91
01/13/2022,BTV,VT,ANE,EN,Combined TRACON& Tower with Radar,43,21,14,0,78,0,0,19,8,27,43,21,33,8,105,151,29,180,285
01/14/2022,BTV,VT,ANE,EN,Combined TRACON& Tower with Radar,45,22,21,0,88,0,2,17,1,20,45,24,38,1,108,16,0,16,124
01/15/2022,BTV,VT,ANE,EN,Combined TRACON& Tower with Radar,28,13,6,0,47,0,0,10,1,11,28,13,16,1,58,2,0,2,60
01/16/2022,BTV,VT,ANE,EN,Combined TRACON& Tower with Radar,23,11,34,0,68,0,5,71,2,78,23,16,105,2,146,51,0,51,197
01/17/2022,BTV,VT,ANE,EN,Combined TRACON& Tower with Radar,41,14,6,0,61,0,0,0,0,0,41,14,6,0,61,0,0,0,61
01/18/2022,BTV,VT,ANE,EN,Combined TRACON& Tower with Radar,40,22,26,1,89,0,2,49,13,64,40,24,75,14,153,37,2,39,192
01/19/2022,BTV,VT,ANE,EN,Combined TRACON& Tower with Radar,45,18,4,1,68,0,0,3,1,4,45,18,7,2,72,2,0,2,74
01/20/2022,BTV,VT,ANE,EN,Combined TRACON& Tower with Radar,42,24,20,15,101,0,2,84,5,91,42,26,104,20,192,67,18,85,277
01/21/2022,BTV,VT,ANE,EN,Combined TRACON& Tower with Radar,45,16,23,9,93,0,2,40,4,46,45,18,63,13,139,25,0,25,164
01/22/2022,BTV,VT,ANE,EN,Combined TRACON& Tower with Radar,30,13,14,3,60,0,2,49,1,52,30,15,63,4,112,94,0,94,206
01/23/2022,BTV,VT,ANE,EN,Combined TRACON& Tower with Radar,35,21,26,0,82,0,0,10,0,10,35,21,36,0,92,19,0,19,111
01/24/2022,BTV,VT,ANE,EN,Combined TRACON& Tower with Radar,41,10,27,0,78,0,1,83,3,87,41,11,110,3,165,65,0,65,230
01/25/2022,BTV,VT,ANE,EN,Combined TRACON& Tower with Radar,42,18,17,15,92,0,1,42,9,52,42,19,59,24,144,57,34,91,235
01/26/2022,BTV,VT,ANE,EN,Combined TRACON& Tower with Radar,42,11,18,18,89,0,3,80,3,86,42,14,98,21,175,77,0,77,252
01/27/2022,BTV,VT,ANE,EN,Combined TRACON& Tower with Radar,42,25,13,18,98,0,3,31,18,52,42,28,44,36,150,13,0,13,163
01/28/2022,BTV,VT,ANE,EN,Combined TRACON& Tower with Radar,38,23,5,2,68,0,0,30,0,30,38,23,35,2,98,28,0,28,126
01/29/2022,BTV,VT,ANE,EN,Combined TRACON& Tower with Radar,13,6,7,0,26,0,0,8,0,8,13,6,15,0,34,2,0,2,36
01/30/2022,BTV,VT,ANE,EN,Combined TRACON& Tower with Radar,29,17,14,0,60,0,0,75,3,78,29,17,89,3,138,73,0,73,211
01/31/2022,BTV,VT,ANE,EN,Combined TRACON& Tower with Radar,37,12,12,0,61,0,1,111,0,112,37,13,123,0,173,129,0,129,302
02/01/2022,BTV,VT,ANE,EN,Combined TRACON& Tower with Radar,40,19,22,19,100,1,1,96,7,105,41,20,118,26,205,80,0,80,285
02/02/2022,BTV,VT,ANE,EN,Combined TRACON& Tower with Radar,33,23,13,19,88,0,0,23,4,27,33,23,36,23,115,10,8,18,133
02/03/2022,BTV,VT,ANE,EN,Combined TRACON& Tower with Radar,23,10,6,0,39,0,0,0,0,0,23,10,6,0,39,0,0,0,39
02/04/2022,BTV,VT,ANE,EN,Combined TRACON& Tower with Radar,12,11,6,0,29,0,0,0,0,0,12,11,6,0,29,0,0,0,29
02/05/2022,BTV,VT,ANE,EN,Combined TRACON& Tower with Radar,29,21,10,14,74,0,2,42,10,54,29,23,52,24,128,20,3,23,151
02/06/2022,BTV,VT,ANE,EN,Combined TRACON& Tower with Radar,37,25,13,1,76,0,6,23,7,36,37,31,36,8,112,11,0,11,123
02/07/2022,BTV,VT,ANE,EN,Combined TRACON& Tower with Radar,42,22,18,1,83,0,0,67,3,70,42,22,85,4,153,52,0,52,205
02/08/2022,BTV,VT,ANE,EN,Combined TRACON& Tower with Radar,40,20,5,15,80,0,1,17,6,24,40,21,22,21,104,98,8,106,210
02/09/2022,BTV,VT,ANE,EN,Combined TRACON& Tower with Radar,40,28,17,17,102,0,0,125,8,133,40,28,142,25,235,75,0,75,310
02/10/2022,BTV,VT,ANE,EN,Combined TRACON& Tower with Radar,42,20,19,15,96,0,1,42,11,54,42,21,61,26,150,101,6,107,257
02/11/2022,BTV,VT,ANE,EN,Combined TRACON& Tower with Radar,48,20,20,12,100,0,2,45,3,50,48,22,65,15,150,50,0,50,200
02/12/2022,BTV,VT,ANE,EN,Combined TRACON& Tower with Radar,33,14,15,0,62,0,0,25,8,33,33,14,40,8,95,78,5,83,178
02/13/2022,BTV,VT,ANE,EN,Combined TRACON& Tower with Radar,36,9,22,0,67,0,2,71,1,74,36,11,93,1,141,43,0,43,184
02/14/2022,BTV,VT,ANE,EN,Combined TRACON& Tower with Radar,45,14,14,5,78,0,5,68,7,80,45,19,82,12,158,24,12,36,194
02/15/2022,BTV,VT,ANE,EN,Combined TRACON& Tower with Radar,42,13,21,5,81,0,2,74,14,90,42,15,95,19,171,127,0,127,298
02/16/2022,BTV,VT,ANE,EN,Combined TRACON& Tower with Radar,45,24,13,3,85,0,0,14,5,19,45,24,27,8,104,2,0,2,106
02/17/2022,BTV,VT,ANE,EN,Combined TRACON& Tower with Radar,42,35,20,1,98,0,0,5,1,6,42,35,25,2,104,0,0,0,104
02/18/2022,BTV,VT,ANE,EN,Combined TRACON& Tower with Radar,46,23,18,0,87,0,4,28,0,32,46,27,46,0,119,0,0,0,119
02/19/2022,BTV,VT,ANE,EN,Combined TRACON& Tower with Radar,34,19,12,0,65,0,0,0,0,0,34,19,12,0,65,0,0,0,65
02/20/2022,BTV,VT,ANE,EN,Combined TRACON& Tower with Radar,40,28,19,0,87,0,3,37,0,40,40,31,56,0,127,20,0,20,147
02/21/2022,BTV,VT,ANE,EN,Combined TRACON& Tower with Radar,43,28,18,2,91,0,1,117,1,119,43,29,135,3,210,179,0,179,389
02/22/2022,BTV,VT,ANE,EN,Combined TRACON& Tower with Radar,41,26,18,13,98,0,0,77,8,85,41,26,95,21,183,80,0,80,263
02/23/2022,BTV,VT,ANE,EN,Combined TRACON& Tower with Radar,43,20,11,5,79,0,1,42,5,48,43,21,53,10,127,12,0,12,139
02/24/2022,BTV,VT,ANE,EN,Combined TRACON& Tower with Radar,43,22,31,16,112,0,2,161,21,184,43,24,192,37,296,112,10,122,418
02/25/2022,BTV,VT,ANE,EN,Combined TRACON& Tower with Radar,22,7,0,0,29,0,0,0,0,0,22,7,0,0,29,0,0,0,29
02/26/2022,BTV,VT,ANE,EN,Combined TRACON& Tower with Radar,30,22,13,0,65,0,0,108,2,110,30,22,121,2,175,64,0,64,239
02/27/2022,BTV,VT,ANE,EN,Combined TRACON& Tower with Radar,39,22,12,0,73,0,0,5,0,5,39,22,17,0,78,0,0,0,78
02/28/2022,BTV,VT,ANE,EN,Combined TRACON& Tower with Radar,43,19,16,0,78,0,6,111,7,124,43,25,127,7,202,129,0,129,331
03/01/2022,BTV,VT,ANE,EN,Combined TRACON& Tower with Radar,45,15,23,8,91,0,1,22,2,25,45,16,45,10,116,5,12,17,133
03/02/2022,BTV,VT,ANE,EN,Combined TRACON& Tower with Radar,45,20,26,17,108,0,2,106,6,114,45,22,132,23,222,194,7,201,423
03/03/2022,BTV,VT,ANE,EN,Combined TRACON& Tower with Radar,43,18,25,11,97,0,2,62,9,73,43,20,87,20,170,74,6,80,250
03/04/2022,BTV,VT,ANE,EN,Combined TRACON& Tower with Radar,41,26,21,11,99,0,1,99,6,106,41,27,120,17,205,105,0,105,310
03/05/2022,BTV,VT,ANE,EN,Combined TRACON& Tower with Radar,30,32,19,15,96,0,4,109,11,124,30,36,128,26,220,101,2,103,323
03/06/2022,BTV,VT,ANE,EN,Combined TRACON& Tower with Radar,38,28,14,0,80,0,1,9,0,10,38,29,23,0,90,4,0,4,94
03/07/2022,BTV,VT,ANE,EN,Combined TRACON& Tower with Radar,37,22,12,2,73,0,0,17,2,19,37,22,29,4,92,44,22,66,158
03/08/2022,BTV,VT,ANE,EN,Combined TRACON& Tower with Radar,42,20,15,14,91,0,2,78,11,91,42,22,93,25,182,71,4,75,257
03/09/2022,BTV,VT,ANE,EN,Combined TRACON& Tower with Radar,43,16,15,13,87,0,0,110,3,113,43,16,125,16,200,118,32,150,350
03/10/2022,BTV,VT,ANE,EN,Combined TRACON& Tower with Radar,42,23,14,11,90,0,9,99,16,124,42,32,113,27,214,178,6,184,398
03/11/2022,BTV,VT,ANE,EN,Combined TRACON& Tower with Radar,38,32,34,10,114,0,0,116,4,120,38,32,150,14,234,58,0,58,292
03/12/2022,BTV,VT,ANE,EN,Combined TRACON& Tower with Radar,9,5,0,0,14,0,0,0,0,0,9,5,0,0,14,0,0,0,14
03/13/2022,BTV,VT,ANE,EN,Combined TRACON& Tower with Radar,32,33,19,0,84,0,2,28,0,30,32,35,47,0,114,24,0,24,138
03/14/2022,BTV,VT,ANE,EN,Combined TRACON& Tower with Radar,40,42,20,2,104,0,2,77,3,82,40,44,97,5,186,149,0,149,335
03/15/2022,BTV,VT,ANE,EN,Combined TRACON& Tower with Radar,42,27,18,14,101,0,1,65,1,67,42,28,83,15,168,138,0,138,306
03/16/2022,BTV,VT,ANE,EN,Combined TRACON& Tower with Radar,43,25,27,11,106,0,2,105,5,112,43,27,132,16,218,127,9,136,354
03/17/2022,BTV,VT,ANE,EN,Combined TRACON& Tower with Radar,41,30,21,13,105,0,1,69,14,84,41,31,90,27,189,37,0,37,226
03/18/2022,BTV,VT,ANE,EN,Combined TRACON& Tower with Radar,33,26,23,7,89,0,2,89,5,96,33,28,112,12,185,135,2,137,322
03/19/2022,BTV,VT,ANE,EN,Combined TRACON& Tower with Radar,33,22,10,0,65,0,0,5,0,5,33,22,15,0,70,106,0,106,176
03/20/2022,BTV,VT,ANE,EN,Combined TRACON& Tower with Radar,34,22,18,0,74,0,1,2,0,3,34,23,20,0,77,128,0,128,205
03/21/2022,BTV,VT,ANE,EN,Combined TRACON& Tower with Radar,41,19,19,1,80,0,1,69,3,73,41,20,88,4,153,144,0,144,297
03/22/2022,BTV,VT,ANE,EN,Combined TRACON& Tower with Radar,41,21,16,21,99,0,4,80,9,93,41,25,96,30,192,128,17,145,337
03/23/2022,BTV,VT,ANE,EN,Combined TRACON& Tower with Radar,45,18,32,14,109,0,2,144,7,153,45,20,176,21,262,145,2,147,409
03/24/2022,BTV,VT,ANE,EN,Combined TRACON& Tower with Radar,39,23,24,12,98,0,0,18,4,22,39,23,42,16,120,92,5,97,217
03/25/2022,BTV,VT,ANE,EN,Combined TRACON& Tower with Radar,41,24,29,8,102,0,0,46,11,57,41,24,75,19,159,135,2,137,296
03/26/2022,BTV,VT,ANE,EN,Combined TRACON& Tower with Radar,35,20,14,0,69,0,0,54,11,65,35,20,68,11,134,114,8,122,256
03/27/2022,BTV,VT,ANE,EN,Combined TRACON& Tower with Radar,34,26,22,2,84,0,0,4,0,4,34,26,26,2,88,0,0,0,88
03/28/2022,BTV,VT,ANE,EN,Combined TRACON& Tower with Radar,42,24,15,2,83,0,0,7,0,7,42,24,22,2,90,34,0,34,124
03/29/2022,BTV,VT,ANE,EN,Combined TRACON& Tower with Radar,42,27,22,12,103,0,1,82,11,94,42,28,104,23,197,154,13,167,364
03/30/2022,BTV,VT,ANE,EN,Combined TRACON& Tower with Radar,45,26,20,12,103,0,1,152,7,160,45,27,172,19,263,195,4,199,462
03/31/2022,BTV,VT,ANE,EN,Combined TRACON& Tower with Radar,35,24,11,6,76,0,0,22,5,27,35,24,33,11,103,4,0,4,107
04/01/2022,BTV,VT,ANE,EN,Combined TRACON& Tower with Radar,42,24,16,9,91,0,0,31,4,35,42,24,47,13,126,171,0,171,297
04/02/2022,BTV,VT,ANE,EN,Combined TRACON& Tower with Radar,29,18,23,0,70,0,4,72,5,81,29,22,95,5,151,41,0,41,192
04/03/2022,BTV,VT,ANE,EN,Combined TRACON& Tower with Radar,32,22,15,0,69,0,1,68,1,70,32,23,83,1,139,212,0,212,351
04/04/2022,BTV,VT,ANE,EN,Combined TRACON& Tower with Radar,43,20,34,1,98,0,0,97,7,104,43,20,131,8,202,111,0,111,313
04/05/2022,BTV,VT,ANE,EN,Combined TRACON& Tower with Radar,42,23,24,28,117,0,0,122,15,137,42,23,146,43,254,139,6,145,399
04/06/2022,BTV,VT,ANE,EN,Combined TRACON& Tower with Radar,45,18,26,12,101,0,0,112,5,117,45,18,138,17,218,129,5,134,352
04/07/2022,BTV,VT,ANE,EN,Combined TRACON& Tower with Radar,39,24,18,9,90,0,1,17,2,20,39,25,35,11,110,52,6,58,168
04/08/2022,BTV,VT,ANE,EN,Combined TRACON& Tower with Radar,40,26,27,10,103,0,0,24,1,25,40,26,51,11,128,86,0,86,214
04/09/2022,BTV,VT,ANE,EN,Combined TRACON& Tower with Radar,35,13,12,7,67,0,0,4,0,4,35,13,16,7,71,18,0,18,89
04/10/2022,BTV,VT,ANE,EN,Combined TRACON& Tower with Radar,39,14,17,1,71,0,0,67,0,67,39,14,84,1,138,0,0,0,138
04/11/2022,BTV,VT,ANE,EN,Combined TRACON& Tower with Radar,45,17,17,8,87,0,1,293,20,314,45,18,310,28,401,0,0,0,401
04/12/2022,BTV,VT,ANE,EN,Combined TRACON& Tower with Radar,45,21,14,1,81,0,4,67,13,84,45,25,81,14,165,137,12,149,314
04/13/2022,BTV,VT,ANE,EN,Combined TRACON& Tower with Radar,47,14,28,20,109,0,2,62,7,71,47,16,90,27,180,114,0,114,294
04/14/2022,BTV,VT,ANE,EN,Combined TRACON& Tower with Radar,46,26,26,17,115,0,0,36,1,37,46,26,62,18,152,27,10,37,189
04/15/2022,BTV,VT,ANE,EN,Combined TRACON& Tower with Radar,46,16,25,10,97,0,0,61,2,63,46,16,86,12,160,48,14,62,222
04/16/2022,BTV,VT,ANE,EN,Combined TRACON& Tower with Radar,36,16,22,0,74,0,0,4,0,4,36,16,26,0,78,3,0,3,81
04/17/2022,BTV,VT,ANE,EN,Combined TRACON& Tower with Radar,38,17,8,0,63,0,0,30,0,30,38,17,38,0,93,37,0,37,130
04/18/2022,BTV,VT,ANE,EN,Combined TRACON& Tower with Radar,44,23,19,7,93,0,0,131,3,134,44,23,150,10,227,165,8,173,400
04/19/2022,BTV,VT,ANE,EN,Combined TRACON& Tower with Radar,44,22,13,4,83,0,0,1,2,3,44,22,14,6,86,0,18,18,104
04/20/2022,BTV,VT,ANE,EN,Combined TRACON& Tower with Radar,47,26,20,13,106,0,0,82,17,99,47,26,102,30,205,172,4,176,381
04/21/2022,BTV,VT,ANE,EN,Combined TRACON& Tower with Radar,50,18,9,14,91,0,4,38,14,56,50,22,47,28,147,35,22,57,204
04/22/2022,BTV,VT,ANE,EN,Combined TRACON& Tower with Radar,46,14,18,6,84,0,3,101,3,107,46,17,119,9,191,60,2,62,253
04/23/2022,BTV,VT,ANE,EN,Combined TRACON& Tower with Radar,47,13,15,0,75,0,1,106,1,108,47,14,121,1,183,106,0,106,289
04/24/2022,BTV,VT,ANE,EN,Combined TRACON& Tower with Radar,40,21,17,1,79,0,0,227,3,230,40,21,244,4,309,0,0,0,309
04/25/2022,BTV,VT,ANE,EN,Combined TRACON& Tower with Radar,45,15,10,4,74,0,3,96,15,114,45,18,106,19,188,0,0,0,188
04/26/2022,BTV,VT,ANE,EN,Combined TRACON& Tower with Radar,46,24,25,2,97,0,2,53,4,59,46,26,78,6,156,248,0,248,404
04/27/2022,BTV,VT,ANE,EN,Combined TRACON& Tower with Radar,45,24,18,2,89,0,0,32,1,33,45,24,50,3,122,144,3,147,269
04/28/2022,BTV,VT,ANE,EN,Combined TRACON& Tower with Radar,46,18,18,2,84,0,1,28,15,44,46,19,46,17,128,38,3,41,169
04/29/2022,BTV,VT,ANE,EN,Combined TRACON& Tower with Radar,49,13,9,2,73,0,0,45,7,52,49,13,54,9,125,17,0,17,142
04/30/2022,BTV,VT,ANE,EN,Combined TRACON& Tower with Radar,42,15,19,2,78,0,0,84,0,84,42,15,103,2,162,60,0,60,222
05/01/2022,BTV,VT,ANE,EN,Combined TRACON& Tower with Radar,42,13,29,2,86,0,0,117,4,121,42,13,146,6,207,96,2,98,305
05/02/2022,BTV,VT,ANE,EN,Combined TRACON& Tower with Radar,47,10,21,22,100,0,0,59,1,60,47,10,80,23,160,87,30,117,277
05/03/2022,BTV,VT,ANE,EN,Combined TRACON& Tower with Radar,45,14,32,13,104,0,0,96,6,102,45,14,128,19,206,172,14,186,392
05/04/2022,BTV,VT,ANE,EN,Combined TRACON& Tower with Radar,44,21,36,3,104,0,0,3,0,3,44,21,39,3,107,54,60,114,221
05/05/2022,BTV,VT,ANE,EN,Combined TRACON& Tower with Radar,45,25,21,0,91,0,2,148,22,172,45,27,169,22,263,135,6,141,404
05/06/2022,BTV,VT,ANE,EN,Combined TRACON& Tower with Radar,50,23,25,1,99,0,0,123,2,125,50,23,148,3,224,139,0,139,363
05/07/2022,BTV,VT,ANE,EN,Combined TRACON& Tower with Radar,40,21,18,1,80,0,0,94,0,94,40,21,112,1,174,15,0,15,189
05/08/2022,BTV,VT,ANE,EN,Combined TRACON& Tower with Radar,39,26,14,0,79,0,2,173,0,175,39,28,187,0,254,0,0,0,254
05/09/2022,BTV,VT,ANE,EN,Combined TRACON& Tower with Radar,49,16,18,7,90,0,1,139,4,144,49,17,157,11,234,177,12,189,423
05/10/2022,BTV,VT,ANE,EN,Combined TRACON& Tower with Radar,44,33,18,7,102,0,2,131,9,142,44,35,149,16,244,178,4,182,426
05/11/2022,BTV,VT,ANE,EN,Combined TRACON& Tower with Radar,46,23,21,3,93,0,0,145,11,156,46,23,166,14,249,109,0,109,358
05/12/2022,BTV,VT,ANE,EN,Combined TRACON& Tower with Radar,49,24,30,6,109,0,0,126,12,138,49,24,156,18,247,183,0,183,430
05/13/2022,BTV,VT,ANE,EN,Combined TRACON& Tower with Radar,48,33,24,12,117,0,2,122,3,127,48,35,146,15,244,84,6,90,334
05/14/2022,BTV,VT,ANE,EN,Combined TRACON& Tower with Radar,41,26,20,3,90,0,3,62,4,69,41,29,82,7,159,93,0,93,252
05/15/2022,BTV,VT,ANE,EN,Combined TRACON& Tower with Radar,37,28,19,0,84,0,0,3,0,3,37,28,22,0,87,15,2,17,104
05/16/2022,BTV,VT,ANE,EN,Combined TRACON& Tower with Radar,45,18,20,0,83,0,0,54,0,54,45,18,74,0,137,24,0,24,161
05/17/2022,BTV,VT,ANE,EN,Combined TRACON& Tower with Radar,37,21,5,0,63,0,0,54,2,56,37,21,59,2,119,24,6,30,149
05/18/2022,BTV,VT,ANE,EN,Combined TRACON& Tower with Radar,47,18,18,7,90,0,2,134,9,145,47,20,152,16,235,277,0,277,512
05/19/2022,BTV,VT,ANE,EN,Combined TRACON& Tower with Radar,46,31,17,5,99,0,0,40,0,40,46,31,57,5,139,95,0,95,234
05/20/2022,BTV,VT,ANE,EN,Combined TRACON& Tower with Radar,44,16,27,4,91,0,4,110,9,123,44,20,137,13,214,39,0,39,253
05/21/2022,BTV,VT,ANE,EN,Combined TRACON& Tower with Radar,41,23,10,0,74,0,0,51,2,53,41,23,61,2,127,17,0,17,144
05/22/2022,BTV,VT,ANE,EN,Combined TRACON& Tower with Radar,31,30,12,3,76,0,0,35,3,38,31,30,47,6,114,106,0,106,220
05/23/2022,BTV,VT,ANE,EN,Combined TRACON& Tower with Radar,47,29,20,2,98,0,1,120,10,131,47,30,140,12,229,161,0,161,390
05/24/2022,BTV,VT,ANE,EN,Combined TRACON& Tower with Radar,46,21,23,4,94,0,3,151,11,165,46,24,174,15,259,147,7,154,413
05/25/2022,BTV,VT,ANE,EN,Combined TRACON& Tower with Radar,48,27,17,9,101,0,3,165,7,175,48,30,182,16,276,217,5,222,498
05/26/2022,BTV,VT,ANE,EN,Combined TRACON& Tower with Radar,53,21,12,5,91,0,3,36,1,40,53,24,48,6,131,15,0,15,146
05/27/2022,BTV,VT,ANE,EN,Combined TRACON& Tower with Radar,45,27,25,1,98,0,0,25,3,28,45,27,50,4,126,5,0,5,131
05/28/2022,BTV,VT,ANE,EN,Combined TRACON& Tower with Radar,38,26,25,0,89,0,0,35,0,35,38,26,60,0,124,80,2,82,206
05/29/2022,BTV,VT,ANE,EN,Combined TRACON& Tower with Radar,39,20,23,0,82,0,1,94,0,95,39,21,117,0,177,93,0,93,270
05/30/2022,BTV,VT,ANE,EN,Combined TRACON& Tower with Radar,46,28,17,0,91,0,3,84,0,87,46,31,101,0,178,63,0,63,241
05/31/2022,BTV,VT,ANE,EN,Combined TRACON& Tower with Radar,46,21,30,2,99,0,1,102,4,107,46,22,132,6,206,139,2,141,347
06/01/2022,BTV,VT,ANE,EN,Combined TRACON& Tower with Radar,43,29,12,4,88,0,0,16,0,16,43,29,28,4,104,94,0,94,198
06/02/2022,BTV,VT,ANE,EN,Combined TRACON& Tower with Radar,47,20,22,7,96,0,0,30,2,32,47,20,52,9,128,78,0,78,206
06/03/2022,BTV,VT,ANE,EN,Combined TRACON& Tower with Radar,51,15,25,4,95,0,0,105,5,110,51,15,130,9,205,162,0,162,367
06/04/2022,BTV,VT,ANE,EN,Combined TRACON& Tower with Radar,51,15,10,1,77,0,0,80,7,87,51,15,90,8,164,86,0,86,250
06/05/2022,BTV,VT,ANE,EN,Combined TRACON& Tower with Radar,47,20,27,0,94,0,0,100,19,119,47,20,127,19,213,113,0,113,326
06/06/2022,BTV,VT,ANE,EN,Combined TRACON& Tower with Radar,54,14,32,5,105,0,0,139,16,155,54,14,171,21,260,128,13,141,401
06/07/2022,BTV,VT,ANE,EN,Combined TRACON& Tower with Radar,58,22,22,3,105,0,0,51,2,53,58,22,73,5,158,8,0,8,166
06/08/2022,BTV,VT,ANE,EN,Combined TRACON& Tower with Radar,56,23,30,3,112,0,0,130,9,139,56,23,160,12,251,129,0,129,380
06/09/2022,BTV,VT,ANE,EN,Combined TRACON& Tower with Radar,54,18,37,0,109,0,0,2,0,2,54,18,39,0,111,30,0,30,141
06/10/2022,BTV,VT,ANE,EN,Combined TRACON& Tower with Radar,59,18,37,0,114,0,2,127,15,144,59,20,164,15,258,169,0,169,427
06/11/2022,BTV,VT,ANE,EN,Combined TRACON& Tower with Radar,55,21,28,1,105,0,3,124,2,129,55,24,152,3,234,121,0,121,355
06/12/2022,BTV,VT,ANE,EN,Combined TRACON& Tower with Radar,46,21,18,0,85,0,1,44,2,47,46,22,62,2,132,135,0,135,267
06/13/2022,BTV,VT,ANE,EN,Combined TRACON& Tower with Radar,56,21,37,2,116,0,0,105,4,109,56,21,142,6,225,186,0,186,411
06/14/2022,BTV,VT,ANE,EN,Combined TRACON& Tower with Radar,56,18,29,5,108,0,0,142,6,148,56,18,171,11,256,285,0,285,541
06/15/2022,BTV,VT,ANE,EN,Combined TRACON& Tower with Radar,56,21,29,4,110,0,0,130,6,136,56,21,159,10,246,182,57,239,485
06/16/2022,BTV,VT,ANE,EN,Combined TRACON& Tower with Radar,56,22,30,4,112,0,0,29,3,32,56,22,59,7,144,18,0,18,162
06/17/2022,BTV,VT,ANE,EN,Combined TRACON& Tower with Radar,47,32,31,1,111,0,1,64,7,72,47,33,95,8,183,113,0,113,296
06/18/2022,BTV,VT,ANE,EN,Combined TRACON& Tower with Radar,49,10,15,1,75,0,0,1,0,1,49,10,16,1,76,40,0,40,116
06/19/2022,BTV,VT,ANE,EN,Combined TRACON& Tower with Radar,51,21,17,0,89,0,5,28,0,33,51,26,45,0,122,38,0,38,160
06/20/2022,BTV,VT,ANE,EN,Combined TRACON& Tower with Radar,55,17,29,0,101,0,2,170,0,172,55,19,199,0,273,254,0,254,527
06/21/2022,BTV,VT,ANE,EN,Combined TRACON& Tower with Radar,57,19,38,13,127,0,0,134,5,139,57,19,172,18,266,168,32,200,466
06/22/2022,BTV,VT,ANE,EN,Combined TRACON& Tower with Radar,47,21,42,8,118,0,1,54,2,57,47,22,96,10,175,48,0,48,223
06/23/2022,BTV,VT,ANE,EN,Combined TRACON& Tower with Radar,53,25,30,3,111,0,0,41,7,48,53,25,71,10,159,117,2,119,278
06/24/2022,BTV,VT,ANE,EN,Combined TRACON& Tower with Radar,49,16,40,6,111,0,1,169,0,170,49,17,209,6,281,185,4,189,470
06/25/2022,BTV,VT,ANE,EN,Combined TRACON& Tower with Radar,54,21,21,0,96,0,1,132,0,133,54,22,153,0,229,151,0,151,380
06/26/2022,BTV,VT,ANE,EN,Combined TRACON& Tower with Radar,48,26,23,6,103,0,4,88,0,92,48,30,111,6,195,93,0,93,288
06/27/2022,BTV,VT,ANE,EN,Combined TRACON& Tower with Radar,57,11,24,0,92,0,0,68,0,68,57,11,92,0,160,102,0,102,262
06/28/2022,BTV,VT,ANE,EN,Combined TRACON& Tower with Radar,57,21,26,5,109,0,1,146,9,156,57,22,172,14,265,205,4,209,474
06/29/2022,BTV,VT,ANE,EN,Combined TRACON& Tower with Radar,55,21,33,0,109,0,0,130,4,134,55,21,163,4,243,202,0,202,445
06/30/2022,BTV,VT,ANE,EN,Combined TRACON& Tower with Radar,57,24,31,3,115,0,2,162,16,180,57,26,193,19,295,206,0,206,501
07/01/2022,BTV,VT,ANE,EN,Combined TRACON& Tower with Radar,53,15,29,1,98,0,2,108,3,113,53,17,137,4,211,90,0,90,301
07/02/2022,BTV,VT,ANE,EN,Combined TRACON& Tower with Radar,53,11,7,2,73,0,0,52,0,52,53,11,59,2,125,73,4,77,202
07/03/2022,BTV,VT,ANE,EN,Combined TRACON& Tower with Radar,50,7,13,0,70,0,3,84,0,87,50,10,97,0,157,60,0,60,217
07/04/2022,BTV,VT,ANE,EN,Combined TRACON& Tower with Radar,54,12,18,0,84,0,3,54,0,57,54,15,72,0,141,32,0,32,173
07/05/2022,BTV,VT,ANE,EN,Combined TRACON& Tower with Radar,51,23,21,3,98,0,0,75,3,78,51,23,96,6,176,114,4,118,294
07/06/2022,BTV,VT,ANE,EN,Combined TRACON& Tower with Radar,58,24,29,4,115,0,2,100,8,110,58,26,129,12,225,170,5,175,400
07/07/2022,BTV,VT,ANE,EN,Combined TRACON& Tower with Radar,58,21,37,12,128,0,3,172,18,193,58,24,209,30,321,188,5,193,514
07/08/2022,BTV,VT,ANE,EN,Combined TRACON& Tower with Radar,57,19,36,0,112,0,1,152,3,156,57,20,188,3,268,89,0,89,357
07/09/2022,BTV,VT,ANE,EN,Combined TRACON& Tower with Radar,56,16,21,3,96,0,2,110,0,112,56,18,131,3,208,105,0,105,313
07/10/2022,BTV,VT,ANE,EN,Combined TRACON& Tower with Radar,51,16,24,0,91,0,3,87,0,90,51,19,111,0,181,96,0,96,277
07/11/2022,BTV,VT,ANE,EN,Combined TRACON& Tower with Radar,56,11,25,1,93,0,0,137,4,141,56,11,162,5,234,71,2,73,307
07/12/2022,BTV,VT,ANE,EN,Combined TRACON& Tower with Radar,53,17,19,6,95,0,0,10,7,17,53,17,29,13,112,20,4,24,136
07/13/2022,BTV,VT,ANE,EN,Combined TRACON& Tower with Radar,54,24,34,20,132,0,3,175,12,190,54,27,209,32,322,136,0,136,458
07/14/2022,BTV,VT,ANE,EN,Combined TRACON& Tower with Radar,53,27,41,16,137,0,0,119,22,141,53,27,160,38,278,180,5,185,463
07/15/2022,BTV,VT,ANE,EN,Combined TRACON& Tower with Radar,53,16,30,8,107,0,1,177,8,186,53,17,207,16,293,94,0,94,387
07/16/2022,BTV,VT,ANE,EN,Combined TRACON& Tower with Radar,51,25,28,2,106,0,1,123,2,126,51,26,151,4,232,88,0,88,320
07/17/2022,BTV,VT,ANE,EN,Combined TRACON& Tower with Radar,47,9,34,2,92,0,1,82,1,84,47,10,116,3,176,87,0,87,263
07/18/2022,BTV,VT,ANE,EN,Combined TRACON& Tower with Radar,50,18,17,11,96,0,0,48,4,52,50,18,65,15,148,47,0,47,195
07/19/2022,BTV,VT,ANE,EN,Combined TRACON& Tower with Radar,53,18,15,18,104,0,0,162,10,172,53,18,177,28,276,159,11,170,446
07/20/2022,BTV,VT,ANE,EN,Combined TRACON& Tower with Radar,55,24,21,26,126,0,2,130,8,140,55,26,151,34,266,94,16,110,376
07/21/2022,BTV,VT,ANE,EN,Combined TRACON& Tower with Radar,52,22,26,5,105,0,1,68,4,73,52,23,94,9,178,64,2,66,244
07/22/2022,BTV,VT,ANE,EN,Combined TRACON& Tower with Radar,57,20,32,9,118,0,3,150,5,158,57,23,182,14,276,79,3,82,358
07/23/2022,BTV,VT,ANE,EN,Combined TRACON& Tower with Radar,49,14,37,0,100,0,1,67,0,68,49,15,104,0,168,22,0,22,190
07/24/2022,BTV,VT,ANE,EN,Combined TRACON& Tower with Radar,49,17,26,2,94,0,1,51,0,52,49,18,77,2,146,23,0,23,169
07/25/2022,BTV,VT,ANE,EN,Combined TRACON& Tower with Radar,49,13,20,8,90,0,0,85,2,87,49,13,105,10,177,59,0,59,236
07/26/2022,BTV,VT,ANE,EN,Combined TRACON& Tower with Radar,55,17,31,18,121,0,2,125,16,143,55,19,156,34,264,73,2,75,339
07/27/2022,BTV,VT,ANE,EN,Combined TRACON& Tower with Radar,55,15,4,23,97,0,0,153,10,163,55,15,157,33,260,111,0,111,371
07/28/2022,BTV,VT,ANE,EN,Combined TRACON& Tower with Radar,47,27,19,8,101,0,1,77,8,86,47,28,96,16,187,148,2,150,337
07/29/2022,BTV,VT,ANE,EN,Combined TRACON& Tower with Radar,56,19,38,2,115,0,1,118,0,119,56,20,156,2,234,116,0,116,350
07/30/2022,BTV,VT,ANE,EN,Combined TRACON& Tower with Radar,55,16,30,0,101,0,0,58,0,58,55,16,88,0,159,56,0,56,215
07/31/2022,BTV,VT,ANE,EN,Combined TRACON& Tower with Radar,48,21,28,0,97,0,1,78,0,79,48,22,106,0,176,76,0,76,252
08/01/2022,BTV,VT,ANE,EN,Combined TRACON& Tower with Radar,54,20,31,7,112,0,2,158,5,165,54,22,189,12,277,118,21,139,416
08/02/2022,BTV,VT,ANE,EN,Combined TRACON& Tower with Radar,54,19,18,6,97,0,0,72,8,80,54,19,90,14,177,179,0,179,356
08/03/2022,BTV,VT,ANE,EN,Combined TRACON& Tower with Radar,53,14,32,4,103,0,0,220,5,225,53,14,252,9,328,145,4,149,477
08/04/2022,BTV,VT,ANE,EN,Combined TRACON& Tower with Radar,46,16,22,5,89,0,1,113,12,126,46,17,135,17,215,145,14,159,374
08/05/2022,BTV,VT,ANE,EN,Combined TRACON& Tower with Radar,49,26,37,4,116,0,0,49,0,49,49,26,86,4,165,42,0,42,207
08/06/2022,BTV,VT,ANE,EN,Combined TRACON& Tower with Radar,51,34,39,1,125,0,3,77,5,85,51,37,116,6,210,109,16,125,335
08/07/2022,BTV,VT,ANE,EN,Combined TRACON& Tower with Radar,51,22,19,3,95,0,0,63,1,64,51,22,82,4,159,73,0,73,232
08/08/2022,BTV,VT,ANE,EN,Combined TRACON& Tower with Radar,52,17,37,7,113,0,0,34,3,37,52,17,71,10,150,97,24,121,271
08/09/2022,BTV,VT,ANE,EN,Combined TRACON& Tower with Radar,53,19,51,5,128,0,0,6,0,6,53,19,57,5,134,27,0,27,161
08/10/2022,BTV,VT,ANE,EN,Combined TRACON& Tower with Radar,51,22,37,14,124,0,1,150,5,156,51,23,187,19,280,231,1,232,512
08/11/2022,BTV,VT,ANE,EN,Combined TRACON& Tower with Radar,55,24,48,5,132,0,1,107,16,124,55,25,155,21,256,161,0,161,417
08/12/2022,BTV,VT,ANE,EN,Combined TRACON& Tower with Radar,53,21,39,5,118,0,0,143,2,145,53,21,182,7,263,116,0,116,379
08/13/2022,BTV,VT,ANE,EN,Combined TRACON& Tower with Radar,58,17,23,2,100,0,1,108,0,109,58,18,131,2,209,128,0,128,337
08/14/2022,BTV,VT,ANE,EN,Combined TRACON& Tower with Radar,51,13,37,0,101,0,3,111,0,114,51,16,148,0,215,61,0,61,276
08/15/2022,BTV,VT,ANE,EN,Combined TRACON& Tower with Radar,58,20,20,3,101,0,3,299,44,346,58,23,319,47,447,0,0,0,447
08/16/2022,BTV,VT,ANE,EN,Combined TRACON& Tower with Radar,57,16,31,0,104,0,1,126,15,142,57,17,157,15,246,288,2,290,536
08/17/2022,BTV,VT,ANE,EN,Combined TRACON& Tower with Radar,46,17,36,5,104,0,2,121,26,149,46,19,157,31,253,124,4,128,381
08/18/2022,BTV,VT,ANE,EN,Combined TRACON& Tower with Radar,55,28,22,7,112,0,1,102,23,126,55,29,124,30,238,145,7,152,390
08/19/2022,BTV,VT,ANE,EN,Combined TRACON& Tower with Radar,54,14,25,3,96,0,1,165,3,169,54,15,190,6,265,134,4,138,403
08/20/2022,BTV,VT,ANE,EN,Combined TRACON& Tower with Radar,56,10,5,0,71,0,2,106,0,108,56,12,111,0,179,97,0,97,276
08/21/2022,BTV,VT,ANE,EN,Combined TRACON& Tower with Radar,48,21,30,0,99,0,0,69,0,69,48,21,99,0,168,65,0,65,233
08/22/2022,BTV,VT,ANE,EN,Combined TRACON& Tower with Radar,50,23,31,7,111,0,0,106,0,106,50,23,137,7,217,220,8,228,445
08/23/2022,BTV,VT,ANE,EN,Combined TRACON& Tower with Radar,55,28,24,1,108,0,0,17,0,17,55,28,41,1,125,121,0,121,246
08/24/2022,BTV,VT,ANE,EN,Combined TRACON& Tower with Radar,58,18,42,6,124,0,0,94,3,97,58,18,136,9,221,187,6,193,414
08/25/2022,BTV,VT,ANE,EN,Combined TRACON& Tower with Radar,57,26,52,17,152,0,1,103,8,112,57,27,155,25,264,152,9,161,425
08/26/2022,BTV,VT,ANE,EN,Combined TRACON& Tower with Radar,55,14,14,1,84,0,0,35,1,36,55,14,49,2,120,115,0,115,235
08/27/2022,BTV,VT,ANE,EN,Combined TRACON& Tower with Radar,55,22,22,0,99,0,1,97,0,98,55,23,119,0,197,55,0,55,252
08/28/2022,BTV,VT,ANE,EN,Combined TRACON& Tower with Radar,53,18,21,0,92,0,1,102,2,105,53,19,123,2,197,118,2,120,317
08/29/2022,BTV,VT,ANE,EN,Combined TRACON& Tower with Radar,52,19,31,6,108,0,3,159,4,166,52,22,190,10,274,83,6,89,363
08/30/2022,BTV,VT,ANE,EN,Combined TRACON& Tower with Radar,49,14,19,25,107,0,0,99,7,106,49,14,118,32,213,123,0,123,336
08/31/2022,BTV,VT,ANE,EN,Combined TRACON& Tower with Radar,54,27,37,9,127,0,0,115,7,122,54,27,152,16,249,67,0,67,316
09/01/2022,BTV,VT,ANE,EN,Combined TRACON& Tower with Radar,55,23,57,13,148,0,0,153,2,155,55,23,210,15,303,150,0,150,453
09/02/2022,BTV,VT,ANE,EN,Combined TRACON& Tower with Radar,58,18,27,0,103,0,2,168,0,170,58,20,195,0,273,249,0,249,522
09/03/2022,BTV,VT,ANE,EN,Combined TRACON& Tower with Radar,53,10,10,0,73,0,1,79,0,80,53,11,89,0,153,107,0,107,260
09/04/2022,BTV,VT,ANE,EN,Combined TRACON& Tower with Radar,49,13,29,0,91,0,0,0,0,0,49,13,29,0,91,20,0,20,111
09/05/2022,BTV,VT,ANE,EN,Combined TRACON& Tower with Radar,58,19,41,0,118,0,0,1,0,1,58,19,42,0,119,9,0,9,128
09/06/2022,BTV,VT,ANE,EN,Combined TRACON& Tower with Radar,58,20,30,18,126,0,0,19,0,19,58,20,49,18,145,29,15,44,189
09/07/2022,BTV,VT,ANE,EN,Combined TRACON& Tower with Radar,53,25,37,11,126,0,7,162,12,181,53,32,199,23,307,215,1,216,523
09/08/2022,BTV,VT,ANE,EN,Combined TRACON& Tower with Radar,58,25,36,7,126,0,2,166,12,180,58,27,202,19,306,121,0,121,427
09/09/2022,BTV,VT,ANE,EN,Combined TRACON& Tower with Radar,58,18,25,9,110,0,4,204,9,217,58,22,229,18,327,172,11,183,510
09/10/2022,BTV,VT,ANE,EN,Combined TRACON& Tower with Radar,54,10,26,9,99,0,2,145,12,159,54,12,171,21,258,126,9,135,393
09/11/2022,BTV,VT,ANE,EN,Combined TRACON& Tower with Radar,46,10,23,0,79,0,1,94,14,109,46,11,117,14,188,139,0,139,327
09/12/2022,BTV,VT,ANE,EN,Combined TRACON& Tower with Radar,54,27,36,2,119,0,2,177,6,185,54,29,213,8,304,198,0,198,502
09/13/2022,BTV,VT,ANE,EN,Combined TRACON& Tower with Radar,53,18,24,8,103,0,0,11,3,14,53,18,35,11,117,66,6,72,189
09/14/2022,BTV,VT,ANE,EN,Combined TRACON& Tower with Radar,53,24,31,16,124,0,1,89,9,99,53,25,120,25,223,82,0,82,305
09/15/2022,BTV,VT,ANE,EN,Combined TRACON& Tower with Radar,56,15,34,18,123,0,5,138,18,161,56,20,172,36,284,137,2,139,423
09/16/2022,BTV,VT,ANE,EN,Combined TRACON& Tower with Radar,54,12,38,7,111,0,4,164,7,175,54,16,202,14,286,129,0,129,415
09/17/2022,BTV,VT,ANE,EN,Combined TRACON& Tower with Radar,53,7,23,0,83,0,1,126,0,127,53,8,149,0,210,182,0,182,392
09/18/2022,BTV,VT,ANE,EN,Combined TRACON& Tower with Radar,50,26,29,1,106,0,0,20,0,20,50,26,49,1,126,67,0,67,193
09/19/2022,BTV,VT,ANE,EN,Combined TRACON& Tower with Radar,50,11,23,1,85,0,0,2,0,2,50,11,25,1,87,0,0,0,87
09/20/2022,BTV,VT,ANE,EN,Combined TRACON& Tower with Radar,52,12,34,1,99,0,0,4,0,4,52,12,38,1,103,0,0,0,103
09/21/2022,BTV,VT,ANE,EN,Combined TRACON& Tower with Radar,49,15,53,17,134,0,0,65,9,74,49,15,118,26,208,122,1,123,331
09/22/2022,BTV,VT,ANE,EN,Combined TRACON& Tower with Radar,47,11,25,14,97,0,0,69,10,79,47,11,94,24,176,113,1,114,290
09/23/2022,BTV,VT,ANE,EN,Combined TRACON& Tower with Radar,59,19,27,8,113,0,1,58,3,62,59,20,85,11,175,87,1,88,263
09/24/2022,BTV,VT,ANE,EN,Combined TRACON& Tower with Radar,53,10,14,0,77,0,7,137,0,144,53,17,151,0,221,60,0,60,281
09/25/2022,BTV,VT,ANE,EN,Combined TRACON& Tower with Radar,49,9,20,1,79,0,1,58,3,62,49,10,78,4,141,74,0,74,215
09/26/2022,BTV,VT,ANE,EN,Combined TRACON& Tower with Radar,56,16,23,0,95,0,1,89,7,97,56,17,112,7,192,244,0,244,436
09/27/2022,BTV,VT,ANE,EN,Combined TRACON& Tower with Radar,53,10,27,8,98,0,3,95,13,111,53,13,122,21,209,145,0,145,354
09/28/2022,BTV,VT,ANE,EN,Combined TRACON& Tower with Radar,54,18,46,1,119,0,0,77,5,82,54,18,123,6,201,156,0,156,357
09/29/2022,BTV,VT,ANE,EN,Combined TRACON& Tower with Radar,57,19,28,1,105,0,2,180,10,192,57,21,208,11,297,235,0,235,532
09/30/2022,BTV,VT,ANE,EN,Combined TRACON& Tower with Radar,55,17,36,2,110,0,0,185,2,187,55,17,221,4,297,146,0,146,443
10/01/2022,BTV,VT,ANE,EN,Combined TRACON& Tower with Radar,54,22,16,1,93,0,1,114,0,115,54,23,130,1,208,100,0,100,308
10/02/2022,BTV,VT,ANE,EN,Combined TRACON& Tower with Radar,52,15,20,1,88,0,5,80,0,85,52,20,100,1,173,18,0,18,191
10/03/2022,BTV,VT,ANE,EN,Combined TRACON& Tower with Radar,51,15,40,0,106,0,0,162,0,162,51,15,202,0,268,193,0,193,461
10/04/2022,BTV,VT,ANE,EN,Combined TRACON& Tower with Radar,50,16,22,27,115,0,2,175,11,188,50,18,197,38,303,177,24,201,504
10/05/2022,BTV,VT,ANE,EN,Combined TRACON& Tower with Radar,53,14,37,35,139,0,2,162,2,166,53,16,199,37,305,159,26,185,490
10/06/2022,BTV,VT,ANE,EN,Combined TRACON& Tower with Radar,60,19,16,2,97,0,2,184,8,194,60,21,200,10,291,227,0,227,518
10/07/2022,BTV,VT,ANE,EN,Combined TRACON& Tower with Radar,57,22,44,0,123,0,4,83,0,87,57,26,127,0,210,66,0,66,276
10/08/2022,BTV,VT,ANE,EN,Combined TRACON& Tower with Radar,48,15,26,1,90,0,5,124,0,129,48,20,150,1,219,148,0,148,367
10/09/2022,BTV,VT,ANE,EN,Combined TRACON& Tower with Radar,53,13,25,0,91,0,0,39,0,39,53,13,64,0,130,88,0,88,218
10/10/2022,BTV,VT,ANE,EN,Combined TRACON& Tower with Radar,53,21,29,0,103,0,5,130,4,139,53,26,159,4,242,245,1,246,488
10/11/2022,BTV,VT,ANE,EN,Combined TRACON& Tower with Radar,52,17,28,22,119,0,2,168,7,177,52,19,196,29,296,169,0,169,465
10/12/2022,BTV,VT,ANE,EN,Combined TRACON& Tower with Radar,56,17,25,21,119,0,8,147,8,163,56,25,172,29,282,161,0,161,443
10/13/2022,BTV,VT,ANE,EN,Combined TRACON& Tower with Radar,59,26,25,14,124,0,0,26,0,26,59,26,51,14,150,45,0,45,195
10/14/2022,BTV,VT,ANE,EN,Combined TRACON& Tower with Radar,56,26,25,17,124,0,1,93,2,96,56,27,118,19,220,105,0,105,325
10/15/2022,BTV,VT,ANE,EN,Combined TRACON& Tower with Radar,48,24,23,15,110,0,2,122,7,131,48,26,145,22,241,44,2,46,287
10/16/2022,BTV,VT,ANE,EN,Combined TRACON& Tower with Radar,55,13,39,0,107,0,1,231,8,240,55,14,270,8,347,111,0,111,458
10/17/2022,BTV,VT,ANE,EN,Combined TRACON& Tower with Radar,54,11,21,9,95,0,1,85,0,86,54,12,106,9,181,215,4,219,400
10/18/2022,BTV,VT,ANE,EN,Combined TRACON& Tower with Radar,53,14,30,22,119,0,3,76,5,84,53,17,106,27,203,105,0,105,308
10/19/2022,BTV,VT,ANE,EN,Combined TRACON& Tower with Radar,56,16,23,16,111,0,0,128,4,132,56,16,151,20,243,142,2,144,387
10/20/2022,BTV,VT,ANE,EN,Combined TRACON& Tower with Radar,61,14,22,15,112,0,2,98,5,105,61,16,120,20,217,137,0,137,354
10/21/2022,BTV,VT,ANE,EN,Combined TRACON& Tower with Radar,56,19,33,9,117,0,2,147,1,150,56,21,180,10,267,171,0,171,438
10/22/2022,BTV,VT,ANE,EN,Combined TRACON& Tower with Radar,48,10,16,2,76,0,0,92,0,92,48,10,108,2,168,104,0,104,272
10/23/2022,BTV,VT,ANE,EN,Combined TRACON& Tower with Radar,54,6,24,0,84,0,3,111,0,114,54,9,135,0,198,237,0,237,435
10/24/2022,BTV,VT,ANE,EN,Combined TRACON& Tower with Radar,52,20,18,3,93,0,0,46,3,49,52,20,64,6,142,97,0,97,239
10/25/2022,BTV,VT,ANE,EN,Combined TRACON& Tower with Radar,47,15,40,22,124,0,1,91,7,99,47,16,131,29,223,208,10,218,441
10/26/2022,BTV,VT,ANE,EN,Combined TRACON& Tower with Radar,52,13,38,15,118,0,2,93,3,98,52,15,131,18,216,165,0,165,381
10/27/2022,BTV,VT,ANE,EN,Combined TRACON& Tower with Radar,57,31,39,15,142,0,2,112,8,122,57,33,151,23,264,75,0,75,339
10/28/2022,BTV,VT,ANE,EN,Combined TRACON& Tower with Radar,56,20,21,9,106,0,1,145,7,153,56,21,166,16,259,100,4,104,363
10/29/2022,BTV,VT,ANE,EN,Combined TRACON& Tower with Radar,46,17,16,0,79,0,3,127,0,130,46,20,143,0,209,100,0,100,309
10/30/2022,BTV,VT,ANE,EN,Combined TRACON& Tower with Radar,49,6,14,0,69,0,3,81,1,85,49,9,95,1,154,96,0,96,250
10/31/2022,BTV,VT,ANE,EN,Combined TRACON& Tower with Radar,49,14,23,5,91,0,0,93,2,95,49,14,116,7,186,140,0,140,326
11/01/2022,BTV,VT,ANE,EN,Combined TRACON& Tower with Radar,51,15,33,15,114,0,0,85,8,93,51,15,118,23,207,233,0,233,440
11/02/2022,BTV,VT,ANE,EN,Combined TRACON& Tower with Radar,53,21,12,14,100,0,4,109,10,123,53,25,121,24,223,128,2,130,353
11/03/2022,BTV,VT,ANE,EN,Combined TRACON& Tower with Radar,49,20,22,17,108,0,4,129,7,140,49,24,151,24,248,133,19,152,400
11/04/2022,BTV,VT,ANE,EN,Combined TRACON& Tower with Radar,47,15,28,13,103,0,3,134,5,142,47,18,162,18,245,78,0,78,323
11/05/2022,BTV,VT,ANE,EN,Combined TRACON& Tower with Radar,40,7,10,9,66,0,3,35,4,42,40,10,45,13,108,29,0,29,137
11/06/2022,BTV,VT,ANE,EN,Combined TRACON& Tower with Radar,45,17,20,4,86,0,2,8,0,10,45,19,28,4,96,23,6,29,125
11/07/2022,BTV,VT,ANE,EN,Combined TRACON& Tower with Radar,48,9,17,3,77,0,0,72,12,84,48,9,89,15,161,106,4,110,271
11/08/2022,BTV,VT,ANE,EN,Combined TRACON& Tower with Radar,51,19,24,16,110,0,2,103,12,117,51,21,127,28,227,118,0,118,345
11/09/2022,BTV,VT,ANE,EN,Combined TRACON& Tower with Radar,51,20,32,17,120,0,4,154,8,166,51,24,186,25,286,181,0,181,467
11/10/2022,BTV,VT,ANE,EN,Combined TRACON& Tower with Radar,53,15,22,7,97,0,3,79,4,86,53,18,101,11,183,128,0,128,311
11/11/2022,BTV,VT,ANE,EN,Combined TRACON& Tower with Radar,50,9,10,2,71,0,0,82,0,82,50,9,92,2,153,130,0,130,283
11/12/2022,BTV,VT,ANE,EN,Combined TRACON& Tower with Radar,39,8,9,0,56,0,0,10,0,10,39,8,19,0,66,100,0,100,166
11/13/2022,BTV,VT,ANE,EN,Combined TRACON& Tower with Radar,43,7,17,1,68,0,0,13,0,13,43,7,30,1,81,139,0,139,220
11/14/2022,BTV,VT,ANE,EN,Combined TRACON& Tower with Radar,51,4,26,1,82,0,3,113,1,117,51,7,139,2,199,114,0,114,313
11/15/2022,BTV,VT,ANE,EN,Combined TRACON& Tower with Radar,52,12,28,13,105,0,2,138,4,144,52,14,166,17,249,188,1,189,438
11/16/2022,BTV,VT,ANE,EN,Combined TRACON& Tower with Radar,50,13,6,0,69,0,0,0,0,0,50,13,6,0,69,0,0,0,69
11/17/2022,BTV,VT,ANE,EN,Combined TRACON& Tower with Radar,53,19,20,18,110,0,0,44,10,54,53,19,64,28,164,54,30,84,248
11/18/2022,BTV,VT,ANE,EN,Combined TRACON& Tower with Radar,50,14,25,9,98,0,0,55,2,57,50,14,80,11,155,139,0,139,294
11/19/2022,BTV,VT,ANE,EN,Combined TRACON& Tower with Radar,42,13,13,0,68,0,0,89,0,89,42,13,102,0,157,105,0,105,262
11/20/2022,BTV,VT,ANE,EN,Combined TRACON& Tower with Radar,45,6,27,0,78,0,0,10,1,11,45,6,37,1,89,2,0,2,91
11/21/2022,BTV,VT,ANE,EN,Combined TRACON& Tower with Radar,52,10,3,0,65,0,0,46,2,48,52,10,49,2,113,37,0,37,150
11/22/2022,BTV,VT,ANE,EN,Combined TRACON& Tower with Radar,49,20,31,18,118,0,8,147,20,175,49,28,178,38,293,125,0,125,418
11/23/2022,BTV,VT,ANE,EN,Combined TRACON& Tower with Radar,51,11,27,7,96,0,0,32,0,32,51,11,59,7,128,258,0,258,386
11/24/2022,BTV,VT,ANE,EN,Combined TRACON& Tower with Radar,26,4,5,0,35,0,6,30,0,36,26,10,35,0,71,30,0,30,101
11/25/2022,BTV,VT,ANE,EN,Combined TRACON& Tower with Radar,37,11,15,0,63,0,0,2,0,2,37,11,17,0,65,0,0,0,65
11/26/2022,BTV,VT,ANE,EN,Combined TRACON& Tower with Radar,40,13,24,0,77,0,3,74,0,77,40,16,98,0,154,130,0,130,284
11/27/2022,BTV,VT,ANE,EN,Combined TRACON& Tower with Radar,42,11,22,2,77,0,2,46,0,48,42,13,68,2,125,82,0,82,207
11/28/2022,BTV,VT,ANE,EN,Combined TRACON& Tower with Radar,54,10,15,1,80,0,0,28,0,28,54,10,43,1,108,70,0,70,178
11/29/2022,BTV,VT,ANE,EN,Combined TRACON& Tower with Radar,53,12,28,12,105,0,0,113,14,127,53,12,141,26,232,231,15,246,478
11/30/2022,BTV,VT,ANE,EN,Combined TRACON& Tower with Radar,42,21,9,4,76,0,0,5,0,5,42,21,14,4,81,59,0,59,140
12/01/2022,BTV,VT,ANE,EN,Combined TRACON& Tower with Radar,50,12,11,0,73,0,0,23,7,30,50,12,34,7,103,49,19,68,171
12/02/2022,BTV,VT,ANE,EN,Combined TRACON& Tower with Radar,51,9,41,8,109,0,0,118,0,118,51,9,159,8,227,136,6,142,369
12/03/2022,BTV,VT,ANE,EN,Combined TRACON& Tower with Radar,40,12,5,1,58,0,0,0,0,0,40,12,5,1,58,0,0,0,58
12/04/2022,BTV,VT,ANE,EN,Combined TRACON& Tower with Radar,42,15,18,1,76,0,1,90,0,91,42,16,108,1,167,126,0,126,293
12/05/2022,BTV,VT,ANE,EN,Combined TRACON& Tower with Radar,47,10,25,3,85,0,2,86,10,98,47,12,111,13,183,130,0,130,313
12/06/2022,BTV,VT,ANE,EN,Combined TRACON& Tower with Radar,47,10,12,17,86,0,0,36,2,38,47,10,48,19,124,225,0,225,349
12/07/2022,BTV,VT,ANE,EN,Combined TRACON& Tower with Radar,49,14,19,0,82,0,0,0,0,0,49,14,19,0,82,20,0,20,102
12/08/2022,BTV,VT,ANE,EN,Combined TRACON& Tower with Radar,47,18,16,17,98,0,0,86,10,96,47,18,102,27,194,228,0,228,422
12/09/2022,BTV,VT,ANE,EN,Combined TRACON& Tower with Radar,48,23,34,5,110,0,4,159,5,168,48,27,193,10,278,120,1,121,399
12/10/2022,BTV,VT,ANE,EN,Combined TRACON& Tower with Radar,36,12,17,0,65,0,0,106,0,106,36,12,123,0,171,165,0,165,336
12/11/2022,BTV,VT,ANE,EN,Combined TRACON& Tower with Radar,40,14,11,0,65,0,0,17,0,17,40,14,28,0,82,76,0,76,158
12/12/2022,BTV,VT,ANE,EN,Combined TRACON& Tower with Radar,46,17,26,2,91,0,5,91,8,104,46,22,117,10,195,99,0,99,294
12/13/2022,BTV,VT,ANE,EN,Combined TRACON& Tower with Radar,47,14,30,12,103,0,0,123,1,124,47,14,153,13,227,194,4,198,425
12/14/2022,BTV,VT,ANE,EN,Combined TRACON& Tower with Radar,50,18,32,15,115,0,1,69,1,71,50,19,101,16,186,110,0,110,296
12/15/2022,BTV,VT,ANE,EN,Combined TRACON& Tower with Radar,46,22,21,27,116,0,0,117,6,123,46,22,138,33,239,135,6,141,380
12/16/2022,BTV,VT,ANE,EN,Combined TRACON& Tower with Radar,44,10,4,0,58,0,0,0,0,0,44,10,4,0,58,0,0,0,58
12/17/2022,BTV,VT,ANE,EN,Combined TRACON& Tower with Radar,48,15,14,0,77,1,0,1,0,2,49,15,15,0,79,0,0,0,79
12/18/2022,BTV,VT,ANE,EN,Combined TRACON& Tower with Radar,41,20,9,0,70,0,1,36,0,37,41,21,45,0,107,63,0,63,170
12/19/2022,BTV,VT,ANE,EN,Combined TRACON& Tower with Radar,44,27,18,0,89,0,0,53,0,53,44,27,71,0,142,85,0,85,227
12/20/2022,BTV,VT,ANE,EN,Combined TRACON& Tower with Radar,46,21,16,8,91,0,0,83,11,94,46,21,99,19,185,172,3,175,360
12/21/2022,BTV,VT,ANE,EN,Combined TRACON& Tower with Radar,47,26,21,16,110,0,3,128,9,140,47,29,149,25,250,152,10,162,412
12/22/2022,BTV,VT,ANE,EN,Combined TRACON& Tower with Radar,44,27,13,14,98,0,1,125,8,134,44,28,138,22,232,164,0,164,396
12/23/2022,BTV,VT,ANE,EN,Combined TRACON& Tower with Radar,24,11,2,0,37,0,0,0,0,0,24,11,2,0,37,0,0,0,37
12/24/2022,BTV,VT,ANE,EN,Combined TRACON& Tower with Radar,26,12,5,0,43,0,0,2,0,2,26,12,7,0,45,0,0,0,45
12/25/2022,BTV,VT,ANE,EN,Combined TRACON& Tower with Radar,18,11,5,0,34,0,0,1,0,1,18,11,6,0,35,0,0,0,35
12/26/2022,BTV,VT,ANE,EN,Combined TRACON& Tower with Radar,32,26,22,0,80,0,1,43,0,44,32,27,65,0,124,31,0,31,155
12/27/2022,BTV,VT,ANE,EN,Combined TRACON& Tower with Radar,34,16,23,0,73,0,0,54,0,54,34,16,77,0,127,129,0,129,256
12/28/2022,BTV,VT,ANE,EN,Combined TRACON& Tower with Radar,35,15,14,8,72,0,2,31,0,33,35,17,45,8,105,73,0,73,178
12/29/2022,BTV,VT,ANE,EN,Combined TRACON& Tower with Radar,33,22,16,18,89,0,3,103,3,109,33,25,119,21,198,36,4,40,238
12/30/2022,BTV,VT,ANE,EN,Combined TRACON& Tower with Radar,34,14,19,12,79,0,2,84,4,90,34,16,103,16,169,102,0,102,271
12/31/2022,BTV,VT,ANE,EN,Combined TRACON& Tower with Radar,29,10,9,0,48,0,1,16,0,17,29,11,25,0,65,18,29,47,112
01/01/2023,BTV,VT,ANE,EN,Combined TRACON& Tower with Radar,31,18,7,0,56,0,0,8,0,8,31,18,15,0,64,44,0,44,108
01/02/2023,BTV,VT,ANE,EN,Combined TRACON& Tower with Radar,34,10,25,0,69,0,0,65,0,65,34,10,90,0,134,151,0,151,285
01/03/2023,BTV,VT,ANE,EN,Combined TRACON& Tower with Radar,36,12,19,0,67,0,0,77,4,81,36,12,96,4,148,256,12,268,416
01/04/2023,BTV,VT,ANE,EN,Combined TRACON& Tower with Radar,35,22,5,0,62,0,0,0,0,0,35,22,5,0,62,0,0,0,62
01/05/2023,BTV,VT,ANE,EN,Combined TRACON& Tower with Radar,29,21,20,17,87,0,0,17,2,19,29,21,37,19,106,134,0,134,240
01/06/2023,BTV,VT,ANE,EN,Combined TRACON& Tower with Radar,31,26,22,13,92,0,1,64,4,69,31,27,86,17,161,207,8,215,376
01/07/2023,BTV,VT,ANE,EN,Combined TRACON& Tower with Radar,33,11,9,13,66,0,0,21,0,21,33,11,30,13,87,128,0,128,215
01/08/2023,BTV,VT,ANE,EN,Combined TRACON& Tower with Radar,40,13,20,0,73,0,1,101,0,102,40,14,121,0,175,188,0,188,363
01/09/2023,BTV,VT,ANE,EN,Combined TRACON& Tower with Radar,43,13,19,1,76,0,0,99,5,104,43,13,118,6,180,297,0,297,477
01/10/2023,BTV,VT,ANE,EN,Combined TRACON& Tower with Radar,46,17,17,7,87,0,2,99,16,117,46,19,116,23,204,152,1,153,357
01/11/2023,BTV,VT,ANE,EN,Combined TRACON& Tower with Radar,41,20,14,13,88,0,2,138,4,144,41,22,152,17,232,112,0,112,344
01/12/2023,BTV,VT,ANE,EN,Combined TRACON& Tower with Radar,45,17,18,4,84,0,0,12,2,14,45,17,30,6,98,151,0,151,249
01/13/2023,BTV,VT,ANE,EN,Combined TRACON& Tower with Radar,46,28,10,0,84,0,0,0,0,0,46,28,10,0,84,0,0,0,84
01/14/2023,BTV,VT,ANE,EN,Combined TRACON& Tower with Radar,35,20,12,0,67,0,0,2,0,2,35,20,14,0,69,0,0,0,69
01/15/2023,BTV,VT,ANE,EN,Combined TRACON& Tower with Radar,40,15,35,0,90,0,0,40,0,40,40,15,75,0,130,91,0,91,221
01/16/2023,BTV,VT,ANE,EN,Combined TRACON& Tower with Radar,41,33,27,2,103,0,1,72,0,73,41,34,99,2,176,131,0,131,307
01/17/2023,BTV,VT,ANE,EN,Combined TRACON& Tower with Radar,42,28,17,10,97,0,0,142,12,154,42,28,159,22,251,120,8,128,379
01/18/2023,BTV,VT,ANE,EN,Combined TRACON& Tower with Radar,42,24,14,12,92,0,0,27,0,27,42,24,41,12,119,202,0,202,321
01/19/2023,BTV,VT,ANE,EN,Combined TRACON& Tower with Radar,43,30,15,3,91,0,0,117,19,136,43,30,132,22,227,216,0,216,443
01/20/2023,BTV,VT,ANE,EN,Combined TRACON& Tower with Radar,42,24,10,0,76,0,0,2,0,2,42,24,12,0,78,6,0,6,84
01/21/2023,BTV,VT,ANE,EN,Combined TRACON& Tower with Radar,34,19,13,0,66,0,0,31,0,31,34,19,44,0,97,195,0,195,292
01/22/2023,BTV,VT,ANE,EN,Combined TRACON& Tower with Radar,40,20,7,0,67,0,0,31,0,31,40,20,38,0,98,99,0,99,197
01/23/2023,BTV,VT,ANE,EN,Combined TRACON& Tower with Radar,41,11,10,0,62,0,0,7,0,7,41,11,17,0,69,0,0,0,69
01/24/2023,BTV,VT,ANE,EN,Combined TRACON& Tower with Radar,43,25,14,12,94,0,0,52,3,55,43,25,66,15,149,58,15,73,222
01/25/2023,BTV,VT,ANE,EN,Combined TRACON& Tower with Radar,37,15,12,6,70,0,0,74,4,78,37,15,86,10,148,106,0,106,254
01/26/2023,BTV,VT,ANE,EN,Combined TRACON& Tower with Radar,45,19,4,0,68,0,0,4,0,4,45,19,8,0,72,0,0,0,72
01/27/2023,BTV,VT,ANE,EN,Combined TRACON& Tower with Radar,46,28,23,5,102,0,3,134,4,141,46,31,157,9,243,155,0,155,398
01/28/2023,BTV,VT,ANE,EN,Combined TRACON& Tower with Radar,35,23,14,1,73,0,2,38,0,40,35,25,52,1,113,95,1,96,209
01/29/2023,BTV,VT,ANE,EN,Combined TRACON& Tower with Radar,40,24,8,0,72,0,0,14,0,14,40,24,22,0,86,100,0,100,186
01/30/2023,BTV,VT,ANE,EN,Combined TRACON& Tower with Radar,43,19,17,0,79,0,0,15,2,17,43,19,32,2,96,74,7,81,177
01/31/2023,BTV,VT,ANE,EN,Combined TRACON& Tower with Radar,44,20,18,11,93,0,1,132,18,151,44,21,150,29,244,76,0,76,320
02/01/2023,BTV,VT,ANE,EN,Combined TRACON& Tower with Radar,43,19,13,10,85,0,3,119,6,128,43,22,132,16,213,97,0,97,310
02/02/2023,BTV,VT,ANE,EN,Combined TRACON& Tower with Radar,46,15,14,21,96,0,2,93,7,102,46,17,107,28,198,53,5,58,256
02/03/2023,BTV,VT,ANE,EN,Combined TRACON& Tower with Radar,38,27,9,3,77,0,1,5,2,8,38,28,14,5,85,0,14,14,99
02/04/2023,BTV,VT,ANE,EN,Combined TRACON& Tower with Radar,31,17,4,9,61,0,1,11,0,12,31,18,15,9,73,0,0,0,73
02/05/2023,BTV,VT,ANE,EN,Combined TRACON& Tower with Radar,36,22,21,9,88,0,1,42,12,55,36,23,63,21,143,37,0,37,180
02/06/2023,BTV,VT,ANE,EN,Combined TRACON& Tower with Radar,37,24,19,0,80,0,1,102,1,104,37,25,121,1,184,131,0,131,315
02/07/2023,BTV,VT,ANE,EN,Combined TRACON& Tower with Radar,40,29,11,6,86,0,1,83,6,90,40,30,94,12,176,107,0,107,283
02/08/2023,BTV,VT,ANE,EN,Combined TRACON& Tower with Radar,40,29,17,9,95,0,0,138,2,140,40,29,155,11,235,218,0,218,453
02/09/2023,BTV,VT,ANE,EN,Combined TRACON& Tower with Radar,39,27,14,11,91,0,0,54,6,60,39,27,68,17,151,104,0,104,255
02/10/2023,BTV,VT,ANE,EN,Combined TRACON& Tower with Radar,45,24,16,7,92,0,1,22,0,23,45,25,38,7,115,85,0,85,200
02/11/2023,BTV,VT,ANE,EN,Combined TRACON& Tower with Radar,39,13,10,0,62,0,3,113,1,117,39,16,123,1,179,117,0,117,296
02/12/2023,BTV,VT,ANE,EN,Combined TRACON& Tower with Radar,41,14,19,0,74,0,3,123,2,128,41,17,142,2,202,50,0,50,252
02/13/2023,BTV,VT,ANE,EN,Combined TRACON& Tower with Radar,44,16,18,5,83,0,2,141,8,151,44,18,159,13,234,154,0,154,388
02/14/2023,BTV,VT,ANE,EN,Combined TRACON& Tower with Radar,46,21,16,16,99,0,1,92,4,97,46,22,108,20,196,141,2,143,339
02/15/2023,BTV,VT,ANE,EN,Combined TRACON& Tower with Radar,46,28,8,9,91,0,3,26,13,42,46,31,34,22,133,23,0,23,156
02/16/2023,BTV,VT,ANE,EN,Combined TRACON& Tower with Radar,45,19,28,7,99,0,1,117,6,124,45,20,145,13,223,264,3,267,490
02/17/2023,BTV,VT,ANE,EN,Combined TRACON& Tower with Radar,45,29,16,1,91,0,0,0,0,0,45,29,16,1,91,0,0,0,91
02/18/2023,BTV,VT,ANE,EN,Combined TRACON& Tower with Radar,38,13,26,2,79,0,8,110,0,118,38,21,136,2,197,170,0,170,367
02/19/2023,BTV,VT,ANE,EN,Combined TRACON& Tower with Radar,41,16,17,0,74,0,2,65,1,68,41,18,82,1,142,95,0,95,237
02/20/2023,BTV,VT,ANE,EN,Combined TRACON& Tower with Radar,44,19,34,0,97,0,2,90,2,94,44,21,124,2,191,169,0,169,360
02/21/2023,BTV,VT,ANE,EN,Combined TRACON& Tower with Radar,45,21,18,8,92,0,0,101,5,106,45,21,119,13,198,152,0,152,350
02/22/2023,BTV,VT,ANE,EN,Combined TRACON& Tower with Radar,40,21,18,9,88,0,1,117,6,124,40,22,135,15,212,188,0,188,400
02/23/2023,BTV,VT,ANE,EN,Combined TRACON& Tower with Radar,43,23,3,1,70,0,0,0,0,0,43,23,3,1,70,0,0,0,70
02/24/2023,BTV,VT,ANE,EN,Combined TRACON& Tower with Radar,43,33,27,7,110,0,0,37,3,40,43,33,64,10,150,81,0,81,231
02/25/2023,BTV,VT,ANE,EN,Combined TRACON& Tower with Radar,39,26,9,0,74,0,0,21,0,21,39,26,30,0,95,22,0,22,117
02/26/2023,BTV,VT,ANE,EN,Combined TRACON& Tower with Radar,43,25,16,0,84,0,0,0,0,0,43,25,16,0,84,7,0,7,91
02/27/2023,BTV,VT,ANE,EN,Combined TRACON& Tower with Radar,39,17,11,0,67,0,0,127,2,129,39,17,138,2,196,109,0,109,305
02/28/2023,BTV,VT,ANE,EN,Combined TRACON& Tower with Radar,38,15,7,0,60,0,0,0,0,0,38,15,7,0,60,0,0,0,60
03/01/2023,BTV,VT,ANE,EN,Combined TRACON& Tower with Radar,46,24,17,4,91,0,0,104,8,112,46,24,121,12,203,175,0,175,378
03/02/2023,BTV,VT,ANE,EN,Combined TRACON& Tower with Radar,44,28,14,7,93,0,0,2,0,2,44,28,16,7,95,50,0,50,145
03/03/2023,BTV,VT,ANE,EN,Combined TRACON& Tower with Radar,38,21,16,11,86,1,2,140,4,147,39,23,156,15,233,224,1,225,458
03/04/2023,BTV,VT,ANE,EN,Combined TRACON& Tower with Radar,29,14,1,0,44,0,0,0,0,0,29,14,1,0,44,0,0,0,44
03/05/2023,BTV,VT,ANE,EN,Combined TRACON& Tower with Radar,40,29,21,4,94,0,1,38,0,39,40,30,59,4,133,164,0,164,297
03/06/2023,BTV,VT,ANE,EN,Combined TRACON& Tower with Radar,44,15,18,2,79,0,1,114,2,117,44,16,132,4,196,186,0,186,382
03/07/2023,BTV,VT,ANE,EN,Combined TRACON& Tower with Radar,44,18,21,15,98,0,1,8,1,10,44,19,29,16,108,10,0,10,118
03/08/2023,BTV,VT,ANE,EN,Combined TRACON& Tower with Radar,45,17,18,17,97,0,1,25,0,26,45,18,43,17,123,62,0,62,185
03/09/2023,BTV,VT,ANE,EN,Combined TRACON& Tower with Radar,45,16,19,16,96,0,3,63,9,75,45,19,82,25,171,182,0,182,353
03/10/2023,BTV,VT,ANE,EN,Combined TRACON& Tower with Radar,43,27,30,8,108,0,1,152,12,165,43,28,182,20,273,203,0,203,476
03/11/2023,BTV,VT,ANE,EN,Combined TRACON& Tower with Radar,34,25,11,0,70,0,0,89,0,89,34,25,100,0,159,146,0,146,305
03/12/2023,BTV,VT,ANE,EN,Combined TRACON& Tower with Radar,40,15,22,0,77,0,3,106,0,109,40,18,128,0,186,100,0,100,286
03/13/2023,BTV,VT,ANE,EN,Combined TRACON& Tower with Radar,42,8,13,0,63,0,1,55,0,56,42,9,68,0,119,308,0,308,427
03/14/2023,BTV,VT,ANE,EN,Combined TRACON& Tower with Radar,21,4,8,0,33,0,0,0,0,0,21,4,8,0,33,0,0,0,33
03/15/2023,BTV,VT,ANE,EN,Combined TRACON& Tower with Radar,33,14,11,14,72,0,1,12,0,13,33,15,23,14,85,0,0,0,85
03/16/2023,BTV,VT,ANE,EN,Combined TRACON& Tower with Radar,43,24,29,18,114,0,2,72,1,75,43,26,101,19,189,59,0,59,248
03/17/2023,BTV,VT,ANE,EN,Combined TRACON& Tower with Radar,45,23,15,10,93,0,1,82,0,83,45,24,97,10,176,212,2,214,390
03/18/2023,BTV,VT,ANE,EN,Combined TRACON& Tower with Radar,35,19,8,2,64,0,1,95,1,97,35,20,103,3,161,132,1,133,294
03/19/2023,BTV,VT,ANE,EN,Combined TRACON& Tower with Radar,39,19,11,1,70,0,0,19,0,19,39,19,30,1,89,22,0,22,111
03/20/2023,BTV,VT,ANE,EN,Combined TRACON& Tower with Radar,44,9,29,2,84,0,2,144,1,147,44,11,173,3,231,215,0,215,446
03/21/2023,BTV,VT,ANE,EN,Combined TRACON& Tower with Radar,45,19,19,16,99,0,1,121,16,138,45,20,140,32,237,150,2,152,389
03/22/2023,BTV,VT,ANE,EN,Combined TRACON& Tower with Radar,44,19,23,8,94,0,4,163,2,169,44,23,186,10,263,148,0,148,411
03/23/2023,BTV,VT,ANE,EN,Combined TRACON& Tower with Radar,46,18,15,10,89,0,1,18,0,19,46,19,33,10,108,92,0,92,200
03/24/2023,BTV,VT,ANE,EN,Combined TRACON& Tower with Radar,44,16,19,18,97,0,1,131,7,139,44,17,150,25,236,194,0,194,430
03/25/2023,BTV,VT,ANE,EN,Combined TRACON& Tower with Radar,36,13,9,0,58,0,0,46,0,46,36,13,55,0,104,16,0,16,120
03/26/2023,BTV,VT,ANE,EN,Combined TRACON& Tower with Radar,42,22,10,0,74,0,0,6,0,6,42,22,16,0,80,16,0,16,96
03/27/2023,BTV,VT,ANE,EN,Combined TRACON& Tower with Radar,45,16,15,0,76,0,1,141,6,148,45,17,156,6,224,116,0,116,340
03/28/2023,BTV,VT,ANE,EN,Combined TRACON& Tower with Radar,48,11,35,16,110,0,2,143,12,157,48,13,178,28,267,104,0,104,371
03/29/2023,BTV,VT,ANE,EN,Combined TRACON& Tower with Radar,49,21,31,17,118,1,2,110,7,120,50,23,141,24,238,162,0,162,400
03/30/2023,BTV,VT,ANE,EN,Combined TRACON& Tower with Radar,46,27,40,15,128,0,4,68,12,84,46,31,108,27,212,34,1,35,247
03/31/2023,BTV,VT,ANE,EN,Combined TRACON& Tower with Radar,43,23,19,9,94,0,3,85,1,89,43,26,104,10,183,107,0,107,290
04/01/2023,BTV,VT,ANE,EN,Combined TRACON& Tower with Radar,39,15,4,10,68,0,1,2,2,5,39,16,6,12,73,0,0,0,73
04/02/2023,BTV,VT,ANE,EN,Combined TRACON& Tower with Radar,43,11,13,4,71,0,2,77,4,83,43,13,90,8,154,64,0,64,218
04/03/2023,BTV,VT,ANE,EN,Combined TRACON& Tower with Radar,46,10,18,12,86,0,3,40,8,51,46,13,58,20,137,33,4,37,174
04/04/2023,BTV,VT,ANE,EN,Combined TRACON& Tower with Radar,50,9,23,4,86,0,3,143,5,151,50,12,166,9,237,179,0,179,416
04/05/2023,BTV,VT,ANE,EN,Combined TRACON& Tower with Radar,48,11,13,14,86,0,1,14,0,15,48,12,27,14,101,25,0,25,126
04/06/2023,BTV,VT,ANE,EN,Combined TRACON& Tower with Radar,55,17,38,9,119,0,2,92,6,100,55,19,130,15,219,175,0,175,394
04/07/2023,BTV,VT,ANE,EN,Combined TRACON& Tower with Radar,52,6,9,0,67,0,3,34,2,39,52,9,43,2,106,85,0,85,191
04/08/2023,BTV,VT,ANE,EN,Combined TRACON& Tower with Radar,41,9,13,0,63,0,1,113,0,114,41,10,126,0,177,71,0,71,248
04/09/2023,BTV,VT,ANE,EN,Combined TRACON& Tower with Radar,48,7,16,0,71,0,0,106,1,107,48,7,122,1,178,130,0,130,308
04/10/2023,BTV,VT,ANE,EN,Combined TRACON& Tower with Radar,51,14,12,4,81,0,4,161,0,165,51,18,173,4,246,197,19,216,462
04/11/2023,BTV,VT,ANE,EN,Combined TRACON& Tower with Radar,56,15,16,19,106,0,4,75,10,89,56,19,91,29,195,74,2,76,271
04/12/2023,BTV,VT,ANE,EN,Combined TRACON& Tower with Radar,52,14,29,15,110,0,5,116,8,129,52,19,145,23,239,189,0,189,428
04/13/2023,BTV,VT,ANE,EN,Combined TRACON& Tower with Radar,51,14,28,19,112,0,4,163,11,178,51,18,191,30,290,254,2,256,546
04/14/2023,BTV,VT,ANE,EN,Combined TRACON& Tower with Radar,51,12,27,11,101,0,4,160,8,172,51,16,187,19,273,229,0,229,502
04/15/2023,BTV,VT,ANE,EN,Combined TRACON& Tower with Radar,37,12,19,0,68,0,0,134,1,135,37,12,153,1,203,160,0,160,363
04/16/2023,BTV,VT,ANE,EN,Combined TRACON& Tower with Radar,47,13,15,0,75,0,0,136,0,136,47,13,151,0,211,132,0,132,343
04/17/2023,BTV,VT,ANE,EN,Combined TRACON& Tower with Radar,50,10,16,0,76,0,0,14,0,14,50,10,30,0,90,61,0,61,151
04/18/2023,BTV,VT,ANE,EN,Combined TRACON& Tower with Radar,51,14,14,14,93,0,2,90,2,94,51,16,104,16,187,196,4,200,387
04/19/2023,BTV,VT,ANE,EN,Combined TRACON& Tower with Radar,51,19,14,10,94,0,2,90,4,96,51,21,104,14,190,260,0,260,450
04/20/2023,BTV,VT,ANE,EN,Combined TRACON& Tower with Radar,50,9,31,13,103,0,4,138,17,159,50,13,169,30,262,234,0,234,496
04/21/2023,BTV,VT,ANE,EN,Combined TRACON& Tower with Radar,52,11,34,21,118,0,3,150,3,156,52,14,184,24,274,138,10,148,422
04/22/2023,BTV,VT,ANE,EN,Combined TRACON& Tower with Radar,38,11,18,0,67,0,0,42,0,42,38,11,60,0,109,72,0,72,181
04/23/2023,BTV,VT,ANE,EN,Combined TRACON& Tower with Radar,44,8,11,0,63,0,0,1,0,1,44,8,12,0,64,24,0,24,88
04/24/2023,BTV,VT,ANE,EN,Combined TRACON& Tower with Radar,51,13,21,0,85,0,1,12,0,13,51,14,33,0,98,101,0,101,199
04/25/2023,BTV,VT,ANE,EN,Combined TRACON& Tower with Radar,53,13,15,0,81,0,1,41,10,52,53,14,56,10,133,229,0,229,362
04/26/2023,BTV,VT,ANE,EN,Combined TRACON& Tower with Radar,52,10,16,9,87,0,5,116,3,124,52,15,132,12,211,128,6,134,345
04/27/2023,BTV,VT,ANE,EN,Combined TRACON& Tower with Radar,51,17,22,9,99,0,4,126,6,136,51,21,148,15,235,197,22,219,454
04/28/2023,BTV,VT,ANE,EN,Combined TRACON& Tower with Radar,50,13,22,6,91,0,4,166,0,170,50,17,188,6,261,171,2,173,434
04/29/2023,BTV,VT,ANE,EN,Combined TRACON& Tower with Radar,36,18,7,0,61,0,1,34,0,35,36,19,41,0,96,46,0,46,142
04/30/2023,BTV,VT,ANE,EN,Combined TRACON& Tower with Radar,46,11,6,0,63,0,0,9,0,9,46,11,15,0,72,5,0,5,77
05/01/2023,BTV,VT,ANE,EN,Combined TRACON& Tower with Radar,50,13,10,0,73,0,2,18,0,20,50,15,28,0,93,78,0,78,171
05/02/2023,BTV,VT,ANE,EN,Combined TRACON& Tower with Radar,52,16,20,14,102,0,3,38,2,43,52,19,58,16,145,205,0,205,350
05/03/2023,BTV,VT,ANE,EN,Combined TRACON& Tower with Radar,50,14,23,15,102,0,4,27,0,31,50,18,50,15,133,235,0,235,368
05/04/2023,BTV,VT,ANE,EN,Combined TRACON& Tower with Radar,51,18,29,13,111,0,6,82,3,91,51,24,111,16,202,354,0,354,556
05/05/2023,BTV,VT,ANE,EN,Combined TRACON& Tower with Radar,50,12,23,10,95,0,2,139,2,143,50,14,162,12,238,150,0,150,388
05/06/2023,BTV,VT,ANE,EN,Combined TRACON& Tower with Radar,41,8,29,9,87,0,1,157,4,162,41,9,186,13,249,83,0,83,332
05/07/2023,BTV,VT,ANE,EN,Combined TRACON& Tower with Radar,46,18,30,4,98,0,1,114,2,117,46,19,144,6,215,100,0,100,315
05/08/2023,BTV,VT,ANE,EN,Combined TRACON& Tower with Radar,50,8,18,2,78,0,3,129,2,134,50,11,147,4,212,227,0,227,439
05/09/2023,BTV,VT,ANE,EN,Combined TRACON& Tower with Radar,50,15,35,5,105,0,3,124,11,138,50,18,159,16,243,133,2,135,378
05/10/2023,BTV,VT,ANE,EN,Combined TRACON& Tower with Radar,54,10,26,9,99,0,9,165,3,177,54,19,191,12,276,337,13,350,626
05/11/2023,BTV,VT,ANE,EN,Combined TRACON& Tower with Radar,54,16,22,7,99,0,6,150,6,162,54,22,172,13,261,236,0,236,497
05/12/2023,BTV,VT,ANE,EN,Combined TRACON& Tower with Radar,52,14,17,3,86,0,7,133,5,145,52,21,150,8,231,214,0,214,445
05/13/2023,BTV,VT,ANE,EN,Combined TRACON& Tower with Radar,42,6,20,0,68,0,1,70,1,72,42,7,90,1,140,118,0,118,258
05/14/2023,BTV,VT,ANE,EN,Combined TRACON& Tower with Radar,46,10,19,0,75,0,4,55,0,59,46,14,74,0,134,67,0,67,201
05/15/2023,BTV,VT,ANE,EN,Combined TRACON& Tower with Radar,50,8,14,5,77,0,8,109,3,120,50,16,123,8,197,133,0,133,330
05/16/2023,BTV,VT,ANE,EN,Combined TRACON& Tower with Radar,49,9,22,7,87,0,10,91,3,104,49,19,113,10,191,146,0,146,337
05/17/2023,BTV,VT,ANE,EN,Combined TRACON& Tower with Radar,52,12,13,8,85,0,5,69,2,76,52,17,82,10,161,102,1,103,264
05/18/2023,BTV,VT,ANE,EN,Combined TRACON& Tower with Radar,52,23,32,18,125,0,13,168,18,199,52,36,200,36,324,147,9,156,480
05/19/2023,BTV,VT,ANE,EN,Combined TRACON& Tower with Radar,54,24,20,5,103,0,4,51,3,58,54,28,71,8,161,10,0,10,171
05/20/2023,BTV,VT,ANE,EN,Combined TRACON& Tower with Radar,42,21,3,0,66,0,0,32,0,32,42,21,35,0,98,10,0,10,108
05/21/2023,BTV,VT,ANE,EN,Combined TRACON& Tower with Radar,52,15,25,0,92,0,1,60,0,61,52,16,85,0,153,147,0,147,300
05/22/2023,BTV,VT,ANE,EN,Combined TRACON& Tower with Radar,50,13,21,2,86,0,6,146,4,156,50,19,167,6,242,198,0,198,440
05/23/2023,BTV,VT,ANE,EN,Combined TRACON& Tower with Radar,50,15,27,8,100,0,4,182,7,193,50,19,209,15,293,220,0,220,513
05/24/2023,BTV,VT,ANE,EN,Combined TRACON& Tower with Radar,54,12,14,17,97,0,4,58,0,62,54,16,72,17,159,78,0,78,237
05/25/2023,BTV,VT,ANE,EN,Combined TRACON& Tower with Radar,53,18,9,5,85,0,4,122,2,128,53,22,131,7,213,184,4,188,401
05/26/2023,BTV,VT,ANE,EN,Combined TRACON& Tower with Radar,53,21,25,2,101,0,1,163,2,166,53,22,188,4,267,67,0,67,334
05/27/2023,BTV,VT,ANE,EN,Combined TRACON& Tower with Radar,43,10,24,0,77,0,5,108,0,113,43,15,132,0,190,104,0,104,294
05/28/2023,BTV,VT,ANE,EN,Combined TRACON& Tower with Radar,48,7,17,0,72,0,0,88,0,88,48,7,105,0,160,101,0,101,261
05/29/2023,BTV,VT,ANE,EN,Combined TRACON& Tower with Radar,47,13,34,0,94,0,0,118,0,118,47,13,152,0,212,95,0,95,307
05/30/2023,BTV,VT,ANE,EN,Combined TRACON& Tower with Radar,49,14,25,16,104,0,13,113,15,141,49,27,138,31,245,75,21,96,341
05/31/2023,BTV,VT,ANE,EN,Combined TRACON& Tower with Radar,52,18,21,19,110,0,6,140,6,152,52,24,161,25,262,111,13,124,386
06/01/2023,BTV,VT,ANE,EN,Combined TRACON& Tower with Radar,53,13,15,14,95,2,5,147,9,163,55,18,162,23,258,99,0,99,357
06/02/2023,BTV,VT,ANE,EN,Combined TRACON& Tower with Radar,60,13,19,9,101,0,7,106,3,116,60,20,125,12,217,113,0,113,330
06/03/2023,BTV,VT,ANE,EN,Combined TRACON& Tower with Radar,48,18,13,4,83,0,2,24,2,28,48,20,37,6,111,146,0,146,257
06/04/2023,BTV,VT,ANE,EN,Combined TRACON& Tower with Radar,50,15,26,3,94,0,4,45,4,53,50,19,71,7,147,157,0,157,304
06/05/2023,BTV,VT,ANE,EN,Combined TRACON& Tower with Radar,54,11,26,10,101,0,6,115,6,127,54,17,141,16,228,244,0,244,472
06/06/2023,BTV,VT,ANE,EN,Combined TRACON& Tower with Radar,50,13,25,3,91,0,5,93,8,106,50,18,118,11,197,131,0,131,328
06/07/2023,BTV,VT,ANE,EN,Combined TRACON& Tower with Radar,49,11,34,9,103,0,4,46,0,50,49,15,80,9,153,139,4,143,296
06/08/2023,BTV,VT,ANE,EN,Combined TRACON& Tower with Radar,54,12,47,6,119,0,3,35,0,38,54,15,82,6,157,130,0,130,287
06/09/2023,BTV,VT,ANE,EN,Combined TRACON& Tower with Radar,51,31,29,6,117,0,0,58,0,58,51,31,87,6,175,234,0,234,409
06/10/2023,BTV,VT,ANE,EN,Combined TRACON& Tower with Radar,51,22,38,2,113,0,3,59,0,62,51,25,97,2,175,157,0,157,332
06/11/2023,BTV,VT,ANE,EN,Combined TRACON& Tower with Radar,48,26,37,0,111,0,1,115,0,116,48,27,152,0,227,147,0,147,374
06/12/2023,BTV,VT,ANE,EN,Combined TRACON& Tower with Radar,53,14,22,1,90,0,7,125,1,133,53,21,147,2,223,130,0,130,353
06/13/2023,BTV,VT,ANE,EN,Combined TRACON& Tower with Radar,51,18,31,7,107,0,3,25,4,32,51,21,56,11,139,120,0,120,259
06/14/2023,BTV,VT,ANE,EN,Combined TRACON& Tower with Radar,55,15,20,14,104,0,6,98,6,110,55,21,118,20,214,119,4,123,337
06/15/2023,BTV,VT,ANE,EN,Combined TRACON& Tower with Radar,56,22,26,4,108,0,6,140,8,154,56,28,166,12,262,175,2,177,439
06/16/2023,BTV,VT,ANE,EN,Combined TRACON& Tower with Radar,52,19,29,8,108,0,5,110,0,115,52,24,139,8,223,128,0,128,351
06/17/2023,BTV,VT,ANE,EN,Combined TRACON& Tower with Radar,54,5,15,0,74,0,0,0,0,0,54,5,15,0,74,0,0,0,74
06/18/2023,BTV,VT,ANE,EN,Combined TRACON& Tower with Radar,48,12,33,0,93,0,0,23,0,23,48,12,56,0,116,47,0,47,163
06/19/2023,BTV,VT,ANE,EN,Combined TRACON& Tower with Radar,50,15,48,0,113,0,8,136,0,144,50,23,184,0,257,84,0,84,341
06/20/2023,BTV,VT,ANE,EN,Combined TRACON& Tower with Radar,51,13,24,6,94,0,4,170,3,177,51,17,194,9,271,153,0,153,424
06/21/2023,BTV,VT,ANE,EN,Combined TRACON& Tower with Radar,52,14,30,6,102,0,8,201,1,210,52,22,231,7,312,271,0,271,583
06/22/2023,BTV,VT,ANE,EN,Combined TRACON& Tower with Radar,58,17,32,10,117,1,4,217,5,227,59,21,249,15,344,158,0,158,502
06/23/2023,BTV,VT,ANE,EN,Combined TRACON& Tower with Radar,48,24,32,8,112,1,5,157,6,169,49,29,189,14,281,145,9,154,435
06/24/2023,BTV,VT,ANE,EN,Combined TRACON& Tower with Radar,51,16,22,8,97,0,1,9,0,10,51,17,31,8,107,117,7,124,231
06/25/2023,BTV,VT,ANE,EN,Combined TRACON& Tower with Radar,37,21,46,4,108,0,0,14,0,14,37,21,60,4,122,68,0,68,190
06/26/2023,BTV,VT,ANE,EN,Combined TRACON& Tower with Radar,43,9,22,2,76,0,2,30,0,32,43,11,52,2,108,30,0,30,138
06/27/2023,BTV,VT,ANE,EN,Combined TRACON& Tower with Radar,39,13,30,10,92,0,4,44,3,51,39,17,74,13,143,142,0,142,285
06/28/2023,BTV,VT,ANE,EN,Combined TRACON& Tower with Radar,43,26,19,11,99,0,5,72,7,84,43,31,91,18,183,167,0,167,350
06/29/2023,BTV,VT,ANE,EN,Combined TRACON& Tower with Radar,55,22,42,14,133,0,6,101,2,109,55,28,143,16,242,242,0,242,484
06/30/2023,BTV,VT,ANE,EN,Combined TRACON& Tower with Radar,47,28,46,12,133,0,1,188,2,191,47,29,234,14,324,133,10,143,467
07/01/2023,BTV,VT,ANE,EN,Combined TRACON& Tower with Radar,50,18,26,0,94,0,1,41,0,42,50,19,67,0,136,98,0,98,234
07/02/2023,BTV,VT,ANE,EN,Combined TRACON& Tower with Radar,46,15,11,0,72,0,0,10,0,10,46,15,21,0,82,10,0,10,92
07/03/2023,BTV,VT,ANE,EN,Combined TRACON& Tower with Radar,40,12,18,0,70,0,3,62,0,65,40,15,80,0,135,162,0,162,297
07/04/2023,BTV,VT,ANE,EN,Combined TRACON& Tower with Radar,38,8,11,0,57,0,0,57,2,59,38,8,68,2,116,91,0,91,207
07/05/2023,BTV,VT,ANE,EN,Combined TRACON& Tower with Radar,53,13,39,3,108,0,5,171,6,182,53,18,210,9,290,126,0,126,416
07/06/2023,BTV,VT,ANE,EN,Combined TRACON& Tower with Radar,63,14,28,8,113,0,4,146,13,163,63,18,174,21,276,221,2,223,499
07/07/2023,BTV,VT,ANE,EN,Combined TRACON& Tower with Radar,49,16,24,5,94,0,2,50,0,52,49,18,74,5,146,83,1,84,230
07/08/2023,BTV,VT,ANE,EN,Combined TRACON& Tower with Radar,50,12,30,5,97,0,0,100,1,101,50,12,130,6,198,87,0,87,285
07/09/2023,BTV,VT,ANE,EN,Combined TRACON& Tower with Radar,40,17,22,0,79,0,0,46,0,46,40,17,68,0,125,114,0,114,239
07/10/2023,BTV,VT,ANE,EN,Combined TRACON& Tower with Radar,51,16,27,0,94,0,0,0,0,0,51,16,27,0,94,0,0,0,94
07/11/2023,BTV,VT,ANE,EN,Combined TRACON& Tower with Radar,51,21,24,9,105,0,6,152,7,165,51,27,176,16,270,119,0,119,389
07/12/2023,BTV,VT,ANE,EN,Combined TRACON& Tower with Radar,55,22,29,9,115,0,5,223,7,235,55,27,252,16,350,124,4,128,478
07/13/2023,BTV,VT,ANE,EN,Combined TRACON& Tower with Radar,55,31,16,8,110,1,6,65,1,73,56,37,81,9,183,70,4,74,257
07/14/2023,BTV,VT,ANE,EN,Combined TRACON& Tower with Radar,44,24,24,4,96,0,2,135,10,147,44,26,159,14,243,84,0,84,327
07/15/2023,BTV,VT,ANE,EN,Combined TRACON& Tower with Radar,48,18,36,0,102,0,0,95,3,98,48,18,131,3,200,125,0,125,325
07/16/2023,BTV,VT,ANE,EN,Combined TRACON& Tower with Radar,39,24,18,0,81,1,0,7,0,8,40,24,25,0,89,8,0,8,97
07/17/2023,BTV,VT,ANE,EN,Combined TRACON& Tower with Radar,52,9,40,6,107,0,5,154,12,171,52,14,194,18,278,204,13,217,495
07/18/2023,BTV,VT,ANE,EN,Combined TRACON& Tower with Radar,49,22,18,4,93,0,3,44,2,49,49,25,62,6,142,115,0,115,257
07/19/2023,BTV,VT,ANE,EN,Combined TRACON& Tower with Radar,52,20,34,17,123,1,3,183,11,198,53,23,217,28,321,152,0,152,473
07/20/2023,BTV,VT,ANE,EN,Combined TRACON& Tower with Radar,55,15,42,25,137,0,13,200,7,220,55,28,242,32,357,199,8,207,564
07/21/2023,BTV,VT,ANE,EN,Combined TRACON& Tower with Radar,52,12,20,7,91,0,2,31,0,33,52,14,51,7,124,104,0,104,228
07/22/2023,BTV,VT,ANE,EN,Combined TRACON& Tower with Radar,51,11,45,1,108,0,4,58,0,62,51,15,103,1,170,167,0,167,337
07/23/2023,BTV,VT,ANE,EN,Combined TRACON& Tower with Radar,47,11,27,1,86,0,2,115,12,129,47,13,142,13,215,110,0,110,325
07/24/2023,BTV,VT,ANE,EN,Combined TRACON& Tower with Radar,54,12,29,1,96,0,4,119,0,123,54,16,148,1,219,124,0,124,343
07/25/2023,BTV,VT,ANE,EN,Combined TRACON& Tower with Radar,50,20,29,12,111,0,4,104,6,114,50,24,133,18,225,54,0,54,279
07/26/2023,BTV,VT,ANE,EN,Combined TRACON& Tower with Radar,52,15,36,13,116,0,6,167,11,184,52,21,203,24,300,51,2,53,353
07/27/2023,BTV,VT,ANE,EN,Combined TRACON& Tower with Radar,49,26,24,18,117,0,2,12,0,14,49,28,36,18,131,5,0,5,136
07/28/2023,BTV,VT,ANE,EN,Combined TRACON& Tower with Radar,49,19,32,9,109,0,5,142,7,154,49,24,174,16,263,102,0,102,365
07/29/2023,BTV,VT,ANE,EN,Combined TRACON& Tower with Radar,47,10,16,0,73,0,0,12,0,12,47,10,28,0,85,90,0,90,175
07/30/2023,BTV,VT,ANE,EN,Combined TRACON& Tower with Radar,52,21,40,0,113,0,7,115,1,123,52,28,155,1,236,95,0,95,331
07/31/2023,BTV,VT,ANE,EN,Combined TRACON& Tower with Radar,56,12,25,1,94,0,5,94,3,102,56,17,119,4,196,64,0,64,260
08/01/2023,BTV,VT,ANE,EN,Combined TRACON& Tower with Radar,53,18,33,11,115,0,5,179,9,193,53,23,212,20,308,56,0,56,364
08/02/2023,BTV,VT,ANE,EN,Combined TRACON& Tower with Radar,54,21,36,15,126,0,12,178,7,197,54,33,214,22,323,111,3,114,437
08/03/2023,BTV,VT,ANE,EN,Combined TRACON& Tower with Radar,57,23,29,17,126,0,4,100,0,104,57,27,129,17,230,11,0,11,241
08/04/2023,BTV,VT,ANE,EN,Combined TRACON& Tower with Radar,49,23,20,4,96,0,0,19,3,22,49,23,39,7,118,20,5,25,143
08/05/2023,BTV,VT,ANE,EN,Combined TRACON& Tower with Radar,56,16,25,15,112,0,3,119,3,125,56,19,144,18,237,50,1,51,288
08/06/2023,BTV,VT,ANE,EN,Combined TRACON& Tower with Radar,45,19,33,1,98,0,6,122,0,128,45,25,155,1,226,92,0,92,318
08/07/2023,BTV,VT,ANE,EN,Combined TRACON& Tower with Radar,48,12,40,0,100,0,3,68,0,71,48,15,108,0,171,85,0,85,256
08/08/2023,BTV,VT,ANE,EN,Combined TRACON& Tower with Radar,54,18,36,14,122,0,3,15,4,22,54,21,51,18,144,32,0,32,176
08/09/2023,BTV,VT,ANE,EN,Combined TRACON& Tower with Radar,53,16,32,14,115,1,7,168,3,179,54,23,200,17,294,93,2,95,389
08/10/2023,BTV,VT,ANE,EN,Combined TRACON& Tower with Radar,58,20,36,9,123,0,10,110,6,126,58,30,146,15,249,36,0,36,285
08/11/2023,BTV,VT,ANE,EN,Combined TRACON& Tower with Radar,52,23,48,5,128,0,6,131,2,139,52,29,179,7,267,13,0,13,280
08/12/2023,BTV,VT,ANE,EN,Combined TRACON& Tower with Radar,51,6,31,0,88,0,4,95,0,99,51,10,126,0,187,24,0,24,211
08/13/2023,BTV,VT,ANE,EN,Combined TRACON& Tower with Radar,49,18,59,2,128,0,5,51,2,58,49,23,110,4,186,51,0,51,237
08/14/2023,BTV,VT,ANE,EN,Combined TRACON& Tower with Radar,52,16,43,0,111,0,4,150,2,156,52,20,193,2,267,66,0,66,333
08/15/2023,BTV,VT,ANE,EN,Combined TRACON& Tower with Radar,49,15,26,9,99,0,5,96,1,102,49,20,122,10,201,75,2,77,278
08/16/2023,BTV,VT,ANE,EN,Combined TRACON& Tower with Radar,54,19,41,10,124,0,3,49,1,53,54,22,90,11,177,17,0,17,194
08/17/2023,BTV,VT,ANE,EN,Combined TRACON& Tower with Radar,56,27,47,19,149,0,11,105,6,122,56,38,152,25,271,82,1,83,354
08/18/2023,BTV,VT,ANE,EN,Combined TRACON& Tower with Radar,54,17,18,6,95,0,0,42,1,43,54,17,60,7,138,33,0,33,171
08/19/2023,BTV,VT,ANE,EN,Combined TRACON& Tower with Radar,52,20,27,2,101,0,2,17,2,21,52,22,44,4,122,8,0,8,130
08/20/2023,BTV,VT,ANE,EN,Combined TRACON& Tower with Radar,50,18,21,0,89,0,5,107,2,114,50,23,128,2,203,39,0,39,242
08/21/2023,BTV,VT,ANE,EN,Combined TRACON& Tower with Radar,55,20,34,4,113,0,7,82,0,89,55,27,116,4,202,54,0,54,256
08/22/2023,BTV,VT,ANE,EN,Combined TRACON& Tower with Radar,57,13,38,10,118,0,17,167,9,193,57,30,205,19,311,23,2,25,336
08/23/2023,BTV,VT,ANE,EN,Combined TRACON& Tower with Radar,53,11,20,13,97,0,6,196,4,206,53,17,216,17,303,71,0,71,374
08/24/2023,BTV,VT,ANE,EN,Combined TRACON& Tower with Radar,55,21,33,11,120,0,4,131,5,140,55,25,164,16,260,31,0,31,291
08/25/2023,BTV,VT,ANE,EN,Combined TRACON& Tower with Radar,51,24,42,6,123,0,0,5,0,5,51,24,47,6,128,0,0,0,128
08/26/2023,BTV,VT,ANE,EN,Combined TRACON& Tower with Radar,52,14,28,0,94,0,3,11,0,14,52,17,39,0,108,22,0,22,130
08/27/2023,BTV,VT,ANE,EN,Combined TRACON& Tower with Radar,47,15,50,0,112,0,2,34,0,36,47,17,84,0,148,0,0,0,148
08/28/2023,BTV,VT,ANE,EN,Combined TRACON& Tower with Radar,52,12,36,2,102,0,7,120,4,131,52,19,156,6,233,30,0,30,263
08/29/2023,BTV,VT,ANE,EN,Combined TRACON& Tower with Radar,53,21,28,16,118,0,7,113,13,133,53,28,141,29,251,104,0,104,355
08/30/2023,BTV,VT,ANE,EN,Combined TRACON& Tower with Radar,56,20,35,15,126,0,3,62,1,66,56,23,97,16,192,59,0,59,251
08/31/2023,BTV,VT,ANE,EN,Combined TRACON& Tower with Radar,59,20,29,16,124,0,9,166,5,180,59,29,195,21,304,53,0,53,357
01/01/2020,BTV,VT,ANE,EN,Combined TRACON& Tower with Radar,37,25,16,0,78,0,0,27,0,27,37,25,43,0,105,0,0,0,105
01/02/2020,BTV,VT,ANE,EN,Combined TRACON& Tower with Radar,49,36,16,2,103,0,4,88,5,97,49,40,104,7,200,0,0,0,200
01/03/2020,BTV,VT,ANE,EN,Combined TRACON& Tower with Radar,49,24,13,4,90,0,0,34,1,35,49,24,47,5,125,85,0,85,210
01/04/2020,BTV,VT,ANE,EN,Combined TRACON& Tower with Radar,38,30,10,2,80,0,0,0,1,1,38,30,10,3,81,0,0,0,81
01/05/2020,BTV,VT,ANE,EN,Combined TRACON& Tower with Radar,42,31,17,1,91,0,0,9,3,12,42,31,26,4,103,0,0,0,103
01/06/2020,BTV,VT,ANE,EN,Combined TRACON& Tower with Radar,36,29,2,0,67,0,1,4,0,5,36,30,6,0,72,10,0,10,82
01/07/2020,BTV,VT,ANE,EN,Combined TRACON& Tower with Radar,34,35,21,13,103,0,0,49,4,53,34,35,70,17,156,64,12,76,232
01/08/2020,BTV,VT,ANE,EN,Combined TRACON& Tower with Radar,33,28,15,2,78,0,1,12,0,13,33,29,27,2,91,0,0,0,91
01/09/2020,BTV,VT,ANE,EN,Combined TRACON& Tower with Radar,33,34,14,8,89,0,0,63,6,69,33,34,77,14,158,64,7,71,229
01/10/2020,BTV,VT,ANE,EN,Combined TRACON& Tower with Radar,35,33,14,0,82,0,0,0,0,0,35,33,14,0,82,0,0,0,82
01/11/2020,BTV,VT,ANE,EN,Combined TRACON& Tower with Radar,36,25,11,2,74,0,0,0,0,0,36,25,11,2,74,0,0,0,74
01/12/2020,BTV,VT,ANE,EN,Combined TRACON& Tower with Radar,32,27,7,0,66,0,0,0,0,0,32,27,7,0,66,0,0,0,66
01/13/2020,BTV,VT,ANE,EN,Combined TRACON& Tower with Radar,36,37,6,3,82,0,0,72,2,74,36,37,78,5,156,0,0,0,156
01/14/2020,BTV,VT,ANE,EN,Combined TRACON& Tower with Radar,36,28,11,7,82,0,0,4,0,4,36,28,15,7,86,0,0,0,86
01/15/2020,BTV,VT,ANE,EN,Combined TRACON& Tower with Radar,34,30,13,10,87,0,0,15,6,21,34,30,28,16,108,72,26,98,206
01/16/2020,BTV,VT,ANE,EN,Combined TRACON& Tower with Radar,31,38,6,0,75,0,0,0,0,0,31,38,6,0,75,0,0,0,75
01/17/2020,BTV,VT,ANE,EN,Combined TRACON& Tower with Radar,33,40,15,1,89,0,1,37,3,41,33,41,52,4,130,53,0,53,183
01/18/2020,BTV,VT,ANE,EN,Combined TRACON& Tower with Radar,28,23,7,0,58,0,0,12,1,13,28,23,19,1,71,10,0,10,81
01/19/2020,BTV,VT,ANE,EN,Combined TRACON& Tower with Radar,34,21,8,0,63,0,0,1,0,1,34,21,9,0,64,0,0,0,64
01/20/2020,BTV,VT,ANE,EN,Combined TRACON& Tower with Radar,34,41,15,1,91,0,3,39,2,44,34,44,54,3,135,42,0,42,177
01/21/2020,BTV,VT,ANE,EN,Combined TRACON& Tower with Radar,34,27,12,7,80,0,1,53,14,68,34,28,65,21,148,45,6,51,199
01/22/2020,BTV,VT,ANE,EN,Combined TRACON& Tower with Radar,33,33,14,5,85,0,2,41,7,50,33,35,55,12,135,105,11,116,251
01/23/2020,BTV,VT,ANE,EN,Combined TRACON& Tower with Radar,34,33,37,3,107,0,2,67,19,88,34,35,104,22,195,70,0,70,265
01/24/2020,BTV,VT,ANE,EN,Combined TRACON& Tower with Radar,35,30,19,1,85,0,1,70,7,78,35,31,89,8,163,97,0,97,260
01/25/2020,BTV,VT,ANE,EN,Combined TRACON& Tower with Radar,33,20,9,0,62,0,1,22,0,23,33,21,31,0,85,40,0,40,125
01/26/2020,BTV,VT,ANE,EN,Combined TRACON& Tower with Radar,42,32,12,0,86,0,0,3,0,3,42,32,15,0,89,0,0,0,89
01/27/2020,BTV,VT,ANE,EN,Combined TRACON& Tower with Radar,33,30,17,0,80,0,0,4,0,4,33,30,21,0,84,68,0,68,152
01/28/2020,BTV,VT,ANE,EN,Combined TRACON& Tower with Radar,33,31,15,1,80,0,0,2,4,6,33,31,17,5,86,31,22,53,139
01/29/2020,BTV,VT,ANE,EN,Combined TRACON& Tower with Radar,34,34,18,0,86,0,2,56,10,68,34,36,74,10,154,66,0,66,220
01/30/2020,BTV,VT,ANE,EN,Combined TRACON& Tower with Radar,34,45,21,6,106,0,4,77,14,95,34,49,98,20,201,75,13,88,289
01/31/2020,BTV,VT,ANE,EN,Combined TRACON& Tower with Radar,36,50,17,1,104,0,3,138,3,144,36,53,155,4,248,0,0,0,248
02/01/2020,BTV,VT,ANE,EN,Combined TRACON& Tower with Radar,35,23,3,2,63,0,0,40,1,41,35,23,43,3,104,0,0,0,104
02/02/2020,BTV,VT,ANE,EN,Combined TRACON& Tower with Radar,34,32,12,2,80,0,1,13,3,17,34,33,25,5,97,36,2,38,135
02/03/2020,BTV,VT,ANE,EN,Combined TRACON& Tower with Radar,34,30,24,14,102,0,0,29,11,40,34,30,53,25,142,60,50,110,252
02/04/2020,BTV,VT,ANE,EN,Combined TRACON& Tower with Radar,36,26,5,2,69,0,1,36,6,43,36,27,41,8,112,145,9,154,266
02/05/2020,BTV,VT,ANE,EN,Combined TRACON& Tower with Radar,34,32,14,4,84,0,1,56,4,61,34,33,70,8,145,76,4,80,225
02/06/2020,BTV,VT,ANE,EN,Combined TRACON& Tower with Radar,28,33,4,0,65,0,0,0,0,0,28,33,4,0,65,0,0,0,65
02/07/2020,BTV,VT,ANE,EN,Combined TRACON& Tower with Radar,0,1,1,0,2,0,0,0,0,0,0,1,1,0,2,0,0,0,2
02/08/2020,BTV,VT,ANE,EN,Combined TRACON& Tower with Radar,38,26,12,2,78,0,2,20,2,24,38,28,32,4,102,0,0,0,102
02/09/2020,BTV,VT,ANE,EN,Combined TRACON& Tower with Radar,39,28,18,0,85,0,1,33,5,39,39,29,51,5,124,11,0,11,135
02/10/2020,BTV,VT,ANE,EN,Combined TRACON& Tower with Radar,34,30,9,3,76,0,0,32,19,51,34,30,41,22,127,0,0,0,127
02/11/2020,BTV,VT,ANE,EN,Combined TRACON& Tower with Radar,35,33,5,3,76,0,0,0,26,26,35,33,5,29,102,0,0,0,102
02/12/2020,BTV,VT,ANE,EN,Combined TRACON& Tower with Radar,32,30,27,9,98,0,0,157,12,169,32,30,184,21,267,0,0,0,267
02/13/2020,BTV,VT,ANE,EN,Combined TRACON& Tower with Radar,36,36,12,0,84,0,0,0,0,0,36,36,12,0,84,0,0,0,84
02/14/2020,BTV,VT,ANE,EN,Combined TRACON& Tower with Radar,40,36,18,3,97,0,4,22,13,39,40,40,40,16,136,0,0,0,136
02/15/2020,BTV,VT,ANE,EN,Combined TRACON& Tower with Radar,34,23,11,0,68,0,2,63,5,70,34,25,74,5,138,0,0,0,138
02/16/2020,BTV,VT,ANE,EN,Combined TRACON& Tower with Radar,35,22,17,0,74,0,0,86,2,88,35,22,103,2,162,0,0,0,162
02/17/2020,BTV,VT,ANE,EN,Combined TRACON& Tower with Radar,41,41,18,0,100,0,2,74,0,76,41,43,92,0,176,55,0,55,231
02/18/2020,BTV,VT,ANE,EN,Combined TRACON& Tower with Radar,38,39,10,0,87,0,0,2,0,2,38,39,12,0,89,14,0,14,103
02/19/2020,BTV,VT,ANE,EN,Combined TRACON& Tower with Radar,39,34,13,6,92,0,0,104,7,111,39,34,117,13,203,0,0,0,203
02/20/2020,BTV,VT,ANE,EN,Combined TRACON& Tower with Radar,43,32,21,7,103,0,1,53,23,77,43,33,74,30,180,93,0,93,273
02/21/2020,BTV,VT,ANE,EN,Combined TRACON& Tower with Radar,43,34,25,0,102,0,1,53,4,58,43,35,78,4,160,76,0,76,236
02/22/2020,BTV,VT,ANE,EN,Combined TRACON& Tower with Radar,37,29,21,1,88,0,0,79,4,83,37,29,100,5,171,80,0,80,251
02/23/2020,BTV,VT,ANE,EN,Combined TRACON& Tower with Radar,37,31,16,1,85,0,3,44,5,52,37,34,60,6,137,50,0,50,187
02/24/2020,BTV,VT,ANE,EN,Combined TRACON& Tower with Radar,40,27,21,2,90,0,2,74,1,77,40,29,95,3,167,83,0,83,250
02/25/2020,BTV,VT,ANE,EN,Combined TRACON& Tower with Radar,39,31,15,4,89,0,0,8,0,8,39,31,23,4,97,60,0,60,157
02/26/2020,BTV,VT,ANE,EN,Combined TRACON& Tower with Radar,40,32,13,0,85,0,0,0,0,0,40,32,13,0,85,42,0,42,127
02/27/2020,BTV,VT,ANE,EN,Combined TRACON& Tower with Radar,40,27,10,0,77,0,0,1,0,1,40,27,11,0,78,0,0,0,78
02/28/2020,BTV,VT,ANE,EN,Combined TRACON& Tower with Radar,40,36,11,4,91,0,0,2,0,2,40,36,13,4,93,0,0,0,93
02/29/2020,BTV,VT,ANE,EN,Combined TRACON& Tower with Radar,35,25,12,0,72,0,0,44,0,44,35,25,56,0,116,0,0,0,116
03/01/2020,BTV,VT,ANE,EN,Combined TRACON& Tower with Radar,35,28,22,1,86,0,0,88,1,89,35,28,110,2,175,0,0,0,175
03/02/2020,BTV,VT,ANE,EN,Combined TRACON& Tower with Radar,40,28,11,0,79,0,2,90,1,93,40,30,101,1,172,0,0,0,172
03/03/2020,BTV,VT,ANE,EN,Combined TRACON& Tower with Radar,38,28,12,3,81,0,0,48,1,49,38,28,60,4,130,74,2,76,206
03/04/2020,BTV,VT,ANE,EN,Combined TRACON& Tower with Radar,39,32,7,5,83,0,0,24,7,31,39,32,31,12,114,47,3,50,164
03/05/2020,BTV,VT,ANE,EN,Combined TRACON& Tower with Radar,38,44,26,4,112,0,1,74,12,87,38,45,100,16,199,106,2,108,307
03/06/2020,BTV,VT,ANE,EN,Combined TRACON& Tower with Radar,39,36,9,4,88,0,0,31,7,38,39,36,40,11,126,68,26,94,220
03/07/2020,BTV,VT,ANE,EN,Combined TRACON& Tower with Radar,35,30,16,6,87,0,1,48,18,67,35,31,64,24,154,84,14,98,252
03/08/2020,BTV,VT,ANE,EN,Combined TRACON& Tower with Radar,32,41,18,0,91,0,0,58,7,65,32,41,76,7,156,56,0,56,212
03/09/2020,BTV,VT,ANE,EN,Combined TRACON& Tower with Radar,39,41,18,2,100,0,4,120,5,129,39,45,138,7,229,183,0,183,412
03/10/2020,BTV,VT,ANE,EN,Combined TRACON& Tower with Radar,38,40,12,4,94,0,0,29,0,29,38,40,41,4,123,24,0,24,147
03/11/2020,BTV,VT,ANE,EN,Combined TRACON& Tower with Radar,35,43,13,18,109,0,0,63,14,77,35,43,76,32,186,132,16,148,334
03/12/2020,BTV,VT,ANE,EN,Combined TRACON& Tower with Radar,35,39,17,7,98,0,0,82,13,95,35,39,99,20,193,164,3,167,360
03/13/2020,BTV,VT,ANE,EN,Combined TRACON& Tower with Radar,36,40,9,0,85,0,2,6,1,9,36,42,15,1,94,0,0,0,94
03/14/2020,BTV,VT,ANE,EN,Combined TRACON& Tower with Radar,33,37,16,2,88,0,0,72,3,75,33,37,88,5,163,0,0,0,163
03/15/2020,BTV,VT,ANE,EN,Combined TRACON& Tower with Radar,27,40,32,0,99,0,0,43,0,43,27,40,75,0,142,54,0,54,196
03/16/2020,BTV,VT,ANE,EN,Combined TRACON& Tower with Radar,37,34,11,0,82,0,1,50,3,54,37,35,61,3,136,29,0,29,165
03/17/2020,BTV,VT,ANE,EN,Combined TRACON& Tower with Radar,36,38,9,0,83,0,2,0,9,11,36,40,9,9,94,0,6,6,100
03/18/2020,BTV,VT,ANE,EN,Combined TRACON& Tower with Radar,32,44,16,4,96,0,0,77,3,80,32,44,93,7,176,62,0,62,238
03/19/2020,BTV,VT,ANE,EN,Combined TRACON& Tower with Radar,33,44,11,3,91,0,0,12,7,19,33,44,23,10,110,30,0,30,140
03/20/2020,BTV,VT,ANE,EN,Combined TRACON& Tower with Radar,35,33,7,0,75,0,0,2,0,2,35,33,9,0,77,0,0,0,77
03/21/2020,BTV,VT,ANE,EN,Combined TRACON& Tower with Radar,25,26,4,0,55,0,0,19,1,20,25,26,23,1,75,44,0,44,119
03/22/2020,BTV,VT,ANE,EN,Combined TRACON& Tower with Radar,21,27,8,0,56,0,0,40,0,40,21,27,48,0,96,19,0,19,115
03/23/2020,BTV,VT,ANE,EN,Combined TRACON& Tower with Radar,23,25,2,0,50,0,0,7,0,7,23,25,9,0,57,0,0,0,57
03/24/2020,BTV,VT,ANE,EN,Combined TRACON& Tower with Radar,19,27,2,2,50,0,0,0,6,6,19,27,2,8,56,0,0,0,56
03/25/2020,BTV,VT,ANE,EN,Combined TRACON& Tower with Radar,16,29,5,2,52,0,0,11,0,11,16,29,16,2,63,16,2,18,81
03/26/2020,BTV,VT,ANE,EN,Combined TRACON& Tower with Radar,12,24,5,6,47,0,0,16,5,21,12,24,21,11,68,2,12,14,82
03/27/2020,BTV,VT,ANE,EN,Combined TRACON& Tower with Radar,11,25,2,0,38,0,0,12,0,12,11,25,14,0,50,2,0,2,52
03/28/2020,BTV,VT,ANE,EN,Combined TRACON& Tower with Radar,10,21,3,0,34,0,0,25,2,27,10,21,28,2,61,18,0,18,79
03/29/2020,BTV,VT,ANE,EN,Combined TRACON& Tower with Radar,8,24,2,0,34,0,0,0,0,0,8,24,2,0,34,0,0,0,34
03/30/2020,BTV,VT,ANE,EN,Combined TRACON& Tower with Radar,7,29,1,3,40,0,0,4,3,7,7,29,5,6,47,0,8,8,55
03/31/2020,BTV,VT,ANE,EN,Combined TRACON& Tower with Radar,13,27,13,13,66,0,1,17,6,24,13,28,30,19,90,15,18,33,123
04/01/2020,BTV,VT,ANE,EN,Combined TRACON& Tower with Radar,10,17,3,6,36,0,0,2,2,4,10,17,5,8,40,0,2,2,42
04/02/2020,BTV,VT,ANE,EN,Combined TRACON& Tower with Radar,12,18,3,7,40,0,0,3,0,3,12,18,6,7,43,0,0,0,43
04/03/2020,BTV,VT,ANE,EN,Combined TRACON& Tower with Radar,10,23,3,7,43,0,0,2,0,2,10,23,5,7,45,0,0,0,45
04/04/2020,BTV,VT,ANE,EN,Combined TRACON& Tower with Radar,10,18,4,6,38,0,0,10,3,13,10,18,14,9,51,16,4,20,71
04/05/2020,BTV,VT,ANE,EN,Combined TRACON& Tower with Radar,9,15,8,1,33,0,0,2,5,7,9,15,10,6,40,0,0,0,40
04/06/2020,BTV,VT,ANE,EN,Combined TRACON& Tower with Radar,10,11,4,0,25,0,0,17,1,18,10,11,21,1,43,11,0,11,54
04/07/2020,BTV,VT,ANE,EN,Combined TRACON& Tower with Radar,11,17,9,8,45,0,0,14,7,21,11,17,23,15,66,6,10,16,82
04/08/2020,BTV,VT,ANE,EN,Combined TRACON& Tower with Radar,12,16,5,9,42,0,0,9,2,11,12,16,14,11,53,0,0,0,53
04/09/2020,BTV,VT,ANE,EN,Combined TRACON& Tower with Radar,6,18,2,5,31,0,0,2,2,4,6,18,4,7,35,0,0,0,35
04/10/2020,BTV,VT,ANE,EN,Combined TRACON& Tower with Radar,11,15,5,5,36,0,0,2,0,2,11,15,7,5,38,2,0,2,40
04/11/2020,BTV,VT,ANE,EN,Combined TRACON& Tower with Radar,6,16,3,0,25,0,1,3,0,4,6,17,6,0,29,2,0,2,31
04/12/2020,BTV,VT,ANE,EN,Combined TRACON& Tower with Radar,6,11,4,0,21,0,0,15,0,15,6,11,19,0,36,4,0,4,40
04/13/2020,BTV,VT,ANE,EN,Combined TRACON& Tower with Radar,9,13,0,0,22,0,0,3,0,3,9,13,3,0,25,0,0,0,25
04/14/2020,BTV,VT,ANE,EN,Combined TRACON& Tower with Radar,7,14,2,3,26,0,0,2,10,12,7,14,4,13,38,0,0,0,38
04/15/2020,BTV,VT,ANE,EN,Combined TRACON& Tower with Radar,8,14,0,8,30,0,0,15,2,17,8,14,15,10,47,0,0,0,47
04/16/2020,BTV,VT,ANE,EN,Combined TRACON& Tower with Radar,7,15,4,4,30,0,0,4,4,8,7,15,8,8,38,0,0,0,38
04/17/2020,BTV,VT,ANE,EN,Combined TRACON& Tower with Radar,9,11,4,6,30,0,0,20,2,22,9,11,24,8,52,0,0,0,52
04/18/2020,BTV,VT,ANE,EN,Combined TRACON& Tower with Radar,5,13,6,0,24,0,0,25,0,25,5,13,31,0,49,20,0,20,69
04/19/2020,BTV,VT,ANE,EN,Combined TRACON& Tower with Radar,7,9,5,1,22,0,0,10,1,11,7,9,15,2,33,0,0,0,33
04/20/2020,BTV,VT,ANE,EN,Combined TRACON& Tower with Radar,6,10,7,3,26,0,0,16,2,18,6,10,23,5,44,23,0,23,67
04/21/2020,BTV,VT,ANE,EN,Combined TRACON& Tower with Radar,7,15,0,4,26,0,0,2,0,2,7,15,2,4,28,0,0,0,28
04/22/2020,BTV,VT,ANE,EN,Combined TRACON& Tower with Radar,9,17,4,4,34,0,1,2,4,7,9,18,6,8,41,0,0,0,41
04/23/2020,BTV,VT,ANE,EN,Combined TRACON& Tower with Radar,7,13,8,7,35,0,0,22,8,30,7,13,30,15,65,11,2,13,78
04/24/2020,BTV,VT,ANE,EN,Combined TRACON& Tower with Radar,11,14,5,5,35,0,0,11,1,12,11,14,16,6,47,2,0,2,49
04/25/2020,BTV,VT,ANE,EN,Combined TRACON& Tower with Radar,5,12,9,0,26,0,0,51,2,53,5,12,60,2,79,34,0,34,113
04/26/2020,BTV,VT,ANE,EN,Combined TRACON& Tower with Radar,7,10,1,0,18,0,0,9,0,9,7,10,10,0,27,4,0,4,31
04/27/2020,BTV,VT,ANE,EN,Combined TRACON& Tower with Radar,7,9,2,0,18,0,0,6,2,8,7,9,8,2,26,12,0,12,38
04/28/2020,BTV,VT,ANE,EN,Combined TRACON& Tower with Radar,7,8,6,6,27,0,0,18,8,26,7,8,24,14,53,0,0,0,53
04/29/2020,BTV,VT,ANE,EN,Combined TRACON& Tower with Radar,9,11,9,14,43,0,0,28,4,32,9,11,37,18,75,36,6,42,117
04/30/2020,BTV,VT,ANE,EN,Combined TRACON& Tower with Radar,7,14,5,4,30,0,0,2,0,2,7,14,7,4,32,0,0,0,32
05/01/2020,BTV,VT,ANE,EN,Combined TRACON& Tower with Radar,9,11,5,1,26,0,0,5,0,5,9,11,10,1,31,0,0,0,31
05/02/2020,BTV,VT,ANE,EN,Combined TRACON& Tower with Radar,2,11,6,9,28,0,0,23,2,25,2,11,29,11,53,0,0,0,53
05/03/2020,BTV,VT,ANE,EN,Combined TRACON& Tower with Radar,12,6,12,0,30,0,2,4,4,10,12,8,16,4,40,26,0,26,66
05/04/2020,BTV,VT,ANE,EN,Combined TRACON& Tower with Radar,15,7,11,0,33,0,0,8,0,8,15,7,19,0,41,72,0,72,113
05/05/2020,BTV,VT,ANE,EN,Combined TRACON& Tower with Radar,13,6,5,3,27,0,0,10,5,15,13,6,15,8,42,5,0,5,47
05/06/2020,BTV,VT,ANE,EN,Combined TRACON& Tower with Radar,10,8,6,4,28,0,0,36,4,40,10,8,42,8,68,67,0,67,135
05/07/2020,BTV,VT,ANE,EN,Combined TRACON& Tower with Radar,14,9,1,10,34,0,0,25,13,38,14,9,26,23,72,24,6,30,102
05/08/2020,BTV,VT,ANE,EN,Combined TRACON& Tower with Radar,16,11,12,4,43,0,0,22,3,25,16,11,34,7,68,25,0,25,93
05/09/2020,BTV,VT,ANE,EN,Combined TRACON& Tower with Radar,11,3,2,0,16,0,0,1,0,1,11,3,3,0,17,0,0,0,17
05/10/2020,BTV,VT,ANE,EN,Combined TRACON& Tower with Radar,11,6,0,0,17,0,0,2,0,2,11,6,2,0,19,0,0,0,19
05/11/2020,BTV,VT,ANE,EN,Combined TRACON& Tower with Radar,12,11,4,0,27,0,0,8,0,8,12,11,12,0,35,12,0,12,47
05/12/2020,BTV,VT,ANE,EN,Combined TRACON& Tower with Radar,12,9,1,7,29,0,1,19,3,23,12,10,20,10,52,25,16,41,93
05/13/2020,BTV,VT,ANE,EN,Combined TRACON& Tower with Radar,11,15,7,7,40,0,0,30,3,33,11,15,37,10,73,19,0,19,92
05/14/2020,BTV,VT,ANE,EN,Combined TRACON& Tower with Radar,12,14,17,7,50,0,0,37,12,49,12,14,54,19,99,29,2,31,130
05/15/2020,BTV,VT,ANE,EN,Combined TRACON& Tower with Radar,15,10,12,6,43,0,0,8,0,8,15,10,20,6,51,22,0,22,73
05/16/2020,BTV,VT,ANE,EN,Combined TRACON& Tower with Radar,11,5,8,0,24,0,0,28,2,30,11,5,36,2,54,48,0,48,102
05/17/2020,BTV,VT,ANE,EN,Combined TRACON& Tower with Radar,12,7,6,0,25,0,0,30,0,30,12,7,36,0,55,12,0,12,67
05/18/2020,BTV,VT,ANE,EN,Combined TRACON& Tower with Radar,13,12,14,5,44,0,0,33,6,39,13,12,47,11,83,28,13,41,124
05/19/2020,BTV,VT,ANE,EN,Combined TRACON& Tower with Radar,12,14,12,11,49,0,0,69,9,78,12,14,81,20,127,68,8,76,203
05/20/2020,BTV,VT,ANE,EN,Combined TRACON& Tower with Radar,12,10,12,5,39,0,0,88,15,103,12,10,100,20,142,42,0,42,184
05/21/2020,BTV,VT,ANE,EN,Combined TRACON& Tower with Radar,16,17,13,17,63,0,0,48,5,53,16,17,61,22,116,34,22,56,172
05/22/2020,BTV,VT,ANE,EN,Combined TRACON& Tower with Radar,14,15,10,2,41,0,0,77,4,81,14,15,87,6,122,45,0,45,167
05/23/2020,BTV,VT,ANE,EN,Combined TRACON& Tower with Radar,11,13,9,0,33,0,0,35,2,37,11,13,44,2,70,42,0,42,112
05/24/2020,BTV,VT,ANE,EN,Combined TRACON& Tower with Radar,12,7,5,0,24,0,0,36,1,37,12,7,41,1,61,16,0,16,77
05/25/2020,BTV,VT,ANE,EN,Combined TRACON& Tower with Radar,12,11,4,0,27,0,0,18,1,19,12,11,22,1,46,39,0,39,85
05/26/2020,BTV,VT,ANE,EN,Combined TRACON& Tower with Radar,11,8,11,5,35,0,1,75,8,84,11,9,86,13,119,61,7,68,187
05/27/2020,BTV,VT,ANE,EN,Combined TRACON& Tower with Radar,12,18,11,6,47,0,0,67,4,71,12,18,78,10,118,41,0,41,159
05/28/2020,BTV,VT,ANE,EN,Combined TRACON& Tower with Radar,16,19,21,11,67,0,0,47,9,56,16,19,68,20,123,28,28,56,179
05/29/2020,BTV,VT,ANE,EN,Combined TRACON& Tower with Radar,14,14,7,3,38,0,1,14,0,15,14,15,21,3,53,15,0,15,68
05/30/2020,BTV,VT,ANE,EN,Combined TRACON& Tower with Radar,11,13,8,6,38,0,0,24,0,24,11,13,32,6,62,19,0,19,81
05/31/2020,BTV,VT,ANE,EN,Combined TRACON& Tower with Radar,12,15,6,0,33,0,1,16,2,19,12,16,22,2,52,6,0,6,58
06/01/2020,BTV,VT,ANE,EN,Combined TRACON& Tower with Radar,13,16,13,0,42,0,0,47,0,47,13,16,60,0,89,56,1,57,146
06/02/2020,BTV,VT,ANE,EN,Combined TRACON& Tower with Radar,12,6,12,12,42,0,0,52,8,60,12,6,64,20,102,45,14,59,161
06/03/2020,BTV,VT,ANE,EN,Combined TRACON& Tower with Radar,11,12,21,13,57,0,0,10,2,12,11,12,31,15,69,29,0,29,98
06/04/2020,BTV,VT,ANE,EN,Combined TRACON& Tower with Radar,13,16,20,16,65,0,0,102,10,112,13,16,122,26,177,100,6,106,283
06/05/2020,BTV,VT,ANE,EN,Combined TRACON& Tower with Radar,12,14,27,11,64,0,0,77,4,81,12,14,104,15,145,49,26,75,220
06/06/2020,BTV,VT,ANE,EN,Combined TRACON& Tower with Radar,9,17,2,12,40,0,0,7,3,10,9,17,9,15,50,23,0,23,73
06/07/2020,BTV,VT,ANE,EN,Combined TRACON& Tower with Radar,10,14,13,0,37,0,1,38,1,40,10,15,51,1,77,39,0,39,116
06/08/2020,BTV,VT,ANE,EN,Combined TRACON& Tower with Radar,11,20,13,3,47,0,1,78,9,88,11,21,91,12,135,52,18,70,205
06/09/2020,BTV,VT,ANE,EN,Combined TRACON& Tower with Radar,11,18,15,12,56,0,0,60,16,76,11,18,75,28,132,98,7,105,237
06/10/2020,BTV,VT,ANE,EN,Combined TRACON& Tower with Radar,11,24,23,13,71,0,2,50,6,58,11,26,73,19,129,22,22,44,173
06/11/2020,BTV,VT,ANE,EN,Combined TRACON& Tower with Radar,14,19,4,7,44,0,0,21,10,31,14,19,25,17,75,4,5,9,84
06/12/2020,BTV,VT,ANE,EN,Combined TRACON& Tower with Radar,10,24,12,9,55,0,0,57,5,62,10,24,69,14,117,32,0,32,149
06/13/2020,BTV,VT,ANE,EN,Combined TRACON& Tower with Radar,9,17,9,0,35,0,0,42,6,48,9,17,51,6,83,0,0,0,83
06/14/2020,BTV,VT,ANE,EN,Combined TRACON& Tower with Radar,10,16,8,0,34,0,0,39,4,43,10,16,47,4,77,81,0,81,158
06/15/2020,BTV,VT,ANE,EN,Combined TRACON& Tower with Radar,9,17,12,2,40,0,0,140,22,162,9,17,152,24,202,0,0,0,202
06/16/2020,BTV,VT,ANE,EN,Combined TRACON& Tower with Radar,12,12,16,7,47,0,2,83,4,89,12,14,99,11,136,127,6,133,269
06/17/2020,BTV,VT,ANE,EN,Combined TRACON& Tower with Radar,10,18,10,11,49,0,3,105,6,114,10,21,115,17,163,95,2,97,260
06/18/2020,BTV,VT,ANE,EN,Combined TRACON& Tower with Radar,14,29,17,21,81,0,1,106,13,120,14,30,123,34,201,71,11,82,283
06/19/2020,BTV,VT,ANE,EN,Combined TRACON& Tower with Radar,10,26,6,8,50,0,2,88,1,91,10,28,94,9,141,70,4,74,215
06/20/2020,BTV,VT,ANE,EN,Combined TRACON& Tower with Radar,9,9,11,6,35,0,2,47,1,50,9,11,58,7,85,32,8,40,125
06/21/2020,BTV,VT,ANE,EN,Combined TRACON& Tower with Radar,10,20,3,0,33,0,0,55,2,57,10,20,58,2,90,19,0,19,109
06/22/2020,BTV,VT,ANE,EN,Combined TRACON& Tower with Radar,9,19,14,2,44,0,0,88,5,93,9,19,102,7,137,26,18,44,181
06/23/2020,BTV,VT,ANE,EN,Combined TRACON& Tower with Radar,12,14,14,16,56,0,1,52,11,64,12,15,66,27,120,61,8,69,189
06/24/2020,BTV,VT,ANE,EN,Combined TRACON& Tower with Radar,10,17,10,13,50,0,0,47,4,51,10,17,57,17,101,95,0,95,196
06/25/2020,BTV,VT,ANE,EN,Combined TRACON& Tower with Radar,14,18,24,11,67,0,1,90,14,105,14,19,114,25,172,81,25,106,278
06/26/2020,BTV,VT,ANE,EN,Combined TRACON& Tower with Radar,12,19,17,1,49,0,2,80,4,86,12,21,97,5,135,107,0,107,242
06/27/2020,BTV,VT,ANE,EN,Combined TRACON& Tower with Radar,9,19,18,0,46,0,0,38,1,39,9,19,56,1,85,26,0,26,111
06/28/2020,BTV,VT,ANE,EN,Combined TRACON& Tower with Radar,10,25,11,0,46,0,0,15,0,15,10,25,26,0,61,33,0,33,94
06/29/2020,BTV,VT,ANE,EN,Combined TRACON& Tower with Radar,11,20,30,0,61,0,0,5,0,5,11,20,35,0,66,21,0,21,87
06/30/2020,BTV,VT,ANE,EN,Combined TRACON& Tower with Radar,12,17,18,7,54,0,0,21,0,21,12,17,39,7,75,40,0,40,115
07/01/2020,BTV,VT,ANE,EN,Combined TRACON& Tower with Radar,10,18,31,7,66,0,0,15,0,15,10,18,46,7,81,60,0,60,141
07/02/2020,BTV,VT,ANE,EN,Combined TRACON& Tower with Radar,12,24,32,14,82,0,3,122,1,126,12,27,154,15,208,94,3,97,305
07/03/2020,BTV,VT,ANE,EN,Combined TRACON& Tower with Radar,13,22,24,0,59,0,2,55,1,58,13,24,79,1,117,50,0,50,167
07/04/2020,BTV,VT,ANE,EN,Combined TRACON& Tower with Radar,10,11,6,0,27,0,1,47,2,50,10,12,53,2,77,29,0,29,106
07/05/2020,BTV,VT,ANE,EN,Combined TRACON& Tower with Radar,8,18,14,0,40,0,0,55,2,57,8,18,69,2,97,41,0,41,138
07/06/2020,BTV,VT,ANE,EN,Combined TRACON& Tower with Radar,16,15,19,8,58,0,0,94,5,99,16,15,113,13,157,69,17,86,243
07/07/2020,BTV,VT,ANE,EN,Combined TRACON& Tower with Radar,16,13,16,3,48,0,0,72,5,77,16,13,88,8,125,38,0,38,163
07/08/2020,BTV,VT,ANE,EN,Combined TRACON& Tower with Radar,18,23,19,4,64,0,0,39,0,39,18,23,58,4,103,52,0,52,155
07/09/2020,BTV,VT,ANE,EN,Combined TRACON& Tower with Radar,22,25,21,4,72,0,0,105,11,116,22,25,126,15,188,107,0,107,295
07/10/2020,BTV,VT,ANE,EN,Combined TRACON& Tower with Radar,20,23,18,6,67,0,0,75,2,77,20,23,93,8,144,76,6,82,226
07/11/2020,BTV,VT,ANE,EN,Combined TRACON& Tower with Radar,21,17,5,0,43,0,0,2,0,2,21,17,7,0,45,2,0,2,47
07/12/2020,BTV,VT,ANE,EN,Combined TRACON& Tower with Radar,18,22,24,0,64,0,0,23,1,24,18,22,47,1,88,30,0,30,118
07/13/2020,BTV,VT,ANE,EN,Combined TRACON& Tower with Radar,24,30,13,0,67,0,0,46,4,50,24,30,59,4,117,119,0,119,236
07/14/2020,BTV,VT,ANE,EN,Combined TRACON& Tower with Radar,19,23,10,7,59,0,0,40,7,47,19,23,50,14,106,81,0,81,187
07/15/2020,BTV,VT,ANE,EN,Combined TRACON& Tower with Radar,18,18,38,11,85,0,0,106,4,110,18,18,144,15,195,91,20,111,306
07/16/2020,BTV,VT,ANE,EN,Combined TRACON& Tower with Radar,22,30,15,4,71,0,0,62,3,65,22,30,77,7,136,48,0,48,184
07/17/2020,BTV,VT,ANE,EN,Combined TRACON& Tower with Radar,20,23,15,10,68,0,1,35,3,39,20,24,50,13,107,39,12,51,158
07/18/2020,BTV,VT,ANE,EN,Combined TRACON& Tower with Radar,21,20,30,4,75,0,2,81,3,86,21,22,111,7,161,21,0,21,182
07/19/2020,BTV,VT,ANE,EN,Combined TRACON& Tower with Radar,16,20,14,4,54,0,1,32,10,43,16,21,46,14,97,18,0,18,115
07/20/2020,BTV,VT,ANE,EN,Combined TRACON& Tower with Radar,23,29,20,6,78,0,0,81,9,90,23,29,101,15,168,73,1,74,242
07/21/2020,BTV,VT,ANE,EN,Combined TRACON& Tower with Radar,16,15,22,6,59,0,0,92,17,109,16,15,114,23,168,99,10,109,277
07/22/2020,BTV,VT,ANE,EN,Combined TRACON& Tower with Radar,18,21,15,7,61,0,0,88,6,94,18,21,103,13,155,103,0,103,258
07/23/2020,BTV,VT,ANE,EN,Combined TRACON& Tower with Radar,22,23,16,5,66,0,1,32,2,35,22,24,48,7,101,66,0,66,167
07/24/2020,BTV,VT,ANE,EN,Combined TRACON& Tower with Radar,20,24,21,12,77,0,0,96,9,105,20,24,117,21,182,91,6,97,279
07/25/2020,BTV,VT,ANE,EN,Combined TRACON& Tower with Radar,21,15,15,0,51,0,1,55,4,60,21,16,70,4,111,45,0,45,156
07/26/2020,BTV,VT,ANE,EN,Combined TRACON& Tower with Radar,18,20,12,1,51,0,0,39,9,48,18,20,51,10,99,2,3,5,104
07/27/2020,BTV,VT,ANE,EN,Combined TRACON& Tower with Radar,21,21,22,0,64,0,0,60,4,64,21,21,82,4,128,69,0,69,197
07/28/2020,BTV,VT,ANE,EN,Combined TRACON& Tower with Radar,18,20,23,9,70,0,2,78,7,87,18,22,101,16,157,73,0,73,230
07/29/2020,BTV,VT,ANE,EN,Combined TRACON& Tower with Radar,18,21,15,10,64,0,0,102,10,112,18,21,117,20,176,88,2,90,266
07/30/2020,BTV,VT,ANE,EN,Combined TRACON& Tower with Radar,18,35,23,18,94,0,0,80,5,85,18,35,103,23,179,111,10,121,300
07/31/2020,BTV,VT,ANE,EN,Combined TRACON& Tower with Radar,19,20,36,6,81,0,1,122,4,127,19,21,158,10,208,78,0,78,286
08/01/2020,BTV,VT,ANE,EN,Combined TRACON& Tower with Radar,19,16,9,0,44,0,1,98,9,108,19,17,107,9,152,0,0,0,152
08/02/2020,BTV,VT,ANE,EN,Combined TRACON& Tower with Radar,15,18,10,1,44,0,0,30,1,31,15,18,40,2,75,0,0,0,75
08/03/2020,BTV,VT,ANE,EN,Combined TRACON& Tower with Radar,18,25,18,5,66,0,0,85,11,96,18,25,103,16,162,0,0,0,162
08/04/2020,BTV,VT,ANE,EN,Combined TRACON& Tower with Radar,14,19,10,1,44,0,0,6,0,6,14,19,16,1,50,0,0,0,50
08/05/2020,BTV,VT,ANE,EN,Combined TRACON& Tower with Radar,11,21,13,11,56,0,0,121,17,138,11,21,134,28,194,0,0,0,194
08/06/2020,BTV,VT,ANE,EN,Combined TRACON& Tower with Radar,20,23,23,19,85,0,2,150,15,167,20,25,173,34,252,145,40,185,437
08/07/2020,BTV,VT,ANE,EN,Combined TRACON& Tower with Radar,18,23,22,8,71,0,0,116,5,121,18,23,138,13,192,134,4,138,330
08/08/2020,BTV,VT,ANE,EN,Combined TRACON& Tower with Radar,17,25,20,17,79,0,0,59,7,66,17,25,79,24,145,27,4,31,176
08/09/2020,BTV,VT,ANE,EN,Combined TRACON& Tower with Radar,16,17,23,2,58,0,1,53,1,55,16,18,76,3,113,13,9,22,135
08/10/2020,BTV,VT,ANE,EN,Combined TRACON& Tower with Radar,19,21,10,2,52,0,0,69,3,72,19,21,79,5,124,53,6,59,183
08/11/2020,BTV,VT,ANE,EN,Combined TRACON& Tower with Radar,17,11,26,3,57,0,0,82,9,91,17,11,108,12,148,45,2,47,195
08/12/2020,BTV,VT,ANE,EN,Combined TRACON& Tower with Radar,16,15,38,6,75,0,0,106,6,112,16,15,144,12,187,117,10,127,314
08/13/2020,BTV,VT,ANE,EN,Combined TRACON& Tower with Radar,21,25,27,5,78,0,1,109,13,123,21,26,136,18,201,107,0,107,308
08/14/2020,BTV,VT,ANE,EN,Combined TRACON& Tower with Radar,18,27,14,4,63,0,1,98,2,101,18,28,112,6,164,71,0,71,235
08/15/2020,BTV,VT,ANE,EN,Combined TRACON& Tower with Radar,18,21,19,0,58,0,1,61,0,62,18,22,80,0,120,33,0,33,153
08/16/2020,BTV,VT,ANE,EN,Combined TRACON& Tower with Radar,17,21,23,0,61,0,1,57,5,63,17,22,80,5,124,27,0,27,151
08/17/2020,BTV,VT,ANE,EN,Combined TRACON& Tower with Radar,19,18,23,4,64,0,0,67,2,69,19,18,90,6,133,82,0,82,215
08/18/2020,BTV,VT,ANE,EN,Combined TRACON& Tower with Radar,16,15,23,2,56,0,0,63,14,77,16,15,86,16,133,67,0,67,200
08/19/2020,BTV,VT,ANE,EN,Combined TRACON& Tower with Radar,14,18,20,0,52,0,2,122,1,125,14,20,142,1,177,147,0,147,324
08/20/2020,BTV,VT,ANE,EN,Combined TRACON& Tower with Radar,20,25,28,2,75,0,1,111,10,122,20,26,139,12,197,90,0,90,287
08/21/2020,BTV,VT,ANE,EN,Combined TRACON& Tower with Radar,18,18,22,7,65,0,0,53,0,53,18,18,75,7,118,83,0,83,201
08/22/2020,BTV,VT,ANE,EN,Combined TRACON& Tower with Radar,17,26,22,6,71,0,0,28,2,30,17,26,50,8,101,34,0,34,135
08/23/2020,BTV,VT,ANE,EN,Combined TRACON& Tower with Radar,16,19,4,1,40,0,2,13,4,19,16,21,17,5,59,11,0,11,70
08/24/2020,BTV,VT,ANE,EN,Combined TRACON& Tower with Radar,19,20,20,0,59,0,0,41,0,41,19,20,61,0,100,55,0,55,155
08/25/2020,BTV,VT,ANE,EN,Combined TRACON& Tower with Radar,16,21,25,0,62,0,0,51,4,55,16,21,76,4,117,34,1,35,152
08/26/2020,BTV,VT,ANE,EN,Combined TRACON& Tower with Radar,14,20,22,16,72,0,0,280,9,289,14,20,302,25,361,0,0,0,361
08/27/2020,BTV,VT,ANE,EN,Combined TRACON& Tower with Radar,20,19,38,35,112,0,0,186,24,210,20,19,224,59,322,0,0,0,322
08/28/2020,BTV,VT,ANE,EN,Combined TRACON& Tower with Radar,16,18,25,10,69,0,0,199,6,205,16,18,224,16,274,0,0,0,274
08/29/2020,BTV,VT,ANE,EN,Combined TRACON& Tower with Radar,17,13,9,0,39,0,0,2,0,2,17,13,11,0,41,0,0,0,41
08/30/2020,BTV,VT,ANE,EN,Combined TRACON& Tower with Radar,16,28,13,0,57,0,1,46,2,49,16,29,59,2,106,0,0,0,106
08/31/2020,BTV,VT,ANE,EN,Combined TRACON& Tower with Radar,18,20,30,0,68,1,1,131,3,136,19,21,161,3,204,84,0,84,288
09/01/2020,BTV,VT,ANE,EN,Combined TRACON& Tower with Radar,16,10,27,5,58,0,0,77,7,84,16,10,104,12,142,59,8,67,209
09/02/2020,BTV,VT,ANE,EN,Combined TRACON& Tower with Radar,15,8,12,16,51,0,0,35,1,36,15,8,47,17,87,20,2,22,109
09/03/2020,BTV,VT,ANE,EN,Combined TRACON& Tower with Radar,20,24,28,17,89,0,2,154,3,159,20,26,182,20,248,122,4,126,374
09/04/2020,BTV,VT,ANE,EN,Combined TRACON& Tower with Radar,18,22,33,0,73,0,0,111,2,113,18,22,144,2,186,77,0,77,263
09/05/2020,BTV,VT,ANE,EN,Combined TRACON& Tower with Radar,12,16,14,0,42,0,0,69,3,72,12,16,83,3,114,30,0,30,144
09/06/2020,BTV,VT,ANE,EN,Combined TRACON& Tower with Radar,14,20,8,2,44,0,0,69,2,71,14,20,77,4,115,26,0,26,141
09/07/2020,BTV,VT,ANE,EN,Combined TRACON& Tower with Radar,16,22,17,0,55,0,0,12,2,14,16,22,29,2,69,17,0,17,86
09/08/2020,BTV,VT,ANE,EN,Combined TRACON& Tower with Radar,13,16,23,11,63,0,0,91,5,96,13,16,114,16,159,80,2,82,241
09/09/2020,BTV,VT,ANE,EN,Combined TRACON& Tower with Radar,16,9,22,14,61,0,0,109,3,112,16,9,131,17,173,145,2,147,320
09/10/2020,BTV,VT,ANE,EN,Combined TRACON& Tower with Radar,20,20,21,16,77,0,0,50,4,54,20,20,71,20,131,33,2,35,166
09/11/2020,BTV,VT,ANE,EN,Combined TRACON& Tower with Radar,20,18,32,7,77,0,0,80,4,84,20,18,112,11,161,122,2,124,285
09/12/2020,BTV,VT,ANE,EN,Combined TRACON& Tower with Radar,13,18,21,13,65,0,1,83,7,91,13,19,104,20,156,52,0,52,208
09/13/2020,BTV,VT,ANE,EN,Combined TRACON& Tower with Radar,18,16,15,0,49,0,0,3,0,3,18,16,18,0,52,0,0,0,52
09/14/2020,BTV,VT,ANE,EN,Combined TRACON& Tower with Radar,19,17,19,16,71,0,0,69,6,75,19,17,88,22,146,19,38,57,203
09/15/2020,BTV,VT,ANE,EN,Combined TRACON& Tower with Radar,16,12,14,9,51,0,0,110,4,114,16,12,124,13,165,89,5,94,259
09/16/2020,BTV,VT,ANE,EN,Combined TRACON& Tower with Radar,16,26,10,14,66,0,1,31,6,38,16,27,41,20,104,0,10,10,114
09/17/2020,BTV,VT,ANE,EN,Combined TRACON& Tower with Radar,21,18,20,14,73,0,0,104,9,113,21,18,124,23,186,92,0,92,278
09/18/2020,BTV,VT,ANE,EN,Combined TRACON& Tower with Radar,21,19,41,7,88,0,0,112,6,118,21,19,153,13,206,62,9,71,277
09/19/2020,BTV,VT,ANE,EN,Combined TRACON& Tower with Radar,13,11,16,0,40,0,0,89,8,97,13,11,105,8,137,58,0,58,195
09/20/2020,BTV,VT,ANE,EN,Combined TRACON& Tower with Radar,18,15,11,1,45,0,0,86,2,88,18,15,97,3,133,0,0,0,133
09/21/2020,BTV,VT,ANE,EN,Combined TRACON& Tower with Radar,19,21,26,0,66,0,0,107,4,111,19,21,133,4,177,82,0,82,259
09/22/2020,BTV,VT,ANE,EN,Combined TRACON& Tower with Radar,16,14,29,10,69,0,6,111,17,134,16,20,140,27,203,86,14,100,303
09/23/2020,BTV,VT,ANE,EN,Combined TRACON& Tower with Radar,17,16,34,11,78,0,3,179,6,188,17,19,213,17,266,0,0,0,266
09/24/2020,BTV,VT,ANE,EN,Combined TRACON& Tower with Radar,20,14,31,12,77,0,1,103,13,117,20,15,134,25,194,67,6,73,267
09/25/2020,BTV,VT,ANE,EN,Combined TRACON& Tower with Radar,22,22,34,11,89,0,0,95,3,98,22,22,129,14,187,49,2,51,238
09/26/2020,BTV,VT,ANE,EN,Combined TRACON& Tower with Radar,14,17,31,0,62,0,0,60,2,62,14,17,91,2,124,15,0,15,139
09/27/2020,BTV,VT,ANE,EN,Combined TRACON& Tower with Radar,18,16,35,2,71,0,0,18,3,21,18,16,53,5,92,13,0,13,105
09/28/2020,BTV,VT,ANE,EN,Combined TRACON& Tower with Radar,19,19,45,12,95,0,0,41,7,48,19,19,86,19,143,16,14,30,173
09/29/2020,BTV,VT,ANE,EN,Combined TRACON& Tower with Radar,16,15,15,4,50,0,0,17,2,19,16,15,32,6,69,22,0,22,91
09/30/2020,BTV,VT,ANE,EN,Combined TRACON& Tower with Radar,17,18,22,5,62,0,1,25,6,32,17,19,47,11,94,47,28,75,169
10/01/2020,BTV,VT,ANE,EN,Combined TRACON& Tower with Radar,20,23,27,0,70,0,0,120,10,130,20,23,147,10,200,121,0,121,321
10/02/2020,BTV,VT,ANE,EN,Combined TRACON& Tower with Radar,17,34,36,8,95,0,0,27,0,27,17,34,63,8,122,6,0,6,128
10/03/2020,BTV,VT,ANE,EN,Combined TRACON& Tower with Radar,12,16,20,0,48,0,0,33,2,35,12,16,53,2,83,2,0,2,85
10/04/2020,BTV,VT,ANE,EN,Combined TRACON& Tower with Radar,14,25,12,7,58,0,0,101,3,104,14,25,113,10,162,44,0,44,206
10/05/2020,BTV,VT,ANE,EN,Combined TRACON& Tower with Radar,15,21,28,8,72,0,0,109,5,114,15,21,137,13,186,54,10,64,250
10/06/2020,BTV,VT,ANE,EN,Combined TRACON& Tower with Radar,14,25,22,9,70,0,0,68,16,84,14,25,90,25,154,29,0,29,183
10/07/2020,BTV,VT,ANE,EN,Combined TRACON& Tower with Radar,15,13,15,4,47,0,0,24,4,28,15,13,39,8,75,2,1,3,78
10/08/2020,BTV,VT,ANE,EN,Combined TRACON& Tower with Radar,16,23,15,9,63,0,1,57,8,66,16,24,72,17,129,6,26,32,161
10/09/2020,BTV,VT,ANE,EN,Combined TRACON& Tower with Radar,16,29,41,0,86,0,2,160,4,166,16,31,201,4,252,93,0,93,345
10/10/2020,BTV,VT,ANE,EN,Combined TRACON& Tower with Radar,9,24,6,1,40,0,0,10,1,11,9,24,16,2,51,0,0,0,51
10/11/2020,BTV,VT,ANE,EN,Combined TRACON& Tower with Radar,14,22,22,1,59,0,0,134,1,135,14,22,156,2,194,0,0,0,194
10/12/2020,BTV,VT,ANE,EN,Combined TRACON& Tower with Radar,15,25,33,0,73,0,1,92,0,93,15,26,125,0,166,0,0,0,166
10/13/2020,BTV,VT,ANE,EN,Combined TRACON& Tower with Radar,12,13,27,4,56,0,0,8,0,8,12,13,35,4,64,9,0,9,73
10/14/2020,BTV,VT,ANE,EN,Combined TRACON& Tower with Radar,16,18,25,7,66,0,1,77,9,87,16,19,102,16,153,79,3,82,235
10/15/2020,BTV,VT,ANE,EN,Combined TRACON& Tower with Radar,15,26,19,12,72,1,1,24,13,39,16,27,43,25,111,25,4,29,140
10/16/2020,BTV,VT,ANE,EN,Combined TRACON& Tower with Radar,16,21,38,7,82,0,0,5,0,5,16,21,43,7,87,13,0,13,100
10/17/2020,BTV,VT,ANE,EN,Combined TRACON& Tower with Radar,11,25,24,3,63,0,0,64,12,76,11,25,88,15,139,13,4,17,156
10/18/2020,BTV,VT,ANE,EN,Combined TRACON& Tower with Radar,14,25,21,2,62,0,0,27,7,34,14,25,48,9,96,24,0,24,120
10/19/2020,BTV,VT,ANE,EN,Combined TRACON& Tower with Radar,15,23,18,2,58,0,0,26,2,28,15,23,44,4,86,35,0,35,121
10/20/2020,BTV,VT,ANE,EN,Combined TRACON& Tower with Radar,14,13,13,11,51,0,0,5,0,5,14,13,18,11,56,3,4,7,63
10/21/2020,BTV,VT,ANE,EN,Combined TRACON& Tower with Radar,14,13,13,11,51,0,0,17,2,19,14,13,30,13,70,38,0,38,108
10/22/2020,BTV,VT,ANE,EN,Combined TRACON& Tower with Radar,16,27,26,24,93,0,1,103,23,127,16,28,129,47,220,113,18,131,351
10/23/2020,BTV,VT,ANE,EN,Combined TRACON& Tower with Radar,16,16,21,6,59,0,2,24,5,31,16,18,45,11,90,0,0,0,90
10/24/2020,BTV,VT,ANE,EN,Combined TRACON& Tower with Radar,9,18,11,0,38,0,0,8,2,10,9,18,19,2,48,72,0,72,120
10/25/2020,BTV,VT,ANE,EN,Combined TRACON& Tower with Radar,14,22,23,0,59,0,1,75,2,78,14,23,98,2,137,75,0,75,212
10/26/2020,BTV,VT,ANE,EN,Combined TRACON& Tower with Radar,15,21,8,0,44,0,0,2,0,2,15,21,10,0,46,0,0,0,46
10/27/2020,BTV,VT,ANE,EN,Combined TRACON& Tower with Radar,13,18,15,15,61,0,0,23,7,30,13,18,38,22,91,43,0,43,134
10/28/2020,BTV,VT,ANE,EN,Combined TRACON& Tower with Radar,15,21,29,28,93,0,0,15,0,15,15,21,44,28,108,28,24,52,160
10/29/2020,BTV,VT,ANE,EN,Combined TRACON& Tower with Radar,16,24,27,6,73,0,0,35,2,37,16,24,62,8,110,133,0,133,243
10/30/2020,BTV,VT,ANE,EN,Combined TRACON& Tower with Radar,14,23,38,10,85,0,0,82,6,88,14,23,120,16,173,122,0,122,295
10/31/2020,BTV,VT,ANE,EN,Combined TRACON& Tower with Radar,7,22,25,0,54,0,0,87,3,90,7,22,112,3,144,94,0,94,238
11/01/2020,BTV,VT,ANE,EN,Combined TRACON& Tower with Radar,12,16,10,0,38,0,0,1,0,1,12,16,11,0,39,0,0,0,39
11/02/2020,BTV,VT,ANE,EN,Combined TRACON& Tower with Radar,13,16,8,0,37,0,0,8,0,8,13,16,16,0,45,0,0,0,45
11/03/2020,BTV,VT,ANE,EN,Combined TRACON& Tower with Radar,10,23,15,5,53,0,0,32,11,43,10,23,47,16,96,84,0,84,180
11/04/2020,BTV,VT,ANE,EN,Combined TRACON& Tower with Radar,10,17,16,3,46,0,0,43,11,54,10,17,59,14,100,10,0,10,110
11/05/2020,BTV,VT,ANE,EN,Combined TRACON& Tower with Radar,18,18,8,4,48,0,0,65,14,79,18,18,73,18,127,26,6,32,159
11/06/2020,BTV,VT,ANE,EN,Combined TRACON& Tower with Radar,16,16,23,0,55,0,0,147,5,152,16,16,170,5,207,0,0,0,207
11/07/2020,BTV,VT,ANE,EN,Combined TRACON& Tower with Radar,13,15,25,3,56,0,3,71,10,84,13,18,96,13,140,53,11,64,204
11/08/2020,BTV,VT,ANE,EN,Combined TRACON& Tower with Radar,16,18,21,3,58,0,1,91,5,97,16,19,112,8,155,65,4,69,224
11/09/2020,BTV,VT,ANE,EN,Combined TRACON& Tower with Radar,15,20,27,0,62,0,0,98,2,100,15,20,125,2,162,86,0,86,248
11/10/2020,BTV,VT,ANE,EN,Combined TRACON& Tower with Radar,16,16,29,16,77,0,0,86,11,97,16,16,115,27,174,66,22,88,262
11/11/2020,BTV,VT,ANE,EN,Combined TRACON& Tower with Radar,10,12,14,0,36,0,0,22,0,22,10,12,36,0,58,17,0,17,75
11/12/2020,BTV,VT,ANE,EN,Combined TRACON& Tower with Radar,17,23,26,11,77,0,0,89,12,101,17,23,115,23,178,106,4,110,288
11/13/2020,BTV,VT,ANE,EN,Combined TRACON& Tower with Radar,19,29,13,6,67,0,0,53,1,54,19,29,66,7,121,61,0,61,182
11/14/2020,BTV,VT,ANE,EN,Combined TRACON& Tower with Radar,13,23,22,1,59,0,0,49,3,52,13,23,71,4,111,84,0,84,195
11/15/2020,BTV,VT,ANE,EN,Combined TRACON& Tower with Radar,16,19,2,0,37,0,0,5,0,5,16,19,7,0,42,12,0,12,54
11/16/2020,BTV,VT,ANE,EN,Combined TRACON& Tower with Radar,15,20,11,2,48,0,0,6,0,6,15,20,17,2,54,0,0,0,54
11/17/2020,BTV,VT,ANE,EN,Combined TRACON& Tower with Radar,16,15,11,11,53,0,0,51,8,59,16,15,62,19,112,113,2,115,227
11/18/2020,BTV,VT,ANE,EN,Combined TRACON& Tower with Radar,10,21,10,10,51,0,1,48,6,55,10,22,58,16,106,58,0,58,164
11/19/2020,BTV,VT,ANE,EN,Combined TRACON& Tower with Radar,20,18,8,8,54,0,0,22,13,35,20,18,30,21,89,8,0,8,97
11/20/2020,BTV,VT,ANE,EN,Combined TRACON& Tower with Radar,18,24,24,7,73,0,0,43,1,44,18,24,67,8,117,0,0,0,117
11/21/2020,BTV,VT,ANE,EN,Combined TRACON& Tower with Radar,15,24,21,0,60,0,0,63,0,63,15,24,84,0,123,63,0,63,186
11/22/2020,BTV,VT,ANE,EN,Combined TRACON& Tower with Radar,16,22,10,0,48,0,0,68,0,68,16,22,78,0,116,56,0,56,172
11/23/2020,BTV,VT,ANE,EN,Combined TRACON& Tower with Radar,9,17,19,0,45,0,0,15,1,16,9,17,34,1,61,47,2,49,110
11/24/2020,BTV,VT,ANE,EN,Combined TRACON& Tower with Radar,18,21,20,9,68,0,0,65,8,73,18,21,85,17,141,90,0,90,231
11/25/2020,BTV,VT,ANE,EN,Combined TRACON& Tower with Radar,16,18,12,8,54,0,0,15,0,15,16,18,27,8,69,23,0,23,92
11/26/2020,BTV,VT,ANE,EN,Combined TRACON& Tower with Radar,4,11,10,0,25,0,0,0,0,0,4,11,10,0,25,6,0,6,31
11/27/2020,BTV,VT,ANE,EN,Combined TRACON& Tower with Radar,10,15,9,0,34,0,0,11,0,11,10,15,20,0,45,59,0,59,104
11/28/2020,BTV,VT,ANE,EN,Combined TRACON& Tower with Radar,15,23,5,0,43,0,0,8,2,10,15,23,13,2,53,16,0,16,69
11/29/2020,BTV,VT,ANE,EN,Combined TRACON& Tower with Radar,16,24,19,0,59,0,1,88,2,91,16,25,107,2,150,38,0,38,188
11/30/2020,BTV,VT,ANE,EN,Combined TRACON& Tower with Radar,18,26,9,0,53,0,0,25,0,25,18,26,34,0,78,23,0,23,101
12/01/2020,BTV,VT,ANE,EN,Combined TRACON& Tower with Radar,20,22,8,16,66,0,0,29,6,35,20,22,37,22,101,14,0,14,115
12/02/2020,BTV,VT,ANE,EN,Combined TRACON& Tower with Radar,13,19,12,8,52,0,0,15,0,15,13,19,27,8,67,8,11,19,86
12/03/2020,BTV,VT,ANE,EN,Combined TRACON& Tower with Radar,18,23,23,13,77,0,0,51,7,58,18,23,74,20,135,52,15,67,202
12/04/2020,BTV,VT,ANE,EN,Combined TRACON& Tower with Radar,16,24,17,8,65,0,3,44,0,47,16,27,61,8,112,0,0,0,112
12/05/2020,BTV,VT,ANE,EN,Combined TRACON& Tower with Radar,8,16,5,9,38,0,0,2,0,2,8,16,7,9,40,0,0,0,40
12/06/2020,BTV,VT,ANE,EN,Combined TRACON& Tower with Radar,17,17,8,4,46,0,0,5,2,7,17,17,13,6,53,26,0,26,79
12/07/2020,BTV,VT,ANE,EN,Combined TRACON& Tower with Radar,16,15,9,0,40,0,0,10,0,10,16,15,19,0,50,46,0,46,96
12/08/2020,BTV,VT,ANE,EN,Combined TRACON& Tower with Radar,15,20,4,7,46,0,0,5,2,7,15,20,9,9,53,16,0,16,69
12/09/2020,BTV,VT,ANE,EN,Combined TRACON& Tower with Radar,10,20,9,0,39,0,0,0,0,0,10,20,9,0,39,0,0,0,39
12/10/2020,BTV,VT,ANE,EN,Combined TRACON& Tower with Radar,18,19,11,12,60,0,0,48,15,63,18,19,59,27,123,67,0,67,190
12/11/2020,BTV,VT,ANE,EN,Combined TRACON& Tower with Radar,16,19,26,8,69,0,0,65,4,69,16,19,91,12,138,54,0,54,192
12/12/2020,BTV,VT,ANE,EN,Combined TRACON& Tower with Radar,8,17,6,1,32,0,0,18,2,20,8,17,24,3,52,73,0,73,125
12/13/2020,BTV,VT,ANE,EN,Combined TRACON& Tower with Radar,17,18,12,1,48,0,0,23,1,24,17,18,35,2,72,33,0,33,105
12/14/2020,BTV,VT,ANE,EN,Combined TRACON& Tower with Radar,15,16,13,0,44,0,0,66,0,66,15,16,79,0,110,157,0,157,267
12/15/2020,BTV,VT,ANE,EN,Combined TRACON& Tower with Radar,14,22,16,21,73,0,0,69,9,78,14,22,85,30,151,52,16,68,219
12/16/2020,BTV,VT,ANE,EN,Combined TRACON& Tower with Radar,10,17,28,14,69,0,0,86,4,90,10,17,114,18,159,64,0,64,223
12/17/2020,BTV,VT,ANE,EN,Combined TRACON& Tower with Radar,21,19,8,0,48,0,0,13,6,19,21,19,21,6,67,0,0,0,67
12/18/2020,BTV,VT,ANE,EN,Combined TRACON& Tower with Radar,19,30,26,6,81,0,0,63,0,63,19,30,89,6,144,130,0,130,274
12/19/2020,BTV,VT,ANE,EN,Combined TRACON& Tower with Radar,16,27,28,0,71,0,0,51,2,53,16,27,79,2,124,87,0,87,211
12/20/2020,BTV,VT,ANE,EN,Combined TRACON& Tower with Radar,16,20,17,0,53,0,0,14,0,14,16,20,31,0,67,35,0,35,102
12/21/2020,BTV,VT,ANE,EN,Combined TRACON& Tower with Radar,20,17,19,3,59,0,0,44,1,45,20,17,63,4,104,83,0,83,187
12/22/2020,BTV,VT,ANE,EN,Combined TRACON& Tower with Radar,19,13,15,6,53,0,0,18,5,23,19,13,33,11,76,18,1,19,95
12/23/2020,BTV,VT,ANE,EN,Combined TRACON& Tower with Radar,20,21,32,10,83,0,0,71,4,75,20,21,103,14,158,93,4,97,255
12/24/2020,BTV,VT,ANE,EN,Combined TRACON& Tower with Radar,13,13,2,0,28,0,0,13,1,14,13,13,15,1,42,2,0,2,44
12/25/2020,BTV,VT,ANE,EN,Combined TRACON& Tower with Radar,7,12,4,0,23,0,0,0,0,0,7,12,4,0,23,0,0,0,23
12/26/2020,BTV,VT,ANE,EN,Combined TRACON& Tower with Radar,14,27,9,0,50,0,1,2,0,3,14,28,11,0,53,0,0,0,53
12/27/2020,BTV,VT,ANE,EN,Combined TRACON& Tower with Radar,17,11,21,2,51,0,2,32,7,41,17,13,53,9,92,43,0,43,135
12/28/2020,BTV,VT,ANE,EN,Combined TRACON& Tower with Radar,18,23,14,0,55,0,0,9,0,9,18,23,23,0,64,0,0,0,64
12/29/2020,BTV,VT,ANE,EN,Combined TRACON& Tower with Radar,18,25,18,18,79,0,0,56,10,66,18,25,74,28,145,9,23,32,177
12/30/2020,BTV,VT,ANE,EN,Combined TRACON& Tower with Radar,19,17,9,6,51,0,0,38,4,42,19,17,47,10,93,12,2,14,107
12/31/2020,BTV,VT,ANE,EN,Combined TRACON& Tower with Radar,13,12,12,4,41,0,0,30,0,30,13,12,42,4,71,48,0,48,119
01/01/2021,BTV,VT,ANE,EN,Combined TRACON& Tower with Radar,15,15,13,0,43,0,0,47,3,50,15,15,60,3,93,33,0,33,126
01/02/2021,BTV,VT,ANE,EN,Combined TRACON& Tower with Radar,16,19,7,0,42,0,0,0,0,0,16,19,7,0,42,0,0,0,42
01/03/2021,BTV,VT,ANE,EN,Combined TRACON& Tower with Radar,17,16,18,0,51,0,0,24,0,24,17,16,42,0,75,90,0,90,165
01/04/2021,BTV,VT,ANE,EN,Combined TRACON& Tower with Radar,15,11,16,0,42,0,0,8,1,9,15,11,24,1,51,0,0,0,51
01/05/2021,BTV,VT,ANE,EN,Combined TRACON& Tower with Radar,11,14,14,0,39,0,0,2,0,2,11,14,16,0,41,0,0,0,41
01/06/2021,BTV,VT,ANE,EN,Combined TRACON& Tower with Radar,9,11,9,13,42,0,0,17,1,18,9,11,26,14,60,2,0,2,62
01/07/2021,BTV,VT,ANE,EN,Combined TRACON& Tower with Radar,12,23,4,15,54,0,0,24,5,29,12,23,28,20,83,31,8,39,122
01/08/2021,BTV,VT,ANE,EN,Combined TRACON& Tower with Radar,9,17,12,8,46,0,1,48,4,53,9,18,60,12,99,44,0,44,143
01/09/2021,BTV,VT,ANE,EN,Combined TRACON& Tower with Radar,8,18,21,13,60,0,0,79,4,83,8,18,100,17,143,90,6,96,239
01/10/2021,BTV,VT,ANE,EN,Combined TRACON& Tower with Radar,11,19,16,0,46,0,0,61,0,61,11,19,77,0,107,0,0,0,107
01/11/2021,BTV,VT,ANE,EN,Combined TRACON& Tower with Radar,7,20,14,1,42,0,0,132,6,138,7,20,146,7,180,0,0,0,180
01/12/2021,BTV,VT,ANE,EN,Combined TRACON& Tower with Radar,9,10,5,22,46,0,0,41,6,47,9,10,46,28,93,28,20,48,141
01/13/2021,BTV,VT,ANE,EN,Combined TRACON& Tower with Radar,9,13,7,10,39,0,1,51,7,59,9,14,58,17,98,62,2,64,162
01/14/2021,BTV,VT,ANE,EN,Combined TRACON& Tower with Radar,12,23,8,15,58,0,0,28,3,31,12,23,36,18,89,57,51,108,197
01/15/2021,BTV,VT,ANE,EN,Combined TRACON& Tower with Radar,12,25,28,0,65,0,0,39,3,42,12,25,67,3,107,51,0,51,158
01/16/2021,BTV,VT,ANE,EN,Combined TRACON& Tower with Radar,7,18,12,0,37,0,0,0,0,0,7,18,12,0,37,0,0,0,37
01/17/2021,BTV,VT,ANE,EN,Combined TRACON& Tower with Radar,8,14,11,0,33,0,0,6,0,6,8,14,17,0,39,0,0,0,39
01/18/2021,BTV,VT,ANE,EN,Combined TRACON& Tower with Radar,9,27,20,3,59,0,0,57,1,58,9,27,77,4,117,42,0,42,159
01/19/2021,BTV,VT,ANE,EN,Combined TRACON& Tower with Radar,9,12,11,8,40,0,0,69,11,80,9,12,80,19,120,60,15,75,195
01/20/2021,BTV,VT,ANE,EN,Combined TRACON& Tower with Radar,9,20,9,0,38,0,0,13,0,13,9,20,22,0,51,4,0,4,55
01/21/2021,BTV,VT,ANE,EN,Combined TRACON& Tower with Radar,12,22,5,0,39,0,0,6,0,6,12,22,11,0,45,5,0,5,50
01/22/2021,BTV,VT,ANE,EN,Combined TRACON& Tower with Radar,12,21,9,8,50,0,0,42,0,42,12,21,51,8,92,81,10,91,183
01/23/2021,BTV,VT,ANE,EN,Combined TRACON& Tower with Radar,7,23,5,0,35,0,0,10,0,10,7,23,15,0,45,55,0,55,100
01/24/2021,BTV,VT,ANE,EN,Combined TRACON& Tower with Radar,10,18,12,0,40,0,1,34,1,36,10,19,46,1,76,44,0,44,120
01/25/2021,BTV,VT,ANE,EN,Combined TRACON& Tower with Radar,9,19,15,0,43,0,0,76,1,77,9,19,91,1,120,139,0,139,259
01/26/2021,BTV,VT,ANE,EN,Combined TRACON& Tower with Radar,9,18,25,0,52,0,0,71,2,73,9,18,96,2,125,112,0,112,237
01/27/2021,BTV,VT,ANE,EN,Combined TRACON& Tower with Radar,9,20,8,0,37,0,0,10,0,10,9,20,18,0,47,10,0,10,57
01/28/2021,BTV,VT,ANE,EN,Combined TRACON& Tower with Radar,10,21,9,9,49,0,0,62,14,76,10,21,71,23,125,76,12,88,213
01/29/2021,BTV,VT,ANE,EN,Combined TRACON& Tower with Radar,12,23,25,1,61,0,1,34,4,39,12,24,59,5,100,55,0,55,155
01/30/2021,BTV,VT,ANE,EN,Combined TRACON& Tower with Radar,7,18,20,2,47,0,0,16,1,17,7,18,36,3,64,0,0,0,64
01/31/2021,BTV,VT,ANE,EN,Combined TRACON& Tower with Radar,9,20,27,5,61,0,0,52,1,53,9,20,79,6,114,41,0,41,155
02/01/2021,BTV,VT,ANE,EN,Combined TRACON& Tower with Radar,7,16,14,6,43,0,0,69,4,73,7,16,83,10,116,97,12,109,225
02/02/2021,BTV,VT,ANE,EN,Combined TRACON& Tower with Radar,8,10,3,0,21,0,0,0,0,0,8,10,3,0,21,0,0,0,21
02/03/2021,BTV,VT,ANE,EN,Combined TRACON& Tower with Radar,9,14,3,0,26,0,0,0,0,0,9,14,3,0,26,0,0,0,26
02/04/2021,BTV,VT,ANE,EN,Combined TRACON& Tower with Radar,12,29,21,10,72,0,4,97,12,113,12,33,118,22,185,91,4,95,280
02/05/2021,BTV,VT,ANE,EN,Combined TRACON& Tower with Radar,12,19,7,0,38,0,0,12,2,14,12,19,19,2,52,16,0,16,68
02/06/2021,BTV,VT,ANE,EN,Combined TRACON& Tower with Radar,8,18,18,19,63,0,0,34,3,37,8,18,52,22,100,49,2,51,151
02/07/2021,BTV,VT,ANE,EN,Combined TRACON& Tower with Radar,14,14,4,9,41,0,0,18,0,18,14,14,22,9,59,39,0,39,98
02/08/2021,BTV,VT,ANE,EN,Combined TRACON& Tower with Radar,9,20,26,0,55,0,1,93,6,100,9,21,119,6,155,142,0,142,297
02/09/2021,BTV,VT,ANE,EN,Combined TRACON& Tower with Radar,9,11,3,0,23,0,0,4,4,8,9,11,7,4,31,0,19,19,50
02/10/2021,BTV,VT,ANE,EN,Combined TRACON& Tower with Radar,10,16,20,24,70,0,2,83,7,92,10,18,103,31,162,102,0,102,264
02/11/2021,BTV,VT,ANE,EN,Combined TRACON& Tower with Radar,12,32,13,22,79,0,0,65,8,73,12,32,78,30,152,129,2,131,283
02/12/2021,BTV,VT,ANE,EN,Combined TRACON& Tower with Radar,10,19,16,4,49,0,0,68,1,69,10,19,84,5,118,116,4,120,238
02/13/2021,BTV,VT,ANE,EN,Combined TRACON& Tower with Radar,7,23,12,0,42,0,0,62,5,67,7,23,74,5,109,29,0,29,138
02/14/2021,BTV,VT,ANE,EN,Combined TRACON& Tower with Radar,8,20,12,0,40,0,0,7,0,7,8,20,19,0,47,22,0,22,69
02/15/2021,BTV,VT,ANE,EN,Combined TRACON& Tower with Radar,8,30,17,0,55,0,0,23,0,23,8,30,40,0,78,49,0,49,127
02/16/2021,BTV,VT,ANE,EN,Combined TRACON& Tower with Radar,9,16,4,0,29,0,0,0,0,0,9,16,4,0,29,0,0,0,29
02/17/2021,BTV,VT,ANE,EN,Combined TRACON& Tower with Radar,8,18,18,18,62,0,1,119,11,131,8,19,137,29,193,94,4,98,291
02/18/2021,BTV,VT,ANE,EN,Combined TRACON& Tower with Radar,12,11,9,20,52,0,1,103,20,124,12,12,112,40,176,213,0,213,389
02/19/2021,BTV,VT,ANE,EN,Combined TRACON& Tower with Radar,10,22,17,8,57,0,0,81,0,81,10,22,98,8,138,0,0,0,138
02/20/2021,BTV,VT,ANE,EN,Combined TRACON& Tower with Radar,7,23,11,0,41,0,0,16,2,18,7,23,27,2,59,90,0,90,149
02/21/2021,BTV,VT,ANE,EN,Combined TRACON& Tower with Radar,10,32,28,0,70,0,0,108,3,111,10,32,136,3,181,159,0,159,340
02/22/2021,BTV,VT,ANE,EN,Combined TRACON& Tower with Radar,11,24,10,2,47,0,0,22,0,22,11,24,32,2,69,0,0,0,69
02/23/2021,BTV,VT,ANE,EN,Combined TRACON& Tower with Radar,10,24,5,10,49,0,0,177,0,177,10,24,182,10,226,0,0,0,226
02/24/2021,BTV,VT,ANE,EN,Combined TRACON& Tower with Radar,10,17,17,13,57,0,4,56,6,66,10,21,73,19,123,89,0,89,212
02/25/2021,BTV,VT,ANE,EN,Combined TRACON& Tower with Radar,10,17,15,13,55,0,0,51,12,63,10,17,66,25,118,54,4,58,176
02/26/2021,BTV,VT,ANE,EN,Combined TRACON& Tower with Radar,12,24,31,9,76,0,1,137,2,140,12,25,168,11,216,194,0,194,410
02/27/2021,BTV,VT,ANE,EN,Combined TRACON& Tower with Radar,7,16,7,0,30,0,0,0,0,0,7,16,7,0,30,0,0,0,30
02/28/2021,BTV,VT,ANE,EN,Combined TRACON& Tower with Radar,10,21,24,0,55,0,0,91,2,93,10,21,115,2,148,141,0,141,289
03/01/2021,BTV,VT,ANE,EN,Combined TRACON& Tower with Radar,10,19,9,6,44,0,0,13,0,13,10,19,22,6,57,4,8,12,69
03/02/2021,BTV,VT,ANE,EN,Combined TRACON& Tower with Radar,9,28,8,7,52,0,6,66,9,81,9,34,74,16,133,88,10,98,231
03/03/2021,BTV,VT,ANE,EN,Combined TRACON& Tower with Radar,8,19,16,10,53,0,1,26,3,30,8,20,42,13,83,0,0,0,83
03/04/2021,BTV,VT,ANE,EN,Combined TRACON& Tower with Radar,12,34,17,5,68,0,3,84,20,107,12,37,101,25,175,122,0,122,297
03/05/2021,BTV,VT,ANE,EN,Combined TRACON& Tower with Radar,10,34,18,14,76,0,0,78,11,89,10,34,96,25,165,106,25,131,296
03/06/2021,BTV,VT,ANE,EN,Combined TRACON& Tower with Radar,7,27,8,10,52,0,0,49,5,54,7,27,57,15,106,64,0,64,170
03/07/2021,BTV,VT,ANE,EN,Combined TRACON& Tower with Radar,8,27,32,13,80,0,1,92,6,99,8,28,124,19,179,155,28,183,362
03/08/2021,BTV,VT,ANE,EN,Combined TRACON& Tower with Radar,11,27,27,18,83,0,0,89,11,100,11,27,116,29,183,198,60,258,441
03/09/2021,BTV,VT,ANE,EN,Combined TRACON& Tower with Radar,9,23,17,15,64,0,0,89,9,98,9,23,106,24,162,161,4,165,327
03/10/2021,BTV,VT,ANE,EN,Combined TRACON& Tower with Radar,11,22,19,12,64,0,2,76,8,86,11,24,95,20,150,84,0,84,234
03/11/2021,BTV,VT,ANE,EN,Combined TRACON& Tower with Radar,12,30,18,19,79,0,0,49,9,58,12,30,67,28,137,13,4,17,154
03/12/2021,BTV,VT,ANE,EN,Combined TRACON& Tower with Radar,10,30,9,10,59,0,1,62,4,67,10,31,71,14,126,51,2,53,179
03/13/2021,BTV,VT,ANE,EN,Combined TRACON& Tower with Radar,7,23,10,0,40,0,2,69,3,74,7,25,79,3,114,120,0,120,234
03/14/2021,BTV,VT,ANE,EN,Combined TRACON& Tower with Radar,8,33,8,0,49,0,0,4,0,4,8,33,12,0,53,0,0,0,53
03/15/2021,BTV,VT,ANE,EN,Combined TRACON& Tower with Radar,10,27,13,2,52,0,0,45,0,45,10,27,58,2,97,12,0,12,109
03/16/2021,BTV,VT,ANE,EN,Combined TRACON& Tower with Radar,11,22,25,15,73,0,0,82,3,85,11,22,107,18,158,228,6,234,392
03/17/2021,BTV,VT,ANE,EN,Combined TRACON& Tower with Radar,8,27,32,13,80,0,1,99,4,104,8,28,131,17,184,133,0,133,317
03/18/2021,BTV,VT,ANE,EN,Combined TRACON& Tower with Radar,10,26,20,15,71,0,0,20,7,27,10,26,40,22,98,67,4,71,169
03/19/2021,BTV,VT,ANE,EN,Combined TRACON& Tower with Radar,12,30,24,34,100,0,0,57,8,65,12,30,81,42,165,117,40,157,322
03/20/2021,BTV,VT,ANE,EN,Combined TRACON& Tower with Radar,7,21,18,2,48,0,0,90,1,91,7,21,108,3,139,160,0,160,299
03/21/2021,BTV,VT,ANE,EN,Combined TRACON& Tower with Radar,8,24,33,0,65,0,1,98,3,102,8,25,131,3,167,60,0,60,227
03/22/2021,BTV,VT,ANE,EN,Combined TRACON& Tower with Radar,11,26,23,8,68,0,1,93,2,96,11,27,116,10,164,106,6,112,276
03/23/2021,BTV,VT,ANE,EN,Combined TRACON& Tower with Radar,8,21,27,14,70,0,0,107,14,121,8,21,134,28,191,123,9,132,323
03/24/2021,BTV,VT,ANE,EN,Combined TRACON& Tower with Radar,8,19,18,15,60,0,0,71,9,80,8,19,89,24,140,99,12,111,251
03/25/2021,BTV,VT,ANE,EN,Combined TRACON& Tower with Radar,9,28,18,22,77,0,1,55,12,68,9,29,73,34,145,53,42,95,240
03/26/2021,BTV,VT,ANE,EN,Combined TRACON& Tower with Radar,12,36,20,0,68,0,0,2,0,2,12,36,22,0,70,0,0,0,70
03/27/2021,BTV,VT,ANE,EN,Combined TRACON& Tower with Radar,6,23,19,0,48,0,0,71,2,73,6,23,90,2,121,164,0,164,285
03/28/2021,BTV,VT,ANE,EN,Combined TRACON& Tower with Radar,10,27,16,0,53,0,0,0,1,1,10,27,16,1,54,2,0,2,56
03/29/2021,BTV,VT,ANE,EN,Combined TRACON& Tower with Radar,13,25,14,0,52,0,1,21,1,23,13,26,35,1,75,24,0,24,99
03/30/2021,BTV,VT,ANE,EN,Combined TRACON& Tower with Radar,12,29,18,8,67,0,2,74,10,86,12,31,92,18,153,26,2,28,181
03/31/2021,BTV,VT,ANE,EN,Combined TRACON& Tower with Radar,12,25,7,7,51,0,0,45,3,48,12,25,52,10,99,24,0,24,123
04/01/2021,BTV,VT,ANE,EN,Combined TRACON& Tower with Radar,14,28,6,4,52,0,0,2,4,6,14,28,8,8,58,0,0,0,58
04/02/2021,BTV,VT,ANE,EN,Combined TRACON& Tower with Radar,16,27,20,9,72,0,1,73,5,79,16,28,93,14,151,137,0,137,288
04/03/2021,BTV,VT,ANE,EN,Combined TRACON& Tower with Radar,7,21,21,0,49,0,1,200,3,204,7,22,221,3,253,0,0,0,253
04/04/2021,BTV,VT,ANE,EN,Combined TRACON& Tower with Radar,11,30,26,2,69,0,2,88,3,93,11,32,114,5,162,0,0,0,162
04/05/2021,BTV,VT,ANE,EN,Combined TRACON& Tower with Radar,11,28,17,2,58,0,0,56,8,64,11,28,73,10,122,52,0,52,174
04/06/2021,BTV,VT,ANE,EN,Combined TRACON& Tower with Radar,9,16,38,16,79,0,0,104,13,117,9,16,142,29,196,143,21,164,360
04/07/2021,BTV,VT,ANE,EN,Combined TRACON& Tower with Radar,11,21,25,11,68,0,0,117,17,134,11,21,142,28,202,211,14,225,427
04/08/2021,BTV,VT,ANE,EN,Combined TRACON& Tower with Radar,14,28,21,17,80,0,0,138,20,158,14,28,159,37,238,108,8,116,354
04/09/2021,BTV,VT,ANE,EN,Combined TRACON& Tower with Radar,12,27,35,7,81,0,0,102,7,109,12,27,137,14,190,44,4,48,238
04/10/2021,BTV,VT,ANE,EN,Combined TRACON& Tower with Radar,7,25,33,8,73,0,0,86,8,94,7,25,119,16,167,115,6,121,288
04/11/2021,BTV,VT,ANE,EN,Combined TRACON& Tower with Radar,10,24,12,4,50,0,0,30,7,37,10,24,42,11,87,33,0,33,120
04/12/2021,BTV,VT,ANE,EN,Combined TRACON& Tower with Radar,12,24,32,10,78,0,0,70,7,77,12,24,102,17,155,116,35,151,306
04/13/2021,BTV,VT,ANE,EN,Combined TRACON& Tower with Radar,8,20,33,12,73,0,0,92,14,106,8,20,125,26,179,264,3,267,446
04/14/2021,BTV,VT,ANE,EN,Combined TRACON& Tower with Radar,8,23,47,7,85,0,0,109,5,114,8,23,156,12,199,206,2,208,407
04/15/2021,BTV,VT,ANE,EN,Combined TRACON& Tower with Radar,13,31,12,10,66,0,0,6,0,6,13,31,18,10,72,34,0,34,106
04/16/2021,BTV,VT,ANE,EN,Combined TRACON& Tower with Radar,15,35,18,0,68,0,0,0,0,0,15,35,18,0,68,2,0,2,70
04/17/2021,BTV,VT,ANE,EN,Combined TRACON& Tower with Radar,8,24,17,0,49,0,0,10,4,14,8,24,27,4,63,39,0,39,102
04/18/2021,BTV,VT,ANE,EN,Combined TRACON& Tower with Radar,10,27,27,6,70,0,0,47,1,48,10,27,74,7,118,99,6,105,223
04/19/2021,BTV,VT,ANE,EN,Combined TRACON& Tower with Radar,11,23,23,7,64,0,0,80,14,94,11,23,103,21,158,137,4,141,299
04/20/2021,BTV,VT,ANE,EN,Combined TRACON& Tower with Radar,8,24,16,12,60,0,0,65,10,75,8,24,81,22,135,91,4,95,230
04/21/2021,BTV,VT,ANE,EN,Combined TRACON& Tower with Radar,8,21,9,2,40,0,0,2,0,2,8,21,11,2,42,0,0,0,42
04/22/2021,BTV,VT,ANE,EN,Combined TRACON& Tower with Radar,12,39,25,16,92,0,0,19,4,23,12,39,44,20,115,17,3,20,135
04/23/2021,BTV,VT,ANE,EN,Combined TRACON& Tower with Radar,12,26,23,8,69,0,1,54,10,65,12,27,77,18,134,107,0,107,241
04/24/2021,BTV,VT,ANE,EN,Combined TRACON& Tower with Radar,7,24,22,0,53,0,0,85,1,86,7,24,107,1,139,115,0,115,254
04/25/2021,BTV,VT,ANE,EN,Combined TRACON& Tower with Radar,11,30,19,0,60,0,0,10,2,12,11,30,29,2,72,47,0,47,119
04/26/2021,BTV,VT,ANE,EN,Combined TRACON& Tower with Radar,12,24,16,2,54,0,0,65,3,68,12,24,81,5,122,140,2,142,264
04/27/2021,BTV,VT,ANE,EN,Combined TRACON& Tower with Radar,8,26,38,18,90,0,1,133,19,153,8,27,171,37,243,280,18,298,541
04/28/2021,BTV,VT,ANE,EN,Combined TRACON& Tower with Radar,10,28,30,11,79,0,0,55,5,60,10,28,85,16,139,208,0,208,347
04/29/2021,BTV,VT,ANE,EN,Combined TRACON& Tower with Radar,14,31,40,2,87,0,0,3,2,5,14,31,43,4,92,8,0,8,100
04/30/2021,BTV,VT,ANE,EN,Combined TRACON& Tower with Radar,12,44,12,12,80,0,0,3,0,3,12,44,15,12,83,43,0,43,126
05/01/2021,BTV,VT,ANE,EN,Combined TRACON& Tower with Radar,7,29,23,8,67,0,1,69,4,74,7,30,92,12,141,212,0,212,353
05/02/2021,BTV,VT,ANE,EN,Combined TRACON& Tower with Radar,10,30,32,0,72,0,0,51,2,53,10,30,83,2,125,153,0,153,278
05/03/2021,BTV,VT,ANE,EN,Combined TRACON& Tower with Radar,11,27,15,5,58,0,0,57,7,64,11,27,72,12,122,216,4,220,342
05/04/2021,BTV,VT,ANE,EN,Combined TRACON& Tower with Radar,8,32,33,17,90,0,0,29,3,32,8,32,62,20,122,164,10,174,296
05/05/2021,BTV,VT,ANE,EN,Combined TRACON& Tower with Radar,11,23,7,7,48,0,0,0,0,0,11,23,7,7,48,50,0,50,98
05/06/2021,BTV,VT,ANE,EN,Combined TRACON& Tower with Radar,14,41,29,12,96,0,3,81,10,94,14,44,110,22,190,181,4,185,375
05/07/2021,BTV,VT,ANE,EN,Combined TRACON& Tower with Radar,19,35,22,10,86,0,0,118,7,125,19,35,140,17,211,168,0,168,379
05/08/2021,BTV,VT,ANE,EN,Combined TRACON& Tower with Radar,18,29,35,0,82,0,0,45,7,52,18,29,80,7,134,111,0,111,245
05/09/2021,BTV,VT,ANE,EN,Combined TRACON& Tower with Radar,14,26,11,0,51,0,0,59,1,60,14,26,70,1,111,77,0,77,188
05/10/2021,BTV,VT,ANE,EN,Combined TRACON& Tower with Radar,16,27,26,9,78,0,1,73,8,82,16,28,99,17,160,166,23,189,349
05/11/2021,BTV,VT,ANE,EN,Combined TRACON& Tower with Radar,13,30,19,8,70,0,0,69,12,81,13,30,88,20,151,111,6,117,268
05/12/2021,BTV,VT,ANE,EN,Combined TRACON& Tower with Radar,14,37,23,9,83,0,2,67,13,82,14,39,90,22,165,126,2,128,293
05/13/2021,BTV,VT,ANE,EN,Combined TRACON& Tower with Radar,17,31,24,14,86,0,1,151,25,177,17,32,175,39,263,139,4,143,406
05/14/2021,BTV,VT,ANE,EN,Combined TRACON& Tower with Radar,19,39,25,9,92,0,1,109,4,114,19,40,134,13,206,202,0,202,408
05/15/2021,BTV,VT,ANE,EN,Combined TRACON& Tower with Radar,19,33,24,5,81,0,0,95,16,111,19,33,119,21,192,168,12,180,372
05/16/2021,BTV,VT,ANE,EN,Combined TRACON& Tower with Radar,18,35,25,0,78,0,0,169,3,172,18,35,194,3,250,0,0,0,250
05/17/2021,BTV,VT,ANE,EN,Combined TRACON& Tower with Radar,17,36,13,1,67,0,1,86,16,103,17,37,99,17,170,207,5,212,382
05/18/2021,BTV,VT,ANE,EN,Combined TRACON& Tower with Radar,15,26,16,18,75,0,1,93,18,112,15,27,109,36,187,241,8,249,436
05/19/2021,BTV,VT,ANE,EN,Combined TRACON& Tower with Radar,15,31,20,29,95,0,2,92,18,112,15,33,112,47,207,175,18,193,400
05/20/2021,BTV,VT,ANE,EN,Combined TRACON& Tower with Radar,16,34,27,18,95,0,2,138,16,156,16,36,165,34,251,179,18,197,448
05/21/2021,BTV,VT,ANE,EN,Combined TRACON& Tower with Radar,18,39,27,5,89,0,0,71,9,80,18,39,98,14,169,89,0,89,258
05/22/2021,BTV,VT,ANE,EN,Combined TRACON& Tower with Radar,17,28,15,0,60,0,4,38,3,45,17,32,53,3,105,75,11,86,191
05/23/2021,BTV,VT,ANE,EN,Combined TRACON& Tower with Radar,14,30,34,9,87,0,0,12,6,18,14,30,46,15,105,37,0,37,142
05/24/2021,BTV,VT,ANE,EN,Combined TRACON& Tower with Radar,16,34,30,15,95,0,4,124,33,161,16,38,154,48,256,155,3,158,414
05/25/2021,BTV,VT,ANE,EN,Combined TRACON& Tower with Radar,15,37,9,23,84,0,2,54,37,93,15,39,63,60,177,106,12,118,295
05/26/2021,BTV,VT,ANE,EN,Combined TRACON& Tower with Radar,15,34,13,10,72,0,0,48,19,67,15,34,61,29,139,78,0,78,217
05/27/2021,BTV,VT,ANE,EN,Combined TRACON& Tower with Radar,16,38,24,20,98,0,1,98,11,110,16,39,122,31,208,144,63,207,415
05/28/2021,BTV,VT,ANE,EN,Combined TRACON& Tower with Radar,18,50,27,6,101,0,1,97,7,105,18,51,124,13,206,251,0,251,457
05/29/2021,BTV,VT,ANE,EN,Combined TRACON& Tower with Radar,18,41,18,0,77,0,0,149,1,150,18,41,167,1,227,0,0,0,227
05/30/2021,BTV,VT,ANE,EN,Combined TRACON& Tower with Radar,12,26,23,0,61,0,0,32,1,33,12,26,55,1,94,152,0,152,246
05/31/2021,BTV,VT,ANE,EN,Combined TRACON& Tower with Radar,15,35,27,0,77,0,0,22,0,22,15,35,49,0,99,75,0,75,174
06/01/2021,BTV,VT,ANE,EN,Combined TRACON& Tower with Radar,16,33,22,17,88,0,0,113,20,133,16,33,135,37,221,168,54,222,443
06/02/2021,BTV,VT,ANE,EN,Combined TRACON& Tower with Radar,15,27,20,15,77,0,2,112,10,124,15,29,132,25,201,203,20,223,424
06/03/2021,BTV,VT,ANE,EN,Combined TRACON& Tower with Radar,24,28,24,14,90,0,1,45,4,50,24,29,69,18,140,59,0,59,199
06/04/2021,BTV,VT,ANE,EN,Combined TRACON& Tower with Radar,32,35,31,6,104,0,1,101,2,104,32,36,132,8,208,179,0,179,387
06/05/2021,BTV,VT,ANE,EN,Combined TRACON& Tower with Radar,33,26,12,11,82,0,0,54,0,54,33,26,66,11,136,47,0,47,183
06/06/2021,BTV,VT,ANE,EN,Combined TRACON& Tower with Radar,34,24,16,3,77,0,1,83,5,89,34,25,99,8,166,100,0,100,266
06/07/2021,BTV,VT,ANE,EN,Combined TRACON& Tower with Radar,33,20,28,11,92,0,1,89,6,96,33,21,117,17,188,146,28,174,362
06/08/2021,BTV,VT,ANE,EN,Combined TRACON& Tower with Radar,27,31,20,13,91,0,0,68,4,72,27,31,88,17,163,163,20,183,346
06/09/2021,BTV,VT,ANE,EN,Combined TRACON& Tower with Radar,29,27,27,31,114,0,2,114,6,122,29,29,141,37,236,230,6,236,472
06/10/2021,BTV,VT,ANE,EN,Combined TRACON& Tower with Radar,30,25,22,22,99,0,0,139,16,155,30,25,161,38,254,212,22,234,488
06/11/2021,BTV,VT,ANE,EN,Combined TRACON& Tower with Radar,32,36,41,3,112,0,0,108,4,112,32,36,149,7,224,178,0,178,402
06/12/2021,BTV,VT,ANE,EN,Combined TRACON& Tower with Radar,32,21,25,2,80,0,0,85,1,86,32,21,110,3,166,108,0,108,274
06/13/2021,BTV,VT,ANE,EN,Combined TRACON& Tower with Radar,31,19,37,1,88,0,0,84,1,85,31,19,121,2,173,211,0,211,384
06/14/2021,BTV,VT,ANE,EN,Combined TRACON& Tower with Radar,33,22,12,4,71,0,0,166,1,167,33,22,178,5,238,0,0,0,238
06/15/2021,BTV,VT,ANE,EN,Combined TRACON& Tower with Radar,30,29,30,7,96,0,0,65,1,66,30,29,95,8,162,158,0,158,320
06/16/2021,BTV,VT,ANE,EN,Combined TRACON& Tower with Radar,32,22,24,13,91,0,2,163,13,178,32,24,187,26,269,278,12,290,559
06/17/2021,BTV,VT,ANE,EN,Combined TRACON& Tower with Radar,33,42,37,27,139,0,3,177,11,191,33,45,214,38,330,308,10,318,648
06/18/2021,BTV,VT,ANE,EN,Combined TRACON& Tower with Radar,37,32,32,8,109,0,2,129,5,136,37,34,161,13,245,195,9,204,449
06/19/2021,BTV,VT,ANE,EN,Combined TRACON& Tower with Radar,35,25,26,0,86,0,2,61,1,64,35,27,87,1,150,105,0,105,255
06/20/2021,BTV,VT,ANE,EN,Combined TRACON& Tower with Radar,30,27,22,2,81,0,5,86,7,98,30,32,108,9,179,153,0,153,332
06/21/2021,BTV,VT,ANE,EN,Combined TRACON& Tower with Radar,33,27,32,3,95,0,0,32,4,36,33,27,64,7,131,23,0,23,154
06/22/2021,BTV,VT,ANE,EN,Combined TRACON& Tower with Radar,30,29,22,3,84,0,0,88,4,92,30,29,110,7,176,161,9,170,346
06/23/2021,BTV,VT,ANE,EN,Combined TRACON& Tower with Radar,32,36,32,17,117,0,2,153,11,166,32,38,185,28,283,161,14,175,458
06/24/2021,BTV,VT,ANE,EN,Combined TRACON& Tower with Radar,31,25,23,23,102,0,0,99,19,118,31,25,122,42,220,177,0,177,397
06/25/2021,BTV,VT,ANE,EN,Combined TRACON& Tower with Radar,33,28,37,10,108,0,0,121,5,126,33,28,158,15,234,111,2,113,347
06/26/2021,BTV,VT,ANE,EN,Combined TRACON& Tower with Radar,31,26,26,6,89,0,0,23,2,25,31,26,49,8,114,10,4,14,128
06/27/2021,BTV,VT,ANE,EN,Combined TRACON& Tower with Radar,30,24,18,4,76,0,0,21,5,26,30,24,39,9,102,2,0,2,104
06/28/2021,BTV,VT,ANE,EN,Combined TRACON& Tower with Radar,33,28,30,9,100,0,0,72,6,78,33,28,102,15,178,181,6,187,365
06/29/2021,BTV,VT,ANE,EN,Combined TRACON& Tower with Radar,29,32,23,14,98,0,0,118,11,129,29,32,141,25,227,154,19,173,400
06/30/2021,BTV,VT,ANE,EN,Combined TRACON& Tower with Radar,36,27,17,11,91,0,2,78,1,81,36,29,95,12,172,138,0,138,310
07/01/2021,BTV,VT,ANE,EN,Combined TRACON& Tower with Radar,34,26,56,3,119,0,0,116,18,134,34,26,172,21,253,77,2,79,332
07/02/2021,BTV,VT,ANE,EN,Combined TRACON& Tower with Radar,39,36,52,0,127,0,0,1,0,1,39,36,53,0,128,0,0,0,128
07/03/2021,BTV,VT,ANE,EN,Combined TRACON& Tower with Radar,42,21,8,0,71,0,0,0,0,0,42,21,8,0,71,0,0,0,71
07/04/2021,BTV,VT,ANE,EN,Combined TRACON& Tower with Radar,30,16,18,2,66,0,0,29,1,30,30,16,47,3,96,18,4,22,118
07/05/2021,BTV,VT,ANE,EN,Combined TRACON& Tower with Radar,40,27,42,1,110,0,1,112,2,115,40,28,154,3,225,119,0,119,344
07/06/2021,BTV,VT,ANE,EN,Combined TRACON& Tower with Radar,35,27,26,21,109,0,4,69,9,82,35,31,95,30,191,134,28,162,353
07/07/2021,BTV,VT,ANE,EN,Combined TRACON& Tower with Radar,40,20,28,18,106,0,3,131,5,139,40,23,159,23,245,171,3,174,419
07/08/2021,BTV,VT,ANE,EN,Combined TRACON& Tower with Radar,40,23,18,8,89,0,1,56,5,62,40,24,74,13,151,145,0,145,296
07/09/2021,BTV,VT,ANE,EN,Combined TRACON& Tower with Radar,41,18,32,2,93,0,0,36,0,36,41,18,68,2,129,47,0,47,176
07/10/2021,BTV,VT,ANE,EN,Combined TRACON& Tower with Radar,42,23,28,0,93,0,0,106,2,108,42,23,134,2,201,68,0,68,269
07/11/2021,BTV,VT,ANE,EN,Combined TRACON& Tower with Radar,43,26,35,2,106,0,0,90,1,91,43,26,125,3,197,81,2,83,280
07/12/2021,BTV,VT,ANE,EN,Combined TRACON& Tower with Radar,40,18,22,17,97,0,0,114,9,123,40,18,136,26,220,180,32,212,432
07/13/2021,BTV,VT,ANE,EN,Combined TRACON& Tower with Radar,43,13,19,8,83,0,0,49,1,50,43,13,68,9,133,157,25,182,315
07/14/2021,BTV,VT,ANE,EN,Combined TRACON& Tower with Radar,44,23,31,7,105,0,0,61,1,62,44,23,92,8,167,62,10,72,239
07/15/2021,BTV,VT,ANE,EN,Combined TRACON& Tower with Radar,41,26,30,7,104,0,2,124,15,141,41,28,154,22,245,82,16,98,343
07/16/2021,BTV,VT,ANE,EN,Combined TRACON& Tower with Radar,41,33,24,2,100,0,0,124,9,133,41,33,148,11,233,137,0,137,370
07/17/2021,BTV,VT,ANE,EN,Combined TRACON& Tower with Radar,39,24,27,1,91,0,0,41,0,41,39,24,68,1,132,25,0,25,157
07/18/2021,BTV,VT,ANE,EN,Combined TRACON& Tower with Radar,36,21,33,1,91,0,0,2,0,2,36,21,35,1,93,95,0,95,188
07/19/2021,BTV,VT,ANE,EN,Combined TRACON& Tower with Radar,40,19,34,2,95,0,0,65,2,67,40,19,99,4,162,110,0,110,272
07/20/2021,BTV,VT,ANE,EN,Combined TRACON& Tower with Radar,41,20,16,1,78,0,1,31,1,33,41,21,47,2,111,161,0,161,272
07/21/2021,BTV,VT,ANE,EN,Combined TRACON& Tower with Radar,40,27,29,10,106,0,0,39,3,42,40,27,68,13,148,101,6,107,255
07/22/2021,BTV,VT,ANE,EN,Combined TRACON& Tower with Radar,40,23,40,10,113,0,1,139,12,152,40,24,179,22,265,202,29,231,496
07/23/2021,BTV,VT,ANE,EN,Combined TRACON& Tower with Radar,43,29,23,3,98,0,2,141,3,146,43,31,164,6,244,133,0,133,377
07/24/2021,BTV,VT,ANE,EN,Combined TRACON& Tower with Radar,42,31,25,1,99,0,1,85,2,88,42,32,110,3,187,84,0,84,271
07/25/2021,BTV,VT,ANE,EN,Combined TRACON& Tower with Radar,42,27,34,0,103,0,1,15,2,18,42,28,49,2,121,20,0,20,141
07/26/2021,BTV,VT,ANE,EN,Combined TRACON& Tower with Radar,39,24,21,3,87,0,2,44,5,51,39,26,65,8,138,78,1,79,217
07/27/2021,BTV,VT,ANE,EN,Combined TRACON& Tower with Radar,41,20,16,6,83,0,0,56,4,60,41,20,72,10,143,82,2,84,227
07/28/2021,BTV,VT,ANE,EN,Combined TRACON& Tower with Radar,39,30,37,6,112,0,2,105,4,111,39,32,142,10,223,137,0,137,360
07/29/2021,BTV,VT,ANE,EN,Combined TRACON& Tower with Radar,40,23,20,5,88,0,2,53,6,61,40,25,73,11,149,156,8,164,313
07/30/2021,BTV,VT,ANE,EN,Combined TRACON& Tower with Radar,43,18,30,7,98,0,0,35,3,38,43,18,65,10,136,104,3,107,243
07/31/2021,BTV,VT,ANE,EN,Combined TRACON& Tower with Radar,45,21,22,0,88,0,3,79,8,90,45,24,101,8,178,38,4,42,220
08/01/2021,BTV,VT,ANE,EN,Combined TRACON& Tower with Radar,38,24,18,0,80,0,0,5,0,5,38,24,23,0,85,32,0,32,117
08/02/2021,BTV,VT,ANE,EN,Combined TRACON& Tower with Radar,39,25,37,2,103,0,1,85,5,91,39,26,122,7,194,100,0,100,294
08/03/2021,BTV,VT,ANE,EN,Combined TRACON& Tower with Radar,38,19,27,13,97,0,2,113,12,127,38,21,140,25,224,146,9,155,379
08/04/2021,BTV,VT,ANE,EN,Combined TRACON& Tower with Radar,40,19,39,7,105,0,0,109,1,110,40,19,148,8,215,77,2,79,294
08/05/2021,BTV,VT,ANE,EN,Combined TRACON& Tower with Radar,43,34,46,1,124,0,2,143,13,158,43,36,189,14,282,116,6,122,404
08/06/2021,BTV,VT,ANE,EN,Combined TRACON& Tower with Radar,43,22,63,4,132,0,3,129,4,136,43,25,192,8,268,167,0,167,435
08/07/2021,BTV,VT,ANE,EN,Combined TRACON& Tower with Radar,44,32,33,2,111,0,1,89,4,94,44,33,122,6,205,55,1,56,261
08/08/2021,BTV,VT,ANE,EN,Combined TRACON& Tower with Radar,43,21,89,1,154,0,1,41,0,42,43,22,130,1,196,35,0,35,231
08/09/2021,BTV,VT,ANE,EN,Combined TRACON& Tower with Radar,40,24,41,1,106,0,0,61,2,63,40,24,102,3,169,52,0,52,221
08/10/2021,BTV,VT,ANE,EN,Combined TRACON& Tower with Radar,38,27,26,6,97,0,0,90,9,99,38,27,116,15,196,176,5,181,377
08/11/2021,BTV,VT,ANE,EN,Combined TRACON& Tower with Radar,35,28,26,2,91,0,0,75,5,80,35,28,101,7,171,131,4,135,306
08/12/2021,BTV,VT,ANE,EN,Combined TRACON& Tower with Radar,40,26,27,5,98,0,0,78,11,89,40,26,105,16,187,112,2,114,301
08/13/2021,BTV,VT,ANE,EN,Combined TRACON& Tower with Radar,40,21,32,10,103,0,4,100,3,107,40,25,132,13,210,146,18,164,374
08/14/2021,BTV,VT,ANE,EN,Combined TRACON& Tower with Radar,42,29,16,0,87,0,0,47,2,49,42,29,63,2,136,64,0,64,200
08/15/2021,BTV,VT,ANE,EN,Combined TRACON& Tower with Radar,40,26,33,0,99,0,4,76,1,81,40,30,109,1,180,29,0,29,209
08/16/2021,BTV,VT,ANE,EN,Combined TRACON& Tower with Radar,39,29,36,10,114,0,2,104,7,113,39,31,140,17,227,143,11,154,381
08/17/2021,BTV,VT,ANE,EN,Combined TRACON& Tower with Radar,35,24,31,17,107,0,0,36,2,38,35,24,67,19,145,92,10,102,247
08/18/2021,BTV,VT,ANE,EN,Combined TRACON& Tower with Radar,36,36,48,11,131,0,0,30,3,33,36,36,78,14,164,47,0,47,211
08/19/2021,BTV,VT,ANE,EN,Combined TRACON& Tower with Radar,38,36,23,6,103,0,0,4,0,4,38,36,27,6,107,4,0,4,111
08/20/2021,BTV,VT,ANE,EN,Combined TRACON& Tower with Radar,39,26,30,12,107,0,0,126,2,128,39,26,156,14,235,113,0,113,348
08/21/2021,BTV,VT,ANE,EN,Combined TRACON& Tower with Radar,38,27,16,2,83,0,0,61,2,63,38,27,77,4,146,95,0,95,241
08/22/2021,BTV,VT,ANE,EN,Combined TRACON& Tower with Radar,40,25,25,0,90,0,0,64,7,71,40,25,89,7,161,0,0,0,161
08/23/2021,BTV,VT,ANE,EN,Combined TRACON& Tower with Radar,41,22,11,3,77,0,3,184,7,194,41,25,195,10,271,0,0,0,271
08/24/2021,BTV,VT,ANE,EN,Combined TRACON& Tower with Radar,34,30,23,17,104,0,1,98,9,108,34,31,121,26,212,94,0,94,306
08/25/2021,BTV,VT,ANE,EN,Combined TRACON& Tower with Radar,37,24,23,17,101,0,4,92,3,99,37,28,115,20,200,72,12,84,284
08/26/2021,BTV,VT,ANE,EN,Combined TRACON& Tower with Radar,38,30,21,21,110,0,1,128,23,152,38,31,149,44,262,101,17,118,380
08/27/2021,BTV,VT,ANE,EN,Combined TRACON& Tower with Radar,38,28,33,10,109,0,6,143,1,150,38,34,176,11,259,96,0,96,355
08/28/2021,BTV,VT,ANE,EN,Combined TRACON& Tower with Radar,39,24,11,2,76,0,1,68,1,70,39,25,79,3,146,62,0,62,208
08/29/2021,BTV,VT,ANE,EN,Combined TRACON& Tower with Radar,45,28,23,0,96,0,0,16,0,16,45,28,39,0,112,1,0,1,113
08/30/2021,BTV,VT,ANE,EN,Combined TRACON& Tower with Radar,43,22,28,3,96,0,1,59,9,69,43,23,87,12,165,76,0,76,241
08/31/2021,BTV,VT,ANE,EN,Combined TRACON& Tower with Radar,36,26,42,15,119,0,2,111,17,130,36,28,153,32,249,99,32,131,380
09/01/2021,BTV,VT,ANE,EN,Combined TRACON& Tower with Radar,35,27,35,19,116,0,0,103,9,112,35,27,138,28,228,104,8,112,340
09/02/2021,BTV,VT,ANE,EN,Combined TRACON& Tower with Radar,37,37,34,16,124,0,0,94,6,100,37,37,128,22,224,96,8,104,328
09/03/2021,BTV,VT,ANE,EN,Combined TRACON& Tower with Radar,42,22,40,2,106,0,1,77,4,82,42,23,117,6,188,166,0,166,354
09/04/2021,BTV,VT,ANE,EN,Combined TRACON& Tower with Radar,41,22,29,0,92,0,4,108,3,115,41,26,137,3,207,0,0,0,207
09/05/2021,BTV,VT,ANE,EN,Combined TRACON& Tower with Radar,38,22,21,1,82,0,1,16,2,19,38,23,37,3,101,26,0,26,127
09/06/2021,BTV,VT,ANE,EN,Combined TRACON& Tower with Radar,39,32,21,0,92,0,0,55,3,58,39,32,76,3,150,0,0,0,150
09/07/2021,BTV,VT,ANE,EN,Combined TRACON& Tower with Radar,33,24,26,11,94,0,0,110,12,122,33,24,136,23,216,104,8,112,328
09/08/2021,BTV,VT,ANE,EN,Combined TRACON& Tower with Radar,37,22,6,13,78,0,0,29,2,31,37,22,35,15,109,15,4,19,128
09/09/2021,BTV,VT,ANE,EN,Combined TRACON& Tower with Radar,44,24,34,18,120,0,0,112,5,117,44,24,146,23,237,95,14,109,346
09/10/2021,BTV,VT,ANE,EN,Combined TRACON& Tower with Radar,45,25,42,11,123,0,0,54,2,56,45,25,96,13,179,94,0,94,273
09/11/2021,BTV,VT,ANE,EN,Combined TRACON& Tower with Radar,47,19,25,19,110,0,1,77,13,91,47,20,102,32,201,36,6,42,243
09/12/2021,BTV,VT,ANE,EN,Combined TRACON& Tower with Radar,41,27,34,8,110,0,0,21,5,26,41,27,55,13,136,5,0,5,141
09/13/2021,BTV,VT,ANE,EN,Combined TRACON& Tower with Radar,43,19,28,15,105,0,3,101,8,112,43,22,129,23,217,82,24,106,323
09/14/2021,BTV,VT,ANE,EN,Combined TRACON& Tower with Radar,44,26,24,15,109,0,2,126,16,144,44,28,150,31,253,78,3,81,334
09/15/2021,BTV,VT,ANE,EN,Combined TRACON& Tower with Radar,41,25,12,0,78,0,0,14,0,14,41,25,26,0,92,40,0,40,132
09/16/2021,BTV,VT,ANE,EN,Combined TRACON& Tower with Radar,44,34,45,24,147,0,1,142,24,167,44,35,187,48,314,57,77,134,448
09/17/2021,BTV,VT,ANE,EN,Combined TRACON& Tower with Radar,45,21,31,15,112,0,1,111,4,116,45,22,142,19,228,104,0,104,332
09/18/2021,BTV,VT,ANE,EN,Combined TRACON& Tower with Radar,47,13,21,1,82,0,0,23,7,30,47,13,44,8,112,40,0,40,152
09/19/2021,BTV,VT,ANE,EN,Combined TRACON& Tower with Radar,44,16,23,2,85,0,2,226,1,229,44,18,249,3,314,7,0,7,321
09/20/2021,BTV,VT,ANE,EN,Combined TRACON& Tower with Radar,44,22,39,6,111,0,1,120,6,127,44,23,159,12,238,106,7,113,351
09/21/2021,BTV,VT,ANE,EN,Combined TRACON& Tower with Radar,46,22,20,30,118,0,3,110,31,144,46,25,130,61,262,0,0,0,262
09/22/2021,BTV,VT,ANE,EN,Combined TRACON& Tower with Radar,41,26,38,20,125,0,0,59,15,74,41,26,97,35,199,111,24,135,334
09/23/2021,BTV,VT,ANE,EN,Combined TRACON& Tower with Radar,42,26,19,2,89,0,1,54,9,64,42,27,73,11,153,41,0,41,194
09/24/2021,BTV,VT,ANE,EN,Combined TRACON& Tower with Radar,44,28,26,3,101,0,2,54,2,58,44,30,80,5,159,31,0,31,190
09/25/2021,BTV,VT,ANE,EN,Combined TRACON& Tower with Radar,48,25,28,1,102,0,1,93,8,102,48,26,121,9,204,68,0,68,272
09/26/2021,BTV,VT,ANE,EN,Combined TRACON& Tower with Radar,43,26,33,1,103,0,1,55,5,61,43,27,88,6,164,37,2,39,203
09/27/2021,BTV,VT,ANE,EN,Combined TRACON& Tower with Radar,45,23,37,2,107,0,0,28,6,34,45,23,65,8,141,20,0,20,161
09/28/2021,BTV,VT,ANE,EN,Combined TRACON& Tower with Radar,44,21,48,5,118,0,0,103,15,118,44,21,151,20,236,112,6,118,354
09/29/2021,BTV,VT,ANE,EN,Combined TRACON& Tower with Radar,42,32,27,4,105,0,0,55,6,61,42,32,82,10,166,133,0,133,299
09/30/2021,BTV,VT,ANE,EN,Combined TRACON& Tower with Radar,42,27,31,0,100,0,0,51,8,59,42,27,82,8,159,118,2,120,279
10/01/2021,BTV,VT,ANE,EN,Combined TRACON& Tower with Radar,44,33,42,0,119,0,0,102,1,103,44,33,144,1,222,135,0,135,357
10/02/2021,BTV,VT,ANE,EN,Combined TRACON& Tower with Radar,48,24,30,0,102,0,0,5,0,5,48,24,35,0,107,0,0,0,107
10/03/2021,BTV,VT,ANE,EN,Combined TRACON& Tower with Radar,42,21,40,0,103,0,0,0,0,0,42,21,40,0,103,0,0,0,103
10/04/2021,BTV,VT,ANE,EN,Combined TRACON& Tower with Radar,43,18,48,2,111,0,0,70,0,70,43,18,118,2,181,0,0,0,181
10/05/2021,BTV,VT,ANE,EN,Combined TRACON& Tower with Radar,44,28,48,19,139,0,1,121,13,135,44,29,169,32,274,0,0,0,274
10/06/2021,BTV,VT,ANE,EN,Combined TRACON& Tower with Radar,41,33,44,14,132,0,1,129,17,147,41,34,173,31,279,122,3,125,404
10/07/2021,BTV,VT,ANE,EN,Combined TRACON& Tower with Radar,42,35,49,9,135,0,0,133,12,145,42,35,182,21,280,63,2,65,345
10/08/2021,BTV,VT,ANE,EN,Combined TRACON& Tower with Radar,43,46,53,2,144,0,2,122,5,129,43,48,175,7,273,52,0,52,325
10/09/2021,BTV,VT,ANE,EN,Combined TRACON& Tower with Radar,43,34,31,0,108,0,1,60,4,65,43,35,91,4,173,40,0,40,213
10/10/2021,BTV,VT,ANE,EN,Combined TRACON& Tower with Radar,38,32,32,0,102,0,0,41,2,43,38,32,73,2,145,47,0,47,192
10/11/2021,BTV,VT,ANE,EN,Combined TRACON& Tower with Radar,43,31,52,0,126,0,2,109,1,112,43,33,161,1,238,98,0,98,336
10/12/2021,BTV,VT,ANE,EN,Combined TRACON& Tower with Radar,42,29,23,13,107,0,0,139,10,149,42,29,162,23,256,102,4,106,362
10/13/2021,BTV,VT,ANE,EN,Combined TRACON& Tower with Radar,39,22,46,23,130,0,5,90,10,105,39,27,136,33,235,135,2,137,372
10/14/2021,BTV,VT,ANE,EN,Combined TRACON& Tower with Radar,42,32,39,20,133,0,0,49,6,55,42,32,88,26,188,189,4,193,381
10/15/2021,BTV,VT,ANE,EN,Combined TRACON& Tower with Radar,42,27,58,10,137,0,2,84,7,93,42,29,142,17,230,138,12,150,380
10/16/2021,BTV,VT,ANE,EN,Combined TRACON& Tower with Radar,43,20,12,7,82,0,0,22,12,34,43,20,34,19,116,0,0,0,116
10/17/2021,BTV,VT,ANE,EN,Combined TRACON& Tower with Radar,38,30,36,3,107,0,1,55,8,64,38,31,91,11,171,39,19,58,229
10/18/2021,BTV,VT,ANE,EN,Combined TRACON& Tower with Radar,41,24,28,2,95,0,0,38,5,43,41,24,66,7,138,106,0,106,244
10/19/2021,BTV,VT,ANE,EN,Combined TRACON& Tower with Radar,39,17,38,14,108,0,0,84,7,91,39,17,122,21,199,115,4,119,318
10/20/2021,BTV,VT,ANE,EN,Combined TRACON& Tower with Radar,40,22,52,11,125,0,1,157,8,166,40,23,209,19,291,96,2,98,389
10/21/2021,BTV,VT,ANE,EN,Combined TRACON& Tower with Radar,40,23,37,28,128,0,2,59,12,73,40,25,96,40,201,74,3,77,278
10/22/2021,BTV,VT,ANE,EN,Combined TRACON& Tower with Radar,42,25,31,12,110,0,2,85,7,94,42,27,116,19,204,167,0,167,371
10/23/2021,BTV,VT,ANE,EN,Combined TRACON& Tower with Radar,43,19,15,4,81,0,1,79,3,83,43,20,94,7,164,116,0,116,280
10/24/2021,BTV,VT,ANE,EN,Combined TRACON& Tower with Radar,38,23,29,0,90,0,1,98,12,111,38,24,127,12,201,69,2,71,272
10/25/2021,BTV,VT,ANE,EN,Combined TRACON& Tower with Radar,36,23,16,6,81,0,0,11,0,11,36,23,27,6,92,42,0,42,134
10/26/2021,BTV,VT,ANE,EN,Combined TRACON& Tower with Radar,39,26,9,2,76,0,0,10,0,10,39,26,19,2,86,10,0,10,96
10/27/2021,BTV,VT,ANE,EN,Combined TRACON& Tower with Radar,41,29,37,13,120,0,1,108,14,123,41,30,145,27,243,143,16,159,402
10/28/2021,BTV,VT,ANE,EN,Combined TRACON& Tower with Radar,42,16,21,11,90,0,0,118,13,131,42,16,139,24,221,176,5,181,402
10/29/2021,BTV,VT,ANE,EN,Combined TRACON& Tower with Radar,41,31,29,7,108,0,3,113,10,126,41,34,142,17,234,201,6,207,441
10/30/2021,BTV,VT,ANE,EN,Combined TRACON& Tower with Radar,44,22,12,0,78,0,0,19,0,19,44,22,31,0,97,0,0,0,97
10/31/2021,BTV,VT,ANE,EN,Combined TRACON& Tower with Radar,37,23,14,0,74,0,0,0,0,0,37,23,14,0,74,0,0,0,74
11/01/2021,BTV,VT,ANE,EN,Combined TRACON& Tower with Radar,40,27,32,2,101,0,3,59,6,68,40,30,91,8,169,37,0,37,206
11/02/2021,BTV,VT,ANE,EN,Combined TRACON& Tower with Radar,37,21,21,8,87,0,1,77,7,85,37,22,98,15,172,100,0,100,272
11/03/2021,BTV,VT,ANE,EN,Combined TRACON& Tower with Radar,36,30,11,18,95,0,1,15,0,16,36,31,26,18,111,45,10,55,166
11/04/2021,BTV,VT,ANE,EN,Combined TRACON& Tower with Radar,40,31,29,8,108,0,0,48,4,52,40,31,77,12,160,39,2,41,201
11/05/2021,BTV,VT,ANE,EN,Combined TRACON& Tower with Radar,39,29,23,6,97,0,1,128,11,140,39,30,151,17,237,122,9,131,368
11/06/2021,BTV,VT,ANE,EN,Combined TRACON& Tower with Radar,31,25,24,13,93,0,2,90,17,109,31,27,114,30,202,33,5,38,240
11/07/2021,BTV,VT,ANE,EN,Combined TRACON& Tower with Radar,36,25,16,14,91,0,3,79,5,87,36,28,95,19,178,43,2,45,223
11/08/2021,BTV,VT,ANE,EN,Combined TRACON& Tower with Radar,37,32,47,14,130,0,0,112,5,117,37,32,159,19,247,134,24,158,405
11/09/2021,BTV,VT,ANE,EN,Combined TRACON& Tower with Radar,36,27,38,19,120,0,2,99,6,107,36,29,137,25,227,113,0,113,340
11/10/2021,BTV,VT,ANE,EN,Combined TRACON& Tower with Radar,36,24,28,12,100,0,0,97,4,101,36,24,125,16,201,79,0,79,280
11/11/2021,BTV,VT,ANE,EN,Combined TRACON& Tower with Radar,37,30,24,0,91,0,0,107,4,111,37,30,131,4,202,128,0,128,330
11/12/2021,BTV,VT,ANE,EN,Combined TRACON& Tower with Radar,41,22,23,0,86,0,0,5,0,5,41,22,28,0,91,9,0,9,100
11/13/2021,BTV,VT,ANE,EN,Combined TRACON& Tower with Radar,29,21,18,0,68,0,0,21,0,21,29,21,39,0,89,43,0,43,132
11/14/2021,BTV,VT,ANE,EN,Combined TRACON& Tower with Radar,34,21,15,0,70,0,1,66,3,70,34,22,81,3,140,38,0,38,178
11/15/2021,BTV,VT,ANE,EN,Combined TRACON& Tower with Radar,39,26,11,4,80,0,0,17,0,17,39,26,28,4,97,69,0,69,166
11/16/2021,BTV,VT,ANE,EN,Combined TRACON& Tower with Radar,36,28,26,28,118,0,7,69,10,86,36,35,95,38,204,133,20,153,357
11/17/2021,BTV,VT,ANE,EN,Combined TRACON& Tower with Radar,40,23,27,13,103,0,0,98,4,102,40,23,125,17,205,157,0,157,362
11/18/2021,BTV,VT,ANE,EN,Combined TRACON& Tower with Radar,42,38,22,9,111,0,1,19,8,28,42,39,41,17,139,5,5,10,149
11/19/2021,BTV,VT,ANE,EN,Combined TRACON& Tower with Radar,45,31,17,14,107,0,3,46,8,57,45,34,63,22,164,98,5,103,267
11/20/2021,BTV,VT,ANE,EN,Combined TRACON& Tower with Radar,37,21,31,0,89,0,0,117,4,121,37,21,148,4,210,72,0,72,282
11/21/2021,BTV,VT,ANE,EN,Combined TRACON& Tower with Radar,42,27,22,0,91,0,0,70,2,72,42,27,92,2,163,95,0,95,258
11/22/2021,BTV,VT,ANE,EN,Combined TRACON& Tower with Radar,43,30,28,9,110,0,1,41,5,47,43,31,69,14,157,36,18,54,211
11/23/2021,BTV,VT,ANE,EN,Combined TRACON& Tower with Radar,42,31,33,4,110,0,0,56,17,73,42,31,89,21,183,56,0,56,239
11/24/2021,BTV,VT,ANE,EN,Combined TRACON& Tower with Radar,42,28,40,8,118,0,0,81,5,86,42,28,121,13,204,110,0,110,314
11/25/2021,BTV,VT,ANE,EN,Combined TRACON& Tower with Radar,19,12,7,0,38,0,3,20,2,25,19,15,27,2,63,17,0,17,80
11/26/2021,BTV,VT,ANE,EN,Combined TRACON& Tower with Radar,36,15,12,0,63,0,0,0,0,0,36,15,12,0,63,0,0,0,63
11/27/2021,BTV,VT,ANE,EN,Combined TRACON& Tower with Radar,41,26,19,0,86,0,3,8,2,13,41,29,27,2,99,0,0,0,99
11/28/2021,BTV,VT,ANE,EN,Combined TRACON& Tower with Radar,48,23,32,1,104,0,1,71,4,76,48,24,103,5,180,57,0,57,237
11/29/2021,BTV,VT,ANE,EN,Combined TRACON& Tower with Radar,42,26,28,3,99,0,0,55,13,68,42,26,83,16,167,39,2,41,208
11/30/2021,BTV,VT,ANE,EN,Combined TRACON& Tower with Radar,40,24,31,11,106,0,0,71,11,82,40,24,102,22,188,80,28,108,296
12/01/2021,BTV,VT,ANE,EN,Combined TRACON& Tower with Radar,38,33,15,7,93,0,2,52,10,64,38,35,67,17,157,46,2,48,205
12/02/2021,BTV,VT,ANE,EN,Combined TRACON& Tower with Radar,40,30,9,8,87,0,0,3,0,3,40,30,12,8,90,6,0,6,96
12/03/2021,BTV,VT,ANE,EN,Combined TRACON& Tower with Radar,41,32,18,13,104,0,0,43,9,52,41,32,61,22,156,40,18,58,214
12/04/2021,BTV,VT,ANE,EN,Combined TRACON& Tower with Radar,30,19,15,0,64,0,1,39,1,41,30,20,54,1,105,45,0,45,150
12/05/2021,BTV,VT,ANE,EN,Combined TRACON& Tower with Radar,36,24,22,4,86,0,0,55,0,55,36,24,77,4,141,68,0,68,209
12/06/2021,BTV,VT,ANE,EN,Combined TRACON& Tower with Radar,40,25,13,1,79,0,0,2,0,2,40,25,15,1,81,2,0,2,83
12/07/2021,BTV,VT,ANE,EN,Combined TRACON& Tower with Radar,42,31,48,14,135,0,3,97,14,114,42,34,145,28,249,91,24,115,364
12/08/2021,BTV,VT,ANE,EN,Combined TRACON& Tower with Radar,42,31,9,2,84,0,0,0,0,0,42,31,9,2,84,12,0,12,96
12/09/2021,BTV,VT,ANE,EN,Combined TRACON& Tower with Radar,43,25,25,17,110,0,0,84,18,102,43,25,109,35,212,0,0,0,212
12/10/2021,BTV,VT,ANE,EN,Combined TRACON& Tower with Radar,46,32,29,0,107,0,1,69,9,79,46,33,98,9,186,0,0,0,186
12/11/2021,BTV,VT,ANE,EN,Combined TRACON& Tower with Radar,33,27,15,0,75,0,0,0,0,0,33,27,15,0,75,0,0,0,75
12/12/2021,BTV,VT,ANE,EN,Combined TRACON& Tower with Radar,36,22,13,0,71,0,3,30,1,34,36,25,43,1,105,16,0,16,121
12/13/2021,BTV,VT,ANE,EN,Combined TRACON& Tower with Radar,43,27,43,1,114,0,0,100,6,106,43,27,143,7,220,87,0,87,307
12/14/2021,BTV,VT,ANE,EN,Combined TRACON& Tower with Radar,42,26,41,6,115,0,4,80,13,97,42,30,121,19,212,58,0,58,270
12/15/2021,BTV,VT,ANE,EN,Combined TRACON& Tower with Radar,46,27,30,10,113,0,2,70,8,80,46,29,100,18,193,88,0,88,281
12/16/2021,BTV,VT,ANE,EN,Combined TRACON& Tower with Radar,50,17,25,9,101,0,1,45,4,50,50,18,70,13,151,5,0,5,156
12/17/2021,BTV,VT,ANE,EN,Combined TRACON& Tower with Radar,51,24,35,4,114,0,3,37,3,43,51,27,72,7,157,18,0,18,175
12/18/2021,BTV,VT,ANE,EN,Combined TRACON& Tower with Radar,37,11,8,0,56,0,0,22,0,22,37,11,30,0,78,9,0,9,87
12/19/2021,BTV,VT,ANE,EN,Combined TRACON& Tower with Radar,41,24,26,0,91,0,2,6,1,9,41,26,32,1,100,13,0,13,113
12/20/2021,BTV,VT,ANE,EN,Combined TRACON& Tower with Radar,51,23,30,8,112,0,5,69,6,80,51,28,99,14,192,28,0,28,220
12/21/2021,BTV,VT,ANE,EN,Combined TRACON& Tower with Radar,50,22,33,9,114,0,2,88,13,103,50,24,121,22,217,77,6,83,300
12/22/2021,BTV,VT,ANE,EN,Combined TRACON& Tower with Radar,50,34,16,7,107,0,0,49,7,56,50,34,65,14,163,50,4,54,217
12/23/2021,BTV,VT,ANE,EN,Combined TRACON& Tower with Radar,47,22,20,5,94,0,2,90,11,103,47,24,110,16,197,96,0,96,293
12/24/2021,BTV,VT,ANE,EN,Combined TRACON& Tower with Radar,29,16,9,0,54,0,1,21,3,25,29,17,30,3,79,7,0,7,86
12/25/2021,BTV,VT,ANE,EN,Combined TRACON& Tower with Radar,28,13,3,0,44,0,0,0,0,0,28,13,3,0,44,0,0,0,44
12/26/2021,BTV,VT,ANE,EN,Combined TRACON& Tower with Radar,38,22,20,0,80,0,0,3,0,3,38,22,23,0,83,0,0,0,83
12/27/2021,BTV,VT,ANE,EN,Combined TRACON& Tower with Radar,43,25,17,0,85,0,0,78,0,78,43,25,95,0,163,0,0,0,163
12/28/2021,BTV,VT,ANE,EN,Combined TRACON& Tower with Radar,46,27,21,7,101,0,0,14,0,14,46,27,35,7,115,16,4,20,135
12/29/2021,BTV,VT,ANE,EN,Combined TRACON& Tower with Radar,46,22,40,13,121,0,0,84,8,92,46,22,124,21,213,87,20,107,320
12/30/2021,BTV,VT,ANE,EN,Combined TRACON& Tower with Radar,40,23,14,8,85,0,0,1,0,1,40,23,15,8,86,75,0,75,161
12/31/2021,BTV,VT,ANE,EN,Combined TRACON& Tower with Radar,32,15,14,0,61,0,0,2,0,2,32,15,16,0,63,4,0,4,67
01/01/2022,BTV,VT,ANE,EN,Combined TRACON& Tower with Radar,33,14,15,0,62,0,0,0,0,0,33,14,15,0,62,0,0,0,62
01/02/2022,BTV,VT,ANE,EN,Combined TRACON& Tower with Radar,35,13,13,0,61,0,0,0,0,0,35,13,13,0,61,0,0,0,61
01/03/2022,BTV,VT,ANE,EN,Combined TRACON& Tower with Radar,38,27,18,0,83,0,2,90,6,98,38,29,108,6,181,0,0,0,181
01/04/2022,BTV,VT,ANE,EN,Combined TRACON& Tower with Radar,33,24,21,20,98,0,3,51,15,69,33,27,72,35,167,56,16,72,239
01/05/2022,BTV,VT,ANE,EN,Combined TRACON& Tower with Radar,39,19,4,8,70,0,1,25,2,28,39,20,29,10,98,121,0,121,219
01/06/2022,BTV,VT,ANE,EN,Combined TRACON& Tower with Radar,41,28,22,15,106,0,2,55,14,71,41,30,77,29,177,172,27,199,376
01/07/2022,BTV,VT,ANE,EN,Combined TRACON& Tower with Radar,38,8,12,0,58,0,0,0,0,0,38,8,12,0,58,0,0,0,58
01/08/2022,BTV,VT,ANE,EN,Combined TRACON& Tower with Radar,31,7,12,13,63,0,0,61,10,71,31,7,73,23,134,59,4,63,197
01/09/2022,BTV,VT,ANE,EN,Combined TRACON& Tower with Radar,33,12,9,1,55,0,0,0,0,0,33,12,9,1,55,0,0,0,55
01/10/2022,BTV,VT,ANE,EN,Combined TRACON& Tower with Radar,41,15,14,4,74,0,1,36,4,41,41,16,50,8,115,13,2,15,130
01/11/2022,BTV,VT,ANE,EN,Combined TRACON& Tower with Radar,40,14,7,0,61,1,1,14,3,19,41,15,21,3,80,0,2,2,82
01/12/2022,BTV,VT,ANE,EN,Combined TRACON& Tower with Radar,42,12,16,1,71,0,1,17,2,20,42,13,33,3,91,0,0,0,91
01/13/2022,BTV,VT,ANE,EN,Combined TRACON& Tower with Radar,43,21,14,0,78,0,0,19,8,27,43,21,33,8,105,151,29,180,285
01/14/2022,BTV,VT,ANE,EN,Combined TRACON& Tower with Radar,45,22,21,0,88,0,2,17,1,20,45,24,38,1,108,16,0,16,124
01/15/2022,BTV,VT,ANE,EN,Combined TRACON& Tower with Radar,28,13,6,0,47,0,0,10,1,11,28,13,16,1,58,2,0,2,60
01/16/2022,BTV,VT,ANE,EN,Combined TRACON& Tower with Radar,23,11,34,0,68,0,5,71,2,78,23,16,105,2,146,51,0,51,197
01/17/2022,BTV,VT,ANE,EN,Combined TRACON& Tower with Radar,41,14,6,0,61,0,0,0,0,0,41,14,6,0,61,0,0,0,61
01/18/2022,BTV,VT,ANE,EN,Combined TRACON& Tower with Radar,40,22,26,1,89,0,2,49,13,64,40,24,75,14,153,37,2,39,192
01/19/2022,BTV,VT,ANE,EN,Combined TRACON& Tower with Radar,45,18,4,1,68,0,0,3,1,4,45,18,7,2,72,2,0,2,74
01/20/2022,BTV,VT,ANE,EN,Combined TRACON& Tower with Radar,42,24,20,15,101,0,2,84,5,91,42,26,104,20,192,67,18,85,277
01/21/2022,BTV,VT,ANE,EN,Combined TRACON& Tower with Radar,45,16,23,9,93,0,2,40,4,46,45,18,63,13,139,25,0,25,164
01/22/2022,BTV,VT,ANE,EN,Combined TRACON& Tower with Radar,30,13,14,3,60,0,2,49,1,52,30,15,63,4,112,94,0,94,206
01/23/2022,BTV,VT,ANE,EN,Combined TRACON& Tower with Radar,35,21,26,0,82,0,0,10,0,10,35,21,36,0,92,19,0,19,111
01/24/2022,BTV,VT,ANE,EN,Combined TRACON& Tower with Radar,41,10,27,0,78,0,1,83,3,87,41,11,110,3,165,65,0,65,230
01/25/2022,BTV,VT,ANE,EN,Combined TRACON& Tower with Radar,42,18,17,15,92,0,1,42,9,52,42,19,59,24,144,57,34,91,235
01/26/2022,BTV,VT,ANE,EN,Combined TRACON& Tower with Radar,42,11,18,18,89,0,3,80,3,86,42,14,98,21,175,77,0,77,252
01/27/2022,BTV,VT,ANE,EN,Combined TRACON& Tower with Radar,42,25,13,18,98,0,3,31,18,52,42,28,44,36,150,13,0,13,163
01/28/2022,BTV,VT,ANE,EN,Combined TRACON& Tower with Radar,38,23,5,2,68,0,0,30,0,30,38,23,35,2,98,28,0,28,126
01/29/2022,BTV,VT,ANE,EN,Combined TRACON& Tower with Radar,13,6,7,0,26,0,0,8,0,8,13,6,15,0,34,2,0,2,36
01/30/2022,BTV,VT,ANE,EN,Combined TRACON& Tower with Radar,29,17,14,0,60,0,0,75,3,78,29,17,89,3,138,73,0,73,211
01/31/2022,BTV,VT,ANE,EN,Combined TRACON& Tower with Radar,37,12,12,0,61,0,1,111,0,112,37,13,123,0,173,129,0,129,302
02/01/2022,BTV,VT,ANE,EN,Combined TRACON& Tower with Radar,40,19,22,19,100,1,1,96,7,105,41,20,118,26,205,80,0,80,285
02/02/2022,BTV,VT,ANE,EN,Combined TRACON& Tower with Radar,33,23,13,19,88,0,0,23,4,27,33,23,36,23,115,10,8,18,133
02/03/2022,BTV,VT,ANE,EN,Combined TRACON& Tower with Radar,23,10,6,0,39,0,0,0,0,0,23,10,6,0,39,0,0,0,39
02/04/2022,BTV,VT,ANE,EN,Combined TRACON& Tower with Radar,12,11,6,0,29,0,0,0,0,0,12,11,6,0,29,0,0,0,29
02/05/2022,BTV,VT,ANE,EN,Combined TRACON& Tower with Radar,29,21,10,14,74,0,2,42,10,54,29,23,52,24,128,20,3,23,151
02/06/2022,BTV,VT,ANE,EN,Combined TRACON& Tower with Radar,37,25,13,1,76,0,6,23,7,36,37,31,36,8,112,11,0,11,123
02/07/2022,BTV,VT,ANE,EN,Combined TRACON& Tower with Radar,42,22,18,1,83,0,0,67,3,70,42,22,85,4,153,52,0,52,205
02/08/2022,BTV,VT,ANE,EN,Combined TRACON& Tower with Radar,40,20,5,15,80,0,1,17,6,24,40,21,22,21,104,98,8,106,210
02/09/2022,BTV,VT,ANE,EN,Combined TRACON& Tower with Radar,40,28,17,17,102,0,0,125,8,133,40,28,142,25,235,75,0,75,310
02/10/2022,BTV,VT,ANE,EN,Combined TRACON& Tower with Radar,42,20,19,15,96,0,1,42,11,54,42,21,61,26,150,101,6,107,257
02/11/2022,BTV,VT,ANE,EN,Combined TRACON& Tower with Radar,48,20,20,12,100,0,2,45,3,50,48,22,65,15,150,50,0,50,200
02/12/2022,BTV,VT,ANE,EN,Combined TRACON& Tower with Radar,33,14,15,0,62,0,0,25,8,33,33,14,40,8,95,78,5,83,178
02/13/2022,BTV,VT,ANE,EN,Combined TRACON& Tower with Radar,36,9,22,0,67,0,2,71,1,74,36,11,93,1,141,43,0,43,184
02/14/2022,BTV,VT,ANE,EN,Combined TRACON& Tower with Radar,45,14,14,5,78,0,5,68,7,80,45,19,82,12,158,24,12,36,194
02/15/2022,BTV,VT,ANE,EN,Combined TRACON& Tower with Radar,42,13,21,5,81,0,2,74,14,90,42,15,95,19,171,127,0,127,298
02/16/2022,BTV,VT,ANE,EN,Combined TRACON& Tower with Radar,45,24,13,3,85,0,0,14,5,19,45,24,27,8,104,2,0,2,106
02/17/2022,BTV,VT,ANE,EN,Combined TRACON& Tower with Radar,42,35,20,1,98,0,0,5,1,6,42,35,25,2,104,0,0,0,104
02/18/2022,BTV,VT,ANE,EN,Combined TRACON& Tower with Radar,46,23,18,0,87,0,4,28,0,32,46,27,46,0,119,0,0,0,119
02/19/2022,BTV,VT,ANE,EN,Combined TRACON& Tower with Radar,34,19,12,0,65,0,0,0,0,0,34,19,12,0,65,0,0,0,65
02/20/2022,BTV,VT,ANE,EN,Combined TRACON& Tower with Radar,40,28,19,0,87,0,3,37,0,40,40,31,56,0,127,20,0,20,147
02/21/2022,BTV,VT,ANE,EN,Combined TRACON& Tower with Radar,43,28,18,2,91,0,1,117,1,119,43,29,135,3,210,179,0,179,389
02/22/2022,BTV,VT,ANE,EN,Combined TRACON& Tower with Radar,41,26,18,13,98,0,0,77,8,85,41,26,95,21,183,80,0,80,263
02/23/2022,BTV,VT,ANE,EN,Combined TRACON& Tower with Radar,43,20,11,5,79,0,1,42,5,48,43,21,53,10,127,12,0,12,139
02/24/2022,BTV,VT,ANE,EN,Combined TRACON& Tower with Radar,43,22,31,16,112,0,2,161,21,184,43,24,192,37,296,112,10,122,418
02/25/2022,BTV,VT,ANE,EN,Combined TRACON& Tower with Radar,22,7,0,0,29,0,0,0,0,0,22,7,0,0,29,0,0,0,29
02/26/2022,BTV,VT,ANE,EN,Combined TRACON& Tower with Radar,30,22,13,0,65,0,0,108,2,110,30,22,121,2,175,64,0,64,239
02/27/2022,BTV,VT,ANE,EN,Combined TRACON& Tower with Radar,39,22,12,0,73,0,0,5,0,5,39,22,17,0,78,0,0,0,78
02/28/2022,BTV,VT,ANE,EN,Combined TRACON& Tower with Radar,43,19,16,0,78,0,6,111,7,124,43,25,127,7,202,129,0,129,331
03/01/2022,BTV,VT,ANE,EN,Combined TRACON& Tower with Radar,45,15,23,8,91,0,1,22,2,25,45,16,45,10,116,5,12,17,133
03/02/2022,BTV,VT,ANE,EN,Combined TRACON& Tower with Radar,45,20,26,17,108,0,2,106,6,114,45,22,132,23,222,194,7,201,423
03/03/2022,BTV,VT,ANE,EN,Combined TRACON& Tower with Radar,43,18,25,11,97,0,2,62,9,73,43,20,87,20,170,74,6,80,250
03/04/2022,BTV,VT,ANE,EN,Combined TRACON& Tower with Radar,41,26,21,11,99,0,1,99,6,106,41,27,120,17,205,105,0,105,310
03/05/2022,BTV,VT,ANE,EN,Combined TRACON& Tower with Radar,30,32,19,15,96,0,4,109,11,124,30,36,128,26,220,101,2,103,323
03/06/2022,BTV,VT,ANE,EN,Combined TRACON& Tower with Radar,38,28,14,0,80,0,1,9,0,10,38,29,23,0,90,4,0,4,94
03/07/2022,BTV,VT,ANE,EN,Combined TRACON& Tower with Radar,37,22,12,2,73,0,0,17,2,19,37,22,29,4,92,44,22,66,158
03/08/2022,BTV,VT,ANE,EN,Combined TRACON& Tower with Radar,42,20,15,14,91,0,2,78,11,91,42,22,93,25,182,71,4,75,257
03/09/2022,BTV,VT,ANE,EN,Combined TRACON& Tower with Radar,43,16,15,13,87,0,0,110,3,113,43,16,125,16,200,118,32,150,350
03/10/2022,BTV,VT,ANE,EN,Combined TRACON& Tower with Radar,42,23,14,11,90,0,9,99,16,124,42,32,113,27,214,178,6,184,398
03/11/2022,BTV,VT,ANE,EN,Combined TRACON& Tower with Radar,38,32,34,10,114,0,0,116,4,120,38,32,150,14,234,58,0,58,292
03/12/2022,BTV,VT,ANE,EN,Combined TRACON& Tower with Radar,9,5,0,0,14,0,0,0,0,0,9,5,0,0,14,0,0,0,14
03/13/2022,BTV,VT,ANE,EN,Combined TRACON& Tower with Radar,32,33,19,0,84,0,2,28,0,30,32,35,47,0,114,24,0,24,138
03/14/2022,BTV,VT,ANE,EN,Combined TRACON& Tower with Radar,40,42,20,2,104,0,2,77,3,82,40,44,97,5,186,149,0,149,335
03/15/2022,BTV,VT,ANE,EN,Combined TRACON& Tower with Radar,42,27,18,14,101,0,1,65,1,67,42,28,83,15,168,138,0,138,306
03/16/2022,BTV,VT,ANE,EN,Combined TRACON& Tower with Radar,43,25,27,11,106,0,2,105,5,112,43,27,132,16,218,127,9,136,354
03/17/2022,BTV,VT,ANE,EN,Combined TRACON& Tower with Radar,41,30,21,13,105,0,1,69,14,84,41,31,90,27,189,37,0,37,226
03/18/2022,BTV,VT,ANE,EN,Combined TRACON& Tower with Radar,33,26,23,7,89,0,2,89,5,96,33,28,112,12,185,135,2,137,322
03/19/2022,BTV,VT,ANE,EN,Combined TRACON& Tower with Radar,33,22,10,0,65,0,0,5,0,5,33,22,15,0,70,106,0,106,176
03/20/2022,BTV,VT,ANE,EN,Combined TRACON& Tower with Radar,34,22,18,0,74,0,1,2,0,3,34,23,20,0,77,128,0,128,205
03/21/2022,BTV,VT,ANE,EN,Combined TRACON& Tower with Radar,41,19,19,1,80,0,1,69,3,73,41,20,88,4,153,144,0,144,297
03/22/2022,BTV,VT,ANE,EN,Combined TRACON& Tower with Radar,41,21,16,21,99,0,4,80,9,93,41,25,96,30,192,128,17,145,337
03/23/2022,BTV,VT,ANE,EN,Combined TRACON& Tower with Radar,45,18,32,14,109,0,2,144,7,153,45,20,176,21,262,145,2,147,409
03/24/2022,BTV,VT,ANE,EN,Combined TRACON& Tower with Radar,39,23,24,12,98,0,0,18,4,22,39,23,42,16,120,92,5,97,217
03/25/2022,BTV,VT,ANE,EN,Combined TRACON& Tower with Radar,41,24,29,8,102,0,0,46,11,57,41,24,75,19,159,135,2,137,296
03/26/2022,BTV,VT,ANE,EN,Combined TRACON& Tower with Radar,35,20,14,0,69,0,0,54,11,65,35,20,68,11,134,114,8,122,256
03/27/2022,BTV,VT,ANE,EN,Combined TRACON& Tower with Radar,34,26,22,2,84,0,0,4,0,4,34,26,26,2,88,0,0,0,88
03/28/2022,BTV,VT,ANE,EN,Combined TRACON& Tower with Radar,42,24,15,2,83,0,0,7,0,7,42,24,22,2,90,34,0,34,124
03/29/2022,BTV,VT,ANE,EN,Combined TRACON& Tower with Radar,42,27,22,12,103,0,1,82,11,94,42,28,104,23,197,154,13,167,364
03/30/2022,BTV,VT,ANE,EN,Combined TRACON& Tower with Radar,45,26,20,12,103,0,1,152,7,160,45,27,172,19,263,195,4,199,462
03/31/2022,BTV,VT,ANE,EN,Combined TRACON& Tower with Radar,35,24,11,6,76,0,0,22,5,27,35,24,33,11,103,4,0,4,107
04/01/2022,BTV,VT,ANE,EN,Combined TRACON& Tower with Radar,42,24,16,9,91,0,0,31,4,35,42,24,47,13,126,171,0,171,297
04/02/2022,BTV,VT,ANE,EN,Combined TRACON& Tower with Radar,29,18,23,0,70,0,4,72,5,81,29,22,95,5,151,41,0,41,192
04/03/2022,BTV,VT,ANE,EN,Combined TRACON& Tower with Radar,32,22,15,0,69,0,1,68,1,70,32,23,83,1,139,212,0,212,351
04/04/2022,BTV,VT,ANE,EN,Combined TRACON& Tower with Radar,43,20,34,1,98,0,0,97,7,104,43,20,131,8,202,111,0,111,313
04/05/2022,BTV,VT,ANE,EN,Combined TRACON& Tower with Radar,42,23,24,28,117,0,0,122,15,137,42,23,146,43,254,139,6,145,399
04/06/2022,BTV,VT,ANE,EN,Combined TRACON& Tower with Radar,45,18,26,12,101,0,0,112,5,117,45,18,138,17,218,129,5,134,352
04/07/2022,BTV,VT,ANE,EN,Combined TRACON& Tower with Radar,39,24,18,9,90,0,1,17,2,20,39,25,35,11,110,52,6,58,168
04/08/2022,BTV,VT,ANE,EN,Combined TRACON& Tower with Radar,40,26,27,10,103,0,0,24,1,25,40,26,51,11,128,86,0,86,214
04/09/2022,BTV,VT,ANE,EN,Combined TRACON& Tower with Radar,35,13,12,7,67,0,0,4,0,4,35,13,16,7,71,18,0,18,89
04/10/2022,BTV,VT,ANE,EN,Combined TRACON& Tower with Radar,39,14,17,1,71,0,0,67,0,67,39,14,84,1,138,0,0,0,138
04/11/2022,BTV,VT,ANE,EN,Combined TRACON& Tower with Radar,45,17,17,8,87,0,1,293,20,314,45,18,310,28,401,0,0,0,401
04/12/2022,BTV,VT,ANE,EN,Combined TRACON& Tower with Radar,45,21,14,1,81,0,4,67,13,84,45,25,81,14,165,137,12,149,314
04/13/2022,BTV,VT,ANE,EN,Combined TRACON& Tower with Radar,47,14,28,20,109,0,2,62,7,71,47,16,90,27,180,114,0,114,294
04/14/2022,BTV,VT,ANE,EN,Combined TRACON& Tower with Radar,46,26,26,17,115,0,0,36,1,37,46,26,62,18,152,27,10,37,189
04/15/2022,BTV,VT,ANE,EN,Combined TRACON& Tower with Radar,46,16,25,10,97,0,0,61,2,63,46,16,86,12,160,48,14,62,222
04/16/2022,BTV,VT,ANE,EN,Combined TRACON& Tower with Radar,36,16,22,0,74,0,0,4,0,4,36,16,26,0,78,3,0,3,81
04/17/2022,BTV,VT,ANE,EN,Combined TRACON& Tower with Radar,38,17,8,0,63,0,0,30,0,30,38,17,38,0,93,37,0,37,130
04/18/2022,BTV,VT,ANE,EN,Combined TRACON& Tower with Radar,44,23,19,7,93,0,0,131,3,134,44,23,150,10,227,165,8,173,400
04/19/2022,BTV,VT,ANE,EN,Combined TRACON& Tower with Radar,44,22,13,4,83,0,0,1,2,3,44,22,14,6,86,0,18,18,104
04/20/2022,BTV,VT,ANE,EN,Combined TRACON& Tower with Radar,47,26,20,13,106,0,0,82,17,99,47,26,102,30,205,172,4,176,381
04/21/2022,BTV,VT,ANE,EN,Combined TRACON& Tower with Radar,50,18,9,14,91,0,4,38,14,56,50,22,47,28,147,35,22,57,204
04/22/2022,BTV,VT,ANE,EN,Combined TRACON& Tower with Radar,46,14,18,6,84,0,3,101,3,107,46,17,119,9,191,60,2,62,253
04/23/2022,BTV,VT,ANE,EN,Combined TRACON& Tower with Radar,47,13,15,0,75,0,1,106,1,108,47,14,121,1,183,106,0,106,289
04/24/2022,BTV,VT,ANE,EN,Combined TRACON& Tower with Radar,40,21,17,1,79,0,0,227,3,230,40,21,244,4,309,0,0,0,309
04/25/2022,BTV,VT,ANE,EN,Combined TRACON& Tower with Radar,45,15,10,4,74,0,3,96,15,114,45,18,106,19,188,0,0,0,188
04/26/2022,BTV,VT,ANE,EN,Combined TRACON& Tower with Radar,46,24,25,2,97,0,2,53,4,59,46,26,78,6,156,248,0,248,404
04/27/2022,BTV,VT,ANE,EN,Combined TRACON& Tower with Radar,45,24,18,2,89,0,0,32,1,33,45,24,50,3,122,144,3,147,269
04/28/2022,BTV,VT,ANE,EN,Combined TRACON& Tower with Radar,46,18,18,2,84,0,1,28,15,44,46,19,46,17,128,38,3,41,169
04/29/2022,BTV,VT,ANE,EN,Combined TRACON& Tower with Radar,49,13,9,2,73,0,0,45,7,52,49,13,54,9,125,17,0,17,142
04/30/2022,BTV,VT,ANE,EN,Combined TRACON& Tower with Radar,42,15,19,2,78,0,0,84,0,84,42,15,103,2,162,60,0,60,222
05/01/2022,BTV,VT,ANE,EN,Combined TRACON& Tower with Radar,42,13,29,2,86,0,0,117,4,121,42,13,146,6,207,96,2,98,305
05/02/2022,BTV,VT,ANE,EN,Combined TRACON& Tower with Radar,47,10,21,22,100,0,0,59,1,60,47,10,80,23,160,87,30,117,277
05/03/2022,BTV,VT,ANE,EN,Combined TRACON& Tower with Radar,45,14,32,13,104,0,0,96,6,102,45,14,128,19,206,172,14,186,392
05/04/2022,BTV,VT,ANE,EN,Combined TRACON& Tower with Radar,44,21,36,3,104,0,0,3,0,3,44,21,39,3,107,54,60,114,221
05/05/2022,BTV,VT,ANE,EN,Combined TRACON& Tower with Radar,45,25,21,0,91,0,2,148,22,172,45,27,169,22,263,135,6,141,404
05/06/2022,BTV,VT,ANE,EN,Combined TRACON& Tower with Radar,50,23,25,1,99,0,0,123,2,125,50,23,148,3,224,139,0,139,363
05/07/2022,BTV,VT,ANE,EN,Combined TRACON& Tower with Radar,40,21,18,1,80,0,0,94,0,94,40,21,112,1,174,15,0,15,189
05/08/2022,BTV,VT,ANE,EN,Combined TRACON& Tower with Radar,39,26,14,0,79,0,2,173,0,175,39,28,187,0,254,0,0,0,254
05/09/2022,BTV,VT,ANE,EN,Combined TRACON& Tower with Radar,49,16,18,7,90,0,1,139,4,144,49,17,157,11,234,177,12,189,423
05/10/2022,BTV,VT,ANE,EN,Combined TRACON& Tower with Radar,44,33,18,7,102,0,2,131,9,142,44,35,149,16,244,178,4,182,426
05/11/2022,BTV,VT,ANE,EN,Combined TRACON& Tower with Radar,46,23,21,3,93,0,0,145,11,156,46,23,166,14,249,109,0,109,358
05/12/2022,BTV,VT,ANE,EN,Combined TRACON& Tower with Radar,49,24,30,6,109,0,0,126,12,138,49,24,156,18,247,183,0,183,430
05/13/2022,BTV,VT,ANE,EN,Combined TRACON& Tower with Radar,48,33,24,12,117,0,2,122,3,127,48,35,146,15,244,84,6,90,334
05/14/2022,BTV,VT,ANE,EN,Combined TRACON& Tower with Radar,41,26,20,3,90,0,3,62,4,69,41,29,82,7,159,93,0,93,252
05/15/2022,BTV,VT,ANE,EN,Combined TRACON& Tower with Radar,37,28,19,0,84,0,0,3,0,3,37,28,22,0,87,15,2,17,104
05/16/2022,BTV,VT,ANE,EN,Combined TRACON& Tower with Radar,45,18,20,0,83,0,0,54,0,54,45,18,74,0,137,24,0,24,161
05/17/2022,BTV,VT,ANE,EN,Combined TRACON& Tower with Radar,37,21,5,0,63,0,0,54,2,56,37,21,59,2,119,24,6,30,149
05/18/2022,BTV,VT,ANE,EN,Combined TRACON& Tower with Radar,47,18,18,7,90,0,2,134,9,145,47,20,152,16,235,277,0,277,512
05/19/2022,BTV,VT,ANE,EN,Combined TRACON& Tower with Radar,46,31,17,5,99,0,0,40,0,40,46,31,57,5,139,95,0,95,234
05/20/2022,BTV,VT,ANE,EN,Combined TRACON& Tower with Radar,44,16,27,4,91,0,4,110,9,123,44,20,137,13,214,39,0,39,253
05/21/2022,BTV,VT,ANE,EN,Combined TRACON& Tower with Radar,41,23,10,0,74,0,0,51,2,53,41,23,61,2,127,17,0,17,144
05/22/2022,BTV,VT,ANE,EN,Combined TRACON& Tower with Radar,31,30,12,3,76,0,0,35,3,38,31,30,47,6,114,106,0,106,220
05/23/2022,BTV,VT,ANE,EN,Combined TRACON& Tower with Radar,47,29,20,2,98,0,1,120,10,131,47,30,140,12,229,161,0,161,390
05/24/2022,BTV,VT,ANE,EN,Combined TRACON& Tower with Radar,46,21,23,4,94,0,3,151,11,165,46,24,174,15,259,147,7,154,413
05/25/2022,BTV,VT,ANE,EN,Combined TRACON& Tower with Radar,48,27,17,9,101,0,3,165,7,175,48,30,182,16,276,217,5,222,498
05/26/2022,BTV,VT,ANE,EN,Combined TRACON& Tower with Radar,53,21,12,5,91,0,3,36,1,40,53,24,48,6,131,15,0,15,146
05/27/2022,BTV,VT,ANE,EN,Combined TRACON& Tower with Radar,45,27,25,1,98,0,0,25,3,28,45,27,50,4,126,5,0,5,131
05/28/2022,BTV,VT,ANE,EN,Combined TRACON& Tower with Radar,38,26,25,0,89,0,0,35,0,35,38,26,60,0,124,80,2,82,206
05/29/2022,BTV,VT,ANE,EN,Combined TRACON& Tower with Radar,39,20,23,0,82,0,1,94,0,95,39,21,117,0,177,93,0,93,270
05/30/2022,BTV,VT,ANE,EN,Combined TRACON& Tower with Radar,46,28,17,0,91,0,3,84,0,87,46,31,101,0,178,63,0,63,241
05/31/2022,BTV,VT,ANE,EN,Combined TRACON& Tower with Radar,46,21,30,2,99,0,1,102,4,107,46,22,132,6,206,139,2,141,347
06/01/2022,BTV,VT,ANE,EN,Combined TRACON& Tower with Radar,43,29,12,4,88,0,0,16,0,16,43,29,28,4,104,94,0,94,198
06/02/2022,BTV,VT,ANE,EN,Combined TRACON& Tower with Radar,47,20,22,7,96,0,0,30,2,32,47,20,52,9,128,78,0,78,206
06/03/2022,BTV,VT,ANE,EN,Combined TRACON& Tower with Radar,51,15,25,4,95,0,0,105,5,110,51,15,130,9,205,162,0,162,367
06/04/2022,BTV,VT,ANE,EN,Combined TRACON& Tower with Radar,51,15,10,1,77,0,0,80,7,87,51,15,90,8,164,86,0,86,250
06/05/2022,BTV,VT,ANE,EN,Combined TRACON& Tower with Radar,47,20,27,0,94,0,0,100,19,119,47,20,127,19,213,113,0,113,326
06/06/2022,BTV,VT,ANE,EN,Combined TRACON& Tower with Radar,54,14,32,5,105,0,0,139,16,155,54,14,171,21,260,128,13,141,401
06/07/2022,BTV,VT,ANE,EN,Combined TRACON& Tower with Radar,58,22,22,3,105,0,0,51,2,53,58,22,73,5,158,8,0,8,166
06/08/2022,BTV,VT,ANE,EN,Combined TRACON& Tower with Radar,56,23,30,3,112,0,0,130,9,139,56,23,160,12,251,129,0,129,380
06/09/2022,BTV,VT,ANE,EN,Combined TRACON& Tower with Radar,54,18,37,0,109,0,0,2,0,2,54,18,39,0,111,30,0,30,141
06/10/2022,BTV,VT,ANE,EN,Combined TRACON& Tower with Radar,59,18,37,0,114,0,2,127,15,144,59,20,164,15,258,169,0,169,427
06/11/2022,BTV,VT,ANE,EN,Combined TRACON& Tower with Radar,55,21,28,1,105,0,3,124,2,129,55,24,152,3,234,121,0,121,355
06/12/2022,BTV,VT,ANE,EN,Combined TRACON& Tower with Radar,46,21,18,0,85,0,1,44,2,47,46,22,62,2,132,135,0,135,267
06/13/2022,BTV,VT,ANE,EN,Combined TRACON& Tower with Radar,56,21,37,2,116,0,0,105,4,109,56,21,142,6,225,186,0,186,411
06/14/2022,BTV,VT,ANE,EN,Combined TRACON& Tower with Radar,56,18,29,5,108,0,0,142,6,148,56,18,171,11,256,285,0,285,541
06/15/2022,BTV,VT,ANE,EN,Combined TRACON& Tower with Radar,56,21,29,4,110,0,0,130,6,136,56,21,159,10,246,182,57,239,485
06/16/2022,BTV,VT,ANE,EN,Combined TRACON& Tower with Radar,56,22,30,4,112,0,0,29,3,32,56,22,59,7,144,18,0,18,162
06/17/2022,BTV,VT,ANE,EN,Combined TRACON& Tower with Radar,47,32,31,1,111,0,1,64,7,72,47,33,95,8,183,113,0,113,296
06/18/2022,BTV,VT,ANE,EN,Combined TRACON& Tower with Radar,49,10,15,1,75,0,0,1,0,1,49,10,16,1,76,40,0,40,116
06/19/2022,BTV,VT,ANE,EN,Combined TRACON& Tower with Radar,51,21,17,0,89,0,5,28,0,33,51,26,45,0,122,38,0,38,160
06/20/2022,BTV,VT,ANE,EN,Combined TRACON& Tower with Radar,55,17,29,0,101,0,2,170,0,172,55,19,199,0,273,254,0,254,527
06/21/2022,BTV,VT,ANE,EN,Combined TRACON& Tower with Radar,57,19,38,13,127,0,0,134,5,139,57,19,172,18,266,168,32,200,466
06/22/2022,BTV,VT,ANE,EN,Combined TRACON& Tower with Radar,47,21,42,8,118,0,1,54,2,57,47,22,96,10,175,48,0,48,223
06/23/2022,BTV,VT,ANE,EN,Combined TRACON& Tower with Radar,53,25,30,3,111,0,0,41,7,48,53,25,71,10,159,117,2,119,278
06/24/2022,BTV,VT,ANE,EN,Combined TRACON& Tower with Radar,49,16,40,6,111,0,1,169,0,170,49,17,209,6,281,185,4,189,470
06/25/2022,BTV,VT,ANE,EN,Combined TRACON& Tower with Radar,54,21,21,0,96,0,1,132,0,133,54,22,153,0,229,151,0,151,380
06/26/2022,BTV,VT,ANE,EN,Combined TRACON& Tower with Radar,48,26,23,6,103,0,4,88,0,92,48,30,111,6,195,93,0,93,288
06/27/2022,BTV,VT,ANE,EN,Combined TRACON& Tower with Radar,57,11,24,0,92,0,0,68,0,68,57,11,92,0,160,102,0,102,262
06/28/2022,BTV,VT,ANE,EN,Combined TRACON& Tower with Radar,57,21,26,5,109,0,1,146,9,156,57,22,172,14,265,205,4,209,474
06/29/2022,BTV,VT,ANE,EN,Combined TRACON& Tower with Radar,55,21,33,0,109,0,0,130,4,134,55,21,163,4,243,202,0,202,445
06/30/2022,BTV,VT,ANE,EN,Combined TRACON& Tower with Radar,57,24,31,3,115,0,2,162,16,180,57,26,193,19,295,206,0,206,501
07/01/2022,BTV,VT,ANE,EN,Combined TRACON& Tower with Radar,53,15,29,1,98,0,2,108,3,113,53,17,137,4,211,90,0,90,301
07/02/2022,BTV,VT,ANE,EN,Combined TRACON& Tower with Radar,53,11,7,2,73,0,0,52,0,52,53,11,59,2,125,73,4,77,202
07/03/2022,BTV,VT,ANE,EN,Combined TRACON& Tower with Radar,50,7,13,0,70,0,3,84,0,87,50,10,97,0,157,60,0,60,217
07/04/2022,BTV,VT,ANE,EN,Combined TRACON& Tower with Radar,54,12,18,0,84,0,3,54,0,57,54,15,72,0,141,32,0,32,173
07/05/2022,BTV,VT,ANE,EN,Combined TRACON& Tower with Radar,51,23,21,3,98,0,0,75,3,78,51,23,96,6,176,114,4,118,294
07/06/2022,BTV,VT,ANE,EN,Combined TRACON& Tower with Radar,58,24,29,4,115,0,2,100,8,110,58,26,129,12,225,170,5,175,400
07/07/2022,BTV,VT,ANE,EN,Combined TRACON& Tower with Radar,58,21,37,12,128,0,3,172,18,193,58,24,209,30,321,188,5,193,514
07/08/2022,BTV,VT,ANE,EN,Combined TRACON& Tower with Radar,57,19,36,0,112,0,1,152,3,156,57,20,188,3,268,89,0,89,357
07/09/2022,BTV,VT,ANE,EN,Combined TRACON& Tower with Radar,56,16,21,3,96,0,2,110,0,112,56,18,131,3,208,105,0,105,313
07/10/2022,BTV,VT,ANE,EN,Combined TRACON& Tower with Radar,51,16,24,0,91,0,3,87,0,90,51,19,111,0,181,96,0,96,277
07/11/2022,BTV,VT,ANE,EN,Combined TRACON& Tower with Radar,56,11,25,1,93,0,0,137,4,141,56,11,162,5,234,71,2,73,307
07/12/2022,BTV,VT,ANE,EN,Combined TRACON& Tower with Radar,53,17,19,6,95,0,0,10,7,17,53,17,29,13,112,20,4,24,136
07/13/2022,BTV,VT,ANE,EN,Combined TRACON& Tower with Radar,54,24,34,20,132,0,3,175,12,190,54,27,209,32,322,136,0,136,458
07/14/2022,BTV,VT,ANE,EN,Combined TRACON& Tower with Radar,53,27,41,16,137,0,0,119,22,141,53,27,160,38,278,180,5,185,463
07/15/2022,BTV,VT,ANE,EN,Combined TRACON& Tower with Radar,53,16,30,8,107,0,1,177,8,186,53,17,207,16,293,94,0,94,387
07/16/2022,BTV,VT,ANE,EN,Combined TRACON& Tower with Radar,51,25,28,2,106,0,1,123,2,126,51,26,151,4,232,88,0,88,320
07/17/2022,BTV,VT,ANE,EN,Combined TRACON& Tower with Radar,47,9,34,2,92,0,1,82,1,84,47,10,116,3,176,87,0,87,263
07/18/2022,BTV,VT,ANE,EN,Combined TRACON& Tower with Radar,50,18,17,11,96,0,0,48,4,52,50,18,65,15,148,47,0,47,195
07/19/2022,BTV,VT,ANE,EN,Combined TRACON& Tower with Radar,53,18,15,18,104,0,0,162,10,172,53,18,177,28,276,159,11,170,446
07/20/2022,BTV,VT,ANE,EN,Combined TRACON& Tower with Radar,55,24,21,26,126,0,2,130,8,140,55,26,151,34,266,94,16,110,376
07/21/2022,BTV,VT,ANE,EN,Combined TRACON& Tower with Radar,52,22,26,5,105,0,1,68,4,73,52,23,94,9,178,64,2,66,244
07/22/2022,BTV,VT,ANE,EN,Combined TRACON& Tower with Radar,57,20,32,9,118,0,3,150,5,158,57,23,182,14,276,79,3,82,358
07/23/2022,BTV,VT,ANE,EN,Combined TRACON& Tower with Radar,49,14,37,0,100,0,1,67,0,68,49,15,104,0,168,22,0,22,190
07/24/2022,BTV,VT,ANE,EN,Combined TRACON& Tower with Radar,49,17,26,2,94,0,1,51,0,52,49,18,77,2,146,23,0,23,169
07/25/2022,BTV,VT,ANE,EN,Combined TRACON& Tower with Radar,49,13,20,8,90,0,0,85,2,87,49,13,105,10,177,59,0,59,236
07/26/2022,BTV,VT,ANE,EN,Combined TRACON& Tower with Radar,55,17,31,18,121,0,2,125,16,143,55,19,156,34,264,73,2,75,339
07/27/2022,BTV,VT,ANE,EN,Combined TRACON& Tower with Radar,55,15,4,23,97,0,0,153,10,163,55,15,157,33,260,111,0,111,371
07/28/2022,BTV,VT,ANE,EN,Combined TRACON& Tower with Radar,47,27,19,8,101,0,1,77,8,86,47,28,96,16,187,148,2,150,337
07/29/2022,BTV,VT,ANE,EN,Combined TRACON& Tower with Radar,56,19,38,2,115,0,1,118,0,119,56,20,156,2,234,116,0,116,350
07/30/2022,BTV,VT,ANE,EN,Combined TRACON& Tower with Radar,55,16,30,0,101,0,0,58,0,58,55,16,88,0,159,56,0,56,215
07/31/2022,BTV,VT,ANE,EN,Combined TRACON& Tower with Radar,48,21,28,0,97,0,1,78,0,79,48,22,106,0,176,76,0,76,252
08/01/2022,BTV,VT,ANE,EN,Combined TRACON& Tower with Radar,54,20,31,7,112,0,2,158,5,165,54,22,189,12,277,118,21,139,416
08/02/2022,BTV,VT,ANE,EN,Combined TRACON& Tower with Radar,54,19,18,6,97,0,0,72,8,80,54,19,90,14,177,179,0,179,356
08/03/2022,BTV,VT,ANE,EN,Combined TRACON& Tower with Radar,53,14,32,4,103,0,0,220,5,225,53,14,252,9,328,145,4,149,477
08/04/2022,BTV,VT,ANE,EN,Combined TRACON& Tower with Radar,46,16,22,5,89,0,1,113,12,126,46,17,135,17,215,145,14,159,374
08/05/2022,BTV,VT,ANE,EN,Combined TRACON& Tower with Radar,49,26,37,4,116,0,0,49,0,49,49,26,86,4,165,42,0,42,207
08/06/2022,BTV,VT,ANE,EN,Combined TRACON& Tower with Radar,51,34,39,1,125,0,3,77,5,85,51,37,116,6,210,109,16,125,335
08/07/2022,BTV,VT,ANE,EN,Combined TRACON& Tower with Radar,51,22,19,3,95,0,0,63,1,64,51,22,82,4,159,73,0,73,232
08/08/2022,BTV,VT,ANE,EN,Combined TRACON& Tower with Radar,52,17,37,7,113,0,0,34,3,37,52,17,71,10,150,97,24,121,271
08/09/2022,BTV,VT,ANE,EN,Combined TRACON& Tower with Radar,53,19,51,5,128,0,0,6,0,6,53,19,57,5,134,27,0,27,161
08/10/2022,BTV,VT,ANE,EN,Combined TRACON& Tower with Radar,51,22,37,14,124,0,1,150,5,156,51,23,187,19,280,231,1,232,512
08/11/2022,BTV,VT,ANE,EN,Combined TRACON& Tower with Radar,55,24,48,5,132,0,1,107,16,124,55,25,155,21,256,161,0,161,417
08/12/2022,BTV,VT,ANE,EN,Combined TRACON& Tower with Radar,53,21,39,5,118,0,0,143,2,145,53,21,182,7,263,116,0,116,379
08/13/2022,BTV,VT,ANE,EN,Combined TRACON& Tower with Radar,58,17,23,2,100,0,1,108,0,109,58,18,131,2,209,128,0,128,337
08/14/2022,BTV,VT,ANE,EN,Combined TRACON& Tower with Radar,51,13,37,0,101,0,3,111,0,114,51,16,148,0,215,61,0,61,276
08/15/2022,BTV,VT,ANE,EN,Combined TRACON& Tower with Radar,58,20,20,3,101,0,3,299,44,346,58,23,319,47,447,0,0,0,447
08/16/2022,BTV,VT,ANE,EN,Combined TRACON& Tower with Radar,57,16,31,0,104,0,1,126,15,142,57,17,157,15,246,288,2,290,536
08/17/2022,BTV,VT,ANE,EN,Combined TRACON& Tower with Radar,46,17,36,5,104,0,2,121,26,149,46,19,157,31,253,124,4,128,381
08/18/2022,BTV,VT,ANE,EN,Combined TRACON& Tower with Radar,55,28,22,7,112,0,1,102,23,126,55,29,124,30,238,145,7,152,390
08/19/2022,BTV,VT,ANE,EN,Combined TRACON& Tower with Radar,54,14,25,3,96,0,1,165,3,169,54,15,190,6,265,134,4,138,403
08/20/2022,BTV,VT,ANE,EN,Combined TRACON& Tower with Radar,56,10,5,0,71,0,2,106,0,108,56,12,111,0,179,97,0,97,276
08/21/2022,BTV,VT,ANE,EN,Combined TRACON& Tower with Radar,48,21,30,0,99,0,0,69,0,69,48,21,99,0,168,65,0,65,233
08/22/2022,BTV,VT,ANE,EN,Combined TRACON& Tower with Radar,50,23,31,7,111,0,0,106,0,106,50,23,137,7,217,220,8,228,445
08/23/2022,BTV,VT,ANE,EN,Combined TRACON& Tower with Radar,55,28,24,1,108,0,0,17,0,17,55,28,41,1,125,121,0,121,246
08/24/2022,BTV,VT,ANE,EN,Combined TRACON& Tower with Radar,58,18,42,6,124,0,0,94,3,97,58,18,136,9,221,187,6,193,414
08/25/2022,BTV,VT,ANE,EN,Combined TRACON& Tower with Radar,57,26,52,17,152,0,1,103,8,112,57,27,155,25,264,152,9,161,425
08/26/2022,BTV,VT,ANE,EN,Combined TRACON& Tower with Radar,55,14,14,1,84,0,0,35,1,36,55,14,49,2,120,115,0,115,235
08/27/2022,BTV,VT,ANE,EN,Combined TRACON& Tower with Radar,55,22,22,0,99,0,1,97,0,98,55,23,119,0,197,55,0,55,252
08/28/2022,BTV,VT,ANE,EN,Combined TRACON& Tower with Radar,53,18,21,0,92,0,1,102,2,105,53,19,123,2,197,118,2,120,317
08/29/2022,BTV,VT,ANE,EN,Combined TRACON& Tower with Radar,52,19,31,6,108,0,3,159,4,166,52,22,190,10,274,83,6,89,363
08/30/2022,BTV,VT,ANE,EN,Combined TRACON& Tower with Radar,49,14,19,25,107,0,0,99,7,106,49,14,118,32,213,123,0,123,336
08/31/2022,BTV,VT,ANE,EN,Combined TRACON& Tower with Radar,54,27,37,9,127,0,0,115,7,122,54,27,152,16,249,67,0,67,316
09/01/2022,BTV,VT,ANE,EN,Combined TRACON& Tower with Radar,55,23,57,13,148,0,0,153,2,155,55,23,210,15,303,150,0,150,453
09/02/2022,BTV,VT,ANE,EN,Combined TRACON& Tower with Radar,58,18,27,0,103,0,2,168,0,170,58,20,195,0,273,249,0,249,522
09/03/2022,BTV,VT,ANE,EN,Combined TRACON& Tower with Radar,53,10,10,0,73,0,1,79,0,80,53,11,89,0,153,107,0,107,260
09/04/2022,BTV,VT,ANE,EN,Combined TRACON& Tower with Radar,49,13,29,0,91,0,0,0,0,0,49,13,29,0,91,20,0,20,111
09/05/2022,BTV,VT,ANE,EN,Combined TRACON& Tower with Radar,58,19,41,0,118,0,0,1,0,1,58,19,42,0,119,9,0,9,128
09/06/2022,BTV,VT,ANE,EN,Combined TRACON& Tower with Radar,58,20,30,18,126,0,0,19,0,19,58,20,49,18,145,29,15,44,189
09/07/2022,BTV,VT,ANE,EN,Combined TRACON& Tower with Radar,53,25,37,11,126,0,7,162,12,181,53,32,199,23,307,215,1,216,523
09/08/2022,BTV,VT,ANE,EN,Combined TRACON& Tower with Radar,58,25,36,7,126,0,2,166,12,180,58,27,202,19,306,121,0,121,427
09/09/2022,BTV,VT,ANE,EN,Combined TRACON& Tower with Radar,58,18,25,9,110,0,4,204,9,217,58,22,229,18,327,172,11,183,510
09/10/2022,BTV,VT,ANE,EN,Combined TRACON& Tower with Radar,54,10,26,9,99,0,2,145,12,159,54,12,171,21,258,126,9,135,393
09/11/2022,BTV,VT,ANE,EN,Combined TRACON& Tower with Radar,46,10,23,0,79,0,1,94,14,109,46,11,117,14,188,139,0,139,327
09/12/2022,BTV,VT,ANE,EN,Combined TRACON& Tower with Radar,54,27,36,2,119,0,2,177,6,185,54,29,213,8,304,198,0,198,502
09/13/2022,BTV,VT,ANE,EN,Combined TRACON& Tower with Radar,53,18,24,8,103,0,0,11,3,14,53,18,35,11,117,66,6,72,189
09/14/2022,BTV,VT,ANE,EN,Combined TRACON& Tower with Radar,53,24,31,16,124,0,1,89,9,99,53,25,120,25,223,82,0,82,305
09/15/2022,BTV,VT,ANE,EN,Combined TRACON& Tower with Radar,56,15,34,18,123,0,5,138,18,161,56,20,172,36,284,137,2,139,423
09/16/2022,BTV,VT,ANE,EN,Combined TRACON& Tower with Radar,54,12,38,7,111,0,4,164,7,175,54,16,202,14,286,129,0,129,415
09/17/2022,BTV,VT,ANE,EN,Combined TRACON& Tower with Radar,53,7,23,0,83,0,1,126,0,127,53,8,149,0,210,182,0,182,392
09/18/2022,BTV,VT,ANE,EN,Combined TRACON& Tower with Radar,50,26,29,1,106,0,0,20,0,20,50,26,49,1,126,67,0,67,193
09/19/2022,BTV,VT,ANE,EN,Combined TRACON& Tower with Radar,50,11,23,1,85,0,0,2,0,2,50,11,25,1,87,0,0,0,87
09/20/2022,BTV,VT,ANE,EN,Combined TRACON& Tower with Radar,52,12,34,1,99,0,0,4,0,4,52,12,38,1,103,0,0,0,103
09/21/2022,BTV,VT,ANE,EN,Combined TRACON& Tower with Radar,49,15,53,17,134,0,0,65,9,74,49,15,118,26,208,122,1,123,331
09/22/2022,BTV,VT,ANE,EN,Combined TRACON& Tower with Radar,47,11,25,14,97,0,0,69,10,79,47,11,94,24,176,113,1,114,290
09/23/2022,BTV,VT,ANE,EN,Combined TRACON& Tower with Radar,59,19,27,8,113,0,1,58,3,62,59,20,85,11,175,87,1,88,263
09/24/2022,BTV,VT,ANE,EN,Combined TRACON& Tower with Radar,53,10,14,0,77,0,7,137,0,144,53,17,151,0,221,60,0,60,281
09/25/2022,BTV,VT,ANE,EN,Combined TRACON& Tower with Radar,49,9,20,1,79,0,1,58,3,62,49,10,78,4,141,74,0,74,215
09/26/2022,BTV,VT,ANE,EN,Combined TRACON& Tower with Radar,56,16,23,0,95,0,1,89,7,97,56,17,112,7,192,244,0,244,436
09/27/2022,BTV,VT,ANE,EN,Combined TRACON& Tower with Radar,53,10,27,8,98,0,3,95,13,111,53,13,122,21,209,145,0,145,354
09/28/2022,BTV,VT,ANE,EN,Combined TRACON& Tower with Radar,54,18,46,1,119,0,0,77,5,82,54,18,123,6,201,156,0,156,357
09/29/2022,BTV,VT,ANE,EN,Combined TRACON& Tower with Radar,57,19,28,1,105,0,2,180,10,192,57,21,208,11,297,235,0,235,532
09/30/2022,BTV,VT,ANE,EN,Combined TRACON& Tower with Radar,55,17,36,2,110,0,0,185,2,187,55,17,221,4,297,146,0,146,443
10/01/2022,BTV,VT,ANE,EN,Combined TRACON& Tower with Radar,54,22,16,1,93,0,1,114,0,115,54,23,130,1,208,100,0,100,308
10/02/2022,BTV,VT,ANE,EN,Combined TRACON& Tower with Radar,52,15,20,1,88,0,5,80,0,85,52,20,100,1,173,18,0,18,191
10/03/2022,BTV,VT,ANE,EN,Combined TRACON& Tower with Radar,51,15,40,0,106,0,0,162,0,162,51,15,202,0,268,193,0,193,461
10/04/2022,BTV,VT,ANE,EN,Combined TRACON& Tower with Radar,50,16,22,27,115,0,2,175,11,188,50,18,197,38,303,177,24,201,504
10/05/2022,BTV,VT,ANE,EN,Combined TRACON& Tower with Radar,53,14,37,35,139,0,2,162,2,166,53,16,199,37,305,159,26,185,490
10/06/2022,BTV,VT,ANE,EN,Combined TRACON& Tower with Radar,60,19,16,2,97,0,2,184,8,194,60,21,200,10,291,227,0,227,518
10/07/2022,BTV,VT,ANE,EN,Combined TRACON& Tower with Radar,57,22,44,0,123,0,4,83,0,87,57,26,127,0,210,66,0,66,276
10/08/2022,BTV,VT,ANE,EN,Combined TRACON& Tower with Radar,48,15,26,1,90,0,5,124,0,129,48,20,150,1,219,148,0,148,367
10/09/2022,BTV,VT,ANE,EN,Combined TRACON& Tower with Radar,53,13,25,0,91,0,0,39,0,39,53,13,64,0,130,88,0,88,218
10/10/2022,BTV,VT,ANE,EN,Combined TRACON& Tower with Radar,53,21,29,0,103,0,5,130,4,139,53,26,159,4,242,245,1,246,488
10/11/2022,BTV,VT,ANE,EN,Combined TRACON& Tower with Radar,52,17,28,22,119,0,2,168,7,177,52,19,196,29,296,169,0,169,465
10/12/2022,BTV,VT,ANE,EN,Combined TRACON& Tower with Radar,56,17,25,21,119,0,8,147,8,163,56,25,172,29,282,161,0,161,443
10/13/2022,BTV,VT,ANE,EN,Combined TRACON& Tower with Radar,59,26,25,14,124,0,0,26,0,26,59,26,51,14,150,45,0,45,195
10/14/2022,BTV,VT,ANE,EN,Combined TRACON& Tower with Radar,56,26,25,17,124,0,1,93,2,96,56,27,118,19,220,105,0,105,325
10/15/2022,BTV,VT,ANE,EN,Combined TRACON& Tower with Radar,48,24,23,15,110,0,2,122,7,131,48,26,145,22,241,44,2,46,287
10/16/2022,BTV,VT,ANE,EN,Combined TRACON& Tower with Radar,55,13,39,0,107,0,1,231,8,240,55,14,270,8,347,111,0,111,458
10/17/2022,BTV,VT,ANE,EN,Combined TRACON& Tower with Radar,54,11,21,9,95,0,1,85,0,86,54,12,106,9,181,215,4,219,400
10/18/2022,BTV,VT,ANE,EN,Combined TRACON& Tower with Radar,53,14,30,22,119,0,3,76,5,84,53,17,106,27,203,105,0,105,308
10/19/2022,BTV,VT,ANE,EN,Combined TRACON& Tower with Radar,56,16,23,16,111,0,0,128,4,132,56,16,151,20,243,142,2,144,387
10/20/2022,BTV,VT,ANE,EN,Combined TRACON& Tower with Radar,61,14,22,15,112,0,2,98,5,105,61,16,120,20,217,137,0,137,354
10/21/2022,BTV,VT,ANE,EN,Combined TRACON& Tower with Radar,56,19,33,9,117,0,2,147,1,150,56,21,180,10,267,171,0,171,438
10/22/2022,BTV,VT,ANE,EN,Combined TRACON& Tower with Radar,48,10,16,2,76,0,0,92,0,92,48,10,108,2,168,104,0,104,272
10/23/2022,BTV,VT,ANE,EN,Combined TRACON& Tower with Radar,54,6,24,0,84,0,3,111,0,114,54,9,135,0,198,237,0,237,435
10/24/2022,BTV,VT,ANE,EN,Combined TRACON& Tower with Radar,52,20,18,3,93,0,0,46,3,49,52,20,64,6,142,97,0,97,239
10/25/2022,BTV,VT,ANE,EN,Combined TRACON& Tower with Radar,47,15,40,22,124,0,1,91,7,99,47,16,131,29,223,208,10,218,441
10/26/2022,BTV,VT,ANE,EN,Combined TRACON& Tower with Radar,52,13,38,15,118,0,2,93,3,98,52,15,131,18,216,165,0,165,381
10/27/2022,BTV,VT,ANE,EN,Combined TRACON& Tower with Radar,57,31,39,15,142,0,2,112,8,122,57,33,151,23,264,75,0,75,339
10/28/2022,BTV,VT,ANE,EN,Combined TRACON& Tower with Radar,56,20,21,9,106,0,1,145,7,153,56,21,166,16,259,100,4,104,363
10/29/2022,BTV,VT,ANE,EN,Combined TRACON& Tower with Radar,46,17,16,0,79,0,3,127,0,130,46,20,143,0,209,100,0,100,309
10/30/2022,BTV,VT,ANE,EN,Combined TRACON& Tower with Radar,49,6,14,0,69,0,3,81,1,85,49,9,95,1,154,96,0,96,250
10/31/2022,BTV,VT,ANE,EN,Combined TRACON& Tower with Radar,49,14,23,5,91,0,0,93,2,95,49,14,116,7,186,140,0,140,326
11/01/2022,BTV,VT,ANE,EN,Combined TRACON& Tower with Radar,51,15,33,15,114,0,0,85,8,93,51,15,118,23,207,233,0,233,440
11/02/2022,BTV,VT,ANE,EN,Combined TRACON& Tower with Radar,53,21,12,14,100,0,4,109,10,123,53,25,121,24,223,128,2,130,353
11/03/2022,BTV,VT,ANE,EN,Combined TRACON& Tower with Radar,49,20,22,17,108,0,4,129,7,140,49,24,151,24,248,133,19,152,400
11/04/2022,BTV,VT,ANE,EN,Combined TRACON& Tower with Radar,47,15,28,13,103,0,3,134,5,142,47,18,162,18,245,78,0,78,323
11/05/2022,BTV,VT,ANE,EN,Combined TRACON& Tower with Radar,40,7,10,9,66,0,3,35,4,42,40,10,45,13,108,29,0,29,137
11/06/2022,BTV,VT,ANE,EN,Combined TRACON& Tower with Radar,45,17,20,4,86,0,2,8,0,10,45,19,28,4,96,23,6,29,125
11/07/2022,BTV,VT,ANE,EN,Combined TRACON& Tower with Radar,48,9,17,3,77,0,0,72,12,84,48,9,89,15,161,106,4,110,271
11/08/2022,BTV,VT,ANE,EN,Combined TRACON& Tower with Radar,51,19,24,16,110,0,2,103,12,117,51,21,127,28,227,118,0,118,345
11/09/2022,BTV,VT,ANE,EN,Combined TRACON& Tower with Radar,51,20,32,17,120,0,4,154,8,166,51,24,186,25,286,181,0,181,467
11/10/2022,BTV,VT,ANE,EN,Combined TRACON& Tower with Radar,53,15,22,7,97,0,3,79,4,86,53,18,101,11,183,128,0,128,311
11/11/2022,BTV,VT,ANE,EN,Combined TRACON& Tower with Radar,50,9,10,2,71,0,0,82,0,82,50,9,92,2,153,130,0,130,283
11/12/2022,BTV,VT,ANE,EN,Combined TRACON& Tower with Radar,39,8,9,0,56,0,0,10,0,10,39,8,19,0,66,100,0,100,166
11/13/2022,BTV,VT,ANE,EN,Combined TRACON& Tower with Radar,43,7,17,1,68,0,0,13,0,13,43,7,30,1,81,139,0,139,220
11/14/2022,BTV,VT,ANE,EN,Combined TRACON& Tower with Radar,51,4,26,1,82,0,3,113,1,117,51,7,139,2,199,114,0,114,313
11/15/2022,BTV,VT,ANE,EN,Combined TRACON& Tower with Radar,52,12,28,13,105,0,2,138,4,144,52,14,166,17,249,188,1,189,438
11/16/2022,BTV,VT,ANE,EN,Combined TRACON& Tower with Radar,50,13,6,0,69,0,0,0,0,0,50,13,6,0,69,0,0,0,69
11/17/2022,BTV,VT,ANE,EN,Combined TRACON& Tower with Radar,53,19,20,18,110,0,0,44,10,54,53,19,64,28,164,54,30,84,248
11/18/2022,BTV,VT,ANE,EN,Combined TRACON& Tower with Radar,50,14,25,9,98,0,0,55,2,57,50,14,80,11,155,139,0,139,294
11/19/2022,BTV,VT,ANE,EN,Combined TRACON& Tower with Radar,42,13,13,0,68,0,0,89,0,89,42,13,102,0,157,105,0,105,262
11/20/2022,BTV,VT,ANE,EN,Combined TRACON& Tower with Radar,45,6,27,0,78,0,0,10,1,11,45,6,37,1,89,2,0,2,91
11/21/2022,BTV,VT,ANE,EN,Combined TRACON& Tower with Radar,52,10,3,0,65,0,0,46,2,48,52,10,49,2,113,37,0,37,150
11/22/2022,BTV,VT,ANE,EN,Combined TRACON& Tower with Radar,49,20,31,18,118,0,8,147,20,175,49,28,178,38,293,125,0,125,418
11/23/2022,BTV,VT,ANE,EN,Combined TRACON& Tower with Radar,51,11,27,7,96,0,0,32,0,32,51,11,59,7,128,258,0,258,386
11/24/2022,BTV,VT,ANE,EN,Combined TRACON& Tower with Radar,26,4,5,0,35,0,6,30,0,36,26,10,35,0,71,30,0,30,101
11/25/2022,BTV,VT,ANE,EN,Combined TRACON& Tower with Radar,37,11,15,0,63,0,0,2,0,2,37,11,17,0,65,0,0,0,65
11/26/2022,BTV,VT,ANE,EN,Combined TRACON& Tower with Radar,40,13,24,0,77,0,3,74,0,77,40,16,98,0,154,130,0,130,284
11/27/2022,BTV,VT,ANE,EN,Combined TRACON& Tower with Radar,42,11,22,2,77,0,2,46,0,48,42,13,68,2,125,82,0,82,207
11/28/2022,BTV,VT,ANE,EN,Combined TRACON& Tower with Radar,54,10,15,1,80,0,0,28,0,28,54,10,43,1,108,70,0,70,178
11/29/2022,BTV,VT,ANE,EN,Combined TRACON& Tower with Radar,53,12,28,12,105,0,0,113,14,127,53,12,141,26,232,231,15,246,478
11/30/2022,BTV,VT,ANE,EN,Combined TRACON& Tower with Radar,42,21,9,4,76,0,0,5,0,5,42,21,14,4,81,59,0,59,140
12/01/2022,BTV,VT,ANE,EN,Combined TRACON& Tower with Radar,50,12,11,0,73,0,0,23,7,30,50,12,34,7,103,49,19,68,171
12/02/2022,BTV,VT,ANE,EN,Combined TRACON& Tower with Radar,51,9,41,8,109,0,0,118,0,118,51,9,159,8,227,136,6,142,369
12/03/2022,BTV,VT,ANE,EN,Combined TRACON& Tower with Radar,40,12,5,1,58,0,0,0,0,0,40,12,5,1,58,0,0,0,58
12/04/2022,BTV,VT,ANE,EN,Combined TRACON& Tower with Radar,42,15,18,1,76,0,1,90,0,91,42,16,108,1,167,126,0,126,293
12/05/2022,BTV,VT,ANE,EN,Combined TRACON& Tower with Radar,47,10,25,3,85,0,2,86,10,98,47,12,111,13,183,130,0,130,313
12/06/2022,BTV,VT,ANE,EN,Combined TRACON& Tower with Radar,47,10,12,17,86,0,0,36,2,38,47,10,48,19,124,225,0,225,349
12/07/2022,BTV,VT,ANE,EN,Combined TRACON& Tower with Radar,49,14,19,0,82,0,0,0,0,0,49,14,19,0,82,20,0,20,102
12/08/2022,BTV,VT,ANE,EN,Combined TRACON& Tower with Radar,47,18,16,17,98,0,0,86,10,96,47,18,102,27,194,228,0,228,422
12/09/2022,BTV,VT,ANE,EN,Combined TRACON& Tower with Radar,48,23,34,5,110,0,4,159,5,168,48,27,193,10,278,120,1,121,399
12/10/2022,BTV,VT,ANE,EN,Combined TRACON& Tower with Radar,36,12,17,0,65,0,0,106,0,106,36,12,123,0,171,165,0,165,336
12/11/2022,BTV,VT,ANE,EN,Combined TRACON& Tower with Radar,40,14,11,0,65,0,0,17,0,17,40,14,28,0,82,76,0,76,158
12/12/2022,BTV,VT,ANE,EN,Combined TRACON& Tower with Radar,46,17,26,2,91,0,5,91,8,104,46,22,117,10,195,99,0,99,294
12/13/2022,BTV,VT,ANE,EN,Combined TRACON& Tower with Radar,47,14,30,12,103,0,0,123,1,124,47,14,153,13,227,194,4,198,425
12/14/2022,BTV,VT,ANE,EN,Combined TRACON& Tower with Radar,50,18,32,15,115,0,1,69,1,71,50,19,101,16,186,110,0,110,296
12/15/2022,BTV,VT,ANE,EN,Combined TRACON& Tower with Radar,46,22,21,27,116,0,0,117,6,123,46,22,138,33,239,135,6,141,380
12/16/2022,BTV,VT,ANE,EN,Combined TRACON& Tower with Radar,44,10,4,0,58,0,0,0,0,0,44,10,4,0,58,0,0,0,58
12/17/2022,BTV,VT,ANE,EN,Combined TRACON& Tower with Radar,48,15,14,0,77,1,0,1,0,2,49,15,15,0,79,0,0,0,79
12/18/2022,BTV,VT,ANE,EN,Combined TRACON& Tower with Radar,41,20,9,0,70,0,1,36,0,37,41,21,45,0,107,63,0,63,170
12/19/2022,BTV,VT,ANE,EN,Combined TRACON& Tower with Radar,44,27,18,0,89,0,0,53,0,53,44,27,71,0,142,85,0,85,227
12/20/2022,BTV,VT,ANE,EN,Combined TRACON& Tower with Radar,46,21,16,8,91,0,0,83,11,94,46,21,99,19,185,172,3,175,360
12/21/2022,BTV,VT,ANE,EN,Combined TRACON& Tower with Radar,47,26,21,16,110,0,3,128,9,140,47,29,149,25,250,152,10,162,412
12/22/2022,BTV,VT,ANE,EN,Combined TRACON& Tower with Radar,44,27,13,14,98,0,1,125,8,134,44,28,138,22,232,164,0,164,396
12/23/2022,BTV,VT,ANE,EN,Combined TRACON& Tower with Radar,24,11,2,0,37,0,0,0,0,0,24,11,2,0,37,0,0,0,37
12/24/2022,BTV,VT,ANE,EN,Combined TRACON& Tower with Radar,26,12,5,0,43,0,0,2,0,2,26,12,7,0,45,0,0,0,45
12/25/2022,BTV,VT,ANE,EN,Combined TRACON& Tower with Radar,18,11,5,0,34,0,0,1,0,1,18,11,6,0,35,0,0,0,35
12/26/2022,BTV,VT,ANE,EN,Combined TRACON& Tower with Radar,32,26,22,0,80,0,1,43,0,44,32,27,65,0,124,31,0,31,155
12/27/2022,BTV,VT,ANE,EN,Combined TRACON& Tower with Radar,34,16,23,0,73,0,0,54,0,54,34,16,77,0,127,129,0,129,256
12/28/2022,BTV,VT,ANE,EN,Combined TRACON& Tower with Radar,35,15,14,8,72,0,2,31,0,33,35,17,45,8,105,73,0,73,178
12/29/2022,BTV,VT,ANE,EN,Combined TRACON& Tower with Radar,33,22,16,18,89,0,3,103,3,109,33,25,119,21,198,36,4,40,238
12/30/2022,BTV,VT,ANE,EN,Combined TRACON& Tower with Radar,34,14,19,12,79,0,2,84,4,90,34,16,103,16,169,102,0,102,271
12/31/2022,BTV,VT,ANE,EN,Combined TRACON& Tower with Radar,29,10,9,0,48,0,1,16,0,17,29,11,25,0,65,18,29,47,112
01/01/2023,BTV,VT,ANE,EN,Combined TRACON& Tower with Radar,31,18,7,0,56,0,0,8,0,8,31,18,15,0,64,44,0,44,108
01/02/2023,BTV,VT,ANE,EN,Combined TRACON& Tower with Radar,34,10,25,0,69,0,0,65,0,65,34,10,90,0,134,151,0,151,285
01/03/2023,BTV,VT,ANE,EN,Combined TRACON& Tower with Radar,36,12,19,0,67,0,0,77,4,81,36,12,96,4,148,256,12,268,416
01/04/2023,BTV,VT,ANE,EN,Combined TRACON& Tower with Radar,35,22,5,0,62,0,0,0,0,0,35,22,5,0,62,0,0,0,62
01/05/2023,BTV,VT,ANE,EN,Combined TRACON& Tower with Radar,29,21,20,17,87,0,0,17,2,19,29,21,37,19,106,134,0,134,240
01/06/2023,BTV,VT,ANE,EN,Combined TRACON& Tower with Radar,31,26,22,13,92,0,1,64,4,69,31,27,86,17,161,207,8,215,376
01/07/2023,BTV,VT,ANE,EN,Combined TRACON& Tower with Radar,33,11,9,13,66,0,0,21,0,21,33,11,30,13,87,128,0,128,215
01/08/2023,BTV,VT,ANE,EN,Combined TRACON& Tower with Radar,40,13,20,0,73,0,1,101,0,102,40,14,121,0,175,188,0,188,363
01/09/2023,BTV,VT,ANE,EN,Combined TRACON& Tower with Radar,43,13,19,1,76,0,0,99,5,104,43,13,118,6,180,297,0,297,477
01/10/2023,BTV,VT,ANE,EN,Combined TRACON& Tower with Radar,46,17,17,7,87,0,2,99,16,117,46,19,116,23,204,152,1,153,357
01/11/2023,BTV,VT,ANE,EN,Combined TRACON& Tower with Radar,41,20,14,13,88,0,2,138,4,144,41,22,152,17,232,112,0,112,344
01/12/2023,BTV,VT,ANE,EN,Combined TRACON& Tower with Radar,45,17,18,4,84,0,0,12,2,14,45,17,30,6,98,151,0,151,249
01/13/2023,BTV,VT,ANE,EN,Combined TRACON& Tower with Radar,46,28,10,0,84,0,0,0,0,0,46,28,10,0,84,0,0,0,84
01/14/2023,BTV,VT,ANE,EN,Combined TRACON& Tower with Radar,35,20,12,0,67,0,0,2,0,2,35,20,14,0,69,0,0,0,69
01/15/2023,BTV,VT,ANE,EN,Combined TRACON& Tower with Radar,40,15,35,0,90,0,0,40,0,40,40,15,75,0,130,91,0,91,221
01/16/2023,BTV,VT,ANE,EN,Combined TRACON& Tower with Radar,41,33,27,2,103,0,1,72,0,73,41,34,99,2,176,131,0,131,307
01/17/2023,BTV,VT,ANE,EN,Combined TRACON& Tower with Radar,42,28,17,10,97,0,0,142,12,154,42,28,159,22,251,120,8,128,379
01/18/2023,BTV,VT,ANE,EN,Combined TRACON& Tower with Radar,42,24,14,12,92,0,0,27,0,27,42,24,41,12,119,202,0,202,321
01/19/2023,BTV,VT,ANE,EN,Combined TRACON& Tower with Radar,43,30,15,3,91,0,0,117,19,136,43,30,132,22,227,216,0,216,443
01/20/2023,BTV,VT,ANE,EN,Combined TRACON& Tower with Radar,42,24,10,0,76,0,0,2,0,2,42,24,12,0,78,6,0,6,84
01/21/2023,BTV,VT,ANE,EN,Combined TRACON& Tower with Radar,34,19,13,0,66,0,0,31,0,31,34,19,44,0,97,195,0,195,292
01/22/2023,BTV,VT,ANE,EN,Combined TRACON& Tower with Radar,40,20,7,0,67,0,0,31,0,31,40,20,38,0,98,99,0,99,197
01/23/2023,BTV,VT,ANE,EN,Combined TRACON& Tower with Radar,41,11,10,0,62,0,0,7,0,7,41,11,17,0,69,0,0,0,69
01/24/2023,BTV,VT,ANE,EN,Combined TRACON& Tower with Radar,43,25,14,12,94,0,0,52,3,55,43,25,66,15,149,58,15,73,222
01/25/2023,BTV,VT,ANE,EN,Combined TRACON& Tower with Radar,37,15,12,6,70,0,0,74,4,78,37,15,86,10,148,106,0,106,254
01/26/2023,BTV,VT,ANE,EN,Combined TRACON& Tower with Radar,45,19,4,0,68,0,0,4,0,4,45,19,8,0,72,0,0,0,72
01/27/2023,BTV,VT,ANE,EN,Combined TRACON& Tower with Radar,46,28,23,5,102,0,3,134,4,141,46,31,157,9,243,155,0,155,398
01/28/2023,BTV,VT,ANE,EN,Combined TRACON& Tower with Radar,35,23,14,1,73,0,2,38,0,40,35,25,52,1,113,95,1,96,209
01/29/2023,BTV,VT,ANE,EN,Combined TRACON& Tower with Radar,40,24,8,0,72,0,0,14,0,14,40,24,22,0,86,100,0,100,186
01/30/2023,BTV,VT,ANE,EN,Combined TRACON& Tower with Radar,43,19,17,0,79,0,0,15,2,17,43,19,32,2,96,74,7,81,177
01/31/2023,BTV,VT,ANE,EN,Combined TRACON& Tower with Radar,44,20,18,11,93,0,1,132,18,151,44,21,150,29,244,76,0,76,320
02/01/2023,BTV,VT,ANE,EN,Combined TRACON& Tower with Radar,43,19,13,10,85,0,3,119,6,128,43,22,132,16,213,97,0,97,310
02/02/2023,BTV,VT,ANE,EN,Combined TRACON& Tower with Radar,46,15,14,21,96,0,2,93,7,102,46,17,107,28,198,53,5,58,256
02/03/2023,BTV,VT,ANE,EN,Combined TRACON& Tower with Radar,38,27,9,3,77,0,1,5,2,8,38,28,14,5,85,0,14,14,99
02/04/2023,BTV,VT,ANE,EN,Combined TRACON& Tower with Radar,31,17,4,9,61,0,1,11,0,12,31,18,15,9,73,0,0,0,73
02/05/2023,BTV,VT,ANE,EN,Combined TRACON& Tower with Radar,36,22,21,9,88,0,1,42,12,55,36,23,63,21,143,37,0,37,180
02/06/2023,BTV,VT,ANE,EN,Combined TRACON& Tower with Radar,37,24,19,0,80,0,1,102,1,104,37,25,121,1,184,131,0,131,315
02/07/2023,BTV,VT,ANE,EN,Combined TRACON& Tower with Radar,40,29,11,6,86,0,1,83,6,90,40,30,94,12,176,107,0,107,283
02/08/2023,BTV,VT,ANE,EN,Combined TRACON& Tower with Radar,40,29,17,9,95,0,0,138,2,140,40,29,155,11,235,218,0,218,453
02/09/2023,BTV,VT,ANE,EN,Combined TRACON& Tower with Radar,39,27,14,11,91,0,0,54,6,60,39,27,68,17,151,104,0,104,255
02/10/2023,BTV,VT,ANE,EN,Combined TRACON& Tower with Radar,45,24,16,7,92,0,1,22,0,23,45,25,38,7,115,85,0,85,200
02/11/2023,BTV,VT,ANE,EN,Combined TRACON& Tower with Radar,39,13,10,0,62,0,3,113,1,117,39,16,123,1,179,117,0,117,296
02/12/2023,BTV,VT,ANE,EN,Combined TRACON& Tower with Radar,41,14,19,0,74,0,3,123,2,128,41,17,142,2,202,50,0,50,252
02/13/2023,BTV,VT,ANE,EN,Combined TRACON& Tower with Radar,44,16,18,5,83,0,2,141,8,151,44,18,159,13,234,154,0,154,388
02/14/2023,BTV,VT,ANE,EN,Combined TRACON& Tower with Radar,46,21,16,16,99,0,1,92,4,97,46,22,108,20,196,141,2,143,339
02/15/2023,BTV,VT,ANE,EN,Combined TRACON& Tower with Radar,46,28,8,9,91,0,3,26,13,42,46,31,34,22,133,23,0,23,156
02/16/2023,BTV,VT,ANE,EN,Combined TRACON& Tower with Radar,45,19,28,7,99,0,1,117,6,124,45,20,145,13,223,264,3,267,490
02/17/2023,BTV,VT,ANE,EN,Combined TRACON& Tower with Radar,45,29,16,1,91,0,0,0,0,0,45,29,16,1,91,0,0,0,91
02/18/2023,BTV,VT,ANE,EN,Combined TRACON& Tower with Radar,38,13,26,2,79,0,8,110,0,118,38,21,136,2,197,170,0,170,367
02/19/2023,BTV,VT,ANE,EN,Combined TRACON& Tower with Radar,41,16,17,0,74,0,2,65,1,68,41,18,82,1,142,95,0,95,237
02/20/2023,BTV,VT,ANE,EN,Combined TRACON& Tower with Radar,44,19,34,0,97,0,2,90,2,94,44,21,124,2,191,169,0,169,360
02/21/2023,BTV,VT,ANE,EN,Combined TRACON& Tower with Radar,45,21,18,8,92,0,0,101,5,106,45,21,119,13,198,152,0,152,350
02/22/2023,BTV,VT,ANE,EN,Combined TRACON& Tower with Radar,40,21,18,9,88,0,1,117,6,124,40,22,135,15,212,188,0,188,400
02/23/2023,BTV,VT,ANE,EN,Combined TRACON& Tower with Radar,43,23,3,1,70,0,0,0,0,0,43,23,3,1,70,0,0,0,70
02/24/2023,BTV,VT,ANE,EN,Combined TRACON& Tower with Radar,43,33,27,7,110,0,0,37,3,40,43,33,64,10,150,81,0,81,231
02/25/2023,BTV,VT,ANE,EN,Combined TRACON& Tower with Radar,39,26,9,0,74,0,0,21,0,21,39,26,30,0,95,22,0,22,117
02/26/2023,BTV,VT,ANE,EN,Combined TRACON& Tower with Radar,43,25,16,0,84,0,0,0,0,0,43,25,16,0,84,7,0,7,91
02/27/2023,BTV,VT,ANE,EN,Combined TRACON& Tower with Radar,39,17,11,0,67,0,0,127,2,129,39,17,138,2,196,109,0,109,305
02/28/2023,BTV,VT,ANE,EN,Combined TRACON& Tower with Radar,38,15,7,0,60,0,0,0,0,0,38,15,7,0,60,0,0,0,60
03/01/2023,BTV,VT,ANE,EN,Combined TRACON& Tower with Radar,46,24,17,4,91,0,0,104,8,112,46,24,121,12,203,175,0,175,378
03/02/2023,BTV,VT,ANE,EN,Combined TRACON& Tower with Radar,44,28,14,7,93,0,0,2,0,2,44,28,16,7,95,50,0,50,145
03/03/2023,BTV,VT,ANE,EN,Combined TRACON& Tower with Radar,38,21,16,11,86,1,2,140,4,147,39,23,156,15,233,224,1,225,458
03/04/2023,BTV,VT,ANE,EN,Combined TRACON& Tower with Radar,29,14,1,0,44,0,0,0,0,0,29,14,1,0,44,0,0,0,44
03/05/2023,BTV,VT,ANE,EN,Combined TRACON& Tower with Radar,40,29,21,4,94,0,1,38,0,39,40,30,59,4,133,164,0,164,297
03/06/2023,BTV,VT,ANE,EN,Combined TRACON& Tower with Radar,44,15,18,2,79,0,1,114,2,117,44,16,132,4,196,186,0,186,382
03/07/2023,BTV,VT,ANE,EN,Combined TRACON& Tower with Radar,44,18,21,15,98,0,1,8,1,10,44,19,29,16,108,10,0,10,118
03/08/2023,BTV,VT,ANE,EN,Combined TRACON& Tower with Radar,45,17,18,17,97,0,1,25,0,26,45,18,43,17,123,62,0,62,185
03/09/2023,BTV,VT,ANE,EN,Combined TRACON& Tower with Radar,45,16,19,16,96,0,3,63,9,75,45,19,82,25,171,182,0,182,353
03/10/2023,BTV,VT,ANE,EN,Combined TRACON& Tower with Radar,43,27,30,8,108,0,1,152,12,165,43,28,182,20,273,203,0,203,476
03/11/2023,BTV,VT,ANE,EN,Combined TRACON& Tower with Radar,34,25,11,0,70,0,0,89,0,89,34,25,100,0,159,146,0,146,305
03/12/2023,BTV,VT,ANE,EN,Combined TRACON& Tower with Radar,40,15,22,0,77,0,3,106,0,109,40,18,128,0,186,100,0,100,286
03/13/2023,BTV,VT,ANE,EN,Combined TRACON& Tower with Radar,42,8,13,0,63,0,1,55,0,56,42,9,68,0,119,308,0,308,427
03/14/2023,BTV,VT,ANE,EN,Combined TRACON& Tower with Radar,21,4,8,0,33,0,0,0,0,0,21,4,8,0,33,0,0,0,33
03/15/2023,BTV,VT,ANE,EN,Combined TRACON& Tower with Radar,33,14,11,14,72,0,1,12,0,13,33,15,23,14,85,0,0,0,85
03/16/2023,BTV,VT,ANE,EN,Combined TRACON& Tower with Radar,43,24,29,18,114,0,2,72,1,75,43,26,101,19,189,59,0,59,248
03/17/2023,BTV,VT,ANE,EN,Combined TRACON& Tower with Radar,45,23,15,10,93,0,1,82,0,83,45,24,97,10,176,212,2,214,390
03/18/2023,BTV,VT,ANE,EN,Combined TRACON& Tower with Radar,35,19,8,2,64,0,1,95,1,97,35,20,103,3,161,132,1,133,294
03/19/2023,BTV,VT,ANE,EN,Combined TRACON& Tower with Radar,39,19,11,1,70,0,0,19,0,19,39,19,30,1,89,22,0,22,111
03/20/2023,BTV,VT,ANE,EN,Combined TRACON& Tower with Radar,44,9,29,2,84,0,2,144,1,147,44,11,173,3,231,215,0,215,446
03/21/2023,BTV,VT,ANE,EN,Combined TRACON& Tower with Radar,45,19,19,16,99,0,1,121,16,138,45,20,140,32,237,150,2,152,389
03/22/2023,BTV,VT,ANE,EN,Combined TRACON& Tower with Radar,44,19,23,8,94,0,4,163,2,169,44,23,186,10,263,148,0,148,411
03/23/2023,BTV,VT,ANE,EN,Combined TRACON& Tower with Radar,46,18,15,10,89,0,1,18,0,19,46,19,33,10,108,92,0,92,200
03/24/2023,BTV,VT,ANE,EN,Combined TRACON& Tower with Radar,44,16,19,18,97,0,1,131,7,139,44,17,150,25,236,194,0,194,430
03/25/2023,BTV,VT,ANE,EN,Combined TRACON& Tower with Radar,36,13,9,0,58,0,0,46,0,46,36,13,55,0,104,16,0,16,120
03/26/2023,BTV,VT,ANE,EN,Combined TRACON& Tower with Radar,42,22,10,0,74,0,0,6,0,6,42,22,16,0,80,16,0,16,96
03/27/2023,BTV,VT,ANE,EN,Combined TRACON& Tower with Radar,45,16,15,0,76,0,1,141,6,148,45,17,156,6,224,116,0,116,340
03/28/2023,BTV,VT,ANE,EN,Combined TRACON& Tower with Radar,48,11,35,16,110,0,2,143,12,157,48,13,178,28,267,104,0,104,371
03/29/2023,BTV,VT,ANE,EN,Combined TRACON& Tower with Radar,49,21,31,17,118,1,2,110,7,120,50,23,141,24,238,162,0,162,400
03/30/2023,BTV,VT,ANE,EN,Combined TRACON& Tower with Radar,46,27,40,15,128,0,4,68,12,84,46,31,108,27,212,34,1,35,247
03/31/2023,BTV,VT,ANE,EN,Combined TRACON& Tower with Radar,43,23,19,9,94,0,3,85,1,89,43,26,104,10,183,107,0,107,290
04/01/2023,BTV,VT,ANE,EN,Combined TRACON& Tower with Radar,39,15,4,10,68,0,1,2,2,5,39,16,6,12,73,0,0,0,73
04/02/2023,BTV,VT,ANE,EN,Combined TRACON& Tower with Radar,43,11,13,4,71,0,2,77,4,83,43,13,90,8,154,64,0,64,218
04/03/2023,BTV,VT,ANE,EN,Combined TRACON& Tower with Radar,46,10,18,12,86,0,3,40,8,51,46,13,58,20,137,33,4,37,174
04/04/2023,BTV,VT,ANE,EN,Combined TRACON& Tower with Radar,50,9,23,4,86,0,3,143,5,151,50,12,166,9,237,179,0,179,416
04/05/2023,BTV,VT,ANE,EN,Combined TRACON& Tower with Radar,48,11,13,14,86,0,1,14,0,15,48,12,27,14,101,25,0,25,126
04/06/2023,BTV,VT,ANE,EN,Combined TRACON& Tower with Radar,55,17,38,9,119,0,2,92,6,100,55,19,130,15,219,175,0,175,394
04/07/2023,BTV,VT,ANE,EN,Combined TRACON& Tower with Radar,52,6,9,0,67,0,3,34,2,39,52,9,43,2,106,85,0,85,191
04/08/2023,BTV,VT,ANE,EN,Combined TRACON& Tower with Radar,41,9,13,0,63,0,1,113,0,114,41,10,126,0,177,71,0,71,248
04/09/2023,BTV,VT,ANE,EN,Combined TRACON& Tower with Radar,48,7,16,0,71,0,0,106,1,107,48,7,122,1,178,130,0,130,308
04/10/2023,BTV,VT,ANE,EN,Combined TRACON& Tower with Radar,51,14,12,4,81,0,4,161,0,165,51,18,173,4,246,197,19,216,462
04/11/2023,BTV,VT,ANE,EN,Combined TRACON& Tower with Radar,56,15,16,19,106,0,4,75,10,89,56,19,91,29,195,74,2,76,271
04/12/2023,BTV,VT,ANE,EN,Combined TRACON& Tower with Radar,52,14,29,15,110,0,5,116,8,129,52,19,145,23,239,189,0,189,428
04/13/2023,BTV,VT,ANE,EN,Combined TRACON& Tower with Radar,51,14,28,19,112,0,4,163,11,178,51,18,191,30,290,254,2,256,546
04/14/2023,BTV,VT,ANE,EN,Combined TRACON& Tower with Radar,51,12,27,11,101,0,4,160,8,172,51,16,187,19,273,229,0,229,502
04/15/2023,BTV,VT,ANE,EN,Combined TRACON& Tower with Radar,37,12,19,0,68,0,0,134,1,135,37,12,153,1,203,160,0,160,363
04/16/2023,BTV,VT,ANE,EN,Combined TRACON& Tower with Radar,47,13,15,0,75,0,0,136,0,136,47,13,151,0,211,132,0,132,343
04/17/2023,BTV,VT,ANE,EN,Combined TRACON& Tower with Radar,50,10,16,0,76,0,0,14,0,14,50,10,30,0,90,61,0,61,151
04/18/2023,BTV,VT,ANE,EN,Combined TRACON& Tower with Radar,51,14,14,14,93,0,2,90,2,94,51,16,104,16,187,196,4,200,387
04/19/2023,BTV,VT,ANE,EN,Combined TRACON& Tower with Radar,51,19,14,10,94,0,2,90,4,96,51,21,104,14,190,260,0,260,450
04/20/2023,BTV,VT,ANE,EN,Combined TRACON& Tower with Radar,50,9,31,13,103,0,4,138,17,159,50,13,169,30,262,234,0,234,496
04/21/2023,BTV,VT,ANE,EN,Combined TRACON& Tower with Radar,52,11,34,21,118,0,3,150,3,156,52,14,184,24,274,138,10,148,422
04/22/2023,BTV,VT,ANE,EN,Combined TRACON& Tower with Radar,38,11,18,0,67,0,0,42,0,42,38,11,60,0,109,72,0,72,181
04/23/2023,BTV,VT,ANE,EN,Combined TRACON& Tower with Radar,44,8,11,0,63,0,0,1,0,1,44,8,12,0,64,24,0,24,88
04/24/2023,BTV,VT,ANE,EN,Combined TRACON& Tower with Radar,51,13,21,0,85,0,1,12,0,13,51,14,33,0,98,101,0,101,199
04/25/2023,BTV,VT,ANE,EN,Combined TRACON& Tower with Radar,53,13,15,0,81,0,1,41,10,52,53,14,56,10,133,229,0,229,362
04/26/2023,BTV,VT,ANE,EN,Combined TRACON& Tower with Radar,52,10,16,9,87,0,5,116,3,124,52,15,132,12,211,128,6,134,345
04/27/2023,BTV,VT,ANE,EN,Combined TRACON& Tower with Radar,51,17,22,9,99,0,4,126,6,136,51,21,148,15,235,197,22,219,454
04/28/2023,BTV,VT,ANE,EN,Combined TRACON& Tower with Radar,50,13,22,6,91,0,4,166,0,170,50,17,188,6,261,171,2,173,434
04/29/2023,BTV,VT,ANE,EN,Combined TRACON& Tower with Radar,36,18,7,0,61,0,1,34,0,35,36,19,41,0,96,46,0,46,142
04/30/2023,BTV,VT,ANE,EN,Combined TRACON& Tower with Radar,46,11,6,0,63,0,0,9,0,9,46,11,15,0,72,5,0,5,77
05/01/2023,BTV,VT,ANE,EN,Combined TRACON& Tower with Radar,50,13,10,0,73,0,2,18,0,20,50,15,28,0,93,78,0,78,171
05/02/2023,BTV,VT,ANE,EN,Combined TRACON& Tower with Radar,52,16,20,14,102,0,3,38,2,43,52,19,58,16,145,205,0,205,350
05/03/2023,BTV,VT,ANE,EN,Combined TRACON& Tower with Radar,50,14,23,15,102,0,4,27,0,31,50,18,50,15,133,235,0,235,368
05/04/2023,BTV,VT,ANE,EN,Combined TRACON& Tower with Radar,51,18,29,13,111,0,6,82,3,91,51,24,111,16,202,354,0,354,556
05/05/2023,BTV,VT,ANE,EN,Combined TRACON& Tower with Radar,50,12,23,10,95,0,2,139,2,143,50,14,162,12,238,150,0,150,388
05/06/2023,BTV,VT,ANE,EN,Combined TRACON& Tower with Radar,41,8,29,9,87,0,1,157,4,162,41,9,186,13,249,83,0,83,332
05/07/2023,BTV,VT,ANE,EN,Combined TRACON& Tower with Radar,46,18,30,4,98,0,1,114,2,117,46,19,144,6,215,100,0,100,315
05/08/2023,BTV,VT,ANE,EN,Combined TRACON& Tower with Radar,50,8,18,2,78,0,3,129,2,134,50,11,147,4,212,227,0,227,439
05/09/2023,BTV,VT,ANE,EN,Combined TRACON& Tower with Radar,50,15,35,5,105,0,3,124,11,138,50,18,159,16,243,133,2,135,378
05/10/2023,BTV,VT,ANE,EN,Combined TRACON& Tower with Radar,54,10,26,9,99,0,9,165,3,177,54,19,191,12,276,337,13,350,626
05/11/2023,BTV,VT,ANE,EN,Combined TRACON& Tower with Radar,54,16,22,7,99,0,6,150,6,162,54,22,172,13,261,236,0,236,497
05/12/2023,BTV,VT,ANE,EN,Combined TRACON& Tower with Radar,52,14,17,3,86,0,7,133,5,145,52,21,150,8,231,214,0,214,445
05/13/2023,BTV,VT,ANE,EN,Combined TRACON& Tower with Radar,42,6,20,0,68,0,1,70,1,72,42,7,90,1,140,118,0,118,258
05/14/2023,BTV,VT,ANE,EN,Combined TRACON& Tower with Radar,46,10,19,0,75,0,4,55,0,59,46,14,74,0,134,67,0,67,201
05/15/2023,BTV,VT,ANE,EN,Combined TRACON& Tower with Radar,50,8,14,5,77,0,8,109,3,120,50,16,123,8,197,133,0,133,330
05/16/2023,BTV,VT,ANE,EN,Combined TRACON& Tower with Radar,49,9,22,7,87,0,10,91,3,104,49,19,113,10,191,146,0,146,337
05/17/2023,BTV,VT,ANE,EN,Combined TRACON& Tower with Radar,52,12,13,8,85,0,5,69,2,76,52,17,82,10,161,102,1,103,264
05/18/2023,BTV,VT,ANE,EN,Combined TRACON& Tower with Radar,52,23,32,18,125,0,13,168,18,199,52,36,200,36,324,147,9,156,480
05/19/2023,BTV,VT,ANE,EN,Combined TRACON& Tower with Radar,54,24,20,5,103,0,4,51,3,58,54,28,71,8,161,10,0,10,171
05/20/2023,BTV,VT,ANE,EN,Combined TRACON& Tower with Radar,42,21,3,0,66,0,0,32,0,32,42,21,35,0,98,10,0,10,108
05/21/2023,BTV,VT,ANE,EN,Combined TRACON& Tower with Radar,52,15,25,0,92,0,1,60,0,61,52,16,85,0,153,147,0,147,300
05/22/2023,BTV,VT,ANE,EN,Combined TRACON& Tower with Radar,50,13,21,2,86,0,6,146,4,156,50,19,167,6,242,198,0,198,440
05/23/2023,BTV,VT,ANE,EN,Combined TRACON& Tower with Radar,50,15,27,8,100,0,4,182,7,193,50,19,209,15,293,220,0,220,513
05/24/2023,BTV,VT,ANE,EN,Combined TRACON& Tower with Radar,54,12,14,17,97,0,4,58,0,62,54,16,72,17,159,78,0,78,237
05/25/2023,BTV,VT,ANE,EN,Combined TRACON& Tower with Radar,53,18,9,5,85,0,4,122,2,128,53,22,131,7,213,184,4,188,401
05/26/2023,BTV,VT,ANE,EN,Combined TRACON& Tower with Radar,53,21,25,2,101,0,1,163,2,166,53,22,188,4,267,67,0,67,334
05/27/2023,BTV,VT,ANE,EN,Combined TRACON& Tower with Radar,43,10,24,0,77,0,5,108,0,113,43,15,132,0,190,104,0,104,294
05/28/2023,BTV,VT,ANE,EN,Combined TRACON& Tower with Radar,48,7,17,0,72,0,0,88,0,88,48,7,105,0,160,101,0,101,261
05/29/2023,BTV,VT,ANE,EN,Combined TRACON& Tower with Radar,47,13,34,0,94,0,0,118,0,118,47,13,152,0,212,95,0,95,307
05/30/2023,BTV,VT,ANE,EN,Combined TRACON& Tower with Radar,49,14,25,16,104,0,13,113,15,141,49,27,138,31,245,75,21,96,341
05/31/2023,BTV,VT,ANE,EN,Combined TRACON& Tower with Radar,52,18,21,19,110,0,6,140,6,152,52,24,161,25,262,111,13,124,386
06/01/2023,BTV,VT,ANE,EN,Combined TRACON& Tower with Radar,53,13,15,14,95,2,5,147,9,163,55,18,162,23,258,99,0,99,357
06/02/2023,BTV,VT,ANE,EN,Combined TRACON& Tower with Radar,60,13,19,9,101,0,7,106,3,116,60,20,125,12,217,113,0,113,330
06/03/2023,BTV,VT,ANE,EN,Combined TRACON& Tower with Radar,48,18,13,4,83,0,2,24,2,28,48,20,37,6,111,146,0,146,257
06/04/2023,BTV,VT,ANE,EN,Combined TRACON& Tower with Radar,50,15,26,3,94,0,4,45,4,53,50,19,71,7,147,157,0,157,304
06/05/2023,BTV,VT,ANE,EN,Combined TRACON& Tower with Radar,54,11,26,10,101,0,6,115,6,127,54,17,141,16,228,244,0,244,472
06/06/2023,BTV,VT,ANE,EN,Combined TRACON& Tower with Radar,50,13,25,3,91,0,5,93,8,106,50,18,118,11,197,131,0,131,328
06/07/2023,BTV,VT,ANE,EN,Combined TRACON& Tower with Radar,49,11,34,9,103,0,4,46,0,50,49,15,80,9,153,139,4,143,296
06/08/2023,BTV,VT,ANE,EN,Combined TRACON& Tower with Radar,54,12,47,6,119,0,3,35,0,38,54,15,82,6,157,130,0,130,287
06/09/2023,BTV,VT,ANE,EN,Combined TRACON& Tower with Radar,51,31,29,6,117,0,0,58,0,58,51,31,87,6,175,234,0,234,409
06/10/2023,BTV,VT,ANE,EN,Combined TRACON& Tower with Radar,51,22,38,2,113,0,3,59,0,62,51,25,97,2,175,157,0,157,332
06/11/2023,BTV,VT,ANE,EN,Combined TRACON& Tower with Radar,48,26,37,0,111,0,1,115,0,116,48,27,152,0,227,147,0,147,374
06/12/2023,BTV,VT,ANE,EN,Combined TRACON& Tower with Radar,53,14,22,1,90,0,7,125,1,133,53,21,147,2,223,130,0,130,353
06/13/2023,BTV,VT,ANE,EN,Combined TRACON& Tower with Radar,51,18,31,7,107,0,3,25,4,32,51,21,56,11,139,120,0,120,259
06/14/2023,BTV,VT,ANE,EN,Combined TRACON& Tower with Radar,55,15,20,14,104,0,6,98,6,110,55,21,118,20,214,119,4,123,337
06/15/2023,BTV,VT,ANE,EN,Combined TRACON& Tower with Radar,56,22,26,4,108,0,6,140,8,154,56,28,166,12,262,175,2,177,439
06/16/2023,BTV,VT,ANE,EN,Combined TRACON& Tower with Radar,52,19,29,8,108,0,5,110,0,115,52,24,139,8,223,128,0,128,351
06/17/2023,BTV,VT,ANE,EN,Combined TRACON& Tower with Radar,54,5,15,0,74,0,0,0,0,0,54,5,15,0,74,0,0,0,74
06/18/2023,BTV,VT,ANE,EN,Combined TRACON& Tower with Radar,48,12,33,0,93,0,0,23,0,23,48,12,56,0,116,47,0,47,163
06/19/2023,BTV,VT,ANE,EN,Combined TRACON& Tower with Radar,50,15,48,0,113,0,8,136,0,144,50,23,184,0,257,84,0,84,341
06/20/2023,BTV,VT,ANE,EN,Combined TRACON& Tower with Radar,51,13,24,6,94,0,4,170,3,177,51,17,194,9,271,153,0,153,424
06/21/2023,BTV,VT,ANE,EN,Combined TRACON& Tower with Radar,52,14,30,6,102,0,8,201,1,210,52,22,231,7,312,271,0,271,583
06/22/2023,BTV,VT,ANE,EN,Combined TRACON& Tower with Radar,58,17,32,10,117,1,4,217,5,227,59,21,249,15,344,158,0,158,502
06/23/2023,BTV,VT,ANE,EN,Combined TRACON& Tower with Radar,48,24,32,8,112,1,5,157,6,169,49,29,189,14,281,145,9,154,435
06/24/2023,BTV,VT,ANE,EN,Combined TRACON& Tower with Radar,51,16,22,8,97,0,1,9,0,10,51,17,31,8,107,117,7,124,231
06/25/2023,BTV,VT,ANE,EN,Combined TRACON& Tower with Radar,37,21,46,4,108,0,0,14,0,14,37,21,60,4,122,68,0,68,190
06/26/2023,BTV,VT,ANE,EN,Combined TRACON& Tower with Radar,43,9,22,2,76,0,2,30,0,32,43,11,52,2,108,30,0,30,138
06/27/2023,BTV,VT,ANE,EN,Combined TRACON& Tower with Radar,39,13,30,10,92,0,4,44,3,51,39,17,74,13,143,142,0,142,285
06/28/2023,BTV,VT,ANE,EN,Combined TRACON& Tower with Radar,43,26,19,11,99,0,5,72,7,84,43,31,91,18,183,167,0,167,350
06/29/2023,BTV,VT,ANE,EN,Combined TRACON& Tower with Radar,55,22,42,14,133,0,6,101,2,109,55,28,143,16,242,242,0,242,484
06/30/2023,BTV,VT,ANE,EN,Combined TRACON& Tower with Radar,47,28,46,12,133,0,1,188,2,191,47,29,234,14,324,133,10,143,467
07/01/2023,BTV,VT,ANE,EN,Combined TRACON& Tower with Radar,50,18,26,0,94,0,1,41,0,42,50,19,67,0,136,98,0,98,234
07/02/2023,BTV,VT,ANE,EN,Combined TRACON& Tower with Radar,46,15,11,0,72,0,0,10,0,10,46,15,21,0,82,10,0,10,92
07/03/2023,BTV,VT,ANE,EN,Combined TRACON& Tower with Radar,40,12,18,0,70,0,3,62,0,65,40,15,80,0,135,162,0,162,297
07/04/2023,BTV,VT,ANE,EN,Combined TRACON& Tower with Radar,38,8,11,0,57,0,0,57,2,59,38,8,68,2,116,91,0,91,207
07/05/2023,BTV,VT,ANE,EN,Combined TRACON& Tower with Radar,53,13,39,3,108,0,5,171,6,182,53,18,210,9,290,126,0,126,416
07/06/2023,BTV,VT,ANE,EN,Combined TRACON& Tower with Radar,63,14,28,8,113,0,4,146,13,163,63,18,174,21,276,221,2,223,499
07/07/2023,BTV,VT,ANE,EN,Combined TRACON& Tower with Radar,49,16,24,5,94,0,2,50,0,52,49,18,74,5,146,83,1,84,230
07/08/2023,BTV,VT,ANE,EN,Combined TRACON& Tower with Radar,50,12,30,5,97,0,0,100,1,101,50,12,130,6,198,87,0,87,285
07/09/2023,BTV,VT,ANE,EN,Combined TRACON& Tower with Radar,40,17,22,0,79,0,0,46,0,46,40,17,68,0,125,114,0,114,239
07/10/2023,BTV,VT,ANE,EN,Combined TRACON& Tower with Radar,51,16,27,0,94,0,0,0,0,0,51,16,27,0,94,0,0,0,94
07/11/2023,BTV,VT,ANE,EN,Combined TRACON& Tower with Radar,51,21,24,9,105,0,6,152,7,165,51,27,176,16,270,119,0,119,389
07/12/2023,BTV,VT,ANE,EN,Combined TRACON& Tower with Radar,55,22,29,9,115,0,5,223,7,235,55,27,252,16,350,124,4,128,478
07/13/2023,BTV,VT,ANE,EN,Combined TRACON& Tower with Radar,55,31,16,8,110,1,6,65,1,73,56,37,81,9,183,70,4,74,257
07/14/2023,BTV,VT,ANE,EN,Combined TRACON& Tower with Radar,44,24,24,4,96,0,2,135,10,147,44,26,159,14,243,84,0,84,327
07/15/2023,BTV,VT,ANE,EN,Combined TRACON& Tower with Radar,48,18,36,0,102,0,0,95,3,98,48,18,131,3,200,125,0,125,325
07/16/2023,BTV,VT,ANE,EN,Combined TRACON& Tower with Radar,39,24,18,0,81,1,0,7,0,8,40,24,25,0,89,8,0,8,97
07/17/2023,BTV,VT,ANE,EN,Combined TRACON& Tower with Radar,52,9,40,6,107,0,5,154,12,171,52,14,194,18,278,204,13,217,495
07/18/2023,BTV,VT,ANE,EN,Combined TRACON& Tower with Radar,49,22,18,4,93,0,3,44,2,49,49,25,62,6,142,115,0,115,257
07/19/2023,BTV,VT,ANE,EN,Combined TRACON& Tower with Radar,52,20,34,17,123,1,3,183,11,198,53,23,217,28,321,152,0,152,473
07/20/2023,BTV,VT,ANE,EN,Combined TRACON& Tower with Radar,55,15,42,25,137,0,13,200,7,220,55,28,242,32,357,199,8,207,564
07/21/2023,BTV,VT,ANE,EN,Combined TRACON& Tower with Radar,52,12,20,7,91,0,2,31,0,33,52,14,51,7,124,104,0,104,228
07/22/2023,BTV,VT,ANE,EN,Combined TRACON& Tower with Radar,51,11,45,1,108,0,4,58,0,62,51,15,103,1,170,167,0,167,337
07/23/2023,BTV,VT,ANE,EN,Combined TRACON& Tower with Radar,47,11,27,1,86,0,2,115,12,129,47,13,142,13,215,110,0,110,325
07/24/2023,BTV,VT,ANE,EN,Combined TRACON& Tower with Radar,54,12,29,1,96,0,4,119,0,123,54,16,148,1,219,124,0,124,343
07/25/2023,BTV,VT,ANE,EN,Combined TRACON& Tower with Radar,50,20,29,12,111,0,4,104,6,114,50,24,133,18,225,54,0,54,279
07/26/2023,BTV,VT,ANE,EN,Combined TRACON& Tower with Radar,52,15,36,13,116,0,6,167,11,184,52,21,203,24,300,51,2,53,353
07/27/2023,BTV,VT,ANE,EN,Combined TRACON& Tower with Radar,49,26,24,18,117,0,2,12,0,14,49,28,36,18,131,5,0,5,136
07/28/2023,BTV,VT,ANE,EN,Combined TRACON& Tower with Radar,49,19,32,9,109,0,5,142,7,154,49,24,174,16,263,102,0,102,365
07/29/2023,BTV,VT,ANE,EN,Combined TRACON& Tower with Radar,47,10,16,0,73,0,0,12,0,12,47,10,28,0,85,90,0,90,175
07/30/2023,BTV,VT,ANE,EN,Combined TRACON& Tower with Radar,52,21,40,0,113,0,7,115,1,123,52,28,155,1,236,95,0,95,331
07/31/2023,BTV,VT,ANE,EN,Combined TRACON& Tower with Radar,56,12,25,1,94,0,5,94,3,102,56,17,119,4,196,64,0,64,260
08/01/2023,BTV,VT,ANE,EN,Combined TRACON& Tower with Radar,53,18,33,11,115,0,5,179,9,193,53,23,212,20,308,56,0,56,364
08/02/2023,BTV,VT,ANE,EN,Combined TRACON& Tower with Radar,54,21,36,15,126,0,12,178,7,197,54,33,214,22,323,111,3,114,437
08/03/2023,BTV,VT,ANE,EN,Combined TRACON& Tower with Radar,57,23,29,17,126,0,4,100,0,104,57,27,129,17,230,11,0,11,241
08/04/2023,BTV,VT,ANE,EN,Combined TRACON& Tower with Radar,49,23,20,4,96,0,0,19,3,22,49,23,39,7,118,20,5,25,143
08/05/2023,BTV,VT,ANE,EN,Combined TRACON& Tower with Radar,56,16,25,15,112,0,3,119,3,125,56,19,144,18,237,50,1,51,288
08/06/2023,BTV,VT,ANE,EN,Combined TRACON& Tower with Radar,45,19,33,1,98,0,6,122,0,128,45,25,155,1,226,92,0,92,318
08/07/2023,BTV,VT,ANE,EN,Combined TRACON& Tower with Radar,48,12,40,0,100,0,3,68,0,71,48,15,108,0,171,85,0,85,256
08/08/2023,BTV,VT,ANE,EN,Combined TRACON& Tower with Radar,54,18,36,14,122,0,3,15,4,22,54,21,51,18,144,32,0,32,176
08/09/2023,BTV,VT,ANE,EN,Combined TRACON& Tower with Radar,53,16,32,14,115,1,7,168,3,179,54,23,200,17,294,93,2,95,389
08/10/2023,BTV,VT,ANE,EN,Combined TRACON& Tower with Radar,58,20,36,9,123,0,10,110,6,126,58,30,146,15,249,36,0,36,285
08/11/2023,BTV,VT,ANE,EN,Combined TRACON& Tower with Radar,52,23,48,5,128,0,6,131,2,139,52,29,179,7,267,13,0,13,280
08/12/2023,BTV,VT,ANE,EN,Combined TRACON& Tower with Radar,51,6,31,0,88,0,4,95,0,99,51,10,126,0,187,24,0,24,211
08/13/2023,BTV,VT,ANE,EN,Combined TRACON& Tower with Radar,49,18,59,2,128,0,5,51,2,58,49,23,110,4,186,51,0,51,237
08/14/2023,BTV,VT,ANE,EN,Combined TRACON& Tower with Radar,52,16,43,0,111,0,4,150,2,156,52,20,193,2,267,66,0,66,333
08/15/2023,BTV,VT,ANE,EN,Combined TRACON& Tower with Radar,49,15,26,9,99,0,5,96,1,102,49,20,122,10,201,75,2,77,278
08/16/2023,BTV,VT,ANE,EN,Combined TRACON& Tower with Radar,54,19,41,10,124,0,3,49,1,53,54,22,90,11,177,17,0,17,194
08/17/2023,BTV,VT,ANE,EN,Combined TRACON& Tower with Radar,56,27,47,19,149,0,11,105,6,122,56,38,152,25,271,82,1,83,354
08/18/2023,BTV,VT,ANE,EN,Combined TRACON& Tower with Radar,54,17,18,6,95,0,0,42,1,43,54,17,60,7,138,33,0,33,171
08/19/2023,BTV,VT,ANE,EN,Combined TRACON& Tower with Radar,52,20,27,2,101,0,2,17,2,21,52,22,44,4,122,8,0,8,130
08/20/2023,BTV,VT,ANE,EN,Combined TRACON& Tower with Radar,50,18,21,0,89,0,5,107,2,114,50,23,128,2,203,39,0,39,242
08/21/2023,BTV,VT,ANE,EN,Combined TRACON& Tower with Radar,55,20,34,4,113,0,7,82,0,89,55,27,116,4,202,54,0,54,256
08/22/2023,BTV,VT,ANE,EN,Combined TRACON& Tower with Radar,57,13,38,10,118,0,17,167,9,193,57,30,205,19,311,23,2,25,336
08/23/2023,BTV,VT,ANE,EN,Combined TRACON& Tower with Radar,53,11,20,13,97,0,6,196,4,206,53,17,216,17,303,71,0,71,374
08/24/2023,BTV,VT,ANE,EN,Combined TRACON& Tower with Radar,55,21,33,11,120,0,4,131,5,140,55,25,164,16,260,31,0,31,291
08/25/2023,BTV,VT,ANE,EN,Combined TRACON& Tower with Radar,51,24,42,6,123,0,0,5,0,5,51,24,47,6,128,0,0,0,128
08/26/2023,BTV,VT,ANE,EN,Combined TRACON& Tower with Radar,52,14,28,0,94,0,3,11,0,14,52,17,39,0,108,22,0,22,130
08/27/2023,BTV,VT,ANE,EN,Combined TRACON& Tower with Radar,47,15,50,0,112,0,2,34,0,36,47,17,84,0,148,0,0,0,148
08/28/2023,BTV,VT,ANE,EN,Combined TRACON& Tower with Radar,52,12,36,2,102,0,7,120,4,131,52,19,156,6,233,30,0,30,263
08/29/2023,BTV,VT,ANE,EN,Combined TRACON& Tower with Radar,53,21,28,16,118,0,7,113,13,133,53,28,141,29,251,104,0,104,355
08/30/2023,BTV,VT,ANE,EN,Combined TRACON& Tower with Radar,56,20,35,15,126,0,3,62,1,66,56,23,97,16,192,59,0,59,251
08/31/2023,BTV,VT,ANE,EN,Combined TRACON& Tower with Radar,59,20,29,16,124,0,9,166,5,180,59,29,195,21,304,53,0,53,357
