01/01/2020,BUF,NY,AEA,CE,Combined TRACON& Tower with Radar,92,22,0,0,114,0,1,2,0,3,92,23,2,0,117,0,0,0,117
01/02/2020,BUF,NY,AEA,CE,Combined TRACON& Tower with Radar,117,49,7,2,175,0,1,12,2,15,117,50,19,4,190,0,0,0,190
01/03/2020,BUF,NY,AEA,CE,Combined TRACON& Tower with Radar,122,44,22,0,188,0,2,0,0,2,122,46,22,0,190,0,0,0,190
01/04/2020,BUF,NY,AEA,CE,Combined TRACON& Tower with Radar,106,39,7,0,152,0,0,2,0,2,106,39,9,0,154,0,0,0,154
01/05/2020,BUF,NY,AEA,CE,Combined TRACON& Tower with Radar,106,37,4,0,147,0,2,6,0,8,106,39,10,0,155,0,0,0,155
01/06/2020,BUF,NY,AEA,CE,Combined TRACON& Tower with Radar,130,48,10,0,188,0,2,0,0,2,130,50,10,0,190,0,0,0,190
01/07/2020,BUF,NY,AEA,CE,Combined TRACON& Tower with Radar,131,44,13,0,188,0,4,30,2,36,131,48,43,2,224,0,0,0,224
01/08/2020,BUF,NY,AEA,CE,Combined TRACON& Tower with Radar,129,42,13,0,184,0,1,6,0,7,129,43,19,0,191,0,0,0,191
01/09/2020,BUF,NY,AEA,CE,Combined TRACON& Tower with Radar,126,47,12,0,185,0,2,15,0,17,126,49,27,0,202,0,0,0,202
01/10/2020,BUF,NY,AEA,CE,Combined TRACON& Tower with Radar,130,39,10,2,181,0,0,0,0,0,130,39,10,2,181,0,0,0,181
01/11/2020,BUF,NY,AEA,CE,Combined TRACON& Tower with Radar,115,28,4,0,147,0,0,1,0,1,115,28,5,0,148,0,0,0,148
01/12/2020,BUF,NY,AEA,CE,Combined TRACON& Tower with Radar,90,34,4,0,128,0,3,0,0,3,90,37,4,0,131,0,0,0,131
01/13/2020,BUF,NY,AEA,CE,Combined TRACON& Tower with Radar,130,44,10,0,184,0,1,0,1,2,130,45,10,1,186,0,0,0,186
01/14/2020,BUF,NY,AEA,CE,Combined TRACON& Tower with Radar,122,46,16,0,184,0,10,15,1,26,122,56,31,1,210,0,0,0,210
01/15/2020,BUF,NY,AEA,CE,Combined TRACON& Tower with Radar,126,43,14,0,183,0,4,32,2,38,126,47,46,2,221,0,0,0,221
01/16/2020,BUF,NY,AEA,CE,Combined TRACON& Tower with Radar,118,39,9,0,166,0,2,0,0,2,118,41,9,0,168,0,0,0,168
01/17/2020,BUF,NY,AEA,CE,Combined TRACON& Tower with Radar,124,58,10,0,192,0,2,8,2,12,124,60,18,2,204,0,0,0,204
01/18/2020,BUF,NY,AEA,CE,Combined TRACON& Tower with Radar,111,18,0,0,129,0,0,0,0,0,111,18,0,0,129,0,0,0,129
01/19/2020,BUF,NY,AEA,CE,Combined TRACON& Tower with Radar,89,44,8,0,141,0,0,0,0,0,89,44,8,0,141,0,0,0,141
01/20/2020,BUF,NY,AEA,CE,Combined TRACON& Tower with Radar,122,42,26,0,190,0,4,16,0,20,122,46,42,0,210,0,0,0,210
01/21/2020,BUF,NY,AEA,CE,Combined TRACON& Tower with Radar,120,55,12,0,187,0,1,1,0,2,120,56,13,0,189,0,0,0,189
01/22/2020,BUF,NY,AEA,CE,Combined TRACON& Tower with Radar,128,43,23,0,194,0,5,10,0,15,128,48,33,0,209,0,0,0,209
01/23/2020,BUF,NY,AEA,CE,Combined TRACON& Tower with Radar,121,48,8,0,177,0,3,25,0,28,121,51,33,0,205,0,0,0,205
01/24/2020,BUF,NY,AEA,CE,Combined TRACON& Tower with Radar,127,40,23,2,192,0,2,22,0,24,127,42,45,2,216,0,0,0,216
01/25/2020,BUF,NY,AEA,CE,Combined TRACON& Tower with Radar,111,30,4,0,145,0,3,2,0,5,111,33,6,0,150,0,0,0,150
01/26/2020,BUF,NY,AEA,CE,Combined TRACON& Tower with Radar,105,43,11,0,159,0,0,1,0,1,105,43,12,0,160,0,0,0,160
01/27/2020,BUF,NY,AEA,CE,Combined TRACON& Tower with Radar,124,44,13,1,182,0,0,0,0,0,124,44,13,1,182,0,0,0,182
01/28/2020,BUF,NY,AEA,CE,Combined TRACON& Tower with Radar,123,51,13,1,188,0,2,1,1,4,123,53,14,2,192,0,0,0,192
01/29/2020,BUF,NY,AEA,CE,Combined TRACON& Tower with Radar,127,55,17,0,199,0,9,3,0,12,127,64,20,0,211,0,0,0,211
01/30/2020,BUF,NY,AEA,CE,Combined TRACON& Tower with Radar,128,49,24,0,201,0,7,29,0,36,128,56,53,0,237,0,0,0,237
01/31/2020,BUF,NY,AEA,CE,Combined TRACON& Tower with Radar,129,50,10,0,189,0,1,12,0,13,129,51,22,0,202,0,0,0,202
02/01/2020,BUF,NY,AEA,CE,Combined TRACON& Tower with Radar,109,30,3,0,142,0,0,6,0,6,109,30,9,0,148,0,0,0,148
02/02/2020,BUF,NY,AEA,CE,Combined TRACON& Tower with Radar,92,46,3,0,141,0,0,0,0,0,92,46,3,0,141,0,0,0,141
02/03/2020,BUF,NY,AEA,CE,Combined TRACON& Tower with Radar,121,49,11,0,181,0,16,17,0,33,121,65,28,0,214,0,0,0,214
02/04/2020,BUF,NY,AEA,CE,Combined TRACON& Tower with Radar,123,43,11,0,177,0,12,2,0,14,123,55,13,0,191,0,0,0,191
02/05/2020,BUF,NY,AEA,CE,Combined TRACON& Tower with Radar,122,47,21,0,190,0,11,6,2,19,122,58,27,2,209,0,0,0,209
02/06/2020,BUF,NY,AEA,CE,Combined TRACON& Tower with Radar,118,34,5,0,157,0,0,0,0,0,118,34,5,0,157,0,0,0,157
02/07/2020,BUF,NY,AEA,CE,Combined TRACON& Tower with Radar,121,46,8,0,175,0,0,0,0,0,121,46,8,0,175,0,0,0,175
02/08/2020,BUF,NY,AEA,CE,Combined TRACON& Tower with Radar,118,35,15,0,168,0,2,0,0,2,118,37,15,0,170,0,0,0,170
02/09/2020,BUF,NY,AEA,CE,Combined TRACON& Tower with Radar,102,40,18,0,160,0,0,0,0,0,102,40,18,0,160,0,0,0,160
02/10/2020,BUF,NY,AEA,CE,Combined TRACON& Tower with Radar,125,37,15,0,177,0,8,0,0,8,125,45,15,0,185,0,0,0,185
02/11/2020,BUF,NY,AEA,CE,Combined TRACON& Tower with Radar,125,54,13,0,192,0,6,5,0,11,125,60,18,0,203,0,0,0,203
02/12/2020,BUF,NY,AEA,CE,Combined TRACON& Tower with Radar,121,54,12,0,187,0,6,18,0,24,121,60,30,0,211,0,0,0,211
02/13/2020,BUF,NY,AEA,CE,Combined TRACON& Tower with Radar,117,54,9,0,180,0,0,0,0,0,117,54,9,0,180,0,0,0,180
02/14/2020,BUF,NY,AEA,CE,Combined TRACON& Tower with Radar,136,48,8,0,192,0,9,13,0,22,136,57,21,0,214,0,0,0,214
02/15/2020,BUF,NY,AEA,CE,Combined TRACON& Tower with Radar,115,36,6,0,157,0,2,18,0,20,115,38,24,0,177,0,0,0,177
02/16/2020,BUF,NY,AEA,CE,Combined TRACON& Tower with Radar,95,43,11,0,149,0,0,3,0,3,95,43,14,0,152,0,0,0,152
02/17/2020,BUF,NY,AEA,CE,Combined TRACON& Tower with Radar,118,51,13,0,182,0,3,15,0,18,118,54,28,0,200,0,0,0,200
02/18/2020,BUF,NY,AEA,CE,Combined TRACON& Tower with Radar,121,50,13,0,184,0,0,0,0,0,121,50,13,0,184,0,0,0,184
02/19/2020,BUF,NY,AEA,CE,Combined TRACON& Tower with Radar,131,53,20,0,204,0,6,3,0,9,131,59,23,0,213,0,0,0,213
02/20/2020,BUF,NY,AEA,CE,Combined TRACON& Tower with Radar,124,46,18,0,188,0,6,1,0,7,124,52,19,0,195,0,0,0,195
02/21/2020,BUF,NY,AEA,CE,Combined TRACON& Tower with Radar,126,48,16,0,190,0,5,12,0,17,126,53,28,0,207,0,0,0,207
02/22/2020,BUF,NY,AEA,CE,Combined TRACON& Tower with Radar,121,37,9,2,169,0,1,9,0,10,121,38,18,2,179,0,0,0,179
02/23/2020,BUF,NY,AEA,CE,Combined TRACON& Tower with Radar,107,49,16,0,172,0,4,34,0,38,107,53,50,0,210,0,0,0,210
02/24/2020,BUF,NY,AEA,CE,Combined TRACON& Tower with Radar,128,46,24,0,198,0,12,15,0,27,128,58,39,0,225,0,0,0,225
02/25/2020,BUF,NY,AEA,CE,Combined TRACON& Tower with Radar,127,47,12,0,186,0,0,0,0,0,127,47,12,0,186,0,0,0,186
02/26/2020,BUF,NY,AEA,CE,Combined TRACON& Tower with Radar,128,40,11,0,179,0,0,0,0,0,128,40,11,0,179,0,0,0,179
02/27/2020,BUF,NY,AEA,CE,Combined TRACON& Tower with Radar,102,32,3,0,137,0,0,0,0,0,102,32,3,0,137,0,0,0,137
02/28/2020,BUF,NY,AEA,CE,Combined TRACON& Tower with Radar,129,52,9,0,190,0,0,2,0,2,129,52,11,0,192,0,0,0,192
02/29/2020,BUF,NY,AEA,CE,Combined TRACON& Tower with Radar,115,43,4,2,164,0,1,0,0,1,115,44,4,2,165,0,0,0,165
03/01/2020,BUF,NY,AEA,CE,Combined TRACON& Tower with Radar,114,42,24,0,180,0,3,22,0,25,114,45,46,0,205,0,0,0,205
03/02/2020,BUF,NY,AEA,CE,Combined TRACON& Tower with Radar,127,55,22,2,206,0,2,0,0,2,127,57,22,2,208,0,0,0,208
03/03/2020,BUF,NY,AEA,CE,Combined TRACON& Tower with Radar,119,46,14,0,179,0,1,1,0,2,119,47,15,0,181,0,0,0,181
03/04/2020,BUF,NY,AEA,CE,Combined TRACON& Tower with Radar,134,39,20,0,193,0,4,8,0,12,134,43,28,0,205,0,0,0,205
03/05/2020,BUF,NY,AEA,CE,Combined TRACON& Tower with Radar,127,58,30,2,217,0,5,37,2,44,127,63,67,4,261,0,0,0,261
03/06/2020,BUF,NY,AEA,CE,Combined TRACON& Tower with Radar,128,49,11,0,188,0,2,0,0,2,128,51,11,0,190,0,0,0,190
03/07/2020,BUF,NY,AEA,CE,Combined TRACON& Tower with Radar,115,31,6,0,152,0,0,38,0,38,115,31,44,0,190,0,0,0,190
03/08/2020,BUF,NY,AEA,CE,Combined TRACON& Tower with Radar,105,52,8,0,165,0,1,6,0,7,105,53,14,0,172,0,0,0,172
03/09/2020,BUF,NY,AEA,CE,Combined TRACON& Tower with Radar,134,47,9,0,190,0,1,6,0,7,134,48,15,0,197,0,0,0,197
03/10/2020,BUF,NY,AEA,CE,Combined TRACON& Tower with Radar,141,37,6,0,184,0,0,1,0,1,141,37,7,0,185,0,0,0,185
03/11/2020,BUF,NY,AEA,CE,Combined TRACON& Tower with Radar,140,44,16,0,200,0,9,19,0,28,140,53,35,0,228,0,0,0,228
03/12/2020,BUF,NY,AEA,CE,Combined TRACON& Tower with Radar,135,50,23,3,211,0,4,19,0,23,135,54,42,3,234,0,0,0,234
03/13/2020,BUF,NY,AEA,CE,Combined TRACON& Tower with Radar,139,44,9,0,192,0,4,0,0,4,139,48,9,0,196,0,0,0,196
03/14/2020,BUF,NY,AEA,CE,Combined TRACON& Tower with Radar,121,39,15,0,175,0,2,20,0,22,121,41,35,0,197,0,0,0,197
03/15/2020,BUF,NY,AEA,CE,Combined TRACON& Tower with Radar,111,48,17,0,176,0,4,27,0,31,111,52,44,0,207,0,0,0,207
03/16/2020,BUF,NY,AEA,CE,Combined TRACON& Tower with Radar,137,42,23,14,216,0,4,26,0,30,137,46,49,14,246,0,0,0,246
03/17/2020,BUF,NY,AEA,CE,Combined TRACON& Tower with Radar,142,52,4,0,198,0,10,2,0,12,142,62,6,0,210,0,0,0,210
03/18/2020,BUF,NY,AEA,CE,Combined TRACON& Tower with Radar,137,45,12,4,198,0,4,17,0,21,137,49,29,4,219,0,0,0,219
03/19/2020,BUF,NY,AEA,CE,Combined TRACON& Tower with Radar,126,43,16,0,185,0,4,0,0,4,126,47,16,0,189,0,0,0,189
03/20/2020,BUF,NY,AEA,CE,Combined TRACON& Tower with Radar,116,37,7,0,160,0,2,0,0,2,116,39,7,0,162,0,0,0,162
03/21/2020,BUF,NY,AEA,CE,Combined TRACON& Tower with Radar,112,27,3,0,142,0,0,0,0,0,112,27,3,0,142,0,0,0,142
03/22/2020,BUF,NY,AEA,CE,Combined TRACON& Tower with Radar,90,31,6,0,127,0,3,0,0,3,90,34,6,0,130,0,0,0,130
03/23/2020,BUF,NY,AEA,CE,Combined TRACON& Tower with Radar,99,24,9,0,132,0,2,0,0,2,99,26,9,0,134,0,0,0,134
03/24/2020,BUF,NY,AEA,CE,Combined TRACON& Tower with Radar,86,16,3,0,105,0,1,1,0,2,86,17,4,0,107,0,0,0,107
03/25/2020,BUF,NY,AEA,CE,Combined TRACON& Tower with Radar,88,19,6,0,113,0,4,4,0,8,88,23,10,0,121,0,0,0,121
03/26/2020,BUF,NY,AEA,CE,Combined TRACON& Tower with Radar,79,20,2,0,101,0,8,3,0,11,79,28,5,0,112,0,0,0,112
03/27/2020,BUF,NY,AEA,CE,Combined TRACON& Tower with Radar,62,12,2,0,76,0,1,3,0,4,62,13,5,0,80,0,0,0,80
03/28/2020,BUF,NY,AEA,CE,Combined TRACON& Tower with Radar,57,15,4,0,76,0,1,0,0,1,57,16,4,0,77,0,0,0,77
03/29/2020,BUF,NY,AEA,CE,Combined TRACON& Tower with Radar,52,20,3,0,75,0,2,0,0,2,52,22,3,0,77,0,0,0,77
03/30/2020,BUF,NY,AEA,CE,Combined TRACON& Tower with Radar,62,14,1,0,77,0,0,0,0,0,62,14,1,0,77,0,0,0,77
03/31/2020,BUF,NY,AEA,CE,Combined TRACON& Tower with Radar,76,16,1,2,95,0,0,0,2,2,76,16,1,4,97,0,0,0,97
04/01/2020,BUF,NY,AEA,CE,Combined TRACON& Tower with Radar,58,22,2,0,82,0,5,5,0,10,58,27,7,0,92,0,0,0,92
04/02/2020,BUF,NY,AEA,CE,Combined TRACON& Tower with Radar,46,20,5,0,71,0,2,7,0,9,46,22,12,0,80,0,0,0,80
04/03/2020,BUF,NY,AEA,CE,Combined TRACON& Tower with Radar,46,22,3,0,71,0,0,0,0,0,46,22,3,0,71,0,0,0,71
04/04/2020,BUF,NY,AEA,CE,Combined TRACON& Tower with Radar,45,16,2,0,63,0,2,0,0,2,45,18,2,0,65,0,0,0,65
04/05/2020,BUF,NY,AEA,CE,Combined TRACON& Tower with Radar,28,18,2,0,48,0,2,0,0,2,28,20,2,0,50,0,0,0,50
04/06/2020,BUF,NY,AEA,CE,Combined TRACON& Tower with Radar,38,14,3,0,55,0,2,5,0,7,38,16,8,0,62,0,0,0,62
04/07/2020,BUF,NY,AEA,CE,Combined TRACON& Tower with Radar,47,14,2,0,63,0,4,4,0,8,47,18,6,0,71,0,0,0,71
04/08/2020,BUF,NY,AEA,CE,Combined TRACON& Tower with Radar,55,14,0,0,69,0,4,2,0,6,55,18,2,0,75,0,0,0,75
04/09/2020,BUF,NY,AEA,CE,Combined TRACON& Tower with Radar,56,12,0,0,68,0,2,0,0,2,56,14,0,0,70,0,0,0,70
04/10/2020,BUF,NY,AEA,CE,Combined TRACON& Tower with Radar,46,18,1,0,65,0,4,0,0,4,46,22,1,0,69,0,0,0,69
04/11/2020,BUF,NY,AEA,CE,Combined TRACON& Tower with Radar,49,11,4,0,64,0,4,2,0,6,49,15,6,0,70,0,0,0,70
04/12/2020,BUF,NY,AEA,CE,Combined TRACON& Tower with Radar,34,5,1,0,40,0,4,3,0,7,34,9,4,0,47,0,0,0,47
04/13/2020,BUF,NY,AEA,CE,Combined TRACON& Tower with Radar,41,12,2,0,55,0,0,0,0,0,41,12,2,0,55,0,0,0,55
04/14/2020,BUF,NY,AEA,CE,Combined TRACON& Tower with Radar,37,8,2,0,47,0,6,0,0,6,37,14,2,0,53,0,0,0,53
04/15/2020,BUF,NY,AEA,CE,Combined TRACON& Tower with Radar,39,13,0,2,54,0,0,0,0,0,39,13,0,2,54,0,0,0,54
04/16/2020,BUF,NY,AEA,CE,Combined TRACON& Tower with Radar,27,7,2,0,36,0,0,0,0,0,27,7,2,0,36,0,0,0,36
04/17/2020,BUF,NY,AEA,CE,Combined TRACON& Tower with Radar,33,10,1,9,53,0,0,0,3,3,33,10,1,12,56,0,0,0,56
04/18/2020,BUF,NY,AEA,CE,Combined TRACON& Tower with Radar,32,9,8,0,49,0,3,5,0,8,32,12,13,0,57,0,0,0,57
04/19/2020,BUF,NY,AEA,CE,Combined TRACON& Tower with Radar,25,10,1,0,36,0,6,0,0,6,25,16,1,0,42,0,0,0,42
04/20/2020,BUF,NY,AEA,CE,Combined TRACON& Tower with Radar,29,9,18,0,56,0,5,14,0,19,29,14,32,0,75,0,0,0,75
04/21/2020,BUF,NY,AEA,CE,Combined TRACON& Tower with Radar,35,12,5,0,52,0,3,5,0,8,35,15,10,0,60,0,0,0,60
04/22/2020,BUF,NY,AEA,CE,Combined TRACON& Tower with Radar,41,7,12,0,60,0,2,3,0,5,41,9,15,0,65,0,0,0,65
04/23/2020,BUF,NY,AEA,CE,Combined TRACON& Tower with Radar,40,9,4,0,53,0,2,0,0,2,40,11,4,0,55,0,0,0,55
04/24/2020,BUF,NY,AEA,CE,Combined TRACON& Tower with Radar,33,8,8,0,49,0,5,5,0,10,33,13,13,0,59,0,0,0,59
04/25/2020,BUF,NY,AEA,CE,Combined TRACON& Tower with Radar,34,11,8,0,53,0,4,11,0,15,34,15,19,0,68,0,0,0,68
04/26/2020,BUF,NY,AEA,CE,Combined TRACON& Tower with Radar,25,10,1,0,36,0,0,0,0,0,25,10,1,0,36,0,0,0,36
04/27/2020,BUF,NY,AEA,CE,Combined TRACON& Tower with Radar,31,9,4,0,44,0,2,6,0,8,31,11,10,0,52,0,0,0,52
04/28/2020,BUF,NY,AEA,CE,Combined TRACON& Tower with Radar,38,14,12,0,64,0,5,9,0,14,38,19,21,0,78,0,0,0,78
04/29/2020,BUF,NY,AEA,CE,Combined TRACON& Tower with Radar,39,10,2,0,51,0,3,12,0,15,39,13,14,0,66,0,0,0,66
04/30/2020,BUF,NY,AEA,CE,Combined TRACON& Tower with Radar,40,11,14,0,65,0,0,0,0,0,40,11,14,0,65,0,0,0,65
05/01/2020,BUF,NY,AEA,CE,Combined TRACON& Tower with Radar,37,17,5,0,59,0,2,3,0,5,37,19,8,0,64,0,0,0,64
05/02/2020,BUF,NY,AEA,CE,Combined TRACON& Tower with Radar,20,9,0,0,29,0,2,24,0,26,20,11,24,0,55,0,0,0,55
05/03/2020,BUF,NY,AEA,CE,Combined TRACON& Tower with Radar,37,13,4,0,54,0,3,11,0,14,37,16,15,0,68,0,0,0,68
05/04/2020,BUF,NY,AEA,CE,Combined TRACON& Tower with Radar,46,9,4,0,59,0,0,5,0,5,46,9,9,0,64,0,0,0,64
05/05/2020,BUF,NY,AEA,CE,Combined TRACON& Tower with Radar,35,12,8,2,57,0,3,25,0,28,35,15,33,2,85,0,0,0,85
05/06/2020,BUF,NY,AEA,CE,Combined TRACON& Tower with Radar,38,10,13,0,61,0,7,16,0,23,38,17,29,0,84,0,0,0,84
05/07/2020,BUF,NY,AEA,CE,Combined TRACON& Tower with Radar,44,14,7,0,65,0,2,9,0,11,44,16,16,0,76,0,0,0,76
05/08/2020,BUF,NY,AEA,CE,Combined TRACON& Tower with Radar,42,15,13,0,70,0,3,8,0,11,42,18,21,0,81,0,0,0,81
05/09/2020,BUF,NY,AEA,CE,Combined TRACON& Tower with Radar,33,11,4,0,48,0,0,2,0,2,33,11,6,0,50,0,0,0,50
05/10/2020,BUF,NY,AEA,CE,Combined TRACON& Tower with Radar,32,14,5,0,51,0,4,3,0,7,32,18,8,0,58,0,0,0,58
05/11/2020,BUF,NY,AEA,CE,Combined TRACON& Tower with Radar,42,10,12,10,74,0,0,0,0,0,42,10,12,10,74,0,0,0,74
05/12/2020,BUF,NY,AEA,CE,Combined TRACON& Tower with Radar,38,9,7,4,58,0,1,23,2,26,38,10,30,6,84,0,0,0,84
05/13/2020,BUF,NY,AEA,CE,Combined TRACON& Tower with Radar,43,11,14,2,70,0,3,24,2,29,43,14,38,4,99,0,0,0,99
05/14/2020,BUF,NY,AEA,CE,Combined TRACON& Tower with Radar,44,12,6,8,70,0,1,15,0,16,44,13,21,8,86,0,0,0,86
05/15/2020,BUF,NY,AEA,CE,Combined TRACON& Tower with Radar,44,15,2,0,61,0,0,0,0,0,44,15,2,0,61,0,0,0,61
05/16/2020,BUF,NY,AEA,CE,Combined TRACON& Tower with Radar,40,12,6,0,58,0,3,15,2,20,40,15,21,2,78,0,0,0,78
05/17/2020,BUF,NY,AEA,CE,Combined TRACON& Tower with Radar,41,18,6,0,65,0,1,9,0,10,41,19,15,0,75,0,0,0,75
05/18/2020,BUF,NY,AEA,CE,Combined TRACON& Tower with Radar,48,9,6,0,63,0,4,0,0,4,48,13,6,0,67,0,0,0,67
05/19/2020,BUF,NY,AEA,CE,Combined TRACON& Tower with Radar,41,15,5,7,68,0,8,15,1,24,41,23,20,8,92,0,0,0,92
05/20/2020,BUF,NY,AEA,CE,Combined TRACON& Tower with Radar,48,16,14,2,80,0,3,21,0,24,48,19,35,2,104,0,0,0,104
05/21/2020,BUF,NY,AEA,CE,Combined TRACON& Tower with Radar,52,18,6,0,76,0,3,35,0,38,52,21,41,0,114,0,0,0,114
05/22/2020,BUF,NY,AEA,CE,Combined TRACON& Tower with Radar,54,18,13,0,85,0,3,21,4,28,54,21,34,4,113,0,0,0,113
05/23/2020,BUF,NY,AEA,CE,Combined TRACON& Tower with Radar,42,11,8,0,61,0,0,4,0,4,42,11,12,0,65,0,0,0,65
05/24/2020,BUF,NY,AEA,CE,Combined TRACON& Tower with Radar,39,13,12,0,64,0,7,17,3,27,39,20,29,3,91,0,0,0,91
05/25/2020,BUF,NY,AEA,CE,Combined TRACON& Tower with Radar,42,15,9,2,68,0,2,8,0,10,42,17,17,2,78,0,0,0,78
05/26/2020,BUF,NY,AEA,CE,Combined TRACON& Tower with Radar,40,12,10,0,62,0,6,48,0,54,40,18,58,0,116,0,0,0,116
05/27/2020,BUF,NY,AEA,CE,Combined TRACON& Tower with Radar,49,21,11,22,103,0,5,32,0,37,49,26,43,22,140,0,0,0,140
05/28/2020,BUF,NY,AEA,CE,Combined TRACON& Tower with Radar,51,16,3,0,70,0,12,2,0,14,51,28,5,0,84,0,0,0,84
05/29/2020,BUF,NY,AEA,CE,Combined TRACON& Tower with Radar,50,17,8,0,75,0,1,3,0,4,50,18,11,0,79,0,0,0,79
05/30/2020,BUF,NY,AEA,CE,Combined TRACON& Tower with Radar,39,12,16,0,67,0,2,5,0,7,39,14,21,0,74,0,0,0,74
05/31/2020,BUF,NY,AEA,CE,Combined TRACON& Tower with Radar,41,9,8,0,58,0,0,22,0,22,41,9,30,0,80,0,0,0,80
06/01/2020,BUF,NY,AEA,CE,Combined TRACON& Tower with Radar,46,16,5,0,67,0,9,14,0,23,46,25,19,0,90,0,0,0,90
06/02/2020,BUF,NY,AEA,CE,Combined TRACON& Tower with Radar,44,12,12,0,68,0,2,17,0,19,44,14,29,0,87,0,0,0,87
06/03/2020,BUF,NY,AEA,CE,Combined TRACON& Tower with Radar,51,21,5,3,80,0,2,4,1,7,51,23,9,4,87,0,0,0,87
06/04/2020,BUF,NY,AEA,CE,Combined TRACON& Tower with Radar,48,18,10,0,76,0,0,24,0,24,48,18,34,0,100,0,0,0,100
06/05/2020,BUF,NY,AEA,CE,Combined TRACON& Tower with Radar,56,19,14,0,89,0,14,29,0,43,56,33,43,0,132,0,0,0,132
06/06/2020,BUF,NY,AEA,CE,Combined TRACON& Tower with Radar,40,11,6,0,57,0,7,26,0,33,40,18,32,0,90,0,0,0,90
06/07/2020,BUF,NY,AEA,CE,Combined TRACON& Tower with Radar,43,15,14,0,72,0,1,24,2,27,43,16,38,2,99,0,0,0,99
06/08/2020,BUF,NY,AEA,CE,Combined TRACON& Tower with Radar,49,16,6,0,71,0,6,22,0,28,49,22,28,0,99,0,0,0,99
06/09/2020,BUF,NY,AEA,CE,Combined TRACON& Tower with Radar,48,15,8,0,71,0,4,23,0,27,48,19,31,0,98,0,0,0,98
06/10/2020,BUF,NY,AEA,CE,Combined TRACON& Tower with Radar,49,26,14,7,96,0,2,7,1,10,49,28,21,8,106,0,0,0,106
06/11/2020,BUF,NY,AEA,CE,Combined TRACON& Tower with Radar,50,27,7,0,84,0,4,7,4,15,50,31,14,4,99,0,0,0,99
06/12/2020,BUF,NY,AEA,CE,Combined TRACON& Tower with Radar,54,26,8,0,88,0,12,13,0,25,54,38,21,0,113,0,0,0,113
06/13/2020,BUF,NY,AEA,CE,Combined TRACON& Tower with Radar,41,17,20,0,78,0,10,31,0,41,41,27,51,0,119,0,0,0,119
06/14/2020,BUF,NY,AEA,CE,Combined TRACON& Tower with Radar,41,23,12,0,76,0,3,19,0,22,41,26,31,0,98,0,0,0,98
06/15/2020,BUF,NY,AEA,CE,Combined TRACON& Tower with Radar,51,17,10,0,78,0,4,26,3,33,51,21,36,3,111,0,0,0,111
06/16/2020,BUF,NY,AEA,CE,Combined TRACON& Tower with Radar,46,21,16,2,85,0,4,29,3,36,46,25,45,5,121,0,0,0,121
06/17/2020,BUF,NY,AEA,CE,Combined TRACON& Tower with Radar,45,20,18,0,83,0,8,25,0,33,45,28,43,0,116,0,0,0,116
06/18/2020,BUF,NY,AEA,CE,Combined TRACON& Tower with Radar,52,27,16,0,95,0,15,20,0,35,52,42,36,0,130,0,0,0,130
06/19/2020,BUF,NY,AEA,CE,Combined TRACON& Tower with Radar,54,21,18,0,93,0,3,17,0,20,54,24,35,0,113,0,0,0,113
06/20/2020,BUF,NY,AEA,CE,Combined TRACON& Tower with Radar,41,10,9,0,60,0,0,27,0,27,41,10,36,0,87,0,0,0,87
06/21/2020,BUF,NY,AEA,CE,Combined TRACON& Tower with Radar,45,15,12,0,72,0,4,10,2,16,45,19,22,2,88,0,0,0,88
06/22/2020,BUF,NY,AEA,CE,Combined TRACON& Tower with Radar,50,14,6,2,72,0,2,10,0,12,50,16,16,2,84,0,0,0,84
06/23/2020,BUF,NY,AEA,CE,Combined TRACON& Tower with Radar,51,19,12,0,82,0,2,10,0,12,51,21,22,0,94,0,0,0,94
06/24/2020,BUF,NY,AEA,CE,Combined TRACON& Tower with Radar,45,24,17,2,88,0,9,8,0,17,45,33,25,2,105,0,0,0,105
06/25/2020,BUF,NY,AEA,CE,Combined TRACON& Tower with Radar,54,22,18,0,94,0,3,26,2,31,54,25,44,2,125,0,0,0,125
06/26/2020,BUF,NY,AEA,CE,Combined TRACON& Tower with Radar,52,18,24,2,96,0,5,20,0,25,52,23,44,2,121,0,0,0,121
06/27/2020,BUF,NY,AEA,CE,Combined TRACON& Tower with Radar,41,11,4,0,56,0,0,3,0,3,41,11,7,0,59,0,0,0,59
06/28/2020,BUF,NY,AEA,CE,Combined TRACON& Tower with Radar,48,16,9,0,73,0,1,24,0,25,48,17,33,0,98,0,0,0,98
06/29/2020,BUF,NY,AEA,CE,Combined TRACON& Tower with Radar,55,17,11,0,83,0,0,25,0,25,55,17,36,0,108,0,0,0,108
06/30/2020,BUF,NY,AEA,CE,Combined TRACON& Tower with Radar,54,24,10,8,96,0,6,20,0,26,54,30,30,8,122,0,0,0,122
07/01/2020,BUF,NY,AEA,CE,Combined TRACON& Tower with Radar,57,19,11,9,96,0,6,25,4,35,57,25,36,13,131,0,0,0,131
07/02/2020,BUF,NY,AEA,CE,Combined TRACON& Tower with Radar,64,24,12,1,101,0,5,20,0,25,64,29,32,1,126,0,0,0,126
07/03/2020,BUF,NY,AEA,CE,Combined TRACON& Tower with Radar,58,15,12,1,86,0,3,14,0,17,58,18,26,1,103,0,0,0,103
07/04/2020,BUF,NY,AEA,CE,Combined TRACON& Tower with Radar,35,5,3,0,43,0,10,20,1,31,35,15,23,1,74,0,0,0,74
07/05/2020,BUF,NY,AEA,CE,Combined TRACON& Tower with Radar,55,14,14,0,83,0,8,8,1,17,55,22,22,1,100,0,0,0,100
07/06/2020,BUF,NY,AEA,CE,Combined TRACON& Tower with Radar,77,10,23,0,110,0,12,21,0,33,77,22,44,0,143,0,0,0,143
07/07/2020,BUF,NY,AEA,CE,Combined TRACON& Tower with Radar,68,20,16,0,104,0,5,27,3,35,68,25,43,3,139,0,0,0,139
07/08/2020,BUF,NY,AEA,CE,Combined TRACON& Tower with Radar,68,23,11,0,102,0,8,7,1,16,68,31,18,1,118,0,0,0,118
07/09/2020,BUF,NY,AEA,CE,Combined TRACON& Tower with Radar,79,25,15,8,127,0,5,17,4,26,79,30,32,12,153,0,0,0,153
07/10/2020,BUF,NY,AEA,CE,Combined TRACON& Tower with Radar,76,23,5,0,104,0,7,13,0,20,76,30,18,0,124,0,0,0,124
07/11/2020,BUF,NY,AEA,CE,Combined TRACON& Tower with Radar,62,19,4,0,85,0,8,4,0,12,62,27,8,0,97,0,0,0,97
07/12/2020,BUF,NY,AEA,CE,Combined TRACON& Tower with Radar,71,18,10,0,99,0,3,26,0,29,71,21,36,0,128,0,0,0,128
07/13/2020,BUF,NY,AEA,CE,Combined TRACON& Tower with Radar,75,23,20,2,120,0,5,6,0,11,75,28,26,2,131,0,0,0,131
07/14/2020,BUF,NY,AEA,CE,Combined TRACON& Tower with Radar,71,25,9,3,108,0,6,13,2,21,71,31,22,5,129,0,0,0,129
07/15/2020,BUF,NY,AEA,CE,Combined TRACON& Tower with Radar,71,19,18,0,108,0,15,20,0,35,71,34,38,0,143,0,0,0,143
07/16/2020,BUF,NY,AEA,CE,Combined TRACON& Tower with Radar,78,26,18,0,122,0,3,6,0,9,78,29,24,0,131,0,0,0,131
07/17/2020,BUF,NY,AEA,CE,Combined TRACON& Tower with Radar,70,22,10,0,102,0,4,16,0,20,70,26,26,0,122,0,0,0,122
07/18/2020,BUF,NY,AEA,CE,Combined TRACON& Tower with Radar,61,17,12,0,90,0,4,25,0,29,61,21,37,0,119,0,0,0,119
07/19/2020,BUF,NY,AEA,CE,Combined TRACON& Tower with Radar,63,24,11,0,98,0,1,12,0,13,63,25,23,0,111,0,0,0,111
07/20/2020,BUF,NY,AEA,CE,Combined TRACON& Tower with Radar,70,18,16,0,104,0,6,30,0,36,70,24,46,0,140,0,0,0,140
07/21/2020,BUF,NY,AEA,CE,Combined TRACON& Tower with Radar,65,22,13,0,100,0,5,30,3,38,65,27,43,3,138,0,0,0,138
07/22/2020,BUF,NY,AEA,CE,Combined TRACON& Tower with Radar,65,20,8,3,96,0,7,6,1,14,65,27,14,4,110,0,0,0,110
07/23/2020,BUF,NY,AEA,CE,Combined TRACON& Tower with Radar,78,30,21,0,129,0,6,5,0,11,78,36,26,0,140,0,0,0,140
07/24/2020,BUF,NY,AEA,CE,Combined TRACON& Tower with Radar,71,28,18,10,127,0,8,20,0,28,71,36,38,10,155,0,0,0,155
07/25/2020,BUF,NY,AEA,CE,Combined TRACON& Tower with Radar,61,20,13,1,95,0,5,36,2,43,61,25,49,3,138,0,0,0,138
07/26/2020,BUF,NY,AEA,CE,Combined TRACON& Tower with Radar,65,17,21,0,103,0,2,22,4,28,65,19,43,4,131,0,0,0,131
07/27/2020,BUF,NY,AEA,CE,Combined TRACON& Tower with Radar,67,17,5,5,94,0,3,1,1,5,67,20,6,6,99,0,0,0,99
07/28/2020,BUF,NY,AEA,CE,Combined TRACON& Tower with Radar,67,23,22,0,112,0,3,20,2,25,67,26,42,2,137,0,0,0,137
07/29/2020,BUF,NY,AEA,CE,Combined TRACON& Tower with Radar,63,16,15,1,95,0,5,8,0,13,63,21,23,1,108,0,0,0,108
07/30/2020,BUF,NY,AEA,CE,Combined TRACON& Tower with Radar,71,31,4,0,106,0,8,24,0,32,71,39,28,0,138,0,0,0,138
07/31/2020,BUF,NY,AEA,CE,Combined TRACON& Tower with Radar,71,28,19,1,119,0,5,24,0,29,71,33,43,1,148,0,0,0,148
08/01/2020,BUF,NY,AEA,CE,Combined TRACON& Tower with Radar,62,15,17,0,94,0,5,22,0,27,62,20,39,0,121,0,0,0,121
08/02/2020,BUF,NY,AEA,CE,Combined TRACON& Tower with Radar,62,22,10,0,94,0,2,0,0,2,62,24,10,0,96,0,0,0,96
08/03/2020,BUF,NY,AEA,CE,Combined TRACON& Tower with Radar,68,21,4,0,93,0,6,10,0,16,68,27,14,0,109,0,0,0,109
08/04/2020,BUF,NY,AEA,CE,Combined TRACON& Tower with Radar,64,22,4,0,90,0,4,0,0,4,64,26,4,0,94,0,0,0,94
08/05/2020,BUF,NY,AEA,CE,Combined TRACON& Tower with Radar,66,17,10,0,93,0,3,22,2,27,66,20,32,2,120,0,0,0,120
08/06/2020,BUF,NY,AEA,CE,Combined TRACON& Tower with Radar,73,27,26,5,131,0,7,25,11,43,73,34,51,16,174,0,0,0,174
08/07/2020,BUF,NY,AEA,CE,Combined TRACON& Tower with Radar,71,24,25,0,120,0,2,26,0,28,71,26,51,0,148,0,0,0,148
08/08/2020,BUF,NY,AEA,CE,Combined TRACON& Tower with Radar,62,11,11,0,84,0,10,25,0,35,62,21,36,0,119,0,0,0,119
08/09/2020,BUF,NY,AEA,CE,Combined TRACON& Tower with Radar,66,27,9,0,102,0,3,16,0,19,66,30,25,0,121,0,0,0,121
08/10/2020,BUF,NY,AEA,CE,Combined TRACON& Tower with Radar,67,19,29,0,115,0,11,28,0,39,67,30,57,0,154,0,0,0,154
08/11/2020,BUF,NY,AEA,CE,Combined TRACON& Tower with Radar,66,20,10,2,98,0,7,6,0,13,66,27,16,2,111,0,0,0,111
08/12/2020,BUF,NY,AEA,CE,Combined TRACON& Tower with Radar,63,17,17,0,97,0,11,32,0,43,63,28,49,0,140,0,0,0,140
08/13/2020,BUF,NY,AEA,CE,Combined TRACON& Tower with Radar,70,30,24,2,126,0,13,53,0,66,70,43,77,2,192,0,0,0,192
08/14/2020,BUF,NY,AEA,CE,Combined TRACON& Tower with Radar,72,29,17,0,118,0,12,29,0,41,72,41,46,0,159,0,0,0,159
08/15/2020,BUF,NY,AEA,CE,Combined TRACON& Tower with Radar,64,11,10,0,85,0,1,20,0,21,64,12,30,0,106,0,0,0,106
08/16/2020,BUF,NY,AEA,CE,Combined TRACON& Tower with Radar,67,21,5,0,93,0,6,21,0,27,67,27,26,0,120,0,0,0,120
08/17/2020,BUF,NY,AEA,CE,Combined TRACON& Tower with Radar,62,18,17,0,97,0,4,40,0,44,62,22,57,0,141,0,0,0,141
08/18/2020,BUF,NY,AEA,CE,Combined TRACON& Tower with Radar,64,18,15,0,97,0,7,27,4,38,64,25,42,4,135,0,0,0,135
08/19/2020,BUF,NY,AEA,CE,Combined TRACON& Tower with Radar,63,25,13,0,101,0,9,39,0,48,63,34,52,0,149,0,0,0,149
08/20/2020,BUF,NY,AEA,CE,Combined TRACON& Tower with Radar,69,22,16,4,111,0,6,34,1,41,69,28,50,5,152,0,0,0,152
08/21/2020,BUF,NY,AEA,CE,Combined TRACON& Tower with Radar,66,21,22,0,109,0,6,29,1,36,66,27,51,1,145,0,0,0,145
08/22/2020,BUF,NY,AEA,CE,Combined TRACON& Tower with Radar,58,11,6,0,75,0,2,28,1,31,58,13,34,1,106,0,0,0,106
08/23/2020,BUF,NY,AEA,CE,Combined TRACON& Tower with Radar,63,20,7,0,90,0,4,9,0,13,63,24,16,0,103,0,0,0,103
08/24/2020,BUF,NY,AEA,CE,Combined TRACON& Tower with Radar,63,18,8,2,91,0,3,15,2,20,63,21,23,4,111,0,0,0,111
08/25/2020,BUF,NY,AEA,CE,Combined TRACON& Tower with Radar,67,22,9,6,104,0,7,12,2,21,67,29,21,8,125,0,0,0,125
08/26/2020,BUF,NY,AEA,CE,Combined TRACON& Tower with Radar,60,21,17,0,98,0,6,14,0,20,60,27,31,0,118,0,0,0,118
08/27/2020,BUF,NY,AEA,CE,Combined TRACON& Tower with Radar,70,30,18,0,118,0,3,0,2,5,70,33,18,2,123,0,0,0,123
08/28/2020,BUF,NY,AEA,CE,Combined TRACON& Tower with Radar,70,24,20,0,114,0,4,6,0,10,70,28,26,0,124,0,0,0,124
08/29/2020,BUF,NY,AEA,CE,Combined TRACON& Tower with Radar,58,10,5,0,73,0,3,0,0,3,58,13,5,0,76,0,0,0,76
08/30/2020,BUF,NY,AEA,CE,Combined TRACON& Tower with Radar,61,25,21,0,107,0,5,19,0,24,61,30,40,0,131,0,0,0,131
08/31/2020,BUF,NY,AEA,CE,Combined TRACON& Tower with Radar,68,22,10,12,112,0,0,32,0,32,68,22,42,12,144,0,0,0,144
09/01/2020,BUF,NY,AEA,CE,Combined TRACON& Tower with Radar,63,23,28,0,114,0,2,26,0,28,63,25,54,0,142,0,0,0,142
09/02/2020,BUF,NY,AEA,CE,Combined TRACON& Tower with Radar,54,32,11,4,101,0,0,3,0,3,54,32,14,4,104,0,0,0,104
09/03/2020,BUF,NY,AEA,CE,Combined TRACON& Tower with Radar,61,42,10,0,113,0,7,24,0,31,61,49,34,0,144,0,0,0,144
09/04/2020,BUF,NY,AEA,CE,Combined TRACON& Tower with Radar,59,36,16,0,111,0,6,17,0,23,59,42,33,0,134,0,0,0,134
09/05/2020,BUF,NY,AEA,CE,Combined TRACON& Tower with Radar,51,14,15,0,80,0,8,11,0,19,51,22,26,0,99,0,0,0,99
09/06/2020,BUF,NY,AEA,CE,Combined TRACON& Tower with Radar,39,27,20,0,86,0,5,28,0,33,39,32,48,0,119,0,0,0,119
09/07/2020,BUF,NY,AEA,CE,Combined TRACON& Tower with Radar,36,36,12,0,84,0,1,0,0,1,36,37,12,0,85,0,0,0,85
09/08/2020,BUF,NY,AEA,CE,Combined TRACON& Tower with Radar,41,24,10,0,75,0,7,19,0,26,41,31,29,0,101,0,0,0,101
09/09/2020,BUF,NY,AEA,CE,Combined TRACON& Tower with Radar,51,25,21,0,97,0,5,17,0,22,51,30,38,0,119,0,0,0,119
09/10/2020,BUF,NY,AEA,CE,Combined TRACON& Tower with Radar,55,23,18,0,96,0,11,2,0,13,55,34,20,0,109,0,0,0,109
09/11/2020,BUF,NY,AEA,CE,Combined TRACON& Tower with Radar,52,26,23,0,101,0,7,11,2,20,52,33,34,2,121,0,0,0,121
09/12/2020,BUF,NY,AEA,CE,Combined TRACON& Tower with Radar,41,18,13,2,74,0,2,43,0,45,41,20,56,2,119,0,0,0,119
09/13/2020,BUF,NY,AEA,CE,Combined TRACON& Tower with Radar,49,31,9,0,89,0,0,3,0,3,49,31,12,0,92,0,0,0,92
09/14/2020,BUF,NY,AEA,CE,Combined TRACON& Tower with Radar,49,18,23,0,90,0,4,23,0,27,49,22,46,0,117,0,0,0,117
09/15/2020,BUF,NY,AEA,CE,Combined TRACON& Tower with Radar,46,28,13,14,101,0,3,33,4,40,46,31,46,18,141,0,0,0,141
09/16/2020,BUF,NY,AEA,CE,Combined TRACON& Tower with Radar,48,25,13,17,103,0,6,20,7,33,48,31,33,24,136,0,0,0,136
09/17/2020,BUF,NY,AEA,CE,Combined TRACON& Tower with Radar,55,23,17,0,95,0,3,7,0,10,55,26,24,0,105,0,0,0,105
09/18/2020,BUF,NY,AEA,CE,Combined TRACON& Tower with Radar,49,33,28,0,110,0,4,24,0,28,49,37,52,0,138,0,0,0,138
09/19/2020,BUF,NY,AEA,CE,Combined TRACON& Tower with Radar,41,18,6,0,65,0,13,33,0,46,41,31,39,0,111,0,0,0,111
09/20/2020,BUF,NY,AEA,CE,Combined TRACON& Tower with Radar,50,24,17,1,92,0,4,21,0,25,50,28,38,1,117,0,0,0,117
09/21/2020,BUF,NY,AEA,CE,Combined TRACON& Tower with Radar,49,21,10,2,82,0,9,16,0,25,49,30,26,2,107,0,0,0,107
09/22/2020,BUF,NY,AEA,CE,Combined TRACON& Tower with Radar,46,30,18,10,104,0,7,32,14,53,46,37,50,24,157,0,0,0,157
09/23/2020,BUF,NY,AEA,CE,Combined TRACON& Tower with Radar,48,25,14,0,87,0,7,20,0,27,48,32,34,0,114,0,0,0,114
09/24/2020,BUF,NY,AEA,CE,Combined TRACON& Tower with Radar,56,25,16,2,99,0,2,24,0,26,56,27,40,2,125,0,0,0,125
09/25/2020,BUF,NY,AEA,CE,Combined TRACON& Tower with Radar,56,34,16,0,106,0,6,27,0,33,56,40,43,0,139,0,0,0,139
09/26/2020,BUF,NY,AEA,CE,Combined TRACON& Tower with Radar,41,21,6,0,68,0,3,28,0,31,41,24,34,0,99,0,0,0,99
09/27/2020,BUF,NY,AEA,CE,Combined TRACON& Tower with Radar,54,35,6,0,95,0,4,2,0,6,54,39,8,0,101,0,0,0,101
09/28/2020,BUF,NY,AEA,CE,Combined TRACON& Tower with Radar,48,22,16,0,86,0,5,13,2,20,48,27,29,2,106,0,0,0,106
09/29/2020,BUF,NY,AEA,CE,Combined TRACON& Tower with Radar,46,31,11,0,88,0,2,7,0,9,46,33,18,0,97,0,0,0,97
09/30/2020,BUF,NY,AEA,CE,Combined TRACON& Tower with Radar,51,25,19,0,95,0,1,0,0,1,51,26,19,0,96,0,0,0,96
10/01/2020,BUF,NY,AEA,CE,Combined TRACON& Tower with Radar,67,26,5,0,98,0,0,7,0,7,67,26,12,0,105,0,0,0,105
10/02/2020,BUF,NY,AEA,CE,Combined TRACON& Tower with Radar,68,25,10,3,106,0,5,2,0,7,68,30,12,3,113,0,0,0,113
10/03/2020,BUF,NY,AEA,CE,Combined TRACON& Tower with Radar,51,16,13,0,80,0,3,11,0,14,51,19,24,0,94,0,0,0,94
10/04/2020,BUF,NY,AEA,CE,Combined TRACON& Tower with Radar,59,18,6,0,83,0,2,9,0,11,59,20,15,0,94,0,0,0,94
10/05/2020,BUF,NY,AEA,CE,Combined TRACON& Tower with Radar,64,12,19,0,95,0,0,4,0,4,64,12,23,0,99,0,0,0,99
10/06/2020,BUF,NY,AEA,CE,Combined TRACON& Tower with Radar,57,19,22,0,98,0,7,13,0,20,57,26,35,0,118,0,0,0,118
10/07/2020,BUF,NY,AEA,CE,Combined TRACON& Tower with Radar,53,10,11,0,74,0,1,1,0,2,53,11,12,0,76,0,0,0,76
10/08/2020,BUF,NY,AEA,CE,Combined TRACON& Tower with Radar,84,16,24,0,124,0,6,15,0,21,84,22,39,0,145,0,0,0,145
10/09/2020,BUF,NY,AEA,CE,Combined TRACON& Tower with Radar,79,18,18,0,115,0,6,31,0,37,79,24,49,0,152,0,0,0,152
10/10/2020,BUF,NY,AEA,CE,Combined TRACON& Tower with Radar,59,14,7,0,80,0,4,4,0,8,59,18,11,0,88,0,0,0,88
10/11/2020,BUF,NY,AEA,CE,Combined TRACON& Tower with Radar,64,20,9,0,93,0,4,33,0,37,64,24,42,0,130,0,0,0,130
10/12/2020,BUF,NY,AEA,CE,Combined TRACON& Tower with Radar,74,16,17,0,107,0,2,11,0,13,74,18,28,0,120,0,0,0,120
10/13/2020,BUF,NY,AEA,CE,Combined TRACON& Tower with Radar,59,25,21,2,107,0,6,18,0,24,59,31,39,2,131,0,0,0,131
10/14/2020,BUF,NY,AEA,CE,Combined TRACON& Tower with Radar,59,20,24,8,111,0,4,35,0,39,59,24,59,8,150,0,0,0,150
10/15/2020,BUF,NY,AEA,CE,Combined TRACON& Tower with Radar,72,18,19,0,109,0,0,0,0,0,72,18,19,0,109,0,0,0,109
10/16/2020,BUF,NY,AEA,CE,Combined TRACON& Tower with Radar,72,27,10,10,119,0,2,25,0,27,72,29,35,10,146,0,0,0,146
10/17/2020,BUF,NY,AEA,CE,Combined TRACON& Tower with Radar,51,12,5,0,68,0,4,20,0,24,51,16,25,0,92,0,0,0,92
10/18/2020,BUF,NY,AEA,CE,Combined TRACON& Tower with Radar,65,18,12,0,95,0,3,27,0,30,65,21,39,0,125,0,0,0,125
10/19/2020,BUF,NY,AEA,CE,Combined TRACON& Tower with Radar,68,18,16,0,102,0,0,0,0,0,68,18,16,0,102,0,0,0,102
10/20/2020,BUF,NY,AEA,CE,Combined TRACON& Tower with Radar,59,24,24,0,107,0,0,2,0,2,59,24,26,0,109,0,0,0,109
10/21/2020,BUF,NY,AEA,CE,Combined TRACON& Tower with Radar,52,23,24,0,99,0,1,1,0,2,52,24,25,0,101,0,0,0,101
10/22/2020,BUF,NY,AEA,CE,Combined TRACON& Tower with Radar,75,17,15,0,107,0,0,0,2,2,75,17,15,2,109,0,0,0,109
10/23/2020,BUF,NY,AEA,CE,Combined TRACON& Tower with Radar,72,18,16,0,106,0,5,25,0,30,72,23,41,0,136,0,0,0,136
10/24/2020,BUF,NY,AEA,CE,Combined TRACON& Tower with Radar,53,16,9,0,78,0,1,8,0,9,53,17,17,0,87,0,0,0,87
10/25/2020,BUF,NY,AEA,CE,Combined TRACON& Tower with Radar,65,21,9,0,95,0,5,10,0,15,65,26,19,0,110,0,0,0,110
10/26/2020,BUF,NY,AEA,CE,Combined TRACON& Tower with Radar,68,14,23,18,123,0,0,0,0,0,68,14,23,18,123,0,0,0,123
10/27/2020,BUF,NY,AEA,CE,Combined TRACON& Tower with Radar,55,19,10,12,96,0,4,1,2,7,55,23,11,14,103,0,0,0,103
10/28/2020,BUF,NY,AEA,CE,Combined TRACON& Tower with Radar,53,15,10,1,79,0,0,3,1,4,53,15,13,2,83,0,0,0,83
10/29/2020,BUF,NY,AEA,CE,Combined TRACON& Tower with Radar,74,23,13,2,112,0,4,3,0,7,74,27,16,2,119,0,0,0,119
10/30/2020,BUF,NY,AEA,CE,Combined TRACON& Tower with Radar,72,23,13,0,108,0,4,0,0,4,72,27,13,0,112,0,0,0,112
10/31/2020,BUF,NY,AEA,CE,Combined TRACON& Tower with Radar,45,10,15,0,70,0,5,30,0,35,45,15,45,0,105,0,0,0,105
11/01/2020,BUF,NY,AEA,CE,Combined TRACON& Tower with Radar,60,14,17,0,91,0,0,5,0,5,60,14,22,0,96,0,0,0,96
11/02/2020,BUF,NY,AEA,CE,Combined TRACON& Tower with Radar,67,15,4,0,86,0,1,0,0,1,67,16,4,0,87,0,0,0,87
11/03/2020,BUF,NY,AEA,CE,Combined TRACON& Tower with Radar,56,20,13,1,90,0,4,10,2,16,56,24,23,3,106,0,0,0,106
11/04/2020,BUF,NY,AEA,CE,Combined TRACON& Tower with Radar,55,16,5,0,76,0,7,14,0,21,55,23,19,0,97,0,0,0,97
11/05/2020,BUF,NY,AEA,CE,Combined TRACON& Tower with Radar,81,25,12,0,118,0,4,21,2,27,81,29,33,2,145,0,0,0,145
11/06/2020,BUF,NY,AEA,CE,Combined TRACON& Tower with Radar,77,13,25,0,115,0,2,22,1,25,77,15,47,1,140,0,0,0,140
11/07/2020,BUF,NY,AEA,CE,Combined TRACON& Tower with Radar,54,13,22,0,89,0,2,21,0,23,54,15,43,0,112,0,0,0,112
11/08/2020,BUF,NY,AEA,CE,Combined TRACON& Tower with Radar,70,14,15,0,99,0,2,24,1,27,70,16,39,1,126,0,0,0,126
11/09/2020,BUF,NY,AEA,CE,Combined TRACON& Tower with Radar,72,12,21,0,105,0,8,29,0,37,72,20,50,0,142,0,0,0,142
11/10/2020,BUF,NY,AEA,CE,Combined TRACON& Tower with Radar,56,13,17,6,92,0,8,21,0,29,56,21,38,6,121,0,0,0,121
11/11/2020,BUF,NY,AEA,CE,Combined TRACON& Tower with Radar,55,14,11,0,80,0,4,4,0,8,55,18,15,0,88,0,0,0,88
11/12/2020,BUF,NY,AEA,CE,Combined TRACON& Tower with Radar,78,17,35,0,130,0,8,19,0,27,78,25,54,0,157,0,0,0,157
11/13/2020,BUF,NY,AEA,CE,Combined TRACON& Tower with Radar,77,20,15,0,112,0,5,17,0,22,77,25,32,0,134,0,0,0,134
11/14/2020,BUF,NY,AEA,CE,Combined TRACON& Tower with Radar,56,18,10,0,84,0,5,35,0,40,56,23,45,0,124,0,0,0,124
11/15/2020,BUF,NY,AEA,CE,Combined TRACON& Tower with Radar,65,9,4,4,82,0,2,0,0,2,65,11,4,4,84,0,0,0,84
11/16/2020,BUF,NY,AEA,CE,Combined TRACON& Tower with Radar,78,17,7,2,104,0,2,0,0,2,78,19,7,2,106,0,0,0,106
11/17/2020,BUF,NY,AEA,CE,Combined TRACON& Tower with Radar,62,20,9,4,95,0,0,4,0,4,62,20,13,4,99,0,0,0,99
11/18/2020,BUF,NY,AEA,CE,Combined TRACON& Tower with Radar,57,20,26,4,107,0,1,44,0,45,57,21,70,4,152,0,0,0,152
11/19/2020,BUF,NY,AEA,CE,Combined TRACON& Tower with Radar,87,11,7,2,107,0,5,9,0,14,87,16,16,2,121,0,0,0,121
11/20/2020,BUF,NY,AEA,CE,Combined TRACON& Tower with Radar,82,21,10,0,113,0,1,18,0,19,82,22,28,0,132,0,0,0,132
11/21/2020,BUF,NY,AEA,CE,Combined TRACON& Tower with Radar,70,17,11,0,98,0,11,35,0,46,70,28,46,0,144,0,0,0,144
11/22/2020,BUF,NY,AEA,CE,Combined TRACON& Tower with Radar,76,15,6,0,97,0,2,0,0,2,76,17,6,0,99,0,0,0,99
11/23/2020,BUF,NY,AEA,CE,Combined TRACON& Tower with Radar,75,11,9,5,100,0,2,13,0,15,75,13,22,5,115,0,0,0,115
11/24/2020,BUF,NY,AEA,CE,Combined TRACON& Tower with Radar,90,15,5,2,112,0,5,6,0,11,90,20,11,2,123,0,0,0,123
11/25/2020,BUF,NY,AEA,CE,Combined TRACON& Tower with Radar,87,17,7,0,111,0,6,9,0,15,87,23,16,0,126,0,0,0,126
11/26/2020,BUF,NY,AEA,CE,Combined TRACON& Tower with Radar,40,11,7,0,58,0,2,0,0,2,40,13,7,0,60,0,0,0,60
11/27/2020,BUF,NY,AEA,CE,Combined TRACON& Tower with Radar,67,24,7,0,98,0,3,25,0,28,67,27,32,0,126,0,0,0,126
11/28/2020,BUF,NY,AEA,CE,Combined TRACON& Tower with Radar,79,11,11,0,101,0,7,25,0,32,79,18,36,0,133,0,0,0,133
11/29/2020,BUF,NY,AEA,CE,Combined TRACON& Tower with Radar,89,21,12,0,122,0,3,41,0,44,89,24,53,0,166,0,0,0,166
11/30/2020,BUF,NY,AEA,CE,Combined TRACON& Tower with Radar,82,23,7,0,112,0,0,0,0,0,82,23,7,0,112,0,0,0,112
12/01/2020,BUF,NY,AEA,CE,Combined TRACON& Tower with Radar,72,23,1,0,96,0,0,0,0,0,72,23,1,0,96,0,0,0,96
12/02/2020,BUF,NY,AEA,CE,Combined TRACON& Tower with Radar,61,20,7,0,88,0,4,10,0,14,61,24,17,0,102,0,0,0,102
12/03/2020,BUF,NY,AEA,CE,Combined TRACON& Tower with Radar,72,18,13,0,103,0,1,18,0,19,72,19,31,0,122,0,0,0,122
12/04/2020,BUF,NY,AEA,CE,Combined TRACON& Tower with Radar,65,23,6,2,96,0,3,1,0,4,65,26,7,2,100,0,0,0,100
12/05/2020,BUF,NY,AEA,CE,Combined TRACON& Tower with Radar,50,13,6,0,69,0,0,6,0,6,50,13,12,0,75,0,0,0,75
12/06/2020,BUF,NY,AEA,CE,Combined TRACON& Tower with Radar,59,13,9,0,81,0,2,42,0,44,59,15,51,0,125,0,0,0,125
12/07/2020,BUF,NY,AEA,CE,Combined TRACON& Tower with Radar,58,10,14,4,86,0,8,42,0,50,58,18,56,4,136,0,0,0,136
12/08/2020,BUF,NY,AEA,CE,Combined TRACON& Tower with Radar,59,25,13,0,97,0,2,10,0,12,59,27,23,0,109,0,0,0,109
12/09/2020,BUF,NY,AEA,CE,Combined TRACON& Tower with Radar,51,25,12,0,88,0,0,0,0,0,51,25,12,0,88,0,0,0,88
12/10/2020,BUF,NY,AEA,CE,Combined TRACON& Tower with Radar,69,27,17,2,115,0,0,43,0,43,69,27,60,2,158,0,0,0,158
12/11/2020,BUF,NY,AEA,CE,Combined TRACON& Tower with Radar,63,22,26,0,111,0,6,44,0,50,63,28,70,0,161,0,0,0,161
12/12/2020,BUF,NY,AEA,CE,Combined TRACON& Tower with Radar,54,8,9,0,71,0,0,2,0,2,54,8,11,0,73,0,0,0,73
12/13/2020,BUF,NY,AEA,CE,Combined TRACON& Tower with Radar,58,23,5,0,86,0,2,6,0,8,58,25,11,0,94,0,0,0,94
12/14/2020,BUF,NY,AEA,CE,Combined TRACON& Tower with Radar,61,20,9,0,90,0,1,25,0,26,61,21,34,0,116,0,0,0,116
12/15/2020,BUF,NY,AEA,CE,Combined TRACON& Tower with Radar,59,30,9,0,98,0,5,4,0,9,59,35,13,0,107,0,0,0,107
12/16/2020,BUF,NY,AEA,CE,Combined TRACON& Tower with Radar,53,21,11,0,85,0,10,14,1,25,53,31,25,1,110,0,0,0,110
12/17/2020,BUF,NY,AEA,CE,Combined TRACON& Tower with Radar,70,22,8,2,102,0,2,0,0,2,70,24,8,2,104,0,0,0,104
12/18/2020,BUF,NY,AEA,CE,Combined TRACON& Tower with Radar,83,35,26,0,144,0,2,57,0,59,83,37,83,0,203,0,0,0,203
12/19/2020,BUF,NY,AEA,CE,Combined TRACON& Tower with Radar,83,15,8,0,106,0,4,41,0,45,83,19,49,0,151,0,0,0,151
12/20/2020,BUF,NY,AEA,CE,Combined TRACON& Tower with Radar,81,17,9,0,107,0,0,0,0,0,81,17,9,0,107,0,0,0,107
12/21/2020,BUF,NY,AEA,CE,Combined TRACON& Tower with Radar,81,13,16,0,110,0,7,27,0,34,81,20,43,0,144,0,0,0,144
12/22/2020,BUF,NY,AEA,CE,Combined TRACON& Tower with Radar,88,20,18,0,126,0,10,17,0,27,88,30,35,0,153,0,0,0,153
12/23/2020,BUF,NY,AEA,CE,Combined TRACON& Tower with Radar,95,26,16,0,137,0,3,28,0,31,95,29,44,0,168,0,0,0,168
12/24/2020,BUF,NY,AEA,CE,Combined TRACON& Tower with Radar,65,29,1,0,95,0,0,0,0,0,65,29,1,0,95,0,0,0,95
12/25/2020,BUF,NY,AEA,CE,Combined TRACON& Tower with Radar,43,8,2,0,53,0,0,0,0,0,43,8,2,0,53,0,0,0,53
12/26/2020,BUF,NY,AEA,CE,Combined TRACON& Tower with Radar,35,11,7,0,53,0,0,0,0,0,35,11,7,0,53,0,0,0,53
12/27/2020,BUF,NY,AEA,CE,Combined TRACON& Tower with Radar,85,19,23,0,127,0,2,48,0,50,85,21,71,0,177,0,0,0,177
12/28/2020,BUF,NY,AEA,CE,Combined TRACON& Tower with Radar,79,19,9,0,107,0,4,0,0,4,79,23,9,0,111,0,0,0,111
12/29/2020,BUF,NY,AEA,CE,Combined TRACON& Tower with Radar,85,22,17,2,126,0,20,64,0,84,85,42,81,2,210,0,0,0,210
12/30/2020,BUF,NY,AEA,CE,Combined TRACON& Tower with Radar,80,17,7,0,104,0,10,0,0,10,80,27,7,0,114,0,0,0,114
12/31/2020,BUF,NY,AEA,CE,Combined TRACON& Tower with Radar,63,15,4,0,82,0,4,39,0,43,63,19,43,0,125,0,0,0,125
01/01/2021,BUF,NY,AEA,CE,Combined TRACON& Tower with Radar,49,3,5,0,57,0,2,31,0,33,49,5,36,0,90,0,0,0,90
01/02/2021,BUF,NY,AEA,CE,Combined TRACON& Tower with Radar,73,9,12,0,94,0,0,6,0,6,73,9,18,0,100,0,0,0,100
01/03/2021,BUF,NY,AEA,CE,Combined TRACON& Tower with Radar,83,15,18,0,116,0,1,0,0,1,83,16,18,0,117,0,0,0,117
01/04/2021,BUF,NY,AEA,CE,Combined TRACON& Tower with Radar,76,8,16,0,100,0,2,1,0,3,76,10,17,0,103,0,0,0,103
01/05/2021,BUF,NY,AEA,CE,Combined TRACON& Tower with Radar,69,23,8,0,100,0,2,4,0,6,69,25,12,0,106,0,0,0,106
01/06/2021,BUF,NY,AEA,CE,Combined TRACON& Tower with Radar,62,16,7,0,85,0,0,9,0,9,62,16,16,0,94,0,0,0,94
01/07/2021,BUF,NY,AEA,CE,Combined TRACON& Tower with Radar,60,25,5,0,90,0,3,22,0,25,60,28,27,0,115,0,0,0,115
01/08/2021,BUF,NY,AEA,CE,Combined TRACON& Tower with Radar,56,17,16,0,89,0,0,0,0,0,56,17,16,0,89,0,0,0,89
01/09/2021,BUF,NY,AEA,CE,Combined TRACON& Tower with Radar,49,18,18,0,85,0,4,56,0,60,49,22,74,0,145,0,0,0,145
01/10/2021,BUF,NY,AEA,CE,Combined TRACON& Tower with Radar,47,14,22,0,83,0,2,3,0,5,47,16,25,0,88,0,0,0,88
01/11/2021,BUF,NY,AEA,CE,Combined TRACON& Tower with Radar,50,23,15,0,88,0,0,9,0,9,50,23,24,0,97,0,0,0,97
01/12/2021,BUF,NY,AEA,CE,Combined TRACON& Tower with Radar,54,16,11,0,81,0,0,4,0,4,54,16,15,0,85,0,0,0,85
01/13/2021,BUF,NY,AEA,CE,Combined TRACON& Tower with Radar,56,30,22,4,112,0,0,11,1,12,56,30,33,5,124,0,0,0,124
01/14/2021,BUF,NY,AEA,CE,Combined TRACON& Tower with Radar,62,17,4,0,83,0,2,3,1,6,62,19,7,1,89,0,0,0,89
01/15/2021,BUF,NY,AEA,CE,Combined TRACON& Tower with Radar,58,27,13,2,100,0,2,14,0,16,58,29,27,2,116,0,0,0,116
01/16/2021,BUF,NY,AEA,CE,Combined TRACON& Tower with Radar,47,16,10,0,73,0,9,11,0,20,47,25,21,0,93,0,0,0,93
01/17/2021,BUF,NY,AEA,CE,Combined TRACON& Tower with Radar,49,15,7,0,71,0,0,20,0,20,49,15,27,0,91,0,0,0,91
01/18/2021,BUF,NY,AEA,CE,Combined TRACON& Tower with Radar,49,18,9,0,76,0,3,0,0,3,49,21,9,0,79,0,0,0,79
01/19/2021,BUF,NY,AEA,CE,Combined TRACON& Tower with Radar,58,10,11,2,81,0,0,1,0,1,58,10,12,2,82,0,0,0,82
01/20/2021,BUF,NY,AEA,CE,Combined TRACON& Tower with Radar,56,20,14,0,90,0,4,8,0,12,56,24,22,0,102,0,0,0,102
01/21/2021,BUF,NY,AEA,CE,Combined TRACON& Tower with Radar,63,23,2,0,88,0,2,0,0,2,63,25,2,0,90,0,0,0,90
01/22/2021,BUF,NY,AEA,CE,Combined TRACON& Tower with Radar,57,22,8,0,87,0,2,0,0,2,57,24,8,0,89,0,0,0,89
01/23/2021,BUF,NY,AEA,CE,Combined TRACON& Tower with Radar,53,16,18,0,87,0,6,18,0,24,53,22,36,0,111,0,0,0,111
01/24/2021,BUF,NY,AEA,CE,Combined TRACON& Tower with Radar,49,24,18,0,91,0,1,16,1,18,49,25,34,1,109,0,0,0,109
01/25/2021,BUF,NY,AEA,CE,Combined TRACON& Tower with Radar,56,34,23,2,115,0,2,22,4,28,56,36,45,6,143,0,0,0,143
01/26/2021,BUF,NY,AEA,CE,Combined TRACON& Tower with Radar,54,19,13,0,86,0,0,0,0,0,54,19,13,0,86,0,0,0,86
01/27/2021,BUF,NY,AEA,CE,Combined TRACON& Tower with Radar,55,22,14,0,91,0,6,3,0,9,55,28,17,0,100,0,0,0,100
01/28/2021,BUF,NY,AEA,CE,Combined TRACON& Tower with Radar,63,20,9,0,92,0,10,0,0,10,63,30,9,0,102,0,0,0,102
01/29/2021,BUF,NY,AEA,CE,Combined TRACON& Tower with Radar,59,24,8,0,91,0,0,0,0,0,59,24,8,0,91,0,0,0,91
01/30/2021,BUF,NY,AEA,CE,Combined TRACON& Tower with Radar,47,16,6,0,69,0,2,9,0,11,47,18,15,0,80,0,0,0,80
01/31/2021,BUF,NY,AEA,CE,Combined TRACON& Tower with Radar,43,21,11,0,75,0,0,15,0,15,43,21,26,0,90,0,0,0,90
02/01/2021,BUF,NY,AEA,CE,Combined TRACON& Tower with Radar,38,21,3,0,62,0,0,0,0,0,38,21,3,0,62,0,0,0,62
02/02/2021,BUF,NY,AEA,CE,Combined TRACON& Tower with Radar,53,16,8,2,79,0,2,2,0,4,53,18,10,2,83,0,0,0,83
02/03/2021,BUF,NY,AEA,CE,Combined TRACON& Tower with Radar,56,18,23,0,97,0,4,29,2,35,56,22,52,2,132,0,0,0,132
02/04/2021,BUF,NY,AEA,CE,Combined TRACON& Tower with Radar,59,24,14,0,97,0,5,21,0,26,59,29,35,0,123,0,0,0,123
02/05/2021,BUF,NY,AEA,CE,Combined TRACON& Tower with Radar,45,18,1,0,64,0,0,0,0,0,45,18,1,0,64,0,0,0,64
02/06/2021,BUF,NY,AEA,CE,Combined TRACON& Tower with Radar,41,11,2,0,54,0,0,0,0,0,41,11,2,0,54,0,0,0,54
02/07/2021,BUF,NY,AEA,CE,Combined TRACON& Tower with Radar,46,22,7,0,75,0,0,5,0,5,46,22,12,0,80,0,0,0,80
02/08/2021,BUF,NY,AEA,CE,Combined TRACON& Tower with Radar,51,26,13,0,90,0,3,5,0,8,51,29,18,0,98,0,0,0,98
02/09/2021,BUF,NY,AEA,CE,Combined TRACON& Tower with Radar,54,17,7,0,78,0,0,1,0,1,54,17,8,0,79,0,0,0,79
02/10/2021,BUF,NY,AEA,CE,Combined TRACON& Tower with Radar,57,17,18,2,94,0,5,28,2,35,57,22,46,4,129,0,0,0,129
02/11/2021,BUF,NY,AEA,CE,Combined TRACON& Tower with Radar,62,22,8,2,94,0,4,5,0,9,62,26,13,2,103,0,0,0,103
02/12/2021,BUF,NY,AEA,CE,Combined TRACON& Tower with Radar,69,27,8,0,104,0,6,12,0,18,69,33,20,0,122,0,0,0,122
02/13/2021,BUF,NY,AEA,CE,Combined TRACON& Tower with Radar,58,19,8,0,85,0,2,15,0,17,58,21,23,0,102,0,0,0,102
02/14/2021,BUF,NY,AEA,CE,Combined TRACON& Tower with Radar,56,21,4,0,81,0,4,4,0,8,56,25,8,0,89,0,0,0,89
02/15/2021,BUF,NY,AEA,CE,Combined TRACON& Tower with Radar,48,22,7,0,77,0,0,0,0,0,48,22,7,0,77,0,0,0,77
02/16/2021,BUF,NY,AEA,CE,Combined TRACON& Tower with Radar,44,14,5,0,63,0,0,0,0,0,44,14,5,0,63,0,0,0,63
02/17/2021,BUF,NY,AEA,CE,Combined TRACON& Tower with Radar,56,24,12,0,92,0,4,18,0,22,56,28,30,0,114,0,0,0,114
02/18/2021,BUF,NY,AEA,CE,Combined TRACON& Tower with Radar,51,20,9,0,80,0,0,7,0,7,51,20,16,0,87,0,0,0,87
02/19/2021,BUF,NY,AEA,CE,Combined TRACON& Tower with Radar,54,23,17,0,94,0,1,0,0,1,54,24,17,0,95,0,0,0,95
02/20/2021,BUF,NY,AEA,CE,Combined TRACON& Tower with Radar,55,18,11,0,84,0,0,3,0,3,55,18,14,0,87,0,0,0,87
02/21/2021,BUF,NY,AEA,CE,Combined TRACON& Tower with Radar,55,27,18,0,100,0,0,17,0,17,55,27,35,0,117,0,0,0,117
02/22/2021,BUF,NY,AEA,CE,Combined TRACON& Tower with Radar,55,23,8,0,86,0,0,0,0,0,55,23,8,0,86,0,0,0,86
02/23/2021,BUF,NY,AEA,CE,Combined TRACON& Tower with Radar,54,14,7,0,75,0,1,0,0,1,54,15,7,0,76,0,0,0,76
02/24/2021,BUF,NY,AEA,CE,Combined TRACON& Tower with Radar,62,23,17,0,102,0,4,15,0,19,62,27,32,0,121,0,0,0,121
02/25/2021,BUF,NY,AEA,CE,Combined TRACON& Tower with Radar,65,33,7,0,105,0,5,17,0,22,65,38,24,0,127,0,0,0,127
02/26/2021,BUF,NY,AEA,CE,Combined TRACON& Tower with Radar,61,39,12,0,112,0,4,33,0,37,61,43,45,0,149,0,0,0,149
02/27/2021,BUF,NY,AEA,CE,Combined TRACON& Tower with Radar,57,17,6,0,80,0,1,0,0,1,57,18,6,0,81,0,0,0,81
02/28/2021,BUF,NY,AEA,CE,Combined TRACON& Tower with Radar,54,23,16,0,93,0,1,4,0,5,54,24,20,0,98,0,0,0,98
03/01/2021,BUF,NY,AEA,CE,Combined TRACON& Tower with Radar,61,22,12,0,95,0,0,4,0,4,61,22,16,0,99,0,0,0,99
03/02/2021,BUF,NY,AEA,CE,Combined TRACON& Tower with Radar,53,23,16,0,92,0,7,26,0,33,53,30,42,0,125,0,0,0,125
03/03/2021,BUF,NY,AEA,CE,Combined TRACON& Tower with Radar,52,21,10,0,83,0,11,12,0,23,52,32,22,0,106,0,0,0,106
03/04/2021,BUF,NY,AEA,CE,Combined TRACON& Tower with Radar,60,32,10,0,102,0,3,10,0,13,60,35,20,0,115,0,0,0,115
03/05/2021,BUF,NY,AEA,CE,Combined TRACON& Tower with Radar,53,43,17,0,113,0,2,4,0,6,53,45,21,0,119,0,0,0,119
03/06/2021,BUF,NY,AEA,CE,Combined TRACON& Tower with Radar,51,30,3,0,84,0,0,10,0,10,51,30,13,0,94,0,0,0,94
03/07/2021,BUF,NY,AEA,CE,Combined TRACON& Tower with Radar,60,32,18,0,110,0,4,19,0,23,60,36,37,0,133,0,0,0,133
03/08/2021,BUF,NY,AEA,CE,Combined TRACON& Tower with Radar,68,25,21,0,114,0,9,18,0,27,68,34,39,0,141,0,0,0,141
03/09/2021,BUF,NY,AEA,CE,Combined TRACON& Tower with Radar,57,19,11,0,87,0,4,29,2,35,57,23,40,2,122,0,0,0,122
03/10/2021,BUF,NY,AEA,CE,Combined TRACON& Tower with Radar,60,28,14,2,104,0,3,8,0,11,60,31,22,2,115,0,0,0,115
03/11/2021,BUF,NY,AEA,CE,Combined TRACON& Tower with Radar,64,36,13,2,115,0,1,0,0,1,64,37,13,2,116,0,0,0,116
03/12/2021,BUF,NY,AEA,CE,Combined TRACON& Tower with Radar,63,27,12,1,103,0,11,6,1,18,63,38,18,2,121,0,0,0,121
03/13/2021,BUF,NY,AEA,CE,Combined TRACON& Tower with Radar,55,24,13,0,92,0,5,25,0,30,55,29,38,0,122,0,0,0,122
03/14/2021,BUF,NY,AEA,CE,Combined TRACON& Tower with Radar,52,30,8,0,90,0,5,5,0,10,52,35,13,0,100,0,0,0,100
03/15/2021,BUF,NY,AEA,CE,Combined TRACON& Tower with Radar,56,41,16,0,113,0,4,9,0,13,56,45,25,0,126,0,0,0,126
03/16/2021,BUF,NY,AEA,CE,Combined TRACON& Tower with Radar,65,26,11,0,102,0,6,1,1,8,65,32,12,1,110,0,0,0,110
03/17/2021,BUF,NY,AEA,CE,Combined TRACON& Tower with Radar,63,31,22,0,116,0,2,14,1,17,63,33,36,1,133,0,0,0,133
03/18/2021,BUF,NY,AEA,CE,Combined TRACON& Tower with Radar,66,34,7,0,107,0,0,0,0,0,66,34,7,0,107,0,0,0,107
03/19/2021,BUF,NY,AEA,CE,Combined TRACON& Tower with Radar,63,36,26,0,125,0,4,13,0,17,63,40,39,0,142,0,0,0,142
03/20/2021,BUF,NY,AEA,CE,Combined TRACON& Tower with Radar,54,28,12,0,94,0,4,27,0,31,54,32,39,0,125,0,0,0,125
03/21/2021,BUF,NY,AEA,CE,Combined TRACON& Tower with Radar,53,27,21,0,101,0,3,35,1,39,53,30,56,1,140,0,0,0,140
03/22/2021,BUF,NY,AEA,CE,Combined TRACON& Tower with Radar,61,31,14,0,106,0,5,22,0,27,61,36,36,0,133,0,0,0,133
03/23/2021,BUF,NY,AEA,CE,Combined TRACON& Tower with Radar,65,27,27,0,119,0,8,27,0,35,65,35,54,0,154,0,0,0,154
03/24/2021,BUF,NY,AEA,CE,Combined TRACON& Tower with Radar,67,27,29,2,125,0,5,8,0,13,67,32,37,2,138,0,0,0,138
03/25/2021,BUF,NY,AEA,CE,Combined TRACON& Tower with Radar,72,37,11,1,121,0,5,10,3,18,72,42,21,4,139,0,0,0,139
03/26/2021,BUF,NY,AEA,CE,Combined TRACON& Tower with Radar,68,41,6,0,115,0,0,0,0,0,68,41,6,0,115,0,0,0,115
03/27/2021,BUF,NY,AEA,CE,Combined TRACON& Tower with Radar,63,22,8,0,93,0,1,0,0,1,63,23,8,0,94,0,0,0,94
03/28/2021,BUF,NY,AEA,CE,Combined TRACON& Tower with Radar,64,29,13,0,106,0,2,0,0,2,64,31,13,0,108,0,0,0,108
03/29/2021,BUF,NY,AEA,CE,Combined TRACON& Tower with Radar,66,29,7,4,106,0,0,9,0,9,66,29,16,4,115,0,0,0,115
03/30/2021,BUF,NY,AEA,CE,Combined TRACON& Tower with Radar,66,30,19,0,115,0,2,11,2,15,66,32,30,2,130,0,0,0,130
03/31/2021,BUF,NY,AEA,CE,Combined TRACON& Tower with Radar,75,32,20,0,127,0,3,1,1,5,75,35,21,1,132,0,0,0,132
04/01/2021,BUF,NY,AEA,CE,Combined TRACON& Tower with Radar,80,46,12,2,140,0,2,5,1,8,80,48,17,3,148,0,0,0,148
04/02/2021,BUF,NY,AEA,CE,Combined TRACON& Tower with Radar,74,33,15,1,123,0,2,16,1,19,74,35,31,2,142,0,0,0,142
04/03/2021,BUF,NY,AEA,CE,Combined TRACON& Tower with Radar,66,35,13,0,114,0,2,9,0,11,66,37,22,0,125,0,0,0,125
04/04/2021,BUF,NY,AEA,CE,Combined TRACON& Tower with Radar,65,30,15,0,110,0,5,8,0,13,65,35,23,0,123,0,0,0,123
04/05/2021,BUF,NY,AEA,CE,Combined TRACON& Tower with Radar,69,25,18,0,112,0,7,9,2,18,69,32,27,2,130,0,0,0,130
04/06/2021,BUF,NY,AEA,CE,Combined TRACON& Tower with Radar,72,25,11,0,108,0,7,17,3,27,72,32,28,3,135,0,0,0,135
04/07/2021,BUF,NY,AEA,CE,Combined TRACON& Tower with Radar,73,31,12,0,116,0,13,8,2,23,73,44,20,2,139,0,0,0,139
04/08/2021,BUF,NY,AEA,CE,Combined TRACON& Tower with Radar,86,35,10,0,131,0,4,19,0,23,86,39,29,0,154,0,0,0,154
04/09/2021,BUF,NY,AEA,CE,Combined TRACON& Tower with Radar,83,27,15,0,125,0,4,8,0,12,83,31,23,0,137,0,0,0,137
04/10/2021,BUF,NY,AEA,CE,Combined TRACON& Tower with Radar,81,35,16,0,132,0,7,22,0,29,81,42,38,0,161,0,0,0,161
04/11/2021,BUF,NY,AEA,CE,Combined TRACON& Tower with Radar,69,31,22,0,122,0,0,2,0,2,69,31,24,0,124,0,0,0,124
04/12/2021,BUF,NY,AEA,CE,Combined TRACON& Tower with Radar,82,29,23,1,135,0,0,0,0,0,82,29,23,1,135,0,0,0,135
04/13/2021,BUF,NY,AEA,CE,Combined TRACON& Tower with Radar,76,25,26,0,127,0,0,8,2,10,76,25,34,2,137,0,0,0,137
04/14/2021,BUF,NY,AEA,CE,Combined TRACON& Tower with Radar,70,20,26,0,116,0,8,28,2,38,70,28,54,2,154,0,0,0,154
04/15/2021,BUF,NY,AEA,CE,Combined TRACON& Tower with Radar,87,33,16,0,136,0,3,1,1,5,87,36,17,1,141,0,0,0,141
04/16/2021,BUF,NY,AEA,CE,Combined TRACON& Tower with Radar,87,35,9,0,131,0,0,1,1,2,87,35,10,1,133,0,0,0,133
04/17/2021,BUF,NY,AEA,CE,Combined TRACON& Tower with Radar,62,20,12,0,94,0,4,7,0,11,62,24,19,0,105,0,0,0,105
04/18/2021,BUF,NY,AEA,CE,Combined TRACON& Tower with Radar,78,26,12,0,116,0,6,13,0,19,78,32,25,0,135,0,0,0,135
04/19/2021,BUF,NY,AEA,CE,Combined TRACON& Tower with Radar,82,29,14,4,129,0,5,17,2,24,82,34,31,6,153,0,0,0,153
04/20/2021,BUF,NY,AEA,CE,Combined TRACON& Tower with Radar,69,20,22,0,111,0,4,12,0,16,69,24,34,0,127,0,0,0,127
04/21/2021,BUF,NY,AEA,CE,Combined TRACON& Tower with Radar,68,19,9,0,96,0,2,1,0,3,68,21,10,0,99,0,0,0,99
04/22/2021,BUF,NY,AEA,CE,Combined TRACON& Tower with Radar,86,37,19,0,142,0,13,7,0,20,86,50,26,0,162,0,0,0,162
04/23/2021,BUF,NY,AEA,CE,Combined TRACON& Tower with Radar,81,30,13,0,124,0,19,21,0,40,81,49,34,0,164,0,0,0,164
04/24/2021,BUF,NY,AEA,CE,Combined TRACON& Tower with Radar,62,25,18,0,105,0,10,34,0,44,62,35,52,0,149,0,0,0,149
04/25/2021,BUF,NY,AEA,CE,Combined TRACON& Tower with Radar,77,33,17,0,127,0,0,3,0,3,77,33,20,0,130,0,0,0,130
04/26/2021,BUF,NY,AEA,CE,Combined TRACON& Tower with Radar,82,27,10,2,121,0,12,20,0,32,82,39,30,2,153,0,0,0,153
04/27/2021,BUF,NY,AEA,CE,Combined TRACON& Tower with Radar,71,25,11,2,109,0,7,23,0,30,71,32,34,2,139,0,0,0,139
04/28/2021,BUF,NY,AEA,CE,Combined TRACON& Tower with Radar,69,22,17,0,108,0,2,6,0,8,69,24,23,0,116,0,0,0,116
04/29/2021,BUF,NY,AEA,CE,Combined TRACON& Tower with Radar,93,43,21,0,157,0,0,0,0,0,93,43,21,0,157,0,0,0,157
04/30/2021,BUF,NY,AEA,CE,Combined TRACON& Tower with Radar,83,28,39,0,150,0,8,2,0,10,83,36,41,0,160,0,0,0,160
05/01/2021,BUF,NY,AEA,CE,Combined TRACON& Tower with Radar,62,26,27,0,115,0,4,35,0,39,62,30,62,0,154,0,0,0,154
05/02/2021,BUF,NY,AEA,CE,Combined TRACON& Tower with Radar,88,27,21,0,136,0,3,8,0,11,88,30,29,0,147,0,0,0,147
05/03/2021,BUF,NY,AEA,CE,Combined TRACON& Tower with Radar,79,38,18,0,135,0,6,1,0,7,79,44,19,0,142,0,0,0,142
05/04/2021,BUF,NY,AEA,CE,Combined TRACON& Tower with Radar,70,35,13,0,118,0,0,0,0,0,70,35,13,0,118,0,0,0,118
05/05/2021,BUF,NY,AEA,CE,Combined TRACON& Tower with Radar,74,29,16,0,119,0,4,6,0,10,74,33,22,0,129,0,0,0,129
05/06/2021,BUF,NY,AEA,CE,Combined TRACON& Tower with Radar,97,32,18,0,147,0,6,26,0,32,97,38,44,0,179,0,0,0,179
05/07/2021,BUF,NY,AEA,CE,Combined TRACON& Tower with Radar,91,35,11,0,137,0,0,0,0,0,91,35,11,0,137,0,0,0,137
05/08/2021,BUF,NY,AEA,CE,Combined TRACON& Tower with Radar,77,34,22,0,133,0,0,13,0,13,77,34,35,0,146,0,0,0,146
05/09/2021,BUF,NY,AEA,CE,Combined TRACON& Tower with Radar,86,28,16,0,130,0,0,11,0,11,86,28,27,0,141,0,0,0,141
05/10/2021,BUF,NY,AEA,CE,Combined TRACON& Tower with Radar,87,25,20,0,132,0,0,32,0,32,87,25,52,0,164,0,0,0,164
05/11/2021,BUF,NY,AEA,CE,Combined TRACON& Tower with Radar,85,19,21,0,125,0,2,12,0,14,85,21,33,0,139,0,0,0,139
05/12/2021,BUF,NY,AEA,CE,Combined TRACON& Tower with Radar,85,34,21,1,141,0,11,23,0,34,85,45,44,1,175,0,0,0,175
05/13/2021,BUF,NY,AEA,CE,Combined TRACON& Tower with Radar,99,22,10,0,131,0,5,18,0,23,99,27,28,0,154,0,0,0,154
05/14/2021,BUF,NY,AEA,CE,Combined TRACON& Tower with Radar,94,21,16,0,131,0,9,24,2,35,94,30,40,2,166,0,0,0,166
05/15/2021,BUF,NY,AEA,CE,Combined TRACON& Tower with Radar,78,25,20,0,123,1,2,29,0,32,79,27,49,0,155,0,0,0,155
05/16/2021,BUF,NY,AEA,CE,Combined TRACON& Tower with Radar,86,31,18,0,135,0,9,20,0,29,86,40,38,0,164,0,0,0,164
05/17/2021,BUF,NY,AEA,CE,Combined TRACON& Tower with Radar,92,21,18,0,131,0,9,30,0,39,92,30,48,0,170,0,0,0,170
05/18/2021,BUF,NY,AEA,CE,Combined TRACON& Tower with Radar,84,35,17,0,136,0,12,27,0,39,84,47,44,0,175,0,0,0,175
05/19/2021,BUF,NY,AEA,CE,Combined TRACON& Tower with Radar,90,35,15,2,142,0,5,35,0,40,90,40,50,2,182,0,0,0,182
05/20/2021,BUF,NY,AEA,CE,Combined TRACON& Tower with Radar,98,38,21,0,157,0,15,22,0,37,98,53,43,0,194,0,0,0,194
05/21/2021,BUF,NY,AEA,CE,Combined TRACON& Tower with Radar,94,28,18,0,140,0,8,22,0,30,94,36,40,0,170,0,0,0,170
05/22/2021,BUF,NY,AEA,CE,Combined TRACON& Tower with Radar,77,25,11,0,113,0,0,13,0,13,77,25,24,0,126,0,0,0,126
05/23/2021,BUF,NY,AEA,CE,Combined TRACON& Tower with Radar,86,37,14,0,137,0,6,10,0,16,86,43,24,0,153,0,0,0,153
05/24/2021,BUF,NY,AEA,CE,Combined TRACON& Tower with Radar,91,19,15,0,125,0,13,36,0,49,91,32,51,0,174,0,0,0,174
05/25/2021,BUF,NY,AEA,CE,Combined TRACON& Tower with Radar,85,25,21,0,131,0,20,25,0,45,85,45,46,0,176,0,0,0,176
05/26/2021,BUF,NY,AEA,CE,Combined TRACON& Tower with Radar,84,33,23,6,146,0,5,1,0,6,84,38,24,6,152,0,0,0,152
05/27/2021,BUF,NY,AEA,CE,Combined TRACON& Tower with Radar,102,28,25,0,155,0,6,36,0,42,102,34,61,0,197,0,0,0,197
05/28/2021,BUF,NY,AEA,CE,Combined TRACON& Tower with Radar,93,29,17,1,140,0,2,0,0,2,93,31,17,1,142,0,0,0,142
05/29/2021,BUF,NY,AEA,CE,Combined TRACON& Tower with Radar,70,20,19,0,109,0,2,27,0,29,70,22,46,0,138,0,0,0,138
05/30/2021,BUF,NY,AEA,CE,Combined TRACON& Tower with Radar,80,32,18,0,130,0,5,30,0,35,80,37,48,0,165,0,0,0,165
05/31/2021,BUF,NY,AEA,CE,Combined TRACON& Tower with Radar,81,25,17,0,123,0,7,27,2,36,81,32,44,2,159,0,0,0,159
06/01/2021,BUF,NY,AEA,CE,Combined TRACON& Tower with Radar,82,22,23,0,127,0,11,24,2,37,82,33,47,2,164,0,0,0,164
06/02/2021,BUF,NY,AEA,CE,Combined TRACON& Tower with Radar,89,37,25,0,151,0,4,16,0,20,89,41,41,0,171,0,0,0,171
06/03/2021,BUF,NY,AEA,CE,Combined TRACON& Tower with Radar,104,36,28,0,168,0,1,1,0,2,104,37,29,0,170,0,0,0,170
06/04/2021,BUF,NY,AEA,CE,Combined TRACON& Tower with Radar,103,35,12,8,158,0,1,27,0,28,103,36,39,8,186,0,0,0,186
06/05/2021,BUF,NY,AEA,CE,Combined TRACON& Tower with Radar,86,38,12,0,136,0,6,16,1,23,86,44,28,1,159,0,0,0,159
06/06/2021,BUF,NY,AEA,CE,Combined TRACON& Tower with Radar,103,34,22,0,159,0,6,19,2,27,103,40,41,2,186,0,0,0,186
06/07/2021,BUF,NY,AEA,CE,Combined TRACON& Tower with Radar,100,30,19,0,149,0,4,18,0,22,100,34,37,0,171,0,0,0,171
06/08/2021,BUF,NY,AEA,CE,Combined TRACON& Tower with Radar,100,36,16,0,152,0,2,2,0,4,100,38,18,0,156,0,0,0,156
06/09/2021,BUF,NY,AEA,CE,Combined TRACON& Tower with Radar,101,34,12,5,152,0,5,6,5,16,101,39,18,10,168,0,0,0,168
06/10/2021,BUF,NY,AEA,CE,Combined TRACON& Tower with Radar,107,37,20,10,174,0,7,29,0,36,107,44,49,10,210,0,0,0,210
06/11/2021,BUF,NY,AEA,CE,Combined TRACON& Tower with Radar,104,29,13,2,148,0,4,22,0,26,104,33,35,2,174,0,0,0,174
06/12/2021,BUF,NY,AEA,CE,Combined TRACON& Tower with Radar,99,38,16,0,153,0,3,23,0,26,99,41,39,0,179,0,0,0,179
06/13/2021,BUF,NY,AEA,CE,Combined TRACON& Tower with Radar,94,36,26,0,156,0,4,19,0,23,94,40,45,0,179,0,0,0,179
06/14/2021,BUF,NY,AEA,CE,Combined TRACON& Tower with Radar,100,36,12,0,148,0,11,8,2,21,100,47,20,2,169,0,0,0,169
06/15/2021,BUF,NY,AEA,CE,Combined TRACON& Tower with Radar,109,43,32,4,188,0,2,17,0,19,109,45,49,4,207,0,0,0,207
06/16/2021,BUF,NY,AEA,CE,Combined TRACON& Tower with Radar,105,41,32,0,178,0,13,25,0,38,105,54,57,0,216,0,0,0,216
06/17/2021,BUF,NY,AEA,CE,Combined TRACON& Tower with Radar,108,43,21,2,174,0,6,32,10,48,108,49,53,12,222,0,0,0,222
06/18/2021,BUF,NY,AEA,CE,Combined TRACON& Tower with Radar,103,38,20,6,167,0,4,14,4,22,103,42,34,10,189,0,0,0,189
06/19/2021,BUF,NY,AEA,CE,Combined TRACON& Tower with Radar,101,33,11,1,146,0,5,11,5,21,101,38,22,6,167,0,0,0,167
06/20/2021,BUF,NY,AEA,CE,Combined TRACON& Tower with Radar,89,40,4,0,133,0,6,10,4,20,89,46,14,4,153,0,0,0,153
06/21/2021,BUF,NY,AEA,CE,Combined TRACON& Tower with Radar,102,36,9,1,148,0,4,4,0,8,102,40,13,1,156,0,0,0,156
06/22/2021,BUF,NY,AEA,CE,Combined TRACON& Tower with Radar,108,30,22,0,160,0,2,32,0,34,108,32,54,0,194,0,0,0,194
06/23/2021,BUF,NY,AEA,CE,Combined TRACON& Tower with Radar,106,41,31,0,178,0,4,35,0,39,106,45,66,0,217,0,0,0,217
06/24/2021,BUF,NY,AEA,CE,Combined TRACON& Tower with Radar,109,41,23,0,173,0,10,21,0,31,109,51,44,0,204,0,0,0,204
06/25/2021,BUF,NY,AEA,CE,Combined TRACON& Tower with Radar,103,37,19,0,159,0,1,12,0,13,103,38,31,0,172,0,0,0,172
06/26/2021,BUF,NY,AEA,CE,Combined TRACON& Tower with Radar,96,30,12,0,138,0,1,5,0,6,96,31,17,0,144,0,0,0,144
06/27/2021,BUF,NY,AEA,CE,Combined TRACON& Tower with Radar,95,34,25,0,154,0,2,16,0,18,95,36,41,0,172,0,0,0,172
06/28/2021,BUF,NY,AEA,CE,Combined TRACON& Tower with Radar,99,38,15,0,152,0,2,16,0,18,99,40,31,0,170,0,0,0,170
06/29/2021,BUF,NY,AEA,CE,Combined TRACON& Tower with Radar,102,35,19,6,162,0,2,31,0,33,102,37,50,6,195,0,0,0,195
06/30/2021,BUF,NY,AEA,CE,Combined TRACON& Tower with Radar,106,35,15,2,158,0,12,1,0,13,106,47,16,2,171,0,0,0,171
07/01/2021,BUF,NY,AEA,CE,Combined TRACON& Tower with Radar,109,45,21,0,175,0,6,3,0,9,109,51,24,0,184,0,0,0,184
07/02/2021,BUF,NY,AEA,CE,Combined TRACON& Tower with Radar,106,33,17,0,156,0,5,1,0,6,106,38,18,0,162,0,0,0,162
07/03/2021,BUF,NY,AEA,CE,Combined TRACON& Tower with Radar,101,26,8,0,135,0,14,11,2,27,101,40,19,2,162,0,0,0,162
07/04/2021,BUF,NY,AEA,CE,Combined TRACON& Tower with Radar,86,24,14,0,124,0,4,14,0,18,86,28,28,0,142,0,0,0,142
07/05/2021,BUF,NY,AEA,CE,Combined TRACON& Tower with Radar,98,36,13,0,147,0,1,18,0,19,98,37,31,0,166,0,0,0,166
07/06/2021,BUF,NY,AEA,CE,Combined TRACON& Tower with Radar,104,34,23,1,162,0,4,8,3,15,104,38,31,4,177,0,0,0,177
07/07/2021,BUF,NY,AEA,CE,Combined TRACON& Tower with Radar,103,47,27,2,179,0,1,16,1,18,103,48,43,3,197,0,0,0,197
07/08/2021,BUF,NY,AEA,CE,Combined TRACON& Tower with Radar,107,58,31,2,198,0,0,0,0,0,107,58,31,2,198,0,0,0,198
07/09/2021,BUF,NY,AEA,CE,Combined TRACON& Tower with Radar,102,62,32,0,196,0,0,1,0,1,102,62,33,0,197,0,0,0,197
07/10/2021,BUF,NY,AEA,CE,Combined TRACON& Tower with Radar,104,35,18,0,157,0,1,23,0,24,104,36,41,0,181,0,0,0,181
07/11/2021,BUF,NY,AEA,CE,Combined TRACON& Tower with Radar,101,44,22,0,167,0,4,8,0,12,101,48,30,0,179,0,0,0,179
07/12/2021,BUF,NY,AEA,CE,Combined TRACON& Tower with Radar,97,36,23,3,159,0,4,0,0,4,97,40,23,3,163,0,0,0,163
07/13/2021,BUF,NY,AEA,CE,Combined TRACON& Tower with Radar,109,47,19,0,175,0,4,16,0,20,109,51,35,0,195,0,0,0,195
07/14/2021,BUF,NY,AEA,CE,Combined TRACON& Tower with Radar,102,42,24,0,168,0,4,11,0,15,102,46,35,0,183,0,0,0,183
07/15/2021,BUF,NY,AEA,CE,Combined TRACON& Tower with Radar,113,44,23,0,180,0,5,29,2,36,113,49,52,2,216,0,0,0,216
07/16/2021,BUF,NY,AEA,CE,Combined TRACON& Tower with Radar,109,37,24,0,170,0,2,8,0,10,109,39,32,0,180,0,0,0,180
07/17/2021,BUF,NY,AEA,CE,Combined TRACON& Tower with Radar,97,22,9,0,128,0,0,0,0,0,97,22,9,0,128,0,0,0,128
07/18/2021,BUF,NY,AEA,CE,Combined TRACON& Tower with Radar,91,37,17,0,145,0,2,26,0,28,91,39,43,0,173,0,0,0,173
07/19/2021,BUF,NY,AEA,CE,Combined TRACON& Tower with Radar,105,42,41,2,190,0,0,27,0,27,105,42,68,2,217,0,0,0,217
07/20/2021,BUF,NY,AEA,CE,Combined TRACON& Tower with Radar,104,38,23,0,165,0,4,8,0,12,104,42,31,0,177,0,0,0,177
07/21/2021,BUF,NY,AEA,CE,Combined TRACON& Tower with Radar,110,37,32,3,182,0,4,18,1,23,110,41,50,4,205,0,0,0,205
07/22/2021,BUF,NY,AEA,CE,Combined TRACON& Tower with Radar,110,38,36,0,184,0,7,37,2,46,110,45,73,2,230,0,0,0,230
07/23/2021,BUF,NY,AEA,CE,Combined TRACON& Tower with Radar,103,38,39,1,181,0,10,27,0,37,103,48,66,1,218,0,0,0,218
07/24/2021,BUF,NY,AEA,CE,Combined TRACON& Tower with Radar,99,34,20,0,153,0,5,41,0,46,99,39,61,0,199,0,0,0,199
07/25/2021,BUF,NY,AEA,CE,Combined TRACON& Tower with Radar,95,45,27,0,167,0,6,19,0,25,95,51,46,0,192,0,0,0,192
07/26/2021,BUF,NY,AEA,CE,Combined TRACON& Tower with Radar,102,46,36,0,184,0,12,28,0,40,102,58,64,0,224,0,0,0,224
07/27/2021,BUF,NY,AEA,CE,Combined TRACON& Tower with Radar,102,33,26,2,163,1,0,20,4,25,103,33,46,6,188,0,0,0,188
07/28/2021,BUF,NY,AEA,CE,Combined TRACON& Tower with Radar,108,42,33,2,185,0,4,39,4,47,108,46,72,6,232,0,0,0,232
07/29/2021,BUF,NY,AEA,CE,Combined TRACON& Tower with Radar,104,36,29,2,171,0,13,0,1,14,104,49,29,3,185,0,0,0,185
07/30/2021,BUF,NY,AEA,CE,Combined TRACON& Tower with Radar,107,48,25,0,180,0,12,24,0,36,107,60,49,0,216,0,0,0,216
07/31/2021,BUF,NY,AEA,CE,Combined TRACON& Tower with Radar,98,38,17,0,153,0,9,59,0,68,98,47,76,0,221,0,0,0,221
08/01/2021,BUF,NY,AEA,CE,Combined TRACON& Tower with Radar,96,38,8,0,142,0,3,1,0,4,96,41,9,0,146,0,0,0,146
08/02/2021,BUF,NY,AEA,CE,Combined TRACON& Tower with Radar,102,39,13,2,156,0,13,35,2,50,102,52,48,4,206,0,0,0,206
08/03/2021,BUF,NY,AEA,CE,Combined TRACON& Tower with Radar,105,40,38,0,183,0,16,42,0,58,105,56,80,0,241,0,0,0,241
08/04/2021,BUF,NY,AEA,CE,Combined TRACON& Tower with Radar,111,37,28,0,176,0,7,47,0,54,111,44,75,0,230,0,0,0,230
08/05/2021,BUF,NY,AEA,CE,Combined TRACON& Tower with Radar,113,40,25,0,178,0,12,36,0,48,113,52,61,0,226,0,0,0,226
08/06/2021,BUF,NY,AEA,CE,Combined TRACON& Tower with Radar,98,38,26,0,162,0,9,39,1,49,98,47,65,1,211,0,0,0,211
08/07/2021,BUF,NY,AEA,CE,Combined TRACON& Tower with Radar,100,30,11,10,151,0,5,23,0,28,100,35,34,10,179,0,0,0,179
08/08/2021,BUF,NY,AEA,CE,Combined TRACON& Tower with Radar,93,42,30,0,165,0,3,13,0,16,93,45,43,0,181,0,0,0,181
08/09/2021,BUF,NY,AEA,CE,Combined TRACON& Tower with Radar,104,35,23,6,168,0,6,29,0,35,104,41,52,6,203,0,0,0,203
08/10/2021,BUF,NY,AEA,CE,Combined TRACON& Tower with Radar,102,37,15,0,154,0,4,2,0,6,102,41,17,0,160,0,0,0,160
08/11/2021,BUF,NY,AEA,CE,Combined TRACON& Tower with Radar,99,45,16,0,160,0,2,4,1,7,99,47,20,1,167,0,0,0,167
08/12/2021,BUF,NY,AEA,CE,Combined TRACON& Tower with Radar,109,35,30,0,174,0,1,9,0,10,109,36,39,0,184,0,0,0,184
08/13/2021,BUF,NY,AEA,CE,Combined TRACON& Tower with Radar,104,38,12,2,156,0,9,10,0,19,104,47,22,2,175,0,0,0,175
08/14/2021,BUF,NY,AEA,CE,Combined TRACON& Tower with Radar,102,45,24,0,171,0,7,26,0,33,102,52,50,0,204,0,0,0,204
08/15/2021,BUF,NY,AEA,CE,Combined TRACON& Tower with Radar,96,44,28,0,168,0,5,20,0,25,96,49,48,0,193,0,0,0,193
08/16/2021,BUF,NY,AEA,CE,Combined TRACON& Tower with Radar,114,35,40,0,189,0,8,18,0,26,114,43,58,0,215,0,0,0,215
08/17/2021,BUF,NY,AEA,CE,Combined TRACON& Tower with Radar,103,48,36,0,187,0,8,5,0,13,103,56,41,0,200,0,0,0,200
08/18/2021,BUF,NY,AEA,CE,Combined TRACON& Tower with Radar,109,36,25,0,170,0,1,4,0,5,109,37,29,0,175,0,0,0,175
08/19/2021,BUF,NY,AEA,CE,Combined TRACON& Tower with Radar,117,37,28,3,185,0,3,18,0,21,117,40,46,3,206,0,0,0,206
08/20/2021,BUF,NY,AEA,CE,Combined TRACON& Tower with Radar,108,53,16,0,177,0,8,13,0,21,108,61,29,0,198,0,0,0,198
08/21/2021,BUF,NY,AEA,CE,Combined TRACON& Tower with Radar,99,37,22,0,158,0,1,17,0,18,99,38,39,0,176,0,0,0,176
08/22/2021,BUF,NY,AEA,CE,Combined TRACON& Tower with Radar,96,38,32,0,166,0,3,2,1,6,96,41,34,1,172,0,0,0,172
08/23/2021,BUF,NY,AEA,CE,Combined TRACON& Tower with Radar,108,44,31,0,183,0,7,23,0,30,108,51,54,0,213,0,0,0,213
08/24/2021,BUF,NY,AEA,CE,Combined TRACON& Tower with Radar,100,38,25,1,164,0,16,26,1,43,100,54,51,2,207,0,0,0,207
08/25/2021,BUF,NY,AEA,CE,Combined TRACON& Tower with Radar,106,36,33,0,175,0,6,27,0,33,106,42,60,0,208,0,0,0,208
08/26/2021,BUF,NY,AEA,CE,Combined TRACON& Tower with Radar,109,37,16,0,162,0,1,12,0,13,109,38,28,0,175,0,0,0,175
08/27/2021,BUF,NY,AEA,CE,Combined TRACON& Tower with Radar,101,41,15,1,158,0,5,27,1,33,101,46,42,2,191,0,0,0,191
08/28/2021,BUF,NY,AEA,CE,Combined TRACON& Tower with Radar,101,27,30,0,158,0,3,19,0,22,101,30,49,0,180,0,0,0,180
08/29/2021,BUF,NY,AEA,CE,Combined TRACON& Tower with Radar,95,42,28,0,165,0,5,17,0,22,95,47,45,0,187,0,0,0,187
08/30/2021,BUF,NY,AEA,CE,Combined TRACON& Tower with Radar,106,31,24,0,161,0,0,13,0,13,106,31,37,0,174,0,0,0,174
08/31/2021,BUF,NY,AEA,CE,Combined TRACON& Tower with Radar,104,52,26,0,182,0,7,30,0,37,104,59,56,0,219,0,0,0,219
09/01/2021,BUF,NY,AEA,CE,Combined TRACON& Tower with Radar,107,39,22,0,168,0,5,29,0,34,107,44,51,0,202,0,0,0,202
09/02/2021,BUF,NY,AEA,CE,Combined TRACON& Tower with Radar,115,36,25,0,176,0,8,22,0,30,115,44,47,0,206,0,0,0,206
09/03/2021,BUF,NY,AEA,CE,Combined TRACON& Tower with Radar,107,42,27,2,178,0,9,15,0,24,107,51,42,2,202,0,0,0,202
09/04/2021,BUF,NY,AEA,CE,Combined TRACON& Tower with Radar,97,25,9,0,131,0,15,21,0,36,97,40,30,0,167,0,0,0,167
09/05/2021,BUF,NY,AEA,CE,Combined TRACON& Tower with Radar,88,29,16,0,133,0,3,0,0,3,88,32,16,0,136,0,0,0,136
09/06/2021,BUF,NY,AEA,CE,Combined TRACON& Tower with Radar,95,34,27,0,156,0,14,17,0,31,95,48,44,0,187,0,0,0,187
09/07/2021,BUF,NY,AEA,CE,Combined TRACON& Tower with Radar,94,45,34,0,173,0,7,33,0,40,94,52,67,0,213,0,0,0,213
09/08/2021,BUF,NY,AEA,CE,Combined TRACON& Tower with Radar,99,32,19,1,151,0,3,7,1,11,99,35,26,2,162,0,0,0,162
09/09/2021,BUF,NY,AEA,CE,Combined TRACON& Tower with Radar,115,35,19,0,169,0,6,22,0,28,115,41,41,0,197,0,0,0,197
09/10/2021,BUF,NY,AEA,CE,Combined TRACON& Tower with Radar,114,49,20,0,183,0,3,27,0,30,114,52,47,0,213,0,0,0,213
09/11/2021,BUF,NY,AEA,CE,Combined TRACON& Tower with Radar,100,39,25,2,166,0,15,11,2,28,100,54,36,4,194,0,0,0,194
09/12/2021,BUF,NY,AEA,CE,Combined TRACON& Tower with Radar,101,62,35,0,198,0,3,1,2,6,101,65,36,2,204,0,0,0,204
09/13/2021,BUF,NY,AEA,CE,Combined TRACON& Tower with Radar,107,38,26,2,173,0,6,20,0,26,107,44,46,2,199,0,0,0,199
09/14/2021,BUF,NY,AEA,CE,Combined TRACON& Tower with Radar,106,35,40,2,183,0,2,23,0,25,106,37,63,2,208,0,0,0,208
09/15/2021,BUF,NY,AEA,CE,Combined TRACON& Tower with Radar,95,38,24,0,157,0,4,8,0,12,95,42,32,0,169,0,0,0,169
09/16/2021,BUF,NY,AEA,CE,Combined TRACON& Tower with Radar,116,42,33,0,191,0,10,38,0,48,116,52,71,0,239,0,0,0,239
09/17/2021,BUF,NY,AEA,CE,Combined TRACON& Tower with Radar,113,37,40,0,190,0,1,12,0,13,113,38,52,0,203,0,0,0,203
09/18/2021,BUF,NY,AEA,CE,Combined TRACON& Tower with Radar,103,21,24,6,154,0,7,17,0,24,103,28,41,6,178,0,0,0,178
09/19/2021,BUF,NY,AEA,CE,Combined TRACON& Tower with Radar,105,31,21,4,161,0,10,20,0,30,105,41,41,4,191,0,0,0,191
09/20/2021,BUF,NY,AEA,CE,Combined TRACON& Tower with Radar,108,31,32,0,171,0,14,36,0,50,108,45,68,0,221,0,0,0,221
09/21/2021,BUF,NY,AEA,CE,Combined TRACON& Tower with Radar,102,32,21,1,156,0,4,15,0,19,102,36,36,1,175,0,0,0,175
09/22/2021,BUF,NY,AEA,CE,Combined TRACON& Tower with Radar,98,35,25,1,159,0,4,3,1,8,98,39,28,2,167,0,0,0,167
09/23/2021,BUF,NY,AEA,CE,Combined TRACON& Tower with Radar,114,35,32,0,181,0,2,21,0,23,114,37,53,0,204,0,0,0,204
09/24/2021,BUF,NY,AEA,CE,Combined TRACON& Tower with Radar,117,38,17,1,173,0,6,4,0,10,117,44,21,1,183,0,0,0,183
09/25/2021,BUF,NY,AEA,CE,Combined TRACON& Tower with Radar,100,30,27,0,157,0,2,19,0,21,100,32,46,0,178,0,0,0,178
09/26/2021,BUF,NY,AEA,CE,Combined TRACON& Tower with Radar,111,39,42,4,196,0,2,17,0,19,111,41,59,4,215,0,0,0,215
09/27/2021,BUF,NY,AEA,CE,Combined TRACON& Tower with Radar,114,28,18,0,160,0,2,9,0,11,114,30,27,0,171,0,0,0,171
09/28/2021,BUF,NY,AEA,CE,Combined TRACON& Tower with Radar,101,26,32,0,159,0,8,29,0,37,101,34,61,0,196,0,0,0,196
09/29/2021,BUF,NY,AEA,CE,Combined TRACON& Tower with Radar,99,37,34,2,172,0,11,31,0,42,99,48,65,2,214,0,0,0,214
09/30/2021,BUF,NY,AEA,CE,Combined TRACON& Tower with Radar,116,47,31,0,194,0,10,23,0,33,116,57,54,0,227,0,0,0,227
10/01/2021,BUF,NY,AEA,CE,Combined TRACON& Tower with Radar,121,31,35,2,189,0,8,22,0,30,121,39,57,2,219,0,0,0,219
10/02/2021,BUF,NY,AEA,CE,Combined TRACON& Tower with Radar,106,38,23,0,167,0,9,22,0,31,106,47,45,0,198,0,0,0,198
10/03/2021,BUF,NY,AEA,CE,Combined TRACON& Tower with Radar,111,46,27,0,184,0,0,0,0,0,111,46,27,0,184,0,0,0,184
10/04/2021,BUF,NY,AEA,CE,Combined TRACON& Tower with Radar,121,34,21,1,177,0,1,0,0,1,121,35,21,1,178,0,0,0,178
10/05/2021,BUF,NY,AEA,CE,Combined TRACON& Tower with Radar,110,34,20,5,169,0,0,4,2,6,110,34,24,7,175,0,0,0,175
10/06/2021,BUF,NY,AEA,CE,Combined TRACON& Tower with Radar,106,39,21,4,170,0,7,8,0,15,106,46,29,4,185,0,0,0,185
10/07/2021,BUF,NY,AEA,CE,Combined TRACON& Tower with Radar,125,51,41,0,217,0,5,28,0,33,125,56,69,0,250,0,0,0,250
10/08/2021,BUF,NY,AEA,CE,Combined TRACON& Tower with Radar,113,36,30,0,179,0,2,20,2,24,113,38,50,2,203,0,0,0,203
10/09/2021,BUF,NY,AEA,CE,Combined TRACON& Tower with Radar,101,21,16,0,138,0,4,9,0,13,101,25,25,0,151,0,0,0,151
10/10/2021,BUF,NY,AEA,CE,Combined TRACON& Tower with Radar,96,29,18,0,143,0,3,23,1,27,96,32,41,1,170,0,0,0,170
10/11/2021,BUF,NY,AEA,CE,Combined TRACON& Tower with Radar,115,34,27,1,177,0,4,33,1,38,115,38,60,2,215,0,0,0,215
10/12/2021,BUF,NY,AEA,CE,Combined TRACON& Tower with Radar,116,34,33,2,185,0,5,43,0,48,116,39,76,2,233,0,0,0,233
10/13/2021,BUF,NY,AEA,CE,Combined TRACON& Tower with Radar,113,28,29,17,187,0,9,13,0,22,113,37,42,17,209,0,0,0,209
10/14/2021,BUF,NY,AEA,CE,Combined TRACON& Tower with Radar,125,50,30,2,207,0,4,29,0,33,125,54,59,2,240,0,0,0,240
10/15/2021,BUF,NY,AEA,CE,Combined TRACON& Tower with Radar,124,33,30,2,189,1,0,0,0,1,125,33,30,2,190,0,0,0,190
10/16/2021,BUF,NY,AEA,CE,Combined TRACON& Tower with Radar,109,32,22,0,163,0,0,0,0,0,109,32,22,0,163,0,0,0,163
10/17/2021,BUF,NY,AEA,CE,Combined TRACON& Tower with Radar,113,27,23,2,165,0,5,4,0,9,113,32,27,2,174,0,0,0,174
10/18/2021,BUF,NY,AEA,CE,Combined TRACON& Tower with Radar,121,27,30,0,178,0,6,48,0,54,121,33,78,0,232,0,0,0,232
10/19/2021,BUF,NY,AEA,CE,Combined TRACON& Tower with Radar,119,54,30,2,205,0,3,31,1,35,119,57,61,3,240,0,0,0,240
10/20/2021,BUF,NY,AEA,CE,Combined TRACON& Tower with Radar,113,35,24,6,178,0,8,43,0,51,113,43,67,6,229,0,0,0,229
10/21/2021,BUF,NY,AEA,CE,Combined TRACON& Tower with Radar,123,43,34,0,200,0,3,10,0,13,123,46,44,0,213,0,0,0,213
10/22/2021,BUF,NY,AEA,CE,Combined TRACON& Tower with Radar,127,42,30,1,200,1,4,31,0,36,128,46,61,1,236,0,0,0,236
10/23/2021,BUF,NY,AEA,CE,Combined TRACON& Tower with Radar,104,37,17,0,158,0,0,26,0,26,104,37,43,0,184,0,0,0,184
10/24/2021,BUF,NY,AEA,CE,Combined TRACON& Tower with Radar,113,41,35,0,189,0,2,39,0,41,113,43,74,0,230,0,0,0,230
10/25/2021,BUF,NY,AEA,CE,Combined TRACON& Tower with Radar,113,37,10,3,163,0,0,0,0,0,113,37,10,3,163,0,0,0,163
10/26/2021,BUF,NY,AEA,CE,Combined TRACON& Tower with Radar,118,37,28,0,183,0,0,0,0,0,118,37,28,0,183,0,0,0,183
10/27/2021,BUF,NY,AEA,CE,Combined TRACON& Tower with Radar,114,41,34,10,199,0,3,51,0,54,114,44,85,10,253,0,0,0,253
10/28/2021,BUF,NY,AEA,CE,Combined TRACON& Tower with Radar,126,32,28,12,198,0,7,43,0,50,126,39,71,12,248,0,0,0,248
10/29/2021,BUF,NY,AEA,CE,Combined TRACON& Tower with Radar,120,39,24,0,183,0,0,26,0,26,120,39,50,0,209,0,0,0,209
10/30/2021,BUF,NY,AEA,CE,Combined TRACON& Tower with Radar,103,34,22,0,159,0,1,0,0,1,103,35,22,0,160,0,0,0,160
10/31/2021,BUF,NY,AEA,CE,Combined TRACON& Tower with Radar,89,37,29,0,155,0,0,9,0,9,89,37,38,0,164,0,0,0,164
11/01/2021,BUF,NY,AEA,CE,Combined TRACON& Tower with Radar,104,32,23,0,159,0,10,35,0,45,104,42,58,0,204,0,0,0,204
11/02/2021,BUF,NY,AEA,CE,Combined TRACON& Tower with Radar,114,37,15,0,166,0,5,15,2,22,114,42,30,2,188,0,0,0,188
11/03/2021,BUF,NY,AEA,CE,Combined TRACON& Tower with Radar,110,34,29,12,185,0,2,26,0,28,110,36,55,12,213,0,0,0,213
11/04/2021,BUF,NY,AEA,CE,Combined TRACON& Tower with Radar,120,37,35,0,192,0,6,15,0,21,120,43,50,0,213,0,0,0,213
11/05/2021,BUF,NY,AEA,CE,Combined TRACON& Tower with Radar,122,32,21,0,175,0,5,43,5,53,122,37,64,5,228,0,0,0,228
11/06/2021,BUF,NY,AEA,CE,Combined TRACON& Tower with Radar,99,28,26,0,153,0,19,33,0,52,99,47,59,0,205,0,0,0,205
11/07/2021,BUF,NY,AEA,CE,Combined TRACON& Tower with Radar,111,33,15,6,165,0,4,26,4,34,111,37,41,10,199,0,0,0,199
11/08/2021,BUF,NY,AEA,CE,Combined TRACON& Tower with Radar,116,34,28,2,180,0,2,33,0,35,116,36,61,2,215,0,0,0,215
11/09/2021,BUF,NY,AEA,CE,Combined TRACON& Tower with Radar,116,41,19,0,176,0,5,19,0,24,116,46,38,0,200,0,0,0,200
11/10/2021,BUF,NY,AEA,CE,Combined TRACON& Tower with Radar,108,44,14,0,166,0,6,16,0,22,108,50,30,0,188,0,0,0,188
11/11/2021,BUF,NY,AEA,CE,Combined TRACON& Tower with Radar,122,40,17,0,179,0,4,9,0,13,122,44,26,0,192,0,0,0,192
11/12/2021,BUF,NY,AEA,CE,Combined TRACON& Tower with Radar,126,40,25,0,191,0,0,5,0,5,126,40,30,0,196,0,0,0,196
11/13/2021,BUF,NY,AEA,CE,Combined TRACON& Tower with Radar,104,26,6,0,136,0,1,1,0,2,104,27,7,0,138,0,0,0,138
11/14/2021,BUF,NY,AEA,CE,Combined TRACON& Tower with Radar,110,27,17,0,154,0,0,1,0,1,110,27,18,0,155,0,0,0,155
11/15/2021,BUF,NY,AEA,CE,Combined TRACON& Tower with Radar,119,37,32,6,194,0,2,0,2,4,119,39,32,8,198,0,0,0,198
11/16/2021,BUF,NY,AEA,CE,Combined TRACON& Tower with Radar,114,43,26,2,185,0,2,24,0,26,114,45,50,2,211,0,0,0,211
11/17/2021,BUF,NY,AEA,CE,Combined TRACON& Tower with Radar,110,33,17,5,165,0,3,5,2,10,110,36,22,7,175,0,0,0,175
11/18/2021,BUF,NY,AEA,CE,Combined TRACON& Tower with Radar,125,37,24,0,186,0,0,0,0,0,125,37,24,0,186,0,0,0,186
11/19/2021,BUF,NY,AEA,CE,Combined TRACON& Tower with Radar,122,30,19,0,171,0,1,5,0,6,122,31,24,0,177,0,0,0,177
11/20/2021,BUF,NY,AEA,CE,Combined TRACON& Tower with Radar,108,29,20,0,157,0,3,20,0,23,108,32,40,0,180,0,0,0,180
11/21/2021,BUF,NY,AEA,CE,Combined TRACON& Tower with Radar,116,38,31,0,185,0,1,15,0,16,116,39,46,0,201,0,0,0,201
11/22/2021,BUF,NY,AEA,CE,Combined TRACON& Tower with Radar,119,35,25,0,179,0,7,1,0,8,119,42,26,0,187,0,0,0,187
11/23/2021,BUF,NY,AEA,CE,Combined TRACON& Tower with Radar,127,33,17,0,177,0,2,15,0,17,127,35,32,0,194,0,0,0,194
11/24/2021,BUF,NY,AEA,CE,Combined TRACON& Tower with Radar,143,35,20,5,203,0,10,9,3,22,143,45,29,8,225,0,0,0,225
11/25/2021,BUF,NY,AEA,CE,Combined TRACON& Tower with Radar,77,25,8,0,110,0,3,0,0,3,77,28,8,0,113,0,0,0,113
11/26/2021,BUF,NY,AEA,CE,Combined TRACON& Tower with Radar,96,29,5,0,130,0,0,0,0,0,96,29,5,0,130,0,0,0,130
11/27/2021,BUF,NY,AEA,CE,Combined TRACON& Tower with Radar,118,40,16,0,174,0,5,7,0,12,118,45,23,0,186,0,0,0,186
11/28/2021,BUF,NY,AEA,CE,Combined TRACON& Tower with Radar,131,46,24,0,201,0,0,0,0,0,131,46,24,0,201,0,0,0,201
11/29/2021,BUF,NY,AEA,CE,Combined TRACON& Tower with Radar,128,41,33,10,212,0,11,9,0,20,128,52,42,10,232,0,0,0,232
11/30/2021,BUF,NY,AEA,CE,Combined TRACON& Tower with Radar,130,50,20,2,202,0,0,2,0,2,130,50,22,2,204,0,0,0,204
12/01/2021,BUF,NY,AEA,CE,Combined TRACON& Tower with Radar,119,41,15,0,175,0,9,21,4,34,119,50,36,4,209,0,0,0,209
12/02/2021,BUF,NY,AEA,CE,Combined TRACON& Tower with Radar,122,50,11,0,183,0,1,0,0,1,122,51,11,0,184,0,0,0,184
12/03/2021,BUF,NY,AEA,CE,Combined TRACON& Tower with Radar,119,39,17,0,175,0,4,17,0,21,119,43,34,0,196,0,0,0,196
12/04/2021,BUF,NY,AEA,CE,Combined TRACON& Tower with Radar,96,24,9,0,129,0,5,2,0,7,96,29,11,0,136,0,0,0,136
12/05/2021,BUF,NY,AEA,CE,Combined TRACON& Tower with Radar,110,40,21,4,175,0,4,28,0,32,110,44,49,4,207,0,0,0,207
12/06/2021,BUF,NY,AEA,CE,Combined TRACON& Tower with Radar,109,54,30,0,193,0,0,0,0,0,109,54,30,0,193,0,0,0,193
12/07/2021,BUF,NY,AEA,CE,Combined TRACON& Tower with Radar,116,49,43,0,208,0,0,8,0,8,116,49,51,0,216,0,0,0,216
12/08/2021,BUF,NY,AEA,CE,Combined TRACON& Tower with Radar,106,35,19,0,160,0,0,0,0,0,106,35,19,0,160,0,0,0,160
12/09/2021,BUF,NY,AEA,CE,Combined TRACON& Tower with Radar,125,40,25,0,190,0,0,10,0,10,125,40,35,0,200,0,0,0,200
12/10/2021,BUF,NY,AEA,CE,Combined TRACON& Tower with Radar,113,41,15,7,176,0,4,10,2,16,113,45,25,9,192,0,0,0,192
12/11/2021,BUF,NY,AEA,CE,Combined TRACON& Tower with Radar,103,16,4,0,123,0,0,0,0,0,103,16,4,0,123,0,0,0,123
12/12/2021,BUF,NY,AEA,CE,Combined TRACON& Tower with Radar,121,20,12,0,153,0,5,3,0,8,121,25,15,0,161,0,0,0,161
12/13/2021,BUF,NY,AEA,CE,Combined TRACON& Tower with Radar,116,33,26,0,175,0,2,9,2,13,116,35,35,2,188,0,0,0,188
12/14/2021,BUF,NY,AEA,CE,Combined TRACON& Tower with Radar,111,30,22,6,169,0,13,27,0,40,111,43,49,6,209,0,0,0,209
12/15/2021,BUF,NY,AEA,CE,Combined TRACON& Tower with Radar,108,40,27,0,175,0,1,3,0,4,108,41,30,0,179,0,0,0,179
12/16/2021,BUF,NY,AEA,CE,Combined TRACON& Tower with Radar,130,31,40,0,201,0,0,0,0,0,130,31,40,0,201,0,0,0,201
12/17/2021,BUF,NY,AEA,CE,Combined TRACON& Tower with Radar,123,38,26,0,187,0,2,10,2,14,123,40,36,2,201,0,0,0,201
12/18/2021,BUF,NY,AEA,CE,Combined TRACON& Tower with Radar,103,23,23,0,149,0,0,0,0,0,103,23,23,0,149,0,0,0,149
12/19/2021,BUF,NY,AEA,CE,Combined TRACON& Tower with Radar,111,29,23,4,167,0,0,5,0,5,111,29,28,4,172,0,0,0,172
12/20/2021,BUF,NY,AEA,CE,Combined TRACON& Tower with Radar,108,38,19,0,165,0,9,11,0,20,108,47,30,0,185,0,0,0,185
12/21/2021,BUF,NY,AEA,CE,Combined TRACON& Tower with Radar,116,45,36,3,200,0,6,25,2,33,116,51,61,5,233,0,0,0,233
12/22/2021,BUF,NY,AEA,CE,Combined TRACON& Tower with Radar,115,47,22,0,184,0,0,3,0,3,115,47,25,0,187,0,0,0,187
12/23/2021,BUF,NY,AEA,CE,Combined TRACON& Tower with Radar,121,39,26,0,186,0,4,8,0,12,121,43,34,0,198,0,0,0,198
12/24/2021,BUF,NY,AEA,CE,Combined TRACON& Tower with Radar,82,24,8,0,114,0,2,3,0,5,82,26,11,0,119,0,0,0,119
12/25/2021,BUF,NY,AEA,CE,Combined TRACON& Tower with Radar,71,18,11,0,100,0,0,0,0,0,71,18,11,0,100,0,0,0,100
12/26/2021,BUF,NY,AEA,CE,Combined TRACON& Tower with Radar,86,38,28,0,152,0,0,4,0,4,86,38,32,0,156,0,0,0,156
12/27/2021,BUF,NY,AEA,CE,Combined TRACON& Tower with Radar,95,34,16,0,145,0,1,1,0,2,95,35,17,0,147,0,0,0,147
12/28/2021,BUF,NY,AEA,CE,Combined TRACON& Tower with Radar,112,40,21,0,173,0,2,17,0,19,112,42,38,0,192,0,0,0,192
12/29/2021,BUF,NY,AEA,CE,Combined TRACON& Tower with Radar,114,32,13,0,159,0,0,0,0,0,114,32,13,0,159,0,0,0,159
12/30/2021,BUF,NY,AEA,CE,Combined TRACON& Tower with Radar,108,35,17,0,160,0,0,2,0,2,108,35,19,0,162,0,0,0,162
12/31/2021,BUF,NY,AEA,CE,Combined TRACON& Tower with Radar,83,28,10,0,121,0,0,1,0,1,83,28,11,0,122,0,0,0,122
01/01/2022,BUF,NY,AEA,CE,Combined TRACON& Tower with Radar,68,23,4,0,95,0,0,0,0,0,68,23,4,0,95,0,0,0,95
01/02/2022,BUF,NY,AEA,CE,Combined TRACON& Tower with Radar,95,26,34,0,155,0,0,0,0,0,95,26,34,0,155,0,0,0,155
01/03/2022,BUF,NY,AEA,CE,Combined TRACON& Tower with Radar,98,28,18,0,144,1,0,10,0,11,99,28,28,0,155,0,0,0,155
01/04/2022,BUF,NY,AEA,CE,Combined TRACON& Tower with Radar,103,29,17,6,155,0,7,14,0,21,103,36,31,6,176,0,0,0,176
01/05/2022,BUF,NY,AEA,CE,Combined TRACON& Tower with Radar,104,25,10,0,139,0,0,0,0,0,104,25,10,0,139,0,0,0,139
01/06/2022,BUF,NY,AEA,CE,Combined TRACON& Tower with Radar,36,13,5,1,55,0,0,0,0,0,36,13,5,1,55,0,0,0,55
01/07/2022,BUF,NY,AEA,CE,Combined TRACON& Tower with Radar,87,23,12,0,122,0,0,2,0,2,87,23,14,0,124,0,0,0,124
01/08/2022,BUF,NY,AEA,CE,Combined TRACON& Tower with Radar,95,26,18,0,139,0,6,25,2,33,95,32,43,2,172,0,0,0,172
01/09/2022,BUF,NY,AEA,CE,Combined TRACON& Tower with Radar,105,21,24,0,150,0,1,0,0,1,105,22,24,0,151,0,0,0,151
01/10/2022,BUF,NY,AEA,CE,Combined TRACON& Tower with Radar,107,28,9,0,144,0,0,2,0,2,107,28,11,0,146,0,0,0,146
01/11/2022,BUF,NY,AEA,CE,Combined TRACON& Tower with Radar,113,18,11,0,142,0,1,8,4,13,113,19,19,4,155,0,0,0,155
01/12/2022,BUF,NY,AEA,CE,Combined TRACON& Tower with Radar,112,14,11,0,137,0,1,0,0,1,112,15,11,0,138,0,0,0,138
01/13/2022,BUF,NY,AEA,CE,Combined TRACON& Tower with Radar,118,21,15,4,158,0,0,0,0,0,118,21,15,4,158,0,0,0,158
01/14/2022,BUF,NY,AEA,CE,Combined TRACON& Tower with Radar,121,30,25,0,176,0,0,1,0,1,121,30,26,0,177,0,0,0,177
01/15/2022,BUF,NY,AEA,CE,Combined TRACON& Tower with Radar,95,47,20,0,162,0,0,13,0,13,95,47,33,0,175,0,0,0,175
01/16/2022,BUF,NY,AEA,CE,Combined TRACON& Tower with Radar,79,46,17,0,142,0,4,21,0,25,79,50,38,0,167,0,0,0,167
01/17/2022,BUF,NY,AEA,CE,Combined TRACON& Tower with Radar,40,4,8,0,52,0,0,0,0,0,40,4,8,0,52,0,0,0,52
01/18/2022,BUF,NY,AEA,CE,Combined TRACON& Tower with Radar,115,22,22,0,159,0,0,6,0,6,115,22,28,0,165,0,0,0,165
01/19/2022,BUF,NY,AEA,CE,Combined TRACON& Tower with Radar,118,25,21,1,165,0,0,0,0,0,118,25,21,1,165,0,0,0,165
01/20/2022,BUF,NY,AEA,CE,Combined TRACON& Tower with Radar,111,21,23,1,156,0,0,2,0,2,111,21,25,1,158,0,0,0,158
01/21/2022,BUF,NY,AEA,CE,Combined TRACON& Tower with Radar,117,21,25,1,164,0,2,12,0,14,117,23,37,1,178,0,0,0,178
01/22/2022,BUF,NY,AEA,CE,Combined TRACON& Tower with Radar,100,12,16,0,128,0,2,21,0,23,100,14,37,0,151,0,0,0,151
01/23/2022,BUF,NY,AEA,CE,Combined TRACON& Tower with Radar,99,21,7,0,127,0,0,0,0,0,99,21,7,0,127,0,0,0,127
01/24/2022,BUF,NY,AEA,CE,Combined TRACON& Tower with Radar,113,16,19,0,148,0,0,2,0,2,113,16,21,0,150,0,0,0,150
01/25/2022,BUF,NY,AEA,CE,Combined TRACON& Tower with Radar,116,21,19,0,156,0,2,0,0,2,116,23,19,0,158,0,0,0,158
01/26/2022,BUF,NY,AEA,CE,Combined TRACON& Tower with Radar,115,28,22,0,165,0,10,2,0,12,115,38,24,0,177,0,0,0,177
01/27/2022,BUF,NY,AEA,CE,Combined TRACON& Tower with Radar,117,28,23,0,168,0,0,6,0,6,117,28,29,0,174,0,0,0,174
01/28/2022,BUF,NY,AEA,CE,Combined TRACON& Tower with Radar,110,21,10,0,141,0,2,2,0,4,110,23,12,0,145,0,0,0,145
01/29/2022,BUF,NY,AEA,CE,Combined TRACON& Tower with Radar,75,11,9,0,95,0,4,8,0,12,75,15,17,0,107,0,0,0,107
01/30/2022,BUF,NY,AEA,CE,Combined TRACON& Tower with Radar,84,23,14,0,121,0,3,13,0,16,84,26,27,0,137,0,0,0,137
01/31/2022,BUF,NY,AEA,CE,Combined TRACON& Tower with Radar,109,21,24,0,154,0,5,26,0,31,109,26,50,0,185,0,0,0,185
02/01/2022,BUF,NY,AEA,CE,Combined TRACON& Tower with Radar,113,19,25,0,157,0,9,21,0,30,113,28,46,0,187,0,0,0,187
02/02/2022,BUF,NY,AEA,CE,Combined TRACON& Tower with Radar,105,21,11,0,137,0,2,4,0,6,105,23,15,0,143,0,0,0,143
02/03/2022,BUF,NY,AEA,CE,Combined TRACON& Tower with Radar,52,13,6,0,71,0,0,0,0,0,52,13,6,0,71,0,0,0,71
02/04/2022,BUF,NY,AEA,CE,Combined TRACON& Tower with Radar,78,23,17,0,118,0,0,0,0,0,78,23,17,0,118,0,0,0,118
02/05/2022,BUF,NY,AEA,CE,Combined TRACON& Tower with Radar,96,29,19,0,144,0,5,10,0,15,96,34,29,0,159,0,0,0,159
02/06/2022,BUF,NY,AEA,CE,Combined TRACON& Tower with Radar,101,27,16,0,144,0,6,14,0,20,101,33,30,0,164,0,0,0,164
02/07/2022,BUF,NY,AEA,CE,Combined TRACON& Tower with Radar,107,25,18,0,150,0,6,14,2,22,107,31,32,2,172,0,0,0,172
02/08/2022,BUF,NY,AEA,CE,Combined TRACON& Tower with Radar,126,36,10,0,172,0,0,0,0,0,126,36,10,0,172,0,0,0,172
02/09/2022,BUF,NY,AEA,CE,Combined TRACON& Tower with Radar,119,29,18,1,167,0,3,4,0,7,119,32,22,1,174,0,0,0,174
02/10/2022,BUF,NY,AEA,CE,Combined TRACON& Tower with Radar,126,26,13,1,166,0,0,0,0,0,126,26,13,1,166,0,0,0,166
02/11/2022,BUF,NY,AEA,CE,Combined TRACON& Tower with Radar,122,15,8,6,151,0,2,0,0,2,122,17,8,6,153,0,0,0,153
02/12/2022,BUF,NY,AEA,CE,Combined TRACON& Tower with Radar,107,18,12,1,138,0,0,2,0,2,107,18,14,1,140,0,0,0,140
02/13/2022,BUF,NY,AEA,CE,Combined TRACON& Tower with Radar,96,14,11,0,121,0,2,6,0,8,96,16,17,0,129,0,0,0,129
02/14/2022,BUF,NY,AEA,CE,Combined TRACON& Tower with Radar,121,19,7,1,148,0,2,4,1,7,121,21,11,2,155,0,0,0,155
02/15/2022,BUF,NY,AEA,CE,Combined TRACON& Tower with Radar,127,29,17,14,187,0,3,16,0,19,127,32,33,14,206,0,0,0,206
02/16/2022,BUF,NY,AEA,CE,Combined TRACON& Tower with Radar,127,28,17,0,172,0,6,2,0,8,127,34,19,0,180,0,0,0,180
02/17/2022,BUF,NY,AEA,CE,Combined TRACON& Tower with Radar,115,17,15,0,147,0,0,0,0,0,115,17,15,0,147,0,0,0,147
02/18/2022,BUF,NY,AEA,CE,Combined TRACON& Tower with Radar,126,20,24,0,170,0,4,2,0,6,126,24,26,0,176,0,0,0,176
02/19/2022,BUF,NY,AEA,CE,Combined TRACON& Tower with Radar,113,25,8,0,146,0,1,0,0,1,113,26,8,0,147,0,0,0,147
02/20/2022,BUF,NY,AEA,CE,Combined TRACON& Tower with Radar,107,26,9,0,142,0,8,0,0,8,107,34,9,0,150,0,0,0,150
02/21/2022,BUF,NY,AEA,CE,Combined TRACON& Tower with Radar,119,20,23,0,162,0,10,18,0,28,119,30,41,0,190,0,0,0,190
02/22/2022,BUF,NY,AEA,CE,Combined TRACON& Tower with Radar,124,22,6,0,152,0,4,1,0,5,124,26,7,0,157,0,0,0,157
02/23/2022,BUF,NY,AEA,CE,Combined TRACON& Tower with Radar,125,19,20,0,164,0,1,0,0,1,125,20,20,0,165,0,0,0,165
02/24/2022,BUF,NY,AEA,CE,Combined TRACON& Tower with Radar,119,18,16,0,153,0,3,12,2,17,119,21,28,2,170,0,0,0,170
02/25/2022,BUF,NY,AEA,CE,Combined TRACON& Tower with Radar,113,25,11,0,149,0,0,0,0,0,113,25,11,0,149,0,0,0,149
02/26/2022,BUF,NY,AEA,CE,Combined TRACON& Tower with Radar,108,21,7,0,136,0,0,1,0,1,108,21,8,0,137,0,0,0,137
02/27/2022,BUF,NY,AEA,CE,Combined TRACON& Tower with Radar,112,20,13,0,145,0,0,2,0,2,112,20,15,0,147,0,0,0,147
02/28/2022,BUF,NY,AEA,CE,Combined TRACON& Tower with Radar,118,24,21,2,165,0,4,17,0,21,118,28,38,2,186,0,0,0,186
03/01/2022,BUF,NY,AEA,CE,Combined TRACON& Tower with Radar,129,22,10,0,161,0,3,4,0,7,129,25,14,0,168,0,0,0,168
03/02/2022,BUF,NY,AEA,CE,Combined TRACON& Tower with Radar,123,28,25,0,176,0,7,7,3,17,123,35,32,3,193,0,0,0,193
03/03/2022,BUF,NY,AEA,CE,Combined TRACON& Tower with Radar,123,31,24,2,180,0,6,13,1,20,123,37,37,3,200,0,0,0,200
03/04/2022,BUF,NY,AEA,CE,Combined TRACON& Tower with Radar,121,22,18,0,161,0,3,15,0,18,121,25,33,0,179,0,0,0,179
03/05/2022,BUF,NY,AEA,CE,Combined TRACON& Tower with Radar,99,24,17,0,140,0,3,19,0,22,99,27,36,0,162,0,0,0,162
03/06/2022,BUF,NY,AEA,CE,Combined TRACON& Tower with Radar,109,24,19,0,152,0,3,0,0,3,109,27,19,0,155,0,0,0,155
03/07/2022,BUF,NY,AEA,CE,Combined TRACON& Tower with Radar,122,11,11,2,146,0,0,0,0,0,122,11,11,2,146,0,0,0,146
03/08/2022,BUF,NY,AEA,CE,Combined TRACON& Tower with Radar,122,11,17,0,150,0,1,14,0,15,122,12,31,0,165,0,0,0,165
03/09/2022,BUF,NY,AEA,CE,Combined TRACON& Tower with Radar,114,19,16,0,149,0,2,13,0,15,114,21,29,0,164,0,0,0,164
03/10/2022,BUF,NY,AEA,CE,Combined TRACON& Tower with Radar,121,17,26,0,164,0,2,16,2,20,121,19,42,2,184,0,0,0,184
03/11/2022,BUF,NY,AEA,CE,Combined TRACON& Tower with Radar,125,15,11,0,151,0,0,4,0,4,125,15,15,0,155,0,0,0,155
03/12/2022,BUF,NY,AEA,CE,Combined TRACON& Tower with Radar,96,15,5,2,118,0,0,0,0,0,96,15,5,2,118,0,0,0,118
03/13/2022,BUF,NY,AEA,CE,Combined TRACON& Tower with Radar,103,14,17,0,134,0,2,0,0,2,103,16,17,0,136,0,0,0,136
03/14/2022,BUF,NY,AEA,CE,Combined TRACON& Tower with Radar,125,14,13,0,152,0,1,16,0,17,125,15,29,0,169,0,0,0,169
03/15/2022,BUF,NY,AEA,CE,Combined TRACON& Tower with Radar,147,22,13,1,183,0,4,2,1,7,147,26,15,2,190,0,0,0,190
03/16/2022,BUF,NY,AEA,CE,Combined TRACON& Tower with Radar,127,24,12,6,169,0,4,13,0,17,127,28,25,6,186,0,0,0,186
03/17/2022,BUF,NY,AEA,CE,Combined TRACON& Tower with Radar,127,25,39,2,193,0,10,16,0,26,127,35,55,2,219,0,0,0,219
03/18/2022,BUF,NY,AEA,CE,Combined TRACON& Tower with Radar,127,36,29,0,192,0,7,15,0,22,127,43,44,0,214,0,0,0,214
03/19/2022,BUF,NY,AEA,CE,Combined TRACON& Tower with Radar,100,20,13,0,133,0,0,0,0,0,100,20,13,0,133,0,0,0,133
03/20/2022,BUF,NY,AEA,CE,Combined TRACON& Tower with Radar,122,27,33,0,182,0,1,4,0,5,122,28,37,0,187,0,0,0,187
03/21/2022,BUF,NY,AEA,CE,Combined TRACON& Tower with Radar,121,21,14,0,156,0,2,12,0,14,121,23,26,0,170,0,0,0,170
03/22/2022,BUF,NY,AEA,CE,Combined TRACON& Tower with Radar,124,25,17,0,166,0,4,19,1,24,124,29,36,1,190,0,0,0,190
03/23/2022,BUF,NY,AEA,CE,Combined TRACON& Tower with Radar,123,13,22,1,159,0,2,0,1,3,123,15,22,2,162,0,0,0,162
03/24/2022,BUF,NY,AEA,CE,Combined TRACON& Tower with Radar,127,30,23,0,180,0,4,10,0,14,127,34,33,0,194,0,0,0,194
03/25/2022,BUF,NY,AEA,CE,Combined TRACON& Tower with Radar,132,26,27,0,185,0,4,1,0,5,132,30,28,0,190,0,0,0,190
03/26/2022,BUF,NY,AEA,CE,Combined TRACON& Tower with Radar,107,23,12,0,142,0,0,1,0,1,107,23,13,0,143,0,0,0,143
03/27/2022,BUF,NY,AEA,CE,Combined TRACON& Tower with Radar,111,23,18,0,152,0,0,0,0,0,111,23,18,0,152,0,0,0,152
03/28/2022,BUF,NY,AEA,CE,Combined TRACON& Tower with Radar,125,17,19,0,161,0,3,0,0,3,125,20,19,0,164,0,0,0,164
03/29/2022,BUF,NY,AEA,CE,Combined TRACON& Tower with Radar,129,25,26,0,180,0,6,12,4,22,129,31,38,4,202,0,0,0,202
03/30/2022,BUF,NY,AEA,CE,Combined TRACON& Tower with Radar,124,32,13,0,169,0,2,0,0,2,124,34,13,0,171,0,0,0,171
03/31/2022,BUF,NY,AEA,CE,Combined TRACON& Tower with Radar,119,18,15,0,152,0,4,0,0,4,119,22,15,0,156,0,0,0,156
04/01/2022,BUF,NY,AEA,CE,Combined TRACON& Tower with Radar,123,22,19,1,165,0,0,0,0,0,123,22,19,1,165,0,0,0,165
04/02/2022,BUF,NY,AEA,CE,Combined TRACON& Tower with Radar,83,23,35,1,142,0,0,35,0,35,83,23,70,1,177,0,0,0,177
04/03/2022,BUF,NY,AEA,CE,Combined TRACON& Tower with Radar,102,26,14,0,142,0,0,0,0,0,102,26,14,0,142,0,0,0,142
04/04/2022,BUF,NY,AEA,CE,Combined TRACON& Tower with Radar,126,22,33,0,181,0,10,15,0,25,126,32,48,0,206,0,0,0,206
04/05/2022,BUF,NY,AEA,CE,Combined TRACON& Tower with Radar,123,31,21,0,175,0,2,28,0,30,123,33,49,0,205,0,0,0,205
04/06/2022,BUF,NY,AEA,CE,Combined TRACON& Tower with Radar,135,30,16,0,181,0,0,19,2,21,135,30,35,2,202,0,0,0,202
04/07/2022,BUF,NY,AEA,CE,Combined TRACON& Tower with Radar,114,34,35,0,183,0,2,4,0,6,114,36,39,0,189,0,0,0,189
04/08/2022,BUF,NY,AEA,CE,Combined TRACON& Tower with Radar,122,40,31,6,199,0,4,13,2,19,122,44,44,8,218,0,0,0,218
04/09/2022,BUF,NY,AEA,CE,Combined TRACON& Tower with Radar,105,30,27,0,162,0,1,1,0,2,105,31,28,0,164,0,0,0,164
04/10/2022,BUF,NY,AEA,CE,Combined TRACON& Tower with Radar,106,26,11,0,143,0,3,0,0,3,106,29,11,0,146,0,0,0,146
04/11/2022,BUF,NY,AEA,CE,Combined TRACON& Tower with Radar,123,30,23,1,177,0,3,15,1,19,123,33,38,2,196,0,0,0,196
04/12/2022,BUF,NY,AEA,CE,Combined TRACON& Tower with Radar,128,33,19,0,180,0,4,26,0,30,128,37,45,0,210,0,0,0,210
04/13/2022,BUF,NY,AEA,CE,Combined TRACON& Tower with Radar,129,27,20,0,176,0,4,7,0,11,129,31,27,0,187,0,0,0,187
04/14/2022,BUF,NY,AEA,CE,Combined TRACON& Tower with Radar,129,34,13,2,178,0,2,2,0,4,129,36,15,2,182,0,0,0,182
04/15/2022,BUF,NY,AEA,CE,Combined TRACON& Tower with Radar,128,36,21,0,185,0,0,0,0,0,128,36,21,0,185,0,0,0,185
04/16/2022,BUF,NY,AEA,CE,Combined TRACON& Tower with Radar,109,42,15,0,166,0,0,2,0,2,109,42,17,0,168,0,0,0,168
04/17/2022,BUF,NY,AEA,CE,Combined TRACON& Tower with Radar,112,24,8,0,144,0,1,9,0,10,112,25,17,0,154,0,0,0,154
04/18/2022,BUF,NY,AEA,CE,Combined TRACON& Tower with Radar,126,37,34,0,197,0,0,11,0,11,126,37,45,0,208,0,0,0,208
04/19/2022,BUF,NY,AEA,CE,Combined TRACON& Tower with Radar,128,43,20,0,191,0,0,0,0,0,128,43,20,0,191,0,0,0,191
04/20/2022,BUF,NY,AEA,CE,Combined TRACON& Tower with Radar,130,38,15,0,183,0,6,31,0,37,130,44,46,0,220,0,0,0,220
04/21/2022,BUF,NY,AEA,CE,Combined TRACON& Tower with Radar,129,39,12,0,180,0,4,2,0,6,129,43,14,0,186,0,0,0,186
04/22/2022,BUF,NY,AEA,CE,Combined TRACON& Tower with Radar,133,34,27,0,194,0,3,39,0,42,133,37,66,0,236,0,0,0,236
04/23/2022,BUF,NY,AEA,CE,Combined TRACON& Tower with Radar,109,28,13,0,150,0,7,21,0,28,109,35,34,0,178,0,0,0,178
04/24/2022,BUF,NY,AEA,CE,Combined TRACON& Tower with Radar,111,22,19,0,152,0,6,27,0,33,111,28,46,0,185,0,0,0,185
04/25/2022,BUF,NY,AEA,CE,Combined TRACON& Tower with Radar,123,25,16,0,164,0,0,8,1,9,123,25,24,1,173,0,0,0,173
04/26/2022,BUF,NY,AEA,CE,Combined TRACON& Tower with Radar,132,27,26,0,185,0,1,17,3,21,132,28,43,3,206,0,0,0,206
04/27/2022,BUF,NY,AEA,CE,Combined TRACON& Tower with Radar,125,29,27,0,181,1,0,5,0,6,126,29,32,0,187,0,0,0,187
04/28/2022,BUF,NY,AEA,CE,Combined TRACON& Tower with Radar,128,34,31,9,202,0,2,19,1,22,128,36,50,10,224,0,0,0,224
04/29/2022,BUF,NY,AEA,CE,Combined TRACON& Tower with Radar,124,24,31,0,179,0,2,30,2,34,124,26,61,2,213,0,0,0,213
04/30/2022,BUF,NY,AEA,CE,Combined TRACON& Tower with Radar,109,25,18,0,152,0,5,33,0,38,109,30,51,0,190,0,0,0,190
05/01/2022,BUF,NY,AEA,CE,Combined TRACON& Tower with Radar,114,20,27,0,161,0,0,7,0,7,114,20,34,0,168,0,0,0,168
05/02/2022,BUF,NY,AEA,CE,Combined TRACON& Tower with Radar,122,27,16,8,173,0,1,6,0,7,122,28,22,8,180,0,0,0,180
05/03/2022,BUF,NY,AEA,CE,Combined TRACON& Tower with Radar,127,35,26,2,190,0,1,12,0,13,127,36,38,2,203,0,0,0,203
05/04/2022,BUF,NY,AEA,CE,Combined TRACON& Tower with Radar,125,27,28,10,190,0,0,5,0,5,125,27,33,10,195,0,0,0,195
05/05/2022,BUF,NY,AEA,CE,Combined TRACON& Tower with Radar,131,37,37,0,205,0,3,29,0,32,131,40,66,0,237,0,0,0,237
05/06/2022,BUF,NY,AEA,CE,Combined TRACON& Tower with Radar,127,26,30,0,183,0,4,14,0,18,127,30,44,0,201,0,0,0,201
05/07/2022,BUF,NY,AEA,CE,Combined TRACON& Tower with Radar,108,27,20,0,155,0,5,5,0,10,108,32,25,0,165,0,0,0,165
05/08/2022,BUF,NY,AEA,CE,Combined TRACON& Tower with Radar,111,20,27,0,158,0,6,15,0,21,111,26,42,0,179,0,0,0,179
05/09/2022,BUF,NY,AEA,CE,Combined TRACON& Tower with Radar,123,33,19,0,175,0,4,11,0,15,123,37,30,0,190,0,0,0,190
05/10/2022,BUF,NY,AEA,CE,Combined TRACON& Tower with Radar,121,25,26,8,180,0,8,12,0,20,121,33,38,8,200,0,0,0,200
05/11/2022,BUF,NY,AEA,CE,Combined TRACON& Tower with Radar,124,35,27,0,186,0,14,18,0,32,124,49,45,0,218,0,0,0,218
05/12/2022,BUF,NY,AEA,CE,Combined TRACON& Tower with Radar,124,41,30,0,195,0,6,12,2,20,124,47,42,2,215,0,0,0,215
05/13/2022,BUF,NY,AEA,CE,Combined TRACON& Tower with Radar,127,20,21,0,168,0,7,18,0,25,127,27,39,0,193,0,0,0,193
05/14/2022,BUF,NY,AEA,CE,Combined TRACON& Tower with Radar,108,34,20,0,162,0,6,14,0,20,108,40,34,0,182,0,0,0,182
05/15/2022,BUF,NY,AEA,CE,Combined TRACON& Tower with Radar,106,31,31,0,168,0,4,18,0,22,106,35,49,0,190,0,0,0,190
05/16/2022,BUF,NY,AEA,CE,Combined TRACON& Tower with Radar,104,34,22,9,169,0,7,1,0,8,104,41,23,9,177,0,0,0,177
05/17/2022,BUF,NY,AEA,CE,Combined TRACON& Tower with Radar,119,30,24,4,177,0,5,10,2,17,119,35,34,6,194,0,0,0,194
05/18/2022,BUF,NY,AEA,CE,Combined TRACON& Tower with Radar,122,41,35,2,200,0,4,22,2,28,122,45,57,4,228,0,0,0,228
05/19/2022,BUF,NY,AEA,CE,Combined TRACON& Tower with Radar,128,51,29,1,209,0,0,12,0,12,128,51,41,1,221,0,0,0,221
05/20/2022,BUF,NY,AEA,CE,Combined TRACON& Tower with Radar,120,37,9,1,167,0,4,7,0,11,120,41,16,1,178,0,0,0,178
05/21/2022,BUF,NY,AEA,CE,Combined TRACON& Tower with Radar,104,32,12,0,148,0,5,2,0,7,104,37,14,0,155,0,0,0,155
05/22/2022,BUF,NY,AEA,CE,Combined TRACON& Tower with Radar,93,17,23,0,133,0,0,6,0,6,93,17,29,0,139,0,0,0,139
05/23/2022,BUF,NY,AEA,CE,Combined TRACON& Tower with Radar,111,26,29,2,168,0,4,15,0,19,111,30,44,2,187,0,0,0,187
05/24/2022,BUF,NY,AEA,CE,Combined TRACON& Tower with Radar,118,36,21,0,175,0,4,28,0,32,118,40,49,0,207,0,0,0,207
05/25/2022,BUF,NY,AEA,CE,Combined TRACON& Tower with Radar,122,34,26,4,186,0,10,17,0,27,122,44,43,4,213,0,0,0,213
05/26/2022,BUF,NY,AEA,CE,Combined TRACON& Tower with Radar,119,41,32,4,196,0,12,20,0,32,119,53,52,4,228,0,0,0,228
05/27/2022,BUF,NY,AEA,CE,Combined TRACON& Tower with Radar,118,31,18,4,171,0,1,5,0,6,118,32,23,4,177,0,0,0,177
05/28/2022,BUF,NY,AEA,CE,Combined TRACON& Tower with Radar,101,25,11,4,141,0,2,10,0,12,101,27,21,4,153,0,0,0,153
05/29/2022,BUF,NY,AEA,CE,Combined TRACON& Tower with Radar,100,24,17,2,143,0,17,34,0,51,100,41,51,2,194,0,0,0,194
05/30/2022,BUF,NY,AEA,CE,Combined TRACON& Tower with Radar,115,22,25,1,163,0,9,18,2,29,115,31,43,3,192,0,0,0,192
05/31/2022,BUF,NY,AEA,CE,Combined TRACON& Tower with Radar,113,22,10,0,145,0,10,14,2,26,113,32,24,2,171,0,0,0,171
06/01/2022,BUF,NY,AEA,CE,Combined TRACON& Tower with Radar,116,35,17,4,172,0,4,4,0,8,116,39,21,4,180,0,0,0,180
06/02/2022,BUF,NY,AEA,CE,Combined TRACON& Tower with Radar,123,39,31,2,195,0,7,24,0,31,123,46,55,2,226,0,0,0,226
06/03/2022,BUF,NY,AEA,CE,Combined TRACON& Tower with Radar,135,30,18,0,183,0,8,25,2,35,135,38,43,2,218,0,0,0,218
06/04/2022,BUF,NY,AEA,CE,Combined TRACON& Tower with Radar,112,29,18,0,159,0,5,14,0,19,112,34,32,0,178,0,0,0,178
06/05/2022,BUF,NY,AEA,CE,Combined TRACON& Tower with Radar,121,34,20,0,175,0,4,17,0,21,121,38,37,0,196,0,0,0,196
06/06/2022,BUF,NY,AEA,CE,Combined TRACON& Tower with Radar,124,29,28,0,181,0,5,20,0,25,124,34,48,0,206,0,0,0,206
06/07/2022,BUF,NY,AEA,CE,Combined TRACON& Tower with Radar,129,32,24,0,185,0,4,0,0,4,129,36,24,0,189,0,0,0,189
06/08/2022,BUF,NY,AEA,CE,Combined TRACON& Tower with Radar,124,41,37,3,205,0,4,13,0,17,124,45,50,3,222,0,0,0,222
06/09/2022,BUF,NY,AEA,CE,Combined TRACON& Tower with Radar,124,24,23,2,173,0,1,0,0,1,124,25,23,2,174,0,0,0,174
06/10/2022,BUF,NY,AEA,CE,Combined TRACON& Tower with Radar,123,27,24,0,174,0,5,23,0,28,123,32,47,0,202,0,0,0,202
06/11/2022,BUF,NY,AEA,CE,Combined TRACON& Tower with Radar,111,21,15,0,147,0,4,24,0,28,111,25,39,0,175,0,0,0,175
06/12/2022,BUF,NY,AEA,CE,Combined TRACON& Tower with Radar,118,29,22,1,170,0,0,1,3,4,118,29,23,4,174,0,0,0,174
06/13/2022,BUF,NY,AEA,CE,Combined TRACON& Tower with Radar,127,27,25,2,181,0,3,15,1,19,127,30,40,3,200,0,0,0,200
06/14/2022,BUF,NY,AEA,CE,Combined TRACON& Tower with Radar,137,34,20,0,191,0,10,26,0,36,137,44,46,0,227,0,0,0,227
06/15/2022,BUF,NY,AEA,CE,Combined TRACON& Tower with Radar,124,33,25,3,185,0,7,25,5,37,124,40,50,8,222,0,0,0,222
06/16/2022,BUF,NY,AEA,CE,Combined TRACON& Tower with Radar,121,40,28,0,189,0,0,4,0,4,121,40,32,0,193,0,0,0,193
06/17/2022,BUF,NY,AEA,CE,Combined TRACON& Tower with Radar,123,32,40,4,199,0,4,4,0,8,123,36,44,4,207,0,0,0,207
06/18/2022,BUF,NY,AEA,CE,Combined TRACON& Tower with Radar,115,25,21,0,161,0,5,7,2,14,115,30,28,2,175,0,0,0,175
06/19/2022,BUF,NY,AEA,CE,Combined TRACON& Tower with Radar,120,30,17,1,168,0,6,24,0,30,120,36,41,1,198,0,0,0,198
06/20/2022,BUF,NY,AEA,CE,Combined TRACON& Tower with Radar,122,32,30,0,184,0,0,25,0,25,122,32,55,0,209,0,0,0,209
06/21/2022,BUF,NY,AEA,CE,Combined TRACON& Tower with Radar,130,32,23,16,201,0,6,19,0,25,130,38,42,16,226,0,0,0,226
06/22/2022,BUF,NY,AEA,CE,Combined TRACON& Tower with Radar,115,36,16,0,167,0,1,16,0,17,115,37,32,0,184,0,0,0,184
06/23/2022,BUF,NY,AEA,CE,Combined TRACON& Tower with Radar,130,30,30,0,190,0,13,21,0,34,130,43,51,0,224,0,0,0,224
06/24/2022,BUF,NY,AEA,CE,Combined TRACON& Tower with Radar,114,34,18,1,167,0,1,29,0,30,114,35,47,1,197,0,0,0,197
06/25/2022,BUF,NY,AEA,CE,Combined TRACON& Tower with Radar,113,20,21,0,154,0,1,34,1,36,113,21,55,1,190,0,0,0,190
06/26/2022,BUF,NY,AEA,CE,Combined TRACON& Tower with Radar,115,27,17,1,160,0,4,21,0,25,115,31,38,1,185,0,0,0,185
06/27/2022,BUF,NY,AEA,CE,Combined TRACON& Tower with Radar,116,30,42,0,188,0,3,14,0,17,116,33,56,0,205,0,0,0,205
06/28/2022,BUF,NY,AEA,CE,Combined TRACON& Tower with Radar,126,37,24,12,199,0,9,35,1,45,126,46,59,13,244,0,0,0,244
06/29/2022,BUF,NY,AEA,CE,Combined TRACON& Tower with Radar,122,23,25,0,170,0,8,22,0,30,122,31,47,0,200,0,0,0,200
06/30/2022,BUF,NY,AEA,CE,Combined TRACON& Tower with Radar,129,39,19,6,193,0,6,25,0,31,129,45,44,6,224,0,0,0,224
07/01/2022,BUF,NY,AEA,CE,Combined TRACON& Tower with Radar,112,37,19,0,168,0,4,23,0,27,112,41,42,0,195,0,0,0,195
07/02/2022,BUF,NY,AEA,CE,Combined TRACON& Tower with Radar,110,33,13,0,156,0,5,12,0,17,110,38,25,0,173,0,0,0,173
07/03/2022,BUF,NY,AEA,CE,Combined TRACON& Tower with Radar,111,22,16,0,149,0,10,16,0,26,111,32,32,0,175,0,0,0,175
07/04/2022,BUF,NY,AEA,CE,Combined TRACON& Tower with Radar,114,22,13,0,149,0,4,17,0,21,114,26,30,0,170,0,0,0,170
07/05/2022,BUF,NY,AEA,CE,Combined TRACON& Tower with Radar,117,24,22,2,165,0,0,4,0,4,117,24,26,2,169,0,0,0,169
07/06/2022,BUF,NY,AEA,CE,Combined TRACON& Tower with Radar,126,34,27,2,189,0,14,8,0,22,126,48,35,2,211,0,0,0,211
07/07/2022,BUF,NY,AEA,CE,Combined TRACON& Tower with Radar,128,33,32,0,193,0,13,20,0,33,128,46,52,0,226,0,0,0,226
07/08/2022,BUF,NY,AEA,CE,Combined TRACON& Tower with Radar,120,35,36,1,192,0,6,24,0,30,120,41,60,1,222,0,0,0,222
07/09/2022,BUF,NY,AEA,CE,Combined TRACON& Tower with Radar,114,23,21,0,158,0,6,21,0,27,114,29,42,0,185,0,0,0,185
07/10/2022,BUF,NY,AEA,CE,Combined TRACON& Tower with Radar,122,33,25,1,181,0,9,25,0,34,122,42,50,1,215,0,0,0,215
07/11/2022,BUF,NY,AEA,CE,Combined TRACON& Tower with Radar,117,23,26,2,168,0,7,20,0,27,117,30,46,2,195,0,0,0,195
07/12/2022,BUF,NY,AEA,CE,Combined TRACON& Tower with Radar,132,27,18,0,177,0,9,5,0,14,132,36,23,0,191,0,0,0,191
07/13/2022,BUF,NY,AEA,CE,Combined TRACON& Tower with Radar,129,36,32,2,199,0,5,13,0,18,129,41,45,2,217,0,0,0,217
07/14/2022,BUF,NY,AEA,CE,Combined TRACON& Tower with Radar,133,43,35,6,217,0,4,23,0,27,133,47,58,6,244,0,0,0,244
07/15/2022,BUF,NY,AEA,CE,Combined TRACON& Tower with Radar,122,31,23,0,176,0,7,21,0,28,122,38,44,0,204,0,0,0,204
07/16/2022,BUF,NY,AEA,CE,Combined TRACON& Tower with Radar,109,24,15,1,149,0,8,11,0,19,109,32,26,1,168,0,0,0,168
07/17/2022,BUF,NY,AEA,CE,Combined TRACON& Tower with Radar,116,38,19,1,174,0,7,14,1,22,116,45,33,2,196,0,0,0,196
07/18/2022,BUF,NY,AEA,CE,Combined TRACON& Tower with Radar,108,31,22,0,161,0,1,0,0,1,108,32,22,0,162,0,0,0,162
07/19/2022,BUF,NY,AEA,CE,Combined TRACON& Tower with Radar,128,38,33,10,209,0,10,16,0,26,128,48,49,10,235,0,0,0,235
07/20/2022,BUF,NY,AEA,CE,Combined TRACON& Tower with Radar,124,25,28,0,177,0,3,24,0,27,124,28,52,0,204,0,0,0,204
07/21/2022,BUF,NY,AEA,CE,Combined TRACON& Tower with Radar,129,31,34,12,206,0,5,3,0,8,129,36,37,12,214,0,0,0,214
07/22/2022,BUF,NY,AEA,CE,Combined TRACON& Tower with Radar,124,30,39,0,193,0,2,38,0,40,124,32,77,0,233,0,0,0,233
07/23/2022,BUF,NY,AEA,CE,Combined TRACON& Tower with Radar,115,26,21,0,162,0,4,15,0,19,115,30,36,0,181,0,0,0,181
07/24/2022,BUF,NY,AEA,CE,Combined TRACON& Tower with Radar,102,33,10,0,145,0,3,5,0,8,102,36,15,0,153,0,0,0,153
07/25/2022,BUF,NY,AEA,CE,Combined TRACON& Tower with Radar,117,37,27,3,184,0,2,18,1,21,117,39,45,4,205,0,0,0,205
07/26/2022,BUF,NY,AEA,CE,Combined TRACON& Tower with Radar,127,33,30,0,190,0,9,38,0,47,127,42,68,0,237,0,0,0,237
07/27/2022,BUF,NY,AEA,CE,Combined TRACON& Tower with Radar,128,32,34,4,198,0,9,31,0,40,128,41,65,4,238,0,0,0,238
07/28/2022,BUF,NY,AEA,CE,Combined TRACON& Tower with Radar,124,29,36,10,199,0,1,4,0,5,124,30,40,10,204,0,0,0,204
07/29/2022,BUF,NY,AEA,CE,Combined TRACON& Tower with Radar,119,33,43,0,195,0,8,35,2,45,119,41,78,2,240,0,0,0,240
07/30/2022,BUF,NY,AEA,CE,Combined TRACON& Tower with Radar,106,34,17,0,157,0,8,19,0,27,106,42,36,0,184,0,0,0,184
07/31/2022,BUF,NY,AEA,CE,Combined TRACON& Tower with Radar,126,34,28,1,189,0,12,22,0,34,126,46,50,1,223,0,0,0,223
08/01/2022,BUF,NY,AEA,CE,Combined TRACON& Tower with Radar,118,41,25,2,186,0,1,21,0,22,118,42,46,2,208,0,0,0,208
08/02/2022,BUF,NY,AEA,CE,Combined TRACON& Tower with Radar,139,25,30,0,194,0,3,28,0,31,139,28,58,0,225,0,0,0,225
08/03/2022,BUF,NY,AEA,CE,Combined TRACON& Tower with Radar,121,22,29,3,175,0,7,36,1,44,121,29,65,4,219,0,0,0,219
08/04/2022,BUF,NY,AEA,CE,Combined TRACON& Tower with Radar,118,34,26,4,182,0,5,29,0,34,118,39,55,4,216,0,0,0,216
08/05/2022,BUF,NY,AEA,CE,Combined TRACON& Tower with Radar,114,27,25,2,168,0,2,9,0,11,114,29,34,2,179,0,0,0,179
08/06/2022,BUF,NY,AEA,CE,Combined TRACON& Tower with Radar,107,32,24,0,163,0,2,35,0,37,107,34,59,0,200,0,0,0,200
08/07/2022,BUF,NY,AEA,CE,Combined TRACON& Tower with Radar,113,31,33,0,177,0,5,11,0,16,113,36,44,0,193,0,0,0,193
08/08/2022,BUF,NY,AEA,CE,Combined TRACON& Tower with Radar,119,29,30,2,180,0,0,2,1,3,119,29,32,3,183,0,0,0,183
08/09/2022,BUF,NY,AEA,CE,Combined TRACON& Tower with Radar,125,31,29,2,187,0,6,10,1,17,125,37,39,3,204,0,0,0,204
08/10/2022,BUF,NY,AEA,CE,Combined TRACON& Tower with Radar,136,30,32,0,198,0,6,20,3,29,136,36,52,3,227,0,0,0,227
08/11/2022,BUF,NY,AEA,CE,Combined TRACON& Tower with Radar,123,30,23,7,183,0,5,21,1,27,123,35,44,8,210,0,0,0,210
08/12/2022,BUF,NY,AEA,CE,Combined TRACON& Tower with Radar,138,32,24,5,199,0,4,32,3,39,138,36,56,8,238,0,0,0,238
08/13/2022,BUF,NY,AEA,CE,Combined TRACON& Tower with Radar,117,27,16,1,161,0,6,24,1,31,117,33,40,2,192,0,0,0,192
08/14/2022,BUF,NY,AEA,CE,Combined TRACON& Tower with Radar,120,34,27,2,183,0,0,26,0,26,120,34,53,2,209,0,0,0,209
08/15/2022,BUF,NY,AEA,CE,Combined TRACON& Tower with Radar,126,30,28,7,191,0,5,22,0,27,126,35,50,7,218,0,0,0,218
08/16/2022,BUF,NY,AEA,CE,Combined TRACON& Tower with Radar,129,35,26,0,190,0,3,3,0,6,129,38,29,0,196,0,0,0,196
08/17/2022,BUF,NY,AEA,CE,Combined TRACON& Tower with Radar,135,34,31,10,210,0,4,8,6,18,135,38,39,16,228,0,0,0,228
08/18/2022,BUF,NY,AEA,CE,Combined TRACON& Tower with Radar,130,34,25,0,189,0,5,17,0,22,130,39,42,0,211,0,0,0,211
08/19/2022,BUF,NY,AEA,CE,Combined TRACON& Tower with Radar,135,35,28,0,198,0,2,19,2,23,135,37,47,2,221,0,0,0,221
08/20/2022,BUF,NY,AEA,CE,Combined TRACON& Tower with Radar,104,34,14,0,152,0,3,19,0,22,104,37,33,0,174,0,0,0,174
08/21/2022,BUF,NY,AEA,CE,Combined TRACON& Tower with Radar,117,38,19,0,174,0,0,9,0,9,117,38,28,0,183,0,0,0,183
08/22/2022,BUF,NY,AEA,CE,Combined TRACON& Tower with Radar,113,28,24,0,165,0,4,2,0,6,113,32,26,0,171,0,0,0,171
08/23/2022,BUF,NY,AEA,CE,Combined TRACON& Tower with Radar,124,32,25,0,181,0,2,8,2,12,124,34,33,2,193,0,0,0,193
08/24/2022,BUF,NY,AEA,CE,Combined TRACON& Tower with Radar,130,28,22,4,184,0,2,16,0,18,130,30,38,4,202,0,0,0,202
08/25/2022,BUF,NY,AEA,CE,Combined TRACON& Tower with Radar,131,37,28,15,211,0,2,18,1,21,131,39,46,16,232,0,0,0,232
08/26/2022,BUF,NY,AEA,CE,Combined TRACON& Tower with Radar,125,37,32,2,196,0,6,8,2,16,125,43,40,4,212,0,0,0,212
08/27/2022,BUF,NY,AEA,CE,Combined TRACON& Tower with Radar,114,38,22,0,174,0,8,16,0,24,114,46,38,0,198,0,0,0,198
08/28/2022,BUF,NY,AEA,CE,Combined TRACON& Tower with Radar,114,40,15,0,169,0,10,29,0,39,114,50,44,0,208,0,0,0,208
08/29/2022,BUF,NY,AEA,CE,Combined TRACON& Tower with Radar,120,26,17,12,175,0,5,11,2,18,120,31,28,14,193,0,0,0,193
08/30/2022,BUF,NY,AEA,CE,Combined TRACON& Tower with Radar,122,29,16,2,169,0,2,0,0,2,122,31,16,2,171,0,0,0,171
08/31/2022,BUF,NY,AEA,CE,Combined TRACON& Tower with Radar,128,28,24,23,203,0,7,9,11,27,128,35,33,34,230,0,0,0,230
09/01/2022,BUF,NY,AEA,CE,Combined TRACON& Tower with Radar,133,33,30,4,200,0,7,29,0,36,133,40,59,4,236,0,0,0,236
09/02/2022,BUF,NY,AEA,CE,Combined TRACON& Tower with Radar,131,28,16,0,175,0,6,24,0,30,131,34,40,0,205,0,0,0,205
09/03/2022,BUF,NY,AEA,CE,Combined TRACON& Tower with Radar,100,26,16,2,144,0,7,10,1,18,100,33,26,3,162,0,0,0,162
09/04/2022,BUF,NY,AEA,CE,Combined TRACON& Tower with Radar,101,34,10,4,149,0,0,0,2,2,101,34,10,6,151,0,0,0,151
09/05/2022,BUF,NY,AEA,CE,Combined TRACON& Tower with Radar,128,35,19,0,182,0,0,0,0,0,128,35,19,0,182,0,0,0,182
09/06/2022,BUF,NY,AEA,CE,Combined TRACON& Tower with Radar,117,41,35,1,194,0,0,1,0,1,117,41,36,1,195,0,0,0,195
09/07/2022,BUF,NY,AEA,CE,Combined TRACON& Tower with Radar,125,26,34,0,185,0,1,3,1,5,125,27,37,1,190,0,0,0,190
09/08/2022,BUF,NY,AEA,CE,Combined TRACON& Tower with Radar,130,43,26,1,200,0,1,33,0,34,130,44,59,1,234,0,0,0,234
09/09/2022,BUF,NY,AEA,CE,Combined TRACON& Tower with Radar,136,40,27,2,205,0,4,25,0,29,136,44,52,2,234,0,0,0,234
09/10/2022,BUF,NY,AEA,CE,Combined TRACON& Tower with Radar,114,27,21,0,162,0,7,31,0,38,114,34,52,0,200,0,0,0,200
09/11/2022,BUF,NY,AEA,CE,Combined TRACON& Tower with Radar,115,27,27,0,169,0,2,0,1,3,115,29,27,1,172,0,0,0,172
09/12/2022,BUF,NY,AEA,CE,Combined TRACON& Tower with Radar,126,29,23,0,178,0,0,1,2,3,126,29,24,2,181,0,0,0,181
09/13/2022,BUF,NY,AEA,CE,Combined TRACON& Tower with Radar,126,30,26,2,184,0,1,2,0,3,126,31,28,2,187,0,0,0,187
09/14/2022,BUF,NY,AEA,CE,Combined TRACON& Tower with Radar,126,27,38,4,195,0,5,17,0,22,126,32,55,4,217,0,0,0,217
09/15/2022,BUF,NY,AEA,CE,Combined TRACON& Tower with Radar,131,23,22,0,176,0,4,18,2,24,131,27,40,2,200,0,0,0,200
09/16/2022,BUF,NY,AEA,CE,Combined TRACON& Tower with Radar,130,33,25,1,189,0,7,23,0,30,130,40,48,1,219,0,0,0,219
09/17/2022,BUF,NY,AEA,CE,Combined TRACON& Tower with Radar,113,21,23,0,157,0,8,25,0,33,113,29,48,0,190,0,0,0,190
09/18/2022,BUF,NY,AEA,CE,Combined TRACON& Tower with Radar,111,29,17,2,159,0,1,16,1,18,111,30,33,3,177,0,0,0,177
09/19/2022,BUF,NY,AEA,CE,Combined TRACON& Tower with Radar,119,44,33,0,196,0,1,1,0,2,119,45,34,0,198,0,0,0,198
09/20/2022,BUF,NY,AEA,CE,Combined TRACON& Tower with Radar,123,49,58,2,232,0,3,12,0,15,123,52,70,2,247,0,0,0,247
09/21/2022,BUF,NY,AEA,CE,Combined TRACON& Tower with Radar,119,36,29,0,184,0,4,10,0,14,119,40,39,0,198,0,0,0,198
09/22/2022,BUF,NY,AEA,CE,Combined TRACON& Tower with Radar,123,34,35,0,192,0,2,2,0,4,123,36,37,0,196,0,0,0,196
09/23/2022,BUF,NY,AEA,CE,Combined TRACON& Tower with Radar,128,28,30,1,187,0,6,25,0,31,128,34,55,1,218,0,0,0,218
09/24/2022,BUF,NY,AEA,CE,Combined TRACON& Tower with Radar,113,27,17,1,158,0,3,30,0,33,113,30,47,1,191,0,0,0,191
09/25/2022,BUF,NY,AEA,CE,Combined TRACON& Tower with Radar,102,34,25,0,161,0,2,1,0,3,102,36,26,0,164,0,0,0,164
09/26/2022,BUF,NY,AEA,CE,Combined TRACON& Tower with Radar,137,35,18,0,190,0,0,0,0,0,137,35,18,0,190,0,0,0,190
09/27/2022,BUF,NY,AEA,CE,Combined TRACON& Tower with Radar,129,34,22,0,185,0,2,2,0,4,129,36,24,0,189,0,0,0,189
09/28/2022,BUF,NY,AEA,CE,Combined TRACON& Tower with Radar,116,31,16,3,166,0,0,0,1,1,116,31,16,4,167,0,0,0,167
09/29/2022,BUF,NY,AEA,CE,Combined TRACON& Tower with Radar,121,43,22,1,187,0,3,17,1,21,121,46,39,2,208,0,0,0,208
09/30/2022,BUF,NY,AEA,CE,Combined TRACON& Tower with Radar,124,22,18,2,166,0,7,22,0,29,124,29,40,2,195,0,0,0,195
10/01/2022,BUF,NY,AEA,CE,Combined TRACON& Tower with Radar,117,22,11,0,150,0,3,12,0,15,117,25,23,0,165,0,0,0,165
10/02/2022,BUF,NY,AEA,CE,Combined TRACON& Tower with Radar,112,20,16,0,148,0,2,2,0,4,112,22,18,0,152,0,0,0,152
10/03/2022,BUF,NY,AEA,CE,Combined TRACON& Tower with Radar,127,17,22,16,182,0,1,13,10,24,127,18,35,26,206,0,0,0,206
10/04/2022,BUF,NY,AEA,CE,Combined TRACON& Tower with Radar,121,33,22,3,179,0,5,17,0,22,121,38,39,3,201,0,0,0,201
10/05/2022,BUF,NY,AEA,CE,Combined TRACON& Tower with Radar,123,22,18,3,166,0,4,15,0,19,123,26,33,3,185,0,0,0,185
10/06/2022,BUF,NY,AEA,CE,Combined TRACON& Tower with Radar,125,26,27,2,180,0,8,28,2,38,125,34,55,4,218,0,0,0,218
10/07/2022,BUF,NY,AEA,CE,Combined TRACON& Tower with Radar,127,34,23,0,184,0,0,7,0,7,127,34,30,0,191,0,0,0,191
10/08/2022,BUF,NY,AEA,CE,Combined TRACON& Tower with Radar,115,20,16,2,153,0,7,11,0,18,115,27,27,2,171,0,0,0,171
10/09/2022,BUF,NY,AEA,CE,Combined TRACON& Tower with Radar,113,41,28,2,184,0,3,4,2,9,113,44,32,4,193,0,0,0,193
10/10/2022,BUF,NY,AEA,CE,Combined TRACON& Tower with Radar,124,36,28,3,191,0,2,10,0,12,124,38,38,3,203,0,0,0,203
10/11/2022,BUF,NY,AEA,CE,Combined TRACON& Tower with Radar,126,33,34,1,194,0,4,12,1,17,126,37,46,2,211,0,0,0,211
10/12/2022,BUF,NY,AEA,CE,Combined TRACON& Tower with Radar,125,27,29,0,181,0,6,11,0,17,125,33,40,0,198,0,0,0,198
10/13/2022,BUF,NY,AEA,CE,Combined TRACON& Tower with Radar,125,30,15,0,170,0,0,0,0,0,125,30,15,0,170,0,0,0,170
10/14/2022,BUF,NY,AEA,CE,Combined TRACON& Tower with Radar,135,20,28,3,186,0,3,19,0,22,135,23,47,3,208,0,0,0,208
10/15/2022,BUF,NY,AEA,CE,Combined TRACON& Tower with Radar,121,22,14,0,157,0,0,0,0,0,121,22,14,0,157,0,0,0,157
10/16/2022,BUF,NY,AEA,CE,Combined TRACON& Tower with Radar,118,32,17,0,167,0,4,16,0,20,118,36,33,0,187,0,0,0,187
10/17/2022,BUF,NY,AEA,CE,Combined TRACON& Tower with Radar,128,25,21,1,175,0,0,0,1,1,128,25,21,2,176,0,0,0,176
10/18/2022,BUF,NY,AEA,CE,Combined TRACON& Tower with Radar,131,39,22,0,192,0,0,1,0,1,131,39,23,0,193,0,0,0,193
10/19/2022,BUF,NY,AEA,CE,Combined TRACON& Tower with Radar,125,24,18,0,167,0,0,1,0,1,125,24,19,0,168,0,0,0,168
10/20/2022,BUF,NY,AEA,CE,Combined TRACON& Tower with Radar,125,27,21,2,175,0,0,5,0,5,125,27,26,2,180,0,0,0,180
10/21/2022,BUF,NY,AEA,CE,Combined TRACON& Tower with Radar,128,27,12,0,167,0,2,32,0,34,128,29,44,0,201,0,0,0,201
10/22/2022,BUF,NY,AEA,CE,Combined TRACON& Tower with Radar,115,23,16,0,154,0,2,17,0,19,115,25,33,0,173,0,0,0,173
10/23/2022,BUF,NY,AEA,CE,Combined TRACON& Tower with Radar,123,27,17,0,167,0,5,39,0,44,123,32,56,0,211,0,0,0,211
10/24/2022,BUF,NY,AEA,CE,Combined TRACON& Tower with Radar,121,22,18,0,161,0,7,15,2,24,121,29,33,2,185,0,0,0,185
10/25/2022,BUF,NY,AEA,CE,Combined TRACON& Tower with Radar,120,34,31,2,187,0,1,26,2,29,120,35,57,4,216,0,0,0,216
10/26/2022,BUF,NY,AEA,CE,Combined TRACON& Tower with Radar,129,34,25,0,188,0,2,6,0,8,129,36,31,0,196,0,0,0,196
10/27/2022,BUF,NY,AEA,CE,Combined TRACON& Tower with Radar,131,24,22,2,179,0,7,16,0,23,131,31,38,2,202,0,0,0,202
10/28/2022,BUF,NY,AEA,CE,Combined TRACON& Tower with Radar,126,28,19,0,173,0,9,16,0,25,126,37,35,0,198,0,0,0,198
10/29/2022,BUF,NY,AEA,CE,Combined TRACON& Tower with Radar,119,23,20,0,162,0,9,27,0,36,119,32,47,0,198,0,0,0,198
10/30/2022,BUF,NY,AEA,CE,Combined TRACON& Tower with Radar,127,29,37,0,193,0,5,37,1,43,127,34,74,1,236,0,0,0,236
10/31/2022,BUF,NY,AEA,CE,Combined TRACON& Tower with Radar,127,33,29,0,189,0,6,8,0,14,127,39,37,0,203,0,0,0,203
11/01/2022,BUF,NY,AEA,CE,Combined TRACON& Tower with Radar,126,37,35,0,198,0,4,0,0,4,126,41,35,0,202,0,0,0,202
11/02/2022,BUF,NY,AEA,CE,Combined TRACON& Tower with Radar,143,41,24,4,212,0,6,17,0,23,143,47,41,4,235,0,0,0,235
11/03/2022,BUF,NY,AEA,CE,Combined TRACON& Tower with Radar,128,54,26,1,209,0,4,27,1,32,128,58,53,2,241,0,0,0,241
11/04/2022,BUF,NY,AEA,CE,Combined TRACON& Tower with Radar,125,36,19,0,180,0,6,21,0,27,125,42,40,0,207,0,0,0,207
11/05/2022,BUF,NY,AEA,CE,Combined TRACON& Tower with Radar,99,20,12,0,131,0,2,10,0,12,99,22,22,0,143,0,0,0,143
11/06/2022,BUF,NY,AEA,CE,Combined TRACON& Tower with Radar,116,22,10,0,148,0,4,8,0,12,116,26,18,0,160,0,0,0,160
11/07/2022,BUF,NY,AEA,CE,Combined TRACON& Tower with Radar,127,40,18,0,185,0,7,18,0,25,127,47,36,0,210,0,0,0,210
11/08/2022,BUF,NY,AEA,CE,Combined TRACON& Tower with Radar,123,49,17,1,190,0,6,24,0,30,123,55,41,1,220,0,0,0,220
11/09/2022,BUF,NY,AEA,CE,Combined TRACON& Tower with Radar,120,37,23,0,180,0,17,24,0,41,120,54,47,0,221,0,0,0,221
11/10/2022,BUF,NY,AEA,CE,Combined TRACON& Tower with Radar,130,27,36,0,193,0,8,19,0,27,130,35,55,0,220,0,0,0,220
11/11/2022,BUF,NY,AEA,CE,Combined TRACON& Tower with Radar,128,44,27,0,199,0,3,5,0,8,128,47,32,0,207,0,0,0,207
11/12/2022,BUF,NY,AEA,CE,Combined TRACON& Tower with Radar,117,30,14,2,163,0,0,9,0,9,117,30,23,2,172,0,0,0,172
11/13/2022,BUF,NY,AEA,CE,Combined TRACON& Tower with Radar,125,53,30,2,210,0,0,0,1,1,125,53,30,3,211,0,0,0,211
11/14/2022,BUF,NY,AEA,CE,Combined TRACON& Tower with Radar,124,36,9,3,172,0,3,20,0,23,124,39,29,3,195,0,0,0,195
11/15/2022,BUF,NY,AEA,CE,Combined TRACON& Tower with Radar,124,32,18,0,174,0,0,14,0,14,124,32,32,0,188,0,0,0,188
11/16/2022,BUF,NY,AEA,CE,Combined TRACON& Tower with Radar,127,31,16,0,174,0,0,0,0,0,127,31,16,0,174,0,0,0,174
11/17/2022,BUF,NY,AEA,CE,Combined TRACON& Tower with Radar,104,32,11,0,147,0,2,2,0,4,104,34,13,0,151,0,0,0,151
11/18/2022,BUF,NY,AEA,CE,Combined TRACON& Tower with Radar,21,6,2,0,29,0,0,0,0,0,21,6,2,0,29,0,0,0,29
11/19/2022,BUF,NY,AEA,CE,Combined TRACON& Tower with Radar,25,8,4,0,37,0,0,0,0,0,25,8,4,0,37,0,0,0,37
11/20/2022,BUF,NY,AEA,CE,Combined TRACON& Tower with Radar,108,30,8,0,146,0,0,1,0,1,108,30,9,0,147,0,0,0,147
11/21/2022,BUF,NY,AEA,CE,Combined TRACON& Tower with Radar,134,22,6,0,162,0,2,6,0,8,134,24,12,0,170,0,0,0,170
11/22/2022,BUF,NY,AEA,CE,Combined TRACON& Tower with Radar,148,38,22,1,209,0,4,29,0,33,148,42,51,1,242,0,0,0,242
11/23/2022,BUF,NY,AEA,CE,Combined TRACON& Tower with Radar,148,34,17,0,199,0,2,14,0,16,148,36,31,0,215,0,0,0,215
11/24/2022,BUF,NY,AEA,CE,Combined TRACON& Tower with Radar,72,19,10,0,101,0,6,9,0,15,72,25,19,0,116,0,0,0,116
11/25/2022,BUF,NY,AEA,CE,Combined TRACON& Tower with Radar,99,30,11,0,140,0,4,0,0,4,99,34,11,0,144,0,0,0,144
11/26/2022,BUF,NY,AEA,CE,Combined TRACON& Tower with Radar,120,30,11,0,161,0,3,8,0,11,120,33,19,0,172,0,0,0,172
11/27/2022,BUF,NY,AEA,CE,Combined TRACON& Tower with Radar,127,52,31,0,210,0,1,4,0,5,127,53,35,0,215,0,0,0,215
11/28/2022,BUF,NY,AEA,CE,Combined TRACON& Tower with Radar,139,27,18,2,186,0,2,2,0,4,139,29,20,2,190,0,0,0,190
11/29/2022,BUF,NY,AEA,CE,Combined TRACON& Tower with Radar,133,35,27,0,195,0,3,30,0,33,133,38,57,0,228,0,0,0,228
11/30/2022,BUF,NY,AEA,CE,Combined TRACON& Tower with Radar,117,33,14,0,164,0,0,0,0,0,117,33,14,0,164,0,0,0,164
12/01/2022,BUF,NY,AEA,CE,Combined TRACON& Tower with Radar,142,26,23,0,191,0,1,4,0,5,142,27,27,0,196,0,0,0,196
12/02/2022,BUF,NY,AEA,CE,Combined TRACON& Tower with Radar,129,37,31,0,197,0,4,25,0,29,129,41,56,0,226,0,0,0,226
12/03/2022,BUF,NY,AEA,CE,Combined TRACON& Tower with Radar,108,27,7,0,142,0,1,0,0,1,108,28,7,0,143,0,0,0,143
12/04/2022,BUF,NY,AEA,CE,Combined TRACON& Tower with Radar,121,29,9,0,159,0,3,6,0,9,121,32,15,0,168,0,0,0,168
12/05/2022,BUF,NY,AEA,CE,Combined TRACON& Tower with Radar,127,32,14,2,175,0,7,23,0,30,127,39,37,2,205,0,0,0,205
12/06/2022,BUF,NY,AEA,CE,Combined TRACON& Tower with Radar,133,38,18,0,189,0,0,1,0,1,133,38,19,0,190,0,0,0,190
12/07/2022,BUF,NY,AEA,CE,Combined TRACON& Tower with Radar,126,36,18,0,180,0,0,0,0,0,126,36,18,0,180,0,0,0,180
12/08/2022,BUF,NY,AEA,CE,Combined TRACON& Tower with Radar,137,33,27,0,197,0,3,11,1,15,137,36,38,1,212,0,0,0,212
12/09/2022,BUF,NY,AEA,CE,Combined TRACON& Tower with Radar,138,36,12,0,186,0,4,2,4,10,138,40,14,4,196,0,0,0,196
12/10/2022,BUF,NY,AEA,CE,Combined TRACON& Tower with Radar,111,33,16,0,160,0,5,29,0,34,111,38,45,0,194,0,0,0,194
12/11/2022,BUF,NY,AEA,CE,Combined TRACON& Tower with Radar,121,50,11,2,184,0,0,0,0,0,121,50,11,2,184,0,0,0,184
12/12/2022,BUF,NY,AEA,CE,Combined TRACON& Tower with Radar,133,37,25,0,195,0,0,0,1,1,133,37,25,1,196,0,0,0,196
12/13/2022,BUF,NY,AEA,CE,Combined TRACON& Tower with Radar,133,32,23,2,190,0,6,35,2,43,133,38,58,4,233,0,0,0,233
12/14/2022,BUF,NY,AEA,CE,Combined TRACON& Tower with Radar,128,33,26,13,200,0,5,22,1,28,128,38,48,14,228,0,0,0,228
12/15/2022,BUF,NY,AEA,CE,Combined TRACON& Tower with Radar,131,32,9,0,172,0,0,0,0,0,131,32,9,0,172,0,0,0,172
12/16/2022,BUF,NY,AEA,CE,Combined TRACON& Tower with Radar,133,23,18,0,174,0,0,5,0,5,133,23,23,0,179,0,0,0,179
12/17/2022,BUF,NY,AEA,CE,Combined TRACON& Tower with Radar,111,16,7,0,134,0,0,0,0,0,111,16,7,0,134,0,0,0,134
12/18/2022,BUF,NY,AEA,CE,Combined TRACON& Tower with Radar,119,25,22,0,166,0,2,2,0,4,119,27,24,0,170,0,0,0,170
12/19/2022,BUF,NY,AEA,CE,Combined TRACON& Tower with Radar,118,29,20,0,167,0,0,3,0,3,118,29,23,0,170,0,0,0,170
12/20/2022,BUF,NY,AEA,CE,Combined TRACON& Tower with Radar,119,25,14,0,158,0,3,8,0,11,119,28,22,0,169,0,0,0,169
12/21/2022,BUF,NY,AEA,CE,Combined TRACON& Tower with Radar,133,26,28,0,187,0,3,31,2,36,133,29,59,2,223,0,0,0,223
12/22/2022,BUF,NY,AEA,CE,Combined TRACON& Tower with Radar,121,38,38,0,197,0,4,8,0,12,121,42,46,0,209,0,0,0,209
12/23/2022,BUF,NY,AEA,CE,Combined TRACON& Tower with Radar,28,3,2,0,33,0,0,0,0,0,28,3,2,0,33,0,0,0,33
12/24/2022,BUF,NY,AEA,CE,Combined TRACON& Tower with Radar,0,0,0,0,0,0,0,0,0,0,0,0,0,0,0,0,0,0,0
12/25/2022,BUF,NY,AEA,CE,Combined TRACON& Tower with Radar,0,0,0,0,0,0,0,0,0,0,0,0,0,0,0,0,0,0,0
12/26/2022,BUF,NY,AEA,CE,Combined TRACON& Tower with Radar,0,0,0,0,0,0,0,0,0,0,0,0,0,0,0,0,0,0,0
12/27/2022,BUF,NY,AEA,CE,Combined TRACON& Tower with Radar,0,0,0,0,0,0,0,1,0,1,0,0,1,0,1,0,0,0,1
12/28/2022,BUF,NY,AEA,CE,Combined TRACON& Tower with Radar,26,32,17,0,75,0,5,8,0,13,26,37,25,0,88,0,0,0,88
12/29/2022,BUF,NY,AEA,CE,Combined TRACON& Tower with Radar,75,42,23,0,140,0,2,10,0,12,75,44,33,0,152,0,0,0,152
12/30/2022,BUF,NY,AEA,CE,Combined TRACON& Tower with Radar,107,28,11,0,146,0,4,17,0,21,107,32,28,0,167,0,0,0,167
12/31/2022,BUF,NY,AEA,CE,Combined TRACON& Tower with Radar,95,16,4,0,115,0,0,0,0,0,95,16,4,0,115,0,0,0,115
01/01/2023,BUF,NY,AEA,CE,Combined TRACON& Tower with Radar,86,24,7,0,117,0,0,0,0,0,86,24,7,0,117,0,0,0,117
01/02/2023,BUF,NY,AEA,CE,Combined TRACON& Tower with Radar,97,23,21,0,141,0,0,0,0,0,97,23,21,0,141,0,0,0,141
01/03/2023,BUF,NY,AEA,CE,Combined TRACON& Tower with Radar,103,35,9,0,147,0,0,0,0,0,103,35,9,0,147,0,0,0,147
01/04/2023,BUF,NY,AEA,CE,Combined TRACON& Tower with Radar,112,34,10,0,156,0,0,1,0,1,112,34,11,0,157,0,0,0,157
01/05/2023,BUF,NY,AEA,CE,Combined TRACON& Tower with Radar,96,25,12,2,135,0,10,16,1,27,96,35,28,3,162,0,0,0,162
01/06/2023,BUF,NY,AEA,CE,Combined TRACON& Tower with Radar,98,29,10,0,137,0,2,2,0,4,98,31,12,0,141,0,0,0,141
01/07/2023,BUF,NY,AEA,CE,Combined TRACON& Tower with Radar,100,31,13,0,144,0,0,2,0,2,100,31,15,0,146,0,0,0,146
01/08/2023,BUF,NY,AEA,CE,Combined TRACON& Tower with Radar,104,46,20,0,170,0,2,18,0,20,104,48,38,0,190,0,0,0,190
01/09/2023,BUF,NY,AEA,CE,Combined TRACON& Tower with Radar,116,28,27,0,171,0,0,8,0,8,116,28,35,0,179,0,0,0,179
01/10/2023,BUF,NY,AEA,CE,Combined TRACON& Tower with Radar,120,33,10,2,165,0,1,2,0,3,120,34,12,2,168,0,0,0,168
01/11/2023,BUF,NY,AEA,CE,Combined TRACON& Tower with Radar,110,29,15,2,156,0,2,12,0,14,110,31,27,2,170,0,0,0,170
01/12/2023,BUF,NY,AEA,CE,Combined TRACON& Tower with Radar,118,39,22,0,179,0,0,2,0,2,118,39,24,0,181,0,0,0,181
01/13/2023,BUF,NY,AEA,CE,Combined TRACON& Tower with Radar,125,36,14,2,177,0,0,0,0,0,125,36,14,2,177,0,0,0,177
01/14/2023,BUF,NY,AEA,CE,Combined TRACON& Tower with Radar,106,27,19,0,152,0,2,3,0,5,106,29,22,0,157,0,0,0,157
01/15/2023,BUF,NY,AEA,CE,Combined TRACON& Tower with Radar,112,42,24,0,178,0,0,17,0,17,112,42,41,0,195,0,0,0,195
01/16/2023,BUF,NY,AEA,CE,Combined TRACON& Tower with Radar,109,29,18,0,156,0,4,43,0,47,109,33,61,0,203,0,0,0,203
01/17/2023,BUF,NY,AEA,CE,Combined TRACON& Tower with Radar,117,41,13,0,171,0,4,0,0,4,117,45,13,0,175,0,0,0,175
01/18/2023,BUF,NY,AEA,CE,Combined TRACON& Tower with Radar,116,35,17,0,168,0,0,2,0,2,116,35,19,0,170,0,0,0,170
01/19/2023,BUF,NY,AEA,CE,Combined TRACON& Tower with Radar,117,32,22,0,171,0,0,0,0,0,117,32,22,0,171,0,0,0,171
01/20/2023,BUF,NY,AEA,CE,Combined TRACON& Tower with Radar,120,24,8,0,152,0,0,0,0,0,120,24,8,0,152,0,0,0,152
01/21/2023,BUF,NY,AEA,CE,Combined TRACON& Tower with Radar,113,29,15,0,157,0,1,7,0,8,113,30,22,0,165,0,0,0,165
01/22/2023,BUF,NY,AEA,CE,Combined TRACON& Tower with Radar,110,77,30,0,217,0,1,8,0,9,110,78,38,0,226,0,0,0,226
01/23/2023,BUF,NY,AEA,CE,Combined TRACON& Tower with Radar,113,32,26,0,171,0,0,4,0,4,113,32,30,0,175,0,0,0,175
01/24/2023,BUF,NY,AEA,CE,Combined TRACON& Tower with Radar,115,29,15,0,159,0,2,8,2,12,115,31,23,2,171,0,0,0,171
01/25/2023,BUF,NY,AEA,CE,Combined TRACON& Tower with Radar,106,29,8,0,143,0,2,0,0,2,106,31,8,0,145,0,0,0,145
01/26/2023,BUF,NY,AEA,CE,Combined TRACON& Tower with Radar,127,34,14,0,175,0,0,2,0,2,127,34,16,0,177,0,0,0,177
01/27/2023,BUF,NY,AEA,CE,Combined TRACON& Tower with Radar,115,32,12,0,159,0,2,0,0,2,115,34,12,0,161,0,0,0,161
01/28/2023,BUF,NY,AEA,CE,Combined TRACON& Tower with Radar,108,24,5,0,137,0,2,2,0,4,108,26,7,0,141,0,0,0,141
01/29/2023,BUF,NY,AEA,CE,Combined TRACON& Tower with Radar,107,20,7,0,134,0,0,0,0,0,107,20,7,0,134,0,0,0,134
01/30/2023,BUF,NY,AEA,CE,Combined TRACON& Tower with Radar,112,22,10,0,144,0,4,2,1,7,112,26,12,1,151,0,0,0,151
01/31/2023,BUF,NY,AEA,CE,Combined TRACON& Tower with Radar,113,22,20,0,155,0,14,17,0,31,113,36,37,0,186,0,0,0,186
02/01/2023,BUF,NY,AEA,CE,Combined TRACON& Tower with Radar,112,23,23,0,158,0,4,19,0,23,112,27,42,0,181,0,0,0,181
02/02/2023,BUF,NY,AEA,CE,Combined TRACON& Tower with Radar,113,30,14,0,157,0,13,4,2,19,113,43,18,2,176,0,0,0,176
02/03/2023,BUF,NY,AEA,CE,Combined TRACON& Tower with Radar,113,38,17,0,168,0,6,1,0,7,113,44,18,0,175,0,0,0,175
02/04/2023,BUF,NY,AEA,CE,Combined TRACON& Tower with Radar,106,27,4,0,137,0,5,11,0,16,106,32,15,0,153,0,0,0,153
02/05/2023,BUF,NY,AEA,CE,Combined TRACON& Tower with Radar,108,18,16,0,142,0,2,3,0,5,108,20,19,0,147,0,0,0,147
02/06/2023,BUF,NY,AEA,CE,Combined TRACON& Tower with Radar,110,19,20,0,149,0,5,9,0,14,110,24,29,0,163,0,0,0,163
02/07/2023,BUF,NY,AEA,CE,Combined TRACON& Tower with Radar,113,30,10,0,153,0,4,3,0,7,113,34,13,0,160,0,0,0,160
02/08/2023,BUF,NY,AEA,CE,Combined TRACON& Tower with Radar,111,40,18,0,169,0,6,21,0,27,111,46,39,0,196,0,0,0,196
02/09/2023,BUF,NY,AEA,CE,Combined TRACON& Tower with Radar,116,36,13,0,165,0,1,0,0,1,116,37,13,0,166,0,0,0,166
02/10/2023,BUF,NY,AEA,CE,Combined TRACON& Tower with Radar,124,30,5,0,159,0,0,1,0,1,124,30,6,0,160,0,0,0,160
02/11/2023,BUF,NY,AEA,CE,Combined TRACON& Tower with Radar,116,25,6,0,147,0,4,11,0,15,116,29,17,0,162,0,0,0,162
02/12/2023,BUF,NY,AEA,CE,Combined TRACON& Tower with Radar,108,31,15,0,154,0,4,11,0,15,108,35,26,0,169,0,0,0,169
02/13/2023,BUF,NY,AEA,CE,Combined TRACON& Tower with Radar,116,37,25,0,178,0,7,2,0,9,116,44,27,0,187,0,0,0,187
02/14/2023,BUF,NY,AEA,CE,Combined TRACON& Tower with Radar,115,34,25,0,174,0,4,22,0,26,115,38,47,0,200,0,0,0,200
02/15/2023,BUF,NY,AEA,CE,Combined TRACON& Tower with Radar,114,33,18,0,165,0,2,1,0,3,114,35,19,0,168,0,0,0,168
02/16/2023,BUF,NY,AEA,CE,Combined TRACON& Tower with Radar,121,30,12,0,163,0,4,4,0,8,121,34,16,0,171,0,0,0,171
02/17/2023,BUF,NY,AEA,CE,Combined TRACON& Tower with Radar,125,44,15,0,184,0,0,0,0,0,125,44,15,0,184,0,0,0,184
02/18/2023,BUF,NY,AEA,CE,Combined TRACON& Tower with Radar,116,27,12,0,155,0,6,2,0,8,116,33,14,0,163,0,0,0,163
02/19/2023,BUF,NY,AEA,CE,Combined TRACON& Tower with Radar,113,27,14,0,154,0,5,12,1,18,113,32,26,1,172,0,0,0,172
02/20/2023,BUF,NY,AEA,CE,Combined TRACON& Tower with Radar,116,20,11,0,147,0,6,19,0,25,116,26,30,0,172,0,0,0,172
02/21/2023,BUF,NY,AEA,CE,Combined TRACON& Tower with Radar,129,38,10,2,179,0,1,0,1,2,129,39,10,3,181,0,0,0,181
02/22/2023,BUF,NY,AEA,CE,Combined TRACON& Tower with Radar,87,24,8,0,119,0,0,3,0,3,87,24,11,0,122,0,0,0,122
02/23/2023,BUF,NY,AEA,CE,Combined TRACON& Tower with Radar,107,17,2,0,126,0,0,0,0,0,107,17,2,0,126,0,0,0,126
02/24/2023,BUF,NY,AEA,CE,Combined TRACON& Tower with Radar,118,24,8,0,150,0,4,2,0,6,118,28,10,0,156,0,0,0,156
02/25/2023,BUF,NY,AEA,CE,Combined TRACON& Tower with Radar,122,28,4,0,154,0,2,0,0,2,122,30,4,0,156,0,0,0,156
02/26/2023,BUF,NY,AEA,CE,Combined TRACON& Tower with Radar,112,23,11,0,146,0,2,2,0,4,112,25,13,0,150,0,0,0,150
02/27/2023,BUF,NY,AEA,CE,Combined TRACON& Tower with Radar,101,30,12,0,143,0,3,12,0,15,101,33,24,0,158,0,0,0,158
02/28/2023,BUF,NY,AEA,CE,Combined TRACON& Tower with Radar,120,28,7,0,155,0,0,0,0,0,120,28,7,0,155,0,0,0,155
03/01/2023,BUF,NY,AEA,CE,Combined TRACON& Tower with Radar,125,25,14,0,164,0,14,11,2,27,125,39,25,2,191,0,0,0,191
03/02/2023,BUF,NY,AEA,CE,Combined TRACON& Tower with Radar,120,30,17,0,167,0,4,6,0,10,120,34,23,0,177,0,0,0,177
03/03/2023,BUF,NY,AEA,CE,Combined TRACON& Tower with Radar,106,29,9,0,144,0,10,12,0,22,106,39,21,0,166,0,0,0,166
03/04/2023,BUF,NY,AEA,CE,Combined TRACON& Tower with Radar,117,30,1,0,148,0,2,1,0,3,117,32,2,0,151,0,0,0,151
03/05/2023,BUF,NY,AEA,CE,Combined TRACON& Tower with Radar,106,34,12,0,152,0,0,10,0,10,106,34,22,0,162,0,0,0,162
03/06/2023,BUF,NY,AEA,CE,Combined TRACON& Tower with Radar,118,33,20,0,171,0,2,14,0,16,118,35,34,0,187,0,0,0,187
03/07/2023,BUF,NY,AEA,CE,Combined TRACON& Tower with Radar,121,23,17,0,161,0,7,9,2,18,121,30,26,2,179,0,0,0,179
03/08/2023,BUF,NY,AEA,CE,Combined TRACON& Tower with Radar,124,31,15,2,172,0,4,14,2,20,124,35,29,4,192,0,0,0,192
03/09/2023,BUF,NY,AEA,CE,Combined TRACON& Tower with Radar,126,39,20,2,187,0,4,21,0,25,126,43,41,2,212,0,0,0,212
03/10/2023,BUF,NY,AEA,CE,Combined TRACON& Tower with Radar,122,24,7,0,153,0,1,4,0,5,122,25,11,0,158,0,0,0,158
03/11/2023,BUF,NY,AEA,CE,Combined TRACON& Tower with Radar,119,28,11,0,158,0,0,5,0,5,119,28,16,0,163,0,0,0,163
03/12/2023,BUF,NY,AEA,CE,Combined TRACON& Tower with Radar,113,41,19,0,173,0,0,7,0,7,113,41,26,0,180,0,0,0,180
03/13/2023,BUF,NY,AEA,CE,Combined TRACON& Tower with Radar,127,28,12,0,167,0,0,0,0,0,127,28,12,0,167,0,0,0,167
03/14/2023,BUF,NY,AEA,CE,Combined TRACON& Tower with Radar,119,33,11,0,163,0,0,0,0,0,119,33,11,0,163,0,0,0,163
03/15/2023,BUF,NY,AEA,CE,Combined TRACON& Tower with Radar,130,32,28,0,190,0,0,35,0,35,130,32,63,0,225,0,0,0,225
03/16/2023,BUF,NY,AEA,CE,Combined TRACON& Tower with Radar,130,34,14,0,178,0,6,27,1,34,130,40,41,1,212,0,0,0,212
03/17/2023,BUF,NY,AEA,CE,Combined TRACON& Tower with Radar,125,33,26,2,186,0,0,0,1,1,125,33,26,3,187,0,0,0,187
03/18/2023,BUF,NY,AEA,CE,Combined TRACON& Tower with Radar,123,23,5,0,151,0,2,2,0,4,123,25,7,0,155,0,0,0,155
03/19/2023,BUF,NY,AEA,CE,Combined TRACON& Tower with Radar,116,30,12,0,158,0,4,5,0,9,116,34,17,0,167,0,0,0,167
03/20/2023,BUF,NY,AEA,CE,Combined TRACON& Tower with Radar,124,32,15,0,171,0,0,2,0,2,124,32,17,0,173,0,0,0,173
03/21/2023,BUF,NY,AEA,CE,Combined TRACON& Tower with Radar,139,27,24,0,190,0,3,16,0,19,139,30,40,0,209,0,0,0,209
03/22/2023,BUF,NY,AEA,CE,Combined TRACON& Tower with Radar,126,40,16,0,182,0,10,22,1,33,126,50,38,1,215,0,0,0,215
03/23/2023,BUF,NY,AEA,CE,Combined TRACON& Tower with Radar,129,29,18,0,176,0,0,0,0,0,129,29,18,0,176,0,0,0,176
03/24/2023,BUF,NY,AEA,CE,Combined TRACON& Tower with Radar,132,30,11,0,173,0,2,20,0,22,132,32,31,0,195,0,0,0,195
03/25/2023,BUF,NY,AEA,CE,Combined TRACON& Tower with Radar,126,18,7,0,151,0,1,0,0,1,126,19,7,0,152,0,0,0,152
03/26/2023,BUF,NY,AEA,CE,Combined TRACON& Tower with Radar,111,29,9,0,149,0,5,2,0,7,111,34,11,0,156,0,0,0,156
03/27/2023,BUF,NY,AEA,CE,Combined TRACON& Tower with Radar,125,29,11,0,165,0,0,0,0,0,125,29,11,0,165,0,0,0,165
03/28/2023,BUF,NY,AEA,CE,Combined TRACON& Tower with Radar,130,26,30,0,186,0,0,7,0,7,130,26,37,0,193,0,0,0,193
03/29/2023,BUF,NY,AEA,CE,Combined TRACON& Tower with Radar,127,32,19,0,178,0,0,4,0,4,127,32,23,0,182,0,0,0,182
03/30/2023,BUF,NY,AEA,CE,Combined TRACON& Tower with Radar,128,29,22,0,179,0,2,25,0,27,128,31,47,0,206,0,0,0,206
03/31/2023,BUF,NY,AEA,CE,Combined TRACON& Tower with Radar,126,37,18,0,181,0,0,0,0,0,126,37,18,0,181,0,0,0,181
04/01/2023,BUF,NY,AEA,CE,Combined TRACON& Tower with Radar,113,36,7,0,156,0,1,0,0,1,113,37,7,0,157,0,0,0,157
04/02/2023,BUF,NY,AEA,CE,Combined TRACON& Tower with Radar,117,13,18,0,148,0,7,20,0,27,117,20,38,0,175,0,0,0,175
04/03/2023,BUF,NY,AEA,CE,Combined TRACON& Tower with Radar,127,22,14,0,163,0,0,2,0,2,127,22,16,0,165,0,0,0,165
04/04/2023,BUF,NY,AEA,CE,Combined TRACON& Tower with Radar,138,21,12,0,171,0,2,0,0,2,138,23,12,0,173,0,0,0,173
04/05/2023,BUF,NY,AEA,CE,Combined TRACON& Tower with Radar,134,25,9,2,170,0,0,0,0,0,134,25,9,2,170,0,0,0,170
04/06/2023,BUF,NY,AEA,CE,Combined TRACON& Tower with Radar,134,30,21,0,185,0,2,5,0,7,134,32,26,0,192,0,0,0,192
04/07/2023,BUF,NY,AEA,CE,Combined TRACON& Tower with Radar,144,25,12,0,181,0,0,26,0,26,144,25,38,0,207,0,0,0,207
04/08/2023,BUF,NY,AEA,CE,Combined TRACON& Tower with Radar,133,11,16,1,161,0,1,32,0,33,133,12,48,1,194,0,0,0,194
04/09/2023,BUF,NY,AEA,CE,Combined TRACON& Tower with Radar,125,21,14,0,160,0,2,16,0,18,125,23,30,0,178,0,0,0,178
04/10/2023,BUF,NY,AEA,CE,Combined TRACON& Tower with Radar,137,28,14,0,179,0,5,34,0,39,137,33,48,0,218,0,0,0,218
04/11/2023,BUF,NY,AEA,CE,Combined TRACON& Tower with Radar,144,23,15,0,182,0,7,16,0,23,144,30,31,0,205,0,0,0,205
04/12/2023,BUF,NY,AEA,CE,Combined TRACON& Tower with Radar,139,21,10,0,170,0,2,8,0,10,139,23,18,0,180,0,0,0,180
04/13/2023,BUF,NY,AEA,CE,Combined TRACON& Tower with Radar,133,23,19,4,179,0,4,31,2,37,133,27,50,6,216,0,0,0,216
04/14/2023,BUF,NY,AEA,CE,Combined TRACON& Tower with Radar,138,15,22,0,175,0,6,32,0,38,138,21,54,0,213,0,0,0,213
04/15/2023,BUF,NY,AEA,CE,Combined TRACON& Tower with Radar,116,13,7,0,136,0,0,30,0,30,116,13,37,0,166,0,0,0,166
04/16/2023,BUF,NY,AEA,CE,Combined TRACON& Tower with Radar,112,28,17,0,157,0,3,22,0,25,112,31,39,0,182,0,0,0,182
04/17/2023,BUF,NY,AEA,CE,Combined TRACON& Tower with Radar,129,34,21,0,184,0,2,9,0,11,129,36,30,0,195,0,0,0,195
04/18/2023,BUF,NY,AEA,CE,Combined TRACON& Tower with Radar,149,21,10,0,180,0,0,0,0,0,149,21,10,0,180,0,0,0,180
04/19/2023,BUF,NY,AEA,CE,Combined TRACON& Tower with Radar,133,23,18,0,174,0,4,13,0,17,133,27,31,0,191,0,0,0,191
04/20/2023,BUF,NY,AEA,CE,Combined TRACON& Tower with Radar,134,23,26,0,183,0,0,16,0,16,134,23,42,0,199,0,0,0,199
04/21/2023,BUF,NY,AEA,CE,Combined TRACON& Tower with Radar,133,24,27,0,184,0,3,20,0,23,133,27,47,0,207,0,0,0,207
04/22/2023,BUF,NY,AEA,CE,Combined TRACON& Tower with Radar,120,10,3,0,133,0,0,0,0,0,120,10,3,0,133,0,0,0,133
04/23/2023,BUF,NY,AEA,CE,Combined TRACON& Tower with Radar,114,13,21,0,148,0,0,6,0,6,114,13,27,0,154,0,0,0,154
04/24/2023,BUF,NY,AEA,CE,Combined TRACON& Tower with Radar,131,17,20,2,170,0,2,5,0,7,131,19,25,2,177,0,0,0,177
04/25/2023,BUF,NY,AEA,CE,Combined TRACON& Tower with Radar,137,28,19,0,184,0,5,22,0,27,137,33,41,0,211,0,0,0,211
04/26/2023,BUF,NY,AEA,CE,Combined TRACON& Tower with Radar,133,22,15,0,170,0,5,16,0,21,133,27,31,0,191,0,0,0,191
04/27/2023,BUF,NY,AEA,CE,Combined TRACON& Tower with Radar,129,16,19,0,164,0,8,29,0,37,129,24,48,0,201,0,0,0,201
04/28/2023,BUF,NY,AEA,CE,Combined TRACON& Tower with Radar,135,24,17,0,176,0,0,8,0,8,135,24,25,0,184,0,0,0,184
04/29/2023,BUF,NY,AEA,CE,Combined TRACON& Tower with Radar,109,18,21,0,148,0,2,0,0,2,109,20,21,0,150,0,0,0,150
04/30/2023,BUF,NY,AEA,CE,Combined TRACON& Tower with Radar,107,25,7,0,139,0,4,0,0,4,107,29,7,0,143,0,0,0,143
05/01/2023,BUF,NY,AEA,CE,Combined TRACON& Tower with Radar,128,34,24,2,188,0,5,0,0,5,128,39,24,2,193,0,0,0,193
05/02/2023,BUF,NY,AEA,CE,Combined TRACON& Tower with Radar,140,18,11,0,169,0,2,0,0,2,140,20,11,0,171,0,0,0,171
05/03/2023,BUF,NY,AEA,CE,Combined TRACON& Tower with Radar,141,21,14,0,176,0,3,1,0,4,141,24,15,0,180,0,0,0,180
05/04/2023,BUF,NY,AEA,CE,Combined TRACON& Tower with Radar,137,36,24,0,197,0,6,9,0,15,137,42,33,0,212,0,0,0,212
05/05/2023,BUF,NY,AEA,CE,Combined TRACON& Tower with Radar,134,29,17,0,180,0,2,29,0,31,134,31,46,0,211,0,0,0,211
05/06/2023,BUF,NY,AEA,CE,Combined TRACON& Tower with Radar,111,20,13,0,144,0,1,28,0,29,111,21,41,0,173,0,0,0,173
05/07/2023,BUF,NY,AEA,CE,Combined TRACON& Tower with Radar,114,25,15,0,154,0,10,15,0,25,114,35,30,0,179,0,0,0,179
05/08/2023,BUF,NY,AEA,CE,Combined TRACON& Tower with Radar,132,21,17,0,170,0,1,29,0,30,132,22,46,0,200,0,0,0,200
05/09/2023,BUF,NY,AEA,CE,Combined TRACON& Tower with Radar,131,22,12,0,165,0,0,27,0,27,131,22,39,0,192,0,0,0,192
05/10/2023,BUF,NY,AEA,CE,Combined TRACON& Tower with Radar,133,32,23,0,188,0,7,30,0,37,133,39,53,0,225,0,0,0,225
05/11/2023,BUF,NY,AEA,CE,Combined TRACON& Tower with Radar,137,23,28,0,188,0,7,29,0,36,137,30,57,0,224,0,0,0,224
05/12/2023,BUF,NY,AEA,CE,Combined TRACON& Tower with Radar,127,28,28,0,183,0,8,26,0,34,127,36,54,0,217,0,0,0,217
05/13/2023,BUF,NY,AEA,CE,Combined TRACON& Tower with Radar,109,21,17,0,147,0,5,24,0,29,109,26,41,0,176,0,0,0,176
05/14/2023,BUF,NY,AEA,CE,Combined TRACON& Tower with Radar,116,32,13,0,161,0,1,16,0,17,116,33,29,0,178,0,0,0,178
05/15/2023,BUF,NY,AEA,CE,Combined TRACON& Tower with Radar,129,24,23,0,176,0,6,25,0,31,129,30,48,0,207,0,0,0,207
05/16/2023,BUF,NY,AEA,CE,Combined TRACON& Tower with Radar,130,30,11,0,171,0,10,6,0,16,130,40,17,0,187,0,0,0,187
05/17/2023,BUF,NY,AEA,CE,Combined TRACON& Tower with Radar,128,26,19,2,175,0,2,25,2,29,128,28,44,4,204,0,0,0,204
05/18/2023,BUF,NY,AEA,CE,Combined TRACON& Tower with Radar,138,32,14,0,184,0,4,45,0,49,138,36,59,0,233,0,0,0,233
05/19/2023,BUF,NY,AEA,CE,Combined TRACON& Tower with Radar,126,33,23,0,182,0,2,10,2,14,126,35,33,2,196,0,0,0,196
05/20/2023,BUF,NY,AEA,CE,Combined TRACON& Tower with Radar,109,25,11,0,145,0,0,0,0,0,109,25,11,0,145,0,0,0,145
05/21/2023,BUF,NY,AEA,CE,Combined TRACON& Tower with Radar,124,21,23,0,168,0,7,22,0,29,124,28,45,0,197,0,0,0,197
05/22/2023,BUF,NY,AEA,CE,Combined TRACON& Tower with Radar,127,27,13,0,167,0,6,25,0,31,127,33,38,0,198,0,0,0,198
05/23/2023,BUF,NY,AEA,CE,Combined TRACON& Tower with Radar,133,21,18,0,172,0,3,38,1,42,133,24,56,1,214,0,0,0,214
05/24/2023,BUF,NY,AEA,CE,Combined TRACON& Tower with Radar,128,55,28,0,211,0,5,2,2,9,128,60,30,2,220,0,0,0,220
05/25/2023,BUF,NY,AEA,CE,Combined TRACON& Tower with Radar,133,28,30,2,193,0,11,27,1,39,133,39,57,3,232,0,0,0,232
05/26/2023,BUF,NY,AEA,CE,Combined TRACON& Tower with Radar,130,21,23,0,174,0,6,31,1,38,130,27,54,1,212,0,0,0,212
05/27/2023,BUF,NY,AEA,CE,Combined TRACON& Tower with Radar,107,24,8,0,139,0,4,27,0,31,107,28,35,0,170,0,0,0,170
05/28/2023,BUF,NY,AEA,CE,Combined TRACON& Tower with Radar,114,22,4,1,141,0,1,31,0,32,114,23,35,1,173,0,0,0,173
05/29/2023,BUF,NY,AEA,CE,Combined TRACON& Tower with Radar,114,24,19,0,157,0,5,20,0,25,114,29,39,0,182,0,0,0,182
05/30/2023,BUF,NY,AEA,CE,Combined TRACON& Tower with Radar,136,26,27,1,190,0,0,22,0,22,136,26,49,1,212,0,0,0,212
05/31/2023,BUF,NY,AEA,CE,Combined TRACON& Tower with Radar,126,20,13,0,159,0,6,24,0,30,126,26,37,0,189,0,0,0,189
06/01/2023,BUF,NY,AEA,CE,Combined TRACON& Tower with Radar,145,26,21,0,192,0,2,23,0,25,145,28,44,0,217,0,0,0,217
06/02/2023,BUF,NY,AEA,CE,Combined TRACON& Tower with Radar,116,34,20,0,170,0,5,16,0,21,116,39,36,0,191,0,0,0,191
06/03/2023,BUF,NY,AEA,CE,Combined TRACON& Tower with Radar,110,22,11,0,143,0,0,6,0,6,110,22,17,0,149,0,0,0,149
06/04/2023,BUF,NY,AEA,CE,Combined TRACON& Tower with Radar,116,35,15,0,166,0,1,13,0,14,116,36,28,0,180,0,0,0,180
06/05/2023,BUF,NY,AEA,CE,Combined TRACON& Tower with Radar,124,40,20,4,188,0,4,18,0,22,124,44,38,4,210,0,0,0,210
06/06/2023,BUF,NY,AEA,CE,Combined TRACON& Tower with Radar,132,28,13,0,173,0,1,8,2,11,132,29,21,2,184,0,0,0,184
06/07/2023,BUF,NY,AEA,CE,Combined TRACON& Tower with Radar,129,35,22,0,186,0,1,6,0,7,129,36,28,0,193,0,0,0,193
06/08/2023,BUF,NY,AEA,CE,Combined TRACON& Tower with Radar,140,34,32,0,206,0,4,14,0,18,140,38,46,0,224,0,0,0,224
06/09/2023,BUF,NY,AEA,CE,Combined TRACON& Tower with Radar,126,35,12,0,173,0,3,8,0,11,126,38,20,0,184,0,0,0,184
06/10/2023,BUF,NY,AEA,CE,Combined TRACON& Tower with Radar,106,20,14,0,140,0,2,14,0,16,106,22,28,0,156,0,0,0,156
06/11/2023,BUF,NY,AEA,CE,Combined TRACON& Tower with Radar,121,31,11,0,163,0,7,8,0,15,121,38,19,0,178,0,0,0,178
06/12/2023,BUF,NY,AEA,CE,Combined TRACON& Tower with Radar,119,43,12,0,174,0,0,0,0,0,119,43,12,0,174,0,0,0,174
06/13/2023,BUF,NY,AEA,CE,Combined TRACON& Tower with Radar,144,49,21,0,214,0,4,10,0,14,144,53,31,0,228,0,0,0,228
06/14/2023,BUF,NY,AEA,CE,Combined TRACON& Tower with Radar,119,38,21,0,178,0,0,4,0,4,119,38,25,0,182,0,0,0,182
06/15/2023,BUF,NY,AEA,CE,Combined TRACON& Tower with Radar,137,35,23,0,195,0,2,23,0,25,137,37,46,0,220,0,0,0,220
06/16/2023,BUF,NY,AEA,CE,Combined TRACON& Tower with Radar,120,36,18,0,174,0,4,3,0,7,120,40,21,0,181,0,0,0,181
06/17/2023,BUF,NY,AEA,CE,Combined TRACON& Tower with Radar,101,24,15,0,140,0,6,23,0,29,101,30,38,0,169,0,0,0,169
06/18/2023,BUF,NY,AEA,CE,Combined TRACON& Tower with Radar,110,30,24,0,164,0,0,10,0,10,110,30,34,0,174,0,0,0,174
06/19/2023,BUF,NY,AEA,CE,Combined TRACON& Tower with Radar,116,28,15,2,161,0,4,31,0,35,116,32,46,2,196,0,0,0,196
06/20/2023,BUF,NY,AEA,CE,Combined TRACON& Tower with Radar,139,41,14,7,201,0,4,31,0,35,139,45,45,7,236,0,0,0,236
06/21/2023,BUF,NY,AEA,CE,Combined TRACON& Tower with Radar,134,33,25,5,197,0,9,22,1,32,134,42,47,6,229,0,0,0,229
06/22/2023,BUF,NY,AEA,CE,Combined TRACON& Tower with Radar,140,38,34,0,212,0,2,26,0,28,140,40,60,0,240,0,0,0,240
06/23/2023,BUF,NY,AEA,CE,Combined TRACON& Tower with Radar,122,40,19,0,181,0,0,10,0,10,122,40,29,0,191,0,0,0,191
06/24/2023,BUF,NY,AEA,CE,Combined TRACON& Tower with Radar,104,26,26,0,156,0,2,0,0,2,104,28,26,0,158,0,0,0,158
06/25/2023,BUF,NY,AEA,CE,Combined TRACON& Tower with Radar,98,31,16,0,145,0,1,2,0,3,98,32,18,0,148,0,0,0,148
06/26/2023,BUF,NY,AEA,CE,Combined TRACON& Tower with Radar,98,29,21,0,148,0,0,2,0,2,98,29,23,0,150,0,0,0,150
06/27/2023,BUF,NY,AEA,CE,Combined TRACON& Tower with Radar,117,35,30,0,182,0,2,0,0,2,117,37,30,0,184,0,0,0,184
06/28/2023,BUF,NY,AEA,CE,Combined TRACON& Tower with Radar,121,31,29,0,181,0,0,0,0,0,121,31,29,0,181,0,0,0,181
06/29/2023,BUF,NY,AEA,CE,Combined TRACON& Tower with Radar,141,36,32,0,209,0,3,11,0,14,141,39,43,0,223,0,0,0,223
06/30/2023,BUF,NY,AEA,CE,Combined TRACON& Tower with Radar,127,29,27,2,185,0,0,0,0,0,127,29,27,2,185,0,0,0,185
07/01/2023,BUF,NY,AEA,CE,Combined TRACON& Tower with Radar,97,28,18,0,143,0,1,17,0,18,97,29,35,0,161,0,0,0,161
07/02/2023,BUF,NY,AEA,CE,Combined TRACON& Tower with Radar,106,23,8,0,137,0,2,2,0,4,106,25,10,0,141,0,0,0,141
07/03/2023,BUF,NY,AEA,CE,Combined TRACON& Tower with Radar,104,19,15,0,138,0,3,0,0,3,104,22,15,0,141,0,0,0,141
07/04/2023,BUF,NY,AEA,CE,Combined TRACON& Tower with Radar,105,17,8,0,130,0,8,20,0,28,105,25,28,0,158,0,0,0,158
07/05/2023,BUF,NY,AEA,CE,Combined TRACON& Tower with Radar,122,22,27,0,171,0,10,29,0,39,122,32,56,0,210,0,0,0,210
07/06/2023,BUF,NY,AEA,CE,Combined TRACON& Tower with Radar,142,24,21,0,187,0,12,10,0,22,142,36,31,0,209,0,0,0,209
07/07/2023,BUF,NY,AEA,CE,Combined TRACON& Tower with Radar,119,31,22,0,172,0,6,15,0,21,119,37,37,0,193,0,0,0,193
07/08/2023,BUF,NY,AEA,CE,Combined TRACON& Tower with Radar,104,28,10,0,142,0,2,29,0,31,104,30,39,0,173,0,0,0,173
07/09/2023,BUF,NY,AEA,CE,Combined TRACON& Tower with Radar,97,32,25,0,154,0,0,9,0,9,97,32,34,0,163,0,0,0,163
07/10/2023,BUF,NY,AEA,CE,Combined TRACON& Tower with Radar,116,39,22,2,179,0,4,33,0,37,116,43,55,2,216,0,0,0,216
07/11/2023,BUF,NY,AEA,CE,Combined TRACON& Tower with Radar,148,33,23,2,206,0,1,14,1,16,148,34,37,3,222,0,0,0,222
07/12/2023,BUF,NY,AEA,CE,Combined TRACON& Tower with Radar,133,38,24,3,198,0,2,41,0,43,133,40,65,3,241,0,0,0,241
07/13/2023,BUF,NY,AEA,CE,Combined TRACON& Tower with Radar,150,27,22,1,200,0,2,5,0,7,150,29,27,1,207,0,0,0,207
07/14/2023,BUF,NY,AEA,CE,Combined TRACON& Tower with Radar,124,27,21,0,172,0,6,26,2,34,124,33,47,2,206,0,0,0,206
07/15/2023,BUF,NY,AEA,CE,Combined TRACON& Tower with Radar,110,28,19,0,157,0,0,13,1,14,110,28,32,1,171,0,0,0,171
07/16/2023,BUF,NY,AEA,CE,Combined TRACON& Tower with Radar,86,28,28,1,143,0,2,0,0,2,86,30,28,1,145,0,0,0,145
07/17/2023,BUF,NY,AEA,CE,Combined TRACON& Tower with Radar,114,46,26,0,186,0,9,10,0,19,114,55,36,0,205,0,0,0,205
07/18/2023,BUF,NY,AEA,CE,Combined TRACON& Tower with Radar,137,25,29,2,193,0,4,8,0,12,137,29,37,2,205,0,0,0,205
07/19/2023,BUF,NY,AEA,CE,Combined TRACON& Tower with Radar,141,25,19,0,185,0,11,42,0,53,141,36,61,0,238,0,0,0,238
07/20/2023,BUF,NY,AEA,CE,Combined TRACON& Tower with Radar,139,27,26,0,192,0,7,13,0,20,139,34,39,0,212,0,0,0,212
07/21/2023,BUF,NY,AEA,CE,Combined TRACON& Tower with Radar,144,39,28,0,211,0,5,8,0,13,144,44,36,0,224,0,0,0,224
07/22/2023,BUF,NY,AEA,CE,Combined TRACON& Tower with Radar,103,26,18,0,147,0,5,14,0,19,103,31,32,0,166,0,0,0,166
07/23/2023,BUF,NY,AEA,CE,Combined TRACON& Tower with Radar,121,36,13,0,170,0,5,15,0,20,121,41,28,0,190,0,0,0,190
07/24/2023,BUF,NY,AEA,CE,Combined TRACON& Tower with Radar,123,38,10,1,172,0,1,12,0,13,123,39,22,1,185,0,0,0,185
07/25/2023,BUF,NY,AEA,CE,Combined TRACON& Tower with Radar,140,39,23,1,203,0,0,13,3,16,140,39,36,4,219,0,0,0,219
07/26/2023,BUF,NY,AEA,CE,Combined TRACON& Tower with Radar,147,43,28,0,218,0,5,14,3,22,147,48,42,3,240,0,0,0,240
07/27/2023,BUF,NY,AEA,CE,Combined TRACON& Tower with Radar,134,29,30,2,195,0,7,10,1,18,134,36,40,3,213,0,0,0,213
07/28/2023,BUF,NY,AEA,CE,Combined TRACON& Tower with Radar,126,34,29,2,191,0,1,24,3,28,126,35,53,5,219,0,0,0,219
07/29/2023,BUF,NY,AEA,CE,Combined TRACON& Tower with Radar,98,30,11,0,139,0,0,2,0,2,98,30,13,0,141,0,0,0,141
07/30/2023,BUF,NY,AEA,CE,Combined TRACON& Tower with Radar,113,33,17,0,163,0,3,49,0,52,113,36,66,0,215,0,0,0,215
07/31/2023,BUF,NY,AEA,CE,Combined TRACON& Tower with Radar,121,34,14,0,169,0,5,19,0,24,121,39,33,0,193,0,0,0,193
08/01/2023,BUF,NY,AEA,CE,Combined TRACON& Tower with Radar,154,20,15,0,189,0,4,30,0,34,154,24,45,0,223,0,0,0,223
08/02/2023,BUF,NY,AEA,CE,Combined TRACON& Tower with Radar,148,19,26,2,195,0,10,30,1,41,148,29,56,3,236,0,0,0,236
08/03/2023,BUF,NY,AEA,CE,Combined TRACON& Tower with Radar,146,28,17,2,193,0,3,16,0,19,146,31,33,2,212,0,0,0,212
08/04/2023,BUF,NY,AEA,CE,Combined TRACON& Tower with Radar,145,26,11,0,182,0,8,23,0,31,145,34,34,0,213,0,0,0,213
08/05/2023,BUF,NY,AEA,CE,Combined TRACON& Tower with Radar,107,31,21,0,159,0,4,13,0,17,107,35,34,0,176,0,0,0,176
08/06/2023,BUF,NY,AEA,CE,Combined TRACON& Tower with Radar,124,35,24,0,183,0,1,15,0,16,124,36,39,0,199,0,0,0,199
08/07/2023,BUF,NY,AEA,CE,Combined TRACON& Tower with Radar,112,26,26,0,164,0,5,18,0,23,112,31,44,0,187,0,0,0,187
08/08/2023,BUF,NY,AEA,CE,Combined TRACON& Tower with Radar,157,27,28,4,216,0,8,7,2,17,157,35,35,6,233,0,0,0,233
08/09/2023,BUF,NY,AEA,CE,Combined TRACON& Tower with Radar,145,29,23,0,197,0,5,21,1,27,145,34,44,1,224,0,0,0,224
08/10/2023,BUF,NY,AEA,CE,Combined TRACON& Tower with Radar,149,30,27,0,206,0,4,6,3,13,149,34,33,3,219,0,0,0,219
08/11/2023,BUF,NY,AEA,CE,Combined TRACON& Tower with Radar,140,28,24,2,194,0,2,22,0,24,140,30,46,2,218,0,0,0,218
08/12/2023,BUF,NY,AEA,CE,Combined TRACON& Tower with Radar,100,21,13,0,134,0,0,4,0,4,100,21,17,0,138,0,0,0,138
08/13/2023,BUF,NY,AEA,CE,Combined TRACON& Tower with Radar,135,30,32,0,197,0,7,18,0,25,135,37,50,0,222,0,0,0,222
08/14/2023,BUF,NY,AEA,CE,Combined TRACON& Tower with Radar,131,23,27,0,181,0,3,20,0,23,131,26,47,0,204,0,0,0,204
08/15/2023,BUF,NY,AEA,CE,Combined TRACON& Tower with Radar,149,32,29,0,210,0,2,2,0,4,149,34,31,0,214,0,0,0,214
08/16/2023,BUF,NY,AEA,CE,Combined TRACON& Tower with Radar,148,27,21,2,198,0,13,14,0,27,148,40,35,2,225,0,0,0,225
08/17/2023,BUF,NY,AEA,CE,Combined TRACON& Tower with Radar,144,33,20,0,197,0,6,16,3,25,144,39,36,3,222,0,0,0,222
08/18/2023,BUF,NY,AEA,CE,Combined TRACON& Tower with Radar,147,22,18,2,189,0,0,6,0,6,147,22,24,2,195,0,0,0,195
08/19/2023,BUF,NY,AEA,CE,Combined TRACON& Tower with Radar,108,17,14,0,139,0,3,15,0,18,108,20,29,0,157,0,0,0,157
08/20/2023,BUF,NY,AEA,CE,Combined TRACON& Tower with Radar,136,21,28,0,185,0,7,19,0,26,136,28,47,0,211,0,0,0,211
08/21/2023,BUF,NY,AEA,CE,Combined TRACON& Tower with Radar,139,27,26,4,196,0,5,10,0,15,139,32,36,4,211,0,0,0,211
08/22/2023,BUF,NY,AEA,CE,Combined TRACON& Tower with Radar,150,24,19,0,193,0,8,36,0,44,150,32,55,0,237,0,0,0,237
08/23/2023,BUF,NY,AEA,CE,Combined TRACON& Tower with Radar,144,22,24,0,190,0,7,12,0,19,144,29,36,0,209,0,0,0,209
08/24/2023,BUF,NY,AEA,CE,Combined TRACON& Tower with Radar,146,22,21,0,189,0,3,0,0,3,146,25,21,0,192,0,0,0,192
08/25/2023,BUF,NY,AEA,CE,Combined TRACON& Tower with Radar,143,32,16,2,193,0,2,4,0,6,143,34,20,2,199,0,0,0,199
08/26/2023,BUF,NY,AEA,CE,Combined TRACON& Tower with Radar,113,29,16,0,158,0,1,7,0,8,113,30,23,0,166,0,0,0,166
08/27/2023,BUF,NY,AEA,CE,Combined TRACON& Tower with Radar,129,33,26,0,188,0,1,11,0,12,129,34,37,0,200,0,0,0,200
08/28/2023,BUF,NY,AEA,CE,Combined TRACON& Tower with Radar,141,28,13,2,184,0,10,17,0,27,141,38,30,2,211,0,0,0,211
08/29/2023,BUF,NY,AEA,CE,Combined TRACON& Tower with Radar,143,26,23,0,192,0,4,13,0,17,143,30,36,0,209,0,0,0,209
08/30/2023,BUF,NY,AEA,CE,Combined TRACON& Tower with Radar,135,21,21,0,177,1,6,1,0,8,136,27,22,0,185,0,0,0,185
08/31/2023,BUF,NY,AEA,CE,Combined TRACON& Tower with Radar,145,31,24,0,200,0,16,20,1,37,145,47,44,1,237,0,0,0,237
01/01/2020,BUF,NY,AEA,CE,Combined TRACON& Tower with Radar,92,22,0,0,114,0,1,2,0,3,92,23,2,0,117,0,0,0,117
01/02/2020,BUF,NY,AEA,CE,Combined TRACON& Tower with Radar,117,49,7,2,175,0,1,12,2,15,117,50,19,4,190,0,0,0,190
01/03/2020,BUF,NY,AEA,CE,Combined TRACON& Tower with Radar,122,44,22,0,188,0,2,0,0,2,122,46,22,0,190,0,0,0,190
01/04/2020,BUF,NY,AEA,CE,Combined TRACON& Tower with Radar,106,39,7,0,152,0,0,2,0,2,106,39,9,0,154,0,0,0,154
01/05/2020,BUF,NY,AEA,CE,Combined TRACON& Tower with Radar,106,37,4,0,147,0,2,6,0,8,106,39,10,0,155,0,0,0,155
01/06/2020,BUF,NY,AEA,CE,Combined TRACON& Tower with Radar,130,48,10,0,188,0,2,0,0,2,130,50,10,0,190,0,0,0,190
01/07/2020,BUF,NY,AEA,CE,Combined TRACON& Tower with Radar,131,44,13,0,188,0,4,30,2,36,131,48,43,2,224,0,0,0,224
01/08/2020,BUF,NY,AEA,CE,Combined TRACON& Tower with Radar,129,42,13,0,184,0,1,6,0,7,129,43,19,0,191,0,0,0,191
01/09/2020,BUF,NY,AEA,CE,Combined TRACON& Tower with Radar,126,47,12,0,185,0,2,15,0,17,126,49,27,0,202,0,0,0,202
01/10/2020,BUF,NY,AEA,CE,Combined TRACON& Tower with Radar,130,39,10,2,181,0,0,0,0,0,130,39,10,2,181,0,0,0,181
01/11/2020,BUF,NY,AEA,CE,Combined TRACON& Tower with Radar,115,28,4,0,147,0,0,1,0,1,115,28,5,0,148,0,0,0,148
01/12/2020,BUF,NY,AEA,CE,Combined TRACON& Tower with Radar,90,34,4,0,128,0,3,0,0,3,90,37,4,0,131,0,0,0,131
01/13/2020,BUF,NY,AEA,CE,Combined TRACON& Tower with Radar,130,44,10,0,184,0,1,0,1,2,130,45,10,1,186,0,0,0,186
01/14/2020,BUF,NY,AEA,CE,Combined TRACON& Tower with Radar,122,46,16,0,184,0,10,15,1,26,122,56,31,1,210,0,0,0,210
01/15/2020,BUF,NY,AEA,CE,Combined TRACON& Tower with Radar,126,43,14,0,183,0,4,32,2,38,126,47,46,2,221,0,0,0,221
01/16/2020,BUF,NY,AEA,CE,Combined TRACON& Tower with Radar,118,39,9,0,166,0,2,0,0,2,118,41,9,0,168,0,0,0,168
01/17/2020,BUF,NY,AEA,CE,Combined TRACON& Tower with Radar,124,58,10,0,192,0,2,8,2,12,124,60,18,2,204,0,0,0,204
01/18/2020,BUF,NY,AEA,CE,Combined TRACON& Tower with Radar,111,18,0,0,129,0,0,0,0,0,111,18,0,0,129,0,0,0,129
01/19/2020,BUF,NY,AEA,CE,Combined TRACON& Tower with Radar,89,44,8,0,141,0,0,0,0,0,89,44,8,0,141,0,0,0,141
01/20/2020,BUF,NY,AEA,CE,Combined TRACON& Tower with Radar,122,42,26,0,190,0,4,16,0,20,122,46,42,0,210,0,0,0,210
01/21/2020,BUF,NY,AEA,CE,Combined TRACON& Tower with Radar,120,55,12,0,187,0,1,1,0,2,120,56,13,0,189,0,0,0,189
01/22/2020,BUF,NY,AEA,CE,Combined TRACON& Tower with Radar,128,43,23,0,194,0,5,10,0,15,128,48,33,0,209,0,0,0,209
01/23/2020,BUF,NY,AEA,CE,Combined TRACON& Tower with Radar,121,48,8,0,177,0,3,25,0,28,121,51,33,0,205,0,0,0,205
01/24/2020,BUF,NY,AEA,CE,Combined TRACON& Tower with Radar,127,40,23,2,192,0,2,22,0,24,127,42,45,2,216,0,0,0,216
01/25/2020,BUF,NY,AEA,CE,Combined TRACON& Tower with Radar,111,30,4,0,145,0,3,2,0,5,111,33,6,0,150,0,0,0,150
01/26/2020,BUF,NY,AEA,CE,Combined TRACON& Tower with Radar,105,43,11,0,159,0,0,1,0,1,105,43,12,0,160,0,0,0,160
01/27/2020,BUF,NY,AEA,CE,Combined TRACON& Tower with Radar,124,44,13,1,182,0,0,0,0,0,124,44,13,1,182,0,0,0,182
01/28/2020,BUF,NY,AEA,CE,Combined TRACON& Tower with Radar,123,51,13,1,188,0,2,1,1,4,123,53,14,2,192,0,0,0,192
01/29/2020,BUF,NY,AEA,CE,Combined TRACON& Tower with Radar,127,55,17,0,199,0,9,3,0,12,127,64,20,0,211,0,0,0,211
01/30/2020,BUF,NY,AEA,CE,Combined TRACON& Tower with Radar,128,49,24,0,201,0,7,29,0,36,128,56,53,0,237,0,0,0,237
01/31/2020,BUF,NY,AEA,CE,Combined TRACON& Tower with Radar,129,50,10,0,189,0,1,12,0,13,129,51,22,0,202,0,0,0,202
02/01/2020,BUF,NY,AEA,CE,Combined TRACON& Tower with Radar,109,30,3,0,142,0,0,6,0,6,109,30,9,0,148,0,0,0,148
02/02/2020,BUF,NY,AEA,CE,Combined TRACON& Tower with Radar,92,46,3,0,141,0,0,0,0,0,92,46,3,0,141,0,0,0,141
02/03/2020,BUF,NY,AEA,CE,Combined TRACON& Tower with Radar,121,49,11,0,181,0,16,17,0,33,121,65,28,0,214,0,0,0,214
02/04/2020,BUF,NY,AEA,CE,Combined TRACON& Tower with Radar,123,43,11,0,177,0,12,2,0,14,123,55,13,0,191,0,0,0,191
02/05/2020,BUF,NY,AEA,CE,Combined TRACON& Tower with Radar,122,47,21,0,190,0,11,6,2,19,122,58,27,2,209,0,0,0,209
02/06/2020,BUF,NY,AEA,CE,Combined TRACON& Tower with Radar,118,34,5,0,157,0,0,0,0,0,118,34,5,0,157,0,0,0,157
02/07/2020,BUF,NY,AEA,CE,Combined TRACON& Tower with Radar,121,46,8,0,175,0,0,0,0,0,121,46,8,0,175,0,0,0,175
02/08/2020,BUF,NY,AEA,CE,Combined TRACON& Tower with Radar,118,35,15,0,168,0,2,0,0,2,118,37,15,0,170,0,0,0,170
02/09/2020,BUF,NY,AEA,CE,Combined TRACON& Tower with Radar,102,40,18,0,160,0,0,0,0,0,102,40,18,0,160,0,0,0,160
02/10/2020,BUF,NY,AEA,CE,Combined TRACON& Tower with Radar,125,37,15,0,177,0,8,0,0,8,125,45,15,0,185,0,0,0,185
02/11/2020,BUF,NY,AEA,CE,Combined TRACON& Tower with Radar,125,54,13,0,192,0,6,5,0,11,125,60,18,0,203,0,0,0,203
02/12/2020,BUF,NY,AEA,CE,Combined TRACON& Tower with Radar,121,54,12,0,187,0,6,18,0,24,121,60,30,0,211,0,0,0,211
02/13/2020,BUF,NY,AEA,CE,Combined TRACON& Tower with Radar,117,54,9,0,180,0,0,0,0,0,117,54,9,0,180,0,0,0,180
02/14/2020,BUF,NY,AEA,CE,Combined TRACON& Tower with Radar,136,48,8,0,192,0,9,13,0,22,136,57,21,0,214,0,0,0,214
02/15/2020,BUF,NY,AEA,CE,Combined TRACON& Tower with Radar,115,36,6,0,157,0,2,18,0,20,115,38,24,0,177,0,0,0,177
02/16/2020,BUF,NY,AEA,CE,Combined TRACON& Tower with Radar,95,43,11,0,149,0,0,3,0,3,95,43,14,0,152,0,0,0,152
02/17/2020,BUF,NY,AEA,CE,Combined TRACON& Tower with Radar,118,51,13,0,182,0,3,15,0,18,118,54,28,0,200,0,0,0,200
02/18/2020,BUF,NY,AEA,CE,Combined TRACON& Tower with Radar,121,50,13,0,184,0,0,0,0,0,121,50,13,0,184,0,0,0,184
02/19/2020,BUF,NY,AEA,CE,Combined TRACON& Tower with Radar,131,53,20,0,204,0,6,3,0,9,131,59,23,0,213,0,0,0,213
02/20/2020,BUF,NY,AEA,CE,Combined TRACON& Tower with Radar,124,46,18,0,188,0,6,1,0,7,124,52,19,0,195,0,0,0,195
02/21/2020,BUF,NY,AEA,CE,Combined TRACON& Tower with Radar,126,48,16,0,190,0,5,12,0,17,126,53,28,0,207,0,0,0,207
02/22/2020,BUF,NY,AEA,CE,Combined TRACON& Tower with Radar,121,37,9,2,169,0,1,9,0,10,121,38,18,2,179,0,0,0,179
02/23/2020,BUF,NY,AEA,CE,Combined TRACON& Tower with Radar,107,49,16,0,172,0,4,34,0,38,107,53,50,0,210,0,0,0,210
02/24/2020,BUF,NY,AEA,CE,Combined TRACON& Tower with Radar,128,46,24,0,198,0,12,15,0,27,128,58,39,0,225,0,0,0,225
02/25/2020,BUF,NY,AEA,CE,Combined TRACON& Tower with Radar,127,47,12,0,186,0,0,0,0,0,127,47,12,0,186,0,0,0,186
02/26/2020,BUF,NY,AEA,CE,Combined TRACON& Tower with Radar,128,40,11,0,179,0,0,0,0,0,128,40,11,0,179,0,0,0,179
02/27/2020,BUF,NY,AEA,CE,Combined TRACON& Tower with Radar,102,32,3,0,137,0,0,0,0,0,102,32,3,0,137,0,0,0,137
02/28/2020,BUF,NY,AEA,CE,Combined TRACON& Tower with Radar,129,52,9,0,190,0,0,2,0,2,129,52,11,0,192,0,0,0,192
02/29/2020,BUF,NY,AEA,CE,Combined TRACON& Tower with Radar,115,43,4,2,164,0,1,0,0,1,115,44,4,2,165,0,0,0,165
03/01/2020,BUF,NY,AEA,CE,Combined TRACON& Tower with Radar,114,42,24,0,180,0,3,22,0,25,114,45,46,0,205,0,0,0,205
03/02/2020,BUF,NY,AEA,CE,Combined TRACON& Tower with Radar,127,55,22,2,206,0,2,0,0,2,127,57,22,2,208,0,0,0,208
03/03/2020,BUF,NY,AEA,CE,Combined TRACON& Tower with Radar,119,46,14,0,179,0,1,1,0,2,119,47,15,0,181,0,0,0,181
03/04/2020,BUF,NY,AEA,CE,Combined TRACON& Tower with Radar,134,39,20,0,193,0,4,8,0,12,134,43,28,0,205,0,0,0,205
03/05/2020,BUF,NY,AEA,CE,Combined TRACON& Tower with Radar,127,58,30,2,217,0,5,37,2,44,127,63,67,4,261,0,0,0,261
03/06/2020,BUF,NY,AEA,CE,Combined TRACON& Tower with Radar,128,49,11,0,188,0,2,0,0,2,128,51,11,0,190,0,0,0,190
03/07/2020,BUF,NY,AEA,CE,Combined TRACON& Tower with Radar,115,31,6,0,152,0,0,38,0,38,115,31,44,0,190,0,0,0,190
03/08/2020,BUF,NY,AEA,CE,Combined TRACON& Tower with Radar,105,52,8,0,165,0,1,6,0,7,105,53,14,0,172,0,0,0,172
03/09/2020,BUF,NY,AEA,CE,Combined TRACON& Tower with Radar,134,47,9,0,190,0,1,6,0,7,134,48,15,0,197,0,0,0,197
03/10/2020,BUF,NY,AEA,CE,Combined TRACON& Tower with Radar,141,37,6,0,184,0,0,1,0,1,141,37,7,0,185,0,0,0,185
03/11/2020,BUF,NY,AEA,CE,Combined TRACON& Tower with Radar,140,44,16,0,200,0,9,19,0,28,140,53,35,0,228,0,0,0,228
03/12/2020,BUF,NY,AEA,CE,Combined TRACON& Tower with Radar,135,50,23,3,211,0,4,19,0,23,135,54,42,3,234,0,0,0,234
03/13/2020,BUF,NY,AEA,CE,Combined TRACON& Tower with Radar,139,44,9,0,192,0,4,0,0,4,139,48,9,0,196,0,0,0,196
03/14/2020,BUF,NY,AEA,CE,Combined TRACON& Tower with Radar,121,39,15,0,175,0,2,20,0,22,121,41,35,0,197,0,0,0,197
03/15/2020,BUF,NY,AEA,CE,Combined TRACON& Tower with Radar,111,48,17,0,176,0,4,27,0,31,111,52,44,0,207,0,0,0,207
03/16/2020,BUF,NY,AEA,CE,Combined TRACON& Tower with Radar,137,42,23,14,216,0,4,26,0,30,137,46,49,14,246,0,0,0,246
03/17/2020,BUF,NY,AEA,CE,Combined TRACON& Tower with Radar,142,52,4,0,198,0,10,2,0,12,142,62,6,0,210,0,0,0,210
03/18/2020,BUF,NY,AEA,CE,Combined TRACON& Tower with Radar,137,45,12,4,198,0,4,17,0,21,137,49,29,4,219,0,0,0,219
03/19/2020,BUF,NY,AEA,CE,Combined TRACON& Tower with Radar,126,43,16,0,185,0,4,0,0,4,126,47,16,0,189,0,0,0,189
03/20/2020,BUF,NY,AEA,CE,Combined TRACON& Tower with Radar,116,37,7,0,160,0,2,0,0,2,116,39,7,0,162,0,0,0,162
03/21/2020,BUF,NY,AEA,CE,Combined TRACON& Tower with Radar,112,27,3,0,142,0,0,0,0,0,112,27,3,0,142,0,0,0,142
03/22/2020,BUF,NY,AEA,CE,Combined TRACON& Tower with Radar,90,31,6,0,127,0,3,0,0,3,90,34,6,0,130,0,0,0,130
03/23/2020,BUF,NY,AEA,CE,Combined TRACON& Tower with Radar,99,24,9,0,132,0,2,0,0,2,99,26,9,0,134,0,0,0,134
03/24/2020,BUF,NY,AEA,CE,Combined TRACON& Tower with Radar,86,16,3,0,105,0,1,1,0,2,86,17,4,0,107,0,0,0,107
03/25/2020,BUF,NY,AEA,CE,Combined TRACON& Tower with Radar,88,19,6,0,113,0,4,4,0,8,88,23,10,0,121,0,0,0,121
03/26/2020,BUF,NY,AEA,CE,Combined TRACON& Tower with Radar,79,20,2,0,101,0,8,3,0,11,79,28,5,0,112,0,0,0,112
03/27/2020,BUF,NY,AEA,CE,Combined TRACON& Tower with Radar,62,12,2,0,76,0,1,3,0,4,62,13,5,0,80,0,0,0,80
03/28/2020,BUF,NY,AEA,CE,Combined TRACON& Tower with Radar,57,15,4,0,76,0,1,0,0,1,57,16,4,0,77,0,0,0,77
03/29/2020,BUF,NY,AEA,CE,Combined TRACON& Tower with Radar,52,20,3,0,75,0,2,0,0,2,52,22,3,0,77,0,0,0,77
03/30/2020,BUF,NY,AEA,CE,Combined TRACON& Tower with Radar,62,14,1,0,77,0,0,0,0,0,62,14,1,0,77,0,0,0,77
03/31/2020,BUF,NY,AEA,CE,Combined TRACON& Tower with Radar,76,16,1,2,95,0,0,0,2,2,76,16,1,4,97,0,0,0,97
04/01/2020,BUF,NY,AEA,CE,Combined TRACON& Tower with Radar,58,22,2,0,82,0,5,5,0,10,58,27,7,0,92,0,0,0,92
04/02/2020,BUF,NY,AEA,CE,Combined TRACON& Tower with Radar,46,20,5,0,71,0,2,7,0,9,46,22,12,0,80,0,0,0,80
04/03/2020,BUF,NY,AEA,CE,Combined TRACON& Tower with Radar,46,22,3,0,71,0,0,0,0,0,46,22,3,0,71,0,0,0,71
04/04/2020,BUF,NY,AEA,CE,Combined TRACON& Tower with Radar,45,16,2,0,63,0,2,0,0,2,45,18,2,0,65,0,0,0,65
04/05/2020,BUF,NY,AEA,CE,Combined TRACON& Tower with Radar,28,18,2,0,48,0,2,0,0,2,28,20,2,0,50,0,0,0,50
04/06/2020,BUF,NY,AEA,CE,Combined TRACON& Tower with Radar,38,14,3,0,55,0,2,5,0,7,38,16,8,0,62,0,0,0,62
04/07/2020,BUF,NY,AEA,CE,Combined TRACON& Tower with Radar,47,14,2,0,63,0,4,4,0,8,47,18,6,0,71,0,0,0,71
04/08/2020,BUF,NY,AEA,CE,Combined TRACON& Tower with Radar,55,14,0,0,69,0,4,2,0,6,55,18,2,0,75,0,0,0,75
04/09/2020,BUF,NY,AEA,CE,Combined TRACON& Tower with Radar,56,12,0,0,68,0,2,0,0,2,56,14,0,0,70,0,0,0,70
04/10/2020,BUF,NY,AEA,CE,Combined TRACON& Tower with Radar,46,18,1,0,65,0,4,0,0,4,46,22,1,0,69,0,0,0,69
04/11/2020,BUF,NY,AEA,CE,Combined TRACON& Tower with Radar,49,11,4,0,64,0,4,2,0,6,49,15,6,0,70,0,0,0,70
04/12/2020,BUF,NY,AEA,CE,Combined TRACON& Tower with Radar,34,5,1,0,40,0,4,3,0,7,34,9,4,0,47,0,0,0,47
04/13/2020,BUF,NY,AEA,CE,Combined TRACON& Tower with Radar,41,12,2,0,55,0,0,0,0,0,41,12,2,0,55,0,0,0,55
04/14/2020,BUF,NY,AEA,CE,Combined TRACON& Tower with Radar,37,8,2,0,47,0,6,0,0,6,37,14,2,0,53,0,0,0,53
04/15/2020,BUF,NY,AEA,CE,Combined TRACON& Tower with Radar,39,13,0,2,54,0,0,0,0,0,39,13,0,2,54,0,0,0,54
04/16/2020,BUF,NY,AEA,CE,Combined TRACON& Tower with Radar,27,7,2,0,36,0,0,0,0,0,27,7,2,0,36,0,0,0,36
04/17/2020,BUF,NY,AEA,CE,Combined TRACON& Tower with Radar,33,10,1,9,53,0,0,0,3,3,33,10,1,12,56,0,0,0,56
04/18/2020,BUF,NY,AEA,CE,Combined TRACON& Tower with Radar,32,9,8,0,49,0,3,5,0,8,32,12,13,0,57,0,0,0,57
04/19/2020,BUF,NY,AEA,CE,Combined TRACON& Tower with Radar,25,10,1,0,36,0,6,0,0,6,25,16,1,0,42,0,0,0,42
04/20/2020,BUF,NY,AEA,CE,Combined TRACON& Tower with Radar,29,9,18,0,56,0,5,14,0,19,29,14,32,0,75,0,0,0,75
04/21/2020,BUF,NY,AEA,CE,Combined TRACON& Tower with Radar,35,12,5,0,52,0,3,5,0,8,35,15,10,0,60,0,0,0,60
04/22/2020,BUF,NY,AEA,CE,Combined TRACON& Tower with Radar,41,7,12,0,60,0,2,3,0,5,41,9,15,0,65,0,0,0,65
04/23/2020,BUF,NY,AEA,CE,Combined TRACON& Tower with Radar,40,9,4,0,53,0,2,0,0,2,40,11,4,0,55,0,0,0,55
04/24/2020,BUF,NY,AEA,CE,Combined TRACON& Tower with Radar,33,8,8,0,49,0,5,5,0,10,33,13,13,0,59,0,0,0,59
04/25/2020,BUF,NY,AEA,CE,Combined TRACON& Tower with Radar,34,11,8,0,53,0,4,11,0,15,34,15,19,0,68,0,0,0,68
04/26/2020,BUF,NY,AEA,CE,Combined TRACON& Tower with Radar,25,10,1,0,36,0,0,0,0,0,25,10,1,0,36,0,0,0,36
04/27/2020,BUF,NY,AEA,CE,Combined TRACON& Tower with Radar,31,9,4,0,44,0,2,6,0,8,31,11,10,0,52,0,0,0,52
04/28/2020,BUF,NY,AEA,CE,Combined TRACON& Tower with Radar,38,14,12,0,64,0,5,9,0,14,38,19,21,0,78,0,0,0,78
04/29/2020,BUF,NY,AEA,CE,Combined TRACON& Tower with Radar,39,10,2,0,51,0,3,12,0,15,39,13,14,0,66,0,0,0,66
04/30/2020,BUF,NY,AEA,CE,Combined TRACON& Tower with Radar,40,11,14,0,65,0,0,0,0,0,40,11,14,0,65,0,0,0,65
05/01/2020,BUF,NY,AEA,CE,Combined TRACON& Tower with Radar,37,17,5,0,59,0,2,3,0,5,37,19,8,0,64,0,0,0,64
05/02/2020,BUF,NY,AEA,CE,Combined TRACON& Tower with Radar,20,9,0,0,29,0,2,24,0,26,20,11,24,0,55,0,0,0,55
05/03/2020,BUF,NY,AEA,CE,Combined TRACON& Tower with Radar,37,13,4,0,54,0,3,11,0,14,37,16,15,0,68,0,0,0,68
05/04/2020,BUF,NY,AEA,CE,Combined TRACON& Tower with Radar,46,9,4,0,59,0,0,5,0,5,46,9,9,0,64,0,0,0,64
05/05/2020,BUF,NY,AEA,CE,Combined TRACON& Tower with Radar,35,12,8,2,57,0,3,25,0,28,35,15,33,2,85,0,0,0,85
05/06/2020,BUF,NY,AEA,CE,Combined TRACON& Tower with Radar,38,10,13,0,61,0,7,16,0,23,38,17,29,0,84,0,0,0,84
05/07/2020,BUF,NY,AEA,CE,Combined TRACON& Tower with Radar,44,14,7,0,65,0,2,9,0,11,44,16,16,0,76,0,0,0,76
05/08/2020,BUF,NY,AEA,CE,Combined TRACON& Tower with Radar,42,15,13,0,70,0,3,8,0,11,42,18,21,0,81,0,0,0,81
05/09/2020,BUF,NY,AEA,CE,Combined TRACON& Tower with Radar,33,11,4,0,48,0,0,2,0,2,33,11,6,0,50,0,0,0,50
05/10/2020,BUF,NY,AEA,CE,Combined TRACON& Tower with Radar,32,14,5,0,51,0,4,3,0,7,32,18,8,0,58,0,0,0,58
05/11/2020,BUF,NY,AEA,CE,Combined TRACON& Tower with Radar,42,10,12,10,74,0,0,0,0,0,42,10,12,10,74,0,0,0,74
05/12/2020,BUF,NY,AEA,CE,Combined TRACON& Tower with Radar,38,9,7,4,58,0,1,23,2,26,38,10,30,6,84,0,0,0,84
05/13/2020,BUF,NY,AEA,CE,Combined TRACON& Tower with Radar,43,11,14,2,70,0,3,24,2,29,43,14,38,4,99,0,0,0,99
05/14/2020,BUF,NY,AEA,CE,Combined TRACON& Tower with Radar,44,12,6,8,70,0,1,15,0,16,44,13,21,8,86,0,0,0,86
05/15/2020,BUF,NY,AEA,CE,Combined TRACON& Tower with Radar,44,15,2,0,61,0,0,0,0,0,44,15,2,0,61,0,0,0,61
05/16/2020,BUF,NY,AEA,CE,Combined TRACON& Tower with Radar,40,12,6,0,58,0,3,15,2,20,40,15,21,2,78,0,0,0,78
05/17/2020,BUF,NY,AEA,CE,Combined TRACON& Tower with Radar,41,18,6,0,65,0,1,9,0,10,41,19,15,0,75,0,0,0,75
05/18/2020,BUF,NY,AEA,CE,Combined TRACON& Tower with Radar,48,9,6,0,63,0,4,0,0,4,48,13,6,0,67,0,0,0,67
05/19/2020,BUF,NY,AEA,CE,Combined TRACON& Tower with Radar,41,15,5,7,68,0,8,15,1,24,41,23,20,8,92,0,0,0,92
05/20/2020,BUF,NY,AEA,CE,Combined TRACON& Tower with Radar,48,16,14,2,80,0,3,21,0,24,48,19,35,2,104,0,0,0,104
05/21/2020,BUF,NY,AEA,CE,Combined TRACON& Tower with Radar,52,18,6,0,76,0,3,35,0,38,52,21,41,0,114,0,0,0,114
05/22/2020,BUF,NY,AEA,CE,Combined TRACON& Tower with Radar,54,18,13,0,85,0,3,21,4,28,54,21,34,4,113,0,0,0,113
05/23/2020,BUF,NY,AEA,CE,Combined TRACON& Tower with Radar,42,11,8,0,61,0,0,4,0,4,42,11,12,0,65,0,0,0,65
05/24/2020,BUF,NY,AEA,CE,Combined TRACON& Tower with Radar,39,13,12,0,64,0,7,17,3,27,39,20,29,3,91,0,0,0,91
05/25/2020,BUF,NY,AEA,CE,Combined TRACON& Tower with Radar,42,15,9,2,68,0,2,8,0,10,42,17,17,2,78,0,0,0,78
05/26/2020,BUF,NY,AEA,CE,Combined TRACON& Tower with Radar,40,12,10,0,62,0,6,48,0,54,40,18,58,0,116,0,0,0,116
05/27/2020,BUF,NY,AEA,CE,Combined TRACON& Tower with Radar,49,21,11,22,103,0,5,32,0,37,49,26,43,22,140,0,0,0,140
05/28/2020,BUF,NY,AEA,CE,Combined TRACON& Tower with Radar,51,16,3,0,70,0,12,2,0,14,51,28,5,0,84,0,0,0,84
05/29/2020,BUF,NY,AEA,CE,Combined TRACON& Tower with Radar,50,17,8,0,75,0,1,3,0,4,50,18,11,0,79,0,0,0,79
05/30/2020,BUF,NY,AEA,CE,Combined TRACON& Tower with Radar,39,12,16,0,67,0,2,5,0,7,39,14,21,0,74,0,0,0,74
05/31/2020,BUF,NY,AEA,CE,Combined TRACON& Tower with Radar,41,9,8,0,58,0,0,22,0,22,41,9,30,0,80,0,0,0,80
06/01/2020,BUF,NY,AEA,CE,Combined TRACON& Tower with Radar,46,16,5,0,67,0,9,14,0,23,46,25,19,0,90,0,0,0,90
06/02/2020,BUF,NY,AEA,CE,Combined TRACON& Tower with Radar,44,12,12,0,68,0,2,17,0,19,44,14,29,0,87,0,0,0,87
06/03/2020,BUF,NY,AEA,CE,Combined TRACON& Tower with Radar,51,21,5,3,80,0,2,4,1,7,51,23,9,4,87,0,0,0,87
06/04/2020,BUF,NY,AEA,CE,Combined TRACON& Tower with Radar,48,18,10,0,76,0,0,24,0,24,48,18,34,0,100,0,0,0,100
06/05/2020,BUF,NY,AEA,CE,Combined TRACON& Tower with Radar,56,19,14,0,89,0,14,29,0,43,56,33,43,0,132,0,0,0,132
06/06/2020,BUF,NY,AEA,CE,Combined TRACON& Tower with Radar,40,11,6,0,57,0,7,26,0,33,40,18,32,0,90,0,0,0,90
06/07/2020,BUF,NY,AEA,CE,Combined TRACON& Tower with Radar,43,15,14,0,72,0,1,24,2,27,43,16,38,2,99,0,0,0,99
06/08/2020,BUF,NY,AEA,CE,Combined TRACON& Tower with Radar,49,16,6,0,71,0,6,22,0,28,49,22,28,0,99,0,0,0,99
06/09/2020,BUF,NY,AEA,CE,Combined TRACON& Tower with Radar,48,15,8,0,71,0,4,23,0,27,48,19,31,0,98,0,0,0,98
06/10/2020,BUF,NY,AEA,CE,Combined TRACON& Tower with Radar,49,26,14,7,96,0,2,7,1,10,49,28,21,8,106,0,0,0,106
06/11/2020,BUF,NY,AEA,CE,Combined TRACON& Tower with Radar,50,27,7,0,84,0,4,7,4,15,50,31,14,4,99,0,0,0,99
06/12/2020,BUF,NY,AEA,CE,Combined TRACON& Tower with Radar,54,26,8,0,88,0,12,13,0,25,54,38,21,0,113,0,0,0,113
06/13/2020,BUF,NY,AEA,CE,Combined TRACON& Tower with Radar,41,17,20,0,78,0,10,31,0,41,41,27,51,0,119,0,0,0,119
06/14/2020,BUF,NY,AEA,CE,Combined TRACON& Tower with Radar,41,23,12,0,76,0,3,19,0,22,41,26,31,0,98,0,0,0,98
06/15/2020,BUF,NY,AEA,CE,Combined TRACON& Tower with Radar,51,17,10,0,78,0,4,26,3,33,51,21,36,3,111,0,0,0,111
06/16/2020,BUF,NY,AEA,CE,Combined TRACON& Tower with Radar,46,21,16,2,85,0,4,29,3,36,46,25,45,5,121,0,0,0,121
06/17/2020,BUF,NY,AEA,CE,Combined TRACON& Tower with Radar,45,20,18,0,83,0,8,25,0,33,45,28,43,0,116,0,0,0,116
06/18/2020,BUF,NY,AEA,CE,Combined TRACON& Tower with Radar,52,27,16,0,95,0,15,20,0,35,52,42,36,0,130,0,0,0,130
06/19/2020,BUF,NY,AEA,CE,Combined TRACON& Tower with Radar,54,21,18,0,93,0,3,17,0,20,54,24,35,0,113,0,0,0,113
06/20/2020,BUF,NY,AEA,CE,Combined TRACON& Tower with Radar,41,10,9,0,60,0,0,27,0,27,41,10,36,0,87,0,0,0,87
06/21/2020,BUF,NY,AEA,CE,Combined TRACON& Tower with Radar,45,15,12,0,72,0,4,10,2,16,45,19,22,2,88,0,0,0,88
06/22/2020,BUF,NY,AEA,CE,Combined TRACON& Tower with Radar,50,14,6,2,72,0,2,10,0,12,50,16,16,2,84,0,0,0,84
06/23/2020,BUF,NY,AEA,CE,Combined TRACON& Tower with Radar,51,19,12,0,82,0,2,10,0,12,51,21,22,0,94,0,0,0,94
06/24/2020,BUF,NY,AEA,CE,Combined TRACON& Tower with Radar,45,24,17,2,88,0,9,8,0,17,45,33,25,2,105,0,0,0,105
06/25/2020,BUF,NY,AEA,CE,Combined TRACON& Tower with Radar,54,22,18,0,94,0,3,26,2,31,54,25,44,2,125,0,0,0,125
06/26/2020,BUF,NY,AEA,CE,Combined TRACON& Tower with Radar,52,18,24,2,96,0,5,20,0,25,52,23,44,2,121,0,0,0,121
06/27/2020,BUF,NY,AEA,CE,Combined TRACON& Tower with Radar,41,11,4,0,56,0,0,3,0,3,41,11,7,0,59,0,0,0,59
06/28/2020,BUF,NY,AEA,CE,Combined TRACON& Tower with Radar,48,16,9,0,73,0,1,24,0,25,48,17,33,0,98,0,0,0,98
06/29/2020,BUF,NY,AEA,CE,Combined TRACON& Tower with Radar,55,17,11,0,83,0,0,25,0,25,55,17,36,0,108,0,0,0,108
06/30/2020,BUF,NY,AEA,CE,Combined TRACON& Tower with Radar,54,24,10,8,96,0,6,20,0,26,54,30,30,8,122,0,0,0,122
07/01/2020,BUF,NY,AEA,CE,Combined TRACON& Tower with Radar,57,19,11,9,96,0,6,25,4,35,57,25,36,13,131,0,0,0,131
07/02/2020,BUF,NY,AEA,CE,Combined TRACON& Tower with Radar,64,24,12,1,101,0,5,20,0,25,64,29,32,1,126,0,0,0,126
07/03/2020,BUF,NY,AEA,CE,Combined TRACON& Tower with Radar,58,15,12,1,86,0,3,14,0,17,58,18,26,1,103,0,0,0,103
07/04/2020,BUF,NY,AEA,CE,Combined TRACON& Tower with Radar,35,5,3,0,43,0,10,20,1,31,35,15,23,1,74,0,0,0,74
07/05/2020,BUF,NY,AEA,CE,Combined TRACON& Tower with Radar,55,14,14,0,83,0,8,8,1,17,55,22,22,1,100,0,0,0,100
07/06/2020,BUF,NY,AEA,CE,Combined TRACON& Tower with Radar,77,10,23,0,110,0,12,21,0,33,77,22,44,0,143,0,0,0,143
07/07/2020,BUF,NY,AEA,CE,Combined TRACON& Tower with Radar,68,20,16,0,104,0,5,27,3,35,68,25,43,3,139,0,0,0,139
07/08/2020,BUF,NY,AEA,CE,Combined TRACON& Tower with Radar,68,23,11,0,102,0,8,7,1,16,68,31,18,1,118,0,0,0,118
07/09/2020,BUF,NY,AEA,CE,Combined TRACON& Tower with Radar,79,25,15,8,127,0,5,17,4,26,79,30,32,12,153,0,0,0,153
07/10/2020,BUF,NY,AEA,CE,Combined TRACON& Tower with Radar,76,23,5,0,104,0,7,13,0,20,76,30,18,0,124,0,0,0,124
07/11/2020,BUF,NY,AEA,CE,Combined TRACON& Tower with Radar,62,19,4,0,85,0,8,4,0,12,62,27,8,0,97,0,0,0,97
07/12/2020,BUF,NY,AEA,CE,Combined TRACON& Tower with Radar,71,18,10,0,99,0,3,26,0,29,71,21,36,0,128,0,0,0,128
07/13/2020,BUF,NY,AEA,CE,Combined TRACON& Tower with Radar,75,23,20,2,120,0,5,6,0,11,75,28,26,2,131,0,0,0,131
07/14/2020,BUF,NY,AEA,CE,Combined TRACON& Tower with Radar,71,25,9,3,108,0,6,13,2,21,71,31,22,5,129,0,0,0,129
07/15/2020,BUF,NY,AEA,CE,Combined TRACON& Tower with Radar,71,19,18,0,108,0,15,20,0,35,71,34,38,0,143,0,0,0,143
07/16/2020,BUF,NY,AEA,CE,Combined TRACON& Tower with Radar,78,26,18,0,122,0,3,6,0,9,78,29,24,0,131,0,0,0,131
07/17/2020,BUF,NY,AEA,CE,Combined TRACON& Tower with Radar,70,22,10,0,102,0,4,16,0,20,70,26,26,0,122,0,0,0,122
07/18/2020,BUF,NY,AEA,CE,Combined TRACON& Tower with Radar,61,17,12,0,90,0,4,25,0,29,61,21,37,0,119,0,0,0,119
07/19/2020,BUF,NY,AEA,CE,Combined TRACON& Tower with Radar,63,24,11,0,98,0,1,12,0,13,63,25,23,0,111,0,0,0,111
07/20/2020,BUF,NY,AEA,CE,Combined TRACON& Tower with Radar,70,18,16,0,104,0,6,30,0,36,70,24,46,0,140,0,0,0,140
07/21/2020,BUF,NY,AEA,CE,Combined TRACON& Tower with Radar,65,22,13,0,100,0,5,30,3,38,65,27,43,3,138,0,0,0,138
07/22/2020,BUF,NY,AEA,CE,Combined TRACON& Tower with Radar,65,20,8,3,96,0,7,6,1,14,65,27,14,4,110,0,0,0,110
07/23/2020,BUF,NY,AEA,CE,Combined TRACON& Tower with Radar,78,30,21,0,129,0,6,5,0,11,78,36,26,0,140,0,0,0,140
07/24/2020,BUF,NY,AEA,CE,Combined TRACON& Tower with Radar,71,28,18,10,127,0,8,20,0,28,71,36,38,10,155,0,0,0,155
07/25/2020,BUF,NY,AEA,CE,Combined TRACON& Tower with Radar,61,20,13,1,95,0,5,36,2,43,61,25,49,3,138,0,0,0,138
07/26/2020,BUF,NY,AEA,CE,Combined TRACON& Tower with Radar,65,17,21,0,103,0,2,22,4,28,65,19,43,4,131,0,0,0,131
07/27/2020,BUF,NY,AEA,CE,Combined TRACON& Tower with Radar,67,17,5,5,94,0,3,1,1,5,67,20,6,6,99,0,0,0,99
07/28/2020,BUF,NY,AEA,CE,Combined TRACON& Tower with Radar,67,23,22,0,112,0,3,20,2,25,67,26,42,2,137,0,0,0,137
07/29/2020,BUF,NY,AEA,CE,Combined TRACON& Tower with Radar,63,16,15,1,95,0,5,8,0,13,63,21,23,1,108,0,0,0,108
07/30/2020,BUF,NY,AEA,CE,Combined TRACON& Tower with Radar,71,31,4,0,106,0,8,24,0,32,71,39,28,0,138,0,0,0,138
07/31/2020,BUF,NY,AEA,CE,Combined TRACON& Tower with Radar,71,28,19,1,119,0,5,24,0,29,71,33,43,1,148,0,0,0,148
08/01/2020,BUF,NY,AEA,CE,Combined TRACON& Tower with Radar,62,15,17,0,94,0,5,22,0,27,62,20,39,0,121,0,0,0,121
08/02/2020,BUF,NY,AEA,CE,Combined TRACON& Tower with Radar,62,22,10,0,94,0,2,0,0,2,62,24,10,0,96,0,0,0,96
08/03/2020,BUF,NY,AEA,CE,Combined TRACON& Tower with Radar,68,21,4,0,93,0,6,10,0,16,68,27,14,0,109,0,0,0,109
08/04/2020,BUF,NY,AEA,CE,Combined TRACON& Tower with Radar,64,22,4,0,90,0,4,0,0,4,64,26,4,0,94,0,0,0,94
08/05/2020,BUF,NY,AEA,CE,Combined TRACON& Tower with Radar,66,17,10,0,93,0,3,22,2,27,66,20,32,2,120,0,0,0,120
08/06/2020,BUF,NY,AEA,CE,Combined TRACON& Tower with Radar,73,27,26,5,131,0,7,25,11,43,73,34,51,16,174,0,0,0,174
08/07/2020,BUF,NY,AEA,CE,Combined TRACON& Tower with Radar,71,24,25,0,120,0,2,26,0,28,71,26,51,0,148,0,0,0,148
08/08/2020,BUF,NY,AEA,CE,Combined TRACON& Tower with Radar,62,11,11,0,84,0,10,25,0,35,62,21,36,0,119,0,0,0,119
08/09/2020,BUF,NY,AEA,CE,Combined TRACON& Tower with Radar,66,27,9,0,102,0,3,16,0,19,66,30,25,0,121,0,0,0,121
08/10/2020,BUF,NY,AEA,CE,Combined TRACON& Tower with Radar,67,19,29,0,115,0,11,28,0,39,67,30,57,0,154,0,0,0,154
08/11/2020,BUF,NY,AEA,CE,Combined TRACON& Tower with Radar,66,20,10,2,98,0,7,6,0,13,66,27,16,2,111,0,0,0,111
08/12/2020,BUF,NY,AEA,CE,Combined TRACON& Tower with Radar,63,17,17,0,97,0,11,32,0,43,63,28,49,0,140,0,0,0,140
08/13/2020,BUF,NY,AEA,CE,Combined TRACON& Tower with Radar,70,30,24,2,126,0,13,53,0,66,70,43,77,2,192,0,0,0,192
08/14/2020,BUF,NY,AEA,CE,Combined TRACON& Tower with Radar,72,29,17,0,118,0,12,29,0,41,72,41,46,0,159,0,0,0,159
08/15/2020,BUF,NY,AEA,CE,Combined TRACON& Tower with Radar,64,11,10,0,85,0,1,20,0,21,64,12,30,0,106,0,0,0,106
08/16/2020,BUF,NY,AEA,CE,Combined TRACON& Tower with Radar,67,21,5,0,93,0,6,21,0,27,67,27,26,0,120,0,0,0,120
08/17/2020,BUF,NY,AEA,CE,Combined TRACON& Tower with Radar,62,18,17,0,97,0,4,40,0,44,62,22,57,0,141,0,0,0,141
08/18/2020,BUF,NY,AEA,CE,Combined TRACON& Tower with Radar,64,18,15,0,97,0,7,27,4,38,64,25,42,4,135,0,0,0,135
08/19/2020,BUF,NY,AEA,CE,Combined TRACON& Tower with Radar,63,25,13,0,101,0,9,39,0,48,63,34,52,0,149,0,0,0,149
08/20/2020,BUF,NY,AEA,CE,Combined TRACON& Tower with Radar,69,22,16,4,111,0,6,34,1,41,69,28,50,5,152,0,0,0,152
08/21/2020,BUF,NY,AEA,CE,Combined TRACON& Tower with Radar,66,21,22,0,109,0,6,29,1,36,66,27,51,1,145,0,0,0,145
08/22/2020,BUF,NY,AEA,CE,Combined TRACON& Tower with Radar,58,11,6,0,75,0,2,28,1,31,58,13,34,1,106,0,0,0,106
08/23/2020,BUF,NY,AEA,CE,Combined TRACON& Tower with Radar,63,20,7,0,90,0,4,9,0,13,63,24,16,0,103,0,0,0,103
08/24/2020,BUF,NY,AEA,CE,Combined TRACON& Tower with Radar,63,18,8,2,91,0,3,15,2,20,63,21,23,4,111,0,0,0,111
08/25/2020,BUF,NY,AEA,CE,Combined TRACON& Tower with Radar,67,22,9,6,104,0,7,12,2,21,67,29,21,8,125,0,0,0,125
08/26/2020,BUF,NY,AEA,CE,Combined TRACON& Tower with Radar,60,21,17,0,98,0,6,14,0,20,60,27,31,0,118,0,0,0,118
08/27/2020,BUF,NY,AEA,CE,Combined TRACON& Tower with Radar,70,30,18,0,118,0,3,0,2,5,70,33,18,2,123,0,0,0,123
08/28/2020,BUF,NY,AEA,CE,Combined TRACON& Tower with Radar,70,24,20,0,114,0,4,6,0,10,70,28,26,0,124,0,0,0,124
08/29/2020,BUF,NY,AEA,CE,Combined TRACON& Tower with Radar,58,10,5,0,73,0,3,0,0,3,58,13,5,0,76,0,0,0,76
08/30/2020,BUF,NY,AEA,CE,Combined TRACON& Tower with Radar,61,25,21,0,107,0,5,19,0,24,61,30,40,0,131,0,0,0,131
08/31/2020,BUF,NY,AEA,CE,Combined TRACON& Tower with Radar,68,22,10,12,112,0,0,32,0,32,68,22,42,12,144,0,0,0,144
09/01/2020,BUF,NY,AEA,CE,Combined TRACON& Tower with Radar,63,23,28,0,114,0,2,26,0,28,63,25,54,0,142,0,0,0,142
09/02/2020,BUF,NY,AEA,CE,Combined TRACON& Tower with Radar,54,32,11,4,101,0,0,3,0,3,54,32,14,4,104,0,0,0,104
09/03/2020,BUF,NY,AEA,CE,Combined TRACON& Tower with Radar,61,42,10,0,113,0,7,24,0,31,61,49,34,0,144,0,0,0,144
09/04/2020,BUF,NY,AEA,CE,Combined TRACON& Tower with Radar,59,36,16,0,111,0,6,17,0,23,59,42,33,0,134,0,0,0,134
09/05/2020,BUF,NY,AEA,CE,Combined TRACON& Tower with Radar,51,14,15,0,80,0,8,11,0,19,51,22,26,0,99,0,0,0,99
09/06/2020,BUF,NY,AEA,CE,Combined TRACON& Tower with Radar,39,27,20,0,86,0,5,28,0,33,39,32,48,0,119,0,0,0,119
09/07/2020,BUF,NY,AEA,CE,Combined TRACON& Tower with Radar,36,36,12,0,84,0,1,0,0,1,36,37,12,0,85,0,0,0,85
09/08/2020,BUF,NY,AEA,CE,Combined TRACON& Tower with Radar,41,24,10,0,75,0,7,19,0,26,41,31,29,0,101,0,0,0,101
09/09/2020,BUF,NY,AEA,CE,Combined TRACON& Tower with Radar,51,25,21,0,97,0,5,17,0,22,51,30,38,0,119,0,0,0,119
09/10/2020,BUF,NY,AEA,CE,Combined TRACON& Tower with Radar,55,23,18,0,96,0,11,2,0,13,55,34,20,0,109,0,0,0,109
09/11/2020,BUF,NY,AEA,CE,Combined TRACON& Tower with Radar,52,26,23,0,101,0,7,11,2,20,52,33,34,2,121,0,0,0,121
09/12/2020,BUF,NY,AEA,CE,Combined TRACON& Tower with Radar,41,18,13,2,74,0,2,43,0,45,41,20,56,2,119,0,0,0,119
09/13/2020,BUF,NY,AEA,CE,Combined TRACON& Tower with Radar,49,31,9,0,89,0,0,3,0,3,49,31,12,0,92,0,0,0,92
09/14/2020,BUF,NY,AEA,CE,Combined TRACON& Tower with Radar,49,18,23,0,90,0,4,23,0,27,49,22,46,0,117,0,0,0,117
09/15/2020,BUF,NY,AEA,CE,Combined TRACON& Tower with Radar,46,28,13,14,101,0,3,33,4,40,46,31,46,18,141,0,0,0,141
09/16/2020,BUF,NY,AEA,CE,Combined TRACON& Tower with Radar,48,25,13,17,103,0,6,20,7,33,48,31,33,24,136,0,0,0,136
09/17/2020,BUF,NY,AEA,CE,Combined TRACON& Tower with Radar,55,23,17,0,95,0,3,7,0,10,55,26,24,0,105,0,0,0,105
09/18/2020,BUF,NY,AEA,CE,Combined TRACON& Tower with Radar,49,33,28,0,110,0,4,24,0,28,49,37,52,0,138,0,0,0,138
09/19/2020,BUF,NY,AEA,CE,Combined TRACON& Tower with Radar,41,18,6,0,65,0,13,33,0,46,41,31,39,0,111,0,0,0,111
09/20/2020,BUF,NY,AEA,CE,Combined TRACON& Tower with Radar,50,24,17,1,92,0,4,21,0,25,50,28,38,1,117,0,0,0,117
09/21/2020,BUF,NY,AEA,CE,Combined TRACON& Tower with Radar,49,21,10,2,82,0,9,16,0,25,49,30,26,2,107,0,0,0,107
09/22/2020,BUF,NY,AEA,CE,Combined TRACON& Tower with Radar,46,30,18,10,104,0,7,32,14,53,46,37,50,24,157,0,0,0,157
09/23/2020,BUF,NY,AEA,CE,Combined TRACON& Tower with Radar,48,25,14,0,87,0,7,20,0,27,48,32,34,0,114,0,0,0,114
09/24/2020,BUF,NY,AEA,CE,Combined TRACON& Tower with Radar,56,25,16,2,99,0,2,24,0,26,56,27,40,2,125,0,0,0,125
09/25/2020,BUF,NY,AEA,CE,Combined TRACON& Tower with Radar,56,34,16,0,106,0,6,27,0,33,56,40,43,0,139,0,0,0,139
09/26/2020,BUF,NY,AEA,CE,Combined TRACON& Tower with Radar,41,21,6,0,68,0,3,28,0,31,41,24,34,0,99,0,0,0,99
09/27/2020,BUF,NY,AEA,CE,Combined TRACON& Tower with Radar,54,35,6,0,95,0,4,2,0,6,54,39,8,0,101,0,0,0,101
09/28/2020,BUF,NY,AEA,CE,Combined TRACON& Tower with Radar,48,22,16,0,86,0,5,13,2,20,48,27,29,2,106,0,0,0,106
09/29/2020,BUF,NY,AEA,CE,Combined TRACON& Tower with Radar,46,31,11,0,88,0,2,7,0,9,46,33,18,0,97,0,0,0,97
09/30/2020,BUF,NY,AEA,CE,Combined TRACON& Tower with Radar,51,25,19,0,95,0,1,0,0,1,51,26,19,0,96,0,0,0,96
10/01/2020,BUF,NY,AEA,CE,Combined TRACON& Tower with Radar,67,26,5,0,98,0,0,7,0,7,67,26,12,0,105,0,0,0,105
10/02/2020,BUF,NY,AEA,CE,Combined TRACON& Tower with Radar,68,25,10,3,106,0,5,2,0,7,68,30,12,3,113,0,0,0,113
10/03/2020,BUF,NY,AEA,CE,Combined TRACON& Tower with Radar,51,16,13,0,80,0,3,11,0,14,51,19,24,0,94,0,0,0,94
10/04/2020,BUF,NY,AEA,CE,Combined TRACON& Tower with Radar,59,18,6,0,83,0,2,9,0,11,59,20,15,0,94,0,0,0,94
10/05/2020,BUF,NY,AEA,CE,Combined TRACON& Tower with Radar,64,12,19,0,95,0,0,4,0,4,64,12,23,0,99,0,0,0,99
10/06/2020,BUF,NY,AEA,CE,Combined TRACON& Tower with Radar,57,19,22,0,98,0,7,13,0,20,57,26,35,0,118,0,0,0,118
10/07/2020,BUF,NY,AEA,CE,Combined TRACON& Tower with Radar,53,10,11,0,74,0,1,1,0,2,53,11,12,0,76,0,0,0,76
10/08/2020,BUF,NY,AEA,CE,Combined TRACON& Tower with Radar,84,16,24,0,124,0,6,15,0,21,84,22,39,0,145,0,0,0,145
10/09/2020,BUF,NY,AEA,CE,Combined TRACON& Tower with Radar,79,18,18,0,115,0,6,31,0,37,79,24,49,0,152,0,0,0,152
10/10/2020,BUF,NY,AEA,CE,Combined TRACON& Tower with Radar,59,14,7,0,80,0,4,4,0,8,59,18,11,0,88,0,0,0,88
10/11/2020,BUF,NY,AEA,CE,Combined TRACON& Tower with Radar,64,20,9,0,93,0,4,33,0,37,64,24,42,0,130,0,0,0,130
10/12/2020,BUF,NY,AEA,CE,Combined TRACON& Tower with Radar,74,16,17,0,107,0,2,11,0,13,74,18,28,0,120,0,0,0,120
10/13/2020,BUF,NY,AEA,CE,Combined TRACON& Tower with Radar,59,25,21,2,107,0,6,18,0,24,59,31,39,2,131,0,0,0,131
10/14/2020,BUF,NY,AEA,CE,Combined TRACON& Tower with Radar,59,20,24,8,111,0,4,35,0,39,59,24,59,8,150,0,0,0,150
10/15/2020,BUF,NY,AEA,CE,Combined TRACON& Tower with Radar,72,18,19,0,109,0,0,0,0,0,72,18,19,0,109,0,0,0,109
10/16/2020,BUF,NY,AEA,CE,Combined TRACON& Tower with Radar,72,27,10,10,119,0,2,25,0,27,72,29,35,10,146,0,0,0,146
10/17/2020,BUF,NY,AEA,CE,Combined TRACON& Tower with Radar,51,12,5,0,68,0,4,20,0,24,51,16,25,0,92,0,0,0,92
10/18/2020,BUF,NY,AEA,CE,Combined TRACON& Tower with Radar,65,18,12,0,95,0,3,27,0,30,65,21,39,0,125,0,0,0,125
10/19/2020,BUF,NY,AEA,CE,Combined TRACON& Tower with Radar,68,18,16,0,102,0,0,0,0,0,68,18,16,0,102,0,0,0,102
10/20/2020,BUF,NY,AEA,CE,Combined TRACON& Tower with Radar,59,24,24,0,107,0,0,2,0,2,59,24,26,0,109,0,0,0,109
10/21/2020,BUF,NY,AEA,CE,Combined TRACON& Tower with Radar,52,23,24,0,99,0,1,1,0,2,52,24,25,0,101,0,0,0,101
10/22/2020,BUF,NY,AEA,CE,Combined TRACON& Tower with Radar,75,17,15,0,107,0,0,0,2,2,75,17,15,2,109,0,0,0,109
10/23/2020,BUF,NY,AEA,CE,Combined TRACON& Tower with Radar,72,18,16,0,106,0,5,25,0,30,72,23,41,0,136,0,0,0,136
10/24/2020,BUF,NY,AEA,CE,Combined TRACON& Tower with Radar,53,16,9,0,78,0,1,8,0,9,53,17,17,0,87,0,0,0,87
10/25/2020,BUF,NY,AEA,CE,Combined TRACON& Tower with Radar,65,21,9,0,95,0,5,10,0,15,65,26,19,0,110,0,0,0,110
10/26/2020,BUF,NY,AEA,CE,Combined TRACON& Tower with Radar,68,14,23,18,123,0,0,0,0,0,68,14,23,18,123,0,0,0,123
10/27/2020,BUF,NY,AEA,CE,Combined TRACON& Tower with Radar,55,19,10,12,96,0,4,1,2,7,55,23,11,14,103,0,0,0,103
10/28/2020,BUF,NY,AEA,CE,Combined TRACON& Tower with Radar,53,15,10,1,79,0,0,3,1,4,53,15,13,2,83,0,0,0,83
10/29/2020,BUF,NY,AEA,CE,Combined TRACON& Tower with Radar,74,23,13,2,112,0,4,3,0,7,74,27,16,2,119,0,0,0,119
10/30/2020,BUF,NY,AEA,CE,Combined TRACON& Tower with Radar,72,23,13,0,108,0,4,0,0,4,72,27,13,0,112,0,0,0,112
10/31/2020,BUF,NY,AEA,CE,Combined TRACON& Tower with Radar,45,10,15,0,70,0,5,30,0,35,45,15,45,0,105,0,0,0,105
11/01/2020,BUF,NY,AEA,CE,Combined TRACON& Tower with Radar,60,14,17,0,91,0,0,5,0,5,60,14,22,0,96,0,0,0,96
11/02/2020,BUF,NY,AEA,CE,Combined TRACON& Tower with Radar,67,15,4,0,86,0,1,0,0,1,67,16,4,0,87,0,0,0,87
11/03/2020,BUF,NY,AEA,CE,Combined TRACON& Tower with Radar,56,20,13,1,90,0,4,10,2,16,56,24,23,3,106,0,0,0,106
11/04/2020,BUF,NY,AEA,CE,Combined TRACON& Tower with Radar,55,16,5,0,76,0,7,14,0,21,55,23,19,0,97,0,0,0,97
11/05/2020,BUF,NY,AEA,CE,Combined TRACON& Tower with Radar,81,25,12,0,118,0,4,21,2,27,81,29,33,2,145,0,0,0,145
11/06/2020,BUF,NY,AEA,CE,Combined TRACON& Tower with Radar,77,13,25,0,115,0,2,22,1,25,77,15,47,1,140,0,0,0,140
11/07/2020,BUF,NY,AEA,CE,Combined TRACON& Tower with Radar,54,13,22,0,89,0,2,21,0,23,54,15,43,0,112,0,0,0,112
11/08/2020,BUF,NY,AEA,CE,Combined TRACON& Tower with Radar,70,14,15,0,99,0,2,24,1,27,70,16,39,1,126,0,0,0,126
11/09/2020,BUF,NY,AEA,CE,Combined TRACON& Tower with Radar,72,12,21,0,105,0,8,29,0,37,72,20,50,0,142,0,0,0,142
11/10/2020,BUF,NY,AEA,CE,Combined TRACON& Tower with Radar,56,13,17,6,92,0,8,21,0,29,56,21,38,6,121,0,0,0,121
11/11/2020,BUF,NY,AEA,CE,Combined TRACON& Tower with Radar,55,14,11,0,80,0,4,4,0,8,55,18,15,0,88,0,0,0,88
11/12/2020,BUF,NY,AEA,CE,Combined TRACON& Tower with Radar,78,17,35,0,130,0,8,19,0,27,78,25,54,0,157,0,0,0,157
11/13/2020,BUF,NY,AEA,CE,Combined TRACON& Tower with Radar,77,20,15,0,112,0,5,17,0,22,77,25,32,0,134,0,0,0,134
11/14/2020,BUF,NY,AEA,CE,Combined TRACON& Tower with Radar,56,18,10,0,84,0,5,35,0,40,56,23,45,0,124,0,0,0,124
11/15/2020,BUF,NY,AEA,CE,Combined TRACON& Tower with Radar,65,9,4,4,82,0,2,0,0,2,65,11,4,4,84,0,0,0,84
11/16/2020,BUF,NY,AEA,CE,Combined TRACON& Tower with Radar,78,17,7,2,104,0,2,0,0,2,78,19,7,2,106,0,0,0,106
11/17/2020,BUF,NY,AEA,CE,Combined TRACON& Tower with Radar,62,20,9,4,95,0,0,4,0,4,62,20,13,4,99,0,0,0,99
11/18/2020,BUF,NY,AEA,CE,Combined TRACON& Tower with Radar,57,20,26,4,107,0,1,44,0,45,57,21,70,4,152,0,0,0,152
11/19/2020,BUF,NY,AEA,CE,Combined TRACON& Tower with Radar,87,11,7,2,107,0,5,9,0,14,87,16,16,2,121,0,0,0,121
11/20/2020,BUF,NY,AEA,CE,Combined TRACON& Tower with Radar,82,21,10,0,113,0,1,18,0,19,82,22,28,0,132,0,0,0,132
11/21/2020,BUF,NY,AEA,CE,Combined TRACON& Tower with Radar,70,17,11,0,98,0,11,35,0,46,70,28,46,0,144,0,0,0,144
11/22/2020,BUF,NY,AEA,CE,Combined TRACON& Tower with Radar,76,15,6,0,97,0,2,0,0,2,76,17,6,0,99,0,0,0,99
11/23/2020,BUF,NY,AEA,CE,Combined TRACON& Tower with Radar,75,11,9,5,100,0,2,13,0,15,75,13,22,5,115,0,0,0,115
11/24/2020,BUF,NY,AEA,CE,Combined TRACON& Tower with Radar,90,15,5,2,112,0,5,6,0,11,90,20,11,2,123,0,0,0,123
11/25/2020,BUF,NY,AEA,CE,Combined TRACON& Tower with Radar,87,17,7,0,111,0,6,9,0,15,87,23,16,0,126,0,0,0,126
11/26/2020,BUF,NY,AEA,CE,Combined TRACON& Tower with Radar,40,11,7,0,58,0,2,0,0,2,40,13,7,0,60,0,0,0,60
11/27/2020,BUF,NY,AEA,CE,Combined TRACON& Tower with Radar,67,24,7,0,98,0,3,25,0,28,67,27,32,0,126,0,0,0,126
11/28/2020,BUF,NY,AEA,CE,Combined TRACON& Tower with Radar,79,11,11,0,101,0,7,25,0,32,79,18,36,0,133,0,0,0,133
11/29/2020,BUF,NY,AEA,CE,Combined TRACON& Tower with Radar,89,21,12,0,122,0,3,41,0,44,89,24,53,0,166,0,0,0,166
11/30/2020,BUF,NY,AEA,CE,Combined TRACON& Tower with Radar,82,23,7,0,112,0,0,0,0,0,82,23,7,0,112,0,0,0,112
12/01/2020,BUF,NY,AEA,CE,Combined TRACON& Tower with Radar,72,23,1,0,96,0,0,0,0,0,72,23,1,0,96,0,0,0,96
12/02/2020,BUF,NY,AEA,CE,Combined TRACON& Tower with Radar,61,20,7,0,88,0,4,10,0,14,61,24,17,0,102,0,0,0,102
12/03/2020,BUF,NY,AEA,CE,Combined TRACON& Tower with Radar,72,18,13,0,103,0,1,18,0,19,72,19,31,0,122,0,0,0,122
12/04/2020,BUF,NY,AEA,CE,Combined TRACON& Tower with Radar,65,23,6,2,96,0,3,1,0,4,65,26,7,2,100,0,0,0,100
12/05/2020,BUF,NY,AEA,CE,Combined TRACON& Tower with Radar,50,13,6,0,69,0,0,6,0,6,50,13,12,0,75,0,0,0,75
12/06/2020,BUF,NY,AEA,CE,Combined TRACON& Tower with Radar,59,13,9,0,81,0,2,42,0,44,59,15,51,0,125,0,0,0,125
12/07/2020,BUF,NY,AEA,CE,Combined TRACON& Tower with Radar,58,10,14,4,86,0,8,42,0,50,58,18,56,4,136,0,0,0,136
12/08/2020,BUF,NY,AEA,CE,Combined TRACON& Tower with Radar,59,25,13,0,97,0,2,10,0,12,59,27,23,0,109,0,0,0,109
12/09/2020,BUF,NY,AEA,CE,Combined TRACON& Tower with Radar,51,25,12,0,88,0,0,0,0,0,51,25,12,0,88,0,0,0,88
12/10/2020,BUF,NY,AEA,CE,Combined TRACON& Tower with Radar,69,27,17,2,115,0,0,43,0,43,69,27,60,2,158,0,0,0,158
12/11/2020,BUF,NY,AEA,CE,Combined TRACON& Tower with Radar,63,22,26,0,111,0,6,44,0,50,63,28,70,0,161,0,0,0,161
12/12/2020,BUF,NY,AEA,CE,Combined TRACON& Tower with Radar,54,8,9,0,71,0,0,2,0,2,54,8,11,0,73,0,0,0,73
12/13/2020,BUF,NY,AEA,CE,Combined TRACON& Tower with Radar,58,23,5,0,86,0,2,6,0,8,58,25,11,0,94,0,0,0,94
12/14/2020,BUF,NY,AEA,CE,Combined TRACON& Tower with Radar,61,20,9,0,90,0,1,25,0,26,61,21,34,0,116,0,0,0,116
12/15/2020,BUF,NY,AEA,CE,Combined TRACON& Tower with Radar,59,30,9,0,98,0,5,4,0,9,59,35,13,0,107,0,0,0,107
12/16/2020,BUF,NY,AEA,CE,Combined TRACON& Tower with Radar,53,21,11,0,85,0,10,14,1,25,53,31,25,1,110,0,0,0,110
12/17/2020,BUF,NY,AEA,CE,Combined TRACON& Tower with Radar,70,22,8,2,102,0,2,0,0,2,70,24,8,2,104,0,0,0,104
12/18/2020,BUF,NY,AEA,CE,Combined TRACON& Tower with Radar,83,35,26,0,144,0,2,57,0,59,83,37,83,0,203,0,0,0,203
12/19/2020,BUF,NY,AEA,CE,Combined TRACON& Tower with Radar,83,15,8,0,106,0,4,41,0,45,83,19,49,0,151,0,0,0,151
12/20/2020,BUF,NY,AEA,CE,Combined TRACON& Tower with Radar,81,17,9,0,107,0,0,0,0,0,81,17,9,0,107,0,0,0,107
12/21/2020,BUF,NY,AEA,CE,Combined TRACON& Tower with Radar,81,13,16,0,110,0,7,27,0,34,81,20,43,0,144,0,0,0,144
12/22/2020,BUF,NY,AEA,CE,Combined TRACON& Tower with Radar,88,20,18,0,126,0,10,17,0,27,88,30,35,0,153,0,0,0,153
12/23/2020,BUF,NY,AEA,CE,Combined TRACON& Tower with Radar,95,26,16,0,137,0,3,28,0,31,95,29,44,0,168,0,0,0,168
12/24/2020,BUF,NY,AEA,CE,Combined TRACON& Tower with Radar,65,29,1,0,95,0,0,0,0,0,65,29,1,0,95,0,0,0,95
12/25/2020,BUF,NY,AEA,CE,Combined TRACON& Tower with Radar,43,8,2,0,53,0,0,0,0,0,43,8,2,0,53,0,0,0,53
12/26/2020,BUF,NY,AEA,CE,Combined TRACON& Tower with Radar,35,11,7,0,53,0,0,0,0,0,35,11,7,0,53,0,0,0,53
12/27/2020,BUF,NY,AEA,CE,Combined TRACON& Tower with Radar,85,19,23,0,127,0,2,48,0,50,85,21,71,0,177,0,0,0,177
12/28/2020,BUF,NY,AEA,CE,Combined TRACON& Tower with Radar,79,19,9,0,107,0,4,0,0,4,79,23,9,0,111,0,0,0,111
12/29/2020,BUF,NY,AEA,CE,Combined TRACON& Tower with Radar,85,22,17,2,126,0,20,64,0,84,85,42,81,2,210,0,0,0,210
12/30/2020,BUF,NY,AEA,CE,Combined TRACON& Tower with Radar,80,17,7,0,104,0,10,0,0,10,80,27,7,0,114,0,0,0,114
12/31/2020,BUF,NY,AEA,CE,Combined TRACON& Tower with Radar,63,15,4,0,82,0,4,39,0,43,63,19,43,0,125,0,0,0,125
01/01/2021,BUF,NY,AEA,CE,Combined TRACON& Tower with Radar,49,3,5,0,57,0,2,31,0,33,49,5,36,0,90,0,0,0,90
01/02/2021,BUF,NY,AEA,CE,Combined TRACON& Tower with Radar,73,9,12,0,94,0,0,6,0,6,73,9,18,0,100,0,0,0,100
01/03/2021,BUF,NY,AEA,CE,Combined TRACON& Tower with Radar,83,15,18,0,116,0,1,0,0,1,83,16,18,0,117,0,0,0,117
01/04/2021,BUF,NY,AEA,CE,Combined TRACON& Tower with Radar,76,8,16,0,100,0,2,1,0,3,76,10,17,0,103,0,0,0,103
01/05/2021,BUF,NY,AEA,CE,Combined TRACON& Tower with Radar,69,23,8,0,100,0,2,4,0,6,69,25,12,0,106,0,0,0,106
01/06/2021,BUF,NY,AEA,CE,Combined TRACON& Tower with Radar,62,16,7,0,85,0,0,9,0,9,62,16,16,0,94,0,0,0,94
01/07/2021,BUF,NY,AEA,CE,Combined TRACON& Tower with Radar,60,25,5,0,90,0,3,22,0,25,60,28,27,0,115,0,0,0,115
01/08/2021,BUF,NY,AEA,CE,Combined TRACON& Tower with Radar,56,17,16,0,89,0,0,0,0,0,56,17,16,0,89,0,0,0,89
01/09/2021,BUF,NY,AEA,CE,Combined TRACON& Tower with Radar,49,18,18,0,85,0,4,56,0,60,49,22,74,0,145,0,0,0,145
01/10/2021,BUF,NY,AEA,CE,Combined TRACON& Tower with Radar,47,14,22,0,83,0,2,3,0,5,47,16,25,0,88,0,0,0,88
01/11/2021,BUF,NY,AEA,CE,Combined TRACON& Tower with Radar,50,23,15,0,88,0,0,9,0,9,50,23,24,0,97,0,0,0,97
01/12/2021,BUF,NY,AEA,CE,Combined TRACON& Tower with Radar,54,16,11,0,81,0,0,4,0,4,54,16,15,0,85,0,0,0,85
01/13/2021,BUF,NY,AEA,CE,Combined TRACON& Tower with Radar,56,30,22,4,112,0,0,11,1,12,56,30,33,5,124,0,0,0,124
01/14/2021,BUF,NY,AEA,CE,Combined TRACON& Tower with Radar,62,17,4,0,83,0,2,3,1,6,62,19,7,1,89,0,0,0,89
01/15/2021,BUF,NY,AEA,CE,Combined TRACON& Tower with Radar,58,27,13,2,100,0,2,14,0,16,58,29,27,2,116,0,0,0,116
01/16/2021,BUF,NY,AEA,CE,Combined TRACON& Tower with Radar,47,16,10,0,73,0,9,11,0,20,47,25,21,0,93,0,0,0,93
01/17/2021,BUF,NY,AEA,CE,Combined TRACON& Tower with Radar,49,15,7,0,71,0,0,20,0,20,49,15,27,0,91,0,0,0,91
01/18/2021,BUF,NY,AEA,CE,Combined TRACON& Tower with Radar,49,18,9,0,76,0,3,0,0,3,49,21,9,0,79,0,0,0,79
01/19/2021,BUF,NY,AEA,CE,Combined TRACON& Tower with Radar,58,10,11,2,81,0,0,1,0,1,58,10,12,2,82,0,0,0,82
01/20/2021,BUF,NY,AEA,CE,Combined TRACON& Tower with Radar,56,20,14,0,90,0,4,8,0,12,56,24,22,0,102,0,0,0,102
01/21/2021,BUF,NY,AEA,CE,Combined TRACON& Tower with Radar,63,23,2,0,88,0,2,0,0,2,63,25,2,0,90,0,0,0,90
01/22/2021,BUF,NY,AEA,CE,Combined TRACON& Tower with Radar,57,22,8,0,87,0,2,0,0,2,57,24,8,0,89,0,0,0,89
01/23/2021,BUF,NY,AEA,CE,Combined TRACON& Tower with Radar,53,16,18,0,87,0,6,18,0,24,53,22,36,0,111,0,0,0,111
01/24/2021,BUF,NY,AEA,CE,Combined TRACON& Tower with Radar,49,24,18,0,91,0,1,16,1,18,49,25,34,1,109,0,0,0,109
01/25/2021,BUF,NY,AEA,CE,Combined TRACON& Tower with Radar,56,34,23,2,115,0,2,22,4,28,56,36,45,6,143,0,0,0,143
01/26/2021,BUF,NY,AEA,CE,Combined TRACON& Tower with Radar,54,19,13,0,86,0,0,0,0,0,54,19,13,0,86,0,0,0,86
01/27/2021,BUF,NY,AEA,CE,Combined TRACON& Tower with Radar,55,22,14,0,91,0,6,3,0,9,55,28,17,0,100,0,0,0,100
01/28/2021,BUF,NY,AEA,CE,Combined TRACON& Tower with Radar,63,20,9,0,92,0,10,0,0,10,63,30,9,0,102,0,0,0,102
01/29/2021,BUF,NY,AEA,CE,Combined TRACON& Tower with Radar,59,24,8,0,91,0,0,0,0,0,59,24,8,0,91,0,0,0,91
01/30/2021,BUF,NY,AEA,CE,Combined TRACON& Tower with Radar,47,16,6,0,69,0,2,9,0,11,47,18,15,0,80,0,0,0,80
01/31/2021,BUF,NY,AEA,CE,Combined TRACON& Tower with Radar,43,21,11,0,75,0,0,15,0,15,43,21,26,0,90,0,0,0,90
02/01/2021,BUF,NY,AEA,CE,Combined TRACON& Tower with Radar,38,21,3,0,62,0,0,0,0,0,38,21,3,0,62,0,0,0,62
02/02/2021,BUF,NY,AEA,CE,Combined TRACON& Tower with Radar,53,16,8,2,79,0,2,2,0,4,53,18,10,2,83,0,0,0,83
02/03/2021,BUF,NY,AEA,CE,Combined TRACON& Tower with Radar,56,18,23,0,97,0,4,29,2,35,56,22,52,2,132,0,0,0,132
02/04/2021,BUF,NY,AEA,CE,Combined TRACON& Tower with Radar,59,24,14,0,97,0,5,21,0,26,59,29,35,0,123,0,0,0,123
02/05/2021,BUF,NY,AEA,CE,Combined TRACON& Tower with Radar,45,18,1,0,64,0,0,0,0,0,45,18,1,0,64,0,0,0,64
02/06/2021,BUF,NY,AEA,CE,Combined TRACON& Tower with Radar,41,11,2,0,54,0,0,0,0,0,41,11,2,0,54,0,0,0,54
02/07/2021,BUF,NY,AEA,CE,Combined TRACON& Tower with Radar,46,22,7,0,75,0,0,5,0,5,46,22,12,0,80,0,0,0,80
02/08/2021,BUF,NY,AEA,CE,Combined TRACON& Tower with Radar,51,26,13,0,90,0,3,5,0,8,51,29,18,0,98,0,0,0,98
02/09/2021,BUF,NY,AEA,CE,Combined TRACON& Tower with Radar,54,17,7,0,78,0,0,1,0,1,54,17,8,0,79,0,0,0,79
02/10/2021,BUF,NY,AEA,CE,Combined TRACON& Tower with Radar,57,17,18,2,94,0,5,28,2,35,57,22,46,4,129,0,0,0,129
02/11/2021,BUF,NY,AEA,CE,Combined TRACON& Tower with Radar,62,22,8,2,94,0,4,5,0,9,62,26,13,2,103,0,0,0,103
02/12/2021,BUF,NY,AEA,CE,Combined TRACON& Tower with Radar,69,27,8,0,104,0,6,12,0,18,69,33,20,0,122,0,0,0,122
02/13/2021,BUF,NY,AEA,CE,Combined TRACON& Tower with Radar,58,19,8,0,85,0,2,15,0,17,58,21,23,0,102,0,0,0,102
02/14/2021,BUF,NY,AEA,CE,Combined TRACON& Tower with Radar,56,21,4,0,81,0,4,4,0,8,56,25,8,0,89,0,0,0,89
02/15/2021,BUF,NY,AEA,CE,Combined TRACON& Tower with Radar,48,22,7,0,77,0,0,0,0,0,48,22,7,0,77,0,0,0,77
02/16/2021,BUF,NY,AEA,CE,Combined TRACON& Tower with Radar,44,14,5,0,63,0,0,0,0,0,44,14,5,0,63,0,0,0,63
02/17/2021,BUF,NY,AEA,CE,Combined TRACON& Tower with Radar,56,24,12,0,92,0,4,18,0,22,56,28,30,0,114,0,0,0,114
02/18/2021,BUF,NY,AEA,CE,Combined TRACON& Tower with Radar,51,20,9,0,80,0,0,7,0,7,51,20,16,0,87,0,0,0,87
02/19/2021,BUF,NY,AEA,CE,Combined TRACON& Tower with Radar,54,23,17,0,94,0,1,0,0,1,54,24,17,0,95,0,0,0,95
02/20/2021,BUF,NY,AEA,CE,Combined TRACON& Tower with Radar,55,18,11,0,84,0,0,3,0,3,55,18,14,0,87,0,0,0,87
02/21/2021,BUF,NY,AEA,CE,Combined TRACON& Tower with Radar,55,27,18,0,100,0,0,17,0,17,55,27,35,0,117,0,0,0,117
02/22/2021,BUF,NY,AEA,CE,Combined TRACON& Tower with Radar,55,23,8,0,86,0,0,0,0,0,55,23,8,0,86,0,0,0,86
02/23/2021,BUF,NY,AEA,CE,Combined TRACON& Tower with Radar,54,14,7,0,75,0,1,0,0,1,54,15,7,0,76,0,0,0,76
02/24/2021,BUF,NY,AEA,CE,Combined TRACON& Tower with Radar,62,23,17,0,102,0,4,15,0,19,62,27,32,0,121,0,0,0,121
02/25/2021,BUF,NY,AEA,CE,Combined TRACON& Tower with Radar,65,33,7,0,105,0,5,17,0,22,65,38,24,0,127,0,0,0,127
02/26/2021,BUF,NY,AEA,CE,Combined TRACON& Tower with Radar,61,39,12,0,112,0,4,33,0,37,61,43,45,0,149,0,0,0,149
02/27/2021,BUF,NY,AEA,CE,Combined TRACON& Tower with Radar,57,17,6,0,80,0,1,0,0,1,57,18,6,0,81,0,0,0,81
02/28/2021,BUF,NY,AEA,CE,Combined TRACON& Tower with Radar,54,23,16,0,93,0,1,4,0,5,54,24,20,0,98,0,0,0,98
03/01/2021,BUF,NY,AEA,CE,Combined TRACON& Tower with Radar,61,22,12,0,95,0,0,4,0,4,61,22,16,0,99,0,0,0,99
03/02/2021,BUF,NY,AEA,CE,Combined TRACON& Tower with Radar,53,23,16,0,92,0,7,26,0,33,53,30,42,0,125,0,0,0,125
03/03/2021,BUF,NY,AEA,CE,Combined TRACON& Tower with Radar,52,21,10,0,83,0,11,12,0,23,52,32,22,0,106,0,0,0,106
03/04/2021,BUF,NY,AEA,CE,Combined TRACON& Tower with Radar,60,32,10,0,102,0,3,10,0,13,60,35,20,0,115,0,0,0,115
03/05/2021,BUF,NY,AEA,CE,Combined TRACON& Tower with Radar,53,43,17,0,113,0,2,4,0,6,53,45,21,0,119,0,0,0,119
03/06/2021,BUF,NY,AEA,CE,Combined TRACON& Tower with Radar,51,30,3,0,84,0,0,10,0,10,51,30,13,0,94,0,0,0,94
03/07/2021,BUF,NY,AEA,CE,Combined TRACON& Tower with Radar,60,32,18,0,110,0,4,19,0,23,60,36,37,0,133,0,0,0,133
03/08/2021,BUF,NY,AEA,CE,Combined TRACON& Tower with Radar,68,25,21,0,114,0,9,18,0,27,68,34,39,0,141,0,0,0,141
03/09/2021,BUF,NY,AEA,CE,Combined TRACON& Tower with Radar,57,19,11,0,87,0,4,29,2,35,57,23,40,2,122,0,0,0,122
03/10/2021,BUF,NY,AEA,CE,Combined TRACON& Tower with Radar,60,28,14,2,104,0,3,8,0,11,60,31,22,2,115,0,0,0,115
03/11/2021,BUF,NY,AEA,CE,Combined TRACON& Tower with Radar,64,36,13,2,115,0,1,0,0,1,64,37,13,2,116,0,0,0,116
03/12/2021,BUF,NY,AEA,CE,Combined TRACON& Tower with Radar,63,27,12,1,103,0,11,6,1,18,63,38,18,2,121,0,0,0,121
03/13/2021,BUF,NY,AEA,CE,Combined TRACON& Tower with Radar,55,24,13,0,92,0,5,25,0,30,55,29,38,0,122,0,0,0,122
03/14/2021,BUF,NY,AEA,CE,Combined TRACON& Tower with Radar,52,30,8,0,90,0,5,5,0,10,52,35,13,0,100,0,0,0,100
03/15/2021,BUF,NY,AEA,CE,Combined TRACON& Tower with Radar,56,41,16,0,113,0,4,9,0,13,56,45,25,0,126,0,0,0,126
03/16/2021,BUF,NY,AEA,CE,Combined TRACON& Tower with Radar,65,26,11,0,102,0,6,1,1,8,65,32,12,1,110,0,0,0,110
03/17/2021,BUF,NY,AEA,CE,Combined TRACON& Tower with Radar,63,31,22,0,116,0,2,14,1,17,63,33,36,1,133,0,0,0,133
03/18/2021,BUF,NY,AEA,CE,Combined TRACON& Tower with Radar,66,34,7,0,107,0,0,0,0,0,66,34,7,0,107,0,0,0,107
03/19/2021,BUF,NY,AEA,CE,Combined TRACON& Tower with Radar,63,36,26,0,125,0,4,13,0,17,63,40,39,0,142,0,0,0,142
03/20/2021,BUF,NY,AEA,CE,Combined TRACON& Tower with Radar,54,28,12,0,94,0,4,27,0,31,54,32,39,0,125,0,0,0,125
03/21/2021,BUF,NY,AEA,CE,Combined TRACON& Tower with Radar,53,27,21,0,101,0,3,35,1,39,53,30,56,1,140,0,0,0,140
03/22/2021,BUF,NY,AEA,CE,Combined TRACON& Tower with Radar,61,31,14,0,106,0,5,22,0,27,61,36,36,0,133,0,0,0,133
03/23/2021,BUF,NY,AEA,CE,Combined TRACON& Tower with Radar,65,27,27,0,119,0,8,27,0,35,65,35,54,0,154,0,0,0,154
03/24/2021,BUF,NY,AEA,CE,Combined TRACON& Tower with Radar,67,27,29,2,125,0,5,8,0,13,67,32,37,2,138,0,0,0,138
03/25/2021,BUF,NY,AEA,CE,Combined TRACON& Tower with Radar,72,37,11,1,121,0,5,10,3,18,72,42,21,4,139,0,0,0,139
03/26/2021,BUF,NY,AEA,CE,Combined TRACON& Tower with Radar,68,41,6,0,115,0,0,0,0,0,68,41,6,0,115,0,0,0,115
03/27/2021,BUF,NY,AEA,CE,Combined TRACON& Tower with Radar,63,22,8,0,93,0,1,0,0,1,63,23,8,0,94,0,0,0,94
03/28/2021,BUF,NY,AEA,CE,Combined TRACON& Tower with Radar,64,29,13,0,106,0,2,0,0,2,64,31,13,0,108,0,0,0,108
03/29/2021,BUF,NY,AEA,CE,Combined TRACON& Tower with Radar,66,29,7,4,106,0,0,9,0,9,66,29,16,4,115,0,0,0,115
03/30/2021,BUF,NY,AEA,CE,Combined TRACON& Tower with Radar,66,30,19,0,115,0,2,11,2,15,66,32,30,2,130,0,0,0,130
03/31/2021,BUF,NY,AEA,CE,Combined TRACON& Tower with Radar,75,32,20,0,127,0,3,1,1,5,75,35,21,1,132,0,0,0,132
04/01/2021,BUF,NY,AEA,CE,Combined TRACON& Tower with Radar,80,46,12,2,140,0,2,5,1,8,80,48,17,3,148,0,0,0,148
04/02/2021,BUF,NY,AEA,CE,Combined TRACON& Tower with Radar,74,33,15,1,123,0,2,16,1,19,74,35,31,2,142,0,0,0,142
04/03/2021,BUF,NY,AEA,CE,Combined TRACON& Tower with Radar,66,35,13,0,114,0,2,9,0,11,66,37,22,0,125,0,0,0,125
04/04/2021,BUF,NY,AEA,CE,Combined TRACON& Tower with Radar,65,30,15,0,110,0,5,8,0,13,65,35,23,0,123,0,0,0,123
04/05/2021,BUF,NY,AEA,CE,Combined TRACON& Tower with Radar,69,25,18,0,112,0,7,9,2,18,69,32,27,2,130,0,0,0,130
04/06/2021,BUF,NY,AEA,CE,Combined TRACON& Tower with Radar,72,25,11,0,108,0,7,17,3,27,72,32,28,3,135,0,0,0,135
04/07/2021,BUF,NY,AEA,CE,Combined TRACON& Tower with Radar,73,31,12,0,116,0,13,8,2,23,73,44,20,2,139,0,0,0,139
04/08/2021,BUF,NY,AEA,CE,Combined TRACON& Tower with Radar,86,35,10,0,131,0,4,19,0,23,86,39,29,0,154,0,0,0,154
04/09/2021,BUF,NY,AEA,CE,Combined TRACON& Tower with Radar,83,27,15,0,125,0,4,8,0,12,83,31,23,0,137,0,0,0,137
04/10/2021,BUF,NY,AEA,CE,Combined TRACON& Tower with Radar,81,35,16,0,132,0,7,22,0,29,81,42,38,0,161,0,0,0,161
04/11/2021,BUF,NY,AEA,CE,Combined TRACON& Tower with Radar,69,31,22,0,122,0,0,2,0,2,69,31,24,0,124,0,0,0,124
04/12/2021,BUF,NY,AEA,CE,Combined TRACON& Tower with Radar,82,29,23,1,135,0,0,0,0,0,82,29,23,1,135,0,0,0,135
04/13/2021,BUF,NY,AEA,CE,Combined TRACON& Tower with Radar,76,25,26,0,127,0,0,8,2,10,76,25,34,2,137,0,0,0,137
04/14/2021,BUF,NY,AEA,CE,Combined TRACON& Tower with Radar,70,20,26,0,116,0,8,28,2,38,70,28,54,2,154,0,0,0,154
04/15/2021,BUF,NY,AEA,CE,Combined TRACON& Tower with Radar,87,33,16,0,136,0,3,1,1,5,87,36,17,1,141,0,0,0,141
04/16/2021,BUF,NY,AEA,CE,Combined TRACON& Tower with Radar,87,35,9,0,131,0,0,1,1,2,87,35,10,1,133,0,0,0,133
04/17/2021,BUF,NY,AEA,CE,Combined TRACON& Tower with Radar,62,20,12,0,94,0,4,7,0,11,62,24,19,0,105,0,0,0,105
04/18/2021,BUF,NY,AEA,CE,Combined TRACON& Tower with Radar,78,26,12,0,116,0,6,13,0,19,78,32,25,0,135,0,0,0,135
04/19/2021,BUF,NY,AEA,CE,Combined TRACON& Tower with Radar,82,29,14,4,129,0,5,17,2,24,82,34,31,6,153,0,0,0,153
04/20/2021,BUF,NY,AEA,CE,Combined TRACON& Tower with Radar,69,20,22,0,111,0,4,12,0,16,69,24,34,0,127,0,0,0,127
04/21/2021,BUF,NY,AEA,CE,Combined TRACON& Tower with Radar,68,19,9,0,96,0,2,1,0,3,68,21,10,0,99,0,0,0,99
04/22/2021,BUF,NY,AEA,CE,Combined TRACON& Tower with Radar,86,37,19,0,142,0,13,7,0,20,86,50,26,0,162,0,0,0,162
04/23/2021,BUF,NY,AEA,CE,Combined TRACON& Tower with Radar,81,30,13,0,124,0,19,21,0,40,81,49,34,0,164,0,0,0,164
04/24/2021,BUF,NY,AEA,CE,Combined TRACON& Tower with Radar,62,25,18,0,105,0,10,34,0,44,62,35,52,0,149,0,0,0,149
04/25/2021,BUF,NY,AEA,CE,Combined TRACON& Tower with Radar,77,33,17,0,127,0,0,3,0,3,77,33,20,0,130,0,0,0,130
04/26/2021,BUF,NY,AEA,CE,Combined TRACON& Tower with Radar,82,27,10,2,121,0,12,20,0,32,82,39,30,2,153,0,0,0,153
04/27/2021,BUF,NY,AEA,CE,Combined TRACON& Tower with Radar,71,25,11,2,109,0,7,23,0,30,71,32,34,2,139,0,0,0,139
04/28/2021,BUF,NY,AEA,CE,Combined TRACON& Tower with Radar,69,22,17,0,108,0,2,6,0,8,69,24,23,0,116,0,0,0,116
04/29/2021,BUF,NY,AEA,CE,Combined TRACON& Tower with Radar,93,43,21,0,157,0,0,0,0,0,93,43,21,0,157,0,0,0,157
04/30/2021,BUF,NY,AEA,CE,Combined TRACON& Tower with Radar,83,28,39,0,150,0,8,2,0,10,83,36,41,0,160,0,0,0,160
05/01/2021,BUF,NY,AEA,CE,Combined TRACON& Tower with Radar,62,26,27,0,115,0,4,35,0,39,62,30,62,0,154,0,0,0,154
05/02/2021,BUF,NY,AEA,CE,Combined TRACON& Tower with Radar,88,27,21,0,136,0,3,8,0,11,88,30,29,0,147,0,0,0,147
05/03/2021,BUF,NY,AEA,CE,Combined TRACON& Tower with Radar,79,38,18,0,135,0,6,1,0,7,79,44,19,0,142,0,0,0,142
05/04/2021,BUF,NY,AEA,CE,Combined TRACON& Tower with Radar,70,35,13,0,118,0,0,0,0,0,70,35,13,0,118,0,0,0,118
05/05/2021,BUF,NY,AEA,CE,Combined TRACON& Tower with Radar,74,29,16,0,119,0,4,6,0,10,74,33,22,0,129,0,0,0,129
05/06/2021,BUF,NY,AEA,CE,Combined TRACON& Tower with Radar,97,32,18,0,147,0,6,26,0,32,97,38,44,0,179,0,0,0,179
05/07/2021,BUF,NY,AEA,CE,Combined TRACON& Tower with Radar,91,35,11,0,137,0,0,0,0,0,91,35,11,0,137,0,0,0,137
05/08/2021,BUF,NY,AEA,CE,Combined TRACON& Tower with Radar,77,34,22,0,133,0,0,13,0,13,77,34,35,0,146,0,0,0,146
05/09/2021,BUF,NY,AEA,CE,Combined TRACON& Tower with Radar,86,28,16,0,130,0,0,11,0,11,86,28,27,0,141,0,0,0,141
05/10/2021,BUF,NY,AEA,CE,Combined TRACON& Tower with Radar,87,25,20,0,132,0,0,32,0,32,87,25,52,0,164,0,0,0,164
05/11/2021,BUF,NY,AEA,CE,Combined TRACON& Tower with Radar,85,19,21,0,125,0,2,12,0,14,85,21,33,0,139,0,0,0,139
05/12/2021,BUF,NY,AEA,CE,Combined TRACON& Tower with Radar,85,34,21,1,141,0,11,23,0,34,85,45,44,1,175,0,0,0,175
05/13/2021,BUF,NY,AEA,CE,Combined TRACON& Tower with Radar,99,22,10,0,131,0,5,18,0,23,99,27,28,0,154,0,0,0,154
05/14/2021,BUF,NY,AEA,CE,Combined TRACON& Tower with Radar,94,21,16,0,131,0,9,24,2,35,94,30,40,2,166,0,0,0,166
05/15/2021,BUF,NY,AEA,CE,Combined TRACON& Tower with Radar,78,25,20,0,123,1,2,29,0,32,79,27,49,0,155,0,0,0,155
05/16/2021,BUF,NY,AEA,CE,Combined TRACON& Tower with Radar,86,31,18,0,135,0,9,20,0,29,86,40,38,0,164,0,0,0,164
05/17/2021,BUF,NY,AEA,CE,Combined TRACON& Tower with Radar,92,21,18,0,131,0,9,30,0,39,92,30,48,0,170,0,0,0,170
05/18/2021,BUF,NY,AEA,CE,Combined TRACON& Tower with Radar,84,35,17,0,136,0,12,27,0,39,84,47,44,0,175,0,0,0,175
05/19/2021,BUF,NY,AEA,CE,Combined TRACON& Tower with Radar,90,35,15,2,142,0,5,35,0,40,90,40,50,2,182,0,0,0,182
05/20/2021,BUF,NY,AEA,CE,Combined TRACON& Tower with Radar,98,38,21,0,157,0,15,22,0,37,98,53,43,0,194,0,0,0,194
05/21/2021,BUF,NY,AEA,CE,Combined TRACON& Tower with Radar,94,28,18,0,140,0,8,22,0,30,94,36,40,0,170,0,0,0,170
05/22/2021,BUF,NY,AEA,CE,Combined TRACON& Tower with Radar,77,25,11,0,113,0,0,13,0,13,77,25,24,0,126,0,0,0,126
05/23/2021,BUF,NY,AEA,CE,Combined TRACON& Tower with Radar,86,37,14,0,137,0,6,10,0,16,86,43,24,0,153,0,0,0,153
05/24/2021,BUF,NY,AEA,CE,Combined TRACON& Tower with Radar,91,19,15,0,125,0,13,36,0,49,91,32,51,0,174,0,0,0,174
05/25/2021,BUF,NY,AEA,CE,Combined TRACON& Tower with Radar,85,25,21,0,131,0,20,25,0,45,85,45,46,0,176,0,0,0,176
05/26/2021,BUF,NY,AEA,CE,Combined TRACON& Tower with Radar,84,33,23,6,146,0,5,1,0,6,84,38,24,6,152,0,0,0,152
05/27/2021,BUF,NY,AEA,CE,Combined TRACON& Tower with Radar,102,28,25,0,155,0,6,36,0,42,102,34,61,0,197,0,0,0,197
05/28/2021,BUF,NY,AEA,CE,Combined TRACON& Tower with Radar,93,29,17,1,140,0,2,0,0,2,93,31,17,1,142,0,0,0,142
05/29/2021,BUF,NY,AEA,CE,Combined TRACON& Tower with Radar,70,20,19,0,109,0,2,27,0,29,70,22,46,0,138,0,0,0,138
05/30/2021,BUF,NY,AEA,CE,Combined TRACON& Tower with Radar,80,32,18,0,130,0,5,30,0,35,80,37,48,0,165,0,0,0,165
05/31/2021,BUF,NY,AEA,CE,Combined TRACON& Tower with Radar,81,25,17,0,123,0,7,27,2,36,81,32,44,2,159,0,0,0,159
06/01/2021,BUF,NY,AEA,CE,Combined TRACON& Tower with Radar,82,22,23,0,127,0,11,24,2,37,82,33,47,2,164,0,0,0,164
06/02/2021,BUF,NY,AEA,CE,Combined TRACON& Tower with Radar,89,37,25,0,151,0,4,16,0,20,89,41,41,0,171,0,0,0,171
06/03/2021,BUF,NY,AEA,CE,Combined TRACON& Tower with Radar,104,36,28,0,168,0,1,1,0,2,104,37,29,0,170,0,0,0,170
06/04/2021,BUF,NY,AEA,CE,Combined TRACON& Tower with Radar,103,35,12,8,158,0,1,27,0,28,103,36,39,8,186,0,0,0,186
06/05/2021,BUF,NY,AEA,CE,Combined TRACON& Tower with Radar,86,38,12,0,136,0,6,16,1,23,86,44,28,1,159,0,0,0,159
06/06/2021,BUF,NY,AEA,CE,Combined TRACON& Tower with Radar,103,34,22,0,159,0,6,19,2,27,103,40,41,2,186,0,0,0,186
06/07/2021,BUF,NY,AEA,CE,Combined TRACON& Tower with Radar,100,30,19,0,149,0,4,18,0,22,100,34,37,0,171,0,0,0,171
06/08/2021,BUF,NY,AEA,CE,Combined TRACON& Tower with Radar,100,36,16,0,152,0,2,2,0,4,100,38,18,0,156,0,0,0,156
06/09/2021,BUF,NY,AEA,CE,Combined TRACON& Tower with Radar,101,34,12,5,152,0,5,6,5,16,101,39,18,10,168,0,0,0,168
06/10/2021,BUF,NY,AEA,CE,Combined TRACON& Tower with Radar,107,37,20,10,174,0,7,29,0,36,107,44,49,10,210,0,0,0,210
06/11/2021,BUF,NY,AEA,CE,Combined TRACON& Tower with Radar,104,29,13,2,148,0,4,22,0,26,104,33,35,2,174,0,0,0,174
06/12/2021,BUF,NY,AEA,CE,Combined TRACON& Tower with Radar,99,38,16,0,153,0,3,23,0,26,99,41,39,0,179,0,0,0,179
06/13/2021,BUF,NY,AEA,CE,Combined TRACON& Tower with Radar,94,36,26,0,156,0,4,19,0,23,94,40,45,0,179,0,0,0,179
06/14/2021,BUF,NY,AEA,CE,Combined TRACON& Tower with Radar,100,36,12,0,148,0,11,8,2,21,100,47,20,2,169,0,0,0,169
06/15/2021,BUF,NY,AEA,CE,Combined TRACON& Tower with Radar,109,43,32,4,188,0,2,17,0,19,109,45,49,4,207,0,0,0,207
06/16/2021,BUF,NY,AEA,CE,Combined TRACON& Tower with Radar,105,41,32,0,178,0,13,25,0,38,105,54,57,0,216,0,0,0,216
06/17/2021,BUF,NY,AEA,CE,Combined TRACON& Tower with Radar,108,43,21,2,174,0,6,32,10,48,108,49,53,12,222,0,0,0,222
06/18/2021,BUF,NY,AEA,CE,Combined TRACON& Tower with Radar,103,38,20,6,167,0,4,14,4,22,103,42,34,10,189,0,0,0,189
06/19/2021,BUF,NY,AEA,CE,Combined TRACON& Tower with Radar,101,33,11,1,146,0,5,11,5,21,101,38,22,6,167,0,0,0,167
06/20/2021,BUF,NY,AEA,CE,Combined TRACON& Tower with Radar,89,40,4,0,133,0,6,10,4,20,89,46,14,4,153,0,0,0,153
06/21/2021,BUF,NY,AEA,CE,Combined TRACON& Tower with Radar,102,36,9,1,148,0,4,4,0,8,102,40,13,1,156,0,0,0,156
06/22/2021,BUF,NY,AEA,CE,Combined TRACON& Tower with Radar,108,30,22,0,160,0,2,32,0,34,108,32,54,0,194,0,0,0,194
06/23/2021,BUF,NY,AEA,CE,Combined TRACON& Tower with Radar,106,41,31,0,178,0,4,35,0,39,106,45,66,0,217,0,0,0,217
06/24/2021,BUF,NY,AEA,CE,Combined TRACON& Tower with Radar,109,41,23,0,173,0,10,21,0,31,109,51,44,0,204,0,0,0,204
06/25/2021,BUF,NY,AEA,CE,Combined TRACON& Tower with Radar,103,37,19,0,159,0,1,12,0,13,103,38,31,0,172,0,0,0,172
06/26/2021,BUF,NY,AEA,CE,Combined TRACON& Tower with Radar,96,30,12,0,138,0,1,5,0,6,96,31,17,0,144,0,0,0,144
06/27/2021,BUF,NY,AEA,CE,Combined TRACON& Tower with Radar,95,34,25,0,154,0,2,16,0,18,95,36,41,0,172,0,0,0,172
06/28/2021,BUF,NY,AEA,CE,Combined TRACON& Tower with Radar,99,38,15,0,152,0,2,16,0,18,99,40,31,0,170,0,0,0,170
06/29/2021,BUF,NY,AEA,CE,Combined TRACON& Tower with Radar,102,35,19,6,162,0,2,31,0,33,102,37,50,6,195,0,0,0,195
06/30/2021,BUF,NY,AEA,CE,Combined TRACON& Tower with Radar,106,35,15,2,158,0,12,1,0,13,106,47,16,2,171,0,0,0,171
07/01/2021,BUF,NY,AEA,CE,Combined TRACON& Tower with Radar,109,45,21,0,175,0,6,3,0,9,109,51,24,0,184,0,0,0,184
07/02/2021,BUF,NY,AEA,CE,Combined TRACON& Tower with Radar,106,33,17,0,156,0,5,1,0,6,106,38,18,0,162,0,0,0,162
07/03/2021,BUF,NY,AEA,CE,Combined TRACON& Tower with Radar,101,26,8,0,135,0,14,11,2,27,101,40,19,2,162,0,0,0,162
07/04/2021,BUF,NY,AEA,CE,Combined TRACON& Tower with Radar,86,24,14,0,124,0,4,14,0,18,86,28,28,0,142,0,0,0,142
07/05/2021,BUF,NY,AEA,CE,Combined TRACON& Tower with Radar,98,36,13,0,147,0,1,18,0,19,98,37,31,0,166,0,0,0,166
07/06/2021,BUF,NY,AEA,CE,Combined TRACON& Tower with Radar,104,34,23,1,162,0,4,8,3,15,104,38,31,4,177,0,0,0,177
07/07/2021,BUF,NY,AEA,CE,Combined TRACON& Tower with Radar,103,47,27,2,179,0,1,16,1,18,103,48,43,3,197,0,0,0,197
07/08/2021,BUF,NY,AEA,CE,Combined TRACON& Tower with Radar,107,58,31,2,198,0,0,0,0,0,107,58,31,2,198,0,0,0,198
07/09/2021,BUF,NY,AEA,CE,Combined TRACON& Tower with Radar,102,62,32,0,196,0,0,1,0,1,102,62,33,0,197,0,0,0,197
07/10/2021,BUF,NY,AEA,CE,Combined TRACON& Tower with Radar,104,35,18,0,157,0,1,23,0,24,104,36,41,0,181,0,0,0,181
07/11/2021,BUF,NY,AEA,CE,Combined TRACON& Tower with Radar,101,44,22,0,167,0,4,8,0,12,101,48,30,0,179,0,0,0,179
07/12/2021,BUF,NY,AEA,CE,Combined TRACON& Tower with Radar,97,36,23,3,159,0,4,0,0,4,97,40,23,3,163,0,0,0,163
07/13/2021,BUF,NY,AEA,CE,Combined TRACON& Tower with Radar,109,47,19,0,175,0,4,16,0,20,109,51,35,0,195,0,0,0,195
07/14/2021,BUF,NY,AEA,CE,Combined TRACON& Tower with Radar,102,42,24,0,168,0,4,11,0,15,102,46,35,0,183,0,0,0,183
07/15/2021,BUF,NY,AEA,CE,Combined TRACON& Tower with Radar,113,44,23,0,180,0,5,29,2,36,113,49,52,2,216,0,0,0,216
07/16/2021,BUF,NY,AEA,CE,Combined TRACON& Tower with Radar,109,37,24,0,170,0,2,8,0,10,109,39,32,0,180,0,0,0,180
07/17/2021,BUF,NY,AEA,CE,Combined TRACON& Tower with Radar,97,22,9,0,128,0,0,0,0,0,97,22,9,0,128,0,0,0,128
07/18/2021,BUF,NY,AEA,CE,Combined TRACON& Tower with Radar,91,37,17,0,145,0,2,26,0,28,91,39,43,0,173,0,0,0,173
07/19/2021,BUF,NY,AEA,CE,Combined TRACON& Tower with Radar,105,42,41,2,190,0,0,27,0,27,105,42,68,2,217,0,0,0,217
07/20/2021,BUF,NY,AEA,CE,Combined TRACON& Tower with Radar,104,38,23,0,165,0,4,8,0,12,104,42,31,0,177,0,0,0,177
07/21/2021,BUF,NY,AEA,CE,Combined TRACON& Tower with Radar,110,37,32,3,182,0,4,18,1,23,110,41,50,4,205,0,0,0,205
07/22/2021,BUF,NY,AEA,CE,Combined TRACON& Tower with Radar,110,38,36,0,184,0,7,37,2,46,110,45,73,2,230,0,0,0,230
07/23/2021,BUF,NY,AEA,CE,Combined TRACON& Tower with Radar,103,38,39,1,181,0,10,27,0,37,103,48,66,1,218,0,0,0,218
07/24/2021,BUF,NY,AEA,CE,Combined TRACON& Tower with Radar,99,34,20,0,153,0,5,41,0,46,99,39,61,0,199,0,0,0,199
07/25/2021,BUF,NY,AEA,CE,Combined TRACON& Tower with Radar,95,45,27,0,167,0,6,19,0,25,95,51,46,0,192,0,0,0,192
07/26/2021,BUF,NY,AEA,CE,Combined TRACON& Tower with Radar,102,46,36,0,184,0,12,28,0,40,102,58,64,0,224,0,0,0,224
07/27/2021,BUF,NY,AEA,CE,Combined TRACON& Tower with Radar,102,33,26,2,163,1,0,20,4,25,103,33,46,6,188,0,0,0,188
07/28/2021,BUF,NY,AEA,CE,Combined TRACON& Tower with Radar,108,42,33,2,185,0,4,39,4,47,108,46,72,6,232,0,0,0,232
07/29/2021,BUF,NY,AEA,CE,Combined TRACON& Tower with Radar,104,36,29,2,171,0,13,0,1,14,104,49,29,3,185,0,0,0,185
07/30/2021,BUF,NY,AEA,CE,Combined TRACON& Tower with Radar,107,48,25,0,180,0,12,24,0,36,107,60,49,0,216,0,0,0,216
07/31/2021,BUF,NY,AEA,CE,Combined TRACON& Tower with Radar,98,38,17,0,153,0,9,59,0,68,98,47,76,0,221,0,0,0,221
08/01/2021,BUF,NY,AEA,CE,Combined TRACON& Tower with Radar,96,38,8,0,142,0,3,1,0,4,96,41,9,0,146,0,0,0,146
08/02/2021,BUF,NY,AEA,CE,Combined TRACON& Tower with Radar,102,39,13,2,156,0,13,35,2,50,102,52,48,4,206,0,0,0,206
08/03/2021,BUF,NY,AEA,CE,Combined TRACON& Tower with Radar,105,40,38,0,183,0,16,42,0,58,105,56,80,0,241,0,0,0,241
08/04/2021,BUF,NY,AEA,CE,Combined TRACON& Tower with Radar,111,37,28,0,176,0,7,47,0,54,111,44,75,0,230,0,0,0,230
08/05/2021,BUF,NY,AEA,CE,Combined TRACON& Tower with Radar,113,40,25,0,178,0,12,36,0,48,113,52,61,0,226,0,0,0,226
08/06/2021,BUF,NY,AEA,CE,Combined TRACON& Tower with Radar,98,38,26,0,162,0,9,39,1,49,98,47,65,1,211,0,0,0,211
08/07/2021,BUF,NY,AEA,CE,Combined TRACON& Tower with Radar,100,30,11,10,151,0,5,23,0,28,100,35,34,10,179,0,0,0,179
08/08/2021,BUF,NY,AEA,CE,Combined TRACON& Tower with Radar,93,42,30,0,165,0,3,13,0,16,93,45,43,0,181,0,0,0,181
08/09/2021,BUF,NY,AEA,CE,Combined TRACON& Tower with Radar,104,35,23,6,168,0,6,29,0,35,104,41,52,6,203,0,0,0,203
08/10/2021,BUF,NY,AEA,CE,Combined TRACON& Tower with Radar,102,37,15,0,154,0,4,2,0,6,102,41,17,0,160,0,0,0,160
08/11/2021,BUF,NY,AEA,CE,Combined TRACON& Tower with Radar,99,45,16,0,160,0,2,4,1,7,99,47,20,1,167,0,0,0,167
08/12/2021,BUF,NY,AEA,CE,Combined TRACON& Tower with Radar,109,35,30,0,174,0,1,9,0,10,109,36,39,0,184,0,0,0,184
08/13/2021,BUF,NY,AEA,CE,Combined TRACON& Tower with Radar,104,38,12,2,156,0,9,10,0,19,104,47,22,2,175,0,0,0,175
08/14/2021,BUF,NY,AEA,CE,Combined TRACON& Tower with Radar,102,45,24,0,171,0,7,26,0,33,102,52,50,0,204,0,0,0,204
08/15/2021,BUF,NY,AEA,CE,Combined TRACON& Tower with Radar,96,44,28,0,168,0,5,20,0,25,96,49,48,0,193,0,0,0,193
08/16/2021,BUF,NY,AEA,CE,Combined TRACON& Tower with Radar,114,35,40,0,189,0,8,18,0,26,114,43,58,0,215,0,0,0,215
08/17/2021,BUF,NY,AEA,CE,Combined TRACON& Tower with Radar,103,48,36,0,187,0,8,5,0,13,103,56,41,0,200,0,0,0,200
08/18/2021,BUF,NY,AEA,CE,Combined TRACON& Tower with Radar,109,36,25,0,170,0,1,4,0,5,109,37,29,0,175,0,0,0,175
08/19/2021,BUF,NY,AEA,CE,Combined TRACON& Tower with Radar,117,37,28,3,185,0,3,18,0,21,117,40,46,3,206,0,0,0,206
08/20/2021,BUF,NY,AEA,CE,Combined TRACON& Tower with Radar,108,53,16,0,177,0,8,13,0,21,108,61,29,0,198,0,0,0,198
08/21/2021,BUF,NY,AEA,CE,Combined TRACON& Tower with Radar,99,37,22,0,158,0,1,17,0,18,99,38,39,0,176,0,0,0,176
08/22/2021,BUF,NY,AEA,CE,Combined TRACON& Tower with Radar,96,38,32,0,166,0,3,2,1,6,96,41,34,1,172,0,0,0,172
08/23/2021,BUF,NY,AEA,CE,Combined TRACON& Tower with Radar,108,44,31,0,183,0,7,23,0,30,108,51,54,0,213,0,0,0,213
08/24/2021,BUF,NY,AEA,CE,Combined TRACON& Tower with Radar,100,38,25,1,164,0,16,26,1,43,100,54,51,2,207,0,0,0,207
08/25/2021,BUF,NY,AEA,CE,Combined TRACON& Tower with Radar,106,36,33,0,175,0,6,27,0,33,106,42,60,0,208,0,0,0,208
08/26/2021,BUF,NY,AEA,CE,Combined TRACON& Tower with Radar,109,37,16,0,162,0,1,12,0,13,109,38,28,0,175,0,0,0,175
08/27/2021,BUF,NY,AEA,CE,Combined TRACON& Tower with Radar,101,41,15,1,158,0,5,27,1,33,101,46,42,2,191,0,0,0,191
08/28/2021,BUF,NY,AEA,CE,Combined TRACON& Tower with Radar,101,27,30,0,158,0,3,19,0,22,101,30,49,0,180,0,0,0,180
08/29/2021,BUF,NY,AEA,CE,Combined TRACON& Tower with Radar,95,42,28,0,165,0,5,17,0,22,95,47,45,0,187,0,0,0,187
08/30/2021,BUF,NY,AEA,CE,Combined TRACON& Tower with Radar,106,31,24,0,161,0,0,13,0,13,106,31,37,0,174,0,0,0,174
08/31/2021,BUF,NY,AEA,CE,Combined TRACON& Tower with Radar,104,52,26,0,182,0,7,30,0,37,104,59,56,0,219,0,0,0,219
09/01/2021,BUF,NY,AEA,CE,Combined TRACON& Tower with Radar,107,39,22,0,168,0,5,29,0,34,107,44,51,0,202,0,0,0,202
09/02/2021,BUF,NY,AEA,CE,Combined TRACON& Tower with Radar,115,36,25,0,176,0,8,22,0,30,115,44,47,0,206,0,0,0,206
09/03/2021,BUF,NY,AEA,CE,Combined TRACON& Tower with Radar,107,42,27,2,178,0,9,15,0,24,107,51,42,2,202,0,0,0,202
09/04/2021,BUF,NY,AEA,CE,Combined TRACON& Tower with Radar,97,25,9,0,131,0,15,21,0,36,97,40,30,0,167,0,0,0,167
09/05/2021,BUF,NY,AEA,CE,Combined TRACON& Tower with Radar,88,29,16,0,133,0,3,0,0,3,88,32,16,0,136,0,0,0,136
09/06/2021,BUF,NY,AEA,CE,Combined TRACON& Tower with Radar,95,34,27,0,156,0,14,17,0,31,95,48,44,0,187,0,0,0,187
09/07/2021,BUF,NY,AEA,CE,Combined TRACON& Tower with Radar,94,45,34,0,173,0,7,33,0,40,94,52,67,0,213,0,0,0,213
09/08/2021,BUF,NY,AEA,CE,Combined TRACON& Tower with Radar,99,32,19,1,151,0,3,7,1,11,99,35,26,2,162,0,0,0,162
09/09/2021,BUF,NY,AEA,CE,Combined TRACON& Tower with Radar,115,35,19,0,169,0,6,22,0,28,115,41,41,0,197,0,0,0,197
09/10/2021,BUF,NY,AEA,CE,Combined TRACON& Tower with Radar,114,49,20,0,183,0,3,27,0,30,114,52,47,0,213,0,0,0,213
09/11/2021,BUF,NY,AEA,CE,Combined TRACON& Tower with Radar,100,39,25,2,166,0,15,11,2,28,100,54,36,4,194,0,0,0,194
09/12/2021,BUF,NY,AEA,CE,Combined TRACON& Tower with Radar,101,62,35,0,198,0,3,1,2,6,101,65,36,2,204,0,0,0,204
09/13/2021,BUF,NY,AEA,CE,Combined TRACON& Tower with Radar,107,38,26,2,173,0,6,20,0,26,107,44,46,2,199,0,0,0,199
09/14/2021,BUF,NY,AEA,CE,Combined TRACON& Tower with Radar,106,35,40,2,183,0,2,23,0,25,106,37,63,2,208,0,0,0,208
09/15/2021,BUF,NY,AEA,CE,Combined TRACON& Tower with Radar,95,38,24,0,157,0,4,8,0,12,95,42,32,0,169,0,0,0,169
09/16/2021,BUF,NY,AEA,CE,Combined TRACON& Tower with Radar,116,42,33,0,191,0,10,38,0,48,116,52,71,0,239,0,0,0,239
09/17/2021,BUF,NY,AEA,CE,Combined TRACON& Tower with Radar,113,37,40,0,190,0,1,12,0,13,113,38,52,0,203,0,0,0,203
09/18/2021,BUF,NY,AEA,CE,Combined TRACON& Tower with Radar,103,21,24,6,154,0,7,17,0,24,103,28,41,6,178,0,0,0,178
09/19/2021,BUF,NY,AEA,CE,Combined TRACON& Tower with Radar,105,31,21,4,161,0,10,20,0,30,105,41,41,4,191,0,0,0,191
09/20/2021,BUF,NY,AEA,CE,Combined TRACON& Tower with Radar,108,31,32,0,171,0,14,36,0,50,108,45,68,0,221,0,0,0,221
09/21/2021,BUF,NY,AEA,CE,Combined TRACON& Tower with Radar,102,32,21,1,156,0,4,15,0,19,102,36,36,1,175,0,0,0,175
09/22/2021,BUF,NY,AEA,CE,Combined TRACON& Tower with Radar,98,35,25,1,159,0,4,3,1,8,98,39,28,2,167,0,0,0,167
09/23/2021,BUF,NY,AEA,CE,Combined TRACON& Tower with Radar,114,35,32,0,181,0,2,21,0,23,114,37,53,0,204,0,0,0,204
09/24/2021,BUF,NY,AEA,CE,Combined TRACON& Tower with Radar,117,38,17,1,173,0,6,4,0,10,117,44,21,1,183,0,0,0,183
09/25/2021,BUF,NY,AEA,CE,Combined TRACON& Tower with Radar,100,30,27,0,157,0,2,19,0,21,100,32,46,0,178,0,0,0,178
09/26/2021,BUF,NY,AEA,CE,Combined TRACON& Tower with Radar,111,39,42,4,196,0,2,17,0,19,111,41,59,4,215,0,0,0,215
09/27/2021,BUF,NY,AEA,CE,Combined TRACON& Tower with Radar,114,28,18,0,160,0,2,9,0,11,114,30,27,0,171,0,0,0,171
09/28/2021,BUF,NY,AEA,CE,Combined TRACON& Tower with Radar,101,26,32,0,159,0,8,29,0,37,101,34,61,0,196,0,0,0,196
09/29/2021,BUF,NY,AEA,CE,Combined TRACON& Tower with Radar,99,37,34,2,172,0,11,31,0,42,99,48,65,2,214,0,0,0,214
09/30/2021,BUF,NY,AEA,CE,Combined TRACON& Tower with Radar,116,47,31,0,194,0,10,23,0,33,116,57,54,0,227,0,0,0,227
10/01/2021,BUF,NY,AEA,CE,Combined TRACON& Tower with Radar,121,31,35,2,189,0,8,22,0,30,121,39,57,2,219,0,0,0,219
10/02/2021,BUF,NY,AEA,CE,Combined TRACON& Tower with Radar,106,38,23,0,167,0,9,22,0,31,106,47,45,0,198,0,0,0,198
10/03/2021,BUF,NY,AEA,CE,Combined TRACON& Tower with Radar,111,46,27,0,184,0,0,0,0,0,111,46,27,0,184,0,0,0,184
10/04/2021,BUF,NY,AEA,CE,Combined TRACON& Tower with Radar,121,34,21,1,177,0,1,0,0,1,121,35,21,1,178,0,0,0,178
10/05/2021,BUF,NY,AEA,CE,Combined TRACON& Tower with Radar,110,34,20,5,169,0,0,4,2,6,110,34,24,7,175,0,0,0,175
10/06/2021,BUF,NY,AEA,CE,Combined TRACON& Tower with Radar,106,39,21,4,170,0,7,8,0,15,106,46,29,4,185,0,0,0,185
10/07/2021,BUF,NY,AEA,CE,Combined TRACON& Tower with Radar,125,51,41,0,217,0,5,28,0,33,125,56,69,0,250,0,0,0,250
10/08/2021,BUF,NY,AEA,CE,Combined TRACON& Tower with Radar,113,36,30,0,179,0,2,20,2,24,113,38,50,2,203,0,0,0,203
10/09/2021,BUF,NY,AEA,CE,Combined TRACON& Tower with Radar,101,21,16,0,138,0,4,9,0,13,101,25,25,0,151,0,0,0,151
10/10/2021,BUF,NY,AEA,CE,Combined TRACON& Tower with Radar,96,29,18,0,143,0,3,23,1,27,96,32,41,1,170,0,0,0,170
10/11/2021,BUF,NY,AEA,CE,Combined TRACON& Tower with Radar,115,34,27,1,177,0,4,33,1,38,115,38,60,2,215,0,0,0,215
10/12/2021,BUF,NY,AEA,CE,Combined TRACON& Tower with Radar,116,34,33,2,185,0,5,43,0,48,116,39,76,2,233,0,0,0,233
10/13/2021,BUF,NY,AEA,CE,Combined TRACON& Tower with Radar,113,28,29,17,187,0,9,13,0,22,113,37,42,17,209,0,0,0,209
10/14/2021,BUF,NY,AEA,CE,Combined TRACON& Tower with Radar,125,50,30,2,207,0,4,29,0,33,125,54,59,2,240,0,0,0,240
10/15/2021,BUF,NY,AEA,CE,Combined TRACON& Tower with Radar,124,33,30,2,189,1,0,0,0,1,125,33,30,2,190,0,0,0,190
10/16/2021,BUF,NY,AEA,CE,Combined TRACON& Tower with Radar,109,32,22,0,163,0,0,0,0,0,109,32,22,0,163,0,0,0,163
10/17/2021,BUF,NY,AEA,CE,Combined TRACON& Tower with Radar,113,27,23,2,165,0,5,4,0,9,113,32,27,2,174,0,0,0,174
10/18/2021,BUF,NY,AEA,CE,Combined TRACON& Tower with Radar,121,27,30,0,178,0,6,48,0,54,121,33,78,0,232,0,0,0,232
10/19/2021,BUF,NY,AEA,CE,Combined TRACON& Tower with Radar,119,54,30,2,205,0,3,31,1,35,119,57,61,3,240,0,0,0,240
10/20/2021,BUF,NY,AEA,CE,Combined TRACON& Tower with Radar,113,35,24,6,178,0,8,43,0,51,113,43,67,6,229,0,0,0,229
10/21/2021,BUF,NY,AEA,CE,Combined TRACON& Tower with Radar,123,43,34,0,200,0,3,10,0,13,123,46,44,0,213,0,0,0,213
10/22/2021,BUF,NY,AEA,CE,Combined TRACON& Tower with Radar,127,42,30,1,200,1,4,31,0,36,128,46,61,1,236,0,0,0,236
10/23/2021,BUF,NY,AEA,CE,Combined TRACON& Tower with Radar,104,37,17,0,158,0,0,26,0,26,104,37,43,0,184,0,0,0,184
10/24/2021,BUF,NY,AEA,CE,Combined TRACON& Tower with Radar,113,41,35,0,189,0,2,39,0,41,113,43,74,0,230,0,0,0,230
10/25/2021,BUF,NY,AEA,CE,Combined TRACON& Tower with Radar,113,37,10,3,163,0,0,0,0,0,113,37,10,3,163,0,0,0,163
10/26/2021,BUF,NY,AEA,CE,Combined TRACON& Tower with Radar,118,37,28,0,183,0,0,0,0,0,118,37,28,0,183,0,0,0,183
10/27/2021,BUF,NY,AEA,CE,Combined TRACON& Tower with Radar,114,41,34,10,199,0,3,51,0,54,114,44,85,10,253,0,0,0,253
10/28/2021,BUF,NY,AEA,CE,Combined TRACON& Tower with Radar,126,32,28,12,198,0,7,43,0,50,126,39,71,12,248,0,0,0,248
10/29/2021,BUF,NY,AEA,CE,Combined TRACON& Tower with Radar,120,39,24,0,183,0,0,26,0,26,120,39,50,0,209,0,0,0,209
10/30/2021,BUF,NY,AEA,CE,Combined TRACON& Tower with Radar,103,34,22,0,159,0,1,0,0,1,103,35,22,0,160,0,0,0,160
10/31/2021,BUF,NY,AEA,CE,Combined TRACON& Tower with Radar,89,37,29,0,155,0,0,9,0,9,89,37,38,0,164,0,0,0,164
11/01/2021,BUF,NY,AEA,CE,Combined TRACON& Tower with Radar,104,32,23,0,159,0,10,35,0,45,104,42,58,0,204,0,0,0,204
11/02/2021,BUF,NY,AEA,CE,Combined TRACON& Tower with Radar,114,37,15,0,166,0,5,15,2,22,114,42,30,2,188,0,0,0,188
11/03/2021,BUF,NY,AEA,CE,Combined TRACON& Tower with Radar,110,34,29,12,185,0,2,26,0,28,110,36,55,12,213,0,0,0,213
11/04/2021,BUF,NY,AEA,CE,Combined TRACON& Tower with Radar,120,37,35,0,192,0,6,15,0,21,120,43,50,0,213,0,0,0,213
11/05/2021,BUF,NY,AEA,CE,Combined TRACON& Tower with Radar,122,32,21,0,175,0,5,43,5,53,122,37,64,5,228,0,0,0,228
11/06/2021,BUF,NY,AEA,CE,Combined TRACON& Tower with Radar,99,28,26,0,153,0,19,33,0,52,99,47,59,0,205,0,0,0,205
11/07/2021,BUF,NY,AEA,CE,Combined TRACON& Tower with Radar,111,33,15,6,165,0,4,26,4,34,111,37,41,10,199,0,0,0,199
11/08/2021,BUF,NY,AEA,CE,Combined TRACON& Tower with Radar,116,34,28,2,180,0,2,33,0,35,116,36,61,2,215,0,0,0,215
11/09/2021,BUF,NY,AEA,CE,Combined TRACON& Tower with Radar,116,41,19,0,176,0,5,19,0,24,116,46,38,0,200,0,0,0,200
11/10/2021,BUF,NY,AEA,CE,Combined TRACON& Tower with Radar,108,44,14,0,166,0,6,16,0,22,108,50,30,0,188,0,0,0,188
11/11/2021,BUF,NY,AEA,CE,Combined TRACON& Tower with Radar,122,40,17,0,179,0,4,9,0,13,122,44,26,0,192,0,0,0,192
11/12/2021,BUF,NY,AEA,CE,Combined TRACON& Tower with Radar,126,40,25,0,191,0,0,5,0,5,126,40,30,0,196,0,0,0,196
11/13/2021,BUF,NY,AEA,CE,Combined TRACON& Tower with Radar,104,26,6,0,136,0,1,1,0,2,104,27,7,0,138,0,0,0,138
11/14/2021,BUF,NY,AEA,CE,Combined TRACON& Tower with Radar,110,27,17,0,154,0,0,1,0,1,110,27,18,0,155,0,0,0,155
11/15/2021,BUF,NY,AEA,CE,Combined TRACON& Tower with Radar,119,37,32,6,194,0,2,0,2,4,119,39,32,8,198,0,0,0,198
11/16/2021,BUF,NY,AEA,CE,Combined TRACON& Tower with Radar,114,43,26,2,185,0,2,24,0,26,114,45,50,2,211,0,0,0,211
11/17/2021,BUF,NY,AEA,CE,Combined TRACON& Tower with Radar,110,33,17,5,165,0,3,5,2,10,110,36,22,7,175,0,0,0,175
11/18/2021,BUF,NY,AEA,CE,Combined TRACON& Tower with Radar,125,37,24,0,186,0,0,0,0,0,125,37,24,0,186,0,0,0,186
11/19/2021,BUF,NY,AEA,CE,Combined TRACON& Tower with Radar,122,30,19,0,171,0,1,5,0,6,122,31,24,0,177,0,0,0,177
11/20/2021,BUF,NY,AEA,CE,Combined TRACON& Tower with Radar,108,29,20,0,157,0,3,20,0,23,108,32,40,0,180,0,0,0,180
11/21/2021,BUF,NY,AEA,CE,Combined TRACON& Tower with Radar,116,38,31,0,185,0,1,15,0,16,116,39,46,0,201,0,0,0,201
11/22/2021,BUF,NY,AEA,CE,Combined TRACON& Tower with Radar,119,35,25,0,179,0,7,1,0,8,119,42,26,0,187,0,0,0,187
11/23/2021,BUF,NY,AEA,CE,Combined TRACON& Tower with Radar,127,33,17,0,177,0,2,15,0,17,127,35,32,0,194,0,0,0,194
11/24/2021,BUF,NY,AEA,CE,Combined TRACON& Tower with Radar,143,35,20,5,203,0,10,9,3,22,143,45,29,8,225,0,0,0,225
11/25/2021,BUF,NY,AEA,CE,Combined TRACON& Tower with Radar,77,25,8,0,110,0,3,0,0,3,77,28,8,0,113,0,0,0,113
11/26/2021,BUF,NY,AEA,CE,Combined TRACON& Tower with Radar,96,29,5,0,130,0,0,0,0,0,96,29,5,0,130,0,0,0,130
11/27/2021,BUF,NY,AEA,CE,Combined TRACON& Tower with Radar,118,40,16,0,174,0,5,7,0,12,118,45,23,0,186,0,0,0,186
11/28/2021,BUF,NY,AEA,CE,Combined TRACON& Tower with Radar,131,46,24,0,201,0,0,0,0,0,131,46,24,0,201,0,0,0,201
11/29/2021,BUF,NY,AEA,CE,Combined TRACON& Tower with Radar,128,41,33,10,212,0,11,9,0,20,128,52,42,10,232,0,0,0,232
11/30/2021,BUF,NY,AEA,CE,Combined TRACON& Tower with Radar,130,50,20,2,202,0,0,2,0,2,130,50,22,2,204,0,0,0,204
12/01/2021,BUF,NY,AEA,CE,Combined TRACON& Tower with Radar,119,41,15,0,175,0,9,21,4,34,119,50,36,4,209,0,0,0,209
12/02/2021,BUF,NY,AEA,CE,Combined TRACON& Tower with Radar,122,50,11,0,183,0,1,0,0,1,122,51,11,0,184,0,0,0,184
12/03/2021,BUF,NY,AEA,CE,Combined TRACON& Tower with Radar,119,39,17,0,175,0,4,17,0,21,119,43,34,0,196,0,0,0,196
12/04/2021,BUF,NY,AEA,CE,Combined TRACON& Tower with Radar,96,24,9,0,129,0,5,2,0,7,96,29,11,0,136,0,0,0,136
12/05/2021,BUF,NY,AEA,CE,Combined TRACON& Tower with Radar,110,40,21,4,175,0,4,28,0,32,110,44,49,4,207,0,0,0,207
12/06/2021,BUF,NY,AEA,CE,Combined TRACON& Tower with Radar,109,54,30,0,193,0,0,0,0,0,109,54,30,0,193,0,0,0,193
12/07/2021,BUF,NY,AEA,CE,Combined TRACON& Tower with Radar,116,49,43,0,208,0,0,8,0,8,116,49,51,0,216,0,0,0,216
12/08/2021,BUF,NY,AEA,CE,Combined TRACON& Tower with Radar,106,35,19,0,160,0,0,0,0,0,106,35,19,0,160,0,0,0,160
12/09/2021,BUF,NY,AEA,CE,Combined TRACON& Tower with Radar,125,40,25,0,190,0,0,10,0,10,125,40,35,0,200,0,0,0,200
12/10/2021,BUF,NY,AEA,CE,Combined TRACON& Tower with Radar,113,41,15,7,176,0,4,10,2,16,113,45,25,9,192,0,0,0,192
12/11/2021,BUF,NY,AEA,CE,Combined TRACON& Tower with Radar,103,16,4,0,123,0,0,0,0,0,103,16,4,0,123,0,0,0,123
12/12/2021,BUF,NY,AEA,CE,Combined TRACON& Tower with Radar,121,20,12,0,153,0,5,3,0,8,121,25,15,0,161,0,0,0,161
12/13/2021,BUF,NY,AEA,CE,Combined TRACON& Tower with Radar,116,33,26,0,175,0,2,9,2,13,116,35,35,2,188,0,0,0,188
12/14/2021,BUF,NY,AEA,CE,Combined TRACON& Tower with Radar,111,30,22,6,169,0,13,27,0,40,111,43,49,6,209,0,0,0,209
12/15/2021,BUF,NY,AEA,CE,Combined TRACON& Tower with Radar,108,40,27,0,175,0,1,3,0,4,108,41,30,0,179,0,0,0,179
12/16/2021,BUF,NY,AEA,CE,Combined TRACON& Tower with Radar,130,31,40,0,201,0,0,0,0,0,130,31,40,0,201,0,0,0,201
12/17/2021,BUF,NY,AEA,CE,Combined TRACON& Tower with Radar,123,38,26,0,187,0,2,10,2,14,123,40,36,2,201,0,0,0,201
12/18/2021,BUF,NY,AEA,CE,Combined TRACON& Tower with Radar,103,23,23,0,149,0,0,0,0,0,103,23,23,0,149,0,0,0,149
12/19/2021,BUF,NY,AEA,CE,Combined TRACON& Tower with Radar,111,29,23,4,167,0,0,5,0,5,111,29,28,4,172,0,0,0,172
12/20/2021,BUF,NY,AEA,CE,Combined TRACON& Tower with Radar,108,38,19,0,165,0,9,11,0,20,108,47,30,0,185,0,0,0,185
12/21/2021,BUF,NY,AEA,CE,Combined TRACON& Tower with Radar,116,45,36,3,200,0,6,25,2,33,116,51,61,5,233,0,0,0,233
12/22/2021,BUF,NY,AEA,CE,Combined TRACON& Tower with Radar,115,47,22,0,184,0,0,3,0,3,115,47,25,0,187,0,0,0,187
12/23/2021,BUF,NY,AEA,CE,Combined TRACON& Tower with Radar,121,39,26,0,186,0,4,8,0,12,121,43,34,0,198,0,0,0,198
12/24/2021,BUF,NY,AEA,CE,Combined TRACON& Tower with Radar,82,24,8,0,114,0,2,3,0,5,82,26,11,0,119,0,0,0,119
12/25/2021,BUF,NY,AEA,CE,Combined TRACON& Tower with Radar,71,18,11,0,100,0,0,0,0,0,71,18,11,0,100,0,0,0,100
12/26/2021,BUF,NY,AEA,CE,Combined TRACON& Tower with Radar,86,38,28,0,152,0,0,4,0,4,86,38,32,0,156,0,0,0,156
12/27/2021,BUF,NY,AEA,CE,Combined TRACON& Tower with Radar,95,34,16,0,145,0,1,1,0,2,95,35,17,0,147,0,0,0,147
12/28/2021,BUF,NY,AEA,CE,Combined TRACON& Tower with Radar,112,40,21,0,173,0,2,17,0,19,112,42,38,0,192,0,0,0,192
12/29/2021,BUF,NY,AEA,CE,Combined TRACON& Tower with Radar,114,32,13,0,159,0,0,0,0,0,114,32,13,0,159,0,0,0,159
12/30/2021,BUF,NY,AEA,CE,Combined TRACON& Tower with Radar,108,35,17,0,160,0,0,2,0,2,108,35,19,0,162,0,0,0,162
12/31/2021,BUF,NY,AEA,CE,Combined TRACON& Tower with Radar,83,28,10,0,121,0,0,1,0,1,83,28,11,0,122,0,0,0,122
01/01/2022,BUF,NY,AEA,CE,Combined TRACON& Tower with Radar,68,23,4,0,95,0,0,0,0,0,68,23,4,0,95,0,0,0,95
01/02/2022,BUF,NY,AEA,CE,Combined TRACON& Tower with Radar,95,26,34,0,155,0,0,0,0,0,95,26,34,0,155,0,0,0,155
01/03/2022,BUF,NY,AEA,CE,Combined TRACON& Tower with Radar,98,28,18,0,144,1,0,10,0,11,99,28,28,0,155,0,0,0,155
01/04/2022,BUF,NY,AEA,CE,Combined TRACON& Tower with Radar,103,29,17,6,155,0,7,14,0,21,103,36,31,6,176,0,0,0,176
01/05/2022,BUF,NY,AEA,CE,Combined TRACON& Tower with Radar,104,25,10,0,139,0,0,0,0,0,104,25,10,0,139,0,0,0,139
01/06/2022,BUF,NY,AEA,CE,Combined TRACON& Tower with Radar,36,13,5,1,55,0,0,0,0,0,36,13,5,1,55,0,0,0,55
01/07/2022,BUF,NY,AEA,CE,Combined TRACON& Tower with Radar,87,23,12,0,122,0,0,2,0,2,87,23,14,0,124,0,0,0,124
01/08/2022,BUF,NY,AEA,CE,Combined TRACON& Tower with Radar,95,26,18,0,139,0,6,25,2,33,95,32,43,2,172,0,0,0,172
01/09/2022,BUF,NY,AEA,CE,Combined TRACON& Tower with Radar,105,21,24,0,150,0,1,0,0,1,105,22,24,0,151,0,0,0,151
01/10/2022,BUF,NY,AEA,CE,Combined TRACON& Tower with Radar,107,28,9,0,144,0,0,2,0,2,107,28,11,0,146,0,0,0,146
01/11/2022,BUF,NY,AEA,CE,Combined TRACON& Tower with Radar,113,18,11,0,142,0,1,8,4,13,113,19,19,4,155,0,0,0,155
01/12/2022,BUF,NY,AEA,CE,Combined TRACON& Tower with Radar,112,14,11,0,137,0,1,0,0,1,112,15,11,0,138,0,0,0,138
01/13/2022,BUF,NY,AEA,CE,Combined TRACON& Tower with Radar,118,21,15,4,158,0,0,0,0,0,118,21,15,4,158,0,0,0,158
01/14/2022,BUF,NY,AEA,CE,Combined TRACON& Tower with Radar,121,30,25,0,176,0,0,1,0,1,121,30,26,0,177,0,0,0,177
01/15/2022,BUF,NY,AEA,CE,Combined TRACON& Tower with Radar,95,47,20,0,162,0,0,13,0,13,95,47,33,0,175,0,0,0,175
01/16/2022,BUF,NY,AEA,CE,Combined TRACON& Tower with Radar,79,46,17,0,142,0,4,21,0,25,79,50,38,0,167,0,0,0,167
01/17/2022,BUF,NY,AEA,CE,Combined TRACON& Tower with Radar,40,4,8,0,52,0,0,0,0,0,40,4,8,0,52,0,0,0,52
01/18/2022,BUF,NY,AEA,CE,Combined TRACON& Tower with Radar,115,22,22,0,159,0,0,6,0,6,115,22,28,0,165,0,0,0,165
01/19/2022,BUF,NY,AEA,CE,Combined TRACON& Tower with Radar,118,25,21,1,165,0,0,0,0,0,118,25,21,1,165,0,0,0,165
01/20/2022,BUF,NY,AEA,CE,Combined TRACON& Tower with Radar,111,21,23,1,156,0,0,2,0,2,111,21,25,1,158,0,0,0,158
01/21/2022,BUF,NY,AEA,CE,Combined TRACON& Tower with Radar,117,21,25,1,164,0,2,12,0,14,117,23,37,1,178,0,0,0,178
01/22/2022,BUF,NY,AEA,CE,Combined TRACON& Tower with Radar,100,12,16,0,128,0,2,21,0,23,100,14,37,0,151,0,0,0,151
01/23/2022,BUF,NY,AEA,CE,Combined TRACON& Tower with Radar,99,21,7,0,127,0,0,0,0,0,99,21,7,0,127,0,0,0,127
01/24/2022,BUF,NY,AEA,CE,Combined TRACON& Tower with Radar,113,16,19,0,148,0,0,2,0,2,113,16,21,0,150,0,0,0,150
01/25/2022,BUF,NY,AEA,CE,Combined TRACON& Tower with Radar,116,21,19,0,156,0,2,0,0,2,116,23,19,0,158,0,0,0,158
01/26/2022,BUF,NY,AEA,CE,Combined TRACON& Tower with Radar,115,28,22,0,165,0,10,2,0,12,115,38,24,0,177,0,0,0,177
01/27/2022,BUF,NY,AEA,CE,Combined TRACON& Tower with Radar,117,28,23,0,168,0,0,6,0,6,117,28,29,0,174,0,0,0,174
01/28/2022,BUF,NY,AEA,CE,Combined TRACON& Tower with Radar,110,21,10,0,141,0,2,2,0,4,110,23,12,0,145,0,0,0,145
01/29/2022,BUF,NY,AEA,CE,Combined TRACON& Tower with Radar,75,11,9,0,95,0,4,8,0,12,75,15,17,0,107,0,0,0,107
01/30/2022,BUF,NY,AEA,CE,Combined TRACON& Tower with Radar,84,23,14,0,121,0,3,13,0,16,84,26,27,0,137,0,0,0,137
01/31/2022,BUF,NY,AEA,CE,Combined TRACON& Tower with Radar,109,21,24,0,154,0,5,26,0,31,109,26,50,0,185,0,0,0,185
02/01/2022,BUF,NY,AEA,CE,Combined TRACON& Tower with Radar,113,19,25,0,157,0,9,21,0,30,113,28,46,0,187,0,0,0,187
02/02/2022,BUF,NY,AEA,CE,Combined TRACON& Tower with Radar,105,21,11,0,137,0,2,4,0,6,105,23,15,0,143,0,0,0,143
02/03/2022,BUF,NY,AEA,CE,Combined TRACON& Tower with Radar,52,13,6,0,71,0,0,0,0,0,52,13,6,0,71,0,0,0,71
02/04/2022,BUF,NY,AEA,CE,Combined TRACON& Tower with Radar,78,23,17,0,118,0,0,0,0,0,78,23,17,0,118,0,0,0,118
02/05/2022,BUF,NY,AEA,CE,Combined TRACON& Tower with Radar,96,29,19,0,144,0,5,10,0,15,96,34,29,0,159,0,0,0,159
02/06/2022,BUF,NY,AEA,CE,Combined TRACON& Tower with Radar,101,27,16,0,144,0,6,14,0,20,101,33,30,0,164,0,0,0,164
02/07/2022,BUF,NY,AEA,CE,Combined TRACON& Tower with Radar,107,25,18,0,150,0,6,14,2,22,107,31,32,2,172,0,0,0,172
02/08/2022,BUF,NY,AEA,CE,Combined TRACON& Tower with Radar,126,36,10,0,172,0,0,0,0,0,126,36,10,0,172,0,0,0,172
02/09/2022,BUF,NY,AEA,CE,Combined TRACON& Tower with Radar,119,29,18,1,167,0,3,4,0,7,119,32,22,1,174,0,0,0,174
02/10/2022,BUF,NY,AEA,CE,Combined TRACON& Tower with Radar,126,26,13,1,166,0,0,0,0,0,126,26,13,1,166,0,0,0,166
02/11/2022,BUF,NY,AEA,CE,Combined TRACON& Tower with Radar,122,15,8,6,151,0,2,0,0,2,122,17,8,6,153,0,0,0,153
02/12/2022,BUF,NY,AEA,CE,Combined TRACON& Tower with Radar,107,18,12,1,138,0,0,2,0,2,107,18,14,1,140,0,0,0,140
02/13/2022,BUF,NY,AEA,CE,Combined TRACON& Tower with Radar,96,14,11,0,121,0,2,6,0,8,96,16,17,0,129,0,0,0,129
02/14/2022,BUF,NY,AEA,CE,Combined TRACON& Tower with Radar,121,19,7,1,148,0,2,4,1,7,121,21,11,2,155,0,0,0,155
02/15/2022,BUF,NY,AEA,CE,Combined TRACON& Tower with Radar,127,29,17,14,187,0,3,16,0,19,127,32,33,14,206,0,0,0,206
02/16/2022,BUF,NY,AEA,CE,Combined TRACON& Tower with Radar,127,28,17,0,172,0,6,2,0,8,127,34,19,0,180,0,0,0,180
02/17/2022,BUF,NY,AEA,CE,Combined TRACON& Tower with Radar,115,17,15,0,147,0,0,0,0,0,115,17,15,0,147,0,0,0,147
02/18/2022,BUF,NY,AEA,CE,Combined TRACON& Tower with Radar,126,20,24,0,170,0,4,2,0,6,126,24,26,0,176,0,0,0,176
02/19/2022,BUF,NY,AEA,CE,Combined TRACON& Tower with Radar,113,25,8,0,146,0,1,0,0,1,113,26,8,0,147,0,0,0,147
02/20/2022,BUF,NY,AEA,CE,Combined TRACON& Tower with Radar,107,26,9,0,142,0,8,0,0,8,107,34,9,0,150,0,0,0,150
02/21/2022,BUF,NY,AEA,CE,Combined TRACON& Tower with Radar,119,20,23,0,162,0,10,18,0,28,119,30,41,0,190,0,0,0,190
02/22/2022,BUF,NY,AEA,CE,Combined TRACON& Tower with Radar,124,22,6,0,152,0,4,1,0,5,124,26,7,0,157,0,0,0,157
02/23/2022,BUF,NY,AEA,CE,Combined TRACON& Tower with Radar,125,19,20,0,164,0,1,0,0,1,125,20,20,0,165,0,0,0,165
02/24/2022,BUF,NY,AEA,CE,Combined TRACON& Tower with Radar,119,18,16,0,153,0,3,12,2,17,119,21,28,2,170,0,0,0,170
02/25/2022,BUF,NY,AEA,CE,Combined TRACON& Tower with Radar,113,25,11,0,149,0,0,0,0,0,113,25,11,0,149,0,0,0,149
02/26/2022,BUF,NY,AEA,CE,Combined TRACON& Tower with Radar,108,21,7,0,136,0,0,1,0,1,108,21,8,0,137,0,0,0,137
02/27/2022,BUF,NY,AEA,CE,Combined TRACON& Tower with Radar,112,20,13,0,145,0,0,2,0,2,112,20,15,0,147,0,0,0,147
02/28/2022,BUF,NY,AEA,CE,Combined TRACON& Tower with Radar,118,24,21,2,165,0,4,17,0,21,118,28,38,2,186,0,0,0,186
03/01/2022,BUF,NY,AEA,CE,Combined TRACON& Tower with Radar,129,22,10,0,161,0,3,4,0,7,129,25,14,0,168,0,0,0,168
03/02/2022,BUF,NY,AEA,CE,Combined TRACON& Tower with Radar,123,28,25,0,176,0,7,7,3,17,123,35,32,3,193,0,0,0,193
03/03/2022,BUF,NY,AEA,CE,Combined TRACON& Tower with Radar,123,31,24,2,180,0,6,13,1,20,123,37,37,3,200,0,0,0,200
03/04/2022,BUF,NY,AEA,CE,Combined TRACON& Tower with Radar,121,22,18,0,161,0,3,15,0,18,121,25,33,0,179,0,0,0,179
03/05/2022,BUF,NY,AEA,CE,Combined TRACON& Tower with Radar,99,24,17,0,140,0,3,19,0,22,99,27,36,0,162,0,0,0,162
03/06/2022,BUF,NY,AEA,CE,Combined TRACON& Tower with Radar,109,24,19,0,152,0,3,0,0,3,109,27,19,0,155,0,0,0,155
03/07/2022,BUF,NY,AEA,CE,Combined TRACON& Tower with Radar,122,11,11,2,146,0,0,0,0,0,122,11,11,2,146,0,0,0,146
03/08/2022,BUF,NY,AEA,CE,Combined TRACON& Tower with Radar,122,11,17,0,150,0,1,14,0,15,122,12,31,0,165,0,0,0,165
03/09/2022,BUF,NY,AEA,CE,Combined TRACON& Tower with Radar,114,19,16,0,149,0,2,13,0,15,114,21,29,0,164,0,0,0,164
03/10/2022,BUF,NY,AEA,CE,Combined TRACON& Tower with Radar,121,17,26,0,164,0,2,16,2,20,121,19,42,2,184,0,0,0,184
03/11/2022,BUF,NY,AEA,CE,Combined TRACON& Tower with Radar,125,15,11,0,151,0,0,4,0,4,125,15,15,0,155,0,0,0,155
03/12/2022,BUF,NY,AEA,CE,Combined TRACON& Tower with Radar,96,15,5,2,118,0,0,0,0,0,96,15,5,2,118,0,0,0,118
03/13/2022,BUF,NY,AEA,CE,Combined TRACON& Tower with Radar,103,14,17,0,134,0,2,0,0,2,103,16,17,0,136,0,0,0,136
03/14/2022,BUF,NY,AEA,CE,Combined TRACON& Tower with Radar,125,14,13,0,152,0,1,16,0,17,125,15,29,0,169,0,0,0,169
03/15/2022,BUF,NY,AEA,CE,Combined TRACON& Tower with Radar,147,22,13,1,183,0,4,2,1,7,147,26,15,2,190,0,0,0,190
03/16/2022,BUF,NY,AEA,CE,Combined TRACON& Tower with Radar,127,24,12,6,169,0,4,13,0,17,127,28,25,6,186,0,0,0,186
03/17/2022,BUF,NY,AEA,CE,Combined TRACON& Tower with Radar,127,25,39,2,193,0,10,16,0,26,127,35,55,2,219,0,0,0,219
03/18/2022,BUF,NY,AEA,CE,Combined TRACON& Tower with Radar,127,36,29,0,192,0,7,15,0,22,127,43,44,0,214,0,0,0,214
03/19/2022,BUF,NY,AEA,CE,Combined TRACON& Tower with Radar,100,20,13,0,133,0,0,0,0,0,100,20,13,0,133,0,0,0,133
03/20/2022,BUF,NY,AEA,CE,Combined TRACON& Tower with Radar,122,27,33,0,182,0,1,4,0,5,122,28,37,0,187,0,0,0,187
03/21/2022,BUF,NY,AEA,CE,Combined TRACON& Tower with Radar,121,21,14,0,156,0,2,12,0,14,121,23,26,0,170,0,0,0,170
03/22/2022,BUF,NY,AEA,CE,Combined TRACON& Tower with Radar,124,25,17,0,166,0,4,19,1,24,124,29,36,1,190,0,0,0,190
03/23/2022,BUF,NY,AEA,CE,Combined TRACON& Tower with Radar,123,13,22,1,159,0,2,0,1,3,123,15,22,2,162,0,0,0,162
03/24/2022,BUF,NY,AEA,CE,Combined TRACON& Tower with Radar,127,30,23,0,180,0,4,10,0,14,127,34,33,0,194,0,0,0,194
03/25/2022,BUF,NY,AEA,CE,Combined TRACON& Tower with Radar,132,26,27,0,185,0,4,1,0,5,132,30,28,0,190,0,0,0,190
03/26/2022,BUF,NY,AEA,CE,Combined TRACON& Tower with Radar,107,23,12,0,142,0,0,1,0,1,107,23,13,0,143,0,0,0,143
03/27/2022,BUF,NY,AEA,CE,Combined TRACON& Tower with Radar,111,23,18,0,152,0,0,0,0,0,111,23,18,0,152,0,0,0,152
03/28/2022,BUF,NY,AEA,CE,Combined TRACON& Tower with Radar,125,17,19,0,161,0,3,0,0,3,125,20,19,0,164,0,0,0,164
03/29/2022,BUF,NY,AEA,CE,Combined TRACON& Tower with Radar,129,25,26,0,180,0,6,12,4,22,129,31,38,4,202,0,0,0,202
03/30/2022,BUF,NY,AEA,CE,Combined TRACON& Tower with Radar,124,32,13,0,169,0,2,0,0,2,124,34,13,0,171,0,0,0,171
03/31/2022,BUF,NY,AEA,CE,Combined TRACON& Tower with Radar,119,18,15,0,152,0,4,0,0,4,119,22,15,0,156,0,0,0,156
04/01/2022,BUF,NY,AEA,CE,Combined TRACON& Tower with Radar,123,22,19,1,165,0,0,0,0,0,123,22,19,1,165,0,0,0,165
04/02/2022,BUF,NY,AEA,CE,Combined TRACON& Tower with Radar,83,23,35,1,142,0,0,35,0,35,83,23,70,1,177,0,0,0,177
04/03/2022,BUF,NY,AEA,CE,Combined TRACON& Tower with Radar,102,26,14,0,142,0,0,0,0,0,102,26,14,0,142,0,0,0,142
04/04/2022,BUF,NY,AEA,CE,Combined TRACON& Tower with Radar,126,22,33,0,181,0,10,15,0,25,126,32,48,0,206,0,0,0,206
04/05/2022,BUF,NY,AEA,CE,Combined TRACON& Tower with Radar,123,31,21,0,175,0,2,28,0,30,123,33,49,0,205,0,0,0,205
04/06/2022,BUF,NY,AEA,CE,Combined TRACON& Tower with Radar,135,30,16,0,181,0,0,19,2,21,135,30,35,2,202,0,0,0,202
04/07/2022,BUF,NY,AEA,CE,Combined TRACON& Tower with Radar,114,34,35,0,183,0,2,4,0,6,114,36,39,0,189,0,0,0,189
04/08/2022,BUF,NY,AEA,CE,Combined TRACON& Tower with Radar,122,40,31,6,199,0,4,13,2,19,122,44,44,8,218,0,0,0,218
04/09/2022,BUF,NY,AEA,CE,Combined TRACON& Tower with Radar,105,30,27,0,162,0,1,1,0,2,105,31,28,0,164,0,0,0,164
04/10/2022,BUF,NY,AEA,CE,Combined TRACON& Tower with Radar,106,26,11,0,143,0,3,0,0,3,106,29,11,0,146,0,0,0,146
04/11/2022,BUF,NY,AEA,CE,Combined TRACON& Tower with Radar,123,30,23,1,177,0,3,15,1,19,123,33,38,2,196,0,0,0,196
04/12/2022,BUF,NY,AEA,CE,Combined TRACON& Tower with Radar,128,33,19,0,180,0,4,26,0,30,128,37,45,0,210,0,0,0,210
04/13/2022,BUF,NY,AEA,CE,Combined TRACON& Tower with Radar,129,27,20,0,176,0,4,7,0,11,129,31,27,0,187,0,0,0,187
04/14/2022,BUF,NY,AEA,CE,Combined TRACON& Tower with Radar,129,34,13,2,178,0,2,2,0,4,129,36,15,2,182,0,0,0,182
04/15/2022,BUF,NY,AEA,CE,Combined TRACON& Tower with Radar,128,36,21,0,185,0,0,0,0,0,128,36,21,0,185,0,0,0,185
04/16/2022,BUF,NY,AEA,CE,Combined TRACON& Tower with Radar,109,42,15,0,166,0,0,2,0,2,109,42,17,0,168,0,0,0,168
04/17/2022,BUF,NY,AEA,CE,Combined TRACON& Tower with Radar,112,24,8,0,144,0,1,9,0,10,112,25,17,0,154,0,0,0,154
04/18/2022,BUF,NY,AEA,CE,Combined TRACON& Tower with Radar,126,37,34,0,197,0,0,11,0,11,126,37,45,0,208,0,0,0,208
04/19/2022,BUF,NY,AEA,CE,Combined TRACON& Tower with Radar,128,43,20,0,191,0,0,0,0,0,128,43,20,0,191,0,0,0,191
04/20/2022,BUF,NY,AEA,CE,Combined TRACON& Tower with Radar,130,38,15,0,183,0,6,31,0,37,130,44,46,0,220,0,0,0,220
04/21/2022,BUF,NY,AEA,CE,Combined TRACON& Tower with Radar,129,39,12,0,180,0,4,2,0,6,129,43,14,0,186,0,0,0,186
04/22/2022,BUF,NY,AEA,CE,Combined TRACON& Tower with Radar,133,34,27,0,194,0,3,39,0,42,133,37,66,0,236,0,0,0,236
04/23/2022,BUF,NY,AEA,CE,Combined TRACON& Tower with Radar,109,28,13,0,150,0,7,21,0,28,109,35,34,0,178,0,0,0,178
04/24/2022,BUF,NY,AEA,CE,Combined TRACON& Tower with Radar,111,22,19,0,152,0,6,27,0,33,111,28,46,0,185,0,0,0,185
04/25/2022,BUF,NY,AEA,CE,Combined TRACON& Tower with Radar,123,25,16,0,164,0,0,8,1,9,123,25,24,1,173,0,0,0,173
04/26/2022,BUF,NY,AEA,CE,Combined TRACON& Tower with Radar,132,27,26,0,185,0,1,17,3,21,132,28,43,3,206,0,0,0,206
04/27/2022,BUF,NY,AEA,CE,Combined TRACON& Tower with Radar,125,29,27,0,181,1,0,5,0,6,126,29,32,0,187,0,0,0,187
04/28/2022,BUF,NY,AEA,CE,Combined TRACON& Tower with Radar,128,34,31,9,202,0,2,19,1,22,128,36,50,10,224,0,0,0,224
04/29/2022,BUF,NY,AEA,CE,Combined TRACON& Tower with Radar,124,24,31,0,179,0,2,30,2,34,124,26,61,2,213,0,0,0,213
04/30/2022,BUF,NY,AEA,CE,Combined TRACON& Tower with Radar,109,25,18,0,152,0,5,33,0,38,109,30,51,0,190,0,0,0,190
05/01/2022,BUF,NY,AEA,CE,Combined TRACON& Tower with Radar,114,20,27,0,161,0,0,7,0,7,114,20,34,0,168,0,0,0,168
05/02/2022,BUF,NY,AEA,CE,Combined TRACON& Tower with Radar,122,27,16,8,173,0,1,6,0,7,122,28,22,8,180,0,0,0,180
05/03/2022,BUF,NY,AEA,CE,Combined TRACON& Tower with Radar,127,35,26,2,190,0,1,12,0,13,127,36,38,2,203,0,0,0,203
05/04/2022,BUF,NY,AEA,CE,Combined TRACON& Tower with Radar,125,27,28,10,190,0,0,5,0,5,125,27,33,10,195,0,0,0,195
05/05/2022,BUF,NY,AEA,CE,Combined TRACON& Tower with Radar,131,37,37,0,205,0,3,29,0,32,131,40,66,0,237,0,0,0,237
05/06/2022,BUF,NY,AEA,CE,Combined TRACON& Tower with Radar,127,26,30,0,183,0,4,14,0,18,127,30,44,0,201,0,0,0,201
05/07/2022,BUF,NY,AEA,CE,Combined TRACON& Tower with Radar,108,27,20,0,155,0,5,5,0,10,108,32,25,0,165,0,0,0,165
05/08/2022,BUF,NY,AEA,CE,Combined TRACON& Tower with Radar,111,20,27,0,158,0,6,15,0,21,111,26,42,0,179,0,0,0,179
05/09/2022,BUF,NY,AEA,CE,Combined TRACON& Tower with Radar,123,33,19,0,175,0,4,11,0,15,123,37,30,0,190,0,0,0,190
05/10/2022,BUF,NY,AEA,CE,Combined TRACON& Tower with Radar,121,25,26,8,180,0,8,12,0,20,121,33,38,8,200,0,0,0,200
05/11/2022,BUF,NY,AEA,CE,Combined TRACON& Tower with Radar,124,35,27,0,186,0,14,18,0,32,124,49,45,0,218,0,0,0,218
05/12/2022,BUF,NY,AEA,CE,Combined TRACON& Tower with Radar,124,41,30,0,195,0,6,12,2,20,124,47,42,2,215,0,0,0,215
05/13/2022,BUF,NY,AEA,CE,Combined TRACON& Tower with Radar,127,20,21,0,168,0,7,18,0,25,127,27,39,0,193,0,0,0,193
05/14/2022,BUF,NY,AEA,CE,Combined TRACON& Tower with Radar,108,34,20,0,162,0,6,14,0,20,108,40,34,0,182,0,0,0,182
05/15/2022,BUF,NY,AEA,CE,Combined TRACON& Tower with Radar,106,31,31,0,168,0,4,18,0,22,106,35,49,0,190,0,0,0,190
05/16/2022,BUF,NY,AEA,CE,Combined TRACON& Tower with Radar,104,34,22,9,169,0,7,1,0,8,104,41,23,9,177,0,0,0,177
05/17/2022,BUF,NY,AEA,CE,Combined TRACON& Tower with Radar,119,30,24,4,177,0,5,10,2,17,119,35,34,6,194,0,0,0,194
05/18/2022,BUF,NY,AEA,CE,Combined TRACON& Tower with Radar,122,41,35,2,200,0,4,22,2,28,122,45,57,4,228,0,0,0,228
05/19/2022,BUF,NY,AEA,CE,Combined TRACON& Tower with Radar,128,51,29,1,209,0,0,12,0,12,128,51,41,1,221,0,0,0,221
05/20/2022,BUF,NY,AEA,CE,Combined TRACON& Tower with Radar,120,37,9,1,167,0,4,7,0,11,120,41,16,1,178,0,0,0,178
05/21/2022,BUF,NY,AEA,CE,Combined TRACON& Tower with Radar,104,32,12,0,148,0,5,2,0,7,104,37,14,0,155,0,0,0,155
05/22/2022,BUF,NY,AEA,CE,Combined TRACON& Tower with Radar,93,17,23,0,133,0,0,6,0,6,93,17,29,0,139,0,0,0,139
05/23/2022,BUF,NY,AEA,CE,Combined TRACON& Tower with Radar,111,26,29,2,168,0,4,15,0,19,111,30,44,2,187,0,0,0,187
05/24/2022,BUF,NY,AEA,CE,Combined TRACON& Tower with Radar,118,36,21,0,175,0,4,28,0,32,118,40,49,0,207,0,0,0,207
05/25/2022,BUF,NY,AEA,CE,Combined TRACON& Tower with Radar,122,34,26,4,186,0,10,17,0,27,122,44,43,4,213,0,0,0,213
05/26/2022,BUF,NY,AEA,CE,Combined TRACON& Tower with Radar,119,41,32,4,196,0,12,20,0,32,119,53,52,4,228,0,0,0,228
05/27/2022,BUF,NY,AEA,CE,Combined TRACON& Tower with Radar,118,31,18,4,171,0,1,5,0,6,118,32,23,4,177,0,0,0,177
05/28/2022,BUF,NY,AEA,CE,Combined TRACON& Tower with Radar,101,25,11,4,141,0,2,10,0,12,101,27,21,4,153,0,0,0,153
05/29/2022,BUF,NY,AEA,CE,Combined TRACON& Tower with Radar,100,24,17,2,143,0,17,34,0,51,100,41,51,2,194,0,0,0,194
05/30/2022,BUF,NY,AEA,CE,Combined TRACON& Tower with Radar,115,22,25,1,163,0,9,18,2,29,115,31,43,3,192,0,0,0,192
05/31/2022,BUF,NY,AEA,CE,Combined TRACON& Tower with Radar,113,22,10,0,145,0,10,14,2,26,113,32,24,2,171,0,0,0,171
06/01/2022,BUF,NY,AEA,CE,Combined TRACON& Tower with Radar,116,35,17,4,172,0,4,4,0,8,116,39,21,4,180,0,0,0,180
06/02/2022,BUF,NY,AEA,CE,Combined TRACON& Tower with Radar,123,39,31,2,195,0,7,24,0,31,123,46,55,2,226,0,0,0,226
06/03/2022,BUF,NY,AEA,CE,Combined TRACON& Tower with Radar,135,30,18,0,183,0,8,25,2,35,135,38,43,2,218,0,0,0,218
06/04/2022,BUF,NY,AEA,CE,Combined TRACON& Tower with Radar,112,29,18,0,159,0,5,14,0,19,112,34,32,0,178,0,0,0,178
06/05/2022,BUF,NY,AEA,CE,Combined TRACON& Tower with Radar,121,34,20,0,175,0,4,17,0,21,121,38,37,0,196,0,0,0,196
06/06/2022,BUF,NY,AEA,CE,Combined TRACON& Tower with Radar,124,29,28,0,181,0,5,20,0,25,124,34,48,0,206,0,0,0,206
06/07/2022,BUF,NY,AEA,CE,Combined TRACON& Tower with Radar,129,32,24,0,185,0,4,0,0,4,129,36,24,0,189,0,0,0,189
06/08/2022,BUF,NY,AEA,CE,Combined TRACON& Tower with Radar,124,41,37,3,205,0,4,13,0,17,124,45,50,3,222,0,0,0,222
06/09/2022,BUF,NY,AEA,CE,Combined TRACON& Tower with Radar,124,24,23,2,173,0,1,0,0,1,124,25,23,2,174,0,0,0,174
06/10/2022,BUF,NY,AEA,CE,Combined TRACON& Tower with Radar,123,27,24,0,174,0,5,23,0,28,123,32,47,0,202,0,0,0,202
06/11/2022,BUF,NY,AEA,CE,Combined TRACON& Tower with Radar,111,21,15,0,147,0,4,24,0,28,111,25,39,0,175,0,0,0,175
06/12/2022,BUF,NY,AEA,CE,Combined TRACON& Tower with Radar,118,29,22,1,170,0,0,1,3,4,118,29,23,4,174,0,0,0,174
06/13/2022,BUF,NY,AEA,CE,Combined TRACON& Tower with Radar,127,27,25,2,181,0,3,15,1,19,127,30,40,3,200,0,0,0,200
06/14/2022,BUF,NY,AEA,CE,Combined TRACON& Tower with Radar,137,34,20,0,191,0,10,26,0,36,137,44,46,0,227,0,0,0,227
06/15/2022,BUF,NY,AEA,CE,Combined TRACON& Tower with Radar,124,33,25,3,185,0,7,25,5,37,124,40,50,8,222,0,0,0,222
06/16/2022,BUF,NY,AEA,CE,Combined TRACON& Tower with Radar,121,40,28,0,189,0,0,4,0,4,121,40,32,0,193,0,0,0,193
06/17/2022,BUF,NY,AEA,CE,Combined TRACON& Tower with Radar,123,32,40,4,199,0,4,4,0,8,123,36,44,4,207,0,0,0,207
06/18/2022,BUF,NY,AEA,CE,Combined TRACON& Tower with Radar,115,25,21,0,161,0,5,7,2,14,115,30,28,2,175,0,0,0,175
06/19/2022,BUF,NY,AEA,CE,Combined TRACON& Tower with Radar,120,30,17,1,168,0,6,24,0,30,120,36,41,1,198,0,0,0,198
06/20/2022,BUF,NY,AEA,CE,Combined TRACON& Tower with Radar,122,32,30,0,184,0,0,25,0,25,122,32,55,0,209,0,0,0,209
06/21/2022,BUF,NY,AEA,CE,Combined TRACON& Tower with Radar,130,32,23,16,201,0,6,19,0,25,130,38,42,16,226,0,0,0,226
06/22/2022,BUF,NY,AEA,CE,Combined TRACON& Tower with Radar,115,36,16,0,167,0,1,16,0,17,115,37,32,0,184,0,0,0,184
06/23/2022,BUF,NY,AEA,CE,Combined TRACON& Tower with Radar,130,30,30,0,190,0,13,21,0,34,130,43,51,0,224,0,0,0,224
06/24/2022,BUF,NY,AEA,CE,Combined TRACON& Tower with Radar,114,34,18,1,167,0,1,29,0,30,114,35,47,1,197,0,0,0,197
06/25/2022,BUF,NY,AEA,CE,Combined TRACON& Tower with Radar,113,20,21,0,154,0,1,34,1,36,113,21,55,1,190,0,0,0,190
06/26/2022,BUF,NY,AEA,CE,Combined TRACON& Tower with Radar,115,27,17,1,160,0,4,21,0,25,115,31,38,1,185,0,0,0,185
06/27/2022,BUF,NY,AEA,CE,Combined TRACON& Tower with Radar,116,30,42,0,188,0,3,14,0,17,116,33,56,0,205,0,0,0,205
06/28/2022,BUF,NY,AEA,CE,Combined TRACON& Tower with Radar,126,37,24,12,199,0,9,35,1,45,126,46,59,13,244,0,0,0,244
06/29/2022,BUF,NY,AEA,CE,Combined TRACON& Tower with Radar,122,23,25,0,170,0,8,22,0,30,122,31,47,0,200,0,0,0,200
06/30/2022,BUF,NY,AEA,CE,Combined TRACON& Tower with Radar,129,39,19,6,193,0,6,25,0,31,129,45,44,6,224,0,0,0,224
07/01/2022,BUF,NY,AEA,CE,Combined TRACON& Tower with Radar,112,37,19,0,168,0,4,23,0,27,112,41,42,0,195,0,0,0,195
07/02/2022,BUF,NY,AEA,CE,Combined TRACON& Tower with Radar,110,33,13,0,156,0,5,12,0,17,110,38,25,0,173,0,0,0,173
07/03/2022,BUF,NY,AEA,CE,Combined TRACON& Tower with Radar,111,22,16,0,149,0,10,16,0,26,111,32,32,0,175,0,0,0,175
07/04/2022,BUF,NY,AEA,CE,Combined TRACON& Tower with Radar,114,22,13,0,149,0,4,17,0,21,114,26,30,0,170,0,0,0,170
07/05/2022,BUF,NY,AEA,CE,Combined TRACON& Tower with Radar,117,24,22,2,165,0,0,4,0,4,117,24,26,2,169,0,0,0,169
07/06/2022,BUF,NY,AEA,CE,Combined TRACON& Tower with Radar,126,34,27,2,189,0,14,8,0,22,126,48,35,2,211,0,0,0,211
07/07/2022,BUF,NY,AEA,CE,Combined TRACON& Tower with Radar,128,33,32,0,193,0,13,20,0,33,128,46,52,0,226,0,0,0,226
07/08/2022,BUF,NY,AEA,CE,Combined TRACON& Tower with Radar,120,35,36,1,192,0,6,24,0,30,120,41,60,1,222,0,0,0,222
07/09/2022,BUF,NY,AEA,CE,Combined TRACON& Tower with Radar,114,23,21,0,158,0,6,21,0,27,114,29,42,0,185,0,0,0,185
07/10/2022,BUF,NY,AEA,CE,Combined TRACON& Tower with Radar,122,33,25,1,181,0,9,25,0,34,122,42,50,1,215,0,0,0,215
07/11/2022,BUF,NY,AEA,CE,Combined TRACON& Tower with Radar,117,23,26,2,168,0,7,20,0,27,117,30,46,2,195,0,0,0,195
07/12/2022,BUF,NY,AEA,CE,Combined TRACON& Tower with Radar,132,27,18,0,177,0,9,5,0,14,132,36,23,0,191,0,0,0,191
07/13/2022,BUF,NY,AEA,CE,Combined TRACON& Tower with Radar,129,36,32,2,199,0,5,13,0,18,129,41,45,2,217,0,0,0,217
07/14/2022,BUF,NY,AEA,CE,Combined TRACON& Tower with Radar,133,43,35,6,217,0,4,23,0,27,133,47,58,6,244,0,0,0,244
07/15/2022,BUF,NY,AEA,CE,Combined TRACON& Tower with Radar,122,31,23,0,176,0,7,21,0,28,122,38,44,0,204,0,0,0,204
07/16/2022,BUF,NY,AEA,CE,Combined TRACON& Tower with Radar,109,24,15,1,149,0,8,11,0,19,109,32,26,1,168,0,0,0,168
07/17/2022,BUF,NY,AEA,CE,Combined TRACON& Tower with Radar,116,38,19,1,174,0,7,14,1,22,116,45,33,2,196,0,0,0,196
07/18/2022,BUF,NY,AEA,CE,Combined TRACON& Tower with Radar,108,31,22,0,161,0,1,0,0,1,108,32,22,0,162,0,0,0,162
07/19/2022,BUF,NY,AEA,CE,Combined TRACON& Tower with Radar,128,38,33,10,209,0,10,16,0,26,128,48,49,10,235,0,0,0,235
07/20/2022,BUF,NY,AEA,CE,Combined TRACON& Tower with Radar,124,25,28,0,177,0,3,24,0,27,124,28,52,0,204,0,0,0,204
07/21/2022,BUF,NY,AEA,CE,Combined TRACON& Tower with Radar,129,31,34,12,206,0,5,3,0,8,129,36,37,12,214,0,0,0,214
07/22/2022,BUF,NY,AEA,CE,Combined TRACON& Tower with Radar,124,30,39,0,193,0,2,38,0,40,124,32,77,0,233,0,0,0,233
07/23/2022,BUF,NY,AEA,CE,Combined TRACON& Tower with Radar,115,26,21,0,162,0,4,15,0,19,115,30,36,0,181,0,0,0,181
07/24/2022,BUF,NY,AEA,CE,Combined TRACON& Tower with Radar,102,33,10,0,145,0,3,5,0,8,102,36,15,0,153,0,0,0,153
07/25/2022,BUF,NY,AEA,CE,Combined TRACON& Tower with Radar,117,37,27,3,184,0,2,18,1,21,117,39,45,4,205,0,0,0,205
07/26/2022,BUF,NY,AEA,CE,Combined TRACON& Tower with Radar,127,33,30,0,190,0,9,38,0,47,127,42,68,0,237,0,0,0,237
07/27/2022,BUF,NY,AEA,CE,Combined TRACON& Tower with Radar,128,32,34,4,198,0,9,31,0,40,128,41,65,4,238,0,0,0,238
07/28/2022,BUF,NY,AEA,CE,Combined TRACON& Tower with Radar,124,29,36,10,199,0,1,4,0,5,124,30,40,10,204,0,0,0,204
07/29/2022,BUF,NY,AEA,CE,Combined TRACON& Tower with Radar,119,33,43,0,195,0,8,35,2,45,119,41,78,2,240,0,0,0,240
07/30/2022,BUF,NY,AEA,CE,Combined TRACON& Tower with Radar,106,34,17,0,157,0,8,19,0,27,106,42,36,0,184,0,0,0,184
07/31/2022,BUF,NY,AEA,CE,Combined TRACON& Tower with Radar,126,34,28,1,189,0,12,22,0,34,126,46,50,1,223,0,0,0,223
08/01/2022,BUF,NY,AEA,CE,Combined TRACON& Tower with Radar,118,41,25,2,186,0,1,21,0,22,118,42,46,2,208,0,0,0,208
08/02/2022,BUF,NY,AEA,CE,Combined TRACON& Tower with Radar,139,25,30,0,194,0,3,28,0,31,139,28,58,0,225,0,0,0,225
08/03/2022,BUF,NY,AEA,CE,Combined TRACON& Tower with Radar,121,22,29,3,175,0,7,36,1,44,121,29,65,4,219,0,0,0,219
08/04/2022,BUF,NY,AEA,CE,Combined TRACON& Tower with Radar,118,34,26,4,182,0,5,29,0,34,118,39,55,4,216,0,0,0,216
08/05/2022,BUF,NY,AEA,CE,Combined TRACON& Tower with Radar,114,27,25,2,168,0,2,9,0,11,114,29,34,2,179,0,0,0,179
08/06/2022,BUF,NY,AEA,CE,Combined TRACON& Tower with Radar,107,32,24,0,163,0,2,35,0,37,107,34,59,0,200,0,0,0,200
08/07/2022,BUF,NY,AEA,CE,Combined TRACON& Tower with Radar,113,31,33,0,177,0,5,11,0,16,113,36,44,0,193,0,0,0,193
08/08/2022,BUF,NY,AEA,CE,Combined TRACON& Tower with Radar,119,29,30,2,180,0,0,2,1,3,119,29,32,3,183,0,0,0,183
08/09/2022,BUF,NY,AEA,CE,Combined TRACON& Tower with Radar,125,31,29,2,187,0,6,10,1,17,125,37,39,3,204,0,0,0,204
08/10/2022,BUF,NY,AEA,CE,Combined TRACON& Tower with Radar,136,30,32,0,198,0,6,20,3,29,136,36,52,3,227,0,0,0,227
08/11/2022,BUF,NY,AEA,CE,Combined TRACON& Tower with Radar,123,30,23,7,183,0,5,21,1,27,123,35,44,8,210,0,0,0,210
08/12/2022,BUF,NY,AEA,CE,Combined TRACON& Tower with Radar,138,32,24,5,199,0,4,32,3,39,138,36,56,8,238,0,0,0,238
08/13/2022,BUF,NY,AEA,CE,Combined TRACON& Tower with Radar,117,27,16,1,161,0,6,24,1,31,117,33,40,2,192,0,0,0,192
08/14/2022,BUF,NY,AEA,CE,Combined TRACON& Tower with Radar,120,34,27,2,183,0,0,26,0,26,120,34,53,2,209,0,0,0,209
08/15/2022,BUF,NY,AEA,CE,Combined TRACON& Tower with Radar,126,30,28,7,191,0,5,22,0,27,126,35,50,7,218,0,0,0,218
08/16/2022,BUF,NY,AEA,CE,Combined TRACON& Tower with Radar,129,35,26,0,190,0,3,3,0,6,129,38,29,0,196,0,0,0,196
08/17/2022,BUF,NY,AEA,CE,Combined TRACON& Tower with Radar,135,34,31,10,210,0,4,8,6,18,135,38,39,16,228,0,0,0,228
08/18/2022,BUF,NY,AEA,CE,Combined TRACON& Tower with Radar,130,34,25,0,189,0,5,17,0,22,130,39,42,0,211,0,0,0,211
08/19/2022,BUF,NY,AEA,CE,Combined TRACON& Tower with Radar,135,35,28,0,198,0,2,19,2,23,135,37,47,2,221,0,0,0,221
08/20/2022,BUF,NY,AEA,CE,Combined TRACON& Tower with Radar,104,34,14,0,152,0,3,19,0,22,104,37,33,0,174,0,0,0,174
08/21/2022,BUF,NY,AEA,CE,Combined TRACON& Tower with Radar,117,38,19,0,174,0,0,9,0,9,117,38,28,0,183,0,0,0,183
08/22/2022,BUF,NY,AEA,CE,Combined TRACON& Tower with Radar,113,28,24,0,165,0,4,2,0,6,113,32,26,0,171,0,0,0,171
08/23/2022,BUF,NY,AEA,CE,Combined TRACON& Tower with Radar,124,32,25,0,181,0,2,8,2,12,124,34,33,2,193,0,0,0,193
08/24/2022,BUF,NY,AEA,CE,Combined TRACON& Tower with Radar,130,28,22,4,184,0,2,16,0,18,130,30,38,4,202,0,0,0,202
08/25/2022,BUF,NY,AEA,CE,Combined TRACON& Tower with Radar,131,37,28,15,211,0,2,18,1,21,131,39,46,16,232,0,0,0,232
08/26/2022,BUF,NY,AEA,CE,Combined TRACON& Tower with Radar,125,37,32,2,196,0,6,8,2,16,125,43,40,4,212,0,0,0,212
08/27/2022,BUF,NY,AEA,CE,Combined TRACON& Tower with Radar,114,38,22,0,174,0,8,16,0,24,114,46,38,0,198,0,0,0,198
08/28/2022,BUF,NY,AEA,CE,Combined TRACON& Tower with Radar,114,40,15,0,169,0,10,29,0,39,114,50,44,0,208,0,0,0,208
08/29/2022,BUF,NY,AEA,CE,Combined TRACON& Tower with Radar,120,26,17,12,175,0,5,11,2,18,120,31,28,14,193,0,0,0,193
08/30/2022,BUF,NY,AEA,CE,Combined TRACON& Tower with Radar,122,29,16,2,169,0,2,0,0,2,122,31,16,2,171,0,0,0,171
08/31/2022,BUF,NY,AEA,CE,Combined TRACON& Tower with Radar,128,28,24,23,203,0,7,9,11,27,128,35,33,34,230,0,0,0,230
09/01/2022,BUF,NY,AEA,CE,Combined TRACON& Tower with Radar,133,33,30,4,200,0,7,29,0,36,133,40,59,4,236,0,0,0,236
09/02/2022,BUF,NY,AEA,CE,Combined TRACON& Tower with Radar,131,28,16,0,175,0,6,24,0,30,131,34,40,0,205,0,0,0,205
09/03/2022,BUF,NY,AEA,CE,Combined TRACON& Tower with Radar,100,26,16,2,144,0,7,10,1,18,100,33,26,3,162,0,0,0,162
09/04/2022,BUF,NY,AEA,CE,Combined TRACON& Tower with Radar,101,34,10,4,149,0,0,0,2,2,101,34,10,6,151,0,0,0,151
09/05/2022,BUF,NY,AEA,CE,Combined TRACON& Tower with Radar,128,35,19,0,182,0,0,0,0,0,128,35,19,0,182,0,0,0,182
09/06/2022,BUF,NY,AEA,CE,Combined TRACON& Tower with Radar,117,41,35,1,194,0,0,1,0,1,117,41,36,1,195,0,0,0,195
09/07/2022,BUF,NY,AEA,CE,Combined TRACON& Tower with Radar,125,26,34,0,185,0,1,3,1,5,125,27,37,1,190,0,0,0,190
09/08/2022,BUF,NY,AEA,CE,Combined TRACON& Tower with Radar,130,43,26,1,200,0,1,33,0,34,130,44,59,1,234,0,0,0,234
09/09/2022,BUF,NY,AEA,CE,Combined TRACON& Tower with Radar,136,40,27,2,205,0,4,25,0,29,136,44,52,2,234,0,0,0,234
09/10/2022,BUF,NY,AEA,CE,Combined TRACON& Tower with Radar,114,27,21,0,162,0,7,31,0,38,114,34,52,0,200,0,0,0,200
09/11/2022,BUF,NY,AEA,CE,Combined TRACON& Tower with Radar,115,27,27,0,169,0,2,0,1,3,115,29,27,1,172,0,0,0,172
09/12/2022,BUF,NY,AEA,CE,Combined TRACON& Tower with Radar,126,29,23,0,178,0,0,1,2,3,126,29,24,2,181,0,0,0,181
09/13/2022,BUF,NY,AEA,CE,Combined TRACON& Tower with Radar,126,30,26,2,184,0,1,2,0,3,126,31,28,2,187,0,0,0,187
09/14/2022,BUF,NY,AEA,CE,Combined TRACON& Tower with Radar,126,27,38,4,195,0,5,17,0,22,126,32,55,4,217,0,0,0,217
09/15/2022,BUF,NY,AEA,CE,Combined TRACON& Tower with Radar,131,23,22,0,176,0,4,18,2,24,131,27,40,2,200,0,0,0,200
09/16/2022,BUF,NY,AEA,CE,Combined TRACON& Tower with Radar,130,33,25,1,189,0,7,23,0,30,130,40,48,1,219,0,0,0,219
09/17/2022,BUF,NY,AEA,CE,Combined TRACON& Tower with Radar,113,21,23,0,157,0,8,25,0,33,113,29,48,0,190,0,0,0,190
09/18/2022,BUF,NY,AEA,CE,Combined TRACON& Tower with Radar,111,29,17,2,159,0,1,16,1,18,111,30,33,3,177,0,0,0,177
09/19/2022,BUF,NY,AEA,CE,Combined TRACON& Tower with Radar,119,44,33,0,196,0,1,1,0,2,119,45,34,0,198,0,0,0,198
09/20/2022,BUF,NY,AEA,CE,Combined TRACON& Tower with Radar,123,49,58,2,232,0,3,12,0,15,123,52,70,2,247,0,0,0,247
09/21/2022,BUF,NY,AEA,CE,Combined TRACON& Tower with Radar,119,36,29,0,184,0,4,10,0,14,119,40,39,0,198,0,0,0,198
09/22/2022,BUF,NY,AEA,CE,Combined TRACON& Tower with Radar,123,34,35,0,192,0,2,2,0,4,123,36,37,0,196,0,0,0,196
09/23/2022,BUF,NY,AEA,CE,Combined TRACON& Tower with Radar,128,28,30,1,187,0,6,25,0,31,128,34,55,1,218,0,0,0,218
09/24/2022,BUF,NY,AEA,CE,Combined TRACON& Tower with Radar,113,27,17,1,158,0,3,30,0,33,113,30,47,1,191,0,0,0,191
09/25/2022,BUF,NY,AEA,CE,Combined TRACON& Tower with Radar,102,34,25,0,161,0,2,1,0,3,102,36,26,0,164,0,0,0,164
09/26/2022,BUF,NY,AEA,CE,Combined TRACON& Tower with Radar,137,35,18,0,190,0,0,0,0,0,137,35,18,0,190,0,0,0,190
09/27/2022,BUF,NY,AEA,CE,Combined TRACON& Tower with Radar,129,34,22,0,185,0,2,2,0,4,129,36,24,0,189,0,0,0,189
09/28/2022,BUF,NY,AEA,CE,Combined TRACON& Tower with Radar,116,31,16,3,166,0,0,0,1,1,116,31,16,4,167,0,0,0,167
09/29/2022,BUF,NY,AEA,CE,Combined TRACON& Tower with Radar,121,43,22,1,187,0,3,17,1,21,121,46,39,2,208,0,0,0,208
09/30/2022,BUF,NY,AEA,CE,Combined TRACON& Tower with Radar,124,22,18,2,166,0,7,22,0,29,124,29,40,2,195,0,0,0,195
10/01/2022,BUF,NY,AEA,CE,Combined TRACON& Tower with Radar,117,22,11,0,150,0,3,12,0,15,117,25,23,0,165,0,0,0,165
10/02/2022,BUF,NY,AEA,CE,Combined TRACON& Tower with Radar,112,20,16,0,148,0,2,2,0,4,112,22,18,0,152,0,0,0,152
10/03/2022,BUF,NY,AEA,CE,Combined TRACON& Tower with Radar,127,17,22,16,182,0,1,13,10,24,127,18,35,26,206,0,0,0,206
10/04/2022,BUF,NY,AEA,CE,Combined TRACON& Tower with Radar,121,33,22,3,179,0,5,17,0,22,121,38,39,3,201,0,0,0,201
10/05/2022,BUF,NY,AEA,CE,Combined TRACON& Tower with Radar,123,22,18,3,166,0,4,15,0,19,123,26,33,3,185,0,0,0,185
10/06/2022,BUF,NY,AEA,CE,Combined TRACON& Tower with Radar,125,26,27,2,180,0,8,28,2,38,125,34,55,4,218,0,0,0,218
10/07/2022,BUF,NY,AEA,CE,Combined TRACON& Tower with Radar,127,34,23,0,184,0,0,7,0,7,127,34,30,0,191,0,0,0,191
10/08/2022,BUF,NY,AEA,CE,Combined TRACON& Tower with Radar,115,20,16,2,153,0,7,11,0,18,115,27,27,2,171,0,0,0,171
10/09/2022,BUF,NY,AEA,CE,Combined TRACON& Tower with Radar,113,41,28,2,184,0,3,4,2,9,113,44,32,4,193,0,0,0,193
10/10/2022,BUF,NY,AEA,CE,Combined TRACON& Tower with Radar,124,36,28,3,191,0,2,10,0,12,124,38,38,3,203,0,0,0,203
10/11/2022,BUF,NY,AEA,CE,Combined TRACON& Tower with Radar,126,33,34,1,194,0,4,12,1,17,126,37,46,2,211,0,0,0,211
10/12/2022,BUF,NY,AEA,CE,Combined TRACON& Tower with Radar,125,27,29,0,181,0,6,11,0,17,125,33,40,0,198,0,0,0,198
10/13/2022,BUF,NY,AEA,CE,Combined TRACON& Tower with Radar,125,30,15,0,170,0,0,0,0,0,125,30,15,0,170,0,0,0,170
10/14/2022,BUF,NY,AEA,CE,Combined TRACON& Tower with Radar,135,20,28,3,186,0,3,19,0,22,135,23,47,3,208,0,0,0,208
10/15/2022,BUF,NY,AEA,CE,Combined TRACON& Tower with Radar,121,22,14,0,157,0,0,0,0,0,121,22,14,0,157,0,0,0,157
10/16/2022,BUF,NY,AEA,CE,Combined TRACON& Tower with Radar,118,32,17,0,167,0,4,16,0,20,118,36,33,0,187,0,0,0,187
10/17/2022,BUF,NY,AEA,CE,Combined TRACON& Tower with Radar,128,25,21,1,175,0,0,0,1,1,128,25,21,2,176,0,0,0,176
10/18/2022,BUF,NY,AEA,CE,Combined TRACON& Tower with Radar,131,39,22,0,192,0,0,1,0,1,131,39,23,0,193,0,0,0,193
10/19/2022,BUF,NY,AEA,CE,Combined TRACON& Tower with Radar,125,24,18,0,167,0,0,1,0,1,125,24,19,0,168,0,0,0,168
10/20/2022,BUF,NY,AEA,CE,Combined TRACON& Tower with Radar,125,27,21,2,175,0,0,5,0,5,125,27,26,2,180,0,0,0,180
10/21/2022,BUF,NY,AEA,CE,Combined TRACON& Tower with Radar,128,27,12,0,167,0,2,32,0,34,128,29,44,0,201,0,0,0,201
10/22/2022,BUF,NY,AEA,CE,Combined TRACON& Tower with Radar,115,23,16,0,154,0,2,17,0,19,115,25,33,0,173,0,0,0,173
10/23/2022,BUF,NY,AEA,CE,Combined TRACON& Tower with Radar,123,27,17,0,167,0,5,39,0,44,123,32,56,0,211,0,0,0,211
10/24/2022,BUF,NY,AEA,CE,Combined TRACON& Tower with Radar,121,22,18,0,161,0,7,15,2,24,121,29,33,2,185,0,0,0,185
10/25/2022,BUF,NY,AEA,CE,Combined TRACON& Tower with Radar,120,34,31,2,187,0,1,26,2,29,120,35,57,4,216,0,0,0,216
10/26/2022,BUF,NY,AEA,CE,Combined TRACON& Tower with Radar,129,34,25,0,188,0,2,6,0,8,129,36,31,0,196,0,0,0,196
10/27/2022,BUF,NY,AEA,CE,Combined TRACON& Tower with Radar,131,24,22,2,179,0,7,16,0,23,131,31,38,2,202,0,0,0,202
10/28/2022,BUF,NY,AEA,CE,Combined TRACON& Tower with Radar,126,28,19,0,173,0,9,16,0,25,126,37,35,0,198,0,0,0,198
10/29/2022,BUF,NY,AEA,CE,Combined TRACON& Tower with Radar,119,23,20,0,162,0,9,27,0,36,119,32,47,0,198,0,0,0,198
10/30/2022,BUF,NY,AEA,CE,Combined TRACON& Tower with Radar,127,29,37,0,193,0,5,37,1,43,127,34,74,1,236,0,0,0,236
10/31/2022,BUF,NY,AEA,CE,Combined TRACON& Tower with Radar,127,33,29,0,189,0,6,8,0,14,127,39,37,0,203,0,0,0,203
11/01/2022,BUF,NY,AEA,CE,Combined TRACON& Tower with Radar,126,37,35,0,198,0,4,0,0,4,126,41,35,0,202,0,0,0,202
11/02/2022,BUF,NY,AEA,CE,Combined TRACON& Tower with Radar,143,41,24,4,212,0,6,17,0,23,143,47,41,4,235,0,0,0,235
11/03/2022,BUF,NY,AEA,CE,Combined TRACON& Tower with Radar,128,54,26,1,209,0,4,27,1,32,128,58,53,2,241,0,0,0,241
11/04/2022,BUF,NY,AEA,CE,Combined TRACON& Tower with Radar,125,36,19,0,180,0,6,21,0,27,125,42,40,0,207,0,0,0,207
11/05/2022,BUF,NY,AEA,CE,Combined TRACON& Tower with Radar,99,20,12,0,131,0,2,10,0,12,99,22,22,0,143,0,0,0,143
11/06/2022,BUF,NY,AEA,CE,Combined TRACON& Tower with Radar,116,22,10,0,148,0,4,8,0,12,116,26,18,0,160,0,0,0,160
11/07/2022,BUF,NY,AEA,CE,Combined TRACON& Tower with Radar,127,40,18,0,185,0,7,18,0,25,127,47,36,0,210,0,0,0,210
11/08/2022,BUF,NY,AEA,CE,Combined TRACON& Tower with Radar,123,49,17,1,190,0,6,24,0,30,123,55,41,1,220,0,0,0,220
11/09/2022,BUF,NY,AEA,CE,Combined TRACON& Tower with Radar,120,37,23,0,180,0,17,24,0,41,120,54,47,0,221,0,0,0,221
11/10/2022,BUF,NY,AEA,CE,Combined TRACON& Tower with Radar,130,27,36,0,193,0,8,19,0,27,130,35,55,0,220,0,0,0,220
11/11/2022,BUF,NY,AEA,CE,Combined TRACON& Tower with Radar,128,44,27,0,199,0,3,5,0,8,128,47,32,0,207,0,0,0,207
11/12/2022,BUF,NY,AEA,CE,Combined TRACON& Tower with Radar,117,30,14,2,163,0,0,9,0,9,117,30,23,2,172,0,0,0,172
11/13/2022,BUF,NY,AEA,CE,Combined TRACON& Tower with Radar,125,53,30,2,210,0,0,0,1,1,125,53,30,3,211,0,0,0,211
11/14/2022,BUF,NY,AEA,CE,Combined TRACON& Tower with Radar,124,36,9,3,172,0,3,20,0,23,124,39,29,3,195,0,0,0,195
11/15/2022,BUF,NY,AEA,CE,Combined TRACON& Tower with Radar,124,32,18,0,174,0,0,14,0,14,124,32,32,0,188,0,0,0,188
11/16/2022,BUF,NY,AEA,CE,Combined TRACON& Tower with Radar,127,31,16,0,174,0,0,0,0,0,127,31,16,0,174,0,0,0,174
11/17/2022,BUF,NY,AEA,CE,Combined TRACON& Tower with Radar,104,32,11,0,147,0,2,2,0,4,104,34,13,0,151,0,0,0,151
11/18/2022,BUF,NY,AEA,CE,Combined TRACON& Tower with Radar,21,6,2,0,29,0,0,0,0,0,21,6,2,0,29,0,0,0,29
11/19/2022,BUF,NY,AEA,CE,Combined TRACON& Tower with Radar,25,8,4,0,37,0,0,0,0,0,25,8,4,0,37,0,0,0,37
11/20/2022,BUF,NY,AEA,CE,Combined TRACON& Tower with Radar,108,30,8,0,146,0,0,1,0,1,108,30,9,0,147,0,0,0,147
11/21/2022,BUF,NY,AEA,CE,Combined TRACON& Tower with Radar,134,22,6,0,162,0,2,6,0,8,134,24,12,0,170,0,0,0,170
11/22/2022,BUF,NY,AEA,CE,Combined TRACON& Tower with Radar,148,38,22,1,209,0,4,29,0,33,148,42,51,1,242,0,0,0,242
11/23/2022,BUF,NY,AEA,CE,Combined TRACON& Tower with Radar,148,34,17,0,199,0,2,14,0,16,148,36,31,0,215,0,0,0,215
11/24/2022,BUF,NY,AEA,CE,Combined TRACON& Tower with Radar,72,19,10,0,101,0,6,9,0,15,72,25,19,0,116,0,0,0,116
11/25/2022,BUF,NY,AEA,CE,Combined TRACON& Tower with Radar,99,30,11,0,140,0,4,0,0,4,99,34,11,0,144,0,0,0,144
11/26/2022,BUF,NY,AEA,CE,Combined TRACON& Tower with Radar,120,30,11,0,161,0,3,8,0,11,120,33,19,0,172,0,0,0,172
11/27/2022,BUF,NY,AEA,CE,Combined TRACON& Tower with Radar,127,52,31,0,210,0,1,4,0,5,127,53,35,0,215,0,0,0,215
11/28/2022,BUF,NY,AEA,CE,Combined TRACON& Tower with Radar,139,27,18,2,186,0,2,2,0,4,139,29,20,2,190,0,0,0,190
11/29/2022,BUF,NY,AEA,CE,Combined TRACON& Tower with Radar,133,35,27,0,195,0,3,30,0,33,133,38,57,0,228,0,0,0,228
11/30/2022,BUF,NY,AEA,CE,Combined TRACON& Tower with Radar,117,33,14,0,164,0,0,0,0,0,117,33,14,0,164,0,0,0,164
12/01/2022,BUF,NY,AEA,CE,Combined TRACON& Tower with Radar,142,26,23,0,191,0,1,4,0,5,142,27,27,0,196,0,0,0,196
12/02/2022,BUF,NY,AEA,CE,Combined TRACON& Tower with Radar,129,37,31,0,197,0,4,25,0,29,129,41,56,0,226,0,0,0,226
12/03/2022,BUF,NY,AEA,CE,Combined TRACON& Tower with Radar,108,27,7,0,142,0,1,0,0,1,108,28,7,0,143,0,0,0,143
12/04/2022,BUF,NY,AEA,CE,Combined TRACON& Tower with Radar,121,29,9,0,159,0,3,6,0,9,121,32,15,0,168,0,0,0,168
12/05/2022,BUF,NY,AEA,CE,Combined TRACON& Tower with Radar,127,32,14,2,175,0,7,23,0,30,127,39,37,2,205,0,0,0,205
12/06/2022,BUF,NY,AEA,CE,Combined TRACON& Tower with Radar,133,38,18,0,189,0,0,1,0,1,133,38,19,0,190,0,0,0,190
12/07/2022,BUF,NY,AEA,CE,Combined TRACON& Tower with Radar,126,36,18,0,180,0,0,0,0,0,126,36,18,0,180,0,0,0,180
12/08/2022,BUF,NY,AEA,CE,Combined TRACON& Tower with Radar,137,33,27,0,197,0,3,11,1,15,137,36,38,1,212,0,0,0,212
12/09/2022,BUF,NY,AEA,CE,Combined TRACON& Tower with Radar,138,36,12,0,186,0,4,2,4,10,138,40,14,4,196,0,0,0,196
12/10/2022,BUF,NY,AEA,CE,Combined TRACON& Tower with Radar,111,33,16,0,160,0,5,29,0,34,111,38,45,0,194,0,0,0,194
12/11/2022,BUF,NY,AEA,CE,Combined TRACON& Tower with Radar,121,50,11,2,184,0,0,0,0,0,121,50,11,2,184,0,0,0,184
12/12/2022,BUF,NY,AEA,CE,Combined TRACON& Tower with Radar,133,37,25,0,195,0,0,0,1,1,133,37,25,1,196,0,0,0,196
12/13/2022,BUF,NY,AEA,CE,Combined TRACON& Tower with Radar,133,32,23,2,190,0,6,35,2,43,133,38,58,4,233,0,0,0,233
12/14/2022,BUF,NY,AEA,CE,Combined TRACON& Tower with Radar,128,33,26,13,200,0,5,22,1,28,128,38,48,14,228,0,0,0,228
12/15/2022,BUF,NY,AEA,CE,Combined TRACON& Tower with Radar,131,32,9,0,172,0,0,0,0,0,131,32,9,0,172,0,0,0,172
12/16/2022,BUF,NY,AEA,CE,Combined TRACON& Tower with Radar,133,23,18,0,174,0,0,5,0,5,133,23,23,0,179,0,0,0,179
12/17/2022,BUF,NY,AEA,CE,Combined TRACON& Tower with Radar,111,16,7,0,134,0,0,0,0,0,111,16,7,0,134,0,0,0,134
12/18/2022,BUF,NY,AEA,CE,Combined TRACON& Tower with Radar,119,25,22,0,166,0,2,2,0,4,119,27,24,0,170,0,0,0,170
12/19/2022,BUF,NY,AEA,CE,Combined TRACON& Tower with Radar,118,29,20,0,167,0,0,3,0,3,118,29,23,0,170,0,0,0,170
12/20/2022,BUF,NY,AEA,CE,Combined TRACON& Tower with Radar,119,25,14,0,158,0,3,8,0,11,119,28,22,0,169,0,0,0,169
12/21/2022,BUF,NY,AEA,CE,Combined TRACON& Tower with Radar,133,26,28,0,187,0,3,31,2,36,133,29,59,2,223,0,0,0,223
12/22/2022,BUF,NY,AEA,CE,Combined TRACON& Tower with Radar,121,38,38,0,197,0,4,8,0,12,121,42,46,0,209,0,0,0,209
12/23/2022,BUF,NY,AEA,CE,Combined TRACON& Tower with Radar,28,3,2,0,33,0,0,0,0,0,28,3,2,0,33,0,0,0,33
12/24/2022,BUF,NY,AEA,CE,Combined TRACON& Tower with Radar,0,0,0,0,0,0,0,0,0,0,0,0,0,0,0,0,0,0,0
12/25/2022,BUF,NY,AEA,CE,Combined TRACON& Tower with Radar,0,0,0,0,0,0,0,0,0,0,0,0,0,0,0,0,0,0,0
12/26/2022,BUF,NY,AEA,CE,Combined TRACON& Tower with Radar,0,0,0,0,0,0,0,0,0,0,0,0,0,0,0,0,0,0,0
12/27/2022,BUF,NY,AEA,CE,Combined TRACON& Tower with Radar,0,0,0,0,0,0,0,1,0,1,0,0,1,0,1,0,0,0,1
12/28/2022,BUF,NY,AEA,CE,Combined TRACON& Tower with Radar,26,32,17,0,75,0,5,8,0,13,26,37,25,0,88,0,0,0,88
12/29/2022,BUF,NY,AEA,CE,Combined TRACON& Tower with Radar,75,42,23,0,140,0,2,10,0,12,75,44,33,0,152,0,0,0,152
12/30/2022,BUF,NY,AEA,CE,Combined TRACON& Tower with Radar,107,28,11,0,146,0,4,17,0,21,107,32,28,0,167,0,0,0,167
12/31/2022,BUF,NY,AEA,CE,Combined TRACON& Tower with Radar,95,16,4,0,115,0,0,0,0,0,95,16,4,0,115,0,0,0,115
01/01/2023,BUF,NY,AEA,CE,Combined TRACON& Tower with Radar,86,24,7,0,117,0,0,0,0,0,86,24,7,0,117,0,0,0,117
01/02/2023,BUF,NY,AEA,CE,Combined TRACON& Tower with Radar,97,23,21,0,141,0,0,0,0,0,97,23,21,0,141,0,0,0,141
01/03/2023,BUF,NY,AEA,CE,Combined TRACON& Tower with Radar,103,35,9,0,147,0,0,0,0,0,103,35,9,0,147,0,0,0,147
01/04/2023,BUF,NY,AEA,CE,Combined TRACON& Tower with Radar,112,34,10,0,156,0,0,1,0,1,112,34,11,0,157,0,0,0,157
01/05/2023,BUF,NY,AEA,CE,Combined TRACON& Tower with Radar,96,25,12,2,135,0,10,16,1,27,96,35,28,3,162,0,0,0,162
01/06/2023,BUF,NY,AEA,CE,Combined TRACON& Tower with Radar,98,29,10,0,137,0,2,2,0,4,98,31,12,0,141,0,0,0,141
01/07/2023,BUF,NY,AEA,CE,Combined TRACON& Tower with Radar,100,31,13,0,144,0,0,2,0,2,100,31,15,0,146,0,0,0,146
01/08/2023,BUF,NY,AEA,CE,Combined TRACON& Tower with Radar,104,46,20,0,170,0,2,18,0,20,104,48,38,0,190,0,0,0,190
01/09/2023,BUF,NY,AEA,CE,Combined TRACON& Tower with Radar,116,28,27,0,171,0,0,8,0,8,116,28,35,0,179,0,0,0,179
01/10/2023,BUF,NY,AEA,CE,Combined TRACON& Tower with Radar,120,33,10,2,165,0,1,2,0,3,120,34,12,2,168,0,0,0,168
01/11/2023,BUF,NY,AEA,CE,Combined TRACON& Tower with Radar,110,29,15,2,156,0,2,12,0,14,110,31,27,2,170,0,0,0,170
01/12/2023,BUF,NY,AEA,CE,Combined TRACON& Tower with Radar,118,39,22,0,179,0,0,2,0,2,118,39,24,0,181,0,0,0,181
01/13/2023,BUF,NY,AEA,CE,Combined TRACON& Tower with Radar,125,36,14,2,177,0,0,0,0,0,125,36,14,2,177,0,0,0,177
01/14/2023,BUF,NY,AEA,CE,Combined TRACON& Tower with Radar,106,27,19,0,152,0,2,3,0,5,106,29,22,0,157,0,0,0,157
01/15/2023,BUF,NY,AEA,CE,Combined TRACON& Tower with Radar,112,42,24,0,178,0,0,17,0,17,112,42,41,0,195,0,0,0,195
01/16/2023,BUF,NY,AEA,CE,Combined TRACON& Tower with Radar,109,29,18,0,156,0,4,43,0,47,109,33,61,0,203,0,0,0,203
01/17/2023,BUF,NY,AEA,CE,Combined TRACON& Tower with Radar,117,41,13,0,171,0,4,0,0,4,117,45,13,0,175,0,0,0,175
01/18/2023,BUF,NY,AEA,CE,Combined TRACON& Tower with Radar,116,35,17,0,168,0,0,2,0,2,116,35,19,0,170,0,0,0,170
01/19/2023,BUF,NY,AEA,CE,Combined TRACON& Tower with Radar,117,32,22,0,171,0,0,0,0,0,117,32,22,0,171,0,0,0,171
01/20/2023,BUF,NY,AEA,CE,Combined TRACON& Tower with Radar,120,24,8,0,152,0,0,0,0,0,120,24,8,0,152,0,0,0,152
01/21/2023,BUF,NY,AEA,CE,Combined TRACON& Tower with Radar,113,29,15,0,157,0,1,7,0,8,113,30,22,0,165,0,0,0,165
01/22/2023,BUF,NY,AEA,CE,Combined TRACON& Tower with Radar,110,77,30,0,217,0,1,8,0,9,110,78,38,0,226,0,0,0,226
01/23/2023,BUF,NY,AEA,CE,Combined TRACON& Tower with Radar,113,32,26,0,171,0,0,4,0,4,113,32,30,0,175,0,0,0,175
01/24/2023,BUF,NY,AEA,CE,Combined TRACON& Tower with Radar,115,29,15,0,159,0,2,8,2,12,115,31,23,2,171,0,0,0,171
01/25/2023,BUF,NY,AEA,CE,Combined TRACON& Tower with Radar,106,29,8,0,143,0,2,0,0,2,106,31,8,0,145,0,0,0,145
01/26/2023,BUF,NY,AEA,CE,Combined TRACON& Tower with Radar,127,34,14,0,175,0,0,2,0,2,127,34,16,0,177,0,0,0,177
01/27/2023,BUF,NY,AEA,CE,Combined TRACON& Tower with Radar,115,32,12,0,159,0,2,0,0,2,115,34,12,0,161,0,0,0,161
01/28/2023,BUF,NY,AEA,CE,Combined TRACON& Tower with Radar,108,24,5,0,137,0,2,2,0,4,108,26,7,0,141,0,0,0,141
01/29/2023,BUF,NY,AEA,CE,Combined TRACON& Tower with Radar,107,20,7,0,134,0,0,0,0,0,107,20,7,0,134,0,0,0,134
01/30/2023,BUF,NY,AEA,CE,Combined TRACON& Tower with Radar,112,22,10,0,144,0,4,2,1,7,112,26,12,1,151,0,0,0,151
01/31/2023,BUF,NY,AEA,CE,Combined TRACON& Tower with Radar,113,22,20,0,155,0,14,17,0,31,113,36,37,0,186,0,0,0,186
02/01/2023,BUF,NY,AEA,CE,Combined TRACON& Tower with Radar,112,23,23,0,158,0,4,19,0,23,112,27,42,0,181,0,0,0,181
02/02/2023,BUF,NY,AEA,CE,Combined TRACON& Tower with Radar,113,30,14,0,157,0,13,4,2,19,113,43,18,2,176,0,0,0,176
02/03/2023,BUF,NY,AEA,CE,Combined TRACON& Tower with Radar,113,38,17,0,168,0,6,1,0,7,113,44,18,0,175,0,0,0,175
02/04/2023,BUF,NY,AEA,CE,Combined TRACON& Tower with Radar,106,27,4,0,137,0,5,11,0,16,106,32,15,0,153,0,0,0,153
02/05/2023,BUF,NY,AEA,CE,Combined TRACON& Tower with Radar,108,18,16,0,142,0,2,3,0,5,108,20,19,0,147,0,0,0,147
02/06/2023,BUF,NY,AEA,CE,Combined TRACON& Tower with Radar,110,19,20,0,149,0,5,9,0,14,110,24,29,0,163,0,0,0,163
02/07/2023,BUF,NY,AEA,CE,Combined TRACON& Tower with Radar,113,30,10,0,153,0,4,3,0,7,113,34,13,0,160,0,0,0,160
02/08/2023,BUF,NY,AEA,CE,Combined TRACON& Tower with Radar,111,40,18,0,169,0,6,21,0,27,111,46,39,0,196,0,0,0,196
02/09/2023,BUF,NY,AEA,CE,Combined TRACON& Tower with Radar,116,36,13,0,165,0,1,0,0,1,116,37,13,0,166,0,0,0,166
02/10/2023,BUF,NY,AEA,CE,Combined TRACON& Tower with Radar,124,30,5,0,159,0,0,1,0,1,124,30,6,0,160,0,0,0,160
02/11/2023,BUF,NY,AEA,CE,Combined TRACON& Tower with Radar,116,25,6,0,147,0,4,11,0,15,116,29,17,0,162,0,0,0,162
02/12/2023,BUF,NY,AEA,CE,Combined TRACON& Tower with Radar,108,31,15,0,154,0,4,11,0,15,108,35,26,0,169,0,0,0,169
02/13/2023,BUF,NY,AEA,CE,Combined TRACON& Tower with Radar,116,37,25,0,178,0,7,2,0,9,116,44,27,0,187,0,0,0,187
02/14/2023,BUF,NY,AEA,CE,Combined TRACON& Tower with Radar,115,34,25,0,174,0,4,22,0,26,115,38,47,0,200,0,0,0,200
02/15/2023,BUF,NY,AEA,CE,Combined TRACON& Tower with Radar,114,33,18,0,165,0,2,1,0,3,114,35,19,0,168,0,0,0,168
02/16/2023,BUF,NY,AEA,CE,Combined TRACON& Tower with Radar,121,30,12,0,163,0,4,4,0,8,121,34,16,0,171,0,0,0,171
02/17/2023,BUF,NY,AEA,CE,Combined TRACON& Tower with Radar,125,44,15,0,184,0,0,0,0,0,125,44,15,0,184,0,0,0,184
02/18/2023,BUF,NY,AEA,CE,Combined TRACON& Tower with Radar,116,27,12,0,155,0,6,2,0,8,116,33,14,0,163,0,0,0,163
02/19/2023,BUF,NY,AEA,CE,Combined TRACON& Tower with Radar,113,27,14,0,154,0,5,12,1,18,113,32,26,1,172,0,0,0,172
02/20/2023,BUF,NY,AEA,CE,Combined TRACON& Tower with Radar,116,20,11,0,147,0,6,19,0,25,116,26,30,0,172,0,0,0,172
02/21/2023,BUF,NY,AEA,CE,Combined TRACON& Tower with Radar,129,38,10,2,179,0,1,0,1,2,129,39,10,3,181,0,0,0,181
02/22/2023,BUF,NY,AEA,CE,Combined TRACON& Tower with Radar,87,24,8,0,119,0,0,3,0,3,87,24,11,0,122,0,0,0,122
02/23/2023,BUF,NY,AEA,CE,Combined TRACON& Tower with Radar,107,17,2,0,126,0,0,0,0,0,107,17,2,0,126,0,0,0,126
02/24/2023,BUF,NY,AEA,CE,Combined TRACON& Tower with Radar,118,24,8,0,150,0,4,2,0,6,118,28,10,0,156,0,0,0,156
02/25/2023,BUF,NY,AEA,CE,Combined TRACON& Tower with Radar,122,28,4,0,154,0,2,0,0,2,122,30,4,0,156,0,0,0,156
02/26/2023,BUF,NY,AEA,CE,Combined TRACON& Tower with Radar,112,23,11,0,146,0,2,2,0,4,112,25,13,0,150,0,0,0,150
02/27/2023,BUF,NY,AEA,CE,Combined TRACON& Tower with Radar,101,30,12,0,143,0,3,12,0,15,101,33,24,0,158,0,0,0,158
02/28/2023,BUF,NY,AEA,CE,Combined TRACON& Tower with Radar,120,28,7,0,155,0,0,0,0,0,120,28,7,0,155,0,0,0,155
03/01/2023,BUF,NY,AEA,CE,Combined TRACON& Tower with Radar,125,25,14,0,164,0,14,11,2,27,125,39,25,2,191,0,0,0,191
03/02/2023,BUF,NY,AEA,CE,Combined TRACON& Tower with Radar,120,30,17,0,167,0,4,6,0,10,120,34,23,0,177,0,0,0,177
03/03/2023,BUF,NY,AEA,CE,Combined TRACON& Tower with Radar,106,29,9,0,144,0,10,12,0,22,106,39,21,0,166,0,0,0,166
03/04/2023,BUF,NY,AEA,CE,Combined TRACON& Tower with Radar,117,30,1,0,148,0,2,1,0,3,117,32,2,0,151,0,0,0,151
03/05/2023,BUF,NY,AEA,CE,Combined TRACON& Tower with Radar,106,34,12,0,152,0,0,10,0,10,106,34,22,0,162,0,0,0,162
03/06/2023,BUF,NY,AEA,CE,Combined TRACON& Tower with Radar,118,33,20,0,171,0,2,14,0,16,118,35,34,0,187,0,0,0,187
03/07/2023,BUF,NY,AEA,CE,Combined TRACON& Tower with Radar,121,23,17,0,161,0,7,9,2,18,121,30,26,2,179,0,0,0,179
03/08/2023,BUF,NY,AEA,CE,Combined TRACON& Tower with Radar,124,31,15,2,172,0,4,14,2,20,124,35,29,4,192,0,0,0,192
03/09/2023,BUF,NY,AEA,CE,Combined TRACON& Tower with Radar,126,39,20,2,187,0,4,21,0,25,126,43,41,2,212,0,0,0,212
03/10/2023,BUF,NY,AEA,CE,Combined TRACON& Tower with Radar,122,24,7,0,153,0,1,4,0,5,122,25,11,0,158,0,0,0,158
03/11/2023,BUF,NY,AEA,CE,Combined TRACON& Tower with Radar,119,28,11,0,158,0,0,5,0,5,119,28,16,0,163,0,0,0,163
03/12/2023,BUF,NY,AEA,CE,Combined TRACON& Tower with Radar,113,41,19,0,173,0,0,7,0,7,113,41,26,0,180,0,0,0,180
03/13/2023,BUF,NY,AEA,CE,Combined TRACON& Tower with Radar,127,28,12,0,167,0,0,0,0,0,127,28,12,0,167,0,0,0,167
03/14/2023,BUF,NY,AEA,CE,Combined TRACON& Tower with Radar,119,33,11,0,163,0,0,0,0,0,119,33,11,0,163,0,0,0,163
03/15/2023,BUF,NY,AEA,CE,Combined TRACON& Tower with Radar,130,32,28,0,190,0,0,35,0,35,130,32,63,0,225,0,0,0,225
03/16/2023,BUF,NY,AEA,CE,Combined TRACON& Tower with Radar,130,34,14,0,178,0,6,27,1,34,130,40,41,1,212,0,0,0,212
03/17/2023,BUF,NY,AEA,CE,Combined TRACON& Tower with Radar,125,33,26,2,186,0,0,0,1,1,125,33,26,3,187,0,0,0,187
03/18/2023,BUF,NY,AEA,CE,Combined TRACON& Tower with Radar,123,23,5,0,151,0,2,2,0,4,123,25,7,0,155,0,0,0,155
03/19/2023,BUF,NY,AEA,CE,Combined TRACON& Tower with Radar,116,30,12,0,158,0,4,5,0,9,116,34,17,0,167,0,0,0,167
03/20/2023,BUF,NY,AEA,CE,Combined TRACON& Tower with Radar,124,32,15,0,171,0,0,2,0,2,124,32,17,0,173,0,0,0,173
03/21/2023,BUF,NY,AEA,CE,Combined TRACON& Tower with Radar,139,27,24,0,190,0,3,16,0,19,139,30,40,0,209,0,0,0,209
03/22/2023,BUF,NY,AEA,CE,Combined TRACON& Tower with Radar,126,40,16,0,182,0,10,22,1,33,126,50,38,1,215,0,0,0,215
03/23/2023,BUF,NY,AEA,CE,Combined TRACON& Tower with Radar,129,29,18,0,176,0,0,0,0,0,129,29,18,0,176,0,0,0,176
03/24/2023,BUF,NY,AEA,CE,Combined TRACON& Tower with Radar,132,30,11,0,173,0,2,20,0,22,132,32,31,0,195,0,0,0,195
03/25/2023,BUF,NY,AEA,CE,Combined TRACON& Tower with Radar,126,18,7,0,151,0,1,0,0,1,126,19,7,0,152,0,0,0,152
03/26/2023,BUF,NY,AEA,CE,Combined TRACON& Tower with Radar,111,29,9,0,149,0,5,2,0,7,111,34,11,0,156,0,0,0,156
03/27/2023,BUF,NY,AEA,CE,Combined TRACON& Tower with Radar,125,29,11,0,165,0,0,0,0,0,125,29,11,0,165,0,0,0,165
03/28/2023,BUF,NY,AEA,CE,Combined TRACON& Tower with Radar,130,26,30,0,186,0,0,7,0,7,130,26,37,0,193,0,0,0,193
03/29/2023,BUF,NY,AEA,CE,Combined TRACON& Tower with Radar,127,32,19,0,178,0,0,4,0,4,127,32,23,0,182,0,0,0,182
03/30/2023,BUF,NY,AEA,CE,Combined TRACON& Tower with Radar,128,29,22,0,179,0,2,25,0,27,128,31,47,0,206,0,0,0,206
03/31/2023,BUF,NY,AEA,CE,Combined TRACON& Tower with Radar,126,37,18,0,181,0,0,0,0,0,126,37,18,0,181,0,0,0,181
04/01/2023,BUF,NY,AEA,CE,Combined TRACON& Tower with Radar,113,36,7,0,156,0,1,0,0,1,113,37,7,0,157,0,0,0,157
04/02/2023,BUF,NY,AEA,CE,Combined TRACON& Tower with Radar,117,13,18,0,148,0,7,20,0,27,117,20,38,0,175,0,0,0,175
04/03/2023,BUF,NY,AEA,CE,Combined TRACON& Tower with Radar,127,22,14,0,163,0,0,2,0,2,127,22,16,0,165,0,0,0,165
04/04/2023,BUF,NY,AEA,CE,Combined TRACON& Tower with Radar,138,21,12,0,171,0,2,0,0,2,138,23,12,0,173,0,0,0,173
04/05/2023,BUF,NY,AEA,CE,Combined TRACON& Tower with Radar,134,25,9,2,170,0,0,0,0,0,134,25,9,2,170,0,0,0,170
04/06/2023,BUF,NY,AEA,CE,Combined TRACON& Tower with Radar,134,30,21,0,185,0,2,5,0,7,134,32,26,0,192,0,0,0,192
04/07/2023,BUF,NY,AEA,CE,Combined TRACON& Tower with Radar,144,25,12,0,181,0,0,26,0,26,144,25,38,0,207,0,0,0,207
04/08/2023,BUF,NY,AEA,CE,Combined TRACON& Tower with Radar,133,11,16,1,161,0,1,32,0,33,133,12,48,1,194,0,0,0,194
04/09/2023,BUF,NY,AEA,CE,Combined TRACON& Tower with Radar,125,21,14,0,160,0,2,16,0,18,125,23,30,0,178,0,0,0,178
04/10/2023,BUF,NY,AEA,CE,Combined TRACON& Tower with Radar,137,28,14,0,179,0,5,34,0,39,137,33,48,0,218,0,0,0,218
04/11/2023,BUF,NY,AEA,CE,Combined TRACON& Tower with Radar,144,23,15,0,182,0,7,16,0,23,144,30,31,0,205,0,0,0,205
04/12/2023,BUF,NY,AEA,CE,Combined TRACON& Tower with Radar,139,21,10,0,170,0,2,8,0,10,139,23,18,0,180,0,0,0,180
04/13/2023,BUF,NY,AEA,CE,Combined TRACON& Tower with Radar,133,23,19,4,179,0,4,31,2,37,133,27,50,6,216,0,0,0,216
04/14/2023,BUF,NY,AEA,CE,Combined TRACON& Tower with Radar,138,15,22,0,175,0,6,32,0,38,138,21,54,0,213,0,0,0,213
04/15/2023,BUF,NY,AEA,CE,Combined TRACON& Tower with Radar,116,13,7,0,136,0,0,30,0,30,116,13,37,0,166,0,0,0,166
04/16/2023,BUF,NY,AEA,CE,Combined TRACON& Tower with Radar,112,28,17,0,157,0,3,22,0,25,112,31,39,0,182,0,0,0,182
04/17/2023,BUF,NY,AEA,CE,Combined TRACON& Tower with Radar,129,34,21,0,184,0,2,9,0,11,129,36,30,0,195,0,0,0,195
04/18/2023,BUF,NY,AEA,CE,Combined TRACON& Tower with Radar,149,21,10,0,180,0,0,0,0,0,149,21,10,0,180,0,0,0,180
04/19/2023,BUF,NY,AEA,CE,Combined TRACON& Tower with Radar,133,23,18,0,174,0,4,13,0,17,133,27,31,0,191,0,0,0,191
04/20/2023,BUF,NY,AEA,CE,Combined TRACON& Tower with Radar,134,23,26,0,183,0,0,16,0,16,134,23,42,0,199,0,0,0,199
04/21/2023,BUF,NY,AEA,CE,Combined TRACON& Tower with Radar,133,24,27,0,184,0,3,20,0,23,133,27,47,0,207,0,0,0,207
04/22/2023,BUF,NY,AEA,CE,Combined TRACON& Tower with Radar,120,10,3,0,133,0,0,0,0,0,120,10,3,0,133,0,0,0,133
04/23/2023,BUF,NY,AEA,CE,Combined TRACON& Tower with Radar,114,13,21,0,148,0,0,6,0,6,114,13,27,0,154,0,0,0,154
04/24/2023,BUF,NY,AEA,CE,Combined TRACON& Tower with Radar,131,17,20,2,170,0,2,5,0,7,131,19,25,2,177,0,0,0,177
04/25/2023,BUF,NY,AEA,CE,Combined TRACON& Tower with Radar,137,28,19,0,184,0,5,22,0,27,137,33,41,0,211,0,0,0,211
04/26/2023,BUF,NY,AEA,CE,Combined TRACON& Tower with Radar,133,22,15,0,170,0,5,16,0,21,133,27,31,0,191,0,0,0,191
04/27/2023,BUF,NY,AEA,CE,Combined TRACON& Tower with Radar,129,16,19,0,164,0,8,29,0,37,129,24,48,0,201,0,0,0,201
04/28/2023,BUF,NY,AEA,CE,Combined TRACON& Tower with Radar,135,24,17,0,176,0,0,8,0,8,135,24,25,0,184,0,0,0,184
04/29/2023,BUF,NY,AEA,CE,Combined TRACON& Tower with Radar,109,18,21,0,148,0,2,0,0,2,109,20,21,0,150,0,0,0,150
04/30/2023,BUF,NY,AEA,CE,Combined TRACON& Tower with Radar,107,25,7,0,139,0,4,0,0,4,107,29,7,0,143,0,0,0,143
05/01/2023,BUF,NY,AEA,CE,Combined TRACON& Tower with Radar,128,34,24,2,188,0,5,0,0,5,128,39,24,2,193,0,0,0,193
05/02/2023,BUF,NY,AEA,CE,Combined TRACON& Tower with Radar,140,18,11,0,169,0,2,0,0,2,140,20,11,0,171,0,0,0,171
05/03/2023,BUF,NY,AEA,CE,Combined TRACON& Tower with Radar,141,21,14,0,176,0,3,1,0,4,141,24,15,0,180,0,0,0,180
05/04/2023,BUF,NY,AEA,CE,Combined TRACON& Tower with Radar,137,36,24,0,197,0,6,9,0,15,137,42,33,0,212,0,0,0,212
05/05/2023,BUF,NY,AEA,CE,Combined TRACON& Tower with Radar,134,29,17,0,180,0,2,29,0,31,134,31,46,0,211,0,0,0,211
05/06/2023,BUF,NY,AEA,CE,Combined TRACON& Tower with Radar,111,20,13,0,144,0,1,28,0,29,111,21,41,0,173,0,0,0,173
05/07/2023,BUF,NY,AEA,CE,Combined TRACON& Tower with Radar,114,25,15,0,154,0,10,15,0,25,114,35,30,0,179,0,0,0,179
05/08/2023,BUF,NY,AEA,CE,Combined TRACON& Tower with Radar,132,21,17,0,170,0,1,29,0,30,132,22,46,0,200,0,0,0,200
05/09/2023,BUF,NY,AEA,CE,Combined TRACON& Tower with Radar,131,22,12,0,165,0,0,27,0,27,131,22,39,0,192,0,0,0,192
05/10/2023,BUF,NY,AEA,CE,Combined TRACON& Tower with Radar,133,32,23,0,188,0,7,30,0,37,133,39,53,0,225,0,0,0,225
05/11/2023,BUF,NY,AEA,CE,Combined TRACON& Tower with Radar,137,23,28,0,188,0,7,29,0,36,137,30,57,0,224,0,0,0,224
05/12/2023,BUF,NY,AEA,CE,Combined TRACON& Tower with Radar,127,28,28,0,183,0,8,26,0,34,127,36,54,0,217,0,0,0,217
05/13/2023,BUF,NY,AEA,CE,Combined TRACON& Tower with Radar,109,21,17,0,147,0,5,24,0,29,109,26,41,0,176,0,0,0,176
05/14/2023,BUF,NY,AEA,CE,Combined TRACON& Tower with Radar,116,32,13,0,161,0,1,16,0,17,116,33,29,0,178,0,0,0,178
05/15/2023,BUF,NY,AEA,CE,Combined TRACON& Tower with Radar,129,24,23,0,176,0,6,25,0,31,129,30,48,0,207,0,0,0,207
05/16/2023,BUF,NY,AEA,CE,Combined TRACON& Tower with Radar,130,30,11,0,171,0,10,6,0,16,130,40,17,0,187,0,0,0,187
05/17/2023,BUF,NY,AEA,CE,Combined TRACON& Tower with Radar,128,26,19,2,175,0,2,25,2,29,128,28,44,4,204,0,0,0,204
05/18/2023,BUF,NY,AEA,CE,Combined TRACON& Tower with Radar,138,32,14,0,184,0,4,45,0,49,138,36,59,0,233,0,0,0,233
05/19/2023,BUF,NY,AEA,CE,Combined TRACON& Tower with Radar,126,33,23,0,182,0,2,10,2,14,126,35,33,2,196,0,0,0,196
05/20/2023,BUF,NY,AEA,CE,Combined TRACON& Tower with Radar,109,25,11,0,145,0,0,0,0,0,109,25,11,0,145,0,0,0,145
05/21/2023,BUF,NY,AEA,CE,Combined TRACON& Tower with Radar,124,21,23,0,168,0,7,22,0,29,124,28,45,0,197,0,0,0,197
05/22/2023,BUF,NY,AEA,CE,Combined TRACON& Tower with Radar,127,27,13,0,167,0,6,25,0,31,127,33,38,0,198,0,0,0,198
05/23/2023,BUF,NY,AEA,CE,Combined TRACON& Tower with Radar,133,21,18,0,172,0,3,38,1,42,133,24,56,1,214,0,0,0,214
05/24/2023,BUF,NY,AEA,CE,Combined TRACON& Tower with Radar,128,55,28,0,211,0,5,2,2,9,128,60,30,2,220,0,0,0,220
05/25/2023,BUF,NY,AEA,CE,Combined TRACON& Tower with Radar,133,28,30,2,193,0,11,27,1,39,133,39,57,3,232,0,0,0,232
05/26/2023,BUF,NY,AEA,CE,Combined TRACON& Tower with Radar,130,21,23,0,174,0,6,31,1,38,130,27,54,1,212,0,0,0,212
05/27/2023,BUF,NY,AEA,CE,Combined TRACON& Tower with Radar,107,24,8,0,139,0,4,27,0,31,107,28,35,0,170,0,0,0,170
05/28/2023,BUF,NY,AEA,CE,Combined TRACON& Tower with Radar,114,22,4,1,141,0,1,31,0,32,114,23,35,1,173,0,0,0,173
05/29/2023,BUF,NY,AEA,CE,Combined TRACON& Tower with Radar,114,24,19,0,157,0,5,20,0,25,114,29,39,0,182,0,0,0,182
05/30/2023,BUF,NY,AEA,CE,Combined TRACON& Tower with Radar,136,26,27,1,190,0,0,22,0,22,136,26,49,1,212,0,0,0,212
05/31/2023,BUF,NY,AEA,CE,Combined TRACON& Tower with Radar,126,20,13,0,159,0,6,24,0,30,126,26,37,0,189,0,0,0,189
06/01/2023,BUF,NY,AEA,CE,Combined TRACON& Tower with Radar,145,26,21,0,192,0,2,23,0,25,145,28,44,0,217,0,0,0,217
06/02/2023,BUF,NY,AEA,CE,Combined TRACON& Tower with Radar,116,34,20,0,170,0,5,16,0,21,116,39,36,0,191,0,0,0,191
06/03/2023,BUF,NY,AEA,CE,Combined TRACON& Tower with Radar,110,22,11,0,143,0,0,6,0,6,110,22,17,0,149,0,0,0,149
06/04/2023,BUF,NY,AEA,CE,Combined TRACON& Tower with Radar,116,35,15,0,166,0,1,13,0,14,116,36,28,0,180,0,0,0,180
06/05/2023,BUF,NY,AEA,CE,Combined TRACON& Tower with Radar,124,40,20,4,188,0,4,18,0,22,124,44,38,4,210,0,0,0,210
06/06/2023,BUF,NY,AEA,CE,Combined TRACON& Tower with Radar,132,28,13,0,173,0,1,8,2,11,132,29,21,2,184,0,0,0,184
06/07/2023,BUF,NY,AEA,CE,Combined TRACON& Tower with Radar,129,35,22,0,186,0,1,6,0,7,129,36,28,0,193,0,0,0,193
06/08/2023,BUF,NY,AEA,CE,Combined TRACON& Tower with Radar,140,34,32,0,206,0,4,14,0,18,140,38,46,0,224,0,0,0,224
06/09/2023,BUF,NY,AEA,CE,Combined TRACON& Tower with Radar,126,35,12,0,173,0,3,8,0,11,126,38,20,0,184,0,0,0,184
06/10/2023,BUF,NY,AEA,CE,Combined TRACON& Tower with Radar,106,20,14,0,140,0,2,14,0,16,106,22,28,0,156,0,0,0,156
06/11/2023,BUF,NY,AEA,CE,Combined TRACON& Tower with Radar,121,31,11,0,163,0,7,8,0,15,121,38,19,0,178,0,0,0,178
06/12/2023,BUF,NY,AEA,CE,Combined TRACON& Tower with Radar,119,43,12,0,174,0,0,0,0,0,119,43,12,0,174,0,0,0,174
06/13/2023,BUF,NY,AEA,CE,Combined TRACON& Tower with Radar,144,49,21,0,214,0,4,10,0,14,144,53,31,0,228,0,0,0,228
06/14/2023,BUF,NY,AEA,CE,Combined TRACON& Tower with Radar,119,38,21,0,178,0,0,4,0,4,119,38,25,0,182,0,0,0,182
06/15/2023,BUF,NY,AEA,CE,Combined TRACON& Tower with Radar,137,35,23,0,195,0,2,23,0,25,137,37,46,0,220,0,0,0,220
06/16/2023,BUF,NY,AEA,CE,Combined TRACON& Tower with Radar,120,36,18,0,174,0,4,3,0,7,120,40,21,0,181,0,0,0,181
06/17/2023,BUF,NY,AEA,CE,Combined TRACON& Tower with Radar,101,24,15,0,140,0,6,23,0,29,101,30,38,0,169,0,0,0,169
06/18/2023,BUF,NY,AEA,CE,Combined TRACON& Tower with Radar,110,30,24,0,164,0,0,10,0,10,110,30,34,0,174,0,0,0,174
06/19/2023,BUF,NY,AEA,CE,Combined TRACON& Tower with Radar,116,28,15,2,161,0,4,31,0,35,116,32,46,2,196,0,0,0,196
06/20/2023,BUF,NY,AEA,CE,Combined TRACON& Tower with Radar,139,41,14,7,201,0,4,31,0,35,139,45,45,7,236,0,0,0,236
06/21/2023,BUF,NY,AEA,CE,Combined TRACON& Tower with Radar,134,33,25,5,197,0,9,22,1,32,134,42,47,6,229,0,0,0,229
06/22/2023,BUF,NY,AEA,CE,Combined TRACON& Tower with Radar,140,38,34,0,212,0,2,26,0,28,140,40,60,0,240,0,0,0,240
06/23/2023,BUF,NY,AEA,CE,Combined TRACON& Tower with Radar,122,40,19,0,181,0,0,10,0,10,122,40,29,0,191,0,0,0,191
06/24/2023,BUF,NY,AEA,CE,Combined TRACON& Tower with Radar,104,26,26,0,156,0,2,0,0,2,104,28,26,0,158,0,0,0,158
06/25/2023,BUF,NY,AEA,CE,Combined TRACON& Tower with Radar,98,31,16,0,145,0,1,2,0,3,98,32,18,0,148,0,0,0,148
06/26/2023,BUF,NY,AEA,CE,Combined TRACON& Tower with Radar,98,29,21,0,148,0,0,2,0,2,98,29,23,0,150,0,0,0,150
06/27/2023,BUF,NY,AEA,CE,Combined TRACON& Tower with Radar,117,35,30,0,182,0,2,0,0,2,117,37,30,0,184,0,0,0,184
06/28/2023,BUF,NY,AEA,CE,Combined TRACON& Tower with Radar,121,31,29,0,181,0,0,0,0,0,121,31,29,0,181,0,0,0,181
06/29/2023,BUF,NY,AEA,CE,Combined TRACON& Tower with Radar,141,36,32,0,209,0,3,11,0,14,141,39,43,0,223,0,0,0,223
06/30/2023,BUF,NY,AEA,CE,Combined TRACON& Tower with Radar,127,29,27,2,185,0,0,0,0,0,127,29,27,2,185,0,0,0,185
07/01/2023,BUF,NY,AEA,CE,Combined TRACON& Tower with Radar,97,28,18,0,143,0,1,17,0,18,97,29,35,0,161,0,0,0,161
07/02/2023,BUF,NY,AEA,CE,Combined TRACON& Tower with Radar,106,23,8,0,137,0,2,2,0,4,106,25,10,0,141,0,0,0,141
07/03/2023,BUF,NY,AEA,CE,Combined TRACON& Tower with Radar,104,19,15,0,138,0,3,0,0,3,104,22,15,0,141,0,0,0,141
07/04/2023,BUF,NY,AEA,CE,Combined TRACON& Tower with Radar,105,17,8,0,130,0,8,20,0,28,105,25,28,0,158,0,0,0,158
07/05/2023,BUF,NY,AEA,CE,Combined TRACON& Tower with Radar,122,22,27,0,171,0,10,29,0,39,122,32,56,0,210,0,0,0,210
07/06/2023,BUF,NY,AEA,CE,Combined TRACON& Tower with Radar,142,24,21,0,187,0,12,10,0,22,142,36,31,0,209,0,0,0,209
07/07/2023,BUF,NY,AEA,CE,Combined TRACON& Tower with Radar,119,31,22,0,172,0,6,15,0,21,119,37,37,0,193,0,0,0,193
07/08/2023,BUF,NY,AEA,CE,Combined TRACON& Tower with Radar,104,28,10,0,142,0,2,29,0,31,104,30,39,0,173,0,0,0,173
07/09/2023,BUF,NY,AEA,CE,Combined TRACON& Tower with Radar,97,32,25,0,154,0,0,9,0,9,97,32,34,0,163,0,0,0,163
07/10/2023,BUF,NY,AEA,CE,Combined TRACON& Tower with Radar,116,39,22,2,179,0,4,33,0,37,116,43,55,2,216,0,0,0,216
07/11/2023,BUF,NY,AEA,CE,Combined TRACON& Tower with Radar,148,33,23,2,206,0,1,14,1,16,148,34,37,3,222,0,0,0,222
07/12/2023,BUF,NY,AEA,CE,Combined TRACON& Tower with Radar,133,38,24,3,198,0,2,41,0,43,133,40,65,3,241,0,0,0,241
07/13/2023,BUF,NY,AEA,CE,Combined TRACON& Tower with Radar,150,27,22,1,200,0,2,5,0,7,150,29,27,1,207,0,0,0,207
07/14/2023,BUF,NY,AEA,CE,Combined TRACON& Tower with Radar,124,27,21,0,172,0,6,26,2,34,124,33,47,2,206,0,0,0,206
07/15/2023,BUF,NY,AEA,CE,Combined TRACON& Tower with Radar,110,28,19,0,157,0,0,13,1,14,110,28,32,1,171,0,0,0,171
07/16/2023,BUF,NY,AEA,CE,Combined TRACON& Tower with Radar,86,28,28,1,143,0,2,0,0,2,86,30,28,1,145,0,0,0,145
07/17/2023,BUF,NY,AEA,CE,Combined TRACON& Tower with Radar,114,46,26,0,186,0,9,10,0,19,114,55,36,0,205,0,0,0,205
07/18/2023,BUF,NY,AEA,CE,Combined TRACON& Tower with Radar,137,25,29,2,193,0,4,8,0,12,137,29,37,2,205,0,0,0,205
07/19/2023,BUF,NY,AEA,CE,Combined TRACON& Tower with Radar,141,25,19,0,185,0,11,42,0,53,141,36,61,0,238,0,0,0,238
07/20/2023,BUF,NY,AEA,CE,Combined TRACON& Tower with Radar,139,27,26,0,192,0,7,13,0,20,139,34,39,0,212,0,0,0,212
07/21/2023,BUF,NY,AEA,CE,Combined TRACON& Tower with Radar,144,39,28,0,211,0,5,8,0,13,144,44,36,0,224,0,0,0,224
07/22/2023,BUF,NY,AEA,CE,Combined TRACON& Tower with Radar,103,26,18,0,147,0,5,14,0,19,103,31,32,0,166,0,0,0,166
07/23/2023,BUF,NY,AEA,CE,Combined TRACON& Tower with Radar,121,36,13,0,170,0,5,15,0,20,121,41,28,0,190,0,0,0,190
07/24/2023,BUF,NY,AEA,CE,Combined TRACON& Tower with Radar,123,38,10,1,172,0,1,12,0,13,123,39,22,1,185,0,0,0,185
07/25/2023,BUF,NY,AEA,CE,Combined TRACON& Tower with Radar,140,39,23,1,203,0,0,13,3,16,140,39,36,4,219,0,0,0,219
07/26/2023,BUF,NY,AEA,CE,Combined TRACON& Tower with Radar,147,43,28,0,218,0,5,14,3,22,147,48,42,3,240,0,0,0,240
07/27/2023,BUF,NY,AEA,CE,Combined TRACON& Tower with Radar,134,29,30,2,195,0,7,10,1,18,134,36,40,3,213,0,0,0,213
07/28/2023,BUF,NY,AEA,CE,Combined TRACON& Tower with Radar,126,34,29,2,191,0,1,24,3,28,126,35,53,5,219,0,0,0,219
07/29/2023,BUF,NY,AEA,CE,Combined TRACON& Tower with Radar,98,30,11,0,139,0,0,2,0,2,98,30,13,0,141,0,0,0,141
07/30/2023,BUF,NY,AEA,CE,Combined TRACON& Tower with Radar,113,33,17,0,163,0,3,49,0,52,113,36,66,0,215,0,0,0,215
07/31/2023,BUF,NY,AEA,CE,Combined TRACON& Tower with Radar,121,34,14,0,169,0,5,19,0,24,121,39,33,0,193,0,0,0,193
08/01/2023,BUF,NY,AEA,CE,Combined TRACON& Tower with Radar,154,20,15,0,189,0,4,30,0,34,154,24,45,0,223,0,0,0,223
08/02/2023,BUF,NY,AEA,CE,Combined TRACON& Tower with Radar,148,19,26,2,195,0,10,30,1,41,148,29,56,3,236,0,0,0,236
08/03/2023,BUF,NY,AEA,CE,Combined TRACON& Tower with Radar,146,28,17,2,193,0,3,16,0,19,146,31,33,2,212,0,0,0,212
08/04/2023,BUF,NY,AEA,CE,Combined TRACON& Tower with Radar,145,26,11,0,182,0,8,23,0,31,145,34,34,0,213,0,0,0,213
08/05/2023,BUF,NY,AEA,CE,Combined TRACON& Tower with Radar,107,31,21,0,159,0,4,13,0,17,107,35,34,0,176,0,0,0,176
08/06/2023,BUF,NY,AEA,CE,Combined TRACON& Tower with Radar,124,35,24,0,183,0,1,15,0,16,124,36,39,0,199,0,0,0,199
08/07/2023,BUF,NY,AEA,CE,Combined TRACON& Tower with Radar,112,26,26,0,164,0,5,18,0,23,112,31,44,0,187,0,0,0,187
08/08/2023,BUF,NY,AEA,CE,Combined TRACON& Tower with Radar,157,27,28,4,216,0,8,7,2,17,157,35,35,6,233,0,0,0,233
08/09/2023,BUF,NY,AEA,CE,Combined TRACON& Tower with Radar,145,29,23,0,197,0,5,21,1,27,145,34,44,1,224,0,0,0,224
08/10/2023,BUF,NY,AEA,CE,Combined TRACON& Tower with Radar,149,30,27,0,206,0,4,6,3,13,149,34,33,3,219,0,0,0,219
08/11/2023,BUF,NY,AEA,CE,Combined TRACON& Tower with Radar,140,28,24,2,194,0,2,22,0,24,140,30,46,2,218,0,0,0,218
08/12/2023,BUF,NY,AEA,CE,Combined TRACON& Tower with Radar,100,21,13,0,134,0,0,4,0,4,100,21,17,0,138,0,0,0,138
08/13/2023,BUF,NY,AEA,CE,Combined TRACON& Tower with Radar,135,30,32,0,197,0,7,18,0,25,135,37,50,0,222,0,0,0,222
08/14/2023,BUF,NY,AEA,CE,Combined TRACON& Tower with Radar,131,23,27,0,181,0,3,20,0,23,131,26,47,0,204,0,0,0,204
08/15/2023,BUF,NY,AEA,CE,Combined TRACON& Tower with Radar,149,32,29,0,210,0,2,2,0,4,149,34,31,0,214,0,0,0,214
08/16/2023,BUF,NY,AEA,CE,Combined TRACON& Tower with Radar,148,27,21,2,198,0,13,14,0,27,148,40,35,2,225,0,0,0,225
08/17/2023,BUF,NY,AEA,CE,Combined TRACON& Tower with Radar,144,33,20,0,197,0,6,16,3,25,144,39,36,3,222,0,0,0,222
08/18/2023,BUF,NY,AEA,CE,Combined TRACON& Tower with Radar,147,22,18,2,189,0,0,6,0,6,147,22,24,2,195,0,0,0,195
08/19/2023,BUF,NY,AEA,CE,Combined TRACON& Tower with Radar,108,17,14,0,139,0,3,15,0,18,108,20,29,0,157,0,0,0,157
08/20/2023,BUF,NY,AEA,CE,Combined TRACON& Tower with Radar,136,21,28,0,185,0,7,19,0,26,136,28,47,0,211,0,0,0,211
08/21/2023,BUF,NY,AEA,CE,Combined TRACON& Tower with Radar,139,27,26,4,196,0,5,10,0,15,139,32,36,4,211,0,0,0,211
08/22/2023,BUF,NY,AEA,CE,Combined TRACON& Tower with Radar,150,24,19,0,193,0,8,36,0,44,150,32,55,0,237,0,0,0,237
08/23/2023,BUF,NY,AEA,CE,Combined TRACON& Tower with Radar,144,22,24,0,190,0,7,12,0,19,144,29,36,0,209,0,0,0,209
08/24/2023,BUF,NY,AEA,CE,Combined TRACON& Tower with Radar,146,22,21,0,189,0,3,0,0,3,146,25,21,0,192,0,0,0,192
08/25/2023,BUF,NY,AEA,CE,Combined TRACON& Tower with Radar,143,32,16,2,193,0,2,4,0,6,143,34,20,2,199,0,0,0,199
08/26/2023,BUF,NY,AEA,CE,Combined TRACON& Tower with Radar,113,29,16,0,158,0,1,7,0,8,113,30,23,0,166,0,0,0,166
08/27/2023,BUF,NY,AEA,CE,Combined TRACON& Tower with Radar,129,33,26,0,188,0,1,11,0,12,129,34,37,0,200,0,0,0,200
08/28/2023,BUF,NY,AEA,CE,Combined TRACON& Tower with Radar,141,28,13,2,184,0,10,17,0,27,141,38,30,2,211,0,0,0,211
08/29/2023,BUF,NY,AEA,CE,Combined TRACON& Tower with Radar,143,26,23,0,192,0,4,13,0,17,143,30,36,0,209,0,0,0,209
08/30/2023,BUF,NY,AEA,CE,Combined TRACON& Tower with Radar,135,21,21,0,177,1,6,1,0,8,136,27,22,0,185,0,0,0,185
08/31/2023,BUF,NY,AEA,CE,Combined TRACON& Tower with Radar,145,31,24,0,200,0,16,20,1,37,145,47,44,1,237,0,0,0,237
