01/01/2020,BUR,CA,AWP,WE,Towers with Radar,170,92,60,0,322,0,0,28,0,28,170,92,88,0,350,32,0,32,382
01/02/2020,BUR,CA,AWP,WE,Towers with Radar,170,93,51,0,314,0,5,27,0,32,170,98,78,0,346,72,0,72,418
01/03/2020,BUR,CA,AWP,WE,Towers with Radar,160,88,45,1,294,1,1,47,1,50,161,89,92,2,344,80,0,80,424
01/04/2020,BUR,CA,AWP,WE,Towers with Radar,121,75,25,0,221,0,4,45,0,49,121,79,70,0,270,56,0,56,326
01/05/2020,BUR,CA,AWP,WE,Towers with Radar,160,81,21,0,262,0,1,24,0,25,160,82,45,0,287,12,0,12,299
01/06/2020,BUR,CA,AWP,WE,Towers with Radar,186,76,40,0,302,0,4,34,0,38,186,80,74,0,340,56,0,56,396
01/07/2020,BUR,CA,AWP,WE,Towers with Radar,185,77,44,0,306,0,4,59,0,63,185,81,103,0,369,146,0,146,515
01/08/2020,BUR,CA,AWP,WE,Towers with Radar,186,78,46,2,312,0,0,35,2,37,186,78,81,4,349,52,0,52,401
01/09/2020,BUR,CA,AWP,WE,Towers with Radar,193,84,53,1,331,0,2,37,1,40,193,86,90,2,371,18,0,18,389
01/10/2020,BUR,CA,AWP,WE,Towers with Radar,182,84,49,0,315,0,1,53,0,54,182,85,102,0,369,104,0,104,473
01/11/2020,BUR,CA,AWP,WE,Towers with Radar,113,59,27,0,199,0,1,45,0,46,113,60,72,0,245,66,0,66,311
01/12/2020,BUR,CA,AWP,WE,Towers with Radar,162,70,33,0,265,0,1,56,0,57,162,71,89,0,322,98,0,98,420
01/13/2020,BUR,CA,AWP,WE,Towers with Radar,181,80,38,1,300,0,3,48,3,54,181,83,86,4,354,134,0,134,488
01/14/2020,BUR,CA,AWP,WE,Towers with Radar,181,68,45,0,294,0,5,41,3,49,181,73,86,3,343,178,0,178,521
01/15/2020,BUR,CA,AWP,WE,Towers with Radar,187,66,55,0,308,0,3,35,2,40,187,69,90,2,348,138,0,138,486
01/16/2020,BUR,CA,AWP,WE,Towers with Radar,189,76,41,0,306,0,0,25,1,26,189,76,66,1,332,54,0,54,386
01/17/2020,BUR,CA,AWP,WE,Towers with Radar,185,95,54,0,334,0,0,44,0,44,185,95,98,0,378,60,0,60,438
01/18/2020,BUR,CA,AWP,WE,Towers with Radar,113,54,36,0,203,0,5,35,0,40,113,59,71,0,243,20,0,20,263
01/19/2020,BUR,CA,AWP,WE,Towers with Radar,158,68,31,0,257,0,0,46,0,46,158,68,77,0,303,84,0,84,387
01/20/2020,BUR,CA,AWP,WE,Towers with Radar,187,81,60,1,329,0,2,41,2,45,187,83,101,3,374,68,0,68,442
01/21/2020,BUR,CA,AWP,WE,Towers with Radar,177,73,55,0,305,0,7,47,1,55,177,80,102,1,360,102,0,102,462
01/22/2020,BUR,CA,AWP,WE,Towers with Radar,196,65,55,0,316,0,0,49,0,49,196,65,104,0,365,20,0,20,385
01/23/2020,BUR,CA,AWP,WE,Towers with Radar,186,79,73,0,338,0,0,42,0,42,186,79,115,0,380,35,0,35,415
01/24/2020,BUR,CA,AWP,WE,Towers with Radar,184,108,49,0,341,0,0,29,0,29,184,108,78,0,370,70,0,70,440
01/25/2020,BUR,CA,AWP,WE,Towers with Radar,113,61,35,0,209,0,0,34,0,34,113,61,69,0,243,30,0,30,273
01/26/2020,BUR,CA,AWP,WE,Towers with Radar,166,80,62,2,310,0,2,3,1,6,166,82,65,3,316,0,0,0,316
01/27/2020,BUR,CA,AWP,WE,Towers with Radar,184,89,59,2,334,0,5,21,0,26,184,94,80,2,360,26,0,26,386
01/28/2020,BUR,CA,AWP,WE,Towers with Radar,172,72,48,0,292,0,0,37,3,40,172,72,85,3,332,110,0,110,442
01/29/2020,BUR,CA,AWP,WE,Towers with Radar,185,99,56,0,340,0,5,26,0,31,185,104,82,0,371,0,0,0,371
01/30/2020,BUR,CA,AWP,WE,Towers with Radar,196,98,53,0,347,0,4,56,3,63,196,102,109,3,410,50,0,50,460
01/31/2020,BUR,CA,AWP,WE,Towers with Radar,183,84,58,0,325,0,1,62,0,63,183,85,120,0,388,86,0,86,474
02/01/2020,BUR,CA,AWP,WE,Towers with Radar,110,50,36,0,196,0,2,45,1,48,110,52,81,1,244,144,0,144,388
02/02/2020,BUR,CA,AWP,WE,Towers with Radar,165,77,27,0,269,0,0,31,0,31,165,77,58,0,300,68,0,68,368
02/03/2020,BUR,CA,AWP,WE,Towers with Radar,174,87,57,0,318,0,0,18,0,18,174,87,75,0,336,0,0,0,336
02/04/2020,BUR,CA,AWP,WE,Towers with Radar,181,63,39,1,284,0,2,31,0,33,181,65,70,1,317,44,0,44,361
02/05/2020,BUR,CA,AWP,WE,Towers with Radar,191,65,62,1,319,0,0,60,0,60,191,65,122,1,379,128,0,128,507
02/06/2020,BUR,CA,AWP,WE,Towers with Radar,191,76,64,2,333,0,0,49,1,50,191,76,113,3,383,98,0,98,481
02/07/2020,BUR,CA,AWP,WE,Towers with Radar,183,85,65,2,335,0,4,67,1,72,183,89,132,3,407,58,0,58,465
02/08/2020,BUR,CA,AWP,WE,Towers with Radar,113,61,34,4,212,0,6,49,0,55,113,67,83,4,267,62,0,62,329
02/09/2020,BUR,CA,AWP,WE,Towers with Radar,159,72,28,2,261,0,0,16,0,16,159,72,44,2,277,0,0,0,277
02/10/2020,BUR,CA,AWP,WE,Towers with Radar,191,87,38,0,316,0,5,22,1,28,191,92,60,1,344,0,0,0,344
02/11/2020,BUR,CA,AWP,WE,Towers with Radar,182,63,63,0,308,0,4,28,0,32,182,67,91,0,340,26,0,26,366
02/12/2020,BUR,CA,AWP,WE,Towers with Radar,187,79,51,1,318,0,5,53,0,58,187,84,104,1,376,136,0,136,512
02/13/2020,BUR,CA,AWP,WE,Towers with Radar,188,89,70,0,347,0,3,72,1,76,188,92,142,1,423,182,0,182,605
02/14/2020,BUR,CA,AWP,WE,Towers with Radar,190,90,49,1,330,0,1,57,0,58,190,91,106,1,388,46,0,46,434
02/15/2020,BUR,CA,AWP,WE,Towers with Radar,105,59,22,5,191,0,3,55,2,60,105,62,77,7,251,68,0,68,319
02/16/2020,BUR,CA,AWP,WE,Towers with Radar,159,66,34,1,260,0,4,32,4,40,159,70,66,5,300,34,0,34,334
02/17/2020,BUR,CA,AWP,WE,Towers with Radar,189,77,53,1,320,0,4,72,0,76,189,81,125,1,396,92,0,92,488
02/18/2020,BUR,CA,AWP,WE,Towers with Radar,184,61,42,1,288,0,14,27,4,45,184,75,69,5,333,8,0,8,341
02/19/2020,BUR,CA,AWP,WE,Towers with Radar,189,70,36,3,298,0,1,49,1,51,189,71,85,4,349,96,0,96,445
02/20/2020,BUR,CA,AWP,WE,Towers with Radar,192,76,46,0,314,0,1,69,2,72,192,77,115,2,386,76,0,76,462
02/21/2020,BUR,CA,AWP,WE,Towers with Radar,185,82,59,0,326,0,3,54,0,57,185,85,113,0,383,34,0,34,417
02/22/2020,BUR,CA,AWP,WE,Towers with Radar,112,58,26,0,196,0,0,18,1,19,112,58,44,1,215,12,0,12,227
02/23/2020,BUR,CA,AWP,WE,Towers with Radar,166,71,32,0,269,0,0,41,2,43,166,71,73,2,312,24,0,24,336
02/24/2020,BUR,CA,AWP,WE,Towers with Radar,183,81,45,0,309,0,2,53,0,55,183,83,98,0,364,83,0,83,447
02/25/2020,BUR,CA,AWP,WE,Towers with Radar,185,70,31,2,288,0,2,38,0,40,185,72,69,2,328,88,0,88,416
02/26/2020,BUR,CA,AWP,WE,Towers with Radar,189,71,41,2,303,0,0,56,0,56,189,71,97,2,359,80,0,80,439
02/27/2020,BUR,CA,AWP,WE,Towers with Radar,188,95,49,1,333,0,0,62,0,62,188,95,111,1,395,86,0,86,481
02/28/2020,BUR,CA,AWP,WE,Towers with Radar,181,91,44,0,316,0,0,61,1,62,181,91,105,1,378,108,0,108,486
02/29/2020,BUR,CA,AWP,WE,Towers with Radar,112,63,25,0,200,0,1,32,1,34,112,64,57,1,234,54,0,54,288
03/01/2020,BUR,CA,AWP,WE,Towers with Radar,123,79,30,0,232,0,0,27,1,28,123,79,57,1,260,28,0,28,288
03/02/2020,BUR,CA,AWP,WE,Towers with Radar,189,75,37,2,303,0,1,19,0,20,189,76,56,2,323,0,0,0,323
03/03/2020,BUR,CA,AWP,WE,Towers with Radar,186,71,47,2,306,0,7,37,1,45,186,78,84,3,351,66,0,66,417
03/04/2020,BUR,CA,AWP,WE,Towers with Radar,186,75,58,2,321,0,4,72,2,78,186,79,130,4,399,48,0,48,447
03/05/2020,BUR,CA,AWP,WE,Towers with Radar,188,87,53,0,328,0,1,46,1,48,188,88,99,1,376,12,0,12,388
03/06/2020,BUR,CA,AWP,WE,Towers with Radar,180,93,55,1,329,0,3,57,0,60,180,96,112,1,389,0,0,0,389
03/07/2020,BUR,CA,AWP,WE,Towers with Radar,116,56,25,0,197,0,0,23,1,24,116,56,48,1,221,70,0,70,291
03/08/2020,BUR,CA,AWP,WE,Towers with Radar,160,81,43,3,287,0,3,28,1,32,160,84,71,4,319,54,0,54,373
03/09/2020,BUR,CA,AWP,WE,Towers with Radar,185,88,43,1,317,0,0,33,1,34,185,88,76,2,351,44,0,44,395
03/10/2020,BUR,CA,AWP,WE,Towers with Radar,171,82,45,1,299,0,0,8,0,8,171,82,53,1,307,0,0,0,307
03/11/2020,BUR,CA,AWP,WE,Towers with Radar,175,66,50,2,293,0,1,36,2,39,175,67,86,4,332,94,0,94,426
03/12/2020,BUR,CA,AWP,WE,Towers with Radar,188,79,54,0,321,0,1,17,0,18,188,80,71,0,339,12,0,12,351
03/13/2020,BUR,CA,AWP,WE,Towers with Radar,186,92,34,1,313,0,0,7,1,8,186,92,41,2,321,0,0,0,321
03/14/2020,BUR,CA,AWP,WE,Towers with Radar,120,53,21,0,194,0,0,11,4,15,120,53,32,4,209,22,0,22,231
03/15/2020,BUR,CA,AWP,WE,Towers with Radar,154,79,40,0,273,0,3,19,0,22,154,82,59,0,295,28,0,28,323
03/16/2020,BUR,CA,AWP,WE,Towers with Radar,187,83,14,0,284,0,2,13,0,15,187,85,27,0,299,60,0,60,359
03/17/2020,BUR,CA,AWP,WE,Towers with Radar,166,65,22,0,253,0,0,34,1,35,166,65,56,1,288,23,0,23,311
03/18/2020,BUR,CA,AWP,WE,Towers with Radar,153,56,27,0,236,0,2,35,0,37,153,58,62,0,273,32,0,32,305
03/19/2020,BUR,CA,AWP,WE,Towers with Radar,138,52,18,0,208,0,2,23,0,25,138,54,41,0,233,52,0,52,285
03/20/2020,BUR,CA,AWP,WE,Towers with Radar,141,47,12,2,202,0,0,41,1,42,141,47,53,3,244,30,0,30,274
03/21/2020,BUR,CA,AWP,WE,Towers with Radar,81,22,15,0,118,0,1,20,0,21,81,23,35,0,139,0,0,0,139
03/22/2020,BUR,CA,AWP,WE,Towers with Radar,93,21,9,0,123,0,0,14,0,14,93,21,23,0,137,78,0,78,215
03/23/2020,BUR,CA,AWP,WE,Towers with Radar,107,35,3,0,145,0,3,18,1,22,107,38,21,1,167,82,0,82,249
03/24/2020,BUR,CA,AWP,WE,Towers with Radar,105,30,5,0,140,0,4,25,2,31,105,34,30,2,171,54,0,54,225
03/25/2020,BUR,CA,AWP,WE,Towers with Radar,103,23,9,0,135,0,2,30,2,34,103,25,39,2,169,58,0,58,227
03/26/2020,BUR,CA,AWP,WE,Towers with Radar,101,20,11,0,132,0,5,21,3,29,101,25,32,3,161,114,0,114,275
03/27/2020,BUR,CA,AWP,WE,Towers with Radar,71,20,6,0,97,0,2,32,0,34,71,22,38,0,131,102,0,102,233
03/28/2020,BUR,CA,AWP,WE,Towers with Radar,44,13,6,0,63,0,4,24,0,28,44,17,30,0,91,54,0,54,145
03/29/2020,BUR,CA,AWP,WE,Towers with Radar,66,15,7,0,88,0,1,22,1,24,66,16,29,1,112,28,0,28,140
03/30/2020,BUR,CA,AWP,WE,Towers with Radar,75,24,10,0,109,0,1,25,0,26,75,25,35,0,135,16,0,16,151
03/31/2020,BUR,CA,AWP,WE,Towers with Radar,70,33,10,2,115,0,0,45,0,45,70,33,55,2,160,38,0,38,198
04/01/2020,BUR,CA,AWP,WE,Towers with Radar,85,22,4,0,111,0,1,26,0,27,85,23,30,0,138,42,0,42,180
04/02/2020,BUR,CA,AWP,WE,Towers with Radar,86,20,6,0,112,0,0,30,2,32,86,20,36,2,144,76,0,76,220
04/03/2020,BUR,CA,AWP,WE,Towers with Radar,76,25,11,0,112,0,1,31,0,32,76,26,42,0,144,16,0,16,160
04/04/2020,BUR,CA,AWP,WE,Towers with Radar,40,14,8,0,62,0,0,24,0,24,40,14,32,0,86,84,0,84,170
04/05/2020,BUR,CA,AWP,WE,Towers with Radar,51,17,7,0,75,0,0,12,0,12,51,17,19,0,87,2,0,2,89
04/06/2020,BUR,CA,AWP,WE,Towers with Radar,57,13,5,0,75,0,0,8,0,8,57,13,13,0,83,50,0,50,133
04/07/2020,BUR,CA,AWP,WE,Towers with Radar,61,19,5,2,87,0,2,17,0,19,61,21,22,2,106,58,0,58,164
04/08/2020,BUR,CA,AWP,WE,Towers with Radar,67,19,12,0,98,0,0,13,0,13,67,19,25,0,111,78,0,78,189
04/09/2020,BUR,CA,AWP,WE,Towers with Radar,65,25,2,0,92,0,0,6,0,6,65,25,8,0,98,24,0,24,122
04/10/2020,BUR,CA,AWP,WE,Towers with Radar,55,27,9,0,91,0,0,18,2,20,55,27,27,2,111,60,0,60,171
04/11/2020,BUR,CA,AWP,WE,Towers with Radar,34,14,11,0,59,0,0,29,0,29,34,14,40,0,88,50,0,50,138
04/12/2020,BUR,CA,AWP,WE,Towers with Radar,46,8,2,0,56,0,0,2,0,2,46,8,4,0,58,0,0,0,58
04/13/2020,BUR,CA,AWP,WE,Towers with Radar,60,19,12,0,91,0,1,18,0,19,60,20,30,0,110,130,0,130,240
04/14/2020,BUR,CA,AWP,WE,Towers with Radar,58,26,11,0,95,0,7,24,1,32,58,33,35,1,127,100,0,100,227
04/15/2020,BUR,CA,AWP,WE,Towers with Radar,56,27,16,0,99,0,8,34,0,42,56,35,50,0,141,214,0,214,355
04/16/2020,BUR,CA,AWP,WE,Towers with Radar,51,28,13,0,92,0,0,29,0,29,51,28,42,0,121,64,0,64,185
04/17/2020,BUR,CA,AWP,WE,Towers with Radar,58,20,17,5,100,0,0,32,6,38,58,20,49,11,138,82,0,82,220
04/18/2020,BUR,CA,AWP,WE,Towers with Radar,32,15,11,3,61,0,0,20,4,24,32,15,31,7,85,20,0,20,105
04/19/2020,BUR,CA,AWP,WE,Towers with Radar,41,17,10,2,70,0,1,15,0,16,41,18,25,2,86,24,0,24,110
04/20/2020,BUR,CA,AWP,WE,Towers with Radar,48,23,20,5,96,0,3,21,3,27,48,26,41,8,123,42,0,42,165
04/21/2020,BUR,CA,AWP,WE,Towers with Radar,54,15,16,0,85,0,0,37,0,37,54,15,53,0,122,98,0,98,220
04/22/2020,BUR,CA,AWP,WE,Towers with Radar,51,12,10,0,73,0,0,30,0,30,51,12,40,0,103,60,0,60,163
04/23/2020,BUR,CA,AWP,WE,Towers with Radar,59,30,6,2,97,0,0,34,0,34,59,30,40,2,131,60,0,60,191
04/24/2020,BUR,CA,AWP,WE,Towers with Radar,55,25,23,0,103,0,2,36,2,40,55,27,59,2,143,36,0,36,179
04/25/2020,BUR,CA,AWP,WE,Towers with Radar,27,15,12,0,54,0,0,28,0,28,27,15,40,0,82,26,0,26,108
04/26/2020,BUR,CA,AWP,WE,Towers with Radar,46,20,23,0,89,0,0,34,0,34,46,20,57,0,123,46,0,46,169
04/27/2020,BUR,CA,AWP,WE,Towers with Radar,56,22,15,0,93,0,0,38,0,38,56,22,53,0,131,72,0,72,203
04/28/2020,BUR,CA,AWP,WE,Towers with Radar,56,12,22,0,90,0,1,43,1,45,56,13,65,1,135,190,0,190,325
04/29/2020,BUR,CA,AWP,WE,Towers with Radar,49,14,19,0,82,0,1,33,0,34,49,15,52,0,116,182,0,182,298
04/30/2020,BUR,CA,AWP,WE,Towers with Radar,58,30,16,0,104,0,1,20,4,25,58,31,36,4,129,68,0,68,197
05/01/2020,BUR,CA,AWP,WE,Towers with Radar,48,26,27,0,101,0,9,34,1,44,48,35,61,1,145,16,0,16,161
05/02/2020,BUR,CA,AWP,WE,Towers with Radar,26,8,17,0,51,0,0,36,2,38,26,8,53,2,89,62,0,62,151
05/03/2020,BUR,CA,AWP,WE,Towers with Radar,43,16,13,0,72,0,2,25,0,27,43,18,38,0,99,58,0,58,157
05/04/2020,BUR,CA,AWP,WE,Towers with Radar,48,30,16,3,97,0,1,51,1,53,48,31,67,4,150,32,0,32,182
05/05/2020,BUR,CA,AWP,WE,Towers with Radar,49,18,10,1,78,0,2,46,1,49,49,20,56,2,127,138,0,138,265
05/06/2020,BUR,CA,AWP,WE,Towers with Radar,54,26,18,2,100,0,2,55,0,57,54,28,73,2,157,260,0,260,417
05/07/2020,BUR,CA,AWP,WE,Towers with Radar,54,30,20,0,104,0,2,50,0,52,54,32,70,0,156,172,0,172,328
05/08/2020,BUR,CA,AWP,WE,Towers with Radar,50,32,14,1,97,0,5,42,0,47,50,37,56,1,144,200,0,200,344
05/09/2020,BUR,CA,AWP,WE,Towers with Radar,44,16,12,1,73,0,2,39,0,41,44,18,51,1,114,212,0,212,326
05/10/2020,BUR,CA,AWP,WE,Towers with Radar,44,23,9,0,76,0,2,26,0,28,44,25,35,0,104,84,0,84,188
05/11/2020,BUR,CA,AWP,WE,Towers with Radar,48,31,16,0,95,0,3,30,0,33,48,34,46,0,128,140,0,140,268
05/12/2020,BUR,CA,AWP,WE,Towers with Radar,52,14,20,0,86,0,1,32,0,33,52,15,52,0,119,130,0,130,249
05/13/2020,BUR,CA,AWP,WE,Towers with Radar,51,20,11,4,86,0,1,35,0,36,51,21,46,4,122,190,0,190,312
05/14/2020,BUR,CA,AWP,WE,Towers with Radar,52,38,17,3,110,0,1,34,1,36,52,39,51,4,146,74,0,74,220
05/15/2020,BUR,CA,AWP,WE,Towers with Radar,44,34,32,1,111,0,2,53,0,55,44,36,85,1,166,202,0,202,368
05/16/2020,BUR,CA,AWP,WE,Towers with Radar,40,18,23,0,81,0,0,52,0,52,40,18,75,0,133,122,0,122,255
05/17/2020,BUR,CA,AWP,WE,Towers with Radar,42,35,19,1,97,0,0,35,0,35,42,35,54,1,132,86,0,86,218
05/18/2020,BUR,CA,AWP,WE,Towers with Radar,46,35,22,2,105,0,0,23,0,23,46,35,45,2,128,0,0,0,128
05/19/2020,BUR,CA,AWP,WE,Towers with Radar,46,19,18,0,83,0,2,52,0,54,46,21,70,0,137,232,0,232,369
05/20/2020,BUR,CA,AWP,WE,Towers with Radar,52,24,12,0,88,0,0,35,0,35,52,24,47,0,123,260,0,260,383
05/21/2020,BUR,CA,AWP,WE,Towers with Radar,50,31,28,0,109,0,0,38,0,38,50,31,66,0,147,56,0,56,203
05/22/2020,BUR,CA,AWP,WE,Towers with Radar,52,30,21,0,103,0,2,39,0,41,52,32,60,0,144,106,0,106,250
05/23/2020,BUR,CA,AWP,WE,Towers with Radar,42,31,19,0,92,0,1,30,0,31,42,32,49,0,123,34,0,34,157
05/24/2020,BUR,CA,AWP,WE,Towers with Radar,44,31,11,0,86,0,5,54,1,60,44,36,65,1,146,84,0,84,230
05/25/2020,BUR,CA,AWP,WE,Towers with Radar,44,27,15,0,86,0,0,31,0,31,44,27,46,0,117,96,0,96,213
05/26/2020,BUR,CA,AWP,WE,Towers with Radar,48,32,33,2,115,0,2,36,3,41,48,34,69,5,156,106,0,106,262
05/27/2020,BUR,CA,AWP,WE,Towers with Radar,50,23,24,0,97,0,2,48,1,51,50,25,72,1,148,266,0,266,414
05/28/2020,BUR,CA,AWP,WE,Towers with Radar,50,31,22,3,106,0,3,48,0,51,50,34,70,3,157,234,0,234,391
05/29/2020,BUR,CA,AWP,WE,Towers with Radar,46,33,43,0,122,0,0,31,0,31,46,33,74,0,153,172,0,172,325
05/30/2020,BUR,CA,AWP,WE,Towers with Radar,42,22,20,0,84,0,1,32,0,33,42,23,52,0,117,130,0,130,247
05/31/2020,BUR,CA,AWP,WE,Towers with Radar,43,27,28,0,98,0,3,44,0,47,43,30,72,0,145,34,0,34,179
06/01/2020,BUR,CA,AWP,WE,Towers with Radar,46,40,31,1,118,0,2,50,4,56,46,42,81,5,174,76,0,76,250
06/02/2020,BUR,CA,AWP,WE,Towers with Radar,50,37,26,1,114,0,3,45,6,54,50,40,71,7,168,98,0,98,266
06/03/2020,BUR,CA,AWP,WE,Towers with Radar,52,30,22,0,104,0,2,34,1,37,52,32,56,1,141,84,0,84,225
06/04/2020,BUR,CA,AWP,WE,Towers with Radar,52,52,32,0,136,0,1,47,0,48,52,53,79,0,184,78,0,78,262
06/05/2020,BUR,CA,AWP,WE,Towers with Radar,50,41,35,3,129,0,1,33,0,34,50,42,68,3,163,106,0,106,269
06/06/2020,BUR,CA,AWP,WE,Towers with Radar,43,18,26,0,87,0,1,30,0,31,43,19,56,0,118,108,0,108,226
06/07/2020,BUR,CA,AWP,WE,Towers with Radar,62,40,25,0,127,0,5,28,2,35,62,45,53,2,162,76,0,76,238
06/08/2020,BUR,CA,AWP,WE,Towers with Radar,74,54,21,0,149,0,2,33,0,35,74,56,54,0,184,92,0,92,276
06/09/2020,BUR,CA,AWP,WE,Towers with Radar,65,27,23,0,115,0,1,48,2,51,65,28,71,2,166,142,0,142,308
06/10/2020,BUR,CA,AWP,WE,Towers with Radar,66,45,52,0,163,0,0,36,0,36,66,45,88,0,199,144,0,144,343
06/11/2020,BUR,CA,AWP,WE,Towers with Radar,80,44,39,0,163,0,5,43,0,48,80,49,82,0,211,106,0,106,317
06/12/2020,BUR,CA,AWP,WE,Towers with Radar,78,51,34,0,163,0,3,59,0,62,78,54,93,0,225,182,0,182,407
06/13/2020,BUR,CA,AWP,WE,Towers with Radar,57,31,13,2,103,0,0,35,0,35,57,31,48,2,138,90,0,90,228
06/14/2020,BUR,CA,AWP,WE,Towers with Radar,67,43,41,0,151,0,1,42,0,43,67,44,83,0,194,46,0,46,240
06/15/2020,BUR,CA,AWP,WE,Towers with Radar,76,40,35,0,151,0,2,25,0,27,76,42,60,0,178,56,0,56,234
06/16/2020,BUR,CA,AWP,WE,Towers with Radar,67,42,22,0,131,0,1,32,0,33,67,43,54,0,164,72,0,72,236
06/17/2020,BUR,CA,AWP,WE,Towers with Radar,68,38,24,1,131,0,2,39,0,41,68,40,63,1,172,334,0,334,506
06/18/2020,BUR,CA,AWP,WE,Towers with Radar,82,57,39,2,180,0,4,35,1,40,82,61,74,3,220,198,0,198,418
06/19/2020,BUR,CA,AWP,WE,Towers with Radar,80,46,32,0,158,0,3,41,0,44,80,49,73,0,202,244,0,244,446
06/20/2020,BUR,CA,AWP,WE,Towers with Radar,60,41,26,0,127,0,0,35,0,35,60,41,61,0,162,74,0,74,236
06/21/2020,BUR,CA,AWP,WE,Towers with Radar,67,38,30,0,135,0,2,34,0,36,67,40,64,0,171,92,0,92,263
06/22/2020,BUR,CA,AWP,WE,Towers with Radar,77,53,50,0,180,0,1,41,0,42,77,54,91,0,222,14,0,14,236
06/23/2020,BUR,CA,AWP,WE,Towers with Radar,68,55,36,0,159,0,6,40,0,46,68,61,76,0,205,132,0,132,337
06/24/2020,BUR,CA,AWP,WE,Towers with Radar,68,42,26,0,136,0,1,30,3,34,68,43,56,3,170,196,0,196,366
06/25/2020,BUR,CA,AWP,WE,Towers with Radar,82,50,39,0,171,0,3,34,0,37,82,53,73,0,208,76,0,76,284
06/26/2020,BUR,CA,AWP,WE,Towers with Radar,80,63,34,0,177,0,3,47,0,50,80,66,81,0,227,68,0,68,295
06/27/2020,BUR,CA,AWP,WE,Towers with Radar,60,37,28,0,125,0,3,31,1,35,60,40,59,1,160,72,0,72,232
06/28/2020,BUR,CA,AWP,WE,Towers with Radar,76,46,30,0,152,0,0,23,0,23,76,46,53,0,175,34,0,34,209
06/29/2020,BUR,CA,AWP,WE,Towers with Radar,82,41,36,0,159,0,1,23,0,24,82,42,59,0,183,6,0,6,189
06/30/2020,BUR,CA,AWP,WE,Towers with Radar,84,47,42,1,174,0,0,34,1,35,84,47,76,2,209,96,0,96,305
07/01/2020,BUR,CA,AWP,WE,Towers with Radar,85,50,38,3,176,0,1,40,0,41,85,51,78,3,217,48,0,48,265
07/02/2020,BUR,CA,AWP,WE,Towers with Radar,87,51,43,0,181,0,1,27,0,28,87,52,70,0,209,44,0,44,253
07/03/2020,BUR,CA,AWP,WE,Towers with Radar,84,57,38,1,180,0,1,50,0,51,84,58,88,1,231,42,0,42,273
07/04/2020,BUR,CA,AWP,WE,Towers with Radar,62,19,9,0,90,0,0,33,2,35,62,19,42,2,125,8,0,8,133
07/05/2020,BUR,CA,AWP,WE,Towers with Radar,77,34,34,0,145,0,0,30,0,30,77,34,64,0,175,26,0,26,201
07/06/2020,BUR,CA,AWP,WE,Towers with Radar,81,47,38,0,166,0,5,36,0,41,81,52,74,0,207,40,0,40,247
07/07/2020,BUR,CA,AWP,WE,Towers with Radar,84,37,27,0,148,0,6,41,0,47,84,43,68,0,195,92,0,92,287
07/08/2020,BUR,CA,AWP,WE,Towers with Radar,86,42,33,0,161,0,8,35,1,44,86,50,68,1,205,44,0,44,249
07/09/2020,BUR,CA,AWP,WE,Towers with Radar,85,53,35,1,174,0,4,37,1,42,85,57,72,2,216,112,0,112,328
07/10/2020,BUR,CA,AWP,WE,Towers with Radar,82,54,25,0,161,0,6,37,0,43,82,60,62,0,204,24,0,24,228
07/11/2020,BUR,CA,AWP,WE,Towers with Radar,78,26,26,0,130,0,0,28,0,28,78,26,54,0,158,72,0,72,230
07/12/2020,BUR,CA,AWP,WE,Towers with Radar,77,42,24,0,143,0,1,29,0,30,77,43,53,0,173,112,0,112,285
07/13/2020,BUR,CA,AWP,WE,Towers with Radar,82,43,33,0,158,0,2,42,0,44,82,45,75,0,202,46,0,46,248
07/14/2020,BUR,CA,AWP,WE,Towers with Radar,88,39,22,2,151,0,0,31,0,31,88,39,53,2,182,90,0,90,272
07/15/2020,BUR,CA,AWP,WE,Towers with Radar,86,41,25,0,152,0,2,35,0,37,86,43,60,0,189,146,0,146,335
07/16/2020,BUR,CA,AWP,WE,Towers with Radar,88,38,24,2,152,0,4,26,0,30,88,42,50,2,182,80,0,80,262
07/17/2020,BUR,CA,AWP,WE,Towers with Radar,82,41,28,1,152,0,3,58,1,62,82,44,86,2,214,36,0,36,250
07/18/2020,BUR,CA,AWP,WE,Towers with Radar,78,30,18,0,126,0,0,64,1,65,78,30,82,1,191,212,0,212,403
07/19/2020,BUR,CA,AWP,WE,Towers with Radar,79,46,22,0,147,1,3,47,2,53,80,49,69,2,200,142,0,142,342
07/20/2020,BUR,CA,AWP,WE,Towers with Radar,81,55,26,0,162,0,3,53,0,56,81,58,79,0,218,148,0,148,366
07/21/2020,BUR,CA,AWP,WE,Towers with Radar,86,32,34,3,155,0,6,49,0,55,86,38,83,3,210,358,0,358,568
07/22/2020,BUR,CA,AWP,WE,Towers with Radar,88,46,35,3,172,0,7,30,1,38,88,53,65,4,210,154,0,154,364
07/23/2020,BUR,CA,AWP,WE,Towers with Radar,86,58,29,0,173,0,3,34,1,38,86,61,63,1,211,180,0,180,391
07/24/2020,BUR,CA,AWP,WE,Towers with Radar,84,50,32,6,172,0,6,47,4,57,84,56,79,10,229,136,0,136,365
07/25/2020,BUR,CA,AWP,WE,Towers with Radar,78,45,27,1,151,0,10,31,0,41,78,55,58,1,192,40,0,40,232
07/26/2020,BUR,CA,AWP,WE,Towers with Radar,85,43,26,0,154,0,4,37,0,41,85,47,63,0,195,90,0,90,285
07/27/2020,BUR,CA,AWP,WE,Towers with Radar,87,39,30,0,156,0,0,33,1,34,87,39,63,1,190,228,0,228,418
07/28/2020,BUR,CA,AWP,WE,Towers with Radar,88,37,32,0,157,0,3,48,0,51,88,40,80,0,208,148,0,148,356
07/29/2020,BUR,CA,AWP,WE,Towers with Radar,88,34,23,1,146,0,1,56,1,58,88,35,79,2,204,246,0,246,450
07/30/2020,BUR,CA,AWP,WE,Towers with Radar,90,38,23,2,153,0,1,47,3,51,90,39,70,5,204,152,0,152,356
07/31/2020,BUR,CA,AWP,WE,Towers with Radar,84,46,32,0,162,0,4,28,0,32,84,50,60,0,194,195,0,195,389
08/01/2020,BUR,CA,AWP,WE,Towers with Radar,85,23,22,0,130,0,2,29,0,31,85,25,51,0,161,106,0,106,267
08/02/2020,BUR,CA,AWP,WE,Towers with Radar,87,41,16,0,144,0,2,28,0,30,87,43,44,0,174,46,0,46,220
08/03/2020,BUR,CA,AWP,WE,Towers with Radar,89,35,22,0,146,0,2,44,1,47,89,37,66,1,193,112,0,112,305
08/04/2020,BUR,CA,AWP,WE,Towers with Radar,91,37,36,0,164,0,1,43,0,44,91,38,79,0,208,106,0,106,314
08/05/2020,BUR,CA,AWP,WE,Towers with Radar,87,40,51,1,179,0,2,42,0,44,87,42,93,1,223,156,0,156,379
08/06/2020,BUR,CA,AWP,WE,Towers with Radar,96,38,39,1,174,0,2,32,0,34,96,40,71,1,208,118,0,118,326
08/07/2020,BUR,CA,AWP,WE,Towers with Radar,88,43,28,0,159,0,2,45,0,47,88,45,73,0,206,54,0,54,260
08/08/2020,BUR,CA,AWP,WE,Towers with Radar,82,28,27,0,137,0,2,45,1,48,82,30,72,1,185,128,0,128,313
08/09/2020,BUR,CA,AWP,WE,Towers with Radar,84,35,21,0,140,0,0,36,0,36,84,35,57,0,176,84,0,84,260
08/10/2020,BUR,CA,AWP,WE,Towers with Radar,89,48,30,0,167,0,2,20,0,22,89,50,50,0,189,92,0,92,281
08/11/2020,BUR,CA,AWP,WE,Towers with Radar,77,33,34,0,144,0,2,31,0,33,77,35,65,0,177,88,0,88,265
08/12/2020,BUR,CA,AWP,WE,Towers with Radar,76,27,35,0,138,0,1,54,1,56,76,28,89,1,194,140,0,140,334
08/13/2020,BUR,CA,AWP,WE,Towers with Radar,80,47,38,0,165,0,4,45,0,49,80,51,83,0,214,108,0,108,322
08/14/2020,BUR,CA,AWP,WE,Towers with Radar,76,41,34,0,151,0,2,46,0,48,76,43,80,0,199,48,0,48,247
08/15/2020,BUR,CA,AWP,WE,Towers with Radar,65,32,24,4,125,0,0,37,0,37,65,32,61,4,162,68,0,68,230
08/16/2020,BUR,CA,AWP,WE,Towers with Radar,67,34,27,0,128,0,1,49,0,50,67,35,76,0,178,44,0,44,222
08/17/2020,BUR,CA,AWP,WE,Towers with Radar,79,40,16,0,135,0,4,35,0,39,79,44,51,0,174,118,0,118,292
08/18/2020,BUR,CA,AWP,WE,Towers with Radar,78,41,33,0,152,0,1,25,1,27,78,42,58,1,179,160,0,160,339
08/19/2020,BUR,CA,AWP,WE,Towers with Radar,75,30,22,0,127,0,1,27,0,28,75,31,49,0,155,172,0,172,327
08/20/2020,BUR,CA,AWP,WE,Towers with Radar,80,60,30,0,170,0,1,38,0,39,80,61,68,0,209,66,0,66,275
08/21/2020,BUR,CA,AWP,WE,Towers with Radar,78,41,31,0,150,0,3,50,0,53,78,44,81,0,203,106,0,106,309
08/22/2020,BUR,CA,AWP,WE,Towers with Radar,63,28,25,0,116,0,1,40,0,41,63,29,65,0,157,94,0,94,251
08/23/2020,BUR,CA,AWP,WE,Towers with Radar,65,44,31,0,140,0,0,44,0,44,65,44,75,0,184,90,0,90,274
08/24/2020,BUR,CA,AWP,WE,Towers with Radar,80,44,25,1,150,0,2,33,1,36,80,46,58,2,186,88,0,88,274
08/25/2020,BUR,CA,AWP,WE,Towers with Radar,80,48,31,0,159,0,1,45,0,46,80,49,76,0,205,180,0,180,385
08/26/2020,BUR,CA,AWP,WE,Towers with Radar,76,28,30,0,134,0,5,43,1,49,76,33,73,1,183,82,0,82,265
08/27/2020,BUR,CA,AWP,WE,Towers with Radar,80,41,40,0,161,0,0,53,0,53,80,41,93,0,214,194,0,194,408
08/28/2020,BUR,CA,AWP,WE,Towers with Radar,76,49,32,1,158,0,6,44,1,51,76,55,76,2,209,115,0,115,324
08/29/2020,BUR,CA,AWP,WE,Towers with Radar,63,25,26,0,114,0,0,44,0,44,63,25,70,0,158,74,0,74,232
08/30/2020,BUR,CA,AWP,WE,Towers with Radar,66,31,44,2,143,0,0,34,0,34,66,31,78,2,177,82,0,82,259
08/31/2020,BUR,CA,AWP,WE,Towers with Radar,77,44,35,0,156,0,0,36,2,38,77,44,71,2,194,52,0,52,246
09/01/2020,BUR,CA,AWP,WE,Towers with Radar,76,38,49,0,163,0,0,28,0,28,76,38,77,0,191,100,0,100,291
09/02/2020,BUR,CA,AWP,WE,Towers with Radar,75,29,34,0,138,0,1,35,0,36,75,30,69,0,174,126,0,126,300
09/03/2020,BUR,CA,AWP,WE,Towers with Radar,80,50,43,0,173,0,3,38,1,42,80,53,81,1,215,78,0,78,293
09/04/2020,BUR,CA,AWP,WE,Towers with Radar,76,47,39,0,162,0,2,55,3,60,76,49,94,3,222,80,0,80,302
09/05/2020,BUR,CA,AWP,WE,Towers with Radar,61,19,16,0,96,0,1,21,0,22,61,20,37,0,118,22,0,22,140
09/06/2020,BUR,CA,AWP,WE,Towers with Radar,64,30,24,0,118,0,0,25,1,26,64,30,49,1,144,20,0,20,164
09/07/2020,BUR,CA,AWP,WE,Towers with Radar,63,35,38,0,136,0,0,50,0,50,63,35,88,0,186,36,0,36,222
09/08/2020,BUR,CA,AWP,WE,Towers with Radar,65,34,29,1,129,0,4,29,3,36,65,38,58,4,165,64,0,64,229
09/09/2020,BUR,CA,AWP,WE,Towers with Radar,70,31,36,0,137,0,1,45,0,46,70,32,81,0,183,40,0,40,223
09/10/2020,BUR,CA,AWP,WE,Towers with Radar,70,47,34,2,153,0,4,24,0,28,70,51,58,2,181,42,0,42,223
09/11/2020,BUR,CA,AWP,WE,Towers with Radar,68,44,51,4,167,0,4,39,3,46,68,48,90,7,213,84,0,84,297
09/12/2020,BUR,CA,AWP,WE,Towers with Radar,60,37,25,1,123,0,1,17,1,19,60,38,42,2,142,0,0,0,142
09/13/2020,BUR,CA,AWP,WE,Towers with Radar,67,32,28,0,127,0,0,36,0,36,67,32,64,0,163,130,0,130,293
09/14/2020,BUR,CA,AWP,WE,Towers with Radar,67,44,24,3,138,0,3,36,1,40,67,47,60,4,178,98,0,98,276
09/15/2020,BUR,CA,AWP,WE,Towers with Radar,70,32,36,0,138,0,0,29,0,29,70,32,65,0,167,62,0,62,229
09/16/2020,BUR,CA,AWP,WE,Towers with Radar,73,26,32,0,131,0,2,39,0,41,73,28,71,0,172,82,0,82,254
09/17/2020,BUR,CA,AWP,WE,Towers with Radar,75,42,33,0,150,0,0,46,0,46,75,42,79,0,196,56,0,56,252
09/18/2020,BUR,CA,AWP,WE,Towers with Radar,70,57,38,0,165,0,2,47,3,52,70,59,85,3,217,88,0,88,305
09/19/2020,BUR,CA,AWP,WE,Towers with Radar,65,27,20,0,112,0,0,37,0,37,65,27,57,0,149,108,0,108,257
09/20/2020,BUR,CA,AWP,WE,Towers with Radar,70,36,30,0,136,0,0,33,0,33,70,36,63,0,169,76,0,76,245
09/21/2020,BUR,CA,AWP,WE,Towers with Radar,71,39,26,0,136,0,0,46,0,46,71,39,72,0,182,84,0,84,266
09/22/2020,BUR,CA,AWP,WE,Towers with Radar,76,37,33,0,146,0,1,32,0,33,76,38,65,0,179,106,0,106,285
09/23/2020,BUR,CA,AWP,WE,Towers with Radar,74,29,33,0,136,0,6,35,1,42,74,35,68,1,178,58,0,58,236
09/24/2020,BUR,CA,AWP,WE,Towers with Radar,74,38,29,0,141,0,2,47,0,49,74,40,76,0,190,76,0,76,266
09/25/2020,BUR,CA,AWP,WE,Towers with Radar,70,47,22,3,142,0,2,49,1,52,70,49,71,4,194,117,0,117,311
09/26/2020,BUR,CA,AWP,WE,Towers with Radar,62,25,29,0,116,0,0,43,0,43,62,25,72,0,159,154,0,154,313
09/27/2020,BUR,CA,AWP,WE,Towers with Radar,66,39,23,0,128,0,1,36,0,37,66,40,59,0,165,86,0,86,251
09/28/2020,BUR,CA,AWP,WE,Towers with Radar,71,37,25,0,133,0,2,44,0,46,71,39,69,0,179,112,0,112,291
09/29/2020,BUR,CA,AWP,WE,Towers with Radar,73,27,32,1,133,0,4,47,1,52,73,31,79,2,185,94,0,94,279
09/30/2020,BUR,CA,AWP,WE,Towers with Radar,73,34,31,2,140,0,2,42,1,45,73,36,73,3,185,158,0,158,343
10/01/2020,BUR,CA,AWP,WE,Towers with Radar,74,49,32,0,155,0,3,51,0,54,74,52,83,0,209,90,0,90,299
10/02/2020,BUR,CA,AWP,WE,Towers with Radar,70,46,34,0,150,0,2,31,0,33,70,48,65,0,183,68,0,68,251
10/03/2020,BUR,CA,AWP,WE,Towers with Radar,64,17,28,0,109,0,0,34,0,34,64,17,62,0,143,82,0,82,225
10/04/2020,BUR,CA,AWP,WE,Towers with Radar,67,38,23,0,128,0,0,22,0,22,67,38,45,0,150,44,0,44,194
10/05/2020,BUR,CA,AWP,WE,Towers with Radar,74,39,30,0,143,0,3,47,0,50,74,42,77,0,193,156,0,156,349
10/06/2020,BUR,CA,AWP,WE,Towers with Radar,72,31,19,0,122,0,0,35,2,37,72,31,54,2,159,58,0,58,217
10/07/2020,BUR,CA,AWP,WE,Towers with Radar,69,30,34,0,133,0,2,28,0,30,69,32,62,0,163,92,0,92,255
10/08/2020,BUR,CA,AWP,WE,Towers with Radar,71,50,46,1,168,0,0,41,0,41,71,50,87,1,209,64,0,64,273
10/09/2020,BUR,CA,AWP,WE,Towers with Radar,69,51,35,0,155,0,2,33,0,35,69,53,68,0,190,90,0,90,280
10/10/2020,BUR,CA,AWP,WE,Towers with Radar,58,29,28,0,115,0,2,25,0,27,58,31,53,0,142,84,0,84,226
10/11/2020,BUR,CA,AWP,WE,Towers with Radar,69,44,27,0,140,0,3,31,0,34,69,47,58,0,174,200,0,200,374
10/12/2020,BUR,CA,AWP,WE,Towers with Radar,71,40,31,0,142,0,2,45,0,47,71,42,76,0,189,152,0,152,341
10/13/2020,BUR,CA,AWP,WE,Towers with Radar,67,34,33,0,134,0,1,47,0,48,67,35,80,0,182,76,0,76,258
10/14/2020,BUR,CA,AWP,WE,Towers with Radar,69,49,33,0,151,0,6,59,0,65,69,55,92,0,216,26,0,26,242
10/15/2020,BUR,CA,AWP,WE,Towers with Radar,73,61,49,0,183,0,6,50,2,58,73,67,99,2,241,148,0,148,389
10/16/2020,BUR,CA,AWP,WE,Towers with Radar,67,67,37,0,171,0,4,66,1,71,67,71,103,1,242,84,0,84,326
10/17/2020,BUR,CA,AWP,WE,Towers with Radar,58,32,21,0,111,0,4,47,2,53,58,36,68,2,164,92,0,92,256
10/18/2020,BUR,CA,AWP,WE,Towers with Radar,65,52,26,0,143,0,2,38,0,40,65,54,64,0,183,82,0,82,265
10/19/2020,BUR,CA,AWP,WE,Towers with Radar,69,54,40,0,163,0,1,17,0,18,69,55,57,0,181,132,0,132,313
10/20/2020,BUR,CA,AWP,WE,Towers with Radar,71,40,28,1,140,0,1,27,0,28,71,41,55,1,168,178,0,178,346
10/21/2020,BUR,CA,AWP,WE,Towers with Radar,67,42,38,0,147,0,2,31,0,33,67,44,69,0,180,40,0,40,220
10/22/2020,BUR,CA,AWP,WE,Towers with Radar,71,51,54,0,176,0,3,41,0,44,71,54,95,0,220,134,0,134,354
10/23/2020,BUR,CA,AWP,WE,Towers with Radar,68,56,28,2,154,0,1,32,0,33,68,57,60,2,187,78,0,78,265
10/24/2020,BUR,CA,AWP,WE,Towers with Radar,58,30,30,0,118,0,1,21,0,22,58,31,51,0,140,60,0,60,200
10/25/2020,BUR,CA,AWP,WE,Towers with Radar,64,48,32,0,144,0,1,30,0,31,64,49,62,0,175,120,0,120,295
10/26/2020,BUR,CA,AWP,WE,Towers with Radar,69,61,24,1,155,0,3,13,0,16,69,64,37,1,171,0,0,0,171
10/27/2020,BUR,CA,AWP,WE,Towers with Radar,70,40,28,0,138,0,6,51,0,57,70,46,79,0,195,74,0,74,269
10/28/2020,BUR,CA,AWP,WE,Towers with Radar,67,37,35,0,139,0,4,58,1,63,67,41,93,1,202,160,0,160,362
10/29/2020,BUR,CA,AWP,WE,Towers with Radar,71,50,43,1,165,0,5,43,2,50,71,55,86,3,215,234,0,234,449
10/30/2020,BUR,CA,AWP,WE,Towers with Radar,67,58,59,2,186,0,7,49,0,56,67,65,108,2,242,126,0,126,368
10/31/2020,BUR,CA,AWP,WE,Towers with Radar,55,21,21,1,98,0,3,43,0,46,55,24,64,1,144,40,0,40,184
11/01/2020,BUR,CA,AWP,WE,Towers with Radar,64,40,34,1,139,0,0,35,0,35,64,40,69,1,174,124,0,124,298
11/02/2020,BUR,CA,AWP,WE,Towers with Radar,72,39,31,2,144,0,0,36,2,38,72,39,67,4,182,146,0,146,328
11/03/2020,BUR,CA,AWP,WE,Towers with Radar,69,33,32,1,135,0,6,29,0,35,69,39,61,1,170,62,0,62,232
11/04/2020,BUR,CA,AWP,WE,Towers with Radar,54,26,29,0,109,0,0,35,1,36,54,26,64,1,145,40,0,40,185
11/05/2020,BUR,CA,AWP,WE,Towers with Radar,77,43,37,1,158,0,0,56,0,56,77,43,93,1,214,170,0,170,384
11/06/2020,BUR,CA,AWP,WE,Towers with Radar,73,60,34,2,169,0,1,39,0,40,73,61,73,2,209,44,0,44,253
11/07/2020,BUR,CA,AWP,WE,Towers with Radar,45,20,14,2,81,0,4,22,0,26,45,24,36,2,107,54,0,54,161
11/08/2020,BUR,CA,AWP,WE,Towers with Radar,67,46,23,2,138,0,0,20,0,20,67,46,43,2,158,48,0,48,206
11/09/2020,BUR,CA,AWP,WE,Towers with Radar,73,49,32,0,154,0,2,41,0,43,73,51,73,0,197,96,0,96,293
11/10/2020,BUR,CA,AWP,WE,Towers with Radar,47,40,29,1,117,0,1,48,0,49,47,41,77,1,166,54,0,54,220
11/11/2020,BUR,CA,AWP,WE,Towers with Radar,49,36,23,0,108,0,0,44,0,44,49,36,67,0,152,44,0,44,196
11/12/2020,BUR,CA,AWP,WE,Towers with Radar,77,40,27,2,146,0,0,65,0,65,77,40,92,2,211,100,0,100,311
11/13/2020,BUR,CA,AWP,WE,Towers with Radar,71,53,32,0,156,0,7,59,0,66,71,60,91,0,222,120,0,120,342
11/14/2020,BUR,CA,AWP,WE,Towers with Radar,52,22,17,0,91,0,2,31,0,33,52,24,48,0,124,62,0,62,186
11/15/2020,BUR,CA,AWP,WE,Towers with Radar,71,46,29,1,147,0,1,32,1,34,71,47,61,2,181,50,0,50,231
11/16/2020,BUR,CA,AWP,WE,Towers with Radar,74,40,37,0,151,0,1,36,0,37,74,41,73,0,188,94,0,94,282
11/17/2020,BUR,CA,AWP,WE,Towers with Radar,50,30,30,0,110,0,2,48,2,52,50,32,78,2,162,48,0,48,210
11/18/2020,BUR,CA,AWP,WE,Towers with Radar,53,35,30,0,118,0,1,46,0,47,53,36,76,0,165,154,0,154,319
11/19/2020,BUR,CA,AWP,WE,Towers with Radar,80,57,23,0,160,0,1,37,6,44,80,58,60,6,204,84,0,84,288
11/20/2020,BUR,CA,AWP,WE,Towers with Radar,73,49,32,3,157,0,0,55,0,55,73,49,87,3,212,136,0,136,348
11/21/2020,BUR,CA,AWP,WE,Towers with Radar,69,26,26,0,121,0,6,41,0,47,69,32,67,0,168,128,0,128,296
11/22/2020,BUR,CA,AWP,WE,Towers with Radar,73,44,33,1,151,0,0,41,2,43,73,44,74,3,194,60,0,60,254
11/23/2020,BUR,CA,AWP,WE,Towers with Radar,86,53,15,3,157,0,1,39,1,41,86,54,54,4,198,88,0,88,286
11/24/2020,BUR,CA,AWP,WE,Towers with Radar,85,59,33,0,177,0,2,44,2,48,85,61,77,2,225,176,0,176,401
11/25/2020,BUR,CA,AWP,WE,Towers with Radar,86,60,28,0,174,0,3,47,0,50,86,63,75,0,224,80,0,80,304
11/26/2020,BUR,CA,AWP,WE,Towers with Radar,39,19,9,0,67,0,1,5,0,6,39,20,14,0,73,0,0,0,73
11/27/2020,BUR,CA,AWP,WE,Towers with Radar,73,41,10,0,124,0,6,19,0,25,73,47,29,0,149,12,0,12,161
11/28/2020,BUR,CA,AWP,WE,Towers with Radar,72,42,21,0,135,0,0,35,0,35,72,42,56,0,170,34,0,34,204
11/29/2020,BUR,CA,AWP,WE,Towers with Radar,77,63,35,2,177,0,3,34,0,37,77,66,69,2,214,100,0,100,314
11/30/2020,BUR,CA,AWP,WE,Towers with Radar,82,47,29,0,158,0,5,31,0,36,82,52,60,0,194,108,0,108,302
12/01/2020,BUR,CA,AWP,WE,Towers with Radar,84,40,30,0,154,0,3,29,0,32,84,43,59,0,186,72,0,72,258
12/02/2020,BUR,CA,AWP,WE,Towers with Radar,55,43,34,0,132,0,2,37,1,40,55,45,71,1,172,56,0,56,228
12/03/2020,BUR,CA,AWP,WE,Towers with Radar,57,43,20,0,120,0,5,30,0,35,57,48,50,0,155,68,0,68,223
12/04/2020,BUR,CA,AWP,WE,Towers with Radar,53,55,25,0,133,0,1,47,0,48,53,56,72,0,181,98,0,98,279
12/05/2020,BUR,CA,AWP,WE,Towers with Radar,50,23,21,0,94,0,2,40,0,42,50,25,61,0,136,36,0,36,172
12/06/2020,BUR,CA,AWP,WE,Towers with Radar,50,42,17,0,109,0,5,28,0,33,50,47,45,0,142,95,0,95,237
12/07/2020,BUR,CA,AWP,WE,Towers with Radar,54,35,27,0,116,0,1,44,2,47,54,36,71,2,163,88,0,88,251
12/08/2020,BUR,CA,AWP,WE,Towers with Radar,55,44,18,0,117,0,5,31,1,37,55,49,49,1,154,97,0,97,251
12/09/2020,BUR,CA,AWP,WE,Towers with Radar,55,42,39,0,136,0,3,48,0,51,55,45,87,0,187,50,0,50,237
12/10/2020,BUR,CA,AWP,WE,Towers with Radar,57,47,15,0,119,0,4,52,1,57,57,51,67,1,176,150,0,150,326
12/11/2020,BUR,CA,AWP,WE,Towers with Radar,51,48,42,0,141,0,1,30,0,31,51,49,72,0,172,18,0,18,190
12/12/2020,BUR,CA,AWP,WE,Towers with Radar,49,23,14,0,86,0,0,25,2,27,49,23,39,2,113,50,0,50,163
12/13/2020,BUR,CA,AWP,WE,Towers with Radar,50,34,30,0,114,0,0,54,1,55,50,34,84,1,169,88,0,88,257
12/14/2020,BUR,CA,AWP,WE,Towers with Radar,54,35,14,0,103,0,0,15,0,15,54,35,29,0,118,34,0,34,152
12/15/2020,BUR,CA,AWP,WE,Towers with Radar,58,40,29,0,127,0,2,33,0,35,58,42,62,0,162,46,0,46,208
12/16/2020,BUR,CA,AWP,WE,Towers with Radar,59,43,39,2,143,0,1,49,0,50,59,44,88,2,193,136,0,136,329
12/17/2020,BUR,CA,AWP,WE,Towers with Radar,82,58,18,1,159,0,4,25,2,31,82,62,43,3,190,106,0,106,296
12/18/2020,BUR,CA,AWP,WE,Towers with Radar,83,71,27,0,181,0,2,31,0,33,83,73,58,0,214,50,0,50,264
12/19/2020,BUR,CA,AWP,WE,Towers with Radar,81,38,25,2,146,0,8,43,0,51,81,46,68,2,197,96,0,96,293
12/20/2020,BUR,CA,AWP,WE,Towers with Radar,73,37,26,0,136,0,3,40,0,43,73,40,66,0,179,24,0,24,203
12/21/2020,BUR,CA,AWP,WE,Towers with Radar,80,53,29,0,162,0,1,24,0,25,80,54,53,0,187,36,0,36,223
12/22/2020,BUR,CA,AWP,WE,Towers with Radar,88,45,33,0,166,0,0,68,0,68,88,45,101,0,234,296,0,296,530
12/23/2020,BUR,CA,AWP,WE,Towers with Radar,88,59,24,2,173,0,2,31,0,33,88,61,55,2,206,84,0,84,290
12/24/2020,BUR,CA,AWP,WE,Towers with Radar,49,32,15,0,96,0,0,27,0,27,49,32,42,0,123,24,0,24,147
12/25/2020,BUR,CA,AWP,WE,Towers with Radar,36,19,8,0,63,0,1,7,0,8,36,20,15,0,71,0,0,0,71
12/26/2020,BUR,CA,AWP,WE,Towers with Radar,73,32,22,0,127,0,0,31,0,31,73,32,53,0,158,0,0,0,158
12/27/2020,BUR,CA,AWP,WE,Towers with Radar,78,38,19,0,135,0,0,29,0,29,78,38,48,0,164,50,0,50,214
12/28/2020,BUR,CA,AWP,WE,Towers with Radar,78,64,31,0,173,0,0,16,0,16,78,64,47,0,189,30,0,30,219
12/29/2020,BUR,CA,AWP,WE,Towers with Radar,79,61,16,1,157,0,5,30,0,35,79,66,46,1,192,28,0,28,220
12/30/2020,BUR,CA,AWP,WE,Towers with Radar,78,50,24,0,152,0,1,23,2,26,78,51,47,2,178,20,0,20,198
12/31/2020,BUR,CA,AWP,WE,Towers with Radar,45,35,14,0,94,0,0,20,0,20,45,35,34,0,114,16,0,16,130
01/01/2021,BUR,CA,AWP,WE,Towers with Radar,44,35,21,0,100,0,1,34,0,35,44,36,55,0,135,0,0,0,135
01/02/2021,BUR,CA,AWP,WE,Towers with Radar,72,38,21,1,132,0,0,57,0,57,72,38,78,1,189,160,0,160,349
01/03/2021,BUR,CA,AWP,WE,Towers with Radar,76,46,24,1,147,1,0,14,0,15,77,46,38,1,162,0,0,0,162
01/04/2021,BUR,CA,AWP,WE,Towers with Radar,80,34,26,0,140,0,3,32,0,35,80,37,58,0,175,48,0,48,223
01/05/2021,BUR,CA,AWP,WE,Towers with Radar,79,32,18,0,129,0,3,24,0,27,79,35,42,0,156,14,0,14,170
01/06/2021,BUR,CA,AWP,WE,Towers with Radar,74,31,22,0,127,0,1,36,0,37,74,32,58,0,164,98,0,98,262
01/07/2021,BUR,CA,AWP,WE,Towers with Radar,56,30,23,0,109,0,1,32,0,33,56,31,55,0,142,110,0,110,252
01/08/2021,BUR,CA,AWP,WE,Towers with Radar,51,38,24,1,114,0,3,45,0,48,51,41,69,1,162,110,0,110,272
01/09/2021,BUR,CA,AWP,WE,Towers with Radar,46,25,17,0,88,0,4,30,0,34,46,29,47,0,122,112,0,112,234
01/10/2021,BUR,CA,AWP,WE,Towers with Radar,47,44,28,0,119,0,0,45,2,47,47,44,73,2,166,102,0,102,268
01/11/2021,BUR,CA,AWP,WE,Towers with Radar,51,39,18,0,108,0,1,36,0,37,51,40,54,0,145,96,0,96,241
01/12/2021,BUR,CA,AWP,WE,Towers with Radar,54,31,28,0,113,0,1,41,3,45,54,32,69,3,158,36,0,36,194
01/13/2021,BUR,CA,AWP,WE,Towers with Radar,51,32,22,0,105,0,3,30,5,38,51,35,52,5,143,172,0,172,315
01/14/2021,BUR,CA,AWP,WE,Towers with Radar,56,40,19,0,115,0,1,40,3,44,56,41,59,3,159,234,0,234,393
01/15/2021,BUR,CA,AWP,WE,Towers with Radar,52,40,18,0,110,0,3,27,3,33,52,43,45,3,143,26,0,26,169
01/16/2021,BUR,CA,AWP,WE,Towers with Radar,46,26,15,0,87,0,1,28,1,30,46,27,43,1,117,184,0,184,301
01/17/2021,BUR,CA,AWP,WE,Towers with Radar,49,32,20,0,101,0,2,47,3,52,49,34,67,3,153,116,0,116,269
01/18/2021,BUR,CA,AWP,WE,Towers with Radar,51,41,24,0,116,0,1,45,2,48,51,42,69,2,164,232,0,232,396
01/19/2021,BUR,CA,AWP,WE,Towers with Radar,53,33,9,0,95,0,0,6,0,6,53,33,15,0,101,12,0,12,113
01/20/2021,BUR,CA,AWP,WE,Towers with Radar,53,48,9,0,110,0,0,30,0,30,53,48,39,0,140,118,0,118,258
01/21/2021,BUR,CA,AWP,WE,Towers with Radar,56,44,36,0,136,0,0,50,0,50,56,44,86,0,186,196,0,196,382
01/22/2021,BUR,CA,AWP,WE,Towers with Radar,52,55,26,0,133,0,2,33,0,35,52,57,59,0,168,105,0,105,273
01/23/2021,BUR,CA,AWP,WE,Towers with Radar,46,26,11,0,83,0,2,20,0,22,46,28,31,0,105,36,0,36,141
01/24/2021,BUR,CA,AWP,WE,Towers with Radar,46,43,32,0,121,0,2,29,1,32,46,45,61,1,153,54,0,54,207
01/25/2021,BUR,CA,AWP,WE,Towers with Radar,50,53,25,0,128,0,0,20,0,20,50,53,45,0,148,38,0,38,186
01/26/2021,BUR,CA,AWP,WE,Towers with Radar,56,36,20,0,112,0,1,43,0,44,56,37,63,0,156,110,0,110,266
01/27/2021,BUR,CA,AWP,WE,Towers with Radar,54,43,15,0,112,0,0,23,1,24,54,43,38,1,136,152,0,152,288
01/28/2021,BUR,CA,AWP,WE,Towers with Radar,56,46,19,0,121,0,0,17,0,17,56,46,36,0,138,86,0,86,224
01/29/2021,BUR,CA,AWP,WE,Towers with Radar,52,40,9,0,101,0,0,18,0,18,52,40,27,0,119,0,0,0,119
01/30/2021,BUR,CA,AWP,WE,Towers with Radar,46,39,22,0,107,0,2,49,0,51,46,41,71,0,158,114,0,114,272
01/31/2021,BUR,CA,AWP,WE,Towers with Radar,49,39,25,0,113,0,3,41,0,44,49,42,66,0,157,76,0,76,233
02/01/2021,BUR,CA,AWP,WE,Towers with Radar,53,38,18,2,111,0,6,36,1,43,53,44,54,3,154,142,0,142,296
02/02/2021,BUR,CA,AWP,WE,Towers with Radar,54,43,25,1,123,0,4,65,0,69,54,47,90,1,192,198,0,198,390
02/03/2021,BUR,CA,AWP,WE,Towers with Radar,54,41,31,0,126,0,4,58,0,62,54,45,89,0,188,254,0,254,442
02/04/2021,BUR,CA,AWP,WE,Towers with Radar,58,45,18,0,121,0,1,47,0,48,58,46,65,0,169,72,0,72,241
02/05/2021,BUR,CA,AWP,WE,Towers with Radar,53,42,44,0,139,0,1,65,0,66,53,43,109,0,205,16,0,16,221
02/06/2021,BUR,CA,AWP,WE,Towers with Radar,46,30,34,0,110,0,3,60,0,63,46,33,94,0,173,126,0,126,299
02/07/2021,BUR,CA,AWP,WE,Towers with Radar,50,42,24,1,117,0,2,27,0,29,50,44,51,1,146,168,0,168,314
02/08/2021,BUR,CA,AWP,WE,Towers with Radar,55,56,44,1,156,0,3,34,0,37,55,59,78,1,193,70,0,70,263
02/09/2021,BUR,CA,AWP,WE,Towers with Radar,54,28,35,0,117,0,0,47,0,47,54,28,82,0,164,96,0,96,260
02/10/2021,BUR,CA,AWP,WE,Towers with Radar,52,40,34,2,128,0,0,38,0,38,52,40,72,2,166,104,0,104,270
02/11/2021,BUR,CA,AWP,WE,Towers with Radar,52,42,43,0,137,0,3,45,0,48,52,45,88,0,185,84,0,84,269
02/12/2021,BUR,CA,AWP,WE,Towers with Radar,52,48,32,0,132,0,3,16,0,19,52,51,48,0,151,58,0,58,209
02/13/2021,BUR,CA,AWP,WE,Towers with Radar,39,35,20,0,94,0,0,40,0,40,39,35,60,0,134,20,0,20,154
02/14/2021,BUR,CA,AWP,WE,Towers with Radar,45,44,8,0,97,0,0,40,0,40,45,44,48,0,137,0,0,0,137
02/15/2021,BUR,CA,AWP,WE,Towers with Radar,48,50,36,0,134,0,0,58,0,58,48,50,94,0,192,120,0,120,312
02/16/2021,BUR,CA,AWP,WE,Towers with Radar,51,34,24,2,111,0,0,38,0,38,51,34,62,2,149,238,0,238,387
02/17/2021,BUR,CA,AWP,WE,Towers with Radar,53,41,15,0,109,0,1,40,1,42,53,42,55,1,151,206,0,206,357
02/18/2021,BUR,CA,AWP,WE,Towers with Radar,61,52,34,0,147,0,0,48,0,48,61,52,82,0,195,202,0,202,397
02/19/2021,BUR,CA,AWP,WE,Towers with Radar,53,51,33,0,137,0,1,55,0,56,53,52,88,0,193,4,0,4,197
02/20/2021,BUR,CA,AWP,WE,Towers with Radar,48,22,11,0,81,0,4,31,0,35,48,26,42,0,116,10,0,10,126
02/21/2021,BUR,CA,AWP,WE,Towers with Radar,55,36,34,0,125,0,0,49,2,51,55,36,83,2,176,102,0,102,278
02/22/2021,BUR,CA,AWP,WE,Towers with Radar,56,32,29,2,119,0,2,64,0,66,56,34,93,2,185,178,0,178,363
02/23/2021,BUR,CA,AWP,WE,Towers with Radar,58,38,22,2,120,0,2,64,3,69,58,40,86,5,189,66,0,66,255
02/24/2021,BUR,CA,AWP,WE,Towers with Radar,60,42,32,0,134,0,5,44,1,50,60,47,76,1,184,100,0,100,284
02/25/2021,BUR,CA,AWP,WE,Towers with Radar,62,39,17,0,118,0,2,26,0,28,62,41,43,0,146,86,0,86,232
02/26/2021,BUR,CA,AWP,WE,Towers with Radar,56,40,42,0,138,0,3,52,0,55,56,43,94,0,193,84,0,84,277
02/27/2021,BUR,CA,AWP,WE,Towers with Radar,50,28,15,0,93,0,2,31,0,33,50,30,46,0,126,50,0,50,176
02/28/2021,BUR,CA,AWP,WE,Towers with Radar,53,52,18,1,124,0,4,28,0,32,53,56,46,1,156,52,0,52,208
03/01/2021,BUR,CA,AWP,WE,Towers with Radar,57,49,28,0,134,0,1,50,0,51,57,50,78,0,185,174,0,174,359
03/02/2021,BUR,CA,AWP,WE,Towers with Radar,58,51,39,2,150,0,0,41,0,41,58,51,80,2,191,84,0,84,275
03/03/2021,BUR,CA,AWP,WE,Towers with Radar,58,42,21,0,121,0,1,26,0,27,58,43,47,0,148,104,0,104,252
03/04/2021,BUR,CA,AWP,WE,Towers with Radar,61,60,32,1,154,0,2,42,0,44,61,62,74,1,198,164,0,164,362
03/05/2021,BUR,CA,AWP,WE,Towers with Radar,58,52,46,2,158,0,2,40,1,43,58,54,86,3,201,132,0,132,333
03/06/2021,BUR,CA,AWP,WE,Towers with Radar,52,33,25,0,110,0,3,39,0,42,52,36,64,0,152,70,0,70,222
03/07/2021,BUR,CA,AWP,WE,Towers with Radar,79,44,34,0,157,0,1,32,0,33,79,45,66,0,190,58,0,58,248
03/08/2021,BUR,CA,AWP,WE,Towers with Radar,82,38,17,2,139,0,0,44,0,44,82,38,61,2,183,70,0,70,253
03/09/2021,BUR,CA,AWP,WE,Towers with Radar,59,36,29,0,124,0,0,24,0,24,59,36,53,0,148,122,0,122,270
03/10/2021,BUR,CA,AWP,WE,Towers with Radar,66,38,19,0,123,0,1,9,2,12,66,39,28,2,135,10,0,10,145
03/11/2021,BUR,CA,AWP,WE,Towers with Radar,86,44,29,0,159,0,1,25,0,26,86,45,54,0,185,152,0,152,337
03/12/2021,BUR,CA,AWP,WE,Towers with Radar,81,59,29,0,169,0,1,47,0,48,81,60,76,0,217,94,0,94,311
03/13/2021,BUR,CA,AWP,WE,Towers with Radar,53,35,25,0,113,0,1,72,0,73,53,36,97,0,186,110,0,110,296
03/14/2021,BUR,CA,AWP,WE,Towers with Radar,74,51,26,0,151,0,0,24,0,24,74,51,50,0,175,50,0,50,225
03/15/2021,BUR,CA,AWP,WE,Towers with Radar,71,34,27,4,136,0,0,28,0,28,71,34,55,4,164,26,0,26,190
03/16/2021,BUR,CA,AWP,WE,Towers with Radar,78,54,33,1,166,0,1,58,0,59,78,55,91,1,225,136,0,136,361
03/17/2021,BUR,CA,AWP,WE,Towers with Radar,75,53,24,2,154,0,3,54,3,60,75,56,78,5,214,168,0,168,382
03/18/2021,BUR,CA,AWP,WE,Towers with Radar,78,56,43,0,177,0,1,46,0,47,78,57,89,0,224,122,0,122,346
03/19/2021,BUR,CA,AWP,WE,Towers with Radar,81,53,48,0,182,0,2,62,0,64,81,55,110,0,246,92,0,92,338
03/20/2021,BUR,CA,AWP,WE,Towers with Radar,58,36,26,0,120,0,1,46,0,47,58,37,72,0,167,34,0,34,201
03/21/2021,BUR,CA,AWP,WE,Towers with Radar,79,50,38,0,167,0,0,35,0,35,79,50,73,0,202,114,0,114,316
03/22/2021,BUR,CA,AWP,WE,Towers with Radar,79,51,23,0,153,0,1,47,0,48,79,52,70,0,201,230,0,230,431
03/23/2021,BUR,CA,AWP,WE,Towers with Radar,78,41,20,0,139,0,0,23,0,23,78,41,43,0,162,0,0,0,162
03/24/2021,BUR,CA,AWP,WE,Towers with Radar,79,39,20,2,140,0,3,30,0,33,79,42,50,2,173,84,0,84,257
03/25/2021,BUR,CA,AWP,WE,Towers with Radar,84,56,27,0,167,0,0,30,0,30,84,56,57,0,197,74,0,74,271
03/26/2021,BUR,CA,AWP,WE,Towers with Radar,80,81,34,2,197,0,1,42,0,43,80,82,76,2,240,116,0,116,356
03/27/2021,BUR,CA,AWP,WE,Towers with Radar,60,44,21,0,125,0,0,54,0,54,60,44,75,0,179,104,0,104,283
03/28/2021,BUR,CA,AWP,WE,Towers with Radar,79,53,21,2,155,0,0,37,0,37,79,53,58,2,192,50,0,50,242
03/29/2021,BUR,CA,AWP,WE,Towers with Radar,81,41,28,3,153,0,0,52,1,53,81,41,80,4,206,248,0,248,454
03/30/2021,BUR,CA,AWP,WE,Towers with Radar,80,35,31,0,146,0,1,49,0,50,80,36,80,0,196,90,0,90,286
03/31/2021,BUR,CA,AWP,WE,Towers with Radar,81,37,26,0,144,0,1,55,0,56,81,38,81,0,200,212,0,212,412
04/01/2021,BUR,CA,AWP,WE,Towers with Radar,86,42,34,0,162,0,0,56,0,56,86,42,90,0,218,206,0,206,424
04/02/2021,BUR,CA,AWP,WE,Towers with Radar,84,73,40,0,197,0,4,46,0,50,84,77,86,0,247,32,0,32,279
04/03/2021,BUR,CA,AWP,WE,Towers with Radar,63,46,27,0,136,0,6,39,0,45,63,52,66,0,181,30,0,30,211
04/04/2021,BUR,CA,AWP,WE,Towers with Radar,83,56,17,0,156,0,2,37,0,39,83,58,54,0,195,90,0,90,285
04/05/2021,BUR,CA,AWP,WE,Towers with Radar,81,36,19,0,136,0,1,56,0,57,81,37,75,0,193,198,0,198,391
04/06/2021,BUR,CA,AWP,WE,Towers with Radar,80,36,27,2,145,0,5,21,0,26,80,41,48,2,171,24,0,24,195
04/07/2021,BUR,CA,AWP,WE,Towers with Radar,89,34,36,2,161,0,2,46,0,48,89,36,82,2,209,128,0,128,337
04/08/2021,BUR,CA,AWP,WE,Towers with Radar,84,59,28,0,171,0,2,34,0,36,84,61,62,0,207,108,0,108,315
04/09/2021,BUR,CA,AWP,WE,Towers with Radar,83,56,27,0,166,0,3,53,0,56,83,59,80,0,222,84,0,84,306
04/10/2021,BUR,CA,AWP,WE,Towers with Radar,62,35,32,0,129,0,2,42,0,44,62,37,74,0,173,72,0,72,245
04/11/2021,BUR,CA,AWP,WE,Towers with Radar,82,55,29,0,166,0,0,55,0,55,82,55,84,0,221,112,0,112,333
04/12/2021,BUR,CA,AWP,WE,Towers with Radar,65,53,28,0,146,0,7,46,0,53,65,60,74,0,199,146,0,146,345
04/13/2021,BUR,CA,AWP,WE,Towers with Radar,65,53,36,0,154,0,1,22,1,24,65,54,58,1,178,168,0,168,346
04/14/2021,BUR,CA,AWP,WE,Towers with Radar,64,49,35,0,148,0,2,46,1,49,64,51,81,1,197,156,0,156,353
04/15/2021,BUR,CA,AWP,WE,Towers with Radar,70,56,42,0,168,0,2,64,0,66,70,58,106,0,234,54,0,54,288
04/16/2021,BUR,CA,AWP,WE,Towers with Radar,64,56,31,4,155,0,0,53,3,56,64,56,84,7,211,58,0,58,269
04/17/2021,BUR,CA,AWP,WE,Towers with Radar,58,29,14,0,101,0,3,47,0,50,58,32,61,0,151,74,0,74,225
04/18/2021,BUR,CA,AWP,WE,Towers with Radar,64,47,18,0,129,0,0,33,0,33,64,47,51,0,162,10,0,10,172
04/19/2021,BUR,CA,AWP,WE,Towers with Radar,62,37,24,0,123,0,0,59,2,61,62,37,83,2,184,180,0,180,364
04/20/2021,BUR,CA,AWP,WE,Towers with Radar,64,38,28,3,133,0,1,49,0,50,64,39,77,3,183,134,0,134,317
04/21/2021,BUR,CA,AWP,WE,Towers with Radar,66,39,30,1,136,0,1,51,1,53,66,40,81,2,189,134,0,134,323
04/22/2021,BUR,CA,AWP,WE,Towers with Radar,75,57,42,0,174,0,0,35,0,35,75,57,77,0,209,144,0,144,353
04/23/2021,BUR,CA,AWP,WE,Towers with Radar,72,49,27,0,148,0,5,50,1,56,72,54,77,1,204,72,0,72,276
04/24/2021,BUR,CA,AWP,WE,Towers with Radar,65,37,15,2,119,0,1,32,0,33,65,38,47,2,152,104,0,104,256
04/25/2021,BUR,CA,AWP,WE,Towers with Radar,73,51,31,2,157,0,1,48,0,49,73,52,79,2,206,146,0,146,352
04/26/2021,BUR,CA,AWP,WE,Towers with Radar,71,42,31,0,144,0,0,45,0,45,71,42,76,0,189,228,0,228,417
04/27/2021,BUR,CA,AWP,WE,Towers with Radar,69,49,26,3,147,0,0,36,0,36,69,49,62,3,183,92,0,92,275
04/28/2021,BUR,CA,AWP,WE,Towers with Radar,71,52,32,4,159,0,3,48,1,52,71,55,80,5,211,126,0,126,337
04/29/2021,BUR,CA,AWP,WE,Towers with Radar,74,47,33,1,155,0,2,52,0,54,74,49,85,1,209,162,0,162,371
04/30/2021,BUR,CA,AWP,WE,Towers with Radar,74,62,27,1,164,0,2,60,2,64,74,64,87,3,228,110,0,110,338
05/01/2021,BUR,CA,AWP,WE,Towers with Radar,66,41,24,0,131,0,0,51,0,51,66,41,75,0,182,86,0,86,268
05/02/2021,BUR,CA,AWP,WE,Towers with Radar,71,58,32,0,161,0,2,52,1,55,71,60,84,1,216,88,0,88,304
05/03/2021,BUR,CA,AWP,WE,Towers with Radar,71,47,36,0,154,0,3,29,1,33,71,50,65,1,187,90,0,90,277
05/04/2021,BUR,CA,AWP,WE,Towers with Radar,74,36,29,0,139,0,0,66,0,66,74,36,95,0,205,228,0,228,433
05/05/2021,BUR,CA,AWP,WE,Towers with Radar,73,36,38,0,147,0,2,50,1,53,73,38,88,1,200,92,0,92,292
05/06/2021,BUR,CA,AWP,WE,Towers with Radar,81,44,28,1,154,0,2,56,0,58,81,46,84,1,212,98,0,98,310
05/07/2021,BUR,CA,AWP,WE,Towers with Radar,80,53,33,2,168,0,0,40,0,40,80,53,73,2,208,128,0,128,336
05/08/2021,BUR,CA,AWP,WE,Towers with Radar,77,39,19,1,136,0,1,51,0,52,77,40,70,1,188,62,0,62,250
05/09/2021,BUR,CA,AWP,WE,Towers with Radar,95,52,27,1,175,0,2,43,0,45,95,54,70,1,220,34,0,34,254
05/10/2021,BUR,CA,AWP,WE,Towers with Radar,95,43,33,0,171,0,1,48,0,49,95,44,81,0,220,184,0,184,404
05/11/2021,BUR,CA,AWP,WE,Towers with Radar,78,44,34,0,156,0,3,45,2,50,78,47,79,2,206,120,0,120,326
05/12/2021,BUR,CA,AWP,WE,Towers with Radar,80,43,50,0,173,0,0,56,2,58,80,43,106,2,231,278,0,278,509
05/13/2021,BUR,CA,AWP,WE,Towers with Radar,100,51,34,4,189,0,0,44,0,44,100,51,78,4,233,184,0,184,417
05/14/2021,BUR,CA,AWP,WE,Towers with Radar,98,60,43,5,206,0,1,46,0,47,98,61,89,5,253,102,0,102,355
05/15/2021,BUR,CA,AWP,WE,Towers with Radar,76,56,38,5,175,0,2,51,4,57,76,58,89,9,232,90,0,90,322
05/16/2021,BUR,CA,AWP,WE,Towers with Radar,96,57,48,1,202,0,2,35,0,37,96,59,83,1,239,50,0,50,289
05/17/2021,BUR,CA,AWP,WE,Towers with Radar,91,47,35,0,173,0,3,24,1,28,91,50,59,1,201,60,0,60,261
05/18/2021,BUR,CA,AWP,WE,Towers with Radar,82,48,34,0,164,0,0,60,0,60,82,48,94,0,224,113,0,113,337
05/19/2021,BUR,CA,AWP,WE,Towers with Radar,85,47,54,0,186,0,6,61,1,68,85,53,115,1,254,172,0,172,426
05/20/2021,BUR,CA,AWP,WE,Towers with Radar,103,56,36,0,195,0,2,51,0,53,103,58,87,0,248,206,0,206,454
05/21/2021,BUR,CA,AWP,WE,Towers with Radar,103,51,25,0,179,0,0,40,0,40,103,51,65,0,219,10,0,10,229
05/22/2021,BUR,CA,AWP,WE,Towers with Radar,80,37,23,0,140,0,0,45,0,45,80,37,68,0,185,34,0,34,219
05/23/2021,BUR,CA,AWP,WE,Towers with Radar,97,54,33,1,185,0,0,49,0,49,97,54,82,1,234,58,0,58,292
05/24/2021,BUR,CA,AWP,WE,Towers with Radar,104,52,36,1,193,0,3,53,0,56,104,55,89,1,249,114,0,114,363
05/25/2021,BUR,CA,AWP,WE,Towers with Radar,83,42,33,0,158,0,4,51,1,56,83,46,84,1,214,98,0,98,312
05/26/2021,BUR,CA,AWP,WE,Towers with Radar,84,61,33,1,179,0,2,62,1,65,84,63,95,2,244,146,0,146,390
05/27/2021,BUR,CA,AWP,WE,Towers with Radar,104,54,39,0,197,0,0,43,0,43,104,54,82,0,240,76,0,76,316
05/28/2021,BUR,CA,AWP,WE,Towers with Radar,101,62,53,0,216,0,2,79,0,81,101,64,132,0,297,144,0,144,441
05/29/2021,BUR,CA,AWP,WE,Towers with Radar,79,34,32,0,145,0,1,50,0,51,79,35,82,0,196,106,0,106,302
05/30/2021,BUR,CA,AWP,WE,Towers with Radar,96,52,16,1,165,0,2,47,0,49,96,54,63,1,214,62,0,62,276
05/31/2021,BUR,CA,AWP,WE,Towers with Radar,97,61,37,0,195,0,3,53,3,59,97,64,90,3,254,64,0,64,318
06/01/2021,BUR,CA,AWP,WE,Towers with Radar,97,61,50,0,208,0,1,55,2,58,97,62,105,2,266,204,0,204,470
06/02/2021,BUR,CA,AWP,WE,Towers with Radar,104,56,54,0,214,0,1,66,0,67,104,57,120,0,281,120,0,120,401
06/03/2021,BUR,CA,AWP,WE,Towers with Radar,107,63,45,0,215,0,2,46,2,50,107,65,91,2,265,240,0,240,505
06/04/2021,BUR,CA,AWP,WE,Towers with Radar,105,56,50,0,211,0,6,56,3,65,105,62,106,3,276,154,0,154,430
06/05/2021,BUR,CA,AWP,WE,Towers with Radar,80,33,28,0,141,0,2,48,0,50,80,35,76,0,191,38,0,38,229
06/06/2021,BUR,CA,AWP,WE,Towers with Radar,129,44,51,1,225,0,0,56,2,58,129,44,107,3,283,112,0,112,395
06/07/2021,BUR,CA,AWP,WE,Towers with Radar,122,41,42,1,206,0,2,23,2,27,122,43,65,3,233,26,0,26,259
06/08/2021,BUR,CA,AWP,WE,Towers with Radar,125,59,34,0,218,0,1,53,2,56,125,60,87,2,274,136,0,136,410
06/09/2021,BUR,CA,AWP,WE,Towers with Radar,126,48,42,0,216,0,2,50,2,54,126,50,92,2,270,106,0,106,376
06/10/2021,BUR,CA,AWP,WE,Towers with Radar,140,57,34,0,231,0,3,58,2,63,140,60,92,2,294,110,0,110,404
06/11/2021,BUR,CA,AWP,WE,Towers with Radar,134,61,44,0,239,0,2,51,3,56,134,63,95,3,295,2,0,2,297
06/12/2021,BUR,CA,AWP,WE,Towers with Radar,88,37,19,2,146,0,3,65,2,70,88,40,84,4,216,114,0,114,330
06/13/2021,BUR,CA,AWP,WE,Towers with Radar,132,59,45,0,236,0,0,78,2,80,132,59,123,2,316,56,0,56,372
06/14/2021,BUR,CA,AWP,WE,Towers with Radar,125,42,48,0,215,0,2,52,0,54,125,44,100,0,269,90,0,90,359
06/15/2021,BUR,CA,AWP,WE,Towers with Radar,120,46,56,2,224,0,0,60,2,62,120,46,116,4,286,94,0,94,380
06/16/2021,BUR,CA,AWP,WE,Towers with Radar,121,54,39,0,214,0,0,55,2,57,121,54,94,2,271,98,0,98,369
06/17/2021,BUR,CA,AWP,WE,Towers with Radar,138,68,44,2,252,0,3,72,0,75,138,71,116,2,327,160,0,160,487
06/18/2021,BUR,CA,AWP,WE,Towers with Radar,130,68,14,0,212,0,3,48,2,53,130,71,62,2,265,0,0,0,265
06/19/2021,BUR,CA,AWP,WE,Towers with Radar,86,52,19,1,158,0,0,38,4,42,86,52,57,5,200,68,0,68,268
06/20/2021,BUR,CA,AWP,WE,Towers with Radar,128,65,35,2,230,0,2,49,0,51,128,67,84,2,281,20,0,20,301
06/21/2021,BUR,CA,AWP,WE,Towers with Radar,130,60,50,2,242,0,1,40,2,43,130,61,90,4,285,118,0,118,403
06/22/2021,BUR,CA,AWP,WE,Towers with Radar,126,60,33,1,220,0,4,56,2,62,126,64,89,3,282,150,0,150,432
06/23/2021,BUR,CA,AWP,WE,Towers with Radar,125,60,43,0,228,0,2,55,1,58,125,62,98,1,286,172,0,172,458
06/24/2021,BUR,CA,AWP,WE,Towers with Radar,131,64,40,0,235,0,5,52,0,57,131,69,92,0,292,149,0,149,441
06/25/2021,BUR,CA,AWP,WE,Towers with Radar,127,56,38,0,221,0,4,67,1,72,127,60,105,1,293,64,0,64,357
06/26/2021,BUR,CA,AWP,WE,Towers with Radar,84,49,30,0,163,0,0,68,0,68,84,49,98,0,231,38,0,38,269
06/27/2021,BUR,CA,AWP,WE,Towers with Radar,132,52,33,0,217,0,0,44,0,44,132,52,77,0,261,0,0,0,261
06/28/2021,BUR,CA,AWP,WE,Towers with Radar,127,47,31,0,205,1,2,51,0,54,128,49,82,0,259,66,0,66,325
06/29/2021,BUR,CA,AWP,WE,Towers with Radar,122,54,34,0,210,0,3,49,1,53,122,57,83,1,263,92,0,92,355
06/30/2021,BUR,CA,AWP,WE,Towers with Radar,127,61,29,0,217,0,1,67,0,68,127,62,96,0,285,102,0,102,387
07/01/2021,BUR,CA,AWP,WE,Towers with Radar,136,69,44,0,249,0,5,75,0,80,136,74,119,0,329,254,0,254,583
07/02/2021,BUR,CA,AWP,WE,Towers with Radar,131,65,44,0,240,0,4,61,2,67,131,69,105,2,307,212,0,212,519
07/03/2021,BUR,CA,AWP,WE,Towers with Radar,82,46,25,0,153,0,5,40,0,45,82,51,65,0,198,20,0,20,218
07/04/2021,BUR,CA,AWP,WE,Towers with Radar,125,38,15,0,178,0,2,46,1,49,125,40,61,1,227,58,0,58,285
07/05/2021,BUR,CA,AWP,WE,Towers with Radar,130,61,42,0,233,0,2,42,1,45,130,63,84,1,278,112,0,112,390
07/06/2021,BUR,CA,AWP,WE,Towers with Radar,119,55,30,0,204,0,3,45,1,49,119,58,75,1,253,66,0,66,319
07/07/2021,BUR,CA,AWP,WE,Towers with Radar,122,43,43,0,208,0,1,62,1,64,122,44,105,1,272,336,0,336,608
07/08/2021,BUR,CA,AWP,WE,Towers with Radar,135,63,27,0,225,0,4,30,0,34,135,67,57,0,259,82,0,82,341
07/09/2021,BUR,CA,AWP,WE,Towers with Radar,126,68,45,0,239,0,4,57,0,61,126,72,102,0,300,82,0,82,382
07/10/2021,BUR,CA,AWP,WE,Towers with Radar,92,45,38,0,175,0,4,51,0,55,92,49,89,0,230,24,0,24,254
07/11/2021,BUR,CA,AWP,WE,Towers with Radar,137,59,38,0,234,0,7,37,0,44,137,66,75,0,278,136,0,136,414
07/12/2021,BUR,CA,AWP,WE,Towers with Radar,145,59,41,0,245,0,3,39,1,43,145,62,80,1,288,132,0,132,420
07/13/2021,BUR,CA,AWP,WE,Towers with Radar,132,51,38,0,221,0,1,52,0,53,132,52,90,0,274,22,0,22,296
07/14/2021,BUR,CA,AWP,WE,Towers with Radar,128,53,41,0,222,0,3,59,2,64,128,56,100,2,286,138,0,138,424
07/15/2021,BUR,CA,AWP,WE,Towers with Radar,164,60,28,1,253,0,1,48,2,51,164,61,76,3,304,90,0,90,394
07/16/2021,BUR,CA,AWP,WE,Towers with Radar,154,71,44,0,269,0,1,47,0,48,154,72,91,0,317,46,0,46,363
07/17/2021,BUR,CA,AWP,WE,Towers with Radar,116,50,20,0,186,0,0,53,0,53,116,50,73,0,239,60,0,60,299
07/18/2021,BUR,CA,AWP,WE,Towers with Radar,143,45,28,0,216,0,4,34,0,38,143,49,62,0,254,46,0,46,300
07/19/2021,BUR,CA,AWP,WE,Towers with Radar,152,62,40,0,254,0,0,37,0,37,152,62,77,0,291,64,0,64,355
07/20/2021,BUR,CA,AWP,WE,Towers with Radar,141,54,42,0,237,0,6,59,0,65,141,60,101,0,302,22,0,22,324
07/21/2021,BUR,CA,AWP,WE,Towers with Radar,148,58,48,0,254,0,5,66,0,71,148,63,114,0,325,136,0,136,461
07/22/2021,BUR,CA,AWP,WE,Towers with Radar,155,72,44,1,272,0,7,57,2,66,155,79,101,3,338,60,0,60,398
07/23/2021,BUR,CA,AWP,WE,Towers with Radar,156,69,30,1,256,0,2,67,2,71,156,71,97,3,327,90,0,90,417
07/24/2021,BUR,CA,AWP,WE,Towers with Radar,119,46,24,2,191,0,2,34,0,36,119,48,58,2,227,106,0,106,333
07/25/2021,BUR,CA,AWP,WE,Towers with Radar,141,50,44,2,237,0,2,50,0,52,141,52,94,2,289,14,0,14,303
07/26/2021,BUR,CA,AWP,WE,Towers with Radar,157,56,43,1,257,0,1,25,3,29,157,57,68,4,286,2,0,2,288
07/27/2021,BUR,CA,AWP,WE,Towers with Radar,143,52,49,1,245,0,2,48,0,50,143,54,97,1,295,170,0,170,465
07/28/2021,BUR,CA,AWP,WE,Towers with Radar,139,56,28,0,223,0,2,57,0,59,139,58,85,0,282,68,0,68,350
07/29/2021,BUR,CA,AWP,WE,Towers with Radar,156,56,48,0,260,0,3,52,0,55,156,59,100,0,315,86,0,86,401
07/30/2021,BUR,CA,AWP,WE,Towers with Radar,155,60,35,0,250,0,0,61,4,65,155,60,96,4,315,66,0,66,381
07/31/2021,BUR,CA,AWP,WE,Towers with Radar,115,38,26,0,179,0,0,48,0,48,115,38,74,0,227,94,0,94,321
08/01/2021,BUR,CA,AWP,WE,Towers with Radar,140,62,41,0,243,0,0,57,0,57,140,62,98,0,300,36,0,36,336
08/02/2021,BUR,CA,AWP,WE,Towers with Radar,146,53,40,1,240,0,0,44,1,45,146,53,84,2,285,82,0,82,367
08/03/2021,BUR,CA,AWP,WE,Towers with Radar,137,47,37,1,222,0,2,42,4,48,137,49,79,5,270,66,0,66,336
08/04/2021,BUR,CA,AWP,WE,Towers with Radar,136,50,52,0,238,0,2,56,0,58,136,52,108,0,296,76,0,76,372
08/05/2021,BUR,CA,AWP,WE,Towers with Radar,151,68,40,0,259,0,3,62,0,65,151,71,102,0,324,122,0,122,446
08/06/2021,BUR,CA,AWP,WE,Towers with Radar,152,65,33,0,250,0,0,56,0,56,152,65,89,0,306,20,0,20,326
08/07/2021,BUR,CA,AWP,WE,Towers with Radar,114,56,26,0,196,0,2,46,0,48,114,58,72,0,244,86,0,86,330
08/08/2021,BUR,CA,AWP,WE,Towers with Radar,141,59,37,0,237,0,3,47,0,50,141,62,84,0,287,18,0,18,305
08/09/2021,BUR,CA,AWP,WE,Towers with Radar,148,61,44,2,255,0,8,29,0,37,148,69,73,2,292,49,0,49,341
08/10/2021,BUR,CA,AWP,WE,Towers with Radar,139,47,34,0,220,0,3,41,0,44,139,50,75,0,264,60,0,60,324
08/11/2021,BUR,CA,AWP,WE,Towers with Radar,138,51,40,1,230,0,8,50,2,60,138,59,90,3,290,78,0,78,368
08/12/2021,BUR,CA,AWP,WE,Towers with Radar,159,74,47,0,280,0,3,65,3,71,159,77,112,3,351,140,0,140,491
08/13/2021,BUR,CA,AWP,WE,Towers with Radar,157,64,38,0,259,0,3,45,0,48,157,67,83,0,307,40,0,40,347
08/14/2021,BUR,CA,AWP,WE,Towers with Radar,112,42,29,2,185,0,1,40,0,41,112,43,69,2,226,8,0,8,234
08/15/2021,BUR,CA,AWP,WE,Towers with Radar,135,53,45,0,233,0,2,41,0,43,135,55,86,0,276,118,0,118,394
08/16/2021,BUR,CA,AWP,WE,Towers with Radar,145,47,25,0,217,0,2,30,2,34,145,49,55,2,251,38,0,38,289
08/17/2021,BUR,CA,AWP,WE,Towers with Radar,134,61,27,0,222,0,3,44,0,47,134,64,71,0,269,66,0,66,335
08/18/2021,BUR,CA,AWP,WE,Towers with Radar,131,61,29,0,221,0,1,28,4,33,131,62,57,4,254,143,0,143,397
08/19/2021,BUR,CA,AWP,WE,Towers with Radar,152,70,39,0,261,0,9,48,1,58,152,79,87,1,319,96,0,96,415
08/20/2021,BUR,CA,AWP,WE,Towers with Radar,139,47,33,0,219,0,6,39,1,46,139,53,72,1,265,32,0,32,297
08/21/2021,BUR,CA,AWP,WE,Towers with Radar,109,45,38,0,192,0,3,28,1,32,109,48,66,1,224,82,0,82,306
08/22/2021,BUR,CA,AWP,WE,Towers with Radar,138,62,39,0,239,0,2,50,0,52,138,64,89,0,291,196,0,196,487
08/23/2021,BUR,CA,AWP,WE,Towers with Radar,149,54,32,0,235,0,7,29,0,36,149,61,61,0,271,162,0,162,433
08/24/2021,BUR,CA,AWP,WE,Towers with Radar,139,59,31,0,229,0,4,36,0,40,139,63,67,0,269,128,0,128,397
08/25/2021,BUR,CA,AWP,WE,Towers with Radar,129,73,35,2,239,0,3,54,0,57,129,76,89,2,296,232,0,232,528
08/26/2021,BUR,CA,AWP,WE,Towers with Radar,151,66,45,0,262,0,3,40,0,43,151,69,85,0,305,194,0,194,499
08/27/2021,BUR,CA,AWP,WE,Towers with Radar,144,77,43,0,264,0,1,47,0,48,144,78,90,0,312,170,0,170,482
08/28/2021,BUR,CA,AWP,WE,Towers with Radar,112,40,28,0,180,0,4,43,0,47,112,44,71,0,227,54,0,54,281
08/29/2021,BUR,CA,AWP,WE,Towers with Radar,138,65,61,0,264,0,0,60,0,60,138,65,121,0,324,182,0,182,506
08/30/2021,BUR,CA,AWP,WE,Towers with Radar,142,69,52,2,265,0,2,57,1,60,142,71,109,3,325,182,0,182,507
08/31/2021,BUR,CA,AWP,WE,Towers with Radar,132,61,43,0,236,0,4,49,4,57,132,65,92,4,293,190,0,190,483
09/01/2021,BUR,CA,AWP,WE,Towers with Radar,129,55,32,0,216,0,5,35,0,40,129,60,67,0,256,282,0,282,538
09/02/2021,BUR,CA,AWP,WE,Towers with Radar,164,71,51,2,288,0,2,50,0,52,164,73,101,2,340,244,0,244,584
09/03/2021,BUR,CA,AWP,WE,Towers with Radar,161,71,42,1,275,0,4,68,0,72,161,75,110,1,347,142,0,142,489
09/04/2021,BUR,CA,AWP,WE,Towers with Radar,115,47,48,0,210,0,5,60,0,65,115,52,108,0,275,66,0,66,341
09/05/2021,BUR,CA,AWP,WE,Towers with Radar,146,42,37,2,227,0,1,38,0,39,146,43,75,2,266,78,0,78,344
09/06/2021,BUR,CA,AWP,WE,Towers with Radar,148,61,50,0,259,0,1,43,0,44,148,62,93,0,303,50,0,50,353
09/07/2021,BUR,CA,AWP,WE,Towers with Radar,152,54,39,0,245,0,1,43,0,44,152,55,82,0,289,54,0,54,343
09/08/2021,BUR,CA,AWP,WE,Towers with Radar,159,62,38,2,261,0,4,47,0,51,159,66,85,2,312,82,0,82,394
09/09/2021,BUR,CA,AWP,WE,Towers with Radar,159,67,39,0,265,0,2,36,1,39,159,69,75,1,304,72,0,72,376
09/10/2021,BUR,CA,AWP,WE,Towers with Radar,178,79,36,1,294,0,7,54,0,61,178,86,90,1,355,114,0,114,469
09/11/2021,BUR,CA,AWP,WE,Towers with Radar,138,56,23,1,218,0,3,47,2,52,138,59,70,3,270,14,0,14,284
09/12/2021,BUR,CA,AWP,WE,Towers with Radar,162,68,31,0,261,0,0,31,0,31,162,68,62,0,292,52,0,52,344
09/13/2021,BUR,CA,AWP,WE,Towers with Radar,164,70,46,1,281,0,1,48,1,50,164,71,94,2,331,0,0,0,331
09/14/2021,BUR,CA,AWP,WE,Towers with Radar,160,71,33,0,264,0,1,42,0,43,160,72,75,0,307,104,0,104,411
09/15/2021,BUR,CA,AWP,WE,Towers with Radar,162,77,39,0,278,0,0,44,0,44,162,77,83,0,322,38,0,38,360
09/16/2021,BUR,CA,AWP,WE,Towers with Radar,176,76,31,4,287,0,2,33,2,37,176,78,64,6,324,32,0,32,356
09/17/2021,BUR,CA,AWP,WE,Towers with Radar,179,85,56,5,325,0,3,51,1,55,179,88,107,6,380,60,0,60,440
09/18/2021,BUR,CA,AWP,WE,Towers with Radar,132,44,35,0,211,0,4,55,0,59,132,48,90,0,270,0,0,0,270
09/19/2021,BUR,CA,AWP,WE,Towers with Radar,162,71,54,0,287,0,2,44,0,46,162,73,98,0,333,68,0,68,401
09/20/2021,BUR,CA,AWP,WE,Towers with Radar,177,62,42,0,281,0,2,42,1,45,177,64,84,1,326,68,0,68,394
09/21/2021,BUR,CA,AWP,WE,Towers with Radar,156,58,35,1,250,0,3,34,0,37,156,61,69,1,287,42,0,42,329
09/22/2021,BUR,CA,AWP,WE,Towers with Radar,151,52,53,0,256,1,5,52,0,58,152,57,105,0,314,72,0,72,386
09/23/2021,BUR,CA,AWP,WE,Towers with Radar,173,73,45,2,293,0,7,64,1,72,173,80,109,3,365,66,0,66,431
09/24/2021,BUR,CA,AWP,WE,Towers with Radar,181,81,51,0,313,0,2,38,0,40,181,83,89,0,353,48,0,48,401
09/25/2021,BUR,CA,AWP,WE,Towers with Radar,127,52,37,0,216,0,2,61,0,63,127,54,98,0,279,40,0,40,319
09/26/2021,BUR,CA,AWP,WE,Towers with Radar,163,62,36,0,261,0,2,14,0,16,163,64,50,0,277,70,0,70,347
09/27/2021,BUR,CA,AWP,WE,Towers with Radar,176,74,27,0,277,0,3,20,0,23,176,77,47,0,300,30,0,30,330
09/28/2021,BUR,CA,AWP,WE,Towers with Radar,155,59,25,0,239,0,3,27,0,30,155,62,52,0,269,68,0,68,337
09/29/2021,BUR,CA,AWP,WE,Towers with Radar,158,60,58,0,276,0,2,52,0,54,158,62,110,0,330,28,0,28,358
09/30/2021,BUR,CA,AWP,WE,Towers with Radar,181,69,38,0,288,0,4,49,0,53,181,73,87,0,341,54,0,54,395
10/01/2021,BUR,CA,AWP,WE,Towers with Radar,178,68,43,0,289,0,1,55,0,56,178,69,98,0,345,80,0,80,425
10/02/2021,BUR,CA,AWP,WE,Towers with Radar,134,47,39,0,220,0,5,52,0,57,134,52,91,0,277,142,0,142,419
10/03/2021,BUR,CA,AWP,WE,Towers with Radar,166,66,40,0,272,0,6,27,0,33,166,72,67,0,305,18,0,18,323
10/04/2021,BUR,CA,AWP,WE,Towers with Radar,175,70,55,2,302,0,4,35,1,40,175,74,90,3,342,56,0,56,398
10/05/2021,BUR,CA,AWP,WE,Towers with Radar,156,51,30,0,237,0,5,46,1,52,156,56,76,1,289,182,0,182,471
10/06/2021,BUR,CA,AWP,WE,Towers with Radar,148,60,41,0,249,0,5,58,0,63,148,65,99,0,312,92,0,92,404
10/07/2021,BUR,CA,AWP,WE,Towers with Radar,196,79,49,2,326,0,2,37,0,39,196,81,86,2,365,70,0,70,435
10/08/2021,BUR,CA,AWP,WE,Towers with Radar,195,78,52,0,325,0,3,42,1,46,195,81,94,1,371,46,0,46,417
10/09/2021,BUR,CA,AWP,WE,Towers with Radar,111,50,24,0,185,0,8,37,1,46,111,58,61,1,231,68,0,68,299
10/10/2021,BUR,CA,AWP,WE,Towers with Radar,139,70,35,0,244,0,0,55,0,55,139,70,90,0,299,76,0,76,375
10/11/2021,BUR,CA,AWP,WE,Towers with Radar,153,70,50,1,274,0,5,36,0,41,153,75,86,1,315,98,0,98,413
10/12/2021,BUR,CA,AWP,WE,Towers with Radar,161,64,39,1,265,0,1,50,0,51,161,65,89,1,316,88,0,88,404
10/13/2021,BUR,CA,AWP,WE,Towers with Radar,169,64,47,1,281,0,3,43,0,46,169,67,90,1,327,14,0,14,341
10/14/2021,BUR,CA,AWP,WE,Towers with Radar,183,77,69,1,330,0,6,51,0,57,183,83,120,1,387,76,0,76,463
10/15/2021,BUR,CA,AWP,WE,Towers with Radar,188,76,37,0,301,0,1,65,0,66,188,77,102,0,367,162,0,162,529
10/16/2021,BUR,CA,AWP,WE,Towers with Radar,129,56,33,0,218,0,7,58,1,66,129,63,91,1,284,24,0,24,308
10/17/2021,BUR,CA,AWP,WE,Towers with Radar,161,64,42,0,267,0,0,59,0,59,161,64,101,0,326,58,0,58,384
10/18/2021,BUR,CA,AWP,WE,Towers with Radar,187,71,30,0,288,0,1,23,0,24,187,72,53,0,312,48,0,48,360
10/19/2021,BUR,CA,AWP,WE,Towers with Radar,169,68,46,0,283,0,1,54,0,55,169,69,100,0,338,43,0,43,381
10/20/2021,BUR,CA,AWP,WE,Towers with Radar,171,72,48,0,291,0,4,47,0,51,171,76,95,0,342,16,0,16,358
10/21/2021,BUR,CA,AWP,WE,Towers with Radar,182,65,47,1,295,0,4,42,1,47,182,69,89,2,342,88,0,88,430
10/22/2021,BUR,CA,AWP,WE,Towers with Radar,156,62,59,0,277,0,3,56,0,59,156,65,115,0,336,76,0,76,412
10/23/2021,BUR,CA,AWP,WE,Towers with Radar,129,60,28,0,217,0,0,39,0,39,129,60,67,0,256,158,0,158,414
10/24/2021,BUR,CA,AWP,WE,Towers with Radar,152,69,48,0,269,0,1,47,0,48,152,70,95,0,317,14,0,14,331
10/25/2021,BUR,CA,AWP,WE,Towers with Radar,144,73,38,0,255,0,1,7,0,8,144,74,45,0,263,0,0,0,263
10/26/2021,BUR,CA,AWP,WE,Towers with Radar,169,72,32,0,273,0,7,45,0,52,169,79,77,0,325,26,0,26,351
10/27/2021,BUR,CA,AWP,WE,Towers with Radar,177,59,36,0,272,0,2,52,0,54,177,61,88,0,326,106,0,106,432
10/28/2021,BUR,CA,AWP,WE,Towers with Radar,195,73,47,0,315,0,4,72,0,76,195,77,119,0,391,152,0,152,543
10/29/2021,BUR,CA,AWP,WE,Towers with Radar,183,69,38,0,290,0,4,56,4,64,183,73,94,4,354,102,0,102,456
10/30/2021,BUR,CA,AWP,WE,Towers with Radar,123,56,34,0,213,0,3,38,3,44,123,59,72,3,257,122,0,122,379
10/31/2021,BUR,CA,AWP,WE,Towers with Radar,151,64,31,1,247,0,2,25,0,27,151,66,56,1,274,92,0,92,366
11/01/2021,BUR,CA,AWP,WE,Towers with Radar,187,58,39,0,284,0,1,33,1,35,187,59,72,1,319,118,0,118,437
11/02/2021,BUR,CA,AWP,WE,Towers with Radar,166,60,37,0,263,0,2,34,0,36,166,62,71,0,299,102,0,102,401
11/03/2021,BUR,CA,AWP,WE,Towers with Radar,164,47,39,0,250,0,3,72,0,75,164,50,111,0,325,156,0,156,481
11/04/2021,BUR,CA,AWP,WE,Towers with Radar,175,80,53,0,308,0,5,37,1,43,175,85,90,1,351,32,0,32,383
11/05/2021,BUR,CA,AWP,WE,Towers with Radar,180,86,54,0,320,0,5,54,0,59,180,91,108,0,379,94,0,94,473
11/06/2021,BUR,CA,AWP,WE,Towers with Radar,113,60,41,0,214,0,0,25,0,25,113,60,66,0,239,114,0,114,353
11/07/2021,BUR,CA,AWP,WE,Towers with Radar,165,62,59,0,286,0,1,41,0,42,165,63,100,0,328,66,0,66,394
11/08/2021,BUR,CA,AWP,WE,Towers with Radar,178,63,40,0,281,0,4,38,3,45,178,67,78,3,326,100,0,100,426
11/09/2021,BUR,CA,AWP,WE,Towers with Radar,155,57,50,0,262,0,0,39,0,39,155,57,89,0,301,78,0,78,379
11/10/2021,BUR,CA,AWP,WE,Towers with Radar,160,58,48,2,268,0,1,43,0,44,160,59,91,2,312,76,0,76,388
11/11/2021,BUR,CA,AWP,WE,Towers with Radar,189,67,53,0,309,0,5,54,1,60,189,72,107,1,369,122,0,122,491
11/12/2021,BUR,CA,AWP,WE,Towers with Radar,192,80,55,0,327,0,2,46,0,48,192,82,101,0,375,216,0,216,591
11/13/2021,BUR,CA,AWP,WE,Towers with Radar,118,49,27,0,194,0,0,55,0,55,118,49,82,0,249,124,0,124,373
11/14/2021,BUR,CA,AWP,WE,Towers with Radar,165,66,53,0,284,0,5,50,0,55,165,71,103,0,339,110,0,110,449
11/15/2021,BUR,CA,AWP,WE,Towers with Radar,194,58,40,0,292,0,5,48,1,54,194,63,88,1,346,22,0,22,368
11/16/2021,BUR,CA,AWP,WE,Towers with Radar,150,55,39,1,245,0,0,46,3,49,150,55,85,4,294,114,0,114,408
11/17/2021,BUR,CA,AWP,WE,Towers with Radar,160,69,47,0,276,0,1,59,1,61,160,70,106,1,337,158,0,158,495
11/18/2021,BUR,CA,AWP,WE,Towers with Radar,196,80,65,1,342,0,1,50,2,53,196,81,115,3,395,84,0,84,479
11/19/2021,BUR,CA,AWP,WE,Towers with Radar,172,70,56,1,299,0,3,33,0,36,172,73,89,1,335,36,0,36,371
11/20/2021,BUR,CA,AWP,WE,Towers with Radar,123,52,32,0,207,0,2,34,0,36,123,54,66,0,243,96,0,96,339
11/21/2021,BUR,CA,AWP,WE,Towers with Radar,170,54,41,1,266,0,6,35,1,42,170,60,76,2,308,34,0,34,342
11/22/2021,BUR,CA,AWP,WE,Towers with Radar,198,70,48,0,316,0,0,60,0,60,198,70,108,0,376,48,0,48,424
11/23/2021,BUR,CA,AWP,WE,Towers with Radar,168,74,51,2,295,0,0,44,0,44,168,74,95,2,339,68,0,68,407
11/24/2021,BUR,CA,AWP,WE,Towers with Radar,178,79,25,2,284,0,2,57,0,59,178,81,82,2,343,141,0,141,484
11/25/2021,BUR,CA,AWP,WE,Towers with Radar,149,32,5,0,186,0,2,8,0,10,149,34,13,0,196,0,0,0,196
11/26/2021,BUR,CA,AWP,WE,Towers with Radar,166,60,29,0,255,0,3,49,0,52,166,63,78,0,307,12,0,12,319
11/27/2021,BUR,CA,AWP,WE,Towers with Radar,130,55,44,1,230,0,1,53,0,54,130,56,97,1,284,104,0,104,388
11/28/2021,BUR,CA,AWP,WE,Towers with Radar,173,72,47,0,292,0,1,50,0,51,173,73,97,0,343,24,0,24,367
11/29/2021,BUR,CA,AWP,WE,Towers with Radar,179,80,38,4,301,0,5,49,1,55,179,85,87,5,356,70,0,70,426
11/30/2021,BUR,CA,AWP,WE,Towers with Radar,181,65,49,0,295,0,2,58,0,60,181,67,107,0,355,102,0,102,457
12/01/2021,BUR,CA,AWP,WE,Towers with Radar,166,75,51,0,292,0,2,42,0,44,166,77,93,0,336,130,0,130,466
12/02/2021,BUR,CA,AWP,WE,Towers with Radar,169,68,37,0,274,0,0,36,0,36,169,68,73,0,310,38,0,38,348
12/03/2021,BUR,CA,AWP,WE,Towers with Radar,171,72,41,0,284,0,0,27,0,27,171,72,68,0,311,18,0,18,329
12/04/2021,BUR,CA,AWP,WE,Towers with Radar,116,63,24,0,203,0,4,36,0,40,116,67,60,0,243,24,0,24,267
12/05/2021,BUR,CA,AWP,WE,Towers with Radar,132,55,45,0,232,0,6,37,0,43,132,61,82,0,275,0,0,0,275
12/06/2021,BUR,CA,AWP,WE,Towers with Radar,168,56,55,0,279,0,0,28,0,28,168,56,83,0,307,38,0,38,345
12/07/2021,BUR,CA,AWP,WE,Towers with Radar,169,65,35,0,269,0,0,30,0,30,169,65,65,0,299,82,0,82,381
12/08/2021,BUR,CA,AWP,WE,Towers with Radar,165,57,33,0,255,0,2,70,1,73,165,59,103,1,328,196,0,196,524
12/09/2021,BUR,CA,AWP,WE,Towers with Radar,169,61,40,0,270,0,0,15,0,15,169,61,55,0,285,0,0,0,285
12/10/2021,BUR,CA,AWP,WE,Towers with Radar,173,86,51,0,310,0,2,40,0,42,173,88,91,0,352,36,0,36,388
12/11/2021,BUR,CA,AWP,WE,Towers with Radar,118,65,27,0,210,0,2,70,0,72,118,67,97,0,282,106,0,106,388
12/12/2021,BUR,CA,AWP,WE,Towers with Radar,165,65,53,0,283,0,2,52,0,54,165,67,105,0,337,32,0,32,369
12/13/2021,BUR,CA,AWP,WE,Towers with Radar,170,61,29,0,260,0,2,35,1,38,170,63,64,1,298,68,0,68,366
12/14/2021,BUR,CA,AWP,WE,Towers with Radar,63,45,18,0,126,0,2,20,0,22,63,47,38,0,148,0,0,0,148
12/15/2021,BUR,CA,AWP,WE,Towers with Radar,164,64,36,0,264,0,4,60,1,65,164,68,96,1,329,96,0,96,425
12/16/2021,BUR,CA,AWP,WE,Towers with Radar,194,79,40,0,313,0,2,26,0,28,194,81,66,0,341,102,0,102,443
12/17/2021,BUR,CA,AWP,WE,Towers with Radar,204,92,35,0,331,0,2,40,0,42,204,94,75,0,373,46,0,46,419
12/18/2021,BUR,CA,AWP,WE,Towers with Radar,117,71,37,0,225,0,0,50,0,50,117,71,87,0,275,94,0,94,369
12/19/2021,BUR,CA,AWP,WE,Towers with Radar,172,97,47,0,316,0,0,44,0,44,172,97,91,0,360,24,0,24,384
12/20/2021,BUR,CA,AWP,WE,Towers with Radar,193,64,36,0,293,0,3,41,0,44,193,67,77,0,337,48,0,48,385
12/21/2021,BUR,CA,AWP,WE,Towers with Radar,177,64,39,0,280,0,3,61,0,64,177,67,100,0,344,144,0,144,488
12/22/2021,BUR,CA,AWP,WE,Towers with Radar,186,57,23,0,266,0,0,35,1,36,186,57,58,1,302,70,0,70,372
12/23/2021,BUR,CA,AWP,WE,Towers with Radar,178,71,23,0,272,0,1,3,0,4,178,72,26,0,276,0,0,0,276
12/24/2021,BUR,CA,AWP,WE,Towers with Radar,169,66,17,0,252,0,0,11,0,11,169,66,28,0,263,0,0,0,263
12/25/2021,BUR,CA,AWP,WE,Towers with Radar,108,59,12,0,179,0,0,5,0,5,108,59,17,0,184,0,0,0,184
12/26/2021,BUR,CA,AWP,WE,Towers with Radar,156,62,43,0,261,0,0,27,0,27,156,62,70,0,288,64,0,64,352
12/27/2021,BUR,CA,AWP,WE,Towers with Radar,166,61,27,0,254,0,0,22,0,22,166,61,49,0,276,52,0,52,328
12/28/2021,BUR,CA,AWP,WE,Towers with Radar,158,69,22,1,250,0,4,30,0,34,158,73,52,1,284,28,0,28,312
12/29/2021,BUR,CA,AWP,WE,Towers with Radar,155,68,25,1,249,0,2,11,0,13,155,70,36,1,262,92,0,92,354
12/30/2021,BUR,CA,AWP,WE,Towers with Radar,169,74,35,2,280,0,0,9,0,9,169,74,44,2,289,0,0,0,289
12/31/2021,BUR,CA,AWP,WE,Towers with Radar,159,66,29,1,255,0,3,58,0,61,159,69,87,1,316,66,0,66,382
01/01/2022,BUR,CA,AWP,WE,Towers with Radar,105,74,76,1,256,0,2,32,0,34,105,76,108,1,290,35,0,35,325
01/02/2022,BUR,CA,AWP,WE,Towers with Radar,154,67,70,3,294,0,0,41,0,41,154,67,111,3,335,54,0,54,389
01/03/2022,BUR,CA,AWP,WE,Towers with Radar,156,50,30,0,236,0,0,32,0,32,156,50,62,0,268,86,0,86,354
01/04/2022,BUR,CA,AWP,WE,Towers with Radar,148,53,32,2,235,0,1,41,1,43,148,54,73,3,278,104,0,104,382
01/05/2022,BUR,CA,AWP,WE,Towers with Radar,140,49,25,0,214,0,3,48,0,51,140,52,73,0,265,102,0,102,367
01/06/2022,BUR,CA,AWP,WE,Towers with Radar,143,67,37,0,247,0,2,47,0,49,143,69,84,0,296,280,0,280,576
01/07/2022,BUR,CA,AWP,WE,Towers with Radar,148,54,20,0,222,0,0,42,0,42,148,54,62,0,264,58,0,58,322
01/08/2022,BUR,CA,AWP,WE,Towers with Radar,97,47,11,0,155,0,1,47,0,48,97,48,58,0,203,120,0,120,323
01/09/2022,BUR,CA,AWP,WE,Towers with Radar,155,59,31,0,245,0,3,40,8,51,155,62,71,8,296,76,0,76,372
01/10/2022,BUR,CA,AWP,WE,Towers with Radar,155,67,20,0,242,0,0,30,2,32,155,67,50,2,274,38,0,38,312
01/11/2022,BUR,CA,AWP,WE,Towers with Radar,142,56,25,2,225,0,6,32,4,42,142,62,57,6,267,118,0,118,385
01/12/2022,BUR,CA,AWP,WE,Towers with Radar,150,69,28,0,247,0,1,36,2,39,150,70,64,2,286,194,0,194,480
01/13/2022,BUR,CA,AWP,WE,Towers with Radar,153,75,32,0,260,0,3,31,3,37,153,78,63,3,297,134,0,134,431
01/14/2022,BUR,CA,AWP,WE,Towers with Radar,178,73,44,0,295,0,0,58,2,60,178,73,102,2,355,182,0,182,537
01/15/2022,BUR,CA,AWP,WE,Towers with Radar,102,42,21,0,165,0,0,33,0,33,102,42,54,0,198,128,0,128,326
01/16/2022,BUR,CA,AWP,WE,Towers with Radar,155,43,24,0,222,0,2,41,2,45,155,45,65,2,267,52,0,52,319
01/17/2022,BUR,CA,AWP,WE,Towers with Radar,174,59,36,0,269,0,2,16,0,18,174,61,52,0,287,56,0,56,343
01/18/2022,BUR,CA,AWP,WE,Towers with Radar,157,51,22,1,231,0,0,28,1,29,157,51,50,2,260,28,0,28,288
01/19/2022,BUR,CA,AWP,WE,Towers with Radar,163,55,44,0,262,0,2,38,0,40,163,57,82,0,302,78,0,78,380
01/20/2022,BUR,CA,AWP,WE,Towers with Radar,185,71,40,0,296,0,4,29,0,33,185,75,69,0,329,94,0,94,423
01/21/2022,BUR,CA,AWP,WE,Towers with Radar,179,66,24,2,271,0,1,17,0,18,179,67,41,2,289,18,0,18,307
01/22/2022,BUR,CA,AWP,WE,Towers with Radar,119,47,13,0,179,0,2,26,0,28,119,49,39,0,207,0,0,0,207
01/23/2022,BUR,CA,AWP,WE,Towers with Radar,175,67,22,0,264,0,1,43,0,44,175,68,65,0,308,82,0,82,390
01/24/2022,BUR,CA,AWP,WE,Towers with Radar,177,62,32,2,273,0,1,35,1,37,177,63,67,3,310,210,0,210,520
01/25/2022,BUR,CA,AWP,WE,Towers with Radar,165,61,26,0,252,0,0,45,0,45,165,61,71,0,297,132,0,132,429
01/26/2022,BUR,CA,AWP,WE,Towers with Radar,165,47,36,0,248,0,0,31,1,32,165,47,67,1,280,52,0,52,332
01/27/2022,BUR,CA,AWP,WE,Towers with Radar,176,62,34,2,274,0,2,34,0,36,176,64,68,2,310,0,0,0,310
01/28/2022,BUR,CA,AWP,WE,Towers with Radar,180,65,26,1,272,0,0,44,0,44,180,65,70,1,316,0,0,0,316
01/29/2022,BUR,CA,AWP,WE,Towers with Radar,114,47,28,0,189,0,2,49,0,51,114,49,77,0,240,0,0,0,240
01/30/2022,BUR,CA,AWP,WE,Towers with Radar,175,60,29,1,265,0,0,45,0,45,175,60,74,1,310,0,0,0,310
01/31/2022,BUR,CA,AWP,WE,Towers with Radar,176,69,37,0,282,0,2,27,1,30,176,71,64,1,312,0,0,0,312
02/01/2022,BUR,CA,AWP,WE,Towers with Radar,164,50,30,0,244,0,0,37,0,37,164,50,67,0,281,84,0,84,365
02/02/2022,BUR,CA,AWP,WE,Towers with Radar,151,63,21,1,236,0,0,25,0,25,151,63,46,1,261,80,0,80,341
02/03/2022,BUR,CA,AWP,WE,Towers with Radar,158,80,30,0,268,0,0,41,0,41,158,80,71,0,309,0,0,0,309
02/04/2022,BUR,CA,AWP,WE,Towers with Radar,166,73,58,0,297,0,1,42,1,44,166,74,100,1,341,104,0,104,445
02/05/2022,BUR,CA,AWP,WE,Towers with Radar,110,52,13,2,177,0,1,41,0,42,110,53,54,2,219,58,0,58,277
02/06/2022,BUR,CA,AWP,WE,Towers with Radar,165,60,55,0,280,0,1,32,1,34,165,61,87,1,314,108,0,108,422
02/07/2022,BUR,CA,AWP,WE,Towers with Radar,170,64,45,1,280,0,1,42,0,43,170,65,87,1,323,208,0,208,531
02/08/2022,BUR,CA,AWP,WE,Towers with Radar,166,48,30,0,244,0,1,43,1,45,166,49,73,1,289,2,0,2,291
02/09/2022,BUR,CA,AWP,WE,Towers with Radar,163,66,30,0,259,0,4,27,1,32,163,70,57,1,291,58,0,58,349
02/10/2022,BUR,CA,AWP,WE,Towers with Radar,173,91,51,0,315,0,2,34,0,36,173,93,85,0,351,0,0,0,351
02/11/2022,BUR,CA,AWP,WE,Towers with Radar,185,94,51,0,330,0,3,42,0,45,185,97,93,0,375,6,0,6,381
02/12/2022,BUR,CA,AWP,WE,Towers with Radar,124,64,45,0,233,0,1,35,0,36,124,65,80,0,269,12,0,12,281
02/13/2022,BUR,CA,AWP,WE,Towers with Radar,178,66,39,0,283,0,0,21,0,21,178,66,60,0,304,20,0,20,324
02/14/2022,BUR,CA,AWP,WE,Towers with Radar,188,84,72,0,344,0,0,38,0,38,188,84,110,0,382,0,0,0,382
02/15/2022,BUR,CA,AWP,WE,Towers with Radar,168,71,46,0,285,0,3,21,0,24,168,74,67,0,309,24,0,24,333
02/16/2022,BUR,CA,AWP,WE,Towers with Radar,164,66,56,0,286,0,5,37,0,42,164,71,93,0,328,42,0,42,370
02/17/2022,BUR,CA,AWP,WE,Towers with Radar,189,76,49,0,314,0,0,33,0,33,189,76,82,0,347,94,0,94,441
02/18/2022,BUR,CA,AWP,WE,Towers with Radar,187,72,65,0,324,0,0,62,0,62,187,72,127,0,386,66,0,66,452
02/19/2022,BUR,CA,AWP,WE,Towers with Radar,126,59,23,1,209,0,1,66,0,67,126,60,89,1,276,88,0,88,364
02/20/2022,BUR,CA,AWP,WE,Towers with Radar,177,51,34,1,263,0,0,39,1,40,177,51,73,2,303,12,0,12,315
02/21/2022,BUR,CA,AWP,WE,Towers with Radar,183,61,47,0,291,0,0,27,0,27,183,61,74,0,318,64,0,64,382
02/22/2022,BUR,CA,AWP,WE,Towers with Radar,182,76,22,2,282,0,3,39,0,42,182,79,61,2,324,146,0,146,470
02/23/2022,BUR,CA,AWP,WE,Towers with Radar,161,66,29,0,256,0,1,27,1,29,161,67,56,1,285,34,0,34,319
02/24/2022,BUR,CA,AWP,WE,Towers with Radar,182,74,37,0,293,0,2,54,0,56,182,76,91,0,349,124,0,124,473
02/25/2022,BUR,CA,AWP,WE,Towers with Radar,179,70,30,0,279,0,3,56,0,59,179,73,86,0,338,170,0,170,508
02/26/2022,BUR,CA,AWP,WE,Towers with Radar,124,60,32,0,216,0,2,56,0,58,124,62,88,0,274,164,0,164,438
02/27/2022,BUR,CA,AWP,WE,Towers with Radar,182,60,45,0,287,0,1,47,0,48,182,61,92,0,335,56,0,56,391
02/28/2022,BUR,CA,AWP,WE,Towers with Radar,184,64,25,0,273,0,1,38,0,39,184,65,63,0,312,132,0,132,444
03/01/2022,BUR,CA,AWP,WE,Towers with Radar,164,58,18,1,241,0,1,51,1,53,164,59,69,2,294,134,0,134,428
03/02/2022,BUR,CA,AWP,WE,Towers with Radar,155,62,40,1,258,0,1,47,0,48,155,63,87,1,306,184,0,184,490
03/03/2022,BUR,CA,AWP,WE,Towers with Radar,181,73,41,1,296,0,0,35,2,37,181,73,76,3,333,190,0,190,523
03/04/2022,BUR,CA,AWP,WE,Towers with Radar,180,68,45,0,293,0,1,41,0,42,180,69,86,0,335,144,0,144,479
03/05/2022,BUR,CA,AWP,WE,Towers with Radar,109,53,23,0,185,0,0,30,0,30,109,53,53,0,215,46,0,46,261
03/06/2022,BUR,CA,AWP,WE,Towers with Radar,173,62,33,0,268,0,0,48,0,48,173,62,81,0,316,14,0,14,330
03/07/2022,BUR,CA,AWP,WE,Towers with Radar,181,61,28,0,270,0,2,34,0,36,181,63,62,0,306,0,0,0,306
03/08/2022,BUR,CA,AWP,WE,Towers with Radar,158,55,32,0,245,0,1,35,0,36,158,56,67,0,281,38,0,38,319
03/09/2022,BUR,CA,AWP,WE,Towers with Radar,148,77,30,2,257,0,2,62,1,65,148,79,92,3,322,136,0,136,458
03/10/2022,BUR,CA,AWP,WE,Towers with Radar,177,69,22,0,268,0,1,36,2,39,177,70,58,2,307,66,0,66,373
03/11/2022,BUR,CA,AWP,WE,Towers with Radar,178,80,34,0,292,0,0,58,0,58,178,80,92,0,350,64,0,64,414
03/12/2022,BUR,CA,AWP,WE,Towers with Radar,113,57,24,0,194,0,0,35,0,35,113,57,59,0,229,0,0,0,229
03/13/2022,BUR,CA,AWP,WE,Towers with Radar,163,71,39,0,273,0,0,50,0,50,163,71,89,0,323,146,0,146,469
03/14/2022,BUR,CA,AWP,WE,Towers with Radar,170,76,36,0,282,0,2,48,0,50,170,78,84,0,332,44,0,44,376
03/15/2022,BUR,CA,AWP,WE,Towers with Radar,168,61,31,2,262,0,1,54,1,56,168,62,85,3,318,116,0,116,434
03/16/2022,BUR,CA,AWP,WE,Towers with Radar,166,66,34,2,268,0,4,32,0,36,166,70,66,2,304,14,0,14,318
03/17/2022,BUR,CA,AWP,WE,Towers with Radar,190,64,37,0,291,0,3,36,0,39,190,67,73,0,330,146,0,146,476
03/18/2022,BUR,CA,AWP,WE,Towers with Radar,180,75,38,0,293,0,1,46,0,47,180,76,84,0,340,78,0,78,418
03/19/2022,BUR,CA,AWP,WE,Towers with Radar,119,62,31,0,212,0,2,41,0,43,119,64,72,0,255,48,0,48,303
03/20/2022,BUR,CA,AWP,WE,Towers with Radar,166,67,44,0,277,0,2,40,0,42,166,69,84,0,319,64,0,64,383
03/21/2022,BUR,CA,AWP,WE,Towers with Radar,175,67,22,1,265,0,1,41,1,43,175,68,63,2,308,100,0,100,408
03/22/2022,BUR,CA,AWP,WE,Towers with Radar,171,69,32,1,273,0,1,51,0,52,171,70,83,1,325,66,0,66,391
03/23/2022,BUR,CA,AWP,WE,Towers with Radar,169,63,33,0,265,0,0,56,2,58,169,63,89,2,323,142,0,142,465
03/24/2022,BUR,CA,AWP,WE,Towers with Radar,182,83,31,0,296,0,1,44,0,45,182,84,75,0,341,138,0,138,479
03/25/2022,BUR,CA,AWP,WE,Towers with Radar,178,67,42,0,287,0,3,53,0,56,178,70,95,0,343,32,0,32,375
03/26/2022,BUR,CA,AWP,WE,Towers with Radar,118,61,24,0,203,0,6,51,0,57,118,67,75,0,260,234,0,234,494
03/27/2022,BUR,CA,AWP,WE,Towers with Radar,176,60,37,0,273,0,1,26,0,27,176,61,63,0,300,40,0,40,340
03/28/2022,BUR,CA,AWP,WE,Towers with Radar,166,62,45,0,273,0,0,6,0,6,166,62,51,0,279,18,0,18,297
03/29/2022,BUR,CA,AWP,WE,Towers with Radar,175,54,29,0,258,0,1,40,1,42,175,55,69,1,300,56,0,56,356
03/30/2022,BUR,CA,AWP,WE,Towers with Radar,173,55,36,0,264,0,0,39,0,39,173,55,75,0,303,69,0,69,372
03/31/2022,BUR,CA,AWP,WE,Towers with Radar,188,75,46,0,309,0,0,32,1,33,188,75,78,1,342,152,0,152,494
04/01/2022,BUR,CA,AWP,WE,Towers with Radar,176,72,40,1,289,0,1,51,0,52,176,73,91,1,341,48,0,48,389
04/02/2022,BUR,CA,AWP,WE,Towers with Radar,115,47,42,1,205,0,1,22,0,23,115,48,64,1,228,82,0,82,310
04/03/2022,BUR,CA,AWP,WE,Towers with Radar,188,66,34,0,288,0,2,37,0,39,188,68,71,0,327,52,0,52,379
04/04/2022,BUR,CA,AWP,WE,Towers with Radar,189,64,27,0,280,0,3,30,2,35,189,67,57,2,315,84,0,84,399
04/05/2022,BUR,CA,AWP,WE,Towers with Radar,187,69,34,1,291,0,3,38,0,41,187,72,72,1,332,44,0,44,376
04/06/2022,BUR,CA,AWP,WE,Towers with Radar,186,67,31,2,286,0,3,55,3,61,186,70,86,5,347,124,0,124,471
04/07/2022,BUR,CA,AWP,WE,Towers with Radar,206,89,39,0,334,0,2,43,0,45,206,91,82,0,379,54,0,54,433
04/08/2022,BUR,CA,AWP,WE,Towers with Radar,196,75,41,0,312,0,1,37,1,39,196,76,78,1,351,20,0,20,371
04/09/2022,BUR,CA,AWP,WE,Towers with Radar,116,48,30,0,194,0,1,33,0,34,116,49,63,0,228,70,0,70,298
04/10/2022,BUR,CA,AWP,WE,Towers with Radar,195,67,44,0,306,0,0,32,0,32,195,67,76,0,338,78,0,78,416
04/11/2022,BUR,CA,AWP,WE,Towers with Radar,192,58,28,0,278,0,4,27,0,31,192,62,55,0,309,90,0,90,399
04/12/2022,BUR,CA,AWP,WE,Towers with Radar,175,62,21,0,258,0,1,20,2,23,175,63,41,2,281,0,0,0,281
04/13/2022,BUR,CA,AWP,WE,Towers with Radar,184,76,34,3,297,0,1,48,0,49,184,77,82,3,346,80,0,80,426
04/14/2022,BUR,CA,AWP,WE,Towers with Radar,206,76,59,0,341,0,3,64,1,68,206,79,123,1,409,120,0,120,529
04/15/2022,BUR,CA,AWP,WE,Towers with Radar,194,70,48,0,312,0,3,55,0,58,194,73,103,0,370,62,0,62,432
04/16/2022,BUR,CA,AWP,WE,Towers with Radar,120,54,13,0,187,0,1,17,1,19,120,55,30,1,206,148,0,148,354
04/17/2022,BUR,CA,AWP,WE,Towers with Radar,197,65,27,0,289,0,3,46,0,49,197,68,73,0,338,44,0,44,382
04/18/2022,BUR,CA,AWP,WE,Towers with Radar,187,55,45,1,288,0,5,40,1,46,187,60,85,2,334,70,0,70,404
04/19/2022,BUR,CA,AWP,WE,Towers with Radar,186,68,32,0,286,0,0,54,1,55,186,68,86,1,341,81,0,81,422
04/20/2022,BUR,CA,AWP,WE,Towers with Radar,182,77,32,0,291,0,0,59,0,59,182,77,91,0,350,118,0,118,468
04/21/2022,BUR,CA,AWP,WE,Towers with Radar,205,77,40,2,324,0,0,35,4,39,205,77,75,6,363,116,0,116,479
04/22/2022,BUR,CA,AWP,WE,Towers with Radar,195,76,35,1,307,0,2,45,0,47,195,78,80,1,354,62,0,62,416
04/23/2022,BUR,CA,AWP,WE,Towers with Radar,121,57,23,0,201,0,4,42,0,46,121,61,65,0,247,70,0,70,317
04/24/2022,BUR,CA,AWP,WE,Towers with Radar,197,64,30,0,291,0,4,50,0,54,197,68,80,0,345,16,0,16,361
04/25/2022,BUR,CA,AWP,WE,Towers with Radar,186,52,39,2,279,0,1,45,1,47,186,53,84,3,326,74,0,74,400
04/26/2022,BUR,CA,AWP,WE,Towers with Radar,192,72,50,6,320,0,4,38,0,42,192,76,88,6,362,78,0,78,440
04/27/2022,BUR,CA,AWP,WE,Towers with Radar,186,64,50,2,302,0,1,60,3,64,186,65,110,5,366,134,0,134,500
04/28/2022,BUR,CA,AWP,WE,Towers with Radar,196,77,52,3,328,0,2,41,2,45,196,79,93,5,373,76,0,76,449
04/29/2022,BUR,CA,AWP,WE,Towers with Radar,199,75,31,1,306,0,2,47,1,50,199,77,78,2,356,34,0,34,390
04/30/2022,BUR,CA,AWP,WE,Towers with Radar,115,63,18,0,196,0,2,41,0,43,115,65,59,0,239,50,0,50,289
05/01/2022,BUR,CA,AWP,WE,Towers with Radar,194,79,43,0,316,0,0,31,0,31,194,79,74,0,347,16,0,16,363
05/02/2022,BUR,CA,AWP,WE,Towers with Radar,195,72,30,0,297,0,1,30,0,31,195,73,60,0,328,58,0,58,386
05/03/2022,BUR,CA,AWP,WE,Towers with Radar,182,76,45,0,303,0,0,45,0,45,182,76,90,0,348,92,0,92,440
05/04/2022,BUR,CA,AWP,WE,Towers with Radar,185,70,30,0,285,0,2,47,0,49,185,72,77,0,334,52,0,52,386
05/05/2022,BUR,CA,AWP,WE,Towers with Radar,197,76,46,1,320,0,1,55,0,56,197,77,101,1,376,90,0,90,466
05/06/2022,BUR,CA,AWP,WE,Towers with Radar,201,61,29,0,291,0,2,61,0,63,201,63,90,0,354,110,0,110,464
05/07/2022,BUR,CA,AWP,WE,Towers with Radar,116,43,13,0,172,0,0,45,0,45,116,43,58,0,217,98,0,98,315
05/08/2022,BUR,CA,AWP,WE,Towers with Radar,194,54,25,0,273,0,0,31,0,31,194,54,56,0,304,20,0,20,324
05/09/2022,BUR,CA,AWP,WE,Towers with Radar,197,68,26,0,291,0,1,17,0,18,197,69,43,0,309,56,0,56,365
05/10/2022,BUR,CA,AWP,WE,Towers with Radar,194,73,36,2,305,0,1,44,2,47,194,74,80,4,352,54,0,54,406
05/11/2022,BUR,CA,AWP,WE,Towers with Radar,183,68,19,2,272,0,1,36,1,38,183,69,55,3,310,4,0,4,314
05/12/2022,BUR,CA,AWP,WE,Towers with Radar,206,76,38,1,321,0,3,67,0,70,206,79,105,1,391,126,0,126,517
05/13/2022,BUR,CA,AWP,WE,Towers with Radar,193,79,34,0,306,0,1,43,0,44,193,80,77,0,350,74,0,74,424
05/14/2022,BUR,CA,AWP,WE,Towers with Radar,121,61,31,0,213,0,0,38,0,38,121,61,69,0,251,14,0,14,265
05/15/2022,BUR,CA,AWP,WE,Towers with Radar,200,69,39,1,309,0,1,37,0,38,200,70,76,1,347,42,0,42,389
05/16/2022,BUR,CA,AWP,WE,Towers with Radar,194,68,43,1,306,0,3,48,1,52,194,71,91,2,358,62,0,62,420
05/17/2022,BUR,CA,AWP,WE,Towers with Radar,199,75,36,0,310,0,3,40,3,46,199,78,76,3,356,38,0,38,394
05/18/2022,BUR,CA,AWP,WE,Towers with Radar,187,70,46,2,305,0,2,46,2,50,187,72,92,4,355,90,0,90,445
05/19/2022,BUR,CA,AWP,WE,Towers with Radar,208,74,49,1,332,0,0,32,1,33,208,74,81,2,365,58,0,58,423
05/20/2022,BUR,CA,AWP,WE,Towers with Radar,196,71,51,0,318,0,0,26,1,27,196,71,77,1,345,30,0,30,375
05/21/2022,BUR,CA,AWP,WE,Towers with Radar,113,60,33,0,206,0,0,35,4,39,113,60,68,4,245,40,0,40,285
05/22/2022,BUR,CA,AWP,WE,Towers with Radar,191,57,41,0,289,0,4,45,1,50,191,61,86,1,339,42,0,42,381
05/23/2022,BUR,CA,AWP,WE,Towers with Radar,198,58,27,2,285,0,1,26,3,30,198,59,53,5,315,0,0,0,315
05/24/2022,BUR,CA,AWP,WE,Towers with Radar,182,77,29,0,288,0,0,50,0,50,182,77,79,0,338,40,0,40,378
05/25/2022,BUR,CA,AWP,WE,Towers with Radar,188,60,35,0,283,0,4,50,0,54,188,64,85,0,337,68,0,68,405
05/26/2022,BUR,CA,AWP,WE,Towers with Radar,206,78,39,1,324,0,7,40,0,47,206,85,79,1,371,104,0,104,475
05/27/2022,BUR,CA,AWP,WE,Towers with Radar,206,65,33,0,304,1,6,65,0,72,207,71,98,0,376,48,0,48,424
05/28/2022,BUR,CA,AWP,WE,Towers with Radar,118,42,22,0,182,0,5,23,0,28,118,47,45,0,210,28,0,28,238
05/29/2022,BUR,CA,AWP,WE,Towers with Radar,196,40,20,0,256,0,3,41,0,44,196,43,61,0,300,75,0,75,375
05/30/2022,BUR,CA,AWP,WE,Towers with Radar,195,60,44,1,300,0,5,37,3,45,195,65,81,4,345,42,0,42,387
05/31/2022,BUR,CA,AWP,WE,Towers with Radar,195,67,30,1,293,0,2,45,3,50,195,69,75,4,343,110,0,110,453
06/01/2022,BUR,CA,AWP,WE,Towers with Radar,181,59,33,0,273,0,3,48,1,52,181,62,81,1,325,124,0,124,449
06/02/2022,BUR,CA,AWP,WE,Towers with Radar,204,70,23,0,297,0,0,39,3,42,204,70,62,3,339,40,0,40,379
06/03/2022,BUR,CA,AWP,WE,Towers with Radar,208,69,34,1,312,0,2,29,0,31,208,71,63,1,343,78,0,78,421
06/04/2022,BUR,CA,AWP,WE,Towers with Radar,119,56,23,2,200,0,0,42,2,44,119,56,65,4,244,118,0,118,362
06/05/2022,BUR,CA,AWP,WE,Towers with Radar,201,54,38,2,295,0,0,42,0,42,201,54,80,2,337,28,0,28,365
06/06/2022,BUR,CA,AWP,WE,Towers with Radar,202,65,42,2,311,0,2,51,5,58,202,67,93,7,369,48,0,48,417
06/07/2022,BUR,CA,AWP,WE,Towers with Radar,190,59,37,5,291,0,0,42,0,42,190,59,79,5,333,78,0,78,411
06/08/2022,BUR,CA,AWP,WE,Towers with Radar,191,74,59,0,324,0,2,12,0,14,191,76,71,0,338,22,0,22,360
06/09/2022,BUR,CA,AWP,WE,Towers with Radar,207,82,60,2,351,0,1,4,1,6,207,83,64,3,357,0,0,0,357
06/10/2022,BUR,CA,AWP,WE,Towers with Radar,207,76,30,2,315,0,0,11,4,15,207,76,41,6,330,0,0,0,330
06/11/2022,BUR,CA,AWP,WE,Towers with Radar,130,54,28,1,213,0,0,33,0,33,130,54,61,1,246,78,0,78,324
06/12/2022,BUR,CA,AWP,WE,Towers with Radar,200,52,25,4,281,0,4,38,1,43,200,56,63,5,324,96,0,96,420
06/13/2022,BUR,CA,AWP,WE,Towers with Radar,207,65,37,0,309,0,0,56,0,56,207,65,93,0,365,96,0,96,461
06/14/2022,BUR,CA,AWP,WE,Towers with Radar,190,70,35,0,295,0,0,49,0,49,190,70,84,0,344,46,0,46,390
06/15/2022,BUR,CA,AWP,WE,Towers with Radar,187,80,44,2,313,0,3,53,2,58,187,83,97,4,371,98,0,98,469
06/16/2022,BUR,CA,AWP,WE,Towers with Radar,211,63,28,0,302,0,0,57,0,57,211,63,85,0,359,180,0,180,539
06/17/2022,BUR,CA,AWP,WE,Towers with Radar,199,66,48,0,313,0,1,61,0,62,199,67,109,0,375,134,0,134,509
06/18/2022,BUR,CA,AWP,WE,Towers with Radar,141,49,12,0,202,0,5,50,0,55,141,54,62,0,257,148,0,148,405
06/19/2022,BUR,CA,AWP,WE,Towers with Radar,202,65,23,1,291,0,0,37,0,37,202,65,60,1,328,0,0,0,328
06/20/2022,BUR,CA,AWP,WE,Towers with Radar,202,55,32,1,290,0,2,52,0,54,202,57,84,1,344,72,0,72,416
06/21/2022,BUR,CA,AWP,WE,Towers with Radar,193,74,24,0,291,0,1,61,1,63,193,75,85,1,354,50,0,50,404
06/22/2022,BUR,CA,AWP,WE,Towers with Radar,170,63,18,1,252,0,2,31,0,33,170,65,49,1,285,16,0,16,301
06/23/2022,BUR,CA,AWP,WE,Towers with Radar,203,75,29,0,307,0,4,49,0,53,203,79,78,0,360,84,0,84,444
06/24/2022,BUR,CA,AWP,WE,Towers with Radar,205,62,34,0,301,0,0,54,0,54,205,62,88,0,355,80,0,80,435
06/25/2022,BUR,CA,AWP,WE,Towers with Radar,138,58,27,0,223,0,2,48,3,53,138,60,75,3,276,124,0,124,400
06/26/2022,BUR,CA,AWP,WE,Towers with Radar,206,47,22,0,275,0,4,54,0,58,206,51,76,0,333,84,0,84,417
06/27/2022,BUR,CA,AWP,WE,Towers with Radar,199,67,34,1,301,0,2,49,0,51,199,69,83,1,352,40,0,40,392
06/28/2022,BUR,CA,AWP,WE,Towers with Radar,190,70,23,0,283,0,0,57,3,60,190,70,80,3,343,84,0,84,427
06/29/2022,BUR,CA,AWP,WE,Towers with Radar,196,55,36,0,287,0,0,61,0,61,196,55,97,0,348,108,0,108,456
06/30/2022,BUR,CA,AWP,WE,Towers with Radar,212,82,40,0,334,0,1,47,0,48,212,83,87,0,382,58,0,58,440
07/01/2022,BUR,CA,AWP,WE,Towers with Radar,207,68,35,0,310,0,5,54,1,60,207,73,89,1,370,100,0,100,470
07/02/2022,BUR,CA,AWP,WE,Towers with Radar,132,40,24,1,197,0,0,52,0,52,132,40,76,1,249,184,0,184,433
07/03/2022,BUR,CA,AWP,WE,Towers with Radar,168,36,14,0,218,0,1,39,2,42,168,37,53,2,260,22,0,22,282
07/04/2022,BUR,CA,AWP,WE,Towers with Radar,164,49,13,0,226,0,0,25,1,26,164,49,38,1,252,28,0,28,280
07/05/2022,BUR,CA,AWP,WE,Towers with Radar,191,45,19,0,255,0,3,24,0,27,191,48,43,0,282,50,0,50,332
07/06/2022,BUR,CA,AWP,WE,Towers with Radar,186,60,19,0,265,0,3,36,0,39,186,63,55,0,304,128,0,128,432
07/07/2022,BUR,CA,AWP,WE,Towers with Radar,202,71,19,0,292,0,3,35,0,38,202,74,54,0,330,25,0,25,355
07/08/2022,BUR,CA,AWP,WE,Towers with Radar,196,56,41,0,293,0,0,57,0,57,196,56,98,0,350,128,0,128,478
07/09/2022,BUR,CA,AWP,WE,Towers with Radar,144,47,17,0,208,0,2,32,0,34,144,49,49,0,242,38,0,38,280
07/10/2022,BUR,CA,AWP,WE,Towers with Radar,197,64,22,0,283,0,2,44,0,46,197,66,66,0,329,84,0,84,413
07/11/2022,BUR,CA,AWP,WE,Towers with Radar,201,58,37,1,297,0,0,40,2,42,201,58,77,3,339,62,0,62,401
07/12/2022,BUR,CA,AWP,WE,Towers with Radar,187,47,19,1,254,0,0,47,2,49,187,47,66,3,303,38,0,38,341
07/13/2022,BUR,CA,AWP,WE,Towers with Radar,186,63,24,0,273,0,3,35,0,38,186,66,59,0,311,102,0,102,413
07/14/2022,BUR,CA,AWP,WE,Towers with Radar,198,71,24,0,293,0,3,52,0,55,198,74,76,0,348,152,0,152,500
07/15/2022,BUR,CA,AWP,WE,Towers with Radar,200,69,22,0,291,0,2,43,0,45,200,71,65,0,336,56,0,56,392
07/16/2022,BUR,CA,AWP,WE,Towers with Radar,140,48,32,0,220,0,3,47,0,50,140,51,79,0,270,62,0,62,332
07/17/2022,BUR,CA,AWP,WE,Towers with Radar,198,56,36,0,290,0,2,44,0,46,198,58,80,0,336,118,0,118,454
07/18/2022,BUR,CA,AWP,WE,Towers with Radar,201,63,30,0,294,0,0,42,1,43,201,63,72,1,337,30,0,30,367
07/19/2022,BUR,CA,AWP,WE,Towers with Radar,192,73,41,1,307,0,0,53,1,54,192,73,94,2,361,152,0,152,513
07/20/2022,BUR,CA,AWP,WE,Towers with Radar,194,67,48,0,309,0,3,61,2,66,194,70,109,2,375,82,0,82,457
07/21/2022,BUR,CA,AWP,WE,Towers with Radar,203,74,46,1,324,0,5,62,2,69,203,79,108,3,393,52,0,52,445
07/22/2022,BUR,CA,AWP,WE,Towers with Radar,205,68,31,0,304,0,2,59,1,62,205,70,90,1,366,80,0,80,446
07/23/2022,BUR,CA,AWP,WE,Towers with Radar,134,61,30,0,225,0,2,41,1,44,134,63,71,1,269,80,0,80,349
07/24/2022,BUR,CA,AWP,WE,Towers with Radar,195,71,29,0,295,0,4,51,1,56,195,75,80,1,351,174,0,174,525
07/25/2022,BUR,CA,AWP,WE,Towers with Radar,190,48,27,0,265,0,1,46,0,47,190,49,73,0,312,46,0,46,358
07/26/2022,BUR,CA,AWP,WE,Towers with Radar,203,61,21,0,285,0,0,54,2,56,203,61,75,2,341,42,0,42,383
07/27/2022,BUR,CA,AWP,WE,Towers with Radar,198,73,25,0,296,0,0,42,0,42,198,73,67,0,338,108,0,108,446
07/28/2022,BUR,CA,AWP,WE,Towers with Radar,192,83,39,2,316,0,0,41,1,42,192,83,80,3,358,50,0,50,408
07/29/2022,BUR,CA,AWP,WE,Towers with Radar,196,61,39,0,296,0,0,61,0,61,196,61,100,0,357,32,0,32,389
07/30/2022,BUR,CA,AWP,WE,Towers with Radar,137,53,18,0,208,0,2,36,0,38,137,55,54,0,246,18,0,18,264
07/31/2022,BUR,CA,AWP,WE,Towers with Radar,191,59,29,0,279,0,0,36,0,36,191,59,65,0,315,4,0,4,319
08/01/2022,BUR,CA,AWP,WE,Towers with Radar,197,56,19,0,272,0,1,45,0,46,197,57,64,0,318,60,0,60,378
08/02/2022,BUR,CA,AWP,WE,Towers with Radar,192,66,33,0,291,0,5,46,0,51,192,71,79,0,342,142,0,142,484
08/03/2022,BUR,CA,AWP,WE,Towers with Radar,192,71,47,0,310,0,2,59,1,62,192,73,106,1,372,120,0,120,492
08/04/2022,BUR,CA,AWP,WE,Towers with Radar,187,71,30,0,288,0,2,49,0,51,187,73,79,0,339,134,0,134,473
08/05/2022,BUR,CA,AWP,WE,Towers with Radar,197,72,31,0,300,0,1,59,2,62,197,73,90,2,362,130,0,130,492
08/06/2022,BUR,CA,AWP,WE,Towers with Radar,142,56,10,0,208,0,1,34,0,35,142,57,44,0,243,13,0,13,256
08/07/2022,BUR,CA,AWP,WE,Towers with Radar,185,86,38,0,309,0,3,39,0,42,185,89,77,0,351,44,0,44,395
08/08/2022,BUR,CA,AWP,WE,Towers with Radar,186,67,18,3,274,0,2,26,0,28,186,69,44,3,302,18,0,18,320
08/09/2022,BUR,CA,AWP,WE,Towers with Radar,174,71,35,4,284,0,5,64,0,69,174,76,99,4,353,90,0,90,443
08/10/2022,BUR,CA,AWP,WE,Towers with Radar,188,92,39,1,320,0,6,63,1,70,188,98,102,2,390,122,0,122,512
08/11/2022,BUR,CA,AWP,WE,Towers with Radar,190,100,46,0,336,0,5,47,0,52,190,105,93,0,388,18,0,18,406
08/12/2022,BUR,CA,AWP,WE,Towers with Radar,189,81,47,0,317,0,6,46,1,53,189,87,93,1,370,112,0,112,482
08/13/2022,BUR,CA,AWP,WE,Towers with Radar,137,69,22,0,228,0,4,39,1,44,137,73,61,1,272,40,0,40,312
08/14/2022,BUR,CA,AWP,WE,Towers with Radar,185,85,28,0,298,0,2,33,0,35,185,87,61,0,333,0,0,0,333
08/15/2022,BUR,CA,AWP,WE,Towers with Radar,202,74,32,0,308,0,2,30,1,33,202,76,62,1,341,0,0,0,341
08/16/2022,BUR,CA,AWP,WE,Towers with Radar,183,76,26,0,285,0,2,39,0,41,183,78,65,0,326,22,0,22,348
08/17/2022,BUR,CA,AWP,WE,Towers with Radar,185,66,41,0,292,0,5,68,0,73,185,71,109,0,365,104,0,104,469
08/18/2022,BUR,CA,AWP,WE,Towers with Radar,208,86,42,0,336,0,3,56,0,59,208,89,98,0,395,169,0,169,564
08/19/2022,BUR,CA,AWP,WE,Towers with Radar,198,87,42,0,327,0,7,58,1,66,198,94,100,1,393,84,0,84,477
08/20/2022,BUR,CA,AWP,WE,Towers with Radar,137,59,29,0,225,0,4,35,0,39,137,63,64,0,264,28,0,28,292
08/21/2022,BUR,CA,AWP,WE,Towers with Radar,194,77,55,0,326,0,3,38,0,41,194,80,93,0,367,0,0,0,367
08/22/2022,BUR,CA,AWP,WE,Towers with Radar,197,88,42,0,327,0,4,30,1,35,197,92,72,1,362,8,0,8,370
08/23/2022,BUR,CA,AWP,WE,Towers with Radar,189,108,80,0,377,0,3,70,0,73,189,111,150,0,450,82,0,82,532
08/24/2022,BUR,CA,AWP,WE,Towers with Radar,184,107,84,0,375,0,7,44,0,51,184,114,128,0,426,142,0,142,568
08/25/2022,BUR,CA,AWP,WE,Towers with Radar,200,97,54,0,351,0,2,50,0,52,200,99,104,0,403,64,0,64,467
08/26/2022,BUR,CA,AWP,WE,Towers with Radar,205,91,45,0,341,0,3,39,0,42,205,94,84,0,383,42,0,42,425
08/27/2022,BUR,CA,AWP,WE,Towers with Radar,136,74,32,0,242,0,2,42,0,44,136,76,74,0,286,58,0,58,344
08/28/2022,BUR,CA,AWP,WE,Towers with Radar,199,82,45,1,327,0,0,40,0,40,199,82,85,1,367,30,0,30,397
08/29/2022,BUR,CA,AWP,WE,Towers with Radar,200,99,59,0,358,0,5,51,0,56,200,104,110,0,414,26,0,26,440
08/30/2022,BUR,CA,AWP,WE,Towers with Radar,188,123,66,2,379,0,4,55,1,60,188,127,121,3,439,38,0,38,477
08/31/2022,BUR,CA,AWP,WE,Towers with Radar,188,129,79,4,400,0,7,55,1,63,188,136,134,5,463,38,0,38,501
09/01/2022,BUR,CA,AWP,WE,Towers with Radar,200,118,56,1,375,0,8,63,3,74,200,126,119,4,449,84,0,84,533
09/02/2022,BUR,CA,AWP,WE,Towers with Radar,206,77,37,1,321,0,8,55,8,71,206,85,92,9,392,16,0,16,408
09/03/2022,BUR,CA,AWP,WE,Towers with Radar,134,53,34,0,221,0,3,43,5,51,134,56,77,5,272,40,0,40,312
09/04/2022,BUR,CA,AWP,WE,Towers with Radar,149,83,35,1,268,0,3,49,1,53,149,86,84,2,321,4,0,4,325
09/05/2022,BUR,CA,AWP,WE,Towers with Radar,201,107,21,0,329,0,3,40,3,46,201,110,61,3,375,60,0,60,435
09/06/2022,BUR,CA,AWP,WE,Towers with Radar,183,75,31,0,289,0,3,48,0,51,183,78,79,0,340,60,0,60,400
09/07/2022,BUR,CA,AWP,WE,Towers with Radar,183,85,48,0,316,0,5,29,0,34,183,90,77,0,350,42,0,42,392
09/08/2022,BUR,CA,AWP,WE,Towers with Radar,186,91,62,0,339,0,7,55,0,62,186,98,117,0,401,6,0,6,407
09/09/2022,BUR,CA,AWP,WE,Towers with Radar,197,84,36,0,317,0,7,30,1,38,197,91,66,1,355,38,0,38,393
09/10/2022,BUR,CA,AWP,WE,Towers with Radar,144,66,33,1,244,0,1,19,0,20,144,67,52,1,264,56,0,56,320
09/11/2022,BUR,CA,AWP,WE,Towers with Radar,159,84,37,0,280,0,2,37,0,39,159,86,74,0,319,58,0,58,377
09/12/2022,BUR,CA,AWP,WE,Towers with Radar,203,79,40,1,323,0,6,37,1,44,203,85,77,2,367,36,0,36,403
09/13/2022,BUR,CA,AWP,WE,Towers with Radar,185,72,46,1,304,0,8,48,0,56,185,80,94,1,360,132,0,132,492
09/14/2022,BUR,CA,AWP,WE,Towers with Radar,196,88,39,0,323,0,6,44,1,51,196,94,83,1,374,116,0,116,490
09/15/2022,BUR,CA,AWP,WE,Towers with Radar,210,88,41,4,343,0,2,44,2,48,210,90,85,6,391,104,0,104,495
09/16/2022,BUR,CA,AWP,WE,Towers with Radar,206,75,32,2,315,0,0,63,2,65,206,75,95,4,380,96,0,96,476
09/17/2022,BUR,CA,AWP,WE,Towers with Radar,147,62,25,0,234,0,0,33,0,33,147,62,58,0,267,40,0,40,307
09/18/2022,BUR,CA,AWP,WE,Towers with Radar,159,73,31,0,263,0,0,40,0,40,159,73,71,0,303,36,0,36,339
09/19/2022,BUR,CA,AWP,WE,Towers with Radar,207,77,33,0,317,0,12,45,0,57,207,89,78,0,374,30,0,30,404
09/20/2022,BUR,CA,AWP,WE,Towers with Radar,190,78,46,0,314,0,2,33,2,37,190,80,79,2,351,40,0,40,391
09/21/2022,BUR,CA,AWP,WE,Towers with Radar,200,84,40,2,326,0,0,53,0,53,200,84,93,2,379,138,0,138,517
09/22/2022,BUR,CA,AWP,WE,Towers with Radar,206,101,36,0,343,0,5,40,0,45,206,106,76,0,388,18,0,18,406
09/23/2022,BUR,CA,AWP,WE,Towers with Radar,207,80,46,0,333,0,1,40,3,44,207,81,86,3,377,56,0,56,433
09/24/2022,BUR,CA,AWP,WE,Towers with Radar,148,55,34,0,237,0,1,54,0,55,148,56,88,0,292,40,0,40,332
09/25/2022,BUR,CA,AWP,WE,Towers with Radar,159,67,34,0,260,0,6,50,0,56,159,73,84,0,316,86,0,86,402
09/26/2022,BUR,CA,AWP,WE,Towers with Radar,210,70,26,0,306,0,2,44,1,47,210,72,70,1,353,32,0,32,385
09/27/2022,BUR,CA,AWP,WE,Towers with Radar,188,80,17,0,285,0,6,40,1,47,188,86,57,1,332,132,0,132,464
09/28/2022,BUR,CA,AWP,WE,Towers with Radar,179,83,40,0,302,0,5,55,0,60,179,88,95,0,362,74,0,74,436
09/29/2022,BUR,CA,AWP,WE,Towers with Radar,206,95,17,2,320,0,6,33,1,40,206,101,50,3,360,80,0,80,440
09/30/2022,BUR,CA,AWP,WE,Towers with Radar,207,88,42,0,337,0,8,30,0,38,207,96,72,0,375,66,0,66,441
10/01/2022,BUR,CA,AWP,WE,Towers with Radar,141,58,21,0,220,0,3,25,0,28,141,61,46,0,248,50,0,50,298
10/02/2022,BUR,CA,AWP,WE,Towers with Radar,160,75,40,0,275,0,4,38,0,42,160,79,78,0,317,10,0,10,327
10/03/2022,BUR,CA,AWP,WE,Towers with Radar,209,88,38,2,337,0,3,44,1,48,209,91,82,3,385,34,0,34,419
10/04/2022,BUR,CA,AWP,WE,Towers with Radar,193,84,38,0,315,1,7,56,0,64,194,91,94,0,379,104,0,104,483
10/05/2022,BUR,CA,AWP,WE,Towers with Radar,195,80,37,0,312,0,3,44,0,47,195,83,81,0,359,136,0,136,495
10/06/2022,BUR,CA,AWP,WE,Towers with Radar,202,93,43,2,340,0,1,41,0,42,202,94,84,2,382,134,0,134,516
10/07/2022,BUR,CA,AWP,WE,Towers with Radar,202,78,44,0,324,0,3,52,1,56,202,81,96,1,380,110,0,110,490
10/08/2022,BUR,CA,AWP,WE,Towers with Radar,146,61,39,2,248,0,4,42,0,46,146,65,81,2,294,28,0,28,322
10/09/2022,BUR,CA,AWP,WE,Towers with Radar,166,82,38,1,287,0,5,38,3,46,166,87,76,4,333,8,0,8,341
10/10/2022,BUR,CA,AWP,WE,Towers with Radar,202,79,48,1,330,0,0,26,0,26,202,79,74,1,356,12,0,12,368
10/11/2022,BUR,CA,AWP,WE,Towers with Radar,193,74,41,2,310,0,4,32,0,36,193,78,73,2,346,104,0,104,450
10/12/2022,BUR,CA,AWP,WE,Towers with Radar,184,75,51,0,310,0,3,19,0,22,184,78,70,0,332,28,0,28,360
10/13/2022,BUR,CA,AWP,WE,Towers with Radar,197,108,59,0,364,0,1,8,0,9,197,109,67,0,373,0,0,0,373
10/14/2022,BUR,CA,AWP,WE,Towers with Radar,202,95,72,0,369,0,9,30,4,43,202,104,102,4,412,4,0,4,416
10/15/2022,BUR,CA,AWP,WE,Towers with Radar,134,57,29,8,228,0,0,10,0,10,134,57,39,8,238,0,0,0,238
10/16/2022,BUR,CA,AWP,WE,Towers with Radar,152,73,54,0,279,0,3,36,0,39,152,76,90,0,318,22,0,22,340
10/17/2022,BUR,CA,AWP,WE,Towers with Radar,199,72,35,0,306,0,4,35,0,39,199,76,70,0,345,54,0,54,399
10/18/2022,BUR,CA,AWP,WE,Towers with Radar,183,67,21,2,273,0,2,38,0,40,183,69,59,2,313,40,0,40,353
10/19/2022,BUR,CA,AWP,WE,Towers with Radar,185,79,29,1,294,0,4,36,1,41,185,83,65,2,335,122,0,122,457
10/20/2022,BUR,CA,AWP,WE,Towers with Radar,200,83,37,2,322,0,5,63,0,68,200,88,100,2,390,90,0,90,480
10/21/2022,BUR,CA,AWP,WE,Towers with Radar,197,76,43,0,316,0,0,40,0,40,197,76,83,0,356,66,0,66,422
10/22/2022,BUR,CA,AWP,WE,Towers with Radar,139,50,25,0,214,0,4,24,2,30,139,54,49,2,244,52,0,52,296
10/23/2022,BUR,CA,AWP,WE,Towers with Radar,152,74,34,1,261,0,4,44,0,48,152,78,78,1,309,16,0,16,325
10/24/2022,BUR,CA,AWP,WE,Towers with Radar,195,67,29,0,291,0,1,37,1,39,195,68,66,1,330,108,0,108,438
10/25/2022,BUR,CA,AWP,WE,Towers with Radar,188,64,31,0,283,0,3,42,1,46,188,67,73,1,329,124,0,124,453
10/26/2022,BUR,CA,AWP,WE,Towers with Radar,189,84,32,0,305,0,4,47,0,51,189,88,79,0,356,162,0,162,518
10/27/2022,BUR,CA,AWP,WE,Towers with Radar,196,75,44,1,316,0,0,68,0,68,196,75,112,1,384,168,0,168,552
10/28/2022,BUR,CA,AWP,WE,Towers with Radar,196,81,34,0,311,0,0,50,2,52,196,81,84,2,363,152,0,152,515
10/29/2022,BUR,CA,AWP,WE,Towers with Radar,137,55,30,0,222,0,8,53,4,65,137,63,83,4,287,146,0,146,433
10/30/2022,BUR,CA,AWP,WE,Towers with Radar,157,63,23,0,243,0,11,23,0,34,157,74,46,0,277,56,0,56,333
10/31/2022,BUR,CA,AWP,WE,Towers with Radar,189,64,20,2,275,0,2,31,0,33,189,66,51,2,308,94,0,94,402
11/01/2022,BUR,CA,AWP,WE,Towers with Radar,197,70,38,1,306,0,2,13,0,15,197,72,51,1,321,20,0,20,341
11/02/2022,BUR,CA,AWP,WE,Towers with Radar,195,69,28,1,293,0,2,18,0,20,195,71,46,1,313,80,0,80,393
11/03/2022,BUR,CA,AWP,WE,Towers with Radar,197,73,25,1,296,0,4,27,0,31,197,77,52,1,327,6,0,6,333
11/04/2022,BUR,CA,AWP,WE,Towers with Radar,201,80,38,1,320,0,4,51,1,56,201,84,89,2,376,68,0,68,444
11/05/2022,BUR,CA,AWP,WE,Towers with Radar,150,59,22,0,231,0,2,23,2,27,150,61,45,2,258,12,0,12,270
11/06/2022,BUR,CA,AWP,WE,Towers with Radar,190,67,35,0,292,0,0,22,2,24,190,67,57,2,316,14,0,14,330
11/07/2022,BUR,CA,AWP,WE,Towers with Radar,200,69,31,0,300,0,1,8,0,9,200,70,39,0,309,8,0,8,317
11/08/2022,BUR,CA,AWP,WE,Towers with Radar,135,73,26,3,237,0,0,7,0,7,135,73,33,3,244,0,0,0,244
11/09/2022,BUR,CA,AWP,WE,Towers with Radar,175,60,27,0,262,0,2,51,0,53,175,62,78,0,315,56,0,56,371
11/10/2022,BUR,CA,AWP,WE,Towers with Radar,194,82,35,0,311,0,8,51,0,59,194,90,86,0,370,110,0,110,480
11/11/2022,BUR,CA,AWP,WE,Towers with Radar,194,60,27,0,281,0,2,52,2,56,194,62,79,2,337,18,0,18,355
11/12/2022,BUR,CA,AWP,WE,Towers with Radar,142,53,27,0,222,0,4,47,2,53,142,57,74,2,275,86,0,86,361
11/13/2022,BUR,CA,AWP,WE,Towers with Radar,188,60,33,0,281,0,2,28,0,30,188,62,61,0,311,18,0,18,329
11/14/2022,BUR,CA,AWP,WE,Towers with Radar,196,67,29,0,292,0,11,43,1,55,196,78,72,1,347,64,0,64,411
11/15/2022,BUR,CA,AWP,WE,Towers with Radar,169,81,29,0,279,0,6,34,1,41,169,87,63,1,320,78,0,78,398
11/16/2022,BUR,CA,AWP,WE,Towers with Radar,170,80,23,1,274,0,5,15,0,20,170,85,38,1,294,62,0,62,356
11/17/2022,BUR,CA,AWP,WE,Towers with Radar,189,81,40,1,311,0,4,60,5,69,189,85,100,6,380,160,0,160,540
11/18/2022,BUR,CA,AWP,WE,Towers with Radar,197,68,48,2,315,0,12,57,3,72,197,80,105,5,387,134,0,134,521
11/19/2022,BUR,CA,AWP,WE,Towers with Radar,144,59,35,0,238,0,3,29,5,37,144,62,64,5,275,108,0,108,383
11/20/2022,BUR,CA,AWP,WE,Towers with Radar,200,74,36,0,310,0,4,40,1,45,200,78,76,1,355,10,0,10,365
11/21/2022,BUR,CA,AWP,WE,Towers with Radar,207,54,34,1,296,0,3,44,0,47,207,57,78,1,343,86,0,86,429
11/22/2022,BUR,CA,AWP,WE,Towers with Radar,170,59,44,0,273,0,1,60,2,63,170,60,104,2,336,100,0,100,436
11/23/2022,BUR,CA,AWP,WE,Towers with Radar,171,70,33,1,275,0,2,50,1,53,171,72,83,2,328,54,0,54,382
11/24/2022,BUR,CA,AWP,WE,Towers with Radar,141,38,8,0,187,0,0,5,0,5,141,38,13,0,192,0,0,0,192
11/25/2022,BUR,CA,AWP,WE,Towers with Radar,186,66,22,0,274,0,3,36,0,39,186,69,58,0,313,28,0,28,341
11/26/2022,BUR,CA,AWP,WE,Towers with Radar,146,54,28,0,228,0,3,27,0,30,146,57,55,0,258,16,0,16,274
11/27/2022,BUR,CA,AWP,WE,Towers with Radar,170,64,45,0,279,0,10,30,0,40,170,74,75,0,319,22,0,22,341
11/28/2022,BUR,CA,AWP,WE,Towers with Radar,173,68,28,0,269,0,3,34,0,37,173,71,62,0,306,122,0,122,428
11/29/2022,BUR,CA,AWP,WE,Towers with Radar,199,86,39,1,325,0,9,45,0,54,199,95,84,1,379,130,0,130,509
11/30/2022,BUR,CA,AWP,WE,Towers with Radar,165,90,38,0,293,0,3,50,0,53,165,93,88,0,346,116,0,116,462
12/01/2022,BUR,CA,AWP,WE,Towers with Radar,163,83,35,0,281,0,2,24,0,26,163,85,59,0,307,22,0,22,329
12/02/2022,BUR,CA,AWP,WE,Towers with Radar,164,82,27,1,274,0,1,6,0,7,164,83,33,1,281,0,0,0,281
12/03/2022,BUR,CA,AWP,WE,Towers with Radar,134,55,38,1,228,0,1,39,2,42,134,56,77,3,270,36,0,36,306
12/04/2022,BUR,CA,AWP,WE,Towers with Radar,189,68,24,0,281,0,1,8,0,9,189,69,32,0,290,64,0,64,354
12/05/2022,BUR,CA,AWP,WE,Towers with Radar,170,83,37,1,291,0,2,27,0,29,170,85,64,1,320,72,0,72,392
12/06/2022,BUR,CA,AWP,WE,Towers with Radar,171,72,24,2,269,0,4,38,0,42,171,76,62,2,311,150,0,150,461
12/07/2022,BUR,CA,AWP,WE,Towers with Radar,170,74,41,0,285,0,5,43,0,48,170,79,84,0,333,156,0,156,489
12/08/2022,BUR,CA,AWP,WE,Towers with Radar,174,90,31,0,295,0,5,30,0,35,174,95,61,0,330,106,0,106,436
12/09/2022,BUR,CA,AWP,WE,Towers with Radar,170,77,28,1,276,0,7,27,0,34,170,84,55,1,310,8,0,8,318
12/10/2022,BUR,CA,AWP,WE,Towers with Radar,131,54,22,1,208,0,1,7,1,9,131,55,29,2,217,28,0,28,245
12/11/2022,BUR,CA,AWP,WE,Towers with Radar,185,72,32,1,290,0,0,14,0,14,185,72,46,1,304,0,0,0,304
12/12/2022,BUR,CA,AWP,WE,Towers with Radar,171,73,28,0,272,0,2,28,0,30,171,75,56,0,302,90,0,90,392
12/13/2022,BUR,CA,AWP,WE,Towers with Radar,173,77,27,0,277,0,5,48,0,53,173,82,75,0,330,74,0,74,404
12/14/2022,BUR,CA,AWP,WE,Towers with Radar,176,75,35,1,287,0,3,47,0,50,176,78,82,1,337,128,0,128,465
12/15/2022,BUR,CA,AWP,WE,Towers with Radar,182,88,29,4,303,0,1,36,1,38,182,89,65,5,341,118,0,118,459
12/16/2022,BUR,CA,AWP,WE,Towers with Radar,205,75,25,0,305,0,2,31,0,33,205,77,56,0,338,62,0,62,400
12/17/2022,BUR,CA,AWP,WE,Towers with Radar,143,56,32,0,231,0,5,30,0,35,143,61,62,0,266,36,0,36,302
12/18/2022,BUR,CA,AWP,WE,Towers with Radar,195,62,23,0,280,0,3,36,1,40,195,65,59,1,320,42,0,42,362
12/19/2022,BUR,CA,AWP,WE,Towers with Radar,189,55,33,3,280,0,3,21,0,24,189,58,54,3,304,26,0,26,330
12/20/2022,BUR,CA,AWP,WE,Towers with Radar,201,66,18,2,287,0,2,28,0,30,201,68,46,2,317,26,0,26,343
12/21/2022,BUR,CA,AWP,WE,Towers with Radar,155,60,29,1,245,0,2,37,2,41,155,62,66,3,286,74,0,74,360
12/22/2022,BUR,CA,AWP,WE,Towers with Radar,158,73,32,0,263,0,6,38,0,44,158,79,70,0,307,170,0,170,477
12/23/2022,BUR,CA,AWP,WE,Towers with Radar,127,74,21,0,222,0,4,30,0,34,127,78,51,0,256,12,0,12,268
12/24/2022,BUR,CA,AWP,WE,Towers with Radar,86,56,19,0,161,0,0,17,0,17,86,56,36,0,178,16,0,16,194
12/25/2022,BUR,CA,AWP,WE,Towers with Radar,112,42,10,0,164,0,4,13,1,18,112,46,23,1,182,24,0,24,206
12/26/2022,BUR,CA,AWP,WE,Towers with Radar,62,67,36,0,165,0,3,25,0,28,62,70,61,0,193,8,0,8,201
12/27/2022,BUR,CA,AWP,WE,Towers with Radar,68,68,34,0,170,0,0,31,1,32,68,68,65,1,202,108,0,108,310
12/28/2022,BUR,CA,AWP,WE,Towers with Radar,77,62,33,0,172,0,1,32,1,34,77,63,65,1,206,72,0,72,278
12/29/2022,BUR,CA,AWP,WE,Towers with Radar,83,66,30,0,179,0,0,23,0,23,83,66,53,0,202,32,0,32,234
12/30/2022,BUR,CA,AWP,WE,Towers with Radar,164,76,25,0,265,0,1,16,0,17,164,77,41,0,282,0,0,0,282
12/31/2022,BUR,CA,AWP,WE,Towers with Radar,130,52,11,0,193,0,0,0,0,0,130,52,11,0,193,0,0,0,193
01/01/2023,BUR,CA,AWP,WE,Towers with Radar,177,71,28,0,276,0,5,25,0,30,177,76,53,0,306,0,0,0,306
01/02/2023,BUR,CA,AWP,WE,Towers with Radar,149,73,113,0,335,0,4,23,0,27,149,77,136,0,362,32,0,32,394
01/03/2023,BUR,CA,AWP,WE,Towers with Radar,202,68,40,0,310,0,2,7,0,9,202,70,47,0,319,42,0,42,361
01/04/2023,BUR,CA,AWP,WE,Towers with Radar,165,66,20,0,251,0,0,2,0,2,165,66,22,0,253,0,0,0,253
01/05/2023,BUR,CA,AWP,WE,Towers with Radar,169,67,17,1,254,0,3,6,0,9,169,70,23,1,263,0,0,0,263
01/06/2023,BUR,CA,AWP,WE,Towers with Radar,178,90,34,0,302,0,5,39,1,45,178,95,73,1,347,68,0,68,415
01/07/2023,BUR,CA,AWP,WE,Towers with Radar,122,62,36,0,220,0,3,19,0,22,122,65,55,0,242,46,0,46,288
01/08/2023,BUR,CA,AWP,WE,Towers with Radar,154,79,51,0,284,0,2,15,0,17,154,81,66,0,301,86,0,86,387
01/09/2023,BUR,CA,AWP,WE,Towers with Radar,174,91,39,0,304,0,0,2,0,2,174,91,41,0,306,0,0,0,306
01/10/2023,BUR,CA,AWP,WE,Towers with Radar,129,64,65,0,258,0,0,10,0,10,129,64,75,0,268,52,0,52,320
01/11/2023,BUR,CA,AWP,WE,Towers with Radar,147,76,43,0,266,0,0,31,0,31,147,76,74,0,297,90,0,90,387
01/12/2023,BUR,CA,AWP,WE,Towers with Radar,185,81,35,0,301,0,1,24,0,25,185,82,59,0,326,36,0,36,362
01/13/2023,BUR,CA,AWP,WE,Towers with Radar,181,78,51,0,310,0,4,33,1,38,181,82,84,1,348,48,0,48,396
01/14/2023,BUR,CA,AWP,WE,Towers with Radar,113,58,15,0,186,0,1,3,0,4,113,59,18,0,190,0,0,0,190
01/15/2023,BUR,CA,AWP,WE,Towers with Radar,152,60,24,0,236,0,0,5,0,5,152,60,29,0,241,18,0,18,259
01/16/2023,BUR,CA,AWP,WE,Towers with Radar,187,69,27,1,284,0,2,12,0,14,187,71,39,1,298,24,0,24,322
01/17/2023,BUR,CA,AWP,WE,Towers with Radar,145,69,23,1,238,0,1,35,0,36,145,70,58,1,274,120,0,120,394
01/18/2023,BUR,CA,AWP,WE,Towers with Radar,157,72,25,0,254,0,6,48,0,54,157,78,73,0,308,68,0,68,376
01/19/2023,BUR,CA,AWP,WE,Towers with Radar,184,82,29,2,297,0,4,36,0,40,184,86,65,2,337,116,0,116,453
01/20/2023,BUR,CA,AWP,WE,Towers with Radar,181,72,30,0,283,0,4,40,0,44,181,76,70,0,327,96,0,96,423
01/21/2023,BUR,CA,AWP,WE,Towers with Radar,117,51,33,0,201,0,2,40,2,44,117,53,73,2,245,50,0,50,295
01/22/2023,BUR,CA,AWP,WE,Towers with Radar,150,65,29,0,244,0,0,29,0,29,150,65,58,0,273,2,0,2,275
01/23/2023,BUR,CA,AWP,WE,Towers with Radar,179,68,25,0,272,0,3,16,0,19,179,71,41,0,291,6,0,6,297
01/24/2023,BUR,CA,AWP,WE,Towers with Radar,156,74,29,0,259,0,2,35,0,37,156,76,64,0,296,84,0,84,380
01/25/2023,BUR,CA,AWP,WE,Towers with Radar,153,75,35,0,263,0,2,30,0,32,153,77,65,0,295,48,0,48,343
01/26/2023,BUR,CA,AWP,WE,Towers with Radar,186,71,36,0,293,0,4,18,2,24,186,75,54,2,317,18,0,18,335
01/27/2023,BUR,CA,AWP,WE,Towers with Radar,182,76,44,0,302,0,3,43,2,48,182,79,87,2,350,98,0,98,448
01/28/2023,BUR,CA,AWP,WE,Towers with Radar,114,55,23,0,192,0,1,31,0,32,114,56,54,0,224,50,0,50,274
01/29/2023,BUR,CA,AWP,WE,Towers with Radar,155,55,41,0,251,0,2,11,0,13,155,57,52,0,264,42,0,42,306
01/30/2023,BUR,CA,AWP,WE,Towers with Radar,174,60,25,0,259,0,1,18,0,19,174,61,43,0,278,77,0,77,355
01/31/2023,BUR,CA,AWP,WE,Towers with Radar,148,53,30,0,231,0,8,29,1,38,148,61,59,1,269,22,0,22,291
02/01/2023,BUR,CA,AWP,WE,Towers with Radar,152,62,30,2,246,2,1,28,1,32,154,63,58,3,278,138,0,138,416
02/02/2023,BUR,CA,AWP,WE,Towers with Radar,188,86,38,0,312,0,2,45,0,47,188,88,83,0,359,62,0,62,421
02/03/2023,BUR,CA,AWP,WE,Towers with Radar,183,78,24,1,286,0,4,39,0,43,183,82,63,1,329,42,0,42,371
02/04/2023,BUR,CA,AWP,WE,Towers with Radar,117,47,30,3,197,0,0,43,0,43,117,47,73,3,240,2,0,2,242
02/05/2023,BUR,CA,AWP,WE,Towers with Radar,158,68,32,2,260,0,0,13,0,13,158,68,45,2,273,92,0,92,365
02/06/2023,BUR,CA,AWP,WE,Towers with Radar,179,70,39,2,290,0,4,22,0,26,179,74,61,2,316,50,0,50,366
02/07/2023,BUR,CA,AWP,WE,Towers with Radar,159,64,37,2,262,0,9,46,0,55,159,73,83,2,317,108,0,108,425
02/08/2023,BUR,CA,AWP,WE,Towers with Radar,165,73,29,2,269,0,5,38,1,44,165,78,67,3,313,192,0,192,505
02/09/2023,BUR,CA,AWP,WE,Towers with Radar,192,76,42,1,311,0,4,38,1,43,192,80,80,2,354,156,0,156,510
02/10/2023,BUR,CA,AWP,WE,Towers with Radar,184,84,39,0,307,0,4,44,0,48,184,88,83,0,355,126,0,126,481
02/11/2023,BUR,CA,AWP,WE,Towers with Radar,121,57,33,0,211,0,1,39,0,40,121,58,72,0,251,114,0,114,365
02/12/2023,BUR,CA,AWP,WE,Towers with Radar,156,72,31,2,261,0,0,26,0,26,156,72,57,2,287,86,0,86,373
02/13/2023,BUR,CA,AWP,WE,Towers with Radar,182,74,45,1,302,0,3,21,0,24,182,77,66,1,326,38,0,38,364
02/14/2023,BUR,CA,AWP,WE,Towers with Radar,156,61,34,1,252,0,1,38,0,39,156,62,72,1,291,14,0,14,305
02/15/2023,BUR,CA,AWP,WE,Towers with Radar,155,81,34,0,270,0,3,19,0,22,155,84,53,0,292,4,0,4,296
02/16/2023,BUR,CA,AWP,WE,Towers with Radar,193,85,46,0,324,0,6,44,5,55,193,91,90,5,379,50,0,50,429
02/17/2023,BUR,CA,AWP,WE,Towers with Radar,190,73,45,0,308,0,4,48,0,52,190,77,93,0,360,110,0,110,470
02/18/2023,BUR,CA,AWP,WE,Towers with Radar,118,59,29,0,206,0,0,39,0,39,118,59,68,0,245,90,0,90,335
02/19/2023,BUR,CA,AWP,WE,Towers with Radar,158,71,32,0,261,0,7,32,1,40,158,78,64,1,301,38,0,38,339
02/20/2023,BUR,CA,AWP,WE,Towers with Radar,193,77,24,0,294,0,2,46,0,48,193,79,70,0,342,60,0,60,402
02/21/2023,BUR,CA,AWP,WE,Towers with Radar,167,69,40,0,276,0,6,36,0,42,167,75,76,0,318,94,0,94,412
02/22/2023,BUR,CA,AWP,WE,Towers with Radar,148,68,22,0,238,0,3,19,0,22,148,71,41,0,260,6,0,6,266
02/23/2023,BUR,CA,AWP,WE,Towers with Radar,192,61,30,0,283,0,0,12,0,12,192,61,42,0,295,56,0,56,351
02/24/2023,BUR,CA,AWP,WE,Towers with Radar,132,46,14,0,192,0,0,0,0,0,132,46,14,0,192,0,0,0,192
02/25/2023,BUR,CA,AWP,WE,Towers with Radar,114,45,13,0,172,0,0,2,0,2,114,45,15,0,174,0,0,0,174
02/26/2023,BUR,CA,AWP,WE,Towers with Radar,166,62,23,0,251,0,0,33,0,33,166,62,56,0,284,66,0,66,350
02/27/2023,BUR,CA,AWP,WE,Towers with Radar,188,64,24,1,277,0,0,2,0,2,188,64,26,1,279,0,0,0,279
02/28/2023,BUR,CA,AWP,WE,Towers with Radar,164,69,24,0,257,0,1,14,0,15,164,70,38,0,272,82,0,82,354
03/01/2023,BUR,CA,AWP,WE,Towers with Radar,154,54,29,0,237,0,0,17,0,17,154,54,46,0,254,84,0,84,338
03/02/2023,BUR,CA,AWP,WE,Towers with Radar,193,76,41,0,310,0,2,55,0,57,193,78,96,0,367,200,0,200,567
03/03/2023,BUR,CA,AWP,WE,Towers with Radar,190,82,33,0,305,0,4,61,0,65,190,86,94,0,370,160,0,160,530
03/04/2023,BUR,CA,AWP,WE,Towers with Radar,116,51,32,1,200,0,2,16,0,18,116,53,48,1,218,0,0,0,218
03/05/2023,BUR,CA,AWP,WE,Towers with Radar,160,80,28,0,268,0,0,18,0,18,160,80,46,0,286,0,0,0,286
03/06/2023,BUR,CA,AWP,WE,Towers with Radar,196,75,21,0,292,0,0,22,0,22,196,75,43,0,314,0,0,0,314
03/07/2023,BUR,CA,AWP,WE,Towers with Radar,169,71,33,0,273,0,1,32,0,33,169,72,65,0,306,0,0,0,306
03/08/2023,BUR,CA,AWP,WE,Towers with Radar,167,86,42,2,297,2,2,26,1,31,169,88,68,3,328,0,0,0,328
03/09/2023,BUR,CA,AWP,WE,Towers with Radar,187,104,39,0,330,0,2,11,0,13,187,106,50,0,343,2,0,2,345
03/10/2023,BUR,CA,AWP,WE,Towers with Radar,179,73,33,3,288,0,0,0,0,0,179,73,33,3,288,0,0,0,288
03/11/2023,BUR,CA,AWP,WE,Towers with Radar,122,56,26,6,210,0,0,0,0,0,122,56,26,6,210,0,0,0,210
03/12/2023,BUR,CA,AWP,WE,Towers with Radar,152,69,40,4,265,0,1,24,13,38,152,70,64,17,303,90,0,90,393
03/13/2023,BUR,CA,AWP,WE,Towers with Radar,181,71,30,0,282,0,3,24,0,27,181,74,54,0,309,154,0,154,463
03/14/2023,BUR,CA,AWP,WE,Towers with Radar,158,47,22,0,227,0,0,0,0,0,158,47,22,0,227,0,0,0,227
03/15/2023,BUR,CA,AWP,WE,Towers with Radar,174,61,30,14,279,0,0,18,0,18,174,61,48,14,297,114,0,114,411
03/16/2023,BUR,CA,AWP,WE,Towers with Radar,192,90,21,0,303,0,2,26,0,28,192,92,47,0,331,144,0,144,475
03/17/2023,BUR,CA,AWP,WE,Towers with Radar,189,87,25,0,301,0,2,38,0,40,189,89,63,0,341,54,0,54,395
03/18/2023,BUR,CA,AWP,WE,Towers with Radar,131,60,19,0,210,0,3,28,0,31,131,63,47,0,241,68,0,68,309
03/19/2023,BUR,CA,AWP,WE,Towers with Radar,153,78,28,0,259,0,2,21,0,23,153,80,49,0,282,200,0,200,482
03/20/2023,BUR,CA,AWP,WE,Towers with Radar,185,79,32,1,297,0,2,18,0,20,185,81,50,1,317,186,0,186,503
03/21/2023,BUR,CA,AWP,WE,Towers with Radar,144,54,16,0,214,0,0,0,0,0,144,54,16,0,214,0,0,0,214
03/22/2023,BUR,CA,AWP,WE,Towers with Radar,171,58,19,0,248,0,0,3,0,3,171,58,22,0,251,0,0,0,251
03/23/2023,BUR,CA,AWP,WE,Towers with Radar,194,92,36,0,322,0,3,37,1,41,194,95,73,1,363,186,0,186,549
03/24/2023,BUR,CA,AWP,WE,Towers with Radar,170,85,22,0,277,0,3,18,0,21,170,88,40,0,298,52,0,52,350
03/25/2023,BUR,CA,AWP,WE,Towers with Radar,121,49,22,0,192,0,1,29,0,30,121,50,51,0,222,92,0,92,314
03/26/2023,BUR,CA,AWP,WE,Towers with Radar,153,66,38,0,257,0,5,20,1,26,153,71,58,1,283,18,0,18,301
03/27/2023,BUR,CA,AWP,WE,Towers with Radar,183,73,34,0,290,0,6,52,1,59,183,79,86,1,349,118,0,118,467
03/28/2023,BUR,CA,AWP,WE,Towers with Radar,166,58,24,1,249,0,4,32,0,36,166,62,56,1,285,82,0,82,367
03/29/2023,BUR,CA,AWP,WE,Towers with Radar,170,77,18,0,265,0,2,14,0,16,170,79,32,0,281,60,0,60,341
03/30/2023,BUR,CA,AWP,WE,Towers with Radar,191,72,36,0,299,0,0,22,0,22,191,72,58,0,321,70,0,70,391
03/31/2023,BUR,CA,AWP,WE,Towers with Radar,186,77,35,0,298,0,1,31,0,32,186,78,66,0,330,56,0,56,386
04/01/2023,BUR,CA,AWP,WE,Towers with Radar,126,46,28,0,200,0,2,38,0,40,126,48,66,0,240,120,0,120,360
04/02/2023,BUR,CA,AWP,WE,Towers with Radar,149,68,30,0,247,0,4,27,0,31,149,72,57,0,278,110,0,110,388
04/03/2023,BUR,CA,AWP,WE,Towers with Radar,177,63,23,0,263,0,2,10,2,14,177,65,33,2,277,24,0,24,301
04/04/2023,BUR,CA,AWP,WE,Towers with Radar,162,59,20,1,242,0,4,27,3,34,162,63,47,4,276,28,0,28,304
04/05/2023,BUR,CA,AWP,WE,Towers with Radar,176,68,34,2,280,0,4,33,1,38,176,72,67,3,318,208,0,208,526
04/06/2023,BUR,CA,AWP,WE,Towers with Radar,192,73,35,0,300,0,3,36,0,39,192,76,71,0,339,30,0,30,369
04/07/2023,BUR,CA,AWP,WE,Towers with Radar,188,71,35,0,294,0,8,57,0,65,188,79,92,0,359,170,0,170,529
04/08/2023,BUR,CA,AWP,WE,Towers with Radar,132,48,19,0,199,0,5,44,0,49,132,53,63,0,248,128,0,128,376
04/09/2023,BUR,CA,AWP,WE,Towers with Radar,156,61,23,0,240,0,3,33,0,36,156,64,56,0,276,14,0,14,290
04/10/2023,BUR,CA,AWP,WE,Towers with Radar,188,54,27,0,269,0,4,34,1,39,188,58,61,1,308,68,0,68,376
04/11/2023,BUR,CA,AWP,WE,Towers with Radar,182,66,29,1,278,0,0,23,0,23,182,66,52,1,301,138,0,138,439
04/12/2023,BUR,CA,AWP,WE,Towers with Radar,189,67,24,1,281,0,0,4,0,4,189,67,28,1,285,0,0,0,285
04/13/2023,BUR,CA,AWP,WE,Towers with Radar,201,87,46,1,335,0,4,36,1,41,201,91,82,2,376,134,0,134,510
04/14/2023,BUR,CA,AWP,WE,Towers with Radar,188,80,51,4,323,0,3,41,1,45,188,83,92,5,368,118,0,118,486
04/15/2023,BUR,CA,AWP,WE,Towers with Radar,124,51,26,2,203,0,2,41,0,43,124,53,67,2,246,156,0,156,402
04/16/2023,BUR,CA,AWP,WE,Towers with Radar,151,82,49,1,283,0,0,39,0,39,151,82,88,1,322,154,0,154,476
04/17/2023,BUR,CA,AWP,WE,Towers with Radar,190,78,27,0,295,0,3,24,0,27,190,81,51,0,322,16,0,16,338
04/18/2023,BUR,CA,AWP,WE,Towers with Radar,187,76,36,0,299,0,3,32,0,35,187,79,68,0,334,156,0,156,490
04/19/2023,BUR,CA,AWP,WE,Towers with Radar,192,71,28,0,291,0,2,43,0,45,192,73,71,0,336,114,0,114,450
04/20/2023,BUR,CA,AWP,WE,Towers with Radar,189,77,35,0,301,0,4,55,3,62,189,81,90,3,363,102,0,102,465
04/21/2023,BUR,CA,AWP,WE,Towers with Radar,194,81,49,0,324,0,7,57,2,66,194,88,106,2,390,88,0,88,478
04/22/2023,BUR,CA,AWP,WE,Towers with Radar,122,60,18,0,200,0,1,43,0,44,122,61,61,0,244,40,0,40,284
04/23/2023,BUR,CA,AWP,WE,Towers with Radar,157,76,36,1,270,0,0,29,0,29,157,76,65,1,299,82,0,82,381
04/24/2023,BUR,CA,AWP,WE,Towers with Radar,196,63,36,0,295,0,2,32,0,34,196,65,68,0,329,66,0,66,395
04/25/2023,BUR,CA,AWP,WE,Towers with Radar,181,61,21,0,263,0,0,48,1,49,181,61,69,1,312,84,0,84,396
04/26/2023,BUR,CA,AWP,WE,Towers with Radar,190,73,49,1,313,0,9,29,0,38,190,82,78,1,351,132,0,132,483
04/27/2023,BUR,CA,AWP,WE,Towers with Radar,209,83,25,1,318,0,8,36,0,44,209,91,61,1,362,70,0,70,432
04/28/2023,BUR,CA,AWP,WE,Towers with Radar,194,80,31,5,310,0,8,34,5,47,194,88,65,10,357,110,0,110,467
04/29/2023,BUR,CA,AWP,WE,Towers with Radar,124,63,28,4,219,0,8,34,5,47,124,71,62,9,266,80,0,80,346
04/30/2023,BUR,CA,AWP,WE,Towers with Radar,154,83,42,0,279,0,2,23,2,27,154,85,65,2,306,16,0,16,322
05/01/2023,BUR,CA,AWP,WE,Towers with Radar,193,72,36,1,302,0,4,26,0,30,193,76,62,1,332,134,0,134,466
05/02/2023,BUR,CA,AWP,WE,Towers with Radar,184,79,26,1,290,0,1,21,0,22,184,80,47,1,312,50,0,50,362
05/03/2023,BUR,CA,AWP,WE,Towers with Radar,186,81,47,0,314,0,4,42,0,46,186,85,89,0,360,128,0,128,488
05/04/2023,BUR,CA,AWP,WE,Towers with Radar,195,70,33,0,298,0,1,21,0,22,195,71,54,0,320,38,0,38,358
05/05/2023,BUR,CA,AWP,WE,Towers with Radar,193,75,40,0,308,0,3,58,0,61,193,78,98,0,369,172,0,172,541
05/06/2023,BUR,CA,AWP,WE,Towers with Radar,118,40,18,0,176,0,6,36,0,42,118,46,54,0,218,52,0,52,270
05/07/2023,BUR,CA,AWP,WE,Towers with Radar,153,70,37,0,260,0,0,48,0,48,153,70,85,0,308,0,0,0,308
05/08/2023,BUR,CA,AWP,WE,Towers with Radar,192,68,47,2,309,0,3,33,1,37,192,71,80,3,346,14,0,14,360
05/09/2023,BUR,CA,AWP,WE,Towers with Radar,178,63,36,1,278,0,2,26,0,28,178,65,62,1,306,240,0,240,546
05/10/2023,BUR,CA,AWP,WE,Towers with Radar,188,73,60,0,321,0,5,44,0,49,188,78,104,0,370,190,0,190,560
05/11/2023,BUR,CA,AWP,WE,Towers with Radar,194,81,65,0,340,0,7,38,0,45,194,88,103,0,385,114,0,114,499
05/12/2023,BUR,CA,AWP,WE,Towers with Radar,188,93,42,0,323,0,4,38,0,42,188,97,80,0,365,42,0,42,407
05/13/2023,BUR,CA,AWP,WE,Towers with Radar,117,53,15,0,185,0,2,25,0,27,117,55,40,0,212,10,0,10,222
05/14/2023,BUR,CA,AWP,WE,Towers with Radar,151,72,30,0,253,0,1,15,0,16,151,73,45,0,269,28,0,28,297
05/15/2023,BUR,CA,AWP,WE,Towers with Radar,193,68,39,1,301,0,2,44,1,47,193,70,83,2,348,86,0,86,434
05/16/2023,BUR,CA,AWP,WE,Towers with Radar,180,68,25,2,275,0,3,46,0,49,180,71,71,2,324,90,0,90,414
05/17/2023,BUR,CA,AWP,WE,Towers with Radar,183,69,43,0,295,0,3,42,0,45,183,72,85,0,340,122,0,122,462
05/18/2023,BUR,CA,AWP,WE,Towers with Radar,199,70,41,0,310,0,4,30,1,35,199,74,71,1,345,62,0,62,407
05/19/2023,BUR,CA,AWP,WE,Towers with Radar,185,90,35,0,310,0,2,31,0,33,185,92,66,0,343,108,0,108,451
05/20/2023,BUR,CA,AWP,WE,Towers with Radar,123,51,36,0,210,0,2,30,0,32,123,53,66,0,242,16,0,16,258
05/21/2023,BUR,CA,AWP,WE,Towers with Radar,156,71,27,0,254,0,3,27,0,30,156,74,54,0,284,110,0,110,394
05/22/2023,BUR,CA,AWP,WE,Towers with Radar,196,78,32,0,306,0,1,17,0,18,196,79,49,0,324,30,0,30,354
05/23/2023,BUR,CA,AWP,WE,Towers with Radar,180,78,23,0,281,0,1,9,0,10,180,79,32,0,291,94,0,94,385
05/24/2023,BUR,CA,AWP,WE,Towers with Radar,188,87,32,0,307,0,6,25,0,31,188,93,57,0,338,158,0,158,496
05/25/2023,BUR,CA,AWP,WE,Towers with Radar,199,82,28,0,309,0,3,32,1,36,199,85,60,1,345,106,0,106,451
05/26/2023,BUR,CA,AWP,WE,Towers with Radar,189,81,27,0,297,0,2,30,0,32,189,83,57,0,329,46,0,46,375
05/27/2023,BUR,CA,AWP,WE,Towers with Radar,117,58,22,0,197,0,4,37,0,41,117,62,59,0,238,108,0,108,346
05/28/2023,BUR,CA,AWP,WE,Towers with Radar,139,84,15,0,238,0,7,17,2,26,139,91,32,2,264,94,0,94,358
05/29/2023,BUR,CA,AWP,WE,Towers with Radar,189,63,24,0,276,0,5,18,0,23,189,68,42,0,299,44,0,44,343
05/30/2023,BUR,CA,AWP,WE,Towers with Radar,187,82,39,0,308,0,6,23,0,29,187,88,62,0,337,152,0,152,489
05/31/2023,BUR,CA,AWP,WE,Towers with Radar,194,67,46,0,307,0,6,40,1,47,194,73,86,1,354,174,0,174,528
06/01/2023,BUR,CA,AWP,WE,Towers with Radar,200,79,30,2,311,0,2,18,2,22,200,81,48,4,333,92,0,92,425
06/02/2023,BUR,CA,AWP,WE,Towers with Radar,201,76,36,0,313,0,2,43,0,45,201,78,79,0,358,12,0,12,370
06/03/2023,BUR,CA,AWP,WE,Towers with Radar,123,52,37,0,212,0,3,46,0,49,123,55,83,0,261,54,0,54,315
06/04/2023,BUR,CA,AWP,WE,Towers with Radar,154,70,42,0,266,0,1,24,0,25,154,71,66,0,291,16,0,16,307
06/05/2023,BUR,CA,AWP,WE,Towers with Radar,188,62,27,2,279,0,3,11,0,14,188,65,38,2,293,60,0,60,353
06/06/2023,BUR,CA,AWP,WE,Towers with Radar,179,65,35,0,279,0,4,24,0,28,179,69,59,0,307,82,0,82,389
06/07/2023,BUR,CA,AWP,WE,Towers with Radar,182,68,39,0,289,0,4,33,1,38,182,72,72,1,327,130,0,130,457
06/08/2023,BUR,CA,AWP,WE,Towers with Radar,192,83,39,0,314,0,3,35,0,38,192,86,74,0,352,24,0,24,376
06/09/2023,BUR,CA,AWP,WE,Towers with Radar,187,76,27,0,290,0,0,17,1,18,187,76,44,1,308,26,0,26,334
06/10/2023,BUR,CA,AWP,WE,Towers with Radar,138,51,21,0,210,0,3,18,1,22,138,54,39,1,232,114,0,114,346
06/11/2023,BUR,CA,AWP,WE,Towers with Radar,155,68,32,0,255,0,4,19,0,23,155,72,51,0,278,34,0,34,312
06/12/2023,BUR,CA,AWP,WE,Towers with Radar,188,84,25,0,297,0,5,23,0,28,188,89,48,0,325,36,0,36,361
06/13/2023,BUR,CA,AWP,WE,Towers with Radar,179,65,34,1,279,0,3,21,1,25,179,68,55,2,304,66,0,66,370
06/14/2023,BUR,CA,AWP,WE,Towers with Radar,184,65,29,2,280,0,2,18,0,20,184,67,47,2,300,144,0,144,444
06/15/2023,BUR,CA,AWP,WE,Towers with Radar,187,79,53,0,319,0,3,18,0,21,187,82,71,0,340,86,0,86,426
06/16/2023,BUR,CA,AWP,WE,Towers with Radar,187,75,40,1,303,0,1,23,0,24,187,76,63,1,327,90,0,90,417
06/17/2023,BUR,CA,AWP,WE,Towers with Radar,142,59,26,0,227,0,1,31,0,32,142,60,57,0,259,60,0,60,319
06/18/2023,BUR,CA,AWP,WE,Towers with Radar,152,63,31,0,246,0,3,20,0,23,152,66,51,0,269,104,0,104,373
06/19/2023,BUR,CA,AWP,WE,Towers with Radar,183,70,35,0,288,0,1,27,0,28,183,71,62,0,316,84,0,84,400
06/20/2023,BUR,CA,AWP,WE,Towers with Radar,178,67,18,0,263,0,2,51,0,53,178,69,69,0,316,128,0,128,444
06/21/2023,BUR,CA,AWP,WE,Towers with Radar,175,63,24,2,264,0,5,34,0,39,175,68,58,2,303,48,0,48,351
06/22/2023,BUR,CA,AWP,WE,Towers with Radar,193,75,24,1,293,0,2,50,0,52,193,77,74,1,345,150,0,150,495
06/23/2023,BUR,CA,AWP,WE,Towers with Radar,196,74,26,0,296,0,0,35,0,35,196,74,61,0,331,42,0,42,373
06/24/2023,BUR,CA,AWP,WE,Towers with Radar,137,43,14,0,194,0,1,36,0,37,137,44,50,0,231,34,0,34,265
06/25/2023,BUR,CA,AWP,WE,Towers with Radar,160,63,17,1,241,0,1,31,0,32,160,64,48,1,273,14,0,14,287
06/26/2023,BUR,CA,AWP,WE,Towers with Radar,192,70,15,0,277,0,3,29,1,33,192,73,44,1,310,18,0,18,328
06/27/2023,BUR,CA,AWP,WE,Towers with Radar,174,55,29,0,258,2,2,38,0,42,176,57,67,0,300,94,0,94,394
06/28/2023,BUR,CA,AWP,WE,Towers with Radar,191,68,22,0,281,0,4,35,0,39,191,72,57,0,320,0,0,0,320
06/29/2023,BUR,CA,AWP,WE,Towers with Radar,190,75,29,0,294,0,5,32,1,38,190,80,61,1,332,42,0,42,374
06/30/2023,BUR,CA,AWP,WE,Towers with Radar,194,74,38,0,306,0,4,47,0,51,194,78,85,0,357,8,0,8,365
07/01/2023,BUR,CA,AWP,WE,Towers with Radar,142,58,17,0,217,0,3,49,0,52,142,61,66,0,269,42,0,42,311
07/02/2023,BUR,CA,AWP,WE,Towers with Radar,161,48,10,0,219,0,0,23,0,23,161,48,33,0,242,2,0,2,244
07/03/2023,BUR,CA,AWP,WE,Towers with Radar,188,42,19,0,249,0,3,36,0,39,188,45,55,0,288,42,0,42,330
07/04/2023,BUR,CA,AWP,WE,Towers with Radar,175,48,14,0,237,0,4,30,0,34,175,52,44,0,271,44,0,44,315
07/05/2023,BUR,CA,AWP,WE,Towers with Radar,197,60,21,2,280,0,3,29,0,32,197,63,50,2,312,44,0,44,356
07/06/2023,BUR,CA,AWP,WE,Towers with Radar,208,61,26,1,296,0,1,53,3,57,208,62,79,4,353,88,0,88,441
07/07/2023,BUR,CA,AWP,WE,Towers with Radar,206,61,35,2,304,0,1,38,0,39,206,62,73,2,343,6,0,6,349
07/08/2023,BUR,CA,AWP,WE,Towers with Radar,149,48,18,0,215,0,1,31,0,32,149,49,49,0,247,66,0,66,313
07/09/2023,BUR,CA,AWP,WE,Towers with Radar,161,65,21,0,247,0,1,30,0,31,161,66,51,0,278,10,0,10,288
07/10/2023,BUR,CA,AWP,WE,Towers with Radar,202,62,26,0,290,0,9,43,0,52,202,71,69,0,342,94,0,94,436
07/11/2023,BUR,CA,AWP,WE,Towers with Radar,183,58,24,0,265,0,3,53,0,56,183,61,77,0,321,90,0,90,411
07/12/2023,BUR,CA,AWP,WE,Towers with Radar,186,76,28,0,290,0,4,44,0,48,186,80,72,0,338,40,0,40,378
07/13/2023,BUR,CA,AWP,WE,Towers with Radar,197,77,36,1,311,0,2,38,1,41,197,79,74,2,352,100,0,100,452
07/14/2023,BUR,CA,AWP,WE,Towers with Radar,193,58,23,0,274,0,0,33,1,34,193,58,56,1,308,76,0,76,384
07/15/2023,BUR,CA,AWP,WE,Towers with Radar,146,49,26,0,221,0,1,27,0,28,146,50,53,0,249,106,0,106,355
07/16/2023,BUR,CA,AWP,WE,Towers with Radar,161,73,17,0,251,0,1,24,0,25,161,74,41,0,276,56,0,56,332
07/17/2023,BUR,CA,AWP,WE,Towers with Radar,195,75,24,1,295,0,3,39,1,43,195,78,63,2,338,76,0,76,414
07/18/2023,BUR,CA,AWP,WE,Towers with Radar,182,62,34,0,278,0,4,26,0,30,182,66,60,0,308,44,0,44,352
07/19/2023,BUR,CA,AWP,WE,Towers with Radar,185,64,28,0,277,0,4,30,0,34,185,68,58,0,311,132,0,132,443
07/20/2023,BUR,CA,AWP,WE,Towers with Radar,197,82,36,0,315,0,8,50,0,58,197,90,86,0,373,36,0,36,409
07/21/2023,BUR,CA,AWP,WE,Towers with Radar,200,73,20,0,293,0,1,47,1,49,200,74,67,1,342,96,0,96,438
07/22/2023,BUR,CA,AWP,WE,Towers with Radar,147,40,12,0,199,0,1,47,0,48,147,41,59,0,247,118,0,118,365
07/23/2023,BUR,CA,AWP,WE,Towers with Radar,163,51,21,0,235,0,0,37,0,37,163,51,58,0,272,58,0,58,330
07/24/2023,BUR,CA,AWP,WE,Towers with Radar,191,53,32,0,276,0,6,38,0,44,191,59,70,0,320,104,0,104,424
07/25/2023,BUR,CA,AWP,WE,Towers with Radar,182,47,34,0,263,0,2,52,0,54,182,49,86,0,317,36,0,36,353
07/26/2023,BUR,CA,AWP,WE,Towers with Radar,184,59,32,2,277,0,4,29,1,34,184,63,61,3,311,120,0,120,431
07/27/2023,BUR,CA,AWP,WE,Towers with Radar,194,77,34,0,305,0,7,47,2,56,194,84,81,2,361,86,0,86,447
07/28/2023,BUR,CA,AWP,WE,Towers with Radar,194,73,22,1,290,0,1,48,0,49,194,74,70,1,339,36,0,36,375
07/29/2023,BUR,CA,AWP,WE,Towers with Radar,145,44,25,0,214,0,0,54,0,54,145,44,79,0,268,86,0,86,354
07/30/2023,BUR,CA,AWP,WE,Towers with Radar,165,56,31,0,252,0,3,45,0,48,165,59,76,0,300,78,0,78,378
07/31/2023,BUR,CA,AWP,WE,Towers with Radar,187,56,28,0,271,0,10,40,0,50,187,66,68,0,321,48,0,48,369
08/01/2023,BUR,CA,AWP,WE,Towers with Radar,182,61,20,0,263,0,5,29,1,35,182,66,49,1,298,46,0,46,344
08/02/2023,BUR,CA,AWP,WE,Towers with Radar,183,79,43,1,306,0,7,52,0,59,183,86,95,1,365,66,0,66,431
08/03/2023,BUR,CA,AWP,WE,Towers with Radar,198,83,30,0,311,0,7,55,0,62,198,90,85,0,373,100,0,100,473
08/04/2023,BUR,CA,AWP,WE,Towers with Radar,196,62,28,0,286,0,3,42,0,45,196,65,70,0,331,64,0,64,395
08/05/2023,BUR,CA,AWP,WE,Towers with Radar,147,47,23,0,217,0,4,41,0,45,147,51,64,0,262,8,0,8,270
08/06/2023,BUR,CA,AWP,WE,Towers with Radar,161,69,34,0,264,0,2,56,0,58,161,71,90,0,322,108,0,108,430
08/07/2023,BUR,CA,AWP,WE,Towers with Radar,194,66,36,0,296,0,4,29,1,34,194,70,65,1,330,6,0,6,336
08/08/2023,BUR,CA,AWP,WE,Towers with Radar,178,63,32,0,273,0,5,39,0,44,178,68,71,0,317,92,0,92,409
08/09/2023,BUR,CA,AWP,WE,Towers with Radar,191,57,40,0,288,0,2,45,0,47,191,59,85,0,335,68,0,68,403
08/10/2023,BUR,CA,AWP,WE,Towers with Radar,200,75,35,0,310,0,0,43,0,43,200,75,78,0,353,86,0,86,439
08/11/2023,BUR,CA,AWP,WE,Towers with Radar,196,75,30,0,301,0,0,45,0,45,196,75,75,0,346,34,0,34,380
08/12/2023,BUR,CA,AWP,WE,Towers with Radar,143,54,18,2,217,0,2,59,2,63,143,56,77,4,280,82,0,82,362
08/13/2023,BUR,CA,AWP,WE,Towers with Radar,166,62,26,0,254,0,1,63,0,64,166,63,89,0,318,106,0,106,424
08/14/2023,BUR,CA,AWP,WE,Towers with Radar,188,78,25,2,293,0,5,46,0,51,188,83,71,2,344,150,0,150,494
08/15/2023,BUR,CA,AWP,WE,Towers with Radar,181,56,35,2,274,0,2,50,0,52,181,58,85,2,326,146,0,146,472
08/16/2023,BUR,CA,AWP,WE,Towers with Radar,177,69,31,3,280,0,5,32,0,37,177,74,63,3,317,131,0,131,448
08/17/2023,BUR,CA,AWP,WE,Towers with Radar,195,84,28,2,309,0,4,52,1,57,195,88,80,3,366,120,0,120,486
08/18/2023,BUR,CA,AWP,WE,Towers with Radar,183,86,37,4,310,0,6,35,1,42,183,92,72,5,352,90,0,90,442
08/19/2023,BUR,CA,AWP,WE,Towers with Radar,126,64,38,2,230,0,2,56,0,58,126,66,94,2,288,98,0,98,386
08/20/2023,BUR,CA,AWP,WE,Towers with Radar,68,56,24,0,148,0,0,0,0,0,68,56,24,0,148,0,0,0,148
08/21/2023,BUR,CA,AWP,WE,Towers with Radar,158,60,13,0,231,0,1,22,0,23,158,61,35,0,254,60,0,60,314
08/22/2023,BUR,CA,AWP,WE,Towers with Radar,180,64,32,0,276,0,3,61,0,64,180,67,93,0,340,150,0,150,490
08/23/2023,BUR,CA,AWP,WE,Towers with Radar,177,63,30,0,270,0,4,60,0,64,177,67,90,0,334,130,0,130,464
08/24/2023,BUR,CA,AWP,WE,Towers with Radar,198,80,29,1,308,0,3,29,4,36,198,83,58,5,344,94,0,94,438
08/25/2023,BUR,CA,AWP,WE,Towers with Radar,192,64,40,0,296,0,3,49,0,52,192,67,89,0,348,62,0,62,410
08/26/2023,BUR,CA,AWP,WE,Towers with Radar,127,51,25,0,203,0,2,33,0,35,127,53,58,0,238,158,0,158,396
08/27/2023,BUR,CA,AWP,WE,Towers with Radar,190,68,35,0,293,0,6,47,0,53,190,74,82,0,346,98,0,98,444
08/28/2023,BUR,CA,AWP,WE,Towers with Radar,183,71,36,3,293,0,3,57,0,60,183,74,93,3,353,22,0,22,375
08/29/2023,BUR,CA,AWP,WE,Towers with Radar,180,80,23,2,285,0,4,47,0,51,180,84,70,2,336,84,0,84,420
08/30/2023,BUR,CA,AWP,WE,Towers with Radar,173,84,33,2,292,0,1,46,0,47,173,85,79,2,339,146,0,146,485
08/31/2023,BUR,CA,AWP,WE,Towers with Radar,206,70,34,0,310,0,4,54,0,58,206,74,88,0,368,150,0,150,518
01/01/2020,BUR,CA,AWP,WE,Towers with Radar,170,92,60,0,322,0,0,28,0,28,170,92,88,0,350,32,0,32,382
01/02/2020,BUR,CA,AWP,WE,Towers with Radar,170,93,51,0,314,0,5,27,0,32,170,98,78,0,346,72,0,72,418
01/03/2020,BUR,CA,AWP,WE,Towers with Radar,160,88,45,1,294,1,1,47,1,50,161,89,92,2,344,80,0,80,424
01/04/2020,BUR,CA,AWP,WE,Towers with Radar,121,75,25,0,221,0,4,45,0,49,121,79,70,0,270,56,0,56,326
01/05/2020,BUR,CA,AWP,WE,Towers with Radar,160,81,21,0,262,0,1,24,0,25,160,82,45,0,287,12,0,12,299
01/06/2020,BUR,CA,AWP,WE,Towers with Radar,186,76,40,0,302,0,4,34,0,38,186,80,74,0,340,56,0,56,396
01/07/2020,BUR,CA,AWP,WE,Towers with Radar,185,77,44,0,306,0,4,59,0,63,185,81,103,0,369,146,0,146,515
01/08/2020,BUR,CA,AWP,WE,Towers with Radar,186,78,46,2,312,0,0,35,2,37,186,78,81,4,349,52,0,52,401
01/09/2020,BUR,CA,AWP,WE,Towers with Radar,193,84,53,1,331,0,2,37,1,40,193,86,90,2,371,18,0,18,389
01/10/2020,BUR,CA,AWP,WE,Towers with Radar,182,84,49,0,315,0,1,53,0,54,182,85,102,0,369,104,0,104,473
01/11/2020,BUR,CA,AWP,WE,Towers with Radar,113,59,27,0,199,0,1,45,0,46,113,60,72,0,245,66,0,66,311
01/12/2020,BUR,CA,AWP,WE,Towers with Radar,162,70,33,0,265,0,1,56,0,57,162,71,89,0,322,98,0,98,420
01/13/2020,BUR,CA,AWP,WE,Towers with Radar,181,80,38,1,300,0,3,48,3,54,181,83,86,4,354,134,0,134,488
01/14/2020,BUR,CA,AWP,WE,Towers with Radar,181,68,45,0,294,0,5,41,3,49,181,73,86,3,343,178,0,178,521
01/15/2020,BUR,CA,AWP,WE,Towers with Radar,187,66,55,0,308,0,3,35,2,40,187,69,90,2,348,138,0,138,486
01/16/2020,BUR,CA,AWP,WE,Towers with Radar,189,76,41,0,306,0,0,25,1,26,189,76,66,1,332,54,0,54,386
01/17/2020,BUR,CA,AWP,WE,Towers with Radar,185,95,54,0,334,0,0,44,0,44,185,95,98,0,378,60,0,60,438
01/18/2020,BUR,CA,AWP,WE,Towers with Radar,113,54,36,0,203,0,5,35,0,40,113,59,71,0,243,20,0,20,263
01/19/2020,BUR,CA,AWP,WE,Towers with Radar,158,68,31,0,257,0,0,46,0,46,158,68,77,0,303,84,0,84,387
01/20/2020,BUR,CA,AWP,WE,Towers with Radar,187,81,60,1,329,0,2,41,2,45,187,83,101,3,374,68,0,68,442
01/21/2020,BUR,CA,AWP,WE,Towers with Radar,177,73,55,0,305,0,7,47,1,55,177,80,102,1,360,102,0,102,462
01/22/2020,BUR,CA,AWP,WE,Towers with Radar,196,65,55,0,316,0,0,49,0,49,196,65,104,0,365,20,0,20,385
01/23/2020,BUR,CA,AWP,WE,Towers with Radar,186,79,73,0,338,0,0,42,0,42,186,79,115,0,380,35,0,35,415
01/24/2020,BUR,CA,AWP,WE,Towers with Radar,184,108,49,0,341,0,0,29,0,29,184,108,78,0,370,70,0,70,440
01/25/2020,BUR,CA,AWP,WE,Towers with Radar,113,61,35,0,209,0,0,34,0,34,113,61,69,0,243,30,0,30,273
01/26/2020,BUR,CA,AWP,WE,Towers with Radar,166,80,62,2,310,0,2,3,1,6,166,82,65,3,316,0,0,0,316
01/27/2020,BUR,CA,AWP,WE,Towers with Radar,184,89,59,2,334,0,5,21,0,26,184,94,80,2,360,26,0,26,386
01/28/2020,BUR,CA,AWP,WE,Towers with Radar,172,72,48,0,292,0,0,37,3,40,172,72,85,3,332,110,0,110,442
01/29/2020,BUR,CA,AWP,WE,Towers with Radar,185,99,56,0,340,0,5,26,0,31,185,104,82,0,371,0,0,0,371
01/30/2020,BUR,CA,AWP,WE,Towers with Radar,196,98,53,0,347,0,4,56,3,63,196,102,109,3,410,50,0,50,460
01/31/2020,BUR,CA,AWP,WE,Towers with Radar,183,84,58,0,325,0,1,62,0,63,183,85,120,0,388,86,0,86,474
02/01/2020,BUR,CA,AWP,WE,Towers with Radar,110,50,36,0,196,0,2,45,1,48,110,52,81,1,244,144,0,144,388
02/02/2020,BUR,CA,AWP,WE,Towers with Radar,165,77,27,0,269,0,0,31,0,31,165,77,58,0,300,68,0,68,368
02/03/2020,BUR,CA,AWP,WE,Towers with Radar,174,87,57,0,318,0,0,18,0,18,174,87,75,0,336,0,0,0,336
02/04/2020,BUR,CA,AWP,WE,Towers with Radar,181,63,39,1,284,0,2,31,0,33,181,65,70,1,317,44,0,44,361
02/05/2020,BUR,CA,AWP,WE,Towers with Radar,191,65,62,1,319,0,0,60,0,60,191,65,122,1,379,128,0,128,507
02/06/2020,BUR,CA,AWP,WE,Towers with Radar,191,76,64,2,333,0,0,49,1,50,191,76,113,3,383,98,0,98,481
02/07/2020,BUR,CA,AWP,WE,Towers with Radar,183,85,65,2,335,0,4,67,1,72,183,89,132,3,407,58,0,58,465
02/08/2020,BUR,CA,AWP,WE,Towers with Radar,113,61,34,4,212,0,6,49,0,55,113,67,83,4,267,62,0,62,329
02/09/2020,BUR,CA,AWP,WE,Towers with Radar,159,72,28,2,261,0,0,16,0,16,159,72,44,2,277,0,0,0,277
02/10/2020,BUR,CA,AWP,WE,Towers with Radar,191,87,38,0,316,0,5,22,1,28,191,92,60,1,344,0,0,0,344
02/11/2020,BUR,CA,AWP,WE,Towers with Radar,182,63,63,0,308,0,4,28,0,32,182,67,91,0,340,26,0,26,366
02/12/2020,BUR,CA,AWP,WE,Towers with Radar,187,79,51,1,318,0,5,53,0,58,187,84,104,1,376,136,0,136,512
02/13/2020,BUR,CA,AWP,WE,Towers with Radar,188,89,70,0,347,0,3,72,1,76,188,92,142,1,423,182,0,182,605
02/14/2020,BUR,CA,AWP,WE,Towers with Radar,190,90,49,1,330,0,1,57,0,58,190,91,106,1,388,46,0,46,434
02/15/2020,BUR,CA,AWP,WE,Towers with Radar,105,59,22,5,191,0,3,55,2,60,105,62,77,7,251,68,0,68,319
02/16/2020,BUR,CA,AWP,WE,Towers with Radar,159,66,34,1,260,0,4,32,4,40,159,70,66,5,300,34,0,34,334
02/17/2020,BUR,CA,AWP,WE,Towers with Radar,189,77,53,1,320,0,4,72,0,76,189,81,125,1,396,92,0,92,488
02/18/2020,BUR,CA,AWP,WE,Towers with Radar,184,61,42,1,288,0,14,27,4,45,184,75,69,5,333,8,0,8,341
02/19/2020,BUR,CA,AWP,WE,Towers with Radar,189,70,36,3,298,0,1,49,1,51,189,71,85,4,349,96,0,96,445
02/20/2020,BUR,CA,AWP,WE,Towers with Radar,192,76,46,0,314,0,1,69,2,72,192,77,115,2,386,76,0,76,462
02/21/2020,BUR,CA,AWP,WE,Towers with Radar,185,82,59,0,326,0,3,54,0,57,185,85,113,0,383,34,0,34,417
02/22/2020,BUR,CA,AWP,WE,Towers with Radar,112,58,26,0,196,0,0,18,1,19,112,58,44,1,215,12,0,12,227
02/23/2020,BUR,CA,AWP,WE,Towers with Radar,166,71,32,0,269,0,0,41,2,43,166,71,73,2,312,24,0,24,336
02/24/2020,BUR,CA,AWP,WE,Towers with Radar,183,81,45,0,309,0,2,53,0,55,183,83,98,0,364,83,0,83,447
02/25/2020,BUR,CA,AWP,WE,Towers with Radar,185,70,31,2,288,0,2,38,0,40,185,72,69,2,328,88,0,88,416
02/26/2020,BUR,CA,AWP,WE,Towers with Radar,189,71,41,2,303,0,0,56,0,56,189,71,97,2,359,80,0,80,439
02/27/2020,BUR,CA,AWP,WE,Towers with Radar,188,95,49,1,333,0,0,62,0,62,188,95,111,1,395,86,0,86,481
02/28/2020,BUR,CA,AWP,WE,Towers with Radar,181,91,44,0,316,0,0,61,1,62,181,91,105,1,378,108,0,108,486
02/29/2020,BUR,CA,AWP,WE,Towers with Radar,112,63,25,0,200,0,1,32,1,34,112,64,57,1,234,54,0,54,288
03/01/2020,BUR,CA,AWP,WE,Towers with Radar,123,79,30,0,232,0,0,27,1,28,123,79,57,1,260,28,0,28,288
03/02/2020,BUR,CA,AWP,WE,Towers with Radar,189,75,37,2,303,0,1,19,0,20,189,76,56,2,323,0,0,0,323
03/03/2020,BUR,CA,AWP,WE,Towers with Radar,186,71,47,2,306,0,7,37,1,45,186,78,84,3,351,66,0,66,417
03/04/2020,BUR,CA,AWP,WE,Towers with Radar,186,75,58,2,321,0,4,72,2,78,186,79,130,4,399,48,0,48,447
03/05/2020,BUR,CA,AWP,WE,Towers with Radar,188,87,53,0,328,0,1,46,1,48,188,88,99,1,376,12,0,12,388
03/06/2020,BUR,CA,AWP,WE,Towers with Radar,180,93,55,1,329,0,3,57,0,60,180,96,112,1,389,0,0,0,389
03/07/2020,BUR,CA,AWP,WE,Towers with Radar,116,56,25,0,197,0,0,23,1,24,116,56,48,1,221,70,0,70,291
03/08/2020,BUR,CA,AWP,WE,Towers with Radar,160,81,43,3,287,0,3,28,1,32,160,84,71,4,319,54,0,54,373
03/09/2020,BUR,CA,AWP,WE,Towers with Radar,185,88,43,1,317,0,0,33,1,34,185,88,76,2,351,44,0,44,395
03/10/2020,BUR,CA,AWP,WE,Towers with Radar,171,82,45,1,299,0,0,8,0,8,171,82,53,1,307,0,0,0,307
03/11/2020,BUR,CA,AWP,WE,Towers with Radar,175,66,50,2,293,0,1,36,2,39,175,67,86,4,332,94,0,94,426
03/12/2020,BUR,CA,AWP,WE,Towers with Radar,188,79,54,0,321,0,1,17,0,18,188,80,71,0,339,12,0,12,351
03/13/2020,BUR,CA,AWP,WE,Towers with Radar,186,92,34,1,313,0,0,7,1,8,186,92,41,2,321,0,0,0,321
03/14/2020,BUR,CA,AWP,WE,Towers with Radar,120,53,21,0,194,0,0,11,4,15,120,53,32,4,209,22,0,22,231
03/15/2020,BUR,CA,AWP,WE,Towers with Radar,154,79,40,0,273,0,3,19,0,22,154,82,59,0,295,28,0,28,323
03/16/2020,BUR,CA,AWP,WE,Towers with Radar,187,83,14,0,284,0,2,13,0,15,187,85,27,0,299,60,0,60,359
03/17/2020,BUR,CA,AWP,WE,Towers with Radar,166,65,22,0,253,0,0,34,1,35,166,65,56,1,288,23,0,23,311
03/18/2020,BUR,CA,AWP,WE,Towers with Radar,153,56,27,0,236,0,2,35,0,37,153,58,62,0,273,32,0,32,305
03/19/2020,BUR,CA,AWP,WE,Towers with Radar,138,52,18,0,208,0,2,23,0,25,138,54,41,0,233,52,0,52,285
03/20/2020,BUR,CA,AWP,WE,Towers with Radar,141,47,12,2,202,0,0,41,1,42,141,47,53,3,244,30,0,30,274
03/21/2020,BUR,CA,AWP,WE,Towers with Radar,81,22,15,0,118,0,1,20,0,21,81,23,35,0,139,0,0,0,139
03/22/2020,BUR,CA,AWP,WE,Towers with Radar,93,21,9,0,123,0,0,14,0,14,93,21,23,0,137,78,0,78,215
03/23/2020,BUR,CA,AWP,WE,Towers with Radar,107,35,3,0,145,0,3,18,1,22,107,38,21,1,167,82,0,82,249
03/24/2020,BUR,CA,AWP,WE,Towers with Radar,105,30,5,0,140,0,4,25,2,31,105,34,30,2,171,54,0,54,225
03/25/2020,BUR,CA,AWP,WE,Towers with Radar,103,23,9,0,135,0,2,30,2,34,103,25,39,2,169,58,0,58,227
03/26/2020,BUR,CA,AWP,WE,Towers with Radar,101,20,11,0,132,0,5,21,3,29,101,25,32,3,161,114,0,114,275
03/27/2020,BUR,CA,AWP,WE,Towers with Radar,71,20,6,0,97,0,2,32,0,34,71,22,38,0,131,102,0,102,233
03/28/2020,BUR,CA,AWP,WE,Towers with Radar,44,13,6,0,63,0,4,24,0,28,44,17,30,0,91,54,0,54,145
03/29/2020,BUR,CA,AWP,WE,Towers with Radar,66,15,7,0,88,0,1,22,1,24,66,16,29,1,112,28,0,28,140
03/30/2020,BUR,CA,AWP,WE,Towers with Radar,75,24,10,0,109,0,1,25,0,26,75,25,35,0,135,16,0,16,151
03/31/2020,BUR,CA,AWP,WE,Towers with Radar,70,33,10,2,115,0,0,45,0,45,70,33,55,2,160,38,0,38,198
04/01/2020,BUR,CA,AWP,WE,Towers with Radar,85,22,4,0,111,0,1,26,0,27,85,23,30,0,138,42,0,42,180
04/02/2020,BUR,CA,AWP,WE,Towers with Radar,86,20,6,0,112,0,0,30,2,32,86,20,36,2,144,76,0,76,220
04/03/2020,BUR,CA,AWP,WE,Towers with Radar,76,25,11,0,112,0,1,31,0,32,76,26,42,0,144,16,0,16,160
04/04/2020,BUR,CA,AWP,WE,Towers with Radar,40,14,8,0,62,0,0,24,0,24,40,14,32,0,86,84,0,84,170
04/05/2020,BUR,CA,AWP,WE,Towers with Radar,51,17,7,0,75,0,0,12,0,12,51,17,19,0,87,2,0,2,89
04/06/2020,BUR,CA,AWP,WE,Towers with Radar,57,13,5,0,75,0,0,8,0,8,57,13,13,0,83,50,0,50,133
04/07/2020,BUR,CA,AWP,WE,Towers with Radar,61,19,5,2,87,0,2,17,0,19,61,21,22,2,106,58,0,58,164
04/08/2020,BUR,CA,AWP,WE,Towers with Radar,67,19,12,0,98,0,0,13,0,13,67,19,25,0,111,78,0,78,189
04/09/2020,BUR,CA,AWP,WE,Towers with Radar,65,25,2,0,92,0,0,6,0,6,65,25,8,0,98,24,0,24,122
04/10/2020,BUR,CA,AWP,WE,Towers with Radar,55,27,9,0,91,0,0,18,2,20,55,27,27,2,111,60,0,60,171
04/11/2020,BUR,CA,AWP,WE,Towers with Radar,34,14,11,0,59,0,0,29,0,29,34,14,40,0,88,50,0,50,138
04/12/2020,BUR,CA,AWP,WE,Towers with Radar,46,8,2,0,56,0,0,2,0,2,46,8,4,0,58,0,0,0,58
04/13/2020,BUR,CA,AWP,WE,Towers with Radar,60,19,12,0,91,0,1,18,0,19,60,20,30,0,110,130,0,130,240
04/14/2020,BUR,CA,AWP,WE,Towers with Radar,58,26,11,0,95,0,7,24,1,32,58,33,35,1,127,100,0,100,227
04/15/2020,BUR,CA,AWP,WE,Towers with Radar,56,27,16,0,99,0,8,34,0,42,56,35,50,0,141,214,0,214,355
04/16/2020,BUR,CA,AWP,WE,Towers with Radar,51,28,13,0,92,0,0,29,0,29,51,28,42,0,121,64,0,64,185
04/17/2020,BUR,CA,AWP,WE,Towers with Radar,58,20,17,5,100,0,0,32,6,38,58,20,49,11,138,82,0,82,220
04/18/2020,BUR,CA,AWP,WE,Towers with Radar,32,15,11,3,61,0,0,20,4,24,32,15,31,7,85,20,0,20,105
04/19/2020,BUR,CA,AWP,WE,Towers with Radar,41,17,10,2,70,0,1,15,0,16,41,18,25,2,86,24,0,24,110
04/20/2020,BUR,CA,AWP,WE,Towers with Radar,48,23,20,5,96,0,3,21,3,27,48,26,41,8,123,42,0,42,165
04/21/2020,BUR,CA,AWP,WE,Towers with Radar,54,15,16,0,85,0,0,37,0,37,54,15,53,0,122,98,0,98,220
04/22/2020,BUR,CA,AWP,WE,Towers with Radar,51,12,10,0,73,0,0,30,0,30,51,12,40,0,103,60,0,60,163
04/23/2020,BUR,CA,AWP,WE,Towers with Radar,59,30,6,2,97,0,0,34,0,34,59,30,40,2,131,60,0,60,191
04/24/2020,BUR,CA,AWP,WE,Towers with Radar,55,25,23,0,103,0,2,36,2,40,55,27,59,2,143,36,0,36,179
04/25/2020,BUR,CA,AWP,WE,Towers with Radar,27,15,12,0,54,0,0,28,0,28,27,15,40,0,82,26,0,26,108
04/26/2020,BUR,CA,AWP,WE,Towers with Radar,46,20,23,0,89,0,0,34,0,34,46,20,57,0,123,46,0,46,169
04/27/2020,BUR,CA,AWP,WE,Towers with Radar,56,22,15,0,93,0,0,38,0,38,56,22,53,0,131,72,0,72,203
04/28/2020,BUR,CA,AWP,WE,Towers with Radar,56,12,22,0,90,0,1,43,1,45,56,13,65,1,135,190,0,190,325
04/29/2020,BUR,CA,AWP,WE,Towers with Radar,49,14,19,0,82,0,1,33,0,34,49,15,52,0,116,182,0,182,298
04/30/2020,BUR,CA,AWP,WE,Towers with Radar,58,30,16,0,104,0,1,20,4,25,58,31,36,4,129,68,0,68,197
05/01/2020,BUR,CA,AWP,WE,Towers with Radar,48,26,27,0,101,0,9,34,1,44,48,35,61,1,145,16,0,16,161
05/02/2020,BUR,CA,AWP,WE,Towers with Radar,26,8,17,0,51,0,0,36,2,38,26,8,53,2,89,62,0,62,151
05/03/2020,BUR,CA,AWP,WE,Towers with Radar,43,16,13,0,72,0,2,25,0,27,43,18,38,0,99,58,0,58,157
05/04/2020,BUR,CA,AWP,WE,Towers with Radar,48,30,16,3,97,0,1,51,1,53,48,31,67,4,150,32,0,32,182
05/05/2020,BUR,CA,AWP,WE,Towers with Radar,49,18,10,1,78,0,2,46,1,49,49,20,56,2,127,138,0,138,265
05/06/2020,BUR,CA,AWP,WE,Towers with Radar,54,26,18,2,100,0,2,55,0,57,54,28,73,2,157,260,0,260,417
05/07/2020,BUR,CA,AWP,WE,Towers with Radar,54,30,20,0,104,0,2,50,0,52,54,32,70,0,156,172,0,172,328
05/08/2020,BUR,CA,AWP,WE,Towers with Radar,50,32,14,1,97,0,5,42,0,47,50,37,56,1,144,200,0,200,344
05/09/2020,BUR,CA,AWP,WE,Towers with Radar,44,16,12,1,73,0,2,39,0,41,44,18,51,1,114,212,0,212,326
05/10/2020,BUR,CA,AWP,WE,Towers with Radar,44,23,9,0,76,0,2,26,0,28,44,25,35,0,104,84,0,84,188
05/11/2020,BUR,CA,AWP,WE,Towers with Radar,48,31,16,0,95,0,3,30,0,33,48,34,46,0,128,140,0,140,268
05/12/2020,BUR,CA,AWP,WE,Towers with Radar,52,14,20,0,86,0,1,32,0,33,52,15,52,0,119,130,0,130,249
05/13/2020,BUR,CA,AWP,WE,Towers with Radar,51,20,11,4,86,0,1,35,0,36,51,21,46,4,122,190,0,190,312
05/14/2020,BUR,CA,AWP,WE,Towers with Radar,52,38,17,3,110,0,1,34,1,36,52,39,51,4,146,74,0,74,220
05/15/2020,BUR,CA,AWP,WE,Towers with Radar,44,34,32,1,111,0,2,53,0,55,44,36,85,1,166,202,0,202,368
05/16/2020,BUR,CA,AWP,WE,Towers with Radar,40,18,23,0,81,0,0,52,0,52,40,18,75,0,133,122,0,122,255
05/17/2020,BUR,CA,AWP,WE,Towers with Radar,42,35,19,1,97,0,0,35,0,35,42,35,54,1,132,86,0,86,218
05/18/2020,BUR,CA,AWP,WE,Towers with Radar,46,35,22,2,105,0,0,23,0,23,46,35,45,2,128,0,0,0,128
05/19/2020,BUR,CA,AWP,WE,Towers with Radar,46,19,18,0,83,0,2,52,0,54,46,21,70,0,137,232,0,232,369
05/20/2020,BUR,CA,AWP,WE,Towers with Radar,52,24,12,0,88,0,0,35,0,35,52,24,47,0,123,260,0,260,383
05/21/2020,BUR,CA,AWP,WE,Towers with Radar,50,31,28,0,109,0,0,38,0,38,50,31,66,0,147,56,0,56,203
05/22/2020,BUR,CA,AWP,WE,Towers with Radar,52,30,21,0,103,0,2,39,0,41,52,32,60,0,144,106,0,106,250
05/23/2020,BUR,CA,AWP,WE,Towers with Radar,42,31,19,0,92,0,1,30,0,31,42,32,49,0,123,34,0,34,157
05/24/2020,BUR,CA,AWP,WE,Towers with Radar,44,31,11,0,86,0,5,54,1,60,44,36,65,1,146,84,0,84,230
05/25/2020,BUR,CA,AWP,WE,Towers with Radar,44,27,15,0,86,0,0,31,0,31,44,27,46,0,117,96,0,96,213
05/26/2020,BUR,CA,AWP,WE,Towers with Radar,48,32,33,2,115,0,2,36,3,41,48,34,69,5,156,106,0,106,262
05/27/2020,BUR,CA,AWP,WE,Towers with Radar,50,23,24,0,97,0,2,48,1,51,50,25,72,1,148,266,0,266,414
05/28/2020,BUR,CA,AWP,WE,Towers with Radar,50,31,22,3,106,0,3,48,0,51,50,34,70,3,157,234,0,234,391
05/29/2020,BUR,CA,AWP,WE,Towers with Radar,46,33,43,0,122,0,0,31,0,31,46,33,74,0,153,172,0,172,325
05/30/2020,BUR,CA,AWP,WE,Towers with Radar,42,22,20,0,84,0,1,32,0,33,42,23,52,0,117,130,0,130,247
05/31/2020,BUR,CA,AWP,WE,Towers with Radar,43,27,28,0,98,0,3,44,0,47,43,30,72,0,145,34,0,34,179
06/01/2020,BUR,CA,AWP,WE,Towers with Radar,46,40,31,1,118,0,2,50,4,56,46,42,81,5,174,76,0,76,250
06/02/2020,BUR,CA,AWP,WE,Towers with Radar,50,37,26,1,114,0,3,45,6,54,50,40,71,7,168,98,0,98,266
06/03/2020,BUR,CA,AWP,WE,Towers with Radar,52,30,22,0,104,0,2,34,1,37,52,32,56,1,141,84,0,84,225
06/04/2020,BUR,CA,AWP,WE,Towers with Radar,52,52,32,0,136,0,1,47,0,48,52,53,79,0,184,78,0,78,262
06/05/2020,BUR,CA,AWP,WE,Towers with Radar,50,41,35,3,129,0,1,33,0,34,50,42,68,3,163,106,0,106,269
06/06/2020,BUR,CA,AWP,WE,Towers with Radar,43,18,26,0,87,0,1,30,0,31,43,19,56,0,118,108,0,108,226
06/07/2020,BUR,CA,AWP,WE,Towers with Radar,62,40,25,0,127,0,5,28,2,35,62,45,53,2,162,76,0,76,238
06/08/2020,BUR,CA,AWP,WE,Towers with Radar,74,54,21,0,149,0,2,33,0,35,74,56,54,0,184,92,0,92,276
06/09/2020,BUR,CA,AWP,WE,Towers with Radar,65,27,23,0,115,0,1,48,2,51,65,28,71,2,166,142,0,142,308
06/10/2020,BUR,CA,AWP,WE,Towers with Radar,66,45,52,0,163,0,0,36,0,36,66,45,88,0,199,144,0,144,343
06/11/2020,BUR,CA,AWP,WE,Towers with Radar,80,44,39,0,163,0,5,43,0,48,80,49,82,0,211,106,0,106,317
06/12/2020,BUR,CA,AWP,WE,Towers with Radar,78,51,34,0,163,0,3,59,0,62,78,54,93,0,225,182,0,182,407
06/13/2020,BUR,CA,AWP,WE,Towers with Radar,57,31,13,2,103,0,0,35,0,35,57,31,48,2,138,90,0,90,228
06/14/2020,BUR,CA,AWP,WE,Towers with Radar,67,43,41,0,151,0,1,42,0,43,67,44,83,0,194,46,0,46,240
06/15/2020,BUR,CA,AWP,WE,Towers with Radar,76,40,35,0,151,0,2,25,0,27,76,42,60,0,178,56,0,56,234
06/16/2020,BUR,CA,AWP,WE,Towers with Radar,67,42,22,0,131,0,1,32,0,33,67,43,54,0,164,72,0,72,236
06/17/2020,BUR,CA,AWP,WE,Towers with Radar,68,38,24,1,131,0,2,39,0,41,68,40,63,1,172,334,0,334,506
06/18/2020,BUR,CA,AWP,WE,Towers with Radar,82,57,39,2,180,0,4,35,1,40,82,61,74,3,220,198,0,198,418
06/19/2020,BUR,CA,AWP,WE,Towers with Radar,80,46,32,0,158,0,3,41,0,44,80,49,73,0,202,244,0,244,446
06/20/2020,BUR,CA,AWP,WE,Towers with Radar,60,41,26,0,127,0,0,35,0,35,60,41,61,0,162,74,0,74,236
06/21/2020,BUR,CA,AWP,WE,Towers with Radar,67,38,30,0,135,0,2,34,0,36,67,40,64,0,171,92,0,92,263
06/22/2020,BUR,CA,AWP,WE,Towers with Radar,77,53,50,0,180,0,1,41,0,42,77,54,91,0,222,14,0,14,236
06/23/2020,BUR,CA,AWP,WE,Towers with Radar,68,55,36,0,159,0,6,40,0,46,68,61,76,0,205,132,0,132,337
06/24/2020,BUR,CA,AWP,WE,Towers with Radar,68,42,26,0,136,0,1,30,3,34,68,43,56,3,170,196,0,196,366
06/25/2020,BUR,CA,AWP,WE,Towers with Radar,82,50,39,0,171,0,3,34,0,37,82,53,73,0,208,76,0,76,284
06/26/2020,BUR,CA,AWP,WE,Towers with Radar,80,63,34,0,177,0,3,47,0,50,80,66,81,0,227,68,0,68,295
06/27/2020,BUR,CA,AWP,WE,Towers with Radar,60,37,28,0,125,0,3,31,1,35,60,40,59,1,160,72,0,72,232
06/28/2020,BUR,CA,AWP,WE,Towers with Radar,76,46,30,0,152,0,0,23,0,23,76,46,53,0,175,34,0,34,209
06/29/2020,BUR,CA,AWP,WE,Towers with Radar,82,41,36,0,159,0,1,23,0,24,82,42,59,0,183,6,0,6,189
06/30/2020,BUR,CA,AWP,WE,Towers with Radar,84,47,42,1,174,0,0,34,1,35,84,47,76,2,209,96,0,96,305
07/01/2020,BUR,CA,AWP,WE,Towers with Radar,85,50,38,3,176,0,1,40,0,41,85,51,78,3,217,48,0,48,265
07/02/2020,BUR,CA,AWP,WE,Towers with Radar,87,51,43,0,181,0,1,27,0,28,87,52,70,0,209,44,0,44,253
07/03/2020,BUR,CA,AWP,WE,Towers with Radar,84,57,38,1,180,0,1,50,0,51,84,58,88,1,231,42,0,42,273
07/04/2020,BUR,CA,AWP,WE,Towers with Radar,62,19,9,0,90,0,0,33,2,35,62,19,42,2,125,8,0,8,133
07/05/2020,BUR,CA,AWP,WE,Towers with Radar,77,34,34,0,145,0,0,30,0,30,77,34,64,0,175,26,0,26,201
07/06/2020,BUR,CA,AWP,WE,Towers with Radar,81,47,38,0,166,0,5,36,0,41,81,52,74,0,207,40,0,40,247
07/07/2020,BUR,CA,AWP,WE,Towers with Radar,84,37,27,0,148,0,6,41,0,47,84,43,68,0,195,92,0,92,287
07/08/2020,BUR,CA,AWP,WE,Towers with Radar,86,42,33,0,161,0,8,35,1,44,86,50,68,1,205,44,0,44,249
07/09/2020,BUR,CA,AWP,WE,Towers with Radar,85,53,35,1,174,0,4,37,1,42,85,57,72,2,216,112,0,112,328
07/10/2020,BUR,CA,AWP,WE,Towers with Radar,82,54,25,0,161,0,6,37,0,43,82,60,62,0,204,24,0,24,228
07/11/2020,BUR,CA,AWP,WE,Towers with Radar,78,26,26,0,130,0,0,28,0,28,78,26,54,0,158,72,0,72,230
07/12/2020,BUR,CA,AWP,WE,Towers with Radar,77,42,24,0,143,0,1,29,0,30,77,43,53,0,173,112,0,112,285
07/13/2020,BUR,CA,AWP,WE,Towers with Radar,82,43,33,0,158,0,2,42,0,44,82,45,75,0,202,46,0,46,248
07/14/2020,BUR,CA,AWP,WE,Towers with Radar,88,39,22,2,151,0,0,31,0,31,88,39,53,2,182,90,0,90,272
07/15/2020,BUR,CA,AWP,WE,Towers with Radar,86,41,25,0,152,0,2,35,0,37,86,43,60,0,189,146,0,146,335
07/16/2020,BUR,CA,AWP,WE,Towers with Radar,88,38,24,2,152,0,4,26,0,30,88,42,50,2,182,80,0,80,262
07/17/2020,BUR,CA,AWP,WE,Towers with Radar,82,41,28,1,152,0,3,58,1,62,82,44,86,2,214,36,0,36,250
07/18/2020,BUR,CA,AWP,WE,Towers with Radar,78,30,18,0,126,0,0,64,1,65,78,30,82,1,191,212,0,212,403
07/19/2020,BUR,CA,AWP,WE,Towers with Radar,79,46,22,0,147,1,3,47,2,53,80,49,69,2,200,142,0,142,342
07/20/2020,BUR,CA,AWP,WE,Towers with Radar,81,55,26,0,162,0,3,53,0,56,81,58,79,0,218,148,0,148,366
07/21/2020,BUR,CA,AWP,WE,Towers with Radar,86,32,34,3,155,0,6,49,0,55,86,38,83,3,210,358,0,358,568
07/22/2020,BUR,CA,AWP,WE,Towers with Radar,88,46,35,3,172,0,7,30,1,38,88,53,65,4,210,154,0,154,364
07/23/2020,BUR,CA,AWP,WE,Towers with Radar,86,58,29,0,173,0,3,34,1,38,86,61,63,1,211,180,0,180,391
07/24/2020,BUR,CA,AWP,WE,Towers with Radar,84,50,32,6,172,0,6,47,4,57,84,56,79,10,229,136,0,136,365
07/25/2020,BUR,CA,AWP,WE,Towers with Radar,78,45,27,1,151,0,10,31,0,41,78,55,58,1,192,40,0,40,232
07/26/2020,BUR,CA,AWP,WE,Towers with Radar,85,43,26,0,154,0,4,37,0,41,85,47,63,0,195,90,0,90,285
07/27/2020,BUR,CA,AWP,WE,Towers with Radar,87,39,30,0,156,0,0,33,1,34,87,39,63,1,190,228,0,228,418
07/28/2020,BUR,CA,AWP,WE,Towers with Radar,88,37,32,0,157,0,3,48,0,51,88,40,80,0,208,148,0,148,356
07/29/2020,BUR,CA,AWP,WE,Towers with Radar,88,34,23,1,146,0,1,56,1,58,88,35,79,2,204,246,0,246,450
07/30/2020,BUR,CA,AWP,WE,Towers with Radar,90,38,23,2,153,0,1,47,3,51,90,39,70,5,204,152,0,152,356
07/31/2020,BUR,CA,AWP,WE,Towers with Radar,84,46,32,0,162,0,4,28,0,32,84,50,60,0,194,195,0,195,389
08/01/2020,BUR,CA,AWP,WE,Towers with Radar,85,23,22,0,130,0,2,29,0,31,85,25,51,0,161,106,0,106,267
08/02/2020,BUR,CA,AWP,WE,Towers with Radar,87,41,16,0,144,0,2,28,0,30,87,43,44,0,174,46,0,46,220
08/03/2020,BUR,CA,AWP,WE,Towers with Radar,89,35,22,0,146,0,2,44,1,47,89,37,66,1,193,112,0,112,305
08/04/2020,BUR,CA,AWP,WE,Towers with Radar,91,37,36,0,164,0,1,43,0,44,91,38,79,0,208,106,0,106,314
08/05/2020,BUR,CA,AWP,WE,Towers with Radar,87,40,51,1,179,0,2,42,0,44,87,42,93,1,223,156,0,156,379
08/06/2020,BUR,CA,AWP,WE,Towers with Radar,96,38,39,1,174,0,2,32,0,34,96,40,71,1,208,118,0,118,326
08/07/2020,BUR,CA,AWP,WE,Towers with Radar,88,43,28,0,159,0,2,45,0,47,88,45,73,0,206,54,0,54,260
08/08/2020,BUR,CA,AWP,WE,Towers with Radar,82,28,27,0,137,0,2,45,1,48,82,30,72,1,185,128,0,128,313
08/09/2020,BUR,CA,AWP,WE,Towers with Radar,84,35,21,0,140,0,0,36,0,36,84,35,57,0,176,84,0,84,260
08/10/2020,BUR,CA,AWP,WE,Towers with Radar,89,48,30,0,167,0,2,20,0,22,89,50,50,0,189,92,0,92,281
08/11/2020,BUR,CA,AWP,WE,Towers with Radar,77,33,34,0,144,0,2,31,0,33,77,35,65,0,177,88,0,88,265
08/12/2020,BUR,CA,AWP,WE,Towers with Radar,76,27,35,0,138,0,1,54,1,56,76,28,89,1,194,140,0,140,334
08/13/2020,BUR,CA,AWP,WE,Towers with Radar,80,47,38,0,165,0,4,45,0,49,80,51,83,0,214,108,0,108,322
08/14/2020,BUR,CA,AWP,WE,Towers with Radar,76,41,34,0,151,0,2,46,0,48,76,43,80,0,199,48,0,48,247
08/15/2020,BUR,CA,AWP,WE,Towers with Radar,65,32,24,4,125,0,0,37,0,37,65,32,61,4,162,68,0,68,230
08/16/2020,BUR,CA,AWP,WE,Towers with Radar,67,34,27,0,128,0,1,49,0,50,67,35,76,0,178,44,0,44,222
08/17/2020,BUR,CA,AWP,WE,Towers with Radar,79,40,16,0,135,0,4,35,0,39,79,44,51,0,174,118,0,118,292
08/18/2020,BUR,CA,AWP,WE,Towers with Radar,78,41,33,0,152,0,1,25,1,27,78,42,58,1,179,160,0,160,339
08/19/2020,BUR,CA,AWP,WE,Towers with Radar,75,30,22,0,127,0,1,27,0,28,75,31,49,0,155,172,0,172,327
08/20/2020,BUR,CA,AWP,WE,Towers with Radar,80,60,30,0,170,0,1,38,0,39,80,61,68,0,209,66,0,66,275
08/21/2020,BUR,CA,AWP,WE,Towers with Radar,78,41,31,0,150,0,3,50,0,53,78,44,81,0,203,106,0,106,309
08/22/2020,BUR,CA,AWP,WE,Towers with Radar,63,28,25,0,116,0,1,40,0,41,63,29,65,0,157,94,0,94,251
08/23/2020,BUR,CA,AWP,WE,Towers with Radar,65,44,31,0,140,0,0,44,0,44,65,44,75,0,184,90,0,90,274
08/24/2020,BUR,CA,AWP,WE,Towers with Radar,80,44,25,1,150,0,2,33,1,36,80,46,58,2,186,88,0,88,274
08/25/2020,BUR,CA,AWP,WE,Towers with Radar,80,48,31,0,159,0,1,45,0,46,80,49,76,0,205,180,0,180,385
08/26/2020,BUR,CA,AWP,WE,Towers with Radar,76,28,30,0,134,0,5,43,1,49,76,33,73,1,183,82,0,82,265
08/27/2020,BUR,CA,AWP,WE,Towers with Radar,80,41,40,0,161,0,0,53,0,53,80,41,93,0,214,194,0,194,408
08/28/2020,BUR,CA,AWP,WE,Towers with Radar,76,49,32,1,158,0,6,44,1,51,76,55,76,2,209,115,0,115,324
08/29/2020,BUR,CA,AWP,WE,Towers with Radar,63,25,26,0,114,0,0,44,0,44,63,25,70,0,158,74,0,74,232
08/30/2020,BUR,CA,AWP,WE,Towers with Radar,66,31,44,2,143,0,0,34,0,34,66,31,78,2,177,82,0,82,259
08/31/2020,BUR,CA,AWP,WE,Towers with Radar,77,44,35,0,156,0,0,36,2,38,77,44,71,2,194,52,0,52,246
09/01/2020,BUR,CA,AWP,WE,Towers with Radar,76,38,49,0,163,0,0,28,0,28,76,38,77,0,191,100,0,100,291
09/02/2020,BUR,CA,AWP,WE,Towers with Radar,75,29,34,0,138,0,1,35,0,36,75,30,69,0,174,126,0,126,300
09/03/2020,BUR,CA,AWP,WE,Towers with Radar,80,50,43,0,173,0,3,38,1,42,80,53,81,1,215,78,0,78,293
09/04/2020,BUR,CA,AWP,WE,Towers with Radar,76,47,39,0,162,0,2,55,3,60,76,49,94,3,222,80,0,80,302
09/05/2020,BUR,CA,AWP,WE,Towers with Radar,61,19,16,0,96,0,1,21,0,22,61,20,37,0,118,22,0,22,140
09/06/2020,BUR,CA,AWP,WE,Towers with Radar,64,30,24,0,118,0,0,25,1,26,64,30,49,1,144,20,0,20,164
09/07/2020,BUR,CA,AWP,WE,Towers with Radar,63,35,38,0,136,0,0,50,0,50,63,35,88,0,186,36,0,36,222
09/08/2020,BUR,CA,AWP,WE,Towers with Radar,65,34,29,1,129,0,4,29,3,36,65,38,58,4,165,64,0,64,229
09/09/2020,BUR,CA,AWP,WE,Towers with Radar,70,31,36,0,137,0,1,45,0,46,70,32,81,0,183,40,0,40,223
09/10/2020,BUR,CA,AWP,WE,Towers with Radar,70,47,34,2,153,0,4,24,0,28,70,51,58,2,181,42,0,42,223
09/11/2020,BUR,CA,AWP,WE,Towers with Radar,68,44,51,4,167,0,4,39,3,46,68,48,90,7,213,84,0,84,297
09/12/2020,BUR,CA,AWP,WE,Towers with Radar,60,37,25,1,123,0,1,17,1,19,60,38,42,2,142,0,0,0,142
09/13/2020,BUR,CA,AWP,WE,Towers with Radar,67,32,28,0,127,0,0,36,0,36,67,32,64,0,163,130,0,130,293
09/14/2020,BUR,CA,AWP,WE,Towers with Radar,67,44,24,3,138,0,3,36,1,40,67,47,60,4,178,98,0,98,276
09/15/2020,BUR,CA,AWP,WE,Towers with Radar,70,32,36,0,138,0,0,29,0,29,70,32,65,0,167,62,0,62,229
09/16/2020,BUR,CA,AWP,WE,Towers with Radar,73,26,32,0,131,0,2,39,0,41,73,28,71,0,172,82,0,82,254
09/17/2020,BUR,CA,AWP,WE,Towers with Radar,75,42,33,0,150,0,0,46,0,46,75,42,79,0,196,56,0,56,252
09/18/2020,BUR,CA,AWP,WE,Towers with Radar,70,57,38,0,165,0,2,47,3,52,70,59,85,3,217,88,0,88,305
09/19/2020,BUR,CA,AWP,WE,Towers with Radar,65,27,20,0,112,0,0,37,0,37,65,27,57,0,149,108,0,108,257
09/20/2020,BUR,CA,AWP,WE,Towers with Radar,70,36,30,0,136,0,0,33,0,33,70,36,63,0,169,76,0,76,245
09/21/2020,BUR,CA,AWP,WE,Towers with Radar,71,39,26,0,136,0,0,46,0,46,71,39,72,0,182,84,0,84,266
09/22/2020,BUR,CA,AWP,WE,Towers with Radar,76,37,33,0,146,0,1,32,0,33,76,38,65,0,179,106,0,106,285
09/23/2020,BUR,CA,AWP,WE,Towers with Radar,74,29,33,0,136,0,6,35,1,42,74,35,68,1,178,58,0,58,236
09/24/2020,BUR,CA,AWP,WE,Towers with Radar,74,38,29,0,141,0,2,47,0,49,74,40,76,0,190,76,0,76,266
09/25/2020,BUR,CA,AWP,WE,Towers with Radar,70,47,22,3,142,0,2,49,1,52,70,49,71,4,194,117,0,117,311
09/26/2020,BUR,CA,AWP,WE,Towers with Radar,62,25,29,0,116,0,0,43,0,43,62,25,72,0,159,154,0,154,313
09/27/2020,BUR,CA,AWP,WE,Towers with Radar,66,39,23,0,128,0,1,36,0,37,66,40,59,0,165,86,0,86,251
09/28/2020,BUR,CA,AWP,WE,Towers with Radar,71,37,25,0,133,0,2,44,0,46,71,39,69,0,179,112,0,112,291
09/29/2020,BUR,CA,AWP,WE,Towers with Radar,73,27,32,1,133,0,4,47,1,52,73,31,79,2,185,94,0,94,279
09/30/2020,BUR,CA,AWP,WE,Towers with Radar,73,34,31,2,140,0,2,42,1,45,73,36,73,3,185,158,0,158,343
10/01/2020,BUR,CA,AWP,WE,Towers with Radar,74,49,32,0,155,0,3,51,0,54,74,52,83,0,209,90,0,90,299
10/02/2020,BUR,CA,AWP,WE,Towers with Radar,70,46,34,0,150,0,2,31,0,33,70,48,65,0,183,68,0,68,251
10/03/2020,BUR,CA,AWP,WE,Towers with Radar,64,17,28,0,109,0,0,34,0,34,64,17,62,0,143,82,0,82,225
10/04/2020,BUR,CA,AWP,WE,Towers with Radar,67,38,23,0,128,0,0,22,0,22,67,38,45,0,150,44,0,44,194
10/05/2020,BUR,CA,AWP,WE,Towers with Radar,74,39,30,0,143,0,3,47,0,50,74,42,77,0,193,156,0,156,349
10/06/2020,BUR,CA,AWP,WE,Towers with Radar,72,31,19,0,122,0,0,35,2,37,72,31,54,2,159,58,0,58,217
10/07/2020,BUR,CA,AWP,WE,Towers with Radar,69,30,34,0,133,0,2,28,0,30,69,32,62,0,163,92,0,92,255
10/08/2020,BUR,CA,AWP,WE,Towers with Radar,71,50,46,1,168,0,0,41,0,41,71,50,87,1,209,64,0,64,273
10/09/2020,BUR,CA,AWP,WE,Towers with Radar,69,51,35,0,155,0,2,33,0,35,69,53,68,0,190,90,0,90,280
10/10/2020,BUR,CA,AWP,WE,Towers with Radar,58,29,28,0,115,0,2,25,0,27,58,31,53,0,142,84,0,84,226
10/11/2020,BUR,CA,AWP,WE,Towers with Radar,69,44,27,0,140,0,3,31,0,34,69,47,58,0,174,200,0,200,374
10/12/2020,BUR,CA,AWP,WE,Towers with Radar,71,40,31,0,142,0,2,45,0,47,71,42,76,0,189,152,0,152,341
10/13/2020,BUR,CA,AWP,WE,Towers with Radar,67,34,33,0,134,0,1,47,0,48,67,35,80,0,182,76,0,76,258
10/14/2020,BUR,CA,AWP,WE,Towers with Radar,69,49,33,0,151,0,6,59,0,65,69,55,92,0,216,26,0,26,242
10/15/2020,BUR,CA,AWP,WE,Towers with Radar,73,61,49,0,183,0,6,50,2,58,73,67,99,2,241,148,0,148,389
10/16/2020,BUR,CA,AWP,WE,Towers with Radar,67,67,37,0,171,0,4,66,1,71,67,71,103,1,242,84,0,84,326
10/17/2020,BUR,CA,AWP,WE,Towers with Radar,58,32,21,0,111,0,4,47,2,53,58,36,68,2,164,92,0,92,256
10/18/2020,BUR,CA,AWP,WE,Towers with Radar,65,52,26,0,143,0,2,38,0,40,65,54,64,0,183,82,0,82,265
10/19/2020,BUR,CA,AWP,WE,Towers with Radar,69,54,40,0,163,0,1,17,0,18,69,55,57,0,181,132,0,132,313
10/20/2020,BUR,CA,AWP,WE,Towers with Radar,71,40,28,1,140,0,1,27,0,28,71,41,55,1,168,178,0,178,346
10/21/2020,BUR,CA,AWP,WE,Towers with Radar,67,42,38,0,147,0,2,31,0,33,67,44,69,0,180,40,0,40,220
10/22/2020,BUR,CA,AWP,WE,Towers with Radar,71,51,54,0,176,0,3,41,0,44,71,54,95,0,220,134,0,134,354
10/23/2020,BUR,CA,AWP,WE,Towers with Radar,68,56,28,2,154,0,1,32,0,33,68,57,60,2,187,78,0,78,265
10/24/2020,BUR,CA,AWP,WE,Towers with Radar,58,30,30,0,118,0,1,21,0,22,58,31,51,0,140,60,0,60,200
10/25/2020,BUR,CA,AWP,WE,Towers with Radar,64,48,32,0,144,0,1,30,0,31,64,49,62,0,175,120,0,120,295
10/26/2020,BUR,CA,AWP,WE,Towers with Radar,69,61,24,1,155,0,3,13,0,16,69,64,37,1,171,0,0,0,171
10/27/2020,BUR,CA,AWP,WE,Towers with Radar,70,40,28,0,138,0,6,51,0,57,70,46,79,0,195,74,0,74,269
10/28/2020,BUR,CA,AWP,WE,Towers with Radar,67,37,35,0,139,0,4,58,1,63,67,41,93,1,202,160,0,160,362
10/29/2020,BUR,CA,AWP,WE,Towers with Radar,71,50,43,1,165,0,5,43,2,50,71,55,86,3,215,234,0,234,449
10/30/2020,BUR,CA,AWP,WE,Towers with Radar,67,58,59,2,186,0,7,49,0,56,67,65,108,2,242,126,0,126,368
10/31/2020,BUR,CA,AWP,WE,Towers with Radar,55,21,21,1,98,0,3,43,0,46,55,24,64,1,144,40,0,40,184
11/01/2020,BUR,CA,AWP,WE,Towers with Radar,64,40,34,1,139,0,0,35,0,35,64,40,69,1,174,124,0,124,298
11/02/2020,BUR,CA,AWP,WE,Towers with Radar,72,39,31,2,144,0,0,36,2,38,72,39,67,4,182,146,0,146,328
11/03/2020,BUR,CA,AWP,WE,Towers with Radar,69,33,32,1,135,0,6,29,0,35,69,39,61,1,170,62,0,62,232
11/04/2020,BUR,CA,AWP,WE,Towers with Radar,54,26,29,0,109,0,0,35,1,36,54,26,64,1,145,40,0,40,185
11/05/2020,BUR,CA,AWP,WE,Towers with Radar,77,43,37,1,158,0,0,56,0,56,77,43,93,1,214,170,0,170,384
11/06/2020,BUR,CA,AWP,WE,Towers with Radar,73,60,34,2,169,0,1,39,0,40,73,61,73,2,209,44,0,44,253
11/07/2020,BUR,CA,AWP,WE,Towers with Radar,45,20,14,2,81,0,4,22,0,26,45,24,36,2,107,54,0,54,161
11/08/2020,BUR,CA,AWP,WE,Towers with Radar,67,46,23,2,138,0,0,20,0,20,67,46,43,2,158,48,0,48,206
11/09/2020,BUR,CA,AWP,WE,Towers with Radar,73,49,32,0,154,0,2,41,0,43,73,51,73,0,197,96,0,96,293
11/10/2020,BUR,CA,AWP,WE,Towers with Radar,47,40,29,1,117,0,1,48,0,49,47,41,77,1,166,54,0,54,220
11/11/2020,BUR,CA,AWP,WE,Towers with Radar,49,36,23,0,108,0,0,44,0,44,49,36,67,0,152,44,0,44,196
11/12/2020,BUR,CA,AWP,WE,Towers with Radar,77,40,27,2,146,0,0,65,0,65,77,40,92,2,211,100,0,100,311
11/13/2020,BUR,CA,AWP,WE,Towers with Radar,71,53,32,0,156,0,7,59,0,66,71,60,91,0,222,120,0,120,342
11/14/2020,BUR,CA,AWP,WE,Towers with Radar,52,22,17,0,91,0,2,31,0,33,52,24,48,0,124,62,0,62,186
11/15/2020,BUR,CA,AWP,WE,Towers with Radar,71,46,29,1,147,0,1,32,1,34,71,47,61,2,181,50,0,50,231
11/16/2020,BUR,CA,AWP,WE,Towers with Radar,74,40,37,0,151,0,1,36,0,37,74,41,73,0,188,94,0,94,282
11/17/2020,BUR,CA,AWP,WE,Towers with Radar,50,30,30,0,110,0,2,48,2,52,50,32,78,2,162,48,0,48,210
11/18/2020,BUR,CA,AWP,WE,Towers with Radar,53,35,30,0,118,0,1,46,0,47,53,36,76,0,165,154,0,154,319
11/19/2020,BUR,CA,AWP,WE,Towers with Radar,80,57,23,0,160,0,1,37,6,44,80,58,60,6,204,84,0,84,288
11/20/2020,BUR,CA,AWP,WE,Towers with Radar,73,49,32,3,157,0,0,55,0,55,73,49,87,3,212,136,0,136,348
11/21/2020,BUR,CA,AWP,WE,Towers with Radar,69,26,26,0,121,0,6,41,0,47,69,32,67,0,168,128,0,128,296
11/22/2020,BUR,CA,AWP,WE,Towers with Radar,73,44,33,1,151,0,0,41,2,43,73,44,74,3,194,60,0,60,254
11/23/2020,BUR,CA,AWP,WE,Towers with Radar,86,53,15,3,157,0,1,39,1,41,86,54,54,4,198,88,0,88,286
11/24/2020,BUR,CA,AWP,WE,Towers with Radar,85,59,33,0,177,0,2,44,2,48,85,61,77,2,225,176,0,176,401
11/25/2020,BUR,CA,AWP,WE,Towers with Radar,86,60,28,0,174,0,3,47,0,50,86,63,75,0,224,80,0,80,304
11/26/2020,BUR,CA,AWP,WE,Towers with Radar,39,19,9,0,67,0,1,5,0,6,39,20,14,0,73,0,0,0,73
11/27/2020,BUR,CA,AWP,WE,Towers with Radar,73,41,10,0,124,0,6,19,0,25,73,47,29,0,149,12,0,12,161
11/28/2020,BUR,CA,AWP,WE,Towers with Radar,72,42,21,0,135,0,0,35,0,35,72,42,56,0,170,34,0,34,204
11/29/2020,BUR,CA,AWP,WE,Towers with Radar,77,63,35,2,177,0,3,34,0,37,77,66,69,2,214,100,0,100,314
11/30/2020,BUR,CA,AWP,WE,Towers with Radar,82,47,29,0,158,0,5,31,0,36,82,52,60,0,194,108,0,108,302
12/01/2020,BUR,CA,AWP,WE,Towers with Radar,84,40,30,0,154,0,3,29,0,32,84,43,59,0,186,72,0,72,258
12/02/2020,BUR,CA,AWP,WE,Towers with Radar,55,43,34,0,132,0,2,37,1,40,55,45,71,1,172,56,0,56,228
12/03/2020,BUR,CA,AWP,WE,Towers with Radar,57,43,20,0,120,0,5,30,0,35,57,48,50,0,155,68,0,68,223
12/04/2020,BUR,CA,AWP,WE,Towers with Radar,53,55,25,0,133,0,1,47,0,48,53,56,72,0,181,98,0,98,279
12/05/2020,BUR,CA,AWP,WE,Towers with Radar,50,23,21,0,94,0,2,40,0,42,50,25,61,0,136,36,0,36,172
12/06/2020,BUR,CA,AWP,WE,Towers with Radar,50,42,17,0,109,0,5,28,0,33,50,47,45,0,142,95,0,95,237
12/07/2020,BUR,CA,AWP,WE,Towers with Radar,54,35,27,0,116,0,1,44,2,47,54,36,71,2,163,88,0,88,251
12/08/2020,BUR,CA,AWP,WE,Towers with Radar,55,44,18,0,117,0,5,31,1,37,55,49,49,1,154,97,0,97,251
12/09/2020,BUR,CA,AWP,WE,Towers with Radar,55,42,39,0,136,0,3,48,0,51,55,45,87,0,187,50,0,50,237
12/10/2020,BUR,CA,AWP,WE,Towers with Radar,57,47,15,0,119,0,4,52,1,57,57,51,67,1,176,150,0,150,326
12/11/2020,BUR,CA,AWP,WE,Towers with Radar,51,48,42,0,141,0,1,30,0,31,51,49,72,0,172,18,0,18,190
12/12/2020,BUR,CA,AWP,WE,Towers with Radar,49,23,14,0,86,0,0,25,2,27,49,23,39,2,113,50,0,50,163
12/13/2020,BUR,CA,AWP,WE,Towers with Radar,50,34,30,0,114,0,0,54,1,55,50,34,84,1,169,88,0,88,257
12/14/2020,BUR,CA,AWP,WE,Towers with Radar,54,35,14,0,103,0,0,15,0,15,54,35,29,0,118,34,0,34,152
12/15/2020,BUR,CA,AWP,WE,Towers with Radar,58,40,29,0,127,0,2,33,0,35,58,42,62,0,162,46,0,46,208
12/16/2020,BUR,CA,AWP,WE,Towers with Radar,59,43,39,2,143,0,1,49,0,50,59,44,88,2,193,136,0,136,329
12/17/2020,BUR,CA,AWP,WE,Towers with Radar,82,58,18,1,159,0,4,25,2,31,82,62,43,3,190,106,0,106,296
12/18/2020,BUR,CA,AWP,WE,Towers with Radar,83,71,27,0,181,0,2,31,0,33,83,73,58,0,214,50,0,50,264
12/19/2020,BUR,CA,AWP,WE,Towers with Radar,81,38,25,2,146,0,8,43,0,51,81,46,68,2,197,96,0,96,293
12/20/2020,BUR,CA,AWP,WE,Towers with Radar,73,37,26,0,136,0,3,40,0,43,73,40,66,0,179,24,0,24,203
12/21/2020,BUR,CA,AWP,WE,Towers with Radar,80,53,29,0,162,0,1,24,0,25,80,54,53,0,187,36,0,36,223
12/22/2020,BUR,CA,AWP,WE,Towers with Radar,88,45,33,0,166,0,0,68,0,68,88,45,101,0,234,296,0,296,530
12/23/2020,BUR,CA,AWP,WE,Towers with Radar,88,59,24,2,173,0,2,31,0,33,88,61,55,2,206,84,0,84,290
12/24/2020,BUR,CA,AWP,WE,Towers with Radar,49,32,15,0,96,0,0,27,0,27,49,32,42,0,123,24,0,24,147
12/25/2020,BUR,CA,AWP,WE,Towers with Radar,36,19,8,0,63,0,1,7,0,8,36,20,15,0,71,0,0,0,71
12/26/2020,BUR,CA,AWP,WE,Towers with Radar,73,32,22,0,127,0,0,31,0,31,73,32,53,0,158,0,0,0,158
12/27/2020,BUR,CA,AWP,WE,Towers with Radar,78,38,19,0,135,0,0,29,0,29,78,38,48,0,164,50,0,50,214
12/28/2020,BUR,CA,AWP,WE,Towers with Radar,78,64,31,0,173,0,0,16,0,16,78,64,47,0,189,30,0,30,219
12/29/2020,BUR,CA,AWP,WE,Towers with Radar,79,61,16,1,157,0,5,30,0,35,79,66,46,1,192,28,0,28,220
12/30/2020,BUR,CA,AWP,WE,Towers with Radar,78,50,24,0,152,0,1,23,2,26,78,51,47,2,178,20,0,20,198
12/31/2020,BUR,CA,AWP,WE,Towers with Radar,45,35,14,0,94,0,0,20,0,20,45,35,34,0,114,16,0,16,130
01/01/2021,BUR,CA,AWP,WE,Towers with Radar,44,35,21,0,100,0,1,34,0,35,44,36,55,0,135,0,0,0,135
01/02/2021,BUR,CA,AWP,WE,Towers with Radar,72,38,21,1,132,0,0,57,0,57,72,38,78,1,189,160,0,160,349
01/03/2021,BUR,CA,AWP,WE,Towers with Radar,76,46,24,1,147,1,0,14,0,15,77,46,38,1,162,0,0,0,162
01/04/2021,BUR,CA,AWP,WE,Towers with Radar,80,34,26,0,140,0,3,32,0,35,80,37,58,0,175,48,0,48,223
01/05/2021,BUR,CA,AWP,WE,Towers with Radar,79,32,18,0,129,0,3,24,0,27,79,35,42,0,156,14,0,14,170
01/06/2021,BUR,CA,AWP,WE,Towers with Radar,74,31,22,0,127,0,1,36,0,37,74,32,58,0,164,98,0,98,262
01/07/2021,BUR,CA,AWP,WE,Towers with Radar,56,30,23,0,109,0,1,32,0,33,56,31,55,0,142,110,0,110,252
01/08/2021,BUR,CA,AWP,WE,Towers with Radar,51,38,24,1,114,0,3,45,0,48,51,41,69,1,162,110,0,110,272
01/09/2021,BUR,CA,AWP,WE,Towers with Radar,46,25,17,0,88,0,4,30,0,34,46,29,47,0,122,112,0,112,234
01/10/2021,BUR,CA,AWP,WE,Towers with Radar,47,44,28,0,119,0,0,45,2,47,47,44,73,2,166,102,0,102,268
01/11/2021,BUR,CA,AWP,WE,Towers with Radar,51,39,18,0,108,0,1,36,0,37,51,40,54,0,145,96,0,96,241
01/12/2021,BUR,CA,AWP,WE,Towers with Radar,54,31,28,0,113,0,1,41,3,45,54,32,69,3,158,36,0,36,194
01/13/2021,BUR,CA,AWP,WE,Towers with Radar,51,32,22,0,105,0,3,30,5,38,51,35,52,5,143,172,0,172,315
01/14/2021,BUR,CA,AWP,WE,Towers with Radar,56,40,19,0,115,0,1,40,3,44,56,41,59,3,159,234,0,234,393
01/15/2021,BUR,CA,AWP,WE,Towers with Radar,52,40,18,0,110,0,3,27,3,33,52,43,45,3,143,26,0,26,169
01/16/2021,BUR,CA,AWP,WE,Towers with Radar,46,26,15,0,87,0,1,28,1,30,46,27,43,1,117,184,0,184,301
01/17/2021,BUR,CA,AWP,WE,Towers with Radar,49,32,20,0,101,0,2,47,3,52,49,34,67,3,153,116,0,116,269
01/18/2021,BUR,CA,AWP,WE,Towers with Radar,51,41,24,0,116,0,1,45,2,48,51,42,69,2,164,232,0,232,396
01/19/2021,BUR,CA,AWP,WE,Towers with Radar,53,33,9,0,95,0,0,6,0,6,53,33,15,0,101,12,0,12,113
01/20/2021,BUR,CA,AWP,WE,Towers with Radar,53,48,9,0,110,0,0,30,0,30,53,48,39,0,140,118,0,118,258
01/21/2021,BUR,CA,AWP,WE,Towers with Radar,56,44,36,0,136,0,0,50,0,50,56,44,86,0,186,196,0,196,382
01/22/2021,BUR,CA,AWP,WE,Towers with Radar,52,55,26,0,133,0,2,33,0,35,52,57,59,0,168,105,0,105,273
01/23/2021,BUR,CA,AWP,WE,Towers with Radar,46,26,11,0,83,0,2,20,0,22,46,28,31,0,105,36,0,36,141
01/24/2021,BUR,CA,AWP,WE,Towers with Radar,46,43,32,0,121,0,2,29,1,32,46,45,61,1,153,54,0,54,207
01/25/2021,BUR,CA,AWP,WE,Towers with Radar,50,53,25,0,128,0,0,20,0,20,50,53,45,0,148,38,0,38,186
01/26/2021,BUR,CA,AWP,WE,Towers with Radar,56,36,20,0,112,0,1,43,0,44,56,37,63,0,156,110,0,110,266
01/27/2021,BUR,CA,AWP,WE,Towers with Radar,54,43,15,0,112,0,0,23,1,24,54,43,38,1,136,152,0,152,288
01/28/2021,BUR,CA,AWP,WE,Towers with Radar,56,46,19,0,121,0,0,17,0,17,56,46,36,0,138,86,0,86,224
01/29/2021,BUR,CA,AWP,WE,Towers with Radar,52,40,9,0,101,0,0,18,0,18,52,40,27,0,119,0,0,0,119
01/30/2021,BUR,CA,AWP,WE,Towers with Radar,46,39,22,0,107,0,2,49,0,51,46,41,71,0,158,114,0,114,272
01/31/2021,BUR,CA,AWP,WE,Towers with Radar,49,39,25,0,113,0,3,41,0,44,49,42,66,0,157,76,0,76,233
02/01/2021,BUR,CA,AWP,WE,Towers with Radar,53,38,18,2,111,0,6,36,1,43,53,44,54,3,154,142,0,142,296
02/02/2021,BUR,CA,AWP,WE,Towers with Radar,54,43,25,1,123,0,4,65,0,69,54,47,90,1,192,198,0,198,390
02/03/2021,BUR,CA,AWP,WE,Towers with Radar,54,41,31,0,126,0,4,58,0,62,54,45,89,0,188,254,0,254,442
02/04/2021,BUR,CA,AWP,WE,Towers with Radar,58,45,18,0,121,0,1,47,0,48,58,46,65,0,169,72,0,72,241
02/05/2021,BUR,CA,AWP,WE,Towers with Radar,53,42,44,0,139,0,1,65,0,66,53,43,109,0,205,16,0,16,221
02/06/2021,BUR,CA,AWP,WE,Towers with Radar,46,30,34,0,110,0,3,60,0,63,46,33,94,0,173,126,0,126,299
02/07/2021,BUR,CA,AWP,WE,Towers with Radar,50,42,24,1,117,0,2,27,0,29,50,44,51,1,146,168,0,168,314
02/08/2021,BUR,CA,AWP,WE,Towers with Radar,55,56,44,1,156,0,3,34,0,37,55,59,78,1,193,70,0,70,263
02/09/2021,BUR,CA,AWP,WE,Towers with Radar,54,28,35,0,117,0,0,47,0,47,54,28,82,0,164,96,0,96,260
02/10/2021,BUR,CA,AWP,WE,Towers with Radar,52,40,34,2,128,0,0,38,0,38,52,40,72,2,166,104,0,104,270
02/11/2021,BUR,CA,AWP,WE,Towers with Radar,52,42,43,0,137,0,3,45,0,48,52,45,88,0,185,84,0,84,269
02/12/2021,BUR,CA,AWP,WE,Towers with Radar,52,48,32,0,132,0,3,16,0,19,52,51,48,0,151,58,0,58,209
02/13/2021,BUR,CA,AWP,WE,Towers with Radar,39,35,20,0,94,0,0,40,0,40,39,35,60,0,134,20,0,20,154
02/14/2021,BUR,CA,AWP,WE,Towers with Radar,45,44,8,0,97,0,0,40,0,40,45,44,48,0,137,0,0,0,137
02/15/2021,BUR,CA,AWP,WE,Towers with Radar,48,50,36,0,134,0,0,58,0,58,48,50,94,0,192,120,0,120,312
02/16/2021,BUR,CA,AWP,WE,Towers with Radar,51,34,24,2,111,0,0,38,0,38,51,34,62,2,149,238,0,238,387
02/17/2021,BUR,CA,AWP,WE,Towers with Radar,53,41,15,0,109,0,1,40,1,42,53,42,55,1,151,206,0,206,357
02/18/2021,BUR,CA,AWP,WE,Towers with Radar,61,52,34,0,147,0,0,48,0,48,61,52,82,0,195,202,0,202,397
02/19/2021,BUR,CA,AWP,WE,Towers with Radar,53,51,33,0,137,0,1,55,0,56,53,52,88,0,193,4,0,4,197
02/20/2021,BUR,CA,AWP,WE,Towers with Radar,48,22,11,0,81,0,4,31,0,35,48,26,42,0,116,10,0,10,126
02/21/2021,BUR,CA,AWP,WE,Towers with Radar,55,36,34,0,125,0,0,49,2,51,55,36,83,2,176,102,0,102,278
02/22/2021,BUR,CA,AWP,WE,Towers with Radar,56,32,29,2,119,0,2,64,0,66,56,34,93,2,185,178,0,178,363
02/23/2021,BUR,CA,AWP,WE,Towers with Radar,58,38,22,2,120,0,2,64,3,69,58,40,86,5,189,66,0,66,255
02/24/2021,BUR,CA,AWP,WE,Towers with Radar,60,42,32,0,134,0,5,44,1,50,60,47,76,1,184,100,0,100,284
02/25/2021,BUR,CA,AWP,WE,Towers with Radar,62,39,17,0,118,0,2,26,0,28,62,41,43,0,146,86,0,86,232
02/26/2021,BUR,CA,AWP,WE,Towers with Radar,56,40,42,0,138,0,3,52,0,55,56,43,94,0,193,84,0,84,277
02/27/2021,BUR,CA,AWP,WE,Towers with Radar,50,28,15,0,93,0,2,31,0,33,50,30,46,0,126,50,0,50,176
02/28/2021,BUR,CA,AWP,WE,Towers with Radar,53,52,18,1,124,0,4,28,0,32,53,56,46,1,156,52,0,52,208
03/01/2021,BUR,CA,AWP,WE,Towers with Radar,57,49,28,0,134,0,1,50,0,51,57,50,78,0,185,174,0,174,359
03/02/2021,BUR,CA,AWP,WE,Towers with Radar,58,51,39,2,150,0,0,41,0,41,58,51,80,2,191,84,0,84,275
03/03/2021,BUR,CA,AWP,WE,Towers with Radar,58,42,21,0,121,0,1,26,0,27,58,43,47,0,148,104,0,104,252
03/04/2021,BUR,CA,AWP,WE,Towers with Radar,61,60,32,1,154,0,2,42,0,44,61,62,74,1,198,164,0,164,362
03/05/2021,BUR,CA,AWP,WE,Towers with Radar,58,52,46,2,158,0,2,40,1,43,58,54,86,3,201,132,0,132,333
03/06/2021,BUR,CA,AWP,WE,Towers with Radar,52,33,25,0,110,0,3,39,0,42,52,36,64,0,152,70,0,70,222
03/07/2021,BUR,CA,AWP,WE,Towers with Radar,79,44,34,0,157,0,1,32,0,33,79,45,66,0,190,58,0,58,248
03/08/2021,BUR,CA,AWP,WE,Towers with Radar,82,38,17,2,139,0,0,44,0,44,82,38,61,2,183,70,0,70,253
03/09/2021,BUR,CA,AWP,WE,Towers with Radar,59,36,29,0,124,0,0,24,0,24,59,36,53,0,148,122,0,122,270
03/10/2021,BUR,CA,AWP,WE,Towers with Radar,66,38,19,0,123,0,1,9,2,12,66,39,28,2,135,10,0,10,145
03/11/2021,BUR,CA,AWP,WE,Towers with Radar,86,44,29,0,159,0,1,25,0,26,86,45,54,0,185,152,0,152,337
03/12/2021,BUR,CA,AWP,WE,Towers with Radar,81,59,29,0,169,0,1,47,0,48,81,60,76,0,217,94,0,94,311
03/13/2021,BUR,CA,AWP,WE,Towers with Radar,53,35,25,0,113,0,1,72,0,73,53,36,97,0,186,110,0,110,296
03/14/2021,BUR,CA,AWP,WE,Towers with Radar,74,51,26,0,151,0,0,24,0,24,74,51,50,0,175,50,0,50,225
03/15/2021,BUR,CA,AWP,WE,Towers with Radar,71,34,27,4,136,0,0,28,0,28,71,34,55,4,164,26,0,26,190
03/16/2021,BUR,CA,AWP,WE,Towers with Radar,78,54,33,1,166,0,1,58,0,59,78,55,91,1,225,136,0,136,361
03/17/2021,BUR,CA,AWP,WE,Towers with Radar,75,53,24,2,154,0,3,54,3,60,75,56,78,5,214,168,0,168,382
03/18/2021,BUR,CA,AWP,WE,Towers with Radar,78,56,43,0,177,0,1,46,0,47,78,57,89,0,224,122,0,122,346
03/19/2021,BUR,CA,AWP,WE,Towers with Radar,81,53,48,0,182,0,2,62,0,64,81,55,110,0,246,92,0,92,338
03/20/2021,BUR,CA,AWP,WE,Towers with Radar,58,36,26,0,120,0,1,46,0,47,58,37,72,0,167,34,0,34,201
03/21/2021,BUR,CA,AWP,WE,Towers with Radar,79,50,38,0,167,0,0,35,0,35,79,50,73,0,202,114,0,114,316
03/22/2021,BUR,CA,AWP,WE,Towers with Radar,79,51,23,0,153,0,1,47,0,48,79,52,70,0,201,230,0,230,431
03/23/2021,BUR,CA,AWP,WE,Towers with Radar,78,41,20,0,139,0,0,23,0,23,78,41,43,0,162,0,0,0,162
03/24/2021,BUR,CA,AWP,WE,Towers with Radar,79,39,20,2,140,0,3,30,0,33,79,42,50,2,173,84,0,84,257
03/25/2021,BUR,CA,AWP,WE,Towers with Radar,84,56,27,0,167,0,0,30,0,30,84,56,57,0,197,74,0,74,271
03/26/2021,BUR,CA,AWP,WE,Towers with Radar,80,81,34,2,197,0,1,42,0,43,80,82,76,2,240,116,0,116,356
03/27/2021,BUR,CA,AWP,WE,Towers with Radar,60,44,21,0,125,0,0,54,0,54,60,44,75,0,179,104,0,104,283
03/28/2021,BUR,CA,AWP,WE,Towers with Radar,79,53,21,2,155,0,0,37,0,37,79,53,58,2,192,50,0,50,242
03/29/2021,BUR,CA,AWP,WE,Towers with Radar,81,41,28,3,153,0,0,52,1,53,81,41,80,4,206,248,0,248,454
03/30/2021,BUR,CA,AWP,WE,Towers with Radar,80,35,31,0,146,0,1,49,0,50,80,36,80,0,196,90,0,90,286
03/31/2021,BUR,CA,AWP,WE,Towers with Radar,81,37,26,0,144,0,1,55,0,56,81,38,81,0,200,212,0,212,412
04/01/2021,BUR,CA,AWP,WE,Towers with Radar,86,42,34,0,162,0,0,56,0,56,86,42,90,0,218,206,0,206,424
04/02/2021,BUR,CA,AWP,WE,Towers with Radar,84,73,40,0,197,0,4,46,0,50,84,77,86,0,247,32,0,32,279
04/03/2021,BUR,CA,AWP,WE,Towers with Radar,63,46,27,0,136,0,6,39,0,45,63,52,66,0,181,30,0,30,211
04/04/2021,BUR,CA,AWP,WE,Towers with Radar,83,56,17,0,156,0,2,37,0,39,83,58,54,0,195,90,0,90,285
04/05/2021,BUR,CA,AWP,WE,Towers with Radar,81,36,19,0,136,0,1,56,0,57,81,37,75,0,193,198,0,198,391
04/06/2021,BUR,CA,AWP,WE,Towers with Radar,80,36,27,2,145,0,5,21,0,26,80,41,48,2,171,24,0,24,195
04/07/2021,BUR,CA,AWP,WE,Towers with Radar,89,34,36,2,161,0,2,46,0,48,89,36,82,2,209,128,0,128,337
04/08/2021,BUR,CA,AWP,WE,Towers with Radar,84,59,28,0,171,0,2,34,0,36,84,61,62,0,207,108,0,108,315
04/09/2021,BUR,CA,AWP,WE,Towers with Radar,83,56,27,0,166,0,3,53,0,56,83,59,80,0,222,84,0,84,306
04/10/2021,BUR,CA,AWP,WE,Towers with Radar,62,35,32,0,129,0,2,42,0,44,62,37,74,0,173,72,0,72,245
04/11/2021,BUR,CA,AWP,WE,Towers with Radar,82,55,29,0,166,0,0,55,0,55,82,55,84,0,221,112,0,112,333
04/12/2021,BUR,CA,AWP,WE,Towers with Radar,65,53,28,0,146,0,7,46,0,53,65,60,74,0,199,146,0,146,345
04/13/2021,BUR,CA,AWP,WE,Towers with Radar,65,53,36,0,154,0,1,22,1,24,65,54,58,1,178,168,0,168,346
04/14/2021,BUR,CA,AWP,WE,Towers with Radar,64,49,35,0,148,0,2,46,1,49,64,51,81,1,197,156,0,156,353
04/15/2021,BUR,CA,AWP,WE,Towers with Radar,70,56,42,0,168,0,2,64,0,66,70,58,106,0,234,54,0,54,288
04/16/2021,BUR,CA,AWP,WE,Towers with Radar,64,56,31,4,155,0,0,53,3,56,64,56,84,7,211,58,0,58,269
04/17/2021,BUR,CA,AWP,WE,Towers with Radar,58,29,14,0,101,0,3,47,0,50,58,32,61,0,151,74,0,74,225
04/18/2021,BUR,CA,AWP,WE,Towers with Radar,64,47,18,0,129,0,0,33,0,33,64,47,51,0,162,10,0,10,172
04/19/2021,BUR,CA,AWP,WE,Towers with Radar,62,37,24,0,123,0,0,59,2,61,62,37,83,2,184,180,0,180,364
04/20/2021,BUR,CA,AWP,WE,Towers with Radar,64,38,28,3,133,0,1,49,0,50,64,39,77,3,183,134,0,134,317
04/21/2021,BUR,CA,AWP,WE,Towers with Radar,66,39,30,1,136,0,1,51,1,53,66,40,81,2,189,134,0,134,323
04/22/2021,BUR,CA,AWP,WE,Towers with Radar,75,57,42,0,174,0,0,35,0,35,75,57,77,0,209,144,0,144,353
04/23/2021,BUR,CA,AWP,WE,Towers with Radar,72,49,27,0,148,0,5,50,1,56,72,54,77,1,204,72,0,72,276
04/24/2021,BUR,CA,AWP,WE,Towers with Radar,65,37,15,2,119,0,1,32,0,33,65,38,47,2,152,104,0,104,256
04/25/2021,BUR,CA,AWP,WE,Towers with Radar,73,51,31,2,157,0,1,48,0,49,73,52,79,2,206,146,0,146,352
04/26/2021,BUR,CA,AWP,WE,Towers with Radar,71,42,31,0,144,0,0,45,0,45,71,42,76,0,189,228,0,228,417
04/27/2021,BUR,CA,AWP,WE,Towers with Radar,69,49,26,3,147,0,0,36,0,36,69,49,62,3,183,92,0,92,275
04/28/2021,BUR,CA,AWP,WE,Towers with Radar,71,52,32,4,159,0,3,48,1,52,71,55,80,5,211,126,0,126,337
04/29/2021,BUR,CA,AWP,WE,Towers with Radar,74,47,33,1,155,0,2,52,0,54,74,49,85,1,209,162,0,162,371
04/30/2021,BUR,CA,AWP,WE,Towers with Radar,74,62,27,1,164,0,2,60,2,64,74,64,87,3,228,110,0,110,338
05/01/2021,BUR,CA,AWP,WE,Towers with Radar,66,41,24,0,131,0,0,51,0,51,66,41,75,0,182,86,0,86,268
05/02/2021,BUR,CA,AWP,WE,Towers with Radar,71,58,32,0,161,0,2,52,1,55,71,60,84,1,216,88,0,88,304
05/03/2021,BUR,CA,AWP,WE,Towers with Radar,71,47,36,0,154,0,3,29,1,33,71,50,65,1,187,90,0,90,277
05/04/2021,BUR,CA,AWP,WE,Towers with Radar,74,36,29,0,139,0,0,66,0,66,74,36,95,0,205,228,0,228,433
05/05/2021,BUR,CA,AWP,WE,Towers with Radar,73,36,38,0,147,0,2,50,1,53,73,38,88,1,200,92,0,92,292
05/06/2021,BUR,CA,AWP,WE,Towers with Radar,81,44,28,1,154,0,2,56,0,58,81,46,84,1,212,98,0,98,310
05/07/2021,BUR,CA,AWP,WE,Towers with Radar,80,53,33,2,168,0,0,40,0,40,80,53,73,2,208,128,0,128,336
05/08/2021,BUR,CA,AWP,WE,Towers with Radar,77,39,19,1,136,0,1,51,0,52,77,40,70,1,188,62,0,62,250
05/09/2021,BUR,CA,AWP,WE,Towers with Radar,95,52,27,1,175,0,2,43,0,45,95,54,70,1,220,34,0,34,254
05/10/2021,BUR,CA,AWP,WE,Towers with Radar,95,43,33,0,171,0,1,48,0,49,95,44,81,0,220,184,0,184,404
05/11/2021,BUR,CA,AWP,WE,Towers with Radar,78,44,34,0,156,0,3,45,2,50,78,47,79,2,206,120,0,120,326
05/12/2021,BUR,CA,AWP,WE,Towers with Radar,80,43,50,0,173,0,0,56,2,58,80,43,106,2,231,278,0,278,509
05/13/2021,BUR,CA,AWP,WE,Towers with Radar,100,51,34,4,189,0,0,44,0,44,100,51,78,4,233,184,0,184,417
05/14/2021,BUR,CA,AWP,WE,Towers with Radar,98,60,43,5,206,0,1,46,0,47,98,61,89,5,253,102,0,102,355
05/15/2021,BUR,CA,AWP,WE,Towers with Radar,76,56,38,5,175,0,2,51,4,57,76,58,89,9,232,90,0,90,322
05/16/2021,BUR,CA,AWP,WE,Towers with Radar,96,57,48,1,202,0,2,35,0,37,96,59,83,1,239,50,0,50,289
05/17/2021,BUR,CA,AWP,WE,Towers with Radar,91,47,35,0,173,0,3,24,1,28,91,50,59,1,201,60,0,60,261
05/18/2021,BUR,CA,AWP,WE,Towers with Radar,82,48,34,0,164,0,0,60,0,60,82,48,94,0,224,113,0,113,337
05/19/2021,BUR,CA,AWP,WE,Towers with Radar,85,47,54,0,186,0,6,61,1,68,85,53,115,1,254,172,0,172,426
05/20/2021,BUR,CA,AWP,WE,Towers with Radar,103,56,36,0,195,0,2,51,0,53,103,58,87,0,248,206,0,206,454
05/21/2021,BUR,CA,AWP,WE,Towers with Radar,103,51,25,0,179,0,0,40,0,40,103,51,65,0,219,10,0,10,229
05/22/2021,BUR,CA,AWP,WE,Towers with Radar,80,37,23,0,140,0,0,45,0,45,80,37,68,0,185,34,0,34,219
05/23/2021,BUR,CA,AWP,WE,Towers with Radar,97,54,33,1,185,0,0,49,0,49,97,54,82,1,234,58,0,58,292
05/24/2021,BUR,CA,AWP,WE,Towers with Radar,104,52,36,1,193,0,3,53,0,56,104,55,89,1,249,114,0,114,363
05/25/2021,BUR,CA,AWP,WE,Towers with Radar,83,42,33,0,158,0,4,51,1,56,83,46,84,1,214,98,0,98,312
05/26/2021,BUR,CA,AWP,WE,Towers with Radar,84,61,33,1,179,0,2,62,1,65,84,63,95,2,244,146,0,146,390
05/27/2021,BUR,CA,AWP,WE,Towers with Radar,104,54,39,0,197,0,0,43,0,43,104,54,82,0,240,76,0,76,316
05/28/2021,BUR,CA,AWP,WE,Towers with Radar,101,62,53,0,216,0,2,79,0,81,101,64,132,0,297,144,0,144,441
05/29/2021,BUR,CA,AWP,WE,Towers with Radar,79,34,32,0,145,0,1,50,0,51,79,35,82,0,196,106,0,106,302
05/30/2021,BUR,CA,AWP,WE,Towers with Radar,96,52,16,1,165,0,2,47,0,49,96,54,63,1,214,62,0,62,276
05/31/2021,BUR,CA,AWP,WE,Towers with Radar,97,61,37,0,195,0,3,53,3,59,97,64,90,3,254,64,0,64,318
06/01/2021,BUR,CA,AWP,WE,Towers with Radar,97,61,50,0,208,0,1,55,2,58,97,62,105,2,266,204,0,204,470
06/02/2021,BUR,CA,AWP,WE,Towers with Radar,104,56,54,0,214,0,1,66,0,67,104,57,120,0,281,120,0,120,401
06/03/2021,BUR,CA,AWP,WE,Towers with Radar,107,63,45,0,215,0,2,46,2,50,107,65,91,2,265,240,0,240,505
06/04/2021,BUR,CA,AWP,WE,Towers with Radar,105,56,50,0,211,0,6,56,3,65,105,62,106,3,276,154,0,154,430
06/05/2021,BUR,CA,AWP,WE,Towers with Radar,80,33,28,0,141,0,2,48,0,50,80,35,76,0,191,38,0,38,229
06/06/2021,BUR,CA,AWP,WE,Towers with Radar,129,44,51,1,225,0,0,56,2,58,129,44,107,3,283,112,0,112,395
06/07/2021,BUR,CA,AWP,WE,Towers with Radar,122,41,42,1,206,0,2,23,2,27,122,43,65,3,233,26,0,26,259
06/08/2021,BUR,CA,AWP,WE,Towers with Radar,125,59,34,0,218,0,1,53,2,56,125,60,87,2,274,136,0,136,410
06/09/2021,BUR,CA,AWP,WE,Towers with Radar,126,48,42,0,216,0,2,50,2,54,126,50,92,2,270,106,0,106,376
06/10/2021,BUR,CA,AWP,WE,Towers with Radar,140,57,34,0,231,0,3,58,2,63,140,60,92,2,294,110,0,110,404
06/11/2021,BUR,CA,AWP,WE,Towers with Radar,134,61,44,0,239,0,2,51,3,56,134,63,95,3,295,2,0,2,297
06/12/2021,BUR,CA,AWP,WE,Towers with Radar,88,37,19,2,146,0,3,65,2,70,88,40,84,4,216,114,0,114,330
06/13/2021,BUR,CA,AWP,WE,Towers with Radar,132,59,45,0,236,0,0,78,2,80,132,59,123,2,316,56,0,56,372
06/14/2021,BUR,CA,AWP,WE,Towers with Radar,125,42,48,0,215,0,2,52,0,54,125,44,100,0,269,90,0,90,359
06/15/2021,BUR,CA,AWP,WE,Towers with Radar,120,46,56,2,224,0,0,60,2,62,120,46,116,4,286,94,0,94,380
06/16/2021,BUR,CA,AWP,WE,Towers with Radar,121,54,39,0,214,0,0,55,2,57,121,54,94,2,271,98,0,98,369
06/17/2021,BUR,CA,AWP,WE,Towers with Radar,138,68,44,2,252,0,3,72,0,75,138,71,116,2,327,160,0,160,487
06/18/2021,BUR,CA,AWP,WE,Towers with Radar,130,68,14,0,212,0,3,48,2,53,130,71,62,2,265,0,0,0,265
06/19/2021,BUR,CA,AWP,WE,Towers with Radar,86,52,19,1,158,0,0,38,4,42,86,52,57,5,200,68,0,68,268
06/20/2021,BUR,CA,AWP,WE,Towers with Radar,128,65,35,2,230,0,2,49,0,51,128,67,84,2,281,20,0,20,301
06/21/2021,BUR,CA,AWP,WE,Towers with Radar,130,60,50,2,242,0,1,40,2,43,130,61,90,4,285,118,0,118,403
06/22/2021,BUR,CA,AWP,WE,Towers with Radar,126,60,33,1,220,0,4,56,2,62,126,64,89,3,282,150,0,150,432
06/23/2021,BUR,CA,AWP,WE,Towers with Radar,125,60,43,0,228,0,2,55,1,58,125,62,98,1,286,172,0,172,458
06/24/2021,BUR,CA,AWP,WE,Towers with Radar,131,64,40,0,235,0,5,52,0,57,131,69,92,0,292,149,0,149,441
06/25/2021,BUR,CA,AWP,WE,Towers with Radar,127,56,38,0,221,0,4,67,1,72,127,60,105,1,293,64,0,64,357
06/26/2021,BUR,CA,AWP,WE,Towers with Radar,84,49,30,0,163,0,0,68,0,68,84,49,98,0,231,38,0,38,269
06/27/2021,BUR,CA,AWP,WE,Towers with Radar,132,52,33,0,217,0,0,44,0,44,132,52,77,0,261,0,0,0,261
06/28/2021,BUR,CA,AWP,WE,Towers with Radar,127,47,31,0,205,1,2,51,0,54,128,49,82,0,259,66,0,66,325
06/29/2021,BUR,CA,AWP,WE,Towers with Radar,122,54,34,0,210,0,3,49,1,53,122,57,83,1,263,92,0,92,355
06/30/2021,BUR,CA,AWP,WE,Towers with Radar,127,61,29,0,217,0,1,67,0,68,127,62,96,0,285,102,0,102,387
07/01/2021,BUR,CA,AWP,WE,Towers with Radar,136,69,44,0,249,0,5,75,0,80,136,74,119,0,329,254,0,254,583
07/02/2021,BUR,CA,AWP,WE,Towers with Radar,131,65,44,0,240,0,4,61,2,67,131,69,105,2,307,212,0,212,519
07/03/2021,BUR,CA,AWP,WE,Towers with Radar,82,46,25,0,153,0,5,40,0,45,82,51,65,0,198,20,0,20,218
07/04/2021,BUR,CA,AWP,WE,Towers with Radar,125,38,15,0,178,0,2,46,1,49,125,40,61,1,227,58,0,58,285
07/05/2021,BUR,CA,AWP,WE,Towers with Radar,130,61,42,0,233,0,2,42,1,45,130,63,84,1,278,112,0,112,390
07/06/2021,BUR,CA,AWP,WE,Towers with Radar,119,55,30,0,204,0,3,45,1,49,119,58,75,1,253,66,0,66,319
07/07/2021,BUR,CA,AWP,WE,Towers with Radar,122,43,43,0,208,0,1,62,1,64,122,44,105,1,272,336,0,336,608
07/08/2021,BUR,CA,AWP,WE,Towers with Radar,135,63,27,0,225,0,4,30,0,34,135,67,57,0,259,82,0,82,341
07/09/2021,BUR,CA,AWP,WE,Towers with Radar,126,68,45,0,239,0,4,57,0,61,126,72,102,0,300,82,0,82,382
07/10/2021,BUR,CA,AWP,WE,Towers with Radar,92,45,38,0,175,0,4,51,0,55,92,49,89,0,230,24,0,24,254
07/11/2021,BUR,CA,AWP,WE,Towers with Radar,137,59,38,0,234,0,7,37,0,44,137,66,75,0,278,136,0,136,414
07/12/2021,BUR,CA,AWP,WE,Towers with Radar,145,59,41,0,245,0,3,39,1,43,145,62,80,1,288,132,0,132,420
07/13/2021,BUR,CA,AWP,WE,Towers with Radar,132,51,38,0,221,0,1,52,0,53,132,52,90,0,274,22,0,22,296
07/14/2021,BUR,CA,AWP,WE,Towers with Radar,128,53,41,0,222,0,3,59,2,64,128,56,100,2,286,138,0,138,424
07/15/2021,BUR,CA,AWP,WE,Towers with Radar,164,60,28,1,253,0,1,48,2,51,164,61,76,3,304,90,0,90,394
07/16/2021,BUR,CA,AWP,WE,Towers with Radar,154,71,44,0,269,0,1,47,0,48,154,72,91,0,317,46,0,46,363
07/17/2021,BUR,CA,AWP,WE,Towers with Radar,116,50,20,0,186,0,0,53,0,53,116,50,73,0,239,60,0,60,299
07/18/2021,BUR,CA,AWP,WE,Towers with Radar,143,45,28,0,216,0,4,34,0,38,143,49,62,0,254,46,0,46,300
07/19/2021,BUR,CA,AWP,WE,Towers with Radar,152,62,40,0,254,0,0,37,0,37,152,62,77,0,291,64,0,64,355
07/20/2021,BUR,CA,AWP,WE,Towers with Radar,141,54,42,0,237,0,6,59,0,65,141,60,101,0,302,22,0,22,324
07/21/2021,BUR,CA,AWP,WE,Towers with Radar,148,58,48,0,254,0,5,66,0,71,148,63,114,0,325,136,0,136,461
07/22/2021,BUR,CA,AWP,WE,Towers with Radar,155,72,44,1,272,0,7,57,2,66,155,79,101,3,338,60,0,60,398
07/23/2021,BUR,CA,AWP,WE,Towers with Radar,156,69,30,1,256,0,2,67,2,71,156,71,97,3,327,90,0,90,417
07/24/2021,BUR,CA,AWP,WE,Towers with Radar,119,46,24,2,191,0,2,34,0,36,119,48,58,2,227,106,0,106,333
07/25/2021,BUR,CA,AWP,WE,Towers with Radar,141,50,44,2,237,0,2,50,0,52,141,52,94,2,289,14,0,14,303
07/26/2021,BUR,CA,AWP,WE,Towers with Radar,157,56,43,1,257,0,1,25,3,29,157,57,68,4,286,2,0,2,288
07/27/2021,BUR,CA,AWP,WE,Towers with Radar,143,52,49,1,245,0,2,48,0,50,143,54,97,1,295,170,0,170,465
07/28/2021,BUR,CA,AWP,WE,Towers with Radar,139,56,28,0,223,0,2,57,0,59,139,58,85,0,282,68,0,68,350
07/29/2021,BUR,CA,AWP,WE,Towers with Radar,156,56,48,0,260,0,3,52,0,55,156,59,100,0,315,86,0,86,401
07/30/2021,BUR,CA,AWP,WE,Towers with Radar,155,60,35,0,250,0,0,61,4,65,155,60,96,4,315,66,0,66,381
07/31/2021,BUR,CA,AWP,WE,Towers with Radar,115,38,26,0,179,0,0,48,0,48,115,38,74,0,227,94,0,94,321
08/01/2021,BUR,CA,AWP,WE,Towers with Radar,140,62,41,0,243,0,0,57,0,57,140,62,98,0,300,36,0,36,336
08/02/2021,BUR,CA,AWP,WE,Towers with Radar,146,53,40,1,240,0,0,44,1,45,146,53,84,2,285,82,0,82,367
08/03/2021,BUR,CA,AWP,WE,Towers with Radar,137,47,37,1,222,0,2,42,4,48,137,49,79,5,270,66,0,66,336
08/04/2021,BUR,CA,AWP,WE,Towers with Radar,136,50,52,0,238,0,2,56,0,58,136,52,108,0,296,76,0,76,372
08/05/2021,BUR,CA,AWP,WE,Towers with Radar,151,68,40,0,259,0,3,62,0,65,151,71,102,0,324,122,0,122,446
08/06/2021,BUR,CA,AWP,WE,Towers with Radar,152,65,33,0,250,0,0,56,0,56,152,65,89,0,306,20,0,20,326
08/07/2021,BUR,CA,AWP,WE,Towers with Radar,114,56,26,0,196,0,2,46,0,48,114,58,72,0,244,86,0,86,330
08/08/2021,BUR,CA,AWP,WE,Towers with Radar,141,59,37,0,237,0,3,47,0,50,141,62,84,0,287,18,0,18,305
08/09/2021,BUR,CA,AWP,WE,Towers with Radar,148,61,44,2,255,0,8,29,0,37,148,69,73,2,292,49,0,49,341
08/10/2021,BUR,CA,AWP,WE,Towers with Radar,139,47,34,0,220,0,3,41,0,44,139,50,75,0,264,60,0,60,324
08/11/2021,BUR,CA,AWP,WE,Towers with Radar,138,51,40,1,230,0,8,50,2,60,138,59,90,3,290,78,0,78,368
08/12/2021,BUR,CA,AWP,WE,Towers with Radar,159,74,47,0,280,0,3,65,3,71,159,77,112,3,351,140,0,140,491
08/13/2021,BUR,CA,AWP,WE,Towers with Radar,157,64,38,0,259,0,3,45,0,48,157,67,83,0,307,40,0,40,347
08/14/2021,BUR,CA,AWP,WE,Towers with Radar,112,42,29,2,185,0,1,40,0,41,112,43,69,2,226,8,0,8,234
08/15/2021,BUR,CA,AWP,WE,Towers with Radar,135,53,45,0,233,0,2,41,0,43,135,55,86,0,276,118,0,118,394
08/16/2021,BUR,CA,AWP,WE,Towers with Radar,145,47,25,0,217,0,2,30,2,34,145,49,55,2,251,38,0,38,289
08/17/2021,BUR,CA,AWP,WE,Towers with Radar,134,61,27,0,222,0,3,44,0,47,134,64,71,0,269,66,0,66,335
08/18/2021,BUR,CA,AWP,WE,Towers with Radar,131,61,29,0,221,0,1,28,4,33,131,62,57,4,254,143,0,143,397
08/19/2021,BUR,CA,AWP,WE,Towers with Radar,152,70,39,0,261,0,9,48,1,58,152,79,87,1,319,96,0,96,415
08/20/2021,BUR,CA,AWP,WE,Towers with Radar,139,47,33,0,219,0,6,39,1,46,139,53,72,1,265,32,0,32,297
08/21/2021,BUR,CA,AWP,WE,Towers with Radar,109,45,38,0,192,0,3,28,1,32,109,48,66,1,224,82,0,82,306
08/22/2021,BUR,CA,AWP,WE,Towers with Radar,138,62,39,0,239,0,2,50,0,52,138,64,89,0,291,196,0,196,487
08/23/2021,BUR,CA,AWP,WE,Towers with Radar,149,54,32,0,235,0,7,29,0,36,149,61,61,0,271,162,0,162,433
08/24/2021,BUR,CA,AWP,WE,Towers with Radar,139,59,31,0,229,0,4,36,0,40,139,63,67,0,269,128,0,128,397
08/25/2021,BUR,CA,AWP,WE,Towers with Radar,129,73,35,2,239,0,3,54,0,57,129,76,89,2,296,232,0,232,528
08/26/2021,BUR,CA,AWP,WE,Towers with Radar,151,66,45,0,262,0,3,40,0,43,151,69,85,0,305,194,0,194,499
08/27/2021,BUR,CA,AWP,WE,Towers with Radar,144,77,43,0,264,0,1,47,0,48,144,78,90,0,312,170,0,170,482
08/28/2021,BUR,CA,AWP,WE,Towers with Radar,112,40,28,0,180,0,4,43,0,47,112,44,71,0,227,54,0,54,281
08/29/2021,BUR,CA,AWP,WE,Towers with Radar,138,65,61,0,264,0,0,60,0,60,138,65,121,0,324,182,0,182,506
08/30/2021,BUR,CA,AWP,WE,Towers with Radar,142,69,52,2,265,0,2,57,1,60,142,71,109,3,325,182,0,182,507
08/31/2021,BUR,CA,AWP,WE,Towers with Radar,132,61,43,0,236,0,4,49,4,57,132,65,92,4,293,190,0,190,483
09/01/2021,BUR,CA,AWP,WE,Towers with Radar,129,55,32,0,216,0,5,35,0,40,129,60,67,0,256,282,0,282,538
09/02/2021,BUR,CA,AWP,WE,Towers with Radar,164,71,51,2,288,0,2,50,0,52,164,73,101,2,340,244,0,244,584
09/03/2021,BUR,CA,AWP,WE,Towers with Radar,161,71,42,1,275,0,4,68,0,72,161,75,110,1,347,142,0,142,489
09/04/2021,BUR,CA,AWP,WE,Towers with Radar,115,47,48,0,210,0,5,60,0,65,115,52,108,0,275,66,0,66,341
09/05/2021,BUR,CA,AWP,WE,Towers with Radar,146,42,37,2,227,0,1,38,0,39,146,43,75,2,266,78,0,78,344
09/06/2021,BUR,CA,AWP,WE,Towers with Radar,148,61,50,0,259,0,1,43,0,44,148,62,93,0,303,50,0,50,353
09/07/2021,BUR,CA,AWP,WE,Towers with Radar,152,54,39,0,245,0,1,43,0,44,152,55,82,0,289,54,0,54,343
09/08/2021,BUR,CA,AWP,WE,Towers with Radar,159,62,38,2,261,0,4,47,0,51,159,66,85,2,312,82,0,82,394
09/09/2021,BUR,CA,AWP,WE,Towers with Radar,159,67,39,0,265,0,2,36,1,39,159,69,75,1,304,72,0,72,376
09/10/2021,BUR,CA,AWP,WE,Towers with Radar,178,79,36,1,294,0,7,54,0,61,178,86,90,1,355,114,0,114,469
09/11/2021,BUR,CA,AWP,WE,Towers with Radar,138,56,23,1,218,0,3,47,2,52,138,59,70,3,270,14,0,14,284
09/12/2021,BUR,CA,AWP,WE,Towers with Radar,162,68,31,0,261,0,0,31,0,31,162,68,62,0,292,52,0,52,344
09/13/2021,BUR,CA,AWP,WE,Towers with Radar,164,70,46,1,281,0,1,48,1,50,164,71,94,2,331,0,0,0,331
09/14/2021,BUR,CA,AWP,WE,Towers with Radar,160,71,33,0,264,0,1,42,0,43,160,72,75,0,307,104,0,104,411
09/15/2021,BUR,CA,AWP,WE,Towers with Radar,162,77,39,0,278,0,0,44,0,44,162,77,83,0,322,38,0,38,360
09/16/2021,BUR,CA,AWP,WE,Towers with Radar,176,76,31,4,287,0,2,33,2,37,176,78,64,6,324,32,0,32,356
09/17/2021,BUR,CA,AWP,WE,Towers with Radar,179,85,56,5,325,0,3,51,1,55,179,88,107,6,380,60,0,60,440
09/18/2021,BUR,CA,AWP,WE,Towers with Radar,132,44,35,0,211,0,4,55,0,59,132,48,90,0,270,0,0,0,270
09/19/2021,BUR,CA,AWP,WE,Towers with Radar,162,71,54,0,287,0,2,44,0,46,162,73,98,0,333,68,0,68,401
09/20/2021,BUR,CA,AWP,WE,Towers with Radar,177,62,42,0,281,0,2,42,1,45,177,64,84,1,326,68,0,68,394
09/21/2021,BUR,CA,AWP,WE,Towers with Radar,156,58,35,1,250,0,3,34,0,37,156,61,69,1,287,42,0,42,329
09/22/2021,BUR,CA,AWP,WE,Towers with Radar,151,52,53,0,256,1,5,52,0,58,152,57,105,0,314,72,0,72,386
09/23/2021,BUR,CA,AWP,WE,Towers with Radar,173,73,45,2,293,0,7,64,1,72,173,80,109,3,365,66,0,66,431
09/24/2021,BUR,CA,AWP,WE,Towers with Radar,181,81,51,0,313,0,2,38,0,40,181,83,89,0,353,48,0,48,401
09/25/2021,BUR,CA,AWP,WE,Towers with Radar,127,52,37,0,216,0,2,61,0,63,127,54,98,0,279,40,0,40,319
09/26/2021,BUR,CA,AWP,WE,Towers with Radar,163,62,36,0,261,0,2,14,0,16,163,64,50,0,277,70,0,70,347
09/27/2021,BUR,CA,AWP,WE,Towers with Radar,176,74,27,0,277,0,3,20,0,23,176,77,47,0,300,30,0,30,330
09/28/2021,BUR,CA,AWP,WE,Towers with Radar,155,59,25,0,239,0,3,27,0,30,155,62,52,0,269,68,0,68,337
09/29/2021,BUR,CA,AWP,WE,Towers with Radar,158,60,58,0,276,0,2,52,0,54,158,62,110,0,330,28,0,28,358
09/30/2021,BUR,CA,AWP,WE,Towers with Radar,181,69,38,0,288,0,4,49,0,53,181,73,87,0,341,54,0,54,395
10/01/2021,BUR,CA,AWP,WE,Towers with Radar,178,68,43,0,289,0,1,55,0,56,178,69,98,0,345,80,0,80,425
10/02/2021,BUR,CA,AWP,WE,Towers with Radar,134,47,39,0,220,0,5,52,0,57,134,52,91,0,277,142,0,142,419
10/03/2021,BUR,CA,AWP,WE,Towers with Radar,166,66,40,0,272,0,6,27,0,33,166,72,67,0,305,18,0,18,323
10/04/2021,BUR,CA,AWP,WE,Towers with Radar,175,70,55,2,302,0,4,35,1,40,175,74,90,3,342,56,0,56,398
10/05/2021,BUR,CA,AWP,WE,Towers with Radar,156,51,30,0,237,0,5,46,1,52,156,56,76,1,289,182,0,182,471
10/06/2021,BUR,CA,AWP,WE,Towers with Radar,148,60,41,0,249,0,5,58,0,63,148,65,99,0,312,92,0,92,404
10/07/2021,BUR,CA,AWP,WE,Towers with Radar,196,79,49,2,326,0,2,37,0,39,196,81,86,2,365,70,0,70,435
10/08/2021,BUR,CA,AWP,WE,Towers with Radar,195,78,52,0,325,0,3,42,1,46,195,81,94,1,371,46,0,46,417
10/09/2021,BUR,CA,AWP,WE,Towers with Radar,111,50,24,0,185,0,8,37,1,46,111,58,61,1,231,68,0,68,299
10/10/2021,BUR,CA,AWP,WE,Towers with Radar,139,70,35,0,244,0,0,55,0,55,139,70,90,0,299,76,0,76,375
10/11/2021,BUR,CA,AWP,WE,Towers with Radar,153,70,50,1,274,0,5,36,0,41,153,75,86,1,315,98,0,98,413
10/12/2021,BUR,CA,AWP,WE,Towers with Radar,161,64,39,1,265,0,1,50,0,51,161,65,89,1,316,88,0,88,404
10/13/2021,BUR,CA,AWP,WE,Towers with Radar,169,64,47,1,281,0,3,43,0,46,169,67,90,1,327,14,0,14,341
10/14/2021,BUR,CA,AWP,WE,Towers with Radar,183,77,69,1,330,0,6,51,0,57,183,83,120,1,387,76,0,76,463
10/15/2021,BUR,CA,AWP,WE,Towers with Radar,188,76,37,0,301,0,1,65,0,66,188,77,102,0,367,162,0,162,529
10/16/2021,BUR,CA,AWP,WE,Towers with Radar,129,56,33,0,218,0,7,58,1,66,129,63,91,1,284,24,0,24,308
10/17/2021,BUR,CA,AWP,WE,Towers with Radar,161,64,42,0,267,0,0,59,0,59,161,64,101,0,326,58,0,58,384
10/18/2021,BUR,CA,AWP,WE,Towers with Radar,187,71,30,0,288,0,1,23,0,24,187,72,53,0,312,48,0,48,360
10/19/2021,BUR,CA,AWP,WE,Towers with Radar,169,68,46,0,283,0,1,54,0,55,169,69,100,0,338,43,0,43,381
10/20/2021,BUR,CA,AWP,WE,Towers with Radar,171,72,48,0,291,0,4,47,0,51,171,76,95,0,342,16,0,16,358
10/21/2021,BUR,CA,AWP,WE,Towers with Radar,182,65,47,1,295,0,4,42,1,47,182,69,89,2,342,88,0,88,430
10/22/2021,BUR,CA,AWP,WE,Towers with Radar,156,62,59,0,277,0,3,56,0,59,156,65,115,0,336,76,0,76,412
10/23/2021,BUR,CA,AWP,WE,Towers with Radar,129,60,28,0,217,0,0,39,0,39,129,60,67,0,256,158,0,158,414
10/24/2021,BUR,CA,AWP,WE,Towers with Radar,152,69,48,0,269,0,1,47,0,48,152,70,95,0,317,14,0,14,331
10/25/2021,BUR,CA,AWP,WE,Towers with Radar,144,73,38,0,255,0,1,7,0,8,144,74,45,0,263,0,0,0,263
10/26/2021,BUR,CA,AWP,WE,Towers with Radar,169,72,32,0,273,0,7,45,0,52,169,79,77,0,325,26,0,26,351
10/27/2021,BUR,CA,AWP,WE,Towers with Radar,177,59,36,0,272,0,2,52,0,54,177,61,88,0,326,106,0,106,432
10/28/2021,BUR,CA,AWP,WE,Towers with Radar,195,73,47,0,315,0,4,72,0,76,195,77,119,0,391,152,0,152,543
10/29/2021,BUR,CA,AWP,WE,Towers with Radar,183,69,38,0,290,0,4,56,4,64,183,73,94,4,354,102,0,102,456
10/30/2021,BUR,CA,AWP,WE,Towers with Radar,123,56,34,0,213,0,3,38,3,44,123,59,72,3,257,122,0,122,379
10/31/2021,BUR,CA,AWP,WE,Towers with Radar,151,64,31,1,247,0,2,25,0,27,151,66,56,1,274,92,0,92,366
11/01/2021,BUR,CA,AWP,WE,Towers with Radar,187,58,39,0,284,0,1,33,1,35,187,59,72,1,319,118,0,118,437
11/02/2021,BUR,CA,AWP,WE,Towers with Radar,166,60,37,0,263,0,2,34,0,36,166,62,71,0,299,102,0,102,401
11/03/2021,BUR,CA,AWP,WE,Towers with Radar,164,47,39,0,250,0,3,72,0,75,164,50,111,0,325,156,0,156,481
11/04/2021,BUR,CA,AWP,WE,Towers with Radar,175,80,53,0,308,0,5,37,1,43,175,85,90,1,351,32,0,32,383
11/05/2021,BUR,CA,AWP,WE,Towers with Radar,180,86,54,0,320,0,5,54,0,59,180,91,108,0,379,94,0,94,473
11/06/2021,BUR,CA,AWP,WE,Towers with Radar,113,60,41,0,214,0,0,25,0,25,113,60,66,0,239,114,0,114,353
11/07/2021,BUR,CA,AWP,WE,Towers with Radar,165,62,59,0,286,0,1,41,0,42,165,63,100,0,328,66,0,66,394
11/08/2021,BUR,CA,AWP,WE,Towers with Radar,178,63,40,0,281,0,4,38,3,45,178,67,78,3,326,100,0,100,426
11/09/2021,BUR,CA,AWP,WE,Towers with Radar,155,57,50,0,262,0,0,39,0,39,155,57,89,0,301,78,0,78,379
11/10/2021,BUR,CA,AWP,WE,Towers with Radar,160,58,48,2,268,0,1,43,0,44,160,59,91,2,312,76,0,76,388
11/11/2021,BUR,CA,AWP,WE,Towers with Radar,189,67,53,0,309,0,5,54,1,60,189,72,107,1,369,122,0,122,491
11/12/2021,BUR,CA,AWP,WE,Towers with Radar,192,80,55,0,327,0,2,46,0,48,192,82,101,0,375,216,0,216,591
11/13/2021,BUR,CA,AWP,WE,Towers with Radar,118,49,27,0,194,0,0,55,0,55,118,49,82,0,249,124,0,124,373
11/14/2021,BUR,CA,AWP,WE,Towers with Radar,165,66,53,0,284,0,5,50,0,55,165,71,103,0,339,110,0,110,449
11/15/2021,BUR,CA,AWP,WE,Towers with Radar,194,58,40,0,292,0,5,48,1,54,194,63,88,1,346,22,0,22,368
11/16/2021,BUR,CA,AWP,WE,Towers with Radar,150,55,39,1,245,0,0,46,3,49,150,55,85,4,294,114,0,114,408
11/17/2021,BUR,CA,AWP,WE,Towers with Radar,160,69,47,0,276,0,1,59,1,61,160,70,106,1,337,158,0,158,495
11/18/2021,BUR,CA,AWP,WE,Towers with Radar,196,80,65,1,342,0,1,50,2,53,196,81,115,3,395,84,0,84,479
11/19/2021,BUR,CA,AWP,WE,Towers with Radar,172,70,56,1,299,0,3,33,0,36,172,73,89,1,335,36,0,36,371
11/20/2021,BUR,CA,AWP,WE,Towers with Radar,123,52,32,0,207,0,2,34,0,36,123,54,66,0,243,96,0,96,339
11/21/2021,BUR,CA,AWP,WE,Towers with Radar,170,54,41,1,266,0,6,35,1,42,170,60,76,2,308,34,0,34,342
11/22/2021,BUR,CA,AWP,WE,Towers with Radar,198,70,48,0,316,0,0,60,0,60,198,70,108,0,376,48,0,48,424
11/23/2021,BUR,CA,AWP,WE,Towers with Radar,168,74,51,2,295,0,0,44,0,44,168,74,95,2,339,68,0,68,407
11/24/2021,BUR,CA,AWP,WE,Towers with Radar,178,79,25,2,284,0,2,57,0,59,178,81,82,2,343,141,0,141,484
11/25/2021,BUR,CA,AWP,WE,Towers with Radar,149,32,5,0,186,0,2,8,0,10,149,34,13,0,196,0,0,0,196
11/26/2021,BUR,CA,AWP,WE,Towers with Radar,166,60,29,0,255,0,3,49,0,52,166,63,78,0,307,12,0,12,319
11/27/2021,BUR,CA,AWP,WE,Towers with Radar,130,55,44,1,230,0,1,53,0,54,130,56,97,1,284,104,0,104,388
11/28/2021,BUR,CA,AWP,WE,Towers with Radar,173,72,47,0,292,0,1,50,0,51,173,73,97,0,343,24,0,24,367
11/29/2021,BUR,CA,AWP,WE,Towers with Radar,179,80,38,4,301,0,5,49,1,55,179,85,87,5,356,70,0,70,426
11/30/2021,BUR,CA,AWP,WE,Towers with Radar,181,65,49,0,295,0,2,58,0,60,181,67,107,0,355,102,0,102,457
12/01/2021,BUR,CA,AWP,WE,Towers with Radar,166,75,51,0,292,0,2,42,0,44,166,77,93,0,336,130,0,130,466
12/02/2021,BUR,CA,AWP,WE,Towers with Radar,169,68,37,0,274,0,0,36,0,36,169,68,73,0,310,38,0,38,348
12/03/2021,BUR,CA,AWP,WE,Towers with Radar,171,72,41,0,284,0,0,27,0,27,171,72,68,0,311,18,0,18,329
12/04/2021,BUR,CA,AWP,WE,Towers with Radar,116,63,24,0,203,0,4,36,0,40,116,67,60,0,243,24,0,24,267
12/05/2021,BUR,CA,AWP,WE,Towers with Radar,132,55,45,0,232,0,6,37,0,43,132,61,82,0,275,0,0,0,275
12/06/2021,BUR,CA,AWP,WE,Towers with Radar,168,56,55,0,279,0,0,28,0,28,168,56,83,0,307,38,0,38,345
12/07/2021,BUR,CA,AWP,WE,Towers with Radar,169,65,35,0,269,0,0,30,0,30,169,65,65,0,299,82,0,82,381
12/08/2021,BUR,CA,AWP,WE,Towers with Radar,165,57,33,0,255,0,2,70,1,73,165,59,103,1,328,196,0,196,524
12/09/2021,BUR,CA,AWP,WE,Towers with Radar,169,61,40,0,270,0,0,15,0,15,169,61,55,0,285,0,0,0,285
12/10/2021,BUR,CA,AWP,WE,Towers with Radar,173,86,51,0,310,0,2,40,0,42,173,88,91,0,352,36,0,36,388
12/11/2021,BUR,CA,AWP,WE,Towers with Radar,118,65,27,0,210,0,2,70,0,72,118,67,97,0,282,106,0,106,388
12/12/2021,BUR,CA,AWP,WE,Towers with Radar,165,65,53,0,283,0,2,52,0,54,165,67,105,0,337,32,0,32,369
12/13/2021,BUR,CA,AWP,WE,Towers with Radar,170,61,29,0,260,0,2,35,1,38,170,63,64,1,298,68,0,68,366
12/14/2021,BUR,CA,AWP,WE,Towers with Radar,63,45,18,0,126,0,2,20,0,22,63,47,38,0,148,0,0,0,148
12/15/2021,BUR,CA,AWP,WE,Towers with Radar,164,64,36,0,264,0,4,60,1,65,164,68,96,1,329,96,0,96,425
12/16/2021,BUR,CA,AWP,WE,Towers with Radar,194,79,40,0,313,0,2,26,0,28,194,81,66,0,341,102,0,102,443
12/17/2021,BUR,CA,AWP,WE,Towers with Radar,204,92,35,0,331,0,2,40,0,42,204,94,75,0,373,46,0,46,419
12/18/2021,BUR,CA,AWP,WE,Towers with Radar,117,71,37,0,225,0,0,50,0,50,117,71,87,0,275,94,0,94,369
12/19/2021,BUR,CA,AWP,WE,Towers with Radar,172,97,47,0,316,0,0,44,0,44,172,97,91,0,360,24,0,24,384
12/20/2021,BUR,CA,AWP,WE,Towers with Radar,193,64,36,0,293,0,3,41,0,44,193,67,77,0,337,48,0,48,385
12/21/2021,BUR,CA,AWP,WE,Towers with Radar,177,64,39,0,280,0,3,61,0,64,177,67,100,0,344,144,0,144,488
12/22/2021,BUR,CA,AWP,WE,Towers with Radar,186,57,23,0,266,0,0,35,1,36,186,57,58,1,302,70,0,70,372
12/23/2021,BUR,CA,AWP,WE,Towers with Radar,178,71,23,0,272,0,1,3,0,4,178,72,26,0,276,0,0,0,276
12/24/2021,BUR,CA,AWP,WE,Towers with Radar,169,66,17,0,252,0,0,11,0,11,169,66,28,0,263,0,0,0,263
12/25/2021,BUR,CA,AWP,WE,Towers with Radar,108,59,12,0,179,0,0,5,0,5,108,59,17,0,184,0,0,0,184
12/26/2021,BUR,CA,AWP,WE,Towers with Radar,156,62,43,0,261,0,0,27,0,27,156,62,70,0,288,64,0,64,352
12/27/2021,BUR,CA,AWP,WE,Towers with Radar,166,61,27,0,254,0,0,22,0,22,166,61,49,0,276,52,0,52,328
12/28/2021,BUR,CA,AWP,WE,Towers with Radar,158,69,22,1,250,0,4,30,0,34,158,73,52,1,284,28,0,28,312
12/29/2021,BUR,CA,AWP,WE,Towers with Radar,155,68,25,1,249,0,2,11,0,13,155,70,36,1,262,92,0,92,354
12/30/2021,BUR,CA,AWP,WE,Towers with Radar,169,74,35,2,280,0,0,9,0,9,169,74,44,2,289,0,0,0,289
12/31/2021,BUR,CA,AWP,WE,Towers with Radar,159,66,29,1,255,0,3,58,0,61,159,69,87,1,316,66,0,66,382
01/01/2022,BUR,CA,AWP,WE,Towers with Radar,105,74,76,1,256,0,2,32,0,34,105,76,108,1,290,35,0,35,325
01/02/2022,BUR,CA,AWP,WE,Towers with Radar,154,67,70,3,294,0,0,41,0,41,154,67,111,3,335,54,0,54,389
01/03/2022,BUR,CA,AWP,WE,Towers with Radar,156,50,30,0,236,0,0,32,0,32,156,50,62,0,268,86,0,86,354
01/04/2022,BUR,CA,AWP,WE,Towers with Radar,148,53,32,2,235,0,1,41,1,43,148,54,73,3,278,104,0,104,382
01/05/2022,BUR,CA,AWP,WE,Towers with Radar,140,49,25,0,214,0,3,48,0,51,140,52,73,0,265,102,0,102,367
01/06/2022,BUR,CA,AWP,WE,Towers with Radar,143,67,37,0,247,0,2,47,0,49,143,69,84,0,296,280,0,280,576
01/07/2022,BUR,CA,AWP,WE,Towers with Radar,148,54,20,0,222,0,0,42,0,42,148,54,62,0,264,58,0,58,322
01/08/2022,BUR,CA,AWP,WE,Towers with Radar,97,47,11,0,155,0,1,47,0,48,97,48,58,0,203,120,0,120,323
01/09/2022,BUR,CA,AWP,WE,Towers with Radar,155,59,31,0,245,0,3,40,8,51,155,62,71,8,296,76,0,76,372
01/10/2022,BUR,CA,AWP,WE,Towers with Radar,155,67,20,0,242,0,0,30,2,32,155,67,50,2,274,38,0,38,312
01/11/2022,BUR,CA,AWP,WE,Towers with Radar,142,56,25,2,225,0,6,32,4,42,142,62,57,6,267,118,0,118,385
01/12/2022,BUR,CA,AWP,WE,Towers with Radar,150,69,28,0,247,0,1,36,2,39,150,70,64,2,286,194,0,194,480
01/13/2022,BUR,CA,AWP,WE,Towers with Radar,153,75,32,0,260,0,3,31,3,37,153,78,63,3,297,134,0,134,431
01/14/2022,BUR,CA,AWP,WE,Towers with Radar,178,73,44,0,295,0,0,58,2,60,178,73,102,2,355,182,0,182,537
01/15/2022,BUR,CA,AWP,WE,Towers with Radar,102,42,21,0,165,0,0,33,0,33,102,42,54,0,198,128,0,128,326
01/16/2022,BUR,CA,AWP,WE,Towers with Radar,155,43,24,0,222,0,2,41,2,45,155,45,65,2,267,52,0,52,319
01/17/2022,BUR,CA,AWP,WE,Towers with Radar,174,59,36,0,269,0,2,16,0,18,174,61,52,0,287,56,0,56,343
01/18/2022,BUR,CA,AWP,WE,Towers with Radar,157,51,22,1,231,0,0,28,1,29,157,51,50,2,260,28,0,28,288
01/19/2022,BUR,CA,AWP,WE,Towers with Radar,163,55,44,0,262,0,2,38,0,40,163,57,82,0,302,78,0,78,380
01/20/2022,BUR,CA,AWP,WE,Towers with Radar,185,71,40,0,296,0,4,29,0,33,185,75,69,0,329,94,0,94,423
01/21/2022,BUR,CA,AWP,WE,Towers with Radar,179,66,24,2,271,0,1,17,0,18,179,67,41,2,289,18,0,18,307
01/22/2022,BUR,CA,AWP,WE,Towers with Radar,119,47,13,0,179,0,2,26,0,28,119,49,39,0,207,0,0,0,207
01/23/2022,BUR,CA,AWP,WE,Towers with Radar,175,67,22,0,264,0,1,43,0,44,175,68,65,0,308,82,0,82,390
01/24/2022,BUR,CA,AWP,WE,Towers with Radar,177,62,32,2,273,0,1,35,1,37,177,63,67,3,310,210,0,210,520
01/25/2022,BUR,CA,AWP,WE,Towers with Radar,165,61,26,0,252,0,0,45,0,45,165,61,71,0,297,132,0,132,429
01/26/2022,BUR,CA,AWP,WE,Towers with Radar,165,47,36,0,248,0,0,31,1,32,165,47,67,1,280,52,0,52,332
01/27/2022,BUR,CA,AWP,WE,Towers with Radar,176,62,34,2,274,0,2,34,0,36,176,64,68,2,310,0,0,0,310
01/28/2022,BUR,CA,AWP,WE,Towers with Radar,180,65,26,1,272,0,0,44,0,44,180,65,70,1,316,0,0,0,316
01/29/2022,BUR,CA,AWP,WE,Towers with Radar,114,47,28,0,189,0,2,49,0,51,114,49,77,0,240,0,0,0,240
01/30/2022,BUR,CA,AWP,WE,Towers with Radar,175,60,29,1,265,0,0,45,0,45,175,60,74,1,310,0,0,0,310
01/31/2022,BUR,CA,AWP,WE,Towers with Radar,176,69,37,0,282,0,2,27,1,30,176,71,64,1,312,0,0,0,312
02/01/2022,BUR,CA,AWP,WE,Towers with Radar,164,50,30,0,244,0,0,37,0,37,164,50,67,0,281,84,0,84,365
02/02/2022,BUR,CA,AWP,WE,Towers with Radar,151,63,21,1,236,0,0,25,0,25,151,63,46,1,261,80,0,80,341
02/03/2022,BUR,CA,AWP,WE,Towers with Radar,158,80,30,0,268,0,0,41,0,41,158,80,71,0,309,0,0,0,309
02/04/2022,BUR,CA,AWP,WE,Towers with Radar,166,73,58,0,297,0,1,42,1,44,166,74,100,1,341,104,0,104,445
02/05/2022,BUR,CA,AWP,WE,Towers with Radar,110,52,13,2,177,0,1,41,0,42,110,53,54,2,219,58,0,58,277
02/06/2022,BUR,CA,AWP,WE,Towers with Radar,165,60,55,0,280,0,1,32,1,34,165,61,87,1,314,108,0,108,422
02/07/2022,BUR,CA,AWP,WE,Towers with Radar,170,64,45,1,280,0,1,42,0,43,170,65,87,1,323,208,0,208,531
02/08/2022,BUR,CA,AWP,WE,Towers with Radar,166,48,30,0,244,0,1,43,1,45,166,49,73,1,289,2,0,2,291
02/09/2022,BUR,CA,AWP,WE,Towers with Radar,163,66,30,0,259,0,4,27,1,32,163,70,57,1,291,58,0,58,349
02/10/2022,BUR,CA,AWP,WE,Towers with Radar,173,91,51,0,315,0,2,34,0,36,173,93,85,0,351,0,0,0,351
02/11/2022,BUR,CA,AWP,WE,Towers with Radar,185,94,51,0,330,0,3,42,0,45,185,97,93,0,375,6,0,6,381
02/12/2022,BUR,CA,AWP,WE,Towers with Radar,124,64,45,0,233,0,1,35,0,36,124,65,80,0,269,12,0,12,281
02/13/2022,BUR,CA,AWP,WE,Towers with Radar,178,66,39,0,283,0,0,21,0,21,178,66,60,0,304,20,0,20,324
02/14/2022,BUR,CA,AWP,WE,Towers with Radar,188,84,72,0,344,0,0,38,0,38,188,84,110,0,382,0,0,0,382
02/15/2022,BUR,CA,AWP,WE,Towers with Radar,168,71,46,0,285,0,3,21,0,24,168,74,67,0,309,24,0,24,333
02/16/2022,BUR,CA,AWP,WE,Towers with Radar,164,66,56,0,286,0,5,37,0,42,164,71,93,0,328,42,0,42,370
02/17/2022,BUR,CA,AWP,WE,Towers with Radar,189,76,49,0,314,0,0,33,0,33,189,76,82,0,347,94,0,94,441
02/18/2022,BUR,CA,AWP,WE,Towers with Radar,187,72,65,0,324,0,0,62,0,62,187,72,127,0,386,66,0,66,452
02/19/2022,BUR,CA,AWP,WE,Towers with Radar,126,59,23,1,209,0,1,66,0,67,126,60,89,1,276,88,0,88,364
02/20/2022,BUR,CA,AWP,WE,Towers with Radar,177,51,34,1,263,0,0,39,1,40,177,51,73,2,303,12,0,12,315
02/21/2022,BUR,CA,AWP,WE,Towers with Radar,183,61,47,0,291,0,0,27,0,27,183,61,74,0,318,64,0,64,382
02/22/2022,BUR,CA,AWP,WE,Towers with Radar,182,76,22,2,282,0,3,39,0,42,182,79,61,2,324,146,0,146,470
02/23/2022,BUR,CA,AWP,WE,Towers with Radar,161,66,29,0,256,0,1,27,1,29,161,67,56,1,285,34,0,34,319
02/24/2022,BUR,CA,AWP,WE,Towers with Radar,182,74,37,0,293,0,2,54,0,56,182,76,91,0,349,124,0,124,473
02/25/2022,BUR,CA,AWP,WE,Towers with Radar,179,70,30,0,279,0,3,56,0,59,179,73,86,0,338,170,0,170,508
02/26/2022,BUR,CA,AWP,WE,Towers with Radar,124,60,32,0,216,0,2,56,0,58,124,62,88,0,274,164,0,164,438
02/27/2022,BUR,CA,AWP,WE,Towers with Radar,182,60,45,0,287,0,1,47,0,48,182,61,92,0,335,56,0,56,391
02/28/2022,BUR,CA,AWP,WE,Towers with Radar,184,64,25,0,273,0,1,38,0,39,184,65,63,0,312,132,0,132,444
03/01/2022,BUR,CA,AWP,WE,Towers with Radar,164,58,18,1,241,0,1,51,1,53,164,59,69,2,294,134,0,134,428
03/02/2022,BUR,CA,AWP,WE,Towers with Radar,155,62,40,1,258,0,1,47,0,48,155,63,87,1,306,184,0,184,490
03/03/2022,BUR,CA,AWP,WE,Towers with Radar,181,73,41,1,296,0,0,35,2,37,181,73,76,3,333,190,0,190,523
03/04/2022,BUR,CA,AWP,WE,Towers with Radar,180,68,45,0,293,0,1,41,0,42,180,69,86,0,335,144,0,144,479
03/05/2022,BUR,CA,AWP,WE,Towers with Radar,109,53,23,0,185,0,0,30,0,30,109,53,53,0,215,46,0,46,261
03/06/2022,BUR,CA,AWP,WE,Towers with Radar,173,62,33,0,268,0,0,48,0,48,173,62,81,0,316,14,0,14,330
03/07/2022,BUR,CA,AWP,WE,Towers with Radar,181,61,28,0,270,0,2,34,0,36,181,63,62,0,306,0,0,0,306
03/08/2022,BUR,CA,AWP,WE,Towers with Radar,158,55,32,0,245,0,1,35,0,36,158,56,67,0,281,38,0,38,319
03/09/2022,BUR,CA,AWP,WE,Towers with Radar,148,77,30,2,257,0,2,62,1,65,148,79,92,3,322,136,0,136,458
03/10/2022,BUR,CA,AWP,WE,Towers with Radar,177,69,22,0,268,0,1,36,2,39,177,70,58,2,307,66,0,66,373
03/11/2022,BUR,CA,AWP,WE,Towers with Radar,178,80,34,0,292,0,0,58,0,58,178,80,92,0,350,64,0,64,414
03/12/2022,BUR,CA,AWP,WE,Towers with Radar,113,57,24,0,194,0,0,35,0,35,113,57,59,0,229,0,0,0,229
03/13/2022,BUR,CA,AWP,WE,Towers with Radar,163,71,39,0,273,0,0,50,0,50,163,71,89,0,323,146,0,146,469
03/14/2022,BUR,CA,AWP,WE,Towers with Radar,170,76,36,0,282,0,2,48,0,50,170,78,84,0,332,44,0,44,376
03/15/2022,BUR,CA,AWP,WE,Towers with Radar,168,61,31,2,262,0,1,54,1,56,168,62,85,3,318,116,0,116,434
03/16/2022,BUR,CA,AWP,WE,Towers with Radar,166,66,34,2,268,0,4,32,0,36,166,70,66,2,304,14,0,14,318
03/17/2022,BUR,CA,AWP,WE,Towers with Radar,190,64,37,0,291,0,3,36,0,39,190,67,73,0,330,146,0,146,476
03/18/2022,BUR,CA,AWP,WE,Towers with Radar,180,75,38,0,293,0,1,46,0,47,180,76,84,0,340,78,0,78,418
03/19/2022,BUR,CA,AWP,WE,Towers with Radar,119,62,31,0,212,0,2,41,0,43,119,64,72,0,255,48,0,48,303
03/20/2022,BUR,CA,AWP,WE,Towers with Radar,166,67,44,0,277,0,2,40,0,42,166,69,84,0,319,64,0,64,383
03/21/2022,BUR,CA,AWP,WE,Towers with Radar,175,67,22,1,265,0,1,41,1,43,175,68,63,2,308,100,0,100,408
03/22/2022,BUR,CA,AWP,WE,Towers with Radar,171,69,32,1,273,0,1,51,0,52,171,70,83,1,325,66,0,66,391
03/23/2022,BUR,CA,AWP,WE,Towers with Radar,169,63,33,0,265,0,0,56,2,58,169,63,89,2,323,142,0,142,465
03/24/2022,BUR,CA,AWP,WE,Towers with Radar,182,83,31,0,296,0,1,44,0,45,182,84,75,0,341,138,0,138,479
03/25/2022,BUR,CA,AWP,WE,Towers with Radar,178,67,42,0,287,0,3,53,0,56,178,70,95,0,343,32,0,32,375
03/26/2022,BUR,CA,AWP,WE,Towers with Radar,118,61,24,0,203,0,6,51,0,57,118,67,75,0,260,234,0,234,494
03/27/2022,BUR,CA,AWP,WE,Towers with Radar,176,60,37,0,273,0,1,26,0,27,176,61,63,0,300,40,0,40,340
03/28/2022,BUR,CA,AWP,WE,Towers with Radar,166,62,45,0,273,0,0,6,0,6,166,62,51,0,279,18,0,18,297
03/29/2022,BUR,CA,AWP,WE,Towers with Radar,175,54,29,0,258,0,1,40,1,42,175,55,69,1,300,56,0,56,356
03/30/2022,BUR,CA,AWP,WE,Towers with Radar,173,55,36,0,264,0,0,39,0,39,173,55,75,0,303,69,0,69,372
03/31/2022,BUR,CA,AWP,WE,Towers with Radar,188,75,46,0,309,0,0,32,1,33,188,75,78,1,342,152,0,152,494
04/01/2022,BUR,CA,AWP,WE,Towers with Radar,176,72,40,1,289,0,1,51,0,52,176,73,91,1,341,48,0,48,389
04/02/2022,BUR,CA,AWP,WE,Towers with Radar,115,47,42,1,205,0,1,22,0,23,115,48,64,1,228,82,0,82,310
04/03/2022,BUR,CA,AWP,WE,Towers with Radar,188,66,34,0,288,0,2,37,0,39,188,68,71,0,327,52,0,52,379
04/04/2022,BUR,CA,AWP,WE,Towers with Radar,189,64,27,0,280,0,3,30,2,35,189,67,57,2,315,84,0,84,399
04/05/2022,BUR,CA,AWP,WE,Towers with Radar,187,69,34,1,291,0,3,38,0,41,187,72,72,1,332,44,0,44,376
04/06/2022,BUR,CA,AWP,WE,Towers with Radar,186,67,31,2,286,0,3,55,3,61,186,70,86,5,347,124,0,124,471
04/07/2022,BUR,CA,AWP,WE,Towers with Radar,206,89,39,0,334,0,2,43,0,45,206,91,82,0,379,54,0,54,433
04/08/2022,BUR,CA,AWP,WE,Towers with Radar,196,75,41,0,312,0,1,37,1,39,196,76,78,1,351,20,0,20,371
04/09/2022,BUR,CA,AWP,WE,Towers with Radar,116,48,30,0,194,0,1,33,0,34,116,49,63,0,228,70,0,70,298
04/10/2022,BUR,CA,AWP,WE,Towers with Radar,195,67,44,0,306,0,0,32,0,32,195,67,76,0,338,78,0,78,416
04/11/2022,BUR,CA,AWP,WE,Towers with Radar,192,58,28,0,278,0,4,27,0,31,192,62,55,0,309,90,0,90,399
04/12/2022,BUR,CA,AWP,WE,Towers with Radar,175,62,21,0,258,0,1,20,2,23,175,63,41,2,281,0,0,0,281
04/13/2022,BUR,CA,AWP,WE,Towers with Radar,184,76,34,3,297,0,1,48,0,49,184,77,82,3,346,80,0,80,426
04/14/2022,BUR,CA,AWP,WE,Towers with Radar,206,76,59,0,341,0,3,64,1,68,206,79,123,1,409,120,0,120,529
04/15/2022,BUR,CA,AWP,WE,Towers with Radar,194,70,48,0,312,0,3,55,0,58,194,73,103,0,370,62,0,62,432
04/16/2022,BUR,CA,AWP,WE,Towers with Radar,120,54,13,0,187,0,1,17,1,19,120,55,30,1,206,148,0,148,354
04/17/2022,BUR,CA,AWP,WE,Towers with Radar,197,65,27,0,289,0,3,46,0,49,197,68,73,0,338,44,0,44,382
04/18/2022,BUR,CA,AWP,WE,Towers with Radar,187,55,45,1,288,0,5,40,1,46,187,60,85,2,334,70,0,70,404
04/19/2022,BUR,CA,AWP,WE,Towers with Radar,186,68,32,0,286,0,0,54,1,55,186,68,86,1,341,81,0,81,422
04/20/2022,BUR,CA,AWP,WE,Towers with Radar,182,77,32,0,291,0,0,59,0,59,182,77,91,0,350,118,0,118,468
04/21/2022,BUR,CA,AWP,WE,Towers with Radar,205,77,40,2,324,0,0,35,4,39,205,77,75,6,363,116,0,116,479
04/22/2022,BUR,CA,AWP,WE,Towers with Radar,195,76,35,1,307,0,2,45,0,47,195,78,80,1,354,62,0,62,416
04/23/2022,BUR,CA,AWP,WE,Towers with Radar,121,57,23,0,201,0,4,42,0,46,121,61,65,0,247,70,0,70,317
04/24/2022,BUR,CA,AWP,WE,Towers with Radar,197,64,30,0,291,0,4,50,0,54,197,68,80,0,345,16,0,16,361
04/25/2022,BUR,CA,AWP,WE,Towers with Radar,186,52,39,2,279,0,1,45,1,47,186,53,84,3,326,74,0,74,400
04/26/2022,BUR,CA,AWP,WE,Towers with Radar,192,72,50,6,320,0,4,38,0,42,192,76,88,6,362,78,0,78,440
04/27/2022,BUR,CA,AWP,WE,Towers with Radar,186,64,50,2,302,0,1,60,3,64,186,65,110,5,366,134,0,134,500
04/28/2022,BUR,CA,AWP,WE,Towers with Radar,196,77,52,3,328,0,2,41,2,45,196,79,93,5,373,76,0,76,449
04/29/2022,BUR,CA,AWP,WE,Towers with Radar,199,75,31,1,306,0,2,47,1,50,199,77,78,2,356,34,0,34,390
04/30/2022,BUR,CA,AWP,WE,Towers with Radar,115,63,18,0,196,0,2,41,0,43,115,65,59,0,239,50,0,50,289
05/01/2022,BUR,CA,AWP,WE,Towers with Radar,194,79,43,0,316,0,0,31,0,31,194,79,74,0,347,16,0,16,363
05/02/2022,BUR,CA,AWP,WE,Towers with Radar,195,72,30,0,297,0,1,30,0,31,195,73,60,0,328,58,0,58,386
05/03/2022,BUR,CA,AWP,WE,Towers with Radar,182,76,45,0,303,0,0,45,0,45,182,76,90,0,348,92,0,92,440
05/04/2022,BUR,CA,AWP,WE,Towers with Radar,185,70,30,0,285,0,2,47,0,49,185,72,77,0,334,52,0,52,386
05/05/2022,BUR,CA,AWP,WE,Towers with Radar,197,76,46,1,320,0,1,55,0,56,197,77,101,1,376,90,0,90,466
05/06/2022,BUR,CA,AWP,WE,Towers with Radar,201,61,29,0,291,0,2,61,0,63,201,63,90,0,354,110,0,110,464
05/07/2022,BUR,CA,AWP,WE,Towers with Radar,116,43,13,0,172,0,0,45,0,45,116,43,58,0,217,98,0,98,315
05/08/2022,BUR,CA,AWP,WE,Towers with Radar,194,54,25,0,273,0,0,31,0,31,194,54,56,0,304,20,0,20,324
05/09/2022,BUR,CA,AWP,WE,Towers with Radar,197,68,26,0,291,0,1,17,0,18,197,69,43,0,309,56,0,56,365
05/10/2022,BUR,CA,AWP,WE,Towers with Radar,194,73,36,2,305,0,1,44,2,47,194,74,80,4,352,54,0,54,406
05/11/2022,BUR,CA,AWP,WE,Towers with Radar,183,68,19,2,272,0,1,36,1,38,183,69,55,3,310,4,0,4,314
05/12/2022,BUR,CA,AWP,WE,Towers with Radar,206,76,38,1,321,0,3,67,0,70,206,79,105,1,391,126,0,126,517
05/13/2022,BUR,CA,AWP,WE,Towers with Radar,193,79,34,0,306,0,1,43,0,44,193,80,77,0,350,74,0,74,424
05/14/2022,BUR,CA,AWP,WE,Towers with Radar,121,61,31,0,213,0,0,38,0,38,121,61,69,0,251,14,0,14,265
05/15/2022,BUR,CA,AWP,WE,Towers with Radar,200,69,39,1,309,0,1,37,0,38,200,70,76,1,347,42,0,42,389
05/16/2022,BUR,CA,AWP,WE,Towers with Radar,194,68,43,1,306,0,3,48,1,52,194,71,91,2,358,62,0,62,420
05/17/2022,BUR,CA,AWP,WE,Towers with Radar,199,75,36,0,310,0,3,40,3,46,199,78,76,3,356,38,0,38,394
05/18/2022,BUR,CA,AWP,WE,Towers with Radar,187,70,46,2,305,0,2,46,2,50,187,72,92,4,355,90,0,90,445
05/19/2022,BUR,CA,AWP,WE,Towers with Radar,208,74,49,1,332,0,0,32,1,33,208,74,81,2,365,58,0,58,423
05/20/2022,BUR,CA,AWP,WE,Towers with Radar,196,71,51,0,318,0,0,26,1,27,196,71,77,1,345,30,0,30,375
05/21/2022,BUR,CA,AWP,WE,Towers with Radar,113,60,33,0,206,0,0,35,4,39,113,60,68,4,245,40,0,40,285
05/22/2022,BUR,CA,AWP,WE,Towers with Radar,191,57,41,0,289,0,4,45,1,50,191,61,86,1,339,42,0,42,381
05/23/2022,BUR,CA,AWP,WE,Towers with Radar,198,58,27,2,285,0,1,26,3,30,198,59,53,5,315,0,0,0,315
05/24/2022,BUR,CA,AWP,WE,Towers with Radar,182,77,29,0,288,0,0,50,0,50,182,77,79,0,338,40,0,40,378
05/25/2022,BUR,CA,AWP,WE,Towers with Radar,188,60,35,0,283,0,4,50,0,54,188,64,85,0,337,68,0,68,405
05/26/2022,BUR,CA,AWP,WE,Towers with Radar,206,78,39,1,324,0,7,40,0,47,206,85,79,1,371,104,0,104,475
05/27/2022,BUR,CA,AWP,WE,Towers with Radar,206,65,33,0,304,1,6,65,0,72,207,71,98,0,376,48,0,48,424
05/28/2022,BUR,CA,AWP,WE,Towers with Radar,118,42,22,0,182,0,5,23,0,28,118,47,45,0,210,28,0,28,238
05/29/2022,BUR,CA,AWP,WE,Towers with Radar,196,40,20,0,256,0,3,41,0,44,196,43,61,0,300,75,0,75,375
05/30/2022,BUR,CA,AWP,WE,Towers with Radar,195,60,44,1,300,0,5,37,3,45,195,65,81,4,345,42,0,42,387
05/31/2022,BUR,CA,AWP,WE,Towers with Radar,195,67,30,1,293,0,2,45,3,50,195,69,75,4,343,110,0,110,453
06/01/2022,BUR,CA,AWP,WE,Towers with Radar,181,59,33,0,273,0,3,48,1,52,181,62,81,1,325,124,0,124,449
06/02/2022,BUR,CA,AWP,WE,Towers with Radar,204,70,23,0,297,0,0,39,3,42,204,70,62,3,339,40,0,40,379
06/03/2022,BUR,CA,AWP,WE,Towers with Radar,208,69,34,1,312,0,2,29,0,31,208,71,63,1,343,78,0,78,421
06/04/2022,BUR,CA,AWP,WE,Towers with Radar,119,56,23,2,200,0,0,42,2,44,119,56,65,4,244,118,0,118,362
06/05/2022,BUR,CA,AWP,WE,Towers with Radar,201,54,38,2,295,0,0,42,0,42,201,54,80,2,337,28,0,28,365
06/06/2022,BUR,CA,AWP,WE,Towers with Radar,202,65,42,2,311,0,2,51,5,58,202,67,93,7,369,48,0,48,417
06/07/2022,BUR,CA,AWP,WE,Towers with Radar,190,59,37,5,291,0,0,42,0,42,190,59,79,5,333,78,0,78,411
06/08/2022,BUR,CA,AWP,WE,Towers with Radar,191,74,59,0,324,0,2,12,0,14,191,76,71,0,338,22,0,22,360
06/09/2022,BUR,CA,AWP,WE,Towers with Radar,207,82,60,2,351,0,1,4,1,6,207,83,64,3,357,0,0,0,357
06/10/2022,BUR,CA,AWP,WE,Towers with Radar,207,76,30,2,315,0,0,11,4,15,207,76,41,6,330,0,0,0,330
06/11/2022,BUR,CA,AWP,WE,Towers with Radar,130,54,28,1,213,0,0,33,0,33,130,54,61,1,246,78,0,78,324
06/12/2022,BUR,CA,AWP,WE,Towers with Radar,200,52,25,4,281,0,4,38,1,43,200,56,63,5,324,96,0,96,420
06/13/2022,BUR,CA,AWP,WE,Towers with Radar,207,65,37,0,309,0,0,56,0,56,207,65,93,0,365,96,0,96,461
06/14/2022,BUR,CA,AWP,WE,Towers with Radar,190,70,35,0,295,0,0,49,0,49,190,70,84,0,344,46,0,46,390
06/15/2022,BUR,CA,AWP,WE,Towers with Radar,187,80,44,2,313,0,3,53,2,58,187,83,97,4,371,98,0,98,469
06/16/2022,BUR,CA,AWP,WE,Towers with Radar,211,63,28,0,302,0,0,57,0,57,211,63,85,0,359,180,0,180,539
06/17/2022,BUR,CA,AWP,WE,Towers with Radar,199,66,48,0,313,0,1,61,0,62,199,67,109,0,375,134,0,134,509
06/18/2022,BUR,CA,AWP,WE,Towers with Radar,141,49,12,0,202,0,5,50,0,55,141,54,62,0,257,148,0,148,405
06/19/2022,BUR,CA,AWP,WE,Towers with Radar,202,65,23,1,291,0,0,37,0,37,202,65,60,1,328,0,0,0,328
06/20/2022,BUR,CA,AWP,WE,Towers with Radar,202,55,32,1,290,0,2,52,0,54,202,57,84,1,344,72,0,72,416
06/21/2022,BUR,CA,AWP,WE,Towers with Radar,193,74,24,0,291,0,1,61,1,63,193,75,85,1,354,50,0,50,404
06/22/2022,BUR,CA,AWP,WE,Towers with Radar,170,63,18,1,252,0,2,31,0,33,170,65,49,1,285,16,0,16,301
06/23/2022,BUR,CA,AWP,WE,Towers with Radar,203,75,29,0,307,0,4,49,0,53,203,79,78,0,360,84,0,84,444
06/24/2022,BUR,CA,AWP,WE,Towers with Radar,205,62,34,0,301,0,0,54,0,54,205,62,88,0,355,80,0,80,435
06/25/2022,BUR,CA,AWP,WE,Towers with Radar,138,58,27,0,223,0,2,48,3,53,138,60,75,3,276,124,0,124,400
06/26/2022,BUR,CA,AWP,WE,Towers with Radar,206,47,22,0,275,0,4,54,0,58,206,51,76,0,333,84,0,84,417
06/27/2022,BUR,CA,AWP,WE,Towers with Radar,199,67,34,1,301,0,2,49,0,51,199,69,83,1,352,40,0,40,392
06/28/2022,BUR,CA,AWP,WE,Towers with Radar,190,70,23,0,283,0,0,57,3,60,190,70,80,3,343,84,0,84,427
06/29/2022,BUR,CA,AWP,WE,Towers with Radar,196,55,36,0,287,0,0,61,0,61,196,55,97,0,348,108,0,108,456
06/30/2022,BUR,CA,AWP,WE,Towers with Radar,212,82,40,0,334,0,1,47,0,48,212,83,87,0,382,58,0,58,440
07/01/2022,BUR,CA,AWP,WE,Towers with Radar,207,68,35,0,310,0,5,54,1,60,207,73,89,1,370,100,0,100,470
07/02/2022,BUR,CA,AWP,WE,Towers with Radar,132,40,24,1,197,0,0,52,0,52,132,40,76,1,249,184,0,184,433
07/03/2022,BUR,CA,AWP,WE,Towers with Radar,168,36,14,0,218,0,1,39,2,42,168,37,53,2,260,22,0,22,282
07/04/2022,BUR,CA,AWP,WE,Towers with Radar,164,49,13,0,226,0,0,25,1,26,164,49,38,1,252,28,0,28,280
07/05/2022,BUR,CA,AWP,WE,Towers with Radar,191,45,19,0,255,0,3,24,0,27,191,48,43,0,282,50,0,50,332
07/06/2022,BUR,CA,AWP,WE,Towers with Radar,186,60,19,0,265,0,3,36,0,39,186,63,55,0,304,128,0,128,432
07/07/2022,BUR,CA,AWP,WE,Towers with Radar,202,71,19,0,292,0,3,35,0,38,202,74,54,0,330,25,0,25,355
07/08/2022,BUR,CA,AWP,WE,Towers with Radar,196,56,41,0,293,0,0,57,0,57,196,56,98,0,350,128,0,128,478
07/09/2022,BUR,CA,AWP,WE,Towers with Radar,144,47,17,0,208,0,2,32,0,34,144,49,49,0,242,38,0,38,280
07/10/2022,BUR,CA,AWP,WE,Towers with Radar,197,64,22,0,283,0,2,44,0,46,197,66,66,0,329,84,0,84,413
07/11/2022,BUR,CA,AWP,WE,Towers with Radar,201,58,37,1,297,0,0,40,2,42,201,58,77,3,339,62,0,62,401
07/12/2022,BUR,CA,AWP,WE,Towers with Radar,187,47,19,1,254,0,0,47,2,49,187,47,66,3,303,38,0,38,341
07/13/2022,BUR,CA,AWP,WE,Towers with Radar,186,63,24,0,273,0,3,35,0,38,186,66,59,0,311,102,0,102,413
07/14/2022,BUR,CA,AWP,WE,Towers with Radar,198,71,24,0,293,0,3,52,0,55,198,74,76,0,348,152,0,152,500
07/15/2022,BUR,CA,AWP,WE,Towers with Radar,200,69,22,0,291,0,2,43,0,45,200,71,65,0,336,56,0,56,392
07/16/2022,BUR,CA,AWP,WE,Towers with Radar,140,48,32,0,220,0,3,47,0,50,140,51,79,0,270,62,0,62,332
07/17/2022,BUR,CA,AWP,WE,Towers with Radar,198,56,36,0,290,0,2,44,0,46,198,58,80,0,336,118,0,118,454
07/18/2022,BUR,CA,AWP,WE,Towers with Radar,201,63,30,0,294,0,0,42,1,43,201,63,72,1,337,30,0,30,367
07/19/2022,BUR,CA,AWP,WE,Towers with Radar,192,73,41,1,307,0,0,53,1,54,192,73,94,2,361,152,0,152,513
07/20/2022,BUR,CA,AWP,WE,Towers with Radar,194,67,48,0,309,0,3,61,2,66,194,70,109,2,375,82,0,82,457
07/21/2022,BUR,CA,AWP,WE,Towers with Radar,203,74,46,1,324,0,5,62,2,69,203,79,108,3,393,52,0,52,445
07/22/2022,BUR,CA,AWP,WE,Towers with Radar,205,68,31,0,304,0,2,59,1,62,205,70,90,1,366,80,0,80,446
07/23/2022,BUR,CA,AWP,WE,Towers with Radar,134,61,30,0,225,0,2,41,1,44,134,63,71,1,269,80,0,80,349
07/24/2022,BUR,CA,AWP,WE,Towers with Radar,195,71,29,0,295,0,4,51,1,56,195,75,80,1,351,174,0,174,525
07/25/2022,BUR,CA,AWP,WE,Towers with Radar,190,48,27,0,265,0,1,46,0,47,190,49,73,0,312,46,0,46,358
07/26/2022,BUR,CA,AWP,WE,Towers with Radar,203,61,21,0,285,0,0,54,2,56,203,61,75,2,341,42,0,42,383
07/27/2022,BUR,CA,AWP,WE,Towers with Radar,198,73,25,0,296,0,0,42,0,42,198,73,67,0,338,108,0,108,446
07/28/2022,BUR,CA,AWP,WE,Towers with Radar,192,83,39,2,316,0,0,41,1,42,192,83,80,3,358,50,0,50,408
07/29/2022,BUR,CA,AWP,WE,Towers with Radar,196,61,39,0,296,0,0,61,0,61,196,61,100,0,357,32,0,32,389
07/30/2022,BUR,CA,AWP,WE,Towers with Radar,137,53,18,0,208,0,2,36,0,38,137,55,54,0,246,18,0,18,264
07/31/2022,BUR,CA,AWP,WE,Towers with Radar,191,59,29,0,279,0,0,36,0,36,191,59,65,0,315,4,0,4,319
08/01/2022,BUR,CA,AWP,WE,Towers with Radar,197,56,19,0,272,0,1,45,0,46,197,57,64,0,318,60,0,60,378
08/02/2022,BUR,CA,AWP,WE,Towers with Radar,192,66,33,0,291,0,5,46,0,51,192,71,79,0,342,142,0,142,484
08/03/2022,BUR,CA,AWP,WE,Towers with Radar,192,71,47,0,310,0,2,59,1,62,192,73,106,1,372,120,0,120,492
08/04/2022,BUR,CA,AWP,WE,Towers with Radar,187,71,30,0,288,0,2,49,0,51,187,73,79,0,339,134,0,134,473
08/05/2022,BUR,CA,AWP,WE,Towers with Radar,197,72,31,0,300,0,1,59,2,62,197,73,90,2,362,130,0,130,492
08/06/2022,BUR,CA,AWP,WE,Towers with Radar,142,56,10,0,208,0,1,34,0,35,142,57,44,0,243,13,0,13,256
08/07/2022,BUR,CA,AWP,WE,Towers with Radar,185,86,38,0,309,0,3,39,0,42,185,89,77,0,351,44,0,44,395
08/08/2022,BUR,CA,AWP,WE,Towers with Radar,186,67,18,3,274,0,2,26,0,28,186,69,44,3,302,18,0,18,320
08/09/2022,BUR,CA,AWP,WE,Towers with Radar,174,71,35,4,284,0,5,64,0,69,174,76,99,4,353,90,0,90,443
08/10/2022,BUR,CA,AWP,WE,Towers with Radar,188,92,39,1,320,0,6,63,1,70,188,98,102,2,390,122,0,122,512
08/11/2022,BUR,CA,AWP,WE,Towers with Radar,190,100,46,0,336,0,5,47,0,52,190,105,93,0,388,18,0,18,406
08/12/2022,BUR,CA,AWP,WE,Towers with Radar,189,81,47,0,317,0,6,46,1,53,189,87,93,1,370,112,0,112,482
08/13/2022,BUR,CA,AWP,WE,Towers with Radar,137,69,22,0,228,0,4,39,1,44,137,73,61,1,272,40,0,40,312
08/14/2022,BUR,CA,AWP,WE,Towers with Radar,185,85,28,0,298,0,2,33,0,35,185,87,61,0,333,0,0,0,333
08/15/2022,BUR,CA,AWP,WE,Towers with Radar,202,74,32,0,308,0,2,30,1,33,202,76,62,1,341,0,0,0,341
08/16/2022,BUR,CA,AWP,WE,Towers with Radar,183,76,26,0,285,0,2,39,0,41,183,78,65,0,326,22,0,22,348
08/17/2022,BUR,CA,AWP,WE,Towers with Radar,185,66,41,0,292,0,5,68,0,73,185,71,109,0,365,104,0,104,469
08/18/2022,BUR,CA,AWP,WE,Towers with Radar,208,86,42,0,336,0,3,56,0,59,208,89,98,0,395,169,0,169,564
08/19/2022,BUR,CA,AWP,WE,Towers with Radar,198,87,42,0,327,0,7,58,1,66,198,94,100,1,393,84,0,84,477
08/20/2022,BUR,CA,AWP,WE,Towers with Radar,137,59,29,0,225,0,4,35,0,39,137,63,64,0,264,28,0,28,292
08/21/2022,BUR,CA,AWP,WE,Towers with Radar,194,77,55,0,326,0,3,38,0,41,194,80,93,0,367,0,0,0,367
08/22/2022,BUR,CA,AWP,WE,Towers with Radar,197,88,42,0,327,0,4,30,1,35,197,92,72,1,362,8,0,8,370
08/23/2022,BUR,CA,AWP,WE,Towers with Radar,189,108,80,0,377,0,3,70,0,73,189,111,150,0,450,82,0,82,532
08/24/2022,BUR,CA,AWP,WE,Towers with Radar,184,107,84,0,375,0,7,44,0,51,184,114,128,0,426,142,0,142,568
08/25/2022,BUR,CA,AWP,WE,Towers with Radar,200,97,54,0,351,0,2,50,0,52,200,99,104,0,403,64,0,64,467
08/26/2022,BUR,CA,AWP,WE,Towers with Radar,205,91,45,0,341,0,3,39,0,42,205,94,84,0,383,42,0,42,425
08/27/2022,BUR,CA,AWP,WE,Towers with Radar,136,74,32,0,242,0,2,42,0,44,136,76,74,0,286,58,0,58,344
08/28/2022,BUR,CA,AWP,WE,Towers with Radar,199,82,45,1,327,0,0,40,0,40,199,82,85,1,367,30,0,30,397
08/29/2022,BUR,CA,AWP,WE,Towers with Radar,200,99,59,0,358,0,5,51,0,56,200,104,110,0,414,26,0,26,440
08/30/2022,BUR,CA,AWP,WE,Towers with Radar,188,123,66,2,379,0,4,55,1,60,188,127,121,3,439,38,0,38,477
08/31/2022,BUR,CA,AWP,WE,Towers with Radar,188,129,79,4,400,0,7,55,1,63,188,136,134,5,463,38,0,38,501
09/01/2022,BUR,CA,AWP,WE,Towers with Radar,200,118,56,1,375,0,8,63,3,74,200,126,119,4,449,84,0,84,533
09/02/2022,BUR,CA,AWP,WE,Towers with Radar,206,77,37,1,321,0,8,55,8,71,206,85,92,9,392,16,0,16,408
09/03/2022,BUR,CA,AWP,WE,Towers with Radar,134,53,34,0,221,0,3,43,5,51,134,56,77,5,272,40,0,40,312
09/04/2022,BUR,CA,AWP,WE,Towers with Radar,149,83,35,1,268,0,3,49,1,53,149,86,84,2,321,4,0,4,325
09/05/2022,BUR,CA,AWP,WE,Towers with Radar,201,107,21,0,329,0,3,40,3,46,201,110,61,3,375,60,0,60,435
09/06/2022,BUR,CA,AWP,WE,Towers with Radar,183,75,31,0,289,0,3,48,0,51,183,78,79,0,340,60,0,60,400
09/07/2022,BUR,CA,AWP,WE,Towers with Radar,183,85,48,0,316,0,5,29,0,34,183,90,77,0,350,42,0,42,392
09/08/2022,BUR,CA,AWP,WE,Towers with Radar,186,91,62,0,339,0,7,55,0,62,186,98,117,0,401,6,0,6,407
09/09/2022,BUR,CA,AWP,WE,Towers with Radar,197,84,36,0,317,0,7,30,1,38,197,91,66,1,355,38,0,38,393
09/10/2022,BUR,CA,AWP,WE,Towers with Radar,144,66,33,1,244,0,1,19,0,20,144,67,52,1,264,56,0,56,320
09/11/2022,BUR,CA,AWP,WE,Towers with Radar,159,84,37,0,280,0,2,37,0,39,159,86,74,0,319,58,0,58,377
09/12/2022,BUR,CA,AWP,WE,Towers with Radar,203,79,40,1,323,0,6,37,1,44,203,85,77,2,367,36,0,36,403
09/13/2022,BUR,CA,AWP,WE,Towers with Radar,185,72,46,1,304,0,8,48,0,56,185,80,94,1,360,132,0,132,492
09/14/2022,BUR,CA,AWP,WE,Towers with Radar,196,88,39,0,323,0,6,44,1,51,196,94,83,1,374,116,0,116,490
09/15/2022,BUR,CA,AWP,WE,Towers with Radar,210,88,41,4,343,0,2,44,2,48,210,90,85,6,391,104,0,104,495
09/16/2022,BUR,CA,AWP,WE,Towers with Radar,206,75,32,2,315,0,0,63,2,65,206,75,95,4,380,96,0,96,476
09/17/2022,BUR,CA,AWP,WE,Towers with Radar,147,62,25,0,234,0,0,33,0,33,147,62,58,0,267,40,0,40,307
09/18/2022,BUR,CA,AWP,WE,Towers with Radar,159,73,31,0,263,0,0,40,0,40,159,73,71,0,303,36,0,36,339
09/19/2022,BUR,CA,AWP,WE,Towers with Radar,207,77,33,0,317,0,12,45,0,57,207,89,78,0,374,30,0,30,404
09/20/2022,BUR,CA,AWP,WE,Towers with Radar,190,78,46,0,314,0,2,33,2,37,190,80,79,2,351,40,0,40,391
09/21/2022,BUR,CA,AWP,WE,Towers with Radar,200,84,40,2,326,0,0,53,0,53,200,84,93,2,379,138,0,138,517
09/22/2022,BUR,CA,AWP,WE,Towers with Radar,206,101,36,0,343,0,5,40,0,45,206,106,76,0,388,18,0,18,406
09/23/2022,BUR,CA,AWP,WE,Towers with Radar,207,80,46,0,333,0,1,40,3,44,207,81,86,3,377,56,0,56,433
09/24/2022,BUR,CA,AWP,WE,Towers with Radar,148,55,34,0,237,0,1,54,0,55,148,56,88,0,292,40,0,40,332
09/25/2022,BUR,CA,AWP,WE,Towers with Radar,159,67,34,0,260,0,6,50,0,56,159,73,84,0,316,86,0,86,402
09/26/2022,BUR,CA,AWP,WE,Towers with Radar,210,70,26,0,306,0,2,44,1,47,210,72,70,1,353,32,0,32,385
09/27/2022,BUR,CA,AWP,WE,Towers with Radar,188,80,17,0,285,0,6,40,1,47,188,86,57,1,332,132,0,132,464
09/28/2022,BUR,CA,AWP,WE,Towers with Radar,179,83,40,0,302,0,5,55,0,60,179,88,95,0,362,74,0,74,436
09/29/2022,BUR,CA,AWP,WE,Towers with Radar,206,95,17,2,320,0,6,33,1,40,206,101,50,3,360,80,0,80,440
09/30/2022,BUR,CA,AWP,WE,Towers with Radar,207,88,42,0,337,0,8,30,0,38,207,96,72,0,375,66,0,66,441
10/01/2022,BUR,CA,AWP,WE,Towers with Radar,141,58,21,0,220,0,3,25,0,28,141,61,46,0,248,50,0,50,298
10/02/2022,BUR,CA,AWP,WE,Towers with Radar,160,75,40,0,275,0,4,38,0,42,160,79,78,0,317,10,0,10,327
10/03/2022,BUR,CA,AWP,WE,Towers with Radar,209,88,38,2,337,0,3,44,1,48,209,91,82,3,385,34,0,34,419
10/04/2022,BUR,CA,AWP,WE,Towers with Radar,193,84,38,0,315,1,7,56,0,64,194,91,94,0,379,104,0,104,483
10/05/2022,BUR,CA,AWP,WE,Towers with Radar,195,80,37,0,312,0,3,44,0,47,195,83,81,0,359,136,0,136,495
10/06/2022,BUR,CA,AWP,WE,Towers with Radar,202,93,43,2,340,0,1,41,0,42,202,94,84,2,382,134,0,134,516
10/07/2022,BUR,CA,AWP,WE,Towers with Radar,202,78,44,0,324,0,3,52,1,56,202,81,96,1,380,110,0,110,490
10/08/2022,BUR,CA,AWP,WE,Towers with Radar,146,61,39,2,248,0,4,42,0,46,146,65,81,2,294,28,0,28,322
10/09/2022,BUR,CA,AWP,WE,Towers with Radar,166,82,38,1,287,0,5,38,3,46,166,87,76,4,333,8,0,8,341
10/10/2022,BUR,CA,AWP,WE,Towers with Radar,202,79,48,1,330,0,0,26,0,26,202,79,74,1,356,12,0,12,368
10/11/2022,BUR,CA,AWP,WE,Towers with Radar,193,74,41,2,310,0,4,32,0,36,193,78,73,2,346,104,0,104,450
10/12/2022,BUR,CA,AWP,WE,Towers with Radar,184,75,51,0,310,0,3,19,0,22,184,78,70,0,332,28,0,28,360
10/13/2022,BUR,CA,AWP,WE,Towers with Radar,197,108,59,0,364,0,1,8,0,9,197,109,67,0,373,0,0,0,373
10/14/2022,BUR,CA,AWP,WE,Towers with Radar,202,95,72,0,369,0,9,30,4,43,202,104,102,4,412,4,0,4,416
10/15/2022,BUR,CA,AWP,WE,Towers with Radar,134,57,29,8,228,0,0,10,0,10,134,57,39,8,238,0,0,0,238
10/16/2022,BUR,CA,AWP,WE,Towers with Radar,152,73,54,0,279,0,3,36,0,39,152,76,90,0,318,22,0,22,340
10/17/2022,BUR,CA,AWP,WE,Towers with Radar,199,72,35,0,306,0,4,35,0,39,199,76,70,0,345,54,0,54,399
10/18/2022,BUR,CA,AWP,WE,Towers with Radar,183,67,21,2,273,0,2,38,0,40,183,69,59,2,313,40,0,40,353
10/19/2022,BUR,CA,AWP,WE,Towers with Radar,185,79,29,1,294,0,4,36,1,41,185,83,65,2,335,122,0,122,457
10/20/2022,BUR,CA,AWP,WE,Towers with Radar,200,83,37,2,322,0,5,63,0,68,200,88,100,2,390,90,0,90,480
10/21/2022,BUR,CA,AWP,WE,Towers with Radar,197,76,43,0,316,0,0,40,0,40,197,76,83,0,356,66,0,66,422
10/22/2022,BUR,CA,AWP,WE,Towers with Radar,139,50,25,0,214,0,4,24,2,30,139,54,49,2,244,52,0,52,296
10/23/2022,BUR,CA,AWP,WE,Towers with Radar,152,74,34,1,261,0,4,44,0,48,152,78,78,1,309,16,0,16,325
10/24/2022,BUR,CA,AWP,WE,Towers with Radar,195,67,29,0,291,0,1,37,1,39,195,68,66,1,330,108,0,108,438
10/25/2022,BUR,CA,AWP,WE,Towers with Radar,188,64,31,0,283,0,3,42,1,46,188,67,73,1,329,124,0,124,453
10/26/2022,BUR,CA,AWP,WE,Towers with Radar,189,84,32,0,305,0,4,47,0,51,189,88,79,0,356,162,0,162,518
10/27/2022,BUR,CA,AWP,WE,Towers with Radar,196,75,44,1,316,0,0,68,0,68,196,75,112,1,384,168,0,168,552
10/28/2022,BUR,CA,AWP,WE,Towers with Radar,196,81,34,0,311,0,0,50,2,52,196,81,84,2,363,152,0,152,515
10/29/2022,BUR,CA,AWP,WE,Towers with Radar,137,55,30,0,222,0,8,53,4,65,137,63,83,4,287,146,0,146,433
10/30/2022,BUR,CA,AWP,WE,Towers with Radar,157,63,23,0,243,0,11,23,0,34,157,74,46,0,277,56,0,56,333
10/31/2022,BUR,CA,AWP,WE,Towers with Radar,189,64,20,2,275,0,2,31,0,33,189,66,51,2,308,94,0,94,402
11/01/2022,BUR,CA,AWP,WE,Towers with Radar,197,70,38,1,306,0,2,13,0,15,197,72,51,1,321,20,0,20,341
11/02/2022,BUR,CA,AWP,WE,Towers with Radar,195,69,28,1,293,0,2,18,0,20,195,71,46,1,313,80,0,80,393
11/03/2022,BUR,CA,AWP,WE,Towers with Radar,197,73,25,1,296,0,4,27,0,31,197,77,52,1,327,6,0,6,333
11/04/2022,BUR,CA,AWP,WE,Towers with Radar,201,80,38,1,320,0,4,51,1,56,201,84,89,2,376,68,0,68,444
11/05/2022,BUR,CA,AWP,WE,Towers with Radar,150,59,22,0,231,0,2,23,2,27,150,61,45,2,258,12,0,12,270
11/06/2022,BUR,CA,AWP,WE,Towers with Radar,190,67,35,0,292,0,0,22,2,24,190,67,57,2,316,14,0,14,330
11/07/2022,BUR,CA,AWP,WE,Towers with Radar,200,69,31,0,300,0,1,8,0,9,200,70,39,0,309,8,0,8,317
11/08/2022,BUR,CA,AWP,WE,Towers with Radar,135,73,26,3,237,0,0,7,0,7,135,73,33,3,244,0,0,0,244
11/09/2022,BUR,CA,AWP,WE,Towers with Radar,175,60,27,0,262,0,2,51,0,53,175,62,78,0,315,56,0,56,371
11/10/2022,BUR,CA,AWP,WE,Towers with Radar,194,82,35,0,311,0,8,51,0,59,194,90,86,0,370,110,0,110,480
11/11/2022,BUR,CA,AWP,WE,Towers with Radar,194,60,27,0,281,0,2,52,2,56,194,62,79,2,337,18,0,18,355
11/12/2022,BUR,CA,AWP,WE,Towers with Radar,142,53,27,0,222,0,4,47,2,53,142,57,74,2,275,86,0,86,361
11/13/2022,BUR,CA,AWP,WE,Towers with Radar,188,60,33,0,281,0,2,28,0,30,188,62,61,0,311,18,0,18,329
11/14/2022,BUR,CA,AWP,WE,Towers with Radar,196,67,29,0,292,0,11,43,1,55,196,78,72,1,347,64,0,64,411
11/15/2022,BUR,CA,AWP,WE,Towers with Radar,169,81,29,0,279,0,6,34,1,41,169,87,63,1,320,78,0,78,398
11/16/2022,BUR,CA,AWP,WE,Towers with Radar,170,80,23,1,274,0,5,15,0,20,170,85,38,1,294,62,0,62,356
11/17/2022,BUR,CA,AWP,WE,Towers with Radar,189,81,40,1,311,0,4,60,5,69,189,85,100,6,380,160,0,160,540
11/18/2022,BUR,CA,AWP,WE,Towers with Radar,197,68,48,2,315,0,12,57,3,72,197,80,105,5,387,134,0,134,521
11/19/2022,BUR,CA,AWP,WE,Towers with Radar,144,59,35,0,238,0,3,29,5,37,144,62,64,5,275,108,0,108,383
11/20/2022,BUR,CA,AWP,WE,Towers with Radar,200,74,36,0,310,0,4,40,1,45,200,78,76,1,355,10,0,10,365
11/21/2022,BUR,CA,AWP,WE,Towers with Radar,207,54,34,1,296,0,3,44,0,47,207,57,78,1,343,86,0,86,429
11/22/2022,BUR,CA,AWP,WE,Towers with Radar,170,59,44,0,273,0,1,60,2,63,170,60,104,2,336,100,0,100,436
11/23/2022,BUR,CA,AWP,WE,Towers with Radar,171,70,33,1,275,0,2,50,1,53,171,72,83,2,328,54,0,54,382
11/24/2022,BUR,CA,AWP,WE,Towers with Radar,141,38,8,0,187,0,0,5,0,5,141,38,13,0,192,0,0,0,192
11/25/2022,BUR,CA,AWP,WE,Towers with Radar,186,66,22,0,274,0,3,36,0,39,186,69,58,0,313,28,0,28,341
11/26/2022,BUR,CA,AWP,WE,Towers with Radar,146,54,28,0,228,0,3,27,0,30,146,57,55,0,258,16,0,16,274
11/27/2022,BUR,CA,AWP,WE,Towers with Radar,170,64,45,0,279,0,10,30,0,40,170,74,75,0,319,22,0,22,341
11/28/2022,BUR,CA,AWP,WE,Towers with Radar,173,68,28,0,269,0,3,34,0,37,173,71,62,0,306,122,0,122,428
11/29/2022,BUR,CA,AWP,WE,Towers with Radar,199,86,39,1,325,0,9,45,0,54,199,95,84,1,379,130,0,130,509
11/30/2022,BUR,CA,AWP,WE,Towers with Radar,165,90,38,0,293,0,3,50,0,53,165,93,88,0,346,116,0,116,462
12/01/2022,BUR,CA,AWP,WE,Towers with Radar,163,83,35,0,281,0,2,24,0,26,163,85,59,0,307,22,0,22,329
12/02/2022,BUR,CA,AWP,WE,Towers with Radar,164,82,27,1,274,0,1,6,0,7,164,83,33,1,281,0,0,0,281
12/03/2022,BUR,CA,AWP,WE,Towers with Radar,134,55,38,1,228,0,1,39,2,42,134,56,77,3,270,36,0,36,306
12/04/2022,BUR,CA,AWP,WE,Towers with Radar,189,68,24,0,281,0,1,8,0,9,189,69,32,0,290,64,0,64,354
12/05/2022,BUR,CA,AWP,WE,Towers with Radar,170,83,37,1,291,0,2,27,0,29,170,85,64,1,320,72,0,72,392
12/06/2022,BUR,CA,AWP,WE,Towers with Radar,171,72,24,2,269,0,4,38,0,42,171,76,62,2,311,150,0,150,461
12/07/2022,BUR,CA,AWP,WE,Towers with Radar,170,74,41,0,285,0,5,43,0,48,170,79,84,0,333,156,0,156,489
12/08/2022,BUR,CA,AWP,WE,Towers with Radar,174,90,31,0,295,0,5,30,0,35,174,95,61,0,330,106,0,106,436
12/09/2022,BUR,CA,AWP,WE,Towers with Radar,170,77,28,1,276,0,7,27,0,34,170,84,55,1,310,8,0,8,318
12/10/2022,BUR,CA,AWP,WE,Towers with Radar,131,54,22,1,208,0,1,7,1,9,131,55,29,2,217,28,0,28,245
12/11/2022,BUR,CA,AWP,WE,Towers with Radar,185,72,32,1,290,0,0,14,0,14,185,72,46,1,304,0,0,0,304
12/12/2022,BUR,CA,AWP,WE,Towers with Radar,171,73,28,0,272,0,2,28,0,30,171,75,56,0,302,90,0,90,392
12/13/2022,BUR,CA,AWP,WE,Towers with Radar,173,77,27,0,277,0,5,48,0,53,173,82,75,0,330,74,0,74,404
12/14/2022,BUR,CA,AWP,WE,Towers with Radar,176,75,35,1,287,0,3,47,0,50,176,78,82,1,337,128,0,128,465
12/15/2022,BUR,CA,AWP,WE,Towers with Radar,182,88,29,4,303,0,1,36,1,38,182,89,65,5,341,118,0,118,459
12/16/2022,BUR,CA,AWP,WE,Towers with Radar,205,75,25,0,305,0,2,31,0,33,205,77,56,0,338,62,0,62,400
12/17/2022,BUR,CA,AWP,WE,Towers with Radar,143,56,32,0,231,0,5,30,0,35,143,61,62,0,266,36,0,36,302
12/18/2022,BUR,CA,AWP,WE,Towers with Radar,195,62,23,0,280,0,3,36,1,40,195,65,59,1,320,42,0,42,362
12/19/2022,BUR,CA,AWP,WE,Towers with Radar,189,55,33,3,280,0,3,21,0,24,189,58,54,3,304,26,0,26,330
12/20/2022,BUR,CA,AWP,WE,Towers with Radar,201,66,18,2,287,0,2,28,0,30,201,68,46,2,317,26,0,26,343
12/21/2022,BUR,CA,AWP,WE,Towers with Radar,155,60,29,1,245,0,2,37,2,41,155,62,66,3,286,74,0,74,360
12/22/2022,BUR,CA,AWP,WE,Towers with Radar,158,73,32,0,263,0,6,38,0,44,158,79,70,0,307,170,0,170,477
12/23/2022,BUR,CA,AWP,WE,Towers with Radar,127,74,21,0,222,0,4,30,0,34,127,78,51,0,256,12,0,12,268
12/24/2022,BUR,CA,AWP,WE,Towers with Radar,86,56,19,0,161,0,0,17,0,17,86,56,36,0,178,16,0,16,194
12/25/2022,BUR,CA,AWP,WE,Towers with Radar,112,42,10,0,164,0,4,13,1,18,112,46,23,1,182,24,0,24,206
12/26/2022,BUR,CA,AWP,WE,Towers with Radar,62,67,36,0,165,0,3,25,0,28,62,70,61,0,193,8,0,8,201
12/27/2022,BUR,CA,AWP,WE,Towers with Radar,68,68,34,0,170,0,0,31,1,32,68,68,65,1,202,108,0,108,310
12/28/2022,BUR,CA,AWP,WE,Towers with Radar,77,62,33,0,172,0,1,32,1,34,77,63,65,1,206,72,0,72,278
12/29/2022,BUR,CA,AWP,WE,Towers with Radar,83,66,30,0,179,0,0,23,0,23,83,66,53,0,202,32,0,32,234
12/30/2022,BUR,CA,AWP,WE,Towers with Radar,164,76,25,0,265,0,1,16,0,17,164,77,41,0,282,0,0,0,282
12/31/2022,BUR,CA,AWP,WE,Towers with Radar,130,52,11,0,193,0,0,0,0,0,130,52,11,0,193,0,0,0,193
01/01/2023,BUR,CA,AWP,WE,Towers with Radar,177,71,28,0,276,0,5,25,0,30,177,76,53,0,306,0,0,0,306
01/02/2023,BUR,CA,AWP,WE,Towers with Radar,149,73,113,0,335,0,4,23,0,27,149,77,136,0,362,32,0,32,394
01/03/2023,BUR,CA,AWP,WE,Towers with Radar,202,68,40,0,310,0,2,7,0,9,202,70,47,0,319,42,0,42,361
01/04/2023,BUR,CA,AWP,WE,Towers with Radar,165,66,20,0,251,0,0,2,0,2,165,66,22,0,253,0,0,0,253
01/05/2023,BUR,CA,AWP,WE,Towers with Radar,169,67,17,1,254,0,3,6,0,9,169,70,23,1,263,0,0,0,263
01/06/2023,BUR,CA,AWP,WE,Towers with Radar,178,90,34,0,302,0,5,39,1,45,178,95,73,1,347,68,0,68,415
01/07/2023,BUR,CA,AWP,WE,Towers with Radar,122,62,36,0,220,0,3,19,0,22,122,65,55,0,242,46,0,46,288
01/08/2023,BUR,CA,AWP,WE,Towers with Radar,154,79,51,0,284,0,2,15,0,17,154,81,66,0,301,86,0,86,387
01/09/2023,BUR,CA,AWP,WE,Towers with Radar,174,91,39,0,304,0,0,2,0,2,174,91,41,0,306,0,0,0,306
01/10/2023,BUR,CA,AWP,WE,Towers with Radar,129,64,65,0,258,0,0,10,0,10,129,64,75,0,268,52,0,52,320
01/11/2023,BUR,CA,AWP,WE,Towers with Radar,147,76,43,0,266,0,0,31,0,31,147,76,74,0,297,90,0,90,387
01/12/2023,BUR,CA,AWP,WE,Towers with Radar,185,81,35,0,301,0,1,24,0,25,185,82,59,0,326,36,0,36,362
01/13/2023,BUR,CA,AWP,WE,Towers with Radar,181,78,51,0,310,0,4,33,1,38,181,82,84,1,348,48,0,48,396
01/14/2023,BUR,CA,AWP,WE,Towers with Radar,113,58,15,0,186,0,1,3,0,4,113,59,18,0,190,0,0,0,190
01/15/2023,BUR,CA,AWP,WE,Towers with Radar,152,60,24,0,236,0,0,5,0,5,152,60,29,0,241,18,0,18,259
01/16/2023,BUR,CA,AWP,WE,Towers with Radar,187,69,27,1,284,0,2,12,0,14,187,71,39,1,298,24,0,24,322
01/17/2023,BUR,CA,AWP,WE,Towers with Radar,145,69,23,1,238,0,1,35,0,36,145,70,58,1,274,120,0,120,394
01/18/2023,BUR,CA,AWP,WE,Towers with Radar,157,72,25,0,254,0,6,48,0,54,157,78,73,0,308,68,0,68,376
01/19/2023,BUR,CA,AWP,WE,Towers with Radar,184,82,29,2,297,0,4,36,0,40,184,86,65,2,337,116,0,116,453
01/20/2023,BUR,CA,AWP,WE,Towers with Radar,181,72,30,0,283,0,4,40,0,44,181,76,70,0,327,96,0,96,423
01/21/2023,BUR,CA,AWP,WE,Towers with Radar,117,51,33,0,201,0,2,40,2,44,117,53,73,2,245,50,0,50,295
01/22/2023,BUR,CA,AWP,WE,Towers with Radar,150,65,29,0,244,0,0,29,0,29,150,65,58,0,273,2,0,2,275
01/23/2023,BUR,CA,AWP,WE,Towers with Radar,179,68,25,0,272,0,3,16,0,19,179,71,41,0,291,6,0,6,297
01/24/2023,BUR,CA,AWP,WE,Towers with Radar,156,74,29,0,259,0,2,35,0,37,156,76,64,0,296,84,0,84,380
01/25/2023,BUR,CA,AWP,WE,Towers with Radar,153,75,35,0,263,0,2,30,0,32,153,77,65,0,295,48,0,48,343
01/26/2023,BUR,CA,AWP,WE,Towers with Radar,186,71,36,0,293,0,4,18,2,24,186,75,54,2,317,18,0,18,335
01/27/2023,BUR,CA,AWP,WE,Towers with Radar,182,76,44,0,302,0,3,43,2,48,182,79,87,2,350,98,0,98,448
01/28/2023,BUR,CA,AWP,WE,Towers with Radar,114,55,23,0,192,0,1,31,0,32,114,56,54,0,224,50,0,50,274
01/29/2023,BUR,CA,AWP,WE,Towers with Radar,155,55,41,0,251,0,2,11,0,13,155,57,52,0,264,42,0,42,306
01/30/2023,BUR,CA,AWP,WE,Towers with Radar,174,60,25,0,259,0,1,18,0,19,174,61,43,0,278,77,0,77,355
01/31/2023,BUR,CA,AWP,WE,Towers with Radar,148,53,30,0,231,0,8,29,1,38,148,61,59,1,269,22,0,22,291
02/01/2023,BUR,CA,AWP,WE,Towers with Radar,152,62,30,2,246,2,1,28,1,32,154,63,58,3,278,138,0,138,416
02/02/2023,BUR,CA,AWP,WE,Towers with Radar,188,86,38,0,312,0,2,45,0,47,188,88,83,0,359,62,0,62,421
02/03/2023,BUR,CA,AWP,WE,Towers with Radar,183,78,24,1,286,0,4,39,0,43,183,82,63,1,329,42,0,42,371
02/04/2023,BUR,CA,AWP,WE,Towers with Radar,117,47,30,3,197,0,0,43,0,43,117,47,73,3,240,2,0,2,242
02/05/2023,BUR,CA,AWP,WE,Towers with Radar,158,68,32,2,260,0,0,13,0,13,158,68,45,2,273,92,0,92,365
02/06/2023,BUR,CA,AWP,WE,Towers with Radar,179,70,39,2,290,0,4,22,0,26,179,74,61,2,316,50,0,50,366
02/07/2023,BUR,CA,AWP,WE,Towers with Radar,159,64,37,2,262,0,9,46,0,55,159,73,83,2,317,108,0,108,425
02/08/2023,BUR,CA,AWP,WE,Towers with Radar,165,73,29,2,269,0,5,38,1,44,165,78,67,3,313,192,0,192,505
02/09/2023,BUR,CA,AWP,WE,Towers with Radar,192,76,42,1,311,0,4,38,1,43,192,80,80,2,354,156,0,156,510
02/10/2023,BUR,CA,AWP,WE,Towers with Radar,184,84,39,0,307,0,4,44,0,48,184,88,83,0,355,126,0,126,481
02/11/2023,BUR,CA,AWP,WE,Towers with Radar,121,57,33,0,211,0,1,39,0,40,121,58,72,0,251,114,0,114,365
02/12/2023,BUR,CA,AWP,WE,Towers with Radar,156,72,31,2,261,0,0,26,0,26,156,72,57,2,287,86,0,86,373
02/13/2023,BUR,CA,AWP,WE,Towers with Radar,182,74,45,1,302,0,3,21,0,24,182,77,66,1,326,38,0,38,364
02/14/2023,BUR,CA,AWP,WE,Towers with Radar,156,61,34,1,252,0,1,38,0,39,156,62,72,1,291,14,0,14,305
02/15/2023,BUR,CA,AWP,WE,Towers with Radar,155,81,34,0,270,0,3,19,0,22,155,84,53,0,292,4,0,4,296
02/16/2023,BUR,CA,AWP,WE,Towers with Radar,193,85,46,0,324,0,6,44,5,55,193,91,90,5,379,50,0,50,429
02/17/2023,BUR,CA,AWP,WE,Towers with Radar,190,73,45,0,308,0,4,48,0,52,190,77,93,0,360,110,0,110,470
02/18/2023,BUR,CA,AWP,WE,Towers with Radar,118,59,29,0,206,0,0,39,0,39,118,59,68,0,245,90,0,90,335
02/19/2023,BUR,CA,AWP,WE,Towers with Radar,158,71,32,0,261,0,7,32,1,40,158,78,64,1,301,38,0,38,339
02/20/2023,BUR,CA,AWP,WE,Towers with Radar,193,77,24,0,294,0,2,46,0,48,193,79,70,0,342,60,0,60,402
02/21/2023,BUR,CA,AWP,WE,Towers with Radar,167,69,40,0,276,0,6,36,0,42,167,75,76,0,318,94,0,94,412
02/22/2023,BUR,CA,AWP,WE,Towers with Radar,148,68,22,0,238,0,3,19,0,22,148,71,41,0,260,6,0,6,266
02/23/2023,BUR,CA,AWP,WE,Towers with Radar,192,61,30,0,283,0,0,12,0,12,192,61,42,0,295,56,0,56,351
02/24/2023,BUR,CA,AWP,WE,Towers with Radar,132,46,14,0,192,0,0,0,0,0,132,46,14,0,192,0,0,0,192
02/25/2023,BUR,CA,AWP,WE,Towers with Radar,114,45,13,0,172,0,0,2,0,2,114,45,15,0,174,0,0,0,174
02/26/2023,BUR,CA,AWP,WE,Towers with Radar,166,62,23,0,251,0,0,33,0,33,166,62,56,0,284,66,0,66,350
02/27/2023,BUR,CA,AWP,WE,Towers with Radar,188,64,24,1,277,0,0,2,0,2,188,64,26,1,279,0,0,0,279
02/28/2023,BUR,CA,AWP,WE,Towers with Radar,164,69,24,0,257,0,1,14,0,15,164,70,38,0,272,82,0,82,354
03/01/2023,BUR,CA,AWP,WE,Towers with Radar,154,54,29,0,237,0,0,17,0,17,154,54,46,0,254,84,0,84,338
03/02/2023,BUR,CA,AWP,WE,Towers with Radar,193,76,41,0,310,0,2,55,0,57,193,78,96,0,367,200,0,200,567
03/03/2023,BUR,CA,AWP,WE,Towers with Radar,190,82,33,0,305,0,4,61,0,65,190,86,94,0,370,160,0,160,530
03/04/2023,BUR,CA,AWP,WE,Towers with Radar,116,51,32,1,200,0,2,16,0,18,116,53,48,1,218,0,0,0,218
03/05/2023,BUR,CA,AWP,WE,Towers with Radar,160,80,28,0,268,0,0,18,0,18,160,80,46,0,286,0,0,0,286
03/06/2023,BUR,CA,AWP,WE,Towers with Radar,196,75,21,0,292,0,0,22,0,22,196,75,43,0,314,0,0,0,314
03/07/2023,BUR,CA,AWP,WE,Towers with Radar,169,71,33,0,273,0,1,32,0,33,169,72,65,0,306,0,0,0,306
03/08/2023,BUR,CA,AWP,WE,Towers with Radar,167,86,42,2,297,2,2,26,1,31,169,88,68,3,328,0,0,0,328
03/09/2023,BUR,CA,AWP,WE,Towers with Radar,187,104,39,0,330,0,2,11,0,13,187,106,50,0,343,2,0,2,345
03/10/2023,BUR,CA,AWP,WE,Towers with Radar,179,73,33,3,288,0,0,0,0,0,179,73,33,3,288,0,0,0,288
03/11/2023,BUR,CA,AWP,WE,Towers with Radar,122,56,26,6,210,0,0,0,0,0,122,56,26,6,210,0,0,0,210
03/12/2023,BUR,CA,AWP,WE,Towers with Radar,152,69,40,4,265,0,1,24,13,38,152,70,64,17,303,90,0,90,393
03/13/2023,BUR,CA,AWP,WE,Towers with Radar,181,71,30,0,282,0,3,24,0,27,181,74,54,0,309,154,0,154,463
03/14/2023,BUR,CA,AWP,WE,Towers with Radar,158,47,22,0,227,0,0,0,0,0,158,47,22,0,227,0,0,0,227
03/15/2023,BUR,CA,AWP,WE,Towers with Radar,174,61,30,14,279,0,0,18,0,18,174,61,48,14,297,114,0,114,411
03/16/2023,BUR,CA,AWP,WE,Towers with Radar,192,90,21,0,303,0,2,26,0,28,192,92,47,0,331,144,0,144,475
03/17/2023,BUR,CA,AWP,WE,Towers with Radar,189,87,25,0,301,0,2,38,0,40,189,89,63,0,341,54,0,54,395
03/18/2023,BUR,CA,AWP,WE,Towers with Radar,131,60,19,0,210,0,3,28,0,31,131,63,47,0,241,68,0,68,309
03/19/2023,BUR,CA,AWP,WE,Towers with Radar,153,78,28,0,259,0,2,21,0,23,153,80,49,0,282,200,0,200,482
03/20/2023,BUR,CA,AWP,WE,Towers with Radar,185,79,32,1,297,0,2,18,0,20,185,81,50,1,317,186,0,186,503
03/21/2023,BUR,CA,AWP,WE,Towers with Radar,144,54,16,0,214,0,0,0,0,0,144,54,16,0,214,0,0,0,214
03/22/2023,BUR,CA,AWP,WE,Towers with Radar,171,58,19,0,248,0,0,3,0,3,171,58,22,0,251,0,0,0,251
03/23/2023,BUR,CA,AWP,WE,Towers with Radar,194,92,36,0,322,0,3,37,1,41,194,95,73,1,363,186,0,186,549
03/24/2023,BUR,CA,AWP,WE,Towers with Radar,170,85,22,0,277,0,3,18,0,21,170,88,40,0,298,52,0,52,350
03/25/2023,BUR,CA,AWP,WE,Towers with Radar,121,49,22,0,192,0,1,29,0,30,121,50,51,0,222,92,0,92,314
03/26/2023,BUR,CA,AWP,WE,Towers with Radar,153,66,38,0,257,0,5,20,1,26,153,71,58,1,283,18,0,18,301
03/27/2023,BUR,CA,AWP,WE,Towers with Radar,183,73,34,0,290,0,6,52,1,59,183,79,86,1,349,118,0,118,467
03/28/2023,BUR,CA,AWP,WE,Towers with Radar,166,58,24,1,249,0,4,32,0,36,166,62,56,1,285,82,0,82,367
03/29/2023,BUR,CA,AWP,WE,Towers with Radar,170,77,18,0,265,0,2,14,0,16,170,79,32,0,281,60,0,60,341
03/30/2023,BUR,CA,AWP,WE,Towers with Radar,191,72,36,0,299,0,0,22,0,22,191,72,58,0,321,70,0,70,391
03/31/2023,BUR,CA,AWP,WE,Towers with Radar,186,77,35,0,298,0,1,31,0,32,186,78,66,0,330,56,0,56,386
04/01/2023,BUR,CA,AWP,WE,Towers with Radar,126,46,28,0,200,0,2,38,0,40,126,48,66,0,240,120,0,120,360
04/02/2023,BUR,CA,AWP,WE,Towers with Radar,149,68,30,0,247,0,4,27,0,31,149,72,57,0,278,110,0,110,388
04/03/2023,BUR,CA,AWP,WE,Towers with Radar,177,63,23,0,263,0,2,10,2,14,177,65,33,2,277,24,0,24,301
04/04/2023,BUR,CA,AWP,WE,Towers with Radar,162,59,20,1,242,0,4,27,3,34,162,63,47,4,276,28,0,28,304
04/05/2023,BUR,CA,AWP,WE,Towers with Radar,176,68,34,2,280,0,4,33,1,38,176,72,67,3,318,208,0,208,526
04/06/2023,BUR,CA,AWP,WE,Towers with Radar,192,73,35,0,300,0,3,36,0,39,192,76,71,0,339,30,0,30,369
04/07/2023,BUR,CA,AWP,WE,Towers with Radar,188,71,35,0,294,0,8,57,0,65,188,79,92,0,359,170,0,170,529
04/08/2023,BUR,CA,AWP,WE,Towers with Radar,132,48,19,0,199,0,5,44,0,49,132,53,63,0,248,128,0,128,376
04/09/2023,BUR,CA,AWP,WE,Towers with Radar,156,61,23,0,240,0,3,33,0,36,156,64,56,0,276,14,0,14,290
04/10/2023,BUR,CA,AWP,WE,Towers with Radar,188,54,27,0,269,0,4,34,1,39,188,58,61,1,308,68,0,68,376
04/11/2023,BUR,CA,AWP,WE,Towers with Radar,182,66,29,1,278,0,0,23,0,23,182,66,52,1,301,138,0,138,439
04/12/2023,BUR,CA,AWP,WE,Towers with Radar,189,67,24,1,281,0,0,4,0,4,189,67,28,1,285,0,0,0,285
04/13/2023,BUR,CA,AWP,WE,Towers with Radar,201,87,46,1,335,0,4,36,1,41,201,91,82,2,376,134,0,134,510
04/14/2023,BUR,CA,AWP,WE,Towers with Radar,188,80,51,4,323,0,3,41,1,45,188,83,92,5,368,118,0,118,486
04/15/2023,BUR,CA,AWP,WE,Towers with Radar,124,51,26,2,203,0,2,41,0,43,124,53,67,2,246,156,0,156,402
04/16/2023,BUR,CA,AWP,WE,Towers with Radar,151,82,49,1,283,0,0,39,0,39,151,82,88,1,322,154,0,154,476
04/17/2023,BUR,CA,AWP,WE,Towers with Radar,190,78,27,0,295,0,3,24,0,27,190,81,51,0,322,16,0,16,338
04/18/2023,BUR,CA,AWP,WE,Towers with Radar,187,76,36,0,299,0,3,32,0,35,187,79,68,0,334,156,0,156,490
04/19/2023,BUR,CA,AWP,WE,Towers with Radar,192,71,28,0,291,0,2,43,0,45,192,73,71,0,336,114,0,114,450
04/20/2023,BUR,CA,AWP,WE,Towers with Radar,189,77,35,0,301,0,4,55,3,62,189,81,90,3,363,102,0,102,465
04/21/2023,BUR,CA,AWP,WE,Towers with Radar,194,81,49,0,324,0,7,57,2,66,194,88,106,2,390,88,0,88,478
04/22/2023,BUR,CA,AWP,WE,Towers with Radar,122,60,18,0,200,0,1,43,0,44,122,61,61,0,244,40,0,40,284
04/23/2023,BUR,CA,AWP,WE,Towers with Radar,157,76,36,1,270,0,0,29,0,29,157,76,65,1,299,82,0,82,381
04/24/2023,BUR,CA,AWP,WE,Towers with Radar,196,63,36,0,295,0,2,32,0,34,196,65,68,0,329,66,0,66,395
04/25/2023,BUR,CA,AWP,WE,Towers with Radar,181,61,21,0,263,0,0,48,1,49,181,61,69,1,312,84,0,84,396
04/26/2023,BUR,CA,AWP,WE,Towers with Radar,190,73,49,1,313,0,9,29,0,38,190,82,78,1,351,132,0,132,483
04/27/2023,BUR,CA,AWP,WE,Towers with Radar,209,83,25,1,318,0,8,36,0,44,209,91,61,1,362,70,0,70,432
04/28/2023,BUR,CA,AWP,WE,Towers with Radar,194,80,31,5,310,0,8,34,5,47,194,88,65,10,357,110,0,110,467
04/29/2023,BUR,CA,AWP,WE,Towers with Radar,124,63,28,4,219,0,8,34,5,47,124,71,62,9,266,80,0,80,346
04/30/2023,BUR,CA,AWP,WE,Towers with Radar,154,83,42,0,279,0,2,23,2,27,154,85,65,2,306,16,0,16,322
05/01/2023,BUR,CA,AWP,WE,Towers with Radar,193,72,36,1,302,0,4,26,0,30,193,76,62,1,332,134,0,134,466
05/02/2023,BUR,CA,AWP,WE,Towers with Radar,184,79,26,1,290,0,1,21,0,22,184,80,47,1,312,50,0,50,362
05/03/2023,BUR,CA,AWP,WE,Towers with Radar,186,81,47,0,314,0,4,42,0,46,186,85,89,0,360,128,0,128,488
05/04/2023,BUR,CA,AWP,WE,Towers with Radar,195,70,33,0,298,0,1,21,0,22,195,71,54,0,320,38,0,38,358
05/05/2023,BUR,CA,AWP,WE,Towers with Radar,193,75,40,0,308,0,3,58,0,61,193,78,98,0,369,172,0,172,541
05/06/2023,BUR,CA,AWP,WE,Towers with Radar,118,40,18,0,176,0,6,36,0,42,118,46,54,0,218,52,0,52,270
05/07/2023,BUR,CA,AWP,WE,Towers with Radar,153,70,37,0,260,0,0,48,0,48,153,70,85,0,308,0,0,0,308
05/08/2023,BUR,CA,AWP,WE,Towers with Radar,192,68,47,2,309,0,3,33,1,37,192,71,80,3,346,14,0,14,360
05/09/2023,BUR,CA,AWP,WE,Towers with Radar,178,63,36,1,278,0,2,26,0,28,178,65,62,1,306,240,0,240,546
05/10/2023,BUR,CA,AWP,WE,Towers with Radar,188,73,60,0,321,0,5,44,0,49,188,78,104,0,370,190,0,190,560
05/11/2023,BUR,CA,AWP,WE,Towers with Radar,194,81,65,0,340,0,7,38,0,45,194,88,103,0,385,114,0,114,499
05/12/2023,BUR,CA,AWP,WE,Towers with Radar,188,93,42,0,323,0,4,38,0,42,188,97,80,0,365,42,0,42,407
05/13/2023,BUR,CA,AWP,WE,Towers with Radar,117,53,15,0,185,0,2,25,0,27,117,55,40,0,212,10,0,10,222
05/14/2023,BUR,CA,AWP,WE,Towers with Radar,151,72,30,0,253,0,1,15,0,16,151,73,45,0,269,28,0,28,297
05/15/2023,BUR,CA,AWP,WE,Towers with Radar,193,68,39,1,301,0,2,44,1,47,193,70,83,2,348,86,0,86,434
05/16/2023,BUR,CA,AWP,WE,Towers with Radar,180,68,25,2,275,0,3,46,0,49,180,71,71,2,324,90,0,90,414
05/17/2023,BUR,CA,AWP,WE,Towers with Radar,183,69,43,0,295,0,3,42,0,45,183,72,85,0,340,122,0,122,462
05/18/2023,BUR,CA,AWP,WE,Towers with Radar,199,70,41,0,310,0,4,30,1,35,199,74,71,1,345,62,0,62,407
05/19/2023,BUR,CA,AWP,WE,Towers with Radar,185,90,35,0,310,0,2,31,0,33,185,92,66,0,343,108,0,108,451
05/20/2023,BUR,CA,AWP,WE,Towers with Radar,123,51,36,0,210,0,2,30,0,32,123,53,66,0,242,16,0,16,258
05/21/2023,BUR,CA,AWP,WE,Towers with Radar,156,71,27,0,254,0,3,27,0,30,156,74,54,0,284,110,0,110,394
05/22/2023,BUR,CA,AWP,WE,Towers with Radar,196,78,32,0,306,0,1,17,0,18,196,79,49,0,324,30,0,30,354
05/23/2023,BUR,CA,AWP,WE,Towers with Radar,180,78,23,0,281,0,1,9,0,10,180,79,32,0,291,94,0,94,385
05/24/2023,BUR,CA,AWP,WE,Towers with Radar,188,87,32,0,307,0,6,25,0,31,188,93,57,0,338,158,0,158,496
05/25/2023,BUR,CA,AWP,WE,Towers with Radar,199,82,28,0,309,0,3,32,1,36,199,85,60,1,345,106,0,106,451
05/26/2023,BUR,CA,AWP,WE,Towers with Radar,189,81,27,0,297,0,2,30,0,32,189,83,57,0,329,46,0,46,375
05/27/2023,BUR,CA,AWP,WE,Towers with Radar,117,58,22,0,197,0,4,37,0,41,117,62,59,0,238,108,0,108,346
05/28/2023,BUR,CA,AWP,WE,Towers with Radar,139,84,15,0,238,0,7,17,2,26,139,91,32,2,264,94,0,94,358
05/29/2023,BUR,CA,AWP,WE,Towers with Radar,189,63,24,0,276,0,5,18,0,23,189,68,42,0,299,44,0,44,343
05/30/2023,BUR,CA,AWP,WE,Towers with Radar,187,82,39,0,308,0,6,23,0,29,187,88,62,0,337,152,0,152,489
05/31/2023,BUR,CA,AWP,WE,Towers with Radar,194,67,46,0,307,0,6,40,1,47,194,73,86,1,354,174,0,174,528
06/01/2023,BUR,CA,AWP,WE,Towers with Radar,200,79,30,2,311,0,2,18,2,22,200,81,48,4,333,92,0,92,425
06/02/2023,BUR,CA,AWP,WE,Towers with Radar,201,76,36,0,313,0,2,43,0,45,201,78,79,0,358,12,0,12,370
06/03/2023,BUR,CA,AWP,WE,Towers with Radar,123,52,37,0,212,0,3,46,0,49,123,55,83,0,261,54,0,54,315
06/04/2023,BUR,CA,AWP,WE,Towers with Radar,154,70,42,0,266,0,1,24,0,25,154,71,66,0,291,16,0,16,307
06/05/2023,BUR,CA,AWP,WE,Towers with Radar,188,62,27,2,279,0,3,11,0,14,188,65,38,2,293,60,0,60,353
06/06/2023,BUR,CA,AWP,WE,Towers with Radar,179,65,35,0,279,0,4,24,0,28,179,69,59,0,307,82,0,82,389
06/07/2023,BUR,CA,AWP,WE,Towers with Radar,182,68,39,0,289,0,4,33,1,38,182,72,72,1,327,130,0,130,457
06/08/2023,BUR,CA,AWP,WE,Towers with Radar,192,83,39,0,314,0,3,35,0,38,192,86,74,0,352,24,0,24,376
06/09/2023,BUR,CA,AWP,WE,Towers with Radar,187,76,27,0,290,0,0,17,1,18,187,76,44,1,308,26,0,26,334
06/10/2023,BUR,CA,AWP,WE,Towers with Radar,138,51,21,0,210,0,3,18,1,22,138,54,39,1,232,114,0,114,346
06/11/2023,BUR,CA,AWP,WE,Towers with Radar,155,68,32,0,255,0,4,19,0,23,155,72,51,0,278,34,0,34,312
06/12/2023,BUR,CA,AWP,WE,Towers with Radar,188,84,25,0,297,0,5,23,0,28,188,89,48,0,325,36,0,36,361
06/13/2023,BUR,CA,AWP,WE,Towers with Radar,179,65,34,1,279,0,3,21,1,25,179,68,55,2,304,66,0,66,370
06/14/2023,BUR,CA,AWP,WE,Towers with Radar,184,65,29,2,280,0,2,18,0,20,184,67,47,2,300,144,0,144,444
06/15/2023,BUR,CA,AWP,WE,Towers with Radar,187,79,53,0,319,0,3,18,0,21,187,82,71,0,340,86,0,86,426
06/16/2023,BUR,CA,AWP,WE,Towers with Radar,187,75,40,1,303,0,1,23,0,24,187,76,63,1,327,90,0,90,417
06/17/2023,BUR,CA,AWP,WE,Towers with Radar,142,59,26,0,227,0,1,31,0,32,142,60,57,0,259,60,0,60,319
06/18/2023,BUR,CA,AWP,WE,Towers with Radar,152,63,31,0,246,0,3,20,0,23,152,66,51,0,269,104,0,104,373
06/19/2023,BUR,CA,AWP,WE,Towers with Radar,183,70,35,0,288,0,1,27,0,28,183,71,62,0,316,84,0,84,400
06/20/2023,BUR,CA,AWP,WE,Towers with Radar,178,67,18,0,263,0,2,51,0,53,178,69,69,0,316,128,0,128,444
06/21/2023,BUR,CA,AWP,WE,Towers with Radar,175,63,24,2,264,0,5,34,0,39,175,68,58,2,303,48,0,48,351
06/22/2023,BUR,CA,AWP,WE,Towers with Radar,193,75,24,1,293,0,2,50,0,52,193,77,74,1,345,150,0,150,495
06/23/2023,BUR,CA,AWP,WE,Towers with Radar,196,74,26,0,296,0,0,35,0,35,196,74,61,0,331,42,0,42,373
06/24/2023,BUR,CA,AWP,WE,Towers with Radar,137,43,14,0,194,0,1,36,0,37,137,44,50,0,231,34,0,34,265
06/25/2023,BUR,CA,AWP,WE,Towers with Radar,160,63,17,1,241,0,1,31,0,32,160,64,48,1,273,14,0,14,287
06/26/2023,BUR,CA,AWP,WE,Towers with Radar,192,70,15,0,277,0,3,29,1,33,192,73,44,1,310,18,0,18,328
06/27/2023,BUR,CA,AWP,WE,Towers with Radar,174,55,29,0,258,2,2,38,0,42,176,57,67,0,300,94,0,94,394
06/28/2023,BUR,CA,AWP,WE,Towers with Radar,191,68,22,0,281,0,4,35,0,39,191,72,57,0,320,0,0,0,320
06/29/2023,BUR,CA,AWP,WE,Towers with Radar,190,75,29,0,294,0,5,32,1,38,190,80,61,1,332,42,0,42,374
06/30/2023,BUR,CA,AWP,WE,Towers with Radar,194,74,38,0,306,0,4,47,0,51,194,78,85,0,357,8,0,8,365
07/01/2023,BUR,CA,AWP,WE,Towers with Radar,142,58,17,0,217,0,3,49,0,52,142,61,66,0,269,42,0,42,311
07/02/2023,BUR,CA,AWP,WE,Towers with Radar,161,48,10,0,219,0,0,23,0,23,161,48,33,0,242,2,0,2,244
07/03/2023,BUR,CA,AWP,WE,Towers with Radar,188,42,19,0,249,0,3,36,0,39,188,45,55,0,288,42,0,42,330
07/04/2023,BUR,CA,AWP,WE,Towers with Radar,175,48,14,0,237,0,4,30,0,34,175,52,44,0,271,44,0,44,315
07/05/2023,BUR,CA,AWP,WE,Towers with Radar,197,60,21,2,280,0,3,29,0,32,197,63,50,2,312,44,0,44,356
07/06/2023,BUR,CA,AWP,WE,Towers with Radar,208,61,26,1,296,0,1,53,3,57,208,62,79,4,353,88,0,88,441
07/07/2023,BUR,CA,AWP,WE,Towers with Radar,206,61,35,2,304,0,1,38,0,39,206,62,73,2,343,6,0,6,349
07/08/2023,BUR,CA,AWP,WE,Towers with Radar,149,48,18,0,215,0,1,31,0,32,149,49,49,0,247,66,0,66,313
07/09/2023,BUR,CA,AWP,WE,Towers with Radar,161,65,21,0,247,0,1,30,0,31,161,66,51,0,278,10,0,10,288
07/10/2023,BUR,CA,AWP,WE,Towers with Radar,202,62,26,0,290,0,9,43,0,52,202,71,69,0,342,94,0,94,436
07/11/2023,BUR,CA,AWP,WE,Towers with Radar,183,58,24,0,265,0,3,53,0,56,183,61,77,0,321,90,0,90,411
07/12/2023,BUR,CA,AWP,WE,Towers with Radar,186,76,28,0,290,0,4,44,0,48,186,80,72,0,338,40,0,40,378
07/13/2023,BUR,CA,AWP,WE,Towers with Radar,197,77,36,1,311,0,2,38,1,41,197,79,74,2,352,100,0,100,452
07/14/2023,BUR,CA,AWP,WE,Towers with Radar,193,58,23,0,274,0,0,33,1,34,193,58,56,1,308,76,0,76,384
07/15/2023,BUR,CA,AWP,WE,Towers with Radar,146,49,26,0,221,0,1,27,0,28,146,50,53,0,249,106,0,106,355
07/16/2023,BUR,CA,AWP,WE,Towers with Radar,161,73,17,0,251,0,1,24,0,25,161,74,41,0,276,56,0,56,332
07/17/2023,BUR,CA,AWP,WE,Towers with Radar,195,75,24,1,295,0,3,39,1,43,195,78,63,2,338,76,0,76,414
07/18/2023,BUR,CA,AWP,WE,Towers with Radar,182,62,34,0,278,0,4,26,0,30,182,66,60,0,308,44,0,44,352
07/19/2023,BUR,CA,AWP,WE,Towers with Radar,185,64,28,0,277,0,4,30,0,34,185,68,58,0,311,132,0,132,443
07/20/2023,BUR,CA,AWP,WE,Towers with Radar,197,82,36,0,315,0,8,50,0,58,197,90,86,0,373,36,0,36,409
07/21/2023,BUR,CA,AWP,WE,Towers with Radar,200,73,20,0,293,0,1,47,1,49,200,74,67,1,342,96,0,96,438
07/22/2023,BUR,CA,AWP,WE,Towers with Radar,147,40,12,0,199,0,1,47,0,48,147,41,59,0,247,118,0,118,365
07/23/2023,BUR,CA,AWP,WE,Towers with Radar,163,51,21,0,235,0,0,37,0,37,163,51,58,0,272,58,0,58,330
07/24/2023,BUR,CA,AWP,WE,Towers with Radar,191,53,32,0,276,0,6,38,0,44,191,59,70,0,320,104,0,104,424
07/25/2023,BUR,CA,AWP,WE,Towers with Radar,182,47,34,0,263,0,2,52,0,54,182,49,86,0,317,36,0,36,353
07/26/2023,BUR,CA,AWP,WE,Towers with Radar,184,59,32,2,277,0,4,29,1,34,184,63,61,3,311,120,0,120,431
07/27/2023,BUR,CA,AWP,WE,Towers with Radar,194,77,34,0,305,0,7,47,2,56,194,84,81,2,361,86,0,86,447
07/28/2023,BUR,CA,AWP,WE,Towers with Radar,194,73,22,1,290,0,1,48,0,49,194,74,70,1,339,36,0,36,375
07/29/2023,BUR,CA,AWP,WE,Towers with Radar,145,44,25,0,214,0,0,54,0,54,145,44,79,0,268,86,0,86,354
07/30/2023,BUR,CA,AWP,WE,Towers with Radar,165,56,31,0,252,0,3,45,0,48,165,59,76,0,300,78,0,78,378
07/31/2023,BUR,CA,AWP,WE,Towers with Radar,187,56,28,0,271,0,10,40,0,50,187,66,68,0,321,48,0,48,369
08/01/2023,BUR,CA,AWP,WE,Towers with Radar,182,61,20,0,263,0,5,29,1,35,182,66,49,1,298,46,0,46,344
08/02/2023,BUR,CA,AWP,WE,Towers with Radar,183,79,43,1,306,0,7,52,0,59,183,86,95,1,365,66,0,66,431
08/03/2023,BUR,CA,AWP,WE,Towers with Radar,198,83,30,0,311,0,7,55,0,62,198,90,85,0,373,100,0,100,473
08/04/2023,BUR,CA,AWP,WE,Towers with Radar,196,62,28,0,286,0,3,42,0,45,196,65,70,0,331,64,0,64,395
08/05/2023,BUR,CA,AWP,WE,Towers with Radar,147,47,23,0,217,0,4,41,0,45,147,51,64,0,262,8,0,8,270
08/06/2023,BUR,CA,AWP,WE,Towers with Radar,161,69,34,0,264,0,2,56,0,58,161,71,90,0,322,108,0,108,430
08/07/2023,BUR,CA,AWP,WE,Towers with Radar,194,66,36,0,296,0,4,29,1,34,194,70,65,1,330,6,0,6,336
08/08/2023,BUR,CA,AWP,WE,Towers with Radar,178,63,32,0,273,0,5,39,0,44,178,68,71,0,317,92,0,92,409
08/09/2023,BUR,CA,AWP,WE,Towers with Radar,191,57,40,0,288,0,2,45,0,47,191,59,85,0,335,68,0,68,403
08/10/2023,BUR,CA,AWP,WE,Towers with Radar,200,75,35,0,310,0,0,43,0,43,200,75,78,0,353,86,0,86,439
08/11/2023,BUR,CA,AWP,WE,Towers with Radar,196,75,30,0,301,0,0,45,0,45,196,75,75,0,346,34,0,34,380
08/12/2023,BUR,CA,AWP,WE,Towers with Radar,143,54,18,2,217,0,2,59,2,63,143,56,77,4,280,82,0,82,362
08/13/2023,BUR,CA,AWP,WE,Towers with Radar,166,62,26,0,254,0,1,63,0,64,166,63,89,0,318,106,0,106,424
08/14/2023,BUR,CA,AWP,WE,Towers with Radar,188,78,25,2,293,0,5,46,0,51,188,83,71,2,344,150,0,150,494
08/15/2023,BUR,CA,AWP,WE,Towers with Radar,181,56,35,2,274,0,2,50,0,52,181,58,85,2,326,146,0,146,472
08/16/2023,BUR,CA,AWP,WE,Towers with Radar,177,69,31,3,280,0,5,32,0,37,177,74,63,3,317,131,0,131,448
08/17/2023,BUR,CA,AWP,WE,Towers with Radar,195,84,28,2,309,0,4,52,1,57,195,88,80,3,366,120,0,120,486
08/18/2023,BUR,CA,AWP,WE,Towers with Radar,183,86,37,4,310,0,6,35,1,42,183,92,72,5,352,90,0,90,442
08/19/2023,BUR,CA,AWP,WE,Towers with Radar,126,64,38,2,230,0,2,56,0,58,126,66,94,2,288,98,0,98,386
08/20/2023,BUR,CA,AWP,WE,Towers with Radar,68,56,24,0,148,0,0,0,0,0,68,56,24,0,148,0,0,0,148
08/21/2023,BUR,CA,AWP,WE,Towers with Radar,158,60,13,0,231,0,1,22,0,23,158,61,35,0,254,60,0,60,314
08/22/2023,BUR,CA,AWP,WE,Towers with Radar,180,64,32,0,276,0,3,61,0,64,180,67,93,0,340,150,0,150,490
08/23/2023,BUR,CA,AWP,WE,Towers with Radar,177,63,30,0,270,0,4,60,0,64,177,67,90,0,334,130,0,130,464
08/24/2023,BUR,CA,AWP,WE,Towers with Radar,198,80,29,1,308,0,3,29,4,36,198,83,58,5,344,94,0,94,438
08/25/2023,BUR,CA,AWP,WE,Towers with Radar,192,64,40,0,296,0,3,49,0,52,192,67,89,0,348,62,0,62,410
08/26/2023,BUR,CA,AWP,WE,Towers with Radar,127,51,25,0,203,0,2,33,0,35,127,53,58,0,238,158,0,158,396
08/27/2023,BUR,CA,AWP,WE,Towers with Radar,190,68,35,0,293,0,6,47,0,53,190,74,82,0,346,98,0,98,444
08/28/2023,BUR,CA,AWP,WE,Towers with Radar,183,71,36,3,293,0,3,57,0,60,183,74,93,3,353,22,0,22,375
08/29/2023,BUR,CA,AWP,WE,Towers with Radar,180,80,23,2,285,0,4,47,0,51,180,84,70,2,336,84,0,84,420
08/30/2023,BUR,CA,AWP,WE,Towers with Radar,173,84,33,2,292,0,1,46,0,47,173,85,79,2,339,146,0,146,485
08/31/2023,BUR,CA,AWP,WE,Towers with Radar,206,70,34,0,310,0,4,54,0,58,206,74,88,0,368,150,0,150,518
