01/01/2020,BWI,MD,AEA,EN,Towers with Radar,511,42,12,0,565,0,0,1,0,1,511,42,13,0,566,0,0,0,566
01/02/2020,BWI,MD,AEA,EN,Towers with Radar,639,67,14,0,720,0,2,3,0,5,639,69,17,0,725,0,0,0,725
01/03/2020,BWI,MD,AEA,EN,Towers with Radar,657,62,9,4,732,0,0,0,0,0,657,62,9,4,732,0,0,0,732
01/04/2020,BWI,MD,AEA,EN,Towers with Radar,533,80,14,0,627,0,0,0,0,0,533,80,14,0,627,0,0,0,627
01/05/2020,BWI,MD,AEA,EN,Towers with Radar,589,52,23,0,664,0,0,2,0,2,589,52,25,0,666,0,0,0,666
01/06/2020,BWI,MD,AEA,EN,Towers with Radar,585,79,27,0,691,0,0,6,2,8,585,79,33,2,699,0,0,0,699
01/07/2020,BWI,MD,AEA,EN,Towers with Radar,530,80,20,0,630,0,0,1,0,1,530,80,21,0,631,0,0,0,631
01/08/2020,BWI,MD,AEA,EN,Towers with Radar,564,77,35,2,678,0,2,6,0,8,564,79,41,2,686,0,0,0,686
01/09/2020,BWI,MD,AEA,EN,Towers with Radar,560,91,19,0,670,0,0,7,1,8,560,91,26,1,678,0,0,0,678
01/10/2020,BWI,MD,AEA,EN,Towers with Radar,565,79,24,0,668,0,1,11,1,13,565,80,35,1,681,0,0,0,681
01/11/2020,BWI,MD,AEA,EN,Towers with Radar,458,61,29,0,548,0,0,11,2,13,458,61,40,2,561,0,0,0,561
01/12/2020,BWI,MD,AEA,EN,Towers with Radar,523,69,23,0,615,0,0,7,0,7,523,69,30,0,622,0,0,0,622
01/13/2020,BWI,MD,AEA,EN,Towers with Radar,563,70,18,6,657,0,0,1,1,2,563,70,19,7,659,0,0,0,659
01/14/2020,BWI,MD,AEA,EN,Towers with Radar,556,75,26,2,659,0,0,0,0,0,556,75,26,2,659,0,0,0,659
01/15/2020,BWI,MD,AEA,EN,Towers with Radar,557,69,40,5,671,0,0,9,1,10,557,69,49,6,681,0,0,0,681
01/16/2020,BWI,MD,AEA,EN,Towers with Radar,547,99,26,0,672,0,0,0,2,2,547,99,26,2,674,0,0,0,674
01/17/2020,BWI,MD,AEA,EN,Towers with Radar,556,94,19,4,673,0,0,4,0,4,556,94,23,4,677,0,0,0,677
01/18/2020,BWI,MD,AEA,EN,Towers with Radar,465,42,5,0,512,0,0,0,0,0,465,42,5,0,512,0,0,0,512
01/19/2020,BWI,MD,AEA,EN,Towers with Radar,509,51,14,0,574,0,0,2,0,2,509,51,16,0,576,0,0,0,576
01/20/2020,BWI,MD,AEA,EN,Towers with Radar,548,84,20,1,653,0,0,2,2,4,548,84,22,3,657,0,0,0,657
01/21/2020,BWI,MD,AEA,EN,Towers with Radar,550,92,23,0,665,0,1,6,3,10,550,93,29,3,675,0,0,0,675
01/22/2020,BWI,MD,AEA,EN,Towers with Radar,550,94,24,4,672,0,2,9,0,11,550,96,33,4,683,0,0,0,683
01/23/2020,BWI,MD,AEA,EN,Towers with Radar,559,98,29,5,691,0,1,10,0,11,559,99,39,5,702,0,0,0,702
01/24/2020,BWI,MD,AEA,EN,Towers with Radar,570,91,21,1,683,0,0,7,2,9,570,91,28,3,692,0,0,0,692
01/25/2020,BWI,MD,AEA,EN,Towers with Radar,474,60,6,0,540,0,0,2,1,3,474,60,8,1,543,0,0,0,543
01/26/2020,BWI,MD,AEA,EN,Towers with Radar,514,61,12,1,588,0,0,2,0,2,514,61,14,1,590,0,0,0,590
01/27/2020,BWI,MD,AEA,EN,Towers with Radar,553,76,33,0,662,0,0,5,1,6,553,76,38,1,668,0,0,0,668
01/28/2020,BWI,MD,AEA,EN,Towers with Radar,542,90,29,0,661,0,2,5,1,8,542,92,34,1,669,0,0,0,669
01/29/2020,BWI,MD,AEA,EN,Towers with Radar,557,89,31,2,679,0,1,8,2,11,557,90,39,4,690,0,0,0,690
01/30/2020,BWI,MD,AEA,EN,Towers with Radar,570,88,38,0,696,0,4,16,2,22,570,92,54,2,718,0,0,0,718
01/31/2020,BWI,MD,AEA,EN,Towers with Radar,557,75,30,1,663,0,0,3,0,3,557,75,33,1,666,0,0,0,666
02/01/2020,BWI,MD,AEA,EN,Towers with Radar,466,46,10,0,522,0,1,2,0,3,466,47,12,0,525,0,0,0,525
02/02/2020,BWI,MD,AEA,EN,Towers with Radar,505,58,20,0,583,0,1,5,0,6,505,59,25,0,589,0,0,0,589
02/03/2020,BWI,MD,AEA,EN,Towers with Radar,545,76,30,1,652,0,0,4,0,4,545,76,34,1,656,0,0,0,656
02/04/2020,BWI,MD,AEA,EN,Towers with Radar,544,80,29,0,653,0,0,1,0,1,544,80,30,0,654,0,0,0,654
02/05/2020,BWI,MD,AEA,EN,Towers with Radar,541,74,20,3,638,0,1,3,2,6,541,75,23,5,644,0,0,0,644
02/06/2020,BWI,MD,AEA,EN,Towers with Radar,533,80,28,0,641,0,0,0,0,0,533,80,28,0,641,0,0,0,641
02/07/2020,BWI,MD,AEA,EN,Towers with Radar,563,83,20,3,669,0,2,0,0,2,563,85,20,3,671,0,0,0,671
02/08/2020,BWI,MD,AEA,EN,Towers with Radar,470,68,15,0,553,0,0,5,1,6,470,68,20,1,559,0,0,0,559
02/09/2020,BWI,MD,AEA,EN,Towers with Radar,508,63,27,1,599,0,0,17,1,18,508,63,44,2,617,0,0,0,617
02/10/2020,BWI,MD,AEA,EN,Towers with Radar,553,71,23,4,651,0,0,2,0,2,553,71,25,4,653,0,0,0,653
02/11/2020,BWI,MD,AEA,EN,Towers with Radar,530,88,35,0,653,0,0,6,1,7,530,88,41,1,660,0,0,0,660
02/12/2020,BWI,MD,AEA,EN,Towers with Radar,532,88,11,11,642,0,1,4,1,6,532,89,15,12,648,0,0,0,648
02/13/2020,BWI,MD,AEA,EN,Towers with Radar,564,97,21,3,685,0,0,0,0,0,564,97,21,3,685,0,0,0,685
02/14/2020,BWI,MD,AEA,EN,Towers with Radar,570,83,20,2,675,0,4,6,1,11,570,87,26,3,686,0,0,0,686
02/15/2020,BWI,MD,AEA,EN,Towers with Radar,484,61,1,0,546,0,1,3,1,5,484,62,4,1,551,0,0,0,551
02/16/2020,BWI,MD,AEA,EN,Towers with Radar,524,63,10,1,598,0,2,4,1,7,524,65,14,2,605,0,0,0,605
02/17/2020,BWI,MD,AEA,EN,Towers with Radar,560,88,26,2,676,0,3,7,2,12,560,91,33,4,688,0,0,0,688
02/18/2020,BWI,MD,AEA,EN,Towers with Radar,563,91,19,0,673,0,0,4,3,7,563,91,23,3,680,0,0,0,680
02/19/2020,BWI,MD,AEA,EN,Towers with Radar,561,93,29,5,688,0,0,8,3,11,561,93,37,8,699,0,0,0,699
02/20/2020,BWI,MD,AEA,EN,Towers with Radar,555,94,17,0,666,0,0,10,0,10,555,94,27,0,676,0,0,0,676
02/21/2020,BWI,MD,AEA,EN,Towers with Radar,562,85,22,1,670,0,0,2,1,3,562,85,24,2,673,0,0,0,673
02/22/2020,BWI,MD,AEA,EN,Towers with Radar,475,63,17,2,557,0,4,8,1,13,475,67,25,3,570,0,0,0,570
02/23/2020,BWI,MD,AEA,EN,Towers with Radar,536,73,21,0,630,0,0,4,0,4,536,73,25,0,634,0,0,0,634
02/24/2020,BWI,MD,AEA,EN,Towers with Radar,559,78,38,11,686,0,0,11,3,14,559,78,49,14,700,0,0,0,700
02/25/2020,BWI,MD,AEA,EN,Towers with Radar,545,90,30,2,667,0,0,0,0,0,545,90,30,2,667,0,0,0,667
02/26/2020,BWI,MD,AEA,EN,Towers with Radar,558,89,32,1,680,0,0,0,0,0,558,89,32,1,680,0,0,0,680
02/27/2020,BWI,MD,AEA,EN,Towers with Radar,566,92,22,2,682,0,0,0,1,1,566,92,22,3,683,0,0,0,683
02/28/2020,BWI,MD,AEA,EN,Towers with Radar,568,92,31,8,699,0,2,11,3,16,568,94,42,11,715,0,0,0,715
02/29/2020,BWI,MD,AEA,EN,Towers with Radar,483,67,9,0,559,0,1,0,1,2,483,68,9,1,561,0,0,0,561
03/01/2020,BWI,MD,AEA,EN,Towers with Radar,531,70,23,0,624,0,0,6,0,6,531,70,29,0,630,0,0,0,630
03/02/2020,BWI,MD,AEA,EN,Towers with Radar,581,75,37,0,693,0,0,7,0,7,581,75,44,0,700,0,0,0,700
03/03/2020,BWI,MD,AEA,EN,Towers with Radar,557,82,26,0,665,0,2,3,1,6,557,84,29,1,671,0,0,0,671
03/04/2020,BWI,MD,AEA,EN,Towers with Radar,565,90,28,0,683,0,3,10,0,13,565,93,38,0,696,0,0,0,696
03/05/2020,BWI,MD,AEA,EN,Towers with Radar,568,93,33,8,702,0,0,6,4,10,568,93,39,12,712,0,0,0,712
03/06/2020,BWI,MD,AEA,EN,Towers with Radar,571,85,16,2,674,0,0,0,0,0,571,85,16,2,674,0,0,0,674
03/07/2020,BWI,MD,AEA,EN,Towers with Radar,503,65,18,0,586,0,3,3,0,6,503,68,21,0,592,0,0,0,592
03/08/2020,BWI,MD,AEA,EN,Towers with Radar,550,77,13,0,640,0,1,9,0,10,550,78,22,0,650,0,0,0,650
03/09/2020,BWI,MD,AEA,EN,Towers with Radar,612,85,29,5,731,0,2,6,0,8,612,87,35,5,739,0,0,0,739
03/10/2020,BWI,MD,AEA,EN,Towers with Radar,603,83,21,0,707,0,0,3,0,3,603,83,24,0,710,0,0,0,710
03/11/2020,BWI,MD,AEA,EN,Towers with Radar,613,84,29,0,726,0,1,5,0,6,613,85,34,0,732,0,0,0,732
03/12/2020,BWI,MD,AEA,EN,Towers with Radar,621,89,33,1,744,0,0,3,0,3,621,89,36,1,747,0,0,0,747
03/13/2020,BWI,MD,AEA,EN,Towers with Radar,622,99,30,6,757,0,0,2,0,2,622,99,32,6,759,0,0,0,759
03/14/2020,BWI,MD,AEA,EN,Towers with Radar,506,71,21,0,598,0,1,10,0,11,506,72,31,0,609,0,0,0,609
03/15/2020,BWI,MD,AEA,EN,Towers with Radar,546,65,9,0,620,0,0,2,1,3,546,65,11,1,623,0,0,0,623
03/16/2020,BWI,MD,AEA,EN,Towers with Radar,596,78,25,8,707,0,0,9,2,11,596,78,34,10,718,0,0,0,718
03/17/2020,BWI,MD,AEA,EN,Towers with Radar,583,83,16,6,688,0,1,4,0,5,583,84,20,6,693,0,0,0,693
03/18/2020,BWI,MD,AEA,EN,Towers with Radar,567,81,16,3,667,0,0,5,1,6,567,81,21,4,673,0,0,0,673
03/19/2020,BWI,MD,AEA,EN,Towers with Radar,529,78,19,2,628,0,0,2,2,4,529,78,21,4,632,0,0,0,632
03/20/2020,BWI,MD,AEA,EN,Towers with Radar,491,73,10,0,574,0,0,0,0,0,491,73,10,0,574,0,0,0,574
03/21/2020,BWI,MD,AEA,EN,Towers with Radar,451,56,17,0,524,0,0,3,0,3,451,56,20,0,527,0,0,0,527
03/22/2020,BWI,MD,AEA,EN,Towers with Radar,413,53,8,0,474,0,1,3,0,4,413,54,11,0,478,0,0,0,478
03/23/2020,BWI,MD,AEA,EN,Towers with Radar,403,52,5,0,460,0,0,0,0,0,403,52,5,0,460,0,0,0,460
03/24/2020,BWI,MD,AEA,EN,Towers with Radar,432,63,13,0,508,0,0,0,0,0,432,63,13,0,508,0,0,0,508
03/25/2020,BWI,MD,AEA,EN,Towers with Radar,437,55,0,1,493,0,0,0,0,0,437,55,0,1,493,0,0,0,493
03/26/2020,BWI,MD,AEA,EN,Towers with Radar,418,53,12,0,483,0,1,4,1,6,418,54,16,1,489,0,0,0,489
03/27/2020,BWI,MD,AEA,EN,Towers with Radar,370,55,9,2,436,0,0,1,1,2,370,55,10,3,438,0,0,0,438
03/28/2020,BWI,MD,AEA,EN,Towers with Radar,301,36,5,0,342,0,1,0,0,1,301,37,5,0,343,0,0,0,343
03/29/2020,BWI,MD,AEA,EN,Towers with Radar,336,46,0,0,382,0,0,0,0,0,336,46,0,0,382,0,0,0,382
03/30/2020,BWI,MD,AEA,EN,Towers with Radar,340,47,8,0,395,0,0,3,0,3,340,47,11,0,398,0,0,0,398
03/31/2020,BWI,MD,AEA,EN,Towers with Radar,343,55,1,0,399,0,0,0,0,0,343,55,1,0,399,0,0,0,399
04/01/2020,BWI,MD,AEA,EN,Towers with Radar,365,47,3,0,415,0,0,0,2,2,365,47,3,2,417,0,0,0,417
04/02/2020,BWI,MD,AEA,EN,Towers with Radar,315,51,8,0,374,0,2,3,0,5,315,53,11,0,379,0,0,0,379
04/03/2020,BWI,MD,AEA,EN,Towers with Radar,313,43,3,3,362,0,1,0,0,1,313,44,3,3,363,0,0,0,363
04/04/2020,BWI,MD,AEA,EN,Towers with Radar,259,32,2,0,293,0,0,5,0,5,259,32,7,0,298,0,0,0,298
04/05/2020,BWI,MD,AEA,EN,Towers with Radar,282,28,5,2,317,0,0,3,0,3,282,28,8,2,320,0,0,0,320
04/06/2020,BWI,MD,AEA,EN,Towers with Radar,302,36,5,2,345,0,2,7,0,9,302,38,12,2,354,0,0,0,354
04/07/2020,BWI,MD,AEA,EN,Towers with Radar,307,44,2,0,353,0,1,7,0,8,307,45,9,0,361,0,0,0,361
04/08/2020,BWI,MD,AEA,EN,Towers with Radar,277,49,6,2,334,0,2,5,2,9,277,51,11,4,343,0,0,0,343
04/09/2020,BWI,MD,AEA,EN,Towers with Radar,284,45,4,4,337,0,0,5,3,8,284,45,9,7,345,0,0,0,345
04/10/2020,BWI,MD,AEA,EN,Towers with Radar,285,36,5,0,326,0,0,0,0,0,285,36,5,0,326,0,0,0,326
04/11/2020,BWI,MD,AEA,EN,Towers with Radar,218,27,5,1,251,0,0,2,0,2,218,27,7,1,253,0,0,0,253
04/12/2020,BWI,MD,AEA,EN,Towers with Radar,216,31,2,0,249,0,0,6,0,6,216,31,8,0,255,0,0,0,255
04/13/2020,BWI,MD,AEA,EN,Towers with Radar,253,34,0,0,287,0,0,0,0,0,253,34,0,0,287,0,0,0,287
04/14/2020,BWI,MD,AEA,EN,Towers with Radar,230,39,17,1,287,0,0,3,1,4,230,39,20,2,291,0,0,0,291
04/15/2020,BWI,MD,AEA,EN,Towers with Radar,235,40,7,0,282,0,3,3,1,7,235,43,10,1,289,0,0,0,289
04/16/2020,BWI,MD,AEA,EN,Towers with Radar,206,45,10,3,264,0,0,4,1,5,206,45,14,4,269,0,0,0,269
04/17/2020,BWI,MD,AEA,EN,Towers with Radar,213,35,22,0,270,0,1,4,0,5,213,36,26,0,275,0,0,0,275
04/18/2020,BWI,MD,AEA,EN,Towers with Radar,176,26,7,0,209,0,0,0,0,0,176,26,7,0,209,0,0,0,209
04/19/2020,BWI,MD,AEA,EN,Towers with Radar,159,25,9,0,193,0,0,4,1,5,159,25,13,1,198,0,0,0,198
04/20/2020,BWI,MD,AEA,EN,Towers with Radar,191,31,15,0,237,0,0,4,0,4,191,31,19,0,241,0,0,0,241
04/21/2020,BWI,MD,AEA,EN,Towers with Radar,190,39,2,3,234,0,0,0,1,1,190,39,2,4,235,0,0,0,235
04/22/2020,BWI,MD,AEA,EN,Towers with Radar,205,44,8,4,261,0,3,3,5,11,205,47,11,9,272,0,0,0,272
04/23/2020,BWI,MD,AEA,EN,Towers with Radar,193,42,16,1,252,0,0,8,1,9,193,42,24,2,261,0,0,0,261
04/24/2020,BWI,MD,AEA,EN,Towers with Radar,186,43,4,0,233,0,0,0,0,0,186,43,4,0,233,0,0,0,233
04/25/2020,BWI,MD,AEA,EN,Towers with Radar,146,31,5,2,184,0,3,10,0,13,146,34,15,2,197,0,0,0,197
04/26/2020,BWI,MD,AEA,EN,Towers with Radar,164,34,3,0,201,0,0,0,0,0,164,34,3,0,201,0,0,0,201
04/27/2020,BWI,MD,AEA,EN,Towers with Radar,176,35,4,15,230,0,0,0,1,1,176,35,4,16,231,0,0,0,231
04/28/2020,BWI,MD,AEA,EN,Towers with Radar,179,38,9,4,230,0,1,23,2,26,179,39,32,6,256,0,0,0,256
04/29/2020,BWI,MD,AEA,EN,Towers with Radar,187,42,11,3,243,0,0,5,4,9,187,42,16,7,252,0,0,0,252
04/30/2020,BWI,MD,AEA,EN,Towers with Radar,178,44,5,0,227,0,0,0,0,0,178,44,5,0,227,0,0,0,227
05/01/2020,BWI,MD,AEA,EN,Towers with Radar,179,40,6,1,226,0,1,5,1,7,179,41,11,2,233,0,0,0,233
05/02/2020,BWI,MD,AEA,EN,Towers with Radar,166,23,18,2,209,0,1,9,2,12,166,24,27,4,221,0,0,0,221
05/03/2020,BWI,MD,AEA,EN,Towers with Radar,214,27,8,0,249,0,1,1,0,2,214,28,9,0,251,0,0,0,251
05/04/2020,BWI,MD,AEA,EN,Towers with Radar,211,33,16,1,261,0,5,6,6,17,211,38,22,7,278,0,0,0,278
05/05/2020,BWI,MD,AEA,EN,Towers with Radar,233,42,11,3,289,0,0,11,1,12,233,42,22,4,301,0,0,0,301
05/06/2020,BWI,MD,AEA,EN,Towers with Radar,232,43,15,4,294,0,0,0,0,0,232,43,15,4,294,0,0,0,294
05/07/2020,BWI,MD,AEA,EN,Towers with Radar,230,45,11,2,288,0,0,7,2,9,230,45,18,4,297,0,0,0,297
05/08/2020,BWI,MD,AEA,EN,Towers with Radar,231,45,15,0,291,0,1,3,0,4,231,46,18,0,295,0,0,0,295
05/09/2020,BWI,MD,AEA,EN,Towers with Radar,214,27,4,0,245,0,0,2,0,2,214,27,6,0,247,0,0,0,247
05/10/2020,BWI,MD,AEA,EN,Towers with Radar,219,33,4,1,257,0,0,5,2,7,219,33,9,3,264,0,0,0,264
05/11/2020,BWI,MD,AEA,EN,Towers with Radar,223,35,11,0,269,0,1,2,0,3,223,36,13,0,272,0,0,0,272
05/12/2020,BWI,MD,AEA,EN,Towers with Radar,233,42,6,7,288,0,2,6,1,9,233,44,12,8,297,0,0,0,297
05/13/2020,BWI,MD,AEA,EN,Towers with Radar,229,43,15,5,292,0,4,27,3,34,229,47,42,8,326,0,0,0,326
05/14/2020,BWI,MD,AEA,EN,Towers with Radar,232,46,13,4,295,0,0,5,1,6,232,46,18,5,301,0,0,0,301
05/15/2020,BWI,MD,AEA,EN,Towers with Radar,230,40,11,3,284,0,0,8,1,9,230,40,19,4,293,0,0,0,293
05/16/2020,BWI,MD,AEA,EN,Towers with Radar,212,27,9,0,248,0,1,7,1,9,212,28,16,1,257,0,0,0,257
05/17/2020,BWI,MD,AEA,EN,Towers with Radar,224,36,15,0,275,0,0,1,2,3,224,36,16,2,278,0,0,0,278
05/18/2020,BWI,MD,AEA,EN,Towers with Radar,230,42,9,1,282,0,0,2,0,2,230,42,11,1,284,0,0,0,284
05/19/2020,BWI,MD,AEA,EN,Towers with Radar,242,49,22,2,315,0,0,3,2,5,242,49,25,4,320,0,0,0,320
05/20/2020,BWI,MD,AEA,EN,Towers with Radar,240,59,8,10,317,0,0,5,6,11,240,59,13,16,328,0,0,0,328
05/21/2020,BWI,MD,AEA,EN,Towers with Radar,252,49,21,4,326,0,1,3,3,7,252,50,24,7,333,0,0,0,333
05/22/2020,BWI,MD,AEA,EN,Towers with Radar,250,55,18,2,325,0,0,0,0,0,250,55,18,2,325,0,0,0,325
05/23/2020,BWI,MD,AEA,EN,Towers with Radar,237,28,4,2,271,0,0,5,0,5,237,28,9,2,276,0,0,0,276
05/24/2020,BWI,MD,AEA,EN,Towers with Radar,226,35,10,1,272,0,0,0,0,0,226,35,10,1,272,0,0,0,272
05/25/2020,BWI,MD,AEA,EN,Towers with Radar,240,31,11,0,282,0,2,9,4,15,240,33,20,4,297,0,0,0,297
05/26/2020,BWI,MD,AEA,EN,Towers with Radar,235,35,18,6,294,0,0,6,0,6,235,35,24,6,300,0,0,0,300
05/27/2020,BWI,MD,AEA,EN,Towers with Radar,241,46,13,6,306,0,0,2,1,3,241,46,15,7,309,0,0,0,309
05/28/2020,BWI,MD,AEA,EN,Towers with Radar,242,44,11,5,302,0,0,0,0,0,242,44,11,5,302,0,0,0,302
05/29/2020,BWI,MD,AEA,EN,Towers with Radar,248,51,13,4,316,0,0,2,0,2,248,51,15,4,318,0,0,0,318
05/30/2020,BWI,MD,AEA,EN,Towers with Radar,236,33,16,0,285,0,1,6,0,7,236,34,22,0,292,0,0,0,292
05/31/2020,BWI,MD,AEA,EN,Towers with Radar,250,35,28,0,313,0,0,5,0,5,250,35,33,0,318,0,0,0,318
06/01/2020,BWI,MD,AEA,EN,Towers with Radar,244,49,11,1,305,0,0,3,0,3,244,49,14,1,308,0,0,0,308
06/02/2020,BWI,MD,AEA,EN,Towers with Radar,244,48,10,7,309,0,0,7,1,8,244,48,17,8,317,0,0,0,317
06/03/2020,BWI,MD,AEA,EN,Towers with Radar,249,48,13,2,312,0,0,3,1,4,249,48,16,3,316,0,0,0,316
06/04/2020,BWI,MD,AEA,EN,Towers with Radar,267,47,20,3,337,0,0,7,2,9,267,47,27,5,346,0,0,0,346
06/05/2020,BWI,MD,AEA,EN,Towers with Radar,270,48,13,0,331,0,0,3,0,3,270,48,16,0,334,0,0,0,334
06/06/2020,BWI,MD,AEA,EN,Towers with Radar,261,35,18,1,315,0,0,7,0,7,261,35,25,1,322,0,0,0,322
06/07/2020,BWI,MD,AEA,EN,Towers with Radar,327,36,12,0,375,0,0,11,0,11,327,36,23,0,386,0,0,0,386
06/08/2020,BWI,MD,AEA,EN,Towers with Radar,337,46,22,2,407,0,0,6,2,8,337,46,28,4,415,0,0,0,415
06/09/2020,BWI,MD,AEA,EN,Towers with Radar,310,50,17,1,378,0,2,8,0,10,310,52,25,1,388,0,0,0,388
06/10/2020,BWI,MD,AEA,EN,Towers with Radar,330,58,20,3,411,0,4,2,2,8,330,62,22,5,419,0,0,0,419
06/11/2020,BWI,MD,AEA,EN,Towers with Radar,362,56,32,3,453,0,0,4,1,5,362,56,36,4,458,0,0,0,458
06/12/2020,BWI,MD,AEA,EN,Towers with Radar,358,56,22,1,437,0,1,8,0,9,358,57,30,1,446,0,0,0,446
06/13/2020,BWI,MD,AEA,EN,Towers with Radar,334,35,11,0,380,0,0,9,1,10,334,35,20,1,390,0,0,0,390
06/14/2020,BWI,MD,AEA,EN,Towers with Radar,382,42,16,3,443,0,0,6,0,6,382,42,22,3,449,0,0,0,449
06/15/2020,BWI,MD,AEA,EN,Towers with Radar,369,46,17,1,433,0,0,2,1,3,369,46,19,2,436,0,0,0,436
06/16/2020,BWI,MD,AEA,EN,Towers with Radar,346,50,19,7,422,0,0,5,3,8,346,50,24,10,430,0,0,0,430
06/17/2020,BWI,MD,AEA,EN,Towers with Radar,348,47,18,6,419,0,0,0,0,0,348,47,18,6,419,0,0,0,419
06/18/2020,BWI,MD,AEA,EN,Towers with Radar,391,60,15,10,476,0,1,10,1,12,391,61,25,11,488,0,0,0,488
06/19/2020,BWI,MD,AEA,EN,Towers with Radar,375,48,23,8,454,0,0,0,0,0,375,48,23,8,454,0,0,0,454
06/20/2020,BWI,MD,AEA,EN,Towers with Radar,376,31,16,0,423,0,0,1,0,1,376,31,17,0,424,0,0,0,424
06/21/2020,BWI,MD,AEA,EN,Towers with Radar,413,36,17,0,466,0,0,2,0,2,413,36,19,0,468,0,0,0,468
06/22/2020,BWI,MD,AEA,EN,Towers with Radar,410,55,20,9,494,0,0,5,2,7,410,55,25,11,501,0,0,0,501
06/23/2020,BWI,MD,AEA,EN,Towers with Radar,397,43,20,6,466,0,0,2,2,4,397,43,22,8,470,0,0,0,470
06/24/2020,BWI,MD,AEA,EN,Towers with Radar,406,54,28,2,490,0,0,13,1,14,406,54,41,3,504,0,0,0,504
06/25/2020,BWI,MD,AEA,EN,Towers with Radar,441,64,18,3,526,0,0,2,2,4,441,64,20,5,530,0,0,0,530
06/26/2020,BWI,MD,AEA,EN,Towers with Radar,432,44,21,1,498,0,0,9,2,11,432,44,30,3,509,0,0,0,509
06/27/2020,BWI,MD,AEA,EN,Towers with Radar,422,35,6,1,464,0,1,6,4,11,422,36,12,5,475,0,0,0,475
06/28/2020,BWI,MD,AEA,EN,Towers with Radar,422,42,25,3,492,0,0,2,0,2,422,42,27,3,494,0,0,0,494
06/29/2020,BWI,MD,AEA,EN,Towers with Radar,442,49,23,0,514,0,0,2,2,4,442,49,25,2,518,0,0,0,518
06/30/2020,BWI,MD,AEA,EN,Towers with Radar,401,49,18,2,470,0,0,2,5,7,401,49,20,7,477,0,0,0,477
07/01/2020,BWI,MD,AEA,EN,Towers with Radar,453,60,21,0,534,0,0,8,0,8,453,60,29,0,542,0,0,0,542
07/02/2020,BWI,MD,AEA,EN,Towers with Radar,481,56,33,1,571,0,0,8,2,10,481,56,41,3,581,0,0,0,581
07/03/2020,BWI,MD,AEA,EN,Towers with Radar,461,49,12,1,523,0,0,1,0,1,461,49,13,1,524,0,0,0,524
07/04/2020,BWI,MD,AEA,EN,Towers with Radar,327,26,5,0,358,0,1,3,2,6,327,27,8,2,364,0,0,0,364
07/05/2020,BWI,MD,AEA,EN,Towers with Radar,446,44,22,2,514,0,0,4,0,4,446,44,26,2,518,0,0,0,518
07/06/2020,BWI,MD,AEA,EN,Towers with Radar,488,57,16,3,564,0,0,5,1,6,488,57,21,4,570,0,0,0,570
07/07/2020,BWI,MD,AEA,EN,Towers with Radar,452,47,28,4,531,0,1,1,3,5,452,48,29,7,536,0,0,0,536
07/08/2020,BWI,MD,AEA,EN,Towers with Radar,459,53,21,4,537,0,1,6,4,11,459,54,27,8,548,0,0,0,548
07/09/2020,BWI,MD,AEA,EN,Towers with Radar,493,56,22,2,573,0,0,6,2,8,493,56,28,4,581,0,0,0,581
07/10/2020,BWI,MD,AEA,EN,Towers with Radar,487,44,10,1,542,0,0,2,1,3,487,44,12,2,545,0,0,0,545
07/11/2020,BWI,MD,AEA,EN,Towers with Radar,451,34,10,0,495,0,0,8,0,8,451,34,18,0,503,0,0,0,503
07/12/2020,BWI,MD,AEA,EN,Towers with Radar,487,43,21,0,551,0,1,2,0,3,487,44,23,0,554,0,0,0,554
07/13/2020,BWI,MD,AEA,EN,Towers with Radar,490,40,12,2,544,0,2,9,3,14,490,42,21,5,558,0,0,0,558
07/14/2020,BWI,MD,AEA,EN,Towers with Radar,456,55,26,4,541,0,2,12,4,18,456,57,38,8,559,0,0,0,559
07/15/2020,BWI,MD,AEA,EN,Towers with Radar,460,60,21,0,541,0,0,15,0,15,460,60,36,0,556,0,0,0,556
07/16/2020,BWI,MD,AEA,EN,Towers with Radar,507,51,31,1,590,0,0,5,1,6,507,51,36,2,596,0,0,0,596
07/17/2020,BWI,MD,AEA,EN,Towers with Radar,504,42,24,0,570,0,0,4,0,4,504,42,28,0,574,0,0,0,574
07/18/2020,BWI,MD,AEA,EN,Towers with Radar,456,47,24,0,527,0,0,8,2,10,456,47,32,2,537,0,0,0,537
07/19/2020,BWI,MD,AEA,EN,Towers with Radar,479,39,27,1,546,0,0,3,0,3,479,39,30,1,549,0,0,0,549
07/20/2020,BWI,MD,AEA,EN,Towers with Radar,491,49,28,2,570,0,0,7,2,9,491,49,35,4,579,0,0,0,579
07/21/2020,BWI,MD,AEA,EN,Towers with Radar,449,50,22,1,522,0,2,5,0,7,449,52,27,1,529,0,0,0,529
07/22/2020,BWI,MD,AEA,EN,Towers with Radar,461,58,25,4,548,0,1,2,1,4,461,59,27,5,552,0,0,0,552
07/23/2020,BWI,MD,AEA,EN,Towers with Radar,499,54,14,2,569,0,2,5,0,7,499,56,19,2,576,0,0,0,576
07/24/2020,BWI,MD,AEA,EN,Towers with Radar,490,59,14,2,565,0,0,2,2,4,490,59,16,4,569,0,0,0,569
07/25/2020,BWI,MD,AEA,EN,Towers with Radar,447,31,19,0,497,0,3,9,0,12,447,34,28,0,509,0,0,0,509
07/26/2020,BWI,MD,AEA,EN,Towers with Radar,472,37,24,2,535,0,0,7,2,9,472,37,31,4,544,0,0,0,544
07/27/2020,BWI,MD,AEA,EN,Towers with Radar,466,38,24,3,531,0,0,7,0,7,466,38,31,3,538,0,0,0,538
07/28/2020,BWI,MD,AEA,EN,Towers with Radar,450,54,15,5,524,0,0,5,3,8,450,54,20,8,532,0,0,0,532
07/29/2020,BWI,MD,AEA,EN,Towers with Radar,447,51,26,6,530,0,0,10,4,14,447,51,36,10,544,0,0,0,544
07/30/2020,BWI,MD,AEA,EN,Towers with Radar,483,66,32,2,583,0,1,8,4,13,483,67,40,6,596,0,0,0,596
07/31/2020,BWI,MD,AEA,EN,Towers with Radar,486,58,46,2,592,0,0,0,0,0,486,58,46,2,592,0,0,0,592
08/01/2020,BWI,MD,AEA,EN,Towers with Radar,432,48,17,2,499,0,0,12,0,12,432,48,29,2,511,0,0,0,511
08/02/2020,BWI,MD,AEA,EN,Towers with Radar,465,36,20,0,521,0,0,2,0,2,465,36,22,0,523,0,0,0,523
08/03/2020,BWI,MD,AEA,EN,Towers with Radar,479,45,24,4,552,0,0,7,0,7,479,45,31,4,559,0,0,0,559
08/04/2020,BWI,MD,AEA,EN,Towers with Radar,307,32,15,0,354,0,1,1,0,2,307,33,16,0,356,0,0,0,356
08/05/2020,BWI,MD,AEA,EN,Towers with Radar,422,59,23,1,505,0,1,9,3,13,422,60,32,4,518,0,0,0,518
08/06/2020,BWI,MD,AEA,EN,Towers with Radar,469,73,18,5,565,0,0,0,0,0,469,73,18,5,565,0,0,0,565
08/07/2020,BWI,MD,AEA,EN,Towers with Radar,473,48,8,8,537,0,0,6,0,6,473,48,14,8,543,0,0,0,543
08/08/2020,BWI,MD,AEA,EN,Towers with Radar,420,33,15,0,468,0,2,8,1,11,420,35,23,1,479,0,0,0,479
08/09/2020,BWI,MD,AEA,EN,Towers with Radar,458,45,31,0,534,0,1,5,0,6,458,46,36,0,540,0,0,0,540
08/10/2020,BWI,MD,AEA,EN,Towers with Radar,461,36,18,0,515,0,0,8,0,8,461,36,26,0,523,0,0,0,523
08/11/2020,BWI,MD,AEA,EN,Towers with Radar,438,51,22,0,511,0,0,7,2,9,438,51,29,2,520,0,0,0,520
08/12/2020,BWI,MD,AEA,EN,Towers with Radar,447,54,17,1,519,0,0,3,0,3,447,54,20,1,522,0,0,0,522
08/13/2020,BWI,MD,AEA,EN,Towers with Radar,481,68,23,4,576,0,1,0,0,1,481,69,23,4,577,0,0,0,577
08/14/2020,BWI,MD,AEA,EN,Towers with Radar,481,49,20,4,554,0,0,1,1,2,481,49,21,5,556,0,0,0,556
08/15/2020,BWI,MD,AEA,EN,Towers with Radar,457,41,8,0,506,0,0,9,0,9,457,41,17,0,515,0,0,0,515
08/16/2020,BWI,MD,AEA,EN,Towers with Radar,474,41,31,1,547,0,1,0,0,1,474,42,31,1,548,0,0,0,548
08/17/2020,BWI,MD,AEA,EN,Towers with Radar,467,33,22,2,524,0,1,8,1,10,467,34,30,3,534,0,0,0,534
08/18/2020,BWI,MD,AEA,EN,Towers with Radar,444,59,29,2,534,0,0,13,3,16,444,59,42,5,550,0,0,0,550
08/19/2020,BWI,MD,AEA,EN,Towers with Radar,446,53,23,0,522,0,0,6,0,6,446,53,29,0,528,0,0,0,528
08/20/2020,BWI,MD,AEA,EN,Towers with Radar,486,62,11,2,561,0,0,12,3,15,486,62,23,5,576,0,0,0,576
08/21/2020,BWI,MD,AEA,EN,Towers with Radar,480,55,15,6,556,0,1,6,4,11,480,56,21,10,567,0,0,0,567
08/22/2020,BWI,MD,AEA,EN,Towers with Radar,452,33,12,0,497,0,3,6,1,10,452,36,18,1,507,0,0,0,507
08/23/2020,BWI,MD,AEA,EN,Towers with Radar,478,49,21,0,548,0,6,3,2,11,478,55,24,2,559,0,0,0,559
08/24/2020,BWI,MD,AEA,EN,Towers with Radar,465,47,16,4,532,0,2,7,0,9,465,49,23,4,541,0,0,0,541
08/25/2020,BWI,MD,AEA,EN,Towers with Radar,436,47,16,3,502,0,1,12,3,16,436,48,28,6,518,0,0,0,518
08/26/2020,BWI,MD,AEA,EN,Towers with Radar,439,55,25,3,522,0,0,9,2,11,439,55,34,5,533,0,0,0,533
08/27/2020,BWI,MD,AEA,EN,Towers with Radar,488,60,39,0,587,0,0,6,0,6,488,60,45,0,593,0,0,0,593
08/28/2020,BWI,MD,AEA,EN,Towers with Radar,448,60,23,4,535,0,1,2,0,3,448,61,25,4,538,0,0,0,538
08/29/2020,BWI,MD,AEA,EN,Towers with Radar,453,37,15,1,506,0,0,2,2,4,453,37,17,3,510,0,0,0,510
08/30/2020,BWI,MD,AEA,EN,Towers with Radar,471,48,36,1,556,0,0,10,0,10,471,48,46,1,566,0,0,0,566
08/31/2020,BWI,MD,AEA,EN,Towers with Radar,467,42,30,1,540,0,0,7,1,8,467,42,37,2,548,0,0,0,548
09/01/2020,BWI,MD,AEA,EN,Towers with Radar,442,60,20,2,524,0,1,0,0,1,442,61,20,2,525,0,0,0,525
09/02/2020,BWI,MD,AEA,EN,Towers with Radar,425,57,20,3,505,0,0,0,2,2,425,57,20,5,507,0,0,0,507
09/03/2020,BWI,MD,AEA,EN,Towers with Radar,484,55,11,0,550,0,0,10,0,10,484,55,21,0,560,0,0,0,560
09/04/2020,BWI,MD,AEA,EN,Towers with Radar,477,50,17,0,544,0,1,9,2,12,477,51,26,2,556,0,0,0,556
09/05/2020,BWI,MD,AEA,EN,Towers with Radar,442,36,17,0,495,0,2,7,1,10,442,38,24,1,505,0,0,0,505
09/06/2020,BWI,MD,AEA,EN,Towers with Radar,386,28,6,0,420,0,1,5,2,8,386,29,11,2,428,0,0,0,428
09/07/2020,BWI,MD,AEA,EN,Towers with Radar,401,33,25,1,460,0,0,10,0,10,401,33,35,1,470,0,0,0,470
09/08/2020,BWI,MD,AEA,EN,Towers with Radar,371,38,27,0,436,0,0,3,1,4,371,38,30,1,440,0,0,0,440
09/09/2020,BWI,MD,AEA,EN,Towers with Radar,382,62,32,1,477,0,0,4,0,4,382,62,36,1,481,0,0,0,481
09/10/2020,BWI,MD,AEA,EN,Towers with Radar,396,68,24,0,488,0,0,2,0,2,396,68,26,0,490,0,0,0,490
09/11/2020,BWI,MD,AEA,EN,Towers with Radar,390,51,32,2,475,0,1,3,4,8,390,52,35,6,483,0,0,0,483
09/12/2020,BWI,MD,AEA,EN,Towers with Radar,377,41,14,0,432,0,2,2,0,4,377,43,16,0,436,0,0,0,436
09/13/2020,BWI,MD,AEA,EN,Towers with Radar,386,41,24,0,451,0,0,2,0,2,386,41,26,0,453,0,0,0,453
09/14/2020,BWI,MD,AEA,EN,Towers with Radar,380,50,23,2,455,0,2,13,3,18,380,52,36,5,473,0,0,0,473
09/15/2020,BWI,MD,AEA,EN,Towers with Radar,364,70,28,0,462,0,1,12,5,18,364,71,40,5,480,0,0,0,480
09/16/2020,BWI,MD,AEA,EN,Towers with Radar,374,63,31,4,472,0,3,15,4,22,374,66,46,8,494,0,0,0,494
09/17/2020,BWI,MD,AEA,EN,Towers with Radar,390,63,23,6,482,0,1,3,0,4,390,64,26,6,486,0,0,0,486
09/18/2020,BWI,MD,AEA,EN,Towers with Radar,389,72,19,2,482,0,0,3,0,3,389,72,22,2,485,0,0,0,485
09/19/2020,BWI,MD,AEA,EN,Towers with Radar,363,33,5,0,401,0,0,7,3,10,363,33,12,3,411,0,0,0,411
09/20/2020,BWI,MD,AEA,EN,Towers with Radar,376,50,21,1,448,0,0,2,2,4,376,50,23,3,452,0,0,0,452
09/21/2020,BWI,MD,AEA,EN,Towers with Radar,388,46,26,1,461,0,0,5,2,7,388,46,31,3,468,0,0,0,468
09/22/2020,BWI,MD,AEA,EN,Towers with Radar,367,56,23,3,449,0,2,17,2,21,367,58,40,5,470,0,0,0,470
09/23/2020,BWI,MD,AEA,EN,Towers with Radar,368,57,14,5,444,0,0,12,6,18,368,57,26,11,462,0,0,0,462
09/24/2020,BWI,MD,AEA,EN,Towers with Radar,392,65,28,2,487,0,0,14,1,15,392,65,42,3,502,0,0,0,502
09/25/2020,BWI,MD,AEA,EN,Towers with Radar,395,65,15,3,478,0,0,1,0,1,395,65,16,3,479,0,0,0,479
09/26/2020,BWI,MD,AEA,EN,Towers with Radar,362,42,12,2,418,0,0,0,0,0,362,42,12,2,418,0,0,0,418
09/27/2020,BWI,MD,AEA,EN,Towers with Radar,384,43,17,0,444,0,0,2,0,2,384,43,19,0,446,0,0,0,446
09/28/2020,BWI,MD,AEA,EN,Towers with Radar,383,45,25,2,455,0,0,5,2,7,383,45,30,4,462,0,0,0,462
09/29/2020,BWI,MD,AEA,EN,Towers with Radar,367,50,19,4,440,0,0,0,2,2,367,50,19,6,442,0,0,0,442
09/30/2020,BWI,MD,AEA,EN,Towers with Radar,371,61,22,0,454,0,0,4,2,6,371,61,26,2,460,0,0,0,460
10/01/2020,BWI,MD,AEA,EN,Towers with Radar,392,74,22,3,491,0,1,9,2,12,392,75,31,5,503,0,0,0,503
10/02/2020,BWI,MD,AEA,EN,Towers with Radar,399,64,25,0,488,0,0,10,7,17,399,64,35,7,505,0,0,0,505
10/03/2020,BWI,MD,AEA,EN,Towers with Radar,358,45,18,1,422,0,0,10,0,10,358,45,28,1,432,0,0,0,432
10/04/2020,BWI,MD,AEA,EN,Towers with Radar,382,43,23,0,448,0,4,6,0,10,382,47,29,0,458,0,0,0,458
10/05/2020,BWI,MD,AEA,EN,Towers with Radar,380,44,28,1,453,0,3,12,7,22,380,47,40,8,475,0,0,0,475
10/06/2020,BWI,MD,AEA,EN,Towers with Radar,366,59,11,1,437,0,1,9,5,15,366,60,20,6,452,0,0,0,452
10/07/2020,BWI,MD,AEA,EN,Towers with Radar,363,57,16,0,436,0,4,5,4,13,363,61,21,4,449,0,0,0,449
10/08/2020,BWI,MD,AEA,EN,Towers with Radar,432,67,41,1,541,0,0,16,3,19,432,67,57,4,560,0,0,0,560
10/09/2020,BWI,MD,AEA,EN,Towers with Radar,416,57,33,1,507,0,0,10,2,12,416,57,43,3,519,0,0,0,519
10/10/2020,BWI,MD,AEA,EN,Towers with Radar,386,43,15,0,444,0,5,5,0,10,386,48,20,0,454,0,0,0,454
10/11/2020,BWI,MD,AEA,EN,Towers with Radar,423,47,24,0,494,0,2,0,0,2,423,49,24,0,496,0,0,0,496
10/12/2020,BWI,MD,AEA,EN,Towers with Radar,412,50,23,4,489,0,0,0,0,0,412,50,23,4,489,0,0,0,489
10/13/2020,BWI,MD,AEA,EN,Towers with Radar,376,71,24,10,481,0,0,2,0,2,376,71,26,10,483,0,0,0,483
10/14/2020,BWI,MD,AEA,EN,Towers with Radar,388,49,14,0,451,0,0,13,1,14,388,49,27,1,465,0,0,0,465
10/15/2020,BWI,MD,AEA,EN,Towers with Radar,416,74,35,2,527,0,3,11,0,14,416,77,46,2,541,0,0,0,541
10/16/2020,BWI,MD,AEA,EN,Towers with Radar,412,66,21,3,502,0,1,1,0,2,412,67,22,3,504,0,0,0,504
10/17/2020,BWI,MD,AEA,EN,Towers with Radar,384,45,15,1,445,0,1,5,1,7,384,46,20,2,452,0,0,0,452
10/18/2020,BWI,MD,AEA,EN,Towers with Radar,422,64,21,1,508,0,0,13,0,13,422,64,34,1,521,0,0,0,521
10/19/2020,BWI,MD,AEA,EN,Towers with Radar,390,55,26,1,472,0,1,8,2,11,390,56,34,3,483,0,0,0,483
10/20/2020,BWI,MD,AEA,EN,Towers with Radar,370,63,13,0,446,0,1,7,2,10,370,64,20,2,456,0,0,0,456
10/21/2020,BWI,MD,AEA,EN,Towers with Radar,363,60,25,5,453,0,0,7,3,10,363,60,32,8,463,0,0,0,463
10/22/2020,BWI,MD,AEA,EN,Towers with Radar,395,56,42,1,494,0,2,2,2,6,395,58,44,3,500,0,0,0,500
10/23/2020,BWI,MD,AEA,EN,Towers with Radar,408,68,24,2,502,0,1,7,0,8,408,69,31,2,510,0,0,0,510
10/24/2020,BWI,MD,AEA,EN,Towers with Radar,360,44,19,0,423,0,0,7,0,7,360,44,26,0,430,0,0,0,430
10/25/2020,BWI,MD,AEA,EN,Towers with Radar,392,53,24,2,471,0,1,0,2,3,392,54,24,4,474,0,0,0,474
10/26/2020,BWI,MD,AEA,EN,Towers with Radar,379,36,17,0,432,0,0,0,0,0,379,36,17,0,432,0,0,0,432
10/27/2020,BWI,MD,AEA,EN,Towers with Radar,366,60,19,2,447,0,2,5,3,10,366,62,24,5,457,0,0,0,457
10/28/2020,BWI,MD,AEA,EN,Towers with Radar,354,67,29,10,460,0,1,2,0,3,354,68,31,10,463,0,0,0,463
10/29/2020,BWI,MD,AEA,EN,Towers with Radar,390,61,10,0,461,0,0,0,0,0,390,61,10,0,461,0,0,0,461
10/30/2020,BWI,MD,AEA,EN,Towers with Radar,395,66,37,8,506,0,2,2,1,5,395,68,39,9,511,0,0,0,511
10/31/2020,BWI,MD,AEA,EN,Towers with Radar,339,38,17,0,394,0,0,9,3,12,339,38,26,3,406,0,0,0,406
11/01/2020,BWI,MD,AEA,EN,Towers with Radar,386,65,11,0,462,0,0,0,0,0,386,65,11,0,462,0,0,0,462
11/02/2020,BWI,MD,AEA,EN,Towers with Radar,389,45,19,2,455,0,3,2,2,7,389,48,21,4,462,0,0,0,462
11/03/2020,BWI,MD,AEA,EN,Towers with Radar,348,51,28,3,430,0,4,4,3,11,348,55,32,6,441,0,0,0,441
11/04/2020,BWI,MD,AEA,EN,Towers with Radar,339,66,33,3,441,0,0,12,4,16,339,66,45,7,457,0,0,0,457
11/05/2020,BWI,MD,AEA,EN,Towers with Radar,416,63,35,2,516,0,0,10,3,13,416,63,45,5,529,0,0,0,529
11/06/2020,BWI,MD,AEA,EN,Towers with Radar,418,60,29,4,511,0,1,7,3,11,418,61,36,7,522,0,0,0,522
11/07/2020,BWI,MD,AEA,EN,Towers with Radar,295,55,20,2,372,0,0,23,0,23,295,55,43,2,395,0,0,0,395
11/08/2020,BWI,MD,AEA,EN,Towers with Radar,418,49,29,1,497,0,0,5,0,5,418,49,34,1,502,0,0,0,502
11/09/2020,BWI,MD,AEA,EN,Towers with Radar,407,45,31,2,485,0,3,7,3,13,407,48,38,5,498,0,0,0,498
11/10/2020,BWI,MD,AEA,EN,Towers with Radar,343,61,17,1,422,0,3,7,2,12,343,64,24,3,434,0,0,0,434
11/11/2020,BWI,MD,AEA,EN,Towers with Radar,349,58,14,0,421,0,0,0,0,0,349,58,14,0,421,0,0,0,421
11/12/2020,BWI,MD,AEA,EN,Towers with Radar,422,58,17,5,502,0,0,4,0,4,422,58,21,5,506,0,0,0,506
11/13/2020,BWI,MD,AEA,EN,Towers with Radar,428,63,30,1,522,0,2,2,0,4,428,65,32,1,526,0,0,0,526
11/14/2020,BWI,MD,AEA,EN,Towers with Radar,301,50,12,3,366,0,1,24,2,27,301,51,36,5,393,0,0,0,393
11/15/2020,BWI,MD,AEA,EN,Towers with Radar,428,41,8,0,477,0,0,0,1,1,428,41,8,1,478,0,0,0,478
11/16/2020,BWI,MD,AEA,EN,Towers with Radar,423,54,14,5,496,0,2,1,2,5,423,56,15,7,501,0,0,0,501
11/17/2020,BWI,MD,AEA,EN,Towers with Radar,344,63,9,5,421,0,0,6,1,7,344,63,15,6,428,0,0,0,428
11/18/2020,BWI,MD,AEA,EN,Towers with Radar,366,52,17,6,441,0,0,4,2,6,366,52,21,8,447,0,0,0,447
11/19/2020,BWI,MD,AEA,EN,Towers with Radar,438,64,26,3,531,0,1,8,5,14,438,65,34,8,545,0,0,0,545
11/20/2020,BWI,MD,AEA,EN,Towers with Radar,439,64,15,0,518,0,1,13,1,15,439,65,28,1,533,0,0,0,533
11/21/2020,BWI,MD,AEA,EN,Towers with Radar,459,62,11,2,534,0,2,17,1,20,459,64,28,3,554,0,0,0,554
11/22/2020,BWI,MD,AEA,EN,Towers with Radar,445,40,12,0,497,0,0,1,0,1,445,40,13,0,498,0,0,0,498
11/23/2020,BWI,MD,AEA,EN,Towers with Radar,447,59,6,5,517,0,0,0,0,0,447,59,6,5,517,0,0,0,517
11/24/2020,BWI,MD,AEA,EN,Towers with Radar,466,65,12,4,547,0,0,12,6,18,466,65,24,10,565,0,0,0,565
11/25/2020,BWI,MD,AEA,EN,Towers with Radar,467,50,8,1,526,0,1,2,2,5,467,51,10,3,531,0,0,0,531
11/26/2020,BWI,MD,AEA,EN,Towers with Radar,325,32,4,0,361,0,0,1,0,1,325,32,5,0,362,0,0,0,362
11/27/2020,BWI,MD,AEA,EN,Towers with Radar,417,44,8,1,470,0,3,7,2,12,417,47,15,3,482,0,0,0,482
11/28/2020,BWI,MD,AEA,EN,Towers with Radar,469,43,8,0,520,0,1,14,0,15,469,44,22,0,535,0,0,0,535
11/29/2020,BWI,MD,AEA,EN,Towers with Radar,474,64,20,1,559,0,1,3,1,5,474,65,23,2,564,0,0,0,564
11/30/2020,BWI,MD,AEA,EN,Towers with Radar,431,49,23,0,503,0,1,1,0,2,431,50,24,0,505,0,0,0,505
12/01/2020,BWI,MD,AEA,EN,Towers with Radar,428,54,19,5,506,0,1,1,4,6,428,55,20,9,512,0,0,0,512
12/02/2020,BWI,MD,AEA,EN,Towers with Radar,340,43,14,6,403,0,0,3,7,10,340,43,17,13,413,0,0,0,413
12/03/2020,BWI,MD,AEA,EN,Towers with Radar,360,64,17,5,446,0,1,14,1,16,360,65,31,6,462,0,0,0,462
12/04/2020,BWI,MD,AEA,EN,Towers with Radar,362,52,7,2,423,0,1,4,2,7,362,53,11,4,430,0,0,0,430
12/05/2020,BWI,MD,AEA,EN,Towers with Radar,283,54,11,0,348,0,0,3,0,3,283,54,14,0,351,0,0,0,351
12/06/2020,BWI,MD,AEA,EN,Towers with Radar,342,42,16,1,401,0,0,9,0,9,342,42,25,1,410,0,0,0,410
12/07/2020,BWI,MD,AEA,EN,Towers with Radar,353,46,15,0,414,0,0,9,0,9,353,46,24,0,423,0,0,0,423
12/08/2020,BWI,MD,AEA,EN,Towers with Radar,324,63,15,1,403,0,0,10,2,12,324,63,25,3,415,0,0,0,415
12/09/2020,BWI,MD,AEA,EN,Towers with Radar,335,61,12,2,410,0,2,11,2,15,335,63,23,4,425,0,0,0,425
12/10/2020,BWI,MD,AEA,EN,Towers with Radar,365,61,25,3,454,0,5,14,4,23,365,66,39,7,477,0,0,0,477
12/11/2020,BWI,MD,AEA,EN,Towers with Radar,361,61,16,8,446,0,0,11,0,11,361,61,27,8,457,0,0,0,457
12/12/2020,BWI,MD,AEA,EN,Towers with Radar,294,53,15,1,363,0,0,3,0,3,294,53,18,1,366,0,0,0,366
12/13/2020,BWI,MD,AEA,EN,Towers with Radar,356,49,27,1,433,0,2,3,0,5,356,51,30,1,438,0,0,0,438
12/14/2020,BWI,MD,AEA,EN,Towers with Radar,348,38,20,3,409,0,1,2,0,3,348,39,22,3,412,0,0,0,412
12/15/2020,BWI,MD,AEA,EN,Towers with Radar,331,59,22,4,416,0,0,12,3,15,331,59,34,7,431,0,0,0,431
12/16/2020,BWI,MD,AEA,EN,Towers with Radar,249,40,3,1,293,0,1,0,0,1,249,41,3,1,294,0,0,0,294
12/17/2020,BWI,MD,AEA,EN,Towers with Radar,361,45,21,2,429,0,0,5,2,7,361,45,26,4,436,0,0,0,436
12/18/2020,BWI,MD,AEA,EN,Towers with Radar,428,57,23,1,509,0,1,8,0,9,428,58,31,1,518,0,0,0,518
12/19/2020,BWI,MD,AEA,EN,Towers with Radar,444,70,14,0,528,0,2,15,0,17,444,72,29,0,545,0,0,0,545
12/20/2020,BWI,MD,AEA,EN,Towers with Radar,434,46,11,1,492,0,1,0,0,1,434,47,11,1,493,0,0,0,493
12/21/2020,BWI,MD,AEA,EN,Towers with Radar,415,56,28,9,508,0,0,4,0,4,415,56,32,9,512,0,0,0,512
12/22/2020,BWI,MD,AEA,EN,Towers with Radar,432,62,14,3,511,0,3,4,0,7,432,65,18,3,518,0,0,0,518
12/23/2020,BWI,MD,AEA,EN,Towers with Radar,462,61,27,4,554,0,1,15,1,17,462,62,42,5,571,0,0,0,571
12/24/2020,BWI,MD,AEA,EN,Towers with Radar,348,50,5,1,404,0,1,0,0,1,348,51,5,1,405,0,0,0,405
12/25/2020,BWI,MD,AEA,EN,Towers with Radar,303,40,9,1,353,0,0,0,0,0,303,40,9,1,353,0,0,0,353
12/26/2020,BWI,MD,AEA,EN,Towers with Radar,423,52,21,1,497,0,0,0,0,0,423,52,21,1,497,0,0,0,497
12/27/2020,BWI,MD,AEA,EN,Towers with Radar,449,53,31,1,534,0,0,0,0,0,449,53,31,1,534,0,0,0,534
12/28/2020,BWI,MD,AEA,EN,Towers with Radar,415,54,24,0,493,0,3,9,0,12,415,57,33,0,505,0,0,0,505
12/29/2020,BWI,MD,AEA,EN,Towers with Radar,426,64,16,4,510,0,1,6,1,8,426,65,22,5,518,0,0,0,518
12/30/2020,BWI,MD,AEA,EN,Towers with Radar,428,53,27,4,512,0,1,4,2,7,428,54,31,6,519,0,0,0,519
12/31/2020,BWI,MD,AEA,EN,Towers with Radar,349,47,7,0,403,0,0,0,0,0,349,47,7,0,403,0,0,0,403
01/01/2021,BWI,MD,AEA,EN,Towers with Radar,315,32,10,0,357,0,1,2,0,3,315,33,12,0,360,0,0,0,360
01/02/2021,BWI,MD,AEA,EN,Towers with Radar,432,48,22,0,502,0,0,2,0,2,432,48,24,0,504,0,0,0,504
01/03/2021,BWI,MD,AEA,EN,Towers with Radar,458,68,13,0,539,0,0,0,0,0,458,68,13,0,539,0,0,0,539
01/04/2021,BWI,MD,AEA,EN,Towers with Radar,396,47,23,0,466,0,0,7,0,7,396,47,30,0,473,0,0,0,473
01/05/2021,BWI,MD,AEA,EN,Towers with Radar,416,49,14,2,481,0,0,6,0,6,416,49,20,2,487,0,0,0,487
01/06/2021,BWI,MD,AEA,EN,Towers with Radar,389,51,19,0,459,0,0,5,0,5,389,51,24,0,464,0,0,0,464
01/07/2021,BWI,MD,AEA,EN,Towers with Radar,369,55,30,3,457,0,3,7,0,10,369,58,37,3,467,0,0,0,467
01/08/2021,BWI,MD,AEA,EN,Towers with Radar,359,54,19,0,432,0,0,3,0,3,359,54,22,0,435,0,0,0,435
01/09/2021,BWI,MD,AEA,EN,Towers with Radar,292,51,23,0,366,0,1,8,2,11,292,52,31,2,377,0,0,0,377
01/10/2021,BWI,MD,AEA,EN,Towers with Radar,354,57,23,0,434,0,0,9,0,9,354,57,32,0,443,0,0,0,443
01/11/2021,BWI,MD,AEA,EN,Towers with Radar,347,56,13,0,416,0,1,9,0,10,347,57,22,0,426,0,0,0,426
01/12/2021,BWI,MD,AEA,EN,Towers with Radar,331,60,21,0,412,0,0,6,0,6,331,60,27,0,418,0,0,0,418
01/13/2021,BWI,MD,AEA,EN,Towers with Radar,327,63,13,4,407,0,1,9,1,11,327,64,22,5,418,0,0,0,418
01/14/2021,BWI,MD,AEA,EN,Towers with Radar,365,76,39,0,480,0,2,3,0,5,365,78,42,0,485,0,0,0,485
01/15/2021,BWI,MD,AEA,EN,Towers with Radar,369,61,23,0,453,0,0,3,0,3,369,61,26,0,456,0,0,0,456
01/16/2021,BWI,MD,AEA,EN,Towers with Radar,281,38,16,2,337,0,0,4,0,4,281,38,20,2,341,0,0,0,341
01/17/2021,BWI,MD,AEA,EN,Towers with Radar,360,40,11,0,411,0,1,10,0,11,360,41,21,0,422,0,0,0,422
01/18/2021,BWI,MD,AEA,EN,Towers with Radar,355,65,21,4,445,0,1,4,2,7,355,66,25,6,452,0,0,0,452
01/19/2021,BWI,MD,AEA,EN,Towers with Radar,337,62,24,1,424,0,0,11,2,13,337,62,35,3,437,0,0,0,437
01/20/2021,BWI,MD,AEA,EN,Towers with Radar,335,73,15,0,423,0,0,2,0,2,335,73,17,0,425,0,0,0,425
01/21/2021,BWI,MD,AEA,EN,Towers with Radar,367,76,38,2,483,0,3,6,0,9,367,79,44,2,492,0,0,0,492
01/22/2021,BWI,MD,AEA,EN,Towers with Radar,369,60,20,3,452,0,2,7,0,9,369,62,27,3,461,0,0,0,461
01/23/2021,BWI,MD,AEA,EN,Towers with Radar,287,48,10,2,347,0,0,2,0,2,287,48,12,2,349,0,0,0,349
01/24/2021,BWI,MD,AEA,EN,Towers with Radar,369,37,15,0,421,0,0,10,4,14,369,37,25,4,435,0,0,0,435
01/25/2021,BWI,MD,AEA,EN,Towers with Radar,345,54,11,3,413,0,0,2,0,2,345,54,13,3,415,0,0,0,415
01/26/2021,BWI,MD,AEA,EN,Towers with Radar,320,45,16,0,381,0,0,0,0,0,320,45,16,0,381,0,0,0,381
01/27/2021,BWI,MD,AEA,EN,Towers with Radar,335,60,26,5,426,0,0,15,2,17,335,60,41,7,443,0,0,0,443
01/28/2021,BWI,MD,AEA,EN,Towers with Radar,365,62,19,8,454,0,0,2,4,6,365,62,21,12,460,0,0,0,460
01/29/2021,BWI,MD,AEA,EN,Towers with Radar,361,73,26,1,461,0,0,1,0,1,361,73,27,1,462,0,0,0,462
01/30/2021,BWI,MD,AEA,EN,Towers with Radar,284,51,29,1,365,0,2,10,0,12,284,53,39,1,377,0,0,0,377
01/31/2021,BWI,MD,AEA,EN,Towers with Radar,223,41,8,0,272,0,0,0,0,0,223,41,8,0,272,0,0,0,272
02/01/2021,BWI,MD,AEA,EN,Towers with Radar,233,21,1,0,255,0,0,0,0,0,233,21,1,0,255,0,0,0,255
02/02/2021,BWI,MD,AEA,EN,Towers with Radar,297,39,3,1,340,0,0,0,0,0,297,39,3,1,340,0,0,0,340
02/03/2021,BWI,MD,AEA,EN,Towers with Radar,333,60,15,3,411,0,2,4,0,6,333,62,19,3,417,0,0,0,417
02/04/2021,BWI,MD,AEA,EN,Towers with Radar,360,65,13,3,441,0,1,20,4,25,360,66,33,7,466,0,0,0,466
02/05/2021,BWI,MD,AEA,EN,Towers with Radar,358,62,14,1,435,0,1,7,0,8,358,63,21,1,443,0,0,0,443
02/06/2021,BWI,MD,AEA,EN,Towers with Radar,280,52,20,0,352,0,4,5,0,9,280,56,25,0,361,0,0,0,361
02/07/2021,BWI,MD,AEA,EN,Towers with Radar,275,42,19,0,336,0,0,0,0,0,275,42,19,0,336,0,0,0,336
02/08/2021,BWI,MD,AEA,EN,Towers with Radar,350,63,15,2,430,0,0,6,2,8,350,63,21,4,438,0,0,0,438
02/09/2021,BWI,MD,AEA,EN,Towers with Radar,326,64,15,2,407,0,3,4,3,10,326,67,19,5,417,0,0,0,417
02/10/2021,BWI,MD,AEA,EN,Towers with Radar,322,77,35,2,436,0,1,13,0,14,322,78,48,2,450,0,0,0,450
02/11/2021,BWI,MD,AEA,EN,Towers with Radar,340,66,22,1,429,0,0,0,0,0,340,66,22,1,429,0,0,0,429
02/12/2021,BWI,MD,AEA,EN,Towers with Radar,375,64,14,3,456,0,0,0,0,0,375,64,14,3,456,0,0,0,456
02/13/2021,BWI,MD,AEA,EN,Towers with Radar,199,24,5,0,228,0,0,0,0,0,199,24,5,0,228,0,0,0,228
02/14/2021,BWI,MD,AEA,EN,Towers with Radar,242,48,19,0,309,0,0,0,0,0,242,48,19,0,309,0,0,0,309
02/15/2021,BWI,MD,AEA,EN,Towers with Radar,311,46,30,2,389,0,0,0,0,0,311,46,30,2,389,0,0,0,389
02/16/2021,BWI,MD,AEA,EN,Towers with Radar,289,31,17,4,341,0,0,1,0,1,289,31,18,4,342,0,0,0,342
02/17/2021,BWI,MD,AEA,EN,Towers with Radar,302,69,43,11,425,0,3,12,5,20,302,72,55,16,445,0,0,0,445
02/18/2021,BWI,MD,AEA,EN,Towers with Radar,147,17,14,0,178,0,0,0,0,0,147,17,14,0,178,0,0,0,178
02/19/2021,BWI,MD,AEA,EN,Towers with Radar,331,35,17,5,388,0,0,2,0,2,331,35,19,5,390,0,0,0,390
02/20/2021,BWI,MD,AEA,EN,Towers with Radar,315,48,8,5,376,0,4,7,0,11,315,52,15,5,387,0,0,0,387
02/21/2021,BWI,MD,AEA,EN,Towers with Radar,362,46,17,2,427,0,2,7,0,9,362,48,24,2,436,0,0,0,436
02/22/2021,BWI,MD,AEA,EN,Towers with Radar,342,44,13,4,403,0,1,0,0,1,342,45,13,4,404,0,0,0,404
02/23/2021,BWI,MD,AEA,EN,Towers with Radar,357,54,31,0,442,0,0,6,6,12,357,54,37,6,454,0,0,0,454
02/24/2021,BWI,MD,AEA,EN,Towers with Radar,345,59,46,1,451,0,0,18,0,18,345,59,64,1,469,0,0,0,469
02/25/2021,BWI,MD,AEA,EN,Towers with Radar,378,56,44,0,478,0,4,9,7,20,378,60,53,7,498,0,0,0,498
02/26/2021,BWI,MD,AEA,EN,Towers with Radar,372,59,22,7,460,0,2,6,7,15,372,61,28,14,475,0,0,0,475
02/27/2021,BWI,MD,AEA,EN,Towers with Radar,314,46,9,0,369,0,0,0,0,0,314,46,9,0,369,0,0,0,369
02/28/2021,BWI,MD,AEA,EN,Towers with Radar,369,39,33,3,444,0,0,1,0,1,369,39,34,3,445,0,0,0,445
03/01/2021,BWI,MD,AEA,EN,Towers with Radar,368,33,20,0,421,0,1,1,0,2,368,34,21,0,423,0,0,0,423
03/02/2021,BWI,MD,AEA,EN,Towers with Radar,350,50,25,4,429,0,1,10,3,14,350,51,35,7,443,0,0,0,443
03/03/2021,BWI,MD,AEA,EN,Towers with Radar,348,62,17,2,429,0,0,14,0,14,348,62,31,2,443,0,0,0,443
03/04/2021,BWI,MD,AEA,EN,Towers with Radar,395,64,31,5,495,0,0,5,1,6,395,64,36,6,501,0,0,0,501
03/05/2021,BWI,MD,AEA,EN,Towers with Radar,389,50,29,6,474,0,0,9,4,13,389,50,38,10,487,0,0,0,487
03/06/2021,BWI,MD,AEA,EN,Towers with Radar,317,33,22,2,374,0,1,5,0,6,317,34,27,2,380,0,0,0,380
03/07/2021,BWI,MD,AEA,EN,Towers with Radar,430,42,28,0,500,0,1,11,2,14,430,43,39,2,514,0,0,0,514
03/08/2021,BWI,MD,AEA,EN,Towers with Radar,434,44,19,5,502,0,0,8,5,13,434,44,27,10,515,0,0,0,515
03/09/2021,BWI,MD,AEA,EN,Towers with Radar,368,55,18,0,441,0,1,1,0,2,368,56,19,0,443,0,0,0,443
03/10/2021,BWI,MD,AEA,EN,Towers with Radar,379,44,23,1,447,0,5,5,1,11,379,49,28,2,458,0,0,0,458
03/11/2021,BWI,MD,AEA,EN,Towers with Radar,463,56,18,5,542,0,1,4,4,9,463,57,22,9,551,0,0,0,551
03/12/2021,BWI,MD,AEA,EN,Towers with Radar,472,65,36,1,574,0,0,14,5,19,472,65,50,6,593,0,0,0,593
03/13/2021,BWI,MD,AEA,EN,Towers with Radar,401,44,15,0,460,0,0,12,0,12,401,44,27,0,472,0,0,0,472
03/14/2021,BWI,MD,AEA,EN,Towers with Radar,446,48,15,0,509,0,1,2,3,6,446,49,17,3,515,0,0,0,515
03/15/2021,BWI,MD,AEA,EN,Towers with Radar,435,41,19,2,497,0,1,8,2,11,435,42,27,4,508,0,0,0,508
03/16/2021,BWI,MD,AEA,EN,Towers with Radar,457,55,17,7,536,0,0,2,0,2,457,55,19,7,538,0,0,0,538
03/17/2021,BWI,MD,AEA,EN,Towers with Radar,453,58,29,2,542,0,0,0,0,0,453,58,29,2,542,0,0,0,542
03/18/2021,BWI,MD,AEA,EN,Towers with Radar,458,75,27,1,561,0,0,0,0,0,458,75,27,1,561,0,0,0,561
03/19/2021,BWI,MD,AEA,EN,Towers with Radar,482,56,16,4,558,0,0,1,3,4,482,56,17,7,562,0,0,0,562
03/20/2021,BWI,MD,AEA,EN,Towers with Radar,405,56,32,2,495,0,1,6,0,7,405,57,38,2,502,0,0,0,502
03/21/2021,BWI,MD,AEA,EN,Towers with Radar,462,52,45,0,559,0,3,9,0,12,462,55,54,0,571,0,0,0,571
03/22/2021,BWI,MD,AEA,EN,Towers with Radar,452,48,26,3,529,0,1,3,0,4,452,49,29,3,533,0,0,0,533
03/23/2021,BWI,MD,AEA,EN,Towers with Radar,460,61,28,5,554,0,0,8,0,8,460,61,36,5,562,0,0,0,562
03/24/2021,BWI,MD,AEA,EN,Towers with Radar,455,63,34,2,554,0,1,0,0,1,455,64,34,2,555,0,0,0,555
03/25/2021,BWI,MD,AEA,EN,Towers with Radar,480,64,29,2,575,0,1,0,1,2,480,65,29,3,577,0,0,0,577
03/26/2021,BWI,MD,AEA,EN,Towers with Radar,478,54,31,4,567,0,0,2,0,2,478,54,33,4,569,0,0,0,569
03/27/2021,BWI,MD,AEA,EN,Towers with Radar,411,46,16,0,473,0,2,10,0,12,411,48,26,0,485,0,0,0,485
03/28/2021,BWI,MD,AEA,EN,Towers with Radar,474,44,13,0,531,0,0,0,0,0,474,44,13,0,531,0,0,0,531
03/29/2021,BWI,MD,AEA,EN,Towers with Radar,457,50,31,2,540,0,1,7,2,10,457,51,38,4,550,0,0,0,550
03/30/2021,BWI,MD,AEA,EN,Towers with Radar,464,61,24,2,551,0,2,10,4,16,464,63,34,6,567,0,0,0,567
03/31/2021,BWI,MD,AEA,EN,Towers with Radar,454,56,27,10,547,0,0,0,0,0,454,56,27,10,547,0,0,0,547
04/01/2021,BWI,MD,AEA,EN,Towers with Radar,483,71,33,5,592,0,0,2,0,2,483,71,35,5,594,0,0,0,594
04/02/2021,BWI,MD,AEA,EN,Towers with Radar,466,66,28,4,564,0,0,4,1,5,466,66,32,5,569,0,0,0,569
04/03/2021,BWI,MD,AEA,EN,Towers with Radar,427,46,38,1,512,0,1,6,5,12,427,47,44,6,524,0,0,0,524
04/04/2021,BWI,MD,AEA,EN,Towers with Radar,455,44,7,0,506,0,0,9,0,9,455,44,16,0,515,0,0,0,515
04/05/2021,BWI,MD,AEA,EN,Towers with Radar,463,47,44,1,555,0,0,4,0,4,463,47,48,1,559,0,0,0,559
04/06/2021,BWI,MD,AEA,EN,Towers with Radar,460,53,29,2,544,0,0,8,2,10,460,53,37,4,554,0,0,0,554
04/07/2021,BWI,MD,AEA,EN,Towers with Radar,462,61,28,1,552,0,2,7,1,10,462,63,35,2,562,0,0,0,562
04/08/2021,BWI,MD,AEA,EN,Towers with Radar,484,62,36,2,584,0,1,5,3,9,484,63,41,5,593,0,0,0,593
04/09/2021,BWI,MD,AEA,EN,Towers with Radar,475,55,22,4,556,0,1,0,0,1,475,56,22,4,557,0,0,0,557
04/10/2021,BWI,MD,AEA,EN,Towers with Radar,412,39,11,1,463,0,0,3,0,3,412,39,14,1,466,0,0,0,466
04/11/2021,BWI,MD,AEA,EN,Towers with Radar,436,50,19,1,506,0,1,2,1,4,436,51,21,2,510,0,0,0,510
04/12/2021,BWI,MD,AEA,EN,Towers with Radar,442,62,21,0,525,0,0,2,0,2,442,62,23,0,527,0,0,0,527
04/13/2021,BWI,MD,AEA,EN,Towers with Radar,433,55,32,3,523,0,0,9,1,10,433,55,41,4,533,0,0,0,533
04/14/2021,BWI,MD,AEA,EN,Towers with Radar,413,43,23,4,483,0,0,0,2,2,413,43,23,6,485,0,0,0,485
04/15/2021,BWI,MD,AEA,EN,Towers with Radar,469,57,30,1,557,0,0,5,3,8,469,57,35,4,565,0,0,0,565
04/16/2021,BWI,MD,AEA,EN,Towers with Radar,468,50,8,1,527,0,0,7,0,7,468,50,15,1,534,0,0,0,534
04/17/2021,BWI,MD,AEA,EN,Towers with Radar,400,34,19,1,454,0,5,19,0,24,400,39,38,1,478,0,0,0,478
04/18/2021,BWI,MD,AEA,EN,Towers with Radar,446,35,26,0,507,0,4,15,13,32,446,39,41,13,539,0,0,0,539
04/19/2021,BWI,MD,AEA,EN,Towers with Radar,446,46,35,11,538,0,0,11,8,19,446,46,46,19,557,0,0,0,557
04/20/2021,BWI,MD,AEA,EN,Towers with Radar,411,58,28,1,498,0,3,37,7,47,411,61,65,8,545,0,0,0,545
04/21/2021,BWI,MD,AEA,EN,Towers with Radar,421,65,11,4,501,0,2,11,2,15,421,67,22,6,516,0,0,0,516
04/22/2021,BWI,MD,AEA,EN,Towers with Radar,465,61,36,0,562,0,2,5,2,9,465,63,41,2,571,0,0,0,571
04/23/2021,BWI,MD,AEA,EN,Towers with Radar,462,62,22,1,547,0,0,34,0,34,462,62,56,1,581,0,0,0,581
04/24/2021,BWI,MD,AEA,EN,Towers with Radar,393,35,16,0,444,0,1,10,1,12,393,36,26,1,456,0,0,0,456
04/25/2021,BWI,MD,AEA,EN,Towers with Radar,461,51,32,0,544,0,1,5,1,7,461,52,37,1,551,0,0,0,551
04/26/2021,BWI,MD,AEA,EN,Towers with Radar,451,43,35,5,534,0,0,11,2,13,451,43,46,7,547,0,0,0,547
04/27/2021,BWI,MD,AEA,EN,Towers with Radar,420,66,23,0,509,0,4,14,0,18,420,70,37,0,527,0,0,0,527
04/28/2021,BWI,MD,AEA,EN,Towers with Radar,421,53,30,2,506,0,0,12,1,13,421,53,42,3,519,0,0,0,519
04/29/2021,BWI,MD,AEA,EN,Towers with Radar,483,56,29,0,568,0,0,6,2,8,483,56,35,2,576,0,0,0,576
04/30/2021,BWI,MD,AEA,EN,Towers with Radar,471,45,31,2,549,0,0,1,0,1,471,45,32,2,550,0,0,0,550
05/01/2021,BWI,MD,AEA,EN,Towers with Radar,395,44,16,0,455,0,0,3,0,3,395,44,19,0,458,0,0,0,458
05/02/2021,BWI,MD,AEA,EN,Towers with Radar,455,44,21,2,522,0,1,3,0,4,455,45,24,2,526,0,0,0,526
05/03/2021,BWI,MD,AEA,EN,Towers with Radar,445,55,34,2,536,0,0,9,2,11,445,55,43,4,547,0,0,0,547
05/04/2021,BWI,MD,AEA,EN,Towers with Radar,426,64,29,0,519,0,1,4,0,5,426,65,33,0,524,0,0,0,524
05/05/2021,BWI,MD,AEA,EN,Towers with Radar,429,74,31,1,535,0,5,2,0,7,429,79,33,1,542,0,0,0,542
05/06/2021,BWI,MD,AEA,EN,Towers with Radar,472,67,32,3,574,0,1,12,1,14,472,68,44,4,588,0,0,0,588
05/07/2021,BWI,MD,AEA,EN,Towers with Radar,475,50,25,5,555,0,0,3,0,3,475,50,28,5,558,0,0,0,558
05/08/2021,BWI,MD,AEA,EN,Towers with Radar,410,46,8,1,465,0,1,1,1,3,410,47,9,2,468,0,0,0,468
05/09/2021,BWI,MD,AEA,EN,Towers with Radar,478,45,23,0,546,0,1,9,1,11,478,46,32,1,557,0,0,0,557
05/10/2021,BWI,MD,AEA,EN,Towers with Radar,485,48,49,6,588,0,1,7,1,9,485,49,56,7,597,0,0,0,597
05/11/2021,BWI,MD,AEA,EN,Towers with Radar,454,55,26,2,537,0,1,6,1,8,454,56,32,3,545,0,0,0,545
05/12/2021,BWI,MD,AEA,EN,Towers with Radar,456,74,25,3,558,0,2,14,2,18,456,76,39,5,576,0,0,0,576
05/13/2021,BWI,MD,AEA,EN,Towers with Radar,494,64,43,2,603,0,2,8,1,11,494,66,51,3,614,0,0,0,614
05/14/2021,BWI,MD,AEA,EN,Towers with Radar,508,53,27,3,591,0,1,11,0,12,508,54,38,3,603,0,0,0,603
05/15/2021,BWI,MD,AEA,EN,Towers with Radar,417,54,31,0,502,0,0,20,0,20,417,54,51,0,522,0,0,0,522
05/16/2021,BWI,MD,AEA,EN,Towers with Radar,472,54,25,2,553,0,0,3,0,3,472,54,28,2,556,0,0,0,556
05/17/2021,BWI,MD,AEA,EN,Towers with Radar,499,57,23,5,584,0,0,4,1,5,499,57,27,6,589,0,0,0,589
05/18/2021,BWI,MD,AEA,EN,Towers with Radar,465,65,31,4,565,0,2,9,4,15,465,67,40,8,580,0,0,0,580
05/19/2021,BWI,MD,AEA,EN,Towers with Radar,456,62,21,0,539,0,3,9,1,13,456,65,30,1,552,0,0,0,552
05/20/2021,BWI,MD,AEA,EN,Towers with Radar,493,55,36,3,587,0,0,11,5,16,493,55,47,8,603,0,0,0,603
05/21/2021,BWI,MD,AEA,EN,Towers with Radar,497,59,27,2,585,0,4,6,0,10,497,63,33,2,595,0,0,0,595
05/22/2021,BWI,MD,AEA,EN,Towers with Radar,433,33,28,4,498,0,0,6,0,6,433,33,34,4,504,0,0,0,504
05/23/2021,BWI,MD,AEA,EN,Towers with Radar,487,52,23,0,562,0,1,8,0,9,487,53,31,0,571,0,0,0,571
05/24/2021,BWI,MD,AEA,EN,Towers with Radar,502,57,12,5,576,0,1,0,0,1,502,58,12,5,577,0,0,0,577
05/25/2021,BWI,MD,AEA,EN,Towers with Radar,470,61,30,6,567,0,0,6,0,6,470,61,36,6,573,0,0,0,573
05/26/2021,BWI,MD,AEA,EN,Towers with Radar,442,65,41,2,550,0,1,6,3,10,442,66,47,5,560,0,0,0,560
05/27/2021,BWI,MD,AEA,EN,Towers with Radar,521,79,48,1,649,0,1,9,3,13,521,80,57,4,662,0,0,0,662
05/28/2021,BWI,MD,AEA,EN,Towers with Radar,499,79,20,1,599,0,0,2,0,2,499,79,22,1,601,0,0,0,601
05/29/2021,BWI,MD,AEA,EN,Towers with Radar,432,32,13,2,479,0,0,0,0,0,432,32,13,2,479,0,0,0,479
05/30/2021,BWI,MD,AEA,EN,Towers with Radar,469,51,16,0,536,0,1,0,0,1,469,52,16,0,537,0,0,0,537
05/31/2021,BWI,MD,AEA,EN,Towers with Radar,487,51,30,0,568,0,2,3,1,6,487,53,33,1,574,0,0,0,574
06/01/2021,BWI,MD,AEA,EN,Towers with Radar,476,71,24,3,574,0,1,10,2,13,476,72,34,5,587,0,0,0,587
06/02/2021,BWI,MD,AEA,EN,Towers with Radar,481,74,38,6,599,0,0,8,2,10,481,74,46,8,609,0,0,0,609
06/03/2021,BWI,MD,AEA,EN,Towers with Radar,518,76,22,3,619,0,0,0,1,1,518,76,22,4,620,0,0,0,620
06/04/2021,BWI,MD,AEA,EN,Towers with Radar,524,72,37,10,643,0,2,1,3,6,524,74,38,13,649,0,0,0,649
06/05/2021,BWI,MD,AEA,EN,Towers with Radar,450,43,24,4,521,0,3,5,0,8,450,46,29,4,529,0,0,0,529
06/06/2021,BWI,MD,AEA,EN,Towers with Radar,499,48,34,2,583,0,1,12,0,13,499,49,46,2,596,0,0,0,596
06/07/2021,BWI,MD,AEA,EN,Towers with Radar,476,54,24,11,565,0,1,10,7,18,476,55,34,18,583,0,0,0,583
06/08/2021,BWI,MD,AEA,EN,Towers with Radar,514,58,47,3,622,0,0,7,0,7,514,58,54,3,629,0,0,0,629
06/09/2021,BWI,MD,AEA,EN,Towers with Radar,449,68,33,5,555,0,2,5,0,7,449,70,38,5,562,0,0,0,562
06/10/2021,BWI,MD,AEA,EN,Towers with Radar,441,67,29,2,539,0,0,1,2,3,441,67,30,4,542,0,0,0,542
06/11/2021,BWI,MD,AEA,EN,Towers with Radar,512,90,23,2,627,0,0,0,0,0,512,90,23,2,627,0,0,0,627
06/12/2021,BWI,MD,AEA,EN,Towers with Radar,458,40,25,1,524,0,0,6,0,6,458,40,31,1,530,0,0,0,530
06/13/2021,BWI,MD,AEA,EN,Towers with Radar,472,51,20,3,546,0,3,5,2,10,472,54,25,5,556,0,0,0,556
06/14/2021,BWI,MD,AEA,EN,Towers with Radar,454,52,23,3,532,0,0,4,1,5,454,52,27,4,537,0,0,0,537
06/15/2021,BWI,MD,AEA,EN,Towers with Radar,448,76,19,2,545,0,0,11,0,11,448,76,30,2,556,0,0,0,556
06/16/2021,BWI,MD,AEA,EN,Towers with Radar,444,63,33,3,543,0,1,17,1,19,444,64,50,4,562,0,0,0,562
06/17/2021,BWI,MD,AEA,EN,Towers with Radar,500,75,35,1,611,0,1,16,1,18,500,76,51,2,629,0,0,0,629
06/18/2021,BWI,MD,AEA,EN,Towers with Radar,498,69,29,4,600,0,0,11,2,13,498,69,40,6,613,0,0,0,613
06/19/2021,BWI,MD,AEA,EN,Towers with Radar,460,47,18,0,525,0,1,9,0,10,460,48,27,0,535,0,0,0,535
06/20/2021,BWI,MD,AEA,EN,Towers with Radar,500,45,25,0,570,0,4,9,2,15,500,49,34,2,585,0,0,0,585
06/21/2021,BWI,MD,AEA,EN,Towers with Radar,421,55,31,2,509,0,1,2,0,3,421,56,33,2,512,0,0,0,512
06/22/2021,BWI,MD,AEA,EN,Towers with Radar,501,68,32,0,601,0,3,1,0,4,501,71,33,0,605,0,0,0,605
06/23/2021,BWI,MD,AEA,EN,Towers with Radar,486,68,33,3,590,0,2,18,3,23,486,70,51,6,613,0,0,0,613
06/24/2021,BWI,MD,AEA,EN,Towers with Radar,497,75,29,1,602,0,2,2,1,5,497,77,31,2,607,0,0,0,607
06/25/2021,BWI,MD,AEA,EN,Towers with Radar,503,89,35,1,628,0,0,5,1,6,503,89,40,2,634,0,0,0,634
06/26/2021,BWI,MD,AEA,EN,Towers with Radar,443,57,32,3,535,0,1,5,0,6,443,58,37,3,541,0,0,0,541
06/27/2021,BWI,MD,AEA,EN,Towers with Radar,491,59,33,3,586,0,0,4,0,4,491,59,37,3,590,0,0,0,590
06/28/2021,BWI,MD,AEA,EN,Towers with Radar,505,39,34,8,586,0,1,16,2,19,505,40,50,10,605,0,0,0,605
06/29/2021,BWI,MD,AEA,EN,Towers with Radar,483,64,42,0,589,0,4,9,0,13,483,68,51,0,602,0,0,0,602
06/30/2021,BWI,MD,AEA,EN,Towers with Radar,459,68,20,1,548,0,0,16,0,16,459,68,36,1,564,0,0,0,564
07/01/2021,BWI,MD,AEA,EN,Towers with Radar,439,58,19,2,518,0,0,7,2,9,439,58,26,4,527,0,0,0,527
07/02/2021,BWI,MD,AEA,EN,Towers with Radar,529,49,19,0,597,0,0,3,0,3,529,49,22,0,600,0,0,0,600
07/03/2021,BWI,MD,AEA,EN,Towers with Radar,468,30,21,0,519,0,1,3,0,4,468,31,24,0,523,0,0,0,523
07/04/2021,BWI,MD,AEA,EN,Towers with Radar,472,37,16,2,527,0,0,7,0,7,472,37,23,2,534,0,0,0,534
07/05/2021,BWI,MD,AEA,EN,Towers with Radar,481,24,12,1,518,0,0,5,0,5,481,24,17,1,523,0,0,0,523
07/06/2021,BWI,MD,AEA,EN,Towers with Radar,498,42,31,4,575,0,1,15,0,16,498,43,46,4,591,0,0,0,591
07/07/2021,BWI,MD,AEA,EN,Towers with Radar,482,49,27,5,563,0,2,11,3,16,482,51,38,8,579,0,0,0,579
07/08/2021,BWI,MD,AEA,EN,Towers with Radar,509,44,24,1,578,0,0,5,1,6,509,44,29,2,584,0,0,0,584
07/09/2021,BWI,MD,AEA,EN,Towers with Radar,516,50,35,1,602,0,0,7,0,7,516,50,42,1,609,0,0,0,609
07/10/2021,BWI,MD,AEA,EN,Towers with Radar,478,31,26,0,535,0,1,11,0,12,478,32,37,0,547,0,0,0,547
07/11/2021,BWI,MD,AEA,EN,Towers with Radar,505,44,35,2,586,0,4,3,0,7,505,48,38,2,593,0,0,0,593
07/12/2021,BWI,MD,AEA,EN,Towers with Radar,532,51,27,1,611,0,0,4,0,4,532,51,31,1,615,0,0,0,615
07/13/2021,BWI,MD,AEA,EN,Towers with Radar,514,41,33,0,588,0,2,7,0,9,514,43,40,0,597,0,0,0,597
07/14/2021,BWI,MD,AEA,EN,Towers with Radar,505,56,28,1,590,0,3,15,1,19,505,59,43,2,609,0,0,0,609
07/15/2021,BWI,MD,AEA,EN,Towers with Radar,525,68,50,0,643,0,1,21,1,23,525,69,71,1,666,0,0,0,666
07/16/2021,BWI,MD,AEA,EN,Towers with Radar,532,56,28,4,620,0,2,12,0,14,532,58,40,4,634,0,0,0,634
07/17/2021,BWI,MD,AEA,EN,Towers with Radar,423,43,17,0,483,0,1,3,0,4,423,44,20,0,487,0,0,0,487
07/18/2021,BWI,MD,AEA,EN,Towers with Radar,514,41,41,0,596,0,7,5,0,12,514,48,46,0,608,0,0,0,608
07/19/2021,BWI,MD,AEA,EN,Towers with Radar,508,56,47,6,617,0,4,3,0,7,508,60,50,6,624,0,0,0,624
07/20/2021,BWI,MD,AEA,EN,Towers with Radar,511,49,31,0,591,0,1,13,0,14,511,50,44,0,605,0,0,0,605
07/21/2021,BWI,MD,AEA,EN,Towers with Radar,517,51,41,2,611,0,2,6,0,8,517,53,47,2,619,0,0,0,619
07/22/2021,BWI,MD,AEA,EN,Towers with Radar,528,68,38,0,634,0,1,11,0,12,528,69,49,0,646,0,0,0,646
07/23/2021,BWI,MD,AEA,EN,Towers with Radar,525,49,15,3,592,0,2,15,0,17,525,51,30,3,609,0,0,0,609
07/24/2021,BWI,MD,AEA,EN,Towers with Radar,476,26,20,0,522,0,1,8,0,9,476,27,28,0,531,0,0,0,531
07/25/2021,BWI,MD,AEA,EN,Towers with Radar,518,29,33,0,580,0,0,4,0,4,518,29,37,0,584,0,0,0,584
07/26/2021,BWI,MD,AEA,EN,Towers with Radar,524,40,30,4,598,0,1,4,1,6,524,41,34,5,604,0,0,0,604
07/27/2021,BWI,MD,AEA,EN,Towers with Radar,499,57,35,5,596,0,1,12,2,15,499,58,47,7,611,0,0,0,611
07/28/2021,BWI,MD,AEA,EN,Towers with Radar,518,50,23,5,596,0,1,8,1,10,518,51,31,6,606,0,0,0,606
07/29/2021,BWI,MD,AEA,EN,Towers with Radar,534,56,32,3,625,0,0,4,1,5,534,56,36,4,630,0,0,0,630
07/30/2021,BWI,MD,AEA,EN,Towers with Radar,526,51,37,4,618,0,1,1,1,3,526,52,38,5,621,0,0,0,621
07/31/2021,BWI,MD,AEA,EN,Towers with Radar,471,29,28,1,529,0,0,3,0,3,471,29,31,1,532,0,0,0,532
08/01/2021,BWI,MD,AEA,EN,Towers with Radar,494,39,28,0,561,0,0,0,0,0,494,39,28,0,561,0,0,0,561
08/02/2021,BWI,MD,AEA,EN,Towers with Radar,490,57,20,3,570,0,5,5,3,13,490,62,25,6,583,0,0,0,583
08/03/2021,BWI,MD,AEA,EN,Towers with Radar,481,59,23,4,567,0,3,7,1,11,481,62,30,5,578,0,0,0,578
08/04/2021,BWI,MD,AEA,EN,Towers with Radar,484,63,33,1,581,0,1,4,0,5,484,64,37,1,586,0,0,0,586
08/05/2021,BWI,MD,AEA,EN,Towers with Radar,506,61,50,3,620,0,4,14,1,19,506,65,64,4,639,0,0,0,639
08/06/2021,BWI,MD,AEA,EN,Towers with Radar,502,49,37,3,591,0,4,4,1,9,502,53,41,4,600,0,0,0,600
08/07/2021,BWI,MD,AEA,EN,Towers with Radar,457,24,33,2,516,0,1,3,0,4,457,25,36,2,520,0,0,0,520
08/08/2021,BWI,MD,AEA,EN,Towers with Radar,509,35,36,0,580,0,2,4,0,6,509,37,40,0,586,0,0,0,586
08/09/2021,BWI,MD,AEA,EN,Towers with Radar,537,47,20,6,610,0,0,3,0,3,537,47,23,6,613,0,0,0,613
08/10/2021,BWI,MD,AEA,EN,Towers with Radar,520,50,27,1,598,0,0,7,0,7,520,50,34,1,605,0,0,0,605
08/11/2021,BWI,MD,AEA,EN,Towers with Radar,458,52,34,2,546,0,0,14,1,15,458,52,48,3,561,0,0,0,561
08/12/2021,BWI,MD,AEA,EN,Towers with Radar,546,63,45,5,659,0,0,8,2,10,546,63,53,7,669,0,0,0,669
08/13/2021,BWI,MD,AEA,EN,Towers with Radar,475,41,31,3,550,0,0,7,1,8,475,41,38,4,558,0,0,0,558
08/14/2021,BWI,MD,AEA,EN,Towers with Radar,449,39,14,0,502,0,4,3,1,8,449,43,17,1,510,0,0,0,510
08/15/2021,BWI,MD,AEA,EN,Towers with Radar,512,38,16,0,566,0,4,12,0,16,512,42,28,0,582,0,0,0,582
08/16/2021,BWI,MD,AEA,EN,Towers with Radar,522,49,26,8,605,0,1,5,0,6,522,50,31,8,611,0,0,0,611
08/17/2021,BWI,MD,AEA,EN,Towers with Radar,497,49,21,2,569,0,0,0,0,0,497,49,21,2,569,0,0,0,569
08/18/2021,BWI,MD,AEA,EN,Towers with Radar,489,44,33,1,567,0,1,1,0,2,489,45,34,1,569,0,0,0,569
08/19/2021,BWI,MD,AEA,EN,Towers with Radar,529,56,36,8,629,0,0,9,0,9,529,56,45,8,638,0,0,0,638
08/20/2021,BWI,MD,AEA,EN,Towers with Radar,498,48,22,0,568,0,1,0,0,1,498,49,22,0,569,0,0,0,569
08/21/2021,BWI,MD,AEA,EN,Towers with Radar,484,48,28,2,562,0,1,5,0,6,484,49,33,2,568,0,0,0,568
08/22/2021,BWI,MD,AEA,EN,Towers with Radar,504,29,20,0,553,0,1,0,0,1,504,30,20,0,554,0,0,0,554
08/23/2021,BWI,MD,AEA,EN,Towers with Radar,525,43,26,0,594,0,2,7,0,9,525,45,33,0,603,0,0,0,603
08/24/2021,BWI,MD,AEA,EN,Towers with Radar,508,48,33,0,589,0,1,6,0,7,508,49,39,0,596,0,0,0,596
08/25/2021,BWI,MD,AEA,EN,Towers with Radar,506,54,37,3,600,0,0,8,3,11,506,54,45,6,611,0,0,0,611
08/26/2021,BWI,MD,AEA,EN,Towers with Radar,486,64,33,1,584,0,2,12,1,15,486,66,45,2,599,0,0,0,599
08/27/2021,BWI,MD,AEA,EN,Towers with Radar,527,48,32,0,607,0,1,6,0,7,527,49,38,0,614,0,0,0,614
08/28/2021,BWI,MD,AEA,EN,Towers with Radar,519,37,29,2,587,0,0,21,0,21,519,37,50,2,608,0,0,0,608
08/29/2021,BWI,MD,AEA,EN,Towers with Radar,522,61,33,3,619,0,0,5,0,5,522,61,38,3,624,0,0,0,624
08/30/2021,BWI,MD,AEA,EN,Towers with Radar,477,36,36,2,551,0,0,2,0,2,477,36,38,2,553,0,0,0,553
08/31/2021,BWI,MD,AEA,EN,Towers with Radar,504,38,25,6,573,0,2,11,1,14,504,40,36,7,587,0,0,0,587
09/01/2021,BWI,MD,AEA,EN,Towers with Radar,465,30,22,2,519,0,0,4,0,4,465,30,26,2,523,0,0,0,523
09/02/2021,BWI,MD,AEA,EN,Towers with Radar,552,53,42,2,649,0,4,11,0,15,552,57,53,2,664,0,0,0,664
09/03/2021,BWI,MD,AEA,EN,Towers with Radar,547,59,42,0,648,0,3,10,0,13,547,62,52,0,661,0,0,0,661
09/04/2021,BWI,MD,AEA,EN,Towers with Radar,497,30,30,2,559,0,4,8,0,12,497,34,38,2,571,0,0,0,571
09/05/2021,BWI,MD,AEA,EN,Towers with Radar,510,34,19,0,563,0,3,3,0,6,510,37,22,0,569,0,0,0,569
09/06/2021,BWI,MD,AEA,EN,Towers with Radar,515,21,22,1,559,0,2,12,0,14,515,23,34,1,573,0,0,0,573
09/07/2021,BWI,MD,AEA,EN,Towers with Radar,472,33,28,2,535,0,2,5,0,7,472,35,33,2,542,0,0,0,542
09/08/2021,BWI,MD,AEA,EN,Towers with Radar,467,34,24,3,528,0,0,10,0,10,467,34,34,3,538,0,0,0,538
09/09/2021,BWI,MD,AEA,EN,Towers with Radar,535,64,38,3,640,0,6,18,0,24,535,70,56,3,664,0,0,0,664
09/10/2021,BWI,MD,AEA,EN,Towers with Radar,537,51,29,4,621,0,2,8,2,12,537,53,37,6,633,0,0,0,633
09/11/2021,BWI,MD,AEA,EN,Towers with Radar,484,43,27,2,556,0,2,12,2,16,484,45,39,4,572,0,0,0,572
09/12/2021,BWI,MD,AEA,EN,Towers with Radar,522,50,34,1,607,0,1,11,2,14,522,51,45,3,621,0,0,0,621
09/13/2021,BWI,MD,AEA,EN,Towers with Radar,513,31,27,6,577,0,2,14,2,18,513,33,41,8,595,0,0,0,595
09/14/2021,BWI,MD,AEA,EN,Towers with Radar,465,41,21,0,527,0,0,7,1,8,465,41,28,1,535,0,0,0,535
09/15/2021,BWI,MD,AEA,EN,Towers with Radar,473,63,32,0,568,0,0,8,2,10,473,63,40,2,578,0,0,0,578
09/16/2021,BWI,MD,AEA,EN,Towers with Radar,523,62,32,4,621,0,0,1,5,6,523,62,33,9,627,0,0,0,627
09/17/2021,BWI,MD,AEA,EN,Towers with Radar,546,56,37,0,639,0,1,7,4,12,546,57,44,4,651,0,0,0,651
09/18/2021,BWI,MD,AEA,EN,Towers with Radar,463,33,31,1,528,0,2,9,0,11,463,35,40,1,539,0,0,0,539
09/19/2021,BWI,MD,AEA,EN,Towers with Radar,520,47,41,1,609,0,0,9,0,9,520,47,50,1,618,0,0,0,618
09/20/2021,BWI,MD,AEA,EN,Towers with Radar,524,60,41,9,634,0,1,16,0,17,524,61,57,9,651,0,0,0,651
09/21/2021,BWI,MD,AEA,EN,Towers with Radar,473,60,26,5,564,0,3,10,2,15,473,63,36,7,579,0,0,0,579
09/22/2021,BWI,MD,AEA,EN,Towers with Radar,470,61,35,1,567,0,1,1,0,2,470,62,36,1,569,0,0,0,569
09/23/2021,BWI,MD,AEA,EN,Towers with Radar,511,67,52,0,630,0,1,3,0,4,511,68,55,0,634,0,0,0,634
09/24/2021,BWI,MD,AEA,EN,Towers with Radar,535,58,53,1,647,0,1,24,0,25,535,59,77,1,672,0,0,0,672
09/25/2021,BWI,MD,AEA,EN,Towers with Radar,470,38,16,0,524,0,2,10,0,12,470,40,26,0,536,0,0,0,536
09/26/2021,BWI,MD,AEA,EN,Towers with Radar,523,41,39,7,610,0,1,14,0,15,523,42,53,7,625,0,0,0,625
09/27/2021,BWI,MD,AEA,EN,Towers with Radar,523,37,28,6,594,0,2,26,2,30,523,39,54,8,624,0,0,0,624
09/28/2021,BWI,MD,AEA,EN,Towers with Radar,405,41,39,7,492,0,0,4,2,6,405,41,43,9,498,0,0,0,498
09/29/2021,BWI,MD,AEA,EN,Towers with Radar,469,69,43,2,583,0,1,4,0,5,469,70,47,2,588,0,0,0,588
09/30/2021,BWI,MD,AEA,EN,Towers with Radar,531,55,37,8,631,0,2,10,4,16,531,57,47,12,647,0,0,0,647
10/01/2021,BWI,MD,AEA,EN,Towers with Radar,524,62,56,3,645,0,1,16,2,19,524,63,72,5,664,0,0,0,664
10/02/2021,BWI,MD,AEA,EN,Towers with Radar,467,56,27,0,550,0,1,9,0,10,467,57,36,0,560,0,0,0,560
10/03/2021,BWI,MD,AEA,EN,Towers with Radar,517,47,43,0,607,0,0,5,0,5,517,47,48,0,612,0,0,0,612
10/04/2021,BWI,MD,AEA,EN,Towers with Radar,531,55,30,4,620,0,1,5,0,6,531,56,35,4,626,0,0,0,626
10/05/2021,BWI,MD,AEA,EN,Towers with Radar,470,66,56,0,592,0,0,4,0,4,470,66,60,0,596,0,0,0,596
10/06/2021,BWI,MD,AEA,EN,Towers with Radar,467,68,44,3,582,0,0,4,0,4,467,68,48,3,586,0,0,0,586
10/07/2021,BWI,MD,AEA,EN,Towers with Radar,544,75,47,1,667,0,1,15,1,17,544,76,62,2,684,0,0,0,684
10/08/2021,BWI,MD,AEA,EN,Towers with Radar,521,82,43,3,649,0,1,10,1,12,521,83,53,4,661,0,0,0,661
10/09/2021,BWI,MD,AEA,EN,Towers with Radar,404,46,26,1,477,0,0,3,0,3,404,46,29,1,480,0,0,0,480
10/10/2021,BWI,MD,AEA,EN,Towers with Radar,418,76,39,1,534,0,0,6,0,6,418,76,45,1,540,0,0,0,540
10/11/2021,BWI,MD,AEA,EN,Towers with Radar,491,65,30,1,587,0,0,10,0,10,491,65,40,1,597,0,0,0,597
10/12/2021,BWI,MD,AEA,EN,Towers with Radar,494,62,29,8,593,0,2,5,2,9,494,64,34,10,602,0,0,0,602
10/13/2021,BWI,MD,AEA,EN,Towers with Radar,492,52,24,6,574,0,0,2,0,2,492,52,26,6,576,0,0,0,576
10/14/2021,BWI,MD,AEA,EN,Towers with Radar,544,63,40,3,650,0,0,28,3,31,544,63,68,6,681,0,0,0,681
10/15/2021,BWI,MD,AEA,EN,Towers with Radar,555,58,37,4,654,0,8,21,3,32,555,66,58,7,686,0,0,0,686
10/16/2021,BWI,MD,AEA,EN,Towers with Radar,503,57,14,0,574,0,0,7,0,7,503,57,21,0,581,0,0,0,581
10/17/2021,BWI,MD,AEA,EN,Towers with Radar,523,51,57,2,633,0,2,7,2,11,523,53,64,4,644,0,0,0,644
10/18/2021,BWI,MD,AEA,EN,Towers with Radar,535,48,36,1,620,0,3,10,0,13,535,51,46,1,633,0,0,0,633
10/19/2021,BWI,MD,AEA,EN,Towers with Radar,488,53,30,3,574,0,4,19,3,26,488,57,49,6,600,0,0,0,600
10/20/2021,BWI,MD,AEA,EN,Towers with Radar,497,55,49,2,603,0,0,33,0,33,497,55,82,2,636,0,0,0,636
10/21/2021,BWI,MD,AEA,EN,Towers with Radar,542,61,32,2,637,0,1,29,2,32,542,62,61,4,669,0,0,0,669
10/22/2021,BWI,MD,AEA,EN,Towers with Radar,546,63,39,3,651,0,1,16,3,20,546,64,55,6,671,0,0,0,671
10/23/2021,BWI,MD,AEA,EN,Towers with Radar,476,49,20,0,545,0,1,9,0,10,476,50,29,0,555,0,0,0,555
10/24/2021,BWI,MD,AEA,EN,Towers with Radar,514,53,51,2,620,0,0,20,0,20,514,53,71,2,640,0,0,0,640
10/25/2021,BWI,MD,AEA,EN,Towers with Radar,533,38,39,3,613,0,0,9,3,12,533,38,48,6,625,0,0,0,625
10/26/2021,BWI,MD,AEA,EN,Towers with Radar,503,51,28,7,589,0,0,0,1,1,503,51,28,8,590,0,0,0,590
10/27/2021,BWI,MD,AEA,EN,Towers with Radar,486,58,21,5,570,0,1,8,3,12,486,59,29,8,582,0,0,0,582
10/28/2021,BWI,MD,AEA,EN,Towers with Radar,529,66,28,6,629,0,1,24,2,27,529,67,52,8,656,0,0,0,656
10/29/2021,BWI,MD,AEA,EN,Towers with Radar,537,58,33,4,632,0,0,0,0,0,537,58,33,4,632,0,0,0,632
10/30/2021,BWI,MD,AEA,EN,Towers with Radar,456,32,15,2,505,0,1,3,0,4,456,33,18,2,509,0,0,0,509
10/31/2021,BWI,MD,AEA,EN,Towers with Radar,472,44,30,0,546,0,0,2,0,2,472,44,32,0,548,0,0,0,548
11/01/2021,BWI,MD,AEA,EN,Towers with Radar,511,48,30,5,594,0,2,7,0,9,511,50,37,5,603,0,0,0,603
11/02/2021,BWI,MD,AEA,EN,Towers with Radar,501,70,26,5,602,0,0,16,0,16,501,70,42,5,618,0,0,0,618
11/03/2021,BWI,MD,AEA,EN,Towers with Radar,500,57,45,2,604,0,0,9,3,12,500,57,54,5,616,0,0,0,616
11/04/2021,BWI,MD,AEA,EN,Towers with Radar,549,65,28,9,651,0,0,38,1,39,549,65,66,10,690,0,0,0,690
11/05/2021,BWI,MD,AEA,EN,Towers with Radar,556,60,43,1,660,0,6,13,1,20,556,66,56,2,680,0,0,0,680
11/06/2021,BWI,MD,AEA,EN,Towers with Radar,504,42,17,1,564,0,1,15,0,16,504,43,32,1,580,0,0,0,580
11/07/2021,BWI,MD,AEA,EN,Towers with Radar,481,48,51,1,581,0,2,21,0,23,481,50,72,1,604,0,0,0,604
11/08/2021,BWI,MD,AEA,EN,Towers with Radar,511,52,29,9,601,0,1,19,0,20,511,53,48,9,621,0,0,0,621
11/09/2021,BWI,MD,AEA,EN,Towers with Radar,470,57,26,1,554,0,2,32,1,35,470,59,58,2,589,0,0,0,589
11/10/2021,BWI,MD,AEA,EN,Towers with Radar,465,55,32,1,553,0,0,16,2,18,465,55,48,3,571,0,0,0,571
11/11/2021,BWI,MD,AEA,EN,Towers with Radar,522,53,54,1,630,0,0,13,1,14,522,53,67,2,644,0,0,0,644
11/12/2021,BWI,MD,AEA,EN,Towers with Radar,524,52,24,3,603,0,4,7,0,11,524,56,31,3,614,0,0,0,614
11/13/2021,BWI,MD,AEA,EN,Towers with Radar,461,43,29,0,533,0,0,5,0,5,461,43,34,0,538,0,0,0,538
11/14/2021,BWI,MD,AEA,EN,Towers with Radar,493,56,39,0,588,0,1,12,1,14,493,57,51,1,602,0,0,0,602
11/15/2021,BWI,MD,AEA,EN,Towers with Radar,512,41,20,3,576,0,2,2,0,4,512,43,22,3,580,0,0,0,580
11/16/2021,BWI,MD,AEA,EN,Towers with Radar,467,67,36,1,571,0,0,7,0,7,467,67,43,1,578,0,0,0,578
11/17/2021,BWI,MD,AEA,EN,Towers with Radar,484,70,39,2,595,0,0,10,2,12,484,70,49,4,607,0,0,0,607
11/18/2021,BWI,MD,AEA,EN,Towers with Radar,538,69,34,4,645,0,4,4,1,9,538,73,38,5,654,0,0,0,654
11/19/2021,BWI,MD,AEA,EN,Towers with Radar,541,66,38,4,649,0,0,6,0,6,541,66,44,4,655,0,0,0,655
11/20/2021,BWI,MD,AEA,EN,Towers with Radar,518,41,32,0,591,0,3,8,0,11,518,44,40,0,602,0,0,0,602
11/21/2021,BWI,MD,AEA,EN,Towers with Radar,490,34,38,0,562,0,1,5,0,6,490,35,43,0,568,0,0,0,568
11/22/2021,BWI,MD,AEA,EN,Towers with Radar,533,44,19,7,603,0,0,2,2,4,533,44,21,9,607,0,0,0,607
11/23/2021,BWI,MD,AEA,EN,Towers with Radar,545,50,37,3,635,0,3,5,1,9,545,53,42,4,644,0,0,0,644
11/24/2021,BWI,MD,AEA,EN,Towers with Radar,571,62,24,5,662,0,0,6,1,7,571,62,30,6,669,0,0,0,669
11/25/2021,BWI,MD,AEA,EN,Towers with Radar,422,15,4,0,441,0,2,0,0,2,422,17,4,0,443,0,0,0,443
11/26/2021,BWI,MD,AEA,EN,Towers with Radar,454,47,11,1,513,0,0,0,0,0,454,47,11,1,513,0,0,0,513
11/27/2021,BWI,MD,AEA,EN,Towers with Radar,520,48,19,0,587,0,0,7,2,9,520,48,26,2,596,0,0,0,596
11/28/2021,BWI,MD,AEA,EN,Towers with Radar,564,54,36,0,654,0,1,2,0,3,564,55,38,0,657,0,0,0,657
11/29/2021,BWI,MD,AEA,EN,Towers with Radar,556,64,43,3,666,0,0,12,0,12,556,64,55,3,678,0,0,0,678
11/30/2021,BWI,MD,AEA,EN,Towers with Radar,543,58,41,4,646,0,1,4,2,7,543,59,45,6,653,0,0,0,653
12/01/2021,BWI,MD,AEA,EN,Towers with Radar,473,62,28,2,565,0,2,18,2,22,473,64,46,4,587,0,0,0,587
12/02/2021,BWI,MD,AEA,EN,Towers with Radar,494,55,32,3,584,0,0,7,1,8,494,55,39,4,592,0,0,0,592
12/03/2021,BWI,MD,AEA,EN,Towers with Radar,500,56,28,5,589,0,0,16,2,18,500,56,44,7,607,0,0,0,607
12/04/2021,BWI,MD,AEA,EN,Towers with Radar,462,32,16,0,510,0,1,12,2,15,462,33,28,2,525,0,0,0,525
12/05/2021,BWI,MD,AEA,EN,Towers with Radar,494,37,27,3,561,0,0,22,0,22,494,37,49,3,583,0,0,0,583
12/06/2021,BWI,MD,AEA,EN,Towers with Radar,489,36,45,6,576,0,1,3,2,6,489,37,48,8,582,0,0,0,582
12/07/2021,BWI,MD,AEA,EN,Towers with Radar,464,62,50,0,576,0,3,20,0,23,464,65,70,0,599,0,0,0,599
12/08/2021,BWI,MD,AEA,EN,Towers with Radar,470,65,31,0,566,0,1,20,2,23,470,66,51,2,589,0,0,0,589
12/09/2021,BWI,MD,AEA,EN,Towers with Radar,496,56,32,1,585,0,1,12,2,15,496,57,44,3,600,0,0,0,600
12/10/2021,BWI,MD,AEA,EN,Towers with Radar,492,50,32,0,574,0,2,5,0,7,492,52,37,0,581,0,0,0,581
12/11/2021,BWI,MD,AEA,EN,Towers with Radar,473,34,18,0,525,0,1,2,0,3,473,35,20,0,528,0,0,0,528
12/12/2021,BWI,MD,AEA,EN,Towers with Radar,504,33,46,1,584,0,2,10,0,12,504,35,56,1,596,0,0,0,596
12/13/2021,BWI,MD,AEA,EN,Towers with Radar,484,43,43,4,574,0,0,10,1,11,484,43,53,5,585,0,0,0,585
12/14/2021,BWI,MD,AEA,EN,Towers with Radar,466,43,36,4,549,0,2,9,4,15,466,45,45,8,564,0,0,0,564
12/15/2021,BWI,MD,AEA,EN,Towers with Radar,469,41,46,4,560,0,1,8,3,12,469,42,54,7,572,0,0,0,572
12/16/2021,BWI,MD,AEA,EN,Towers with Radar,527,59,42,2,630,0,1,14,2,17,527,60,56,4,647,0,0,0,647
12/17/2021,BWI,MD,AEA,EN,Towers with Radar,537,62,26,2,627,0,1,8,2,11,537,63,34,4,638,0,0,0,638
12/18/2021,BWI,MD,AEA,EN,Towers with Radar,502,39,31,1,573,0,0,2,0,2,502,39,33,1,575,0,0,0,575
12/19/2021,BWI,MD,AEA,EN,Towers with Radar,497,38,14,0,549,0,0,1,0,1,497,38,15,0,550,0,0,0,550
12/20/2021,BWI,MD,AEA,EN,Towers with Radar,518,41,28,1,588,0,1,4,1,6,518,42,32,2,594,0,0,0,594
12/21/2021,BWI,MD,AEA,EN,Towers with Radar,523,41,28,3,595,0,1,2,1,4,523,42,30,4,599,0,0,0,599
12/22/2021,BWI,MD,AEA,EN,Towers with Radar,536,53,20,2,611,0,0,5,2,7,536,53,25,4,618,0,0,0,618
12/23/2021,BWI,MD,AEA,EN,Towers with Radar,538,46,21,0,605,0,1,13,0,14,538,47,34,0,619,0,0,0,619
12/24/2021,BWI,MD,AEA,EN,Towers with Radar,432,29,15,0,476,0,3,3,0,6,432,32,18,0,482,0,0,0,482
12/25/2021,BWI,MD,AEA,EN,Towers with Radar,396,24,11,0,431,0,0,0,0,0,396,24,11,0,431,0,0,0,431
12/26/2021,BWI,MD,AEA,EN,Towers with Radar,482,29,36,0,547,0,2,5,0,7,482,31,41,0,554,0,0,0,554
12/27/2021,BWI,MD,AEA,EN,Towers with Radar,506,48,22,1,577,0,1,0,0,1,506,49,22,1,578,0,0,0,578
12/28/2021,BWI,MD,AEA,EN,Towers with Radar,515,47,25,1,588,0,1,5,0,6,515,48,30,1,594,0,0,0,594
12/29/2021,BWI,MD,AEA,EN,Towers with Radar,535,43,17,0,595,0,0,0,0,0,535,43,17,0,595,0,0,0,595
12/30/2021,BWI,MD,AEA,EN,Towers with Radar,517,44,28,2,591,0,0,0,0,0,517,44,28,2,591,0,0,0,591
12/31/2021,BWI,MD,AEA,EN,Towers with Radar,436,25,32,0,493,0,1,0,0,1,436,26,32,0,494,0,0,0,494
01/01/2022,BWI,MD,AEA,EN,Towers with Radar,406,15,9,2,432,0,0,0,0,0,406,15,9,2,432,0,0,0,432
01/02/2022,BWI,MD,AEA,EN,Towers with Radar,483,34,38,1,556,0,1,1,0,2,483,35,39,1,558,0,0,0,558
01/03/2022,BWI,MD,AEA,EN,Towers with Radar,217,38,20,1,276,0,0,2,0,2,217,38,22,1,278,0,0,0,278
01/04/2022,BWI,MD,AEA,EN,Towers with Radar,379,43,26,0,448,0,0,5,0,5,379,43,31,0,453,0,0,0,453
01/05/2022,BWI,MD,AEA,EN,Towers with Radar,396,46,14,0,456,0,0,1,0,1,396,46,15,0,457,0,0,0,457
01/06/2022,BWI,MD,AEA,EN,Towers with Radar,398,56,29,4,487,0,0,4,3,7,398,56,33,7,494,0,0,0,494
01/07/2022,BWI,MD,AEA,EN,Towers with Radar,385,31,27,0,443,0,0,0,2,2,385,31,27,2,445,0,0,0,445
01/08/2022,BWI,MD,AEA,EN,Towers with Radar,422,28,12,1,463,0,2,10,0,12,422,30,22,1,475,0,0,0,475
01/09/2022,BWI,MD,AEA,EN,Towers with Radar,449,31,24,0,504,0,0,1,0,1,449,31,25,0,505,0,0,0,505
01/10/2022,BWI,MD,AEA,EN,Towers with Radar,458,36,25,2,521,0,0,0,0,0,458,36,25,2,521,0,0,0,521
01/11/2022,BWI,MD,AEA,EN,Towers with Radar,442,36,19,4,501,0,0,14,0,14,442,36,33,4,515,0,0,0,515
01/12/2022,BWI,MD,AEA,EN,Towers with Radar,453,37,22,3,515,0,1,15,1,17,453,38,37,4,532,0,0,0,532
01/13/2022,BWI,MD,AEA,EN,Towers with Radar,469,47,44,4,564,0,2,12,3,17,469,49,56,7,581,0,0,0,581
01/14/2022,BWI,MD,AEA,EN,Towers with Radar,513,41,12,2,568,0,1,3,0,4,513,42,15,2,572,0,0,0,572
01/15/2022,BWI,MD,AEA,EN,Towers with Radar,444,35,17,4,500,0,0,5,0,5,444,35,22,4,505,0,0,0,505
01/16/2022,BWI,MD,AEA,EN,Towers with Radar,335,20,6,0,361,0,1,0,0,1,335,21,6,0,362,0,0,0,362
01/17/2022,BWI,MD,AEA,EN,Towers with Radar,434,33,17,1,485,0,0,0,0,0,434,33,17,1,485,0,0,0,485
01/18/2022,BWI,MD,AEA,EN,Towers with Radar,458,36,16,2,512,0,1,2,0,3,458,37,18,2,515,0,0,0,515
01/19/2022,BWI,MD,AEA,EN,Towers with Radar,466,52,18,1,537,0,1,8,1,10,466,53,26,2,547,0,0,0,547
01/20/2022,BWI,MD,AEA,EN,Towers with Radar,467,51,12,2,532,0,1,2,3,6,467,52,14,5,538,0,0,0,538
01/21/2022,BWI,MD,AEA,EN,Towers with Radar,499,42,18,0,559,0,0,12,0,12,499,42,30,0,571,0,0,0,571
01/22/2022,BWI,MD,AEA,EN,Towers with Radar,439,20,16,0,475,0,2,9,0,11,439,22,25,0,486,0,0,0,486
01/23/2022,BWI,MD,AEA,EN,Towers with Radar,472,28,24,0,524,0,1,5,0,6,472,29,29,0,530,0,0,0,530
01/24/2022,BWI,MD,AEA,EN,Towers with Radar,484,41,24,1,550,0,1,5,0,6,484,42,29,1,556,0,0,0,556
01/25/2022,BWI,MD,AEA,EN,Towers with Radar,456,53,26,0,535,0,0,8,0,8,456,53,34,0,543,0,0,0,543
01/26/2022,BWI,MD,AEA,EN,Towers with Radar,468,59,20,2,549,0,1,7,0,8,468,60,27,2,557,0,0,0,557
01/27/2022,BWI,MD,AEA,EN,Towers with Radar,498,55,31,2,586,0,0,7,1,8,498,55,38,3,594,0,0,0,594
01/28/2022,BWI,MD,AEA,EN,Towers with Radar,454,53,20,1,528,0,0,2,0,2,454,53,22,1,530,0,0,0,530
01/29/2022,BWI,MD,AEA,EN,Towers with Radar,348,19,4,0,371,0,1,1,0,2,348,20,5,0,373,0,0,0,373
01/30/2022,BWI,MD,AEA,EN,Towers with Radar,440,36,23,0,499,0,1,5,0,6,440,37,28,0,505,0,0,0,505
01/31/2022,BWI,MD,AEA,EN,Towers with Radar,479,42,20,3,544,0,2,7,1,10,479,44,27,4,554,0,0,0,554
02/01/2022,BWI,MD,AEA,EN,Towers with Radar,456,43,18,1,518,1,2,4,2,9,457,45,22,3,527,0,0,0,527
02/02/2022,BWI,MD,AEA,EN,Towers with Radar,425,39,23,0,487,0,0,4,2,6,425,39,27,2,493,0,0,0,493
02/03/2022,BWI,MD,AEA,EN,Towers with Radar,412,35,20,1,468,0,1,0,0,1,412,36,20,1,469,0,0,0,469
02/04/2022,BWI,MD,AEA,EN,Towers with Radar,427,36,20,3,486,0,0,0,0,0,427,36,20,3,486,0,0,0,486
02/05/2022,BWI,MD,AEA,EN,Towers with Radar,428,32,16,1,477,0,2,2,1,5,428,34,18,2,482,0,0,0,482
02/06/2022,BWI,MD,AEA,EN,Towers with Radar,479,39,22,0,540,0,0,8,1,9,479,39,30,1,549,0,0,0,549
02/07/2022,BWI,MD,AEA,EN,Towers with Radar,485,32,27,6,550,0,0,0,0,0,485,32,27,6,550,0,0,0,550
02/08/2022,BWI,MD,AEA,EN,Towers with Radar,469,56,34,8,567,0,2,14,3,19,469,58,48,11,586,0,0,0,586
02/09/2022,BWI,MD,AEA,EN,Towers with Radar,459,49,27,3,538,0,0,9,2,11,459,49,36,5,549,0,0,0,549
02/10/2022,BWI,MD,AEA,EN,Towers with Radar,500,51,23,2,576,0,3,4,1,8,500,54,27,3,584,0,0,0,584
02/11/2022,BWI,MD,AEA,EN,Towers with Radar,503,54,29,7,593,0,0,4,3,7,503,54,33,10,600,0,0,0,600
02/12/2022,BWI,MD,AEA,EN,Towers with Radar,446,22,11,3,482,0,6,13,0,19,446,28,24,3,501,0,0,0,501
02/13/2022,BWI,MD,AEA,EN,Towers with Radar,443,35,19,0,497,0,0,0,0,0,443,35,19,0,497,0,0,0,497
02/14/2022,BWI,MD,AEA,EN,Towers with Radar,502,33,25,1,561,0,2,3,0,5,502,35,28,1,566,0,0,0,566
02/15/2022,BWI,MD,AEA,EN,Towers with Radar,467,49,30,9,555,0,1,9,4,14,467,50,39,13,569,0,0,0,569
02/16/2022,BWI,MD,AEA,EN,Towers with Radar,466,47,32,4,549,0,0,3,4,7,466,47,35,8,556,0,0,0,556
02/17/2022,BWI,MD,AEA,EN,Towers with Radar,484,41,28,2,555,0,2,0,1,3,484,43,28,3,558,0,0,0,558
02/18/2022,BWI,MD,AEA,EN,Towers with Radar,515,56,33,1,605,0,1,4,1,6,515,57,37,2,611,0,0,0,611
02/19/2022,BWI,MD,AEA,EN,Towers with Radar,469,28,15,0,512,0,1,0,0,1,469,29,15,0,513,0,0,0,513
02/20/2022,BWI,MD,AEA,EN,Towers with Radar,499,27,21,0,547,0,4,7,0,11,499,31,28,0,558,0,0,0,558
02/21/2022,BWI,MD,AEA,EN,Towers with Radar,512,41,43,3,599,0,1,9,1,11,512,42,52,4,610,0,0,0,610
02/22/2022,BWI,MD,AEA,EN,Towers with Radar,488,52,10,0,550,0,0,0,1,1,488,52,10,1,551,0,0,0,551
02/23/2022,BWI,MD,AEA,EN,Towers with Radar,481,42,26,7,556,0,1,0,2,3,481,43,26,9,559,0,0,0,559
02/24/2022,BWI,MD,AEA,EN,Towers with Radar,486,52,31,2,571,0,0,3,0,3,486,52,34,2,574,0,0,0,574
02/25/2022,BWI,MD,AEA,EN,Towers with Radar,503,39,20,3,565,0,0,6,2,8,503,39,26,5,573,0,0,0,573
02/26/2022,BWI,MD,AEA,EN,Towers with Radar,470,36,27,0,533,0,0,15,0,15,470,36,42,0,548,0,0,0,548
02/27/2022,BWI,MD,AEA,EN,Towers with Radar,496,35,13,0,544,0,2,6,0,8,496,37,19,0,552,0,0,0,552
02/28/2022,BWI,MD,AEA,EN,Towers with Radar,509,45,31,3,588,0,1,12,0,13,509,46,43,3,601,0,0,0,601
03/01/2022,BWI,MD,AEA,EN,Towers with Radar,495,41,24,2,562,0,3,9,1,13,495,44,33,3,575,0,0,0,575
03/02/2022,BWI,MD,AEA,EN,Towers with Radar,490,41,25,4,560,0,0,4,2,6,490,41,29,6,566,0,0,0,566
03/03/2022,BWI,MD,AEA,EN,Towers with Radar,536,66,27,0,629,0,6,9,3,18,536,72,36,3,647,0,0,0,647
03/04/2022,BWI,MD,AEA,EN,Towers with Radar,496,46,29,1,572,0,2,7,0,9,496,48,36,1,581,0,0,0,581
03/05/2022,BWI,MD,AEA,EN,Towers with Radar,450,22,19,0,491,0,2,5,1,8,450,24,24,1,499,0,0,0,499
03/06/2022,BWI,MD,AEA,EN,Towers with Radar,472,43,24,0,539,0,0,0,0,0,472,43,24,0,539,0,0,0,539
03/07/2022,BWI,MD,AEA,EN,Towers with Radar,505,38,18,2,563,0,1,0,0,1,505,39,18,2,564,0,0,0,564
03/08/2022,BWI,MD,AEA,EN,Towers with Radar,458,57,25,2,542,0,2,3,2,7,458,59,28,4,549,0,0,0,549
03/09/2022,BWI,MD,AEA,EN,Towers with Radar,443,57,29,0,529,0,0,0,0,0,443,57,29,0,529,0,0,0,529
03/10/2022,BWI,MD,AEA,EN,Towers with Radar,513,56,41,1,611,0,2,16,4,22,513,58,57,5,633,0,0,0,633
03/11/2022,BWI,MD,AEA,EN,Towers with Radar,515,54,36,2,607,0,1,10,4,15,515,55,46,6,622,0,0,0,622
03/12/2022,BWI,MD,AEA,EN,Towers with Radar,405,27,15,1,448,0,0,0,0,0,405,27,15,1,448,0,0,0,448
03/13/2022,BWI,MD,AEA,EN,Towers with Radar,480,54,26,4,564,0,2,3,0,5,480,56,29,4,569,0,0,0,569
03/14/2022,BWI,MD,AEA,EN,Towers with Radar,514,59,28,6,607,0,1,6,3,10,514,60,34,9,617,0,0,0,617
03/15/2022,BWI,MD,AEA,EN,Towers with Radar,493,39,21,0,553,0,2,5,0,7,493,41,26,0,560,0,0,0,560
03/16/2022,BWI,MD,AEA,EN,Towers with Radar,487,48,29,3,567,0,0,10,1,11,487,48,39,4,578,0,0,0,578
03/17/2022,BWI,MD,AEA,EN,Towers with Radar,539,46,26,8,619,0,0,0,0,0,539,46,26,8,619,0,0,0,619
03/18/2022,BWI,MD,AEA,EN,Towers with Radar,537,43,38,2,620,0,0,12,0,12,537,43,50,2,632,0,0,0,632
03/19/2022,BWI,MD,AEA,EN,Towers with Radar,483,36,11,0,530,0,0,5,0,5,483,36,16,0,535,0,0,0,535
03/20/2022,BWI,MD,AEA,EN,Towers with Radar,520,25,19,2,566,0,1,2,0,3,520,26,21,2,569,0,0,0,569
03/21/2022,BWI,MD,AEA,EN,Towers with Radar,510,49,25,1,585,0,0,6,1,7,510,49,31,2,592,0,0,0,592
03/22/2022,BWI,MD,AEA,EN,Towers with Radar,487,46,20,1,554,0,0,18,0,18,487,46,38,1,572,0,0,0,572
03/23/2022,BWI,MD,AEA,EN,Towers with Radar,479,56,28,1,564,0,2,6,0,8,479,58,34,1,572,0,0,0,572
03/24/2022,BWI,MD,AEA,EN,Towers with Radar,528,52,29,0,609,0,1,0,0,1,528,53,29,0,610,0,0,0,610
03/25/2022,BWI,MD,AEA,EN,Towers with Radar,540,53,27,2,622,0,0,3,0,3,540,53,30,2,625,0,0,0,625
03/26/2022,BWI,MD,AEA,EN,Towers with Radar,479,23,23,1,526,0,0,5,0,5,479,23,28,1,531,0,0,0,531
03/27/2022,BWI,MD,AEA,EN,Towers with Radar,520,40,13,0,573,0,1,1,2,4,520,41,14,2,577,0,0,0,577
03/28/2022,BWI,MD,AEA,EN,Towers with Radar,513,32,25,1,571,0,0,4,0,4,513,32,29,1,575,0,0,0,575
03/29/2022,BWI,MD,AEA,EN,Towers with Radar,486,47,30,1,564,0,1,6,5,12,486,48,36,6,576,0,0,0,576
03/30/2022,BWI,MD,AEA,EN,Towers with Radar,483,51,42,2,578,0,0,6,1,7,483,51,48,3,585,0,0,0,585
03/31/2022,BWI,MD,AEA,EN,Towers with Radar,495,49,29,2,575,0,0,0,0,0,495,49,29,2,575,0,0,0,575
04/01/2022,BWI,MD,AEA,EN,Towers with Radar,504,48,34,4,590,0,0,5,3,8,504,48,39,7,598,0,0,0,598
04/02/2022,BWI,MD,AEA,EN,Towers with Radar,398,19,34,1,452,0,3,18,0,21,398,22,52,1,473,0,0,0,473
04/03/2022,BWI,MD,AEA,EN,Towers with Radar,451,33,28,0,512,0,0,8,0,8,451,33,36,0,520,0,0,0,520
04/04/2022,BWI,MD,AEA,EN,Towers with Radar,518,52,35,8,613,0,0,10,2,12,518,52,45,10,625,0,0,0,625
04/05/2022,BWI,MD,AEA,EN,Towers with Radar,499,62,28,2,591,0,0,3,0,3,499,62,31,2,594,0,0,0,594
04/06/2022,BWI,MD,AEA,EN,Towers with Radar,522,63,34,5,624,0,0,0,0,0,522,63,34,5,624,0,0,0,624
04/07/2022,BWI,MD,AEA,EN,Towers with Radar,505,55,46,2,608,0,0,0,0,0,505,55,46,2,608,0,0,0,608
04/08/2022,BWI,MD,AEA,EN,Towers with Radar,552,53,38,5,648,0,3,1,3,7,552,56,39,8,655,0,0,0,655
04/09/2022,BWI,MD,AEA,EN,Towers with Radar,485,29,31,0,545,0,0,6,0,6,485,29,37,0,551,0,0,0,551
04/10/2022,BWI,MD,AEA,EN,Towers with Radar,506,30,16,2,554,0,0,1,0,1,506,30,17,2,555,0,0,0,555
04/11/2022,BWI,MD,AEA,EN,Towers with Radar,538,55,21,6,620,0,1,9,3,13,538,56,30,9,633,0,0,0,633
04/12/2022,BWI,MD,AEA,EN,Towers with Radar,514,43,34,2,593,0,4,3,4,11,514,47,37,6,604,0,0,0,604
04/13/2022,BWI,MD,AEA,EN,Towers with Radar,514,58,37,1,610,0,0,20,0,20,514,58,57,1,630,0,0,0,630
04/14/2022,BWI,MD,AEA,EN,Towers with Radar,544,74,31,1,650,0,0,2,1,3,544,74,33,2,653,0,0,0,653
04/15/2022,BWI,MD,AEA,EN,Towers with Radar,538,55,20,1,614,0,2,6,0,8,538,57,26,1,622,0,0,0,622
04/16/2022,BWI,MD,AEA,EN,Towers with Radar,489,33,13,0,535,0,3,7,0,10,489,36,20,0,545,0,0,0,545
04/17/2022,BWI,MD,AEA,EN,Towers with Radar,516,35,28,0,579,0,0,7,0,7,516,35,35,0,586,0,0,0,586
04/18/2022,BWI,MD,AEA,EN,Towers with Radar,522,63,28,4,617,0,0,2,1,3,522,63,30,5,620,0,0,0,620
04/19/2022,BWI,MD,AEA,EN,Towers with Radar,529,55,19,2,605,0,0,1,0,1,529,55,20,2,606,0,0,0,606
04/20/2022,BWI,MD,AEA,EN,Towers with Radar,529,58,25,1,613,0,3,9,2,14,529,61,34,3,627,0,0,0,627
04/21/2022,BWI,MD,AEA,EN,Towers with Radar,535,57,37,0,629,0,0,7,2,9,535,57,44,2,638,0,0,0,638
04/22/2022,BWI,MD,AEA,EN,Towers with Radar,537,50,38,2,627,0,0,6,0,6,537,50,44,2,633,0,0,0,633
04/23/2022,BWI,MD,AEA,EN,Towers with Radar,492,28,31,1,552,0,1,19,0,20,492,29,50,1,572,0,0,0,572
04/24/2022,BWI,MD,AEA,EN,Towers with Radar,519,36,30,1,586,0,1,10,0,11,519,37,40,1,597,0,0,0,597
04/25/2022,BWI,MD,AEA,EN,Towers with Radar,522,55,31,0,608,0,6,1,1,8,522,61,32,1,616,0,0,0,616
04/26/2022,BWI,MD,AEA,EN,Towers with Radar,524,51,31,0,606,0,1,0,0,1,524,52,31,0,607,0,0,0,607
04/27/2022,BWI,MD,AEA,EN,Towers with Radar,516,55,28,3,602,0,1,2,2,5,516,56,30,5,607,0,0,0,607
04/28/2022,BWI,MD,AEA,EN,Towers with Radar,554,54,48,2,658,0,1,6,4,11,554,55,54,6,669,0,0,0,669
04/29/2022,BWI,MD,AEA,EN,Towers with Radar,537,67,26,1,631,0,1,16,3,20,537,68,42,4,651,0,0,0,651
04/30/2022,BWI,MD,AEA,EN,Towers with Radar,477,30,37,0,544,0,3,10,0,13,477,33,47,0,557,0,0,0,557
05/01/2022,BWI,MD,AEA,EN,Towers with Radar,517,39,15,1,572,0,1,3,0,4,517,40,18,1,576,0,0,0,576
05/02/2022,BWI,MD,AEA,EN,Towers with Radar,533,41,35,0,609,0,0,3,0,3,533,41,38,0,612,0,0,0,612
05/03/2022,BWI,MD,AEA,EN,Towers with Radar,523,57,38,2,620,0,2,0,0,2,523,59,38,2,622,0,0,0,622
05/04/2022,BWI,MD,AEA,EN,Towers with Radar,518,63,28,3,612,0,0,0,0,0,518,63,28,3,612,0,0,0,612
05/05/2022,BWI,MD,AEA,EN,Towers with Radar,547,58,33,0,638,0,1,2,2,5,547,59,35,2,643,0,0,0,643
05/06/2022,BWI,MD,AEA,EN,Towers with Radar,523,32,34,2,591,0,0,0,0,0,523,32,34,2,591,0,0,0,591
05/07/2022,BWI,MD,AEA,EN,Towers with Radar,488,28,15,0,531,0,0,0,0,0,488,28,15,0,531,0,0,0,531
05/08/2022,BWI,MD,AEA,EN,Towers with Radar,523,45,25,1,594,0,3,0,0,3,523,48,25,1,597,0,0,0,597
05/09/2022,BWI,MD,AEA,EN,Towers with Radar,541,34,41,2,618,0,1,3,1,5,541,35,44,3,623,0,0,0,623
05/10/2022,BWI,MD,AEA,EN,Towers with Radar,535,57,42,1,635,0,0,1,1,2,535,57,43,2,637,0,0,0,637
05/11/2022,BWI,MD,AEA,EN,Towers with Radar,526,58,41,0,625,0,0,9,1,10,526,58,50,1,635,0,0,0,635
05/12/2022,BWI,MD,AEA,EN,Towers with Radar,537,65,42,3,647,0,4,3,0,7,537,69,45,3,654,0,0,0,654
05/13/2022,BWI,MD,AEA,EN,Towers with Radar,537,79,23,2,641,0,0,0,0,0,537,79,23,2,641,0,0,0,641
05/14/2022,BWI,MD,AEA,EN,Towers with Radar,475,42,13,0,530,0,0,0,0,0,475,42,13,0,530,0,0,0,530
05/15/2022,BWI,MD,AEA,EN,Towers with Radar,523,59,20,2,604,0,0,0,0,0,523,59,20,2,604,0,0,0,604
05/16/2022,BWI,MD,AEA,EN,Towers with Radar,495,47,26,3,571,0,0,3,0,3,495,47,29,3,574,0,0,0,574
05/17/2022,BWI,MD,AEA,EN,Towers with Radar,545,46,26,3,620,0,5,15,1,21,545,51,41,4,641,0,0,0,641
05/18/2022,BWI,MD,AEA,EN,Towers with Radar,539,61,42,4,646,0,1,22,2,25,539,62,64,6,671,0,0,0,671
05/19/2022,BWI,MD,AEA,EN,Towers with Radar,537,72,45,0,654,0,0,12,0,12,537,72,57,0,666,0,0,0,666
05/20/2022,BWI,MD,AEA,EN,Towers with Radar,549,66,43,0,658,0,3,26,0,29,549,69,69,0,687,0,0,0,687
05/21/2022,BWI,MD,AEA,EN,Towers with Radar,507,39,38,0,584,0,1,12,0,13,507,40,50,0,597,0,0,0,597
05/22/2022,BWI,MD,AEA,EN,Towers with Radar,457,49,42,1,549,0,0,6,0,6,457,49,48,1,555,0,0,0,555
05/23/2022,BWI,MD,AEA,EN,Towers with Radar,555,47,45,2,649,0,7,17,4,28,555,54,62,6,677,0,0,0,677
05/24/2022,BWI,MD,AEA,EN,Towers with Radar,535,42,44,0,621,0,1,2,0,3,535,43,46,0,624,0,0,0,624
05/25/2022,BWI,MD,AEA,EN,Towers with Radar,533,51,57,6,647,0,2,21,0,23,533,53,78,6,670,0,0,0,670
05/26/2022,BWI,MD,AEA,EN,Towers with Radar,545,50,40,2,637,0,0,0,0,0,545,50,40,2,637,0,0,0,637
05/27/2022,BWI,MD,AEA,EN,Towers with Radar,457,55,31,1,544,0,0,0,0,0,457,55,31,1,544,0,0,0,544
05/28/2022,BWI,MD,AEA,EN,Towers with Radar,490,32,13,0,535,0,0,1,0,1,490,32,14,0,536,0,0,0,536
05/29/2022,BWI,MD,AEA,EN,Towers with Radar,514,28,24,0,566,0,3,7,1,11,514,31,31,1,577,0,0,0,577
05/30/2022,BWI,MD,AEA,EN,Towers with Radar,546,37,42,1,626,0,2,8,0,10,546,39,50,1,636,0,0,0,636
05/31/2022,BWI,MD,AEA,EN,Towers with Radar,537,44,33,0,614,0,1,14,0,15,537,45,47,0,629,0,0,0,629
06/01/2022,BWI,MD,AEA,EN,Towers with Radar,539,69,27,1,636,0,2,10,1,13,539,71,37,2,649,0,0,0,649
06/02/2022,BWI,MD,AEA,EN,Towers with Radar,522,62,24,0,608,0,0,0,0,0,522,62,24,0,608,0,0,0,608
06/03/2022,BWI,MD,AEA,EN,Towers with Radar,544,73,30,1,648,0,4,3,1,8,544,77,33,2,656,0,0,0,656
06/04/2022,BWI,MD,AEA,EN,Towers with Radar,476,30,21,1,528,0,0,9,0,9,476,30,30,1,537,0,0,0,537
06/05/2022,BWI,MD,AEA,EN,Towers with Radar,526,40,31,0,597,0,1,10,0,11,526,41,41,0,608,0,0,0,608
06/06/2022,BWI,MD,AEA,EN,Towers with Radar,522,34,35,0,591,0,2,5,0,7,522,36,40,0,598,0,0,0,598
06/07/2022,BWI,MD,AEA,EN,Towers with Radar,566,62,34,2,664,0,1,0,0,1,566,63,34,2,665,0,0,0,665
06/08/2022,BWI,MD,AEA,EN,Towers with Radar,509,62,32,5,608,0,0,3,1,4,509,62,35,6,612,0,0,0,612
06/09/2022,BWI,MD,AEA,EN,Towers with Radar,558,58,35,2,653,0,1,8,2,11,558,59,43,4,664,0,0,0,664
06/10/2022,BWI,MD,AEA,EN,Towers with Radar,525,54,54,1,634,0,0,7,1,8,525,54,61,2,642,0,0,0,642
06/11/2022,BWI,MD,AEA,EN,Towers with Radar,505,27,20,0,552,0,2,5,0,7,505,29,25,0,559,0,0,0,559
06/12/2022,BWI,MD,AEA,EN,Towers with Radar,536,46,35,0,617,0,0,2,0,2,536,46,37,0,619,0,0,0,619
06/13/2022,BWI,MD,AEA,EN,Towers with Radar,533,39,43,1,616,0,1,4,1,6,533,40,47,2,622,0,0,0,622
06/14/2022,BWI,MD,AEA,EN,Towers with Radar,544,58,36,0,638,0,0,3,0,3,544,58,39,0,641,0,0,0,641
06/15/2022,BWI,MD,AEA,EN,Towers with Radar,555,75,49,3,682,0,1,7,4,12,555,76,56,7,694,0,0,0,694
06/16/2022,BWI,MD,AEA,EN,Towers with Radar,521,56,28,4,609,0,1,2,0,3,521,57,30,4,612,0,0,0,612
06/17/2022,BWI,MD,AEA,EN,Towers with Radar,526,48,41,2,617,0,4,9,0,13,526,52,50,2,630,0,0,0,630
06/18/2022,BWI,MD,AEA,EN,Towers with Radar,512,49,19,1,581,0,2,6,0,8,512,51,25,1,589,0,0,0,589
06/19/2022,BWI,MD,AEA,EN,Towers with Radar,524,51,38,0,613,0,2,5,0,7,524,53,43,0,620,0,0,0,620
06/20/2022,BWI,MD,AEA,EN,Towers with Radar,545,47,26,0,618,0,1,5,0,6,545,48,31,0,624,0,0,0,624
06/21/2022,BWI,MD,AEA,EN,Towers with Radar,551,51,32,3,637,0,0,7,2,9,551,51,39,5,646,0,0,0,646
06/22/2022,BWI,MD,AEA,EN,Towers with Radar,372,52,21,4,449,0,1,4,5,10,372,53,25,9,459,0,0,0,459
06/23/2022,BWI,MD,AEA,EN,Towers with Radar,559,66,44,0,669,0,0,3,0,3,559,66,47,0,672,0,0,0,672
06/24/2022,BWI,MD,AEA,EN,Towers with Radar,532,63,32,3,630,0,4,16,0,20,532,67,48,3,650,0,0,0,650
06/25/2022,BWI,MD,AEA,EN,Towers with Radar,505,42,25,0,572,0,1,7,0,8,505,43,32,0,580,0,0,0,580
06/26/2022,BWI,MD,AEA,EN,Towers with Radar,472,34,33,0,539,0,0,5,0,5,472,34,38,0,544,0,0,0,544
06/27/2022,BWI,MD,AEA,EN,Towers with Radar,519,51,21,0,591,0,1,4,2,7,519,52,25,2,598,0,0,0,598
06/28/2022,BWI,MD,AEA,EN,Towers with Radar,532,56,26,6,620,0,0,9,2,11,532,56,35,8,631,0,0,0,631
06/29/2022,BWI,MD,AEA,EN,Towers with Radar,538,65,52,2,657,0,2,4,0,6,538,67,56,2,663,0,0,0,663
06/30/2022,BWI,MD,AEA,EN,Towers with Radar,556,48,29,1,634,0,0,7,1,8,556,48,36,2,642,0,0,0,642
07/01/2022,BWI,MD,AEA,EN,Towers with Radar,545,45,20,0,610,0,1,6,0,7,545,46,26,0,617,0,0,0,617
07/02/2022,BWI,MD,AEA,EN,Towers with Radar,499,31,27,0,557,0,0,5,0,5,499,31,32,0,562,0,0,0,562
07/03/2022,BWI,MD,AEA,EN,Towers with Radar,525,25,17,0,567,0,0,4,0,4,525,25,21,0,571,0,0,0,571
07/04/2022,BWI,MD,AEA,EN,Towers with Radar,509,36,11,0,556,0,3,8,3,14,509,39,19,3,570,0,0,0,570
07/05/2022,BWI,MD,AEA,EN,Towers with Radar,531,37,38,1,607,0,1,3,1,5,531,38,41,2,612,0,0,0,612
07/06/2022,BWI,MD,AEA,EN,Towers with Radar,558,41,29,2,630,0,0,4,1,5,558,41,33,3,635,0,0,0,635
07/07/2022,BWI,MD,AEA,EN,Towers with Radar,575,53,27,4,659,0,2,5,0,7,575,55,32,4,666,0,0,0,666
07/08/2022,BWI,MD,AEA,EN,Towers with Radar,588,50,42,3,683,0,1,8,2,11,588,51,50,5,694,0,0,0,694
07/09/2022,BWI,MD,AEA,EN,Towers with Radar,527,34,24,0,585,0,0,2,0,2,527,34,26,0,587,0,0,0,587
07/10/2022,BWI,MD,AEA,EN,Towers with Radar,573,41,21,0,635,0,2,16,1,19,573,43,37,1,654,0,0,0,654
07/11/2022,BWI,MD,AEA,EN,Towers with Radar,577,57,18,3,655,0,5,8,1,14,577,62,26,4,669,0,0,0,669
07/12/2022,BWI,MD,AEA,EN,Towers with Radar,548,54,27,0,629,0,1,8,0,9,548,55,35,0,638,0,0,0,638
07/13/2022,BWI,MD,AEA,EN,Towers with Radar,591,59,29,3,682,0,3,8,2,13,591,62,37,5,695,0,0,0,695
07/14/2022,BWI,MD,AEA,EN,Towers with Radar,599,60,37,4,700,0,1,10,5,16,599,61,47,9,716,0,0,0,716
07/15/2022,BWI,MD,AEA,EN,Towers with Radar,589,64,40,5,698,0,1,23,3,27,589,65,63,8,725,0,0,0,725
07/16/2022,BWI,MD,AEA,EN,Towers with Radar,516,41,19,2,578,0,1,7,4,12,516,42,26,6,590,0,0,0,590
07/17/2022,BWI,MD,AEA,EN,Towers with Radar,553,47,24,1,625,0,0,5,0,5,553,47,29,1,630,0,0,0,630
07/18/2022,BWI,MD,AEA,EN,Towers with Radar,575,53,18,5,651,0,1,6,2,9,575,54,24,7,660,0,0,0,660
07/19/2022,BWI,MD,AEA,EN,Towers with Radar,599,57,33,2,691,0,0,7,2,9,599,57,40,4,700,0,0,0,700
07/20/2022,BWI,MD,AEA,EN,Towers with Radar,574,53,34,6,667,0,0,15,2,17,574,53,49,8,684,0,0,0,684
07/21/2022,BWI,MD,AEA,EN,Towers with Radar,606,58,29,0,693,0,0,6,0,6,606,58,35,0,699,0,0,0,699
07/22/2022,BWI,MD,AEA,EN,Towers with Radar,588,47,41,0,676,0,0,8,1,9,588,47,49,1,685,0,0,0,685
07/23/2022,BWI,MD,AEA,EN,Towers with Radar,526,35,15,1,577,0,8,12,0,20,526,43,27,1,597,0,0,0,597
07/24/2022,BWI,MD,AEA,EN,Towers with Radar,562,49,23,0,634,0,0,1,0,1,562,49,24,0,635,0,0,0,635
07/25/2022,BWI,MD,AEA,EN,Towers with Radar,525,51,36,3,615,0,1,7,0,8,525,52,43,3,623,0,0,0,623
07/26/2022,BWI,MD,AEA,EN,Towers with Radar,590,57,44,4,695,0,0,4,0,4,590,57,48,4,699,0,0,0,699
07/27/2022,BWI,MD,AEA,EN,Towers with Radar,585,62,53,7,707,0,2,5,1,8,585,64,58,8,715,0,0,0,715
07/28/2022,BWI,MD,AEA,EN,Towers with Radar,599,55,27,1,682,0,1,6,4,11,599,56,33,5,693,0,0,0,693
07/29/2022,BWI,MD,AEA,EN,Towers with Radar,589,61,27,6,683,0,0,8,1,9,589,61,35,7,692,0,0,0,692
07/30/2022,BWI,MD,AEA,EN,Towers with Radar,538,32,22,2,594,0,3,11,1,15,538,35,33,3,609,0,0,0,609
07/31/2022,BWI,MD,AEA,EN,Towers with Radar,565,49,24,0,638,0,0,8,0,8,565,49,32,0,646,0,0,0,646
08/01/2022,BWI,MD,AEA,EN,Towers with Radar,584,46,35,1,666,0,2,11,4,17,584,48,46,5,683,0,0,0,683
08/02/2022,BWI,MD,AEA,EN,Towers with Radar,579,41,25,1,646,0,6,10,1,17,579,47,35,2,663,0,0,0,663
08/03/2022,BWI,MD,AEA,EN,Towers with Radar,549,56,29,4,638,0,0,12,1,13,549,56,41,5,651,0,0,0,651
08/04/2022,BWI,MD,AEA,EN,Towers with Radar,468,50,34,3,555,0,0,6,2,8,468,50,40,5,563,0,0,0,563
08/05/2022,BWI,MD,AEA,EN,Towers with Radar,529,49,31,0,609,0,0,1,0,1,529,49,32,0,610,0,0,0,610
08/06/2022,BWI,MD,AEA,EN,Towers with Radar,540,37,23,0,600,0,0,1,0,1,540,37,24,0,601,0,0,0,601
08/07/2022,BWI,MD,AEA,EN,Towers with Radar,573,32,18,0,623,0,2,7,2,11,573,34,25,2,634,0,0,0,634
08/08/2022,BWI,MD,AEA,EN,Towers with Radar,567,46,26,4,643,0,4,2,2,8,567,50,28,6,651,0,0,0,651
08/09/2022,BWI,MD,AEA,EN,Towers with Radar,592,50,32,1,675,0,0,2,1,3,592,50,34,2,678,0,0,0,678
08/10/2022,BWI,MD,AEA,EN,Towers with Radar,477,59,22,8,566,0,1,5,2,8,477,60,27,10,574,0,0,0,574
08/11/2022,BWI,MD,AEA,EN,Towers with Radar,583,74,40,2,699,0,0,6,0,6,583,74,46,2,705,0,0,0,705
08/12/2022,BWI,MD,AEA,EN,Towers with Radar,606,41,32,2,681,0,2,13,0,15,606,43,45,2,696,0,0,0,696
08/13/2022,BWI,MD,AEA,EN,Towers with Radar,545,26,24,1,596,0,0,12,0,12,545,26,36,1,608,0,0,0,608
08/14/2022,BWI,MD,AEA,EN,Towers with Radar,565,65,25,0,655,0,0,2,0,2,565,65,27,0,657,0,0,0,657
08/15/2022,BWI,MD,AEA,EN,Towers with Radar,589,54,46,0,689,0,0,4,0,4,589,54,50,0,693,0,0,0,693
08/16/2022,BWI,MD,AEA,EN,Towers with Radar,583,48,35,2,668,0,1,12,4,17,583,49,47,6,685,0,0,0,685
08/17/2022,BWI,MD,AEA,EN,Towers with Radar,592,39,33,6,670,0,1,2,2,5,592,40,35,8,675,0,0,0,675
08/18/2022,BWI,MD,AEA,EN,Towers with Radar,590,45,36,0,671,0,0,8,0,8,590,45,44,0,679,0,0,0,679
08/19/2022,BWI,MD,AEA,EN,Towers with Radar,596,49,24,0,669,0,0,5,0,5,596,49,29,0,674,0,0,0,674
08/20/2022,BWI,MD,AEA,EN,Towers with Radar,542,20,14,0,576,0,2,9,0,11,542,22,23,0,587,0,0,0,587
08/21/2022,BWI,MD,AEA,EN,Towers with Radar,543,40,24,0,607,0,0,0,0,0,543,40,24,0,607,0,0,0,607
08/22/2022,BWI,MD,AEA,EN,Towers with Radar,560,33,22,3,618,0,0,0,0,0,560,33,22,3,618,0,0,0,618
08/23/2022,BWI,MD,AEA,EN,Towers with Radar,597,58,32,1,688,0,0,5,1,6,597,58,37,2,694,0,0,0,694
08/24/2022,BWI,MD,AEA,EN,Towers with Radar,593,64,29,2,688,0,0,6,0,6,593,64,35,2,694,0,0,0,694
08/25/2022,BWI,MD,AEA,EN,Towers with Radar,597,63,28,5,693,0,1,11,1,13,597,64,39,6,706,0,0,0,706
08/26/2022,BWI,MD,AEA,EN,Towers with Radar,589,33,28,2,652,0,0,12,0,12,589,33,40,2,664,0,0,0,664
08/27/2022,BWI,MD,AEA,EN,Towers with Radar,551,28,17,1,597,0,0,4,0,4,551,28,21,1,601,0,0,0,601
08/28/2022,BWI,MD,AEA,EN,Towers with Radar,573,29,22,0,624,0,1,5,0,6,573,30,27,0,630,0,0,0,630
08/29/2022,BWI,MD,AEA,EN,Towers with Radar,556,45,25,1,627,0,1,9,1,11,556,46,34,2,638,0,0,0,638
08/30/2022,BWI,MD,AEA,EN,Towers with Radar,519,58,23,1,601,0,3,3,3,9,519,61,26,4,610,0,0,0,610
08/31/2022,BWI,MD,AEA,EN,Towers with Radar,583,50,42,1,676,0,1,5,3,9,583,51,47,4,685,0,0,0,685
09/01/2022,BWI,MD,AEA,EN,Towers with Radar,583,53,41,5,682,0,2,4,1,7,583,55,45,6,689,0,0,0,689
09/02/2022,BWI,MD,AEA,EN,Towers with Radar,600,53,28,1,682,0,1,8,1,10,600,54,36,2,692,0,0,0,692
09/03/2022,BWI,MD,AEA,EN,Towers with Radar,542,25,13,0,580,0,2,4,0,6,542,27,17,0,586,0,0,0,586
09/04/2022,BWI,MD,AEA,EN,Towers with Radar,502,29,22,0,553,0,0,2,0,2,502,29,24,0,555,0,0,0,555
09/05/2022,BWI,MD,AEA,EN,Towers with Radar,580,26,24,0,630,0,0,2,0,2,580,26,26,0,632,0,0,0,632
09/06/2022,BWI,MD,AEA,EN,Towers with Radar,526,35,25,1,587,0,0,0,0,0,526,35,25,1,587,0,0,0,587
09/07/2022,BWI,MD,AEA,EN,Towers with Radar,519,47,20,2,588,0,0,2,0,2,519,47,22,2,590,0,0,0,590
09/08/2022,BWI,MD,AEA,EN,Towers with Radar,569,58,39,5,671,0,1,8,0,9,569,59,47,5,680,0,0,0,680
09/09/2022,BWI,MD,AEA,EN,Towers with Radar,575,59,30,5,669,0,2,1,4,7,575,61,31,9,676,0,0,0,676
09/10/2022,BWI,MD,AEA,EN,Towers with Radar,538,36,21,0,595,0,2,1,1,4,538,38,22,1,599,0,0,0,599
09/11/2022,BWI,MD,AEA,EN,Towers with Radar,566,42,25,2,635,0,0,0,0,0,566,42,25,2,635,0,0,0,635
09/12/2022,BWI,MD,AEA,EN,Towers with Radar,525,57,28,0,610,0,0,3,0,3,525,57,31,0,613,0,0,0,613
09/13/2022,BWI,MD,AEA,EN,Towers with Radar,547,49,30,2,628,0,1,14,0,15,547,50,44,2,643,0,0,0,643
09/14/2022,BWI,MD,AEA,EN,Towers with Radar,519,53,20,4,596,0,2,8,0,10,519,55,28,4,606,0,0,0,606
09/15/2022,BWI,MD,AEA,EN,Towers with Radar,578,66,30,7,681,0,0,17,5,22,578,66,47,12,703,0,0,0,703
09/16/2022,BWI,MD,AEA,EN,Towers with Radar,577,60,16,6,659,0,0,8,0,8,577,60,24,6,667,0,0,0,667
09/17/2022,BWI,MD,AEA,EN,Towers with Radar,525,36,29,6,596,0,0,10,0,10,525,36,39,6,606,0,0,0,606
09/18/2022,BWI,MD,AEA,EN,Towers with Radar,565,39,47,3,654,0,1,11,0,12,565,40,58,3,666,0,0,0,666
09/19/2022,BWI,MD,AEA,EN,Towers with Radar,566,30,29,3,628,0,0,17,0,17,566,30,46,3,645,0,0,0,645
09/20/2022,BWI,MD,AEA,EN,Towers with Radar,529,60,35,2,626,0,1,4,1,6,529,61,39,3,632,0,0,0,632
09/21/2022,BWI,MD,AEA,EN,Towers with Radar,537,63,41,1,642,0,2,6,1,9,537,65,47,2,651,0,0,0,651
09/22/2022,BWI,MD,AEA,EN,Towers with Radar,568,79,52,0,699,0,0,1,0,1,568,79,53,0,700,0,0,0,700
09/23/2022,BWI,MD,AEA,EN,Towers with Radar,584,55,27,1,667,0,0,1,2,3,584,55,28,3,670,0,0,0,670
09/24/2022,BWI,MD,AEA,EN,Towers with Radar,532,32,15,2,581,0,0,9,0,9,532,32,24,2,590,0,0,0,590
09/25/2022,BWI,MD,AEA,EN,Towers with Radar,573,33,28,0,634,0,0,0,0,0,573,33,28,0,634,0,0,0,634
09/26/2022,BWI,MD,AEA,EN,Towers with Radar,571,42,28,2,643,0,0,8,0,8,571,42,36,2,651,0,0,0,651
09/27/2022,BWI,MD,AEA,EN,Towers with Radar,512,57,27,1,597,0,0,5,1,6,512,57,32,2,603,0,0,0,603
09/28/2022,BWI,MD,AEA,EN,Towers with Radar,473,51,20,1,545,0,1,9,1,11,473,52,29,2,556,0,0,0,556
09/29/2022,BWI,MD,AEA,EN,Towers with Radar,503,50,28,1,582,0,1,8,1,10,503,51,36,2,592,0,0,0,592
09/30/2022,BWI,MD,AEA,EN,Towers with Radar,507,44,19,2,572,0,0,0,0,0,507,44,19,2,572,0,0,0,572
10/01/2022,BWI,MD,AEA,EN,Towers with Radar,507,38,12,0,557,0,0,0,0,0,507,38,12,0,557,0,0,0,557
10/02/2022,BWI,MD,AEA,EN,Towers with Radar,549,42,24,0,615,0,0,0,0,0,549,42,24,0,615,0,0,0,615
10/03/2022,BWI,MD,AEA,EN,Towers with Radar,561,53,35,1,650,0,0,1,0,1,561,53,36,1,651,0,0,0,651
10/04/2022,BWI,MD,AEA,EN,Towers with Radar,522,52,41,0,615,0,0,1,0,1,522,52,42,0,616,0,0,0,616
10/05/2022,BWI,MD,AEA,EN,Towers with Radar,524,53,32,6,615,0,0,2,0,2,524,53,34,6,617,0,0,0,617
10/06/2022,BWI,MD,AEA,EN,Towers with Radar,579,52,47,10,688,0,1,8,3,12,579,53,55,13,700,0,0,0,700
10/07/2022,BWI,MD,AEA,EN,Towers with Radar,578,71,33,2,684,0,0,4,4,8,578,71,37,6,692,0,0,0,692
10/08/2022,BWI,MD,AEA,EN,Towers with Radar,522,41,28,1,592,0,3,0,0,3,522,44,28,1,595,0,0,0,595
10/09/2022,BWI,MD,AEA,EN,Towers with Radar,568,50,42,0,660,0,0,0,2,2,568,50,42,2,662,0,0,0,662
10/10/2022,BWI,MD,AEA,EN,Towers with Radar,564,53,24,0,641,0,1,2,0,3,564,54,26,0,644,0,0,0,644
10/11/2022,BWI,MD,AEA,EN,Towers with Radar,559,50,27,4,640,0,1,7,0,8,559,51,34,4,648,0,0,0,648
10/12/2022,BWI,MD,AEA,EN,Towers with Radar,551,50,46,2,649,0,0,6,2,8,551,50,52,4,657,0,0,0,657
10/13/2022,BWI,MD,AEA,EN,Towers with Radar,572,46,25,4,647,0,0,0,0,0,572,46,25,4,647,0,0,0,647
10/14/2022,BWI,MD,AEA,EN,Towers with Radar,583,61,22,3,669,0,0,5,1,6,583,61,27,4,675,0,0,0,675
10/15/2022,BWI,MD,AEA,EN,Towers with Radar,530,48,12,0,590,0,1,4,0,5,530,49,16,0,595,0,0,0,595
10/16/2022,BWI,MD,AEA,EN,Towers with Radar,554,40,32,0,626,0,2,3,0,5,554,42,35,0,631,0,0,0,631
10/17/2022,BWI,MD,AEA,EN,Towers with Radar,564,37,18,1,620,0,1,0,1,2,564,38,18,2,622,0,0,0,622
10/18/2022,BWI,MD,AEA,EN,Towers with Radar,551,48,26,3,628,0,0,6,1,7,551,48,32,4,635,0,0,0,635
10/19/2022,BWI,MD,AEA,EN,Towers with Radar,565,47,24,3,639,0,2,5,1,8,565,49,29,4,647,0,0,0,647
10/20/2022,BWI,MD,AEA,EN,Towers with Radar,564,50,38,1,653,0,1,7,1,9,564,51,45,2,662,0,0,0,662
10/21/2022,BWI,MD,AEA,EN,Towers with Radar,587,45,29,1,662,0,0,3,0,3,587,45,32,1,665,0,0,0,665
10/22/2022,BWI,MD,AEA,EN,Towers with Radar,530,29,25,0,584,0,0,4,0,4,530,29,29,0,588,0,0,0,588
10/23/2022,BWI,MD,AEA,EN,Towers with Radar,558,55,41,2,656,0,0,4,0,4,558,55,45,2,660,0,0,0,660
10/24/2022,BWI,MD,AEA,EN,Towers with Radar,569,42,30,0,641,0,0,0,0,0,569,42,30,0,641,0,0,0,641
10/25/2022,BWI,MD,AEA,EN,Towers with Radar,572,46,29,5,652,0,0,0,0,0,572,46,29,5,652,0,0,0,652
10/26/2022,BWI,MD,AEA,EN,Towers with Radar,568,54,38,10,670,0,0,0,0,0,568,54,38,10,670,0,0,0,670
10/27/2022,BWI,MD,AEA,EN,Towers with Radar,564,65,25,1,655,0,4,6,1,11,564,69,31,2,666,0,0,0,666
10/28/2022,BWI,MD,AEA,EN,Towers with Radar,560,64,24,1,649,0,0,3,3,6,560,64,27,4,655,0,0,0,655
10/29/2022,BWI,MD,AEA,EN,Towers with Radar,524,32,22,0,578,0,0,3,0,3,524,32,25,0,581,0,0,0,581
10/30/2022,BWI,MD,AEA,EN,Towers with Radar,556,31,22,1,610,0,1,2,0,3,556,32,24,1,613,0,0,0,613
10/31/2022,BWI,MD,AEA,EN,Towers with Radar,533,42,17,2,594,0,0,2,0,2,533,42,19,2,596,0,0,0,596
11/01/2022,BWI,MD,AEA,EN,Towers with Radar,555,40,42,6,643,0,2,0,2,4,555,42,42,8,647,0,0,0,647
11/02/2022,BWI,MD,AEA,EN,Towers with Radar,549,58,34,1,642,0,0,6,3,9,549,58,40,4,651,0,0,0,651
11/03/2022,BWI,MD,AEA,EN,Towers with Radar,562,53,39,0,654,0,4,6,0,10,562,57,45,0,664,0,0,0,664
11/04/2022,BWI,MD,AEA,EN,Towers with Radar,564,39,33,3,639,0,0,4,2,6,564,39,37,5,645,0,0,0,645
11/05/2022,BWI,MD,AEA,EN,Towers with Radar,519,23,18,0,560,0,1,4,0,5,519,24,22,0,565,0,0,0,565
11/06/2022,BWI,MD,AEA,EN,Towers with Radar,533,38,31,0,602,0,0,10,0,10,533,38,41,0,612,0,0,0,612
11/07/2022,BWI,MD,AEA,EN,Towers with Radar,532,40,20,6,598,0,0,13,1,14,532,40,33,7,612,0,0,0,612
11/08/2022,BWI,MD,AEA,EN,Towers with Radar,524,44,28,0,596,0,2,4,0,6,524,46,32,0,602,0,0,0,602
11/09/2022,BWI,MD,AEA,EN,Towers with Radar,490,53,22,4,569,0,2,9,1,12,490,55,31,5,581,0,0,0,581
11/10/2022,BWI,MD,AEA,EN,Towers with Radar,516,52,39,3,610,0,0,12,0,12,516,52,51,3,622,0,0,0,622
11/11/2022,BWI,MD,AEA,EN,Towers with Radar,551,51,21,1,624,0,0,0,0,0,551,51,21,1,624,0,0,0,624
11/12/2022,BWI,MD,AEA,EN,Towers with Radar,537,52,18,0,607,0,1,7,0,8,537,53,25,0,615,0,0,0,615
11/13/2022,BWI,MD,AEA,EN,Towers with Radar,529,59,24,0,612,0,0,0,2,2,529,59,24,2,614,0,0,0,614
11/14/2022,BWI,MD,AEA,EN,Towers with Radar,540,45,30,3,618,0,0,5,2,7,540,45,35,5,625,0,0,0,625
11/15/2022,BWI,MD,AEA,EN,Towers with Radar,524,51,27,4,606,0,0,6,2,8,524,51,33,6,614,0,0,0,614
11/16/2022,BWI,MD,AEA,EN,Towers with Radar,527,55,44,3,629,0,2,15,3,20,527,57,59,6,649,0,0,0,649
11/17/2022,BWI,MD,AEA,EN,Towers with Radar,544,57,41,8,650,0,0,7,3,10,544,57,48,11,660,0,0,0,660
11/18/2022,BWI,MD,AEA,EN,Towers with Radar,549,52,29,4,634,0,0,5,2,7,549,52,34,6,641,0,0,0,641
11/19/2022,BWI,MD,AEA,EN,Towers with Radar,529,37,29,0,595,0,0,8,0,8,529,37,37,0,603,0,0,0,603
11/20/2022,BWI,MD,AEA,EN,Towers with Radar,528,28,30,2,588,0,0,6,0,6,528,28,36,2,594,0,0,0,594
11/21/2022,BWI,MD,AEA,EN,Towers with Radar,545,42,20,8,615,0,3,7,0,10,545,45,27,8,625,0,0,0,625
11/22/2022,BWI,MD,AEA,EN,Towers with Radar,546,65,23,0,634,0,0,7,0,7,546,65,30,0,641,0,0,0,641
11/23/2022,BWI,MD,AEA,EN,Towers with Radar,557,49,14,2,622,0,2,10,0,12,557,51,24,2,634,0,0,0,634
11/24/2022,BWI,MD,AEA,EN,Towers with Radar,396,17,10,0,423,0,1,3,0,4,396,18,13,0,427,0,0,0,427
11/25/2022,BWI,MD,AEA,EN,Towers with Radar,494,38,9,1,542,0,0,0,0,0,494,38,9,1,542,0,0,0,542
11/26/2022,BWI,MD,AEA,EN,Towers with Radar,548,43,24,1,616,0,0,11,0,11,548,43,35,1,627,0,0,0,627
11/27/2022,BWI,MD,AEA,EN,Towers with Radar,531,51,33,3,618,0,0,1,0,1,531,51,34,3,619,0,0,0,619
11/28/2022,BWI,MD,AEA,EN,Towers with Radar,553,48,15,1,617,0,2,6,1,9,553,50,21,2,626,0,0,0,626
11/29/2022,BWI,MD,AEA,EN,Towers with Radar,546,54,22,2,624,0,0,7,2,9,546,54,29,4,633,0,0,0,633
11/30/2022,BWI,MD,AEA,EN,Towers with Radar,532,45,16,1,594,0,0,0,0,0,532,45,16,1,594,0,0,0,594
12/01/2022,BWI,MD,AEA,EN,Towers with Radar,532,70,38,1,641,0,1,9,1,11,532,71,47,2,652,0,0,0,652
12/02/2022,BWI,MD,AEA,EN,Towers with Radar,538,50,28,1,617,0,0,4,1,5,538,50,32,2,622,0,0,0,622
12/03/2022,BWI,MD,AEA,EN,Towers with Radar,533,23,19,1,576,0,2,0,0,2,533,25,19,1,578,0,0,0,578
12/04/2022,BWI,MD,AEA,EN,Towers with Radar,536,36,37,0,609,0,0,1,0,1,536,36,38,0,610,0,0,0,610
12/05/2022,BWI,MD,AEA,EN,Towers with Radar,551,40,21,6,618,0,0,5,0,5,551,40,26,6,623,0,0,0,623
12/06/2022,BWI,MD,AEA,EN,Towers with Radar,550,50,29,2,631,0,1,0,0,1,550,51,29,2,632,0,0,0,632
12/07/2022,BWI,MD,AEA,EN,Towers with Radar,548,44,30,4,626,0,0,0,0,0,548,44,30,4,626,0,0,0,626
12/08/2022,BWI,MD,AEA,EN,Towers with Radar,555,41,27,7,630,0,1,8,4,13,555,42,35,11,643,0,0,0,643
12/09/2022,BWI,MD,AEA,EN,Towers with Radar,556,46,23,2,627,0,0,10,2,12,556,46,33,4,639,0,0,0,639
12/10/2022,BWI,MD,AEA,EN,Towers with Radar,531,31,10,3,575,0,0,3,0,3,531,31,13,3,578,0,0,0,578
12/11/2022,BWI,MD,AEA,EN,Towers with Radar,543,26,16,0,585,0,0,0,0,0,543,26,16,0,585,0,0,0,585
12/12/2022,BWI,MD,AEA,EN,Towers with Radar,546,41,29,3,619,0,0,3,0,3,546,41,32,3,622,0,0,0,622
12/13/2022,BWI,MD,AEA,EN,Towers with Radar,550,46,28,2,626,0,1,8,2,11,550,47,36,4,637,0,0,0,637
12/14/2022,BWI,MD,AEA,EN,Towers with Radar,555,53,28,2,638,0,1,8,3,12,555,54,36,5,650,0,0,0,650
12/15/2022,BWI,MD,AEA,EN,Towers with Radar,525,60,24,0,609,0,0,0,0,0,525,60,24,0,609,0,0,0,609
12/16/2022,BWI,MD,AEA,EN,Towers with Radar,575,53,20,1,649,0,1,4,0,5,575,54,24,1,654,0,0,0,654
12/17/2022,BWI,MD,AEA,EN,Towers with Radar,544,26,23,0,593,0,1,0,0,1,544,27,23,0,594,0,0,0,594
12/18/2022,BWI,MD,AEA,EN,Towers with Radar,538,27,26,0,591,0,2,0,0,2,538,29,26,0,593,0,0,0,593
12/19/2022,BWI,MD,AEA,EN,Towers with Radar,549,35,19,1,604,0,0,7,0,7,549,35,26,1,611,0,0,0,611
12/20/2022,BWI,MD,AEA,EN,Towers with Radar,560,36,41,1,638,0,0,11,3,14,560,36,52,4,652,0,0,0,652
12/21/2022,BWI,MD,AEA,EN,Towers with Radar,542,39,31,1,613,0,1,11,1,13,542,40,42,2,626,0,0,0,626
12/22/2022,BWI,MD,AEA,EN,Towers with Radar,509,36,11,0,556,0,0,0,0,0,509,36,11,0,556,0,0,0,556
12/23/2022,BWI,MD,AEA,EN,Towers with Radar,394,31,12,0,437,0,0,0,0,0,394,31,12,0,437,0,0,0,437
12/24/2022,BWI,MD,AEA,EN,Towers with Radar,342,24,26,0,392,0,1,0,0,1,342,25,26,0,393,0,0,0,393
12/25/2022,BWI,MD,AEA,EN,Towers with Radar,295,13,7,0,315,0,0,0,0,0,295,13,7,0,315,0,0,0,315
12/26/2022,BWI,MD,AEA,EN,Towers with Radar,247,37,24,0,308,0,0,3,0,3,247,37,27,0,311,0,0,0,311
12/27/2022,BWI,MD,AEA,EN,Towers with Radar,309,37,42,0,388,0,0,4,0,4,309,37,46,0,392,0,0,0,392
12/28/2022,BWI,MD,AEA,EN,Towers with Radar,374,66,43,0,483,0,1,7,0,8,374,67,50,0,491,0,0,0,491
12/29/2022,BWI,MD,AEA,EN,Towers with Radar,370,46,17,0,433,0,2,6,1,9,370,48,23,1,442,0,0,0,442
12/30/2022,BWI,MD,AEA,EN,Towers with Radar,553,40,18,0,611,0,0,5,0,5,553,40,23,0,616,0,0,0,616
12/31/2022,BWI,MD,AEA,EN,Towers with Radar,490,19,9,0,518,0,0,2,0,2,490,19,11,0,520,0,0,0,520
01/01/2023,BWI,MD,AEA,EN,Towers with Radar,491,25,24,0,540,0,0,2,0,2,491,25,26,0,542,0,0,0,542
01/02/2023,BWI,MD,AEA,EN,Towers with Radar,497,36,25,0,558,0,2,11,0,13,497,38,36,0,571,0,0,0,571
01/03/2023,BWI,MD,AEA,EN,Towers with Radar,564,41,16,0,621,0,0,2,0,2,564,41,18,0,623,0,0,0,623
01/04/2023,BWI,MD,AEA,EN,Towers with Radar,533,39,28,4,604,0,2,1,0,3,533,41,29,4,607,0,0,0,607
01/05/2023,BWI,MD,AEA,EN,Towers with Radar,538,43,32,3,616,0,0,4,1,5,538,43,36,4,621,0,0,0,621
01/06/2023,BWI,MD,AEA,EN,Towers with Radar,545,51,17,0,613,0,0,1,0,1,545,51,18,0,614,0,0,0,614
01/07/2023,BWI,MD,AEA,EN,Towers with Radar,481,22,14,0,517,0,0,6,1,7,481,22,20,1,524,0,0,0,524
01/08/2023,BWI,MD,AEA,EN,Towers with Radar,520,28,19,0,567,0,1,2,0,3,520,29,21,0,570,0,0,0,570
01/09/2023,BWI,MD,AEA,EN,Towers with Radar,544,31,22,4,601,0,0,4,1,5,544,31,26,5,606,0,0,0,606
01/10/2023,BWI,MD,AEA,EN,Towers with Radar,539,33,16,1,589,0,1,4,1,6,539,34,20,2,595,0,0,0,595
01/11/2023,BWI,MD,AEA,EN,Towers with Radar,490,40,6,1,537,0,1,15,1,17,490,41,21,2,554,0,0,0,554
01/12/2023,BWI,MD,AEA,EN,Towers with Radar,560,51,23,6,640,0,0,3,0,3,560,51,26,6,643,0,0,0,643
01/13/2023,BWI,MD,AEA,EN,Towers with Radar,550,53,9,2,614,0,0,1,2,3,550,53,10,4,617,0,0,0,617
01/14/2023,BWI,MD,AEA,EN,Towers with Radar,479,29,15,3,526,0,0,2,0,2,479,29,17,3,528,0,0,0,528
01/15/2023,BWI,MD,AEA,EN,Towers with Radar,515,26,16,0,557,0,0,4,0,4,515,26,20,0,561,0,0,0,561
01/16/2023,BWI,MD,AEA,EN,Towers with Radar,540,41,27,2,610,0,0,9,2,11,540,41,36,4,621,0,0,0,621
01/17/2023,BWI,MD,AEA,EN,Towers with Radar,545,63,29,2,639,0,1,0,0,1,545,64,29,2,640,0,0,0,640
01/18/2023,BWI,MD,AEA,EN,Towers with Radar,537,51,39,1,628,0,0,6,1,7,537,51,45,2,635,0,0,0,635
01/19/2023,BWI,MD,AEA,EN,Towers with Radar,538,51,13,0,602,0,0,0,0,0,538,51,13,0,602,0,0,0,602
01/20/2023,BWI,MD,AEA,EN,Towers with Radar,556,47,8,0,611,0,0,0,0,0,556,47,8,0,611,0,0,0,611
01/21/2023,BWI,MD,AEA,EN,Towers with Radar,470,31,20,0,521,0,0,3,0,3,470,31,23,0,524,0,0,0,524
01/22/2023,BWI,MD,AEA,EN,Towers with Radar,517,26,10,0,553,0,0,0,0,0,517,26,10,0,553,0,0,0,553
01/23/2023,BWI,MD,AEA,EN,Towers with Radar,533,36,22,2,593,0,0,0,1,1,533,36,22,3,594,0,0,0,594
01/24/2023,BWI,MD,AEA,EN,Towers with Radar,546,39,31,1,617,0,1,2,1,4,546,40,33,2,621,0,0,0,621
01/25/2023,BWI,MD,AEA,EN,Towers with Radar,524,48,11,0,583,0,0,0,0,0,524,48,11,0,583,0,0,0,583
01/26/2023,BWI,MD,AEA,EN,Towers with Radar,540,47,32,2,621,0,2,0,1,3,540,49,32,3,624,0,0,0,624
01/27/2023,BWI,MD,AEA,EN,Towers with Radar,552,46,22,2,622,0,0,6,1,7,552,46,28,3,629,0,0,0,629
01/28/2023,BWI,MD,AEA,EN,Towers with Radar,476,29,25,1,531,0,1,11,0,12,476,30,36,1,543,0,0,0,543
01/29/2023,BWI,MD,AEA,EN,Towers with Radar,513,27,21,0,561,0,0,2,0,2,513,27,23,0,563,0,0,0,563
01/30/2023,BWI,MD,AEA,EN,Towers with Radar,536,31,11,1,579,0,0,3,0,3,536,31,14,1,582,0,0,0,582
01/31/2023,BWI,MD,AEA,EN,Towers with Radar,507,48,19,2,576,0,0,0,2,2,507,48,19,4,578,0,0,0,578
02/01/2023,BWI,MD,AEA,EN,Towers with Radar,513,49,38,3,603,0,0,0,1,1,513,49,38,4,604,0,0,0,604
02/02/2023,BWI,MD,AEA,EN,Towers with Radar,526,42,24,5,597,0,0,2,0,2,526,42,26,5,599,0,0,0,599
02/03/2023,BWI,MD,AEA,EN,Towers with Radar,558,47,15,2,622,0,0,0,0,0,558,47,15,2,622,0,0,0,622
02/04/2023,BWI,MD,AEA,EN,Towers with Radar,457,29,23,2,511,0,1,3,0,4,457,30,26,2,515,0,0,0,515
02/05/2023,BWI,MD,AEA,EN,Towers with Radar,526,26,22,7,581,0,2,0,1,3,526,28,22,8,584,0,0,0,584
02/06/2023,BWI,MD,AEA,EN,Towers with Radar,543,37,21,5,606,0,2,1,2,5,543,39,22,7,611,0,0,0,611
02/07/2023,BWI,MD,AEA,EN,Towers with Radar,537,52,25,2,616,0,0,12,1,13,537,52,37,3,629,0,0,0,629
02/08/2023,BWI,MD,AEA,EN,Towers with Radar,539,43,29,1,612,0,2,12,0,14,539,45,41,1,626,0,0,0,626
02/09/2023,BWI,MD,AEA,EN,Towers with Radar,539,59,24,5,627,0,0,8,2,10,539,59,32,7,637,0,0,0,637
02/10/2023,BWI,MD,AEA,EN,Towers with Radar,554,45,17,1,617,0,0,14,0,14,554,45,31,1,631,0,0,0,631
02/11/2023,BWI,MD,AEA,EN,Towers with Radar,466,33,13,2,514,0,0,6,2,8,466,33,19,4,522,0,0,0,522
02/12/2023,BWI,MD,AEA,EN,Towers with Radar,507,28,10,0,545,0,1,0,0,1,507,29,10,0,546,0,0,0,546
02/13/2023,BWI,MD,AEA,EN,Towers with Radar,546,36,16,5,603,0,0,3,0,3,546,36,19,5,606,0,0,0,606
02/14/2023,BWI,MD,AEA,EN,Towers with Radar,540,46,15,3,604,0,0,5,1,6,540,46,20,4,610,0,0,0,610
02/15/2023,BWI,MD,AEA,EN,Towers with Radar,528,48,24,3,603,0,0,4,0,4,528,48,28,3,607,0,0,0,607
02/16/2023,BWI,MD,AEA,EN,Towers with Radar,535,51,28,3,617,0,0,0,3,3,535,51,28,6,620,0,0,0,620
02/17/2023,BWI,MD,AEA,EN,Towers with Radar,557,43,11,0,611,0,2,0,0,2,557,45,11,0,613,0,0,0,613
02/18/2023,BWI,MD,AEA,EN,Towers with Radar,477,27,17,0,521,0,0,4,0,4,477,27,21,0,525,0,0,0,525
02/19/2023,BWI,MD,AEA,EN,Towers with Radar,515,23,9,2,549,0,1,4,0,5,515,24,13,2,554,0,0,0,554
02/20/2023,BWI,MD,AEA,EN,Towers with Radar,548,41,26,2,617,0,1,5,1,7,548,42,31,3,624,0,0,0,624
02/21/2023,BWI,MD,AEA,EN,Towers with Radar,541,40,11,0,592,0,0,0,0,0,541,40,11,0,592,0,0,0,592
02/22/2023,BWI,MD,AEA,EN,Towers with Radar,517,43,15,0,575,0,0,0,0,0,517,43,15,0,575,0,0,0,575
02/23/2023,BWI,MD,AEA,EN,Towers with Radar,524,50,33,4,611,0,0,7,2,9,524,50,40,6,620,0,0,0,620
02/24/2023,BWI,MD,AEA,EN,Towers with Radar,544,60,25,1,630,0,0,0,1,1,544,60,25,2,631,0,0,0,631
02/25/2023,BWI,MD,AEA,EN,Towers with Radar,482,28,6,1,517,0,0,0,0,0,482,28,6,1,517,0,0,0,517
02/26/2023,BWI,MD,AEA,EN,Towers with Radar,515,23,24,0,562,0,0,1,0,1,515,23,25,0,563,0,0,0,563
02/27/2023,BWI,MD,AEA,EN,Towers with Radar,544,22,17,0,583,0,0,3,0,3,544,22,20,0,586,0,0,0,586
02/28/2023,BWI,MD,AEA,EN,Towers with Radar,544,37,17,1,599,0,0,0,1,1,544,37,17,2,600,0,0,0,600
03/01/2023,BWI,MD,AEA,EN,Towers with Radar,532,51,29,9,621,0,0,6,3,9,532,51,35,12,630,0,0,0,630
03/02/2023,BWI,MD,AEA,EN,Towers with Radar,538,38,34,6,616,0,2,1,2,5,538,40,35,8,621,0,0,0,621
03/03/2023,BWI,MD,AEA,EN,Towers with Radar,536,39,18,0,593,0,1,1,0,2,536,40,19,0,595,0,0,0,595
03/04/2023,BWI,MD,AEA,EN,Towers with Radar,473,21,7,0,501,0,2,0,0,2,473,23,7,0,503,0,0,0,503
03/05/2023,BWI,MD,AEA,EN,Towers with Radar,519,26,23,0,568,0,1,2,0,3,519,27,25,0,571,0,0,0,571
03/06/2023,BWI,MD,AEA,EN,Towers with Radar,549,32,27,1,609,0,0,6,0,6,549,32,33,1,615,0,0,0,615
03/07/2023,BWI,MD,AEA,EN,Towers with Radar,529,40,18,4,591,0,3,0,4,7,529,43,18,8,598,0,0,0,598
03/08/2023,BWI,MD,AEA,EN,Towers with Radar,532,56,32,4,624,0,1,2,3,6,532,57,34,7,630,0,0,0,630
03/09/2023,BWI,MD,AEA,EN,Towers with Radar,550,46,32,6,634,0,0,4,6,10,550,46,36,12,644,0,0,0,644
03/10/2023,BWI,MD,AEA,EN,Towers with Radar,573,43,17,5,638,0,0,0,0,0,573,43,17,5,638,0,0,0,638
03/11/2023,BWI,MD,AEA,EN,Towers with Radar,496,35,14,0,545,0,0,2,0,2,496,35,16,0,547,0,0,0,547
03/12/2023,BWI,MD,AEA,EN,Towers with Radar,507,26,22,0,555,0,1,1,0,2,507,27,23,0,557,0,0,0,557
03/13/2023,BWI,MD,AEA,EN,Towers with Radar,568,35,13,1,617,0,0,0,2,2,568,35,13,3,619,0,0,0,619
03/14/2023,BWI,MD,AEA,EN,Towers with Radar,528,40,8,1,577,0,1,2,1,4,528,41,10,2,581,0,0,0,581
03/15/2023,BWI,MD,AEA,EN,Towers with Radar,557,44,11,5,617,0,0,0,0,0,557,44,11,5,617,0,0,0,617
03/16/2023,BWI,MD,AEA,EN,Towers with Radar,562,55,22,5,644,0,0,14,2,16,562,55,36,7,660,0,0,0,660
03/17/2023,BWI,MD,AEA,EN,Towers with Radar,584,38,17,0,639,0,1,2,0,3,584,39,19,0,642,0,0,0,642
03/18/2023,BWI,MD,AEA,EN,Towers with Radar,500,33,15,0,548,0,0,3,0,3,500,33,18,0,551,0,0,0,551
03/19/2023,BWI,MD,AEA,EN,Towers with Radar,525,37,23,0,585,0,2,2,0,4,525,39,25,0,589,0,0,0,589
03/20/2023,BWI,MD,AEA,EN,Towers with Radar,575,31,26,1,633,0,1,9,0,10,575,32,35,1,643,0,0,0,643
03/21/2023,BWI,MD,AEA,EN,Towers with Radar,571,45,27,2,645,0,0,16,2,18,571,45,43,4,663,0,0,0,663
03/22/2023,BWI,MD,AEA,EN,Towers with Radar,560,41,22,3,626,0,1,12,3,16,560,42,34,6,642,0,0,0,642
03/23/2023,BWI,MD,AEA,EN,Towers with Radar,570,51,22,3,646,0,0,2,1,3,570,51,24,4,649,0,0,0,649
03/24/2023,BWI,MD,AEA,EN,Towers with Radar,575,39,27,4,645,0,0,1,0,1,575,39,28,4,646,0,0,0,646
03/25/2023,BWI,MD,AEA,EN,Towers with Radar,511,27,17,1,556,0,0,0,0,0,511,27,17,1,556,0,0,0,556
03/26/2023,BWI,MD,AEA,EN,Towers with Radar,500,33,16,0,549,0,0,3,0,3,500,33,19,0,552,0,0,0,552
03/27/2023,BWI,MD,AEA,EN,Towers with Radar,581,36,19,1,637,0,1,2,2,5,581,37,21,3,642,0,0,0,642
03/28/2023,BWI,MD,AEA,EN,Towers with Radar,570,45,32,2,649,0,2,5,0,7,570,47,37,2,656,0,0,0,656
03/29/2023,BWI,MD,AEA,EN,Towers with Radar,572,44,21,4,641,0,1,6,0,7,572,45,27,4,648,0,0,0,648
03/30/2023,BWI,MD,AEA,EN,Towers with Radar,562,37,26,2,627,0,0,12,4,16,562,37,38,6,643,0,0,0,643
03/31/2023,BWI,MD,AEA,EN,Towers with Radar,558,41,18,0,617,0,0,3,1,4,558,41,21,1,621,0,0,0,621
04/01/2023,BWI,MD,AEA,EN,Towers with Radar,458,18,6,0,482,0,0,0,0,0,458,18,6,0,482,0,0,0,482
04/02/2023,BWI,MD,AEA,EN,Towers with Radar,522,33,17,2,574,0,4,0,0,4,522,37,17,2,578,0,0,0,578
04/03/2023,BWI,MD,AEA,EN,Towers with Radar,570,32,17,2,621,0,0,3,0,3,570,32,20,2,624,0,0,0,624
04/04/2023,BWI,MD,AEA,EN,Towers with Radar,567,40,31,0,638,0,0,7,0,7,567,40,38,0,645,0,0,0,645
04/05/2023,BWI,MD,AEA,EN,Towers with Radar,562,42,29,3,636,0,1,5,2,8,562,43,34,5,644,0,0,0,644
04/06/2023,BWI,MD,AEA,EN,Towers with Radar,574,55,38,0,667,0,2,0,0,2,574,57,38,0,669,0,0,0,669
04/07/2023,BWI,MD,AEA,EN,Towers with Radar,595,45,27,2,669,0,1,6,0,7,595,46,33,2,676,0,0,0,676
04/08/2023,BWI,MD,AEA,EN,Towers with Radar,531,33,12,2,578,0,3,4,1,8,531,36,16,3,586,0,0,0,586
04/09/2023,BWI,MD,AEA,EN,Towers with Radar,529,27,17,0,573,0,0,0,0,0,529,27,17,0,573,0,0,0,573
04/10/2023,BWI,MD,AEA,EN,Towers with Radar,583,45,25,3,656,0,1,3,1,5,583,46,28,4,661,0,0,0,661
04/11/2023,BWI,MD,AEA,EN,Towers with Radar,596,52,24,1,673,0,0,10,1,11,596,52,34,2,684,0,0,0,684
04/12/2023,BWI,MD,AEA,EN,Towers with Radar,590,73,31,2,696,0,0,10,2,12,590,73,41,4,708,0,0,0,708
04/13/2023,BWI,MD,AEA,EN,Towers with Radar,587,60,23,0,670,0,2,6,0,8,587,62,29,0,678,0,0,0,678
04/14/2023,BWI,MD,AEA,EN,Towers with Radar,602,66,25,4,697,0,3,6,0,9,602,69,31,4,706,0,0,0,706
04/15/2023,BWI,MD,AEA,EN,Towers with Radar,516,49,6,0,571,0,0,0,0,0,516,49,6,0,571,0,0,0,571
04/16/2023,BWI,MD,AEA,EN,Towers with Radar,579,49,24,2,654,0,1,1,0,2,579,50,25,2,656,0,0,0,656
04/17/2023,BWI,MD,AEA,EN,Towers with Radar,611,41,27,9,688,0,0,7,2,9,611,41,34,11,697,0,0,0,697
04/18/2023,BWI,MD,AEA,EN,Towers with Radar,600,52,23,3,678,0,2,8,2,12,600,54,31,5,690,0,0,0,690
04/19/2023,BWI,MD,AEA,EN,Towers with Radar,604,44,25,2,675,0,1,10,4,15,604,45,35,6,690,0,0,0,690
04/20/2023,BWI,MD,AEA,EN,Towers with Radar,591,50,36,3,680,0,2,11,2,15,591,52,47,5,695,0,0,0,695
04/21/2023,BWI,MD,AEA,EN,Towers with Radar,618,53,30,2,703,0,0,5,0,5,618,53,35,2,708,0,0,0,708
04/22/2023,BWI,MD,AEA,EN,Towers with Radar,528,28,17,1,574,0,3,0,0,3,528,31,17,1,577,0,0,0,577
04/23/2023,BWI,MD,AEA,EN,Towers with Radar,604,43,28,0,675,0,0,14,0,14,604,43,42,0,689,0,0,0,689
04/24/2023,BWI,MD,AEA,EN,Towers with Radar,606,35,24,2,667,0,0,7,3,10,606,35,31,5,677,0,0,0,677
04/25/2023,BWI,MD,AEA,EN,Towers with Radar,598,33,39,0,670,0,0,9,0,9,598,33,48,0,679,0,0,0,679
04/26/2023,BWI,MD,AEA,EN,Towers with Radar,594,42,25,2,663,0,1,5,7,13,594,43,30,9,676,0,0,0,676
04/27/2023,BWI,MD,AEA,EN,Towers with Radar,588,50,23,0,661,0,1,10,0,11,588,51,33,0,672,0,0,0,672
04/28/2023,BWI,MD,AEA,EN,Towers with Radar,601,45,13,0,659,0,0,0,0,0,601,45,13,0,659,0,0,0,659
04/29/2023,BWI,MD,AEA,EN,Towers with Radar,536,32,17,0,585,0,0,0,0,0,536,32,17,0,585,0,0,0,585
04/30/2023,BWI,MD,AEA,EN,Towers with Radar,585,39,18,0,642,0,0,0,0,0,585,39,18,0,642,0,0,0,642
05/01/2023,BWI,MD,AEA,EN,Towers with Radar,622,40,17,5,684,0,0,1,0,1,622,40,18,5,685,0,0,0,685
05/02/2023,BWI,MD,AEA,EN,Towers with Radar,605,47,23,2,677,0,1,1,0,2,605,48,24,2,679,0,0,0,679
05/03/2023,BWI,MD,AEA,EN,Towers with Radar,601,54,39,1,695,0,0,5,0,5,601,54,44,1,700,0,0,0,700
05/04/2023,BWI,MD,AEA,EN,Towers with Radar,601,57,35,0,693,0,0,7,0,7,601,57,42,0,700,0,0,0,700
05/05/2023,BWI,MD,AEA,EN,Towers with Radar,615,47,27,0,689,0,0,7,1,8,615,47,34,1,697,0,0,0,697
05/06/2023,BWI,MD,AEA,EN,Towers with Radar,539,29,20,0,588,0,1,8,0,9,539,30,28,0,597,0,0,0,597
05/07/2023,BWI,MD,AEA,EN,Towers with Radar,581,38,14,0,633,0,0,4,0,4,581,38,18,0,637,0,0,0,637
05/08/2023,BWI,MD,AEA,EN,Towers with Radar,613,54,25,3,695,0,0,1,2,3,613,54,26,5,698,0,0,0,698
05/09/2023,BWI,MD,AEA,EN,Towers with Radar,606,48,19,3,676,0,2,1,0,3,606,50,20,3,679,0,0,0,679
05/10/2023,BWI,MD,AEA,EN,Towers with Radar,603,42,37,1,683,0,0,13,1,14,603,42,50,2,697,0,0,0,697
05/11/2023,BWI,MD,AEA,EN,Towers with Radar,603,58,29,1,691,0,2,18,0,20,603,60,47,1,711,0,0,0,711
05/12/2023,BWI,MD,AEA,EN,Towers with Radar,619,59,18,1,697,0,2,8,0,10,619,61,26,1,707,0,0,0,707
05/13/2023,BWI,MD,AEA,EN,Towers with Radar,531,19,10,1,561,0,2,0,0,2,531,21,10,1,563,0,0,0,563
05/14/2023,BWI,MD,AEA,EN,Towers with Radar,584,30,22,0,636,0,0,9,0,9,584,30,31,0,645,0,0,0,645
05/15/2023,BWI,MD,AEA,EN,Towers with Radar,615,61,31,1,708,0,1,3,2,6,615,62,34,3,714,0,0,0,714
05/16/2023,BWI,MD,AEA,EN,Towers with Radar,607,56,30,0,693,0,0,2,0,2,607,56,32,0,695,0,0,0,695
05/17/2023,BWI,MD,AEA,EN,Towers with Radar,609,72,31,6,718,0,0,5,2,7,609,72,36,8,725,0,0,0,725
05/18/2023,BWI,MD,AEA,EN,Towers with Radar,606,63,21,0,690,0,0,4,0,4,606,63,25,0,694,0,0,0,694
05/19/2023,BWI,MD,AEA,EN,Towers with Radar,613,56,50,0,719,0,1,4,0,5,613,57,54,0,724,0,0,0,724
05/20/2023,BWI,MD,AEA,EN,Towers with Radar,540,48,26,1,615,0,1,0,0,1,540,49,26,1,616,0,0,0,616
05/21/2023,BWI,MD,AEA,EN,Towers with Radar,584,45,36,0,665,0,3,5,0,8,584,48,41,0,673,0,0,0,673
05/22/2023,BWI,MD,AEA,EN,Towers with Radar,612,47,32,0,691,0,1,7,0,8,612,48,39,0,699,0,0,0,699
05/23/2023,BWI,MD,AEA,EN,Towers with Radar,611,63,35,2,711,0,1,5,5,11,611,64,40,7,722,0,0,0,722
05/24/2023,BWI,MD,AEA,EN,Towers with Radar,596,64,42,4,706,0,1,11,1,13,596,65,53,5,719,0,0,0,719
05/25/2023,BWI,MD,AEA,EN,Towers with Radar,628,63,32,2,725,0,0,3,2,5,628,63,35,4,730,0,0,0,730
05/26/2023,BWI,MD,AEA,EN,Towers with Radar,613,46,28,1,688,0,0,5,0,5,613,46,33,1,693,0,0,0,693
05/27/2023,BWI,MD,AEA,EN,Towers with Radar,531,28,20,0,579,0,0,8,0,8,531,28,28,0,587,0,0,0,587
05/28/2023,BWI,MD,AEA,EN,Towers with Radar,552,27,11,0,590,0,0,0,0,0,552,27,11,0,590,0,0,0,590
05/29/2023,BWI,MD,AEA,EN,Towers with Radar,605,38,19,0,662,0,0,0,2,2,605,38,19,2,664,0,0,0,664
05/30/2023,BWI,MD,AEA,EN,Towers with Radar,600,24,19,0,643,0,2,4,0,6,600,26,23,0,649,0,0,0,649
05/31/2023,BWI,MD,AEA,EN,Towers with Radar,612,42,25,3,682,0,2,11,2,15,612,44,36,5,697,0,0,0,697
06/01/2023,BWI,MD,AEA,EN,Towers with Radar,599,43,26,2,670,0,0,10,2,12,599,43,36,4,682,0,0,0,682
06/02/2023,BWI,MD,AEA,EN,Towers with Radar,616,53,30,2,701,0,0,5,0,5,616,53,35,2,706,0,0,0,706
06/03/2023,BWI,MD,AEA,EN,Towers with Radar,545,23,19,0,587,0,0,4,0,4,545,23,23,0,591,0,0,0,591
06/04/2023,BWI,MD,AEA,EN,Towers with Radar,574,35,22,1,632,0,1,3,0,4,574,36,25,1,636,0,0,0,636
06/05/2023,BWI,MD,AEA,EN,Towers with Radar,605,35,22,1,663,0,0,6,1,7,605,35,28,2,670,0,0,0,670
06/06/2023,BWI,MD,AEA,EN,Towers with Radar,600,33,25,0,658,0,2,4,0,6,600,35,29,0,664,0,0,0,664
06/07/2023,BWI,MD,AEA,EN,Towers with Radar,605,56,43,5,709,0,0,3,0,3,605,56,46,5,712,0,0,0,712
06/08/2023,BWI,MD,AEA,EN,Towers with Radar,606,44,38,3,691,0,0,0,0,0,606,44,38,3,691,0,0,0,691
06/09/2023,BWI,MD,AEA,EN,Towers with Radar,611,40,26,0,677,0,0,2,4,6,611,40,28,4,683,0,0,0,683
06/10/2023,BWI,MD,AEA,EN,Towers with Radar,556,36,20,1,613,0,0,3,0,3,556,36,23,1,616,0,0,0,616
06/11/2023,BWI,MD,AEA,EN,Towers with Radar,592,54,32,0,678,0,2,6,0,8,592,56,38,0,686,0,0,0,686
06/12/2023,BWI,MD,AEA,EN,Towers with Radar,613,38,17,0,668,0,0,0,0,0,613,38,17,0,668,0,0,0,668
06/13/2023,BWI,MD,AEA,EN,Towers with Radar,607,38,25,2,672,0,0,7,0,7,607,38,32,2,679,0,0,0,679
06/14/2023,BWI,MD,AEA,EN,Towers with Radar,622,39,31,1,693,0,0,3,1,4,622,39,34,2,697,0,0,0,697
06/15/2023,BWI,MD,AEA,EN,Towers with Radar,609,45,30,3,687,0,2,12,2,16,609,47,42,5,703,0,0,0,703
06/16/2023,BWI,MD,AEA,EN,Towers with Radar,631,52,24,3,710,0,0,1,0,1,631,52,25,3,711,0,0,0,711
06/17/2023,BWI,MD,AEA,EN,Towers with Radar,548,40,26,1,615,0,0,4,0,4,548,40,30,1,619,0,0,0,619
06/18/2023,BWI,MD,AEA,EN,Towers with Radar,588,32,18,0,638,0,1,9,0,10,588,33,27,0,648,0,0,0,648
06/19/2023,BWI,MD,AEA,EN,Towers with Radar,607,36,29,2,674,0,2,4,0,6,607,38,33,2,680,0,0,0,680
06/20/2023,BWI,MD,AEA,EN,Towers with Radar,611,47,17,1,676,0,0,5,1,6,611,47,22,2,682,0,0,0,682
06/21/2023,BWI,MD,AEA,EN,Towers with Radar,597,61,28,1,687,0,1,0,0,1,597,62,28,1,688,0,0,0,688
06/22/2023,BWI,MD,AEA,EN,Towers with Radar,605,68,17,8,698,0,0,0,0,0,605,68,17,8,698,0,0,0,698
06/23/2023,BWI,MD,AEA,EN,Towers with Radar,610,31,21,0,662,0,0,0,0,0,610,31,21,0,662,0,0,0,662
06/24/2023,BWI,MD,AEA,EN,Towers with Radar,555,41,18,0,614,0,0,0,0,0,555,41,18,0,614,0,0,0,614
06/25/2023,BWI,MD,AEA,EN,Towers with Radar,522,38,33,0,593,0,0,9,0,9,522,38,42,0,602,0,0,0,602
06/26/2023,BWI,MD,AEA,EN,Towers with Radar,580,44,21,1,646,0,1,3,2,6,580,45,24,3,652,0,0,0,652
06/27/2023,BWI,MD,AEA,EN,Towers with Radar,595,35,36,2,668,0,0,0,0,0,595,35,36,2,668,0,0,0,668
06/28/2023,BWI,MD,AEA,EN,Towers with Radar,619,49,29,0,697,0,0,6,0,6,619,49,35,0,703,0,0,0,703
06/29/2023,BWI,MD,AEA,EN,Towers with Radar,602,50,33,3,688,0,0,0,0,0,602,50,33,3,688,0,0,0,688
06/30/2023,BWI,MD,AEA,EN,Towers with Radar,582,51,18,0,651,0,0,2,0,2,582,51,20,0,653,0,0,0,653
07/01/2023,BWI,MD,AEA,EN,Towers with Radar,554,31,19,0,604,0,0,3,0,3,554,31,22,0,607,0,0,0,607
07/02/2023,BWI,MD,AEA,EN,Towers with Radar,599,15,8,0,622,0,0,0,0,0,599,15,8,0,622,0,0,0,622
07/03/2023,BWI,MD,AEA,EN,Towers with Radar,580,31,16,1,628,0,0,3,0,3,580,31,19,1,631,0,0,0,631
07/04/2023,BWI,MD,AEA,EN,Towers with Radar,563,18,11,0,592,0,0,5,0,5,563,18,16,0,597,0,0,0,597
07/05/2023,BWI,MD,AEA,EN,Towers with Radar,561,35,21,1,618,0,0,5,0,5,561,35,26,1,623,0,0,0,623
07/06/2023,BWI,MD,AEA,EN,Towers with Radar,636,50,23,1,710,0,0,6,1,7,636,50,29,2,717,0,0,0,717
07/07/2023,BWI,MD,AEA,EN,Towers with Radar,582,51,17,3,653,0,0,8,0,8,582,51,25,3,661,0,0,0,661
07/08/2023,BWI,MD,AEA,EN,Towers with Radar,580,33,13,0,626,0,0,4,0,4,580,33,17,0,630,0,0,0,630
07/09/2023,BWI,MD,AEA,EN,Towers with Radar,549,30,19,0,598,0,0,0,0,0,549,30,19,0,598,0,0,0,598
07/10/2023,BWI,MD,AEA,EN,Towers with Radar,625,35,37,1,698,0,1,6,0,7,625,36,43,1,705,0,0,0,705
07/11/2023,BWI,MD,AEA,EN,Towers with Radar,617,53,41,0,711,0,1,5,0,6,617,54,46,0,717,0,0,0,717
07/12/2023,BWI,MD,AEA,EN,Towers with Radar,625,56,28,2,711,0,1,3,2,6,625,57,31,4,717,0,0,0,717
07/13/2023,BWI,MD,AEA,EN,Towers with Radar,640,49,27,0,716,0,2,9,0,11,640,51,36,0,727,0,0,0,727
07/14/2023,BWI,MD,AEA,EN,Towers with Radar,586,35,27,2,650,0,0,8,1,9,586,35,35,3,659,0,0,0,659
07/15/2023,BWI,MD,AEA,EN,Towers with Radar,610,29,17,0,656,0,1,9,0,10,610,30,26,0,666,0,0,0,666
07/16/2023,BWI,MD,AEA,EN,Towers with Radar,575,36,27,0,638,0,0,2,0,2,575,36,29,0,640,0,0,0,640
07/17/2023,BWI,MD,AEA,EN,Towers with Radar,648,42,23,3,716,0,1,5,0,6,648,43,28,3,722,0,0,0,722
07/18/2023,BWI,MD,AEA,EN,Towers with Radar,624,29,32,2,687,0,0,11,0,11,624,29,43,2,698,0,0,0,698
07/19/2023,BWI,MD,AEA,EN,Towers with Radar,646,52,28,0,726,0,0,2,0,2,646,52,30,0,728,0,0,0,728
07/20/2023,BWI,MD,AEA,EN,Towers with Radar,633,49,27,3,712,0,1,10,4,15,633,50,37,7,727,0,0,0,727
07/21/2023,BWI,MD,AEA,EN,Towers with Radar,624,66,41,3,734,0,1,2,0,3,624,67,43,3,737,0,0,0,737
07/22/2023,BWI,MD,AEA,EN,Towers with Radar,598,27,18,3,646,0,1,4,0,5,598,28,22,3,651,0,0,0,651
07/23/2023,BWI,MD,AEA,EN,Towers with Radar,587,35,33,0,655,0,0,7,1,8,587,35,40,1,663,0,0,0,663
07/24/2023,BWI,MD,AEA,EN,Towers with Radar,630,40,29,0,699,0,0,5,0,5,630,40,34,0,704,0,0,0,704
07/25/2023,BWI,MD,AEA,EN,Towers with Radar,624,38,17,2,681,0,1,2,0,3,624,39,19,2,684,0,0,0,684
07/26/2023,BWI,MD,AEA,EN,Towers with Radar,646,34,23,2,705,0,1,4,2,7,646,35,27,4,712,0,0,0,712
07/27/2023,BWI,MD,AEA,EN,Towers with Radar,626,51,18,2,697,0,0,0,0,0,626,51,18,2,697,0,0,0,697
07/28/2023,BWI,MD,AEA,EN,Towers with Radar,574,45,20,4,643,0,1,1,0,2,574,46,21,4,645,0,0,0,645
07/29/2023,BWI,MD,AEA,EN,Towers with Radar,570,34,25,1,630,0,1,2,0,3,570,35,27,1,633,0,0,0,633
07/30/2023,BWI,MD,AEA,EN,Towers with Radar,621,39,22,1,683,0,0,2,0,2,621,39,24,1,685,0,0,0,685
07/31/2023,BWI,MD,AEA,EN,Towers with Radar,643,25,26,0,694,0,0,8,0,8,643,25,34,0,702,0,0,0,702
08/01/2023,BWI,MD,AEA,EN,Towers with Radar,633,42,19,2,696,0,1,13,0,14,633,43,32,2,710,0,0,0,710
08/02/2023,BWI,MD,AEA,EN,Towers with Radar,624,42,34,3,703,0,2,8,3,13,624,44,42,6,716,0,0,0,716
08/03/2023,BWI,MD,AEA,EN,Towers with Radar,647,45,32,6,730,0,0,2,0,2,647,45,34,6,732,0,0,0,732
08/04/2023,BWI,MD,AEA,EN,Towers with Radar,640,44,18,0,702,0,2,2,0,4,640,46,20,0,706,0,0,0,706
08/05/2023,BWI,MD,AEA,EN,Towers with Radar,600,28,15,0,643,0,0,2,0,2,600,28,17,0,645,0,0,0,645
08/06/2023,BWI,MD,AEA,EN,Towers with Radar,574,31,22,0,627,0,0,2,0,2,574,31,24,0,629,0,0,0,629
08/07/2023,BWI,MD,AEA,EN,Towers with Radar,466,26,15,3,510,0,0,0,0,0,466,26,15,3,510,0,0,0,510
08/08/2023,BWI,MD,AEA,EN,Towers with Radar,670,41,35,3,749,0,1,0,1,2,670,42,35,4,751,0,0,0,751
08/09/2023,BWI,MD,AEA,EN,Towers with Radar,633,39,30,4,706,0,0,9,2,11,633,39,39,6,717,0,0,0,717
08/10/2023,BWI,MD,AEA,EN,Towers with Radar,647,48,15,0,710,0,1,17,2,20,647,49,32,2,730,0,0,0,730
08/11/2023,BWI,MD,AEA,EN,Towers with Radar,647,34,30,2,713,0,1,20,1,22,647,35,50,3,735,0,0,0,735
08/12/2023,BWI,MD,AEA,EN,Towers with Radar,599,30,23,0,652,0,0,6,0,6,599,30,29,0,658,0,0,0,658
08/13/2023,BWI,MD,AEA,EN,Towers with Radar,598,29,20,0,647,0,0,2,0,2,598,29,22,0,649,0,0,0,649
08/14/2023,BWI,MD,AEA,EN,Towers with Radar,611,40,20,7,678,0,1,9,0,10,611,41,29,7,688,0,0,0,688
08/15/2023,BWI,MD,AEA,EN,Towers with Radar,632,37,31,0,700,0,0,3,0,3,632,37,34,0,703,0,0,0,703
08/16/2023,BWI,MD,AEA,EN,Towers with Radar,613,38,32,3,686,0,1,3,3,7,613,39,35,6,693,0,0,0,693
08/17/2023,BWI,MD,AEA,EN,Towers with Radar,619,48,40,3,710,0,0,3,3,6,619,48,43,6,716,0,0,0,716
08/18/2023,BWI,MD,AEA,EN,Towers with Radar,628,43,22,1,694,0,0,7,3,10,628,43,29,4,704,0,0,0,704
08/19/2023,BWI,MD,AEA,EN,Towers with Radar,556,25,19,0,600,0,0,9,0,9,556,25,28,0,609,0,0,0,609
08/20/2023,BWI,MD,AEA,EN,Towers with Radar,610,28,33,0,671,0,0,5,0,5,610,28,38,0,676,0,0,0,676
08/21/2023,BWI,MD,AEA,EN,Towers with Radar,619,30,24,3,676,0,0,10,0,10,619,30,34,3,686,0,0,0,686
08/22/2023,BWI,MD,AEA,EN,Towers with Radar,608,34,20,4,666,0,3,10,0,13,608,37,30,4,679,0,0,0,679
08/23/2023,BWI,MD,AEA,EN,Towers with Radar,604,42,38,3,687,0,1,7,1,9,604,43,45,4,696,0,0,0,696
08/24/2023,BWI,MD,AEA,EN,Towers with Radar,618,37,20,6,681,0,1,8,0,9,618,38,28,6,690,0,0,0,690
08/25/2023,BWI,MD,AEA,EN,Towers with Radar,641,36,24,0,701,0,0,8,0,8,641,36,32,0,709,0,0,0,709
08/26/2023,BWI,MD,AEA,EN,Towers with Radar,563,28,30,1,622,0,0,6,2,8,563,28,36,3,630,0,0,0,630
08/27/2023,BWI,MD,AEA,EN,Towers with Radar,603,22,28,0,653,0,0,10,0,10,603,22,38,0,663,0,0,0,663
08/28/2023,BWI,MD,AEA,EN,Towers with Radar,613,27,31,1,672,0,0,5,0,5,613,27,36,1,677,0,0,0,677
08/29/2023,BWI,MD,AEA,EN,Towers with Radar,582,47,17,2,648,0,1,0,0,1,582,48,17,2,649,0,0,0,649
08/30/2023,BWI,MD,AEA,EN,Towers with Radar,569,39,29,0,637,0,0,2,0,2,569,39,31,0,639,0,0,0,639
08/31/2023,BWI,MD,AEA,EN,Towers with Radar,615,37,31,2,685,0,2,6,2,10,615,39,37,4,695,0,0,0,695
01/01/2020,BWI,MD,AEA,EN,Towers with Radar,511,42,12,0,565,0,0,1,0,1,511,42,13,0,566,0,0,0,566
01/02/2020,BWI,MD,AEA,EN,Towers with Radar,639,67,14,0,720,0,2,3,0,5,639,69,17,0,725,0,0,0,725
01/03/2020,BWI,MD,AEA,EN,Towers with Radar,657,62,9,4,732,0,0,0,0,0,657,62,9,4,732,0,0,0,732
01/04/2020,BWI,MD,AEA,EN,Towers with Radar,533,80,14,0,627,0,0,0,0,0,533,80,14,0,627,0,0,0,627
01/05/2020,BWI,MD,AEA,EN,Towers with Radar,589,52,23,0,664,0,0,2,0,2,589,52,25,0,666,0,0,0,666
01/06/2020,BWI,MD,AEA,EN,Towers with Radar,585,79,27,0,691,0,0,6,2,8,585,79,33,2,699,0,0,0,699
01/07/2020,BWI,MD,AEA,EN,Towers with Radar,530,80,20,0,630,0,0,1,0,1,530,80,21,0,631,0,0,0,631
01/08/2020,BWI,MD,AEA,EN,Towers with Radar,564,77,35,2,678,0,2,6,0,8,564,79,41,2,686,0,0,0,686
01/09/2020,BWI,MD,AEA,EN,Towers with Radar,560,91,19,0,670,0,0,7,1,8,560,91,26,1,678,0,0,0,678
01/10/2020,BWI,MD,AEA,EN,Towers with Radar,565,79,24,0,668,0,1,11,1,13,565,80,35,1,681,0,0,0,681
01/11/2020,BWI,MD,AEA,EN,Towers with Radar,458,61,29,0,548,0,0,11,2,13,458,61,40,2,561,0,0,0,561
01/12/2020,BWI,MD,AEA,EN,Towers with Radar,523,69,23,0,615,0,0,7,0,7,523,69,30,0,622,0,0,0,622
01/13/2020,BWI,MD,AEA,EN,Towers with Radar,563,70,18,6,657,0,0,1,1,2,563,70,19,7,659,0,0,0,659
01/14/2020,BWI,MD,AEA,EN,Towers with Radar,556,75,26,2,659,0,0,0,0,0,556,75,26,2,659,0,0,0,659
01/15/2020,BWI,MD,AEA,EN,Towers with Radar,557,69,40,5,671,0,0,9,1,10,557,69,49,6,681,0,0,0,681
01/16/2020,BWI,MD,AEA,EN,Towers with Radar,547,99,26,0,672,0,0,0,2,2,547,99,26,2,674,0,0,0,674
01/17/2020,BWI,MD,AEA,EN,Towers with Radar,556,94,19,4,673,0,0,4,0,4,556,94,23,4,677,0,0,0,677
01/18/2020,BWI,MD,AEA,EN,Towers with Radar,465,42,5,0,512,0,0,0,0,0,465,42,5,0,512,0,0,0,512
01/19/2020,BWI,MD,AEA,EN,Towers with Radar,509,51,14,0,574,0,0,2,0,2,509,51,16,0,576,0,0,0,576
01/20/2020,BWI,MD,AEA,EN,Towers with Radar,548,84,20,1,653,0,0,2,2,4,548,84,22,3,657,0,0,0,657
01/21/2020,BWI,MD,AEA,EN,Towers with Radar,550,92,23,0,665,0,1,6,3,10,550,93,29,3,675,0,0,0,675
01/22/2020,BWI,MD,AEA,EN,Towers with Radar,550,94,24,4,672,0,2,9,0,11,550,96,33,4,683,0,0,0,683
01/23/2020,BWI,MD,AEA,EN,Towers with Radar,559,98,29,5,691,0,1,10,0,11,559,99,39,5,702,0,0,0,702
01/24/2020,BWI,MD,AEA,EN,Towers with Radar,570,91,21,1,683,0,0,7,2,9,570,91,28,3,692,0,0,0,692
01/25/2020,BWI,MD,AEA,EN,Towers with Radar,474,60,6,0,540,0,0,2,1,3,474,60,8,1,543,0,0,0,543
01/26/2020,BWI,MD,AEA,EN,Towers with Radar,514,61,12,1,588,0,0,2,0,2,514,61,14,1,590,0,0,0,590
01/27/2020,BWI,MD,AEA,EN,Towers with Radar,553,76,33,0,662,0,0,5,1,6,553,76,38,1,668,0,0,0,668
01/28/2020,BWI,MD,AEA,EN,Towers with Radar,542,90,29,0,661,0,2,5,1,8,542,92,34,1,669,0,0,0,669
01/29/2020,BWI,MD,AEA,EN,Towers with Radar,557,89,31,2,679,0,1,8,2,11,557,90,39,4,690,0,0,0,690
01/30/2020,BWI,MD,AEA,EN,Towers with Radar,570,88,38,0,696,0,4,16,2,22,570,92,54,2,718,0,0,0,718
01/31/2020,BWI,MD,AEA,EN,Towers with Radar,557,75,30,1,663,0,0,3,0,3,557,75,33,1,666,0,0,0,666
02/01/2020,BWI,MD,AEA,EN,Towers with Radar,466,46,10,0,522,0,1,2,0,3,466,47,12,0,525,0,0,0,525
02/02/2020,BWI,MD,AEA,EN,Towers with Radar,505,58,20,0,583,0,1,5,0,6,505,59,25,0,589,0,0,0,589
02/03/2020,BWI,MD,AEA,EN,Towers with Radar,545,76,30,1,652,0,0,4,0,4,545,76,34,1,656,0,0,0,656
02/04/2020,BWI,MD,AEA,EN,Towers with Radar,544,80,29,0,653,0,0,1,0,1,544,80,30,0,654,0,0,0,654
02/05/2020,BWI,MD,AEA,EN,Towers with Radar,541,74,20,3,638,0,1,3,2,6,541,75,23,5,644,0,0,0,644
02/06/2020,BWI,MD,AEA,EN,Towers with Radar,533,80,28,0,641,0,0,0,0,0,533,80,28,0,641,0,0,0,641
02/07/2020,BWI,MD,AEA,EN,Towers with Radar,563,83,20,3,669,0,2,0,0,2,563,85,20,3,671,0,0,0,671
02/08/2020,BWI,MD,AEA,EN,Towers with Radar,470,68,15,0,553,0,0,5,1,6,470,68,20,1,559,0,0,0,559
02/09/2020,BWI,MD,AEA,EN,Towers with Radar,508,63,27,1,599,0,0,17,1,18,508,63,44,2,617,0,0,0,617
02/10/2020,BWI,MD,AEA,EN,Towers with Radar,553,71,23,4,651,0,0,2,0,2,553,71,25,4,653,0,0,0,653
02/11/2020,BWI,MD,AEA,EN,Towers with Radar,530,88,35,0,653,0,0,6,1,7,530,88,41,1,660,0,0,0,660
02/12/2020,BWI,MD,AEA,EN,Towers with Radar,532,88,11,11,642,0,1,4,1,6,532,89,15,12,648,0,0,0,648
02/13/2020,BWI,MD,AEA,EN,Towers with Radar,564,97,21,3,685,0,0,0,0,0,564,97,21,3,685,0,0,0,685
02/14/2020,BWI,MD,AEA,EN,Towers with Radar,570,83,20,2,675,0,4,6,1,11,570,87,26,3,686,0,0,0,686
02/15/2020,BWI,MD,AEA,EN,Towers with Radar,484,61,1,0,546,0,1,3,1,5,484,62,4,1,551,0,0,0,551
02/16/2020,BWI,MD,AEA,EN,Towers with Radar,524,63,10,1,598,0,2,4,1,7,524,65,14,2,605,0,0,0,605
02/17/2020,BWI,MD,AEA,EN,Towers with Radar,560,88,26,2,676,0,3,7,2,12,560,91,33,4,688,0,0,0,688
02/18/2020,BWI,MD,AEA,EN,Towers with Radar,563,91,19,0,673,0,0,4,3,7,563,91,23,3,680,0,0,0,680
02/19/2020,BWI,MD,AEA,EN,Towers with Radar,561,93,29,5,688,0,0,8,3,11,561,93,37,8,699,0,0,0,699
02/20/2020,BWI,MD,AEA,EN,Towers with Radar,555,94,17,0,666,0,0,10,0,10,555,94,27,0,676,0,0,0,676
02/21/2020,BWI,MD,AEA,EN,Towers with Radar,562,85,22,1,670,0,0,2,1,3,562,85,24,2,673,0,0,0,673
02/22/2020,BWI,MD,AEA,EN,Towers with Radar,475,63,17,2,557,0,4,8,1,13,475,67,25,3,570,0,0,0,570
02/23/2020,BWI,MD,AEA,EN,Towers with Radar,536,73,21,0,630,0,0,4,0,4,536,73,25,0,634,0,0,0,634
02/24/2020,BWI,MD,AEA,EN,Towers with Radar,559,78,38,11,686,0,0,11,3,14,559,78,49,14,700,0,0,0,700
02/25/2020,BWI,MD,AEA,EN,Towers with Radar,545,90,30,2,667,0,0,0,0,0,545,90,30,2,667,0,0,0,667
02/26/2020,BWI,MD,AEA,EN,Towers with Radar,558,89,32,1,680,0,0,0,0,0,558,89,32,1,680,0,0,0,680
02/27/2020,BWI,MD,AEA,EN,Towers with Radar,566,92,22,2,682,0,0,0,1,1,566,92,22,3,683,0,0,0,683
02/28/2020,BWI,MD,AEA,EN,Towers with Radar,568,92,31,8,699,0,2,11,3,16,568,94,42,11,715,0,0,0,715
02/29/2020,BWI,MD,AEA,EN,Towers with Radar,483,67,9,0,559,0,1,0,1,2,483,68,9,1,561,0,0,0,561
03/01/2020,BWI,MD,AEA,EN,Towers with Radar,531,70,23,0,624,0,0,6,0,6,531,70,29,0,630,0,0,0,630
03/02/2020,BWI,MD,AEA,EN,Towers with Radar,581,75,37,0,693,0,0,7,0,7,581,75,44,0,700,0,0,0,700
03/03/2020,BWI,MD,AEA,EN,Towers with Radar,557,82,26,0,665,0,2,3,1,6,557,84,29,1,671,0,0,0,671
03/04/2020,BWI,MD,AEA,EN,Towers with Radar,565,90,28,0,683,0,3,10,0,13,565,93,38,0,696,0,0,0,696
03/05/2020,BWI,MD,AEA,EN,Towers with Radar,568,93,33,8,702,0,0,6,4,10,568,93,39,12,712,0,0,0,712
03/06/2020,BWI,MD,AEA,EN,Towers with Radar,571,85,16,2,674,0,0,0,0,0,571,85,16,2,674,0,0,0,674
03/07/2020,BWI,MD,AEA,EN,Towers with Radar,503,65,18,0,586,0,3,3,0,6,503,68,21,0,592,0,0,0,592
03/08/2020,BWI,MD,AEA,EN,Towers with Radar,550,77,13,0,640,0,1,9,0,10,550,78,22,0,650,0,0,0,650
03/09/2020,BWI,MD,AEA,EN,Towers with Radar,612,85,29,5,731,0,2,6,0,8,612,87,35,5,739,0,0,0,739
03/10/2020,BWI,MD,AEA,EN,Towers with Radar,603,83,21,0,707,0,0,3,0,3,603,83,24,0,710,0,0,0,710
03/11/2020,BWI,MD,AEA,EN,Towers with Radar,613,84,29,0,726,0,1,5,0,6,613,85,34,0,732,0,0,0,732
03/12/2020,BWI,MD,AEA,EN,Towers with Radar,621,89,33,1,744,0,0,3,0,3,621,89,36,1,747,0,0,0,747
03/13/2020,BWI,MD,AEA,EN,Towers with Radar,622,99,30,6,757,0,0,2,0,2,622,99,32,6,759,0,0,0,759
03/14/2020,BWI,MD,AEA,EN,Towers with Radar,506,71,21,0,598,0,1,10,0,11,506,72,31,0,609,0,0,0,609
03/15/2020,BWI,MD,AEA,EN,Towers with Radar,546,65,9,0,620,0,0,2,1,3,546,65,11,1,623,0,0,0,623
03/16/2020,BWI,MD,AEA,EN,Towers with Radar,596,78,25,8,707,0,0,9,2,11,596,78,34,10,718,0,0,0,718
03/17/2020,BWI,MD,AEA,EN,Towers with Radar,583,83,16,6,688,0,1,4,0,5,583,84,20,6,693,0,0,0,693
03/18/2020,BWI,MD,AEA,EN,Towers with Radar,567,81,16,3,667,0,0,5,1,6,567,81,21,4,673,0,0,0,673
03/19/2020,BWI,MD,AEA,EN,Towers with Radar,529,78,19,2,628,0,0,2,2,4,529,78,21,4,632,0,0,0,632
03/20/2020,BWI,MD,AEA,EN,Towers with Radar,491,73,10,0,574,0,0,0,0,0,491,73,10,0,574,0,0,0,574
03/21/2020,BWI,MD,AEA,EN,Towers with Radar,451,56,17,0,524,0,0,3,0,3,451,56,20,0,527,0,0,0,527
03/22/2020,BWI,MD,AEA,EN,Towers with Radar,413,53,8,0,474,0,1,3,0,4,413,54,11,0,478,0,0,0,478
03/23/2020,BWI,MD,AEA,EN,Towers with Radar,403,52,5,0,460,0,0,0,0,0,403,52,5,0,460,0,0,0,460
03/24/2020,BWI,MD,AEA,EN,Towers with Radar,432,63,13,0,508,0,0,0,0,0,432,63,13,0,508,0,0,0,508
03/25/2020,BWI,MD,AEA,EN,Towers with Radar,437,55,0,1,493,0,0,0,0,0,437,55,0,1,493,0,0,0,493
03/26/2020,BWI,MD,AEA,EN,Towers with Radar,418,53,12,0,483,0,1,4,1,6,418,54,16,1,489,0,0,0,489
03/27/2020,BWI,MD,AEA,EN,Towers with Radar,370,55,9,2,436,0,0,1,1,2,370,55,10,3,438,0,0,0,438
03/28/2020,BWI,MD,AEA,EN,Towers with Radar,301,36,5,0,342,0,1,0,0,1,301,37,5,0,343,0,0,0,343
03/29/2020,BWI,MD,AEA,EN,Towers with Radar,336,46,0,0,382,0,0,0,0,0,336,46,0,0,382,0,0,0,382
03/30/2020,BWI,MD,AEA,EN,Towers with Radar,340,47,8,0,395,0,0,3,0,3,340,47,11,0,398,0,0,0,398
03/31/2020,BWI,MD,AEA,EN,Towers with Radar,343,55,1,0,399,0,0,0,0,0,343,55,1,0,399,0,0,0,399
04/01/2020,BWI,MD,AEA,EN,Towers with Radar,365,47,3,0,415,0,0,0,2,2,365,47,3,2,417,0,0,0,417
04/02/2020,BWI,MD,AEA,EN,Towers with Radar,315,51,8,0,374,0,2,3,0,5,315,53,11,0,379,0,0,0,379
04/03/2020,BWI,MD,AEA,EN,Towers with Radar,313,43,3,3,362,0,1,0,0,1,313,44,3,3,363,0,0,0,363
04/04/2020,BWI,MD,AEA,EN,Towers with Radar,259,32,2,0,293,0,0,5,0,5,259,32,7,0,298,0,0,0,298
04/05/2020,BWI,MD,AEA,EN,Towers with Radar,282,28,5,2,317,0,0,3,0,3,282,28,8,2,320,0,0,0,320
04/06/2020,BWI,MD,AEA,EN,Towers with Radar,302,36,5,2,345,0,2,7,0,9,302,38,12,2,354,0,0,0,354
04/07/2020,BWI,MD,AEA,EN,Towers with Radar,307,44,2,0,353,0,1,7,0,8,307,45,9,0,361,0,0,0,361
04/08/2020,BWI,MD,AEA,EN,Towers with Radar,277,49,6,2,334,0,2,5,2,9,277,51,11,4,343,0,0,0,343
04/09/2020,BWI,MD,AEA,EN,Towers with Radar,284,45,4,4,337,0,0,5,3,8,284,45,9,7,345,0,0,0,345
04/10/2020,BWI,MD,AEA,EN,Towers with Radar,285,36,5,0,326,0,0,0,0,0,285,36,5,0,326,0,0,0,326
04/11/2020,BWI,MD,AEA,EN,Towers with Radar,218,27,5,1,251,0,0,2,0,2,218,27,7,1,253,0,0,0,253
04/12/2020,BWI,MD,AEA,EN,Towers with Radar,216,31,2,0,249,0,0,6,0,6,216,31,8,0,255,0,0,0,255
04/13/2020,BWI,MD,AEA,EN,Towers with Radar,253,34,0,0,287,0,0,0,0,0,253,34,0,0,287,0,0,0,287
04/14/2020,BWI,MD,AEA,EN,Towers with Radar,230,39,17,1,287,0,0,3,1,4,230,39,20,2,291,0,0,0,291
04/15/2020,BWI,MD,AEA,EN,Towers with Radar,235,40,7,0,282,0,3,3,1,7,235,43,10,1,289,0,0,0,289
04/16/2020,BWI,MD,AEA,EN,Towers with Radar,206,45,10,3,264,0,0,4,1,5,206,45,14,4,269,0,0,0,269
04/17/2020,BWI,MD,AEA,EN,Towers with Radar,213,35,22,0,270,0,1,4,0,5,213,36,26,0,275,0,0,0,275
04/18/2020,BWI,MD,AEA,EN,Towers with Radar,176,26,7,0,209,0,0,0,0,0,176,26,7,0,209,0,0,0,209
04/19/2020,BWI,MD,AEA,EN,Towers with Radar,159,25,9,0,193,0,0,4,1,5,159,25,13,1,198,0,0,0,198
04/20/2020,BWI,MD,AEA,EN,Towers with Radar,191,31,15,0,237,0,0,4,0,4,191,31,19,0,241,0,0,0,241
04/21/2020,BWI,MD,AEA,EN,Towers with Radar,190,39,2,3,234,0,0,0,1,1,190,39,2,4,235,0,0,0,235
04/22/2020,BWI,MD,AEA,EN,Towers with Radar,205,44,8,4,261,0,3,3,5,11,205,47,11,9,272,0,0,0,272
04/23/2020,BWI,MD,AEA,EN,Towers with Radar,193,42,16,1,252,0,0,8,1,9,193,42,24,2,261,0,0,0,261
04/24/2020,BWI,MD,AEA,EN,Towers with Radar,186,43,4,0,233,0,0,0,0,0,186,43,4,0,233,0,0,0,233
04/25/2020,BWI,MD,AEA,EN,Towers with Radar,146,31,5,2,184,0,3,10,0,13,146,34,15,2,197,0,0,0,197
04/26/2020,BWI,MD,AEA,EN,Towers with Radar,164,34,3,0,201,0,0,0,0,0,164,34,3,0,201,0,0,0,201
04/27/2020,BWI,MD,AEA,EN,Towers with Radar,176,35,4,15,230,0,0,0,1,1,176,35,4,16,231,0,0,0,231
04/28/2020,BWI,MD,AEA,EN,Towers with Radar,179,38,9,4,230,0,1,23,2,26,179,39,32,6,256,0,0,0,256
04/29/2020,BWI,MD,AEA,EN,Towers with Radar,187,42,11,3,243,0,0,5,4,9,187,42,16,7,252,0,0,0,252
04/30/2020,BWI,MD,AEA,EN,Towers with Radar,178,44,5,0,227,0,0,0,0,0,178,44,5,0,227,0,0,0,227
05/01/2020,BWI,MD,AEA,EN,Towers with Radar,179,40,6,1,226,0,1,5,1,7,179,41,11,2,233,0,0,0,233
05/02/2020,BWI,MD,AEA,EN,Towers with Radar,166,23,18,2,209,0,1,9,2,12,166,24,27,4,221,0,0,0,221
05/03/2020,BWI,MD,AEA,EN,Towers with Radar,214,27,8,0,249,0,1,1,0,2,214,28,9,0,251,0,0,0,251
05/04/2020,BWI,MD,AEA,EN,Towers with Radar,211,33,16,1,261,0,5,6,6,17,211,38,22,7,278,0,0,0,278
05/05/2020,BWI,MD,AEA,EN,Towers with Radar,233,42,11,3,289,0,0,11,1,12,233,42,22,4,301,0,0,0,301
05/06/2020,BWI,MD,AEA,EN,Towers with Radar,232,43,15,4,294,0,0,0,0,0,232,43,15,4,294,0,0,0,294
05/07/2020,BWI,MD,AEA,EN,Towers with Radar,230,45,11,2,288,0,0,7,2,9,230,45,18,4,297,0,0,0,297
05/08/2020,BWI,MD,AEA,EN,Towers with Radar,231,45,15,0,291,0,1,3,0,4,231,46,18,0,295,0,0,0,295
05/09/2020,BWI,MD,AEA,EN,Towers with Radar,214,27,4,0,245,0,0,2,0,2,214,27,6,0,247,0,0,0,247
05/10/2020,BWI,MD,AEA,EN,Towers with Radar,219,33,4,1,257,0,0,5,2,7,219,33,9,3,264,0,0,0,264
05/11/2020,BWI,MD,AEA,EN,Towers with Radar,223,35,11,0,269,0,1,2,0,3,223,36,13,0,272,0,0,0,272
05/12/2020,BWI,MD,AEA,EN,Towers with Radar,233,42,6,7,288,0,2,6,1,9,233,44,12,8,297,0,0,0,297
05/13/2020,BWI,MD,AEA,EN,Towers with Radar,229,43,15,5,292,0,4,27,3,34,229,47,42,8,326,0,0,0,326
05/14/2020,BWI,MD,AEA,EN,Towers with Radar,232,46,13,4,295,0,0,5,1,6,232,46,18,5,301,0,0,0,301
05/15/2020,BWI,MD,AEA,EN,Towers with Radar,230,40,11,3,284,0,0,8,1,9,230,40,19,4,293,0,0,0,293
05/16/2020,BWI,MD,AEA,EN,Towers with Radar,212,27,9,0,248,0,1,7,1,9,212,28,16,1,257,0,0,0,257
05/17/2020,BWI,MD,AEA,EN,Towers with Radar,224,36,15,0,275,0,0,1,2,3,224,36,16,2,278,0,0,0,278
05/18/2020,BWI,MD,AEA,EN,Towers with Radar,230,42,9,1,282,0,0,2,0,2,230,42,11,1,284,0,0,0,284
05/19/2020,BWI,MD,AEA,EN,Towers with Radar,242,49,22,2,315,0,0,3,2,5,242,49,25,4,320,0,0,0,320
05/20/2020,BWI,MD,AEA,EN,Towers with Radar,240,59,8,10,317,0,0,5,6,11,240,59,13,16,328,0,0,0,328
05/21/2020,BWI,MD,AEA,EN,Towers with Radar,252,49,21,4,326,0,1,3,3,7,252,50,24,7,333,0,0,0,333
05/22/2020,BWI,MD,AEA,EN,Towers with Radar,250,55,18,2,325,0,0,0,0,0,250,55,18,2,325,0,0,0,325
05/23/2020,BWI,MD,AEA,EN,Towers with Radar,237,28,4,2,271,0,0,5,0,5,237,28,9,2,276,0,0,0,276
05/24/2020,BWI,MD,AEA,EN,Towers with Radar,226,35,10,1,272,0,0,0,0,0,226,35,10,1,272,0,0,0,272
05/25/2020,BWI,MD,AEA,EN,Towers with Radar,240,31,11,0,282,0,2,9,4,15,240,33,20,4,297,0,0,0,297
05/26/2020,BWI,MD,AEA,EN,Towers with Radar,235,35,18,6,294,0,0,6,0,6,235,35,24,6,300,0,0,0,300
05/27/2020,BWI,MD,AEA,EN,Towers with Radar,241,46,13,6,306,0,0,2,1,3,241,46,15,7,309,0,0,0,309
05/28/2020,BWI,MD,AEA,EN,Towers with Radar,242,44,11,5,302,0,0,0,0,0,242,44,11,5,302,0,0,0,302
05/29/2020,BWI,MD,AEA,EN,Towers with Radar,248,51,13,4,316,0,0,2,0,2,248,51,15,4,318,0,0,0,318
05/30/2020,BWI,MD,AEA,EN,Towers with Radar,236,33,16,0,285,0,1,6,0,7,236,34,22,0,292,0,0,0,292
05/31/2020,BWI,MD,AEA,EN,Towers with Radar,250,35,28,0,313,0,0,5,0,5,250,35,33,0,318,0,0,0,318
06/01/2020,BWI,MD,AEA,EN,Towers with Radar,244,49,11,1,305,0,0,3,0,3,244,49,14,1,308,0,0,0,308
06/02/2020,BWI,MD,AEA,EN,Towers with Radar,244,48,10,7,309,0,0,7,1,8,244,48,17,8,317,0,0,0,317
06/03/2020,BWI,MD,AEA,EN,Towers with Radar,249,48,13,2,312,0,0,3,1,4,249,48,16,3,316,0,0,0,316
06/04/2020,BWI,MD,AEA,EN,Towers with Radar,267,47,20,3,337,0,0,7,2,9,267,47,27,5,346,0,0,0,346
06/05/2020,BWI,MD,AEA,EN,Towers with Radar,270,48,13,0,331,0,0,3,0,3,270,48,16,0,334,0,0,0,334
06/06/2020,BWI,MD,AEA,EN,Towers with Radar,261,35,18,1,315,0,0,7,0,7,261,35,25,1,322,0,0,0,322
06/07/2020,BWI,MD,AEA,EN,Towers with Radar,327,36,12,0,375,0,0,11,0,11,327,36,23,0,386,0,0,0,386
06/08/2020,BWI,MD,AEA,EN,Towers with Radar,337,46,22,2,407,0,0,6,2,8,337,46,28,4,415,0,0,0,415
06/09/2020,BWI,MD,AEA,EN,Towers with Radar,310,50,17,1,378,0,2,8,0,10,310,52,25,1,388,0,0,0,388
06/10/2020,BWI,MD,AEA,EN,Towers with Radar,330,58,20,3,411,0,4,2,2,8,330,62,22,5,419,0,0,0,419
06/11/2020,BWI,MD,AEA,EN,Towers with Radar,362,56,32,3,453,0,0,4,1,5,362,56,36,4,458,0,0,0,458
06/12/2020,BWI,MD,AEA,EN,Towers with Radar,358,56,22,1,437,0,1,8,0,9,358,57,30,1,446,0,0,0,446
06/13/2020,BWI,MD,AEA,EN,Towers with Radar,334,35,11,0,380,0,0,9,1,10,334,35,20,1,390,0,0,0,390
06/14/2020,BWI,MD,AEA,EN,Towers with Radar,382,42,16,3,443,0,0,6,0,6,382,42,22,3,449,0,0,0,449
06/15/2020,BWI,MD,AEA,EN,Towers with Radar,369,46,17,1,433,0,0,2,1,3,369,46,19,2,436,0,0,0,436
06/16/2020,BWI,MD,AEA,EN,Towers with Radar,346,50,19,7,422,0,0,5,3,8,346,50,24,10,430,0,0,0,430
06/17/2020,BWI,MD,AEA,EN,Towers with Radar,348,47,18,6,419,0,0,0,0,0,348,47,18,6,419,0,0,0,419
06/18/2020,BWI,MD,AEA,EN,Towers with Radar,391,60,15,10,476,0,1,10,1,12,391,61,25,11,488,0,0,0,488
06/19/2020,BWI,MD,AEA,EN,Towers with Radar,375,48,23,8,454,0,0,0,0,0,375,48,23,8,454,0,0,0,454
06/20/2020,BWI,MD,AEA,EN,Towers with Radar,376,31,16,0,423,0,0,1,0,1,376,31,17,0,424,0,0,0,424
06/21/2020,BWI,MD,AEA,EN,Towers with Radar,413,36,17,0,466,0,0,2,0,2,413,36,19,0,468,0,0,0,468
06/22/2020,BWI,MD,AEA,EN,Towers with Radar,410,55,20,9,494,0,0,5,2,7,410,55,25,11,501,0,0,0,501
06/23/2020,BWI,MD,AEA,EN,Towers with Radar,397,43,20,6,466,0,0,2,2,4,397,43,22,8,470,0,0,0,470
06/24/2020,BWI,MD,AEA,EN,Towers with Radar,406,54,28,2,490,0,0,13,1,14,406,54,41,3,504,0,0,0,504
06/25/2020,BWI,MD,AEA,EN,Towers with Radar,441,64,18,3,526,0,0,2,2,4,441,64,20,5,530,0,0,0,530
06/26/2020,BWI,MD,AEA,EN,Towers with Radar,432,44,21,1,498,0,0,9,2,11,432,44,30,3,509,0,0,0,509
06/27/2020,BWI,MD,AEA,EN,Towers with Radar,422,35,6,1,464,0,1,6,4,11,422,36,12,5,475,0,0,0,475
06/28/2020,BWI,MD,AEA,EN,Towers with Radar,422,42,25,3,492,0,0,2,0,2,422,42,27,3,494,0,0,0,494
06/29/2020,BWI,MD,AEA,EN,Towers with Radar,442,49,23,0,514,0,0,2,2,4,442,49,25,2,518,0,0,0,518
06/30/2020,BWI,MD,AEA,EN,Towers with Radar,401,49,18,2,470,0,0,2,5,7,401,49,20,7,477,0,0,0,477
07/01/2020,BWI,MD,AEA,EN,Towers with Radar,453,60,21,0,534,0,0,8,0,8,453,60,29,0,542,0,0,0,542
07/02/2020,BWI,MD,AEA,EN,Towers with Radar,481,56,33,1,571,0,0,8,2,10,481,56,41,3,581,0,0,0,581
07/03/2020,BWI,MD,AEA,EN,Towers with Radar,461,49,12,1,523,0,0,1,0,1,461,49,13,1,524,0,0,0,524
07/04/2020,BWI,MD,AEA,EN,Towers with Radar,327,26,5,0,358,0,1,3,2,6,327,27,8,2,364,0,0,0,364
07/05/2020,BWI,MD,AEA,EN,Towers with Radar,446,44,22,2,514,0,0,4,0,4,446,44,26,2,518,0,0,0,518
07/06/2020,BWI,MD,AEA,EN,Towers with Radar,488,57,16,3,564,0,0,5,1,6,488,57,21,4,570,0,0,0,570
07/07/2020,BWI,MD,AEA,EN,Towers with Radar,452,47,28,4,531,0,1,1,3,5,452,48,29,7,536,0,0,0,536
07/08/2020,BWI,MD,AEA,EN,Towers with Radar,459,53,21,4,537,0,1,6,4,11,459,54,27,8,548,0,0,0,548
07/09/2020,BWI,MD,AEA,EN,Towers with Radar,493,56,22,2,573,0,0,6,2,8,493,56,28,4,581,0,0,0,581
07/10/2020,BWI,MD,AEA,EN,Towers with Radar,487,44,10,1,542,0,0,2,1,3,487,44,12,2,545,0,0,0,545
07/11/2020,BWI,MD,AEA,EN,Towers with Radar,451,34,10,0,495,0,0,8,0,8,451,34,18,0,503,0,0,0,503
07/12/2020,BWI,MD,AEA,EN,Towers with Radar,487,43,21,0,551,0,1,2,0,3,487,44,23,0,554,0,0,0,554
07/13/2020,BWI,MD,AEA,EN,Towers with Radar,490,40,12,2,544,0,2,9,3,14,490,42,21,5,558,0,0,0,558
07/14/2020,BWI,MD,AEA,EN,Towers with Radar,456,55,26,4,541,0,2,12,4,18,456,57,38,8,559,0,0,0,559
07/15/2020,BWI,MD,AEA,EN,Towers with Radar,460,60,21,0,541,0,0,15,0,15,460,60,36,0,556,0,0,0,556
07/16/2020,BWI,MD,AEA,EN,Towers with Radar,507,51,31,1,590,0,0,5,1,6,507,51,36,2,596,0,0,0,596
07/17/2020,BWI,MD,AEA,EN,Towers with Radar,504,42,24,0,570,0,0,4,0,4,504,42,28,0,574,0,0,0,574
07/18/2020,BWI,MD,AEA,EN,Towers with Radar,456,47,24,0,527,0,0,8,2,10,456,47,32,2,537,0,0,0,537
07/19/2020,BWI,MD,AEA,EN,Towers with Radar,479,39,27,1,546,0,0,3,0,3,479,39,30,1,549,0,0,0,549
07/20/2020,BWI,MD,AEA,EN,Towers with Radar,491,49,28,2,570,0,0,7,2,9,491,49,35,4,579,0,0,0,579
07/21/2020,BWI,MD,AEA,EN,Towers with Radar,449,50,22,1,522,0,2,5,0,7,449,52,27,1,529,0,0,0,529
07/22/2020,BWI,MD,AEA,EN,Towers with Radar,461,58,25,4,548,0,1,2,1,4,461,59,27,5,552,0,0,0,552
07/23/2020,BWI,MD,AEA,EN,Towers with Radar,499,54,14,2,569,0,2,5,0,7,499,56,19,2,576,0,0,0,576
07/24/2020,BWI,MD,AEA,EN,Towers with Radar,490,59,14,2,565,0,0,2,2,4,490,59,16,4,569,0,0,0,569
07/25/2020,BWI,MD,AEA,EN,Towers with Radar,447,31,19,0,497,0,3,9,0,12,447,34,28,0,509,0,0,0,509
07/26/2020,BWI,MD,AEA,EN,Towers with Radar,472,37,24,2,535,0,0,7,2,9,472,37,31,4,544,0,0,0,544
07/27/2020,BWI,MD,AEA,EN,Towers with Radar,466,38,24,3,531,0,0,7,0,7,466,38,31,3,538,0,0,0,538
07/28/2020,BWI,MD,AEA,EN,Towers with Radar,450,54,15,5,524,0,0,5,3,8,450,54,20,8,532,0,0,0,532
07/29/2020,BWI,MD,AEA,EN,Towers with Radar,447,51,26,6,530,0,0,10,4,14,447,51,36,10,544,0,0,0,544
07/30/2020,BWI,MD,AEA,EN,Towers with Radar,483,66,32,2,583,0,1,8,4,13,483,67,40,6,596,0,0,0,596
07/31/2020,BWI,MD,AEA,EN,Towers with Radar,486,58,46,2,592,0,0,0,0,0,486,58,46,2,592,0,0,0,592
08/01/2020,BWI,MD,AEA,EN,Towers with Radar,432,48,17,2,499,0,0,12,0,12,432,48,29,2,511,0,0,0,511
08/02/2020,BWI,MD,AEA,EN,Towers with Radar,465,36,20,0,521,0,0,2,0,2,465,36,22,0,523,0,0,0,523
08/03/2020,BWI,MD,AEA,EN,Towers with Radar,479,45,24,4,552,0,0,7,0,7,479,45,31,4,559,0,0,0,559
08/04/2020,BWI,MD,AEA,EN,Towers with Radar,307,32,15,0,354,0,1,1,0,2,307,33,16,0,356,0,0,0,356
08/05/2020,BWI,MD,AEA,EN,Towers with Radar,422,59,23,1,505,0,1,9,3,13,422,60,32,4,518,0,0,0,518
08/06/2020,BWI,MD,AEA,EN,Towers with Radar,469,73,18,5,565,0,0,0,0,0,469,73,18,5,565,0,0,0,565
08/07/2020,BWI,MD,AEA,EN,Towers with Radar,473,48,8,8,537,0,0,6,0,6,473,48,14,8,543,0,0,0,543
08/08/2020,BWI,MD,AEA,EN,Towers with Radar,420,33,15,0,468,0,2,8,1,11,420,35,23,1,479,0,0,0,479
08/09/2020,BWI,MD,AEA,EN,Towers with Radar,458,45,31,0,534,0,1,5,0,6,458,46,36,0,540,0,0,0,540
08/10/2020,BWI,MD,AEA,EN,Towers with Radar,461,36,18,0,515,0,0,8,0,8,461,36,26,0,523,0,0,0,523
08/11/2020,BWI,MD,AEA,EN,Towers with Radar,438,51,22,0,511,0,0,7,2,9,438,51,29,2,520,0,0,0,520
08/12/2020,BWI,MD,AEA,EN,Towers with Radar,447,54,17,1,519,0,0,3,0,3,447,54,20,1,522,0,0,0,522
08/13/2020,BWI,MD,AEA,EN,Towers with Radar,481,68,23,4,576,0,1,0,0,1,481,69,23,4,577,0,0,0,577
08/14/2020,BWI,MD,AEA,EN,Towers with Radar,481,49,20,4,554,0,0,1,1,2,481,49,21,5,556,0,0,0,556
08/15/2020,BWI,MD,AEA,EN,Towers with Radar,457,41,8,0,506,0,0,9,0,9,457,41,17,0,515,0,0,0,515
08/16/2020,BWI,MD,AEA,EN,Towers with Radar,474,41,31,1,547,0,1,0,0,1,474,42,31,1,548,0,0,0,548
08/17/2020,BWI,MD,AEA,EN,Towers with Radar,467,33,22,2,524,0,1,8,1,10,467,34,30,3,534,0,0,0,534
08/18/2020,BWI,MD,AEA,EN,Towers with Radar,444,59,29,2,534,0,0,13,3,16,444,59,42,5,550,0,0,0,550
08/19/2020,BWI,MD,AEA,EN,Towers with Radar,446,53,23,0,522,0,0,6,0,6,446,53,29,0,528,0,0,0,528
08/20/2020,BWI,MD,AEA,EN,Towers with Radar,486,62,11,2,561,0,0,12,3,15,486,62,23,5,576,0,0,0,576
08/21/2020,BWI,MD,AEA,EN,Towers with Radar,480,55,15,6,556,0,1,6,4,11,480,56,21,10,567,0,0,0,567
08/22/2020,BWI,MD,AEA,EN,Towers with Radar,452,33,12,0,497,0,3,6,1,10,452,36,18,1,507,0,0,0,507
08/23/2020,BWI,MD,AEA,EN,Towers with Radar,478,49,21,0,548,0,6,3,2,11,478,55,24,2,559,0,0,0,559
08/24/2020,BWI,MD,AEA,EN,Towers with Radar,465,47,16,4,532,0,2,7,0,9,465,49,23,4,541,0,0,0,541
08/25/2020,BWI,MD,AEA,EN,Towers with Radar,436,47,16,3,502,0,1,12,3,16,436,48,28,6,518,0,0,0,518
08/26/2020,BWI,MD,AEA,EN,Towers with Radar,439,55,25,3,522,0,0,9,2,11,439,55,34,5,533,0,0,0,533
08/27/2020,BWI,MD,AEA,EN,Towers with Radar,488,60,39,0,587,0,0,6,0,6,488,60,45,0,593,0,0,0,593
08/28/2020,BWI,MD,AEA,EN,Towers with Radar,448,60,23,4,535,0,1,2,0,3,448,61,25,4,538,0,0,0,538
08/29/2020,BWI,MD,AEA,EN,Towers with Radar,453,37,15,1,506,0,0,2,2,4,453,37,17,3,510,0,0,0,510
08/30/2020,BWI,MD,AEA,EN,Towers with Radar,471,48,36,1,556,0,0,10,0,10,471,48,46,1,566,0,0,0,566
08/31/2020,BWI,MD,AEA,EN,Towers with Radar,467,42,30,1,540,0,0,7,1,8,467,42,37,2,548,0,0,0,548
09/01/2020,BWI,MD,AEA,EN,Towers with Radar,442,60,20,2,524,0,1,0,0,1,442,61,20,2,525,0,0,0,525
09/02/2020,BWI,MD,AEA,EN,Towers with Radar,425,57,20,3,505,0,0,0,2,2,425,57,20,5,507,0,0,0,507
09/03/2020,BWI,MD,AEA,EN,Towers with Radar,484,55,11,0,550,0,0,10,0,10,484,55,21,0,560,0,0,0,560
09/04/2020,BWI,MD,AEA,EN,Towers with Radar,477,50,17,0,544,0,1,9,2,12,477,51,26,2,556,0,0,0,556
09/05/2020,BWI,MD,AEA,EN,Towers with Radar,442,36,17,0,495,0,2,7,1,10,442,38,24,1,505,0,0,0,505
09/06/2020,BWI,MD,AEA,EN,Towers with Radar,386,28,6,0,420,0,1,5,2,8,386,29,11,2,428,0,0,0,428
09/07/2020,BWI,MD,AEA,EN,Towers with Radar,401,33,25,1,460,0,0,10,0,10,401,33,35,1,470,0,0,0,470
09/08/2020,BWI,MD,AEA,EN,Towers with Radar,371,38,27,0,436,0,0,3,1,4,371,38,30,1,440,0,0,0,440
09/09/2020,BWI,MD,AEA,EN,Towers with Radar,382,62,32,1,477,0,0,4,0,4,382,62,36,1,481,0,0,0,481
09/10/2020,BWI,MD,AEA,EN,Towers with Radar,396,68,24,0,488,0,0,2,0,2,396,68,26,0,490,0,0,0,490
09/11/2020,BWI,MD,AEA,EN,Towers with Radar,390,51,32,2,475,0,1,3,4,8,390,52,35,6,483,0,0,0,483
09/12/2020,BWI,MD,AEA,EN,Towers with Radar,377,41,14,0,432,0,2,2,0,4,377,43,16,0,436,0,0,0,436
09/13/2020,BWI,MD,AEA,EN,Towers with Radar,386,41,24,0,451,0,0,2,0,2,386,41,26,0,453,0,0,0,453
09/14/2020,BWI,MD,AEA,EN,Towers with Radar,380,50,23,2,455,0,2,13,3,18,380,52,36,5,473,0,0,0,473
09/15/2020,BWI,MD,AEA,EN,Towers with Radar,364,70,28,0,462,0,1,12,5,18,364,71,40,5,480,0,0,0,480
09/16/2020,BWI,MD,AEA,EN,Towers with Radar,374,63,31,4,472,0,3,15,4,22,374,66,46,8,494,0,0,0,494
09/17/2020,BWI,MD,AEA,EN,Towers with Radar,390,63,23,6,482,0,1,3,0,4,390,64,26,6,486,0,0,0,486
09/18/2020,BWI,MD,AEA,EN,Towers with Radar,389,72,19,2,482,0,0,3,0,3,389,72,22,2,485,0,0,0,485
09/19/2020,BWI,MD,AEA,EN,Towers with Radar,363,33,5,0,401,0,0,7,3,10,363,33,12,3,411,0,0,0,411
09/20/2020,BWI,MD,AEA,EN,Towers with Radar,376,50,21,1,448,0,0,2,2,4,376,50,23,3,452,0,0,0,452
09/21/2020,BWI,MD,AEA,EN,Towers with Radar,388,46,26,1,461,0,0,5,2,7,388,46,31,3,468,0,0,0,468
09/22/2020,BWI,MD,AEA,EN,Towers with Radar,367,56,23,3,449,0,2,17,2,21,367,58,40,5,470,0,0,0,470
09/23/2020,BWI,MD,AEA,EN,Towers with Radar,368,57,14,5,444,0,0,12,6,18,368,57,26,11,462,0,0,0,462
09/24/2020,BWI,MD,AEA,EN,Towers with Radar,392,65,28,2,487,0,0,14,1,15,392,65,42,3,502,0,0,0,502
09/25/2020,BWI,MD,AEA,EN,Towers with Radar,395,65,15,3,478,0,0,1,0,1,395,65,16,3,479,0,0,0,479
09/26/2020,BWI,MD,AEA,EN,Towers with Radar,362,42,12,2,418,0,0,0,0,0,362,42,12,2,418,0,0,0,418
09/27/2020,BWI,MD,AEA,EN,Towers with Radar,384,43,17,0,444,0,0,2,0,2,384,43,19,0,446,0,0,0,446
09/28/2020,BWI,MD,AEA,EN,Towers with Radar,383,45,25,2,455,0,0,5,2,7,383,45,30,4,462,0,0,0,462
09/29/2020,BWI,MD,AEA,EN,Towers with Radar,367,50,19,4,440,0,0,0,2,2,367,50,19,6,442,0,0,0,442
09/30/2020,BWI,MD,AEA,EN,Towers with Radar,371,61,22,0,454,0,0,4,2,6,371,61,26,2,460,0,0,0,460
10/01/2020,BWI,MD,AEA,EN,Towers with Radar,392,74,22,3,491,0,1,9,2,12,392,75,31,5,503,0,0,0,503
10/02/2020,BWI,MD,AEA,EN,Towers with Radar,399,64,25,0,488,0,0,10,7,17,399,64,35,7,505,0,0,0,505
10/03/2020,BWI,MD,AEA,EN,Towers with Radar,358,45,18,1,422,0,0,10,0,10,358,45,28,1,432,0,0,0,432
10/04/2020,BWI,MD,AEA,EN,Towers with Radar,382,43,23,0,448,0,4,6,0,10,382,47,29,0,458,0,0,0,458
10/05/2020,BWI,MD,AEA,EN,Towers with Radar,380,44,28,1,453,0,3,12,7,22,380,47,40,8,475,0,0,0,475
10/06/2020,BWI,MD,AEA,EN,Towers with Radar,366,59,11,1,437,0,1,9,5,15,366,60,20,6,452,0,0,0,452
10/07/2020,BWI,MD,AEA,EN,Towers with Radar,363,57,16,0,436,0,4,5,4,13,363,61,21,4,449,0,0,0,449
10/08/2020,BWI,MD,AEA,EN,Towers with Radar,432,67,41,1,541,0,0,16,3,19,432,67,57,4,560,0,0,0,560
10/09/2020,BWI,MD,AEA,EN,Towers with Radar,416,57,33,1,507,0,0,10,2,12,416,57,43,3,519,0,0,0,519
10/10/2020,BWI,MD,AEA,EN,Towers with Radar,386,43,15,0,444,0,5,5,0,10,386,48,20,0,454,0,0,0,454
10/11/2020,BWI,MD,AEA,EN,Towers with Radar,423,47,24,0,494,0,2,0,0,2,423,49,24,0,496,0,0,0,496
10/12/2020,BWI,MD,AEA,EN,Towers with Radar,412,50,23,4,489,0,0,0,0,0,412,50,23,4,489,0,0,0,489
10/13/2020,BWI,MD,AEA,EN,Towers with Radar,376,71,24,10,481,0,0,2,0,2,376,71,26,10,483,0,0,0,483
10/14/2020,BWI,MD,AEA,EN,Towers with Radar,388,49,14,0,451,0,0,13,1,14,388,49,27,1,465,0,0,0,465
10/15/2020,BWI,MD,AEA,EN,Towers with Radar,416,74,35,2,527,0,3,11,0,14,416,77,46,2,541,0,0,0,541
10/16/2020,BWI,MD,AEA,EN,Towers with Radar,412,66,21,3,502,0,1,1,0,2,412,67,22,3,504,0,0,0,504
10/17/2020,BWI,MD,AEA,EN,Towers with Radar,384,45,15,1,445,0,1,5,1,7,384,46,20,2,452,0,0,0,452
10/18/2020,BWI,MD,AEA,EN,Towers with Radar,422,64,21,1,508,0,0,13,0,13,422,64,34,1,521,0,0,0,521
10/19/2020,BWI,MD,AEA,EN,Towers with Radar,390,55,26,1,472,0,1,8,2,11,390,56,34,3,483,0,0,0,483
10/20/2020,BWI,MD,AEA,EN,Towers with Radar,370,63,13,0,446,0,1,7,2,10,370,64,20,2,456,0,0,0,456
10/21/2020,BWI,MD,AEA,EN,Towers with Radar,363,60,25,5,453,0,0,7,3,10,363,60,32,8,463,0,0,0,463
10/22/2020,BWI,MD,AEA,EN,Towers with Radar,395,56,42,1,494,0,2,2,2,6,395,58,44,3,500,0,0,0,500
10/23/2020,BWI,MD,AEA,EN,Towers with Radar,408,68,24,2,502,0,1,7,0,8,408,69,31,2,510,0,0,0,510
10/24/2020,BWI,MD,AEA,EN,Towers with Radar,360,44,19,0,423,0,0,7,0,7,360,44,26,0,430,0,0,0,430
10/25/2020,BWI,MD,AEA,EN,Towers with Radar,392,53,24,2,471,0,1,0,2,3,392,54,24,4,474,0,0,0,474
10/26/2020,BWI,MD,AEA,EN,Towers with Radar,379,36,17,0,432,0,0,0,0,0,379,36,17,0,432,0,0,0,432
10/27/2020,BWI,MD,AEA,EN,Towers with Radar,366,60,19,2,447,0,2,5,3,10,366,62,24,5,457,0,0,0,457
10/28/2020,BWI,MD,AEA,EN,Towers with Radar,354,67,29,10,460,0,1,2,0,3,354,68,31,10,463,0,0,0,463
10/29/2020,BWI,MD,AEA,EN,Towers with Radar,390,61,10,0,461,0,0,0,0,0,390,61,10,0,461,0,0,0,461
10/30/2020,BWI,MD,AEA,EN,Towers with Radar,395,66,37,8,506,0,2,2,1,5,395,68,39,9,511,0,0,0,511
10/31/2020,BWI,MD,AEA,EN,Towers with Radar,339,38,17,0,394,0,0,9,3,12,339,38,26,3,406,0,0,0,406
11/01/2020,BWI,MD,AEA,EN,Towers with Radar,386,65,11,0,462,0,0,0,0,0,386,65,11,0,462,0,0,0,462
11/02/2020,BWI,MD,AEA,EN,Towers with Radar,389,45,19,2,455,0,3,2,2,7,389,48,21,4,462,0,0,0,462
11/03/2020,BWI,MD,AEA,EN,Towers with Radar,348,51,28,3,430,0,4,4,3,11,348,55,32,6,441,0,0,0,441
11/04/2020,BWI,MD,AEA,EN,Towers with Radar,339,66,33,3,441,0,0,12,4,16,339,66,45,7,457,0,0,0,457
11/05/2020,BWI,MD,AEA,EN,Towers with Radar,416,63,35,2,516,0,0,10,3,13,416,63,45,5,529,0,0,0,529
11/06/2020,BWI,MD,AEA,EN,Towers with Radar,418,60,29,4,511,0,1,7,3,11,418,61,36,7,522,0,0,0,522
11/07/2020,BWI,MD,AEA,EN,Towers with Radar,295,55,20,2,372,0,0,23,0,23,295,55,43,2,395,0,0,0,395
11/08/2020,BWI,MD,AEA,EN,Towers with Radar,418,49,29,1,497,0,0,5,0,5,418,49,34,1,502,0,0,0,502
11/09/2020,BWI,MD,AEA,EN,Towers with Radar,407,45,31,2,485,0,3,7,3,13,407,48,38,5,498,0,0,0,498
11/10/2020,BWI,MD,AEA,EN,Towers with Radar,343,61,17,1,422,0,3,7,2,12,343,64,24,3,434,0,0,0,434
11/11/2020,BWI,MD,AEA,EN,Towers with Radar,349,58,14,0,421,0,0,0,0,0,349,58,14,0,421,0,0,0,421
11/12/2020,BWI,MD,AEA,EN,Towers with Radar,422,58,17,5,502,0,0,4,0,4,422,58,21,5,506,0,0,0,506
11/13/2020,BWI,MD,AEA,EN,Towers with Radar,428,63,30,1,522,0,2,2,0,4,428,65,32,1,526,0,0,0,526
11/14/2020,BWI,MD,AEA,EN,Towers with Radar,301,50,12,3,366,0,1,24,2,27,301,51,36,5,393,0,0,0,393
11/15/2020,BWI,MD,AEA,EN,Towers with Radar,428,41,8,0,477,0,0,0,1,1,428,41,8,1,478,0,0,0,478
11/16/2020,BWI,MD,AEA,EN,Towers with Radar,423,54,14,5,496,0,2,1,2,5,423,56,15,7,501,0,0,0,501
11/17/2020,BWI,MD,AEA,EN,Towers with Radar,344,63,9,5,421,0,0,6,1,7,344,63,15,6,428,0,0,0,428
11/18/2020,BWI,MD,AEA,EN,Towers with Radar,366,52,17,6,441,0,0,4,2,6,366,52,21,8,447,0,0,0,447
11/19/2020,BWI,MD,AEA,EN,Towers with Radar,438,64,26,3,531,0,1,8,5,14,438,65,34,8,545,0,0,0,545
11/20/2020,BWI,MD,AEA,EN,Towers with Radar,439,64,15,0,518,0,1,13,1,15,439,65,28,1,533,0,0,0,533
11/21/2020,BWI,MD,AEA,EN,Towers with Radar,459,62,11,2,534,0,2,17,1,20,459,64,28,3,554,0,0,0,554
11/22/2020,BWI,MD,AEA,EN,Towers with Radar,445,40,12,0,497,0,0,1,0,1,445,40,13,0,498,0,0,0,498
11/23/2020,BWI,MD,AEA,EN,Towers with Radar,447,59,6,5,517,0,0,0,0,0,447,59,6,5,517,0,0,0,517
11/24/2020,BWI,MD,AEA,EN,Towers with Radar,466,65,12,4,547,0,0,12,6,18,466,65,24,10,565,0,0,0,565
11/25/2020,BWI,MD,AEA,EN,Towers with Radar,467,50,8,1,526,0,1,2,2,5,467,51,10,3,531,0,0,0,531
11/26/2020,BWI,MD,AEA,EN,Towers with Radar,325,32,4,0,361,0,0,1,0,1,325,32,5,0,362,0,0,0,362
11/27/2020,BWI,MD,AEA,EN,Towers with Radar,417,44,8,1,470,0,3,7,2,12,417,47,15,3,482,0,0,0,482
11/28/2020,BWI,MD,AEA,EN,Towers with Radar,469,43,8,0,520,0,1,14,0,15,469,44,22,0,535,0,0,0,535
11/29/2020,BWI,MD,AEA,EN,Towers with Radar,474,64,20,1,559,0,1,3,1,5,474,65,23,2,564,0,0,0,564
11/30/2020,BWI,MD,AEA,EN,Towers with Radar,431,49,23,0,503,0,1,1,0,2,431,50,24,0,505,0,0,0,505
12/01/2020,BWI,MD,AEA,EN,Towers with Radar,428,54,19,5,506,0,1,1,4,6,428,55,20,9,512,0,0,0,512
12/02/2020,BWI,MD,AEA,EN,Towers with Radar,340,43,14,6,403,0,0,3,7,10,340,43,17,13,413,0,0,0,413
12/03/2020,BWI,MD,AEA,EN,Towers with Radar,360,64,17,5,446,0,1,14,1,16,360,65,31,6,462,0,0,0,462
12/04/2020,BWI,MD,AEA,EN,Towers with Radar,362,52,7,2,423,0,1,4,2,7,362,53,11,4,430,0,0,0,430
12/05/2020,BWI,MD,AEA,EN,Towers with Radar,283,54,11,0,348,0,0,3,0,3,283,54,14,0,351,0,0,0,351
12/06/2020,BWI,MD,AEA,EN,Towers with Radar,342,42,16,1,401,0,0,9,0,9,342,42,25,1,410,0,0,0,410
12/07/2020,BWI,MD,AEA,EN,Towers with Radar,353,46,15,0,414,0,0,9,0,9,353,46,24,0,423,0,0,0,423
12/08/2020,BWI,MD,AEA,EN,Towers with Radar,324,63,15,1,403,0,0,10,2,12,324,63,25,3,415,0,0,0,415
12/09/2020,BWI,MD,AEA,EN,Towers with Radar,335,61,12,2,410,0,2,11,2,15,335,63,23,4,425,0,0,0,425
12/10/2020,BWI,MD,AEA,EN,Towers with Radar,365,61,25,3,454,0,5,14,4,23,365,66,39,7,477,0,0,0,477
12/11/2020,BWI,MD,AEA,EN,Towers with Radar,361,61,16,8,446,0,0,11,0,11,361,61,27,8,457,0,0,0,457
12/12/2020,BWI,MD,AEA,EN,Towers with Radar,294,53,15,1,363,0,0,3,0,3,294,53,18,1,366,0,0,0,366
12/13/2020,BWI,MD,AEA,EN,Towers with Radar,356,49,27,1,433,0,2,3,0,5,356,51,30,1,438,0,0,0,438
12/14/2020,BWI,MD,AEA,EN,Towers with Radar,348,38,20,3,409,0,1,2,0,3,348,39,22,3,412,0,0,0,412
12/15/2020,BWI,MD,AEA,EN,Towers with Radar,331,59,22,4,416,0,0,12,3,15,331,59,34,7,431,0,0,0,431
12/16/2020,BWI,MD,AEA,EN,Towers with Radar,249,40,3,1,293,0,1,0,0,1,249,41,3,1,294,0,0,0,294
12/17/2020,BWI,MD,AEA,EN,Towers with Radar,361,45,21,2,429,0,0,5,2,7,361,45,26,4,436,0,0,0,436
12/18/2020,BWI,MD,AEA,EN,Towers with Radar,428,57,23,1,509,0,1,8,0,9,428,58,31,1,518,0,0,0,518
12/19/2020,BWI,MD,AEA,EN,Towers with Radar,444,70,14,0,528,0,2,15,0,17,444,72,29,0,545,0,0,0,545
12/20/2020,BWI,MD,AEA,EN,Towers with Radar,434,46,11,1,492,0,1,0,0,1,434,47,11,1,493,0,0,0,493
12/21/2020,BWI,MD,AEA,EN,Towers with Radar,415,56,28,9,508,0,0,4,0,4,415,56,32,9,512,0,0,0,512
12/22/2020,BWI,MD,AEA,EN,Towers with Radar,432,62,14,3,511,0,3,4,0,7,432,65,18,3,518,0,0,0,518
12/23/2020,BWI,MD,AEA,EN,Towers with Radar,462,61,27,4,554,0,1,15,1,17,462,62,42,5,571,0,0,0,571
12/24/2020,BWI,MD,AEA,EN,Towers with Radar,348,50,5,1,404,0,1,0,0,1,348,51,5,1,405,0,0,0,405
12/25/2020,BWI,MD,AEA,EN,Towers with Radar,303,40,9,1,353,0,0,0,0,0,303,40,9,1,353,0,0,0,353
12/26/2020,BWI,MD,AEA,EN,Towers with Radar,423,52,21,1,497,0,0,0,0,0,423,52,21,1,497,0,0,0,497
12/27/2020,BWI,MD,AEA,EN,Towers with Radar,449,53,31,1,534,0,0,0,0,0,449,53,31,1,534,0,0,0,534
12/28/2020,BWI,MD,AEA,EN,Towers with Radar,415,54,24,0,493,0,3,9,0,12,415,57,33,0,505,0,0,0,505
12/29/2020,BWI,MD,AEA,EN,Towers with Radar,426,64,16,4,510,0,1,6,1,8,426,65,22,5,518,0,0,0,518
12/30/2020,BWI,MD,AEA,EN,Towers with Radar,428,53,27,4,512,0,1,4,2,7,428,54,31,6,519,0,0,0,519
12/31/2020,BWI,MD,AEA,EN,Towers with Radar,349,47,7,0,403,0,0,0,0,0,349,47,7,0,403,0,0,0,403
01/01/2021,BWI,MD,AEA,EN,Towers with Radar,315,32,10,0,357,0,1,2,0,3,315,33,12,0,360,0,0,0,360
01/02/2021,BWI,MD,AEA,EN,Towers with Radar,432,48,22,0,502,0,0,2,0,2,432,48,24,0,504,0,0,0,504
01/03/2021,BWI,MD,AEA,EN,Towers with Radar,458,68,13,0,539,0,0,0,0,0,458,68,13,0,539,0,0,0,539
01/04/2021,BWI,MD,AEA,EN,Towers with Radar,396,47,23,0,466,0,0,7,0,7,396,47,30,0,473,0,0,0,473
01/05/2021,BWI,MD,AEA,EN,Towers with Radar,416,49,14,2,481,0,0,6,0,6,416,49,20,2,487,0,0,0,487
01/06/2021,BWI,MD,AEA,EN,Towers with Radar,389,51,19,0,459,0,0,5,0,5,389,51,24,0,464,0,0,0,464
01/07/2021,BWI,MD,AEA,EN,Towers with Radar,369,55,30,3,457,0,3,7,0,10,369,58,37,3,467,0,0,0,467
01/08/2021,BWI,MD,AEA,EN,Towers with Radar,359,54,19,0,432,0,0,3,0,3,359,54,22,0,435,0,0,0,435
01/09/2021,BWI,MD,AEA,EN,Towers with Radar,292,51,23,0,366,0,1,8,2,11,292,52,31,2,377,0,0,0,377
01/10/2021,BWI,MD,AEA,EN,Towers with Radar,354,57,23,0,434,0,0,9,0,9,354,57,32,0,443,0,0,0,443
01/11/2021,BWI,MD,AEA,EN,Towers with Radar,347,56,13,0,416,0,1,9,0,10,347,57,22,0,426,0,0,0,426
01/12/2021,BWI,MD,AEA,EN,Towers with Radar,331,60,21,0,412,0,0,6,0,6,331,60,27,0,418,0,0,0,418
01/13/2021,BWI,MD,AEA,EN,Towers with Radar,327,63,13,4,407,0,1,9,1,11,327,64,22,5,418,0,0,0,418
01/14/2021,BWI,MD,AEA,EN,Towers with Radar,365,76,39,0,480,0,2,3,0,5,365,78,42,0,485,0,0,0,485
01/15/2021,BWI,MD,AEA,EN,Towers with Radar,369,61,23,0,453,0,0,3,0,3,369,61,26,0,456,0,0,0,456
01/16/2021,BWI,MD,AEA,EN,Towers with Radar,281,38,16,2,337,0,0,4,0,4,281,38,20,2,341,0,0,0,341
01/17/2021,BWI,MD,AEA,EN,Towers with Radar,360,40,11,0,411,0,1,10,0,11,360,41,21,0,422,0,0,0,422
01/18/2021,BWI,MD,AEA,EN,Towers with Radar,355,65,21,4,445,0,1,4,2,7,355,66,25,6,452,0,0,0,452
01/19/2021,BWI,MD,AEA,EN,Towers with Radar,337,62,24,1,424,0,0,11,2,13,337,62,35,3,437,0,0,0,437
01/20/2021,BWI,MD,AEA,EN,Towers with Radar,335,73,15,0,423,0,0,2,0,2,335,73,17,0,425,0,0,0,425
01/21/2021,BWI,MD,AEA,EN,Towers with Radar,367,76,38,2,483,0,3,6,0,9,367,79,44,2,492,0,0,0,492
01/22/2021,BWI,MD,AEA,EN,Towers with Radar,369,60,20,3,452,0,2,7,0,9,369,62,27,3,461,0,0,0,461
01/23/2021,BWI,MD,AEA,EN,Towers with Radar,287,48,10,2,347,0,0,2,0,2,287,48,12,2,349,0,0,0,349
01/24/2021,BWI,MD,AEA,EN,Towers with Radar,369,37,15,0,421,0,0,10,4,14,369,37,25,4,435,0,0,0,435
01/25/2021,BWI,MD,AEA,EN,Towers with Radar,345,54,11,3,413,0,0,2,0,2,345,54,13,3,415,0,0,0,415
01/26/2021,BWI,MD,AEA,EN,Towers with Radar,320,45,16,0,381,0,0,0,0,0,320,45,16,0,381,0,0,0,381
01/27/2021,BWI,MD,AEA,EN,Towers with Radar,335,60,26,5,426,0,0,15,2,17,335,60,41,7,443,0,0,0,443
01/28/2021,BWI,MD,AEA,EN,Towers with Radar,365,62,19,8,454,0,0,2,4,6,365,62,21,12,460,0,0,0,460
01/29/2021,BWI,MD,AEA,EN,Towers with Radar,361,73,26,1,461,0,0,1,0,1,361,73,27,1,462,0,0,0,462
01/30/2021,BWI,MD,AEA,EN,Towers with Radar,284,51,29,1,365,0,2,10,0,12,284,53,39,1,377,0,0,0,377
01/31/2021,BWI,MD,AEA,EN,Towers with Radar,223,41,8,0,272,0,0,0,0,0,223,41,8,0,272,0,0,0,272
02/01/2021,BWI,MD,AEA,EN,Towers with Radar,233,21,1,0,255,0,0,0,0,0,233,21,1,0,255,0,0,0,255
02/02/2021,BWI,MD,AEA,EN,Towers with Radar,297,39,3,1,340,0,0,0,0,0,297,39,3,1,340,0,0,0,340
02/03/2021,BWI,MD,AEA,EN,Towers with Radar,333,60,15,3,411,0,2,4,0,6,333,62,19,3,417,0,0,0,417
02/04/2021,BWI,MD,AEA,EN,Towers with Radar,360,65,13,3,441,0,1,20,4,25,360,66,33,7,466,0,0,0,466
02/05/2021,BWI,MD,AEA,EN,Towers with Radar,358,62,14,1,435,0,1,7,0,8,358,63,21,1,443,0,0,0,443
02/06/2021,BWI,MD,AEA,EN,Towers with Radar,280,52,20,0,352,0,4,5,0,9,280,56,25,0,361,0,0,0,361
02/07/2021,BWI,MD,AEA,EN,Towers with Radar,275,42,19,0,336,0,0,0,0,0,275,42,19,0,336,0,0,0,336
02/08/2021,BWI,MD,AEA,EN,Towers with Radar,350,63,15,2,430,0,0,6,2,8,350,63,21,4,438,0,0,0,438
02/09/2021,BWI,MD,AEA,EN,Towers with Radar,326,64,15,2,407,0,3,4,3,10,326,67,19,5,417,0,0,0,417
02/10/2021,BWI,MD,AEA,EN,Towers with Radar,322,77,35,2,436,0,1,13,0,14,322,78,48,2,450,0,0,0,450
02/11/2021,BWI,MD,AEA,EN,Towers with Radar,340,66,22,1,429,0,0,0,0,0,340,66,22,1,429,0,0,0,429
02/12/2021,BWI,MD,AEA,EN,Towers with Radar,375,64,14,3,456,0,0,0,0,0,375,64,14,3,456,0,0,0,456
02/13/2021,BWI,MD,AEA,EN,Towers with Radar,199,24,5,0,228,0,0,0,0,0,199,24,5,0,228,0,0,0,228
02/14/2021,BWI,MD,AEA,EN,Towers with Radar,242,48,19,0,309,0,0,0,0,0,242,48,19,0,309,0,0,0,309
02/15/2021,BWI,MD,AEA,EN,Towers with Radar,311,46,30,2,389,0,0,0,0,0,311,46,30,2,389,0,0,0,389
02/16/2021,BWI,MD,AEA,EN,Towers with Radar,289,31,17,4,341,0,0,1,0,1,289,31,18,4,342,0,0,0,342
02/17/2021,BWI,MD,AEA,EN,Towers with Radar,302,69,43,11,425,0,3,12,5,20,302,72,55,16,445,0,0,0,445
02/18/2021,BWI,MD,AEA,EN,Towers with Radar,147,17,14,0,178,0,0,0,0,0,147,17,14,0,178,0,0,0,178
02/19/2021,BWI,MD,AEA,EN,Towers with Radar,331,35,17,5,388,0,0,2,0,2,331,35,19,5,390,0,0,0,390
02/20/2021,BWI,MD,AEA,EN,Towers with Radar,315,48,8,5,376,0,4,7,0,11,315,52,15,5,387,0,0,0,387
02/21/2021,BWI,MD,AEA,EN,Towers with Radar,362,46,17,2,427,0,2,7,0,9,362,48,24,2,436,0,0,0,436
02/22/2021,BWI,MD,AEA,EN,Towers with Radar,342,44,13,4,403,0,1,0,0,1,342,45,13,4,404,0,0,0,404
02/23/2021,BWI,MD,AEA,EN,Towers with Radar,357,54,31,0,442,0,0,6,6,12,357,54,37,6,454,0,0,0,454
02/24/2021,BWI,MD,AEA,EN,Towers with Radar,345,59,46,1,451,0,0,18,0,18,345,59,64,1,469,0,0,0,469
02/25/2021,BWI,MD,AEA,EN,Towers with Radar,378,56,44,0,478,0,4,9,7,20,378,60,53,7,498,0,0,0,498
02/26/2021,BWI,MD,AEA,EN,Towers with Radar,372,59,22,7,460,0,2,6,7,15,372,61,28,14,475,0,0,0,475
02/27/2021,BWI,MD,AEA,EN,Towers with Radar,314,46,9,0,369,0,0,0,0,0,314,46,9,0,369,0,0,0,369
02/28/2021,BWI,MD,AEA,EN,Towers with Radar,369,39,33,3,444,0,0,1,0,1,369,39,34,3,445,0,0,0,445
03/01/2021,BWI,MD,AEA,EN,Towers with Radar,368,33,20,0,421,0,1,1,0,2,368,34,21,0,423,0,0,0,423
03/02/2021,BWI,MD,AEA,EN,Towers with Radar,350,50,25,4,429,0,1,10,3,14,350,51,35,7,443,0,0,0,443
03/03/2021,BWI,MD,AEA,EN,Towers with Radar,348,62,17,2,429,0,0,14,0,14,348,62,31,2,443,0,0,0,443
03/04/2021,BWI,MD,AEA,EN,Towers with Radar,395,64,31,5,495,0,0,5,1,6,395,64,36,6,501,0,0,0,501
03/05/2021,BWI,MD,AEA,EN,Towers with Radar,389,50,29,6,474,0,0,9,4,13,389,50,38,10,487,0,0,0,487
03/06/2021,BWI,MD,AEA,EN,Towers with Radar,317,33,22,2,374,0,1,5,0,6,317,34,27,2,380,0,0,0,380
03/07/2021,BWI,MD,AEA,EN,Towers with Radar,430,42,28,0,500,0,1,11,2,14,430,43,39,2,514,0,0,0,514
03/08/2021,BWI,MD,AEA,EN,Towers with Radar,434,44,19,5,502,0,0,8,5,13,434,44,27,10,515,0,0,0,515
03/09/2021,BWI,MD,AEA,EN,Towers with Radar,368,55,18,0,441,0,1,1,0,2,368,56,19,0,443,0,0,0,443
03/10/2021,BWI,MD,AEA,EN,Towers with Radar,379,44,23,1,447,0,5,5,1,11,379,49,28,2,458,0,0,0,458
03/11/2021,BWI,MD,AEA,EN,Towers with Radar,463,56,18,5,542,0,1,4,4,9,463,57,22,9,551,0,0,0,551
03/12/2021,BWI,MD,AEA,EN,Towers with Radar,472,65,36,1,574,0,0,14,5,19,472,65,50,6,593,0,0,0,593
03/13/2021,BWI,MD,AEA,EN,Towers with Radar,401,44,15,0,460,0,0,12,0,12,401,44,27,0,472,0,0,0,472
03/14/2021,BWI,MD,AEA,EN,Towers with Radar,446,48,15,0,509,0,1,2,3,6,446,49,17,3,515,0,0,0,515
03/15/2021,BWI,MD,AEA,EN,Towers with Radar,435,41,19,2,497,0,1,8,2,11,435,42,27,4,508,0,0,0,508
03/16/2021,BWI,MD,AEA,EN,Towers with Radar,457,55,17,7,536,0,0,2,0,2,457,55,19,7,538,0,0,0,538
03/17/2021,BWI,MD,AEA,EN,Towers with Radar,453,58,29,2,542,0,0,0,0,0,453,58,29,2,542,0,0,0,542
03/18/2021,BWI,MD,AEA,EN,Towers with Radar,458,75,27,1,561,0,0,0,0,0,458,75,27,1,561,0,0,0,561
03/19/2021,BWI,MD,AEA,EN,Towers with Radar,482,56,16,4,558,0,0,1,3,4,482,56,17,7,562,0,0,0,562
03/20/2021,BWI,MD,AEA,EN,Towers with Radar,405,56,32,2,495,0,1,6,0,7,405,57,38,2,502,0,0,0,502
03/21/2021,BWI,MD,AEA,EN,Towers with Radar,462,52,45,0,559,0,3,9,0,12,462,55,54,0,571,0,0,0,571
03/22/2021,BWI,MD,AEA,EN,Towers with Radar,452,48,26,3,529,0,1,3,0,4,452,49,29,3,533,0,0,0,533
03/23/2021,BWI,MD,AEA,EN,Towers with Radar,460,61,28,5,554,0,0,8,0,8,460,61,36,5,562,0,0,0,562
03/24/2021,BWI,MD,AEA,EN,Towers with Radar,455,63,34,2,554,0,1,0,0,1,455,64,34,2,555,0,0,0,555
03/25/2021,BWI,MD,AEA,EN,Towers with Radar,480,64,29,2,575,0,1,0,1,2,480,65,29,3,577,0,0,0,577
03/26/2021,BWI,MD,AEA,EN,Towers with Radar,478,54,31,4,567,0,0,2,0,2,478,54,33,4,569,0,0,0,569
03/27/2021,BWI,MD,AEA,EN,Towers with Radar,411,46,16,0,473,0,2,10,0,12,411,48,26,0,485,0,0,0,485
03/28/2021,BWI,MD,AEA,EN,Towers with Radar,474,44,13,0,531,0,0,0,0,0,474,44,13,0,531,0,0,0,531
03/29/2021,BWI,MD,AEA,EN,Towers with Radar,457,50,31,2,540,0,1,7,2,10,457,51,38,4,550,0,0,0,550
03/30/2021,BWI,MD,AEA,EN,Towers with Radar,464,61,24,2,551,0,2,10,4,16,464,63,34,6,567,0,0,0,567
03/31/2021,BWI,MD,AEA,EN,Towers with Radar,454,56,27,10,547,0,0,0,0,0,454,56,27,10,547,0,0,0,547
04/01/2021,BWI,MD,AEA,EN,Towers with Radar,483,71,33,5,592,0,0,2,0,2,483,71,35,5,594,0,0,0,594
04/02/2021,BWI,MD,AEA,EN,Towers with Radar,466,66,28,4,564,0,0,4,1,5,466,66,32,5,569,0,0,0,569
04/03/2021,BWI,MD,AEA,EN,Towers with Radar,427,46,38,1,512,0,1,6,5,12,427,47,44,6,524,0,0,0,524
04/04/2021,BWI,MD,AEA,EN,Towers with Radar,455,44,7,0,506,0,0,9,0,9,455,44,16,0,515,0,0,0,515
04/05/2021,BWI,MD,AEA,EN,Towers with Radar,463,47,44,1,555,0,0,4,0,4,463,47,48,1,559,0,0,0,559
04/06/2021,BWI,MD,AEA,EN,Towers with Radar,460,53,29,2,544,0,0,8,2,10,460,53,37,4,554,0,0,0,554
04/07/2021,BWI,MD,AEA,EN,Towers with Radar,462,61,28,1,552,0,2,7,1,10,462,63,35,2,562,0,0,0,562
04/08/2021,BWI,MD,AEA,EN,Towers with Radar,484,62,36,2,584,0,1,5,3,9,484,63,41,5,593,0,0,0,593
04/09/2021,BWI,MD,AEA,EN,Towers with Radar,475,55,22,4,556,0,1,0,0,1,475,56,22,4,557,0,0,0,557
04/10/2021,BWI,MD,AEA,EN,Towers with Radar,412,39,11,1,463,0,0,3,0,3,412,39,14,1,466,0,0,0,466
04/11/2021,BWI,MD,AEA,EN,Towers with Radar,436,50,19,1,506,0,1,2,1,4,436,51,21,2,510,0,0,0,510
04/12/2021,BWI,MD,AEA,EN,Towers with Radar,442,62,21,0,525,0,0,2,0,2,442,62,23,0,527,0,0,0,527
04/13/2021,BWI,MD,AEA,EN,Towers with Radar,433,55,32,3,523,0,0,9,1,10,433,55,41,4,533,0,0,0,533
04/14/2021,BWI,MD,AEA,EN,Towers with Radar,413,43,23,4,483,0,0,0,2,2,413,43,23,6,485,0,0,0,485
04/15/2021,BWI,MD,AEA,EN,Towers with Radar,469,57,30,1,557,0,0,5,3,8,469,57,35,4,565,0,0,0,565
04/16/2021,BWI,MD,AEA,EN,Towers with Radar,468,50,8,1,527,0,0,7,0,7,468,50,15,1,534,0,0,0,534
04/17/2021,BWI,MD,AEA,EN,Towers with Radar,400,34,19,1,454,0,5,19,0,24,400,39,38,1,478,0,0,0,478
04/18/2021,BWI,MD,AEA,EN,Towers with Radar,446,35,26,0,507,0,4,15,13,32,446,39,41,13,539,0,0,0,539
04/19/2021,BWI,MD,AEA,EN,Towers with Radar,446,46,35,11,538,0,0,11,8,19,446,46,46,19,557,0,0,0,557
04/20/2021,BWI,MD,AEA,EN,Towers with Radar,411,58,28,1,498,0,3,37,7,47,411,61,65,8,545,0,0,0,545
04/21/2021,BWI,MD,AEA,EN,Towers with Radar,421,65,11,4,501,0,2,11,2,15,421,67,22,6,516,0,0,0,516
04/22/2021,BWI,MD,AEA,EN,Towers with Radar,465,61,36,0,562,0,2,5,2,9,465,63,41,2,571,0,0,0,571
04/23/2021,BWI,MD,AEA,EN,Towers with Radar,462,62,22,1,547,0,0,34,0,34,462,62,56,1,581,0,0,0,581
04/24/2021,BWI,MD,AEA,EN,Towers with Radar,393,35,16,0,444,0,1,10,1,12,393,36,26,1,456,0,0,0,456
04/25/2021,BWI,MD,AEA,EN,Towers with Radar,461,51,32,0,544,0,1,5,1,7,461,52,37,1,551,0,0,0,551
04/26/2021,BWI,MD,AEA,EN,Towers with Radar,451,43,35,5,534,0,0,11,2,13,451,43,46,7,547,0,0,0,547
04/27/2021,BWI,MD,AEA,EN,Towers with Radar,420,66,23,0,509,0,4,14,0,18,420,70,37,0,527,0,0,0,527
04/28/2021,BWI,MD,AEA,EN,Towers with Radar,421,53,30,2,506,0,0,12,1,13,421,53,42,3,519,0,0,0,519
04/29/2021,BWI,MD,AEA,EN,Towers with Radar,483,56,29,0,568,0,0,6,2,8,483,56,35,2,576,0,0,0,576
04/30/2021,BWI,MD,AEA,EN,Towers with Radar,471,45,31,2,549,0,0,1,0,1,471,45,32,2,550,0,0,0,550
05/01/2021,BWI,MD,AEA,EN,Towers with Radar,395,44,16,0,455,0,0,3,0,3,395,44,19,0,458,0,0,0,458
05/02/2021,BWI,MD,AEA,EN,Towers with Radar,455,44,21,2,522,0,1,3,0,4,455,45,24,2,526,0,0,0,526
05/03/2021,BWI,MD,AEA,EN,Towers with Radar,445,55,34,2,536,0,0,9,2,11,445,55,43,4,547,0,0,0,547
05/04/2021,BWI,MD,AEA,EN,Towers with Radar,426,64,29,0,519,0,1,4,0,5,426,65,33,0,524,0,0,0,524
05/05/2021,BWI,MD,AEA,EN,Towers with Radar,429,74,31,1,535,0,5,2,0,7,429,79,33,1,542,0,0,0,542
05/06/2021,BWI,MD,AEA,EN,Towers with Radar,472,67,32,3,574,0,1,12,1,14,472,68,44,4,588,0,0,0,588
05/07/2021,BWI,MD,AEA,EN,Towers with Radar,475,50,25,5,555,0,0,3,0,3,475,50,28,5,558,0,0,0,558
05/08/2021,BWI,MD,AEA,EN,Towers with Radar,410,46,8,1,465,0,1,1,1,3,410,47,9,2,468,0,0,0,468
05/09/2021,BWI,MD,AEA,EN,Towers with Radar,478,45,23,0,546,0,1,9,1,11,478,46,32,1,557,0,0,0,557
05/10/2021,BWI,MD,AEA,EN,Towers with Radar,485,48,49,6,588,0,1,7,1,9,485,49,56,7,597,0,0,0,597
05/11/2021,BWI,MD,AEA,EN,Towers with Radar,454,55,26,2,537,0,1,6,1,8,454,56,32,3,545,0,0,0,545
05/12/2021,BWI,MD,AEA,EN,Towers with Radar,456,74,25,3,558,0,2,14,2,18,456,76,39,5,576,0,0,0,576
05/13/2021,BWI,MD,AEA,EN,Towers with Radar,494,64,43,2,603,0,2,8,1,11,494,66,51,3,614,0,0,0,614
05/14/2021,BWI,MD,AEA,EN,Towers with Radar,508,53,27,3,591,0,1,11,0,12,508,54,38,3,603,0,0,0,603
05/15/2021,BWI,MD,AEA,EN,Towers with Radar,417,54,31,0,502,0,0,20,0,20,417,54,51,0,522,0,0,0,522
05/16/2021,BWI,MD,AEA,EN,Towers with Radar,472,54,25,2,553,0,0,3,0,3,472,54,28,2,556,0,0,0,556
05/17/2021,BWI,MD,AEA,EN,Towers with Radar,499,57,23,5,584,0,0,4,1,5,499,57,27,6,589,0,0,0,589
05/18/2021,BWI,MD,AEA,EN,Towers with Radar,465,65,31,4,565,0,2,9,4,15,465,67,40,8,580,0,0,0,580
05/19/2021,BWI,MD,AEA,EN,Towers with Radar,456,62,21,0,539,0,3,9,1,13,456,65,30,1,552,0,0,0,552
05/20/2021,BWI,MD,AEA,EN,Towers with Radar,493,55,36,3,587,0,0,11,5,16,493,55,47,8,603,0,0,0,603
05/21/2021,BWI,MD,AEA,EN,Towers with Radar,497,59,27,2,585,0,4,6,0,10,497,63,33,2,595,0,0,0,595
05/22/2021,BWI,MD,AEA,EN,Towers with Radar,433,33,28,4,498,0,0,6,0,6,433,33,34,4,504,0,0,0,504
05/23/2021,BWI,MD,AEA,EN,Towers with Radar,487,52,23,0,562,0,1,8,0,9,487,53,31,0,571,0,0,0,571
05/24/2021,BWI,MD,AEA,EN,Towers with Radar,502,57,12,5,576,0,1,0,0,1,502,58,12,5,577,0,0,0,577
05/25/2021,BWI,MD,AEA,EN,Towers with Radar,470,61,30,6,567,0,0,6,0,6,470,61,36,6,573,0,0,0,573
05/26/2021,BWI,MD,AEA,EN,Towers with Radar,442,65,41,2,550,0,1,6,3,10,442,66,47,5,560,0,0,0,560
05/27/2021,BWI,MD,AEA,EN,Towers with Radar,521,79,48,1,649,0,1,9,3,13,521,80,57,4,662,0,0,0,662
05/28/2021,BWI,MD,AEA,EN,Towers with Radar,499,79,20,1,599,0,0,2,0,2,499,79,22,1,601,0,0,0,601
05/29/2021,BWI,MD,AEA,EN,Towers with Radar,432,32,13,2,479,0,0,0,0,0,432,32,13,2,479,0,0,0,479
05/30/2021,BWI,MD,AEA,EN,Towers with Radar,469,51,16,0,536,0,1,0,0,1,469,52,16,0,537,0,0,0,537
05/31/2021,BWI,MD,AEA,EN,Towers with Radar,487,51,30,0,568,0,2,3,1,6,487,53,33,1,574,0,0,0,574
06/01/2021,BWI,MD,AEA,EN,Towers with Radar,476,71,24,3,574,0,1,10,2,13,476,72,34,5,587,0,0,0,587
06/02/2021,BWI,MD,AEA,EN,Towers with Radar,481,74,38,6,599,0,0,8,2,10,481,74,46,8,609,0,0,0,609
06/03/2021,BWI,MD,AEA,EN,Towers with Radar,518,76,22,3,619,0,0,0,1,1,518,76,22,4,620,0,0,0,620
06/04/2021,BWI,MD,AEA,EN,Towers with Radar,524,72,37,10,643,0,2,1,3,6,524,74,38,13,649,0,0,0,649
06/05/2021,BWI,MD,AEA,EN,Towers with Radar,450,43,24,4,521,0,3,5,0,8,450,46,29,4,529,0,0,0,529
06/06/2021,BWI,MD,AEA,EN,Towers with Radar,499,48,34,2,583,0,1,12,0,13,499,49,46,2,596,0,0,0,596
06/07/2021,BWI,MD,AEA,EN,Towers with Radar,476,54,24,11,565,0,1,10,7,18,476,55,34,18,583,0,0,0,583
06/08/2021,BWI,MD,AEA,EN,Towers with Radar,514,58,47,3,622,0,0,7,0,7,514,58,54,3,629,0,0,0,629
06/09/2021,BWI,MD,AEA,EN,Towers with Radar,449,68,33,5,555,0,2,5,0,7,449,70,38,5,562,0,0,0,562
06/10/2021,BWI,MD,AEA,EN,Towers with Radar,441,67,29,2,539,0,0,1,2,3,441,67,30,4,542,0,0,0,542
06/11/2021,BWI,MD,AEA,EN,Towers with Radar,512,90,23,2,627,0,0,0,0,0,512,90,23,2,627,0,0,0,627
06/12/2021,BWI,MD,AEA,EN,Towers with Radar,458,40,25,1,524,0,0,6,0,6,458,40,31,1,530,0,0,0,530
06/13/2021,BWI,MD,AEA,EN,Towers with Radar,472,51,20,3,546,0,3,5,2,10,472,54,25,5,556,0,0,0,556
06/14/2021,BWI,MD,AEA,EN,Towers with Radar,454,52,23,3,532,0,0,4,1,5,454,52,27,4,537,0,0,0,537
06/15/2021,BWI,MD,AEA,EN,Towers with Radar,448,76,19,2,545,0,0,11,0,11,448,76,30,2,556,0,0,0,556
06/16/2021,BWI,MD,AEA,EN,Towers with Radar,444,63,33,3,543,0,1,17,1,19,444,64,50,4,562,0,0,0,562
06/17/2021,BWI,MD,AEA,EN,Towers with Radar,500,75,35,1,611,0,1,16,1,18,500,76,51,2,629,0,0,0,629
06/18/2021,BWI,MD,AEA,EN,Towers with Radar,498,69,29,4,600,0,0,11,2,13,498,69,40,6,613,0,0,0,613
06/19/2021,BWI,MD,AEA,EN,Towers with Radar,460,47,18,0,525,0,1,9,0,10,460,48,27,0,535,0,0,0,535
06/20/2021,BWI,MD,AEA,EN,Towers with Radar,500,45,25,0,570,0,4,9,2,15,500,49,34,2,585,0,0,0,585
06/21/2021,BWI,MD,AEA,EN,Towers with Radar,421,55,31,2,509,0,1,2,0,3,421,56,33,2,512,0,0,0,512
06/22/2021,BWI,MD,AEA,EN,Towers with Radar,501,68,32,0,601,0,3,1,0,4,501,71,33,0,605,0,0,0,605
06/23/2021,BWI,MD,AEA,EN,Towers with Radar,486,68,33,3,590,0,2,18,3,23,486,70,51,6,613,0,0,0,613
06/24/2021,BWI,MD,AEA,EN,Towers with Radar,497,75,29,1,602,0,2,2,1,5,497,77,31,2,607,0,0,0,607
06/25/2021,BWI,MD,AEA,EN,Towers with Radar,503,89,35,1,628,0,0,5,1,6,503,89,40,2,634,0,0,0,634
06/26/2021,BWI,MD,AEA,EN,Towers with Radar,443,57,32,3,535,0,1,5,0,6,443,58,37,3,541,0,0,0,541
06/27/2021,BWI,MD,AEA,EN,Towers with Radar,491,59,33,3,586,0,0,4,0,4,491,59,37,3,590,0,0,0,590
06/28/2021,BWI,MD,AEA,EN,Towers with Radar,505,39,34,8,586,0,1,16,2,19,505,40,50,10,605,0,0,0,605
06/29/2021,BWI,MD,AEA,EN,Towers with Radar,483,64,42,0,589,0,4,9,0,13,483,68,51,0,602,0,0,0,602
06/30/2021,BWI,MD,AEA,EN,Towers with Radar,459,68,20,1,548,0,0,16,0,16,459,68,36,1,564,0,0,0,564
07/01/2021,BWI,MD,AEA,EN,Towers with Radar,439,58,19,2,518,0,0,7,2,9,439,58,26,4,527,0,0,0,527
07/02/2021,BWI,MD,AEA,EN,Towers with Radar,529,49,19,0,597,0,0,3,0,3,529,49,22,0,600,0,0,0,600
07/03/2021,BWI,MD,AEA,EN,Towers with Radar,468,30,21,0,519,0,1,3,0,4,468,31,24,0,523,0,0,0,523
07/04/2021,BWI,MD,AEA,EN,Towers with Radar,472,37,16,2,527,0,0,7,0,7,472,37,23,2,534,0,0,0,534
07/05/2021,BWI,MD,AEA,EN,Towers with Radar,481,24,12,1,518,0,0,5,0,5,481,24,17,1,523,0,0,0,523
07/06/2021,BWI,MD,AEA,EN,Towers with Radar,498,42,31,4,575,0,1,15,0,16,498,43,46,4,591,0,0,0,591
07/07/2021,BWI,MD,AEA,EN,Towers with Radar,482,49,27,5,563,0,2,11,3,16,482,51,38,8,579,0,0,0,579
07/08/2021,BWI,MD,AEA,EN,Towers with Radar,509,44,24,1,578,0,0,5,1,6,509,44,29,2,584,0,0,0,584
07/09/2021,BWI,MD,AEA,EN,Towers with Radar,516,50,35,1,602,0,0,7,0,7,516,50,42,1,609,0,0,0,609
07/10/2021,BWI,MD,AEA,EN,Towers with Radar,478,31,26,0,535,0,1,11,0,12,478,32,37,0,547,0,0,0,547
07/11/2021,BWI,MD,AEA,EN,Towers with Radar,505,44,35,2,586,0,4,3,0,7,505,48,38,2,593,0,0,0,593
07/12/2021,BWI,MD,AEA,EN,Towers with Radar,532,51,27,1,611,0,0,4,0,4,532,51,31,1,615,0,0,0,615
07/13/2021,BWI,MD,AEA,EN,Towers with Radar,514,41,33,0,588,0,2,7,0,9,514,43,40,0,597,0,0,0,597
07/14/2021,BWI,MD,AEA,EN,Towers with Radar,505,56,28,1,590,0,3,15,1,19,505,59,43,2,609,0,0,0,609
07/15/2021,BWI,MD,AEA,EN,Towers with Radar,525,68,50,0,643,0,1,21,1,23,525,69,71,1,666,0,0,0,666
07/16/2021,BWI,MD,AEA,EN,Towers with Radar,532,56,28,4,620,0,2,12,0,14,532,58,40,4,634,0,0,0,634
07/17/2021,BWI,MD,AEA,EN,Towers with Radar,423,43,17,0,483,0,1,3,0,4,423,44,20,0,487,0,0,0,487
07/18/2021,BWI,MD,AEA,EN,Towers with Radar,514,41,41,0,596,0,7,5,0,12,514,48,46,0,608,0,0,0,608
07/19/2021,BWI,MD,AEA,EN,Towers with Radar,508,56,47,6,617,0,4,3,0,7,508,60,50,6,624,0,0,0,624
07/20/2021,BWI,MD,AEA,EN,Towers with Radar,511,49,31,0,591,0,1,13,0,14,511,50,44,0,605,0,0,0,605
07/21/2021,BWI,MD,AEA,EN,Towers with Radar,517,51,41,2,611,0,2,6,0,8,517,53,47,2,619,0,0,0,619
07/22/2021,BWI,MD,AEA,EN,Towers with Radar,528,68,38,0,634,0,1,11,0,12,528,69,49,0,646,0,0,0,646
07/23/2021,BWI,MD,AEA,EN,Towers with Radar,525,49,15,3,592,0,2,15,0,17,525,51,30,3,609,0,0,0,609
07/24/2021,BWI,MD,AEA,EN,Towers with Radar,476,26,20,0,522,0,1,8,0,9,476,27,28,0,531,0,0,0,531
07/25/2021,BWI,MD,AEA,EN,Towers with Radar,518,29,33,0,580,0,0,4,0,4,518,29,37,0,584,0,0,0,584
07/26/2021,BWI,MD,AEA,EN,Towers with Radar,524,40,30,4,598,0,1,4,1,6,524,41,34,5,604,0,0,0,604
07/27/2021,BWI,MD,AEA,EN,Towers with Radar,499,57,35,5,596,0,1,12,2,15,499,58,47,7,611,0,0,0,611
07/28/2021,BWI,MD,AEA,EN,Towers with Radar,518,50,23,5,596,0,1,8,1,10,518,51,31,6,606,0,0,0,606
07/29/2021,BWI,MD,AEA,EN,Towers with Radar,534,56,32,3,625,0,0,4,1,5,534,56,36,4,630,0,0,0,630
07/30/2021,BWI,MD,AEA,EN,Towers with Radar,526,51,37,4,618,0,1,1,1,3,526,52,38,5,621,0,0,0,621
07/31/2021,BWI,MD,AEA,EN,Towers with Radar,471,29,28,1,529,0,0,3,0,3,471,29,31,1,532,0,0,0,532
08/01/2021,BWI,MD,AEA,EN,Towers with Radar,494,39,28,0,561,0,0,0,0,0,494,39,28,0,561,0,0,0,561
08/02/2021,BWI,MD,AEA,EN,Towers with Radar,490,57,20,3,570,0,5,5,3,13,490,62,25,6,583,0,0,0,583
08/03/2021,BWI,MD,AEA,EN,Towers with Radar,481,59,23,4,567,0,3,7,1,11,481,62,30,5,578,0,0,0,578
08/04/2021,BWI,MD,AEA,EN,Towers with Radar,484,63,33,1,581,0,1,4,0,5,484,64,37,1,586,0,0,0,586
08/05/2021,BWI,MD,AEA,EN,Towers with Radar,506,61,50,3,620,0,4,14,1,19,506,65,64,4,639,0,0,0,639
08/06/2021,BWI,MD,AEA,EN,Towers with Radar,502,49,37,3,591,0,4,4,1,9,502,53,41,4,600,0,0,0,600
08/07/2021,BWI,MD,AEA,EN,Towers with Radar,457,24,33,2,516,0,1,3,0,4,457,25,36,2,520,0,0,0,520
08/08/2021,BWI,MD,AEA,EN,Towers with Radar,509,35,36,0,580,0,2,4,0,6,509,37,40,0,586,0,0,0,586
08/09/2021,BWI,MD,AEA,EN,Towers with Radar,537,47,20,6,610,0,0,3,0,3,537,47,23,6,613,0,0,0,613
08/10/2021,BWI,MD,AEA,EN,Towers with Radar,520,50,27,1,598,0,0,7,0,7,520,50,34,1,605,0,0,0,605
08/11/2021,BWI,MD,AEA,EN,Towers with Radar,458,52,34,2,546,0,0,14,1,15,458,52,48,3,561,0,0,0,561
08/12/2021,BWI,MD,AEA,EN,Towers with Radar,546,63,45,5,659,0,0,8,2,10,546,63,53,7,669,0,0,0,669
08/13/2021,BWI,MD,AEA,EN,Towers with Radar,475,41,31,3,550,0,0,7,1,8,475,41,38,4,558,0,0,0,558
08/14/2021,BWI,MD,AEA,EN,Towers with Radar,449,39,14,0,502,0,4,3,1,8,449,43,17,1,510,0,0,0,510
08/15/2021,BWI,MD,AEA,EN,Towers with Radar,512,38,16,0,566,0,4,12,0,16,512,42,28,0,582,0,0,0,582
08/16/2021,BWI,MD,AEA,EN,Towers with Radar,522,49,26,8,605,0,1,5,0,6,522,50,31,8,611,0,0,0,611
08/17/2021,BWI,MD,AEA,EN,Towers with Radar,497,49,21,2,569,0,0,0,0,0,497,49,21,2,569,0,0,0,569
08/18/2021,BWI,MD,AEA,EN,Towers with Radar,489,44,33,1,567,0,1,1,0,2,489,45,34,1,569,0,0,0,569
08/19/2021,BWI,MD,AEA,EN,Towers with Radar,529,56,36,8,629,0,0,9,0,9,529,56,45,8,638,0,0,0,638
08/20/2021,BWI,MD,AEA,EN,Towers with Radar,498,48,22,0,568,0,1,0,0,1,498,49,22,0,569,0,0,0,569
08/21/2021,BWI,MD,AEA,EN,Towers with Radar,484,48,28,2,562,0,1,5,0,6,484,49,33,2,568,0,0,0,568
08/22/2021,BWI,MD,AEA,EN,Towers with Radar,504,29,20,0,553,0,1,0,0,1,504,30,20,0,554,0,0,0,554
08/23/2021,BWI,MD,AEA,EN,Towers with Radar,525,43,26,0,594,0,2,7,0,9,525,45,33,0,603,0,0,0,603
08/24/2021,BWI,MD,AEA,EN,Towers with Radar,508,48,33,0,589,0,1,6,0,7,508,49,39,0,596,0,0,0,596
08/25/2021,BWI,MD,AEA,EN,Towers with Radar,506,54,37,3,600,0,0,8,3,11,506,54,45,6,611,0,0,0,611
08/26/2021,BWI,MD,AEA,EN,Towers with Radar,486,64,33,1,584,0,2,12,1,15,486,66,45,2,599,0,0,0,599
08/27/2021,BWI,MD,AEA,EN,Towers with Radar,527,48,32,0,607,0,1,6,0,7,527,49,38,0,614,0,0,0,614
08/28/2021,BWI,MD,AEA,EN,Towers with Radar,519,37,29,2,587,0,0,21,0,21,519,37,50,2,608,0,0,0,608
08/29/2021,BWI,MD,AEA,EN,Towers with Radar,522,61,33,3,619,0,0,5,0,5,522,61,38,3,624,0,0,0,624
08/30/2021,BWI,MD,AEA,EN,Towers with Radar,477,36,36,2,551,0,0,2,0,2,477,36,38,2,553,0,0,0,553
08/31/2021,BWI,MD,AEA,EN,Towers with Radar,504,38,25,6,573,0,2,11,1,14,504,40,36,7,587,0,0,0,587
09/01/2021,BWI,MD,AEA,EN,Towers with Radar,465,30,22,2,519,0,0,4,0,4,465,30,26,2,523,0,0,0,523
09/02/2021,BWI,MD,AEA,EN,Towers with Radar,552,53,42,2,649,0,4,11,0,15,552,57,53,2,664,0,0,0,664
09/03/2021,BWI,MD,AEA,EN,Towers with Radar,547,59,42,0,648,0,3,10,0,13,547,62,52,0,661,0,0,0,661
09/04/2021,BWI,MD,AEA,EN,Towers with Radar,497,30,30,2,559,0,4,8,0,12,497,34,38,2,571,0,0,0,571
09/05/2021,BWI,MD,AEA,EN,Towers with Radar,510,34,19,0,563,0,3,3,0,6,510,37,22,0,569,0,0,0,569
09/06/2021,BWI,MD,AEA,EN,Towers with Radar,515,21,22,1,559,0,2,12,0,14,515,23,34,1,573,0,0,0,573
09/07/2021,BWI,MD,AEA,EN,Towers with Radar,472,33,28,2,535,0,2,5,0,7,472,35,33,2,542,0,0,0,542
09/08/2021,BWI,MD,AEA,EN,Towers with Radar,467,34,24,3,528,0,0,10,0,10,467,34,34,3,538,0,0,0,538
09/09/2021,BWI,MD,AEA,EN,Towers with Radar,535,64,38,3,640,0,6,18,0,24,535,70,56,3,664,0,0,0,664
09/10/2021,BWI,MD,AEA,EN,Towers with Radar,537,51,29,4,621,0,2,8,2,12,537,53,37,6,633,0,0,0,633
09/11/2021,BWI,MD,AEA,EN,Towers with Radar,484,43,27,2,556,0,2,12,2,16,484,45,39,4,572,0,0,0,572
09/12/2021,BWI,MD,AEA,EN,Towers with Radar,522,50,34,1,607,0,1,11,2,14,522,51,45,3,621,0,0,0,621
09/13/2021,BWI,MD,AEA,EN,Towers with Radar,513,31,27,6,577,0,2,14,2,18,513,33,41,8,595,0,0,0,595
09/14/2021,BWI,MD,AEA,EN,Towers with Radar,465,41,21,0,527,0,0,7,1,8,465,41,28,1,535,0,0,0,535
09/15/2021,BWI,MD,AEA,EN,Towers with Radar,473,63,32,0,568,0,0,8,2,10,473,63,40,2,578,0,0,0,578
09/16/2021,BWI,MD,AEA,EN,Towers with Radar,523,62,32,4,621,0,0,1,5,6,523,62,33,9,627,0,0,0,627
09/17/2021,BWI,MD,AEA,EN,Towers with Radar,546,56,37,0,639,0,1,7,4,12,546,57,44,4,651,0,0,0,651
09/18/2021,BWI,MD,AEA,EN,Towers with Radar,463,33,31,1,528,0,2,9,0,11,463,35,40,1,539,0,0,0,539
09/19/2021,BWI,MD,AEA,EN,Towers with Radar,520,47,41,1,609,0,0,9,0,9,520,47,50,1,618,0,0,0,618
09/20/2021,BWI,MD,AEA,EN,Towers with Radar,524,60,41,9,634,0,1,16,0,17,524,61,57,9,651,0,0,0,651
09/21/2021,BWI,MD,AEA,EN,Towers with Radar,473,60,26,5,564,0,3,10,2,15,473,63,36,7,579,0,0,0,579
09/22/2021,BWI,MD,AEA,EN,Towers with Radar,470,61,35,1,567,0,1,1,0,2,470,62,36,1,569,0,0,0,569
09/23/2021,BWI,MD,AEA,EN,Towers with Radar,511,67,52,0,630,0,1,3,0,4,511,68,55,0,634,0,0,0,634
09/24/2021,BWI,MD,AEA,EN,Towers with Radar,535,58,53,1,647,0,1,24,0,25,535,59,77,1,672,0,0,0,672
09/25/2021,BWI,MD,AEA,EN,Towers with Radar,470,38,16,0,524,0,2,10,0,12,470,40,26,0,536,0,0,0,536
09/26/2021,BWI,MD,AEA,EN,Towers with Radar,523,41,39,7,610,0,1,14,0,15,523,42,53,7,625,0,0,0,625
09/27/2021,BWI,MD,AEA,EN,Towers with Radar,523,37,28,6,594,0,2,26,2,30,523,39,54,8,624,0,0,0,624
09/28/2021,BWI,MD,AEA,EN,Towers with Radar,405,41,39,7,492,0,0,4,2,6,405,41,43,9,498,0,0,0,498
09/29/2021,BWI,MD,AEA,EN,Towers with Radar,469,69,43,2,583,0,1,4,0,5,469,70,47,2,588,0,0,0,588
09/30/2021,BWI,MD,AEA,EN,Towers with Radar,531,55,37,8,631,0,2,10,4,16,531,57,47,12,647,0,0,0,647
10/01/2021,BWI,MD,AEA,EN,Towers with Radar,524,62,56,3,645,0,1,16,2,19,524,63,72,5,664,0,0,0,664
10/02/2021,BWI,MD,AEA,EN,Towers with Radar,467,56,27,0,550,0,1,9,0,10,467,57,36,0,560,0,0,0,560
10/03/2021,BWI,MD,AEA,EN,Towers with Radar,517,47,43,0,607,0,0,5,0,5,517,47,48,0,612,0,0,0,612
10/04/2021,BWI,MD,AEA,EN,Towers with Radar,531,55,30,4,620,0,1,5,0,6,531,56,35,4,626,0,0,0,626
10/05/2021,BWI,MD,AEA,EN,Towers with Radar,470,66,56,0,592,0,0,4,0,4,470,66,60,0,596,0,0,0,596
10/06/2021,BWI,MD,AEA,EN,Towers with Radar,467,68,44,3,582,0,0,4,0,4,467,68,48,3,586,0,0,0,586
10/07/2021,BWI,MD,AEA,EN,Towers with Radar,544,75,47,1,667,0,1,15,1,17,544,76,62,2,684,0,0,0,684
10/08/2021,BWI,MD,AEA,EN,Towers with Radar,521,82,43,3,649,0,1,10,1,12,521,83,53,4,661,0,0,0,661
10/09/2021,BWI,MD,AEA,EN,Towers with Radar,404,46,26,1,477,0,0,3,0,3,404,46,29,1,480,0,0,0,480
10/10/2021,BWI,MD,AEA,EN,Towers with Radar,418,76,39,1,534,0,0,6,0,6,418,76,45,1,540,0,0,0,540
10/11/2021,BWI,MD,AEA,EN,Towers with Radar,491,65,30,1,587,0,0,10,0,10,491,65,40,1,597,0,0,0,597
10/12/2021,BWI,MD,AEA,EN,Towers with Radar,494,62,29,8,593,0,2,5,2,9,494,64,34,10,602,0,0,0,602
10/13/2021,BWI,MD,AEA,EN,Towers with Radar,492,52,24,6,574,0,0,2,0,2,492,52,26,6,576,0,0,0,576
10/14/2021,BWI,MD,AEA,EN,Towers with Radar,544,63,40,3,650,0,0,28,3,31,544,63,68,6,681,0,0,0,681
10/15/2021,BWI,MD,AEA,EN,Towers with Radar,555,58,37,4,654,0,8,21,3,32,555,66,58,7,686,0,0,0,686
10/16/2021,BWI,MD,AEA,EN,Towers with Radar,503,57,14,0,574,0,0,7,0,7,503,57,21,0,581,0,0,0,581
10/17/2021,BWI,MD,AEA,EN,Towers with Radar,523,51,57,2,633,0,2,7,2,11,523,53,64,4,644,0,0,0,644
10/18/2021,BWI,MD,AEA,EN,Towers with Radar,535,48,36,1,620,0,3,10,0,13,535,51,46,1,633,0,0,0,633
10/19/2021,BWI,MD,AEA,EN,Towers with Radar,488,53,30,3,574,0,4,19,3,26,488,57,49,6,600,0,0,0,600
10/20/2021,BWI,MD,AEA,EN,Towers with Radar,497,55,49,2,603,0,0,33,0,33,497,55,82,2,636,0,0,0,636
10/21/2021,BWI,MD,AEA,EN,Towers with Radar,542,61,32,2,637,0,1,29,2,32,542,62,61,4,669,0,0,0,669
10/22/2021,BWI,MD,AEA,EN,Towers with Radar,546,63,39,3,651,0,1,16,3,20,546,64,55,6,671,0,0,0,671
10/23/2021,BWI,MD,AEA,EN,Towers with Radar,476,49,20,0,545,0,1,9,0,10,476,50,29,0,555,0,0,0,555
10/24/2021,BWI,MD,AEA,EN,Towers with Radar,514,53,51,2,620,0,0,20,0,20,514,53,71,2,640,0,0,0,640
10/25/2021,BWI,MD,AEA,EN,Towers with Radar,533,38,39,3,613,0,0,9,3,12,533,38,48,6,625,0,0,0,625
10/26/2021,BWI,MD,AEA,EN,Towers with Radar,503,51,28,7,589,0,0,0,1,1,503,51,28,8,590,0,0,0,590
10/27/2021,BWI,MD,AEA,EN,Towers with Radar,486,58,21,5,570,0,1,8,3,12,486,59,29,8,582,0,0,0,582
10/28/2021,BWI,MD,AEA,EN,Towers with Radar,529,66,28,6,629,0,1,24,2,27,529,67,52,8,656,0,0,0,656
10/29/2021,BWI,MD,AEA,EN,Towers with Radar,537,58,33,4,632,0,0,0,0,0,537,58,33,4,632,0,0,0,632
10/30/2021,BWI,MD,AEA,EN,Towers with Radar,456,32,15,2,505,0,1,3,0,4,456,33,18,2,509,0,0,0,509
10/31/2021,BWI,MD,AEA,EN,Towers with Radar,472,44,30,0,546,0,0,2,0,2,472,44,32,0,548,0,0,0,548
11/01/2021,BWI,MD,AEA,EN,Towers with Radar,511,48,30,5,594,0,2,7,0,9,511,50,37,5,603,0,0,0,603
11/02/2021,BWI,MD,AEA,EN,Towers with Radar,501,70,26,5,602,0,0,16,0,16,501,70,42,5,618,0,0,0,618
11/03/2021,BWI,MD,AEA,EN,Towers with Radar,500,57,45,2,604,0,0,9,3,12,500,57,54,5,616,0,0,0,616
11/04/2021,BWI,MD,AEA,EN,Towers with Radar,549,65,28,9,651,0,0,38,1,39,549,65,66,10,690,0,0,0,690
11/05/2021,BWI,MD,AEA,EN,Towers with Radar,556,60,43,1,660,0,6,13,1,20,556,66,56,2,680,0,0,0,680
11/06/2021,BWI,MD,AEA,EN,Towers with Radar,504,42,17,1,564,0,1,15,0,16,504,43,32,1,580,0,0,0,580
11/07/2021,BWI,MD,AEA,EN,Towers with Radar,481,48,51,1,581,0,2,21,0,23,481,50,72,1,604,0,0,0,604
11/08/2021,BWI,MD,AEA,EN,Towers with Radar,511,52,29,9,601,0,1,19,0,20,511,53,48,9,621,0,0,0,621
11/09/2021,BWI,MD,AEA,EN,Towers with Radar,470,57,26,1,554,0,2,32,1,35,470,59,58,2,589,0,0,0,589
11/10/2021,BWI,MD,AEA,EN,Towers with Radar,465,55,32,1,553,0,0,16,2,18,465,55,48,3,571,0,0,0,571
11/11/2021,BWI,MD,AEA,EN,Towers with Radar,522,53,54,1,630,0,0,13,1,14,522,53,67,2,644,0,0,0,644
11/12/2021,BWI,MD,AEA,EN,Towers with Radar,524,52,24,3,603,0,4,7,0,11,524,56,31,3,614,0,0,0,614
11/13/2021,BWI,MD,AEA,EN,Towers with Radar,461,43,29,0,533,0,0,5,0,5,461,43,34,0,538,0,0,0,538
11/14/2021,BWI,MD,AEA,EN,Towers with Radar,493,56,39,0,588,0,1,12,1,14,493,57,51,1,602,0,0,0,602
11/15/2021,BWI,MD,AEA,EN,Towers with Radar,512,41,20,3,576,0,2,2,0,4,512,43,22,3,580,0,0,0,580
11/16/2021,BWI,MD,AEA,EN,Towers with Radar,467,67,36,1,571,0,0,7,0,7,467,67,43,1,578,0,0,0,578
11/17/2021,BWI,MD,AEA,EN,Towers with Radar,484,70,39,2,595,0,0,10,2,12,484,70,49,4,607,0,0,0,607
11/18/2021,BWI,MD,AEA,EN,Towers with Radar,538,69,34,4,645,0,4,4,1,9,538,73,38,5,654,0,0,0,654
11/19/2021,BWI,MD,AEA,EN,Towers with Radar,541,66,38,4,649,0,0,6,0,6,541,66,44,4,655,0,0,0,655
11/20/2021,BWI,MD,AEA,EN,Towers with Radar,518,41,32,0,591,0,3,8,0,11,518,44,40,0,602,0,0,0,602
11/21/2021,BWI,MD,AEA,EN,Towers with Radar,490,34,38,0,562,0,1,5,0,6,490,35,43,0,568,0,0,0,568
11/22/2021,BWI,MD,AEA,EN,Towers with Radar,533,44,19,7,603,0,0,2,2,4,533,44,21,9,607,0,0,0,607
11/23/2021,BWI,MD,AEA,EN,Towers with Radar,545,50,37,3,635,0,3,5,1,9,545,53,42,4,644,0,0,0,644
11/24/2021,BWI,MD,AEA,EN,Towers with Radar,571,62,24,5,662,0,0,6,1,7,571,62,30,6,669,0,0,0,669
11/25/2021,BWI,MD,AEA,EN,Towers with Radar,422,15,4,0,441,0,2,0,0,2,422,17,4,0,443,0,0,0,443
11/26/2021,BWI,MD,AEA,EN,Towers with Radar,454,47,11,1,513,0,0,0,0,0,454,47,11,1,513,0,0,0,513
11/27/2021,BWI,MD,AEA,EN,Towers with Radar,520,48,19,0,587,0,0,7,2,9,520,48,26,2,596,0,0,0,596
11/28/2021,BWI,MD,AEA,EN,Towers with Radar,564,54,36,0,654,0,1,2,0,3,564,55,38,0,657,0,0,0,657
11/29/2021,BWI,MD,AEA,EN,Towers with Radar,556,64,43,3,666,0,0,12,0,12,556,64,55,3,678,0,0,0,678
11/30/2021,BWI,MD,AEA,EN,Towers with Radar,543,58,41,4,646,0,1,4,2,7,543,59,45,6,653,0,0,0,653
12/01/2021,BWI,MD,AEA,EN,Towers with Radar,473,62,28,2,565,0,2,18,2,22,473,64,46,4,587,0,0,0,587
12/02/2021,BWI,MD,AEA,EN,Towers with Radar,494,55,32,3,584,0,0,7,1,8,494,55,39,4,592,0,0,0,592
12/03/2021,BWI,MD,AEA,EN,Towers with Radar,500,56,28,5,589,0,0,16,2,18,500,56,44,7,607,0,0,0,607
12/04/2021,BWI,MD,AEA,EN,Towers with Radar,462,32,16,0,510,0,1,12,2,15,462,33,28,2,525,0,0,0,525
12/05/2021,BWI,MD,AEA,EN,Towers with Radar,494,37,27,3,561,0,0,22,0,22,494,37,49,3,583,0,0,0,583
12/06/2021,BWI,MD,AEA,EN,Towers with Radar,489,36,45,6,576,0,1,3,2,6,489,37,48,8,582,0,0,0,582
12/07/2021,BWI,MD,AEA,EN,Towers with Radar,464,62,50,0,576,0,3,20,0,23,464,65,70,0,599,0,0,0,599
12/08/2021,BWI,MD,AEA,EN,Towers with Radar,470,65,31,0,566,0,1,20,2,23,470,66,51,2,589,0,0,0,589
12/09/2021,BWI,MD,AEA,EN,Towers with Radar,496,56,32,1,585,0,1,12,2,15,496,57,44,3,600,0,0,0,600
12/10/2021,BWI,MD,AEA,EN,Towers with Radar,492,50,32,0,574,0,2,5,0,7,492,52,37,0,581,0,0,0,581
12/11/2021,BWI,MD,AEA,EN,Towers with Radar,473,34,18,0,525,0,1,2,0,3,473,35,20,0,528,0,0,0,528
12/12/2021,BWI,MD,AEA,EN,Towers with Radar,504,33,46,1,584,0,2,10,0,12,504,35,56,1,596,0,0,0,596
12/13/2021,BWI,MD,AEA,EN,Towers with Radar,484,43,43,4,574,0,0,10,1,11,484,43,53,5,585,0,0,0,585
12/14/2021,BWI,MD,AEA,EN,Towers with Radar,466,43,36,4,549,0,2,9,4,15,466,45,45,8,564,0,0,0,564
12/15/2021,BWI,MD,AEA,EN,Towers with Radar,469,41,46,4,560,0,1,8,3,12,469,42,54,7,572,0,0,0,572
12/16/2021,BWI,MD,AEA,EN,Towers with Radar,527,59,42,2,630,0,1,14,2,17,527,60,56,4,647,0,0,0,647
12/17/2021,BWI,MD,AEA,EN,Towers with Radar,537,62,26,2,627,0,1,8,2,11,537,63,34,4,638,0,0,0,638
12/18/2021,BWI,MD,AEA,EN,Towers with Radar,502,39,31,1,573,0,0,2,0,2,502,39,33,1,575,0,0,0,575
12/19/2021,BWI,MD,AEA,EN,Towers with Radar,497,38,14,0,549,0,0,1,0,1,497,38,15,0,550,0,0,0,550
12/20/2021,BWI,MD,AEA,EN,Towers with Radar,518,41,28,1,588,0,1,4,1,6,518,42,32,2,594,0,0,0,594
12/21/2021,BWI,MD,AEA,EN,Towers with Radar,523,41,28,3,595,0,1,2,1,4,523,42,30,4,599,0,0,0,599
12/22/2021,BWI,MD,AEA,EN,Towers with Radar,536,53,20,2,611,0,0,5,2,7,536,53,25,4,618,0,0,0,618
12/23/2021,BWI,MD,AEA,EN,Towers with Radar,538,46,21,0,605,0,1,13,0,14,538,47,34,0,619,0,0,0,619
12/24/2021,BWI,MD,AEA,EN,Towers with Radar,432,29,15,0,476,0,3,3,0,6,432,32,18,0,482,0,0,0,482
12/25/2021,BWI,MD,AEA,EN,Towers with Radar,396,24,11,0,431,0,0,0,0,0,396,24,11,0,431,0,0,0,431
12/26/2021,BWI,MD,AEA,EN,Towers with Radar,482,29,36,0,547,0,2,5,0,7,482,31,41,0,554,0,0,0,554
12/27/2021,BWI,MD,AEA,EN,Towers with Radar,506,48,22,1,577,0,1,0,0,1,506,49,22,1,578,0,0,0,578
12/28/2021,BWI,MD,AEA,EN,Towers with Radar,515,47,25,1,588,0,1,5,0,6,515,48,30,1,594,0,0,0,594
12/29/2021,BWI,MD,AEA,EN,Towers with Radar,535,43,17,0,595,0,0,0,0,0,535,43,17,0,595,0,0,0,595
12/30/2021,BWI,MD,AEA,EN,Towers with Radar,517,44,28,2,591,0,0,0,0,0,517,44,28,2,591,0,0,0,591
12/31/2021,BWI,MD,AEA,EN,Towers with Radar,436,25,32,0,493,0,1,0,0,1,436,26,32,0,494,0,0,0,494
01/01/2022,BWI,MD,AEA,EN,Towers with Radar,406,15,9,2,432,0,0,0,0,0,406,15,9,2,432,0,0,0,432
01/02/2022,BWI,MD,AEA,EN,Towers with Radar,483,34,38,1,556,0,1,1,0,2,483,35,39,1,558,0,0,0,558
01/03/2022,BWI,MD,AEA,EN,Towers with Radar,217,38,20,1,276,0,0,2,0,2,217,38,22,1,278,0,0,0,278
01/04/2022,BWI,MD,AEA,EN,Towers with Radar,379,43,26,0,448,0,0,5,0,5,379,43,31,0,453,0,0,0,453
01/05/2022,BWI,MD,AEA,EN,Towers with Radar,396,46,14,0,456,0,0,1,0,1,396,46,15,0,457,0,0,0,457
01/06/2022,BWI,MD,AEA,EN,Towers with Radar,398,56,29,4,487,0,0,4,3,7,398,56,33,7,494,0,0,0,494
01/07/2022,BWI,MD,AEA,EN,Towers with Radar,385,31,27,0,443,0,0,0,2,2,385,31,27,2,445,0,0,0,445
01/08/2022,BWI,MD,AEA,EN,Towers with Radar,422,28,12,1,463,0,2,10,0,12,422,30,22,1,475,0,0,0,475
01/09/2022,BWI,MD,AEA,EN,Towers with Radar,449,31,24,0,504,0,0,1,0,1,449,31,25,0,505,0,0,0,505
01/10/2022,BWI,MD,AEA,EN,Towers with Radar,458,36,25,2,521,0,0,0,0,0,458,36,25,2,521,0,0,0,521
01/11/2022,BWI,MD,AEA,EN,Towers with Radar,442,36,19,4,501,0,0,14,0,14,442,36,33,4,515,0,0,0,515
01/12/2022,BWI,MD,AEA,EN,Towers with Radar,453,37,22,3,515,0,1,15,1,17,453,38,37,4,532,0,0,0,532
01/13/2022,BWI,MD,AEA,EN,Towers with Radar,469,47,44,4,564,0,2,12,3,17,469,49,56,7,581,0,0,0,581
01/14/2022,BWI,MD,AEA,EN,Towers with Radar,513,41,12,2,568,0,1,3,0,4,513,42,15,2,572,0,0,0,572
01/15/2022,BWI,MD,AEA,EN,Towers with Radar,444,35,17,4,500,0,0,5,0,5,444,35,22,4,505,0,0,0,505
01/16/2022,BWI,MD,AEA,EN,Towers with Radar,335,20,6,0,361,0,1,0,0,1,335,21,6,0,362,0,0,0,362
01/17/2022,BWI,MD,AEA,EN,Towers with Radar,434,33,17,1,485,0,0,0,0,0,434,33,17,1,485,0,0,0,485
01/18/2022,BWI,MD,AEA,EN,Towers with Radar,458,36,16,2,512,0,1,2,0,3,458,37,18,2,515,0,0,0,515
01/19/2022,BWI,MD,AEA,EN,Towers with Radar,466,52,18,1,537,0,1,8,1,10,466,53,26,2,547,0,0,0,547
01/20/2022,BWI,MD,AEA,EN,Towers with Radar,467,51,12,2,532,0,1,2,3,6,467,52,14,5,538,0,0,0,538
01/21/2022,BWI,MD,AEA,EN,Towers with Radar,499,42,18,0,559,0,0,12,0,12,499,42,30,0,571,0,0,0,571
01/22/2022,BWI,MD,AEA,EN,Towers with Radar,439,20,16,0,475,0,2,9,0,11,439,22,25,0,486,0,0,0,486
01/23/2022,BWI,MD,AEA,EN,Towers with Radar,472,28,24,0,524,0,1,5,0,6,472,29,29,0,530,0,0,0,530
01/24/2022,BWI,MD,AEA,EN,Towers with Radar,484,41,24,1,550,0,1,5,0,6,484,42,29,1,556,0,0,0,556
01/25/2022,BWI,MD,AEA,EN,Towers with Radar,456,53,26,0,535,0,0,8,0,8,456,53,34,0,543,0,0,0,543
01/26/2022,BWI,MD,AEA,EN,Towers with Radar,468,59,20,2,549,0,1,7,0,8,468,60,27,2,557,0,0,0,557
01/27/2022,BWI,MD,AEA,EN,Towers with Radar,498,55,31,2,586,0,0,7,1,8,498,55,38,3,594,0,0,0,594
01/28/2022,BWI,MD,AEA,EN,Towers with Radar,454,53,20,1,528,0,0,2,0,2,454,53,22,1,530,0,0,0,530
01/29/2022,BWI,MD,AEA,EN,Towers with Radar,348,19,4,0,371,0,1,1,0,2,348,20,5,0,373,0,0,0,373
01/30/2022,BWI,MD,AEA,EN,Towers with Radar,440,36,23,0,499,0,1,5,0,6,440,37,28,0,505,0,0,0,505
01/31/2022,BWI,MD,AEA,EN,Towers with Radar,479,42,20,3,544,0,2,7,1,10,479,44,27,4,554,0,0,0,554
02/01/2022,BWI,MD,AEA,EN,Towers with Radar,456,43,18,1,518,1,2,4,2,9,457,45,22,3,527,0,0,0,527
02/02/2022,BWI,MD,AEA,EN,Towers with Radar,425,39,23,0,487,0,0,4,2,6,425,39,27,2,493,0,0,0,493
02/03/2022,BWI,MD,AEA,EN,Towers with Radar,412,35,20,1,468,0,1,0,0,1,412,36,20,1,469,0,0,0,469
02/04/2022,BWI,MD,AEA,EN,Towers with Radar,427,36,20,3,486,0,0,0,0,0,427,36,20,3,486,0,0,0,486
02/05/2022,BWI,MD,AEA,EN,Towers with Radar,428,32,16,1,477,0,2,2,1,5,428,34,18,2,482,0,0,0,482
02/06/2022,BWI,MD,AEA,EN,Towers with Radar,479,39,22,0,540,0,0,8,1,9,479,39,30,1,549,0,0,0,549
02/07/2022,BWI,MD,AEA,EN,Towers with Radar,485,32,27,6,550,0,0,0,0,0,485,32,27,6,550,0,0,0,550
02/08/2022,BWI,MD,AEA,EN,Towers with Radar,469,56,34,8,567,0,2,14,3,19,469,58,48,11,586,0,0,0,586
02/09/2022,BWI,MD,AEA,EN,Towers with Radar,459,49,27,3,538,0,0,9,2,11,459,49,36,5,549,0,0,0,549
02/10/2022,BWI,MD,AEA,EN,Towers with Radar,500,51,23,2,576,0,3,4,1,8,500,54,27,3,584,0,0,0,584
02/11/2022,BWI,MD,AEA,EN,Towers with Radar,503,54,29,7,593,0,0,4,3,7,503,54,33,10,600,0,0,0,600
02/12/2022,BWI,MD,AEA,EN,Towers with Radar,446,22,11,3,482,0,6,13,0,19,446,28,24,3,501,0,0,0,501
02/13/2022,BWI,MD,AEA,EN,Towers with Radar,443,35,19,0,497,0,0,0,0,0,443,35,19,0,497,0,0,0,497
02/14/2022,BWI,MD,AEA,EN,Towers with Radar,502,33,25,1,561,0,2,3,0,5,502,35,28,1,566,0,0,0,566
02/15/2022,BWI,MD,AEA,EN,Towers with Radar,467,49,30,9,555,0,1,9,4,14,467,50,39,13,569,0,0,0,569
02/16/2022,BWI,MD,AEA,EN,Towers with Radar,466,47,32,4,549,0,0,3,4,7,466,47,35,8,556,0,0,0,556
02/17/2022,BWI,MD,AEA,EN,Towers with Radar,484,41,28,2,555,0,2,0,1,3,484,43,28,3,558,0,0,0,558
02/18/2022,BWI,MD,AEA,EN,Towers with Radar,515,56,33,1,605,0,1,4,1,6,515,57,37,2,611,0,0,0,611
02/19/2022,BWI,MD,AEA,EN,Towers with Radar,469,28,15,0,512,0,1,0,0,1,469,29,15,0,513,0,0,0,513
02/20/2022,BWI,MD,AEA,EN,Towers with Radar,499,27,21,0,547,0,4,7,0,11,499,31,28,0,558,0,0,0,558
02/21/2022,BWI,MD,AEA,EN,Towers with Radar,512,41,43,3,599,0,1,9,1,11,512,42,52,4,610,0,0,0,610
02/22/2022,BWI,MD,AEA,EN,Towers with Radar,488,52,10,0,550,0,0,0,1,1,488,52,10,1,551,0,0,0,551
02/23/2022,BWI,MD,AEA,EN,Towers with Radar,481,42,26,7,556,0,1,0,2,3,481,43,26,9,559,0,0,0,559
02/24/2022,BWI,MD,AEA,EN,Towers with Radar,486,52,31,2,571,0,0,3,0,3,486,52,34,2,574,0,0,0,574
02/25/2022,BWI,MD,AEA,EN,Towers with Radar,503,39,20,3,565,0,0,6,2,8,503,39,26,5,573,0,0,0,573
02/26/2022,BWI,MD,AEA,EN,Towers with Radar,470,36,27,0,533,0,0,15,0,15,470,36,42,0,548,0,0,0,548
02/27/2022,BWI,MD,AEA,EN,Towers with Radar,496,35,13,0,544,0,2,6,0,8,496,37,19,0,552,0,0,0,552
02/28/2022,BWI,MD,AEA,EN,Towers with Radar,509,45,31,3,588,0,1,12,0,13,509,46,43,3,601,0,0,0,601
03/01/2022,BWI,MD,AEA,EN,Towers with Radar,495,41,24,2,562,0,3,9,1,13,495,44,33,3,575,0,0,0,575
03/02/2022,BWI,MD,AEA,EN,Towers with Radar,490,41,25,4,560,0,0,4,2,6,490,41,29,6,566,0,0,0,566
03/03/2022,BWI,MD,AEA,EN,Towers with Radar,536,66,27,0,629,0,6,9,3,18,536,72,36,3,647,0,0,0,647
03/04/2022,BWI,MD,AEA,EN,Towers with Radar,496,46,29,1,572,0,2,7,0,9,496,48,36,1,581,0,0,0,581
03/05/2022,BWI,MD,AEA,EN,Towers with Radar,450,22,19,0,491,0,2,5,1,8,450,24,24,1,499,0,0,0,499
03/06/2022,BWI,MD,AEA,EN,Towers with Radar,472,43,24,0,539,0,0,0,0,0,472,43,24,0,539,0,0,0,539
03/07/2022,BWI,MD,AEA,EN,Towers with Radar,505,38,18,2,563,0,1,0,0,1,505,39,18,2,564,0,0,0,564
03/08/2022,BWI,MD,AEA,EN,Towers with Radar,458,57,25,2,542,0,2,3,2,7,458,59,28,4,549,0,0,0,549
03/09/2022,BWI,MD,AEA,EN,Towers with Radar,443,57,29,0,529,0,0,0,0,0,443,57,29,0,529,0,0,0,529
03/10/2022,BWI,MD,AEA,EN,Towers with Radar,513,56,41,1,611,0,2,16,4,22,513,58,57,5,633,0,0,0,633
03/11/2022,BWI,MD,AEA,EN,Towers with Radar,515,54,36,2,607,0,1,10,4,15,515,55,46,6,622,0,0,0,622
03/12/2022,BWI,MD,AEA,EN,Towers with Radar,405,27,15,1,448,0,0,0,0,0,405,27,15,1,448,0,0,0,448
03/13/2022,BWI,MD,AEA,EN,Towers with Radar,480,54,26,4,564,0,2,3,0,5,480,56,29,4,569,0,0,0,569
03/14/2022,BWI,MD,AEA,EN,Towers with Radar,514,59,28,6,607,0,1,6,3,10,514,60,34,9,617,0,0,0,617
03/15/2022,BWI,MD,AEA,EN,Towers with Radar,493,39,21,0,553,0,2,5,0,7,493,41,26,0,560,0,0,0,560
03/16/2022,BWI,MD,AEA,EN,Towers with Radar,487,48,29,3,567,0,0,10,1,11,487,48,39,4,578,0,0,0,578
03/17/2022,BWI,MD,AEA,EN,Towers with Radar,539,46,26,8,619,0,0,0,0,0,539,46,26,8,619,0,0,0,619
03/18/2022,BWI,MD,AEA,EN,Towers with Radar,537,43,38,2,620,0,0,12,0,12,537,43,50,2,632,0,0,0,632
03/19/2022,BWI,MD,AEA,EN,Towers with Radar,483,36,11,0,530,0,0,5,0,5,483,36,16,0,535,0,0,0,535
03/20/2022,BWI,MD,AEA,EN,Towers with Radar,520,25,19,2,566,0,1,2,0,3,520,26,21,2,569,0,0,0,569
03/21/2022,BWI,MD,AEA,EN,Towers with Radar,510,49,25,1,585,0,0,6,1,7,510,49,31,2,592,0,0,0,592
03/22/2022,BWI,MD,AEA,EN,Towers with Radar,487,46,20,1,554,0,0,18,0,18,487,46,38,1,572,0,0,0,572
03/23/2022,BWI,MD,AEA,EN,Towers with Radar,479,56,28,1,564,0,2,6,0,8,479,58,34,1,572,0,0,0,572
03/24/2022,BWI,MD,AEA,EN,Towers with Radar,528,52,29,0,609,0,1,0,0,1,528,53,29,0,610,0,0,0,610
03/25/2022,BWI,MD,AEA,EN,Towers with Radar,540,53,27,2,622,0,0,3,0,3,540,53,30,2,625,0,0,0,625
03/26/2022,BWI,MD,AEA,EN,Towers with Radar,479,23,23,1,526,0,0,5,0,5,479,23,28,1,531,0,0,0,531
03/27/2022,BWI,MD,AEA,EN,Towers with Radar,520,40,13,0,573,0,1,1,2,4,520,41,14,2,577,0,0,0,577
03/28/2022,BWI,MD,AEA,EN,Towers with Radar,513,32,25,1,571,0,0,4,0,4,513,32,29,1,575,0,0,0,575
03/29/2022,BWI,MD,AEA,EN,Towers with Radar,486,47,30,1,564,0,1,6,5,12,486,48,36,6,576,0,0,0,576
03/30/2022,BWI,MD,AEA,EN,Towers with Radar,483,51,42,2,578,0,0,6,1,7,483,51,48,3,585,0,0,0,585
03/31/2022,BWI,MD,AEA,EN,Towers with Radar,495,49,29,2,575,0,0,0,0,0,495,49,29,2,575,0,0,0,575
04/01/2022,BWI,MD,AEA,EN,Towers with Radar,504,48,34,4,590,0,0,5,3,8,504,48,39,7,598,0,0,0,598
04/02/2022,BWI,MD,AEA,EN,Towers with Radar,398,19,34,1,452,0,3,18,0,21,398,22,52,1,473,0,0,0,473
04/03/2022,BWI,MD,AEA,EN,Towers with Radar,451,33,28,0,512,0,0,8,0,8,451,33,36,0,520,0,0,0,520
04/04/2022,BWI,MD,AEA,EN,Towers with Radar,518,52,35,8,613,0,0,10,2,12,518,52,45,10,625,0,0,0,625
04/05/2022,BWI,MD,AEA,EN,Towers with Radar,499,62,28,2,591,0,0,3,0,3,499,62,31,2,594,0,0,0,594
04/06/2022,BWI,MD,AEA,EN,Towers with Radar,522,63,34,5,624,0,0,0,0,0,522,63,34,5,624,0,0,0,624
04/07/2022,BWI,MD,AEA,EN,Towers with Radar,505,55,46,2,608,0,0,0,0,0,505,55,46,2,608,0,0,0,608
04/08/2022,BWI,MD,AEA,EN,Towers with Radar,552,53,38,5,648,0,3,1,3,7,552,56,39,8,655,0,0,0,655
04/09/2022,BWI,MD,AEA,EN,Towers with Radar,485,29,31,0,545,0,0,6,0,6,485,29,37,0,551,0,0,0,551
04/10/2022,BWI,MD,AEA,EN,Towers with Radar,506,30,16,2,554,0,0,1,0,1,506,30,17,2,555,0,0,0,555
04/11/2022,BWI,MD,AEA,EN,Towers with Radar,538,55,21,6,620,0,1,9,3,13,538,56,30,9,633,0,0,0,633
04/12/2022,BWI,MD,AEA,EN,Towers with Radar,514,43,34,2,593,0,4,3,4,11,514,47,37,6,604,0,0,0,604
04/13/2022,BWI,MD,AEA,EN,Towers with Radar,514,58,37,1,610,0,0,20,0,20,514,58,57,1,630,0,0,0,630
04/14/2022,BWI,MD,AEA,EN,Towers with Radar,544,74,31,1,650,0,0,2,1,3,544,74,33,2,653,0,0,0,653
04/15/2022,BWI,MD,AEA,EN,Towers with Radar,538,55,20,1,614,0,2,6,0,8,538,57,26,1,622,0,0,0,622
04/16/2022,BWI,MD,AEA,EN,Towers with Radar,489,33,13,0,535,0,3,7,0,10,489,36,20,0,545,0,0,0,545
04/17/2022,BWI,MD,AEA,EN,Towers with Radar,516,35,28,0,579,0,0,7,0,7,516,35,35,0,586,0,0,0,586
04/18/2022,BWI,MD,AEA,EN,Towers with Radar,522,63,28,4,617,0,0,2,1,3,522,63,30,5,620,0,0,0,620
04/19/2022,BWI,MD,AEA,EN,Towers with Radar,529,55,19,2,605,0,0,1,0,1,529,55,20,2,606,0,0,0,606
04/20/2022,BWI,MD,AEA,EN,Towers with Radar,529,58,25,1,613,0,3,9,2,14,529,61,34,3,627,0,0,0,627
04/21/2022,BWI,MD,AEA,EN,Towers with Radar,535,57,37,0,629,0,0,7,2,9,535,57,44,2,638,0,0,0,638
04/22/2022,BWI,MD,AEA,EN,Towers with Radar,537,50,38,2,627,0,0,6,0,6,537,50,44,2,633,0,0,0,633
04/23/2022,BWI,MD,AEA,EN,Towers with Radar,492,28,31,1,552,0,1,19,0,20,492,29,50,1,572,0,0,0,572
04/24/2022,BWI,MD,AEA,EN,Towers with Radar,519,36,30,1,586,0,1,10,0,11,519,37,40,1,597,0,0,0,597
04/25/2022,BWI,MD,AEA,EN,Towers with Radar,522,55,31,0,608,0,6,1,1,8,522,61,32,1,616,0,0,0,616
04/26/2022,BWI,MD,AEA,EN,Towers with Radar,524,51,31,0,606,0,1,0,0,1,524,52,31,0,607,0,0,0,607
04/27/2022,BWI,MD,AEA,EN,Towers with Radar,516,55,28,3,602,0,1,2,2,5,516,56,30,5,607,0,0,0,607
04/28/2022,BWI,MD,AEA,EN,Towers with Radar,554,54,48,2,658,0,1,6,4,11,554,55,54,6,669,0,0,0,669
04/29/2022,BWI,MD,AEA,EN,Towers with Radar,537,67,26,1,631,0,1,16,3,20,537,68,42,4,651,0,0,0,651
04/30/2022,BWI,MD,AEA,EN,Towers with Radar,477,30,37,0,544,0,3,10,0,13,477,33,47,0,557,0,0,0,557
05/01/2022,BWI,MD,AEA,EN,Towers with Radar,517,39,15,1,572,0,1,3,0,4,517,40,18,1,576,0,0,0,576
05/02/2022,BWI,MD,AEA,EN,Towers with Radar,533,41,35,0,609,0,0,3,0,3,533,41,38,0,612,0,0,0,612
05/03/2022,BWI,MD,AEA,EN,Towers with Radar,523,57,38,2,620,0,2,0,0,2,523,59,38,2,622,0,0,0,622
05/04/2022,BWI,MD,AEA,EN,Towers with Radar,518,63,28,3,612,0,0,0,0,0,518,63,28,3,612,0,0,0,612
05/05/2022,BWI,MD,AEA,EN,Towers with Radar,547,58,33,0,638,0,1,2,2,5,547,59,35,2,643,0,0,0,643
05/06/2022,BWI,MD,AEA,EN,Towers with Radar,523,32,34,2,591,0,0,0,0,0,523,32,34,2,591,0,0,0,591
05/07/2022,BWI,MD,AEA,EN,Towers with Radar,488,28,15,0,531,0,0,0,0,0,488,28,15,0,531,0,0,0,531
05/08/2022,BWI,MD,AEA,EN,Towers with Radar,523,45,25,1,594,0,3,0,0,3,523,48,25,1,597,0,0,0,597
05/09/2022,BWI,MD,AEA,EN,Towers with Radar,541,34,41,2,618,0,1,3,1,5,541,35,44,3,623,0,0,0,623
05/10/2022,BWI,MD,AEA,EN,Towers with Radar,535,57,42,1,635,0,0,1,1,2,535,57,43,2,637,0,0,0,637
05/11/2022,BWI,MD,AEA,EN,Towers with Radar,526,58,41,0,625,0,0,9,1,10,526,58,50,1,635,0,0,0,635
05/12/2022,BWI,MD,AEA,EN,Towers with Radar,537,65,42,3,647,0,4,3,0,7,537,69,45,3,654,0,0,0,654
05/13/2022,BWI,MD,AEA,EN,Towers with Radar,537,79,23,2,641,0,0,0,0,0,537,79,23,2,641,0,0,0,641
05/14/2022,BWI,MD,AEA,EN,Towers with Radar,475,42,13,0,530,0,0,0,0,0,475,42,13,0,530,0,0,0,530
05/15/2022,BWI,MD,AEA,EN,Towers with Radar,523,59,20,2,604,0,0,0,0,0,523,59,20,2,604,0,0,0,604
05/16/2022,BWI,MD,AEA,EN,Towers with Radar,495,47,26,3,571,0,0,3,0,3,495,47,29,3,574,0,0,0,574
05/17/2022,BWI,MD,AEA,EN,Towers with Radar,545,46,26,3,620,0,5,15,1,21,545,51,41,4,641,0,0,0,641
05/18/2022,BWI,MD,AEA,EN,Towers with Radar,539,61,42,4,646,0,1,22,2,25,539,62,64,6,671,0,0,0,671
05/19/2022,BWI,MD,AEA,EN,Towers with Radar,537,72,45,0,654,0,0,12,0,12,537,72,57,0,666,0,0,0,666
05/20/2022,BWI,MD,AEA,EN,Towers with Radar,549,66,43,0,658,0,3,26,0,29,549,69,69,0,687,0,0,0,687
05/21/2022,BWI,MD,AEA,EN,Towers with Radar,507,39,38,0,584,0,1,12,0,13,507,40,50,0,597,0,0,0,597
05/22/2022,BWI,MD,AEA,EN,Towers with Radar,457,49,42,1,549,0,0,6,0,6,457,49,48,1,555,0,0,0,555
05/23/2022,BWI,MD,AEA,EN,Towers with Radar,555,47,45,2,649,0,7,17,4,28,555,54,62,6,677,0,0,0,677
05/24/2022,BWI,MD,AEA,EN,Towers with Radar,535,42,44,0,621,0,1,2,0,3,535,43,46,0,624,0,0,0,624
05/25/2022,BWI,MD,AEA,EN,Towers with Radar,533,51,57,6,647,0,2,21,0,23,533,53,78,6,670,0,0,0,670
05/26/2022,BWI,MD,AEA,EN,Towers with Radar,545,50,40,2,637,0,0,0,0,0,545,50,40,2,637,0,0,0,637
05/27/2022,BWI,MD,AEA,EN,Towers with Radar,457,55,31,1,544,0,0,0,0,0,457,55,31,1,544,0,0,0,544
05/28/2022,BWI,MD,AEA,EN,Towers with Radar,490,32,13,0,535,0,0,1,0,1,490,32,14,0,536,0,0,0,536
05/29/2022,BWI,MD,AEA,EN,Towers with Radar,514,28,24,0,566,0,3,7,1,11,514,31,31,1,577,0,0,0,577
05/30/2022,BWI,MD,AEA,EN,Towers with Radar,546,37,42,1,626,0,2,8,0,10,546,39,50,1,636,0,0,0,636
05/31/2022,BWI,MD,AEA,EN,Towers with Radar,537,44,33,0,614,0,1,14,0,15,537,45,47,0,629,0,0,0,629
06/01/2022,BWI,MD,AEA,EN,Towers with Radar,539,69,27,1,636,0,2,10,1,13,539,71,37,2,649,0,0,0,649
06/02/2022,BWI,MD,AEA,EN,Towers with Radar,522,62,24,0,608,0,0,0,0,0,522,62,24,0,608,0,0,0,608
06/03/2022,BWI,MD,AEA,EN,Towers with Radar,544,73,30,1,648,0,4,3,1,8,544,77,33,2,656,0,0,0,656
06/04/2022,BWI,MD,AEA,EN,Towers with Radar,476,30,21,1,528,0,0,9,0,9,476,30,30,1,537,0,0,0,537
06/05/2022,BWI,MD,AEA,EN,Towers with Radar,526,40,31,0,597,0,1,10,0,11,526,41,41,0,608,0,0,0,608
06/06/2022,BWI,MD,AEA,EN,Towers with Radar,522,34,35,0,591,0,2,5,0,7,522,36,40,0,598,0,0,0,598
06/07/2022,BWI,MD,AEA,EN,Towers with Radar,566,62,34,2,664,0,1,0,0,1,566,63,34,2,665,0,0,0,665
06/08/2022,BWI,MD,AEA,EN,Towers with Radar,509,62,32,5,608,0,0,3,1,4,509,62,35,6,612,0,0,0,612
06/09/2022,BWI,MD,AEA,EN,Towers with Radar,558,58,35,2,653,0,1,8,2,11,558,59,43,4,664,0,0,0,664
06/10/2022,BWI,MD,AEA,EN,Towers with Radar,525,54,54,1,634,0,0,7,1,8,525,54,61,2,642,0,0,0,642
06/11/2022,BWI,MD,AEA,EN,Towers with Radar,505,27,20,0,552,0,2,5,0,7,505,29,25,0,559,0,0,0,559
06/12/2022,BWI,MD,AEA,EN,Towers with Radar,536,46,35,0,617,0,0,2,0,2,536,46,37,0,619,0,0,0,619
06/13/2022,BWI,MD,AEA,EN,Towers with Radar,533,39,43,1,616,0,1,4,1,6,533,40,47,2,622,0,0,0,622
06/14/2022,BWI,MD,AEA,EN,Towers with Radar,544,58,36,0,638,0,0,3,0,3,544,58,39,0,641,0,0,0,641
06/15/2022,BWI,MD,AEA,EN,Towers with Radar,555,75,49,3,682,0,1,7,4,12,555,76,56,7,694,0,0,0,694
06/16/2022,BWI,MD,AEA,EN,Towers with Radar,521,56,28,4,609,0,1,2,0,3,521,57,30,4,612,0,0,0,612
06/17/2022,BWI,MD,AEA,EN,Towers with Radar,526,48,41,2,617,0,4,9,0,13,526,52,50,2,630,0,0,0,630
06/18/2022,BWI,MD,AEA,EN,Towers with Radar,512,49,19,1,581,0,2,6,0,8,512,51,25,1,589,0,0,0,589
06/19/2022,BWI,MD,AEA,EN,Towers with Radar,524,51,38,0,613,0,2,5,0,7,524,53,43,0,620,0,0,0,620
06/20/2022,BWI,MD,AEA,EN,Towers with Radar,545,47,26,0,618,0,1,5,0,6,545,48,31,0,624,0,0,0,624
06/21/2022,BWI,MD,AEA,EN,Towers with Radar,551,51,32,3,637,0,0,7,2,9,551,51,39,5,646,0,0,0,646
06/22/2022,BWI,MD,AEA,EN,Towers with Radar,372,52,21,4,449,0,1,4,5,10,372,53,25,9,459,0,0,0,459
06/23/2022,BWI,MD,AEA,EN,Towers with Radar,559,66,44,0,669,0,0,3,0,3,559,66,47,0,672,0,0,0,672
06/24/2022,BWI,MD,AEA,EN,Towers with Radar,532,63,32,3,630,0,4,16,0,20,532,67,48,3,650,0,0,0,650
06/25/2022,BWI,MD,AEA,EN,Towers with Radar,505,42,25,0,572,0,1,7,0,8,505,43,32,0,580,0,0,0,580
06/26/2022,BWI,MD,AEA,EN,Towers with Radar,472,34,33,0,539,0,0,5,0,5,472,34,38,0,544,0,0,0,544
06/27/2022,BWI,MD,AEA,EN,Towers with Radar,519,51,21,0,591,0,1,4,2,7,519,52,25,2,598,0,0,0,598
06/28/2022,BWI,MD,AEA,EN,Towers with Radar,532,56,26,6,620,0,0,9,2,11,532,56,35,8,631,0,0,0,631
06/29/2022,BWI,MD,AEA,EN,Towers with Radar,538,65,52,2,657,0,2,4,0,6,538,67,56,2,663,0,0,0,663
06/30/2022,BWI,MD,AEA,EN,Towers with Radar,556,48,29,1,634,0,0,7,1,8,556,48,36,2,642,0,0,0,642
07/01/2022,BWI,MD,AEA,EN,Towers with Radar,545,45,20,0,610,0,1,6,0,7,545,46,26,0,617,0,0,0,617
07/02/2022,BWI,MD,AEA,EN,Towers with Radar,499,31,27,0,557,0,0,5,0,5,499,31,32,0,562,0,0,0,562
07/03/2022,BWI,MD,AEA,EN,Towers with Radar,525,25,17,0,567,0,0,4,0,4,525,25,21,0,571,0,0,0,571
07/04/2022,BWI,MD,AEA,EN,Towers with Radar,509,36,11,0,556,0,3,8,3,14,509,39,19,3,570,0,0,0,570
07/05/2022,BWI,MD,AEA,EN,Towers with Radar,531,37,38,1,607,0,1,3,1,5,531,38,41,2,612,0,0,0,612
07/06/2022,BWI,MD,AEA,EN,Towers with Radar,558,41,29,2,630,0,0,4,1,5,558,41,33,3,635,0,0,0,635
07/07/2022,BWI,MD,AEA,EN,Towers with Radar,575,53,27,4,659,0,2,5,0,7,575,55,32,4,666,0,0,0,666
07/08/2022,BWI,MD,AEA,EN,Towers with Radar,588,50,42,3,683,0,1,8,2,11,588,51,50,5,694,0,0,0,694
07/09/2022,BWI,MD,AEA,EN,Towers with Radar,527,34,24,0,585,0,0,2,0,2,527,34,26,0,587,0,0,0,587
07/10/2022,BWI,MD,AEA,EN,Towers with Radar,573,41,21,0,635,0,2,16,1,19,573,43,37,1,654,0,0,0,654
07/11/2022,BWI,MD,AEA,EN,Towers with Radar,577,57,18,3,655,0,5,8,1,14,577,62,26,4,669,0,0,0,669
07/12/2022,BWI,MD,AEA,EN,Towers with Radar,548,54,27,0,629,0,1,8,0,9,548,55,35,0,638,0,0,0,638
07/13/2022,BWI,MD,AEA,EN,Towers with Radar,591,59,29,3,682,0,3,8,2,13,591,62,37,5,695,0,0,0,695
07/14/2022,BWI,MD,AEA,EN,Towers with Radar,599,60,37,4,700,0,1,10,5,16,599,61,47,9,716,0,0,0,716
07/15/2022,BWI,MD,AEA,EN,Towers with Radar,589,64,40,5,698,0,1,23,3,27,589,65,63,8,725,0,0,0,725
07/16/2022,BWI,MD,AEA,EN,Towers with Radar,516,41,19,2,578,0,1,7,4,12,516,42,26,6,590,0,0,0,590
07/17/2022,BWI,MD,AEA,EN,Towers with Radar,553,47,24,1,625,0,0,5,0,5,553,47,29,1,630,0,0,0,630
07/18/2022,BWI,MD,AEA,EN,Towers with Radar,575,53,18,5,651,0,1,6,2,9,575,54,24,7,660,0,0,0,660
07/19/2022,BWI,MD,AEA,EN,Towers with Radar,599,57,33,2,691,0,0,7,2,9,599,57,40,4,700,0,0,0,700
07/20/2022,BWI,MD,AEA,EN,Towers with Radar,574,53,34,6,667,0,0,15,2,17,574,53,49,8,684,0,0,0,684
07/21/2022,BWI,MD,AEA,EN,Towers with Radar,606,58,29,0,693,0,0,6,0,6,606,58,35,0,699,0,0,0,699
07/22/2022,BWI,MD,AEA,EN,Towers with Radar,588,47,41,0,676,0,0,8,1,9,588,47,49,1,685,0,0,0,685
07/23/2022,BWI,MD,AEA,EN,Towers with Radar,526,35,15,1,577,0,8,12,0,20,526,43,27,1,597,0,0,0,597
07/24/2022,BWI,MD,AEA,EN,Towers with Radar,562,49,23,0,634,0,0,1,0,1,562,49,24,0,635,0,0,0,635
07/25/2022,BWI,MD,AEA,EN,Towers with Radar,525,51,36,3,615,0,1,7,0,8,525,52,43,3,623,0,0,0,623
07/26/2022,BWI,MD,AEA,EN,Towers with Radar,590,57,44,4,695,0,0,4,0,4,590,57,48,4,699,0,0,0,699
07/27/2022,BWI,MD,AEA,EN,Towers with Radar,585,62,53,7,707,0,2,5,1,8,585,64,58,8,715,0,0,0,715
07/28/2022,BWI,MD,AEA,EN,Towers with Radar,599,55,27,1,682,0,1,6,4,11,599,56,33,5,693,0,0,0,693
07/29/2022,BWI,MD,AEA,EN,Towers with Radar,589,61,27,6,683,0,0,8,1,9,589,61,35,7,692,0,0,0,692
07/30/2022,BWI,MD,AEA,EN,Towers with Radar,538,32,22,2,594,0,3,11,1,15,538,35,33,3,609,0,0,0,609
07/31/2022,BWI,MD,AEA,EN,Towers with Radar,565,49,24,0,638,0,0,8,0,8,565,49,32,0,646,0,0,0,646
08/01/2022,BWI,MD,AEA,EN,Towers with Radar,584,46,35,1,666,0,2,11,4,17,584,48,46,5,683,0,0,0,683
08/02/2022,BWI,MD,AEA,EN,Towers with Radar,579,41,25,1,646,0,6,10,1,17,579,47,35,2,663,0,0,0,663
08/03/2022,BWI,MD,AEA,EN,Towers with Radar,549,56,29,4,638,0,0,12,1,13,549,56,41,5,651,0,0,0,651
08/04/2022,BWI,MD,AEA,EN,Towers with Radar,468,50,34,3,555,0,0,6,2,8,468,50,40,5,563,0,0,0,563
08/05/2022,BWI,MD,AEA,EN,Towers with Radar,529,49,31,0,609,0,0,1,0,1,529,49,32,0,610,0,0,0,610
08/06/2022,BWI,MD,AEA,EN,Towers with Radar,540,37,23,0,600,0,0,1,0,1,540,37,24,0,601,0,0,0,601
08/07/2022,BWI,MD,AEA,EN,Towers with Radar,573,32,18,0,623,0,2,7,2,11,573,34,25,2,634,0,0,0,634
08/08/2022,BWI,MD,AEA,EN,Towers with Radar,567,46,26,4,643,0,4,2,2,8,567,50,28,6,651,0,0,0,651
08/09/2022,BWI,MD,AEA,EN,Towers with Radar,592,50,32,1,675,0,0,2,1,3,592,50,34,2,678,0,0,0,678
08/10/2022,BWI,MD,AEA,EN,Towers with Radar,477,59,22,8,566,0,1,5,2,8,477,60,27,10,574,0,0,0,574
08/11/2022,BWI,MD,AEA,EN,Towers with Radar,583,74,40,2,699,0,0,6,0,6,583,74,46,2,705,0,0,0,705
08/12/2022,BWI,MD,AEA,EN,Towers with Radar,606,41,32,2,681,0,2,13,0,15,606,43,45,2,696,0,0,0,696
08/13/2022,BWI,MD,AEA,EN,Towers with Radar,545,26,24,1,596,0,0,12,0,12,545,26,36,1,608,0,0,0,608
08/14/2022,BWI,MD,AEA,EN,Towers with Radar,565,65,25,0,655,0,0,2,0,2,565,65,27,0,657,0,0,0,657
08/15/2022,BWI,MD,AEA,EN,Towers with Radar,589,54,46,0,689,0,0,4,0,4,589,54,50,0,693,0,0,0,693
08/16/2022,BWI,MD,AEA,EN,Towers with Radar,583,48,35,2,668,0,1,12,4,17,583,49,47,6,685,0,0,0,685
08/17/2022,BWI,MD,AEA,EN,Towers with Radar,592,39,33,6,670,0,1,2,2,5,592,40,35,8,675,0,0,0,675
08/18/2022,BWI,MD,AEA,EN,Towers with Radar,590,45,36,0,671,0,0,8,0,8,590,45,44,0,679,0,0,0,679
08/19/2022,BWI,MD,AEA,EN,Towers with Radar,596,49,24,0,669,0,0,5,0,5,596,49,29,0,674,0,0,0,674
08/20/2022,BWI,MD,AEA,EN,Towers with Radar,542,20,14,0,576,0,2,9,0,11,542,22,23,0,587,0,0,0,587
08/21/2022,BWI,MD,AEA,EN,Towers with Radar,543,40,24,0,607,0,0,0,0,0,543,40,24,0,607,0,0,0,607
08/22/2022,BWI,MD,AEA,EN,Towers with Radar,560,33,22,3,618,0,0,0,0,0,560,33,22,3,618,0,0,0,618
08/23/2022,BWI,MD,AEA,EN,Towers with Radar,597,58,32,1,688,0,0,5,1,6,597,58,37,2,694,0,0,0,694
08/24/2022,BWI,MD,AEA,EN,Towers with Radar,593,64,29,2,688,0,0,6,0,6,593,64,35,2,694,0,0,0,694
08/25/2022,BWI,MD,AEA,EN,Towers with Radar,597,63,28,5,693,0,1,11,1,13,597,64,39,6,706,0,0,0,706
08/26/2022,BWI,MD,AEA,EN,Towers with Radar,589,33,28,2,652,0,0,12,0,12,589,33,40,2,664,0,0,0,664
08/27/2022,BWI,MD,AEA,EN,Towers with Radar,551,28,17,1,597,0,0,4,0,4,551,28,21,1,601,0,0,0,601
08/28/2022,BWI,MD,AEA,EN,Towers with Radar,573,29,22,0,624,0,1,5,0,6,573,30,27,0,630,0,0,0,630
08/29/2022,BWI,MD,AEA,EN,Towers with Radar,556,45,25,1,627,0,1,9,1,11,556,46,34,2,638,0,0,0,638
08/30/2022,BWI,MD,AEA,EN,Towers with Radar,519,58,23,1,601,0,3,3,3,9,519,61,26,4,610,0,0,0,610
08/31/2022,BWI,MD,AEA,EN,Towers with Radar,583,50,42,1,676,0,1,5,3,9,583,51,47,4,685,0,0,0,685
09/01/2022,BWI,MD,AEA,EN,Towers with Radar,583,53,41,5,682,0,2,4,1,7,583,55,45,6,689,0,0,0,689
09/02/2022,BWI,MD,AEA,EN,Towers with Radar,600,53,28,1,682,0,1,8,1,10,600,54,36,2,692,0,0,0,692
09/03/2022,BWI,MD,AEA,EN,Towers with Radar,542,25,13,0,580,0,2,4,0,6,542,27,17,0,586,0,0,0,586
09/04/2022,BWI,MD,AEA,EN,Towers with Radar,502,29,22,0,553,0,0,2,0,2,502,29,24,0,555,0,0,0,555
09/05/2022,BWI,MD,AEA,EN,Towers with Radar,580,26,24,0,630,0,0,2,0,2,580,26,26,0,632,0,0,0,632
09/06/2022,BWI,MD,AEA,EN,Towers with Radar,526,35,25,1,587,0,0,0,0,0,526,35,25,1,587,0,0,0,587
09/07/2022,BWI,MD,AEA,EN,Towers with Radar,519,47,20,2,588,0,0,2,0,2,519,47,22,2,590,0,0,0,590
09/08/2022,BWI,MD,AEA,EN,Towers with Radar,569,58,39,5,671,0,1,8,0,9,569,59,47,5,680,0,0,0,680
09/09/2022,BWI,MD,AEA,EN,Towers with Radar,575,59,30,5,669,0,2,1,4,7,575,61,31,9,676,0,0,0,676
09/10/2022,BWI,MD,AEA,EN,Towers with Radar,538,36,21,0,595,0,2,1,1,4,538,38,22,1,599,0,0,0,599
09/11/2022,BWI,MD,AEA,EN,Towers with Radar,566,42,25,2,635,0,0,0,0,0,566,42,25,2,635,0,0,0,635
09/12/2022,BWI,MD,AEA,EN,Towers with Radar,525,57,28,0,610,0,0,3,0,3,525,57,31,0,613,0,0,0,613
09/13/2022,BWI,MD,AEA,EN,Towers with Radar,547,49,30,2,628,0,1,14,0,15,547,50,44,2,643,0,0,0,643
09/14/2022,BWI,MD,AEA,EN,Towers with Radar,519,53,20,4,596,0,2,8,0,10,519,55,28,4,606,0,0,0,606
09/15/2022,BWI,MD,AEA,EN,Towers with Radar,578,66,30,7,681,0,0,17,5,22,578,66,47,12,703,0,0,0,703
09/16/2022,BWI,MD,AEA,EN,Towers with Radar,577,60,16,6,659,0,0,8,0,8,577,60,24,6,667,0,0,0,667
09/17/2022,BWI,MD,AEA,EN,Towers with Radar,525,36,29,6,596,0,0,10,0,10,525,36,39,6,606,0,0,0,606
09/18/2022,BWI,MD,AEA,EN,Towers with Radar,565,39,47,3,654,0,1,11,0,12,565,40,58,3,666,0,0,0,666
09/19/2022,BWI,MD,AEA,EN,Towers with Radar,566,30,29,3,628,0,0,17,0,17,566,30,46,3,645,0,0,0,645
09/20/2022,BWI,MD,AEA,EN,Towers with Radar,529,60,35,2,626,0,1,4,1,6,529,61,39,3,632,0,0,0,632
09/21/2022,BWI,MD,AEA,EN,Towers with Radar,537,63,41,1,642,0,2,6,1,9,537,65,47,2,651,0,0,0,651
09/22/2022,BWI,MD,AEA,EN,Towers with Radar,568,79,52,0,699,0,0,1,0,1,568,79,53,0,700,0,0,0,700
09/23/2022,BWI,MD,AEA,EN,Towers with Radar,584,55,27,1,667,0,0,1,2,3,584,55,28,3,670,0,0,0,670
09/24/2022,BWI,MD,AEA,EN,Towers with Radar,532,32,15,2,581,0,0,9,0,9,532,32,24,2,590,0,0,0,590
09/25/2022,BWI,MD,AEA,EN,Towers with Radar,573,33,28,0,634,0,0,0,0,0,573,33,28,0,634,0,0,0,634
09/26/2022,BWI,MD,AEA,EN,Towers with Radar,571,42,28,2,643,0,0,8,0,8,571,42,36,2,651,0,0,0,651
09/27/2022,BWI,MD,AEA,EN,Towers with Radar,512,57,27,1,597,0,0,5,1,6,512,57,32,2,603,0,0,0,603
09/28/2022,BWI,MD,AEA,EN,Towers with Radar,473,51,20,1,545,0,1,9,1,11,473,52,29,2,556,0,0,0,556
09/29/2022,BWI,MD,AEA,EN,Towers with Radar,503,50,28,1,582,0,1,8,1,10,503,51,36,2,592,0,0,0,592
09/30/2022,BWI,MD,AEA,EN,Towers with Radar,507,44,19,2,572,0,0,0,0,0,507,44,19,2,572,0,0,0,572
10/01/2022,BWI,MD,AEA,EN,Towers with Radar,507,38,12,0,557,0,0,0,0,0,507,38,12,0,557,0,0,0,557
10/02/2022,BWI,MD,AEA,EN,Towers with Radar,549,42,24,0,615,0,0,0,0,0,549,42,24,0,615,0,0,0,615
10/03/2022,BWI,MD,AEA,EN,Towers with Radar,561,53,35,1,650,0,0,1,0,1,561,53,36,1,651,0,0,0,651
10/04/2022,BWI,MD,AEA,EN,Towers with Radar,522,52,41,0,615,0,0,1,0,1,522,52,42,0,616,0,0,0,616
10/05/2022,BWI,MD,AEA,EN,Towers with Radar,524,53,32,6,615,0,0,2,0,2,524,53,34,6,617,0,0,0,617
10/06/2022,BWI,MD,AEA,EN,Towers with Radar,579,52,47,10,688,0,1,8,3,12,579,53,55,13,700,0,0,0,700
10/07/2022,BWI,MD,AEA,EN,Towers with Radar,578,71,33,2,684,0,0,4,4,8,578,71,37,6,692,0,0,0,692
10/08/2022,BWI,MD,AEA,EN,Towers with Radar,522,41,28,1,592,0,3,0,0,3,522,44,28,1,595,0,0,0,595
10/09/2022,BWI,MD,AEA,EN,Towers with Radar,568,50,42,0,660,0,0,0,2,2,568,50,42,2,662,0,0,0,662
10/10/2022,BWI,MD,AEA,EN,Towers with Radar,564,53,24,0,641,0,1,2,0,3,564,54,26,0,644,0,0,0,644
10/11/2022,BWI,MD,AEA,EN,Towers with Radar,559,50,27,4,640,0,1,7,0,8,559,51,34,4,648,0,0,0,648
10/12/2022,BWI,MD,AEA,EN,Towers with Radar,551,50,46,2,649,0,0,6,2,8,551,50,52,4,657,0,0,0,657
10/13/2022,BWI,MD,AEA,EN,Towers with Radar,572,46,25,4,647,0,0,0,0,0,572,46,25,4,647,0,0,0,647
10/14/2022,BWI,MD,AEA,EN,Towers with Radar,583,61,22,3,669,0,0,5,1,6,583,61,27,4,675,0,0,0,675
10/15/2022,BWI,MD,AEA,EN,Towers with Radar,530,48,12,0,590,0,1,4,0,5,530,49,16,0,595,0,0,0,595
10/16/2022,BWI,MD,AEA,EN,Towers with Radar,554,40,32,0,626,0,2,3,0,5,554,42,35,0,631,0,0,0,631
10/17/2022,BWI,MD,AEA,EN,Towers with Radar,564,37,18,1,620,0,1,0,1,2,564,38,18,2,622,0,0,0,622
10/18/2022,BWI,MD,AEA,EN,Towers with Radar,551,48,26,3,628,0,0,6,1,7,551,48,32,4,635,0,0,0,635
10/19/2022,BWI,MD,AEA,EN,Towers with Radar,565,47,24,3,639,0,2,5,1,8,565,49,29,4,647,0,0,0,647
10/20/2022,BWI,MD,AEA,EN,Towers with Radar,564,50,38,1,653,0,1,7,1,9,564,51,45,2,662,0,0,0,662
10/21/2022,BWI,MD,AEA,EN,Towers with Radar,587,45,29,1,662,0,0,3,0,3,587,45,32,1,665,0,0,0,665
10/22/2022,BWI,MD,AEA,EN,Towers with Radar,530,29,25,0,584,0,0,4,0,4,530,29,29,0,588,0,0,0,588
10/23/2022,BWI,MD,AEA,EN,Towers with Radar,558,55,41,2,656,0,0,4,0,4,558,55,45,2,660,0,0,0,660
10/24/2022,BWI,MD,AEA,EN,Towers with Radar,569,42,30,0,641,0,0,0,0,0,569,42,30,0,641,0,0,0,641
10/25/2022,BWI,MD,AEA,EN,Towers with Radar,572,46,29,5,652,0,0,0,0,0,572,46,29,5,652,0,0,0,652
10/26/2022,BWI,MD,AEA,EN,Towers with Radar,568,54,38,10,670,0,0,0,0,0,568,54,38,10,670,0,0,0,670
10/27/2022,BWI,MD,AEA,EN,Towers with Radar,564,65,25,1,655,0,4,6,1,11,564,69,31,2,666,0,0,0,666
10/28/2022,BWI,MD,AEA,EN,Towers with Radar,560,64,24,1,649,0,0,3,3,6,560,64,27,4,655,0,0,0,655
10/29/2022,BWI,MD,AEA,EN,Towers with Radar,524,32,22,0,578,0,0,3,0,3,524,32,25,0,581,0,0,0,581
10/30/2022,BWI,MD,AEA,EN,Towers with Radar,556,31,22,1,610,0,1,2,0,3,556,32,24,1,613,0,0,0,613
10/31/2022,BWI,MD,AEA,EN,Towers with Radar,533,42,17,2,594,0,0,2,0,2,533,42,19,2,596,0,0,0,596
11/01/2022,BWI,MD,AEA,EN,Towers with Radar,555,40,42,6,643,0,2,0,2,4,555,42,42,8,647,0,0,0,647
11/02/2022,BWI,MD,AEA,EN,Towers with Radar,549,58,34,1,642,0,0,6,3,9,549,58,40,4,651,0,0,0,651
11/03/2022,BWI,MD,AEA,EN,Towers with Radar,562,53,39,0,654,0,4,6,0,10,562,57,45,0,664,0,0,0,664
11/04/2022,BWI,MD,AEA,EN,Towers with Radar,564,39,33,3,639,0,0,4,2,6,564,39,37,5,645,0,0,0,645
11/05/2022,BWI,MD,AEA,EN,Towers with Radar,519,23,18,0,560,0,1,4,0,5,519,24,22,0,565,0,0,0,565
11/06/2022,BWI,MD,AEA,EN,Towers with Radar,533,38,31,0,602,0,0,10,0,10,533,38,41,0,612,0,0,0,612
11/07/2022,BWI,MD,AEA,EN,Towers with Radar,532,40,20,6,598,0,0,13,1,14,532,40,33,7,612,0,0,0,612
11/08/2022,BWI,MD,AEA,EN,Towers with Radar,524,44,28,0,596,0,2,4,0,6,524,46,32,0,602,0,0,0,602
11/09/2022,BWI,MD,AEA,EN,Towers with Radar,490,53,22,4,569,0,2,9,1,12,490,55,31,5,581,0,0,0,581
11/10/2022,BWI,MD,AEA,EN,Towers with Radar,516,52,39,3,610,0,0,12,0,12,516,52,51,3,622,0,0,0,622
11/11/2022,BWI,MD,AEA,EN,Towers with Radar,551,51,21,1,624,0,0,0,0,0,551,51,21,1,624,0,0,0,624
11/12/2022,BWI,MD,AEA,EN,Towers with Radar,537,52,18,0,607,0,1,7,0,8,537,53,25,0,615,0,0,0,615
11/13/2022,BWI,MD,AEA,EN,Towers with Radar,529,59,24,0,612,0,0,0,2,2,529,59,24,2,614,0,0,0,614
11/14/2022,BWI,MD,AEA,EN,Towers with Radar,540,45,30,3,618,0,0,5,2,7,540,45,35,5,625,0,0,0,625
11/15/2022,BWI,MD,AEA,EN,Towers with Radar,524,51,27,4,606,0,0,6,2,8,524,51,33,6,614,0,0,0,614
11/16/2022,BWI,MD,AEA,EN,Towers with Radar,527,55,44,3,629,0,2,15,3,20,527,57,59,6,649,0,0,0,649
11/17/2022,BWI,MD,AEA,EN,Towers with Radar,544,57,41,8,650,0,0,7,3,10,544,57,48,11,660,0,0,0,660
11/18/2022,BWI,MD,AEA,EN,Towers with Radar,549,52,29,4,634,0,0,5,2,7,549,52,34,6,641,0,0,0,641
11/19/2022,BWI,MD,AEA,EN,Towers with Radar,529,37,29,0,595,0,0,8,0,8,529,37,37,0,603,0,0,0,603
11/20/2022,BWI,MD,AEA,EN,Towers with Radar,528,28,30,2,588,0,0,6,0,6,528,28,36,2,594,0,0,0,594
11/21/2022,BWI,MD,AEA,EN,Towers with Radar,545,42,20,8,615,0,3,7,0,10,545,45,27,8,625,0,0,0,625
11/22/2022,BWI,MD,AEA,EN,Towers with Radar,546,65,23,0,634,0,0,7,0,7,546,65,30,0,641,0,0,0,641
11/23/2022,BWI,MD,AEA,EN,Towers with Radar,557,49,14,2,622,0,2,10,0,12,557,51,24,2,634,0,0,0,634
11/24/2022,BWI,MD,AEA,EN,Towers with Radar,396,17,10,0,423,0,1,3,0,4,396,18,13,0,427,0,0,0,427
11/25/2022,BWI,MD,AEA,EN,Towers with Radar,494,38,9,1,542,0,0,0,0,0,494,38,9,1,542,0,0,0,542
11/26/2022,BWI,MD,AEA,EN,Towers with Radar,548,43,24,1,616,0,0,11,0,11,548,43,35,1,627,0,0,0,627
11/27/2022,BWI,MD,AEA,EN,Towers with Radar,531,51,33,3,618,0,0,1,0,1,531,51,34,3,619,0,0,0,619
11/28/2022,BWI,MD,AEA,EN,Towers with Radar,553,48,15,1,617,0,2,6,1,9,553,50,21,2,626,0,0,0,626
11/29/2022,BWI,MD,AEA,EN,Towers with Radar,546,54,22,2,624,0,0,7,2,9,546,54,29,4,633,0,0,0,633
11/30/2022,BWI,MD,AEA,EN,Towers with Radar,532,45,16,1,594,0,0,0,0,0,532,45,16,1,594,0,0,0,594
12/01/2022,BWI,MD,AEA,EN,Towers with Radar,532,70,38,1,641,0,1,9,1,11,532,71,47,2,652,0,0,0,652
12/02/2022,BWI,MD,AEA,EN,Towers with Radar,538,50,28,1,617,0,0,4,1,5,538,50,32,2,622,0,0,0,622
12/03/2022,BWI,MD,AEA,EN,Towers with Radar,533,23,19,1,576,0,2,0,0,2,533,25,19,1,578,0,0,0,578
12/04/2022,BWI,MD,AEA,EN,Towers with Radar,536,36,37,0,609,0,0,1,0,1,536,36,38,0,610,0,0,0,610
12/05/2022,BWI,MD,AEA,EN,Towers with Radar,551,40,21,6,618,0,0,5,0,5,551,40,26,6,623,0,0,0,623
12/06/2022,BWI,MD,AEA,EN,Towers with Radar,550,50,29,2,631,0,1,0,0,1,550,51,29,2,632,0,0,0,632
12/07/2022,BWI,MD,AEA,EN,Towers with Radar,548,44,30,4,626,0,0,0,0,0,548,44,30,4,626,0,0,0,626
12/08/2022,BWI,MD,AEA,EN,Towers with Radar,555,41,27,7,630,0,1,8,4,13,555,42,35,11,643,0,0,0,643
12/09/2022,BWI,MD,AEA,EN,Towers with Radar,556,46,23,2,627,0,0,10,2,12,556,46,33,4,639,0,0,0,639
12/10/2022,BWI,MD,AEA,EN,Towers with Radar,531,31,10,3,575,0,0,3,0,3,531,31,13,3,578,0,0,0,578
12/11/2022,BWI,MD,AEA,EN,Towers with Radar,543,26,16,0,585,0,0,0,0,0,543,26,16,0,585,0,0,0,585
12/12/2022,BWI,MD,AEA,EN,Towers with Radar,546,41,29,3,619,0,0,3,0,3,546,41,32,3,622,0,0,0,622
12/13/2022,BWI,MD,AEA,EN,Towers with Radar,550,46,28,2,626,0,1,8,2,11,550,47,36,4,637,0,0,0,637
12/14/2022,BWI,MD,AEA,EN,Towers with Radar,555,53,28,2,638,0,1,8,3,12,555,54,36,5,650,0,0,0,650
12/15/2022,BWI,MD,AEA,EN,Towers with Radar,525,60,24,0,609,0,0,0,0,0,525,60,24,0,609,0,0,0,609
12/16/2022,BWI,MD,AEA,EN,Towers with Radar,575,53,20,1,649,0,1,4,0,5,575,54,24,1,654,0,0,0,654
12/17/2022,BWI,MD,AEA,EN,Towers with Radar,544,26,23,0,593,0,1,0,0,1,544,27,23,0,594,0,0,0,594
12/18/2022,BWI,MD,AEA,EN,Towers with Radar,538,27,26,0,591,0,2,0,0,2,538,29,26,0,593,0,0,0,593
12/19/2022,BWI,MD,AEA,EN,Towers with Radar,549,35,19,1,604,0,0,7,0,7,549,35,26,1,611,0,0,0,611
12/20/2022,BWI,MD,AEA,EN,Towers with Radar,560,36,41,1,638,0,0,11,3,14,560,36,52,4,652,0,0,0,652
12/21/2022,BWI,MD,AEA,EN,Towers with Radar,542,39,31,1,613,0,1,11,1,13,542,40,42,2,626,0,0,0,626
12/22/2022,BWI,MD,AEA,EN,Towers with Radar,509,36,11,0,556,0,0,0,0,0,509,36,11,0,556,0,0,0,556
12/23/2022,BWI,MD,AEA,EN,Towers with Radar,394,31,12,0,437,0,0,0,0,0,394,31,12,0,437,0,0,0,437
12/24/2022,BWI,MD,AEA,EN,Towers with Radar,342,24,26,0,392,0,1,0,0,1,342,25,26,0,393,0,0,0,393
12/25/2022,BWI,MD,AEA,EN,Towers with Radar,295,13,7,0,315,0,0,0,0,0,295,13,7,0,315,0,0,0,315
12/26/2022,BWI,MD,AEA,EN,Towers with Radar,247,37,24,0,308,0,0,3,0,3,247,37,27,0,311,0,0,0,311
12/27/2022,BWI,MD,AEA,EN,Towers with Radar,309,37,42,0,388,0,0,4,0,4,309,37,46,0,392,0,0,0,392
12/28/2022,BWI,MD,AEA,EN,Towers with Radar,374,66,43,0,483,0,1,7,0,8,374,67,50,0,491,0,0,0,491
12/29/2022,BWI,MD,AEA,EN,Towers with Radar,370,46,17,0,433,0,2,6,1,9,370,48,23,1,442,0,0,0,442
12/30/2022,BWI,MD,AEA,EN,Towers with Radar,553,40,18,0,611,0,0,5,0,5,553,40,23,0,616,0,0,0,616
12/31/2022,BWI,MD,AEA,EN,Towers with Radar,490,19,9,0,518,0,0,2,0,2,490,19,11,0,520,0,0,0,520
01/01/2023,BWI,MD,AEA,EN,Towers with Radar,491,25,24,0,540,0,0,2,0,2,491,25,26,0,542,0,0,0,542
01/02/2023,BWI,MD,AEA,EN,Towers with Radar,497,36,25,0,558,0,2,11,0,13,497,38,36,0,571,0,0,0,571
01/03/2023,BWI,MD,AEA,EN,Towers with Radar,564,41,16,0,621,0,0,2,0,2,564,41,18,0,623,0,0,0,623
01/04/2023,BWI,MD,AEA,EN,Towers with Radar,533,39,28,4,604,0,2,1,0,3,533,41,29,4,607,0,0,0,607
01/05/2023,BWI,MD,AEA,EN,Towers with Radar,538,43,32,3,616,0,0,4,1,5,538,43,36,4,621,0,0,0,621
01/06/2023,BWI,MD,AEA,EN,Towers with Radar,545,51,17,0,613,0,0,1,0,1,545,51,18,0,614,0,0,0,614
01/07/2023,BWI,MD,AEA,EN,Towers with Radar,481,22,14,0,517,0,0,6,1,7,481,22,20,1,524,0,0,0,524
01/08/2023,BWI,MD,AEA,EN,Towers with Radar,520,28,19,0,567,0,1,2,0,3,520,29,21,0,570,0,0,0,570
01/09/2023,BWI,MD,AEA,EN,Towers with Radar,544,31,22,4,601,0,0,4,1,5,544,31,26,5,606,0,0,0,606
01/10/2023,BWI,MD,AEA,EN,Towers with Radar,539,33,16,1,589,0,1,4,1,6,539,34,20,2,595,0,0,0,595
01/11/2023,BWI,MD,AEA,EN,Towers with Radar,490,40,6,1,537,0,1,15,1,17,490,41,21,2,554,0,0,0,554
01/12/2023,BWI,MD,AEA,EN,Towers with Radar,560,51,23,6,640,0,0,3,0,3,560,51,26,6,643,0,0,0,643
01/13/2023,BWI,MD,AEA,EN,Towers with Radar,550,53,9,2,614,0,0,1,2,3,550,53,10,4,617,0,0,0,617
01/14/2023,BWI,MD,AEA,EN,Towers with Radar,479,29,15,3,526,0,0,2,0,2,479,29,17,3,528,0,0,0,528
01/15/2023,BWI,MD,AEA,EN,Towers with Radar,515,26,16,0,557,0,0,4,0,4,515,26,20,0,561,0,0,0,561
01/16/2023,BWI,MD,AEA,EN,Towers with Radar,540,41,27,2,610,0,0,9,2,11,540,41,36,4,621,0,0,0,621
01/17/2023,BWI,MD,AEA,EN,Towers with Radar,545,63,29,2,639,0,1,0,0,1,545,64,29,2,640,0,0,0,640
01/18/2023,BWI,MD,AEA,EN,Towers with Radar,537,51,39,1,628,0,0,6,1,7,537,51,45,2,635,0,0,0,635
01/19/2023,BWI,MD,AEA,EN,Towers with Radar,538,51,13,0,602,0,0,0,0,0,538,51,13,0,602,0,0,0,602
01/20/2023,BWI,MD,AEA,EN,Towers with Radar,556,47,8,0,611,0,0,0,0,0,556,47,8,0,611,0,0,0,611
01/21/2023,BWI,MD,AEA,EN,Towers with Radar,470,31,20,0,521,0,0,3,0,3,470,31,23,0,524,0,0,0,524
01/22/2023,BWI,MD,AEA,EN,Towers with Radar,517,26,10,0,553,0,0,0,0,0,517,26,10,0,553,0,0,0,553
01/23/2023,BWI,MD,AEA,EN,Towers with Radar,533,36,22,2,593,0,0,0,1,1,533,36,22,3,594,0,0,0,594
01/24/2023,BWI,MD,AEA,EN,Towers with Radar,546,39,31,1,617,0,1,2,1,4,546,40,33,2,621,0,0,0,621
01/25/2023,BWI,MD,AEA,EN,Towers with Radar,524,48,11,0,583,0,0,0,0,0,524,48,11,0,583,0,0,0,583
01/26/2023,BWI,MD,AEA,EN,Towers with Radar,540,47,32,2,621,0,2,0,1,3,540,49,32,3,624,0,0,0,624
01/27/2023,BWI,MD,AEA,EN,Towers with Radar,552,46,22,2,622,0,0,6,1,7,552,46,28,3,629,0,0,0,629
01/28/2023,BWI,MD,AEA,EN,Towers with Radar,476,29,25,1,531,0,1,11,0,12,476,30,36,1,543,0,0,0,543
01/29/2023,BWI,MD,AEA,EN,Towers with Radar,513,27,21,0,561,0,0,2,0,2,513,27,23,0,563,0,0,0,563
01/30/2023,BWI,MD,AEA,EN,Towers with Radar,536,31,11,1,579,0,0,3,0,3,536,31,14,1,582,0,0,0,582
01/31/2023,BWI,MD,AEA,EN,Towers with Radar,507,48,19,2,576,0,0,0,2,2,507,48,19,4,578,0,0,0,578
02/01/2023,BWI,MD,AEA,EN,Towers with Radar,513,49,38,3,603,0,0,0,1,1,513,49,38,4,604,0,0,0,604
02/02/2023,BWI,MD,AEA,EN,Towers with Radar,526,42,24,5,597,0,0,2,0,2,526,42,26,5,599,0,0,0,599
02/03/2023,BWI,MD,AEA,EN,Towers with Radar,558,47,15,2,622,0,0,0,0,0,558,47,15,2,622,0,0,0,622
02/04/2023,BWI,MD,AEA,EN,Towers with Radar,457,29,23,2,511,0,1,3,0,4,457,30,26,2,515,0,0,0,515
02/05/2023,BWI,MD,AEA,EN,Towers with Radar,526,26,22,7,581,0,2,0,1,3,526,28,22,8,584,0,0,0,584
02/06/2023,BWI,MD,AEA,EN,Towers with Radar,543,37,21,5,606,0,2,1,2,5,543,39,22,7,611,0,0,0,611
02/07/2023,BWI,MD,AEA,EN,Towers with Radar,537,52,25,2,616,0,0,12,1,13,537,52,37,3,629,0,0,0,629
02/08/2023,BWI,MD,AEA,EN,Towers with Radar,539,43,29,1,612,0,2,12,0,14,539,45,41,1,626,0,0,0,626
02/09/2023,BWI,MD,AEA,EN,Towers with Radar,539,59,24,5,627,0,0,8,2,10,539,59,32,7,637,0,0,0,637
02/10/2023,BWI,MD,AEA,EN,Towers with Radar,554,45,17,1,617,0,0,14,0,14,554,45,31,1,631,0,0,0,631
02/11/2023,BWI,MD,AEA,EN,Towers with Radar,466,33,13,2,514,0,0,6,2,8,466,33,19,4,522,0,0,0,522
02/12/2023,BWI,MD,AEA,EN,Towers with Radar,507,28,10,0,545,0,1,0,0,1,507,29,10,0,546,0,0,0,546
02/13/2023,BWI,MD,AEA,EN,Towers with Radar,546,36,16,5,603,0,0,3,0,3,546,36,19,5,606,0,0,0,606
02/14/2023,BWI,MD,AEA,EN,Towers with Radar,540,46,15,3,604,0,0,5,1,6,540,46,20,4,610,0,0,0,610
02/15/2023,BWI,MD,AEA,EN,Towers with Radar,528,48,24,3,603,0,0,4,0,4,528,48,28,3,607,0,0,0,607
02/16/2023,BWI,MD,AEA,EN,Towers with Radar,535,51,28,3,617,0,0,0,3,3,535,51,28,6,620,0,0,0,620
02/17/2023,BWI,MD,AEA,EN,Towers with Radar,557,43,11,0,611,0,2,0,0,2,557,45,11,0,613,0,0,0,613
02/18/2023,BWI,MD,AEA,EN,Towers with Radar,477,27,17,0,521,0,0,4,0,4,477,27,21,0,525,0,0,0,525
02/19/2023,BWI,MD,AEA,EN,Towers with Radar,515,23,9,2,549,0,1,4,0,5,515,24,13,2,554,0,0,0,554
02/20/2023,BWI,MD,AEA,EN,Towers with Radar,548,41,26,2,617,0,1,5,1,7,548,42,31,3,624,0,0,0,624
02/21/2023,BWI,MD,AEA,EN,Towers with Radar,541,40,11,0,592,0,0,0,0,0,541,40,11,0,592,0,0,0,592
02/22/2023,BWI,MD,AEA,EN,Towers with Radar,517,43,15,0,575,0,0,0,0,0,517,43,15,0,575,0,0,0,575
02/23/2023,BWI,MD,AEA,EN,Towers with Radar,524,50,33,4,611,0,0,7,2,9,524,50,40,6,620,0,0,0,620
02/24/2023,BWI,MD,AEA,EN,Towers with Radar,544,60,25,1,630,0,0,0,1,1,544,60,25,2,631,0,0,0,631
02/25/2023,BWI,MD,AEA,EN,Towers with Radar,482,28,6,1,517,0,0,0,0,0,482,28,6,1,517,0,0,0,517
02/26/2023,BWI,MD,AEA,EN,Towers with Radar,515,23,24,0,562,0,0,1,0,1,515,23,25,0,563,0,0,0,563
02/27/2023,BWI,MD,AEA,EN,Towers with Radar,544,22,17,0,583,0,0,3,0,3,544,22,20,0,586,0,0,0,586
02/28/2023,BWI,MD,AEA,EN,Towers with Radar,544,37,17,1,599,0,0,0,1,1,544,37,17,2,600,0,0,0,600
03/01/2023,BWI,MD,AEA,EN,Towers with Radar,532,51,29,9,621,0,0,6,3,9,532,51,35,12,630,0,0,0,630
03/02/2023,BWI,MD,AEA,EN,Towers with Radar,538,38,34,6,616,0,2,1,2,5,538,40,35,8,621,0,0,0,621
03/03/2023,BWI,MD,AEA,EN,Towers with Radar,536,39,18,0,593,0,1,1,0,2,536,40,19,0,595,0,0,0,595
03/04/2023,BWI,MD,AEA,EN,Towers with Radar,473,21,7,0,501,0,2,0,0,2,473,23,7,0,503,0,0,0,503
03/05/2023,BWI,MD,AEA,EN,Towers with Radar,519,26,23,0,568,0,1,2,0,3,519,27,25,0,571,0,0,0,571
03/06/2023,BWI,MD,AEA,EN,Towers with Radar,549,32,27,1,609,0,0,6,0,6,549,32,33,1,615,0,0,0,615
03/07/2023,BWI,MD,AEA,EN,Towers with Radar,529,40,18,4,591,0,3,0,4,7,529,43,18,8,598,0,0,0,598
03/08/2023,BWI,MD,AEA,EN,Towers with Radar,532,56,32,4,624,0,1,2,3,6,532,57,34,7,630,0,0,0,630
03/09/2023,BWI,MD,AEA,EN,Towers with Radar,550,46,32,6,634,0,0,4,6,10,550,46,36,12,644,0,0,0,644
03/10/2023,BWI,MD,AEA,EN,Towers with Radar,573,43,17,5,638,0,0,0,0,0,573,43,17,5,638,0,0,0,638
03/11/2023,BWI,MD,AEA,EN,Towers with Radar,496,35,14,0,545,0,0,2,0,2,496,35,16,0,547,0,0,0,547
03/12/2023,BWI,MD,AEA,EN,Towers with Radar,507,26,22,0,555,0,1,1,0,2,507,27,23,0,557,0,0,0,557
03/13/2023,BWI,MD,AEA,EN,Towers with Radar,568,35,13,1,617,0,0,0,2,2,568,35,13,3,619,0,0,0,619
03/14/2023,BWI,MD,AEA,EN,Towers with Radar,528,40,8,1,577,0,1,2,1,4,528,41,10,2,581,0,0,0,581
03/15/2023,BWI,MD,AEA,EN,Towers with Radar,557,44,11,5,617,0,0,0,0,0,557,44,11,5,617,0,0,0,617
03/16/2023,BWI,MD,AEA,EN,Towers with Radar,562,55,22,5,644,0,0,14,2,16,562,55,36,7,660,0,0,0,660
03/17/2023,BWI,MD,AEA,EN,Towers with Radar,584,38,17,0,639,0,1,2,0,3,584,39,19,0,642,0,0,0,642
03/18/2023,BWI,MD,AEA,EN,Towers with Radar,500,33,15,0,548,0,0,3,0,3,500,33,18,0,551,0,0,0,551
03/19/2023,BWI,MD,AEA,EN,Towers with Radar,525,37,23,0,585,0,2,2,0,4,525,39,25,0,589,0,0,0,589
03/20/2023,BWI,MD,AEA,EN,Towers with Radar,575,31,26,1,633,0,1,9,0,10,575,32,35,1,643,0,0,0,643
03/21/2023,BWI,MD,AEA,EN,Towers with Radar,571,45,27,2,645,0,0,16,2,18,571,45,43,4,663,0,0,0,663
03/22/2023,BWI,MD,AEA,EN,Towers with Radar,560,41,22,3,626,0,1,12,3,16,560,42,34,6,642,0,0,0,642
03/23/2023,BWI,MD,AEA,EN,Towers with Radar,570,51,22,3,646,0,0,2,1,3,570,51,24,4,649,0,0,0,649
03/24/2023,BWI,MD,AEA,EN,Towers with Radar,575,39,27,4,645,0,0,1,0,1,575,39,28,4,646,0,0,0,646
03/25/2023,BWI,MD,AEA,EN,Towers with Radar,511,27,17,1,556,0,0,0,0,0,511,27,17,1,556,0,0,0,556
03/26/2023,BWI,MD,AEA,EN,Towers with Radar,500,33,16,0,549,0,0,3,0,3,500,33,19,0,552,0,0,0,552
03/27/2023,BWI,MD,AEA,EN,Towers with Radar,581,36,19,1,637,0,1,2,2,5,581,37,21,3,642,0,0,0,642
03/28/2023,BWI,MD,AEA,EN,Towers with Radar,570,45,32,2,649,0,2,5,0,7,570,47,37,2,656,0,0,0,656
03/29/2023,BWI,MD,AEA,EN,Towers with Radar,572,44,21,4,641,0,1,6,0,7,572,45,27,4,648,0,0,0,648
03/30/2023,BWI,MD,AEA,EN,Towers with Radar,562,37,26,2,627,0,0,12,4,16,562,37,38,6,643,0,0,0,643
03/31/2023,BWI,MD,AEA,EN,Towers with Radar,558,41,18,0,617,0,0,3,1,4,558,41,21,1,621,0,0,0,621
04/01/2023,BWI,MD,AEA,EN,Towers with Radar,458,18,6,0,482,0,0,0,0,0,458,18,6,0,482,0,0,0,482
04/02/2023,BWI,MD,AEA,EN,Towers with Radar,522,33,17,2,574,0,4,0,0,4,522,37,17,2,578,0,0,0,578
04/03/2023,BWI,MD,AEA,EN,Towers with Radar,570,32,17,2,621,0,0,3,0,3,570,32,20,2,624,0,0,0,624
04/04/2023,BWI,MD,AEA,EN,Towers with Radar,567,40,31,0,638,0,0,7,0,7,567,40,38,0,645,0,0,0,645
04/05/2023,BWI,MD,AEA,EN,Towers with Radar,562,42,29,3,636,0,1,5,2,8,562,43,34,5,644,0,0,0,644
04/06/2023,BWI,MD,AEA,EN,Towers with Radar,574,55,38,0,667,0,2,0,0,2,574,57,38,0,669,0,0,0,669
04/07/2023,BWI,MD,AEA,EN,Towers with Radar,595,45,27,2,669,0,1,6,0,7,595,46,33,2,676,0,0,0,676
04/08/2023,BWI,MD,AEA,EN,Towers with Radar,531,33,12,2,578,0,3,4,1,8,531,36,16,3,586,0,0,0,586
04/09/2023,BWI,MD,AEA,EN,Towers with Radar,529,27,17,0,573,0,0,0,0,0,529,27,17,0,573,0,0,0,573
04/10/2023,BWI,MD,AEA,EN,Towers with Radar,583,45,25,3,656,0,1,3,1,5,583,46,28,4,661,0,0,0,661
04/11/2023,BWI,MD,AEA,EN,Towers with Radar,596,52,24,1,673,0,0,10,1,11,596,52,34,2,684,0,0,0,684
04/12/2023,BWI,MD,AEA,EN,Towers with Radar,590,73,31,2,696,0,0,10,2,12,590,73,41,4,708,0,0,0,708
04/13/2023,BWI,MD,AEA,EN,Towers with Radar,587,60,23,0,670,0,2,6,0,8,587,62,29,0,678,0,0,0,678
04/14/2023,BWI,MD,AEA,EN,Towers with Radar,602,66,25,4,697,0,3,6,0,9,602,69,31,4,706,0,0,0,706
04/15/2023,BWI,MD,AEA,EN,Towers with Radar,516,49,6,0,571,0,0,0,0,0,516,49,6,0,571,0,0,0,571
04/16/2023,BWI,MD,AEA,EN,Towers with Radar,579,49,24,2,654,0,1,1,0,2,579,50,25,2,656,0,0,0,656
04/17/2023,BWI,MD,AEA,EN,Towers with Radar,611,41,27,9,688,0,0,7,2,9,611,41,34,11,697,0,0,0,697
04/18/2023,BWI,MD,AEA,EN,Towers with Radar,600,52,23,3,678,0,2,8,2,12,600,54,31,5,690,0,0,0,690
04/19/2023,BWI,MD,AEA,EN,Towers with Radar,604,44,25,2,675,0,1,10,4,15,604,45,35,6,690,0,0,0,690
04/20/2023,BWI,MD,AEA,EN,Towers with Radar,591,50,36,3,680,0,2,11,2,15,591,52,47,5,695,0,0,0,695
04/21/2023,BWI,MD,AEA,EN,Towers with Radar,618,53,30,2,703,0,0,5,0,5,618,53,35,2,708,0,0,0,708
04/22/2023,BWI,MD,AEA,EN,Towers with Radar,528,28,17,1,574,0,3,0,0,3,528,31,17,1,577,0,0,0,577
04/23/2023,BWI,MD,AEA,EN,Towers with Radar,604,43,28,0,675,0,0,14,0,14,604,43,42,0,689,0,0,0,689
04/24/2023,BWI,MD,AEA,EN,Towers with Radar,606,35,24,2,667,0,0,7,3,10,606,35,31,5,677,0,0,0,677
04/25/2023,BWI,MD,AEA,EN,Towers with Radar,598,33,39,0,670,0,0,9,0,9,598,33,48,0,679,0,0,0,679
04/26/2023,BWI,MD,AEA,EN,Towers with Radar,594,42,25,2,663,0,1,5,7,13,594,43,30,9,676,0,0,0,676
04/27/2023,BWI,MD,AEA,EN,Towers with Radar,588,50,23,0,661,0,1,10,0,11,588,51,33,0,672,0,0,0,672
04/28/2023,BWI,MD,AEA,EN,Towers with Radar,601,45,13,0,659,0,0,0,0,0,601,45,13,0,659,0,0,0,659
04/29/2023,BWI,MD,AEA,EN,Towers with Radar,536,32,17,0,585,0,0,0,0,0,536,32,17,0,585,0,0,0,585
04/30/2023,BWI,MD,AEA,EN,Towers with Radar,585,39,18,0,642,0,0,0,0,0,585,39,18,0,642,0,0,0,642
05/01/2023,BWI,MD,AEA,EN,Towers with Radar,622,40,17,5,684,0,0,1,0,1,622,40,18,5,685,0,0,0,685
05/02/2023,BWI,MD,AEA,EN,Towers with Radar,605,47,23,2,677,0,1,1,0,2,605,48,24,2,679,0,0,0,679
05/03/2023,BWI,MD,AEA,EN,Towers with Radar,601,54,39,1,695,0,0,5,0,5,601,54,44,1,700,0,0,0,700
05/04/2023,BWI,MD,AEA,EN,Towers with Radar,601,57,35,0,693,0,0,7,0,7,601,57,42,0,700,0,0,0,700
05/05/2023,BWI,MD,AEA,EN,Towers with Radar,615,47,27,0,689,0,0,7,1,8,615,47,34,1,697,0,0,0,697
05/06/2023,BWI,MD,AEA,EN,Towers with Radar,539,29,20,0,588,0,1,8,0,9,539,30,28,0,597,0,0,0,597
05/07/2023,BWI,MD,AEA,EN,Towers with Radar,581,38,14,0,633,0,0,4,0,4,581,38,18,0,637,0,0,0,637
05/08/2023,BWI,MD,AEA,EN,Towers with Radar,613,54,25,3,695,0,0,1,2,3,613,54,26,5,698,0,0,0,698
05/09/2023,BWI,MD,AEA,EN,Towers with Radar,606,48,19,3,676,0,2,1,0,3,606,50,20,3,679,0,0,0,679
05/10/2023,BWI,MD,AEA,EN,Towers with Radar,603,42,37,1,683,0,0,13,1,14,603,42,50,2,697,0,0,0,697
05/11/2023,BWI,MD,AEA,EN,Towers with Radar,603,58,29,1,691,0,2,18,0,20,603,60,47,1,711,0,0,0,711
05/12/2023,BWI,MD,AEA,EN,Towers with Radar,619,59,18,1,697,0,2,8,0,10,619,61,26,1,707,0,0,0,707
05/13/2023,BWI,MD,AEA,EN,Towers with Radar,531,19,10,1,561,0,2,0,0,2,531,21,10,1,563,0,0,0,563
05/14/2023,BWI,MD,AEA,EN,Towers with Radar,584,30,22,0,636,0,0,9,0,9,584,30,31,0,645,0,0,0,645
05/15/2023,BWI,MD,AEA,EN,Towers with Radar,615,61,31,1,708,0,1,3,2,6,615,62,34,3,714,0,0,0,714
05/16/2023,BWI,MD,AEA,EN,Towers with Radar,607,56,30,0,693,0,0,2,0,2,607,56,32,0,695,0,0,0,695
05/17/2023,BWI,MD,AEA,EN,Towers with Radar,609,72,31,6,718,0,0,5,2,7,609,72,36,8,725,0,0,0,725
05/18/2023,BWI,MD,AEA,EN,Towers with Radar,606,63,21,0,690,0,0,4,0,4,606,63,25,0,694,0,0,0,694
05/19/2023,BWI,MD,AEA,EN,Towers with Radar,613,56,50,0,719,0,1,4,0,5,613,57,54,0,724,0,0,0,724
05/20/2023,BWI,MD,AEA,EN,Towers with Radar,540,48,26,1,615,0,1,0,0,1,540,49,26,1,616,0,0,0,616
05/21/2023,BWI,MD,AEA,EN,Towers with Radar,584,45,36,0,665,0,3,5,0,8,584,48,41,0,673,0,0,0,673
05/22/2023,BWI,MD,AEA,EN,Towers with Radar,612,47,32,0,691,0,1,7,0,8,612,48,39,0,699,0,0,0,699
05/23/2023,BWI,MD,AEA,EN,Towers with Radar,611,63,35,2,711,0,1,5,5,11,611,64,40,7,722,0,0,0,722
05/24/2023,BWI,MD,AEA,EN,Towers with Radar,596,64,42,4,706,0,1,11,1,13,596,65,53,5,719,0,0,0,719
05/25/2023,BWI,MD,AEA,EN,Towers with Radar,628,63,32,2,725,0,0,3,2,5,628,63,35,4,730,0,0,0,730
05/26/2023,BWI,MD,AEA,EN,Towers with Radar,613,46,28,1,688,0,0,5,0,5,613,46,33,1,693,0,0,0,693
05/27/2023,BWI,MD,AEA,EN,Towers with Radar,531,28,20,0,579,0,0,8,0,8,531,28,28,0,587,0,0,0,587
05/28/2023,BWI,MD,AEA,EN,Towers with Radar,552,27,11,0,590,0,0,0,0,0,552,27,11,0,590,0,0,0,590
05/29/2023,BWI,MD,AEA,EN,Towers with Radar,605,38,19,0,662,0,0,0,2,2,605,38,19,2,664,0,0,0,664
05/30/2023,BWI,MD,AEA,EN,Towers with Radar,600,24,19,0,643,0,2,4,0,6,600,26,23,0,649,0,0,0,649
05/31/2023,BWI,MD,AEA,EN,Towers with Radar,612,42,25,3,682,0,2,11,2,15,612,44,36,5,697,0,0,0,697
06/01/2023,BWI,MD,AEA,EN,Towers with Radar,599,43,26,2,670,0,0,10,2,12,599,43,36,4,682,0,0,0,682
06/02/2023,BWI,MD,AEA,EN,Towers with Radar,616,53,30,2,701,0,0,5,0,5,616,53,35,2,706,0,0,0,706
06/03/2023,BWI,MD,AEA,EN,Towers with Radar,545,23,19,0,587,0,0,4,0,4,545,23,23,0,591,0,0,0,591
06/04/2023,BWI,MD,AEA,EN,Towers with Radar,574,35,22,1,632,0,1,3,0,4,574,36,25,1,636,0,0,0,636
06/05/2023,BWI,MD,AEA,EN,Towers with Radar,605,35,22,1,663,0,0,6,1,7,605,35,28,2,670,0,0,0,670
06/06/2023,BWI,MD,AEA,EN,Towers with Radar,600,33,25,0,658,0,2,4,0,6,600,35,29,0,664,0,0,0,664
06/07/2023,BWI,MD,AEA,EN,Towers with Radar,605,56,43,5,709,0,0,3,0,3,605,56,46,5,712,0,0,0,712
06/08/2023,BWI,MD,AEA,EN,Towers with Radar,606,44,38,3,691,0,0,0,0,0,606,44,38,3,691,0,0,0,691
06/09/2023,BWI,MD,AEA,EN,Towers with Radar,611,40,26,0,677,0,0,2,4,6,611,40,28,4,683,0,0,0,683
06/10/2023,BWI,MD,AEA,EN,Towers with Radar,556,36,20,1,613,0,0,3,0,3,556,36,23,1,616,0,0,0,616
06/11/2023,BWI,MD,AEA,EN,Towers with Radar,592,54,32,0,678,0,2,6,0,8,592,56,38,0,686,0,0,0,686
06/12/2023,BWI,MD,AEA,EN,Towers with Radar,613,38,17,0,668,0,0,0,0,0,613,38,17,0,668,0,0,0,668
06/13/2023,BWI,MD,AEA,EN,Towers with Radar,607,38,25,2,672,0,0,7,0,7,607,38,32,2,679,0,0,0,679
06/14/2023,BWI,MD,AEA,EN,Towers with Radar,622,39,31,1,693,0,0,3,1,4,622,39,34,2,697,0,0,0,697
06/15/2023,BWI,MD,AEA,EN,Towers with Radar,609,45,30,3,687,0,2,12,2,16,609,47,42,5,703,0,0,0,703
06/16/2023,BWI,MD,AEA,EN,Towers with Radar,631,52,24,3,710,0,0,1,0,1,631,52,25,3,711,0,0,0,711
06/17/2023,BWI,MD,AEA,EN,Towers with Radar,548,40,26,1,615,0,0,4,0,4,548,40,30,1,619,0,0,0,619
06/18/2023,BWI,MD,AEA,EN,Towers with Radar,588,32,18,0,638,0,1,9,0,10,588,33,27,0,648,0,0,0,648
06/19/2023,BWI,MD,AEA,EN,Towers with Radar,607,36,29,2,674,0,2,4,0,6,607,38,33,2,680,0,0,0,680
06/20/2023,BWI,MD,AEA,EN,Towers with Radar,611,47,17,1,676,0,0,5,1,6,611,47,22,2,682,0,0,0,682
06/21/2023,BWI,MD,AEA,EN,Towers with Radar,597,61,28,1,687,0,1,0,0,1,597,62,28,1,688,0,0,0,688
06/22/2023,BWI,MD,AEA,EN,Towers with Radar,605,68,17,8,698,0,0,0,0,0,605,68,17,8,698,0,0,0,698
06/23/2023,BWI,MD,AEA,EN,Towers with Radar,610,31,21,0,662,0,0,0,0,0,610,31,21,0,662,0,0,0,662
06/24/2023,BWI,MD,AEA,EN,Towers with Radar,555,41,18,0,614,0,0,0,0,0,555,41,18,0,614,0,0,0,614
06/25/2023,BWI,MD,AEA,EN,Towers with Radar,522,38,33,0,593,0,0,9,0,9,522,38,42,0,602,0,0,0,602
06/26/2023,BWI,MD,AEA,EN,Towers with Radar,580,44,21,1,646,0,1,3,2,6,580,45,24,3,652,0,0,0,652
06/27/2023,BWI,MD,AEA,EN,Towers with Radar,595,35,36,2,668,0,0,0,0,0,595,35,36,2,668,0,0,0,668
06/28/2023,BWI,MD,AEA,EN,Towers with Radar,619,49,29,0,697,0,0,6,0,6,619,49,35,0,703,0,0,0,703
06/29/2023,BWI,MD,AEA,EN,Towers with Radar,602,50,33,3,688,0,0,0,0,0,602,50,33,3,688,0,0,0,688
06/30/2023,BWI,MD,AEA,EN,Towers with Radar,582,51,18,0,651,0,0,2,0,2,582,51,20,0,653,0,0,0,653
07/01/2023,BWI,MD,AEA,EN,Towers with Radar,554,31,19,0,604,0,0,3,0,3,554,31,22,0,607,0,0,0,607
07/02/2023,BWI,MD,AEA,EN,Towers with Radar,599,15,8,0,622,0,0,0,0,0,599,15,8,0,622,0,0,0,622
07/03/2023,BWI,MD,AEA,EN,Towers with Radar,580,31,16,1,628,0,0,3,0,3,580,31,19,1,631,0,0,0,631
07/04/2023,BWI,MD,AEA,EN,Towers with Radar,563,18,11,0,592,0,0,5,0,5,563,18,16,0,597,0,0,0,597
07/05/2023,BWI,MD,AEA,EN,Towers with Radar,561,35,21,1,618,0,0,5,0,5,561,35,26,1,623,0,0,0,623
07/06/2023,BWI,MD,AEA,EN,Towers with Radar,636,50,23,1,710,0,0,6,1,7,636,50,29,2,717,0,0,0,717
07/07/2023,BWI,MD,AEA,EN,Towers with Radar,582,51,17,3,653,0,0,8,0,8,582,51,25,3,661,0,0,0,661
07/08/2023,BWI,MD,AEA,EN,Towers with Radar,580,33,13,0,626,0,0,4,0,4,580,33,17,0,630,0,0,0,630
07/09/2023,BWI,MD,AEA,EN,Towers with Radar,549,30,19,0,598,0,0,0,0,0,549,30,19,0,598,0,0,0,598
07/10/2023,BWI,MD,AEA,EN,Towers with Radar,625,35,37,1,698,0,1,6,0,7,625,36,43,1,705,0,0,0,705
07/11/2023,BWI,MD,AEA,EN,Towers with Radar,617,53,41,0,711,0,1,5,0,6,617,54,46,0,717,0,0,0,717
07/12/2023,BWI,MD,AEA,EN,Towers with Radar,625,56,28,2,711,0,1,3,2,6,625,57,31,4,717,0,0,0,717
07/13/2023,BWI,MD,AEA,EN,Towers with Radar,640,49,27,0,716,0,2,9,0,11,640,51,36,0,727,0,0,0,727
07/14/2023,BWI,MD,AEA,EN,Towers with Radar,586,35,27,2,650,0,0,8,1,9,586,35,35,3,659,0,0,0,659
07/15/2023,BWI,MD,AEA,EN,Towers with Radar,610,29,17,0,656,0,1,9,0,10,610,30,26,0,666,0,0,0,666
07/16/2023,BWI,MD,AEA,EN,Towers with Radar,575,36,27,0,638,0,0,2,0,2,575,36,29,0,640,0,0,0,640
07/17/2023,BWI,MD,AEA,EN,Towers with Radar,648,42,23,3,716,0,1,5,0,6,648,43,28,3,722,0,0,0,722
07/18/2023,BWI,MD,AEA,EN,Towers with Radar,624,29,32,2,687,0,0,11,0,11,624,29,43,2,698,0,0,0,698
07/19/2023,BWI,MD,AEA,EN,Towers with Radar,646,52,28,0,726,0,0,2,0,2,646,52,30,0,728,0,0,0,728
07/20/2023,BWI,MD,AEA,EN,Towers with Radar,633,49,27,3,712,0,1,10,4,15,633,50,37,7,727,0,0,0,727
07/21/2023,BWI,MD,AEA,EN,Towers with Radar,624,66,41,3,734,0,1,2,0,3,624,67,43,3,737,0,0,0,737
07/22/2023,BWI,MD,AEA,EN,Towers with Radar,598,27,18,3,646,0,1,4,0,5,598,28,22,3,651,0,0,0,651
07/23/2023,BWI,MD,AEA,EN,Towers with Radar,587,35,33,0,655,0,0,7,1,8,587,35,40,1,663,0,0,0,663
07/24/2023,BWI,MD,AEA,EN,Towers with Radar,630,40,29,0,699,0,0,5,0,5,630,40,34,0,704,0,0,0,704
07/25/2023,BWI,MD,AEA,EN,Towers with Radar,624,38,17,2,681,0,1,2,0,3,624,39,19,2,684,0,0,0,684
07/26/2023,BWI,MD,AEA,EN,Towers with Radar,646,34,23,2,705,0,1,4,2,7,646,35,27,4,712,0,0,0,712
07/27/2023,BWI,MD,AEA,EN,Towers with Radar,626,51,18,2,697,0,0,0,0,0,626,51,18,2,697,0,0,0,697
07/28/2023,BWI,MD,AEA,EN,Towers with Radar,574,45,20,4,643,0,1,1,0,2,574,46,21,4,645,0,0,0,645
07/29/2023,BWI,MD,AEA,EN,Towers with Radar,570,34,25,1,630,0,1,2,0,3,570,35,27,1,633,0,0,0,633
07/30/2023,BWI,MD,AEA,EN,Towers with Radar,621,39,22,1,683,0,0,2,0,2,621,39,24,1,685,0,0,0,685
07/31/2023,BWI,MD,AEA,EN,Towers with Radar,643,25,26,0,694,0,0,8,0,8,643,25,34,0,702,0,0,0,702
08/01/2023,BWI,MD,AEA,EN,Towers with Radar,633,42,19,2,696,0,1,13,0,14,633,43,32,2,710,0,0,0,710
08/02/2023,BWI,MD,AEA,EN,Towers with Radar,624,42,34,3,703,0,2,8,3,13,624,44,42,6,716,0,0,0,716
08/03/2023,BWI,MD,AEA,EN,Towers with Radar,647,45,32,6,730,0,0,2,0,2,647,45,34,6,732,0,0,0,732
08/04/2023,BWI,MD,AEA,EN,Towers with Radar,640,44,18,0,702,0,2,2,0,4,640,46,20,0,706,0,0,0,706
08/05/2023,BWI,MD,AEA,EN,Towers with Radar,600,28,15,0,643,0,0,2,0,2,600,28,17,0,645,0,0,0,645
08/06/2023,BWI,MD,AEA,EN,Towers with Radar,574,31,22,0,627,0,0,2,0,2,574,31,24,0,629,0,0,0,629
08/07/2023,BWI,MD,AEA,EN,Towers with Radar,466,26,15,3,510,0,0,0,0,0,466,26,15,3,510,0,0,0,510
08/08/2023,BWI,MD,AEA,EN,Towers with Radar,670,41,35,3,749,0,1,0,1,2,670,42,35,4,751,0,0,0,751
08/09/2023,BWI,MD,AEA,EN,Towers with Radar,633,39,30,4,706,0,0,9,2,11,633,39,39,6,717,0,0,0,717
08/10/2023,BWI,MD,AEA,EN,Towers with Radar,647,48,15,0,710,0,1,17,2,20,647,49,32,2,730,0,0,0,730
08/11/2023,BWI,MD,AEA,EN,Towers with Radar,647,34,30,2,713,0,1,20,1,22,647,35,50,3,735,0,0,0,735
08/12/2023,BWI,MD,AEA,EN,Towers with Radar,599,30,23,0,652,0,0,6,0,6,599,30,29,0,658,0,0,0,658
08/13/2023,BWI,MD,AEA,EN,Towers with Radar,598,29,20,0,647,0,0,2,0,2,598,29,22,0,649,0,0,0,649
08/14/2023,BWI,MD,AEA,EN,Towers with Radar,611,40,20,7,678,0,1,9,0,10,611,41,29,7,688,0,0,0,688
08/15/2023,BWI,MD,AEA,EN,Towers with Radar,632,37,31,0,700,0,0,3,0,3,632,37,34,0,703,0,0,0,703
08/16/2023,BWI,MD,AEA,EN,Towers with Radar,613,38,32,3,686,0,1,3,3,7,613,39,35,6,693,0,0,0,693
08/17/2023,BWI,MD,AEA,EN,Towers with Radar,619,48,40,3,710,0,0,3,3,6,619,48,43,6,716,0,0,0,716
08/18/2023,BWI,MD,AEA,EN,Towers with Radar,628,43,22,1,694,0,0,7,3,10,628,43,29,4,704,0,0,0,704
08/19/2023,BWI,MD,AEA,EN,Towers with Radar,556,25,19,0,600,0,0,9,0,9,556,25,28,0,609,0,0,0,609
08/20/2023,BWI,MD,AEA,EN,Towers with Radar,610,28,33,0,671,0,0,5,0,5,610,28,38,0,676,0,0,0,676
08/21/2023,BWI,MD,AEA,EN,Towers with Radar,619,30,24,3,676,0,0,10,0,10,619,30,34,3,686,0,0,0,686
08/22/2023,BWI,MD,AEA,EN,Towers with Radar,608,34,20,4,666,0,3,10,0,13,608,37,30,4,679,0,0,0,679
08/23/2023,BWI,MD,AEA,EN,Towers with Radar,604,42,38,3,687,0,1,7,1,9,604,43,45,4,696,0,0,0,696
08/24/2023,BWI,MD,AEA,EN,Towers with Radar,618,37,20,6,681,0,1,8,0,9,618,38,28,6,690,0,0,0,690
08/25/2023,BWI,MD,AEA,EN,Towers with Radar,641,36,24,0,701,0,0,8,0,8,641,36,32,0,709,0,0,0,709
08/26/2023,BWI,MD,AEA,EN,Towers with Radar,563,28,30,1,622,0,0,6,2,8,563,28,36,3,630,0,0,0,630
08/27/2023,BWI,MD,AEA,EN,Towers with Radar,603,22,28,0,653,0,0,10,0,10,603,22,38,0,663,0,0,0,663
08/28/2023,BWI,MD,AEA,EN,Towers with Radar,613,27,31,1,672,0,0,5,0,5,613,27,36,1,677,0,0,0,677
08/29/2023,BWI,MD,AEA,EN,Towers with Radar,582,47,17,2,648,0,1,0,0,1,582,48,17,2,649,0,0,0,649
08/30/2023,BWI,MD,AEA,EN,Towers with Radar,569,39,29,0,637,0,0,2,0,2,569,39,31,0,639,0,0,0,639
08/31/2023,BWI,MD,AEA,EN,Towers with Radar,615,37,31,2,685,0,2,6,2,10,615,39,37,4,695,0,0,0,695
