01/01/2020,BZN,MT,ANM,WE,Federal Contract Tower,64,38,33,0,135,0,3,3,0,6,64,41,36,0,141,0,0,0,141
01/02/2020,BZN,MT,ANM,WE,Federal Contract Tower,67,65,39,0,171,0,5,28,0,33,67,70,67,0,204,54,0,54,258
01/03/2020,BZN,MT,ANM,WE,Federal Contract Tower,61,76,55,0,192,0,2,39,0,41,61,78,94,0,233,56,0,56,289
01/04/2020,BZN,MT,ANM,WE,Federal Contract Tower,66,73,41,0,180,0,2,6,0,8,66,75,47,0,188,0,0,0,188
01/05/2020,BZN,MT,ANM,WE,Federal Contract Tower,69,39,39,0,147,0,0,41,0,41,69,39,80,0,188,20,0,20,208
01/06/2020,BZN,MT,ANM,WE,Federal Contract Tower,43,31,22,0,96,0,0,18,0,18,43,31,40,0,114,22,0,22,136
01/07/2020,BZN,MT,ANM,WE,Federal Contract Tower,41,37,27,0,105,0,2,65,0,67,41,39,92,0,172,82,0,82,254
01/08/2020,BZN,MT,ANM,WE,Federal Contract Tower,40,34,27,0,101,0,2,19,0,21,40,36,46,0,122,30,0,30,152
01/10/2020,BZN,MT,ANM,WE,Federal Contract Tower,46,32,39,0,117,0,3,60,0,63,46,35,99,0,180,94,0,94,274
01/11/2020,BZN,MT,ANM,WE,Federal Contract Tower,53,31,25,0,109,0,3,47,0,50,53,34,72,0,159,44,0,44,203
01/12/2020,BZN,MT,ANM,WE,Federal Contract Tower,49,31,41,0,121,0,4,11,0,15,49,35,52,0,136,2,0,2,138
01/13/2020,BZN,MT,ANM,WE,Federal Contract Tower,48,28,9,0,85,0,1,39,0,40,48,29,48,0,125,48,0,48,173
01/14/2020,BZN,MT,ANM,WE,Federal Contract Tower,47,26,13,0,86,0,2,12,0,14,47,28,25,0,100,24,0,24,124
01/15/2020,BZN,MT,ANM,WE,Federal Contract Tower,42,44,23,0,109,0,7,126,0,133,42,51,149,0,242,172,0,172,414
01/16/2020,BZN,MT,ANM,WE,Federal Contract Tower,50,54,66,0,170,0,7,95,0,102,50,61,161,0,272,108,0,108,380
01/17/2020,BZN,MT,ANM,WE,Federal Contract Tower,46,82,54,1,183,0,2,23,0,25,46,84,77,1,208,76,0,76,284
01/18/2020,BZN,MT,ANM,WE,Federal Contract Tower,51,24,13,0,88,0,1,83,2,86,51,25,96,2,174,164,0,164,338
01/19/2020,BZN,MT,ANM,WE,Federal Contract Tower,48,33,20,1,102,0,4,57,1,62,48,37,77,2,164,46,0,46,210
01/20/2020,BZN,MT,ANM,WE,Federal Contract Tower,42,102,68,0,212,0,2,124,0,126,42,104,192,0,338,130,0,130,468
01/21/2020,BZN,MT,ANM,WE,Federal Contract Tower,43,50,47,0,140,0,2,133,0,135,43,52,180,0,275,174,0,174,449
01/22/2020,BZN,MT,ANM,WE,Federal Contract Tower,40,49,22,0,111,0,1,113,0,114,40,50,135,0,225,184,0,184,409
01/23/2020,BZN,MT,ANM,WE,Federal Contract Tower,46,47,22,0,115,0,0,69,0,69,46,47,91,0,184,162,0,162,346
01/24/2020,BZN,MT,ANM,WE,Federal Contract Tower,48,52,33,2,135,0,0,115,0,115,48,52,148,2,250,192,0,192,442
01/25/2020,BZN,MT,ANM,WE,Federal Contract Tower,52,27,34,0,113,0,0,76,0,76,52,27,110,0,189,52,0,52,241
01/26/2020,BZN,MT,ANM,WE,Federal Contract Tower,52,42,31,0,125,0,3,20,0,23,52,45,51,0,148,2,0,2,150
01/27/2020,BZN,MT,ANM,WE,Federal Contract Tower,46,32,27,0,105,0,5,62,0,67,46,37,89,0,172,110,0,110,282
01/28/2020,BZN,MT,ANM,WE,Federal Contract Tower,47,36,20,6,109,0,3,50,0,53,47,39,70,6,162,104,0,104,266
01/29/2020,BZN,MT,ANM,WE,Federal Contract Tower,41,50,52,6,149,0,3,131,0,134,41,53,183,6,283,182,0,182,465
01/30/2020,BZN,MT,ANM,WE,Federal Contract Tower,46,53,38,0,137,0,2,116,0,118,46,55,154,0,255,110,0,110,365
01/31/2020,BZN,MT,ANM,WE,Federal Contract Tower,46,41,26,0,113,0,4,66,0,70,46,45,92,0,183,100,0,100,283
02/01/2020,BZN,MT,ANM,WE,Federal Contract Tower,50,18,23,0,91,0,2,3,0,5,50,20,26,0,96,10,0,10,106
02/02/2020,BZN,MT,ANM,WE,Federal Contract Tower,47,36,30,0,113,0,0,0,0,0,47,36,30,0,113,0,0,0,113
02/03/2020,BZN,MT,ANM,WE,Federal Contract Tower,44,43,56,2,145,0,1,76,0,77,44,44,132,2,222,82,0,82,304
02/04/2020,BZN,MT,ANM,WE,Federal Contract Tower,43,43,41,0,127,0,0,135,2,137,43,43,176,2,264,140,0,140,404
02/05/2020,BZN,MT,ANM,WE,Federal Contract Tower,39,43,28,0,110,0,0,5,10,15,39,43,33,10,125,10,0,10,135
02/06/2020,BZN,MT,ANM,WE,Federal Contract Tower,47,31,30,0,108,0,0,0,0,0,47,31,30,0,108,0,0,0,108
02/07/2020,BZN,MT,ANM,WE,Federal Contract Tower,46,41,31,0,118,0,2,15,4,21,46,43,46,4,139,14,0,14,153
02/08/2020,BZN,MT,ANM,WE,Federal Contract Tower,54,19,18,0,91,0,0,6,0,6,54,19,24,0,97,0,0,0,97
02/09/2020,BZN,MT,ANM,WE,Federal Contract Tower,50,30,47,0,127,0,4,36,0,40,50,34,83,0,167,20,0,20,187
02/10/2020,BZN,MT,ANM,WE,Federal Contract Tower,44,29,42,0,115,0,3,83,2,88,44,32,125,2,203,114,0,114,317
02/11/2020,BZN,MT,ANM,WE,Federal Contract Tower,44,23,24,0,91,0,2,73,2,77,44,25,97,2,168,126,0,126,294
02/12/2020,BZN,MT,ANM,WE,Federal Contract Tower,42,41,33,0,116,0,0,27,0,27,42,41,60,0,143,78,0,78,221
02/13/2020,BZN,MT,ANM,WE,Federal Contract Tower,56,97,73,0,226,0,2,140,0,142,56,99,213,0,368,148,0,148,516
02/14/2020,BZN,MT,ANM,WE,Federal Contract Tower,52,67,58,0,177,0,1,14,0,15,52,68,72,0,192,4,0,4,196
02/15/2020,BZN,MT,ANM,WE,Federal Contract Tower,58,48,42,0,148,0,5,5,0,10,58,53,47,0,158,10,0,10,168
02/16/2020,BZN,MT,ANM,WE,Federal Contract Tower,59,32,31,0,122,0,2,3,0,5,59,34,34,0,127,0,0,0,127
02/17/2020,BZN,MT,ANM,WE,Federal Contract Tower,49,79,80,0,208,0,0,11,0,11,49,79,91,0,219,10,0,10,229
02/18/2020,BZN,MT,ANM,WE,Federal Contract Tower,51,58,54,0,163,0,3,101,0,104,51,61,155,0,267,98,0,98,365
02/19/2020,BZN,MT,ANM,WE,Federal Contract Tower,51,47,45,0,143,0,0,92,0,92,51,47,137,0,235,60,0,60,295
02/20/2020,BZN,MT,ANM,WE,Federal Contract Tower,53,51,50,0,154,0,2,139,0,141,53,53,189,0,295,110,0,110,405
02/21/2020,BZN,MT,ANM,WE,Federal Contract Tower,50,40,66,0,156,0,3,130,0,133,50,43,196,0,289,172,0,172,461
02/22/2020,BZN,MT,ANM,WE,Federal Contract Tower,59,32,38,0,129,0,1,100,0,101,59,33,138,0,230,114,0,114,344
02/23/2020,BZN,MT,ANM,WE,Federal Contract Tower,62,42,52,2,158,0,2,36,0,38,62,44,88,2,196,6,0,6,202
02/24/2020,BZN,MT,ANM,WE,Federal Contract Tower,52,15,21,0,88,0,0,10,0,10,52,15,31,0,98,44,0,44,142
02/25/2020,BZN,MT,ANM,WE,Federal Contract Tower,50,40,31,0,121,0,3,85,0,88,50,43,116,0,209,132,0,132,341
02/26/2020,BZN,MT,ANM,WE,Federal Contract Tower,50,45,46,3,144,0,0,125,0,125,50,45,171,3,269,264,4,268,537
02/27/2020,BZN,MT,ANM,WE,Federal Contract Tower,54,37,45,0,136,0,2,121,0,123,54,39,166,0,259,166,6,172,431
02/28/2020,BZN,MT,ANM,WE,Federal Contract Tower,49,32,53,1,135,0,2,122,0,124,49,34,175,1,259,142,0,142,401
02/29/2020,BZN,MT,ANM,WE,Federal Contract Tower,59,32,18,0,109,0,5,35,0,40,59,37,53,0,149,14,0,14,163
03/01/2020,BZN,MT,ANM,WE,Federal Contract Tower,62,25,36,0,123,0,2,27,0,29,62,27,63,0,152,16,0,16,168
03/02/2020,BZN,MT,ANM,WE,Federal Contract Tower,52,19,24,2,97,0,0,93,3,96,52,19,117,5,193,194,15,209,402
03/03/2020,BZN,MT,ANM,WE,Federal Contract Tower,52,28,25,0,105,0,2,17,0,19,52,30,42,0,124,36,0,36,160
03/04/2020,BZN,MT,ANM,WE,Federal Contract Tower,53,28,21,0,102,0,4,4,0,8,53,32,25,0,110,0,0,0,110
03/05/2020,BZN,MT,ANM,WE,Federal Contract Tower,55,50,54,0,159,0,4,148,0,152,55,54,202,0,311,220,6,226,537
03/06/2020,BZN,MT,ANM,WE,Federal Contract Tower,52,59,40,0,151,0,6,115,0,121,52,65,155,0,272,134,0,134,406
03/07/2020,BZN,MT,ANM,WE,Federal Contract Tower,64,36,34,0,134,0,1,60,0,61,64,37,94,0,195,94,0,94,289
03/08/2020,BZN,MT,ANM,WE,Federal Contract Tower,59,55,55,0,169,0,0,10,0,10,59,55,65,0,179,2,0,2,181
03/09/2020,BZN,MT,ANM,WE,Federal Contract Tower,51,29,24,0,104,0,0,9,0,9,51,29,33,0,113,28,0,28,141
03/10/2020,BZN,MT,ANM,WE,Federal Contract Tower,51,36,33,0,120,0,1,89,0,90,51,37,122,0,210,96,0,96,306
03/11/2020,BZN,MT,ANM,WE,Federal Contract Tower,51,42,39,0,132,0,2,35,0,37,51,44,74,0,169,90,0,90,259
03/12/2020,BZN,MT,ANM,WE,Federal Contract Tower,57,64,51,0,172,0,1,101,0,102,57,65,152,0,274,234,0,234,508
03/13/2020,BZN,MT,ANM,WE,Federal Contract Tower,53,61,66,2,182,0,0,60,0,60,53,61,126,2,242,104,0,104,346
03/14/2020,BZN,MT,ANM,WE,Federal Contract Tower,71,67,30,0,168,0,0,0,0,0,71,67,30,0,168,0,0,0,168
03/15/2020,BZN,MT,ANM,WE,Federal Contract Tower,64,47,35,0,146,0,0,9,0,9,64,47,44,0,155,0,0,0,155
03/16/2020,BZN,MT,ANM,WE,Federal Contract Tower,55,60,49,0,164,0,0,48,0,48,55,60,97,0,212,244,0,244,456
03/17/2020,BZN,MT,ANM,WE,Federal Contract Tower,57,51,49,0,157,0,0,63,0,63,57,51,112,0,220,88,0,88,308
03/18/2020,BZN,MT,ANM,WE,Federal Contract Tower,46,33,19,0,98,0,0,9,0,9,46,33,28,0,107,60,0,60,167
03/19/2020,BZN,MT,ANM,WE,Federal Contract Tower,51,26,18,0,95,0,0,5,0,5,51,26,23,0,100,64,0,64,164
03/21/2020,BZN,MT,ANM,WE,Federal Contract Tower,40,18,24,0,82,0,4,102,0,106,40,22,126,0,188,102,0,102,290
03/22/2020,BZN,MT,ANM,WE,Federal Contract Tower,40,14,11,0,65,0,1,55,0,56,40,15,66,0,121,30,0,30,151
03/23/2020,BZN,MT,ANM,WE,Federal Contract Tower,26,13,20,0,59,0,0,87,0,87,26,13,107,0,146,314,0,314,460
03/24/2020,BZN,MT,ANM,WE,Federal Contract Tower,34,15,11,0,60,0,0,25,0,25,34,15,36,0,85,46,0,46,131
03/25/2020,BZN,MT,ANM,WE,Federal Contract Tower,26,20,4,0,50,0,0,14,0,14,26,20,18,0,64,52,0,52,116
03/26/2020,BZN,MT,ANM,WE,Federal Contract Tower,30,20,22,0,72,0,1,91,0,92,30,21,113,0,164,162,0,162,326
03/27/2020,BZN,MT,ANM,WE,Federal Contract Tower,22,17,11,0,50,0,4,68,0,72,22,21,79,0,122,170,0,170,292
03/28/2020,BZN,MT,ANM,WE,Federal Contract Tower,29,11,4,0,44,0,0,11,0,11,29,11,15,0,55,0,0,0,55
03/29/2020,BZN,MT,ANM,WE,Federal Contract Tower,20,12,16,0,48,0,2,51,0,53,20,14,67,0,101,56,0,56,157
03/30/2020,BZN,MT,ANM,WE,Federal Contract Tower,17,14,15,0,46,0,0,30,0,30,17,14,45,0,76,26,0,26,102
03/31/2020,BZN,MT,ANM,WE,Federal Contract Tower,18,19,2,0,39,0,0,9,0,9,18,19,11,0,48,16,0,16,64
04/01/2020,BZN,MT,ANM,WE,Federal Contract Tower,22,11,2,0,35,0,0,6,0,6,22,11,8,0,41,24,0,24,65
04/02/2020,BZN,MT,ANM,WE,Federal Contract Tower,19,10,15,0,44,0,2,35,0,37,19,12,50,0,81,44,0,44,125
04/03/2020,BZN,MT,ANM,WE,Federal Contract Tower,14,19,10,0,43,0,0,30,0,30,14,19,40,0,73,22,0,22,95
04/04/2020,BZN,MT,ANM,WE,Federal Contract Tower,14,8,14,0,36,0,1,59,0,60,14,9,73,0,96,30,0,30,126
04/05/2020,BZN,MT,ANM,WE,Federal Contract Tower,13,2,5,0,20,0,4,13,0,17,13,6,18,0,37,56,0,56,93
04/06/2020,BZN,MT,ANM,WE,Federal Contract Tower,10,5,7,0,22,0,2,22,0,24,10,7,29,0,46,4,0,4,50
04/07/2020,BZN,MT,ANM,WE,Federal Contract Tower,12,11,12,0,35,0,0,21,0,21,12,11,33,0,56,10,0,10,66
04/08/2020,BZN,MT,ANM,WE,Federal Contract Tower,14,19,15,0,48,0,1,70,0,71,14,20,85,0,119,50,0,50,169
04/09/2020,BZN,MT,ANM,WE,Federal Contract Tower,16,18,5,0,39,0,0,62,0,62,16,18,67,0,101,59,0,59,160
04/10/2020,BZN,MT,ANM,WE,Federal Contract Tower,15,27,11,0,53,0,0,59,0,59,15,27,70,0,112,88,0,88,200
04/11/2020,BZN,MT,ANM,WE,Federal Contract Tower,12,11,0,0,23,0,0,0,0,0,12,11,0,0,23,0,0,0,23
04/12/2020,BZN,MT,ANM,WE,Federal Contract Tower,9,3,4,0,16,0,0,16,0,16,9,3,20,0,32,14,0,14,46
04/13/2020,BZN,MT,ANM,WE,Federal Contract Tower,14,4,7,0,25,0,1,34,0,35,14,5,41,0,60,78,0,78,138
04/14/2020,BZN,MT,ANM,WE,Federal Contract Tower,15,10,18,0,43,0,0,17,0,17,15,10,35,0,60,36,0,36,96
04/15/2020,BZN,MT,ANM,WE,Federal Contract Tower,12,14,8,0,34,0,0,10,0,10,12,14,18,0,44,4,0,4,48
04/16/2020,BZN,MT,ANM,WE,Federal Contract Tower,9,15,19,0,43,0,0,20,0,20,9,15,39,0,63,20,0,20,83
04/17/2020,BZN,MT,ANM,WE,Federal Contract Tower,11,13,19,1,44,0,0,40,0,40,11,13,59,1,84,24,0,24,108
04/18/2020,BZN,MT,ANM,WE,Federal Contract Tower,9,21,12,0,42,0,1,50,0,51,9,22,62,0,93,62,0,62,155
04/19/2020,BZN,MT,ANM,WE,Federal Contract Tower,8,9,11,0,28,0,0,21,0,21,8,9,32,0,49,24,0,24,73
04/20/2020,BZN,MT,ANM,WE,Federal Contract Tower,11,6,8,0,25,0,0,55,0,55,11,6,63,0,80,108,0,108,188
04/21/2020,BZN,MT,ANM,WE,Federal Contract Tower,11,13,14,1,39,0,2,50,6,58,11,15,64,7,97,16,0,16,113
04/22/2020,BZN,MT,ANM,WE,Federal Contract Tower,10,10,13,0,33,0,2,36,0,38,10,12,49,0,71,30,0,30,101
04/23/2020,BZN,MT,ANM,WE,Federal Contract Tower,12,9,7,0,28,0,1,5,0,6,12,10,12,0,34,4,0,4,38
04/24/2020,BZN,MT,ANM,WE,Federal Contract Tower,11,10,11,0,32,0,0,42,0,42,11,10,53,0,74,34,0,34,108
04/25/2020,BZN,MT,ANM,WE,Federal Contract Tower,9,11,9,0,29,0,2,57,0,59,9,13,66,0,88,38,0,38,126
04/26/2020,BZN,MT,ANM,WE,Federal Contract Tower,8,1,5,0,14,0,2,25,0,27,8,3,30,0,41,0,0,0,41
04/27/2020,BZN,MT,ANM,WE,Federal Contract Tower,12,9,14,0,35,0,0,66,0,66,12,9,80,0,101,168,0,168,269
04/28/2020,BZN,MT,ANM,WE,Federal Contract Tower,12,10,15,0,37,0,0,106,0,106,12,10,121,0,143,134,0,134,277
04/29/2020,BZN,MT,ANM,WE,Federal Contract Tower,8,15,24,0,47,0,0,151,0,151,8,15,175,0,198,188,0,188,386
04/30/2020,BZN,MT,ANM,WE,Federal Contract Tower,8,17,7,0,32,0,0,30,0,30,8,17,37,0,62,124,0,124,186
05/01/2020,BZN,MT,ANM,WE,Federal Contract Tower,12,23,26,0,61,0,2,106,0,108,12,25,132,0,169,184,0,184,353
05/02/2020,BZN,MT,ANM,WE,Federal Contract Tower,7,8,12,0,27,0,1,75,0,76,7,9,87,0,103,56,0,56,159
05/03/2020,BZN,MT,ANM,WE,Federal Contract Tower,11,3,7,0,21,0,2,14,0,16,11,5,21,0,37,12,0,12,49
05/04/2020,BZN,MT,ANM,WE,Federal Contract Tower,8,13,30,0,51,0,1,105,0,106,8,14,135,0,157,180,0,180,337
05/05/2020,BZN,MT,ANM,WE,Federal Contract Tower,8,16,33,0,57,0,0,140,0,140,8,16,173,0,197,204,0,204,401
05/06/2020,BZN,MT,ANM,WE,Federal Contract Tower,13,16,30,0,59,0,0,70,8,78,13,16,100,8,137,84,0,84,221
05/07/2020,BZN,MT,ANM,WE,Federal Contract Tower,10,20,26,0,56,0,0,21,0,21,10,20,47,0,77,36,0,36,113
05/08/2020,BZN,MT,ANM,WE,Federal Contract Tower,13,20,30,0,63,0,0,78,0,78,13,20,108,0,141,202,0,202,343
05/09/2020,BZN,MT,ANM,WE,Federal Contract Tower,14,18,48,0,80,0,0,92,0,92,14,18,140,0,172,102,0,102,274
05/10/2020,BZN,MT,ANM,WE,Federal Contract Tower,11,0,10,0,21,0,0,25,0,25,11,0,35,0,46,0,0,0,46
05/11/2020,BZN,MT,ANM,WE,Federal Contract Tower,11,7,7,0,25,0,2,7,0,9,11,9,14,0,34,34,0,34,68
05/12/2020,BZN,MT,ANM,WE,Federal Contract Tower,10,18,25,0,53,0,0,50,0,50,10,18,75,0,103,134,0,134,237
05/13/2020,BZN,MT,ANM,WE,Federal Contract Tower,10,9,43,0,62,0,4,83,0,87,10,13,126,0,149,114,0,114,263
05/14/2020,BZN,MT,ANM,WE,Federal Contract Tower,13,19,37,0,69,0,2,124,0,126,13,21,161,0,195,168,0,168,363
05/15/2020,BZN,MT,ANM,WE,Federal Contract Tower,10,19,14,0,43,0,3,34,0,37,10,22,48,0,80,108,0,108,188
05/16/2020,BZN,MT,ANM,WE,Federal Contract Tower,16,10,23,0,49,0,0,108,0,108,16,10,131,0,157,132,0,132,289
05/17/2020,BZN,MT,ANM,WE,Federal Contract Tower,12,2,8,0,22,0,2,35,0,37,12,4,43,0,59,76,0,76,135
05/18/2020,BZN,MT,ANM,WE,Federal Contract Tower,14,14,31,0,59,0,0,117,0,117,14,14,148,0,176,164,0,164,340
05/19/2020,BZN,MT,ANM,WE,Federal Contract Tower,12,14,25,0,51,0,1,83,0,84,12,15,108,0,135,188,0,188,323
05/20/2020,BZN,MT,ANM,WE,Federal Contract Tower,12,20,20,0,52,0,0,91,0,91,12,20,111,0,143,188,0,188,331
05/21/2020,BZN,MT,ANM,WE,Federal Contract Tower,16,12,19,0,47,0,3,14,0,17,16,15,33,0,64,16,0,16,80
05/22/2020,BZN,MT,ANM,WE,Federal Contract Tower,14,14,28,0,56,0,4,96,0,100,14,18,124,0,156,228,0,228,384
05/23/2020,BZN,MT,ANM,WE,Federal Contract Tower,12,16,14,0,42,0,0,5,0,5,12,16,19,0,47,12,0,12,59
05/24/2020,BZN,MT,ANM,WE,Federal Contract Tower,16,16,7,0,39,0,2,39,0,41,16,18,46,0,80,56,0,56,136
05/25/2020,BZN,MT,ANM,WE,Federal Contract Tower,13,18,17,0,48,0,2,83,0,85,13,20,100,0,133,36,0,36,169
05/26/2020,BZN,MT,ANM,WE,Federal Contract Tower,13,28,52,0,93,0,2,125,0,127,13,30,177,0,220,200,0,200,420
05/27/2020,BZN,MT,ANM,WE,Federal Contract Tower,12,34,23,0,69,0,3,161,0,164,12,37,184,0,233,186,0,186,419
05/28/2020,BZN,MT,ANM,WE,Federal Contract Tower,20,14,35,2,71,0,0,164,1,165,20,14,199,3,236,280,6,286,522
05/29/2020,BZN,MT,ANM,WE,Federal Contract Tower,14,15,29,0,58,0,1,110,2,113,14,16,139,2,171,182,0,182,353
05/30/2020,BZN,MT,ANM,WE,Federal Contract Tower,14,13,17,0,44,0,4,80,0,84,14,17,97,0,128,80,0,80,208
05/31/2020,BZN,MT,ANM,WE,Federal Contract Tower,18,9,19,0,46,0,0,38,0,38,18,9,57,0,84,26,0,26,110
06/01/2020,BZN,MT,ANM,WE,Federal Contract Tower,15,29,32,0,76,0,0,100,0,100,15,29,132,0,176,136,0,136,312
06/02/2020,BZN,MT,ANM,WE,Federal Contract Tower,14,16,34,0,64,0,1,140,0,141,14,17,174,0,205,166,0,166,371
06/03/2020,BZN,MT,ANM,WE,Federal Contract Tower,16,17,29,0,62,0,3,72,0,75,16,20,101,0,137,184,0,184,321
06/04/2020,BZN,MT,ANM,WE,Federal Contract Tower,20,20,29,0,69,0,0,120,0,120,20,20,149,0,189,198,0,198,387
06/05/2020,BZN,MT,ANM,WE,Federal Contract Tower,16,16,37,0,69,0,4,131,0,135,16,20,168,0,204,142,0,142,346
06/06/2020,BZN,MT,ANM,WE,Federal Contract Tower,19,18,22,0,59,0,0,64,0,64,19,18,86,0,123,74,0,74,197
06/07/2020,BZN,MT,ANM,WE,Federal Contract Tower,25,11,33,0,69,0,5,39,2,46,25,16,72,2,115,16,0,16,131
06/08/2020,BZN,MT,ANM,WE,Federal Contract Tower,18,18,24,0,60,0,1,2,0,3,18,19,26,0,63,6,0,6,69
06/09/2020,BZN,MT,ANM,WE,Federal Contract Tower,17,16,27,0,60,0,1,91,0,92,17,17,118,0,152,196,0,196,348
06/10/2020,BZN,MT,ANM,WE,Federal Contract Tower,19,25,30,6,80,0,1,135,0,136,19,26,165,6,216,230,18,248,464
06/11/2020,BZN,MT,ANM,WE,Federal Contract Tower,21,27,34,9,91,0,3,131,0,134,21,30,165,9,225,282,0,282,507
06/12/2020,BZN,MT,ANM,WE,Federal Contract Tower,18,13,45,0,76,0,3,119,0,122,18,16,164,0,198,194,2,196,394
06/13/2020,BZN,MT,ANM,WE,Federal Contract Tower,21,20,23,0,64,0,4,36,0,40,21,24,59,0,104,20,0,20,124
06/14/2020,BZN,MT,ANM,WE,Federal Contract Tower,27,12,18,0,57,0,0,10,0,10,27,12,28,0,67,0,0,0,67
06/15/2020,BZN,MT,ANM,WE,Federal Contract Tower,18,14,30,15,77,0,2,98,0,100,18,16,128,15,177,210,0,210,387
06/16/2020,BZN,MT,ANM,WE,Federal Contract Tower,16,13,15,0,44,0,3,3,0,6,16,16,18,0,50,4,0,4,54
06/17/2020,BZN,MT,ANM,WE,Federal Contract Tower,18,31,38,0,87,0,0,1,0,1,18,31,39,0,88,0,0,0,88
06/18/2020,BZN,MT,ANM,WE,Federal Contract Tower,22,34,31,0,87,0,3,81,0,84,22,37,112,0,171,198,0,198,369
06/19/2020,BZN,MT,ANM,WE,Federal Contract Tower,19,36,44,0,99,0,0,174,0,174,19,36,218,0,273,216,0,216,489
06/20/2020,BZN,MT,ANM,WE,Federal Contract Tower,22,34,32,0,88,0,2,78,0,80,22,36,110,0,168,86,0,86,254
06/21/2020,BZN,MT,ANM,WE,Federal Contract Tower,25,34,25,0,84,0,4,33,0,37,25,38,58,0,121,8,0,8,129
06/22/2020,BZN,MT,ANM,WE,Federal Contract Tower,20,31,44,2,97,0,1,141,1,143,20,32,185,3,240,142,6,148,388
06/23/2020,BZN,MT,ANM,WE,Federal Contract Tower,16,28,54,0,98,0,1,138,0,139,16,29,192,0,237,200,0,200,437
06/24/2020,BZN,MT,ANM,WE,Federal Contract Tower,18,54,42,0,114,0,2,151,0,153,18,56,193,0,267,190,0,190,457
06/25/2020,BZN,MT,ANM,WE,Federal Contract Tower,22,48,48,0,118,0,3,86,0,89,22,51,134,0,207,142,0,142,349
06/26/2020,BZN,MT,ANM,WE,Federal Contract Tower,21,42,59,0,122,0,0,118,0,118,21,42,177,0,240,122,0,122,362
06/27/2020,BZN,MT,ANM,WE,Federal Contract Tower,26,38,29,0,93,0,4,65,0,69,26,42,94,0,162,74,0,74,236
06/28/2020,BZN,MT,ANM,WE,Federal Contract Tower,29,49,39,0,117,0,0,11,0,11,29,49,50,0,128,14,0,14,142
06/29/2020,BZN,MT,ANM,WE,Federal Contract Tower,24,35,36,0,95,0,0,9,0,9,24,35,45,0,104,18,0,18,122
06/30/2020,BZN,MT,ANM,WE,Federal Contract Tower,21,41,40,0,102,0,5,74,0,79,21,46,114,0,181,176,0,176,357
07/01/2020,BZN,MT,ANM,WE,Federal Contract Tower,28,43,55,0,126,0,0,118,0,118,28,43,173,0,244,120,0,120,364
07/02/2020,BZN,MT,ANM,WE,Federal Contract Tower,32,40,77,0,149,0,0,156,0,156,32,40,233,0,305,142,0,142,447
07/03/2020,BZN,MT,ANM,WE,Federal Contract Tower,30,40,46,0,116,0,0,78,0,78,30,40,124,0,194,100,0,100,294
07/04/2020,BZN,MT,ANM,WE,Federal Contract Tower,33,27,13,0,73,0,6,70,0,76,33,33,83,0,149,88,0,88,237
07/05/2020,BZN,MT,ANM,WE,Federal Contract Tower,35,42,53,0,130,0,10,45,0,55,35,52,98,0,185,26,0,26,211
07/06/2020,BZN,MT,ANM,WE,Federal Contract Tower,35,39,49,0,123,0,2,128,0,130,35,41,177,0,253,178,0,178,431
07/07/2020,BZN,MT,ANM,WE,Federal Contract Tower,30,30,29,1,90,0,2,66,0,68,30,32,95,1,158,116,0,116,274
07/08/2020,BZN,MT,ANM,WE,Federal Contract Tower,35,28,44,0,107,0,1,176,1,178,35,29,220,1,285,220,0,220,505
07/09/2020,BZN,MT,ANM,WE,Federal Contract Tower,39,38,53,0,130,0,7,172,2,181,39,45,225,2,311,178,0,178,489
07/10/2020,BZN,MT,ANM,WE,Federal Contract Tower,38,32,49,24,143,0,2,94,0,96,38,34,143,24,239,116,6,122,361
07/11/2020,BZN,MT,ANM,WE,Federal Contract Tower,46,36,32,0,114,0,0,101,0,101,46,36,133,0,215,122,0,122,337
07/12/2020,BZN,MT,ANM,WE,Federal Contract Tower,43,32,41,0,116,0,0,66,0,66,43,32,107,0,182,36,0,36,218
07/13/2020,BZN,MT,ANM,WE,Federal Contract Tower,40,45,46,0,131,0,3,139,0,142,40,48,185,0,273,160,0,160,433
07/14/2020,BZN,MT,ANM,WE,Federal Contract Tower,34,37,50,6,127,0,3,178,0,181,34,40,228,6,308,228,12,240,548
07/15/2020,BZN,MT,ANM,WE,Federal Contract Tower,38,41,54,7,140,0,1,136,2,139,38,42,190,9,279,204,0,204,483
07/16/2020,BZN,MT,ANM,WE,Federal Contract Tower,44,28,53,0,125,0,1,158,0,159,44,29,211,0,284,190,0,190,474
07/17/2020,BZN,MT,ANM,WE,Federal Contract Tower,41,36,50,0,127,0,0,113,0,113,41,36,163,0,240,154,0,154,394
07/18/2020,BZN,MT,ANM,WE,Federal Contract Tower,46,44,27,0,117,0,1,79,0,80,46,45,106,0,197,48,0,48,245
07/19/2020,BZN,MT,ANM,WE,Federal Contract Tower,45,28,27,0,100,0,7,70,0,77,45,35,97,0,177,18,0,18,195
07/20/2020,BZN,MT,ANM,WE,Federal Contract Tower,43,22,48,0,113,0,1,129,0,130,43,23,177,0,243,170,0,170,413
07/21/2020,BZN,MT,ANM,WE,Federal Contract Tower,36,38,35,6,115,0,0,118,0,118,36,38,153,6,233,170,0,170,403
07/23/2020,BZN,MT,ANM,WE,Federal Contract Tower,46,33,43,0,122,0,0,54,0,54,46,33,97,0,176,78,0,78,254
07/24/2020,BZN,MT,ANM,WE,Federal Contract Tower,44,38,57,0,139,0,2,118,0,120,44,40,175,0,259,94,0,94,353
07/25/2020,BZN,MT,ANM,WE,Federal Contract Tower,48,30,36,2,116,0,2,83,2,87,48,32,119,4,203,104,0,104,307
07/26/2020,BZN,MT,ANM,WE,Federal Contract Tower,46,39,40,2,127,0,2,58,1,61,46,41,98,3,188,22,0,22,210
07/27/2020,BZN,MT,ANM,WE,Federal Contract Tower,42,22,41,1,106,0,4,139,3,146,42,26,180,4,252,186,24,210,462
07/28/2020,BZN,MT,ANM,WE,Federal Contract Tower,36,37,46,5,124,0,2,122,0,124,36,39,168,5,248,200,0,200,448
07/29/2020,BZN,MT,ANM,WE,Federal Contract Tower,41,37,54,0,132,0,1,115,0,116,41,38,169,0,248,144,0,144,392
07/31/2020,BZN,MT,ANM,WE,Federal Contract Tower,42,48,70,5,165,0,0,96,2,98,42,48,166,7,263,106,0,106,369
08/01/2020,BZN,MT,ANM,WE,Federal Contract Tower,48,41,42,1,132,0,0,101,8,109,48,41,143,9,241,62,0,62,303
08/02/2020,BZN,MT,ANM,WE,Federal Contract Tower,51,51,51,2,155,0,6,46,0,52,51,57,97,2,207,30,0,30,237
08/03/2020,BZN,MT,ANM,WE,Federal Contract Tower,47,28,50,2,127,0,4,64,0,68,47,32,114,2,195,114,0,114,309
08/04/2020,BZN,MT,ANM,WE,Federal Contract Tower,43,26,53,0,122,0,4,144,0,148,43,30,197,0,270,144,0,144,414
08/05/2020,BZN,MT,ANM,WE,Federal Contract Tower,43,39,39,2,123,0,3,139,0,142,43,42,178,2,265,164,0,164,429
08/06/2020,BZN,MT,ANM,WE,Federal Contract Tower,48,39,43,2,132,0,7,111,3,121,48,46,154,5,253,108,0,108,361
08/07/2020,BZN,MT,ANM,WE,Federal Contract Tower,44,44,52,1,141,0,0,119,0,119,44,44,171,1,260,125,0,125,385
08/08/2020,BZN,MT,ANM,WE,Federal Contract Tower,53,32,48,0,133,0,2,104,1,107,53,34,152,1,240,130,0,130,370
08/09/2020,BZN,MT,ANM,WE,Federal Contract Tower,52,33,58,0,143,0,1,84,0,85,52,34,142,0,228,44,0,44,272
08/10/2020,BZN,MT,ANM,WE,Federal Contract Tower,45,30,60,0,135,0,0,131,4,135,45,30,191,4,270,220,0,220,490
08/11/2020,BZN,MT,ANM,WE,Federal Contract Tower,39,35,28,0,102,0,0,119,0,119,39,35,147,0,221,198,0,198,419
08/12/2020,BZN,MT,ANM,WE,Federal Contract Tower,42,43,62,0,147,0,3,89,0,92,42,46,151,0,239,110,0,110,349
08/13/2020,BZN,MT,ANM,WE,Federal Contract Tower,47,39,50,1,137,0,0,126,0,126,47,39,176,1,263,110,2,112,375
08/14/2020,BZN,MT,ANM,WE,Federal Contract Tower,45,38,52,1,136,0,3,91,1,95,45,41,143,2,231,126,0,126,357
08/15/2020,BZN,MT,ANM,WE,Federal Contract Tower,50,38,33,1,122,0,5,97,1,103,50,43,130,2,225,78,0,78,303
08/16/2020,BZN,MT,ANM,WE,Federal Contract Tower,52,30,52,3,137,0,2,55,2,59,52,32,107,5,196,38,0,38,234
08/17/2020,BZN,MT,ANM,WE,Federal Contract Tower,44,38,53,1,136,0,3,129,0,132,44,41,182,1,268,198,0,198,466
08/18/2020,BZN,MT,ANM,WE,Federal Contract Tower,40,56,44,5,145,0,0,117,7,124,40,56,161,12,269,170,0,170,439
08/19/2020,BZN,MT,ANM,WE,Federal Contract Tower,44,42,49,1,136,0,6,132,0,138,44,48,181,1,274,98,0,98,372
08/20/2020,BZN,MT,ANM,WE,Federal Contract Tower,47,45,49,0,141,0,2,117,0,119,47,47,166,0,260,180,0,180,440
08/21/2020,BZN,MT,ANM,WE,Federal Contract Tower,47,32,55,0,134,0,7,163,0,170,47,39,218,0,304,181,0,181,485
08/22/2020,BZN,MT,ANM,WE,Federal Contract Tower,44,40,58,0,142,0,2,97,0,99,44,42,155,0,241,122,0,122,363
08/23/2020,BZN,MT,ANM,WE,Federal Contract Tower,50,45,54,0,149,0,4,57,0,61,50,49,111,0,210,48,0,48,258
08/24/2020,BZN,MT,ANM,WE,Federal Contract Tower,45,31,55,2,133,0,0,127,1,128,45,31,182,3,261,172,0,172,433
08/25/2020,BZN,MT,ANM,WE,Federal Contract Tower,40,31,42,0,113,0,2,91,0,93,40,33,133,0,206,118,0,118,324
08/26/2020,BZN,MT,ANM,WE,Federal Contract Tower,46,38,66,0,150,0,1,160,5,166,46,39,226,5,316,186,0,186,502
08/27/2020,BZN,MT,ANM,WE,Federal Contract Tower,47,33,38,0,118,0,4,102,0,106,47,37,140,0,224,146,0,146,370
08/28/2020,BZN,MT,ANM,WE,Federal Contract Tower,47,22,49,0,118,0,3,147,1,151,47,25,196,1,269,158,0,158,427
08/29/2020,BZN,MT,ANM,WE,Federal Contract Tower,45,27,31,0,103,0,6,144,0,150,45,33,175,0,253,108,0,108,361
08/30/2020,BZN,MT,ANM,WE,Federal Contract Tower,50,40,43,0,133,0,4,40,2,46,50,44,83,2,179,42,0,42,221
08/31/2020,BZN,MT,ANM,WE,Federal Contract Tower,46,32,40,0,118,0,1,129,4,134,46,33,169,4,252,178,0,178,430
09/01/2020,BZN,MT,ANM,WE,Federal Contract Tower,39,37,28,0,104,0,6,100,0,106,39,43,128,0,210,114,0,114,324
09/02/2020,BZN,MT,ANM,WE,Federal Contract Tower,42,53,43,0,138,0,0,71,0,71,42,53,114,0,209,90,0,90,299
09/03/2020,BZN,MT,ANM,WE,Federal Contract Tower,50,30,55,4,139,0,4,163,0,167,50,34,218,4,306,182,0,182,488
09/04/2020,BZN,MT,ANM,WE,Federal Contract Tower,50,45,53,1,149,0,0,130,1,131,50,45,183,2,280,232,0,232,512
09/05/2020,BZN,MT,ANM,WE,Federal Contract Tower,45,30,21,3,99,0,4,105,4,113,45,34,126,7,212,64,0,64,276
09/06/2020,BZN,MT,ANM,WE,Federal Contract Tower,48,25,30,3,106,0,6,95,0,101,48,31,125,3,207,6,0,6,213
09/07/2020,BZN,MT,ANM,WE,Federal Contract Tower,49,34,43,0,126,0,3,5,0,8,49,37,48,0,134,14,0,14,148
09/08/2020,BZN,MT,ANM,WE,Federal Contract Tower,37,19,52,1,109,0,0,150,0,150,37,19,202,1,259,244,0,244,503
09/09/2020,BZN,MT,ANM,WE,Federal Contract Tower,39,35,52,2,128,0,4,175,1,180,39,39,227,3,308,240,0,240,548
09/10/2020,BZN,MT,ANM,WE,Federal Contract Tower,44,23,59,0,126,0,3,146,0,149,44,26,205,0,275,140,0,140,415
09/11/2020,BZN,MT,ANM,WE,Federal Contract Tower,42,32,35,1,110,0,1,156,1,158,42,33,191,2,268,214,0,214,482
09/12/2020,BZN,MT,ANM,WE,Federal Contract Tower,41,23,25,0,89,0,5,138,0,143,41,28,163,0,232,162,0,162,394
09/13/2020,BZN,MT,ANM,WE,Federal Contract Tower,43,21,56,2,122,0,0,86,0,86,43,21,142,2,208,12,0,12,220
09/14/2020,BZN,MT,ANM,WE,Federal Contract Tower,44,27,52,3,126,0,8,9,0,17,44,35,61,3,143,12,0,12,155
09/15/2020,BZN,MT,ANM,WE,Federal Contract Tower,33,26,52,5,116,0,1,111,5,117,33,27,163,10,233,268,0,268,501
09/16/2020,BZN,MT,ANM,WE,Federal Contract Tower,37,34,68,1,140,0,1,121,0,122,37,35,189,1,262,336,0,336,598
09/17/2020,BZN,MT,ANM,WE,Federal Contract Tower,44,31,59,1,135,0,0,84,0,84,44,31,143,1,219,202,0,202,421
09/18/2020,BZN,MT,ANM,WE,Federal Contract Tower,42,33,52,4,131,0,0,109,0,109,42,33,161,4,240,120,0,120,360
09/19/2020,BZN,MT,ANM,WE,Federal Contract Tower,42,19,23,2,86,0,0,47,0,47,42,19,70,2,133,104,0,104,237
09/20/2020,BZN,MT,ANM,WE,Federal Contract Tower,46,22,45,2,115,0,0,44,6,50,46,22,89,8,165,8,0,8,173
09/21/2020,BZN,MT,ANM,WE,Federal Contract Tower,44,32,34,7,117,0,3,166,0,169,44,35,200,7,286,182,0,182,468
09/22/2020,BZN,MT,ANM,WE,Federal Contract Tower,34,25,97,0,156,0,2,127,0,129,34,27,224,0,285,150,0,150,435
09/23/2020,BZN,MT,ANM,WE,Federal Contract Tower,38,25,44,0,107,0,4,195,0,199,38,29,239,0,306,186,0,186,492
09/24/2020,BZN,MT,ANM,WE,Federal Contract Tower,44,31,27,0,102,0,2,82,0,84,44,33,109,0,186,174,0,174,360
09/25/2020,BZN,MT,ANM,WE,Federal Contract Tower,42,36,49,2,129,0,6,128,0,134,42,42,177,2,263,150,0,150,413
09/26/2020,BZN,MT,ANM,WE,Federal Contract Tower,41,30,23,0,94,0,3,28,0,31,41,33,51,0,125,64,0,64,189
09/27/2020,BZN,MT,ANM,WE,Federal Contract Tower,45,26,30,1,102,0,0,38,0,38,45,26,68,1,140,0,0,0,140
09/28/2020,BZN,MT,ANM,WE,Federal Contract Tower,44,32,43,0,119,0,0,139,0,139,44,32,182,0,258,132,0,132,390
09/29/2020,BZN,MT,ANM,WE,Federal Contract Tower,34,28,28,0,90,0,3,158,0,161,34,31,186,0,251,156,0,156,407
09/30/2020,BZN,MT,ANM,WE,Federal Contract Tower,38,22,38,0,98,0,2,209,0,211,38,24,247,0,309,340,0,340,649
10/01/2020,BZN,MT,ANM,WE,Federal Contract Tower,43,24,42,0,109,0,0,171,0,171,43,24,213,0,280,218,0,218,498
10/02/2020,BZN,MT,ANM,WE,Federal Contract Tower,43,33,46,0,122,0,1,167,0,168,43,34,213,0,290,218,0,218,508
10/03/2020,BZN,MT,ANM,WE,Federal Contract Tower,39,19,39,0,97,0,0,119,0,119,39,19,158,0,216,80,2,82,298
10/04/2020,BZN,MT,ANM,WE,Federal Contract Tower,39,15,36,0,90,0,3,47,0,50,39,18,83,0,140,6,0,6,146
10/05/2020,BZN,MT,ANM,WE,Federal Contract Tower,40,25,38,2,105,0,5,141,0,146,40,30,179,2,251,140,0,140,391
10/06/2020,BZN,MT,ANM,WE,Federal Contract Tower,31,19,23,0,73,0,2,125,0,127,31,21,148,0,200,150,0,150,350
10/07/2020,BZN,MT,ANM,WE,Federal Contract Tower,31,28,46,1,106,0,5,155,1,161,31,33,201,2,267,260,0,260,527
10/08/2020,BZN,MT,ANM,WE,Federal Contract Tower,33,21,32,0,86,0,2,125,0,127,33,23,157,0,213,214,0,214,427
10/09/2020,BZN,MT,ANM,WE,Federal Contract Tower,36,24,43,1,104,0,2,155,0,157,36,26,198,1,261,210,0,210,471
10/10/2020,BZN,MT,ANM,WE,Federal Contract Tower,34,26,18,0,78,0,1,51,0,52,34,27,69,0,130,64,0,64,194
10/11/2020,BZN,MT,ANM,WE,Federal Contract Tower,36,18,27,1,82,0,2,4,0,6,36,20,31,1,88,0,0,0,88
10/12/2020,BZN,MT,ANM,WE,Federal Contract Tower,38,23,23,1,85,0,0,7,0,7,38,23,30,1,92,0,0,0,92
10/13/2020,BZN,MT,ANM,WE,Federal Contract Tower,26,21,26,5,78,0,0,63,0,63,26,21,89,5,141,108,0,108,249
10/14/2020,BZN,MT,ANM,WE,Federal Contract Tower,30,13,12,0,55,0,1,8,4,13,30,14,20,4,68,6,0,6,74
10/15/2020,BZN,MT,ANM,WE,Federal Contract Tower,34,18,26,0,78,0,2,55,0,57,34,20,81,0,135,74,0,74,209
10/16/2020,BZN,MT,ANM,WE,Federal Contract Tower,36,22,37,0,95,0,3,76,0,79,36,25,113,0,174,96,0,96,270
10/17/2020,BZN,MT,ANM,WE,Federal Contract Tower,35,22,17,0,74,0,0,0,0,0,35,22,17,0,74,0,0,0,74
10/18/2020,BZN,MT,ANM,WE,Federal Contract Tower,35,20,19,0,74,0,0,0,0,0,35,20,19,0,74,0,0,0,74
10/19/2020,BZN,MT,ANM,WE,Federal Contract Tower,37,14,30,0,81,0,0,92,0,92,37,14,122,0,173,188,0,188,361
10/20/2020,BZN,MT,ANM,WE,Federal Contract Tower,28,18,39,0,85,0,1,127,0,128,28,19,166,0,213,214,0,214,427
10/21/2020,BZN,MT,ANM,WE,Federal Contract Tower,29,29,27,0,85,0,0,41,0,41,29,29,68,0,126,54,0,54,180
10/22/2020,BZN,MT,ANM,WE,Federal Contract Tower,33,20,23,0,76,0,4,56,0,60,33,24,79,0,136,140,0,140,276
10/23/2020,BZN,MT,ANM,WE,Federal Contract Tower,34,21,54,0,109,0,2,150,2,154,34,23,204,2,263,256,0,256,519
10/24/2020,BZN,MT,ANM,WE,Federal Contract Tower,34,16,10,0,60,0,0,0,0,0,34,16,10,0,60,0,0,0,60
10/25/2020,BZN,MT,ANM,WE,Federal Contract Tower,35,15,24,0,74,0,2,34,0,36,35,17,58,0,110,10,0,10,120
10/26/2020,BZN,MT,ANM,WE,Federal Contract Tower,36,25,26,0,87,0,2,89,0,91,36,27,115,0,178,174,0,174,352
10/27/2020,BZN,MT,ANM,WE,Federal Contract Tower,28,19,47,0,94,0,2,152,0,154,28,21,199,0,248,252,0,252,500
10/28/2020,BZN,MT,ANM,WE,Federal Contract Tower,29,18,17,0,64,0,2,150,0,152,29,20,167,0,216,216,0,216,432
10/29/2020,BZN,MT,ANM,WE,Federal Contract Tower,35,20,14,0,69,0,0,136,0,136,35,20,150,0,205,184,0,184,389
10/30/2020,BZN,MT,ANM,WE,Federal Contract Tower,37,18,21,0,76,0,0,120,0,120,37,18,141,0,196,124,0,124,320
10/31/2020,BZN,MT,ANM,WE,Federal Contract Tower,34,12,16,0,62,0,2,87,0,89,34,14,103,0,151,92,0,92,243
11/02/2020,BZN,MT,ANM,WE,Federal Contract Tower,38,13,12,0,63,0,2,118,0,120,38,15,130,0,183,188,0,188,371
11/03/2020,BZN,MT,ANM,WE,Federal Contract Tower,29,12,34,1,76,0,0,144,0,144,29,12,178,1,220,212,0,212,432
11/04/2020,BZN,MT,ANM,WE,Federal Contract Tower,35,14,23,1,73,0,2,103,0,105,35,16,126,1,178,142,0,142,320
11/05/2020,BZN,MT,ANM,WE,Federal Contract Tower,39,12,25,0,76,0,0,77,0,77,39,12,102,0,153,124,0,124,277
11/06/2020,BZN,MT,ANM,WE,Federal Contract Tower,38,30,23,0,91,0,2,129,0,131,38,32,152,0,222,234,0,234,456
11/07/2020,BZN,MT,ANM,WE,Federal Contract Tower,38,9,15,0,62,0,0,17,0,17,38,9,32,0,79,20,0,20,99
11/08/2020,BZN,MT,ANM,WE,Federal Contract Tower,40,3,10,0,53,0,0,0,0,0,40,3,10,0,53,0,0,0,53
11/09/2020,BZN,MT,ANM,WE,Federal Contract Tower,37,16,29,0,82,0,2,111,0,113,37,18,140,0,195,152,0,152,347
11/10/2020,BZN,MT,ANM,WE,Federal Contract Tower,31,15,15,0,61,0,0,35,0,35,31,15,50,0,96,96,0,96,192
11/11/2020,BZN,MT,ANM,WE,Federal Contract Tower,35,14,18,2,69,0,2,17,0,19,35,16,35,2,88,28,0,28,116
11/12/2020,BZN,MT,ANM,WE,Federal Contract Tower,37,22,36,1,96,0,4,125,0,129,37,26,161,1,225,146,0,146,371
11/13/2020,BZN,MT,ANM,WE,Federal Contract Tower,38,19,19,0,76,0,7,37,0,44,38,26,56,0,120,86,0,86,206
11/14/2020,BZN,MT,ANM,WE,Federal Contract Tower,36,12,16,0,64,0,0,12,0,12,36,12,28,0,76,0,0,0,76
11/15/2020,BZN,MT,ANM,WE,Federal Contract Tower,38,13,5,0,56,0,0,9,0,9,38,13,14,0,65,14,0,14,79
11/16/2020,BZN,MT,ANM,WE,Federal Contract Tower,39,15,29,0,83,0,0,125,0,125,39,15,154,0,208,182,0,182,390
11/17/2020,BZN,MT,ANM,WE,Federal Contract Tower,34,9,28,2,73,0,1,104,0,105,34,10,132,2,178,174,0,174,352
11/18/2020,BZN,MT,ANM,WE,Federal Contract Tower,36,13,37,0,86,0,0,86,0,86,36,13,123,0,172,300,0,300,472
11/19/2020,BZN,MT,ANM,WE,Federal Contract Tower,40,12,31,0,83,0,0,68,0,68,40,12,99,0,151,178,0,178,329
11/20/2020,BZN,MT,ANM,WE,Federal Contract Tower,44,17,33,6,100,0,4,169,0,173,44,21,202,6,273,260,0,260,533
11/21/2020,BZN,MT,ANM,WE,Federal Contract Tower,50,24,21,0,95,0,0,95,0,95,50,24,116,0,190,128,0,128,318
11/22/2020,BZN,MT,ANM,WE,Federal Contract Tower,48,14,17,0,79,0,2,88,0,90,48,16,105,0,169,58,0,58,227
11/23/2020,BZN,MT,ANM,WE,Federal Contract Tower,42,24,29,3,98,0,2,100,0,102,42,26,129,3,200,262,0,262,462
11/24/2020,BZN,MT,ANM,WE,Federal Contract Tower,50,19,27,0,96,0,0,84,0,84,50,19,111,0,180,92,0,92,272
11/25/2020,BZN,MT,ANM,WE,Federal Contract Tower,50,16,33,2,101,0,0,13,0,13,50,16,46,2,114,32,0,32,146
11/26/2020,BZN,MT,ANM,WE,Federal Contract Tower,22,6,2,0,30,0,3,5,0,8,22,9,7,0,38,0,0,0,38
11/27/2020,BZN,MT,ANM,WE,Federal Contract Tower,38,16,23,0,77,0,1,68,0,69,38,17,91,0,146,60,0,60,206
11/28/2020,BZN,MT,ANM,WE,Federal Contract Tower,50,15,16,0,81,0,3,40,0,43,50,18,56,0,124,60,0,60,184
11/29/2020,BZN,MT,ANM,WE,Federal Contract Tower,50,16,40,0,106,0,2,51,0,53,50,18,91,0,159,14,0,14,173
11/30/2020,BZN,MT,ANM,WE,Federal Contract Tower,48,21,33,0,102,0,2,64,0,66,48,23,97,0,168,148,0,148,316
12/01/2020,BZN,MT,ANM,WE,Federal Contract Tower,41,14,42,2,99,0,0,104,0,104,41,14,146,2,203,224,0,224,427
12/02/2020,BZN,MT,ANM,WE,Federal Contract Tower,38,12,25,0,75,0,0,103,2,105,38,12,128,2,180,164,2,166,346
12/03/2020,BZN,MT,ANM,WE,Federal Contract Tower,42,18,50,0,110,0,0,166,0,166,42,18,216,0,276,208,0,208,484
12/04/2020,BZN,MT,ANM,WE,Federal Contract Tower,40,23,28,2,93,0,1,151,0,152,40,24,179,2,245,220,0,220,465
12/05/2020,BZN,MT,ANM,WE,Federal Contract Tower,41,14,25,0,80,0,1,80,0,81,41,15,105,0,161,96,0,96,257
12/06/2020,BZN,MT,ANM,WE,Federal Contract Tower,43,8,26,0,77,0,1,57,0,58,43,9,83,0,135,16,0,16,151
12/07/2020,BZN,MT,ANM,WE,Federal Contract Tower,40,14,34,0,88,0,2,125,0,127,40,16,159,0,215,186,4,190,405
12/08/2020,BZN,MT,ANM,WE,Federal Contract Tower,36,19,39,0,94,0,0,104,0,104,36,19,143,0,198,176,0,176,374
12/09/2020,BZN,MT,ANM,WE,Federal Contract Tower,38,25,33,2,98,0,1,92,1,94,38,26,125,3,192,148,10,158,350
12/10/2020,BZN,MT,ANM,WE,Federal Contract Tower,40,32,36,0,108,0,2,108,0,110,40,34,144,0,218,158,0,158,376
12/11/2020,BZN,MT,ANM,WE,Federal Contract Tower,46,12,29,0,87,0,0,27,0,27,46,12,56,0,114,80,0,80,194
12/12/2020,BZN,MT,ANM,WE,Federal Contract Tower,40,18,17,0,75,0,0,14,0,14,40,18,31,0,89,20,0,20,109
12/13/2020,BZN,MT,ANM,WE,Federal Contract Tower,43,26,25,0,94,0,0,33,0,33,43,26,58,0,127,42,0,42,169
12/14/2020,BZN,MT,ANM,WE,Federal Contract Tower,44,10,24,4,82,0,0,28,0,28,44,10,52,4,110,68,0,68,178
12/15/2020,BZN,MT,ANM,WE,Federal Contract Tower,36,25,37,0,98,0,0,105,0,105,36,25,142,0,203,144,0,144,347
12/16/2020,BZN,MT,ANM,WE,Federal Contract Tower,37,25,33,1,96,0,0,75,12,87,37,25,108,13,183,148,0,148,331
12/17/2020,BZN,MT,ANM,WE,Federal Contract Tower,49,52,40,0,141,0,0,74,0,74,49,52,114,0,215,72,0,72,287
12/18/2020,BZN,MT,ANM,WE,Federal Contract Tower,65,61,75,0,201,0,2,125,0,127,65,63,200,0,328,178,0,178,506
12/19/2020,BZN,MT,ANM,WE,Federal Contract Tower,67,83,42,1,193,0,0,11,0,11,67,83,53,1,204,30,0,30,234
12/20/2020,BZN,MT,ANM,WE,Federal Contract Tower,67,54,44,0,165,0,2,3,0,5,67,56,47,0,170,0,0,0,170
12/21/2020,BZN,MT,ANM,WE,Federal Contract Tower,63,53,42,0,158,0,3,46,0,49,63,56,88,0,207,130,0,130,337
12/22/2020,BZN,MT,ANM,WE,Federal Contract Tower,57,51,36,0,144,0,2,0,0,2,57,53,36,0,146,0,0,0,146
12/23/2020,BZN,MT,ANM,WE,Federal Contract Tower,65,59,48,0,172,0,0,65,0,65,65,59,113,0,237,118,0,118,355
12/24/2020,BZN,MT,ANM,WE,Federal Contract Tower,39,36,22,0,97,0,1,38,0,39,39,37,60,0,136,16,0,16,152
12/25/2020,BZN,MT,ANM,WE,Federal Contract Tower,36,14,12,0,62,0,0,16,0,16,36,14,28,0,78,16,0,16,94
12/26/2020,BZN,MT,ANM,WE,Federal Contract Tower,64,64,73,0,201,0,2,6,0,8,64,66,79,0,209,4,0,4,213
12/27/2020,BZN,MT,ANM,WE,Federal Contract Tower,67,54,69,0,190,0,2,24,0,26,67,56,93,0,216,34,0,34,250
12/28/2020,BZN,MT,ANM,WE,Federal Contract Tower,63,58,29,0,150,0,0,46,0,46,63,58,75,0,196,90,0,90,286
12/29/2020,BZN,MT,ANM,WE,Federal Contract Tower,59,47,34,0,140,0,0,116,0,116,59,47,150,0,256,138,0,138,394
12/30/2020,BZN,MT,ANM,WE,Federal Contract Tower,63,30,29,4,126,0,1,83,0,84,63,31,112,4,210,78,0,78,288
12/31/2020,BZN,MT,ANM,WE,Federal Contract Tower,40,32,32,0,104,0,4,41,0,45,40,36,73,0,149,64,0,64,213
01/01/2021,BZN,MT,ANM,WE,Federal Contract Tower,49,28,26,0,103,0,3,69,0,72,49,31,95,0,175,22,0,22,197
01/02/2021,BZN,MT,ANM,WE,Federal Contract Tower,67,76,76,0,219,0,3,13,0,16,67,79,89,0,235,0,0,0,235
01/03/2021,BZN,MT,ANM,WE,Federal Contract Tower,69,82,60,0,211,0,3,3,0,6,69,85,63,0,217,0,0,0,217
01/04/2021,BZN,MT,ANM,WE,Federal Contract Tower,63,39,47,0,149,0,0,65,0,65,63,39,112,0,214,176,0,176,390
01/05/2021,BZN,MT,ANM,WE,Federal Contract Tower,46,40,25,0,111,0,5,47,0,52,46,45,72,0,163,74,0,74,237
01/06/2021,BZN,MT,ANM,WE,Federal Contract Tower,46,30,46,1,123,0,1,120,0,121,46,31,166,1,244,172,0,172,416
01/07/2021,BZN,MT,ANM,WE,Federal Contract Tower,52,35,20,0,107,0,0,0,0,0,52,35,20,0,107,0,0,0,107
01/08/2021,BZN,MT,ANM,WE,Federal Contract Tower,7,3,19,0,29,0,0,0,0,0,7,3,19,0,29,0,0,0,29
01/09/2021,BZN,MT,ANM,WE,Federal Contract Tower,72,46,27,2,147,0,4,30,1,35,72,50,57,3,182,28,12,40,222
01/10/2021,BZN,MT,ANM,WE,Federal Contract Tower,58,32,56,0,146,0,0,44,2,46,58,32,100,2,192,36,4,40,232
01/11/2021,BZN,MT,ANM,WE,Federal Contract Tower,51,19,24,3,97,0,0,103,0,103,51,19,127,3,200,108,4,112,312
01/12/2021,BZN,MT,ANM,WE,Federal Contract Tower,43,16,52,0,111,0,2,121,0,123,43,18,173,0,234,162,0,162,396
01/13/2021,BZN,MT,ANM,WE,Federal Contract Tower,42,16,14,0,72,0,0,10,0,10,42,16,24,0,82,24,0,24,106
01/14/2021,BZN,MT,ANM,WE,Federal Contract Tower,55,38,49,0,142,0,1,105,0,106,55,39,154,0,248,84,0,84,332
01/15/2021,BZN,MT,ANM,WE,Federal Contract Tower,52,75,42,2,171,0,4,125,0,129,52,79,167,2,300,106,0,106,406
01/16/2021,BZN,MT,ANM,WE,Federal Contract Tower,55,35,29,0,119,0,0,101,0,101,55,35,130,0,220,128,0,128,348
01/17/2021,BZN,MT,ANM,WE,Federal Contract Tower,56,21,33,2,112,0,1,10,0,11,56,22,43,2,123,8,0,8,131
01/18/2021,BZN,MT,ANM,WE,Federal Contract Tower,56,56,23,0,135,0,0,18,0,18,56,56,41,0,153,18,0,18,171
01/19/2021,BZN,MT,ANM,WE,Federal Contract Tower,43,39,63,1,146,0,1,116,0,117,43,40,179,1,263,154,0,154,417
01/20/2021,BZN,MT,ANM,WE,Federal Contract Tower,45,26,48,1,120,0,7,156,2,165,45,33,204,3,285,200,0,200,485
01/21/2021,BZN,MT,ANM,WE,Federal Contract Tower,53,18,38,0,109,0,1,78,0,79,53,19,116,0,188,160,0,160,348
01/22/2021,BZN,MT,ANM,WE,Federal Contract Tower,54,43,34,4,135,0,1,48,0,49,54,44,82,4,184,150,0,150,334
01/23/2021,BZN,MT,ANM,WE,Federal Contract Tower,54,31,43,0,128,0,2,55,0,57,54,33,98,0,185,60,0,60,245
01/24/2021,BZN,MT,ANM,WE,Federal Contract Tower,58,34,41,0,133,0,2,63,0,65,58,36,104,0,198,44,0,44,242
01/25/2021,BZN,MT,ANM,WE,Federal Contract Tower,51,17,30,0,98,0,1,142,0,143,51,18,172,0,241,182,0,182,423
01/26/2021,BZN,MT,ANM,WE,Federal Contract Tower,40,23,47,38,148,0,1,103,0,104,40,24,150,38,252,102,0,102,354
01/27/2021,BZN,MT,ANM,WE,Federal Contract Tower,45,37,54,18,154,0,1,124,0,125,45,38,178,18,279,214,0,214,493
01/28/2021,BZN,MT,ANM,WE,Federal Contract Tower,54,34,40,0,128,0,0,96,0,96,54,34,136,0,224,90,0,90,314
01/29/2021,BZN,MT,ANM,WE,Federal Contract Tower,53,29,37,0,119,0,0,81,0,81,53,29,118,0,200,134,0,134,334
01/30/2021,BZN,MT,ANM,WE,Federal Contract Tower,56,26,24,0,106,0,4,3,0,7,56,30,27,0,113,0,0,0,113
01/31/2021,BZN,MT,ANM,WE,Federal Contract Tower,59,43,58,0,160,0,2,60,0,62,59,45,118,0,222,8,0,8,230
02/01/2021,BZN,MT,ANM,WE,Federal Contract Tower,53,27,25,0,105,0,0,142,0,142,53,27,167,0,247,128,0,128,375
02/02/2021,BZN,MT,ANM,WE,Federal Contract Tower,41,30,39,0,110,0,3,115,0,118,41,33,154,0,228,148,0,148,376
02/03/2021,BZN,MT,ANM,WE,Federal Contract Tower,45,33,24,0,102,0,0,33,0,33,45,33,57,0,135,38,0,38,173
02/04/2021,BZN,MT,ANM,WE,Federal Contract Tower,51,30,46,0,127,0,0,76,0,76,51,30,122,0,203,62,0,62,265
02/05/2021,BZN,MT,ANM,WE,Federal Contract Tower,53,37,26,0,116,0,0,9,0,9,53,37,35,0,125,16,0,16,141
02/06/2021,BZN,MT,ANM,WE,Federal Contract Tower,53,26,22,1,102,0,0,14,0,14,53,26,36,1,116,62,0,62,178
02/07/2021,BZN,MT,ANM,WE,Federal Contract Tower,57,16,30,1,104,0,0,1,0,1,57,16,31,1,105,0,0,0,105
02/08/2021,BZN,MT,ANM,WE,Federal Contract Tower,53,37,37,0,127,0,0,0,0,0,53,37,37,0,127,0,0,0,127
02/09/2021,BZN,MT,ANM,WE,Federal Contract Tower,39,34,45,1,119,0,0,77,0,77,39,34,122,1,196,74,0,74,270
02/10/2021,BZN,MT,ANM,WE,Federal Contract Tower,47,36,41,2,126,0,1,86,0,87,47,37,127,2,213,170,0,170,383
02/11/2021,BZN,MT,ANM,WE,Federal Contract Tower,57,63,72,0,192,0,0,8,0,8,57,63,80,0,200,6,0,6,206
02/12/2021,BZN,MT,ANM,WE,Federal Contract Tower,58,63,60,0,181,0,0,1,0,1,58,63,61,0,182,0,0,0,182
02/13/2021,BZN,MT,ANM,WE,Federal Contract Tower,50,45,32,1,128,0,0,0,0,0,50,45,32,1,128,0,0,0,128
02/14/2021,BZN,MT,ANM,WE,Federal Contract Tower,55,23,55,1,134,0,3,3,0,6,55,26,58,1,140,0,0,0,140
02/15/2021,BZN,MT,ANM,WE,Federal Contract Tower,49,51,64,0,164,0,0,3,0,3,49,51,67,0,167,0,0,0,167
02/16/2021,BZN,MT,ANM,WE,Federal Contract Tower,43,44,66,0,153,0,0,5,0,5,43,44,71,0,158,0,0,0,158
02/17/2021,BZN,MT,ANM,WE,Federal Contract Tower,46,38,44,0,128,0,2,98,0,100,46,40,142,0,228,216,0,216,444
02/18/2021,BZN,MT,ANM,WE,Federal Contract Tower,54,38,64,0,156,0,1,159,0,160,54,39,223,0,316,128,0,128,444
02/19/2021,BZN,MT,ANM,WE,Federal Contract Tower,56,35,50,0,141,0,1,102,0,103,56,36,152,0,244,106,0,106,350
02/20/2021,BZN,MT,ANM,WE,Federal Contract Tower,55,35,37,0,127,0,2,48,0,50,55,37,85,0,177,32,0,32,209
02/21/2021,BZN,MT,ANM,WE,Federal Contract Tower,61,75,60,0,196,0,3,16,0,19,61,78,76,0,215,4,0,4,219
02/22/2021,BZN,MT,ANM,WE,Federal Contract Tower,58,21,35,0,114,0,2,35,0,37,58,23,70,0,151,48,0,48,199
02/23/2021,BZN,MT,ANM,WE,Federal Contract Tower,50,26,30,0,106,0,6,28,0,34,50,32,58,0,140,0,0,0,140
02/24/2021,BZN,MT,ANM,WE,Federal Contract Tower,53,39,41,2,135,0,4,119,0,123,53,43,160,2,258,192,0,192,450
02/25/2021,BZN,MT,ANM,WE,Federal Contract Tower,61,40,47,0,148,0,2,92,2,96,61,42,139,2,244,136,0,136,380
02/26/2021,BZN,MT,ANM,WE,Federal Contract Tower,56,41,38,0,135,0,4,39,0,43,56,45,77,0,178,82,0,82,260
02/27/2021,BZN,MT,ANM,WE,Federal Contract Tower,57,26,32,0,115,0,0,69,0,69,57,26,101,0,184,82,0,82,266
02/28/2021,BZN,MT,ANM,WE,Federal Contract Tower,59,48,56,0,163,0,0,33,0,33,59,48,89,0,196,8,0,8,204
03/01/2021,BZN,MT,ANM,WE,Federal Contract Tower,54,33,43,34,164,0,2,154,0,156,54,35,197,34,320,192,0,192,512
03/02/2021,BZN,MT,ANM,WE,Federal Contract Tower,50,24,41,3,118,0,3,117,0,120,50,27,158,3,238,100,0,100,338
03/03/2021,BZN,MT,ANM,WE,Federal Contract Tower,56,51,62,0,169,0,0,201,0,201,56,51,263,0,370,108,0,108,478
03/04/2021,BZN,MT,ANM,WE,Federal Contract Tower,59,32,58,0,149,0,2,152,0,154,59,34,210,0,303,222,0,222,525
03/05/2021,BZN,MT,ANM,WE,Federal Contract Tower,61,53,59,0,173,0,4,168,0,172,61,57,227,0,345,134,0,134,479
03/06/2021,BZN,MT,ANM,WE,Federal Contract Tower,62,38,35,0,135,0,3,78,0,81,62,41,113,0,216,66,0,66,282
03/07/2021,BZN,MT,ANM,WE,Federal Contract Tower,62,41,60,0,163,0,2,68,0,70,62,43,128,0,233,24,0,24,257
03/08/2021,BZN,MT,ANM,WE,Federal Contract Tower,62,40,47,0,149,0,2,116,0,118,62,42,163,0,267,122,0,122,389
03/09/2021,BZN,MT,ANM,WE,Federal Contract Tower,46,35,36,2,119,0,2,62,0,64,46,37,98,2,183,134,0,134,317
03/10/2021,BZN,MT,ANM,WE,Federal Contract Tower,60,38,57,5,160,0,0,132,1,133,60,38,189,6,293,172,12,184,477
03/11/2021,BZN,MT,ANM,WE,Federal Contract Tower,59,40,71,2,172,0,3,141,0,144,59,43,212,2,316,130,0,130,446
03/12/2021,BZN,MT,ANM,WE,Federal Contract Tower,66,47,70,0,183,0,2,147,0,149,66,49,217,0,332,114,0,114,446
03/13/2021,BZN,MT,ANM,WE,Federal Contract Tower,63,42,50,0,155,0,0,104,1,105,63,42,154,1,260,34,0,34,294
03/14/2021,BZN,MT,ANM,WE,Federal Contract Tower,57,31,64,0,152,0,2,46,0,48,57,33,110,0,200,14,0,14,214
03/15/2021,BZN,MT,ANM,WE,Federal Contract Tower,62,45,47,0,154,0,4,95,0,99,62,49,142,0,253,132,0,132,385
03/16/2021,BZN,MT,ANM,WE,Federal Contract Tower,46,32,52,0,130,0,3,110,2,115,46,35,162,2,245,176,0,176,421
03/17/2021,BZN,MT,ANM,WE,Federal Contract Tower,57,57,60,0,174,0,4,149,0,153,57,61,209,0,327,154,0,154,481
03/18/2021,BZN,MT,ANM,WE,Federal Contract Tower,60,45,65,0,170,0,2,144,0,146,60,47,209,0,316,148,0,148,464
03/19/2021,BZN,MT,ANM,WE,Federal Contract Tower,64,49,73,2,188,0,3,111,0,114,64,52,184,2,302,74,0,74,376
03/20/2021,BZN,MT,ANM,WE,Federal Contract Tower,66,52,57,0,175,0,2,14,0,16,66,54,71,0,191,24,0,24,215
03/21/2021,BZN,MT,ANM,WE,Federal Contract Tower,61,74,67,0,202,0,4,47,4,55,61,78,114,4,257,20,0,20,277
03/22/2021,BZN,MT,ANM,WE,Federal Contract Tower,66,50,55,0,171,0,0,68,0,68,66,50,123,0,239,100,0,100,339
03/23/2021,BZN,MT,ANM,WE,Federal Contract Tower,47,33,29,0,109,0,5,39,0,44,47,38,68,0,153,66,0,66,219
03/24/2021,BZN,MT,ANM,WE,Federal Contract Tower,57,50,75,0,182,0,2,141,0,143,57,52,216,0,325,162,0,162,487
03/25/2021,BZN,MT,ANM,WE,Federal Contract Tower,60,49,44,0,153,0,0,41,0,41,60,49,85,0,194,166,0,166,360
03/26/2021,BZN,MT,ANM,WE,Federal Contract Tower,62,47,90,0,199,0,5,102,0,107,62,52,192,0,306,73,0,73,379
03/27/2021,BZN,MT,ANM,WE,Federal Contract Tower,65,41,45,10,161,0,2,54,0,56,65,43,99,10,217,68,0,68,285
03/28/2021,BZN,MT,ANM,WE,Federal Contract Tower,51,29,52,0,132,0,0,24,0,24,51,29,76,0,156,0,0,0,156
03/29/2021,BZN,MT,ANM,WE,Federal Contract Tower,52,33,33,0,118,0,2,17,0,19,52,35,50,0,137,0,0,0,137
03/30/2021,BZN,MT,ANM,WE,Federal Contract Tower,43,33,53,0,129,0,6,116,0,122,43,39,169,0,251,222,0,222,473
03/31/2021,BZN,MT,ANM,WE,Federal Contract Tower,48,39,75,1,163,0,0,180,1,181,48,39,255,2,344,158,0,158,502
04/01/2021,BZN,MT,ANM,WE,Federal Contract Tower,47,44,70,2,163,0,3,136,0,139,47,47,206,2,302,118,12,130,432
04/02/2021,BZN,MT,ANM,WE,Federal Contract Tower,55,43,40,0,138,0,3,102,2,107,55,46,142,2,245,94,0,94,339
04/03/2021,BZN,MT,ANM,WE,Federal Contract Tower,47,48,33,0,128,0,1,79,1,81,47,49,112,1,209,64,0,64,273
04/04/2021,BZN,MT,ANM,WE,Federal Contract Tower,48,41,29,0,118,0,0,26,0,26,48,41,55,0,144,16,0,16,160
04/05/2021,BZN,MT,ANM,WE,Federal Contract Tower,51,31,40,0,122,0,0,56,0,56,51,31,96,0,178,80,0,80,258
04/06/2021,BZN,MT,ANM,WE,Federal Contract Tower,35,30,54,0,119,0,0,93,0,93,35,30,147,0,212,174,0,174,386
04/07/2021,BZN,MT,ANM,WE,Federal Contract Tower,37,34,50,0,121,0,2,168,0,170,37,36,218,0,291,212,0,212,503
04/08/2021,BZN,MT,ANM,WE,Federal Contract Tower,42,23,32,0,97,0,0,55,0,55,42,23,87,0,152,74,0,74,226
04/09/2021,BZN,MT,ANM,WE,Federal Contract Tower,48,36,57,0,141,0,1,179,1,181,48,37,236,1,322,228,0,228,550
04/10/2021,BZN,MT,ANM,WE,Federal Contract Tower,47,37,31,0,115,0,3,24,0,27,47,40,55,0,142,12,0,12,154
04/11/2021,BZN,MT,ANM,WE,Federal Contract Tower,44,33,34,0,111,0,0,25,0,25,44,33,59,0,136,44,0,44,180
04/12/2021,BZN,MT,ANM,WE,Federal Contract Tower,48,30,38,7,123,0,1,114,0,115,48,31,152,7,238,174,14,188,426
04/13/2021,BZN,MT,ANM,WE,Federal Contract Tower,34,26,66,0,126,0,4,112,0,116,34,30,178,0,242,256,0,256,498
04/14/2021,BZN,MT,ANM,WE,Federal Contract Tower,32,22,31,2,87,0,0,92,0,92,32,22,123,2,179,280,0,280,459
04/15/2021,BZN,MT,ANM,WE,Federal Contract Tower,40,15,53,0,108,0,1,107,0,108,40,16,160,0,216,178,0,178,394
04/16/2021,BZN,MT,ANM,WE,Federal Contract Tower,45,40,66,0,151,0,5,137,0,142,45,45,203,0,293,168,0,168,461
04/17/2021,BZN,MT,ANM,WE,Federal Contract Tower,40,27,41,0,108,0,3,116,0,119,40,30,157,0,227,102,0,102,329
04/18/2021,BZN,MT,ANM,WE,Federal Contract Tower,41,24,40,0,105,0,2,35,0,37,41,26,75,0,142,42,0,42,184
04/19/2021,BZN,MT,ANM,WE,Federal Contract Tower,45,21,22,0,88,0,7,37,0,44,45,28,59,0,132,108,0,108,240
04/20/2021,BZN,MT,ANM,WE,Federal Contract Tower,33,15,53,0,101,0,1,136,0,137,33,16,189,0,238,256,0,256,494
04/21/2021,BZN,MT,ANM,WE,Federal Contract Tower,35,18,46,1,100,0,2,184,0,186,35,20,230,1,286,292,0,292,578
04/22/2021,BZN,MT,ANM,WE,Federal Contract Tower,43,18,23,0,84,0,3,118,0,121,43,21,141,0,205,192,0,192,397
04/23/2021,BZN,MT,ANM,WE,Federal Contract Tower,44,15,24,0,83,0,0,54,0,54,44,15,78,0,137,82,0,82,219
04/24/2021,BZN,MT,ANM,WE,Federal Contract Tower,41,15,17,0,73,0,3,37,2,42,41,18,54,2,115,56,0,56,171
04/25/2021,BZN,MT,ANM,WE,Federal Contract Tower,41,4,18,0,63,0,0,7,0,7,41,4,25,0,70,0,0,0,70
04/26/2021,BZN,MT,ANM,WE,Federal Contract Tower,48,9,49,0,106,0,2,63,0,65,48,11,112,0,171,118,0,118,289
04/27/2021,BZN,MT,ANM,WE,Federal Contract Tower,35,22,40,0,97,0,1,154,4,159,35,23,194,4,256,234,0,234,490
04/28/2021,BZN,MT,ANM,WE,Federal Contract Tower,34,26,43,0,103,0,4,126,0,130,34,30,169,0,233,132,0,132,365
04/29/2021,BZN,MT,ANM,WE,Federal Contract Tower,42,17,27,0,86,0,1,137,0,138,42,18,164,0,224,102,0,102,326
04/30/2021,BZN,MT,ANM,WE,Federal Contract Tower,48,14,37,0,99,0,2,69,0,71,48,16,106,0,170,92,0,92,262
05/01/2021,BZN,MT,ANM,WE,Federal Contract Tower,38,15,17,3,73,0,1,61,0,62,38,16,78,3,135,76,0,76,211
05/02/2021,BZN,MT,ANM,WE,Federal Contract Tower,43,21,17,0,81,0,0,27,0,27,43,21,44,0,108,66,0,66,174
05/03/2021,BZN,MT,ANM,WE,Federal Contract Tower,47,20,52,0,119,0,0,132,0,132,47,20,184,0,251,166,0,166,417
05/04/2021,BZN,MT,ANM,WE,Federal Contract Tower,35,12,25,0,72,0,2,93,0,95,35,14,118,0,167,142,0,142,309
05/05/2021,BZN,MT,ANM,WE,Federal Contract Tower,41,16,64,0,121,0,1,168,0,169,41,17,232,0,290,170,0,170,460
05/06/2021,BZN,MT,ANM,WE,Federal Contract Tower,46,26,54,0,126,0,4,154,0,158,46,30,208,0,284,164,0,164,448
05/07/2021,BZN,MT,ANM,WE,Federal Contract Tower,44,12,23,1,80,0,3,64,0,67,44,15,87,1,147,80,0,80,227
05/08/2021,BZN,MT,ANM,WE,Federal Contract Tower,53,19,15,0,87,0,3,4,0,7,53,22,19,0,94,0,0,0,94
05/09/2021,BZN,MT,ANM,WE,Federal Contract Tower,51,11,21,4,87,0,3,19,2,24,51,14,40,6,111,28,0,28,139
05/10/2021,BZN,MT,ANM,WE,Federal Contract Tower,54,16,51,3,124,0,2,99,0,101,54,18,150,3,225,126,0,126,351
05/11/2021,BZN,MT,ANM,WE,Federal Contract Tower,37,20,45,0,102,0,3,119,2,124,37,23,164,2,226,104,0,104,330
05/12/2021,BZN,MT,ANM,WE,Federal Contract Tower,44,18,32,0,94,0,1,146,0,147,44,19,178,0,241,142,0,142,383
05/13/2021,BZN,MT,ANM,WE,Federal Contract Tower,46,11,35,0,92,0,0,125,0,125,46,11,160,0,217,156,0,156,373
05/14/2021,BZN,MT,ANM,WE,Federal Contract Tower,52,17,31,0,100,0,2,100,4,106,52,19,131,4,206,148,0,148,354
05/15/2021,BZN,MT,ANM,WE,Federal Contract Tower,52,18,18,1,89,0,2,45,0,47,52,20,63,1,136,38,0,38,174
05/16/2021,BZN,MT,ANM,WE,Federal Contract Tower,52,16,21,2,91,0,4,54,0,58,52,20,75,2,149,26,0,26,175
05/17/2021,BZN,MT,ANM,WE,Federal Contract Tower,50,9,47,1,107,0,2,106,0,108,50,11,153,1,215,126,0,126,341
05/18/2021,BZN,MT,ANM,WE,Federal Contract Tower,42,22,28,0,92,0,5,83,0,88,42,27,111,0,180,118,0,118,298
05/19/2021,BZN,MT,ANM,WE,Federal Contract Tower,48,15,41,0,104,0,0,98,0,98,48,15,139,0,202,116,0,116,318
05/20/2021,BZN,MT,ANM,WE,Federal Contract Tower,48,21,27,0,96,0,0,2,0,2,48,21,29,0,98,0,0,0,98
05/21/2021,BZN,MT,ANM,WE,Federal Contract Tower,50,18,14,0,82,0,0,2,0,2,50,18,16,0,84,0,0,0,84
05/22/2021,BZN,MT,ANM,WE,Federal Contract Tower,56,16,12,0,84,0,20,36,0,56,56,36,48,0,140,108,0,108,248
05/23/2021,BZN,MT,ANM,WE,Federal Contract Tower,57,15,20,1,93,0,0,2,0,2,57,15,22,1,95,0,0,0,95
05/24/2021,BZN,MT,ANM,WE,Federal Contract Tower,52,8,23,0,83,0,0,18,5,23,52,8,41,5,106,60,0,60,166
05/25/2021,BZN,MT,ANM,WE,Federal Contract Tower,44,15,62,0,121,0,4,140,0,144,44,19,202,0,265,112,0,112,377
05/26/2021,BZN,MT,ANM,WE,Federal Contract Tower,46,16,23,1,86,0,2,14,0,16,46,18,37,1,102,22,0,22,124
05/27/2021,BZN,MT,ANM,WE,Federal Contract Tower,63,18,43,0,124,0,2,156,0,158,63,20,199,0,282,174,0,174,456
05/28/2021,BZN,MT,ANM,WE,Federal Contract Tower,72,23,18,0,113,0,10,74,0,84,72,33,92,0,197,80,0,80,277
05/29/2021,BZN,MT,ANM,WE,Federal Contract Tower,73,13,20,0,106,0,6,74,0,80,73,19,94,0,186,24,0,24,210
05/30/2021,BZN,MT,ANM,WE,Federal Contract Tower,74,6,12,0,92,0,1,53,0,54,74,7,65,0,146,30,0,30,176
05/31/2021,BZN,MT,ANM,WE,Federal Contract Tower,72,16,31,0,119,0,2,80,0,82,72,18,111,0,201,76,0,76,277
06/01/2021,BZN,MT,ANM,WE,Federal Contract Tower,58,15,37,0,110,0,1,141,0,142,58,16,178,0,252,184,0,184,436
06/02/2021,BZN,MT,ANM,WE,Federal Contract Tower,70,16,51,0,137,0,8,157,4,169,70,24,208,4,306,154,0,154,460
06/03/2021,BZN,MT,ANM,WE,Federal Contract Tower,81,20,46,2,149,0,3,119,0,122,81,23,165,2,271,128,0,128,399
06/04/2021,BZN,MT,ANM,WE,Federal Contract Tower,81,28,23,2,134,0,6,103,1,110,81,34,126,3,244,110,0,110,354
06/05/2021,BZN,MT,ANM,WE,Federal Contract Tower,90,23,16,0,129,0,5,71,0,76,90,28,87,0,205,38,0,38,243
06/07/2021,BZN,MT,ANM,WE,Federal Contract Tower,88,17,28,1,134,0,3,119,1,123,88,20,147,2,257,110,0,110,367
06/08/2021,BZN,MT,ANM,WE,Federal Contract Tower,78,27,48,0,153,0,1,122,1,124,78,28,170,1,277,140,0,140,417
06/09/2021,BZN,MT,ANM,WE,Federal Contract Tower,83,20,57,2,162,0,9,133,0,142,83,29,190,2,304,138,2,140,444
06/10/2021,BZN,MT,ANM,WE,Federal Contract Tower,103,15,29,0,147,0,1,57,2,60,103,16,86,2,207,104,0,104,311
06/11/2021,BZN,MT,ANM,WE,Federal Contract Tower,86,27,36,0,149,0,2,146,0,148,86,29,182,0,297,120,0,120,417
06/12/2021,BZN,MT,ANM,WE,Federal Contract Tower,106,20,29,1,156,0,5,106,0,111,106,25,135,1,267,56,0,56,323
06/13/2021,BZN,MT,ANM,WE,Federal Contract Tower,102,17,27,1,147,0,0,65,0,65,102,17,92,1,212,6,0,6,218
06/14/2021,BZN,MT,ANM,WE,Federal Contract Tower,87,18,40,0,145,0,0,124,0,124,87,18,164,0,269,100,0,100,369
06/15/2021,BZN,MT,ANM,WE,Federal Contract Tower,85,20,32,0,137,0,0,64,0,64,85,20,96,0,201,70,0,70,271
06/16/2021,BZN,MT,ANM,WE,Federal Contract Tower,86,20,57,1,164,0,1,165,0,166,86,21,222,1,330,116,0,116,446
06/17/2021,BZN,MT,ANM,WE,Federal Contract Tower,96,32,29,1,158,0,1,140,1,142,96,33,169,2,300,130,0,130,430
06/19/2021,BZN,MT,ANM,WE,Federal Contract Tower,107,21,24,0,152,0,1,76,0,77,107,22,100,0,229,52,0,52,281
06/20/2021,BZN,MT,ANM,WE,Federal Contract Tower,95,23,30,0,148,0,1,18,0,19,95,24,48,0,167,12,0,12,179
06/21/2021,BZN,MT,ANM,WE,Federal Contract Tower,86,20,50,0,156,0,0,137,0,137,86,20,187,0,293,146,0,146,439
06/22/2021,BZN,MT,ANM,WE,Federal Contract Tower,85,20,42,0,147,0,2,134,0,136,85,22,176,0,283,156,0,156,439
06/23/2021,BZN,MT,ANM,WE,Federal Contract Tower,88,34,49,0,171,0,2,156,0,158,88,36,205,0,329,112,0,112,441
06/24/2021,BZN,MT,ANM,WE,Federal Contract Tower,94,47,39,0,180,0,2,94,0,96,94,49,133,0,276,60,0,60,336
06/25/2021,BZN,MT,ANM,WE,Federal Contract Tower,84,51,38,0,173,0,5,145,0,150,84,56,183,0,323,120,0,120,443
06/26/2021,BZN,MT,ANM,WE,Federal Contract Tower,104,34,22,1,161,0,4,87,2,93,104,38,109,3,254,30,0,30,284
06/27/2021,BZN,MT,ANM,WE,Federal Contract Tower,103,47,50,0,200,0,2,59,0,61,103,49,109,0,261,16,0,16,277
06/28/2021,BZN,MT,ANM,WE,Federal Contract Tower,85,36,36,0,157,0,9,93,0,102,85,45,129,0,259,110,0,110,369
06/29/2021,BZN,MT,ANM,WE,Federal Contract Tower,83,47,58,1,189,0,4,162,1,167,83,51,220,2,356,180,0,180,536
06/30/2021,BZN,MT,ANM,WE,Federal Contract Tower,86,44,55,6,191,0,0,136,0,136,86,44,191,6,327,124,0,124,451
07/01/2021,BZN,MT,ANM,WE,Federal Contract Tower,99,54,60,0,213,0,0,101,0,101,99,54,161,0,314,72,0,72,386
07/02/2021,BZN,MT,ANM,WE,Federal Contract Tower,89,37,52,2,180,0,4,87,0,91,89,41,139,2,271,66,0,66,337
07/03/2021,BZN,MT,ANM,WE,Federal Contract Tower,108,46,39,1,194,0,6,69,0,75,108,52,108,1,269,6,0,6,275
07/04/2021,BZN,MT,ANM,WE,Federal Contract Tower,97,27,19,0,143,0,5,38,0,43,97,32,57,0,186,4,0,4,190
07/05/2021,BZN,MT,ANM,WE,Federal Contract Tower,93,43,73,0,209,0,4,78,4,86,93,47,151,4,295,26,0,26,321
07/06/2021,BZN,MT,ANM,WE,Federal Contract Tower,88,52,37,0,177,0,4,135,0,139,88,56,172,0,316,90,0,90,406
07/07/2021,BZN,MT,ANM,WE,Federal Contract Tower,88,54,50,0,192,0,2,121,0,123,88,56,171,0,315,112,0,112,427
07/08/2021,BZN,MT,ANM,WE,Federal Contract Tower,105,34,52,0,191,0,1,120,0,121,105,35,172,0,312,120,0,120,432
07/09/2021,BZN,MT,ANM,WE,Federal Contract Tower,92,37,44,0,173,0,4,126,0,130,92,41,170,0,303,136,0,136,439
07/10/2021,BZN,MT,ANM,WE,Federal Contract Tower,109,47,32,0,188,0,1,66,3,70,109,48,98,3,258,36,0,36,294
07/11/2021,BZN,MT,ANM,WE,Federal Contract Tower,105,31,60,0,196,0,10,67,0,77,105,41,127,0,273,40,0,40,313
07/12/2021,BZN,MT,ANM,WE,Federal Contract Tower,91,28,44,0,163,0,5,118,0,123,91,33,162,0,286,136,0,136,422
07/13/2021,BZN,MT,ANM,WE,Federal Contract Tower,86,36,57,0,179,0,2,111,0,113,86,38,168,0,292,102,0,102,394
07/14/2021,BZN,MT,ANM,WE,Federal Contract Tower,84,42,72,0,198,0,0,142,0,142,84,42,214,0,340,120,0,120,460
07/15/2021,BZN,MT,ANM,WE,Federal Contract Tower,104,50,61,0,215,0,2,119,0,121,104,52,180,0,336,108,0,108,444
07/16/2021,BZN,MT,ANM,WE,Federal Contract Tower,91,40,53,0,184,0,2,113,0,115,91,42,166,0,299,136,0,136,435
07/17/2021,BZN,MT,ANM,WE,Federal Contract Tower,112,41,47,0,200,0,8,54,0,62,112,49,101,0,262,16,0,16,278
07/18/2021,BZN,MT,ANM,WE,Federal Contract Tower,91,75,57,0,223,0,3,52,0,55,91,78,109,0,278,30,0,30,308
07/19/2021,BZN,MT,ANM,WE,Federal Contract Tower,97,49,44,0,190,0,4,110,3,117,97,53,154,3,307,184,0,184,491
07/20/2021,BZN,MT,ANM,WE,Federal Contract Tower,92,28,44,0,164,0,4,91,4,99,92,32,135,4,263,124,0,124,387
07/21/2021,BZN,MT,ANM,WE,Federal Contract Tower,87,43,58,0,188,0,2,127,5,134,87,45,185,5,322,180,0,180,502
07/22/2021,BZN,MT,ANM,WE,Federal Contract Tower,103,37,52,0,192,0,0,95,4,99,103,37,147,4,291,156,0,156,447
07/23/2021,BZN,MT,ANM,WE,Federal Contract Tower,93,27,56,2,178,0,4,119,4,127,93,31,175,6,305,132,0,132,437
07/24/2021,BZN,MT,ANM,WE,Federal Contract Tower,114,45,45,0,204,0,9,88,3,100,114,54,133,3,304,62,0,62,366
07/25/2021,BZN,MT,ANM,WE,Federal Contract Tower,101,40,62,0,203,0,5,56,0,61,101,45,118,0,264,8,0,8,272
07/26/2021,BZN,MT,ANM,WE,Federal Contract Tower,88,35,58,2,183,0,4,84,0,88,88,39,142,2,271,158,0,158,429
07/27/2021,BZN,MT,ANM,WE,Federal Contract Tower,82,33,46,0,161,0,3,65,0,68,82,36,111,0,229,116,0,116,345
07/28/2021,BZN,MT,ANM,WE,Federal Contract Tower,89,31,54,1,175,0,4,104,1,109,89,35,158,2,284,128,0,128,412
07/29/2021,BZN,MT,ANM,WE,Federal Contract Tower,107,32,46,0,185,0,3,93,0,96,107,35,139,0,281,144,0,144,425
07/30/2021,BZN,MT,ANM,WE,Federal Contract Tower,92,43,57,0,192,0,13,101,0,114,92,56,158,0,306,104,0,104,410
07/31/2021,BZN,MT,ANM,WE,Federal Contract Tower,114,40,40,0,194,0,3,70,0,73,114,43,110,0,267,80,0,80,347
08/01/2021,BZN,MT,ANM,WE,Federal Contract Tower,99,49,59,0,207,0,3,48,0,51,99,52,107,0,258,36,0,36,294
08/02/2021,BZN,MT,ANM,WE,Federal Contract Tower,93,35,46,0,174,0,2,59,0,61,93,37,105,0,235,64,0,64,299
08/03/2021,BZN,MT,ANM,WE,Federal Contract Tower,83,36,46,1,166,0,5,98,0,103,83,41,144,1,269,130,0,130,399
08/04/2021,BZN,MT,ANM,WE,Federal Contract Tower,91,35,47,14,187,0,2,114,0,116,91,37,161,14,303,190,14,204,507
08/05/2021,BZN,MT,ANM,WE,Federal Contract Tower,102,26,55,0,183,0,2,97,0,99,102,28,152,0,282,90,0,90,372
08/06/2021,BZN,MT,ANM,WE,Federal Contract Tower,96,29,51,5,181,0,0,93,0,93,96,29,144,5,274,94,0,94,368
08/07/2021,BZN,MT,ANM,WE,Federal Contract Tower,110,34,49,0,193,0,2,160,0,162,110,36,209,0,355,28,0,28,383
08/08/2021,BZN,MT,ANM,WE,Federal Contract Tower,106,44,68,0,218,0,3,80,0,83,106,47,148,0,301,24,0,24,325
08/09/2021,BZN,MT,ANM,WE,Federal Contract Tower,94,44,56,0,194,0,0,100,0,100,94,44,156,0,294,146,0,146,440
08/10/2021,BZN,MT,ANM,WE,Federal Contract Tower,87,35,71,0,193,0,4,121,0,125,87,39,192,0,318,94,0,94,412
08/11/2021,BZN,MT,ANM,WE,Federal Contract Tower,91,44,29,0,164,0,3,117,2,122,91,47,146,2,286,156,0,156,442
08/12/2021,BZN,MT,ANM,WE,Federal Contract Tower,106,43,67,0,216,0,3,139,0,142,106,46,206,0,358,128,0,128,486
08/13/2021,BZN,MT,ANM,WE,Federal Contract Tower,91,32,48,0,171,0,2,117,0,119,91,34,165,0,290,98,0,98,388
08/14/2021,BZN,MT,ANM,WE,Federal Contract Tower,112,51,49,0,212,0,6,93,0,99,112,57,142,0,311,68,0,68,379
08/15/2021,BZN,MT,ANM,WE,Federal Contract Tower,101,45,63,0,209,0,2,44,0,46,101,47,107,0,255,34,0,34,289
08/16/2021,BZN,MT,ANM,WE,Federal Contract Tower,89,30,59,0,178,0,1,51,0,52,89,31,110,0,230,94,0,94,324
08/17/2021,BZN,MT,ANM,WE,Federal Contract Tower,85,34,49,0,168,0,5,76,0,81,85,39,125,0,249,102,0,102,351
08/18/2021,BZN,MT,ANM,WE,Federal Contract Tower,88,44,47,0,179,0,0,10,0,10,88,44,57,0,189,14,0,14,203
08/19/2021,BZN,MT,ANM,WE,Federal Contract Tower,98,51,65,8,222,0,0,20,0,20,98,51,85,8,242,56,0,56,298
08/20/2021,BZN,MT,ANM,WE,Federal Contract Tower,85,48,44,4,181,0,10,52,0,62,85,58,96,4,243,40,0,40,283
08/21/2021,BZN,MT,ANM,WE,Federal Contract Tower,109,35,33,0,177,0,1,61,0,62,109,36,94,0,239,40,0,40,279
08/22/2021,BZN,MT,ANM,WE,Federal Contract Tower,96,33,47,0,176,0,0,56,0,56,96,33,103,0,232,6,0,6,238
08/23/2021,BZN,MT,ANM,WE,Federal Contract Tower,89,29,49,0,167,0,1,73,0,74,89,30,122,0,241,94,0,94,335
08/24/2021,BZN,MT,ANM,WE,Federal Contract Tower,85,29,45,1,160,0,2,138,0,140,85,31,183,1,300,134,0,134,434
08/25/2021,BZN,MT,ANM,WE,Federal Contract Tower,85,26,54,0,165,0,2,135,0,137,85,28,189,0,302,138,0,138,440
08/26/2021,BZN,MT,ANM,WE,Federal Contract Tower,93,29,58,0,180,0,2,92,0,94,93,31,150,0,274,70,0,70,344
08/27/2021,BZN,MT,ANM,WE,Federal Contract Tower,89,43,45,0,177,0,3,117,0,120,89,46,162,0,297,72,0,72,369
08/28/2021,BZN,MT,ANM,WE,Federal Contract Tower,115,24,41,0,180,0,2,143,0,145,115,26,184,0,325,30,0,30,355
08/29/2021,BZN,MT,ANM,WE,Federal Contract Tower,96,29,57,0,182,0,5,88,0,93,96,34,145,0,275,10,0,10,285
08/30/2021,BZN,MT,ANM,WE,Federal Contract Tower,88,28,48,0,164,0,1,145,0,146,88,29,193,0,310,92,0,92,402
08/31/2021,BZN,MT,ANM,WE,Federal Contract Tower,88,27,47,0,162,0,2,119,0,121,88,29,166,0,283,158,0,158,441
09/01/2021,BZN,MT,ANM,WE,Federal Contract Tower,87,30,54,1,172,0,1,199,0,200,87,31,253,1,372,134,0,134,506
09/02/2021,BZN,MT,ANM,WE,Federal Contract Tower,98,32,50,1,181,0,2,143,0,145,98,34,193,1,326,126,0,126,452
09/03/2021,BZN,MT,ANM,WE,Federal Contract Tower,89,43,50,0,182,0,7,157,0,164,89,50,207,0,346,124,0,124,470
09/04/2021,BZN,MT,ANM,WE,Federal Contract Tower,112,24,26,0,162,0,0,90,0,90,112,24,116,0,252,118,0,118,370
09/05/2021,BZN,MT,ANM,WE,Federal Contract Tower,93,20,30,0,143,0,2,46,0,48,93,22,76,0,191,12,0,12,203
09/06/2021,BZN,MT,ANM,WE,Federal Contract Tower,92,46,43,0,181,0,2,29,0,31,92,48,72,0,212,26,0,26,238
09/07/2021,BZN,MT,ANM,WE,Federal Contract Tower,89,34,63,0,186,0,1,169,2,172,89,35,232,2,358,162,0,162,520
09/08/2021,BZN,MT,ANM,WE,Federal Contract Tower,60,33,47,3,143,0,0,166,1,167,60,33,213,4,310,178,20,198,508
09/09/2021,BZN,MT,ANM,WE,Federal Contract Tower,66,26,45,0,137,0,0,95,0,95,66,26,140,0,232,170,0,170,402
09/10/2021,BZN,MT,ANM,WE,Federal Contract Tower,72,41,44,0,157,0,0,160,0,160,72,41,204,0,317,136,0,136,453
09/11/2021,BZN,MT,ANM,WE,Federal Contract Tower,66,23,23,0,112,0,2,89,0,91,66,25,112,0,203,40,0,40,243
09/12/2021,BZN,MT,ANM,WE,Federal Contract Tower,70,23,34,0,127,0,3,70,0,73,70,26,104,0,200,12,0,12,212
09/13/2021,BZN,MT,ANM,WE,Federal Contract Tower,66,19,28,0,113,0,4,145,4,153,66,23,173,4,266,144,0,144,410
09/14/2021,BZN,MT,ANM,WE,Federal Contract Tower,56,18,43,0,117,0,1,178,0,179,56,19,221,0,296,180,0,180,476
09/15/2021,BZN,MT,ANM,WE,Federal Contract Tower,60,26,39,0,125,0,1,104,0,105,60,27,143,0,230,64,0,64,294
09/16/2021,BZN,MT,ANM,WE,Federal Contract Tower,68,38,54,0,160,0,4,124,0,128,68,42,178,0,288,116,0,116,404
09/17/2021,BZN,MT,ANM,WE,Federal Contract Tower,66,25,29,1,121,0,5,190,2,197,66,30,219,3,318,248,0,248,566
09/18/2021,BZN,MT,ANM,WE,Federal Contract Tower,68,19,24,0,111,0,2,43,1,46,68,21,67,1,157,45,0,45,202
09/19/2021,BZN,MT,ANM,WE,Federal Contract Tower,69,40,43,0,152,0,2,13,0,15,69,42,56,0,167,0,0,0,167
09/20/2021,BZN,MT,ANM,WE,Federal Contract Tower,65,34,38,0,137,0,3,99,0,102,65,37,137,0,239,108,0,108,347
09/21/2021,BZN,MT,ANM,WE,Federal Contract Tower,56,20,23,0,99,0,4,156,0,160,56,24,179,0,259,204,0,204,463
09/22/2021,BZN,MT,ANM,WE,Federal Contract Tower,56,22,35,13,126,0,5,180,0,185,56,27,215,13,311,212,0,212,523
09/23/2021,BZN,MT,ANM,WE,Federal Contract Tower,68,27,44,2,141,0,3,158,0,161,68,30,202,2,302,212,0,212,514
09/24/2021,BZN,MT,ANM,WE,Federal Contract Tower,67,25,33,0,125,0,5,180,0,185,67,30,213,0,310,198,0,198,508
09/25/2021,BZN,MT,ANM,WE,Federal Contract Tower,70,17,22,0,109,0,2,109,0,111,70,19,131,0,220,168,0,168,388
09/26/2021,BZN,MT,ANM,WE,Federal Contract Tower,66,21,33,0,120,0,4,71,0,75,66,25,104,0,195,38,0,38,233
09/27/2021,BZN,MT,ANM,WE,Federal Contract Tower,64,28,43,1,136,0,7,121,2,130,64,35,164,3,266,174,6,180,446
09/28/2021,BZN,MT,ANM,WE,Federal Contract Tower,57,23,32,1,113,0,0,102,0,102,57,23,134,1,215,224,8,232,447
09/29/2021,BZN,MT,ANM,WE,Federal Contract Tower,61,21,45,0,127,0,7,169,0,176,61,28,214,0,303,156,0,156,459
09/30/2021,BZN,MT,ANM,WE,Federal Contract Tower,70,20,45,0,135,0,4,153,0,157,70,24,198,0,292,212,0,212,504
10/01/2021,BZN,MT,ANM,WE,Federal Contract Tower,60,28,31,0,119,0,3,130,0,133,60,31,161,0,252,180,0,180,432
10/02/2021,BZN,MT,ANM,WE,Federal Contract Tower,65,20,28,0,113,0,5,103,0,108,65,25,131,0,221,98,0,98,319
10/03/2021,BZN,MT,ANM,WE,Federal Contract Tower,68,19,37,0,124,0,5,60,0,65,68,24,97,0,189,16,0,16,205
10/04/2021,BZN,MT,ANM,WE,Federal Contract Tower,63,16,36,0,115,0,0,126,0,126,63,16,162,0,241,210,0,210,451
10/05/2021,BZN,MT,ANM,WE,Federal Contract Tower,49,21,36,1,107,0,2,119,2,123,49,23,155,3,230,110,0,110,340
10/06/2021,BZN,MT,ANM,WE,Federal Contract Tower,52,19,30,5,106,0,4,117,2,123,52,23,147,7,229,110,0,110,339
10/07/2021,BZN,MT,ANM,WE,Federal Contract Tower,57,17,29,1,104,0,2,61,5,68,57,19,90,6,172,80,0,80,252
10/08/2021,BZN,MT,ANM,WE,Federal Contract Tower,48,10,37,0,95,0,3,60,0,63,48,13,97,0,158,100,0,100,258
10/09/2021,BZN,MT,ANM,WE,Federal Contract Tower,50,22,17,0,89,0,1,51,0,52,50,23,68,0,141,46,0,46,187
10/10/2021,BZN,MT,ANM,WE,Federal Contract Tower,53,23,37,4,117,0,1,52,0,53,53,24,89,4,170,54,0,54,224
10/11/2021,BZN,MT,ANM,WE,Federal Contract Tower,48,23,24,0,95,0,0,0,0,0,48,23,24,0,95,0,0,0,95
10/12/2021,BZN,MT,ANM,WE,Federal Contract Tower,45,21,24,0,90,0,0,4,0,4,45,21,28,0,94,0,0,0,94
10/13/2021,BZN,MT,ANM,WE,Federal Contract Tower,46,27,58,0,131,0,1,123,0,124,46,28,181,0,255,178,0,178,433
10/14/2021,BZN,MT,ANM,WE,Federal Contract Tower,58,16,25,1,100,0,0,87,0,87,58,16,112,1,187,160,12,172,359
10/15/2021,BZN,MT,ANM,WE,Federal Contract Tower,48,16,22,0,86,0,2,108,1,111,48,18,130,1,197,154,0,154,351
10/16/2021,BZN,MT,ANM,WE,Federal Contract Tower,53,20,16,1,90,0,2,87,0,89,53,22,103,1,179,124,0,124,303
10/17/2021,BZN,MT,ANM,WE,Federal Contract Tower,57,15,27,6,105,0,8,75,2,85,57,23,102,8,190,44,4,48,238
10/18/2021,BZN,MT,ANM,WE,Federal Contract Tower,52,10,40,0,102,0,3,137,0,140,52,13,177,0,242,226,0,226,468
10/19/2021,BZN,MT,ANM,WE,Federal Contract Tower,45,25,36,2,108,0,5,144,2,151,45,30,180,4,259,208,0,208,467
10/20/2021,BZN,MT,ANM,WE,Federal Contract Tower,46,25,40,1,112,0,3,149,0,152,46,28,189,1,264,210,0,210,474
10/21/2021,BZN,MT,ANM,WE,Federal Contract Tower,49,21,47,1,118,0,5,131,0,136,49,26,178,1,254,166,0,166,420
10/22/2021,BZN,MT,ANM,WE,Federal Contract Tower,46,29,38,0,113,0,2,156,0,158,46,31,194,0,271,152,0,152,423
10/24/2021,BZN,MT,ANM,WE,Federal Contract Tower,54,19,21,0,94,0,6,37,0,43,54,25,58,0,137,10,0,10,147
10/25/2021,BZN,MT,ANM,WE,Federal Contract Tower,51,22,29,0,102,0,0,20,0,20,51,22,49,0,122,78,0,78,200
10/26/2021,BZN,MT,ANM,WE,Federal Contract Tower,43,18,30,0,91,0,0,75,0,75,43,18,105,0,166,104,0,104,270
10/27/2021,BZN,MT,ANM,WE,Federal Contract Tower,47,23,30,0,100,0,3,26,0,29,47,26,56,0,129,30,0,30,159
10/28/2021,BZN,MT,ANM,WE,Federal Contract Tower,56,16,30,0,102,0,4,112,1,117,56,20,142,1,219,142,0,142,361
10/29/2021,BZN,MT,ANM,WE,Federal Contract Tower,50,21,31,0,102,0,2,81,0,83,50,23,112,0,185,104,0,104,289
10/31/2021,BZN,MT,ANM,WE,Federal Contract Tower,47,10,15,0,72,0,0,32,0,32,47,10,47,0,104,28,0,28,132
11/01/2021,BZN,MT,ANM,WE,Federal Contract Tower,46,8,29,0,83,0,4,99,0,103,46,12,128,0,186,146,0,146,332
11/02/2021,BZN,MT,ANM,WE,Federal Contract Tower,44,14,32,4,94,0,11,125,4,140,44,25,157,8,234,168,0,168,402
11/03/2021,BZN,MT,ANM,WE,Federal Contract Tower,43,16,39,0,98,0,0,159,4,163,43,16,198,4,261,212,2,214,475
11/04/2021,BZN,MT,ANM,WE,Federal Contract Tower,47,21,39,0,107,0,1,140,8,149,47,22,179,8,256,178,0,178,434
11/05/2021,BZN,MT,ANM,WE,Federal Contract Tower,47,14,34,0,95,0,2,148,0,150,47,16,182,0,245,126,16,142,387
11/07/2021,BZN,MT,ANM,WE,Federal Contract Tower,45,5,27,10,87,0,5,41,0,46,45,10,68,10,133,0,0,0,133
11/08/2021,BZN,MT,ANM,WE,Federal Contract Tower,42,15,31,0,88,0,4,143,0,147,42,19,174,0,235,162,0,162,397
11/09/2021,BZN,MT,ANM,WE,Federal Contract Tower,38,22,31,0,91,0,4,57,0,61,38,26,88,0,152,156,0,156,308
11/10/2021,BZN,MT,ANM,WE,Federal Contract Tower,42,22,35,0,99,0,3,44,0,47,42,25,79,0,146,52,0,52,198
11/11/2021,BZN,MT,ANM,WE,Federal Contract Tower,44,21,27,0,92,0,0,29,0,29,44,21,56,0,121,66,0,66,187
11/12/2021,BZN,MT,ANM,WE,Federal Contract Tower,43,13,36,0,92,0,5,80,0,85,43,18,116,0,177,118,0,118,295
11/13/2021,BZN,MT,ANM,WE,Federal Contract Tower,41,15,37,0,93,0,2,29,0,31,41,17,66,0,124,10,0,10,134
11/14/2021,BZN,MT,ANM,WE,Federal Contract Tower,44,14,19,0,77,0,4,8,0,12,44,18,27,0,89,0,0,0,89
11/15/2021,BZN,MT,ANM,WE,Federal Contract Tower,41,19,22,0,82,0,3,29,0,32,41,22,51,0,114,30,0,30,144
11/16/2021,BZN,MT,ANM,WE,Federal Contract Tower,46,20,28,0,94,0,0,6,0,6,46,20,34,0,100,0,0,0,100
11/17/2021,BZN,MT,ANM,WE,Federal Contract Tower,42,17,51,0,110,0,0,162,0,162,42,17,213,0,272,188,0,188,460
11/18/2021,BZN,MT,ANM,WE,Federal Contract Tower,43,19,67,0,129,0,5,117,0,122,43,24,184,0,251,168,0,168,419
11/19/2021,BZN,MT,ANM,WE,Federal Contract Tower,41,24,46,0,111,0,2,55,0,57,41,26,101,0,168,126,0,126,294
11/20/2021,BZN,MT,ANM,WE,Federal Contract Tower,45,20,22,2,89,0,0,58,0,58,45,20,80,2,147,62,0,62,209
11/21/2021,BZN,MT,ANM,WE,Federal Contract Tower,46,13,23,0,82,0,2,38,0,40,46,15,61,0,122,42,0,42,164
11/22/2021,BZN,MT,ANM,WE,Federal Contract Tower,42,16,32,0,90,0,3,83,0,86,42,19,115,0,176,108,8,116,292
11/23/2021,BZN,MT,ANM,WE,Federal Contract Tower,49,27,27,0,103,0,4,85,0,89,49,31,112,0,192,184,0,184,376
11/24/2021,BZN,MT,ANM,WE,Federal Contract Tower,50,21,38,0,109,0,2,73,1,76,50,23,111,1,185,92,0,92,277
11/25/2021,BZN,MT,ANM,WE,Federal Contract Tower,30,5,5,0,40,0,2,11,0,13,30,7,16,0,53,16,0,16,69
11/26/2021,BZN,MT,ANM,WE,Federal Contract Tower,36,8,13,0,57,0,4,15,0,19,36,12,28,0,76,10,0,10,86
11/27/2021,BZN,MT,ANM,WE,Federal Contract Tower,49,22,32,0,103,0,2,46,0,48,49,24,78,0,151,48,0,48,199
11/29/2021,BZN,MT,ANM,WE,Federal Contract Tower,48,19,42,0,109,0,0,86,0,86,48,19,128,0,195,168,0,168,363
11/30/2021,BZN,MT,ANM,WE,Federal Contract Tower,42,24,31,0,97,0,7,92,0,99,42,31,123,0,196,174,0,174,370
12/01/2021,BZN,MT,ANM,WE,Federal Contract Tower,40,18,26,0,84,0,0,47,0,47,40,18,73,0,131,126,0,126,257
12/02/2021,BZN,MT,ANM,WE,Federal Contract Tower,43,12,33,0,88,0,3,59,0,62,43,15,92,0,150,110,0,110,260
12/03/2021,BZN,MT,ANM,WE,Federal Contract Tower,43,18,46,0,107,0,0,154,8,162,43,18,200,8,269,226,0,226,495
12/04/2021,BZN,MT,ANM,WE,Federal Contract Tower,36,11,20,0,67,0,0,26,0,26,36,11,46,0,93,54,0,54,147
12/05/2021,BZN,MT,ANM,WE,Federal Contract Tower,42,16,18,0,76,0,1,4,0,5,42,17,22,0,81,0,0,0,81
12/06/2021,BZN,MT,ANM,WE,Federal Contract Tower,43,11,31,1,86,0,0,81,0,81,43,11,112,1,167,124,8,132,299
12/07/2021,BZN,MT,ANM,WE,Federal Contract Tower,37,23,27,0,87,0,5,108,0,113,37,28,135,0,200,130,0,130,330
12/08/2021,BZN,MT,ANM,WE,Federal Contract Tower,38,19,24,0,81,0,2,49,0,51,38,21,73,0,132,68,0,68,200
12/09/2021,BZN,MT,ANM,WE,Federal Contract Tower,41,21,35,0,97,0,1,122,0,123,41,22,157,0,220,144,0,144,364
12/10/2021,BZN,MT,ANM,WE,Federal Contract Tower,45,14,25,0,84,0,2,78,0,80,45,16,103,0,164,100,0,100,264
12/11/2021,BZN,MT,ANM,WE,Federal Contract Tower,35,13,10,0,58,0,0,14,0,14,35,13,24,0,72,12,0,12,84
12/12/2021,BZN,MT,ANM,WE,Federal Contract Tower,44,15,20,0,79,0,3,9,0,12,44,18,29,0,91,14,0,14,105
12/13/2021,BZN,MT,ANM,WE,Federal Contract Tower,44,11,48,2,105,0,2,94,0,96,44,13,142,2,201,186,0,186,387
12/14/2021,BZN,MT,ANM,WE,Federal Contract Tower,38,18,23,0,79,0,1,11,0,12,38,19,34,0,91,22,0,22,113
12/15/2021,BZN,MT,ANM,WE,Federal Contract Tower,36,40,35,0,111,0,3,33,0,36,36,43,68,0,147,42,0,42,189
12/16/2021,BZN,MT,ANM,WE,Federal Contract Tower,57,32,52,0,141,0,1,98,0,99,57,33,150,0,240,146,0,146,386
12/17/2021,BZN,MT,ANM,WE,Federal Contract Tower,61,64,77,2,204,0,2,80,0,82,61,66,157,2,286,122,0,122,408
12/18/2021,BZN,MT,ANM,WE,Federal Contract Tower,73,69,87,0,229,0,3,53,0,56,73,72,140,0,285,54,0,54,339
12/19/2021,BZN,MT,ANM,WE,Federal Contract Tower,64,51,57,0,172,0,0,21,0,21,64,51,78,0,193,10,0,10,203
12/20/2021,BZN,MT,ANM,WE,Federal Contract Tower,68,56,53,0,177,0,4,79,0,83,68,60,132,0,260,40,0,40,300
12/21/2021,BZN,MT,ANM,WE,Federal Contract Tower,65,48,54,0,167,0,5,73,0,78,65,53,127,0,245,108,0,108,353
12/22/2021,BZN,MT,ANM,WE,Federal Contract Tower,75,72,52,0,199,0,6,38,0,44,75,78,90,0,243,60,0,60,303
12/23/2021,BZN,MT,ANM,WE,Federal Contract Tower,77,68,53,0,198,0,2,14,0,16,77,70,67,0,214,4,0,4,218
12/24/2021,BZN,MT,ANM,WE,Federal Contract Tower,68,42,23,0,133,0,2,21,0,23,68,44,44,0,156,12,0,12,168
12/25/2021,BZN,MT,ANM,WE,Federal Contract Tower,68,33,22,0,123,0,0,13,0,13,68,33,35,0,136,0,0,0,136
12/26/2021,BZN,MT,ANM,WE,Federal Contract Tower,72,60,71,0,203,0,0,0,0,0,72,60,71,0,203,0,0,0,203
12/27/2021,BZN,MT,ANM,WE,Federal Contract Tower,64,76,81,0,221,0,0,17,0,17,64,76,98,0,238,0,0,0,238
12/28/2021,BZN,MT,ANM,WE,Federal Contract Tower,65,57,49,0,171,0,4,31,0,35,65,61,80,0,206,28,0,28,234
12/29/2021,BZN,MT,ANM,WE,Federal Contract Tower,64,49,43,0,156,0,1,17,0,18,64,50,60,0,174,10,0,10,184
12/30/2021,BZN,MT,ANM,WE,Federal Contract Tower,75,58,45,0,178,0,0,10,0,10,75,58,55,0,188,8,0,8,196
12/31/2021,BZN,MT,ANM,WE,Federal Contract Tower,62,47,20,0,129,0,0,3,0,3,62,47,23,0,132,0,0,0,132
01/01/2022,BZN,MT,ANM,WE,Federal Contract Tower,69,73,42,0,184,0,2,21,0,23,69,75,63,0,207,30,0,30,237
01/02/2022,BZN,MT,ANM,WE,Federal Contract Tower,74,56,117,0,247,0,2,25,0,27,74,58,142,0,274,24,0,24,298
01/03/2022,BZN,MT,ANM,WE,Federal Contract Tower,63,67,72,0,202,0,2,55,0,57,63,69,127,0,259,110,0,110,369
01/04/2022,BZN,MT,ANM,WE,Federal Contract Tower,51,58,52,0,161,0,0,24,0,24,51,58,76,0,185,0,58,58,243
01/05/2022,BZN,MT,ANM,WE,Federal Contract Tower,50,50,38,0,138,0,0,0,0,0,50,50,38,0,138,0,0,0,138
01/06/2022,BZN,MT,ANM,WE,Federal Contract Tower,56,43,40,0,139,0,4,5,0,9,56,47,45,0,148,0,0,0,148
01/07/2022,BZN,MT,ANM,WE,Federal Contract Tower,56,48,46,0,150,0,7,19,0,26,56,55,65,0,176,40,0,40,216
01/08/2022,BZN,MT,ANM,WE,Federal Contract Tower,64,45,36,0,145,0,4,45,0,49,64,49,81,0,194,50,0,50,244
01/09/2022,BZN,MT,ANM,WE,Federal Contract Tower,56,29,57,0,142,0,2,35,0,37,56,31,92,0,179,34,0,34,213
01/10/2022,BZN,MT,ANM,WE,Federal Contract Tower,53,22,42,1,118,0,1,108,1,110,53,23,150,2,228,118,0,118,346
01/11/2022,BZN,MT,ANM,WE,Federal Contract Tower,47,29,36,0,112,0,5,109,0,114,47,34,145,0,226,138,0,138,364
01/12/2022,BZN,MT,ANM,WE,Federal Contract Tower,51,30,29,0,110,0,0,69,1,70,51,30,98,1,180,142,0,142,322
01/13/2022,BZN,MT,ANM,WE,Federal Contract Tower,65,53,58,0,176,0,2,73,1,76,65,55,131,1,252,76,0,76,328
01/14/2022,BZN,MT,ANM,WE,Federal Contract Tower,57,73,75,0,205,0,0,85,1,86,57,73,160,1,291,112,0,112,403
01/15/2022,BZN,MT,ANM,WE,Federal Contract Tower,60,30,17,4,111,0,3,50,1,54,60,33,67,5,165,16,0,16,181
01/16/2022,BZN,MT,ANM,WE,Federal Contract Tower,55,35,35,0,125,0,1,74,0,75,55,36,109,0,200,36,0,36,236
01/17/2022,BZN,MT,ANM,WE,Federal Contract Tower,62,100,80,0,242,0,6,70,0,76,62,106,150,0,318,46,0,46,364
01/18/2022,BZN,MT,ANM,WE,Federal Contract Tower,54,35,35,0,124,0,0,43,0,43,54,35,78,0,167,76,0,76,243
01/19/2022,BZN,MT,ANM,WE,Federal Contract Tower,50,19,48,2,119,0,2,59,0,61,50,21,107,2,180,64,0,64,244
01/20/2022,BZN,MT,ANM,WE,Federal Contract Tower,56,42,34,1,133,0,0,47,0,47,56,42,81,1,180,124,0,124,304
01/21/2022,BZN,MT,ANM,WE,Federal Contract Tower,56,28,46,1,131,0,6,103,0,109,56,34,149,1,240,164,0,164,404
01/22/2022,BZN,MT,ANM,WE,Federal Contract Tower,59,34,32,0,125,0,5,85,0,90,59,39,117,0,215,106,0,106,321
01/23/2022,BZN,MT,ANM,WE,Federal Contract Tower,62,33,45,0,140,0,4,63,0,67,62,37,108,0,207,44,0,44,251
01/24/2022,BZN,MT,ANM,WE,Federal Contract Tower,52,8,49,0,109,0,0,54,0,54,52,8,103,0,163,88,0,88,251
01/25/2022,BZN,MT,ANM,WE,Federal Contract Tower,50,19,40,0,109,0,2,88,0,90,50,21,128,0,199,104,0,104,303
01/26/2022,BZN,MT,ANM,WE,Federal Contract Tower,54,32,58,0,144,0,2,143,0,145,54,34,201,0,289,170,0,170,459
01/27/2022,BZN,MT,ANM,WE,Federal Contract Tower,58,32,38,0,128,0,2,123,0,125,58,34,161,0,253,296,0,296,549
01/28/2022,BZN,MT,ANM,WE,Federal Contract Tower,57,36,46,0,139,0,2,124,1,127,57,38,170,1,266,164,0,164,430
01/29/2022,BZN,MT,ANM,WE,Federal Contract Tower,58,32,47,0,137,0,2,95,0,97,58,34,142,0,234,100,0,100,334
01/30/2022,BZN,MT,ANM,WE,Federal Contract Tower,60,36,60,0,156,0,4,26,0,30,60,40,86,0,186,8,0,8,194
01/31/2022,BZN,MT,ANM,WE,Federal Contract Tower,55,31,43,0,129,0,1,3,0,4,55,32,46,0,133,0,0,0,133
02/01/2022,BZN,MT,ANM,WE,Federal Contract Tower,53,33,44,0,130,0,4,67,0,71,53,37,111,0,201,90,0,90,291
02/02/2022,BZN,MT,ANM,WE,Federal Contract Tower,53,32,47,0,132,0,1,100,0,101,53,33,147,0,233,164,0,164,397
02/03/2022,BZN,MT,ANM,WE,Federal Contract Tower,55,46,61,0,162,0,1,92,0,93,55,47,153,0,255,190,0,190,445
02/04/2022,BZN,MT,ANM,WE,Federal Contract Tower,53,37,71,0,161,0,3,115,0,118,53,40,186,0,279,166,0,166,445
02/05/2022,BZN,MT,ANM,WE,Federal Contract Tower,61,32,32,0,125,0,3,29,0,32,61,35,61,0,157,56,0,56,213
02/06/2022,BZN,MT,ANM,WE,Federal Contract Tower,62,36,46,0,144,0,8,53,0,61,62,44,99,0,205,22,0,22,227
02/07/2022,BZN,MT,ANM,WE,Federal Contract Tower,65,41,52,0,158,0,6,106,0,112,65,47,158,0,270,192,0,192,462
02/08/2022,BZN,MT,ANM,WE,Federal Contract Tower,53,32,61,0,146,0,6,131,0,137,53,38,192,0,283,136,0,136,419
02/09/2022,BZN,MT,ANM,WE,Federal Contract Tower,52,42,52,1,147,0,3,120,1,124,52,45,172,2,271,198,0,198,469
02/10/2022,BZN,MT,ANM,WE,Federal Contract Tower,60,48,60,0,168,0,2,75,0,77,60,50,135,0,245,92,0,92,337
02/11/2022,BZN,MT,ANM,WE,Federal Contract Tower,60,39,36,2,137,0,5,70,0,75,60,44,106,2,212,152,0,152,364
02/12/2022,BZN,MT,ANM,WE,Federal Contract Tower,62,39,37,0,138,0,0,135,0,135,62,39,172,0,273,138,0,138,411
02/13/2022,BZN,MT,ANM,WE,Federal Contract Tower,59,49,38,0,146,0,2,60,0,62,59,51,98,0,208,40,0,40,248
02/14/2022,BZN,MT,ANM,WE,Federal Contract Tower,60,43,29,7,139,0,5,108,0,113,60,48,137,7,252,154,14,168,420
02/15/2022,BZN,MT,ANM,WE,Federal Contract Tower,53,31,20,0,104,0,0,0,0,0,53,31,20,0,104,0,0,0,104
02/16/2022,BZN,MT,ANM,WE,Federal Contract Tower,50,68,50,0,168,0,0,7,2,9,50,68,57,2,177,4,0,4,181
02/17/2022,BZN,MT,ANM,WE,Federal Contract Tower,61,66,124,0,251,0,2,98,0,100,61,68,222,0,351,162,0,162,513
02/18/2022,BZN,MT,ANM,WE,Federal Contract Tower,60,104,91,0,255,0,4,51,0,55,60,108,142,0,310,48,0,48,358
02/19/2022,BZN,MT,ANM,WE,Federal Contract Tower,68,87,51,0,206,0,5,19,0,24,68,92,70,0,230,6,0,6,236
02/20/2022,BZN,MT,ANM,WE,Federal Contract Tower,50,43,27,0,120,0,0,2,0,2,50,43,29,0,122,0,0,0,122
02/21/2022,BZN,MT,ANM,WE,Federal Contract Tower,72,81,113,0,266,0,0,6,0,6,72,81,119,0,272,0,0,0,272
02/22/2022,BZN,MT,ANM,WE,Federal Contract Tower,60,59,56,0,175,0,0,26,0,26,60,59,82,0,201,24,0,24,225
02/23/2022,BZN,MT,ANM,WE,Federal Contract Tower,53,55,70,0,178,0,3,49,0,52,53,58,119,0,230,92,0,92,322
02/24/2022,BZN,MT,ANM,WE,Federal Contract Tower,59,45,59,0,163,0,1,46,0,47,59,46,105,0,210,98,0,98,308
02/25/2022,BZN,MT,ANM,WE,Federal Contract Tower,61,45,64,1,171,0,0,117,1,118,61,45,181,2,289,180,0,180,469
02/26/2022,BZN,MT,ANM,WE,Federal Contract Tower,63,56,57,2,178,0,5,113,0,118,63,61,170,2,296,132,0,132,428
02/27/2022,BZN,MT,ANM,WE,Federal Contract Tower,65,80,85,0,230,0,3,39,0,42,65,83,124,0,272,0,0,0,272
02/28/2022,BZN,MT,ANM,WE,Federal Contract Tower,59,34,42,0,135,0,2,60,0,62,59,36,102,0,197,90,0,90,287
03/01/2022,BZN,MT,ANM,WE,Federal Contract Tower,53,35,41,0,129,0,3,69,0,72,53,38,110,0,201,158,0,158,359
03/02/2022,BZN,MT,ANM,WE,Federal Contract Tower,58,34,58,2,152,0,0,141,0,141,58,34,199,2,293,156,8,164,457
03/03/2022,BZN,MT,ANM,WE,Federal Contract Tower,63,55,61,0,179,0,0,131,0,131,63,55,192,0,310,176,0,176,486
03/04/2022,BZN,MT,ANM,WE,Federal Contract Tower,61,65,45,0,171,0,0,25,0,25,61,65,70,0,196,84,0,84,280
03/05/2022,BZN,MT,ANM,WE,Federal Contract Tower,66,29,38,0,133,0,2,18,0,20,66,31,56,0,153,4,0,4,157
03/06/2022,BZN,MT,ANM,WE,Federal Contract Tower,66,53,47,4,170,0,1,39,2,42,66,54,86,6,212,52,0,52,264
03/07/2022,BZN,MT,ANM,WE,Federal Contract Tower,61,27,49,2,139,0,2,100,0,102,61,29,149,2,241,158,0,158,399
03/08/2022,BZN,MT,ANM,WE,Federal Contract Tower,57,40,25,0,122,0,0,0,0,0,57,40,25,0,122,0,0,0,122
03/09/2022,BZN,MT,ANM,WE,Federal Contract Tower,62,43,74,4,183,0,0,111,0,111,62,43,185,4,294,152,0,152,446
03/10/2022,BZN,MT,ANM,WE,Federal Contract Tower,62,47,82,2,193,0,0,157,0,157,62,47,239,2,350,198,0,198,548
03/11/2022,BZN,MT,ANM,WE,Federal Contract Tower,62,58,84,0,204,0,1,89,0,90,62,59,173,0,294,200,0,200,494
03/12/2022,BZN,MT,ANM,WE,Federal Contract Tower,67,56,47,0,170,0,2,21,0,23,67,58,68,0,193,42,0,42,235
03/13/2022,BZN,MT,ANM,WE,Federal Contract Tower,62,49,62,0,173,0,1,5,0,6,62,50,67,0,179,2,0,2,181
03/14/2022,BZN,MT,ANM,WE,Federal Contract Tower,64,42,59,0,165,0,0,99,0,99,64,42,158,0,264,174,0,174,438
03/15/2022,BZN,MT,ANM,WE,Federal Contract Tower,59,51,42,0,152,0,1,39,0,40,59,52,81,0,192,116,0,116,308
03/16/2022,BZN,MT,ANM,WE,Federal Contract Tower,66,35,63,4,168,0,3,70,0,73,66,38,133,4,241,64,0,64,305
03/17/2022,BZN,MT,ANM,WE,Federal Contract Tower,55,39,70,10,174,0,3,112,0,115,55,42,182,10,289,114,0,114,403
03/18/2022,BZN,MT,ANM,WE,Federal Contract Tower,57,55,58,3,173,0,2,65,0,67,57,57,123,3,240,48,2,50,290
03/19/2022,BZN,MT,ANM,WE,Federal Contract Tower,75,51,67,3,196,0,4,76,2,82,75,55,143,5,278,78,2,80,358
03/20/2022,BZN,MT,ANM,WE,Federal Contract Tower,62,64,66,0,192,0,2,5,0,7,62,66,71,0,199,0,0,0,199
03/21/2022,BZN,MT,ANM,WE,Federal Contract Tower,60,39,75,0,174,0,4,105,0,109,60,43,180,0,283,152,0,152,435
03/22/2022,BZN,MT,ANM,WE,Federal Contract Tower,59,23,41,0,123,0,3,121,0,124,59,26,162,0,247,166,0,166,413
03/23/2022,BZN,MT,ANM,WE,Federal Contract Tower,69,37,68,0,174,0,4,163,0,167,69,41,231,0,341,122,0,122,463
03/24/2022,BZN,MT,ANM,WE,Federal Contract Tower,60,42,59,0,161,0,8,76,0,84,60,50,135,0,245,128,0,128,373
03/25/2022,BZN,MT,ANM,WE,Federal Contract Tower,60,58,46,0,164,0,3,130,0,133,60,61,176,0,297,186,0,186,483
03/26/2022,BZN,MT,ANM,WE,Federal Contract Tower,67,50,57,0,174,0,1,106,0,107,67,51,163,0,281,104,0,104,385
03/27/2022,BZN,MT,ANM,WE,Federal Contract Tower,51,76,73,0,200,0,5,79,0,84,51,81,152,0,284,62,0,62,346
03/28/2022,BZN,MT,ANM,WE,Federal Contract Tower,51,36,46,0,133,0,2,89,0,91,51,38,135,0,224,120,0,120,344
03/29/2022,BZN,MT,ANM,WE,Federal Contract Tower,43,24,28,0,95,0,3,15,0,18,43,27,43,0,113,14,0,14,127
03/30/2022,BZN,MT,ANM,WE,Federal Contract Tower,49,36,46,0,131,0,4,170,0,174,49,40,216,0,305,134,0,134,439
03/31/2022,BZN,MT,ANM,WE,Federal Contract Tower,49,34,30,10,123,0,2,68,0,70,49,36,98,10,193,108,0,108,301
04/01/2022,BZN,MT,ANM,WE,Federal Contract Tower,51,53,37,0,141,0,1,91,0,92,51,54,128,0,233,142,0,142,375
04/02/2022,BZN,MT,ANM,WE,Federal Contract Tower,50,50,32,0,132,0,0,41,0,41,50,50,73,0,173,12,0,12,185
04/03/2022,BZN,MT,ANM,WE,Federal Contract Tower,50,32,45,2,129,0,2,52,0,54,50,34,97,2,183,22,0,22,205
04/04/2022,BZN,MT,ANM,WE,Federal Contract Tower,48,17,36,0,101,0,1,37,0,38,48,18,73,0,139,28,0,28,167
04/05/2022,BZN,MT,ANM,WE,Federal Contract Tower,41,20,21,0,82,0,0,2,0,2,41,20,23,0,84,0,0,0,84
04/06/2022,BZN,MT,ANM,WE,Federal Contract Tower,48,28,35,0,111,0,2,89,0,91,48,30,124,0,202,126,0,126,328
04/07/2022,BZN,MT,ANM,WE,Federal Contract Tower,44,24,66,2,136,0,0,192,0,192,44,24,258,2,328,198,0,198,526
04/08/2022,BZN,MT,ANM,WE,Federal Contract Tower,46,14,54,1,115,0,3,126,0,129,46,17,180,1,244,114,0,114,358
04/09/2022,BZN,MT,ANM,WE,Federal Contract Tower,42,26,19,0,87,0,0,29,1,30,42,26,48,1,117,34,0,34,151
04/10/2022,BZN,MT,ANM,WE,Federal Contract Tower,44,31,39,1,115,0,0,7,0,7,44,31,46,1,122,0,0,0,122
04/11/2022,BZN,MT,ANM,WE,Federal Contract Tower,41,30,33,0,104,0,0,53,0,53,41,30,86,0,157,80,0,80,237
04/12/2022,BZN,MT,ANM,WE,Federal Contract Tower,39,14,17,0,70,0,0,0,0,0,39,14,17,0,70,0,0,0,70
04/13/2022,BZN,MT,ANM,WE,Federal Contract Tower,43,29,53,2,127,0,0,96,0,96,43,29,149,2,223,0,160,160,383
04/14/2022,BZN,MT,ANM,WE,Federal Contract Tower,41,27,51,0,119,0,2,130,0,132,41,29,181,0,251,226,0,226,477
04/15/2022,BZN,MT,ANM,WE,Federal Contract Tower,45,25,55,0,125,0,1,64,0,65,45,26,119,0,190,92,0,92,282
04/16/2022,BZN,MT,ANM,WE,Federal Contract Tower,45,18,27,0,90,0,2,38,0,40,45,20,65,0,130,52,0,52,182
04/17/2022,BZN,MT,ANM,WE,Federal Contract Tower,39,17,18,0,74,0,0,6,0,6,39,17,24,0,80,0,0,0,80
04/18/2022,BZN,MT,ANM,WE,Federal Contract Tower,44,18,45,6,113,0,3,115,0,118,44,21,160,6,231,222,6,228,459
04/19/2022,BZN,MT,ANM,WE,Federal Contract Tower,42,14,22,2,80,0,3,62,1,66,42,17,84,3,146,144,8,152,298
04/20/2022,BZN,MT,ANM,WE,Federal Contract Tower,40,16,42,0,98,0,9,133,0,142,40,25,175,0,240,232,0,232,472
04/21/2022,BZN,MT,ANM,WE,Federal Contract Tower,47,15,35,0,97,0,0,127,0,127,47,15,162,0,224,204,0,204,428
04/22/2022,BZN,MT,ANM,WE,Federal Contract Tower,44,17,18,0,79,0,0,4,0,4,44,17,22,0,83,0,0,0,83
04/23/2022,BZN,MT,ANM,WE,Federal Contract Tower,37,20,9,0,66,0,0,1,0,1,37,20,10,0,67,8,0,8,75
04/24/2022,BZN,MT,ANM,WE,Federal Contract Tower,40,14,24,0,78,0,2,42,0,44,40,16,66,0,122,12,0,12,134
04/25/2022,BZN,MT,ANM,WE,Federal Contract Tower,49,18,43,0,110,0,2,144,0,146,49,20,187,0,256,120,0,120,376
04/26/2022,BZN,MT,ANM,WE,Federal Contract Tower,40,21,34,0,95,0,0,83,0,83,40,21,117,0,178,130,0,130,308
04/27/2022,BZN,MT,ANM,WE,Federal Contract Tower,41,15,45,0,101,0,1,110,0,111,41,16,155,0,212,170,0,170,382
04/28/2022,BZN,MT,ANM,WE,Federal Contract Tower,41,13,37,0,91,0,2,69,0,71,41,15,106,0,162,160,0,160,322
04/29/2022,BZN,MT,ANM,WE,Federal Contract Tower,44,23,15,0,82,0,0,13,0,13,44,23,28,0,95,56,0,56,151
04/30/2022,BZN,MT,ANM,WE,Federal Contract Tower,37,16,30,0,83,0,4,101,0,105,37,20,131,0,188,98,0,98,286
05/01/2022,BZN,MT,ANM,WE,Federal Contract Tower,42,7,12,0,61,0,0,13,4,17,42,7,25,4,78,0,0,0,78
05/02/2022,BZN,MT,ANM,WE,Federal Contract Tower,46,21,47,0,114,0,2,114,0,116,46,23,161,0,230,144,0,144,374
05/03/2022,BZN,MT,ANM,WE,Federal Contract Tower,38,15,18,0,71,0,2,8,0,10,38,17,26,0,81,6,0,6,87
05/04/2022,BZN,MT,ANM,WE,Federal Contract Tower,43,14,39,0,96,0,3,137,0,140,43,17,176,0,236,222,0,222,458
05/05/2022,BZN,MT,ANM,WE,Federal Contract Tower,43,20,43,0,106,0,1,138,6,145,43,21,181,6,251,174,0,174,425
05/06/2022,BZN,MT,ANM,WE,Federal Contract Tower,47,18,25,0,90,0,5,31,0,36,47,23,56,0,126,20,0,20,146
05/07/2022,BZN,MT,ANM,WE,Federal Contract Tower,37,10,3,0,50,0,3,12,0,15,37,13,15,0,65,0,0,0,65
05/08/2022,BZN,MT,ANM,WE,Federal Contract Tower,43,11,11,0,65,0,0,5,0,5,43,11,16,0,70,8,0,8,78
05/09/2022,BZN,MT,ANM,WE,Federal Contract Tower,48,19,37,0,104,0,0,80,0,80,48,19,117,0,184,160,0,160,344
05/10/2022,BZN,MT,ANM,WE,Federal Contract Tower,43,13,47,0,103,0,2,128,0,130,43,15,175,0,233,140,0,140,373
05/11/2022,BZN,MT,ANM,WE,Federal Contract Tower,43,31,49,0,123,0,2,136,0,138,43,33,185,0,261,154,0,154,415
05/12/2022,BZN,MT,ANM,WE,Federal Contract Tower,44,21,32,2,99,0,3,27,0,30,44,24,59,2,129,42,0,42,171
05/13/2022,BZN,MT,ANM,WE,Federal Contract Tower,46,18,19,1,84,0,0,47,0,47,46,18,66,1,131,44,0,44,175
05/14/2022,BZN,MT,ANM,WE,Federal Contract Tower,36,17,13,2,68,0,0,36,0,36,36,17,49,2,104,46,0,46,150
05/15/2022,BZN,MT,ANM,WE,Federal Contract Tower,43,11,33,0,87,0,0,64,0,64,43,11,97,0,151,46,0,46,197
05/16/2022,BZN,MT,ANM,WE,Federal Contract Tower,48,16,33,0,97,0,0,73,0,73,48,16,106,0,170,144,0,144,314
05/17/2022,BZN,MT,ANM,WE,Federal Contract Tower,44,15,38,0,97,0,0,139,0,139,44,15,177,0,236,244,0,244,480
05/18/2022,BZN,MT,ANM,WE,Federal Contract Tower,44,15,30,0,89,0,3,99,0,102,44,18,129,0,191,180,0,180,371
05/19/2022,BZN,MT,ANM,WE,Federal Contract Tower,46,12,29,1,88,0,0,16,1,17,46,12,45,2,105,32,0,32,137
05/20/2022,BZN,MT,ANM,WE,Federal Contract Tower,46,24,27,1,98,0,2,17,0,19,46,26,44,1,117,4,0,4,121
05/21/2022,BZN,MT,ANM,WE,Federal Contract Tower,40,18,41,1,100,0,0,101,0,101,40,18,142,1,201,136,0,136,337
05/22/2022,BZN,MT,ANM,WE,Federal Contract Tower,46,11,22,0,79,0,0,24,0,24,46,11,46,0,103,28,0,28,131
05/23/2022,BZN,MT,ANM,WE,Federal Contract Tower,49,14,46,0,109,0,2,169,0,171,49,16,215,0,280,248,0,248,528
05/24/2022,BZN,MT,ANM,WE,Federal Contract Tower,42,18,16,0,76,0,6,116,0,122,42,24,132,0,198,208,0,208,406
05/25/2022,BZN,MT,ANM,WE,Federal Contract Tower,42,15,39,0,96,0,1,152,0,153,42,16,191,0,249,164,0,164,413
05/26/2022,BZN,MT,ANM,WE,Federal Contract Tower,48,22,44,0,114,0,3,88,4,95,48,25,132,4,209,146,0,146,355
05/27/2022,BZN,MT,ANM,WE,Federal Contract Tower,48,20,25,0,93,0,3,51,0,54,48,23,76,0,147,66,0,66,213
05/28/2022,BZN,MT,ANM,WE,Federal Contract Tower,37,19,15,0,71,0,2,6,0,8,37,21,21,0,79,12,0,12,91
05/29/2022,BZN,MT,ANM,WE,Federal Contract Tower,47,10,17,0,74,0,0,1,0,1,47,10,18,0,75,0,0,0,75
05/30/2022,BZN,MT,ANM,WE,Federal Contract Tower,45,21,23,0,89,0,0,0,0,0,45,21,23,0,89,0,0,0,89
05/31/2022,BZN,MT,ANM,WE,Federal Contract Tower,43,26,44,0,113,0,5,102,0,107,43,31,146,0,220,268,0,268,488
06/01/2022,BZN,MT,ANM,WE,Federal Contract Tower,50,22,38,0,110,0,2,145,0,147,50,24,183,0,257,218,0,218,475
06/02/2022,BZN,MT,ANM,WE,Federal Contract Tower,46,12,55,0,113,0,6,136,0,142,46,18,191,0,255,192,0,192,447
06/03/2022,BZN,MT,ANM,WE,Federal Contract Tower,59,11,19,0,89,0,3,55,0,58,59,14,74,0,147,98,0,98,245
06/04/2022,BZN,MT,ANM,WE,Federal Contract Tower,56,17,20,0,93,0,3,57,1,61,56,20,77,1,154,50,0,50,204
06/05/2022,BZN,MT,ANM,WE,Federal Contract Tower,64,8,19,0,91,0,0,33,1,34,64,8,52,1,125,28,0,28,153
06/06/2022,BZN,MT,ANM,WE,Federal Contract Tower,60,16,21,0,97,0,2,45,0,47,60,18,66,0,144,42,0,42,186
06/07/2022,BZN,MT,ANM,WE,Federal Contract Tower,55,18,34,2,109,0,2,108,1,111,55,20,142,3,220,70,0,70,290
06/08/2022,BZN,MT,ANM,WE,Federal Contract Tower,54,25,37,0,116,0,2,118,0,120,54,27,155,0,236,220,0,220,456
06/09/2022,BZN,MT,ANM,WE,Federal Contract Tower,58,18,39,0,115,0,0,117,0,117,58,18,156,0,232,152,0,152,384
06/10/2022,BZN,MT,ANM,WE,Federal Contract Tower,60,16,38,0,114,0,0,87,0,87,60,16,125,0,201,74,0,74,275
06/11/2022,BZN,MT,ANM,WE,Federal Contract Tower,64,18,17,0,99,0,2,33,0,35,64,20,50,0,134,22,0,22,156
06/12/2022,BZN,MT,ANM,WE,Federal Contract Tower,65,17,24,0,106,0,1,13,0,14,65,18,37,0,120,14,0,14,134
06/13/2022,BZN,MT,ANM,WE,Federal Contract Tower,61,25,27,0,113,0,3,36,0,39,61,28,63,0,152,52,0,52,204
06/14/2022,BZN,MT,ANM,WE,Federal Contract Tower,55,21,27,0,103,0,3,47,0,50,55,24,74,0,153,14,0,14,167
06/15/2022,BZN,MT,ANM,WE,Federal Contract Tower,60,26,33,0,119,0,2,91,0,93,60,28,124,0,212,48,0,48,260
06/16/2022,BZN,MT,ANM,WE,Federal Contract Tower,69,24,36,2,131,0,0,206,1,207,69,24,242,3,338,150,2,152,490
06/17/2022,BZN,MT,ANM,WE,Federal Contract Tower,64,29,52,0,145,0,7,88,7,102,64,36,140,7,247,42,0,42,289
06/18/2022,BZN,MT,ANM,WE,Federal Contract Tower,73,24,19,0,116,0,3,54,0,57,73,27,73,0,173,18,0,18,191
06/19/2022,BZN,MT,ANM,WE,Federal Contract Tower,76,28,35,0,139,0,3,35,0,38,76,31,70,0,177,16,0,16,193
06/20/2022,BZN,MT,ANM,WE,Federal Contract Tower,65,37,32,0,134,0,0,41,0,41,65,37,73,0,175,22,0,22,197
06/21/2022,BZN,MT,ANM,WE,Federal Contract Tower,61,46,33,0,140,0,3,186,0,189,61,49,219,0,329,138,0,138,467
06/22/2022,BZN,MT,ANM,WE,Federal Contract Tower,68,40,43,0,151,0,4,156,0,160,68,44,199,0,311,92,0,92,403
06/23/2022,BZN,MT,ANM,WE,Federal Contract Tower,68,36,40,0,144,0,6,117,0,123,68,42,157,0,267,64,0,64,331
06/24/2022,BZN,MT,ANM,WE,Federal Contract Tower,65,36,56,0,157,0,0,128,0,128,65,36,184,0,285,56,0,56,341
06/25/2022,BZN,MT,ANM,WE,Federal Contract Tower,76,30,43,0,149,0,3,98,0,101,76,33,141,0,250,66,0,66,316
06/26/2022,BZN,MT,ANM,WE,Federal Contract Tower,69,27,40,0,136,0,1,80,0,81,69,28,120,0,217,2,0,2,219
06/27/2022,BZN,MT,ANM,WE,Federal Contract Tower,66,25,41,2,134,0,5,123,0,128,66,30,164,2,262,131,0,131,393
06/28/2022,BZN,MT,ANM,WE,Federal Contract Tower,59,31,28,0,118,0,0,68,0,68,59,31,96,0,186,158,0,158,344
06/29/2022,BZN,MT,ANM,WE,Federal Contract Tower,67,32,44,0,143,0,0,121,0,121,67,32,165,0,264,114,0,114,378
06/30/2022,BZN,MT,ANM,WE,Federal Contract Tower,67,46,43,0,156,0,4,156,0,160,67,50,199,0,316,196,0,196,512
07/01/2022,BZN,MT,ANM,WE,Federal Contract Tower,66,41,55,1,163,0,0,107,0,107,66,41,162,1,270,150,0,150,420
07/02/2022,BZN,MT,ANM,WE,Federal Contract Tower,74,30,34,1,139,0,6,72,0,78,74,36,106,1,217,32,0,32,249
07/03/2022,BZN,MT,ANM,WE,Federal Contract Tower,70,23,19,0,112,0,1,24,0,25,70,24,43,0,137,0,0,0,137
07/04/2022,BZN,MT,ANM,WE,Federal Contract Tower,66,28,20,0,114,0,0,34,0,34,66,28,54,0,148,16,0,16,164
07/05/2022,BZN,MT,ANM,WE,Federal Contract Tower,61,26,47,0,134,0,2,68,0,70,61,28,115,0,204,56,0,56,260
07/06/2022,BZN,MT,ANM,WE,Federal Contract Tower,70,25,57,0,152,0,3,85,0,88,70,28,142,0,240,142,0,142,382
07/07/2022,BZN,MT,ANM,WE,Federal Contract Tower,65,20,37,0,122,0,2,96,0,98,65,22,133,0,220,166,0,166,386
07/08/2022,BZN,MT,ANM,WE,Federal Contract Tower,67,27,42,0,136,0,2,74,0,76,67,29,116,0,212,110,0,110,322
07/09/2022,BZN,MT,ANM,WE,Federal Contract Tower,83,34,33,0,150,0,3,93,0,96,83,37,126,0,246,24,0,24,270
07/10/2022,BZN,MT,ANM,WE,Federal Contract Tower,65,39,67,0,171,0,4,51,0,55,65,43,118,0,226,0,0,0,226
07/11/2022,BZN,MT,ANM,WE,Federal Contract Tower,66,30,58,0,154,0,2,95,0,97,66,32,153,0,251,204,0,204,455
07/12/2022,BZN,MT,ANM,WE,Federal Contract Tower,64,34,44,2,144,0,2,129,0,131,64,36,173,2,275,166,0,166,441
07/13/2022,BZN,MT,ANM,WE,Federal Contract Tower,71,39,50,0,160,0,2,114,0,116,71,41,164,0,276,146,0,146,422
07/14/2022,BZN,MT,ANM,WE,Federal Contract Tower,69,49,38,0,156,0,5,117,0,122,69,54,155,0,278,68,0,68,346
07/15/2022,BZN,MT,ANM,WE,Federal Contract Tower,67,39,52,0,158,0,6,88,0,94,67,45,140,0,252,92,0,92,344
07/16/2022,BZN,MT,ANM,WE,Federal Contract Tower,85,47,52,0,184,0,5,97,0,102,85,52,149,0,286,56,0,56,342
07/17/2022,BZN,MT,ANM,WE,Federal Contract Tower,69,40,81,3,193,0,8,63,0,71,69,48,144,3,264,10,0,10,274
07/18/2022,BZN,MT,ANM,WE,Federal Contract Tower,71,25,36,1,133,0,6,53,0,59,71,31,89,1,192,40,0,40,232
07/19/2022,BZN,MT,ANM,WE,Federal Contract Tower,63,36,46,0,145,0,1,128,0,129,63,37,174,0,274,154,0,154,428
07/20/2022,BZN,MT,ANM,WE,Federal Contract Tower,70,46,54,0,170,0,5,109,0,114,70,51,163,0,284,142,0,142,426
07/21/2022,BZN,MT,ANM,WE,Federal Contract Tower,68,53,49,0,170,0,11,105,0,116,68,64,154,0,286,148,0,148,434
07/22/2022,BZN,MT,ANM,WE,Federal Contract Tower,69,43,63,0,175,0,4,87,0,91,69,47,150,0,266,44,0,44,310
07/23/2022,BZN,MT,ANM,WE,Federal Contract Tower,85,30,25,0,140,0,9,74,0,83,85,39,99,0,223,36,0,36,259
07/24/2022,BZN,MT,ANM,WE,Federal Contract Tower,71,62,63,0,196,0,7,39,2,48,71,69,102,2,244,28,0,28,272
07/25/2022,BZN,MT,ANM,WE,Federal Contract Tower,67,35,48,0,150,0,3,106,2,111,67,38,154,2,261,92,0,92,353
07/26/2022,BZN,MT,ANM,WE,Federal Contract Tower,61,33,51,0,145,0,1,103,0,104,61,34,154,0,249,96,0,96,345
07/27/2022,BZN,MT,ANM,WE,Federal Contract Tower,72,34,48,0,154,0,3,121,0,124,72,37,169,0,278,104,0,104,382
07/28/2022,BZN,MT,ANM,WE,Federal Contract Tower,68,40,58,1,167,0,0,123,1,124,68,40,181,2,291,98,0,98,389
07/29/2022,BZN,MT,ANM,WE,Federal Contract Tower,65,27,40,1,133,0,6,129,0,135,65,33,169,1,268,82,0,82,350
07/30/2022,BZN,MT,ANM,WE,Federal Contract Tower,89,37,40,1,167,0,11,66,4,81,89,48,106,5,248,10,0,10,258
07/31/2022,BZN,MT,ANM,WE,Federal Contract Tower,70,41,49,1,161,0,9,55,4,68,70,50,104,5,229,18,12,30,259
08/01/2022,BZN,MT,ANM,WE,Federal Contract Tower,69,18,51,0,138,0,4,86,0,90,69,22,137,0,228,62,0,62,290
08/02/2022,BZN,MT,ANM,WE,Federal Contract Tower,62,29,41,0,132,0,7,68,1,76,62,36,109,1,208,104,2,106,314
08/03/2022,BZN,MT,ANM,WE,Federal Contract Tower,69,39,44,0,152,0,6,110,0,116,69,45,154,0,268,120,0,120,388
08/04/2022,BZN,MT,ANM,WE,Federal Contract Tower,68,36,41,0,145,0,1,82,0,83,68,37,123,0,228,80,0,80,308
08/05/2022,BZN,MT,ANM,WE,Federal Contract Tower,67,37,39,0,143,0,6,92,0,98,67,43,131,0,241,106,0,106,347
08/06/2022,BZN,MT,ANM,WE,Federal Contract Tower,81,28,40,2,151,0,0,42,0,42,81,28,82,2,193,10,0,10,203
08/07/2022,BZN,MT,ANM,WE,Federal Contract Tower,72,37,47,4,160,0,8,60,0,68,72,45,107,4,228,10,0,10,238
08/08/2022,BZN,MT,ANM,WE,Federal Contract Tower,63,39,39,2,143,0,3,76,1,80,63,42,115,3,223,60,2,62,285
08/09/2022,BZN,MT,ANM,WE,Federal Contract Tower,63,35,46,6,150,0,0,110,0,110,63,35,156,6,260,50,0,50,310
08/10/2022,BZN,MT,ANM,WE,Federal Contract Tower,67,43,51,0,161,0,3,124,1,128,67,46,175,1,289,112,0,112,401
08/11/2022,BZN,MT,ANM,WE,Federal Contract Tower,69,36,61,0,166,0,1,129,0,130,69,37,190,0,296,162,0,162,458
08/12/2022,BZN,MT,ANM,WE,Federal Contract Tower,67,38,44,0,149,1,5,94,0,100,68,43,138,0,249,78,0,78,327
08/13/2022,BZN,MT,ANM,WE,Federal Contract Tower,83,45,35,2,165,0,6,48,0,54,83,51,83,2,219,20,0,20,239
08/14/2022,BZN,MT,ANM,WE,Federal Contract Tower,69,57,47,0,173,0,5,61,0,66,69,62,108,0,239,20,0,20,259
08/15/2022,BZN,MT,ANM,WE,Federal Contract Tower,67,24,40,0,131,0,5,107,0,112,67,29,147,0,243,132,0,132,375
08/16/2022,BZN,MT,ANM,WE,Federal Contract Tower,65,27,44,0,136,0,7,134,1,142,65,34,178,1,278,96,0,96,374
08/17/2022,BZN,MT,ANM,WE,Federal Contract Tower,67,27,48,0,142,1,5,139,0,145,68,32,187,0,287,112,0,112,399
08/18/2022,BZN,MT,ANM,WE,Federal Contract Tower,63,35,45,1,144,0,2,149,1,152,63,37,194,2,296,134,2,136,432
08/19/2022,BZN,MT,ANM,WE,Federal Contract Tower,71,33,47,0,151,0,4,110,0,114,71,37,157,0,265,140,0,140,405
08/20/2022,BZN,MT,ANM,WE,Federal Contract Tower,79,52,24,0,155,0,13,70,0,83,79,65,94,0,238,12,0,12,250
08/21/2022,BZN,MT,ANM,WE,Federal Contract Tower,63,42,50,0,155,0,0,52,0,52,63,42,102,0,207,6,0,6,213
08/22/2022,BZN,MT,ANM,WE,Federal Contract Tower,62,28,33,1,124,0,0,57,0,57,62,28,90,1,181,52,0,52,233
08/23/2022,BZN,MT,ANM,WE,Federal Contract Tower,61,33,37,0,131,0,0,153,0,153,61,33,190,0,284,88,0,88,372
08/24/2022,BZN,MT,ANM,WE,Federal Contract Tower,63,41,36,0,140,0,2,82,0,84,63,43,118,0,224,90,0,90,314
08/25/2022,BZN,MT,ANM,WE,Federal Contract Tower,65,43,42,0,150,0,0,95,0,95,65,43,137,0,245,158,0,158,403
08/26/2022,BZN,MT,ANM,WE,Federal Contract Tower,68,41,54,0,163,0,3,139,0,142,68,44,193,0,305,176,0,176,481
08/27/2022,BZN,MT,ANM,WE,Federal Contract Tower,85,30,33,0,148,0,7,98,0,105,85,37,131,0,253,52,0,52,305
08/28/2022,BZN,MT,ANM,WE,Federal Contract Tower,69,36,32,0,137,0,2,45,0,47,69,38,77,0,184,46,0,46,230
08/29/2022,BZN,MT,ANM,WE,Federal Contract Tower,61,23,48,0,132,0,1,156,0,157,61,24,204,0,289,154,0,154,443
08/30/2022,BZN,MT,ANM,WE,Federal Contract Tower,62,16,47,0,125,0,4,163,0,167,62,20,210,0,292,166,0,166,458
08/31/2022,BZN,MT,ANM,WE,Federal Contract Tower,67,27,44,1,139,0,2,176,0,178,67,29,220,1,317,126,0,126,443
09/01/2022,BZN,MT,ANM,WE,Federal Contract Tower,64,19,49,0,132,0,6,146,0,152,64,25,195,0,284,186,0,186,470
09/02/2022,BZN,MT,ANM,WE,Federal Contract Tower,65,34,70,0,169,0,1,177,1,179,65,35,247,1,348,174,0,174,522
09/03/2022,BZN,MT,ANM,WE,Federal Contract Tower,83,28,15,0,126,0,3,82,0,85,83,31,97,0,211,119,0,119,330
09/04/2022,BZN,MT,ANM,WE,Federal Contract Tower,68,8,18,0,94,0,10,23,0,33,68,18,41,0,127,10,0,10,137
09/05/2022,BZN,MT,ANM,WE,Federal Contract Tower,67,33,41,3,144,0,1,28,0,29,67,34,69,3,173,26,0,26,199
09/06/2022,BZN,MT,ANM,WE,Federal Contract Tower,55,35,44,0,134,0,2,141,0,143,55,37,185,0,277,172,0,172,449
09/07/2022,BZN,MT,ANM,WE,Federal Contract Tower,47,32,30,0,109,0,2,115,0,117,47,34,145,0,226,134,0,134,360
09/08/2022,BZN,MT,ANM,WE,Federal Contract Tower,53,18,36,0,107,0,5,86,0,91,53,23,122,0,198,98,0,98,296
09/09/2022,BZN,MT,ANM,WE,Federal Contract Tower,57,31,33,1,122,0,1,143,0,144,57,32,176,1,266,212,0,212,478
09/10/2022,BZN,MT,ANM,WE,Federal Contract Tower,51,30,28,0,109,0,5,141,0,146,51,35,169,0,255,142,0,142,397
09/11/2022,BZN,MT,ANM,WE,Federal Contract Tower,47,30,51,0,128,0,5,101,0,106,47,35,152,0,234,40,0,40,274
09/12/2022,BZN,MT,ANM,WE,Federal Contract Tower,55,19,56,0,130,0,3,63,3,69,55,22,119,3,199,140,0,140,339
09/13/2022,BZN,MT,ANM,WE,Federal Contract Tower,45,27,51,0,123,0,2,131,0,133,45,29,182,0,256,144,0,144,400
09/14/2022,BZN,MT,ANM,WE,Federal Contract Tower,42,39,62,0,143,0,5,44,0,49,42,44,106,0,192,64,0,64,256
09/15/2022,BZN,MT,ANM,WE,Federal Contract Tower,52,38,33,0,123,0,1,129,0,130,52,39,162,0,253,186,0,186,439
09/16/2022,BZN,MT,ANM,WE,Federal Contract Tower,57,34,43,0,134,0,1,43,0,44,57,35,86,0,178,16,0,16,194
09/17/2022,BZN,MT,ANM,WE,Federal Contract Tower,51,26,28,0,105,0,4,167,0,171,51,30,195,0,276,70,0,70,346
09/18/2022,BZN,MT,ANM,WE,Federal Contract Tower,48,28,32,0,108,0,7,81,0,88,48,35,113,0,196,42,0,42,238
09/19/2022,BZN,MT,ANM,WE,Federal Contract Tower,55,24,39,4,122,0,3,146,0,149,55,27,185,4,271,163,8,171,442
09/20/2022,BZN,MT,ANM,WE,Federal Contract Tower,45,16,43,0,104,0,0,98,0,98,45,16,141,0,202,250,0,250,452
09/21/2022,BZN,MT,ANM,WE,Federal Contract Tower,44,23,48,0,115,0,5,129,0,134,44,28,177,0,249,92,0,92,341
09/22/2022,BZN,MT,ANM,WE,Federal Contract Tower,54,24,18,0,96,0,0,28,0,28,54,24,46,0,124,44,0,44,168
09/23/2022,BZN,MT,ANM,WE,Federal Contract Tower,64,30,48,0,142,0,6,189,0,195,64,36,237,0,337,122,0,122,459
09/24/2022,BZN,MT,ANM,WE,Federal Contract Tower,52,22,19,0,93,0,2,115,0,117,52,24,134,0,210,132,0,132,342
09/25/2022,BZN,MT,ANM,WE,Federal Contract Tower,53,14,25,0,92,0,0,61,0,61,53,14,86,0,153,36,0,36,189
09/26/2022,BZN,MT,ANM,WE,Federal Contract Tower,55,16,59,0,130,0,2,181,0,183,55,18,240,0,313,154,0,154,467
09/27/2022,BZN,MT,ANM,WE,Federal Contract Tower,45,19,40,0,104,0,1,185,0,186,45,20,225,0,290,214,0,214,504
09/28/2022,BZN,MT,ANM,WE,Federal Contract Tower,42,25,41,0,108,0,4,141,0,145,42,29,182,0,253,186,0,186,439
09/29/2022,BZN,MT,ANM,WE,Federal Contract Tower,52,32,37,0,121,0,3,66,0,69,52,35,103,0,190,70,0,70,260
09/30/2022,BZN,MT,ANM,WE,Federal Contract Tower,52,42,35,0,129,0,2,72,0,74,52,44,107,0,203,152,0,152,355
10/01/2022,BZN,MT,ANM,WE,Federal Contract Tower,46,21,17,0,84,0,2,4,0,6,46,23,21,0,90,0,0,0,90
10/02/2022,BZN,MT,ANM,WE,Federal Contract Tower,48,19,36,0,103,0,2,19,0,21,48,21,55,0,124,24,0,24,148
10/03/2022,BZN,MT,ANM,WE,Federal Contract Tower,53,20,44,0,117,0,4,78,0,82,53,24,122,0,199,109,0,109,308
10/04/2022,BZN,MT,ANM,WE,Federal Contract Tower,43,24,40,0,107,0,3,195,0,198,43,27,235,0,305,134,0,134,439
10/05/2022,BZN,MT,ANM,WE,Federal Contract Tower,43,23,39,0,105,0,0,167,0,167,43,23,206,0,272,184,0,184,456
10/06/2022,BZN,MT,ANM,WE,Federal Contract Tower,47,23,69,0,139,0,3,147,0,150,47,26,216,0,289,176,0,176,465
10/07/2022,BZN,MT,ANM,WE,Federal Contract Tower,48,22,42,2,114,0,1,128,2,131,48,23,170,4,245,156,0,156,401
10/08/2022,BZN,MT,ANM,WE,Federal Contract Tower,40,21,25,0,86,0,0,119,2,121,40,21,144,2,207,126,0,126,333
10/09/2022,BZN,MT,ANM,WE,Federal Contract Tower,42,24,31,0,97,0,2,82,0,84,42,26,113,0,181,34,0,34,215
10/10/2022,BZN,MT,ANM,WE,Federal Contract Tower,47,18,52,0,117,0,1,143,0,144,47,19,195,0,261,156,0,156,417
10/11/2022,BZN,MT,ANM,WE,Federal Contract Tower,41,17,34,1,93,0,3,124,0,127,41,20,158,1,220,260,0,260,480
10/12/2022,BZN,MT,ANM,WE,Federal Contract Tower,39,31,41,0,111,0,8,153,0,161,39,39,194,0,272,194,0,194,466
10/13/2022,BZN,MT,ANM,WE,Federal Contract Tower,47,10,39,1,97,0,1,180,0,181,47,11,219,1,278,222,0,222,500
10/14/2022,BZN,MT,ANM,WE,Federal Contract Tower,49,23,43,0,115,0,1,159,0,160,49,24,202,0,275,134,0,134,409
10/15/2022,BZN,MT,ANM,WE,Federal Contract Tower,42,10,20,0,72,0,6,103,0,109,42,16,123,0,181,96,0,96,277
10/16/2022,BZN,MT,ANM,WE,Federal Contract Tower,41,11,21,0,73,0,1,67,0,68,41,12,88,0,141,4,0,4,145
10/17/2022,BZN,MT,ANM,WE,Federal Contract Tower,48,22,38,0,108,0,1,161,0,162,48,23,199,0,270,104,0,104,374
10/18/2022,BZN,MT,ANM,WE,Federal Contract Tower,39,15,34,0,88,0,5,131,0,136,39,20,165,0,224,206,0,206,430
10/19/2022,BZN,MT,ANM,WE,Federal Contract Tower,40,22,41,2,105,0,6,222,0,228,40,28,263,2,333,242,0,242,575
10/20/2022,BZN,MT,ANM,WE,Federal Contract Tower,49,30,31,0,110,0,4,181,0,185,49,34,212,0,295,180,0,180,475
10/21/2022,BZN,MT,ANM,WE,Federal Contract Tower,49,21,27,1,98,0,5,86,0,91,49,26,113,1,189,170,0,170,359
10/22/2022,BZN,MT,ANM,WE,Federal Contract Tower,40,15,10,0,65,0,0,0,0,0,40,15,10,0,65,0,0,0,65
10/23/2022,BZN,MT,ANM,WE,Federal Contract Tower,39,21,13,0,73,0,0,1,0,1,39,21,14,0,74,0,0,0,74
10/24/2022,BZN,MT,ANM,WE,Federal Contract Tower,47,17,34,0,98,0,1,110,0,111,47,18,144,0,209,196,0,196,405
10/25/2022,BZN,MT,ANM,WE,Federal Contract Tower,39,20,30,0,89,0,0,100,0,100,39,20,130,0,189,200,0,200,389
10/26/2022,BZN,MT,ANM,WE,Federal Contract Tower,40,22,41,5,108,0,2,151,0,153,40,24,192,5,261,240,0,240,501
10/27/2022,BZN,MT,ANM,WE,Federal Contract Tower,46,16,47,1,110,0,4,156,0,160,46,20,203,1,270,314,0,314,584
10/28/2022,BZN,MT,ANM,WE,Federal Contract Tower,49,15,42,0,106,0,6,146,0,152,49,21,188,0,258,274,0,274,532
10/29/2022,BZN,MT,ANM,WE,Federal Contract Tower,40,19,8,2,69,0,2,94,0,96,40,21,102,2,165,140,0,140,305
10/30/2022,BZN,MT,ANM,WE,Federal Contract Tower,40,10,15,0,65,0,8,35,0,43,40,18,50,0,108,28,0,28,136
10/31/2022,BZN,MT,ANM,WE,Federal Contract Tower,47,12,23,0,82,0,1,74,0,75,47,13,97,0,157,87,0,87,244
11/01/2022,BZN,MT,ANM,WE,Federal Contract Tower,40,25,26,0,91,0,4,67,0,71,40,29,93,0,162,70,0,70,232
11/02/2022,BZN,MT,ANM,WE,Federal Contract Tower,40,18,15,0,73,0,0,5,0,5,40,18,20,0,78,30,0,30,108
11/03/2022,BZN,MT,ANM,WE,Federal Contract Tower,45,15,42,3,105,0,0,90,0,90,45,15,132,3,195,204,0,204,399
11/04/2022,BZN,MT,ANM,WE,Federal Contract Tower,48,22,21,0,91,0,0,53,0,53,48,22,74,0,144,156,0,156,300
11/05/2022,BZN,MT,ANM,WE,Federal Contract Tower,38,12,7,1,58,0,0,3,0,3,38,12,10,1,61,0,0,0,61
11/06/2022,BZN,MT,ANM,WE,Federal Contract Tower,47,15,23,2,87,0,0,62,0,62,47,15,85,2,149,68,0,68,217
11/07/2022,BZN,MT,ANM,WE,Federal Contract Tower,45,10,11,0,66,0,0,0,0,0,45,10,11,0,66,0,0,0,66
11/08/2022,BZN,MT,ANM,WE,Federal Contract Tower,40,15,19,0,74,0,0,8,0,8,40,15,27,0,82,0,0,0,82
11/09/2022,BZN,MT,ANM,WE,Federal Contract Tower,36,13,17,0,66,0,0,20,0,20,36,13,37,0,86,34,0,34,120
11/10/2022,BZN,MT,ANM,WE,Federal Contract Tower,45,21,29,0,95,0,0,15,4,19,45,21,44,4,114,8,0,8,122
11/11/2022,BZN,MT,ANM,WE,Federal Contract Tower,46,22,40,0,108,123,0,0,0,123,169,22,40,0,231,68,0,68,299
11/12/2022,BZN,MT,ANM,WE,Federal Contract Tower,41,11,34,0,86,0,3,127,0,130,41,14,161,0,216,168,0,168,384
11/13/2022,BZN,MT,ANM,WE,Federal Contract Tower,41,15,29,0,85,0,5,16,0,21,41,20,45,0,106,22,0,22,128
11/14/2022,BZN,MT,ANM,WE,Federal Contract Tower,43,15,24,10,92,0,0,1,0,1,43,15,25,10,93,0,0,0,93
11/15/2022,BZN,MT,ANM,WE,Federal Contract Tower,39,14,59,0,112,0,1,138,0,139,39,15,197,0,251,190,0,190,441
11/17/2022,BZN,MT,ANM,WE,Federal Contract Tower,45,8,20,0,73,0,0,114,0,114,45,8,134,0,187,266,0,266,453
11/18/2022,BZN,MT,ANM,WE,Federal Contract Tower,45,21,59,0,125,0,1,170,0,171,45,22,229,0,296,194,0,194,490
11/19/2022,BZN,MT,ANM,WE,Federal Contract Tower,39,14,36,0,89,0,2,51,3,56,39,16,87,3,145,112,0,112,257
11/20/2022,BZN,MT,ANM,WE,Federal Contract Tower,43,15,26,0,84,0,4,46,4,54,43,19,72,4,138,12,0,12,150
11/21/2022,BZN,MT,ANM,WE,Federal Contract Tower,43,17,41,0,101,0,2,104,0,106,43,19,145,0,207,166,0,166,373
11/22/2022,BZN,MT,ANM,WE,Federal Contract Tower,45,29,39,0,113,0,2,92,0,94,45,31,131,0,207,122,0,122,329
11/23/2022,BZN,MT,ANM,WE,Federal Contract Tower,46,21,32,0,99,0,2,6,0,8,46,23,38,0,107,18,0,18,125
11/24/2022,BZN,MT,ANM,WE,Federal Contract Tower,26,4,5,0,35,0,0,15,0,15,26,4,20,0,50,2,0,2,52
11/25/2022,BZN,MT,ANM,WE,Federal Contract Tower,46,9,16,0,71,0,1,43,0,44,46,10,59,0,115,54,0,54,169
11/26/2022,BZN,MT,ANM,WE,Federal Contract Tower,44,20,16,0,80,0,0,23,0,23,44,20,39,0,103,40,0,40,143
11/27/2022,BZN,MT,ANM,WE,Federal Contract Tower,48,24,35,0,107,0,2,18,0,20,48,26,53,0,127,22,0,22,149
11/28/2022,BZN,MT,ANM,WE,Federal Contract Tower,47,16,50,0,113,0,5,103,1,109,47,21,153,1,222,40,0,40,262
11/29/2022,BZN,MT,ANM,WE,Federal Contract Tower,35,18,20,0,73,0,0,18,0,18,35,18,38,0,91,102,0,102,193
11/30/2022,BZN,MT,ANM,WE,Federal Contract Tower,40,15,31,0,86,0,2,148,0,150,40,17,179,0,236,292,0,292,528
12/01/2022,BZN,MT,ANM,WE,Federal Contract Tower,40,11,23,1,75,0,3,55,0,58,40,14,78,1,133,72,0,72,205
12/02/2022,BZN,MT,ANM,WE,Federal Contract Tower,44,15,36,0,95,0,0,116,0,116,44,15,152,0,211,134,0,134,345
12/03/2022,BZN,MT,ANM,WE,Federal Contract Tower,38,15,17,0,70,0,4,113,0,117,38,19,130,0,187,114,0,114,301
12/04/2022,BZN,MT,ANM,WE,Federal Contract Tower,42,14,13,0,69,0,1,11,0,12,42,15,24,0,81,4,0,4,85
12/05/2022,BZN,MT,ANM,WE,Federal Contract Tower,44,12,33,8,97,0,3,45,0,48,44,15,78,8,145,16,22,38,183
12/06/2022,BZN,MT,ANM,WE,Federal Contract Tower,40,20,30,0,90,0,3,94,0,97,40,23,124,0,187,174,0,174,361
12/07/2022,BZN,MT,ANM,WE,Federal Contract Tower,42,19,60,0,121,0,2,164,0,166,42,21,224,0,287,266,0,266,553
12/08/2022,BZN,MT,ANM,WE,Federal Contract Tower,43,27,45,3,118,0,5,161,70,236,43,32,206,73,354,194,10,204,558
12/09/2022,BZN,MT,ANM,WE,Federal Contract Tower,45,22,21,0,88,0,0,46,0,46,45,22,67,0,134,68,0,68,202
12/10/2022,BZN,MT,ANM,WE,Federal Contract Tower,36,19,27,0,82,0,1,72,0,73,36,20,99,0,155,124,0,124,279
12/11/2022,BZN,MT,ANM,WE,Federal Contract Tower,40,21,24,0,85,0,1,20,0,21,40,22,44,0,106,24,0,24,130
12/12/2022,BZN,MT,ANM,WE,Federal Contract Tower,46,11,22,0,79,0,0,0,0,0,46,11,22,0,79,0,0,0,79
12/13/2022,BZN,MT,ANM,WE,Federal Contract Tower,36,13,25,0,74,0,0,52,0,52,36,13,77,0,126,82,0,82,208
12/14/2022,BZN,MT,ANM,WE,Federal Contract Tower,37,15,20,0,72,0,2,0,0,2,37,17,20,0,74,0,0,0,74
12/15/2022,BZN,MT,ANM,WE,Federal Contract Tower,49,26,29,0,104,0,0,2,0,2,49,26,31,0,106,0,0,0,106
12/16/2022,BZN,MT,ANM,WE,Federal Contract Tower,59,61,92,0,212,0,3,149,0,152,59,64,241,0,364,70,0,70,434
12/17/2022,BZN,MT,ANM,WE,Federal Contract Tower,67,66,55,0,188,0,1,76,0,77,67,67,131,0,265,110,0,110,375
12/18/2022,BZN,MT,ANM,WE,Federal Contract Tower,55,56,58,0,169,0,1,31,0,32,55,57,89,0,201,26,0,26,227
12/19/2022,BZN,MT,ANM,WE,Federal Contract Tower,56,37,63,0,156,0,0,36,0,36,56,37,99,0,192,54,0,54,246
12/20/2022,BZN,MT,ANM,WE,Federal Contract Tower,55,58,52,0,165,0,2,26,0,28,55,60,78,0,193,82,0,82,275
12/21/2022,BZN,MT,ANM,WE,Federal Contract Tower,57,65,36,0,158,0,0,2,0,2,57,65,38,0,160,0,0,0,160
12/22/2022,BZN,MT,ANM,WE,Federal Contract Tower,28,51,49,0,128,0,0,0,0,0,28,51,49,0,128,0,0,0,128
12/23/2022,BZN,MT,ANM,WE,Federal Contract Tower,42,93,45,1,181,0,0,2,0,2,42,93,47,1,183,18,0,18,201
12/24/2022,BZN,MT,ANM,WE,Federal Contract Tower,49,42,22,0,113,0,1,9,0,10,49,43,31,0,123,2,0,2,125
12/25/2022,BZN,MT,ANM,WE,Federal Contract Tower,47,27,19,0,93,0,2,2,0,4,47,29,21,0,97,0,0,0,97
12/26/2022,BZN,MT,ANM,WE,Federal Contract Tower,49,108,118,0,275,0,2,27,0,29,49,110,145,0,304,0,0,0,304
12/27/2022,BZN,MT,ANM,WE,Federal Contract Tower,58,68,98,0,224,0,0,23,0,23,58,68,121,0,247,24,0,24,271
12/28/2022,BZN,MT,ANM,WE,Federal Contract Tower,55,62,57,0,174,0,3,34,0,37,55,65,91,0,211,68,0,68,279
12/29/2022,BZN,MT,ANM,WE,Federal Contract Tower,49,64,47,0,160,0,3,86,0,89,49,67,133,0,249,42,0,42,291
12/30/2022,BZN,MT,ANM,WE,Federal Contract Tower,65,66,29,0,160,0,1,34,0,35,65,67,63,0,195,40,0,40,235
12/31/2022,BZN,MT,ANM,WE,Federal Contract Tower,62,45,26,0,133,0,0,7,0,7,62,45,33,0,140,0,0,0,140
01/01/2023,BZN,MT,ANM,WE,Federal Contract Tower,60,79,62,0,201,0,12,10,0,22,60,91,72,0,223,8,0,8,231
01/02/2023,BZN,MT,ANM,WE,Federal Contract Tower,57,101,135,0,293,0,0,25,0,25,57,101,160,0,318,18,0,18,336
01/03/2023,BZN,MT,ANM,WE,Federal Contract Tower,63,66,61,0,190,0,0,80,0,80,63,66,141,0,270,116,0,116,386
01/04/2023,BZN,MT,ANM,WE,Federal Contract Tower,57,56,56,0,169,0,1,110,0,111,57,57,166,0,280,128,0,128,408
01/05/2023,BZN,MT,ANM,WE,Federal Contract Tower,57,46,38,0,141,0,2,82,0,84,57,48,120,0,225,90,0,90,315
01/06/2023,BZN,MT,ANM,WE,Federal Contract Tower,61,32,52,0,145,0,0,6,0,6,61,32,58,0,151,0,0,0,151
01/07/2023,BZN,MT,ANM,WE,Federal Contract Tower,67,41,30,0,138,0,1,72,0,73,67,42,102,0,211,66,0,66,277
01/08/2023,BZN,MT,ANM,WE,Federal Contract Tower,56,44,31,0,131,0,2,44,0,46,56,46,75,0,177,56,0,56,233
01/09/2023,BZN,MT,ANM,WE,Federal Contract Tower,56,21,36,12,125,0,0,66,0,66,56,21,102,12,191,80,10,90,281
01/10/2023,BZN,MT,ANM,WE,Federal Contract Tower,48,21,37,0,106,0,0,105,0,105,48,21,142,0,211,172,0,172,383
01/11/2023,BZN,MT,ANM,WE,Federal Contract Tower,52,30,54,3,139,0,1,137,0,138,52,31,191,3,277,126,12,138,415
01/12/2023,BZN,MT,ANM,WE,Federal Contract Tower,54,59,73,0,186,0,2,128,0,130,54,61,201,0,316,188,0,188,504
01/13/2023,BZN,MT,ANM,WE,Federal Contract Tower,57,77,70,0,204,0,5,91,0,96,57,82,161,0,300,128,0,128,428
01/14/2023,BZN,MT,ANM,WE,Federal Contract Tower,51,32,35,0,118,0,3,53,0,56,51,35,88,0,174,98,0,98,272
01/15/2023,BZN,MT,ANM,WE,Federal Contract Tower,56,26,24,2,108,0,1,33,3,37,56,27,57,5,145,36,0,36,181
01/16/2023,BZN,MT,ANM,WE,Federal Contract Tower,59,84,66,0,209,0,0,0,0,0,59,84,66,0,209,0,0,0,209
01/17/2023,BZN,MT,ANM,WE,Federal Contract Tower,48,37,45,0,130,0,2,78,0,80,48,39,123,0,210,138,0,138,348
01/18/2023,BZN,MT,ANM,WE,Federal Contract Tower,53,28,42,1,124,0,3,176,2,181,53,31,218,3,305,164,0,164,469
01/19/2023,BZN,MT,ANM,WE,Federal Contract Tower,57,34,39,0,130,0,2,102,0,104,57,36,141,0,234,192,0,192,426
01/20/2023,BZN,MT,ANM,WE,Federal Contract Tower,54,38,27,0,119,0,8,85,0,93,54,46,112,0,212,130,0,130,342
01/21/2023,BZN,MT,ANM,WE,Federal Contract Tower,54,24,15,0,93,0,8,121,0,129,54,32,136,0,222,176,0,176,398
01/22/2023,BZN,MT,ANM,WE,Federal Contract Tower,53,22,36,0,111,0,0,0,0,0,53,22,36,0,111,0,0,0,111
01/23/2023,BZN,MT,ANM,WE,Federal Contract Tower,52,20,27,5,104,0,3,95,0,98,52,23,122,5,202,154,14,168,370
01/24/2023,BZN,MT,ANM,WE,Federal Contract Tower,48,24,30,0,102,0,0,92,0,92,48,24,122,0,194,78,0,78,272
01/25/2023,BZN,MT,ANM,WE,Federal Contract Tower,54,30,49,0,133,0,2,94,0,96,54,32,143,0,229,202,0,202,431
01/26/2023,BZN,MT,ANM,WE,Federal Contract Tower,53,43,42,0,138,0,0,81,0,81,53,43,123,0,219,142,0,142,361
01/27/2023,BZN,MT,ANM,WE,Federal Contract Tower,53,26,26,0,105,0,0,0,0,0,53,26,26,0,105,0,0,0,105
01/28/2023,BZN,MT,ANM,WE,Federal Contract Tower,53,27,22,0,102,0,0,0,0,0,53,27,22,0,102,2,0,2,104
01/29/2023,BZN,MT,ANM,WE,Federal Contract Tower,53,40,35,0,128,0,0,18,0,18,53,40,53,0,146,8,0,8,154
01/30/2023,BZN,MT,ANM,WE,Federal Contract Tower,51,25,34,0,110,0,0,95,0,95,51,25,129,0,205,22,0,22,227
01/31/2023,BZN,MT,ANM,WE,Federal Contract Tower,48,24,44,0,116,0,0,112,0,112,48,24,156,0,228,70,0,70,298
02/01/2023,BZN,MT,ANM,WE,Federal Contract Tower,51,32,75,3,161,0,0,188,0,188,51,32,263,3,349,78,4,82,431
02/02/2023,BZN,MT,ANM,WE,Federal Contract Tower,53,57,61,0,171,0,3,166,0,169,53,60,227,0,340,220,0,220,560
02/03/2023,BZN,MT,ANM,WE,Federal Contract Tower,55,29,56,0,140,0,3,162,1,166,55,32,218,1,306,153,0,153,459
02/04/2023,BZN,MT,ANM,WE,Federal Contract Tower,55,39,30,0,124,0,6,74,0,80,55,45,104,0,204,77,0,77,281
02/05/2023,BZN,MT,ANM,WE,Federal Contract Tower,55,62,51,0,168,0,0,32,0,32,55,62,83,0,200,34,0,34,234
02/06/2023,BZN,MT,ANM,WE,Federal Contract Tower,55,29,47,2,133,0,0,126,0,126,55,29,173,2,259,176,0,176,435
02/07/2023,BZN,MT,ANM,WE,Federal Contract Tower,49,25,57,0,131,0,1,149,0,150,49,26,206,0,281,148,0,148,429
02/08/2023,BZN,MT,ANM,WE,Federal Contract Tower,54,29,33,0,116,0,0,29,0,29,54,29,62,0,145,68,0,68,213
02/09/2023,BZN,MT,ANM,WE,Federal Contract Tower,56,44,59,0,159,0,2,178,0,180,56,46,237,0,339,150,0,150,489
02/10/2023,BZN,MT,ANM,WE,Federal Contract Tower,58,50,73,3,184,0,3,171,0,174,58,53,244,3,358,0,0,0,358
02/11/2023,BZN,MT,ANM,WE,Federal Contract Tower,59,39,25,0,123,0,2,116,0,118,59,41,141,0,241,122,0,122,363
02/12/2023,BZN,MT,ANM,WE,Federal Contract Tower,63,34,37,0,134,0,1,38,0,39,63,35,75,0,173,56,0,56,229
02/13/2023,BZN,MT,ANM,WE,Federal Contract Tower,67,47,58,1,173,0,1,92,8,101,67,48,150,9,274,126,0,126,400
02/15/2023,BZN,MT,ANM,WE,Federal Contract Tower,52,39,57,0,148,0,3,174,0,177,52,42,231,0,325,116,0,116,441
02/16/2023,BZN,MT,ANM,WE,Federal Contract Tower,56,117,108,0,281,0,3,143,0,146,56,120,251,0,427,154,0,154,581
02/17/2023,BZN,MT,ANM,WE,Federal Contract Tower,65,131,110,0,306,0,7,90,0,97,65,138,200,0,403,131,0,131,534
02/18/2023,BZN,MT,ANM,WE,Federal Contract Tower,65,76,54,0,195,0,1,27,0,28,65,77,81,0,223,63,0,63,286
02/19/2023,BZN,MT,ANM,WE,Federal Contract Tower,59,57,37,0,153,0,0,5,0,5,59,57,42,0,158,6,0,6,164
02/20/2023,BZN,MT,ANM,WE,Federal Contract Tower,68,123,109,0,300,0,0,7,0,7,68,123,116,0,307,36,0,36,343
02/21/2023,BZN,MT,ANM,WE,Federal Contract Tower,51,55,39,0,145,0,0,8,0,8,51,55,47,0,153,26,0,26,179
02/22/2023,BZN,MT,ANM,WE,Federal Contract Tower,54,47,49,0,150,0,0,6,0,6,54,47,55,0,156,2,0,2,158
02/23/2023,BZN,MT,ANM,WE,Federal Contract Tower,58,45,63,2,168,0,0,101,0,101,58,45,164,2,269,144,2,146,415
02/24/2023,BZN,MT,ANM,WE,Federal Contract Tower,62,57,68,2,189,0,4,163,0,167,62,61,231,2,356,182,0,182,538
02/25/2023,BZN,MT,ANM,WE,Federal Contract Tower,67,68,42,2,179,0,2,85,0,87,67,70,127,2,266,175,0,175,441
02/26/2023,BZN,MT,ANM,WE,Federal Contract Tower,61,77,49,0,187,0,1,49,0,50,61,78,98,0,237,54,0,54,291
02/27/2023,BZN,MT,ANM,WE,Federal Contract Tower,61,23,42,0,126,0,3,158,0,161,61,26,200,0,287,252,0,252,539
02/28/2023,BZN,MT,ANM,WE,Federal Contract Tower,56,24,37,0,117,0,4,98,0,102,56,28,135,0,219,182,0,182,401
03/01/2023,BZN,MT,ANM,WE,Federal Contract Tower,60,40,55,0,155,0,2,167,0,169,60,42,222,0,324,256,0,256,580
03/02/2023,BZN,MT,ANM,WE,Federal Contract Tower,60,49,46,0,155,0,2,120,0,122,60,51,166,0,277,188,0,188,465
03/03/2023,BZN,MT,ANM,WE,Federal Contract Tower,60,40,34,0,134,0,0,77,0,77,60,40,111,0,211,160,0,160,371
03/04/2023,BZN,MT,ANM,WE,Federal Contract Tower,71,31,38,0,140,0,5,105,0,110,71,36,143,0,250,96,0,96,346
03/05/2023,BZN,MT,ANM,WE,Federal Contract Tower,59,35,41,0,135,0,0,3,0,3,59,35,44,0,138,2,0,2,140
03/06/2023,BZN,MT,ANM,WE,Federal Contract Tower,59,34,35,0,128,0,0,46,0,46,59,34,81,0,174,84,0,84,258
03/07/2023,BZN,MT,ANM,WE,Federal Contract Tower,54,26,56,4,140,0,0,190,14,204,54,26,246,18,344,158,0,158,502
03/08/2023,BZN,MT,ANM,WE,Federal Contract Tower,61,36,65,0,162,0,0,174,0,174,61,36,239,0,336,160,0,160,496
03/09/2023,BZN,MT,ANM,WE,Federal Contract Tower,61,52,70,0,183,0,1,132,0,133,61,53,202,0,316,164,0,164,480
03/10/2023,BZN,MT,ANM,WE,Federal Contract Tower,63,55,54,0,172,0,0,19,0,19,63,55,73,0,191,67,0,67,258
03/11/2023,BZN,MT,ANM,WE,Federal Contract Tower,66,53,60,0,179,0,0,78,0,78,66,53,138,0,257,144,0,144,401
03/12/2023,BZN,MT,ANM,WE,Federal Contract Tower,59,59,66,0,184,0,0,51,0,51,59,59,117,0,235,50,0,50,285
03/13/2023,BZN,MT,ANM,WE,Federal Contract Tower,62,32,35,4,133,0,3,99,0,102,62,35,134,4,235,178,0,178,413
03/14/2023,BZN,MT,ANM,WE,Federal Contract Tower,57,26,40,0,123,0,0,45,0,45,57,26,85,0,168,92,0,92,260
03/15/2023,BZN,MT,ANM,WE,Federal Contract Tower,60,36,21,0,117,0,0,1,0,1,60,36,22,0,118,28,0,28,146
03/16/2023,BZN,MT,ANM,WE,Federal Contract Tower,63,48,38,0,149,0,3,98,1,102,63,51,136,1,251,188,8,196,447
03/17/2023,BZN,MT,ANM,WE,Federal Contract Tower,58,54,52,0,164,0,4,134,0,138,58,58,186,0,302,163,0,163,465
03/18/2023,BZN,MT,ANM,WE,Federal Contract Tower,68,39,58,0,165,0,3,65,0,68,68,42,123,0,233,84,0,84,317
03/19/2023,BZN,MT,ANM,WE,Federal Contract Tower,54,74,54,0,182,0,2,63,0,65,54,76,117,0,247,67,0,67,314
03/20/2023,BZN,MT,ANM,WE,Federal Contract Tower,58,37,48,0,143,0,0,82,0,82,58,37,130,0,225,256,0,256,481
03/21/2023,BZN,MT,ANM,WE,Federal Contract Tower,55,34,20,0,109,0,0,29,0,29,55,34,49,0,138,44,0,44,182
03/22/2023,BZN,MT,ANM,WE,Federal Contract Tower,57,28,64,2,151,0,3,196,0,199,57,31,260,2,350,262,0,262,612
03/23/2023,BZN,MT,ANM,WE,Federal Contract Tower,57,61,67,0,185,0,0,198,0,198,57,61,265,0,383,278,0,278,661
03/24/2023,BZN,MT,ANM,WE,Federal Contract Tower,56,35,34,0,125,0,0,58,0,58,56,35,92,0,183,238,0,238,421
03/25/2023,BZN,MT,ANM,WE,Federal Contract Tower,54,21,33,0,108,0,0,0,0,0,54,21,33,0,108,0,0,0,108
03/26/2023,BZN,MT,ANM,WE,Federal Contract Tower,42,45,36,0,123,0,0,1,0,1,42,45,37,0,124,0,0,0,124
03/27/2023,BZN,MT,ANM,WE,Federal Contract Tower,54,30,30,0,114,0,1,98,0,99,54,31,128,0,213,32,0,32,245
03/28/2023,BZN,MT,ANM,WE,Federal Contract Tower,44,24,41,0,109,0,2,178,0,180,44,26,219,0,289,88,0,88,377
03/29/2023,BZN,MT,ANM,WE,Federal Contract Tower,46,24,38,0,108,0,1,33,0,34,46,25,71,0,142,70,0,70,212
03/30/2023,BZN,MT,ANM,WE,Federal Contract Tower,47,44,23,0,114,0,0,13,0,13,47,44,36,0,127,28,0,28,155
03/31/2023,BZN,MT,ANM,WE,Federal Contract Tower,46,47,54,0,147,0,0,165,0,165,46,47,219,0,312,146,0,146,458
04/01/2023,BZN,MT,ANM,WE,Federal Contract Tower,44,37,33,0,114,0,4,58,0,62,44,41,91,0,176,102,0,102,278
04/02/2023,BZN,MT,ANM,WE,Federal Contract Tower,45,46,35,0,126,0,3,15,0,18,45,49,50,0,144,4,0,4,148
04/03/2023,BZN,MT,ANM,WE,Federal Contract Tower,49,31,51,0,131,0,1,144,0,145,49,32,195,0,276,238,0,238,514
04/04/2023,BZN,MT,ANM,WE,Federal Contract Tower,41,31,24,1,97,0,0,59,1,60,41,31,83,2,157,174,32,206,363
04/05/2023,BZN,MT,ANM,WE,Federal Contract Tower,41,23,52,5,121,0,0,178,1,179,41,23,230,6,300,206,20,226,526
04/06/2023,BZN,MT,ANM,WE,Federal Contract Tower,42,40,69,1,152,0,3,186,6,195,42,43,255,7,347,230,0,230,577
04/07/2023,BZN,MT,ANM,WE,Federal Contract Tower,48,39,57,0,144,0,1,183,12,196,48,40,240,12,340,215,0,215,555
04/08/2023,BZN,MT,ANM,WE,Federal Contract Tower,39,23,28,0,90,0,0,62,1,63,39,23,90,1,153,100,0,100,253
04/09/2023,BZN,MT,ANM,WE,Federal Contract Tower,35,27,25,0,87,0,0,50,0,50,35,27,75,0,137,58,0,58,195
04/10/2023,BZN,MT,ANM,WE,Federal Contract Tower,46,32,50,0,128,0,1,142,2,145,46,33,192,2,273,278,0,278,551
04/11/2023,BZN,MT,ANM,WE,Federal Contract Tower,38,30,34,0,102,0,2,54,1,57,38,32,88,1,159,94,0,94,253
04/12/2023,BZN,MT,ANM,WE,Federal Contract Tower,39,30,40,0,109,0,2,148,3,153,39,32,188,3,262,244,2,246,508
04/13/2023,BZN,MT,ANM,WE,Federal Contract Tower,44,19,16,0,79,0,0,0,0,0,44,19,16,0,79,0,0,0,79
04/14/2023,BZN,MT,ANM,WE,Federal Contract Tower,48,18,41,1,108,0,4,78,1,83,48,22,119,2,191,428,0,428,619
04/15/2023,BZN,MT,ANM,WE,Federal Contract Tower,37,24,29,3,93,0,0,143,6,149,37,24,172,9,242,198,0,198,440
04/16/2023,BZN,MT,ANM,WE,Federal Contract Tower,34,19,39,1,93,0,0,67,2,69,34,19,106,3,162,92,0,92,254
04/17/2023,BZN,MT,ANM,WE,Federal Contract Tower,42,22,45,1,110,0,5,138,0,143,42,27,183,1,253,270,0,270,523
04/18/2023,BZN,MT,ANM,WE,Federal Contract Tower,40,10,29,0,79,0,0,120,0,120,40,10,149,0,199,140,0,140,339
04/19/2023,BZN,MT,ANM,WE,Federal Contract Tower,39,18,16,0,73,0,0,0,0,0,39,18,16,0,73,0,0,0,73
04/20/2023,BZN,MT,ANM,WE,Federal Contract Tower,44,16,24,0,84,0,3,62,0,65,44,19,86,0,149,196,0,196,345
04/21/2023,BZN,MT,ANM,WE,Federal Contract Tower,45,15,20,0,80,0,0,14,0,14,45,15,34,0,94,52,0,52,146
04/22/2023,BZN,MT,ANM,WE,Federal Contract Tower,39,10,28,0,77,0,1,111,0,112,39,11,139,0,189,179,0,179,368
04/23/2023,BZN,MT,ANM,WE,Federal Contract Tower,38,10,26,0,74,0,2,81,0,83,38,12,107,0,157,98,0,98,255
04/24/2023,BZN,MT,ANM,WE,Federal Contract Tower,43,18,33,0,94,0,1,124,0,125,43,19,157,0,219,216,0,216,435
04/25/2023,BZN,MT,ANM,WE,Federal Contract Tower,39,9,27,0,75,0,1,50,0,51,39,10,77,0,126,122,0,122,248
04/26/2023,BZN,MT,ANM,WE,Federal Contract Tower,41,12,42,0,95,0,4,180,0,184,41,16,222,0,279,240,0,240,519
04/27/2023,BZN,MT,ANM,WE,Federal Contract Tower,42,20,10,0,72,0,1,32,0,33,42,21,42,0,105,120,0,120,225
04/28/2023,BZN,MT,ANM,WE,Federal Contract Tower,41,10,46,0,97,0,4,230,2,236,41,14,276,2,333,303,0,303,636
04/29/2023,BZN,MT,ANM,WE,Federal Contract Tower,36,12,7,0,55,0,2,93,0,95,36,14,100,0,150,47,0,47,197
04/30/2023,BZN,MT,ANM,WE,Federal Contract Tower,35,6,14,0,55,0,2,84,0,86,35,8,98,0,141,92,0,92,233
05/01/2023,BZN,MT,ANM,WE,Federal Contract Tower,47,16,39,0,102,0,0,133,0,133,47,16,172,0,235,158,0,158,393
05/02/2023,BZN,MT,ANM,WE,Federal Contract Tower,38,18,26,0,82,0,0,123,0,123,38,18,149,0,205,214,0,214,419
05/03/2023,BZN,MT,ANM,WE,Federal Contract Tower,40,21,35,0,96,0,2,186,0,188,40,23,221,0,284,310,0,310,594
05/04/2023,BZN,MT,ANM,WE,Federal Contract Tower,43,14,45,0,102,0,2,159,0,161,43,16,204,0,263,154,0,154,417
05/05/2023,BZN,MT,ANM,WE,Federal Contract Tower,46,18,19,3,86,0,0,85,2,87,46,18,104,5,173,170,0,170,343
05/06/2023,BZN,MT,ANM,WE,Federal Contract Tower,36,11,17,0,64,0,0,31,4,35,36,11,48,4,99,84,0,84,183
05/07/2023,BZN,MT,ANM,WE,Federal Contract Tower,36,9,11,0,56,0,1,29,0,30,36,10,40,0,86,44,0,44,130
05/08/2023,BZN,MT,ANM,WE,Federal Contract Tower,44,17,31,0,92,0,1,125,0,126,44,18,156,0,218,164,0,164,382
05/09/2023,BZN,MT,ANM,WE,Federal Contract Tower,38,7,38,0,83,0,2,99,0,101,38,9,137,0,184,150,0,150,334
05/10/2023,BZN,MT,ANM,WE,Federal Contract Tower,40,23,42,0,105,0,2,165,0,167,40,25,207,0,272,234,0,234,506
05/11/2023,BZN,MT,ANM,WE,Federal Contract Tower,42,24,19,0,85,0,1,59,0,60,42,25,78,0,145,97,0,97,242
05/12/2023,BZN,MT,ANM,WE,Federal Contract Tower,46,17,36,0,99,0,1,72,0,73,46,18,108,0,172,228,0,228,400
05/13/2023,BZN,MT,ANM,WE,Federal Contract Tower,35,15,25,0,75,0,0,49,0,49,35,15,74,0,124,67,0,67,191
05/14/2023,BZN,MT,ANM,WE,Federal Contract Tower,36,17,17,0,70,0,0,26,0,26,36,17,43,0,96,45,0,45,141
05/15/2023,BZN,MT,ANM,WE,Federal Contract Tower,45,19,23,0,87,0,2,110,0,112,45,21,133,0,199,220,0,220,419
05/16/2023,BZN,MT,ANM,WE,Federal Contract Tower,40,12,43,0,95,0,2,142,0,144,40,14,185,0,239,240,0,240,479
05/17/2023,BZN,MT,ANM,WE,Federal Contract Tower,41,19,41,0,101,0,0,57,0,57,41,19,98,0,158,192,0,192,350
05/18/2023,BZN,MT,ANM,WE,Federal Contract Tower,44,16,36,0,96,0,2,110,0,112,44,18,146,0,208,156,0,156,364
05/19/2023,BZN,MT,ANM,WE,Federal Contract Tower,46,25,26,0,97,0,0,78,0,78,46,25,104,0,175,182,0,182,357
05/20/2023,BZN,MT,ANM,WE,Federal Contract Tower,39,13,10,0,62,0,3,68,0,71,39,16,78,0,133,171,0,171,304
05/21/2023,BZN,MT,ANM,WE,Federal Contract Tower,39,8,16,0,63,0,4,54,2,60,39,12,70,2,123,118,0,118,241
05/22/2023,BZN,MT,ANM,WE,Federal Contract Tower,51,17,35,0,103,0,7,124,1,132,51,24,159,1,235,156,0,156,391
05/23/2023,BZN,MT,ANM,WE,Federal Contract Tower,40,10,39,0,89,0,6,168,6,180,40,16,207,6,269,180,0,180,449
05/24/2023,BZN,MT,ANM,WE,Federal Contract Tower,40,19,35,0,94,0,2,89,0,91,40,21,124,0,185,196,0,196,381
05/25/2023,BZN,MT,ANM,WE,Federal Contract Tower,44,21,24,0,89,0,6,51,0,57,44,27,75,0,146,88,0,88,234
05/26/2023,BZN,MT,ANM,WE,Federal Contract Tower,45,19,42,0,106,0,0,23,0,23,45,19,65,0,129,34,0,34,163
05/27/2023,BZN,MT,ANM,WE,Federal Contract Tower,39,15,10,0,64,0,6,38,0,44,39,21,48,0,108,94,0,94,202
05/28/2023,BZN,MT,ANM,WE,Federal Contract Tower,38,16,22,0,76,0,1,59,0,60,38,17,81,0,136,96,0,96,232
05/29/2023,BZN,MT,ANM,WE,Federal Contract Tower,46,8,27,0,81,0,1,88,0,89,46,9,115,0,170,58,0,58,228
05/30/2023,BZN,MT,ANM,WE,Federal Contract Tower,41,15,34,0,90,0,0,132,0,132,41,15,166,0,222,148,0,148,370
05/31/2023,BZN,MT,ANM,WE,Federal Contract Tower,43,15,31,0,89,0,3,131,0,134,43,18,162,0,223,140,0,140,363
06/01/2023,BZN,MT,ANM,WE,Federal Contract Tower,48,25,43,0,116,0,0,119,0,119,48,25,162,0,235,100,0,100,335
06/02/2023,BZN,MT,ANM,WE,Federal Contract Tower,56,18,22,1,97,0,0,12,0,12,56,18,34,1,109,22,0,22,131
06/03/2023,BZN,MT,ANM,WE,Federal Contract Tower,55,18,10,3,86,0,0,3,0,3,55,18,13,3,89,2,0,2,91
06/04/2023,BZN,MT,ANM,WE,Federal Contract Tower,56,14,28,0,98,0,0,29,0,29,56,14,57,0,127,48,0,48,175
06/05/2023,BZN,MT,ANM,WE,Federal Contract Tower,55,11,35,0,101,0,0,130,0,130,55,11,165,0,231,252,0,252,483
06/06/2023,BZN,MT,ANM,WE,Federal Contract Tower,53,12,25,0,90,0,0,131,0,131,53,12,156,0,221,194,0,194,415
06/07/2023,BZN,MT,ANM,WE,Federal Contract Tower,60,18,32,1,111,0,1,133,6,140,60,19,165,7,251,200,0,200,451
06/08/2023,BZN,MT,ANM,WE,Federal Contract Tower,57,22,24,0,103,0,2,34,0,36,57,24,58,0,139,40,0,40,179
06/09/2023,BZN,MT,ANM,WE,Federal Contract Tower,58,16,39,3,116,0,1,119,2,122,58,17,158,5,238,217,0,217,455
06/10/2023,BZN,MT,ANM,WE,Federal Contract Tower,66,41,16,0,123,0,1,52,11,64,66,42,68,11,187,86,2,88,275
06/11/2023,BZN,MT,ANM,WE,Federal Contract Tower,52,16,26,0,94,0,3,58,0,61,52,19,84,0,155,89,0,89,244
06/12/2023,BZN,MT,ANM,WE,Federal Contract Tower,55,22,28,0,105,0,2,72,0,74,55,24,100,0,179,200,0,200,379
06/13/2023,BZN,MT,ANM,WE,Federal Contract Tower,56,15,36,0,107,0,3,124,0,127,56,18,160,0,234,142,0,142,376
06/14/2023,BZN,MT,ANM,WE,Federal Contract Tower,58,11,34,0,103,0,3,107,0,110,58,14,141,0,213,194,0,194,407
06/15/2023,BZN,MT,ANM,WE,Federal Contract Tower,64,31,49,0,144,0,3,149,0,152,64,34,198,0,296,148,0,148,444
06/16/2023,BZN,MT,ANM,WE,Federal Contract Tower,65,36,31,2,134,0,3,148,0,151,65,39,179,2,285,182,0,182,467
06/17/2023,BZN,MT,ANM,WE,Federal Contract Tower,71,34,15,0,120,1,2,73,0,76,72,36,88,0,196,94,0,94,290
06/18/2023,BZN,MT,ANM,WE,Federal Contract Tower,68,19,24,0,111,0,0,13,0,13,68,19,37,0,124,24,0,24,148
06/19/2023,BZN,MT,ANM,WE,Federal Contract Tower,64,25,38,0,127,0,0,104,0,104,64,25,142,0,231,102,0,102,333
06/20/2023,BZN,MT,ANM,WE,Federal Contract Tower,58,19,30,0,107,0,2,119,0,121,58,21,149,0,228,148,0,148,376
06/21/2023,BZN,MT,ANM,WE,Federal Contract Tower,60,25,46,0,131,0,2,129,0,131,60,27,175,0,262,186,0,186,448
06/22/2023,BZN,MT,ANM,WE,Federal Contract Tower,66,33,50,0,149,0,6,176,0,182,66,39,226,0,331,149,0,149,480
06/23/2023,BZN,MT,ANM,WE,Federal Contract Tower,65,30,35,0,130,0,5,71,0,76,65,35,106,0,206,88,0,88,294
06/24/2023,BZN,MT,ANM,WE,Federal Contract Tower,76,25,21,0,122,0,2,69,0,71,76,27,90,0,193,42,0,42,235
06/25/2023,BZN,MT,ANM,WE,Federal Contract Tower,68,40,37,0,145,0,2,73,0,75,68,42,110,0,220,84,0,84,304
06/26/2023,BZN,MT,ANM,WE,Federal Contract Tower,61,22,31,0,114,0,0,112,0,112,61,22,143,0,226,190,0,190,416
06/27/2023,BZN,MT,ANM,WE,Federal Contract Tower,53,26,40,0,119,0,0,117,0,117,53,26,157,0,236,128,0,128,364
06/28/2023,BZN,MT,ANM,WE,Federal Contract Tower,54,50,40,0,144,0,2,88,0,90,54,52,128,0,234,96,0,96,330
06/29/2023,BZN,MT,ANM,WE,Federal Contract Tower,55,39,35,0,129,0,3,135,0,138,55,42,170,0,267,176,0,176,443
06/30/2023,BZN,MT,ANM,WE,Federal Contract Tower,66,55,54,0,175,0,4,131,0,135,66,59,185,0,310,148,0,148,458
07/01/2023,BZN,MT,ANM,WE,Federal Contract Tower,75,52,53,0,180,0,2,76,0,78,75,54,129,0,258,109,0,109,367
07/02/2023,BZN,MT,ANM,WE,Federal Contract Tower,69,21,30,0,120,0,2,73,0,75,69,23,103,0,195,84,0,84,279
07/03/2023,BZN,MT,ANM,WE,Federal Contract Tower,63,24,35,0,122,0,3,89,0,92,63,27,124,0,214,64,0,64,278
07/04/2023,BZN,MT,ANM,WE,Federal Contract Tower,51,16,17,0,84,0,3,46,0,49,51,19,63,0,133,12,0,12,145
07/05/2023,BZN,MT,ANM,WE,Federal Contract Tower,64,42,52,0,158,0,8,132,0,140,64,50,184,0,298,74,0,74,372
07/06/2023,BZN,MT,ANM,WE,Federal Contract Tower,68,40,63,1,172,0,1,84,1,86,68,41,147,2,258,86,0,86,344
07/07/2023,BZN,MT,ANM,WE,Federal Contract Tower,71,40,42,4,157,0,3,131,5,139,71,43,173,9,296,161,0,161,457
07/08/2023,BZN,MT,ANM,WE,Federal Contract Tower,75,53,30,0,158,0,8,111,7,126,75,61,141,7,284,96,0,96,380
07/09/2023,BZN,MT,ANM,WE,Federal Contract Tower,68,46,61,0,175,0,5,67,5,77,68,51,128,5,252,48,0,48,300
07/10/2023,BZN,MT,ANM,WE,Federal Contract Tower,62,32,49,0,143,0,1,93,0,94,62,33,142,0,237,194,0,194,431
07/11/2023,BZN,MT,ANM,WE,Federal Contract Tower,57,36,41,0,134,0,0,160,0,160,57,36,201,0,294,160,0,160,454
07/12/2023,BZN,MT,ANM,WE,Federal Contract Tower,65,35,53,7,160,0,6,152,0,158,65,41,205,7,318,184,20,204,522
07/13/2023,BZN,MT,ANM,WE,Federal Contract Tower,63,37,54,0,154,0,0,123,3,126,63,37,177,3,280,110,0,110,390
07/14/2023,BZN,MT,ANM,WE,Federal Contract Tower,64,36,48,2,150,0,5,167,0,172,64,41,215,2,322,240,0,240,562
07/15/2023,BZN,MT,ANM,WE,Federal Contract Tower,78,53,44,1,176,0,3,131,0,134,78,56,175,1,310,143,0,143,453
07/16/2023,BZN,MT,ANM,WE,Federal Contract Tower,71,48,47,2,168,0,1,93,2,96,71,49,140,4,264,74,0,74,338
07/17/2023,BZN,MT,ANM,WE,Federal Contract Tower,63,29,37,0,129,0,1,91,1,93,63,30,128,1,222,130,0,130,352
07/18/2023,BZN,MT,ANM,WE,Federal Contract Tower,54,32,39,0,125,0,3,138,0,141,54,35,177,0,266,208,0,208,474
07/19/2023,BZN,MT,ANM,WE,Federal Contract Tower,62,34,56,0,152,0,3,189,4,196,62,37,245,4,348,174,0,174,522
07/20/2023,BZN,MT,ANM,WE,Federal Contract Tower,62,48,58,1,169,0,3,134,0,137,62,51,192,1,306,172,0,172,478
07/21/2023,BZN,MT,ANM,WE,Federal Contract Tower,64,32,45,1,142,0,1,154,0,155,64,33,199,1,297,152,0,152,449
07/23/2023,BZN,MT,ANM,WE,Federal Contract Tower,66,57,45,0,168,0,4,63,0,67,66,61,108,0,235,146,0,146,381
07/24/2023,BZN,MT,ANM,WE,Federal Contract Tower,63,32,41,0,136,0,3,104,0,107,63,35,145,0,243,142,0,142,385
07/25/2023,BZN,MT,ANM,WE,Federal Contract Tower,57,28,48,0,133,0,0,133,0,133,57,28,181,0,266,202,0,202,468
07/26/2023,BZN,MT,ANM,WE,Federal Contract Tower,58,39,47,0,144,0,3,142,0,145,58,42,189,0,289,148,0,148,437
07/27/2023,BZN,MT,ANM,WE,Federal Contract Tower,63,33,41,0,137,0,13,106,0,119,63,46,147,0,256,92,0,92,348
07/28/2023,BZN,MT,ANM,WE,Federal Contract Tower,64,50,32,2,148,0,1,126,0,127,64,51,158,2,275,82,0,82,357
07/29/2023,BZN,MT,ANM,WE,Federal Contract Tower,76,39,28,0,143,0,3,95,5,103,76,42,123,5,246,64,0,64,310
07/30/2023,BZN,MT,ANM,WE,Federal Contract Tower,68,46,47,0,161,0,0,43,0,43,68,46,90,0,204,32,0,32,236
07/31/2023,BZN,MT,ANM,WE,Federal Contract Tower,63,49,40,0,152,0,4,102,0,106,63,53,142,0,258,104,0,104,362
08/01/2023,BZN,MT,ANM,WE,Federal Contract Tower,55,38,46,1,140,0,4,135,2,141,55,42,181,3,281,142,0,142,423
08/02/2023,BZN,MT,ANM,WE,Federal Contract Tower,62,51,62,0,175,0,2,143,0,145,62,53,205,0,320,202,0,202,522
08/03/2023,BZN,MT,ANM,WE,Federal Contract Tower,63,33,61,0,157,0,6,87,0,93,63,39,148,0,250,112,0,112,362
08/04/2023,BZN,MT,ANM,WE,Federal Contract Tower,64,45,37,0,146,0,3,98,0,101,64,48,135,0,247,200,0,200,447
08/05/2023,BZN,MT,ANM,WE,Federal Contract Tower,80,43,23,0,146,1,71,0,0,72,81,114,23,0,218,110,0,110,328
08/07/2023,BZN,MT,ANM,WE,Federal Contract Tower,63,29,31,0,123,0,3,61,6,70,63,32,92,6,193,68,0,68,261
08/08/2023,BZN,MT,ANM,WE,Federal Contract Tower,58,33,56,0,147,0,1,132,0,133,58,34,188,0,280,222,0,222,502
08/09/2023,BZN,MT,ANM,WE,Federal Contract Tower,62,44,35,0,141,0,2,130,0,132,62,46,165,0,273,102,0,102,375
08/10/2023,BZN,MT,ANM,WE,Federal Contract Tower,64,46,47,0,157,0,6,121,0,127,64,52,168,0,284,74,0,74,358
08/11/2023,BZN,MT,ANM,WE,Federal Contract Tower,67,34,45,6,152,0,2,127,2,131,67,36,172,8,283,85,6,91,374
08/12/2023,BZN,MT,ANM,WE,Federal Contract Tower,76,32,28,0,136,0,1,69,0,70,76,33,97,0,206,42,0,42,248
08/13/2023,BZN,MT,ANM,WE,Federal Contract Tower,70,48,29,0,147,0,3,70,0,73,70,51,99,0,220,50,0,50,270
08/14/2023,BZN,MT,ANM,WE,Federal Contract Tower,65,31,37,0,133,0,0,149,1,150,65,31,186,1,283,176,0,176,459
08/15/2023,BZN,MT,ANM,WE,Federal Contract Tower,57,31,50,0,138,0,4,175,0,179,57,35,225,0,317,163,0,163,480
08/16/2023,BZN,MT,ANM,WE,Federal Contract Tower,60,39,55,1,155,0,5,110,0,115,60,44,165,1,270,130,0,130,400
08/17/2023,BZN,MT,ANM,WE,Federal Contract Tower,66,36,44,0,146,0,4,97,0,101,66,40,141,0,247,92,0,92,339
08/18/2023,BZN,MT,ANM,WE,Federal Contract Tower,64,37,42,1,144,0,0,82,0,82,64,37,124,1,226,92,0,92,318
08/19/2023,BZN,MT,ANM,WE,Federal Contract Tower,80,23,21,2,126,0,1,74,0,75,80,24,95,2,201,75,0,75,276
08/20/2023,BZN,MT,ANM,WE,Federal Contract Tower,69,52,41,0,162,0,0,12,0,12,69,52,53,0,174,12,0,12,186
08/21/2023,BZN,MT,ANM,WE,Federal Contract Tower,67,30,53,7,157,0,1,26,0,27,67,31,79,7,184,6,0,6,190
08/22/2023,BZN,MT,ANM,WE,Federal Contract Tower,59,26,47,0,132,0,1,121,0,122,59,27,168,0,254,196,0,196,450
08/23/2023,BZN,MT,ANM,WE,Federal Contract Tower,60,52,65,0,177,0,3,140,0,143,60,55,205,0,320,98,0,98,418
08/24/2023,BZN,MT,ANM,WE,Federal Contract Tower,64,36,41,7,148,0,2,114,1,117,64,38,155,8,265,142,14,156,421
08/25/2023,BZN,MT,ANM,WE,Federal Contract Tower,69,38,60,1,168,0,1,186,0,187,69,39,246,1,355,266,0,266,621
08/26/2023,BZN,MT,ANM,WE,Federal Contract Tower,78,28,40,1,147,0,4,114,2,120,78,32,154,3,267,66,0,66,333
08/27/2023,BZN,MT,ANM,WE,Federal Contract Tower,73,40,41,2,156,0,3,80,0,83,73,43,121,2,239,86,0,86,325
08/28/2023,BZN,MT,ANM,WE,Federal Contract Tower,65,37,55,0,157,1,2,213,1,217,66,39,268,1,374,139,0,139,513
08/29/2023,BZN,MT,ANM,WE,Federal Contract Tower,55,27,32,0,114,0,1,206,0,207,55,28,238,0,321,172,0,172,493
08/30/2023,BZN,MT,ANM,WE,Federal Contract Tower,63,49,32,0,144,0,5,112,0,117,63,54,144,0,261,88,0,88,349
08/31/2023,BZN,MT,ANM,WE,Federal Contract Tower,65,33,49,0,147,0,4,217,0,221,65,37,266,0,368,198,0,198,566
01/01/2020,BZN,MT,ANM,WE,Federal Contract Tower,64,38,33,0,135,0,3,3,0,6,64,41,36,0,141,0,0,0,141
01/02/2020,BZN,MT,ANM,WE,Federal Contract Tower,67,65,39,0,171,0,5,28,0,33,67,70,67,0,204,54,0,54,258
01/03/2020,BZN,MT,ANM,WE,Federal Contract Tower,61,76,55,0,192,0,2,39,0,41,61,78,94,0,233,56,0,56,289
01/04/2020,BZN,MT,ANM,WE,Federal Contract Tower,66,73,41,0,180,0,2,6,0,8,66,75,47,0,188,0,0,0,188
01/05/2020,BZN,MT,ANM,WE,Federal Contract Tower,69,39,39,0,147,0,0,41,0,41,69,39,80,0,188,20,0,20,208
01/06/2020,BZN,MT,ANM,WE,Federal Contract Tower,43,31,22,0,96,0,0,18,0,18,43,31,40,0,114,22,0,22,136
01/07/2020,BZN,MT,ANM,WE,Federal Contract Tower,41,37,27,0,105,0,2,65,0,67,41,39,92,0,172,82,0,82,254
01/08/2020,BZN,MT,ANM,WE,Federal Contract Tower,40,34,27,0,101,0,2,19,0,21,40,36,46,0,122,30,0,30,152
01/10/2020,BZN,MT,ANM,WE,Federal Contract Tower,46,32,39,0,117,0,3,60,0,63,46,35,99,0,180,94,0,94,274
01/11/2020,BZN,MT,ANM,WE,Federal Contract Tower,53,31,25,0,109,0,3,47,0,50,53,34,72,0,159,44,0,44,203
01/12/2020,BZN,MT,ANM,WE,Federal Contract Tower,49,31,41,0,121,0,4,11,0,15,49,35,52,0,136,2,0,2,138
01/13/2020,BZN,MT,ANM,WE,Federal Contract Tower,48,28,9,0,85,0,1,39,0,40,48,29,48,0,125,48,0,48,173
01/14/2020,BZN,MT,ANM,WE,Federal Contract Tower,47,26,13,0,86,0,2,12,0,14,47,28,25,0,100,24,0,24,124
01/15/2020,BZN,MT,ANM,WE,Federal Contract Tower,42,44,23,0,109,0,7,126,0,133,42,51,149,0,242,172,0,172,414
01/16/2020,BZN,MT,ANM,WE,Federal Contract Tower,50,54,66,0,170,0,7,95,0,102,50,61,161,0,272,108,0,108,380
01/17/2020,BZN,MT,ANM,WE,Federal Contract Tower,46,82,54,1,183,0,2,23,0,25,46,84,77,1,208,76,0,76,284
01/18/2020,BZN,MT,ANM,WE,Federal Contract Tower,51,24,13,0,88,0,1,83,2,86,51,25,96,2,174,164,0,164,338
01/19/2020,BZN,MT,ANM,WE,Federal Contract Tower,48,33,20,1,102,0,4,57,1,62,48,37,77,2,164,46,0,46,210
01/20/2020,BZN,MT,ANM,WE,Federal Contract Tower,42,102,68,0,212,0,2,124,0,126,42,104,192,0,338,130,0,130,468
01/21/2020,BZN,MT,ANM,WE,Federal Contract Tower,43,50,47,0,140,0,2,133,0,135,43,52,180,0,275,174,0,174,449
01/22/2020,BZN,MT,ANM,WE,Federal Contract Tower,40,49,22,0,111,0,1,113,0,114,40,50,135,0,225,184,0,184,409
01/23/2020,BZN,MT,ANM,WE,Federal Contract Tower,46,47,22,0,115,0,0,69,0,69,46,47,91,0,184,162,0,162,346
01/24/2020,BZN,MT,ANM,WE,Federal Contract Tower,48,52,33,2,135,0,0,115,0,115,48,52,148,2,250,192,0,192,442
01/25/2020,BZN,MT,ANM,WE,Federal Contract Tower,52,27,34,0,113,0,0,76,0,76,52,27,110,0,189,52,0,52,241
01/26/2020,BZN,MT,ANM,WE,Federal Contract Tower,52,42,31,0,125,0,3,20,0,23,52,45,51,0,148,2,0,2,150
01/27/2020,BZN,MT,ANM,WE,Federal Contract Tower,46,32,27,0,105,0,5,62,0,67,46,37,89,0,172,110,0,110,282
01/28/2020,BZN,MT,ANM,WE,Federal Contract Tower,47,36,20,6,109,0,3,50,0,53,47,39,70,6,162,104,0,104,266
01/29/2020,BZN,MT,ANM,WE,Federal Contract Tower,41,50,52,6,149,0,3,131,0,134,41,53,183,6,283,182,0,182,465
01/30/2020,BZN,MT,ANM,WE,Federal Contract Tower,46,53,38,0,137,0,2,116,0,118,46,55,154,0,255,110,0,110,365
01/31/2020,BZN,MT,ANM,WE,Federal Contract Tower,46,41,26,0,113,0,4,66,0,70,46,45,92,0,183,100,0,100,283
02/01/2020,BZN,MT,ANM,WE,Federal Contract Tower,50,18,23,0,91,0,2,3,0,5,50,20,26,0,96,10,0,10,106
02/02/2020,BZN,MT,ANM,WE,Federal Contract Tower,47,36,30,0,113,0,0,0,0,0,47,36,30,0,113,0,0,0,113
02/03/2020,BZN,MT,ANM,WE,Federal Contract Tower,44,43,56,2,145,0,1,76,0,77,44,44,132,2,222,82,0,82,304
02/04/2020,BZN,MT,ANM,WE,Federal Contract Tower,43,43,41,0,127,0,0,135,2,137,43,43,176,2,264,140,0,140,404
02/05/2020,BZN,MT,ANM,WE,Federal Contract Tower,39,43,28,0,110,0,0,5,10,15,39,43,33,10,125,10,0,10,135
02/06/2020,BZN,MT,ANM,WE,Federal Contract Tower,47,31,30,0,108,0,0,0,0,0,47,31,30,0,108,0,0,0,108
02/07/2020,BZN,MT,ANM,WE,Federal Contract Tower,46,41,31,0,118,0,2,15,4,21,46,43,46,4,139,14,0,14,153
02/08/2020,BZN,MT,ANM,WE,Federal Contract Tower,54,19,18,0,91,0,0,6,0,6,54,19,24,0,97,0,0,0,97
02/09/2020,BZN,MT,ANM,WE,Federal Contract Tower,50,30,47,0,127,0,4,36,0,40,50,34,83,0,167,20,0,20,187
02/10/2020,BZN,MT,ANM,WE,Federal Contract Tower,44,29,42,0,115,0,3,83,2,88,44,32,125,2,203,114,0,114,317
02/11/2020,BZN,MT,ANM,WE,Federal Contract Tower,44,23,24,0,91,0,2,73,2,77,44,25,97,2,168,126,0,126,294
02/12/2020,BZN,MT,ANM,WE,Federal Contract Tower,42,41,33,0,116,0,0,27,0,27,42,41,60,0,143,78,0,78,221
02/13/2020,BZN,MT,ANM,WE,Federal Contract Tower,56,97,73,0,226,0,2,140,0,142,56,99,213,0,368,148,0,148,516
02/14/2020,BZN,MT,ANM,WE,Federal Contract Tower,52,67,58,0,177,0,1,14,0,15,52,68,72,0,192,4,0,4,196
02/15/2020,BZN,MT,ANM,WE,Federal Contract Tower,58,48,42,0,148,0,5,5,0,10,58,53,47,0,158,10,0,10,168
02/16/2020,BZN,MT,ANM,WE,Federal Contract Tower,59,32,31,0,122,0,2,3,0,5,59,34,34,0,127,0,0,0,127
02/17/2020,BZN,MT,ANM,WE,Federal Contract Tower,49,79,80,0,208,0,0,11,0,11,49,79,91,0,219,10,0,10,229
02/18/2020,BZN,MT,ANM,WE,Federal Contract Tower,51,58,54,0,163,0,3,101,0,104,51,61,155,0,267,98,0,98,365
02/19/2020,BZN,MT,ANM,WE,Federal Contract Tower,51,47,45,0,143,0,0,92,0,92,51,47,137,0,235,60,0,60,295
02/20/2020,BZN,MT,ANM,WE,Federal Contract Tower,53,51,50,0,154,0,2,139,0,141,53,53,189,0,295,110,0,110,405
02/21/2020,BZN,MT,ANM,WE,Federal Contract Tower,50,40,66,0,156,0,3,130,0,133,50,43,196,0,289,172,0,172,461
02/22/2020,BZN,MT,ANM,WE,Federal Contract Tower,59,32,38,0,129,0,1,100,0,101,59,33,138,0,230,114,0,114,344
02/23/2020,BZN,MT,ANM,WE,Federal Contract Tower,62,42,52,2,158,0,2,36,0,38,62,44,88,2,196,6,0,6,202
02/24/2020,BZN,MT,ANM,WE,Federal Contract Tower,52,15,21,0,88,0,0,10,0,10,52,15,31,0,98,44,0,44,142
02/25/2020,BZN,MT,ANM,WE,Federal Contract Tower,50,40,31,0,121,0,3,85,0,88,50,43,116,0,209,132,0,132,341
02/26/2020,BZN,MT,ANM,WE,Federal Contract Tower,50,45,46,3,144,0,0,125,0,125,50,45,171,3,269,264,4,268,537
02/27/2020,BZN,MT,ANM,WE,Federal Contract Tower,54,37,45,0,136,0,2,121,0,123,54,39,166,0,259,166,6,172,431
02/28/2020,BZN,MT,ANM,WE,Federal Contract Tower,49,32,53,1,135,0,2,122,0,124,49,34,175,1,259,142,0,142,401
02/29/2020,BZN,MT,ANM,WE,Federal Contract Tower,59,32,18,0,109,0,5,35,0,40,59,37,53,0,149,14,0,14,163
03/01/2020,BZN,MT,ANM,WE,Federal Contract Tower,62,25,36,0,123,0,2,27,0,29,62,27,63,0,152,16,0,16,168
03/02/2020,BZN,MT,ANM,WE,Federal Contract Tower,52,19,24,2,97,0,0,93,3,96,52,19,117,5,193,194,15,209,402
03/03/2020,BZN,MT,ANM,WE,Federal Contract Tower,52,28,25,0,105,0,2,17,0,19,52,30,42,0,124,36,0,36,160
03/04/2020,BZN,MT,ANM,WE,Federal Contract Tower,53,28,21,0,102,0,4,4,0,8,53,32,25,0,110,0,0,0,110
03/05/2020,BZN,MT,ANM,WE,Federal Contract Tower,55,50,54,0,159,0,4,148,0,152,55,54,202,0,311,220,6,226,537
03/06/2020,BZN,MT,ANM,WE,Federal Contract Tower,52,59,40,0,151,0,6,115,0,121,52,65,155,0,272,134,0,134,406
03/07/2020,BZN,MT,ANM,WE,Federal Contract Tower,64,36,34,0,134,0,1,60,0,61,64,37,94,0,195,94,0,94,289
03/08/2020,BZN,MT,ANM,WE,Federal Contract Tower,59,55,55,0,169,0,0,10,0,10,59,55,65,0,179,2,0,2,181
03/09/2020,BZN,MT,ANM,WE,Federal Contract Tower,51,29,24,0,104,0,0,9,0,9,51,29,33,0,113,28,0,28,141
03/10/2020,BZN,MT,ANM,WE,Federal Contract Tower,51,36,33,0,120,0,1,89,0,90,51,37,122,0,210,96,0,96,306
03/11/2020,BZN,MT,ANM,WE,Federal Contract Tower,51,42,39,0,132,0,2,35,0,37,51,44,74,0,169,90,0,90,259
03/12/2020,BZN,MT,ANM,WE,Federal Contract Tower,57,64,51,0,172,0,1,101,0,102,57,65,152,0,274,234,0,234,508
03/13/2020,BZN,MT,ANM,WE,Federal Contract Tower,53,61,66,2,182,0,0,60,0,60,53,61,126,2,242,104,0,104,346
03/14/2020,BZN,MT,ANM,WE,Federal Contract Tower,71,67,30,0,168,0,0,0,0,0,71,67,30,0,168,0,0,0,168
03/15/2020,BZN,MT,ANM,WE,Federal Contract Tower,64,47,35,0,146,0,0,9,0,9,64,47,44,0,155,0,0,0,155
03/16/2020,BZN,MT,ANM,WE,Federal Contract Tower,55,60,49,0,164,0,0,48,0,48,55,60,97,0,212,244,0,244,456
03/17/2020,BZN,MT,ANM,WE,Federal Contract Tower,57,51,49,0,157,0,0,63,0,63,57,51,112,0,220,88,0,88,308
03/18/2020,BZN,MT,ANM,WE,Federal Contract Tower,46,33,19,0,98,0,0,9,0,9,46,33,28,0,107,60,0,60,167
03/19/2020,BZN,MT,ANM,WE,Federal Contract Tower,51,26,18,0,95,0,0,5,0,5,51,26,23,0,100,64,0,64,164
03/21/2020,BZN,MT,ANM,WE,Federal Contract Tower,40,18,24,0,82,0,4,102,0,106,40,22,126,0,188,102,0,102,290
03/22/2020,BZN,MT,ANM,WE,Federal Contract Tower,40,14,11,0,65,0,1,55,0,56,40,15,66,0,121,30,0,30,151
03/23/2020,BZN,MT,ANM,WE,Federal Contract Tower,26,13,20,0,59,0,0,87,0,87,26,13,107,0,146,314,0,314,460
03/24/2020,BZN,MT,ANM,WE,Federal Contract Tower,34,15,11,0,60,0,0,25,0,25,34,15,36,0,85,46,0,46,131
03/25/2020,BZN,MT,ANM,WE,Federal Contract Tower,26,20,4,0,50,0,0,14,0,14,26,20,18,0,64,52,0,52,116
03/26/2020,BZN,MT,ANM,WE,Federal Contract Tower,30,20,22,0,72,0,1,91,0,92,30,21,113,0,164,162,0,162,326
03/27/2020,BZN,MT,ANM,WE,Federal Contract Tower,22,17,11,0,50,0,4,68,0,72,22,21,79,0,122,170,0,170,292
03/28/2020,BZN,MT,ANM,WE,Federal Contract Tower,29,11,4,0,44,0,0,11,0,11,29,11,15,0,55,0,0,0,55
03/29/2020,BZN,MT,ANM,WE,Federal Contract Tower,20,12,16,0,48,0,2,51,0,53,20,14,67,0,101,56,0,56,157
03/30/2020,BZN,MT,ANM,WE,Federal Contract Tower,17,14,15,0,46,0,0,30,0,30,17,14,45,0,76,26,0,26,102
03/31/2020,BZN,MT,ANM,WE,Federal Contract Tower,18,19,2,0,39,0,0,9,0,9,18,19,11,0,48,16,0,16,64
04/01/2020,BZN,MT,ANM,WE,Federal Contract Tower,22,11,2,0,35,0,0,6,0,6,22,11,8,0,41,24,0,24,65
04/02/2020,BZN,MT,ANM,WE,Federal Contract Tower,19,10,15,0,44,0,2,35,0,37,19,12,50,0,81,44,0,44,125
04/03/2020,BZN,MT,ANM,WE,Federal Contract Tower,14,19,10,0,43,0,0,30,0,30,14,19,40,0,73,22,0,22,95
04/04/2020,BZN,MT,ANM,WE,Federal Contract Tower,14,8,14,0,36,0,1,59,0,60,14,9,73,0,96,30,0,30,126
04/05/2020,BZN,MT,ANM,WE,Federal Contract Tower,13,2,5,0,20,0,4,13,0,17,13,6,18,0,37,56,0,56,93
04/06/2020,BZN,MT,ANM,WE,Federal Contract Tower,10,5,7,0,22,0,2,22,0,24,10,7,29,0,46,4,0,4,50
04/07/2020,BZN,MT,ANM,WE,Federal Contract Tower,12,11,12,0,35,0,0,21,0,21,12,11,33,0,56,10,0,10,66
04/08/2020,BZN,MT,ANM,WE,Federal Contract Tower,14,19,15,0,48,0,1,70,0,71,14,20,85,0,119,50,0,50,169
04/09/2020,BZN,MT,ANM,WE,Federal Contract Tower,16,18,5,0,39,0,0,62,0,62,16,18,67,0,101,59,0,59,160
04/10/2020,BZN,MT,ANM,WE,Federal Contract Tower,15,27,11,0,53,0,0,59,0,59,15,27,70,0,112,88,0,88,200
04/11/2020,BZN,MT,ANM,WE,Federal Contract Tower,12,11,0,0,23,0,0,0,0,0,12,11,0,0,23,0,0,0,23
04/12/2020,BZN,MT,ANM,WE,Federal Contract Tower,9,3,4,0,16,0,0,16,0,16,9,3,20,0,32,14,0,14,46
04/13/2020,BZN,MT,ANM,WE,Federal Contract Tower,14,4,7,0,25,0,1,34,0,35,14,5,41,0,60,78,0,78,138
04/14/2020,BZN,MT,ANM,WE,Federal Contract Tower,15,10,18,0,43,0,0,17,0,17,15,10,35,0,60,36,0,36,96
04/15/2020,BZN,MT,ANM,WE,Federal Contract Tower,12,14,8,0,34,0,0,10,0,10,12,14,18,0,44,4,0,4,48
04/16/2020,BZN,MT,ANM,WE,Federal Contract Tower,9,15,19,0,43,0,0,20,0,20,9,15,39,0,63,20,0,20,83
04/17/2020,BZN,MT,ANM,WE,Federal Contract Tower,11,13,19,1,44,0,0,40,0,40,11,13,59,1,84,24,0,24,108
04/18/2020,BZN,MT,ANM,WE,Federal Contract Tower,9,21,12,0,42,0,1,50,0,51,9,22,62,0,93,62,0,62,155
04/19/2020,BZN,MT,ANM,WE,Federal Contract Tower,8,9,11,0,28,0,0,21,0,21,8,9,32,0,49,24,0,24,73
04/20/2020,BZN,MT,ANM,WE,Federal Contract Tower,11,6,8,0,25,0,0,55,0,55,11,6,63,0,80,108,0,108,188
04/21/2020,BZN,MT,ANM,WE,Federal Contract Tower,11,13,14,1,39,0,2,50,6,58,11,15,64,7,97,16,0,16,113
04/22/2020,BZN,MT,ANM,WE,Federal Contract Tower,10,10,13,0,33,0,2,36,0,38,10,12,49,0,71,30,0,30,101
04/23/2020,BZN,MT,ANM,WE,Federal Contract Tower,12,9,7,0,28,0,1,5,0,6,12,10,12,0,34,4,0,4,38
04/24/2020,BZN,MT,ANM,WE,Federal Contract Tower,11,10,11,0,32,0,0,42,0,42,11,10,53,0,74,34,0,34,108
04/25/2020,BZN,MT,ANM,WE,Federal Contract Tower,9,11,9,0,29,0,2,57,0,59,9,13,66,0,88,38,0,38,126
04/26/2020,BZN,MT,ANM,WE,Federal Contract Tower,8,1,5,0,14,0,2,25,0,27,8,3,30,0,41,0,0,0,41
04/27/2020,BZN,MT,ANM,WE,Federal Contract Tower,12,9,14,0,35,0,0,66,0,66,12,9,80,0,101,168,0,168,269
04/28/2020,BZN,MT,ANM,WE,Federal Contract Tower,12,10,15,0,37,0,0,106,0,106,12,10,121,0,143,134,0,134,277
04/29/2020,BZN,MT,ANM,WE,Federal Contract Tower,8,15,24,0,47,0,0,151,0,151,8,15,175,0,198,188,0,188,386
04/30/2020,BZN,MT,ANM,WE,Federal Contract Tower,8,17,7,0,32,0,0,30,0,30,8,17,37,0,62,124,0,124,186
05/01/2020,BZN,MT,ANM,WE,Federal Contract Tower,12,23,26,0,61,0,2,106,0,108,12,25,132,0,169,184,0,184,353
05/02/2020,BZN,MT,ANM,WE,Federal Contract Tower,7,8,12,0,27,0,1,75,0,76,7,9,87,0,103,56,0,56,159
05/03/2020,BZN,MT,ANM,WE,Federal Contract Tower,11,3,7,0,21,0,2,14,0,16,11,5,21,0,37,12,0,12,49
05/04/2020,BZN,MT,ANM,WE,Federal Contract Tower,8,13,30,0,51,0,1,105,0,106,8,14,135,0,157,180,0,180,337
05/05/2020,BZN,MT,ANM,WE,Federal Contract Tower,8,16,33,0,57,0,0,140,0,140,8,16,173,0,197,204,0,204,401
05/06/2020,BZN,MT,ANM,WE,Federal Contract Tower,13,16,30,0,59,0,0,70,8,78,13,16,100,8,137,84,0,84,221
05/07/2020,BZN,MT,ANM,WE,Federal Contract Tower,10,20,26,0,56,0,0,21,0,21,10,20,47,0,77,36,0,36,113
05/08/2020,BZN,MT,ANM,WE,Federal Contract Tower,13,20,30,0,63,0,0,78,0,78,13,20,108,0,141,202,0,202,343
05/09/2020,BZN,MT,ANM,WE,Federal Contract Tower,14,18,48,0,80,0,0,92,0,92,14,18,140,0,172,102,0,102,274
05/10/2020,BZN,MT,ANM,WE,Federal Contract Tower,11,0,10,0,21,0,0,25,0,25,11,0,35,0,46,0,0,0,46
05/11/2020,BZN,MT,ANM,WE,Federal Contract Tower,11,7,7,0,25,0,2,7,0,9,11,9,14,0,34,34,0,34,68
05/12/2020,BZN,MT,ANM,WE,Federal Contract Tower,10,18,25,0,53,0,0,50,0,50,10,18,75,0,103,134,0,134,237
05/13/2020,BZN,MT,ANM,WE,Federal Contract Tower,10,9,43,0,62,0,4,83,0,87,10,13,126,0,149,114,0,114,263
05/14/2020,BZN,MT,ANM,WE,Federal Contract Tower,13,19,37,0,69,0,2,124,0,126,13,21,161,0,195,168,0,168,363
05/15/2020,BZN,MT,ANM,WE,Federal Contract Tower,10,19,14,0,43,0,3,34,0,37,10,22,48,0,80,108,0,108,188
05/16/2020,BZN,MT,ANM,WE,Federal Contract Tower,16,10,23,0,49,0,0,108,0,108,16,10,131,0,157,132,0,132,289
05/17/2020,BZN,MT,ANM,WE,Federal Contract Tower,12,2,8,0,22,0,2,35,0,37,12,4,43,0,59,76,0,76,135
05/18/2020,BZN,MT,ANM,WE,Federal Contract Tower,14,14,31,0,59,0,0,117,0,117,14,14,148,0,176,164,0,164,340
05/19/2020,BZN,MT,ANM,WE,Federal Contract Tower,12,14,25,0,51,0,1,83,0,84,12,15,108,0,135,188,0,188,323
05/20/2020,BZN,MT,ANM,WE,Federal Contract Tower,12,20,20,0,52,0,0,91,0,91,12,20,111,0,143,188,0,188,331
05/21/2020,BZN,MT,ANM,WE,Federal Contract Tower,16,12,19,0,47,0,3,14,0,17,16,15,33,0,64,16,0,16,80
05/22/2020,BZN,MT,ANM,WE,Federal Contract Tower,14,14,28,0,56,0,4,96,0,100,14,18,124,0,156,228,0,228,384
05/23/2020,BZN,MT,ANM,WE,Federal Contract Tower,12,16,14,0,42,0,0,5,0,5,12,16,19,0,47,12,0,12,59
05/24/2020,BZN,MT,ANM,WE,Federal Contract Tower,16,16,7,0,39,0,2,39,0,41,16,18,46,0,80,56,0,56,136
05/25/2020,BZN,MT,ANM,WE,Federal Contract Tower,13,18,17,0,48,0,2,83,0,85,13,20,100,0,133,36,0,36,169
05/26/2020,BZN,MT,ANM,WE,Federal Contract Tower,13,28,52,0,93,0,2,125,0,127,13,30,177,0,220,200,0,200,420
05/27/2020,BZN,MT,ANM,WE,Federal Contract Tower,12,34,23,0,69,0,3,161,0,164,12,37,184,0,233,186,0,186,419
05/28/2020,BZN,MT,ANM,WE,Federal Contract Tower,20,14,35,2,71,0,0,164,1,165,20,14,199,3,236,280,6,286,522
05/29/2020,BZN,MT,ANM,WE,Federal Contract Tower,14,15,29,0,58,0,1,110,2,113,14,16,139,2,171,182,0,182,353
05/30/2020,BZN,MT,ANM,WE,Federal Contract Tower,14,13,17,0,44,0,4,80,0,84,14,17,97,0,128,80,0,80,208
05/31/2020,BZN,MT,ANM,WE,Federal Contract Tower,18,9,19,0,46,0,0,38,0,38,18,9,57,0,84,26,0,26,110
06/01/2020,BZN,MT,ANM,WE,Federal Contract Tower,15,29,32,0,76,0,0,100,0,100,15,29,132,0,176,136,0,136,312
06/02/2020,BZN,MT,ANM,WE,Federal Contract Tower,14,16,34,0,64,0,1,140,0,141,14,17,174,0,205,166,0,166,371
06/03/2020,BZN,MT,ANM,WE,Federal Contract Tower,16,17,29,0,62,0,3,72,0,75,16,20,101,0,137,184,0,184,321
06/04/2020,BZN,MT,ANM,WE,Federal Contract Tower,20,20,29,0,69,0,0,120,0,120,20,20,149,0,189,198,0,198,387
06/05/2020,BZN,MT,ANM,WE,Federal Contract Tower,16,16,37,0,69,0,4,131,0,135,16,20,168,0,204,142,0,142,346
06/06/2020,BZN,MT,ANM,WE,Federal Contract Tower,19,18,22,0,59,0,0,64,0,64,19,18,86,0,123,74,0,74,197
06/07/2020,BZN,MT,ANM,WE,Federal Contract Tower,25,11,33,0,69,0,5,39,2,46,25,16,72,2,115,16,0,16,131
06/08/2020,BZN,MT,ANM,WE,Federal Contract Tower,18,18,24,0,60,0,1,2,0,3,18,19,26,0,63,6,0,6,69
06/09/2020,BZN,MT,ANM,WE,Federal Contract Tower,17,16,27,0,60,0,1,91,0,92,17,17,118,0,152,196,0,196,348
06/10/2020,BZN,MT,ANM,WE,Federal Contract Tower,19,25,30,6,80,0,1,135,0,136,19,26,165,6,216,230,18,248,464
06/11/2020,BZN,MT,ANM,WE,Federal Contract Tower,21,27,34,9,91,0,3,131,0,134,21,30,165,9,225,282,0,282,507
06/12/2020,BZN,MT,ANM,WE,Federal Contract Tower,18,13,45,0,76,0,3,119,0,122,18,16,164,0,198,194,2,196,394
06/13/2020,BZN,MT,ANM,WE,Federal Contract Tower,21,20,23,0,64,0,4,36,0,40,21,24,59,0,104,20,0,20,124
06/14/2020,BZN,MT,ANM,WE,Federal Contract Tower,27,12,18,0,57,0,0,10,0,10,27,12,28,0,67,0,0,0,67
06/15/2020,BZN,MT,ANM,WE,Federal Contract Tower,18,14,30,15,77,0,2,98,0,100,18,16,128,15,177,210,0,210,387
06/16/2020,BZN,MT,ANM,WE,Federal Contract Tower,16,13,15,0,44,0,3,3,0,6,16,16,18,0,50,4,0,4,54
06/17/2020,BZN,MT,ANM,WE,Federal Contract Tower,18,31,38,0,87,0,0,1,0,1,18,31,39,0,88,0,0,0,88
06/18/2020,BZN,MT,ANM,WE,Federal Contract Tower,22,34,31,0,87,0,3,81,0,84,22,37,112,0,171,198,0,198,369
06/19/2020,BZN,MT,ANM,WE,Federal Contract Tower,19,36,44,0,99,0,0,174,0,174,19,36,218,0,273,216,0,216,489
06/20/2020,BZN,MT,ANM,WE,Federal Contract Tower,22,34,32,0,88,0,2,78,0,80,22,36,110,0,168,86,0,86,254
06/21/2020,BZN,MT,ANM,WE,Federal Contract Tower,25,34,25,0,84,0,4,33,0,37,25,38,58,0,121,8,0,8,129
06/22/2020,BZN,MT,ANM,WE,Federal Contract Tower,20,31,44,2,97,0,1,141,1,143,20,32,185,3,240,142,6,148,388
06/23/2020,BZN,MT,ANM,WE,Federal Contract Tower,16,28,54,0,98,0,1,138,0,139,16,29,192,0,237,200,0,200,437
06/24/2020,BZN,MT,ANM,WE,Federal Contract Tower,18,54,42,0,114,0,2,151,0,153,18,56,193,0,267,190,0,190,457
06/25/2020,BZN,MT,ANM,WE,Federal Contract Tower,22,48,48,0,118,0,3,86,0,89,22,51,134,0,207,142,0,142,349
06/26/2020,BZN,MT,ANM,WE,Federal Contract Tower,21,42,59,0,122,0,0,118,0,118,21,42,177,0,240,122,0,122,362
06/27/2020,BZN,MT,ANM,WE,Federal Contract Tower,26,38,29,0,93,0,4,65,0,69,26,42,94,0,162,74,0,74,236
06/28/2020,BZN,MT,ANM,WE,Federal Contract Tower,29,49,39,0,117,0,0,11,0,11,29,49,50,0,128,14,0,14,142
06/29/2020,BZN,MT,ANM,WE,Federal Contract Tower,24,35,36,0,95,0,0,9,0,9,24,35,45,0,104,18,0,18,122
06/30/2020,BZN,MT,ANM,WE,Federal Contract Tower,21,41,40,0,102,0,5,74,0,79,21,46,114,0,181,176,0,176,357
07/01/2020,BZN,MT,ANM,WE,Federal Contract Tower,28,43,55,0,126,0,0,118,0,118,28,43,173,0,244,120,0,120,364
07/02/2020,BZN,MT,ANM,WE,Federal Contract Tower,32,40,77,0,149,0,0,156,0,156,32,40,233,0,305,142,0,142,447
07/03/2020,BZN,MT,ANM,WE,Federal Contract Tower,30,40,46,0,116,0,0,78,0,78,30,40,124,0,194,100,0,100,294
07/04/2020,BZN,MT,ANM,WE,Federal Contract Tower,33,27,13,0,73,0,6,70,0,76,33,33,83,0,149,88,0,88,237
07/05/2020,BZN,MT,ANM,WE,Federal Contract Tower,35,42,53,0,130,0,10,45,0,55,35,52,98,0,185,26,0,26,211
07/06/2020,BZN,MT,ANM,WE,Federal Contract Tower,35,39,49,0,123,0,2,128,0,130,35,41,177,0,253,178,0,178,431
07/07/2020,BZN,MT,ANM,WE,Federal Contract Tower,30,30,29,1,90,0,2,66,0,68,30,32,95,1,158,116,0,116,274
07/08/2020,BZN,MT,ANM,WE,Federal Contract Tower,35,28,44,0,107,0,1,176,1,178,35,29,220,1,285,220,0,220,505
07/09/2020,BZN,MT,ANM,WE,Federal Contract Tower,39,38,53,0,130,0,7,172,2,181,39,45,225,2,311,178,0,178,489
07/10/2020,BZN,MT,ANM,WE,Federal Contract Tower,38,32,49,24,143,0,2,94,0,96,38,34,143,24,239,116,6,122,361
07/11/2020,BZN,MT,ANM,WE,Federal Contract Tower,46,36,32,0,114,0,0,101,0,101,46,36,133,0,215,122,0,122,337
07/12/2020,BZN,MT,ANM,WE,Federal Contract Tower,43,32,41,0,116,0,0,66,0,66,43,32,107,0,182,36,0,36,218
07/13/2020,BZN,MT,ANM,WE,Federal Contract Tower,40,45,46,0,131,0,3,139,0,142,40,48,185,0,273,160,0,160,433
07/14/2020,BZN,MT,ANM,WE,Federal Contract Tower,34,37,50,6,127,0,3,178,0,181,34,40,228,6,308,228,12,240,548
07/15/2020,BZN,MT,ANM,WE,Federal Contract Tower,38,41,54,7,140,0,1,136,2,139,38,42,190,9,279,204,0,204,483
07/16/2020,BZN,MT,ANM,WE,Federal Contract Tower,44,28,53,0,125,0,1,158,0,159,44,29,211,0,284,190,0,190,474
07/17/2020,BZN,MT,ANM,WE,Federal Contract Tower,41,36,50,0,127,0,0,113,0,113,41,36,163,0,240,154,0,154,394
07/18/2020,BZN,MT,ANM,WE,Federal Contract Tower,46,44,27,0,117,0,1,79,0,80,46,45,106,0,197,48,0,48,245
07/19/2020,BZN,MT,ANM,WE,Federal Contract Tower,45,28,27,0,100,0,7,70,0,77,45,35,97,0,177,18,0,18,195
07/20/2020,BZN,MT,ANM,WE,Federal Contract Tower,43,22,48,0,113,0,1,129,0,130,43,23,177,0,243,170,0,170,413
07/21/2020,BZN,MT,ANM,WE,Federal Contract Tower,36,38,35,6,115,0,0,118,0,118,36,38,153,6,233,170,0,170,403
07/23/2020,BZN,MT,ANM,WE,Federal Contract Tower,46,33,43,0,122,0,0,54,0,54,46,33,97,0,176,78,0,78,254
07/24/2020,BZN,MT,ANM,WE,Federal Contract Tower,44,38,57,0,139,0,2,118,0,120,44,40,175,0,259,94,0,94,353
07/25/2020,BZN,MT,ANM,WE,Federal Contract Tower,48,30,36,2,116,0,2,83,2,87,48,32,119,4,203,104,0,104,307
07/26/2020,BZN,MT,ANM,WE,Federal Contract Tower,46,39,40,2,127,0,2,58,1,61,46,41,98,3,188,22,0,22,210
07/27/2020,BZN,MT,ANM,WE,Federal Contract Tower,42,22,41,1,106,0,4,139,3,146,42,26,180,4,252,186,24,210,462
07/28/2020,BZN,MT,ANM,WE,Federal Contract Tower,36,37,46,5,124,0,2,122,0,124,36,39,168,5,248,200,0,200,448
07/29/2020,BZN,MT,ANM,WE,Federal Contract Tower,41,37,54,0,132,0,1,115,0,116,41,38,169,0,248,144,0,144,392
07/31/2020,BZN,MT,ANM,WE,Federal Contract Tower,42,48,70,5,165,0,0,96,2,98,42,48,166,7,263,106,0,106,369
08/01/2020,BZN,MT,ANM,WE,Federal Contract Tower,48,41,42,1,132,0,0,101,8,109,48,41,143,9,241,62,0,62,303
08/02/2020,BZN,MT,ANM,WE,Federal Contract Tower,51,51,51,2,155,0,6,46,0,52,51,57,97,2,207,30,0,30,237
08/03/2020,BZN,MT,ANM,WE,Federal Contract Tower,47,28,50,2,127,0,4,64,0,68,47,32,114,2,195,114,0,114,309
08/04/2020,BZN,MT,ANM,WE,Federal Contract Tower,43,26,53,0,122,0,4,144,0,148,43,30,197,0,270,144,0,144,414
08/05/2020,BZN,MT,ANM,WE,Federal Contract Tower,43,39,39,2,123,0,3,139,0,142,43,42,178,2,265,164,0,164,429
08/06/2020,BZN,MT,ANM,WE,Federal Contract Tower,48,39,43,2,132,0,7,111,3,121,48,46,154,5,253,108,0,108,361
08/07/2020,BZN,MT,ANM,WE,Federal Contract Tower,44,44,52,1,141,0,0,119,0,119,44,44,171,1,260,125,0,125,385
08/08/2020,BZN,MT,ANM,WE,Federal Contract Tower,53,32,48,0,133,0,2,104,1,107,53,34,152,1,240,130,0,130,370
08/09/2020,BZN,MT,ANM,WE,Federal Contract Tower,52,33,58,0,143,0,1,84,0,85,52,34,142,0,228,44,0,44,272
08/10/2020,BZN,MT,ANM,WE,Federal Contract Tower,45,30,60,0,135,0,0,131,4,135,45,30,191,4,270,220,0,220,490
08/11/2020,BZN,MT,ANM,WE,Federal Contract Tower,39,35,28,0,102,0,0,119,0,119,39,35,147,0,221,198,0,198,419
08/12/2020,BZN,MT,ANM,WE,Federal Contract Tower,42,43,62,0,147,0,3,89,0,92,42,46,151,0,239,110,0,110,349
08/13/2020,BZN,MT,ANM,WE,Federal Contract Tower,47,39,50,1,137,0,0,126,0,126,47,39,176,1,263,110,2,112,375
08/14/2020,BZN,MT,ANM,WE,Federal Contract Tower,45,38,52,1,136,0,3,91,1,95,45,41,143,2,231,126,0,126,357
08/15/2020,BZN,MT,ANM,WE,Federal Contract Tower,50,38,33,1,122,0,5,97,1,103,50,43,130,2,225,78,0,78,303
08/16/2020,BZN,MT,ANM,WE,Federal Contract Tower,52,30,52,3,137,0,2,55,2,59,52,32,107,5,196,38,0,38,234
08/17/2020,BZN,MT,ANM,WE,Federal Contract Tower,44,38,53,1,136,0,3,129,0,132,44,41,182,1,268,198,0,198,466
08/18/2020,BZN,MT,ANM,WE,Federal Contract Tower,40,56,44,5,145,0,0,117,7,124,40,56,161,12,269,170,0,170,439
08/19/2020,BZN,MT,ANM,WE,Federal Contract Tower,44,42,49,1,136,0,6,132,0,138,44,48,181,1,274,98,0,98,372
08/20/2020,BZN,MT,ANM,WE,Federal Contract Tower,47,45,49,0,141,0,2,117,0,119,47,47,166,0,260,180,0,180,440
08/21/2020,BZN,MT,ANM,WE,Federal Contract Tower,47,32,55,0,134,0,7,163,0,170,47,39,218,0,304,181,0,181,485
08/22/2020,BZN,MT,ANM,WE,Federal Contract Tower,44,40,58,0,142,0,2,97,0,99,44,42,155,0,241,122,0,122,363
08/23/2020,BZN,MT,ANM,WE,Federal Contract Tower,50,45,54,0,149,0,4,57,0,61,50,49,111,0,210,48,0,48,258
08/24/2020,BZN,MT,ANM,WE,Federal Contract Tower,45,31,55,2,133,0,0,127,1,128,45,31,182,3,261,172,0,172,433
08/25/2020,BZN,MT,ANM,WE,Federal Contract Tower,40,31,42,0,113,0,2,91,0,93,40,33,133,0,206,118,0,118,324
08/26/2020,BZN,MT,ANM,WE,Federal Contract Tower,46,38,66,0,150,0,1,160,5,166,46,39,226,5,316,186,0,186,502
08/27/2020,BZN,MT,ANM,WE,Federal Contract Tower,47,33,38,0,118,0,4,102,0,106,47,37,140,0,224,146,0,146,370
08/28/2020,BZN,MT,ANM,WE,Federal Contract Tower,47,22,49,0,118,0,3,147,1,151,47,25,196,1,269,158,0,158,427
08/29/2020,BZN,MT,ANM,WE,Federal Contract Tower,45,27,31,0,103,0,6,144,0,150,45,33,175,0,253,108,0,108,361
08/30/2020,BZN,MT,ANM,WE,Federal Contract Tower,50,40,43,0,133,0,4,40,2,46,50,44,83,2,179,42,0,42,221
08/31/2020,BZN,MT,ANM,WE,Federal Contract Tower,46,32,40,0,118,0,1,129,4,134,46,33,169,4,252,178,0,178,430
09/01/2020,BZN,MT,ANM,WE,Federal Contract Tower,39,37,28,0,104,0,6,100,0,106,39,43,128,0,210,114,0,114,324
09/02/2020,BZN,MT,ANM,WE,Federal Contract Tower,42,53,43,0,138,0,0,71,0,71,42,53,114,0,209,90,0,90,299
09/03/2020,BZN,MT,ANM,WE,Federal Contract Tower,50,30,55,4,139,0,4,163,0,167,50,34,218,4,306,182,0,182,488
09/04/2020,BZN,MT,ANM,WE,Federal Contract Tower,50,45,53,1,149,0,0,130,1,131,50,45,183,2,280,232,0,232,512
09/05/2020,BZN,MT,ANM,WE,Federal Contract Tower,45,30,21,3,99,0,4,105,4,113,45,34,126,7,212,64,0,64,276
09/06/2020,BZN,MT,ANM,WE,Federal Contract Tower,48,25,30,3,106,0,6,95,0,101,48,31,125,3,207,6,0,6,213
09/07/2020,BZN,MT,ANM,WE,Federal Contract Tower,49,34,43,0,126,0,3,5,0,8,49,37,48,0,134,14,0,14,148
09/08/2020,BZN,MT,ANM,WE,Federal Contract Tower,37,19,52,1,109,0,0,150,0,150,37,19,202,1,259,244,0,244,503
09/09/2020,BZN,MT,ANM,WE,Federal Contract Tower,39,35,52,2,128,0,4,175,1,180,39,39,227,3,308,240,0,240,548
09/10/2020,BZN,MT,ANM,WE,Federal Contract Tower,44,23,59,0,126,0,3,146,0,149,44,26,205,0,275,140,0,140,415
09/11/2020,BZN,MT,ANM,WE,Federal Contract Tower,42,32,35,1,110,0,1,156,1,158,42,33,191,2,268,214,0,214,482
09/12/2020,BZN,MT,ANM,WE,Federal Contract Tower,41,23,25,0,89,0,5,138,0,143,41,28,163,0,232,162,0,162,394
09/13/2020,BZN,MT,ANM,WE,Federal Contract Tower,43,21,56,2,122,0,0,86,0,86,43,21,142,2,208,12,0,12,220
09/14/2020,BZN,MT,ANM,WE,Federal Contract Tower,44,27,52,3,126,0,8,9,0,17,44,35,61,3,143,12,0,12,155
09/15/2020,BZN,MT,ANM,WE,Federal Contract Tower,33,26,52,5,116,0,1,111,5,117,33,27,163,10,233,268,0,268,501
09/16/2020,BZN,MT,ANM,WE,Federal Contract Tower,37,34,68,1,140,0,1,121,0,122,37,35,189,1,262,336,0,336,598
09/17/2020,BZN,MT,ANM,WE,Federal Contract Tower,44,31,59,1,135,0,0,84,0,84,44,31,143,1,219,202,0,202,421
09/18/2020,BZN,MT,ANM,WE,Federal Contract Tower,42,33,52,4,131,0,0,109,0,109,42,33,161,4,240,120,0,120,360
09/19/2020,BZN,MT,ANM,WE,Federal Contract Tower,42,19,23,2,86,0,0,47,0,47,42,19,70,2,133,104,0,104,237
09/20/2020,BZN,MT,ANM,WE,Federal Contract Tower,46,22,45,2,115,0,0,44,6,50,46,22,89,8,165,8,0,8,173
09/21/2020,BZN,MT,ANM,WE,Federal Contract Tower,44,32,34,7,117,0,3,166,0,169,44,35,200,7,286,182,0,182,468
09/22/2020,BZN,MT,ANM,WE,Federal Contract Tower,34,25,97,0,156,0,2,127,0,129,34,27,224,0,285,150,0,150,435
09/23/2020,BZN,MT,ANM,WE,Federal Contract Tower,38,25,44,0,107,0,4,195,0,199,38,29,239,0,306,186,0,186,492
09/24/2020,BZN,MT,ANM,WE,Federal Contract Tower,44,31,27,0,102,0,2,82,0,84,44,33,109,0,186,174,0,174,360
09/25/2020,BZN,MT,ANM,WE,Federal Contract Tower,42,36,49,2,129,0,6,128,0,134,42,42,177,2,263,150,0,150,413
09/26/2020,BZN,MT,ANM,WE,Federal Contract Tower,41,30,23,0,94,0,3,28,0,31,41,33,51,0,125,64,0,64,189
09/27/2020,BZN,MT,ANM,WE,Federal Contract Tower,45,26,30,1,102,0,0,38,0,38,45,26,68,1,140,0,0,0,140
09/28/2020,BZN,MT,ANM,WE,Federal Contract Tower,44,32,43,0,119,0,0,139,0,139,44,32,182,0,258,132,0,132,390
09/29/2020,BZN,MT,ANM,WE,Federal Contract Tower,34,28,28,0,90,0,3,158,0,161,34,31,186,0,251,156,0,156,407
09/30/2020,BZN,MT,ANM,WE,Federal Contract Tower,38,22,38,0,98,0,2,209,0,211,38,24,247,0,309,340,0,340,649
10/01/2020,BZN,MT,ANM,WE,Federal Contract Tower,43,24,42,0,109,0,0,171,0,171,43,24,213,0,280,218,0,218,498
10/02/2020,BZN,MT,ANM,WE,Federal Contract Tower,43,33,46,0,122,0,1,167,0,168,43,34,213,0,290,218,0,218,508
10/03/2020,BZN,MT,ANM,WE,Federal Contract Tower,39,19,39,0,97,0,0,119,0,119,39,19,158,0,216,80,2,82,298
10/04/2020,BZN,MT,ANM,WE,Federal Contract Tower,39,15,36,0,90,0,3,47,0,50,39,18,83,0,140,6,0,6,146
10/05/2020,BZN,MT,ANM,WE,Federal Contract Tower,40,25,38,2,105,0,5,141,0,146,40,30,179,2,251,140,0,140,391
10/06/2020,BZN,MT,ANM,WE,Federal Contract Tower,31,19,23,0,73,0,2,125,0,127,31,21,148,0,200,150,0,150,350
10/07/2020,BZN,MT,ANM,WE,Federal Contract Tower,31,28,46,1,106,0,5,155,1,161,31,33,201,2,267,260,0,260,527
10/08/2020,BZN,MT,ANM,WE,Federal Contract Tower,33,21,32,0,86,0,2,125,0,127,33,23,157,0,213,214,0,214,427
10/09/2020,BZN,MT,ANM,WE,Federal Contract Tower,36,24,43,1,104,0,2,155,0,157,36,26,198,1,261,210,0,210,471
10/10/2020,BZN,MT,ANM,WE,Federal Contract Tower,34,26,18,0,78,0,1,51,0,52,34,27,69,0,130,64,0,64,194
10/11/2020,BZN,MT,ANM,WE,Federal Contract Tower,36,18,27,1,82,0,2,4,0,6,36,20,31,1,88,0,0,0,88
10/12/2020,BZN,MT,ANM,WE,Federal Contract Tower,38,23,23,1,85,0,0,7,0,7,38,23,30,1,92,0,0,0,92
10/13/2020,BZN,MT,ANM,WE,Federal Contract Tower,26,21,26,5,78,0,0,63,0,63,26,21,89,5,141,108,0,108,249
10/14/2020,BZN,MT,ANM,WE,Federal Contract Tower,30,13,12,0,55,0,1,8,4,13,30,14,20,4,68,6,0,6,74
10/15/2020,BZN,MT,ANM,WE,Federal Contract Tower,34,18,26,0,78,0,2,55,0,57,34,20,81,0,135,74,0,74,209
10/16/2020,BZN,MT,ANM,WE,Federal Contract Tower,36,22,37,0,95,0,3,76,0,79,36,25,113,0,174,96,0,96,270
10/17/2020,BZN,MT,ANM,WE,Federal Contract Tower,35,22,17,0,74,0,0,0,0,0,35,22,17,0,74,0,0,0,74
10/18/2020,BZN,MT,ANM,WE,Federal Contract Tower,35,20,19,0,74,0,0,0,0,0,35,20,19,0,74,0,0,0,74
10/19/2020,BZN,MT,ANM,WE,Federal Contract Tower,37,14,30,0,81,0,0,92,0,92,37,14,122,0,173,188,0,188,361
10/20/2020,BZN,MT,ANM,WE,Federal Contract Tower,28,18,39,0,85,0,1,127,0,128,28,19,166,0,213,214,0,214,427
10/21/2020,BZN,MT,ANM,WE,Federal Contract Tower,29,29,27,0,85,0,0,41,0,41,29,29,68,0,126,54,0,54,180
10/22/2020,BZN,MT,ANM,WE,Federal Contract Tower,33,20,23,0,76,0,4,56,0,60,33,24,79,0,136,140,0,140,276
10/23/2020,BZN,MT,ANM,WE,Federal Contract Tower,34,21,54,0,109,0,2,150,2,154,34,23,204,2,263,256,0,256,519
10/24/2020,BZN,MT,ANM,WE,Federal Contract Tower,34,16,10,0,60,0,0,0,0,0,34,16,10,0,60,0,0,0,60
10/25/2020,BZN,MT,ANM,WE,Federal Contract Tower,35,15,24,0,74,0,2,34,0,36,35,17,58,0,110,10,0,10,120
10/26/2020,BZN,MT,ANM,WE,Federal Contract Tower,36,25,26,0,87,0,2,89,0,91,36,27,115,0,178,174,0,174,352
10/27/2020,BZN,MT,ANM,WE,Federal Contract Tower,28,19,47,0,94,0,2,152,0,154,28,21,199,0,248,252,0,252,500
10/28/2020,BZN,MT,ANM,WE,Federal Contract Tower,29,18,17,0,64,0,2,150,0,152,29,20,167,0,216,216,0,216,432
10/29/2020,BZN,MT,ANM,WE,Federal Contract Tower,35,20,14,0,69,0,0,136,0,136,35,20,150,0,205,184,0,184,389
10/30/2020,BZN,MT,ANM,WE,Federal Contract Tower,37,18,21,0,76,0,0,120,0,120,37,18,141,0,196,124,0,124,320
10/31/2020,BZN,MT,ANM,WE,Federal Contract Tower,34,12,16,0,62,0,2,87,0,89,34,14,103,0,151,92,0,92,243
11/02/2020,BZN,MT,ANM,WE,Federal Contract Tower,38,13,12,0,63,0,2,118,0,120,38,15,130,0,183,188,0,188,371
11/03/2020,BZN,MT,ANM,WE,Federal Contract Tower,29,12,34,1,76,0,0,144,0,144,29,12,178,1,220,212,0,212,432
11/04/2020,BZN,MT,ANM,WE,Federal Contract Tower,35,14,23,1,73,0,2,103,0,105,35,16,126,1,178,142,0,142,320
11/05/2020,BZN,MT,ANM,WE,Federal Contract Tower,39,12,25,0,76,0,0,77,0,77,39,12,102,0,153,124,0,124,277
11/06/2020,BZN,MT,ANM,WE,Federal Contract Tower,38,30,23,0,91,0,2,129,0,131,38,32,152,0,222,234,0,234,456
11/07/2020,BZN,MT,ANM,WE,Federal Contract Tower,38,9,15,0,62,0,0,17,0,17,38,9,32,0,79,20,0,20,99
11/08/2020,BZN,MT,ANM,WE,Federal Contract Tower,40,3,10,0,53,0,0,0,0,0,40,3,10,0,53,0,0,0,53
11/09/2020,BZN,MT,ANM,WE,Federal Contract Tower,37,16,29,0,82,0,2,111,0,113,37,18,140,0,195,152,0,152,347
11/10/2020,BZN,MT,ANM,WE,Federal Contract Tower,31,15,15,0,61,0,0,35,0,35,31,15,50,0,96,96,0,96,192
11/11/2020,BZN,MT,ANM,WE,Federal Contract Tower,35,14,18,2,69,0,2,17,0,19,35,16,35,2,88,28,0,28,116
11/12/2020,BZN,MT,ANM,WE,Federal Contract Tower,37,22,36,1,96,0,4,125,0,129,37,26,161,1,225,146,0,146,371
11/13/2020,BZN,MT,ANM,WE,Federal Contract Tower,38,19,19,0,76,0,7,37,0,44,38,26,56,0,120,86,0,86,206
11/14/2020,BZN,MT,ANM,WE,Federal Contract Tower,36,12,16,0,64,0,0,12,0,12,36,12,28,0,76,0,0,0,76
11/15/2020,BZN,MT,ANM,WE,Federal Contract Tower,38,13,5,0,56,0,0,9,0,9,38,13,14,0,65,14,0,14,79
11/16/2020,BZN,MT,ANM,WE,Federal Contract Tower,39,15,29,0,83,0,0,125,0,125,39,15,154,0,208,182,0,182,390
11/17/2020,BZN,MT,ANM,WE,Federal Contract Tower,34,9,28,2,73,0,1,104,0,105,34,10,132,2,178,174,0,174,352
11/18/2020,BZN,MT,ANM,WE,Federal Contract Tower,36,13,37,0,86,0,0,86,0,86,36,13,123,0,172,300,0,300,472
11/19/2020,BZN,MT,ANM,WE,Federal Contract Tower,40,12,31,0,83,0,0,68,0,68,40,12,99,0,151,178,0,178,329
11/20/2020,BZN,MT,ANM,WE,Federal Contract Tower,44,17,33,6,100,0,4,169,0,173,44,21,202,6,273,260,0,260,533
11/21/2020,BZN,MT,ANM,WE,Federal Contract Tower,50,24,21,0,95,0,0,95,0,95,50,24,116,0,190,128,0,128,318
11/22/2020,BZN,MT,ANM,WE,Federal Contract Tower,48,14,17,0,79,0,2,88,0,90,48,16,105,0,169,58,0,58,227
11/23/2020,BZN,MT,ANM,WE,Federal Contract Tower,42,24,29,3,98,0,2,100,0,102,42,26,129,3,200,262,0,262,462
11/24/2020,BZN,MT,ANM,WE,Federal Contract Tower,50,19,27,0,96,0,0,84,0,84,50,19,111,0,180,92,0,92,272
11/25/2020,BZN,MT,ANM,WE,Federal Contract Tower,50,16,33,2,101,0,0,13,0,13,50,16,46,2,114,32,0,32,146
11/26/2020,BZN,MT,ANM,WE,Federal Contract Tower,22,6,2,0,30,0,3,5,0,8,22,9,7,0,38,0,0,0,38
11/27/2020,BZN,MT,ANM,WE,Federal Contract Tower,38,16,23,0,77,0,1,68,0,69,38,17,91,0,146,60,0,60,206
11/28/2020,BZN,MT,ANM,WE,Federal Contract Tower,50,15,16,0,81,0,3,40,0,43,50,18,56,0,124,60,0,60,184
11/29/2020,BZN,MT,ANM,WE,Federal Contract Tower,50,16,40,0,106,0,2,51,0,53,50,18,91,0,159,14,0,14,173
11/30/2020,BZN,MT,ANM,WE,Federal Contract Tower,48,21,33,0,102,0,2,64,0,66,48,23,97,0,168,148,0,148,316
12/01/2020,BZN,MT,ANM,WE,Federal Contract Tower,41,14,42,2,99,0,0,104,0,104,41,14,146,2,203,224,0,224,427
12/02/2020,BZN,MT,ANM,WE,Federal Contract Tower,38,12,25,0,75,0,0,103,2,105,38,12,128,2,180,164,2,166,346
12/03/2020,BZN,MT,ANM,WE,Federal Contract Tower,42,18,50,0,110,0,0,166,0,166,42,18,216,0,276,208,0,208,484
12/04/2020,BZN,MT,ANM,WE,Federal Contract Tower,40,23,28,2,93,0,1,151,0,152,40,24,179,2,245,220,0,220,465
12/05/2020,BZN,MT,ANM,WE,Federal Contract Tower,41,14,25,0,80,0,1,80,0,81,41,15,105,0,161,96,0,96,257
12/06/2020,BZN,MT,ANM,WE,Federal Contract Tower,43,8,26,0,77,0,1,57,0,58,43,9,83,0,135,16,0,16,151
12/07/2020,BZN,MT,ANM,WE,Federal Contract Tower,40,14,34,0,88,0,2,125,0,127,40,16,159,0,215,186,4,190,405
12/08/2020,BZN,MT,ANM,WE,Federal Contract Tower,36,19,39,0,94,0,0,104,0,104,36,19,143,0,198,176,0,176,374
12/09/2020,BZN,MT,ANM,WE,Federal Contract Tower,38,25,33,2,98,0,1,92,1,94,38,26,125,3,192,148,10,158,350
12/10/2020,BZN,MT,ANM,WE,Federal Contract Tower,40,32,36,0,108,0,2,108,0,110,40,34,144,0,218,158,0,158,376
12/11/2020,BZN,MT,ANM,WE,Federal Contract Tower,46,12,29,0,87,0,0,27,0,27,46,12,56,0,114,80,0,80,194
12/12/2020,BZN,MT,ANM,WE,Federal Contract Tower,40,18,17,0,75,0,0,14,0,14,40,18,31,0,89,20,0,20,109
12/13/2020,BZN,MT,ANM,WE,Federal Contract Tower,43,26,25,0,94,0,0,33,0,33,43,26,58,0,127,42,0,42,169
12/14/2020,BZN,MT,ANM,WE,Federal Contract Tower,44,10,24,4,82,0,0,28,0,28,44,10,52,4,110,68,0,68,178
12/15/2020,BZN,MT,ANM,WE,Federal Contract Tower,36,25,37,0,98,0,0,105,0,105,36,25,142,0,203,144,0,144,347
12/16/2020,BZN,MT,ANM,WE,Federal Contract Tower,37,25,33,1,96,0,0,75,12,87,37,25,108,13,183,148,0,148,331
12/17/2020,BZN,MT,ANM,WE,Federal Contract Tower,49,52,40,0,141,0,0,74,0,74,49,52,114,0,215,72,0,72,287
12/18/2020,BZN,MT,ANM,WE,Federal Contract Tower,65,61,75,0,201,0,2,125,0,127,65,63,200,0,328,178,0,178,506
12/19/2020,BZN,MT,ANM,WE,Federal Contract Tower,67,83,42,1,193,0,0,11,0,11,67,83,53,1,204,30,0,30,234
12/20/2020,BZN,MT,ANM,WE,Federal Contract Tower,67,54,44,0,165,0,2,3,0,5,67,56,47,0,170,0,0,0,170
12/21/2020,BZN,MT,ANM,WE,Federal Contract Tower,63,53,42,0,158,0,3,46,0,49,63,56,88,0,207,130,0,130,337
12/22/2020,BZN,MT,ANM,WE,Federal Contract Tower,57,51,36,0,144,0,2,0,0,2,57,53,36,0,146,0,0,0,146
12/23/2020,BZN,MT,ANM,WE,Federal Contract Tower,65,59,48,0,172,0,0,65,0,65,65,59,113,0,237,118,0,118,355
12/24/2020,BZN,MT,ANM,WE,Federal Contract Tower,39,36,22,0,97,0,1,38,0,39,39,37,60,0,136,16,0,16,152
12/25/2020,BZN,MT,ANM,WE,Federal Contract Tower,36,14,12,0,62,0,0,16,0,16,36,14,28,0,78,16,0,16,94
12/26/2020,BZN,MT,ANM,WE,Federal Contract Tower,64,64,73,0,201,0,2,6,0,8,64,66,79,0,209,4,0,4,213
12/27/2020,BZN,MT,ANM,WE,Federal Contract Tower,67,54,69,0,190,0,2,24,0,26,67,56,93,0,216,34,0,34,250
12/28/2020,BZN,MT,ANM,WE,Federal Contract Tower,63,58,29,0,150,0,0,46,0,46,63,58,75,0,196,90,0,90,286
12/29/2020,BZN,MT,ANM,WE,Federal Contract Tower,59,47,34,0,140,0,0,116,0,116,59,47,150,0,256,138,0,138,394
12/30/2020,BZN,MT,ANM,WE,Federal Contract Tower,63,30,29,4,126,0,1,83,0,84,63,31,112,4,210,78,0,78,288
12/31/2020,BZN,MT,ANM,WE,Federal Contract Tower,40,32,32,0,104,0,4,41,0,45,40,36,73,0,149,64,0,64,213
01/01/2021,BZN,MT,ANM,WE,Federal Contract Tower,49,28,26,0,103,0,3,69,0,72,49,31,95,0,175,22,0,22,197
01/02/2021,BZN,MT,ANM,WE,Federal Contract Tower,67,76,76,0,219,0,3,13,0,16,67,79,89,0,235,0,0,0,235
01/03/2021,BZN,MT,ANM,WE,Federal Contract Tower,69,82,60,0,211,0,3,3,0,6,69,85,63,0,217,0,0,0,217
01/04/2021,BZN,MT,ANM,WE,Federal Contract Tower,63,39,47,0,149,0,0,65,0,65,63,39,112,0,214,176,0,176,390
01/05/2021,BZN,MT,ANM,WE,Federal Contract Tower,46,40,25,0,111,0,5,47,0,52,46,45,72,0,163,74,0,74,237
01/06/2021,BZN,MT,ANM,WE,Federal Contract Tower,46,30,46,1,123,0,1,120,0,121,46,31,166,1,244,172,0,172,416
01/07/2021,BZN,MT,ANM,WE,Federal Contract Tower,52,35,20,0,107,0,0,0,0,0,52,35,20,0,107,0,0,0,107
01/08/2021,BZN,MT,ANM,WE,Federal Contract Tower,7,3,19,0,29,0,0,0,0,0,7,3,19,0,29,0,0,0,29
01/09/2021,BZN,MT,ANM,WE,Federal Contract Tower,72,46,27,2,147,0,4,30,1,35,72,50,57,3,182,28,12,40,222
01/10/2021,BZN,MT,ANM,WE,Federal Contract Tower,58,32,56,0,146,0,0,44,2,46,58,32,100,2,192,36,4,40,232
01/11/2021,BZN,MT,ANM,WE,Federal Contract Tower,51,19,24,3,97,0,0,103,0,103,51,19,127,3,200,108,4,112,312
01/12/2021,BZN,MT,ANM,WE,Federal Contract Tower,43,16,52,0,111,0,2,121,0,123,43,18,173,0,234,162,0,162,396
01/13/2021,BZN,MT,ANM,WE,Federal Contract Tower,42,16,14,0,72,0,0,10,0,10,42,16,24,0,82,24,0,24,106
01/14/2021,BZN,MT,ANM,WE,Federal Contract Tower,55,38,49,0,142,0,1,105,0,106,55,39,154,0,248,84,0,84,332
01/15/2021,BZN,MT,ANM,WE,Federal Contract Tower,52,75,42,2,171,0,4,125,0,129,52,79,167,2,300,106,0,106,406
01/16/2021,BZN,MT,ANM,WE,Federal Contract Tower,55,35,29,0,119,0,0,101,0,101,55,35,130,0,220,128,0,128,348
01/17/2021,BZN,MT,ANM,WE,Federal Contract Tower,56,21,33,2,112,0,1,10,0,11,56,22,43,2,123,8,0,8,131
01/18/2021,BZN,MT,ANM,WE,Federal Contract Tower,56,56,23,0,135,0,0,18,0,18,56,56,41,0,153,18,0,18,171
01/19/2021,BZN,MT,ANM,WE,Federal Contract Tower,43,39,63,1,146,0,1,116,0,117,43,40,179,1,263,154,0,154,417
01/20/2021,BZN,MT,ANM,WE,Federal Contract Tower,45,26,48,1,120,0,7,156,2,165,45,33,204,3,285,200,0,200,485
01/21/2021,BZN,MT,ANM,WE,Federal Contract Tower,53,18,38,0,109,0,1,78,0,79,53,19,116,0,188,160,0,160,348
01/22/2021,BZN,MT,ANM,WE,Federal Contract Tower,54,43,34,4,135,0,1,48,0,49,54,44,82,4,184,150,0,150,334
01/23/2021,BZN,MT,ANM,WE,Federal Contract Tower,54,31,43,0,128,0,2,55,0,57,54,33,98,0,185,60,0,60,245
01/24/2021,BZN,MT,ANM,WE,Federal Contract Tower,58,34,41,0,133,0,2,63,0,65,58,36,104,0,198,44,0,44,242
01/25/2021,BZN,MT,ANM,WE,Federal Contract Tower,51,17,30,0,98,0,1,142,0,143,51,18,172,0,241,182,0,182,423
01/26/2021,BZN,MT,ANM,WE,Federal Contract Tower,40,23,47,38,148,0,1,103,0,104,40,24,150,38,252,102,0,102,354
01/27/2021,BZN,MT,ANM,WE,Federal Contract Tower,45,37,54,18,154,0,1,124,0,125,45,38,178,18,279,214,0,214,493
01/28/2021,BZN,MT,ANM,WE,Federal Contract Tower,54,34,40,0,128,0,0,96,0,96,54,34,136,0,224,90,0,90,314
01/29/2021,BZN,MT,ANM,WE,Federal Contract Tower,53,29,37,0,119,0,0,81,0,81,53,29,118,0,200,134,0,134,334
01/30/2021,BZN,MT,ANM,WE,Federal Contract Tower,56,26,24,0,106,0,4,3,0,7,56,30,27,0,113,0,0,0,113
01/31/2021,BZN,MT,ANM,WE,Federal Contract Tower,59,43,58,0,160,0,2,60,0,62,59,45,118,0,222,8,0,8,230
02/01/2021,BZN,MT,ANM,WE,Federal Contract Tower,53,27,25,0,105,0,0,142,0,142,53,27,167,0,247,128,0,128,375
02/02/2021,BZN,MT,ANM,WE,Federal Contract Tower,41,30,39,0,110,0,3,115,0,118,41,33,154,0,228,148,0,148,376
02/03/2021,BZN,MT,ANM,WE,Federal Contract Tower,45,33,24,0,102,0,0,33,0,33,45,33,57,0,135,38,0,38,173
02/04/2021,BZN,MT,ANM,WE,Federal Contract Tower,51,30,46,0,127,0,0,76,0,76,51,30,122,0,203,62,0,62,265
02/05/2021,BZN,MT,ANM,WE,Federal Contract Tower,53,37,26,0,116,0,0,9,0,9,53,37,35,0,125,16,0,16,141
02/06/2021,BZN,MT,ANM,WE,Federal Contract Tower,53,26,22,1,102,0,0,14,0,14,53,26,36,1,116,62,0,62,178
02/07/2021,BZN,MT,ANM,WE,Federal Contract Tower,57,16,30,1,104,0,0,1,0,1,57,16,31,1,105,0,0,0,105
02/08/2021,BZN,MT,ANM,WE,Federal Contract Tower,53,37,37,0,127,0,0,0,0,0,53,37,37,0,127,0,0,0,127
02/09/2021,BZN,MT,ANM,WE,Federal Contract Tower,39,34,45,1,119,0,0,77,0,77,39,34,122,1,196,74,0,74,270
02/10/2021,BZN,MT,ANM,WE,Federal Contract Tower,47,36,41,2,126,0,1,86,0,87,47,37,127,2,213,170,0,170,383
02/11/2021,BZN,MT,ANM,WE,Federal Contract Tower,57,63,72,0,192,0,0,8,0,8,57,63,80,0,200,6,0,6,206
02/12/2021,BZN,MT,ANM,WE,Federal Contract Tower,58,63,60,0,181,0,0,1,0,1,58,63,61,0,182,0,0,0,182
02/13/2021,BZN,MT,ANM,WE,Federal Contract Tower,50,45,32,1,128,0,0,0,0,0,50,45,32,1,128,0,0,0,128
02/14/2021,BZN,MT,ANM,WE,Federal Contract Tower,55,23,55,1,134,0,3,3,0,6,55,26,58,1,140,0,0,0,140
02/15/2021,BZN,MT,ANM,WE,Federal Contract Tower,49,51,64,0,164,0,0,3,0,3,49,51,67,0,167,0,0,0,167
02/16/2021,BZN,MT,ANM,WE,Federal Contract Tower,43,44,66,0,153,0,0,5,0,5,43,44,71,0,158,0,0,0,158
02/17/2021,BZN,MT,ANM,WE,Federal Contract Tower,46,38,44,0,128,0,2,98,0,100,46,40,142,0,228,216,0,216,444
02/18/2021,BZN,MT,ANM,WE,Federal Contract Tower,54,38,64,0,156,0,1,159,0,160,54,39,223,0,316,128,0,128,444
02/19/2021,BZN,MT,ANM,WE,Federal Contract Tower,56,35,50,0,141,0,1,102,0,103,56,36,152,0,244,106,0,106,350
02/20/2021,BZN,MT,ANM,WE,Federal Contract Tower,55,35,37,0,127,0,2,48,0,50,55,37,85,0,177,32,0,32,209
02/21/2021,BZN,MT,ANM,WE,Federal Contract Tower,61,75,60,0,196,0,3,16,0,19,61,78,76,0,215,4,0,4,219
02/22/2021,BZN,MT,ANM,WE,Federal Contract Tower,58,21,35,0,114,0,2,35,0,37,58,23,70,0,151,48,0,48,199
02/23/2021,BZN,MT,ANM,WE,Federal Contract Tower,50,26,30,0,106,0,6,28,0,34,50,32,58,0,140,0,0,0,140
02/24/2021,BZN,MT,ANM,WE,Federal Contract Tower,53,39,41,2,135,0,4,119,0,123,53,43,160,2,258,192,0,192,450
02/25/2021,BZN,MT,ANM,WE,Federal Contract Tower,61,40,47,0,148,0,2,92,2,96,61,42,139,2,244,136,0,136,380
02/26/2021,BZN,MT,ANM,WE,Federal Contract Tower,56,41,38,0,135,0,4,39,0,43,56,45,77,0,178,82,0,82,260
02/27/2021,BZN,MT,ANM,WE,Federal Contract Tower,57,26,32,0,115,0,0,69,0,69,57,26,101,0,184,82,0,82,266
02/28/2021,BZN,MT,ANM,WE,Federal Contract Tower,59,48,56,0,163,0,0,33,0,33,59,48,89,0,196,8,0,8,204
03/01/2021,BZN,MT,ANM,WE,Federal Contract Tower,54,33,43,34,164,0,2,154,0,156,54,35,197,34,320,192,0,192,512
03/02/2021,BZN,MT,ANM,WE,Federal Contract Tower,50,24,41,3,118,0,3,117,0,120,50,27,158,3,238,100,0,100,338
03/03/2021,BZN,MT,ANM,WE,Federal Contract Tower,56,51,62,0,169,0,0,201,0,201,56,51,263,0,370,108,0,108,478
03/04/2021,BZN,MT,ANM,WE,Federal Contract Tower,59,32,58,0,149,0,2,152,0,154,59,34,210,0,303,222,0,222,525
03/05/2021,BZN,MT,ANM,WE,Federal Contract Tower,61,53,59,0,173,0,4,168,0,172,61,57,227,0,345,134,0,134,479
03/06/2021,BZN,MT,ANM,WE,Federal Contract Tower,62,38,35,0,135,0,3,78,0,81,62,41,113,0,216,66,0,66,282
03/07/2021,BZN,MT,ANM,WE,Federal Contract Tower,62,41,60,0,163,0,2,68,0,70,62,43,128,0,233,24,0,24,257
03/08/2021,BZN,MT,ANM,WE,Federal Contract Tower,62,40,47,0,149,0,2,116,0,118,62,42,163,0,267,122,0,122,389
03/09/2021,BZN,MT,ANM,WE,Federal Contract Tower,46,35,36,2,119,0,2,62,0,64,46,37,98,2,183,134,0,134,317
03/10/2021,BZN,MT,ANM,WE,Federal Contract Tower,60,38,57,5,160,0,0,132,1,133,60,38,189,6,293,172,12,184,477
03/11/2021,BZN,MT,ANM,WE,Federal Contract Tower,59,40,71,2,172,0,3,141,0,144,59,43,212,2,316,130,0,130,446
03/12/2021,BZN,MT,ANM,WE,Federal Contract Tower,66,47,70,0,183,0,2,147,0,149,66,49,217,0,332,114,0,114,446
03/13/2021,BZN,MT,ANM,WE,Federal Contract Tower,63,42,50,0,155,0,0,104,1,105,63,42,154,1,260,34,0,34,294
03/14/2021,BZN,MT,ANM,WE,Federal Contract Tower,57,31,64,0,152,0,2,46,0,48,57,33,110,0,200,14,0,14,214
03/15/2021,BZN,MT,ANM,WE,Federal Contract Tower,62,45,47,0,154,0,4,95,0,99,62,49,142,0,253,132,0,132,385
03/16/2021,BZN,MT,ANM,WE,Federal Contract Tower,46,32,52,0,130,0,3,110,2,115,46,35,162,2,245,176,0,176,421
03/17/2021,BZN,MT,ANM,WE,Federal Contract Tower,57,57,60,0,174,0,4,149,0,153,57,61,209,0,327,154,0,154,481
03/18/2021,BZN,MT,ANM,WE,Federal Contract Tower,60,45,65,0,170,0,2,144,0,146,60,47,209,0,316,148,0,148,464
03/19/2021,BZN,MT,ANM,WE,Federal Contract Tower,64,49,73,2,188,0,3,111,0,114,64,52,184,2,302,74,0,74,376
03/20/2021,BZN,MT,ANM,WE,Federal Contract Tower,66,52,57,0,175,0,2,14,0,16,66,54,71,0,191,24,0,24,215
03/21/2021,BZN,MT,ANM,WE,Federal Contract Tower,61,74,67,0,202,0,4,47,4,55,61,78,114,4,257,20,0,20,277
03/22/2021,BZN,MT,ANM,WE,Federal Contract Tower,66,50,55,0,171,0,0,68,0,68,66,50,123,0,239,100,0,100,339
03/23/2021,BZN,MT,ANM,WE,Federal Contract Tower,47,33,29,0,109,0,5,39,0,44,47,38,68,0,153,66,0,66,219
03/24/2021,BZN,MT,ANM,WE,Federal Contract Tower,57,50,75,0,182,0,2,141,0,143,57,52,216,0,325,162,0,162,487
03/25/2021,BZN,MT,ANM,WE,Federal Contract Tower,60,49,44,0,153,0,0,41,0,41,60,49,85,0,194,166,0,166,360
03/26/2021,BZN,MT,ANM,WE,Federal Contract Tower,62,47,90,0,199,0,5,102,0,107,62,52,192,0,306,73,0,73,379
03/27/2021,BZN,MT,ANM,WE,Federal Contract Tower,65,41,45,10,161,0,2,54,0,56,65,43,99,10,217,68,0,68,285
03/28/2021,BZN,MT,ANM,WE,Federal Contract Tower,51,29,52,0,132,0,0,24,0,24,51,29,76,0,156,0,0,0,156
03/29/2021,BZN,MT,ANM,WE,Federal Contract Tower,52,33,33,0,118,0,2,17,0,19,52,35,50,0,137,0,0,0,137
03/30/2021,BZN,MT,ANM,WE,Federal Contract Tower,43,33,53,0,129,0,6,116,0,122,43,39,169,0,251,222,0,222,473
03/31/2021,BZN,MT,ANM,WE,Federal Contract Tower,48,39,75,1,163,0,0,180,1,181,48,39,255,2,344,158,0,158,502
04/01/2021,BZN,MT,ANM,WE,Federal Contract Tower,47,44,70,2,163,0,3,136,0,139,47,47,206,2,302,118,12,130,432
04/02/2021,BZN,MT,ANM,WE,Federal Contract Tower,55,43,40,0,138,0,3,102,2,107,55,46,142,2,245,94,0,94,339
04/03/2021,BZN,MT,ANM,WE,Federal Contract Tower,47,48,33,0,128,0,1,79,1,81,47,49,112,1,209,64,0,64,273
04/04/2021,BZN,MT,ANM,WE,Federal Contract Tower,48,41,29,0,118,0,0,26,0,26,48,41,55,0,144,16,0,16,160
04/05/2021,BZN,MT,ANM,WE,Federal Contract Tower,51,31,40,0,122,0,0,56,0,56,51,31,96,0,178,80,0,80,258
04/06/2021,BZN,MT,ANM,WE,Federal Contract Tower,35,30,54,0,119,0,0,93,0,93,35,30,147,0,212,174,0,174,386
04/07/2021,BZN,MT,ANM,WE,Federal Contract Tower,37,34,50,0,121,0,2,168,0,170,37,36,218,0,291,212,0,212,503
04/08/2021,BZN,MT,ANM,WE,Federal Contract Tower,42,23,32,0,97,0,0,55,0,55,42,23,87,0,152,74,0,74,226
04/09/2021,BZN,MT,ANM,WE,Federal Contract Tower,48,36,57,0,141,0,1,179,1,181,48,37,236,1,322,228,0,228,550
04/10/2021,BZN,MT,ANM,WE,Federal Contract Tower,47,37,31,0,115,0,3,24,0,27,47,40,55,0,142,12,0,12,154
04/11/2021,BZN,MT,ANM,WE,Federal Contract Tower,44,33,34,0,111,0,0,25,0,25,44,33,59,0,136,44,0,44,180
04/12/2021,BZN,MT,ANM,WE,Federal Contract Tower,48,30,38,7,123,0,1,114,0,115,48,31,152,7,238,174,14,188,426
04/13/2021,BZN,MT,ANM,WE,Federal Contract Tower,34,26,66,0,126,0,4,112,0,116,34,30,178,0,242,256,0,256,498
04/14/2021,BZN,MT,ANM,WE,Federal Contract Tower,32,22,31,2,87,0,0,92,0,92,32,22,123,2,179,280,0,280,459
04/15/2021,BZN,MT,ANM,WE,Federal Contract Tower,40,15,53,0,108,0,1,107,0,108,40,16,160,0,216,178,0,178,394
04/16/2021,BZN,MT,ANM,WE,Federal Contract Tower,45,40,66,0,151,0,5,137,0,142,45,45,203,0,293,168,0,168,461
04/17/2021,BZN,MT,ANM,WE,Federal Contract Tower,40,27,41,0,108,0,3,116,0,119,40,30,157,0,227,102,0,102,329
04/18/2021,BZN,MT,ANM,WE,Federal Contract Tower,41,24,40,0,105,0,2,35,0,37,41,26,75,0,142,42,0,42,184
04/19/2021,BZN,MT,ANM,WE,Federal Contract Tower,45,21,22,0,88,0,7,37,0,44,45,28,59,0,132,108,0,108,240
04/20/2021,BZN,MT,ANM,WE,Federal Contract Tower,33,15,53,0,101,0,1,136,0,137,33,16,189,0,238,256,0,256,494
04/21/2021,BZN,MT,ANM,WE,Federal Contract Tower,35,18,46,1,100,0,2,184,0,186,35,20,230,1,286,292,0,292,578
04/22/2021,BZN,MT,ANM,WE,Federal Contract Tower,43,18,23,0,84,0,3,118,0,121,43,21,141,0,205,192,0,192,397
04/23/2021,BZN,MT,ANM,WE,Federal Contract Tower,44,15,24,0,83,0,0,54,0,54,44,15,78,0,137,82,0,82,219
04/24/2021,BZN,MT,ANM,WE,Federal Contract Tower,41,15,17,0,73,0,3,37,2,42,41,18,54,2,115,56,0,56,171
04/25/2021,BZN,MT,ANM,WE,Federal Contract Tower,41,4,18,0,63,0,0,7,0,7,41,4,25,0,70,0,0,0,70
04/26/2021,BZN,MT,ANM,WE,Federal Contract Tower,48,9,49,0,106,0,2,63,0,65,48,11,112,0,171,118,0,118,289
04/27/2021,BZN,MT,ANM,WE,Federal Contract Tower,35,22,40,0,97,0,1,154,4,159,35,23,194,4,256,234,0,234,490
04/28/2021,BZN,MT,ANM,WE,Federal Contract Tower,34,26,43,0,103,0,4,126,0,130,34,30,169,0,233,132,0,132,365
04/29/2021,BZN,MT,ANM,WE,Federal Contract Tower,42,17,27,0,86,0,1,137,0,138,42,18,164,0,224,102,0,102,326
04/30/2021,BZN,MT,ANM,WE,Federal Contract Tower,48,14,37,0,99,0,2,69,0,71,48,16,106,0,170,92,0,92,262
05/01/2021,BZN,MT,ANM,WE,Federal Contract Tower,38,15,17,3,73,0,1,61,0,62,38,16,78,3,135,76,0,76,211
05/02/2021,BZN,MT,ANM,WE,Federal Contract Tower,43,21,17,0,81,0,0,27,0,27,43,21,44,0,108,66,0,66,174
05/03/2021,BZN,MT,ANM,WE,Federal Contract Tower,47,20,52,0,119,0,0,132,0,132,47,20,184,0,251,166,0,166,417
05/04/2021,BZN,MT,ANM,WE,Federal Contract Tower,35,12,25,0,72,0,2,93,0,95,35,14,118,0,167,142,0,142,309
05/05/2021,BZN,MT,ANM,WE,Federal Contract Tower,41,16,64,0,121,0,1,168,0,169,41,17,232,0,290,170,0,170,460
05/06/2021,BZN,MT,ANM,WE,Federal Contract Tower,46,26,54,0,126,0,4,154,0,158,46,30,208,0,284,164,0,164,448
05/07/2021,BZN,MT,ANM,WE,Federal Contract Tower,44,12,23,1,80,0,3,64,0,67,44,15,87,1,147,80,0,80,227
05/08/2021,BZN,MT,ANM,WE,Federal Contract Tower,53,19,15,0,87,0,3,4,0,7,53,22,19,0,94,0,0,0,94
05/09/2021,BZN,MT,ANM,WE,Federal Contract Tower,51,11,21,4,87,0,3,19,2,24,51,14,40,6,111,28,0,28,139
05/10/2021,BZN,MT,ANM,WE,Federal Contract Tower,54,16,51,3,124,0,2,99,0,101,54,18,150,3,225,126,0,126,351
05/11/2021,BZN,MT,ANM,WE,Federal Contract Tower,37,20,45,0,102,0,3,119,2,124,37,23,164,2,226,104,0,104,330
05/12/2021,BZN,MT,ANM,WE,Federal Contract Tower,44,18,32,0,94,0,1,146,0,147,44,19,178,0,241,142,0,142,383
05/13/2021,BZN,MT,ANM,WE,Federal Contract Tower,46,11,35,0,92,0,0,125,0,125,46,11,160,0,217,156,0,156,373
05/14/2021,BZN,MT,ANM,WE,Federal Contract Tower,52,17,31,0,100,0,2,100,4,106,52,19,131,4,206,148,0,148,354
05/15/2021,BZN,MT,ANM,WE,Federal Contract Tower,52,18,18,1,89,0,2,45,0,47,52,20,63,1,136,38,0,38,174
05/16/2021,BZN,MT,ANM,WE,Federal Contract Tower,52,16,21,2,91,0,4,54,0,58,52,20,75,2,149,26,0,26,175
05/17/2021,BZN,MT,ANM,WE,Federal Contract Tower,50,9,47,1,107,0,2,106,0,108,50,11,153,1,215,126,0,126,341
05/18/2021,BZN,MT,ANM,WE,Federal Contract Tower,42,22,28,0,92,0,5,83,0,88,42,27,111,0,180,118,0,118,298
05/19/2021,BZN,MT,ANM,WE,Federal Contract Tower,48,15,41,0,104,0,0,98,0,98,48,15,139,0,202,116,0,116,318
05/20/2021,BZN,MT,ANM,WE,Federal Contract Tower,48,21,27,0,96,0,0,2,0,2,48,21,29,0,98,0,0,0,98
05/21/2021,BZN,MT,ANM,WE,Federal Contract Tower,50,18,14,0,82,0,0,2,0,2,50,18,16,0,84,0,0,0,84
05/22/2021,BZN,MT,ANM,WE,Federal Contract Tower,56,16,12,0,84,0,20,36,0,56,56,36,48,0,140,108,0,108,248
05/23/2021,BZN,MT,ANM,WE,Federal Contract Tower,57,15,20,1,93,0,0,2,0,2,57,15,22,1,95,0,0,0,95
05/24/2021,BZN,MT,ANM,WE,Federal Contract Tower,52,8,23,0,83,0,0,18,5,23,52,8,41,5,106,60,0,60,166
05/25/2021,BZN,MT,ANM,WE,Federal Contract Tower,44,15,62,0,121,0,4,140,0,144,44,19,202,0,265,112,0,112,377
05/26/2021,BZN,MT,ANM,WE,Federal Contract Tower,46,16,23,1,86,0,2,14,0,16,46,18,37,1,102,22,0,22,124
05/27/2021,BZN,MT,ANM,WE,Federal Contract Tower,63,18,43,0,124,0,2,156,0,158,63,20,199,0,282,174,0,174,456
05/28/2021,BZN,MT,ANM,WE,Federal Contract Tower,72,23,18,0,113,0,10,74,0,84,72,33,92,0,197,80,0,80,277
05/29/2021,BZN,MT,ANM,WE,Federal Contract Tower,73,13,20,0,106,0,6,74,0,80,73,19,94,0,186,24,0,24,210
05/30/2021,BZN,MT,ANM,WE,Federal Contract Tower,74,6,12,0,92,0,1,53,0,54,74,7,65,0,146,30,0,30,176
05/31/2021,BZN,MT,ANM,WE,Federal Contract Tower,72,16,31,0,119,0,2,80,0,82,72,18,111,0,201,76,0,76,277
06/01/2021,BZN,MT,ANM,WE,Federal Contract Tower,58,15,37,0,110,0,1,141,0,142,58,16,178,0,252,184,0,184,436
06/02/2021,BZN,MT,ANM,WE,Federal Contract Tower,70,16,51,0,137,0,8,157,4,169,70,24,208,4,306,154,0,154,460
06/03/2021,BZN,MT,ANM,WE,Federal Contract Tower,81,20,46,2,149,0,3,119,0,122,81,23,165,2,271,128,0,128,399
06/04/2021,BZN,MT,ANM,WE,Federal Contract Tower,81,28,23,2,134,0,6,103,1,110,81,34,126,3,244,110,0,110,354
06/05/2021,BZN,MT,ANM,WE,Federal Contract Tower,90,23,16,0,129,0,5,71,0,76,90,28,87,0,205,38,0,38,243
06/07/2021,BZN,MT,ANM,WE,Federal Contract Tower,88,17,28,1,134,0,3,119,1,123,88,20,147,2,257,110,0,110,367
06/08/2021,BZN,MT,ANM,WE,Federal Contract Tower,78,27,48,0,153,0,1,122,1,124,78,28,170,1,277,140,0,140,417
06/09/2021,BZN,MT,ANM,WE,Federal Contract Tower,83,20,57,2,162,0,9,133,0,142,83,29,190,2,304,138,2,140,444
06/10/2021,BZN,MT,ANM,WE,Federal Contract Tower,103,15,29,0,147,0,1,57,2,60,103,16,86,2,207,104,0,104,311
06/11/2021,BZN,MT,ANM,WE,Federal Contract Tower,86,27,36,0,149,0,2,146,0,148,86,29,182,0,297,120,0,120,417
06/12/2021,BZN,MT,ANM,WE,Federal Contract Tower,106,20,29,1,156,0,5,106,0,111,106,25,135,1,267,56,0,56,323
06/13/2021,BZN,MT,ANM,WE,Federal Contract Tower,102,17,27,1,147,0,0,65,0,65,102,17,92,1,212,6,0,6,218
06/14/2021,BZN,MT,ANM,WE,Federal Contract Tower,87,18,40,0,145,0,0,124,0,124,87,18,164,0,269,100,0,100,369
06/15/2021,BZN,MT,ANM,WE,Federal Contract Tower,85,20,32,0,137,0,0,64,0,64,85,20,96,0,201,70,0,70,271
06/16/2021,BZN,MT,ANM,WE,Federal Contract Tower,86,20,57,1,164,0,1,165,0,166,86,21,222,1,330,116,0,116,446
06/17/2021,BZN,MT,ANM,WE,Federal Contract Tower,96,32,29,1,158,0,1,140,1,142,96,33,169,2,300,130,0,130,430
06/19/2021,BZN,MT,ANM,WE,Federal Contract Tower,107,21,24,0,152,0,1,76,0,77,107,22,100,0,229,52,0,52,281
06/20/2021,BZN,MT,ANM,WE,Federal Contract Tower,95,23,30,0,148,0,1,18,0,19,95,24,48,0,167,12,0,12,179
06/21/2021,BZN,MT,ANM,WE,Federal Contract Tower,86,20,50,0,156,0,0,137,0,137,86,20,187,0,293,146,0,146,439
06/22/2021,BZN,MT,ANM,WE,Federal Contract Tower,85,20,42,0,147,0,2,134,0,136,85,22,176,0,283,156,0,156,439
06/23/2021,BZN,MT,ANM,WE,Federal Contract Tower,88,34,49,0,171,0,2,156,0,158,88,36,205,0,329,112,0,112,441
06/24/2021,BZN,MT,ANM,WE,Federal Contract Tower,94,47,39,0,180,0,2,94,0,96,94,49,133,0,276,60,0,60,336
06/25/2021,BZN,MT,ANM,WE,Federal Contract Tower,84,51,38,0,173,0,5,145,0,150,84,56,183,0,323,120,0,120,443
06/26/2021,BZN,MT,ANM,WE,Federal Contract Tower,104,34,22,1,161,0,4,87,2,93,104,38,109,3,254,30,0,30,284
06/27/2021,BZN,MT,ANM,WE,Federal Contract Tower,103,47,50,0,200,0,2,59,0,61,103,49,109,0,261,16,0,16,277
06/28/2021,BZN,MT,ANM,WE,Federal Contract Tower,85,36,36,0,157,0,9,93,0,102,85,45,129,0,259,110,0,110,369
06/29/2021,BZN,MT,ANM,WE,Federal Contract Tower,83,47,58,1,189,0,4,162,1,167,83,51,220,2,356,180,0,180,536
06/30/2021,BZN,MT,ANM,WE,Federal Contract Tower,86,44,55,6,191,0,0,136,0,136,86,44,191,6,327,124,0,124,451
07/01/2021,BZN,MT,ANM,WE,Federal Contract Tower,99,54,60,0,213,0,0,101,0,101,99,54,161,0,314,72,0,72,386
07/02/2021,BZN,MT,ANM,WE,Federal Contract Tower,89,37,52,2,180,0,4,87,0,91,89,41,139,2,271,66,0,66,337
07/03/2021,BZN,MT,ANM,WE,Federal Contract Tower,108,46,39,1,194,0,6,69,0,75,108,52,108,1,269,6,0,6,275
07/04/2021,BZN,MT,ANM,WE,Federal Contract Tower,97,27,19,0,143,0,5,38,0,43,97,32,57,0,186,4,0,4,190
07/05/2021,BZN,MT,ANM,WE,Federal Contract Tower,93,43,73,0,209,0,4,78,4,86,93,47,151,4,295,26,0,26,321
07/06/2021,BZN,MT,ANM,WE,Federal Contract Tower,88,52,37,0,177,0,4,135,0,139,88,56,172,0,316,90,0,90,406
07/07/2021,BZN,MT,ANM,WE,Federal Contract Tower,88,54,50,0,192,0,2,121,0,123,88,56,171,0,315,112,0,112,427
07/08/2021,BZN,MT,ANM,WE,Federal Contract Tower,105,34,52,0,191,0,1,120,0,121,105,35,172,0,312,120,0,120,432
07/09/2021,BZN,MT,ANM,WE,Federal Contract Tower,92,37,44,0,173,0,4,126,0,130,92,41,170,0,303,136,0,136,439
07/10/2021,BZN,MT,ANM,WE,Federal Contract Tower,109,47,32,0,188,0,1,66,3,70,109,48,98,3,258,36,0,36,294
07/11/2021,BZN,MT,ANM,WE,Federal Contract Tower,105,31,60,0,196,0,10,67,0,77,105,41,127,0,273,40,0,40,313
07/12/2021,BZN,MT,ANM,WE,Federal Contract Tower,91,28,44,0,163,0,5,118,0,123,91,33,162,0,286,136,0,136,422
07/13/2021,BZN,MT,ANM,WE,Federal Contract Tower,86,36,57,0,179,0,2,111,0,113,86,38,168,0,292,102,0,102,394
07/14/2021,BZN,MT,ANM,WE,Federal Contract Tower,84,42,72,0,198,0,0,142,0,142,84,42,214,0,340,120,0,120,460
07/15/2021,BZN,MT,ANM,WE,Federal Contract Tower,104,50,61,0,215,0,2,119,0,121,104,52,180,0,336,108,0,108,444
07/16/2021,BZN,MT,ANM,WE,Federal Contract Tower,91,40,53,0,184,0,2,113,0,115,91,42,166,0,299,136,0,136,435
07/17/2021,BZN,MT,ANM,WE,Federal Contract Tower,112,41,47,0,200,0,8,54,0,62,112,49,101,0,262,16,0,16,278
07/18/2021,BZN,MT,ANM,WE,Federal Contract Tower,91,75,57,0,223,0,3,52,0,55,91,78,109,0,278,30,0,30,308
07/19/2021,BZN,MT,ANM,WE,Federal Contract Tower,97,49,44,0,190,0,4,110,3,117,97,53,154,3,307,184,0,184,491
07/20/2021,BZN,MT,ANM,WE,Federal Contract Tower,92,28,44,0,164,0,4,91,4,99,92,32,135,4,263,124,0,124,387
07/21/2021,BZN,MT,ANM,WE,Federal Contract Tower,87,43,58,0,188,0,2,127,5,134,87,45,185,5,322,180,0,180,502
07/22/2021,BZN,MT,ANM,WE,Federal Contract Tower,103,37,52,0,192,0,0,95,4,99,103,37,147,4,291,156,0,156,447
07/23/2021,BZN,MT,ANM,WE,Federal Contract Tower,93,27,56,2,178,0,4,119,4,127,93,31,175,6,305,132,0,132,437
07/24/2021,BZN,MT,ANM,WE,Federal Contract Tower,114,45,45,0,204,0,9,88,3,100,114,54,133,3,304,62,0,62,366
07/25/2021,BZN,MT,ANM,WE,Federal Contract Tower,101,40,62,0,203,0,5,56,0,61,101,45,118,0,264,8,0,8,272
07/26/2021,BZN,MT,ANM,WE,Federal Contract Tower,88,35,58,2,183,0,4,84,0,88,88,39,142,2,271,158,0,158,429
07/27/2021,BZN,MT,ANM,WE,Federal Contract Tower,82,33,46,0,161,0,3,65,0,68,82,36,111,0,229,116,0,116,345
07/28/2021,BZN,MT,ANM,WE,Federal Contract Tower,89,31,54,1,175,0,4,104,1,109,89,35,158,2,284,128,0,128,412
07/29/2021,BZN,MT,ANM,WE,Federal Contract Tower,107,32,46,0,185,0,3,93,0,96,107,35,139,0,281,144,0,144,425
07/30/2021,BZN,MT,ANM,WE,Federal Contract Tower,92,43,57,0,192,0,13,101,0,114,92,56,158,0,306,104,0,104,410
07/31/2021,BZN,MT,ANM,WE,Federal Contract Tower,114,40,40,0,194,0,3,70,0,73,114,43,110,0,267,80,0,80,347
08/01/2021,BZN,MT,ANM,WE,Federal Contract Tower,99,49,59,0,207,0,3,48,0,51,99,52,107,0,258,36,0,36,294
08/02/2021,BZN,MT,ANM,WE,Federal Contract Tower,93,35,46,0,174,0,2,59,0,61,93,37,105,0,235,64,0,64,299
08/03/2021,BZN,MT,ANM,WE,Federal Contract Tower,83,36,46,1,166,0,5,98,0,103,83,41,144,1,269,130,0,130,399
08/04/2021,BZN,MT,ANM,WE,Federal Contract Tower,91,35,47,14,187,0,2,114,0,116,91,37,161,14,303,190,14,204,507
08/05/2021,BZN,MT,ANM,WE,Federal Contract Tower,102,26,55,0,183,0,2,97,0,99,102,28,152,0,282,90,0,90,372
08/06/2021,BZN,MT,ANM,WE,Federal Contract Tower,96,29,51,5,181,0,0,93,0,93,96,29,144,5,274,94,0,94,368
08/07/2021,BZN,MT,ANM,WE,Federal Contract Tower,110,34,49,0,193,0,2,160,0,162,110,36,209,0,355,28,0,28,383
08/08/2021,BZN,MT,ANM,WE,Federal Contract Tower,106,44,68,0,218,0,3,80,0,83,106,47,148,0,301,24,0,24,325
08/09/2021,BZN,MT,ANM,WE,Federal Contract Tower,94,44,56,0,194,0,0,100,0,100,94,44,156,0,294,146,0,146,440
08/10/2021,BZN,MT,ANM,WE,Federal Contract Tower,87,35,71,0,193,0,4,121,0,125,87,39,192,0,318,94,0,94,412
08/11/2021,BZN,MT,ANM,WE,Federal Contract Tower,91,44,29,0,164,0,3,117,2,122,91,47,146,2,286,156,0,156,442
08/12/2021,BZN,MT,ANM,WE,Federal Contract Tower,106,43,67,0,216,0,3,139,0,142,106,46,206,0,358,128,0,128,486
08/13/2021,BZN,MT,ANM,WE,Federal Contract Tower,91,32,48,0,171,0,2,117,0,119,91,34,165,0,290,98,0,98,388
08/14/2021,BZN,MT,ANM,WE,Federal Contract Tower,112,51,49,0,212,0,6,93,0,99,112,57,142,0,311,68,0,68,379
08/15/2021,BZN,MT,ANM,WE,Federal Contract Tower,101,45,63,0,209,0,2,44,0,46,101,47,107,0,255,34,0,34,289
08/16/2021,BZN,MT,ANM,WE,Federal Contract Tower,89,30,59,0,178,0,1,51,0,52,89,31,110,0,230,94,0,94,324
08/17/2021,BZN,MT,ANM,WE,Federal Contract Tower,85,34,49,0,168,0,5,76,0,81,85,39,125,0,249,102,0,102,351
08/18/2021,BZN,MT,ANM,WE,Federal Contract Tower,88,44,47,0,179,0,0,10,0,10,88,44,57,0,189,14,0,14,203
08/19/2021,BZN,MT,ANM,WE,Federal Contract Tower,98,51,65,8,222,0,0,20,0,20,98,51,85,8,242,56,0,56,298
08/20/2021,BZN,MT,ANM,WE,Federal Contract Tower,85,48,44,4,181,0,10,52,0,62,85,58,96,4,243,40,0,40,283
08/21/2021,BZN,MT,ANM,WE,Federal Contract Tower,109,35,33,0,177,0,1,61,0,62,109,36,94,0,239,40,0,40,279
08/22/2021,BZN,MT,ANM,WE,Federal Contract Tower,96,33,47,0,176,0,0,56,0,56,96,33,103,0,232,6,0,6,238
08/23/2021,BZN,MT,ANM,WE,Federal Contract Tower,89,29,49,0,167,0,1,73,0,74,89,30,122,0,241,94,0,94,335
08/24/2021,BZN,MT,ANM,WE,Federal Contract Tower,85,29,45,1,160,0,2,138,0,140,85,31,183,1,300,134,0,134,434
08/25/2021,BZN,MT,ANM,WE,Federal Contract Tower,85,26,54,0,165,0,2,135,0,137,85,28,189,0,302,138,0,138,440
08/26/2021,BZN,MT,ANM,WE,Federal Contract Tower,93,29,58,0,180,0,2,92,0,94,93,31,150,0,274,70,0,70,344
08/27/2021,BZN,MT,ANM,WE,Federal Contract Tower,89,43,45,0,177,0,3,117,0,120,89,46,162,0,297,72,0,72,369
08/28/2021,BZN,MT,ANM,WE,Federal Contract Tower,115,24,41,0,180,0,2,143,0,145,115,26,184,0,325,30,0,30,355
08/29/2021,BZN,MT,ANM,WE,Federal Contract Tower,96,29,57,0,182,0,5,88,0,93,96,34,145,0,275,10,0,10,285
08/30/2021,BZN,MT,ANM,WE,Federal Contract Tower,88,28,48,0,164,0,1,145,0,146,88,29,193,0,310,92,0,92,402
08/31/2021,BZN,MT,ANM,WE,Federal Contract Tower,88,27,47,0,162,0,2,119,0,121,88,29,166,0,283,158,0,158,441
09/01/2021,BZN,MT,ANM,WE,Federal Contract Tower,87,30,54,1,172,0,1,199,0,200,87,31,253,1,372,134,0,134,506
09/02/2021,BZN,MT,ANM,WE,Federal Contract Tower,98,32,50,1,181,0,2,143,0,145,98,34,193,1,326,126,0,126,452
09/03/2021,BZN,MT,ANM,WE,Federal Contract Tower,89,43,50,0,182,0,7,157,0,164,89,50,207,0,346,124,0,124,470
09/04/2021,BZN,MT,ANM,WE,Federal Contract Tower,112,24,26,0,162,0,0,90,0,90,112,24,116,0,252,118,0,118,370
09/05/2021,BZN,MT,ANM,WE,Federal Contract Tower,93,20,30,0,143,0,2,46,0,48,93,22,76,0,191,12,0,12,203
09/06/2021,BZN,MT,ANM,WE,Federal Contract Tower,92,46,43,0,181,0,2,29,0,31,92,48,72,0,212,26,0,26,238
09/07/2021,BZN,MT,ANM,WE,Federal Contract Tower,89,34,63,0,186,0,1,169,2,172,89,35,232,2,358,162,0,162,520
09/08/2021,BZN,MT,ANM,WE,Federal Contract Tower,60,33,47,3,143,0,0,166,1,167,60,33,213,4,310,178,20,198,508
09/09/2021,BZN,MT,ANM,WE,Federal Contract Tower,66,26,45,0,137,0,0,95,0,95,66,26,140,0,232,170,0,170,402
09/10/2021,BZN,MT,ANM,WE,Federal Contract Tower,72,41,44,0,157,0,0,160,0,160,72,41,204,0,317,136,0,136,453
09/11/2021,BZN,MT,ANM,WE,Federal Contract Tower,66,23,23,0,112,0,2,89,0,91,66,25,112,0,203,40,0,40,243
09/12/2021,BZN,MT,ANM,WE,Federal Contract Tower,70,23,34,0,127,0,3,70,0,73,70,26,104,0,200,12,0,12,212
09/13/2021,BZN,MT,ANM,WE,Federal Contract Tower,66,19,28,0,113,0,4,145,4,153,66,23,173,4,266,144,0,144,410
09/14/2021,BZN,MT,ANM,WE,Federal Contract Tower,56,18,43,0,117,0,1,178,0,179,56,19,221,0,296,180,0,180,476
09/15/2021,BZN,MT,ANM,WE,Federal Contract Tower,60,26,39,0,125,0,1,104,0,105,60,27,143,0,230,64,0,64,294
09/16/2021,BZN,MT,ANM,WE,Federal Contract Tower,68,38,54,0,160,0,4,124,0,128,68,42,178,0,288,116,0,116,404
09/17/2021,BZN,MT,ANM,WE,Federal Contract Tower,66,25,29,1,121,0,5,190,2,197,66,30,219,3,318,248,0,248,566
09/18/2021,BZN,MT,ANM,WE,Federal Contract Tower,68,19,24,0,111,0,2,43,1,46,68,21,67,1,157,45,0,45,202
09/19/2021,BZN,MT,ANM,WE,Federal Contract Tower,69,40,43,0,152,0,2,13,0,15,69,42,56,0,167,0,0,0,167
09/20/2021,BZN,MT,ANM,WE,Federal Contract Tower,65,34,38,0,137,0,3,99,0,102,65,37,137,0,239,108,0,108,347
09/21/2021,BZN,MT,ANM,WE,Federal Contract Tower,56,20,23,0,99,0,4,156,0,160,56,24,179,0,259,204,0,204,463
09/22/2021,BZN,MT,ANM,WE,Federal Contract Tower,56,22,35,13,126,0,5,180,0,185,56,27,215,13,311,212,0,212,523
09/23/2021,BZN,MT,ANM,WE,Federal Contract Tower,68,27,44,2,141,0,3,158,0,161,68,30,202,2,302,212,0,212,514
09/24/2021,BZN,MT,ANM,WE,Federal Contract Tower,67,25,33,0,125,0,5,180,0,185,67,30,213,0,310,198,0,198,508
09/25/2021,BZN,MT,ANM,WE,Federal Contract Tower,70,17,22,0,109,0,2,109,0,111,70,19,131,0,220,168,0,168,388
09/26/2021,BZN,MT,ANM,WE,Federal Contract Tower,66,21,33,0,120,0,4,71,0,75,66,25,104,0,195,38,0,38,233
09/27/2021,BZN,MT,ANM,WE,Federal Contract Tower,64,28,43,1,136,0,7,121,2,130,64,35,164,3,266,174,6,180,446
09/28/2021,BZN,MT,ANM,WE,Federal Contract Tower,57,23,32,1,113,0,0,102,0,102,57,23,134,1,215,224,8,232,447
09/29/2021,BZN,MT,ANM,WE,Federal Contract Tower,61,21,45,0,127,0,7,169,0,176,61,28,214,0,303,156,0,156,459
09/30/2021,BZN,MT,ANM,WE,Federal Contract Tower,70,20,45,0,135,0,4,153,0,157,70,24,198,0,292,212,0,212,504
10/01/2021,BZN,MT,ANM,WE,Federal Contract Tower,60,28,31,0,119,0,3,130,0,133,60,31,161,0,252,180,0,180,432
10/02/2021,BZN,MT,ANM,WE,Federal Contract Tower,65,20,28,0,113,0,5,103,0,108,65,25,131,0,221,98,0,98,319
10/03/2021,BZN,MT,ANM,WE,Federal Contract Tower,68,19,37,0,124,0,5,60,0,65,68,24,97,0,189,16,0,16,205
10/04/2021,BZN,MT,ANM,WE,Federal Contract Tower,63,16,36,0,115,0,0,126,0,126,63,16,162,0,241,210,0,210,451
10/05/2021,BZN,MT,ANM,WE,Federal Contract Tower,49,21,36,1,107,0,2,119,2,123,49,23,155,3,230,110,0,110,340
10/06/2021,BZN,MT,ANM,WE,Federal Contract Tower,52,19,30,5,106,0,4,117,2,123,52,23,147,7,229,110,0,110,339
10/07/2021,BZN,MT,ANM,WE,Federal Contract Tower,57,17,29,1,104,0,2,61,5,68,57,19,90,6,172,80,0,80,252
10/08/2021,BZN,MT,ANM,WE,Federal Contract Tower,48,10,37,0,95,0,3,60,0,63,48,13,97,0,158,100,0,100,258
10/09/2021,BZN,MT,ANM,WE,Federal Contract Tower,50,22,17,0,89,0,1,51,0,52,50,23,68,0,141,46,0,46,187
10/10/2021,BZN,MT,ANM,WE,Federal Contract Tower,53,23,37,4,117,0,1,52,0,53,53,24,89,4,170,54,0,54,224
10/11/2021,BZN,MT,ANM,WE,Federal Contract Tower,48,23,24,0,95,0,0,0,0,0,48,23,24,0,95,0,0,0,95
10/12/2021,BZN,MT,ANM,WE,Federal Contract Tower,45,21,24,0,90,0,0,4,0,4,45,21,28,0,94,0,0,0,94
10/13/2021,BZN,MT,ANM,WE,Federal Contract Tower,46,27,58,0,131,0,1,123,0,124,46,28,181,0,255,178,0,178,433
10/14/2021,BZN,MT,ANM,WE,Federal Contract Tower,58,16,25,1,100,0,0,87,0,87,58,16,112,1,187,160,12,172,359
10/15/2021,BZN,MT,ANM,WE,Federal Contract Tower,48,16,22,0,86,0,2,108,1,111,48,18,130,1,197,154,0,154,351
10/16/2021,BZN,MT,ANM,WE,Federal Contract Tower,53,20,16,1,90,0,2,87,0,89,53,22,103,1,179,124,0,124,303
10/17/2021,BZN,MT,ANM,WE,Federal Contract Tower,57,15,27,6,105,0,8,75,2,85,57,23,102,8,190,44,4,48,238
10/18/2021,BZN,MT,ANM,WE,Federal Contract Tower,52,10,40,0,102,0,3,137,0,140,52,13,177,0,242,226,0,226,468
10/19/2021,BZN,MT,ANM,WE,Federal Contract Tower,45,25,36,2,108,0,5,144,2,151,45,30,180,4,259,208,0,208,467
10/20/2021,BZN,MT,ANM,WE,Federal Contract Tower,46,25,40,1,112,0,3,149,0,152,46,28,189,1,264,210,0,210,474
10/21/2021,BZN,MT,ANM,WE,Federal Contract Tower,49,21,47,1,118,0,5,131,0,136,49,26,178,1,254,166,0,166,420
10/22/2021,BZN,MT,ANM,WE,Federal Contract Tower,46,29,38,0,113,0,2,156,0,158,46,31,194,0,271,152,0,152,423
10/24/2021,BZN,MT,ANM,WE,Federal Contract Tower,54,19,21,0,94,0,6,37,0,43,54,25,58,0,137,10,0,10,147
10/25/2021,BZN,MT,ANM,WE,Federal Contract Tower,51,22,29,0,102,0,0,20,0,20,51,22,49,0,122,78,0,78,200
10/26/2021,BZN,MT,ANM,WE,Federal Contract Tower,43,18,30,0,91,0,0,75,0,75,43,18,105,0,166,104,0,104,270
10/27/2021,BZN,MT,ANM,WE,Federal Contract Tower,47,23,30,0,100,0,3,26,0,29,47,26,56,0,129,30,0,30,159
10/28/2021,BZN,MT,ANM,WE,Federal Contract Tower,56,16,30,0,102,0,4,112,1,117,56,20,142,1,219,142,0,142,361
10/29/2021,BZN,MT,ANM,WE,Federal Contract Tower,50,21,31,0,102,0,2,81,0,83,50,23,112,0,185,104,0,104,289
10/31/2021,BZN,MT,ANM,WE,Federal Contract Tower,47,10,15,0,72,0,0,32,0,32,47,10,47,0,104,28,0,28,132
11/01/2021,BZN,MT,ANM,WE,Federal Contract Tower,46,8,29,0,83,0,4,99,0,103,46,12,128,0,186,146,0,146,332
11/02/2021,BZN,MT,ANM,WE,Federal Contract Tower,44,14,32,4,94,0,11,125,4,140,44,25,157,8,234,168,0,168,402
11/03/2021,BZN,MT,ANM,WE,Federal Contract Tower,43,16,39,0,98,0,0,159,4,163,43,16,198,4,261,212,2,214,475
11/04/2021,BZN,MT,ANM,WE,Federal Contract Tower,47,21,39,0,107,0,1,140,8,149,47,22,179,8,256,178,0,178,434
11/05/2021,BZN,MT,ANM,WE,Federal Contract Tower,47,14,34,0,95,0,2,148,0,150,47,16,182,0,245,126,16,142,387
11/07/2021,BZN,MT,ANM,WE,Federal Contract Tower,45,5,27,10,87,0,5,41,0,46,45,10,68,10,133,0,0,0,133
11/08/2021,BZN,MT,ANM,WE,Federal Contract Tower,42,15,31,0,88,0,4,143,0,147,42,19,174,0,235,162,0,162,397
11/09/2021,BZN,MT,ANM,WE,Federal Contract Tower,38,22,31,0,91,0,4,57,0,61,38,26,88,0,152,156,0,156,308
11/10/2021,BZN,MT,ANM,WE,Federal Contract Tower,42,22,35,0,99,0,3,44,0,47,42,25,79,0,146,52,0,52,198
11/11/2021,BZN,MT,ANM,WE,Federal Contract Tower,44,21,27,0,92,0,0,29,0,29,44,21,56,0,121,66,0,66,187
11/12/2021,BZN,MT,ANM,WE,Federal Contract Tower,43,13,36,0,92,0,5,80,0,85,43,18,116,0,177,118,0,118,295
11/13/2021,BZN,MT,ANM,WE,Federal Contract Tower,41,15,37,0,93,0,2,29,0,31,41,17,66,0,124,10,0,10,134
11/14/2021,BZN,MT,ANM,WE,Federal Contract Tower,44,14,19,0,77,0,4,8,0,12,44,18,27,0,89,0,0,0,89
11/15/2021,BZN,MT,ANM,WE,Federal Contract Tower,41,19,22,0,82,0,3,29,0,32,41,22,51,0,114,30,0,30,144
11/16/2021,BZN,MT,ANM,WE,Federal Contract Tower,46,20,28,0,94,0,0,6,0,6,46,20,34,0,100,0,0,0,100
11/17/2021,BZN,MT,ANM,WE,Federal Contract Tower,42,17,51,0,110,0,0,162,0,162,42,17,213,0,272,188,0,188,460
11/18/2021,BZN,MT,ANM,WE,Federal Contract Tower,43,19,67,0,129,0,5,117,0,122,43,24,184,0,251,168,0,168,419
11/19/2021,BZN,MT,ANM,WE,Federal Contract Tower,41,24,46,0,111,0,2,55,0,57,41,26,101,0,168,126,0,126,294
11/20/2021,BZN,MT,ANM,WE,Federal Contract Tower,45,20,22,2,89,0,0,58,0,58,45,20,80,2,147,62,0,62,209
11/21/2021,BZN,MT,ANM,WE,Federal Contract Tower,46,13,23,0,82,0,2,38,0,40,46,15,61,0,122,42,0,42,164
11/22/2021,BZN,MT,ANM,WE,Federal Contract Tower,42,16,32,0,90,0,3,83,0,86,42,19,115,0,176,108,8,116,292
11/23/2021,BZN,MT,ANM,WE,Federal Contract Tower,49,27,27,0,103,0,4,85,0,89,49,31,112,0,192,184,0,184,376
11/24/2021,BZN,MT,ANM,WE,Federal Contract Tower,50,21,38,0,109,0,2,73,1,76,50,23,111,1,185,92,0,92,277
11/25/2021,BZN,MT,ANM,WE,Federal Contract Tower,30,5,5,0,40,0,2,11,0,13,30,7,16,0,53,16,0,16,69
11/26/2021,BZN,MT,ANM,WE,Federal Contract Tower,36,8,13,0,57,0,4,15,0,19,36,12,28,0,76,10,0,10,86
11/27/2021,BZN,MT,ANM,WE,Federal Contract Tower,49,22,32,0,103,0,2,46,0,48,49,24,78,0,151,48,0,48,199
11/29/2021,BZN,MT,ANM,WE,Federal Contract Tower,48,19,42,0,109,0,0,86,0,86,48,19,128,0,195,168,0,168,363
11/30/2021,BZN,MT,ANM,WE,Federal Contract Tower,42,24,31,0,97,0,7,92,0,99,42,31,123,0,196,174,0,174,370
12/01/2021,BZN,MT,ANM,WE,Federal Contract Tower,40,18,26,0,84,0,0,47,0,47,40,18,73,0,131,126,0,126,257
12/02/2021,BZN,MT,ANM,WE,Federal Contract Tower,43,12,33,0,88,0,3,59,0,62,43,15,92,0,150,110,0,110,260
12/03/2021,BZN,MT,ANM,WE,Federal Contract Tower,43,18,46,0,107,0,0,154,8,162,43,18,200,8,269,226,0,226,495
12/04/2021,BZN,MT,ANM,WE,Federal Contract Tower,36,11,20,0,67,0,0,26,0,26,36,11,46,0,93,54,0,54,147
12/05/2021,BZN,MT,ANM,WE,Federal Contract Tower,42,16,18,0,76,0,1,4,0,5,42,17,22,0,81,0,0,0,81
12/06/2021,BZN,MT,ANM,WE,Federal Contract Tower,43,11,31,1,86,0,0,81,0,81,43,11,112,1,167,124,8,132,299
12/07/2021,BZN,MT,ANM,WE,Federal Contract Tower,37,23,27,0,87,0,5,108,0,113,37,28,135,0,200,130,0,130,330
12/08/2021,BZN,MT,ANM,WE,Federal Contract Tower,38,19,24,0,81,0,2,49,0,51,38,21,73,0,132,68,0,68,200
12/09/2021,BZN,MT,ANM,WE,Federal Contract Tower,41,21,35,0,97,0,1,122,0,123,41,22,157,0,220,144,0,144,364
12/10/2021,BZN,MT,ANM,WE,Federal Contract Tower,45,14,25,0,84,0,2,78,0,80,45,16,103,0,164,100,0,100,264
12/11/2021,BZN,MT,ANM,WE,Federal Contract Tower,35,13,10,0,58,0,0,14,0,14,35,13,24,0,72,12,0,12,84
12/12/2021,BZN,MT,ANM,WE,Federal Contract Tower,44,15,20,0,79,0,3,9,0,12,44,18,29,0,91,14,0,14,105
12/13/2021,BZN,MT,ANM,WE,Federal Contract Tower,44,11,48,2,105,0,2,94,0,96,44,13,142,2,201,186,0,186,387
12/14/2021,BZN,MT,ANM,WE,Federal Contract Tower,38,18,23,0,79,0,1,11,0,12,38,19,34,0,91,22,0,22,113
12/15/2021,BZN,MT,ANM,WE,Federal Contract Tower,36,40,35,0,111,0,3,33,0,36,36,43,68,0,147,42,0,42,189
12/16/2021,BZN,MT,ANM,WE,Federal Contract Tower,57,32,52,0,141,0,1,98,0,99,57,33,150,0,240,146,0,146,386
12/17/2021,BZN,MT,ANM,WE,Federal Contract Tower,61,64,77,2,204,0,2,80,0,82,61,66,157,2,286,122,0,122,408
12/18/2021,BZN,MT,ANM,WE,Federal Contract Tower,73,69,87,0,229,0,3,53,0,56,73,72,140,0,285,54,0,54,339
12/19/2021,BZN,MT,ANM,WE,Federal Contract Tower,64,51,57,0,172,0,0,21,0,21,64,51,78,0,193,10,0,10,203
12/20/2021,BZN,MT,ANM,WE,Federal Contract Tower,68,56,53,0,177,0,4,79,0,83,68,60,132,0,260,40,0,40,300
12/21/2021,BZN,MT,ANM,WE,Federal Contract Tower,65,48,54,0,167,0,5,73,0,78,65,53,127,0,245,108,0,108,353
12/22/2021,BZN,MT,ANM,WE,Federal Contract Tower,75,72,52,0,199,0,6,38,0,44,75,78,90,0,243,60,0,60,303
12/23/2021,BZN,MT,ANM,WE,Federal Contract Tower,77,68,53,0,198,0,2,14,0,16,77,70,67,0,214,4,0,4,218
12/24/2021,BZN,MT,ANM,WE,Federal Contract Tower,68,42,23,0,133,0,2,21,0,23,68,44,44,0,156,12,0,12,168
12/25/2021,BZN,MT,ANM,WE,Federal Contract Tower,68,33,22,0,123,0,0,13,0,13,68,33,35,0,136,0,0,0,136
12/26/2021,BZN,MT,ANM,WE,Federal Contract Tower,72,60,71,0,203,0,0,0,0,0,72,60,71,0,203,0,0,0,203
12/27/2021,BZN,MT,ANM,WE,Federal Contract Tower,64,76,81,0,221,0,0,17,0,17,64,76,98,0,238,0,0,0,238
12/28/2021,BZN,MT,ANM,WE,Federal Contract Tower,65,57,49,0,171,0,4,31,0,35,65,61,80,0,206,28,0,28,234
12/29/2021,BZN,MT,ANM,WE,Federal Contract Tower,64,49,43,0,156,0,1,17,0,18,64,50,60,0,174,10,0,10,184
12/30/2021,BZN,MT,ANM,WE,Federal Contract Tower,75,58,45,0,178,0,0,10,0,10,75,58,55,0,188,8,0,8,196
12/31/2021,BZN,MT,ANM,WE,Federal Contract Tower,62,47,20,0,129,0,0,3,0,3,62,47,23,0,132,0,0,0,132
01/01/2022,BZN,MT,ANM,WE,Federal Contract Tower,69,73,42,0,184,0,2,21,0,23,69,75,63,0,207,30,0,30,237
01/02/2022,BZN,MT,ANM,WE,Federal Contract Tower,74,56,117,0,247,0,2,25,0,27,74,58,142,0,274,24,0,24,298
01/03/2022,BZN,MT,ANM,WE,Federal Contract Tower,63,67,72,0,202,0,2,55,0,57,63,69,127,0,259,110,0,110,369
01/04/2022,BZN,MT,ANM,WE,Federal Contract Tower,51,58,52,0,161,0,0,24,0,24,51,58,76,0,185,0,58,58,243
01/05/2022,BZN,MT,ANM,WE,Federal Contract Tower,50,50,38,0,138,0,0,0,0,0,50,50,38,0,138,0,0,0,138
01/06/2022,BZN,MT,ANM,WE,Federal Contract Tower,56,43,40,0,139,0,4,5,0,9,56,47,45,0,148,0,0,0,148
01/07/2022,BZN,MT,ANM,WE,Federal Contract Tower,56,48,46,0,150,0,7,19,0,26,56,55,65,0,176,40,0,40,216
01/08/2022,BZN,MT,ANM,WE,Federal Contract Tower,64,45,36,0,145,0,4,45,0,49,64,49,81,0,194,50,0,50,244
01/09/2022,BZN,MT,ANM,WE,Federal Contract Tower,56,29,57,0,142,0,2,35,0,37,56,31,92,0,179,34,0,34,213
01/10/2022,BZN,MT,ANM,WE,Federal Contract Tower,53,22,42,1,118,0,1,108,1,110,53,23,150,2,228,118,0,118,346
01/11/2022,BZN,MT,ANM,WE,Federal Contract Tower,47,29,36,0,112,0,5,109,0,114,47,34,145,0,226,138,0,138,364
01/12/2022,BZN,MT,ANM,WE,Federal Contract Tower,51,30,29,0,110,0,0,69,1,70,51,30,98,1,180,142,0,142,322
01/13/2022,BZN,MT,ANM,WE,Federal Contract Tower,65,53,58,0,176,0,2,73,1,76,65,55,131,1,252,76,0,76,328
01/14/2022,BZN,MT,ANM,WE,Federal Contract Tower,57,73,75,0,205,0,0,85,1,86,57,73,160,1,291,112,0,112,403
01/15/2022,BZN,MT,ANM,WE,Federal Contract Tower,60,30,17,4,111,0,3,50,1,54,60,33,67,5,165,16,0,16,181
01/16/2022,BZN,MT,ANM,WE,Federal Contract Tower,55,35,35,0,125,0,1,74,0,75,55,36,109,0,200,36,0,36,236
01/17/2022,BZN,MT,ANM,WE,Federal Contract Tower,62,100,80,0,242,0,6,70,0,76,62,106,150,0,318,46,0,46,364
01/18/2022,BZN,MT,ANM,WE,Federal Contract Tower,54,35,35,0,124,0,0,43,0,43,54,35,78,0,167,76,0,76,243
01/19/2022,BZN,MT,ANM,WE,Federal Contract Tower,50,19,48,2,119,0,2,59,0,61,50,21,107,2,180,64,0,64,244
01/20/2022,BZN,MT,ANM,WE,Federal Contract Tower,56,42,34,1,133,0,0,47,0,47,56,42,81,1,180,124,0,124,304
01/21/2022,BZN,MT,ANM,WE,Federal Contract Tower,56,28,46,1,131,0,6,103,0,109,56,34,149,1,240,164,0,164,404
01/22/2022,BZN,MT,ANM,WE,Federal Contract Tower,59,34,32,0,125,0,5,85,0,90,59,39,117,0,215,106,0,106,321
01/23/2022,BZN,MT,ANM,WE,Federal Contract Tower,62,33,45,0,140,0,4,63,0,67,62,37,108,0,207,44,0,44,251
01/24/2022,BZN,MT,ANM,WE,Federal Contract Tower,52,8,49,0,109,0,0,54,0,54,52,8,103,0,163,88,0,88,251
01/25/2022,BZN,MT,ANM,WE,Federal Contract Tower,50,19,40,0,109,0,2,88,0,90,50,21,128,0,199,104,0,104,303
01/26/2022,BZN,MT,ANM,WE,Federal Contract Tower,54,32,58,0,144,0,2,143,0,145,54,34,201,0,289,170,0,170,459
01/27/2022,BZN,MT,ANM,WE,Federal Contract Tower,58,32,38,0,128,0,2,123,0,125,58,34,161,0,253,296,0,296,549
01/28/2022,BZN,MT,ANM,WE,Federal Contract Tower,57,36,46,0,139,0,2,124,1,127,57,38,170,1,266,164,0,164,430
01/29/2022,BZN,MT,ANM,WE,Federal Contract Tower,58,32,47,0,137,0,2,95,0,97,58,34,142,0,234,100,0,100,334
01/30/2022,BZN,MT,ANM,WE,Federal Contract Tower,60,36,60,0,156,0,4,26,0,30,60,40,86,0,186,8,0,8,194
01/31/2022,BZN,MT,ANM,WE,Federal Contract Tower,55,31,43,0,129,0,1,3,0,4,55,32,46,0,133,0,0,0,133
02/01/2022,BZN,MT,ANM,WE,Federal Contract Tower,53,33,44,0,130,0,4,67,0,71,53,37,111,0,201,90,0,90,291
02/02/2022,BZN,MT,ANM,WE,Federal Contract Tower,53,32,47,0,132,0,1,100,0,101,53,33,147,0,233,164,0,164,397
02/03/2022,BZN,MT,ANM,WE,Federal Contract Tower,55,46,61,0,162,0,1,92,0,93,55,47,153,0,255,190,0,190,445
02/04/2022,BZN,MT,ANM,WE,Federal Contract Tower,53,37,71,0,161,0,3,115,0,118,53,40,186,0,279,166,0,166,445
02/05/2022,BZN,MT,ANM,WE,Federal Contract Tower,61,32,32,0,125,0,3,29,0,32,61,35,61,0,157,56,0,56,213
02/06/2022,BZN,MT,ANM,WE,Federal Contract Tower,62,36,46,0,144,0,8,53,0,61,62,44,99,0,205,22,0,22,227
02/07/2022,BZN,MT,ANM,WE,Federal Contract Tower,65,41,52,0,158,0,6,106,0,112,65,47,158,0,270,192,0,192,462
02/08/2022,BZN,MT,ANM,WE,Federal Contract Tower,53,32,61,0,146,0,6,131,0,137,53,38,192,0,283,136,0,136,419
02/09/2022,BZN,MT,ANM,WE,Federal Contract Tower,52,42,52,1,147,0,3,120,1,124,52,45,172,2,271,198,0,198,469
02/10/2022,BZN,MT,ANM,WE,Federal Contract Tower,60,48,60,0,168,0,2,75,0,77,60,50,135,0,245,92,0,92,337
02/11/2022,BZN,MT,ANM,WE,Federal Contract Tower,60,39,36,2,137,0,5,70,0,75,60,44,106,2,212,152,0,152,364
02/12/2022,BZN,MT,ANM,WE,Federal Contract Tower,62,39,37,0,138,0,0,135,0,135,62,39,172,0,273,138,0,138,411
02/13/2022,BZN,MT,ANM,WE,Federal Contract Tower,59,49,38,0,146,0,2,60,0,62,59,51,98,0,208,40,0,40,248
02/14/2022,BZN,MT,ANM,WE,Federal Contract Tower,60,43,29,7,139,0,5,108,0,113,60,48,137,7,252,154,14,168,420
02/15/2022,BZN,MT,ANM,WE,Federal Contract Tower,53,31,20,0,104,0,0,0,0,0,53,31,20,0,104,0,0,0,104
02/16/2022,BZN,MT,ANM,WE,Federal Contract Tower,50,68,50,0,168,0,0,7,2,9,50,68,57,2,177,4,0,4,181
02/17/2022,BZN,MT,ANM,WE,Federal Contract Tower,61,66,124,0,251,0,2,98,0,100,61,68,222,0,351,162,0,162,513
02/18/2022,BZN,MT,ANM,WE,Federal Contract Tower,60,104,91,0,255,0,4,51,0,55,60,108,142,0,310,48,0,48,358
02/19/2022,BZN,MT,ANM,WE,Federal Contract Tower,68,87,51,0,206,0,5,19,0,24,68,92,70,0,230,6,0,6,236
02/20/2022,BZN,MT,ANM,WE,Federal Contract Tower,50,43,27,0,120,0,0,2,0,2,50,43,29,0,122,0,0,0,122
02/21/2022,BZN,MT,ANM,WE,Federal Contract Tower,72,81,113,0,266,0,0,6,0,6,72,81,119,0,272,0,0,0,272
02/22/2022,BZN,MT,ANM,WE,Federal Contract Tower,60,59,56,0,175,0,0,26,0,26,60,59,82,0,201,24,0,24,225
02/23/2022,BZN,MT,ANM,WE,Federal Contract Tower,53,55,70,0,178,0,3,49,0,52,53,58,119,0,230,92,0,92,322
02/24/2022,BZN,MT,ANM,WE,Federal Contract Tower,59,45,59,0,163,0,1,46,0,47,59,46,105,0,210,98,0,98,308
02/25/2022,BZN,MT,ANM,WE,Federal Contract Tower,61,45,64,1,171,0,0,117,1,118,61,45,181,2,289,180,0,180,469
02/26/2022,BZN,MT,ANM,WE,Federal Contract Tower,63,56,57,2,178,0,5,113,0,118,63,61,170,2,296,132,0,132,428
02/27/2022,BZN,MT,ANM,WE,Federal Contract Tower,65,80,85,0,230,0,3,39,0,42,65,83,124,0,272,0,0,0,272
02/28/2022,BZN,MT,ANM,WE,Federal Contract Tower,59,34,42,0,135,0,2,60,0,62,59,36,102,0,197,90,0,90,287
03/01/2022,BZN,MT,ANM,WE,Federal Contract Tower,53,35,41,0,129,0,3,69,0,72,53,38,110,0,201,158,0,158,359
03/02/2022,BZN,MT,ANM,WE,Federal Contract Tower,58,34,58,2,152,0,0,141,0,141,58,34,199,2,293,156,8,164,457
03/03/2022,BZN,MT,ANM,WE,Federal Contract Tower,63,55,61,0,179,0,0,131,0,131,63,55,192,0,310,176,0,176,486
03/04/2022,BZN,MT,ANM,WE,Federal Contract Tower,61,65,45,0,171,0,0,25,0,25,61,65,70,0,196,84,0,84,280
03/05/2022,BZN,MT,ANM,WE,Federal Contract Tower,66,29,38,0,133,0,2,18,0,20,66,31,56,0,153,4,0,4,157
03/06/2022,BZN,MT,ANM,WE,Federal Contract Tower,66,53,47,4,170,0,1,39,2,42,66,54,86,6,212,52,0,52,264
03/07/2022,BZN,MT,ANM,WE,Federal Contract Tower,61,27,49,2,139,0,2,100,0,102,61,29,149,2,241,158,0,158,399
03/08/2022,BZN,MT,ANM,WE,Federal Contract Tower,57,40,25,0,122,0,0,0,0,0,57,40,25,0,122,0,0,0,122
03/09/2022,BZN,MT,ANM,WE,Federal Contract Tower,62,43,74,4,183,0,0,111,0,111,62,43,185,4,294,152,0,152,446
03/10/2022,BZN,MT,ANM,WE,Federal Contract Tower,62,47,82,2,193,0,0,157,0,157,62,47,239,2,350,198,0,198,548
03/11/2022,BZN,MT,ANM,WE,Federal Contract Tower,62,58,84,0,204,0,1,89,0,90,62,59,173,0,294,200,0,200,494
03/12/2022,BZN,MT,ANM,WE,Federal Contract Tower,67,56,47,0,170,0,2,21,0,23,67,58,68,0,193,42,0,42,235
03/13/2022,BZN,MT,ANM,WE,Federal Contract Tower,62,49,62,0,173,0,1,5,0,6,62,50,67,0,179,2,0,2,181
03/14/2022,BZN,MT,ANM,WE,Federal Contract Tower,64,42,59,0,165,0,0,99,0,99,64,42,158,0,264,174,0,174,438
03/15/2022,BZN,MT,ANM,WE,Federal Contract Tower,59,51,42,0,152,0,1,39,0,40,59,52,81,0,192,116,0,116,308
03/16/2022,BZN,MT,ANM,WE,Federal Contract Tower,66,35,63,4,168,0,3,70,0,73,66,38,133,4,241,64,0,64,305
03/17/2022,BZN,MT,ANM,WE,Federal Contract Tower,55,39,70,10,174,0,3,112,0,115,55,42,182,10,289,114,0,114,403
03/18/2022,BZN,MT,ANM,WE,Federal Contract Tower,57,55,58,3,173,0,2,65,0,67,57,57,123,3,240,48,2,50,290
03/19/2022,BZN,MT,ANM,WE,Federal Contract Tower,75,51,67,3,196,0,4,76,2,82,75,55,143,5,278,78,2,80,358
03/20/2022,BZN,MT,ANM,WE,Federal Contract Tower,62,64,66,0,192,0,2,5,0,7,62,66,71,0,199,0,0,0,199
03/21/2022,BZN,MT,ANM,WE,Federal Contract Tower,60,39,75,0,174,0,4,105,0,109,60,43,180,0,283,152,0,152,435
03/22/2022,BZN,MT,ANM,WE,Federal Contract Tower,59,23,41,0,123,0,3,121,0,124,59,26,162,0,247,166,0,166,413
03/23/2022,BZN,MT,ANM,WE,Federal Contract Tower,69,37,68,0,174,0,4,163,0,167,69,41,231,0,341,122,0,122,463
03/24/2022,BZN,MT,ANM,WE,Federal Contract Tower,60,42,59,0,161,0,8,76,0,84,60,50,135,0,245,128,0,128,373
03/25/2022,BZN,MT,ANM,WE,Federal Contract Tower,60,58,46,0,164,0,3,130,0,133,60,61,176,0,297,186,0,186,483
03/26/2022,BZN,MT,ANM,WE,Federal Contract Tower,67,50,57,0,174,0,1,106,0,107,67,51,163,0,281,104,0,104,385
03/27/2022,BZN,MT,ANM,WE,Federal Contract Tower,51,76,73,0,200,0,5,79,0,84,51,81,152,0,284,62,0,62,346
03/28/2022,BZN,MT,ANM,WE,Federal Contract Tower,51,36,46,0,133,0,2,89,0,91,51,38,135,0,224,120,0,120,344
03/29/2022,BZN,MT,ANM,WE,Federal Contract Tower,43,24,28,0,95,0,3,15,0,18,43,27,43,0,113,14,0,14,127
03/30/2022,BZN,MT,ANM,WE,Federal Contract Tower,49,36,46,0,131,0,4,170,0,174,49,40,216,0,305,134,0,134,439
03/31/2022,BZN,MT,ANM,WE,Federal Contract Tower,49,34,30,10,123,0,2,68,0,70,49,36,98,10,193,108,0,108,301
04/01/2022,BZN,MT,ANM,WE,Federal Contract Tower,51,53,37,0,141,0,1,91,0,92,51,54,128,0,233,142,0,142,375
04/02/2022,BZN,MT,ANM,WE,Federal Contract Tower,50,50,32,0,132,0,0,41,0,41,50,50,73,0,173,12,0,12,185
04/03/2022,BZN,MT,ANM,WE,Federal Contract Tower,50,32,45,2,129,0,2,52,0,54,50,34,97,2,183,22,0,22,205
04/04/2022,BZN,MT,ANM,WE,Federal Contract Tower,48,17,36,0,101,0,1,37,0,38,48,18,73,0,139,28,0,28,167
04/05/2022,BZN,MT,ANM,WE,Federal Contract Tower,41,20,21,0,82,0,0,2,0,2,41,20,23,0,84,0,0,0,84
04/06/2022,BZN,MT,ANM,WE,Federal Contract Tower,48,28,35,0,111,0,2,89,0,91,48,30,124,0,202,126,0,126,328
04/07/2022,BZN,MT,ANM,WE,Federal Contract Tower,44,24,66,2,136,0,0,192,0,192,44,24,258,2,328,198,0,198,526
04/08/2022,BZN,MT,ANM,WE,Federal Contract Tower,46,14,54,1,115,0,3,126,0,129,46,17,180,1,244,114,0,114,358
04/09/2022,BZN,MT,ANM,WE,Federal Contract Tower,42,26,19,0,87,0,0,29,1,30,42,26,48,1,117,34,0,34,151
04/10/2022,BZN,MT,ANM,WE,Federal Contract Tower,44,31,39,1,115,0,0,7,0,7,44,31,46,1,122,0,0,0,122
04/11/2022,BZN,MT,ANM,WE,Federal Contract Tower,41,30,33,0,104,0,0,53,0,53,41,30,86,0,157,80,0,80,237
04/12/2022,BZN,MT,ANM,WE,Federal Contract Tower,39,14,17,0,70,0,0,0,0,0,39,14,17,0,70,0,0,0,70
04/13/2022,BZN,MT,ANM,WE,Federal Contract Tower,43,29,53,2,127,0,0,96,0,96,43,29,149,2,223,0,160,160,383
04/14/2022,BZN,MT,ANM,WE,Federal Contract Tower,41,27,51,0,119,0,2,130,0,132,41,29,181,0,251,226,0,226,477
04/15/2022,BZN,MT,ANM,WE,Federal Contract Tower,45,25,55,0,125,0,1,64,0,65,45,26,119,0,190,92,0,92,282
04/16/2022,BZN,MT,ANM,WE,Federal Contract Tower,45,18,27,0,90,0,2,38,0,40,45,20,65,0,130,52,0,52,182
04/17/2022,BZN,MT,ANM,WE,Federal Contract Tower,39,17,18,0,74,0,0,6,0,6,39,17,24,0,80,0,0,0,80
04/18/2022,BZN,MT,ANM,WE,Federal Contract Tower,44,18,45,6,113,0,3,115,0,118,44,21,160,6,231,222,6,228,459
04/19/2022,BZN,MT,ANM,WE,Federal Contract Tower,42,14,22,2,80,0,3,62,1,66,42,17,84,3,146,144,8,152,298
04/20/2022,BZN,MT,ANM,WE,Federal Contract Tower,40,16,42,0,98,0,9,133,0,142,40,25,175,0,240,232,0,232,472
04/21/2022,BZN,MT,ANM,WE,Federal Contract Tower,47,15,35,0,97,0,0,127,0,127,47,15,162,0,224,204,0,204,428
04/22/2022,BZN,MT,ANM,WE,Federal Contract Tower,44,17,18,0,79,0,0,4,0,4,44,17,22,0,83,0,0,0,83
04/23/2022,BZN,MT,ANM,WE,Federal Contract Tower,37,20,9,0,66,0,0,1,0,1,37,20,10,0,67,8,0,8,75
04/24/2022,BZN,MT,ANM,WE,Federal Contract Tower,40,14,24,0,78,0,2,42,0,44,40,16,66,0,122,12,0,12,134
04/25/2022,BZN,MT,ANM,WE,Federal Contract Tower,49,18,43,0,110,0,2,144,0,146,49,20,187,0,256,120,0,120,376
04/26/2022,BZN,MT,ANM,WE,Federal Contract Tower,40,21,34,0,95,0,0,83,0,83,40,21,117,0,178,130,0,130,308
04/27/2022,BZN,MT,ANM,WE,Federal Contract Tower,41,15,45,0,101,0,1,110,0,111,41,16,155,0,212,170,0,170,382
04/28/2022,BZN,MT,ANM,WE,Federal Contract Tower,41,13,37,0,91,0,2,69,0,71,41,15,106,0,162,160,0,160,322
04/29/2022,BZN,MT,ANM,WE,Federal Contract Tower,44,23,15,0,82,0,0,13,0,13,44,23,28,0,95,56,0,56,151
04/30/2022,BZN,MT,ANM,WE,Federal Contract Tower,37,16,30,0,83,0,4,101,0,105,37,20,131,0,188,98,0,98,286
05/01/2022,BZN,MT,ANM,WE,Federal Contract Tower,42,7,12,0,61,0,0,13,4,17,42,7,25,4,78,0,0,0,78
05/02/2022,BZN,MT,ANM,WE,Federal Contract Tower,46,21,47,0,114,0,2,114,0,116,46,23,161,0,230,144,0,144,374
05/03/2022,BZN,MT,ANM,WE,Federal Contract Tower,38,15,18,0,71,0,2,8,0,10,38,17,26,0,81,6,0,6,87
05/04/2022,BZN,MT,ANM,WE,Federal Contract Tower,43,14,39,0,96,0,3,137,0,140,43,17,176,0,236,222,0,222,458
05/05/2022,BZN,MT,ANM,WE,Federal Contract Tower,43,20,43,0,106,0,1,138,6,145,43,21,181,6,251,174,0,174,425
05/06/2022,BZN,MT,ANM,WE,Federal Contract Tower,47,18,25,0,90,0,5,31,0,36,47,23,56,0,126,20,0,20,146
05/07/2022,BZN,MT,ANM,WE,Federal Contract Tower,37,10,3,0,50,0,3,12,0,15,37,13,15,0,65,0,0,0,65
05/08/2022,BZN,MT,ANM,WE,Federal Contract Tower,43,11,11,0,65,0,0,5,0,5,43,11,16,0,70,8,0,8,78
05/09/2022,BZN,MT,ANM,WE,Federal Contract Tower,48,19,37,0,104,0,0,80,0,80,48,19,117,0,184,160,0,160,344
05/10/2022,BZN,MT,ANM,WE,Federal Contract Tower,43,13,47,0,103,0,2,128,0,130,43,15,175,0,233,140,0,140,373
05/11/2022,BZN,MT,ANM,WE,Federal Contract Tower,43,31,49,0,123,0,2,136,0,138,43,33,185,0,261,154,0,154,415
05/12/2022,BZN,MT,ANM,WE,Federal Contract Tower,44,21,32,2,99,0,3,27,0,30,44,24,59,2,129,42,0,42,171
05/13/2022,BZN,MT,ANM,WE,Federal Contract Tower,46,18,19,1,84,0,0,47,0,47,46,18,66,1,131,44,0,44,175
05/14/2022,BZN,MT,ANM,WE,Federal Contract Tower,36,17,13,2,68,0,0,36,0,36,36,17,49,2,104,46,0,46,150
05/15/2022,BZN,MT,ANM,WE,Federal Contract Tower,43,11,33,0,87,0,0,64,0,64,43,11,97,0,151,46,0,46,197
05/16/2022,BZN,MT,ANM,WE,Federal Contract Tower,48,16,33,0,97,0,0,73,0,73,48,16,106,0,170,144,0,144,314
05/17/2022,BZN,MT,ANM,WE,Federal Contract Tower,44,15,38,0,97,0,0,139,0,139,44,15,177,0,236,244,0,244,480
05/18/2022,BZN,MT,ANM,WE,Federal Contract Tower,44,15,30,0,89,0,3,99,0,102,44,18,129,0,191,180,0,180,371
05/19/2022,BZN,MT,ANM,WE,Federal Contract Tower,46,12,29,1,88,0,0,16,1,17,46,12,45,2,105,32,0,32,137
05/20/2022,BZN,MT,ANM,WE,Federal Contract Tower,46,24,27,1,98,0,2,17,0,19,46,26,44,1,117,4,0,4,121
05/21/2022,BZN,MT,ANM,WE,Federal Contract Tower,40,18,41,1,100,0,0,101,0,101,40,18,142,1,201,136,0,136,337
05/22/2022,BZN,MT,ANM,WE,Federal Contract Tower,46,11,22,0,79,0,0,24,0,24,46,11,46,0,103,28,0,28,131
05/23/2022,BZN,MT,ANM,WE,Federal Contract Tower,49,14,46,0,109,0,2,169,0,171,49,16,215,0,280,248,0,248,528
05/24/2022,BZN,MT,ANM,WE,Federal Contract Tower,42,18,16,0,76,0,6,116,0,122,42,24,132,0,198,208,0,208,406
05/25/2022,BZN,MT,ANM,WE,Federal Contract Tower,42,15,39,0,96,0,1,152,0,153,42,16,191,0,249,164,0,164,413
05/26/2022,BZN,MT,ANM,WE,Federal Contract Tower,48,22,44,0,114,0,3,88,4,95,48,25,132,4,209,146,0,146,355
05/27/2022,BZN,MT,ANM,WE,Federal Contract Tower,48,20,25,0,93,0,3,51,0,54,48,23,76,0,147,66,0,66,213
05/28/2022,BZN,MT,ANM,WE,Federal Contract Tower,37,19,15,0,71,0,2,6,0,8,37,21,21,0,79,12,0,12,91
05/29/2022,BZN,MT,ANM,WE,Federal Contract Tower,47,10,17,0,74,0,0,1,0,1,47,10,18,0,75,0,0,0,75
05/30/2022,BZN,MT,ANM,WE,Federal Contract Tower,45,21,23,0,89,0,0,0,0,0,45,21,23,0,89,0,0,0,89
05/31/2022,BZN,MT,ANM,WE,Federal Contract Tower,43,26,44,0,113,0,5,102,0,107,43,31,146,0,220,268,0,268,488
06/01/2022,BZN,MT,ANM,WE,Federal Contract Tower,50,22,38,0,110,0,2,145,0,147,50,24,183,0,257,218,0,218,475
06/02/2022,BZN,MT,ANM,WE,Federal Contract Tower,46,12,55,0,113,0,6,136,0,142,46,18,191,0,255,192,0,192,447
06/03/2022,BZN,MT,ANM,WE,Federal Contract Tower,59,11,19,0,89,0,3,55,0,58,59,14,74,0,147,98,0,98,245
06/04/2022,BZN,MT,ANM,WE,Federal Contract Tower,56,17,20,0,93,0,3,57,1,61,56,20,77,1,154,50,0,50,204
06/05/2022,BZN,MT,ANM,WE,Federal Contract Tower,64,8,19,0,91,0,0,33,1,34,64,8,52,1,125,28,0,28,153
06/06/2022,BZN,MT,ANM,WE,Federal Contract Tower,60,16,21,0,97,0,2,45,0,47,60,18,66,0,144,42,0,42,186
06/07/2022,BZN,MT,ANM,WE,Federal Contract Tower,55,18,34,2,109,0,2,108,1,111,55,20,142,3,220,70,0,70,290
06/08/2022,BZN,MT,ANM,WE,Federal Contract Tower,54,25,37,0,116,0,2,118,0,120,54,27,155,0,236,220,0,220,456
06/09/2022,BZN,MT,ANM,WE,Federal Contract Tower,58,18,39,0,115,0,0,117,0,117,58,18,156,0,232,152,0,152,384
06/10/2022,BZN,MT,ANM,WE,Federal Contract Tower,60,16,38,0,114,0,0,87,0,87,60,16,125,0,201,74,0,74,275
06/11/2022,BZN,MT,ANM,WE,Federal Contract Tower,64,18,17,0,99,0,2,33,0,35,64,20,50,0,134,22,0,22,156
06/12/2022,BZN,MT,ANM,WE,Federal Contract Tower,65,17,24,0,106,0,1,13,0,14,65,18,37,0,120,14,0,14,134
06/13/2022,BZN,MT,ANM,WE,Federal Contract Tower,61,25,27,0,113,0,3,36,0,39,61,28,63,0,152,52,0,52,204
06/14/2022,BZN,MT,ANM,WE,Federal Contract Tower,55,21,27,0,103,0,3,47,0,50,55,24,74,0,153,14,0,14,167
06/15/2022,BZN,MT,ANM,WE,Federal Contract Tower,60,26,33,0,119,0,2,91,0,93,60,28,124,0,212,48,0,48,260
06/16/2022,BZN,MT,ANM,WE,Federal Contract Tower,69,24,36,2,131,0,0,206,1,207,69,24,242,3,338,150,2,152,490
06/17/2022,BZN,MT,ANM,WE,Federal Contract Tower,64,29,52,0,145,0,7,88,7,102,64,36,140,7,247,42,0,42,289
06/18/2022,BZN,MT,ANM,WE,Federal Contract Tower,73,24,19,0,116,0,3,54,0,57,73,27,73,0,173,18,0,18,191
06/19/2022,BZN,MT,ANM,WE,Federal Contract Tower,76,28,35,0,139,0,3,35,0,38,76,31,70,0,177,16,0,16,193
06/20/2022,BZN,MT,ANM,WE,Federal Contract Tower,65,37,32,0,134,0,0,41,0,41,65,37,73,0,175,22,0,22,197
06/21/2022,BZN,MT,ANM,WE,Federal Contract Tower,61,46,33,0,140,0,3,186,0,189,61,49,219,0,329,138,0,138,467
06/22/2022,BZN,MT,ANM,WE,Federal Contract Tower,68,40,43,0,151,0,4,156,0,160,68,44,199,0,311,92,0,92,403
06/23/2022,BZN,MT,ANM,WE,Federal Contract Tower,68,36,40,0,144,0,6,117,0,123,68,42,157,0,267,64,0,64,331
06/24/2022,BZN,MT,ANM,WE,Federal Contract Tower,65,36,56,0,157,0,0,128,0,128,65,36,184,0,285,56,0,56,341
06/25/2022,BZN,MT,ANM,WE,Federal Contract Tower,76,30,43,0,149,0,3,98,0,101,76,33,141,0,250,66,0,66,316
06/26/2022,BZN,MT,ANM,WE,Federal Contract Tower,69,27,40,0,136,0,1,80,0,81,69,28,120,0,217,2,0,2,219
06/27/2022,BZN,MT,ANM,WE,Federal Contract Tower,66,25,41,2,134,0,5,123,0,128,66,30,164,2,262,131,0,131,393
06/28/2022,BZN,MT,ANM,WE,Federal Contract Tower,59,31,28,0,118,0,0,68,0,68,59,31,96,0,186,158,0,158,344
06/29/2022,BZN,MT,ANM,WE,Federal Contract Tower,67,32,44,0,143,0,0,121,0,121,67,32,165,0,264,114,0,114,378
06/30/2022,BZN,MT,ANM,WE,Federal Contract Tower,67,46,43,0,156,0,4,156,0,160,67,50,199,0,316,196,0,196,512
07/01/2022,BZN,MT,ANM,WE,Federal Contract Tower,66,41,55,1,163,0,0,107,0,107,66,41,162,1,270,150,0,150,420
07/02/2022,BZN,MT,ANM,WE,Federal Contract Tower,74,30,34,1,139,0,6,72,0,78,74,36,106,1,217,32,0,32,249
07/03/2022,BZN,MT,ANM,WE,Federal Contract Tower,70,23,19,0,112,0,1,24,0,25,70,24,43,0,137,0,0,0,137
07/04/2022,BZN,MT,ANM,WE,Federal Contract Tower,66,28,20,0,114,0,0,34,0,34,66,28,54,0,148,16,0,16,164
07/05/2022,BZN,MT,ANM,WE,Federal Contract Tower,61,26,47,0,134,0,2,68,0,70,61,28,115,0,204,56,0,56,260
07/06/2022,BZN,MT,ANM,WE,Federal Contract Tower,70,25,57,0,152,0,3,85,0,88,70,28,142,0,240,142,0,142,382
07/07/2022,BZN,MT,ANM,WE,Federal Contract Tower,65,20,37,0,122,0,2,96,0,98,65,22,133,0,220,166,0,166,386
07/08/2022,BZN,MT,ANM,WE,Federal Contract Tower,67,27,42,0,136,0,2,74,0,76,67,29,116,0,212,110,0,110,322
07/09/2022,BZN,MT,ANM,WE,Federal Contract Tower,83,34,33,0,150,0,3,93,0,96,83,37,126,0,246,24,0,24,270
07/10/2022,BZN,MT,ANM,WE,Federal Contract Tower,65,39,67,0,171,0,4,51,0,55,65,43,118,0,226,0,0,0,226
07/11/2022,BZN,MT,ANM,WE,Federal Contract Tower,66,30,58,0,154,0,2,95,0,97,66,32,153,0,251,204,0,204,455
07/12/2022,BZN,MT,ANM,WE,Federal Contract Tower,64,34,44,2,144,0,2,129,0,131,64,36,173,2,275,166,0,166,441
07/13/2022,BZN,MT,ANM,WE,Federal Contract Tower,71,39,50,0,160,0,2,114,0,116,71,41,164,0,276,146,0,146,422
07/14/2022,BZN,MT,ANM,WE,Federal Contract Tower,69,49,38,0,156,0,5,117,0,122,69,54,155,0,278,68,0,68,346
07/15/2022,BZN,MT,ANM,WE,Federal Contract Tower,67,39,52,0,158,0,6,88,0,94,67,45,140,0,252,92,0,92,344
07/16/2022,BZN,MT,ANM,WE,Federal Contract Tower,85,47,52,0,184,0,5,97,0,102,85,52,149,0,286,56,0,56,342
07/17/2022,BZN,MT,ANM,WE,Federal Contract Tower,69,40,81,3,193,0,8,63,0,71,69,48,144,3,264,10,0,10,274
07/18/2022,BZN,MT,ANM,WE,Federal Contract Tower,71,25,36,1,133,0,6,53,0,59,71,31,89,1,192,40,0,40,232
07/19/2022,BZN,MT,ANM,WE,Federal Contract Tower,63,36,46,0,145,0,1,128,0,129,63,37,174,0,274,154,0,154,428
07/20/2022,BZN,MT,ANM,WE,Federal Contract Tower,70,46,54,0,170,0,5,109,0,114,70,51,163,0,284,142,0,142,426
07/21/2022,BZN,MT,ANM,WE,Federal Contract Tower,68,53,49,0,170,0,11,105,0,116,68,64,154,0,286,148,0,148,434
07/22/2022,BZN,MT,ANM,WE,Federal Contract Tower,69,43,63,0,175,0,4,87,0,91,69,47,150,0,266,44,0,44,310
07/23/2022,BZN,MT,ANM,WE,Federal Contract Tower,85,30,25,0,140,0,9,74,0,83,85,39,99,0,223,36,0,36,259
07/24/2022,BZN,MT,ANM,WE,Federal Contract Tower,71,62,63,0,196,0,7,39,2,48,71,69,102,2,244,28,0,28,272
07/25/2022,BZN,MT,ANM,WE,Federal Contract Tower,67,35,48,0,150,0,3,106,2,111,67,38,154,2,261,92,0,92,353
07/26/2022,BZN,MT,ANM,WE,Federal Contract Tower,61,33,51,0,145,0,1,103,0,104,61,34,154,0,249,96,0,96,345
07/27/2022,BZN,MT,ANM,WE,Federal Contract Tower,72,34,48,0,154,0,3,121,0,124,72,37,169,0,278,104,0,104,382
07/28/2022,BZN,MT,ANM,WE,Federal Contract Tower,68,40,58,1,167,0,0,123,1,124,68,40,181,2,291,98,0,98,389
07/29/2022,BZN,MT,ANM,WE,Federal Contract Tower,65,27,40,1,133,0,6,129,0,135,65,33,169,1,268,82,0,82,350
07/30/2022,BZN,MT,ANM,WE,Federal Contract Tower,89,37,40,1,167,0,11,66,4,81,89,48,106,5,248,10,0,10,258
07/31/2022,BZN,MT,ANM,WE,Federal Contract Tower,70,41,49,1,161,0,9,55,4,68,70,50,104,5,229,18,12,30,259
08/01/2022,BZN,MT,ANM,WE,Federal Contract Tower,69,18,51,0,138,0,4,86,0,90,69,22,137,0,228,62,0,62,290
08/02/2022,BZN,MT,ANM,WE,Federal Contract Tower,62,29,41,0,132,0,7,68,1,76,62,36,109,1,208,104,2,106,314
08/03/2022,BZN,MT,ANM,WE,Federal Contract Tower,69,39,44,0,152,0,6,110,0,116,69,45,154,0,268,120,0,120,388
08/04/2022,BZN,MT,ANM,WE,Federal Contract Tower,68,36,41,0,145,0,1,82,0,83,68,37,123,0,228,80,0,80,308
08/05/2022,BZN,MT,ANM,WE,Federal Contract Tower,67,37,39,0,143,0,6,92,0,98,67,43,131,0,241,106,0,106,347
08/06/2022,BZN,MT,ANM,WE,Federal Contract Tower,81,28,40,2,151,0,0,42,0,42,81,28,82,2,193,10,0,10,203
08/07/2022,BZN,MT,ANM,WE,Federal Contract Tower,72,37,47,4,160,0,8,60,0,68,72,45,107,4,228,10,0,10,238
08/08/2022,BZN,MT,ANM,WE,Federal Contract Tower,63,39,39,2,143,0,3,76,1,80,63,42,115,3,223,60,2,62,285
08/09/2022,BZN,MT,ANM,WE,Federal Contract Tower,63,35,46,6,150,0,0,110,0,110,63,35,156,6,260,50,0,50,310
08/10/2022,BZN,MT,ANM,WE,Federal Contract Tower,67,43,51,0,161,0,3,124,1,128,67,46,175,1,289,112,0,112,401
08/11/2022,BZN,MT,ANM,WE,Federal Contract Tower,69,36,61,0,166,0,1,129,0,130,69,37,190,0,296,162,0,162,458
08/12/2022,BZN,MT,ANM,WE,Federal Contract Tower,67,38,44,0,149,1,5,94,0,100,68,43,138,0,249,78,0,78,327
08/13/2022,BZN,MT,ANM,WE,Federal Contract Tower,83,45,35,2,165,0,6,48,0,54,83,51,83,2,219,20,0,20,239
08/14/2022,BZN,MT,ANM,WE,Federal Contract Tower,69,57,47,0,173,0,5,61,0,66,69,62,108,0,239,20,0,20,259
08/15/2022,BZN,MT,ANM,WE,Federal Contract Tower,67,24,40,0,131,0,5,107,0,112,67,29,147,0,243,132,0,132,375
08/16/2022,BZN,MT,ANM,WE,Federal Contract Tower,65,27,44,0,136,0,7,134,1,142,65,34,178,1,278,96,0,96,374
08/17/2022,BZN,MT,ANM,WE,Federal Contract Tower,67,27,48,0,142,1,5,139,0,145,68,32,187,0,287,112,0,112,399
08/18/2022,BZN,MT,ANM,WE,Federal Contract Tower,63,35,45,1,144,0,2,149,1,152,63,37,194,2,296,134,2,136,432
08/19/2022,BZN,MT,ANM,WE,Federal Contract Tower,71,33,47,0,151,0,4,110,0,114,71,37,157,0,265,140,0,140,405
08/20/2022,BZN,MT,ANM,WE,Federal Contract Tower,79,52,24,0,155,0,13,70,0,83,79,65,94,0,238,12,0,12,250
08/21/2022,BZN,MT,ANM,WE,Federal Contract Tower,63,42,50,0,155,0,0,52,0,52,63,42,102,0,207,6,0,6,213
08/22/2022,BZN,MT,ANM,WE,Federal Contract Tower,62,28,33,1,124,0,0,57,0,57,62,28,90,1,181,52,0,52,233
08/23/2022,BZN,MT,ANM,WE,Federal Contract Tower,61,33,37,0,131,0,0,153,0,153,61,33,190,0,284,88,0,88,372
08/24/2022,BZN,MT,ANM,WE,Federal Contract Tower,63,41,36,0,140,0,2,82,0,84,63,43,118,0,224,90,0,90,314
08/25/2022,BZN,MT,ANM,WE,Federal Contract Tower,65,43,42,0,150,0,0,95,0,95,65,43,137,0,245,158,0,158,403
08/26/2022,BZN,MT,ANM,WE,Federal Contract Tower,68,41,54,0,163,0,3,139,0,142,68,44,193,0,305,176,0,176,481
08/27/2022,BZN,MT,ANM,WE,Federal Contract Tower,85,30,33,0,148,0,7,98,0,105,85,37,131,0,253,52,0,52,305
08/28/2022,BZN,MT,ANM,WE,Federal Contract Tower,69,36,32,0,137,0,2,45,0,47,69,38,77,0,184,46,0,46,230
08/29/2022,BZN,MT,ANM,WE,Federal Contract Tower,61,23,48,0,132,0,1,156,0,157,61,24,204,0,289,154,0,154,443
08/30/2022,BZN,MT,ANM,WE,Federal Contract Tower,62,16,47,0,125,0,4,163,0,167,62,20,210,0,292,166,0,166,458
08/31/2022,BZN,MT,ANM,WE,Federal Contract Tower,67,27,44,1,139,0,2,176,0,178,67,29,220,1,317,126,0,126,443
09/01/2022,BZN,MT,ANM,WE,Federal Contract Tower,64,19,49,0,132,0,6,146,0,152,64,25,195,0,284,186,0,186,470
09/02/2022,BZN,MT,ANM,WE,Federal Contract Tower,65,34,70,0,169,0,1,177,1,179,65,35,247,1,348,174,0,174,522
09/03/2022,BZN,MT,ANM,WE,Federal Contract Tower,83,28,15,0,126,0,3,82,0,85,83,31,97,0,211,119,0,119,330
09/04/2022,BZN,MT,ANM,WE,Federal Contract Tower,68,8,18,0,94,0,10,23,0,33,68,18,41,0,127,10,0,10,137
09/05/2022,BZN,MT,ANM,WE,Federal Contract Tower,67,33,41,3,144,0,1,28,0,29,67,34,69,3,173,26,0,26,199
09/06/2022,BZN,MT,ANM,WE,Federal Contract Tower,55,35,44,0,134,0,2,141,0,143,55,37,185,0,277,172,0,172,449
09/07/2022,BZN,MT,ANM,WE,Federal Contract Tower,47,32,30,0,109,0,2,115,0,117,47,34,145,0,226,134,0,134,360
09/08/2022,BZN,MT,ANM,WE,Federal Contract Tower,53,18,36,0,107,0,5,86,0,91,53,23,122,0,198,98,0,98,296
09/09/2022,BZN,MT,ANM,WE,Federal Contract Tower,57,31,33,1,122,0,1,143,0,144,57,32,176,1,266,212,0,212,478
09/10/2022,BZN,MT,ANM,WE,Federal Contract Tower,51,30,28,0,109,0,5,141,0,146,51,35,169,0,255,142,0,142,397
09/11/2022,BZN,MT,ANM,WE,Federal Contract Tower,47,30,51,0,128,0,5,101,0,106,47,35,152,0,234,40,0,40,274
09/12/2022,BZN,MT,ANM,WE,Federal Contract Tower,55,19,56,0,130,0,3,63,3,69,55,22,119,3,199,140,0,140,339
09/13/2022,BZN,MT,ANM,WE,Federal Contract Tower,45,27,51,0,123,0,2,131,0,133,45,29,182,0,256,144,0,144,400
09/14/2022,BZN,MT,ANM,WE,Federal Contract Tower,42,39,62,0,143,0,5,44,0,49,42,44,106,0,192,64,0,64,256
09/15/2022,BZN,MT,ANM,WE,Federal Contract Tower,52,38,33,0,123,0,1,129,0,130,52,39,162,0,253,186,0,186,439
09/16/2022,BZN,MT,ANM,WE,Federal Contract Tower,57,34,43,0,134,0,1,43,0,44,57,35,86,0,178,16,0,16,194
09/17/2022,BZN,MT,ANM,WE,Federal Contract Tower,51,26,28,0,105,0,4,167,0,171,51,30,195,0,276,70,0,70,346
09/18/2022,BZN,MT,ANM,WE,Federal Contract Tower,48,28,32,0,108,0,7,81,0,88,48,35,113,0,196,42,0,42,238
09/19/2022,BZN,MT,ANM,WE,Federal Contract Tower,55,24,39,4,122,0,3,146,0,149,55,27,185,4,271,163,8,171,442
09/20/2022,BZN,MT,ANM,WE,Federal Contract Tower,45,16,43,0,104,0,0,98,0,98,45,16,141,0,202,250,0,250,452
09/21/2022,BZN,MT,ANM,WE,Federal Contract Tower,44,23,48,0,115,0,5,129,0,134,44,28,177,0,249,92,0,92,341
09/22/2022,BZN,MT,ANM,WE,Federal Contract Tower,54,24,18,0,96,0,0,28,0,28,54,24,46,0,124,44,0,44,168
09/23/2022,BZN,MT,ANM,WE,Federal Contract Tower,64,30,48,0,142,0,6,189,0,195,64,36,237,0,337,122,0,122,459
09/24/2022,BZN,MT,ANM,WE,Federal Contract Tower,52,22,19,0,93,0,2,115,0,117,52,24,134,0,210,132,0,132,342
09/25/2022,BZN,MT,ANM,WE,Federal Contract Tower,53,14,25,0,92,0,0,61,0,61,53,14,86,0,153,36,0,36,189
09/26/2022,BZN,MT,ANM,WE,Federal Contract Tower,55,16,59,0,130,0,2,181,0,183,55,18,240,0,313,154,0,154,467
09/27/2022,BZN,MT,ANM,WE,Federal Contract Tower,45,19,40,0,104,0,1,185,0,186,45,20,225,0,290,214,0,214,504
09/28/2022,BZN,MT,ANM,WE,Federal Contract Tower,42,25,41,0,108,0,4,141,0,145,42,29,182,0,253,186,0,186,439
09/29/2022,BZN,MT,ANM,WE,Federal Contract Tower,52,32,37,0,121,0,3,66,0,69,52,35,103,0,190,70,0,70,260
09/30/2022,BZN,MT,ANM,WE,Federal Contract Tower,52,42,35,0,129,0,2,72,0,74,52,44,107,0,203,152,0,152,355
10/01/2022,BZN,MT,ANM,WE,Federal Contract Tower,46,21,17,0,84,0,2,4,0,6,46,23,21,0,90,0,0,0,90
10/02/2022,BZN,MT,ANM,WE,Federal Contract Tower,48,19,36,0,103,0,2,19,0,21,48,21,55,0,124,24,0,24,148
10/03/2022,BZN,MT,ANM,WE,Federal Contract Tower,53,20,44,0,117,0,4,78,0,82,53,24,122,0,199,109,0,109,308
10/04/2022,BZN,MT,ANM,WE,Federal Contract Tower,43,24,40,0,107,0,3,195,0,198,43,27,235,0,305,134,0,134,439
10/05/2022,BZN,MT,ANM,WE,Federal Contract Tower,43,23,39,0,105,0,0,167,0,167,43,23,206,0,272,184,0,184,456
10/06/2022,BZN,MT,ANM,WE,Federal Contract Tower,47,23,69,0,139,0,3,147,0,150,47,26,216,0,289,176,0,176,465
10/07/2022,BZN,MT,ANM,WE,Federal Contract Tower,48,22,42,2,114,0,1,128,2,131,48,23,170,4,245,156,0,156,401
10/08/2022,BZN,MT,ANM,WE,Federal Contract Tower,40,21,25,0,86,0,0,119,2,121,40,21,144,2,207,126,0,126,333
10/09/2022,BZN,MT,ANM,WE,Federal Contract Tower,42,24,31,0,97,0,2,82,0,84,42,26,113,0,181,34,0,34,215
10/10/2022,BZN,MT,ANM,WE,Federal Contract Tower,47,18,52,0,117,0,1,143,0,144,47,19,195,0,261,156,0,156,417
10/11/2022,BZN,MT,ANM,WE,Federal Contract Tower,41,17,34,1,93,0,3,124,0,127,41,20,158,1,220,260,0,260,480
10/12/2022,BZN,MT,ANM,WE,Federal Contract Tower,39,31,41,0,111,0,8,153,0,161,39,39,194,0,272,194,0,194,466
10/13/2022,BZN,MT,ANM,WE,Federal Contract Tower,47,10,39,1,97,0,1,180,0,181,47,11,219,1,278,222,0,222,500
10/14/2022,BZN,MT,ANM,WE,Federal Contract Tower,49,23,43,0,115,0,1,159,0,160,49,24,202,0,275,134,0,134,409
10/15/2022,BZN,MT,ANM,WE,Federal Contract Tower,42,10,20,0,72,0,6,103,0,109,42,16,123,0,181,96,0,96,277
10/16/2022,BZN,MT,ANM,WE,Federal Contract Tower,41,11,21,0,73,0,1,67,0,68,41,12,88,0,141,4,0,4,145
10/17/2022,BZN,MT,ANM,WE,Federal Contract Tower,48,22,38,0,108,0,1,161,0,162,48,23,199,0,270,104,0,104,374
10/18/2022,BZN,MT,ANM,WE,Federal Contract Tower,39,15,34,0,88,0,5,131,0,136,39,20,165,0,224,206,0,206,430
10/19/2022,BZN,MT,ANM,WE,Federal Contract Tower,40,22,41,2,105,0,6,222,0,228,40,28,263,2,333,242,0,242,575
10/20/2022,BZN,MT,ANM,WE,Federal Contract Tower,49,30,31,0,110,0,4,181,0,185,49,34,212,0,295,180,0,180,475
10/21/2022,BZN,MT,ANM,WE,Federal Contract Tower,49,21,27,1,98,0,5,86,0,91,49,26,113,1,189,170,0,170,359
10/22/2022,BZN,MT,ANM,WE,Federal Contract Tower,40,15,10,0,65,0,0,0,0,0,40,15,10,0,65,0,0,0,65
10/23/2022,BZN,MT,ANM,WE,Federal Contract Tower,39,21,13,0,73,0,0,1,0,1,39,21,14,0,74,0,0,0,74
10/24/2022,BZN,MT,ANM,WE,Federal Contract Tower,47,17,34,0,98,0,1,110,0,111,47,18,144,0,209,196,0,196,405
10/25/2022,BZN,MT,ANM,WE,Federal Contract Tower,39,20,30,0,89,0,0,100,0,100,39,20,130,0,189,200,0,200,389
10/26/2022,BZN,MT,ANM,WE,Federal Contract Tower,40,22,41,5,108,0,2,151,0,153,40,24,192,5,261,240,0,240,501
10/27/2022,BZN,MT,ANM,WE,Federal Contract Tower,46,16,47,1,110,0,4,156,0,160,46,20,203,1,270,314,0,314,584
10/28/2022,BZN,MT,ANM,WE,Federal Contract Tower,49,15,42,0,106,0,6,146,0,152,49,21,188,0,258,274,0,274,532
10/29/2022,BZN,MT,ANM,WE,Federal Contract Tower,40,19,8,2,69,0,2,94,0,96,40,21,102,2,165,140,0,140,305
10/30/2022,BZN,MT,ANM,WE,Federal Contract Tower,40,10,15,0,65,0,8,35,0,43,40,18,50,0,108,28,0,28,136
10/31/2022,BZN,MT,ANM,WE,Federal Contract Tower,47,12,23,0,82,0,1,74,0,75,47,13,97,0,157,87,0,87,244
11/01/2022,BZN,MT,ANM,WE,Federal Contract Tower,40,25,26,0,91,0,4,67,0,71,40,29,93,0,162,70,0,70,232
11/02/2022,BZN,MT,ANM,WE,Federal Contract Tower,40,18,15,0,73,0,0,5,0,5,40,18,20,0,78,30,0,30,108
11/03/2022,BZN,MT,ANM,WE,Federal Contract Tower,45,15,42,3,105,0,0,90,0,90,45,15,132,3,195,204,0,204,399
11/04/2022,BZN,MT,ANM,WE,Federal Contract Tower,48,22,21,0,91,0,0,53,0,53,48,22,74,0,144,156,0,156,300
11/05/2022,BZN,MT,ANM,WE,Federal Contract Tower,38,12,7,1,58,0,0,3,0,3,38,12,10,1,61,0,0,0,61
11/06/2022,BZN,MT,ANM,WE,Federal Contract Tower,47,15,23,2,87,0,0,62,0,62,47,15,85,2,149,68,0,68,217
11/07/2022,BZN,MT,ANM,WE,Federal Contract Tower,45,10,11,0,66,0,0,0,0,0,45,10,11,0,66,0,0,0,66
11/08/2022,BZN,MT,ANM,WE,Federal Contract Tower,40,15,19,0,74,0,0,8,0,8,40,15,27,0,82,0,0,0,82
11/09/2022,BZN,MT,ANM,WE,Federal Contract Tower,36,13,17,0,66,0,0,20,0,20,36,13,37,0,86,34,0,34,120
11/10/2022,BZN,MT,ANM,WE,Federal Contract Tower,45,21,29,0,95,0,0,15,4,19,45,21,44,4,114,8,0,8,122
11/11/2022,BZN,MT,ANM,WE,Federal Contract Tower,46,22,40,0,108,123,0,0,0,123,169,22,40,0,231,68,0,68,299
11/12/2022,BZN,MT,ANM,WE,Federal Contract Tower,41,11,34,0,86,0,3,127,0,130,41,14,161,0,216,168,0,168,384
11/13/2022,BZN,MT,ANM,WE,Federal Contract Tower,41,15,29,0,85,0,5,16,0,21,41,20,45,0,106,22,0,22,128
11/14/2022,BZN,MT,ANM,WE,Federal Contract Tower,43,15,24,10,92,0,0,1,0,1,43,15,25,10,93,0,0,0,93
11/15/2022,BZN,MT,ANM,WE,Federal Contract Tower,39,14,59,0,112,0,1,138,0,139,39,15,197,0,251,190,0,190,441
11/17/2022,BZN,MT,ANM,WE,Federal Contract Tower,45,8,20,0,73,0,0,114,0,114,45,8,134,0,187,266,0,266,453
11/18/2022,BZN,MT,ANM,WE,Federal Contract Tower,45,21,59,0,125,0,1,170,0,171,45,22,229,0,296,194,0,194,490
11/19/2022,BZN,MT,ANM,WE,Federal Contract Tower,39,14,36,0,89,0,2,51,3,56,39,16,87,3,145,112,0,112,257
11/20/2022,BZN,MT,ANM,WE,Federal Contract Tower,43,15,26,0,84,0,4,46,4,54,43,19,72,4,138,12,0,12,150
11/21/2022,BZN,MT,ANM,WE,Federal Contract Tower,43,17,41,0,101,0,2,104,0,106,43,19,145,0,207,166,0,166,373
11/22/2022,BZN,MT,ANM,WE,Federal Contract Tower,45,29,39,0,113,0,2,92,0,94,45,31,131,0,207,122,0,122,329
11/23/2022,BZN,MT,ANM,WE,Federal Contract Tower,46,21,32,0,99,0,2,6,0,8,46,23,38,0,107,18,0,18,125
11/24/2022,BZN,MT,ANM,WE,Federal Contract Tower,26,4,5,0,35,0,0,15,0,15,26,4,20,0,50,2,0,2,52
11/25/2022,BZN,MT,ANM,WE,Federal Contract Tower,46,9,16,0,71,0,1,43,0,44,46,10,59,0,115,54,0,54,169
11/26/2022,BZN,MT,ANM,WE,Federal Contract Tower,44,20,16,0,80,0,0,23,0,23,44,20,39,0,103,40,0,40,143
11/27/2022,BZN,MT,ANM,WE,Federal Contract Tower,48,24,35,0,107,0,2,18,0,20,48,26,53,0,127,22,0,22,149
11/28/2022,BZN,MT,ANM,WE,Federal Contract Tower,47,16,50,0,113,0,5,103,1,109,47,21,153,1,222,40,0,40,262
11/29/2022,BZN,MT,ANM,WE,Federal Contract Tower,35,18,20,0,73,0,0,18,0,18,35,18,38,0,91,102,0,102,193
11/30/2022,BZN,MT,ANM,WE,Federal Contract Tower,40,15,31,0,86,0,2,148,0,150,40,17,179,0,236,292,0,292,528
12/01/2022,BZN,MT,ANM,WE,Federal Contract Tower,40,11,23,1,75,0,3,55,0,58,40,14,78,1,133,72,0,72,205
12/02/2022,BZN,MT,ANM,WE,Federal Contract Tower,44,15,36,0,95,0,0,116,0,116,44,15,152,0,211,134,0,134,345
12/03/2022,BZN,MT,ANM,WE,Federal Contract Tower,38,15,17,0,70,0,4,113,0,117,38,19,130,0,187,114,0,114,301
12/04/2022,BZN,MT,ANM,WE,Federal Contract Tower,42,14,13,0,69,0,1,11,0,12,42,15,24,0,81,4,0,4,85
12/05/2022,BZN,MT,ANM,WE,Federal Contract Tower,44,12,33,8,97,0,3,45,0,48,44,15,78,8,145,16,22,38,183
12/06/2022,BZN,MT,ANM,WE,Federal Contract Tower,40,20,30,0,90,0,3,94,0,97,40,23,124,0,187,174,0,174,361
12/07/2022,BZN,MT,ANM,WE,Federal Contract Tower,42,19,60,0,121,0,2,164,0,166,42,21,224,0,287,266,0,266,553
12/08/2022,BZN,MT,ANM,WE,Federal Contract Tower,43,27,45,3,118,0,5,161,70,236,43,32,206,73,354,194,10,204,558
12/09/2022,BZN,MT,ANM,WE,Federal Contract Tower,45,22,21,0,88,0,0,46,0,46,45,22,67,0,134,68,0,68,202
12/10/2022,BZN,MT,ANM,WE,Federal Contract Tower,36,19,27,0,82,0,1,72,0,73,36,20,99,0,155,124,0,124,279
12/11/2022,BZN,MT,ANM,WE,Federal Contract Tower,40,21,24,0,85,0,1,20,0,21,40,22,44,0,106,24,0,24,130
12/12/2022,BZN,MT,ANM,WE,Federal Contract Tower,46,11,22,0,79,0,0,0,0,0,46,11,22,0,79,0,0,0,79
12/13/2022,BZN,MT,ANM,WE,Federal Contract Tower,36,13,25,0,74,0,0,52,0,52,36,13,77,0,126,82,0,82,208
12/14/2022,BZN,MT,ANM,WE,Federal Contract Tower,37,15,20,0,72,0,2,0,0,2,37,17,20,0,74,0,0,0,74
12/15/2022,BZN,MT,ANM,WE,Federal Contract Tower,49,26,29,0,104,0,0,2,0,2,49,26,31,0,106,0,0,0,106
12/16/2022,BZN,MT,ANM,WE,Federal Contract Tower,59,61,92,0,212,0,3,149,0,152,59,64,241,0,364,70,0,70,434
12/17/2022,BZN,MT,ANM,WE,Federal Contract Tower,67,66,55,0,188,0,1,76,0,77,67,67,131,0,265,110,0,110,375
12/18/2022,BZN,MT,ANM,WE,Federal Contract Tower,55,56,58,0,169,0,1,31,0,32,55,57,89,0,201,26,0,26,227
12/19/2022,BZN,MT,ANM,WE,Federal Contract Tower,56,37,63,0,156,0,0,36,0,36,56,37,99,0,192,54,0,54,246
12/20/2022,BZN,MT,ANM,WE,Federal Contract Tower,55,58,52,0,165,0,2,26,0,28,55,60,78,0,193,82,0,82,275
12/21/2022,BZN,MT,ANM,WE,Federal Contract Tower,57,65,36,0,158,0,0,2,0,2,57,65,38,0,160,0,0,0,160
12/22/2022,BZN,MT,ANM,WE,Federal Contract Tower,28,51,49,0,128,0,0,0,0,0,28,51,49,0,128,0,0,0,128
12/23/2022,BZN,MT,ANM,WE,Federal Contract Tower,42,93,45,1,181,0,0,2,0,2,42,93,47,1,183,18,0,18,201
12/24/2022,BZN,MT,ANM,WE,Federal Contract Tower,49,42,22,0,113,0,1,9,0,10,49,43,31,0,123,2,0,2,125
12/25/2022,BZN,MT,ANM,WE,Federal Contract Tower,47,27,19,0,93,0,2,2,0,4,47,29,21,0,97,0,0,0,97
12/26/2022,BZN,MT,ANM,WE,Federal Contract Tower,49,108,118,0,275,0,2,27,0,29,49,110,145,0,304,0,0,0,304
12/27/2022,BZN,MT,ANM,WE,Federal Contract Tower,58,68,98,0,224,0,0,23,0,23,58,68,121,0,247,24,0,24,271
12/28/2022,BZN,MT,ANM,WE,Federal Contract Tower,55,62,57,0,174,0,3,34,0,37,55,65,91,0,211,68,0,68,279
12/29/2022,BZN,MT,ANM,WE,Federal Contract Tower,49,64,47,0,160,0,3,86,0,89,49,67,133,0,249,42,0,42,291
12/30/2022,BZN,MT,ANM,WE,Federal Contract Tower,65,66,29,0,160,0,1,34,0,35,65,67,63,0,195,40,0,40,235
12/31/2022,BZN,MT,ANM,WE,Federal Contract Tower,62,45,26,0,133,0,0,7,0,7,62,45,33,0,140,0,0,0,140
01/01/2023,BZN,MT,ANM,WE,Federal Contract Tower,60,79,62,0,201,0,12,10,0,22,60,91,72,0,223,8,0,8,231
01/02/2023,BZN,MT,ANM,WE,Federal Contract Tower,57,101,135,0,293,0,0,25,0,25,57,101,160,0,318,18,0,18,336
01/03/2023,BZN,MT,ANM,WE,Federal Contract Tower,63,66,61,0,190,0,0,80,0,80,63,66,141,0,270,116,0,116,386
01/04/2023,BZN,MT,ANM,WE,Federal Contract Tower,57,56,56,0,169,0,1,110,0,111,57,57,166,0,280,128,0,128,408
01/05/2023,BZN,MT,ANM,WE,Federal Contract Tower,57,46,38,0,141,0,2,82,0,84,57,48,120,0,225,90,0,90,315
01/06/2023,BZN,MT,ANM,WE,Federal Contract Tower,61,32,52,0,145,0,0,6,0,6,61,32,58,0,151,0,0,0,151
01/07/2023,BZN,MT,ANM,WE,Federal Contract Tower,67,41,30,0,138,0,1,72,0,73,67,42,102,0,211,66,0,66,277
01/08/2023,BZN,MT,ANM,WE,Federal Contract Tower,56,44,31,0,131,0,2,44,0,46,56,46,75,0,177,56,0,56,233
01/09/2023,BZN,MT,ANM,WE,Federal Contract Tower,56,21,36,12,125,0,0,66,0,66,56,21,102,12,191,80,10,90,281
01/10/2023,BZN,MT,ANM,WE,Federal Contract Tower,48,21,37,0,106,0,0,105,0,105,48,21,142,0,211,172,0,172,383
01/11/2023,BZN,MT,ANM,WE,Federal Contract Tower,52,30,54,3,139,0,1,137,0,138,52,31,191,3,277,126,12,138,415
01/12/2023,BZN,MT,ANM,WE,Federal Contract Tower,54,59,73,0,186,0,2,128,0,130,54,61,201,0,316,188,0,188,504
01/13/2023,BZN,MT,ANM,WE,Federal Contract Tower,57,77,70,0,204,0,5,91,0,96,57,82,161,0,300,128,0,128,428
01/14/2023,BZN,MT,ANM,WE,Federal Contract Tower,51,32,35,0,118,0,3,53,0,56,51,35,88,0,174,98,0,98,272
01/15/2023,BZN,MT,ANM,WE,Federal Contract Tower,56,26,24,2,108,0,1,33,3,37,56,27,57,5,145,36,0,36,181
01/16/2023,BZN,MT,ANM,WE,Federal Contract Tower,59,84,66,0,209,0,0,0,0,0,59,84,66,0,209,0,0,0,209
01/17/2023,BZN,MT,ANM,WE,Federal Contract Tower,48,37,45,0,130,0,2,78,0,80,48,39,123,0,210,138,0,138,348
01/18/2023,BZN,MT,ANM,WE,Federal Contract Tower,53,28,42,1,124,0,3,176,2,181,53,31,218,3,305,164,0,164,469
01/19/2023,BZN,MT,ANM,WE,Federal Contract Tower,57,34,39,0,130,0,2,102,0,104,57,36,141,0,234,192,0,192,426
01/20/2023,BZN,MT,ANM,WE,Federal Contract Tower,54,38,27,0,119,0,8,85,0,93,54,46,112,0,212,130,0,130,342
01/21/2023,BZN,MT,ANM,WE,Federal Contract Tower,54,24,15,0,93,0,8,121,0,129,54,32,136,0,222,176,0,176,398
01/22/2023,BZN,MT,ANM,WE,Federal Contract Tower,53,22,36,0,111,0,0,0,0,0,53,22,36,0,111,0,0,0,111
01/23/2023,BZN,MT,ANM,WE,Federal Contract Tower,52,20,27,5,104,0,3,95,0,98,52,23,122,5,202,154,14,168,370
01/24/2023,BZN,MT,ANM,WE,Federal Contract Tower,48,24,30,0,102,0,0,92,0,92,48,24,122,0,194,78,0,78,272
01/25/2023,BZN,MT,ANM,WE,Federal Contract Tower,54,30,49,0,133,0,2,94,0,96,54,32,143,0,229,202,0,202,431
01/26/2023,BZN,MT,ANM,WE,Federal Contract Tower,53,43,42,0,138,0,0,81,0,81,53,43,123,0,219,142,0,142,361
01/27/2023,BZN,MT,ANM,WE,Federal Contract Tower,53,26,26,0,105,0,0,0,0,0,53,26,26,0,105,0,0,0,105
01/28/2023,BZN,MT,ANM,WE,Federal Contract Tower,53,27,22,0,102,0,0,0,0,0,53,27,22,0,102,2,0,2,104
01/29/2023,BZN,MT,ANM,WE,Federal Contract Tower,53,40,35,0,128,0,0,18,0,18,53,40,53,0,146,8,0,8,154
01/30/2023,BZN,MT,ANM,WE,Federal Contract Tower,51,25,34,0,110,0,0,95,0,95,51,25,129,0,205,22,0,22,227
01/31/2023,BZN,MT,ANM,WE,Federal Contract Tower,48,24,44,0,116,0,0,112,0,112,48,24,156,0,228,70,0,70,298
02/01/2023,BZN,MT,ANM,WE,Federal Contract Tower,51,32,75,3,161,0,0,188,0,188,51,32,263,3,349,78,4,82,431
02/02/2023,BZN,MT,ANM,WE,Federal Contract Tower,53,57,61,0,171,0,3,166,0,169,53,60,227,0,340,220,0,220,560
02/03/2023,BZN,MT,ANM,WE,Federal Contract Tower,55,29,56,0,140,0,3,162,1,166,55,32,218,1,306,153,0,153,459
02/04/2023,BZN,MT,ANM,WE,Federal Contract Tower,55,39,30,0,124,0,6,74,0,80,55,45,104,0,204,77,0,77,281
02/05/2023,BZN,MT,ANM,WE,Federal Contract Tower,55,62,51,0,168,0,0,32,0,32,55,62,83,0,200,34,0,34,234
02/06/2023,BZN,MT,ANM,WE,Federal Contract Tower,55,29,47,2,133,0,0,126,0,126,55,29,173,2,259,176,0,176,435
02/07/2023,BZN,MT,ANM,WE,Federal Contract Tower,49,25,57,0,131,0,1,149,0,150,49,26,206,0,281,148,0,148,429
02/08/2023,BZN,MT,ANM,WE,Federal Contract Tower,54,29,33,0,116,0,0,29,0,29,54,29,62,0,145,68,0,68,213
02/09/2023,BZN,MT,ANM,WE,Federal Contract Tower,56,44,59,0,159,0,2,178,0,180,56,46,237,0,339,150,0,150,489
02/10/2023,BZN,MT,ANM,WE,Federal Contract Tower,58,50,73,3,184,0,3,171,0,174,58,53,244,3,358,0,0,0,358
02/11/2023,BZN,MT,ANM,WE,Federal Contract Tower,59,39,25,0,123,0,2,116,0,118,59,41,141,0,241,122,0,122,363
02/12/2023,BZN,MT,ANM,WE,Federal Contract Tower,63,34,37,0,134,0,1,38,0,39,63,35,75,0,173,56,0,56,229
02/13/2023,BZN,MT,ANM,WE,Federal Contract Tower,67,47,58,1,173,0,1,92,8,101,67,48,150,9,274,126,0,126,400
02/15/2023,BZN,MT,ANM,WE,Federal Contract Tower,52,39,57,0,148,0,3,174,0,177,52,42,231,0,325,116,0,116,441
02/16/2023,BZN,MT,ANM,WE,Federal Contract Tower,56,117,108,0,281,0,3,143,0,146,56,120,251,0,427,154,0,154,581
02/17/2023,BZN,MT,ANM,WE,Federal Contract Tower,65,131,110,0,306,0,7,90,0,97,65,138,200,0,403,131,0,131,534
02/18/2023,BZN,MT,ANM,WE,Federal Contract Tower,65,76,54,0,195,0,1,27,0,28,65,77,81,0,223,63,0,63,286
02/19/2023,BZN,MT,ANM,WE,Federal Contract Tower,59,57,37,0,153,0,0,5,0,5,59,57,42,0,158,6,0,6,164
02/20/2023,BZN,MT,ANM,WE,Federal Contract Tower,68,123,109,0,300,0,0,7,0,7,68,123,116,0,307,36,0,36,343
02/21/2023,BZN,MT,ANM,WE,Federal Contract Tower,51,55,39,0,145,0,0,8,0,8,51,55,47,0,153,26,0,26,179
02/22/2023,BZN,MT,ANM,WE,Federal Contract Tower,54,47,49,0,150,0,0,6,0,6,54,47,55,0,156,2,0,2,158
02/23/2023,BZN,MT,ANM,WE,Federal Contract Tower,58,45,63,2,168,0,0,101,0,101,58,45,164,2,269,144,2,146,415
02/24/2023,BZN,MT,ANM,WE,Federal Contract Tower,62,57,68,2,189,0,4,163,0,167,62,61,231,2,356,182,0,182,538
02/25/2023,BZN,MT,ANM,WE,Federal Contract Tower,67,68,42,2,179,0,2,85,0,87,67,70,127,2,266,175,0,175,441
02/26/2023,BZN,MT,ANM,WE,Federal Contract Tower,61,77,49,0,187,0,1,49,0,50,61,78,98,0,237,54,0,54,291
02/27/2023,BZN,MT,ANM,WE,Federal Contract Tower,61,23,42,0,126,0,3,158,0,161,61,26,200,0,287,252,0,252,539
02/28/2023,BZN,MT,ANM,WE,Federal Contract Tower,56,24,37,0,117,0,4,98,0,102,56,28,135,0,219,182,0,182,401
03/01/2023,BZN,MT,ANM,WE,Federal Contract Tower,60,40,55,0,155,0,2,167,0,169,60,42,222,0,324,256,0,256,580
03/02/2023,BZN,MT,ANM,WE,Federal Contract Tower,60,49,46,0,155,0,2,120,0,122,60,51,166,0,277,188,0,188,465
03/03/2023,BZN,MT,ANM,WE,Federal Contract Tower,60,40,34,0,134,0,0,77,0,77,60,40,111,0,211,160,0,160,371
03/04/2023,BZN,MT,ANM,WE,Federal Contract Tower,71,31,38,0,140,0,5,105,0,110,71,36,143,0,250,96,0,96,346
03/05/2023,BZN,MT,ANM,WE,Federal Contract Tower,59,35,41,0,135,0,0,3,0,3,59,35,44,0,138,2,0,2,140
03/06/2023,BZN,MT,ANM,WE,Federal Contract Tower,59,34,35,0,128,0,0,46,0,46,59,34,81,0,174,84,0,84,258
03/07/2023,BZN,MT,ANM,WE,Federal Contract Tower,54,26,56,4,140,0,0,190,14,204,54,26,246,18,344,158,0,158,502
03/08/2023,BZN,MT,ANM,WE,Federal Contract Tower,61,36,65,0,162,0,0,174,0,174,61,36,239,0,336,160,0,160,496
03/09/2023,BZN,MT,ANM,WE,Federal Contract Tower,61,52,70,0,183,0,1,132,0,133,61,53,202,0,316,164,0,164,480
03/10/2023,BZN,MT,ANM,WE,Federal Contract Tower,63,55,54,0,172,0,0,19,0,19,63,55,73,0,191,67,0,67,258
03/11/2023,BZN,MT,ANM,WE,Federal Contract Tower,66,53,60,0,179,0,0,78,0,78,66,53,138,0,257,144,0,144,401
03/12/2023,BZN,MT,ANM,WE,Federal Contract Tower,59,59,66,0,184,0,0,51,0,51,59,59,117,0,235,50,0,50,285
03/13/2023,BZN,MT,ANM,WE,Federal Contract Tower,62,32,35,4,133,0,3,99,0,102,62,35,134,4,235,178,0,178,413
03/14/2023,BZN,MT,ANM,WE,Federal Contract Tower,57,26,40,0,123,0,0,45,0,45,57,26,85,0,168,92,0,92,260
03/15/2023,BZN,MT,ANM,WE,Federal Contract Tower,60,36,21,0,117,0,0,1,0,1,60,36,22,0,118,28,0,28,146
03/16/2023,BZN,MT,ANM,WE,Federal Contract Tower,63,48,38,0,149,0,3,98,1,102,63,51,136,1,251,188,8,196,447
03/17/2023,BZN,MT,ANM,WE,Federal Contract Tower,58,54,52,0,164,0,4,134,0,138,58,58,186,0,302,163,0,163,465
03/18/2023,BZN,MT,ANM,WE,Federal Contract Tower,68,39,58,0,165,0,3,65,0,68,68,42,123,0,233,84,0,84,317
03/19/2023,BZN,MT,ANM,WE,Federal Contract Tower,54,74,54,0,182,0,2,63,0,65,54,76,117,0,247,67,0,67,314
03/20/2023,BZN,MT,ANM,WE,Federal Contract Tower,58,37,48,0,143,0,0,82,0,82,58,37,130,0,225,256,0,256,481
03/21/2023,BZN,MT,ANM,WE,Federal Contract Tower,55,34,20,0,109,0,0,29,0,29,55,34,49,0,138,44,0,44,182
03/22/2023,BZN,MT,ANM,WE,Federal Contract Tower,57,28,64,2,151,0,3,196,0,199,57,31,260,2,350,262,0,262,612
03/23/2023,BZN,MT,ANM,WE,Federal Contract Tower,57,61,67,0,185,0,0,198,0,198,57,61,265,0,383,278,0,278,661
03/24/2023,BZN,MT,ANM,WE,Federal Contract Tower,56,35,34,0,125,0,0,58,0,58,56,35,92,0,183,238,0,238,421
03/25/2023,BZN,MT,ANM,WE,Federal Contract Tower,54,21,33,0,108,0,0,0,0,0,54,21,33,0,108,0,0,0,108
03/26/2023,BZN,MT,ANM,WE,Federal Contract Tower,42,45,36,0,123,0,0,1,0,1,42,45,37,0,124,0,0,0,124
03/27/2023,BZN,MT,ANM,WE,Federal Contract Tower,54,30,30,0,114,0,1,98,0,99,54,31,128,0,213,32,0,32,245
03/28/2023,BZN,MT,ANM,WE,Federal Contract Tower,44,24,41,0,109,0,2,178,0,180,44,26,219,0,289,88,0,88,377
03/29/2023,BZN,MT,ANM,WE,Federal Contract Tower,46,24,38,0,108,0,1,33,0,34,46,25,71,0,142,70,0,70,212
03/30/2023,BZN,MT,ANM,WE,Federal Contract Tower,47,44,23,0,114,0,0,13,0,13,47,44,36,0,127,28,0,28,155
03/31/2023,BZN,MT,ANM,WE,Federal Contract Tower,46,47,54,0,147,0,0,165,0,165,46,47,219,0,312,146,0,146,458
04/01/2023,BZN,MT,ANM,WE,Federal Contract Tower,44,37,33,0,114,0,4,58,0,62,44,41,91,0,176,102,0,102,278
04/02/2023,BZN,MT,ANM,WE,Federal Contract Tower,45,46,35,0,126,0,3,15,0,18,45,49,50,0,144,4,0,4,148
04/03/2023,BZN,MT,ANM,WE,Federal Contract Tower,49,31,51,0,131,0,1,144,0,145,49,32,195,0,276,238,0,238,514
04/04/2023,BZN,MT,ANM,WE,Federal Contract Tower,41,31,24,1,97,0,0,59,1,60,41,31,83,2,157,174,32,206,363
04/05/2023,BZN,MT,ANM,WE,Federal Contract Tower,41,23,52,5,121,0,0,178,1,179,41,23,230,6,300,206,20,226,526
04/06/2023,BZN,MT,ANM,WE,Federal Contract Tower,42,40,69,1,152,0,3,186,6,195,42,43,255,7,347,230,0,230,577
04/07/2023,BZN,MT,ANM,WE,Federal Contract Tower,48,39,57,0,144,0,1,183,12,196,48,40,240,12,340,215,0,215,555
04/08/2023,BZN,MT,ANM,WE,Federal Contract Tower,39,23,28,0,90,0,0,62,1,63,39,23,90,1,153,100,0,100,253
04/09/2023,BZN,MT,ANM,WE,Federal Contract Tower,35,27,25,0,87,0,0,50,0,50,35,27,75,0,137,58,0,58,195
04/10/2023,BZN,MT,ANM,WE,Federal Contract Tower,46,32,50,0,128,0,1,142,2,145,46,33,192,2,273,278,0,278,551
04/11/2023,BZN,MT,ANM,WE,Federal Contract Tower,38,30,34,0,102,0,2,54,1,57,38,32,88,1,159,94,0,94,253
04/12/2023,BZN,MT,ANM,WE,Federal Contract Tower,39,30,40,0,109,0,2,148,3,153,39,32,188,3,262,244,2,246,508
04/13/2023,BZN,MT,ANM,WE,Federal Contract Tower,44,19,16,0,79,0,0,0,0,0,44,19,16,0,79,0,0,0,79
04/14/2023,BZN,MT,ANM,WE,Federal Contract Tower,48,18,41,1,108,0,4,78,1,83,48,22,119,2,191,428,0,428,619
04/15/2023,BZN,MT,ANM,WE,Federal Contract Tower,37,24,29,3,93,0,0,143,6,149,37,24,172,9,242,198,0,198,440
04/16/2023,BZN,MT,ANM,WE,Federal Contract Tower,34,19,39,1,93,0,0,67,2,69,34,19,106,3,162,92,0,92,254
04/17/2023,BZN,MT,ANM,WE,Federal Contract Tower,42,22,45,1,110,0,5,138,0,143,42,27,183,1,253,270,0,270,523
04/18/2023,BZN,MT,ANM,WE,Federal Contract Tower,40,10,29,0,79,0,0,120,0,120,40,10,149,0,199,140,0,140,339
04/19/2023,BZN,MT,ANM,WE,Federal Contract Tower,39,18,16,0,73,0,0,0,0,0,39,18,16,0,73,0,0,0,73
04/20/2023,BZN,MT,ANM,WE,Federal Contract Tower,44,16,24,0,84,0,3,62,0,65,44,19,86,0,149,196,0,196,345
04/21/2023,BZN,MT,ANM,WE,Federal Contract Tower,45,15,20,0,80,0,0,14,0,14,45,15,34,0,94,52,0,52,146
04/22/2023,BZN,MT,ANM,WE,Federal Contract Tower,39,10,28,0,77,0,1,111,0,112,39,11,139,0,189,179,0,179,368
04/23/2023,BZN,MT,ANM,WE,Federal Contract Tower,38,10,26,0,74,0,2,81,0,83,38,12,107,0,157,98,0,98,255
04/24/2023,BZN,MT,ANM,WE,Federal Contract Tower,43,18,33,0,94,0,1,124,0,125,43,19,157,0,219,216,0,216,435
04/25/2023,BZN,MT,ANM,WE,Federal Contract Tower,39,9,27,0,75,0,1,50,0,51,39,10,77,0,126,122,0,122,248
04/26/2023,BZN,MT,ANM,WE,Federal Contract Tower,41,12,42,0,95,0,4,180,0,184,41,16,222,0,279,240,0,240,519
04/27/2023,BZN,MT,ANM,WE,Federal Contract Tower,42,20,10,0,72,0,1,32,0,33,42,21,42,0,105,120,0,120,225
04/28/2023,BZN,MT,ANM,WE,Federal Contract Tower,41,10,46,0,97,0,4,230,2,236,41,14,276,2,333,303,0,303,636
04/29/2023,BZN,MT,ANM,WE,Federal Contract Tower,36,12,7,0,55,0,2,93,0,95,36,14,100,0,150,47,0,47,197
04/30/2023,BZN,MT,ANM,WE,Federal Contract Tower,35,6,14,0,55,0,2,84,0,86,35,8,98,0,141,92,0,92,233
05/01/2023,BZN,MT,ANM,WE,Federal Contract Tower,47,16,39,0,102,0,0,133,0,133,47,16,172,0,235,158,0,158,393
05/02/2023,BZN,MT,ANM,WE,Federal Contract Tower,38,18,26,0,82,0,0,123,0,123,38,18,149,0,205,214,0,214,419
05/03/2023,BZN,MT,ANM,WE,Federal Contract Tower,40,21,35,0,96,0,2,186,0,188,40,23,221,0,284,310,0,310,594
05/04/2023,BZN,MT,ANM,WE,Federal Contract Tower,43,14,45,0,102,0,2,159,0,161,43,16,204,0,263,154,0,154,417
05/05/2023,BZN,MT,ANM,WE,Federal Contract Tower,46,18,19,3,86,0,0,85,2,87,46,18,104,5,173,170,0,170,343
05/06/2023,BZN,MT,ANM,WE,Federal Contract Tower,36,11,17,0,64,0,0,31,4,35,36,11,48,4,99,84,0,84,183
05/07/2023,BZN,MT,ANM,WE,Federal Contract Tower,36,9,11,0,56,0,1,29,0,30,36,10,40,0,86,44,0,44,130
05/08/2023,BZN,MT,ANM,WE,Federal Contract Tower,44,17,31,0,92,0,1,125,0,126,44,18,156,0,218,164,0,164,382
05/09/2023,BZN,MT,ANM,WE,Federal Contract Tower,38,7,38,0,83,0,2,99,0,101,38,9,137,0,184,150,0,150,334
05/10/2023,BZN,MT,ANM,WE,Federal Contract Tower,40,23,42,0,105,0,2,165,0,167,40,25,207,0,272,234,0,234,506
05/11/2023,BZN,MT,ANM,WE,Federal Contract Tower,42,24,19,0,85,0,1,59,0,60,42,25,78,0,145,97,0,97,242
05/12/2023,BZN,MT,ANM,WE,Federal Contract Tower,46,17,36,0,99,0,1,72,0,73,46,18,108,0,172,228,0,228,400
05/13/2023,BZN,MT,ANM,WE,Federal Contract Tower,35,15,25,0,75,0,0,49,0,49,35,15,74,0,124,67,0,67,191
05/14/2023,BZN,MT,ANM,WE,Federal Contract Tower,36,17,17,0,70,0,0,26,0,26,36,17,43,0,96,45,0,45,141
05/15/2023,BZN,MT,ANM,WE,Federal Contract Tower,45,19,23,0,87,0,2,110,0,112,45,21,133,0,199,220,0,220,419
05/16/2023,BZN,MT,ANM,WE,Federal Contract Tower,40,12,43,0,95,0,2,142,0,144,40,14,185,0,239,240,0,240,479
05/17/2023,BZN,MT,ANM,WE,Federal Contract Tower,41,19,41,0,101,0,0,57,0,57,41,19,98,0,158,192,0,192,350
05/18/2023,BZN,MT,ANM,WE,Federal Contract Tower,44,16,36,0,96,0,2,110,0,112,44,18,146,0,208,156,0,156,364
05/19/2023,BZN,MT,ANM,WE,Federal Contract Tower,46,25,26,0,97,0,0,78,0,78,46,25,104,0,175,182,0,182,357
05/20/2023,BZN,MT,ANM,WE,Federal Contract Tower,39,13,10,0,62,0,3,68,0,71,39,16,78,0,133,171,0,171,304
05/21/2023,BZN,MT,ANM,WE,Federal Contract Tower,39,8,16,0,63,0,4,54,2,60,39,12,70,2,123,118,0,118,241
05/22/2023,BZN,MT,ANM,WE,Federal Contract Tower,51,17,35,0,103,0,7,124,1,132,51,24,159,1,235,156,0,156,391
05/23/2023,BZN,MT,ANM,WE,Federal Contract Tower,40,10,39,0,89,0,6,168,6,180,40,16,207,6,269,180,0,180,449
05/24/2023,BZN,MT,ANM,WE,Federal Contract Tower,40,19,35,0,94,0,2,89,0,91,40,21,124,0,185,196,0,196,381
05/25/2023,BZN,MT,ANM,WE,Federal Contract Tower,44,21,24,0,89,0,6,51,0,57,44,27,75,0,146,88,0,88,234
05/26/2023,BZN,MT,ANM,WE,Federal Contract Tower,45,19,42,0,106,0,0,23,0,23,45,19,65,0,129,34,0,34,163
05/27/2023,BZN,MT,ANM,WE,Federal Contract Tower,39,15,10,0,64,0,6,38,0,44,39,21,48,0,108,94,0,94,202
05/28/2023,BZN,MT,ANM,WE,Federal Contract Tower,38,16,22,0,76,0,1,59,0,60,38,17,81,0,136,96,0,96,232
05/29/2023,BZN,MT,ANM,WE,Federal Contract Tower,46,8,27,0,81,0,1,88,0,89,46,9,115,0,170,58,0,58,228
05/30/2023,BZN,MT,ANM,WE,Federal Contract Tower,41,15,34,0,90,0,0,132,0,132,41,15,166,0,222,148,0,148,370
05/31/2023,BZN,MT,ANM,WE,Federal Contract Tower,43,15,31,0,89,0,3,131,0,134,43,18,162,0,223,140,0,140,363
06/01/2023,BZN,MT,ANM,WE,Federal Contract Tower,48,25,43,0,116,0,0,119,0,119,48,25,162,0,235,100,0,100,335
06/02/2023,BZN,MT,ANM,WE,Federal Contract Tower,56,18,22,1,97,0,0,12,0,12,56,18,34,1,109,22,0,22,131
06/03/2023,BZN,MT,ANM,WE,Federal Contract Tower,55,18,10,3,86,0,0,3,0,3,55,18,13,3,89,2,0,2,91
06/04/2023,BZN,MT,ANM,WE,Federal Contract Tower,56,14,28,0,98,0,0,29,0,29,56,14,57,0,127,48,0,48,175
06/05/2023,BZN,MT,ANM,WE,Federal Contract Tower,55,11,35,0,101,0,0,130,0,130,55,11,165,0,231,252,0,252,483
06/06/2023,BZN,MT,ANM,WE,Federal Contract Tower,53,12,25,0,90,0,0,131,0,131,53,12,156,0,221,194,0,194,415
06/07/2023,BZN,MT,ANM,WE,Federal Contract Tower,60,18,32,1,111,0,1,133,6,140,60,19,165,7,251,200,0,200,451
06/08/2023,BZN,MT,ANM,WE,Federal Contract Tower,57,22,24,0,103,0,2,34,0,36,57,24,58,0,139,40,0,40,179
06/09/2023,BZN,MT,ANM,WE,Federal Contract Tower,58,16,39,3,116,0,1,119,2,122,58,17,158,5,238,217,0,217,455
06/10/2023,BZN,MT,ANM,WE,Federal Contract Tower,66,41,16,0,123,0,1,52,11,64,66,42,68,11,187,86,2,88,275
06/11/2023,BZN,MT,ANM,WE,Federal Contract Tower,52,16,26,0,94,0,3,58,0,61,52,19,84,0,155,89,0,89,244
06/12/2023,BZN,MT,ANM,WE,Federal Contract Tower,55,22,28,0,105,0,2,72,0,74,55,24,100,0,179,200,0,200,379
06/13/2023,BZN,MT,ANM,WE,Federal Contract Tower,56,15,36,0,107,0,3,124,0,127,56,18,160,0,234,142,0,142,376
06/14/2023,BZN,MT,ANM,WE,Federal Contract Tower,58,11,34,0,103,0,3,107,0,110,58,14,141,0,213,194,0,194,407
06/15/2023,BZN,MT,ANM,WE,Federal Contract Tower,64,31,49,0,144,0,3,149,0,152,64,34,198,0,296,148,0,148,444
06/16/2023,BZN,MT,ANM,WE,Federal Contract Tower,65,36,31,2,134,0,3,148,0,151,65,39,179,2,285,182,0,182,467
06/17/2023,BZN,MT,ANM,WE,Federal Contract Tower,71,34,15,0,120,1,2,73,0,76,72,36,88,0,196,94,0,94,290
06/18/2023,BZN,MT,ANM,WE,Federal Contract Tower,68,19,24,0,111,0,0,13,0,13,68,19,37,0,124,24,0,24,148
06/19/2023,BZN,MT,ANM,WE,Federal Contract Tower,64,25,38,0,127,0,0,104,0,104,64,25,142,0,231,102,0,102,333
06/20/2023,BZN,MT,ANM,WE,Federal Contract Tower,58,19,30,0,107,0,2,119,0,121,58,21,149,0,228,148,0,148,376
06/21/2023,BZN,MT,ANM,WE,Federal Contract Tower,60,25,46,0,131,0,2,129,0,131,60,27,175,0,262,186,0,186,448
06/22/2023,BZN,MT,ANM,WE,Federal Contract Tower,66,33,50,0,149,0,6,176,0,182,66,39,226,0,331,149,0,149,480
06/23/2023,BZN,MT,ANM,WE,Federal Contract Tower,65,30,35,0,130,0,5,71,0,76,65,35,106,0,206,88,0,88,294
06/24/2023,BZN,MT,ANM,WE,Federal Contract Tower,76,25,21,0,122,0,2,69,0,71,76,27,90,0,193,42,0,42,235
06/25/2023,BZN,MT,ANM,WE,Federal Contract Tower,68,40,37,0,145,0,2,73,0,75,68,42,110,0,220,84,0,84,304
06/26/2023,BZN,MT,ANM,WE,Federal Contract Tower,61,22,31,0,114,0,0,112,0,112,61,22,143,0,226,190,0,190,416
06/27/2023,BZN,MT,ANM,WE,Federal Contract Tower,53,26,40,0,119,0,0,117,0,117,53,26,157,0,236,128,0,128,364
06/28/2023,BZN,MT,ANM,WE,Federal Contract Tower,54,50,40,0,144,0,2,88,0,90,54,52,128,0,234,96,0,96,330
06/29/2023,BZN,MT,ANM,WE,Federal Contract Tower,55,39,35,0,129,0,3,135,0,138,55,42,170,0,267,176,0,176,443
06/30/2023,BZN,MT,ANM,WE,Federal Contract Tower,66,55,54,0,175,0,4,131,0,135,66,59,185,0,310,148,0,148,458
07/01/2023,BZN,MT,ANM,WE,Federal Contract Tower,75,52,53,0,180,0,2,76,0,78,75,54,129,0,258,109,0,109,367
07/02/2023,BZN,MT,ANM,WE,Federal Contract Tower,69,21,30,0,120,0,2,73,0,75,69,23,103,0,195,84,0,84,279
07/03/2023,BZN,MT,ANM,WE,Federal Contract Tower,63,24,35,0,122,0,3,89,0,92,63,27,124,0,214,64,0,64,278
07/04/2023,BZN,MT,ANM,WE,Federal Contract Tower,51,16,17,0,84,0,3,46,0,49,51,19,63,0,133,12,0,12,145
07/05/2023,BZN,MT,ANM,WE,Federal Contract Tower,64,42,52,0,158,0,8,132,0,140,64,50,184,0,298,74,0,74,372
07/06/2023,BZN,MT,ANM,WE,Federal Contract Tower,68,40,63,1,172,0,1,84,1,86,68,41,147,2,258,86,0,86,344
07/07/2023,BZN,MT,ANM,WE,Federal Contract Tower,71,40,42,4,157,0,3,131,5,139,71,43,173,9,296,161,0,161,457
07/08/2023,BZN,MT,ANM,WE,Federal Contract Tower,75,53,30,0,158,0,8,111,7,126,75,61,141,7,284,96,0,96,380
07/09/2023,BZN,MT,ANM,WE,Federal Contract Tower,68,46,61,0,175,0,5,67,5,77,68,51,128,5,252,48,0,48,300
07/10/2023,BZN,MT,ANM,WE,Federal Contract Tower,62,32,49,0,143,0,1,93,0,94,62,33,142,0,237,194,0,194,431
07/11/2023,BZN,MT,ANM,WE,Federal Contract Tower,57,36,41,0,134,0,0,160,0,160,57,36,201,0,294,160,0,160,454
07/12/2023,BZN,MT,ANM,WE,Federal Contract Tower,65,35,53,7,160,0,6,152,0,158,65,41,205,7,318,184,20,204,522
07/13/2023,BZN,MT,ANM,WE,Federal Contract Tower,63,37,54,0,154,0,0,123,3,126,63,37,177,3,280,110,0,110,390
07/14/2023,BZN,MT,ANM,WE,Federal Contract Tower,64,36,48,2,150,0,5,167,0,172,64,41,215,2,322,240,0,240,562
07/15/2023,BZN,MT,ANM,WE,Federal Contract Tower,78,53,44,1,176,0,3,131,0,134,78,56,175,1,310,143,0,143,453
07/16/2023,BZN,MT,ANM,WE,Federal Contract Tower,71,48,47,2,168,0,1,93,2,96,71,49,140,4,264,74,0,74,338
07/17/2023,BZN,MT,ANM,WE,Federal Contract Tower,63,29,37,0,129,0,1,91,1,93,63,30,128,1,222,130,0,130,352
07/18/2023,BZN,MT,ANM,WE,Federal Contract Tower,54,32,39,0,125,0,3,138,0,141,54,35,177,0,266,208,0,208,474
07/19/2023,BZN,MT,ANM,WE,Federal Contract Tower,62,34,56,0,152,0,3,189,4,196,62,37,245,4,348,174,0,174,522
07/20/2023,BZN,MT,ANM,WE,Federal Contract Tower,62,48,58,1,169,0,3,134,0,137,62,51,192,1,306,172,0,172,478
07/21/2023,BZN,MT,ANM,WE,Federal Contract Tower,64,32,45,1,142,0,1,154,0,155,64,33,199,1,297,152,0,152,449
07/23/2023,BZN,MT,ANM,WE,Federal Contract Tower,66,57,45,0,168,0,4,63,0,67,66,61,108,0,235,146,0,146,381
07/24/2023,BZN,MT,ANM,WE,Federal Contract Tower,63,32,41,0,136,0,3,104,0,107,63,35,145,0,243,142,0,142,385
07/25/2023,BZN,MT,ANM,WE,Federal Contract Tower,57,28,48,0,133,0,0,133,0,133,57,28,181,0,266,202,0,202,468
07/26/2023,BZN,MT,ANM,WE,Federal Contract Tower,58,39,47,0,144,0,3,142,0,145,58,42,189,0,289,148,0,148,437
07/27/2023,BZN,MT,ANM,WE,Federal Contract Tower,63,33,41,0,137,0,13,106,0,119,63,46,147,0,256,92,0,92,348
07/28/2023,BZN,MT,ANM,WE,Federal Contract Tower,64,50,32,2,148,0,1,126,0,127,64,51,158,2,275,82,0,82,357
07/29/2023,BZN,MT,ANM,WE,Federal Contract Tower,76,39,28,0,143,0,3,95,5,103,76,42,123,5,246,64,0,64,310
07/30/2023,BZN,MT,ANM,WE,Federal Contract Tower,68,46,47,0,161,0,0,43,0,43,68,46,90,0,204,32,0,32,236
07/31/2023,BZN,MT,ANM,WE,Federal Contract Tower,63,49,40,0,152,0,4,102,0,106,63,53,142,0,258,104,0,104,362
08/01/2023,BZN,MT,ANM,WE,Federal Contract Tower,55,38,46,1,140,0,4,135,2,141,55,42,181,3,281,142,0,142,423
08/02/2023,BZN,MT,ANM,WE,Federal Contract Tower,62,51,62,0,175,0,2,143,0,145,62,53,205,0,320,202,0,202,522
08/03/2023,BZN,MT,ANM,WE,Federal Contract Tower,63,33,61,0,157,0,6,87,0,93,63,39,148,0,250,112,0,112,362
08/04/2023,BZN,MT,ANM,WE,Federal Contract Tower,64,45,37,0,146,0,3,98,0,101,64,48,135,0,247,200,0,200,447
08/05/2023,BZN,MT,ANM,WE,Federal Contract Tower,80,43,23,0,146,1,71,0,0,72,81,114,23,0,218,110,0,110,328
08/07/2023,BZN,MT,ANM,WE,Federal Contract Tower,63,29,31,0,123,0,3,61,6,70,63,32,92,6,193,68,0,68,261
08/08/2023,BZN,MT,ANM,WE,Federal Contract Tower,58,33,56,0,147,0,1,132,0,133,58,34,188,0,280,222,0,222,502
08/09/2023,BZN,MT,ANM,WE,Federal Contract Tower,62,44,35,0,141,0,2,130,0,132,62,46,165,0,273,102,0,102,375
08/10/2023,BZN,MT,ANM,WE,Federal Contract Tower,64,46,47,0,157,0,6,121,0,127,64,52,168,0,284,74,0,74,358
08/11/2023,BZN,MT,ANM,WE,Federal Contract Tower,67,34,45,6,152,0,2,127,2,131,67,36,172,8,283,85,6,91,374
08/12/2023,BZN,MT,ANM,WE,Federal Contract Tower,76,32,28,0,136,0,1,69,0,70,76,33,97,0,206,42,0,42,248
08/13/2023,BZN,MT,ANM,WE,Federal Contract Tower,70,48,29,0,147,0,3,70,0,73,70,51,99,0,220,50,0,50,270
08/14/2023,BZN,MT,ANM,WE,Federal Contract Tower,65,31,37,0,133,0,0,149,1,150,65,31,186,1,283,176,0,176,459
08/15/2023,BZN,MT,ANM,WE,Federal Contract Tower,57,31,50,0,138,0,4,175,0,179,57,35,225,0,317,163,0,163,480
08/16/2023,BZN,MT,ANM,WE,Federal Contract Tower,60,39,55,1,155,0,5,110,0,115,60,44,165,1,270,130,0,130,400
08/17/2023,BZN,MT,ANM,WE,Federal Contract Tower,66,36,44,0,146,0,4,97,0,101,66,40,141,0,247,92,0,92,339
08/18/2023,BZN,MT,ANM,WE,Federal Contract Tower,64,37,42,1,144,0,0,82,0,82,64,37,124,1,226,92,0,92,318
08/19/2023,BZN,MT,ANM,WE,Federal Contract Tower,80,23,21,2,126,0,1,74,0,75,80,24,95,2,201,75,0,75,276
08/20/2023,BZN,MT,ANM,WE,Federal Contract Tower,69,52,41,0,162,0,0,12,0,12,69,52,53,0,174,12,0,12,186
08/21/2023,BZN,MT,ANM,WE,Federal Contract Tower,67,30,53,7,157,0,1,26,0,27,67,31,79,7,184,6,0,6,190
08/22/2023,BZN,MT,ANM,WE,Federal Contract Tower,59,26,47,0,132,0,1,121,0,122,59,27,168,0,254,196,0,196,450
08/23/2023,BZN,MT,ANM,WE,Federal Contract Tower,60,52,65,0,177,0,3,140,0,143,60,55,205,0,320,98,0,98,418
08/24/2023,BZN,MT,ANM,WE,Federal Contract Tower,64,36,41,7,148,0,2,114,1,117,64,38,155,8,265,142,14,156,421
08/25/2023,BZN,MT,ANM,WE,Federal Contract Tower,69,38,60,1,168,0,1,186,0,187,69,39,246,1,355,266,0,266,621
08/26/2023,BZN,MT,ANM,WE,Federal Contract Tower,78,28,40,1,147,0,4,114,2,120,78,32,154,3,267,66,0,66,333
08/27/2023,BZN,MT,ANM,WE,Federal Contract Tower,73,40,41,2,156,0,3,80,0,83,73,43,121,2,239,86,0,86,325
08/28/2023,BZN,MT,ANM,WE,Federal Contract Tower,65,37,55,0,157,1,2,213,1,217,66,39,268,1,374,139,0,139,513
08/29/2023,BZN,MT,ANM,WE,Federal Contract Tower,55,27,32,0,114,0,1,206,0,207,55,28,238,0,321,172,0,172,493
08/30/2023,BZN,MT,ANM,WE,Federal Contract Tower,63,49,32,0,144,0,5,112,0,117,63,54,144,0,261,88,0,88,349
08/31/2023,BZN,MT,ANM,WE,Federal Contract Tower,65,33,49,0,147,0,4,217,0,221,65,37,266,0,368,198,0,198,566
