01/01/2020,CAE,SC,ASO,ES,Combined TRACON& Tower with Radar,23,33,10,0,66,0,0,7,0,7,23,33,17,0,73,0,0,0,73
01/02/2020,CAE,SC,ASO,ES,Combined TRACON& Tower with Radar,40,64,29,7,140,0,0,13,1,14,40,64,42,8,154,6,15,21,175
01/03/2020,CAE,SC,ASO,ES,Combined TRACON& Tower with Radar,50,48,20,2,120,0,0,4,0,4,50,48,24,2,124,0,0,0,124
01/04/2020,CAE,SC,ASO,ES,Combined TRACON& Tower with Radar,31,40,14,0,85,0,0,5,0,5,31,40,19,0,90,0,0,0,90
01/05/2020,CAE,SC,ASO,ES,Combined TRACON& Tower with Radar,32,37,27,2,98,0,0,25,0,25,32,37,52,2,123,4,0,4,127
01/06/2020,CAE,SC,ASO,ES,Combined TRACON& Tower with Radar,47,45,16,18,126,0,0,33,0,33,47,45,49,18,159,14,16,30,189
01/07/2020,CAE,SC,ASO,ES,Combined TRACON& Tower with Radar,55,53,31,2,141,0,0,3,0,3,55,53,34,2,144,0,0,0,144
01/08/2020,CAE,SC,ASO,ES,Combined TRACON& Tower with Radar,51,54,38,13,156,0,0,26,5,31,51,54,64,18,187,0,67,67,254
01/09/2020,CAE,SC,ASO,ES,Combined TRACON& Tower with Radar,56,64,28,17,165,0,0,28,2,30,56,64,56,19,195,0,12,12,207
01/10/2020,CAE,SC,ASO,ES,Combined TRACON& Tower with Radar,44,58,20,2,124,0,0,12,0,12,44,58,32,2,136,10,0,10,146
01/11/2020,CAE,SC,ASO,ES,Combined TRACON& Tower with Radar,38,24,13,2,77,0,0,0,0,0,38,24,13,2,77,0,0,0,77
01/12/2020,CAE,SC,ASO,ES,Combined TRACON& Tower with Radar,38,37,28,0,103,0,0,0,0,0,38,37,28,0,103,0,0,0,103
01/13/2020,CAE,SC,ASO,ES,Combined TRACON& Tower with Radar,45,49,24,0,118,0,0,0,0,0,45,49,24,0,118,0,0,0,118
01/14/2020,CAE,SC,ASO,ES,Combined TRACON& Tower with Radar,55,56,37,20,168,0,0,0,0,0,55,56,37,20,168,0,28,28,196
01/15/2020,CAE,SC,ASO,ES,Combined TRACON& Tower with Radar,53,62,47,18,180,0,3,10,2,15,53,65,57,20,195,6,28,34,229
01/16/2020,CAE,SC,ASO,ES,Combined TRACON& Tower with Radar,53,61,48,0,162,0,4,21,0,25,53,65,69,0,187,8,0,8,195
01/17/2020,CAE,SC,ASO,ES,Combined TRACON& Tower with Radar,51,58,28,6,143,0,0,22,0,22,51,58,50,6,165,0,10,10,175
01/18/2020,CAE,SC,ASO,ES,Combined TRACON& Tower with Radar,30,30,10,0,70,0,0,8,0,8,30,30,18,0,78,0,0,0,78
01/19/2020,CAE,SC,ASO,ES,Combined TRACON& Tower with Radar,35,25,22,4,86,0,0,13,0,13,35,25,35,4,99,0,0,0,99
01/20/2020,CAE,SC,ASO,ES,Combined TRACON& Tower with Radar,43,49,43,4,139,0,1,21,1,23,43,50,64,5,162,8,0,8,170
01/21/2020,CAE,SC,ASO,ES,Combined TRACON& Tower with Radar,56,64,34,0,154,0,2,17,4,23,56,66,51,4,177,2,0,2,179
01/22/2020,CAE,SC,ASO,ES,Combined TRACON& Tower with Radar,54,58,39,12,163,0,0,26,4,30,54,58,65,16,193,12,18,30,223
01/23/2020,CAE,SC,ASO,ES,Combined TRACON& Tower with Radar,55,57,46,4,162,0,0,18,0,18,55,57,64,4,180,0,0,0,180
01/24/2020,CAE,SC,ASO,ES,Combined TRACON& Tower with Radar,50,57,23,2,132,0,0,0,0,0,50,57,23,2,132,0,0,0,132
01/25/2020,CAE,SC,ASO,ES,Combined TRACON& Tower with Radar,36,29,18,2,85,0,0,23,0,23,36,29,41,2,108,12,26,38,146
01/26/2020,CAE,SC,ASO,ES,Combined TRACON& Tower with Radar,39,33,22,2,96,0,0,38,0,38,39,33,60,2,134,0,0,0,134
01/27/2020,CAE,SC,ASO,ES,Combined TRACON& Tower with Radar,44,48,26,30,148,0,0,7,0,7,44,48,33,30,155,22,52,74,229
01/28/2020,CAE,SC,ASO,ES,Combined TRACON& Tower with Radar,52,54,42,10,158,0,2,36,2,40,52,56,78,12,198,4,12,16,214
01/29/2020,CAE,SC,ASO,ES,Combined TRACON& Tower with Radar,52,57,55,0,164,0,0,24,0,24,52,57,79,0,188,6,0,6,194
01/30/2020,CAE,SC,ASO,ES,Combined TRACON& Tower with Radar,50,74,46,21,191,0,3,19,2,24,50,77,65,23,215,4,14,18,233
01/31/2020,CAE,SC,ASO,ES,Combined TRACON& Tower with Radar,48,55,19,6,128,0,0,1,0,1,48,55,20,6,129,0,0,0,129
02/01/2020,CAE,SC,ASO,ES,Combined TRACON& Tower with Radar,35,30,32,2,99,0,0,0,0,0,35,30,32,2,99,0,0,0,99
02/02/2020,CAE,SC,ASO,ES,Combined TRACON& Tower with Radar,37,27,24,4,92,0,0,29,0,29,37,27,53,4,121,0,0,0,121
02/03/2020,CAE,SC,ASO,ES,Combined TRACON& Tower with Radar,45,55,33,2,135,0,0,34,0,34,45,55,67,2,169,4,0,4,173
02/04/2020,CAE,SC,ASO,ES,Combined TRACON& Tower with Radar,52,58,37,6,153,0,0,28,0,28,52,58,65,6,181,30,0,30,211
02/05/2020,CAE,SC,ASO,ES,Combined TRACON& Tower with Radar,51,65,44,13,173,0,0,12,4,16,51,65,56,17,189,12,0,12,201
02/06/2020,CAE,SC,ASO,ES,Combined TRACON& Tower with Radar,46,49,15,0,110,0,0,0,0,0,46,49,15,0,110,0,0,0,110
02/07/2020,CAE,SC,ASO,ES,Combined TRACON& Tower with Radar,46,53,25,29,153,0,0,1,0,1,46,53,26,29,154,0,14,14,168
02/08/2020,CAE,SC,ASO,ES,Combined TRACON& Tower with Radar,30,28,13,10,81,0,0,32,0,32,30,28,45,10,113,26,10,36,149
02/09/2020,CAE,SC,ASO,ES,Combined TRACON& Tower with Radar,37,34,29,0,100,0,0,23,1,24,37,34,52,1,124,2,0,2,126
02/10/2020,CAE,SC,ASO,ES,Combined TRACON& Tower with Radar,45,51,30,0,126,0,0,18,1,19,45,51,48,1,145,0,0,0,145
02/11/2020,CAE,SC,ASO,ES,Combined TRACON& Tower with Radar,55,54,35,6,150,0,0,4,2,6,55,54,39,8,156,0,0,0,156
02/12/2020,CAE,SC,ASO,ES,Combined TRACON& Tower with Radar,55,49,40,12,156,0,0,12,1,13,55,49,52,13,169,0,10,10,179
02/13/2020,CAE,SC,ASO,ES,Combined TRACON& Tower with Radar,62,58,22,3,145,0,0,6,0,6,62,58,28,3,151,0,0,0,151
02/14/2020,CAE,SC,ASO,ES,Combined TRACON& Tower with Radar,55,50,28,6,139,0,2,27,3,32,55,52,55,9,171,8,18,26,197
02/15/2020,CAE,SC,ASO,ES,Combined TRACON& Tower with Radar,34,34,29,0,97,0,2,27,0,29,34,36,56,0,126,0,0,0,126
02/16/2020,CAE,SC,ASO,ES,Combined TRACON& Tower with Radar,34,32,11,0,77,0,0,1,0,1,34,32,12,0,78,0,0,0,78
02/17/2020,CAE,SC,ASO,ES,Combined TRACON& Tower with Radar,49,51,46,0,146,0,0,21,0,21,49,51,67,0,167,0,0,0,167
02/18/2020,CAE,SC,ASO,ES,Combined TRACON& Tower with Radar,54,55,37,0,146,0,0,0,0,0,54,55,37,0,146,0,0,0,146
02/19/2020,CAE,SC,ASO,ES,Combined TRACON& Tower with Radar,55,56,39,0,150,0,0,0,0,0,55,56,39,0,150,0,0,0,150
02/20/2020,CAE,SC,ASO,ES,Combined TRACON& Tower with Radar,61,52,32,0,145,0,0,4,0,4,61,52,36,0,149,0,0,0,149
02/21/2020,CAE,SC,ASO,ES,Combined TRACON& Tower with Radar,55,48,25,24,152,0,1,21,2,24,55,49,46,26,176,0,64,64,240
02/22/2020,CAE,SC,ASO,ES,Combined TRACON& Tower with Radar,34,29,23,6,92,0,0,11,0,11,34,29,34,6,103,18,16,34,137
02/23/2020,CAE,SC,ASO,ES,Combined TRACON& Tower with Radar,45,29,22,0,96,0,2,25,0,27,45,31,47,0,123,8,0,8,131
02/24/2020,CAE,SC,ASO,ES,Combined TRACON& Tower with Radar,50,53,21,6,130,0,0,4,0,4,50,53,25,6,134,4,8,12,146
02/25/2020,CAE,SC,ASO,ES,Combined TRACON& Tower with Radar,54,54,35,16,159,0,0,0,0,0,54,54,35,16,159,0,0,0,159
02/26/2020,CAE,SC,ASO,ES,Combined TRACON& Tower with Radar,57,62,34,6,159,0,2,1,0,3,57,64,35,6,162,0,14,14,176
02/27/2020,CAE,SC,ASO,ES,Combined TRACON& Tower with Radar,56,56,41,9,162,0,0,23,3,26,56,56,64,12,188,0,12,12,200
02/28/2020,CAE,SC,ASO,ES,Combined TRACON& Tower with Radar,56,52,30,36,174,0,0,26,8,34,56,52,56,44,208,24,44,68,276
02/29/2020,CAE,SC,ASO,ES,Combined TRACON& Tower with Radar,37,31,26,0,94,0,2,35,0,37,37,33,61,0,131,0,0,0,131
03/01/2020,CAE,SC,ASO,ES,Combined TRACON& Tower with Radar,43,33,25,1,102,0,4,44,0,48,43,37,69,1,150,12,0,12,162
03/02/2020,CAE,SC,ASO,ES,Combined TRACON& Tower with Radar,48,49,26,10,133,0,0,9,1,10,48,49,35,11,143,0,8,8,151
03/03/2020,CAE,SC,ASO,ES,Combined TRACON& Tower with Radar,54,59,20,0,133,0,0,1,0,1,54,59,21,0,134,0,0,0,134
03/04/2020,CAE,SC,ASO,ES,Combined TRACON& Tower with Radar,55,57,32,0,144,0,0,4,0,4,55,57,36,0,148,0,0,0,148
03/05/2020,CAE,SC,ASO,ES,Combined TRACON& Tower with Radar,59,51,30,1,141,0,0,2,0,2,59,51,32,1,143,0,0,0,143
03/06/2020,CAE,SC,ASO,ES,Combined TRACON& Tower with Radar,53,49,20,21,143,0,1,11,0,12,53,50,31,21,155,0,0,0,155
03/07/2020,CAE,SC,ASO,ES,Combined TRACON& Tower with Radar,34,32,21,1,88,0,1,31,0,32,34,33,52,1,120,8,0,8,128
03/08/2020,CAE,SC,ASO,ES,Combined TRACON& Tower with Radar,39,30,28,10,107,0,0,16,2,18,39,30,44,12,125,14,0,14,139
03/09/2020,CAE,SC,ASO,ES,Combined TRACON& Tower with Radar,49,43,39,13,144,0,0,20,0,20,49,43,59,13,164,0,2,2,166
03/10/2020,CAE,SC,ASO,ES,Combined TRACON& Tower with Radar,57,47,25,22,151,0,0,9,2,11,57,47,34,24,162,2,16,18,180
03/11/2020,CAE,SC,ASO,ES,Combined TRACON& Tower with Radar,56,48,31,44,179,0,0,15,0,15,56,48,46,44,194,0,46,46,240
03/12/2020,CAE,SC,ASO,ES,Combined TRACON& Tower with Radar,57,49,40,12,158,0,0,14,0,14,57,49,54,12,172,0,16,16,188
03/13/2020,CAE,SC,ASO,ES,Combined TRACON& Tower with Radar,50,46,32,12,140,0,0,16,5,21,50,46,48,17,161,0,0,0,161
03/14/2020,CAE,SC,ASO,ES,Combined TRACON& Tower with Radar,36,29,24,2,91,0,0,18,2,20,36,29,42,4,111,0,0,0,111
03/15/2020,CAE,SC,ASO,ES,Combined TRACON& Tower with Radar,42,26,23,0,91,0,0,16,0,16,42,26,39,0,107,0,0,0,107
03/16/2020,CAE,SC,ASO,ES,Combined TRACON& Tower with Radar,48,41,12,0,101,0,0,6,0,6,48,41,18,0,107,0,0,0,107
03/17/2020,CAE,SC,ASO,ES,Combined TRACON& Tower with Radar,54,54,21,2,131,0,0,2,0,2,54,54,23,2,133,6,0,6,139
03/18/2020,CAE,SC,ASO,ES,Combined TRACON& Tower with Radar,57,45,32,6,140,0,0,7,2,9,57,45,39,8,149,0,0,0,149
03/19/2020,CAE,SC,ASO,ES,Combined TRACON& Tower with Radar,54,48,21,19,142,0,0,13,2,15,54,48,34,21,157,0,26,26,183
03/20/2020,CAE,SC,ASO,ES,Combined TRACON& Tower with Radar,47,49,19,10,125,0,0,7,0,7,47,49,26,10,132,0,14,14,146
03/21/2020,CAE,SC,ASO,ES,Combined TRACON& Tower with Radar,33,22,12,2,69,0,0,23,0,23,33,22,35,2,92,30,0,30,122
03/22/2020,CAE,SC,ASO,ES,Combined TRACON& Tower with Radar,34,22,8,0,64,0,0,3,0,3,34,22,11,0,67,0,0,0,67
03/23/2020,CAE,SC,ASO,ES,Combined TRACON& Tower with Radar,41,33,6,10,90,0,0,0,0,0,41,33,6,10,90,0,0,0,90
03/24/2020,CAE,SC,ASO,ES,Combined TRACON& Tower with Radar,39,39,12,14,104,0,0,0,0,0,39,39,12,14,104,0,0,0,104
03/25/2020,CAE,SC,ASO,ES,Combined TRACON& Tower with Radar,27,41,12,0,80,0,0,14,2,16,27,41,26,2,96,0,0,0,96
03/26/2020,CAE,SC,ASO,ES,Combined TRACON& Tower with Radar,30,31,24,6,91,0,0,21,0,21,30,31,45,6,112,6,18,24,136
03/27/2020,CAE,SC,ASO,ES,Combined TRACON& Tower with Radar,25,36,13,12,86,0,0,10,0,10,25,36,23,12,96,0,20,20,116
03/28/2020,CAE,SC,ASO,ES,Combined TRACON& Tower with Radar,18,18,7,0,43,0,0,17,1,18,18,18,24,1,61,0,0,0,61
03/29/2020,CAE,SC,ASO,ES,Combined TRACON& Tower with Radar,18,17,8,0,43,0,0,6,0,6,18,17,14,0,49,0,0,0,49
03/30/2020,CAE,SC,ASO,ES,Combined TRACON& Tower with Radar,26,37,14,16,93,0,1,23,0,24,26,38,37,16,117,50,0,50,167
03/31/2020,CAE,SC,ASO,ES,Combined TRACON& Tower with Radar,28,39,7,2,76,0,0,3,0,3,28,39,10,2,79,7,0,7,86
04/01/2020,CAE,SC,ASO,ES,Combined TRACON& Tower with Radar,33,35,13,2,83,0,0,11,0,11,33,35,24,2,94,34,0,34,128
04/02/2020,CAE,SC,ASO,ES,Combined TRACON& Tower with Radar,32,31,12,0,75,0,0,17,0,17,32,31,29,0,92,16,0,16,108
04/03/2020,CAE,SC,ASO,ES,Combined TRACON& Tower with Radar,24,37,13,8,82,0,0,29,0,29,24,37,42,8,111,4,0,4,115
04/04/2020,CAE,SC,ASO,ES,Combined TRACON& Tower with Radar,19,11,17,0,47,0,0,23,0,23,19,11,40,0,70,16,0,16,86
04/05/2020,CAE,SC,ASO,ES,Combined TRACON& Tower with Radar,20,12,8,4,44,0,1,20,0,21,20,13,28,4,65,32,14,46,111
04/06/2020,CAE,SC,ASO,ES,Combined TRACON& Tower with Radar,29,27,21,8,85,0,0,7,0,7,29,27,28,8,92,40,0,40,132
04/07/2020,CAE,SC,ASO,ES,Combined TRACON& Tower with Radar,30,37,12,6,85,0,0,12,0,12,30,37,24,6,97,18,0,18,115
04/08/2020,CAE,SC,ASO,ES,Combined TRACON& Tower with Radar,31,33,11,19,94,0,0,15,0,15,31,33,26,19,109,20,0,20,129
04/09/2020,CAE,SC,ASO,ES,Combined TRACON& Tower with Radar,29,38,5,1,73,0,1,4,0,5,29,39,9,1,78,0,0,0,78
04/10/2020,CAE,SC,ASO,ES,Combined TRACON& Tower with Radar,24,32,16,16,88,0,0,17,0,17,24,32,33,16,105,10,0,10,115
04/11/2020,CAE,SC,ASO,ES,Combined TRACON& Tower with Radar,19,12,15,0,46,0,0,25,0,25,19,12,40,0,71,18,0,18,89
04/12/2020,CAE,SC,ASO,ES,Combined TRACON& Tower with Radar,20,7,2,0,29,0,0,0,0,0,20,7,2,0,29,0,0,0,29
04/13/2020,CAE,SC,ASO,ES,Combined TRACON& Tower with Radar,18,29,4,0,51,0,0,2,6,8,18,29,6,6,59,0,0,0,59
04/14/2020,CAE,SC,ASO,ES,Combined TRACON& Tower with Radar,30,34,15,22,101,0,1,17,8,26,30,35,32,30,127,8,2,10,137
04/15/2020,CAE,SC,ASO,ES,Combined TRACON& Tower with Radar,26,32,8,8,74,0,0,9,4,13,26,32,17,12,87,38,8,46,133
04/16/2020,CAE,SC,ASO,ES,Combined TRACON& Tower with Radar,25,30,22,14,91,0,0,21,0,21,25,30,43,14,112,10,10,20,132
04/17/2020,CAE,SC,ASO,ES,Combined TRACON& Tower with Radar,23,33,10,23,89,0,0,15,0,15,23,33,25,23,104,0,24,24,128
04/18/2020,CAE,SC,ASO,ES,Combined TRACON& Tower with Radar,15,15,5,10,45,0,0,11,0,11,15,15,16,10,56,0,34,34,90
04/19/2020,CAE,SC,ASO,ES,Combined TRACON& Tower with Radar,15,11,8,8,42,0,0,2,0,2,15,11,10,8,44,2,16,18,62
04/20/2020,CAE,SC,ASO,ES,Combined TRACON& Tower with Radar,19,23,12,2,56,0,0,5,0,5,19,23,17,2,61,0,0,0,61
04/21/2020,CAE,SC,ASO,ES,Combined TRACON& Tower with Radar,25,32,12,20,89,0,0,12,0,12,25,32,24,20,101,12,6,18,119
04/22/2020,CAE,SC,ASO,ES,Combined TRACON& Tower with Radar,24,31,16,1,72,0,0,33,0,33,24,31,49,1,105,34,0,34,139
04/23/2020,CAE,SC,ASO,ES,Combined TRACON& Tower with Radar,26,32,7,2,67,0,0,1,0,1,26,32,8,2,68,0,0,0,68
04/24/2020,CAE,SC,ASO,ES,Combined TRACON& Tower with Radar,24,33,12,35,104,0,0,8,2,10,24,33,20,37,114,0,24,24,138
04/25/2020,CAE,SC,ASO,ES,Combined TRACON& Tower with Radar,14,13,10,6,43,0,0,33,0,33,14,13,43,6,76,14,0,14,90
04/26/2020,CAE,SC,ASO,ES,Combined TRACON& Tower with Radar,9,8,3,5,25,0,0,9,0,9,9,8,12,5,34,0,0,0,34
04/27/2020,CAE,SC,ASO,ES,Combined TRACON& Tower with Radar,16,23,19,4,62,0,0,28,1,29,16,23,47,5,91,10,0,10,101
04/28/2020,CAE,SC,ASO,ES,Combined TRACON& Tower with Radar,19,29,7,22,77,0,0,22,0,22,19,29,29,22,99,0,12,12,111
04/29/2020,CAE,SC,ASO,ES,Combined TRACON& Tower with Radar,19,34,11,2,66,0,2,7,0,9,19,36,18,2,75,0,0,0,75
04/30/2020,CAE,SC,ASO,ES,Combined TRACON& Tower with Radar,27,31,12,27,97,0,0,9,0,9,27,31,21,27,106,28,44,72,178
05/01/2020,CAE,SC,ASO,ES,Combined TRACON& Tower with Radar,28,33,20,4,85,0,0,37,0,37,28,33,57,4,122,2,0,2,124
05/02/2020,CAE,SC,ASO,ES,Combined TRACON& Tower with Radar,9,13,14,2,38,0,0,21,0,21,9,13,35,2,59,4,0,4,63
05/03/2020,CAE,SC,ASO,ES,Combined TRACON& Tower with Radar,13,8,10,0,31,0,0,26,0,26,13,8,36,0,57,0,0,0,57
05/04/2020,CAE,SC,ASO,ES,Combined TRACON& Tower with Radar,17,27,11,2,57,0,1,17,0,18,17,28,28,2,75,14,0,14,89
05/05/2020,CAE,SC,ASO,ES,Combined TRACON& Tower with Radar,33,31,22,4,90,0,0,12,0,12,33,31,34,4,102,8,0,8,110
05/06/2020,CAE,SC,ASO,ES,Combined TRACON& Tower with Radar,21,33,17,8,79,0,0,9,6,15,21,33,26,14,94,0,0,0,94
05/07/2020,CAE,SC,ASO,ES,Combined TRACON& Tower with Radar,25,22,19,40,106,0,4,21,0,25,25,26,40,40,131,8,16,24,155
05/08/2020,CAE,SC,ASO,ES,Combined TRACON& Tower with Radar,31,28,12,25,96,0,1,13,2,16,31,29,25,27,112,6,38,44,156
05/09/2020,CAE,SC,ASO,ES,Combined TRACON& Tower with Radar,16,9,17,6,48,0,0,22,0,22,16,9,39,6,70,0,22,22,92
05/10/2020,CAE,SC,ASO,ES,Combined TRACON& Tower with Radar,15,5,10,2,32,0,0,19,0,19,15,5,29,2,51,14,0,14,65
05/11/2020,CAE,SC,ASO,ES,Combined TRACON& Tower with Radar,25,23,11,4,63,0,0,18,0,18,25,23,29,4,81,16,0,16,97
05/12/2020,CAE,SC,ASO,ES,Combined TRACON& Tower with Radar,28,33,22,0,83,0,0,21,0,21,28,33,43,0,104,14,0,14,118
05/13/2020,CAE,SC,ASO,ES,Combined TRACON& Tower with Radar,26,29,26,2,83,0,0,22,1,23,26,29,48,3,106,0,0,0,106
05/14/2020,CAE,SC,ASO,ES,Combined TRACON& Tower with Radar,28,29,27,9,93,0,0,26,3,29,28,29,53,12,122,0,0,0,122
05/15/2020,CAE,SC,ASO,ES,Combined TRACON& Tower with Radar,23,30,15,10,78,0,0,23,0,23,23,30,38,10,101,12,4,16,117
05/16/2020,CAE,SC,ASO,ES,Combined TRACON& Tower with Radar,16,7,11,0,34,0,0,38,0,38,16,7,49,0,72,14,14,28,100
05/17/2020,CAE,SC,ASO,ES,Combined TRACON& Tower with Radar,14,4,13,0,31,0,0,19,0,19,14,4,32,0,50,18,0,18,68
05/18/2020,CAE,SC,ASO,ES,Combined TRACON& Tower with Radar,27,27,21,9,84,0,0,6,2,8,27,27,27,11,92,0,18,18,110
05/19/2020,CAE,SC,ASO,ES,Combined TRACON& Tower with Radar,26,33,17,6,82,0,0,3,0,3,26,33,20,6,85,6,0,6,91
05/20/2020,CAE,SC,ASO,ES,Combined TRACON& Tower with Radar,24,30,17,6,77,0,0,4,0,4,24,30,21,6,81,30,0,30,111
05/21/2020,CAE,SC,ASO,ES,Combined TRACON& Tower with Radar,24,31,31,4,90,0,0,16,1,17,24,31,47,5,107,88,0,88,195
05/22/2020,CAE,SC,ASO,ES,Combined TRACON& Tower with Radar,22,29,30,0,81,0,1,14,0,15,22,30,44,0,96,72,0,72,168
05/23/2020,CAE,SC,ASO,ES,Combined TRACON& Tower with Radar,16,7,16,0,39,0,0,13,0,13,16,7,29,0,52,34,0,34,86
05/24/2020,CAE,SC,ASO,ES,Combined TRACON& Tower with Radar,13,7,13,0,33,0,0,12,0,12,13,7,25,0,45,0,0,0,45
05/25/2020,CAE,SC,ASO,ES,Combined TRACON& Tower with Radar,15,8,9,2,34,0,0,3,0,3,15,8,12,2,37,12,0,12,49
05/26/2020,CAE,SC,ASO,ES,Combined TRACON& Tower with Radar,22,31,24,4,81,0,0,9,0,9,22,31,33,4,90,46,0,46,136
05/27/2020,CAE,SC,ASO,ES,Combined TRACON& Tower with Radar,24,35,10,2,71,0,0,1,0,1,24,35,11,2,72,56,0,56,128
05/28/2020,CAE,SC,ASO,ES,Combined TRACON& Tower with Radar,24,28,30,5,87,0,0,10,0,10,24,28,40,5,97,78,0,78,175
05/29/2020,CAE,SC,ASO,ES,Combined TRACON& Tower with Radar,22,23,24,3,72,0,0,7,0,7,22,23,31,3,79,26,0,26,105
05/30/2020,CAE,SC,ASO,ES,Combined TRACON& Tower with Radar,16,16,20,0,52,0,0,21,0,21,16,16,41,0,73,20,0,20,93
05/31/2020,CAE,SC,ASO,ES,Combined TRACON& Tower with Radar,15,4,13,6,38,0,0,26,0,26,15,4,39,6,64,10,0,10,74
06/01/2020,CAE,SC,ASO,ES,Combined TRACON& Tower with Radar,27,23,31,33,114,0,0,38,0,38,27,23,69,33,152,6,16,22,174
06/02/2020,CAE,SC,ASO,ES,Combined TRACON& Tower with Radar,26,28,26,5,85,0,0,35,3,38,26,28,61,8,123,6,4,10,133
06/03/2020,CAE,SC,ASO,ES,Combined TRACON& Tower with Radar,24,36,24,47,131,0,0,38,2,40,24,36,62,49,171,16,16,32,203
06/04/2020,CAE,SC,ASO,ES,Combined TRACON& Tower with Radar,28,33,23,27,111,0,0,24,2,26,28,33,47,29,137,0,0,0,137
06/05/2020,CAE,SC,ASO,ES,Combined TRACON& Tower with Radar,26,30,22,12,90,0,0,7,0,7,26,30,29,12,97,0,0,0,97
06/06/2020,CAE,SC,ASO,ES,Combined TRACON& Tower with Radar,18,15,12,0,45,0,0,14,0,14,18,15,26,0,59,0,0,0,59
06/07/2020,CAE,SC,ASO,ES,Combined TRACON& Tower with Radar,17,10,12,1,40,0,0,20,0,20,17,10,32,1,60,12,0,12,72
06/08/2020,CAE,SC,ASO,ES,Combined TRACON& Tower with Radar,27,24,24,18,93,0,0,8,0,8,27,24,32,18,101,6,34,40,141
06/09/2020,CAE,SC,ASO,ES,Combined TRACON& Tower with Radar,28,30,16,0,74,0,0,8,0,8,28,30,24,0,82,4,0,4,86
06/10/2020,CAE,SC,ASO,ES,Combined TRACON& Tower with Radar,26,32,21,2,81,0,0,16,2,18,26,32,37,4,99,4,2,6,105
06/11/2020,CAE,SC,ASO,ES,Combined TRACON& Tower with Radar,26,30,30,0,86,0,0,12,0,12,26,30,42,0,98,8,0,8,106
06/12/2020,CAE,SC,ASO,ES,Combined TRACON& Tower with Radar,24,34,18,20,96,0,1,24,4,29,24,35,42,24,125,6,26,32,157
06/13/2020,CAE,SC,ASO,ES,Combined TRACON& Tower with Radar,18,12,15,0,45,0,0,25,0,25,18,12,40,0,70,8,0,8,78
06/14/2020,CAE,SC,ASO,ES,Combined TRACON& Tower with Radar,16,7,15,0,38,0,0,16,0,16,16,7,31,0,54,12,0,12,66
06/15/2020,CAE,SC,ASO,ES,Combined TRACON& Tower with Radar,22,22,17,7,68,0,0,2,0,2,22,22,19,7,70,0,0,0,70
06/16/2020,CAE,SC,ASO,ES,Combined TRACON& Tower with Radar,26,30,22,0,78,0,0,1,0,1,26,30,23,0,79,0,0,0,79
06/17/2020,CAE,SC,ASO,ES,Combined TRACON& Tower with Radar,26,32,21,4,83,0,0,2,2,4,26,32,23,6,87,2,0,2,89
06/18/2020,CAE,SC,ASO,ES,Combined TRACON& Tower with Radar,28,34,27,35,124,0,0,17,4,21,28,34,44,39,145,42,40,82,227
06/19/2020,CAE,SC,ASO,ES,Combined TRACON& Tower with Radar,28,31,22,2,83,0,0,11,0,11,28,31,33,2,94,38,0,38,132
06/20/2020,CAE,SC,ASO,ES,Combined TRACON& Tower with Radar,20,18,12,2,52,0,0,24,0,24,20,18,36,2,76,0,0,0,76
06/21/2020,CAE,SC,ASO,ES,Combined TRACON& Tower with Radar,16,9,24,1,50,0,2,17,0,19,16,11,41,1,69,10,0,10,79
06/22/2020,CAE,SC,ASO,ES,Combined TRACON& Tower with Radar,28,26,23,7,84,0,0,26,1,27,28,26,49,8,111,0,0,0,111
06/23/2020,CAE,SC,ASO,ES,Combined TRACON& Tower with Radar,26,40,27,13,106,0,7,8,3,18,26,47,35,16,124,0,0,0,124
06/24/2020,CAE,SC,ASO,ES,Combined TRACON& Tower with Radar,28,27,18,10,83,0,1,13,3,17,28,28,31,13,100,4,0,4,104
06/25/2020,CAE,SC,ASO,ES,Combined TRACON& Tower with Radar,32,32,21,3,88,0,0,18,3,21,32,32,39,6,109,50,8,58,167
06/26/2020,CAE,SC,ASO,ES,Combined TRACON& Tower with Radar,24,29,38,26,117,0,0,18,2,20,24,29,56,28,137,8,28,36,173
06/27/2020,CAE,SC,ASO,ES,Combined TRACON& Tower with Radar,18,12,18,6,54,0,1,10,1,12,18,13,28,7,66,8,4,12,78
06/28/2020,CAE,SC,ASO,ES,Combined TRACON& Tower with Radar,18,11,12,4,45,0,0,15,0,15,18,11,27,4,60,0,12,12,72
06/29/2020,CAE,SC,ASO,ES,Combined TRACON& Tower with Radar,29,24,24,1,78,0,0,20,0,20,29,24,44,1,98,0,0,0,98
06/30/2020,CAE,SC,ASO,ES,Combined TRACON& Tower with Radar,26,25,34,3,88,0,0,20,1,21,26,25,54,4,109,4,10,14,123
07/01/2020,CAE,SC,ASO,ES,Combined TRACON& Tower with Radar,26,29,20,2,77,0,0,9,0,9,26,29,29,2,86,12,0,12,98
07/02/2020,CAE,SC,ASO,ES,Combined TRACON& Tower with Radar,39,26,34,1,100,0,1,19,3,23,39,27,53,4,123,0,0,0,123
07/03/2020,CAE,SC,ASO,ES,Combined TRACON& Tower with Radar,26,18,10,0,54,0,0,13,0,13,26,18,23,0,67,0,0,0,67
07/04/2020,CAE,SC,ASO,ES,Combined TRACON& Tower with Radar,21,14,12,0,47,0,0,16,2,18,21,14,28,2,65,0,0,0,65
07/05/2020,CAE,SC,ASO,ES,Combined TRACON& Tower with Radar,22,11,13,1,47,0,1,16,0,17,22,12,29,1,64,0,0,0,64
07/06/2020,CAE,SC,ASO,ES,Combined TRACON& Tower with Radar,28,29,19,8,84,0,0,7,0,7,28,29,26,8,91,0,11,11,102
07/07/2020,CAE,SC,ASO,ES,Combined TRACON& Tower with Radar,26,36,13,4,79,0,0,1,0,1,26,36,14,4,80,0,0,0,80
07/08/2020,CAE,SC,ASO,ES,Combined TRACON& Tower with Radar,28,35,23,14,100,0,0,7,0,7,28,35,30,14,107,8,0,8,115
07/09/2020,CAE,SC,ASO,ES,Combined TRACON& Tower with Radar,32,43,20,10,105,0,0,18,3,21,32,43,38,13,126,16,14,30,156
07/10/2020,CAE,SC,ASO,ES,Combined TRACON& Tower with Radar,30,33,19,22,104,0,0,26,0,26,30,33,45,22,130,10,16,26,156
07/11/2020,CAE,SC,ASO,ES,Combined TRACON& Tower with Radar,24,19,6,0,49,0,0,21,0,21,24,19,27,0,70,6,0,6,76
07/12/2020,CAE,SC,ASO,ES,Combined TRACON& Tower with Radar,24,17,9,0,50,0,0,25,0,25,24,17,34,0,75,14,0,14,89
07/13/2020,CAE,SC,ASO,ES,Combined TRACON& Tower with Radar,28,33,20,10,91,0,4,18,0,22,28,37,38,10,113,0,14,14,127
07/14/2020,CAE,SC,ASO,ES,Combined TRACON& Tower with Radar,28,37,40,10,115,0,0,24,1,25,28,37,64,11,140,14,10,24,164
07/15/2020,CAE,SC,ASO,ES,Combined TRACON& Tower with Radar,30,39,29,24,122,0,1,31,6,38,30,40,60,30,160,14,10,24,184
07/16/2020,CAE,SC,ASO,ES,Combined TRACON& Tower with Radar,35,37,35,8,115,0,0,21,0,21,35,37,56,8,136,18,0,18,154
07/17/2020,CAE,SC,ASO,ES,Combined TRACON& Tower with Radar,35,36,14,11,96,0,0,20,0,20,35,36,34,11,116,4,10,14,130
07/18/2020,CAE,SC,ASO,ES,Combined TRACON& Tower with Radar,28,18,10,0,56,0,0,11,0,11,28,18,21,0,67,0,0,0,67
07/19/2020,CAE,SC,ASO,ES,Combined TRACON& Tower with Radar,22,17,15,4,58,0,2,15,0,17,22,19,30,4,75,0,6,6,81
07/20/2020,CAE,SC,ASO,ES,Combined TRACON& Tower with Radar,39,29,16,12,96,0,0,17,0,17,39,29,33,12,113,6,8,14,127
07/21/2020,CAE,SC,ASO,ES,Combined TRACON& Tower with Radar,48,33,9,3,93,0,0,10,0,10,48,33,19,3,103,0,0,0,103
07/22/2020,CAE,SC,ASO,ES,Combined TRACON& Tower with Radar,29,36,20,32,117,0,2,15,12,29,29,38,35,44,146,10,44,54,200
07/23/2020,CAE,SC,ASO,ES,Combined TRACON& Tower with Radar,34,36,23,11,104,0,0,21,1,22,34,36,44,12,126,0,10,10,136
07/24/2020,CAE,SC,ASO,ES,Combined TRACON& Tower with Radar,40,35,28,6,109,0,0,25,2,27,40,35,53,8,136,4,0,4,140
07/25/2020,CAE,SC,ASO,ES,Combined TRACON& Tower with Radar,30,19,17,0,66,0,0,13,0,13,30,19,30,0,79,0,0,0,79
07/26/2020,CAE,SC,ASO,ES,Combined TRACON& Tower with Radar,25,16,23,0,64,0,0,12,0,12,25,16,35,0,76,0,0,0,76
07/27/2020,CAE,SC,ASO,ES,Combined TRACON& Tower with Radar,30,29,19,2,80,0,0,22,0,22,30,29,41,2,102,18,0,18,120
07/28/2020,CAE,SC,ASO,ES,Combined TRACON& Tower with Radar,32,34,21,6,93,0,0,23,0,23,32,34,44,6,116,8,12,20,136
07/29/2020,CAE,SC,ASO,ES,Combined TRACON& Tower with Radar,30,33,21,24,108,0,2,11,0,13,30,35,32,24,121,18,10,28,149
07/30/2020,CAE,SC,ASO,ES,Combined TRACON& Tower with Radar,34,35,23,10,102,0,1,9,1,11,34,36,32,11,113,14,0,14,127
07/31/2020,CAE,SC,ASO,ES,Combined TRACON& Tower with Radar,32,30,16,10,88,0,0,15,0,15,32,30,31,10,103,8,0,8,111
08/01/2020,CAE,SC,ASO,ES,Combined TRACON& Tower with Radar,28,21,38,0,87,0,0,18,0,18,28,21,56,0,105,16,0,16,121
08/02/2020,CAE,SC,ASO,ES,Combined TRACON& Tower with Radar,26,9,16,0,51,0,0,19,0,19,26,9,35,0,70,12,0,12,82
08/03/2020,CAE,SC,ASO,ES,Combined TRACON& Tower with Radar,40,26,8,0,74,0,0,3,0,3,40,26,11,0,77,0,0,0,77
08/04/2020,CAE,SC,ASO,ES,Combined TRACON& Tower with Radar,30,27,28,1,86,0,1,24,1,26,30,28,52,2,112,16,0,16,128
08/05/2020,CAE,SC,ASO,ES,Combined TRACON& Tower with Radar,30,37,33,14,114,0,1,19,4,24,30,38,52,18,138,28,36,64,202
08/06/2020,CAE,SC,ASO,ES,Combined TRACON& Tower with Radar,41,33,27,2,103,0,0,11,3,14,41,33,38,5,117,0,0,0,117
08/07/2020,CAE,SC,ASO,ES,Combined TRACON& Tower with Radar,36,35,19,2,92,0,0,9,0,9,36,35,28,2,101,12,0,12,113
08/08/2020,CAE,SC,ASO,ES,Combined TRACON& Tower with Radar,30,17,13,0,60,0,2,19,0,21,30,19,32,0,81,16,0,16,97
08/09/2020,CAE,SC,ASO,ES,Combined TRACON& Tower with Radar,27,21,21,0,69,0,0,18,0,18,27,21,39,0,87,0,0,0,87
08/10/2020,CAE,SC,ASO,ES,Combined TRACON& Tower with Radar,36,25,20,10,91,0,1,16,0,17,36,26,36,10,108,12,6,18,126
08/11/2020,CAE,SC,ASO,ES,Combined TRACON& Tower with Radar,30,32,36,9,107,0,2,17,2,21,30,34,53,11,128,36,44,80,208
08/12/2020,CAE,SC,ASO,ES,Combined TRACON& Tower with Radar,30,34,30,6,100,0,0,14,1,15,30,34,44,7,115,14,2,16,131
08/13/2020,CAE,SC,ASO,ES,Combined TRACON& Tower with Radar,36,34,21,17,108,0,0,20,3,23,36,34,41,20,131,10,38,48,179
08/14/2020,CAE,SC,ASO,ES,Combined TRACON& Tower with Radar,40,34,33,0,107,0,0,10,0,10,40,34,43,0,117,8,0,8,125
08/15/2020,CAE,SC,ASO,ES,Combined TRACON& Tower with Radar,32,20,20,1,73,0,0,3,0,3,32,20,23,1,76,12,0,12,88
08/16/2020,CAE,SC,ASO,ES,Combined TRACON& Tower with Radar,25,16,28,1,70,0,0,13,0,13,25,16,41,1,83,16,0,16,99
08/17/2020,CAE,SC,ASO,ES,Combined TRACON& Tower with Radar,38,21,34,6,99,0,0,37,0,37,38,21,71,6,136,32,2,34,170
08/18/2020,CAE,SC,ASO,ES,Combined TRACON& Tower with Radar,31,33,21,13,98,0,0,8,0,8,31,33,29,13,106,14,10,24,130
08/19/2020,CAE,SC,ASO,ES,Combined TRACON& Tower with Radar,32,34,27,8,101,0,0,18,3,21,32,34,45,11,122,0,0,0,122
08/20/2020,CAE,SC,ASO,ES,Combined TRACON& Tower with Radar,36,34,30,34,134,0,0,10,1,11,36,34,40,35,145,0,24,24,169
08/21/2020,CAE,SC,ASO,ES,Combined TRACON& Tower with Radar,38,27,15,0,80,0,0,4,0,4,38,27,19,0,84,0,0,0,84
08/22/2020,CAE,SC,ASO,ES,Combined TRACON& Tower with Radar,28,14,14,0,56,0,0,20,0,20,28,14,34,0,76,6,0,6,82
08/23/2020,CAE,SC,ASO,ES,Combined TRACON& Tower with Radar,26,9,18,2,55,0,0,10,0,10,26,9,28,2,65,28,0,28,93
08/24/2020,CAE,SC,ASO,ES,Combined TRACON& Tower with Radar,31,25,33,0,89,0,0,3,0,3,31,25,36,0,92,0,0,0,92
08/25/2020,CAE,SC,ASO,ES,Combined TRACON& Tower with Radar,32,33,40,26,131,0,0,8,4,12,32,33,48,30,143,0,20,20,163
08/26/2020,CAE,SC,ASO,ES,Combined TRACON& Tower with Radar,30,33,37,22,122,0,0,19,0,19,30,33,56,22,141,8,38,46,187
08/27/2020,CAE,SC,ASO,ES,Combined TRACON& Tower with Radar,39,39,26,14,118,0,1,22,2,25,39,40,48,16,143,6,30,36,179
08/28/2020,CAE,SC,ASO,ES,Combined TRACON& Tower with Radar,42,38,33,6,119,0,3,21,0,24,42,41,54,6,143,16,22,38,181
08/29/2020,CAE,SC,ASO,ES,Combined TRACON& Tower with Radar,28,14,21,2,65,0,0,4,0,4,28,14,25,2,69,0,0,0,69
08/30/2020,CAE,SC,ASO,ES,Combined TRACON& Tower with Radar,31,10,13,2,56,0,0,17,1,18,31,10,30,3,74,16,0,16,90
08/31/2020,CAE,SC,ASO,ES,Combined TRACON& Tower with Radar,35,33,25,25,118,0,0,24,0,24,35,33,49,25,142,19,8,27,169
09/01/2020,CAE,SC,ASO,ES,Combined TRACON& Tower with Radar,31,33,22,16,102,0,2,16,3,21,31,35,38,19,123,16,26,42,165
09/02/2020,CAE,SC,ASO,ES,Combined TRACON& Tower with Radar,29,32,32,18,111,0,0,31,0,31,29,32,63,18,142,10,22,32,174
09/03/2020,CAE,SC,ASO,ES,Combined TRACON& Tower with Radar,40,41,19,6,106,0,0,17,0,17,40,41,36,6,123,0,14,14,137
09/04/2020,CAE,SC,ASO,ES,Combined TRACON& Tower with Radar,35,39,22,0,96,0,0,28,0,28,35,39,50,0,124,6,0,6,130
09/05/2020,CAE,SC,ASO,ES,Combined TRACON& Tower with Radar,28,20,10,0,58,0,0,7,0,7,28,20,17,0,65,0,0,0,65
09/06/2020,CAE,SC,ASO,ES,Combined TRACON& Tower with Radar,22,8,6,0,36,0,1,17,0,18,22,9,23,0,54,6,0,6,60
09/07/2020,CAE,SC,ASO,ES,Combined TRACON& Tower with Radar,26,17,16,1,60,0,0,21,0,21,26,17,37,1,81,6,0,6,87
09/08/2020,CAE,SC,ASO,ES,Combined TRACON& Tower with Radar,26,36,35,10,107,0,1,19,0,20,26,37,54,10,127,8,10,18,145
09/09/2020,CAE,SC,ASO,ES,Combined TRACON& Tower with Radar,33,36,24,23,116,0,0,11,0,11,33,36,35,23,127,0,16,16,143
09/10/2020,CAE,SC,ASO,ES,Combined TRACON& Tower with Radar,35,37,36,5,113,0,0,11,0,11,35,37,47,5,124,8,0,8,132
09/11/2020,CAE,SC,ASO,ES,Combined TRACON& Tower with Radar,35,32,34,7,108,0,2,12,3,17,35,34,46,10,125,10,0,10,135
09/12/2020,CAE,SC,ASO,ES,Combined TRACON& Tower with Radar,25,20,19,0,64,0,0,2,0,2,25,20,21,0,66,0,0,0,66
09/13/2020,CAE,SC,ASO,ES,Combined TRACON& Tower with Radar,22,16,16,0,54,0,0,19,0,19,22,16,35,0,73,16,0,16,89
09/14/2020,CAE,SC,ASO,ES,Combined TRACON& Tower with Radar,31,30,22,7,90,0,0,21,0,21,31,30,43,7,111,0,0,0,111
09/15/2020,CAE,SC,ASO,ES,Combined TRACON& Tower with Radar,39,36,37,9,121,0,2,14,2,18,39,38,51,11,139,12,12,24,163
09/16/2020,CAE,SC,ASO,ES,Combined TRACON& Tower with Radar,32,34,36,4,106,0,0,6,0,6,32,34,42,4,112,0,0,0,112
09/17/2020,CAE,SC,ASO,ES,Combined TRACON& Tower with Radar,35,34,19,0,88,0,0,0,0,0,35,34,19,0,88,0,0,0,88
09/18/2020,CAE,SC,ASO,ES,Combined TRACON& Tower with Radar,38,37,26,4,105,0,0,2,2,4,38,37,28,6,109,6,12,18,127
09/19/2020,CAE,SC,ASO,ES,Combined TRACON& Tower with Radar,28,20,15,0,63,0,1,15,0,16,28,21,30,0,79,0,0,0,79
09/20/2020,CAE,SC,ASO,ES,Combined TRACON& Tower with Radar,22,12,11,2,47,0,0,13,0,13,22,12,24,2,60,0,0,0,60
09/21/2020,CAE,SC,ASO,ES,Combined TRACON& Tower with Radar,31,30,29,0,90,0,0,29,0,29,31,30,58,0,119,6,0,6,125
09/22/2020,CAE,SC,ASO,ES,Combined TRACON& Tower with Radar,35,37,22,2,96,0,0,54,0,54,35,37,76,2,150,14,0,14,164
09/23/2020,CAE,SC,ASO,ES,Combined TRACON& Tower with Radar,35,36,30,29,130,0,0,39,0,39,35,36,69,29,169,2,80,82,251
09/24/2020,CAE,SC,ASO,ES,Combined TRACON& Tower with Radar,35,34,37,4,110,0,0,14,0,14,35,34,51,4,124,12,0,12,136
09/25/2020,CAE,SC,ASO,ES,Combined TRACON& Tower with Radar,37,35,25,11,108,0,0,2,2,4,37,35,27,13,112,40,0,40,152
09/26/2020,CAE,SC,ASO,ES,Combined TRACON& Tower with Radar,25,17,26,2,70,0,0,6,0,6,25,17,32,2,76,0,0,0,76
09/27/2020,CAE,SC,ASO,ES,Combined TRACON& Tower with Radar,23,17,31,1,72,0,0,11,0,11,23,17,42,1,83,0,0,0,83
09/28/2020,CAE,SC,ASO,ES,Combined TRACON& Tower with Radar,30,27,23,22,102,0,0,7,0,7,30,27,30,22,109,46,24,70,179
09/29/2020,CAE,SC,ASO,ES,Combined TRACON& Tower with Radar,36,35,27,10,108,0,0,5,0,5,36,35,32,10,113,6,0,6,119
09/30/2020,CAE,SC,ASO,ES,Combined TRACON& Tower with Radar,34,34,34,31,133,0,0,25,0,25,34,34,59,31,158,2,25,27,185
10/01/2020,CAE,SC,ASO,ES,Combined TRACON& Tower with Radar,36,39,34,8,117,0,0,34,0,34,36,39,68,8,151,6,0,6,157
10/02/2020,CAE,SC,ASO,ES,Combined TRACON& Tower with Radar,32,32,24,34,122,0,0,23,6,29,32,32,47,40,151,10,46,56,207
10/03/2020,CAE,SC,ASO,ES,Combined TRACON& Tower with Radar,26,20,21,0,67,0,0,14,0,14,26,20,35,0,81,14,0,14,95
10/04/2020,CAE,SC,ASO,ES,Combined TRACON& Tower with Radar,22,16,22,0,60,0,0,18,0,18,22,16,40,0,78,0,0,0,78
10/05/2020,CAE,SC,ASO,ES,Combined TRACON& Tower with Radar,28,31,23,22,104,0,0,27,0,27,28,31,50,22,131,6,22,28,159
10/06/2020,CAE,SC,ASO,ES,Combined TRACON& Tower with Radar,32,36,25,28,121,0,0,14,2,16,32,36,39,30,137,6,58,64,201
10/07/2020,CAE,SC,ASO,ES,Combined TRACON& Tower with Radar,37,40,21,24,122,0,0,14,1,15,37,40,35,25,137,10,40,50,187
10/08/2020,CAE,SC,ASO,ES,Combined TRACON& Tower with Radar,43,36,26,6,111,0,0,28,4,32,43,36,54,10,143,34,8,42,185
10/09/2020,CAE,SC,ASO,ES,Combined TRACON& Tower with Radar,41,35,42,3,121,0,0,25,0,25,41,35,67,3,146,14,0,14,160
10/10/2020,CAE,SC,ASO,ES,Combined TRACON& Tower with Radar,38,25,10,0,73,0,0,4,0,4,38,25,14,0,77,18,0,18,95
10/11/2020,CAE,SC,ASO,ES,Combined TRACON& Tower with Radar,38,18,13,0,69,0,1,0,0,1,38,19,13,0,70,0,0,0,70
10/12/2020,CAE,SC,ASO,ES,Combined TRACON& Tower with Radar,32,25,36,0,93,0,1,5,0,6,32,26,41,0,99,0,0,0,99
10/13/2020,CAE,SC,ASO,ES,Combined TRACON& Tower with Radar,36,36,47,12,131,0,0,27,0,27,36,36,74,12,158,14,0,14,172
10/14/2020,CAE,SC,ASO,ES,Combined TRACON& Tower with Radar,36,34,21,2,93,0,4,34,2,40,36,38,55,4,133,8,0,8,141
10/15/2020,CAE,SC,ASO,ES,Combined TRACON& Tower with Radar,41,33,34,11,119,0,1,17,2,20,41,34,51,13,139,12,0,12,151
10/16/2020,CAE,SC,ASO,ES,Combined TRACON& Tower with Radar,39,38,49,27,153,0,0,15,5,20,39,38,64,32,173,12,20,32,205
10/17/2020,CAE,SC,ASO,ES,Combined TRACON& Tower with Radar,30,25,24,1,80,0,0,22,1,23,30,25,46,2,103,14,0,14,117
10/18/2020,CAE,SC,ASO,ES,Combined TRACON& Tower with Radar,28,16,32,2,78,0,0,19,0,19,28,16,51,2,97,12,0,12,109
10/19/2020,CAE,SC,ASO,ES,Combined TRACON& Tower with Radar,31,27,29,18,105,0,0,23,0,23,31,27,52,18,128,10,24,34,162
10/20/2020,CAE,SC,ASO,ES,Combined TRACON& Tower with Radar,39,37,34,10,120,0,4,38,4,46,39,41,72,14,166,26,10,36,202
10/21/2020,CAE,SC,ASO,ES,Combined TRACON& Tower with Radar,38,30,48,15,131,0,0,14,1,15,38,30,62,16,146,8,0,8,154
10/22/2020,CAE,SC,ASO,ES,Combined TRACON& Tower with Radar,41,41,28,24,134,0,0,28,1,29,41,41,56,25,163,10,18,28,191
10/23/2020,CAE,SC,ASO,ES,Combined TRACON& Tower with Radar,38,30,19,1,88,0,0,34,0,34,38,30,53,1,122,42,0,42,164
10/24/2020,CAE,SC,ASO,ES,Combined TRACON& Tower with Radar,29,16,14,0,59,0,0,31,0,31,29,16,45,0,90,0,0,0,90
10/25/2020,CAE,SC,ASO,ES,Combined TRACON& Tower with Radar,28,14,13,0,55,0,0,0,0,0,28,14,13,0,55,0,0,0,55
10/26/2020,CAE,SC,ASO,ES,Combined TRACON& Tower with Radar,30,27,24,6,87,0,0,12,0,12,30,27,36,6,99,0,16,16,115
10/27/2020,CAE,SC,ASO,ES,Combined TRACON& Tower with Radar,36,30,31,2,99,0,0,20,0,20,36,30,51,2,119,0,0,0,119
10/28/2020,CAE,SC,ASO,ES,Combined TRACON& Tower with Radar,37,56,31,58,182,0,0,10,1,11,37,56,41,59,193,6,50,56,249
10/29/2020,CAE,SC,ASO,ES,Combined TRACON& Tower with Radar,44,43,20,12,119,0,0,4,0,4,44,43,24,12,123,0,4,4,127
10/30/2020,CAE,SC,ASO,ES,Combined TRACON& Tower with Radar,38,35,38,12,123,0,0,27,2,29,38,35,65,14,152,0,14,14,166
10/31/2020,CAE,SC,ASO,ES,Combined TRACON& Tower with Radar,23,19,24,0,66,0,2,15,0,17,23,21,39,0,83,16,0,16,99
11/01/2020,CAE,SC,ASO,ES,Combined TRACON& Tower with Radar,19,15,19,4,57,0,0,5,0,5,19,15,24,4,62,0,0,0,62
11/02/2020,CAE,SC,ASO,ES,Combined TRACON& Tower with Radar,27,26,22,0,75,0,0,25,0,25,27,26,47,0,100,0,0,0,100
11/03/2020,CAE,SC,ASO,ES,Combined TRACON& Tower with Radar,32,37,21,8,98,0,1,36,2,39,32,38,57,10,137,16,0,16,153
11/04/2020,CAE,SC,ASO,ES,Combined TRACON& Tower with Radar,34,33,22,16,105,0,2,31,0,33,34,35,53,16,138,23,20,43,181
11/05/2020,CAE,SC,ASO,ES,Combined TRACON& Tower with Radar,36,41,24,9,110,0,0,34,0,34,36,41,58,9,144,14,18,32,176
11/06/2020,CAE,SC,ASO,ES,Combined TRACON& Tower with Radar,33,36,26,22,117,0,0,27,1,28,33,36,53,23,145,12,24,36,181
11/07/2020,CAE,SC,ASO,ES,Combined TRACON& Tower with Radar,26,21,24,0,71,0,0,18,0,18,26,21,42,0,89,4,0,4,93
11/08/2020,CAE,SC,ASO,ES,Combined TRACON& Tower with Radar,25,20,26,2,73,0,0,19,0,19,25,20,45,2,92,2,0,2,94
11/09/2020,CAE,SC,ASO,ES,Combined TRACON& Tower with Radar,32,28,33,1,94,0,0,8,3,11,32,28,41,4,105,8,0,8,113
11/10/2020,CAE,SC,ASO,ES,Combined TRACON& Tower with Radar,34,32,22,6,94,0,0,7,0,7,34,32,29,6,101,0,0,0,101
11/11/2020,CAE,SC,ASO,ES,Combined TRACON& Tower with Radar,36,36,10,0,82,0,0,0,0,0,36,36,10,0,82,0,0,0,82
11/12/2020,CAE,SC,ASO,ES,Combined TRACON& Tower with Radar,36,34,30,0,100,0,0,1,0,1,36,34,31,0,101,6,0,6,107
11/13/2020,CAE,SC,ASO,ES,Combined TRACON& Tower with Radar,38,40,36,12,126,0,1,17,0,18,38,41,53,12,144,0,0,0,144
11/14/2020,CAE,SC,ASO,ES,Combined TRACON& Tower with Radar,26,22,28,0,76,0,0,7,0,7,26,22,35,0,83,40,0,40,123
11/15/2020,CAE,SC,ASO,ES,Combined TRACON& Tower with Radar,27,17,18,0,62,0,0,6,0,6,27,17,24,0,68,0,0,0,68
11/16/2020,CAE,SC,ASO,ES,Combined TRACON& Tower with Radar,31,30,33,28,122,0,0,37,0,37,31,30,70,28,159,4,30,34,193
11/17/2020,CAE,SC,ASO,ES,Combined TRACON& Tower with Radar,34,37,24,14,109,0,0,34,2,36,34,37,58,16,145,6,0,6,151
11/18/2020,CAE,SC,ASO,ES,Combined TRACON& Tower with Radar,34,34,55,53,176,0,0,32,2,34,34,34,87,55,210,32,36,68,278
11/19/2020,CAE,SC,ASO,ES,Combined TRACON& Tower with Radar,38,47,32,10,127,0,3,19,8,30,38,50,51,18,157,6,4,10,167
11/20/2020,CAE,SC,ASO,ES,Combined TRACON& Tower with Radar,38,40,36,6,120,0,0,36,0,36,38,40,72,6,156,0,0,0,156
11/21/2020,CAE,SC,ASO,ES,Combined TRACON& Tower with Radar,28,22,24,4,78,0,0,31,2,33,28,22,55,6,111,2,0,2,113
11/22/2020,CAE,SC,ASO,ES,Combined TRACON& Tower with Radar,27,19,23,10,79,0,0,3,0,3,27,19,26,10,82,0,0,0,82
11/23/2020,CAE,SC,ASO,ES,Combined TRACON& Tower with Radar,35,24,27,17,103,0,1,22,2,25,35,25,49,19,128,26,10,36,164
11/24/2020,CAE,SC,ASO,ES,Combined TRACON& Tower with Radar,50,44,32,12,138,0,0,23,3,26,50,44,55,15,164,42,14,56,220
11/25/2020,CAE,SC,ASO,ES,Combined TRACON& Tower with Radar,52,42,18,2,114,0,0,13,0,13,52,42,31,2,127,0,0,0,127
11/26/2020,CAE,SC,ASO,ES,Combined TRACON& Tower with Radar,19,6,2,0,27,0,0,2,0,2,19,6,4,0,29,0,0,0,29
11/27/2020,CAE,SC,ASO,ES,Combined TRACON& Tower with Radar,34,30,24,0,88,0,0,30,0,30,34,30,54,0,118,0,0,0,118
11/28/2020,CAE,SC,ASO,ES,Combined TRACON& Tower with Radar,29,31,25,0,85,0,0,16,0,16,29,31,41,0,101,22,0,22,123
11/29/2020,CAE,SC,ASO,ES,Combined TRACON& Tower with Radar,26,18,37,0,81,0,0,9,0,9,26,18,46,0,90,2,0,2,92
11/30/2020,CAE,SC,ASO,ES,Combined TRACON& Tower with Radar,33,36,17,0,86,0,0,1,0,1,33,36,18,0,87,0,0,0,87
12/01/2020,CAE,SC,ASO,ES,Combined TRACON& Tower with Radar,53,48,27,32,160,0,0,20,2,22,53,48,47,34,182,32,20,52,234
12/02/2020,CAE,SC,ASO,ES,Combined TRACON& Tower with Radar,48,34,46,16,144,0,0,29,0,29,48,34,75,16,173,14,16,30,203
12/03/2020,CAE,SC,ASO,ES,Combined TRACON& Tower with Radar,50,40,32,6,128,0,0,21,0,21,50,40,53,6,149,2,0,2,151
12/04/2020,CAE,SC,ASO,ES,Combined TRACON& Tower with Radar,46,36,22,30,134,0,0,16,0,16,46,36,38,30,150,48,32,80,230
12/05/2020,CAE,SC,ASO,ES,Combined TRACON& Tower with Radar,24,20,26,0,70,0,0,20,0,20,24,20,46,0,90,48,0,48,138
12/06/2020,CAE,SC,ASO,ES,Combined TRACON& Tower with Radar,26,16,26,0,68,0,0,23,2,25,26,16,49,2,93,6,0,6,99
12/07/2020,CAE,SC,ASO,ES,Combined TRACON& Tower with Radar,38,29,20,22,109,0,0,11,0,11,38,29,31,22,120,12,24,36,156
12/08/2020,CAE,SC,ASO,ES,Combined TRACON& Tower with Radar,50,36,30,14,130,0,3,26,0,29,50,39,56,14,159,0,0,0,159
12/09/2020,CAE,SC,ASO,ES,Combined TRACON& Tower with Radar,48,31,34,19,132,0,0,27,1,28,48,31,61,20,160,0,0,0,160
12/10/2020,CAE,SC,ASO,ES,Combined TRACON& Tower with Radar,50,41,22,16,129,0,0,27,0,27,50,41,49,16,156,16,16,32,188
12/11/2020,CAE,SC,ASO,ES,Combined TRACON& Tower with Radar,41,48,17,4,110,0,0,26,0,26,41,48,43,4,136,2,0,2,138
12/12/2020,CAE,SC,ASO,ES,Combined TRACON& Tower with Radar,25,17,28,0,70,0,0,28,0,28,25,17,56,0,98,24,0,24,122
12/13/2020,CAE,SC,ASO,ES,Combined TRACON& Tower with Radar,24,17,27,1,69,0,1,11,0,12,24,18,38,1,81,10,0,10,91
12/14/2020,CAE,SC,ASO,ES,Combined TRACON& Tower with Radar,32,31,20,2,85,0,0,3,0,3,32,31,23,2,88,4,0,4,92
12/15/2020,CAE,SC,ASO,ES,Combined TRACON& Tower with Radar,52,34,38,3,127,0,1,23,1,25,52,35,61,4,152,4,0,4,156
12/16/2020,CAE,SC,ASO,ES,Combined TRACON& Tower with Radar,50,37,24,2,113,0,0,0,0,0,50,37,24,2,113,0,0,0,113
12/17/2020,CAE,SC,ASO,ES,Combined TRACON& Tower with Radar,54,49,26,4,133,0,0,2,0,2,54,49,28,4,135,0,0,0,135
12/18/2020,CAE,SC,ASO,ES,Combined TRACON& Tower with Radar,53,42,30,6,131,0,1,39,0,40,53,43,69,6,171,18,0,18,189
12/19/2020,CAE,SC,ASO,ES,Combined TRACON& Tower with Radar,54,25,32,0,111,0,1,40,0,41,54,26,72,0,152,4,0,4,156
12/20/2020,CAE,SC,ASO,ES,Combined TRACON& Tower with Radar,35,22,24,1,82,0,0,0,0,0,35,22,24,1,82,0,0,0,82
12/21/2020,CAE,SC,ASO,ES,Combined TRACON& Tower with Radar,49,40,27,4,120,0,0,8,0,8,49,40,35,4,128,0,0,0,128
12/22/2020,CAE,SC,ASO,ES,Combined TRACON& Tower with Radar,56,45,24,14,139,0,1,30,2,33,56,46,54,16,172,26,26,52,224
12/23/2020,CAE,SC,ASO,ES,Combined TRACON& Tower with Radar,58,41,33,2,134,0,0,20,0,20,58,41,53,2,154,16,0,16,170
12/24/2020,CAE,SC,ASO,ES,Combined TRACON& Tower with Radar,34,52,13,0,99,0,0,0,0,0,34,52,13,0,99,0,0,0,99
12/25/2020,CAE,SC,ASO,ES,Combined TRACON& Tower with Radar,15,11,1,0,27,0,0,3,0,3,15,11,4,0,30,0,0,0,30
12/26/2020,CAE,SC,ASO,ES,Combined TRACON& Tower with Radar,28,20,29,0,77,0,0,11,0,11,28,20,40,0,88,0,0,0,88
12/27/2020,CAE,SC,ASO,ES,Combined TRACON& Tower with Radar,26,22,27,0,75,0,1,22,0,23,26,23,49,0,98,22,0,22,120
12/28/2020,CAE,SC,ASO,ES,Combined TRACON& Tower with Radar,33,25,34,16,108,0,0,24,0,24,33,25,58,16,132,6,22,28,160
12/29/2020,CAE,SC,ASO,ES,Combined TRACON& Tower with Radar,54,36,36,2,128,0,0,33,0,33,54,36,69,2,161,6,0,6,167
12/30/2020,CAE,SC,ASO,ES,Combined TRACON& Tower with Radar,56,34,26,0,116,0,0,5,2,7,56,34,31,2,123,0,0,0,123
12/31/2020,CAE,SC,ASO,ES,Combined TRACON& Tower with Radar,35,38,11,0,84,0,0,0,0,0,35,38,11,0,84,0,0,0,84
01/01/2021,CAE,SC,ASO,ES,Combined TRACON& Tower with Radar,19,13,4,2,38,0,0,0,0,0,19,13,4,2,38,0,0,0,38
01/02/2021,CAE,SC,ASO,ES,Combined TRACON& Tower with Radar,29,22,30,0,81,0,0,0,0,0,29,22,30,0,81,0,0,0,81
01/03/2021,CAE,SC,ASO,ES,Combined TRACON& Tower with Radar,25,28,24,0,77,0,0,16,0,16,25,28,40,0,93,0,0,0,93
01/04/2021,CAE,SC,ASO,ES,Combined TRACON& Tower with Radar,30,28,25,2,85,0,0,29,0,29,30,28,54,2,114,4,0,4,118
01/05/2021,CAE,SC,ASO,ES,Combined TRACON& Tower with Radar,36,36,20,8,100,0,1,12,5,18,36,37,32,13,118,0,30,30,148
01/06/2021,CAE,SC,ASO,ES,Combined TRACON& Tower with Radar,35,35,22,18,110,0,3,23,3,29,35,38,45,21,139,0,8,8,147
01/07/2021,CAE,SC,ASO,ES,Combined TRACON& Tower with Radar,37,48,23,1,109,0,0,16,2,18,37,48,39,3,127,4,0,4,131
01/08/2021,CAE,SC,ASO,ES,Combined TRACON& Tower with Radar,29,41,15,6,91,0,0,0,0,0,29,41,15,6,91,0,0,0,91
01/09/2021,CAE,SC,ASO,ES,Combined TRACON& Tower with Radar,24,17,28,0,69,0,0,14,0,14,24,17,42,0,83,8,0,8,91
01/10/2021,CAE,SC,ASO,ES,Combined TRACON& Tower with Radar,22,19,25,6,72,0,0,28,0,28,22,19,53,6,100,0,0,0,100
01/11/2021,CAE,SC,ASO,ES,Combined TRACON& Tower with Radar,27,33,17,12,89,0,4,4,0,8,27,37,21,12,97,0,12,12,109
01/12/2021,CAE,SC,ASO,ES,Combined TRACON& Tower with Radar,34,32,27,2,95,0,0,3,0,3,34,32,30,2,98,6,0,6,104
01/13/2021,CAE,SC,ASO,ES,Combined TRACON& Tower with Radar,34,31,38,18,121,0,0,0,0,0,34,31,38,18,121,0,0,0,121
01/14/2021,CAE,SC,ASO,ES,Combined TRACON& Tower with Radar,36,43,20,12,111,0,0,30,0,30,36,43,50,12,141,0,12,12,153
01/15/2021,CAE,SC,ASO,ES,Combined TRACON& Tower with Radar,30,30,33,12,105,0,0,2,0,2,30,30,35,12,107,0,0,0,107
01/16/2021,CAE,SC,ASO,ES,Combined TRACON& Tower with Radar,22,21,10,0,53,0,0,17,0,17,22,21,27,0,70,0,0,0,70
01/17/2021,CAE,SC,ASO,ES,Combined TRACON& Tower with Radar,22,23,18,0,63,0,0,36,0,36,22,23,54,0,99,10,0,10,109
01/18/2021,CAE,SC,ASO,ES,Combined TRACON& Tower with Radar,30,27,33,0,90,0,0,19,2,21,30,27,52,2,111,0,0,0,111
01/19/2021,CAE,SC,ASO,ES,Combined TRACON& Tower with Radar,34,29,32,22,117,0,0,29,6,35,34,29,61,28,152,22,16,38,190
01/20/2021,CAE,SC,ASO,ES,Combined TRACON& Tower with Radar,34,29,25,14,102,0,0,19,0,19,34,29,44,14,121,8,10,18,139
01/21/2021,CAE,SC,ASO,ES,Combined TRACON& Tower with Radar,40,36,25,6,107,0,1,11,3,15,40,37,36,9,122,0,4,4,126
01/22/2021,CAE,SC,ASO,ES,Combined TRACON& Tower with Radar,29,35,27,0,91,0,0,34,0,34,29,35,61,0,125,8,0,8,133
01/23/2021,CAE,SC,ASO,ES,Combined TRACON& Tower with Radar,21,19,21,0,61,0,0,37,0,37,21,19,58,0,98,30,0,30,128
01/24/2021,CAE,SC,ASO,ES,Combined TRACON& Tower with Radar,23,15,27,0,65,0,0,31,1,32,23,15,58,1,97,0,0,0,97
01/25/2021,CAE,SC,ASO,ES,Combined TRACON& Tower with Radar,32,38,17,33,120,0,0,4,4,8,32,38,21,37,128,0,20,20,148
01/26/2021,CAE,SC,ASO,ES,Combined TRACON& Tower with Radar,38,47,31,21,137,0,3,5,1,9,38,50,36,22,146,0,0,0,146
01/27/2021,CAE,SC,ASO,ES,Combined TRACON& Tower with Radar,35,30,35,8,108,0,0,8,0,8,35,30,43,8,116,0,0,0,116
01/28/2021,CAE,SC,ASO,ES,Combined TRACON& Tower with Radar,36,44,24,4,108,0,0,21,7,28,36,44,45,11,136,12,20,32,168
01/29/2021,CAE,SC,ASO,ES,Combined TRACON& Tower with Radar,30,35,33,4,102,0,0,52,1,53,30,35,85,5,155,6,20,26,181
01/30/2021,CAE,SC,ASO,ES,Combined TRACON& Tower with Radar,22,21,22,0,65,0,2,33,0,35,22,23,55,0,100,18,0,18,118
01/31/2021,CAE,SC,ASO,ES,Combined TRACON& Tower with Radar,24,21,12,0,57,0,0,0,0,0,24,21,12,0,57,0,0,0,57
02/01/2021,CAE,SC,ASO,ES,Combined TRACON& Tower with Radar,28,28,20,3,79,0,0,0,0,0,28,28,20,3,79,0,0,0,79
02/02/2021,CAE,SC,ASO,ES,Combined TRACON& Tower with Radar,35,31,33,10,109,0,0,21,0,21,35,31,54,10,130,0,4,4,134
02/03/2021,CAE,SC,ASO,ES,Combined TRACON& Tower with Radar,35,35,31,18,119,0,0,34,0,34,35,35,65,18,153,0,24,24,177
02/04/2021,CAE,SC,ASO,ES,Combined TRACON& Tower with Radar,37,47,41,24,149,0,0,46,0,46,37,47,87,24,195,14,20,34,229
02/05/2021,CAE,SC,ASO,ES,Combined TRACON& Tower with Radar,38,42,36,6,122,0,2,6,0,8,38,44,42,6,130,2,10,12,142
02/06/2021,CAE,SC,ASO,ES,Combined TRACON& Tower with Radar,22,18,25,0,65,0,0,27,0,27,22,18,52,0,92,0,0,0,92
02/07/2021,CAE,SC,ASO,ES,Combined TRACON& Tower with Radar,20,18,16,0,54,0,0,8,0,8,20,18,24,0,62,22,0,22,84
02/08/2021,CAE,SC,ASO,ES,Combined TRACON& Tower with Radar,29,28,34,0,91,0,0,43,0,43,29,28,77,0,134,50,0,50,184
02/09/2021,CAE,SC,ASO,ES,Combined TRACON& Tower with Radar,41,36,40,9,126,0,0,17,4,21,41,36,57,13,147,24,46,70,217
02/10/2021,CAE,SC,ASO,ES,Combined TRACON& Tower with Radar,34,33,34,11,112,0,0,16,3,19,34,33,50,14,131,24,8,32,163
02/11/2021,CAE,SC,ASO,ES,Combined TRACON& Tower with Radar,41,46,24,0,111,0,0,4,0,4,41,46,28,0,115,2,0,2,117
02/12/2021,CAE,SC,ASO,ES,Combined TRACON& Tower with Radar,35,35,27,0,97,0,0,0,0,0,35,35,27,0,97,0,0,0,97
02/13/2021,CAE,SC,ASO,ES,Combined TRACON& Tower with Radar,25,15,20,0,60,0,0,0,0,0,25,15,20,0,60,0,0,0,60
02/14/2021,CAE,SC,ASO,ES,Combined TRACON& Tower with Radar,19,25,10,0,54,0,0,0,0,0,19,25,10,0,54,0,0,0,54
02/15/2021,CAE,SC,ASO,ES,Combined TRACON& Tower with Radar,21,29,8,0,58,0,0,0,0,0,21,29,8,0,58,0,0,0,58
02/16/2021,CAE,SC,ASO,ES,Combined TRACON& Tower with Radar,30,38,23,9,100,0,0,19,2,21,30,38,42,11,121,4,0,4,125
02/17/2021,CAE,SC,ASO,ES,Combined TRACON& Tower with Radar,32,34,26,10,102,0,0,48,1,49,32,34,74,11,151,2,0,2,153
02/18/2021,CAE,SC,ASO,ES,Combined TRACON& Tower with Radar,36,39,15,1,91,0,0,0,0,0,36,39,15,1,91,0,0,0,91
02/19/2021,CAE,SC,ASO,ES,Combined TRACON& Tower with Radar,32,45,26,5,108,0,0,4,0,4,32,45,30,5,112,18,0,18,130
02/20/2021,CAE,SC,ASO,ES,Combined TRACON& Tower with Radar,26,20,37,4,87,0,0,52,0,52,26,20,89,4,139,16,0,16,155
02/21/2021,CAE,SC,ASO,ES,Combined TRACON& Tower with Radar,25,27,28,1,81,0,1,41,0,42,25,28,69,1,123,40,0,40,163
02/22/2021,CAE,SC,ASO,ES,Combined TRACON& Tower with Radar,30,31,24,8,93,0,0,5,0,5,30,31,29,8,98,6,0,6,104
02/23/2021,CAE,SC,ASO,ES,Combined TRACON& Tower with Radar,44,30,24,8,106,0,1,42,0,43,44,31,66,8,149,78,6,84,233
02/24/2021,CAE,SC,ASO,ES,Combined TRACON& Tower with Radar,36,35,33,0,104,0,1,54,0,55,36,36,87,0,159,0,0,0,159
02/25/2021,CAE,SC,ASO,ES,Combined TRACON& Tower with Radar,41,43,49,13,146,0,1,53,1,55,41,44,102,14,201,12,35,47,248
02/26/2021,CAE,SC,ASO,ES,Combined TRACON& Tower with Radar,39,38,22,8,107,0,0,5,1,6,39,38,27,9,113,0,0,0,113
02/27/2021,CAE,SC,ASO,ES,Combined TRACON& Tower with Radar,25,20,38,0,83,0,0,38,0,38,25,20,76,0,121,2,0,2,123
02/28/2021,CAE,SC,ASO,ES,Combined TRACON& Tower with Radar,35,26,24,8,93,0,1,6,0,7,35,27,30,8,100,4,0,4,104
03/01/2021,CAE,SC,ASO,ES,Combined TRACON& Tower with Radar,32,38,36,18,124,0,2,7,0,9,32,40,43,18,133,8,14,22,155
03/02/2021,CAE,SC,ASO,ES,Combined TRACON& Tower with Radar,42,32,32,10,116,0,0,26,0,26,42,32,58,10,142,6,10,16,158
03/03/2021,CAE,SC,ASO,ES,Combined TRACON& Tower with Radar,37,33,29,4,103,0,0,17,2,19,37,33,46,6,122,2,0,2,124
03/04/2021,CAE,SC,ASO,ES,Combined TRACON& Tower with Radar,41,43,23,6,113,0,0,47,0,47,41,43,70,6,160,48,4,52,212
03/05/2021,CAE,SC,ASO,ES,Combined TRACON& Tower with Radar,35,39,28,12,114,0,0,32,0,32,35,39,60,12,146,56,20,76,222
03/06/2021,CAE,SC,ASO,ES,Combined TRACON& Tower with Radar,26,22,14,0,62,0,0,24,0,24,26,22,38,0,86,22,0,22,108
03/07/2021,CAE,SC,ASO,ES,Combined TRACON& Tower with Radar,24,18,23,6,71,0,0,25,0,25,24,18,48,6,96,2,0,2,98
03/08/2021,CAE,SC,ASO,ES,Combined TRACON& Tower with Radar,33,30,33,0,96,0,0,44,0,44,33,30,77,0,140,0,0,0,140
03/09/2021,CAE,SC,ASO,ES,Combined TRACON& Tower with Radar,40,38,31,10,119,0,0,36,0,36,40,38,67,10,155,0,0,0,155
03/10/2021,CAE,SC,ASO,ES,Combined TRACON& Tower with Radar,38,43,39,22,142,0,0,27,0,27,38,43,66,22,169,48,0,48,217
03/11/2021,CAE,SC,ASO,ES,Combined TRACON& Tower with Radar,41,53,35,18,147,0,2,42,0,44,41,55,77,18,191,62,6,68,259
03/12/2021,CAE,SC,ASO,ES,Combined TRACON& Tower with Radar,38,46,34,18,136,0,0,31,1,32,38,46,65,19,168,76,22,98,266
03/13/2021,CAE,SC,ASO,ES,Combined TRACON& Tower with Radar,26,25,19,0,70,0,1,28,1,30,26,26,47,1,100,6,0,6,106
03/14/2021,CAE,SC,ASO,ES,Combined TRACON& Tower with Radar,25,25,27,2,79,0,0,4,0,4,25,25,31,2,83,6,0,6,89
03/15/2021,CAE,SC,ASO,ES,Combined TRACON& Tower with Radar,32,35,30,26,123,0,0,15,0,15,32,35,45,26,138,46,12,58,196
03/16/2021,CAE,SC,ASO,ES,Combined TRACON& Tower with Radar,41,40,9,2,92,0,0,0,0,0,41,40,9,2,92,0,0,0,92
03/17/2021,CAE,SC,ASO,ES,Combined TRACON& Tower with Radar,35,37,43,2,117,0,0,1,0,1,35,37,44,2,118,0,0,0,118
03/18/2021,CAE,SC,ASO,ES,Combined TRACON& Tower with Radar,50,55,15,0,120,0,3,0,0,3,50,58,15,0,123,0,0,0,123
03/19/2021,CAE,SC,ASO,ES,Combined TRACON& Tower with Radar,39,53,47,19,158,0,0,24,2,26,39,53,71,21,184,8,4,12,196
03/20/2021,CAE,SC,ASO,ES,Combined TRACON& Tower with Radar,26,20,28,0,74,0,2,9,0,11,26,22,37,0,85,30,0,30,115
03/21/2021,CAE,SC,ASO,ES,Combined TRACON& Tower with Radar,25,31,19,0,75,0,0,10,0,10,25,31,29,0,85,0,0,0,85
03/22/2021,CAE,SC,ASO,ES,Combined TRACON& Tower with Radar,34,36,24,14,108,0,1,23,0,24,34,37,47,14,132,28,16,44,176
03/23/2021,CAE,SC,ASO,ES,Combined TRACON& Tower with Radar,38,43,48,38,167,0,0,17,0,17,38,43,65,38,184,56,21,77,261
03/24/2021,CAE,SC,ASO,ES,Combined TRACON& Tower with Radar,38,48,33,29,148,0,0,13,2,15,38,48,46,31,163,6,20,26,189
03/25/2021,CAE,SC,ASO,ES,Combined TRACON& Tower with Radar,60,46,32,14,152,0,0,12,3,15,60,46,44,17,167,22,20,42,209
03/26/2021,CAE,SC,ASO,ES,Combined TRACON& Tower with Radar,41,40,31,1,113,0,0,0,0,0,41,40,31,1,113,0,0,0,113
03/27/2021,CAE,SC,ASO,ES,Combined TRACON& Tower with Radar,36,25,39,0,100,0,0,13,0,13,36,25,52,0,113,12,0,12,125
03/28/2021,CAE,SC,ASO,ES,Combined TRACON& Tower with Radar,33,24,8,0,65,0,0,9,0,9,33,24,17,0,74,0,0,0,74
03/29/2021,CAE,SC,ASO,ES,Combined TRACON& Tower with Radar,33,38,37,28,136,0,1,44,1,46,33,39,81,29,182,48,0,48,230
03/30/2021,CAE,SC,ASO,ES,Combined TRACON& Tower with Radar,38,40,30,14,122,0,0,29,3,32,38,40,59,17,154,14,10,24,178
03/31/2021,CAE,SC,ASO,ES,Combined TRACON& Tower with Radar,40,40,36,3,119,0,0,2,1,3,40,40,38,4,122,6,0,6,128
04/01/2021,CAE,SC,ASO,ES,Combined TRACON& Tower with Radar,44,53,44,18,159,0,1,12,3,16,44,54,56,21,175,10,2,12,187
04/02/2021,CAE,SC,ASO,ES,Combined TRACON& Tower with Radar,43,44,33,0,120,0,1,34,0,35,43,45,67,0,155,24,0,24,179
04/03/2021,CAE,SC,ASO,ES,Combined TRACON& Tower with Radar,26,27,16,0,69,0,2,32,0,34,26,29,48,0,103,22,0,22,125
04/04/2021,CAE,SC,ASO,ES,Combined TRACON& Tower with Radar,26,25,8,0,59,0,4,17,0,21,26,29,25,0,80,10,0,10,90
04/05/2021,CAE,SC,ASO,ES,Combined TRACON& Tower with Radar,34,41,30,28,133,0,0,15,0,15,34,41,45,28,148,36,16,52,200
04/06/2021,CAE,SC,ASO,ES,Combined TRACON& Tower with Radar,44,39,44,12,139,0,0,38,0,38,44,39,82,12,177,58,4,62,239
04/07/2021,CAE,SC,ASO,ES,Combined TRACON& Tower with Radar,42,48,44,25,159,0,1,27,8,36,42,49,71,33,195,70,22,92,287
04/08/2021,CAE,SC,ASO,ES,Combined TRACON& Tower with Radar,42,50,50,2,144,0,0,19,0,19,42,50,69,2,163,30,0,30,193
04/09/2021,CAE,SC,ASO,ES,Combined TRACON& Tower with Radar,45,43,38,12,138,0,0,18,0,18,45,43,56,12,156,22,10,32,188
04/10/2021,CAE,SC,ASO,ES,Combined TRACON& Tower with Radar,25,26,16,5,72,0,0,3,1,4,25,26,19,6,76,2,6,8,84
04/11/2021,CAE,SC,ASO,ES,Combined TRACON& Tower with Radar,31,27,19,0,77,0,0,15,0,15,31,27,34,0,92,2,0,2,94
04/12/2021,CAE,SC,ASO,ES,Combined TRACON& Tower with Radar,32,37,39,27,135,0,1,33,2,36,32,38,72,29,171,40,20,60,231
04/13/2021,CAE,SC,ASO,ES,Combined TRACON& Tower with Radar,40,44,40,26,150,0,6,26,0,32,40,50,66,26,182,2,32,34,216
04/14/2021,CAE,SC,ASO,ES,Combined TRACON& Tower with Radar,42,42,30,4,118,0,0,18,13,31,42,42,48,17,149,64,16,80,229
04/15/2021,CAE,SC,ASO,ES,Combined TRACON& Tower with Radar,43,53,32,25,153,0,4,29,2,35,43,57,61,27,188,34,16,50,238
04/16/2021,CAE,SC,ASO,ES,Combined TRACON& Tower with Radar,41,44,26,25,136,0,5,36,1,42,41,49,62,26,178,26,24,50,228
04/17/2021,CAE,SC,ASO,ES,Combined TRACON& Tower with Radar,26,24,11,0,61,0,0,34,0,34,26,24,45,0,95,4,0,4,99
04/18/2021,CAE,SC,ASO,ES,Combined TRACON& Tower with Radar,30,22,28,0,80,0,0,28,0,28,30,22,56,0,108,94,0,94,202
04/19/2021,CAE,SC,ASO,ES,Combined TRACON& Tower with Radar,32,31,34,22,119,0,0,28,0,28,32,31,62,22,147,16,0,16,163
04/20/2021,CAE,SC,ASO,ES,Combined TRACON& Tower with Radar,42,41,20,16,119,0,2,27,0,29,42,43,47,16,148,50,6,56,204
04/21/2021,CAE,SC,ASO,ES,Combined TRACON& Tower with Radar,43,38,44,4,129,0,0,14,0,14,43,38,58,4,143,14,0,14,157
04/22/2021,CAE,SC,ASO,ES,Combined TRACON& Tower with Radar,43,50,38,22,153,0,1,38,0,39,43,51,76,22,192,28,28,56,248
04/23/2021,CAE,SC,ASO,ES,Combined TRACON& Tower with Radar,37,39,33,11,120,0,0,33,2,35,37,39,66,13,155,16,0,16,171
04/24/2021,CAE,SC,ASO,ES,Combined TRACON& Tower with Radar,31,26,5,0,62,0,0,1,0,1,31,26,6,0,63,0,0,0,63
04/25/2021,CAE,SC,ASO,ES,Combined TRACON& Tower with Radar,26,32,26,1,85,0,0,17,0,17,26,32,43,1,102,6,0,6,108
04/26/2021,CAE,SC,ASO,ES,Combined TRACON& Tower with Radar,32,36,56,20,144,0,0,36,5,41,32,36,92,25,185,18,14,32,217
04/27/2021,CAE,SC,ASO,ES,Combined TRACON& Tower with Radar,40,38,37,15,130,0,0,30,1,31,40,38,67,16,161,4,34,38,199
04/28/2021,CAE,SC,ASO,ES,Combined TRACON& Tower with Radar,42,42,38,23,145,0,0,33,0,33,42,42,71,23,178,44,0,44,222
04/29/2021,CAE,SC,ASO,ES,Combined TRACON& Tower with Radar,43,50,33,3,129,0,2,15,2,19,43,52,48,5,148,50,0,50,198
04/30/2021,CAE,SC,ASO,ES,Combined TRACON& Tower with Radar,41,41,34,11,127,0,0,19,1,20,41,41,53,12,147,42,8,50,197
05/01/2021,CAE,SC,ASO,ES,Combined TRACON& Tower with Radar,24,28,18,0,70,0,0,32,4,36,24,28,50,4,106,48,8,56,162
05/02/2021,CAE,SC,ASO,ES,Combined TRACON& Tower with Radar,26,29,27,2,84,0,0,22,1,23,26,29,49,3,107,8,0,8,115
05/03/2021,CAE,SC,ASO,ES,Combined TRACON& Tower with Radar,30,26,13,18,87,0,0,1,5,6,30,26,14,23,93,24,22,46,139
05/04/2021,CAE,SC,ASO,ES,Combined TRACON& Tower with Radar,50,45,41,8,144,0,6,9,3,18,50,51,50,11,162,32,2,34,196
05/05/2021,CAE,SC,ASO,ES,Combined TRACON& Tower with Radar,40,46,25,18,129,0,0,19,3,22,40,46,44,21,151,52,10,62,213
05/06/2021,CAE,SC,ASO,ES,Combined TRACON& Tower with Radar,47,51,43,9,150,0,0,29,1,30,47,51,72,10,180,34,6,40,220
05/07/2021,CAE,SC,ASO,ES,Combined TRACON& Tower with Radar,46,46,24,3,119,0,1,34,4,39,46,47,58,7,158,54,0,54,212
05/08/2021,CAE,SC,ASO,ES,Combined TRACON& Tower with Radar,30,19,23,2,74,0,2,27,1,30,30,21,50,3,104,22,0,22,126
05/09/2021,CAE,SC,ASO,ES,Combined TRACON& Tower with Radar,28,28,23,1,80,0,0,14,0,14,28,28,37,1,94,0,0,0,94
05/10/2021,CAE,SC,ASO,ES,Combined TRACON& Tower with Radar,37,30,41,15,123,0,0,30,1,31,37,30,71,16,154,0,2,2,156
05/11/2021,CAE,SC,ASO,ES,Combined TRACON& Tower with Radar,46,34,63,11,154,0,0,6,2,8,46,34,69,13,162,72,0,72,234
05/12/2021,CAE,SC,ASO,ES,Combined TRACON& Tower with Radar,48,39,26,2,115,0,0,1,0,1,48,39,27,2,116,4,0,4,120
05/13/2021,CAE,SC,ASO,ES,Combined TRACON& Tower with Radar,47,49,30,4,130,0,1,19,2,22,47,50,49,6,152,32,0,32,184
05/14/2021,CAE,SC,ASO,ES,Combined TRACON& Tower with Radar,45,38,39,0,122,0,0,32,0,32,45,38,71,0,154,74,0,74,228
05/15/2021,CAE,SC,ASO,ES,Combined TRACON& Tower with Radar,30,17,27,0,74,0,0,26,0,26,30,17,53,0,100,26,0,26,126
05/16/2021,CAE,SC,ASO,ES,Combined TRACON& Tower with Radar,28,25,25,2,80,0,0,20,0,20,28,25,45,2,100,14,0,14,114
05/17/2021,CAE,SC,ASO,ES,Combined TRACON& Tower with Radar,36,32,34,2,104,0,0,29,0,29,36,32,63,2,133,20,0,20,153
05/18/2021,CAE,SC,ASO,ES,Combined TRACON& Tower with Radar,42,35,26,9,112,0,0,32,1,33,42,35,58,10,145,22,0,22,167
05/19/2021,CAE,SC,ASO,ES,Combined TRACON& Tower with Radar,44,43,39,2,128,0,0,26,0,26,44,43,65,2,154,0,0,0,154
05/20/2021,CAE,SC,ASO,ES,Combined TRACON& Tower with Radar,50,43,34,15,142,0,0,24,10,34,50,43,58,25,176,18,40,58,234
05/21/2021,CAE,SC,ASO,ES,Combined TRACON& Tower with Radar,46,41,30,5,122,0,4,42,0,46,46,45,72,5,168,28,4,32,200
05/22/2021,CAE,SC,ASO,ES,Combined TRACON& Tower with Radar,30,16,16,0,62,0,0,29,0,29,30,16,45,0,91,20,0,20,111
05/23/2021,CAE,SC,ASO,ES,Combined TRACON& Tower with Radar,28,26,33,0,87,0,1,31,0,32,28,27,64,0,119,26,0,26,145
05/24/2021,CAE,SC,ASO,ES,Combined TRACON& Tower with Radar,35,35,29,11,110,0,1,19,0,20,35,36,48,11,130,2,10,12,142
05/25/2021,CAE,SC,ASO,ES,Combined TRACON& Tower with Radar,49,37,47,22,155,0,0,19,0,19,49,37,66,22,174,22,0,22,196
05/26/2021,CAE,SC,ASO,ES,Combined TRACON& Tower with Radar,46,46,51,21,164,0,0,40,6,46,46,46,91,27,210,14,18,32,242
05/27/2021,CAE,SC,ASO,ES,Combined TRACON& Tower with Radar,46,47,37,1,131,0,2,38,0,40,46,49,75,1,171,38,0,38,209
05/28/2021,CAE,SC,ASO,ES,Combined TRACON& Tower with Radar,42,35,32,3,112,0,0,27,1,28,42,35,59,4,140,4,0,4,144
05/29/2021,CAE,SC,ASO,ES,Combined TRACON& Tower with Radar,30,15,17,0,62,0,0,6,0,6,30,15,23,0,68,38,0,38,106
05/30/2021,CAE,SC,ASO,ES,Combined TRACON& Tower with Radar,28,19,19,0,66,0,0,10,0,10,28,19,29,0,76,36,0,36,112
05/31/2021,CAE,SC,ASO,ES,Combined TRACON& Tower with Radar,30,15,19,0,64,0,1,26,0,27,30,16,45,0,91,40,0,40,131
06/01/2021,CAE,SC,ASO,ES,Combined TRACON& Tower with Radar,36,38,19,2,95,0,0,45,4,49,36,38,64,6,144,36,6,42,186
06/02/2021,CAE,SC,ASO,ES,Combined TRACON& Tower with Radar,46,41,43,26,156,0,0,10,0,10,46,41,53,26,166,74,0,74,240
06/03/2021,CAE,SC,ASO,ES,Combined TRACON& Tower with Radar,43,45,44,17,149,0,0,6,0,6,43,45,50,17,155,90,8,98,253
06/04/2021,CAE,SC,ASO,ES,Combined TRACON& Tower with Radar,44,45,39,8,136,0,0,19,0,19,44,45,58,8,155,0,8,8,163
06/05/2021,CAE,SC,ASO,ES,Combined TRACON& Tower with Radar,25,27,11,6,69,0,0,13,0,13,25,27,24,6,82,14,6,20,102
06/06/2021,CAE,SC,ASO,ES,Combined TRACON& Tower with Radar,33,26,20,0,79,0,0,2,0,2,33,26,22,0,81,0,0,0,81
06/07/2021,CAE,SC,ASO,ES,Combined TRACON& Tower with Radar,35,32,30,0,97,0,0,2,0,2,35,32,32,0,99,40,0,40,139
06/08/2021,CAE,SC,ASO,ES,Combined TRACON& Tower with Radar,46,44,34,2,126,0,0,6,1,7,46,44,40,3,133,2,4,6,139
06/09/2021,CAE,SC,ASO,ES,Combined TRACON& Tower with Radar,46,46,26,7,125,0,0,16,0,16,46,46,42,7,141,94,0,94,235
06/10/2021,CAE,SC,ASO,ES,Combined TRACON& Tower with Radar,51,50,43,10,154,0,0,25,0,25,51,50,68,10,179,38,18,56,235
06/11/2021,CAE,SC,ASO,ES,Combined TRACON& Tower with Radar,48,39,32,6,125,0,0,13,0,13,48,39,45,6,138,32,12,44,182
06/12/2021,CAE,SC,ASO,ES,Combined TRACON& Tower with Radar,29,29,23,1,82,0,0,12,0,12,29,29,35,1,94,20,0,20,114
06/13/2021,CAE,SC,ASO,ES,Combined TRACON& Tower with Radar,34,28,24,0,86,0,0,15,0,15,34,28,39,0,101,20,0,20,121
06/14/2021,CAE,SC,ASO,ES,Combined TRACON& Tower with Radar,38,38,18,4,98,0,6,28,0,34,38,44,46,4,132,42,0,42,174
06/15/2021,CAE,SC,ASO,ES,Combined TRACON& Tower with Radar,47,46,49,10,152,0,5,50,0,55,47,51,99,10,207,0,12,12,219
06/16/2021,CAE,SC,ASO,ES,Combined TRACON& Tower with Radar,47,54,35,11,147,0,0,46,0,46,47,54,81,11,193,126,0,126,319
06/17/2021,CAE,SC,ASO,ES,Combined TRACON& Tower with Radar,47,51,42,4,144,0,0,49,2,51,47,51,91,6,195,44,0,44,239
06/18/2021,CAE,SC,ASO,ES,Combined TRACON& Tower with Radar,51,44,25,0,120,0,0,38,0,38,51,44,63,0,158,62,0,62,220
06/19/2021,CAE,SC,ASO,ES,Combined TRACON& Tower with Radar,28,29,19,0,76,0,0,32,0,32,28,29,51,0,108,8,0,8,116
06/20/2021,CAE,SC,ASO,ES,Combined TRACON& Tower with Radar,36,23,15,0,74,0,0,0,0,0,36,23,15,0,74,2,0,2,76
06/21/2021,CAE,SC,ASO,ES,Combined TRACON& Tower with Radar,40,36,36,12,124,0,0,23,0,23,40,36,59,12,147,0,16,16,163
06/22/2021,CAE,SC,ASO,ES,Combined TRACON& Tower with Radar,48,45,29,12,134,0,1,3,0,4,48,46,32,12,138,48,0,48,186
06/23/2021,CAE,SC,ASO,ES,Combined TRACON& Tower with Radar,47,45,39,11,142,0,3,19,2,24,47,48,58,13,166,14,22,36,202
06/24/2021,CAE,SC,ASO,ES,Combined TRACON& Tower with Radar,50,45,39,24,158,0,0,44,6,50,50,45,83,30,208,6,24,30,238
06/25/2021,CAE,SC,ASO,ES,Combined TRACON& Tower with Radar,46,39,33,2,120,0,2,31,0,33,46,41,64,2,153,52,0,52,205
06/26/2021,CAE,SC,ASO,ES,Combined TRACON& Tower with Radar,26,22,25,0,73,0,0,20,0,20,26,22,45,0,93,34,0,34,127
06/27/2021,CAE,SC,ASO,ES,Combined TRACON& Tower with Radar,35,26,27,0,88,0,0,14,2,16,35,26,41,2,104,64,0,64,168
06/28/2021,CAE,SC,ASO,ES,Combined TRACON& Tower with Radar,37,32,29,0,98,0,1,15,0,16,37,33,44,0,114,2,0,2,116
06/29/2021,CAE,SC,ASO,ES,Combined TRACON& Tower with Radar,46,45,39,11,141,0,0,19,4,23,46,45,58,15,164,22,8,30,194
06/30/2021,CAE,SC,ASO,ES,Combined TRACON& Tower with Radar,45,42,41,12,140,0,0,29,2,31,45,42,70,14,171,64,18,82,253
07/01/2021,CAE,SC,ASO,ES,Combined TRACON& Tower with Radar,47,44,47,4,142,0,0,19,0,19,47,44,66,4,161,2,0,2,163
07/02/2021,CAE,SC,ASO,ES,Combined TRACON& Tower with Radar,42,45,16,0,103,0,0,0,0,0,42,45,16,0,103,0,0,0,103
07/03/2021,CAE,SC,ASO,ES,Combined TRACON& Tower with Radar,28,23,13,0,64,0,0,35,0,35,28,23,48,0,99,0,0,0,99
07/04/2021,CAE,SC,ASO,ES,Combined TRACON& Tower with Radar,26,22,9,0,57,0,0,16,0,16,26,22,25,0,73,0,0,0,73
07/05/2021,CAE,SC,ASO,ES,Combined TRACON& Tower with Radar,28,27,25,0,80,0,0,37,0,37,28,27,62,0,117,10,0,10,127
07/06/2021,CAE,SC,ASO,ES,Combined TRACON& Tower with Radar,36,48,33,2,119,0,1,28,0,29,36,49,61,2,148,0,0,0,148
07/07/2021,CAE,SC,ASO,ES,Combined TRACON& Tower with Radar,45,40,30,2,117,0,2,27,0,29,45,42,57,2,146,6,0,6,152
07/08/2021,CAE,SC,ASO,ES,Combined TRACON& Tower with Radar,50,54,11,5,120,0,0,2,2,4,50,54,13,7,124,6,0,6,130
07/09/2021,CAE,SC,ASO,ES,Combined TRACON& Tower with Radar,49,42,28,13,132,0,0,15,3,18,49,42,43,16,150,34,6,40,190
07/10/2021,CAE,SC,ASO,ES,Combined TRACON& Tower with Radar,32,26,23,0,81,0,0,24,0,24,32,26,47,0,105,16,0,16,121
07/11/2021,CAE,SC,ASO,ES,Combined TRACON& Tower with Radar,30,28,17,3,78,0,0,24,0,24,30,28,41,3,102,16,0,16,118
07/12/2021,CAE,SC,ASO,ES,Combined TRACON& Tower with Radar,40,34,29,27,130,0,0,10,3,13,40,34,39,30,143,0,32,32,175
07/13/2021,CAE,SC,ASO,ES,Combined TRACON& Tower with Radar,45,49,41,8,143,0,3,26,1,30,45,52,67,9,173,24,8,32,205
07/14/2021,CAE,SC,ASO,ES,Combined TRACON& Tower with Radar,45,50,41,26,162,0,2,20,0,22,45,52,61,26,184,52,24,76,260
07/15/2021,CAE,SC,ASO,ES,Combined TRACON& Tower with Radar,50,58,28,5,141,0,0,35,1,36,50,58,63,6,177,48,0,48,225
07/16/2021,CAE,SC,ASO,ES,Combined TRACON& Tower with Radar,45,37,26,8,116,0,0,25,0,25,45,37,51,8,141,28,12,40,181
07/17/2021,CAE,SC,ASO,ES,Combined TRACON& Tower with Radar,24,22,11,0,57,0,1,19,0,20,24,23,30,0,77,6,0,6,83
07/18/2021,CAE,SC,ASO,ES,Combined TRACON& Tower with Radar,34,31,13,0,78,0,1,18,0,19,34,32,31,0,97,8,0,8,105
07/19/2021,CAE,SC,ASO,ES,Combined TRACON& Tower with Radar,40,34,30,2,106,0,0,6,0,6,40,34,36,2,112,0,0,0,112
07/20/2021,CAE,SC,ASO,ES,Combined TRACON& Tower with Radar,42,51,28,1,122,0,0,3,0,3,42,51,31,1,125,0,0,0,125
07/21/2021,CAE,SC,ASO,ES,Combined TRACON& Tower with Radar,44,57,43,3,147,0,1,31,2,34,44,58,74,5,181,62,0,62,243
07/22/2021,CAE,SC,ASO,ES,Combined TRACON& Tower with Radar,51,47,29,0,127,0,0,25,0,25,51,47,54,0,152,26,0,26,178
07/23/2021,CAE,SC,ASO,ES,Combined TRACON& Tower with Radar,43,43,30,6,122,0,0,23,0,23,43,43,53,6,145,22,4,26,171
07/24/2021,CAE,SC,ASO,ES,Combined TRACON& Tower with Radar,28,29,20,0,77,0,2,28,0,30,28,31,48,0,107,4,0,4,111
07/25/2021,CAE,SC,ASO,ES,Combined TRACON& Tower with Radar,34,31,12,3,80,0,0,28,1,29,34,31,40,4,109,2,0,2,111
07/26/2021,CAE,SC,ASO,ES,Combined TRACON& Tower with Radar,55,34,29,3,121,0,1,19,6,26,55,35,48,9,147,40,0,40,187
07/27/2021,CAE,SC,ASO,ES,Combined TRACON& Tower with Radar,54,43,35,6,138,0,0,7,4,11,54,43,42,10,149,32,0,32,181
07/28/2021,CAE,SC,ASO,ES,Combined TRACON& Tower with Radar,47,51,47,26,171,0,0,14,6,20,47,51,61,32,191,46,14,60,251
07/29/2021,CAE,SC,ASO,ES,Combined TRACON& Tower with Radar,49,47,31,5,132,0,0,18,0,18,49,47,49,5,150,42,22,64,214
07/30/2021,CAE,SC,ASO,ES,Combined TRACON& Tower with Radar,42,38,33,12,125,0,0,24,0,24,42,38,57,12,149,100,4,104,253
07/31/2021,CAE,SC,ASO,ES,Combined TRACON& Tower with Radar,32,29,23,0,84,0,0,24,0,24,32,29,47,0,108,76,0,76,184
08/01/2021,CAE,SC,ASO,ES,Combined TRACON& Tower with Radar,25,29,19,0,73,0,0,15,8,23,25,29,34,8,96,4,0,4,100
08/02/2021,CAE,SC,ASO,ES,Combined TRACON& Tower with Radar,39,39,33,5,116,0,0,24,1,25,39,39,57,6,141,26,0,26,167
08/03/2021,CAE,SC,ASO,ES,Combined TRACON& Tower with Radar,48,38,20,2,108,0,0,3,0,3,48,38,23,2,111,58,0,58,169
08/04/2021,CAE,SC,ASO,ES,Combined TRACON& Tower with Radar,46,49,28,6,129,0,1,6,1,8,46,50,34,7,137,86,0,86,223
08/05/2021,CAE,SC,ASO,ES,Combined TRACON& Tower with Radar,43,51,44,8,146,0,0,18,4,22,43,51,62,12,168,44,0,44,212
08/06/2021,CAE,SC,ASO,ES,Combined TRACON& Tower with Radar,41,50,24,3,118,0,0,3,0,3,41,50,27,3,121,0,0,0,121
08/07/2021,CAE,SC,ASO,ES,Combined TRACON& Tower with Radar,23,25,20,1,69,0,0,5,0,5,23,25,25,1,74,110,0,110,184
08/08/2021,CAE,SC,ASO,ES,Combined TRACON& Tower with Radar,28,28,16,2,74,0,0,24,0,24,28,28,40,2,98,6,0,6,104
08/09/2021,CAE,SC,ASO,ES,Combined TRACON& Tower with Radar,35,36,30,2,103,0,0,23,0,23,35,36,53,2,126,42,0,42,168
08/10/2021,CAE,SC,ASO,ES,Combined TRACON& Tower with Radar,45,41,42,4,132,0,0,20,2,22,45,41,62,6,154,30,2,32,186
08/11/2021,CAE,SC,ASO,ES,Combined TRACON& Tower with Radar,44,50,30,20,144,0,1,33,2,36,44,51,63,22,180,14,20,34,214
08/12/2021,CAE,SC,ASO,ES,Combined TRACON& Tower with Radar,45,51,22,19,137,0,1,27,1,29,45,52,49,20,166,42,30,72,238
08/13/2021,CAE,SC,ASO,ES,Combined TRACON& Tower with Radar,50,45,34,5,134,0,0,24,1,25,50,45,58,6,159,34,8,42,201
08/14/2021,CAE,SC,ASO,ES,Combined TRACON& Tower with Radar,29,24,23,0,76,0,0,35,0,35,29,24,58,0,111,8,0,8,119
08/15/2021,CAE,SC,ASO,ES,Combined TRACON& Tower with Radar,26,30,23,0,79,0,0,3,0,3,26,30,26,0,82,2,0,2,84
08/16/2021,CAE,SC,ASO,ES,Combined TRACON& Tower with Radar,39,38,38,0,115,0,0,0,0,0,39,38,38,0,115,0,0,0,115
08/17/2021,CAE,SC,ASO,ES,Combined TRACON& Tower with Radar,47,38,23,0,108,0,0,0,0,0,47,38,23,0,108,0,0,0,108
08/18/2021,CAE,SC,ASO,ES,Combined TRACON& Tower with Radar,49,46,33,16,144,0,0,25,2,27,49,46,58,18,171,24,16,40,211
08/19/2021,CAE,SC,ASO,ES,Combined TRACON& Tower with Radar,53,54,24,12,143,0,0,17,2,19,53,54,41,14,162,18,20,38,200
08/20/2021,CAE,SC,ASO,ES,Combined TRACON& Tower with Radar,46,40,29,10,125,0,0,21,0,21,46,40,50,10,146,20,8,28,174
08/21/2021,CAE,SC,ASO,ES,Combined TRACON& Tower with Radar,32,21,18,4,75,0,0,17,1,18,32,21,35,5,93,10,0,10,103
08/22/2021,CAE,SC,ASO,ES,Combined TRACON& Tower with Radar,33,28,16,0,77,0,0,5,0,5,33,28,21,0,82,6,0,6,88
08/23/2021,CAE,SC,ASO,ES,Combined TRACON& Tower with Radar,41,31,27,13,112,0,0,6,0,6,41,31,33,13,118,0,0,0,118
08/24/2021,CAE,SC,ASO,ES,Combined TRACON& Tower with Radar,50,43,34,14,141,0,0,25,0,25,50,43,59,14,166,30,6,36,202
08/25/2021,CAE,SC,ASO,ES,Combined TRACON& Tower with Radar,46,48,34,5,133,0,0,19,1,20,46,48,53,6,153,16,6,22,175
08/26/2021,CAE,SC,ASO,ES,Combined TRACON& Tower with Radar,52,49,47,4,152,0,1,30,0,31,52,50,77,4,183,48,14,62,245
08/27/2021,CAE,SC,ASO,ES,Combined TRACON& Tower with Radar,45,44,33,10,132,0,0,19,0,19,45,44,52,10,151,36,12,48,199
08/28/2021,CAE,SC,ASO,ES,Combined TRACON& Tower with Radar,32,33,22,1,88,0,0,21,0,21,32,33,43,1,109,34,0,34,143
08/29/2021,CAE,SC,ASO,ES,Combined TRACON& Tower with Radar,35,32,26,0,93,0,0,13,0,13,35,32,39,0,106,20,0,20,126
08/30/2021,CAE,SC,ASO,ES,Combined TRACON& Tower with Radar,39,34,36,5,114,0,0,31,1,32,39,34,67,6,146,28,18,46,192
08/31/2021,CAE,SC,ASO,ES,Combined TRACON& Tower with Radar,51,40,26,2,119,0,0,14,0,14,51,40,40,2,133,46,0,46,179
09/01/2021,CAE,SC,ASO,ES,Combined TRACON& Tower with Radar,63,42,26,6,137,0,0,2,0,2,63,42,28,6,139,60,4,64,203
09/02/2021,CAE,SC,ASO,ES,Combined TRACON& Tower with Radar,53,58,33,3,147,0,0,30,2,32,53,58,63,5,179,42,0,42,221
09/03/2021,CAE,SC,ASO,ES,Combined TRACON& Tower with Radar,45,53,25,3,126,0,0,22,0,22,45,53,47,3,148,26,0,26,174
09/04/2021,CAE,SC,ASO,ES,Combined TRACON& Tower with Radar,33,21,18,0,72,0,0,25,0,25,33,21,43,0,97,0,0,0,97
09/05/2021,CAE,SC,ASO,ES,Combined TRACON& Tower with Radar,25,17,15,0,57,0,1,14,0,15,25,18,29,0,72,2,0,2,74
09/06/2021,CAE,SC,ASO,ES,Combined TRACON& Tower with Radar,38,17,22,1,78,0,0,11,0,11,38,17,33,1,89,10,0,10,99
09/07/2021,CAE,SC,ASO,ES,Combined TRACON& Tower with Radar,41,36,21,2,100,0,1,28,0,29,41,37,49,2,129,45,0,45,174
09/08/2021,CAE,SC,ASO,ES,Combined TRACON& Tower with Radar,49,48,31,15,143,0,0,4,0,4,49,48,35,15,147,40,0,40,187
09/09/2021,CAE,SC,ASO,ES,Combined TRACON& Tower with Radar,57,49,20,21,147,0,0,11,0,11,57,49,31,21,158,30,6,36,194
09/10/2021,CAE,SC,ASO,ES,Combined TRACON& Tower with Radar,47,45,42,10,144,0,0,45,1,46,47,45,87,11,190,30,10,40,230
09/11/2021,CAE,SC,ASO,ES,Combined TRACON& Tower with Radar,37,21,17,2,77,0,0,36,0,36,37,21,53,2,113,10,4,14,127
09/12/2021,CAE,SC,ASO,ES,Combined TRACON& Tower with Radar,36,25,24,5,90,0,0,33,1,34,36,25,57,6,124,22,10,32,156
09/13/2021,CAE,SC,ASO,ES,Combined TRACON& Tower with Radar,44,30,25,12,111,0,0,37,4,41,44,30,62,16,152,34,14,48,200
09/14/2021,CAE,SC,ASO,ES,Combined TRACON& Tower with Radar,52,40,34,2,128,0,2,30,11,43,52,42,64,13,171,28,0,28,199
09/15/2021,CAE,SC,ASO,ES,Combined TRACON& Tower with Radar,52,41,41,0,134,0,0,9,4,13,52,41,50,4,147,18,0,18,165
09/16/2021,CAE,SC,ASO,ES,Combined TRACON& Tower with Radar,54,52,36,0,142,0,0,1,0,1,54,52,37,0,143,0,0,0,143
09/17/2021,CAE,SC,ASO,ES,Combined TRACON& Tower with Radar,51,41,43,12,147,0,0,29,0,29,51,41,72,12,176,36,0,36,212
09/18/2021,CAE,SC,ASO,ES,Combined TRACON& Tower with Radar,39,18,11,0,68,0,0,20,0,20,39,18,31,0,88,32,0,32,120
09/19/2021,CAE,SC,ASO,ES,Combined TRACON& Tower with Radar,41,38,15,2,96,0,1,7,0,8,41,39,22,2,104,4,0,4,108
09/20/2021,CAE,SC,ASO,ES,Combined TRACON& Tower with Radar,46,35,39,18,138,0,0,2,0,2,46,35,41,18,140,0,12,12,152
09/21/2021,CAE,SC,ASO,ES,Combined TRACON& Tower with Radar,54,45,32,2,133,0,0,4,0,4,54,45,36,2,137,10,0,10,147
09/22/2021,CAE,SC,ASO,ES,Combined TRACON& Tower with Radar,55,39,42,20,156,0,0,0,0,0,55,39,42,20,156,36,12,48,204
09/23/2021,CAE,SC,ASO,ES,Combined TRACON& Tower with Radar,52,51,46,32,181,0,0,41,3,44,52,51,87,35,225,26,8,34,259
09/24/2021,CAE,SC,ASO,ES,Combined TRACON& Tower with Radar,49,50,45,4,148,0,0,48,0,48,49,50,93,4,196,30,0,30,226
09/25/2021,CAE,SC,ASO,ES,Combined TRACON& Tower with Radar,36,20,25,4,85,0,0,27,2,29,36,20,52,6,114,0,0,0,114
09/26/2021,CAE,SC,ASO,ES,Combined TRACON& Tower with Radar,43,35,24,6,108,0,0,29,1,30,43,35,53,7,138,48,0,48,186
09/27/2021,CAE,SC,ASO,ES,Combined TRACON& Tower with Radar,44,31,32,10,117,0,0,46,0,46,44,31,78,10,163,42,6,48,211
09/28/2021,CAE,SC,ASO,ES,Combined TRACON& Tower with Radar,53,36,31,35,155,0,1,29,0,30,53,37,60,35,185,66,24,90,275
09/29/2021,CAE,SC,ASO,ES,Combined TRACON& Tower with Radar,52,40,23,23,138,0,0,22,7,29,52,40,45,30,167,30,28,58,225
09/30/2021,CAE,SC,ASO,ES,Combined TRACON& Tower with Radar,53,52,55,25,185,0,1,31,3,35,53,53,86,28,220,38,18,56,276
10/01/2021,CAE,SC,ASO,ES,Combined TRACON& Tower with Radar,50,35,47,24,156,0,0,26,0,26,50,35,73,24,182,36,0,36,218
10/02/2021,CAE,SC,ASO,ES,Combined TRACON& Tower with Radar,37,21,27,0,85,0,0,46,0,46,37,21,73,0,131,8,0,8,139
10/03/2021,CAE,SC,ASO,ES,Combined TRACON& Tower with Radar,40,24,17,0,81,0,0,26,2,28,40,24,43,2,109,28,0,28,137
10/04/2021,CAE,SC,ASO,ES,Combined TRACON& Tower with Radar,45,33,48,8,134,0,0,16,0,16,45,33,64,8,150,40,0,40,190
10/05/2021,CAE,SC,ASO,ES,Combined TRACON& Tower with Radar,52,32,20,14,118,0,4,3,2,9,52,36,23,16,127,14,8,22,149
10/06/2021,CAE,SC,ASO,ES,Combined TRACON& Tower with Radar,55,44,36,17,152,0,4,4,0,8,55,48,40,17,160,10,0,10,170
10/07/2021,CAE,SC,ASO,ES,Combined TRACON& Tower with Radar,49,57,36,6,148,0,0,5,0,5,49,57,41,6,153,14,0,14,167
10/08/2021,CAE,SC,ASO,ES,Combined TRACON& Tower with Radar,45,48,29,0,122,0,0,1,0,1,45,48,30,0,123,6,0,6,129
10/09/2021,CAE,SC,ASO,ES,Combined TRACON& Tower with Radar,37,27,26,0,90,0,0,5,0,5,37,27,31,0,95,10,0,10,105
10/10/2021,CAE,SC,ASO,ES,Combined TRACON& Tower with Radar,37,33,30,0,100,0,0,24,0,24,37,33,54,0,124,6,0,6,130
10/11/2021,CAE,SC,ASO,ES,Combined TRACON& Tower with Radar,39,33,48,0,120,0,0,8,0,8,39,33,56,0,128,84,0,84,212
10/12/2021,CAE,SC,ASO,ES,Combined TRACON& Tower with Radar,53,43,33,2,131,0,0,37,9,46,53,43,70,11,177,40,18,58,235
10/13/2021,CAE,SC,ASO,ES,Combined TRACON& Tower with Radar,49,50,51,14,164,0,0,53,1,54,49,50,104,15,218,16,8,24,242
10/14/2021,CAE,SC,ASO,ES,Combined TRACON& Tower with Radar,50,50,43,24,167,0,1,45,2,48,50,51,88,26,215,54,0,54,269
10/15/2021,CAE,SC,ASO,ES,Combined TRACON& Tower with Radar,43,48,40,14,145,0,1,42,1,44,43,49,82,15,189,62,12,74,263
10/16/2021,CAE,SC,ASO,ES,Combined TRACON& Tower with Radar,36,30,25,0,91,0,0,19,0,19,36,30,44,0,110,28,0,28,138
10/17/2021,CAE,SC,ASO,ES,Combined TRACON& Tower with Radar,35,24,41,3,103,0,0,28,1,29,35,24,69,4,132,36,0,36,168
10/18/2021,CAE,SC,ASO,ES,Combined TRACON& Tower with Radar,41,40,43,6,130,0,0,40,5,45,41,40,83,11,175,54,0,54,229
10/19/2021,CAE,SC,ASO,ES,Combined TRACON& Tower with Radar,48,40,49,32,169,0,0,39,2,41,48,40,88,34,210,24,32,56,266
10/20/2021,CAE,SC,ASO,ES,Combined TRACON& Tower with Radar,52,45,47,10,154,0,0,38,4,42,52,45,85,14,196,42,16,58,254
10/21/2021,CAE,SC,ASO,ES,Combined TRACON& Tower with Radar,53,47,51,4,155,0,0,24,3,27,53,47,75,7,182,20,0,20,202
10/22/2021,CAE,SC,ASO,ES,Combined TRACON& Tower with Radar,49,53,38,6,146,0,0,14,2,16,49,53,52,8,162,62,0,62,224
10/23/2021,CAE,SC,ASO,ES,Combined TRACON& Tower with Radar,34,43,26,0,103,0,2,32,0,34,34,45,58,0,137,0,0,0,137
10/24/2021,CAE,SC,ASO,ES,Combined TRACON& Tower with Radar,35,39,37,0,111,0,0,32,0,32,35,39,69,0,143,18,0,18,161
10/25/2021,CAE,SC,ASO,ES,Combined TRACON& Tower with Radar,41,34,25,2,102,0,0,18,0,18,41,34,43,2,120,30,0,30,150
10/26/2021,CAE,SC,ASO,ES,Combined TRACON& Tower with Radar,52,49,31,13,145,0,0,28,2,30,52,49,59,15,175,60,4,64,239
10/27/2021,CAE,SC,ASO,ES,Combined TRACON& Tower with Radar,50,51,56,15,172,0,0,44,5,49,50,51,100,20,221,110,26,136,357
10/28/2021,CAE,SC,ASO,ES,Combined TRACON& Tower with Radar,47,52,35,6,140,0,0,2,0,2,47,52,37,6,142,8,2,10,152
10/29/2021,CAE,SC,ASO,ES,Combined TRACON& Tower with Radar,48,52,31,4,135,0,2,7,0,9,48,54,38,4,144,50,6,56,200
10/30/2021,CAE,SC,ASO,ES,Combined TRACON& Tower with Radar,35,26,41,0,102,0,0,15,0,15,35,26,56,0,117,0,0,0,117
10/31/2021,CAE,SC,ASO,ES,Combined TRACON& Tower with Radar,35,20,21,0,76,0,0,31,0,31,35,20,52,0,107,2,0,2,109
11/01/2021,CAE,SC,ASO,ES,Combined TRACON& Tower with Radar,39,31,33,9,112,0,1,38,1,40,39,32,71,10,152,72,10,82,234
11/02/2021,CAE,SC,ASO,ES,Combined TRACON& Tower with Radar,46,47,32,33,158,0,1,30,1,32,46,48,62,34,190,12,12,24,214
11/03/2021,CAE,SC,ASO,ES,Combined TRACON& Tower with Radar,43,45,41,4,133,0,0,34,0,34,43,45,75,4,167,42,6,48,215
11/04/2021,CAE,SC,ASO,ES,Combined TRACON& Tower with Radar,45,50,44,8,147,0,0,5,0,5,45,50,49,8,152,48,10,58,210
11/05/2021,CAE,SC,ASO,ES,Combined TRACON& Tower with Radar,41,49,45,4,139,0,0,36,0,36,41,49,81,4,175,74,0,74,249
11/06/2021,CAE,SC,ASO,ES,Combined TRACON& Tower with Radar,28,41,15,4,88,0,0,9,0,9,28,41,24,4,97,8,0,8,105
11/07/2021,CAE,SC,ASO,ES,Combined TRACON& Tower with Radar,28,28,31,0,87,0,0,22,0,22,28,28,53,0,109,4,0,4,113
11/08/2021,CAE,SC,ASO,ES,Combined TRACON& Tower with Radar,37,36,29,20,122,0,0,42,0,42,37,36,71,20,164,26,16,42,206
11/09/2021,CAE,SC,ASO,ES,Combined TRACON& Tower with Radar,44,42,37,15,138,0,0,59,3,62,44,42,96,18,200,10,0,10,210
11/10/2021,CAE,SC,ASO,ES,Combined TRACON& Tower with Radar,43,44,53,20,160,0,0,35,4,39,43,44,88,24,199,64,20,84,283
11/11/2021,CAE,SC,ASO,ES,Combined TRACON& Tower with Radar,47,53,45,0,145,0,0,14,0,14,47,53,59,0,159,34,0,34,193
11/12/2021,CAE,SC,ASO,ES,Combined TRACON& Tower with Radar,42,49,31,0,122,0,1,41,0,42,42,50,72,0,164,70,0,70,234
11/13/2021,CAE,SC,ASO,ES,Combined TRACON& Tower with Radar,22,38,23,0,83,0,1,26,0,27,22,39,49,0,110,52,0,52,162
11/14/2021,CAE,SC,ASO,ES,Combined TRACON& Tower with Radar,29,28,27,1,85,0,0,35,0,35,29,28,62,1,120,28,0,28,148
11/15/2021,CAE,SC,ASO,ES,Combined TRACON& Tower with Radar,39,41,28,1,109,0,0,34,0,34,39,41,62,1,143,22,0,22,165
11/16/2021,CAE,SC,ASO,ES,Combined TRACON& Tower with Radar,44,52,32,8,136,0,0,27,0,27,44,52,59,8,163,54,12,66,229
11/17/2021,CAE,SC,ASO,ES,Combined TRACON& Tower with Radar,46,49,47,19,161,0,0,46,3,49,46,49,93,22,210,64,8,72,282
11/18/2021,CAE,SC,ASO,ES,Combined TRACON& Tower with Radar,53,66,35,2,156,0,3,27,0,30,53,69,62,2,186,0,0,0,186
11/19/2021,CAE,SC,ASO,ES,Combined TRACON& Tower with Radar,45,46,57,4,152,0,3,48,0,51,45,49,105,4,203,22,0,22,225
11/20/2021,CAE,SC,ASO,ES,Combined TRACON& Tower with Radar,23,25,42,0,90,0,1,23,2,26,23,26,65,2,116,0,0,0,116
11/21/2021,CAE,SC,ASO,ES,Combined TRACON& Tower with Radar,33,31,31,0,95,0,1,32,0,33,33,32,63,0,128,38,0,38,166
11/22/2021,CAE,SC,ASO,ES,Combined TRACON& Tower with Radar,39,46,25,2,112,0,0,4,0,4,39,46,29,2,116,42,0,42,158
11/23/2021,CAE,SC,ASO,ES,Combined TRACON& Tower with Radar,59,69,46,4,178,0,3,40,0,43,59,72,86,4,221,22,0,22,243
11/24/2021,CAE,SC,ASO,ES,Combined TRACON& Tower with Radar,53,59,49,2,163,0,1,18,0,19,53,60,67,2,182,8,0,8,190
11/25/2021,CAE,SC,ASO,ES,Combined TRACON& Tower with Radar,21,17,1,0,39,0,2,4,0,6,21,19,5,0,45,0,0,0,45
11/26/2021,CAE,SC,ASO,ES,Combined TRACON& Tower with Radar,26,36,29,0,91,0,0,11,0,11,26,36,40,0,102,14,0,14,116
11/27/2021,CAE,SC,ASO,ES,Combined TRACON& Tower with Radar,29,39,23,0,91,0,0,30,0,30,29,39,53,0,121,6,0,6,127
11/28/2021,CAE,SC,ASO,ES,Combined TRACON& Tower with Radar,34,46,43,0,123,0,0,14,0,14,34,46,57,0,137,0,0,0,137
11/29/2021,CAE,SC,ASO,ES,Combined TRACON& Tower with Radar,43,48,31,10,132,0,1,25,0,26,43,49,56,10,158,10,0,10,168
11/30/2021,CAE,SC,ASO,ES,Combined TRACON& Tower with Radar,62,48,41,22,173,0,1,19,0,20,62,49,60,22,193,48,2,50,243
12/01/2021,CAE,SC,ASO,ES,Combined TRACON& Tower with Radar,55,50,40,16,161,0,0,35,1,36,55,50,75,17,197,24,6,30,227
12/02/2021,CAE,SC,ASO,ES,Combined TRACON& Tower with Radar,59,53,40,13,165,0,1,24,0,25,59,54,64,13,190,40,0,40,230
12/03/2021,CAE,SC,ASO,ES,Combined TRACON& Tower with Radar,47,46,42,13,148,0,2,40,0,42,47,48,82,13,190,50,8,58,248
12/04/2021,CAE,SC,ASO,ES,Combined TRACON& Tower with Radar,25,31,25,2,83,0,1,27,0,28,25,32,52,2,111,4,0,4,115
12/05/2021,CAE,SC,ASO,ES,Combined TRACON& Tower with Radar,32,26,34,2,94,0,1,7,0,8,32,27,41,2,102,16,0,16,118
12/06/2021,CAE,SC,ASO,ES,Combined TRACON& Tower with Radar,43,43,20,22,128,0,2,10,0,12,43,45,30,22,140,30,22,52,192
12/07/2021,CAE,SC,ASO,ES,Combined TRACON& Tower with Radar,57,46,40,10,153,0,3,16,4,23,57,49,56,14,176,60,0,60,236
12/08/2021,CAE,SC,ASO,ES,Combined TRACON& Tower with Radar,54,46,54,29,183,0,0,0,0,0,54,46,54,29,183,0,0,0,183
12/09/2021,CAE,SC,ASO,ES,Combined TRACON& Tower with Radar,61,57,37,17,172,0,0,20,0,20,61,57,57,17,192,12,8,20,212
12/10/2021,CAE,SC,ASO,ES,Combined TRACON& Tower with Radar,47,54,33,10,144,0,0,1,0,1,47,54,34,10,145,0,0,0,145
12/11/2021,CAE,SC,ASO,ES,Combined TRACON& Tower with Radar,24,34,8,0,66,0,0,1,0,1,24,34,9,0,67,0,0,0,67
12/12/2021,CAE,SC,ASO,ES,Combined TRACON& Tower with Radar,29,21,37,2,89,0,2,25,2,29,29,23,62,4,118,26,0,26,144
12/13/2021,CAE,SC,ASO,ES,Combined TRACON& Tower with Radar,39,41,42,10,132,0,2,31,0,33,39,43,73,10,165,46,0,46,211
12/14/2021,CAE,SC,ASO,ES,Combined TRACON& Tower with Radar,60,56,41,29,186,0,4,26,3,33,60,60,67,32,219,28,20,48,267
12/15/2021,CAE,SC,ASO,ES,Combined TRACON& Tower with Radar,58,44,55,9,166,0,1,39,10,50,58,45,94,19,216,52,0,52,268
12/16/2021,CAE,SC,ASO,ES,Combined TRACON& Tower with Radar,63,56,37,3,159,0,0,22,3,25,63,56,59,6,184,18,0,18,202
12/17/2021,CAE,SC,ASO,ES,Combined TRACON& Tower with Radar,61,48,21,11,141,0,0,2,1,3,61,48,23,12,144,32,0,32,176
12/18/2021,CAE,SC,ASO,ES,Combined TRACON& Tower with Radar,51,27,14,2,94,0,0,10,0,10,51,27,24,2,104,44,0,44,148
12/19/2021,CAE,SC,ASO,ES,Combined TRACON& Tower with Radar,36,35,14,1,86,0,0,1,0,1,36,35,15,1,87,0,0,0,87
12/20/2021,CAE,SC,ASO,ES,Combined TRACON& Tower with Radar,47,35,35,21,138,0,2,28,3,33,47,37,63,24,171,62,8,70,241
12/21/2021,CAE,SC,ASO,ES,Combined TRACON& Tower with Radar,58,55,32,11,156,0,0,2,0,2,58,55,34,11,158,0,0,0,158
12/22/2021,CAE,SC,ASO,ES,Combined TRACON& Tower with Radar,58,56,40,1,155,0,0,26,0,26,58,56,66,1,181,35,0,35,216
12/23/2021,CAE,SC,ASO,ES,Combined TRACON& Tower with Radar,58,54,32,0,144,0,0,29,0,29,58,54,61,0,173,18,0,18,191
12/24/2021,CAE,SC,ASO,ES,Combined TRACON& Tower with Radar,38,31,18,0,87,0,5,15,0,20,38,36,33,0,107,0,0,0,107
12/25/2021,CAE,SC,ASO,ES,Combined TRACON& Tower with Radar,13,14,1,0,28,0,0,3,0,3,13,14,4,0,31,0,0,0,31
12/26/2021,CAE,SC,ASO,ES,Combined TRACON& Tower with Radar,23,34,32,0,89,0,3,29,1,33,23,37,61,1,122,12,0,12,134
12/27/2021,CAE,SC,ASO,ES,Combined TRACON& Tower with Radar,32,40,33,0,105,0,0,4,0,4,32,40,37,0,109,0,0,0,109
12/28/2021,CAE,SC,ASO,ES,Combined TRACON& Tower with Radar,55,49,32,6,142,0,0,3,0,3,55,49,35,6,145,0,0,0,145
12/29/2021,CAE,SC,ASO,ES,Combined TRACON& Tower with Radar,55,54,34,6,149,0,3,1,2,6,55,57,35,8,155,0,0,0,155
12/30/2021,CAE,SC,ASO,ES,Combined TRACON& Tower with Radar,54,47,30,8,139,0,0,0,0,0,54,47,30,8,139,0,12,12,151
12/31/2021,CAE,SC,ASO,ES,Combined TRACON& Tower with Radar,33,33,23,0,89,0,0,10,0,10,33,33,33,0,99,8,0,8,107
01/01/2022,CAE,SC,ASO,ES,Combined TRACON& Tower with Radar,19,15,14,0,48,0,0,6,0,6,19,15,20,0,54,0,0,0,54
01/02/2022,CAE,SC,ASO,ES,Combined TRACON& Tower with Radar,22,29,13,0,64,0,0,3,0,3,22,29,16,0,67,0,0,0,67
01/03/2022,CAE,SC,ASO,ES,Combined TRACON& Tower with Radar,29,34,17,2,82,0,0,7,0,7,29,34,24,2,89,2,0,2,91
01/04/2022,CAE,SC,ASO,ES,Combined TRACON& Tower with Radar,36,52,32,4,124,0,0,26,0,26,36,52,58,4,150,20,0,20,170
01/05/2022,CAE,SC,ASO,ES,Combined TRACON& Tower with Radar,44,51,46,19,160,0,0,8,3,11,44,51,54,22,171,16,14,30,201
01/06/2022,CAE,SC,ASO,ES,Combined TRACON& Tower with Radar,43,45,31,32,151,0,3,33,5,41,43,48,64,37,192,72,32,104,296
01/07/2022,CAE,SC,ASO,ES,Combined TRACON& Tower with Radar,40,41,53,14,148,0,1,25,0,26,40,42,78,14,174,38,16,54,228
01/08/2022,CAE,SC,ASO,ES,Combined TRACON& Tower with Radar,23,31,30,0,84,0,0,28,1,29,23,31,58,1,113,0,0,0,113
01/09/2022,CAE,SC,ASO,ES,Combined TRACON& Tower with Radar,25,31,21,7,84,0,0,6,3,9,25,31,27,10,93,12,10,22,115
01/10/2022,CAE,SC,ASO,ES,Combined TRACON& Tower with Radar,38,37,23,10,108,0,0,30,4,34,38,37,53,14,142,50,6,56,198
01/11/2022,CAE,SC,ASO,ES,Combined TRACON& Tower with Radar,43,40,30,12,125,0,0,22,6,28,43,40,52,18,153,12,12,24,177
01/12/2022,CAE,SC,ASO,ES,Combined TRACON& Tower with Radar,42,42,34,22,140,0,2,27,4,33,42,44,61,26,173,34,34,68,241
01/13/2022,CAE,SC,ASO,ES,Combined TRACON& Tower with Radar,47,54,30,18,149,0,7,17,0,24,47,61,47,18,173,28,22,50,223
01/14/2022,CAE,SC,ASO,ES,Combined TRACON& Tower with Radar,45,44,44,10,143,0,6,27,0,33,45,50,71,10,176,62,8,70,246
01/15/2022,CAE,SC,ASO,ES,Combined TRACON& Tower with Radar,24,24,31,2,81,0,1,20,0,21,24,25,51,2,102,26,0,26,128
01/16/2022,CAE,SC,ASO,ES,Combined TRACON& Tower with Radar,24,10,4,2,40,0,0,0,0,0,24,10,4,2,40,0,0,0,40
01/17/2022,CAE,SC,ASO,ES,Combined TRACON& Tower with Radar,34,32,24,1,91,0,0,0,0,0,34,32,24,1,91,0,0,0,91
01/18/2022,CAE,SC,ASO,ES,Combined TRACON& Tower with Radar,39,36,39,13,127,1,2,25,0,28,40,38,64,13,155,44,16,60,215
01/19/2022,CAE,SC,ASO,ES,Combined TRACON& Tower with Radar,43,46,38,8,135,0,5,37,0,42,43,51,75,8,177,4,8,12,189
01/20/2022,CAE,SC,ASO,ES,Combined TRACON& Tower with Radar,45,41,34,4,124,0,0,5,2,7,45,41,39,6,131,0,6,6,137
01/21/2022,CAE,SC,ASO,ES,Combined TRACON& Tower with Radar,40,33,17,0,90,0,0,1,0,1,40,33,18,0,91,0,0,0,91
01/22/2022,CAE,SC,ASO,ES,Combined TRACON& Tower with Radar,22,22,19,1,64,0,0,6,0,6,22,22,25,1,70,4,0,4,74
01/23/2022,CAE,SC,ASO,ES,Combined TRACON& Tower with Radar,30,26,19,0,75,0,9,15,0,24,30,35,34,0,99,44,0,44,143
01/24/2022,CAE,SC,ASO,ES,Combined TRACON& Tower with Radar,37,35,45,4,121,0,2,33,0,35,37,37,78,4,156,56,0,56,212
01/25/2022,CAE,SC,ASO,ES,Combined TRACON& Tower with Radar,46,47,42,11,146,0,3,20,5,28,46,50,62,16,174,72,8,80,254
01/26/2022,CAE,SC,ASO,ES,Combined TRACON& Tower with Radar,45,44,46,3,138,0,5,36,1,42,45,49,82,4,180,30,0,30,210
01/27/2022,CAE,SC,ASO,ES,Combined TRACON& Tower with Radar,48,52,48,22,170,0,0,38,2,40,48,52,86,24,210,20,16,36,246
01/28/2022,CAE,SC,ASO,ES,Combined TRACON& Tower with Radar,53,42,42,26,163,0,2,30,0,32,53,44,72,26,195,70,32,102,297
01/29/2022,CAE,SC,ASO,ES,Combined TRACON& Tower with Radar,29,23,13,1,66,0,0,16,0,16,29,23,29,1,82,96,0,96,178
01/30/2022,CAE,SC,ASO,ES,Combined TRACON& Tower with Radar,28,25,18,0,71,0,0,18,2,20,28,25,36,2,91,10,0,10,101
01/31/2022,CAE,SC,ASO,ES,Combined TRACON& Tower with Radar,35,40,33,18,126,0,0,26,2,28,35,40,59,20,154,68,0,68,222
02/01/2022,CAE,SC,ASO,ES,Combined TRACON& Tower with Radar,42,43,49,28,162,0,2,27,2,31,42,45,76,30,193,32,2,34,227
02/02/2022,CAE,SC,ASO,ES,Combined TRACON& Tower with Radar,42,40,54,8,144,0,0,34,2,36,42,40,88,10,180,26,0,26,206
02/03/2022,CAE,SC,ASO,ES,Combined TRACON& Tower with Radar,38,43,31,17,129,0,0,4,1,5,38,43,35,18,134,0,6,6,140
02/04/2022,CAE,SC,ASO,ES,Combined TRACON& Tower with Radar,34,43,31,2,110,0,0,0,0,0,34,43,31,2,110,0,0,0,110
02/05/2022,CAE,SC,ASO,ES,Combined TRACON& Tower with Radar,27,27,24,0,78,0,0,34,0,34,27,27,58,0,112,24,0,24,136
02/06/2022,CAE,SC,ASO,ES,Combined TRACON& Tower with Radar,31,21,20,2,74,0,3,20,0,23,31,24,40,2,97,0,0,0,97
02/07/2022,CAE,SC,ASO,ES,Combined TRACON& Tower with Radar,37,41,24,14,116,0,0,0,0,0,37,41,24,14,116,0,0,0,116
02/08/2022,CAE,SC,ASO,ES,Combined TRACON& Tower with Radar,43,49,67,22,181,0,0,9,1,10,43,49,76,23,191,40,14,54,245
02/09/2022,CAE,SC,ASO,ES,Combined TRACON& Tower with Radar,42,54,49,19,164,0,2,36,10,48,42,56,85,29,212,50,16,66,278
02/10/2022,CAE,SC,ASO,ES,Combined TRACON& Tower with Radar,44,50,59,2,155,0,3,36,0,39,44,53,95,2,194,26,0,26,220
02/11/2022,CAE,SC,ASO,ES,Combined TRACON& Tower with Radar,40,45,34,2,121,0,4,40,4,48,40,49,74,6,169,48,0,48,217
02/12/2022,CAE,SC,ASO,ES,Combined TRACON& Tower with Radar,24,28,21,0,73,0,3,42,1,46,24,31,63,1,119,6,0,6,125
02/13/2022,CAE,SC,ASO,ES,Combined TRACON& Tower with Radar,22,23,12,1,58,0,0,13,0,13,22,23,25,1,71,14,0,14,85
02/14/2022,CAE,SC,ASO,ES,Combined TRACON& Tower with Radar,35,41,48,3,127,0,0,26,0,26,35,41,74,3,153,66,0,66,219
02/15/2022,CAE,SC,ASO,ES,Combined TRACON& Tower with Radar,41,51,60,26,178,0,4,36,0,40,41,55,96,26,218,36,12,48,266
02/16/2022,CAE,SC,ASO,ES,Combined TRACON& Tower with Radar,43,50,48,17,158,0,1,31,0,32,43,51,79,17,190,22,14,36,226
02/17/2022,CAE,SC,ASO,ES,Combined TRACON& Tower with Radar,46,47,33,5,131,0,0,15,3,18,46,47,48,8,149,4,0,4,153
02/18/2022,CAE,SC,ASO,ES,Combined TRACON& Tower with Radar,42,60,58,16,176,0,6,16,0,22,42,66,74,16,198,72,4,76,274
02/19/2022,CAE,SC,ASO,ES,Combined TRACON& Tower with Radar,28,30,27,2,87,0,6,40,0,46,28,36,67,2,133,4,0,4,137
02/20/2022,CAE,SC,ASO,ES,Combined TRACON& Tower with Radar,27,35,41,0,103,0,0,34,0,34,27,35,75,0,137,0,0,0,137
02/21/2022,CAE,SC,ASO,ES,Combined TRACON& Tower with Radar,34,40,39,0,113,0,4,19,0,23,34,44,58,0,136,88,0,88,224
02/22/2022,CAE,SC,ASO,ES,Combined TRACON& Tower with Radar,40,53,48,10,151,0,0,18,2,20,40,53,66,12,171,8,4,12,183
02/23/2022,CAE,SC,ASO,ES,Combined TRACON& Tower with Radar,41,60,53,18,172,0,3,20,0,23,41,63,73,18,195,48,26,74,269
02/24/2022,CAE,SC,ASO,ES,Combined TRACON& Tower with Radar,41,59,51,19,170,0,4,21,8,33,41,63,72,27,203,12,14,26,229
02/25/2022,CAE,SC,ASO,ES,Combined TRACON& Tower with Radar,40,56,41,0,137,0,0,32,0,32,40,56,73,0,169,0,0,0,169
02/26/2022,CAE,SC,ASO,ES,Combined TRACON& Tower with Radar,28,29,24,0,81,0,5,24,0,29,28,34,48,0,110,30,4,34,144
02/27/2022,CAE,SC,ASO,ES,Combined TRACON& Tower with Radar,28,28,29,1,86,0,0,2,0,2,28,28,31,1,88,0,0,0,88
02/28/2022,CAE,SC,ASO,ES,Combined TRACON& Tower with Radar,35,48,47,12,142,0,2,40,5,47,35,50,87,17,189,46,16,62,251
03/01/2022,CAE,SC,ASO,ES,Combined TRACON& Tower with Radar,40,50,38,7,135,0,0,49,1,50,40,50,87,8,185,44,0,44,229
03/02/2022,CAE,SC,ASO,ES,Combined TRACON& Tower with Radar,45,52,40,8,145,0,2,48,0,50,45,54,88,8,195,26,10,36,231
03/03/2022,CAE,SC,ASO,ES,Combined TRACON& Tower with Radar,51,50,39,7,147,0,3,31,3,37,51,53,70,10,184,52,0,52,236
03/04/2022,CAE,SC,ASO,ES,Combined TRACON& Tower with Radar,45,40,43,16,144,0,2,36,0,38,45,42,79,16,182,48,10,58,240
03/05/2022,CAE,SC,ASO,ES,Combined TRACON& Tower with Radar,29,31,23,0,83,0,2,12,0,14,29,33,35,0,97,6,0,6,103
03/06/2022,CAE,SC,ASO,ES,Combined TRACON& Tower with Radar,30,17,25,0,72,0,2,11,0,13,30,19,36,0,85,0,0,0,85
03/07/2022,CAE,SC,ASO,ES,Combined TRACON& Tower with Radar,37,39,36,18,130,0,0,5,0,5,37,39,41,18,135,0,14,14,149
03/08/2022,CAE,SC,ASO,ES,Combined TRACON& Tower with Radar,42,43,37,22,144,0,2,16,4,22,42,45,53,26,166,40,4,44,210
03/09/2022,CAE,SC,ASO,ES,Combined TRACON& Tower with Radar,43,45,43,2,133,0,0,0,0,0,43,45,43,2,133,0,0,0,133
03/10/2022,CAE,SC,ASO,ES,Combined TRACON& Tower with Radar,50,53,25,19,147,0,0,1,0,1,50,53,26,19,148,0,0,0,148
03/11/2022,CAE,SC,ASO,ES,Combined TRACON& Tower with Radar,51,51,32,5,139,0,0,2,2,4,51,51,34,7,143,32,0,32,175
03/12/2022,CAE,SC,ASO,ES,Combined TRACON& Tower with Radar,28,23,23,0,74,0,2,4,2,8,28,25,27,2,82,0,0,0,82
03/13/2022,CAE,SC,ASO,ES,Combined TRACON& Tower with Radar,31,24,46,0,101,0,0,34,0,34,31,24,80,0,135,22,0,22,157
03/14/2022,CAE,SC,ASO,ES,Combined TRACON& Tower with Radar,41,32,37,20,130,0,2,58,1,61,41,34,95,21,191,92,18,110,301
03/15/2022,CAE,SC,ASO,ES,Combined TRACON& Tower with Radar,43,41,46,28,158,0,4,34,0,38,43,45,80,28,196,48,8,56,252
03/16/2022,CAE,SC,ASO,ES,Combined TRACON& Tower with Radar,45,43,27,7,122,0,0,1,0,1,45,43,28,7,123,0,0,0,123
03/17/2022,CAE,SC,ASO,ES,Combined TRACON& Tower with Radar,46,50,53,13,162,0,0,13,5,18,46,50,66,18,180,24,18,42,222
03/18/2022,CAE,SC,ASO,ES,Combined TRACON& Tower with Radar,48,42,22,6,118,0,0,17,0,17,48,42,39,6,135,74,6,80,215
03/19/2022,CAE,SC,ASO,ES,Combined TRACON& Tower with Radar,30,29,16,4,79,0,1,3,0,4,30,30,19,4,83,0,0,0,83
03/20/2022,CAE,SC,ASO,ES,Combined TRACON& Tower with Radar,30,32,33,0,95,0,1,79,2,82,30,33,112,2,177,2,0,2,179
03/21/2022,CAE,SC,ASO,ES,Combined TRACON& Tower with Radar,35,42,36,5,118,0,0,49,3,52,35,42,85,8,170,22,0,22,192
03/22/2022,CAE,SC,ASO,ES,Combined TRACON& Tower with Radar,42,48,42,11,143,0,2,17,1,20,42,50,59,12,163,30,16,46,209
03/23/2022,CAE,SC,ASO,ES,Combined TRACON& Tower with Radar,43,38,34,2,117,0,0,1,0,1,43,38,35,2,118,0,0,0,118
03/24/2022,CAE,SC,ASO,ES,Combined TRACON& Tower with Radar,48,44,29,11,132,0,0,11,2,13,48,44,40,13,145,30,0,30,175
03/25/2022,CAE,SC,ASO,ES,Combined TRACON& Tower with Radar,46,54,31,20,151,0,0,35,2,37,46,54,66,22,188,28,16,44,232
03/26/2022,CAE,SC,ASO,ES,Combined TRACON& Tower with Radar,30,28,11,0,69,0,0,13,1,14,30,28,24,1,83,0,0,0,83
03/27/2022,CAE,SC,ASO,ES,Combined TRACON& Tower with Radar,30,25,26,0,81,0,0,15,0,15,30,25,41,0,96,0,0,0,96
03/28/2022,CAE,SC,ASO,ES,Combined TRACON& Tower with Radar,38,38,38,9,123,0,3,25,10,38,38,41,63,19,161,38,4,42,203
03/29/2022,CAE,SC,ASO,ES,Combined TRACON& Tower with Radar,47,46,30,27,150,0,2,35,7,44,47,48,65,34,194,20,16,36,230
03/30/2022,CAE,SC,ASO,ES,Combined TRACON& Tower with Radar,38,44,41,7,130,0,0,11,1,12,38,44,52,8,142,12,0,12,154
03/31/2022,CAE,SC,ASO,ES,Combined TRACON& Tower with Radar,52,42,21,5,120,0,0,4,0,4,52,42,25,5,124,0,20,20,144
04/01/2022,CAE,SC,ASO,ES,Combined TRACON& Tower with Radar,47,47,32,3,129,0,0,18,0,18,47,47,50,3,147,42,0,42,189
04/02/2022,CAE,SC,ASO,ES,Combined TRACON& Tower with Radar,26,28,29,0,83,0,0,22,0,22,26,28,51,0,105,10,0,10,115
04/03/2022,CAE,SC,ASO,ES,Combined TRACON& Tower with Radar,30,22,26,0,78,0,0,20,0,20,30,22,46,0,98,8,0,8,106
04/04/2022,CAE,SC,ASO,ES,Combined TRACON& Tower with Radar,43,42,44,2,131,0,0,35,3,38,43,42,79,5,169,84,0,84,253
04/05/2022,CAE,SC,ASO,ES,Combined TRACON& Tower with Radar,45,65,42,6,158,0,0,2,6,8,45,65,44,12,166,24,0,24,190
04/06/2022,CAE,SC,ASO,ES,Combined TRACON& Tower with Radar,43,83,72,10,208,0,1,5,0,6,43,84,77,10,214,18,0,18,232
04/07/2022,CAE,SC,ASO,ES,Combined TRACON& Tower with Radar,47,67,86,12,212,0,0,7,1,8,47,67,93,13,220,36,0,36,256
04/08/2022,CAE,SC,ASO,ES,Combined TRACON& Tower with Radar,43,72,80,4,199,0,2,23,1,26,43,74,103,5,225,10,0,10,235
04/09/2022,CAE,SC,ASO,ES,Combined TRACON& Tower with Radar,24,34,43,0,101,0,0,14,0,14,24,34,57,0,115,0,0,0,115
04/10/2022,CAE,SC,ASO,ES,Combined TRACON& Tower with Radar,27,29,54,0,110,0,4,28,1,33,27,33,82,1,143,6,0,6,149
04/11/2022,CAE,SC,ASO,ES,Combined TRACON& Tower with Radar,37,42,45,12,136,0,0,22,0,22,37,42,67,12,158,20,12,32,190
04/12/2022,CAE,SC,ASO,ES,Combined TRACON& Tower with Radar,42,43,35,10,130,0,2,33,0,35,42,45,68,10,165,48,2,50,215
04/13/2022,CAE,SC,ASO,ES,Combined TRACON& Tower with Radar,45,44,33,5,127,0,4,29,0,33,45,48,62,5,160,26,0,26,186
04/14/2022,CAE,SC,ASO,ES,Combined TRACON& Tower with Radar,47,47,40,11,145,0,0,15,2,17,47,47,55,13,162,114,0,114,276
04/15/2022,CAE,SC,ASO,ES,Combined TRACON& Tower with Radar,40,49,31,2,122,0,0,40,0,40,40,49,71,2,162,50,0,50,212
04/16/2022,CAE,SC,ASO,ES,Combined TRACON& Tower with Radar,28,28,19,2,77,0,0,4,0,4,28,28,23,2,81,0,0,0,81
04/17/2022,CAE,SC,ASO,ES,Combined TRACON& Tower with Radar,28,23,16,0,67,0,0,18,0,18,28,23,34,0,85,4,0,4,89
04/18/2022,CAE,SC,ASO,ES,Combined TRACON& Tower with Radar,36,40,30,2,108,0,0,2,0,2,36,40,32,2,110,0,0,0,110
04/19/2022,CAE,SC,ASO,ES,Combined TRACON& Tower with Radar,46,61,37,11,155,0,2,36,3,41,46,63,73,14,196,8,10,18,214
04/20/2022,CAE,SC,ASO,ES,Combined TRACON& Tower with Radar,44,46,44,2,136,0,0,28,0,28,44,46,72,2,164,0,0,0,164
04/21/2022,CAE,SC,ASO,ES,Combined TRACON& Tower with Radar,46,49,42,5,142,0,0,23,1,24,46,49,65,6,166,28,0,28,194
04/22/2022,CAE,SC,ASO,ES,Combined TRACON& Tower with Radar,41,48,38,10,137,0,2,24,3,29,41,50,62,13,166,30,14,44,210
04/23/2022,CAE,SC,ASO,ES,Combined TRACON& Tower with Radar,26,50,21,0,97,0,2,14,0,16,26,52,35,0,113,0,0,0,113
04/24/2022,CAE,SC,ASO,ES,Combined TRACON& Tower with Radar,30,35,26,0,91,0,0,20,0,20,30,35,46,0,111,26,0,26,137
04/25/2022,CAE,SC,ASO,ES,Combined TRACON& Tower with Radar,36,45,24,2,107,0,9,17,2,28,36,54,41,4,135,62,0,62,197
04/26/2022,CAE,SC,ASO,ES,Combined TRACON& Tower with Radar,49,48,45,5,147,0,4,21,7,32,49,52,66,12,179,16,8,24,203
04/27/2022,CAE,SC,ASO,ES,Combined TRACON& Tower with Radar,44,48,38,4,134,0,5,29,0,34,44,53,67,4,168,78,0,78,246
04/28/2022,CAE,SC,ASO,ES,Combined TRACON& Tower with Radar,46,51,39,22,158,0,5,24,3,32,46,56,63,25,190,52,22,74,264
04/29/2022,CAE,SC,ASO,ES,Combined TRACON& Tower with Radar,41,43,31,7,122,0,0,21,3,24,41,43,52,10,146,42,0,42,188
04/30/2022,CAE,SC,ASO,ES,Combined TRACON& Tower with Radar,25,25,23,0,73,0,0,22,0,22,25,25,45,0,95,58,0,58,153
05/01/2022,CAE,SC,ASO,ES,Combined TRACON& Tower with Radar,27,30,15,0,72,0,0,15,0,15,27,30,30,0,87,70,0,70,157
05/02/2022,CAE,SC,ASO,ES,Combined TRACON& Tower with Radar,37,39,43,8,127,0,3,25,0,28,37,42,68,8,155,22,6,28,183
05/03/2022,CAE,SC,ASO,ES,Combined TRACON& Tower with Radar,44,47,49,27,167,0,2,12,2,16,44,49,61,29,183,36,14,50,233
05/04/2022,CAE,SC,ASO,ES,Combined TRACON& Tower with Radar,50,52,32,28,162,0,8,27,5,40,50,60,59,33,202,90,26,116,318
05/05/2022,CAE,SC,ASO,ES,Combined TRACON& Tower with Radar,52,48,50,16,166,0,20,31,1,52,52,68,81,17,218,70,8,78,296
05/06/2022,CAE,SC,ASO,ES,Combined TRACON& Tower with Radar,46,38,47,10,141,0,0,10,0,10,46,38,57,10,151,2,18,20,171
05/07/2022,CAE,SC,ASO,ES,Combined TRACON& Tower with Radar,31,31,28,0,90,0,1,10,0,11,31,32,38,0,101,6,0,6,107
05/08/2022,CAE,SC,ASO,ES,Combined TRACON& Tower with Radar,34,24,29,3,90,0,0,6,0,6,34,24,35,3,96,10,0,10,106
05/09/2022,CAE,SC,ASO,ES,Combined TRACON& Tower with Radar,45,49,29,34,157,0,0,22,0,22,45,49,51,34,179,38,6,44,223
05/10/2022,CAE,SC,ASO,ES,Combined TRACON& Tower with Radar,47,51,28,17,143,0,2,27,1,30,47,53,55,18,173,20,0,20,193
05/11/2022,CAE,SC,ASO,ES,Combined TRACON& Tower with Radar,48,51,39,14,152,0,0,50,3,53,48,51,89,17,205,8,4,12,217
05/12/2022,CAE,SC,ASO,ES,Combined TRACON& Tower with Radar,54,67,46,19,186,0,0,14,0,14,54,67,60,19,200,28,0,28,228
05/13/2022,CAE,SC,ASO,ES,Combined TRACON& Tower with Radar,44,44,35,6,129,0,0,0,0,0,44,44,35,6,129,0,0,0,129
05/14/2022,CAE,SC,ASO,ES,Combined TRACON& Tower with Radar,29,21,28,4,82,0,0,22,0,22,29,21,50,4,104,0,0,0,104
05/15/2022,CAE,SC,ASO,ES,Combined TRACON& Tower with Radar,34,23,23,2,82,0,0,31,2,33,34,23,54,4,115,0,0,0,115
05/16/2022,CAE,SC,ASO,ES,Combined TRACON& Tower with Radar,42,34,38,9,123,0,9,40,0,49,42,43,78,9,172,30,16,46,218
05/17/2022,CAE,SC,ASO,ES,Combined TRACON& Tower with Radar,49,42,53,17,161,0,2,35,0,37,49,44,88,17,198,60,6,66,264
05/18/2022,CAE,SC,ASO,ES,Combined TRACON& Tower with Radar,48,45,42,18,153,0,5,54,2,61,48,50,96,20,214,0,18,18,232
05/19/2022,CAE,SC,ASO,ES,Combined TRACON& Tower with Radar,51,52,41,12,156,0,0,45,2,47,51,52,86,14,203,6,4,10,213
05/20/2022,CAE,SC,ASO,ES,Combined TRACON& Tower with Radar,48,36,42,12,138,0,4,40,0,44,48,40,82,12,182,20,0,20,202
05/21/2022,CAE,SC,ASO,ES,Combined TRACON& Tower with Radar,27,26,19,0,72,0,1,27,0,28,27,27,46,0,100,4,0,4,104
05/22/2022,CAE,SC,ASO,ES,Combined TRACON& Tower with Radar,33,16,25,0,74,0,1,10,0,11,33,17,35,0,85,0,0,0,85
05/23/2022,CAE,SC,ASO,ES,Combined TRACON& Tower with Radar,47,29,29,8,113,0,0,3,0,3,47,29,32,8,116,0,0,0,116
05/24/2022,CAE,SC,ASO,ES,Combined TRACON& Tower with Radar,53,43,32,30,158,0,0,17,2,19,53,43,49,32,177,8,18,26,203
05/25/2022,CAE,SC,ASO,ES,Combined TRACON& Tower with Radar,55,53,35,21,164,0,0,8,0,8,55,53,43,21,172,4,0,4,176
05/26/2022,CAE,SC,ASO,ES,Combined TRACON& Tower with Radar,66,46,51,18,181,0,2,6,0,8,66,48,57,18,189,0,0,0,189
05/27/2022,CAE,SC,ASO,ES,Combined TRACON& Tower with Radar,48,45,46,0,139,0,0,19,0,19,48,45,65,0,158,4,0,4,162
05/28/2022,CAE,SC,ASO,ES,Combined TRACON& Tower with Radar,27,21,19,0,67,0,2,32,2,36,27,23,51,2,103,8,0,8,111
05/29/2022,CAE,SC,ASO,ES,Combined TRACON& Tower with Radar,33,17,11,0,61,0,0,25,0,25,33,17,36,0,86,14,0,14,100
05/30/2022,CAE,SC,ASO,ES,Combined TRACON& Tower with Radar,32,22,26,0,80,0,0,11,0,11,32,22,37,0,91,58,0,58,149
05/31/2022,CAE,SC,ASO,ES,Combined TRACON& Tower with Radar,43,35,24,10,112,0,1,28,0,29,43,36,52,10,141,0,0,0,141
06/01/2022,CAE,SC,ASO,ES,Combined TRACON& Tower with Radar,52,38,41,17,148,0,1,41,2,44,52,39,82,19,192,14,10,24,216
06/02/2022,CAE,SC,ASO,ES,Combined TRACON& Tower with Radar,53,37,28,37,155,0,0,31,1,32,53,37,59,38,187,18,0,18,205
06/03/2022,CAE,SC,ASO,ES,Combined TRACON& Tower with Radar,54,36,27,10,127,0,2,29,2,33,54,38,56,12,160,12,0,12,172
06/04/2022,CAE,SC,ASO,ES,Combined TRACON& Tower with Radar,36,20,36,7,99,0,0,17,2,19,36,20,53,9,118,0,8,8,126
06/05/2022,CAE,SC,ASO,ES,Combined TRACON& Tower with Radar,42,17,28,0,87,0,0,23,0,23,42,17,51,0,110,6,0,6,116
06/06/2022,CAE,SC,ASO,ES,Combined TRACON& Tower with Radar,48,29,25,14,116,0,1,32,2,35,48,30,57,16,151,14,4,18,169
06/07/2022,CAE,SC,ASO,ES,Combined TRACON& Tower with Radar,56,48,44,21,169,0,0,22,1,23,56,48,66,22,192,24,0,24,216
06/08/2022,CAE,SC,ASO,ES,Combined TRACON& Tower with Radar,71,40,43,36,190,0,2,20,1,23,71,42,63,37,213,18,28,46,259
06/09/2022,CAE,SC,ASO,ES,Combined TRACON& Tower with Radar,70,37,51,26,184,0,0,33,3,36,70,37,84,29,220,36,8,44,264
06/10/2022,CAE,SC,ASO,ES,Combined TRACON& Tower with Radar,56,39,29,32,156,0,0,24,2,26,56,39,53,34,182,20,8,28,210
06/11/2022,CAE,SC,ASO,ES,Combined TRACON& Tower with Radar,37,29,28,17,111,0,1,20,1,22,37,30,48,18,133,8,18,26,159
06/12/2022,CAE,SC,ASO,ES,Combined TRACON& Tower with Radar,36,18,23,14,91,0,8,19,0,27,36,26,42,14,118,18,14,32,150
06/13/2022,CAE,SC,ASO,ES,Combined TRACON& Tower with Radar,53,32,31,17,133,0,2,19,1,22,53,34,50,18,155,0,4,4,159
06/14/2022,CAE,SC,ASO,ES,Combined TRACON& Tower with Radar,66,38,38,10,152,0,5,17,0,22,66,43,55,10,174,10,0,10,184
06/15/2022,CAE,SC,ASO,ES,Combined TRACON& Tower with Radar,69,37,58,18,182,0,0,30,2,32,69,37,88,20,214,28,10,38,252
06/16/2022,CAE,SC,ASO,ES,Combined TRACON& Tower with Radar,59,32,44,16,151,0,2,18,2,22,59,34,62,18,173,4,0,4,177
06/17/2022,CAE,SC,ASO,ES,Combined TRACON& Tower with Radar,52,31,39,13,135,0,6,24,2,32,52,37,63,15,167,6,0,6,173
06/18/2022,CAE,SC,ASO,ES,Combined TRACON& Tower with Radar,37,20,17,1,75,0,4,24,0,28,37,24,41,1,103,44,0,44,147
06/19/2022,CAE,SC,ASO,ES,Combined TRACON& Tower with Radar,38,17,17,0,72,0,4,16,0,20,38,21,33,0,92,12,0,12,104
06/20/2022,CAE,SC,ASO,ES,Combined TRACON& Tower with Radar,51,32,32,0,115,0,2,29,1,32,51,34,61,1,147,34,0,34,181
06/21/2022,CAE,SC,ASO,ES,Combined TRACON& Tower with Radar,60,45,29,14,148,0,2,18,6,26,60,47,47,20,174,16,4,20,194
06/22/2022,CAE,SC,ASO,ES,Combined TRACON& Tower with Radar,63,33,31,15,142,0,2,29,7,38,63,35,60,22,180,8,24,32,212
06/23/2022,CAE,SC,ASO,ES,Combined TRACON& Tower with Radar,59,31,34,16,140,0,4,34,4,42,59,35,68,20,182,48,2,50,232
06/24/2022,CAE,SC,ASO,ES,Combined TRACON& Tower with Radar,56,32,43,15,146,0,0,14,1,15,56,32,57,16,161,20,0,20,181
06/25/2022,CAE,SC,ASO,ES,Combined TRACON& Tower with Radar,38,15,25,3,81,0,2,24,1,27,38,17,49,4,108,12,0,12,120
06/26/2022,CAE,SC,ASO,ES,Combined TRACON& Tower with Radar,38,13,31,22,104,0,2,30,0,32,38,15,61,22,136,0,0,0,136
06/27/2022,CAE,SC,ASO,ES,Combined TRACON& Tower with Radar,56,31,20,10,117,0,5,21,0,26,56,36,41,10,143,0,0,0,143
06/28/2022,CAE,SC,ASO,ES,Combined TRACON& Tower with Radar,64,36,31,7,138,0,0,14,0,14,64,36,45,7,152,32,0,32,184
06/29/2022,CAE,SC,ASO,ES,Combined TRACON& Tower with Radar,59,37,34,6,136,0,0,3,0,3,59,37,37,6,139,0,0,0,139
06/30/2022,CAE,SC,ASO,ES,Combined TRACON& Tower with Radar,58,36,41,16,151,0,0,21,2,23,58,36,62,18,174,10,0,10,184
07/01/2022,CAE,SC,ASO,ES,Combined TRACON& Tower with Radar,52,32,32,15,131,0,0,1,0,1,52,32,33,15,132,0,4,4,136
07/02/2022,CAE,SC,ASO,ES,Combined TRACON& Tower with Radar,35,23,16,0,74,0,0,11,0,11,35,23,27,0,85,20,0,20,105
07/03/2022,CAE,SC,ASO,ES,Combined TRACON& Tower with Radar,27,15,11,0,53,0,0,12,0,12,27,15,23,0,65,8,0,8,73
07/04/2022,CAE,SC,ASO,ES,Combined TRACON& Tower with Radar,38,14,8,1,61,0,4,5,1,10,38,18,13,2,71,0,0,0,71
07/05/2022,CAE,SC,ASO,ES,Combined TRACON& Tower with Radar,50,36,31,10,127,0,0,10,1,11,50,36,41,11,138,4,2,6,144
07/06/2022,CAE,SC,ASO,ES,Combined TRACON& Tower with Radar,54,42,24,21,141,0,0,19,2,21,54,42,43,23,162,6,4,10,172
07/07/2022,CAE,SC,ASO,ES,Combined TRACON& Tower with Radar,57,32,27,13,129,0,2,18,1,21,57,34,45,14,150,14,2,16,166
07/08/2022,CAE,SC,ASO,ES,Combined TRACON& Tower with Radar,53,38,36,15,142,0,2,21,2,25,53,40,57,17,167,0,0,0,167
07/09/2022,CAE,SC,ASO,ES,Combined TRACON& Tower with Radar,36,21,25,0,82,0,0,10,0,10,36,21,35,0,92,44,0,44,136
07/10/2022,CAE,SC,ASO,ES,Combined TRACON& Tower with Radar,38,20,16,1,75,0,0,2,0,2,38,20,18,1,77,68,0,68,145
07/11/2022,CAE,SC,ASO,ES,Combined TRACON& Tower with Radar,48,35,36,10,129,0,0,9,0,9,48,35,45,10,138,10,4,14,152
07/12/2022,CAE,SC,ASO,ES,Combined TRACON& Tower with Radar,51,36,31,19,137,0,3,17,3,23,51,39,48,22,160,88,0,88,248
07/13/2022,CAE,SC,ASO,ES,Combined TRACON& Tower with Radar,58,44,66,7,175,0,1,2,0,3,58,45,68,7,178,2,0,2,180
07/14/2022,CAE,SC,ASO,ES,Combined TRACON& Tower with Radar,57,42,43,13,155,0,2,20,0,22,57,44,63,13,177,42,0,42,219
07/15/2022,CAE,SC,ASO,ES,Combined TRACON& Tower with Radar,54,37,49,12,152,0,3,23,2,28,54,40,72,14,180,6,0,6,186
07/16/2022,CAE,SC,ASO,ES,Combined TRACON& Tower with Radar,37,22,20,8,87,0,2,22,0,24,37,24,42,8,111,6,0,6,117
07/17/2022,CAE,SC,ASO,ES,Combined TRACON& Tower with Radar,35,16,23,4,78,0,1,20,1,22,35,17,43,5,100,12,6,18,118
07/18/2022,CAE,SC,ASO,ES,Combined TRACON& Tower with Radar,46,31,22,13,112,0,2,13,1,16,46,33,35,14,128,16,0,16,144
07/19/2022,CAE,SC,ASO,ES,Combined TRACON& Tower with Radar,56,36,26,22,140,0,1,20,1,22,56,37,46,23,162,26,4,30,192
07/20/2022,CAE,SC,ASO,ES,Combined TRACON& Tower with Radar,63,44,48,33,188,0,5,21,1,27,63,49,69,34,215,40,26,66,281
07/21/2022,CAE,SC,ASO,ES,Combined TRACON& Tower with Radar,59,43,53,17,172,0,2,6,2,10,59,45,59,19,182,36,0,36,218
07/22/2022,CAE,SC,ASO,ES,Combined TRACON& Tower with Radar,50,29,44,17,140,0,2,25,0,27,50,31,69,17,167,42,0,42,209
07/23/2022,CAE,SC,ASO,ES,Combined TRACON& Tower with Radar,43,24,45,0,112,0,0,25,0,25,43,24,70,0,137,0,0,0,137
07/24/2022,CAE,SC,ASO,ES,Combined TRACON& Tower with Radar,37,21,31,4,93,0,2,18,1,21,37,23,49,5,114,14,0,14,128
07/25/2022,CAE,SC,ASO,ES,Combined TRACON& Tower with Radar,56,29,32,22,139,0,0,11,3,14,56,29,43,25,153,0,14,14,167
07/26/2022,CAE,SC,ASO,ES,Combined TRACON& Tower with Radar,55,40,53,21,169,0,3,30,3,36,55,43,83,24,205,24,2,26,231
07/27/2022,CAE,SC,ASO,ES,Combined TRACON& Tower with Radar,52,40,46,19,157,0,1,37,4,42,52,41,83,23,199,34,4,38,237
07/28/2022,CAE,SC,ASO,ES,Combined TRACON& Tower with Radar,57,31,31,12,131,0,2,28,0,30,57,33,59,12,161,32,4,36,197
07/29/2022,CAE,SC,ASO,ES,Combined TRACON& Tower with Radar,51,33,38,31,153,0,0,28,8,36,51,33,66,39,189,40,12,52,241
07/30/2022,CAE,SC,ASO,ES,Combined TRACON& Tower with Radar,31,24,18,0,73,0,2,19,0,21,31,26,37,0,94,2,0,2,96
07/31/2022,CAE,SC,ASO,ES,Combined TRACON& Tower with Radar,37,16,16,0,69,0,0,17,0,17,37,16,33,0,86,62,0,62,148
08/01/2022,CAE,SC,ASO,ES,Combined TRACON& Tower with Radar,46,29,35,35,145,0,0,27,1,28,46,29,62,36,173,22,8,30,203
08/02/2022,CAE,SC,ASO,ES,Combined TRACON& Tower with Radar,51,36,33,16,136,0,4,33,3,40,51,40,66,19,176,50,0,50,226
08/03/2022,CAE,SC,ASO,ES,Combined TRACON& Tower with Radar,52,39,39,12,142,0,4,17,2,23,52,43,56,14,165,34,0,34,199
08/04/2022,CAE,SC,ASO,ES,Combined TRACON& Tower with Radar,62,42,28,10,142,0,4,29,1,34,62,46,57,11,176,2,16,18,194
08/05/2022,CAE,SC,ASO,ES,Combined TRACON& Tower with Radar,47,36,49,16,148,0,4,24,3,31,47,40,73,19,179,34,4,38,217
08/06/2022,CAE,SC,ASO,ES,Combined TRACON& Tower with Radar,38,26,23,0,87,0,2,10,0,12,38,28,33,0,99,12,0,12,111
08/07/2022,CAE,SC,ASO,ES,Combined TRACON& Tower with Radar,31,17,29,0,77,0,3,11,2,16,31,20,40,2,93,10,0,10,103
08/08/2022,CAE,SC,ASO,ES,Combined TRACON& Tower with Radar,42,40,36,0,118,0,0,13,0,13,42,40,49,0,131,10,0,10,141
08/09/2022,CAE,SC,ASO,ES,Combined TRACON& Tower with Radar,53,35,38,21,147,0,0,23,4,27,53,35,61,25,174,30,4,34,208
08/10/2022,CAE,SC,ASO,ES,Combined TRACON& Tower with Radar,53,41,33,20,147,0,2,26,5,33,53,43,59,25,180,8,4,12,192
08/11/2022,CAE,SC,ASO,ES,Combined TRACON& Tower with Radar,49,45,32,18,144,0,2,20,2,24,49,47,52,20,168,30,0,30,198
08/12/2022,CAE,SC,ASO,ES,Combined TRACON& Tower with Radar,52,48,40,9,149,0,0,7,0,7,52,48,47,9,156,14,0,14,170
08/13/2022,CAE,SC,ASO,ES,Combined TRACON& Tower with Radar,36,26,34,18,114,0,0,27,4,31,36,26,61,22,145,56,4,60,205
08/14/2022,CAE,SC,ASO,ES,Combined TRACON& Tower with Radar,28,17,32,13,90,0,0,31,0,31,28,17,63,13,121,14,8,22,143
08/15/2022,CAE,SC,ASO,ES,Combined TRACON& Tower with Radar,43,31,31,24,129,0,0,27,7,34,43,31,58,31,163,34,14,48,211
08/16/2022,CAE,SC,ASO,ES,Combined TRACON& Tower with Radar,48,50,42,18,158,0,5,5,0,10,48,55,47,18,168,6,0,6,174
08/17/2022,CAE,SC,ASO,ES,Combined TRACON& Tower with Radar,50,48,45,18,161,0,4,12,0,16,50,52,57,18,177,4,0,4,181
08/18/2022,CAE,SC,ASO,ES,Combined TRACON& Tower with Radar,48,45,36,12,141,0,9,23,3,35,48,54,59,15,176,8,4,12,188
08/19/2022,CAE,SC,ASO,ES,Combined TRACON& Tower with Radar,44,33,43,18,138,0,0,0,0,0,44,33,43,18,138,0,0,0,138
08/20/2022,CAE,SC,ASO,ES,Combined TRACON& Tower with Radar,28,32,30,4,94,0,1,23,1,25,28,33,53,5,119,26,0,26,145
08/21/2022,CAE,SC,ASO,ES,Combined TRACON& Tower with Radar,29,19,19,0,67,0,0,8,0,8,29,19,27,0,75,8,0,8,83
08/22/2022,CAE,SC,ASO,ES,Combined TRACON& Tower with Radar,28,29,36,7,100,0,0,7,0,7,28,29,43,7,107,2,0,2,109
08/23/2022,CAE,SC,ASO,ES,Combined TRACON& Tower with Radar,35,30,53,24,142,0,4,18,3,25,35,34,71,27,167,44,2,46,213
08/24/2022,CAE,SC,ASO,ES,Combined TRACON& Tower with Radar,45,33,38,9,125,0,0,19,1,20,45,33,57,10,145,36,4,40,185
08/25/2022,CAE,SC,ASO,ES,Combined TRACON& Tower with Radar,48,45,62,3,158,0,0,7,0,7,48,45,69,3,165,16,0,16,181
08/26/2022,CAE,SC,ASO,ES,Combined TRACON& Tower with Radar,42,37,45,32,156,0,2,18,3,23,42,39,63,35,179,34,0,34,213
08/27/2022,CAE,SC,ASO,ES,Combined TRACON& Tower with Radar,27,20,19,1,67,0,0,9,0,9,27,20,28,1,76,8,0,8,84
08/28/2022,CAE,SC,ASO,ES,Combined TRACON& Tower with Radar,38,19,17,1,75,0,0,15,0,15,38,19,32,1,90,14,0,14,104
08/29/2022,CAE,SC,ASO,ES,Combined TRACON& Tower with Radar,40,34,32,2,108,0,0,3,0,3,40,34,35,2,111,0,0,0,111
08/30/2022,CAE,SC,ASO,ES,Combined TRACON& Tower with Radar,53,43,46,5,147,0,3,16,3,22,53,46,62,8,169,30,0,30,199
08/31/2022,CAE,SC,ASO,ES,Combined TRACON& Tower with Radar,46,42,39,6,133,0,2,28,2,32,46,44,67,8,165,28,0,28,193
09/01/2022,CAE,SC,ASO,ES,Combined TRACON& Tower with Radar,50,37,28,6,121,0,1,26,1,28,50,38,54,7,149,48,6,54,203
09/02/2022,CAE,SC,ASO,ES,Combined TRACON& Tower with Radar,44,32,47,8,131,0,0,18,0,18,44,32,65,8,149,0,8,8,157
09/03/2022,CAE,SC,ASO,ES,Combined TRACON& Tower with Radar,24,16,19,0,59,0,0,7,0,7,24,16,26,0,66,2,0,2,68
09/04/2022,CAE,SC,ASO,ES,Combined TRACON& Tower with Radar,26,17,16,5,64,0,0,14,0,14,26,17,30,5,78,0,2,2,80
09/05/2022,CAE,SC,ASO,ES,Combined TRACON& Tower with Radar,29,15,28,1,73,0,0,8,0,8,29,15,36,1,81,0,0,0,81
09/06/2022,CAE,SC,ASO,ES,Combined TRACON& Tower with Radar,39,36,46,11,132,0,2,17,3,22,39,38,63,14,154,34,4,38,192
09/07/2022,CAE,SC,ASO,ES,Combined TRACON& Tower with Radar,46,38,49,15,148,0,0,37,1,38,46,38,86,16,186,16,6,22,208
09/08/2022,CAE,SC,ASO,ES,Combined TRACON& Tower with Radar,51,46,48,13,158,0,0,5,0,5,51,46,53,13,163,48,0,48,211
09/09/2022,CAE,SC,ASO,ES,Combined TRACON& Tower with Radar,53,40,43,18,154,0,0,11,0,11,53,40,54,18,165,2,8,10,175
09/10/2022,CAE,SC,ASO,ES,Combined TRACON& Tower with Radar,34,20,12,5,71,0,0,0,1,1,34,20,12,6,72,0,0,0,72
09/11/2022,CAE,SC,ASO,ES,Combined TRACON& Tower with Radar,36,19,28,9,92,0,0,4,1,5,36,19,32,10,97,4,0,4,101
09/12/2022,CAE,SC,ASO,ES,Combined TRACON& Tower with Radar,53,28,30,10,121,0,2,22,0,24,53,30,52,10,145,8,0,8,153
09/13/2022,CAE,SC,ASO,ES,Combined TRACON& Tower with Radar,47,40,39,25,151,0,0,37,1,38,47,40,76,26,189,16,28,44,233
09/14/2022,CAE,SC,ASO,ES,Combined TRACON& Tower with Radar,47,41,64,14,166,0,2,51,1,54,47,43,115,15,220,12,0,12,232
09/15/2022,CAE,SC,ASO,ES,Combined TRACON& Tower with Radar,52,47,59,12,170,0,0,33,2,35,52,47,92,14,205,8,24,32,237
09/16/2022,CAE,SC,ASO,ES,Combined TRACON& Tower with Radar,44,50,35,29,158,0,0,40,2,42,44,50,75,31,200,60,14,74,274
09/17/2022,CAE,SC,ASO,ES,Combined TRACON& Tower with Radar,25,32,28,0,85,0,1,16,2,19,25,33,44,2,104,16,0,16,120
09/18/2022,CAE,SC,ASO,ES,Combined TRACON& Tower with Radar,30,31,22,6,89,0,1,25,1,27,30,32,47,7,116,28,0,28,144
09/19/2022,CAE,SC,ASO,ES,Combined TRACON& Tower with Radar,39,32,37,10,118,0,0,21,1,22,39,32,58,11,140,30,20,50,190
09/20/2022,CAE,SC,ASO,ES,Combined TRACON& Tower with Radar,51,48,39,23,161,0,2,14,2,18,51,50,53,25,179,4,12,16,195
09/21/2022,CAE,SC,ASO,ES,Combined TRACON& Tower with Radar,49,42,46,16,153,0,0,26,1,27,49,42,72,17,180,14,0,14,194
09/22/2022,CAE,SC,ASO,ES,Combined TRACON& Tower with Radar,53,51,31,20,155,0,0,23,3,26,53,51,54,23,181,2,24,26,207
09/23/2022,CAE,SC,ASO,ES,Combined TRACON& Tower with Radar,50,49,48,2,149,0,0,38,0,38,50,49,86,2,187,26,0,26,213
09/24/2022,CAE,SC,ASO,ES,Combined TRACON& Tower with Radar,32,17,21,2,72,0,0,30,0,30,32,17,51,2,102,6,0,6,108
09/25/2022,CAE,SC,ASO,ES,Combined TRACON& Tower with Radar,34,30,29,2,95,0,0,17,0,17,34,30,46,2,112,20,0,20,132
09/26/2022,CAE,SC,ASO,ES,Combined TRACON& Tower with Radar,45,32,22,10,109,0,2,19,1,22,45,34,41,11,131,42,2,44,175
09/27/2022,CAE,SC,ASO,ES,Combined TRACON& Tower with Radar,48,39,46,14,147,0,3,21,1,25,48,42,67,15,172,42,0,42,214
09/28/2022,CAE,SC,ASO,ES,Combined TRACON& Tower with Radar,48,41,21,13,123,0,9,21,3,33,48,50,42,16,156,60,2,62,218
09/29/2022,CAE,SC,ASO,ES,Combined TRACON& Tower with Radar,50,33,20,15,118,0,2,1,1,4,50,35,21,16,122,6,8,14,136
09/30/2022,CAE,SC,ASO,ES,Combined TRACON& Tower with Radar,4,2,2,0,8,0,0,0,0,0,4,2,2,0,8,0,0,0,8
10/01/2022,CAE,SC,ASO,ES,Combined TRACON& Tower with Radar,28,15,12,0,55,0,1,5,3,9,28,16,17,3,64,0,0,0,64
10/02/2022,CAE,SC,ASO,ES,Combined TRACON& Tower with Radar,33,29,30,5,97,0,2,27,0,29,33,31,57,5,126,10,0,10,136
10/03/2022,CAE,SC,ASO,ES,Combined TRACON& Tower with Radar,46,34,61,12,153,0,0,17,0,17,46,34,78,12,170,42,0,42,212
10/04/2022,CAE,SC,ASO,ES,Combined TRACON& Tower with Radar,48,37,53,40,178,0,0,43,4,47,48,37,96,44,225,44,12,56,281
10/05/2022,CAE,SC,ASO,ES,Combined TRACON& Tower with Radar,48,48,44,23,163,0,4,25,3,32,48,52,69,26,195,36,8,44,239
10/06/2022,CAE,SC,ASO,ES,Combined TRACON& Tower with Radar,49,52,41,16,158,0,2,30,1,33,49,54,71,17,191,18,0,18,209
10/07/2022,CAE,SC,ASO,ES,Combined TRACON& Tower with Radar,46,41,48,13,148,0,4,39,1,44,46,45,87,14,192,26,2,28,220
10/08/2022,CAE,SC,ASO,ES,Combined TRACON& Tower with Radar,29,29,18,1,77,0,2,31,3,36,29,31,49,4,113,2,0,2,115
10/09/2022,CAE,SC,ASO,ES,Combined TRACON& Tower with Radar,34,31,31,0,96,0,0,23,0,23,34,31,54,0,119,38,0,38,157
10/10/2022,CAE,SC,ASO,ES,Combined TRACON& Tower with Radar,39,34,51,0,124,0,2,22,0,24,39,36,73,0,148,34,0,34,182
10/11/2022,CAE,SC,ASO,ES,Combined TRACON& Tower with Radar,53,53,36,12,154,0,1,17,1,19,53,54,53,13,173,4,10,14,187
10/12/2022,CAE,SC,ASO,ES,Combined TRACON& Tower with Radar,46,46,66,9,167,0,0,20,3,23,46,46,86,12,190,22,0,22,212
10/13/2022,CAE,SC,ASO,ES,Combined TRACON& Tower with Radar,47,54,45,15,161,0,0,10,1,11,47,54,55,16,172,6,0,6,178
10/14/2022,CAE,SC,ASO,ES,Combined TRACON& Tower with Radar,46,49,37,5,137,0,0,31,1,32,46,49,68,6,169,20,0,20,189
10/15/2022,CAE,SC,ASO,ES,Combined TRACON& Tower with Radar,28,36,17,6,87,0,0,18,6,24,28,36,35,12,111,8,2,10,121
10/16/2022,CAE,SC,ASO,ES,Combined TRACON& Tower with Radar,31,25,28,8,92,0,2,20,2,24,31,27,48,10,116,12,2,14,130
10/17/2022,CAE,SC,ASO,ES,Combined TRACON& Tower with Radar,37,47,28,4,116,0,4,18,5,27,37,51,46,9,143,26,0,26,169
10/18/2022,CAE,SC,ASO,ES,Combined TRACON& Tower with Radar,47,50,40,10,147,0,2,29,3,34,47,52,69,13,181,30,18,48,229
10/19/2022,CAE,SC,ASO,ES,Combined TRACON& Tower with Radar,47,61,53,9,170,0,5,33,3,41,47,66,86,12,211,2,0,2,213
10/20/2022,CAE,SC,ASO,ES,Combined TRACON& Tower with Radar,47,62,54,10,173,0,3,27,4,34,47,65,81,14,207,20,2,22,229
10/21/2022,CAE,SC,ASO,ES,Combined TRACON& Tower with Radar,45,57,35,13,150,0,2,43,5,50,45,59,78,18,200,34,6,40,240
10/22/2022,CAE,SC,ASO,ES,Combined TRACON& Tower with Radar,32,31,27,2,92,0,4,18,2,24,32,35,45,4,116,8,0,8,124
10/23/2022,CAE,SC,ASO,ES,Combined TRACON& Tower with Radar,31,37,44,4,116,0,2,28,2,32,31,39,72,6,148,16,0,16,164
10/24/2022,CAE,SC,ASO,ES,Combined TRACON& Tower with Radar,38,48,42,25,153,0,2,15,2,19,38,50,57,27,172,16,18,34,206
10/25/2022,CAE,SC,ASO,ES,Combined TRACON& Tower with Radar,46,47,37,7,137,0,2,21,1,24,46,49,58,8,161,40,2,42,203
10/26/2022,CAE,SC,ASO,ES,Combined TRACON& Tower with Radar,45,53,42,20,160,0,4,14,0,18,45,57,56,20,178,46,0,46,224
10/27/2022,CAE,SC,ASO,ES,Combined TRACON& Tower with Radar,50,50,47,29,176,0,1,24,0,25,50,51,71,29,201,26,6,32,233
10/28/2022,CAE,SC,ASO,ES,Combined TRACON& Tower with Radar,45,47,34,14,140,0,1,29,0,30,45,48,63,14,170,25,36,61,231
10/29/2022,CAE,SC,ASO,ES,Combined TRACON& Tower with Radar,27,29,34,0,90,0,0,4,2,6,27,29,38,2,96,0,0,0,96
10/30/2022,CAE,SC,ASO,ES,Combined TRACON& Tower with Radar,27,26,21,2,76,0,0,1,0,1,27,26,22,2,77,0,0,0,77
10/31/2022,CAE,SC,ASO,ES,Combined TRACON& Tower with Radar,35,37,29,6,107,0,2,3,0,5,35,39,32,6,112,4,0,4,116
11/01/2022,CAE,SC,ASO,ES,Combined TRACON& Tower with Radar,46,43,53,17,159,0,2,11,0,13,46,45,64,17,172,12,10,22,194
11/02/2022,CAE,SC,ASO,ES,Combined TRACON& Tower with Radar,47,58,49,16,170,0,1,20,1,22,47,59,69,17,192,20,10,30,222
11/03/2022,CAE,SC,ASO,ES,Combined TRACON& Tower with Radar,47,53,42,25,167,0,2,16,4,22,47,55,58,29,189,30,12,42,231
11/04/2022,CAE,SC,ASO,ES,Combined TRACON& Tower with Radar,42,40,39,21,142,0,0,24,0,24,42,40,63,21,166,68,30,98,264
11/05/2022,CAE,SC,ASO,ES,Combined TRACON& Tower with Radar,26,26,26,11,89,0,0,4,2,6,26,26,30,13,95,6,6,12,107
11/06/2022,CAE,SC,ASO,ES,Combined TRACON& Tower with Radar,26,32,43,21,122,0,0,5,1,6,26,32,48,22,128,0,10,10,138
11/07/2022,CAE,SC,ASO,ES,Combined TRACON& Tower with Radar,34,44,22,16,116,0,2,14,2,18,34,46,36,18,134,8,4,12,146
11/08/2022,CAE,SC,ASO,ES,Combined TRACON& Tower with Radar,45,43,37,21,146,0,3,24,4,31,45,46,61,25,177,14,28,42,219
11/09/2022,CAE,SC,ASO,ES,Combined TRACON& Tower with Radar,46,46,35,17,144,0,0,7,0,7,46,46,42,17,151,0,0,0,151
11/10/2022,CAE,SC,ASO,ES,Combined TRACON& Tower with Radar,52,35,44,13,144,0,0,0,0,0,52,35,44,13,144,0,0,0,144
11/11/2022,CAE,SC,ASO,ES,Combined TRACON& Tower with Radar,50,42,18,0,110,0,0,0,0,0,50,42,18,0,110,0,0,0,110
11/12/2022,CAE,SC,ASO,ES,Combined TRACON& Tower with Radar,32,29,31,0,92,0,2,9,0,11,32,31,40,0,103,8,0,8,111
11/13/2022,CAE,SC,ASO,ES,Combined TRACON& Tower with Radar,27,18,37,0,82,0,0,32,0,32,27,18,69,0,114,20,0,20,134
11/14/2022,CAE,SC,ASO,ES,Combined TRACON& Tower with Radar,40,35,41,3,119,0,0,24,0,24,40,35,65,3,143,10,0,10,153
11/15/2022,CAE,SC,ASO,ES,Combined TRACON& Tower with Radar,42,52,39,0,133,0,0,1,0,1,42,52,40,0,134,0,0,0,134
11/16/2022,CAE,SC,ASO,ES,Combined TRACON& Tower with Radar,48,50,69,23,190,0,0,12,1,13,48,50,81,24,203,28,14,42,245
11/17/2022,CAE,SC,ASO,ES,Combined TRACON& Tower with Radar,46,50,41,20,157,0,2,36,2,40,46,52,77,22,197,26,4,30,227
11/18/2022,CAE,SC,ASO,ES,Combined TRACON& Tower with Radar,45,40,48,6,139,0,2,24,1,27,45,42,72,7,166,84,6,90,256
11/19/2022,CAE,SC,ASO,ES,Combined TRACON& Tower with Radar,29,32,36,11,108,0,3,32,1,36,29,35,68,12,144,42,2,44,188
11/20/2022,CAE,SC,ASO,ES,Combined TRACON& Tower with Radar,27,29,44,2,102,0,0,15,1,16,27,29,59,3,118,0,0,0,118
11/21/2022,CAE,SC,ASO,ES,Combined TRACON& Tower with Radar,42,40,28,7,117,0,3,16,5,24,42,43,44,12,141,18,2,20,161
11/22/2022,CAE,SC,ASO,ES,Combined TRACON& Tower with Radar,56,60,42,14,172,0,2,13,3,18,56,62,55,17,190,0,4,4,194
11/23/2022,CAE,SC,ASO,ES,Combined TRACON& Tower with Radar,55,48,45,5,153,0,0,21,2,23,55,48,66,7,176,38,0,38,214
11/24/2022,CAE,SC,ASO,ES,Combined TRACON& Tower with Radar,19,14,6,0,39,0,0,3,0,3,19,14,9,0,42,0,0,0,42
11/25/2022,CAE,SC,ASO,ES,Combined TRACON& Tower with Radar,31,36,34,2,103,0,1,2,0,3,31,37,36,2,106,0,0,0,106
11/26/2022,CAE,SC,ASO,ES,Combined TRACON& Tower with Radar,25,29,34,0,88,0,0,26,0,26,25,29,60,0,114,0,0,0,114
11/27/2022,CAE,SC,ASO,ES,Combined TRACON& Tower with Radar,29,27,31,0,87,0,1,3,0,4,29,28,34,0,91,0,0,0,91
11/28/2022,CAE,SC,ASO,ES,Combined TRACON& Tower with Radar,43,32,27,30,132,0,0,29,0,29,43,32,56,30,161,0,12,12,173
11/29/2022,CAE,SC,ASO,ES,Combined TRACON& Tower with Radar,56,45,39,26,166,0,0,30,0,30,56,45,69,26,196,2,12,14,210
11/30/2022,CAE,SC,ASO,ES,Combined TRACON& Tower with Radar,50,57,27,7,141,0,0,4,1,5,50,57,31,8,146,0,0,0,146
12/01/2022,CAE,SC,ASO,ES,Combined TRACON& Tower with Radar,59,52,57,22,190,0,0,35,5,40,59,52,92,27,230,20,14,34,264
12/02/2022,CAE,SC,ASO,ES,Combined TRACON& Tower with Radar,47,54,38,12,151,0,1,29,3,33,47,55,67,15,184,2,0,2,186
12/03/2022,CAE,SC,ASO,ES,Combined TRACON& Tower with Radar,27,26,24,3,80,0,1,9,1,11,27,27,33,4,91,0,0,0,91
12/04/2022,CAE,SC,ASO,ES,Combined TRACON& Tower with Radar,28,22,27,0,77,0,0,22,0,22,28,22,49,0,99,32,0,32,131
12/05/2022,CAE,SC,ASO,ES,Combined TRACON& Tower with Radar,39,30,34,17,120,0,0,11,0,11,39,30,45,17,131,8,0,8,139
12/06/2022,CAE,SC,ASO,ES,Combined TRACON& Tower with Radar,55,42,38,1,136,0,0,0,0,0,55,42,38,1,136,0,0,0,136
12/07/2022,CAE,SC,ASO,ES,Combined TRACON& Tower with Radar,53,42,39,16,150,0,0,3,2,5,53,42,42,18,155,8,0,8,163
12/08/2022,CAE,SC,ASO,ES,Combined TRACON& Tower with Radar,56,48,43,24,171,0,0,2,0,2,56,48,45,24,173,2,0,2,175
12/09/2022,CAE,SC,ASO,ES,Combined TRACON& Tower with Radar,46,40,54,13,153,0,0,0,0,0,46,40,54,13,153,0,0,0,153
12/10/2022,CAE,SC,ASO,ES,Combined TRACON& Tower with Radar,23,32,28,0,83,0,0,2,0,2,23,32,30,0,85,0,0,0,85
12/11/2022,CAE,SC,ASO,ES,Combined TRACON& Tower with Radar,27,36,36,18,117,0,0,3,2,5,27,36,39,20,122,0,0,0,122
12/12/2022,CAE,SC,ASO,ES,Combined TRACON& Tower with Radar,37,33,45,21,136,0,4,22,3,29,37,37,67,24,165,16,14,30,195
12/13/2022,CAE,SC,ASO,ES,Combined TRACON& Tower with Radar,56,39,58,40,193,0,4,43,4,51,56,43,101,44,244,18,26,44,288
12/14/2022,CAE,SC,ASO,ES,Combined TRACON& Tower with Radar,58,43,59,25,185,0,0,9,2,11,58,43,68,27,196,24,6,30,226
12/15/2022,CAE,SC,ASO,ES,Combined TRACON& Tower with Radar,56,39,29,8,132,0,0,0,0,0,56,39,29,8,132,0,0,0,132
12/16/2022,CAE,SC,ASO,ES,Combined TRACON& Tower with Radar,56,47,40,11,154,0,0,30,2,32,56,47,70,13,186,76,0,76,262
12/17/2022,CAE,SC,ASO,ES,Combined TRACON& Tower with Radar,43,31,27,2,103,0,0,14,0,14,43,31,41,2,117,54,0,54,171
12/18/2022,CAE,SC,ASO,ES,Combined TRACON& Tower with Radar,31,23,25,0,79,0,0,19,0,19,31,23,44,0,98,78,0,78,176
12/19/2022,CAE,SC,ASO,ES,Combined TRACON& Tower with Radar,44,35,45,22,146,0,1,29,1,31,44,36,74,23,177,22,6,28,205
12/20/2022,CAE,SC,ASO,ES,Combined TRACON& Tower with Radar,52,52,33,8,145,0,0,6,0,6,52,52,39,8,151,4,12,16,167
12/21/2022,CAE,SC,ASO,ES,Combined TRACON& Tower with Radar,54,47,46,17,164,0,0,9,3,12,54,47,55,20,176,20,26,46,222
12/22/2022,CAE,SC,ASO,ES,Combined TRACON& Tower with Radar,49,46,30,6,131,0,0,0,0,0,49,46,30,6,131,0,0,0,131
12/23/2022,CAE,SC,ASO,ES,Combined TRACON& Tower with Radar,53,37,16,0,106,0,0,3,0,3,53,37,19,0,109,0,0,0,109
12/24/2022,CAE,SC,ASO,ES,Combined TRACON& Tower with Radar,17,19,19,0,55,0,1,15,0,16,17,20,34,0,71,0,0,0,71
12/25/2022,CAE,SC,ASO,ES,Combined TRACON& Tower with Radar,15,13,6,0,34,0,0,7,0,7,15,13,13,0,41,0,0,0,41
12/26/2022,CAE,SC,ASO,ES,Combined TRACON& Tower with Radar,28,25,42,0,95,0,1,31,0,32,28,26,73,0,127,1,0,1,128
12/27/2022,CAE,SC,ASO,ES,Combined TRACON& Tower with Radar,33,43,60,7,143,0,0,28,0,28,33,43,88,7,171,0,0,0,171
12/28/2022,CAE,SC,ASO,ES,Combined TRACON& Tower with Radar,53,45,41,10,149,0,3,31,1,35,53,48,72,11,184,50,0,50,234
12/29/2022,CAE,SC,ASO,ES,Combined TRACON& Tower with Radar,50,48,41,15,154,0,1,41,1,43,50,49,82,16,197,7,12,19,216
12/30/2022,CAE,SC,ASO,ES,Combined TRACON& Tower with Radar,36,34,62,2,134,0,0,11,0,11,36,34,73,2,145,8,0,8,153
12/31/2022,CAE,SC,ASO,ES,Combined TRACON& Tower with Radar,19,21,21,0,61,0,0,0,0,0,19,21,21,0,61,0,0,0,61
01/01/2023,CAE,SC,ASO,ES,Combined TRACON& Tower with Radar,18,19,19,0,56,0,0,4,0,4,18,19,23,0,60,0,0,0,60
01/02/2023,CAE,SC,ASO,ES,Combined TRACON& Tower with Radar,28,28,29,0,85,0,1,21,0,22,28,29,50,0,107,18,0,18,125
01/03/2023,CAE,SC,ASO,ES,Combined TRACON& Tower with Radar,31,34,37,20,122,0,1,6,2,9,31,35,43,22,131,0,22,22,153
01/04/2023,CAE,SC,ASO,ES,Combined TRACON& Tower with Radar,39,48,25,0,112,0,0,0,0,0,39,48,25,0,112,0,0,0,112
01/05/2023,CAE,SC,ASO,ES,Combined TRACON& Tower with Radar,40,41,43,25,149,0,5,21,1,27,40,46,64,26,176,8,36,44,220
01/06/2023,CAE,SC,ASO,ES,Combined TRACON& Tower with Radar,37,40,38,14,129,0,0,51,1,52,37,40,89,15,181,14,0,14,195
01/07/2023,CAE,SC,ASO,ES,Combined TRACON& Tower with Radar,29,22,32,4,87,0,0,28,0,28,29,22,60,4,115,12,2,14,129
01/08/2023,CAE,SC,ASO,ES,Combined TRACON& Tower with Radar,25,22,34,2,83,0,0,15,0,15,25,22,49,2,98,0,0,0,98
01/09/2023,CAE,SC,ASO,ES,Combined TRACON& Tower with Radar,36,33,45,8,122,0,0,27,1,28,36,33,72,9,150,4,2,6,156
01/10/2023,CAE,SC,ASO,ES,Combined TRACON& Tower with Radar,47,32,46,26,151,0,0,27,4,31,47,32,73,30,182,10,2,12,194
01/11/2023,CAE,SC,ASO,ES,Combined TRACON& Tower with Radar,46,44,58,22,170,0,3,33,5,41,46,47,91,27,211,40,10,50,261
01/12/2023,CAE,SC,ASO,ES,Combined TRACON& Tower with Radar,65,39,45,17,166,0,1,5,2,8,65,40,50,19,174,0,0,0,174
01/13/2023,CAE,SC,ASO,ES,Combined TRACON& Tower with Radar,49,37,31,20,137,0,0,9,0,9,49,37,40,20,146,10,0,10,156
01/14/2023,CAE,SC,ASO,ES,Combined TRACON& Tower with Radar,29,21,29,0,79,0,0,13,0,13,29,21,42,0,92,0,0,0,92
01/15/2023,CAE,SC,ASO,ES,Combined TRACON& Tower with Radar,29,14,25,0,68,0,2,21,0,23,29,16,46,0,91,4,0,4,95
01/16/2023,CAE,SC,ASO,ES,Combined TRACON& Tower with Radar,42,28,39,9,118,0,0,37,0,37,42,28,76,9,155,12,12,24,179
01/17/2023,CAE,SC,ASO,ES,Combined TRACON& Tower with Radar,49,43,20,25,137,0,0,7,2,9,49,43,27,27,146,0,6,6,152
01/18/2023,CAE,SC,ASO,ES,Combined TRACON& Tower with Radar,52,37,57,26,172,0,1,13,0,14,52,38,70,26,186,26,0,26,212
01/19/2023,CAE,SC,ASO,ES,Combined TRACON& Tower with Radar,53,40,35,9,137,0,0,6,2,8,53,40,41,11,145,0,6,6,151
01/20/2023,CAE,SC,ASO,ES,Combined TRACON& Tower with Radar,47,35,40,9,131,0,4,33,0,37,47,39,73,9,168,32,2,34,202
01/21/2023,CAE,SC,ASO,ES,Combined TRACON& Tower with Radar,31,23,22,0,76,0,5,47,0,52,31,28,69,0,128,0,0,0,128
01/22/2023,CAE,SC,ASO,ES,Combined TRACON& Tower with Radar,34,23,5,0,62,0,0,0,0,0,34,23,5,0,62,0,0,0,62
01/23/2023,CAE,SC,ASO,ES,Combined TRACON& Tower with Radar,44,34,28,12,118,0,6,23,3,32,44,40,51,15,150,0,0,0,150
01/24/2023,CAE,SC,ASO,ES,Combined TRACON& Tower with Radar,49,38,46,7,140,0,3,36,3,42,49,41,82,10,182,0,0,0,182
01/25/2023,CAE,SC,ASO,ES,Combined TRACON& Tower with Radar,48,34,29,0,111,0,0,0,0,0,48,34,29,0,111,0,0,0,111
01/26/2023,CAE,SC,ASO,ES,Combined TRACON& Tower with Radar,52,39,53,21,165,0,9,29,2,40,52,48,82,23,205,4,2,6,211
01/27/2023,CAE,SC,ASO,ES,Combined TRACON& Tower with Radar,46,41,37,8,132,0,0,31,3,34,46,41,68,11,166,60,0,60,226
01/28/2023,CAE,SC,ASO,ES,Combined TRACON& Tower with Radar,30,21,45,9,105,0,4,40,0,44,30,25,85,9,149,18,0,18,167
01/29/2023,CAE,SC,ASO,ES,Combined TRACON& Tower with Radar,35,19,17,17,88,0,0,6,0,6,35,19,23,17,94,8,0,8,102
01/30/2023,CAE,SC,ASO,ES,Combined TRACON& Tower with Radar,37,29,29,2,97,0,0,1,0,1,37,29,30,2,98,0,0,0,98
01/31/2023,CAE,SC,ASO,ES,Combined TRACON& Tower with Radar,37,34,37,2,110,0,1,1,0,2,37,35,38,2,112,4,0,4,116
02/01/2023,CAE,SC,ASO,ES,Combined TRACON& Tower with Radar,44,46,33,8,131,0,1,19,0,20,44,47,52,8,151,20,0,20,171
02/02/2023,CAE,SC,ASO,ES,Combined TRACON& Tower with Radar,41,37,44,4,126,0,0,0,0,0,41,37,44,4,126,0,0,0,126
02/03/2023,CAE,SC,ASO,ES,Combined TRACON& Tower with Radar,40,36,40,2,118,0,4,24,4,32,40,40,64,6,150,2,0,2,152
02/04/2023,CAE,SC,ASO,ES,Combined TRACON& Tower with Radar,34,22,28,2,86,0,0,49,0,49,34,22,77,2,135,6,0,6,141
02/05/2023,CAE,SC,ASO,ES,Combined TRACON& Tower with Radar,33,20,30,2,85,0,1,15,0,16,33,21,45,2,101,20,0,20,121
02/06/2023,CAE,SC,ASO,ES,Combined TRACON& Tower with Radar,34,37,41,9,121,0,3,41,2,46,34,40,82,11,167,36,4,40,207
02/07/2023,CAE,SC,ASO,ES,Combined TRACON& Tower with Radar,40,40,30,12,122,0,5,41,3,49,40,45,71,15,171,8,16,24,195
02/08/2023,CAE,SC,ASO,ES,Combined TRACON& Tower with Radar,42,39,54,13,148,0,4,35,3,42,42,43,89,16,190,36,14,50,240
02/09/2023,CAE,SC,ASO,ES,Combined TRACON& Tower with Radar,45,42,61,10,158,0,0,18,3,21,45,42,79,13,179,10,10,20,199
02/10/2023,CAE,SC,ASO,ES,Combined TRACON& Tower with Radar,38,41,47,1,127,0,0,13,0,13,38,41,60,1,140,18,0,18,158
02/11/2023,CAE,SC,ASO,ES,Combined TRACON& Tower with Radar,30,25,33,1,89,0,0,3,1,4,30,25,36,2,93,12,0,12,105
02/12/2023,CAE,SC,ASO,ES,Combined TRACON& Tower with Radar,31,20,23,0,74,0,0,1,0,1,31,20,24,0,75,0,0,0,75
02/13/2023,CAE,SC,ASO,ES,Combined TRACON& Tower with Radar,37,30,37,12,116,0,4,38,1,43,37,34,75,13,159,12,27,39,198
02/14/2023,CAE,SC,ASO,ES,Combined TRACON& Tower with Radar,41,40,46,4,131,0,2,30,0,32,41,42,76,4,163,0,0,0,163
02/15/2023,CAE,SC,ASO,ES,Combined TRACON& Tower with Radar,41,51,48,18,158,0,0,22,2,24,41,51,70,20,182,44,32,76,258
02/16/2023,CAE,SC,ASO,ES,Combined TRACON& Tower with Radar,43,44,47,4,138,0,2,9,0,11,43,46,56,4,149,6,0,6,155
02/17/2023,CAE,SC,ASO,ES,Combined TRACON& Tower with Radar,37,40,37,0,114,0,0,3,0,3,37,40,40,0,117,0,0,0,117
02/18/2023,CAE,SC,ASO,ES,Combined TRACON& Tower with Radar,29,29,36,1,95,0,2,46,0,48,29,31,82,1,143,10,0,10,153
02/19/2023,CAE,SC,ASO,ES,Combined TRACON& Tower with Radar,27,18,21,0,66,0,0,16,0,16,27,18,37,0,82,4,0,4,86
02/20/2023,CAE,SC,ASO,ES,Combined TRACON& Tower with Radar,39,32,33,2,106,0,2,28,1,31,39,34,61,3,137,4,0,4,141
02/21/2023,CAE,SC,ASO,ES,Combined TRACON& Tower with Radar,42,35,46,38,161,0,2,21,16,39,42,37,67,54,200,10,12,22,222
02/22/2023,CAE,SC,ASO,ES,Combined TRACON& Tower with Radar,43,43,50,6,142,0,1,5,4,10,43,44,55,10,152,16,0,16,168
02/23/2023,CAE,SC,ASO,ES,Combined TRACON& Tower with Radar,42,46,46,5,139,0,0,20,2,22,42,46,66,7,161,34,4,38,199
02/24/2023,CAE,SC,ASO,ES,Combined TRACON& Tower with Radar,46,39,40,21,146,0,0,23,0,23,46,39,63,21,169,54,6,60,229
02/25/2023,CAE,SC,ASO,ES,Combined TRACON& Tower with Radar,30,20,16,0,66,0,0,0,0,0,30,20,16,0,66,0,0,0,66
02/26/2023,CAE,SC,ASO,ES,Combined TRACON& Tower with Radar,26,19,31,2,78,0,0,9,0,9,26,19,40,2,87,0,0,0,87
02/27/2023,CAE,SC,ASO,ES,Combined TRACON& Tower with Radar,42,28,28,6,104,0,0,9,0,9,42,28,37,6,113,0,10,10,123
02/28/2023,CAE,SC,ASO,ES,Combined TRACON& Tower with Radar,40,36,29,7,112,0,3,36,2,41,40,39,65,9,153,2,24,26,179
03/01/2023,CAE,SC,ASO,ES,Combined TRACON& Tower with Radar,48,38,47,20,153,0,2,25,0,27,48,40,72,20,180,20,0,20,200
03/02/2023,CAE,SC,ASO,ES,Combined TRACON& Tower with Radar,47,43,31,4,125,0,0,4,0,4,47,43,35,4,129,22,6,28,157
03/03/2023,CAE,SC,ASO,ES,Combined TRACON& Tower with Radar,56,40,36,8,140,0,0,5,0,5,56,40,41,8,145,0,4,4,149
03/04/2023,CAE,SC,ASO,ES,Combined TRACON& Tower with Radar,30,30,32,2,94,0,1,42,0,43,30,31,74,2,137,10,0,10,147
03/05/2023,CAE,SC,ASO,ES,Combined TRACON& Tower with Radar,34,16,20,0,70,0,2,33,0,35,34,18,53,0,105,58,0,58,163
03/06/2023,CAE,SC,ASO,ES,Combined TRACON& Tower with Radar,43,31,44,14,132,0,0,40,0,40,43,31,84,14,172,54,10,64,236
03/07/2023,CAE,SC,ASO,ES,Combined TRACON& Tower with Radar,43,39,38,14,134,0,2,20,3,25,43,41,58,17,159,50,0,50,209
03/08/2023,CAE,SC,ASO,ES,Combined TRACON& Tower with Radar,46,50,44,19,159,0,0,32,0,32,46,50,76,19,191,26,22,48,239
03/09/2023,CAE,SC,ASO,ES,Combined TRACON& Tower with Radar,48,48,57,6,159,0,2,26,2,30,48,50,83,8,189,0,0,0,189
03/10/2023,CAE,SC,ASO,ES,Combined TRACON& Tower with Radar,45,32,36,10,123,0,0,0,0,0,45,32,36,10,123,0,0,0,123
03/11/2023,CAE,SC,ASO,ES,Combined TRACON& Tower with Radar,29,25,24,0,78,0,0,28,0,28,29,25,52,0,106,0,0,0,106
03/12/2023,CAE,SC,ASO,ES,Combined TRACON& Tower with Radar,41,29,22,0,92,0,0,1,0,1,41,29,23,0,93,0,0,0,93
03/13/2023,CAE,SC,ASO,ES,Combined TRACON& Tower with Radar,44,27,41,2,114,0,0,3,0,3,44,27,44,2,117,0,0,0,117
03/14/2023,CAE,SC,ASO,ES,Combined TRACON& Tower with Radar,45,40,41,2,128,0,6,34,1,41,45,46,75,3,169,22,0,22,191
03/15/2023,CAE,SC,ASO,ES,Combined TRACON& Tower with Radar,47,43,39,2,131,0,1,40,0,41,47,44,79,2,172,24,10,34,206
03/16/2023,CAE,SC,ASO,ES,Combined TRACON& Tower with Radar,46,43,42,4,135,0,0,38,2,40,46,43,80,6,175,10,0,10,185
03/17/2023,CAE,SC,ASO,ES,Combined TRACON& Tower with Radar,47,38,37,0,122,0,2,4,1,7,47,40,41,1,129,0,0,0,129
03/18/2023,CAE,SC,ASO,ES,Combined TRACON& Tower with Radar,32,29,37,2,100,0,0,20,0,20,32,29,57,2,120,14,0,14,134
03/19/2023,CAE,SC,ASO,ES,Combined TRACON& Tower with Radar,35,23,34,2,94,0,1,71,0,72,35,24,105,2,166,6,0,6,172
03/20/2023,CAE,SC,ASO,ES,Combined TRACON& Tower with Radar,43,35,45,0,123,0,0,22,0,22,43,35,67,0,145,22,0,22,167
03/21/2023,CAE,SC,ASO,ES,Combined TRACON& Tower with Radar,44,47,49,7,147,0,0,26,5,31,44,47,75,12,178,14,2,16,194
03/22/2023,CAE,SC,ASO,ES,Combined TRACON& Tower with Radar,45,44,50,12,151,0,0,10,0,10,45,44,60,12,161,0,0,0,161
03/23/2023,CAE,SC,ASO,ES,Combined TRACON& Tower with Radar,49,41,40,3,133,0,3,17,2,22,49,44,57,5,155,0,0,0,155
03/24/2023,CAE,SC,ASO,ES,Combined TRACON& Tower with Radar,43,37,31,4,115,0,2,25,2,29,43,39,56,6,144,14,0,14,158
03/25/2023,CAE,SC,ASO,ES,Combined TRACON& Tower with Radar,33,34,25,0,92,0,0,4,0,4,33,34,29,0,96,8,0,8,104
03/26/2023,CAE,SC,ASO,ES,Combined TRACON& Tower with Radar,30,24,21,0,75,0,0,2,0,2,30,24,23,0,77,0,0,0,77
03/27/2023,CAE,SC,ASO,ES,Combined TRACON& Tower with Radar,46,31,47,1,125,0,0,5,1,6,46,31,52,2,131,0,0,0,131
03/28/2023,CAE,SC,ASO,ES,Combined TRACON& Tower with Radar,45,52,53,2,152,0,0,20,1,21,45,52,73,3,173,10,0,10,183
03/29/2023,CAE,SC,ASO,ES,Combined TRACON& Tower with Radar,44,45,48,6,143,0,0,28,1,29,44,45,76,7,172,16,20,36,208
03/30/2023,CAE,SC,ASO,ES,Combined TRACON& Tower with Radar,50,49,57,1,157,0,0,26,2,28,50,49,83,3,185,4,0,4,189
03/31/2023,CAE,SC,ASO,ES,Combined TRACON& Tower with Radar,44,39,29,2,114,0,2,24,0,26,44,41,53,2,140,46,0,46,186
04/01/2023,CAE,SC,ASO,ES,Combined TRACON& Tower with Radar,41,24,13,0,78,0,0,3,0,3,41,24,16,0,81,0,0,0,81
04/02/2023,CAE,SC,ASO,ES,Combined TRACON& Tower with Radar,32,23,34,0,89,0,3,22,0,25,32,26,56,0,114,0,0,0,114
04/03/2023,CAE,SC,ASO,ES,Combined TRACON& Tower with Radar,44,41,37,0,122,0,0,14,0,14,44,41,51,0,136,36,0,36,172
04/04/2023,CAE,SC,ASO,ES,Combined TRACON& Tower with Radar,40,57,65,11,173,0,2,27,1,30,40,59,92,12,203,74,0,74,277
04/05/2023,CAE,SC,ASO,ES,Combined TRACON& Tower with Radar,38,63,77,28,206,0,0,32,0,32,38,63,109,28,238,24,0,24,262
04/06/2023,CAE,SC,ASO,ES,Combined TRACON& Tower with Radar,39,56,49,2,146,0,1,10,4,15,39,57,59,6,161,0,0,0,161
04/07/2023,CAE,SC,ASO,ES,Combined TRACON& Tower with Radar,41,75,99,1,216,0,0,9,1,10,41,75,108,2,226,0,0,0,226
04/08/2023,CAE,SC,ASO,ES,Combined TRACON& Tower with Radar,28,41,28,8,105,0,0,0,0,0,28,41,28,8,105,0,0,0,105
04/09/2023,CAE,SC,ASO,ES,Combined TRACON& Tower with Radar,26,26,29,0,81,0,0,11,0,11,26,26,40,0,92,0,0,0,92
04/10/2023,CAE,SC,ASO,ES,Combined TRACON& Tower with Radar,37,44,51,3,135,0,0,40,0,40,37,44,91,3,175,8,0,8,183
04/11/2023,CAE,SC,ASO,ES,Combined TRACON& Tower with Radar,41,52,54,2,149,0,1,35,0,36,41,53,89,2,185,20,0,20,205
04/12/2023,CAE,SC,ASO,ES,Combined TRACON& Tower with Radar,40,52,36,2,130,0,0,33,0,33,40,52,69,2,163,0,0,0,163
04/13/2023,CAE,SC,ASO,ES,Combined TRACON& Tower with Radar,43,46,40,4,133,0,0,17,0,17,43,46,57,4,150,12,16,28,178
04/14/2023,CAE,SC,ASO,ES,Combined TRACON& Tower with Radar,38,57,29,0,124,0,0,7,2,9,38,57,36,2,133,16,0,16,149
04/15/2023,CAE,SC,ASO,ES,Combined TRACON& Tower with Radar,27,30,26,0,83,0,0,22,0,22,27,30,48,0,105,0,0,0,105
04/16/2023,CAE,SC,ASO,ES,Combined TRACON& Tower with Radar,29,21,18,4,72,0,0,11,2,13,29,21,29,6,85,0,0,0,85
04/17/2023,CAE,SC,ASO,ES,Combined TRACON& Tower with Radar,35,46,40,4,125,0,2,33,0,35,35,48,73,4,160,0,0,0,160
04/18/2023,CAE,SC,ASO,ES,Combined TRACON& Tower with Radar,37,54,36,8,135,0,1,34,0,35,37,55,70,8,170,18,24,42,212
04/19/2023,CAE,SC,ASO,ES,Combined TRACON& Tower with Radar,44,47,52,7,150,0,1,49,1,51,44,48,101,8,201,12,0,12,213
04/20/2023,CAE,SC,ASO,ES,Combined TRACON& Tower with Radar,36,53,36,16,141,0,0,18,2,20,36,53,54,18,161,0,12,12,173
04/21/2023,CAE,SC,ASO,ES,Combined TRACON& Tower with Radar,38,48,31,10,127,0,3,42,0,45,38,51,73,10,172,12,0,12,184
04/22/2023,CAE,SC,ASO,ES,Combined TRACON& Tower with Radar,30,30,13,2,75,0,0,13,0,13,30,30,26,2,88,4,0,4,92
04/23/2023,CAE,SC,ASO,ES,Combined TRACON& Tower with Radar,27,22,24,0,73,0,1,23,0,24,27,23,47,0,97,14,0,14,111
04/24/2023,CAE,SC,ASO,ES,Combined TRACON& Tower with Radar,36,38,34,3,111,0,3,32,2,37,36,41,66,5,148,12,0,12,160
04/25/2023,CAE,SC,ASO,ES,Combined TRACON& Tower with Radar,43,48,38,3,132,0,0,25,3,28,43,48,63,6,160,12,16,28,188
04/26/2023,CAE,SC,ASO,ES,Combined TRACON& Tower with Radar,33,45,45,2,125,0,2,15,3,20,33,47,60,5,145,26,0,26,171
04/27/2023,CAE,SC,ASO,ES,Combined TRACON& Tower with Radar,41,47,42,9,139,0,0,2,0,2,41,47,44,9,141,0,0,0,141
04/28/2023,CAE,SC,ASO,ES,Combined TRACON& Tower with Radar,37,48,38,3,126,0,0,12,3,15,37,48,50,6,141,42,0,42,183
04/29/2023,CAE,SC,ASO,ES,Combined TRACON& Tower with Radar,31,32,29,0,92,0,0,26,0,26,31,32,55,0,118,0,0,0,118
04/30/2023,CAE,SC,ASO,ES,Combined TRACON& Tower with Radar,26,20,22,0,68,0,0,1,0,1,26,20,23,0,69,0,0,0,69
05/01/2023,CAE,SC,ASO,ES,Combined TRACON& Tower with Radar,38,40,24,9,111,0,0,13,0,13,38,40,37,9,124,0,0,0,124
05/02/2023,CAE,SC,ASO,ES,Combined TRACON& Tower with Radar,41,50,38,2,131,0,2,13,2,17,41,52,51,4,148,2,0,2,150
05/03/2023,CAE,SC,ASO,ES,Combined TRACON& Tower with Radar,40,57,45,3,145,0,0,41,0,41,40,57,86,3,186,12,0,12,198
05/04/2023,CAE,SC,ASO,ES,Combined TRACON& Tower with Radar,41,49,30,5,125,0,2,29,0,31,41,51,59,5,156,18,14,32,188
05/05/2023,CAE,SC,ASO,ES,Combined TRACON& Tower with Radar,43,47,27,0,117,0,0,36,0,36,43,47,63,0,153,46,0,46,199
05/06/2023,CAE,SC,ASO,ES,Combined TRACON& Tower with Radar,28,35,24,0,87,0,1,12,0,13,28,36,36,0,100,8,0,8,108
05/07/2023,CAE,SC,ASO,ES,Combined TRACON& Tower with Radar,30,40,29,1,100,0,0,28,2,30,30,40,57,3,130,16,0,16,146
05/08/2023,CAE,SC,ASO,ES,Combined TRACON& Tower with Radar,37,45,33,0,115,0,4,20,0,24,37,49,53,0,139,22,0,22,161
05/09/2023,CAE,SC,ASO,ES,Combined TRACON& Tower with Radar,42,50,34,0,126,0,3,21,0,24,42,53,55,0,150,0,0,0,150
05/10/2023,CAE,SC,ASO,ES,Combined TRACON& Tower with Radar,40,48,57,2,147,0,0,17,0,17,40,48,74,2,164,16,0,16,180
05/11/2023,CAE,SC,ASO,ES,Combined TRACON& Tower with Radar,42,60,44,7,153,0,8,34,2,44,42,68,78,9,197,0,12,12,209
05/12/2023,CAE,SC,ASO,ES,Combined TRACON& Tower with Radar,39,53,47,12,151,0,4,24,0,28,39,57,71,12,179,66,0,66,245
05/13/2023,CAE,SC,ASO,ES,Combined TRACON& Tower with Radar,32,43,33,1,109,0,0,39,0,39,32,43,72,1,148,12,0,12,160
05/14/2023,CAE,SC,ASO,ES,Combined TRACON& Tower with Radar,30,42,22,0,94,0,0,23,0,23,30,42,45,0,117,18,0,18,135
05/15/2023,CAE,SC,ASO,ES,Combined TRACON& Tower with Radar,38,45,44,3,130,0,0,25,2,27,38,45,69,5,157,28,0,28,185
05/16/2023,CAE,SC,ASO,ES,Combined TRACON& Tower with Radar,41,57,50,21,169,0,1,29,1,31,41,58,79,22,200,44,0,44,244
05/17/2023,CAE,SC,ASO,ES,Combined TRACON& Tower with Radar,47,69,46,22,184,0,0,26,3,29,47,69,72,25,213,24,30,54,267
05/18/2023,CAE,SC,ASO,ES,Combined TRACON& Tower with Radar,42,48,37,5,132,0,0,0,0,0,42,48,37,5,132,0,0,0,132
05/19/2023,CAE,SC,ASO,ES,Combined TRACON& Tower with Radar,41,52,53,0,146,0,0,1,0,1,41,52,54,0,147,0,0,0,147
05/20/2023,CAE,SC,ASO,ES,Combined TRACON& Tower with Radar,34,34,29,0,97,0,0,14,0,14,34,34,43,0,111,50,0,50,161
05/21/2023,CAE,SC,ASO,ES,Combined TRACON& Tower with Radar,33,36,24,1,94,0,0,0,0,0,33,36,24,1,94,0,0,0,94
05/22/2023,CAE,SC,ASO,ES,Combined TRACON& Tower with Radar,38,41,34,4,117,0,4,39,0,43,38,45,73,4,160,68,16,84,244
05/23/2023,CAE,SC,ASO,ES,Combined TRACON& Tower with Radar,43,51,40,16,150,0,0,14,0,14,43,51,54,16,164,34,12,46,210
05/24/2023,CAE,SC,ASO,ES,Combined TRACON& Tower with Radar,42,56,42,19,159,0,0,25,1,26,42,56,67,20,185,81,24,105,290
05/25/2023,CAE,SC,ASO,ES,Combined TRACON& Tower with Radar,41,53,40,5,139,0,2,31,0,33,41,55,71,5,172,116,4,120,292
05/26/2023,CAE,SC,ASO,ES,Combined TRACON& Tower with Radar,41,49,33,0,123,0,0,21,0,21,41,49,54,0,144,56,0,56,200
05/27/2023,CAE,SC,ASO,ES,Combined TRACON& Tower with Radar,28,29,15,0,72,0,0,3,0,3,28,29,18,0,75,0,0,0,75
05/28/2023,CAE,SC,ASO,ES,Combined TRACON& Tower with Radar,23,31,12,0,66,0,0,0,0,0,23,31,12,0,66,0,0,0,66
05/29/2023,CAE,SC,ASO,ES,Combined TRACON& Tower with Radar,32,37,29,2,100,0,0,29,0,29,32,37,58,2,129,6,0,6,135
05/30/2023,CAE,SC,ASO,ES,Combined TRACON& Tower with Radar,38,53,43,13,147,0,0,17,2,19,38,53,60,15,166,0,0,0,166
05/31/2023,CAE,SC,ASO,ES,Combined TRACON& Tower with Radar,41,54,43,4,142,0,0,11,0,11,41,54,54,4,153,20,0,20,173
06/01/2023,CAE,SC,ASO,ES,Combined TRACON& Tower with Radar,40,45,44,9,138,0,2,35,3,40,40,47,79,12,178,18,14,32,210
06/02/2023,CAE,SC,ASO,ES,Combined TRACON& Tower with Radar,48,42,31,20,141,0,0,22,0,22,48,42,53,20,163,20,2,22,185
06/03/2023,CAE,SC,ASO,ES,Combined TRACON& Tower with Radar,37,29,14,0,80,0,1,27,0,28,37,30,41,0,108,0,0,0,108
06/04/2023,CAE,SC,ASO,ES,Combined TRACON& Tower with Radar,39,21,22,2,84,0,0,13,0,13,39,21,35,2,97,8,0,8,105
06/05/2023,CAE,SC,ASO,ES,Combined TRACON& Tower with Radar,45,35,56,6,142,0,2,30,0,32,45,37,86,6,174,22,14,36,210
06/06/2023,CAE,SC,ASO,ES,Combined TRACON& Tower with Radar,52,39,25,14,130,0,3,12,0,15,52,42,37,14,145,2,22,24,169
06/07/2023,CAE,SC,ASO,ES,Combined TRACON& Tower with Radar,45,42,42,2,131,0,3,17,2,22,45,45,59,4,153,28,0,28,181
06/08/2023,CAE,SC,ASO,ES,Combined TRACON& Tower with Radar,51,46,40,21,158,0,5,19,7,31,51,51,59,28,189,0,26,26,215
06/09/2023,CAE,SC,ASO,ES,Combined TRACON& Tower with Radar,46,41,45,2,134,0,5,29,0,34,46,46,74,2,168,40,0,40,208
06/10/2023,CAE,SC,ASO,ES,Combined TRACON& Tower with Radar,38,25,16,0,79,0,4,25,0,29,38,29,41,0,108,0,0,0,108
06/11/2023,CAE,SC,ASO,ES,Combined TRACON& Tower with Radar,36,25,17,2,80,0,0,6,0,6,36,25,23,2,86,0,0,0,86
06/12/2023,CAE,SC,ASO,ES,Combined TRACON& Tower with Radar,48,35,34,16,133,0,0,9,0,9,48,35,43,16,142,30,16,46,188
06/13/2023,CAE,SC,ASO,ES,Combined TRACON& Tower with Radar,48,43,33,15,139,0,4,22,3,29,48,47,55,18,168,0,24,24,192
06/14/2023,CAE,SC,ASO,ES,Combined TRACON& Tower with Radar,46,39,39,4,128,0,0,7,0,7,46,39,46,4,135,27,0,27,162
06/15/2023,CAE,SC,ASO,ES,Combined TRACON& Tower with Radar,45,53,43,11,152,0,1,11,0,12,45,54,54,11,164,4,8,12,176
06/16/2023,CAE,SC,ASO,ES,Combined TRACON& Tower with Radar,47,44,39,38,168,0,0,29,0,29,47,44,68,38,197,34,6,40,237
06/17/2023,CAE,SC,ASO,ES,Combined TRACON& Tower with Radar,36,31,25,0,92,0,6,22,0,28,36,37,47,0,120,0,0,0,120
06/18/2023,CAE,SC,ASO,ES,Combined TRACON& Tower with Radar,38,24,18,1,81,0,1,7,0,8,38,25,25,1,89,0,0,0,89
06/19/2023,CAE,SC,ASO,ES,Combined TRACON& Tower with Radar,41,27,26,0,94,0,0,2,0,2,41,27,28,0,96,26,0,26,122
06/20/2023,CAE,SC,ASO,ES,Combined TRACON& Tower with Radar,45,42,36,13,136,0,0,1,1,2,45,42,37,14,138,28,0,28,166
06/21/2023,CAE,SC,ASO,ES,Combined TRACON& Tower with Radar,47,43,47,6,143,0,0,0,0,0,47,43,47,6,143,0,0,0,143
06/22/2023,CAE,SC,ASO,ES,Combined TRACON& Tower with Radar,48,41,24,2,115,0,0,0,0,0,48,41,24,2,115,20,0,20,135
06/23/2023,CAE,SC,ASO,ES,Combined TRACON& Tower with Radar,43,44,38,10,135,0,0,12,1,13,43,44,50,11,148,38,0,38,186
06/24/2023,CAE,SC,ASO,ES,Combined TRACON& Tower with Radar,31,30,27,0,88,0,1,33,0,34,31,31,60,0,122,0,0,0,122
06/25/2023,CAE,SC,ASO,ES,Combined TRACON& Tower with Radar,39,20,17,2,78,0,6,24,0,30,39,26,41,2,108,0,0,0,108
06/26/2023,CAE,SC,ASO,ES,Combined TRACON& Tower with Radar,44,40,25,0,109,0,7,30,0,37,44,47,55,0,146,0,0,0,146
06/27/2023,CAE,SC,ASO,ES,Combined TRACON& Tower with Radar,44,55,38,21,158,0,3,9,0,12,44,58,47,21,170,14,0,14,184
06/28/2023,CAE,SC,ASO,ES,Combined TRACON& Tower with Radar,41,58,24,0,123,0,12,23,0,35,41,70,47,0,158,30,0,30,188
06/29/2023,CAE,SC,ASO,ES,Combined TRACON& Tower with Radar,47,51,34,11,143,0,2,28,2,32,47,53,62,13,175,36,2,38,213
06/30/2023,CAE,SC,ASO,ES,Combined TRACON& Tower with Radar,44,45,37,4,130,0,2,19,1,22,44,47,56,5,152,0,4,4,156
07/01/2023,CAE,SC,ASO,ES,Combined TRACON& Tower with Radar,36,32,23,0,91,0,0,15,0,15,36,32,38,0,106,8,0,8,114
07/02/2023,CAE,SC,ASO,ES,Combined TRACON& Tower with Radar,36,18,8,6,68,0,0,2,0,2,36,18,10,6,70,8,0,8,78
07/03/2023,CAE,SC,ASO,ES,Combined TRACON& Tower with Radar,36,27,17,4,84,0,0,17,2,19,36,27,34,6,103,26,0,26,129
07/04/2023,CAE,SC,ASO,ES,Combined TRACON& Tower with Radar,32,17,14,0,63,0,4,13,0,17,32,21,27,0,80,0,0,0,80
07/05/2023,CAE,SC,ASO,ES,Combined TRACON& Tower with Radar,46,38,30,8,122,0,0,20,0,20,46,38,50,8,142,12,2,14,156
07/06/2023,CAE,SC,ASO,ES,Combined TRACON& Tower with Radar,47,54,37,7,145,0,0,6,0,6,47,54,43,7,151,8,0,8,159
07/07/2023,CAE,SC,ASO,ES,Combined TRACON& Tower with Radar,42,41,34,0,117,0,0,16,0,16,42,41,50,0,133,20,0,20,153
07/08/2023,CAE,SC,ASO,ES,Combined TRACON& Tower with Radar,36,28,18,3,85,0,1,20,0,21,36,29,38,3,106,10,0,10,116
07/09/2023,CAE,SC,ASO,ES,Combined TRACON& Tower with Radar,32,27,23,0,82,0,0,14,0,14,32,27,37,0,96,6,0,6,102
07/10/2023,CAE,SC,ASO,ES,Combined TRACON& Tower with Radar,45,39,31,10,125,0,0,6,0,6,45,39,37,10,131,0,16,16,147
07/11/2023,CAE,SC,ASO,ES,Combined TRACON& Tower with Radar,52,42,52,0,146,0,4,17,0,21,52,46,69,0,167,8,0,8,175
07/12/2023,CAE,SC,ASO,ES,Combined TRACON& Tower with Radar,54,52,49,22,177,0,2,27,0,29,54,54,76,22,206,28,8,36,242
07/13/2023,CAE,SC,ASO,ES,Combined TRACON& Tower with Radar,48,43,38,14,143,0,4,14,2,20,48,47,52,16,163,4,10,14,177
07/14/2023,CAE,SC,ASO,ES,Combined TRACON& Tower with Radar,49,49,32,15,145,0,0,28,0,28,49,49,60,15,173,28,4,32,205
07/15/2023,CAE,SC,ASO,ES,Combined TRACON& Tower with Radar,35,39,27,12,113,0,0,10,0,10,35,39,37,12,123,10,0,10,133
07/16/2023,CAE,SC,ASO,ES,Combined TRACON& Tower with Radar,36,29,16,7,88,0,0,15,0,15,36,29,31,7,103,14,12,26,129
07/17/2023,CAE,SC,ASO,ES,Combined TRACON& Tower with Radar,42,38,45,0,125,0,0,20,0,20,42,38,65,0,145,22,0,22,167
07/18/2023,CAE,SC,ASO,ES,Combined TRACON& Tower with Radar,52,51,41,0,144,0,0,20,0,20,52,51,61,0,164,22,0,22,186
07/19/2023,CAE,SC,ASO,ES,Combined TRACON& Tower with Radar,52,52,49,12,165,0,0,23,0,23,52,52,72,12,188,27,0,27,215
07/20/2023,CAE,SC,ASO,ES,Combined TRACON& Tower with Radar,48,51,30,4,133,0,0,18,0,18,48,51,48,4,151,0,0,0,151
07/21/2023,CAE,SC,ASO,ES,Combined TRACON& Tower with Radar,55,44,34,6,139,0,2,26,2,30,55,46,60,8,169,46,0,46,215
07/22/2023,CAE,SC,ASO,ES,Combined TRACON& Tower with Radar,36,34,21,0,91,0,0,12,0,12,36,34,33,0,103,0,0,0,103
07/23/2023,CAE,SC,ASO,ES,Combined TRACON& Tower with Radar,41,28,21,1,91,0,0,12,1,13,41,28,33,2,104,8,0,8,112
07/24/2023,CAE,SC,ASO,ES,Combined TRACON& Tower with Radar,52,36,33,16,137,0,0,21,0,21,52,36,54,16,158,24,10,34,192
07/25/2023,CAE,SC,ASO,ES,Combined TRACON& Tower with Radar,50,40,35,6,131,0,2,26,2,30,50,42,61,8,161,8,6,14,175
07/26/2023,CAE,SC,ASO,ES,Combined TRACON& Tower with Radar,52,46,42,0,140,0,3,35,0,38,52,49,77,0,178,18,0,18,196
07/27/2023,CAE,SC,ASO,ES,Combined TRACON& Tower with Radar,47,45,33,2,127,0,0,33,0,33,47,45,66,2,160,16,0,16,176
07/28/2023,CAE,SC,ASO,ES,Combined TRACON& Tower with Radar,47,44,30,8,129,0,0,21,1,22,47,44,51,9,151,20,8,28,179
07/29/2023,CAE,SC,ASO,ES,Combined TRACON& Tower with Radar,44,31,21,0,96,0,0,10,0,10,44,31,31,0,106,0,0,0,106
07/30/2023,CAE,SC,ASO,ES,Combined TRACON& Tower with Radar,36,22,20,2,80,0,0,20,0,20,36,22,40,2,100,30,0,30,130
07/31/2023,CAE,SC,ASO,ES,Combined TRACON& Tower with Radar,50,40,19,6,115,0,0,22,0,22,50,40,41,6,137,86,0,86,223
08/01/2023,CAE,SC,ASO,ES,Combined TRACON& Tower with Radar,49,52,30,2,133,0,0,27,0,27,49,52,57,2,160,80,0,80,240
08/02/2023,CAE,SC,ASO,ES,Combined TRACON& Tower with Radar,48,49,44,8,149,0,0,30,0,30,48,49,74,8,179,78,8,86,265
08/03/2023,CAE,SC,ASO,ES,Combined TRACON& Tower with Radar,56,44,44,4,148,0,2,10,0,12,56,46,54,4,160,24,4,28,188
08/04/2023,CAE,SC,ASO,ES,Combined TRACON& Tower with Radar,47,47,39,5,138,0,0,11,1,12,47,47,50,6,150,16,8,24,174
08/05/2023,CAE,SC,ASO,ES,Combined TRACON& Tower with Radar,32,32,29,2,95,0,0,34,0,34,32,32,63,2,129,50,8,58,187
08/06/2023,CAE,SC,ASO,ES,Combined TRACON& Tower with Radar,38,24,19,1,82,0,0,16,0,16,38,24,35,1,98,28,0,28,126
08/07/2023,CAE,SC,ASO,ES,Combined TRACON& Tower with Radar,39,37,47,10,133,0,7,16,0,23,39,44,63,10,156,14,2,16,172
08/08/2023,CAE,SC,ASO,ES,Combined TRACON& Tower with Radar,53,43,22,4,122,0,0,20,1,21,53,43,42,5,143,22,12,34,177
08/09/2023,CAE,SC,ASO,ES,Combined TRACON& Tower with Radar,49,45,37,0,131,0,4,26,0,30,49,49,63,0,161,38,0,38,199
08/10/2023,CAE,SC,ASO,ES,Combined TRACON& Tower with Radar,49,50,39,8,146,0,0,15,2,17,49,50,54,10,163,4,0,4,167
08/11/2023,CAE,SC,ASO,ES,Combined TRACON& Tower with Radar,51,52,44,1,148,0,2,19,0,21,51,54,63,1,169,8,0,8,177
08/12/2023,CAE,SC,ASO,ES,Combined TRACON& Tower with Radar,45,35,21,1,102,0,3,24,0,27,45,38,45,1,129,0,0,0,129
08/13/2023,CAE,SC,ASO,ES,Combined TRACON& Tower with Radar,39,24,13,1,77,0,0,7,2,9,39,24,20,3,86,28,0,28,114
08/14/2023,CAE,SC,ASO,ES,Combined TRACON& Tower with Radar,48,46,22,18,134,0,1,29,0,30,48,47,51,18,164,4,0,4,168
08/15/2023,CAE,SC,ASO,ES,Combined TRACON& Tower with Radar,45,54,33,2,134,0,2,13,0,15,45,56,46,2,149,16,0,16,165
08/16/2023,CAE,SC,ASO,ES,Combined TRACON& Tower with Radar,45,59,43,11,158,0,0,26,1,27,45,59,69,12,185,0,6,6,191
08/17/2023,CAE,SC,ASO,ES,Combined TRACON& Tower with Radar,43,59,47,6,155,0,0,19,2,21,43,59,66,8,176,12,0,12,188
08/18/2023,CAE,SC,ASO,ES,Combined TRACON& Tower with Radar,48,47,26,11,132,0,2,28,0,30,48,49,54,11,162,16,10,26,188
08/19/2023,CAE,SC,ASO,ES,Combined TRACON& Tower with Radar,29,38,25,1,93,0,3,21,0,24,29,41,46,1,117,0,0,0,117
08/20/2023,CAE,SC,ASO,ES,Combined TRACON& Tower with Radar,35,34,22,1,92,0,0,26,0,26,35,34,48,1,118,14,0,14,132
08/21/2023,CAE,SC,ASO,ES,Combined TRACON& Tower with Radar,41,46,38,5,130,0,5,31,0,36,41,51,69,5,166,54,0,54,220
08/22/2023,CAE,SC,ASO,ES,Combined TRACON& Tower with Radar,45,49,30,17,141,0,3,23,0,26,45,52,53,17,167,28,6,34,201
08/23/2023,CAE,SC,ASO,ES,Combined TRACON& Tower with Radar,48,74,48,4,174,0,2,17,0,19,48,76,65,4,193,38,8,46,239
08/24/2023,CAE,SC,ASO,ES,Combined TRACON& Tower with Radar,47,56,34,12,149,0,0,27,0,27,47,56,61,12,176,8,0,8,184
08/25/2023,CAE,SC,ASO,ES,Combined TRACON& Tower with Radar,47,46,44,4,141,0,3,18,3,24,47,49,62,7,165,48,0,48,213
08/26/2023,CAE,SC,ASO,ES,Combined TRACON& Tower with Radar,31,32,11,0,74,0,2,25,0,27,31,34,36,0,101,4,0,4,105
08/27/2023,CAE,SC,ASO,ES,Combined TRACON& Tower with Radar,36,25,11,4,76,0,0,11,0,11,36,25,22,4,87,10,0,10,97
08/28/2023,CAE,SC,ASO,ES,Combined TRACON& Tower with Radar,50,46,47,3,146,0,2,29,1,32,50,48,76,4,178,42,0,42,220
08/29/2023,CAE,SC,ASO,ES,Combined TRACON& Tower with Radar,47,52,29,8,136,0,2,2,0,4,47,54,31,8,140,0,0,0,140
08/30/2023,CAE,SC,ASO,ES,Combined TRACON& Tower with Radar,42,35,17,2,96,0,0,0,0,0,42,35,17,2,96,0,0,0,96
08/31/2023,CAE,SC,ASO,ES,Combined TRACON& Tower with Radar,51,62,37,2,152,0,2,18,3,23,51,64,55,5,175,24,16,40,215
01/01/2020,CAE,SC,ASO,ES,Combined TRACON& Tower with Radar,23,33,10,0,66,0,0,7,0,7,23,33,17,0,73,0,0,0,73
01/02/2020,CAE,SC,ASO,ES,Combined TRACON& Tower with Radar,40,64,29,7,140,0,0,13,1,14,40,64,42,8,154,6,15,21,175
01/03/2020,CAE,SC,ASO,ES,Combined TRACON& Tower with Radar,50,48,20,2,120,0,0,4,0,4,50,48,24,2,124,0,0,0,124
01/04/2020,CAE,SC,ASO,ES,Combined TRACON& Tower with Radar,31,40,14,0,85,0,0,5,0,5,31,40,19,0,90,0,0,0,90
01/05/2020,CAE,SC,ASO,ES,Combined TRACON& Tower with Radar,32,37,27,2,98,0,0,25,0,25,32,37,52,2,123,4,0,4,127
01/06/2020,CAE,SC,ASO,ES,Combined TRACON& Tower with Radar,47,45,16,18,126,0,0,33,0,33,47,45,49,18,159,14,16,30,189
01/07/2020,CAE,SC,ASO,ES,Combined TRACON& Tower with Radar,55,53,31,2,141,0,0,3,0,3,55,53,34,2,144,0,0,0,144
01/08/2020,CAE,SC,ASO,ES,Combined TRACON& Tower with Radar,51,54,38,13,156,0,0,26,5,31,51,54,64,18,187,0,67,67,254
01/09/2020,CAE,SC,ASO,ES,Combined TRACON& Tower with Radar,56,64,28,17,165,0,0,28,2,30,56,64,56,19,195,0,12,12,207
01/10/2020,CAE,SC,ASO,ES,Combined TRACON& Tower with Radar,44,58,20,2,124,0,0,12,0,12,44,58,32,2,136,10,0,10,146
01/11/2020,CAE,SC,ASO,ES,Combined TRACON& Tower with Radar,38,24,13,2,77,0,0,0,0,0,38,24,13,2,77,0,0,0,77
01/12/2020,CAE,SC,ASO,ES,Combined TRACON& Tower with Radar,38,37,28,0,103,0,0,0,0,0,38,37,28,0,103,0,0,0,103
01/13/2020,CAE,SC,ASO,ES,Combined TRACON& Tower with Radar,45,49,24,0,118,0,0,0,0,0,45,49,24,0,118,0,0,0,118
01/14/2020,CAE,SC,ASO,ES,Combined TRACON& Tower with Radar,55,56,37,20,168,0,0,0,0,0,55,56,37,20,168,0,28,28,196
01/15/2020,CAE,SC,ASO,ES,Combined TRACON& Tower with Radar,53,62,47,18,180,0,3,10,2,15,53,65,57,20,195,6,28,34,229
01/16/2020,CAE,SC,ASO,ES,Combined TRACON& Tower with Radar,53,61,48,0,162,0,4,21,0,25,53,65,69,0,187,8,0,8,195
01/17/2020,CAE,SC,ASO,ES,Combined TRACON& Tower with Radar,51,58,28,6,143,0,0,22,0,22,51,58,50,6,165,0,10,10,175
01/18/2020,CAE,SC,ASO,ES,Combined TRACON& Tower with Radar,30,30,10,0,70,0,0,8,0,8,30,30,18,0,78,0,0,0,78
01/19/2020,CAE,SC,ASO,ES,Combined TRACON& Tower with Radar,35,25,22,4,86,0,0,13,0,13,35,25,35,4,99,0,0,0,99
01/20/2020,CAE,SC,ASO,ES,Combined TRACON& Tower with Radar,43,49,43,4,139,0,1,21,1,23,43,50,64,5,162,8,0,8,170
01/21/2020,CAE,SC,ASO,ES,Combined TRACON& Tower with Radar,56,64,34,0,154,0,2,17,4,23,56,66,51,4,177,2,0,2,179
01/22/2020,CAE,SC,ASO,ES,Combined TRACON& Tower with Radar,54,58,39,12,163,0,0,26,4,30,54,58,65,16,193,12,18,30,223
01/23/2020,CAE,SC,ASO,ES,Combined TRACON& Tower with Radar,55,57,46,4,162,0,0,18,0,18,55,57,64,4,180,0,0,0,180
01/24/2020,CAE,SC,ASO,ES,Combined TRACON& Tower with Radar,50,57,23,2,132,0,0,0,0,0,50,57,23,2,132,0,0,0,132
01/25/2020,CAE,SC,ASO,ES,Combined TRACON& Tower with Radar,36,29,18,2,85,0,0,23,0,23,36,29,41,2,108,12,26,38,146
01/26/2020,CAE,SC,ASO,ES,Combined TRACON& Tower with Radar,39,33,22,2,96,0,0,38,0,38,39,33,60,2,134,0,0,0,134
01/27/2020,CAE,SC,ASO,ES,Combined TRACON& Tower with Radar,44,48,26,30,148,0,0,7,0,7,44,48,33,30,155,22,52,74,229
01/28/2020,CAE,SC,ASO,ES,Combined TRACON& Tower with Radar,52,54,42,10,158,0,2,36,2,40,52,56,78,12,198,4,12,16,214
01/29/2020,CAE,SC,ASO,ES,Combined TRACON& Tower with Radar,52,57,55,0,164,0,0,24,0,24,52,57,79,0,188,6,0,6,194
01/30/2020,CAE,SC,ASO,ES,Combined TRACON& Tower with Radar,50,74,46,21,191,0,3,19,2,24,50,77,65,23,215,4,14,18,233
01/31/2020,CAE,SC,ASO,ES,Combined TRACON& Tower with Radar,48,55,19,6,128,0,0,1,0,1,48,55,20,6,129,0,0,0,129
02/01/2020,CAE,SC,ASO,ES,Combined TRACON& Tower with Radar,35,30,32,2,99,0,0,0,0,0,35,30,32,2,99,0,0,0,99
02/02/2020,CAE,SC,ASO,ES,Combined TRACON& Tower with Radar,37,27,24,4,92,0,0,29,0,29,37,27,53,4,121,0,0,0,121
02/03/2020,CAE,SC,ASO,ES,Combined TRACON& Tower with Radar,45,55,33,2,135,0,0,34,0,34,45,55,67,2,169,4,0,4,173
02/04/2020,CAE,SC,ASO,ES,Combined TRACON& Tower with Radar,52,58,37,6,153,0,0,28,0,28,52,58,65,6,181,30,0,30,211
02/05/2020,CAE,SC,ASO,ES,Combined TRACON& Tower with Radar,51,65,44,13,173,0,0,12,4,16,51,65,56,17,189,12,0,12,201
02/06/2020,CAE,SC,ASO,ES,Combined TRACON& Tower with Radar,46,49,15,0,110,0,0,0,0,0,46,49,15,0,110,0,0,0,110
02/07/2020,CAE,SC,ASO,ES,Combined TRACON& Tower with Radar,46,53,25,29,153,0,0,1,0,1,46,53,26,29,154,0,14,14,168
02/08/2020,CAE,SC,ASO,ES,Combined TRACON& Tower with Radar,30,28,13,10,81,0,0,32,0,32,30,28,45,10,113,26,10,36,149
02/09/2020,CAE,SC,ASO,ES,Combined TRACON& Tower with Radar,37,34,29,0,100,0,0,23,1,24,37,34,52,1,124,2,0,2,126
02/10/2020,CAE,SC,ASO,ES,Combined TRACON& Tower with Radar,45,51,30,0,126,0,0,18,1,19,45,51,48,1,145,0,0,0,145
02/11/2020,CAE,SC,ASO,ES,Combined TRACON& Tower with Radar,55,54,35,6,150,0,0,4,2,6,55,54,39,8,156,0,0,0,156
02/12/2020,CAE,SC,ASO,ES,Combined TRACON& Tower with Radar,55,49,40,12,156,0,0,12,1,13,55,49,52,13,169,0,10,10,179
02/13/2020,CAE,SC,ASO,ES,Combined TRACON& Tower with Radar,62,58,22,3,145,0,0,6,0,6,62,58,28,3,151,0,0,0,151
02/14/2020,CAE,SC,ASO,ES,Combined TRACON& Tower with Radar,55,50,28,6,139,0,2,27,3,32,55,52,55,9,171,8,18,26,197
02/15/2020,CAE,SC,ASO,ES,Combined TRACON& Tower with Radar,34,34,29,0,97,0,2,27,0,29,34,36,56,0,126,0,0,0,126
02/16/2020,CAE,SC,ASO,ES,Combined TRACON& Tower with Radar,34,32,11,0,77,0,0,1,0,1,34,32,12,0,78,0,0,0,78
02/17/2020,CAE,SC,ASO,ES,Combined TRACON& Tower with Radar,49,51,46,0,146,0,0,21,0,21,49,51,67,0,167,0,0,0,167
02/18/2020,CAE,SC,ASO,ES,Combined TRACON& Tower with Radar,54,55,37,0,146,0,0,0,0,0,54,55,37,0,146,0,0,0,146
02/19/2020,CAE,SC,ASO,ES,Combined TRACON& Tower with Radar,55,56,39,0,150,0,0,0,0,0,55,56,39,0,150,0,0,0,150
02/20/2020,CAE,SC,ASO,ES,Combined TRACON& Tower with Radar,61,52,32,0,145,0,0,4,0,4,61,52,36,0,149,0,0,0,149
02/21/2020,CAE,SC,ASO,ES,Combined TRACON& Tower with Radar,55,48,25,24,152,0,1,21,2,24,55,49,46,26,176,0,64,64,240
02/22/2020,CAE,SC,ASO,ES,Combined TRACON& Tower with Radar,34,29,23,6,92,0,0,11,0,11,34,29,34,6,103,18,16,34,137
02/23/2020,CAE,SC,ASO,ES,Combined TRACON& Tower with Radar,45,29,22,0,96,0,2,25,0,27,45,31,47,0,123,8,0,8,131
02/24/2020,CAE,SC,ASO,ES,Combined TRACON& Tower with Radar,50,53,21,6,130,0,0,4,0,4,50,53,25,6,134,4,8,12,146
02/25/2020,CAE,SC,ASO,ES,Combined TRACON& Tower with Radar,54,54,35,16,159,0,0,0,0,0,54,54,35,16,159,0,0,0,159
02/26/2020,CAE,SC,ASO,ES,Combined TRACON& Tower with Radar,57,62,34,6,159,0,2,1,0,3,57,64,35,6,162,0,14,14,176
02/27/2020,CAE,SC,ASO,ES,Combined TRACON& Tower with Radar,56,56,41,9,162,0,0,23,3,26,56,56,64,12,188,0,12,12,200
02/28/2020,CAE,SC,ASO,ES,Combined TRACON& Tower with Radar,56,52,30,36,174,0,0,26,8,34,56,52,56,44,208,24,44,68,276
02/29/2020,CAE,SC,ASO,ES,Combined TRACON& Tower with Radar,37,31,26,0,94,0,2,35,0,37,37,33,61,0,131,0,0,0,131
03/01/2020,CAE,SC,ASO,ES,Combined TRACON& Tower with Radar,43,33,25,1,102,0,4,44,0,48,43,37,69,1,150,12,0,12,162
03/02/2020,CAE,SC,ASO,ES,Combined TRACON& Tower with Radar,48,49,26,10,133,0,0,9,1,10,48,49,35,11,143,0,8,8,151
03/03/2020,CAE,SC,ASO,ES,Combined TRACON& Tower with Radar,54,59,20,0,133,0,0,1,0,1,54,59,21,0,134,0,0,0,134
03/04/2020,CAE,SC,ASO,ES,Combined TRACON& Tower with Radar,55,57,32,0,144,0,0,4,0,4,55,57,36,0,148,0,0,0,148
03/05/2020,CAE,SC,ASO,ES,Combined TRACON& Tower with Radar,59,51,30,1,141,0,0,2,0,2,59,51,32,1,143,0,0,0,143
03/06/2020,CAE,SC,ASO,ES,Combined TRACON& Tower with Radar,53,49,20,21,143,0,1,11,0,12,53,50,31,21,155,0,0,0,155
03/07/2020,CAE,SC,ASO,ES,Combined TRACON& Tower with Radar,34,32,21,1,88,0,1,31,0,32,34,33,52,1,120,8,0,8,128
03/08/2020,CAE,SC,ASO,ES,Combined TRACON& Tower with Radar,39,30,28,10,107,0,0,16,2,18,39,30,44,12,125,14,0,14,139
03/09/2020,CAE,SC,ASO,ES,Combined TRACON& Tower with Radar,49,43,39,13,144,0,0,20,0,20,49,43,59,13,164,0,2,2,166
03/10/2020,CAE,SC,ASO,ES,Combined TRACON& Tower with Radar,57,47,25,22,151,0,0,9,2,11,57,47,34,24,162,2,16,18,180
03/11/2020,CAE,SC,ASO,ES,Combined TRACON& Tower with Radar,56,48,31,44,179,0,0,15,0,15,56,48,46,44,194,0,46,46,240
03/12/2020,CAE,SC,ASO,ES,Combined TRACON& Tower with Radar,57,49,40,12,158,0,0,14,0,14,57,49,54,12,172,0,16,16,188
03/13/2020,CAE,SC,ASO,ES,Combined TRACON& Tower with Radar,50,46,32,12,140,0,0,16,5,21,50,46,48,17,161,0,0,0,161
03/14/2020,CAE,SC,ASO,ES,Combined TRACON& Tower with Radar,36,29,24,2,91,0,0,18,2,20,36,29,42,4,111,0,0,0,111
03/15/2020,CAE,SC,ASO,ES,Combined TRACON& Tower with Radar,42,26,23,0,91,0,0,16,0,16,42,26,39,0,107,0,0,0,107
03/16/2020,CAE,SC,ASO,ES,Combined TRACON& Tower with Radar,48,41,12,0,101,0,0,6,0,6,48,41,18,0,107,0,0,0,107
03/17/2020,CAE,SC,ASO,ES,Combined TRACON& Tower with Radar,54,54,21,2,131,0,0,2,0,2,54,54,23,2,133,6,0,6,139
03/18/2020,CAE,SC,ASO,ES,Combined TRACON& Tower with Radar,57,45,32,6,140,0,0,7,2,9,57,45,39,8,149,0,0,0,149
03/19/2020,CAE,SC,ASO,ES,Combined TRACON& Tower with Radar,54,48,21,19,142,0,0,13,2,15,54,48,34,21,157,0,26,26,183
03/20/2020,CAE,SC,ASO,ES,Combined TRACON& Tower with Radar,47,49,19,10,125,0,0,7,0,7,47,49,26,10,132,0,14,14,146
03/21/2020,CAE,SC,ASO,ES,Combined TRACON& Tower with Radar,33,22,12,2,69,0,0,23,0,23,33,22,35,2,92,30,0,30,122
03/22/2020,CAE,SC,ASO,ES,Combined TRACON& Tower with Radar,34,22,8,0,64,0,0,3,0,3,34,22,11,0,67,0,0,0,67
03/23/2020,CAE,SC,ASO,ES,Combined TRACON& Tower with Radar,41,33,6,10,90,0,0,0,0,0,41,33,6,10,90,0,0,0,90
03/24/2020,CAE,SC,ASO,ES,Combined TRACON& Tower with Radar,39,39,12,14,104,0,0,0,0,0,39,39,12,14,104,0,0,0,104
03/25/2020,CAE,SC,ASO,ES,Combined TRACON& Tower with Radar,27,41,12,0,80,0,0,14,2,16,27,41,26,2,96,0,0,0,96
03/26/2020,CAE,SC,ASO,ES,Combined TRACON& Tower with Radar,30,31,24,6,91,0,0,21,0,21,30,31,45,6,112,6,18,24,136
03/27/2020,CAE,SC,ASO,ES,Combined TRACON& Tower with Radar,25,36,13,12,86,0,0,10,0,10,25,36,23,12,96,0,20,20,116
03/28/2020,CAE,SC,ASO,ES,Combined TRACON& Tower with Radar,18,18,7,0,43,0,0,17,1,18,18,18,24,1,61,0,0,0,61
03/29/2020,CAE,SC,ASO,ES,Combined TRACON& Tower with Radar,18,17,8,0,43,0,0,6,0,6,18,17,14,0,49,0,0,0,49
03/30/2020,CAE,SC,ASO,ES,Combined TRACON& Tower with Radar,26,37,14,16,93,0,1,23,0,24,26,38,37,16,117,50,0,50,167
03/31/2020,CAE,SC,ASO,ES,Combined TRACON& Tower with Radar,28,39,7,2,76,0,0,3,0,3,28,39,10,2,79,7,0,7,86
04/01/2020,CAE,SC,ASO,ES,Combined TRACON& Tower with Radar,33,35,13,2,83,0,0,11,0,11,33,35,24,2,94,34,0,34,128
04/02/2020,CAE,SC,ASO,ES,Combined TRACON& Tower with Radar,32,31,12,0,75,0,0,17,0,17,32,31,29,0,92,16,0,16,108
04/03/2020,CAE,SC,ASO,ES,Combined TRACON& Tower with Radar,24,37,13,8,82,0,0,29,0,29,24,37,42,8,111,4,0,4,115
04/04/2020,CAE,SC,ASO,ES,Combined TRACON& Tower with Radar,19,11,17,0,47,0,0,23,0,23,19,11,40,0,70,16,0,16,86
04/05/2020,CAE,SC,ASO,ES,Combined TRACON& Tower with Radar,20,12,8,4,44,0,1,20,0,21,20,13,28,4,65,32,14,46,111
04/06/2020,CAE,SC,ASO,ES,Combined TRACON& Tower with Radar,29,27,21,8,85,0,0,7,0,7,29,27,28,8,92,40,0,40,132
04/07/2020,CAE,SC,ASO,ES,Combined TRACON& Tower with Radar,30,37,12,6,85,0,0,12,0,12,30,37,24,6,97,18,0,18,115
04/08/2020,CAE,SC,ASO,ES,Combined TRACON& Tower with Radar,31,33,11,19,94,0,0,15,0,15,31,33,26,19,109,20,0,20,129
04/09/2020,CAE,SC,ASO,ES,Combined TRACON& Tower with Radar,29,38,5,1,73,0,1,4,0,5,29,39,9,1,78,0,0,0,78
04/10/2020,CAE,SC,ASO,ES,Combined TRACON& Tower with Radar,24,32,16,16,88,0,0,17,0,17,24,32,33,16,105,10,0,10,115
04/11/2020,CAE,SC,ASO,ES,Combined TRACON& Tower with Radar,19,12,15,0,46,0,0,25,0,25,19,12,40,0,71,18,0,18,89
04/12/2020,CAE,SC,ASO,ES,Combined TRACON& Tower with Radar,20,7,2,0,29,0,0,0,0,0,20,7,2,0,29,0,0,0,29
04/13/2020,CAE,SC,ASO,ES,Combined TRACON& Tower with Radar,18,29,4,0,51,0,0,2,6,8,18,29,6,6,59,0,0,0,59
04/14/2020,CAE,SC,ASO,ES,Combined TRACON& Tower with Radar,30,34,15,22,101,0,1,17,8,26,30,35,32,30,127,8,2,10,137
04/15/2020,CAE,SC,ASO,ES,Combined TRACON& Tower with Radar,26,32,8,8,74,0,0,9,4,13,26,32,17,12,87,38,8,46,133
04/16/2020,CAE,SC,ASO,ES,Combined TRACON& Tower with Radar,25,30,22,14,91,0,0,21,0,21,25,30,43,14,112,10,10,20,132
04/17/2020,CAE,SC,ASO,ES,Combined TRACON& Tower with Radar,23,33,10,23,89,0,0,15,0,15,23,33,25,23,104,0,24,24,128
04/18/2020,CAE,SC,ASO,ES,Combined TRACON& Tower with Radar,15,15,5,10,45,0,0,11,0,11,15,15,16,10,56,0,34,34,90
04/19/2020,CAE,SC,ASO,ES,Combined TRACON& Tower with Radar,15,11,8,8,42,0,0,2,0,2,15,11,10,8,44,2,16,18,62
04/20/2020,CAE,SC,ASO,ES,Combined TRACON& Tower with Radar,19,23,12,2,56,0,0,5,0,5,19,23,17,2,61,0,0,0,61
04/21/2020,CAE,SC,ASO,ES,Combined TRACON& Tower with Radar,25,32,12,20,89,0,0,12,0,12,25,32,24,20,101,12,6,18,119
04/22/2020,CAE,SC,ASO,ES,Combined TRACON& Tower with Radar,24,31,16,1,72,0,0,33,0,33,24,31,49,1,105,34,0,34,139
04/23/2020,CAE,SC,ASO,ES,Combined TRACON& Tower with Radar,26,32,7,2,67,0,0,1,0,1,26,32,8,2,68,0,0,0,68
04/24/2020,CAE,SC,ASO,ES,Combined TRACON& Tower with Radar,24,33,12,35,104,0,0,8,2,10,24,33,20,37,114,0,24,24,138
04/25/2020,CAE,SC,ASO,ES,Combined TRACON& Tower with Radar,14,13,10,6,43,0,0,33,0,33,14,13,43,6,76,14,0,14,90
04/26/2020,CAE,SC,ASO,ES,Combined TRACON& Tower with Radar,9,8,3,5,25,0,0,9,0,9,9,8,12,5,34,0,0,0,34
04/27/2020,CAE,SC,ASO,ES,Combined TRACON& Tower with Radar,16,23,19,4,62,0,0,28,1,29,16,23,47,5,91,10,0,10,101
04/28/2020,CAE,SC,ASO,ES,Combined TRACON& Tower with Radar,19,29,7,22,77,0,0,22,0,22,19,29,29,22,99,0,12,12,111
04/29/2020,CAE,SC,ASO,ES,Combined TRACON& Tower with Radar,19,34,11,2,66,0,2,7,0,9,19,36,18,2,75,0,0,0,75
04/30/2020,CAE,SC,ASO,ES,Combined TRACON& Tower with Radar,27,31,12,27,97,0,0,9,0,9,27,31,21,27,106,28,44,72,178
05/01/2020,CAE,SC,ASO,ES,Combined TRACON& Tower with Radar,28,33,20,4,85,0,0,37,0,37,28,33,57,4,122,2,0,2,124
05/02/2020,CAE,SC,ASO,ES,Combined TRACON& Tower with Radar,9,13,14,2,38,0,0,21,0,21,9,13,35,2,59,4,0,4,63
05/03/2020,CAE,SC,ASO,ES,Combined TRACON& Tower with Radar,13,8,10,0,31,0,0,26,0,26,13,8,36,0,57,0,0,0,57
05/04/2020,CAE,SC,ASO,ES,Combined TRACON& Tower with Radar,17,27,11,2,57,0,1,17,0,18,17,28,28,2,75,14,0,14,89
05/05/2020,CAE,SC,ASO,ES,Combined TRACON& Tower with Radar,33,31,22,4,90,0,0,12,0,12,33,31,34,4,102,8,0,8,110
05/06/2020,CAE,SC,ASO,ES,Combined TRACON& Tower with Radar,21,33,17,8,79,0,0,9,6,15,21,33,26,14,94,0,0,0,94
05/07/2020,CAE,SC,ASO,ES,Combined TRACON& Tower with Radar,25,22,19,40,106,0,4,21,0,25,25,26,40,40,131,8,16,24,155
05/08/2020,CAE,SC,ASO,ES,Combined TRACON& Tower with Radar,31,28,12,25,96,0,1,13,2,16,31,29,25,27,112,6,38,44,156
05/09/2020,CAE,SC,ASO,ES,Combined TRACON& Tower with Radar,16,9,17,6,48,0,0,22,0,22,16,9,39,6,70,0,22,22,92
05/10/2020,CAE,SC,ASO,ES,Combined TRACON& Tower with Radar,15,5,10,2,32,0,0,19,0,19,15,5,29,2,51,14,0,14,65
05/11/2020,CAE,SC,ASO,ES,Combined TRACON& Tower with Radar,25,23,11,4,63,0,0,18,0,18,25,23,29,4,81,16,0,16,97
05/12/2020,CAE,SC,ASO,ES,Combined TRACON& Tower with Radar,28,33,22,0,83,0,0,21,0,21,28,33,43,0,104,14,0,14,118
05/13/2020,CAE,SC,ASO,ES,Combined TRACON& Tower with Radar,26,29,26,2,83,0,0,22,1,23,26,29,48,3,106,0,0,0,106
05/14/2020,CAE,SC,ASO,ES,Combined TRACON& Tower with Radar,28,29,27,9,93,0,0,26,3,29,28,29,53,12,122,0,0,0,122
05/15/2020,CAE,SC,ASO,ES,Combined TRACON& Tower with Radar,23,30,15,10,78,0,0,23,0,23,23,30,38,10,101,12,4,16,117
05/16/2020,CAE,SC,ASO,ES,Combined TRACON& Tower with Radar,16,7,11,0,34,0,0,38,0,38,16,7,49,0,72,14,14,28,100
05/17/2020,CAE,SC,ASO,ES,Combined TRACON& Tower with Radar,14,4,13,0,31,0,0,19,0,19,14,4,32,0,50,18,0,18,68
05/18/2020,CAE,SC,ASO,ES,Combined TRACON& Tower with Radar,27,27,21,9,84,0,0,6,2,8,27,27,27,11,92,0,18,18,110
05/19/2020,CAE,SC,ASO,ES,Combined TRACON& Tower with Radar,26,33,17,6,82,0,0,3,0,3,26,33,20,6,85,6,0,6,91
05/20/2020,CAE,SC,ASO,ES,Combined TRACON& Tower with Radar,24,30,17,6,77,0,0,4,0,4,24,30,21,6,81,30,0,30,111
05/21/2020,CAE,SC,ASO,ES,Combined TRACON& Tower with Radar,24,31,31,4,90,0,0,16,1,17,24,31,47,5,107,88,0,88,195
05/22/2020,CAE,SC,ASO,ES,Combined TRACON& Tower with Radar,22,29,30,0,81,0,1,14,0,15,22,30,44,0,96,72,0,72,168
05/23/2020,CAE,SC,ASO,ES,Combined TRACON& Tower with Radar,16,7,16,0,39,0,0,13,0,13,16,7,29,0,52,34,0,34,86
05/24/2020,CAE,SC,ASO,ES,Combined TRACON& Tower with Radar,13,7,13,0,33,0,0,12,0,12,13,7,25,0,45,0,0,0,45
05/25/2020,CAE,SC,ASO,ES,Combined TRACON& Tower with Radar,15,8,9,2,34,0,0,3,0,3,15,8,12,2,37,12,0,12,49
05/26/2020,CAE,SC,ASO,ES,Combined TRACON& Tower with Radar,22,31,24,4,81,0,0,9,0,9,22,31,33,4,90,46,0,46,136
05/27/2020,CAE,SC,ASO,ES,Combined TRACON& Tower with Radar,24,35,10,2,71,0,0,1,0,1,24,35,11,2,72,56,0,56,128
05/28/2020,CAE,SC,ASO,ES,Combined TRACON& Tower with Radar,24,28,30,5,87,0,0,10,0,10,24,28,40,5,97,78,0,78,175
05/29/2020,CAE,SC,ASO,ES,Combined TRACON& Tower with Radar,22,23,24,3,72,0,0,7,0,7,22,23,31,3,79,26,0,26,105
05/30/2020,CAE,SC,ASO,ES,Combined TRACON& Tower with Radar,16,16,20,0,52,0,0,21,0,21,16,16,41,0,73,20,0,20,93
05/31/2020,CAE,SC,ASO,ES,Combined TRACON& Tower with Radar,15,4,13,6,38,0,0,26,0,26,15,4,39,6,64,10,0,10,74
06/01/2020,CAE,SC,ASO,ES,Combined TRACON& Tower with Radar,27,23,31,33,114,0,0,38,0,38,27,23,69,33,152,6,16,22,174
06/02/2020,CAE,SC,ASO,ES,Combined TRACON& Tower with Radar,26,28,26,5,85,0,0,35,3,38,26,28,61,8,123,6,4,10,133
06/03/2020,CAE,SC,ASO,ES,Combined TRACON& Tower with Radar,24,36,24,47,131,0,0,38,2,40,24,36,62,49,171,16,16,32,203
06/04/2020,CAE,SC,ASO,ES,Combined TRACON& Tower with Radar,28,33,23,27,111,0,0,24,2,26,28,33,47,29,137,0,0,0,137
06/05/2020,CAE,SC,ASO,ES,Combined TRACON& Tower with Radar,26,30,22,12,90,0,0,7,0,7,26,30,29,12,97,0,0,0,97
06/06/2020,CAE,SC,ASO,ES,Combined TRACON& Tower with Radar,18,15,12,0,45,0,0,14,0,14,18,15,26,0,59,0,0,0,59
06/07/2020,CAE,SC,ASO,ES,Combined TRACON& Tower with Radar,17,10,12,1,40,0,0,20,0,20,17,10,32,1,60,12,0,12,72
06/08/2020,CAE,SC,ASO,ES,Combined TRACON& Tower with Radar,27,24,24,18,93,0,0,8,0,8,27,24,32,18,101,6,34,40,141
06/09/2020,CAE,SC,ASO,ES,Combined TRACON& Tower with Radar,28,30,16,0,74,0,0,8,0,8,28,30,24,0,82,4,0,4,86
06/10/2020,CAE,SC,ASO,ES,Combined TRACON& Tower with Radar,26,32,21,2,81,0,0,16,2,18,26,32,37,4,99,4,2,6,105
06/11/2020,CAE,SC,ASO,ES,Combined TRACON& Tower with Radar,26,30,30,0,86,0,0,12,0,12,26,30,42,0,98,8,0,8,106
06/12/2020,CAE,SC,ASO,ES,Combined TRACON& Tower with Radar,24,34,18,20,96,0,1,24,4,29,24,35,42,24,125,6,26,32,157
06/13/2020,CAE,SC,ASO,ES,Combined TRACON& Tower with Radar,18,12,15,0,45,0,0,25,0,25,18,12,40,0,70,8,0,8,78
06/14/2020,CAE,SC,ASO,ES,Combined TRACON& Tower with Radar,16,7,15,0,38,0,0,16,0,16,16,7,31,0,54,12,0,12,66
06/15/2020,CAE,SC,ASO,ES,Combined TRACON& Tower with Radar,22,22,17,7,68,0,0,2,0,2,22,22,19,7,70,0,0,0,70
06/16/2020,CAE,SC,ASO,ES,Combined TRACON& Tower with Radar,26,30,22,0,78,0,0,1,0,1,26,30,23,0,79,0,0,0,79
06/17/2020,CAE,SC,ASO,ES,Combined TRACON& Tower with Radar,26,32,21,4,83,0,0,2,2,4,26,32,23,6,87,2,0,2,89
06/18/2020,CAE,SC,ASO,ES,Combined TRACON& Tower with Radar,28,34,27,35,124,0,0,17,4,21,28,34,44,39,145,42,40,82,227
06/19/2020,CAE,SC,ASO,ES,Combined TRACON& Tower with Radar,28,31,22,2,83,0,0,11,0,11,28,31,33,2,94,38,0,38,132
06/20/2020,CAE,SC,ASO,ES,Combined TRACON& Tower with Radar,20,18,12,2,52,0,0,24,0,24,20,18,36,2,76,0,0,0,76
06/21/2020,CAE,SC,ASO,ES,Combined TRACON& Tower with Radar,16,9,24,1,50,0,2,17,0,19,16,11,41,1,69,10,0,10,79
06/22/2020,CAE,SC,ASO,ES,Combined TRACON& Tower with Radar,28,26,23,7,84,0,0,26,1,27,28,26,49,8,111,0,0,0,111
06/23/2020,CAE,SC,ASO,ES,Combined TRACON& Tower with Radar,26,40,27,13,106,0,7,8,3,18,26,47,35,16,124,0,0,0,124
06/24/2020,CAE,SC,ASO,ES,Combined TRACON& Tower with Radar,28,27,18,10,83,0,1,13,3,17,28,28,31,13,100,4,0,4,104
06/25/2020,CAE,SC,ASO,ES,Combined TRACON& Tower with Radar,32,32,21,3,88,0,0,18,3,21,32,32,39,6,109,50,8,58,167
06/26/2020,CAE,SC,ASO,ES,Combined TRACON& Tower with Radar,24,29,38,26,117,0,0,18,2,20,24,29,56,28,137,8,28,36,173
06/27/2020,CAE,SC,ASO,ES,Combined TRACON& Tower with Radar,18,12,18,6,54,0,1,10,1,12,18,13,28,7,66,8,4,12,78
06/28/2020,CAE,SC,ASO,ES,Combined TRACON& Tower with Radar,18,11,12,4,45,0,0,15,0,15,18,11,27,4,60,0,12,12,72
06/29/2020,CAE,SC,ASO,ES,Combined TRACON& Tower with Radar,29,24,24,1,78,0,0,20,0,20,29,24,44,1,98,0,0,0,98
06/30/2020,CAE,SC,ASO,ES,Combined TRACON& Tower with Radar,26,25,34,3,88,0,0,20,1,21,26,25,54,4,109,4,10,14,123
07/01/2020,CAE,SC,ASO,ES,Combined TRACON& Tower with Radar,26,29,20,2,77,0,0,9,0,9,26,29,29,2,86,12,0,12,98
07/02/2020,CAE,SC,ASO,ES,Combined TRACON& Tower with Radar,39,26,34,1,100,0,1,19,3,23,39,27,53,4,123,0,0,0,123
07/03/2020,CAE,SC,ASO,ES,Combined TRACON& Tower with Radar,26,18,10,0,54,0,0,13,0,13,26,18,23,0,67,0,0,0,67
07/04/2020,CAE,SC,ASO,ES,Combined TRACON& Tower with Radar,21,14,12,0,47,0,0,16,2,18,21,14,28,2,65,0,0,0,65
07/05/2020,CAE,SC,ASO,ES,Combined TRACON& Tower with Radar,22,11,13,1,47,0,1,16,0,17,22,12,29,1,64,0,0,0,64
07/06/2020,CAE,SC,ASO,ES,Combined TRACON& Tower with Radar,28,29,19,8,84,0,0,7,0,7,28,29,26,8,91,0,11,11,102
07/07/2020,CAE,SC,ASO,ES,Combined TRACON& Tower with Radar,26,36,13,4,79,0,0,1,0,1,26,36,14,4,80,0,0,0,80
07/08/2020,CAE,SC,ASO,ES,Combined TRACON& Tower with Radar,28,35,23,14,100,0,0,7,0,7,28,35,30,14,107,8,0,8,115
07/09/2020,CAE,SC,ASO,ES,Combined TRACON& Tower with Radar,32,43,20,10,105,0,0,18,3,21,32,43,38,13,126,16,14,30,156
07/10/2020,CAE,SC,ASO,ES,Combined TRACON& Tower with Radar,30,33,19,22,104,0,0,26,0,26,30,33,45,22,130,10,16,26,156
07/11/2020,CAE,SC,ASO,ES,Combined TRACON& Tower with Radar,24,19,6,0,49,0,0,21,0,21,24,19,27,0,70,6,0,6,76
07/12/2020,CAE,SC,ASO,ES,Combined TRACON& Tower with Radar,24,17,9,0,50,0,0,25,0,25,24,17,34,0,75,14,0,14,89
07/13/2020,CAE,SC,ASO,ES,Combined TRACON& Tower with Radar,28,33,20,10,91,0,4,18,0,22,28,37,38,10,113,0,14,14,127
07/14/2020,CAE,SC,ASO,ES,Combined TRACON& Tower with Radar,28,37,40,10,115,0,0,24,1,25,28,37,64,11,140,14,10,24,164
07/15/2020,CAE,SC,ASO,ES,Combined TRACON& Tower with Radar,30,39,29,24,122,0,1,31,6,38,30,40,60,30,160,14,10,24,184
07/16/2020,CAE,SC,ASO,ES,Combined TRACON& Tower with Radar,35,37,35,8,115,0,0,21,0,21,35,37,56,8,136,18,0,18,154
07/17/2020,CAE,SC,ASO,ES,Combined TRACON& Tower with Radar,35,36,14,11,96,0,0,20,0,20,35,36,34,11,116,4,10,14,130
07/18/2020,CAE,SC,ASO,ES,Combined TRACON& Tower with Radar,28,18,10,0,56,0,0,11,0,11,28,18,21,0,67,0,0,0,67
07/19/2020,CAE,SC,ASO,ES,Combined TRACON& Tower with Radar,22,17,15,4,58,0,2,15,0,17,22,19,30,4,75,0,6,6,81
07/20/2020,CAE,SC,ASO,ES,Combined TRACON& Tower with Radar,39,29,16,12,96,0,0,17,0,17,39,29,33,12,113,6,8,14,127
07/21/2020,CAE,SC,ASO,ES,Combined TRACON& Tower with Radar,48,33,9,3,93,0,0,10,0,10,48,33,19,3,103,0,0,0,103
07/22/2020,CAE,SC,ASO,ES,Combined TRACON& Tower with Radar,29,36,20,32,117,0,2,15,12,29,29,38,35,44,146,10,44,54,200
07/23/2020,CAE,SC,ASO,ES,Combined TRACON& Tower with Radar,34,36,23,11,104,0,0,21,1,22,34,36,44,12,126,0,10,10,136
07/24/2020,CAE,SC,ASO,ES,Combined TRACON& Tower with Radar,40,35,28,6,109,0,0,25,2,27,40,35,53,8,136,4,0,4,140
07/25/2020,CAE,SC,ASO,ES,Combined TRACON& Tower with Radar,30,19,17,0,66,0,0,13,0,13,30,19,30,0,79,0,0,0,79
07/26/2020,CAE,SC,ASO,ES,Combined TRACON& Tower with Radar,25,16,23,0,64,0,0,12,0,12,25,16,35,0,76,0,0,0,76
07/27/2020,CAE,SC,ASO,ES,Combined TRACON& Tower with Radar,30,29,19,2,80,0,0,22,0,22,30,29,41,2,102,18,0,18,120
07/28/2020,CAE,SC,ASO,ES,Combined TRACON& Tower with Radar,32,34,21,6,93,0,0,23,0,23,32,34,44,6,116,8,12,20,136
07/29/2020,CAE,SC,ASO,ES,Combined TRACON& Tower with Radar,30,33,21,24,108,0,2,11,0,13,30,35,32,24,121,18,10,28,149
07/30/2020,CAE,SC,ASO,ES,Combined TRACON& Tower with Radar,34,35,23,10,102,0,1,9,1,11,34,36,32,11,113,14,0,14,127
07/31/2020,CAE,SC,ASO,ES,Combined TRACON& Tower with Radar,32,30,16,10,88,0,0,15,0,15,32,30,31,10,103,8,0,8,111
08/01/2020,CAE,SC,ASO,ES,Combined TRACON& Tower with Radar,28,21,38,0,87,0,0,18,0,18,28,21,56,0,105,16,0,16,121
08/02/2020,CAE,SC,ASO,ES,Combined TRACON& Tower with Radar,26,9,16,0,51,0,0,19,0,19,26,9,35,0,70,12,0,12,82
08/03/2020,CAE,SC,ASO,ES,Combined TRACON& Tower with Radar,40,26,8,0,74,0,0,3,0,3,40,26,11,0,77,0,0,0,77
08/04/2020,CAE,SC,ASO,ES,Combined TRACON& Tower with Radar,30,27,28,1,86,0,1,24,1,26,30,28,52,2,112,16,0,16,128
08/05/2020,CAE,SC,ASO,ES,Combined TRACON& Tower with Radar,30,37,33,14,114,0,1,19,4,24,30,38,52,18,138,28,36,64,202
08/06/2020,CAE,SC,ASO,ES,Combined TRACON& Tower with Radar,41,33,27,2,103,0,0,11,3,14,41,33,38,5,117,0,0,0,117
08/07/2020,CAE,SC,ASO,ES,Combined TRACON& Tower with Radar,36,35,19,2,92,0,0,9,0,9,36,35,28,2,101,12,0,12,113
08/08/2020,CAE,SC,ASO,ES,Combined TRACON& Tower with Radar,30,17,13,0,60,0,2,19,0,21,30,19,32,0,81,16,0,16,97
08/09/2020,CAE,SC,ASO,ES,Combined TRACON& Tower with Radar,27,21,21,0,69,0,0,18,0,18,27,21,39,0,87,0,0,0,87
08/10/2020,CAE,SC,ASO,ES,Combined TRACON& Tower with Radar,36,25,20,10,91,0,1,16,0,17,36,26,36,10,108,12,6,18,126
08/11/2020,CAE,SC,ASO,ES,Combined TRACON& Tower with Radar,30,32,36,9,107,0,2,17,2,21,30,34,53,11,128,36,44,80,208
08/12/2020,CAE,SC,ASO,ES,Combined TRACON& Tower with Radar,30,34,30,6,100,0,0,14,1,15,30,34,44,7,115,14,2,16,131
08/13/2020,CAE,SC,ASO,ES,Combined TRACON& Tower with Radar,36,34,21,17,108,0,0,20,3,23,36,34,41,20,131,10,38,48,179
08/14/2020,CAE,SC,ASO,ES,Combined TRACON& Tower with Radar,40,34,33,0,107,0,0,10,0,10,40,34,43,0,117,8,0,8,125
08/15/2020,CAE,SC,ASO,ES,Combined TRACON& Tower with Radar,32,20,20,1,73,0,0,3,0,3,32,20,23,1,76,12,0,12,88
08/16/2020,CAE,SC,ASO,ES,Combined TRACON& Tower with Radar,25,16,28,1,70,0,0,13,0,13,25,16,41,1,83,16,0,16,99
08/17/2020,CAE,SC,ASO,ES,Combined TRACON& Tower with Radar,38,21,34,6,99,0,0,37,0,37,38,21,71,6,136,32,2,34,170
08/18/2020,CAE,SC,ASO,ES,Combined TRACON& Tower with Radar,31,33,21,13,98,0,0,8,0,8,31,33,29,13,106,14,10,24,130
08/19/2020,CAE,SC,ASO,ES,Combined TRACON& Tower with Radar,32,34,27,8,101,0,0,18,3,21,32,34,45,11,122,0,0,0,122
08/20/2020,CAE,SC,ASO,ES,Combined TRACON& Tower with Radar,36,34,30,34,134,0,0,10,1,11,36,34,40,35,145,0,24,24,169
08/21/2020,CAE,SC,ASO,ES,Combined TRACON& Tower with Radar,38,27,15,0,80,0,0,4,0,4,38,27,19,0,84,0,0,0,84
08/22/2020,CAE,SC,ASO,ES,Combined TRACON& Tower with Radar,28,14,14,0,56,0,0,20,0,20,28,14,34,0,76,6,0,6,82
08/23/2020,CAE,SC,ASO,ES,Combined TRACON& Tower with Radar,26,9,18,2,55,0,0,10,0,10,26,9,28,2,65,28,0,28,93
08/24/2020,CAE,SC,ASO,ES,Combined TRACON& Tower with Radar,31,25,33,0,89,0,0,3,0,3,31,25,36,0,92,0,0,0,92
08/25/2020,CAE,SC,ASO,ES,Combined TRACON& Tower with Radar,32,33,40,26,131,0,0,8,4,12,32,33,48,30,143,0,20,20,163
08/26/2020,CAE,SC,ASO,ES,Combined TRACON& Tower with Radar,30,33,37,22,122,0,0,19,0,19,30,33,56,22,141,8,38,46,187
08/27/2020,CAE,SC,ASO,ES,Combined TRACON& Tower with Radar,39,39,26,14,118,0,1,22,2,25,39,40,48,16,143,6,30,36,179
08/28/2020,CAE,SC,ASO,ES,Combined TRACON& Tower with Radar,42,38,33,6,119,0,3,21,0,24,42,41,54,6,143,16,22,38,181
08/29/2020,CAE,SC,ASO,ES,Combined TRACON& Tower with Radar,28,14,21,2,65,0,0,4,0,4,28,14,25,2,69,0,0,0,69
08/30/2020,CAE,SC,ASO,ES,Combined TRACON& Tower with Radar,31,10,13,2,56,0,0,17,1,18,31,10,30,3,74,16,0,16,90
08/31/2020,CAE,SC,ASO,ES,Combined TRACON& Tower with Radar,35,33,25,25,118,0,0,24,0,24,35,33,49,25,142,19,8,27,169
09/01/2020,CAE,SC,ASO,ES,Combined TRACON& Tower with Radar,31,33,22,16,102,0,2,16,3,21,31,35,38,19,123,16,26,42,165
09/02/2020,CAE,SC,ASO,ES,Combined TRACON& Tower with Radar,29,32,32,18,111,0,0,31,0,31,29,32,63,18,142,10,22,32,174
09/03/2020,CAE,SC,ASO,ES,Combined TRACON& Tower with Radar,40,41,19,6,106,0,0,17,0,17,40,41,36,6,123,0,14,14,137
09/04/2020,CAE,SC,ASO,ES,Combined TRACON& Tower with Radar,35,39,22,0,96,0,0,28,0,28,35,39,50,0,124,6,0,6,130
09/05/2020,CAE,SC,ASO,ES,Combined TRACON& Tower with Radar,28,20,10,0,58,0,0,7,0,7,28,20,17,0,65,0,0,0,65
09/06/2020,CAE,SC,ASO,ES,Combined TRACON& Tower with Radar,22,8,6,0,36,0,1,17,0,18,22,9,23,0,54,6,0,6,60
09/07/2020,CAE,SC,ASO,ES,Combined TRACON& Tower with Radar,26,17,16,1,60,0,0,21,0,21,26,17,37,1,81,6,0,6,87
09/08/2020,CAE,SC,ASO,ES,Combined TRACON& Tower with Radar,26,36,35,10,107,0,1,19,0,20,26,37,54,10,127,8,10,18,145
09/09/2020,CAE,SC,ASO,ES,Combined TRACON& Tower with Radar,33,36,24,23,116,0,0,11,0,11,33,36,35,23,127,0,16,16,143
09/10/2020,CAE,SC,ASO,ES,Combined TRACON& Tower with Radar,35,37,36,5,113,0,0,11,0,11,35,37,47,5,124,8,0,8,132
09/11/2020,CAE,SC,ASO,ES,Combined TRACON& Tower with Radar,35,32,34,7,108,0,2,12,3,17,35,34,46,10,125,10,0,10,135
09/12/2020,CAE,SC,ASO,ES,Combined TRACON& Tower with Radar,25,20,19,0,64,0,0,2,0,2,25,20,21,0,66,0,0,0,66
09/13/2020,CAE,SC,ASO,ES,Combined TRACON& Tower with Radar,22,16,16,0,54,0,0,19,0,19,22,16,35,0,73,16,0,16,89
09/14/2020,CAE,SC,ASO,ES,Combined TRACON& Tower with Radar,31,30,22,7,90,0,0,21,0,21,31,30,43,7,111,0,0,0,111
09/15/2020,CAE,SC,ASO,ES,Combined TRACON& Tower with Radar,39,36,37,9,121,0,2,14,2,18,39,38,51,11,139,12,12,24,163
09/16/2020,CAE,SC,ASO,ES,Combined TRACON& Tower with Radar,32,34,36,4,106,0,0,6,0,6,32,34,42,4,112,0,0,0,112
09/17/2020,CAE,SC,ASO,ES,Combined TRACON& Tower with Radar,35,34,19,0,88,0,0,0,0,0,35,34,19,0,88,0,0,0,88
09/18/2020,CAE,SC,ASO,ES,Combined TRACON& Tower with Radar,38,37,26,4,105,0,0,2,2,4,38,37,28,6,109,6,12,18,127
09/19/2020,CAE,SC,ASO,ES,Combined TRACON& Tower with Radar,28,20,15,0,63,0,1,15,0,16,28,21,30,0,79,0,0,0,79
09/20/2020,CAE,SC,ASO,ES,Combined TRACON& Tower with Radar,22,12,11,2,47,0,0,13,0,13,22,12,24,2,60,0,0,0,60
09/21/2020,CAE,SC,ASO,ES,Combined TRACON& Tower with Radar,31,30,29,0,90,0,0,29,0,29,31,30,58,0,119,6,0,6,125
09/22/2020,CAE,SC,ASO,ES,Combined TRACON& Tower with Radar,35,37,22,2,96,0,0,54,0,54,35,37,76,2,150,14,0,14,164
09/23/2020,CAE,SC,ASO,ES,Combined TRACON& Tower with Radar,35,36,30,29,130,0,0,39,0,39,35,36,69,29,169,2,80,82,251
09/24/2020,CAE,SC,ASO,ES,Combined TRACON& Tower with Radar,35,34,37,4,110,0,0,14,0,14,35,34,51,4,124,12,0,12,136
09/25/2020,CAE,SC,ASO,ES,Combined TRACON& Tower with Radar,37,35,25,11,108,0,0,2,2,4,37,35,27,13,112,40,0,40,152
09/26/2020,CAE,SC,ASO,ES,Combined TRACON& Tower with Radar,25,17,26,2,70,0,0,6,0,6,25,17,32,2,76,0,0,0,76
09/27/2020,CAE,SC,ASO,ES,Combined TRACON& Tower with Radar,23,17,31,1,72,0,0,11,0,11,23,17,42,1,83,0,0,0,83
09/28/2020,CAE,SC,ASO,ES,Combined TRACON& Tower with Radar,30,27,23,22,102,0,0,7,0,7,30,27,30,22,109,46,24,70,179
09/29/2020,CAE,SC,ASO,ES,Combined TRACON& Tower with Radar,36,35,27,10,108,0,0,5,0,5,36,35,32,10,113,6,0,6,119
09/30/2020,CAE,SC,ASO,ES,Combined TRACON& Tower with Radar,34,34,34,31,133,0,0,25,0,25,34,34,59,31,158,2,25,27,185
10/01/2020,CAE,SC,ASO,ES,Combined TRACON& Tower with Radar,36,39,34,8,117,0,0,34,0,34,36,39,68,8,151,6,0,6,157
10/02/2020,CAE,SC,ASO,ES,Combined TRACON& Tower with Radar,32,32,24,34,122,0,0,23,6,29,32,32,47,40,151,10,46,56,207
10/03/2020,CAE,SC,ASO,ES,Combined TRACON& Tower with Radar,26,20,21,0,67,0,0,14,0,14,26,20,35,0,81,14,0,14,95
10/04/2020,CAE,SC,ASO,ES,Combined TRACON& Tower with Radar,22,16,22,0,60,0,0,18,0,18,22,16,40,0,78,0,0,0,78
10/05/2020,CAE,SC,ASO,ES,Combined TRACON& Tower with Radar,28,31,23,22,104,0,0,27,0,27,28,31,50,22,131,6,22,28,159
10/06/2020,CAE,SC,ASO,ES,Combined TRACON& Tower with Radar,32,36,25,28,121,0,0,14,2,16,32,36,39,30,137,6,58,64,201
10/07/2020,CAE,SC,ASO,ES,Combined TRACON& Tower with Radar,37,40,21,24,122,0,0,14,1,15,37,40,35,25,137,10,40,50,187
10/08/2020,CAE,SC,ASO,ES,Combined TRACON& Tower with Radar,43,36,26,6,111,0,0,28,4,32,43,36,54,10,143,34,8,42,185
10/09/2020,CAE,SC,ASO,ES,Combined TRACON& Tower with Radar,41,35,42,3,121,0,0,25,0,25,41,35,67,3,146,14,0,14,160
10/10/2020,CAE,SC,ASO,ES,Combined TRACON& Tower with Radar,38,25,10,0,73,0,0,4,0,4,38,25,14,0,77,18,0,18,95
10/11/2020,CAE,SC,ASO,ES,Combined TRACON& Tower with Radar,38,18,13,0,69,0,1,0,0,1,38,19,13,0,70,0,0,0,70
10/12/2020,CAE,SC,ASO,ES,Combined TRACON& Tower with Radar,32,25,36,0,93,0,1,5,0,6,32,26,41,0,99,0,0,0,99
10/13/2020,CAE,SC,ASO,ES,Combined TRACON& Tower with Radar,36,36,47,12,131,0,0,27,0,27,36,36,74,12,158,14,0,14,172
10/14/2020,CAE,SC,ASO,ES,Combined TRACON& Tower with Radar,36,34,21,2,93,0,4,34,2,40,36,38,55,4,133,8,0,8,141
10/15/2020,CAE,SC,ASO,ES,Combined TRACON& Tower with Radar,41,33,34,11,119,0,1,17,2,20,41,34,51,13,139,12,0,12,151
10/16/2020,CAE,SC,ASO,ES,Combined TRACON& Tower with Radar,39,38,49,27,153,0,0,15,5,20,39,38,64,32,173,12,20,32,205
10/17/2020,CAE,SC,ASO,ES,Combined TRACON& Tower with Radar,30,25,24,1,80,0,0,22,1,23,30,25,46,2,103,14,0,14,117
10/18/2020,CAE,SC,ASO,ES,Combined TRACON& Tower with Radar,28,16,32,2,78,0,0,19,0,19,28,16,51,2,97,12,0,12,109
10/19/2020,CAE,SC,ASO,ES,Combined TRACON& Tower with Radar,31,27,29,18,105,0,0,23,0,23,31,27,52,18,128,10,24,34,162
10/20/2020,CAE,SC,ASO,ES,Combined TRACON& Tower with Radar,39,37,34,10,120,0,4,38,4,46,39,41,72,14,166,26,10,36,202
10/21/2020,CAE,SC,ASO,ES,Combined TRACON& Tower with Radar,38,30,48,15,131,0,0,14,1,15,38,30,62,16,146,8,0,8,154
10/22/2020,CAE,SC,ASO,ES,Combined TRACON& Tower with Radar,41,41,28,24,134,0,0,28,1,29,41,41,56,25,163,10,18,28,191
10/23/2020,CAE,SC,ASO,ES,Combined TRACON& Tower with Radar,38,30,19,1,88,0,0,34,0,34,38,30,53,1,122,42,0,42,164
10/24/2020,CAE,SC,ASO,ES,Combined TRACON& Tower with Radar,29,16,14,0,59,0,0,31,0,31,29,16,45,0,90,0,0,0,90
10/25/2020,CAE,SC,ASO,ES,Combined TRACON& Tower with Radar,28,14,13,0,55,0,0,0,0,0,28,14,13,0,55,0,0,0,55
10/26/2020,CAE,SC,ASO,ES,Combined TRACON& Tower with Radar,30,27,24,6,87,0,0,12,0,12,30,27,36,6,99,0,16,16,115
10/27/2020,CAE,SC,ASO,ES,Combined TRACON& Tower with Radar,36,30,31,2,99,0,0,20,0,20,36,30,51,2,119,0,0,0,119
10/28/2020,CAE,SC,ASO,ES,Combined TRACON& Tower with Radar,37,56,31,58,182,0,0,10,1,11,37,56,41,59,193,6,50,56,249
10/29/2020,CAE,SC,ASO,ES,Combined TRACON& Tower with Radar,44,43,20,12,119,0,0,4,0,4,44,43,24,12,123,0,4,4,127
10/30/2020,CAE,SC,ASO,ES,Combined TRACON& Tower with Radar,38,35,38,12,123,0,0,27,2,29,38,35,65,14,152,0,14,14,166
10/31/2020,CAE,SC,ASO,ES,Combined TRACON& Tower with Radar,23,19,24,0,66,0,2,15,0,17,23,21,39,0,83,16,0,16,99
11/01/2020,CAE,SC,ASO,ES,Combined TRACON& Tower with Radar,19,15,19,4,57,0,0,5,0,5,19,15,24,4,62,0,0,0,62
11/02/2020,CAE,SC,ASO,ES,Combined TRACON& Tower with Radar,27,26,22,0,75,0,0,25,0,25,27,26,47,0,100,0,0,0,100
11/03/2020,CAE,SC,ASO,ES,Combined TRACON& Tower with Radar,32,37,21,8,98,0,1,36,2,39,32,38,57,10,137,16,0,16,153
11/04/2020,CAE,SC,ASO,ES,Combined TRACON& Tower with Radar,34,33,22,16,105,0,2,31,0,33,34,35,53,16,138,23,20,43,181
11/05/2020,CAE,SC,ASO,ES,Combined TRACON& Tower with Radar,36,41,24,9,110,0,0,34,0,34,36,41,58,9,144,14,18,32,176
11/06/2020,CAE,SC,ASO,ES,Combined TRACON& Tower with Radar,33,36,26,22,117,0,0,27,1,28,33,36,53,23,145,12,24,36,181
11/07/2020,CAE,SC,ASO,ES,Combined TRACON& Tower with Radar,26,21,24,0,71,0,0,18,0,18,26,21,42,0,89,4,0,4,93
11/08/2020,CAE,SC,ASO,ES,Combined TRACON& Tower with Radar,25,20,26,2,73,0,0,19,0,19,25,20,45,2,92,2,0,2,94
11/09/2020,CAE,SC,ASO,ES,Combined TRACON& Tower with Radar,32,28,33,1,94,0,0,8,3,11,32,28,41,4,105,8,0,8,113
11/10/2020,CAE,SC,ASO,ES,Combined TRACON& Tower with Radar,34,32,22,6,94,0,0,7,0,7,34,32,29,6,101,0,0,0,101
11/11/2020,CAE,SC,ASO,ES,Combined TRACON& Tower with Radar,36,36,10,0,82,0,0,0,0,0,36,36,10,0,82,0,0,0,82
11/12/2020,CAE,SC,ASO,ES,Combined TRACON& Tower with Radar,36,34,30,0,100,0,0,1,0,1,36,34,31,0,101,6,0,6,107
11/13/2020,CAE,SC,ASO,ES,Combined TRACON& Tower with Radar,38,40,36,12,126,0,1,17,0,18,38,41,53,12,144,0,0,0,144
11/14/2020,CAE,SC,ASO,ES,Combined TRACON& Tower with Radar,26,22,28,0,76,0,0,7,0,7,26,22,35,0,83,40,0,40,123
11/15/2020,CAE,SC,ASO,ES,Combined TRACON& Tower with Radar,27,17,18,0,62,0,0,6,0,6,27,17,24,0,68,0,0,0,68
11/16/2020,CAE,SC,ASO,ES,Combined TRACON& Tower with Radar,31,30,33,28,122,0,0,37,0,37,31,30,70,28,159,4,30,34,193
11/17/2020,CAE,SC,ASO,ES,Combined TRACON& Tower with Radar,34,37,24,14,109,0,0,34,2,36,34,37,58,16,145,6,0,6,151
11/18/2020,CAE,SC,ASO,ES,Combined TRACON& Tower with Radar,34,34,55,53,176,0,0,32,2,34,34,34,87,55,210,32,36,68,278
11/19/2020,CAE,SC,ASO,ES,Combined TRACON& Tower with Radar,38,47,32,10,127,0,3,19,8,30,38,50,51,18,157,6,4,10,167
11/20/2020,CAE,SC,ASO,ES,Combined TRACON& Tower with Radar,38,40,36,6,120,0,0,36,0,36,38,40,72,6,156,0,0,0,156
11/21/2020,CAE,SC,ASO,ES,Combined TRACON& Tower with Radar,28,22,24,4,78,0,0,31,2,33,28,22,55,6,111,2,0,2,113
11/22/2020,CAE,SC,ASO,ES,Combined TRACON& Tower with Radar,27,19,23,10,79,0,0,3,0,3,27,19,26,10,82,0,0,0,82
11/23/2020,CAE,SC,ASO,ES,Combined TRACON& Tower with Radar,35,24,27,17,103,0,1,22,2,25,35,25,49,19,128,26,10,36,164
11/24/2020,CAE,SC,ASO,ES,Combined TRACON& Tower with Radar,50,44,32,12,138,0,0,23,3,26,50,44,55,15,164,42,14,56,220
11/25/2020,CAE,SC,ASO,ES,Combined TRACON& Tower with Radar,52,42,18,2,114,0,0,13,0,13,52,42,31,2,127,0,0,0,127
11/26/2020,CAE,SC,ASO,ES,Combined TRACON& Tower with Radar,19,6,2,0,27,0,0,2,0,2,19,6,4,0,29,0,0,0,29
11/27/2020,CAE,SC,ASO,ES,Combined TRACON& Tower with Radar,34,30,24,0,88,0,0,30,0,30,34,30,54,0,118,0,0,0,118
11/28/2020,CAE,SC,ASO,ES,Combined TRACON& Tower with Radar,29,31,25,0,85,0,0,16,0,16,29,31,41,0,101,22,0,22,123
11/29/2020,CAE,SC,ASO,ES,Combined TRACON& Tower with Radar,26,18,37,0,81,0,0,9,0,9,26,18,46,0,90,2,0,2,92
11/30/2020,CAE,SC,ASO,ES,Combined TRACON& Tower with Radar,33,36,17,0,86,0,0,1,0,1,33,36,18,0,87,0,0,0,87
12/01/2020,CAE,SC,ASO,ES,Combined TRACON& Tower with Radar,53,48,27,32,160,0,0,20,2,22,53,48,47,34,182,32,20,52,234
12/02/2020,CAE,SC,ASO,ES,Combined TRACON& Tower with Radar,48,34,46,16,144,0,0,29,0,29,48,34,75,16,173,14,16,30,203
12/03/2020,CAE,SC,ASO,ES,Combined TRACON& Tower with Radar,50,40,32,6,128,0,0,21,0,21,50,40,53,6,149,2,0,2,151
12/04/2020,CAE,SC,ASO,ES,Combined TRACON& Tower with Radar,46,36,22,30,134,0,0,16,0,16,46,36,38,30,150,48,32,80,230
12/05/2020,CAE,SC,ASO,ES,Combined TRACON& Tower with Radar,24,20,26,0,70,0,0,20,0,20,24,20,46,0,90,48,0,48,138
12/06/2020,CAE,SC,ASO,ES,Combined TRACON& Tower with Radar,26,16,26,0,68,0,0,23,2,25,26,16,49,2,93,6,0,6,99
12/07/2020,CAE,SC,ASO,ES,Combined TRACON& Tower with Radar,38,29,20,22,109,0,0,11,0,11,38,29,31,22,120,12,24,36,156
12/08/2020,CAE,SC,ASO,ES,Combined TRACON& Tower with Radar,50,36,30,14,130,0,3,26,0,29,50,39,56,14,159,0,0,0,159
12/09/2020,CAE,SC,ASO,ES,Combined TRACON& Tower with Radar,48,31,34,19,132,0,0,27,1,28,48,31,61,20,160,0,0,0,160
12/10/2020,CAE,SC,ASO,ES,Combined TRACON& Tower with Radar,50,41,22,16,129,0,0,27,0,27,50,41,49,16,156,16,16,32,188
12/11/2020,CAE,SC,ASO,ES,Combined TRACON& Tower with Radar,41,48,17,4,110,0,0,26,0,26,41,48,43,4,136,2,0,2,138
12/12/2020,CAE,SC,ASO,ES,Combined TRACON& Tower with Radar,25,17,28,0,70,0,0,28,0,28,25,17,56,0,98,24,0,24,122
12/13/2020,CAE,SC,ASO,ES,Combined TRACON& Tower with Radar,24,17,27,1,69,0,1,11,0,12,24,18,38,1,81,10,0,10,91
12/14/2020,CAE,SC,ASO,ES,Combined TRACON& Tower with Radar,32,31,20,2,85,0,0,3,0,3,32,31,23,2,88,4,0,4,92
12/15/2020,CAE,SC,ASO,ES,Combined TRACON& Tower with Radar,52,34,38,3,127,0,1,23,1,25,52,35,61,4,152,4,0,4,156
12/16/2020,CAE,SC,ASO,ES,Combined TRACON& Tower with Radar,50,37,24,2,113,0,0,0,0,0,50,37,24,2,113,0,0,0,113
12/17/2020,CAE,SC,ASO,ES,Combined TRACON& Tower with Radar,54,49,26,4,133,0,0,2,0,2,54,49,28,4,135,0,0,0,135
12/18/2020,CAE,SC,ASO,ES,Combined TRACON& Tower with Radar,53,42,30,6,131,0,1,39,0,40,53,43,69,6,171,18,0,18,189
12/19/2020,CAE,SC,ASO,ES,Combined TRACON& Tower with Radar,54,25,32,0,111,0,1,40,0,41,54,26,72,0,152,4,0,4,156
12/20/2020,CAE,SC,ASO,ES,Combined TRACON& Tower with Radar,35,22,24,1,82,0,0,0,0,0,35,22,24,1,82,0,0,0,82
12/21/2020,CAE,SC,ASO,ES,Combined TRACON& Tower with Radar,49,40,27,4,120,0,0,8,0,8,49,40,35,4,128,0,0,0,128
12/22/2020,CAE,SC,ASO,ES,Combined TRACON& Tower with Radar,56,45,24,14,139,0,1,30,2,33,56,46,54,16,172,26,26,52,224
12/23/2020,CAE,SC,ASO,ES,Combined TRACON& Tower with Radar,58,41,33,2,134,0,0,20,0,20,58,41,53,2,154,16,0,16,170
12/24/2020,CAE,SC,ASO,ES,Combined TRACON& Tower with Radar,34,52,13,0,99,0,0,0,0,0,34,52,13,0,99,0,0,0,99
12/25/2020,CAE,SC,ASO,ES,Combined TRACON& Tower with Radar,15,11,1,0,27,0,0,3,0,3,15,11,4,0,30,0,0,0,30
12/26/2020,CAE,SC,ASO,ES,Combined TRACON& Tower with Radar,28,20,29,0,77,0,0,11,0,11,28,20,40,0,88,0,0,0,88
12/27/2020,CAE,SC,ASO,ES,Combined TRACON& Tower with Radar,26,22,27,0,75,0,1,22,0,23,26,23,49,0,98,22,0,22,120
12/28/2020,CAE,SC,ASO,ES,Combined TRACON& Tower with Radar,33,25,34,16,108,0,0,24,0,24,33,25,58,16,132,6,22,28,160
12/29/2020,CAE,SC,ASO,ES,Combined TRACON& Tower with Radar,54,36,36,2,128,0,0,33,0,33,54,36,69,2,161,6,0,6,167
12/30/2020,CAE,SC,ASO,ES,Combined TRACON& Tower with Radar,56,34,26,0,116,0,0,5,2,7,56,34,31,2,123,0,0,0,123
12/31/2020,CAE,SC,ASO,ES,Combined TRACON& Tower with Radar,35,38,11,0,84,0,0,0,0,0,35,38,11,0,84,0,0,0,84
01/01/2021,CAE,SC,ASO,ES,Combined TRACON& Tower with Radar,19,13,4,2,38,0,0,0,0,0,19,13,4,2,38,0,0,0,38
01/02/2021,CAE,SC,ASO,ES,Combined TRACON& Tower with Radar,29,22,30,0,81,0,0,0,0,0,29,22,30,0,81,0,0,0,81
01/03/2021,CAE,SC,ASO,ES,Combined TRACON& Tower with Radar,25,28,24,0,77,0,0,16,0,16,25,28,40,0,93,0,0,0,93
01/04/2021,CAE,SC,ASO,ES,Combined TRACON& Tower with Radar,30,28,25,2,85,0,0,29,0,29,30,28,54,2,114,4,0,4,118
01/05/2021,CAE,SC,ASO,ES,Combined TRACON& Tower with Radar,36,36,20,8,100,0,1,12,5,18,36,37,32,13,118,0,30,30,148
01/06/2021,CAE,SC,ASO,ES,Combined TRACON& Tower with Radar,35,35,22,18,110,0,3,23,3,29,35,38,45,21,139,0,8,8,147
01/07/2021,CAE,SC,ASO,ES,Combined TRACON& Tower with Radar,37,48,23,1,109,0,0,16,2,18,37,48,39,3,127,4,0,4,131
01/08/2021,CAE,SC,ASO,ES,Combined TRACON& Tower with Radar,29,41,15,6,91,0,0,0,0,0,29,41,15,6,91,0,0,0,91
01/09/2021,CAE,SC,ASO,ES,Combined TRACON& Tower with Radar,24,17,28,0,69,0,0,14,0,14,24,17,42,0,83,8,0,8,91
01/10/2021,CAE,SC,ASO,ES,Combined TRACON& Tower with Radar,22,19,25,6,72,0,0,28,0,28,22,19,53,6,100,0,0,0,100
01/11/2021,CAE,SC,ASO,ES,Combined TRACON& Tower with Radar,27,33,17,12,89,0,4,4,0,8,27,37,21,12,97,0,12,12,109
01/12/2021,CAE,SC,ASO,ES,Combined TRACON& Tower with Radar,34,32,27,2,95,0,0,3,0,3,34,32,30,2,98,6,0,6,104
01/13/2021,CAE,SC,ASO,ES,Combined TRACON& Tower with Radar,34,31,38,18,121,0,0,0,0,0,34,31,38,18,121,0,0,0,121
01/14/2021,CAE,SC,ASO,ES,Combined TRACON& Tower with Radar,36,43,20,12,111,0,0,30,0,30,36,43,50,12,141,0,12,12,153
01/15/2021,CAE,SC,ASO,ES,Combined TRACON& Tower with Radar,30,30,33,12,105,0,0,2,0,2,30,30,35,12,107,0,0,0,107
01/16/2021,CAE,SC,ASO,ES,Combined TRACON& Tower with Radar,22,21,10,0,53,0,0,17,0,17,22,21,27,0,70,0,0,0,70
01/17/2021,CAE,SC,ASO,ES,Combined TRACON& Tower with Radar,22,23,18,0,63,0,0,36,0,36,22,23,54,0,99,10,0,10,109
01/18/2021,CAE,SC,ASO,ES,Combined TRACON& Tower with Radar,30,27,33,0,90,0,0,19,2,21,30,27,52,2,111,0,0,0,111
01/19/2021,CAE,SC,ASO,ES,Combined TRACON& Tower with Radar,34,29,32,22,117,0,0,29,6,35,34,29,61,28,152,22,16,38,190
01/20/2021,CAE,SC,ASO,ES,Combined TRACON& Tower with Radar,34,29,25,14,102,0,0,19,0,19,34,29,44,14,121,8,10,18,139
01/21/2021,CAE,SC,ASO,ES,Combined TRACON& Tower with Radar,40,36,25,6,107,0,1,11,3,15,40,37,36,9,122,0,4,4,126
01/22/2021,CAE,SC,ASO,ES,Combined TRACON& Tower with Radar,29,35,27,0,91,0,0,34,0,34,29,35,61,0,125,8,0,8,133
01/23/2021,CAE,SC,ASO,ES,Combined TRACON& Tower with Radar,21,19,21,0,61,0,0,37,0,37,21,19,58,0,98,30,0,30,128
01/24/2021,CAE,SC,ASO,ES,Combined TRACON& Tower with Radar,23,15,27,0,65,0,0,31,1,32,23,15,58,1,97,0,0,0,97
01/25/2021,CAE,SC,ASO,ES,Combined TRACON& Tower with Radar,32,38,17,33,120,0,0,4,4,8,32,38,21,37,128,0,20,20,148
01/26/2021,CAE,SC,ASO,ES,Combined TRACON& Tower with Radar,38,47,31,21,137,0,3,5,1,9,38,50,36,22,146,0,0,0,146
01/27/2021,CAE,SC,ASO,ES,Combined TRACON& Tower with Radar,35,30,35,8,108,0,0,8,0,8,35,30,43,8,116,0,0,0,116
01/28/2021,CAE,SC,ASO,ES,Combined TRACON& Tower with Radar,36,44,24,4,108,0,0,21,7,28,36,44,45,11,136,12,20,32,168
01/29/2021,CAE,SC,ASO,ES,Combined TRACON& Tower with Radar,30,35,33,4,102,0,0,52,1,53,30,35,85,5,155,6,20,26,181
01/30/2021,CAE,SC,ASO,ES,Combined TRACON& Tower with Radar,22,21,22,0,65,0,2,33,0,35,22,23,55,0,100,18,0,18,118
01/31/2021,CAE,SC,ASO,ES,Combined TRACON& Tower with Radar,24,21,12,0,57,0,0,0,0,0,24,21,12,0,57,0,0,0,57
02/01/2021,CAE,SC,ASO,ES,Combined TRACON& Tower with Radar,28,28,20,3,79,0,0,0,0,0,28,28,20,3,79,0,0,0,79
02/02/2021,CAE,SC,ASO,ES,Combined TRACON& Tower with Radar,35,31,33,10,109,0,0,21,0,21,35,31,54,10,130,0,4,4,134
02/03/2021,CAE,SC,ASO,ES,Combined TRACON& Tower with Radar,35,35,31,18,119,0,0,34,0,34,35,35,65,18,153,0,24,24,177
02/04/2021,CAE,SC,ASO,ES,Combined TRACON& Tower with Radar,37,47,41,24,149,0,0,46,0,46,37,47,87,24,195,14,20,34,229
02/05/2021,CAE,SC,ASO,ES,Combined TRACON& Tower with Radar,38,42,36,6,122,0,2,6,0,8,38,44,42,6,130,2,10,12,142
02/06/2021,CAE,SC,ASO,ES,Combined TRACON& Tower with Radar,22,18,25,0,65,0,0,27,0,27,22,18,52,0,92,0,0,0,92
02/07/2021,CAE,SC,ASO,ES,Combined TRACON& Tower with Radar,20,18,16,0,54,0,0,8,0,8,20,18,24,0,62,22,0,22,84
02/08/2021,CAE,SC,ASO,ES,Combined TRACON& Tower with Radar,29,28,34,0,91,0,0,43,0,43,29,28,77,0,134,50,0,50,184
02/09/2021,CAE,SC,ASO,ES,Combined TRACON& Tower with Radar,41,36,40,9,126,0,0,17,4,21,41,36,57,13,147,24,46,70,217
02/10/2021,CAE,SC,ASO,ES,Combined TRACON& Tower with Radar,34,33,34,11,112,0,0,16,3,19,34,33,50,14,131,24,8,32,163
02/11/2021,CAE,SC,ASO,ES,Combined TRACON& Tower with Radar,41,46,24,0,111,0,0,4,0,4,41,46,28,0,115,2,0,2,117
02/12/2021,CAE,SC,ASO,ES,Combined TRACON& Tower with Radar,35,35,27,0,97,0,0,0,0,0,35,35,27,0,97,0,0,0,97
02/13/2021,CAE,SC,ASO,ES,Combined TRACON& Tower with Radar,25,15,20,0,60,0,0,0,0,0,25,15,20,0,60,0,0,0,60
02/14/2021,CAE,SC,ASO,ES,Combined TRACON& Tower with Radar,19,25,10,0,54,0,0,0,0,0,19,25,10,0,54,0,0,0,54
02/15/2021,CAE,SC,ASO,ES,Combined TRACON& Tower with Radar,21,29,8,0,58,0,0,0,0,0,21,29,8,0,58,0,0,0,58
02/16/2021,CAE,SC,ASO,ES,Combined TRACON& Tower with Radar,30,38,23,9,100,0,0,19,2,21,30,38,42,11,121,4,0,4,125
02/17/2021,CAE,SC,ASO,ES,Combined TRACON& Tower with Radar,32,34,26,10,102,0,0,48,1,49,32,34,74,11,151,2,0,2,153
02/18/2021,CAE,SC,ASO,ES,Combined TRACON& Tower with Radar,36,39,15,1,91,0,0,0,0,0,36,39,15,1,91,0,0,0,91
02/19/2021,CAE,SC,ASO,ES,Combined TRACON& Tower with Radar,32,45,26,5,108,0,0,4,0,4,32,45,30,5,112,18,0,18,130
02/20/2021,CAE,SC,ASO,ES,Combined TRACON& Tower with Radar,26,20,37,4,87,0,0,52,0,52,26,20,89,4,139,16,0,16,155
02/21/2021,CAE,SC,ASO,ES,Combined TRACON& Tower with Radar,25,27,28,1,81,0,1,41,0,42,25,28,69,1,123,40,0,40,163
02/22/2021,CAE,SC,ASO,ES,Combined TRACON& Tower with Radar,30,31,24,8,93,0,0,5,0,5,30,31,29,8,98,6,0,6,104
02/23/2021,CAE,SC,ASO,ES,Combined TRACON& Tower with Radar,44,30,24,8,106,0,1,42,0,43,44,31,66,8,149,78,6,84,233
02/24/2021,CAE,SC,ASO,ES,Combined TRACON& Tower with Radar,36,35,33,0,104,0,1,54,0,55,36,36,87,0,159,0,0,0,159
02/25/2021,CAE,SC,ASO,ES,Combined TRACON& Tower with Radar,41,43,49,13,146,0,1,53,1,55,41,44,102,14,201,12,35,47,248
02/26/2021,CAE,SC,ASO,ES,Combined TRACON& Tower with Radar,39,38,22,8,107,0,0,5,1,6,39,38,27,9,113,0,0,0,113
02/27/2021,CAE,SC,ASO,ES,Combined TRACON& Tower with Radar,25,20,38,0,83,0,0,38,0,38,25,20,76,0,121,2,0,2,123
02/28/2021,CAE,SC,ASO,ES,Combined TRACON& Tower with Radar,35,26,24,8,93,0,1,6,0,7,35,27,30,8,100,4,0,4,104
03/01/2021,CAE,SC,ASO,ES,Combined TRACON& Tower with Radar,32,38,36,18,124,0,2,7,0,9,32,40,43,18,133,8,14,22,155
03/02/2021,CAE,SC,ASO,ES,Combined TRACON& Tower with Radar,42,32,32,10,116,0,0,26,0,26,42,32,58,10,142,6,10,16,158
03/03/2021,CAE,SC,ASO,ES,Combined TRACON& Tower with Radar,37,33,29,4,103,0,0,17,2,19,37,33,46,6,122,2,0,2,124
03/04/2021,CAE,SC,ASO,ES,Combined TRACON& Tower with Radar,41,43,23,6,113,0,0,47,0,47,41,43,70,6,160,48,4,52,212
03/05/2021,CAE,SC,ASO,ES,Combined TRACON& Tower with Radar,35,39,28,12,114,0,0,32,0,32,35,39,60,12,146,56,20,76,222
03/06/2021,CAE,SC,ASO,ES,Combined TRACON& Tower with Radar,26,22,14,0,62,0,0,24,0,24,26,22,38,0,86,22,0,22,108
03/07/2021,CAE,SC,ASO,ES,Combined TRACON& Tower with Radar,24,18,23,6,71,0,0,25,0,25,24,18,48,6,96,2,0,2,98
03/08/2021,CAE,SC,ASO,ES,Combined TRACON& Tower with Radar,33,30,33,0,96,0,0,44,0,44,33,30,77,0,140,0,0,0,140
03/09/2021,CAE,SC,ASO,ES,Combined TRACON& Tower with Radar,40,38,31,10,119,0,0,36,0,36,40,38,67,10,155,0,0,0,155
03/10/2021,CAE,SC,ASO,ES,Combined TRACON& Tower with Radar,38,43,39,22,142,0,0,27,0,27,38,43,66,22,169,48,0,48,217
03/11/2021,CAE,SC,ASO,ES,Combined TRACON& Tower with Radar,41,53,35,18,147,0,2,42,0,44,41,55,77,18,191,62,6,68,259
03/12/2021,CAE,SC,ASO,ES,Combined TRACON& Tower with Radar,38,46,34,18,136,0,0,31,1,32,38,46,65,19,168,76,22,98,266
03/13/2021,CAE,SC,ASO,ES,Combined TRACON& Tower with Radar,26,25,19,0,70,0,1,28,1,30,26,26,47,1,100,6,0,6,106
03/14/2021,CAE,SC,ASO,ES,Combined TRACON& Tower with Radar,25,25,27,2,79,0,0,4,0,4,25,25,31,2,83,6,0,6,89
03/15/2021,CAE,SC,ASO,ES,Combined TRACON& Tower with Radar,32,35,30,26,123,0,0,15,0,15,32,35,45,26,138,46,12,58,196
03/16/2021,CAE,SC,ASO,ES,Combined TRACON& Tower with Radar,41,40,9,2,92,0,0,0,0,0,41,40,9,2,92,0,0,0,92
03/17/2021,CAE,SC,ASO,ES,Combined TRACON& Tower with Radar,35,37,43,2,117,0,0,1,0,1,35,37,44,2,118,0,0,0,118
03/18/2021,CAE,SC,ASO,ES,Combined TRACON& Tower with Radar,50,55,15,0,120,0,3,0,0,3,50,58,15,0,123,0,0,0,123
03/19/2021,CAE,SC,ASO,ES,Combined TRACON& Tower with Radar,39,53,47,19,158,0,0,24,2,26,39,53,71,21,184,8,4,12,196
03/20/2021,CAE,SC,ASO,ES,Combined TRACON& Tower with Radar,26,20,28,0,74,0,2,9,0,11,26,22,37,0,85,30,0,30,115
03/21/2021,CAE,SC,ASO,ES,Combined TRACON& Tower with Radar,25,31,19,0,75,0,0,10,0,10,25,31,29,0,85,0,0,0,85
03/22/2021,CAE,SC,ASO,ES,Combined TRACON& Tower with Radar,34,36,24,14,108,0,1,23,0,24,34,37,47,14,132,28,16,44,176
03/23/2021,CAE,SC,ASO,ES,Combined TRACON& Tower with Radar,38,43,48,38,167,0,0,17,0,17,38,43,65,38,184,56,21,77,261
03/24/2021,CAE,SC,ASO,ES,Combined TRACON& Tower with Radar,38,48,33,29,148,0,0,13,2,15,38,48,46,31,163,6,20,26,189
03/25/2021,CAE,SC,ASO,ES,Combined TRACON& Tower with Radar,60,46,32,14,152,0,0,12,3,15,60,46,44,17,167,22,20,42,209
03/26/2021,CAE,SC,ASO,ES,Combined TRACON& Tower with Radar,41,40,31,1,113,0,0,0,0,0,41,40,31,1,113,0,0,0,113
03/27/2021,CAE,SC,ASO,ES,Combined TRACON& Tower with Radar,36,25,39,0,100,0,0,13,0,13,36,25,52,0,113,12,0,12,125
03/28/2021,CAE,SC,ASO,ES,Combined TRACON& Tower with Radar,33,24,8,0,65,0,0,9,0,9,33,24,17,0,74,0,0,0,74
03/29/2021,CAE,SC,ASO,ES,Combined TRACON& Tower with Radar,33,38,37,28,136,0,1,44,1,46,33,39,81,29,182,48,0,48,230
03/30/2021,CAE,SC,ASO,ES,Combined TRACON& Tower with Radar,38,40,30,14,122,0,0,29,3,32,38,40,59,17,154,14,10,24,178
03/31/2021,CAE,SC,ASO,ES,Combined TRACON& Tower with Radar,40,40,36,3,119,0,0,2,1,3,40,40,38,4,122,6,0,6,128
04/01/2021,CAE,SC,ASO,ES,Combined TRACON& Tower with Radar,44,53,44,18,159,0,1,12,3,16,44,54,56,21,175,10,2,12,187
04/02/2021,CAE,SC,ASO,ES,Combined TRACON& Tower with Radar,43,44,33,0,120,0,1,34,0,35,43,45,67,0,155,24,0,24,179
04/03/2021,CAE,SC,ASO,ES,Combined TRACON& Tower with Radar,26,27,16,0,69,0,2,32,0,34,26,29,48,0,103,22,0,22,125
04/04/2021,CAE,SC,ASO,ES,Combined TRACON& Tower with Radar,26,25,8,0,59,0,4,17,0,21,26,29,25,0,80,10,0,10,90
04/05/2021,CAE,SC,ASO,ES,Combined TRACON& Tower with Radar,34,41,30,28,133,0,0,15,0,15,34,41,45,28,148,36,16,52,200
04/06/2021,CAE,SC,ASO,ES,Combined TRACON& Tower with Radar,44,39,44,12,139,0,0,38,0,38,44,39,82,12,177,58,4,62,239
04/07/2021,CAE,SC,ASO,ES,Combined TRACON& Tower with Radar,42,48,44,25,159,0,1,27,8,36,42,49,71,33,195,70,22,92,287
04/08/2021,CAE,SC,ASO,ES,Combined TRACON& Tower with Radar,42,50,50,2,144,0,0,19,0,19,42,50,69,2,163,30,0,30,193
04/09/2021,CAE,SC,ASO,ES,Combined TRACON& Tower with Radar,45,43,38,12,138,0,0,18,0,18,45,43,56,12,156,22,10,32,188
04/10/2021,CAE,SC,ASO,ES,Combined TRACON& Tower with Radar,25,26,16,5,72,0,0,3,1,4,25,26,19,6,76,2,6,8,84
04/11/2021,CAE,SC,ASO,ES,Combined TRACON& Tower with Radar,31,27,19,0,77,0,0,15,0,15,31,27,34,0,92,2,0,2,94
04/12/2021,CAE,SC,ASO,ES,Combined TRACON& Tower with Radar,32,37,39,27,135,0,1,33,2,36,32,38,72,29,171,40,20,60,231
04/13/2021,CAE,SC,ASO,ES,Combined TRACON& Tower with Radar,40,44,40,26,150,0,6,26,0,32,40,50,66,26,182,2,32,34,216
04/14/2021,CAE,SC,ASO,ES,Combined TRACON& Tower with Radar,42,42,30,4,118,0,0,18,13,31,42,42,48,17,149,64,16,80,229
04/15/2021,CAE,SC,ASO,ES,Combined TRACON& Tower with Radar,43,53,32,25,153,0,4,29,2,35,43,57,61,27,188,34,16,50,238
04/16/2021,CAE,SC,ASO,ES,Combined TRACON& Tower with Radar,41,44,26,25,136,0,5,36,1,42,41,49,62,26,178,26,24,50,228
04/17/2021,CAE,SC,ASO,ES,Combined TRACON& Tower with Radar,26,24,11,0,61,0,0,34,0,34,26,24,45,0,95,4,0,4,99
04/18/2021,CAE,SC,ASO,ES,Combined TRACON& Tower with Radar,30,22,28,0,80,0,0,28,0,28,30,22,56,0,108,94,0,94,202
04/19/2021,CAE,SC,ASO,ES,Combined TRACON& Tower with Radar,32,31,34,22,119,0,0,28,0,28,32,31,62,22,147,16,0,16,163
04/20/2021,CAE,SC,ASO,ES,Combined TRACON& Tower with Radar,42,41,20,16,119,0,2,27,0,29,42,43,47,16,148,50,6,56,204
04/21/2021,CAE,SC,ASO,ES,Combined TRACON& Tower with Radar,43,38,44,4,129,0,0,14,0,14,43,38,58,4,143,14,0,14,157
04/22/2021,CAE,SC,ASO,ES,Combined TRACON& Tower with Radar,43,50,38,22,153,0,1,38,0,39,43,51,76,22,192,28,28,56,248
04/23/2021,CAE,SC,ASO,ES,Combined TRACON& Tower with Radar,37,39,33,11,120,0,0,33,2,35,37,39,66,13,155,16,0,16,171
04/24/2021,CAE,SC,ASO,ES,Combined TRACON& Tower with Radar,31,26,5,0,62,0,0,1,0,1,31,26,6,0,63,0,0,0,63
04/25/2021,CAE,SC,ASO,ES,Combined TRACON& Tower with Radar,26,32,26,1,85,0,0,17,0,17,26,32,43,1,102,6,0,6,108
04/26/2021,CAE,SC,ASO,ES,Combined TRACON& Tower with Radar,32,36,56,20,144,0,0,36,5,41,32,36,92,25,185,18,14,32,217
04/27/2021,CAE,SC,ASO,ES,Combined TRACON& Tower with Radar,40,38,37,15,130,0,0,30,1,31,40,38,67,16,161,4,34,38,199
04/28/2021,CAE,SC,ASO,ES,Combined TRACON& Tower with Radar,42,42,38,23,145,0,0,33,0,33,42,42,71,23,178,44,0,44,222
04/29/2021,CAE,SC,ASO,ES,Combined TRACON& Tower with Radar,43,50,33,3,129,0,2,15,2,19,43,52,48,5,148,50,0,50,198
04/30/2021,CAE,SC,ASO,ES,Combined TRACON& Tower with Radar,41,41,34,11,127,0,0,19,1,20,41,41,53,12,147,42,8,50,197
05/01/2021,CAE,SC,ASO,ES,Combined TRACON& Tower with Radar,24,28,18,0,70,0,0,32,4,36,24,28,50,4,106,48,8,56,162
05/02/2021,CAE,SC,ASO,ES,Combined TRACON& Tower with Radar,26,29,27,2,84,0,0,22,1,23,26,29,49,3,107,8,0,8,115
05/03/2021,CAE,SC,ASO,ES,Combined TRACON& Tower with Radar,30,26,13,18,87,0,0,1,5,6,30,26,14,23,93,24,22,46,139
05/04/2021,CAE,SC,ASO,ES,Combined TRACON& Tower with Radar,50,45,41,8,144,0,6,9,3,18,50,51,50,11,162,32,2,34,196
05/05/2021,CAE,SC,ASO,ES,Combined TRACON& Tower with Radar,40,46,25,18,129,0,0,19,3,22,40,46,44,21,151,52,10,62,213
05/06/2021,CAE,SC,ASO,ES,Combined TRACON& Tower with Radar,47,51,43,9,150,0,0,29,1,30,47,51,72,10,180,34,6,40,220
05/07/2021,CAE,SC,ASO,ES,Combined TRACON& Tower with Radar,46,46,24,3,119,0,1,34,4,39,46,47,58,7,158,54,0,54,212
05/08/2021,CAE,SC,ASO,ES,Combined TRACON& Tower with Radar,30,19,23,2,74,0,2,27,1,30,30,21,50,3,104,22,0,22,126
05/09/2021,CAE,SC,ASO,ES,Combined TRACON& Tower with Radar,28,28,23,1,80,0,0,14,0,14,28,28,37,1,94,0,0,0,94
05/10/2021,CAE,SC,ASO,ES,Combined TRACON& Tower with Radar,37,30,41,15,123,0,0,30,1,31,37,30,71,16,154,0,2,2,156
05/11/2021,CAE,SC,ASO,ES,Combined TRACON& Tower with Radar,46,34,63,11,154,0,0,6,2,8,46,34,69,13,162,72,0,72,234
05/12/2021,CAE,SC,ASO,ES,Combined TRACON& Tower with Radar,48,39,26,2,115,0,0,1,0,1,48,39,27,2,116,4,0,4,120
05/13/2021,CAE,SC,ASO,ES,Combined TRACON& Tower with Radar,47,49,30,4,130,0,1,19,2,22,47,50,49,6,152,32,0,32,184
05/14/2021,CAE,SC,ASO,ES,Combined TRACON& Tower with Radar,45,38,39,0,122,0,0,32,0,32,45,38,71,0,154,74,0,74,228
05/15/2021,CAE,SC,ASO,ES,Combined TRACON& Tower with Radar,30,17,27,0,74,0,0,26,0,26,30,17,53,0,100,26,0,26,126
05/16/2021,CAE,SC,ASO,ES,Combined TRACON& Tower with Radar,28,25,25,2,80,0,0,20,0,20,28,25,45,2,100,14,0,14,114
05/17/2021,CAE,SC,ASO,ES,Combined TRACON& Tower with Radar,36,32,34,2,104,0,0,29,0,29,36,32,63,2,133,20,0,20,153
05/18/2021,CAE,SC,ASO,ES,Combined TRACON& Tower with Radar,42,35,26,9,112,0,0,32,1,33,42,35,58,10,145,22,0,22,167
05/19/2021,CAE,SC,ASO,ES,Combined TRACON& Tower with Radar,44,43,39,2,128,0,0,26,0,26,44,43,65,2,154,0,0,0,154
05/20/2021,CAE,SC,ASO,ES,Combined TRACON& Tower with Radar,50,43,34,15,142,0,0,24,10,34,50,43,58,25,176,18,40,58,234
05/21/2021,CAE,SC,ASO,ES,Combined TRACON& Tower with Radar,46,41,30,5,122,0,4,42,0,46,46,45,72,5,168,28,4,32,200
05/22/2021,CAE,SC,ASO,ES,Combined TRACON& Tower with Radar,30,16,16,0,62,0,0,29,0,29,30,16,45,0,91,20,0,20,111
05/23/2021,CAE,SC,ASO,ES,Combined TRACON& Tower with Radar,28,26,33,0,87,0,1,31,0,32,28,27,64,0,119,26,0,26,145
05/24/2021,CAE,SC,ASO,ES,Combined TRACON& Tower with Radar,35,35,29,11,110,0,1,19,0,20,35,36,48,11,130,2,10,12,142
05/25/2021,CAE,SC,ASO,ES,Combined TRACON& Tower with Radar,49,37,47,22,155,0,0,19,0,19,49,37,66,22,174,22,0,22,196
05/26/2021,CAE,SC,ASO,ES,Combined TRACON& Tower with Radar,46,46,51,21,164,0,0,40,6,46,46,46,91,27,210,14,18,32,242
05/27/2021,CAE,SC,ASO,ES,Combined TRACON& Tower with Radar,46,47,37,1,131,0,2,38,0,40,46,49,75,1,171,38,0,38,209
05/28/2021,CAE,SC,ASO,ES,Combined TRACON& Tower with Radar,42,35,32,3,112,0,0,27,1,28,42,35,59,4,140,4,0,4,144
05/29/2021,CAE,SC,ASO,ES,Combined TRACON& Tower with Radar,30,15,17,0,62,0,0,6,0,6,30,15,23,0,68,38,0,38,106
05/30/2021,CAE,SC,ASO,ES,Combined TRACON& Tower with Radar,28,19,19,0,66,0,0,10,0,10,28,19,29,0,76,36,0,36,112
05/31/2021,CAE,SC,ASO,ES,Combined TRACON& Tower with Radar,30,15,19,0,64,0,1,26,0,27,30,16,45,0,91,40,0,40,131
06/01/2021,CAE,SC,ASO,ES,Combined TRACON& Tower with Radar,36,38,19,2,95,0,0,45,4,49,36,38,64,6,144,36,6,42,186
06/02/2021,CAE,SC,ASO,ES,Combined TRACON& Tower with Radar,46,41,43,26,156,0,0,10,0,10,46,41,53,26,166,74,0,74,240
06/03/2021,CAE,SC,ASO,ES,Combined TRACON& Tower with Radar,43,45,44,17,149,0,0,6,0,6,43,45,50,17,155,90,8,98,253
06/04/2021,CAE,SC,ASO,ES,Combined TRACON& Tower with Radar,44,45,39,8,136,0,0,19,0,19,44,45,58,8,155,0,8,8,163
06/05/2021,CAE,SC,ASO,ES,Combined TRACON& Tower with Radar,25,27,11,6,69,0,0,13,0,13,25,27,24,6,82,14,6,20,102
06/06/2021,CAE,SC,ASO,ES,Combined TRACON& Tower with Radar,33,26,20,0,79,0,0,2,0,2,33,26,22,0,81,0,0,0,81
06/07/2021,CAE,SC,ASO,ES,Combined TRACON& Tower with Radar,35,32,30,0,97,0,0,2,0,2,35,32,32,0,99,40,0,40,139
06/08/2021,CAE,SC,ASO,ES,Combined TRACON& Tower with Radar,46,44,34,2,126,0,0,6,1,7,46,44,40,3,133,2,4,6,139
06/09/2021,CAE,SC,ASO,ES,Combined TRACON& Tower with Radar,46,46,26,7,125,0,0,16,0,16,46,46,42,7,141,94,0,94,235
06/10/2021,CAE,SC,ASO,ES,Combined TRACON& Tower with Radar,51,50,43,10,154,0,0,25,0,25,51,50,68,10,179,38,18,56,235
06/11/2021,CAE,SC,ASO,ES,Combined TRACON& Tower with Radar,48,39,32,6,125,0,0,13,0,13,48,39,45,6,138,32,12,44,182
06/12/2021,CAE,SC,ASO,ES,Combined TRACON& Tower with Radar,29,29,23,1,82,0,0,12,0,12,29,29,35,1,94,20,0,20,114
06/13/2021,CAE,SC,ASO,ES,Combined TRACON& Tower with Radar,34,28,24,0,86,0,0,15,0,15,34,28,39,0,101,20,0,20,121
06/14/2021,CAE,SC,ASO,ES,Combined TRACON& Tower with Radar,38,38,18,4,98,0,6,28,0,34,38,44,46,4,132,42,0,42,174
06/15/2021,CAE,SC,ASO,ES,Combined TRACON& Tower with Radar,47,46,49,10,152,0,5,50,0,55,47,51,99,10,207,0,12,12,219
06/16/2021,CAE,SC,ASO,ES,Combined TRACON& Tower with Radar,47,54,35,11,147,0,0,46,0,46,47,54,81,11,193,126,0,126,319
06/17/2021,CAE,SC,ASO,ES,Combined TRACON& Tower with Radar,47,51,42,4,144,0,0,49,2,51,47,51,91,6,195,44,0,44,239
06/18/2021,CAE,SC,ASO,ES,Combined TRACON& Tower with Radar,51,44,25,0,120,0,0,38,0,38,51,44,63,0,158,62,0,62,220
06/19/2021,CAE,SC,ASO,ES,Combined TRACON& Tower with Radar,28,29,19,0,76,0,0,32,0,32,28,29,51,0,108,8,0,8,116
06/20/2021,CAE,SC,ASO,ES,Combined TRACON& Tower with Radar,36,23,15,0,74,0,0,0,0,0,36,23,15,0,74,2,0,2,76
06/21/2021,CAE,SC,ASO,ES,Combined TRACON& Tower with Radar,40,36,36,12,124,0,0,23,0,23,40,36,59,12,147,0,16,16,163
06/22/2021,CAE,SC,ASO,ES,Combined TRACON& Tower with Radar,48,45,29,12,134,0,1,3,0,4,48,46,32,12,138,48,0,48,186
06/23/2021,CAE,SC,ASO,ES,Combined TRACON& Tower with Radar,47,45,39,11,142,0,3,19,2,24,47,48,58,13,166,14,22,36,202
06/24/2021,CAE,SC,ASO,ES,Combined TRACON& Tower with Radar,50,45,39,24,158,0,0,44,6,50,50,45,83,30,208,6,24,30,238
06/25/2021,CAE,SC,ASO,ES,Combined TRACON& Tower with Radar,46,39,33,2,120,0,2,31,0,33,46,41,64,2,153,52,0,52,205
06/26/2021,CAE,SC,ASO,ES,Combined TRACON& Tower with Radar,26,22,25,0,73,0,0,20,0,20,26,22,45,0,93,34,0,34,127
06/27/2021,CAE,SC,ASO,ES,Combined TRACON& Tower with Radar,35,26,27,0,88,0,0,14,2,16,35,26,41,2,104,64,0,64,168
06/28/2021,CAE,SC,ASO,ES,Combined TRACON& Tower with Radar,37,32,29,0,98,0,1,15,0,16,37,33,44,0,114,2,0,2,116
06/29/2021,CAE,SC,ASO,ES,Combined TRACON& Tower with Radar,46,45,39,11,141,0,0,19,4,23,46,45,58,15,164,22,8,30,194
06/30/2021,CAE,SC,ASO,ES,Combined TRACON& Tower with Radar,45,42,41,12,140,0,0,29,2,31,45,42,70,14,171,64,18,82,253
07/01/2021,CAE,SC,ASO,ES,Combined TRACON& Tower with Radar,47,44,47,4,142,0,0,19,0,19,47,44,66,4,161,2,0,2,163
07/02/2021,CAE,SC,ASO,ES,Combined TRACON& Tower with Radar,42,45,16,0,103,0,0,0,0,0,42,45,16,0,103,0,0,0,103
07/03/2021,CAE,SC,ASO,ES,Combined TRACON& Tower with Radar,28,23,13,0,64,0,0,35,0,35,28,23,48,0,99,0,0,0,99
07/04/2021,CAE,SC,ASO,ES,Combined TRACON& Tower with Radar,26,22,9,0,57,0,0,16,0,16,26,22,25,0,73,0,0,0,73
07/05/2021,CAE,SC,ASO,ES,Combined TRACON& Tower with Radar,28,27,25,0,80,0,0,37,0,37,28,27,62,0,117,10,0,10,127
07/06/2021,CAE,SC,ASO,ES,Combined TRACON& Tower with Radar,36,48,33,2,119,0,1,28,0,29,36,49,61,2,148,0,0,0,148
07/07/2021,CAE,SC,ASO,ES,Combined TRACON& Tower with Radar,45,40,30,2,117,0,2,27,0,29,45,42,57,2,146,6,0,6,152
07/08/2021,CAE,SC,ASO,ES,Combined TRACON& Tower with Radar,50,54,11,5,120,0,0,2,2,4,50,54,13,7,124,6,0,6,130
07/09/2021,CAE,SC,ASO,ES,Combined TRACON& Tower with Radar,49,42,28,13,132,0,0,15,3,18,49,42,43,16,150,34,6,40,190
07/10/2021,CAE,SC,ASO,ES,Combined TRACON& Tower with Radar,32,26,23,0,81,0,0,24,0,24,32,26,47,0,105,16,0,16,121
07/11/2021,CAE,SC,ASO,ES,Combined TRACON& Tower with Radar,30,28,17,3,78,0,0,24,0,24,30,28,41,3,102,16,0,16,118
07/12/2021,CAE,SC,ASO,ES,Combined TRACON& Tower with Radar,40,34,29,27,130,0,0,10,3,13,40,34,39,30,143,0,32,32,175
07/13/2021,CAE,SC,ASO,ES,Combined TRACON& Tower with Radar,45,49,41,8,143,0,3,26,1,30,45,52,67,9,173,24,8,32,205
07/14/2021,CAE,SC,ASO,ES,Combined TRACON& Tower with Radar,45,50,41,26,162,0,2,20,0,22,45,52,61,26,184,52,24,76,260
07/15/2021,CAE,SC,ASO,ES,Combined TRACON& Tower with Radar,50,58,28,5,141,0,0,35,1,36,50,58,63,6,177,48,0,48,225
07/16/2021,CAE,SC,ASO,ES,Combined TRACON& Tower with Radar,45,37,26,8,116,0,0,25,0,25,45,37,51,8,141,28,12,40,181
07/17/2021,CAE,SC,ASO,ES,Combined TRACON& Tower with Radar,24,22,11,0,57,0,1,19,0,20,24,23,30,0,77,6,0,6,83
07/18/2021,CAE,SC,ASO,ES,Combined TRACON& Tower with Radar,34,31,13,0,78,0,1,18,0,19,34,32,31,0,97,8,0,8,105
07/19/2021,CAE,SC,ASO,ES,Combined TRACON& Tower with Radar,40,34,30,2,106,0,0,6,0,6,40,34,36,2,112,0,0,0,112
07/20/2021,CAE,SC,ASO,ES,Combined TRACON& Tower with Radar,42,51,28,1,122,0,0,3,0,3,42,51,31,1,125,0,0,0,125
07/21/2021,CAE,SC,ASO,ES,Combined TRACON& Tower with Radar,44,57,43,3,147,0,1,31,2,34,44,58,74,5,181,62,0,62,243
07/22/2021,CAE,SC,ASO,ES,Combined TRACON& Tower with Radar,51,47,29,0,127,0,0,25,0,25,51,47,54,0,152,26,0,26,178
07/23/2021,CAE,SC,ASO,ES,Combined TRACON& Tower with Radar,43,43,30,6,122,0,0,23,0,23,43,43,53,6,145,22,4,26,171
07/24/2021,CAE,SC,ASO,ES,Combined TRACON& Tower with Radar,28,29,20,0,77,0,2,28,0,30,28,31,48,0,107,4,0,4,111
07/25/2021,CAE,SC,ASO,ES,Combined TRACON& Tower with Radar,34,31,12,3,80,0,0,28,1,29,34,31,40,4,109,2,0,2,111
07/26/2021,CAE,SC,ASO,ES,Combined TRACON& Tower with Radar,55,34,29,3,121,0,1,19,6,26,55,35,48,9,147,40,0,40,187
07/27/2021,CAE,SC,ASO,ES,Combined TRACON& Tower with Radar,54,43,35,6,138,0,0,7,4,11,54,43,42,10,149,32,0,32,181
07/28/2021,CAE,SC,ASO,ES,Combined TRACON& Tower with Radar,47,51,47,26,171,0,0,14,6,20,47,51,61,32,191,46,14,60,251
07/29/2021,CAE,SC,ASO,ES,Combined TRACON& Tower with Radar,49,47,31,5,132,0,0,18,0,18,49,47,49,5,150,42,22,64,214
07/30/2021,CAE,SC,ASO,ES,Combined TRACON& Tower with Radar,42,38,33,12,125,0,0,24,0,24,42,38,57,12,149,100,4,104,253
07/31/2021,CAE,SC,ASO,ES,Combined TRACON& Tower with Radar,32,29,23,0,84,0,0,24,0,24,32,29,47,0,108,76,0,76,184
08/01/2021,CAE,SC,ASO,ES,Combined TRACON& Tower with Radar,25,29,19,0,73,0,0,15,8,23,25,29,34,8,96,4,0,4,100
08/02/2021,CAE,SC,ASO,ES,Combined TRACON& Tower with Radar,39,39,33,5,116,0,0,24,1,25,39,39,57,6,141,26,0,26,167
08/03/2021,CAE,SC,ASO,ES,Combined TRACON& Tower with Radar,48,38,20,2,108,0,0,3,0,3,48,38,23,2,111,58,0,58,169
08/04/2021,CAE,SC,ASO,ES,Combined TRACON& Tower with Radar,46,49,28,6,129,0,1,6,1,8,46,50,34,7,137,86,0,86,223
08/05/2021,CAE,SC,ASO,ES,Combined TRACON& Tower with Radar,43,51,44,8,146,0,0,18,4,22,43,51,62,12,168,44,0,44,212
08/06/2021,CAE,SC,ASO,ES,Combined TRACON& Tower with Radar,41,50,24,3,118,0,0,3,0,3,41,50,27,3,121,0,0,0,121
08/07/2021,CAE,SC,ASO,ES,Combined TRACON& Tower with Radar,23,25,20,1,69,0,0,5,0,5,23,25,25,1,74,110,0,110,184
08/08/2021,CAE,SC,ASO,ES,Combined TRACON& Tower with Radar,28,28,16,2,74,0,0,24,0,24,28,28,40,2,98,6,0,6,104
08/09/2021,CAE,SC,ASO,ES,Combined TRACON& Tower with Radar,35,36,30,2,103,0,0,23,0,23,35,36,53,2,126,42,0,42,168
08/10/2021,CAE,SC,ASO,ES,Combined TRACON& Tower with Radar,45,41,42,4,132,0,0,20,2,22,45,41,62,6,154,30,2,32,186
08/11/2021,CAE,SC,ASO,ES,Combined TRACON& Tower with Radar,44,50,30,20,144,0,1,33,2,36,44,51,63,22,180,14,20,34,214
08/12/2021,CAE,SC,ASO,ES,Combined TRACON& Tower with Radar,45,51,22,19,137,0,1,27,1,29,45,52,49,20,166,42,30,72,238
08/13/2021,CAE,SC,ASO,ES,Combined TRACON& Tower with Radar,50,45,34,5,134,0,0,24,1,25,50,45,58,6,159,34,8,42,201
08/14/2021,CAE,SC,ASO,ES,Combined TRACON& Tower with Radar,29,24,23,0,76,0,0,35,0,35,29,24,58,0,111,8,0,8,119
08/15/2021,CAE,SC,ASO,ES,Combined TRACON& Tower with Radar,26,30,23,0,79,0,0,3,0,3,26,30,26,0,82,2,0,2,84
08/16/2021,CAE,SC,ASO,ES,Combined TRACON& Tower with Radar,39,38,38,0,115,0,0,0,0,0,39,38,38,0,115,0,0,0,115
08/17/2021,CAE,SC,ASO,ES,Combined TRACON& Tower with Radar,47,38,23,0,108,0,0,0,0,0,47,38,23,0,108,0,0,0,108
08/18/2021,CAE,SC,ASO,ES,Combined TRACON& Tower with Radar,49,46,33,16,144,0,0,25,2,27,49,46,58,18,171,24,16,40,211
08/19/2021,CAE,SC,ASO,ES,Combined TRACON& Tower with Radar,53,54,24,12,143,0,0,17,2,19,53,54,41,14,162,18,20,38,200
08/20/2021,CAE,SC,ASO,ES,Combined TRACON& Tower with Radar,46,40,29,10,125,0,0,21,0,21,46,40,50,10,146,20,8,28,174
08/21/2021,CAE,SC,ASO,ES,Combined TRACON& Tower with Radar,32,21,18,4,75,0,0,17,1,18,32,21,35,5,93,10,0,10,103
08/22/2021,CAE,SC,ASO,ES,Combined TRACON& Tower with Radar,33,28,16,0,77,0,0,5,0,5,33,28,21,0,82,6,0,6,88
08/23/2021,CAE,SC,ASO,ES,Combined TRACON& Tower with Radar,41,31,27,13,112,0,0,6,0,6,41,31,33,13,118,0,0,0,118
08/24/2021,CAE,SC,ASO,ES,Combined TRACON& Tower with Radar,50,43,34,14,141,0,0,25,0,25,50,43,59,14,166,30,6,36,202
08/25/2021,CAE,SC,ASO,ES,Combined TRACON& Tower with Radar,46,48,34,5,133,0,0,19,1,20,46,48,53,6,153,16,6,22,175
08/26/2021,CAE,SC,ASO,ES,Combined TRACON& Tower with Radar,52,49,47,4,152,0,1,30,0,31,52,50,77,4,183,48,14,62,245
08/27/2021,CAE,SC,ASO,ES,Combined TRACON& Tower with Radar,45,44,33,10,132,0,0,19,0,19,45,44,52,10,151,36,12,48,199
08/28/2021,CAE,SC,ASO,ES,Combined TRACON& Tower with Radar,32,33,22,1,88,0,0,21,0,21,32,33,43,1,109,34,0,34,143
08/29/2021,CAE,SC,ASO,ES,Combined TRACON& Tower with Radar,35,32,26,0,93,0,0,13,0,13,35,32,39,0,106,20,0,20,126
08/30/2021,CAE,SC,ASO,ES,Combined TRACON& Tower with Radar,39,34,36,5,114,0,0,31,1,32,39,34,67,6,146,28,18,46,192
08/31/2021,CAE,SC,ASO,ES,Combined TRACON& Tower with Radar,51,40,26,2,119,0,0,14,0,14,51,40,40,2,133,46,0,46,179
09/01/2021,CAE,SC,ASO,ES,Combined TRACON& Tower with Radar,63,42,26,6,137,0,0,2,0,2,63,42,28,6,139,60,4,64,203
09/02/2021,CAE,SC,ASO,ES,Combined TRACON& Tower with Radar,53,58,33,3,147,0,0,30,2,32,53,58,63,5,179,42,0,42,221
09/03/2021,CAE,SC,ASO,ES,Combined TRACON& Tower with Radar,45,53,25,3,126,0,0,22,0,22,45,53,47,3,148,26,0,26,174
09/04/2021,CAE,SC,ASO,ES,Combined TRACON& Tower with Radar,33,21,18,0,72,0,0,25,0,25,33,21,43,0,97,0,0,0,97
09/05/2021,CAE,SC,ASO,ES,Combined TRACON& Tower with Radar,25,17,15,0,57,0,1,14,0,15,25,18,29,0,72,2,0,2,74
09/06/2021,CAE,SC,ASO,ES,Combined TRACON& Tower with Radar,38,17,22,1,78,0,0,11,0,11,38,17,33,1,89,10,0,10,99
09/07/2021,CAE,SC,ASO,ES,Combined TRACON& Tower with Radar,41,36,21,2,100,0,1,28,0,29,41,37,49,2,129,45,0,45,174
09/08/2021,CAE,SC,ASO,ES,Combined TRACON& Tower with Radar,49,48,31,15,143,0,0,4,0,4,49,48,35,15,147,40,0,40,187
09/09/2021,CAE,SC,ASO,ES,Combined TRACON& Tower with Radar,57,49,20,21,147,0,0,11,0,11,57,49,31,21,158,30,6,36,194
09/10/2021,CAE,SC,ASO,ES,Combined TRACON& Tower with Radar,47,45,42,10,144,0,0,45,1,46,47,45,87,11,190,30,10,40,230
09/11/2021,CAE,SC,ASO,ES,Combined TRACON& Tower with Radar,37,21,17,2,77,0,0,36,0,36,37,21,53,2,113,10,4,14,127
09/12/2021,CAE,SC,ASO,ES,Combined TRACON& Tower with Radar,36,25,24,5,90,0,0,33,1,34,36,25,57,6,124,22,10,32,156
09/13/2021,CAE,SC,ASO,ES,Combined TRACON& Tower with Radar,44,30,25,12,111,0,0,37,4,41,44,30,62,16,152,34,14,48,200
09/14/2021,CAE,SC,ASO,ES,Combined TRACON& Tower with Radar,52,40,34,2,128,0,2,30,11,43,52,42,64,13,171,28,0,28,199
09/15/2021,CAE,SC,ASO,ES,Combined TRACON& Tower with Radar,52,41,41,0,134,0,0,9,4,13,52,41,50,4,147,18,0,18,165
09/16/2021,CAE,SC,ASO,ES,Combined TRACON& Tower with Radar,54,52,36,0,142,0,0,1,0,1,54,52,37,0,143,0,0,0,143
09/17/2021,CAE,SC,ASO,ES,Combined TRACON& Tower with Radar,51,41,43,12,147,0,0,29,0,29,51,41,72,12,176,36,0,36,212
09/18/2021,CAE,SC,ASO,ES,Combined TRACON& Tower with Radar,39,18,11,0,68,0,0,20,0,20,39,18,31,0,88,32,0,32,120
09/19/2021,CAE,SC,ASO,ES,Combined TRACON& Tower with Radar,41,38,15,2,96,0,1,7,0,8,41,39,22,2,104,4,0,4,108
09/20/2021,CAE,SC,ASO,ES,Combined TRACON& Tower with Radar,46,35,39,18,138,0,0,2,0,2,46,35,41,18,140,0,12,12,152
09/21/2021,CAE,SC,ASO,ES,Combined TRACON& Tower with Radar,54,45,32,2,133,0,0,4,0,4,54,45,36,2,137,10,0,10,147
09/22/2021,CAE,SC,ASO,ES,Combined TRACON& Tower with Radar,55,39,42,20,156,0,0,0,0,0,55,39,42,20,156,36,12,48,204
09/23/2021,CAE,SC,ASO,ES,Combined TRACON& Tower with Radar,52,51,46,32,181,0,0,41,3,44,52,51,87,35,225,26,8,34,259
09/24/2021,CAE,SC,ASO,ES,Combined TRACON& Tower with Radar,49,50,45,4,148,0,0,48,0,48,49,50,93,4,196,30,0,30,226
09/25/2021,CAE,SC,ASO,ES,Combined TRACON& Tower with Radar,36,20,25,4,85,0,0,27,2,29,36,20,52,6,114,0,0,0,114
09/26/2021,CAE,SC,ASO,ES,Combined TRACON& Tower with Radar,43,35,24,6,108,0,0,29,1,30,43,35,53,7,138,48,0,48,186
09/27/2021,CAE,SC,ASO,ES,Combined TRACON& Tower with Radar,44,31,32,10,117,0,0,46,0,46,44,31,78,10,163,42,6,48,211
09/28/2021,CAE,SC,ASO,ES,Combined TRACON& Tower with Radar,53,36,31,35,155,0,1,29,0,30,53,37,60,35,185,66,24,90,275
09/29/2021,CAE,SC,ASO,ES,Combined TRACON& Tower with Radar,52,40,23,23,138,0,0,22,7,29,52,40,45,30,167,30,28,58,225
09/30/2021,CAE,SC,ASO,ES,Combined TRACON& Tower with Radar,53,52,55,25,185,0,1,31,3,35,53,53,86,28,220,38,18,56,276
10/01/2021,CAE,SC,ASO,ES,Combined TRACON& Tower with Radar,50,35,47,24,156,0,0,26,0,26,50,35,73,24,182,36,0,36,218
10/02/2021,CAE,SC,ASO,ES,Combined TRACON& Tower with Radar,37,21,27,0,85,0,0,46,0,46,37,21,73,0,131,8,0,8,139
10/03/2021,CAE,SC,ASO,ES,Combined TRACON& Tower with Radar,40,24,17,0,81,0,0,26,2,28,40,24,43,2,109,28,0,28,137
10/04/2021,CAE,SC,ASO,ES,Combined TRACON& Tower with Radar,45,33,48,8,134,0,0,16,0,16,45,33,64,8,150,40,0,40,190
10/05/2021,CAE,SC,ASO,ES,Combined TRACON& Tower with Radar,52,32,20,14,118,0,4,3,2,9,52,36,23,16,127,14,8,22,149
10/06/2021,CAE,SC,ASO,ES,Combined TRACON& Tower with Radar,55,44,36,17,152,0,4,4,0,8,55,48,40,17,160,10,0,10,170
10/07/2021,CAE,SC,ASO,ES,Combined TRACON& Tower with Radar,49,57,36,6,148,0,0,5,0,5,49,57,41,6,153,14,0,14,167
10/08/2021,CAE,SC,ASO,ES,Combined TRACON& Tower with Radar,45,48,29,0,122,0,0,1,0,1,45,48,30,0,123,6,0,6,129
10/09/2021,CAE,SC,ASO,ES,Combined TRACON& Tower with Radar,37,27,26,0,90,0,0,5,0,5,37,27,31,0,95,10,0,10,105
10/10/2021,CAE,SC,ASO,ES,Combined TRACON& Tower with Radar,37,33,30,0,100,0,0,24,0,24,37,33,54,0,124,6,0,6,130
10/11/2021,CAE,SC,ASO,ES,Combined TRACON& Tower with Radar,39,33,48,0,120,0,0,8,0,8,39,33,56,0,128,84,0,84,212
10/12/2021,CAE,SC,ASO,ES,Combined TRACON& Tower with Radar,53,43,33,2,131,0,0,37,9,46,53,43,70,11,177,40,18,58,235
10/13/2021,CAE,SC,ASO,ES,Combined TRACON& Tower with Radar,49,50,51,14,164,0,0,53,1,54,49,50,104,15,218,16,8,24,242
10/14/2021,CAE,SC,ASO,ES,Combined TRACON& Tower with Radar,50,50,43,24,167,0,1,45,2,48,50,51,88,26,215,54,0,54,269
10/15/2021,CAE,SC,ASO,ES,Combined TRACON& Tower with Radar,43,48,40,14,145,0,1,42,1,44,43,49,82,15,189,62,12,74,263
10/16/2021,CAE,SC,ASO,ES,Combined TRACON& Tower with Radar,36,30,25,0,91,0,0,19,0,19,36,30,44,0,110,28,0,28,138
10/17/2021,CAE,SC,ASO,ES,Combined TRACON& Tower with Radar,35,24,41,3,103,0,0,28,1,29,35,24,69,4,132,36,0,36,168
10/18/2021,CAE,SC,ASO,ES,Combined TRACON& Tower with Radar,41,40,43,6,130,0,0,40,5,45,41,40,83,11,175,54,0,54,229
10/19/2021,CAE,SC,ASO,ES,Combined TRACON& Tower with Radar,48,40,49,32,169,0,0,39,2,41,48,40,88,34,210,24,32,56,266
10/20/2021,CAE,SC,ASO,ES,Combined TRACON& Tower with Radar,52,45,47,10,154,0,0,38,4,42,52,45,85,14,196,42,16,58,254
10/21/2021,CAE,SC,ASO,ES,Combined TRACON& Tower with Radar,53,47,51,4,155,0,0,24,3,27,53,47,75,7,182,20,0,20,202
10/22/2021,CAE,SC,ASO,ES,Combined TRACON& Tower with Radar,49,53,38,6,146,0,0,14,2,16,49,53,52,8,162,62,0,62,224
10/23/2021,CAE,SC,ASO,ES,Combined TRACON& Tower with Radar,34,43,26,0,103,0,2,32,0,34,34,45,58,0,137,0,0,0,137
10/24/2021,CAE,SC,ASO,ES,Combined TRACON& Tower with Radar,35,39,37,0,111,0,0,32,0,32,35,39,69,0,143,18,0,18,161
10/25/2021,CAE,SC,ASO,ES,Combined TRACON& Tower with Radar,41,34,25,2,102,0,0,18,0,18,41,34,43,2,120,30,0,30,150
10/26/2021,CAE,SC,ASO,ES,Combined TRACON& Tower with Radar,52,49,31,13,145,0,0,28,2,30,52,49,59,15,175,60,4,64,239
10/27/2021,CAE,SC,ASO,ES,Combined TRACON& Tower with Radar,50,51,56,15,172,0,0,44,5,49,50,51,100,20,221,110,26,136,357
10/28/2021,CAE,SC,ASO,ES,Combined TRACON& Tower with Radar,47,52,35,6,140,0,0,2,0,2,47,52,37,6,142,8,2,10,152
10/29/2021,CAE,SC,ASO,ES,Combined TRACON& Tower with Radar,48,52,31,4,135,0,2,7,0,9,48,54,38,4,144,50,6,56,200
10/30/2021,CAE,SC,ASO,ES,Combined TRACON& Tower with Radar,35,26,41,0,102,0,0,15,0,15,35,26,56,0,117,0,0,0,117
10/31/2021,CAE,SC,ASO,ES,Combined TRACON& Tower with Radar,35,20,21,0,76,0,0,31,0,31,35,20,52,0,107,2,0,2,109
11/01/2021,CAE,SC,ASO,ES,Combined TRACON& Tower with Radar,39,31,33,9,112,0,1,38,1,40,39,32,71,10,152,72,10,82,234
11/02/2021,CAE,SC,ASO,ES,Combined TRACON& Tower with Radar,46,47,32,33,158,0,1,30,1,32,46,48,62,34,190,12,12,24,214
11/03/2021,CAE,SC,ASO,ES,Combined TRACON& Tower with Radar,43,45,41,4,133,0,0,34,0,34,43,45,75,4,167,42,6,48,215
11/04/2021,CAE,SC,ASO,ES,Combined TRACON& Tower with Radar,45,50,44,8,147,0,0,5,0,5,45,50,49,8,152,48,10,58,210
11/05/2021,CAE,SC,ASO,ES,Combined TRACON& Tower with Radar,41,49,45,4,139,0,0,36,0,36,41,49,81,4,175,74,0,74,249
11/06/2021,CAE,SC,ASO,ES,Combined TRACON& Tower with Radar,28,41,15,4,88,0,0,9,0,9,28,41,24,4,97,8,0,8,105
11/07/2021,CAE,SC,ASO,ES,Combined TRACON& Tower with Radar,28,28,31,0,87,0,0,22,0,22,28,28,53,0,109,4,0,4,113
11/08/2021,CAE,SC,ASO,ES,Combined TRACON& Tower with Radar,37,36,29,20,122,0,0,42,0,42,37,36,71,20,164,26,16,42,206
11/09/2021,CAE,SC,ASO,ES,Combined TRACON& Tower with Radar,44,42,37,15,138,0,0,59,3,62,44,42,96,18,200,10,0,10,210
11/10/2021,CAE,SC,ASO,ES,Combined TRACON& Tower with Radar,43,44,53,20,160,0,0,35,4,39,43,44,88,24,199,64,20,84,283
11/11/2021,CAE,SC,ASO,ES,Combined TRACON& Tower with Radar,47,53,45,0,145,0,0,14,0,14,47,53,59,0,159,34,0,34,193
11/12/2021,CAE,SC,ASO,ES,Combined TRACON& Tower with Radar,42,49,31,0,122,0,1,41,0,42,42,50,72,0,164,70,0,70,234
11/13/2021,CAE,SC,ASO,ES,Combined TRACON& Tower with Radar,22,38,23,0,83,0,1,26,0,27,22,39,49,0,110,52,0,52,162
11/14/2021,CAE,SC,ASO,ES,Combined TRACON& Tower with Radar,29,28,27,1,85,0,0,35,0,35,29,28,62,1,120,28,0,28,148
11/15/2021,CAE,SC,ASO,ES,Combined TRACON& Tower with Radar,39,41,28,1,109,0,0,34,0,34,39,41,62,1,143,22,0,22,165
11/16/2021,CAE,SC,ASO,ES,Combined TRACON& Tower with Radar,44,52,32,8,136,0,0,27,0,27,44,52,59,8,163,54,12,66,229
11/17/2021,CAE,SC,ASO,ES,Combined TRACON& Tower with Radar,46,49,47,19,161,0,0,46,3,49,46,49,93,22,210,64,8,72,282
11/18/2021,CAE,SC,ASO,ES,Combined TRACON& Tower with Radar,53,66,35,2,156,0,3,27,0,30,53,69,62,2,186,0,0,0,186
11/19/2021,CAE,SC,ASO,ES,Combined TRACON& Tower with Radar,45,46,57,4,152,0,3,48,0,51,45,49,105,4,203,22,0,22,225
11/20/2021,CAE,SC,ASO,ES,Combined TRACON& Tower with Radar,23,25,42,0,90,0,1,23,2,26,23,26,65,2,116,0,0,0,116
11/21/2021,CAE,SC,ASO,ES,Combined TRACON& Tower with Radar,33,31,31,0,95,0,1,32,0,33,33,32,63,0,128,38,0,38,166
11/22/2021,CAE,SC,ASO,ES,Combined TRACON& Tower with Radar,39,46,25,2,112,0,0,4,0,4,39,46,29,2,116,42,0,42,158
11/23/2021,CAE,SC,ASO,ES,Combined TRACON& Tower with Radar,59,69,46,4,178,0,3,40,0,43,59,72,86,4,221,22,0,22,243
11/24/2021,CAE,SC,ASO,ES,Combined TRACON& Tower with Radar,53,59,49,2,163,0,1,18,0,19,53,60,67,2,182,8,0,8,190
11/25/2021,CAE,SC,ASO,ES,Combined TRACON& Tower with Radar,21,17,1,0,39,0,2,4,0,6,21,19,5,0,45,0,0,0,45
11/26/2021,CAE,SC,ASO,ES,Combined TRACON& Tower with Radar,26,36,29,0,91,0,0,11,0,11,26,36,40,0,102,14,0,14,116
11/27/2021,CAE,SC,ASO,ES,Combined TRACON& Tower with Radar,29,39,23,0,91,0,0,30,0,30,29,39,53,0,121,6,0,6,127
11/28/2021,CAE,SC,ASO,ES,Combined TRACON& Tower with Radar,34,46,43,0,123,0,0,14,0,14,34,46,57,0,137,0,0,0,137
11/29/2021,CAE,SC,ASO,ES,Combined TRACON& Tower with Radar,43,48,31,10,132,0,1,25,0,26,43,49,56,10,158,10,0,10,168
11/30/2021,CAE,SC,ASO,ES,Combined TRACON& Tower with Radar,62,48,41,22,173,0,1,19,0,20,62,49,60,22,193,48,2,50,243
12/01/2021,CAE,SC,ASO,ES,Combined TRACON& Tower with Radar,55,50,40,16,161,0,0,35,1,36,55,50,75,17,197,24,6,30,227
12/02/2021,CAE,SC,ASO,ES,Combined TRACON& Tower with Radar,59,53,40,13,165,0,1,24,0,25,59,54,64,13,190,40,0,40,230
12/03/2021,CAE,SC,ASO,ES,Combined TRACON& Tower with Radar,47,46,42,13,148,0,2,40,0,42,47,48,82,13,190,50,8,58,248
12/04/2021,CAE,SC,ASO,ES,Combined TRACON& Tower with Radar,25,31,25,2,83,0,1,27,0,28,25,32,52,2,111,4,0,4,115
12/05/2021,CAE,SC,ASO,ES,Combined TRACON& Tower with Radar,32,26,34,2,94,0,1,7,0,8,32,27,41,2,102,16,0,16,118
12/06/2021,CAE,SC,ASO,ES,Combined TRACON& Tower with Radar,43,43,20,22,128,0,2,10,0,12,43,45,30,22,140,30,22,52,192
12/07/2021,CAE,SC,ASO,ES,Combined TRACON& Tower with Radar,57,46,40,10,153,0,3,16,4,23,57,49,56,14,176,60,0,60,236
12/08/2021,CAE,SC,ASO,ES,Combined TRACON& Tower with Radar,54,46,54,29,183,0,0,0,0,0,54,46,54,29,183,0,0,0,183
12/09/2021,CAE,SC,ASO,ES,Combined TRACON& Tower with Radar,61,57,37,17,172,0,0,20,0,20,61,57,57,17,192,12,8,20,212
12/10/2021,CAE,SC,ASO,ES,Combined TRACON& Tower with Radar,47,54,33,10,144,0,0,1,0,1,47,54,34,10,145,0,0,0,145
12/11/2021,CAE,SC,ASO,ES,Combined TRACON& Tower with Radar,24,34,8,0,66,0,0,1,0,1,24,34,9,0,67,0,0,0,67
12/12/2021,CAE,SC,ASO,ES,Combined TRACON& Tower with Radar,29,21,37,2,89,0,2,25,2,29,29,23,62,4,118,26,0,26,144
12/13/2021,CAE,SC,ASO,ES,Combined TRACON& Tower with Radar,39,41,42,10,132,0,2,31,0,33,39,43,73,10,165,46,0,46,211
12/14/2021,CAE,SC,ASO,ES,Combined TRACON& Tower with Radar,60,56,41,29,186,0,4,26,3,33,60,60,67,32,219,28,20,48,267
12/15/2021,CAE,SC,ASO,ES,Combined TRACON& Tower with Radar,58,44,55,9,166,0,1,39,10,50,58,45,94,19,216,52,0,52,268
12/16/2021,CAE,SC,ASO,ES,Combined TRACON& Tower with Radar,63,56,37,3,159,0,0,22,3,25,63,56,59,6,184,18,0,18,202
12/17/2021,CAE,SC,ASO,ES,Combined TRACON& Tower with Radar,61,48,21,11,141,0,0,2,1,3,61,48,23,12,144,32,0,32,176
12/18/2021,CAE,SC,ASO,ES,Combined TRACON& Tower with Radar,51,27,14,2,94,0,0,10,0,10,51,27,24,2,104,44,0,44,148
12/19/2021,CAE,SC,ASO,ES,Combined TRACON& Tower with Radar,36,35,14,1,86,0,0,1,0,1,36,35,15,1,87,0,0,0,87
12/20/2021,CAE,SC,ASO,ES,Combined TRACON& Tower with Radar,47,35,35,21,138,0,2,28,3,33,47,37,63,24,171,62,8,70,241
12/21/2021,CAE,SC,ASO,ES,Combined TRACON& Tower with Radar,58,55,32,11,156,0,0,2,0,2,58,55,34,11,158,0,0,0,158
12/22/2021,CAE,SC,ASO,ES,Combined TRACON& Tower with Radar,58,56,40,1,155,0,0,26,0,26,58,56,66,1,181,35,0,35,216
12/23/2021,CAE,SC,ASO,ES,Combined TRACON& Tower with Radar,58,54,32,0,144,0,0,29,0,29,58,54,61,0,173,18,0,18,191
12/24/2021,CAE,SC,ASO,ES,Combined TRACON& Tower with Radar,38,31,18,0,87,0,5,15,0,20,38,36,33,0,107,0,0,0,107
12/25/2021,CAE,SC,ASO,ES,Combined TRACON& Tower with Radar,13,14,1,0,28,0,0,3,0,3,13,14,4,0,31,0,0,0,31
12/26/2021,CAE,SC,ASO,ES,Combined TRACON& Tower with Radar,23,34,32,0,89,0,3,29,1,33,23,37,61,1,122,12,0,12,134
12/27/2021,CAE,SC,ASO,ES,Combined TRACON& Tower with Radar,32,40,33,0,105,0,0,4,0,4,32,40,37,0,109,0,0,0,109
12/28/2021,CAE,SC,ASO,ES,Combined TRACON& Tower with Radar,55,49,32,6,142,0,0,3,0,3,55,49,35,6,145,0,0,0,145
12/29/2021,CAE,SC,ASO,ES,Combined TRACON& Tower with Radar,55,54,34,6,149,0,3,1,2,6,55,57,35,8,155,0,0,0,155
12/30/2021,CAE,SC,ASO,ES,Combined TRACON& Tower with Radar,54,47,30,8,139,0,0,0,0,0,54,47,30,8,139,0,12,12,151
12/31/2021,CAE,SC,ASO,ES,Combined TRACON& Tower with Radar,33,33,23,0,89,0,0,10,0,10,33,33,33,0,99,8,0,8,107
01/01/2022,CAE,SC,ASO,ES,Combined TRACON& Tower with Radar,19,15,14,0,48,0,0,6,0,6,19,15,20,0,54,0,0,0,54
01/02/2022,CAE,SC,ASO,ES,Combined TRACON& Tower with Radar,22,29,13,0,64,0,0,3,0,3,22,29,16,0,67,0,0,0,67
01/03/2022,CAE,SC,ASO,ES,Combined TRACON& Tower with Radar,29,34,17,2,82,0,0,7,0,7,29,34,24,2,89,2,0,2,91
01/04/2022,CAE,SC,ASO,ES,Combined TRACON& Tower with Radar,36,52,32,4,124,0,0,26,0,26,36,52,58,4,150,20,0,20,170
01/05/2022,CAE,SC,ASO,ES,Combined TRACON& Tower with Radar,44,51,46,19,160,0,0,8,3,11,44,51,54,22,171,16,14,30,201
01/06/2022,CAE,SC,ASO,ES,Combined TRACON& Tower with Radar,43,45,31,32,151,0,3,33,5,41,43,48,64,37,192,72,32,104,296
01/07/2022,CAE,SC,ASO,ES,Combined TRACON& Tower with Radar,40,41,53,14,148,0,1,25,0,26,40,42,78,14,174,38,16,54,228
01/08/2022,CAE,SC,ASO,ES,Combined TRACON& Tower with Radar,23,31,30,0,84,0,0,28,1,29,23,31,58,1,113,0,0,0,113
01/09/2022,CAE,SC,ASO,ES,Combined TRACON& Tower with Radar,25,31,21,7,84,0,0,6,3,9,25,31,27,10,93,12,10,22,115
01/10/2022,CAE,SC,ASO,ES,Combined TRACON& Tower with Radar,38,37,23,10,108,0,0,30,4,34,38,37,53,14,142,50,6,56,198
01/11/2022,CAE,SC,ASO,ES,Combined TRACON& Tower with Radar,43,40,30,12,125,0,0,22,6,28,43,40,52,18,153,12,12,24,177
01/12/2022,CAE,SC,ASO,ES,Combined TRACON& Tower with Radar,42,42,34,22,140,0,2,27,4,33,42,44,61,26,173,34,34,68,241
01/13/2022,CAE,SC,ASO,ES,Combined TRACON& Tower with Radar,47,54,30,18,149,0,7,17,0,24,47,61,47,18,173,28,22,50,223
01/14/2022,CAE,SC,ASO,ES,Combined TRACON& Tower with Radar,45,44,44,10,143,0,6,27,0,33,45,50,71,10,176,62,8,70,246
01/15/2022,CAE,SC,ASO,ES,Combined TRACON& Tower with Radar,24,24,31,2,81,0,1,20,0,21,24,25,51,2,102,26,0,26,128
01/16/2022,CAE,SC,ASO,ES,Combined TRACON& Tower with Radar,24,10,4,2,40,0,0,0,0,0,24,10,4,2,40,0,0,0,40
01/17/2022,CAE,SC,ASO,ES,Combined TRACON& Tower with Radar,34,32,24,1,91,0,0,0,0,0,34,32,24,1,91,0,0,0,91
01/18/2022,CAE,SC,ASO,ES,Combined TRACON& Tower with Radar,39,36,39,13,127,1,2,25,0,28,40,38,64,13,155,44,16,60,215
01/19/2022,CAE,SC,ASO,ES,Combined TRACON& Tower with Radar,43,46,38,8,135,0,5,37,0,42,43,51,75,8,177,4,8,12,189
01/20/2022,CAE,SC,ASO,ES,Combined TRACON& Tower with Radar,45,41,34,4,124,0,0,5,2,7,45,41,39,6,131,0,6,6,137
01/21/2022,CAE,SC,ASO,ES,Combined TRACON& Tower with Radar,40,33,17,0,90,0,0,1,0,1,40,33,18,0,91,0,0,0,91
01/22/2022,CAE,SC,ASO,ES,Combined TRACON& Tower with Radar,22,22,19,1,64,0,0,6,0,6,22,22,25,1,70,4,0,4,74
01/23/2022,CAE,SC,ASO,ES,Combined TRACON& Tower with Radar,30,26,19,0,75,0,9,15,0,24,30,35,34,0,99,44,0,44,143
01/24/2022,CAE,SC,ASO,ES,Combined TRACON& Tower with Radar,37,35,45,4,121,0,2,33,0,35,37,37,78,4,156,56,0,56,212
01/25/2022,CAE,SC,ASO,ES,Combined TRACON& Tower with Radar,46,47,42,11,146,0,3,20,5,28,46,50,62,16,174,72,8,80,254
01/26/2022,CAE,SC,ASO,ES,Combined TRACON& Tower with Radar,45,44,46,3,138,0,5,36,1,42,45,49,82,4,180,30,0,30,210
01/27/2022,CAE,SC,ASO,ES,Combined TRACON& Tower with Radar,48,52,48,22,170,0,0,38,2,40,48,52,86,24,210,20,16,36,246
01/28/2022,CAE,SC,ASO,ES,Combined TRACON& Tower with Radar,53,42,42,26,163,0,2,30,0,32,53,44,72,26,195,70,32,102,297
01/29/2022,CAE,SC,ASO,ES,Combined TRACON& Tower with Radar,29,23,13,1,66,0,0,16,0,16,29,23,29,1,82,96,0,96,178
01/30/2022,CAE,SC,ASO,ES,Combined TRACON& Tower with Radar,28,25,18,0,71,0,0,18,2,20,28,25,36,2,91,10,0,10,101
01/31/2022,CAE,SC,ASO,ES,Combined TRACON& Tower with Radar,35,40,33,18,126,0,0,26,2,28,35,40,59,20,154,68,0,68,222
02/01/2022,CAE,SC,ASO,ES,Combined TRACON& Tower with Radar,42,43,49,28,162,0,2,27,2,31,42,45,76,30,193,32,2,34,227
02/02/2022,CAE,SC,ASO,ES,Combined TRACON& Tower with Radar,42,40,54,8,144,0,0,34,2,36,42,40,88,10,180,26,0,26,206
02/03/2022,CAE,SC,ASO,ES,Combined TRACON& Tower with Radar,38,43,31,17,129,0,0,4,1,5,38,43,35,18,134,0,6,6,140
02/04/2022,CAE,SC,ASO,ES,Combined TRACON& Tower with Radar,34,43,31,2,110,0,0,0,0,0,34,43,31,2,110,0,0,0,110
02/05/2022,CAE,SC,ASO,ES,Combined TRACON& Tower with Radar,27,27,24,0,78,0,0,34,0,34,27,27,58,0,112,24,0,24,136
02/06/2022,CAE,SC,ASO,ES,Combined TRACON& Tower with Radar,31,21,20,2,74,0,3,20,0,23,31,24,40,2,97,0,0,0,97
02/07/2022,CAE,SC,ASO,ES,Combined TRACON& Tower with Radar,37,41,24,14,116,0,0,0,0,0,37,41,24,14,116,0,0,0,116
02/08/2022,CAE,SC,ASO,ES,Combined TRACON& Tower with Radar,43,49,67,22,181,0,0,9,1,10,43,49,76,23,191,40,14,54,245
02/09/2022,CAE,SC,ASO,ES,Combined TRACON& Tower with Radar,42,54,49,19,164,0,2,36,10,48,42,56,85,29,212,50,16,66,278
02/10/2022,CAE,SC,ASO,ES,Combined TRACON& Tower with Radar,44,50,59,2,155,0,3,36,0,39,44,53,95,2,194,26,0,26,220
02/11/2022,CAE,SC,ASO,ES,Combined TRACON& Tower with Radar,40,45,34,2,121,0,4,40,4,48,40,49,74,6,169,48,0,48,217
02/12/2022,CAE,SC,ASO,ES,Combined TRACON& Tower with Radar,24,28,21,0,73,0,3,42,1,46,24,31,63,1,119,6,0,6,125
02/13/2022,CAE,SC,ASO,ES,Combined TRACON& Tower with Radar,22,23,12,1,58,0,0,13,0,13,22,23,25,1,71,14,0,14,85
02/14/2022,CAE,SC,ASO,ES,Combined TRACON& Tower with Radar,35,41,48,3,127,0,0,26,0,26,35,41,74,3,153,66,0,66,219
02/15/2022,CAE,SC,ASO,ES,Combined TRACON& Tower with Radar,41,51,60,26,178,0,4,36,0,40,41,55,96,26,218,36,12,48,266
02/16/2022,CAE,SC,ASO,ES,Combined TRACON& Tower with Radar,43,50,48,17,158,0,1,31,0,32,43,51,79,17,190,22,14,36,226
02/17/2022,CAE,SC,ASO,ES,Combined TRACON& Tower with Radar,46,47,33,5,131,0,0,15,3,18,46,47,48,8,149,4,0,4,153
02/18/2022,CAE,SC,ASO,ES,Combined TRACON& Tower with Radar,42,60,58,16,176,0,6,16,0,22,42,66,74,16,198,72,4,76,274
02/19/2022,CAE,SC,ASO,ES,Combined TRACON& Tower with Radar,28,30,27,2,87,0,6,40,0,46,28,36,67,2,133,4,0,4,137
02/20/2022,CAE,SC,ASO,ES,Combined TRACON& Tower with Radar,27,35,41,0,103,0,0,34,0,34,27,35,75,0,137,0,0,0,137
02/21/2022,CAE,SC,ASO,ES,Combined TRACON& Tower with Radar,34,40,39,0,113,0,4,19,0,23,34,44,58,0,136,88,0,88,224
02/22/2022,CAE,SC,ASO,ES,Combined TRACON& Tower with Radar,40,53,48,10,151,0,0,18,2,20,40,53,66,12,171,8,4,12,183
02/23/2022,CAE,SC,ASO,ES,Combined TRACON& Tower with Radar,41,60,53,18,172,0,3,20,0,23,41,63,73,18,195,48,26,74,269
02/24/2022,CAE,SC,ASO,ES,Combined TRACON& Tower with Radar,41,59,51,19,170,0,4,21,8,33,41,63,72,27,203,12,14,26,229
02/25/2022,CAE,SC,ASO,ES,Combined TRACON& Tower with Radar,40,56,41,0,137,0,0,32,0,32,40,56,73,0,169,0,0,0,169
02/26/2022,CAE,SC,ASO,ES,Combined TRACON& Tower with Radar,28,29,24,0,81,0,5,24,0,29,28,34,48,0,110,30,4,34,144
02/27/2022,CAE,SC,ASO,ES,Combined TRACON& Tower with Radar,28,28,29,1,86,0,0,2,0,2,28,28,31,1,88,0,0,0,88
02/28/2022,CAE,SC,ASO,ES,Combined TRACON& Tower with Radar,35,48,47,12,142,0,2,40,5,47,35,50,87,17,189,46,16,62,251
03/01/2022,CAE,SC,ASO,ES,Combined TRACON& Tower with Radar,40,50,38,7,135,0,0,49,1,50,40,50,87,8,185,44,0,44,229
03/02/2022,CAE,SC,ASO,ES,Combined TRACON& Tower with Radar,45,52,40,8,145,0,2,48,0,50,45,54,88,8,195,26,10,36,231
03/03/2022,CAE,SC,ASO,ES,Combined TRACON& Tower with Radar,51,50,39,7,147,0,3,31,3,37,51,53,70,10,184,52,0,52,236
03/04/2022,CAE,SC,ASO,ES,Combined TRACON& Tower with Radar,45,40,43,16,144,0,2,36,0,38,45,42,79,16,182,48,10,58,240
03/05/2022,CAE,SC,ASO,ES,Combined TRACON& Tower with Radar,29,31,23,0,83,0,2,12,0,14,29,33,35,0,97,6,0,6,103
03/06/2022,CAE,SC,ASO,ES,Combined TRACON& Tower with Radar,30,17,25,0,72,0,2,11,0,13,30,19,36,0,85,0,0,0,85
03/07/2022,CAE,SC,ASO,ES,Combined TRACON& Tower with Radar,37,39,36,18,130,0,0,5,0,5,37,39,41,18,135,0,14,14,149
03/08/2022,CAE,SC,ASO,ES,Combined TRACON& Tower with Radar,42,43,37,22,144,0,2,16,4,22,42,45,53,26,166,40,4,44,210
03/09/2022,CAE,SC,ASO,ES,Combined TRACON& Tower with Radar,43,45,43,2,133,0,0,0,0,0,43,45,43,2,133,0,0,0,133
03/10/2022,CAE,SC,ASO,ES,Combined TRACON& Tower with Radar,50,53,25,19,147,0,0,1,0,1,50,53,26,19,148,0,0,0,148
03/11/2022,CAE,SC,ASO,ES,Combined TRACON& Tower with Radar,51,51,32,5,139,0,0,2,2,4,51,51,34,7,143,32,0,32,175
03/12/2022,CAE,SC,ASO,ES,Combined TRACON& Tower with Radar,28,23,23,0,74,0,2,4,2,8,28,25,27,2,82,0,0,0,82
03/13/2022,CAE,SC,ASO,ES,Combined TRACON& Tower with Radar,31,24,46,0,101,0,0,34,0,34,31,24,80,0,135,22,0,22,157
03/14/2022,CAE,SC,ASO,ES,Combined TRACON& Tower with Radar,41,32,37,20,130,0,2,58,1,61,41,34,95,21,191,92,18,110,301
03/15/2022,CAE,SC,ASO,ES,Combined TRACON& Tower with Radar,43,41,46,28,158,0,4,34,0,38,43,45,80,28,196,48,8,56,252
03/16/2022,CAE,SC,ASO,ES,Combined TRACON& Tower with Radar,45,43,27,7,122,0,0,1,0,1,45,43,28,7,123,0,0,0,123
03/17/2022,CAE,SC,ASO,ES,Combined TRACON& Tower with Radar,46,50,53,13,162,0,0,13,5,18,46,50,66,18,180,24,18,42,222
03/18/2022,CAE,SC,ASO,ES,Combined TRACON& Tower with Radar,48,42,22,6,118,0,0,17,0,17,48,42,39,6,135,74,6,80,215
03/19/2022,CAE,SC,ASO,ES,Combined TRACON& Tower with Radar,30,29,16,4,79,0,1,3,0,4,30,30,19,4,83,0,0,0,83
03/20/2022,CAE,SC,ASO,ES,Combined TRACON& Tower with Radar,30,32,33,0,95,0,1,79,2,82,30,33,112,2,177,2,0,2,179
03/21/2022,CAE,SC,ASO,ES,Combined TRACON& Tower with Radar,35,42,36,5,118,0,0,49,3,52,35,42,85,8,170,22,0,22,192
03/22/2022,CAE,SC,ASO,ES,Combined TRACON& Tower with Radar,42,48,42,11,143,0,2,17,1,20,42,50,59,12,163,30,16,46,209
03/23/2022,CAE,SC,ASO,ES,Combined TRACON& Tower with Radar,43,38,34,2,117,0,0,1,0,1,43,38,35,2,118,0,0,0,118
03/24/2022,CAE,SC,ASO,ES,Combined TRACON& Tower with Radar,48,44,29,11,132,0,0,11,2,13,48,44,40,13,145,30,0,30,175
03/25/2022,CAE,SC,ASO,ES,Combined TRACON& Tower with Radar,46,54,31,20,151,0,0,35,2,37,46,54,66,22,188,28,16,44,232
03/26/2022,CAE,SC,ASO,ES,Combined TRACON& Tower with Radar,30,28,11,0,69,0,0,13,1,14,30,28,24,1,83,0,0,0,83
03/27/2022,CAE,SC,ASO,ES,Combined TRACON& Tower with Radar,30,25,26,0,81,0,0,15,0,15,30,25,41,0,96,0,0,0,96
03/28/2022,CAE,SC,ASO,ES,Combined TRACON& Tower with Radar,38,38,38,9,123,0,3,25,10,38,38,41,63,19,161,38,4,42,203
03/29/2022,CAE,SC,ASO,ES,Combined TRACON& Tower with Radar,47,46,30,27,150,0,2,35,7,44,47,48,65,34,194,20,16,36,230
03/30/2022,CAE,SC,ASO,ES,Combined TRACON& Tower with Radar,38,44,41,7,130,0,0,11,1,12,38,44,52,8,142,12,0,12,154
03/31/2022,CAE,SC,ASO,ES,Combined TRACON& Tower with Radar,52,42,21,5,120,0,0,4,0,4,52,42,25,5,124,0,20,20,144
04/01/2022,CAE,SC,ASO,ES,Combined TRACON& Tower with Radar,47,47,32,3,129,0,0,18,0,18,47,47,50,3,147,42,0,42,189
04/02/2022,CAE,SC,ASO,ES,Combined TRACON& Tower with Radar,26,28,29,0,83,0,0,22,0,22,26,28,51,0,105,10,0,10,115
04/03/2022,CAE,SC,ASO,ES,Combined TRACON& Tower with Radar,30,22,26,0,78,0,0,20,0,20,30,22,46,0,98,8,0,8,106
04/04/2022,CAE,SC,ASO,ES,Combined TRACON& Tower with Radar,43,42,44,2,131,0,0,35,3,38,43,42,79,5,169,84,0,84,253
04/05/2022,CAE,SC,ASO,ES,Combined TRACON& Tower with Radar,45,65,42,6,158,0,0,2,6,8,45,65,44,12,166,24,0,24,190
04/06/2022,CAE,SC,ASO,ES,Combined TRACON& Tower with Radar,43,83,72,10,208,0,1,5,0,6,43,84,77,10,214,18,0,18,232
04/07/2022,CAE,SC,ASO,ES,Combined TRACON& Tower with Radar,47,67,86,12,212,0,0,7,1,8,47,67,93,13,220,36,0,36,256
04/08/2022,CAE,SC,ASO,ES,Combined TRACON& Tower with Radar,43,72,80,4,199,0,2,23,1,26,43,74,103,5,225,10,0,10,235
04/09/2022,CAE,SC,ASO,ES,Combined TRACON& Tower with Radar,24,34,43,0,101,0,0,14,0,14,24,34,57,0,115,0,0,0,115
04/10/2022,CAE,SC,ASO,ES,Combined TRACON& Tower with Radar,27,29,54,0,110,0,4,28,1,33,27,33,82,1,143,6,0,6,149
04/11/2022,CAE,SC,ASO,ES,Combined TRACON& Tower with Radar,37,42,45,12,136,0,0,22,0,22,37,42,67,12,158,20,12,32,190
04/12/2022,CAE,SC,ASO,ES,Combined TRACON& Tower with Radar,42,43,35,10,130,0,2,33,0,35,42,45,68,10,165,48,2,50,215
04/13/2022,CAE,SC,ASO,ES,Combined TRACON& Tower with Radar,45,44,33,5,127,0,4,29,0,33,45,48,62,5,160,26,0,26,186
04/14/2022,CAE,SC,ASO,ES,Combined TRACON& Tower with Radar,47,47,40,11,145,0,0,15,2,17,47,47,55,13,162,114,0,114,276
04/15/2022,CAE,SC,ASO,ES,Combined TRACON& Tower with Radar,40,49,31,2,122,0,0,40,0,40,40,49,71,2,162,50,0,50,212
04/16/2022,CAE,SC,ASO,ES,Combined TRACON& Tower with Radar,28,28,19,2,77,0,0,4,0,4,28,28,23,2,81,0,0,0,81
04/17/2022,CAE,SC,ASO,ES,Combined TRACON& Tower with Radar,28,23,16,0,67,0,0,18,0,18,28,23,34,0,85,4,0,4,89
04/18/2022,CAE,SC,ASO,ES,Combined TRACON& Tower with Radar,36,40,30,2,108,0,0,2,0,2,36,40,32,2,110,0,0,0,110
04/19/2022,CAE,SC,ASO,ES,Combined TRACON& Tower with Radar,46,61,37,11,155,0,2,36,3,41,46,63,73,14,196,8,10,18,214
04/20/2022,CAE,SC,ASO,ES,Combined TRACON& Tower with Radar,44,46,44,2,136,0,0,28,0,28,44,46,72,2,164,0,0,0,164
04/21/2022,CAE,SC,ASO,ES,Combined TRACON& Tower with Radar,46,49,42,5,142,0,0,23,1,24,46,49,65,6,166,28,0,28,194
04/22/2022,CAE,SC,ASO,ES,Combined TRACON& Tower with Radar,41,48,38,10,137,0,2,24,3,29,41,50,62,13,166,30,14,44,210
04/23/2022,CAE,SC,ASO,ES,Combined TRACON& Tower with Radar,26,50,21,0,97,0,2,14,0,16,26,52,35,0,113,0,0,0,113
04/24/2022,CAE,SC,ASO,ES,Combined TRACON& Tower with Radar,30,35,26,0,91,0,0,20,0,20,30,35,46,0,111,26,0,26,137
04/25/2022,CAE,SC,ASO,ES,Combined TRACON& Tower with Radar,36,45,24,2,107,0,9,17,2,28,36,54,41,4,135,62,0,62,197
04/26/2022,CAE,SC,ASO,ES,Combined TRACON& Tower with Radar,49,48,45,5,147,0,4,21,7,32,49,52,66,12,179,16,8,24,203
04/27/2022,CAE,SC,ASO,ES,Combined TRACON& Tower with Radar,44,48,38,4,134,0,5,29,0,34,44,53,67,4,168,78,0,78,246
04/28/2022,CAE,SC,ASO,ES,Combined TRACON& Tower with Radar,46,51,39,22,158,0,5,24,3,32,46,56,63,25,190,52,22,74,264
04/29/2022,CAE,SC,ASO,ES,Combined TRACON& Tower with Radar,41,43,31,7,122,0,0,21,3,24,41,43,52,10,146,42,0,42,188
04/30/2022,CAE,SC,ASO,ES,Combined TRACON& Tower with Radar,25,25,23,0,73,0,0,22,0,22,25,25,45,0,95,58,0,58,153
05/01/2022,CAE,SC,ASO,ES,Combined TRACON& Tower with Radar,27,30,15,0,72,0,0,15,0,15,27,30,30,0,87,70,0,70,157
05/02/2022,CAE,SC,ASO,ES,Combined TRACON& Tower with Radar,37,39,43,8,127,0,3,25,0,28,37,42,68,8,155,22,6,28,183
05/03/2022,CAE,SC,ASO,ES,Combined TRACON& Tower with Radar,44,47,49,27,167,0,2,12,2,16,44,49,61,29,183,36,14,50,233
05/04/2022,CAE,SC,ASO,ES,Combined TRACON& Tower with Radar,50,52,32,28,162,0,8,27,5,40,50,60,59,33,202,90,26,116,318
05/05/2022,CAE,SC,ASO,ES,Combined TRACON& Tower with Radar,52,48,50,16,166,0,20,31,1,52,52,68,81,17,218,70,8,78,296
05/06/2022,CAE,SC,ASO,ES,Combined TRACON& Tower with Radar,46,38,47,10,141,0,0,10,0,10,46,38,57,10,151,2,18,20,171
05/07/2022,CAE,SC,ASO,ES,Combined TRACON& Tower with Radar,31,31,28,0,90,0,1,10,0,11,31,32,38,0,101,6,0,6,107
05/08/2022,CAE,SC,ASO,ES,Combined TRACON& Tower with Radar,34,24,29,3,90,0,0,6,0,6,34,24,35,3,96,10,0,10,106
05/09/2022,CAE,SC,ASO,ES,Combined TRACON& Tower with Radar,45,49,29,34,157,0,0,22,0,22,45,49,51,34,179,38,6,44,223
05/10/2022,CAE,SC,ASO,ES,Combined TRACON& Tower with Radar,47,51,28,17,143,0,2,27,1,30,47,53,55,18,173,20,0,20,193
05/11/2022,CAE,SC,ASO,ES,Combined TRACON& Tower with Radar,48,51,39,14,152,0,0,50,3,53,48,51,89,17,205,8,4,12,217
05/12/2022,CAE,SC,ASO,ES,Combined TRACON& Tower with Radar,54,67,46,19,186,0,0,14,0,14,54,67,60,19,200,28,0,28,228
05/13/2022,CAE,SC,ASO,ES,Combined TRACON& Tower with Radar,44,44,35,6,129,0,0,0,0,0,44,44,35,6,129,0,0,0,129
05/14/2022,CAE,SC,ASO,ES,Combined TRACON& Tower with Radar,29,21,28,4,82,0,0,22,0,22,29,21,50,4,104,0,0,0,104
05/15/2022,CAE,SC,ASO,ES,Combined TRACON& Tower with Radar,34,23,23,2,82,0,0,31,2,33,34,23,54,4,115,0,0,0,115
05/16/2022,CAE,SC,ASO,ES,Combined TRACON& Tower with Radar,42,34,38,9,123,0,9,40,0,49,42,43,78,9,172,30,16,46,218
05/17/2022,CAE,SC,ASO,ES,Combined TRACON& Tower with Radar,49,42,53,17,161,0,2,35,0,37,49,44,88,17,198,60,6,66,264
05/18/2022,CAE,SC,ASO,ES,Combined TRACON& Tower with Radar,48,45,42,18,153,0,5,54,2,61,48,50,96,20,214,0,18,18,232
05/19/2022,CAE,SC,ASO,ES,Combined TRACON& Tower with Radar,51,52,41,12,156,0,0,45,2,47,51,52,86,14,203,6,4,10,213
05/20/2022,CAE,SC,ASO,ES,Combined TRACON& Tower with Radar,48,36,42,12,138,0,4,40,0,44,48,40,82,12,182,20,0,20,202
05/21/2022,CAE,SC,ASO,ES,Combined TRACON& Tower with Radar,27,26,19,0,72,0,1,27,0,28,27,27,46,0,100,4,0,4,104
05/22/2022,CAE,SC,ASO,ES,Combined TRACON& Tower with Radar,33,16,25,0,74,0,1,10,0,11,33,17,35,0,85,0,0,0,85
05/23/2022,CAE,SC,ASO,ES,Combined TRACON& Tower with Radar,47,29,29,8,113,0,0,3,0,3,47,29,32,8,116,0,0,0,116
05/24/2022,CAE,SC,ASO,ES,Combined TRACON& Tower with Radar,53,43,32,30,158,0,0,17,2,19,53,43,49,32,177,8,18,26,203
05/25/2022,CAE,SC,ASO,ES,Combined TRACON& Tower with Radar,55,53,35,21,164,0,0,8,0,8,55,53,43,21,172,4,0,4,176
05/26/2022,CAE,SC,ASO,ES,Combined TRACON& Tower with Radar,66,46,51,18,181,0,2,6,0,8,66,48,57,18,189,0,0,0,189
05/27/2022,CAE,SC,ASO,ES,Combined TRACON& Tower with Radar,48,45,46,0,139,0,0,19,0,19,48,45,65,0,158,4,0,4,162
05/28/2022,CAE,SC,ASO,ES,Combined TRACON& Tower with Radar,27,21,19,0,67,0,2,32,2,36,27,23,51,2,103,8,0,8,111
05/29/2022,CAE,SC,ASO,ES,Combined TRACON& Tower with Radar,33,17,11,0,61,0,0,25,0,25,33,17,36,0,86,14,0,14,100
05/30/2022,CAE,SC,ASO,ES,Combined TRACON& Tower with Radar,32,22,26,0,80,0,0,11,0,11,32,22,37,0,91,58,0,58,149
05/31/2022,CAE,SC,ASO,ES,Combined TRACON& Tower with Radar,43,35,24,10,112,0,1,28,0,29,43,36,52,10,141,0,0,0,141
06/01/2022,CAE,SC,ASO,ES,Combined TRACON& Tower with Radar,52,38,41,17,148,0,1,41,2,44,52,39,82,19,192,14,10,24,216
06/02/2022,CAE,SC,ASO,ES,Combined TRACON& Tower with Radar,53,37,28,37,155,0,0,31,1,32,53,37,59,38,187,18,0,18,205
06/03/2022,CAE,SC,ASO,ES,Combined TRACON& Tower with Radar,54,36,27,10,127,0,2,29,2,33,54,38,56,12,160,12,0,12,172
06/04/2022,CAE,SC,ASO,ES,Combined TRACON& Tower with Radar,36,20,36,7,99,0,0,17,2,19,36,20,53,9,118,0,8,8,126
06/05/2022,CAE,SC,ASO,ES,Combined TRACON& Tower with Radar,42,17,28,0,87,0,0,23,0,23,42,17,51,0,110,6,0,6,116
06/06/2022,CAE,SC,ASO,ES,Combined TRACON& Tower with Radar,48,29,25,14,116,0,1,32,2,35,48,30,57,16,151,14,4,18,169
06/07/2022,CAE,SC,ASO,ES,Combined TRACON& Tower with Radar,56,48,44,21,169,0,0,22,1,23,56,48,66,22,192,24,0,24,216
06/08/2022,CAE,SC,ASO,ES,Combined TRACON& Tower with Radar,71,40,43,36,190,0,2,20,1,23,71,42,63,37,213,18,28,46,259
06/09/2022,CAE,SC,ASO,ES,Combined TRACON& Tower with Radar,70,37,51,26,184,0,0,33,3,36,70,37,84,29,220,36,8,44,264
06/10/2022,CAE,SC,ASO,ES,Combined TRACON& Tower with Radar,56,39,29,32,156,0,0,24,2,26,56,39,53,34,182,20,8,28,210
06/11/2022,CAE,SC,ASO,ES,Combined TRACON& Tower with Radar,37,29,28,17,111,0,1,20,1,22,37,30,48,18,133,8,18,26,159
06/12/2022,CAE,SC,ASO,ES,Combined TRACON& Tower with Radar,36,18,23,14,91,0,8,19,0,27,36,26,42,14,118,18,14,32,150
06/13/2022,CAE,SC,ASO,ES,Combined TRACON& Tower with Radar,53,32,31,17,133,0,2,19,1,22,53,34,50,18,155,0,4,4,159
06/14/2022,CAE,SC,ASO,ES,Combined TRACON& Tower with Radar,66,38,38,10,152,0,5,17,0,22,66,43,55,10,174,10,0,10,184
06/15/2022,CAE,SC,ASO,ES,Combined TRACON& Tower with Radar,69,37,58,18,182,0,0,30,2,32,69,37,88,20,214,28,10,38,252
06/16/2022,CAE,SC,ASO,ES,Combined TRACON& Tower with Radar,59,32,44,16,151,0,2,18,2,22,59,34,62,18,173,4,0,4,177
06/17/2022,CAE,SC,ASO,ES,Combined TRACON& Tower with Radar,52,31,39,13,135,0,6,24,2,32,52,37,63,15,167,6,0,6,173
06/18/2022,CAE,SC,ASO,ES,Combined TRACON& Tower with Radar,37,20,17,1,75,0,4,24,0,28,37,24,41,1,103,44,0,44,147
06/19/2022,CAE,SC,ASO,ES,Combined TRACON& Tower with Radar,38,17,17,0,72,0,4,16,0,20,38,21,33,0,92,12,0,12,104
06/20/2022,CAE,SC,ASO,ES,Combined TRACON& Tower with Radar,51,32,32,0,115,0,2,29,1,32,51,34,61,1,147,34,0,34,181
06/21/2022,CAE,SC,ASO,ES,Combined TRACON& Tower with Radar,60,45,29,14,148,0,2,18,6,26,60,47,47,20,174,16,4,20,194
06/22/2022,CAE,SC,ASO,ES,Combined TRACON& Tower with Radar,63,33,31,15,142,0,2,29,7,38,63,35,60,22,180,8,24,32,212
06/23/2022,CAE,SC,ASO,ES,Combined TRACON& Tower with Radar,59,31,34,16,140,0,4,34,4,42,59,35,68,20,182,48,2,50,232
06/24/2022,CAE,SC,ASO,ES,Combined TRACON& Tower with Radar,56,32,43,15,146,0,0,14,1,15,56,32,57,16,161,20,0,20,181
06/25/2022,CAE,SC,ASO,ES,Combined TRACON& Tower with Radar,38,15,25,3,81,0,2,24,1,27,38,17,49,4,108,12,0,12,120
06/26/2022,CAE,SC,ASO,ES,Combined TRACON& Tower with Radar,38,13,31,22,104,0,2,30,0,32,38,15,61,22,136,0,0,0,136
06/27/2022,CAE,SC,ASO,ES,Combined TRACON& Tower with Radar,56,31,20,10,117,0,5,21,0,26,56,36,41,10,143,0,0,0,143
06/28/2022,CAE,SC,ASO,ES,Combined TRACON& Tower with Radar,64,36,31,7,138,0,0,14,0,14,64,36,45,7,152,32,0,32,184
06/29/2022,CAE,SC,ASO,ES,Combined TRACON& Tower with Radar,59,37,34,6,136,0,0,3,0,3,59,37,37,6,139,0,0,0,139
06/30/2022,CAE,SC,ASO,ES,Combined TRACON& Tower with Radar,58,36,41,16,151,0,0,21,2,23,58,36,62,18,174,10,0,10,184
07/01/2022,CAE,SC,ASO,ES,Combined TRACON& Tower with Radar,52,32,32,15,131,0,0,1,0,1,52,32,33,15,132,0,4,4,136
07/02/2022,CAE,SC,ASO,ES,Combined TRACON& Tower with Radar,35,23,16,0,74,0,0,11,0,11,35,23,27,0,85,20,0,20,105
07/03/2022,CAE,SC,ASO,ES,Combined TRACON& Tower with Radar,27,15,11,0,53,0,0,12,0,12,27,15,23,0,65,8,0,8,73
07/04/2022,CAE,SC,ASO,ES,Combined TRACON& Tower with Radar,38,14,8,1,61,0,4,5,1,10,38,18,13,2,71,0,0,0,71
07/05/2022,CAE,SC,ASO,ES,Combined TRACON& Tower with Radar,50,36,31,10,127,0,0,10,1,11,50,36,41,11,138,4,2,6,144
07/06/2022,CAE,SC,ASO,ES,Combined TRACON& Tower with Radar,54,42,24,21,141,0,0,19,2,21,54,42,43,23,162,6,4,10,172
07/07/2022,CAE,SC,ASO,ES,Combined TRACON& Tower with Radar,57,32,27,13,129,0,2,18,1,21,57,34,45,14,150,14,2,16,166
07/08/2022,CAE,SC,ASO,ES,Combined TRACON& Tower with Radar,53,38,36,15,142,0,2,21,2,25,53,40,57,17,167,0,0,0,167
07/09/2022,CAE,SC,ASO,ES,Combined TRACON& Tower with Radar,36,21,25,0,82,0,0,10,0,10,36,21,35,0,92,44,0,44,136
07/10/2022,CAE,SC,ASO,ES,Combined TRACON& Tower with Radar,38,20,16,1,75,0,0,2,0,2,38,20,18,1,77,68,0,68,145
07/11/2022,CAE,SC,ASO,ES,Combined TRACON& Tower with Radar,48,35,36,10,129,0,0,9,0,9,48,35,45,10,138,10,4,14,152
07/12/2022,CAE,SC,ASO,ES,Combined TRACON& Tower with Radar,51,36,31,19,137,0,3,17,3,23,51,39,48,22,160,88,0,88,248
07/13/2022,CAE,SC,ASO,ES,Combined TRACON& Tower with Radar,58,44,66,7,175,0,1,2,0,3,58,45,68,7,178,2,0,2,180
07/14/2022,CAE,SC,ASO,ES,Combined TRACON& Tower with Radar,57,42,43,13,155,0,2,20,0,22,57,44,63,13,177,42,0,42,219
07/15/2022,CAE,SC,ASO,ES,Combined TRACON& Tower with Radar,54,37,49,12,152,0,3,23,2,28,54,40,72,14,180,6,0,6,186
07/16/2022,CAE,SC,ASO,ES,Combined TRACON& Tower with Radar,37,22,20,8,87,0,2,22,0,24,37,24,42,8,111,6,0,6,117
07/17/2022,CAE,SC,ASO,ES,Combined TRACON& Tower with Radar,35,16,23,4,78,0,1,20,1,22,35,17,43,5,100,12,6,18,118
07/18/2022,CAE,SC,ASO,ES,Combined TRACON& Tower with Radar,46,31,22,13,112,0,2,13,1,16,46,33,35,14,128,16,0,16,144
07/19/2022,CAE,SC,ASO,ES,Combined TRACON& Tower with Radar,56,36,26,22,140,0,1,20,1,22,56,37,46,23,162,26,4,30,192
07/20/2022,CAE,SC,ASO,ES,Combined TRACON& Tower with Radar,63,44,48,33,188,0,5,21,1,27,63,49,69,34,215,40,26,66,281
07/21/2022,CAE,SC,ASO,ES,Combined TRACON& Tower with Radar,59,43,53,17,172,0,2,6,2,10,59,45,59,19,182,36,0,36,218
07/22/2022,CAE,SC,ASO,ES,Combined TRACON& Tower with Radar,50,29,44,17,140,0,2,25,0,27,50,31,69,17,167,42,0,42,209
07/23/2022,CAE,SC,ASO,ES,Combined TRACON& Tower with Radar,43,24,45,0,112,0,0,25,0,25,43,24,70,0,137,0,0,0,137
07/24/2022,CAE,SC,ASO,ES,Combined TRACON& Tower with Radar,37,21,31,4,93,0,2,18,1,21,37,23,49,5,114,14,0,14,128
07/25/2022,CAE,SC,ASO,ES,Combined TRACON& Tower with Radar,56,29,32,22,139,0,0,11,3,14,56,29,43,25,153,0,14,14,167
07/26/2022,CAE,SC,ASO,ES,Combined TRACON& Tower with Radar,55,40,53,21,169,0,3,30,3,36,55,43,83,24,205,24,2,26,231
07/27/2022,CAE,SC,ASO,ES,Combined TRACON& Tower with Radar,52,40,46,19,157,0,1,37,4,42,52,41,83,23,199,34,4,38,237
07/28/2022,CAE,SC,ASO,ES,Combined TRACON& Tower with Radar,57,31,31,12,131,0,2,28,0,30,57,33,59,12,161,32,4,36,197
07/29/2022,CAE,SC,ASO,ES,Combined TRACON& Tower with Radar,51,33,38,31,153,0,0,28,8,36,51,33,66,39,189,40,12,52,241
07/30/2022,CAE,SC,ASO,ES,Combined TRACON& Tower with Radar,31,24,18,0,73,0,2,19,0,21,31,26,37,0,94,2,0,2,96
07/31/2022,CAE,SC,ASO,ES,Combined TRACON& Tower with Radar,37,16,16,0,69,0,0,17,0,17,37,16,33,0,86,62,0,62,148
08/01/2022,CAE,SC,ASO,ES,Combined TRACON& Tower with Radar,46,29,35,35,145,0,0,27,1,28,46,29,62,36,173,22,8,30,203
08/02/2022,CAE,SC,ASO,ES,Combined TRACON& Tower with Radar,51,36,33,16,136,0,4,33,3,40,51,40,66,19,176,50,0,50,226
08/03/2022,CAE,SC,ASO,ES,Combined TRACON& Tower with Radar,52,39,39,12,142,0,4,17,2,23,52,43,56,14,165,34,0,34,199
08/04/2022,CAE,SC,ASO,ES,Combined TRACON& Tower with Radar,62,42,28,10,142,0,4,29,1,34,62,46,57,11,176,2,16,18,194
08/05/2022,CAE,SC,ASO,ES,Combined TRACON& Tower with Radar,47,36,49,16,148,0,4,24,3,31,47,40,73,19,179,34,4,38,217
08/06/2022,CAE,SC,ASO,ES,Combined TRACON& Tower with Radar,38,26,23,0,87,0,2,10,0,12,38,28,33,0,99,12,0,12,111
08/07/2022,CAE,SC,ASO,ES,Combined TRACON& Tower with Radar,31,17,29,0,77,0,3,11,2,16,31,20,40,2,93,10,0,10,103
08/08/2022,CAE,SC,ASO,ES,Combined TRACON& Tower with Radar,42,40,36,0,118,0,0,13,0,13,42,40,49,0,131,10,0,10,141
08/09/2022,CAE,SC,ASO,ES,Combined TRACON& Tower with Radar,53,35,38,21,147,0,0,23,4,27,53,35,61,25,174,30,4,34,208
08/10/2022,CAE,SC,ASO,ES,Combined TRACON& Tower with Radar,53,41,33,20,147,0,2,26,5,33,53,43,59,25,180,8,4,12,192
08/11/2022,CAE,SC,ASO,ES,Combined TRACON& Tower with Radar,49,45,32,18,144,0,2,20,2,24,49,47,52,20,168,30,0,30,198
08/12/2022,CAE,SC,ASO,ES,Combined TRACON& Tower with Radar,52,48,40,9,149,0,0,7,0,7,52,48,47,9,156,14,0,14,170
08/13/2022,CAE,SC,ASO,ES,Combined TRACON& Tower with Radar,36,26,34,18,114,0,0,27,4,31,36,26,61,22,145,56,4,60,205
08/14/2022,CAE,SC,ASO,ES,Combined TRACON& Tower with Radar,28,17,32,13,90,0,0,31,0,31,28,17,63,13,121,14,8,22,143
08/15/2022,CAE,SC,ASO,ES,Combined TRACON& Tower with Radar,43,31,31,24,129,0,0,27,7,34,43,31,58,31,163,34,14,48,211
08/16/2022,CAE,SC,ASO,ES,Combined TRACON& Tower with Radar,48,50,42,18,158,0,5,5,0,10,48,55,47,18,168,6,0,6,174
08/17/2022,CAE,SC,ASO,ES,Combined TRACON& Tower with Radar,50,48,45,18,161,0,4,12,0,16,50,52,57,18,177,4,0,4,181
08/18/2022,CAE,SC,ASO,ES,Combined TRACON& Tower with Radar,48,45,36,12,141,0,9,23,3,35,48,54,59,15,176,8,4,12,188
08/19/2022,CAE,SC,ASO,ES,Combined TRACON& Tower with Radar,44,33,43,18,138,0,0,0,0,0,44,33,43,18,138,0,0,0,138
08/20/2022,CAE,SC,ASO,ES,Combined TRACON& Tower with Radar,28,32,30,4,94,0,1,23,1,25,28,33,53,5,119,26,0,26,145
08/21/2022,CAE,SC,ASO,ES,Combined TRACON& Tower with Radar,29,19,19,0,67,0,0,8,0,8,29,19,27,0,75,8,0,8,83
08/22/2022,CAE,SC,ASO,ES,Combined TRACON& Tower with Radar,28,29,36,7,100,0,0,7,0,7,28,29,43,7,107,2,0,2,109
08/23/2022,CAE,SC,ASO,ES,Combined TRACON& Tower with Radar,35,30,53,24,142,0,4,18,3,25,35,34,71,27,167,44,2,46,213
08/24/2022,CAE,SC,ASO,ES,Combined TRACON& Tower with Radar,45,33,38,9,125,0,0,19,1,20,45,33,57,10,145,36,4,40,185
08/25/2022,CAE,SC,ASO,ES,Combined TRACON& Tower with Radar,48,45,62,3,158,0,0,7,0,7,48,45,69,3,165,16,0,16,181
08/26/2022,CAE,SC,ASO,ES,Combined TRACON& Tower with Radar,42,37,45,32,156,0,2,18,3,23,42,39,63,35,179,34,0,34,213
08/27/2022,CAE,SC,ASO,ES,Combined TRACON& Tower with Radar,27,20,19,1,67,0,0,9,0,9,27,20,28,1,76,8,0,8,84
08/28/2022,CAE,SC,ASO,ES,Combined TRACON& Tower with Radar,38,19,17,1,75,0,0,15,0,15,38,19,32,1,90,14,0,14,104
08/29/2022,CAE,SC,ASO,ES,Combined TRACON& Tower with Radar,40,34,32,2,108,0,0,3,0,3,40,34,35,2,111,0,0,0,111
08/30/2022,CAE,SC,ASO,ES,Combined TRACON& Tower with Radar,53,43,46,5,147,0,3,16,3,22,53,46,62,8,169,30,0,30,199
08/31/2022,CAE,SC,ASO,ES,Combined TRACON& Tower with Radar,46,42,39,6,133,0,2,28,2,32,46,44,67,8,165,28,0,28,193
09/01/2022,CAE,SC,ASO,ES,Combined TRACON& Tower with Radar,50,37,28,6,121,0,1,26,1,28,50,38,54,7,149,48,6,54,203
09/02/2022,CAE,SC,ASO,ES,Combined TRACON& Tower with Radar,44,32,47,8,131,0,0,18,0,18,44,32,65,8,149,0,8,8,157
09/03/2022,CAE,SC,ASO,ES,Combined TRACON& Tower with Radar,24,16,19,0,59,0,0,7,0,7,24,16,26,0,66,2,0,2,68
09/04/2022,CAE,SC,ASO,ES,Combined TRACON& Tower with Radar,26,17,16,5,64,0,0,14,0,14,26,17,30,5,78,0,2,2,80
09/05/2022,CAE,SC,ASO,ES,Combined TRACON& Tower with Radar,29,15,28,1,73,0,0,8,0,8,29,15,36,1,81,0,0,0,81
09/06/2022,CAE,SC,ASO,ES,Combined TRACON& Tower with Radar,39,36,46,11,132,0,2,17,3,22,39,38,63,14,154,34,4,38,192
09/07/2022,CAE,SC,ASO,ES,Combined TRACON& Tower with Radar,46,38,49,15,148,0,0,37,1,38,46,38,86,16,186,16,6,22,208
09/08/2022,CAE,SC,ASO,ES,Combined TRACON& Tower with Radar,51,46,48,13,158,0,0,5,0,5,51,46,53,13,163,48,0,48,211
09/09/2022,CAE,SC,ASO,ES,Combined TRACON& Tower with Radar,53,40,43,18,154,0,0,11,0,11,53,40,54,18,165,2,8,10,175
09/10/2022,CAE,SC,ASO,ES,Combined TRACON& Tower with Radar,34,20,12,5,71,0,0,0,1,1,34,20,12,6,72,0,0,0,72
09/11/2022,CAE,SC,ASO,ES,Combined TRACON& Tower with Radar,36,19,28,9,92,0,0,4,1,5,36,19,32,10,97,4,0,4,101
09/12/2022,CAE,SC,ASO,ES,Combined TRACON& Tower with Radar,53,28,30,10,121,0,2,22,0,24,53,30,52,10,145,8,0,8,153
09/13/2022,CAE,SC,ASO,ES,Combined TRACON& Tower with Radar,47,40,39,25,151,0,0,37,1,38,47,40,76,26,189,16,28,44,233
09/14/2022,CAE,SC,ASO,ES,Combined TRACON& Tower with Radar,47,41,64,14,166,0,2,51,1,54,47,43,115,15,220,12,0,12,232
09/15/2022,CAE,SC,ASO,ES,Combined TRACON& Tower with Radar,52,47,59,12,170,0,0,33,2,35,52,47,92,14,205,8,24,32,237
09/16/2022,CAE,SC,ASO,ES,Combined TRACON& Tower with Radar,44,50,35,29,158,0,0,40,2,42,44,50,75,31,200,60,14,74,274
09/17/2022,CAE,SC,ASO,ES,Combined TRACON& Tower with Radar,25,32,28,0,85,0,1,16,2,19,25,33,44,2,104,16,0,16,120
09/18/2022,CAE,SC,ASO,ES,Combined TRACON& Tower with Radar,30,31,22,6,89,0,1,25,1,27,30,32,47,7,116,28,0,28,144
09/19/2022,CAE,SC,ASO,ES,Combined TRACON& Tower with Radar,39,32,37,10,118,0,0,21,1,22,39,32,58,11,140,30,20,50,190
09/20/2022,CAE,SC,ASO,ES,Combined TRACON& Tower with Radar,51,48,39,23,161,0,2,14,2,18,51,50,53,25,179,4,12,16,195
09/21/2022,CAE,SC,ASO,ES,Combined TRACON& Tower with Radar,49,42,46,16,153,0,0,26,1,27,49,42,72,17,180,14,0,14,194
09/22/2022,CAE,SC,ASO,ES,Combined TRACON& Tower with Radar,53,51,31,20,155,0,0,23,3,26,53,51,54,23,181,2,24,26,207
09/23/2022,CAE,SC,ASO,ES,Combined TRACON& Tower with Radar,50,49,48,2,149,0,0,38,0,38,50,49,86,2,187,26,0,26,213
09/24/2022,CAE,SC,ASO,ES,Combined TRACON& Tower with Radar,32,17,21,2,72,0,0,30,0,30,32,17,51,2,102,6,0,6,108
09/25/2022,CAE,SC,ASO,ES,Combined TRACON& Tower with Radar,34,30,29,2,95,0,0,17,0,17,34,30,46,2,112,20,0,20,132
09/26/2022,CAE,SC,ASO,ES,Combined TRACON& Tower with Radar,45,32,22,10,109,0,2,19,1,22,45,34,41,11,131,42,2,44,175
09/27/2022,CAE,SC,ASO,ES,Combined TRACON& Tower with Radar,48,39,46,14,147,0,3,21,1,25,48,42,67,15,172,42,0,42,214
09/28/2022,CAE,SC,ASO,ES,Combined TRACON& Tower with Radar,48,41,21,13,123,0,9,21,3,33,48,50,42,16,156,60,2,62,218
09/29/2022,CAE,SC,ASO,ES,Combined TRACON& Tower with Radar,50,33,20,15,118,0,2,1,1,4,50,35,21,16,122,6,8,14,136
09/30/2022,CAE,SC,ASO,ES,Combined TRACON& Tower with Radar,4,2,2,0,8,0,0,0,0,0,4,2,2,0,8,0,0,0,8
10/01/2022,CAE,SC,ASO,ES,Combined TRACON& Tower with Radar,28,15,12,0,55,0,1,5,3,9,28,16,17,3,64,0,0,0,64
10/02/2022,CAE,SC,ASO,ES,Combined TRACON& Tower with Radar,33,29,30,5,97,0,2,27,0,29,33,31,57,5,126,10,0,10,136
10/03/2022,CAE,SC,ASO,ES,Combined TRACON& Tower with Radar,46,34,61,12,153,0,0,17,0,17,46,34,78,12,170,42,0,42,212
10/04/2022,CAE,SC,ASO,ES,Combined TRACON& Tower with Radar,48,37,53,40,178,0,0,43,4,47,48,37,96,44,225,44,12,56,281
10/05/2022,CAE,SC,ASO,ES,Combined TRACON& Tower with Radar,48,48,44,23,163,0,4,25,3,32,48,52,69,26,195,36,8,44,239
10/06/2022,CAE,SC,ASO,ES,Combined TRACON& Tower with Radar,49,52,41,16,158,0,2,30,1,33,49,54,71,17,191,18,0,18,209
10/07/2022,CAE,SC,ASO,ES,Combined TRACON& Tower with Radar,46,41,48,13,148,0,4,39,1,44,46,45,87,14,192,26,2,28,220
10/08/2022,CAE,SC,ASO,ES,Combined TRACON& Tower with Radar,29,29,18,1,77,0,2,31,3,36,29,31,49,4,113,2,0,2,115
10/09/2022,CAE,SC,ASO,ES,Combined TRACON& Tower with Radar,34,31,31,0,96,0,0,23,0,23,34,31,54,0,119,38,0,38,157
10/10/2022,CAE,SC,ASO,ES,Combined TRACON& Tower with Radar,39,34,51,0,124,0,2,22,0,24,39,36,73,0,148,34,0,34,182
10/11/2022,CAE,SC,ASO,ES,Combined TRACON& Tower with Radar,53,53,36,12,154,0,1,17,1,19,53,54,53,13,173,4,10,14,187
10/12/2022,CAE,SC,ASO,ES,Combined TRACON& Tower with Radar,46,46,66,9,167,0,0,20,3,23,46,46,86,12,190,22,0,22,212
10/13/2022,CAE,SC,ASO,ES,Combined TRACON& Tower with Radar,47,54,45,15,161,0,0,10,1,11,47,54,55,16,172,6,0,6,178
10/14/2022,CAE,SC,ASO,ES,Combined TRACON& Tower with Radar,46,49,37,5,137,0,0,31,1,32,46,49,68,6,169,20,0,20,189
10/15/2022,CAE,SC,ASO,ES,Combined TRACON& Tower with Radar,28,36,17,6,87,0,0,18,6,24,28,36,35,12,111,8,2,10,121
10/16/2022,CAE,SC,ASO,ES,Combined TRACON& Tower with Radar,31,25,28,8,92,0,2,20,2,24,31,27,48,10,116,12,2,14,130
10/17/2022,CAE,SC,ASO,ES,Combined TRACON& Tower with Radar,37,47,28,4,116,0,4,18,5,27,37,51,46,9,143,26,0,26,169
10/18/2022,CAE,SC,ASO,ES,Combined TRACON& Tower with Radar,47,50,40,10,147,0,2,29,3,34,47,52,69,13,181,30,18,48,229
10/19/2022,CAE,SC,ASO,ES,Combined TRACON& Tower with Radar,47,61,53,9,170,0,5,33,3,41,47,66,86,12,211,2,0,2,213
10/20/2022,CAE,SC,ASO,ES,Combined TRACON& Tower with Radar,47,62,54,10,173,0,3,27,4,34,47,65,81,14,207,20,2,22,229
10/21/2022,CAE,SC,ASO,ES,Combined TRACON& Tower with Radar,45,57,35,13,150,0,2,43,5,50,45,59,78,18,200,34,6,40,240
10/22/2022,CAE,SC,ASO,ES,Combined TRACON& Tower with Radar,32,31,27,2,92,0,4,18,2,24,32,35,45,4,116,8,0,8,124
10/23/2022,CAE,SC,ASO,ES,Combined TRACON& Tower with Radar,31,37,44,4,116,0,2,28,2,32,31,39,72,6,148,16,0,16,164
10/24/2022,CAE,SC,ASO,ES,Combined TRACON& Tower with Radar,38,48,42,25,153,0,2,15,2,19,38,50,57,27,172,16,18,34,206
10/25/2022,CAE,SC,ASO,ES,Combined TRACON& Tower with Radar,46,47,37,7,137,0,2,21,1,24,46,49,58,8,161,40,2,42,203
10/26/2022,CAE,SC,ASO,ES,Combined TRACON& Tower with Radar,45,53,42,20,160,0,4,14,0,18,45,57,56,20,178,46,0,46,224
10/27/2022,CAE,SC,ASO,ES,Combined TRACON& Tower with Radar,50,50,47,29,176,0,1,24,0,25,50,51,71,29,201,26,6,32,233
10/28/2022,CAE,SC,ASO,ES,Combined TRACON& Tower with Radar,45,47,34,14,140,0,1,29,0,30,45,48,63,14,170,25,36,61,231
10/29/2022,CAE,SC,ASO,ES,Combined TRACON& Tower with Radar,27,29,34,0,90,0,0,4,2,6,27,29,38,2,96,0,0,0,96
10/30/2022,CAE,SC,ASO,ES,Combined TRACON& Tower with Radar,27,26,21,2,76,0,0,1,0,1,27,26,22,2,77,0,0,0,77
10/31/2022,CAE,SC,ASO,ES,Combined TRACON& Tower with Radar,35,37,29,6,107,0,2,3,0,5,35,39,32,6,112,4,0,4,116
11/01/2022,CAE,SC,ASO,ES,Combined TRACON& Tower with Radar,46,43,53,17,159,0,2,11,0,13,46,45,64,17,172,12,10,22,194
11/02/2022,CAE,SC,ASO,ES,Combined TRACON& Tower with Radar,47,58,49,16,170,0,1,20,1,22,47,59,69,17,192,20,10,30,222
11/03/2022,CAE,SC,ASO,ES,Combined TRACON& Tower with Radar,47,53,42,25,167,0,2,16,4,22,47,55,58,29,189,30,12,42,231
11/04/2022,CAE,SC,ASO,ES,Combined TRACON& Tower with Radar,42,40,39,21,142,0,0,24,0,24,42,40,63,21,166,68,30,98,264
11/05/2022,CAE,SC,ASO,ES,Combined TRACON& Tower with Radar,26,26,26,11,89,0,0,4,2,6,26,26,30,13,95,6,6,12,107
11/06/2022,CAE,SC,ASO,ES,Combined TRACON& Tower with Radar,26,32,43,21,122,0,0,5,1,6,26,32,48,22,128,0,10,10,138
11/07/2022,CAE,SC,ASO,ES,Combined TRACON& Tower with Radar,34,44,22,16,116,0,2,14,2,18,34,46,36,18,134,8,4,12,146
11/08/2022,CAE,SC,ASO,ES,Combined TRACON& Tower with Radar,45,43,37,21,146,0,3,24,4,31,45,46,61,25,177,14,28,42,219
11/09/2022,CAE,SC,ASO,ES,Combined TRACON& Tower with Radar,46,46,35,17,144,0,0,7,0,7,46,46,42,17,151,0,0,0,151
11/10/2022,CAE,SC,ASO,ES,Combined TRACON& Tower with Radar,52,35,44,13,144,0,0,0,0,0,52,35,44,13,144,0,0,0,144
11/11/2022,CAE,SC,ASO,ES,Combined TRACON& Tower with Radar,50,42,18,0,110,0,0,0,0,0,50,42,18,0,110,0,0,0,110
11/12/2022,CAE,SC,ASO,ES,Combined TRACON& Tower with Radar,32,29,31,0,92,0,2,9,0,11,32,31,40,0,103,8,0,8,111
11/13/2022,CAE,SC,ASO,ES,Combined TRACON& Tower with Radar,27,18,37,0,82,0,0,32,0,32,27,18,69,0,114,20,0,20,134
11/14/2022,CAE,SC,ASO,ES,Combined TRACON& Tower with Radar,40,35,41,3,119,0,0,24,0,24,40,35,65,3,143,10,0,10,153
11/15/2022,CAE,SC,ASO,ES,Combined TRACON& Tower with Radar,42,52,39,0,133,0,0,1,0,1,42,52,40,0,134,0,0,0,134
11/16/2022,CAE,SC,ASO,ES,Combined TRACON& Tower with Radar,48,50,69,23,190,0,0,12,1,13,48,50,81,24,203,28,14,42,245
11/17/2022,CAE,SC,ASO,ES,Combined TRACON& Tower with Radar,46,50,41,20,157,0,2,36,2,40,46,52,77,22,197,26,4,30,227
11/18/2022,CAE,SC,ASO,ES,Combined TRACON& Tower with Radar,45,40,48,6,139,0,2,24,1,27,45,42,72,7,166,84,6,90,256
11/19/2022,CAE,SC,ASO,ES,Combined TRACON& Tower with Radar,29,32,36,11,108,0,3,32,1,36,29,35,68,12,144,42,2,44,188
11/20/2022,CAE,SC,ASO,ES,Combined TRACON& Tower with Radar,27,29,44,2,102,0,0,15,1,16,27,29,59,3,118,0,0,0,118
11/21/2022,CAE,SC,ASO,ES,Combined TRACON& Tower with Radar,42,40,28,7,117,0,3,16,5,24,42,43,44,12,141,18,2,20,161
11/22/2022,CAE,SC,ASO,ES,Combined TRACON& Tower with Radar,56,60,42,14,172,0,2,13,3,18,56,62,55,17,190,0,4,4,194
11/23/2022,CAE,SC,ASO,ES,Combined TRACON& Tower with Radar,55,48,45,5,153,0,0,21,2,23,55,48,66,7,176,38,0,38,214
11/24/2022,CAE,SC,ASO,ES,Combined TRACON& Tower with Radar,19,14,6,0,39,0,0,3,0,3,19,14,9,0,42,0,0,0,42
11/25/2022,CAE,SC,ASO,ES,Combined TRACON& Tower with Radar,31,36,34,2,103,0,1,2,0,3,31,37,36,2,106,0,0,0,106
11/26/2022,CAE,SC,ASO,ES,Combined TRACON& Tower with Radar,25,29,34,0,88,0,0,26,0,26,25,29,60,0,114,0,0,0,114
11/27/2022,CAE,SC,ASO,ES,Combined TRACON& Tower with Radar,29,27,31,0,87,0,1,3,0,4,29,28,34,0,91,0,0,0,91
11/28/2022,CAE,SC,ASO,ES,Combined TRACON& Tower with Radar,43,32,27,30,132,0,0,29,0,29,43,32,56,30,161,0,12,12,173
11/29/2022,CAE,SC,ASO,ES,Combined TRACON& Tower with Radar,56,45,39,26,166,0,0,30,0,30,56,45,69,26,196,2,12,14,210
11/30/2022,CAE,SC,ASO,ES,Combined TRACON& Tower with Radar,50,57,27,7,141,0,0,4,1,5,50,57,31,8,146,0,0,0,146
12/01/2022,CAE,SC,ASO,ES,Combined TRACON& Tower with Radar,59,52,57,22,190,0,0,35,5,40,59,52,92,27,230,20,14,34,264
12/02/2022,CAE,SC,ASO,ES,Combined TRACON& Tower with Radar,47,54,38,12,151,0,1,29,3,33,47,55,67,15,184,2,0,2,186
12/03/2022,CAE,SC,ASO,ES,Combined TRACON& Tower with Radar,27,26,24,3,80,0,1,9,1,11,27,27,33,4,91,0,0,0,91
12/04/2022,CAE,SC,ASO,ES,Combined TRACON& Tower with Radar,28,22,27,0,77,0,0,22,0,22,28,22,49,0,99,32,0,32,131
12/05/2022,CAE,SC,ASO,ES,Combined TRACON& Tower with Radar,39,30,34,17,120,0,0,11,0,11,39,30,45,17,131,8,0,8,139
12/06/2022,CAE,SC,ASO,ES,Combined TRACON& Tower with Radar,55,42,38,1,136,0,0,0,0,0,55,42,38,1,136,0,0,0,136
12/07/2022,CAE,SC,ASO,ES,Combined TRACON& Tower with Radar,53,42,39,16,150,0,0,3,2,5,53,42,42,18,155,8,0,8,163
12/08/2022,CAE,SC,ASO,ES,Combined TRACON& Tower with Radar,56,48,43,24,171,0,0,2,0,2,56,48,45,24,173,2,0,2,175
12/09/2022,CAE,SC,ASO,ES,Combined TRACON& Tower with Radar,46,40,54,13,153,0,0,0,0,0,46,40,54,13,153,0,0,0,153
12/10/2022,CAE,SC,ASO,ES,Combined TRACON& Tower with Radar,23,32,28,0,83,0,0,2,0,2,23,32,30,0,85,0,0,0,85
12/11/2022,CAE,SC,ASO,ES,Combined TRACON& Tower with Radar,27,36,36,18,117,0,0,3,2,5,27,36,39,20,122,0,0,0,122
12/12/2022,CAE,SC,ASO,ES,Combined TRACON& Tower with Radar,37,33,45,21,136,0,4,22,3,29,37,37,67,24,165,16,14,30,195
12/13/2022,CAE,SC,ASO,ES,Combined TRACON& Tower with Radar,56,39,58,40,193,0,4,43,4,51,56,43,101,44,244,18,26,44,288
12/14/2022,CAE,SC,ASO,ES,Combined TRACON& Tower with Radar,58,43,59,25,185,0,0,9,2,11,58,43,68,27,196,24,6,30,226
12/15/2022,CAE,SC,ASO,ES,Combined TRACON& Tower with Radar,56,39,29,8,132,0,0,0,0,0,56,39,29,8,132,0,0,0,132
12/16/2022,CAE,SC,ASO,ES,Combined TRACON& Tower with Radar,56,47,40,11,154,0,0,30,2,32,56,47,70,13,186,76,0,76,262
12/17/2022,CAE,SC,ASO,ES,Combined TRACON& Tower with Radar,43,31,27,2,103,0,0,14,0,14,43,31,41,2,117,54,0,54,171
12/18/2022,CAE,SC,ASO,ES,Combined TRACON& Tower with Radar,31,23,25,0,79,0,0,19,0,19,31,23,44,0,98,78,0,78,176
12/19/2022,CAE,SC,ASO,ES,Combined TRACON& Tower with Radar,44,35,45,22,146,0,1,29,1,31,44,36,74,23,177,22,6,28,205
12/20/2022,CAE,SC,ASO,ES,Combined TRACON& Tower with Radar,52,52,33,8,145,0,0,6,0,6,52,52,39,8,151,4,12,16,167
12/21/2022,CAE,SC,ASO,ES,Combined TRACON& Tower with Radar,54,47,46,17,164,0,0,9,3,12,54,47,55,20,176,20,26,46,222
12/22/2022,CAE,SC,ASO,ES,Combined TRACON& Tower with Radar,49,46,30,6,131,0,0,0,0,0,49,46,30,6,131,0,0,0,131
12/23/2022,CAE,SC,ASO,ES,Combined TRACON& Tower with Radar,53,37,16,0,106,0,0,3,0,3,53,37,19,0,109,0,0,0,109
12/24/2022,CAE,SC,ASO,ES,Combined TRACON& Tower with Radar,17,19,19,0,55,0,1,15,0,16,17,20,34,0,71,0,0,0,71
12/25/2022,CAE,SC,ASO,ES,Combined TRACON& Tower with Radar,15,13,6,0,34,0,0,7,0,7,15,13,13,0,41,0,0,0,41
12/26/2022,CAE,SC,ASO,ES,Combined TRACON& Tower with Radar,28,25,42,0,95,0,1,31,0,32,28,26,73,0,127,1,0,1,128
12/27/2022,CAE,SC,ASO,ES,Combined TRACON& Tower with Radar,33,43,60,7,143,0,0,28,0,28,33,43,88,7,171,0,0,0,171
12/28/2022,CAE,SC,ASO,ES,Combined TRACON& Tower with Radar,53,45,41,10,149,0,3,31,1,35,53,48,72,11,184,50,0,50,234
12/29/2022,CAE,SC,ASO,ES,Combined TRACON& Tower with Radar,50,48,41,15,154,0,1,41,1,43,50,49,82,16,197,7,12,19,216
12/30/2022,CAE,SC,ASO,ES,Combined TRACON& Tower with Radar,36,34,62,2,134,0,0,11,0,11,36,34,73,2,145,8,0,8,153
12/31/2022,CAE,SC,ASO,ES,Combined TRACON& Tower with Radar,19,21,21,0,61,0,0,0,0,0,19,21,21,0,61,0,0,0,61
01/01/2023,CAE,SC,ASO,ES,Combined TRACON& Tower with Radar,18,19,19,0,56,0,0,4,0,4,18,19,23,0,60,0,0,0,60
01/02/2023,CAE,SC,ASO,ES,Combined TRACON& Tower with Radar,28,28,29,0,85,0,1,21,0,22,28,29,50,0,107,18,0,18,125
01/03/2023,CAE,SC,ASO,ES,Combined TRACON& Tower with Radar,31,34,37,20,122,0,1,6,2,9,31,35,43,22,131,0,22,22,153
01/04/2023,CAE,SC,ASO,ES,Combined TRACON& Tower with Radar,39,48,25,0,112,0,0,0,0,0,39,48,25,0,112,0,0,0,112
01/05/2023,CAE,SC,ASO,ES,Combined TRACON& Tower with Radar,40,41,43,25,149,0,5,21,1,27,40,46,64,26,176,8,36,44,220
01/06/2023,CAE,SC,ASO,ES,Combined TRACON& Tower with Radar,37,40,38,14,129,0,0,51,1,52,37,40,89,15,181,14,0,14,195
01/07/2023,CAE,SC,ASO,ES,Combined TRACON& Tower with Radar,29,22,32,4,87,0,0,28,0,28,29,22,60,4,115,12,2,14,129
01/08/2023,CAE,SC,ASO,ES,Combined TRACON& Tower with Radar,25,22,34,2,83,0,0,15,0,15,25,22,49,2,98,0,0,0,98
01/09/2023,CAE,SC,ASO,ES,Combined TRACON& Tower with Radar,36,33,45,8,122,0,0,27,1,28,36,33,72,9,150,4,2,6,156
01/10/2023,CAE,SC,ASO,ES,Combined TRACON& Tower with Radar,47,32,46,26,151,0,0,27,4,31,47,32,73,30,182,10,2,12,194
01/11/2023,CAE,SC,ASO,ES,Combined TRACON& Tower with Radar,46,44,58,22,170,0,3,33,5,41,46,47,91,27,211,40,10,50,261
01/12/2023,CAE,SC,ASO,ES,Combined TRACON& Tower with Radar,65,39,45,17,166,0,1,5,2,8,65,40,50,19,174,0,0,0,174
01/13/2023,CAE,SC,ASO,ES,Combined TRACON& Tower with Radar,49,37,31,20,137,0,0,9,0,9,49,37,40,20,146,10,0,10,156
01/14/2023,CAE,SC,ASO,ES,Combined TRACON& Tower with Radar,29,21,29,0,79,0,0,13,0,13,29,21,42,0,92,0,0,0,92
01/15/2023,CAE,SC,ASO,ES,Combined TRACON& Tower with Radar,29,14,25,0,68,0,2,21,0,23,29,16,46,0,91,4,0,4,95
01/16/2023,CAE,SC,ASO,ES,Combined TRACON& Tower with Radar,42,28,39,9,118,0,0,37,0,37,42,28,76,9,155,12,12,24,179
01/17/2023,CAE,SC,ASO,ES,Combined TRACON& Tower with Radar,49,43,20,25,137,0,0,7,2,9,49,43,27,27,146,0,6,6,152
01/18/2023,CAE,SC,ASO,ES,Combined TRACON& Tower with Radar,52,37,57,26,172,0,1,13,0,14,52,38,70,26,186,26,0,26,212
01/19/2023,CAE,SC,ASO,ES,Combined TRACON& Tower with Radar,53,40,35,9,137,0,0,6,2,8,53,40,41,11,145,0,6,6,151
01/20/2023,CAE,SC,ASO,ES,Combined TRACON& Tower with Radar,47,35,40,9,131,0,4,33,0,37,47,39,73,9,168,32,2,34,202
01/21/2023,CAE,SC,ASO,ES,Combined TRACON& Tower with Radar,31,23,22,0,76,0,5,47,0,52,31,28,69,0,128,0,0,0,128
01/22/2023,CAE,SC,ASO,ES,Combined TRACON& Tower with Radar,34,23,5,0,62,0,0,0,0,0,34,23,5,0,62,0,0,0,62
01/23/2023,CAE,SC,ASO,ES,Combined TRACON& Tower with Radar,44,34,28,12,118,0,6,23,3,32,44,40,51,15,150,0,0,0,150
01/24/2023,CAE,SC,ASO,ES,Combined TRACON& Tower with Radar,49,38,46,7,140,0,3,36,3,42,49,41,82,10,182,0,0,0,182
01/25/2023,CAE,SC,ASO,ES,Combined TRACON& Tower with Radar,48,34,29,0,111,0,0,0,0,0,48,34,29,0,111,0,0,0,111
01/26/2023,CAE,SC,ASO,ES,Combined TRACON& Tower with Radar,52,39,53,21,165,0,9,29,2,40,52,48,82,23,205,4,2,6,211
01/27/2023,CAE,SC,ASO,ES,Combined TRACON& Tower with Radar,46,41,37,8,132,0,0,31,3,34,46,41,68,11,166,60,0,60,226
01/28/2023,CAE,SC,ASO,ES,Combined TRACON& Tower with Radar,30,21,45,9,105,0,4,40,0,44,30,25,85,9,149,18,0,18,167
01/29/2023,CAE,SC,ASO,ES,Combined TRACON& Tower with Radar,35,19,17,17,88,0,0,6,0,6,35,19,23,17,94,8,0,8,102
01/30/2023,CAE,SC,ASO,ES,Combined TRACON& Tower with Radar,37,29,29,2,97,0,0,1,0,1,37,29,30,2,98,0,0,0,98
01/31/2023,CAE,SC,ASO,ES,Combined TRACON& Tower with Radar,37,34,37,2,110,0,1,1,0,2,37,35,38,2,112,4,0,4,116
02/01/2023,CAE,SC,ASO,ES,Combined TRACON& Tower with Radar,44,46,33,8,131,0,1,19,0,20,44,47,52,8,151,20,0,20,171
02/02/2023,CAE,SC,ASO,ES,Combined TRACON& Tower with Radar,41,37,44,4,126,0,0,0,0,0,41,37,44,4,126,0,0,0,126
02/03/2023,CAE,SC,ASO,ES,Combined TRACON& Tower with Radar,40,36,40,2,118,0,4,24,4,32,40,40,64,6,150,2,0,2,152
02/04/2023,CAE,SC,ASO,ES,Combined TRACON& Tower with Radar,34,22,28,2,86,0,0,49,0,49,34,22,77,2,135,6,0,6,141
02/05/2023,CAE,SC,ASO,ES,Combined TRACON& Tower with Radar,33,20,30,2,85,0,1,15,0,16,33,21,45,2,101,20,0,20,121
02/06/2023,CAE,SC,ASO,ES,Combined TRACON& Tower with Radar,34,37,41,9,121,0,3,41,2,46,34,40,82,11,167,36,4,40,207
02/07/2023,CAE,SC,ASO,ES,Combined TRACON& Tower with Radar,40,40,30,12,122,0,5,41,3,49,40,45,71,15,171,8,16,24,195
02/08/2023,CAE,SC,ASO,ES,Combined TRACON& Tower with Radar,42,39,54,13,148,0,4,35,3,42,42,43,89,16,190,36,14,50,240
02/09/2023,CAE,SC,ASO,ES,Combined TRACON& Tower with Radar,45,42,61,10,158,0,0,18,3,21,45,42,79,13,179,10,10,20,199
02/10/2023,CAE,SC,ASO,ES,Combined TRACON& Tower with Radar,38,41,47,1,127,0,0,13,0,13,38,41,60,1,140,18,0,18,158
02/11/2023,CAE,SC,ASO,ES,Combined TRACON& Tower with Radar,30,25,33,1,89,0,0,3,1,4,30,25,36,2,93,12,0,12,105
02/12/2023,CAE,SC,ASO,ES,Combined TRACON& Tower with Radar,31,20,23,0,74,0,0,1,0,1,31,20,24,0,75,0,0,0,75
02/13/2023,CAE,SC,ASO,ES,Combined TRACON& Tower with Radar,37,30,37,12,116,0,4,38,1,43,37,34,75,13,159,12,27,39,198
02/14/2023,CAE,SC,ASO,ES,Combined TRACON& Tower with Radar,41,40,46,4,131,0,2,30,0,32,41,42,76,4,163,0,0,0,163
02/15/2023,CAE,SC,ASO,ES,Combined TRACON& Tower with Radar,41,51,48,18,158,0,0,22,2,24,41,51,70,20,182,44,32,76,258
02/16/2023,CAE,SC,ASO,ES,Combined TRACON& Tower with Radar,43,44,47,4,138,0,2,9,0,11,43,46,56,4,149,6,0,6,155
02/17/2023,CAE,SC,ASO,ES,Combined TRACON& Tower with Radar,37,40,37,0,114,0,0,3,0,3,37,40,40,0,117,0,0,0,117
02/18/2023,CAE,SC,ASO,ES,Combined TRACON& Tower with Radar,29,29,36,1,95,0,2,46,0,48,29,31,82,1,143,10,0,10,153
02/19/2023,CAE,SC,ASO,ES,Combined TRACON& Tower with Radar,27,18,21,0,66,0,0,16,0,16,27,18,37,0,82,4,0,4,86
02/20/2023,CAE,SC,ASO,ES,Combined TRACON& Tower with Radar,39,32,33,2,106,0,2,28,1,31,39,34,61,3,137,4,0,4,141
02/21/2023,CAE,SC,ASO,ES,Combined TRACON& Tower with Radar,42,35,46,38,161,0,2,21,16,39,42,37,67,54,200,10,12,22,222
02/22/2023,CAE,SC,ASO,ES,Combined TRACON& Tower with Radar,43,43,50,6,142,0,1,5,4,10,43,44,55,10,152,16,0,16,168
02/23/2023,CAE,SC,ASO,ES,Combined TRACON& Tower with Radar,42,46,46,5,139,0,0,20,2,22,42,46,66,7,161,34,4,38,199
02/24/2023,CAE,SC,ASO,ES,Combined TRACON& Tower with Radar,46,39,40,21,146,0,0,23,0,23,46,39,63,21,169,54,6,60,229
02/25/2023,CAE,SC,ASO,ES,Combined TRACON& Tower with Radar,30,20,16,0,66,0,0,0,0,0,30,20,16,0,66,0,0,0,66
02/26/2023,CAE,SC,ASO,ES,Combined TRACON& Tower with Radar,26,19,31,2,78,0,0,9,0,9,26,19,40,2,87,0,0,0,87
02/27/2023,CAE,SC,ASO,ES,Combined TRACON& Tower with Radar,42,28,28,6,104,0,0,9,0,9,42,28,37,6,113,0,10,10,123
02/28/2023,CAE,SC,ASO,ES,Combined TRACON& Tower with Radar,40,36,29,7,112,0,3,36,2,41,40,39,65,9,153,2,24,26,179
03/01/2023,CAE,SC,ASO,ES,Combined TRACON& Tower with Radar,48,38,47,20,153,0,2,25,0,27,48,40,72,20,180,20,0,20,200
03/02/2023,CAE,SC,ASO,ES,Combined TRACON& Tower with Radar,47,43,31,4,125,0,0,4,0,4,47,43,35,4,129,22,6,28,157
03/03/2023,CAE,SC,ASO,ES,Combined TRACON& Tower with Radar,56,40,36,8,140,0,0,5,0,5,56,40,41,8,145,0,4,4,149
03/04/2023,CAE,SC,ASO,ES,Combined TRACON& Tower with Radar,30,30,32,2,94,0,1,42,0,43,30,31,74,2,137,10,0,10,147
03/05/2023,CAE,SC,ASO,ES,Combined TRACON& Tower with Radar,34,16,20,0,70,0,2,33,0,35,34,18,53,0,105,58,0,58,163
03/06/2023,CAE,SC,ASO,ES,Combined TRACON& Tower with Radar,43,31,44,14,132,0,0,40,0,40,43,31,84,14,172,54,10,64,236
03/07/2023,CAE,SC,ASO,ES,Combined TRACON& Tower with Radar,43,39,38,14,134,0,2,20,3,25,43,41,58,17,159,50,0,50,209
03/08/2023,CAE,SC,ASO,ES,Combined TRACON& Tower with Radar,46,50,44,19,159,0,0,32,0,32,46,50,76,19,191,26,22,48,239
03/09/2023,CAE,SC,ASO,ES,Combined TRACON& Tower with Radar,48,48,57,6,159,0,2,26,2,30,48,50,83,8,189,0,0,0,189
03/10/2023,CAE,SC,ASO,ES,Combined TRACON& Tower with Radar,45,32,36,10,123,0,0,0,0,0,45,32,36,10,123,0,0,0,123
03/11/2023,CAE,SC,ASO,ES,Combined TRACON& Tower with Radar,29,25,24,0,78,0,0,28,0,28,29,25,52,0,106,0,0,0,106
03/12/2023,CAE,SC,ASO,ES,Combined TRACON& Tower with Radar,41,29,22,0,92,0,0,1,0,1,41,29,23,0,93,0,0,0,93
03/13/2023,CAE,SC,ASO,ES,Combined TRACON& Tower with Radar,44,27,41,2,114,0,0,3,0,3,44,27,44,2,117,0,0,0,117
03/14/2023,CAE,SC,ASO,ES,Combined TRACON& Tower with Radar,45,40,41,2,128,0,6,34,1,41,45,46,75,3,169,22,0,22,191
03/15/2023,CAE,SC,ASO,ES,Combined TRACON& Tower with Radar,47,43,39,2,131,0,1,40,0,41,47,44,79,2,172,24,10,34,206
03/16/2023,CAE,SC,ASO,ES,Combined TRACON& Tower with Radar,46,43,42,4,135,0,0,38,2,40,46,43,80,6,175,10,0,10,185
03/17/2023,CAE,SC,ASO,ES,Combined TRACON& Tower with Radar,47,38,37,0,122,0,2,4,1,7,47,40,41,1,129,0,0,0,129
03/18/2023,CAE,SC,ASO,ES,Combined TRACON& Tower with Radar,32,29,37,2,100,0,0,20,0,20,32,29,57,2,120,14,0,14,134
03/19/2023,CAE,SC,ASO,ES,Combined TRACON& Tower with Radar,35,23,34,2,94,0,1,71,0,72,35,24,105,2,166,6,0,6,172
03/20/2023,CAE,SC,ASO,ES,Combined TRACON& Tower with Radar,43,35,45,0,123,0,0,22,0,22,43,35,67,0,145,22,0,22,167
03/21/2023,CAE,SC,ASO,ES,Combined TRACON& Tower with Radar,44,47,49,7,147,0,0,26,5,31,44,47,75,12,178,14,2,16,194
03/22/2023,CAE,SC,ASO,ES,Combined TRACON& Tower with Radar,45,44,50,12,151,0,0,10,0,10,45,44,60,12,161,0,0,0,161
03/23/2023,CAE,SC,ASO,ES,Combined TRACON& Tower with Radar,49,41,40,3,133,0,3,17,2,22,49,44,57,5,155,0,0,0,155
03/24/2023,CAE,SC,ASO,ES,Combined TRACON& Tower with Radar,43,37,31,4,115,0,2,25,2,29,43,39,56,6,144,14,0,14,158
03/25/2023,CAE,SC,ASO,ES,Combined TRACON& Tower with Radar,33,34,25,0,92,0,0,4,0,4,33,34,29,0,96,8,0,8,104
03/26/2023,CAE,SC,ASO,ES,Combined TRACON& Tower with Radar,30,24,21,0,75,0,0,2,0,2,30,24,23,0,77,0,0,0,77
03/27/2023,CAE,SC,ASO,ES,Combined TRACON& Tower with Radar,46,31,47,1,125,0,0,5,1,6,46,31,52,2,131,0,0,0,131
03/28/2023,CAE,SC,ASO,ES,Combined TRACON& Tower with Radar,45,52,53,2,152,0,0,20,1,21,45,52,73,3,173,10,0,10,183
03/29/2023,CAE,SC,ASO,ES,Combined TRACON& Tower with Radar,44,45,48,6,143,0,0,28,1,29,44,45,76,7,172,16,20,36,208
03/30/2023,CAE,SC,ASO,ES,Combined TRACON& Tower with Radar,50,49,57,1,157,0,0,26,2,28,50,49,83,3,185,4,0,4,189
03/31/2023,CAE,SC,ASO,ES,Combined TRACON& Tower with Radar,44,39,29,2,114,0,2,24,0,26,44,41,53,2,140,46,0,46,186
04/01/2023,CAE,SC,ASO,ES,Combined TRACON& Tower with Radar,41,24,13,0,78,0,0,3,0,3,41,24,16,0,81,0,0,0,81
04/02/2023,CAE,SC,ASO,ES,Combined TRACON& Tower with Radar,32,23,34,0,89,0,3,22,0,25,32,26,56,0,114,0,0,0,114
04/03/2023,CAE,SC,ASO,ES,Combined TRACON& Tower with Radar,44,41,37,0,122,0,0,14,0,14,44,41,51,0,136,36,0,36,172
04/04/2023,CAE,SC,ASO,ES,Combined TRACON& Tower with Radar,40,57,65,11,173,0,2,27,1,30,40,59,92,12,203,74,0,74,277
04/05/2023,CAE,SC,ASO,ES,Combined TRACON& Tower with Radar,38,63,77,28,206,0,0,32,0,32,38,63,109,28,238,24,0,24,262
04/06/2023,CAE,SC,ASO,ES,Combined TRACON& Tower with Radar,39,56,49,2,146,0,1,10,4,15,39,57,59,6,161,0,0,0,161
04/07/2023,CAE,SC,ASO,ES,Combined TRACON& Tower with Radar,41,75,99,1,216,0,0,9,1,10,41,75,108,2,226,0,0,0,226
04/08/2023,CAE,SC,ASO,ES,Combined TRACON& Tower with Radar,28,41,28,8,105,0,0,0,0,0,28,41,28,8,105,0,0,0,105
04/09/2023,CAE,SC,ASO,ES,Combined TRACON& Tower with Radar,26,26,29,0,81,0,0,11,0,11,26,26,40,0,92,0,0,0,92
04/10/2023,CAE,SC,ASO,ES,Combined TRACON& Tower with Radar,37,44,51,3,135,0,0,40,0,40,37,44,91,3,175,8,0,8,183
04/11/2023,CAE,SC,ASO,ES,Combined TRACON& Tower with Radar,41,52,54,2,149,0,1,35,0,36,41,53,89,2,185,20,0,20,205
04/12/2023,CAE,SC,ASO,ES,Combined TRACON& Tower with Radar,40,52,36,2,130,0,0,33,0,33,40,52,69,2,163,0,0,0,163
04/13/2023,CAE,SC,ASO,ES,Combined TRACON& Tower with Radar,43,46,40,4,133,0,0,17,0,17,43,46,57,4,150,12,16,28,178
04/14/2023,CAE,SC,ASO,ES,Combined TRACON& Tower with Radar,38,57,29,0,124,0,0,7,2,9,38,57,36,2,133,16,0,16,149
04/15/2023,CAE,SC,ASO,ES,Combined TRACON& Tower with Radar,27,30,26,0,83,0,0,22,0,22,27,30,48,0,105,0,0,0,105
04/16/2023,CAE,SC,ASO,ES,Combined TRACON& Tower with Radar,29,21,18,4,72,0,0,11,2,13,29,21,29,6,85,0,0,0,85
04/17/2023,CAE,SC,ASO,ES,Combined TRACON& Tower with Radar,35,46,40,4,125,0,2,33,0,35,35,48,73,4,160,0,0,0,160
04/18/2023,CAE,SC,ASO,ES,Combined TRACON& Tower with Radar,37,54,36,8,135,0,1,34,0,35,37,55,70,8,170,18,24,42,212
04/19/2023,CAE,SC,ASO,ES,Combined TRACON& Tower with Radar,44,47,52,7,150,0,1,49,1,51,44,48,101,8,201,12,0,12,213
04/20/2023,CAE,SC,ASO,ES,Combined TRACON& Tower with Radar,36,53,36,16,141,0,0,18,2,20,36,53,54,18,161,0,12,12,173
04/21/2023,CAE,SC,ASO,ES,Combined TRACON& Tower with Radar,38,48,31,10,127,0,3,42,0,45,38,51,73,10,172,12,0,12,184
04/22/2023,CAE,SC,ASO,ES,Combined TRACON& Tower with Radar,30,30,13,2,75,0,0,13,0,13,30,30,26,2,88,4,0,4,92
04/23/2023,CAE,SC,ASO,ES,Combined TRACON& Tower with Radar,27,22,24,0,73,0,1,23,0,24,27,23,47,0,97,14,0,14,111
04/24/2023,CAE,SC,ASO,ES,Combined TRACON& Tower with Radar,36,38,34,3,111,0,3,32,2,37,36,41,66,5,148,12,0,12,160
04/25/2023,CAE,SC,ASO,ES,Combined TRACON& Tower with Radar,43,48,38,3,132,0,0,25,3,28,43,48,63,6,160,12,16,28,188
04/26/2023,CAE,SC,ASO,ES,Combined TRACON& Tower with Radar,33,45,45,2,125,0,2,15,3,20,33,47,60,5,145,26,0,26,171
04/27/2023,CAE,SC,ASO,ES,Combined TRACON& Tower with Radar,41,47,42,9,139,0,0,2,0,2,41,47,44,9,141,0,0,0,141
04/28/2023,CAE,SC,ASO,ES,Combined TRACON& Tower with Radar,37,48,38,3,126,0,0,12,3,15,37,48,50,6,141,42,0,42,183
04/29/2023,CAE,SC,ASO,ES,Combined TRACON& Tower with Radar,31,32,29,0,92,0,0,26,0,26,31,32,55,0,118,0,0,0,118
04/30/2023,CAE,SC,ASO,ES,Combined TRACON& Tower with Radar,26,20,22,0,68,0,0,1,0,1,26,20,23,0,69,0,0,0,69
05/01/2023,CAE,SC,ASO,ES,Combined TRACON& Tower with Radar,38,40,24,9,111,0,0,13,0,13,38,40,37,9,124,0,0,0,124
05/02/2023,CAE,SC,ASO,ES,Combined TRACON& Tower with Radar,41,50,38,2,131,0,2,13,2,17,41,52,51,4,148,2,0,2,150
05/03/2023,CAE,SC,ASO,ES,Combined TRACON& Tower with Radar,40,57,45,3,145,0,0,41,0,41,40,57,86,3,186,12,0,12,198
05/04/2023,CAE,SC,ASO,ES,Combined TRACON& Tower with Radar,41,49,30,5,125,0,2,29,0,31,41,51,59,5,156,18,14,32,188
05/05/2023,CAE,SC,ASO,ES,Combined TRACON& Tower with Radar,43,47,27,0,117,0,0,36,0,36,43,47,63,0,153,46,0,46,199
05/06/2023,CAE,SC,ASO,ES,Combined TRACON& Tower with Radar,28,35,24,0,87,0,1,12,0,13,28,36,36,0,100,8,0,8,108
05/07/2023,CAE,SC,ASO,ES,Combined TRACON& Tower with Radar,30,40,29,1,100,0,0,28,2,30,30,40,57,3,130,16,0,16,146
05/08/2023,CAE,SC,ASO,ES,Combined TRACON& Tower with Radar,37,45,33,0,115,0,4,20,0,24,37,49,53,0,139,22,0,22,161
05/09/2023,CAE,SC,ASO,ES,Combined TRACON& Tower with Radar,42,50,34,0,126,0,3,21,0,24,42,53,55,0,150,0,0,0,150
05/10/2023,CAE,SC,ASO,ES,Combined TRACON& Tower with Radar,40,48,57,2,147,0,0,17,0,17,40,48,74,2,164,16,0,16,180
05/11/2023,CAE,SC,ASO,ES,Combined TRACON& Tower with Radar,42,60,44,7,153,0,8,34,2,44,42,68,78,9,197,0,12,12,209
05/12/2023,CAE,SC,ASO,ES,Combined TRACON& Tower with Radar,39,53,47,12,151,0,4,24,0,28,39,57,71,12,179,66,0,66,245
05/13/2023,CAE,SC,ASO,ES,Combined TRACON& Tower with Radar,32,43,33,1,109,0,0,39,0,39,32,43,72,1,148,12,0,12,160
05/14/2023,CAE,SC,ASO,ES,Combined TRACON& Tower with Radar,30,42,22,0,94,0,0,23,0,23,30,42,45,0,117,18,0,18,135
05/15/2023,CAE,SC,ASO,ES,Combined TRACON& Tower with Radar,38,45,44,3,130,0,0,25,2,27,38,45,69,5,157,28,0,28,185
05/16/2023,CAE,SC,ASO,ES,Combined TRACON& Tower with Radar,41,57,50,21,169,0,1,29,1,31,41,58,79,22,200,44,0,44,244
05/17/2023,CAE,SC,ASO,ES,Combined TRACON& Tower with Radar,47,69,46,22,184,0,0,26,3,29,47,69,72,25,213,24,30,54,267
05/18/2023,CAE,SC,ASO,ES,Combined TRACON& Tower with Radar,42,48,37,5,132,0,0,0,0,0,42,48,37,5,132,0,0,0,132
05/19/2023,CAE,SC,ASO,ES,Combined TRACON& Tower with Radar,41,52,53,0,146,0,0,1,0,1,41,52,54,0,147,0,0,0,147
05/20/2023,CAE,SC,ASO,ES,Combined TRACON& Tower with Radar,34,34,29,0,97,0,0,14,0,14,34,34,43,0,111,50,0,50,161
05/21/2023,CAE,SC,ASO,ES,Combined TRACON& Tower with Radar,33,36,24,1,94,0,0,0,0,0,33,36,24,1,94,0,0,0,94
05/22/2023,CAE,SC,ASO,ES,Combined TRACON& Tower with Radar,38,41,34,4,117,0,4,39,0,43,38,45,73,4,160,68,16,84,244
05/23/2023,CAE,SC,ASO,ES,Combined TRACON& Tower with Radar,43,51,40,16,150,0,0,14,0,14,43,51,54,16,164,34,12,46,210
05/24/2023,CAE,SC,ASO,ES,Combined TRACON& Tower with Radar,42,56,42,19,159,0,0,25,1,26,42,56,67,20,185,81,24,105,290
05/25/2023,CAE,SC,ASO,ES,Combined TRACON& Tower with Radar,41,53,40,5,139,0,2,31,0,33,41,55,71,5,172,116,4,120,292
05/26/2023,CAE,SC,ASO,ES,Combined TRACON& Tower with Radar,41,49,33,0,123,0,0,21,0,21,41,49,54,0,144,56,0,56,200
05/27/2023,CAE,SC,ASO,ES,Combined TRACON& Tower with Radar,28,29,15,0,72,0,0,3,0,3,28,29,18,0,75,0,0,0,75
05/28/2023,CAE,SC,ASO,ES,Combined TRACON& Tower with Radar,23,31,12,0,66,0,0,0,0,0,23,31,12,0,66,0,0,0,66
05/29/2023,CAE,SC,ASO,ES,Combined TRACON& Tower with Radar,32,37,29,2,100,0,0,29,0,29,32,37,58,2,129,6,0,6,135
05/30/2023,CAE,SC,ASO,ES,Combined TRACON& Tower with Radar,38,53,43,13,147,0,0,17,2,19,38,53,60,15,166,0,0,0,166
05/31/2023,CAE,SC,ASO,ES,Combined TRACON& Tower with Radar,41,54,43,4,142,0,0,11,0,11,41,54,54,4,153,20,0,20,173
06/01/2023,CAE,SC,ASO,ES,Combined TRACON& Tower with Radar,40,45,44,9,138,0,2,35,3,40,40,47,79,12,178,18,14,32,210
06/02/2023,CAE,SC,ASO,ES,Combined TRACON& Tower with Radar,48,42,31,20,141,0,0,22,0,22,48,42,53,20,163,20,2,22,185
06/03/2023,CAE,SC,ASO,ES,Combined TRACON& Tower with Radar,37,29,14,0,80,0,1,27,0,28,37,30,41,0,108,0,0,0,108
06/04/2023,CAE,SC,ASO,ES,Combined TRACON& Tower with Radar,39,21,22,2,84,0,0,13,0,13,39,21,35,2,97,8,0,8,105
06/05/2023,CAE,SC,ASO,ES,Combined TRACON& Tower with Radar,45,35,56,6,142,0,2,30,0,32,45,37,86,6,174,22,14,36,210
06/06/2023,CAE,SC,ASO,ES,Combined TRACON& Tower with Radar,52,39,25,14,130,0,3,12,0,15,52,42,37,14,145,2,22,24,169
06/07/2023,CAE,SC,ASO,ES,Combined TRACON& Tower with Radar,45,42,42,2,131,0,3,17,2,22,45,45,59,4,153,28,0,28,181
06/08/2023,CAE,SC,ASO,ES,Combined TRACON& Tower with Radar,51,46,40,21,158,0,5,19,7,31,51,51,59,28,189,0,26,26,215
06/09/2023,CAE,SC,ASO,ES,Combined TRACON& Tower with Radar,46,41,45,2,134,0,5,29,0,34,46,46,74,2,168,40,0,40,208
06/10/2023,CAE,SC,ASO,ES,Combined TRACON& Tower with Radar,38,25,16,0,79,0,4,25,0,29,38,29,41,0,108,0,0,0,108
06/11/2023,CAE,SC,ASO,ES,Combined TRACON& Tower with Radar,36,25,17,2,80,0,0,6,0,6,36,25,23,2,86,0,0,0,86
06/12/2023,CAE,SC,ASO,ES,Combined TRACON& Tower with Radar,48,35,34,16,133,0,0,9,0,9,48,35,43,16,142,30,16,46,188
06/13/2023,CAE,SC,ASO,ES,Combined TRACON& Tower with Radar,48,43,33,15,139,0,4,22,3,29,48,47,55,18,168,0,24,24,192
06/14/2023,CAE,SC,ASO,ES,Combined TRACON& Tower with Radar,46,39,39,4,128,0,0,7,0,7,46,39,46,4,135,27,0,27,162
06/15/2023,CAE,SC,ASO,ES,Combined TRACON& Tower with Radar,45,53,43,11,152,0,1,11,0,12,45,54,54,11,164,4,8,12,176
06/16/2023,CAE,SC,ASO,ES,Combined TRACON& Tower with Radar,47,44,39,38,168,0,0,29,0,29,47,44,68,38,197,34,6,40,237
06/17/2023,CAE,SC,ASO,ES,Combined TRACON& Tower with Radar,36,31,25,0,92,0,6,22,0,28,36,37,47,0,120,0,0,0,120
06/18/2023,CAE,SC,ASO,ES,Combined TRACON& Tower with Radar,38,24,18,1,81,0,1,7,0,8,38,25,25,1,89,0,0,0,89
06/19/2023,CAE,SC,ASO,ES,Combined TRACON& Tower with Radar,41,27,26,0,94,0,0,2,0,2,41,27,28,0,96,26,0,26,122
06/20/2023,CAE,SC,ASO,ES,Combined TRACON& Tower with Radar,45,42,36,13,136,0,0,1,1,2,45,42,37,14,138,28,0,28,166
06/21/2023,CAE,SC,ASO,ES,Combined TRACON& Tower with Radar,47,43,47,6,143,0,0,0,0,0,47,43,47,6,143,0,0,0,143
06/22/2023,CAE,SC,ASO,ES,Combined TRACON& Tower with Radar,48,41,24,2,115,0,0,0,0,0,48,41,24,2,115,20,0,20,135
06/23/2023,CAE,SC,ASO,ES,Combined TRACON& Tower with Radar,43,44,38,10,135,0,0,12,1,13,43,44,50,11,148,38,0,38,186
06/24/2023,CAE,SC,ASO,ES,Combined TRACON& Tower with Radar,31,30,27,0,88,0,1,33,0,34,31,31,60,0,122,0,0,0,122
06/25/2023,CAE,SC,ASO,ES,Combined TRACON& Tower with Radar,39,20,17,2,78,0,6,24,0,30,39,26,41,2,108,0,0,0,108
06/26/2023,CAE,SC,ASO,ES,Combined TRACON& Tower with Radar,44,40,25,0,109,0,7,30,0,37,44,47,55,0,146,0,0,0,146
06/27/2023,CAE,SC,ASO,ES,Combined TRACON& Tower with Radar,44,55,38,21,158,0,3,9,0,12,44,58,47,21,170,14,0,14,184
06/28/2023,CAE,SC,ASO,ES,Combined TRACON& Tower with Radar,41,58,24,0,123,0,12,23,0,35,41,70,47,0,158,30,0,30,188
06/29/2023,CAE,SC,ASO,ES,Combined TRACON& Tower with Radar,47,51,34,11,143,0,2,28,2,32,47,53,62,13,175,36,2,38,213
06/30/2023,CAE,SC,ASO,ES,Combined TRACON& Tower with Radar,44,45,37,4,130,0,2,19,1,22,44,47,56,5,152,0,4,4,156
07/01/2023,CAE,SC,ASO,ES,Combined TRACON& Tower with Radar,36,32,23,0,91,0,0,15,0,15,36,32,38,0,106,8,0,8,114
07/02/2023,CAE,SC,ASO,ES,Combined TRACON& Tower with Radar,36,18,8,6,68,0,0,2,0,2,36,18,10,6,70,8,0,8,78
07/03/2023,CAE,SC,ASO,ES,Combined TRACON& Tower with Radar,36,27,17,4,84,0,0,17,2,19,36,27,34,6,103,26,0,26,129
07/04/2023,CAE,SC,ASO,ES,Combined TRACON& Tower with Radar,32,17,14,0,63,0,4,13,0,17,32,21,27,0,80,0,0,0,80
07/05/2023,CAE,SC,ASO,ES,Combined TRACON& Tower with Radar,46,38,30,8,122,0,0,20,0,20,46,38,50,8,142,12,2,14,156
07/06/2023,CAE,SC,ASO,ES,Combined TRACON& Tower with Radar,47,54,37,7,145,0,0,6,0,6,47,54,43,7,151,8,0,8,159
07/07/2023,CAE,SC,ASO,ES,Combined TRACON& Tower with Radar,42,41,34,0,117,0,0,16,0,16,42,41,50,0,133,20,0,20,153
07/08/2023,CAE,SC,ASO,ES,Combined TRACON& Tower with Radar,36,28,18,3,85,0,1,20,0,21,36,29,38,3,106,10,0,10,116
07/09/2023,CAE,SC,ASO,ES,Combined TRACON& Tower with Radar,32,27,23,0,82,0,0,14,0,14,32,27,37,0,96,6,0,6,102
07/10/2023,CAE,SC,ASO,ES,Combined TRACON& Tower with Radar,45,39,31,10,125,0,0,6,0,6,45,39,37,10,131,0,16,16,147
07/11/2023,CAE,SC,ASO,ES,Combined TRACON& Tower with Radar,52,42,52,0,146,0,4,17,0,21,52,46,69,0,167,8,0,8,175
07/12/2023,CAE,SC,ASO,ES,Combined TRACON& Tower with Radar,54,52,49,22,177,0,2,27,0,29,54,54,76,22,206,28,8,36,242
07/13/2023,CAE,SC,ASO,ES,Combined TRACON& Tower with Radar,48,43,38,14,143,0,4,14,2,20,48,47,52,16,163,4,10,14,177
07/14/2023,CAE,SC,ASO,ES,Combined TRACON& Tower with Radar,49,49,32,15,145,0,0,28,0,28,49,49,60,15,173,28,4,32,205
07/15/2023,CAE,SC,ASO,ES,Combined TRACON& Tower with Radar,35,39,27,12,113,0,0,10,0,10,35,39,37,12,123,10,0,10,133
07/16/2023,CAE,SC,ASO,ES,Combined TRACON& Tower with Radar,36,29,16,7,88,0,0,15,0,15,36,29,31,7,103,14,12,26,129
07/17/2023,CAE,SC,ASO,ES,Combined TRACON& Tower with Radar,42,38,45,0,125,0,0,20,0,20,42,38,65,0,145,22,0,22,167
07/18/2023,CAE,SC,ASO,ES,Combined TRACON& Tower with Radar,52,51,41,0,144,0,0,20,0,20,52,51,61,0,164,22,0,22,186
07/19/2023,CAE,SC,ASO,ES,Combined TRACON& Tower with Radar,52,52,49,12,165,0,0,23,0,23,52,52,72,12,188,27,0,27,215
07/20/2023,CAE,SC,ASO,ES,Combined TRACON& Tower with Radar,48,51,30,4,133,0,0,18,0,18,48,51,48,4,151,0,0,0,151
07/21/2023,CAE,SC,ASO,ES,Combined TRACON& Tower with Radar,55,44,34,6,139,0,2,26,2,30,55,46,60,8,169,46,0,46,215
07/22/2023,CAE,SC,ASO,ES,Combined TRACON& Tower with Radar,36,34,21,0,91,0,0,12,0,12,36,34,33,0,103,0,0,0,103
07/23/2023,CAE,SC,ASO,ES,Combined TRACON& Tower with Radar,41,28,21,1,91,0,0,12,1,13,41,28,33,2,104,8,0,8,112
07/24/2023,CAE,SC,ASO,ES,Combined TRACON& Tower with Radar,52,36,33,16,137,0,0,21,0,21,52,36,54,16,158,24,10,34,192
07/25/2023,CAE,SC,ASO,ES,Combined TRACON& Tower with Radar,50,40,35,6,131,0,2,26,2,30,50,42,61,8,161,8,6,14,175
07/26/2023,CAE,SC,ASO,ES,Combined TRACON& Tower with Radar,52,46,42,0,140,0,3,35,0,38,52,49,77,0,178,18,0,18,196
07/27/2023,CAE,SC,ASO,ES,Combined TRACON& Tower with Radar,47,45,33,2,127,0,0,33,0,33,47,45,66,2,160,16,0,16,176
07/28/2023,CAE,SC,ASO,ES,Combined TRACON& Tower with Radar,47,44,30,8,129,0,0,21,1,22,47,44,51,9,151,20,8,28,179
07/29/2023,CAE,SC,ASO,ES,Combined TRACON& Tower with Radar,44,31,21,0,96,0,0,10,0,10,44,31,31,0,106,0,0,0,106
07/30/2023,CAE,SC,ASO,ES,Combined TRACON& Tower with Radar,36,22,20,2,80,0,0,20,0,20,36,22,40,2,100,30,0,30,130
07/31/2023,CAE,SC,ASO,ES,Combined TRACON& Tower with Radar,50,40,19,6,115,0,0,22,0,22,50,40,41,6,137,86,0,86,223
08/01/2023,CAE,SC,ASO,ES,Combined TRACON& Tower with Radar,49,52,30,2,133,0,0,27,0,27,49,52,57,2,160,80,0,80,240
08/02/2023,CAE,SC,ASO,ES,Combined TRACON& Tower with Radar,48,49,44,8,149,0,0,30,0,30,48,49,74,8,179,78,8,86,265
08/03/2023,CAE,SC,ASO,ES,Combined TRACON& Tower with Radar,56,44,44,4,148,0,2,10,0,12,56,46,54,4,160,24,4,28,188
08/04/2023,CAE,SC,ASO,ES,Combined TRACON& Tower with Radar,47,47,39,5,138,0,0,11,1,12,47,47,50,6,150,16,8,24,174
08/05/2023,CAE,SC,ASO,ES,Combined TRACON& Tower with Radar,32,32,29,2,95,0,0,34,0,34,32,32,63,2,129,50,8,58,187
08/06/2023,CAE,SC,ASO,ES,Combined TRACON& Tower with Radar,38,24,19,1,82,0,0,16,0,16,38,24,35,1,98,28,0,28,126
08/07/2023,CAE,SC,ASO,ES,Combined TRACON& Tower with Radar,39,37,47,10,133,0,7,16,0,23,39,44,63,10,156,14,2,16,172
08/08/2023,CAE,SC,ASO,ES,Combined TRACON& Tower with Radar,53,43,22,4,122,0,0,20,1,21,53,43,42,5,143,22,12,34,177
08/09/2023,CAE,SC,ASO,ES,Combined TRACON& Tower with Radar,49,45,37,0,131,0,4,26,0,30,49,49,63,0,161,38,0,38,199
08/10/2023,CAE,SC,ASO,ES,Combined TRACON& Tower with Radar,49,50,39,8,146,0,0,15,2,17,49,50,54,10,163,4,0,4,167
08/11/2023,CAE,SC,ASO,ES,Combined TRACON& Tower with Radar,51,52,44,1,148,0,2,19,0,21,51,54,63,1,169,8,0,8,177
08/12/2023,CAE,SC,ASO,ES,Combined TRACON& Tower with Radar,45,35,21,1,102,0,3,24,0,27,45,38,45,1,129,0,0,0,129
08/13/2023,CAE,SC,ASO,ES,Combined TRACON& Tower with Radar,39,24,13,1,77,0,0,7,2,9,39,24,20,3,86,28,0,28,114
08/14/2023,CAE,SC,ASO,ES,Combined TRACON& Tower with Radar,48,46,22,18,134,0,1,29,0,30,48,47,51,18,164,4,0,4,168
08/15/2023,CAE,SC,ASO,ES,Combined TRACON& Tower with Radar,45,54,33,2,134,0,2,13,0,15,45,56,46,2,149,16,0,16,165
08/16/2023,CAE,SC,ASO,ES,Combined TRACON& Tower with Radar,45,59,43,11,158,0,0,26,1,27,45,59,69,12,185,0,6,6,191
08/17/2023,CAE,SC,ASO,ES,Combined TRACON& Tower with Radar,43,59,47,6,155,0,0,19,2,21,43,59,66,8,176,12,0,12,188
08/18/2023,CAE,SC,ASO,ES,Combined TRACON& Tower with Radar,48,47,26,11,132,0,2,28,0,30,48,49,54,11,162,16,10,26,188
08/19/2023,CAE,SC,ASO,ES,Combined TRACON& Tower with Radar,29,38,25,1,93,0,3,21,0,24,29,41,46,1,117,0,0,0,117
08/20/2023,CAE,SC,ASO,ES,Combined TRACON& Tower with Radar,35,34,22,1,92,0,0,26,0,26,35,34,48,1,118,14,0,14,132
08/21/2023,CAE,SC,ASO,ES,Combined TRACON& Tower with Radar,41,46,38,5,130,0,5,31,0,36,41,51,69,5,166,54,0,54,220
08/22/2023,CAE,SC,ASO,ES,Combined TRACON& Tower with Radar,45,49,30,17,141,0,3,23,0,26,45,52,53,17,167,28,6,34,201
08/23/2023,CAE,SC,ASO,ES,Combined TRACON& Tower with Radar,48,74,48,4,174,0,2,17,0,19,48,76,65,4,193,38,8,46,239
08/24/2023,CAE,SC,ASO,ES,Combined TRACON& Tower with Radar,47,56,34,12,149,0,0,27,0,27,47,56,61,12,176,8,0,8,184
08/25/2023,CAE,SC,ASO,ES,Combined TRACON& Tower with Radar,47,46,44,4,141,0,3,18,3,24,47,49,62,7,165,48,0,48,213
08/26/2023,CAE,SC,ASO,ES,Combined TRACON& Tower with Radar,31,32,11,0,74,0,2,25,0,27,31,34,36,0,101,4,0,4,105
08/27/2023,CAE,SC,ASO,ES,Combined TRACON& Tower with Radar,36,25,11,4,76,0,0,11,0,11,36,25,22,4,87,10,0,10,97
08/28/2023,CAE,SC,ASO,ES,Combined TRACON& Tower with Radar,50,46,47,3,146,0,2,29,1,32,50,48,76,4,178,42,0,42,220
08/29/2023,CAE,SC,ASO,ES,Combined TRACON& Tower with Radar,47,52,29,8,136,0,2,2,0,4,47,54,31,8,140,0,0,0,140
08/30/2023,CAE,SC,ASO,ES,Combined TRACON& Tower with Radar,42,35,17,2,96,0,0,0,0,0,42,35,17,2,96,0,0,0,96
08/31/2023,CAE,SC,ASO,ES,Combined TRACON& Tower with Radar,51,62,37,2,152,0,2,18,3,23,51,64,55,5,175,24,16,40,215
