01/01/2020,CAK,OH,AGL,CE,Towers with Radar,18,32,17,0,67,0,0,12,0,12,18,32,29,0,79,10,0,10,89
01/02/2020,CAK,OH,AGL,CE,Towers with Radar,20,53,20,0,93,0,4,14,0,18,20,57,34,0,111,12,0,12,123
01/03/2020,CAK,OH,AGL,CE,Towers with Radar,18,55,10,0,83,0,0,0,0,0,18,55,10,0,83,5,0,5,88
01/04/2020,CAK,OH,AGL,CE,Towers with Radar,12,34,9,0,55,0,0,0,0,0,12,34,9,0,55,4,0,4,59
01/05/2020,CAK,OH,AGL,CE,Towers with Radar,20,38,26,0,84,0,0,5,0,5,20,38,31,0,89,5,0,5,94
01/06/2020,CAK,OH,AGL,CE,Towers with Radar,19,67,38,0,124,0,3,29,0,32,19,70,67,0,156,45,0,45,201
01/07/2020,CAK,OH,AGL,CE,Towers with Radar,21,56,32,0,109,0,19,35,9,63,21,75,67,9,172,70,0,70,242
01/08/2020,CAK,OH,AGL,CE,Towers with Radar,22,54,35,0,111,0,2,7,2,11,22,56,42,2,122,31,0,31,153
01/09/2020,CAK,OH,AGL,CE,Towers with Radar,21,52,46,5,124,0,3,24,1,28,21,55,70,6,152,74,0,74,226
01/10/2020,CAK,OH,AGL,CE,Towers with Radar,21,45,15,2,83,0,2,3,0,5,21,47,18,2,88,9,0,9,97
01/11/2020,CAK,OH,AGL,CE,Towers with Radar,20,24,7,0,51,0,2,2,2,6,20,26,9,2,57,8,0,8,65
01/12/2020,CAK,OH,AGL,CE,Towers with Radar,25,28,26,0,79,0,4,10,0,14,25,32,36,0,93,30,0,30,123
01/13/2020,CAK,OH,AGL,CE,Towers with Radar,22,54,29,1,106,0,13,18,1,32,22,67,47,2,138,15,0,15,153
01/14/2020,CAK,OH,AGL,CE,Towers with Radar,18,62,58,3,141,0,6,17,5,28,18,68,75,8,169,28,8,36,205
01/15/2020,CAK,OH,AGL,CE,Towers with Radar,23,48,42,5,118,0,4,12,2,18,23,52,54,7,136,14,2,16,152
01/16/2020,CAK,OH,AGL,CE,Towers with Radar,26,49,31,3,109,0,0,2,5,7,26,49,33,8,116,12,0,12,128
01/17/2020,CAK,OH,AGL,CE,Towers with Radar,25,49,33,1,108,0,19,16,2,37,25,68,49,3,145,53,4,57,202
01/18/2020,CAK,OH,AGL,CE,Towers with Radar,21,19,4,0,44,0,0,0,0,0,21,19,4,0,44,2,0,2,46
01/19/2020,CAK,OH,AGL,CE,Towers with Radar,17,25,18,0,60,0,0,0,0,0,17,25,18,0,60,0,0,0,60
01/20/2020,CAK,OH,AGL,CE,Towers with Radar,24,41,22,0,87,0,0,1,0,1,24,41,23,0,88,0,0,0,88
01/21/2020,CAK,OH,AGL,CE,Towers with Radar,20,62,42,4,128,0,10,20,4,34,20,72,62,8,162,59,2,61,223
01/22/2020,CAK,OH,AGL,CE,Towers with Radar,19,74,36,0,129,0,19,38,0,57,19,93,74,0,186,103,0,103,289
01/23/2020,CAK,OH,AGL,CE,Towers with Radar,22,64,56,4,146,0,13,27,2,42,22,77,83,6,188,69,2,71,259
01/24/2020,CAK,OH,AGL,CE,Towers with Radar,25,56,35,0,116,0,2,0,0,2,25,58,35,0,118,21,0,21,139
01/25/2020,CAK,OH,AGL,CE,Towers with Radar,22,29,9,0,60,0,0,0,0,0,22,29,9,0,60,7,0,7,67
01/26/2020,CAK,OH,AGL,CE,Towers with Radar,27,26,7,0,60,0,0,0,0,0,27,26,7,0,60,0,0,0,60
01/27/2020,CAK,OH,AGL,CE,Towers with Radar,20,47,38,0,105,0,0,1,0,1,20,47,39,0,106,6,0,6,112
01/28/2020,CAK,OH,AGL,CE,Towers with Radar,18,56,26,0,100,0,0,0,0,0,18,56,26,0,100,4,0,4,104
01/29/2020,CAK,OH,AGL,CE,Towers with Radar,20,69,24,1,114,0,4,10,3,17,20,73,34,4,131,15,2,17,148
01/30/2020,CAK,OH,AGL,CE,Towers with Radar,25,58,38,4,125,0,11,20,5,36,25,69,58,9,161,37,0,37,198
01/31/2020,CAK,OH,AGL,CE,Towers with Radar,22,60,29,0,111,0,4,15,0,19,22,64,44,0,130,44,0,44,174
02/01/2020,CAK,OH,AGL,CE,Towers with Radar,21,28,16,0,65,0,0,6,0,6,21,28,22,0,71,13,0,13,84
02/02/2020,CAK,OH,AGL,CE,Towers with Radar,24,26,27,0,77,0,0,7,0,7,24,26,34,0,84,8,0,8,92
02/03/2020,CAK,OH,AGL,CE,Towers with Radar,23,56,53,2,134,0,16,31,3,50,23,72,84,5,184,37,0,37,221
02/04/2020,CAK,OH,AGL,CE,Towers with Radar,19,58,20,6,103,0,0,2,0,2,19,58,22,6,105,11,2,13,118
02/05/2020,CAK,OH,AGL,CE,Towers with Radar,23,54,30,1,108,0,10,7,1,18,23,64,37,2,126,8,0,8,134
02/06/2020,CAK,OH,AGL,CE,Towers with Radar,21,46,17,0,84,0,0,0,0,0,21,46,17,0,84,6,0,6,90
02/07/2020,CAK,OH,AGL,CE,Towers with Radar,29,51,25,0,105,0,0,2,0,2,29,51,27,0,107,21,0,21,128
02/08/2020,CAK,OH,AGL,CE,Towers with Radar,23,24,10,0,57,0,1,1,0,2,23,25,11,0,59,7,0,7,66
02/09/2020,CAK,OH,AGL,CE,Towers with Radar,23,27,13,0,63,0,0,4,0,4,23,27,17,0,67,10,0,10,77
02/10/2020,CAK,OH,AGL,CE,Towers with Radar,20,52,26,0,98,0,0,0,0,0,20,52,26,0,98,6,0,6,104
02/11/2020,CAK,OH,AGL,CE,Towers with Radar,18,55,30,1,104,0,10,20,5,35,18,65,50,6,139,22,0,22,161
02/12/2020,CAK,OH,AGL,CE,Towers with Radar,25,51,44,0,120,0,12,16,2,30,25,63,60,2,150,29,0,29,179
02/13/2020,CAK,OH,AGL,CE,Towers with Radar,25,53,28,0,106,0,0,1,0,1,25,53,29,0,107,4,0,4,111
02/14/2020,CAK,OH,AGL,CE,Towers with Radar,22,50,26,0,98,0,19,20,0,39,22,69,46,0,137,27,0,27,164
02/15/2020,CAK,OH,AGL,CE,Towers with Radar,23,23,41,0,87,0,2,42,0,44,23,25,83,0,131,31,0,31,162
02/16/2020,CAK,OH,AGL,CE,Towers with Radar,23,34,28,0,85,0,5,13,0,18,23,39,41,0,103,22,0,22,125
02/17/2020,CAK,OH,AGL,CE,Towers with Radar,25,51,27,0,103,0,7,19,0,26,25,58,46,0,129,23,0,23,152
02/18/2020,CAK,OH,AGL,CE,Towers with Radar,25,62,34,0,121,0,3,6,4,13,25,65,40,4,134,13,8,21,155
02/19/2020,CAK,OH,AGL,CE,Towers with Radar,27,68,42,0,137,0,25,20,0,45,27,93,62,0,182,82,0,82,264
02/20/2020,CAK,OH,AGL,CE,Towers with Radar,22,56,30,6,114,0,7,9,7,23,22,63,39,13,137,56,2,58,195
02/21/2020,CAK,OH,AGL,CE,Towers with Radar,29,66,35,0,130,0,24,24,3,51,29,90,59,3,181,41,0,41,222
02/22/2020,CAK,OH,AGL,CE,Towers with Radar,23,24,31,0,78,0,6,34,0,40,23,30,65,0,118,28,0,28,146
02/23/2020,CAK,OH,AGL,CE,Towers with Radar,24,29,42,0,95,0,7,44,0,51,24,36,86,0,146,38,0,38,184
02/24/2020,CAK,OH,AGL,CE,Towers with Radar,25,52,34,0,111,0,11,13,0,24,25,63,47,0,135,23,0,23,158
02/25/2020,CAK,OH,AGL,CE,Towers with Radar,27,68,34,0,129,0,0,4,2,6,27,68,38,2,135,39,0,39,174
02/26/2020,CAK,OH,AGL,CE,Towers with Radar,29,64,19,0,112,0,0,0,0,0,29,64,19,0,112,1,0,1,113
02/27/2020,CAK,OH,AGL,CE,Towers with Radar,23,46,28,1,98,0,0,0,3,3,23,46,28,4,101,6,0,6,107
02/28/2020,CAK,OH,AGL,CE,Towers with Radar,26,58,29,2,115,0,2,7,2,11,26,60,36,4,126,15,2,17,143
02/29/2020,CAK,OH,AGL,CE,Towers with Radar,24,28,19,0,71,0,0,24,0,24,24,28,43,0,95,10,0,10,105
03/01/2020,CAK,OH,AGL,CE,Towers with Radar,25,36,35,0,96,0,8,29,0,37,25,44,64,0,133,73,0,73,206
03/02/2020,CAK,OH,AGL,CE,Towers with Radar,28,56,30,0,114,0,0,2,0,2,28,56,32,0,116,14,0,14,130
03/03/2020,CAK,OH,AGL,CE,Towers with Radar,28,37,17,0,82,0,0,0,2,2,28,37,17,2,84,8,0,8,92
03/04/2020,CAK,OH,AGL,CE,Towers with Radar,27,41,22,4,94,0,7,14,3,24,27,48,36,7,118,29,0,29,147
03/05/2020,CAK,OH,AGL,CE,Towers with Radar,33,51,40,5,129,0,34,41,5,80,33,85,81,10,209,70,4,74,283
03/06/2020,CAK,OH,AGL,CE,Towers with Radar,31,52,6,0,89,0,0,0,0,0,31,52,6,0,89,6,0,6,95
03/07/2020,CAK,OH,AGL,CE,Towers with Radar,32,28,25,0,85,0,14,45,0,59,32,42,70,0,144,49,0,49,193
03/08/2020,CAK,OH,AGL,CE,Towers with Radar,31,32,26,0,89,0,14,36,1,51,31,46,62,1,140,42,0,42,182
03/09/2020,CAK,OH,AGL,CE,Towers with Radar,32,36,27,5,100,0,6,14,1,21,32,42,41,6,121,22,0,22,143
03/10/2020,CAK,OH,AGL,CE,Towers with Radar,31,57,22,0,110,0,0,0,0,0,31,57,22,0,110,6,0,6,116
03/11/2020,CAK,OH,AGL,CE,Towers with Radar,29,48,34,1,112,0,0,1,1,2,29,48,35,2,114,13,0,13,127
03/12/2020,CAK,OH,AGL,CE,Towers with Radar,30,48,31,1,110,0,2,14,9,25,30,50,45,10,135,35,0,35,170
03/13/2020,CAK,OH,AGL,CE,Towers with Radar,28,43,27,2,100,0,1,10,4,15,28,44,37,6,115,9,0,9,124
03/14/2020,CAK,OH,AGL,CE,Towers with Radar,30,19,25,0,74,0,2,26,0,28,30,21,51,0,102,26,0,26,128
03/15/2020,CAK,OH,AGL,CE,Towers with Radar,29,27,25,0,81,0,0,21,0,21,29,27,46,0,102,34,0,34,136
03/16/2020,CAK,OH,AGL,CE,Towers with Radar,30,43,36,1,110,0,0,19,1,20,30,43,55,2,130,10,0,10,140
03/17/2020,CAK,OH,AGL,CE,Towers with Radar,27,51,18,2,98,0,0,4,10,14,27,51,22,12,112,2,4,6,118
03/18/2020,CAK,OH,AGL,CE,Towers with Radar,30,50,38,5,123,0,0,21,1,22,30,50,59,6,145,33,0,33,178
03/19/2020,CAK,OH,AGL,CE,Towers with Radar,29,41,18,7,95,0,0,0,3,3,29,41,18,10,98,4,4,8,106
03/20/2020,CAK,OH,AGL,CE,Towers with Radar,28,48,11,1,88,0,2,3,5,10,28,50,14,6,98,10,0,10,108
03/21/2020,CAK,OH,AGL,CE,Towers with Radar,28,15,13,0,56,0,0,14,0,14,28,15,27,0,70,32,0,32,102
03/22/2020,CAK,OH,AGL,CE,Towers with Radar,25,18,24,0,67,0,2,36,0,38,25,20,60,0,105,42,0,42,147
03/23/2020,CAK,OH,AGL,CE,Towers with Radar,23,28,10,0,61,0,0,0,0,0,23,28,10,0,61,0,0,0,61
03/24/2020,CAK,OH,AGL,CE,Towers with Radar,28,39,7,0,74,0,0,7,0,7,28,39,14,0,81,8,0,8,89
03/25/2020,CAK,OH,AGL,CE,Towers with Radar,23,35,11,0,69,0,0,23,0,23,23,35,34,0,92,10,0,10,102
03/26/2020,CAK,OH,AGL,CE,Towers with Radar,21,35,15,0,71,0,3,18,0,21,21,38,33,0,92,20,0,20,112
03/27/2020,CAK,OH,AGL,CE,Towers with Radar,20,32,21,0,73,0,0,5,0,5,20,32,26,0,78,30,0,30,108
03/28/2020,CAK,OH,AGL,CE,Towers with Radar,22,9,3,0,34,0,0,0,0,0,22,9,3,0,34,0,0,0,34
03/29/2020,CAK,OH,AGL,CE,Towers with Radar,20,9,10,0,39,0,0,1,0,1,20,9,11,0,40,0,0,0,40
03/30/2020,CAK,OH,AGL,CE,Towers with Radar,16,22,6,0,44,0,0,5,0,5,16,22,11,0,49,0,0,0,49
03/31/2020,CAK,OH,AGL,CE,Towers with Radar,21,28,15,0,64,0,0,5,0,5,21,28,20,0,69,4,0,4,73
04/01/2020,CAK,OH,AGL,CE,Towers with Radar,21,17,16,0,54,0,0,3,0,3,21,17,19,0,57,4,0,4,61
04/02/2020,CAK,OH,AGL,CE,Towers with Radar,20,15,24,0,59,0,1,49,2,52,20,16,73,2,111,10,0,10,121
04/03/2020,CAK,OH,AGL,CE,Towers with Radar,20,26,9,0,55,0,0,26,0,26,20,26,35,0,81,18,0,18,99
04/04/2020,CAK,OH,AGL,CE,Towers with Radar,20,8,11,0,39,0,0,43,0,43,20,8,54,0,82,7,0,7,89
04/05/2020,CAK,OH,AGL,CE,Towers with Radar,18,3,7,0,28,0,0,2,0,2,18,3,9,0,30,0,0,0,30
04/06/2020,CAK,OH,AGL,CE,Towers with Radar,15,11,11,0,37,0,0,32,0,32,15,11,43,0,69,16,0,16,85
04/07/2020,CAK,OH,AGL,CE,Towers with Radar,13,19,7,0,39,0,0,4,0,4,13,19,11,0,43,0,0,0,43
04/08/2020,CAK,OH,AGL,CE,Towers with Radar,12,18,29,0,59,0,0,27,0,27,12,18,56,0,86,20,0,20,106
04/09/2020,CAK,OH,AGL,CE,Towers with Radar,11,18,7,0,36,0,0,2,0,2,11,18,9,0,38,0,0,0,38
04/10/2020,CAK,OH,AGL,CE,Towers with Radar,9,8,7,0,24,0,0,5,0,5,9,8,12,0,29,0,0,0,29
04/11/2020,CAK,OH,AGL,CE,Towers with Radar,10,7,47,0,64,0,1,54,0,55,10,8,101,0,119,52,0,52,171
04/12/2020,CAK,OH,AGL,CE,Towers with Radar,10,3,7,0,20,0,0,14,0,14,10,3,21,0,34,6,0,6,40
04/13/2020,CAK,OH,AGL,CE,Towers with Radar,11,12,0,0,23,0,2,0,0,2,11,14,0,0,25,0,0,0,25
04/14/2020,CAK,OH,AGL,CE,Towers with Radar,11,21,30,0,62,0,0,35,0,35,11,21,65,0,97,31,0,31,128
04/15/2020,CAK,OH,AGL,CE,Towers with Radar,10,17,31,0,58,0,0,17,0,17,10,17,48,0,75,34,0,34,109
04/16/2020,CAK,OH,AGL,CE,Towers with Radar,10,19,18,1,48,0,0,16,1,17,10,19,34,2,65,28,0,28,93
04/17/2020,CAK,OH,AGL,CE,Towers with Radar,11,24,5,0,40,0,0,1,0,1,11,24,6,0,41,0,0,0,41
04/18/2020,CAK,OH,AGL,CE,Towers with Radar,10,11,26,0,47,0,0,19,0,19,10,11,45,0,66,10,0,10,76
04/19/2020,CAK,OH,AGL,CE,Towers with Radar,10,1,5,0,16,0,0,15,2,17,10,1,20,2,33,0,0,0,33
04/20/2020,CAK,OH,AGL,CE,Towers with Radar,8,15,29,0,52,0,2,55,0,57,8,17,84,0,109,30,0,30,139
04/21/2020,CAK,OH,AGL,CE,Towers with Radar,13,21,14,1,49,0,0,2,1,3,13,21,16,2,52,2,0,2,54
04/22/2020,CAK,OH,AGL,CE,Towers with Radar,8,20,26,1,55,0,2,33,1,36,8,22,59,2,91,14,0,14,105
04/23/2020,CAK,OH,AGL,CE,Towers with Radar,10,12,12,0,34,0,0,11,0,11,10,12,23,0,45,10,0,10,55
04/24/2020,CAK,OH,AGL,CE,Towers with Radar,10,26,28,0,64,0,0,20,0,20,10,26,48,0,84,32,0,32,116
04/25/2020,CAK,OH,AGL,CE,Towers with Radar,8,15,24,0,47,0,0,36,0,36,8,15,60,0,83,34,0,34,117
04/26/2020,CAK,OH,AGL,CE,Towers with Radar,12,7,12,0,31,0,0,0,0,0,12,7,12,0,31,0,0,0,31
04/27/2020,CAK,OH,AGL,CE,Towers with Radar,10,18,15,1,44,0,3,24,1,28,10,21,39,2,72,18,0,18,90
04/28/2020,CAK,OH,AGL,CE,Towers with Radar,10,12,27,1,50,0,1,14,1,16,10,13,41,2,66,26,0,26,92
04/29/2020,CAK,OH,AGL,CE,Towers with Radar,9,22,16,0,47,0,0,1,2,3,9,22,17,2,50,2,0,2,52
04/30/2020,CAK,OH,AGL,CE,Towers with Radar,12,15,15,2,44,0,4,0,0,4,12,19,15,2,48,4,0,4,52
05/01/2020,CAK,OH,AGL,CE,Towers with Radar,10,23,25,0,58,0,0,10,0,10,10,23,35,0,68,4,0,4,72
05/02/2020,CAK,OH,AGL,CE,Towers with Radar,11,6,36,0,53,0,0,49,0,49,11,6,85,0,102,40,0,40,142
05/03/2020,CAK,OH,AGL,CE,Towers with Radar,12,5,24,0,41,0,0,23,2,25,12,5,47,2,66,20,0,20,86
05/04/2020,CAK,OH,AGL,CE,Towers with Radar,12,17,18,0,47,0,0,34,0,34,12,17,52,0,81,30,0,30,111
05/05/2020,CAK,OH,AGL,CE,Towers with Radar,10,20,21,1,52,0,0,17,1,18,10,20,38,2,70,16,0,16,86
05/06/2020,CAK,OH,AGL,CE,Towers with Radar,14,19,24,1,58,0,2,18,1,21,14,21,42,2,79,24,0,24,103
05/07/2020,CAK,OH,AGL,CE,Towers with Radar,8,13,35,0,56,0,0,20,2,22,8,13,55,2,78,10,0,10,88
05/08/2020,CAK,OH,AGL,CE,Towers with Radar,11,22,23,0,56,0,1,9,0,10,11,23,32,0,66,16,0,16,82
05/09/2020,CAK,OH,AGL,CE,Towers with Radar,6,12,20,0,38,0,2,11,0,13,6,14,31,0,51,14,0,14,65
05/10/2020,CAK,OH,AGL,CE,Towers with Radar,8,2,9,0,19,0,0,11,0,11,8,2,20,0,30,7,0,7,37
05/11/2020,CAK,OH,AGL,CE,Towers with Radar,8,13,20,0,41,0,0,3,0,3,8,13,23,0,44,16,0,16,60
05/12/2020,CAK,OH,AGL,CE,Towers with Radar,5,19,19,2,45,0,1,40,3,44,5,20,59,5,89,4,0,4,93
05/13/2020,CAK,OH,AGL,CE,Towers with Radar,6,22,51,0,79,0,1,69,2,72,6,23,120,2,151,60,0,60,211
05/14/2020,CAK,OH,AGL,CE,Towers with Radar,6,11,11,2,30,0,0,0,2,2,6,11,11,4,32,0,0,0,32
05/15/2020,CAK,OH,AGL,CE,Towers with Radar,6,19,10,0,35,0,2,3,0,5,6,21,13,0,40,2,0,2,42
05/16/2020,CAK,OH,AGL,CE,Towers with Radar,5,9,33,0,47,0,0,39,0,39,5,9,72,0,86,16,0,16,102
05/17/2020,CAK,OH,AGL,CE,Towers with Radar,7,5,15,0,27,0,0,15,2,17,7,5,30,2,44,6,0,6,50
05/18/2020,CAK,OH,AGL,CE,Towers with Radar,6,15,19,4,44,0,2,4,0,6,6,17,23,4,50,6,0,6,56
05/19/2020,CAK,OH,AGL,CE,Towers with Radar,4,10,6,2,22,0,1,5,8,14,4,11,11,10,36,0,0,0,36
05/20/2020,CAK,OH,AGL,CE,Towers with Radar,6,28,46,2,82,0,1,39,7,47,6,29,85,9,129,52,0,52,181
05/21/2020,CAK,OH,AGL,CE,Towers with Radar,6,21,67,7,101,0,0,34,11,45,6,21,101,18,146,41,8,49,195
05/22/2020,CAK,OH,AGL,CE,Towers with Radar,7,36,26,6,75,0,0,3,0,3,7,36,29,6,78,4,0,4,82
05/23/2020,CAK,OH,AGL,CE,Towers with Radar,4,9,26,4,43,0,0,25,1,26,4,9,51,5,69,18,0,18,87
05/24/2020,CAK,OH,AGL,CE,Towers with Radar,7,3,27,0,37,0,0,36,8,44,7,3,63,8,81,18,0,18,99
05/25/2020,CAK,OH,AGL,CE,Towers with Radar,7,5,13,0,25,0,0,17,0,17,7,5,30,0,42,38,0,38,80
05/26/2020,CAK,OH,AGL,CE,Towers with Radar,4,23,31,0,58,0,6,45,8,59,4,29,76,8,117,31,0,31,148
05/27/2020,CAK,OH,AGL,CE,Towers with Radar,6,32,33,17,88,0,3,26,4,33,6,35,59,21,121,36,10,46,167
05/28/2020,CAK,OH,AGL,CE,Towers with Radar,6,19,21,0,46,0,0,4,3,7,6,19,25,3,53,16,0,16,69
05/29/2020,CAK,OH,AGL,CE,Towers with Radar,6,30,30,2,68,0,0,4,2,6,6,30,34,4,74,56,0,56,130
05/30/2020,CAK,OH,AGL,CE,Towers with Radar,4,5,27,0,36,0,1,23,1,25,4,6,50,1,61,16,0,16,77
05/31/2020,CAK,OH,AGL,CE,Towers with Radar,8,12,34,0,54,0,0,23,0,23,8,12,57,0,77,20,0,20,97
06/01/2020,CAK,OH,AGL,CE,Combined TRACON& Tower with Radar,6,18,45,0,69,0,0,55,4,59,6,18,100,4,128,52,0,52,180
06/02/2020,CAK,OH,AGL,CE,Combined TRACON& Tower with Radar,5,17,39,2,63,0,0,49,2,51,5,17,88,4,114,76,0,76,190
06/03/2020,CAK,OH,AGL,CE,Combined TRACON& Tower with Radar,7,23,26,2,58,0,1,14,8,23,7,24,40,10,81,53,0,53,134
06/04/2020,CAK,OH,AGL,CE,Combined TRACON& Tower with Radar,6,27,30,1,64,0,0,5,7,12,6,27,35,8,76,8,4,12,88
06/05/2020,CAK,OH,AGL,CE,Combined TRACON& Tower with Radar,6,29,32,1,68,0,4,16,1,21,6,33,48,2,89,32,0,32,121
06/06/2020,CAK,OH,AGL,CE,Combined TRACON& Tower with Radar,5,21,29,0,55,0,2,53,0,55,5,23,82,0,110,54,0,54,164
06/07/2020,CAK,OH,AGL,CE,Combined TRACON& Tower with Radar,6,3,50,0,59,0,2,68,0,70,6,5,118,0,129,72,0,72,201
06/08/2020,CAK,OH,AGL,CE,Combined TRACON& Tower with Radar,6,30,41,10,87,0,6,65,0,71,6,36,106,10,158,78,0,78,236
06/09/2020,CAK,OH,AGL,CE,Combined TRACON& Tower with Radar,5,39,32,0,76,0,12,32,4,48,5,51,64,4,124,47,0,47,171
06/10/2020,CAK,OH,AGL,CE,Combined TRACON& Tower with Radar,10,19,32,1,62,0,0,9,1,10,10,19,41,2,72,10,0,10,82
06/11/2020,CAK,OH,AGL,CE,Combined TRACON& Tower with Radar,8,25,35,0,68,0,3,29,10,42,8,28,64,10,110,46,0,46,156
06/12/2020,CAK,OH,AGL,CE,Combined TRACON& Tower with Radar,11,30,46,0,87,0,15,45,1,61,11,45,91,1,148,32,0,32,180
06/13/2020,CAK,OH,AGL,CE,Combined TRACON& Tower with Radar,4,7,31,0,42,0,4,34,0,38,4,11,65,0,80,42,0,42,122
06/14/2020,CAK,OH,AGL,CE,Combined TRACON& Tower with Radar,8,13,40,0,61,0,2,29,1,32,8,15,69,1,93,16,0,16,109
06/15/2020,CAK,OH,AGL,CE,Combined TRACON& Tower with Radar,8,19,37,0,64,0,11,46,0,57,8,30,83,0,121,40,0,40,161
06/16/2020,CAK,OH,AGL,CE,Combined TRACON& Tower with Radar,4,40,27,0,71,0,9,42,2,53,4,49,69,2,124,52,0,52,176
06/17/2020,CAK,OH,AGL,CE,Combined TRACON& Tower with Radar,9,37,47,2,95,0,1,47,2,50,9,38,94,4,145,38,2,40,185
06/18/2020,CAK,OH,AGL,CE,Combined TRACON& Tower with Radar,10,39,30,3,82,0,2,19,8,29,10,41,49,11,111,30,0,30,141
06/19/2020,CAK,OH,AGL,CE,Combined TRACON& Tower with Radar,8,34,39,0,81,0,2,6,0,8,8,36,45,0,89,32,0,32,121
06/20/2020,CAK,OH,AGL,CE,Combined TRACON& Tower with Radar,4,9,42,2,57,0,2,41,6,49,4,11,83,8,106,38,2,40,146
06/21/2020,CAK,OH,AGL,CE,Combined TRACON& Tower with Radar,13,10,20,0,43,0,0,22,1,23,13,10,42,1,66,12,0,12,78
06/22/2020,CAK,OH,AGL,CE,Combined TRACON& Tower with Radar,6,21,31,0,58,0,0,2,8,10,6,21,33,8,68,32,2,34,102
06/23/2020,CAK,OH,AGL,CE,Combined TRACON& Tower with Radar,4,25,16,6,51,0,0,2,6,8,4,25,18,12,59,32,4,36,95
06/24/2020,CAK,OH,AGL,CE,Combined TRACON& Tower with Radar,7,40,42,0,89,0,6,43,10,59,7,46,85,10,148,48,0,48,196
06/25/2020,CAK,OH,AGL,CE,Combined TRACON& Tower with Radar,8,26,22,4,60,0,8,32,9,49,8,34,54,13,109,20,3,23,132
06/26/2020,CAK,OH,AGL,CE,Combined TRACON& Tower with Radar,8,31,36,1,76,0,4,28,1,33,8,35,64,2,109,58,0,58,167
06/27/2020,CAK,OH,AGL,CE,Combined TRACON& Tower with Radar,4,7,11,0,22,0,0,4,1,5,4,7,15,1,27,2,0,2,29
06/28/2020,CAK,OH,AGL,CE,Combined TRACON& Tower with Radar,9,13,39,1,62,0,0,33,3,36,9,13,72,4,98,34,0,34,132
06/29/2020,CAK,OH,AGL,CE,Combined TRACON& Tower with Radar,5,31,29,0,65,0,20,37,1,58,5,51,66,1,123,66,0,66,189
06/30/2020,CAK,OH,AGL,CE,Combined TRACON& Tower with Radar,5,32,31,1,69,0,10,44,5,59,5,42,75,6,128,46,0,46,174
07/01/2020,CAK,OH,AGL,CE,Towers with Radar,9,39,45,0,93,0,18,28,0,46,9,57,73,0,139,66,0,66,205
07/02/2020,CAK,OH,AGL,CE,Towers with Radar,8,23,60,0,91,0,13,56,1,70,8,36,116,1,161,86,0,86,247
07/03/2020,CAK,OH,AGL,CE,Towers with Radar,10,6,19,0,35,0,2,44,1,47,10,8,63,1,82,18,0,18,100
07/04/2020,CAK,OH,AGL,CE,Towers with Radar,10,4,12,0,26,0,0,17,3,20,10,4,29,3,46,10,0,10,56
07/05/2020,CAK,OH,AGL,CE,Towers with Radar,9,10,26,0,45,0,0,31,0,31,9,10,57,0,76,12,0,12,88
07/06/2020,CAK,OH,AGL,CE,Towers with Radar,9,30,28,0,67,0,5,38,2,45,9,35,66,2,112,38,0,38,150
07/07/2020,CAK,OH,AGL,CE,Towers with Radar,18,31,28,0,77,0,8,11,0,19,18,39,39,0,96,36,0,36,132
07/08/2020,CAK,OH,AGL,CE,Towers with Radar,12,30,35,0,77,0,19,22,0,41,12,49,57,0,118,28,0,28,146
07/09/2020,CAK,OH,AGL,CE,Towers with Radar,18,31,29,0,78,0,21,37,2,60,18,52,66,2,138,60,0,60,198
07/10/2020,CAK,OH,AGL,CE,Towers with Radar,17,28,15,0,60,0,1,13,0,14,17,29,28,0,74,18,0,18,92
07/11/2020,CAK,OH,AGL,CE,Towers with Radar,17,25,32,0,74,0,0,15,0,15,17,25,47,0,89,16,0,16,105
07/12/2020,CAK,OH,AGL,CE,Towers with Radar,19,10,30,0,59,0,1,26,2,29,19,11,56,2,88,31,0,31,119
07/13/2020,CAK,OH,AGL,CE,Towers with Radar,17,32,33,0,82,0,11,37,0,48,17,43,70,0,130,52,0,52,182
07/14/2020,CAK,OH,AGL,CE,Towers with Radar,14,37,30,0,81,0,18,44,0,62,14,55,74,0,143,90,0,90,233
07/15/2020,CAK,OH,AGL,CE,Towers with Radar,13,30,59,0,102,0,20,42,0,62,13,50,101,0,164,76,0,76,240
07/16/2020,CAK,OH,AGL,CE,Towers with Radar,18,29,28,0,75,0,0,19,0,19,18,29,47,0,94,12,0,12,106
07/17/2020,CAK,OH,AGL,CE,Towers with Radar,18,31,34,0,83,0,16,38,0,54,18,47,72,0,137,48,0,48,185
07/18/2020,CAK,OH,AGL,CE,Towers with Radar,16,3,34,0,53,0,2,54,1,57,16,5,88,1,110,59,0,59,169
07/19/2020,CAK,OH,AGL,CE,Towers with Radar,19,5,33,0,57,0,3,22,1,26,19,8,55,1,83,17,0,17,100
07/20/2020,CAK,OH,AGL,CE,Towers with Radar,18,29,28,0,75,0,24,29,0,53,18,53,57,0,128,62,0,62,190
07/21/2020,CAK,OH,AGL,CE,Towers with Radar,11,37,28,1,77,0,22,18,0,40,11,59,46,1,117,72,0,72,189
07/22/2020,CAK,OH,AGL,CE,Towers with Radar,15,29,34,1,79,0,0,7,0,7,15,29,41,1,86,32,0,32,118
07/23/2020,CAK,OH,AGL,CE,Towers with Radar,19,25,33,0,77,0,5,7,0,12,19,30,40,0,89,36,0,36,125
07/24/2020,CAK,OH,AGL,CE,Towers with Radar,21,32,47,0,100,0,16,57,0,73,21,48,104,0,173,110,0,110,283
07/25/2020,CAK,OH,AGL,CE,Towers with Radar,16,25,40,0,81,0,8,36,0,44,16,33,76,0,125,62,0,62,187
07/26/2020,CAK,OH,AGL,CE,Towers with Radar,18,13,36,0,67,0,9,46,0,55,18,22,82,0,122,110,0,110,232
07/27/2020,CAK,OH,AGL,CE,Towers with Radar,16,24,21,0,61,0,2,4,0,6,16,26,25,0,67,12,0,12,79
07/28/2020,CAK,OH,AGL,CE,Towers with Radar,14,24,56,0,94,0,34,39,2,75,14,58,95,2,169,86,0,86,255
07/29/2020,CAK,OH,AGL,CE,Towers with Radar,12,25,47,1,85,0,24,41,6,71,12,49,88,7,156,95,0,95,251
07/30/2020,CAK,OH,AGL,CE,Towers with Radar,19,33,39,0,91,0,23,30,0,53,19,56,69,0,144,124,0,124,268
07/31/2020,CAK,OH,AGL,CE,Towers with Radar,18,42,53,0,113,0,22,42,1,65,18,64,95,1,178,204,0,204,382
08/01/2020,CAK,OH,AGL,CE,Towers with Radar,22,15,30,0,67,0,0,8,0,8,22,15,38,0,75,26,0,26,101
08/02/2020,CAK,OH,AGL,CE,Towers with Radar,19,7,23,0,49,0,0,1,0,1,19,7,24,0,50,6,0,6,56
08/03/2020,CAK,OH,AGL,CE,Towers with Radar,18,7,37,0,62,0,0,24,0,24,18,7,61,0,86,44,0,44,130
08/04/2020,CAK,OH,AGL,CE,Towers with Radar,10,18,24,0,52,0,2,11,0,13,10,20,35,0,65,16,0,16,81
08/05/2020,CAK,OH,AGL,CE,Towers with Radar,13,29,76,0,118,0,8,59,0,67,13,37,135,0,185,82,0,82,267
08/06/2020,CAK,OH,AGL,CE,Towers with Radar,23,28,39,1,91,0,3,41,3,47,23,31,80,4,138,34,0,34,172
08/07/2020,CAK,OH,AGL,CE,Towers with Radar,19,27,60,8,114,1,6,68,2,77,20,33,128,10,191,70,8,78,269
08/08/2020,CAK,OH,AGL,CE,Towers with Radar,19,20,49,0,88,0,6,73,2,81,19,26,122,2,169,86,0,86,255
08/09/2020,CAK,OH,AGL,CE,Towers with Radar,19,11,51,0,81,0,8,68,1,77,19,19,119,1,158,180,0,180,338
08/10/2020,CAK,OH,AGL,CE,Towers with Radar,19,15,53,0,87,0,0,48,1,49,19,15,101,1,136,70,0,70,206
08/11/2020,CAK,OH,AGL,CE,Towers with Radar,12,25,51,0,88,0,0,52,0,52,12,25,103,0,140,54,0,54,194
08/12/2020,CAK,OH,AGL,CE,Towers with Radar,12,29,36,0,77,0,0,24,0,24,12,29,60,0,101,52,0,52,153
08/13/2020,CAK,OH,AGL,CE,Towers with Radar,21,62,51,0,134,0,7,43,2,52,21,69,94,2,186,66,0,66,252
08/14/2020,CAK,OH,AGL,CE,Towers with Radar,19,44,39,0,102,0,18,35,1,54,19,62,74,1,156,66,0,66,222
08/15/2020,CAK,OH,AGL,CE,Towers with Radar,16,22,41,0,79,0,6,24,0,30,16,28,65,0,109,84,0,84,193
08/16/2020,CAK,OH,AGL,CE,Towers with Radar,18,6,27,0,51,0,2,21,0,23,18,8,48,0,74,34,0,34,108
08/17/2020,CAK,OH,AGL,CE,Towers with Radar,21,14,24,0,59,0,0,25,0,25,21,14,49,0,84,22,0,22,106
08/18/2020,CAK,OH,AGL,CE,Towers with Radar,14,23,38,0,75,0,1,44,0,45,14,24,82,0,120,52,0,52,172
08/19/2020,CAK,OH,AGL,CE,Towers with Radar,12,31,35,0,78,0,6,61,0,67,12,37,96,0,145,58,0,58,203
08/20/2020,CAK,OH,AGL,CE,Towers with Radar,16,38,57,2,113,0,17,70,0,87,16,55,127,2,200,58,0,58,258
08/21/2020,CAK,OH,AGL,CE,Towers with Radar,15,36,41,0,92,0,7,56,0,63,15,43,97,0,155,82,0,82,237
08/22/2020,CAK,OH,AGL,CE,Towers with Radar,17,33,39,0,89,0,17,66,4,87,17,50,105,4,176,54,0,54,230
08/23/2020,CAK,OH,AGL,CE,Towers with Radar,18,10,41,0,69,0,2,30,0,32,18,12,71,0,101,26,0,26,127
08/24/2020,CAK,OH,AGL,CE,Towers with Radar,18,21,49,0,88,0,2,24,0,26,18,23,73,0,114,36,0,36,150
08/25/2020,CAK,OH,AGL,CE,Towers with Radar,13,21,54,0,88,0,0,49,0,49,13,21,103,0,137,96,0,96,233
08/26/2020,CAK,OH,AGL,CE,Towers with Radar,16,21,43,0,80,0,0,30,0,30,16,21,73,0,110,48,0,48,158
08/27/2020,CAK,OH,AGL,CE,Towers with Radar,16,29,34,0,79,0,1,14,2,17,16,30,48,2,96,22,0,22,118
08/28/2020,CAK,OH,AGL,CE,Towers with Radar,21,20,24,0,65,0,0,1,0,1,21,20,25,0,66,0,0,0,66
08/29/2020,CAK,OH,AGL,CE,Towers with Radar,16,23,26,0,65,0,0,8,0,8,16,23,34,0,73,14,0,14,87
08/30/2020,CAK,OH,AGL,CE,Towers with Radar,17,23,50,0,90,0,11,42,0,53,17,34,92,0,143,62,0,62,205
08/31/2020,CAK,OH,AGL,CE,Towers with Radar,16,22,38,0,76,0,0,46,1,47,16,22,84,1,123,44,0,44,167
09/01/2020,CAK,OH,AGL,CE,Towers with Radar,10,41,46,0,97,0,16,17,0,33,10,57,63,0,130,46,0,46,176
09/02/2020,CAK,OH,AGL,CE,Towers with Radar,16,46,60,0,122,0,2,12,0,14,16,48,72,0,136,54,0,54,190
09/03/2020,CAK,OH,AGL,CE,Towers with Radar,16,25,38,0,79,0,16,22,0,38,16,41,60,0,117,46,0,46,163
09/04/2020,CAK,OH,AGL,CE,Towers with Radar,16,47,42,2,107,0,15,48,0,63,16,62,90,2,170,40,0,40,210
09/05/2020,CAK,OH,AGL,CE,Towers with Radar,15,10,28,0,53,0,7,52,0,59,15,17,80,0,112,52,0,52,164
09/06/2020,CAK,OH,AGL,CE,Towers with Radar,14,8,36,0,58,0,0,48,0,48,14,8,84,0,106,52,0,52,158
09/07/2020,CAK,OH,AGL,CE,Towers with Radar,14,9,21,0,44,0,0,2,0,2,14,9,23,0,46,0,0,0,46
09/08/2020,CAK,OH,AGL,CE,Towers with Radar,12,21,35,13,81,0,21,38,0,59,12,42,73,13,140,72,16,88,228
09/09/2020,CAK,OH,AGL,CE,Towers with Radar,15,31,36,0,82,0,16,34,2,52,15,47,70,2,134,78,0,78,212
09/10/2020,CAK,OH,AGL,CE,Towers with Radar,14,37,40,3,94,0,0,5,1,6,14,37,45,4,100,20,0,20,120
09/11/2020,CAK,OH,AGL,CE,Towers with Radar,14,35,59,1,109,0,3,28,0,31,14,38,87,1,140,30,0,30,170
09/12/2020,CAK,OH,AGL,CE,Towers with Radar,14,17,23,0,54,0,8,31,0,39,14,25,54,0,93,20,0,20,113
09/13/2020,CAK,OH,AGL,CE,Towers with Radar,14,11,36,0,61,0,4,20,1,25,14,15,56,1,86,34,0,34,120
09/14/2020,CAK,OH,AGL,CE,Towers with Radar,14,33,31,0,78,0,11,43,1,55,14,44,74,1,133,52,0,52,185
09/15/2020,CAK,OH,AGL,CE,Towers with Radar,16,27,26,0,69,0,16,29,0,45,16,43,55,0,114,46,0,46,160
09/16/2020,CAK,OH,AGL,CE,Towers with Radar,14,36,42,0,92,0,25,47,2,74,14,61,89,2,166,60,0,60,226
09/17/2020,CAK,OH,AGL,CE,Towers with Radar,15,39,39,0,93,0,7,17,4,28,15,46,56,4,121,44,0,44,165
09/18/2020,CAK,OH,AGL,CE,Towers with Radar,14,21,43,6,84,0,11,22,0,33,14,32,65,6,117,36,30,66,183
09/19/2020,CAK,OH,AGL,CE,Towers with Radar,14,12,27,0,53,0,11,43,3,57,14,23,70,3,110,42,0,42,152
09/20/2020,CAK,OH,AGL,CE,Towers with Radar,16,10,36,1,63,0,2,52,7,61,16,12,88,8,124,50,0,50,174
09/21/2020,CAK,OH,AGL,CE,Towers with Radar,14,22,34,0,70,0,15,38,0,53,14,37,72,0,123,70,0,70,193
09/22/2020,CAK,OH,AGL,CE,Towers with Radar,13,29,29,0,71,0,13,42,0,55,13,42,71,0,126,50,0,50,176
09/23/2020,CAK,OH,AGL,CE,Towers with Radar,14,29,58,0,101,0,16,46,0,62,14,45,104,0,163,78,0,78,241
09/24/2020,CAK,OH,AGL,CE,Towers with Radar,15,40,42,0,97,0,4,37,0,41,15,44,79,0,138,38,0,38,176
09/25/2020,CAK,OH,AGL,CE,Towers with Radar,14,28,36,0,78,0,6,47,4,57,14,34,83,4,135,86,0,86,221
09/26/2020,CAK,OH,AGL,CE,Towers with Radar,13,15,41,0,69,0,2,45,0,47,13,17,86,0,116,42,0,42,158
09/27/2020,CAK,OH,AGL,CE,Towers with Radar,15,15,50,0,80,0,6,27,0,33,15,21,77,0,113,70,0,70,183
09/28/2020,CAK,OH,AGL,CE,Towers with Radar,14,24,31,2,71,0,0,5,0,5,14,24,36,2,76,16,4,20,96
09/29/2020,CAK,OH,AGL,CE,Towers with Radar,13,23,27,0,63,0,0,10,0,10,13,23,37,0,73,14,0,14,87
09/30/2020,CAK,OH,AGL,CE,Towers with Radar,16,36,38,0,90,0,0,11,0,11,16,36,49,0,101,6,0,6,107
10/01/2020,CAK,OH,AGL,CE,Towers with Radar,21,31,40,2,94,0,3,40,0,43,21,34,80,2,137,36,0,36,173
10/02/2020,CAK,OH,AGL,CE,Towers with Radar,16,41,52,0,109,0,4,41,0,45,16,45,93,0,154,76,0,76,230
10/03/2020,CAK,OH,AGL,CE,Towers with Radar,12,18,33,0,63,0,4,41,0,45,12,22,74,0,108,34,0,34,142
10/04/2020,CAK,OH,AGL,CE,Towers with Radar,19,8,35,0,62,0,0,16,0,16,19,8,51,0,78,26,0,26,104
10/05/2020,CAK,OH,AGL,CE,Towers with Radar,16,21,36,0,73,0,19,32,0,51,16,40,68,0,124,52,0,52,176
10/06/2020,CAK,OH,AGL,CE,Towers with Radar,13,23,40,0,76,0,6,20,0,26,13,29,60,0,102,26,0,26,128
10/07/2020,CAK,OH,AGL,CE,Towers with Radar,14,34,34,0,82,0,5,18,0,23,14,39,52,0,105,28,0,28,133
10/08/2020,CAK,OH,AGL,CE,Towers with Radar,17,45,60,4,126,0,16,40,0,56,17,61,100,4,182,115,0,115,297
10/09/2020,CAK,OH,AGL,CE,Towers with Radar,18,35,48,0,101,0,5,42,0,47,18,40,90,0,148,54,0,54,202
10/10/2020,CAK,OH,AGL,CE,Towers with Radar,13,15,21,0,49,0,0,17,0,17,13,15,38,0,66,40,0,40,106
10/11/2020,CAK,OH,AGL,CE,Towers with Radar,18,7,34,0,59,0,0,11,0,11,18,7,45,0,70,12,0,12,82
10/12/2020,CAK,OH,AGL,CE,Towers with Radar,16,39,36,0,91,0,4,8,0,12,16,43,44,0,103,8,0,8,111
10/13/2020,CAK,OH,AGL,CE,Towers with Radar,11,28,38,0,77,0,23,55,2,80,11,51,93,2,157,134,0,134,291
10/14/2020,CAK,OH,AGL,CE,Towers with Radar,12,50,46,0,108,0,18,48,0,66,12,68,94,0,174,89,0,89,263
10/15/2020,CAK,OH,AGL,CE,Towers with Radar,18,33,36,0,87,0,1,11,0,12,18,34,47,0,99,14,0,14,113
10/16/2020,CAK,OH,AGL,CE,Towers with Radar,16,31,54,0,101,0,12,41,1,54,16,43,95,1,155,62,0,62,217
10/17/2020,CAK,OH,AGL,CE,Towers with Radar,12,21,33,0,66,0,9,46,2,57,12,30,79,2,123,62,0,62,185
10/18/2020,CAK,OH,AGL,CE,Towers with Radar,20,11,28,0,59,0,0,10,2,12,20,11,38,2,71,8,0,8,79
10/19/2020,CAK,OH,AGL,CE,Towers with Radar,16,19,20,0,55,0,0,0,0,0,16,19,20,0,55,2,0,2,57
10/20/2020,CAK,OH,AGL,CE,Towers with Radar,13,41,27,0,81,0,0,0,0,0,13,41,27,0,81,44,0,44,125
10/21/2020,CAK,OH,AGL,CE,Towers with Radar,12,49,32,0,93,0,2,4,0,6,12,51,36,0,99,8,0,8,107
10/22/2020,CAK,OH,AGL,CE,Towers with Radar,18,36,28,0,82,0,8,45,0,53,18,44,73,0,135,54,0,54,189
10/23/2020,CAK,OH,AGL,CE,Towers with Radar,21,31,26,0,78,0,3,19,0,22,21,34,45,0,100,20,0,20,120
10/24/2020,CAK,OH,AGL,CE,Towers with Radar,13,19,16,0,48,0,0,8,0,8,13,19,24,0,56,10,0,10,66
10/25/2020,CAK,OH,AGL,CE,Towers with Radar,22,12,29,0,63,0,8,41,0,49,22,20,70,0,112,32,0,32,144
10/26/2020,CAK,OH,AGL,CE,Towers with Radar,17,21,43,2,83,0,0,0,0,0,17,21,43,2,83,22,0,22,105
10/27/2020,CAK,OH,AGL,CE,Towers with Radar,12,32,26,0,70,0,0,2,2,4,12,32,28,2,74,12,0,12,86
10/28/2020,CAK,OH,AGL,CE,Towers with Radar,14,41,42,0,97,0,1,9,0,10,14,42,51,0,107,46,0,46,153
10/29/2020,CAK,OH,AGL,CE,Towers with Radar,18,36,24,0,78,0,0,0,0,0,18,36,24,0,78,4,0,4,82
10/30/2020,CAK,OH,AGL,CE,Towers with Radar,18,35,36,0,89,0,0,3,0,3,18,35,39,0,92,6,0,6,98
10/31/2020,CAK,OH,AGL,CE,Towers with Radar,11,15,43,0,69,0,3,76,0,79,11,18,119,0,148,46,0,46,194
11/01/2020,CAK,OH,AGL,CE,Towers with Radar,15,9,12,0,36,0,0,0,0,0,15,9,12,0,36,0,0,0,36
11/02/2020,CAK,OH,AGL,CE,Towers with Radar,16,24,28,0,68,0,2,14,0,16,16,26,42,0,84,16,0,16,100
11/03/2020,CAK,OH,AGL,CE,Towers with Radar,11,28,21,4,64,0,16,32,0,48,11,44,53,4,112,82,0,82,194
11/04/2020,CAK,OH,AGL,CE,Towers with Radar,9,46,37,0,92,0,12,30,2,44,9,58,67,2,136,56,0,56,192
11/05/2020,CAK,OH,AGL,CE,Towers with Radar,14,41,56,10,121,0,20,57,3,80,14,61,113,13,201,128,10,138,339
11/06/2020,CAK,OH,AGL,CE,Towers with Radar,18,44,28,0,90,0,24,48,0,72,18,68,76,0,162,80,0,80,242
11/07/2020,CAK,OH,AGL,CE,Towers with Radar,12,20,26,0,58,0,5,67,0,72,12,25,93,0,130,18,0,18,148
11/08/2020,CAK,OH,AGL,CE,Towers with Radar,19,15,31,0,65,0,12,46,0,58,19,27,77,0,123,30,0,30,153
11/09/2020,CAK,OH,AGL,CE,Towers with Radar,15,27,22,0,64,0,34,24,0,58,15,61,46,0,122,112,0,112,234
11/10/2020,CAK,OH,AGL,CE,Towers with Radar,10,36,37,1,84,0,10,41,3,54,10,46,78,4,138,60,0,60,198
11/11/2020,CAK,OH,AGL,CE,Towers with Radar,9,36,38,0,83,0,1,14,0,15,9,37,52,0,98,22,0,22,120
11/12/2020,CAK,OH,AGL,CE,Towers with Radar,14,43,38,2,97,0,5,43,4,52,14,48,81,6,149,62,0,62,211
11/13/2020,CAK,OH,AGL,CE,Towers with Radar,15,48,41,1,105,0,7,29,1,37,15,55,70,2,142,62,0,62,204
11/14/2020,CAK,OH,AGL,CE,Towers with Radar,12,17,36,0,65,0,11,38,0,49,12,28,74,0,114,64,0,64,178
11/15/2020,CAK,OH,AGL,CE,Towers with Radar,14,6,6,0,26,0,0,0,0,0,14,6,6,0,26,0,0,0,26
11/16/2020,CAK,OH,AGL,CE,Towers with Radar,14,23,20,0,57,0,4,11,0,15,14,27,31,0,72,10,0,10,82
11/17/2020,CAK,OH,AGL,CE,Towers with Radar,11,21,8,2,42,0,0,2,0,2,11,21,10,2,44,4,0,4,48
11/18/2020,CAK,OH,AGL,CE,Towers with Radar,13,42,42,0,97,0,13,37,0,50,13,55,79,0,147,64,0,64,211
11/19/2020,CAK,OH,AGL,CE,Towers with Radar,15,34,19,0,68,0,0,7,2,9,15,34,26,2,77,0,0,0,77
11/20/2020,CAK,OH,AGL,CE,Towers with Radar,16,36,28,0,80,0,0,27,3,30,16,36,55,3,110,22,0,22,132
11/21/2020,CAK,OH,AGL,CE,Towers with Radar,18,23,19,0,60,0,2,2,0,4,18,25,21,0,64,14,0,14,78
11/22/2020,CAK,OH,AGL,CE,Towers with Radar,19,12,20,0,51,0,0,0,0,0,19,12,20,0,51,8,0,8,59
11/23/2020,CAK,OH,AGL,CE,Towers with Radar,14,25,19,0,58,0,4,8,1,13,14,29,27,1,71,14,0,14,85
11/24/2020,CAK,OH,AGL,CE,Towers with Radar,17,49,47,0,113,0,8,36,0,44,17,57,83,0,157,42,0,42,199
11/25/2020,CAK,OH,AGL,CE,Towers with Radar,17,34,17,0,68,0,0,0,0,0,17,34,17,0,68,4,0,4,72
11/26/2020,CAK,OH,AGL,CE,Towers with Radar,3,12,10,0,25,0,0,0,2,2,3,12,10,2,27,4,0,4,31
11/27/2020,CAK,OH,AGL,CE,Towers with Radar,15,20,29,0,64,0,0,21,2,23,15,20,50,2,87,16,0,16,103
11/28/2020,CAK,OH,AGL,CE,Towers with Radar,16,15,38,0,69,0,3,55,1,59,16,18,93,1,128,18,0,18,146
11/29/2020,CAK,OH,AGL,CE,Towers with Radar,16,28,42,0,86,0,4,36,0,40,16,32,78,0,126,22,0,22,148
11/30/2020,CAK,OH,AGL,CE,Towers with Radar,16,20,15,0,51,0,0,0,0,0,16,20,15,0,51,2,0,2,53
12/01/2020,CAK,OH,AGL,CE,Towers with Radar,16,40,10,0,66,0,0,0,0,0,16,40,10,0,66,0,0,0,66
12/02/2020,CAK,OH,AGL,CE,Towers with Radar,9,59,16,0,84,0,6,25,2,33,9,65,41,2,117,60,0,60,177
12/03/2020,CAK,OH,AGL,CE,Towers with Radar,16,53,37,1,107,0,3,30,1,34,16,56,67,2,141,50,0,50,191
12/04/2020,CAK,OH,AGL,CE,Towers with Radar,12,35,29,1,77,0,4,31,1,36,12,39,60,2,113,66,0,66,179
12/05/2020,CAK,OH,AGL,CE,Towers with Radar,10,11,3,0,24,0,0,3,4,7,10,11,6,4,31,0,0,0,31
12/06/2020,CAK,OH,AGL,CE,Towers with Radar,17,12,15,0,44,0,0,2,0,2,17,12,17,0,46,0,0,0,46
12/07/2020,CAK,OH,AGL,CE,Towers with Radar,10,24,22,0,56,0,0,0,0,0,10,24,22,0,56,0,0,0,56
12/08/2020,CAK,OH,AGL,CE,Towers with Radar,12,32,23,0,67,0,0,27,0,27,12,32,50,0,94,8,0,8,102
12/09/2020,CAK,OH,AGL,CE,Towers with Radar,12,29,41,0,82,0,0,6,0,6,12,29,47,0,88,31,0,31,119
12/10/2020,CAK,OH,AGL,CE,Towers with Radar,18,44,30,1,93,0,5,41,4,50,18,49,71,5,143,62,0,62,205
12/11/2020,CAK,OH,AGL,CE,Towers with Radar,12,42,27,0,81,0,13,34,2,49,12,55,61,2,130,60,0,60,190
12/12/2020,CAK,OH,AGL,CE,Towers with Radar,11,13,16,0,40,0,1,1,0,2,11,14,17,0,42,6,0,6,48
12/13/2020,CAK,OH,AGL,CE,Towers with Radar,19,17,7,0,43,0,0,2,0,2,19,17,9,0,45,10,0,10,55
12/14/2020,CAK,OH,AGL,CE,Towers with Radar,12,25,21,0,58,0,0,5,0,5,12,25,26,0,63,6,0,6,69
12/15/2020,CAK,OH,AGL,CE,Towers with Radar,11,33,30,0,74,0,3,35,0,38,11,36,65,0,112,24,0,24,136
12/16/2020,CAK,OH,AGL,CE,Towers with Radar,12,21,10,0,43,0,0,1,0,1,12,21,11,0,44,0,0,0,44
12/17/2020,CAK,OH,AGL,CE,Towers with Radar,17,41,17,0,75,0,0,2,0,2,17,41,19,0,77,0,0,0,77
12/18/2020,CAK,OH,AGL,CE,Towers with Radar,16,36,17,0,69,0,0,2,0,2,16,36,19,0,71,0,0,0,71
12/19/2020,CAK,OH,AGL,CE,Towers with Radar,12,30,38,2,82,0,9,25,0,34,12,39,63,2,116,16,0,16,132
12/20/2020,CAK,OH,AGL,CE,Towers with Radar,14,14,12,0,40,0,0,0,0,0,14,14,12,0,40,0,0,0,40
12/21/2020,CAK,OH,AGL,CE,Towers with Radar,14,25,19,0,58,0,0,1,0,1,14,25,20,0,59,0,0,0,59
12/22/2020,CAK,OH,AGL,CE,Towers with Radar,16,38,31,0,85,0,0,5,0,5,16,38,36,0,90,8,0,8,98
12/23/2020,CAK,OH,AGL,CE,Towers with Radar,12,48,43,0,103,0,1,32,1,34,12,49,75,1,137,14,0,14,151
12/24/2020,CAK,OH,AGL,CE,Towers with Radar,12,23,10,0,45,0,0,0,0,0,12,23,10,0,45,2,0,2,47
12/25/2020,CAK,OH,AGL,CE,Towers with Radar,8,12,1,0,21,0,0,0,0,0,8,12,1,0,21,0,0,0,21
12/26/2020,CAK,OH,AGL,CE,Towers with Radar,16,17,29,0,62,0,0,3,0,3,16,17,32,0,65,0,0,0,65
12/27/2020,CAK,OH,AGL,CE,Towers with Radar,15,9,21,0,45,0,0,18,0,18,15,9,39,0,63,20,0,20,83
12/28/2020,CAK,OH,AGL,CE,Towers with Radar,15,19,21,0,55,0,2,0,0,2,15,21,21,0,57,0,0,0,57
12/29/2020,CAK,OH,AGL,CE,Towers with Radar,14,24,28,0,66,0,3,43,2,48,14,27,71,2,114,20,0,20,134
12/30/2020,CAK,OH,AGL,CE,Towers with Radar,16,35,30,0,81,0,0,4,0,4,16,35,34,0,85,20,0,20,105
12/31/2020,CAK,OH,AGL,CE,Towers with Radar,11,15,10,0,36,0,0,2,0,2,11,15,12,0,38,2,0,2,40
01/01/2021,CAK,OH,AGL,CE,Towers with Radar,14,8,5,0,27,0,0,0,0,0,14,8,5,0,27,0,0,0,27
01/02/2021,CAK,OH,AGL,CE,Towers with Radar,13,15,31,0,59,0,0,0,0,0,13,15,31,0,59,0,0,0,59
01/03/2021,CAK,OH,AGL,CE,Towers with Radar,15,10,17,0,42,0,0,0,0,0,15,10,17,0,42,0,0,0,42
01/04/2021,CAK,OH,AGL,CE,Towers with Radar,12,28,19,0,59,0,0,5,0,5,12,28,24,0,64,0,0,0,64
01/05/2021,CAK,OH,AGL,CE,Towers with Radar,16,27,20,0,63,0,0,1,0,1,16,27,21,0,64,4,0,4,68
01/06/2021,CAK,OH,AGL,CE,Towers with Radar,18,28,15,0,61,0,0,2,0,2,18,28,17,0,63,0,0,0,63
01/07/2021,CAK,OH,AGL,CE,Towers with Radar,14,22,23,2,61,0,4,6,0,10,14,26,29,2,71,8,0,8,79
01/08/2021,CAK,OH,AGL,CE,Towers with Radar,14,17,19,0,50,0,0,1,0,1,14,17,20,0,51,6,0,6,57
01/09/2021,CAK,OH,AGL,CE,Towers with Radar,12,32,35,0,79,0,10,56,1,67,12,42,91,1,146,112,0,112,258
01/10/2021,CAK,OH,AGL,CE,Towers with Radar,14,16,27,0,57,0,6,29,0,35,14,22,56,0,92,26,0,26,118
01/11/2021,CAK,OH,AGL,CE,Towers with Radar,13,23,23,0,59,0,2,1,0,3,13,25,24,0,62,14,0,14,76
01/12/2021,CAK,OH,AGL,CE,Towers with Radar,12,20,22,0,54,0,0,1,0,1,12,20,23,0,55,2,0,2,57
01/13/2021,CAK,OH,AGL,CE,Towers with Radar,13,53,23,2,91,0,17,57,5,79,13,70,80,7,170,78,0,78,248
01/14/2021,CAK,OH,AGL,CE,Towers with Radar,15,41,31,2,89,0,14,35,7,56,15,55,66,9,145,38,0,38,183
01/15/2021,CAK,OH,AGL,CE,Towers with Radar,12,30,16,0,58,0,0,0,0,0,12,30,16,0,58,0,0,0,58
01/16/2021,CAK,OH,AGL,CE,Towers with Radar,12,22,7,0,41,0,0,0,0,0,12,22,7,0,41,0,0,0,41
01/17/2021,CAK,OH,AGL,CE,Towers with Radar,14,9,19,0,42,0,0,0,0,0,14,9,19,0,42,0,0,0,42
01/18/2021,CAK,OH,AGL,CE,Towers with Radar,12,15,16,0,43,0,0,0,0,0,12,15,16,0,43,0,0,0,43
01/19/2021,CAK,OH,AGL,CE,Towers with Radar,13,32,15,1,61,0,14,21,3,38,13,46,36,4,99,68,0,68,167
01/20/2021,CAK,OH,AGL,CE,Towers with Radar,12,29,17,0,58,0,9,17,4,30,12,38,34,4,88,66,0,66,154
01/21/2021,CAK,OH,AGL,CE,Towers with Radar,14,23,31,3,71,0,4,27,3,34,14,27,58,6,105,0,0,0,105
01/22/2021,CAK,OH,AGL,CE,Towers with Radar,13,37,26,0,76,0,0,4,0,4,13,37,30,0,80,20,0,20,100
01/23/2021,CAK,OH,AGL,CE,Towers with Radar,12,15,24,0,51,0,3,45,0,48,12,18,69,0,99,46,0,46,145
01/24/2021,CAK,OH,AGL,CE,Towers with Radar,14,15,35,0,64,0,2,21,0,23,14,17,56,0,87,22,0,22,109
01/25/2021,CAK,OH,AGL,CE,Towers with Radar,11,27,20,0,58,0,2,5,0,7,11,29,25,0,65,20,0,20,85
01/26/2021,CAK,OH,AGL,CE,Towers with Radar,13,23,10,0,46,0,0,0,0,0,13,23,10,0,46,0,0,0,46
01/27/2021,CAK,OH,AGL,CE,Towers with Radar,12,31,24,0,67,0,1,2,0,3,12,32,26,0,70,16,0,16,86
01/28/2021,CAK,OH,AGL,CE,Towers with Radar,12,27,28,1,68,0,0,3,0,3,12,27,31,1,71,2,0,2,73
01/29/2021,CAK,OH,AGL,CE,Towers with Radar,11,25,23,2,61,0,8,16,0,24,11,33,39,2,85,8,0,8,93
01/30/2021,CAK,OH,AGL,CE,Towers with Radar,14,23,35,0,72,0,8,29,0,37,14,31,64,0,109,54,0,54,163
01/31/2021,CAK,OH,AGL,CE,Towers with Radar,14,12,5,0,31,0,0,0,0,0,14,12,5,0,31,0,0,0,31
02/01/2021,CAK,OH,AGL,CE,Towers with Radar,12,26,15,0,53,0,0,0,0,0,12,26,15,0,53,6,0,6,59
02/02/2021,CAK,OH,AGL,CE,Towers with Radar,12,33,16,1,62,0,2,5,1,8,12,35,21,2,70,2,0,2,72
02/03/2021,CAK,OH,AGL,CE,Towers with Radar,12,35,23,0,70,0,2,5,2,9,12,37,28,2,79,0,0,0,79
02/04/2021,CAK,OH,AGL,CE,Towers with Radar,14,35,29,2,80,0,15,20,4,39,14,50,49,6,119,34,0,34,153
02/05/2021,CAK,OH,AGL,CE,Towers with Radar,13,30,14,0,57,0,0,4,1,5,13,30,18,1,62,0,0,0,62
02/06/2021,CAK,OH,AGL,CE,Towers with Radar,12,8,37,0,57,0,10,36,0,46,12,18,73,0,103,58,0,58,161
02/07/2021,CAK,OH,AGL,CE,Towers with Radar,14,16,18,0,48,0,2,10,0,12,14,18,28,0,60,0,0,0,60
02/08/2021,CAK,OH,AGL,CE,Towers with Radar,13,42,25,0,80,0,0,11,0,11,13,42,36,0,91,2,0,2,93
02/09/2021,CAK,OH,AGL,CE,Towers with Radar,12,39,13,0,64,0,6,2,2,10,12,45,15,2,74,12,0,12,86
02/10/2021,CAK,OH,AGL,CE,Towers with Radar,11,55,26,2,94,0,5,15,0,20,11,60,41,2,114,0,0,0,114
02/11/2021,CAK,OH,AGL,CE,Towers with Radar,14,54,19,5,92,0,5,5,4,14,14,59,24,9,106,4,4,8,114
02/12/2021,CAK,OH,AGL,CE,Towers with Radar,16,40,41,0,97,0,12,14,0,26,16,52,55,0,123,40,0,40,163
02/13/2021,CAK,OH,AGL,CE,Towers with Radar,11,19,12,0,42,0,2,1,0,3,11,21,13,0,45,4,0,4,49
02/14/2021,CAK,OH,AGL,CE,Towers with Radar,15,14,20,6,55,0,4,11,0,15,15,18,31,6,70,42,2,44,114
02/15/2021,CAK,OH,AGL,CE,Towers with Radar,10,32,9,0,51,0,0,0,0,0,10,32,9,0,51,0,0,0,51
02/16/2021,CAK,OH,AGL,CE,Towers with Radar,11,29,15,0,55,0,0,0,0,0,11,29,15,0,55,0,0,0,55
02/17/2021,CAK,OH,AGL,CE,Towers with Radar,11,38,21,2,72,0,12,18,2,32,11,50,39,4,104,55,0,55,159
02/18/2021,CAK,OH,AGL,CE,Towers with Radar,13,41,12,0,66,0,0,0,0,0,13,41,12,0,66,0,0,0,66
02/19/2021,CAK,OH,AGL,CE,Towers with Radar,13,52,13,0,78,0,0,0,0,0,13,52,13,0,78,0,0,0,78
02/20/2021,CAK,OH,AGL,CE,Towers with Radar,12,31,29,0,72,0,6,2,0,8,12,37,31,0,80,10,0,10,90
02/21/2021,CAK,OH,AGL,CE,Towers with Radar,14,26,37,0,77,0,2,30,1,33,14,28,67,1,110,14,0,14,124
02/22/2021,CAK,OH,AGL,CE,Towers with Radar,12,37,14,0,63,0,0,0,0,0,12,37,14,0,63,0,0,0,63
02/23/2021,CAK,OH,AGL,CE,Towers with Radar,14,43,31,4,92,0,2,15,4,21,14,45,46,8,113,2,0,2,115
02/24/2021,CAK,OH,AGL,CE,Towers with Radar,10,45,21,2,78,0,0,5,3,8,10,45,26,5,86,4,0,4,90
02/25/2021,CAK,OH,AGL,CE,Towers with Radar,14,55,52,2,123,0,25,27,4,56,14,80,79,6,179,28,8,36,215
02/26/2021,CAK,OH,AGL,CE,Towers with Radar,13,48,43,0,104,0,15,45,1,61,13,63,88,1,165,23,0,23,188
02/27/2021,CAK,OH,AGL,CE,Towers with Radar,12,35,14,0,61,0,2,7,0,9,12,37,21,0,70,0,0,0,70
02/28/2021,CAK,OH,AGL,CE,Towers with Radar,14,8,38,0,60,0,0,0,0,0,14,8,38,0,60,0,0,0,60
03/01/2021,CAK,OH,AGL,CE,Towers with Radar,13,45,14,0,72,0,4,5,0,9,13,49,19,0,81,0,0,0,81
03/02/2021,CAK,OH,AGL,CE,Towers with Radar,13,71,33,0,117,0,34,44,0,78,13,105,77,0,195,6,0,6,201
03/03/2021,CAK,OH,AGL,CE,Towers with Radar,10,57,57,0,124,0,18,42,1,61,10,75,99,1,185,0,0,0,185
03/04/2021,CAK,OH,AGL,CE,Towers with Radar,20,37,20,0,77,0,4,2,5,11,20,41,22,5,88,10,0,10,98
03/05/2021,CAK,OH,AGL,CE,Towers with Radar,16,43,30,0,89,0,17,29,0,46,16,60,59,0,135,59,0,59,194
03/06/2021,CAK,OH,AGL,CE,Towers with Radar,14,17,28,0,59,0,26,57,0,83,14,43,85,0,142,34,0,34,176
03/07/2021,CAK,OH,AGL,CE,Towers with Radar,19,13,40,0,72,0,12,52,0,64,19,25,92,0,136,44,0,44,180
03/08/2021,CAK,OH,AGL,CE,Towers with Radar,17,41,42,0,100,0,19,25,2,46,17,60,67,2,146,44,0,44,190
03/09/2021,CAK,OH,AGL,CE,Towers with Radar,14,41,34,0,89,0,19,41,7,67,14,60,75,7,156,18,0,18,174
03/10/2021,CAK,OH,AGL,CE,Towers with Radar,16,55,26,2,99,0,10,15,0,25,16,65,41,2,124,8,0,8,132
03/11/2021,CAK,OH,AGL,CE,Towers with Radar,21,34,21,0,76,0,1,0,0,1,21,35,21,0,77,5,0,5,82
03/12/2021,CAK,OH,AGL,CE,Towers with Radar,24,48,27,0,99,0,15,34,0,49,24,63,61,0,148,9,0,9,157
03/13/2021,CAK,OH,AGL,CE,Towers with Radar,16,31,38,0,85,0,14,34,0,48,16,45,72,0,133,34,0,34,167
03/14/2021,CAK,OH,AGL,CE,Towers with Radar,21,18,20,0,59,0,2,21,0,23,21,20,41,0,82,20,0,20,102
03/15/2021,CAK,OH,AGL,CE,Towers with Radar,22,23,17,0,62,0,7,16,0,23,22,30,33,0,85,12,0,12,97
03/16/2021,CAK,OH,AGL,CE,Towers with Radar,14,52,36,0,102,0,2,9,0,11,14,54,45,0,113,8,0,8,121
03/17/2021,CAK,OH,AGL,CE,Towers with Radar,16,41,51,0,108,0,19,52,0,71,16,60,103,0,179,78,16,94,273
03/18/2021,CAK,OH,AGL,CE,Towers with Radar,19,39,24,0,82,0,0,0,0,0,19,39,24,0,82,0,0,0,82
03/19/2021,CAK,OH,AGL,CE,Towers with Radar,24,49,19,0,92,0,15,13,2,30,24,64,32,2,122,10,0,10,132
03/20/2021,CAK,OH,AGL,CE,Towers with Radar,16,24,41,0,81,0,13,52,0,65,16,37,93,0,146,42,0,42,188
03/21/2021,CAK,OH,AGL,CE,Towers with Radar,21,17,42,0,80,0,8,50,0,58,21,25,92,0,138,8,0,8,146
03/22/2021,CAK,OH,AGL,CE,Towers with Radar,22,34,32,0,88,0,13,36,0,49,22,47,68,0,137,10,0,10,147
03/23/2021,CAK,OH,AGL,CE,Towers with Radar,18,44,41,2,105,0,18,40,0,58,18,62,81,2,163,34,0,34,197
03/24/2021,CAK,OH,AGL,CE,Towers with Radar,13,45,30,0,88,0,1,13,2,16,13,46,43,2,104,4,0,4,108
03/25/2021,CAK,OH,AGL,CE,Towers with Radar,24,38,35,0,97,0,5,24,0,29,24,43,59,0,126,10,0,10,136
03/26/2021,CAK,OH,AGL,CE,Towers with Radar,23,36,21,0,80,0,0,6,0,6,23,36,27,0,86,0,0,0,86
03/27/2021,CAK,OH,AGL,CE,Towers with Radar,17,18,52,0,87,0,11,45,0,56,17,29,97,0,143,6,0,6,149
03/28/2021,CAK,OH,AGL,CE,Towers with Radar,21,10,17,0,48,0,0,1,0,1,21,10,18,0,49,0,0,0,49
03/29/2021,CAK,OH,AGL,CE,Towers with Radar,20,35,21,0,76,0,17,26,2,45,20,52,47,2,121,52,0,52,173
03/30/2021,CAK,OH,AGL,CE,Towers with Radar,14,48,21,1,84,0,4,19,4,27,14,52,40,5,111,0,0,0,111
03/31/2021,CAK,OH,AGL,CE,Towers with Radar,14,71,24,0,109,0,5,4,0,9,14,76,28,0,118,12,0,12,130
04/01/2021,CAK,OH,AGL,CE,Towers with Radar,20,56,30,1,107,0,1,1,0,2,20,57,31,1,109,2,0,2,111
04/02/2021,CAK,OH,AGL,CE,Towers with Radar,22,35,24,0,81,0,5,32,0,37,22,40,56,0,118,24,0,24,142
04/03/2021,CAK,OH,AGL,CE,Towers with Radar,17,23,27,0,67,0,6,21,1,28,17,29,48,1,95,8,0,8,103
04/04/2021,CAK,OH,AGL,CE,Towers with Radar,25,12,16,0,53,0,0,18,1,19,25,12,34,1,72,18,0,18,90
04/05/2021,CAK,OH,AGL,CE,Towers with Radar,26,52,41,0,119,0,11,29,4,44,26,63,70,4,163,0,0,0,163
04/06/2021,CAK,OH,AGL,CE,Towers with Radar,16,43,37,2,98,0,5,32,2,39,16,48,69,4,137,0,0,0,137
04/07/2021,CAK,OH,AGL,CE,Towers with Radar,16,37,43,2,98,0,16,50,2,68,16,53,93,4,166,24,0,24,190
04/08/2021,CAK,OH,AGL,CE,Towers with Radar,23,43,29,0,95,0,8,18,0,26,23,51,47,0,121,10,0,10,131
04/09/2021,CAK,OH,AGL,CE,Towers with Radar,25,53,27,0,105,0,7,32,6,45,25,60,59,6,150,32,0,32,182
04/10/2021,CAK,OH,AGL,CE,Towers with Radar,21,28,38,0,87,0,2,36,2,40,21,30,74,2,127,10,0,10,137
04/11/2021,CAK,OH,AGL,CE,Towers with Radar,23,11,23,0,57,0,2,5,0,7,23,13,28,0,64,0,0,0,64
04/12/2021,CAK,OH,AGL,CE,Towers with Radar,24,55,26,0,105,0,2,3,0,5,24,57,29,0,110,2,0,2,112
04/13/2021,CAK,OH,AGL,CE,Towers with Radar,19,36,44,0,99,0,21,37,4,62,19,57,81,4,161,66,0,66,227
04/14/2021,CAK,OH,AGL,CE,Towers with Radar,17,35,38,0,90,0,10,27,2,39,17,45,65,2,129,4,0,4,133
04/15/2021,CAK,OH,AGL,CE,Towers with Radar,21,33,42,0,96,0,2,11,2,15,21,35,53,2,111,0,0,0,111
04/16/2021,CAK,OH,AGL,CE,Towers with Radar,21,38,40,0,99,0,0,7,0,7,21,38,47,0,106,18,0,18,124
04/17/2021,CAK,OH,AGL,CE,Towers with Radar,16,22,55,0,93,0,4,15,0,19,16,26,70,0,112,29,0,29,141
04/18/2021,CAK,OH,AGL,CE,Towers with Radar,23,16,44,0,83,0,4,29,0,33,23,20,73,0,116,12,0,12,128
04/19/2021,CAK,OH,AGL,CE,Towers with Radar,21,37,30,0,88,0,11,15,0,26,21,48,45,0,114,4,0,4,118
04/20/2021,CAK,OH,AGL,CE,Towers with Radar,18,40,25,0,83,0,13,21,3,37,18,53,46,3,120,4,0,4,124
04/21/2021,CAK,OH,AGL,CE,Towers with Radar,17,33,52,0,102,0,2,1,2,5,17,35,53,2,107,12,8,20,127
04/22/2021,CAK,OH,AGL,CE,Towers with Radar,23,47,53,0,123,0,10,12,1,23,23,57,65,1,146,36,0,36,182
04/23/2021,CAK,OH,AGL,CE,Towers with Radar,19,44,41,0,104,0,3,30,0,33,19,47,71,0,137,46,0,46,183
04/24/2021,CAK,OH,AGL,CE,Towers with Radar,15,27,21,2,65,0,1,32,2,35,15,28,53,4,100,6,0,6,106
04/25/2021,CAK,OH,AGL,CE,Towers with Radar,23,15,33,0,71,0,0,2,0,2,23,15,35,0,73,0,0,0,73
04/26/2021,CAK,OH,AGL,CE,Towers with Radar,21,42,50,0,113,0,19,32,1,52,21,61,82,1,165,28,0,28,193
04/27/2021,CAK,OH,AGL,CE,Towers with Radar,17,35,35,0,87,0,16,25,4,45,17,51,60,4,132,34,0,34,166
04/28/2021,CAK,OH,AGL,CE,Towers with Radar,18,48,27,1,94,0,16,5,1,22,18,64,32,2,116,2,0,2,118
04/29/2021,CAK,OH,AGL,CE,Towers with Radar,23,51,26,0,100,0,0,0,0,0,23,51,26,0,100,4,0,4,104
04/30/2021,CAK,OH,AGL,CE,Towers with Radar,21,37,31,0,89,0,0,5,1,6,21,37,36,1,95,8,0,8,103
05/01/2021,CAK,OH,AGL,CE,Towers with Radar,15,31,28,0,74,0,11,43,1,55,15,42,71,1,129,26,0,26,155
05/02/2021,CAK,OH,AGL,CE,Towers with Radar,24,13,25,0,62,0,0,17,0,17,24,13,42,0,79,10,0,10,89
05/03/2021,CAK,OH,AGL,CE,Towers with Radar,21,38,29,0,88,0,0,0,0,0,21,38,29,0,88,14,0,14,102
05/04/2021,CAK,OH,AGL,CE,Towers with Radar,18,44,33,0,95,0,0,0,0,0,18,44,33,0,95,10,0,10,105
05/05/2021,CAK,OH,AGL,CE,Towers with Radar,18,46,33,0,97,0,0,3,2,5,18,46,36,2,102,4,0,4,106
05/06/2021,CAK,OH,AGL,CE,Towers with Radar,23,41,42,0,106,0,16,52,0,68,23,57,94,0,174,4,0,4,178
05/07/2021,CAK,OH,AGL,CE,Towers with Radar,20,42,29,1,92,0,3,15,0,18,20,45,44,1,110,4,0,4,114
05/08/2021,CAK,OH,AGL,CE,Towers with Radar,25,30,29,0,84,0,14,32,1,47,25,44,61,1,131,16,0,16,147
05/09/2021,CAK,OH,AGL,CE,Towers with Radar,29,12,21,0,62,0,0,1,0,1,29,12,22,0,63,0,0,0,63
05/10/2021,CAK,OH,AGL,CE,Towers with Radar,22,37,40,0,99,0,17,38,0,55,22,54,78,0,154,36,0,36,190
05/11/2021,CAK,OH,AGL,CE,Towers with Radar,22,39,49,2,112,0,15,41,0,56,22,54,90,2,168,32,0,32,200
05/12/2021,CAK,OH,AGL,CE,Towers with Radar,20,47,49,0,116,0,26,61,7,94,20,73,110,7,210,26,0,26,236
05/13/2021,CAK,OH,AGL,CE,Towers with Radar,28,48,41,3,120,0,15,51,6,72,28,63,92,9,192,74,4,78,270
05/14/2021,CAK,OH,AGL,CE,Towers with Radar,21,34,48,1,104,0,11,64,3,78,21,45,112,4,182,29,0,29,211
05/15/2021,CAK,OH,AGL,CE,Towers with Radar,19,24,26,0,69,0,8,45,14,67,19,32,71,14,136,24,6,30,166
05/16/2021,CAK,OH,AGL,CE,Towers with Radar,23,16,40,0,79,0,11,56,1,68,23,27,96,1,147,22,0,22,169
05/17/2021,CAK,OH,AGL,CE,Towers with Radar,19,27,40,0,86,0,13,46,1,60,19,40,86,1,146,47,0,47,193
05/18/2021,CAK,OH,AGL,CE,Towers with Radar,22,38,55,0,115,0,21,49,4,74,22,59,104,4,189,8,2,10,199
05/19/2021,CAK,OH,AGL,CE,Towers with Radar,20,43,59,0,122,0,31,42,0,73,20,74,101,0,195,56,0,56,251
05/20/2021,CAK,OH,AGL,CE,Towers with Radar,24,30,42,0,96,0,15,33,3,51,24,45,75,3,147,18,0,18,165
05/21/2021,CAK,OH,AGL,CE,Towers with Radar,21,49,39,8,117,0,28,24,0,52,21,77,63,8,169,52,0,52,221
05/22/2021,CAK,OH,AGL,CE,Towers with Radar,19,11,28,0,58,0,6,29,0,35,19,17,57,0,93,34,0,34,127
05/23/2021,CAK,OH,AGL,CE,Towers with Radar,22,13,38,0,73,0,0,24,0,24,22,13,62,0,97,14,0,14,111
05/24/2021,CAK,OH,AGL,CE,Towers with Radar,21,30,32,0,83,0,17,21,2,40,21,47,53,2,123,12,0,12,135
05/25/2021,CAK,OH,AGL,CE,Towers with Radar,25,26,53,0,104,0,12,23,4,39,25,38,76,4,143,10,1,11,154
05/26/2021,CAK,OH,AGL,CE,Towers with Radar,20,35,28,0,83,0,5,6,0,11,20,40,34,0,94,2,0,2,96
05/27/2021,CAK,OH,AGL,CE,Towers with Radar,22,34,49,2,107,0,17,36,2,55,22,51,85,4,162,86,0,86,248
05/28/2021,CAK,OH,AGL,CE,Towers with Radar,20,40,38,0,98,0,0,0,0,0,20,40,38,0,98,0,0,0,98
05/29/2021,CAK,OH,AGL,CE,Towers with Radar,19,25,5,0,49,0,0,0,0,0,19,25,5,0,49,0,0,0,49
05/30/2021,CAK,OH,AGL,CE,Towers with Radar,20,23,41,0,84,0,8,23,1,32,20,31,64,1,116,29,0,29,145
05/31/2021,CAK,OH,AGL,CE,Towers with Radar,18,20,30,0,68,0,0,36,2,38,18,20,66,2,106,35,0,35,141
06/01/2021,CAK,OH,AGL,CE,Towers with Radar,19,30,36,0,85,0,10,44,0,54,19,40,80,0,139,14,0,14,153
06/02/2021,CAK,OH,AGL,CE,Towers with Radar,19,40,42,0,101,0,8,6,0,14,19,48,48,0,115,6,0,6,121
06/03/2021,CAK,OH,AGL,CE,Towers with Radar,22,34,44,0,100,0,0,1,0,1,22,34,45,0,101,2,0,2,103
06/04/2021,CAK,OH,AGL,CE,Towers with Radar,17,35,31,5,88,0,17,29,1,47,17,52,60,6,135,15,0,15,150
06/05/2021,CAK,OH,AGL,CE,Towers with Radar,17,19,38,0,74,0,4,52,2,58,17,23,90,2,132,29,0,29,161
06/06/2021,CAK,OH,AGL,CE,Towers with Radar,21,10,34,2,67,0,4,36,3,43,21,14,70,5,110,0,0,0,110
06/07/2021,CAK,OH,AGL,CE,Towers with Radar,15,26,45,2,88,0,1,17,0,18,15,27,62,2,106,10,0,10,116
06/08/2021,CAK,OH,AGL,CE,Towers with Radar,18,40,48,0,106,0,2,4,0,6,18,42,52,0,112,20,0,20,132
06/09/2021,CAK,OH,AGL,CE,Towers with Radar,18,51,47,0,116,0,5,14,0,19,18,56,61,0,135,6,0,6,141
06/10/2021,CAK,OH,AGL,CE,Towers with Radar,18,28,35,1,82,0,6,11,3,20,18,34,46,4,102,4,0,4,106
06/11/2021,CAK,OH,AGL,CE,Towers with Radar,17,37,51,0,105,0,11,13,0,24,17,48,64,0,129,22,0,22,151
06/12/2021,CAK,OH,AGL,CE,Towers with Radar,15,26,30,0,71,0,10,26,0,36,15,36,56,0,107,50,0,50,157
06/13/2021,CAK,OH,AGL,CE,Towers with Radar,16,14,30,0,60,0,4,14,4,22,16,18,44,4,82,30,0,30,112
06/14/2021,CAK,OH,AGL,CE,Towers with Radar,19,26,40,0,85,0,15,14,0,29,19,41,54,0,114,26,0,26,140
06/15/2021,CAK,OH,AGL,CE,Towers with Radar,20,34,57,0,111,0,9,34,4,47,20,43,91,4,158,57,0,57,215
06/16/2021,CAK,OH,AGL,CE,Towers with Radar,19,26,40,0,85,0,20,51,1,72,19,46,91,1,157,14,0,14,171
06/17/2021,CAK,OH,AGL,CE,Towers with Radar,19,35,60,0,114,0,7,49,2,58,19,42,109,2,172,4,0,4,176
06/18/2021,CAK,OH,AGL,CE,Towers with Radar,17,38,40,0,95,0,4,9,0,13,17,42,49,0,108,0,0,0,108
06/19/2021,CAK,OH,AGL,CE,Towers with Radar,13,15,24,0,52,0,4,12,0,16,13,19,36,0,68,4,0,4,72
06/20/2021,CAK,OH,AGL,CE,Towers with Radar,17,9,26,0,52,0,2,19,0,21,17,11,45,0,73,6,0,6,79
06/21/2021,CAK,OH,AGL,CE,Towers with Radar,16,28,30,0,74,0,1,12,2,15,16,29,42,2,89,14,0,14,103
06/22/2021,CAK,OH,AGL,CE,Towers with Radar,15,26,64,0,105,0,29,43,4,76,15,55,107,4,181,76,0,76,257
06/23/2021,CAK,OH,AGL,CE,Towers with Radar,17,34,53,2,106,0,29,60,3,92,17,63,113,5,198,64,0,64,262
06/24/2021,CAK,OH,AGL,CE,Towers with Radar,17,34,48,2,101,0,19,34,0,53,17,53,82,2,154,26,0,26,180
06/25/2021,CAK,OH,AGL,CE,Towers with Radar,17,20,40,4,81,0,12,32,0,44,17,32,72,4,125,2,0,2,127
06/26/2021,CAK,OH,AGL,CE,Towers with Radar,16,24,19,3,62,0,4,14,3,21,16,28,33,6,83,0,0,0,83
06/27/2021,CAK,OH,AGL,CE,Towers with Radar,20,17,46,2,85,0,4,29,0,33,20,21,75,2,118,30,0,30,148
06/28/2021,CAK,OH,AGL,CE,Towers with Radar,16,34,38,0,88,0,11,31,0,42,16,45,69,0,130,6,0,6,136
06/29/2021,CAK,OH,AGL,CE,Towers with Radar,18,36,33,2,89,0,11,34,0,45,18,47,67,2,134,6,0,6,140
06/30/2021,CAK,OH,AGL,CE,Towers with Radar,20,33,29,0,82,0,6,4,0,10,20,39,33,0,92,0,0,0,92
07/01/2021,CAK,OH,AGL,CE,Towers with Radar,19,30,26,0,75,0,8,11,0,19,19,38,37,0,94,28,0,28,122
07/02/2021,CAK,OH,AGL,CE,Towers with Radar,17,30,42,0,89,0,7,30,0,37,17,37,72,0,126,34,0,34,160
07/03/2021,CAK,OH,AGL,CE,Towers with Radar,15,12,34,0,61,0,17,41,0,58,15,29,75,0,119,6,0,6,125
07/04/2021,CAK,OH,AGL,CE,Towers with Radar,15,6,21,0,42,0,0,19,0,19,15,6,40,0,61,8,0,8,69
07/05/2021,CAK,OH,AGL,CE,Towers with Radar,20,24,34,0,78,0,0,39,0,39,20,24,73,0,117,30,0,30,147
07/06/2021,CAK,OH,AGL,CE,Towers with Radar,16,26,37,0,79,0,15,35,0,50,16,41,72,0,129,10,0,10,139
07/07/2021,CAK,OH,AGL,CE,Towers with Radar,18,37,46,0,101,0,8,20,2,30,18,45,66,2,131,38,0,38,169
07/08/2021,CAK,OH,AGL,CE,Towers with Radar,19,28,33,0,80,0,4,3,0,7,19,32,36,0,87,6,4,10,97
07/09/2021,CAK,OH,AGL,CE,Towers with Radar,20,38,41,6,105,0,6,7,0,13,20,44,48,6,118,4,6,10,128
07/10/2021,CAK,OH,AGL,CE,Towers with Radar,19,23,32,1,75,0,9,47,1,57,19,32,79,2,132,4,0,4,136
07/11/2021,CAK,OH,AGL,CE,Towers with Radar,19,9,15,2,45,0,0,3,0,3,19,9,18,2,48,0,0,0,48
07/12/2021,CAK,OH,AGL,CE,Towers with Radar,20,31,31,1,83,0,0,5,3,8,20,31,36,4,91,0,0,0,91
07/13/2021,CAK,OH,AGL,CE,Towers with Radar,17,56,26,0,99,0,2,3,2,7,17,58,29,2,106,30,0,30,136
07/14/2021,CAK,OH,AGL,CE,Towers with Radar,15,49,51,0,115,0,8,15,0,23,15,57,66,0,138,14,0,14,152
07/15/2021,CAK,OH,AGL,CE,Towers with Radar,23,46,49,0,118,0,5,31,1,37,23,51,80,1,155,23,0,23,178
07/16/2021,CAK,OH,AGL,CE,Towers with Radar,19,39,25,0,83,0,4,5,2,11,19,43,30,2,94,2,0,2,96
07/17/2021,CAK,OH,AGL,CE,Towers with Radar,17,15,26,0,58,0,0,1,0,1,17,15,27,0,59,0,0,0,59
07/18/2021,CAK,OH,AGL,CE,Towers with Radar,20,26,53,0,99,0,12,47,0,59,20,38,100,0,158,26,0,26,184
07/19/2021,CAK,OH,AGL,CE,Towers with Radar,19,36,70,0,125,0,23,41,4,68,19,59,111,4,193,22,0,22,215
07/20/2021,CAK,OH,AGL,CE,Towers with Radar,28,44,57,0,129,0,6,31,0,37,28,50,88,0,166,20,0,20,186
07/21/2021,CAK,OH,AGL,CE,Towers with Radar,18,66,76,5,165,0,8,30,2,40,18,74,106,7,205,135,0,135,340
07/22/2021,CAK,OH,AGL,CE,Towers with Radar,24,42,55,0,121,0,13,50,6,69,24,55,105,6,190,40,0,40,230
07/23/2021,CAK,OH,AGL,CE,Towers with Radar,20,40,59,0,119,0,25,31,14,70,20,65,90,14,189,0,0,0,189
07/24/2021,CAK,OH,AGL,CE,Towers with Radar,16,31,49,0,96,0,2,50,6,58,16,33,99,6,154,0,0,0,154
07/25/2021,CAK,OH,AGL,CE,Towers with Radar,22,18,39,0,79,0,0,20,0,20,22,18,59,0,99,30,0,30,129
07/26/2021,CAK,OH,AGL,CE,Towers with Radar,16,26,46,0,88,0,14,34,0,48,16,40,80,0,136,52,0,52,188
07/27/2021,CAK,OH,AGL,CE,Towers with Radar,17,26,41,2,86,0,10,49,6,65,17,36,90,8,151,8,0,8,159
07/28/2021,CAK,OH,AGL,CE,Towers with Radar,17,43,41,11,112,0,7,32,5,44,17,50,73,16,156,38,0,38,194
07/29/2021,CAK,OH,AGL,CE,Towers with Radar,21,36,49,0,106,0,1,20,0,21,21,37,69,0,127,18,0,18,145
07/30/2021,CAK,OH,AGL,CE,Towers with Radar,18,20,58,0,96,0,7,27,3,37,18,27,85,3,133,10,0,10,143
07/31/2021,CAK,OH,AGL,CE,Towers with Radar,17,33,42,0,92,0,11,67,1,79,17,44,109,1,171,14,0,14,185
08/01/2021,CAK,OH,AGL,CE,Towers with Radar,23,10,38,0,71,0,2,19,0,21,23,12,57,0,92,0,0,0,92
08/02/2021,CAK,OH,AGL,CE,Towers with Radar,17,30,42,2,91,0,8,37,0,45,17,38,79,2,136,20,0,20,156
08/03/2021,CAK,OH,AGL,CE,Towers with Radar,16,32,62,1,111,0,8,40,5,53,16,40,102,6,164,28,0,28,192
08/04/2021,CAK,OH,AGL,CE,Towers with Radar,17,49,46,0,112,0,31,41,0,72,17,80,87,0,184,58,0,58,242
08/05/2021,CAK,OH,AGL,CE,Towers with Radar,20,63,63,1,147,0,5,39,1,45,20,68,102,2,192,0,0,0,192
08/06/2021,CAK,OH,AGL,CE,Towers with Radar,19,58,62,0,139,0,8,30,0,38,19,66,92,0,177,36,0,36,213
08/07/2021,CAK,OH,AGL,CE,Towers with Radar,19,53,51,0,123,0,4,18,0,22,19,57,69,0,145,0,0,0,145
08/08/2021,CAK,OH,AGL,CE,Towers with Radar,20,58,86,0,164,0,0,34,0,34,20,58,120,0,198,6,0,6,204
08/09/2021,CAK,OH,AGL,CE,Towers with Radar,20,64,39,0,123,0,10,15,0,25,20,74,54,0,148,0,0,0,148
08/10/2021,CAK,OH,AGL,CE,Towers with Radar,14,50,36,0,100,0,4,5,0,9,14,54,41,0,109,28,0,28,137
08/11/2021,CAK,OH,AGL,CE,Towers with Radar,18,37,40,2,97,0,1,10,2,13,18,38,50,4,110,4,0,4,114
08/12/2021,CAK,OH,AGL,CE,Towers with Radar,23,36,38,3,100,0,2,17,5,24,23,38,55,8,124,0,0,0,124
08/13/2021,CAK,OH,AGL,CE,Towers with Radar,22,40,26,4,92,0,9,13,2,24,22,49,39,6,116,0,0,0,116
08/14/2021,CAK,OH,AGL,CE,Towers with Radar,20,21,35,0,76,0,9,28,0,37,20,30,63,0,113,0,0,0,113
08/15/2021,CAK,OH,AGL,CE,Towers with Radar,21,24,39,4,88,0,9,44,0,53,21,33,83,4,141,0,0,0,141
08/16/2021,CAK,OH,AGL,CE,Towers with Radar,14,61,36,4,115,0,0,4,0,4,14,61,40,4,119,0,0,0,119
08/17/2021,CAK,OH,AGL,CE,Towers with Radar,21,38,32,0,91,0,2,0,0,2,21,40,32,0,93,0,2,2,95
08/18/2021,CAK,OH,AGL,CE,Towers with Radar,19,52,33,2,106,0,0,1,0,1,19,52,34,2,107,0,0,0,107
08/19/2021,CAK,OH,AGL,CE,Towers with Radar,22,57,41,4,124,0,7,40,5,52,22,64,81,9,176,24,0,24,200
08/20/2021,CAK,OH,AGL,CE,Towers with Radar,20,53,52,4,129,0,16,55,2,73,20,69,107,6,202,26,0,26,228
08/21/2021,CAK,OH,AGL,CE,Towers with Radar,18,15,43,0,76,0,8,46,0,54,18,23,89,0,130,12,0,12,142
08/22/2021,CAK,OH,AGL,CE,Towers with Radar,21,22,22,0,65,0,3,21,0,24,21,25,43,0,89,0,0,0,89
08/23/2021,CAK,OH,AGL,CE,Towers with Radar,20,47,36,3,106,0,9,18,1,28,20,56,54,4,134,6,0,6,140
08/24/2021,CAK,OH,AGL,CE,Towers with Radar,19,53,40,3,115,0,15,40,3,58,19,68,80,6,173,16,0,16,189
08/25/2021,CAK,OH,AGL,CE,Towers with Radar,18,47,27,0,92,0,0,11,0,11,18,47,38,0,103,0,0,0,103
08/26/2021,CAK,OH,AGL,CE,Towers with Radar,20,37,39,2,98,0,4,20,4,28,20,41,59,6,126,0,0,0,126
08/27/2021,CAK,OH,AGL,CE,Towers with Radar,19,37,30,0,86,0,4,24,2,30,19,41,54,2,116,0,0,0,116
08/28/2021,CAK,OH,AGL,CE,Towers with Radar,17,18,35,0,70,0,0,32,0,32,17,18,67,0,102,12,0,12,114
08/29/2021,CAK,OH,AGL,CE,Towers with Radar,19,15,33,0,67,0,0,29,0,29,19,15,62,0,96,16,0,16,112
08/30/2021,CAK,OH,AGL,CE,Towers with Radar,19,52,49,0,120,0,8,12,0,20,19,60,61,0,140,4,0,4,144
08/31/2021,CAK,OH,AGL,CE,Towers with Radar,16,39,52,5,112,0,11,32,1,44,16,50,84,6,156,8,0,8,164
09/01/2021,CAK,OH,AGL,CE,Towers with Radar,15,43,41,2,101,0,6,19,6,31,15,49,60,8,132,10,0,10,142
09/02/2021,CAK,OH,AGL,CE,Towers with Radar,22,50,36,1,109,0,9,40,0,49,22,59,76,1,158,48,0,48,206
09/03/2021,CAK,OH,AGL,CE,Towers with Radar,21,49,46,11,127,0,7,51,3,61,21,56,97,14,188,8,0,8,196
09/04/2021,CAK,OH,AGL,CE,Towers with Radar,26,13,31,0,70,0,1,41,0,42,26,14,72,0,112,0,0,0,112
09/05/2021,CAK,OH,AGL,CE,Towers with Radar,28,14,33,0,75,0,4,6,0,10,28,18,39,0,85,4,0,4,89
09/06/2021,CAK,OH,AGL,CE,Towers with Radar,21,10,43,0,74,0,0,40,0,40,21,10,83,0,114,2,0,2,116
09/07/2021,CAK,OH,AGL,CE,Towers with Radar,16,35,43,6,100,0,8,36,9,53,16,43,79,15,153,14,0,14,167
09/08/2021,CAK,OH,AGL,CE,Towers with Radar,19,55,46,1,121,0,13,21,1,35,19,68,67,2,156,42,0,42,198
09/09/2021,CAK,OH,AGL,CE,Towers with Radar,22,46,41,2,111,0,9,17,9,35,22,55,58,11,146,31,0,31,177
09/10/2021,CAK,OH,AGL,CE,Towers with Radar,23,48,52,4,127,0,7,31,8,46,23,55,83,12,173,22,0,22,195
09/11/2021,CAK,OH,AGL,CE,Towers with Radar,22,14,33,1,70,0,2,58,5,65,22,16,91,6,135,0,0,0,135
09/12/2021,CAK,OH,AGL,CE,Towers with Radar,18,17,42,0,77,0,4,27,1,32,18,21,69,1,109,14,0,14,123
09/13/2021,CAK,OH,AGL,CE,Towers with Radar,20,22,51,0,93,0,11,20,1,32,20,33,71,1,125,37,0,37,162
09/14/2021,CAK,OH,AGL,CE,Towers with Radar,13,28,25,2,68,0,3,17,9,29,13,31,42,11,97,2,0,2,99
09/15/2021,CAK,OH,AGL,CE,Towers with Radar,16,43,39,2,100,0,2,5,4,11,16,45,44,6,111,8,0,8,119
09/16/2021,CAK,OH,AGL,CE,Towers with Radar,28,32,61,2,123,0,9,37,5,51,28,41,98,7,174,24,0,24,198
09/17/2021,CAK,OH,AGL,CE,Towers with Radar,27,35,30,0,92,0,14,24,0,38,27,49,54,0,130,0,0,0,130
09/18/2021,CAK,OH,AGL,CE,Towers with Radar,22,16,34,0,72,0,10,36,0,46,22,26,70,0,118,0,0,0,118
09/19/2021,CAK,OH,AGL,CE,Towers with Radar,24,17,39,0,80,0,9,40,0,49,24,26,79,0,129,26,0,26,155
09/20/2021,CAK,OH,AGL,CE,Towers with Radar,19,23,44,0,86,0,4,18,0,22,19,27,62,0,108,2,0,2,110
09/21/2021,CAK,OH,AGL,CE,Towers with Radar,17,47,25,2,91,0,0,0,0,0,17,47,25,2,91,4,0,4,95
09/22/2021,CAK,OH,AGL,CE,Towers with Radar,17,37,28,1,83,0,0,0,0,0,17,37,28,1,83,0,0,0,83
09/23/2021,CAK,OH,AGL,CE,Towers with Radar,24,49,50,2,125,0,4,6,2,12,24,53,56,4,137,4,0,4,141
09/24/2021,CAK,OH,AGL,CE,Towers with Radar,26,35,60,3,124,0,22,52,2,76,26,57,112,5,200,36,0,36,236
09/25/2021,CAK,OH,AGL,CE,Towers with Radar,23,38,41,0,102,0,5,26,0,31,23,43,67,0,133,62,0,62,195
09/26/2021,CAK,OH,AGL,CE,Towers with Radar,22,30,45,0,97,0,7,44,0,51,22,37,89,0,148,52,0,52,200
09/27/2021,CAK,OH,AGL,CE,Towers with Radar,19,35,30,0,84,0,8,31,1,40,19,43,61,1,124,34,0,34,158
09/28/2021,CAK,OH,AGL,CE,Towers with Radar,19,68,37,0,124,0,15,25,0,40,19,83,62,0,164,42,0,42,206
09/29/2021,CAK,OH,AGL,CE,Towers with Radar,20,41,39,1,101,0,16,63,1,80,20,57,102,2,181,44,0,44,225
09/30/2021,CAK,OH,AGL,CE,Towers with Radar,26,44,55,0,125,0,22,52,0,74,26,66,107,0,199,32,0,32,231
10/01/2021,CAK,OH,AGL,CE,Towers with Radar,24,42,31,0,97,0,3,40,0,43,24,45,71,0,140,0,0,0,140
10/02/2021,CAK,OH,AGL,CE,Towers with Radar,19,17,30,0,66,0,4,25,0,29,19,21,55,0,95,0,0,0,95
10/03/2021,CAK,OH,AGL,CE,Towers with Radar,18,15,30,0,63,0,0,0,0,0,18,15,30,0,63,0,0,0,63
10/04/2021,CAK,OH,AGL,CE,Towers with Radar,20,51,37,2,110,0,4,3,2,9,20,55,40,4,119,4,0,4,123
10/05/2021,CAK,OH,AGL,CE,Towers with Radar,15,37,50,0,102,0,0,12,0,12,15,37,62,0,114,12,0,12,126
10/06/2021,CAK,OH,AGL,CE,Towers with Radar,16,62,42,1,121,0,6,14,1,21,16,68,56,2,142,30,0,30,172
10/07/2021,CAK,OH,AGL,CE,Towers with Radar,20,58,56,0,134,0,8,29,0,37,20,66,85,0,171,4,0,4,175
10/08/2021,CAK,OH,AGL,CE,Towers with Radar,14,62,38,6,120,0,3,25,0,28,14,65,63,6,148,0,0,0,148
10/09/2021,CAK,OH,AGL,CE,Towers with Radar,14,37,23,0,74,0,0,7,0,7,14,37,30,0,81,12,0,12,93
10/10/2021,CAK,OH,AGL,CE,Towers with Radar,25,20,43,0,88,0,0,36,0,36,25,20,79,0,124,8,0,8,132
10/11/2021,CAK,OH,AGL,CE,Towers with Radar,17,48,49,0,114,0,20,65,0,85,17,68,114,0,199,24,0,24,223
10/12/2021,CAK,OH,AGL,CE,Towers with Radar,15,47,60,3,125,0,9,39,6,54,15,56,99,9,179,28,0,28,207
10/13/2021,CAK,OH,AGL,CE,Towers with Radar,13,53,64,2,132,0,15,43,6,64,13,68,107,8,196,14,0,14,210
10/14/2021,CAK,OH,AGL,CE,Towers with Radar,25,59,56,2,142,0,6,49,10,65,25,65,105,12,207,34,0,34,241
10/15/2021,CAK,OH,AGL,CE,Towers with Radar,18,51,42,0,111,0,1,11,0,12,18,52,53,0,123,0,0,0,123
10/16/2021,CAK,OH,AGL,CE,Towers with Radar,11,18,9,2,40,0,0,1,0,1,11,18,10,2,41,0,0,0,41
10/17/2021,CAK,OH,AGL,CE,Towers with Radar,20,21,50,0,91,0,1,34,0,35,20,22,84,0,126,0,0,0,126
10/18/2021,CAK,OH,AGL,CE,Towers with Radar,19,40,38,1,98,0,10,18,1,29,19,50,56,2,127,20,0,20,147
10/19/2021,CAK,OH,AGL,CE,Towers with Radar,12,41,62,2,117,0,7,49,8,64,12,48,111,10,181,14,0,14,195
10/20/2021,CAK,OH,AGL,CE,Towers with Radar,14,32,47,1,94,0,8,53,3,64,14,40,100,4,158,18,0,18,176
10/21/2021,CAK,OH,AGL,CE,Towers with Radar,23,37,41,0,101,0,4,3,0,7,23,41,44,0,108,0,0,0,108
10/22/2021,CAK,OH,AGL,CE,Towers with Radar,17,68,50,1,136,0,0,3,4,7,17,68,53,5,143,0,0,0,143
10/23/2021,CAK,OH,AGL,CE,Towers with Radar,16,29,30,1,76,0,14,23,2,39,16,43,53,3,115,0,0,0,115
10/24/2021,CAK,OH,AGL,CE,Towers with Radar,23,30,35,0,88,0,0,5,0,5,23,30,40,0,93,0,0,0,93
10/25/2021,CAK,OH,AGL,CE,Towers with Radar,14,50,32,4,100,0,4,17,0,21,14,54,49,4,121,0,0,0,121
10/26/2021,CAK,OH,AGL,CE,Towers with Radar,12,39,31,0,82,0,0,2,2,4,12,39,33,2,86,24,0,24,110
10/27/2021,CAK,OH,AGL,CE,Towers with Radar,16,67,47,2,132,0,0,1,4,5,16,67,48,6,137,2,10,12,149
10/28/2021,CAK,OH,AGL,CE,Towers with Radar,25,56,32,1,114,0,12,22,5,39,25,68,54,6,153,30,0,30,183
10/29/2021,CAK,OH,AGL,CE,Towers with Radar,20,68,32,2,122,0,0,1,0,1,20,68,33,2,123,0,0,0,123
10/30/2021,CAK,OH,AGL,CE,Towers with Radar,16,22,27,0,65,0,0,0,0,0,16,22,27,0,65,0,0,0,65
10/31/2021,CAK,OH,AGL,CE,Towers with Radar,17,29,43,0,89,0,2,9,0,11,17,31,52,0,100,0,0,0,100
11/01/2021,CAK,OH,AGL,CE,Towers with Radar,14,44,41,0,99,0,6,37,0,43,14,50,78,0,142,16,0,16,158
11/02/2021,CAK,OH,AGL,CE,Towers with Radar,8,42,43,2,95,0,16,22,3,41,8,58,65,5,136,24,0,24,160
11/03/2021,CAK,OH,AGL,CE,Towers with Radar,11,50,37,5,103,0,14,42,3,59,11,64,79,8,162,50,0,50,212
11/04/2021,CAK,OH,AGL,CE,Towers with Radar,22,63,29,0,114,0,7,36,2,45,22,70,65,2,159,26,0,26,185
11/05/2021,CAK,OH,AGL,CE,Towers with Radar,16,63,39,0,118,0,3,36,4,43,16,66,75,4,161,2,0,2,163
11/06/2021,CAK,OH,AGL,CE,Towers with Radar,10,27,25,1,63,0,9,71,18,98,10,36,96,19,161,20,0,20,181
11/07/2021,CAK,OH,AGL,CE,Towers with Radar,21,23,37,0,81,0,6,54,0,60,21,29,91,0,141,14,0,14,155
11/08/2021,CAK,OH,AGL,CE,Towers with Radar,16,45,42,0,103,0,18,28,0,46,16,63,70,0,149,18,0,18,167
11/09/2021,CAK,OH,AGL,CE,Towers with Radar,12,43,32,3,90,0,9,38,7,54,12,52,70,10,144,66,0,66,210
11/10/2021,CAK,OH,AGL,CE,Towers with Radar,12,52,76,1,141,0,9,40,9,58,12,61,116,10,199,26,0,26,225
11/11/2021,CAK,OH,AGL,CE,Towers with Radar,20,49,33,0,102,0,4,15,0,19,20,53,48,0,121,0,0,0,121
11/12/2021,CAK,OH,AGL,CE,Towers with Radar,16,44,36,0,96,0,2,19,0,21,16,46,55,0,117,0,0,0,117
11/13/2021,CAK,OH,AGL,CE,Towers with Radar,12,19,21,0,52,0,0,2,0,2,12,19,23,0,54,2,0,2,56
11/14/2021,CAK,OH,AGL,CE,Towers with Radar,18,13,16,0,47,0,0,0,0,0,18,13,16,0,47,0,0,0,47
11/15/2021,CAK,OH,AGL,CE,Towers with Radar,15,39,21,0,75,0,10,14,0,24,15,49,35,0,99,48,0,48,147
11/16/2021,CAK,OH,AGL,CE,Towers with Radar,9,67,48,1,125,0,8,46,5,59,9,75,94,6,184,12,0,12,196
11/17/2021,CAK,OH,AGL,CE,Towers with Radar,13,64,46,3,126,0,0,12,5,17,13,64,58,8,143,4,0,4,147
11/18/2021,CAK,OH,AGL,CE,Towers with Radar,19,61,26,0,106,0,4,11,6,21,19,65,37,6,127,6,0,6,133
11/19/2021,CAK,OH,AGL,CE,Towers with Radar,17,80,38,0,135,0,9,39,6,54,17,89,77,6,189,6,0,6,195
11/20/2021,CAK,OH,AGL,CE,Towers with Radar,11,38,36,0,85,0,10,31,0,41,11,48,67,0,126,22,0,22,148
11/21/2021,CAK,OH,AGL,CE,Towers with Radar,17,21,19,0,57,0,0,3,0,3,17,21,22,0,60,0,0,0,60
11/22/2021,CAK,OH,AGL,CE,Towers with Radar,16,53,40,0,109,0,7,31,0,38,16,60,71,0,147,4,0,4,151
11/23/2021,CAK,OH,AGL,CE,Towers with Radar,15,61,54,0,130,0,16,32,2,50,15,77,86,2,180,32,0,32,212
11/24/2021,CAK,OH,AGL,CE,Towers with Radar,17,41,31,0,89,0,4,37,0,41,17,45,68,0,130,0,0,0,130
11/25/2021,CAK,OH,AGL,CE,Towers with Radar,10,22,4,0,36,0,0,0,0,0,10,22,4,0,36,0,0,0,36
11/26/2021,CAK,OH,AGL,CE,Towers with Radar,12,23,16,0,51,0,0,2,0,2,12,23,18,0,53,1,0,1,54
11/27/2021,CAK,OH,AGL,CE,Towers with Radar,14,34,30,0,78,0,0,24,0,24,14,34,54,0,102,2,0,2,104
11/28/2021,CAK,OH,AGL,CE,Towers with Radar,19,19,31,0,69,0,0,0,0,0,19,19,31,0,69,0,0,0,69
11/29/2021,CAK,OH,AGL,CE,Towers with Radar,15,47,18,0,80,0,6,19,2,27,15,53,37,2,107,10,0,10,117
11/30/2021,CAK,OH,AGL,CE,Towers with Radar,13,52,28,7,100,0,7,13,3,23,13,59,41,10,123,14,2,16,139
12/01/2021,CAK,OH,AGL,CE,Towers with Radar,12,52,40,0,104,0,4,12,1,17,12,56,52,1,121,20,0,20,141
12/02/2021,CAK,OH,AGL,CE,Towers with Radar,19,44,36,3,102,0,0,14,5,19,19,44,50,8,121,0,0,0,121
12/03/2021,CAK,OH,AGL,CE,Towers with Radar,17,56,38,3,114,0,6,5,1,12,17,62,43,4,126,27,0,27,153
12/04/2021,CAK,OH,AGL,CE,Towers with Radar,15,29,46,1,91,0,5,30,1,36,15,34,76,2,127,29,0,29,156
12/05/2021,CAK,OH,AGL,CE,Towers with Radar,18,24,29,0,71,0,4,16,0,20,18,28,45,0,91,24,0,24,115
12/06/2021,CAK,OH,AGL,CE,Towers with Radar,14,29,21,0,64,0,0,0,0,0,14,29,21,0,64,4,0,4,68
12/07/2021,CAK,OH,AGL,CE,Towers with Radar,10,53,42,2,107,0,12,24,10,46,10,65,66,12,153,42,0,42,195
12/08/2021,CAK,OH,AGL,CE,Towers with Radar,12,38,33,0,83,0,0,4,4,8,12,38,37,4,91,14,0,14,105
12/09/2021,CAK,OH,AGL,CE,Towers with Radar,18,77,53,1,149,0,13,37,8,58,18,90,90,9,207,14,0,14,221
12/10/2021,CAK,OH,AGL,CE,Towers with Radar,17,55,42,2,116,0,4,25,0,29,17,59,67,2,145,13,0,13,158
12/11/2021,CAK,OH,AGL,CE,Towers with Radar,17,20,6,0,43,0,0,0,0,0,17,20,6,0,43,0,0,0,43
12/12/2021,CAK,OH,AGL,CE,Towers with Radar,18,23,31,0,72,0,7,33,0,40,18,30,64,0,112,42,0,42,154
12/13/2021,CAK,OH,AGL,CE,Towers with Radar,14,50,47,0,111,0,19,37,2,58,14,69,84,2,169,84,0,84,253
12/14/2021,CAK,OH,AGL,CE,Towers with Radar,11,52,48,3,114,0,4,44,11,59,11,56,92,14,173,48,0,48,221
12/15/2021,CAK,OH,AGL,CE,Towers with Radar,13,42,35,0,90,0,14,14,4,32,13,56,49,4,122,24,0,24,146
12/16/2021,CAK,OH,AGL,CE,Towers with Radar,16,51,39,0,106,0,0,2,0,2,16,51,41,0,108,0,0,0,108
12/17/2021,CAK,OH,AGL,CE,Towers with Radar,16,46,36,4,102,0,4,26,4,34,16,50,62,8,136,24,0,24,160
12/18/2021,CAK,OH,AGL,CE,Towers with Radar,15,25,17,0,57,0,0,0,0,0,15,25,17,0,57,0,0,0,57
12/19/2021,CAK,OH,AGL,CE,Towers with Radar,21,29,29,0,79,0,4,9,0,13,21,33,38,0,92,50,0,50,142
12/20/2021,CAK,OH,AGL,CE,Towers with Radar,16,40,28,1,85,0,5,32,1,38,16,45,60,2,123,36,0,36,159
12/21/2021,CAK,OH,AGL,CE,Towers with Radar,12,44,18,1,75,0,4,34,3,41,12,48,52,4,116,20,0,20,136
12/22/2021,CAK,OH,AGL,CE,Towers with Radar,18,40,29,0,87,0,0,21,4,25,18,40,50,4,112,0,0,0,112
12/23/2021,CAK,OH,AGL,CE,Towers with Radar,18,53,24,1,96,0,5,17,1,23,18,58,41,2,119,6,0,6,125
12/24/2021,CAK,OH,AGL,CE,Towers with Radar,14,21,8,0,43,0,0,14,0,14,14,21,22,0,57,2,0,2,59
12/25/2021,CAK,OH,AGL,CE,Towers with Radar,11,18,10,0,39,0,0,0,0,0,11,18,10,0,39,0,0,0,39
12/26/2021,CAK,OH,AGL,CE,Towers with Radar,18,18,47,0,83,0,0,12,0,12,18,18,59,0,95,30,0,30,125
12/27/2021,CAK,OH,AGL,CE,Towers with Radar,15,22,19,0,56,0,0,0,0,0,15,22,19,0,56,0,0,0,56
12/28/2021,CAK,OH,AGL,CE,Towers with Radar,17,41,17,0,75,0,0,6,0,6,17,41,23,0,81,0,0,0,81
12/29/2021,CAK,OH,AGL,CE,Towers with Radar,21,30,29,2,82,0,0,0,0,0,21,30,29,2,82,24,1,25,107
12/30/2021,CAK,OH,AGL,CE,Towers with Radar,14,33,12,0,59,0,0,0,0,0,14,33,12,0,59,2,0,2,61
12/31/2021,CAK,OH,AGL,CE,Towers with Radar,13,17,26,0,56,0,0,6,0,6,13,17,32,0,62,0,0,0,62
01/01/2022,CAK,OH,AGL,CE,Towers with Radar,9,11,6,0,26,0,0,0,0,0,9,11,6,0,26,0,0,0,26
01/02/2022,CAK,OH,AGL,CE,Towers with Radar,18,13,24,0,55,0,0,0,0,0,18,13,24,0,55,0,0,0,55
01/03/2022,CAK,OH,AGL,CE,Towers with Radar,13,41,22,0,76,0,5,2,0,7,13,46,24,0,83,24,0,24,107
01/04/2022,CAK,OH,AGL,CE,Towers with Radar,28,49,34,5,116,0,0,54,3,57,28,49,88,8,173,24,2,26,199
01/05/2022,CAK,OH,AGL,CE,Towers with Radar,16,41,18,1,76,0,0,1,3,4,16,41,19,4,80,2,0,2,82
01/06/2022,CAK,OH,AGL,CE,Towers with Radar,15,51,23,0,89,0,4,9,0,13,15,55,32,0,102,18,0,18,120
01/07/2022,CAK,OH,AGL,CE,Towers with Radar,13,55,26,0,94,0,0,6,4,10,13,55,32,4,104,4,0,4,108
01/08/2022,CAK,OH,AGL,CE,Towers with Radar,14,26,31,0,71,0,6,32,0,38,14,32,63,0,109,16,0,16,125
01/09/2022,CAK,OH,AGL,CE,Towers with Radar,12,15,5,0,32,0,1,0,0,1,12,16,5,0,33,0,0,0,33
01/10/2022,CAK,OH,AGL,CE,Towers with Radar,14,34,29,3,80,0,2,7,2,11,14,36,36,5,91,0,0,0,91
01/11/2022,CAK,OH,AGL,CE,Towers with Radar,11,33,40,3,87,0,4,16,6,26,11,37,56,9,113,28,0,28,141
01/12/2022,CAK,OH,AGL,CE,Towers with Radar,10,61,35,1,107,0,0,28,3,31,10,61,63,4,138,0,0,0,138
01/13/2022,CAK,OH,AGL,CE,Towers with Radar,15,58,43,0,116,0,4,20,6,30,15,62,63,6,146,14,0,14,160
01/14/2022,CAK,OH,AGL,CE,Towers with Radar,14,53,20,0,87,0,0,4,0,4,14,53,24,0,91,0,0,0,91
01/15/2022,CAK,OH,AGL,CE,Towers with Radar,13,27,36,0,76,0,0,39,0,39,13,27,75,0,115,38,0,38,153
01/16/2022,CAK,OH,AGL,CE,Towers with Radar,6,20,24,0,50,0,0,25,0,25,6,20,49,0,75,36,0,36,111
01/17/2022,CAK,OH,AGL,CE,Towers with Radar,11,27,17,0,55,0,0,0,0,0,11,27,17,0,55,0,0,0,55
01/18/2022,CAK,OH,AGL,CE,Towers with Radar,10,58,25,2,95,0,0,13,1,14,10,58,38,3,109,20,0,20,129
01/19/2022,CAK,OH,AGL,CE,Towers with Radar,10,61,26,1,98,0,3,1,1,5,10,64,27,2,103,4,0,4,107
01/20/2022,CAK,OH,AGL,CE,Towers with Radar,15,51,22,1,89,0,0,8,1,9,15,51,30,2,98,0,0,0,98
01/21/2022,CAK,OH,AGL,CE,Towers with Radar,14,65,25,0,104,0,7,18,2,27,14,72,43,2,131,21,0,21,152
01/22/2022,CAK,OH,AGL,CE,Towers with Radar,12,32,21,1,66,0,6,26,7,39,12,38,47,8,105,10,0,10,115
01/23/2022,CAK,OH,AGL,CE,Towers with Radar,15,18,14,0,47,0,0,0,0,0,15,18,14,0,47,0,0,0,47
01/24/2022,CAK,OH,AGL,CE,Towers with Radar,13,35,27,0,75,0,0,0,0,0,13,35,27,0,75,4,0,4,79
01/25/2022,CAK,OH,AGL,CE,Towers with Radar,22,49,41,1,113,0,12,12,7,31,22,61,53,8,144,38,0,38,182
01/26/2022,CAK,OH,AGL,CE,Towers with Radar,11,63,21,3,98,0,6,14,9,29,11,69,35,12,127,62,0,62,189
01/27/2022,CAK,OH,AGL,CE,Towers with Radar,16,50,37,1,104,0,3,11,4,18,16,53,48,5,122,0,0,0,122
01/28/2022,CAK,OH,AGL,CE,Towers with Radar,17,54,27,0,98,0,0,1,2,3,17,54,28,2,101,0,0,0,101
01/29/2022,CAK,OH,AGL,CE,Towers with Radar,14,25,14,0,53,0,12,23,0,35,14,37,37,0,88,30,0,30,118
01/30/2022,CAK,OH,AGL,CE,Towers with Radar,19,27,22,0,68,0,4,10,1,15,19,31,32,1,83,28,0,28,111
01/31/2022,CAK,OH,AGL,CE,Towers with Radar,15,32,44,0,91,0,17,44,6,67,15,49,88,6,158,70,0,70,228
02/01/2022,CAK,OH,AGL,CE,Towers with Radar,10,67,56,4,137,0,11,32,10,53,10,78,88,14,190,19,0,19,209
02/02/2022,CAK,OH,AGL,CE,Towers with Radar,9,42,24,0,75,0,0,1,4,5,9,42,25,4,80,0,0,0,80
02/03/2022,CAK,OH,AGL,CE,Towers with Radar,5,13,4,0,22,0,0,0,0,0,5,13,4,0,22,0,0,0,22
02/04/2022,CAK,OH,AGL,CE,Towers with Radar,7,39,33,0,79,0,0,0,0,0,7,39,33,0,79,0,0,0,79
02/05/2022,CAK,OH,AGL,CE,Towers with Radar,14,23,24,0,61,0,0,7,0,7,14,23,31,0,68,0,0,0,68
02/06/2022,CAK,OH,AGL,CE,Towers with Radar,14,31,26,0,71,0,4,27,0,31,14,35,53,0,102,36,0,36,138
02/07/2022,CAK,OH,AGL,CE,Towers with Radar,11,65,38,1,115,0,11,17,2,30,11,76,55,3,145,12,0,12,157
02/08/2022,CAK,OH,AGL,CE,Towers with Radar,11,50,44,5,110,0,1,11,7,19,11,51,55,12,129,48,4,52,181
02/09/2022,CAK,OH,AGL,CE,Towers with Radar,11,76,38,4,129,0,14,10,6,30,11,90,48,10,159,16,0,16,175
02/10/2022,CAK,OH,AGL,CE,Towers with Radar,14,55,33,0,102,0,4,13,6,23,14,59,46,6,125,6,0,6,131
02/11/2022,CAK,OH,AGL,CE,Towers with Radar,17,55,19,2,93,0,0,6,4,10,17,55,25,6,103,0,0,0,103
02/12/2022,CAK,OH,AGL,CE,Towers with Radar,16,22,9,0,47,0,6,5,10,21,16,28,14,10,68,32,6,38,106
02/13/2022,CAK,OH,AGL,CE,Towers with Radar,17,16,20,0,53,0,0,2,0,2,17,16,22,0,55,1,0,1,56
02/14/2022,CAK,OH,AGL,CE,Towers with Radar,17,49,24,1,91,0,11,18,1,30,17,60,42,2,121,12,0,12,133
02/15/2022,CAK,OH,AGL,CE,Towers with Radar,13,66,31,0,110,0,23,43,6,72,13,89,74,6,182,41,0,41,223
02/16/2022,CAK,OH,AGL,CE,Towers with Radar,13,48,33,0,94,0,1,4,4,9,13,49,37,4,103,0,0,0,103
02/17/2022,CAK,OH,AGL,CE,Towers with Radar,17,53,26,0,96,0,0,0,0,0,17,53,26,0,96,0,0,0,96
02/18/2022,CAK,OH,AGL,CE,Towers with Radar,15,39,37,0,91,0,0,12,2,14,15,39,49,2,105,22,0,22,127
02/19/2022,CAK,OH,AGL,CE,Towers with Radar,21,23,15,0,59,0,0,3,0,3,21,23,18,0,62,0,0,0,62
02/20/2022,CAK,OH,AGL,CE,Towers with Radar,18,28,23,0,69,0,6,29,0,35,18,34,52,0,104,20,0,20,124
02/21/2022,CAK,OH,AGL,CE,Towers with Radar,18,56,48,0,122,0,24,44,0,68,18,80,92,0,190,40,2,42,232
02/22/2022,CAK,OH,AGL,CE,Towers with Radar,13,48,26,0,87,0,2,0,0,2,13,50,26,0,89,0,0,0,89
02/23/2022,CAK,OH,AGL,CE,Towers with Radar,14,52,28,0,94,0,0,2,4,6,14,52,30,4,100,0,0,0,100
02/24/2022,CAK,OH,AGL,CE,Towers with Radar,14,71,35,0,120,0,12,31,2,45,14,83,66,2,165,16,0,16,181
02/25/2022,CAK,OH,AGL,CE,Towers with Radar,18,38,21,2,79,0,0,0,0,0,18,38,21,2,79,0,0,0,79
02/26/2022,CAK,OH,AGL,CE,Towers with Radar,22,24,20,0,66,0,5,10,4,19,22,29,30,4,85,52,0,52,137
02/27/2022,CAK,OH,AGL,CE,Towers with Radar,18,16,28,0,62,0,0,26,0,26,18,16,54,0,88,0,0,0,88
02/28/2022,CAK,OH,AGL,CE,Towers with Radar,20,50,44,1,115,0,24,31,1,56,20,74,75,2,171,30,0,30,201
03/01/2022,CAK,OH,AGL,CE,Towers with Radar,20,57,26,1,104,0,7,9,3,19,20,64,35,4,123,10,0,10,133
03/02/2022,CAK,OH,AGL,CE,Towers with Radar,26,70,58,2,156,0,18,28,8,54,26,88,86,10,210,16,0,16,226
03/03/2022,CAK,OH,AGL,CE,Towers with Radar,27,52,31,2,112,0,15,17,5,37,27,67,48,7,149,34,0,34,183
03/04/2022,CAK,OH,AGL,CE,Towers with Radar,20,53,38,1,112,0,15,30,7,52,20,68,68,8,164,32,0,32,196
03/05/2022,CAK,OH,AGL,CE,Towers with Radar,20,41,37,0,98,0,10,48,0,58,20,51,85,0,156,35,0,35,191
03/06/2022,CAK,OH,AGL,CE,Towers with Radar,19,15,31,0,65,0,0,3,0,3,19,15,34,0,68,0,0,0,68
03/07/2022,CAK,OH,AGL,CE,Towers with Radar,23,30,30,0,83,0,2,0,0,2,23,32,30,0,85,0,0,0,85
03/08/2022,CAK,OH,AGL,CE,Towers with Radar,10,56,38,10,114,0,35,30,6,71,10,91,68,16,185,82,0,82,267
03/09/2022,CAK,OH,AGL,CE,Towers with Radar,16,59,34,1,110,0,20,9,5,34,16,79,43,6,144,58,0,58,202
03/10/2022,CAK,OH,AGL,CE,Towers with Radar,18,85,50,6,159,0,26,39,6,71,18,111,89,12,230,89,0,89,319
03/11/2022,CAK,OH,AGL,CE,Towers with Radar,21,57,35,6,119,0,14,30,3,47,21,71,65,9,166,38,0,38,204
03/12/2022,CAK,OH,AGL,CE,Towers with Radar,17,26,17,1,61,0,0,0,2,2,17,26,17,3,63,0,0,0,63
03/13/2022,CAK,OH,AGL,CE,Towers with Radar,19,20,25,0,64,0,0,10,2,12,19,20,35,2,76,0,0,0,76
03/14/2022,CAK,OH,AGL,CE,Towers with Radar,22,40,32,0,94,0,9,36,0,45,22,49,68,0,139,54,0,54,193
03/15/2022,CAK,OH,AGL,CE,Towers with Radar,11,57,39,2,109,0,18,38,2,58,11,75,77,4,167,36,0,36,203
03/16/2022,CAK,OH,AGL,CE,Towers with Radar,19,52,54,7,132,0,22,79,6,107,19,74,133,13,239,22,26,48,287
03/17/2022,CAK,OH,AGL,CE,Towers with Radar,19,48,44,0,111,0,15,41,1,57,19,63,85,1,168,40,0,40,208
03/18/2022,CAK,OH,AGL,CE,Towers with Radar,19,54,30,1,104,0,16,29,1,46,19,70,59,2,150,0,0,0,150
03/19/2022,CAK,OH,AGL,CE,Towers with Radar,21,33,27,0,81,0,0,0,0,0,21,33,27,0,81,0,0,0,81
03/20/2022,CAK,OH,AGL,CE,Towers with Radar,19,21,24,0,64,0,4,14,0,18,19,25,38,0,82,20,0,20,102
03/21/2022,CAK,OH,AGL,CE,Towers with Radar,21,52,40,2,115,0,23,63,0,86,21,75,103,2,201,26,0,26,227
03/22/2022,CAK,OH,AGL,CE,Towers with Radar,6,54,31,4,95,0,10,23,4,37,6,64,54,8,132,12,0,12,144
03/23/2022,CAK,OH,AGL,CE,Towers with Radar,15,52,17,0,84,0,0,0,0,0,15,52,17,0,84,1,0,1,85
03/24/2022,CAK,OH,AGL,CE,Towers with Radar,18,72,45,2,137,0,11,18,8,37,18,83,63,10,174,3,0,3,177
03/25/2022,CAK,OH,AGL,CE,Towers with Radar,21,47,31,0,99,0,0,6,4,10,21,47,37,4,109,1,0,1,110
03/26/2022,CAK,OH,AGL,CE,Towers with Radar,22,28,15,0,65,0,0,0,0,0,22,28,15,0,65,1,0,1,66
03/27/2022,CAK,OH,AGL,CE,Towers with Radar,18,26,21,0,65,0,0,2,0,2,18,26,23,0,67,0,0,0,67
03/28/2022,CAK,OH,AGL,CE,Towers with Radar,20,33,21,1,75,0,9,6,2,17,20,42,27,3,92,24,0,24,116
03/29/2022,CAK,OH,AGL,CE,Towers with Radar,8,48,37,0,93,0,13,52,6,71,8,61,89,6,164,16,0,16,180
03/30/2022,CAK,OH,AGL,CE,Towers with Radar,21,41,31,0,93,0,2,17,6,25,21,43,48,6,118,22,0,22,140
03/31/2022,CAK,OH,AGL,CE,Towers with Radar,18,46,23,1,88,0,0,1,4,5,18,46,24,5,93,0,0,0,93
04/01/2022,CAK,OH,AGL,CE,Towers with Radar,21,32,26,1,80,0,0,7,2,9,21,32,33,3,89,2,0,2,91
04/02/2022,CAK,OH,AGL,CE,Towers with Radar,16,24,35,2,77,0,6,47,0,53,16,30,82,2,130,16,0,16,146
04/03/2022,CAK,OH,AGL,CE,Towers with Radar,13,29,30,0,72,0,0,3,0,3,13,29,33,0,75,2,0,2,77
04/04/2022,CAK,OH,AGL,CE,Towers with Radar,14,38,22,0,74,0,4,7,0,11,14,42,29,0,85,0,0,0,85
04/05/2022,CAK,OH,AGL,CE,Towers with Radar,6,60,38,0,104,0,10,26,4,40,6,70,64,4,144,12,0,12,156
04/06/2022,CAK,OH,AGL,CE,Towers with Radar,12,76,77,1,166,0,0,7,1,8,12,76,84,2,174,13,2,15,189
04/07/2022,CAK,OH,AGL,CE,Towers with Radar,16,52,52,0,120,0,6,23,0,29,16,58,75,0,149,22,0,22,171
04/08/2022,CAK,OH,AGL,CE,Towers with Radar,22,77,41,0,140,0,0,9,2,11,22,77,50,2,151,0,12,12,163
04/09/2022,CAK,OH,AGL,CE,Towers with Radar,20,30,11,0,61,0,0,0,2,2,20,30,11,2,63,0,8,8,71
04/10/2022,CAK,OH,AGL,CE,Towers with Radar,17,20,47,1,85,0,10,38,3,51,17,30,85,4,136,15,0,15,151
04/11/2022,CAK,OH,AGL,CE,Towers with Radar,21,33,22,0,76,0,0,5,0,5,21,33,27,0,81,2,0,2,83
04/12/2022,CAK,OH,AGL,CE,Towers with Radar,10,56,54,2,122,0,24,48,6,78,10,80,102,8,200,46,0,46,246
04/13/2022,CAK,OH,AGL,CE,Towers with Radar,13,55,33,0,101,0,2,14,2,18,13,57,47,2,119,8,0,8,127
04/14/2022,CAK,OH,AGL,CE,Towers with Radar,19,38,45,3,105,0,0,16,5,21,19,38,61,8,126,4,0,4,130
04/15/2022,CAK,OH,AGL,CE,Towers with Radar,21,19,31,1,72,0,2,14,3,19,21,21,45,4,91,16,0,16,107
04/16/2022,CAK,OH,AGL,CE,Towers with Radar,20,12,25,0,57,0,0,9,0,9,20,12,34,0,66,0,0,0,66
04/17/2022,CAK,OH,AGL,CE,Towers with Radar,17,16,20,0,53,0,0,19,0,19,17,16,39,0,72,0,0,0,72
04/18/2022,CAK,OH,AGL,CE,Towers with Radar,20,43,31,0,94,0,1,2,0,3,20,44,33,0,97,0,0,0,97
04/19/2022,CAK,OH,AGL,CE,Towers with Radar,12,37,28,1,78,0,0,0,1,1,12,37,28,2,79,0,0,0,79
04/20/2022,CAK,OH,AGL,CE,Towers with Radar,12,71,73,0,156,0,21,54,12,87,12,92,127,12,243,24,12,36,279
04/21/2022,CAK,OH,AGL,CE,Towers with Radar,22,43,46,2,113,0,2,6,6,14,22,45,52,8,127,0,0,0,127
04/22/2022,CAK,OH,AGL,CE,Towers with Radar,17,48,53,0,118,0,31,49,4,84,17,79,102,4,202,66,0,66,268
04/23/2022,CAK,OH,AGL,CE,Towers with Radar,12,30,35,0,77,0,18,45,0,63,12,48,80,0,140,12,0,12,152
04/24/2022,CAK,OH,AGL,CE,Towers with Radar,20,23,29,0,72,0,1,31,0,32,20,24,60,0,104,12,0,12,116
04/25/2022,CAK,OH,AGL,CE,Towers with Radar,17,41,34,6,98,0,5,8,3,16,17,46,42,9,114,10,0,10,124
04/26/2022,CAK,OH,AGL,CE,Towers with Radar,8,58,32,4,102,0,12,24,2,38,8,70,56,6,140,22,0,22,162
04/27/2022,CAK,OH,AGL,CE,Towers with Radar,11,49,44,0,104,0,9,16,8,33,11,58,60,8,137,24,0,24,161
04/28/2022,CAK,OH,AGL,CE,Towers with Radar,20,50,48,1,119,0,28,31,3,62,20,78,79,4,181,4,0,4,185
04/29/2022,CAK,OH,AGL,CE,Towers with Radar,18,59,48,0,125,0,13,51,0,64,18,72,99,0,189,30,0,30,219
04/30/2022,CAK,OH,AGL,CE,Towers with Radar,13,38,37,0,88,0,18,41,0,59,13,56,78,0,147,56,0,56,203
05/01/2022,CAK,OH,AGL,CE,Towers with Radar,19,21,24,0,64,0,0,6,0,6,19,21,30,0,70,24,0,24,94
05/02/2022,CAK,OH,AGL,CE,Towers with Radar,16,51,42,1,110,0,19,27,0,46,16,70,69,1,156,22,0,22,178
05/03/2022,CAK,OH,AGL,CE,Towers with Radar,9,44,27,0,80,0,3,12,1,16,9,47,39,1,96,6,0,6,102
05/04/2022,CAK,OH,AGL,CE,Towers with Radar,15,71,44,1,131,0,1,1,0,2,15,72,45,1,133,0,0,0,133
05/05/2022,CAK,OH,AGL,CE,Towers with Radar,16,65,56,0,137,0,15,34,0,49,16,80,90,0,186,6,0,6,192
05/06/2022,CAK,OH,AGL,CE,Towers with Radar,13,45,34,0,92,0,0,0,0,0,13,45,34,0,92,0,0,0,92
05/07/2022,CAK,OH,AGL,CE,Towers with Radar,18,25,24,0,67,0,2,6,0,8,18,27,30,0,75,18,0,18,93
05/08/2022,CAK,OH,AGL,CE,Towers with Radar,21,20,22,0,63,0,6,32,0,38,21,26,54,0,101,24,0,24,125
05/09/2022,CAK,OH,AGL,CE,Towers with Radar,14,44,40,0,98,0,8,37,0,45,14,52,77,0,143,0,0,0,143
05/10/2022,CAK,OH,AGL,CE,Towers with Radar,9,69,47,2,127,0,8,42,4,54,9,77,89,6,181,14,0,14,195
05/11/2022,CAK,OH,AGL,CE,Towers with Radar,11,59,49,0,119,0,7,62,6,75,11,66,111,6,194,34,0,34,228
05/12/2022,CAK,OH,AGL,CE,Towers with Radar,18,48,32,4,102,0,8,54,5,67,18,56,86,9,169,4,0,4,173
05/13/2022,CAK,OH,AGL,CE,Towers with Radar,14,67,34,0,115,0,5,35,4,44,14,72,69,4,159,6,0,6,165
05/14/2022,CAK,OH,AGL,CE,Towers with Radar,15,26,27,0,68,0,0,13,0,13,15,26,40,0,81,12,0,12,93
05/15/2022,CAK,OH,AGL,CE,Towers with Radar,12,28,41,0,81,0,3,28,0,31,12,31,69,0,112,16,0,16,128
05/16/2022,CAK,OH,AGL,CE,Towers with Radar,18,54,33,0,105,0,2,14,0,16,18,56,47,0,121,14,0,14,135
05/17/2022,CAK,OH,AGL,CE,Towers with Radar,7,62,59,2,130,0,19,42,4,65,7,81,101,6,195,32,0,32,227
05/18/2022,CAK,OH,AGL,CE,Towers with Radar,12,69,33,0,114,0,14,26,0,40,12,83,59,0,154,10,0,10,164
05/19/2022,CAK,OH,AGL,CE,Towers with Radar,20,62,38,1,121,0,12,22,10,44,20,74,60,11,165,18,0,18,183
05/20/2022,CAK,OH,AGL,CE,Towers with Radar,13,45,38,1,97,0,2,5,1,8,13,47,43,2,105,0,0,0,105
05/21/2022,CAK,OH,AGL,CE,Towers with Radar,13,23,21,0,57,0,0,25,0,25,13,23,46,0,82,0,0,0,82
05/22/2022,CAK,OH,AGL,CE,Towers with Radar,19,25,32,0,76,0,2,9,0,11,19,27,41,0,87,0,0,0,87
05/23/2022,CAK,OH,AGL,CE,Towers with Radar,11,52,41,0,104,0,10,48,0,58,11,62,89,0,162,6,0,6,168
05/24/2022,CAK,OH,AGL,CE,Towers with Radar,8,58,34,3,103,0,21,41,3,65,8,79,75,6,168,38,0,38,206
05/25/2022,CAK,OH,AGL,CE,Towers with Radar,11,67,42,5,125,0,10,40,13,63,11,77,82,18,188,6,0,6,194
05/26/2022,CAK,OH,AGL,CE,Towers with Radar,19,54,40,0,113,0,1,8,0,9,19,55,48,0,122,10,0,10,132
05/27/2022,CAK,OH,AGL,CE,Towers with Radar,13,41,27,0,81,0,1,0,0,1,13,42,27,0,82,0,0,0,82
05/28/2022,CAK,OH,AGL,CE,Towers with Radar,18,23,23,0,64,0,9,24,0,33,18,32,47,0,97,30,0,30,127
05/29/2022,CAK,OH,AGL,CE,Towers with Radar,21,24,21,0,66,0,9,30,0,39,21,33,51,0,105,10,0,10,115
05/30/2022,CAK,OH,AGL,CE,Towers with Radar,14,20,29,0,63,0,1,29,0,30,14,21,58,0,93,28,0,28,121
05/31/2022,CAK,OH,AGL,CE,Towers with Radar,9,49,39,2,99,0,14,27,3,44,9,63,66,5,143,2,0,2,145
06/01/2022,CAK,OH,AGL,CE,Towers with Radar,11,48,40,2,101,0,5,29,3,37,11,53,69,5,138,8,0,8,146
06/02/2022,CAK,OH,AGL,CE,Towers with Radar,21,77,32,1,131,0,8,7,0,15,21,85,39,1,146,26,0,26,172
06/03/2022,CAK,OH,AGL,CE,Towers with Radar,19,49,46,4,118,0,16,48,2,66,19,65,94,6,184,12,0,12,196
06/04/2022,CAK,OH,AGL,CE,Towers with Radar,17,23,41,0,81,0,6,63,0,69,17,29,104,0,150,1,0,1,151
06/05/2022,CAK,OH,AGL,CE,Towers with Radar,18,26,41,0,85,0,3,30,0,33,18,29,71,0,118,20,0,20,138
06/06/2022,CAK,OH,AGL,CE,Towers with Radar,19,34,40,0,93,0,2,23,1,26,19,36,63,1,119,2,0,2,121
06/07/2022,CAK,OH,AGL,CE,Towers with Radar,11,54,45,1,111,0,0,1,0,1,11,54,46,1,112,2,0,2,114
06/08/2022,CAK,OH,AGL,CE,Towers with Radar,15,61,37,0,113,0,10,33,2,45,15,71,70,2,158,8,0,8,166
06/09/2022,CAK,OH,AGL,CE,Towers with Radar,22,42,48,2,114,0,4,19,6,29,22,46,67,8,143,28,0,28,171
06/10/2022,CAK,OH,AGL,CE,Towers with Radar,18,52,51,3,124,0,10,45,7,62,18,62,96,10,186,8,2,10,196
06/11/2022,CAK,OH,AGL,CE,Towers with Radar,17,34,34,4,89,0,4,36,0,40,17,38,70,4,129,24,0,24,153
06/12/2022,CAK,OH,AGL,CE,Towers with Radar,22,21,22,1,66,0,2,7,2,11,22,23,29,3,77,10,8,18,95
06/13/2022,CAK,OH,AGL,CE,Towers with Radar,19,41,38,1,99,0,4,21,1,26,19,45,59,2,125,10,0,10,135
06/14/2022,CAK,OH,AGL,CE,Towers with Radar,10,62,42,0,114,0,8,15,4,27,10,70,57,4,141,6,0,6,147
06/15/2022,CAK,OH,AGL,CE,Towers with Radar,17,53,35,2,107,0,2,30,6,38,17,55,65,8,145,8,0,8,153
06/16/2022,CAK,OH,AGL,CE,Towers with Radar,17,47,28,0,92,1,7,19,0,27,18,54,47,0,119,5,0,5,124
06/17/2022,CAK,OH,AGL,CE,Towers with Radar,18,43,32,0,93,0,11,27,0,38,18,54,59,0,131,2,0,2,133
06/18/2022,CAK,OH,AGL,CE,Towers with Radar,21,23,24,0,68,0,11,20,0,31,21,34,44,0,99,12,0,12,111
06/19/2022,CAK,OH,AGL,CE,Towers with Radar,18,27,28,0,73,0,4,52,0,56,18,31,80,0,129,6,0,6,135
06/20/2022,CAK,OH,AGL,CE,Towers with Radar,21,29,40,0,90,0,2,25,0,27,21,31,65,0,117,14,0,14,131
06/21/2022,CAK,OH,AGL,CE,Towers with Radar,13,58,41,0,112,0,20,20,0,40,13,78,61,0,152,6,0,6,158
06/22/2022,CAK,OH,AGL,CE,Towers with Radar,16,56,48,1,121,0,2,37,7,46,16,58,85,8,167,16,0,16,183
06/23/2022,CAK,OH,AGL,CE,Towers with Radar,20,52,47,2,121,0,20,38,9,67,20,72,85,11,188,28,0,28,216
06/24/2022,CAK,OH,AGL,CE,Towers with Radar,20,60,47,2,129,0,20,59,9,88,20,80,106,11,217,42,0,42,259
06/25/2022,CAK,OH,AGL,CE,Towers with Radar,21,19,50,0,90,0,11,47,0,58,21,30,97,0,148,46,0,46,194
06/26/2022,CAK,OH,AGL,CE,Towers with Radar,20,26,23,0,69,0,1,12,0,13,20,27,35,0,82,2,0,2,84
06/27/2022,CAK,OH,AGL,CE,Towers with Radar,17,47,43,1,108,0,5,34,1,40,17,52,77,2,148,10,0,10,158
06/28/2022,CAK,OH,AGL,CE,Towers with Radar,11,57,45,1,114,0,20,38,7,65,11,77,83,8,179,26,4,30,209
06/29/2022,CAK,OH,AGL,CE,Towers with Radar,17,53,43,3,116,0,12,42,3,57,17,65,85,6,173,40,0,40,213
06/30/2022,CAK,OH,AGL,CE,Towers with Radar,19,39,43,1,102,0,17,41,5,63,19,56,84,6,165,22,0,22,187
07/01/2022,CAK,OH,AGL,CE,Towers with Radar,15,34,35,0,84,0,4,34,2,40,15,38,69,2,124,22,0,22,146
07/02/2022,CAK,OH,AGL,CE,Towers with Radar,13,13,48,0,74,0,2,20,0,22,13,15,68,0,96,28,0,28,124
07/03/2022,CAK,OH,AGL,CE,Towers with Radar,22,11,26,0,59,0,7,33,0,40,22,18,59,0,99,0,0,0,99
07/04/2022,CAK,OH,AGL,CE,Towers with Radar,15,18,14,0,47,0,5,19,0,24,15,23,33,0,71,6,0,6,77
07/05/2022,CAK,OH,AGL,CE,Towers with Radar,14,40,19,0,73,0,1,9,0,10,14,41,28,0,83,4,0,4,87
07/06/2022,CAK,OH,AGL,CE,Towers with Radar,16,39,18,0,73,0,2,8,0,10,16,41,26,0,83,20,0,20,103
07/07/2022,CAK,OH,AGL,CE,Towers with Radar,24,71,45,2,142,0,6,40,7,53,24,77,85,9,195,10,0,10,205
07/08/2022,CAK,OH,AGL,CE,Towers with Radar,15,49,38,0,102,0,14,63,0,77,15,63,101,0,179,32,0,32,211
07/09/2022,CAK,OH,AGL,CE,Towers with Radar,17,24,42,0,83,0,8,37,0,45,17,32,79,0,128,34,0,34,162
07/10/2022,CAK,OH,AGL,CE,Towers with Radar,23,28,35,0,86,0,3,46,0,49,23,31,81,0,135,22,0,22,157
07/11/2022,CAK,OH,AGL,CE,Towers with Radar,18,38,32,1,89,0,6,28,0,34,18,44,60,1,123,33,0,33,156
07/12/2022,CAK,OH,AGL,CE,Towers with Radar,10,36,22,1,69,0,3,26,6,35,10,39,48,7,104,30,0,30,134
07/13/2022,CAK,OH,AGL,CE,Towers with Radar,15,39,34,2,90,0,9,26,2,37,15,48,60,4,127,4,0,4,131
07/14/2022,CAK,OH,AGL,CE,Towers with Radar,20,51,48,3,122,0,13,18,13,44,20,64,66,16,166,22,0,22,188
07/15/2022,CAK,OH,AGL,CE,Towers with Radar,15,48,48,2,113,0,13,43,3,59,15,61,91,5,172,42,0,42,214
07/16/2022,CAK,OH,AGL,CE,Towers with Radar,15,28,35,2,80,0,0,7,0,7,15,28,42,2,87,2,0,2,89
07/17/2022,CAK,OH,AGL,CE,Towers with Radar,22,17,34,0,73,0,0,6,0,6,22,17,40,0,79,0,0,0,79
07/18/2022,CAK,OH,AGL,CE,Towers with Radar,13,49,29,0,91,0,6,14,2,22,13,55,43,2,113,20,0,20,133
07/19/2022,CAK,OH,AGL,CE,Towers with Radar,10,43,46,2,101,0,14,39,12,65,10,57,85,14,166,10,0,10,176
07/20/2022,CAK,OH,AGL,CE,Towers with Radar,17,53,43,2,115,0,6,26,4,36,17,59,69,6,151,0,0,0,151
07/21/2022,CAK,OH,AGL,CE,Towers with Radar,20,40,43,2,105,0,5,31,6,42,20,45,74,8,147,12,0,12,159
07/22/2022,CAK,OH,AGL,CE,Towers with Radar,17,42,34,0,93,0,5,37,6,48,17,47,71,6,141,14,0,14,155
07/23/2022,CAK,OH,AGL,CE,Towers with Radar,18,27,26,0,71,0,3,11,2,16,18,30,37,2,87,28,0,28,115
07/24/2022,CAK,OH,AGL,CE,Towers with Radar,21,20,28,0,69,0,0,10,2,12,21,20,38,2,81,0,0,0,81
07/25/2022,CAK,OH,AGL,CE,Towers with Radar,15,46,45,0,106,0,4,30,0,34,15,50,75,0,140,22,0,22,162
07/26/2022,CAK,OH,AGL,CE,Towers with Radar,9,49,52,9,119,0,5,23,8,36,9,54,75,17,155,14,0,14,169
07/27/2022,CAK,OH,AGL,CE,Towers with Radar,17,43,38,0,98,0,0,1,0,1,17,43,39,0,99,0,1,1,100
07/28/2022,CAK,OH,AGL,CE,Towers with Radar,19,39,47,1,106,0,11,28,5,44,19,50,75,6,150,8,0,8,158
07/29/2022,CAK,OH,AGL,CE,Towers with Radar,16,39,32,0,87,0,10,42,0,52,16,49,74,0,139,0,0,0,139
07/30/2022,CAK,OH,AGL,CE,Towers with Radar,14,15,28,0,57,0,4,43,0,47,14,19,71,0,104,20,0,20,124
07/31/2022,CAK,OH,AGL,CE,Towers with Radar,21,18,26,0,65,0,0,20,0,20,21,18,46,0,85,0,0,0,85
08/01/2022,CAK,OH,AGL,CE,Towers with Radar,19,22,37,0,78,0,0,6,0,6,19,22,43,0,84,0,0,0,84
08/02/2022,CAK,OH,AGL,CE,Towers with Radar,10,39,47,2,98,0,8,28,4,40,10,47,75,6,138,6,0,6,144
08/03/2022,CAK,OH,AGL,CE,Towers with Radar,16,35,49,2,102,0,21,28,6,55,16,56,77,8,157,32,0,32,189
08/04/2022,CAK,OH,AGL,CE,Towers with Radar,18,55,31,0,104,0,0,8,2,10,18,55,39,2,114,0,0,0,114
08/05/2022,CAK,OH,AGL,CE,Towers with Radar,17,59,49,2,127,0,0,21,0,21,17,59,70,2,148,20,0,20,168
08/06/2022,CAK,OH,AGL,CE,Towers with Radar,13,50,39,0,102,0,1,6,0,7,13,51,45,0,109,0,0,0,109
08/07/2022,CAK,OH,AGL,CE,Towers with Radar,22,35,39,0,96,0,0,9,2,11,22,35,48,2,107,0,0,0,107
08/08/2022,CAK,OH,AGL,CE,Towers with Radar,16,60,43,3,122,0,2,9,2,13,16,62,52,5,135,0,0,0,135
08/09/2022,CAK,OH,AGL,CE,Towers with Radar,8,56,50,3,117,0,0,2,1,3,8,56,52,4,120,22,0,22,142
08/10/2022,CAK,OH,AGL,CE,Towers with Radar,14,49,48,0,111,0,16,30,0,46,14,65,78,0,157,38,0,38,195
08/11/2022,CAK,OH,AGL,CE,Towers with Radar,23,65,63,2,153,0,13,42,4,59,23,78,105,6,212,22,0,22,234
08/12/2022,CAK,OH,AGL,CE,Towers with Radar,17,46,42,2,107,0,9,59,2,70,17,55,101,4,177,0,0,0,177
08/13/2022,CAK,OH,AGL,CE,Towers with Radar,16,19,25,0,60,0,0,42,0,42,16,19,67,0,102,6,0,6,108
08/14/2022,CAK,OH,AGL,CE,Towers with Radar,20,11,38,1,70,0,2,8,1,11,20,13,46,2,81,0,0,0,81
08/15/2022,CAK,OH,AGL,CE,Towers with Radar,17,36,48,0,101,0,7,20,0,27,17,43,68,0,128,4,0,4,132
08/16/2022,CAK,OH,AGL,CE,Towers with Radar,8,49,31,0,88,0,0,17,0,17,8,49,48,0,105,2,0,2,107
08/17/2022,CAK,OH,AGL,CE,Towers with Radar,10,55,40,1,106,0,13,23,4,40,10,68,63,5,146,12,0,12,158
08/18/2022,CAK,OH,AGL,CE,Towers with Radar,17,52,28,1,98,0,5,24,7,36,17,57,52,8,134,0,0,0,134
08/19/2022,CAK,OH,AGL,CE,Towers with Radar,17,52,43,2,114,0,6,54,3,63,17,58,97,5,177,34,0,34,211
08/20/2022,CAK,OH,AGL,CE,Towers with Radar,12,18,35,0,65,0,3,27,2,32,12,21,62,2,97,42,0,42,139
08/21/2022,CAK,OH,AGL,CE,Towers with Radar,15,18,35,0,68,0,0,0,0,0,15,18,35,0,68,0,0,0,68
08/22/2022,CAK,OH,AGL,CE,Towers with Radar,13,37,24,0,74,0,1,9,0,10,13,38,33,0,84,0,0,0,84
08/23/2022,CAK,OH,AGL,CE,Towers with Radar,9,44,31,5,89,0,6,28,1,35,9,50,59,6,124,12,0,12,136
08/24/2022,CAK,OH,AGL,CE,Towers with Radar,11,52,53,0,116,0,7,66,6,79,11,59,119,6,195,48,0,48,243
08/25/2022,CAK,OH,AGL,CE,Towers with Radar,16,49,37,0,102,0,8,59,2,69,16,57,96,2,171,20,0,20,191
08/26/2022,CAK,OH,AGL,CE,Towers with Radar,15,35,35,0,85,0,6,20,0,26,15,41,55,0,111,14,0,14,125
08/27/2022,CAK,OH,AGL,CE,Towers with Radar,18,30,36,0,84,0,2,43,0,45,18,32,79,0,129,12,0,12,141
08/28/2022,CAK,OH,AGL,CE,Towers with Radar,16,20,38,0,74,0,0,43,0,43,16,20,81,0,117,28,0,28,145
08/29/2022,CAK,OH,AGL,CE,Towers with Radar,12,44,44,0,100,0,0,17,0,17,12,44,61,0,117,12,0,12,129
08/30/2022,CAK,OH,AGL,CE,Towers with Radar,7,45,51,6,109,0,3,12,0,15,7,48,63,6,124,28,0,28,152
08/31/2022,CAK,OH,AGL,CE,Towers with Radar,13,51,40,0,104,0,5,44,6,55,13,56,84,6,159,36,0,36,195
09/01/2022,CAK,OH,AGL,CE,Towers with Radar,18,60,52,2,132,0,8,50,3,61,18,68,102,5,193,38,0,38,231
09/02/2022,CAK,OH,AGL,CE,Towers with Radar,12,53,29,4,98,0,18,45,3,66,12,71,74,7,164,44,0,44,208
09/03/2022,CAK,OH,AGL,CE,Towers with Radar,14,23,25,0,62,0,0,17,0,17,14,23,42,0,79,0,0,0,79
09/04/2022,CAK,OH,AGL,CE,Towers with Radar,16,14,14,0,44,0,0,3,0,3,16,14,17,0,47,0,0,0,47
09/05/2022,CAK,OH,AGL,CE,Towers with Radar,12,15,22,0,49,0,0,1,0,1,12,15,23,0,50,0,0,0,50
09/06/2022,CAK,OH,AGL,CE,Towers with Radar,6,58,49,2,115,0,2,0,1,3,6,60,49,3,118,0,8,8,126
09/07/2022,CAK,OH,AGL,CE,Towers with Radar,9,51,54,0,114,0,4,23,0,27,9,55,77,0,141,4,0,4,145
09/08/2022,CAK,OH,AGL,CE,Towers with Radar,21,58,41,3,123,0,11,43,11,65,21,69,84,14,188,18,4,22,210
09/09/2022,CAK,OH,AGL,CE,Towers with Radar,18,46,45,1,110,0,8,57,3,68,18,54,102,4,178,0,0,0,178
09/10/2022,CAK,OH,AGL,CE,Towers with Radar,14,21,28,0,63,0,6,48,18,72,14,27,76,18,135,8,0,8,143
09/11/2022,CAK,OH,AGL,CE,Towers with Radar,20,21,50,1,92,0,0,0,0,0,20,21,50,1,92,0,0,0,92
09/12/2022,CAK,OH,AGL,CE,Towers with Radar,16,33,62,2,113,0,4,23,0,27,16,37,85,2,140,30,0,30,170
09/13/2022,CAK,OH,AGL,CE,Towers with Radar,9,58,54,2,123,0,2,14,2,18,9,60,68,4,141,10,0,10,151
09/14/2022,CAK,OH,AGL,CE,Towers with Radar,8,41,53,1,103,0,2,20,5,27,8,43,73,6,130,2,0,2,132
09/15/2022,CAK,OH,AGL,CE,Towers with Radar,20,56,62,0,138,0,6,51,4,61,20,62,113,4,199,42,0,42,241
09/16/2022,CAK,OH,AGL,CE,Towers with Radar,19,66,40,0,125,0,5,65,6,76,19,71,105,6,201,6,0,6,207
09/17/2022,CAK,OH,AGL,CE,Towers with Radar,12,32,28,0,72,0,4,42,0,46,12,36,70,0,118,12,0,12,130
09/18/2022,CAK,OH,AGL,CE,Towers with Radar,23,29,37,0,89,0,9,30,0,39,23,38,67,0,128,10,0,10,138
09/19/2022,CAK,OH,AGL,CE,Towers with Radar,16,35,43,0,94,0,3,13,0,16,16,38,56,0,110,16,0,16,126
09/20/2022,CAK,OH,AGL,CE,Towers with Radar,6,41,29,3,79,0,8,39,7,54,6,49,68,10,133,16,0,16,149
09/21/2022,CAK,OH,AGL,CE,Towers with Radar,9,40,39,2,90,0,2,30,3,35,9,42,69,5,125,26,0,26,151
09/22/2022,CAK,OH,AGL,CE,Towers with Radar,20,38,43,0,101,0,0,13,5,18,20,38,56,5,119,0,0,0,119
09/23/2022,CAK,OH,AGL,CE,Towers with Radar,21,47,42,0,110,0,7,35,1,43,21,54,77,1,153,14,0,14,167
09/24/2022,CAK,OH,AGL,CE,Towers with Radar,13,23,19,0,55,0,3,47,0,50,13,26,66,0,105,14,0,14,119
09/25/2022,CAK,OH,AGL,CE,Towers with Radar,20,21,28,0,69,0,0,10,0,10,20,21,38,0,79,6,0,6,85
09/26/2022,CAK,OH,AGL,CE,Towers with Radar,17,27,36,0,80,0,0,10,0,10,17,27,46,0,90,0,0,0,90
09/27/2022,CAK,OH,AGL,CE,Towers with Radar,7,33,40,1,81,0,0,4,1,5,7,33,44,2,86,0,0,0,86
09/28/2022,CAK,OH,AGL,CE,Towers with Radar,8,56,62,0,126,0,0,3,1,4,8,56,65,1,130,0,0,0,130
09/29/2022,CAK,OH,AGL,CE,Towers with Radar,19,62,44,2,127,0,6,40,2,48,19,68,84,4,175,28,0,28,203
09/30/2022,CAK,OH,AGL,CE,Towers with Radar,13,45,31,0,89,0,10,39,0,49,13,55,70,0,138,0,0,0,138
10/01/2022,CAK,OH,AGL,CE,Towers with Radar,9,21,24,0,54,0,1,12,0,13,9,22,36,0,67,0,0,0,67
10/02/2022,CAK,OH,AGL,CE,Towers with Radar,22,12,37,0,71,0,1,16,0,17,22,13,53,0,88,8,0,8,96
10/03/2022,CAK,OH,AGL,CE,Towers with Radar,24,37,50,2,113,0,6,56,0,62,24,43,106,2,175,14,0,14,189
10/04/2022,CAK,OH,AGL,CE,Towers with Radar,6,44,47,0,97,0,6,29,5,40,6,50,76,5,137,4,0,4,141
10/05/2022,CAK,OH,AGL,CE,Towers with Radar,8,57,43,1,109,0,10,42,2,54,8,67,85,3,163,12,0,12,175
10/06/2022,CAK,OH,AGL,CE,Towers with Radar,22,61,46,0,129,0,13,32,10,55,22,74,78,10,184,6,0,6,190
10/07/2022,CAK,OH,AGL,CE,Towers with Radar,15,65,56,2,138,0,0,16,0,16,15,65,72,2,154,0,0,0,154
10/08/2022,CAK,OH,AGL,CE,Towers with Radar,8,23,24,0,55,0,3,39,0,42,8,26,63,0,97,0,0,0,97
10/09/2022,CAK,OH,AGL,CE,Towers with Radar,21,22,40,0,83,0,12,36,0,48,21,34,76,0,131,2,0,2,133
10/10/2022,CAK,OH,AGL,CE,Towers with Radar,12,24,52,0,88,0,5,36,0,41,12,29,88,0,129,0,0,0,129
10/11/2022,CAK,OH,AGL,CE,Towers with Radar,10,39,75,2,126,0,4,51,5,60,10,43,126,7,186,6,0,6,192
10/12/2022,CAK,OH,AGL,CE,Towers with Radar,14,33,45,2,94,0,8,23,3,34,14,41,68,5,128,6,0,6,134
10/13/2022,CAK,OH,AGL,CE,Towers with Radar,24,35,31,5,95,0,2,14,6,22,24,37,45,11,117,0,0,0,117
10/14/2022,CAK,OH,AGL,CE,Towers with Radar,15,41,37,0,93,0,3,25,2,30,15,44,62,2,123,20,0,20,143
10/15/2022,CAK,OH,AGL,CE,Towers with Radar,8,10,30,0,48,0,1,31,0,32,8,11,61,0,80,38,0,38,118
10/16/2022,CAK,OH,AGL,CE,Towers with Radar,22,28,37,2,89,0,0,28,0,28,22,28,65,2,117,0,0,0,117
10/17/2022,CAK,OH,AGL,CE,Towers with Radar,14,34,27,0,75,0,0,20,0,20,14,34,47,0,95,14,0,14,109
10/18/2022,CAK,OH,AGL,CE,Towers with Radar,6,37,31,0,74,0,0,3,5,8,6,37,34,5,82,8,0,8,90
10/19/2022,CAK,OH,AGL,CE,Towers with Radar,6,36,26,0,68,0,0,1,6,7,6,36,27,6,75,2,0,2,77
10/20/2022,CAK,OH,AGL,CE,Towers with Radar,22,51,47,1,121,0,4,35,13,52,22,55,82,14,173,30,0,30,203
10/21/2022,CAK,OH,AGL,CE,Towers with Radar,15,43,45,0,103,0,12,45,6,63,15,55,90,6,166,20,0,20,186
10/22/2022,CAK,OH,AGL,CE,Towers with Radar,8,46,26,2,82,0,4,44,0,48,8,50,70,2,130,18,0,18,148
10/23/2022,CAK,OH,AGL,CE,Towers with Radar,20,29,40,0,89,0,8,54,0,62,20,37,94,0,151,16,0,16,167
10/24/2022,CAK,OH,AGL,CE,Towers with Radar,15,44,34,0,93,0,6,35,0,41,15,50,69,0,134,6,0,6,140
10/25/2022,CAK,OH,AGL,CE,Towers with Radar,6,43,44,9,102,0,3,45,7,55,6,46,89,16,157,16,0,16,173
10/26/2022,CAK,OH,AGL,CE,Towers with Radar,10,46,18,0,74,0,0,0,0,0,10,46,18,0,74,4,0,4,78
10/27/2022,CAK,OH,AGL,CE,Towers with Radar,23,69,60,0,152,0,13,48,0,61,23,82,108,0,213,52,0,52,265
10/28/2022,CAK,OH,AGL,CE,Towers with Radar,14,63,39,0,116,0,9,39,2,50,14,72,78,2,166,16,0,16,182
10/29/2022,CAK,OH,AGL,CE,Towers with Radar,6,22,16,0,44,0,2,35,0,37,6,24,51,0,81,8,0,8,89
10/30/2022,CAK,OH,AGL,CE,Towers with Radar,21,17,19,0,57,0,2,30,0,32,21,19,49,0,89,12,0,12,101
10/31/2022,CAK,OH,AGL,CE,Towers with Radar,19,53,31,0,103,0,0,1,0,1,19,53,32,0,104,2,0,2,106
11/01/2022,CAK,OH,AGL,CE,Towers with Radar,5,48,27,3,83,0,0,2,2,4,5,48,29,5,87,16,0,16,103
11/02/2022,CAK,OH,AGL,CE,Towers with Radar,10,57,44,2,113,0,4,29,3,36,10,61,73,5,149,58,0,58,207
11/03/2022,CAK,OH,AGL,CE,Towers with Radar,22,45,39,0,106,0,4,29,4,37,22,49,68,4,143,4,0,4,147
11/04/2022,CAK,OH,AGL,CE,Towers with Radar,16,30,43,2,91,0,5,43,5,53,16,35,86,7,144,0,0,0,144
11/05/2022,CAK,OH,AGL,CE,Towers with Radar,12,16,17,4,49,0,2,4,1,7,12,18,21,5,56,0,0,0,56
11/06/2022,CAK,OH,AGL,CE,Towers with Radar,20,20,38,2,80,0,0,27,0,27,20,20,65,2,107,0,0,0,107
11/07/2022,CAK,OH,AGL,CE,Towers with Radar,20,49,40,0,109,0,16,50,0,66,20,65,90,0,175,10,0,10,185
11/08/2022,CAK,OH,AGL,CE,Towers with Radar,6,48,51,0,105,0,13,29,8,50,6,61,80,8,155,16,0,16,171
11/09/2022,CAK,OH,AGL,CE,Towers with Radar,14,39,68,1,122,0,9,56,9,74,14,48,124,10,196,20,0,20,216
11/10/2022,CAK,OH,AGL,CE,Towers with Radar,20,55,51,0,126,0,7,42,1,50,20,62,93,1,176,22,0,22,198
11/11/2022,CAK,OH,AGL,CE,Towers with Radar,22,30,30,0,82,0,0,0,0,0,22,30,30,0,82,0,0,0,82
11/12/2022,CAK,OH,AGL,CE,Towers with Radar,7,19,18,0,44,0,0,0,0,0,7,19,18,0,44,0,0,0,44
11/13/2022,CAK,OH,AGL,CE,Towers with Radar,24,21,36,0,81,0,0,15,0,15,24,21,51,0,96,6,0,6,102
11/14/2022,CAK,OH,AGL,CE,Towers with Radar,19,36,38,2,95,0,4,26,2,32,19,40,64,4,127,2,0,2,129
11/15/2022,CAK,OH,AGL,CE,Towers with Radar,6,36,26,0,68,0,2,21,7,30,6,38,47,7,98,0,0,0,98
11/16/2022,CAK,OH,AGL,CE,Towers with Radar,10,38,23,0,71,0,0,5,0,5,10,38,28,0,76,0,0,0,76
11/17/2022,CAK,OH,AGL,CE,Towers with Radar,23,40,35,1,99,0,0,6,3,9,23,40,41,4,108,6,0,6,114
11/18/2022,CAK,OH,AGL,CE,Towers with Radar,15,43,25,0,83,0,0,0,0,0,15,43,25,0,83,0,0,0,83
11/19/2022,CAK,OH,AGL,CE,Towers with Radar,9,19,21,0,49,0,0,11,10,21,9,19,32,10,70,10,0,10,80
11/20/2022,CAK,OH,AGL,CE,Towers with Radar,24,13,19,1,57,0,4,15,0,19,24,17,34,1,76,8,0,8,84
11/21/2022,CAK,OH,AGL,CE,Towers with Radar,20,30,26,2,78,0,0,20,0,20,20,30,46,2,98,10,0,10,108
11/22/2022,CAK,OH,AGL,CE,Towers with Radar,22,68,32,1,123,0,4,38,6,48,22,72,70,7,171,28,0,28,199
11/23/2022,CAK,OH,AGL,CE,Towers with Radar,17,35,40,0,92,0,7,55,0,62,17,42,95,0,154,34,0,34,188
11/24/2022,CAK,OH,AGL,CE,Towers with Radar,6,14,5,0,25,0,0,17,0,17,6,14,22,0,42,4,0,4,46
11/25/2022,CAK,OH,AGL,CE,Towers with Radar,15,28,13,0,56,0,0,7,0,7,15,28,20,0,63,6,0,6,69
11/26/2022,CAK,OH,AGL,CE,Towers with Radar,17,22,31,0,70,0,0,31,0,31,17,22,62,0,101,6,0,6,107
11/27/2022,CAK,OH,AGL,CE,Towers with Radar,19,19,32,0,70,0,0,0,2,2,19,19,32,2,72,0,0,0,72
11/28/2022,CAK,OH,AGL,CE,Towers with Radar,16,27,38,0,81,0,0,2,0,2,16,27,40,0,83,0,0,0,83
11/29/2022,CAK,OH,AGL,CE,Towers with Radar,10,50,47,1,108,0,2,20,5,27,10,52,67,6,135,4,0,4,139
11/30/2022,CAK,OH,AGL,CE,Towers with Radar,8,28,15,2,53,0,1,2,3,6,8,29,17,5,59,0,0,0,59
12/01/2022,CAK,OH,AGL,CE,Towers with Radar,19,61,29,1,110,0,1,25,8,34,19,62,54,9,144,0,0,0,144
12/02/2022,CAK,OH,AGL,CE,Towers with Radar,19,46,35,0,100,0,4,23,4,31,19,50,58,4,131,2,0,2,133
12/03/2022,CAK,OH,AGL,CE,Towers with Radar,7,21,16,0,44,0,0,3,0,3,7,21,19,0,47,0,0,0,47
12/04/2022,CAK,OH,AGL,CE,Towers with Radar,22,29,33,0,84,1,3,34,0,38,23,32,67,0,122,10,0,10,132
12/05/2022,CAK,OH,AGL,CE,Towers with Radar,22,42,36,0,100,0,9,37,0,46,22,51,73,0,146,22,0,22,168
12/06/2022,CAK,OH,AGL,CE,Towers with Radar,4,22,40,0,66,0,0,0,0,0,4,22,40,0,66,0,0,0,66
12/07/2022,CAK,OH,AGL,CE,Towers with Radar,7,19,22,0,48,0,0,0,0,0,7,19,22,0,48,0,0,0,48
12/08/2022,CAK,OH,AGL,CE,Towers with Radar,26,45,44,3,118,0,0,0,7,7,26,45,44,10,125,0,0,0,125
12/09/2022,CAK,OH,AGL,CE,Towers with Radar,18,44,31,2,95,0,0,49,0,49,18,44,80,2,144,24,0,24,168
12/10/2022,CAK,OH,AGL,CE,Towers with Radar,10,15,16,0,41,0,0,0,0,0,10,15,16,0,41,0,0,0,41
12/11/2022,CAK,OH,AGL,CE,Towers with Radar,20,19,20,0,59,0,2,4,1,7,20,21,24,1,66,0,0,0,66
12/12/2022,CAK,OH,AGL,CE,Towers with Radar,22,27,35,0,84,0,2,4,1,7,22,29,39,1,91,6,0,6,97
12/13/2022,CAK,OH,AGL,CE,Towers with Radar,7,63,43,1,114,0,3,45,9,57,7,66,88,10,171,20,0,20,191
12/14/2022,CAK,OH,AGL,CE,Towers with Radar,9,53,39,2,103,0,1,34,0,35,9,54,73,2,138,10,0,10,148
12/15/2022,CAK,OH,AGL,CE,Towers with Radar,20,40,23,0,83,0,0,1,0,1,20,40,24,0,84,0,0,0,84
12/16/2022,CAK,OH,AGL,CE,Towers with Radar,23,39,38,1,101,0,0,15,1,16,23,39,53,2,117,12,0,12,129
12/17/2022,CAK,OH,AGL,CE,Towers with Radar,10,13,12,0,35,0,0,6,0,6,10,13,18,0,41,0,0,0,41
12/18/2022,CAK,OH,AGL,CE,Towers with Radar,16,14,25,0,55,0,0,0,0,0,16,14,25,0,55,0,0,0,55
12/19/2022,CAK,OH,AGL,CE,Towers with Radar,22,24,31,0,77,0,0,4,0,4,22,24,35,0,81,24,0,24,105
12/20/2022,CAK,OH,AGL,CE,Towers with Radar,15,50,39,0,104,0,6,35,8,49,15,56,74,8,153,22,0,22,175
12/21/2022,CAK,OH,AGL,CE,Towers with Radar,12,69,39,1,121,0,1,33,3,37,12,70,72,4,158,18,0,18,176
12/22/2022,CAK,OH,AGL,CE,Towers with Radar,25,33,27,0,85,0,0,1,0,1,25,33,28,0,86,0,0,0,86
12/23/2022,CAK,OH,AGL,CE,Towers with Radar,0,4,9,0,13,0,0,0,0,0,0,4,9,0,13,0,0,0,13
12/24/2022,CAK,OH,AGL,CE,Towers with Radar,7,13,11,0,31,0,0,0,0,0,7,13,11,0,31,0,0,0,31
12/25/2022,CAK,OH,AGL,CE,Towers with Radar,15,19,1,0,35,0,0,0,0,0,15,19,1,0,35,0,0,0,35
12/26/2022,CAK,OH,AGL,CE,Towers with Radar,22,14,30,0,66,0,0,6,0,6,22,14,36,0,72,0,0,0,72
12/27/2022,CAK,OH,AGL,CE,Towers with Radar,21,24,36,0,81,0,0,1,0,1,21,24,37,0,82,0,0,0,82
12/28/2022,CAK,OH,AGL,CE,Towers with Radar,10,27,30,2,69,0,1,28,0,29,10,28,58,2,98,12,0,12,110
12/29/2022,CAK,OH,AGL,CE,Towers with Radar,22,31,25,0,78,0,1,12,0,13,22,32,37,0,91,10,0,10,101
12/30/2022,CAK,OH,AGL,CE,Towers with Radar,18,21,20,0,59,0,1,17,0,18,18,22,37,0,77,0,0,0,77
12/31/2022,CAK,OH,AGL,CE,Towers with Radar,8,12,4,0,24,0,0,0,0,0,8,12,4,0,24,0,0,0,24
01/01/2023,CAK,OH,AGL,CE,Towers with Radar,13,12,18,0,43,0,0,0,0,0,13,12,18,0,43,0,0,0,43
01/02/2023,CAK,OH,AGL,CE,Towers with Radar,12,4,20,0,36,0,0,0,0,0,12,4,20,0,36,0,0,0,36
01/03/2023,CAK,OH,AGL,CE,Towers with Radar,15,30,36,4,85,0,0,0,2,2,15,30,36,6,87,0,0,0,87
01/04/2023,CAK,OH,AGL,CE,Towers with Radar,10,40,49,0,99,0,1,0,4,5,10,41,49,4,104,0,0,0,104
01/05/2023,CAK,OH,AGL,CE,Towers with Radar,24,43,31,0,98,0,0,29,10,39,24,43,60,10,137,16,0,16,153
01/06/2023,CAK,OH,AGL,CE,Towers with Radar,19,19,17,4,59,0,0,1,2,3,19,19,18,6,62,0,0,0,62
01/07/2023,CAK,OH,AGL,CE,Towers with Radar,7,17,26,0,50,0,0,2,0,2,7,17,28,0,52,0,0,0,52
01/08/2023,CAK,OH,AGL,CE,Towers with Radar,22,21,12,0,55,0,2,22,0,24,22,23,34,0,79,4,0,4,83
01/09/2023,CAK,OH,AGL,CE,Towers with Radar,20,40,28,0,88,0,0,13,2,15,20,40,41,2,103,8,0,8,111
01/10/2023,CAK,OH,AGL,CE,Towers with Radar,6,36,51,2,95,0,2,30,4,36,6,38,81,6,131,12,0,12,143
01/11/2023,CAK,OH,AGL,CE,Towers with Radar,8,47,41,0,96,0,4,36,2,42,8,51,77,2,138,6,0,6,144
01/12/2023,CAK,OH,AGL,CE,Towers with Radar,22,28,14,0,64,0,0,0,0,0,22,28,14,0,64,0,0,0,64
01/13/2023,CAK,OH,AGL,CE,Towers with Radar,24,34,17,0,75,0,0,0,0,0,24,34,17,0,75,8,0,8,83
01/14/2023,CAK,OH,AGL,CE,Towers with Radar,7,16,26,0,49,0,0,13,0,13,7,16,39,0,62,4,0,4,66
01/15/2023,CAK,OH,AGL,CE,Towers with Radar,24,12,35,0,71,0,4,45,0,49,24,16,80,0,120,0,0,0,120
01/16/2023,CAK,OH,AGL,CE,Towers with Radar,19,30,27,0,76,0,3,36,0,39,19,33,63,0,115,38,0,38,153
01/17/2023,CAK,OH,AGL,CE,Towers with Radar,8,44,23,0,75,0,0,2,0,2,8,44,25,0,77,4,0,4,81
01/18/2023,CAK,OH,AGL,CE,Towers with Radar,10,44,28,0,82,0,0,1,6,7,10,44,29,6,89,0,0,0,89
01/19/2023,CAK,OH,AGL,CE,Towers with Radar,23,34,31,1,89,0,0,7,5,12,23,34,38,6,101,0,0,0,101
01/20/2023,CAK,OH,AGL,CE,Towers with Radar,18,24,26,0,68,0,0,1,0,1,18,24,27,0,69,0,0,0,69
01/21/2023,CAK,OH,AGL,CE,Towers with Radar,8,23,33,0,64,0,0,7,0,7,8,23,40,0,71,38,0,38,109
01/22/2023,CAK,OH,AGL,CE,Towers with Radar,22,11,14,0,47,0,0,2,0,2,22,11,16,0,49,0,0,0,49
01/23/2023,CAK,OH,AGL,CE,Towers with Radar,20,28,17,0,65,0,0,0,0,0,20,28,17,0,65,0,0,0,65
01/24/2023,CAK,OH,AGL,CE,Towers with Radar,6,43,26,1,76,0,3,3,1,7,6,46,29,2,83,0,0,0,83
01/25/2023,CAK,OH,AGL,CE,Towers with Radar,9,37,13,0,59,0,0,0,0,0,9,37,13,0,59,0,0,0,59
01/26/2023,CAK,OH,AGL,CE,Towers with Radar,27,40,15,0,82,0,1,0,0,1,27,41,15,0,83,0,0,0,83
01/27/2023,CAK,OH,AGL,CE,Towers with Radar,18,50,18,0,86,0,0,18,2,20,18,50,36,2,106,0,0,0,106
01/28/2023,CAK,OH,AGL,CE,Towers with Radar,8,24,15,0,47,0,4,51,2,57,8,28,66,2,104,0,0,0,104
01/29/2023,CAK,OH,AGL,CE,Towers with Radar,26,23,12,0,61,0,0,0,0,0,26,23,12,0,61,0,0,0,61
01/30/2023,CAK,OH,AGL,CE,Towers with Radar,20,30,23,0,73,0,0,0,0,0,20,30,23,0,73,0,0,0,73
01/31/2023,CAK,OH,AGL,CE,Towers with Radar,7,54,32,1,94,0,2,25,9,36,7,56,57,10,130,0,0,0,130
02/01/2023,CAK,OH,AGL,CE,Towers with Radar,10,42,34,3,89,0,15,29,4,48,10,57,63,7,137,28,0,28,165
02/02/2023,CAK,OH,AGL,CE,Towers with Radar,25,43,36,5,109,0,3,24,9,36,25,46,60,14,145,16,0,16,161
02/03/2023,CAK,OH,AGL,CE,Towers with Radar,22,30,26,0,78,0,4,4,8,16,22,34,30,8,94,10,0,10,104
02/04/2023,CAK,OH,AGL,CE,Towers with Radar,10,27,25,2,64,0,3,21,0,24,10,30,46,2,88,0,0,0,88
02/05/2023,CAK,OH,AGL,CE,Towers with Radar,27,15,18,0,60,0,2,8,0,10,27,17,26,0,70,8,0,8,78
02/06/2023,CAK,OH,AGL,CE,Towers with Radar,17,28,26,1,72,0,0,5,2,7,17,28,31,3,79,10,0,10,89
02/07/2023,CAK,OH,AGL,CE,Towers with Radar,15,38,26,2,81,0,4,0,7,11,15,42,26,9,92,0,0,0,92
02/08/2023,CAK,OH,AGL,CE,Towers with Radar,10,45,37,8,100,0,4,39,6,49,10,49,76,14,149,34,10,44,193
02/09/2023,CAK,OH,AGL,CE,Towers with Radar,27,43,33,0,103,0,0,0,0,0,27,43,33,0,103,0,0,0,103
02/10/2023,CAK,OH,AGL,CE,Towers with Radar,23,31,25,0,79,0,4,2,2,8,23,35,27,2,87,12,0,12,99
02/11/2023,CAK,OH,AGL,CE,Towers with Radar,10,16,41,1,68,0,5,68,3,76,10,21,109,4,144,10,0,10,154
02/12/2023,CAK,OH,AGL,CE,Towers with Radar,24,12,17,0,53,0,2,45,0,47,24,14,62,0,100,20,0,20,120
02/13/2023,CAK,OH,AGL,CE,Towers with Radar,24,31,28,5,88,0,8,21,3,32,24,39,49,8,120,16,0,16,136
02/14/2023,CAK,OH,AGL,CE,Towers with Radar,10,41,29,2,82,0,21,32,10,63,10,62,61,12,145,14,2,16,161
02/15/2023,CAK,OH,AGL,CE,Towers with Radar,13,33,29,0,75,0,2,6,7,15,13,35,35,7,90,0,0,0,90
02/16/2023,CAK,OH,AGL,CE,Towers with Radar,22,33,33,5,93,0,3,6,0,9,22,36,39,5,102,12,0,12,114
02/17/2023,CAK,OH,AGL,CE,Towers with Radar,25,37,18,0,80,0,1,2,0,3,25,38,20,0,83,0,0,0,83
02/18/2023,CAK,OH,AGL,CE,Towers with Radar,11,17,22,0,50,0,1,27,4,32,11,18,49,4,82,20,0,20,102
02/19/2023,CAK,OH,AGL,CE,Towers with Radar,22,16,21,0,59,0,2,11,0,13,22,18,32,0,72,0,0,0,72
02/20/2023,CAK,OH,AGL,CE,Towers with Radar,29,31,43,0,103,0,18,31,0,49,29,49,74,0,152,20,0,20,172
02/21/2023,CAK,OH,AGL,CE,Towers with Radar,13,38,36,0,87,0,2,14,6,22,13,40,50,6,109,0,0,0,109
02/22/2023,CAK,OH,AGL,CE,Towers with Radar,12,29,37,0,78,0,0,1,0,1,12,29,38,0,79,0,0,0,79
02/23/2023,CAK,OH,AGL,CE,Towers with Radar,23,29,29,0,81,0,2,0,11,13,23,31,29,11,94,0,0,0,94
02/24/2023,CAK,OH,AGL,CE,Towers with Radar,27,30,39,0,96,0,13,42,6,61,27,43,81,6,157,22,0,22,179
02/25/2023,CAK,OH,AGL,CE,Towers with Radar,12,25,36,0,73,0,0,40,0,40,12,25,76,0,113,38,0,38,151
02/26/2023,CAK,OH,AGL,CE,Towers with Radar,23,21,32,0,76,0,2,30,0,32,23,23,62,0,108,18,0,18,126
02/27/2023,CAK,OH,AGL,CE,Towers with Radar,24,35,18,0,77,0,0,2,0,2,24,35,20,0,79,6,0,6,85
02/28/2023,CAK,OH,AGL,CE,Towers with Radar,10,46,53,1,110,0,9,21,13,43,10,55,74,14,153,12,0,12,165
03/01/2023,CAK,OH,AGL,CE,Towers with Radar,18,53,47,2,120,0,4,24,4,32,18,57,71,6,152,8,0,8,160
03/02/2023,CAK,OH,AGL,CE,Towers with Radar,21,60,53,0,134,0,2,22,4,28,21,62,75,4,162,18,0,18,180
03/03/2023,CAK,OH,AGL,CE,Towers with Radar,22,41,32,0,95,0,0,1,0,1,22,41,33,0,96,0,0,0,96
03/04/2023,CAK,OH,AGL,CE,Towers with Radar,14,21,14,0,49,0,6,19,0,25,14,27,33,0,74,24,0,24,98
03/05/2023,CAK,OH,AGL,CE,Towers with Radar,21,29,32,0,82,0,6,30,0,36,21,35,62,0,118,18,0,18,136
03/06/2023,CAK,OH,AGL,CE,Towers with Radar,27,57,36,3,123,0,12,22,1,35,27,69,58,4,158,24,0,24,182
03/07/2023,CAK,OH,AGL,CE,Towers with Radar,8,57,33,1,99,0,2,19,7,28,8,59,52,8,127,18,0,18,145
03/08/2023,CAK,OH,AGL,CE,Towers with Radar,17,64,40,2,123,0,24,32,4,60,17,88,72,6,183,8,0,8,191
03/09/2023,CAK,OH,AGL,CE,Towers with Radar,23,52,50,0,125,0,15,56,4,75,23,67,106,4,200,8,0,8,208
03/10/2023,CAK,OH,AGL,CE,Towers with Radar,25,35,14,0,74,0,0,0,0,0,25,35,14,0,74,0,0,0,74
03/11/2023,CAK,OH,AGL,CE,Towers with Radar,13,16,17,0,46,0,4,4,0,8,13,20,21,0,54,30,0,30,84
03/12/2023,CAK,OH,AGL,CE,Towers with Radar,24,14,27,0,65,0,0,4,0,4,24,14,31,0,69,12,0,12,81
03/13/2023,CAK,OH,AGL,CE,Towers with Radar,26,38,23,0,87,0,0,0,0,0,26,38,23,0,87,0,0,0,87
03/14/2023,CAK,OH,AGL,CE,Towers with Radar,8,31,15,0,54,0,0,0,0,0,8,31,15,0,54,0,0,0,54
03/15/2023,CAK,OH,AGL,CE,Towers with Radar,17,55,67,0,139,0,10,60,4,74,17,65,127,4,213,64,0,64,277
03/16/2023,CAK,OH,AGL,CE,Towers with Radar,24,55,32,1,112,0,6,35,10,51,24,61,67,11,163,0,0,0,163
03/17/2023,CAK,OH,AGL,CE,Towers with Radar,27,41,27,0,95,0,0,0,0,0,27,41,27,0,95,0,0,0,95
03/18/2023,CAK,OH,AGL,CE,Towers with Radar,18,19,10,0,47,0,0,6,3,9,18,19,16,3,56,0,0,0,56
03/19/2023,CAK,OH,AGL,CE,Towers with Radar,23,17,47,0,87,0,0,16,4,20,23,17,63,4,107,0,0,0,107
03/20/2023,CAK,OH,AGL,CE,Towers with Radar,24,58,39,0,121,0,7,47,0,54,24,65,86,0,175,22,0,22,197
03/21/2023,CAK,OH,AGL,CE,Towers with Radar,11,56,34,2,103,0,10,40,0,50,11,66,74,2,153,12,0,12,165
03/22/2023,CAK,OH,AGL,CE,Towers with Radar,17,35,17,1,70,0,3,10,3,16,17,38,27,4,86,2,0,2,88
03/23/2023,CAK,OH,AGL,CE,Towers with Radar,23,40,37,1,101,0,0,0,0,0,23,40,37,1,101,0,0,0,101
03/24/2023,CAK,OH,AGL,CE,Towers with Radar,24,55,34,0,113,0,8,22,2,32,24,63,56,2,145,18,0,18,163
03/25/2023,CAK,OH,AGL,CE,Towers with Radar,15,20,11,1,47,0,0,0,0,0,15,20,11,1,47,0,0,0,47
03/26/2023,CAK,OH,AGL,CE,Towers with Radar,22,25,33,0,80,0,2,52,0,54,22,27,85,0,134,8,0,8,142
03/27/2023,CAK,OH,AGL,CE,Towers with Radar,24,43,31,0,98,0,0,4,4,8,24,43,35,4,106,2,0,2,108
03/28/2023,CAK,OH,AGL,CE,Towers with Radar,13,44,36,0,93,0,10,21,2,33,13,54,57,2,126,18,0,18,144
03/29/2023,CAK,OH,AGL,CE,Towers with Radar,17,36,34,0,87,0,3,7,2,12,17,39,41,2,99,4,0,4,103
03/30/2023,CAK,OH,AGL,CE,Towers with Radar,24,41,40,1,106,0,19,46,9,74,24,60,86,10,180,18,0,18,198
03/31/2023,CAK,OH,AGL,CE,Towers with Radar,22,39,23,2,86,0,0,0,0,0,22,39,23,2,86,0,0,0,86
04/01/2023,CAK,OH,AGL,CE,Towers with Radar,16,10,7,0,33,0,0,3,2,5,16,10,10,2,38,0,0,0,38
04/02/2023,CAK,OH,AGL,CE,Towers with Radar,23,22,30,0,75,0,11,41,0,52,23,33,71,0,127,72,0,72,199
04/03/2023,CAK,OH,AGL,CE,Towers with Radar,24,50,33,0,107,0,12,27,0,39,24,62,60,0,146,0,0,0,146
04/04/2023,CAK,OH,AGL,CE,Towers with Radar,9,62,42,0,113,0,5,21,6,32,9,67,63,6,145,32,2,34,179
04/05/2023,CAK,OH,AGL,CE,Towers with Radar,18,42,22,0,82,0,5,5,0,10,18,47,27,0,92,10,0,10,102
04/06/2023,CAK,OH,AGL,CE,Towers with Radar,24,79,39,3,145,0,9,33,5,47,24,88,72,8,192,12,0,12,204
04/07/2023,CAK,OH,AGL,CE,Towers with Radar,26,33,32,0,91,0,7,34,0,41,26,40,66,0,132,22,0,22,154
04/08/2023,CAK,OH,AGL,CE,Towers with Radar,17,16,22,0,55,0,7,32,0,39,17,23,54,0,94,0,0,0,94
04/09/2023,CAK,OH,AGL,CE,Towers with Radar,23,14,23,0,60,0,0,16,0,16,23,14,39,0,76,0,0,0,76
04/10/2023,CAK,OH,AGL,CE,Towers with Radar,28,48,37,0,113,0,3,55,2,60,28,51,92,2,173,0,0,0,173
04/11/2023,CAK,OH,AGL,CE,Towers with Radar,14,42,47,0,103,0,7,35,4,46,14,49,82,4,149,22,0,22,171
04/12/2023,CAK,OH,AGL,CE,Towers with Radar,16,40,33,0,89,0,7,55,8,70,16,47,88,8,159,32,10,42,201
04/13/2023,CAK,OH,AGL,CE,Towers with Radar,24,59,43,2,128,0,22,53,6,81,24,81,96,8,209,20,0,20,229
04/14/2023,CAK,OH,AGL,CE,Towers with Radar,24,50,30,2,106,0,7,46,2,55,24,57,76,4,161,22,0,22,183
04/15/2023,CAK,OH,AGL,CE,Towers with Radar,15,22,33,0,70,0,0,30,12,42,15,22,63,12,112,18,12,30,142
04/16/2023,CAK,OH,AGL,CE,Towers with Radar,24,18,32,2,76,0,2,15,2,19,24,20,47,4,95,4,2,6,101
04/17/2023,CAK,OH,AGL,CE,Towers with Radar,25,29,23,0,77,0,0,0,0,0,25,29,23,0,77,0,0,0,77
04/18/2023,CAK,OH,AGL,CE,Towers with Radar,9,34,39,0,82,0,0,16,6,22,9,34,55,6,104,0,0,0,104
04/19/2023,CAK,OH,AGL,CE,Towers with Radar,20,34,52,1,107,0,6,62,4,72,20,40,114,5,179,30,26,56,235
04/20/2023,CAK,OH,AGL,CE,Towers with Radar,22,58,41,1,122,0,7,47,6,60,22,65,88,7,182,0,0,0,182
04/21/2023,CAK,OH,AGL,CE,Towers with Radar,24,40,26,0,90,0,2,7,2,11,24,42,33,2,101,10,0,10,111
04/22/2023,CAK,OH,AGL,CE,Towers with Radar,17,11,28,0,56,0,0,2,0,2,17,11,30,0,58,0,0,0,58
04/23/2023,CAK,OH,AGL,CE,Towers with Radar,26,19,31,0,76,0,1,22,0,23,26,20,53,0,99,0,0,0,99
04/24/2023,CAK,OH,AGL,CE,Towers with Radar,22,28,30,0,80,0,6,4,0,10,22,34,34,0,90,34,0,34,124
04/25/2023,CAK,OH,AGL,CE,Towers with Radar,14,51,41,4,110,0,11,25,6,42,14,62,66,10,152,12,10,22,174
04/26/2023,CAK,OH,AGL,CE,Towers with Radar,16,56,43,0,115,0,15,16,4,35,16,71,59,4,150,32,0,32,182
04/27/2023,CAK,OH,AGL,CE,Towers with Radar,23,54,41,1,119,0,9,33,6,48,23,63,74,7,167,12,14,26,193
04/28/2023,CAK,OH,AGL,CE,Towers with Radar,25,32,30,0,87,0,0,0,0,0,25,32,30,0,87,0,0,0,87
04/29/2023,CAK,OH,AGL,CE,Towers with Radar,13,19,21,0,53,0,0,7,0,7,13,19,28,0,60,6,0,6,66
04/30/2023,CAK,OH,AGL,CE,Towers with Radar,21,19,25,0,65,0,0,1,0,1,21,19,26,0,66,4,0,4,70
05/01/2023,CAK,OH,AGL,CE,Towers with Radar,28,31,27,0,86,0,0,0,0,0,28,31,27,0,86,0,0,0,86
05/02/2023,CAK,OH,AGL,CE,Towers with Radar,10,38,31,0,79,0,0,2,0,2,10,38,33,0,81,0,0,0,81
05/03/2023,CAK,OH,AGL,CE,Towers with Radar,19,37,48,2,106,0,0,0,0,0,19,37,48,2,106,0,0,0,106
05/04/2023,CAK,OH,AGL,CE,Towers with Radar,22,54,65,0,141,0,15,43,0,58,22,69,108,0,199,38,0,38,237
05/05/2023,CAK,OH,AGL,CE,Towers with Radar,27,38,58,0,123,0,5,55,0,60,27,43,113,0,183,22,0,22,205
05/06/2023,CAK,OH,AGL,CE,Towers with Radar,18,19,20,0,57,0,0,64,0,64,18,19,84,0,121,20,0,20,141
05/07/2023,CAK,OH,AGL,CE,Towers with Radar,26,19,35,0,80,0,0,7,0,7,26,19,42,0,87,18,0,18,105
05/08/2023,CAK,OH,AGL,CE,Towers with Radar,28,58,36,2,124,0,2,20,2,24,28,60,56,4,148,6,0,6,154
05/09/2023,CAK,OH,AGL,CE,Towers with Radar,11,47,51,0,109,0,5,33,11,49,11,52,84,11,158,18,40,58,216
05/10/2023,CAK,OH,AGL,CE,Towers with Radar,20,52,44,0,116,0,10,37,11,58,20,62,81,11,174,24,0,24,198
05/11/2023,CAK,OH,AGL,CE,Towers with Radar,22,37,35,1,95,0,12,29,3,44,22,49,64,4,139,56,0,56,195
05/12/2023,CAK,OH,AGL,CE,Towers with Radar,24,49,44,2,119,0,4,48,2,54,24,53,92,4,173,0,0,0,173
05/13/2023,CAK,OH,AGL,CE,Towers with Radar,14,27,21,0,62,0,0,14,0,14,14,27,35,0,76,24,0,24,100
05/14/2023,CAK,OH,AGL,CE,Towers with Radar,23,19,25,0,67,0,1,21,0,22,23,20,46,0,89,18,0,18,107
05/15/2023,CAK,OH,AGL,CE,Towers with Radar,25,45,49,0,119,0,3,59,2,64,25,48,108,2,183,18,0,18,201
05/16/2023,CAK,OH,AGL,CE,Towers with Radar,8,44,34,1,87,0,4,36,9,49,8,48,70,10,136,20,28,48,184
05/17/2023,CAK,OH,AGL,CE,Towers with Radar,16,59,38,0,113,0,5,39,6,50,16,64,77,6,163,0,40,40,203
05/18/2023,CAK,OH,AGL,CE,Towers with Radar,25,41,44,0,110,0,2,39,8,49,25,43,83,8,159,12,6,18,177
05/19/2023,CAK,OH,AGL,CE,Towers with Radar,25,37,29,2,93,0,2,19,0,21,25,39,48,2,114,12,0,12,126
05/20/2023,CAK,OH,AGL,CE,Towers with Radar,14,17,33,0,64,0,0,7,0,7,14,17,40,0,71,8,0,8,79
05/21/2023,CAK,OH,AGL,CE,Towers with Radar,30,24,49,0,103,0,1,48,0,49,30,25,97,0,152,20,0,20,172
05/22/2023,CAK,OH,AGL,CE,Towers with Radar,22,46,58,1,127,0,11,37,3,51,22,57,95,4,178,26,0,26,204
05/23/2023,CAK,OH,AGL,CE,Towers with Radar,12,39,23,3,77,0,4,28,1,33,12,43,51,4,110,26,0,26,136
05/24/2023,CAK,OH,AGL,CE,Towers with Radar,16,31,53,0,100,0,2,38,12,52,16,33,91,12,152,24,2,26,178
05/25/2023,CAK,OH,AGL,CE,Towers with Radar,27,33,42,1,103,0,9,36,1,46,27,42,78,2,149,32,0,32,181
05/26/2023,CAK,OH,AGL,CE,Towers with Radar,20,34,60,0,114,0,6,45,0,51,20,40,105,0,165,46,0,46,211
05/27/2023,CAK,OH,AGL,CE,Towers with Radar,17,20,12,0,49,0,3,31,0,34,17,23,43,0,83,0,0,0,83
05/28/2023,CAK,OH,AGL,CE,Towers with Radar,27,14,10,0,51,0,0,16,0,16,27,14,26,0,67,20,0,20,87
05/29/2023,CAK,OH,AGL,CE,Towers with Radar,22,16,23,0,61,0,0,21,0,21,22,16,44,0,82,14,0,14,96
05/30/2023,CAK,OH,AGL,CE,Towers with Radar,13,37,48,0,98,0,9,41,2,52,13,46,89,2,150,18,0,18,168
05/31/2023,CAK,OH,AGL,CE,Towers with Radar,19,58,39,2,118,0,12,30,4,46,19,70,69,6,164,10,0,10,174
06/01/2023,CAK,OH,AGL,CE,Towers with Radar,30,66,36,3,135,0,10,50,0,60,30,76,86,3,195,24,0,24,219
06/02/2023,CAK,OH,AGL,CE,Towers with Radar,23,46,33,0,102,0,10,26,0,36,23,56,59,0,138,12,0,12,150
06/03/2023,CAK,OH,AGL,CE,Towers with Radar,16,17,11,0,44,0,3,32,4,39,16,20,43,4,83,0,0,0,83
06/04/2023,CAK,OH,AGL,CE,Towers with Radar,34,20,36,0,90,0,4,31,6,41,34,24,67,6,131,18,0,18,149
06/05/2023,CAK,OH,AGL,CE,Towers with Radar,23,45,46,0,114,0,8,30,8,46,23,53,76,8,160,6,0,6,166
06/06/2023,CAK,OH,AGL,CE,Towers with Radar,13,46,59,0,118,0,9,24,7,40,13,55,83,7,158,12,0,12,170
06/07/2023,CAK,OH,AGL,CE,Towers with Radar,15,55,61,0,131,0,12,35,14,61,15,67,96,14,192,48,0,48,240
06/08/2023,CAK,OH,AGL,CE,Towers with Radar,35,57,45,4,141,0,8,38,9,55,35,65,83,13,196,10,0,10,206
06/09/2023,CAK,OH,AGL,CE,Towers with Radar,19,48,36,1,104,0,8,32,19,59,19,56,68,20,163,14,0,14,177
06/10/2023,CAK,OH,AGL,CE,Towers with Radar,20,23,25,0,68,0,1,34,7,42,20,24,59,7,110,0,0,0,110
06/11/2023,CAK,OH,AGL,CE,Towers with Radar,30,18,25,0,73,0,5,10,4,19,30,23,35,4,92,8,0,8,100
06/12/2023,CAK,OH,AGL,CE,Towers with Radar,20,46,35,0,101,0,0,2,6,8,20,46,37,6,109,0,0,0,109
06/13/2023,CAK,OH,AGL,CE,Towers with Radar,17,39,32,0,88,0,1,10,2,13,17,40,42,2,101,0,0,0,101
06/14/2023,CAK,OH,AGL,CE,Towers with Radar,15,53,46,2,116,0,0,19,14,33,15,53,65,16,149,0,0,0,149
06/15/2023,CAK,OH,AGL,CE,Towers with Radar,29,56,35,0,120,0,5,28,8,41,29,61,63,8,161,0,0,0,161
06/16/2023,CAK,OH,AGL,CE,Towers with Radar,22,35,28,0,85,0,2,8,0,10,22,37,36,0,95,0,0,0,95
06/17/2023,CAK,OH,AGL,CE,Towers with Radar,18,22,25,0,65,0,10,30,0,40,18,32,55,0,105,4,0,4,109
06/18/2023,CAK,OH,AGL,CE,Towers with Radar,30,12,27,0,69,0,4,41,0,45,30,16,68,0,114,6,0,6,120
06/19/2023,CAK,OH,AGL,CE,Towers with Radar,20,37,32,0,89,0,1,38,0,39,20,38,70,0,128,8,0,8,136
06/20/2023,CAK,OH,AGL,CE,Towers with Radar,17,48,47,0,112,0,7,38,0,45,17,55,85,0,157,8,0,8,165
06/21/2023,CAK,OH,AGL,CE,Towers with Radar,14,70,51,10,145,0,7,34,6,47,14,77,85,16,192,14,0,14,206
06/22/2023,CAK,OH,AGL,CE,Towers with Radar,30,86,44,0,160,0,8,8,2,18,30,94,52,2,178,0,0,0,178
06/23/2023,CAK,OH,AGL,CE,Towers with Radar,20,69,45,0,134,0,0,1,2,3,20,69,46,2,137,26,0,26,163
06/24/2023,CAK,OH,AGL,CE,Towers with Radar,19,19,37,2,77,0,0,6,1,7,19,19,43,3,84,6,0,6,90
06/25/2023,CAK,OH,AGL,CE,Towers with Radar,31,14,18,0,63,0,4,17,0,21,31,18,35,0,84,2,0,2,86
06/26/2023,CAK,OH,AGL,CE,Towers with Radar,23,41,30,2,96,0,1,11,0,12,23,42,41,2,108,4,0,4,112
06/27/2023,CAK,OH,AGL,CE,Towers with Radar,16,60,38,2,116,0,0,0,0,0,16,60,38,2,116,0,0,0,116
06/28/2023,CAK,OH,AGL,CE,Towers with Radar,17,38,34,0,89,0,0,0,0,0,17,38,34,0,89,0,0,0,89
06/29/2023,CAK,OH,AGL,CE,Towers with Radar,35,47,52,3,137,0,0,0,0,0,35,47,52,3,137,0,0,0,137
06/30/2023,CAK,OH,AGL,CE,Towers with Radar,20,58,56,0,134,0,8,29,0,37,20,66,85,0,171,26,0,26,197
07/01/2023,CAK,OH,AGL,CE,Towers with Radar,18,15,24,0,57,0,1,10,0,11,18,16,34,0,68,24,0,24,92
07/02/2023,CAK,OH,AGL,CE,Towers with Radar,34,8,18,0,60,0,0,1,0,1,34,8,19,0,61,0,0,0,61
07/03/2023,CAK,OH,AGL,CE,Towers with Radar,18,19,29,0,66,0,3,12,0,15,18,22,41,0,81,10,0,10,91
07/04/2023,CAK,OH,AGL,CE,Towers with Radar,13,8,19,0,40,0,1,28,0,29,13,9,47,0,69,18,0,18,87
07/05/2023,CAK,OH,AGL,CE,Towers with Radar,14,55,25,1,95,0,19,51,3,73,14,74,76,4,168,40,0,40,208
07/06/2023,CAK,OH,AGL,CE,Towers with Radar,38,39,37,2,116,0,6,44,6,56,38,45,81,8,172,28,0,28,200
07/07/2023,CAK,OH,AGL,CE,Towers with Radar,19,49,38,0,106,0,2,25,2,29,19,51,63,2,135,34,0,34,169
07/08/2023,CAK,OH,AGL,CE,Towers with Radar,19,23,22,0,64,0,6,29,0,35,19,29,51,0,99,6,0,6,105
07/09/2023,CAK,OH,AGL,CE,Towers with Radar,35,20,34,0,89,0,0,14,0,14,35,20,48,0,103,15,0,15,118
07/10/2023,CAK,OH,AGL,CE,Towers with Radar,20,56,19,0,95,0,27,32,1,60,20,83,51,1,155,51,0,51,206
07/11/2023,CAK,OH,AGL,CE,Towers with Radar,17,59,31,0,107,0,7,41,0,48,17,66,72,0,155,16,0,16,171
07/12/2023,CAK,OH,AGL,CE,Towers with Radar,16,35,24,0,75,0,2,21,6,29,16,37,45,6,104,8,0,8,112
07/13/2023,CAK,OH,AGL,CE,Towers with Radar,33,45,65,0,143,0,9,34,4,47,33,54,99,4,190,30,0,30,220
07/14/2023,CAK,OH,AGL,CE,Towers with Radar,22,55,24,0,101,0,11,53,4,68,22,66,77,4,169,36,0,36,205
07/15/2023,CAK,OH,AGL,CE,Towers with Radar,18,22,17,0,57,0,4,16,0,20,18,26,33,0,77,16,0,16,93
07/16/2023,CAK,OH,AGL,CE,Towers with Radar,34,16,55,0,105,0,8,14,2,24,34,24,69,2,129,28,0,28,157
07/17/2023,CAK,OH,AGL,CE,Towers with Radar,23,41,36,0,100,0,0,6,0,6,23,41,42,0,106,6,0,6,112
07/18/2023,CAK,OH,AGL,CE,Towers with Radar,19,43,36,0,98,0,13,16,4,33,19,56,52,4,131,42,0,42,173
07/19/2023,CAK,OH,AGL,CE,Towers with Radar,15,39,55,0,109,0,11,32,2,45,15,50,87,2,154,38,0,38,192
07/20/2023,CAK,OH,AGL,CE,Towers with Radar,35,47,28,0,110,0,4,25,4,33,35,51,53,4,143,0,0,0,143
07/21/2023,CAK,OH,AGL,CE,Towers with Radar,20,44,36,3,103,0,4,18,0,22,20,48,54,3,125,18,0,18,143
07/22/2023,CAK,OH,AGL,CE,Towers with Radar,19,19,20,1,59,0,2,46,0,48,19,21,66,1,107,24,0,24,131
07/23/2023,CAK,OH,AGL,CE,Towers with Radar,32,19,27,0,78,0,1,22,3,26,32,20,49,3,104,42,0,42,146
07/24/2023,CAK,OH,AGL,CE,Towers with Radar,22,48,34,0,104,0,11,33,0,44,22,59,67,0,148,14,0,14,162
07/25/2023,CAK,OH,AGL,CE,Towers with Radar,17,44,46,1,108,0,5,28,5,38,17,49,74,6,146,50,4,54,200
07/26/2023,CAK,OH,AGL,CE,Towers with Radar,15,33,32,0,80,0,8,21,2,31,15,41,53,2,111,0,0,0,111
07/27/2023,CAK,OH,AGL,CE,Towers with Radar,37,64,41,0,142,0,5,21,10,36,37,69,62,10,178,0,8,8,186
07/28/2023,CAK,OH,AGL,CE,Towers with Radar,20,37,41,0,98,0,10,19,2,31,20,47,60,2,129,20,0,20,149
07/29/2023,CAK,OH,AGL,CE,Towers with Radar,14,20,32,0,66,0,0,9,0,9,14,20,41,0,75,4,0,4,79
07/30/2023,CAK,OH,AGL,CE,Towers with Radar,37,10,35,0,82,0,1,26,1,28,37,11,61,1,110,36,0,36,146
07/31/2023,CAK,OH,AGL,CE,Towers with Radar,24,43,29,0,96,0,9,37,0,46,24,52,66,0,142,10,0,10,152
08/01/2023,CAK,OH,AGL,CE,Towers with Radar,17,37,41,4,99,0,4,43,6,53,17,41,84,10,152,8,2,10,162
08/02/2023,CAK,OH,AGL,CE,Towers with Radar,16,43,26,2,87,0,1,35,13,49,16,44,61,15,136,6,28,34,170
08/03/2023,CAK,OH,AGL,CE,Towers with Radar,35,46,50,0,131,0,4,42,8,54,35,50,92,8,185,6,30,36,221
08/04/2023,CAK,OH,AGL,CE,Towers with Radar,21,56,56,3,136,0,4,38,2,44,21,60,94,5,180,22,10,32,212
08/05/2023,CAK,OH,AGL,CE,Towers with Radar,17,34,65,0,116,0,4,22,2,28,17,38,87,2,144,0,0,0,144
08/06/2023,CAK,OH,AGL,CE,Towers with Radar,32,26,51,0,109,0,0,18,0,18,32,26,69,0,127,12,0,12,139
08/07/2023,CAK,OH,AGL,CE,Towers with Radar,20,23,17,0,60,0,0,0,0,0,20,23,17,0,60,4,0,4,64
08/08/2023,CAK,OH,AGL,CE,Towers with Radar,14,31,33,0,78,0,3,31,2,36,14,34,64,2,114,0,0,0,114
08/09/2023,CAK,OH,AGL,CE,Towers with Radar,17,34,48,0,99,0,5,46,5,56,17,39,94,5,155,18,0,18,173
08/10/2023,CAK,OH,AGL,CE,Towers with Radar,35,48,37,0,120,0,2,22,0,24,35,50,59,0,144,0,0,0,144
08/11/2023,CAK,OH,AGL,CE,Towers with Radar,23,30,40,0,93,0,2,32,2,36,23,32,72,2,129,52,0,52,181
08/12/2023,CAK,OH,AGL,CE,Towers with Radar,17,13,18,0,48,0,0,9,0,9,17,13,27,0,57,4,0,4,61
08/13/2023,CAK,OH,AGL,CE,Towers with Radar,34,16,29,0,79,0,3,38,1,42,34,19,67,1,121,40,0,40,161
08/14/2023,CAK,OH,AGL,CE,Towers with Radar,21,38,28,0,87,0,4,9,1,14,21,42,37,1,101,0,0,0,101
08/15/2023,CAK,OH,AGL,CE,Towers with Radar,16,30,22,3,71,0,0,4,1,5,16,30,26,4,76,0,20,20,96
08/16/2023,CAK,OH,AGL,CE,Towers with Radar,17,41,66,1,125,0,4,20,4,28,17,45,86,5,153,0,0,0,153
08/17/2023,CAK,OH,AGL,CE,Towers with Radar,35,45,40,0,120,0,3,22,7,32,35,48,62,7,152,10,0,10,162
08/18/2023,CAK,OH,AGL,CE,Towers with Radar,23,29,40,1,93,0,1,30,4,35,23,30,70,5,128,4,0,4,132
08/19/2023,CAK,OH,AGL,CE,Towers with Radar,16,15,13,0,44,0,0,36,1,37,16,15,49,1,81,0,0,0,81
08/20/2023,CAK,OH,AGL,CE,Towers with Radar,30,15,35,0,80,0,2,36,1,39,30,17,71,1,119,0,0,0,119
08/21/2023,CAK,OH,AGL,CE,Towers with Radar,22,26,38,0,86,0,5,22,1,28,22,31,60,1,114,22,0,22,136
08/22/2023,CAK,OH,AGL,CE,Towers with Radar,8,29,42,0,79,0,8,34,1,43,8,37,76,1,122,24,16,40,162
08/23/2023,CAK,OH,AGL,CE,Towers with Radar,19,38,58,1,116,0,2,31,0,33,19,40,89,1,149,12,0,12,161
08/24/2023,CAK,OH,AGL,CE,Towers with Radar,34,25,35,0,94,0,0,9,0,9,34,25,44,0,103,4,0,4,107
08/25/2023,CAK,OH,AGL,CE,Towers with Radar,22,42,60,5,129,0,0,3,0,3,22,42,63,5,132,0,0,0,132
08/26/2023,CAK,OH,AGL,CE,Towers with Radar,16,13,27,4,60,0,2,21,0,23,16,15,48,4,83,34,0,34,117
08/27/2023,CAK,OH,AGL,CE,Towers with Radar,30,18,34,0,82,0,0,22,0,22,30,18,56,0,104,20,0,20,124
08/28/2023,CAK,OH,AGL,CE,Towers with Radar,19,36,39,0,94,0,0,36,0,36,19,36,75,0,130,6,0,6,136
08/29/2023,CAK,OH,AGL,CE,Towers with Radar,9,51,47,8,115,0,11,43,11,65,9,62,90,19,180,92,1,93,273
08/30/2023,CAK,OH,AGL,CE,Towers with Radar,18,42,61,2,123,0,0,11,2,13,18,42,72,4,136,0,0,0,136
08/31/2023,CAK,OH,AGL,CE,Towers with Radar,36,46,44,2,128,0,11,34,6,51,36,57,78,8,179,2,15,17,196
01/01/2020,CAK,OH,AGL,CE,Towers with Radar,18,32,17,0,67,0,0,12,0,12,18,32,29,0,79,10,0,10,89
01/02/2020,CAK,OH,AGL,CE,Towers with Radar,20,53,20,0,93,0,4,14,0,18,20,57,34,0,111,12,0,12,123
01/03/2020,CAK,OH,AGL,CE,Towers with Radar,18,55,10,0,83,0,0,0,0,0,18,55,10,0,83,5,0,5,88
01/04/2020,CAK,OH,AGL,CE,Towers with Radar,12,34,9,0,55,0,0,0,0,0,12,34,9,0,55,4,0,4,59
01/05/2020,CAK,OH,AGL,CE,Towers with Radar,20,38,26,0,84,0,0,5,0,5,20,38,31,0,89,5,0,5,94
01/06/2020,CAK,OH,AGL,CE,Towers with Radar,19,67,38,0,124,0,3,29,0,32,19,70,67,0,156,45,0,45,201
01/07/2020,CAK,OH,AGL,CE,Towers with Radar,21,56,32,0,109,0,19,35,9,63,21,75,67,9,172,70,0,70,242
01/08/2020,CAK,OH,AGL,CE,Towers with Radar,22,54,35,0,111,0,2,7,2,11,22,56,42,2,122,31,0,31,153
01/09/2020,CAK,OH,AGL,CE,Towers with Radar,21,52,46,5,124,0,3,24,1,28,21,55,70,6,152,74,0,74,226
01/10/2020,CAK,OH,AGL,CE,Towers with Radar,21,45,15,2,83,0,2,3,0,5,21,47,18,2,88,9,0,9,97
01/11/2020,CAK,OH,AGL,CE,Towers with Radar,20,24,7,0,51,0,2,2,2,6,20,26,9,2,57,8,0,8,65
01/12/2020,CAK,OH,AGL,CE,Towers with Radar,25,28,26,0,79,0,4,10,0,14,25,32,36,0,93,30,0,30,123
01/13/2020,CAK,OH,AGL,CE,Towers with Radar,22,54,29,1,106,0,13,18,1,32,22,67,47,2,138,15,0,15,153
01/14/2020,CAK,OH,AGL,CE,Towers with Radar,18,62,58,3,141,0,6,17,5,28,18,68,75,8,169,28,8,36,205
01/15/2020,CAK,OH,AGL,CE,Towers with Radar,23,48,42,5,118,0,4,12,2,18,23,52,54,7,136,14,2,16,152
01/16/2020,CAK,OH,AGL,CE,Towers with Radar,26,49,31,3,109,0,0,2,5,7,26,49,33,8,116,12,0,12,128
01/17/2020,CAK,OH,AGL,CE,Towers with Radar,25,49,33,1,108,0,19,16,2,37,25,68,49,3,145,53,4,57,202
01/18/2020,CAK,OH,AGL,CE,Towers with Radar,21,19,4,0,44,0,0,0,0,0,21,19,4,0,44,2,0,2,46
01/19/2020,CAK,OH,AGL,CE,Towers with Radar,17,25,18,0,60,0,0,0,0,0,17,25,18,0,60,0,0,0,60
01/20/2020,CAK,OH,AGL,CE,Towers with Radar,24,41,22,0,87,0,0,1,0,1,24,41,23,0,88,0,0,0,88
01/21/2020,CAK,OH,AGL,CE,Towers with Radar,20,62,42,4,128,0,10,20,4,34,20,72,62,8,162,59,2,61,223
01/22/2020,CAK,OH,AGL,CE,Towers with Radar,19,74,36,0,129,0,19,38,0,57,19,93,74,0,186,103,0,103,289
01/23/2020,CAK,OH,AGL,CE,Towers with Radar,22,64,56,4,146,0,13,27,2,42,22,77,83,6,188,69,2,71,259
01/24/2020,CAK,OH,AGL,CE,Towers with Radar,25,56,35,0,116,0,2,0,0,2,25,58,35,0,118,21,0,21,139
01/25/2020,CAK,OH,AGL,CE,Towers with Radar,22,29,9,0,60,0,0,0,0,0,22,29,9,0,60,7,0,7,67
01/26/2020,CAK,OH,AGL,CE,Towers with Radar,27,26,7,0,60,0,0,0,0,0,27,26,7,0,60,0,0,0,60
01/27/2020,CAK,OH,AGL,CE,Towers with Radar,20,47,38,0,105,0,0,1,0,1,20,47,39,0,106,6,0,6,112
01/28/2020,CAK,OH,AGL,CE,Towers with Radar,18,56,26,0,100,0,0,0,0,0,18,56,26,0,100,4,0,4,104
01/29/2020,CAK,OH,AGL,CE,Towers with Radar,20,69,24,1,114,0,4,10,3,17,20,73,34,4,131,15,2,17,148
01/30/2020,CAK,OH,AGL,CE,Towers with Radar,25,58,38,4,125,0,11,20,5,36,25,69,58,9,161,37,0,37,198
01/31/2020,CAK,OH,AGL,CE,Towers with Radar,22,60,29,0,111,0,4,15,0,19,22,64,44,0,130,44,0,44,174
02/01/2020,CAK,OH,AGL,CE,Towers with Radar,21,28,16,0,65,0,0,6,0,6,21,28,22,0,71,13,0,13,84
02/02/2020,CAK,OH,AGL,CE,Towers with Radar,24,26,27,0,77,0,0,7,0,7,24,26,34,0,84,8,0,8,92
02/03/2020,CAK,OH,AGL,CE,Towers with Radar,23,56,53,2,134,0,16,31,3,50,23,72,84,5,184,37,0,37,221
02/04/2020,CAK,OH,AGL,CE,Towers with Radar,19,58,20,6,103,0,0,2,0,2,19,58,22,6,105,11,2,13,118
02/05/2020,CAK,OH,AGL,CE,Towers with Radar,23,54,30,1,108,0,10,7,1,18,23,64,37,2,126,8,0,8,134
02/06/2020,CAK,OH,AGL,CE,Towers with Radar,21,46,17,0,84,0,0,0,0,0,21,46,17,0,84,6,0,6,90
02/07/2020,CAK,OH,AGL,CE,Towers with Radar,29,51,25,0,105,0,0,2,0,2,29,51,27,0,107,21,0,21,128
02/08/2020,CAK,OH,AGL,CE,Towers with Radar,23,24,10,0,57,0,1,1,0,2,23,25,11,0,59,7,0,7,66
02/09/2020,CAK,OH,AGL,CE,Towers with Radar,23,27,13,0,63,0,0,4,0,4,23,27,17,0,67,10,0,10,77
02/10/2020,CAK,OH,AGL,CE,Towers with Radar,20,52,26,0,98,0,0,0,0,0,20,52,26,0,98,6,0,6,104
02/11/2020,CAK,OH,AGL,CE,Towers with Radar,18,55,30,1,104,0,10,20,5,35,18,65,50,6,139,22,0,22,161
02/12/2020,CAK,OH,AGL,CE,Towers with Radar,25,51,44,0,120,0,12,16,2,30,25,63,60,2,150,29,0,29,179
02/13/2020,CAK,OH,AGL,CE,Towers with Radar,25,53,28,0,106,0,0,1,0,1,25,53,29,0,107,4,0,4,111
02/14/2020,CAK,OH,AGL,CE,Towers with Radar,22,50,26,0,98,0,19,20,0,39,22,69,46,0,137,27,0,27,164
02/15/2020,CAK,OH,AGL,CE,Towers with Radar,23,23,41,0,87,0,2,42,0,44,23,25,83,0,131,31,0,31,162
02/16/2020,CAK,OH,AGL,CE,Towers with Radar,23,34,28,0,85,0,5,13,0,18,23,39,41,0,103,22,0,22,125
02/17/2020,CAK,OH,AGL,CE,Towers with Radar,25,51,27,0,103,0,7,19,0,26,25,58,46,0,129,23,0,23,152
02/18/2020,CAK,OH,AGL,CE,Towers with Radar,25,62,34,0,121,0,3,6,4,13,25,65,40,4,134,13,8,21,155
02/19/2020,CAK,OH,AGL,CE,Towers with Radar,27,68,42,0,137,0,25,20,0,45,27,93,62,0,182,82,0,82,264
02/20/2020,CAK,OH,AGL,CE,Towers with Radar,22,56,30,6,114,0,7,9,7,23,22,63,39,13,137,56,2,58,195
02/21/2020,CAK,OH,AGL,CE,Towers with Radar,29,66,35,0,130,0,24,24,3,51,29,90,59,3,181,41,0,41,222
02/22/2020,CAK,OH,AGL,CE,Towers with Radar,23,24,31,0,78,0,6,34,0,40,23,30,65,0,118,28,0,28,146
02/23/2020,CAK,OH,AGL,CE,Towers with Radar,24,29,42,0,95,0,7,44,0,51,24,36,86,0,146,38,0,38,184
02/24/2020,CAK,OH,AGL,CE,Towers with Radar,25,52,34,0,111,0,11,13,0,24,25,63,47,0,135,23,0,23,158
02/25/2020,CAK,OH,AGL,CE,Towers with Radar,27,68,34,0,129,0,0,4,2,6,27,68,38,2,135,39,0,39,174
02/26/2020,CAK,OH,AGL,CE,Towers with Radar,29,64,19,0,112,0,0,0,0,0,29,64,19,0,112,1,0,1,113
02/27/2020,CAK,OH,AGL,CE,Towers with Radar,23,46,28,1,98,0,0,0,3,3,23,46,28,4,101,6,0,6,107
02/28/2020,CAK,OH,AGL,CE,Towers with Radar,26,58,29,2,115,0,2,7,2,11,26,60,36,4,126,15,2,17,143
02/29/2020,CAK,OH,AGL,CE,Towers with Radar,24,28,19,0,71,0,0,24,0,24,24,28,43,0,95,10,0,10,105
03/01/2020,CAK,OH,AGL,CE,Towers with Radar,25,36,35,0,96,0,8,29,0,37,25,44,64,0,133,73,0,73,206
03/02/2020,CAK,OH,AGL,CE,Towers with Radar,28,56,30,0,114,0,0,2,0,2,28,56,32,0,116,14,0,14,130
03/03/2020,CAK,OH,AGL,CE,Towers with Radar,28,37,17,0,82,0,0,0,2,2,28,37,17,2,84,8,0,8,92
03/04/2020,CAK,OH,AGL,CE,Towers with Radar,27,41,22,4,94,0,7,14,3,24,27,48,36,7,118,29,0,29,147
03/05/2020,CAK,OH,AGL,CE,Towers with Radar,33,51,40,5,129,0,34,41,5,80,33,85,81,10,209,70,4,74,283
03/06/2020,CAK,OH,AGL,CE,Towers with Radar,31,52,6,0,89,0,0,0,0,0,31,52,6,0,89,6,0,6,95
03/07/2020,CAK,OH,AGL,CE,Towers with Radar,32,28,25,0,85,0,14,45,0,59,32,42,70,0,144,49,0,49,193
03/08/2020,CAK,OH,AGL,CE,Towers with Radar,31,32,26,0,89,0,14,36,1,51,31,46,62,1,140,42,0,42,182
03/09/2020,CAK,OH,AGL,CE,Towers with Radar,32,36,27,5,100,0,6,14,1,21,32,42,41,6,121,22,0,22,143
03/10/2020,CAK,OH,AGL,CE,Towers with Radar,31,57,22,0,110,0,0,0,0,0,31,57,22,0,110,6,0,6,116
03/11/2020,CAK,OH,AGL,CE,Towers with Radar,29,48,34,1,112,0,0,1,1,2,29,48,35,2,114,13,0,13,127
03/12/2020,CAK,OH,AGL,CE,Towers with Radar,30,48,31,1,110,0,2,14,9,25,30,50,45,10,135,35,0,35,170
03/13/2020,CAK,OH,AGL,CE,Towers with Radar,28,43,27,2,100,0,1,10,4,15,28,44,37,6,115,9,0,9,124
03/14/2020,CAK,OH,AGL,CE,Towers with Radar,30,19,25,0,74,0,2,26,0,28,30,21,51,0,102,26,0,26,128
03/15/2020,CAK,OH,AGL,CE,Towers with Radar,29,27,25,0,81,0,0,21,0,21,29,27,46,0,102,34,0,34,136
03/16/2020,CAK,OH,AGL,CE,Towers with Radar,30,43,36,1,110,0,0,19,1,20,30,43,55,2,130,10,0,10,140
03/17/2020,CAK,OH,AGL,CE,Towers with Radar,27,51,18,2,98,0,0,4,10,14,27,51,22,12,112,2,4,6,118
03/18/2020,CAK,OH,AGL,CE,Towers with Radar,30,50,38,5,123,0,0,21,1,22,30,50,59,6,145,33,0,33,178
03/19/2020,CAK,OH,AGL,CE,Towers with Radar,29,41,18,7,95,0,0,0,3,3,29,41,18,10,98,4,4,8,106
03/20/2020,CAK,OH,AGL,CE,Towers with Radar,28,48,11,1,88,0,2,3,5,10,28,50,14,6,98,10,0,10,108
03/21/2020,CAK,OH,AGL,CE,Towers with Radar,28,15,13,0,56,0,0,14,0,14,28,15,27,0,70,32,0,32,102
03/22/2020,CAK,OH,AGL,CE,Towers with Radar,25,18,24,0,67,0,2,36,0,38,25,20,60,0,105,42,0,42,147
03/23/2020,CAK,OH,AGL,CE,Towers with Radar,23,28,10,0,61,0,0,0,0,0,23,28,10,0,61,0,0,0,61
03/24/2020,CAK,OH,AGL,CE,Towers with Radar,28,39,7,0,74,0,0,7,0,7,28,39,14,0,81,8,0,8,89
03/25/2020,CAK,OH,AGL,CE,Towers with Radar,23,35,11,0,69,0,0,23,0,23,23,35,34,0,92,10,0,10,102
03/26/2020,CAK,OH,AGL,CE,Towers with Radar,21,35,15,0,71,0,3,18,0,21,21,38,33,0,92,20,0,20,112
03/27/2020,CAK,OH,AGL,CE,Towers with Radar,20,32,21,0,73,0,0,5,0,5,20,32,26,0,78,30,0,30,108
03/28/2020,CAK,OH,AGL,CE,Towers with Radar,22,9,3,0,34,0,0,0,0,0,22,9,3,0,34,0,0,0,34
03/29/2020,CAK,OH,AGL,CE,Towers with Radar,20,9,10,0,39,0,0,1,0,1,20,9,11,0,40,0,0,0,40
03/30/2020,CAK,OH,AGL,CE,Towers with Radar,16,22,6,0,44,0,0,5,0,5,16,22,11,0,49,0,0,0,49
03/31/2020,CAK,OH,AGL,CE,Towers with Radar,21,28,15,0,64,0,0,5,0,5,21,28,20,0,69,4,0,4,73
04/01/2020,CAK,OH,AGL,CE,Towers with Radar,21,17,16,0,54,0,0,3,0,3,21,17,19,0,57,4,0,4,61
04/02/2020,CAK,OH,AGL,CE,Towers with Radar,20,15,24,0,59,0,1,49,2,52,20,16,73,2,111,10,0,10,121
04/03/2020,CAK,OH,AGL,CE,Towers with Radar,20,26,9,0,55,0,0,26,0,26,20,26,35,0,81,18,0,18,99
04/04/2020,CAK,OH,AGL,CE,Towers with Radar,20,8,11,0,39,0,0,43,0,43,20,8,54,0,82,7,0,7,89
04/05/2020,CAK,OH,AGL,CE,Towers with Radar,18,3,7,0,28,0,0,2,0,2,18,3,9,0,30,0,0,0,30
04/06/2020,CAK,OH,AGL,CE,Towers with Radar,15,11,11,0,37,0,0,32,0,32,15,11,43,0,69,16,0,16,85
04/07/2020,CAK,OH,AGL,CE,Towers with Radar,13,19,7,0,39,0,0,4,0,4,13,19,11,0,43,0,0,0,43
04/08/2020,CAK,OH,AGL,CE,Towers with Radar,12,18,29,0,59,0,0,27,0,27,12,18,56,0,86,20,0,20,106
04/09/2020,CAK,OH,AGL,CE,Towers with Radar,11,18,7,0,36,0,0,2,0,2,11,18,9,0,38,0,0,0,38
04/10/2020,CAK,OH,AGL,CE,Towers with Radar,9,8,7,0,24,0,0,5,0,5,9,8,12,0,29,0,0,0,29
04/11/2020,CAK,OH,AGL,CE,Towers with Radar,10,7,47,0,64,0,1,54,0,55,10,8,101,0,119,52,0,52,171
04/12/2020,CAK,OH,AGL,CE,Towers with Radar,10,3,7,0,20,0,0,14,0,14,10,3,21,0,34,6,0,6,40
04/13/2020,CAK,OH,AGL,CE,Towers with Radar,11,12,0,0,23,0,2,0,0,2,11,14,0,0,25,0,0,0,25
04/14/2020,CAK,OH,AGL,CE,Towers with Radar,11,21,30,0,62,0,0,35,0,35,11,21,65,0,97,31,0,31,128
04/15/2020,CAK,OH,AGL,CE,Towers with Radar,10,17,31,0,58,0,0,17,0,17,10,17,48,0,75,34,0,34,109
04/16/2020,CAK,OH,AGL,CE,Towers with Radar,10,19,18,1,48,0,0,16,1,17,10,19,34,2,65,28,0,28,93
04/17/2020,CAK,OH,AGL,CE,Towers with Radar,11,24,5,0,40,0,0,1,0,1,11,24,6,0,41,0,0,0,41
04/18/2020,CAK,OH,AGL,CE,Towers with Radar,10,11,26,0,47,0,0,19,0,19,10,11,45,0,66,10,0,10,76
04/19/2020,CAK,OH,AGL,CE,Towers with Radar,10,1,5,0,16,0,0,15,2,17,10,1,20,2,33,0,0,0,33
04/20/2020,CAK,OH,AGL,CE,Towers with Radar,8,15,29,0,52,0,2,55,0,57,8,17,84,0,109,30,0,30,139
04/21/2020,CAK,OH,AGL,CE,Towers with Radar,13,21,14,1,49,0,0,2,1,3,13,21,16,2,52,2,0,2,54
04/22/2020,CAK,OH,AGL,CE,Towers with Radar,8,20,26,1,55,0,2,33,1,36,8,22,59,2,91,14,0,14,105
04/23/2020,CAK,OH,AGL,CE,Towers with Radar,10,12,12,0,34,0,0,11,0,11,10,12,23,0,45,10,0,10,55
04/24/2020,CAK,OH,AGL,CE,Towers with Radar,10,26,28,0,64,0,0,20,0,20,10,26,48,0,84,32,0,32,116
04/25/2020,CAK,OH,AGL,CE,Towers with Radar,8,15,24,0,47,0,0,36,0,36,8,15,60,0,83,34,0,34,117
04/26/2020,CAK,OH,AGL,CE,Towers with Radar,12,7,12,0,31,0,0,0,0,0,12,7,12,0,31,0,0,0,31
04/27/2020,CAK,OH,AGL,CE,Towers with Radar,10,18,15,1,44,0,3,24,1,28,10,21,39,2,72,18,0,18,90
04/28/2020,CAK,OH,AGL,CE,Towers with Radar,10,12,27,1,50,0,1,14,1,16,10,13,41,2,66,26,0,26,92
04/29/2020,CAK,OH,AGL,CE,Towers with Radar,9,22,16,0,47,0,0,1,2,3,9,22,17,2,50,2,0,2,52
04/30/2020,CAK,OH,AGL,CE,Towers with Radar,12,15,15,2,44,0,4,0,0,4,12,19,15,2,48,4,0,4,52
05/01/2020,CAK,OH,AGL,CE,Towers with Radar,10,23,25,0,58,0,0,10,0,10,10,23,35,0,68,4,0,4,72
05/02/2020,CAK,OH,AGL,CE,Towers with Radar,11,6,36,0,53,0,0,49,0,49,11,6,85,0,102,40,0,40,142
05/03/2020,CAK,OH,AGL,CE,Towers with Radar,12,5,24,0,41,0,0,23,2,25,12,5,47,2,66,20,0,20,86
05/04/2020,CAK,OH,AGL,CE,Towers with Radar,12,17,18,0,47,0,0,34,0,34,12,17,52,0,81,30,0,30,111
05/05/2020,CAK,OH,AGL,CE,Towers with Radar,10,20,21,1,52,0,0,17,1,18,10,20,38,2,70,16,0,16,86
05/06/2020,CAK,OH,AGL,CE,Towers with Radar,14,19,24,1,58,0,2,18,1,21,14,21,42,2,79,24,0,24,103
05/07/2020,CAK,OH,AGL,CE,Towers with Radar,8,13,35,0,56,0,0,20,2,22,8,13,55,2,78,10,0,10,88
05/08/2020,CAK,OH,AGL,CE,Towers with Radar,11,22,23,0,56,0,1,9,0,10,11,23,32,0,66,16,0,16,82
05/09/2020,CAK,OH,AGL,CE,Towers with Radar,6,12,20,0,38,0,2,11,0,13,6,14,31,0,51,14,0,14,65
05/10/2020,CAK,OH,AGL,CE,Towers with Radar,8,2,9,0,19,0,0,11,0,11,8,2,20,0,30,7,0,7,37
05/11/2020,CAK,OH,AGL,CE,Towers with Radar,8,13,20,0,41,0,0,3,0,3,8,13,23,0,44,16,0,16,60
05/12/2020,CAK,OH,AGL,CE,Towers with Radar,5,19,19,2,45,0,1,40,3,44,5,20,59,5,89,4,0,4,93
05/13/2020,CAK,OH,AGL,CE,Towers with Radar,6,22,51,0,79,0,1,69,2,72,6,23,120,2,151,60,0,60,211
05/14/2020,CAK,OH,AGL,CE,Towers with Radar,6,11,11,2,30,0,0,0,2,2,6,11,11,4,32,0,0,0,32
05/15/2020,CAK,OH,AGL,CE,Towers with Radar,6,19,10,0,35,0,2,3,0,5,6,21,13,0,40,2,0,2,42
05/16/2020,CAK,OH,AGL,CE,Towers with Radar,5,9,33,0,47,0,0,39,0,39,5,9,72,0,86,16,0,16,102
05/17/2020,CAK,OH,AGL,CE,Towers with Radar,7,5,15,0,27,0,0,15,2,17,7,5,30,2,44,6,0,6,50
05/18/2020,CAK,OH,AGL,CE,Towers with Radar,6,15,19,4,44,0,2,4,0,6,6,17,23,4,50,6,0,6,56
05/19/2020,CAK,OH,AGL,CE,Towers with Radar,4,10,6,2,22,0,1,5,8,14,4,11,11,10,36,0,0,0,36
05/20/2020,CAK,OH,AGL,CE,Towers with Radar,6,28,46,2,82,0,1,39,7,47,6,29,85,9,129,52,0,52,181
05/21/2020,CAK,OH,AGL,CE,Towers with Radar,6,21,67,7,101,0,0,34,11,45,6,21,101,18,146,41,8,49,195
05/22/2020,CAK,OH,AGL,CE,Towers with Radar,7,36,26,6,75,0,0,3,0,3,7,36,29,6,78,4,0,4,82
05/23/2020,CAK,OH,AGL,CE,Towers with Radar,4,9,26,4,43,0,0,25,1,26,4,9,51,5,69,18,0,18,87
05/24/2020,CAK,OH,AGL,CE,Towers with Radar,7,3,27,0,37,0,0,36,8,44,7,3,63,8,81,18,0,18,99
05/25/2020,CAK,OH,AGL,CE,Towers with Radar,7,5,13,0,25,0,0,17,0,17,7,5,30,0,42,38,0,38,80
05/26/2020,CAK,OH,AGL,CE,Towers with Radar,4,23,31,0,58,0,6,45,8,59,4,29,76,8,117,31,0,31,148
05/27/2020,CAK,OH,AGL,CE,Towers with Radar,6,32,33,17,88,0,3,26,4,33,6,35,59,21,121,36,10,46,167
05/28/2020,CAK,OH,AGL,CE,Towers with Radar,6,19,21,0,46,0,0,4,3,7,6,19,25,3,53,16,0,16,69
05/29/2020,CAK,OH,AGL,CE,Towers with Radar,6,30,30,2,68,0,0,4,2,6,6,30,34,4,74,56,0,56,130
05/30/2020,CAK,OH,AGL,CE,Towers with Radar,4,5,27,0,36,0,1,23,1,25,4,6,50,1,61,16,0,16,77
05/31/2020,CAK,OH,AGL,CE,Towers with Radar,8,12,34,0,54,0,0,23,0,23,8,12,57,0,77,20,0,20,97
06/01/2020,CAK,OH,AGL,CE,Combined TRACON& Tower with Radar,6,18,45,0,69,0,0,55,4,59,6,18,100,4,128,52,0,52,180
06/02/2020,CAK,OH,AGL,CE,Combined TRACON& Tower with Radar,5,17,39,2,63,0,0,49,2,51,5,17,88,4,114,76,0,76,190
06/03/2020,CAK,OH,AGL,CE,Combined TRACON& Tower with Radar,7,23,26,2,58,0,1,14,8,23,7,24,40,10,81,53,0,53,134
06/04/2020,CAK,OH,AGL,CE,Combined TRACON& Tower with Radar,6,27,30,1,64,0,0,5,7,12,6,27,35,8,76,8,4,12,88
06/05/2020,CAK,OH,AGL,CE,Combined TRACON& Tower with Radar,6,29,32,1,68,0,4,16,1,21,6,33,48,2,89,32,0,32,121
06/06/2020,CAK,OH,AGL,CE,Combined TRACON& Tower with Radar,5,21,29,0,55,0,2,53,0,55,5,23,82,0,110,54,0,54,164
06/07/2020,CAK,OH,AGL,CE,Combined TRACON& Tower with Radar,6,3,50,0,59,0,2,68,0,70,6,5,118,0,129,72,0,72,201
06/08/2020,CAK,OH,AGL,CE,Combined TRACON& Tower with Radar,6,30,41,10,87,0,6,65,0,71,6,36,106,10,158,78,0,78,236
06/09/2020,CAK,OH,AGL,CE,Combined TRACON& Tower with Radar,5,39,32,0,76,0,12,32,4,48,5,51,64,4,124,47,0,47,171
06/10/2020,CAK,OH,AGL,CE,Combined TRACON& Tower with Radar,10,19,32,1,62,0,0,9,1,10,10,19,41,2,72,10,0,10,82
06/11/2020,CAK,OH,AGL,CE,Combined TRACON& Tower with Radar,8,25,35,0,68,0,3,29,10,42,8,28,64,10,110,46,0,46,156
06/12/2020,CAK,OH,AGL,CE,Combined TRACON& Tower with Radar,11,30,46,0,87,0,15,45,1,61,11,45,91,1,148,32,0,32,180
06/13/2020,CAK,OH,AGL,CE,Combined TRACON& Tower with Radar,4,7,31,0,42,0,4,34,0,38,4,11,65,0,80,42,0,42,122
06/14/2020,CAK,OH,AGL,CE,Combined TRACON& Tower with Radar,8,13,40,0,61,0,2,29,1,32,8,15,69,1,93,16,0,16,109
06/15/2020,CAK,OH,AGL,CE,Combined TRACON& Tower with Radar,8,19,37,0,64,0,11,46,0,57,8,30,83,0,121,40,0,40,161
06/16/2020,CAK,OH,AGL,CE,Combined TRACON& Tower with Radar,4,40,27,0,71,0,9,42,2,53,4,49,69,2,124,52,0,52,176
06/17/2020,CAK,OH,AGL,CE,Combined TRACON& Tower with Radar,9,37,47,2,95,0,1,47,2,50,9,38,94,4,145,38,2,40,185
06/18/2020,CAK,OH,AGL,CE,Combined TRACON& Tower with Radar,10,39,30,3,82,0,2,19,8,29,10,41,49,11,111,30,0,30,141
06/19/2020,CAK,OH,AGL,CE,Combined TRACON& Tower with Radar,8,34,39,0,81,0,2,6,0,8,8,36,45,0,89,32,0,32,121
06/20/2020,CAK,OH,AGL,CE,Combined TRACON& Tower with Radar,4,9,42,2,57,0,2,41,6,49,4,11,83,8,106,38,2,40,146
06/21/2020,CAK,OH,AGL,CE,Combined TRACON& Tower with Radar,13,10,20,0,43,0,0,22,1,23,13,10,42,1,66,12,0,12,78
06/22/2020,CAK,OH,AGL,CE,Combined TRACON& Tower with Radar,6,21,31,0,58,0,0,2,8,10,6,21,33,8,68,32,2,34,102
06/23/2020,CAK,OH,AGL,CE,Combined TRACON& Tower with Radar,4,25,16,6,51,0,0,2,6,8,4,25,18,12,59,32,4,36,95
06/24/2020,CAK,OH,AGL,CE,Combined TRACON& Tower with Radar,7,40,42,0,89,0,6,43,10,59,7,46,85,10,148,48,0,48,196
06/25/2020,CAK,OH,AGL,CE,Combined TRACON& Tower with Radar,8,26,22,4,60,0,8,32,9,49,8,34,54,13,109,20,3,23,132
06/26/2020,CAK,OH,AGL,CE,Combined TRACON& Tower with Radar,8,31,36,1,76,0,4,28,1,33,8,35,64,2,109,58,0,58,167
06/27/2020,CAK,OH,AGL,CE,Combined TRACON& Tower with Radar,4,7,11,0,22,0,0,4,1,5,4,7,15,1,27,2,0,2,29
06/28/2020,CAK,OH,AGL,CE,Combined TRACON& Tower with Radar,9,13,39,1,62,0,0,33,3,36,9,13,72,4,98,34,0,34,132
06/29/2020,CAK,OH,AGL,CE,Combined TRACON& Tower with Radar,5,31,29,0,65,0,20,37,1,58,5,51,66,1,123,66,0,66,189
06/30/2020,CAK,OH,AGL,CE,Combined TRACON& Tower with Radar,5,32,31,1,69,0,10,44,5,59,5,42,75,6,128,46,0,46,174
07/01/2020,CAK,OH,AGL,CE,Towers with Radar,9,39,45,0,93,0,18,28,0,46,9,57,73,0,139,66,0,66,205
07/02/2020,CAK,OH,AGL,CE,Towers with Radar,8,23,60,0,91,0,13,56,1,70,8,36,116,1,161,86,0,86,247
07/03/2020,CAK,OH,AGL,CE,Towers with Radar,10,6,19,0,35,0,2,44,1,47,10,8,63,1,82,18,0,18,100
07/04/2020,CAK,OH,AGL,CE,Towers with Radar,10,4,12,0,26,0,0,17,3,20,10,4,29,3,46,10,0,10,56
07/05/2020,CAK,OH,AGL,CE,Towers with Radar,9,10,26,0,45,0,0,31,0,31,9,10,57,0,76,12,0,12,88
07/06/2020,CAK,OH,AGL,CE,Towers with Radar,9,30,28,0,67,0,5,38,2,45,9,35,66,2,112,38,0,38,150
07/07/2020,CAK,OH,AGL,CE,Towers with Radar,18,31,28,0,77,0,8,11,0,19,18,39,39,0,96,36,0,36,132
07/08/2020,CAK,OH,AGL,CE,Towers with Radar,12,30,35,0,77,0,19,22,0,41,12,49,57,0,118,28,0,28,146
07/09/2020,CAK,OH,AGL,CE,Towers with Radar,18,31,29,0,78,0,21,37,2,60,18,52,66,2,138,60,0,60,198
07/10/2020,CAK,OH,AGL,CE,Towers with Radar,17,28,15,0,60,0,1,13,0,14,17,29,28,0,74,18,0,18,92
07/11/2020,CAK,OH,AGL,CE,Towers with Radar,17,25,32,0,74,0,0,15,0,15,17,25,47,0,89,16,0,16,105
07/12/2020,CAK,OH,AGL,CE,Towers with Radar,19,10,30,0,59,0,1,26,2,29,19,11,56,2,88,31,0,31,119
07/13/2020,CAK,OH,AGL,CE,Towers with Radar,17,32,33,0,82,0,11,37,0,48,17,43,70,0,130,52,0,52,182
07/14/2020,CAK,OH,AGL,CE,Towers with Radar,14,37,30,0,81,0,18,44,0,62,14,55,74,0,143,90,0,90,233
07/15/2020,CAK,OH,AGL,CE,Towers with Radar,13,30,59,0,102,0,20,42,0,62,13,50,101,0,164,76,0,76,240
07/16/2020,CAK,OH,AGL,CE,Towers with Radar,18,29,28,0,75,0,0,19,0,19,18,29,47,0,94,12,0,12,106
07/17/2020,CAK,OH,AGL,CE,Towers with Radar,18,31,34,0,83,0,16,38,0,54,18,47,72,0,137,48,0,48,185
07/18/2020,CAK,OH,AGL,CE,Towers with Radar,16,3,34,0,53,0,2,54,1,57,16,5,88,1,110,59,0,59,169
07/19/2020,CAK,OH,AGL,CE,Towers with Radar,19,5,33,0,57,0,3,22,1,26,19,8,55,1,83,17,0,17,100
07/20/2020,CAK,OH,AGL,CE,Towers with Radar,18,29,28,0,75,0,24,29,0,53,18,53,57,0,128,62,0,62,190
07/21/2020,CAK,OH,AGL,CE,Towers with Radar,11,37,28,1,77,0,22,18,0,40,11,59,46,1,117,72,0,72,189
07/22/2020,CAK,OH,AGL,CE,Towers with Radar,15,29,34,1,79,0,0,7,0,7,15,29,41,1,86,32,0,32,118
07/23/2020,CAK,OH,AGL,CE,Towers with Radar,19,25,33,0,77,0,5,7,0,12,19,30,40,0,89,36,0,36,125
07/24/2020,CAK,OH,AGL,CE,Towers with Radar,21,32,47,0,100,0,16,57,0,73,21,48,104,0,173,110,0,110,283
07/25/2020,CAK,OH,AGL,CE,Towers with Radar,16,25,40,0,81,0,8,36,0,44,16,33,76,0,125,62,0,62,187
07/26/2020,CAK,OH,AGL,CE,Towers with Radar,18,13,36,0,67,0,9,46,0,55,18,22,82,0,122,110,0,110,232
07/27/2020,CAK,OH,AGL,CE,Towers with Radar,16,24,21,0,61,0,2,4,0,6,16,26,25,0,67,12,0,12,79
07/28/2020,CAK,OH,AGL,CE,Towers with Radar,14,24,56,0,94,0,34,39,2,75,14,58,95,2,169,86,0,86,255
07/29/2020,CAK,OH,AGL,CE,Towers with Radar,12,25,47,1,85,0,24,41,6,71,12,49,88,7,156,95,0,95,251
07/30/2020,CAK,OH,AGL,CE,Towers with Radar,19,33,39,0,91,0,23,30,0,53,19,56,69,0,144,124,0,124,268
07/31/2020,CAK,OH,AGL,CE,Towers with Radar,18,42,53,0,113,0,22,42,1,65,18,64,95,1,178,204,0,204,382
08/01/2020,CAK,OH,AGL,CE,Towers with Radar,22,15,30,0,67,0,0,8,0,8,22,15,38,0,75,26,0,26,101
08/02/2020,CAK,OH,AGL,CE,Towers with Radar,19,7,23,0,49,0,0,1,0,1,19,7,24,0,50,6,0,6,56
08/03/2020,CAK,OH,AGL,CE,Towers with Radar,18,7,37,0,62,0,0,24,0,24,18,7,61,0,86,44,0,44,130
08/04/2020,CAK,OH,AGL,CE,Towers with Radar,10,18,24,0,52,0,2,11,0,13,10,20,35,0,65,16,0,16,81
08/05/2020,CAK,OH,AGL,CE,Towers with Radar,13,29,76,0,118,0,8,59,0,67,13,37,135,0,185,82,0,82,267
08/06/2020,CAK,OH,AGL,CE,Towers with Radar,23,28,39,1,91,0,3,41,3,47,23,31,80,4,138,34,0,34,172
08/07/2020,CAK,OH,AGL,CE,Towers with Radar,19,27,60,8,114,1,6,68,2,77,20,33,128,10,191,70,8,78,269
08/08/2020,CAK,OH,AGL,CE,Towers with Radar,19,20,49,0,88,0,6,73,2,81,19,26,122,2,169,86,0,86,255
08/09/2020,CAK,OH,AGL,CE,Towers with Radar,19,11,51,0,81,0,8,68,1,77,19,19,119,1,158,180,0,180,338
08/10/2020,CAK,OH,AGL,CE,Towers with Radar,19,15,53,0,87,0,0,48,1,49,19,15,101,1,136,70,0,70,206
08/11/2020,CAK,OH,AGL,CE,Towers with Radar,12,25,51,0,88,0,0,52,0,52,12,25,103,0,140,54,0,54,194
08/12/2020,CAK,OH,AGL,CE,Towers with Radar,12,29,36,0,77,0,0,24,0,24,12,29,60,0,101,52,0,52,153
08/13/2020,CAK,OH,AGL,CE,Towers with Radar,21,62,51,0,134,0,7,43,2,52,21,69,94,2,186,66,0,66,252
08/14/2020,CAK,OH,AGL,CE,Towers with Radar,19,44,39,0,102,0,18,35,1,54,19,62,74,1,156,66,0,66,222
08/15/2020,CAK,OH,AGL,CE,Towers with Radar,16,22,41,0,79,0,6,24,0,30,16,28,65,0,109,84,0,84,193
08/16/2020,CAK,OH,AGL,CE,Towers with Radar,18,6,27,0,51,0,2,21,0,23,18,8,48,0,74,34,0,34,108
08/17/2020,CAK,OH,AGL,CE,Towers with Radar,21,14,24,0,59,0,0,25,0,25,21,14,49,0,84,22,0,22,106
08/18/2020,CAK,OH,AGL,CE,Towers with Radar,14,23,38,0,75,0,1,44,0,45,14,24,82,0,120,52,0,52,172
08/19/2020,CAK,OH,AGL,CE,Towers with Radar,12,31,35,0,78,0,6,61,0,67,12,37,96,0,145,58,0,58,203
08/20/2020,CAK,OH,AGL,CE,Towers with Radar,16,38,57,2,113,0,17,70,0,87,16,55,127,2,200,58,0,58,258
08/21/2020,CAK,OH,AGL,CE,Towers with Radar,15,36,41,0,92,0,7,56,0,63,15,43,97,0,155,82,0,82,237
08/22/2020,CAK,OH,AGL,CE,Towers with Radar,17,33,39,0,89,0,17,66,4,87,17,50,105,4,176,54,0,54,230
08/23/2020,CAK,OH,AGL,CE,Towers with Radar,18,10,41,0,69,0,2,30,0,32,18,12,71,0,101,26,0,26,127
08/24/2020,CAK,OH,AGL,CE,Towers with Radar,18,21,49,0,88,0,2,24,0,26,18,23,73,0,114,36,0,36,150
08/25/2020,CAK,OH,AGL,CE,Towers with Radar,13,21,54,0,88,0,0,49,0,49,13,21,103,0,137,96,0,96,233
08/26/2020,CAK,OH,AGL,CE,Towers with Radar,16,21,43,0,80,0,0,30,0,30,16,21,73,0,110,48,0,48,158
08/27/2020,CAK,OH,AGL,CE,Towers with Radar,16,29,34,0,79,0,1,14,2,17,16,30,48,2,96,22,0,22,118
08/28/2020,CAK,OH,AGL,CE,Towers with Radar,21,20,24,0,65,0,0,1,0,1,21,20,25,0,66,0,0,0,66
08/29/2020,CAK,OH,AGL,CE,Towers with Radar,16,23,26,0,65,0,0,8,0,8,16,23,34,0,73,14,0,14,87
08/30/2020,CAK,OH,AGL,CE,Towers with Radar,17,23,50,0,90,0,11,42,0,53,17,34,92,0,143,62,0,62,205
08/31/2020,CAK,OH,AGL,CE,Towers with Radar,16,22,38,0,76,0,0,46,1,47,16,22,84,1,123,44,0,44,167
09/01/2020,CAK,OH,AGL,CE,Towers with Radar,10,41,46,0,97,0,16,17,0,33,10,57,63,0,130,46,0,46,176
09/02/2020,CAK,OH,AGL,CE,Towers with Radar,16,46,60,0,122,0,2,12,0,14,16,48,72,0,136,54,0,54,190
09/03/2020,CAK,OH,AGL,CE,Towers with Radar,16,25,38,0,79,0,16,22,0,38,16,41,60,0,117,46,0,46,163
09/04/2020,CAK,OH,AGL,CE,Towers with Radar,16,47,42,2,107,0,15,48,0,63,16,62,90,2,170,40,0,40,210
09/05/2020,CAK,OH,AGL,CE,Towers with Radar,15,10,28,0,53,0,7,52,0,59,15,17,80,0,112,52,0,52,164
09/06/2020,CAK,OH,AGL,CE,Towers with Radar,14,8,36,0,58,0,0,48,0,48,14,8,84,0,106,52,0,52,158
09/07/2020,CAK,OH,AGL,CE,Towers with Radar,14,9,21,0,44,0,0,2,0,2,14,9,23,0,46,0,0,0,46
09/08/2020,CAK,OH,AGL,CE,Towers with Radar,12,21,35,13,81,0,21,38,0,59,12,42,73,13,140,72,16,88,228
09/09/2020,CAK,OH,AGL,CE,Towers with Radar,15,31,36,0,82,0,16,34,2,52,15,47,70,2,134,78,0,78,212
09/10/2020,CAK,OH,AGL,CE,Towers with Radar,14,37,40,3,94,0,0,5,1,6,14,37,45,4,100,20,0,20,120
09/11/2020,CAK,OH,AGL,CE,Towers with Radar,14,35,59,1,109,0,3,28,0,31,14,38,87,1,140,30,0,30,170
09/12/2020,CAK,OH,AGL,CE,Towers with Radar,14,17,23,0,54,0,8,31,0,39,14,25,54,0,93,20,0,20,113
09/13/2020,CAK,OH,AGL,CE,Towers with Radar,14,11,36,0,61,0,4,20,1,25,14,15,56,1,86,34,0,34,120
09/14/2020,CAK,OH,AGL,CE,Towers with Radar,14,33,31,0,78,0,11,43,1,55,14,44,74,1,133,52,0,52,185
09/15/2020,CAK,OH,AGL,CE,Towers with Radar,16,27,26,0,69,0,16,29,0,45,16,43,55,0,114,46,0,46,160
09/16/2020,CAK,OH,AGL,CE,Towers with Radar,14,36,42,0,92,0,25,47,2,74,14,61,89,2,166,60,0,60,226
09/17/2020,CAK,OH,AGL,CE,Towers with Radar,15,39,39,0,93,0,7,17,4,28,15,46,56,4,121,44,0,44,165
09/18/2020,CAK,OH,AGL,CE,Towers with Radar,14,21,43,6,84,0,11,22,0,33,14,32,65,6,117,36,30,66,183
09/19/2020,CAK,OH,AGL,CE,Towers with Radar,14,12,27,0,53,0,11,43,3,57,14,23,70,3,110,42,0,42,152
09/20/2020,CAK,OH,AGL,CE,Towers with Radar,16,10,36,1,63,0,2,52,7,61,16,12,88,8,124,50,0,50,174
09/21/2020,CAK,OH,AGL,CE,Towers with Radar,14,22,34,0,70,0,15,38,0,53,14,37,72,0,123,70,0,70,193
09/22/2020,CAK,OH,AGL,CE,Towers with Radar,13,29,29,0,71,0,13,42,0,55,13,42,71,0,126,50,0,50,176
09/23/2020,CAK,OH,AGL,CE,Towers with Radar,14,29,58,0,101,0,16,46,0,62,14,45,104,0,163,78,0,78,241
09/24/2020,CAK,OH,AGL,CE,Towers with Radar,15,40,42,0,97,0,4,37,0,41,15,44,79,0,138,38,0,38,176
09/25/2020,CAK,OH,AGL,CE,Towers with Radar,14,28,36,0,78,0,6,47,4,57,14,34,83,4,135,86,0,86,221
09/26/2020,CAK,OH,AGL,CE,Towers with Radar,13,15,41,0,69,0,2,45,0,47,13,17,86,0,116,42,0,42,158
09/27/2020,CAK,OH,AGL,CE,Towers with Radar,15,15,50,0,80,0,6,27,0,33,15,21,77,0,113,70,0,70,183
09/28/2020,CAK,OH,AGL,CE,Towers with Radar,14,24,31,2,71,0,0,5,0,5,14,24,36,2,76,16,4,20,96
09/29/2020,CAK,OH,AGL,CE,Towers with Radar,13,23,27,0,63,0,0,10,0,10,13,23,37,0,73,14,0,14,87
09/30/2020,CAK,OH,AGL,CE,Towers with Radar,16,36,38,0,90,0,0,11,0,11,16,36,49,0,101,6,0,6,107
10/01/2020,CAK,OH,AGL,CE,Towers with Radar,21,31,40,2,94,0,3,40,0,43,21,34,80,2,137,36,0,36,173
10/02/2020,CAK,OH,AGL,CE,Towers with Radar,16,41,52,0,109,0,4,41,0,45,16,45,93,0,154,76,0,76,230
10/03/2020,CAK,OH,AGL,CE,Towers with Radar,12,18,33,0,63,0,4,41,0,45,12,22,74,0,108,34,0,34,142
10/04/2020,CAK,OH,AGL,CE,Towers with Radar,19,8,35,0,62,0,0,16,0,16,19,8,51,0,78,26,0,26,104
10/05/2020,CAK,OH,AGL,CE,Towers with Radar,16,21,36,0,73,0,19,32,0,51,16,40,68,0,124,52,0,52,176
10/06/2020,CAK,OH,AGL,CE,Towers with Radar,13,23,40,0,76,0,6,20,0,26,13,29,60,0,102,26,0,26,128
10/07/2020,CAK,OH,AGL,CE,Towers with Radar,14,34,34,0,82,0,5,18,0,23,14,39,52,0,105,28,0,28,133
10/08/2020,CAK,OH,AGL,CE,Towers with Radar,17,45,60,4,126,0,16,40,0,56,17,61,100,4,182,115,0,115,297
10/09/2020,CAK,OH,AGL,CE,Towers with Radar,18,35,48,0,101,0,5,42,0,47,18,40,90,0,148,54,0,54,202
10/10/2020,CAK,OH,AGL,CE,Towers with Radar,13,15,21,0,49,0,0,17,0,17,13,15,38,0,66,40,0,40,106
10/11/2020,CAK,OH,AGL,CE,Towers with Radar,18,7,34,0,59,0,0,11,0,11,18,7,45,0,70,12,0,12,82
10/12/2020,CAK,OH,AGL,CE,Towers with Radar,16,39,36,0,91,0,4,8,0,12,16,43,44,0,103,8,0,8,111
10/13/2020,CAK,OH,AGL,CE,Towers with Radar,11,28,38,0,77,0,23,55,2,80,11,51,93,2,157,134,0,134,291
10/14/2020,CAK,OH,AGL,CE,Towers with Radar,12,50,46,0,108,0,18,48,0,66,12,68,94,0,174,89,0,89,263
10/15/2020,CAK,OH,AGL,CE,Towers with Radar,18,33,36,0,87,0,1,11,0,12,18,34,47,0,99,14,0,14,113
10/16/2020,CAK,OH,AGL,CE,Towers with Radar,16,31,54,0,101,0,12,41,1,54,16,43,95,1,155,62,0,62,217
10/17/2020,CAK,OH,AGL,CE,Towers with Radar,12,21,33,0,66,0,9,46,2,57,12,30,79,2,123,62,0,62,185
10/18/2020,CAK,OH,AGL,CE,Towers with Radar,20,11,28,0,59,0,0,10,2,12,20,11,38,2,71,8,0,8,79
10/19/2020,CAK,OH,AGL,CE,Towers with Radar,16,19,20,0,55,0,0,0,0,0,16,19,20,0,55,2,0,2,57
10/20/2020,CAK,OH,AGL,CE,Towers with Radar,13,41,27,0,81,0,0,0,0,0,13,41,27,0,81,44,0,44,125
10/21/2020,CAK,OH,AGL,CE,Towers with Radar,12,49,32,0,93,0,2,4,0,6,12,51,36,0,99,8,0,8,107
10/22/2020,CAK,OH,AGL,CE,Towers with Radar,18,36,28,0,82,0,8,45,0,53,18,44,73,0,135,54,0,54,189
10/23/2020,CAK,OH,AGL,CE,Towers with Radar,21,31,26,0,78,0,3,19,0,22,21,34,45,0,100,20,0,20,120
10/24/2020,CAK,OH,AGL,CE,Towers with Radar,13,19,16,0,48,0,0,8,0,8,13,19,24,0,56,10,0,10,66
10/25/2020,CAK,OH,AGL,CE,Towers with Radar,22,12,29,0,63,0,8,41,0,49,22,20,70,0,112,32,0,32,144
10/26/2020,CAK,OH,AGL,CE,Towers with Radar,17,21,43,2,83,0,0,0,0,0,17,21,43,2,83,22,0,22,105
10/27/2020,CAK,OH,AGL,CE,Towers with Radar,12,32,26,0,70,0,0,2,2,4,12,32,28,2,74,12,0,12,86
10/28/2020,CAK,OH,AGL,CE,Towers with Radar,14,41,42,0,97,0,1,9,0,10,14,42,51,0,107,46,0,46,153
10/29/2020,CAK,OH,AGL,CE,Towers with Radar,18,36,24,0,78,0,0,0,0,0,18,36,24,0,78,4,0,4,82
10/30/2020,CAK,OH,AGL,CE,Towers with Radar,18,35,36,0,89,0,0,3,0,3,18,35,39,0,92,6,0,6,98
10/31/2020,CAK,OH,AGL,CE,Towers with Radar,11,15,43,0,69,0,3,76,0,79,11,18,119,0,148,46,0,46,194
11/01/2020,CAK,OH,AGL,CE,Towers with Radar,15,9,12,0,36,0,0,0,0,0,15,9,12,0,36,0,0,0,36
11/02/2020,CAK,OH,AGL,CE,Towers with Radar,16,24,28,0,68,0,2,14,0,16,16,26,42,0,84,16,0,16,100
11/03/2020,CAK,OH,AGL,CE,Towers with Radar,11,28,21,4,64,0,16,32,0,48,11,44,53,4,112,82,0,82,194
11/04/2020,CAK,OH,AGL,CE,Towers with Radar,9,46,37,0,92,0,12,30,2,44,9,58,67,2,136,56,0,56,192
11/05/2020,CAK,OH,AGL,CE,Towers with Radar,14,41,56,10,121,0,20,57,3,80,14,61,113,13,201,128,10,138,339
11/06/2020,CAK,OH,AGL,CE,Towers with Radar,18,44,28,0,90,0,24,48,0,72,18,68,76,0,162,80,0,80,242
11/07/2020,CAK,OH,AGL,CE,Towers with Radar,12,20,26,0,58,0,5,67,0,72,12,25,93,0,130,18,0,18,148
11/08/2020,CAK,OH,AGL,CE,Towers with Radar,19,15,31,0,65,0,12,46,0,58,19,27,77,0,123,30,0,30,153
11/09/2020,CAK,OH,AGL,CE,Towers with Radar,15,27,22,0,64,0,34,24,0,58,15,61,46,0,122,112,0,112,234
11/10/2020,CAK,OH,AGL,CE,Towers with Radar,10,36,37,1,84,0,10,41,3,54,10,46,78,4,138,60,0,60,198
11/11/2020,CAK,OH,AGL,CE,Towers with Radar,9,36,38,0,83,0,1,14,0,15,9,37,52,0,98,22,0,22,120
11/12/2020,CAK,OH,AGL,CE,Towers with Radar,14,43,38,2,97,0,5,43,4,52,14,48,81,6,149,62,0,62,211
11/13/2020,CAK,OH,AGL,CE,Towers with Radar,15,48,41,1,105,0,7,29,1,37,15,55,70,2,142,62,0,62,204
11/14/2020,CAK,OH,AGL,CE,Towers with Radar,12,17,36,0,65,0,11,38,0,49,12,28,74,0,114,64,0,64,178
11/15/2020,CAK,OH,AGL,CE,Towers with Radar,14,6,6,0,26,0,0,0,0,0,14,6,6,0,26,0,0,0,26
11/16/2020,CAK,OH,AGL,CE,Towers with Radar,14,23,20,0,57,0,4,11,0,15,14,27,31,0,72,10,0,10,82
11/17/2020,CAK,OH,AGL,CE,Towers with Radar,11,21,8,2,42,0,0,2,0,2,11,21,10,2,44,4,0,4,48
11/18/2020,CAK,OH,AGL,CE,Towers with Radar,13,42,42,0,97,0,13,37,0,50,13,55,79,0,147,64,0,64,211
11/19/2020,CAK,OH,AGL,CE,Towers with Radar,15,34,19,0,68,0,0,7,2,9,15,34,26,2,77,0,0,0,77
11/20/2020,CAK,OH,AGL,CE,Towers with Radar,16,36,28,0,80,0,0,27,3,30,16,36,55,3,110,22,0,22,132
11/21/2020,CAK,OH,AGL,CE,Towers with Radar,18,23,19,0,60,0,2,2,0,4,18,25,21,0,64,14,0,14,78
11/22/2020,CAK,OH,AGL,CE,Towers with Radar,19,12,20,0,51,0,0,0,0,0,19,12,20,0,51,8,0,8,59
11/23/2020,CAK,OH,AGL,CE,Towers with Radar,14,25,19,0,58,0,4,8,1,13,14,29,27,1,71,14,0,14,85
11/24/2020,CAK,OH,AGL,CE,Towers with Radar,17,49,47,0,113,0,8,36,0,44,17,57,83,0,157,42,0,42,199
11/25/2020,CAK,OH,AGL,CE,Towers with Radar,17,34,17,0,68,0,0,0,0,0,17,34,17,0,68,4,0,4,72
11/26/2020,CAK,OH,AGL,CE,Towers with Radar,3,12,10,0,25,0,0,0,2,2,3,12,10,2,27,4,0,4,31
11/27/2020,CAK,OH,AGL,CE,Towers with Radar,15,20,29,0,64,0,0,21,2,23,15,20,50,2,87,16,0,16,103
11/28/2020,CAK,OH,AGL,CE,Towers with Radar,16,15,38,0,69,0,3,55,1,59,16,18,93,1,128,18,0,18,146
11/29/2020,CAK,OH,AGL,CE,Towers with Radar,16,28,42,0,86,0,4,36,0,40,16,32,78,0,126,22,0,22,148
11/30/2020,CAK,OH,AGL,CE,Towers with Radar,16,20,15,0,51,0,0,0,0,0,16,20,15,0,51,2,0,2,53
12/01/2020,CAK,OH,AGL,CE,Towers with Radar,16,40,10,0,66,0,0,0,0,0,16,40,10,0,66,0,0,0,66
12/02/2020,CAK,OH,AGL,CE,Towers with Radar,9,59,16,0,84,0,6,25,2,33,9,65,41,2,117,60,0,60,177
12/03/2020,CAK,OH,AGL,CE,Towers with Radar,16,53,37,1,107,0,3,30,1,34,16,56,67,2,141,50,0,50,191
12/04/2020,CAK,OH,AGL,CE,Towers with Radar,12,35,29,1,77,0,4,31,1,36,12,39,60,2,113,66,0,66,179
12/05/2020,CAK,OH,AGL,CE,Towers with Radar,10,11,3,0,24,0,0,3,4,7,10,11,6,4,31,0,0,0,31
12/06/2020,CAK,OH,AGL,CE,Towers with Radar,17,12,15,0,44,0,0,2,0,2,17,12,17,0,46,0,0,0,46
12/07/2020,CAK,OH,AGL,CE,Towers with Radar,10,24,22,0,56,0,0,0,0,0,10,24,22,0,56,0,0,0,56
12/08/2020,CAK,OH,AGL,CE,Towers with Radar,12,32,23,0,67,0,0,27,0,27,12,32,50,0,94,8,0,8,102
12/09/2020,CAK,OH,AGL,CE,Towers with Radar,12,29,41,0,82,0,0,6,0,6,12,29,47,0,88,31,0,31,119
12/10/2020,CAK,OH,AGL,CE,Towers with Radar,18,44,30,1,93,0,5,41,4,50,18,49,71,5,143,62,0,62,205
12/11/2020,CAK,OH,AGL,CE,Towers with Radar,12,42,27,0,81,0,13,34,2,49,12,55,61,2,130,60,0,60,190
12/12/2020,CAK,OH,AGL,CE,Towers with Radar,11,13,16,0,40,0,1,1,0,2,11,14,17,0,42,6,0,6,48
12/13/2020,CAK,OH,AGL,CE,Towers with Radar,19,17,7,0,43,0,0,2,0,2,19,17,9,0,45,10,0,10,55
12/14/2020,CAK,OH,AGL,CE,Towers with Radar,12,25,21,0,58,0,0,5,0,5,12,25,26,0,63,6,0,6,69
12/15/2020,CAK,OH,AGL,CE,Towers with Radar,11,33,30,0,74,0,3,35,0,38,11,36,65,0,112,24,0,24,136
12/16/2020,CAK,OH,AGL,CE,Towers with Radar,12,21,10,0,43,0,0,1,0,1,12,21,11,0,44,0,0,0,44
12/17/2020,CAK,OH,AGL,CE,Towers with Radar,17,41,17,0,75,0,0,2,0,2,17,41,19,0,77,0,0,0,77
12/18/2020,CAK,OH,AGL,CE,Towers with Radar,16,36,17,0,69,0,0,2,0,2,16,36,19,0,71,0,0,0,71
12/19/2020,CAK,OH,AGL,CE,Towers with Radar,12,30,38,2,82,0,9,25,0,34,12,39,63,2,116,16,0,16,132
12/20/2020,CAK,OH,AGL,CE,Towers with Radar,14,14,12,0,40,0,0,0,0,0,14,14,12,0,40,0,0,0,40
12/21/2020,CAK,OH,AGL,CE,Towers with Radar,14,25,19,0,58,0,0,1,0,1,14,25,20,0,59,0,0,0,59
12/22/2020,CAK,OH,AGL,CE,Towers with Radar,16,38,31,0,85,0,0,5,0,5,16,38,36,0,90,8,0,8,98
12/23/2020,CAK,OH,AGL,CE,Towers with Radar,12,48,43,0,103,0,1,32,1,34,12,49,75,1,137,14,0,14,151
12/24/2020,CAK,OH,AGL,CE,Towers with Radar,12,23,10,0,45,0,0,0,0,0,12,23,10,0,45,2,0,2,47
12/25/2020,CAK,OH,AGL,CE,Towers with Radar,8,12,1,0,21,0,0,0,0,0,8,12,1,0,21,0,0,0,21
12/26/2020,CAK,OH,AGL,CE,Towers with Radar,16,17,29,0,62,0,0,3,0,3,16,17,32,0,65,0,0,0,65
12/27/2020,CAK,OH,AGL,CE,Towers with Radar,15,9,21,0,45,0,0,18,0,18,15,9,39,0,63,20,0,20,83
12/28/2020,CAK,OH,AGL,CE,Towers with Radar,15,19,21,0,55,0,2,0,0,2,15,21,21,0,57,0,0,0,57
12/29/2020,CAK,OH,AGL,CE,Towers with Radar,14,24,28,0,66,0,3,43,2,48,14,27,71,2,114,20,0,20,134
12/30/2020,CAK,OH,AGL,CE,Towers with Radar,16,35,30,0,81,0,0,4,0,4,16,35,34,0,85,20,0,20,105
12/31/2020,CAK,OH,AGL,CE,Towers with Radar,11,15,10,0,36,0,0,2,0,2,11,15,12,0,38,2,0,2,40
01/01/2021,CAK,OH,AGL,CE,Towers with Radar,14,8,5,0,27,0,0,0,0,0,14,8,5,0,27,0,0,0,27
01/02/2021,CAK,OH,AGL,CE,Towers with Radar,13,15,31,0,59,0,0,0,0,0,13,15,31,0,59,0,0,0,59
01/03/2021,CAK,OH,AGL,CE,Towers with Radar,15,10,17,0,42,0,0,0,0,0,15,10,17,0,42,0,0,0,42
01/04/2021,CAK,OH,AGL,CE,Towers with Radar,12,28,19,0,59,0,0,5,0,5,12,28,24,0,64,0,0,0,64
01/05/2021,CAK,OH,AGL,CE,Towers with Radar,16,27,20,0,63,0,0,1,0,1,16,27,21,0,64,4,0,4,68
01/06/2021,CAK,OH,AGL,CE,Towers with Radar,18,28,15,0,61,0,0,2,0,2,18,28,17,0,63,0,0,0,63
01/07/2021,CAK,OH,AGL,CE,Towers with Radar,14,22,23,2,61,0,4,6,0,10,14,26,29,2,71,8,0,8,79
01/08/2021,CAK,OH,AGL,CE,Towers with Radar,14,17,19,0,50,0,0,1,0,1,14,17,20,0,51,6,0,6,57
01/09/2021,CAK,OH,AGL,CE,Towers with Radar,12,32,35,0,79,0,10,56,1,67,12,42,91,1,146,112,0,112,258
01/10/2021,CAK,OH,AGL,CE,Towers with Radar,14,16,27,0,57,0,6,29,0,35,14,22,56,0,92,26,0,26,118
01/11/2021,CAK,OH,AGL,CE,Towers with Radar,13,23,23,0,59,0,2,1,0,3,13,25,24,0,62,14,0,14,76
01/12/2021,CAK,OH,AGL,CE,Towers with Radar,12,20,22,0,54,0,0,1,0,1,12,20,23,0,55,2,0,2,57
01/13/2021,CAK,OH,AGL,CE,Towers with Radar,13,53,23,2,91,0,17,57,5,79,13,70,80,7,170,78,0,78,248
01/14/2021,CAK,OH,AGL,CE,Towers with Radar,15,41,31,2,89,0,14,35,7,56,15,55,66,9,145,38,0,38,183
01/15/2021,CAK,OH,AGL,CE,Towers with Radar,12,30,16,0,58,0,0,0,0,0,12,30,16,0,58,0,0,0,58
01/16/2021,CAK,OH,AGL,CE,Towers with Radar,12,22,7,0,41,0,0,0,0,0,12,22,7,0,41,0,0,0,41
01/17/2021,CAK,OH,AGL,CE,Towers with Radar,14,9,19,0,42,0,0,0,0,0,14,9,19,0,42,0,0,0,42
01/18/2021,CAK,OH,AGL,CE,Towers with Radar,12,15,16,0,43,0,0,0,0,0,12,15,16,0,43,0,0,0,43
01/19/2021,CAK,OH,AGL,CE,Towers with Radar,13,32,15,1,61,0,14,21,3,38,13,46,36,4,99,68,0,68,167
01/20/2021,CAK,OH,AGL,CE,Towers with Radar,12,29,17,0,58,0,9,17,4,30,12,38,34,4,88,66,0,66,154
01/21/2021,CAK,OH,AGL,CE,Towers with Radar,14,23,31,3,71,0,4,27,3,34,14,27,58,6,105,0,0,0,105
01/22/2021,CAK,OH,AGL,CE,Towers with Radar,13,37,26,0,76,0,0,4,0,4,13,37,30,0,80,20,0,20,100
01/23/2021,CAK,OH,AGL,CE,Towers with Radar,12,15,24,0,51,0,3,45,0,48,12,18,69,0,99,46,0,46,145
01/24/2021,CAK,OH,AGL,CE,Towers with Radar,14,15,35,0,64,0,2,21,0,23,14,17,56,0,87,22,0,22,109
01/25/2021,CAK,OH,AGL,CE,Towers with Radar,11,27,20,0,58,0,2,5,0,7,11,29,25,0,65,20,0,20,85
01/26/2021,CAK,OH,AGL,CE,Towers with Radar,13,23,10,0,46,0,0,0,0,0,13,23,10,0,46,0,0,0,46
01/27/2021,CAK,OH,AGL,CE,Towers with Radar,12,31,24,0,67,0,1,2,0,3,12,32,26,0,70,16,0,16,86
01/28/2021,CAK,OH,AGL,CE,Towers with Radar,12,27,28,1,68,0,0,3,0,3,12,27,31,1,71,2,0,2,73
01/29/2021,CAK,OH,AGL,CE,Towers with Radar,11,25,23,2,61,0,8,16,0,24,11,33,39,2,85,8,0,8,93
01/30/2021,CAK,OH,AGL,CE,Towers with Radar,14,23,35,0,72,0,8,29,0,37,14,31,64,0,109,54,0,54,163
01/31/2021,CAK,OH,AGL,CE,Towers with Radar,14,12,5,0,31,0,0,0,0,0,14,12,5,0,31,0,0,0,31
02/01/2021,CAK,OH,AGL,CE,Towers with Radar,12,26,15,0,53,0,0,0,0,0,12,26,15,0,53,6,0,6,59
02/02/2021,CAK,OH,AGL,CE,Towers with Radar,12,33,16,1,62,0,2,5,1,8,12,35,21,2,70,2,0,2,72
02/03/2021,CAK,OH,AGL,CE,Towers with Radar,12,35,23,0,70,0,2,5,2,9,12,37,28,2,79,0,0,0,79
02/04/2021,CAK,OH,AGL,CE,Towers with Radar,14,35,29,2,80,0,15,20,4,39,14,50,49,6,119,34,0,34,153
02/05/2021,CAK,OH,AGL,CE,Towers with Radar,13,30,14,0,57,0,0,4,1,5,13,30,18,1,62,0,0,0,62
02/06/2021,CAK,OH,AGL,CE,Towers with Radar,12,8,37,0,57,0,10,36,0,46,12,18,73,0,103,58,0,58,161
02/07/2021,CAK,OH,AGL,CE,Towers with Radar,14,16,18,0,48,0,2,10,0,12,14,18,28,0,60,0,0,0,60
02/08/2021,CAK,OH,AGL,CE,Towers with Radar,13,42,25,0,80,0,0,11,0,11,13,42,36,0,91,2,0,2,93
02/09/2021,CAK,OH,AGL,CE,Towers with Radar,12,39,13,0,64,0,6,2,2,10,12,45,15,2,74,12,0,12,86
02/10/2021,CAK,OH,AGL,CE,Towers with Radar,11,55,26,2,94,0,5,15,0,20,11,60,41,2,114,0,0,0,114
02/11/2021,CAK,OH,AGL,CE,Towers with Radar,14,54,19,5,92,0,5,5,4,14,14,59,24,9,106,4,4,8,114
02/12/2021,CAK,OH,AGL,CE,Towers with Radar,16,40,41,0,97,0,12,14,0,26,16,52,55,0,123,40,0,40,163
02/13/2021,CAK,OH,AGL,CE,Towers with Radar,11,19,12,0,42,0,2,1,0,3,11,21,13,0,45,4,0,4,49
02/14/2021,CAK,OH,AGL,CE,Towers with Radar,15,14,20,6,55,0,4,11,0,15,15,18,31,6,70,42,2,44,114
02/15/2021,CAK,OH,AGL,CE,Towers with Radar,10,32,9,0,51,0,0,0,0,0,10,32,9,0,51,0,0,0,51
02/16/2021,CAK,OH,AGL,CE,Towers with Radar,11,29,15,0,55,0,0,0,0,0,11,29,15,0,55,0,0,0,55
02/17/2021,CAK,OH,AGL,CE,Towers with Radar,11,38,21,2,72,0,12,18,2,32,11,50,39,4,104,55,0,55,159
02/18/2021,CAK,OH,AGL,CE,Towers with Radar,13,41,12,0,66,0,0,0,0,0,13,41,12,0,66,0,0,0,66
02/19/2021,CAK,OH,AGL,CE,Towers with Radar,13,52,13,0,78,0,0,0,0,0,13,52,13,0,78,0,0,0,78
02/20/2021,CAK,OH,AGL,CE,Towers with Radar,12,31,29,0,72,0,6,2,0,8,12,37,31,0,80,10,0,10,90
02/21/2021,CAK,OH,AGL,CE,Towers with Radar,14,26,37,0,77,0,2,30,1,33,14,28,67,1,110,14,0,14,124
02/22/2021,CAK,OH,AGL,CE,Towers with Radar,12,37,14,0,63,0,0,0,0,0,12,37,14,0,63,0,0,0,63
02/23/2021,CAK,OH,AGL,CE,Towers with Radar,14,43,31,4,92,0,2,15,4,21,14,45,46,8,113,2,0,2,115
02/24/2021,CAK,OH,AGL,CE,Towers with Radar,10,45,21,2,78,0,0,5,3,8,10,45,26,5,86,4,0,4,90
02/25/2021,CAK,OH,AGL,CE,Towers with Radar,14,55,52,2,123,0,25,27,4,56,14,80,79,6,179,28,8,36,215
02/26/2021,CAK,OH,AGL,CE,Towers with Radar,13,48,43,0,104,0,15,45,1,61,13,63,88,1,165,23,0,23,188
02/27/2021,CAK,OH,AGL,CE,Towers with Radar,12,35,14,0,61,0,2,7,0,9,12,37,21,0,70,0,0,0,70
02/28/2021,CAK,OH,AGL,CE,Towers with Radar,14,8,38,0,60,0,0,0,0,0,14,8,38,0,60,0,0,0,60
03/01/2021,CAK,OH,AGL,CE,Towers with Radar,13,45,14,0,72,0,4,5,0,9,13,49,19,0,81,0,0,0,81
03/02/2021,CAK,OH,AGL,CE,Towers with Radar,13,71,33,0,117,0,34,44,0,78,13,105,77,0,195,6,0,6,201
03/03/2021,CAK,OH,AGL,CE,Towers with Radar,10,57,57,0,124,0,18,42,1,61,10,75,99,1,185,0,0,0,185
03/04/2021,CAK,OH,AGL,CE,Towers with Radar,20,37,20,0,77,0,4,2,5,11,20,41,22,5,88,10,0,10,98
03/05/2021,CAK,OH,AGL,CE,Towers with Radar,16,43,30,0,89,0,17,29,0,46,16,60,59,0,135,59,0,59,194
03/06/2021,CAK,OH,AGL,CE,Towers with Radar,14,17,28,0,59,0,26,57,0,83,14,43,85,0,142,34,0,34,176
03/07/2021,CAK,OH,AGL,CE,Towers with Radar,19,13,40,0,72,0,12,52,0,64,19,25,92,0,136,44,0,44,180
03/08/2021,CAK,OH,AGL,CE,Towers with Radar,17,41,42,0,100,0,19,25,2,46,17,60,67,2,146,44,0,44,190
03/09/2021,CAK,OH,AGL,CE,Towers with Radar,14,41,34,0,89,0,19,41,7,67,14,60,75,7,156,18,0,18,174
03/10/2021,CAK,OH,AGL,CE,Towers with Radar,16,55,26,2,99,0,10,15,0,25,16,65,41,2,124,8,0,8,132
03/11/2021,CAK,OH,AGL,CE,Towers with Radar,21,34,21,0,76,0,1,0,0,1,21,35,21,0,77,5,0,5,82
03/12/2021,CAK,OH,AGL,CE,Towers with Radar,24,48,27,0,99,0,15,34,0,49,24,63,61,0,148,9,0,9,157
03/13/2021,CAK,OH,AGL,CE,Towers with Radar,16,31,38,0,85,0,14,34,0,48,16,45,72,0,133,34,0,34,167
03/14/2021,CAK,OH,AGL,CE,Towers with Radar,21,18,20,0,59,0,2,21,0,23,21,20,41,0,82,20,0,20,102
03/15/2021,CAK,OH,AGL,CE,Towers with Radar,22,23,17,0,62,0,7,16,0,23,22,30,33,0,85,12,0,12,97
03/16/2021,CAK,OH,AGL,CE,Towers with Radar,14,52,36,0,102,0,2,9,0,11,14,54,45,0,113,8,0,8,121
03/17/2021,CAK,OH,AGL,CE,Towers with Radar,16,41,51,0,108,0,19,52,0,71,16,60,103,0,179,78,16,94,273
03/18/2021,CAK,OH,AGL,CE,Towers with Radar,19,39,24,0,82,0,0,0,0,0,19,39,24,0,82,0,0,0,82
03/19/2021,CAK,OH,AGL,CE,Towers with Radar,24,49,19,0,92,0,15,13,2,30,24,64,32,2,122,10,0,10,132
03/20/2021,CAK,OH,AGL,CE,Towers with Radar,16,24,41,0,81,0,13,52,0,65,16,37,93,0,146,42,0,42,188
03/21/2021,CAK,OH,AGL,CE,Towers with Radar,21,17,42,0,80,0,8,50,0,58,21,25,92,0,138,8,0,8,146
03/22/2021,CAK,OH,AGL,CE,Towers with Radar,22,34,32,0,88,0,13,36,0,49,22,47,68,0,137,10,0,10,147
03/23/2021,CAK,OH,AGL,CE,Towers with Radar,18,44,41,2,105,0,18,40,0,58,18,62,81,2,163,34,0,34,197
03/24/2021,CAK,OH,AGL,CE,Towers with Radar,13,45,30,0,88,0,1,13,2,16,13,46,43,2,104,4,0,4,108
03/25/2021,CAK,OH,AGL,CE,Towers with Radar,24,38,35,0,97,0,5,24,0,29,24,43,59,0,126,10,0,10,136
03/26/2021,CAK,OH,AGL,CE,Towers with Radar,23,36,21,0,80,0,0,6,0,6,23,36,27,0,86,0,0,0,86
03/27/2021,CAK,OH,AGL,CE,Towers with Radar,17,18,52,0,87,0,11,45,0,56,17,29,97,0,143,6,0,6,149
03/28/2021,CAK,OH,AGL,CE,Towers with Radar,21,10,17,0,48,0,0,1,0,1,21,10,18,0,49,0,0,0,49
03/29/2021,CAK,OH,AGL,CE,Towers with Radar,20,35,21,0,76,0,17,26,2,45,20,52,47,2,121,52,0,52,173
03/30/2021,CAK,OH,AGL,CE,Towers with Radar,14,48,21,1,84,0,4,19,4,27,14,52,40,5,111,0,0,0,111
03/31/2021,CAK,OH,AGL,CE,Towers with Radar,14,71,24,0,109,0,5,4,0,9,14,76,28,0,118,12,0,12,130
04/01/2021,CAK,OH,AGL,CE,Towers with Radar,20,56,30,1,107,0,1,1,0,2,20,57,31,1,109,2,0,2,111
04/02/2021,CAK,OH,AGL,CE,Towers with Radar,22,35,24,0,81,0,5,32,0,37,22,40,56,0,118,24,0,24,142
04/03/2021,CAK,OH,AGL,CE,Towers with Radar,17,23,27,0,67,0,6,21,1,28,17,29,48,1,95,8,0,8,103
04/04/2021,CAK,OH,AGL,CE,Towers with Radar,25,12,16,0,53,0,0,18,1,19,25,12,34,1,72,18,0,18,90
04/05/2021,CAK,OH,AGL,CE,Towers with Radar,26,52,41,0,119,0,11,29,4,44,26,63,70,4,163,0,0,0,163
04/06/2021,CAK,OH,AGL,CE,Towers with Radar,16,43,37,2,98,0,5,32,2,39,16,48,69,4,137,0,0,0,137
04/07/2021,CAK,OH,AGL,CE,Towers with Radar,16,37,43,2,98,0,16,50,2,68,16,53,93,4,166,24,0,24,190
04/08/2021,CAK,OH,AGL,CE,Towers with Radar,23,43,29,0,95,0,8,18,0,26,23,51,47,0,121,10,0,10,131
04/09/2021,CAK,OH,AGL,CE,Towers with Radar,25,53,27,0,105,0,7,32,6,45,25,60,59,6,150,32,0,32,182
04/10/2021,CAK,OH,AGL,CE,Towers with Radar,21,28,38,0,87,0,2,36,2,40,21,30,74,2,127,10,0,10,137
04/11/2021,CAK,OH,AGL,CE,Towers with Radar,23,11,23,0,57,0,2,5,0,7,23,13,28,0,64,0,0,0,64
04/12/2021,CAK,OH,AGL,CE,Towers with Radar,24,55,26,0,105,0,2,3,0,5,24,57,29,0,110,2,0,2,112
04/13/2021,CAK,OH,AGL,CE,Towers with Radar,19,36,44,0,99,0,21,37,4,62,19,57,81,4,161,66,0,66,227
04/14/2021,CAK,OH,AGL,CE,Towers with Radar,17,35,38,0,90,0,10,27,2,39,17,45,65,2,129,4,0,4,133
04/15/2021,CAK,OH,AGL,CE,Towers with Radar,21,33,42,0,96,0,2,11,2,15,21,35,53,2,111,0,0,0,111
04/16/2021,CAK,OH,AGL,CE,Towers with Radar,21,38,40,0,99,0,0,7,0,7,21,38,47,0,106,18,0,18,124
04/17/2021,CAK,OH,AGL,CE,Towers with Radar,16,22,55,0,93,0,4,15,0,19,16,26,70,0,112,29,0,29,141
04/18/2021,CAK,OH,AGL,CE,Towers with Radar,23,16,44,0,83,0,4,29,0,33,23,20,73,0,116,12,0,12,128
04/19/2021,CAK,OH,AGL,CE,Towers with Radar,21,37,30,0,88,0,11,15,0,26,21,48,45,0,114,4,0,4,118
04/20/2021,CAK,OH,AGL,CE,Towers with Radar,18,40,25,0,83,0,13,21,3,37,18,53,46,3,120,4,0,4,124
04/21/2021,CAK,OH,AGL,CE,Towers with Radar,17,33,52,0,102,0,2,1,2,5,17,35,53,2,107,12,8,20,127
04/22/2021,CAK,OH,AGL,CE,Towers with Radar,23,47,53,0,123,0,10,12,1,23,23,57,65,1,146,36,0,36,182
04/23/2021,CAK,OH,AGL,CE,Towers with Radar,19,44,41,0,104,0,3,30,0,33,19,47,71,0,137,46,0,46,183
04/24/2021,CAK,OH,AGL,CE,Towers with Radar,15,27,21,2,65,0,1,32,2,35,15,28,53,4,100,6,0,6,106
04/25/2021,CAK,OH,AGL,CE,Towers with Radar,23,15,33,0,71,0,0,2,0,2,23,15,35,0,73,0,0,0,73
04/26/2021,CAK,OH,AGL,CE,Towers with Radar,21,42,50,0,113,0,19,32,1,52,21,61,82,1,165,28,0,28,193
04/27/2021,CAK,OH,AGL,CE,Towers with Radar,17,35,35,0,87,0,16,25,4,45,17,51,60,4,132,34,0,34,166
04/28/2021,CAK,OH,AGL,CE,Towers with Radar,18,48,27,1,94,0,16,5,1,22,18,64,32,2,116,2,0,2,118
04/29/2021,CAK,OH,AGL,CE,Towers with Radar,23,51,26,0,100,0,0,0,0,0,23,51,26,0,100,4,0,4,104
04/30/2021,CAK,OH,AGL,CE,Towers with Radar,21,37,31,0,89,0,0,5,1,6,21,37,36,1,95,8,0,8,103
05/01/2021,CAK,OH,AGL,CE,Towers with Radar,15,31,28,0,74,0,11,43,1,55,15,42,71,1,129,26,0,26,155
05/02/2021,CAK,OH,AGL,CE,Towers with Radar,24,13,25,0,62,0,0,17,0,17,24,13,42,0,79,10,0,10,89
05/03/2021,CAK,OH,AGL,CE,Towers with Radar,21,38,29,0,88,0,0,0,0,0,21,38,29,0,88,14,0,14,102
05/04/2021,CAK,OH,AGL,CE,Towers with Radar,18,44,33,0,95,0,0,0,0,0,18,44,33,0,95,10,0,10,105
05/05/2021,CAK,OH,AGL,CE,Towers with Radar,18,46,33,0,97,0,0,3,2,5,18,46,36,2,102,4,0,4,106
05/06/2021,CAK,OH,AGL,CE,Towers with Radar,23,41,42,0,106,0,16,52,0,68,23,57,94,0,174,4,0,4,178
05/07/2021,CAK,OH,AGL,CE,Towers with Radar,20,42,29,1,92,0,3,15,0,18,20,45,44,1,110,4,0,4,114
05/08/2021,CAK,OH,AGL,CE,Towers with Radar,25,30,29,0,84,0,14,32,1,47,25,44,61,1,131,16,0,16,147
05/09/2021,CAK,OH,AGL,CE,Towers with Radar,29,12,21,0,62,0,0,1,0,1,29,12,22,0,63,0,0,0,63
05/10/2021,CAK,OH,AGL,CE,Towers with Radar,22,37,40,0,99,0,17,38,0,55,22,54,78,0,154,36,0,36,190
05/11/2021,CAK,OH,AGL,CE,Towers with Radar,22,39,49,2,112,0,15,41,0,56,22,54,90,2,168,32,0,32,200
05/12/2021,CAK,OH,AGL,CE,Towers with Radar,20,47,49,0,116,0,26,61,7,94,20,73,110,7,210,26,0,26,236
05/13/2021,CAK,OH,AGL,CE,Towers with Radar,28,48,41,3,120,0,15,51,6,72,28,63,92,9,192,74,4,78,270
05/14/2021,CAK,OH,AGL,CE,Towers with Radar,21,34,48,1,104,0,11,64,3,78,21,45,112,4,182,29,0,29,211
05/15/2021,CAK,OH,AGL,CE,Towers with Radar,19,24,26,0,69,0,8,45,14,67,19,32,71,14,136,24,6,30,166
05/16/2021,CAK,OH,AGL,CE,Towers with Radar,23,16,40,0,79,0,11,56,1,68,23,27,96,1,147,22,0,22,169
05/17/2021,CAK,OH,AGL,CE,Towers with Radar,19,27,40,0,86,0,13,46,1,60,19,40,86,1,146,47,0,47,193
05/18/2021,CAK,OH,AGL,CE,Towers with Radar,22,38,55,0,115,0,21,49,4,74,22,59,104,4,189,8,2,10,199
05/19/2021,CAK,OH,AGL,CE,Towers with Radar,20,43,59,0,122,0,31,42,0,73,20,74,101,0,195,56,0,56,251
05/20/2021,CAK,OH,AGL,CE,Towers with Radar,24,30,42,0,96,0,15,33,3,51,24,45,75,3,147,18,0,18,165
05/21/2021,CAK,OH,AGL,CE,Towers with Radar,21,49,39,8,117,0,28,24,0,52,21,77,63,8,169,52,0,52,221
05/22/2021,CAK,OH,AGL,CE,Towers with Radar,19,11,28,0,58,0,6,29,0,35,19,17,57,0,93,34,0,34,127
05/23/2021,CAK,OH,AGL,CE,Towers with Radar,22,13,38,0,73,0,0,24,0,24,22,13,62,0,97,14,0,14,111
05/24/2021,CAK,OH,AGL,CE,Towers with Radar,21,30,32,0,83,0,17,21,2,40,21,47,53,2,123,12,0,12,135
05/25/2021,CAK,OH,AGL,CE,Towers with Radar,25,26,53,0,104,0,12,23,4,39,25,38,76,4,143,10,1,11,154
05/26/2021,CAK,OH,AGL,CE,Towers with Radar,20,35,28,0,83,0,5,6,0,11,20,40,34,0,94,2,0,2,96
05/27/2021,CAK,OH,AGL,CE,Towers with Radar,22,34,49,2,107,0,17,36,2,55,22,51,85,4,162,86,0,86,248
05/28/2021,CAK,OH,AGL,CE,Towers with Radar,20,40,38,0,98,0,0,0,0,0,20,40,38,0,98,0,0,0,98
05/29/2021,CAK,OH,AGL,CE,Towers with Radar,19,25,5,0,49,0,0,0,0,0,19,25,5,0,49,0,0,0,49
05/30/2021,CAK,OH,AGL,CE,Towers with Radar,20,23,41,0,84,0,8,23,1,32,20,31,64,1,116,29,0,29,145
05/31/2021,CAK,OH,AGL,CE,Towers with Radar,18,20,30,0,68,0,0,36,2,38,18,20,66,2,106,35,0,35,141
06/01/2021,CAK,OH,AGL,CE,Towers with Radar,19,30,36,0,85,0,10,44,0,54,19,40,80,0,139,14,0,14,153
06/02/2021,CAK,OH,AGL,CE,Towers with Radar,19,40,42,0,101,0,8,6,0,14,19,48,48,0,115,6,0,6,121
06/03/2021,CAK,OH,AGL,CE,Towers with Radar,22,34,44,0,100,0,0,1,0,1,22,34,45,0,101,2,0,2,103
06/04/2021,CAK,OH,AGL,CE,Towers with Radar,17,35,31,5,88,0,17,29,1,47,17,52,60,6,135,15,0,15,150
06/05/2021,CAK,OH,AGL,CE,Towers with Radar,17,19,38,0,74,0,4,52,2,58,17,23,90,2,132,29,0,29,161
06/06/2021,CAK,OH,AGL,CE,Towers with Radar,21,10,34,2,67,0,4,36,3,43,21,14,70,5,110,0,0,0,110
06/07/2021,CAK,OH,AGL,CE,Towers with Radar,15,26,45,2,88,0,1,17,0,18,15,27,62,2,106,10,0,10,116
06/08/2021,CAK,OH,AGL,CE,Towers with Radar,18,40,48,0,106,0,2,4,0,6,18,42,52,0,112,20,0,20,132
06/09/2021,CAK,OH,AGL,CE,Towers with Radar,18,51,47,0,116,0,5,14,0,19,18,56,61,0,135,6,0,6,141
06/10/2021,CAK,OH,AGL,CE,Towers with Radar,18,28,35,1,82,0,6,11,3,20,18,34,46,4,102,4,0,4,106
06/11/2021,CAK,OH,AGL,CE,Towers with Radar,17,37,51,0,105,0,11,13,0,24,17,48,64,0,129,22,0,22,151
06/12/2021,CAK,OH,AGL,CE,Towers with Radar,15,26,30,0,71,0,10,26,0,36,15,36,56,0,107,50,0,50,157
06/13/2021,CAK,OH,AGL,CE,Towers with Radar,16,14,30,0,60,0,4,14,4,22,16,18,44,4,82,30,0,30,112
06/14/2021,CAK,OH,AGL,CE,Towers with Radar,19,26,40,0,85,0,15,14,0,29,19,41,54,0,114,26,0,26,140
06/15/2021,CAK,OH,AGL,CE,Towers with Radar,20,34,57,0,111,0,9,34,4,47,20,43,91,4,158,57,0,57,215
06/16/2021,CAK,OH,AGL,CE,Towers with Radar,19,26,40,0,85,0,20,51,1,72,19,46,91,1,157,14,0,14,171
06/17/2021,CAK,OH,AGL,CE,Towers with Radar,19,35,60,0,114,0,7,49,2,58,19,42,109,2,172,4,0,4,176
06/18/2021,CAK,OH,AGL,CE,Towers with Radar,17,38,40,0,95,0,4,9,0,13,17,42,49,0,108,0,0,0,108
06/19/2021,CAK,OH,AGL,CE,Towers with Radar,13,15,24,0,52,0,4,12,0,16,13,19,36,0,68,4,0,4,72
06/20/2021,CAK,OH,AGL,CE,Towers with Radar,17,9,26,0,52,0,2,19,0,21,17,11,45,0,73,6,0,6,79
06/21/2021,CAK,OH,AGL,CE,Towers with Radar,16,28,30,0,74,0,1,12,2,15,16,29,42,2,89,14,0,14,103
06/22/2021,CAK,OH,AGL,CE,Towers with Radar,15,26,64,0,105,0,29,43,4,76,15,55,107,4,181,76,0,76,257
06/23/2021,CAK,OH,AGL,CE,Towers with Radar,17,34,53,2,106,0,29,60,3,92,17,63,113,5,198,64,0,64,262
06/24/2021,CAK,OH,AGL,CE,Towers with Radar,17,34,48,2,101,0,19,34,0,53,17,53,82,2,154,26,0,26,180
06/25/2021,CAK,OH,AGL,CE,Towers with Radar,17,20,40,4,81,0,12,32,0,44,17,32,72,4,125,2,0,2,127
06/26/2021,CAK,OH,AGL,CE,Towers with Radar,16,24,19,3,62,0,4,14,3,21,16,28,33,6,83,0,0,0,83
06/27/2021,CAK,OH,AGL,CE,Towers with Radar,20,17,46,2,85,0,4,29,0,33,20,21,75,2,118,30,0,30,148
06/28/2021,CAK,OH,AGL,CE,Towers with Radar,16,34,38,0,88,0,11,31,0,42,16,45,69,0,130,6,0,6,136
06/29/2021,CAK,OH,AGL,CE,Towers with Radar,18,36,33,2,89,0,11,34,0,45,18,47,67,2,134,6,0,6,140
06/30/2021,CAK,OH,AGL,CE,Towers with Radar,20,33,29,0,82,0,6,4,0,10,20,39,33,0,92,0,0,0,92
07/01/2021,CAK,OH,AGL,CE,Towers with Radar,19,30,26,0,75,0,8,11,0,19,19,38,37,0,94,28,0,28,122
07/02/2021,CAK,OH,AGL,CE,Towers with Radar,17,30,42,0,89,0,7,30,0,37,17,37,72,0,126,34,0,34,160
07/03/2021,CAK,OH,AGL,CE,Towers with Radar,15,12,34,0,61,0,17,41,0,58,15,29,75,0,119,6,0,6,125
07/04/2021,CAK,OH,AGL,CE,Towers with Radar,15,6,21,0,42,0,0,19,0,19,15,6,40,0,61,8,0,8,69
07/05/2021,CAK,OH,AGL,CE,Towers with Radar,20,24,34,0,78,0,0,39,0,39,20,24,73,0,117,30,0,30,147
07/06/2021,CAK,OH,AGL,CE,Towers with Radar,16,26,37,0,79,0,15,35,0,50,16,41,72,0,129,10,0,10,139
07/07/2021,CAK,OH,AGL,CE,Towers with Radar,18,37,46,0,101,0,8,20,2,30,18,45,66,2,131,38,0,38,169
07/08/2021,CAK,OH,AGL,CE,Towers with Radar,19,28,33,0,80,0,4,3,0,7,19,32,36,0,87,6,4,10,97
07/09/2021,CAK,OH,AGL,CE,Towers with Radar,20,38,41,6,105,0,6,7,0,13,20,44,48,6,118,4,6,10,128
07/10/2021,CAK,OH,AGL,CE,Towers with Radar,19,23,32,1,75,0,9,47,1,57,19,32,79,2,132,4,0,4,136
07/11/2021,CAK,OH,AGL,CE,Towers with Radar,19,9,15,2,45,0,0,3,0,3,19,9,18,2,48,0,0,0,48
07/12/2021,CAK,OH,AGL,CE,Towers with Radar,20,31,31,1,83,0,0,5,3,8,20,31,36,4,91,0,0,0,91
07/13/2021,CAK,OH,AGL,CE,Towers with Radar,17,56,26,0,99,0,2,3,2,7,17,58,29,2,106,30,0,30,136
07/14/2021,CAK,OH,AGL,CE,Towers with Radar,15,49,51,0,115,0,8,15,0,23,15,57,66,0,138,14,0,14,152
07/15/2021,CAK,OH,AGL,CE,Towers with Radar,23,46,49,0,118,0,5,31,1,37,23,51,80,1,155,23,0,23,178
07/16/2021,CAK,OH,AGL,CE,Towers with Radar,19,39,25,0,83,0,4,5,2,11,19,43,30,2,94,2,0,2,96
07/17/2021,CAK,OH,AGL,CE,Towers with Radar,17,15,26,0,58,0,0,1,0,1,17,15,27,0,59,0,0,0,59
07/18/2021,CAK,OH,AGL,CE,Towers with Radar,20,26,53,0,99,0,12,47,0,59,20,38,100,0,158,26,0,26,184
07/19/2021,CAK,OH,AGL,CE,Towers with Radar,19,36,70,0,125,0,23,41,4,68,19,59,111,4,193,22,0,22,215
07/20/2021,CAK,OH,AGL,CE,Towers with Radar,28,44,57,0,129,0,6,31,0,37,28,50,88,0,166,20,0,20,186
07/21/2021,CAK,OH,AGL,CE,Towers with Radar,18,66,76,5,165,0,8,30,2,40,18,74,106,7,205,135,0,135,340
07/22/2021,CAK,OH,AGL,CE,Towers with Radar,24,42,55,0,121,0,13,50,6,69,24,55,105,6,190,40,0,40,230
07/23/2021,CAK,OH,AGL,CE,Towers with Radar,20,40,59,0,119,0,25,31,14,70,20,65,90,14,189,0,0,0,189
07/24/2021,CAK,OH,AGL,CE,Towers with Radar,16,31,49,0,96,0,2,50,6,58,16,33,99,6,154,0,0,0,154
07/25/2021,CAK,OH,AGL,CE,Towers with Radar,22,18,39,0,79,0,0,20,0,20,22,18,59,0,99,30,0,30,129
07/26/2021,CAK,OH,AGL,CE,Towers with Radar,16,26,46,0,88,0,14,34,0,48,16,40,80,0,136,52,0,52,188
07/27/2021,CAK,OH,AGL,CE,Towers with Radar,17,26,41,2,86,0,10,49,6,65,17,36,90,8,151,8,0,8,159
07/28/2021,CAK,OH,AGL,CE,Towers with Radar,17,43,41,11,112,0,7,32,5,44,17,50,73,16,156,38,0,38,194
07/29/2021,CAK,OH,AGL,CE,Towers with Radar,21,36,49,0,106,0,1,20,0,21,21,37,69,0,127,18,0,18,145
07/30/2021,CAK,OH,AGL,CE,Towers with Radar,18,20,58,0,96,0,7,27,3,37,18,27,85,3,133,10,0,10,143
07/31/2021,CAK,OH,AGL,CE,Towers with Radar,17,33,42,0,92,0,11,67,1,79,17,44,109,1,171,14,0,14,185
08/01/2021,CAK,OH,AGL,CE,Towers with Radar,23,10,38,0,71,0,2,19,0,21,23,12,57,0,92,0,0,0,92
08/02/2021,CAK,OH,AGL,CE,Towers with Radar,17,30,42,2,91,0,8,37,0,45,17,38,79,2,136,20,0,20,156
08/03/2021,CAK,OH,AGL,CE,Towers with Radar,16,32,62,1,111,0,8,40,5,53,16,40,102,6,164,28,0,28,192
08/04/2021,CAK,OH,AGL,CE,Towers with Radar,17,49,46,0,112,0,31,41,0,72,17,80,87,0,184,58,0,58,242
08/05/2021,CAK,OH,AGL,CE,Towers with Radar,20,63,63,1,147,0,5,39,1,45,20,68,102,2,192,0,0,0,192
08/06/2021,CAK,OH,AGL,CE,Towers with Radar,19,58,62,0,139,0,8,30,0,38,19,66,92,0,177,36,0,36,213
08/07/2021,CAK,OH,AGL,CE,Towers with Radar,19,53,51,0,123,0,4,18,0,22,19,57,69,0,145,0,0,0,145
08/08/2021,CAK,OH,AGL,CE,Towers with Radar,20,58,86,0,164,0,0,34,0,34,20,58,120,0,198,6,0,6,204
08/09/2021,CAK,OH,AGL,CE,Towers with Radar,20,64,39,0,123,0,10,15,0,25,20,74,54,0,148,0,0,0,148
08/10/2021,CAK,OH,AGL,CE,Towers with Radar,14,50,36,0,100,0,4,5,0,9,14,54,41,0,109,28,0,28,137
08/11/2021,CAK,OH,AGL,CE,Towers with Radar,18,37,40,2,97,0,1,10,2,13,18,38,50,4,110,4,0,4,114
08/12/2021,CAK,OH,AGL,CE,Towers with Radar,23,36,38,3,100,0,2,17,5,24,23,38,55,8,124,0,0,0,124
08/13/2021,CAK,OH,AGL,CE,Towers with Radar,22,40,26,4,92,0,9,13,2,24,22,49,39,6,116,0,0,0,116
08/14/2021,CAK,OH,AGL,CE,Towers with Radar,20,21,35,0,76,0,9,28,0,37,20,30,63,0,113,0,0,0,113
08/15/2021,CAK,OH,AGL,CE,Towers with Radar,21,24,39,4,88,0,9,44,0,53,21,33,83,4,141,0,0,0,141
08/16/2021,CAK,OH,AGL,CE,Towers with Radar,14,61,36,4,115,0,0,4,0,4,14,61,40,4,119,0,0,0,119
08/17/2021,CAK,OH,AGL,CE,Towers with Radar,21,38,32,0,91,0,2,0,0,2,21,40,32,0,93,0,2,2,95
08/18/2021,CAK,OH,AGL,CE,Towers with Radar,19,52,33,2,106,0,0,1,0,1,19,52,34,2,107,0,0,0,107
08/19/2021,CAK,OH,AGL,CE,Towers with Radar,22,57,41,4,124,0,7,40,5,52,22,64,81,9,176,24,0,24,200
08/20/2021,CAK,OH,AGL,CE,Towers with Radar,20,53,52,4,129,0,16,55,2,73,20,69,107,6,202,26,0,26,228
08/21/2021,CAK,OH,AGL,CE,Towers with Radar,18,15,43,0,76,0,8,46,0,54,18,23,89,0,130,12,0,12,142
08/22/2021,CAK,OH,AGL,CE,Towers with Radar,21,22,22,0,65,0,3,21,0,24,21,25,43,0,89,0,0,0,89
08/23/2021,CAK,OH,AGL,CE,Towers with Radar,20,47,36,3,106,0,9,18,1,28,20,56,54,4,134,6,0,6,140
08/24/2021,CAK,OH,AGL,CE,Towers with Radar,19,53,40,3,115,0,15,40,3,58,19,68,80,6,173,16,0,16,189
08/25/2021,CAK,OH,AGL,CE,Towers with Radar,18,47,27,0,92,0,0,11,0,11,18,47,38,0,103,0,0,0,103
08/26/2021,CAK,OH,AGL,CE,Towers with Radar,20,37,39,2,98,0,4,20,4,28,20,41,59,6,126,0,0,0,126
08/27/2021,CAK,OH,AGL,CE,Towers with Radar,19,37,30,0,86,0,4,24,2,30,19,41,54,2,116,0,0,0,116
08/28/2021,CAK,OH,AGL,CE,Towers with Radar,17,18,35,0,70,0,0,32,0,32,17,18,67,0,102,12,0,12,114
08/29/2021,CAK,OH,AGL,CE,Towers with Radar,19,15,33,0,67,0,0,29,0,29,19,15,62,0,96,16,0,16,112
08/30/2021,CAK,OH,AGL,CE,Towers with Radar,19,52,49,0,120,0,8,12,0,20,19,60,61,0,140,4,0,4,144
08/31/2021,CAK,OH,AGL,CE,Towers with Radar,16,39,52,5,112,0,11,32,1,44,16,50,84,6,156,8,0,8,164
09/01/2021,CAK,OH,AGL,CE,Towers with Radar,15,43,41,2,101,0,6,19,6,31,15,49,60,8,132,10,0,10,142
09/02/2021,CAK,OH,AGL,CE,Towers with Radar,22,50,36,1,109,0,9,40,0,49,22,59,76,1,158,48,0,48,206
09/03/2021,CAK,OH,AGL,CE,Towers with Radar,21,49,46,11,127,0,7,51,3,61,21,56,97,14,188,8,0,8,196
09/04/2021,CAK,OH,AGL,CE,Towers with Radar,26,13,31,0,70,0,1,41,0,42,26,14,72,0,112,0,0,0,112
09/05/2021,CAK,OH,AGL,CE,Towers with Radar,28,14,33,0,75,0,4,6,0,10,28,18,39,0,85,4,0,4,89
09/06/2021,CAK,OH,AGL,CE,Towers with Radar,21,10,43,0,74,0,0,40,0,40,21,10,83,0,114,2,0,2,116
09/07/2021,CAK,OH,AGL,CE,Towers with Radar,16,35,43,6,100,0,8,36,9,53,16,43,79,15,153,14,0,14,167
09/08/2021,CAK,OH,AGL,CE,Towers with Radar,19,55,46,1,121,0,13,21,1,35,19,68,67,2,156,42,0,42,198
09/09/2021,CAK,OH,AGL,CE,Towers with Radar,22,46,41,2,111,0,9,17,9,35,22,55,58,11,146,31,0,31,177
09/10/2021,CAK,OH,AGL,CE,Towers with Radar,23,48,52,4,127,0,7,31,8,46,23,55,83,12,173,22,0,22,195
09/11/2021,CAK,OH,AGL,CE,Towers with Radar,22,14,33,1,70,0,2,58,5,65,22,16,91,6,135,0,0,0,135
09/12/2021,CAK,OH,AGL,CE,Towers with Radar,18,17,42,0,77,0,4,27,1,32,18,21,69,1,109,14,0,14,123
09/13/2021,CAK,OH,AGL,CE,Towers with Radar,20,22,51,0,93,0,11,20,1,32,20,33,71,1,125,37,0,37,162
09/14/2021,CAK,OH,AGL,CE,Towers with Radar,13,28,25,2,68,0,3,17,9,29,13,31,42,11,97,2,0,2,99
09/15/2021,CAK,OH,AGL,CE,Towers with Radar,16,43,39,2,100,0,2,5,4,11,16,45,44,6,111,8,0,8,119
09/16/2021,CAK,OH,AGL,CE,Towers with Radar,28,32,61,2,123,0,9,37,5,51,28,41,98,7,174,24,0,24,198
09/17/2021,CAK,OH,AGL,CE,Towers with Radar,27,35,30,0,92,0,14,24,0,38,27,49,54,0,130,0,0,0,130
09/18/2021,CAK,OH,AGL,CE,Towers with Radar,22,16,34,0,72,0,10,36,0,46,22,26,70,0,118,0,0,0,118
09/19/2021,CAK,OH,AGL,CE,Towers with Radar,24,17,39,0,80,0,9,40,0,49,24,26,79,0,129,26,0,26,155
09/20/2021,CAK,OH,AGL,CE,Towers with Radar,19,23,44,0,86,0,4,18,0,22,19,27,62,0,108,2,0,2,110
09/21/2021,CAK,OH,AGL,CE,Towers with Radar,17,47,25,2,91,0,0,0,0,0,17,47,25,2,91,4,0,4,95
09/22/2021,CAK,OH,AGL,CE,Towers with Radar,17,37,28,1,83,0,0,0,0,0,17,37,28,1,83,0,0,0,83
09/23/2021,CAK,OH,AGL,CE,Towers with Radar,24,49,50,2,125,0,4,6,2,12,24,53,56,4,137,4,0,4,141
09/24/2021,CAK,OH,AGL,CE,Towers with Radar,26,35,60,3,124,0,22,52,2,76,26,57,112,5,200,36,0,36,236
09/25/2021,CAK,OH,AGL,CE,Towers with Radar,23,38,41,0,102,0,5,26,0,31,23,43,67,0,133,62,0,62,195
09/26/2021,CAK,OH,AGL,CE,Towers with Radar,22,30,45,0,97,0,7,44,0,51,22,37,89,0,148,52,0,52,200
09/27/2021,CAK,OH,AGL,CE,Towers with Radar,19,35,30,0,84,0,8,31,1,40,19,43,61,1,124,34,0,34,158
09/28/2021,CAK,OH,AGL,CE,Towers with Radar,19,68,37,0,124,0,15,25,0,40,19,83,62,0,164,42,0,42,206
09/29/2021,CAK,OH,AGL,CE,Towers with Radar,20,41,39,1,101,0,16,63,1,80,20,57,102,2,181,44,0,44,225
09/30/2021,CAK,OH,AGL,CE,Towers with Radar,26,44,55,0,125,0,22,52,0,74,26,66,107,0,199,32,0,32,231
10/01/2021,CAK,OH,AGL,CE,Towers with Radar,24,42,31,0,97,0,3,40,0,43,24,45,71,0,140,0,0,0,140
10/02/2021,CAK,OH,AGL,CE,Towers with Radar,19,17,30,0,66,0,4,25,0,29,19,21,55,0,95,0,0,0,95
10/03/2021,CAK,OH,AGL,CE,Towers with Radar,18,15,30,0,63,0,0,0,0,0,18,15,30,0,63,0,0,0,63
10/04/2021,CAK,OH,AGL,CE,Towers with Radar,20,51,37,2,110,0,4,3,2,9,20,55,40,4,119,4,0,4,123
10/05/2021,CAK,OH,AGL,CE,Towers with Radar,15,37,50,0,102,0,0,12,0,12,15,37,62,0,114,12,0,12,126
10/06/2021,CAK,OH,AGL,CE,Towers with Radar,16,62,42,1,121,0,6,14,1,21,16,68,56,2,142,30,0,30,172
10/07/2021,CAK,OH,AGL,CE,Towers with Radar,20,58,56,0,134,0,8,29,0,37,20,66,85,0,171,4,0,4,175
10/08/2021,CAK,OH,AGL,CE,Towers with Radar,14,62,38,6,120,0,3,25,0,28,14,65,63,6,148,0,0,0,148
10/09/2021,CAK,OH,AGL,CE,Towers with Radar,14,37,23,0,74,0,0,7,0,7,14,37,30,0,81,12,0,12,93
10/10/2021,CAK,OH,AGL,CE,Towers with Radar,25,20,43,0,88,0,0,36,0,36,25,20,79,0,124,8,0,8,132
10/11/2021,CAK,OH,AGL,CE,Towers with Radar,17,48,49,0,114,0,20,65,0,85,17,68,114,0,199,24,0,24,223
10/12/2021,CAK,OH,AGL,CE,Towers with Radar,15,47,60,3,125,0,9,39,6,54,15,56,99,9,179,28,0,28,207
10/13/2021,CAK,OH,AGL,CE,Towers with Radar,13,53,64,2,132,0,15,43,6,64,13,68,107,8,196,14,0,14,210
10/14/2021,CAK,OH,AGL,CE,Towers with Radar,25,59,56,2,142,0,6,49,10,65,25,65,105,12,207,34,0,34,241
10/15/2021,CAK,OH,AGL,CE,Towers with Radar,18,51,42,0,111,0,1,11,0,12,18,52,53,0,123,0,0,0,123
10/16/2021,CAK,OH,AGL,CE,Towers with Radar,11,18,9,2,40,0,0,1,0,1,11,18,10,2,41,0,0,0,41
10/17/2021,CAK,OH,AGL,CE,Towers with Radar,20,21,50,0,91,0,1,34,0,35,20,22,84,0,126,0,0,0,126
10/18/2021,CAK,OH,AGL,CE,Towers with Radar,19,40,38,1,98,0,10,18,1,29,19,50,56,2,127,20,0,20,147
10/19/2021,CAK,OH,AGL,CE,Towers with Radar,12,41,62,2,117,0,7,49,8,64,12,48,111,10,181,14,0,14,195
10/20/2021,CAK,OH,AGL,CE,Towers with Radar,14,32,47,1,94,0,8,53,3,64,14,40,100,4,158,18,0,18,176
10/21/2021,CAK,OH,AGL,CE,Towers with Radar,23,37,41,0,101,0,4,3,0,7,23,41,44,0,108,0,0,0,108
10/22/2021,CAK,OH,AGL,CE,Towers with Radar,17,68,50,1,136,0,0,3,4,7,17,68,53,5,143,0,0,0,143
10/23/2021,CAK,OH,AGL,CE,Towers with Radar,16,29,30,1,76,0,14,23,2,39,16,43,53,3,115,0,0,0,115
10/24/2021,CAK,OH,AGL,CE,Towers with Radar,23,30,35,0,88,0,0,5,0,5,23,30,40,0,93,0,0,0,93
10/25/2021,CAK,OH,AGL,CE,Towers with Radar,14,50,32,4,100,0,4,17,0,21,14,54,49,4,121,0,0,0,121
10/26/2021,CAK,OH,AGL,CE,Towers with Radar,12,39,31,0,82,0,0,2,2,4,12,39,33,2,86,24,0,24,110
10/27/2021,CAK,OH,AGL,CE,Towers with Radar,16,67,47,2,132,0,0,1,4,5,16,67,48,6,137,2,10,12,149
10/28/2021,CAK,OH,AGL,CE,Towers with Radar,25,56,32,1,114,0,12,22,5,39,25,68,54,6,153,30,0,30,183
10/29/2021,CAK,OH,AGL,CE,Towers with Radar,20,68,32,2,122,0,0,1,0,1,20,68,33,2,123,0,0,0,123
10/30/2021,CAK,OH,AGL,CE,Towers with Radar,16,22,27,0,65,0,0,0,0,0,16,22,27,0,65,0,0,0,65
10/31/2021,CAK,OH,AGL,CE,Towers with Radar,17,29,43,0,89,0,2,9,0,11,17,31,52,0,100,0,0,0,100
11/01/2021,CAK,OH,AGL,CE,Towers with Radar,14,44,41,0,99,0,6,37,0,43,14,50,78,0,142,16,0,16,158
11/02/2021,CAK,OH,AGL,CE,Towers with Radar,8,42,43,2,95,0,16,22,3,41,8,58,65,5,136,24,0,24,160
11/03/2021,CAK,OH,AGL,CE,Towers with Radar,11,50,37,5,103,0,14,42,3,59,11,64,79,8,162,50,0,50,212
11/04/2021,CAK,OH,AGL,CE,Towers with Radar,22,63,29,0,114,0,7,36,2,45,22,70,65,2,159,26,0,26,185
11/05/2021,CAK,OH,AGL,CE,Towers with Radar,16,63,39,0,118,0,3,36,4,43,16,66,75,4,161,2,0,2,163
11/06/2021,CAK,OH,AGL,CE,Towers with Radar,10,27,25,1,63,0,9,71,18,98,10,36,96,19,161,20,0,20,181
11/07/2021,CAK,OH,AGL,CE,Towers with Radar,21,23,37,0,81,0,6,54,0,60,21,29,91,0,141,14,0,14,155
11/08/2021,CAK,OH,AGL,CE,Towers with Radar,16,45,42,0,103,0,18,28,0,46,16,63,70,0,149,18,0,18,167
11/09/2021,CAK,OH,AGL,CE,Towers with Radar,12,43,32,3,90,0,9,38,7,54,12,52,70,10,144,66,0,66,210
11/10/2021,CAK,OH,AGL,CE,Towers with Radar,12,52,76,1,141,0,9,40,9,58,12,61,116,10,199,26,0,26,225
11/11/2021,CAK,OH,AGL,CE,Towers with Radar,20,49,33,0,102,0,4,15,0,19,20,53,48,0,121,0,0,0,121
11/12/2021,CAK,OH,AGL,CE,Towers with Radar,16,44,36,0,96,0,2,19,0,21,16,46,55,0,117,0,0,0,117
11/13/2021,CAK,OH,AGL,CE,Towers with Radar,12,19,21,0,52,0,0,2,0,2,12,19,23,0,54,2,0,2,56
11/14/2021,CAK,OH,AGL,CE,Towers with Radar,18,13,16,0,47,0,0,0,0,0,18,13,16,0,47,0,0,0,47
11/15/2021,CAK,OH,AGL,CE,Towers with Radar,15,39,21,0,75,0,10,14,0,24,15,49,35,0,99,48,0,48,147
11/16/2021,CAK,OH,AGL,CE,Towers with Radar,9,67,48,1,125,0,8,46,5,59,9,75,94,6,184,12,0,12,196
11/17/2021,CAK,OH,AGL,CE,Towers with Radar,13,64,46,3,126,0,0,12,5,17,13,64,58,8,143,4,0,4,147
11/18/2021,CAK,OH,AGL,CE,Towers with Radar,19,61,26,0,106,0,4,11,6,21,19,65,37,6,127,6,0,6,133
11/19/2021,CAK,OH,AGL,CE,Towers with Radar,17,80,38,0,135,0,9,39,6,54,17,89,77,6,189,6,0,6,195
11/20/2021,CAK,OH,AGL,CE,Towers with Radar,11,38,36,0,85,0,10,31,0,41,11,48,67,0,126,22,0,22,148
11/21/2021,CAK,OH,AGL,CE,Towers with Radar,17,21,19,0,57,0,0,3,0,3,17,21,22,0,60,0,0,0,60
11/22/2021,CAK,OH,AGL,CE,Towers with Radar,16,53,40,0,109,0,7,31,0,38,16,60,71,0,147,4,0,4,151
11/23/2021,CAK,OH,AGL,CE,Towers with Radar,15,61,54,0,130,0,16,32,2,50,15,77,86,2,180,32,0,32,212
11/24/2021,CAK,OH,AGL,CE,Towers with Radar,17,41,31,0,89,0,4,37,0,41,17,45,68,0,130,0,0,0,130
11/25/2021,CAK,OH,AGL,CE,Towers with Radar,10,22,4,0,36,0,0,0,0,0,10,22,4,0,36,0,0,0,36
11/26/2021,CAK,OH,AGL,CE,Towers with Radar,12,23,16,0,51,0,0,2,0,2,12,23,18,0,53,1,0,1,54
11/27/2021,CAK,OH,AGL,CE,Towers with Radar,14,34,30,0,78,0,0,24,0,24,14,34,54,0,102,2,0,2,104
11/28/2021,CAK,OH,AGL,CE,Towers with Radar,19,19,31,0,69,0,0,0,0,0,19,19,31,0,69,0,0,0,69
11/29/2021,CAK,OH,AGL,CE,Towers with Radar,15,47,18,0,80,0,6,19,2,27,15,53,37,2,107,10,0,10,117
11/30/2021,CAK,OH,AGL,CE,Towers with Radar,13,52,28,7,100,0,7,13,3,23,13,59,41,10,123,14,2,16,139
12/01/2021,CAK,OH,AGL,CE,Towers with Radar,12,52,40,0,104,0,4,12,1,17,12,56,52,1,121,20,0,20,141
12/02/2021,CAK,OH,AGL,CE,Towers with Radar,19,44,36,3,102,0,0,14,5,19,19,44,50,8,121,0,0,0,121
12/03/2021,CAK,OH,AGL,CE,Towers with Radar,17,56,38,3,114,0,6,5,1,12,17,62,43,4,126,27,0,27,153
12/04/2021,CAK,OH,AGL,CE,Towers with Radar,15,29,46,1,91,0,5,30,1,36,15,34,76,2,127,29,0,29,156
12/05/2021,CAK,OH,AGL,CE,Towers with Radar,18,24,29,0,71,0,4,16,0,20,18,28,45,0,91,24,0,24,115
12/06/2021,CAK,OH,AGL,CE,Towers with Radar,14,29,21,0,64,0,0,0,0,0,14,29,21,0,64,4,0,4,68
12/07/2021,CAK,OH,AGL,CE,Towers with Radar,10,53,42,2,107,0,12,24,10,46,10,65,66,12,153,42,0,42,195
12/08/2021,CAK,OH,AGL,CE,Towers with Radar,12,38,33,0,83,0,0,4,4,8,12,38,37,4,91,14,0,14,105
12/09/2021,CAK,OH,AGL,CE,Towers with Radar,18,77,53,1,149,0,13,37,8,58,18,90,90,9,207,14,0,14,221
12/10/2021,CAK,OH,AGL,CE,Towers with Radar,17,55,42,2,116,0,4,25,0,29,17,59,67,2,145,13,0,13,158
12/11/2021,CAK,OH,AGL,CE,Towers with Radar,17,20,6,0,43,0,0,0,0,0,17,20,6,0,43,0,0,0,43
12/12/2021,CAK,OH,AGL,CE,Towers with Radar,18,23,31,0,72,0,7,33,0,40,18,30,64,0,112,42,0,42,154
12/13/2021,CAK,OH,AGL,CE,Towers with Radar,14,50,47,0,111,0,19,37,2,58,14,69,84,2,169,84,0,84,253
12/14/2021,CAK,OH,AGL,CE,Towers with Radar,11,52,48,3,114,0,4,44,11,59,11,56,92,14,173,48,0,48,221
12/15/2021,CAK,OH,AGL,CE,Towers with Radar,13,42,35,0,90,0,14,14,4,32,13,56,49,4,122,24,0,24,146
12/16/2021,CAK,OH,AGL,CE,Towers with Radar,16,51,39,0,106,0,0,2,0,2,16,51,41,0,108,0,0,0,108
12/17/2021,CAK,OH,AGL,CE,Towers with Radar,16,46,36,4,102,0,4,26,4,34,16,50,62,8,136,24,0,24,160
12/18/2021,CAK,OH,AGL,CE,Towers with Radar,15,25,17,0,57,0,0,0,0,0,15,25,17,0,57,0,0,0,57
12/19/2021,CAK,OH,AGL,CE,Towers with Radar,21,29,29,0,79,0,4,9,0,13,21,33,38,0,92,50,0,50,142
12/20/2021,CAK,OH,AGL,CE,Towers with Radar,16,40,28,1,85,0,5,32,1,38,16,45,60,2,123,36,0,36,159
12/21/2021,CAK,OH,AGL,CE,Towers with Radar,12,44,18,1,75,0,4,34,3,41,12,48,52,4,116,20,0,20,136
12/22/2021,CAK,OH,AGL,CE,Towers with Radar,18,40,29,0,87,0,0,21,4,25,18,40,50,4,112,0,0,0,112
12/23/2021,CAK,OH,AGL,CE,Towers with Radar,18,53,24,1,96,0,5,17,1,23,18,58,41,2,119,6,0,6,125
12/24/2021,CAK,OH,AGL,CE,Towers with Radar,14,21,8,0,43,0,0,14,0,14,14,21,22,0,57,2,0,2,59
12/25/2021,CAK,OH,AGL,CE,Towers with Radar,11,18,10,0,39,0,0,0,0,0,11,18,10,0,39,0,0,0,39
12/26/2021,CAK,OH,AGL,CE,Towers with Radar,18,18,47,0,83,0,0,12,0,12,18,18,59,0,95,30,0,30,125
12/27/2021,CAK,OH,AGL,CE,Towers with Radar,15,22,19,0,56,0,0,0,0,0,15,22,19,0,56,0,0,0,56
12/28/2021,CAK,OH,AGL,CE,Towers with Radar,17,41,17,0,75,0,0,6,0,6,17,41,23,0,81,0,0,0,81
12/29/2021,CAK,OH,AGL,CE,Towers with Radar,21,30,29,2,82,0,0,0,0,0,21,30,29,2,82,24,1,25,107
12/30/2021,CAK,OH,AGL,CE,Towers with Radar,14,33,12,0,59,0,0,0,0,0,14,33,12,0,59,2,0,2,61
12/31/2021,CAK,OH,AGL,CE,Towers with Radar,13,17,26,0,56,0,0,6,0,6,13,17,32,0,62,0,0,0,62
01/01/2022,CAK,OH,AGL,CE,Towers with Radar,9,11,6,0,26,0,0,0,0,0,9,11,6,0,26,0,0,0,26
01/02/2022,CAK,OH,AGL,CE,Towers with Radar,18,13,24,0,55,0,0,0,0,0,18,13,24,0,55,0,0,0,55
01/03/2022,CAK,OH,AGL,CE,Towers with Radar,13,41,22,0,76,0,5,2,0,7,13,46,24,0,83,24,0,24,107
01/04/2022,CAK,OH,AGL,CE,Towers with Radar,28,49,34,5,116,0,0,54,3,57,28,49,88,8,173,24,2,26,199
01/05/2022,CAK,OH,AGL,CE,Towers with Radar,16,41,18,1,76,0,0,1,3,4,16,41,19,4,80,2,0,2,82
01/06/2022,CAK,OH,AGL,CE,Towers with Radar,15,51,23,0,89,0,4,9,0,13,15,55,32,0,102,18,0,18,120
01/07/2022,CAK,OH,AGL,CE,Towers with Radar,13,55,26,0,94,0,0,6,4,10,13,55,32,4,104,4,0,4,108
01/08/2022,CAK,OH,AGL,CE,Towers with Radar,14,26,31,0,71,0,6,32,0,38,14,32,63,0,109,16,0,16,125
01/09/2022,CAK,OH,AGL,CE,Towers with Radar,12,15,5,0,32,0,1,0,0,1,12,16,5,0,33,0,0,0,33
01/10/2022,CAK,OH,AGL,CE,Towers with Radar,14,34,29,3,80,0,2,7,2,11,14,36,36,5,91,0,0,0,91
01/11/2022,CAK,OH,AGL,CE,Towers with Radar,11,33,40,3,87,0,4,16,6,26,11,37,56,9,113,28,0,28,141
01/12/2022,CAK,OH,AGL,CE,Towers with Radar,10,61,35,1,107,0,0,28,3,31,10,61,63,4,138,0,0,0,138
01/13/2022,CAK,OH,AGL,CE,Towers with Radar,15,58,43,0,116,0,4,20,6,30,15,62,63,6,146,14,0,14,160
01/14/2022,CAK,OH,AGL,CE,Towers with Radar,14,53,20,0,87,0,0,4,0,4,14,53,24,0,91,0,0,0,91
01/15/2022,CAK,OH,AGL,CE,Towers with Radar,13,27,36,0,76,0,0,39,0,39,13,27,75,0,115,38,0,38,153
01/16/2022,CAK,OH,AGL,CE,Towers with Radar,6,20,24,0,50,0,0,25,0,25,6,20,49,0,75,36,0,36,111
01/17/2022,CAK,OH,AGL,CE,Towers with Radar,11,27,17,0,55,0,0,0,0,0,11,27,17,0,55,0,0,0,55
01/18/2022,CAK,OH,AGL,CE,Towers with Radar,10,58,25,2,95,0,0,13,1,14,10,58,38,3,109,20,0,20,129
01/19/2022,CAK,OH,AGL,CE,Towers with Radar,10,61,26,1,98,0,3,1,1,5,10,64,27,2,103,4,0,4,107
01/20/2022,CAK,OH,AGL,CE,Towers with Radar,15,51,22,1,89,0,0,8,1,9,15,51,30,2,98,0,0,0,98
01/21/2022,CAK,OH,AGL,CE,Towers with Radar,14,65,25,0,104,0,7,18,2,27,14,72,43,2,131,21,0,21,152
01/22/2022,CAK,OH,AGL,CE,Towers with Radar,12,32,21,1,66,0,6,26,7,39,12,38,47,8,105,10,0,10,115
01/23/2022,CAK,OH,AGL,CE,Towers with Radar,15,18,14,0,47,0,0,0,0,0,15,18,14,0,47,0,0,0,47
01/24/2022,CAK,OH,AGL,CE,Towers with Radar,13,35,27,0,75,0,0,0,0,0,13,35,27,0,75,4,0,4,79
01/25/2022,CAK,OH,AGL,CE,Towers with Radar,22,49,41,1,113,0,12,12,7,31,22,61,53,8,144,38,0,38,182
01/26/2022,CAK,OH,AGL,CE,Towers with Radar,11,63,21,3,98,0,6,14,9,29,11,69,35,12,127,62,0,62,189
01/27/2022,CAK,OH,AGL,CE,Towers with Radar,16,50,37,1,104,0,3,11,4,18,16,53,48,5,122,0,0,0,122
01/28/2022,CAK,OH,AGL,CE,Towers with Radar,17,54,27,0,98,0,0,1,2,3,17,54,28,2,101,0,0,0,101
01/29/2022,CAK,OH,AGL,CE,Towers with Radar,14,25,14,0,53,0,12,23,0,35,14,37,37,0,88,30,0,30,118
01/30/2022,CAK,OH,AGL,CE,Towers with Radar,19,27,22,0,68,0,4,10,1,15,19,31,32,1,83,28,0,28,111
01/31/2022,CAK,OH,AGL,CE,Towers with Radar,15,32,44,0,91,0,17,44,6,67,15,49,88,6,158,70,0,70,228
02/01/2022,CAK,OH,AGL,CE,Towers with Radar,10,67,56,4,137,0,11,32,10,53,10,78,88,14,190,19,0,19,209
02/02/2022,CAK,OH,AGL,CE,Towers with Radar,9,42,24,0,75,0,0,1,4,5,9,42,25,4,80,0,0,0,80
02/03/2022,CAK,OH,AGL,CE,Towers with Radar,5,13,4,0,22,0,0,0,0,0,5,13,4,0,22,0,0,0,22
02/04/2022,CAK,OH,AGL,CE,Towers with Radar,7,39,33,0,79,0,0,0,0,0,7,39,33,0,79,0,0,0,79
02/05/2022,CAK,OH,AGL,CE,Towers with Radar,14,23,24,0,61,0,0,7,0,7,14,23,31,0,68,0,0,0,68
02/06/2022,CAK,OH,AGL,CE,Towers with Radar,14,31,26,0,71,0,4,27,0,31,14,35,53,0,102,36,0,36,138
02/07/2022,CAK,OH,AGL,CE,Towers with Radar,11,65,38,1,115,0,11,17,2,30,11,76,55,3,145,12,0,12,157
02/08/2022,CAK,OH,AGL,CE,Towers with Radar,11,50,44,5,110,0,1,11,7,19,11,51,55,12,129,48,4,52,181
02/09/2022,CAK,OH,AGL,CE,Towers with Radar,11,76,38,4,129,0,14,10,6,30,11,90,48,10,159,16,0,16,175
02/10/2022,CAK,OH,AGL,CE,Towers with Radar,14,55,33,0,102,0,4,13,6,23,14,59,46,6,125,6,0,6,131
02/11/2022,CAK,OH,AGL,CE,Towers with Radar,17,55,19,2,93,0,0,6,4,10,17,55,25,6,103,0,0,0,103
02/12/2022,CAK,OH,AGL,CE,Towers with Radar,16,22,9,0,47,0,6,5,10,21,16,28,14,10,68,32,6,38,106
02/13/2022,CAK,OH,AGL,CE,Towers with Radar,17,16,20,0,53,0,0,2,0,2,17,16,22,0,55,1,0,1,56
02/14/2022,CAK,OH,AGL,CE,Towers with Radar,17,49,24,1,91,0,11,18,1,30,17,60,42,2,121,12,0,12,133
02/15/2022,CAK,OH,AGL,CE,Towers with Radar,13,66,31,0,110,0,23,43,6,72,13,89,74,6,182,41,0,41,223
02/16/2022,CAK,OH,AGL,CE,Towers with Radar,13,48,33,0,94,0,1,4,4,9,13,49,37,4,103,0,0,0,103
02/17/2022,CAK,OH,AGL,CE,Towers with Radar,17,53,26,0,96,0,0,0,0,0,17,53,26,0,96,0,0,0,96
02/18/2022,CAK,OH,AGL,CE,Towers with Radar,15,39,37,0,91,0,0,12,2,14,15,39,49,2,105,22,0,22,127
02/19/2022,CAK,OH,AGL,CE,Towers with Radar,21,23,15,0,59,0,0,3,0,3,21,23,18,0,62,0,0,0,62
02/20/2022,CAK,OH,AGL,CE,Towers with Radar,18,28,23,0,69,0,6,29,0,35,18,34,52,0,104,20,0,20,124
02/21/2022,CAK,OH,AGL,CE,Towers with Radar,18,56,48,0,122,0,24,44,0,68,18,80,92,0,190,40,2,42,232
02/22/2022,CAK,OH,AGL,CE,Towers with Radar,13,48,26,0,87,0,2,0,0,2,13,50,26,0,89,0,0,0,89
02/23/2022,CAK,OH,AGL,CE,Towers with Radar,14,52,28,0,94,0,0,2,4,6,14,52,30,4,100,0,0,0,100
02/24/2022,CAK,OH,AGL,CE,Towers with Radar,14,71,35,0,120,0,12,31,2,45,14,83,66,2,165,16,0,16,181
02/25/2022,CAK,OH,AGL,CE,Towers with Radar,18,38,21,2,79,0,0,0,0,0,18,38,21,2,79,0,0,0,79
02/26/2022,CAK,OH,AGL,CE,Towers with Radar,22,24,20,0,66,0,5,10,4,19,22,29,30,4,85,52,0,52,137
02/27/2022,CAK,OH,AGL,CE,Towers with Radar,18,16,28,0,62,0,0,26,0,26,18,16,54,0,88,0,0,0,88
02/28/2022,CAK,OH,AGL,CE,Towers with Radar,20,50,44,1,115,0,24,31,1,56,20,74,75,2,171,30,0,30,201
03/01/2022,CAK,OH,AGL,CE,Towers with Radar,20,57,26,1,104,0,7,9,3,19,20,64,35,4,123,10,0,10,133
03/02/2022,CAK,OH,AGL,CE,Towers with Radar,26,70,58,2,156,0,18,28,8,54,26,88,86,10,210,16,0,16,226
03/03/2022,CAK,OH,AGL,CE,Towers with Radar,27,52,31,2,112,0,15,17,5,37,27,67,48,7,149,34,0,34,183
03/04/2022,CAK,OH,AGL,CE,Towers with Radar,20,53,38,1,112,0,15,30,7,52,20,68,68,8,164,32,0,32,196
03/05/2022,CAK,OH,AGL,CE,Towers with Radar,20,41,37,0,98,0,10,48,0,58,20,51,85,0,156,35,0,35,191
03/06/2022,CAK,OH,AGL,CE,Towers with Radar,19,15,31,0,65,0,0,3,0,3,19,15,34,0,68,0,0,0,68
03/07/2022,CAK,OH,AGL,CE,Towers with Radar,23,30,30,0,83,0,2,0,0,2,23,32,30,0,85,0,0,0,85
03/08/2022,CAK,OH,AGL,CE,Towers with Radar,10,56,38,10,114,0,35,30,6,71,10,91,68,16,185,82,0,82,267
03/09/2022,CAK,OH,AGL,CE,Towers with Radar,16,59,34,1,110,0,20,9,5,34,16,79,43,6,144,58,0,58,202
03/10/2022,CAK,OH,AGL,CE,Towers with Radar,18,85,50,6,159,0,26,39,6,71,18,111,89,12,230,89,0,89,319
03/11/2022,CAK,OH,AGL,CE,Towers with Radar,21,57,35,6,119,0,14,30,3,47,21,71,65,9,166,38,0,38,204
03/12/2022,CAK,OH,AGL,CE,Towers with Radar,17,26,17,1,61,0,0,0,2,2,17,26,17,3,63,0,0,0,63
03/13/2022,CAK,OH,AGL,CE,Towers with Radar,19,20,25,0,64,0,0,10,2,12,19,20,35,2,76,0,0,0,76
03/14/2022,CAK,OH,AGL,CE,Towers with Radar,22,40,32,0,94,0,9,36,0,45,22,49,68,0,139,54,0,54,193
03/15/2022,CAK,OH,AGL,CE,Towers with Radar,11,57,39,2,109,0,18,38,2,58,11,75,77,4,167,36,0,36,203
03/16/2022,CAK,OH,AGL,CE,Towers with Radar,19,52,54,7,132,0,22,79,6,107,19,74,133,13,239,22,26,48,287
03/17/2022,CAK,OH,AGL,CE,Towers with Radar,19,48,44,0,111,0,15,41,1,57,19,63,85,1,168,40,0,40,208
03/18/2022,CAK,OH,AGL,CE,Towers with Radar,19,54,30,1,104,0,16,29,1,46,19,70,59,2,150,0,0,0,150
03/19/2022,CAK,OH,AGL,CE,Towers with Radar,21,33,27,0,81,0,0,0,0,0,21,33,27,0,81,0,0,0,81
03/20/2022,CAK,OH,AGL,CE,Towers with Radar,19,21,24,0,64,0,4,14,0,18,19,25,38,0,82,20,0,20,102
03/21/2022,CAK,OH,AGL,CE,Towers with Radar,21,52,40,2,115,0,23,63,0,86,21,75,103,2,201,26,0,26,227
03/22/2022,CAK,OH,AGL,CE,Towers with Radar,6,54,31,4,95,0,10,23,4,37,6,64,54,8,132,12,0,12,144
03/23/2022,CAK,OH,AGL,CE,Towers with Radar,15,52,17,0,84,0,0,0,0,0,15,52,17,0,84,1,0,1,85
03/24/2022,CAK,OH,AGL,CE,Towers with Radar,18,72,45,2,137,0,11,18,8,37,18,83,63,10,174,3,0,3,177
03/25/2022,CAK,OH,AGL,CE,Towers with Radar,21,47,31,0,99,0,0,6,4,10,21,47,37,4,109,1,0,1,110
03/26/2022,CAK,OH,AGL,CE,Towers with Radar,22,28,15,0,65,0,0,0,0,0,22,28,15,0,65,1,0,1,66
03/27/2022,CAK,OH,AGL,CE,Towers with Radar,18,26,21,0,65,0,0,2,0,2,18,26,23,0,67,0,0,0,67
03/28/2022,CAK,OH,AGL,CE,Towers with Radar,20,33,21,1,75,0,9,6,2,17,20,42,27,3,92,24,0,24,116
03/29/2022,CAK,OH,AGL,CE,Towers with Radar,8,48,37,0,93,0,13,52,6,71,8,61,89,6,164,16,0,16,180
03/30/2022,CAK,OH,AGL,CE,Towers with Radar,21,41,31,0,93,0,2,17,6,25,21,43,48,6,118,22,0,22,140
03/31/2022,CAK,OH,AGL,CE,Towers with Radar,18,46,23,1,88,0,0,1,4,5,18,46,24,5,93,0,0,0,93
04/01/2022,CAK,OH,AGL,CE,Towers with Radar,21,32,26,1,80,0,0,7,2,9,21,32,33,3,89,2,0,2,91
04/02/2022,CAK,OH,AGL,CE,Towers with Radar,16,24,35,2,77,0,6,47,0,53,16,30,82,2,130,16,0,16,146
04/03/2022,CAK,OH,AGL,CE,Towers with Radar,13,29,30,0,72,0,0,3,0,3,13,29,33,0,75,2,0,2,77
04/04/2022,CAK,OH,AGL,CE,Towers with Radar,14,38,22,0,74,0,4,7,0,11,14,42,29,0,85,0,0,0,85
04/05/2022,CAK,OH,AGL,CE,Towers with Radar,6,60,38,0,104,0,10,26,4,40,6,70,64,4,144,12,0,12,156
04/06/2022,CAK,OH,AGL,CE,Towers with Radar,12,76,77,1,166,0,0,7,1,8,12,76,84,2,174,13,2,15,189
04/07/2022,CAK,OH,AGL,CE,Towers with Radar,16,52,52,0,120,0,6,23,0,29,16,58,75,0,149,22,0,22,171
04/08/2022,CAK,OH,AGL,CE,Towers with Radar,22,77,41,0,140,0,0,9,2,11,22,77,50,2,151,0,12,12,163
04/09/2022,CAK,OH,AGL,CE,Towers with Radar,20,30,11,0,61,0,0,0,2,2,20,30,11,2,63,0,8,8,71
04/10/2022,CAK,OH,AGL,CE,Towers with Radar,17,20,47,1,85,0,10,38,3,51,17,30,85,4,136,15,0,15,151
04/11/2022,CAK,OH,AGL,CE,Towers with Radar,21,33,22,0,76,0,0,5,0,5,21,33,27,0,81,2,0,2,83
04/12/2022,CAK,OH,AGL,CE,Towers with Radar,10,56,54,2,122,0,24,48,6,78,10,80,102,8,200,46,0,46,246
04/13/2022,CAK,OH,AGL,CE,Towers with Radar,13,55,33,0,101,0,2,14,2,18,13,57,47,2,119,8,0,8,127
04/14/2022,CAK,OH,AGL,CE,Towers with Radar,19,38,45,3,105,0,0,16,5,21,19,38,61,8,126,4,0,4,130
04/15/2022,CAK,OH,AGL,CE,Towers with Radar,21,19,31,1,72,0,2,14,3,19,21,21,45,4,91,16,0,16,107
04/16/2022,CAK,OH,AGL,CE,Towers with Radar,20,12,25,0,57,0,0,9,0,9,20,12,34,0,66,0,0,0,66
04/17/2022,CAK,OH,AGL,CE,Towers with Radar,17,16,20,0,53,0,0,19,0,19,17,16,39,0,72,0,0,0,72
04/18/2022,CAK,OH,AGL,CE,Towers with Radar,20,43,31,0,94,0,1,2,0,3,20,44,33,0,97,0,0,0,97
04/19/2022,CAK,OH,AGL,CE,Towers with Radar,12,37,28,1,78,0,0,0,1,1,12,37,28,2,79,0,0,0,79
04/20/2022,CAK,OH,AGL,CE,Towers with Radar,12,71,73,0,156,0,21,54,12,87,12,92,127,12,243,24,12,36,279
04/21/2022,CAK,OH,AGL,CE,Towers with Radar,22,43,46,2,113,0,2,6,6,14,22,45,52,8,127,0,0,0,127
04/22/2022,CAK,OH,AGL,CE,Towers with Radar,17,48,53,0,118,0,31,49,4,84,17,79,102,4,202,66,0,66,268
04/23/2022,CAK,OH,AGL,CE,Towers with Radar,12,30,35,0,77,0,18,45,0,63,12,48,80,0,140,12,0,12,152
04/24/2022,CAK,OH,AGL,CE,Towers with Radar,20,23,29,0,72,0,1,31,0,32,20,24,60,0,104,12,0,12,116
04/25/2022,CAK,OH,AGL,CE,Towers with Radar,17,41,34,6,98,0,5,8,3,16,17,46,42,9,114,10,0,10,124
04/26/2022,CAK,OH,AGL,CE,Towers with Radar,8,58,32,4,102,0,12,24,2,38,8,70,56,6,140,22,0,22,162
04/27/2022,CAK,OH,AGL,CE,Towers with Radar,11,49,44,0,104,0,9,16,8,33,11,58,60,8,137,24,0,24,161
04/28/2022,CAK,OH,AGL,CE,Towers with Radar,20,50,48,1,119,0,28,31,3,62,20,78,79,4,181,4,0,4,185
04/29/2022,CAK,OH,AGL,CE,Towers with Radar,18,59,48,0,125,0,13,51,0,64,18,72,99,0,189,30,0,30,219
04/30/2022,CAK,OH,AGL,CE,Towers with Radar,13,38,37,0,88,0,18,41,0,59,13,56,78,0,147,56,0,56,203
05/01/2022,CAK,OH,AGL,CE,Towers with Radar,19,21,24,0,64,0,0,6,0,6,19,21,30,0,70,24,0,24,94
05/02/2022,CAK,OH,AGL,CE,Towers with Radar,16,51,42,1,110,0,19,27,0,46,16,70,69,1,156,22,0,22,178
05/03/2022,CAK,OH,AGL,CE,Towers with Radar,9,44,27,0,80,0,3,12,1,16,9,47,39,1,96,6,0,6,102
05/04/2022,CAK,OH,AGL,CE,Towers with Radar,15,71,44,1,131,0,1,1,0,2,15,72,45,1,133,0,0,0,133
05/05/2022,CAK,OH,AGL,CE,Towers with Radar,16,65,56,0,137,0,15,34,0,49,16,80,90,0,186,6,0,6,192
05/06/2022,CAK,OH,AGL,CE,Towers with Radar,13,45,34,0,92,0,0,0,0,0,13,45,34,0,92,0,0,0,92
05/07/2022,CAK,OH,AGL,CE,Towers with Radar,18,25,24,0,67,0,2,6,0,8,18,27,30,0,75,18,0,18,93
05/08/2022,CAK,OH,AGL,CE,Towers with Radar,21,20,22,0,63,0,6,32,0,38,21,26,54,0,101,24,0,24,125
05/09/2022,CAK,OH,AGL,CE,Towers with Radar,14,44,40,0,98,0,8,37,0,45,14,52,77,0,143,0,0,0,143
05/10/2022,CAK,OH,AGL,CE,Towers with Radar,9,69,47,2,127,0,8,42,4,54,9,77,89,6,181,14,0,14,195
05/11/2022,CAK,OH,AGL,CE,Towers with Radar,11,59,49,0,119,0,7,62,6,75,11,66,111,6,194,34,0,34,228
05/12/2022,CAK,OH,AGL,CE,Towers with Radar,18,48,32,4,102,0,8,54,5,67,18,56,86,9,169,4,0,4,173
05/13/2022,CAK,OH,AGL,CE,Towers with Radar,14,67,34,0,115,0,5,35,4,44,14,72,69,4,159,6,0,6,165
05/14/2022,CAK,OH,AGL,CE,Towers with Radar,15,26,27,0,68,0,0,13,0,13,15,26,40,0,81,12,0,12,93
05/15/2022,CAK,OH,AGL,CE,Towers with Radar,12,28,41,0,81,0,3,28,0,31,12,31,69,0,112,16,0,16,128
05/16/2022,CAK,OH,AGL,CE,Towers with Radar,18,54,33,0,105,0,2,14,0,16,18,56,47,0,121,14,0,14,135
05/17/2022,CAK,OH,AGL,CE,Towers with Radar,7,62,59,2,130,0,19,42,4,65,7,81,101,6,195,32,0,32,227
05/18/2022,CAK,OH,AGL,CE,Towers with Radar,12,69,33,0,114,0,14,26,0,40,12,83,59,0,154,10,0,10,164
05/19/2022,CAK,OH,AGL,CE,Towers with Radar,20,62,38,1,121,0,12,22,10,44,20,74,60,11,165,18,0,18,183
05/20/2022,CAK,OH,AGL,CE,Towers with Radar,13,45,38,1,97,0,2,5,1,8,13,47,43,2,105,0,0,0,105
05/21/2022,CAK,OH,AGL,CE,Towers with Radar,13,23,21,0,57,0,0,25,0,25,13,23,46,0,82,0,0,0,82
05/22/2022,CAK,OH,AGL,CE,Towers with Radar,19,25,32,0,76,0,2,9,0,11,19,27,41,0,87,0,0,0,87
05/23/2022,CAK,OH,AGL,CE,Towers with Radar,11,52,41,0,104,0,10,48,0,58,11,62,89,0,162,6,0,6,168
05/24/2022,CAK,OH,AGL,CE,Towers with Radar,8,58,34,3,103,0,21,41,3,65,8,79,75,6,168,38,0,38,206
05/25/2022,CAK,OH,AGL,CE,Towers with Radar,11,67,42,5,125,0,10,40,13,63,11,77,82,18,188,6,0,6,194
05/26/2022,CAK,OH,AGL,CE,Towers with Radar,19,54,40,0,113,0,1,8,0,9,19,55,48,0,122,10,0,10,132
05/27/2022,CAK,OH,AGL,CE,Towers with Radar,13,41,27,0,81,0,1,0,0,1,13,42,27,0,82,0,0,0,82
05/28/2022,CAK,OH,AGL,CE,Towers with Radar,18,23,23,0,64,0,9,24,0,33,18,32,47,0,97,30,0,30,127
05/29/2022,CAK,OH,AGL,CE,Towers with Radar,21,24,21,0,66,0,9,30,0,39,21,33,51,0,105,10,0,10,115
05/30/2022,CAK,OH,AGL,CE,Towers with Radar,14,20,29,0,63,0,1,29,0,30,14,21,58,0,93,28,0,28,121
05/31/2022,CAK,OH,AGL,CE,Towers with Radar,9,49,39,2,99,0,14,27,3,44,9,63,66,5,143,2,0,2,145
06/01/2022,CAK,OH,AGL,CE,Towers with Radar,11,48,40,2,101,0,5,29,3,37,11,53,69,5,138,8,0,8,146
06/02/2022,CAK,OH,AGL,CE,Towers with Radar,21,77,32,1,131,0,8,7,0,15,21,85,39,1,146,26,0,26,172
06/03/2022,CAK,OH,AGL,CE,Towers with Radar,19,49,46,4,118,0,16,48,2,66,19,65,94,6,184,12,0,12,196
06/04/2022,CAK,OH,AGL,CE,Towers with Radar,17,23,41,0,81,0,6,63,0,69,17,29,104,0,150,1,0,1,151
06/05/2022,CAK,OH,AGL,CE,Towers with Radar,18,26,41,0,85,0,3,30,0,33,18,29,71,0,118,20,0,20,138
06/06/2022,CAK,OH,AGL,CE,Towers with Radar,19,34,40,0,93,0,2,23,1,26,19,36,63,1,119,2,0,2,121
06/07/2022,CAK,OH,AGL,CE,Towers with Radar,11,54,45,1,111,0,0,1,0,1,11,54,46,1,112,2,0,2,114
06/08/2022,CAK,OH,AGL,CE,Towers with Radar,15,61,37,0,113,0,10,33,2,45,15,71,70,2,158,8,0,8,166
06/09/2022,CAK,OH,AGL,CE,Towers with Radar,22,42,48,2,114,0,4,19,6,29,22,46,67,8,143,28,0,28,171
06/10/2022,CAK,OH,AGL,CE,Towers with Radar,18,52,51,3,124,0,10,45,7,62,18,62,96,10,186,8,2,10,196
06/11/2022,CAK,OH,AGL,CE,Towers with Radar,17,34,34,4,89,0,4,36,0,40,17,38,70,4,129,24,0,24,153
06/12/2022,CAK,OH,AGL,CE,Towers with Radar,22,21,22,1,66,0,2,7,2,11,22,23,29,3,77,10,8,18,95
06/13/2022,CAK,OH,AGL,CE,Towers with Radar,19,41,38,1,99,0,4,21,1,26,19,45,59,2,125,10,0,10,135
06/14/2022,CAK,OH,AGL,CE,Towers with Radar,10,62,42,0,114,0,8,15,4,27,10,70,57,4,141,6,0,6,147
06/15/2022,CAK,OH,AGL,CE,Towers with Radar,17,53,35,2,107,0,2,30,6,38,17,55,65,8,145,8,0,8,153
06/16/2022,CAK,OH,AGL,CE,Towers with Radar,17,47,28,0,92,1,7,19,0,27,18,54,47,0,119,5,0,5,124
06/17/2022,CAK,OH,AGL,CE,Towers with Radar,18,43,32,0,93,0,11,27,0,38,18,54,59,0,131,2,0,2,133
06/18/2022,CAK,OH,AGL,CE,Towers with Radar,21,23,24,0,68,0,11,20,0,31,21,34,44,0,99,12,0,12,111
06/19/2022,CAK,OH,AGL,CE,Towers with Radar,18,27,28,0,73,0,4,52,0,56,18,31,80,0,129,6,0,6,135
06/20/2022,CAK,OH,AGL,CE,Towers with Radar,21,29,40,0,90,0,2,25,0,27,21,31,65,0,117,14,0,14,131
06/21/2022,CAK,OH,AGL,CE,Towers with Radar,13,58,41,0,112,0,20,20,0,40,13,78,61,0,152,6,0,6,158
06/22/2022,CAK,OH,AGL,CE,Towers with Radar,16,56,48,1,121,0,2,37,7,46,16,58,85,8,167,16,0,16,183
06/23/2022,CAK,OH,AGL,CE,Towers with Radar,20,52,47,2,121,0,20,38,9,67,20,72,85,11,188,28,0,28,216
06/24/2022,CAK,OH,AGL,CE,Towers with Radar,20,60,47,2,129,0,20,59,9,88,20,80,106,11,217,42,0,42,259
06/25/2022,CAK,OH,AGL,CE,Towers with Radar,21,19,50,0,90,0,11,47,0,58,21,30,97,0,148,46,0,46,194
06/26/2022,CAK,OH,AGL,CE,Towers with Radar,20,26,23,0,69,0,1,12,0,13,20,27,35,0,82,2,0,2,84
06/27/2022,CAK,OH,AGL,CE,Towers with Radar,17,47,43,1,108,0,5,34,1,40,17,52,77,2,148,10,0,10,158
06/28/2022,CAK,OH,AGL,CE,Towers with Radar,11,57,45,1,114,0,20,38,7,65,11,77,83,8,179,26,4,30,209
06/29/2022,CAK,OH,AGL,CE,Towers with Radar,17,53,43,3,116,0,12,42,3,57,17,65,85,6,173,40,0,40,213
06/30/2022,CAK,OH,AGL,CE,Towers with Radar,19,39,43,1,102,0,17,41,5,63,19,56,84,6,165,22,0,22,187
07/01/2022,CAK,OH,AGL,CE,Towers with Radar,15,34,35,0,84,0,4,34,2,40,15,38,69,2,124,22,0,22,146
07/02/2022,CAK,OH,AGL,CE,Towers with Radar,13,13,48,0,74,0,2,20,0,22,13,15,68,0,96,28,0,28,124
07/03/2022,CAK,OH,AGL,CE,Towers with Radar,22,11,26,0,59,0,7,33,0,40,22,18,59,0,99,0,0,0,99
07/04/2022,CAK,OH,AGL,CE,Towers with Radar,15,18,14,0,47,0,5,19,0,24,15,23,33,0,71,6,0,6,77
07/05/2022,CAK,OH,AGL,CE,Towers with Radar,14,40,19,0,73,0,1,9,0,10,14,41,28,0,83,4,0,4,87
07/06/2022,CAK,OH,AGL,CE,Towers with Radar,16,39,18,0,73,0,2,8,0,10,16,41,26,0,83,20,0,20,103
07/07/2022,CAK,OH,AGL,CE,Towers with Radar,24,71,45,2,142,0,6,40,7,53,24,77,85,9,195,10,0,10,205
07/08/2022,CAK,OH,AGL,CE,Towers with Radar,15,49,38,0,102,0,14,63,0,77,15,63,101,0,179,32,0,32,211
07/09/2022,CAK,OH,AGL,CE,Towers with Radar,17,24,42,0,83,0,8,37,0,45,17,32,79,0,128,34,0,34,162
07/10/2022,CAK,OH,AGL,CE,Towers with Radar,23,28,35,0,86,0,3,46,0,49,23,31,81,0,135,22,0,22,157
07/11/2022,CAK,OH,AGL,CE,Towers with Radar,18,38,32,1,89,0,6,28,0,34,18,44,60,1,123,33,0,33,156
07/12/2022,CAK,OH,AGL,CE,Towers with Radar,10,36,22,1,69,0,3,26,6,35,10,39,48,7,104,30,0,30,134
07/13/2022,CAK,OH,AGL,CE,Towers with Radar,15,39,34,2,90,0,9,26,2,37,15,48,60,4,127,4,0,4,131
07/14/2022,CAK,OH,AGL,CE,Towers with Radar,20,51,48,3,122,0,13,18,13,44,20,64,66,16,166,22,0,22,188
07/15/2022,CAK,OH,AGL,CE,Towers with Radar,15,48,48,2,113,0,13,43,3,59,15,61,91,5,172,42,0,42,214
07/16/2022,CAK,OH,AGL,CE,Towers with Radar,15,28,35,2,80,0,0,7,0,7,15,28,42,2,87,2,0,2,89
07/17/2022,CAK,OH,AGL,CE,Towers with Radar,22,17,34,0,73,0,0,6,0,6,22,17,40,0,79,0,0,0,79
07/18/2022,CAK,OH,AGL,CE,Towers with Radar,13,49,29,0,91,0,6,14,2,22,13,55,43,2,113,20,0,20,133
07/19/2022,CAK,OH,AGL,CE,Towers with Radar,10,43,46,2,101,0,14,39,12,65,10,57,85,14,166,10,0,10,176
07/20/2022,CAK,OH,AGL,CE,Towers with Radar,17,53,43,2,115,0,6,26,4,36,17,59,69,6,151,0,0,0,151
07/21/2022,CAK,OH,AGL,CE,Towers with Radar,20,40,43,2,105,0,5,31,6,42,20,45,74,8,147,12,0,12,159
07/22/2022,CAK,OH,AGL,CE,Towers with Radar,17,42,34,0,93,0,5,37,6,48,17,47,71,6,141,14,0,14,155
07/23/2022,CAK,OH,AGL,CE,Towers with Radar,18,27,26,0,71,0,3,11,2,16,18,30,37,2,87,28,0,28,115
07/24/2022,CAK,OH,AGL,CE,Towers with Radar,21,20,28,0,69,0,0,10,2,12,21,20,38,2,81,0,0,0,81
07/25/2022,CAK,OH,AGL,CE,Towers with Radar,15,46,45,0,106,0,4,30,0,34,15,50,75,0,140,22,0,22,162
07/26/2022,CAK,OH,AGL,CE,Towers with Radar,9,49,52,9,119,0,5,23,8,36,9,54,75,17,155,14,0,14,169
07/27/2022,CAK,OH,AGL,CE,Towers with Radar,17,43,38,0,98,0,0,1,0,1,17,43,39,0,99,0,1,1,100
07/28/2022,CAK,OH,AGL,CE,Towers with Radar,19,39,47,1,106,0,11,28,5,44,19,50,75,6,150,8,0,8,158
07/29/2022,CAK,OH,AGL,CE,Towers with Radar,16,39,32,0,87,0,10,42,0,52,16,49,74,0,139,0,0,0,139
07/30/2022,CAK,OH,AGL,CE,Towers with Radar,14,15,28,0,57,0,4,43,0,47,14,19,71,0,104,20,0,20,124
07/31/2022,CAK,OH,AGL,CE,Towers with Radar,21,18,26,0,65,0,0,20,0,20,21,18,46,0,85,0,0,0,85
08/01/2022,CAK,OH,AGL,CE,Towers with Radar,19,22,37,0,78,0,0,6,0,6,19,22,43,0,84,0,0,0,84
08/02/2022,CAK,OH,AGL,CE,Towers with Radar,10,39,47,2,98,0,8,28,4,40,10,47,75,6,138,6,0,6,144
08/03/2022,CAK,OH,AGL,CE,Towers with Radar,16,35,49,2,102,0,21,28,6,55,16,56,77,8,157,32,0,32,189
08/04/2022,CAK,OH,AGL,CE,Towers with Radar,18,55,31,0,104,0,0,8,2,10,18,55,39,2,114,0,0,0,114
08/05/2022,CAK,OH,AGL,CE,Towers with Radar,17,59,49,2,127,0,0,21,0,21,17,59,70,2,148,20,0,20,168
08/06/2022,CAK,OH,AGL,CE,Towers with Radar,13,50,39,0,102,0,1,6,0,7,13,51,45,0,109,0,0,0,109
08/07/2022,CAK,OH,AGL,CE,Towers with Radar,22,35,39,0,96,0,0,9,2,11,22,35,48,2,107,0,0,0,107
08/08/2022,CAK,OH,AGL,CE,Towers with Radar,16,60,43,3,122,0,2,9,2,13,16,62,52,5,135,0,0,0,135
08/09/2022,CAK,OH,AGL,CE,Towers with Radar,8,56,50,3,117,0,0,2,1,3,8,56,52,4,120,22,0,22,142
08/10/2022,CAK,OH,AGL,CE,Towers with Radar,14,49,48,0,111,0,16,30,0,46,14,65,78,0,157,38,0,38,195
08/11/2022,CAK,OH,AGL,CE,Towers with Radar,23,65,63,2,153,0,13,42,4,59,23,78,105,6,212,22,0,22,234
08/12/2022,CAK,OH,AGL,CE,Towers with Radar,17,46,42,2,107,0,9,59,2,70,17,55,101,4,177,0,0,0,177
08/13/2022,CAK,OH,AGL,CE,Towers with Radar,16,19,25,0,60,0,0,42,0,42,16,19,67,0,102,6,0,6,108
08/14/2022,CAK,OH,AGL,CE,Towers with Radar,20,11,38,1,70,0,2,8,1,11,20,13,46,2,81,0,0,0,81
08/15/2022,CAK,OH,AGL,CE,Towers with Radar,17,36,48,0,101,0,7,20,0,27,17,43,68,0,128,4,0,4,132
08/16/2022,CAK,OH,AGL,CE,Towers with Radar,8,49,31,0,88,0,0,17,0,17,8,49,48,0,105,2,0,2,107
08/17/2022,CAK,OH,AGL,CE,Towers with Radar,10,55,40,1,106,0,13,23,4,40,10,68,63,5,146,12,0,12,158
08/18/2022,CAK,OH,AGL,CE,Towers with Radar,17,52,28,1,98,0,5,24,7,36,17,57,52,8,134,0,0,0,134
08/19/2022,CAK,OH,AGL,CE,Towers with Radar,17,52,43,2,114,0,6,54,3,63,17,58,97,5,177,34,0,34,211
08/20/2022,CAK,OH,AGL,CE,Towers with Radar,12,18,35,0,65,0,3,27,2,32,12,21,62,2,97,42,0,42,139
08/21/2022,CAK,OH,AGL,CE,Towers with Radar,15,18,35,0,68,0,0,0,0,0,15,18,35,0,68,0,0,0,68
08/22/2022,CAK,OH,AGL,CE,Towers with Radar,13,37,24,0,74,0,1,9,0,10,13,38,33,0,84,0,0,0,84
08/23/2022,CAK,OH,AGL,CE,Towers with Radar,9,44,31,5,89,0,6,28,1,35,9,50,59,6,124,12,0,12,136
08/24/2022,CAK,OH,AGL,CE,Towers with Radar,11,52,53,0,116,0,7,66,6,79,11,59,119,6,195,48,0,48,243
08/25/2022,CAK,OH,AGL,CE,Towers with Radar,16,49,37,0,102,0,8,59,2,69,16,57,96,2,171,20,0,20,191
08/26/2022,CAK,OH,AGL,CE,Towers with Radar,15,35,35,0,85,0,6,20,0,26,15,41,55,0,111,14,0,14,125
08/27/2022,CAK,OH,AGL,CE,Towers with Radar,18,30,36,0,84,0,2,43,0,45,18,32,79,0,129,12,0,12,141
08/28/2022,CAK,OH,AGL,CE,Towers with Radar,16,20,38,0,74,0,0,43,0,43,16,20,81,0,117,28,0,28,145
08/29/2022,CAK,OH,AGL,CE,Towers with Radar,12,44,44,0,100,0,0,17,0,17,12,44,61,0,117,12,0,12,129
08/30/2022,CAK,OH,AGL,CE,Towers with Radar,7,45,51,6,109,0,3,12,0,15,7,48,63,6,124,28,0,28,152
08/31/2022,CAK,OH,AGL,CE,Towers with Radar,13,51,40,0,104,0,5,44,6,55,13,56,84,6,159,36,0,36,195
09/01/2022,CAK,OH,AGL,CE,Towers with Radar,18,60,52,2,132,0,8,50,3,61,18,68,102,5,193,38,0,38,231
09/02/2022,CAK,OH,AGL,CE,Towers with Radar,12,53,29,4,98,0,18,45,3,66,12,71,74,7,164,44,0,44,208
09/03/2022,CAK,OH,AGL,CE,Towers with Radar,14,23,25,0,62,0,0,17,0,17,14,23,42,0,79,0,0,0,79
09/04/2022,CAK,OH,AGL,CE,Towers with Radar,16,14,14,0,44,0,0,3,0,3,16,14,17,0,47,0,0,0,47
09/05/2022,CAK,OH,AGL,CE,Towers with Radar,12,15,22,0,49,0,0,1,0,1,12,15,23,0,50,0,0,0,50
09/06/2022,CAK,OH,AGL,CE,Towers with Radar,6,58,49,2,115,0,2,0,1,3,6,60,49,3,118,0,8,8,126
09/07/2022,CAK,OH,AGL,CE,Towers with Radar,9,51,54,0,114,0,4,23,0,27,9,55,77,0,141,4,0,4,145
09/08/2022,CAK,OH,AGL,CE,Towers with Radar,21,58,41,3,123,0,11,43,11,65,21,69,84,14,188,18,4,22,210
09/09/2022,CAK,OH,AGL,CE,Towers with Radar,18,46,45,1,110,0,8,57,3,68,18,54,102,4,178,0,0,0,178
09/10/2022,CAK,OH,AGL,CE,Towers with Radar,14,21,28,0,63,0,6,48,18,72,14,27,76,18,135,8,0,8,143
09/11/2022,CAK,OH,AGL,CE,Towers with Radar,20,21,50,1,92,0,0,0,0,0,20,21,50,1,92,0,0,0,92
09/12/2022,CAK,OH,AGL,CE,Towers with Radar,16,33,62,2,113,0,4,23,0,27,16,37,85,2,140,30,0,30,170
09/13/2022,CAK,OH,AGL,CE,Towers with Radar,9,58,54,2,123,0,2,14,2,18,9,60,68,4,141,10,0,10,151
09/14/2022,CAK,OH,AGL,CE,Towers with Radar,8,41,53,1,103,0,2,20,5,27,8,43,73,6,130,2,0,2,132
09/15/2022,CAK,OH,AGL,CE,Towers with Radar,20,56,62,0,138,0,6,51,4,61,20,62,113,4,199,42,0,42,241
09/16/2022,CAK,OH,AGL,CE,Towers with Radar,19,66,40,0,125,0,5,65,6,76,19,71,105,6,201,6,0,6,207
09/17/2022,CAK,OH,AGL,CE,Towers with Radar,12,32,28,0,72,0,4,42,0,46,12,36,70,0,118,12,0,12,130
09/18/2022,CAK,OH,AGL,CE,Towers with Radar,23,29,37,0,89,0,9,30,0,39,23,38,67,0,128,10,0,10,138
09/19/2022,CAK,OH,AGL,CE,Towers with Radar,16,35,43,0,94,0,3,13,0,16,16,38,56,0,110,16,0,16,126
09/20/2022,CAK,OH,AGL,CE,Towers with Radar,6,41,29,3,79,0,8,39,7,54,6,49,68,10,133,16,0,16,149
09/21/2022,CAK,OH,AGL,CE,Towers with Radar,9,40,39,2,90,0,2,30,3,35,9,42,69,5,125,26,0,26,151
09/22/2022,CAK,OH,AGL,CE,Towers with Radar,20,38,43,0,101,0,0,13,5,18,20,38,56,5,119,0,0,0,119
09/23/2022,CAK,OH,AGL,CE,Towers with Radar,21,47,42,0,110,0,7,35,1,43,21,54,77,1,153,14,0,14,167
09/24/2022,CAK,OH,AGL,CE,Towers with Radar,13,23,19,0,55,0,3,47,0,50,13,26,66,0,105,14,0,14,119
09/25/2022,CAK,OH,AGL,CE,Towers with Radar,20,21,28,0,69,0,0,10,0,10,20,21,38,0,79,6,0,6,85
09/26/2022,CAK,OH,AGL,CE,Towers with Radar,17,27,36,0,80,0,0,10,0,10,17,27,46,0,90,0,0,0,90
09/27/2022,CAK,OH,AGL,CE,Towers with Radar,7,33,40,1,81,0,0,4,1,5,7,33,44,2,86,0,0,0,86
09/28/2022,CAK,OH,AGL,CE,Towers with Radar,8,56,62,0,126,0,0,3,1,4,8,56,65,1,130,0,0,0,130
09/29/2022,CAK,OH,AGL,CE,Towers with Radar,19,62,44,2,127,0,6,40,2,48,19,68,84,4,175,28,0,28,203
09/30/2022,CAK,OH,AGL,CE,Towers with Radar,13,45,31,0,89,0,10,39,0,49,13,55,70,0,138,0,0,0,138
10/01/2022,CAK,OH,AGL,CE,Towers with Radar,9,21,24,0,54,0,1,12,0,13,9,22,36,0,67,0,0,0,67
10/02/2022,CAK,OH,AGL,CE,Towers with Radar,22,12,37,0,71,0,1,16,0,17,22,13,53,0,88,8,0,8,96
10/03/2022,CAK,OH,AGL,CE,Towers with Radar,24,37,50,2,113,0,6,56,0,62,24,43,106,2,175,14,0,14,189
10/04/2022,CAK,OH,AGL,CE,Towers with Radar,6,44,47,0,97,0,6,29,5,40,6,50,76,5,137,4,0,4,141
10/05/2022,CAK,OH,AGL,CE,Towers with Radar,8,57,43,1,109,0,10,42,2,54,8,67,85,3,163,12,0,12,175
10/06/2022,CAK,OH,AGL,CE,Towers with Radar,22,61,46,0,129,0,13,32,10,55,22,74,78,10,184,6,0,6,190
10/07/2022,CAK,OH,AGL,CE,Towers with Radar,15,65,56,2,138,0,0,16,0,16,15,65,72,2,154,0,0,0,154
10/08/2022,CAK,OH,AGL,CE,Towers with Radar,8,23,24,0,55,0,3,39,0,42,8,26,63,0,97,0,0,0,97
10/09/2022,CAK,OH,AGL,CE,Towers with Radar,21,22,40,0,83,0,12,36,0,48,21,34,76,0,131,2,0,2,133
10/10/2022,CAK,OH,AGL,CE,Towers with Radar,12,24,52,0,88,0,5,36,0,41,12,29,88,0,129,0,0,0,129
10/11/2022,CAK,OH,AGL,CE,Towers with Radar,10,39,75,2,126,0,4,51,5,60,10,43,126,7,186,6,0,6,192
10/12/2022,CAK,OH,AGL,CE,Towers with Radar,14,33,45,2,94,0,8,23,3,34,14,41,68,5,128,6,0,6,134
10/13/2022,CAK,OH,AGL,CE,Towers with Radar,24,35,31,5,95,0,2,14,6,22,24,37,45,11,117,0,0,0,117
10/14/2022,CAK,OH,AGL,CE,Towers with Radar,15,41,37,0,93,0,3,25,2,30,15,44,62,2,123,20,0,20,143
10/15/2022,CAK,OH,AGL,CE,Towers with Radar,8,10,30,0,48,0,1,31,0,32,8,11,61,0,80,38,0,38,118
10/16/2022,CAK,OH,AGL,CE,Towers with Radar,22,28,37,2,89,0,0,28,0,28,22,28,65,2,117,0,0,0,117
10/17/2022,CAK,OH,AGL,CE,Towers with Radar,14,34,27,0,75,0,0,20,0,20,14,34,47,0,95,14,0,14,109
10/18/2022,CAK,OH,AGL,CE,Towers with Radar,6,37,31,0,74,0,0,3,5,8,6,37,34,5,82,8,0,8,90
10/19/2022,CAK,OH,AGL,CE,Towers with Radar,6,36,26,0,68,0,0,1,6,7,6,36,27,6,75,2,0,2,77
10/20/2022,CAK,OH,AGL,CE,Towers with Radar,22,51,47,1,121,0,4,35,13,52,22,55,82,14,173,30,0,30,203
10/21/2022,CAK,OH,AGL,CE,Towers with Radar,15,43,45,0,103,0,12,45,6,63,15,55,90,6,166,20,0,20,186
10/22/2022,CAK,OH,AGL,CE,Towers with Radar,8,46,26,2,82,0,4,44,0,48,8,50,70,2,130,18,0,18,148
10/23/2022,CAK,OH,AGL,CE,Towers with Radar,20,29,40,0,89,0,8,54,0,62,20,37,94,0,151,16,0,16,167
10/24/2022,CAK,OH,AGL,CE,Towers with Radar,15,44,34,0,93,0,6,35,0,41,15,50,69,0,134,6,0,6,140
10/25/2022,CAK,OH,AGL,CE,Towers with Radar,6,43,44,9,102,0,3,45,7,55,6,46,89,16,157,16,0,16,173
10/26/2022,CAK,OH,AGL,CE,Towers with Radar,10,46,18,0,74,0,0,0,0,0,10,46,18,0,74,4,0,4,78
10/27/2022,CAK,OH,AGL,CE,Towers with Radar,23,69,60,0,152,0,13,48,0,61,23,82,108,0,213,52,0,52,265
10/28/2022,CAK,OH,AGL,CE,Towers with Radar,14,63,39,0,116,0,9,39,2,50,14,72,78,2,166,16,0,16,182
10/29/2022,CAK,OH,AGL,CE,Towers with Radar,6,22,16,0,44,0,2,35,0,37,6,24,51,0,81,8,0,8,89
10/30/2022,CAK,OH,AGL,CE,Towers with Radar,21,17,19,0,57,0,2,30,0,32,21,19,49,0,89,12,0,12,101
10/31/2022,CAK,OH,AGL,CE,Towers with Radar,19,53,31,0,103,0,0,1,0,1,19,53,32,0,104,2,0,2,106
11/01/2022,CAK,OH,AGL,CE,Towers with Radar,5,48,27,3,83,0,0,2,2,4,5,48,29,5,87,16,0,16,103
11/02/2022,CAK,OH,AGL,CE,Towers with Radar,10,57,44,2,113,0,4,29,3,36,10,61,73,5,149,58,0,58,207
11/03/2022,CAK,OH,AGL,CE,Towers with Radar,22,45,39,0,106,0,4,29,4,37,22,49,68,4,143,4,0,4,147
11/04/2022,CAK,OH,AGL,CE,Towers with Radar,16,30,43,2,91,0,5,43,5,53,16,35,86,7,144,0,0,0,144
11/05/2022,CAK,OH,AGL,CE,Towers with Radar,12,16,17,4,49,0,2,4,1,7,12,18,21,5,56,0,0,0,56
11/06/2022,CAK,OH,AGL,CE,Towers with Radar,20,20,38,2,80,0,0,27,0,27,20,20,65,2,107,0,0,0,107
11/07/2022,CAK,OH,AGL,CE,Towers with Radar,20,49,40,0,109,0,16,50,0,66,20,65,90,0,175,10,0,10,185
11/08/2022,CAK,OH,AGL,CE,Towers with Radar,6,48,51,0,105,0,13,29,8,50,6,61,80,8,155,16,0,16,171
11/09/2022,CAK,OH,AGL,CE,Towers with Radar,14,39,68,1,122,0,9,56,9,74,14,48,124,10,196,20,0,20,216
11/10/2022,CAK,OH,AGL,CE,Towers with Radar,20,55,51,0,126,0,7,42,1,50,20,62,93,1,176,22,0,22,198
11/11/2022,CAK,OH,AGL,CE,Towers with Radar,22,30,30,0,82,0,0,0,0,0,22,30,30,0,82,0,0,0,82
11/12/2022,CAK,OH,AGL,CE,Towers with Radar,7,19,18,0,44,0,0,0,0,0,7,19,18,0,44,0,0,0,44
11/13/2022,CAK,OH,AGL,CE,Towers with Radar,24,21,36,0,81,0,0,15,0,15,24,21,51,0,96,6,0,6,102
11/14/2022,CAK,OH,AGL,CE,Towers with Radar,19,36,38,2,95,0,4,26,2,32,19,40,64,4,127,2,0,2,129
11/15/2022,CAK,OH,AGL,CE,Towers with Radar,6,36,26,0,68,0,2,21,7,30,6,38,47,7,98,0,0,0,98
11/16/2022,CAK,OH,AGL,CE,Towers with Radar,10,38,23,0,71,0,0,5,0,5,10,38,28,0,76,0,0,0,76
11/17/2022,CAK,OH,AGL,CE,Towers with Radar,23,40,35,1,99,0,0,6,3,9,23,40,41,4,108,6,0,6,114
11/18/2022,CAK,OH,AGL,CE,Towers with Radar,15,43,25,0,83,0,0,0,0,0,15,43,25,0,83,0,0,0,83
11/19/2022,CAK,OH,AGL,CE,Towers with Radar,9,19,21,0,49,0,0,11,10,21,9,19,32,10,70,10,0,10,80
11/20/2022,CAK,OH,AGL,CE,Towers with Radar,24,13,19,1,57,0,4,15,0,19,24,17,34,1,76,8,0,8,84
11/21/2022,CAK,OH,AGL,CE,Towers with Radar,20,30,26,2,78,0,0,20,0,20,20,30,46,2,98,10,0,10,108
11/22/2022,CAK,OH,AGL,CE,Towers with Radar,22,68,32,1,123,0,4,38,6,48,22,72,70,7,171,28,0,28,199
11/23/2022,CAK,OH,AGL,CE,Towers with Radar,17,35,40,0,92,0,7,55,0,62,17,42,95,0,154,34,0,34,188
11/24/2022,CAK,OH,AGL,CE,Towers with Radar,6,14,5,0,25,0,0,17,0,17,6,14,22,0,42,4,0,4,46
11/25/2022,CAK,OH,AGL,CE,Towers with Radar,15,28,13,0,56,0,0,7,0,7,15,28,20,0,63,6,0,6,69
11/26/2022,CAK,OH,AGL,CE,Towers with Radar,17,22,31,0,70,0,0,31,0,31,17,22,62,0,101,6,0,6,107
11/27/2022,CAK,OH,AGL,CE,Towers with Radar,19,19,32,0,70,0,0,0,2,2,19,19,32,2,72,0,0,0,72
11/28/2022,CAK,OH,AGL,CE,Towers with Radar,16,27,38,0,81,0,0,2,0,2,16,27,40,0,83,0,0,0,83
11/29/2022,CAK,OH,AGL,CE,Towers with Radar,10,50,47,1,108,0,2,20,5,27,10,52,67,6,135,4,0,4,139
11/30/2022,CAK,OH,AGL,CE,Towers with Radar,8,28,15,2,53,0,1,2,3,6,8,29,17,5,59,0,0,0,59
12/01/2022,CAK,OH,AGL,CE,Towers with Radar,19,61,29,1,110,0,1,25,8,34,19,62,54,9,144,0,0,0,144
12/02/2022,CAK,OH,AGL,CE,Towers with Radar,19,46,35,0,100,0,4,23,4,31,19,50,58,4,131,2,0,2,133
12/03/2022,CAK,OH,AGL,CE,Towers with Radar,7,21,16,0,44,0,0,3,0,3,7,21,19,0,47,0,0,0,47
12/04/2022,CAK,OH,AGL,CE,Towers with Radar,22,29,33,0,84,1,3,34,0,38,23,32,67,0,122,10,0,10,132
12/05/2022,CAK,OH,AGL,CE,Towers with Radar,22,42,36,0,100,0,9,37,0,46,22,51,73,0,146,22,0,22,168
12/06/2022,CAK,OH,AGL,CE,Towers with Radar,4,22,40,0,66,0,0,0,0,0,4,22,40,0,66,0,0,0,66
12/07/2022,CAK,OH,AGL,CE,Towers with Radar,7,19,22,0,48,0,0,0,0,0,7,19,22,0,48,0,0,0,48
12/08/2022,CAK,OH,AGL,CE,Towers with Radar,26,45,44,3,118,0,0,0,7,7,26,45,44,10,125,0,0,0,125
12/09/2022,CAK,OH,AGL,CE,Towers with Radar,18,44,31,2,95,0,0,49,0,49,18,44,80,2,144,24,0,24,168
12/10/2022,CAK,OH,AGL,CE,Towers with Radar,10,15,16,0,41,0,0,0,0,0,10,15,16,0,41,0,0,0,41
12/11/2022,CAK,OH,AGL,CE,Towers with Radar,20,19,20,0,59,0,2,4,1,7,20,21,24,1,66,0,0,0,66
12/12/2022,CAK,OH,AGL,CE,Towers with Radar,22,27,35,0,84,0,2,4,1,7,22,29,39,1,91,6,0,6,97
12/13/2022,CAK,OH,AGL,CE,Towers with Radar,7,63,43,1,114,0,3,45,9,57,7,66,88,10,171,20,0,20,191
12/14/2022,CAK,OH,AGL,CE,Towers with Radar,9,53,39,2,103,0,1,34,0,35,9,54,73,2,138,10,0,10,148
12/15/2022,CAK,OH,AGL,CE,Towers with Radar,20,40,23,0,83,0,0,1,0,1,20,40,24,0,84,0,0,0,84
12/16/2022,CAK,OH,AGL,CE,Towers with Radar,23,39,38,1,101,0,0,15,1,16,23,39,53,2,117,12,0,12,129
12/17/2022,CAK,OH,AGL,CE,Towers with Radar,10,13,12,0,35,0,0,6,0,6,10,13,18,0,41,0,0,0,41
12/18/2022,CAK,OH,AGL,CE,Towers with Radar,16,14,25,0,55,0,0,0,0,0,16,14,25,0,55,0,0,0,55
12/19/2022,CAK,OH,AGL,CE,Towers with Radar,22,24,31,0,77,0,0,4,0,4,22,24,35,0,81,24,0,24,105
12/20/2022,CAK,OH,AGL,CE,Towers with Radar,15,50,39,0,104,0,6,35,8,49,15,56,74,8,153,22,0,22,175
12/21/2022,CAK,OH,AGL,CE,Towers with Radar,12,69,39,1,121,0,1,33,3,37,12,70,72,4,158,18,0,18,176
12/22/2022,CAK,OH,AGL,CE,Towers with Radar,25,33,27,0,85,0,0,1,0,1,25,33,28,0,86,0,0,0,86
12/23/2022,CAK,OH,AGL,CE,Towers with Radar,0,4,9,0,13,0,0,0,0,0,0,4,9,0,13,0,0,0,13
12/24/2022,CAK,OH,AGL,CE,Towers with Radar,7,13,11,0,31,0,0,0,0,0,7,13,11,0,31,0,0,0,31
12/25/2022,CAK,OH,AGL,CE,Towers with Radar,15,19,1,0,35,0,0,0,0,0,15,19,1,0,35,0,0,0,35
12/26/2022,CAK,OH,AGL,CE,Towers with Radar,22,14,30,0,66,0,0,6,0,6,22,14,36,0,72,0,0,0,72
12/27/2022,CAK,OH,AGL,CE,Towers with Radar,21,24,36,0,81,0,0,1,0,1,21,24,37,0,82,0,0,0,82
12/28/2022,CAK,OH,AGL,CE,Towers with Radar,10,27,30,2,69,0,1,28,0,29,10,28,58,2,98,12,0,12,110
12/29/2022,CAK,OH,AGL,CE,Towers with Radar,22,31,25,0,78,0,1,12,0,13,22,32,37,0,91,10,0,10,101
12/30/2022,CAK,OH,AGL,CE,Towers with Radar,18,21,20,0,59,0,1,17,0,18,18,22,37,0,77,0,0,0,77
12/31/2022,CAK,OH,AGL,CE,Towers with Radar,8,12,4,0,24,0,0,0,0,0,8,12,4,0,24,0,0,0,24
01/01/2023,CAK,OH,AGL,CE,Towers with Radar,13,12,18,0,43,0,0,0,0,0,13,12,18,0,43,0,0,0,43
01/02/2023,CAK,OH,AGL,CE,Towers with Radar,12,4,20,0,36,0,0,0,0,0,12,4,20,0,36,0,0,0,36
01/03/2023,CAK,OH,AGL,CE,Towers with Radar,15,30,36,4,85,0,0,0,2,2,15,30,36,6,87,0,0,0,87
01/04/2023,CAK,OH,AGL,CE,Towers with Radar,10,40,49,0,99,0,1,0,4,5,10,41,49,4,104,0,0,0,104
01/05/2023,CAK,OH,AGL,CE,Towers with Radar,24,43,31,0,98,0,0,29,10,39,24,43,60,10,137,16,0,16,153
01/06/2023,CAK,OH,AGL,CE,Towers with Radar,19,19,17,4,59,0,0,1,2,3,19,19,18,6,62,0,0,0,62
01/07/2023,CAK,OH,AGL,CE,Towers with Radar,7,17,26,0,50,0,0,2,0,2,7,17,28,0,52,0,0,0,52
01/08/2023,CAK,OH,AGL,CE,Towers with Radar,22,21,12,0,55,0,2,22,0,24,22,23,34,0,79,4,0,4,83
01/09/2023,CAK,OH,AGL,CE,Towers with Radar,20,40,28,0,88,0,0,13,2,15,20,40,41,2,103,8,0,8,111
01/10/2023,CAK,OH,AGL,CE,Towers with Radar,6,36,51,2,95,0,2,30,4,36,6,38,81,6,131,12,0,12,143
01/11/2023,CAK,OH,AGL,CE,Towers with Radar,8,47,41,0,96,0,4,36,2,42,8,51,77,2,138,6,0,6,144
01/12/2023,CAK,OH,AGL,CE,Towers with Radar,22,28,14,0,64,0,0,0,0,0,22,28,14,0,64,0,0,0,64
01/13/2023,CAK,OH,AGL,CE,Towers with Radar,24,34,17,0,75,0,0,0,0,0,24,34,17,0,75,8,0,8,83
01/14/2023,CAK,OH,AGL,CE,Towers with Radar,7,16,26,0,49,0,0,13,0,13,7,16,39,0,62,4,0,4,66
01/15/2023,CAK,OH,AGL,CE,Towers with Radar,24,12,35,0,71,0,4,45,0,49,24,16,80,0,120,0,0,0,120
01/16/2023,CAK,OH,AGL,CE,Towers with Radar,19,30,27,0,76,0,3,36,0,39,19,33,63,0,115,38,0,38,153
01/17/2023,CAK,OH,AGL,CE,Towers with Radar,8,44,23,0,75,0,0,2,0,2,8,44,25,0,77,4,0,4,81
01/18/2023,CAK,OH,AGL,CE,Towers with Radar,10,44,28,0,82,0,0,1,6,7,10,44,29,6,89,0,0,0,89
01/19/2023,CAK,OH,AGL,CE,Towers with Radar,23,34,31,1,89,0,0,7,5,12,23,34,38,6,101,0,0,0,101
01/20/2023,CAK,OH,AGL,CE,Towers with Radar,18,24,26,0,68,0,0,1,0,1,18,24,27,0,69,0,0,0,69
01/21/2023,CAK,OH,AGL,CE,Towers with Radar,8,23,33,0,64,0,0,7,0,7,8,23,40,0,71,38,0,38,109
01/22/2023,CAK,OH,AGL,CE,Towers with Radar,22,11,14,0,47,0,0,2,0,2,22,11,16,0,49,0,0,0,49
01/23/2023,CAK,OH,AGL,CE,Towers with Radar,20,28,17,0,65,0,0,0,0,0,20,28,17,0,65,0,0,0,65
01/24/2023,CAK,OH,AGL,CE,Towers with Radar,6,43,26,1,76,0,3,3,1,7,6,46,29,2,83,0,0,0,83
01/25/2023,CAK,OH,AGL,CE,Towers with Radar,9,37,13,0,59,0,0,0,0,0,9,37,13,0,59,0,0,0,59
01/26/2023,CAK,OH,AGL,CE,Towers with Radar,27,40,15,0,82,0,1,0,0,1,27,41,15,0,83,0,0,0,83
01/27/2023,CAK,OH,AGL,CE,Towers with Radar,18,50,18,0,86,0,0,18,2,20,18,50,36,2,106,0,0,0,106
01/28/2023,CAK,OH,AGL,CE,Towers with Radar,8,24,15,0,47,0,4,51,2,57,8,28,66,2,104,0,0,0,104
01/29/2023,CAK,OH,AGL,CE,Towers with Radar,26,23,12,0,61,0,0,0,0,0,26,23,12,0,61,0,0,0,61
01/30/2023,CAK,OH,AGL,CE,Towers with Radar,20,30,23,0,73,0,0,0,0,0,20,30,23,0,73,0,0,0,73
01/31/2023,CAK,OH,AGL,CE,Towers with Radar,7,54,32,1,94,0,2,25,9,36,7,56,57,10,130,0,0,0,130
02/01/2023,CAK,OH,AGL,CE,Towers with Radar,10,42,34,3,89,0,15,29,4,48,10,57,63,7,137,28,0,28,165
02/02/2023,CAK,OH,AGL,CE,Towers with Radar,25,43,36,5,109,0,3,24,9,36,25,46,60,14,145,16,0,16,161
02/03/2023,CAK,OH,AGL,CE,Towers with Radar,22,30,26,0,78,0,4,4,8,16,22,34,30,8,94,10,0,10,104
02/04/2023,CAK,OH,AGL,CE,Towers with Radar,10,27,25,2,64,0,3,21,0,24,10,30,46,2,88,0,0,0,88
02/05/2023,CAK,OH,AGL,CE,Towers with Radar,27,15,18,0,60,0,2,8,0,10,27,17,26,0,70,8,0,8,78
02/06/2023,CAK,OH,AGL,CE,Towers with Radar,17,28,26,1,72,0,0,5,2,7,17,28,31,3,79,10,0,10,89
02/07/2023,CAK,OH,AGL,CE,Towers with Radar,15,38,26,2,81,0,4,0,7,11,15,42,26,9,92,0,0,0,92
02/08/2023,CAK,OH,AGL,CE,Towers with Radar,10,45,37,8,100,0,4,39,6,49,10,49,76,14,149,34,10,44,193
02/09/2023,CAK,OH,AGL,CE,Towers with Radar,27,43,33,0,103,0,0,0,0,0,27,43,33,0,103,0,0,0,103
02/10/2023,CAK,OH,AGL,CE,Towers with Radar,23,31,25,0,79,0,4,2,2,8,23,35,27,2,87,12,0,12,99
02/11/2023,CAK,OH,AGL,CE,Towers with Radar,10,16,41,1,68,0,5,68,3,76,10,21,109,4,144,10,0,10,154
02/12/2023,CAK,OH,AGL,CE,Towers with Radar,24,12,17,0,53,0,2,45,0,47,24,14,62,0,100,20,0,20,120
02/13/2023,CAK,OH,AGL,CE,Towers with Radar,24,31,28,5,88,0,8,21,3,32,24,39,49,8,120,16,0,16,136
02/14/2023,CAK,OH,AGL,CE,Towers with Radar,10,41,29,2,82,0,21,32,10,63,10,62,61,12,145,14,2,16,161
02/15/2023,CAK,OH,AGL,CE,Towers with Radar,13,33,29,0,75,0,2,6,7,15,13,35,35,7,90,0,0,0,90
02/16/2023,CAK,OH,AGL,CE,Towers with Radar,22,33,33,5,93,0,3,6,0,9,22,36,39,5,102,12,0,12,114
02/17/2023,CAK,OH,AGL,CE,Towers with Radar,25,37,18,0,80,0,1,2,0,3,25,38,20,0,83,0,0,0,83
02/18/2023,CAK,OH,AGL,CE,Towers with Radar,11,17,22,0,50,0,1,27,4,32,11,18,49,4,82,20,0,20,102
02/19/2023,CAK,OH,AGL,CE,Towers with Radar,22,16,21,0,59,0,2,11,0,13,22,18,32,0,72,0,0,0,72
02/20/2023,CAK,OH,AGL,CE,Towers with Radar,29,31,43,0,103,0,18,31,0,49,29,49,74,0,152,20,0,20,172
02/21/2023,CAK,OH,AGL,CE,Towers with Radar,13,38,36,0,87,0,2,14,6,22,13,40,50,6,109,0,0,0,109
02/22/2023,CAK,OH,AGL,CE,Towers with Radar,12,29,37,0,78,0,0,1,0,1,12,29,38,0,79,0,0,0,79
02/23/2023,CAK,OH,AGL,CE,Towers with Radar,23,29,29,0,81,0,2,0,11,13,23,31,29,11,94,0,0,0,94
02/24/2023,CAK,OH,AGL,CE,Towers with Radar,27,30,39,0,96,0,13,42,6,61,27,43,81,6,157,22,0,22,179
02/25/2023,CAK,OH,AGL,CE,Towers with Radar,12,25,36,0,73,0,0,40,0,40,12,25,76,0,113,38,0,38,151
02/26/2023,CAK,OH,AGL,CE,Towers with Radar,23,21,32,0,76,0,2,30,0,32,23,23,62,0,108,18,0,18,126
02/27/2023,CAK,OH,AGL,CE,Towers with Radar,24,35,18,0,77,0,0,2,0,2,24,35,20,0,79,6,0,6,85
02/28/2023,CAK,OH,AGL,CE,Towers with Radar,10,46,53,1,110,0,9,21,13,43,10,55,74,14,153,12,0,12,165
03/01/2023,CAK,OH,AGL,CE,Towers with Radar,18,53,47,2,120,0,4,24,4,32,18,57,71,6,152,8,0,8,160
03/02/2023,CAK,OH,AGL,CE,Towers with Radar,21,60,53,0,134,0,2,22,4,28,21,62,75,4,162,18,0,18,180
03/03/2023,CAK,OH,AGL,CE,Towers with Radar,22,41,32,0,95,0,0,1,0,1,22,41,33,0,96,0,0,0,96
03/04/2023,CAK,OH,AGL,CE,Towers with Radar,14,21,14,0,49,0,6,19,0,25,14,27,33,0,74,24,0,24,98
03/05/2023,CAK,OH,AGL,CE,Towers with Radar,21,29,32,0,82,0,6,30,0,36,21,35,62,0,118,18,0,18,136
03/06/2023,CAK,OH,AGL,CE,Towers with Radar,27,57,36,3,123,0,12,22,1,35,27,69,58,4,158,24,0,24,182
03/07/2023,CAK,OH,AGL,CE,Towers with Radar,8,57,33,1,99,0,2,19,7,28,8,59,52,8,127,18,0,18,145
03/08/2023,CAK,OH,AGL,CE,Towers with Radar,17,64,40,2,123,0,24,32,4,60,17,88,72,6,183,8,0,8,191
03/09/2023,CAK,OH,AGL,CE,Towers with Radar,23,52,50,0,125,0,15,56,4,75,23,67,106,4,200,8,0,8,208
03/10/2023,CAK,OH,AGL,CE,Towers with Radar,25,35,14,0,74,0,0,0,0,0,25,35,14,0,74,0,0,0,74
03/11/2023,CAK,OH,AGL,CE,Towers with Radar,13,16,17,0,46,0,4,4,0,8,13,20,21,0,54,30,0,30,84
03/12/2023,CAK,OH,AGL,CE,Towers with Radar,24,14,27,0,65,0,0,4,0,4,24,14,31,0,69,12,0,12,81
03/13/2023,CAK,OH,AGL,CE,Towers with Radar,26,38,23,0,87,0,0,0,0,0,26,38,23,0,87,0,0,0,87
03/14/2023,CAK,OH,AGL,CE,Towers with Radar,8,31,15,0,54,0,0,0,0,0,8,31,15,0,54,0,0,0,54
03/15/2023,CAK,OH,AGL,CE,Towers with Radar,17,55,67,0,139,0,10,60,4,74,17,65,127,4,213,64,0,64,277
03/16/2023,CAK,OH,AGL,CE,Towers with Radar,24,55,32,1,112,0,6,35,10,51,24,61,67,11,163,0,0,0,163
03/17/2023,CAK,OH,AGL,CE,Towers with Radar,27,41,27,0,95,0,0,0,0,0,27,41,27,0,95,0,0,0,95
03/18/2023,CAK,OH,AGL,CE,Towers with Radar,18,19,10,0,47,0,0,6,3,9,18,19,16,3,56,0,0,0,56
03/19/2023,CAK,OH,AGL,CE,Towers with Radar,23,17,47,0,87,0,0,16,4,20,23,17,63,4,107,0,0,0,107
03/20/2023,CAK,OH,AGL,CE,Towers with Radar,24,58,39,0,121,0,7,47,0,54,24,65,86,0,175,22,0,22,197
03/21/2023,CAK,OH,AGL,CE,Towers with Radar,11,56,34,2,103,0,10,40,0,50,11,66,74,2,153,12,0,12,165
03/22/2023,CAK,OH,AGL,CE,Towers with Radar,17,35,17,1,70,0,3,10,3,16,17,38,27,4,86,2,0,2,88
03/23/2023,CAK,OH,AGL,CE,Towers with Radar,23,40,37,1,101,0,0,0,0,0,23,40,37,1,101,0,0,0,101
03/24/2023,CAK,OH,AGL,CE,Towers with Radar,24,55,34,0,113,0,8,22,2,32,24,63,56,2,145,18,0,18,163
03/25/2023,CAK,OH,AGL,CE,Towers with Radar,15,20,11,1,47,0,0,0,0,0,15,20,11,1,47,0,0,0,47
03/26/2023,CAK,OH,AGL,CE,Towers with Radar,22,25,33,0,80,0,2,52,0,54,22,27,85,0,134,8,0,8,142
03/27/2023,CAK,OH,AGL,CE,Towers with Radar,24,43,31,0,98,0,0,4,4,8,24,43,35,4,106,2,0,2,108
03/28/2023,CAK,OH,AGL,CE,Towers with Radar,13,44,36,0,93,0,10,21,2,33,13,54,57,2,126,18,0,18,144
03/29/2023,CAK,OH,AGL,CE,Towers with Radar,17,36,34,0,87,0,3,7,2,12,17,39,41,2,99,4,0,4,103
03/30/2023,CAK,OH,AGL,CE,Towers with Radar,24,41,40,1,106,0,19,46,9,74,24,60,86,10,180,18,0,18,198
03/31/2023,CAK,OH,AGL,CE,Towers with Radar,22,39,23,2,86,0,0,0,0,0,22,39,23,2,86,0,0,0,86
04/01/2023,CAK,OH,AGL,CE,Towers with Radar,16,10,7,0,33,0,0,3,2,5,16,10,10,2,38,0,0,0,38
04/02/2023,CAK,OH,AGL,CE,Towers with Radar,23,22,30,0,75,0,11,41,0,52,23,33,71,0,127,72,0,72,199
04/03/2023,CAK,OH,AGL,CE,Towers with Radar,24,50,33,0,107,0,12,27,0,39,24,62,60,0,146,0,0,0,146
04/04/2023,CAK,OH,AGL,CE,Towers with Radar,9,62,42,0,113,0,5,21,6,32,9,67,63,6,145,32,2,34,179
04/05/2023,CAK,OH,AGL,CE,Towers with Radar,18,42,22,0,82,0,5,5,0,10,18,47,27,0,92,10,0,10,102
04/06/2023,CAK,OH,AGL,CE,Towers with Radar,24,79,39,3,145,0,9,33,5,47,24,88,72,8,192,12,0,12,204
04/07/2023,CAK,OH,AGL,CE,Towers with Radar,26,33,32,0,91,0,7,34,0,41,26,40,66,0,132,22,0,22,154
04/08/2023,CAK,OH,AGL,CE,Towers with Radar,17,16,22,0,55,0,7,32,0,39,17,23,54,0,94,0,0,0,94
04/09/2023,CAK,OH,AGL,CE,Towers with Radar,23,14,23,0,60,0,0,16,0,16,23,14,39,0,76,0,0,0,76
04/10/2023,CAK,OH,AGL,CE,Towers with Radar,28,48,37,0,113,0,3,55,2,60,28,51,92,2,173,0,0,0,173
04/11/2023,CAK,OH,AGL,CE,Towers with Radar,14,42,47,0,103,0,7,35,4,46,14,49,82,4,149,22,0,22,171
04/12/2023,CAK,OH,AGL,CE,Towers with Radar,16,40,33,0,89,0,7,55,8,70,16,47,88,8,159,32,10,42,201
04/13/2023,CAK,OH,AGL,CE,Towers with Radar,24,59,43,2,128,0,22,53,6,81,24,81,96,8,209,20,0,20,229
04/14/2023,CAK,OH,AGL,CE,Towers with Radar,24,50,30,2,106,0,7,46,2,55,24,57,76,4,161,22,0,22,183
04/15/2023,CAK,OH,AGL,CE,Towers with Radar,15,22,33,0,70,0,0,30,12,42,15,22,63,12,112,18,12,30,142
04/16/2023,CAK,OH,AGL,CE,Towers with Radar,24,18,32,2,76,0,2,15,2,19,24,20,47,4,95,4,2,6,101
04/17/2023,CAK,OH,AGL,CE,Towers with Radar,25,29,23,0,77,0,0,0,0,0,25,29,23,0,77,0,0,0,77
04/18/2023,CAK,OH,AGL,CE,Towers with Radar,9,34,39,0,82,0,0,16,6,22,9,34,55,6,104,0,0,0,104
04/19/2023,CAK,OH,AGL,CE,Towers with Radar,20,34,52,1,107,0,6,62,4,72,20,40,114,5,179,30,26,56,235
04/20/2023,CAK,OH,AGL,CE,Towers with Radar,22,58,41,1,122,0,7,47,6,60,22,65,88,7,182,0,0,0,182
04/21/2023,CAK,OH,AGL,CE,Towers with Radar,24,40,26,0,90,0,2,7,2,11,24,42,33,2,101,10,0,10,111
04/22/2023,CAK,OH,AGL,CE,Towers with Radar,17,11,28,0,56,0,0,2,0,2,17,11,30,0,58,0,0,0,58
04/23/2023,CAK,OH,AGL,CE,Towers with Radar,26,19,31,0,76,0,1,22,0,23,26,20,53,0,99,0,0,0,99
04/24/2023,CAK,OH,AGL,CE,Towers with Radar,22,28,30,0,80,0,6,4,0,10,22,34,34,0,90,34,0,34,124
04/25/2023,CAK,OH,AGL,CE,Towers with Radar,14,51,41,4,110,0,11,25,6,42,14,62,66,10,152,12,10,22,174
04/26/2023,CAK,OH,AGL,CE,Towers with Radar,16,56,43,0,115,0,15,16,4,35,16,71,59,4,150,32,0,32,182
04/27/2023,CAK,OH,AGL,CE,Towers with Radar,23,54,41,1,119,0,9,33,6,48,23,63,74,7,167,12,14,26,193
04/28/2023,CAK,OH,AGL,CE,Towers with Radar,25,32,30,0,87,0,0,0,0,0,25,32,30,0,87,0,0,0,87
04/29/2023,CAK,OH,AGL,CE,Towers with Radar,13,19,21,0,53,0,0,7,0,7,13,19,28,0,60,6,0,6,66
04/30/2023,CAK,OH,AGL,CE,Towers with Radar,21,19,25,0,65,0,0,1,0,1,21,19,26,0,66,4,0,4,70
05/01/2023,CAK,OH,AGL,CE,Towers with Radar,28,31,27,0,86,0,0,0,0,0,28,31,27,0,86,0,0,0,86
05/02/2023,CAK,OH,AGL,CE,Towers with Radar,10,38,31,0,79,0,0,2,0,2,10,38,33,0,81,0,0,0,81
05/03/2023,CAK,OH,AGL,CE,Towers with Radar,19,37,48,2,106,0,0,0,0,0,19,37,48,2,106,0,0,0,106
05/04/2023,CAK,OH,AGL,CE,Towers with Radar,22,54,65,0,141,0,15,43,0,58,22,69,108,0,199,38,0,38,237
05/05/2023,CAK,OH,AGL,CE,Towers with Radar,27,38,58,0,123,0,5,55,0,60,27,43,113,0,183,22,0,22,205
05/06/2023,CAK,OH,AGL,CE,Towers with Radar,18,19,20,0,57,0,0,64,0,64,18,19,84,0,121,20,0,20,141
05/07/2023,CAK,OH,AGL,CE,Towers with Radar,26,19,35,0,80,0,0,7,0,7,26,19,42,0,87,18,0,18,105
05/08/2023,CAK,OH,AGL,CE,Towers with Radar,28,58,36,2,124,0,2,20,2,24,28,60,56,4,148,6,0,6,154
05/09/2023,CAK,OH,AGL,CE,Towers with Radar,11,47,51,0,109,0,5,33,11,49,11,52,84,11,158,18,40,58,216
05/10/2023,CAK,OH,AGL,CE,Towers with Radar,20,52,44,0,116,0,10,37,11,58,20,62,81,11,174,24,0,24,198
05/11/2023,CAK,OH,AGL,CE,Towers with Radar,22,37,35,1,95,0,12,29,3,44,22,49,64,4,139,56,0,56,195
05/12/2023,CAK,OH,AGL,CE,Towers with Radar,24,49,44,2,119,0,4,48,2,54,24,53,92,4,173,0,0,0,173
05/13/2023,CAK,OH,AGL,CE,Towers with Radar,14,27,21,0,62,0,0,14,0,14,14,27,35,0,76,24,0,24,100
05/14/2023,CAK,OH,AGL,CE,Towers with Radar,23,19,25,0,67,0,1,21,0,22,23,20,46,0,89,18,0,18,107
05/15/2023,CAK,OH,AGL,CE,Towers with Radar,25,45,49,0,119,0,3,59,2,64,25,48,108,2,183,18,0,18,201
05/16/2023,CAK,OH,AGL,CE,Towers with Radar,8,44,34,1,87,0,4,36,9,49,8,48,70,10,136,20,28,48,184
05/17/2023,CAK,OH,AGL,CE,Towers with Radar,16,59,38,0,113,0,5,39,6,50,16,64,77,6,163,0,40,40,203
05/18/2023,CAK,OH,AGL,CE,Towers with Radar,25,41,44,0,110,0,2,39,8,49,25,43,83,8,159,12,6,18,177
05/19/2023,CAK,OH,AGL,CE,Towers with Radar,25,37,29,2,93,0,2,19,0,21,25,39,48,2,114,12,0,12,126
05/20/2023,CAK,OH,AGL,CE,Towers with Radar,14,17,33,0,64,0,0,7,0,7,14,17,40,0,71,8,0,8,79
05/21/2023,CAK,OH,AGL,CE,Towers with Radar,30,24,49,0,103,0,1,48,0,49,30,25,97,0,152,20,0,20,172
05/22/2023,CAK,OH,AGL,CE,Towers with Radar,22,46,58,1,127,0,11,37,3,51,22,57,95,4,178,26,0,26,204
05/23/2023,CAK,OH,AGL,CE,Towers with Radar,12,39,23,3,77,0,4,28,1,33,12,43,51,4,110,26,0,26,136
05/24/2023,CAK,OH,AGL,CE,Towers with Radar,16,31,53,0,100,0,2,38,12,52,16,33,91,12,152,24,2,26,178
05/25/2023,CAK,OH,AGL,CE,Towers with Radar,27,33,42,1,103,0,9,36,1,46,27,42,78,2,149,32,0,32,181
05/26/2023,CAK,OH,AGL,CE,Towers with Radar,20,34,60,0,114,0,6,45,0,51,20,40,105,0,165,46,0,46,211
05/27/2023,CAK,OH,AGL,CE,Towers with Radar,17,20,12,0,49,0,3,31,0,34,17,23,43,0,83,0,0,0,83
05/28/2023,CAK,OH,AGL,CE,Towers with Radar,27,14,10,0,51,0,0,16,0,16,27,14,26,0,67,20,0,20,87
05/29/2023,CAK,OH,AGL,CE,Towers with Radar,22,16,23,0,61,0,0,21,0,21,22,16,44,0,82,14,0,14,96
05/30/2023,CAK,OH,AGL,CE,Towers with Radar,13,37,48,0,98,0,9,41,2,52,13,46,89,2,150,18,0,18,168
05/31/2023,CAK,OH,AGL,CE,Towers with Radar,19,58,39,2,118,0,12,30,4,46,19,70,69,6,164,10,0,10,174
06/01/2023,CAK,OH,AGL,CE,Towers with Radar,30,66,36,3,135,0,10,50,0,60,30,76,86,3,195,24,0,24,219
06/02/2023,CAK,OH,AGL,CE,Towers with Radar,23,46,33,0,102,0,10,26,0,36,23,56,59,0,138,12,0,12,150
06/03/2023,CAK,OH,AGL,CE,Towers with Radar,16,17,11,0,44,0,3,32,4,39,16,20,43,4,83,0,0,0,83
06/04/2023,CAK,OH,AGL,CE,Towers with Radar,34,20,36,0,90,0,4,31,6,41,34,24,67,6,131,18,0,18,149
06/05/2023,CAK,OH,AGL,CE,Towers with Radar,23,45,46,0,114,0,8,30,8,46,23,53,76,8,160,6,0,6,166
06/06/2023,CAK,OH,AGL,CE,Towers with Radar,13,46,59,0,118,0,9,24,7,40,13,55,83,7,158,12,0,12,170
06/07/2023,CAK,OH,AGL,CE,Towers with Radar,15,55,61,0,131,0,12,35,14,61,15,67,96,14,192,48,0,48,240
06/08/2023,CAK,OH,AGL,CE,Towers with Radar,35,57,45,4,141,0,8,38,9,55,35,65,83,13,196,10,0,10,206
06/09/2023,CAK,OH,AGL,CE,Towers with Radar,19,48,36,1,104,0,8,32,19,59,19,56,68,20,163,14,0,14,177
06/10/2023,CAK,OH,AGL,CE,Towers with Radar,20,23,25,0,68,0,1,34,7,42,20,24,59,7,110,0,0,0,110
06/11/2023,CAK,OH,AGL,CE,Towers with Radar,30,18,25,0,73,0,5,10,4,19,30,23,35,4,92,8,0,8,100
06/12/2023,CAK,OH,AGL,CE,Towers with Radar,20,46,35,0,101,0,0,2,6,8,20,46,37,6,109,0,0,0,109
06/13/2023,CAK,OH,AGL,CE,Towers with Radar,17,39,32,0,88,0,1,10,2,13,17,40,42,2,101,0,0,0,101
06/14/2023,CAK,OH,AGL,CE,Towers with Radar,15,53,46,2,116,0,0,19,14,33,15,53,65,16,149,0,0,0,149
06/15/2023,CAK,OH,AGL,CE,Towers with Radar,29,56,35,0,120,0,5,28,8,41,29,61,63,8,161,0,0,0,161
06/16/2023,CAK,OH,AGL,CE,Towers with Radar,22,35,28,0,85,0,2,8,0,10,22,37,36,0,95,0,0,0,95
06/17/2023,CAK,OH,AGL,CE,Towers with Radar,18,22,25,0,65,0,10,30,0,40,18,32,55,0,105,4,0,4,109
06/18/2023,CAK,OH,AGL,CE,Towers with Radar,30,12,27,0,69,0,4,41,0,45,30,16,68,0,114,6,0,6,120
06/19/2023,CAK,OH,AGL,CE,Towers with Radar,20,37,32,0,89,0,1,38,0,39,20,38,70,0,128,8,0,8,136
06/20/2023,CAK,OH,AGL,CE,Towers with Radar,17,48,47,0,112,0,7,38,0,45,17,55,85,0,157,8,0,8,165
06/21/2023,CAK,OH,AGL,CE,Towers with Radar,14,70,51,10,145,0,7,34,6,47,14,77,85,16,192,14,0,14,206
06/22/2023,CAK,OH,AGL,CE,Towers with Radar,30,86,44,0,160,0,8,8,2,18,30,94,52,2,178,0,0,0,178
06/23/2023,CAK,OH,AGL,CE,Towers with Radar,20,69,45,0,134,0,0,1,2,3,20,69,46,2,137,26,0,26,163
06/24/2023,CAK,OH,AGL,CE,Towers with Radar,19,19,37,2,77,0,0,6,1,7,19,19,43,3,84,6,0,6,90
06/25/2023,CAK,OH,AGL,CE,Towers with Radar,31,14,18,0,63,0,4,17,0,21,31,18,35,0,84,2,0,2,86
06/26/2023,CAK,OH,AGL,CE,Towers with Radar,23,41,30,2,96,0,1,11,0,12,23,42,41,2,108,4,0,4,112
06/27/2023,CAK,OH,AGL,CE,Towers with Radar,16,60,38,2,116,0,0,0,0,0,16,60,38,2,116,0,0,0,116
06/28/2023,CAK,OH,AGL,CE,Towers with Radar,17,38,34,0,89,0,0,0,0,0,17,38,34,0,89,0,0,0,89
06/29/2023,CAK,OH,AGL,CE,Towers with Radar,35,47,52,3,137,0,0,0,0,0,35,47,52,3,137,0,0,0,137
06/30/2023,CAK,OH,AGL,CE,Towers with Radar,20,58,56,0,134,0,8,29,0,37,20,66,85,0,171,26,0,26,197
07/01/2023,CAK,OH,AGL,CE,Towers with Radar,18,15,24,0,57,0,1,10,0,11,18,16,34,0,68,24,0,24,92
07/02/2023,CAK,OH,AGL,CE,Towers with Radar,34,8,18,0,60,0,0,1,0,1,34,8,19,0,61,0,0,0,61
07/03/2023,CAK,OH,AGL,CE,Towers with Radar,18,19,29,0,66,0,3,12,0,15,18,22,41,0,81,10,0,10,91
07/04/2023,CAK,OH,AGL,CE,Towers with Radar,13,8,19,0,40,0,1,28,0,29,13,9,47,0,69,18,0,18,87
07/05/2023,CAK,OH,AGL,CE,Towers with Radar,14,55,25,1,95,0,19,51,3,73,14,74,76,4,168,40,0,40,208
07/06/2023,CAK,OH,AGL,CE,Towers with Radar,38,39,37,2,116,0,6,44,6,56,38,45,81,8,172,28,0,28,200
07/07/2023,CAK,OH,AGL,CE,Towers with Radar,19,49,38,0,106,0,2,25,2,29,19,51,63,2,135,34,0,34,169
07/08/2023,CAK,OH,AGL,CE,Towers with Radar,19,23,22,0,64,0,6,29,0,35,19,29,51,0,99,6,0,6,105
07/09/2023,CAK,OH,AGL,CE,Towers with Radar,35,20,34,0,89,0,0,14,0,14,35,20,48,0,103,15,0,15,118
07/10/2023,CAK,OH,AGL,CE,Towers with Radar,20,56,19,0,95,0,27,32,1,60,20,83,51,1,155,51,0,51,206
07/11/2023,CAK,OH,AGL,CE,Towers with Radar,17,59,31,0,107,0,7,41,0,48,17,66,72,0,155,16,0,16,171
07/12/2023,CAK,OH,AGL,CE,Towers with Radar,16,35,24,0,75,0,2,21,6,29,16,37,45,6,104,8,0,8,112
07/13/2023,CAK,OH,AGL,CE,Towers with Radar,33,45,65,0,143,0,9,34,4,47,33,54,99,4,190,30,0,30,220
07/14/2023,CAK,OH,AGL,CE,Towers with Radar,22,55,24,0,101,0,11,53,4,68,22,66,77,4,169,36,0,36,205
07/15/2023,CAK,OH,AGL,CE,Towers with Radar,18,22,17,0,57,0,4,16,0,20,18,26,33,0,77,16,0,16,93
07/16/2023,CAK,OH,AGL,CE,Towers with Radar,34,16,55,0,105,0,8,14,2,24,34,24,69,2,129,28,0,28,157
07/17/2023,CAK,OH,AGL,CE,Towers with Radar,23,41,36,0,100,0,0,6,0,6,23,41,42,0,106,6,0,6,112
07/18/2023,CAK,OH,AGL,CE,Towers with Radar,19,43,36,0,98,0,13,16,4,33,19,56,52,4,131,42,0,42,173
07/19/2023,CAK,OH,AGL,CE,Towers with Radar,15,39,55,0,109,0,11,32,2,45,15,50,87,2,154,38,0,38,192
07/20/2023,CAK,OH,AGL,CE,Towers with Radar,35,47,28,0,110,0,4,25,4,33,35,51,53,4,143,0,0,0,143
07/21/2023,CAK,OH,AGL,CE,Towers with Radar,20,44,36,3,103,0,4,18,0,22,20,48,54,3,125,18,0,18,143
07/22/2023,CAK,OH,AGL,CE,Towers with Radar,19,19,20,1,59,0,2,46,0,48,19,21,66,1,107,24,0,24,131
07/23/2023,CAK,OH,AGL,CE,Towers with Radar,32,19,27,0,78,0,1,22,3,26,32,20,49,3,104,42,0,42,146
07/24/2023,CAK,OH,AGL,CE,Towers with Radar,22,48,34,0,104,0,11,33,0,44,22,59,67,0,148,14,0,14,162
07/25/2023,CAK,OH,AGL,CE,Towers with Radar,17,44,46,1,108,0,5,28,5,38,17,49,74,6,146,50,4,54,200
07/26/2023,CAK,OH,AGL,CE,Towers with Radar,15,33,32,0,80,0,8,21,2,31,15,41,53,2,111,0,0,0,111
07/27/2023,CAK,OH,AGL,CE,Towers with Radar,37,64,41,0,142,0,5,21,10,36,37,69,62,10,178,0,8,8,186
07/28/2023,CAK,OH,AGL,CE,Towers with Radar,20,37,41,0,98,0,10,19,2,31,20,47,60,2,129,20,0,20,149
07/29/2023,CAK,OH,AGL,CE,Towers with Radar,14,20,32,0,66,0,0,9,0,9,14,20,41,0,75,4,0,4,79
07/30/2023,CAK,OH,AGL,CE,Towers with Radar,37,10,35,0,82,0,1,26,1,28,37,11,61,1,110,36,0,36,146
07/31/2023,CAK,OH,AGL,CE,Towers with Radar,24,43,29,0,96,0,9,37,0,46,24,52,66,0,142,10,0,10,152
08/01/2023,CAK,OH,AGL,CE,Towers with Radar,17,37,41,4,99,0,4,43,6,53,17,41,84,10,152,8,2,10,162
08/02/2023,CAK,OH,AGL,CE,Towers with Radar,16,43,26,2,87,0,1,35,13,49,16,44,61,15,136,6,28,34,170
08/03/2023,CAK,OH,AGL,CE,Towers with Radar,35,46,50,0,131,0,4,42,8,54,35,50,92,8,185,6,30,36,221
08/04/2023,CAK,OH,AGL,CE,Towers with Radar,21,56,56,3,136,0,4,38,2,44,21,60,94,5,180,22,10,32,212
08/05/2023,CAK,OH,AGL,CE,Towers with Radar,17,34,65,0,116,0,4,22,2,28,17,38,87,2,144,0,0,0,144
08/06/2023,CAK,OH,AGL,CE,Towers with Radar,32,26,51,0,109,0,0,18,0,18,32,26,69,0,127,12,0,12,139
08/07/2023,CAK,OH,AGL,CE,Towers with Radar,20,23,17,0,60,0,0,0,0,0,20,23,17,0,60,4,0,4,64
08/08/2023,CAK,OH,AGL,CE,Towers with Radar,14,31,33,0,78,0,3,31,2,36,14,34,64,2,114,0,0,0,114
08/09/2023,CAK,OH,AGL,CE,Towers with Radar,17,34,48,0,99,0,5,46,5,56,17,39,94,5,155,18,0,18,173
08/10/2023,CAK,OH,AGL,CE,Towers with Radar,35,48,37,0,120,0,2,22,0,24,35,50,59,0,144,0,0,0,144
08/11/2023,CAK,OH,AGL,CE,Towers with Radar,23,30,40,0,93,0,2,32,2,36,23,32,72,2,129,52,0,52,181
08/12/2023,CAK,OH,AGL,CE,Towers with Radar,17,13,18,0,48,0,0,9,0,9,17,13,27,0,57,4,0,4,61
08/13/2023,CAK,OH,AGL,CE,Towers with Radar,34,16,29,0,79,0,3,38,1,42,34,19,67,1,121,40,0,40,161
08/14/2023,CAK,OH,AGL,CE,Towers with Radar,21,38,28,0,87,0,4,9,1,14,21,42,37,1,101,0,0,0,101
08/15/2023,CAK,OH,AGL,CE,Towers with Radar,16,30,22,3,71,0,0,4,1,5,16,30,26,4,76,0,20,20,96
08/16/2023,CAK,OH,AGL,CE,Towers with Radar,17,41,66,1,125,0,4,20,4,28,17,45,86,5,153,0,0,0,153
08/17/2023,CAK,OH,AGL,CE,Towers with Radar,35,45,40,0,120,0,3,22,7,32,35,48,62,7,152,10,0,10,162
08/18/2023,CAK,OH,AGL,CE,Towers with Radar,23,29,40,1,93,0,1,30,4,35,23,30,70,5,128,4,0,4,132
08/19/2023,CAK,OH,AGL,CE,Towers with Radar,16,15,13,0,44,0,0,36,1,37,16,15,49,1,81,0,0,0,81
08/20/2023,CAK,OH,AGL,CE,Towers with Radar,30,15,35,0,80,0,2,36,1,39,30,17,71,1,119,0,0,0,119
08/21/2023,CAK,OH,AGL,CE,Towers with Radar,22,26,38,0,86,0,5,22,1,28,22,31,60,1,114,22,0,22,136
08/22/2023,CAK,OH,AGL,CE,Towers with Radar,8,29,42,0,79,0,8,34,1,43,8,37,76,1,122,24,16,40,162
08/23/2023,CAK,OH,AGL,CE,Towers with Radar,19,38,58,1,116,0,2,31,0,33,19,40,89,1,149,12,0,12,161
08/24/2023,CAK,OH,AGL,CE,Towers with Radar,34,25,35,0,94,0,0,9,0,9,34,25,44,0,103,4,0,4,107
08/25/2023,CAK,OH,AGL,CE,Towers with Radar,22,42,60,5,129,0,0,3,0,3,22,42,63,5,132,0,0,0,132
08/26/2023,CAK,OH,AGL,CE,Towers with Radar,16,13,27,4,60,0,2,21,0,23,16,15,48,4,83,34,0,34,117
08/27/2023,CAK,OH,AGL,CE,Towers with Radar,30,18,34,0,82,0,0,22,0,22,30,18,56,0,104,20,0,20,124
08/28/2023,CAK,OH,AGL,CE,Towers with Radar,19,36,39,0,94,0,0,36,0,36,19,36,75,0,130,6,0,6,136
08/29/2023,CAK,OH,AGL,CE,Towers with Radar,9,51,47,8,115,0,11,43,11,65,9,62,90,19,180,92,1,93,273
08/30/2023,CAK,OH,AGL,CE,Towers with Radar,18,42,61,2,123,0,0,11,2,13,18,42,72,4,136,0,0,0,136
08/31/2023,CAK,OH,AGL,CE,Towers with Radar,36,46,44,2,128,0,11,34,6,51,36,57,78,8,179,2,15,17,196
