01/01/2020,CCR,CA,AWP,WE,Towers with Radar,0,6,7,0,13,0,4,52,0,56,0,10,59,0,69,46,0,46,115
01/02/2020,CCR,CA,AWP,WE,Towers with Radar,0,7,28,0,35,0,3,111,0,114,0,10,139,0,149,70,0,70,219
01/03/2020,CCR,CA,AWP,WE,Towers with Radar,0,11,28,0,39,0,1,54,0,55,0,12,82,0,94,104,0,104,198
01/04/2020,CCR,CA,AWP,WE,Towers with Radar,0,5,28,0,33,0,9,72,0,81,0,14,100,0,114,128,0,128,242
01/05/2020,CCR,CA,AWP,WE,Towers with Radar,0,7,38,0,45,0,2,125,0,127,0,9,163,0,172,138,0,138,310
01/06/2020,CCR,CA,AWP,WE,Towers with Radar,0,5,6,0,11,0,4,104,0,108,0,9,110,0,119,134,0,134,253
01/07/2020,CCR,CA,AWP,WE,Towers with Radar,0,5,36,0,41,0,2,46,0,48,0,7,82,0,89,84,0,84,173
01/08/2020,CCR,CA,AWP,WE,Towers with Radar,0,3,20,0,23,0,4,27,0,31,0,7,47,0,54,75,0,75,129
01/09/2020,CCR,CA,AWP,WE,Towers with Radar,0,14,17,0,31,0,4,28,0,32,0,18,45,0,63,42,0,42,105
01/10/2020,CCR,CA,AWP,WE,Towers with Radar,0,8,8,1,17,0,6,137,0,143,0,14,145,1,160,330,16,346,506
01/11/2020,CCR,CA,AWP,WE,Towers with Radar,0,6,9,0,15,0,2,110,0,112,0,8,119,0,127,126,0,126,253
01/12/2020,CCR,CA,AWP,WE,Towers with Radar,0,4,13,0,17,0,3,122,0,125,0,7,135,0,142,124,0,124,266
01/13/2020,CCR,CA,AWP,WE,Towers with Radar,0,11,22,0,33,0,5,80,0,85,0,16,102,0,118,104,0,104,222
01/14/2020,CCR,CA,AWP,WE,Towers with Radar,0,7,17,0,24,0,4,77,2,83,0,11,94,2,107,174,14,188,295
01/15/2020,CCR,CA,AWP,WE,Towers with Radar,0,9,22,0,31,0,5,122,4,131,0,14,144,4,162,246,8,254,416
01/16/2020,CCR,CA,AWP,WE,Towers with Radar,0,11,5,0,16,0,0,13,0,13,0,11,18,0,29,52,0,52,81
01/17/2020,CCR,CA,AWP,WE,Towers with Radar,0,17,31,0,48,0,1,45,0,46,0,18,76,0,94,118,0,118,212
01/18/2020,CCR,CA,AWP,WE,Towers with Radar,0,8,23,0,31,0,4,126,0,130,0,12,149,0,161,184,0,184,345
01/19/2020,CCR,CA,AWP,WE,Towers with Radar,0,11,18,0,29,0,4,47,0,51,0,15,65,0,80,138,0,138,218
01/20/2020,CCR,CA,AWP,WE,Towers with Radar,0,6,24,0,30,0,4,90,0,94,0,10,114,0,124,157,0,157,281
01/21/2020,CCR,CA,AWP,WE,Towers with Radar,0,8,19,0,27,0,3,37,0,40,0,11,56,0,67,92,0,92,159
01/22/2020,CCR,CA,AWP,WE,Towers with Radar,0,11,38,0,49,0,3,105,0,108,0,14,143,0,157,96,0,96,253
01/23/2020,CCR,CA,AWP,WE,Towers with Radar,0,12,24,0,36,0,6,118,3,127,0,18,142,3,163,206,10,216,379
01/24/2020,CCR,CA,AWP,WE,Towers with Radar,0,13,33,0,46,0,3,125,5,133,0,16,158,5,179,208,0,208,387
01/25/2020,CCR,CA,AWP,WE,Towers with Radar,0,7,15,0,22,0,0,77,0,77,0,7,92,0,99,174,0,174,273
01/26/2020,CCR,CA,AWP,WE,Towers with Radar,0,16,16,0,32,0,0,75,0,75,0,16,91,0,107,100,0,100,207
01/27/2020,CCR,CA,AWP,WE,Towers with Radar,0,15,24,2,41,0,4,72,0,76,0,19,96,2,117,272,0,272,389
01/28/2020,CCR,CA,AWP,WE,Towers with Radar,0,6,36,0,42,0,3,56,0,59,0,9,92,0,101,176,0,176,277
01/29/2020,CCR,CA,AWP,WE,Towers with Radar,0,11,31,1,43,0,7,131,0,138,0,18,162,1,181,242,0,242,423
01/30/2020,CCR,CA,AWP,WE,Towers with Radar,0,15,29,3,47,0,6,91,1,98,0,21,120,4,145,134,0,134,279
01/31/2020,CCR,CA,AWP,WE,Towers with Radar,0,8,12,0,20,0,2,154,0,156,0,10,166,0,176,268,0,268,444
02/01/2020,CCR,CA,AWP,WE,Towers with Radar,0,7,23,0,30,0,1,80,0,81,0,8,103,0,111,104,0,104,215
02/02/2020,CCR,CA,AWP,WE,Towers with Radar,0,14,6,0,20,0,5,8,2,15,0,19,14,2,35,0,0,0,35
02/03/2020,CCR,CA,AWP,WE,Towers with Radar,0,10,6,0,16,0,2,41,1,44,0,12,47,1,60,4,4,8,68
02/04/2020,CCR,CA,AWP,WE,Towers with Radar,0,5,18,0,23,0,1,135,0,136,0,6,153,0,159,186,0,186,345
02/05/2020,CCR,CA,AWP,WE,Towers with Radar,0,7,18,0,25,0,6,112,0,118,0,13,130,0,143,124,0,124,267
02/06/2020,CCR,CA,AWP,WE,Towers with Radar,0,9,19,0,28,0,0,154,0,154,0,9,173,0,182,196,0,196,378
02/07/2020,CCR,CA,AWP,WE,Towers with Radar,0,8,24,0,32,0,10,173,0,183,0,18,197,0,215,170,0,170,385
02/08/2020,CCR,CA,AWP,WE,Towers with Radar,0,8,18,0,26,0,5,140,0,145,0,13,158,0,171,176,0,176,347
02/09/2020,CCR,CA,AWP,WE,Towers with Radar,0,10,7,0,17,0,4,18,0,22,0,14,25,0,39,0,0,0,39
02/10/2020,CCR,CA,AWP,WE,Towers with Radar,0,12,6,0,18,0,5,52,0,57,0,17,58,0,75,80,0,80,155
02/11/2020,CCR,CA,AWP,WE,Towers with Radar,0,5,13,0,18,0,4,121,4,129,0,9,134,4,147,148,14,162,309
02/12/2020,CCR,CA,AWP,WE,Towers with Radar,0,10,20,0,30,0,1,143,0,144,0,11,163,0,174,114,0,114,288
02/13/2020,CCR,CA,AWP,WE,Towers with Radar,0,16,33,0,49,0,4,111,0,115,0,20,144,0,164,292,1,293,457
02/14/2020,CCR,CA,AWP,WE,Towers with Radar,0,9,22,0,31,0,4,118,0,122,0,13,140,0,153,124,0,124,277
02/15/2020,CCR,CA,AWP,WE,Towers with Radar,0,5,20,0,25,0,5,150,0,155,0,10,170,0,180,162,0,162,342
02/16/2020,CCR,CA,AWP,WE,Towers with Radar,0,0,0,0,0,0,0,0,0,0,0,0,0,0,0,0,0,0,0
02/17/2020,CCR,CA,AWP,WE,Towers with Radar,0,0,0,0,0,0,0,0,0,0,0,0,0,0,0,0,0,0,0
02/18/2020,CCR,CA,AWP,WE,Towers with Radar,0,0,0,0,0,0,0,0,0,0,0,0,0,0,0,0,0,0,0
02/19/2020,CCR,CA,AWP,WE,Towers with Radar,0,0,0,0,0,0,0,0,0,0,0,0,0,0,0,0,0,0,0
02/20/2020,CCR,CA,AWP,WE,Towers with Radar,0,0,0,0,0,0,0,0,0,0,0,0,0,0,0,0,0,0,0
02/21/2020,CCR,CA,AWP,WE,Towers with Radar,0,10,29,0,39,0,0,153,0,153,0,10,182,0,192,98,0,98,290
02/22/2020,CCR,CA,AWP,WE,Towers with Radar,0,3,13,0,16,0,8,120,2,130,0,11,133,2,146,148,0,148,294
02/23/2020,CCR,CA,AWP,WE,Towers with Radar,0,12,15,0,27,0,10,135,0,145,0,22,150,0,172,90,0,90,262
02/24/2020,CCR,CA,AWP,WE,Towers with Radar,0,8,30,0,38,0,2,120,0,122,0,10,150,0,160,138,0,138,298
02/25/2020,CCR,CA,AWP,WE,Towers with Radar,0,6,19,0,25,0,4,117,2,123,0,10,136,2,148,206,0,206,354
02/26/2020,CCR,CA,AWP,WE,Towers with Radar,0,5,18,2,25,0,6,153,0,159,0,11,171,2,184,162,0,162,346
02/27/2020,CCR,CA,AWP,WE,Towers with Radar,0,14,21,0,35,0,2,116,0,118,0,16,137,0,153,90,0,90,243
02/28/2020,CCR,CA,AWP,WE,Towers with Radar,0,10,16,0,26,0,1,156,0,157,0,11,172,0,183,120,2,122,305
02/29/2020,CCR,CA,AWP,WE,Towers with Radar,0,7,10,0,17,0,12,106,0,118,0,19,116,0,135,44,0,44,179
03/01/2020,CCR,CA,AWP,WE,Towers with Radar,0,10,16,0,26,0,4,75,0,79,0,14,91,0,105,155,0,155,260
03/02/2020,CCR,CA,AWP,WE,Towers with Radar,0,11,11,0,22,0,0,50,2,52,0,11,61,2,74,22,0,22,96
03/03/2020,CCR,CA,AWP,WE,Towers with Radar,0,10,20,0,30,0,2,122,0,124,0,12,142,0,154,192,0,192,346
03/04/2020,CCR,CA,AWP,WE,Towers with Radar,0,17,14,0,31,0,4,158,0,162,0,21,172,0,193,204,0,204,397
03/05/2020,CCR,CA,AWP,WE,Towers with Radar,0,11,18,0,29,0,9,120,0,129,0,20,138,0,158,192,0,192,350
03/06/2020,CCR,CA,AWP,WE,Towers with Radar,0,10,26,0,36,0,2,72,0,74,0,12,98,0,110,180,0,180,290
03/07/2020,CCR,CA,AWP,WE,Towers with Radar,0,11,10,0,21,0,2,21,0,23,0,13,31,0,44,14,0,14,58
03/08/2020,CCR,CA,AWP,WE,Towers with Radar,0,14,19,0,33,0,0,103,0,103,0,14,122,0,136,120,0,120,256
03/09/2020,CCR,CA,AWP,WE,Towers with Radar,0,11,10,0,21,0,5,109,0,114,0,16,119,0,135,102,0,102,237
03/10/2020,CCR,CA,AWP,WE,Towers with Radar,0,6,31,0,37,0,1,110,0,111,0,7,141,0,148,228,0,228,376
03/11/2020,CCR,CA,AWP,WE,Towers with Radar,0,12,19,0,31,0,2,157,0,159,0,14,176,0,190,260,0,260,450
03/12/2020,CCR,CA,AWP,WE,Towers with Radar,0,10,30,0,40,0,5,155,0,160,0,15,185,0,200,242,0,242,442
03/13/2020,CCR,CA,AWP,WE,Towers with Radar,0,13,21,0,34,0,6,83,0,89,0,19,104,0,123,130,0,130,253
03/14/2020,CCR,CA,AWP,WE,Towers with Radar,0,5,16,0,21,0,6,2,0,8,0,11,18,0,29,0,0,0,29
03/15/2020,CCR,CA,AWP,WE,Towers with Radar,0,12,15,0,27,0,4,13,0,17,0,16,28,0,44,0,0,0,44
03/16/2020,CCR,CA,AWP,WE,Towers with Radar,0,10,19,0,29,0,0,15,0,15,0,10,34,0,44,50,0,50,94
03/17/2020,CCR,CA,AWP,WE,Towers with Radar,0,12,10,0,22,0,0,26,0,26,0,12,36,0,48,14,0,14,62
03/18/2020,CCR,CA,AWP,WE,Towers with Radar,0,8,5,0,13,0,4,17,0,21,0,12,22,0,34,16,0,16,50
03/19/2020,CCR,CA,AWP,WE,Towers with Radar,0,10,10,0,20,0,8,48,0,56,0,18,58,0,76,92,0,92,168
03/20/2020,CCR,CA,AWP,WE,Towers with Radar,0,5,4,0,9,0,1,38,0,39,0,6,42,0,48,28,0,28,76
03/21/2020,CCR,CA,AWP,WE,Towers with Radar,0,6,12,0,18,0,7,57,0,64,0,13,69,0,82,8,0,8,90
03/22/2020,CCR,CA,AWP,WE,Towers with Radar,0,1,6,0,7,0,4,43,0,47,0,5,49,0,54,32,0,32,86
03/23/2020,CCR,CA,AWP,WE,Towers with Radar,0,5,4,0,9,0,0,7,0,7,0,5,11,0,16,0,0,0,16
03/24/2020,CCR,CA,AWP,WE,Towers with Radar,0,2,5,0,7,0,0,5,0,5,0,2,10,0,12,0,0,0,12
03/25/2020,CCR,CA,AWP,WE,Towers with Radar,0,2,5,2,9,0,6,23,0,29,0,8,28,2,38,8,0,8,46
03/26/2020,CCR,CA,AWP,WE,Towers with Radar,0,4,8,0,12,0,3,32,0,35,0,7,40,0,47,38,0,38,85
03/27/2020,CCR,CA,AWP,WE,Towers with Radar,0,3,10,0,13,0,6,62,0,68,0,9,72,0,81,36,0,36,117
03/28/2020,CCR,CA,AWP,WE,Towers with Radar,0,3,4,0,7,0,6,10,0,16,0,9,14,0,23,2,0,2,25
03/29/2020,CCR,CA,AWP,WE,Towers with Radar,0,5,11,0,16,0,1,14,0,15,0,6,25,0,31,6,0,6,37
03/30/2020,CCR,CA,AWP,WE,Towers with Radar,0,3,5,0,8,0,6,31,0,37,0,9,36,0,45,8,12,20,65
03/31/2020,CCR,CA,AWP,WE,Towers with Radar,0,2,2,0,4,0,3,48,0,51,0,5,50,0,55,36,0,36,91
04/01/2020,CCR,CA,AWP,WE,Towers with Radar,0,1,2,0,3,0,1,65,0,66,0,2,67,0,69,42,0,42,111
04/02/2020,CCR,CA,AWP,WE,Towers with Radar,0,1,7,0,8,0,0,67,0,67,0,1,74,0,75,24,0,24,99
04/03/2020,CCR,CA,AWP,WE,Towers with Radar,0,3,9,0,12,0,3,64,0,67,0,6,73,0,79,20,0,20,99
04/04/2020,CCR,CA,AWP,WE,Towers with Radar,0,1,3,0,4,0,1,1,0,2,0,2,4,0,6,0,0,0,6
04/05/2020,CCR,CA,AWP,WE,Towers with Radar,0,1,0,0,1,0,4,4,0,8,0,5,4,0,9,0,0,0,9
04/06/2020,CCR,CA,AWP,WE,Towers with Radar,0,3,2,0,5,0,1,1,0,2,0,4,3,0,7,0,0,0,7
04/07/2020,CCR,CA,AWP,WE,Towers with Radar,0,2,6,0,8,0,4,30,0,34,0,6,36,0,42,2,0,2,44
04/08/2020,CCR,CA,AWP,WE,Towers with Radar,0,0,11,0,11,0,2,35,0,37,0,2,46,0,48,40,0,40,88
04/09/2020,CCR,CA,AWP,WE,Towers with Radar,0,2,15,0,17,0,6,19,1,26,0,8,34,1,43,44,0,44,87
04/10/2020,CCR,CA,AWP,WE,Towers with Radar,0,4,3,0,7,0,3,65,0,68,0,7,68,0,75,56,0,56,131
04/11/2020,CCR,CA,AWP,WE,Towers with Radar,0,1,17,0,18,0,8,28,0,36,0,9,45,0,54,14,0,14,68
04/12/2020,CCR,CA,AWP,WE,Towers with Radar,0,0,5,0,5,0,0,31,0,31,0,0,36,0,36,14,0,14,50
04/13/2020,CCR,CA,AWP,WE,Towers with Radar,0,3,5,0,8,0,0,60,0,60,0,3,65,0,68,24,0,24,92
04/14/2020,CCR,CA,AWP,WE,Towers with Radar,0,5,14,0,19,0,2,65,0,67,0,7,79,0,86,18,0,18,104
04/15/2020,CCR,CA,AWP,WE,Towers with Radar,0,2,2,0,4,0,5,87,0,92,0,7,89,0,96,84,0,84,180
04/16/2020,CCR,CA,AWP,WE,Towers with Radar,0,0,11,0,11,0,1,48,0,49,0,1,59,0,60,6,0,6,66
04/17/2020,CCR,CA,AWP,WE,Towers with Radar,0,0,5,0,5,0,5,25,0,30,0,5,30,0,35,14,0,14,49
04/18/2020,CCR,CA,AWP,WE,Towers with Radar,0,1,6,0,7,0,4,45,0,49,0,5,51,0,56,8,0,8,64
04/19/2020,CCR,CA,AWP,WE,Towers with Radar,0,3,4,0,7,0,3,40,0,43,0,6,44,0,50,18,0,18,68
04/20/2020,CCR,CA,AWP,WE,Towers with Radar,0,2,3,0,5,0,4,23,0,27,0,6,26,0,32,22,0,22,54
04/21/2020,CCR,CA,AWP,WE,Towers with Radar,0,0,12,0,12,0,2,60,0,62,0,2,72,0,74,64,0,64,138
04/22/2020,CCR,CA,AWP,WE,Towers with Radar,0,8,9,0,17,0,3,54,0,57,0,11,63,0,74,24,0,24,98
04/23/2020,CCR,CA,AWP,WE,Towers with Radar,0,2,4,1,7,0,2,65,1,68,0,4,69,2,75,18,0,18,93
04/24/2020,CCR,CA,AWP,WE,Towers with Radar,0,6,7,0,13,0,5,81,0,86,0,11,88,0,99,48,0,48,147
04/25/2020,CCR,CA,AWP,WE,Towers with Radar,0,3,7,0,10,0,13,67,0,80,0,16,74,0,90,66,0,66,156
04/26/2020,CCR,CA,AWP,WE,Towers with Radar,0,3,10,0,13,0,6,77,0,83,0,9,87,0,96,52,0,52,148
04/27/2020,CCR,CA,AWP,WE,Towers with Radar,0,6,6,0,12,0,5,43,0,48,0,11,49,0,60,26,0,26,86
04/28/2020,CCR,CA,AWP,WE,Towers with Radar,0,2,10,2,14,0,1,67,0,68,0,3,77,2,82,22,0,22,104
04/29/2020,CCR,CA,AWP,WE,Towers with Radar,0,2,4,0,6,0,9,55,0,64,0,11,59,0,70,20,0,20,90
04/30/2020,CCR,CA,AWP,WE,Towers with Radar,0,6,11,0,17,0,0,52,0,52,0,6,63,0,69,8,0,8,77
05/01/2020,CCR,CA,AWP,WE,Towers with Radar,0,3,9,0,12,0,2,75,0,77,0,5,84,0,89,94,0,94,183
05/02/2020,CCR,CA,AWP,WE,Towers with Radar,0,3,14,0,17,0,4,31,0,35,0,7,45,0,52,22,0,22,74
05/03/2020,CCR,CA,AWP,WE,Towers with Radar,0,3,14,0,17,0,2,103,0,105,0,5,117,0,122,38,0,38,160
05/04/2020,CCR,CA,AWP,WE,Towers with Radar,0,6,9,0,15,0,2,40,0,42,0,8,49,0,57,32,0,32,89
05/05/2020,CCR,CA,AWP,WE,Towers with Radar,0,3,4,0,7,0,1,26,0,27,0,4,30,0,34,10,0,10,44
05/06/2020,CCR,CA,AWP,WE,Towers with Radar,0,1,6,0,7,0,2,53,0,55,0,3,59,0,62,32,0,32,94
05/07/2020,CCR,CA,AWP,WE,Towers with Radar,0,7,5,0,12,0,2,45,0,47,0,9,50,0,59,14,0,14,73
05/08/2020,CCR,CA,AWP,WE,Towers with Radar,0,2,4,0,6,0,1,78,0,79,0,3,82,0,85,108,0,108,193
05/09/2020,CCR,CA,AWP,WE,Towers with Radar,0,1,6,0,7,0,5,58,0,63,0,6,64,0,70,72,0,72,142
05/10/2020,CCR,CA,AWP,WE,Towers with Radar,0,2,4,0,6,0,2,29,0,31,0,4,33,0,37,22,0,22,59
05/11/2020,CCR,CA,AWP,WE,Towers with Radar,0,8,11,0,19,0,0,20,0,20,0,8,31,0,39,12,0,12,51
05/12/2020,CCR,CA,AWP,WE,Towers with Radar,0,2,7,0,9,0,2,14,0,16,0,4,21,0,25,50,0,50,75
05/13/2020,CCR,CA,AWP,WE,Towers with Radar,0,0,5,0,5,0,1,31,0,32,0,1,36,0,37,82,0,82,119
05/14/2020,CCR,CA,AWP,WE,Towers with Radar,0,5,14,0,19,0,1,30,0,31,0,6,44,0,50,68,0,68,118
05/15/2020,CCR,CA,AWP,WE,Towers with Radar,0,4,11,0,15,0,5,107,0,112,0,9,118,0,127,122,0,122,249
05/16/2020,CCR,CA,AWP,WE,Towers with Radar,0,2,6,0,8,0,2,89,0,91,0,4,95,0,99,32,0,32,131
05/17/2020,CCR,CA,AWP,WE,Towers with Radar,0,3,10,0,13,0,5,14,2,21,0,8,24,2,34,8,12,20,54
05/18/2020,CCR,CA,AWP,WE,Towers with Radar,0,2,8,0,10,0,0,13,0,13,0,2,21,0,23,0,0,0,23
05/19/2020,CCR,CA,AWP,WE,Towers with Radar,0,0,6,0,6,0,3,48,0,51,0,3,54,0,57,76,0,76,133
05/20/2020,CCR,CA,AWP,WE,Towers with Radar,0,0,7,0,7,0,3,59,0,62,0,3,66,0,69,20,0,20,89
05/21/2020,CCR,CA,AWP,WE,Towers with Radar,0,3,17,0,20,0,0,70,0,70,0,3,87,0,90,6,0,6,96
05/22/2020,CCR,CA,AWP,WE,Towers with Radar,0,7,4,0,11,0,5,85,0,90,0,12,89,0,101,130,0,130,231
05/23/2020,CCR,CA,AWP,WE,Towers with Radar,0,1,10,0,11,0,1,87,0,88,0,2,97,0,99,60,0,60,159
05/24/2020,CCR,CA,AWP,WE,Towers with Radar,0,5,4,0,9,0,2,62,0,64,0,7,66,0,73,122,0,122,195
05/25/2020,CCR,CA,AWP,WE,Towers with Radar,0,10,8,0,18,0,12,60,0,72,0,22,68,0,90,40,0,40,130
05/26/2020,CCR,CA,AWP,WE,Towers with Radar,0,2,9,0,11,0,7,51,0,58,0,9,60,0,69,58,0,58,127
05/27/2020,CCR,CA,AWP,WE,Towers with Radar,0,0,9,0,9,0,1,71,0,72,0,1,80,0,81,88,0,88,169
05/28/2020,CCR,CA,AWP,WE,Towers with Radar,0,2,13,0,15,0,3,71,2,76,0,5,84,2,91,76,0,76,167
05/29/2020,CCR,CA,AWP,WE,Towers with Radar,0,7,13,0,20,0,4,41,0,45,0,11,54,0,65,30,0,30,95
05/30/2020,CCR,CA,AWP,WE,Towers with Radar,0,3,8,0,11,0,5,15,0,20,0,8,23,0,31,28,0,28,59
05/31/2020,CCR,CA,AWP,WE,Towers with Radar,0,2,13,0,15,0,3,89,0,92,0,5,102,0,107,64,0,64,171
06/01/2020,CCR,CA,AWP,WE,Towers with Radar,0,5,9,0,14,0,1,57,5,63,0,6,66,5,77,46,38,84,161
06/02/2020,CCR,CA,AWP,WE,Towers with Radar,0,0,10,0,10,0,4,60,0,64,0,4,70,0,74,122,0,122,196
06/03/2020,CCR,CA,AWP,WE,Towers with Radar,0,2,8,0,10,0,3,58,0,61,0,5,66,0,71,56,0,56,127
06/04/2020,CCR,CA,AWP,WE,Towers with Radar,0,1,11,0,12,0,5,83,0,88,0,6,94,0,100,130,0,130,230
06/05/2020,CCR,CA,AWP,WE,Towers with Radar,0,2,5,0,7,0,5,18,0,23,0,7,23,0,30,22,0,22,52
06/06/2020,CCR,CA,AWP,WE,Towers with Radar,0,3,8,0,11,0,4,39,0,43,0,7,47,0,54,18,0,18,72
06/07/2020,CCR,CA,AWP,WE,Towers with Radar,0,3,10,0,13,0,3,46,0,49,0,6,56,0,62,0,0,0,62
06/08/2020,CCR,CA,AWP,WE,Towers with Radar,0,5,9,0,14,0,2,77,0,79,0,7,86,0,93,80,0,80,173
06/09/2020,CCR,CA,AWP,WE,Towers with Radar,0,5,21,0,26,0,1,54,0,55,0,6,75,0,81,40,0,40,121
06/10/2020,CCR,CA,AWP,WE,Towers with Radar,0,1,18,0,19,0,1,62,2,65,0,2,80,2,84,84,2,86,170
06/11/2020,CCR,CA,AWP,WE,Towers with Radar,0,6,7,0,13,0,1,84,0,85,0,7,91,0,98,128,0,128,226
06/12/2020,CCR,CA,AWP,WE,Towers with Radar,0,9,15,0,24,0,0,72,0,72,0,9,87,0,96,114,0,114,210
06/13/2020,CCR,CA,AWP,WE,Towers with Radar,0,5,10,0,15,0,6,90,0,96,0,11,100,0,111,42,0,42,153
06/14/2020,CCR,CA,AWP,WE,Towers with Radar,0,7,10,0,17,0,0,93,0,93,0,7,103,0,110,44,0,44,154
06/15/2020,CCR,CA,AWP,WE,Towers with Radar,0,5,2,0,7,0,2,54,0,56,0,7,56,0,63,52,0,52,115
06/16/2020,CCR,CA,AWP,WE,Towers with Radar,0,2,13,0,15,0,2,74,0,76,0,4,87,0,91,128,0,128,219
06/17/2020,CCR,CA,AWP,WE,Towers with Radar,0,3,6,0,9,0,2,68,0,70,0,5,74,0,79,80,0,80,159
06/18/2020,CCR,CA,AWP,WE,Towers with Radar,0,4,11,0,15,0,1,64,0,65,0,5,75,0,80,142,0,142,222
06/19/2020,CCR,CA,AWP,WE,Towers with Radar,0,2,8,0,10,0,8,78,0,86,0,10,86,0,96,74,0,74,170
06/20/2020,CCR,CA,AWP,WE,Towers with Radar,0,7,14,0,21,0,3,74,0,77,0,10,88,0,98,96,0,96,194
06/21/2020,CCR,CA,AWP,WE,Towers with Radar,0,4,11,0,15,0,4,106,0,110,0,8,117,0,125,94,0,94,219
06/22/2020,CCR,CA,AWP,WE,Towers with Radar,0,6,10,0,16,0,0,54,0,54,0,6,64,0,70,122,0,122,192
06/23/2020,CCR,CA,AWP,WE,Towers with Radar,0,0,13,0,13,0,1,73,0,74,0,1,86,0,87,56,0,56,143
06/24/2020,CCR,CA,AWP,WE,Towers with Radar,0,1,9,0,10,0,4,89,0,93,0,5,98,0,103,178,0,178,281
06/25/2020,CCR,CA,AWP,WE,Towers with Radar,0,5,10,0,15,0,4,89,0,93,0,9,99,0,108,122,0,122,230
06/26/2020,CCR,CA,AWP,WE,Towers with Radar,0,8,16,0,24,0,5,83,0,88,0,13,99,0,112,86,0,86,198
06/27/2020,CCR,CA,AWP,WE,Towers with Radar,0,2,17,0,19,0,6,77,0,83,0,8,94,0,102,96,0,96,198
06/28/2020,CCR,CA,AWP,WE,Towers with Radar,0,3,6,0,9,0,3,18,0,21,0,6,24,0,30,12,0,12,42
06/29/2020,CCR,CA,AWP,WE,Towers with Radar,0,8,6,0,14,0,5,71,0,76,0,13,77,0,90,184,0,184,274
06/30/2020,CCR,CA,AWP,WE,Towers with Radar,0,1,15,0,16,0,1,77,0,78,0,2,92,0,94,64,0,64,158
07/01/2020,CCR,CA,AWP,WE,Towers with Radar,0,0,17,0,17,0,3,118,0,121,0,3,135,0,138,174,0,174,312
07/02/2020,CCR,CA,AWP,WE,Towers with Radar,0,7,30,0,37,0,5,83,0,88,0,12,113,0,125,88,0,88,213
07/03/2020,CCR,CA,AWP,WE,Towers with Radar,0,2,23,0,25,0,1,88,0,89,0,3,111,0,114,74,0,74,188
07/04/2020,CCR,CA,AWP,WE,Towers with Radar,0,0,3,0,3,0,1,57,0,58,0,1,60,0,61,50,0,50,111
07/05/2020,CCR,CA,AWP,WE,Towers with Radar,0,4,13,0,17,0,9,63,0,72,0,13,76,0,89,98,0,98,187
07/06/2020,CCR,CA,AWP,WE,Towers with Radar,0,8,10,0,18,0,0,91,0,91,0,8,101,0,109,106,0,106,215
07/07/2020,CCR,CA,AWP,WE,Towers with Radar,0,1,10,0,11,0,0,68,0,68,0,1,78,0,79,236,0,236,315
07/08/2020,CCR,CA,AWP,WE,Towers with Radar,0,2,7,0,9,0,7,72,0,79,0,9,79,0,88,146,0,146,234
07/09/2020,CCR,CA,AWP,WE,Towers with Radar,0,3,25,0,28,0,3,56,0,59,0,6,81,0,87,85,0,85,172
07/10/2020,CCR,CA,AWP,WE,Towers with Radar,0,3,11,0,14,0,5,86,0,91,0,8,97,0,105,116,0,116,221
07/11/2020,CCR,CA,AWP,WE,Towers with Radar,0,0,25,0,25,0,8,74,0,82,0,8,99,0,107,70,4,74,181
07/12/2020,CCR,CA,AWP,WE,Towers with Radar,0,5,7,0,12,0,0,84,0,84,0,5,91,0,96,82,0,82,178
07/13/2020,CCR,CA,AWP,WE,Towers with Radar,0,2,12,0,14,0,8,92,0,100,0,10,104,0,114,54,0,54,168
07/14/2020,CCR,CA,AWP,WE,Towers with Radar,0,2,15,0,17,0,0,63,0,63,0,2,78,0,80,102,0,102,182
07/15/2020,CCR,CA,AWP,WE,Towers with Radar,0,1,8,0,9,0,3,62,0,65,0,4,70,0,74,40,0,40,114
07/16/2020,CCR,CA,AWP,WE,Towers with Radar,0,5,12,0,17,0,1,53,0,54,0,6,65,0,71,78,0,78,149
07/17/2020,CCR,CA,AWP,WE,Towers with Radar,0,2,12,0,14,0,4,63,0,67,0,6,75,0,81,58,0,58,139
07/18/2020,CCR,CA,AWP,WE,Towers with Radar,0,3,13,0,16,0,2,86,0,88,0,5,99,0,104,54,0,54,158
07/19/2020,CCR,CA,AWP,WE,Towers with Radar,0,4,10,0,14,0,2,72,0,74,0,6,82,0,88,90,0,90,178
07/20/2020,CCR,CA,AWP,WE,Towers with Radar,0,2,15,0,17,0,5,54,0,59,0,7,69,0,76,140,0,140,216
07/21/2020,CCR,CA,AWP,WE,Towers with Radar,0,1,11,0,12,0,6,58,2,66,0,7,69,2,78,122,0,122,200
07/22/2020,CCR,CA,AWP,WE,Towers with Radar,0,3,3,0,6,0,5,64,0,69,0,8,67,0,75,96,0,96,171
07/23/2020,CCR,CA,AWP,WE,Towers with Radar,0,4,13,0,17,0,5,68,0,73,0,9,81,0,90,136,0,136,226
07/24/2020,CCR,CA,AWP,WE,Towers with Radar,0,3,6,0,9,0,12,70,0,82,0,15,76,0,91,146,0,146,237
07/25/2020,CCR,CA,AWP,WE,Towers with Radar,0,1,7,0,8,0,2,83,0,85,0,3,90,0,93,58,0,58,151
07/26/2020,CCR,CA,AWP,WE,Towers with Radar,0,5,12,0,17,0,3,71,0,74,0,8,83,0,91,96,0,96,187
07/27/2020,CCR,CA,AWP,WE,Towers with Radar,0,7,12,0,19,0,7,67,1,75,0,14,79,1,94,74,0,74,168
07/28/2020,CCR,CA,AWP,WE,Towers with Radar,0,2,12,0,14,0,3,55,0,58,0,5,67,0,72,70,0,70,142
07/29/2020,CCR,CA,AWP,WE,Towers with Radar,0,4,9,0,13,0,2,53,0,55,0,6,62,0,68,60,0,60,128
07/30/2020,CCR,CA,AWP,WE,Towers with Radar,0,3,17,0,20,0,3,94,0,97,0,6,111,0,117,182,0,182,299
07/31/2020,CCR,CA,AWP,WE,Towers with Radar,0,3,12,0,15,0,5,89,0,94,0,8,101,0,109,152,0,152,261
08/01/2020,CCR,CA,AWP,WE,Towers with Radar,0,3,12,0,15,0,6,106,0,112,0,9,118,0,127,150,0,150,277
08/02/2020,CCR,CA,AWP,WE,Towers with Radar,0,6,10,0,16,0,2,106,0,108,0,8,116,0,124,110,0,110,234
08/03/2020,CCR,CA,AWP,WE,Towers with Radar,0,8,12,0,20,0,6,105,0,111,0,14,117,0,131,60,0,60,191
08/04/2020,CCR,CA,AWP,WE,Towers with Radar,0,2,13,0,15,0,4,95,0,99,0,6,108,0,114,240,0,240,354
08/05/2020,CCR,CA,AWP,WE,Towers with Radar,0,6,19,0,25,0,1,26,1,28,0,7,45,1,53,20,2,22,75
08/06/2020,CCR,CA,AWP,WE,Towers with Radar,0,1,23,0,24,0,6,105,0,111,0,7,128,0,135,196,0,196,331
08/07/2020,CCR,CA,AWP,WE,Towers with Radar,0,1,21,0,22,0,10,122,0,132,0,11,143,0,154,244,0,244,398
08/08/2020,CCR,CA,AWP,WE,Towers with Radar,0,2,10,0,12,0,4,89,0,93,0,6,99,0,105,78,0,78,183
08/09/2020,CCR,CA,AWP,WE,Towers with Radar,0,9,18,0,27,0,8,93,2,103,0,17,111,2,130,152,0,152,282
08/10/2020,CCR,CA,AWP,WE,Towers with Radar,0,0,0,0,0,0,0,0,0,0,0,0,0,0,0,0,0,0,0
08/11/2020,CCR,CA,AWP,WE,Towers with Radar,0,1,7,0,8,0,3,69,0,72,0,4,76,0,80,136,0,136,216
08/12/2020,CCR,CA,AWP,WE,Towers with Radar,0,4,9,0,13,0,7,76,0,83,0,11,85,0,96,164,0,164,260
08/13/2020,CCR,CA,AWP,WE,Towers with Radar,0,5,17,0,22,0,2,94,0,96,0,7,111,0,118,200,0,200,318
08/14/2020,CCR,CA,AWP,WE,Towers with Radar,0,5,11,0,16,0,4,69,0,73,0,9,80,0,89,120,0,120,209
08/15/2020,CCR,CA,AWP,WE,Towers with Radar,0,1,12,0,13,0,4,97,0,101,0,5,109,0,114,78,0,78,192
08/16/2020,CCR,CA,AWP,WE,Towers with Radar,0,6,10,0,16,0,8,40,0,48,0,14,50,0,64,30,0,30,94
08/17/2020,CCR,CA,AWP,WE,Towers with Radar,0,4,13,0,17,0,11,46,0,57,0,15,59,0,74,60,0,60,134
08/18/2020,CCR,CA,AWP,WE,Towers with Radar,0,6,6,0,12,0,2,78,0,80,0,8,84,0,92,202,0,202,294
08/19/2020,CCR,CA,AWP,WE,Towers with Radar,0,2,18,0,20,0,7,51,0,58,0,9,69,0,78,86,0,86,164
08/20/2020,CCR,CA,AWP,WE,Towers with Radar,0,5,23,0,28,0,4,23,0,27,0,9,46,0,55,50,0,50,105
08/21/2020,CCR,CA,AWP,WE,Towers with Radar,0,9,24,0,33,0,6,29,2,37,0,15,53,2,70,54,0,54,124
08/22/2020,CCR,CA,AWP,WE,Towers with Radar,0,4,28,0,32,0,2,16,0,18,0,6,44,0,50,82,0,82,132
08/23/2020,CCR,CA,AWP,WE,Towers with Radar,0,12,26,0,38,0,1,14,0,15,0,13,40,0,53,26,0,26,79
08/24/2020,CCR,CA,AWP,WE,Towers with Radar,0,13,14,0,27,0,0,3,0,3,0,13,17,0,30,14,0,14,44
08/25/2020,CCR,CA,AWP,WE,Towers with Radar,0,1,5,0,6,0,2,24,0,26,0,3,29,0,32,33,0,33,65
08/26/2020,CCR,CA,AWP,WE,Towers with Radar,0,6,26,0,32,0,7,54,0,61,0,13,80,0,93,116,0,116,209
08/27/2020,CCR,CA,AWP,WE,Towers with Radar,0,5,30,0,35,0,4,87,0,91,0,9,117,0,126,156,0,156,282
08/28/2020,CCR,CA,AWP,WE,Towers with Radar,0,4,14,0,18,0,11,55,0,66,0,15,69,0,84,78,0,78,162
08/29/2020,CCR,CA,AWP,WE,Towers with Radar,0,2,22,0,24,0,5,67,0,72,0,7,89,0,96,128,0,128,224
08/30/2020,CCR,CA,AWP,WE,Towers with Radar,0,3,17,0,20,0,7,83,0,90,0,10,100,0,110,130,0,130,240
08/31/2020,CCR,CA,AWP,WE,Towers with Radar,0,8,19,0,27,0,6,71,0,77,0,14,90,0,104,178,0,178,282
09/01/2020,CCR,CA,AWP,WE,Towers with Radar,0,1,20,0,21,0,11,79,0,90,0,12,99,0,111,162,0,162,273
09/02/2020,CCR,CA,AWP,WE,Towers with Radar,0,2,28,0,30,0,4,60,0,64,0,6,88,0,94,135,0,135,229
09/03/2020,CCR,CA,AWP,WE,Towers with Radar,0,10,41,0,51,0,4,58,0,62,0,14,99,0,113,22,0,22,135
09/04/2020,CCR,CA,AWP,WE,Towers with Radar,0,5,16,0,21,0,1,81,0,82,0,6,97,0,103,242,0,242,345
09/05/2020,CCR,CA,AWP,WE,Towers with Radar,0,1,14,0,15,0,5,101,0,106,0,6,115,0,121,96,0,96,217
09/06/2020,CCR,CA,AWP,WE,Towers with Radar,0,10,18,0,28,0,0,22,0,22,0,10,40,0,50,12,0,12,62
09/07/2020,CCR,CA,AWP,WE,Towers with Radar,0,5,16,0,21,0,10,33,0,43,0,15,49,0,64,42,0,42,106
09/08/2020,CCR,CA,AWP,WE,Towers with Radar,0,1,28,0,29,0,3,18,0,21,0,4,46,0,50,70,0,70,120
09/09/2020,CCR,CA,AWP,WE,Towers with Radar,0,2,9,0,11,0,5,3,0,8,0,7,12,0,19,24,0,24,43
09/10/2020,CCR,CA,AWP,WE,Towers with Radar,0,6,17,0,23,0,2,3,0,5,0,8,20,0,28,60,8,68,96
09/11/2020,CCR,CA,AWP,WE,Towers with Radar,0,4,15,0,19,0,0,0,0,0,0,4,15,0,19,0,0,0,19
09/12/2020,CCR,CA,AWP,WE,Towers with Radar,0,4,23,0,27,0,0,0,0,0,0,4,23,0,27,0,0,0,27
09/13/2020,CCR,CA,AWP,WE,Towers with Radar,0,4,21,0,25,0,0,0,0,0,0,4,21,0,25,0,0,0,25
09/14/2020,CCR,CA,AWP,WE,Towers with Radar,0,11,19,0,30,0,0,0,0,0,0,11,19,0,30,0,0,0,30
09/15/2020,CCR,CA,AWP,WE,Towers with Radar,0,5,24,0,29,0,0,35,0,35,0,5,59,0,64,174,0,174,238
09/16/2020,CCR,CA,AWP,WE,Towers with Radar,0,7,20,0,27,0,0,52,0,52,0,7,72,0,79,16,0,16,95
09/17/2020,CCR,CA,AWP,WE,Towers with Radar,0,8,28,0,36,0,11,101,0,112,0,19,129,0,148,122,0,122,270
09/18/2020,CCR,CA,AWP,WE,Towers with Radar,0,6,8,2,16,0,6,132,0,138,0,12,140,2,154,172,0,172,326
09/19/2020,CCR,CA,AWP,WE,Towers with Radar,0,5,24,0,29,0,5,118,0,123,0,10,142,0,152,130,0,130,282
09/20/2020,CCR,CA,AWP,WE,Towers with Radar,0,2,29,0,31,0,1,137,0,138,0,3,166,0,169,230,0,230,399
09/21/2020,CCR,CA,AWP,WE,Towers with Radar,0,2,9,0,11,0,7,111,0,118,0,9,120,0,129,132,0,132,261
09/22/2020,CCR,CA,AWP,WE,Towers with Radar,0,0,18,0,18,0,4,92,0,96,0,4,110,0,114,126,0,126,240
09/23/2020,CCR,CA,AWP,WE,Towers with Radar,0,5,21,0,26,0,8,99,0,107,0,13,120,0,133,78,0,78,211
09/24/2020,CCR,CA,AWP,WE,Towers with Radar,0,7,21,4,32,0,7,83,4,94,0,14,104,8,126,68,0,68,194
09/25/2020,CCR,CA,AWP,WE,Towers with Radar,0,5,18,0,23,0,6,116,0,122,0,11,134,0,145,130,0,130,275
09/26/2020,CCR,CA,AWP,WE,Towers with Radar,0,0,9,0,9,0,27,88,1,116,0,27,97,1,125,116,0,116,241
09/27/2020,CCR,CA,AWP,WE,Towers with Radar,0,8,21,0,29,0,11,74,0,85,0,19,95,0,114,58,0,58,172
09/28/2020,CCR,CA,AWP,WE,Towers with Radar,0,4,16,0,20,0,1,61,0,62,0,5,77,0,82,68,20,88,170
09/29/2020,CCR,CA,AWP,WE,Towers with Radar,0,1,17,0,18,0,5,73,0,78,0,6,90,0,96,198,0,198,294
09/30/2020,CCR,CA,AWP,WE,Towers with Radar,0,11,29,0,40,0,3,10,0,13,0,14,39,0,53,20,0,20,73
10/01/2020,CCR,CA,AWP,WE,Towers with Radar,0,9,25,0,34,0,3,23,0,26,0,12,48,0,60,44,0,44,104
10/02/2020,CCR,CA,AWP,WE,Towers with Radar,0,10,22,0,32,0,0,1,0,1,0,10,23,0,33,0,0,0,33
10/03/2020,CCR,CA,AWP,WE,Towers with Radar,0,6,16,0,22,0,2,38,0,40,0,8,54,0,62,116,0,116,178
10/04/2020,CCR,CA,AWP,WE,Towers with Radar,0,8,15,0,23,0,11,92,0,103,0,19,107,0,126,112,0,112,238
10/05/2020,CCR,CA,AWP,WE,Towers with Radar,0,7,21,0,28,0,3,53,0,56,0,10,74,0,84,54,0,54,138
10/06/2020,CCR,CA,AWP,WE,Towers with Radar,0,6,18,0,24,0,1,65,0,66,0,7,83,0,90,112,0,112,202
10/07/2020,CCR,CA,AWP,WE,Towers with Radar,0,3,26,0,29,0,8,90,0,98,0,11,116,0,127,108,0,108,235
10/08/2020,CCR,CA,AWP,WE,Towers with Radar,0,9,20,0,29,0,14,61,0,75,0,23,81,0,104,126,0,126,230
10/09/2020,CCR,CA,AWP,WE,Towers with Radar,0,5,31,0,36,0,3,89,0,92,0,8,120,0,128,50,0,50,178
10/10/2020,CCR,CA,AWP,WE,Towers with Radar,0,9,24,0,33,0,6,89,0,95,0,15,113,0,128,100,0,100,228
10/11/2020,CCR,CA,AWP,WE,Towers with Radar,0,7,18,0,25,0,4,151,0,155,0,11,169,0,180,190,0,190,370
10/12/2020,CCR,CA,AWP,WE,Towers with Radar,0,10,22,0,32,0,10,113,0,123,0,20,135,0,155,72,0,72,227
10/13/2020,CCR,CA,AWP,WE,Towers with Radar,0,3,22,0,25,0,5,132,0,137,0,8,154,0,162,78,0,78,240
10/14/2020,CCR,CA,AWP,WE,Towers with Radar,0,7,22,0,29,0,4,125,0,129,0,11,147,0,158,162,0,162,320
10/15/2020,CCR,CA,AWP,WE,Towers with Radar,0,6,12,0,18,0,6,96,0,102,0,12,108,0,120,54,0,54,174
10/16/2020,CCR,CA,AWP,WE,Towers with Radar,0,3,16,0,19,0,4,125,0,129,0,7,141,0,148,126,0,126,274
10/17/2020,CCR,CA,AWP,WE,Towers with Radar,0,0,15,0,15,0,0,112,0,112,0,0,127,0,127,156,0,156,283
10/18/2020,CCR,CA,AWP,WE,Towers with Radar,0,5,21,0,26,0,2,134,0,136,0,7,155,0,162,172,0,172,334
10/19/2020,CCR,CA,AWP,WE,Towers with Radar,0,6,23,0,29,0,3,100,0,103,0,9,123,0,132,194,0,194,326
10/20/2020,CCR,CA,AWP,WE,Towers with Radar,0,7,17,0,24,0,8,75,0,83,0,15,92,0,107,132,1,133,240
10/21/2020,CCR,CA,AWP,WE,Towers with Radar,0,6,18,0,24,0,1,135,0,136,0,7,153,0,160,206,0,206,366
10/22/2020,CCR,CA,AWP,WE,Towers with Radar,0,6,16,0,22,0,3,112,0,115,0,9,128,0,137,114,0,114,251
10/23/2020,CCR,CA,AWP,WE,Towers with Radar,0,10,16,0,26,0,4,108,0,112,0,14,124,0,138,166,0,166,304
10/24/2020,CCR,CA,AWP,WE,Towers with Radar,0,1,19,0,20,0,2,85,0,87,0,3,104,0,107,284,0,284,391
10/25/2020,CCR,CA,AWP,WE,Towers with Radar,0,9,24,0,33,0,2,77,0,79,0,11,101,0,112,72,0,72,184
10/26/2020,CCR,CA,AWP,WE,Towers with Radar,0,5,12,0,17,0,5,63,0,68,0,10,75,0,85,26,0,26,111
10/27/2020,CCR,CA,AWP,WE,Towers with Radar,0,2,18,0,20,0,5,116,0,121,0,7,134,0,141,178,0,178,319
10/28/2020,CCR,CA,AWP,WE,Towers with Radar,0,3,24,0,27,0,1,113,0,114,0,4,137,0,141,180,0,180,321
10/29/2020,CCR,CA,AWP,WE,Towers with Radar,0,4,15,0,19,0,0,110,0,110,0,4,125,0,129,202,0,202,331
10/30/2020,CCR,CA,AWP,WE,Towers with Radar,0,4,25,0,29,0,8,122,0,130,0,12,147,0,159,204,0,204,363
10/31/2020,CCR,CA,AWP,WE,Towers with Radar,0,2,16,0,18,0,6,114,1,121,0,8,130,1,139,196,8,204,343
11/01/2020,CCR,CA,AWP,WE,Towers with Radar,0,9,20,0,29,0,5,123,0,128,0,14,143,0,157,110,0,110,267
11/02/2020,CCR,CA,AWP,WE,Towers with Radar,0,3,12,2,17,0,10,77,0,87,0,13,89,2,104,101,0,101,205
11/03/2020,CCR,CA,AWP,WE,Towers with Radar,0,3,15,0,18,0,0,122,0,122,0,3,137,0,140,114,0,114,254
11/04/2020,CCR,CA,AWP,WE,Towers with Radar,0,3,13,0,16,0,2,89,0,91,0,5,102,0,107,116,0,116,223
11/05/2020,CCR,CA,AWP,WE,Towers with Radar,0,6,17,0,23,0,2,135,0,137,0,8,152,0,160,140,0,140,300
11/06/2020,CCR,CA,AWP,WE,Towers with Radar,0,2,11,0,13,0,4,45,0,49,0,6,56,0,62,58,0,58,120
11/07/2020,CCR,CA,AWP,WE,Towers with Radar,0,3,11,0,14,0,5,89,0,94,0,8,100,0,108,120,0,120,228
11/08/2020,CCR,CA,AWP,WE,Towers with Radar,0,4,15,0,19,0,3,41,0,44,0,7,56,0,63,24,0,24,87
11/09/2020,CCR,CA,AWP,WE,Towers with Radar,0,3,13,0,16,0,3,79,0,82,0,6,92,0,98,88,0,88,186
11/10/2020,CCR,CA,AWP,WE,Towers with Radar,0,2,17,0,19,0,0,79,0,79,0,2,96,0,98,130,0,130,228
11/11/2020,CCR,CA,AWP,WE,Towers with Radar,0,7,27,0,34,0,16,86,0,102,0,23,113,0,136,140,0,140,276
11/12/2020,CCR,CA,AWP,WE,Towers with Radar,0,13,22,0,35,0,18,113,0,131,0,31,135,0,166,155,0,155,321
11/13/2020,CCR,CA,AWP,WE,Towers with Radar,0,5,27,0,32,0,0,42,0,42,0,5,69,0,74,70,0,70,144
11/14/2020,CCR,CA,AWP,WE,Towers with Radar,0,2,13,0,15,0,13,128,0,141,0,15,141,0,156,198,0,198,354
11/15/2020,CCR,CA,AWP,WE,Towers with Radar,0,4,21,0,25,0,8,139,0,147,0,12,160,0,172,118,0,118,290
11/16/2020,CCR,CA,AWP,WE,Towers with Radar,0,6,7,0,13,0,5,120,0,125,0,11,127,0,138,110,0,110,248
11/17/2020,CCR,CA,AWP,WE,Towers with Radar,0,4,15,0,19,0,3,7,0,10,0,7,22,0,29,10,0,10,39
11/18/2020,CCR,CA,AWP,WE,Towers with Radar,0,3,16,0,19,0,6,23,0,29,0,9,39,0,48,24,0,24,72
11/19/2020,CCR,CA,AWP,WE,Towers with Radar,0,2,46,0,48,0,6,107,0,113,0,8,153,0,161,154,0,154,315
11/20/2020,CCR,CA,AWP,WE,Towers with Radar,0,7,21,0,28,0,6,172,0,178,0,13,193,0,206,210,0,210,416
11/21/2020,CCR,CA,AWP,WE,Towers with Radar,0,4,14,0,18,0,3,141,0,144,0,7,155,0,162,140,0,140,302
11/22/2020,CCR,CA,AWP,WE,Towers with Radar,0,7,19,0,26,0,12,135,0,147,0,19,154,0,173,116,0,116,289
11/23/2020,CCR,CA,AWP,WE,Towers with Radar,0,1,25,0,26,0,13,80,0,93,0,14,105,0,119,124,0,124,243
11/24/2020,CCR,CA,AWP,WE,Towers with Radar,0,4,25,0,29,0,7,122,0,129,0,11,147,0,158,170,0,170,328
11/25/2020,CCR,CA,AWP,WE,Towers with Radar,0,3,24,0,27,0,9,136,1,146,0,12,160,1,173,124,0,124,297
11/26/2020,CCR,CA,AWP,WE,Towers with Radar,0,4,4,0,8,0,8,29,0,37,0,12,33,0,45,26,0,26,71
11/27/2020,CCR,CA,AWP,WE,Towers with Radar,0,2,16,0,18,0,8,118,0,126,0,10,134,0,144,60,0,60,204
11/28/2020,CCR,CA,AWP,WE,Towers with Radar,0,10,15,0,25,0,7,157,0,164,0,17,172,0,189,116,14,130,319
11/29/2020,CCR,CA,AWP,WE,Towers with Radar,0,9,12,0,21,0,1,123,0,124,0,10,135,0,145,144,0,144,289
11/30/2020,CCR,CA,AWP,WE,Towers with Radar,0,5,20,0,25,0,3,97,0,100,0,8,117,0,125,120,0,120,245
12/01/2020,CCR,CA,AWP,WE,Towers with Radar,0,2,28,0,30,0,5,98,0,103,0,7,126,0,133,136,0,136,269
12/02/2020,CCR,CA,AWP,WE,Towers with Radar,0,2,16,0,18,0,5,109,1,115,0,7,125,1,133,128,0,128,261
12/03/2020,CCR,CA,AWP,WE,Towers with Radar,1,1,27,0,29,1,5,127,0,133,2,6,154,0,162,136,0,136,298
12/04/2020,CCR,CA,AWP,WE,Towers with Radar,0,4,20,2,26,0,6,160,0,166,0,10,180,2,192,196,0,196,388
12/05/2020,CCR,CA,AWP,WE,Towers with Radar,0,2,21,0,23,0,3,143,1,147,0,5,164,1,170,254,0,254,424
12/06/2020,CCR,CA,AWP,WE,Towers with Radar,0,2,27,0,29,0,9,103,0,112,0,11,130,0,141,82,0,82,223
12/07/2020,CCR,CA,AWP,WE,Towers with Radar,0,5,13,0,18,0,4,61,0,65,0,9,74,0,83,20,0,20,103
12/08/2020,CCR,CA,AWP,WE,Towers with Radar,0,11,25,0,36,0,6,112,0,118,0,17,137,0,154,174,0,174,328
12/09/2020,CCR,CA,AWP,WE,Towers with Radar,0,1,31,0,32,0,6,90,0,96,0,7,121,0,128,128,0,128,256
12/10/2020,CCR,CA,AWP,WE,Towers with Radar,0,2,31,0,33,0,7,122,0,129,0,9,153,0,162,196,16,212,374
12/11/2020,CCR,CA,AWP,WE,Towers with Radar,0,4,45,0,49,0,4,76,0,80,0,8,121,0,129,70,0,70,199
12/12/2020,CCR,CA,AWP,WE,Towers with Radar,0,4,23,0,27,0,1,48,0,49,0,5,71,0,76,58,0,58,134
12/13/2020,CCR,CA,AWP,WE,Towers with Radar,0,3,25,0,28,0,1,1,0,2,0,4,26,0,30,18,0,18,48
12/14/2020,CCR,CA,AWP,WE,Towers with Radar,0,2,25,2,29,0,12,111,1,124,0,14,136,3,153,114,0,114,267
12/15/2020,CCR,CA,AWP,WE,Towers with Radar,0,1,27,0,28,0,3,130,1,134,0,4,157,1,162,154,0,154,316
12/16/2020,CCR,CA,AWP,WE,Towers with Radar,0,0,11,0,11,0,5,56,0,61,0,5,67,0,72,106,0,106,178
12/17/2020,CCR,CA,AWP,WE,Towers with Radar,0,6,29,0,35,0,2,71,0,73,0,8,100,0,108,82,0,82,190
12/18/2020,CCR,CA,AWP,WE,Towers with Radar,0,5,21,0,26,0,5,134,0,139,0,10,155,0,165,182,0,182,347
12/19/2020,CCR,CA,AWP,WE,Towers with Radar,0,6,19,0,25,0,2,86,0,88,0,8,105,0,113,136,0,136,249
12/20/2020,CCR,CA,AWP,WE,Towers with Radar,0,2,16,0,18,0,3,82,0,85,0,5,98,0,103,142,0,142,245
12/21/2020,CCR,CA,AWP,WE,Towers with Radar,0,3,26,0,29,0,2,6,0,8,0,5,32,0,37,2,0,2,39
12/22/2020,CCR,CA,AWP,WE,Towers with Radar,0,6,19,0,25,0,3,70,0,73,0,9,89,0,98,196,0,196,294
12/23/2020,CCR,CA,AWP,WE,Towers with Radar,0,2,25,0,27,0,5,113,0,118,0,7,138,0,145,166,0,166,311
12/24/2020,CCR,CA,AWP,WE,Towers with Radar,0,3,7,0,10,0,0,52,0,52,0,3,59,0,62,106,0,106,168
12/25/2020,CCR,CA,AWP,WE,Towers with Radar,0,2,3,0,5,0,1,0,0,1,0,3,3,0,6,0,0,0,6
12/26/2020,CCR,CA,AWP,WE,Towers with Radar,0,5,18,0,23,0,6,71,0,77,0,11,89,0,100,176,0,176,276
12/27/2020,CCR,CA,AWP,WE,Towers with Radar,0,11,17,0,28,0,5,93,0,98,0,16,110,0,126,108,0,108,234
12/28/2020,CCR,CA,AWP,WE,Towers with Radar,0,5,15,0,20,0,0,14,0,14,0,5,29,0,34,4,0,4,38
12/29/2020,CCR,CA,AWP,WE,Towers with Radar,0,8,14,0,22,0,2,189,0,191,0,10,203,0,213,212,0,212,425
12/30/2020,CCR,CA,AWP,WE,Towers with Radar,0,2,32,0,34,0,6,110,1,117,0,8,142,1,151,206,0,206,357
12/31/2020,CCR,CA,AWP,WE,Towers with Radar,0,9,13,0,22,0,6,131,0,137,0,15,144,0,159,152,0,152,311
01/01/2021,CCR,CA,AWP,WE,Towers with Radar,0,5,8,0,13,0,4,75,0,79,0,9,83,0,92,82,0,82,174
01/02/2021,CCR,CA,AWP,WE,Towers with Radar,0,4,28,0,32,0,0,0,0,0,0,4,28,0,32,0,0,0,32
01/03/2021,CCR,CA,AWP,WE,Towers with Radar,0,10,28,0,38,0,4,27,0,31,0,14,55,0,69,20,0,20,89
01/04/2021,CCR,CA,AWP,WE,Towers with Radar,0,4,9,0,13,0,1,9,2,12,0,5,18,2,25,6,4,10,35
01/05/2021,CCR,CA,AWP,WE,Towers with Radar,0,8,7,0,15,0,6,107,0,113,0,14,114,0,128,126,0,126,254
01/06/2021,CCR,CA,AWP,WE,Towers with Radar,0,6,16,0,22,0,4,57,0,61,0,10,73,0,83,84,0,84,167
01/07/2021,CCR,CA,AWP,WE,Towers with Radar,0,11,15,0,26,0,3,121,0,124,0,14,136,0,150,202,0,202,352
01/08/2021,CCR,CA,AWP,WE,Towers with Radar,0,10,35,0,45,0,3,60,0,63,0,13,95,0,108,62,0,62,170
01/09/2021,CCR,CA,AWP,WE,Towers with Radar,0,1,34,0,35,0,4,173,0,177,0,5,207,0,212,298,0,298,510
01/10/2021,CCR,CA,AWP,WE,Towers with Radar,0,4,27,0,31,0,4,52,0,56,0,8,79,0,87,168,0,168,255
01/11/2021,CCR,CA,AWP,WE,Towers with Radar,0,7,12,0,19,0,1,103,0,104,0,8,115,0,123,116,0,116,239
01/12/2021,CCR,CA,AWP,WE,Towers with Radar,0,7,16,0,23,0,6,84,0,90,0,13,100,0,113,114,0,114,227
01/13/2021,CCR,CA,AWP,WE,Towers with Radar,0,1,22,0,23,0,6,77,0,83,0,7,99,0,106,210,0,210,316
01/14/2021,CCR,CA,AWP,WE,Towers with Radar,0,8,25,0,33,0,9,117,0,126,0,17,142,0,159,180,0,180,339
01/15/2021,CCR,CA,AWP,WE,Towers with Radar,0,11,10,0,21,0,9,115,0,124,0,20,125,0,145,178,0,178,323
01/16/2021,CCR,CA,AWP,WE,Towers with Radar,0,3,30,8,41,0,12,177,2,191,0,15,207,10,232,178,0,178,410
01/17/2021,CCR,CA,AWP,WE,Towers with Radar,0,12,16,0,28,0,8,134,0,142,0,20,150,0,170,138,0,138,308
01/18/2021,CCR,CA,AWP,WE,Towers with Radar,0,10,18,0,28,0,5,52,0,57,0,15,70,0,85,10,0,10,95
01/19/2021,CCR,CA,AWP,WE,Towers with Radar,0,2,2,0,4,0,10,17,0,27,0,12,19,0,31,0,0,0,31
01/20/2021,CCR,CA,AWP,WE,Towers with Radar,0,3,28,0,31,0,7,110,0,117,0,10,138,0,148,194,0,194,342
01/21/2021,CCR,CA,AWP,WE,Towers with Radar,0,4,22,0,26,0,7,121,0,128,0,11,143,0,154,166,0,166,320
01/22/2021,CCR,CA,AWP,WE,Towers with Radar,0,5,18,0,23,0,0,21,0,21,0,5,39,0,44,38,0,38,82
01/23/2021,CCR,CA,AWP,WE,Towers with Radar,0,3,29,1,33,0,8,173,1,182,0,11,202,2,215,236,0,236,451
01/24/2021,CCR,CA,AWP,WE,Towers with Radar,0,10,16,0,26,0,0,17,0,17,0,10,33,0,43,94,0,94,137
01/25/2021,CCR,CA,AWP,WE,Towers with Radar,0,8,10,0,18,0,2,50,0,52,0,10,60,0,70,28,0,28,98
01/26/2021,CCR,CA,AWP,WE,Towers with Radar,0,4,7,0,11,0,4,65,0,69,0,8,72,0,80,154,0,154,234
01/27/2021,CCR,CA,AWP,WE,Towers with Radar,0,1,2,0,3,0,0,2,0,2,0,1,4,0,5,52,0,52,57
01/28/2021,CCR,CA,AWP,WE,Towers with Radar,0,4,2,0,6,0,9,6,0,15,0,13,8,0,21,22,0,22,43
01/29/2021,CCR,CA,AWP,WE,Towers with Radar,0,8,12,0,20,0,7,74,0,81,0,15,86,0,101,196,0,196,297
01/30/2021,CCR,CA,AWP,WE,Towers with Radar,0,2,21,0,23,0,7,105,2,114,0,9,126,2,137,188,0,188,325
01/31/2021,CCR,CA,AWP,WE,Towers with Radar,0,5,11,0,16,0,4,136,0,140,0,9,147,0,156,240,0,240,396
02/01/2021,CCR,CA,AWP,WE,Towers with Radar,0,5,10,0,15,0,2,52,0,54,0,7,62,0,69,108,0,108,177
02/02/2021,CCR,CA,AWP,WE,Towers with Radar,0,0,15,0,15,0,1,35,0,36,0,1,50,0,51,75,0,75,126
02/03/2021,CCR,CA,AWP,WE,Towers with Radar,0,5,24,0,29,0,3,90,0,93,0,8,114,0,122,102,0,102,224
02/04/2021,CCR,CA,AWP,WE,Towers with Radar,0,7,14,2,23,0,5,118,2,125,0,12,132,4,148,230,0,230,378
02/05/2021,CCR,CA,AWP,WE,Towers with Radar,0,5,20,0,25,0,10,136,0,146,0,15,156,0,171,180,0,180,351
02/06/2021,CCR,CA,AWP,WE,Towers with Radar,0,8,15,0,23,0,10,170,2,182,0,18,185,2,205,152,0,152,357
02/07/2021,CCR,CA,AWP,WE,Towers with Radar,0,6,17,0,23,0,10,130,0,140,0,16,147,0,163,94,0,94,257
02/08/2021,CCR,CA,AWP,WE,Towers with Radar,0,3,19,0,22,0,4,63,0,67,0,7,82,0,89,50,0,50,139
02/09/2021,CCR,CA,AWP,WE,Towers with Radar,0,3,25,2,30,0,7,64,0,71,0,10,89,2,101,102,0,102,203
02/10/2021,CCR,CA,AWP,WE,Towers with Radar,0,3,19,1,23,0,6,129,1,136,0,9,148,2,159,150,0,150,309
02/11/2021,CCR,CA,AWP,WE,Towers with Radar,0,8,24,0,32,0,5,52,0,57,0,13,76,0,89,64,0,64,153
02/12/2021,CCR,CA,AWP,WE,Towers with Radar,0,9,17,0,26,0,6,121,0,127,0,15,138,0,153,176,0,176,329
02/13/2021,CCR,CA,AWP,WE,Towers with Radar,0,6,9,0,15,0,6,40,0,46,0,12,49,0,61,74,0,74,135
02/14/2021,CCR,CA,AWP,WE,Towers with Radar,0,6,16,0,22,0,11,84,0,95,0,17,100,0,117,172,0,172,289
02/15/2021,CCR,CA,AWP,WE,Towers with Radar,0,9,40,0,49,0,6,22,0,28,0,15,62,0,77,24,0,24,101
02/16/2021,CCR,CA,AWP,WE,Towers with Radar,0,7,17,0,24,0,10,94,0,104,0,17,111,0,128,184,0,184,312
02/17/2021,CCR,CA,AWP,WE,Towers with Radar,0,1,29,0,30,0,3,133,0,136,0,4,162,0,166,114,0,114,280
02/18/2021,CCR,CA,AWP,WE,Towers with Radar,0,8,29,0,37,0,5,160,0,165,0,13,189,0,202,212,2,214,416
02/19/2021,CCR,CA,AWP,WE,Towers with Radar,0,10,12,0,22,0,6,20,0,26,0,16,32,0,48,8,0,8,56
02/20/2021,CCR,CA,AWP,WE,Towers with Radar,0,4,14,0,18,0,5,120,0,125,0,9,134,0,143,102,0,102,245
02/21/2021,CCR,CA,AWP,WE,Towers with Radar,0,4,29,0,33,0,5,135,0,140,0,9,164,0,173,157,0,157,330
02/22/2021,CCR,CA,AWP,WE,Towers with Radar,0,8,21,0,29,0,2,122,0,124,0,10,143,0,153,134,0,134,287
02/23/2021,CCR,CA,AWP,WE,Towers with Radar,0,3,17,0,20,0,11,117,0,128,0,14,134,0,148,200,0,200,348
02/24/2021,CCR,CA,AWP,WE,Towers with Radar,0,0,11,0,11,0,7,91,0,98,0,7,102,0,109,104,0,104,213
02/25/2021,CCR,CA,AWP,WE,Towers with Radar,0,6,24,0,30,0,11,131,0,142,0,17,155,0,172,152,0,152,324
02/26/2021,CCR,CA,AWP,WE,Towers with Radar,2,5,13,0,20,1,24,95,0,120,3,29,108,0,140,120,0,120,260
02/27/2021,CCR,CA,AWP,WE,Towers with Radar,0,1,10,0,11,0,11,139,0,150,0,12,149,0,161,202,0,202,363
02/28/2021,CCR,CA,AWP,WE,Towers with Radar,0,4,17,0,21,0,5,166,0,171,0,9,183,0,192,166,0,166,358
03/01/2021,CCR,CA,AWP,WE,Towers with Radar,0,7,12,0,19,0,5,94,0,99,0,12,106,0,118,126,0,126,244
03/02/2021,CCR,CA,AWP,WE,Towers with Radar,0,3,33,0,36,0,3,130,0,133,0,6,163,0,169,184,0,184,353
03/03/2021,CCR,CA,AWP,WE,Towers with Radar,0,4,15,0,19,0,7,125,3,135,0,11,140,3,154,184,0,184,338
03/04/2021,CCR,CA,AWP,WE,Towers with Radar,0,5,25,0,30,0,4,101,0,105,0,9,126,0,135,226,0,226,361
03/05/2021,CCR,CA,AWP,WE,Towers with Radar,0,8,30,0,38,0,7,119,0,126,0,15,149,0,164,76,0,76,240
03/06/2021,CCR,CA,AWP,WE,Towers with Radar,0,3,17,0,20,0,5,129,2,136,0,8,146,2,156,240,0,240,396
03/07/2021,CCR,CA,AWP,WE,Towers with Radar,0,9,19,0,28,0,11,142,0,153,0,20,161,0,181,146,0,146,327
03/08/2021,CCR,CA,AWP,WE,Towers with Radar,0,4,9,0,13,0,6,60,0,66,0,10,69,0,79,138,0,138,217
03/09/2021,CCR,CA,AWP,WE,Towers with Radar,0,5,11,0,16,0,13,16,0,29,0,18,27,0,45,66,0,66,111
03/10/2021,CCR,CA,AWP,WE,Towers with Radar,0,10,14,0,24,0,5,19,0,24,0,15,33,0,48,30,0,30,78
03/11/2021,CCR,CA,AWP,WE,Towers with Radar,0,10,33,0,43,0,5,94,0,99,0,15,127,0,142,162,0,162,304
03/12/2021,CCR,CA,AWP,WE,Towers with Radar,0,7,25,1,33,0,3,195,0,198,0,10,220,1,231,234,0,234,465
03/13/2021,CCR,CA,AWP,WE,Towers with Radar,0,1,37,0,38,0,10,133,2,145,0,11,170,2,183,162,0,162,345
03/14/2021,CCR,CA,AWP,WE,Towers with Radar,0,10,30,0,40,0,2,73,0,75,0,12,103,0,115,222,0,222,337
03/15/2021,CCR,CA,AWP,WE,Towers with Radar,0,4,18,0,22,0,7,30,0,37,0,11,48,0,59,60,0,60,119
03/16/2021,CCR,CA,AWP,WE,Towers with Radar,0,9,28,0,37,0,6,146,0,152,0,15,174,0,189,202,0,202,391
03/17/2021,CCR,CA,AWP,WE,Towers with Radar,0,4,20,0,24,0,5,112,0,117,0,9,132,0,141,260,0,260,401
03/18/2021,CCR,CA,AWP,WE,Towers with Radar,0,13,30,0,43,0,7,12,0,19,0,20,42,0,62,22,0,22,84
03/19/2021,CCR,CA,AWP,WE,Towers with Radar,0,9,21,0,30,0,3,56,0,59,0,12,77,0,89,272,0,272,361
03/20/2021,CCR,CA,AWP,WE,Towers with Radar,0,0,27,0,27,0,0,133,0,133,0,0,160,0,160,180,0,180,340
03/21/2021,CCR,CA,AWP,WE,Towers with Radar,0,7,22,0,29,0,10,195,0,205,0,17,217,0,234,208,0,208,442
03/22/2021,CCR,CA,AWP,WE,Towers with Radar,0,9,26,0,35,0,6,75,0,81,0,15,101,0,116,162,0,162,278
03/23/2021,CCR,CA,AWP,WE,Towers with Radar,0,0,6,0,6,0,9,28,0,37,0,9,34,0,43,10,0,10,53
03/24/2021,CCR,CA,AWP,WE,Towers with Radar,0,6,32,0,38,0,11,152,0,163,0,17,184,0,201,190,2,192,393
03/25/2021,CCR,CA,AWP,WE,Towers with Radar,0,8,21,0,29,0,0,122,0,122,0,8,143,0,151,161,0,161,312
03/26/2021,CCR,CA,AWP,WE,Towers with Radar,0,6,21,0,27,0,8,135,0,143,0,14,156,0,170,152,0,152,322
03/27/2021,CCR,CA,AWP,WE,Towers with Radar,0,2,23,0,25,0,3,119,0,122,0,5,142,0,147,218,0,218,365
03/28/2021,CCR,CA,AWP,WE,Towers with Radar,0,8,39,0,47,0,6,206,0,212,0,14,245,0,259,132,0,132,391
03/29/2021,CCR,CA,AWP,WE,Towers with Radar,0,3,17,0,20,0,1,101,0,102,0,4,118,0,122,132,0,132,254
03/30/2021,CCR,CA,AWP,WE,Towers with Radar,0,6,21,0,27,0,14,103,0,117,0,20,124,0,144,80,0,80,224
03/31/2021,CCR,CA,AWP,WE,Towers with Radar,0,7,11,1,19,0,18,138,1,157,0,25,149,2,176,226,0,226,402
04/01/2021,CCR,CA,AWP,WE,Towers with Radar,0,16,30,0,46,0,11,139,0,150,0,27,169,0,196,218,0,218,414
04/02/2021,CCR,CA,AWP,WE,Towers with Radar,0,7,20,0,27,0,15,123,2,140,0,22,143,2,167,178,8,186,353
04/03/2021,CCR,CA,AWP,WE,Towers with Radar,0,5,24,0,29,0,10,92,0,102,0,15,116,0,131,56,0,56,187
04/04/2021,CCR,CA,AWP,WE,Towers with Radar,0,1,24,0,25,0,5,72,0,77,0,6,96,0,102,114,0,114,216
04/05/2021,CCR,CA,AWP,WE,Towers with Radar,0,9,23,2,34,0,17,74,0,91,0,26,97,2,125,144,0,144,269
04/06/2021,CCR,CA,AWP,WE,Towers with Radar,0,4,32,0,36,0,20,122,0,142,0,24,154,0,178,166,0,166,344
04/07/2021,CCR,CA,AWP,WE,Towers with Radar,0,8,23,0,31,0,9,97,0,106,0,17,120,0,137,200,0,200,337
04/08/2021,CCR,CA,AWP,WE,Towers with Radar,0,5,37,0,42,0,8,161,0,169,0,13,198,0,211,192,0,192,403
04/09/2021,CCR,CA,AWP,WE,Towers with Radar,0,8,17,0,25,0,7,139,0,146,0,15,156,0,171,162,0,162,333
04/10/2021,CCR,CA,AWP,WE,Towers with Radar,0,5,20,0,25,0,9,154,0,163,0,14,174,0,188,162,0,162,350
04/11/2021,CCR,CA,AWP,WE,Towers with Radar,0,7,15,0,22,0,9,147,0,156,0,16,162,0,178,172,0,172,350
04/12/2021,CCR,CA,AWP,WE,Towers with Radar,0,7,16,0,23,0,18,124,0,142,0,25,140,0,165,103,0,103,268
04/13/2021,CCR,CA,AWP,WE,Towers with Radar,0,0,20,0,20,0,7,68,0,75,0,7,88,0,95,96,0,96,191
04/14/2021,CCR,CA,AWP,WE,Towers with Radar,0,7,33,0,40,0,20,103,0,123,0,27,136,0,163,176,0,176,339
04/15/2021,CCR,CA,AWP,WE,Towers with Radar,0,5,35,0,40,0,11,117,0,128,0,16,152,0,168,212,0,212,380
04/16/2021,CCR,CA,AWP,WE,Towers with Radar,0,7,26,0,33,0,6,131,0,137,0,13,157,0,170,156,0,156,326
04/17/2021,CCR,CA,AWP,WE,Towers with Radar,0,3,14,0,17,0,17,145,2,164,0,20,159,2,181,202,0,202,383
04/18/2021,CCR,CA,AWP,WE,Towers with Radar,0,11,22,0,33,0,9,115,0,124,0,20,137,0,157,94,0,94,251
04/19/2021,CCR,CA,AWP,WE,Towers with Radar,0,10,36,0,46,0,9,91,0,100,0,19,127,0,146,106,0,106,252
04/20/2021,CCR,CA,AWP,WE,Towers with Radar,0,5,14,0,19,0,8,71,0,79,0,13,85,0,98,28,0,28,126
04/21/2021,CCR,CA,AWP,WE,Towers with Radar,0,6,37,0,43,0,17,97,0,114,0,23,134,0,157,170,0,170,327
04/22/2021,CCR,CA,AWP,WE,Towers with Radar,0,7,20,0,27,0,4,93,0,97,0,11,113,0,124,123,0,123,247
04/23/2021,CCR,CA,AWP,WE,Towers with Radar,0,5,28,0,33,0,14,140,0,154,0,19,168,0,187,218,0,218,405
04/24/2021,CCR,CA,AWP,WE,Towers with Radar,0,2,17,0,19,0,13,101,1,115,0,15,118,1,134,150,0,150,284
04/25/2021,CCR,CA,AWP,WE,Towers with Radar,0,18,32,0,50,0,6,38,0,44,0,24,70,0,94,80,0,80,174
04/26/2021,CCR,CA,AWP,WE,Towers with Radar,0,6,33,2,41,0,4,97,1,102,0,10,130,3,143,150,4,154,297
04/27/2021,CCR,CA,AWP,WE,Towers with Radar,0,1,32,0,33,0,5,139,0,144,0,6,171,0,177,188,0,188,365
04/28/2021,CCR,CA,AWP,WE,Towers with Radar,0,14,32,0,46,0,7,114,0,121,0,21,146,0,167,194,0,194,361
04/29/2021,CCR,CA,AWP,WE,Towers with Radar,0,10,15,0,25,0,12,117,0,129,0,22,132,0,154,154,0,154,308
04/30/2021,CCR,CA,AWP,WE,Towers with Radar,0,14,39,0,53,0,7,157,3,167,0,21,196,3,220,174,24,198,418
05/01/2021,CCR,CA,AWP,WE,Towers with Radar,0,8,13,1,22,0,12,113,3,128,0,20,126,4,150,104,8,112,262
05/02/2021,CCR,CA,AWP,WE,Towers with Radar,0,10,19,0,29,0,7,117,0,124,0,17,136,0,153,170,0,170,323
05/03/2021,CCR,CA,AWP,WE,Towers with Radar,0,4,16,0,20,0,1,94,0,95,0,5,110,0,115,116,0,116,231
05/04/2021,CCR,CA,AWP,WE,Towers with Radar,0,2,29,0,31,0,10,157,0,167,0,12,186,0,198,226,0,226,424
05/05/2021,CCR,CA,AWP,WE,Towers with Radar,0,5,22,1,28,0,6,111,0,117,0,11,133,1,145,188,0,188,333
05/06/2021,CCR,CA,AWP,WE,Towers with Radar,0,6,18,0,24,0,9,120,0,129,0,15,138,0,153,118,0,118,271
05/07/2021,CCR,CA,AWP,WE,Towers with Radar,0,17,21,0,38,0,16,120,0,136,0,33,141,0,174,230,2,232,406
05/08/2021,CCR,CA,AWP,WE,Towers with Radar,0,5,22,0,27,0,1,97,2,100,0,6,119,2,127,142,0,142,269
05/09/2021,CCR,CA,AWP,WE,Towers with Radar,0,11,15,0,26,0,7,109,1,117,0,18,124,1,143,148,0,148,291
05/10/2021,CCR,CA,AWP,WE,Towers with Radar,0,12,12,0,24,0,2,121,0,123,0,14,133,0,147,158,0,158,305
05/11/2021,CCR,CA,AWP,WE,Towers with Radar,0,7,31,0,38,0,18,110,0,128,0,25,141,0,166,126,0,126,292
05/12/2021,CCR,CA,AWP,WE,Towers with Radar,0,4,19,0,23,0,8,111,0,119,0,12,130,0,142,84,0,84,226
05/13/2021,CCR,CA,AWP,WE,Towers with Radar,0,8,23,0,31,0,6,116,0,122,0,14,139,0,153,190,0,190,343
05/14/2021,CCR,CA,AWP,WE,Towers with Radar,0,10,25,0,35,0,2,79,0,81,0,12,104,0,116,90,0,90,206
05/15/2021,CCR,CA,AWP,WE,Towers with Radar,0,1,31,0,32,0,5,142,0,147,0,6,173,0,179,68,0,68,247
05/16/2021,CCR,CA,AWP,WE,Towers with Radar,0,17,36,0,53,0,3,90,2,95,0,20,126,2,148,102,0,102,250
05/17/2021,CCR,CA,AWP,WE,Towers with Radar,0,6,32,0,38,0,2,55,0,57,0,8,87,0,95,40,0,40,135
05/18/2021,CCR,CA,AWP,WE,Towers with Radar,0,0,27,0,27,0,6,80,0,86,0,6,107,0,113,212,0,212,325
05/19/2021,CCR,CA,AWP,WE,Towers with Radar,1,6,13,0,20,0,9,88,0,97,1,15,101,0,117,76,22,98,215
05/20/2021,CCR,CA,AWP,WE,Towers with Radar,0,4,13,0,17,0,5,96,0,101,0,9,109,0,118,176,0,176,294
05/21/2021,CCR,CA,AWP,WE,Towers with Radar,0,9,18,0,27,0,3,102,0,105,0,12,120,0,132,78,0,78,210
05/22/2021,CCR,CA,AWP,WE,Towers with Radar,0,1,18,0,19,0,7,104,0,111,0,8,122,0,130,120,0,120,250
05/23/2021,CCR,CA,AWP,WE,Towers with Radar,0,7,31,0,38,0,5,148,0,153,0,12,179,0,191,183,0,183,374
05/24/2021,CCR,CA,AWP,WE,Towers with Radar,0,8,25,0,33,0,4,130,0,134,0,12,155,0,167,98,0,98,265
05/25/2021,CCR,CA,AWP,WE,Towers with Radar,0,2,23,2,27,0,8,121,0,129,0,10,144,2,156,212,12,224,380
05/26/2021,CCR,CA,AWP,WE,Towers with Radar,0,4,22,0,26,0,10,147,0,157,0,14,169,0,183,170,0,170,353
05/27/2021,CCR,CA,AWP,WE,Towers with Radar,0,11,25,0,36,0,6,143,0,149,0,17,168,0,185,210,0,210,395
05/28/2021,CCR,CA,AWP,WE,Towers with Radar,0,9,23,0,32,0,5,139,2,146,0,14,162,2,178,206,20,226,404
05/29/2021,CCR,CA,AWP,WE,Towers with Radar,0,1,12,0,13,0,5,64,2,71,0,6,76,2,84,38,0,38,122
05/30/2021,CCR,CA,AWP,WE,Towers with Radar,0,5,12,0,17,0,5,101,0,106,0,10,113,0,123,78,0,78,201
05/31/2021,CCR,CA,AWP,WE,Towers with Radar,0,7,10,0,17,0,8,115,0,123,0,15,125,0,140,174,0,174,314
06/01/2021,CCR,CA,AWP,WE,Towers with Radar,0,4,22,0,26,0,10,85,0,95,0,14,107,0,121,186,0,186,307
06/02/2021,CCR,CA,AWP,WE,Towers with Radar,0,4,15,0,19,0,6,114,0,120,0,10,129,0,139,270,0,270,409
06/03/2021,CCR,CA,AWP,WE,Towers with Radar,0,10,21,1,32,0,9,174,0,183,0,19,195,1,215,264,0,264,479
06/04/2021,CCR,CA,AWP,WE,Towers with Radar,0,5,16,0,21,0,1,140,2,143,0,6,156,2,164,278,0,278,442
06/05/2021,CCR,CA,AWP,WE,Towers with Radar,0,7,14,0,21,0,8,125,1,134,0,15,139,1,155,164,0,164,319
06/06/2021,CCR,CA,AWP,WE,Towers with Radar,0,9,21,0,30,0,4,97,0,101,0,13,118,0,131,162,0,162,293
06/07/2021,CCR,CA,AWP,WE,Towers with Radar,0,8,15,0,23,0,1,57,0,58,0,9,72,0,81,38,0,38,119
06/08/2021,CCR,CA,AWP,WE,Towers with Radar,0,9,43,0,52,0,15,89,0,104,0,24,132,0,156,144,0,144,300
06/09/2021,CCR,CA,AWP,WE,Towers with Radar,0,5,23,0,28,0,8,94,0,102,0,13,117,0,130,148,0,148,278
06/10/2021,CCR,CA,AWP,WE,Towers with Radar,0,6,35,0,41,0,3,125,1,129,0,9,160,1,170,174,1,175,345
06/11/2021,CCR,CA,AWP,WE,Towers with Radar,0,17,22,0,39,0,7,142,0,149,0,24,164,0,188,218,0,218,406
06/12/2021,CCR,CA,AWP,WE,Towers with Radar,0,1,19,0,20,0,10,151,2,163,0,11,170,2,183,172,0,172,355
06/13/2021,CCR,CA,AWP,WE,Towers with Radar,0,5,25,0,30,0,11,116,0,127,0,16,141,0,157,88,0,88,245
06/14/2021,CCR,CA,AWP,WE,Towers with Radar,0,10,32,0,42,0,5,103,0,108,0,15,135,0,150,226,0,226,376
06/15/2021,CCR,CA,AWP,WE,Towers with Radar,0,2,45,0,47,0,5,102,0,107,0,7,147,0,154,116,0,116,270
06/16/2021,CCR,CA,AWP,WE,Towers with Radar,0,5,20,0,25,0,4,139,0,143,0,9,159,0,168,284,0,284,452
06/17/2021,CCR,CA,AWP,WE,Towers with Radar,0,6,28,0,34,0,2,104,0,106,0,8,132,0,140,166,0,166,306
06/18/2021,CCR,CA,AWP,WE,Towers with Radar,0,2,24,0,26,0,2,125,0,127,0,4,149,0,153,214,0,214,367
06/19/2021,CCR,CA,AWP,WE,Towers with Radar,0,5,25,0,30,0,7,168,1,176,0,12,193,1,206,170,0,170,376
06/20/2021,CCR,CA,AWP,WE,Towers with Radar,0,5,20,0,25,0,2,101,0,103,0,7,121,0,128,144,0,144,272
06/21/2021,CCR,CA,AWP,WE,Towers with Radar,0,9,20,0,29,0,6,87,0,93,0,15,107,0,122,90,0,90,212
06/22/2021,CCR,CA,AWP,WE,Towers with Radar,0,8,17,0,25,0,8,114,1,123,0,16,131,1,148,157,0,157,305
06/23/2021,CCR,CA,AWP,WE,Towers with Radar,0,3,23,0,26,0,5,145,0,150,0,8,168,0,176,122,0,122,298
06/24/2021,CCR,CA,AWP,WE,Towers with Radar,0,5,43,0,48,0,3,139,0,142,0,8,182,0,190,220,0,220,410
06/25/2021,CCR,CA,AWP,WE,Towers with Radar,0,4,26,0,30,0,5,140,0,145,0,9,166,0,175,158,0,158,333
06/26/2021,CCR,CA,AWP,WE,Towers with Radar,0,3,24,0,27,0,8,152,1,161,0,11,176,1,188,290,0,290,478
06/27/2021,CCR,CA,AWP,WE,Towers with Radar,0,6,26,0,32,0,6,127,0,133,0,12,153,0,165,166,0,166,331
06/28/2021,CCR,CA,AWP,WE,Towers with Radar,0,7,30,0,37,0,2,115,0,117,0,9,145,0,154,170,0,170,324
06/29/2021,CCR,CA,AWP,WE,Towers with Radar,0,8,38,0,46,0,9,162,0,171,0,17,200,0,217,218,0,218,435
06/30/2021,CCR,CA,AWP,WE,Towers with Radar,0,6,25,0,31,0,5,88,0,93,0,11,113,0,124,146,0,146,270
07/01/2021,CCR,CA,AWP,WE,Towers with Radar,0,10,31,0,41,0,9,121,0,130,0,19,152,0,171,172,0,172,343
07/02/2021,CCR,CA,AWP,WE,Towers with Radar,0,0,27,0,27,0,2,152,1,155,0,2,179,1,182,194,0,194,376
07/03/2021,CCR,CA,AWP,WE,Towers with Radar,0,1,15,1,17,0,7,92,1,100,0,8,107,2,117,136,0,136,253
07/04/2021,CCR,CA,AWP,WE,Towers with Radar,0,1,16,0,17,0,9,65,0,74,0,10,81,0,91,38,0,38,129
07/05/2021,CCR,CA,AWP,WE,Towers with Radar,0,7,24,0,31,0,4,93,0,97,0,11,117,0,128,70,0,70,198
07/06/2021,CCR,CA,AWP,WE,Towers with Radar,0,8,29,7,44,0,5,94,1,100,0,13,123,8,144,122,0,122,266
07/07/2021,CCR,CA,AWP,WE,Towers with Radar,0,2,22,0,24,0,2,122,0,124,0,4,144,0,148,392,0,392,540
07/08/2021,CCR,CA,AWP,WE,Towers with Radar,0,7,28,0,35,0,7,156,0,163,0,14,184,0,198,140,0,140,338
07/09/2021,CCR,CA,AWP,WE,Towers with Radar,0,6,17,0,23,0,12,139,0,151,0,18,156,0,174,206,0,206,380
07/10/2021,CCR,CA,AWP,WE,Towers with Radar,0,3,15,0,18,0,8,151,2,161,0,11,166,2,179,164,0,164,343
07/11/2021,CCR,CA,AWP,WE,Towers with Radar,0,7,12,0,19,0,1,112,0,113,0,8,124,0,132,86,0,86,218
07/12/2021,CCR,CA,AWP,WE,Towers with Radar,0,5,32,0,37,0,4,96,0,100,0,9,128,0,137,219,0,219,356
07/13/2021,CCR,CA,AWP,WE,Towers with Radar,0,3,23,0,26,0,0,98,0,98,0,3,121,0,124,238,0,238,362
07/14/2021,CCR,CA,AWP,WE,Towers with Radar,0,2,13,0,15,0,5,125,0,130,0,7,138,0,145,240,0,240,385
07/15/2021,CCR,CA,AWP,WE,Towers with Radar,0,10,21,0,31,0,6,152,0,158,0,16,173,0,189,186,0,186,375
07/16/2021,CCR,CA,AWP,WE,Towers with Radar,0,2,18,0,20,0,3,136,0,139,0,5,154,0,159,192,0,192,351
07/17/2021,CCR,CA,AWP,WE,Towers with Radar,0,7,20,0,27,0,8,146,2,156,0,15,166,2,183,146,0,146,329
07/18/2021,CCR,CA,AWP,WE,Towers with Radar,0,8,14,0,22,0,5,118,0,123,0,13,132,0,145,116,0,116,261
07/19/2021,CCR,CA,AWP,WE,Towers with Radar,0,7,18,0,25,0,1,146,0,147,0,8,164,0,172,242,0,242,414
07/20/2021,CCR,CA,AWP,WE,Towers with Radar,0,4,16,0,20,0,1,112,0,113,0,5,128,0,133,166,0,166,299
07/21/2021,CCR,CA,AWP,WE,Towers with Radar,0,3,26,0,29,0,14,105,2,121,0,17,131,2,150,302,0,302,452
07/22/2021,CCR,CA,AWP,WE,Towers with Radar,0,4,28,0,32,0,5,154,0,159,0,9,182,0,191,303,0,303,494
07/23/2021,CCR,CA,AWP,WE,Towers with Radar,0,6,9,0,15,0,13,155,0,168,0,19,164,0,183,287,0,287,470
07/24/2021,CCR,CA,AWP,WE,Towers with Radar,0,4,16,0,20,0,5,137,2,144,0,9,153,2,164,128,0,128,292
07/25/2021,CCR,CA,AWP,WE,Towers with Radar,0,4,26,0,30,0,2,103,0,105,0,6,129,0,135,86,0,86,221
07/26/2021,CCR,CA,AWP,WE,Towers with Radar,0,6,19,0,25,0,1,103,1,105,0,7,122,1,130,190,0,190,320
07/27/2021,CCR,CA,AWP,WE,Towers with Radar,0,1,19,0,20,0,8,124,0,132,0,9,143,0,152,202,0,202,354
07/28/2021,CCR,CA,AWP,WE,Towers with Radar,0,16,13,0,29,0,10,131,0,141,0,26,144,0,170,208,0,208,378
07/29/2021,CCR,CA,AWP,WE,Towers with Radar,0,16,13,0,29,0,14,169,0,183,0,30,182,0,212,280,0,280,492
07/30/2021,CCR,CA,AWP,WE,Towers with Radar,0,5,24,0,29,0,11,155,0,166,0,16,179,0,195,234,0,234,429
07/31/2021,CCR,CA,AWP,WE,Towers with Radar,0,2,18,0,20,0,14,113,1,128,0,16,131,1,148,116,0,116,264
08/01/2021,CCR,CA,AWP,WE,Towers with Radar,0,11,24,0,35,0,10,121,0,131,0,21,145,0,166,76,0,76,242
08/02/2021,CCR,CA,AWP,WE,Towers with Radar,0,5,14,0,19,0,11,109,0,120,0,16,123,0,139,92,0,92,231
08/03/2021,CCR,CA,AWP,WE,Towers with Radar,0,7,35,0,42,0,9,104,0,113,0,16,139,0,155,228,0,228,383
08/04/2021,CCR,CA,AWP,WE,Towers with Radar,0,8,18,0,26,0,15,122,0,137,0,23,140,0,163,200,0,200,363
08/05/2021,CCR,CA,AWP,WE,Towers with Radar,0,8,34,0,42,0,12,99,2,113,0,20,133,2,155,246,8,254,409
08/06/2021,CCR,CA,AWP,WE,Towers with Radar,0,6,30,0,36,0,20,68,0,88,0,26,98,0,124,222,0,222,346
08/07/2021,CCR,CA,AWP,WE,Towers with Radar,0,9,18,0,27,0,11,86,1,98,0,20,104,1,125,274,0,274,399
08/08/2021,CCR,CA,AWP,WE,Towers with Radar,0,12,25,0,37,0,8,120,0,128,0,20,145,0,165,176,0,176,341
08/09/2021,CCR,CA,AWP,WE,Towers with Radar,0,10,17,0,27,0,8,110,0,118,0,18,127,0,145,258,0,258,403
08/10/2021,CCR,CA,AWP,WE,Towers with Radar,0,4,19,0,23,0,8,84,0,92,0,12,103,0,115,236,0,236,351
08/11/2021,CCR,CA,AWP,WE,Towers with Radar,0,2,29,0,31,0,7,101,0,108,0,9,130,0,139,158,0,158,297
08/12/2021,CCR,CA,AWP,WE,Towers with Radar,0,7,20,0,27,0,10,144,2,156,0,17,164,2,183,266,0,266,449
08/13/2021,CCR,CA,AWP,WE,Towers with Radar,0,4,12,0,16,0,8,140,0,148,0,12,152,0,164,226,0,226,390
08/14/2021,CCR,CA,AWP,WE,Towers with Radar,0,2,20,0,22,0,13,122,2,137,0,15,142,2,159,244,0,244,403
08/15/2021,CCR,CA,AWP,WE,Towers with Radar,0,9,25,0,34,0,6,89,0,95,0,15,114,0,129,212,0,212,341
08/16/2021,CCR,CA,AWP,WE,Towers with Radar,0,8,22,0,30,0,12,81,0,93,0,20,103,0,123,178,0,178,301
08/17/2021,CCR,CA,AWP,WE,Towers with Radar,0,1,28,0,29,0,9,83,0,92,0,10,111,0,121,238,0,238,359
08/18/2021,CCR,CA,AWP,WE,Towers with Radar,0,13,38,0,51,0,6,83,0,89,0,19,121,0,140,306,0,306,446
08/19/2021,CCR,CA,AWP,WE,Towers with Radar,0,9,35,0,44,0,9,80,2,91,0,18,115,2,135,206,0,206,341
08/20/2021,CCR,CA,AWP,WE,Towers with Radar,0,12,21,0,33,0,14,60,0,74,0,26,81,0,107,208,0,208,315
08/21/2021,CCR,CA,AWP,WE,Towers with Radar,0,7,27,1,35,0,7,92,0,99,0,14,119,1,134,134,0,134,268
08/22/2021,CCR,CA,AWP,WE,Towers with Radar,0,9,29,0,38,0,4,93,0,97,0,13,122,0,135,122,14,136,271
08/23/2021,CCR,CA,AWP,WE,Towers with Radar,0,6,32,4,42,0,5,85,0,90,0,11,117,4,132,228,22,250,382
08/24/2021,CCR,CA,AWP,WE,Towers with Radar,0,5,24,0,29,0,8,112,0,120,0,13,136,0,149,162,0,162,311
08/25/2021,CCR,CA,AWP,WE,Towers with Radar,0,4,42,0,46,0,4,106,1,111,0,8,148,1,157,172,0,172,329
08/26/2021,CCR,CA,AWP,WE,Towers with Radar,0,13,29,0,42,0,6,165,0,171,0,19,194,0,213,254,0,254,467
08/27/2021,CCR,CA,AWP,WE,Towers with Radar,0,5,29,0,34,0,5,50,0,55,0,10,79,0,89,116,0,116,205
08/28/2021,CCR,CA,AWP,WE,Towers with Radar,0,3,34,1,38,0,2,41,2,45,0,5,75,3,83,110,0,110,193
08/29/2021,CCR,CA,AWP,WE,Towers with Radar,0,6,22,0,28,0,9,104,0,113,0,15,126,0,141,226,0,226,367
08/30/2021,CCR,CA,AWP,WE,Towers with Radar,0,11,10,0,21,0,9,65,0,74,0,20,75,0,95,96,0,96,191
08/31/2021,CCR,CA,AWP,WE,Towers with Radar,0,8,22,0,30,0,8,101,0,109,0,16,123,0,139,256,0,256,395
09/01/2021,CCR,CA,AWP,WE,Towers with Radar,0,3,33,0,36,0,10,69,0,79,0,13,102,0,115,40,0,40,155
09/02/2021,CCR,CA,AWP,WE,Towers with Radar,0,10,30,0,40,0,4,102,0,106,0,14,132,0,146,310,0,310,456
09/03/2021,CCR,CA,AWP,WE,Towers with Radar,0,3,28,0,31,0,6,101,0,107,0,9,129,0,138,208,0,208,346
09/04/2021,CCR,CA,AWP,WE,Towers with Radar,0,4,17,1,22,0,9,114,0,123,0,13,131,1,145,160,0,160,305
09/05/2021,CCR,CA,AWP,WE,Towers with Radar,0,5,16,0,21,0,7,128,0,135,0,12,144,0,156,110,0,110,266
09/06/2021,CCR,CA,AWP,WE,Towers with Radar,0,12,18,0,30,0,0,118,0,118,0,12,136,0,148,126,0,126,274
09/07/2021,CCR,CA,AWP,WE,Towers with Radar,0,9,19,0,28,0,6,115,1,122,0,15,134,1,150,220,0,220,370
09/08/2021,CCR,CA,AWP,WE,Towers with Radar,0,8,27,0,35,0,13,120,0,133,0,21,147,0,168,206,0,206,374
09/09/2021,CCR,CA,AWP,WE,Towers with Radar,0,7,25,0,32,0,9,136,0,145,0,16,161,0,177,264,0,264,441
09/10/2021,CCR,CA,AWP,WE,Towers with Radar,0,13,17,0,30,0,7,139,0,146,0,20,156,0,176,244,2,246,422
09/11/2021,CCR,CA,AWP,WE,Towers with Radar,0,3,22,0,25,0,12,132,0,144,0,15,154,0,169,264,0,264,433
09/12/2021,CCR,CA,AWP,WE,Towers with Radar,0,7,35,0,42,0,2,144,0,146,0,9,179,0,188,106,0,106,294
09/13/2021,CCR,CA,AWP,WE,Towers with Radar,0,4,11,0,15,0,4,94,0,98,0,8,105,0,113,134,0,134,247
09/14/2021,CCR,CA,AWP,WE,Towers with Radar,0,6,21,0,27,0,13,133,0,146,0,19,154,0,173,174,0,174,347
09/15/2021,CCR,CA,AWP,WE,Towers with Radar,0,6,32,0,38,0,6,103,0,109,0,12,135,0,147,242,0,242,389
09/16/2021,CCR,CA,AWP,WE,Towers with Radar,0,8,30,0,38,0,6,104,0,110,0,14,134,0,148,202,0,202,350
09/17/2021,CCR,CA,AWP,WE,Towers with Radar,0,7,38,0,45,0,10,109,0,119,0,17,147,0,164,231,0,231,395
09/18/2021,CCR,CA,AWP,WE,Towers with Radar,0,3,29,0,32,0,5,84,0,89,0,8,113,0,121,176,0,176,297
09/19/2021,CCR,CA,AWP,WE,Towers with Radar,0,6,22,0,28,0,15,143,0,158,0,21,165,0,186,119,0,119,305
09/20/2021,CCR,CA,AWP,WE,Towers with Radar,0,9,16,0,25,0,8,108,0,116,0,17,124,0,141,192,0,192,333
09/21/2021,CCR,CA,AWP,WE,Towers with Radar,0,8,20,0,28,0,6,120,0,126,0,14,140,0,154,222,0,222,376
09/22/2021,CCR,CA,AWP,WE,Towers with Radar,0,2,16,0,18,0,16,131,0,147,0,18,147,0,165,254,0,254,419
09/23/2021,CCR,CA,AWP,WE,Towers with Radar,0,10,31,0,41,0,10,144,0,154,0,20,175,0,195,120,2,122,317
09/24/2021,CCR,CA,AWP,WE,Towers with Radar,0,10,26,0,36,0,10,131,0,141,0,20,157,0,177,182,0,182,359
09/25/2021,CCR,CA,AWP,WE,Towers with Radar,0,6,18,0,24,0,9,110,1,120,0,15,128,1,144,88,0,88,232
09/26/2021,CCR,CA,AWP,WE,Towers with Radar,0,7,15,2,24,0,1,114,0,115,0,8,129,2,139,88,0,88,227
09/27/2021,CCR,CA,AWP,WE,Towers with Radar,0,11,22,0,33,0,7,65,0,72,0,18,87,0,105,56,0,56,161
09/28/2021,CCR,CA,AWP,WE,Towers with Radar,0,5,22,0,27,0,20,142,0,162,0,25,164,0,189,224,0,224,413
09/29/2021,CCR,CA,AWP,WE,Towers with Radar,0,3,24,0,27,0,14,152,0,166,0,17,176,0,193,157,0,157,350
09/30/2021,CCR,CA,AWP,WE,Towers with Radar,0,8,24,0,32,0,12,140,0,152,0,20,164,0,184,304,0,304,488
10/01/2021,CCR,CA,AWP,WE,Towers with Radar,0,7,21,1,29,0,2,178,0,180,0,9,199,1,209,292,0,292,501
10/02/2021,CCR,CA,AWP,WE,Towers with Radar,0,5,10,0,15,0,9,117,0,126,0,14,127,0,141,162,0,162,303
10/03/2021,CCR,CA,AWP,WE,Towers with Radar,0,4,37,3,44,0,2,125,1,128,0,6,162,4,172,134,0,134,306
10/04/2021,CCR,CA,AWP,WE,Towers with Radar,0,8,20,0,28,0,3,121,0,124,0,11,141,0,152,246,0,246,398
10/05/2021,CCR,CA,AWP,WE,Towers with Radar,0,4,14,0,18,0,2,67,0,69,0,6,81,0,87,90,0,90,177
10/06/2021,CCR,CA,AWP,WE,Towers with Radar,0,5,18,0,23,0,9,80,0,89,0,14,98,0,112,146,0,146,258
10/07/2021,CCR,CA,AWP,WE,Towers with Radar,0,10,19,0,29,0,5,96,0,101,0,15,115,0,130,202,0,202,332
10/08/2021,CCR,CA,AWP,WE,Towers with Radar,0,8,32,0,40,0,7,77,6,90,0,15,109,6,130,130,0,130,260
10/09/2021,CCR,CA,AWP,WE,Towers with Radar,0,11,25,0,36,0,5,115,0,120,0,16,140,0,156,244,0,244,400
10/10/2021,CCR,CA,AWP,WE,Towers with Radar,2,8,28,0,38,1,10,128,0,139,3,18,156,0,177,152,0,152,329
10/11/2021,CCR,CA,AWP,WE,Towers with Radar,0,0,0,0,0,0,0,0,0,0,0,0,0,0,0,0,0,0,0
10/12/2021,CCR,CA,AWP,WE,Towers with Radar,0,8,19,0,27,0,5,76,0,81,0,13,95,0,108,96,0,96,204
10/13/2021,CCR,CA,AWP,WE,Towers with Radar,0,8,30,0,38,0,11,135,0,146,0,19,165,0,184,190,0,190,374
10/14/2021,CCR,CA,AWP,WE,Towers with Radar,0,12,18,0,30,0,8,123,0,131,0,20,141,0,161,296,1,297,458
10/15/2021,CCR,CA,AWP,WE,Towers with Radar,0,8,20,0,28,0,5,120,1,126,0,13,140,1,154,138,0,138,292
10/16/2021,CCR,CA,AWP,WE,Towers with Radar,0,3,17,0,20,0,14,171,0,185,0,17,188,0,205,82,0,82,287
10/17/2021,CCR,CA,AWP,WE,Towers with Radar,0,3,23,0,26,0,5,95,0,100,0,8,118,0,126,102,0,102,228
10/18/2021,CCR,CA,AWP,WE,Towers with Radar,0,6,22,0,28,0,5,94,0,99,0,11,116,0,127,184,0,184,311
10/19/2021,CCR,CA,AWP,WE,Towers with Radar,0,5,10,0,15,0,7,123,0,130,0,12,133,0,145,166,0,166,311
10/20/2021,CCR,CA,AWP,WE,Towers with Radar,0,8,20,0,28,0,3,42,0,45,0,11,62,0,73,74,0,74,147
10/21/2021,CCR,CA,AWP,WE,Towers with Radar,0,14,30,0,44,0,3,28,0,31,0,17,58,0,75,98,0,98,173
10/22/2021,CCR,CA,AWP,WE,Towers with Radar,0,7,13,0,20,0,10,51,0,61,0,17,64,0,81,104,0,104,185
10/23/2021,CCR,CA,AWP,WE,Towers with Radar,0,2,23,0,25,0,7,73,0,80,0,9,96,0,105,178,0,178,283
10/24/2021,CCR,CA,AWP,WE,Towers with Radar,0,4,7,0,11,0,0,0,0,0,0,4,7,0,11,0,0,0,11
10/25/2021,CCR,CA,AWP,WE,Towers with Radar,1,9,18,0,28,1,7,37,0,45,2,16,55,0,73,72,0,72,145
10/26/2021,CCR,CA,AWP,WE,Towers with Radar,0,7,22,0,29,0,2,72,0,74,0,9,94,0,103,276,0,276,379
10/27/2021,CCR,CA,AWP,WE,Towers with Radar,0,4,19,0,23,0,6,129,0,135,0,10,148,0,158,308,0,308,466
10/28/2021,CCR,CA,AWP,WE,Towers with Radar,0,10,34,2,46,0,10,168,0,178,0,20,202,2,224,208,0,208,432
10/29/2021,CCR,CA,AWP,WE,Towers with Radar,0,8,11,0,19,0,4,121,0,125,0,12,132,0,144,200,0,200,344
10/30/2021,CCR,CA,AWP,WE,Towers with Radar,0,1,8,0,9,0,2,9,0,11,0,3,17,0,20,18,0,18,38
10/31/2021,CCR,CA,AWP,WE,Towers with Radar,0,0,0,0,0,0,0,0,0,0,0,0,0,0,0,0,0,0,0
11/01/2021,CCR,CA,AWP,WE,Towers with Radar,0,4,21,0,25,0,4,24,0,28,0,8,45,0,53,78,0,78,131
11/02/2021,CCR,CA,AWP,WE,Towers with Radar,0,6,35,0,41,0,8,32,0,40,0,14,67,0,81,84,0,84,165
11/03/2021,CCR,CA,AWP,WE,Towers with Radar,0,7,26,0,33,0,6,113,0,119,0,13,139,0,152,290,0,290,442
11/04/2021,CCR,CA,AWP,WE,Towers with Radar,0,14,26,0,40,0,3,125,0,128,0,17,151,0,168,244,0,244,412
11/05/2021,CCR,CA,AWP,WE,Towers with Radar,0,3,17,0,20,0,6,127,0,133,0,9,144,0,153,166,0,166,319
11/06/2021,CCR,CA,AWP,WE,Towers with Radar,0,4,5,0,9,0,1,95,0,96,0,5,100,0,105,158,0,158,263
11/07/2021,CCR,CA,AWP,WE,Towers with Radar,0,5,26,0,31,0,6,171,0,177,0,11,197,0,208,188,0,188,396
11/08/2021,CCR,CA,AWP,WE,Towers with Radar,0,5,16,0,21,0,9,76,0,85,0,14,92,0,106,292,0,292,398
11/09/2021,CCR,CA,AWP,WE,Towers with Radar,0,5,21,0,26,0,2,11,0,13,0,7,32,0,39,18,0,18,57
11/10/2021,CCR,CA,AWP,WE,Towers with Radar,0,9,19,0,28,0,10,106,0,116,0,19,125,0,144,238,0,238,382
11/11/2021,CCR,CA,AWP,WE,Towers with Radar,0,12,32,0,44,0,12,146,1,159,0,24,178,1,203,206,0,206,409
11/12/2021,CCR,CA,AWP,WE,Towers with Radar,0,10,25,0,35,0,7,57,0,64,0,17,82,0,99,60,0,60,159
11/13/2021,CCR,CA,AWP,WE,Towers with Radar,0,15,13,0,28,0,0,57,0,57,0,15,70,0,85,162,0,162,247
11/14/2021,CCR,CA,AWP,WE,Towers with Radar,0,11,23,0,34,0,2,19,0,21,0,13,42,0,55,10,0,10,65
11/15/2021,CCR,CA,AWP,WE,Towers with Radar,0,12,32,0,44,0,0,13,0,13,0,12,45,0,57,14,0,14,71
11/16/2021,CCR,CA,AWP,WE,Towers with Radar,0,5,24,0,29,0,7,53,0,60,0,12,77,0,89,90,0,90,179
11/17/2021,CCR,CA,AWP,WE,Towers with Radar,0,5,20,0,25,0,6,139,0,145,0,11,159,0,170,252,0,252,422
11/18/2021,CCR,CA,AWP,WE,Towers with Radar,0,9,37,0,46,0,6,23,0,29,0,15,60,0,75,94,0,94,169
11/19/2021,CCR,CA,AWP,WE,Towers with Radar,0,7,37,0,44,0,1,20,0,21,0,8,57,0,65,68,0,68,133
11/20/2021,CCR,CA,AWP,WE,Towers with Radar,0,2,36,0,38,0,5,164,0,169,0,7,200,0,207,156,0,156,363
11/21/2021,CCR,CA,AWP,WE,Towers with Radar,0,4,24,0,28,0,1,144,0,145,0,5,168,0,173,162,0,162,335
11/22/2021,CCR,CA,AWP,WE,Towers with Radar,0,8,23,2,33,0,16,131,1,148,0,24,154,3,181,171,0,171,352
11/23/2021,CCR,CA,AWP,WE,Towers with Radar,0,6,17,0,23,0,12,120,0,132,0,18,137,0,155,242,0,242,397
11/24/2021,CCR,CA,AWP,WE,Towers with Radar,0,3,22,0,25,0,8,138,0,146,0,11,160,0,171,202,0,202,373
11/25/2021,CCR,CA,AWP,WE,Towers with Radar,0,7,9,0,16,0,12,34,0,46,0,19,43,0,62,4,0,4,66
11/26/2021,CCR,CA,AWP,WE,Towers with Radar,0,10,19,0,29,0,9,105,0,114,0,19,124,0,143,120,0,120,263
11/27/2021,CCR,CA,AWP,WE,Towers with Radar,0,9,20,0,29,0,9,100,0,109,0,18,120,0,138,118,0,118,256
11/28/2021,CCR,CA,AWP,WE,Towers with Radar,0,10,19,0,29,0,11,126,0,137,0,21,145,0,166,188,0,188,354
11/29/2021,CCR,CA,AWP,WE,Towers with Radar,0,7,17,0,24,0,3,98,0,101,0,10,115,0,125,188,0,188,313
11/30/2021,CCR,CA,AWP,WE,Towers with Radar,0,8,12,0,20,0,7,126,0,133,0,15,138,0,153,323,0,323,476
12/01/2021,CCR,CA,AWP,WE,Towers with Radar,0,3,34,0,37,0,8,69,0,77,0,11,103,0,114,167,0,167,281
12/02/2021,CCR,CA,AWP,WE,Towers with Radar,0,8,38,0,46,0,2,94,0,96,0,10,132,0,142,198,0,198,340
12/03/2021,CCR,CA,AWP,WE,Towers with Radar,0,16,20,0,36,0,1,22,0,23,0,17,42,0,59,142,0,142,201
12/04/2021,CCR,CA,AWP,WE,Towers with Radar,0,5,28,0,33,0,6,49,0,55,0,11,77,0,88,124,0,124,212
12/05/2021,CCR,CA,AWP,WE,Towers with Radar,0,19,26,0,45,0,8,59,0,67,0,27,85,0,112,136,0,136,248
12/06/2021,CCR,CA,AWP,WE,Towers with Radar,0,9,11,0,20,0,0,0,0,0,0,9,11,0,20,0,0,0,20
12/07/2021,CCR,CA,AWP,WE,Towers with Radar,0,0,43,0,43,0,8,82,0,90,0,8,125,0,133,272,0,272,405
12/08/2021,CCR,CA,AWP,WE,Towers with Radar,0,3,31,0,34,0,0,0,0,0,0,3,31,0,34,0,0,0,34
12/09/2021,CCR,CA,AWP,WE,Towers with Radar,0,10,16,0,26,0,8,89,0,97,0,18,105,0,123,206,0,206,329
12/10/2021,CCR,CA,AWP,WE,Towers with Radar,0,8,30,0,38,0,10,163,0,173,0,18,193,0,211,200,0,200,411
12/11/2021,CCR,CA,AWP,WE,Towers with Radar,0,2,31,0,33,0,8,134,0,142,0,10,165,0,175,226,0,226,401
12/12/2021,CCR,CA,AWP,WE,Towers with Radar,0,5,17,0,22,0,3,8,0,11,0,8,25,0,33,10,0,10,43
12/13/2021,CCR,CA,AWP,WE,Towers with Radar,0,6,6,0,12,0,1,0,0,1,0,7,6,0,13,0,0,0,13
12/14/2021,CCR,CA,AWP,WE,Towers with Radar,0,3,11,0,14,0,2,105,0,107,0,5,116,0,121,174,0,174,295
12/15/2021,CCR,CA,AWP,WE,Towers with Radar,0,2,7,2,11,0,5,30,1,36,0,7,37,3,47,80,0,80,127
12/16/2021,CCR,CA,AWP,WE,Towers with Radar,0,9,24,0,33,0,8,69,0,77,0,17,93,0,110,224,0,224,334
12/17/2021,CCR,CA,AWP,WE,Towers with Radar,0,13,21,0,34,0,8,123,0,131,0,21,144,0,165,234,0,234,399
12/18/2021,CCR,CA,AWP,WE,Towers with Radar,0,8,36,0,44,0,4,68,0,72,0,12,104,0,116,76,0,76,192
12/19/2021,CCR,CA,AWP,WE,Towers with Radar,0,12,23,0,35,0,1,7,0,8,0,13,30,0,43,38,0,38,81
12/20/2021,CCR,CA,AWP,WE,Towers with Radar,0,17,20,0,37,0,2,76,0,78,0,19,96,0,115,199,0,199,314
12/21/2021,CCR,CA,AWP,WE,Towers with Radar,0,4,10,0,14,0,0,32,0,32,0,4,42,0,46,120,0,120,166
12/22/2021,CCR,CA,AWP,WE,Towers with Radar,0,4,12,0,16,0,0,0,0,0,0,4,12,0,16,0,0,0,16
12/23/2021,CCR,CA,AWP,WE,Towers with Radar,0,8,18,0,26,0,3,7,0,10,0,11,25,0,36,44,0,44,80
12/24/2021,CCR,CA,AWP,WE,Towers with Radar,0,8,22,0,30,0,11,44,0,55,0,19,66,0,85,86,0,86,171
12/25/2021,CCR,CA,AWP,WE,Towers with Radar,0,2,2,0,4,0,8,0,0,8,0,10,2,0,12,0,0,0,12
12/26/2021,CCR,CA,AWP,WE,Towers with Radar,0,5,17,0,22,0,3,21,0,24,0,8,38,0,46,78,0,78,124
12/27/2021,CCR,CA,AWP,WE,Towers with Radar,0,17,18,0,35,0,5,24,0,29,0,22,42,0,64,78,0,78,142
12/28/2021,CCR,CA,AWP,WE,Towers with Radar,0,8,12,0,20,0,5,26,0,31,0,13,38,0,51,104,0,104,155
12/29/2021,CCR,CA,AWP,WE,Towers with Radar,0,6,11,0,17,0,0,0,0,0,0,6,11,0,17,0,0,0,17
12/30/2021,CCR,CA,AWP,WE,Towers with Radar,0,9,30,0,39,0,12,129,0,141,0,21,159,0,180,194,0,194,374
12/31/2021,CCR,CA,AWP,WE,Towers with Radar,0,7,17,0,24,0,5,97,0,102,0,12,114,0,126,94,0,94,220
01/01/2022,CCR,CA,AWP,WE,Towers with Radar,0,2,16,0,18,0,15,78,0,93,0,17,94,0,111,66,0,66,177
01/02/2022,CCR,CA,AWP,WE,Towers with Radar,0,8,27,0,35,0,7,113,0,120,0,15,140,0,155,138,0,138,293
01/03/2022,CCR,CA,AWP,WE,Towers with Radar,0,9,14,0,23,0,2,24,0,26,0,11,38,0,49,84,0,84,133
01/04/2022,CCR,CA,AWP,WE,Towers with Radar,0,3,12,0,15,0,4,31,0,35,0,7,43,0,50,218,0,218,268
01/05/2022,CCR,CA,AWP,WE,Towers with Radar,0,5,22,0,27,0,6,54,0,60,0,11,76,0,87,188,0,188,275
01/06/2022,CCR,CA,AWP,WE,Towers with Radar,0,3,6,0,9,0,0,0,0,0,0,3,6,0,9,0,0,0,9
01/07/2022,CCR,CA,AWP,WE,Towers with Radar,0,13,32,0,45,0,5,28,0,33,0,18,60,0,78,104,0,104,182
01/08/2022,CCR,CA,AWP,WE,Towers with Radar,0,2,30,0,32,0,6,76,0,82,0,8,106,0,114,178,0,178,292
01/09/2022,CCR,CA,AWP,WE,Towers with Radar,0,10,18,0,28,0,3,70,0,73,0,13,88,0,101,98,0,98,199
01/10/2022,CCR,CA,AWP,WE,Towers with Radar,0,13,9,0,22,0,11,98,0,109,0,24,107,0,131,176,0,176,307
01/11/2022,CCR,CA,AWP,WE,Towers with Radar,0,1,17,0,18,0,9,136,0,145,0,10,153,0,163,176,0,176,339
01/12/2022,CCR,CA,AWP,WE,Towers with Radar,0,2,3,0,5,0,5,122,0,127,0,7,125,0,132,156,0,156,288
01/13/2022,CCR,CA,AWP,WE,Towers with Radar,0,8,17,0,25,0,6,101,0,107,0,14,118,0,132,108,0,108,240
01/14/2022,CCR,CA,AWP,WE,Towers with Radar,0,7,29,0,36,5,11,123,2,141,5,18,152,2,177,206,0,206,383
01/15/2022,CCR,CA,AWP,WE,Towers with Radar,0,3,17,0,20,0,5,114,0,119,0,8,131,0,139,200,0,200,339
01/16/2022,CCR,CA,AWP,WE,Towers with Radar,0,6,19,1,26,0,9,87,0,96,0,15,106,1,122,66,0,66,188
01/17/2022,CCR,CA,AWP,WE,Towers with Radar,0,8,23,0,31,0,8,138,0,146,0,16,161,0,177,240,0,240,417
01/18/2022,CCR,CA,AWP,WE,Towers with Radar,0,4,19,0,23,0,14,119,0,133,0,18,138,0,156,268,0,268,424
01/19/2022,CCR,CA,AWP,WE,Towers with Radar,0,2,18,0,20,0,12,105,0,117,0,14,123,0,137,140,0,140,277
01/20/2022,CCR,CA,AWP,WE,Towers with Radar,0,8,25,0,33,0,5,142,0,147,0,13,167,0,180,161,0,161,341
01/21/2022,CCR,CA,AWP,WE,Towers with Radar,0,9,10,0,19,0,17,101,0,118,0,26,111,0,137,178,0,178,315
01/22/2022,CCR,CA,AWP,WE,Towers with Radar,0,1,7,0,8,0,5,97,0,102,0,6,104,0,110,58,0,58,168
01/23/2022,CCR,CA,AWP,WE,Towers with Radar,0,12,18,0,30,0,8,141,0,149,0,20,159,0,179,252,0,252,431
01/24/2022,CCR,CA,AWP,WE,Towers with Radar,0,11,11,0,22,0,7,91,0,98,0,18,102,0,120,120,0,120,240
01/25/2022,CCR,CA,AWP,WE,Towers with Radar,0,4,19,0,23,0,7,112,0,119,0,11,131,0,142,164,0,164,306
01/26/2022,CCR,CA,AWP,WE,Towers with Radar,0,2,20,0,22,0,4,138,0,142,0,6,158,0,164,190,0,190,354
01/27/2022,CCR,CA,AWP,WE,Towers with Radar,0,6,20,0,26,0,6,157,0,163,0,12,177,0,189,252,0,252,441
01/28/2022,CCR,CA,AWP,WE,Towers with Radar,0,7,20,0,27,0,11,113,0,124,0,18,133,0,151,190,0,190,341
01/29/2022,CCR,CA,AWP,WE,Towers with Radar,0,2,16,0,18,0,9,123,0,132,0,11,139,0,150,210,0,210,360
01/30/2022,CCR,CA,AWP,WE,Towers with Radar,0,11,26,0,37,0,8,132,0,140,0,19,158,0,177,176,0,176,353
01/31/2022,CCR,CA,AWP,WE,Towers with Radar,0,11,18,0,29,0,9,104,0,113,0,20,122,0,142,178,0,178,320
02/01/2022,CCR,CA,AWP,WE,Towers with Radar,0,7,12,2,21,0,6,81,0,87,0,13,93,2,108,178,0,178,286
02/02/2022,CCR,CA,AWP,WE,Towers with Radar,0,6,8,0,14,0,3,41,0,44,0,9,49,0,58,54,0,54,112
02/03/2022,CCR,CA,AWP,WE,Towers with Radar,0,9,35,0,44,0,15,135,0,150,0,24,170,0,194,142,0,142,336
02/04/2022,CCR,CA,AWP,WE,Towers with Radar,0,10,10,0,20,0,5,51,0,56,0,15,61,0,76,50,0,50,126
02/05/2022,CCR,CA,AWP,WE,Towers with Radar,0,2,11,0,13,0,8,135,1,144,0,10,146,1,157,148,0,148,305
02/06/2022,CCR,CA,AWP,WE,Towers with Radar,0,6,27,0,33,0,13,130,0,143,0,19,157,0,176,210,0,210,386
02/07/2022,CCR,CA,AWP,WE,Towers with Radar,0,4,26,0,30,0,7,94,0,101,0,11,120,0,131,184,0,184,315
02/08/2022,CCR,CA,AWP,WE,Towers with Radar,0,12,13,0,25,0,19,129,0,148,0,31,142,0,173,200,0,200,373
02/09/2022,CCR,CA,AWP,WE,Towers with Radar,0,5,19,0,24,0,5,134,0,139,0,10,153,0,163,350,0,350,513
02/10/2022,CCR,CA,AWP,WE,Towers with Radar,0,7,19,0,26,0,2,166,0,168,0,9,185,0,194,141,0,141,335
02/11/2022,CCR,CA,AWP,WE,Towers with Radar,0,14,28,0,42,0,5,135,1,141,0,19,163,1,183,262,0,262,445
02/12/2022,CCR,CA,AWP,WE,Towers with Radar,0,4,21,0,25,0,4,154,0,158,0,8,175,0,183,155,0,155,338
02/13/2022,CCR,CA,AWP,WE,Towers with Radar,0,6,19,0,25,0,2,149,0,151,0,8,168,0,176,198,0,198,374
02/14/2022,CCR,CA,AWP,WE,Towers with Radar,0,7,31,0,38,0,7,83,0,90,0,14,114,0,128,102,0,102,230
02/15/2022,CCR,CA,AWP,WE,Towers with Radar,0,7,12,0,19,0,3,91,0,94,0,10,103,0,113,200,0,200,313
02/16/2022,CCR,CA,AWP,WE,Towers with Radar,0,8,23,0,31,0,7,142,0,149,0,15,165,0,180,214,0,214,394
02/17/2022,CCR,CA,AWP,WE,Towers with Radar,0,5,16,0,21,0,19,129,0,148,0,24,145,0,169,212,0,212,381
02/18/2022,CCR,CA,AWP,WE,Towers with Radar,0,11,22,0,33,0,13,134,0,147,0,24,156,0,180,194,0,194,374
02/19/2022,CCR,CA,AWP,WE,Towers with Radar,0,1,17,1,19,0,7,176,1,184,0,8,193,2,203,167,0,167,370
02/20/2022,CCR,CA,AWP,WE,Towers with Radar,0,9,16,0,25,0,8,116,0,124,0,17,132,0,149,196,0,196,345
02/21/2022,CCR,CA,AWP,WE,Towers with Radar,0,9,29,0,38,0,4,83,0,87,0,13,112,0,125,106,0,106,231
02/22/2022,CCR,CA,AWP,WE,Towers with Radar,0,1,14,0,15,0,5,72,0,77,0,6,86,0,92,152,0,152,244
02/23/2022,CCR,CA,AWP,WE,Towers with Radar,0,8,17,0,25,0,6,123,0,129,0,14,140,0,154,174,0,174,328
02/24/2022,CCR,CA,AWP,WE,Towers with Radar,0,8,26,0,34,0,9,151,0,160,0,17,177,0,194,268,0,268,462
02/25/2022,CCR,CA,AWP,WE,Towers with Radar,0,11,13,0,24,0,9,138,0,147,0,20,151,0,171,232,0,232,403
02/26/2022,CCR,CA,AWP,WE,Towers with Radar,0,8,31,0,39,0,11,145,0,156,0,19,176,0,195,302,0,302,497
02/27/2022,CCR,CA,AWP,WE,Towers with Radar,0,10,16,0,26,0,14,128,0,142,0,24,144,0,168,184,0,184,352
02/28/2022,CCR,CA,AWP,WE,Towers with Radar,0,11,18,0,29,0,4,110,0,114,0,15,128,0,143,156,0,156,299
03/01/2022,CCR,CA,AWP,WE,Towers with Radar,0,1,22,0,23,0,4,104,0,108,0,5,126,0,131,174,0,174,305
03/02/2022,CCR,CA,AWP,WE,Towers with Radar,0,4,28,0,32,0,6,120,0,126,0,10,148,0,158,222,0,222,380
03/03/2022,CCR,CA,AWP,WE,Towers with Radar,0,11,20,0,31,0,4,46,0,50,0,15,66,0,81,66,0,66,147
03/04/2022,CCR,CA,AWP,WE,Towers with Radar,0,11,23,0,34,0,2,50,0,52,0,13,73,0,86,84,0,84,170
03/05/2022,CCR,CA,AWP,WE,Towers with Radar,0,8,22,1,31,0,11,109,2,122,0,19,131,3,153,166,0,166,319
03/06/2022,CCR,CA,AWP,WE,Towers with Radar,0,3,19,0,22,0,5,135,1,141,0,8,154,1,163,160,0,160,323
03/07/2022,CCR,CA,AWP,WE,Towers with Radar,0,13,19,0,32,0,6,79,0,85,0,19,98,0,117,148,0,148,265
03/08/2022,CCR,CA,AWP,WE,Towers with Radar,0,3,22,0,25,0,5,142,0,147,0,8,164,0,172,126,0,126,298
03/09/2022,CCR,CA,AWP,WE,Towers with Radar,0,4,28,0,32,0,9,142,0,151,0,13,170,0,183,244,0,244,427
03/10/2022,CCR,CA,AWP,WE,Towers with Radar,0,11,18,0,29,0,19,96,0,115,0,30,114,0,144,172,0,172,316
03/11/2022,CCR,CA,AWP,WE,Towers with Radar,0,9,15,0,24,0,3,131,0,134,0,12,146,0,158,204,0,204,362
03/12/2022,CCR,CA,AWP,WE,Towers with Radar,0,7,20,0,27,0,6,127,2,135,0,13,147,2,162,205,0,205,367
03/13/2022,CCR,CA,AWP,WE,Towers with Radar,0,8,23,0,31,0,8,80,0,88,0,16,103,0,119,112,0,112,231
03/14/2022,CCR,CA,AWP,WE,Towers with Radar,0,12,16,0,28,0,10,92,2,104,0,22,108,2,132,180,0,180,312
03/15/2022,CCR,CA,AWP,WE,Towers with Radar,0,11,16,2,29,0,2,54,0,56,0,13,70,2,85,132,0,132,217
03/16/2022,CCR,CA,AWP,WE,Towers with Radar,0,7,23,0,30,0,8,170,1,179,0,15,193,1,209,288,0,288,497
03/17/2022,CCR,CA,AWP,WE,Towers with Radar,0,14,30,0,44,0,15,105,0,120,0,29,135,0,164,182,0,182,346
03/18/2022,CCR,CA,AWP,WE,Towers with Radar,0,6,29,0,35,0,7,119,0,126,0,13,148,0,161,262,0,262,423
03/19/2022,CCR,CA,AWP,WE,Towers with Radar,0,6,24,0,30,0,5,24,0,29,0,11,48,0,59,80,0,80,139
03/20/2022,CCR,CA,AWP,WE,Towers with Radar,0,10,16,0,26,0,4,107,0,111,0,14,123,0,137,262,0,262,399
03/21/2022,CCR,CA,AWP,WE,Towers with Radar,0,7,19,0,26,0,13,109,1,123,0,20,128,1,149,178,0,178,327
03/22/2022,CCR,CA,AWP,WE,Towers with Radar,0,5,26,0,31,0,14,121,0,135,0,19,147,0,166,218,0,218,384
03/23/2022,CCR,CA,AWP,WE,Towers with Radar,0,4,26,0,30,0,3,165,0,168,0,7,191,0,198,172,0,172,370
03/24/2022,CCR,CA,AWP,WE,Towers with Radar,0,11,25,0,36,0,8,163,0,171,0,19,188,0,207,286,0,286,493
03/25/2022,CCR,CA,AWP,WE,Towers with Radar,0,12,24,0,36,0,9,139,0,148,0,21,163,0,184,194,0,194,378
03/26/2022,CCR,CA,AWP,WE,Towers with Radar,0,5,17,0,22,0,10,154,1,165,0,15,171,1,187,118,0,118,305
03/27/2022,CCR,CA,AWP,WE,Towers with Radar,0,23,36,0,59,0,4,89,0,93,0,27,125,0,152,124,0,124,276
03/28/2022,CCR,CA,AWP,WE,Towers with Radar,0,13,3,0,16,0,1,30,2,33,0,14,33,2,49,68,0,68,117
03/29/2022,CCR,CA,AWP,WE,Towers with Radar,0,4,41,0,45,0,3,91,0,94,0,7,132,0,139,130,0,130,269
03/30/2022,CCR,CA,AWP,WE,Towers with Radar,0,8,25,0,33,0,11,68,0,79,0,19,93,0,112,164,0,164,276
03/31/2022,CCR,CA,AWP,WE,Towers with Radar,0,8,19,0,27,0,9,105,0,114,0,17,124,0,141,210,0,210,351
04/01/2022,CCR,CA,AWP,WE,Towers with Radar,0,9,24,0,33,0,10,122,0,132,0,19,146,0,165,192,0,192,357
04/02/2022,CCR,CA,AWP,WE,Towers with Radar,0,10,12,0,22,0,17,125,0,142,0,27,137,0,164,162,0,162,326
04/03/2022,CCR,CA,AWP,WE,Towers with Radar,0,8,20,0,28,0,9,97,0,106,0,17,117,0,134,152,0,152,286
04/04/2022,CCR,CA,AWP,WE,Towers with Radar,0,7,15,0,22,0,2,67,0,69,0,9,82,0,91,62,0,62,153
04/05/2022,CCR,CA,AWP,WE,Towers with Radar,0,4,15,0,19,0,6,116,0,122,0,10,131,0,141,232,0,232,373
04/06/2022,CCR,CA,AWP,WE,Towers with Radar,0,5,12,0,17,0,5,122,0,127,0,10,134,0,144,278,0,278,422
04/07/2022,CCR,CA,AWP,WE,Towers with Radar,0,8,20,0,28,0,10,124,0,134,0,18,144,0,162,208,0,208,370
04/08/2022,CCR,CA,AWP,WE,Towers with Radar,0,10,14,0,24,0,6,105,0,111,0,16,119,0,135,148,0,148,283
04/09/2022,CCR,CA,AWP,WE,Towers with Radar,0,6,15,0,21,0,7,114,0,121,0,13,129,0,142,112,0,112,254
04/10/2022,CCR,CA,AWP,WE,Towers with Radar,0,6,7,0,13,0,11,97,0,108,0,17,104,0,121,106,0,106,227
04/11/2022,CCR,CA,AWP,WE,Towers with Radar,0,5,9,0,14,0,5,9,0,14,0,10,18,0,28,0,0,0,28
04/12/2022,CCR,CA,AWP,WE,Towers with Radar,0,7,17,0,24,0,5,72,0,77,0,12,89,0,101,174,0,174,275
04/13/2022,CCR,CA,AWP,WE,Towers with Radar,1,7,19,0,27,0,9,122,0,131,1,16,141,0,158,186,8,194,352
04/14/2022,CCR,CA,AWP,WE,Towers with Radar,0,14,17,0,31,0,1,21,0,22,0,15,38,0,53,118,0,118,171
04/15/2022,CCR,CA,AWP,WE,Towers with Radar,0,15,24,0,39,0,15,150,0,165,0,30,174,0,204,256,0,256,460
04/16/2022,CCR,CA,AWP,WE,Towers with Radar,0,11,18,0,29,0,3,64,2,69,0,14,82,2,98,160,0,160,258
04/17/2022,CCR,CA,AWP,WE,Towers with Radar,0,4,14,0,18,0,3,99,0,102,0,7,113,0,120,122,0,122,242
04/18/2022,CCR,CA,AWP,WE,Towers with Radar,0,9,33,0,42,0,6,87,2,95,0,15,120,2,137,134,0,134,271
04/19/2022,CCR,CA,AWP,WE,Towers with Radar,0,8,40,0,48,0,11,105,0,116,0,19,145,0,164,126,0,126,290
04/20/2022,CCR,CA,AWP,WE,Towers with Radar,0,6,18,0,24,0,3,95,0,98,0,9,113,0,122,174,0,174,296
04/21/2022,CCR,CA,AWP,WE,Towers with Radar,0,10,24,3,37,0,13,43,2,58,0,23,67,5,95,128,26,154,249
04/22/2022,CCR,CA,AWP,WE,Towers with Radar,0,16,26,0,42,0,15,150,0,165,0,31,176,0,207,196,0,196,403
04/23/2022,CCR,CA,AWP,WE,Towers with Radar,0,2,19,0,21,0,13,172,1,186,0,15,191,1,207,222,0,222,429
04/24/2022,CCR,CA,AWP,WE,Towers with Radar,0,6,26,0,32,0,5,174,0,179,0,11,200,0,211,132,0,132,343
04/25/2022,CCR,CA,AWP,WE,Towers with Radar,0,8,15,0,23,0,5,131,0,136,0,13,146,0,159,238,0,238,397
04/26/2022,CCR,CA,AWP,WE,Towers with Radar,0,4,20,4,28,0,13,138,0,151,0,17,158,4,179,148,0,148,327
04/27/2022,CCR,CA,AWP,WE,Towers with Radar,0,4,14,0,18,0,9,134,0,143,0,13,148,0,161,170,0,170,331
04/28/2022,CCR,CA,AWP,WE,Towers with Radar,0,4,19,0,23,0,12,102,0,114,0,16,121,0,137,58,0,58,195
04/29/2022,CCR,CA,AWP,WE,Towers with Radar,0,8,16,0,24,0,7,143,0,150,0,15,159,0,174,200,0,200,374
04/30/2022,CCR,CA,AWP,WE,Towers with Radar,0,2,26,0,28,0,5,87,0,92,0,7,113,0,120,26,0,26,146
05/01/2022,CCR,CA,AWP,WE,Towers with Radar,0,7,38,0,45,0,6,88,0,94,0,13,126,0,139,156,0,156,295
05/02/2022,CCR,CA,AWP,WE,Towers with Radar,0,3,20,0,23,0,2,63,0,65,0,5,83,0,88,42,0,42,130
05/03/2022,CCR,CA,AWP,WE,Towers with Radar,0,6,31,0,37,0,5,152,0,157,0,11,183,0,194,336,0,336,530
05/04/2022,CCR,CA,AWP,WE,Towers with Radar,0,5,25,0,30,0,10,159,0,169,0,15,184,0,199,220,2,222,421
05/05/2022,CCR,CA,AWP,WE,Towers with Radar,0,5,25,0,30,0,8,89,0,97,0,13,114,0,127,425,0,425,552
05/06/2022,CCR,CA,AWP,WE,Towers with Radar,0,7,26,0,33,0,9,83,0,92,0,16,109,0,125,166,0,166,291
05/07/2022,CCR,CA,AWP,WE,Towers with Radar,0,3,18,1,22,0,10,93,0,103,0,13,111,1,125,154,0,154,279
05/08/2022,CCR,CA,AWP,WE,Towers with Radar,0,9,15,0,24,0,3,30,0,33,0,12,45,0,57,8,0,8,65
05/09/2022,CCR,CA,AWP,WE,Towers with Radar,0,11,11,0,22,0,8,41,0,49,0,19,52,0,71,70,0,70,141
05/10/2022,CCR,CA,AWP,WE,Towers with Radar,0,2,16,0,18,0,8,48,0,56,0,10,64,0,74,180,0,180,254
05/11/2022,CCR,CA,AWP,WE,Towers with Radar,0,2,24,0,26,0,7,112,0,119,0,9,136,0,145,160,0,160,305
05/12/2022,CCR,CA,AWP,WE,Towers with Radar,0,11,30,0,41,0,10,99,0,109,0,21,129,0,150,170,0,170,320
05/13/2022,CCR,CA,AWP,WE,Towers with Radar,0,10,22,0,32,0,5,157,0,162,0,15,179,0,194,222,0,222,416
05/14/2022,CCR,CA,AWP,WE,Towers with Radar,0,4,35,0,39,0,18,129,1,148,0,22,164,1,187,192,0,192,379
05/15/2022,CCR,CA,AWP,WE,Towers with Radar,0,11,25,0,36,0,11,120,0,131,0,22,145,0,167,128,0,128,295
05/16/2022,CCR,CA,AWP,WE,Towers with Radar,0,6,25,0,31,0,8,85,0,93,0,14,110,0,124,88,0,88,212
05/17/2022,CCR,CA,AWP,WE,Towers with Radar,0,6,22,0,28,0,11,117,0,128,0,17,139,0,156,306,0,306,462
05/18/2022,CCR,CA,AWP,WE,Towers with Radar,0,2,22,0,24,0,9,109,0,118,0,11,131,0,142,274,0,274,416
05/19/2022,CCR,CA,AWP,WE,Towers with Radar,0,8,23,0,31,0,10,90,0,100,0,18,113,0,131,112,0,112,243
05/20/2022,CCR,CA,AWP,WE,Towers with Radar,0,9,23,0,32,0,7,100,0,107,0,16,123,0,139,180,0,180,319
05/21/2022,CCR,CA,AWP,WE,Towers with Radar,0,4,26,0,30,0,13,121,1,135,0,17,147,1,165,88,0,88,253
05/22/2022,CCR,CA,AWP,WE,Towers with Radar,0,6,22,0,28,0,7,101,0,108,0,13,123,0,136,134,0,134,270
05/23/2022,CCR,CA,AWP,WE,Towers with Radar,0,7,28,0,35,0,4,84,1,89,0,11,112,1,124,70,0,70,194
05/24/2022,CCR,CA,AWP,WE,Towers with Radar,0,4,16,0,20,0,11,90,0,101,0,15,106,0,121,108,0,108,229
05/25/2022,CCR,CA,AWP,WE,Towers with Radar,0,4,10,0,14,0,4,105,0,109,0,8,115,0,123,214,0,214,337
05/26/2022,CCR,CA,AWP,WE,Towers with Radar,0,6,19,0,25,0,8,79,0,87,0,14,98,0,112,48,0,48,160
05/27/2022,CCR,CA,AWP,WE,Towers with Radar,0,7,31,0,38,0,13,87,0,100,0,20,118,0,138,148,0,148,286
05/28/2022,CCR,CA,AWP,WE,Towers with Radar,0,5,16,0,21,0,6,119,1,126,0,11,135,1,147,102,0,102,249
05/29/2022,CCR,CA,AWP,WE,Towers with Radar,0,5,14,0,19,0,9,135,0,144,0,14,149,0,163,148,0,148,311
05/30/2022,CCR,CA,AWP,WE,Towers with Radar,0,5,13,0,18,0,9,114,0,123,0,14,127,0,141,118,0,118,259
05/31/2022,CCR,CA,AWP,WE,Towers with Radar,0,11,19,0,30,0,10,112,0,122,0,21,131,0,152,112,0,112,264
06/01/2022,CCR,CA,AWP,WE,Towers with Radar,0,5,12,0,17,0,7,125,0,132,0,12,137,0,149,194,0,194,343
06/02/2022,CCR,CA,AWP,WE,Towers with Radar,0,8,43,0,51,0,3,121,0,124,0,11,164,0,175,158,0,158,333
06/03/2022,CCR,CA,AWP,WE,Towers with Radar,0,10,26,0,36,0,12,71,0,83,0,22,97,0,119,132,0,132,251
06/04/2022,CCR,CA,AWP,WE,Towers with Radar,0,11,24,0,35,0,11,109,0,120,0,22,133,0,155,130,0,130,285
06/05/2022,CCR,CA,AWP,WE,Towers with Radar,0,7,22,0,29,0,8,22,0,30,0,15,44,0,59,52,0,52,111
06/06/2022,CCR,CA,AWP,WE,Towers with Radar,0,8,23,0,31,0,7,120,0,127,0,15,143,0,158,156,0,156,314
06/07/2022,CCR,CA,AWP,WE,Towers with Radar,0,7,12,0,19,0,3,130,0,133,0,10,142,0,152,212,0,212,364
06/08/2022,CCR,CA,AWP,WE,Towers with Radar,0,2,31,0,33,0,7,135,0,142,0,9,166,0,175,156,0,156,331
06/09/2022,CCR,CA,AWP,WE,Towers with Radar,0,5,24,0,29,0,11,136,0,147,0,16,160,0,176,244,0,244,420
06/10/2022,CCR,CA,AWP,WE,Towers with Radar,0,5,28,0,33,0,10,114,0,124,0,15,142,0,157,168,0,168,325
06/11/2022,CCR,CA,AWP,WE,Towers with Radar,0,3,19,0,22,0,8,105,0,113,0,11,124,0,135,186,0,186,321
06/12/2022,CCR,CA,AWP,WE,Towers with Radar,0,7,21,0,28,0,8,64,0,72,0,15,85,0,100,90,0,90,190
06/13/2022,CCR,CA,AWP,WE,Towers with Radar,0,6,20,0,26,0,7,101,0,108,0,13,121,0,134,72,0,72,206
06/14/2022,CCR,CA,AWP,WE,Towers with Radar,0,3,18,0,21,0,14,164,0,178,0,17,182,0,199,244,0,244,443
06/15/2022,CCR,CA,AWP,WE,Towers with Radar,0,5,27,0,32,0,10,122,1,133,0,15,149,1,165,230,0,230,395
06/16/2022,CCR,CA,AWP,WE,Towers with Radar,0,10,28,0,38,0,12,147,0,159,0,22,175,0,197,254,0,254,451
06/17/2022,CCR,CA,AWP,WE,Towers with Radar,0,16,20,0,36,0,4,83,0,87,0,20,103,0,123,38,0,38,161
06/18/2022,CCR,CA,AWP,WE,Towers with Radar,0,4,15,1,20,0,13,199,0,212,0,17,214,1,232,312,0,312,544
06/19/2022,CCR,CA,AWP,WE,Towers with Radar,0,10,13,0,23,0,5,112,0,117,0,15,125,0,140,40,0,40,180
06/20/2022,CCR,CA,AWP,WE,Towers with Radar,0,9,12,0,21,0,6,112,0,118,0,15,124,0,139,216,0,216,355
06/21/2022,CCR,CA,AWP,WE,Towers with Radar,0,4,32,0,36,0,9,106,0,115,0,13,138,0,151,204,0,204,355
06/22/2022,CCR,CA,AWP,WE,Towers with Radar,0,4,30,0,34,0,10,131,0,141,0,14,161,0,175,242,0,242,417
06/23/2022,CCR,CA,AWP,WE,Towers with Radar,0,6,18,0,24,0,12,118,0,130,0,18,136,0,154,244,0,244,398
06/24/2022,CCR,CA,AWP,WE,Towers with Radar,0,7,29,0,36,0,11,127,0,138,0,18,156,0,174,210,0,210,384
06/25/2022,CCR,CA,AWP,WE,Towers with Radar,0,8,19,1,28,0,16,142,0,158,0,24,161,1,186,156,0,156,342
06/26/2022,CCR,CA,AWP,WE,Towers with Radar,0,8,24,1,33,0,6,118,0,124,0,14,142,1,157,176,0,176,333
06/27/2022,CCR,CA,AWP,WE,Towers with Radar,0,9,24,0,33,0,15,121,0,136,0,24,145,0,169,188,0,188,357
06/28/2022,CCR,CA,AWP,WE,Towers with Radar,0,8,9,0,17,0,7,103,0,110,0,15,112,0,127,232,0,232,359
06/29/2022,CCR,CA,AWP,WE,Towers with Radar,0,3,22,0,25,0,10,114,0,124,0,13,136,0,149,176,0,176,325
06/30/2022,CCR,CA,AWP,WE,Towers with Radar,0,11,25,2,38,0,9,87,0,96,0,20,112,2,134,62,0,62,196
07/01/2022,CCR,CA,AWP,WE,Towers with Radar,0,10,29,0,39,0,16,100,0,116,0,26,129,0,155,146,0,146,301
07/02/2022,CCR,CA,AWP,WE,Towers with Radar,0,5,24,1,30,0,9,49,0,58,0,14,73,1,88,68,0,68,156
07/03/2022,CCR,CA,AWP,WE,Towers with Radar,0,5,21,0,26,0,5,51,3,59,0,10,72,3,85,82,0,82,167
07/04/2022,CCR,CA,AWP,WE,Towers with Radar,0,10,11,0,21,0,10,59,0,69,0,20,70,0,90,8,0,8,98
07/05/2022,CCR,CA,AWP,WE,Towers with Radar,0,15,20,0,35,0,18,97,0,115,0,33,117,0,150,224,0,224,374
07/06/2022,CCR,CA,AWP,WE,Towers with Radar,0,4,23,0,27,0,12,82,0,94,0,16,105,0,121,190,0,190,311
07/07/2022,CCR,CA,AWP,WE,Towers with Radar,0,7,21,0,28,0,11,131,0,142,0,18,152,0,170,228,0,228,398
07/08/2022,CCR,CA,AWP,WE,Towers with Radar,0,6,32,0,38,0,13,160,0,173,0,19,192,0,211,272,0,272,483
07/09/2022,CCR,CA,AWP,WE,Towers with Radar,0,5,21,0,26,0,8,124,2,134,0,13,145,2,160,122,0,122,282
07/10/2022,CCR,CA,AWP,WE,Towers with Radar,0,6,10,0,16,0,18,140,0,158,0,24,150,0,174,234,0,234,408
07/11/2022,CCR,CA,AWP,WE,Towers with Radar,0,5,29,0,34,0,19,111,0,130,0,24,140,0,164,60,0,60,224
07/12/2022,CCR,CA,AWP,WE,Towers with Radar,0,2,27,0,29,0,10,140,0,150,0,12,167,0,179,236,0,236,415
07/13/2022,CCR,CA,AWP,WE,Towers with Radar,0,3,18,0,21,0,0,111,0,111,0,3,129,0,132,130,0,130,262
07/14/2022,CCR,CA,AWP,WE,Towers with Radar,0,6,26,0,32,0,8,126,0,134,0,14,152,0,166,154,0,154,320
07/15/2022,CCR,CA,AWP,WE,Towers with Radar,0,4,18,0,22,0,10,121,0,131,0,14,139,0,153,130,0,130,283
07/16/2022,CCR,CA,AWP,WE,Towers with Radar,0,7,16,0,23,0,6,129,2,137,0,13,145,2,160,190,0,190,350
07/17/2022,CCR,CA,AWP,WE,Towers with Radar,0,8,17,0,25,0,6,118,0,124,0,14,135,0,149,178,0,178,327
07/18/2022,CCR,CA,AWP,WE,Towers with Radar,0,4,18,0,22,0,12,129,0,141,0,16,147,0,163,102,0,102,265
07/19/2022,CCR,CA,AWP,WE,Towers with Radar,0,4,19,0,23,0,16,133,0,149,0,20,152,0,172,226,0,226,398
07/20/2022,CCR,CA,AWP,WE,Towers with Radar,0,8,23,0,31,0,10,134,0,144,0,18,157,0,175,214,0,214,389
07/21/2022,CCR,CA,AWP,WE,Towers with Radar,0,7,24,0,31,0,13,139,0,152,0,20,163,0,183,182,0,182,365
07/22/2022,CCR,CA,AWP,WE,Towers with Radar,0,4,30,0,34,0,7,121,0,128,0,11,151,0,162,138,0,138,300
07/23/2022,CCR,CA,AWP,WE,Towers with Radar,0,2,17,0,19,0,3,132,1,136,0,5,149,1,155,190,0,190,345
07/24/2022,CCR,CA,AWP,WE,Towers with Radar,0,5,11,0,16,0,8,105,0,113,0,13,116,0,129,144,0,144,273
07/25/2022,CCR,CA,AWP,WE,Towers with Radar,0,11,25,2,38,0,12,111,1,124,0,23,136,3,162,144,0,144,306
07/26/2022,CCR,CA,AWP,WE,Towers with Radar,0,1,10,0,11,0,2,68,0,70,0,3,78,0,81,94,0,94,175
07/27/2022,CCR,CA,AWP,WE,Towers with Radar,1,8,17,0,26,1,17,118,0,136,2,25,135,0,162,178,0,178,340
07/28/2022,CCR,CA,AWP,WE,Towers with Radar,0,9,23,0,32,0,11,113,0,124,0,20,136,0,156,120,0,120,276
07/29/2022,CCR,CA,AWP,WE,Towers with Radar,0,5,14,0,19,0,14,107,0,121,0,19,121,0,140,238,0,238,378
07/30/2022,CCR,CA,AWP,WE,Towers with Radar,0,5,12,0,17,0,9,118,1,128,0,14,130,1,145,152,0,152,297
07/31/2022,CCR,CA,AWP,WE,Towers with Radar,0,7,23,0,30,0,5,105,0,110,0,12,128,0,140,164,0,164,304
08/01/2022,CCR,CA,AWP,WE,Towers with Radar,0,10,10,0,20,0,8,88,0,96,0,18,98,0,116,132,0,132,248
08/02/2022,CCR,CA,AWP,WE,Towers with Radar,0,9,12,0,21,0,18,117,0,135,0,27,129,0,156,196,0,196,352
08/03/2022,CCR,CA,AWP,WE,Towers with Radar,0,9,28,0,37,0,6,138,0,144,0,15,166,0,181,150,0,150,331
08/04/2022,CCR,CA,AWP,WE,Towers with Radar,0,8,23,0,31,0,16,107,0,123,0,24,130,0,154,220,1,221,375
08/05/2022,CCR,CA,AWP,WE,Towers with Radar,0,7,26,0,33,0,17,128,0,145,0,24,154,0,178,136,0,136,314
08/06/2022,CCR,CA,AWP,WE,Towers with Radar,0,9,15,0,24,0,4,104,2,110,0,13,119,2,134,126,0,126,260
08/07/2022,CCR,CA,AWP,WE,Towers with Radar,0,13,11,1,25,0,8,105,1,114,0,21,116,2,139,88,0,88,227
08/08/2022,CCR,CA,AWP,WE,Towers with Radar,0,10,15,0,25,0,6,132,0,138,0,16,147,0,163,228,0,228,391
08/09/2022,CCR,CA,AWP,WE,Towers with Radar,0,2,17,0,19,0,12,121,0,133,0,14,138,0,152,254,0,254,406
08/10/2022,CCR,CA,AWP,WE,Towers with Radar,0,3,23,0,26,0,21,128,8,157,0,24,151,8,183,146,0,146,329
08/11/2022,CCR,CA,AWP,WE,Towers with Radar,0,7,10,0,17,0,4,104,0,108,0,11,114,0,125,150,0,150,275
08/12/2022,CCR,CA,AWP,WE,Towers with Radar,0,4,23,0,27,0,8,135,0,143,0,12,158,0,170,188,0,188,358
08/13/2022,CCR,CA,AWP,WE,Towers with Radar,0,4,27,0,31,0,7,117,0,124,0,11,144,0,155,176,0,176,331
08/14/2022,CCR,CA,AWP,WE,Towers with Radar,0,7,15,0,22,0,7,140,0,147,0,14,155,0,169,178,0,178,347
08/15/2022,CCR,CA,AWP,WE,Towers with Radar,0,11,11,0,22,0,8,111,0,119,0,19,122,0,141,202,0,202,343
08/16/2022,CCR,CA,AWP,WE,Towers with Radar,0,10,17,0,27,0,5,120,0,125,0,15,137,0,152,372,0,372,524
08/17/2022,CCR,CA,AWP,WE,Towers with Radar,0,3,15,0,18,0,5,144,0,149,0,8,159,0,167,216,0,216,383
08/18/2022,CCR,CA,AWP,WE,Towers with Radar,0,6,30,0,36,0,15,143,0,158,0,21,173,0,194,222,0,222,416
08/19/2022,CCR,CA,AWP,WE,Towers with Radar,0,8,22,0,30,0,15,123,0,138,0,23,145,0,168,206,0,206,374
08/20/2022,CCR,CA,AWP,WE,Towers with Radar,0,1,24,0,25,0,9,187,2,198,0,10,211,2,223,236,0,236,459
08/21/2022,CCR,CA,AWP,WE,Towers with Radar,0,4,19,0,23,0,7,94,0,101,0,11,113,0,124,88,0,88,212
08/22/2022,CCR,CA,AWP,WE,Towers with Radar,0,7,25,0,32,0,7,110,0,117,0,14,135,0,149,174,0,174,323
08/23/2022,CCR,CA,AWP,WE,Towers with Radar,0,7,10,0,17,0,4,124,0,128,0,11,134,0,145,262,0,262,407
08/24/2022,CCR,CA,AWP,WE,Towers with Radar,0,3,21,0,24,0,12,106,0,118,0,15,127,0,142,248,0,248,390
08/25/2022,CCR,CA,AWP,WE,Towers with Radar,0,8,35,0,43,0,9,121,0,130,0,17,156,0,173,248,0,248,421
08/26/2022,CCR,CA,AWP,WE,Towers with Radar,0,12,17,0,29,0,9,118,0,127,0,21,135,0,156,126,0,126,282
08/27/2022,CCR,CA,AWP,WE,Towers with Radar,0,4,6,0,10,0,5,114,2,121,0,9,120,2,131,158,0,158,289
08/28/2022,CCR,CA,AWP,WE,Towers with Radar,0,8,20,0,28,0,7,126,0,133,0,15,146,0,161,262,0,262,423
08/29/2022,CCR,CA,AWP,WE,Towers with Radar,0,10,24,0,34,0,13,96,0,109,0,23,120,0,143,154,0,154,297
08/30/2022,CCR,CA,AWP,WE,Towers with Radar,0,8,24,0,32,0,9,100,0,109,0,17,124,0,141,208,0,208,349
08/31/2022,CCR,CA,AWP,WE,Towers with Radar,0,12,9,0,21,0,26,134,0,160,0,38,143,0,181,198,0,198,379
09/01/2022,CCR,CA,AWP,WE,Towers with Radar,0,10,8,0,18,0,12,128,0,140,0,22,136,0,158,208,0,208,366
09/02/2022,CCR,CA,AWP,WE,Towers with Radar,0,13,15,0,28,0,5,148,0,153,0,18,163,0,181,228,0,228,409
09/03/2022,CCR,CA,AWP,WE,Towers with Radar,0,2,8,0,10,0,14,90,2,106,0,16,98,2,116,110,0,110,226
09/04/2022,CCR,CA,AWP,WE,Towers with Radar,0,6,13,0,19,0,6,91,0,97,0,12,104,0,116,80,0,80,196
09/05/2022,CCR,CA,AWP,WE,Towers with Radar,0,15,18,0,33,0,16,71,0,87,0,31,89,0,120,40,0,40,160
09/06/2022,CCR,CA,AWP,WE,Towers with Radar,0,9,13,0,22,0,9,74,0,83,0,18,87,0,105,132,0,132,237
09/07/2022,CCR,CA,AWP,WE,Towers with Radar,0,3,13,0,16,0,27,125,0,152,0,30,138,0,168,160,0,160,328
09/08/2022,CCR,CA,AWP,WE,Towers with Radar,0,9,17,0,26,0,7,83,0,90,0,16,100,0,116,258,0,258,374
09/09/2022,CCR,CA,AWP,WE,Towers with Radar,0,12,35,0,47,0,14,89,0,103,0,26,124,0,150,186,0,186,336
09/10/2022,CCR,CA,AWP,WE,Towers with Radar,0,6,18,1,25,0,5,99,1,105,0,11,117,2,130,256,0,256,386
09/11/2022,CCR,CA,AWP,WE,Towers with Radar,0,7,30,0,37,0,20,122,0,142,0,27,152,0,179,268,0,268,447
09/12/2022,CCR,CA,AWP,WE,Towers with Radar,0,3,30,0,33,0,12,108,0,120,0,15,138,0,153,234,0,234,387
09/13/2022,CCR,CA,AWP,WE,Towers with Radar,0,7,16,0,23,0,9,92,0,101,0,16,108,0,124,168,0,168,292
09/14/2022,CCR,CA,AWP,WE,Towers with Radar,0,8,23,0,31,0,7,100,0,107,0,15,123,0,138,194,0,194,332
09/15/2022,CCR,CA,AWP,WE,Towers with Radar,0,13,17,0,30,0,3,116,0,119,0,16,133,0,149,178,0,178,327
09/16/2022,CCR,CA,AWP,WE,Towers with Radar,0,6,26,0,32,0,10,130,0,140,0,16,156,0,172,196,0,196,368
09/17/2022,CCR,CA,AWP,WE,Towers with Radar,0,7,20,0,27,0,10,108,2,120,0,17,128,2,147,106,0,106,253
09/18/2022,CCR,CA,AWP,WE,Towers with Radar,0,15,15,0,30,0,5,11,1,17,0,20,26,1,47,10,0,10,57
09/19/2022,CCR,CA,AWP,WE,Towers with Radar,0,5,12,0,17,0,7,38,0,45,0,12,50,0,62,74,0,74,136
09/20/2022,CCR,CA,AWP,WE,Towers with Radar,0,4,14,0,18,0,9,62,0,71,0,13,76,0,89,174,0,174,263
09/21/2022,CCR,CA,AWP,WE,Towers with Radar,0,7,25,0,32,0,7,123,0,130,0,14,148,0,162,186,0,186,348
09/22/2022,CCR,CA,AWP,WE,Towers with Radar,0,19,22,0,41,0,8,163,0,171,0,27,185,0,212,340,0,340,552
09/23/2022,CCR,CA,AWP,WE,Towers with Radar,0,8,15,0,23,0,10,159,0,169,0,18,174,0,192,260,0,260,452
09/24/2022,CCR,CA,AWP,WE,Towers with Radar,0,4,21,0,25,0,17,160,2,179,0,21,181,2,204,154,0,154,358
09/25/2022,CCR,CA,AWP,WE,Towers with Radar,0,12,13,0,25,0,8,134,0,142,0,20,147,0,167,182,0,182,349
09/26/2022,CCR,CA,AWP,WE,Towers with Radar,0,8,25,0,33,0,16,86,0,102,0,24,111,0,135,178,0,178,313
09/27/2022,CCR,CA,AWP,WE,Towers with Radar,0,9,40,0,49,0,8,93,0,101,0,17,133,0,150,172,0,172,322
09/28/2022,CCR,CA,AWP,WE,Towers with Radar,0,9,22,0,31,0,7,139,0,146,0,16,161,0,177,154,0,154,331
09/29/2022,CCR,CA,AWP,WE,Towers with Radar,0,7,32,0,39,0,5,137,0,142,0,12,169,0,181,114,0,114,295
09/30/2022,CCR,CA,AWP,WE,Towers with Radar,0,6,14,0,20,0,9,131,0,140,0,15,145,0,160,162,0,162,322
10/01/2022,CCR,CA,AWP,WE,Towers with Radar,0,3,22,0,25,0,5,117,0,122,0,8,139,0,147,114,0,114,261
10/02/2022,CCR,CA,AWP,WE,Towers with Radar,0,9,18,0,27,0,8,108,1,117,0,17,126,1,144,92,0,92,236
10/03/2022,CCR,CA,AWP,WE,Towers with Radar,0,6,18,0,24,0,13,130,2,145,0,19,148,2,169,172,0,172,341
10/04/2022,CCR,CA,AWP,WE,Towers with Radar,0,6,19,4,29,0,10,89,0,99,0,16,108,4,128,160,0,160,288
10/05/2022,CCR,CA,AWP,WE,Towers with Radar,0,5,27,0,32,0,10,101,0,111,0,15,128,0,143,204,0,204,347
10/06/2022,CCR,CA,AWP,WE,Towers with Radar,0,13,17,0,30,0,20,97,0,117,0,33,114,0,147,141,0,141,288
10/07/2022,CCR,CA,AWP,WE,Towers with Radar,0,10,12,0,22,0,21,114,0,135,0,31,126,0,157,242,0,242,399
10/08/2022,CCR,CA,AWP,WE,Towers with Radar,0,7,12,0,19,0,12,118,1,131,0,19,130,1,150,88,0,88,238
10/09/2022,CCR,CA,AWP,WE,Towers with Radar,0,6,22,0,28,0,17,78,0,95,0,23,100,0,123,146,0,146,269
10/10/2022,CCR,CA,AWP,WE,Towers with Radar,0,6,13,0,19,0,5,91,0,96,0,11,104,0,115,104,0,104,219
10/11/2022,CCR,CA,AWP,WE,Towers with Radar,0,5,28,0,33,0,8,87,0,95,0,13,115,0,128,92,0,92,220
10/12/2022,CCR,CA,AWP,WE,Towers with Radar,0,12,19,0,31,0,10,81,0,91,0,22,100,0,122,144,0,144,266
10/13/2022,CCR,CA,AWP,WE,Towers with Radar,0,9,23,0,32,0,16,102,0,118,0,25,125,0,150,88,0,88,238
10/14/2022,CCR,CA,AWP,WE,Towers with Radar,0,9,27,0,36,0,17,106,0,123,0,26,133,0,159,134,0,134,293
10/15/2022,CCR,CA,AWP,WE,Towers with Radar,0,14,19,0,33,0,9,122,0,131,0,23,141,0,164,120,0,120,284
10/16/2022,CCR,CA,AWP,WE,Towers with Radar,0,18,36,0,54,0,9,74,0,83,0,27,110,0,137,156,0,156,293
10/17/2022,CCR,CA,AWP,WE,Towers with Radar,0,7,22,0,29,0,13,120,0,133,0,20,142,0,162,112,0,112,274
10/18/2022,CCR,CA,AWP,WE,Towers with Radar,0,10,16,0,26,0,7,140,0,147,0,17,156,0,173,85,0,85,258
10/19/2022,CCR,CA,AWP,WE,Towers with Radar,0,6,29,4,39,0,10,143,6,159,0,16,172,10,198,124,0,124,322
10/20/2022,CCR,CA,AWP,WE,Towers with Radar,0,7,41,0,48,0,7,120,0,127,0,14,161,0,175,236,0,236,411
10/21/2022,CCR,CA,AWP,WE,Towers with Radar,0,12,17,0,29,0,11,164,0,175,0,23,181,0,204,180,0,180,384
10/22/2022,CCR,CA,AWP,WE,Towers with Radar,0,4,10,0,14,0,13,108,0,121,0,17,118,0,135,98,0,98,233
10/23/2022,CCR,CA,AWP,WE,Towers with Radar,0,5,15,0,20,0,12,127,0,139,0,17,142,0,159,172,0,172,331
10/24/2022,CCR,CA,AWP,WE,Towers with Radar,0,11,24,2,37,0,23,139,0,162,0,34,163,2,199,140,0,140,339
10/25/2022,CCR,CA,AWP,WE,Towers with Radar,0,12,33,1,46,0,16,114,2,132,0,28,147,3,178,142,0,142,320
10/26/2022,CCR,CA,AWP,WE,Towers with Radar,0,9,36,0,45,0,12,133,0,145,0,21,169,0,190,144,0,144,334
10/27/2022,CCR,CA,AWP,WE,Towers with Radar,0,5,26,0,31,0,11,135,0,146,0,16,161,0,177,232,0,232,409
10/28/2022,CCR,CA,AWP,WE,Towers with Radar,0,13,28,0,41,0,8,175,0,183,0,21,203,0,224,322,0,322,546
10/29/2022,CCR,CA,AWP,WE,Towers with Radar,0,11,21,0,32,0,7,69,0,76,0,18,90,0,108,148,0,148,256
10/30/2022,CCR,CA,AWP,WE,Towers with Radar,0,13,21,0,34,0,12,83,0,95,0,25,104,0,129,102,0,102,231
10/31/2022,CCR,CA,AWP,WE,Towers with Radar,0,6,21,2,29,0,8,115,0,123,0,14,136,2,152,232,0,232,384
11/01/2022,CCR,CA,AWP,WE,Towers with Radar,0,2,19,4,25,0,5,12,1,18,0,7,31,5,43,12,4,16,59
11/02/2022,CCR,CA,AWP,WE,Towers with Radar,0,7,19,0,26,0,7,85,4,96,0,14,104,4,122,192,0,192,314
11/03/2022,CCR,CA,AWP,WE,Towers with Radar,0,8,24,0,32,0,14,128,2,144,0,22,152,2,176,190,2,192,368
11/04/2022,CCR,CA,AWP,WE,Towers with Radar,0,9,19,0,28,0,10,137,0,147,0,19,156,0,175,168,2,170,345
11/05/2022,CCR,CA,AWP,WE,Towers with Radar,0,10,16,0,26,0,4,25,0,29,0,14,41,0,55,26,0,26,81
11/06/2022,CCR,CA,AWP,WE,Towers with Radar,0,7,19,0,26,0,7,88,0,95,0,14,107,0,121,140,0,140,261
11/07/2022,CCR,CA,AWP,WE,Towers with Radar,0,9,36,0,45,0,3,39,0,42,0,12,75,0,87,86,0,86,173
11/08/2022,CCR,CA,AWP,WE,Towers with Radar,0,2,11,0,13,0,0,15,0,15,0,2,26,0,28,32,0,32,60
11/09/2022,CCR,CA,AWP,WE,Towers with Radar,0,2,20,1,23,0,15,90,4,109,0,17,110,5,132,140,34,174,306
11/10/2022,CCR,CA,AWP,WE,Towers with Radar,0,6,29,3,38,0,14,120,0,134,0,20,149,3,172,187,0,187,359
11/11/2022,CCR,CA,AWP,WE,Towers with Radar,0,8,15,0,23,0,11,153,0,164,0,19,168,0,187,234,0,234,421
11/12/2022,CCR,CA,AWP,WE,Towers with Radar,0,6,14,0,20,0,13,90,1,104,0,19,104,1,124,150,0,150,274
11/13/2022,CCR,CA,AWP,WE,Towers with Radar,0,10,25,0,35,0,9,124,0,133,0,19,149,0,168,116,0,116,284
11/14/2022,CCR,CA,AWP,WE,Towers with Radar,0,16,9,0,25,0,5,94,0,99,0,21,103,0,124,200,0,200,324
11/15/2022,CCR,CA,AWP,WE,Towers with Radar,0,9,11,0,20,0,4,102,0,106,0,13,113,0,126,144,0,144,270
11/16/2022,CCR,CA,AWP,WE,Towers with Radar,0,7,17,0,24,0,10,120,0,130,0,17,137,0,154,176,0,176,330
11/17/2022,CCR,CA,AWP,WE,Towers with Radar,0,9,29,0,38,0,9,113,1,123,0,18,142,1,161,178,0,178,339
11/18/2022,CCR,CA,AWP,WE,Towers with Radar,0,15,23,0,38,0,8,125,0,133,0,23,148,0,171,188,0,188,359
11/19/2022,CCR,CA,AWP,WE,Towers with Radar,0,9,14,0,23,0,9,120,0,129,0,18,134,0,152,138,0,138,290
11/20/2022,CCR,CA,AWP,WE,Towers with Radar,0,7,24,0,31,0,13,108,0,121,0,20,132,0,152,154,0,154,306
11/21/2022,CCR,CA,AWP,WE,Towers with Radar,0,13,14,0,27,0,7,119,0,126,0,20,133,0,153,172,0,172,325
11/22/2022,CCR,CA,AWP,WE,Towers with Radar,0,8,17,0,25,0,9,105,1,115,0,17,122,1,140,236,0,236,376
11/23/2022,CCR,CA,AWP,WE,Towers with Radar,0,12,20,0,32,0,3,143,0,146,0,15,163,0,178,168,0,168,346
11/24/2022,CCR,CA,AWP,WE,Towers with Radar,0,3,0,0,3,0,7,41,0,48,0,10,41,0,51,22,0,22,73
11/25/2022,CCR,CA,AWP,WE,Towers with Radar,0,9,18,0,27,0,3,104,0,107,0,12,122,0,134,142,0,142,276
11/26/2022,CCR,CA,AWP,WE,Towers with Radar,0,8,21,0,29,0,9,100,0,109,0,17,121,0,138,92,0,92,230
11/27/2022,CCR,CA,AWP,WE,Towers with Radar,0,10,24,1,35,0,9,116,0,125,0,19,140,1,160,126,0,126,286
11/28/2022,CCR,CA,AWP,WE,Towers with Radar,0,3,18,0,21,0,3,54,0,57,0,6,72,0,78,76,0,76,154
11/29/2022,CCR,CA,AWP,WE,Towers with Radar,0,8,31,0,39,0,10,136,0,146,0,18,167,0,185,132,0,132,317
11/30/2022,CCR,CA,AWP,WE,Towers with Radar,0,5,24,0,29,0,11,138,0,149,0,16,162,0,178,182,0,182,360
12/01/2022,CCR,CA,AWP,WE,Towers with Radar,0,11,9,0,20,0,2,9,0,11,0,13,18,0,31,30,0,30,61
12/02/2022,CCR,CA,AWP,WE,Towers with Radar,0,7,23,0,30,0,6,126,0,132,0,13,149,0,162,174,0,174,336
12/03/2022,CCR,CA,AWP,WE,Towers with Radar,0,5,15,0,20,0,0,0,0,0,0,5,15,0,20,0,0,0,20
12/04/2022,CCR,CA,AWP,WE,Towers with Radar,0,9,17,0,26,0,1,42,0,43,0,10,59,0,69,152,0,152,221
12/05/2022,CCR,CA,AWP,WE,Towers with Radar,0,9,22,0,31,0,1,36,0,37,0,10,58,0,68,90,0,90,158
12/06/2022,CCR,CA,AWP,WE,Towers with Radar,0,2,19,0,21,0,12,41,0,53,0,14,60,0,74,60,0,60,134
12/07/2022,CCR,CA,AWP,WE,Towers with Radar,0,5,46,0,51,0,12,146,0,158,0,17,192,0,209,162,0,162,371
12/08/2022,CCR,CA,AWP,WE,Towers with Radar,0,11,16,0,27,0,3,77,0,80,0,14,93,0,107,204,0,204,311
12/09/2022,CCR,CA,AWP,WE,Towers with Radar,0,8,29,0,37,0,19,88,0,107,0,27,117,0,144,252,0,252,396
12/10/2022,CCR,CA,AWP,WE,Towers with Radar,0,5,5,0,10,0,3,1,0,4,0,8,6,0,14,8,0,8,22
12/11/2022,CCR,CA,AWP,WE,Towers with Radar,0,9,13,0,22,0,5,52,0,57,0,14,65,0,79,160,0,160,239
12/12/2022,CCR,CA,AWP,WE,Towers with Radar,0,8,26,0,34,0,9,118,0,127,0,17,144,0,161,150,0,150,311
12/13/2022,CCR,CA,AWP,WE,Towers with Radar,0,4,23,0,27,0,8,141,0,149,0,12,164,0,176,252,0,252,428
12/14/2022,CCR,CA,AWP,WE,Towers with Radar,0,4,16,0,20,0,14,125,0,139,0,18,141,0,159,200,0,200,359
12/15/2022,CCR,CA,AWP,WE,Towers with Radar,0,7,20,0,27,0,6,126,0,132,0,13,146,0,159,216,0,216,375
12/16/2022,CCR,CA,AWP,WE,Towers with Radar,0,11,10,0,21,0,5,108,0,113,0,16,118,0,134,210,0,210,344
12/17/2022,CCR,CA,AWP,WE,Towers with Radar,0,7,12,0,19,0,10,115,0,125,0,17,127,0,144,168,0,168,312
12/18/2022,CCR,CA,AWP,WE,Towers with Radar,0,6,18,0,24,0,2,37,0,39,0,8,55,0,63,40,0,40,103
12/19/2022,CCR,CA,AWP,WE,Towers with Radar,0,14,28,0,42,0,0,0,0,0,0,14,28,0,42,0,0,0,42
12/20/2022,CCR,CA,AWP,WE,Towers with Radar,0,7,19,0,26,0,10,71,0,81,0,17,90,0,107,108,0,108,215
12/21/2022,CCR,CA,AWP,WE,Towers with Radar,0,10,34,0,44,0,21,82,0,103,0,31,116,0,147,148,0,148,295
12/22/2022,CCR,CA,AWP,WE,Towers with Radar,0,10,26,0,36,0,2,22,0,24,0,12,48,0,60,80,0,80,140
12/23/2022,CCR,CA,AWP,WE,Towers with Radar,0,15,24,0,39,0,10,75,0,85,0,25,99,0,124,190,0,190,314
12/24/2022,CCR,CA,AWP,WE,Towers with Radar,0,5,18,0,23,0,5,40,0,45,0,10,58,0,68,72,0,72,140
12/25/2022,CCR,CA,AWP,WE,Towers with Radar,0,5,6,0,11,0,0,0,0,0,0,5,6,0,11,0,0,0,11
12/26/2022,CCR,CA,AWP,WE,Towers with Radar,0,9,31,0,40,0,0,1,0,1,0,9,32,0,41,0,0,0,41
12/27/2022,CCR,CA,AWP,WE,Towers with Radar,0,11,24,0,35,0,4,11,0,15,0,15,35,0,50,0,0,0,50
12/28/2022,CCR,CA,AWP,WE,Towers with Radar,0,6,31,2,39,0,17,96,0,113,0,23,127,2,152,284,0,284,436
12/29/2022,CCR,CA,AWP,WE,Towers with Radar,0,8,19,0,27,0,1,2,0,3,0,9,21,0,30,0,0,0,30
12/30/2022,CCR,CA,AWP,WE,Towers with Radar,0,8,14,0,22,0,0,0,0,0,0,8,14,0,22,0,0,0,22
12/31/2022,CCR,CA,AWP,WE,Towers with Radar,0,3,4,0,7,0,0,0,0,0,0,3,4,0,7,0,0,0,7
01/01/2023,CCR,CA,AWP,WE,Towers with Radar,0,5,8,0,13,0,9,94,0,103,0,14,102,0,116,178,0,178,294
01/02/2023,CCR,CA,AWP,WE,Towers with Radar,0,10,21,0,31,0,3,14,0,17,0,13,35,0,48,22,0,22,70
01/03/2023,CCR,CA,AWP,WE,Towers with Radar,0,15,13,0,28,0,0,0,0,0,0,15,13,0,28,0,0,0,28
01/04/2023,CCR,CA,AWP,WE,Towers with Radar,0,5,3,0,8,0,0,1,1,2,0,5,4,1,10,0,0,0,10
01/05/2023,CCR,CA,AWP,WE,Towers with Radar,0,11,5,0,16,0,3,4,0,7,0,14,9,0,23,0,0,0,23
01/06/2023,CCR,CA,AWP,WE,Towers with Radar,0,12,18,0,30,0,9,93,0,102,0,21,111,0,132,334,0,334,466
01/07/2023,CCR,CA,AWP,WE,Towers with Radar,0,5,9,0,14,0,3,8,1,12,0,8,17,1,26,28,0,28,54
01/08/2023,CCR,CA,AWP,WE,Towers with Radar,0,7,23,0,30,0,10,80,0,90,0,17,103,0,120,186,0,186,306
01/09/2023,CCR,CA,AWP,WE,Towers with Radar,0,8,16,2,26,0,8,25,0,33,0,16,41,2,59,56,0,56,115
01/10/2023,CCR,CA,AWP,WE,Towers with Radar,0,4,8,0,12,0,1,4,0,5,0,5,12,0,17,0,0,0,17
01/11/2023,CCR,CA,AWP,WE,Towers with Radar,0,7,17,0,24,0,2,13,0,15,0,9,30,0,39,28,0,28,67
01/12/2023,CCR,CA,AWP,WE,Towers with Radar,0,9,38,0,47,0,19,105,0,124,0,28,143,0,171,144,0,144,315
01/13/2023,CCR,CA,AWP,WE,Towers with Radar,0,12,27,0,39,0,3,2,0,5,0,15,29,0,44,0,0,0,44
01/14/2023,CCR,CA,AWP,WE,Towers with Radar,0,8,6,0,14,0,4,3,0,7,0,12,9,0,21,24,0,24,45
01/15/2023,CCR,CA,AWP,WE,Towers with Radar,0,10,15,0,25,0,1,13,0,14,0,11,28,0,39,62,0,62,101
01/16/2023,CCR,CA,AWP,WE,Towers with Radar,0,10,15,0,25,0,3,43,0,46,0,13,58,0,71,24,0,24,95
01/17/2023,CCR,CA,AWP,WE,Towers with Radar,0,3,27,0,30,0,14,135,0,149,0,17,162,0,179,206,0,206,385
01/18/2023,CCR,CA,AWP,WE,Towers with Radar,0,12,21,0,33,0,11,91,0,102,0,23,112,0,135,212,0,212,347
01/19/2023,CCR,CA,AWP,WE,Towers with Radar,0,11,20,0,31,0,5,103,0,108,0,16,123,0,139,216,0,216,355
01/20/2023,CCR,CA,AWP,WE,Towers with Radar,0,9,16,0,25,0,10,144,0,154,0,19,160,0,179,154,0,154,333
01/21/2023,CCR,CA,AWP,WE,Towers with Radar,0,5,20,0,25,0,7,169,2,178,0,12,189,2,203,174,0,174,377
01/22/2023,CCR,CA,AWP,WE,Towers with Radar,0,18,21,1,40,0,5,89,0,94,0,23,110,1,134,138,2,140,274
01/23/2023,CCR,CA,AWP,WE,Towers with Radar,0,10,7,0,17,0,7,87,0,94,0,17,94,0,111,180,0,180,291
01/24/2023,CCR,CA,AWP,WE,Towers with Radar,0,9,11,0,20,0,6,149,0,155,0,15,160,0,175,154,0,154,329
01/25/2023,CCR,CA,AWP,WE,Towers with Radar,0,6,21,0,27,0,4,125,0,129,0,10,146,0,156,144,0,144,300
01/26/2023,CCR,CA,AWP,WE,Towers with Radar,0,13,10,0,23,0,6,136,0,142,0,19,146,0,165,136,0,136,301
01/27/2023,CCR,CA,AWP,WE,Towers with Radar,0,8,20,0,28,0,11,120,0,131,0,19,140,0,159,220,0,220,379
01/28/2023,CCR,CA,AWP,WE,Towers with Radar,0,2,23,0,25,0,12,99,2,113,0,14,122,2,138,200,0,200,338
01/29/2023,CCR,CA,AWP,WE,Towers with Radar,0,6,15,0,21,0,4,24,0,28,0,10,39,0,49,46,0,46,95
01/30/2023,CCR,CA,AWP,WE,Towers with Radar,0,9,20,0,29,0,7,102,0,109,0,16,122,0,138,208,0,208,346
01/31/2023,CCR,CA,AWP,WE,Towers with Radar,0,5,20,0,25,0,6,106,1,113,0,11,126,1,138,198,0,198,336
02/01/2023,CCR,CA,AWP,WE,Towers with Radar,0,6,5,0,11,0,6,138,0,144,0,12,143,0,155,258,0,258,413
02/02/2023,CCR,CA,AWP,WE,Towers with Radar,0,10,36,0,46,0,17,102,0,119,0,27,138,0,165,216,0,216,381
02/03/2023,CCR,CA,AWP,WE,Towers with Radar,0,12,14,0,26,0,5,18,0,23,0,17,32,0,49,48,0,48,97
02/04/2023,CCR,CA,AWP,WE,Towers with Radar,0,5,15,0,20,0,2,27,0,29,0,7,42,0,49,118,0,118,167
02/05/2023,CCR,CA,AWP,WE,Towers with Radar,0,11,11,0,22,0,5,32,0,37,0,16,43,0,59,66,0,66,125
02/06/2023,CCR,CA,AWP,WE,Towers with Radar,0,10,23,0,33,0,6,125,0,131,0,16,148,0,164,274,0,274,438
02/07/2023,CCR,CA,AWP,WE,Towers with Radar,0,4,9,0,13,0,8,109,0,117,0,12,118,0,130,204,0,204,334
02/08/2023,CCR,CA,AWP,WE,Towers with Radar,0,4,23,0,27,0,7,145,0,152,0,11,168,0,179,216,0,216,395
02/09/2023,CCR,CA,AWP,WE,Towers with Radar,0,8,24,0,32,0,6,125,0,131,0,14,149,0,163,232,0,232,395
02/10/2023,CCR,CA,AWP,WE,Towers with Radar,0,9,28,0,37,0,10,73,0,83,0,19,101,0,120,42,0,42,162
02/11/2023,CCR,CA,AWP,WE,Towers with Radar,0,6,13,2,21,0,1,52,0,53,0,7,65,2,74,226,0,226,300
02/12/2023,CCR,CA,AWP,WE,Towers with Radar,0,7,24,0,31,0,5,132,0,137,0,12,156,0,168,230,0,230,398
02/13/2023,CCR,CA,AWP,WE,Towers with Radar,0,13,21,0,34,0,11,99,0,110,0,24,120,0,144,128,0,128,272
02/14/2023,CCR,CA,AWP,WE,Towers with Radar,0,7,11,0,18,0,5,33,0,38,0,12,44,0,56,14,0,14,70
02/15/2023,CCR,CA,AWP,WE,Towers with Radar,0,4,26,0,30,0,12,131,0,143,0,16,157,0,173,220,0,220,393
02/16/2023,CCR,CA,AWP,WE,Towers with Radar,0,16,22,0,38,0,9,106,0,115,0,25,128,0,153,106,0,106,259
02/17/2023,CCR,CA,AWP,WE,Towers with Radar,0,12,25,0,37,0,7,116,1,124,0,19,141,1,161,166,0,166,327
02/18/2023,CCR,CA,AWP,WE,Towers with Radar,0,2,18,1,21,0,7,125,5,137,0,9,143,6,158,150,0,150,308
02/19/2023,CCR,CA,AWP,WE,Towers with Radar,0,8,26,0,34,0,8,136,0,144,0,16,162,0,178,186,0,186,364
02/20/2023,CCR,CA,AWP,WE,Towers with Radar,0,9,26,0,35,0,7,138,0,145,0,16,164,0,180,272,0,272,452
02/21/2023,CCR,CA,AWP,WE,Towers with Radar,0,5,8,0,13,0,8,11,4,23,0,13,19,4,36,2,0,2,38
02/22/2023,CCR,CA,AWP,WE,Towers with Radar,0,2,24,0,26,0,2,36,0,38,0,4,60,0,64,22,0,22,86
02/23/2023,CCR,CA,AWP,WE,Towers with Radar,0,15,11,0,26,0,2,33,0,35,0,17,44,0,61,58,0,58,119
02/24/2023,CCR,CA,AWP,WE,Towers with Radar,0,9,7,0,16,0,3,21,0,24,0,12,28,0,40,50,0,50,90
02/25/2023,CCR,CA,AWP,WE,Towers with Radar,0,5,14,0,19,0,10,28,0,38,0,15,42,0,57,148,0,148,205
02/26/2023,CCR,CA,AWP,WE,Towers with Radar,0,11,13,0,24,0,0,9,0,9,0,11,22,0,33,22,0,22,55
02/27/2023,CCR,CA,AWP,WE,Towers with Radar,0,8,2,0,10,0,5,4,0,9,0,13,6,0,19,2,0,2,21
02/28/2023,CCR,CA,AWP,WE,Towers with Radar,0,4,10,0,14,0,2,2,0,4,0,6,12,0,18,6,0,6,24
03/01/2023,CCR,CA,AWP,WE,Towers with Radar,0,9,20,0,29,0,9,100,0,109,0,18,120,0,138,114,0,114,252
03/02/2023,CCR,CA,AWP,WE,Towers with Radar,0,9,39,0,48,0,7,144,0,151,0,16,183,0,199,200,0,200,399
03/03/2023,CCR,CA,AWP,WE,Towers with Radar,0,9,23,0,32,0,11,116,0,127,0,20,139,0,159,153,0,153,312
03/04/2023,CCR,CA,AWP,WE,Towers with Radar,0,3,12,0,15,0,8,19,0,27,0,11,31,0,42,24,0,24,66
03/05/2023,CCR,CA,AWP,WE,Towers with Radar,0,11,11,0,22,0,9,48,0,57,0,20,59,0,79,218,0,218,297
03/06/2023,CCR,CA,AWP,WE,Towers with Radar,0,8,6,0,14,0,0,30,1,31,0,8,36,1,45,124,0,124,169
03/07/2023,CCR,CA,AWP,WE,Towers with Radar,0,3,20,0,23,0,10,81,0,91,0,13,101,0,114,156,0,156,270
03/08/2023,CCR,CA,AWP,WE,Towers with Radar,0,5,19,2,26,0,18,115,0,133,0,23,134,2,159,192,6,198,357
03/09/2023,CCR,CA,AWP,WE,Towers with Radar,0,10,20,2,32,0,0,19,0,19,0,10,39,2,51,8,0,8,59
03/10/2023,CCR,CA,AWP,WE,Towers with Radar,0,11,17,0,28,0,4,53,0,57,0,15,70,0,85,126,0,126,211
03/11/2023,CCR,CA,AWP,WE,Towers with Radar,0,8,29,0,37,0,0,2,0,2,0,8,31,0,39,10,0,10,49
03/12/2023,CCR,CA,AWP,WE,Towers with Radar,0,10,24,0,34,0,3,10,0,13,0,13,34,0,47,2,0,2,49
03/13/2023,CCR,CA,AWP,WE,Towers with Radar,0,11,19,0,30,0,1,48,0,49,0,12,67,0,79,92,0,92,171
03/14/2023,CCR,CA,AWP,WE,Towers with Radar,0,4,10,0,14,0,2,1,0,3,0,6,11,0,17,0,0,0,17
03/15/2023,CCR,CA,AWP,WE,Towers with Radar,0,10,30,0,40,0,12,120,1,133,0,22,150,1,173,206,0,206,379
03/16/2023,CCR,CA,AWP,WE,Towers with Radar,0,14,32,0,46,0,15,144,0,159,0,29,176,0,205,68,0,68,273
03/17/2023,CCR,CA,AWP,WE,Towers with Radar,0,8,25,0,33,0,10,124,0,134,0,18,149,0,167,190,0,190,357
03/18/2023,CCR,CA,AWP,WE,Towers with Radar,0,8,23,0,31,0,13,114,2,129,0,21,137,2,160,190,0,190,350
03/19/2023,CCR,CA,AWP,WE,Towers with Radar,0,14,25,1,40,0,0,0,0,0,0,14,25,1,40,0,0,0,40
03/20/2023,CCR,CA,AWP,WE,Towers with Radar,0,14,15,0,29,0,7,65,0,72,0,21,80,0,101,200,0,200,301
03/21/2023,CCR,CA,AWP,WE,Towers with Radar,0,4,3,0,7,0,0,0,0,0,0,4,3,0,7,0,0,0,7
03/22/2023,CCR,CA,AWP,WE,Towers with Radar,0,2,11,0,13,0,5,45,0,50,0,7,56,0,63,188,0,188,251
03/23/2023,CCR,CA,AWP,WE,Towers with Radar,0,13,26,0,39,0,10,81,0,91,0,23,107,0,130,96,0,96,226
03/24/2023,CCR,CA,AWP,WE,Towers with Radar,0,12,28,0,40,0,15,94,0,109,0,27,122,0,149,180,0,180,329
03/25/2023,CCR,CA,AWP,WE,Towers with Radar,0,4,22,0,26,0,8,145,0,153,0,12,167,0,179,192,0,192,371
03/26/2023,CCR,CA,AWP,WE,Towers with Radar,0,10,34,0,44,0,3,168,0,171,0,13,202,0,215,224,0,224,439
03/27/2023,CCR,CA,AWP,WE,Towers with Radar,0,11,24,0,35,0,9,101,0,110,0,20,125,0,145,254,0,254,399
03/28/2023,CCR,CA,AWP,WE,Towers with Radar,0,3,11,0,14,0,6,0,0,6,0,9,11,0,20,0,0,0,20
03/29/2023,CCR,CA,AWP,WE,Towers with Radar,0,7,11,0,18,0,0,1,0,1,0,7,12,0,19,10,0,10,29
03/30/2023,CCR,CA,AWP,WE,Towers with Radar,0,14,31,0,45,0,11,116,1,128,0,25,147,1,173,222,0,222,395
03/31/2023,CCR,CA,AWP,WE,Towers with Radar,0,8,25,0,33,0,20,132,0,152,0,28,157,0,185,180,0,180,365
04/01/2023,CCR,CA,AWP,WE,Towers with Radar,0,4,18,0,22,0,6,125,0,131,0,10,143,0,153,130,0,130,283
04/02/2023,CCR,CA,AWP,WE,Towers with Radar,0,20,29,0,49,0,4,71,0,75,0,24,100,0,124,64,0,64,188
04/03/2023,CCR,CA,AWP,WE,Towers with Radar,0,10,13,0,23,0,2,59,0,61,0,12,72,0,84,38,0,38,122
04/04/2023,CCR,CA,AWP,WE,Towers with Radar,0,6,26,0,32,0,4,135,1,140,0,10,161,1,172,214,0,214,386
04/05/2023,CCR,CA,AWP,WE,Towers with Radar,0,7,25,0,32,0,7,166,0,173,0,14,191,0,205,212,0,212,417
04/06/2023,CCR,CA,AWP,WE,Towers with Radar,0,17,34,0,51,0,6,153,0,159,0,23,187,0,210,268,0,268,478
04/07/2023,CCR,CA,AWP,WE,Towers with Radar,0,9,20,0,29,0,5,11,0,16,0,14,31,0,45,80,0,80,125
04/08/2023,CCR,CA,AWP,WE,Towers with Radar,0,4,21,0,25,0,8,116,0,124,0,12,137,0,149,108,0,108,257
04/09/2023,CCR,CA,AWP,WE,Towers with Radar,0,8,17,0,25,0,2,89,0,91,0,10,106,0,116,92,0,92,208
04/10/2023,CCR,CA,AWP,WE,Towers with Radar,0,12,33,0,45,0,11,111,0,122,0,23,144,0,167,160,0,160,327
04/11/2023,CCR,CA,AWP,WE,Towers with Radar,0,10,32,0,42,0,6,91,0,97,0,16,123,0,139,98,0,98,237
04/12/2023,CCR,CA,AWP,WE,Towers with Radar,0,9,22,0,31,0,7,112,0,119,0,16,134,0,150,124,0,124,274
04/13/2023,CCR,CA,AWP,WE,Towers with Radar,0,11,46,0,57,0,10,108,0,118,0,21,154,0,175,306,0,306,481
04/14/2023,CCR,CA,AWP,WE,Towers with Radar,0,14,22,0,36,0,12,123,0,135,0,26,145,0,171,128,0,128,299
04/15/2023,CCR,CA,AWP,WE,Towers with Radar,0,12,22,0,34,0,7,146,2,155,0,19,168,2,189,114,0,114,303
04/16/2023,CCR,CA,AWP,WE,Towers with Radar,0,11,19,0,30,0,8,111,0,119,0,19,130,0,149,170,0,170,319
04/17/2023,CCR,CA,AWP,WE,Towers with Radar,0,11,15,0,26,0,5,60,0,65,0,16,75,0,91,78,0,78,169
04/18/2023,CCR,CA,AWP,WE,Towers with Radar,0,7,38,1,46,0,3,98,0,101,0,10,136,1,147,192,0,192,339
04/19/2023,CCR,CA,AWP,WE,Towers with Radar,0,6,19,2,27,0,8,152,0,160,0,14,171,2,187,256,0,256,443
04/20/2023,CCR,CA,AWP,WE,Towers with Radar,0,11,23,0,34,0,12,111,0,123,0,23,134,0,157,176,0,176,333
04/21/2023,CCR,CA,AWP,WE,Towers with Radar,0,5,30,0,35,0,2,122,0,124,0,7,152,0,159,244,0,244,403
04/22/2023,CCR,CA,AWP,WE,Towers with Radar,0,10,27,0,37,0,20,116,0,136,0,30,143,0,173,174,0,174,347
04/23/2023,CCR,CA,AWP,WE,Towers with Radar,0,6,23,0,29,0,3,116,0,119,0,9,139,0,148,120,0,120,268
04/24/2023,CCR,CA,AWP,WE,Towers with Radar,0,12,16,0,28,0,11,90,0,101,0,23,106,0,129,240,0,240,369
04/25/2023,CCR,CA,AWP,WE,Towers with Radar,0,7,40,0,47,0,7,105,0,112,0,14,145,0,159,140,0,140,299
04/26/2023,CCR,CA,AWP,WE,Towers with Radar,0,9,23,0,32,0,9,142,0,151,0,18,165,0,183,216,0,216,399
04/27/2023,CCR,CA,AWP,WE,Towers with Radar,0,10,29,0,39,0,7,151,0,158,0,17,180,0,197,198,0,198,395
04/28/2023,CCR,CA,AWP,WE,Towers with Radar,0,7,35,0,42,0,8,118,0,126,0,15,153,0,168,202,1,203,371
04/29/2023,CCR,CA,AWP,WE,Towers with Radar,0,4,22,0,26,0,17,104,0,121,0,21,126,0,147,128,0,128,275
04/30/2023,CCR,CA,AWP,WE,Towers with Radar,0,12,24,0,36,0,6,102,0,108,0,18,126,0,144,54,0,54,198
05/01/2023,CCR,CA,AWP,WE,Towers with Radar,0,12,33,0,45,0,6,20,0,26,0,18,53,0,71,54,0,54,125
05/02/2023,CCR,CA,AWP,WE,Towers with Radar,0,9,11,0,20,0,7,17,0,24,0,16,28,0,44,100,0,100,144
05/03/2023,CCR,CA,AWP,WE,Towers with Radar,0,4,18,0,22,0,8,40,0,48,0,12,58,0,70,112,0,112,182
05/04/2023,CCR,CA,AWP,WE,Towers with Radar,0,10,26,0,36,0,7,66,0,73,0,17,92,0,109,256,0,256,365
05/05/2023,CCR,CA,AWP,WE,Towers with Radar,0,13,28,0,41,0,7,93,0,100,0,20,121,0,141,232,0,232,373
05/06/2023,CCR,CA,AWP,WE,Towers with Radar,0,9,21,0,30,0,7,27,0,34,0,16,48,0,64,32,0,32,96
05/07/2023,CCR,CA,AWP,WE,Towers with Radar,0,9,24,0,33,0,6,99,0,105,0,15,123,0,138,194,0,194,332
05/08/2023,CCR,CA,AWP,WE,Towers with Radar,0,7,21,0,28,0,8,44,0,52,0,15,65,0,80,138,0,138,218
05/09/2023,CCR,CA,AWP,WE,Towers with Radar,0,8,27,0,35,0,8,145,0,153,0,16,172,0,188,270,0,270,458
05/10/2023,CCR,CA,AWP,WE,Towers with Radar,0,4,22,0,26,0,7,124,0,131,0,11,146,0,157,218,0,218,375
05/11/2023,CCR,CA,AWP,WE,Towers with Radar,0,15,49,0,64,0,10,143,0,153,0,25,192,0,217,200,0,200,417
05/12/2023,CCR,CA,AWP,WE,Towers with Radar,0,20,28,0,48,0,15,154,0,169,0,35,182,0,217,186,0,186,403
05/13/2023,CCR,CA,AWP,WE,Towers with Radar,0,8,27,0,35,0,14,154,2,170,0,22,181,2,205,100,0,100,305
05/14/2023,CCR,CA,AWP,WE,Towers with Radar,0,15,9,0,24,0,7,110,0,117,0,22,119,0,141,152,0,152,293
05/15/2023,CCR,CA,AWP,WE,Towers with Radar,0,13,32,0,45,0,4,127,0,131,0,17,159,0,176,116,0,116,292
05/16/2023,CCR,CA,AWP,WE,Towers with Radar,0,3,25,0,28,0,7,121,0,128,0,10,146,0,156,228,0,228,384
05/17/2023,CCR,CA,AWP,WE,Towers with Radar,0,7,31,0,38,0,3,123,0,126,0,10,154,0,164,202,0,202,366
05/18/2023,CCR,CA,AWP,WE,Towers with Radar,0,22,33,2,57,0,5,117,12,134,0,27,150,14,191,196,0,196,387
05/19/2023,CCR,CA,AWP,WE,Towers with Radar,0,16,19,0,35,0,8,116,0,124,0,24,135,0,159,206,0,206,365
05/20/2023,CCR,CA,AWP,WE,Towers with Radar,0,6,20,0,26,0,9,140,0,149,0,15,160,0,175,54,0,54,229
05/21/2023,CCR,CA,AWP,WE,Towers with Radar,0,20,12,0,32,0,7,115,0,122,0,27,127,0,154,150,4,154,308
05/22/2023,CCR,CA,AWP,WE,Towers with Radar,0,15,26,0,41,0,9,80,0,89,0,24,106,0,130,78,0,78,208
05/23/2023,CCR,CA,AWP,WE,Towers with Radar,0,9,19,0,28,0,6,99,0,105,0,15,118,0,133,110,0,110,243
05/24/2023,CCR,CA,AWP,WE,Towers with Radar,0,5,31,0,36,0,6,135,0,141,0,11,166,0,177,230,0,230,407
05/25/2023,CCR,CA,AWP,WE,Towers with Radar,0,24,28,0,52,0,9,79,0,88,0,33,107,0,140,138,0,138,278
05/26/2023,CCR,CA,AWP,WE,Towers with Radar,0,16,25,0,41,0,17,84,0,101,0,33,109,0,142,106,0,106,248
05/27/2023,CCR,CA,AWP,WE,Towers with Radar,0,5,34,0,39,0,11,76,0,87,0,16,110,0,126,112,0,112,238
05/28/2023,CCR,CA,AWP,WE,Towers with Radar,0,16,17,0,33,0,8,53,0,61,0,24,70,0,94,120,0,120,214
05/29/2023,CCR,CA,AWP,WE,Towers with Radar,0,15,15,0,30,0,13,88,0,101,0,28,103,0,131,40,0,40,171
05/30/2023,CCR,CA,AWP,WE,Towers with Radar,0,10,11,0,21,0,0,93,0,93,0,10,104,0,114,102,0,102,216
05/31/2023,CCR,CA,AWP,WE,Towers with Radar,0,10,13,0,23,0,13,110,0,123,0,23,123,0,146,268,0,268,414
06/01/2023,CCR,CA,AWP,WE,Towers with Radar,0,12,16,0,28,0,11,122,0,133,0,23,138,0,161,158,0,158,319
06/02/2023,CCR,CA,AWP,WE,Towers with Radar,0,19,26,0,45,0,6,106,0,112,0,25,132,0,157,138,0,138,295
06/03/2023,CCR,CA,AWP,WE,Towers with Radar,0,1,22,0,23,0,11,128,2,141,0,12,150,2,164,54,0,54,218
06/04/2023,CCR,CA,AWP,WE,Towers with Radar,0,10,23,0,33,0,8,102,0,110,0,18,125,0,143,58,8,66,209
06/05/2023,CCR,CA,AWP,WE,Towers with Radar,0,12,9,0,21,0,3,89,0,92,0,15,98,0,113,128,0,128,241
06/06/2023,CCR,CA,AWP,WE,Towers with Radar,0,4,21,0,25,0,3,71,0,74,0,7,92,0,99,232,0,232,331
06/07/2023,CCR,CA,AWP,WE,Towers with Radar,0,7,19,0,26,0,1,83,0,84,0,8,102,0,110,168,0,168,278
06/08/2023,CCR,CA,AWP,WE,Towers with Radar,0,18,29,0,47,0,6,126,0,132,0,24,155,0,179,138,0,138,317
06/09/2023,CCR,CA,AWP,WE,Towers with Radar,0,16,19,0,35,0,9,71,0,80,0,25,90,0,115,62,0,62,177
06/10/2023,CCR,CA,AWP,WE,Towers with Radar,0,5,36,0,41,0,8,71,0,79,0,13,107,0,120,50,0,50,170
06/11/2023,CCR,CA,AWP,WE,Towers with Radar,0,16,27,0,43,0,8,121,0,129,0,24,148,0,172,94,0,94,266
06/12/2023,CCR,CA,AWP,WE,Towers with Radar,0,13,15,0,28,0,6,69,0,75,0,19,84,0,103,118,0,118,221
06/13/2023,CCR,CA,AWP,WE,Towers with Radar,0,9,24,0,33,0,5,111,0,116,0,14,135,0,149,128,0,128,277
06/14/2023,CCR,CA,AWP,WE,Towers with Radar,0,3,35,0,38,0,2,150,0,152,0,5,185,0,190,220,0,220,410
06/15/2023,CCR,CA,AWP,WE,Towers with Radar,0,14,23,0,37,0,4,133,0,137,0,18,156,0,174,158,0,158,332
06/16/2023,CCR,CA,AWP,WE,Towers with Radar,0,18,30,0,48,0,13,101,0,114,0,31,131,0,162,182,0,182,344
06/17/2023,CCR,CA,AWP,WE,Towers with Radar,0,5,31,0,36,0,9,137,0,146,0,14,168,0,182,92,0,92,274
06/18/2023,CCR,CA,AWP,WE,Towers with Radar,0,11,17,0,28,0,8,80,0,88,0,19,97,0,116,170,0,170,286
06/19/2023,CCR,CA,AWP,WE,Towers with Radar,0,13,28,0,41,0,2,41,0,43,0,15,69,0,84,12,0,12,96
06/20/2023,CCR,CA,AWP,WE,Towers with Radar,0,20,28,0,48,0,3,11,0,14,0,23,39,0,62,0,0,0,62
06/21/2023,CCR,CA,AWP,WE,Towers with Radar,0,16,10,0,26,0,11,108,0,119,0,27,118,0,145,142,0,142,287
06/22/2023,CCR,CA,AWP,WE,Towers with Radar,0,12,21,2,35,0,5,116,0,121,0,17,137,2,156,194,0,194,350
06/23/2023,CCR,CA,AWP,WE,Towers with Radar,0,15,27,0,42,0,15,110,0,125,0,30,137,0,167,192,0,192,359
06/24/2023,CCR,CA,AWP,WE,Towers with Radar,0,4,22,0,26,0,6,93,0,99,0,10,115,0,125,114,0,114,239
06/25/2023,CCR,CA,AWP,WE,Towers with Radar,0,17,31,0,48,0,17,72,0,89,0,34,103,0,137,118,0,118,255
06/26/2023,CCR,CA,AWP,WE,Towers with Radar,0,13,19,0,32,0,5,124,0,129,0,18,143,0,161,160,0,160,321
06/27/2023,CCR,CA,AWP,WE,Towers with Radar,0,8,20,0,28,0,4,87,2,93,0,12,107,2,121,156,0,156,277
06/28/2023,CCR,CA,AWP,WE,Towers with Radar,0,10,17,0,27,0,19,108,0,127,0,29,125,0,154,278,0,278,432
06/29/2023,CCR,CA,AWP,WE,Towers with Radar,0,9,35,1,45,0,15,111,1,127,0,24,146,2,172,106,0,106,278
06/30/2023,CCR,CA,AWP,WE,Towers with Radar,0,8,23,0,31,0,12,139,2,153,0,20,162,2,184,258,2,260,444
07/01/2023,CCR,CA,AWP,WE,Towers with Radar,0,13,21,0,34,0,7,98,2,107,0,20,119,2,141,178,0,178,319
07/02/2023,CCR,CA,AWP,WE,Towers with Radar,0,9,17,0,26,0,10,92,0,102,0,19,109,0,128,130,0,130,258
07/03/2023,CCR,CA,AWP,WE,Towers with Radar,0,6,19,0,25,0,7,112,0,119,0,13,131,0,144,167,0,167,311
07/04/2023,CCR,CA,AWP,WE,Towers with Radar,0,3,23,0,26,0,5,73,0,78,0,8,96,0,104,47,0,47,151
07/05/2023,CCR,CA,AWP,WE,Towers with Radar,0,3,18,0,21,0,9,104,1,114,0,12,122,1,135,174,0,174,309
07/06/2023,CCR,CA,AWP,WE,Towers with Radar,0,11,37,0,48,0,9,118,0,127,0,20,155,0,175,232,0,232,407
07/07/2023,CCR,CA,AWP,WE,Towers with Radar,0,11,32,0,43,0,15,101,0,116,0,26,133,0,159,154,0,154,313
07/08/2023,CCR,CA,AWP,WE,Towers with Radar,0,10,15,0,25,0,12,76,0,88,0,22,91,0,113,196,0,196,309
07/09/2023,CCR,CA,AWP,WE,Towers with Radar,0,13,25,0,38,0,11,73,0,84,0,24,98,0,122,106,0,106,228
07/10/2023,CCR,CA,AWP,WE,Towers with Radar,0,11,22,0,33,0,7,124,0,131,0,18,146,0,164,172,0,172,336
07/11/2023,CCR,CA,AWP,WE,Towers with Radar,0,6,30,2,38,0,9,155,0,164,0,15,185,2,202,228,0,228,430
07/12/2023,CCR,CA,AWP,WE,Towers with Radar,0,8,30,0,38,0,10,150,0,160,0,18,180,0,198,234,0,234,432
07/13/2023,CCR,CA,AWP,WE,Towers with Radar,0,10,19,0,29,0,6,170,0,176,0,16,189,0,205,239,0,239,444
07/14/2023,CCR,CA,AWP,WE,Towers with Radar,0,6,13,0,19,0,17,121,0,138,0,23,134,0,157,268,0,268,425
07/15/2023,CCR,CA,AWP,WE,Towers with Radar,0,6,14,1,21,0,11,130,1,142,0,17,144,2,163,224,0,224,387
07/16/2023,CCR,CA,AWP,WE,Towers with Radar,0,12,17,0,29,0,19,111,0,130,0,31,128,0,159,170,0,170,329
07/17/2023,CCR,CA,AWP,WE,Towers with Radar,0,7,15,0,22,0,5,92,0,97,0,12,107,0,119,157,0,157,276
07/18/2023,CCR,CA,AWP,WE,Towers with Radar,0,4,27,0,31,0,3,127,0,130,0,7,154,0,161,346,0,346,507
07/19/2023,CCR,CA,AWP,WE,Towers with Radar,0,5,20,0,25,0,10,119,0,129,0,15,139,0,154,226,0,226,380
07/20/2023,CCR,CA,AWP,WE,Towers with Radar,0,9,25,0,34,0,10,131,0,141,0,19,156,0,175,326,0,326,501
07/21/2023,CCR,CA,AWP,WE,Towers with Radar,0,14,27,0,41,0,8,112,1,121,0,22,139,1,162,210,0,210,372
07/22/2023,CCR,CA,AWP,WE,Towers with Radar,0,6,10,0,16,0,25,131,0,156,0,31,141,0,172,250,0,250,422
07/23/2023,CCR,CA,AWP,WE,Towers with Radar,0,5,23,0,28,0,8,100,0,108,0,13,123,0,136,146,0,146,282
07/24/2023,CCR,CA,AWP,WE,Towers with Radar,0,7,27,0,34,0,14,114,0,128,0,21,141,0,162,200,0,200,362
07/25/2023,CCR,CA,AWP,WE,Towers with Radar,0,5,24,0,29,0,4,133,0,137,0,9,157,0,166,292,0,292,458
07/26/2023,CCR,CA,AWP,WE,Towers with Radar,0,2,17,0,19,0,7,134,0,141,0,9,151,0,160,331,0,331,491
07/27/2023,CCR,CA,AWP,WE,Towers with Radar,0,14,26,2,42,0,9,134,0,143,0,23,160,2,185,392,0,392,577
07/28/2023,CCR,CA,AWP,WE,Towers with Radar,0,5,32,0,37,0,15,120,0,135,0,20,152,0,172,272,0,272,444
07/29/2023,CCR,CA,AWP,WE,Towers with Radar,0,1,6,0,7,0,12,96,1,109,0,13,102,1,116,174,0,174,290
07/30/2023,CCR,CA,AWP,WE,Towers with Radar,0,9,20,0,29,0,3,93,0,96,0,12,113,0,125,110,0,110,235
07/31/2023,CCR,CA,AWP,WE,Towers with Radar,0,14,14,0,28,0,2,116,0,118,0,16,130,0,146,100,0,100,246
08/01/2023,CCR,CA,AWP,WE,Towers with Radar,0,3,17,0,20,0,1,101,0,102,0,4,118,0,122,202,0,202,324
08/02/2023,CCR,CA,AWP,WE,Towers with Radar,0,8,18,0,26,0,7,80,0,87,0,15,98,0,113,150,0,150,263
08/03/2023,CCR,CA,AWP,WE,Towers with Radar,0,13,28,0,41,0,4,104,0,108,0,17,132,0,149,206,0,206,355
08/04/2023,CCR,CA,AWP,WE,Towers with Radar,0,10,21,2,33,0,12,108,0,120,0,22,129,2,153,158,0,158,311
08/05/2023,CCR,CA,AWP,WE,Towers with Radar,0,11,32,0,43,0,6,87,1,94,0,17,119,1,137,160,0,160,297
08/06/2023,CCR,CA,AWP,WE,Towers with Radar,0,17,26,0,43,0,5,91,0,96,0,22,117,0,139,188,0,188,327
08/07/2023,CCR,CA,AWP,WE,Towers with Radar,0,15,19,0,34,0,6,107,0,113,0,21,126,0,147,90,0,90,237
08/08/2023,CCR,CA,AWP,WE,Towers with Radar,0,9,29,1,39,0,2,108,2,112,0,11,137,3,151,208,0,208,359
08/09/2023,CCR,CA,AWP,WE,Towers with Radar,0,5,22,0,27,0,7,125,0,132,0,12,147,0,159,270,0,270,429
08/10/2023,CCR,CA,AWP,WE,Towers with Radar,0,12,20,0,32,0,15,109,0,124,0,27,129,0,156,271,0,271,427
08/11/2023,CCR,CA,AWP,WE,Towers with Radar,0,13,24,0,37,0,21,119,0,140,0,34,143,0,177,168,0,168,345
08/12/2023,CCR,CA,AWP,WE,Towers with Radar,0,6,7,0,13,0,3,123,2,128,0,9,130,2,141,142,0,142,283
08/13/2023,CCR,CA,AWP,WE,Towers with Radar,0,19,15,0,34,0,9,112,0,121,0,28,127,0,155,220,0,220,375
08/14/2023,CCR,CA,AWP,WE,Towers with Radar,0,9,23,0,32,0,18,101,1,120,0,27,124,1,152,170,0,170,322
08/15/2023,CCR,CA,AWP,WE,Towers with Radar,0,5,19,0,24,0,8,122,0,130,0,13,141,0,154,166,0,166,320
08/16/2023,CCR,CA,AWP,WE,Towers with Radar,0,5,38,0,43,0,7,146,0,153,0,12,184,0,196,190,0,190,386
08/17/2023,CCR,CA,AWP,WE,Towers with Radar,0,11,18,0,29,0,10,114,0,124,0,21,132,0,153,232,0,232,385
08/18/2023,CCR,CA,AWP,WE,Towers with Radar,0,10,33,0,43,0,7,108,0,115,0,17,141,0,158,236,0,236,394
08/19/2023,CCR,CA,AWP,WE,Towers with Radar,0,5,17,0,22,0,4,179,0,183,0,9,196,0,205,262,0,262,467
08/20/2023,CCR,CA,AWP,WE,Towers with Radar,0,7,15,0,22,0,10,100,0,110,0,17,115,0,132,166,0,166,298
08/21/2023,CCR,CA,AWP,WE,Towers with Radar,0,9,12,2,23,0,5,56,0,61,0,14,68,2,84,120,0,120,204
08/22/2023,CCR,CA,AWP,WE,Towers with Radar,0,6,14,0,20,0,10,124,0,134,0,16,138,0,154,276,0,276,430
08/23/2023,CCR,CA,AWP,WE,Towers with Radar,0,4,19,0,23,0,10,157,0,167,0,14,176,0,190,240,0,240,430
08/24/2023,CCR,CA,AWP,WE,Towers with Radar,0,9,19,2,30,0,3,113,0,116,0,12,132,2,146,182,0,182,328
08/25/2023,CCR,CA,AWP,WE,Towers with Radar,0,10,26,0,36,0,6,139,2,147,0,16,165,2,183,302,0,302,485
08/26/2023,CCR,CA,AWP,WE,Towers with Radar,0,7,9,0,16,0,15,124,2,141,0,22,133,2,157,160,0,160,317
08/27/2023,CCR,CA,AWP,WE,Towers with Radar,0,7,20,0,27,0,6,132,0,138,0,13,152,0,165,168,0,168,333
08/28/2023,CCR,CA,AWP,WE,Towers with Radar,0,13,26,0,39,0,11,96,2,109,0,24,122,2,148,148,2,150,298
08/29/2023,CCR,CA,AWP,WE,Towers with Radar,0,8,26,0,34,0,0,130,0,130,0,8,156,0,164,282,0,282,446
08/30/2023,CCR,CA,AWP,WE,Towers with Radar,0,4,20,0,24,0,4,103,0,107,0,8,123,0,131,180,0,180,311
08/31/2023,CCR,CA,AWP,WE,Towers with Radar,0,11,20,0,31,0,7,91,0,98,0,18,111,0,129,186,0,186,315
01/01/2020,CCR,CA,AWP,WE,Towers with Radar,0,6,7,0,13,0,4,52,0,56,0,10,59,0,69,46,0,46,115
01/02/2020,CCR,CA,AWP,WE,Towers with Radar,0,7,28,0,35,0,3,111,0,114,0,10,139,0,149,70,0,70,219
01/03/2020,CCR,CA,AWP,WE,Towers with Radar,0,11,28,0,39,0,1,54,0,55,0,12,82,0,94,104,0,104,198
01/04/2020,CCR,CA,AWP,WE,Towers with Radar,0,5,28,0,33,0,9,72,0,81,0,14,100,0,114,128,0,128,242
01/05/2020,CCR,CA,AWP,WE,Towers with Radar,0,7,38,0,45,0,2,125,0,127,0,9,163,0,172,138,0,138,310
01/06/2020,CCR,CA,AWP,WE,Towers with Radar,0,5,6,0,11,0,4,104,0,108,0,9,110,0,119,134,0,134,253
01/07/2020,CCR,CA,AWP,WE,Towers with Radar,0,5,36,0,41,0,2,46,0,48,0,7,82,0,89,84,0,84,173
01/08/2020,CCR,CA,AWP,WE,Towers with Radar,0,3,20,0,23,0,4,27,0,31,0,7,47,0,54,75,0,75,129
01/09/2020,CCR,CA,AWP,WE,Towers with Radar,0,14,17,0,31,0,4,28,0,32,0,18,45,0,63,42,0,42,105
01/10/2020,CCR,CA,AWP,WE,Towers with Radar,0,8,8,1,17,0,6,137,0,143,0,14,145,1,160,330,16,346,506
01/11/2020,CCR,CA,AWP,WE,Towers with Radar,0,6,9,0,15,0,2,110,0,112,0,8,119,0,127,126,0,126,253
01/12/2020,CCR,CA,AWP,WE,Towers with Radar,0,4,13,0,17,0,3,122,0,125,0,7,135,0,142,124,0,124,266
01/13/2020,CCR,CA,AWP,WE,Towers with Radar,0,11,22,0,33,0,5,80,0,85,0,16,102,0,118,104,0,104,222
01/14/2020,CCR,CA,AWP,WE,Towers with Radar,0,7,17,0,24,0,4,77,2,83,0,11,94,2,107,174,14,188,295
01/15/2020,CCR,CA,AWP,WE,Towers with Radar,0,9,22,0,31,0,5,122,4,131,0,14,144,4,162,246,8,254,416
01/16/2020,CCR,CA,AWP,WE,Towers with Radar,0,11,5,0,16,0,0,13,0,13,0,11,18,0,29,52,0,52,81
01/17/2020,CCR,CA,AWP,WE,Towers with Radar,0,17,31,0,48,0,1,45,0,46,0,18,76,0,94,118,0,118,212
01/18/2020,CCR,CA,AWP,WE,Towers with Radar,0,8,23,0,31,0,4,126,0,130,0,12,149,0,161,184,0,184,345
01/19/2020,CCR,CA,AWP,WE,Towers with Radar,0,11,18,0,29,0,4,47,0,51,0,15,65,0,80,138,0,138,218
01/20/2020,CCR,CA,AWP,WE,Towers with Radar,0,6,24,0,30,0,4,90,0,94,0,10,114,0,124,157,0,157,281
01/21/2020,CCR,CA,AWP,WE,Towers with Radar,0,8,19,0,27,0,3,37,0,40,0,11,56,0,67,92,0,92,159
01/22/2020,CCR,CA,AWP,WE,Towers with Radar,0,11,38,0,49,0,3,105,0,108,0,14,143,0,157,96,0,96,253
01/23/2020,CCR,CA,AWP,WE,Towers with Radar,0,12,24,0,36,0,6,118,3,127,0,18,142,3,163,206,10,216,379
01/24/2020,CCR,CA,AWP,WE,Towers with Radar,0,13,33,0,46,0,3,125,5,133,0,16,158,5,179,208,0,208,387
01/25/2020,CCR,CA,AWP,WE,Towers with Radar,0,7,15,0,22,0,0,77,0,77,0,7,92,0,99,174,0,174,273
01/26/2020,CCR,CA,AWP,WE,Towers with Radar,0,16,16,0,32,0,0,75,0,75,0,16,91,0,107,100,0,100,207
01/27/2020,CCR,CA,AWP,WE,Towers with Radar,0,15,24,2,41,0,4,72,0,76,0,19,96,2,117,272,0,272,389
01/28/2020,CCR,CA,AWP,WE,Towers with Radar,0,6,36,0,42,0,3,56,0,59,0,9,92,0,101,176,0,176,277
01/29/2020,CCR,CA,AWP,WE,Towers with Radar,0,11,31,1,43,0,7,131,0,138,0,18,162,1,181,242,0,242,423
01/30/2020,CCR,CA,AWP,WE,Towers with Radar,0,15,29,3,47,0,6,91,1,98,0,21,120,4,145,134,0,134,279
01/31/2020,CCR,CA,AWP,WE,Towers with Radar,0,8,12,0,20,0,2,154,0,156,0,10,166,0,176,268,0,268,444
02/01/2020,CCR,CA,AWP,WE,Towers with Radar,0,7,23,0,30,0,1,80,0,81,0,8,103,0,111,104,0,104,215
02/02/2020,CCR,CA,AWP,WE,Towers with Radar,0,14,6,0,20,0,5,8,2,15,0,19,14,2,35,0,0,0,35
02/03/2020,CCR,CA,AWP,WE,Towers with Radar,0,10,6,0,16,0,2,41,1,44,0,12,47,1,60,4,4,8,68
02/04/2020,CCR,CA,AWP,WE,Towers with Radar,0,5,18,0,23,0,1,135,0,136,0,6,153,0,159,186,0,186,345
02/05/2020,CCR,CA,AWP,WE,Towers with Radar,0,7,18,0,25,0,6,112,0,118,0,13,130,0,143,124,0,124,267
02/06/2020,CCR,CA,AWP,WE,Towers with Radar,0,9,19,0,28,0,0,154,0,154,0,9,173,0,182,196,0,196,378
02/07/2020,CCR,CA,AWP,WE,Towers with Radar,0,8,24,0,32,0,10,173,0,183,0,18,197,0,215,170,0,170,385
02/08/2020,CCR,CA,AWP,WE,Towers with Radar,0,8,18,0,26,0,5,140,0,145,0,13,158,0,171,176,0,176,347
02/09/2020,CCR,CA,AWP,WE,Towers with Radar,0,10,7,0,17,0,4,18,0,22,0,14,25,0,39,0,0,0,39
02/10/2020,CCR,CA,AWP,WE,Towers with Radar,0,12,6,0,18,0,5,52,0,57,0,17,58,0,75,80,0,80,155
02/11/2020,CCR,CA,AWP,WE,Towers with Radar,0,5,13,0,18,0,4,121,4,129,0,9,134,4,147,148,14,162,309
02/12/2020,CCR,CA,AWP,WE,Towers with Radar,0,10,20,0,30,0,1,143,0,144,0,11,163,0,174,114,0,114,288
02/13/2020,CCR,CA,AWP,WE,Towers with Radar,0,16,33,0,49,0,4,111,0,115,0,20,144,0,164,292,1,293,457
02/14/2020,CCR,CA,AWP,WE,Towers with Radar,0,9,22,0,31,0,4,118,0,122,0,13,140,0,153,124,0,124,277
02/15/2020,CCR,CA,AWP,WE,Towers with Radar,0,5,20,0,25,0,5,150,0,155,0,10,170,0,180,162,0,162,342
02/16/2020,CCR,CA,AWP,WE,Towers with Radar,0,0,0,0,0,0,0,0,0,0,0,0,0,0,0,0,0,0,0
02/17/2020,CCR,CA,AWP,WE,Towers with Radar,0,0,0,0,0,0,0,0,0,0,0,0,0,0,0,0,0,0,0
02/18/2020,CCR,CA,AWP,WE,Towers with Radar,0,0,0,0,0,0,0,0,0,0,0,0,0,0,0,0,0,0,0
02/19/2020,CCR,CA,AWP,WE,Towers with Radar,0,0,0,0,0,0,0,0,0,0,0,0,0,0,0,0,0,0,0
02/20/2020,CCR,CA,AWP,WE,Towers with Radar,0,0,0,0,0,0,0,0,0,0,0,0,0,0,0,0,0,0,0
02/21/2020,CCR,CA,AWP,WE,Towers with Radar,0,10,29,0,39,0,0,153,0,153,0,10,182,0,192,98,0,98,290
02/22/2020,CCR,CA,AWP,WE,Towers with Radar,0,3,13,0,16,0,8,120,2,130,0,11,133,2,146,148,0,148,294
02/23/2020,CCR,CA,AWP,WE,Towers with Radar,0,12,15,0,27,0,10,135,0,145,0,22,150,0,172,90,0,90,262
02/24/2020,CCR,CA,AWP,WE,Towers with Radar,0,8,30,0,38,0,2,120,0,122,0,10,150,0,160,138,0,138,298
02/25/2020,CCR,CA,AWP,WE,Towers with Radar,0,6,19,0,25,0,4,117,2,123,0,10,136,2,148,206,0,206,354
02/26/2020,CCR,CA,AWP,WE,Towers with Radar,0,5,18,2,25,0,6,153,0,159,0,11,171,2,184,162,0,162,346
02/27/2020,CCR,CA,AWP,WE,Towers with Radar,0,14,21,0,35,0,2,116,0,118,0,16,137,0,153,90,0,90,243
02/28/2020,CCR,CA,AWP,WE,Towers with Radar,0,10,16,0,26,0,1,156,0,157,0,11,172,0,183,120,2,122,305
02/29/2020,CCR,CA,AWP,WE,Towers with Radar,0,7,10,0,17,0,12,106,0,118,0,19,116,0,135,44,0,44,179
03/01/2020,CCR,CA,AWP,WE,Towers with Radar,0,10,16,0,26,0,4,75,0,79,0,14,91,0,105,155,0,155,260
03/02/2020,CCR,CA,AWP,WE,Towers with Radar,0,11,11,0,22,0,0,50,2,52,0,11,61,2,74,22,0,22,96
03/03/2020,CCR,CA,AWP,WE,Towers with Radar,0,10,20,0,30,0,2,122,0,124,0,12,142,0,154,192,0,192,346
03/04/2020,CCR,CA,AWP,WE,Towers with Radar,0,17,14,0,31,0,4,158,0,162,0,21,172,0,193,204,0,204,397
03/05/2020,CCR,CA,AWP,WE,Towers with Radar,0,11,18,0,29,0,9,120,0,129,0,20,138,0,158,192,0,192,350
03/06/2020,CCR,CA,AWP,WE,Towers with Radar,0,10,26,0,36,0,2,72,0,74,0,12,98,0,110,180,0,180,290
03/07/2020,CCR,CA,AWP,WE,Towers with Radar,0,11,10,0,21,0,2,21,0,23,0,13,31,0,44,14,0,14,58
03/08/2020,CCR,CA,AWP,WE,Towers with Radar,0,14,19,0,33,0,0,103,0,103,0,14,122,0,136,120,0,120,256
03/09/2020,CCR,CA,AWP,WE,Towers with Radar,0,11,10,0,21,0,5,109,0,114,0,16,119,0,135,102,0,102,237
03/10/2020,CCR,CA,AWP,WE,Towers with Radar,0,6,31,0,37,0,1,110,0,111,0,7,141,0,148,228,0,228,376
03/11/2020,CCR,CA,AWP,WE,Towers with Radar,0,12,19,0,31,0,2,157,0,159,0,14,176,0,190,260,0,260,450
03/12/2020,CCR,CA,AWP,WE,Towers with Radar,0,10,30,0,40,0,5,155,0,160,0,15,185,0,200,242,0,242,442
03/13/2020,CCR,CA,AWP,WE,Towers with Radar,0,13,21,0,34,0,6,83,0,89,0,19,104,0,123,130,0,130,253
03/14/2020,CCR,CA,AWP,WE,Towers with Radar,0,5,16,0,21,0,6,2,0,8,0,11,18,0,29,0,0,0,29
03/15/2020,CCR,CA,AWP,WE,Towers with Radar,0,12,15,0,27,0,4,13,0,17,0,16,28,0,44,0,0,0,44
03/16/2020,CCR,CA,AWP,WE,Towers with Radar,0,10,19,0,29,0,0,15,0,15,0,10,34,0,44,50,0,50,94
03/17/2020,CCR,CA,AWP,WE,Towers with Radar,0,12,10,0,22,0,0,26,0,26,0,12,36,0,48,14,0,14,62
03/18/2020,CCR,CA,AWP,WE,Towers with Radar,0,8,5,0,13,0,4,17,0,21,0,12,22,0,34,16,0,16,50
03/19/2020,CCR,CA,AWP,WE,Towers with Radar,0,10,10,0,20,0,8,48,0,56,0,18,58,0,76,92,0,92,168
03/20/2020,CCR,CA,AWP,WE,Towers with Radar,0,5,4,0,9,0,1,38,0,39,0,6,42,0,48,28,0,28,76
03/21/2020,CCR,CA,AWP,WE,Towers with Radar,0,6,12,0,18,0,7,57,0,64,0,13,69,0,82,8,0,8,90
03/22/2020,CCR,CA,AWP,WE,Towers with Radar,0,1,6,0,7,0,4,43,0,47,0,5,49,0,54,32,0,32,86
03/23/2020,CCR,CA,AWP,WE,Towers with Radar,0,5,4,0,9,0,0,7,0,7,0,5,11,0,16,0,0,0,16
03/24/2020,CCR,CA,AWP,WE,Towers with Radar,0,2,5,0,7,0,0,5,0,5,0,2,10,0,12,0,0,0,12
03/25/2020,CCR,CA,AWP,WE,Towers with Radar,0,2,5,2,9,0,6,23,0,29,0,8,28,2,38,8,0,8,46
03/26/2020,CCR,CA,AWP,WE,Towers with Radar,0,4,8,0,12,0,3,32,0,35,0,7,40,0,47,38,0,38,85
03/27/2020,CCR,CA,AWP,WE,Towers with Radar,0,3,10,0,13,0,6,62,0,68,0,9,72,0,81,36,0,36,117
03/28/2020,CCR,CA,AWP,WE,Towers with Radar,0,3,4,0,7,0,6,10,0,16,0,9,14,0,23,2,0,2,25
03/29/2020,CCR,CA,AWP,WE,Towers with Radar,0,5,11,0,16,0,1,14,0,15,0,6,25,0,31,6,0,6,37
03/30/2020,CCR,CA,AWP,WE,Towers with Radar,0,3,5,0,8,0,6,31,0,37,0,9,36,0,45,8,12,20,65
03/31/2020,CCR,CA,AWP,WE,Towers with Radar,0,2,2,0,4,0,3,48,0,51,0,5,50,0,55,36,0,36,91
04/01/2020,CCR,CA,AWP,WE,Towers with Radar,0,1,2,0,3,0,1,65,0,66,0,2,67,0,69,42,0,42,111
04/02/2020,CCR,CA,AWP,WE,Towers with Radar,0,1,7,0,8,0,0,67,0,67,0,1,74,0,75,24,0,24,99
04/03/2020,CCR,CA,AWP,WE,Towers with Radar,0,3,9,0,12,0,3,64,0,67,0,6,73,0,79,20,0,20,99
04/04/2020,CCR,CA,AWP,WE,Towers with Radar,0,1,3,0,4,0,1,1,0,2,0,2,4,0,6,0,0,0,6
04/05/2020,CCR,CA,AWP,WE,Towers with Radar,0,1,0,0,1,0,4,4,0,8,0,5,4,0,9,0,0,0,9
04/06/2020,CCR,CA,AWP,WE,Towers with Radar,0,3,2,0,5,0,1,1,0,2,0,4,3,0,7,0,0,0,7
04/07/2020,CCR,CA,AWP,WE,Towers with Radar,0,2,6,0,8,0,4,30,0,34,0,6,36,0,42,2,0,2,44
04/08/2020,CCR,CA,AWP,WE,Towers with Radar,0,0,11,0,11,0,2,35,0,37,0,2,46,0,48,40,0,40,88
04/09/2020,CCR,CA,AWP,WE,Towers with Radar,0,2,15,0,17,0,6,19,1,26,0,8,34,1,43,44,0,44,87
04/10/2020,CCR,CA,AWP,WE,Towers with Radar,0,4,3,0,7,0,3,65,0,68,0,7,68,0,75,56,0,56,131
04/11/2020,CCR,CA,AWP,WE,Towers with Radar,0,1,17,0,18,0,8,28,0,36,0,9,45,0,54,14,0,14,68
04/12/2020,CCR,CA,AWP,WE,Towers with Radar,0,0,5,0,5,0,0,31,0,31,0,0,36,0,36,14,0,14,50
04/13/2020,CCR,CA,AWP,WE,Towers with Radar,0,3,5,0,8,0,0,60,0,60,0,3,65,0,68,24,0,24,92
04/14/2020,CCR,CA,AWP,WE,Towers with Radar,0,5,14,0,19,0,2,65,0,67,0,7,79,0,86,18,0,18,104
04/15/2020,CCR,CA,AWP,WE,Towers with Radar,0,2,2,0,4,0,5,87,0,92,0,7,89,0,96,84,0,84,180
04/16/2020,CCR,CA,AWP,WE,Towers with Radar,0,0,11,0,11,0,1,48,0,49,0,1,59,0,60,6,0,6,66
04/17/2020,CCR,CA,AWP,WE,Towers with Radar,0,0,5,0,5,0,5,25,0,30,0,5,30,0,35,14,0,14,49
04/18/2020,CCR,CA,AWP,WE,Towers with Radar,0,1,6,0,7,0,4,45,0,49,0,5,51,0,56,8,0,8,64
04/19/2020,CCR,CA,AWP,WE,Towers with Radar,0,3,4,0,7,0,3,40,0,43,0,6,44,0,50,18,0,18,68
04/20/2020,CCR,CA,AWP,WE,Towers with Radar,0,2,3,0,5,0,4,23,0,27,0,6,26,0,32,22,0,22,54
04/21/2020,CCR,CA,AWP,WE,Towers with Radar,0,0,12,0,12,0,2,60,0,62,0,2,72,0,74,64,0,64,138
04/22/2020,CCR,CA,AWP,WE,Towers with Radar,0,8,9,0,17,0,3,54,0,57,0,11,63,0,74,24,0,24,98
04/23/2020,CCR,CA,AWP,WE,Towers with Radar,0,2,4,1,7,0,2,65,1,68,0,4,69,2,75,18,0,18,93
04/24/2020,CCR,CA,AWP,WE,Towers with Radar,0,6,7,0,13,0,5,81,0,86,0,11,88,0,99,48,0,48,147
04/25/2020,CCR,CA,AWP,WE,Towers with Radar,0,3,7,0,10,0,13,67,0,80,0,16,74,0,90,66,0,66,156
04/26/2020,CCR,CA,AWP,WE,Towers with Radar,0,3,10,0,13,0,6,77,0,83,0,9,87,0,96,52,0,52,148
04/27/2020,CCR,CA,AWP,WE,Towers with Radar,0,6,6,0,12,0,5,43,0,48,0,11,49,0,60,26,0,26,86
04/28/2020,CCR,CA,AWP,WE,Towers with Radar,0,2,10,2,14,0,1,67,0,68,0,3,77,2,82,22,0,22,104
04/29/2020,CCR,CA,AWP,WE,Towers with Radar,0,2,4,0,6,0,9,55,0,64,0,11,59,0,70,20,0,20,90
04/30/2020,CCR,CA,AWP,WE,Towers with Radar,0,6,11,0,17,0,0,52,0,52,0,6,63,0,69,8,0,8,77
05/01/2020,CCR,CA,AWP,WE,Towers with Radar,0,3,9,0,12,0,2,75,0,77,0,5,84,0,89,94,0,94,183
05/02/2020,CCR,CA,AWP,WE,Towers with Radar,0,3,14,0,17,0,4,31,0,35,0,7,45,0,52,22,0,22,74
05/03/2020,CCR,CA,AWP,WE,Towers with Radar,0,3,14,0,17,0,2,103,0,105,0,5,117,0,122,38,0,38,160
05/04/2020,CCR,CA,AWP,WE,Towers with Radar,0,6,9,0,15,0,2,40,0,42,0,8,49,0,57,32,0,32,89
05/05/2020,CCR,CA,AWP,WE,Towers with Radar,0,3,4,0,7,0,1,26,0,27,0,4,30,0,34,10,0,10,44
05/06/2020,CCR,CA,AWP,WE,Towers with Radar,0,1,6,0,7,0,2,53,0,55,0,3,59,0,62,32,0,32,94
05/07/2020,CCR,CA,AWP,WE,Towers with Radar,0,7,5,0,12,0,2,45,0,47,0,9,50,0,59,14,0,14,73
05/08/2020,CCR,CA,AWP,WE,Towers with Radar,0,2,4,0,6,0,1,78,0,79,0,3,82,0,85,108,0,108,193
05/09/2020,CCR,CA,AWP,WE,Towers with Radar,0,1,6,0,7,0,5,58,0,63,0,6,64,0,70,72,0,72,142
05/10/2020,CCR,CA,AWP,WE,Towers with Radar,0,2,4,0,6,0,2,29,0,31,0,4,33,0,37,22,0,22,59
05/11/2020,CCR,CA,AWP,WE,Towers with Radar,0,8,11,0,19,0,0,20,0,20,0,8,31,0,39,12,0,12,51
05/12/2020,CCR,CA,AWP,WE,Towers with Radar,0,2,7,0,9,0,2,14,0,16,0,4,21,0,25,50,0,50,75
05/13/2020,CCR,CA,AWP,WE,Towers with Radar,0,0,5,0,5,0,1,31,0,32,0,1,36,0,37,82,0,82,119
05/14/2020,CCR,CA,AWP,WE,Towers with Radar,0,5,14,0,19,0,1,30,0,31,0,6,44,0,50,68,0,68,118
05/15/2020,CCR,CA,AWP,WE,Towers with Radar,0,4,11,0,15,0,5,107,0,112,0,9,118,0,127,122,0,122,249
05/16/2020,CCR,CA,AWP,WE,Towers with Radar,0,2,6,0,8,0,2,89,0,91,0,4,95,0,99,32,0,32,131
05/17/2020,CCR,CA,AWP,WE,Towers with Radar,0,3,10,0,13,0,5,14,2,21,0,8,24,2,34,8,12,20,54
05/18/2020,CCR,CA,AWP,WE,Towers with Radar,0,2,8,0,10,0,0,13,0,13,0,2,21,0,23,0,0,0,23
05/19/2020,CCR,CA,AWP,WE,Towers with Radar,0,0,6,0,6,0,3,48,0,51,0,3,54,0,57,76,0,76,133
05/20/2020,CCR,CA,AWP,WE,Towers with Radar,0,0,7,0,7,0,3,59,0,62,0,3,66,0,69,20,0,20,89
05/21/2020,CCR,CA,AWP,WE,Towers with Radar,0,3,17,0,20,0,0,70,0,70,0,3,87,0,90,6,0,6,96
05/22/2020,CCR,CA,AWP,WE,Towers with Radar,0,7,4,0,11,0,5,85,0,90,0,12,89,0,101,130,0,130,231
05/23/2020,CCR,CA,AWP,WE,Towers with Radar,0,1,10,0,11,0,1,87,0,88,0,2,97,0,99,60,0,60,159
05/24/2020,CCR,CA,AWP,WE,Towers with Radar,0,5,4,0,9,0,2,62,0,64,0,7,66,0,73,122,0,122,195
05/25/2020,CCR,CA,AWP,WE,Towers with Radar,0,10,8,0,18,0,12,60,0,72,0,22,68,0,90,40,0,40,130
05/26/2020,CCR,CA,AWP,WE,Towers with Radar,0,2,9,0,11,0,7,51,0,58,0,9,60,0,69,58,0,58,127
05/27/2020,CCR,CA,AWP,WE,Towers with Radar,0,0,9,0,9,0,1,71,0,72,0,1,80,0,81,88,0,88,169
05/28/2020,CCR,CA,AWP,WE,Towers with Radar,0,2,13,0,15,0,3,71,2,76,0,5,84,2,91,76,0,76,167
05/29/2020,CCR,CA,AWP,WE,Towers with Radar,0,7,13,0,20,0,4,41,0,45,0,11,54,0,65,30,0,30,95
05/30/2020,CCR,CA,AWP,WE,Towers with Radar,0,3,8,0,11,0,5,15,0,20,0,8,23,0,31,28,0,28,59
05/31/2020,CCR,CA,AWP,WE,Towers with Radar,0,2,13,0,15,0,3,89,0,92,0,5,102,0,107,64,0,64,171
06/01/2020,CCR,CA,AWP,WE,Towers with Radar,0,5,9,0,14,0,1,57,5,63,0,6,66,5,77,46,38,84,161
06/02/2020,CCR,CA,AWP,WE,Towers with Radar,0,0,10,0,10,0,4,60,0,64,0,4,70,0,74,122,0,122,196
06/03/2020,CCR,CA,AWP,WE,Towers with Radar,0,2,8,0,10,0,3,58,0,61,0,5,66,0,71,56,0,56,127
06/04/2020,CCR,CA,AWP,WE,Towers with Radar,0,1,11,0,12,0,5,83,0,88,0,6,94,0,100,130,0,130,230
06/05/2020,CCR,CA,AWP,WE,Towers with Radar,0,2,5,0,7,0,5,18,0,23,0,7,23,0,30,22,0,22,52
06/06/2020,CCR,CA,AWP,WE,Towers with Radar,0,3,8,0,11,0,4,39,0,43,0,7,47,0,54,18,0,18,72
06/07/2020,CCR,CA,AWP,WE,Towers with Radar,0,3,10,0,13,0,3,46,0,49,0,6,56,0,62,0,0,0,62
06/08/2020,CCR,CA,AWP,WE,Towers with Radar,0,5,9,0,14,0,2,77,0,79,0,7,86,0,93,80,0,80,173
06/09/2020,CCR,CA,AWP,WE,Towers with Radar,0,5,21,0,26,0,1,54,0,55,0,6,75,0,81,40,0,40,121
06/10/2020,CCR,CA,AWP,WE,Towers with Radar,0,1,18,0,19,0,1,62,2,65,0,2,80,2,84,84,2,86,170
06/11/2020,CCR,CA,AWP,WE,Towers with Radar,0,6,7,0,13,0,1,84,0,85,0,7,91,0,98,128,0,128,226
06/12/2020,CCR,CA,AWP,WE,Towers with Radar,0,9,15,0,24,0,0,72,0,72,0,9,87,0,96,114,0,114,210
06/13/2020,CCR,CA,AWP,WE,Towers with Radar,0,5,10,0,15,0,6,90,0,96,0,11,100,0,111,42,0,42,153
06/14/2020,CCR,CA,AWP,WE,Towers with Radar,0,7,10,0,17,0,0,93,0,93,0,7,103,0,110,44,0,44,154
06/15/2020,CCR,CA,AWP,WE,Towers with Radar,0,5,2,0,7,0,2,54,0,56,0,7,56,0,63,52,0,52,115
06/16/2020,CCR,CA,AWP,WE,Towers with Radar,0,2,13,0,15,0,2,74,0,76,0,4,87,0,91,128,0,128,219
06/17/2020,CCR,CA,AWP,WE,Towers with Radar,0,3,6,0,9,0,2,68,0,70,0,5,74,0,79,80,0,80,159
06/18/2020,CCR,CA,AWP,WE,Towers with Radar,0,4,11,0,15,0,1,64,0,65,0,5,75,0,80,142,0,142,222
06/19/2020,CCR,CA,AWP,WE,Towers with Radar,0,2,8,0,10,0,8,78,0,86,0,10,86,0,96,74,0,74,170
06/20/2020,CCR,CA,AWP,WE,Towers with Radar,0,7,14,0,21,0,3,74,0,77,0,10,88,0,98,96,0,96,194
06/21/2020,CCR,CA,AWP,WE,Towers with Radar,0,4,11,0,15,0,4,106,0,110,0,8,117,0,125,94,0,94,219
06/22/2020,CCR,CA,AWP,WE,Towers with Radar,0,6,10,0,16,0,0,54,0,54,0,6,64,0,70,122,0,122,192
06/23/2020,CCR,CA,AWP,WE,Towers with Radar,0,0,13,0,13,0,1,73,0,74,0,1,86,0,87,56,0,56,143
06/24/2020,CCR,CA,AWP,WE,Towers with Radar,0,1,9,0,10,0,4,89,0,93,0,5,98,0,103,178,0,178,281
06/25/2020,CCR,CA,AWP,WE,Towers with Radar,0,5,10,0,15,0,4,89,0,93,0,9,99,0,108,122,0,122,230
06/26/2020,CCR,CA,AWP,WE,Towers with Radar,0,8,16,0,24,0,5,83,0,88,0,13,99,0,112,86,0,86,198
06/27/2020,CCR,CA,AWP,WE,Towers with Radar,0,2,17,0,19,0,6,77,0,83,0,8,94,0,102,96,0,96,198
06/28/2020,CCR,CA,AWP,WE,Towers with Radar,0,3,6,0,9,0,3,18,0,21,0,6,24,0,30,12,0,12,42
06/29/2020,CCR,CA,AWP,WE,Towers with Radar,0,8,6,0,14,0,5,71,0,76,0,13,77,0,90,184,0,184,274
06/30/2020,CCR,CA,AWP,WE,Towers with Radar,0,1,15,0,16,0,1,77,0,78,0,2,92,0,94,64,0,64,158
07/01/2020,CCR,CA,AWP,WE,Towers with Radar,0,0,17,0,17,0,3,118,0,121,0,3,135,0,138,174,0,174,312
07/02/2020,CCR,CA,AWP,WE,Towers with Radar,0,7,30,0,37,0,5,83,0,88,0,12,113,0,125,88,0,88,213
07/03/2020,CCR,CA,AWP,WE,Towers with Radar,0,2,23,0,25,0,1,88,0,89,0,3,111,0,114,74,0,74,188
07/04/2020,CCR,CA,AWP,WE,Towers with Radar,0,0,3,0,3,0,1,57,0,58,0,1,60,0,61,50,0,50,111
07/05/2020,CCR,CA,AWP,WE,Towers with Radar,0,4,13,0,17,0,9,63,0,72,0,13,76,0,89,98,0,98,187
07/06/2020,CCR,CA,AWP,WE,Towers with Radar,0,8,10,0,18,0,0,91,0,91,0,8,101,0,109,106,0,106,215
07/07/2020,CCR,CA,AWP,WE,Towers with Radar,0,1,10,0,11,0,0,68,0,68,0,1,78,0,79,236,0,236,315
07/08/2020,CCR,CA,AWP,WE,Towers with Radar,0,2,7,0,9,0,7,72,0,79,0,9,79,0,88,146,0,146,234
07/09/2020,CCR,CA,AWP,WE,Towers with Radar,0,3,25,0,28,0,3,56,0,59,0,6,81,0,87,85,0,85,172
07/10/2020,CCR,CA,AWP,WE,Towers with Radar,0,3,11,0,14,0,5,86,0,91,0,8,97,0,105,116,0,116,221
07/11/2020,CCR,CA,AWP,WE,Towers with Radar,0,0,25,0,25,0,8,74,0,82,0,8,99,0,107,70,4,74,181
07/12/2020,CCR,CA,AWP,WE,Towers with Radar,0,5,7,0,12,0,0,84,0,84,0,5,91,0,96,82,0,82,178
07/13/2020,CCR,CA,AWP,WE,Towers with Radar,0,2,12,0,14,0,8,92,0,100,0,10,104,0,114,54,0,54,168
07/14/2020,CCR,CA,AWP,WE,Towers with Radar,0,2,15,0,17,0,0,63,0,63,0,2,78,0,80,102,0,102,182
07/15/2020,CCR,CA,AWP,WE,Towers with Radar,0,1,8,0,9,0,3,62,0,65,0,4,70,0,74,40,0,40,114
07/16/2020,CCR,CA,AWP,WE,Towers with Radar,0,5,12,0,17,0,1,53,0,54,0,6,65,0,71,78,0,78,149
07/17/2020,CCR,CA,AWP,WE,Towers with Radar,0,2,12,0,14,0,4,63,0,67,0,6,75,0,81,58,0,58,139
07/18/2020,CCR,CA,AWP,WE,Towers with Radar,0,3,13,0,16,0,2,86,0,88,0,5,99,0,104,54,0,54,158
07/19/2020,CCR,CA,AWP,WE,Towers with Radar,0,4,10,0,14,0,2,72,0,74,0,6,82,0,88,90,0,90,178
07/20/2020,CCR,CA,AWP,WE,Towers with Radar,0,2,15,0,17,0,5,54,0,59,0,7,69,0,76,140,0,140,216
07/21/2020,CCR,CA,AWP,WE,Towers with Radar,0,1,11,0,12,0,6,58,2,66,0,7,69,2,78,122,0,122,200
07/22/2020,CCR,CA,AWP,WE,Towers with Radar,0,3,3,0,6,0,5,64,0,69,0,8,67,0,75,96,0,96,171
07/23/2020,CCR,CA,AWP,WE,Towers with Radar,0,4,13,0,17,0,5,68,0,73,0,9,81,0,90,136,0,136,226
07/24/2020,CCR,CA,AWP,WE,Towers with Radar,0,3,6,0,9,0,12,70,0,82,0,15,76,0,91,146,0,146,237
07/25/2020,CCR,CA,AWP,WE,Towers with Radar,0,1,7,0,8,0,2,83,0,85,0,3,90,0,93,58,0,58,151
07/26/2020,CCR,CA,AWP,WE,Towers with Radar,0,5,12,0,17,0,3,71,0,74,0,8,83,0,91,96,0,96,187
07/27/2020,CCR,CA,AWP,WE,Towers with Radar,0,7,12,0,19,0,7,67,1,75,0,14,79,1,94,74,0,74,168
07/28/2020,CCR,CA,AWP,WE,Towers with Radar,0,2,12,0,14,0,3,55,0,58,0,5,67,0,72,70,0,70,142
07/29/2020,CCR,CA,AWP,WE,Towers with Radar,0,4,9,0,13,0,2,53,0,55,0,6,62,0,68,60,0,60,128
07/30/2020,CCR,CA,AWP,WE,Towers with Radar,0,3,17,0,20,0,3,94,0,97,0,6,111,0,117,182,0,182,299
07/31/2020,CCR,CA,AWP,WE,Towers with Radar,0,3,12,0,15,0,5,89,0,94,0,8,101,0,109,152,0,152,261
08/01/2020,CCR,CA,AWP,WE,Towers with Radar,0,3,12,0,15,0,6,106,0,112,0,9,118,0,127,150,0,150,277
08/02/2020,CCR,CA,AWP,WE,Towers with Radar,0,6,10,0,16,0,2,106,0,108,0,8,116,0,124,110,0,110,234
08/03/2020,CCR,CA,AWP,WE,Towers with Radar,0,8,12,0,20,0,6,105,0,111,0,14,117,0,131,60,0,60,191
08/04/2020,CCR,CA,AWP,WE,Towers with Radar,0,2,13,0,15,0,4,95,0,99,0,6,108,0,114,240,0,240,354
08/05/2020,CCR,CA,AWP,WE,Towers with Radar,0,6,19,0,25,0,1,26,1,28,0,7,45,1,53,20,2,22,75
08/06/2020,CCR,CA,AWP,WE,Towers with Radar,0,1,23,0,24,0,6,105,0,111,0,7,128,0,135,196,0,196,331
08/07/2020,CCR,CA,AWP,WE,Towers with Radar,0,1,21,0,22,0,10,122,0,132,0,11,143,0,154,244,0,244,398
08/08/2020,CCR,CA,AWP,WE,Towers with Radar,0,2,10,0,12,0,4,89,0,93,0,6,99,0,105,78,0,78,183
08/09/2020,CCR,CA,AWP,WE,Towers with Radar,0,9,18,0,27,0,8,93,2,103,0,17,111,2,130,152,0,152,282
08/10/2020,CCR,CA,AWP,WE,Towers with Radar,0,0,0,0,0,0,0,0,0,0,0,0,0,0,0,0,0,0,0
08/11/2020,CCR,CA,AWP,WE,Towers with Radar,0,1,7,0,8,0,3,69,0,72,0,4,76,0,80,136,0,136,216
08/12/2020,CCR,CA,AWP,WE,Towers with Radar,0,4,9,0,13,0,7,76,0,83,0,11,85,0,96,164,0,164,260
08/13/2020,CCR,CA,AWP,WE,Towers with Radar,0,5,17,0,22,0,2,94,0,96,0,7,111,0,118,200,0,200,318
08/14/2020,CCR,CA,AWP,WE,Towers with Radar,0,5,11,0,16,0,4,69,0,73,0,9,80,0,89,120,0,120,209
08/15/2020,CCR,CA,AWP,WE,Towers with Radar,0,1,12,0,13,0,4,97,0,101,0,5,109,0,114,78,0,78,192
08/16/2020,CCR,CA,AWP,WE,Towers with Radar,0,6,10,0,16,0,8,40,0,48,0,14,50,0,64,30,0,30,94
08/17/2020,CCR,CA,AWP,WE,Towers with Radar,0,4,13,0,17,0,11,46,0,57,0,15,59,0,74,60,0,60,134
08/18/2020,CCR,CA,AWP,WE,Towers with Radar,0,6,6,0,12,0,2,78,0,80,0,8,84,0,92,202,0,202,294
08/19/2020,CCR,CA,AWP,WE,Towers with Radar,0,2,18,0,20,0,7,51,0,58,0,9,69,0,78,86,0,86,164
08/20/2020,CCR,CA,AWP,WE,Towers with Radar,0,5,23,0,28,0,4,23,0,27,0,9,46,0,55,50,0,50,105
08/21/2020,CCR,CA,AWP,WE,Towers with Radar,0,9,24,0,33,0,6,29,2,37,0,15,53,2,70,54,0,54,124
08/22/2020,CCR,CA,AWP,WE,Towers with Radar,0,4,28,0,32,0,2,16,0,18,0,6,44,0,50,82,0,82,132
08/23/2020,CCR,CA,AWP,WE,Towers with Radar,0,12,26,0,38,0,1,14,0,15,0,13,40,0,53,26,0,26,79
08/24/2020,CCR,CA,AWP,WE,Towers with Radar,0,13,14,0,27,0,0,3,0,3,0,13,17,0,30,14,0,14,44
08/25/2020,CCR,CA,AWP,WE,Towers with Radar,0,1,5,0,6,0,2,24,0,26,0,3,29,0,32,33,0,33,65
08/26/2020,CCR,CA,AWP,WE,Towers with Radar,0,6,26,0,32,0,7,54,0,61,0,13,80,0,93,116,0,116,209
08/27/2020,CCR,CA,AWP,WE,Towers with Radar,0,5,30,0,35,0,4,87,0,91,0,9,117,0,126,156,0,156,282
08/28/2020,CCR,CA,AWP,WE,Towers with Radar,0,4,14,0,18,0,11,55,0,66,0,15,69,0,84,78,0,78,162
08/29/2020,CCR,CA,AWP,WE,Towers with Radar,0,2,22,0,24,0,5,67,0,72,0,7,89,0,96,128,0,128,224
08/30/2020,CCR,CA,AWP,WE,Towers with Radar,0,3,17,0,20,0,7,83,0,90,0,10,100,0,110,130,0,130,240
08/31/2020,CCR,CA,AWP,WE,Towers with Radar,0,8,19,0,27,0,6,71,0,77,0,14,90,0,104,178,0,178,282
09/01/2020,CCR,CA,AWP,WE,Towers with Radar,0,1,20,0,21,0,11,79,0,90,0,12,99,0,111,162,0,162,273
09/02/2020,CCR,CA,AWP,WE,Towers with Radar,0,2,28,0,30,0,4,60,0,64,0,6,88,0,94,135,0,135,229
09/03/2020,CCR,CA,AWP,WE,Towers with Radar,0,10,41,0,51,0,4,58,0,62,0,14,99,0,113,22,0,22,135
09/04/2020,CCR,CA,AWP,WE,Towers with Radar,0,5,16,0,21,0,1,81,0,82,0,6,97,0,103,242,0,242,345
09/05/2020,CCR,CA,AWP,WE,Towers with Radar,0,1,14,0,15,0,5,101,0,106,0,6,115,0,121,96,0,96,217
09/06/2020,CCR,CA,AWP,WE,Towers with Radar,0,10,18,0,28,0,0,22,0,22,0,10,40,0,50,12,0,12,62
09/07/2020,CCR,CA,AWP,WE,Towers with Radar,0,5,16,0,21,0,10,33,0,43,0,15,49,0,64,42,0,42,106
09/08/2020,CCR,CA,AWP,WE,Towers with Radar,0,1,28,0,29,0,3,18,0,21,0,4,46,0,50,70,0,70,120
09/09/2020,CCR,CA,AWP,WE,Towers with Radar,0,2,9,0,11,0,5,3,0,8,0,7,12,0,19,24,0,24,43
09/10/2020,CCR,CA,AWP,WE,Towers with Radar,0,6,17,0,23,0,2,3,0,5,0,8,20,0,28,60,8,68,96
09/11/2020,CCR,CA,AWP,WE,Towers with Radar,0,4,15,0,19,0,0,0,0,0,0,4,15,0,19,0,0,0,19
09/12/2020,CCR,CA,AWP,WE,Towers with Radar,0,4,23,0,27,0,0,0,0,0,0,4,23,0,27,0,0,0,27
09/13/2020,CCR,CA,AWP,WE,Towers with Radar,0,4,21,0,25,0,0,0,0,0,0,4,21,0,25,0,0,0,25
09/14/2020,CCR,CA,AWP,WE,Towers with Radar,0,11,19,0,30,0,0,0,0,0,0,11,19,0,30,0,0,0,30
09/15/2020,CCR,CA,AWP,WE,Towers with Radar,0,5,24,0,29,0,0,35,0,35,0,5,59,0,64,174,0,174,238
09/16/2020,CCR,CA,AWP,WE,Towers with Radar,0,7,20,0,27,0,0,52,0,52,0,7,72,0,79,16,0,16,95
09/17/2020,CCR,CA,AWP,WE,Towers with Radar,0,8,28,0,36,0,11,101,0,112,0,19,129,0,148,122,0,122,270
09/18/2020,CCR,CA,AWP,WE,Towers with Radar,0,6,8,2,16,0,6,132,0,138,0,12,140,2,154,172,0,172,326
09/19/2020,CCR,CA,AWP,WE,Towers with Radar,0,5,24,0,29,0,5,118,0,123,0,10,142,0,152,130,0,130,282
09/20/2020,CCR,CA,AWP,WE,Towers with Radar,0,2,29,0,31,0,1,137,0,138,0,3,166,0,169,230,0,230,399
09/21/2020,CCR,CA,AWP,WE,Towers with Radar,0,2,9,0,11,0,7,111,0,118,0,9,120,0,129,132,0,132,261
09/22/2020,CCR,CA,AWP,WE,Towers with Radar,0,0,18,0,18,0,4,92,0,96,0,4,110,0,114,126,0,126,240
09/23/2020,CCR,CA,AWP,WE,Towers with Radar,0,5,21,0,26,0,8,99,0,107,0,13,120,0,133,78,0,78,211
09/24/2020,CCR,CA,AWP,WE,Towers with Radar,0,7,21,4,32,0,7,83,4,94,0,14,104,8,126,68,0,68,194
09/25/2020,CCR,CA,AWP,WE,Towers with Radar,0,5,18,0,23,0,6,116,0,122,0,11,134,0,145,130,0,130,275
09/26/2020,CCR,CA,AWP,WE,Towers with Radar,0,0,9,0,9,0,27,88,1,116,0,27,97,1,125,116,0,116,241
09/27/2020,CCR,CA,AWP,WE,Towers with Radar,0,8,21,0,29,0,11,74,0,85,0,19,95,0,114,58,0,58,172
09/28/2020,CCR,CA,AWP,WE,Towers with Radar,0,4,16,0,20,0,1,61,0,62,0,5,77,0,82,68,20,88,170
09/29/2020,CCR,CA,AWP,WE,Towers with Radar,0,1,17,0,18,0,5,73,0,78,0,6,90,0,96,198,0,198,294
09/30/2020,CCR,CA,AWP,WE,Towers with Radar,0,11,29,0,40,0,3,10,0,13,0,14,39,0,53,20,0,20,73
10/01/2020,CCR,CA,AWP,WE,Towers with Radar,0,9,25,0,34,0,3,23,0,26,0,12,48,0,60,44,0,44,104
10/02/2020,CCR,CA,AWP,WE,Towers with Radar,0,10,22,0,32,0,0,1,0,1,0,10,23,0,33,0,0,0,33
10/03/2020,CCR,CA,AWP,WE,Towers with Radar,0,6,16,0,22,0,2,38,0,40,0,8,54,0,62,116,0,116,178
10/04/2020,CCR,CA,AWP,WE,Towers with Radar,0,8,15,0,23,0,11,92,0,103,0,19,107,0,126,112,0,112,238
10/05/2020,CCR,CA,AWP,WE,Towers with Radar,0,7,21,0,28,0,3,53,0,56,0,10,74,0,84,54,0,54,138
10/06/2020,CCR,CA,AWP,WE,Towers with Radar,0,6,18,0,24,0,1,65,0,66,0,7,83,0,90,112,0,112,202
10/07/2020,CCR,CA,AWP,WE,Towers with Radar,0,3,26,0,29,0,8,90,0,98,0,11,116,0,127,108,0,108,235
10/08/2020,CCR,CA,AWP,WE,Towers with Radar,0,9,20,0,29,0,14,61,0,75,0,23,81,0,104,126,0,126,230
10/09/2020,CCR,CA,AWP,WE,Towers with Radar,0,5,31,0,36,0,3,89,0,92,0,8,120,0,128,50,0,50,178
10/10/2020,CCR,CA,AWP,WE,Towers with Radar,0,9,24,0,33,0,6,89,0,95,0,15,113,0,128,100,0,100,228
10/11/2020,CCR,CA,AWP,WE,Towers with Radar,0,7,18,0,25,0,4,151,0,155,0,11,169,0,180,190,0,190,370
10/12/2020,CCR,CA,AWP,WE,Towers with Radar,0,10,22,0,32,0,10,113,0,123,0,20,135,0,155,72,0,72,227
10/13/2020,CCR,CA,AWP,WE,Towers with Radar,0,3,22,0,25,0,5,132,0,137,0,8,154,0,162,78,0,78,240
10/14/2020,CCR,CA,AWP,WE,Towers with Radar,0,7,22,0,29,0,4,125,0,129,0,11,147,0,158,162,0,162,320
10/15/2020,CCR,CA,AWP,WE,Towers with Radar,0,6,12,0,18,0,6,96,0,102,0,12,108,0,120,54,0,54,174
10/16/2020,CCR,CA,AWP,WE,Towers with Radar,0,3,16,0,19,0,4,125,0,129,0,7,141,0,148,126,0,126,274
10/17/2020,CCR,CA,AWP,WE,Towers with Radar,0,0,15,0,15,0,0,112,0,112,0,0,127,0,127,156,0,156,283
10/18/2020,CCR,CA,AWP,WE,Towers with Radar,0,5,21,0,26,0,2,134,0,136,0,7,155,0,162,172,0,172,334
10/19/2020,CCR,CA,AWP,WE,Towers with Radar,0,6,23,0,29,0,3,100,0,103,0,9,123,0,132,194,0,194,326
10/20/2020,CCR,CA,AWP,WE,Towers with Radar,0,7,17,0,24,0,8,75,0,83,0,15,92,0,107,132,1,133,240
10/21/2020,CCR,CA,AWP,WE,Towers with Radar,0,6,18,0,24,0,1,135,0,136,0,7,153,0,160,206,0,206,366
10/22/2020,CCR,CA,AWP,WE,Towers with Radar,0,6,16,0,22,0,3,112,0,115,0,9,128,0,137,114,0,114,251
10/23/2020,CCR,CA,AWP,WE,Towers with Radar,0,10,16,0,26,0,4,108,0,112,0,14,124,0,138,166,0,166,304
10/24/2020,CCR,CA,AWP,WE,Towers with Radar,0,1,19,0,20,0,2,85,0,87,0,3,104,0,107,284,0,284,391
10/25/2020,CCR,CA,AWP,WE,Towers with Radar,0,9,24,0,33,0,2,77,0,79,0,11,101,0,112,72,0,72,184
10/26/2020,CCR,CA,AWP,WE,Towers with Radar,0,5,12,0,17,0,5,63,0,68,0,10,75,0,85,26,0,26,111
10/27/2020,CCR,CA,AWP,WE,Towers with Radar,0,2,18,0,20,0,5,116,0,121,0,7,134,0,141,178,0,178,319
10/28/2020,CCR,CA,AWP,WE,Towers with Radar,0,3,24,0,27,0,1,113,0,114,0,4,137,0,141,180,0,180,321
10/29/2020,CCR,CA,AWP,WE,Towers with Radar,0,4,15,0,19,0,0,110,0,110,0,4,125,0,129,202,0,202,331
10/30/2020,CCR,CA,AWP,WE,Towers with Radar,0,4,25,0,29,0,8,122,0,130,0,12,147,0,159,204,0,204,363
10/31/2020,CCR,CA,AWP,WE,Towers with Radar,0,2,16,0,18,0,6,114,1,121,0,8,130,1,139,196,8,204,343
11/01/2020,CCR,CA,AWP,WE,Towers with Radar,0,9,20,0,29,0,5,123,0,128,0,14,143,0,157,110,0,110,267
11/02/2020,CCR,CA,AWP,WE,Towers with Radar,0,3,12,2,17,0,10,77,0,87,0,13,89,2,104,101,0,101,205
11/03/2020,CCR,CA,AWP,WE,Towers with Radar,0,3,15,0,18,0,0,122,0,122,0,3,137,0,140,114,0,114,254
11/04/2020,CCR,CA,AWP,WE,Towers with Radar,0,3,13,0,16,0,2,89,0,91,0,5,102,0,107,116,0,116,223
11/05/2020,CCR,CA,AWP,WE,Towers with Radar,0,6,17,0,23,0,2,135,0,137,0,8,152,0,160,140,0,140,300
11/06/2020,CCR,CA,AWP,WE,Towers with Radar,0,2,11,0,13,0,4,45,0,49,0,6,56,0,62,58,0,58,120
11/07/2020,CCR,CA,AWP,WE,Towers with Radar,0,3,11,0,14,0,5,89,0,94,0,8,100,0,108,120,0,120,228
11/08/2020,CCR,CA,AWP,WE,Towers with Radar,0,4,15,0,19,0,3,41,0,44,0,7,56,0,63,24,0,24,87
11/09/2020,CCR,CA,AWP,WE,Towers with Radar,0,3,13,0,16,0,3,79,0,82,0,6,92,0,98,88,0,88,186
11/10/2020,CCR,CA,AWP,WE,Towers with Radar,0,2,17,0,19,0,0,79,0,79,0,2,96,0,98,130,0,130,228
11/11/2020,CCR,CA,AWP,WE,Towers with Radar,0,7,27,0,34,0,16,86,0,102,0,23,113,0,136,140,0,140,276
11/12/2020,CCR,CA,AWP,WE,Towers with Radar,0,13,22,0,35,0,18,113,0,131,0,31,135,0,166,155,0,155,321
11/13/2020,CCR,CA,AWP,WE,Towers with Radar,0,5,27,0,32,0,0,42,0,42,0,5,69,0,74,70,0,70,144
11/14/2020,CCR,CA,AWP,WE,Towers with Radar,0,2,13,0,15,0,13,128,0,141,0,15,141,0,156,198,0,198,354
11/15/2020,CCR,CA,AWP,WE,Towers with Radar,0,4,21,0,25,0,8,139,0,147,0,12,160,0,172,118,0,118,290
11/16/2020,CCR,CA,AWP,WE,Towers with Radar,0,6,7,0,13,0,5,120,0,125,0,11,127,0,138,110,0,110,248
11/17/2020,CCR,CA,AWP,WE,Towers with Radar,0,4,15,0,19,0,3,7,0,10,0,7,22,0,29,10,0,10,39
11/18/2020,CCR,CA,AWP,WE,Towers with Radar,0,3,16,0,19,0,6,23,0,29,0,9,39,0,48,24,0,24,72
11/19/2020,CCR,CA,AWP,WE,Towers with Radar,0,2,46,0,48,0,6,107,0,113,0,8,153,0,161,154,0,154,315
11/20/2020,CCR,CA,AWP,WE,Towers with Radar,0,7,21,0,28,0,6,172,0,178,0,13,193,0,206,210,0,210,416
11/21/2020,CCR,CA,AWP,WE,Towers with Radar,0,4,14,0,18,0,3,141,0,144,0,7,155,0,162,140,0,140,302
11/22/2020,CCR,CA,AWP,WE,Towers with Radar,0,7,19,0,26,0,12,135,0,147,0,19,154,0,173,116,0,116,289
11/23/2020,CCR,CA,AWP,WE,Towers with Radar,0,1,25,0,26,0,13,80,0,93,0,14,105,0,119,124,0,124,243
11/24/2020,CCR,CA,AWP,WE,Towers with Radar,0,4,25,0,29,0,7,122,0,129,0,11,147,0,158,170,0,170,328
11/25/2020,CCR,CA,AWP,WE,Towers with Radar,0,3,24,0,27,0,9,136,1,146,0,12,160,1,173,124,0,124,297
11/26/2020,CCR,CA,AWP,WE,Towers with Radar,0,4,4,0,8,0,8,29,0,37,0,12,33,0,45,26,0,26,71
11/27/2020,CCR,CA,AWP,WE,Towers with Radar,0,2,16,0,18,0,8,118,0,126,0,10,134,0,144,60,0,60,204
11/28/2020,CCR,CA,AWP,WE,Towers with Radar,0,10,15,0,25,0,7,157,0,164,0,17,172,0,189,116,14,130,319
11/29/2020,CCR,CA,AWP,WE,Towers with Radar,0,9,12,0,21,0,1,123,0,124,0,10,135,0,145,144,0,144,289
11/30/2020,CCR,CA,AWP,WE,Towers with Radar,0,5,20,0,25,0,3,97,0,100,0,8,117,0,125,120,0,120,245
12/01/2020,CCR,CA,AWP,WE,Towers with Radar,0,2,28,0,30,0,5,98,0,103,0,7,126,0,133,136,0,136,269
12/02/2020,CCR,CA,AWP,WE,Towers with Radar,0,2,16,0,18,0,5,109,1,115,0,7,125,1,133,128,0,128,261
12/03/2020,CCR,CA,AWP,WE,Towers with Radar,1,1,27,0,29,1,5,127,0,133,2,6,154,0,162,136,0,136,298
12/04/2020,CCR,CA,AWP,WE,Towers with Radar,0,4,20,2,26,0,6,160,0,166,0,10,180,2,192,196,0,196,388
12/05/2020,CCR,CA,AWP,WE,Towers with Radar,0,2,21,0,23,0,3,143,1,147,0,5,164,1,170,254,0,254,424
12/06/2020,CCR,CA,AWP,WE,Towers with Radar,0,2,27,0,29,0,9,103,0,112,0,11,130,0,141,82,0,82,223
12/07/2020,CCR,CA,AWP,WE,Towers with Radar,0,5,13,0,18,0,4,61,0,65,0,9,74,0,83,20,0,20,103
12/08/2020,CCR,CA,AWP,WE,Towers with Radar,0,11,25,0,36,0,6,112,0,118,0,17,137,0,154,174,0,174,328
12/09/2020,CCR,CA,AWP,WE,Towers with Radar,0,1,31,0,32,0,6,90,0,96,0,7,121,0,128,128,0,128,256
12/10/2020,CCR,CA,AWP,WE,Towers with Radar,0,2,31,0,33,0,7,122,0,129,0,9,153,0,162,196,16,212,374
12/11/2020,CCR,CA,AWP,WE,Towers with Radar,0,4,45,0,49,0,4,76,0,80,0,8,121,0,129,70,0,70,199
12/12/2020,CCR,CA,AWP,WE,Towers with Radar,0,4,23,0,27,0,1,48,0,49,0,5,71,0,76,58,0,58,134
12/13/2020,CCR,CA,AWP,WE,Towers with Radar,0,3,25,0,28,0,1,1,0,2,0,4,26,0,30,18,0,18,48
12/14/2020,CCR,CA,AWP,WE,Towers with Radar,0,2,25,2,29,0,12,111,1,124,0,14,136,3,153,114,0,114,267
12/15/2020,CCR,CA,AWP,WE,Towers with Radar,0,1,27,0,28,0,3,130,1,134,0,4,157,1,162,154,0,154,316
12/16/2020,CCR,CA,AWP,WE,Towers with Radar,0,0,11,0,11,0,5,56,0,61,0,5,67,0,72,106,0,106,178
12/17/2020,CCR,CA,AWP,WE,Towers with Radar,0,6,29,0,35,0,2,71,0,73,0,8,100,0,108,82,0,82,190
12/18/2020,CCR,CA,AWP,WE,Towers with Radar,0,5,21,0,26,0,5,134,0,139,0,10,155,0,165,182,0,182,347
12/19/2020,CCR,CA,AWP,WE,Towers with Radar,0,6,19,0,25,0,2,86,0,88,0,8,105,0,113,136,0,136,249
12/20/2020,CCR,CA,AWP,WE,Towers with Radar,0,2,16,0,18,0,3,82,0,85,0,5,98,0,103,142,0,142,245
12/21/2020,CCR,CA,AWP,WE,Towers with Radar,0,3,26,0,29,0,2,6,0,8,0,5,32,0,37,2,0,2,39
12/22/2020,CCR,CA,AWP,WE,Towers with Radar,0,6,19,0,25,0,3,70,0,73,0,9,89,0,98,196,0,196,294
12/23/2020,CCR,CA,AWP,WE,Towers with Radar,0,2,25,0,27,0,5,113,0,118,0,7,138,0,145,166,0,166,311
12/24/2020,CCR,CA,AWP,WE,Towers with Radar,0,3,7,0,10,0,0,52,0,52,0,3,59,0,62,106,0,106,168
12/25/2020,CCR,CA,AWP,WE,Towers with Radar,0,2,3,0,5,0,1,0,0,1,0,3,3,0,6,0,0,0,6
12/26/2020,CCR,CA,AWP,WE,Towers with Radar,0,5,18,0,23,0,6,71,0,77,0,11,89,0,100,176,0,176,276
12/27/2020,CCR,CA,AWP,WE,Towers with Radar,0,11,17,0,28,0,5,93,0,98,0,16,110,0,126,108,0,108,234
12/28/2020,CCR,CA,AWP,WE,Towers with Radar,0,5,15,0,20,0,0,14,0,14,0,5,29,0,34,4,0,4,38
12/29/2020,CCR,CA,AWP,WE,Towers with Radar,0,8,14,0,22,0,2,189,0,191,0,10,203,0,213,212,0,212,425
12/30/2020,CCR,CA,AWP,WE,Towers with Radar,0,2,32,0,34,0,6,110,1,117,0,8,142,1,151,206,0,206,357
12/31/2020,CCR,CA,AWP,WE,Towers with Radar,0,9,13,0,22,0,6,131,0,137,0,15,144,0,159,152,0,152,311
01/01/2021,CCR,CA,AWP,WE,Towers with Radar,0,5,8,0,13,0,4,75,0,79,0,9,83,0,92,82,0,82,174
01/02/2021,CCR,CA,AWP,WE,Towers with Radar,0,4,28,0,32,0,0,0,0,0,0,4,28,0,32,0,0,0,32
01/03/2021,CCR,CA,AWP,WE,Towers with Radar,0,10,28,0,38,0,4,27,0,31,0,14,55,0,69,20,0,20,89
01/04/2021,CCR,CA,AWP,WE,Towers with Radar,0,4,9,0,13,0,1,9,2,12,0,5,18,2,25,6,4,10,35
01/05/2021,CCR,CA,AWP,WE,Towers with Radar,0,8,7,0,15,0,6,107,0,113,0,14,114,0,128,126,0,126,254
01/06/2021,CCR,CA,AWP,WE,Towers with Radar,0,6,16,0,22,0,4,57,0,61,0,10,73,0,83,84,0,84,167
01/07/2021,CCR,CA,AWP,WE,Towers with Radar,0,11,15,0,26,0,3,121,0,124,0,14,136,0,150,202,0,202,352
01/08/2021,CCR,CA,AWP,WE,Towers with Radar,0,10,35,0,45,0,3,60,0,63,0,13,95,0,108,62,0,62,170
01/09/2021,CCR,CA,AWP,WE,Towers with Radar,0,1,34,0,35,0,4,173,0,177,0,5,207,0,212,298,0,298,510
01/10/2021,CCR,CA,AWP,WE,Towers with Radar,0,4,27,0,31,0,4,52,0,56,0,8,79,0,87,168,0,168,255
01/11/2021,CCR,CA,AWP,WE,Towers with Radar,0,7,12,0,19,0,1,103,0,104,0,8,115,0,123,116,0,116,239
01/12/2021,CCR,CA,AWP,WE,Towers with Radar,0,7,16,0,23,0,6,84,0,90,0,13,100,0,113,114,0,114,227
01/13/2021,CCR,CA,AWP,WE,Towers with Radar,0,1,22,0,23,0,6,77,0,83,0,7,99,0,106,210,0,210,316
01/14/2021,CCR,CA,AWP,WE,Towers with Radar,0,8,25,0,33,0,9,117,0,126,0,17,142,0,159,180,0,180,339
01/15/2021,CCR,CA,AWP,WE,Towers with Radar,0,11,10,0,21,0,9,115,0,124,0,20,125,0,145,178,0,178,323
01/16/2021,CCR,CA,AWP,WE,Towers with Radar,0,3,30,8,41,0,12,177,2,191,0,15,207,10,232,178,0,178,410
01/17/2021,CCR,CA,AWP,WE,Towers with Radar,0,12,16,0,28,0,8,134,0,142,0,20,150,0,170,138,0,138,308
01/18/2021,CCR,CA,AWP,WE,Towers with Radar,0,10,18,0,28,0,5,52,0,57,0,15,70,0,85,10,0,10,95
01/19/2021,CCR,CA,AWP,WE,Towers with Radar,0,2,2,0,4,0,10,17,0,27,0,12,19,0,31,0,0,0,31
01/20/2021,CCR,CA,AWP,WE,Towers with Radar,0,3,28,0,31,0,7,110,0,117,0,10,138,0,148,194,0,194,342
01/21/2021,CCR,CA,AWP,WE,Towers with Radar,0,4,22,0,26,0,7,121,0,128,0,11,143,0,154,166,0,166,320
01/22/2021,CCR,CA,AWP,WE,Towers with Radar,0,5,18,0,23,0,0,21,0,21,0,5,39,0,44,38,0,38,82
01/23/2021,CCR,CA,AWP,WE,Towers with Radar,0,3,29,1,33,0,8,173,1,182,0,11,202,2,215,236,0,236,451
01/24/2021,CCR,CA,AWP,WE,Towers with Radar,0,10,16,0,26,0,0,17,0,17,0,10,33,0,43,94,0,94,137
01/25/2021,CCR,CA,AWP,WE,Towers with Radar,0,8,10,0,18,0,2,50,0,52,0,10,60,0,70,28,0,28,98
01/26/2021,CCR,CA,AWP,WE,Towers with Radar,0,4,7,0,11,0,4,65,0,69,0,8,72,0,80,154,0,154,234
01/27/2021,CCR,CA,AWP,WE,Towers with Radar,0,1,2,0,3,0,0,2,0,2,0,1,4,0,5,52,0,52,57
01/28/2021,CCR,CA,AWP,WE,Towers with Radar,0,4,2,0,6,0,9,6,0,15,0,13,8,0,21,22,0,22,43
01/29/2021,CCR,CA,AWP,WE,Towers with Radar,0,8,12,0,20,0,7,74,0,81,0,15,86,0,101,196,0,196,297
01/30/2021,CCR,CA,AWP,WE,Towers with Radar,0,2,21,0,23,0,7,105,2,114,0,9,126,2,137,188,0,188,325
01/31/2021,CCR,CA,AWP,WE,Towers with Radar,0,5,11,0,16,0,4,136,0,140,0,9,147,0,156,240,0,240,396
02/01/2021,CCR,CA,AWP,WE,Towers with Radar,0,5,10,0,15,0,2,52,0,54,0,7,62,0,69,108,0,108,177
02/02/2021,CCR,CA,AWP,WE,Towers with Radar,0,0,15,0,15,0,1,35,0,36,0,1,50,0,51,75,0,75,126
02/03/2021,CCR,CA,AWP,WE,Towers with Radar,0,5,24,0,29,0,3,90,0,93,0,8,114,0,122,102,0,102,224
02/04/2021,CCR,CA,AWP,WE,Towers with Radar,0,7,14,2,23,0,5,118,2,125,0,12,132,4,148,230,0,230,378
02/05/2021,CCR,CA,AWP,WE,Towers with Radar,0,5,20,0,25,0,10,136,0,146,0,15,156,0,171,180,0,180,351
02/06/2021,CCR,CA,AWP,WE,Towers with Radar,0,8,15,0,23,0,10,170,2,182,0,18,185,2,205,152,0,152,357
02/07/2021,CCR,CA,AWP,WE,Towers with Radar,0,6,17,0,23,0,10,130,0,140,0,16,147,0,163,94,0,94,257
02/08/2021,CCR,CA,AWP,WE,Towers with Radar,0,3,19,0,22,0,4,63,0,67,0,7,82,0,89,50,0,50,139
02/09/2021,CCR,CA,AWP,WE,Towers with Radar,0,3,25,2,30,0,7,64,0,71,0,10,89,2,101,102,0,102,203
02/10/2021,CCR,CA,AWP,WE,Towers with Radar,0,3,19,1,23,0,6,129,1,136,0,9,148,2,159,150,0,150,309
02/11/2021,CCR,CA,AWP,WE,Towers with Radar,0,8,24,0,32,0,5,52,0,57,0,13,76,0,89,64,0,64,153
02/12/2021,CCR,CA,AWP,WE,Towers with Radar,0,9,17,0,26,0,6,121,0,127,0,15,138,0,153,176,0,176,329
02/13/2021,CCR,CA,AWP,WE,Towers with Radar,0,6,9,0,15,0,6,40,0,46,0,12,49,0,61,74,0,74,135
02/14/2021,CCR,CA,AWP,WE,Towers with Radar,0,6,16,0,22,0,11,84,0,95,0,17,100,0,117,172,0,172,289
02/15/2021,CCR,CA,AWP,WE,Towers with Radar,0,9,40,0,49,0,6,22,0,28,0,15,62,0,77,24,0,24,101
02/16/2021,CCR,CA,AWP,WE,Towers with Radar,0,7,17,0,24,0,10,94,0,104,0,17,111,0,128,184,0,184,312
02/17/2021,CCR,CA,AWP,WE,Towers with Radar,0,1,29,0,30,0,3,133,0,136,0,4,162,0,166,114,0,114,280
02/18/2021,CCR,CA,AWP,WE,Towers with Radar,0,8,29,0,37,0,5,160,0,165,0,13,189,0,202,212,2,214,416
02/19/2021,CCR,CA,AWP,WE,Towers with Radar,0,10,12,0,22,0,6,20,0,26,0,16,32,0,48,8,0,8,56
02/20/2021,CCR,CA,AWP,WE,Towers with Radar,0,4,14,0,18,0,5,120,0,125,0,9,134,0,143,102,0,102,245
02/21/2021,CCR,CA,AWP,WE,Towers with Radar,0,4,29,0,33,0,5,135,0,140,0,9,164,0,173,157,0,157,330
02/22/2021,CCR,CA,AWP,WE,Towers with Radar,0,8,21,0,29,0,2,122,0,124,0,10,143,0,153,134,0,134,287
02/23/2021,CCR,CA,AWP,WE,Towers with Radar,0,3,17,0,20,0,11,117,0,128,0,14,134,0,148,200,0,200,348
02/24/2021,CCR,CA,AWP,WE,Towers with Radar,0,0,11,0,11,0,7,91,0,98,0,7,102,0,109,104,0,104,213
02/25/2021,CCR,CA,AWP,WE,Towers with Radar,0,6,24,0,30,0,11,131,0,142,0,17,155,0,172,152,0,152,324
02/26/2021,CCR,CA,AWP,WE,Towers with Radar,2,5,13,0,20,1,24,95,0,120,3,29,108,0,140,120,0,120,260
02/27/2021,CCR,CA,AWP,WE,Towers with Radar,0,1,10,0,11,0,11,139,0,150,0,12,149,0,161,202,0,202,363
02/28/2021,CCR,CA,AWP,WE,Towers with Radar,0,4,17,0,21,0,5,166,0,171,0,9,183,0,192,166,0,166,358
03/01/2021,CCR,CA,AWP,WE,Towers with Radar,0,7,12,0,19,0,5,94,0,99,0,12,106,0,118,126,0,126,244
03/02/2021,CCR,CA,AWP,WE,Towers with Radar,0,3,33,0,36,0,3,130,0,133,0,6,163,0,169,184,0,184,353
03/03/2021,CCR,CA,AWP,WE,Towers with Radar,0,4,15,0,19,0,7,125,3,135,0,11,140,3,154,184,0,184,338
03/04/2021,CCR,CA,AWP,WE,Towers with Radar,0,5,25,0,30,0,4,101,0,105,0,9,126,0,135,226,0,226,361
03/05/2021,CCR,CA,AWP,WE,Towers with Radar,0,8,30,0,38,0,7,119,0,126,0,15,149,0,164,76,0,76,240
03/06/2021,CCR,CA,AWP,WE,Towers with Radar,0,3,17,0,20,0,5,129,2,136,0,8,146,2,156,240,0,240,396
03/07/2021,CCR,CA,AWP,WE,Towers with Radar,0,9,19,0,28,0,11,142,0,153,0,20,161,0,181,146,0,146,327
03/08/2021,CCR,CA,AWP,WE,Towers with Radar,0,4,9,0,13,0,6,60,0,66,0,10,69,0,79,138,0,138,217
03/09/2021,CCR,CA,AWP,WE,Towers with Radar,0,5,11,0,16,0,13,16,0,29,0,18,27,0,45,66,0,66,111
03/10/2021,CCR,CA,AWP,WE,Towers with Radar,0,10,14,0,24,0,5,19,0,24,0,15,33,0,48,30,0,30,78
03/11/2021,CCR,CA,AWP,WE,Towers with Radar,0,10,33,0,43,0,5,94,0,99,0,15,127,0,142,162,0,162,304
03/12/2021,CCR,CA,AWP,WE,Towers with Radar,0,7,25,1,33,0,3,195,0,198,0,10,220,1,231,234,0,234,465
03/13/2021,CCR,CA,AWP,WE,Towers with Radar,0,1,37,0,38,0,10,133,2,145,0,11,170,2,183,162,0,162,345
03/14/2021,CCR,CA,AWP,WE,Towers with Radar,0,10,30,0,40,0,2,73,0,75,0,12,103,0,115,222,0,222,337
03/15/2021,CCR,CA,AWP,WE,Towers with Radar,0,4,18,0,22,0,7,30,0,37,0,11,48,0,59,60,0,60,119
03/16/2021,CCR,CA,AWP,WE,Towers with Radar,0,9,28,0,37,0,6,146,0,152,0,15,174,0,189,202,0,202,391
03/17/2021,CCR,CA,AWP,WE,Towers with Radar,0,4,20,0,24,0,5,112,0,117,0,9,132,0,141,260,0,260,401
03/18/2021,CCR,CA,AWP,WE,Towers with Radar,0,13,30,0,43,0,7,12,0,19,0,20,42,0,62,22,0,22,84
03/19/2021,CCR,CA,AWP,WE,Towers with Radar,0,9,21,0,30,0,3,56,0,59,0,12,77,0,89,272,0,272,361
03/20/2021,CCR,CA,AWP,WE,Towers with Radar,0,0,27,0,27,0,0,133,0,133,0,0,160,0,160,180,0,180,340
03/21/2021,CCR,CA,AWP,WE,Towers with Radar,0,7,22,0,29,0,10,195,0,205,0,17,217,0,234,208,0,208,442
03/22/2021,CCR,CA,AWP,WE,Towers with Radar,0,9,26,0,35,0,6,75,0,81,0,15,101,0,116,162,0,162,278
03/23/2021,CCR,CA,AWP,WE,Towers with Radar,0,0,6,0,6,0,9,28,0,37,0,9,34,0,43,10,0,10,53
03/24/2021,CCR,CA,AWP,WE,Towers with Radar,0,6,32,0,38,0,11,152,0,163,0,17,184,0,201,190,2,192,393
03/25/2021,CCR,CA,AWP,WE,Towers with Radar,0,8,21,0,29,0,0,122,0,122,0,8,143,0,151,161,0,161,312
03/26/2021,CCR,CA,AWP,WE,Towers with Radar,0,6,21,0,27,0,8,135,0,143,0,14,156,0,170,152,0,152,322
03/27/2021,CCR,CA,AWP,WE,Towers with Radar,0,2,23,0,25,0,3,119,0,122,0,5,142,0,147,218,0,218,365
03/28/2021,CCR,CA,AWP,WE,Towers with Radar,0,8,39,0,47,0,6,206,0,212,0,14,245,0,259,132,0,132,391
03/29/2021,CCR,CA,AWP,WE,Towers with Radar,0,3,17,0,20,0,1,101,0,102,0,4,118,0,122,132,0,132,254
03/30/2021,CCR,CA,AWP,WE,Towers with Radar,0,6,21,0,27,0,14,103,0,117,0,20,124,0,144,80,0,80,224
03/31/2021,CCR,CA,AWP,WE,Towers with Radar,0,7,11,1,19,0,18,138,1,157,0,25,149,2,176,226,0,226,402
04/01/2021,CCR,CA,AWP,WE,Towers with Radar,0,16,30,0,46,0,11,139,0,150,0,27,169,0,196,218,0,218,414
04/02/2021,CCR,CA,AWP,WE,Towers with Radar,0,7,20,0,27,0,15,123,2,140,0,22,143,2,167,178,8,186,353
04/03/2021,CCR,CA,AWP,WE,Towers with Radar,0,5,24,0,29,0,10,92,0,102,0,15,116,0,131,56,0,56,187
04/04/2021,CCR,CA,AWP,WE,Towers with Radar,0,1,24,0,25,0,5,72,0,77,0,6,96,0,102,114,0,114,216
04/05/2021,CCR,CA,AWP,WE,Towers with Radar,0,9,23,2,34,0,17,74,0,91,0,26,97,2,125,144,0,144,269
04/06/2021,CCR,CA,AWP,WE,Towers with Radar,0,4,32,0,36,0,20,122,0,142,0,24,154,0,178,166,0,166,344
04/07/2021,CCR,CA,AWP,WE,Towers with Radar,0,8,23,0,31,0,9,97,0,106,0,17,120,0,137,200,0,200,337
04/08/2021,CCR,CA,AWP,WE,Towers with Radar,0,5,37,0,42,0,8,161,0,169,0,13,198,0,211,192,0,192,403
04/09/2021,CCR,CA,AWP,WE,Towers with Radar,0,8,17,0,25,0,7,139,0,146,0,15,156,0,171,162,0,162,333
04/10/2021,CCR,CA,AWP,WE,Towers with Radar,0,5,20,0,25,0,9,154,0,163,0,14,174,0,188,162,0,162,350
04/11/2021,CCR,CA,AWP,WE,Towers with Radar,0,7,15,0,22,0,9,147,0,156,0,16,162,0,178,172,0,172,350
04/12/2021,CCR,CA,AWP,WE,Towers with Radar,0,7,16,0,23,0,18,124,0,142,0,25,140,0,165,103,0,103,268
04/13/2021,CCR,CA,AWP,WE,Towers with Radar,0,0,20,0,20,0,7,68,0,75,0,7,88,0,95,96,0,96,191
04/14/2021,CCR,CA,AWP,WE,Towers with Radar,0,7,33,0,40,0,20,103,0,123,0,27,136,0,163,176,0,176,339
04/15/2021,CCR,CA,AWP,WE,Towers with Radar,0,5,35,0,40,0,11,117,0,128,0,16,152,0,168,212,0,212,380
04/16/2021,CCR,CA,AWP,WE,Towers with Radar,0,7,26,0,33,0,6,131,0,137,0,13,157,0,170,156,0,156,326
04/17/2021,CCR,CA,AWP,WE,Towers with Radar,0,3,14,0,17,0,17,145,2,164,0,20,159,2,181,202,0,202,383
04/18/2021,CCR,CA,AWP,WE,Towers with Radar,0,11,22,0,33,0,9,115,0,124,0,20,137,0,157,94,0,94,251
04/19/2021,CCR,CA,AWP,WE,Towers with Radar,0,10,36,0,46,0,9,91,0,100,0,19,127,0,146,106,0,106,252
04/20/2021,CCR,CA,AWP,WE,Towers with Radar,0,5,14,0,19,0,8,71,0,79,0,13,85,0,98,28,0,28,126
04/21/2021,CCR,CA,AWP,WE,Towers with Radar,0,6,37,0,43,0,17,97,0,114,0,23,134,0,157,170,0,170,327
04/22/2021,CCR,CA,AWP,WE,Towers with Radar,0,7,20,0,27,0,4,93,0,97,0,11,113,0,124,123,0,123,247
04/23/2021,CCR,CA,AWP,WE,Towers with Radar,0,5,28,0,33,0,14,140,0,154,0,19,168,0,187,218,0,218,405
04/24/2021,CCR,CA,AWP,WE,Towers with Radar,0,2,17,0,19,0,13,101,1,115,0,15,118,1,134,150,0,150,284
04/25/2021,CCR,CA,AWP,WE,Towers with Radar,0,18,32,0,50,0,6,38,0,44,0,24,70,0,94,80,0,80,174
04/26/2021,CCR,CA,AWP,WE,Towers with Radar,0,6,33,2,41,0,4,97,1,102,0,10,130,3,143,150,4,154,297
04/27/2021,CCR,CA,AWP,WE,Towers with Radar,0,1,32,0,33,0,5,139,0,144,0,6,171,0,177,188,0,188,365
04/28/2021,CCR,CA,AWP,WE,Towers with Radar,0,14,32,0,46,0,7,114,0,121,0,21,146,0,167,194,0,194,361
04/29/2021,CCR,CA,AWP,WE,Towers with Radar,0,10,15,0,25,0,12,117,0,129,0,22,132,0,154,154,0,154,308
04/30/2021,CCR,CA,AWP,WE,Towers with Radar,0,14,39,0,53,0,7,157,3,167,0,21,196,3,220,174,24,198,418
05/01/2021,CCR,CA,AWP,WE,Towers with Radar,0,8,13,1,22,0,12,113,3,128,0,20,126,4,150,104,8,112,262
05/02/2021,CCR,CA,AWP,WE,Towers with Radar,0,10,19,0,29,0,7,117,0,124,0,17,136,0,153,170,0,170,323
05/03/2021,CCR,CA,AWP,WE,Towers with Radar,0,4,16,0,20,0,1,94,0,95,0,5,110,0,115,116,0,116,231
05/04/2021,CCR,CA,AWP,WE,Towers with Radar,0,2,29,0,31,0,10,157,0,167,0,12,186,0,198,226,0,226,424
05/05/2021,CCR,CA,AWP,WE,Towers with Radar,0,5,22,1,28,0,6,111,0,117,0,11,133,1,145,188,0,188,333
05/06/2021,CCR,CA,AWP,WE,Towers with Radar,0,6,18,0,24,0,9,120,0,129,0,15,138,0,153,118,0,118,271
05/07/2021,CCR,CA,AWP,WE,Towers with Radar,0,17,21,0,38,0,16,120,0,136,0,33,141,0,174,230,2,232,406
05/08/2021,CCR,CA,AWP,WE,Towers with Radar,0,5,22,0,27,0,1,97,2,100,0,6,119,2,127,142,0,142,269
05/09/2021,CCR,CA,AWP,WE,Towers with Radar,0,11,15,0,26,0,7,109,1,117,0,18,124,1,143,148,0,148,291
05/10/2021,CCR,CA,AWP,WE,Towers with Radar,0,12,12,0,24,0,2,121,0,123,0,14,133,0,147,158,0,158,305
05/11/2021,CCR,CA,AWP,WE,Towers with Radar,0,7,31,0,38,0,18,110,0,128,0,25,141,0,166,126,0,126,292
05/12/2021,CCR,CA,AWP,WE,Towers with Radar,0,4,19,0,23,0,8,111,0,119,0,12,130,0,142,84,0,84,226
05/13/2021,CCR,CA,AWP,WE,Towers with Radar,0,8,23,0,31,0,6,116,0,122,0,14,139,0,153,190,0,190,343
05/14/2021,CCR,CA,AWP,WE,Towers with Radar,0,10,25,0,35,0,2,79,0,81,0,12,104,0,116,90,0,90,206
05/15/2021,CCR,CA,AWP,WE,Towers with Radar,0,1,31,0,32,0,5,142,0,147,0,6,173,0,179,68,0,68,247
05/16/2021,CCR,CA,AWP,WE,Towers with Radar,0,17,36,0,53,0,3,90,2,95,0,20,126,2,148,102,0,102,250
05/17/2021,CCR,CA,AWP,WE,Towers with Radar,0,6,32,0,38,0,2,55,0,57,0,8,87,0,95,40,0,40,135
05/18/2021,CCR,CA,AWP,WE,Towers with Radar,0,0,27,0,27,0,6,80,0,86,0,6,107,0,113,212,0,212,325
05/19/2021,CCR,CA,AWP,WE,Towers with Radar,1,6,13,0,20,0,9,88,0,97,1,15,101,0,117,76,22,98,215
05/20/2021,CCR,CA,AWP,WE,Towers with Radar,0,4,13,0,17,0,5,96,0,101,0,9,109,0,118,176,0,176,294
05/21/2021,CCR,CA,AWP,WE,Towers with Radar,0,9,18,0,27,0,3,102,0,105,0,12,120,0,132,78,0,78,210
05/22/2021,CCR,CA,AWP,WE,Towers with Radar,0,1,18,0,19,0,7,104,0,111,0,8,122,0,130,120,0,120,250
05/23/2021,CCR,CA,AWP,WE,Towers with Radar,0,7,31,0,38,0,5,148,0,153,0,12,179,0,191,183,0,183,374
05/24/2021,CCR,CA,AWP,WE,Towers with Radar,0,8,25,0,33,0,4,130,0,134,0,12,155,0,167,98,0,98,265
05/25/2021,CCR,CA,AWP,WE,Towers with Radar,0,2,23,2,27,0,8,121,0,129,0,10,144,2,156,212,12,224,380
05/26/2021,CCR,CA,AWP,WE,Towers with Radar,0,4,22,0,26,0,10,147,0,157,0,14,169,0,183,170,0,170,353
05/27/2021,CCR,CA,AWP,WE,Towers with Radar,0,11,25,0,36,0,6,143,0,149,0,17,168,0,185,210,0,210,395
05/28/2021,CCR,CA,AWP,WE,Towers with Radar,0,9,23,0,32,0,5,139,2,146,0,14,162,2,178,206,20,226,404
05/29/2021,CCR,CA,AWP,WE,Towers with Radar,0,1,12,0,13,0,5,64,2,71,0,6,76,2,84,38,0,38,122
05/30/2021,CCR,CA,AWP,WE,Towers with Radar,0,5,12,0,17,0,5,101,0,106,0,10,113,0,123,78,0,78,201
05/31/2021,CCR,CA,AWP,WE,Towers with Radar,0,7,10,0,17,0,8,115,0,123,0,15,125,0,140,174,0,174,314
06/01/2021,CCR,CA,AWP,WE,Towers with Radar,0,4,22,0,26,0,10,85,0,95,0,14,107,0,121,186,0,186,307
06/02/2021,CCR,CA,AWP,WE,Towers with Radar,0,4,15,0,19,0,6,114,0,120,0,10,129,0,139,270,0,270,409
06/03/2021,CCR,CA,AWP,WE,Towers with Radar,0,10,21,1,32,0,9,174,0,183,0,19,195,1,215,264,0,264,479
06/04/2021,CCR,CA,AWP,WE,Towers with Radar,0,5,16,0,21,0,1,140,2,143,0,6,156,2,164,278,0,278,442
06/05/2021,CCR,CA,AWP,WE,Towers with Radar,0,7,14,0,21,0,8,125,1,134,0,15,139,1,155,164,0,164,319
06/06/2021,CCR,CA,AWP,WE,Towers with Radar,0,9,21,0,30,0,4,97,0,101,0,13,118,0,131,162,0,162,293
06/07/2021,CCR,CA,AWP,WE,Towers with Radar,0,8,15,0,23,0,1,57,0,58,0,9,72,0,81,38,0,38,119
06/08/2021,CCR,CA,AWP,WE,Towers with Radar,0,9,43,0,52,0,15,89,0,104,0,24,132,0,156,144,0,144,300
06/09/2021,CCR,CA,AWP,WE,Towers with Radar,0,5,23,0,28,0,8,94,0,102,0,13,117,0,130,148,0,148,278
06/10/2021,CCR,CA,AWP,WE,Towers with Radar,0,6,35,0,41,0,3,125,1,129,0,9,160,1,170,174,1,175,345
06/11/2021,CCR,CA,AWP,WE,Towers with Radar,0,17,22,0,39,0,7,142,0,149,0,24,164,0,188,218,0,218,406
06/12/2021,CCR,CA,AWP,WE,Towers with Radar,0,1,19,0,20,0,10,151,2,163,0,11,170,2,183,172,0,172,355
06/13/2021,CCR,CA,AWP,WE,Towers with Radar,0,5,25,0,30,0,11,116,0,127,0,16,141,0,157,88,0,88,245
06/14/2021,CCR,CA,AWP,WE,Towers with Radar,0,10,32,0,42,0,5,103,0,108,0,15,135,0,150,226,0,226,376
06/15/2021,CCR,CA,AWP,WE,Towers with Radar,0,2,45,0,47,0,5,102,0,107,0,7,147,0,154,116,0,116,270
06/16/2021,CCR,CA,AWP,WE,Towers with Radar,0,5,20,0,25,0,4,139,0,143,0,9,159,0,168,284,0,284,452
06/17/2021,CCR,CA,AWP,WE,Towers with Radar,0,6,28,0,34,0,2,104,0,106,0,8,132,0,140,166,0,166,306
06/18/2021,CCR,CA,AWP,WE,Towers with Radar,0,2,24,0,26,0,2,125,0,127,0,4,149,0,153,214,0,214,367
06/19/2021,CCR,CA,AWP,WE,Towers with Radar,0,5,25,0,30,0,7,168,1,176,0,12,193,1,206,170,0,170,376
06/20/2021,CCR,CA,AWP,WE,Towers with Radar,0,5,20,0,25,0,2,101,0,103,0,7,121,0,128,144,0,144,272
06/21/2021,CCR,CA,AWP,WE,Towers with Radar,0,9,20,0,29,0,6,87,0,93,0,15,107,0,122,90,0,90,212
06/22/2021,CCR,CA,AWP,WE,Towers with Radar,0,8,17,0,25,0,8,114,1,123,0,16,131,1,148,157,0,157,305
06/23/2021,CCR,CA,AWP,WE,Towers with Radar,0,3,23,0,26,0,5,145,0,150,0,8,168,0,176,122,0,122,298
06/24/2021,CCR,CA,AWP,WE,Towers with Radar,0,5,43,0,48,0,3,139,0,142,0,8,182,0,190,220,0,220,410
06/25/2021,CCR,CA,AWP,WE,Towers with Radar,0,4,26,0,30,0,5,140,0,145,0,9,166,0,175,158,0,158,333
06/26/2021,CCR,CA,AWP,WE,Towers with Radar,0,3,24,0,27,0,8,152,1,161,0,11,176,1,188,290,0,290,478
06/27/2021,CCR,CA,AWP,WE,Towers with Radar,0,6,26,0,32,0,6,127,0,133,0,12,153,0,165,166,0,166,331
06/28/2021,CCR,CA,AWP,WE,Towers with Radar,0,7,30,0,37,0,2,115,0,117,0,9,145,0,154,170,0,170,324
06/29/2021,CCR,CA,AWP,WE,Towers with Radar,0,8,38,0,46,0,9,162,0,171,0,17,200,0,217,218,0,218,435
06/30/2021,CCR,CA,AWP,WE,Towers with Radar,0,6,25,0,31,0,5,88,0,93,0,11,113,0,124,146,0,146,270
07/01/2021,CCR,CA,AWP,WE,Towers with Radar,0,10,31,0,41,0,9,121,0,130,0,19,152,0,171,172,0,172,343
07/02/2021,CCR,CA,AWP,WE,Towers with Radar,0,0,27,0,27,0,2,152,1,155,0,2,179,1,182,194,0,194,376
07/03/2021,CCR,CA,AWP,WE,Towers with Radar,0,1,15,1,17,0,7,92,1,100,0,8,107,2,117,136,0,136,253
07/04/2021,CCR,CA,AWP,WE,Towers with Radar,0,1,16,0,17,0,9,65,0,74,0,10,81,0,91,38,0,38,129
07/05/2021,CCR,CA,AWP,WE,Towers with Radar,0,7,24,0,31,0,4,93,0,97,0,11,117,0,128,70,0,70,198
07/06/2021,CCR,CA,AWP,WE,Towers with Radar,0,8,29,7,44,0,5,94,1,100,0,13,123,8,144,122,0,122,266
07/07/2021,CCR,CA,AWP,WE,Towers with Radar,0,2,22,0,24,0,2,122,0,124,0,4,144,0,148,392,0,392,540
07/08/2021,CCR,CA,AWP,WE,Towers with Radar,0,7,28,0,35,0,7,156,0,163,0,14,184,0,198,140,0,140,338
07/09/2021,CCR,CA,AWP,WE,Towers with Radar,0,6,17,0,23,0,12,139,0,151,0,18,156,0,174,206,0,206,380
07/10/2021,CCR,CA,AWP,WE,Towers with Radar,0,3,15,0,18,0,8,151,2,161,0,11,166,2,179,164,0,164,343
07/11/2021,CCR,CA,AWP,WE,Towers with Radar,0,7,12,0,19,0,1,112,0,113,0,8,124,0,132,86,0,86,218
07/12/2021,CCR,CA,AWP,WE,Towers with Radar,0,5,32,0,37,0,4,96,0,100,0,9,128,0,137,219,0,219,356
07/13/2021,CCR,CA,AWP,WE,Towers with Radar,0,3,23,0,26,0,0,98,0,98,0,3,121,0,124,238,0,238,362
07/14/2021,CCR,CA,AWP,WE,Towers with Radar,0,2,13,0,15,0,5,125,0,130,0,7,138,0,145,240,0,240,385
07/15/2021,CCR,CA,AWP,WE,Towers with Radar,0,10,21,0,31,0,6,152,0,158,0,16,173,0,189,186,0,186,375
07/16/2021,CCR,CA,AWP,WE,Towers with Radar,0,2,18,0,20,0,3,136,0,139,0,5,154,0,159,192,0,192,351
07/17/2021,CCR,CA,AWP,WE,Towers with Radar,0,7,20,0,27,0,8,146,2,156,0,15,166,2,183,146,0,146,329
07/18/2021,CCR,CA,AWP,WE,Towers with Radar,0,8,14,0,22,0,5,118,0,123,0,13,132,0,145,116,0,116,261
07/19/2021,CCR,CA,AWP,WE,Towers with Radar,0,7,18,0,25,0,1,146,0,147,0,8,164,0,172,242,0,242,414
07/20/2021,CCR,CA,AWP,WE,Towers with Radar,0,4,16,0,20,0,1,112,0,113,0,5,128,0,133,166,0,166,299
07/21/2021,CCR,CA,AWP,WE,Towers with Radar,0,3,26,0,29,0,14,105,2,121,0,17,131,2,150,302,0,302,452
07/22/2021,CCR,CA,AWP,WE,Towers with Radar,0,4,28,0,32,0,5,154,0,159,0,9,182,0,191,303,0,303,494
07/23/2021,CCR,CA,AWP,WE,Towers with Radar,0,6,9,0,15,0,13,155,0,168,0,19,164,0,183,287,0,287,470
07/24/2021,CCR,CA,AWP,WE,Towers with Radar,0,4,16,0,20,0,5,137,2,144,0,9,153,2,164,128,0,128,292
07/25/2021,CCR,CA,AWP,WE,Towers with Radar,0,4,26,0,30,0,2,103,0,105,0,6,129,0,135,86,0,86,221
07/26/2021,CCR,CA,AWP,WE,Towers with Radar,0,6,19,0,25,0,1,103,1,105,0,7,122,1,130,190,0,190,320
07/27/2021,CCR,CA,AWP,WE,Towers with Radar,0,1,19,0,20,0,8,124,0,132,0,9,143,0,152,202,0,202,354
07/28/2021,CCR,CA,AWP,WE,Towers with Radar,0,16,13,0,29,0,10,131,0,141,0,26,144,0,170,208,0,208,378
07/29/2021,CCR,CA,AWP,WE,Towers with Radar,0,16,13,0,29,0,14,169,0,183,0,30,182,0,212,280,0,280,492
07/30/2021,CCR,CA,AWP,WE,Towers with Radar,0,5,24,0,29,0,11,155,0,166,0,16,179,0,195,234,0,234,429
07/31/2021,CCR,CA,AWP,WE,Towers with Radar,0,2,18,0,20,0,14,113,1,128,0,16,131,1,148,116,0,116,264
08/01/2021,CCR,CA,AWP,WE,Towers with Radar,0,11,24,0,35,0,10,121,0,131,0,21,145,0,166,76,0,76,242
08/02/2021,CCR,CA,AWP,WE,Towers with Radar,0,5,14,0,19,0,11,109,0,120,0,16,123,0,139,92,0,92,231
08/03/2021,CCR,CA,AWP,WE,Towers with Radar,0,7,35,0,42,0,9,104,0,113,0,16,139,0,155,228,0,228,383
08/04/2021,CCR,CA,AWP,WE,Towers with Radar,0,8,18,0,26,0,15,122,0,137,0,23,140,0,163,200,0,200,363
08/05/2021,CCR,CA,AWP,WE,Towers with Radar,0,8,34,0,42,0,12,99,2,113,0,20,133,2,155,246,8,254,409
08/06/2021,CCR,CA,AWP,WE,Towers with Radar,0,6,30,0,36,0,20,68,0,88,0,26,98,0,124,222,0,222,346
08/07/2021,CCR,CA,AWP,WE,Towers with Radar,0,9,18,0,27,0,11,86,1,98,0,20,104,1,125,274,0,274,399
08/08/2021,CCR,CA,AWP,WE,Towers with Radar,0,12,25,0,37,0,8,120,0,128,0,20,145,0,165,176,0,176,341
08/09/2021,CCR,CA,AWP,WE,Towers with Radar,0,10,17,0,27,0,8,110,0,118,0,18,127,0,145,258,0,258,403
08/10/2021,CCR,CA,AWP,WE,Towers with Radar,0,4,19,0,23,0,8,84,0,92,0,12,103,0,115,236,0,236,351
08/11/2021,CCR,CA,AWP,WE,Towers with Radar,0,2,29,0,31,0,7,101,0,108,0,9,130,0,139,158,0,158,297
08/12/2021,CCR,CA,AWP,WE,Towers with Radar,0,7,20,0,27,0,10,144,2,156,0,17,164,2,183,266,0,266,449
08/13/2021,CCR,CA,AWP,WE,Towers with Radar,0,4,12,0,16,0,8,140,0,148,0,12,152,0,164,226,0,226,390
08/14/2021,CCR,CA,AWP,WE,Towers with Radar,0,2,20,0,22,0,13,122,2,137,0,15,142,2,159,244,0,244,403
08/15/2021,CCR,CA,AWP,WE,Towers with Radar,0,9,25,0,34,0,6,89,0,95,0,15,114,0,129,212,0,212,341
08/16/2021,CCR,CA,AWP,WE,Towers with Radar,0,8,22,0,30,0,12,81,0,93,0,20,103,0,123,178,0,178,301
08/17/2021,CCR,CA,AWP,WE,Towers with Radar,0,1,28,0,29,0,9,83,0,92,0,10,111,0,121,238,0,238,359
08/18/2021,CCR,CA,AWP,WE,Towers with Radar,0,13,38,0,51,0,6,83,0,89,0,19,121,0,140,306,0,306,446
08/19/2021,CCR,CA,AWP,WE,Towers with Radar,0,9,35,0,44,0,9,80,2,91,0,18,115,2,135,206,0,206,341
08/20/2021,CCR,CA,AWP,WE,Towers with Radar,0,12,21,0,33,0,14,60,0,74,0,26,81,0,107,208,0,208,315
08/21/2021,CCR,CA,AWP,WE,Towers with Radar,0,7,27,1,35,0,7,92,0,99,0,14,119,1,134,134,0,134,268
08/22/2021,CCR,CA,AWP,WE,Towers with Radar,0,9,29,0,38,0,4,93,0,97,0,13,122,0,135,122,14,136,271
08/23/2021,CCR,CA,AWP,WE,Towers with Radar,0,6,32,4,42,0,5,85,0,90,0,11,117,4,132,228,22,250,382
08/24/2021,CCR,CA,AWP,WE,Towers with Radar,0,5,24,0,29,0,8,112,0,120,0,13,136,0,149,162,0,162,311
08/25/2021,CCR,CA,AWP,WE,Towers with Radar,0,4,42,0,46,0,4,106,1,111,0,8,148,1,157,172,0,172,329
08/26/2021,CCR,CA,AWP,WE,Towers with Radar,0,13,29,0,42,0,6,165,0,171,0,19,194,0,213,254,0,254,467
08/27/2021,CCR,CA,AWP,WE,Towers with Radar,0,5,29,0,34,0,5,50,0,55,0,10,79,0,89,116,0,116,205
08/28/2021,CCR,CA,AWP,WE,Towers with Radar,0,3,34,1,38,0,2,41,2,45,0,5,75,3,83,110,0,110,193
08/29/2021,CCR,CA,AWP,WE,Towers with Radar,0,6,22,0,28,0,9,104,0,113,0,15,126,0,141,226,0,226,367
08/30/2021,CCR,CA,AWP,WE,Towers with Radar,0,11,10,0,21,0,9,65,0,74,0,20,75,0,95,96,0,96,191
08/31/2021,CCR,CA,AWP,WE,Towers with Radar,0,8,22,0,30,0,8,101,0,109,0,16,123,0,139,256,0,256,395
09/01/2021,CCR,CA,AWP,WE,Towers with Radar,0,3,33,0,36,0,10,69,0,79,0,13,102,0,115,40,0,40,155
09/02/2021,CCR,CA,AWP,WE,Towers with Radar,0,10,30,0,40,0,4,102,0,106,0,14,132,0,146,310,0,310,456
09/03/2021,CCR,CA,AWP,WE,Towers with Radar,0,3,28,0,31,0,6,101,0,107,0,9,129,0,138,208,0,208,346
09/04/2021,CCR,CA,AWP,WE,Towers with Radar,0,4,17,1,22,0,9,114,0,123,0,13,131,1,145,160,0,160,305
09/05/2021,CCR,CA,AWP,WE,Towers with Radar,0,5,16,0,21,0,7,128,0,135,0,12,144,0,156,110,0,110,266
09/06/2021,CCR,CA,AWP,WE,Towers with Radar,0,12,18,0,30,0,0,118,0,118,0,12,136,0,148,126,0,126,274
09/07/2021,CCR,CA,AWP,WE,Towers with Radar,0,9,19,0,28,0,6,115,1,122,0,15,134,1,150,220,0,220,370
09/08/2021,CCR,CA,AWP,WE,Towers with Radar,0,8,27,0,35,0,13,120,0,133,0,21,147,0,168,206,0,206,374
09/09/2021,CCR,CA,AWP,WE,Towers with Radar,0,7,25,0,32,0,9,136,0,145,0,16,161,0,177,264,0,264,441
09/10/2021,CCR,CA,AWP,WE,Towers with Radar,0,13,17,0,30,0,7,139,0,146,0,20,156,0,176,244,2,246,422
09/11/2021,CCR,CA,AWP,WE,Towers with Radar,0,3,22,0,25,0,12,132,0,144,0,15,154,0,169,264,0,264,433
09/12/2021,CCR,CA,AWP,WE,Towers with Radar,0,7,35,0,42,0,2,144,0,146,0,9,179,0,188,106,0,106,294
09/13/2021,CCR,CA,AWP,WE,Towers with Radar,0,4,11,0,15,0,4,94,0,98,0,8,105,0,113,134,0,134,247
09/14/2021,CCR,CA,AWP,WE,Towers with Radar,0,6,21,0,27,0,13,133,0,146,0,19,154,0,173,174,0,174,347
09/15/2021,CCR,CA,AWP,WE,Towers with Radar,0,6,32,0,38,0,6,103,0,109,0,12,135,0,147,242,0,242,389
09/16/2021,CCR,CA,AWP,WE,Towers with Radar,0,8,30,0,38,0,6,104,0,110,0,14,134,0,148,202,0,202,350
09/17/2021,CCR,CA,AWP,WE,Towers with Radar,0,7,38,0,45,0,10,109,0,119,0,17,147,0,164,231,0,231,395
09/18/2021,CCR,CA,AWP,WE,Towers with Radar,0,3,29,0,32,0,5,84,0,89,0,8,113,0,121,176,0,176,297
09/19/2021,CCR,CA,AWP,WE,Towers with Radar,0,6,22,0,28,0,15,143,0,158,0,21,165,0,186,119,0,119,305
09/20/2021,CCR,CA,AWP,WE,Towers with Radar,0,9,16,0,25,0,8,108,0,116,0,17,124,0,141,192,0,192,333
09/21/2021,CCR,CA,AWP,WE,Towers with Radar,0,8,20,0,28,0,6,120,0,126,0,14,140,0,154,222,0,222,376
09/22/2021,CCR,CA,AWP,WE,Towers with Radar,0,2,16,0,18,0,16,131,0,147,0,18,147,0,165,254,0,254,419
09/23/2021,CCR,CA,AWP,WE,Towers with Radar,0,10,31,0,41,0,10,144,0,154,0,20,175,0,195,120,2,122,317
09/24/2021,CCR,CA,AWP,WE,Towers with Radar,0,10,26,0,36,0,10,131,0,141,0,20,157,0,177,182,0,182,359
09/25/2021,CCR,CA,AWP,WE,Towers with Radar,0,6,18,0,24,0,9,110,1,120,0,15,128,1,144,88,0,88,232
09/26/2021,CCR,CA,AWP,WE,Towers with Radar,0,7,15,2,24,0,1,114,0,115,0,8,129,2,139,88,0,88,227
09/27/2021,CCR,CA,AWP,WE,Towers with Radar,0,11,22,0,33,0,7,65,0,72,0,18,87,0,105,56,0,56,161
09/28/2021,CCR,CA,AWP,WE,Towers with Radar,0,5,22,0,27,0,20,142,0,162,0,25,164,0,189,224,0,224,413
09/29/2021,CCR,CA,AWP,WE,Towers with Radar,0,3,24,0,27,0,14,152,0,166,0,17,176,0,193,157,0,157,350
09/30/2021,CCR,CA,AWP,WE,Towers with Radar,0,8,24,0,32,0,12,140,0,152,0,20,164,0,184,304,0,304,488
10/01/2021,CCR,CA,AWP,WE,Towers with Radar,0,7,21,1,29,0,2,178,0,180,0,9,199,1,209,292,0,292,501
10/02/2021,CCR,CA,AWP,WE,Towers with Radar,0,5,10,0,15,0,9,117,0,126,0,14,127,0,141,162,0,162,303
10/03/2021,CCR,CA,AWP,WE,Towers with Radar,0,4,37,3,44,0,2,125,1,128,0,6,162,4,172,134,0,134,306
10/04/2021,CCR,CA,AWP,WE,Towers with Radar,0,8,20,0,28,0,3,121,0,124,0,11,141,0,152,246,0,246,398
10/05/2021,CCR,CA,AWP,WE,Towers with Radar,0,4,14,0,18,0,2,67,0,69,0,6,81,0,87,90,0,90,177
10/06/2021,CCR,CA,AWP,WE,Towers with Radar,0,5,18,0,23,0,9,80,0,89,0,14,98,0,112,146,0,146,258
10/07/2021,CCR,CA,AWP,WE,Towers with Radar,0,10,19,0,29,0,5,96,0,101,0,15,115,0,130,202,0,202,332
10/08/2021,CCR,CA,AWP,WE,Towers with Radar,0,8,32,0,40,0,7,77,6,90,0,15,109,6,130,130,0,130,260
10/09/2021,CCR,CA,AWP,WE,Towers with Radar,0,11,25,0,36,0,5,115,0,120,0,16,140,0,156,244,0,244,400
10/10/2021,CCR,CA,AWP,WE,Towers with Radar,2,8,28,0,38,1,10,128,0,139,3,18,156,0,177,152,0,152,329
10/11/2021,CCR,CA,AWP,WE,Towers with Radar,0,0,0,0,0,0,0,0,0,0,0,0,0,0,0,0,0,0,0
10/12/2021,CCR,CA,AWP,WE,Towers with Radar,0,8,19,0,27,0,5,76,0,81,0,13,95,0,108,96,0,96,204
10/13/2021,CCR,CA,AWP,WE,Towers with Radar,0,8,30,0,38,0,11,135,0,146,0,19,165,0,184,190,0,190,374
10/14/2021,CCR,CA,AWP,WE,Towers with Radar,0,12,18,0,30,0,8,123,0,131,0,20,141,0,161,296,1,297,458
10/15/2021,CCR,CA,AWP,WE,Towers with Radar,0,8,20,0,28,0,5,120,1,126,0,13,140,1,154,138,0,138,292
10/16/2021,CCR,CA,AWP,WE,Towers with Radar,0,3,17,0,20,0,14,171,0,185,0,17,188,0,205,82,0,82,287
10/17/2021,CCR,CA,AWP,WE,Towers with Radar,0,3,23,0,26,0,5,95,0,100,0,8,118,0,126,102,0,102,228
10/18/2021,CCR,CA,AWP,WE,Towers with Radar,0,6,22,0,28,0,5,94,0,99,0,11,116,0,127,184,0,184,311
10/19/2021,CCR,CA,AWP,WE,Towers with Radar,0,5,10,0,15,0,7,123,0,130,0,12,133,0,145,166,0,166,311
10/20/2021,CCR,CA,AWP,WE,Towers with Radar,0,8,20,0,28,0,3,42,0,45,0,11,62,0,73,74,0,74,147
10/21/2021,CCR,CA,AWP,WE,Towers with Radar,0,14,30,0,44,0,3,28,0,31,0,17,58,0,75,98,0,98,173
10/22/2021,CCR,CA,AWP,WE,Towers with Radar,0,7,13,0,20,0,10,51,0,61,0,17,64,0,81,104,0,104,185
10/23/2021,CCR,CA,AWP,WE,Towers with Radar,0,2,23,0,25,0,7,73,0,80,0,9,96,0,105,178,0,178,283
10/24/2021,CCR,CA,AWP,WE,Towers with Radar,0,4,7,0,11,0,0,0,0,0,0,4,7,0,11,0,0,0,11
10/25/2021,CCR,CA,AWP,WE,Towers with Radar,1,9,18,0,28,1,7,37,0,45,2,16,55,0,73,72,0,72,145
10/26/2021,CCR,CA,AWP,WE,Towers with Radar,0,7,22,0,29,0,2,72,0,74,0,9,94,0,103,276,0,276,379
10/27/2021,CCR,CA,AWP,WE,Towers with Radar,0,4,19,0,23,0,6,129,0,135,0,10,148,0,158,308,0,308,466
10/28/2021,CCR,CA,AWP,WE,Towers with Radar,0,10,34,2,46,0,10,168,0,178,0,20,202,2,224,208,0,208,432
10/29/2021,CCR,CA,AWP,WE,Towers with Radar,0,8,11,0,19,0,4,121,0,125,0,12,132,0,144,200,0,200,344
10/30/2021,CCR,CA,AWP,WE,Towers with Radar,0,1,8,0,9,0,2,9,0,11,0,3,17,0,20,18,0,18,38
10/31/2021,CCR,CA,AWP,WE,Towers with Radar,0,0,0,0,0,0,0,0,0,0,0,0,0,0,0,0,0,0,0
11/01/2021,CCR,CA,AWP,WE,Towers with Radar,0,4,21,0,25,0,4,24,0,28,0,8,45,0,53,78,0,78,131
11/02/2021,CCR,CA,AWP,WE,Towers with Radar,0,6,35,0,41,0,8,32,0,40,0,14,67,0,81,84,0,84,165
11/03/2021,CCR,CA,AWP,WE,Towers with Radar,0,7,26,0,33,0,6,113,0,119,0,13,139,0,152,290,0,290,442
11/04/2021,CCR,CA,AWP,WE,Towers with Radar,0,14,26,0,40,0,3,125,0,128,0,17,151,0,168,244,0,244,412
11/05/2021,CCR,CA,AWP,WE,Towers with Radar,0,3,17,0,20,0,6,127,0,133,0,9,144,0,153,166,0,166,319
11/06/2021,CCR,CA,AWP,WE,Towers with Radar,0,4,5,0,9,0,1,95,0,96,0,5,100,0,105,158,0,158,263
11/07/2021,CCR,CA,AWP,WE,Towers with Radar,0,5,26,0,31,0,6,171,0,177,0,11,197,0,208,188,0,188,396
11/08/2021,CCR,CA,AWP,WE,Towers with Radar,0,5,16,0,21,0,9,76,0,85,0,14,92,0,106,292,0,292,398
11/09/2021,CCR,CA,AWP,WE,Towers with Radar,0,5,21,0,26,0,2,11,0,13,0,7,32,0,39,18,0,18,57
11/10/2021,CCR,CA,AWP,WE,Towers with Radar,0,9,19,0,28,0,10,106,0,116,0,19,125,0,144,238,0,238,382
11/11/2021,CCR,CA,AWP,WE,Towers with Radar,0,12,32,0,44,0,12,146,1,159,0,24,178,1,203,206,0,206,409
11/12/2021,CCR,CA,AWP,WE,Towers with Radar,0,10,25,0,35,0,7,57,0,64,0,17,82,0,99,60,0,60,159
11/13/2021,CCR,CA,AWP,WE,Towers with Radar,0,15,13,0,28,0,0,57,0,57,0,15,70,0,85,162,0,162,247
11/14/2021,CCR,CA,AWP,WE,Towers with Radar,0,11,23,0,34,0,2,19,0,21,0,13,42,0,55,10,0,10,65
11/15/2021,CCR,CA,AWP,WE,Towers with Radar,0,12,32,0,44,0,0,13,0,13,0,12,45,0,57,14,0,14,71
11/16/2021,CCR,CA,AWP,WE,Towers with Radar,0,5,24,0,29,0,7,53,0,60,0,12,77,0,89,90,0,90,179
11/17/2021,CCR,CA,AWP,WE,Towers with Radar,0,5,20,0,25,0,6,139,0,145,0,11,159,0,170,252,0,252,422
11/18/2021,CCR,CA,AWP,WE,Towers with Radar,0,9,37,0,46,0,6,23,0,29,0,15,60,0,75,94,0,94,169
11/19/2021,CCR,CA,AWP,WE,Towers with Radar,0,7,37,0,44,0,1,20,0,21,0,8,57,0,65,68,0,68,133
11/20/2021,CCR,CA,AWP,WE,Towers with Radar,0,2,36,0,38,0,5,164,0,169,0,7,200,0,207,156,0,156,363
11/21/2021,CCR,CA,AWP,WE,Towers with Radar,0,4,24,0,28,0,1,144,0,145,0,5,168,0,173,162,0,162,335
11/22/2021,CCR,CA,AWP,WE,Towers with Radar,0,8,23,2,33,0,16,131,1,148,0,24,154,3,181,171,0,171,352
11/23/2021,CCR,CA,AWP,WE,Towers with Radar,0,6,17,0,23,0,12,120,0,132,0,18,137,0,155,242,0,242,397
11/24/2021,CCR,CA,AWP,WE,Towers with Radar,0,3,22,0,25,0,8,138,0,146,0,11,160,0,171,202,0,202,373
11/25/2021,CCR,CA,AWP,WE,Towers with Radar,0,7,9,0,16,0,12,34,0,46,0,19,43,0,62,4,0,4,66
11/26/2021,CCR,CA,AWP,WE,Towers with Radar,0,10,19,0,29,0,9,105,0,114,0,19,124,0,143,120,0,120,263
11/27/2021,CCR,CA,AWP,WE,Towers with Radar,0,9,20,0,29,0,9,100,0,109,0,18,120,0,138,118,0,118,256
11/28/2021,CCR,CA,AWP,WE,Towers with Radar,0,10,19,0,29,0,11,126,0,137,0,21,145,0,166,188,0,188,354
11/29/2021,CCR,CA,AWP,WE,Towers with Radar,0,7,17,0,24,0,3,98,0,101,0,10,115,0,125,188,0,188,313
11/30/2021,CCR,CA,AWP,WE,Towers with Radar,0,8,12,0,20,0,7,126,0,133,0,15,138,0,153,323,0,323,476
12/01/2021,CCR,CA,AWP,WE,Towers with Radar,0,3,34,0,37,0,8,69,0,77,0,11,103,0,114,167,0,167,281
12/02/2021,CCR,CA,AWP,WE,Towers with Radar,0,8,38,0,46,0,2,94,0,96,0,10,132,0,142,198,0,198,340
12/03/2021,CCR,CA,AWP,WE,Towers with Radar,0,16,20,0,36,0,1,22,0,23,0,17,42,0,59,142,0,142,201
12/04/2021,CCR,CA,AWP,WE,Towers with Radar,0,5,28,0,33,0,6,49,0,55,0,11,77,0,88,124,0,124,212
12/05/2021,CCR,CA,AWP,WE,Towers with Radar,0,19,26,0,45,0,8,59,0,67,0,27,85,0,112,136,0,136,248
12/06/2021,CCR,CA,AWP,WE,Towers with Radar,0,9,11,0,20,0,0,0,0,0,0,9,11,0,20,0,0,0,20
12/07/2021,CCR,CA,AWP,WE,Towers with Radar,0,0,43,0,43,0,8,82,0,90,0,8,125,0,133,272,0,272,405
12/08/2021,CCR,CA,AWP,WE,Towers with Radar,0,3,31,0,34,0,0,0,0,0,0,3,31,0,34,0,0,0,34
12/09/2021,CCR,CA,AWP,WE,Towers with Radar,0,10,16,0,26,0,8,89,0,97,0,18,105,0,123,206,0,206,329
12/10/2021,CCR,CA,AWP,WE,Towers with Radar,0,8,30,0,38,0,10,163,0,173,0,18,193,0,211,200,0,200,411
12/11/2021,CCR,CA,AWP,WE,Towers with Radar,0,2,31,0,33,0,8,134,0,142,0,10,165,0,175,226,0,226,401
12/12/2021,CCR,CA,AWP,WE,Towers with Radar,0,5,17,0,22,0,3,8,0,11,0,8,25,0,33,10,0,10,43
12/13/2021,CCR,CA,AWP,WE,Towers with Radar,0,6,6,0,12,0,1,0,0,1,0,7,6,0,13,0,0,0,13
12/14/2021,CCR,CA,AWP,WE,Towers with Radar,0,3,11,0,14,0,2,105,0,107,0,5,116,0,121,174,0,174,295
12/15/2021,CCR,CA,AWP,WE,Towers with Radar,0,2,7,2,11,0,5,30,1,36,0,7,37,3,47,80,0,80,127
12/16/2021,CCR,CA,AWP,WE,Towers with Radar,0,9,24,0,33,0,8,69,0,77,0,17,93,0,110,224,0,224,334
12/17/2021,CCR,CA,AWP,WE,Towers with Radar,0,13,21,0,34,0,8,123,0,131,0,21,144,0,165,234,0,234,399
12/18/2021,CCR,CA,AWP,WE,Towers with Radar,0,8,36,0,44,0,4,68,0,72,0,12,104,0,116,76,0,76,192
12/19/2021,CCR,CA,AWP,WE,Towers with Radar,0,12,23,0,35,0,1,7,0,8,0,13,30,0,43,38,0,38,81
12/20/2021,CCR,CA,AWP,WE,Towers with Radar,0,17,20,0,37,0,2,76,0,78,0,19,96,0,115,199,0,199,314
12/21/2021,CCR,CA,AWP,WE,Towers with Radar,0,4,10,0,14,0,0,32,0,32,0,4,42,0,46,120,0,120,166
12/22/2021,CCR,CA,AWP,WE,Towers with Radar,0,4,12,0,16,0,0,0,0,0,0,4,12,0,16,0,0,0,16
12/23/2021,CCR,CA,AWP,WE,Towers with Radar,0,8,18,0,26,0,3,7,0,10,0,11,25,0,36,44,0,44,80
12/24/2021,CCR,CA,AWP,WE,Towers with Radar,0,8,22,0,30,0,11,44,0,55,0,19,66,0,85,86,0,86,171
12/25/2021,CCR,CA,AWP,WE,Towers with Radar,0,2,2,0,4,0,8,0,0,8,0,10,2,0,12,0,0,0,12
12/26/2021,CCR,CA,AWP,WE,Towers with Radar,0,5,17,0,22,0,3,21,0,24,0,8,38,0,46,78,0,78,124
12/27/2021,CCR,CA,AWP,WE,Towers with Radar,0,17,18,0,35,0,5,24,0,29,0,22,42,0,64,78,0,78,142
12/28/2021,CCR,CA,AWP,WE,Towers with Radar,0,8,12,0,20,0,5,26,0,31,0,13,38,0,51,104,0,104,155
12/29/2021,CCR,CA,AWP,WE,Towers with Radar,0,6,11,0,17,0,0,0,0,0,0,6,11,0,17,0,0,0,17
12/30/2021,CCR,CA,AWP,WE,Towers with Radar,0,9,30,0,39,0,12,129,0,141,0,21,159,0,180,194,0,194,374
12/31/2021,CCR,CA,AWP,WE,Towers with Radar,0,7,17,0,24,0,5,97,0,102,0,12,114,0,126,94,0,94,220
01/01/2022,CCR,CA,AWP,WE,Towers with Radar,0,2,16,0,18,0,15,78,0,93,0,17,94,0,111,66,0,66,177
01/02/2022,CCR,CA,AWP,WE,Towers with Radar,0,8,27,0,35,0,7,113,0,120,0,15,140,0,155,138,0,138,293
01/03/2022,CCR,CA,AWP,WE,Towers with Radar,0,9,14,0,23,0,2,24,0,26,0,11,38,0,49,84,0,84,133
01/04/2022,CCR,CA,AWP,WE,Towers with Radar,0,3,12,0,15,0,4,31,0,35,0,7,43,0,50,218,0,218,268
01/05/2022,CCR,CA,AWP,WE,Towers with Radar,0,5,22,0,27,0,6,54,0,60,0,11,76,0,87,188,0,188,275
01/06/2022,CCR,CA,AWP,WE,Towers with Radar,0,3,6,0,9,0,0,0,0,0,0,3,6,0,9,0,0,0,9
01/07/2022,CCR,CA,AWP,WE,Towers with Radar,0,13,32,0,45,0,5,28,0,33,0,18,60,0,78,104,0,104,182
01/08/2022,CCR,CA,AWP,WE,Towers with Radar,0,2,30,0,32,0,6,76,0,82,0,8,106,0,114,178,0,178,292
01/09/2022,CCR,CA,AWP,WE,Towers with Radar,0,10,18,0,28,0,3,70,0,73,0,13,88,0,101,98,0,98,199
01/10/2022,CCR,CA,AWP,WE,Towers with Radar,0,13,9,0,22,0,11,98,0,109,0,24,107,0,131,176,0,176,307
01/11/2022,CCR,CA,AWP,WE,Towers with Radar,0,1,17,0,18,0,9,136,0,145,0,10,153,0,163,176,0,176,339
01/12/2022,CCR,CA,AWP,WE,Towers with Radar,0,2,3,0,5,0,5,122,0,127,0,7,125,0,132,156,0,156,288
01/13/2022,CCR,CA,AWP,WE,Towers with Radar,0,8,17,0,25,0,6,101,0,107,0,14,118,0,132,108,0,108,240
01/14/2022,CCR,CA,AWP,WE,Towers with Radar,0,7,29,0,36,5,11,123,2,141,5,18,152,2,177,206,0,206,383
01/15/2022,CCR,CA,AWP,WE,Towers with Radar,0,3,17,0,20,0,5,114,0,119,0,8,131,0,139,200,0,200,339
01/16/2022,CCR,CA,AWP,WE,Towers with Radar,0,6,19,1,26,0,9,87,0,96,0,15,106,1,122,66,0,66,188
01/17/2022,CCR,CA,AWP,WE,Towers with Radar,0,8,23,0,31,0,8,138,0,146,0,16,161,0,177,240,0,240,417
01/18/2022,CCR,CA,AWP,WE,Towers with Radar,0,4,19,0,23,0,14,119,0,133,0,18,138,0,156,268,0,268,424
01/19/2022,CCR,CA,AWP,WE,Towers with Radar,0,2,18,0,20,0,12,105,0,117,0,14,123,0,137,140,0,140,277
01/20/2022,CCR,CA,AWP,WE,Towers with Radar,0,8,25,0,33,0,5,142,0,147,0,13,167,0,180,161,0,161,341
01/21/2022,CCR,CA,AWP,WE,Towers with Radar,0,9,10,0,19,0,17,101,0,118,0,26,111,0,137,178,0,178,315
01/22/2022,CCR,CA,AWP,WE,Towers with Radar,0,1,7,0,8,0,5,97,0,102,0,6,104,0,110,58,0,58,168
01/23/2022,CCR,CA,AWP,WE,Towers with Radar,0,12,18,0,30,0,8,141,0,149,0,20,159,0,179,252,0,252,431
01/24/2022,CCR,CA,AWP,WE,Towers with Radar,0,11,11,0,22,0,7,91,0,98,0,18,102,0,120,120,0,120,240
01/25/2022,CCR,CA,AWP,WE,Towers with Radar,0,4,19,0,23,0,7,112,0,119,0,11,131,0,142,164,0,164,306
01/26/2022,CCR,CA,AWP,WE,Towers with Radar,0,2,20,0,22,0,4,138,0,142,0,6,158,0,164,190,0,190,354
01/27/2022,CCR,CA,AWP,WE,Towers with Radar,0,6,20,0,26,0,6,157,0,163,0,12,177,0,189,252,0,252,441
01/28/2022,CCR,CA,AWP,WE,Towers with Radar,0,7,20,0,27,0,11,113,0,124,0,18,133,0,151,190,0,190,341
01/29/2022,CCR,CA,AWP,WE,Towers with Radar,0,2,16,0,18,0,9,123,0,132,0,11,139,0,150,210,0,210,360
01/30/2022,CCR,CA,AWP,WE,Towers with Radar,0,11,26,0,37,0,8,132,0,140,0,19,158,0,177,176,0,176,353
01/31/2022,CCR,CA,AWP,WE,Towers with Radar,0,11,18,0,29,0,9,104,0,113,0,20,122,0,142,178,0,178,320
02/01/2022,CCR,CA,AWP,WE,Towers with Radar,0,7,12,2,21,0,6,81,0,87,0,13,93,2,108,178,0,178,286
02/02/2022,CCR,CA,AWP,WE,Towers with Radar,0,6,8,0,14,0,3,41,0,44,0,9,49,0,58,54,0,54,112
02/03/2022,CCR,CA,AWP,WE,Towers with Radar,0,9,35,0,44,0,15,135,0,150,0,24,170,0,194,142,0,142,336
02/04/2022,CCR,CA,AWP,WE,Towers with Radar,0,10,10,0,20,0,5,51,0,56,0,15,61,0,76,50,0,50,126
02/05/2022,CCR,CA,AWP,WE,Towers with Radar,0,2,11,0,13,0,8,135,1,144,0,10,146,1,157,148,0,148,305
02/06/2022,CCR,CA,AWP,WE,Towers with Radar,0,6,27,0,33,0,13,130,0,143,0,19,157,0,176,210,0,210,386
02/07/2022,CCR,CA,AWP,WE,Towers with Radar,0,4,26,0,30,0,7,94,0,101,0,11,120,0,131,184,0,184,315
02/08/2022,CCR,CA,AWP,WE,Towers with Radar,0,12,13,0,25,0,19,129,0,148,0,31,142,0,173,200,0,200,373
02/09/2022,CCR,CA,AWP,WE,Towers with Radar,0,5,19,0,24,0,5,134,0,139,0,10,153,0,163,350,0,350,513
02/10/2022,CCR,CA,AWP,WE,Towers with Radar,0,7,19,0,26,0,2,166,0,168,0,9,185,0,194,141,0,141,335
02/11/2022,CCR,CA,AWP,WE,Towers with Radar,0,14,28,0,42,0,5,135,1,141,0,19,163,1,183,262,0,262,445
02/12/2022,CCR,CA,AWP,WE,Towers with Radar,0,4,21,0,25,0,4,154,0,158,0,8,175,0,183,155,0,155,338
02/13/2022,CCR,CA,AWP,WE,Towers with Radar,0,6,19,0,25,0,2,149,0,151,0,8,168,0,176,198,0,198,374
02/14/2022,CCR,CA,AWP,WE,Towers with Radar,0,7,31,0,38,0,7,83,0,90,0,14,114,0,128,102,0,102,230
02/15/2022,CCR,CA,AWP,WE,Towers with Radar,0,7,12,0,19,0,3,91,0,94,0,10,103,0,113,200,0,200,313
02/16/2022,CCR,CA,AWP,WE,Towers with Radar,0,8,23,0,31,0,7,142,0,149,0,15,165,0,180,214,0,214,394
02/17/2022,CCR,CA,AWP,WE,Towers with Radar,0,5,16,0,21,0,19,129,0,148,0,24,145,0,169,212,0,212,381
02/18/2022,CCR,CA,AWP,WE,Towers with Radar,0,11,22,0,33,0,13,134,0,147,0,24,156,0,180,194,0,194,374
02/19/2022,CCR,CA,AWP,WE,Towers with Radar,0,1,17,1,19,0,7,176,1,184,0,8,193,2,203,167,0,167,370
02/20/2022,CCR,CA,AWP,WE,Towers with Radar,0,9,16,0,25,0,8,116,0,124,0,17,132,0,149,196,0,196,345
02/21/2022,CCR,CA,AWP,WE,Towers with Radar,0,9,29,0,38,0,4,83,0,87,0,13,112,0,125,106,0,106,231
02/22/2022,CCR,CA,AWP,WE,Towers with Radar,0,1,14,0,15,0,5,72,0,77,0,6,86,0,92,152,0,152,244
02/23/2022,CCR,CA,AWP,WE,Towers with Radar,0,8,17,0,25,0,6,123,0,129,0,14,140,0,154,174,0,174,328
02/24/2022,CCR,CA,AWP,WE,Towers with Radar,0,8,26,0,34,0,9,151,0,160,0,17,177,0,194,268,0,268,462
02/25/2022,CCR,CA,AWP,WE,Towers with Radar,0,11,13,0,24,0,9,138,0,147,0,20,151,0,171,232,0,232,403
02/26/2022,CCR,CA,AWP,WE,Towers with Radar,0,8,31,0,39,0,11,145,0,156,0,19,176,0,195,302,0,302,497
02/27/2022,CCR,CA,AWP,WE,Towers with Radar,0,10,16,0,26,0,14,128,0,142,0,24,144,0,168,184,0,184,352
02/28/2022,CCR,CA,AWP,WE,Towers with Radar,0,11,18,0,29,0,4,110,0,114,0,15,128,0,143,156,0,156,299
03/01/2022,CCR,CA,AWP,WE,Towers with Radar,0,1,22,0,23,0,4,104,0,108,0,5,126,0,131,174,0,174,305
03/02/2022,CCR,CA,AWP,WE,Towers with Radar,0,4,28,0,32,0,6,120,0,126,0,10,148,0,158,222,0,222,380
03/03/2022,CCR,CA,AWP,WE,Towers with Radar,0,11,20,0,31,0,4,46,0,50,0,15,66,0,81,66,0,66,147
03/04/2022,CCR,CA,AWP,WE,Towers with Radar,0,11,23,0,34,0,2,50,0,52,0,13,73,0,86,84,0,84,170
03/05/2022,CCR,CA,AWP,WE,Towers with Radar,0,8,22,1,31,0,11,109,2,122,0,19,131,3,153,166,0,166,319
03/06/2022,CCR,CA,AWP,WE,Towers with Radar,0,3,19,0,22,0,5,135,1,141,0,8,154,1,163,160,0,160,323
03/07/2022,CCR,CA,AWP,WE,Towers with Radar,0,13,19,0,32,0,6,79,0,85,0,19,98,0,117,148,0,148,265
03/08/2022,CCR,CA,AWP,WE,Towers with Radar,0,3,22,0,25,0,5,142,0,147,0,8,164,0,172,126,0,126,298
03/09/2022,CCR,CA,AWP,WE,Towers with Radar,0,4,28,0,32,0,9,142,0,151,0,13,170,0,183,244,0,244,427
03/10/2022,CCR,CA,AWP,WE,Towers with Radar,0,11,18,0,29,0,19,96,0,115,0,30,114,0,144,172,0,172,316
03/11/2022,CCR,CA,AWP,WE,Towers with Radar,0,9,15,0,24,0,3,131,0,134,0,12,146,0,158,204,0,204,362
03/12/2022,CCR,CA,AWP,WE,Towers with Radar,0,7,20,0,27,0,6,127,2,135,0,13,147,2,162,205,0,205,367
03/13/2022,CCR,CA,AWP,WE,Towers with Radar,0,8,23,0,31,0,8,80,0,88,0,16,103,0,119,112,0,112,231
03/14/2022,CCR,CA,AWP,WE,Towers with Radar,0,12,16,0,28,0,10,92,2,104,0,22,108,2,132,180,0,180,312
03/15/2022,CCR,CA,AWP,WE,Towers with Radar,0,11,16,2,29,0,2,54,0,56,0,13,70,2,85,132,0,132,217
03/16/2022,CCR,CA,AWP,WE,Towers with Radar,0,7,23,0,30,0,8,170,1,179,0,15,193,1,209,288,0,288,497
03/17/2022,CCR,CA,AWP,WE,Towers with Radar,0,14,30,0,44,0,15,105,0,120,0,29,135,0,164,182,0,182,346
03/18/2022,CCR,CA,AWP,WE,Towers with Radar,0,6,29,0,35,0,7,119,0,126,0,13,148,0,161,262,0,262,423
03/19/2022,CCR,CA,AWP,WE,Towers with Radar,0,6,24,0,30,0,5,24,0,29,0,11,48,0,59,80,0,80,139
03/20/2022,CCR,CA,AWP,WE,Towers with Radar,0,10,16,0,26,0,4,107,0,111,0,14,123,0,137,262,0,262,399
03/21/2022,CCR,CA,AWP,WE,Towers with Radar,0,7,19,0,26,0,13,109,1,123,0,20,128,1,149,178,0,178,327
03/22/2022,CCR,CA,AWP,WE,Towers with Radar,0,5,26,0,31,0,14,121,0,135,0,19,147,0,166,218,0,218,384
03/23/2022,CCR,CA,AWP,WE,Towers with Radar,0,4,26,0,30,0,3,165,0,168,0,7,191,0,198,172,0,172,370
03/24/2022,CCR,CA,AWP,WE,Towers with Radar,0,11,25,0,36,0,8,163,0,171,0,19,188,0,207,286,0,286,493
03/25/2022,CCR,CA,AWP,WE,Towers with Radar,0,12,24,0,36,0,9,139,0,148,0,21,163,0,184,194,0,194,378
03/26/2022,CCR,CA,AWP,WE,Towers with Radar,0,5,17,0,22,0,10,154,1,165,0,15,171,1,187,118,0,118,305
03/27/2022,CCR,CA,AWP,WE,Towers with Radar,0,23,36,0,59,0,4,89,0,93,0,27,125,0,152,124,0,124,276
03/28/2022,CCR,CA,AWP,WE,Towers with Radar,0,13,3,0,16,0,1,30,2,33,0,14,33,2,49,68,0,68,117
03/29/2022,CCR,CA,AWP,WE,Towers with Radar,0,4,41,0,45,0,3,91,0,94,0,7,132,0,139,130,0,130,269
03/30/2022,CCR,CA,AWP,WE,Towers with Radar,0,8,25,0,33,0,11,68,0,79,0,19,93,0,112,164,0,164,276
03/31/2022,CCR,CA,AWP,WE,Towers with Radar,0,8,19,0,27,0,9,105,0,114,0,17,124,0,141,210,0,210,351
04/01/2022,CCR,CA,AWP,WE,Towers with Radar,0,9,24,0,33,0,10,122,0,132,0,19,146,0,165,192,0,192,357
04/02/2022,CCR,CA,AWP,WE,Towers with Radar,0,10,12,0,22,0,17,125,0,142,0,27,137,0,164,162,0,162,326
04/03/2022,CCR,CA,AWP,WE,Towers with Radar,0,8,20,0,28,0,9,97,0,106,0,17,117,0,134,152,0,152,286
04/04/2022,CCR,CA,AWP,WE,Towers with Radar,0,7,15,0,22,0,2,67,0,69,0,9,82,0,91,62,0,62,153
04/05/2022,CCR,CA,AWP,WE,Towers with Radar,0,4,15,0,19,0,6,116,0,122,0,10,131,0,141,232,0,232,373
04/06/2022,CCR,CA,AWP,WE,Towers with Radar,0,5,12,0,17,0,5,122,0,127,0,10,134,0,144,278,0,278,422
04/07/2022,CCR,CA,AWP,WE,Towers with Radar,0,8,20,0,28,0,10,124,0,134,0,18,144,0,162,208,0,208,370
04/08/2022,CCR,CA,AWP,WE,Towers with Radar,0,10,14,0,24,0,6,105,0,111,0,16,119,0,135,148,0,148,283
04/09/2022,CCR,CA,AWP,WE,Towers with Radar,0,6,15,0,21,0,7,114,0,121,0,13,129,0,142,112,0,112,254
04/10/2022,CCR,CA,AWP,WE,Towers with Radar,0,6,7,0,13,0,11,97,0,108,0,17,104,0,121,106,0,106,227
04/11/2022,CCR,CA,AWP,WE,Towers with Radar,0,5,9,0,14,0,5,9,0,14,0,10,18,0,28,0,0,0,28
04/12/2022,CCR,CA,AWP,WE,Towers with Radar,0,7,17,0,24,0,5,72,0,77,0,12,89,0,101,174,0,174,275
04/13/2022,CCR,CA,AWP,WE,Towers with Radar,1,7,19,0,27,0,9,122,0,131,1,16,141,0,158,186,8,194,352
04/14/2022,CCR,CA,AWP,WE,Towers with Radar,0,14,17,0,31,0,1,21,0,22,0,15,38,0,53,118,0,118,171
04/15/2022,CCR,CA,AWP,WE,Towers with Radar,0,15,24,0,39,0,15,150,0,165,0,30,174,0,204,256,0,256,460
04/16/2022,CCR,CA,AWP,WE,Towers with Radar,0,11,18,0,29,0,3,64,2,69,0,14,82,2,98,160,0,160,258
04/17/2022,CCR,CA,AWP,WE,Towers with Radar,0,4,14,0,18,0,3,99,0,102,0,7,113,0,120,122,0,122,242
04/18/2022,CCR,CA,AWP,WE,Towers with Radar,0,9,33,0,42,0,6,87,2,95,0,15,120,2,137,134,0,134,271
04/19/2022,CCR,CA,AWP,WE,Towers with Radar,0,8,40,0,48,0,11,105,0,116,0,19,145,0,164,126,0,126,290
04/20/2022,CCR,CA,AWP,WE,Towers with Radar,0,6,18,0,24,0,3,95,0,98,0,9,113,0,122,174,0,174,296
04/21/2022,CCR,CA,AWP,WE,Towers with Radar,0,10,24,3,37,0,13,43,2,58,0,23,67,5,95,128,26,154,249
04/22/2022,CCR,CA,AWP,WE,Towers with Radar,0,16,26,0,42,0,15,150,0,165,0,31,176,0,207,196,0,196,403
04/23/2022,CCR,CA,AWP,WE,Towers with Radar,0,2,19,0,21,0,13,172,1,186,0,15,191,1,207,222,0,222,429
04/24/2022,CCR,CA,AWP,WE,Towers with Radar,0,6,26,0,32,0,5,174,0,179,0,11,200,0,211,132,0,132,343
04/25/2022,CCR,CA,AWP,WE,Towers with Radar,0,8,15,0,23,0,5,131,0,136,0,13,146,0,159,238,0,238,397
04/26/2022,CCR,CA,AWP,WE,Towers with Radar,0,4,20,4,28,0,13,138,0,151,0,17,158,4,179,148,0,148,327
04/27/2022,CCR,CA,AWP,WE,Towers with Radar,0,4,14,0,18,0,9,134,0,143,0,13,148,0,161,170,0,170,331
04/28/2022,CCR,CA,AWP,WE,Towers with Radar,0,4,19,0,23,0,12,102,0,114,0,16,121,0,137,58,0,58,195
04/29/2022,CCR,CA,AWP,WE,Towers with Radar,0,8,16,0,24,0,7,143,0,150,0,15,159,0,174,200,0,200,374
04/30/2022,CCR,CA,AWP,WE,Towers with Radar,0,2,26,0,28,0,5,87,0,92,0,7,113,0,120,26,0,26,146
05/01/2022,CCR,CA,AWP,WE,Towers with Radar,0,7,38,0,45,0,6,88,0,94,0,13,126,0,139,156,0,156,295
05/02/2022,CCR,CA,AWP,WE,Towers with Radar,0,3,20,0,23,0,2,63,0,65,0,5,83,0,88,42,0,42,130
05/03/2022,CCR,CA,AWP,WE,Towers with Radar,0,6,31,0,37,0,5,152,0,157,0,11,183,0,194,336,0,336,530
05/04/2022,CCR,CA,AWP,WE,Towers with Radar,0,5,25,0,30,0,10,159,0,169,0,15,184,0,199,220,2,222,421
05/05/2022,CCR,CA,AWP,WE,Towers with Radar,0,5,25,0,30,0,8,89,0,97,0,13,114,0,127,425,0,425,552
05/06/2022,CCR,CA,AWP,WE,Towers with Radar,0,7,26,0,33,0,9,83,0,92,0,16,109,0,125,166,0,166,291
05/07/2022,CCR,CA,AWP,WE,Towers with Radar,0,3,18,1,22,0,10,93,0,103,0,13,111,1,125,154,0,154,279
05/08/2022,CCR,CA,AWP,WE,Towers with Radar,0,9,15,0,24,0,3,30,0,33,0,12,45,0,57,8,0,8,65
05/09/2022,CCR,CA,AWP,WE,Towers with Radar,0,11,11,0,22,0,8,41,0,49,0,19,52,0,71,70,0,70,141
05/10/2022,CCR,CA,AWP,WE,Towers with Radar,0,2,16,0,18,0,8,48,0,56,0,10,64,0,74,180,0,180,254
05/11/2022,CCR,CA,AWP,WE,Towers with Radar,0,2,24,0,26,0,7,112,0,119,0,9,136,0,145,160,0,160,305
05/12/2022,CCR,CA,AWP,WE,Towers with Radar,0,11,30,0,41,0,10,99,0,109,0,21,129,0,150,170,0,170,320
05/13/2022,CCR,CA,AWP,WE,Towers with Radar,0,10,22,0,32,0,5,157,0,162,0,15,179,0,194,222,0,222,416
05/14/2022,CCR,CA,AWP,WE,Towers with Radar,0,4,35,0,39,0,18,129,1,148,0,22,164,1,187,192,0,192,379
05/15/2022,CCR,CA,AWP,WE,Towers with Radar,0,11,25,0,36,0,11,120,0,131,0,22,145,0,167,128,0,128,295
05/16/2022,CCR,CA,AWP,WE,Towers with Radar,0,6,25,0,31,0,8,85,0,93,0,14,110,0,124,88,0,88,212
05/17/2022,CCR,CA,AWP,WE,Towers with Radar,0,6,22,0,28,0,11,117,0,128,0,17,139,0,156,306,0,306,462
05/18/2022,CCR,CA,AWP,WE,Towers with Radar,0,2,22,0,24,0,9,109,0,118,0,11,131,0,142,274,0,274,416
05/19/2022,CCR,CA,AWP,WE,Towers with Radar,0,8,23,0,31,0,10,90,0,100,0,18,113,0,131,112,0,112,243
05/20/2022,CCR,CA,AWP,WE,Towers with Radar,0,9,23,0,32,0,7,100,0,107,0,16,123,0,139,180,0,180,319
05/21/2022,CCR,CA,AWP,WE,Towers with Radar,0,4,26,0,30,0,13,121,1,135,0,17,147,1,165,88,0,88,253
05/22/2022,CCR,CA,AWP,WE,Towers with Radar,0,6,22,0,28,0,7,101,0,108,0,13,123,0,136,134,0,134,270
05/23/2022,CCR,CA,AWP,WE,Towers with Radar,0,7,28,0,35,0,4,84,1,89,0,11,112,1,124,70,0,70,194
05/24/2022,CCR,CA,AWP,WE,Towers with Radar,0,4,16,0,20,0,11,90,0,101,0,15,106,0,121,108,0,108,229
05/25/2022,CCR,CA,AWP,WE,Towers with Radar,0,4,10,0,14,0,4,105,0,109,0,8,115,0,123,214,0,214,337
05/26/2022,CCR,CA,AWP,WE,Towers with Radar,0,6,19,0,25,0,8,79,0,87,0,14,98,0,112,48,0,48,160
05/27/2022,CCR,CA,AWP,WE,Towers with Radar,0,7,31,0,38,0,13,87,0,100,0,20,118,0,138,148,0,148,286
05/28/2022,CCR,CA,AWP,WE,Towers with Radar,0,5,16,0,21,0,6,119,1,126,0,11,135,1,147,102,0,102,249
05/29/2022,CCR,CA,AWP,WE,Towers with Radar,0,5,14,0,19,0,9,135,0,144,0,14,149,0,163,148,0,148,311
05/30/2022,CCR,CA,AWP,WE,Towers with Radar,0,5,13,0,18,0,9,114,0,123,0,14,127,0,141,118,0,118,259
05/31/2022,CCR,CA,AWP,WE,Towers with Radar,0,11,19,0,30,0,10,112,0,122,0,21,131,0,152,112,0,112,264
06/01/2022,CCR,CA,AWP,WE,Towers with Radar,0,5,12,0,17,0,7,125,0,132,0,12,137,0,149,194,0,194,343
06/02/2022,CCR,CA,AWP,WE,Towers with Radar,0,8,43,0,51,0,3,121,0,124,0,11,164,0,175,158,0,158,333
06/03/2022,CCR,CA,AWP,WE,Towers with Radar,0,10,26,0,36,0,12,71,0,83,0,22,97,0,119,132,0,132,251
06/04/2022,CCR,CA,AWP,WE,Towers with Radar,0,11,24,0,35,0,11,109,0,120,0,22,133,0,155,130,0,130,285
06/05/2022,CCR,CA,AWP,WE,Towers with Radar,0,7,22,0,29,0,8,22,0,30,0,15,44,0,59,52,0,52,111
06/06/2022,CCR,CA,AWP,WE,Towers with Radar,0,8,23,0,31,0,7,120,0,127,0,15,143,0,158,156,0,156,314
06/07/2022,CCR,CA,AWP,WE,Towers with Radar,0,7,12,0,19,0,3,130,0,133,0,10,142,0,152,212,0,212,364
06/08/2022,CCR,CA,AWP,WE,Towers with Radar,0,2,31,0,33,0,7,135,0,142,0,9,166,0,175,156,0,156,331
06/09/2022,CCR,CA,AWP,WE,Towers with Radar,0,5,24,0,29,0,11,136,0,147,0,16,160,0,176,244,0,244,420
06/10/2022,CCR,CA,AWP,WE,Towers with Radar,0,5,28,0,33,0,10,114,0,124,0,15,142,0,157,168,0,168,325
06/11/2022,CCR,CA,AWP,WE,Towers with Radar,0,3,19,0,22,0,8,105,0,113,0,11,124,0,135,186,0,186,321
06/12/2022,CCR,CA,AWP,WE,Towers with Radar,0,7,21,0,28,0,8,64,0,72,0,15,85,0,100,90,0,90,190
06/13/2022,CCR,CA,AWP,WE,Towers with Radar,0,6,20,0,26,0,7,101,0,108,0,13,121,0,134,72,0,72,206
06/14/2022,CCR,CA,AWP,WE,Towers with Radar,0,3,18,0,21,0,14,164,0,178,0,17,182,0,199,244,0,244,443
06/15/2022,CCR,CA,AWP,WE,Towers with Radar,0,5,27,0,32,0,10,122,1,133,0,15,149,1,165,230,0,230,395
06/16/2022,CCR,CA,AWP,WE,Towers with Radar,0,10,28,0,38,0,12,147,0,159,0,22,175,0,197,254,0,254,451
06/17/2022,CCR,CA,AWP,WE,Towers with Radar,0,16,20,0,36,0,4,83,0,87,0,20,103,0,123,38,0,38,161
06/18/2022,CCR,CA,AWP,WE,Towers with Radar,0,4,15,1,20,0,13,199,0,212,0,17,214,1,232,312,0,312,544
06/19/2022,CCR,CA,AWP,WE,Towers with Radar,0,10,13,0,23,0,5,112,0,117,0,15,125,0,140,40,0,40,180
06/20/2022,CCR,CA,AWP,WE,Towers with Radar,0,9,12,0,21,0,6,112,0,118,0,15,124,0,139,216,0,216,355
06/21/2022,CCR,CA,AWP,WE,Towers with Radar,0,4,32,0,36,0,9,106,0,115,0,13,138,0,151,204,0,204,355
06/22/2022,CCR,CA,AWP,WE,Towers with Radar,0,4,30,0,34,0,10,131,0,141,0,14,161,0,175,242,0,242,417
06/23/2022,CCR,CA,AWP,WE,Towers with Radar,0,6,18,0,24,0,12,118,0,130,0,18,136,0,154,244,0,244,398
06/24/2022,CCR,CA,AWP,WE,Towers with Radar,0,7,29,0,36,0,11,127,0,138,0,18,156,0,174,210,0,210,384
06/25/2022,CCR,CA,AWP,WE,Towers with Radar,0,8,19,1,28,0,16,142,0,158,0,24,161,1,186,156,0,156,342
06/26/2022,CCR,CA,AWP,WE,Towers with Radar,0,8,24,1,33,0,6,118,0,124,0,14,142,1,157,176,0,176,333
06/27/2022,CCR,CA,AWP,WE,Towers with Radar,0,9,24,0,33,0,15,121,0,136,0,24,145,0,169,188,0,188,357
06/28/2022,CCR,CA,AWP,WE,Towers with Radar,0,8,9,0,17,0,7,103,0,110,0,15,112,0,127,232,0,232,359
06/29/2022,CCR,CA,AWP,WE,Towers with Radar,0,3,22,0,25,0,10,114,0,124,0,13,136,0,149,176,0,176,325
06/30/2022,CCR,CA,AWP,WE,Towers with Radar,0,11,25,2,38,0,9,87,0,96,0,20,112,2,134,62,0,62,196
07/01/2022,CCR,CA,AWP,WE,Towers with Radar,0,10,29,0,39,0,16,100,0,116,0,26,129,0,155,146,0,146,301
07/02/2022,CCR,CA,AWP,WE,Towers with Radar,0,5,24,1,30,0,9,49,0,58,0,14,73,1,88,68,0,68,156
07/03/2022,CCR,CA,AWP,WE,Towers with Radar,0,5,21,0,26,0,5,51,3,59,0,10,72,3,85,82,0,82,167
07/04/2022,CCR,CA,AWP,WE,Towers with Radar,0,10,11,0,21,0,10,59,0,69,0,20,70,0,90,8,0,8,98
07/05/2022,CCR,CA,AWP,WE,Towers with Radar,0,15,20,0,35,0,18,97,0,115,0,33,117,0,150,224,0,224,374
07/06/2022,CCR,CA,AWP,WE,Towers with Radar,0,4,23,0,27,0,12,82,0,94,0,16,105,0,121,190,0,190,311
07/07/2022,CCR,CA,AWP,WE,Towers with Radar,0,7,21,0,28,0,11,131,0,142,0,18,152,0,170,228,0,228,398
07/08/2022,CCR,CA,AWP,WE,Towers with Radar,0,6,32,0,38,0,13,160,0,173,0,19,192,0,211,272,0,272,483
07/09/2022,CCR,CA,AWP,WE,Towers with Radar,0,5,21,0,26,0,8,124,2,134,0,13,145,2,160,122,0,122,282
07/10/2022,CCR,CA,AWP,WE,Towers with Radar,0,6,10,0,16,0,18,140,0,158,0,24,150,0,174,234,0,234,408
07/11/2022,CCR,CA,AWP,WE,Towers with Radar,0,5,29,0,34,0,19,111,0,130,0,24,140,0,164,60,0,60,224
07/12/2022,CCR,CA,AWP,WE,Towers with Radar,0,2,27,0,29,0,10,140,0,150,0,12,167,0,179,236,0,236,415
07/13/2022,CCR,CA,AWP,WE,Towers with Radar,0,3,18,0,21,0,0,111,0,111,0,3,129,0,132,130,0,130,262
07/14/2022,CCR,CA,AWP,WE,Towers with Radar,0,6,26,0,32,0,8,126,0,134,0,14,152,0,166,154,0,154,320
07/15/2022,CCR,CA,AWP,WE,Towers with Radar,0,4,18,0,22,0,10,121,0,131,0,14,139,0,153,130,0,130,283
07/16/2022,CCR,CA,AWP,WE,Towers with Radar,0,7,16,0,23,0,6,129,2,137,0,13,145,2,160,190,0,190,350
07/17/2022,CCR,CA,AWP,WE,Towers with Radar,0,8,17,0,25,0,6,118,0,124,0,14,135,0,149,178,0,178,327
07/18/2022,CCR,CA,AWP,WE,Towers with Radar,0,4,18,0,22,0,12,129,0,141,0,16,147,0,163,102,0,102,265
07/19/2022,CCR,CA,AWP,WE,Towers with Radar,0,4,19,0,23,0,16,133,0,149,0,20,152,0,172,226,0,226,398
07/20/2022,CCR,CA,AWP,WE,Towers with Radar,0,8,23,0,31,0,10,134,0,144,0,18,157,0,175,214,0,214,389
07/21/2022,CCR,CA,AWP,WE,Towers with Radar,0,7,24,0,31,0,13,139,0,152,0,20,163,0,183,182,0,182,365
07/22/2022,CCR,CA,AWP,WE,Towers with Radar,0,4,30,0,34,0,7,121,0,128,0,11,151,0,162,138,0,138,300
07/23/2022,CCR,CA,AWP,WE,Towers with Radar,0,2,17,0,19,0,3,132,1,136,0,5,149,1,155,190,0,190,345
07/24/2022,CCR,CA,AWP,WE,Towers with Radar,0,5,11,0,16,0,8,105,0,113,0,13,116,0,129,144,0,144,273
07/25/2022,CCR,CA,AWP,WE,Towers with Radar,0,11,25,2,38,0,12,111,1,124,0,23,136,3,162,144,0,144,306
07/26/2022,CCR,CA,AWP,WE,Towers with Radar,0,1,10,0,11,0,2,68,0,70,0,3,78,0,81,94,0,94,175
07/27/2022,CCR,CA,AWP,WE,Towers with Radar,1,8,17,0,26,1,17,118,0,136,2,25,135,0,162,178,0,178,340
07/28/2022,CCR,CA,AWP,WE,Towers with Radar,0,9,23,0,32,0,11,113,0,124,0,20,136,0,156,120,0,120,276
07/29/2022,CCR,CA,AWP,WE,Towers with Radar,0,5,14,0,19,0,14,107,0,121,0,19,121,0,140,238,0,238,378
07/30/2022,CCR,CA,AWP,WE,Towers with Radar,0,5,12,0,17,0,9,118,1,128,0,14,130,1,145,152,0,152,297
07/31/2022,CCR,CA,AWP,WE,Towers with Radar,0,7,23,0,30,0,5,105,0,110,0,12,128,0,140,164,0,164,304
08/01/2022,CCR,CA,AWP,WE,Towers with Radar,0,10,10,0,20,0,8,88,0,96,0,18,98,0,116,132,0,132,248
08/02/2022,CCR,CA,AWP,WE,Towers with Radar,0,9,12,0,21,0,18,117,0,135,0,27,129,0,156,196,0,196,352
08/03/2022,CCR,CA,AWP,WE,Towers with Radar,0,9,28,0,37,0,6,138,0,144,0,15,166,0,181,150,0,150,331
08/04/2022,CCR,CA,AWP,WE,Towers with Radar,0,8,23,0,31,0,16,107,0,123,0,24,130,0,154,220,1,221,375
08/05/2022,CCR,CA,AWP,WE,Towers with Radar,0,7,26,0,33,0,17,128,0,145,0,24,154,0,178,136,0,136,314
08/06/2022,CCR,CA,AWP,WE,Towers with Radar,0,9,15,0,24,0,4,104,2,110,0,13,119,2,134,126,0,126,260
08/07/2022,CCR,CA,AWP,WE,Towers with Radar,0,13,11,1,25,0,8,105,1,114,0,21,116,2,139,88,0,88,227
08/08/2022,CCR,CA,AWP,WE,Towers with Radar,0,10,15,0,25,0,6,132,0,138,0,16,147,0,163,228,0,228,391
08/09/2022,CCR,CA,AWP,WE,Towers with Radar,0,2,17,0,19,0,12,121,0,133,0,14,138,0,152,254,0,254,406
08/10/2022,CCR,CA,AWP,WE,Towers with Radar,0,3,23,0,26,0,21,128,8,157,0,24,151,8,183,146,0,146,329
08/11/2022,CCR,CA,AWP,WE,Towers with Radar,0,7,10,0,17,0,4,104,0,108,0,11,114,0,125,150,0,150,275
08/12/2022,CCR,CA,AWP,WE,Towers with Radar,0,4,23,0,27,0,8,135,0,143,0,12,158,0,170,188,0,188,358
08/13/2022,CCR,CA,AWP,WE,Towers with Radar,0,4,27,0,31,0,7,117,0,124,0,11,144,0,155,176,0,176,331
08/14/2022,CCR,CA,AWP,WE,Towers with Radar,0,7,15,0,22,0,7,140,0,147,0,14,155,0,169,178,0,178,347
08/15/2022,CCR,CA,AWP,WE,Towers with Radar,0,11,11,0,22,0,8,111,0,119,0,19,122,0,141,202,0,202,343
08/16/2022,CCR,CA,AWP,WE,Towers with Radar,0,10,17,0,27,0,5,120,0,125,0,15,137,0,152,372,0,372,524
08/17/2022,CCR,CA,AWP,WE,Towers with Radar,0,3,15,0,18,0,5,144,0,149,0,8,159,0,167,216,0,216,383
08/18/2022,CCR,CA,AWP,WE,Towers with Radar,0,6,30,0,36,0,15,143,0,158,0,21,173,0,194,222,0,222,416
08/19/2022,CCR,CA,AWP,WE,Towers with Radar,0,8,22,0,30,0,15,123,0,138,0,23,145,0,168,206,0,206,374
08/20/2022,CCR,CA,AWP,WE,Towers with Radar,0,1,24,0,25,0,9,187,2,198,0,10,211,2,223,236,0,236,459
08/21/2022,CCR,CA,AWP,WE,Towers with Radar,0,4,19,0,23,0,7,94,0,101,0,11,113,0,124,88,0,88,212
08/22/2022,CCR,CA,AWP,WE,Towers with Radar,0,7,25,0,32,0,7,110,0,117,0,14,135,0,149,174,0,174,323
08/23/2022,CCR,CA,AWP,WE,Towers with Radar,0,7,10,0,17,0,4,124,0,128,0,11,134,0,145,262,0,262,407
08/24/2022,CCR,CA,AWP,WE,Towers with Radar,0,3,21,0,24,0,12,106,0,118,0,15,127,0,142,248,0,248,390
08/25/2022,CCR,CA,AWP,WE,Towers with Radar,0,8,35,0,43,0,9,121,0,130,0,17,156,0,173,248,0,248,421
08/26/2022,CCR,CA,AWP,WE,Towers with Radar,0,12,17,0,29,0,9,118,0,127,0,21,135,0,156,126,0,126,282
08/27/2022,CCR,CA,AWP,WE,Towers with Radar,0,4,6,0,10,0,5,114,2,121,0,9,120,2,131,158,0,158,289
08/28/2022,CCR,CA,AWP,WE,Towers with Radar,0,8,20,0,28,0,7,126,0,133,0,15,146,0,161,262,0,262,423
08/29/2022,CCR,CA,AWP,WE,Towers with Radar,0,10,24,0,34,0,13,96,0,109,0,23,120,0,143,154,0,154,297
08/30/2022,CCR,CA,AWP,WE,Towers with Radar,0,8,24,0,32,0,9,100,0,109,0,17,124,0,141,208,0,208,349
08/31/2022,CCR,CA,AWP,WE,Towers with Radar,0,12,9,0,21,0,26,134,0,160,0,38,143,0,181,198,0,198,379
09/01/2022,CCR,CA,AWP,WE,Towers with Radar,0,10,8,0,18,0,12,128,0,140,0,22,136,0,158,208,0,208,366
09/02/2022,CCR,CA,AWP,WE,Towers with Radar,0,13,15,0,28,0,5,148,0,153,0,18,163,0,181,228,0,228,409
09/03/2022,CCR,CA,AWP,WE,Towers with Radar,0,2,8,0,10,0,14,90,2,106,0,16,98,2,116,110,0,110,226
09/04/2022,CCR,CA,AWP,WE,Towers with Radar,0,6,13,0,19,0,6,91,0,97,0,12,104,0,116,80,0,80,196
09/05/2022,CCR,CA,AWP,WE,Towers with Radar,0,15,18,0,33,0,16,71,0,87,0,31,89,0,120,40,0,40,160
09/06/2022,CCR,CA,AWP,WE,Towers with Radar,0,9,13,0,22,0,9,74,0,83,0,18,87,0,105,132,0,132,237
09/07/2022,CCR,CA,AWP,WE,Towers with Radar,0,3,13,0,16,0,27,125,0,152,0,30,138,0,168,160,0,160,328
09/08/2022,CCR,CA,AWP,WE,Towers with Radar,0,9,17,0,26,0,7,83,0,90,0,16,100,0,116,258,0,258,374
09/09/2022,CCR,CA,AWP,WE,Towers with Radar,0,12,35,0,47,0,14,89,0,103,0,26,124,0,150,186,0,186,336
09/10/2022,CCR,CA,AWP,WE,Towers with Radar,0,6,18,1,25,0,5,99,1,105,0,11,117,2,130,256,0,256,386
09/11/2022,CCR,CA,AWP,WE,Towers with Radar,0,7,30,0,37,0,20,122,0,142,0,27,152,0,179,268,0,268,447
09/12/2022,CCR,CA,AWP,WE,Towers with Radar,0,3,30,0,33,0,12,108,0,120,0,15,138,0,153,234,0,234,387
09/13/2022,CCR,CA,AWP,WE,Towers with Radar,0,7,16,0,23,0,9,92,0,101,0,16,108,0,124,168,0,168,292
09/14/2022,CCR,CA,AWP,WE,Towers with Radar,0,8,23,0,31,0,7,100,0,107,0,15,123,0,138,194,0,194,332
09/15/2022,CCR,CA,AWP,WE,Towers with Radar,0,13,17,0,30,0,3,116,0,119,0,16,133,0,149,178,0,178,327
09/16/2022,CCR,CA,AWP,WE,Towers with Radar,0,6,26,0,32,0,10,130,0,140,0,16,156,0,172,196,0,196,368
09/17/2022,CCR,CA,AWP,WE,Towers with Radar,0,7,20,0,27,0,10,108,2,120,0,17,128,2,147,106,0,106,253
09/18/2022,CCR,CA,AWP,WE,Towers with Radar,0,15,15,0,30,0,5,11,1,17,0,20,26,1,47,10,0,10,57
09/19/2022,CCR,CA,AWP,WE,Towers with Radar,0,5,12,0,17,0,7,38,0,45,0,12,50,0,62,74,0,74,136
09/20/2022,CCR,CA,AWP,WE,Towers with Radar,0,4,14,0,18,0,9,62,0,71,0,13,76,0,89,174,0,174,263
09/21/2022,CCR,CA,AWP,WE,Towers with Radar,0,7,25,0,32,0,7,123,0,130,0,14,148,0,162,186,0,186,348
09/22/2022,CCR,CA,AWP,WE,Towers with Radar,0,19,22,0,41,0,8,163,0,171,0,27,185,0,212,340,0,340,552
09/23/2022,CCR,CA,AWP,WE,Towers with Radar,0,8,15,0,23,0,10,159,0,169,0,18,174,0,192,260,0,260,452
09/24/2022,CCR,CA,AWP,WE,Towers with Radar,0,4,21,0,25,0,17,160,2,179,0,21,181,2,204,154,0,154,358
09/25/2022,CCR,CA,AWP,WE,Towers with Radar,0,12,13,0,25,0,8,134,0,142,0,20,147,0,167,182,0,182,349
09/26/2022,CCR,CA,AWP,WE,Towers with Radar,0,8,25,0,33,0,16,86,0,102,0,24,111,0,135,178,0,178,313
09/27/2022,CCR,CA,AWP,WE,Towers with Radar,0,9,40,0,49,0,8,93,0,101,0,17,133,0,150,172,0,172,322
09/28/2022,CCR,CA,AWP,WE,Towers with Radar,0,9,22,0,31,0,7,139,0,146,0,16,161,0,177,154,0,154,331
09/29/2022,CCR,CA,AWP,WE,Towers with Radar,0,7,32,0,39,0,5,137,0,142,0,12,169,0,181,114,0,114,295
09/30/2022,CCR,CA,AWP,WE,Towers with Radar,0,6,14,0,20,0,9,131,0,140,0,15,145,0,160,162,0,162,322
10/01/2022,CCR,CA,AWP,WE,Towers with Radar,0,3,22,0,25,0,5,117,0,122,0,8,139,0,147,114,0,114,261
10/02/2022,CCR,CA,AWP,WE,Towers with Radar,0,9,18,0,27,0,8,108,1,117,0,17,126,1,144,92,0,92,236
10/03/2022,CCR,CA,AWP,WE,Towers with Radar,0,6,18,0,24,0,13,130,2,145,0,19,148,2,169,172,0,172,341
10/04/2022,CCR,CA,AWP,WE,Towers with Radar,0,6,19,4,29,0,10,89,0,99,0,16,108,4,128,160,0,160,288
10/05/2022,CCR,CA,AWP,WE,Towers with Radar,0,5,27,0,32,0,10,101,0,111,0,15,128,0,143,204,0,204,347
10/06/2022,CCR,CA,AWP,WE,Towers with Radar,0,13,17,0,30,0,20,97,0,117,0,33,114,0,147,141,0,141,288
10/07/2022,CCR,CA,AWP,WE,Towers with Radar,0,10,12,0,22,0,21,114,0,135,0,31,126,0,157,242,0,242,399
10/08/2022,CCR,CA,AWP,WE,Towers with Radar,0,7,12,0,19,0,12,118,1,131,0,19,130,1,150,88,0,88,238
10/09/2022,CCR,CA,AWP,WE,Towers with Radar,0,6,22,0,28,0,17,78,0,95,0,23,100,0,123,146,0,146,269
10/10/2022,CCR,CA,AWP,WE,Towers with Radar,0,6,13,0,19,0,5,91,0,96,0,11,104,0,115,104,0,104,219
10/11/2022,CCR,CA,AWP,WE,Towers with Radar,0,5,28,0,33,0,8,87,0,95,0,13,115,0,128,92,0,92,220
10/12/2022,CCR,CA,AWP,WE,Towers with Radar,0,12,19,0,31,0,10,81,0,91,0,22,100,0,122,144,0,144,266
10/13/2022,CCR,CA,AWP,WE,Towers with Radar,0,9,23,0,32,0,16,102,0,118,0,25,125,0,150,88,0,88,238
10/14/2022,CCR,CA,AWP,WE,Towers with Radar,0,9,27,0,36,0,17,106,0,123,0,26,133,0,159,134,0,134,293
10/15/2022,CCR,CA,AWP,WE,Towers with Radar,0,14,19,0,33,0,9,122,0,131,0,23,141,0,164,120,0,120,284
10/16/2022,CCR,CA,AWP,WE,Towers with Radar,0,18,36,0,54,0,9,74,0,83,0,27,110,0,137,156,0,156,293
10/17/2022,CCR,CA,AWP,WE,Towers with Radar,0,7,22,0,29,0,13,120,0,133,0,20,142,0,162,112,0,112,274
10/18/2022,CCR,CA,AWP,WE,Towers with Radar,0,10,16,0,26,0,7,140,0,147,0,17,156,0,173,85,0,85,258
10/19/2022,CCR,CA,AWP,WE,Towers with Radar,0,6,29,4,39,0,10,143,6,159,0,16,172,10,198,124,0,124,322
10/20/2022,CCR,CA,AWP,WE,Towers with Radar,0,7,41,0,48,0,7,120,0,127,0,14,161,0,175,236,0,236,411
10/21/2022,CCR,CA,AWP,WE,Towers with Radar,0,12,17,0,29,0,11,164,0,175,0,23,181,0,204,180,0,180,384
10/22/2022,CCR,CA,AWP,WE,Towers with Radar,0,4,10,0,14,0,13,108,0,121,0,17,118,0,135,98,0,98,233
10/23/2022,CCR,CA,AWP,WE,Towers with Radar,0,5,15,0,20,0,12,127,0,139,0,17,142,0,159,172,0,172,331
10/24/2022,CCR,CA,AWP,WE,Towers with Radar,0,11,24,2,37,0,23,139,0,162,0,34,163,2,199,140,0,140,339
10/25/2022,CCR,CA,AWP,WE,Towers with Radar,0,12,33,1,46,0,16,114,2,132,0,28,147,3,178,142,0,142,320
10/26/2022,CCR,CA,AWP,WE,Towers with Radar,0,9,36,0,45,0,12,133,0,145,0,21,169,0,190,144,0,144,334
10/27/2022,CCR,CA,AWP,WE,Towers with Radar,0,5,26,0,31,0,11,135,0,146,0,16,161,0,177,232,0,232,409
10/28/2022,CCR,CA,AWP,WE,Towers with Radar,0,13,28,0,41,0,8,175,0,183,0,21,203,0,224,322,0,322,546
10/29/2022,CCR,CA,AWP,WE,Towers with Radar,0,11,21,0,32,0,7,69,0,76,0,18,90,0,108,148,0,148,256
10/30/2022,CCR,CA,AWP,WE,Towers with Radar,0,13,21,0,34,0,12,83,0,95,0,25,104,0,129,102,0,102,231
10/31/2022,CCR,CA,AWP,WE,Towers with Radar,0,6,21,2,29,0,8,115,0,123,0,14,136,2,152,232,0,232,384
11/01/2022,CCR,CA,AWP,WE,Towers with Radar,0,2,19,4,25,0,5,12,1,18,0,7,31,5,43,12,4,16,59
11/02/2022,CCR,CA,AWP,WE,Towers with Radar,0,7,19,0,26,0,7,85,4,96,0,14,104,4,122,192,0,192,314
11/03/2022,CCR,CA,AWP,WE,Towers with Radar,0,8,24,0,32,0,14,128,2,144,0,22,152,2,176,190,2,192,368
11/04/2022,CCR,CA,AWP,WE,Towers with Radar,0,9,19,0,28,0,10,137,0,147,0,19,156,0,175,168,2,170,345
11/05/2022,CCR,CA,AWP,WE,Towers with Radar,0,10,16,0,26,0,4,25,0,29,0,14,41,0,55,26,0,26,81
11/06/2022,CCR,CA,AWP,WE,Towers with Radar,0,7,19,0,26,0,7,88,0,95,0,14,107,0,121,140,0,140,261
11/07/2022,CCR,CA,AWP,WE,Towers with Radar,0,9,36,0,45,0,3,39,0,42,0,12,75,0,87,86,0,86,173
11/08/2022,CCR,CA,AWP,WE,Towers with Radar,0,2,11,0,13,0,0,15,0,15,0,2,26,0,28,32,0,32,60
11/09/2022,CCR,CA,AWP,WE,Towers with Radar,0,2,20,1,23,0,15,90,4,109,0,17,110,5,132,140,34,174,306
11/10/2022,CCR,CA,AWP,WE,Towers with Radar,0,6,29,3,38,0,14,120,0,134,0,20,149,3,172,187,0,187,359
11/11/2022,CCR,CA,AWP,WE,Towers with Radar,0,8,15,0,23,0,11,153,0,164,0,19,168,0,187,234,0,234,421
11/12/2022,CCR,CA,AWP,WE,Towers with Radar,0,6,14,0,20,0,13,90,1,104,0,19,104,1,124,150,0,150,274
11/13/2022,CCR,CA,AWP,WE,Towers with Radar,0,10,25,0,35,0,9,124,0,133,0,19,149,0,168,116,0,116,284
11/14/2022,CCR,CA,AWP,WE,Towers with Radar,0,16,9,0,25,0,5,94,0,99,0,21,103,0,124,200,0,200,324
11/15/2022,CCR,CA,AWP,WE,Towers with Radar,0,9,11,0,20,0,4,102,0,106,0,13,113,0,126,144,0,144,270
11/16/2022,CCR,CA,AWP,WE,Towers with Radar,0,7,17,0,24,0,10,120,0,130,0,17,137,0,154,176,0,176,330
11/17/2022,CCR,CA,AWP,WE,Towers with Radar,0,9,29,0,38,0,9,113,1,123,0,18,142,1,161,178,0,178,339
11/18/2022,CCR,CA,AWP,WE,Towers with Radar,0,15,23,0,38,0,8,125,0,133,0,23,148,0,171,188,0,188,359
11/19/2022,CCR,CA,AWP,WE,Towers with Radar,0,9,14,0,23,0,9,120,0,129,0,18,134,0,152,138,0,138,290
11/20/2022,CCR,CA,AWP,WE,Towers with Radar,0,7,24,0,31,0,13,108,0,121,0,20,132,0,152,154,0,154,306
11/21/2022,CCR,CA,AWP,WE,Towers with Radar,0,13,14,0,27,0,7,119,0,126,0,20,133,0,153,172,0,172,325
11/22/2022,CCR,CA,AWP,WE,Towers with Radar,0,8,17,0,25,0,9,105,1,115,0,17,122,1,140,236,0,236,376
11/23/2022,CCR,CA,AWP,WE,Towers with Radar,0,12,20,0,32,0,3,143,0,146,0,15,163,0,178,168,0,168,346
11/24/2022,CCR,CA,AWP,WE,Towers with Radar,0,3,0,0,3,0,7,41,0,48,0,10,41,0,51,22,0,22,73
11/25/2022,CCR,CA,AWP,WE,Towers with Radar,0,9,18,0,27,0,3,104,0,107,0,12,122,0,134,142,0,142,276
11/26/2022,CCR,CA,AWP,WE,Towers with Radar,0,8,21,0,29,0,9,100,0,109,0,17,121,0,138,92,0,92,230
11/27/2022,CCR,CA,AWP,WE,Towers with Radar,0,10,24,1,35,0,9,116,0,125,0,19,140,1,160,126,0,126,286
11/28/2022,CCR,CA,AWP,WE,Towers with Radar,0,3,18,0,21,0,3,54,0,57,0,6,72,0,78,76,0,76,154
11/29/2022,CCR,CA,AWP,WE,Towers with Radar,0,8,31,0,39,0,10,136,0,146,0,18,167,0,185,132,0,132,317
11/30/2022,CCR,CA,AWP,WE,Towers with Radar,0,5,24,0,29,0,11,138,0,149,0,16,162,0,178,182,0,182,360
12/01/2022,CCR,CA,AWP,WE,Towers with Radar,0,11,9,0,20,0,2,9,0,11,0,13,18,0,31,30,0,30,61
12/02/2022,CCR,CA,AWP,WE,Towers with Radar,0,7,23,0,30,0,6,126,0,132,0,13,149,0,162,174,0,174,336
12/03/2022,CCR,CA,AWP,WE,Towers with Radar,0,5,15,0,20,0,0,0,0,0,0,5,15,0,20,0,0,0,20
12/04/2022,CCR,CA,AWP,WE,Towers with Radar,0,9,17,0,26,0,1,42,0,43,0,10,59,0,69,152,0,152,221
12/05/2022,CCR,CA,AWP,WE,Towers with Radar,0,9,22,0,31,0,1,36,0,37,0,10,58,0,68,90,0,90,158
12/06/2022,CCR,CA,AWP,WE,Towers with Radar,0,2,19,0,21,0,12,41,0,53,0,14,60,0,74,60,0,60,134
12/07/2022,CCR,CA,AWP,WE,Towers with Radar,0,5,46,0,51,0,12,146,0,158,0,17,192,0,209,162,0,162,371
12/08/2022,CCR,CA,AWP,WE,Towers with Radar,0,11,16,0,27,0,3,77,0,80,0,14,93,0,107,204,0,204,311
12/09/2022,CCR,CA,AWP,WE,Towers with Radar,0,8,29,0,37,0,19,88,0,107,0,27,117,0,144,252,0,252,396
12/10/2022,CCR,CA,AWP,WE,Towers with Radar,0,5,5,0,10,0,3,1,0,4,0,8,6,0,14,8,0,8,22
12/11/2022,CCR,CA,AWP,WE,Towers with Radar,0,9,13,0,22,0,5,52,0,57,0,14,65,0,79,160,0,160,239
12/12/2022,CCR,CA,AWP,WE,Towers with Radar,0,8,26,0,34,0,9,118,0,127,0,17,144,0,161,150,0,150,311
12/13/2022,CCR,CA,AWP,WE,Towers with Radar,0,4,23,0,27,0,8,141,0,149,0,12,164,0,176,252,0,252,428
12/14/2022,CCR,CA,AWP,WE,Towers with Radar,0,4,16,0,20,0,14,125,0,139,0,18,141,0,159,200,0,200,359
12/15/2022,CCR,CA,AWP,WE,Towers with Radar,0,7,20,0,27,0,6,126,0,132,0,13,146,0,159,216,0,216,375
12/16/2022,CCR,CA,AWP,WE,Towers with Radar,0,11,10,0,21,0,5,108,0,113,0,16,118,0,134,210,0,210,344
12/17/2022,CCR,CA,AWP,WE,Towers with Radar,0,7,12,0,19,0,10,115,0,125,0,17,127,0,144,168,0,168,312
12/18/2022,CCR,CA,AWP,WE,Towers with Radar,0,6,18,0,24,0,2,37,0,39,0,8,55,0,63,40,0,40,103
12/19/2022,CCR,CA,AWP,WE,Towers with Radar,0,14,28,0,42,0,0,0,0,0,0,14,28,0,42,0,0,0,42
12/20/2022,CCR,CA,AWP,WE,Towers with Radar,0,7,19,0,26,0,10,71,0,81,0,17,90,0,107,108,0,108,215
12/21/2022,CCR,CA,AWP,WE,Towers with Radar,0,10,34,0,44,0,21,82,0,103,0,31,116,0,147,148,0,148,295
12/22/2022,CCR,CA,AWP,WE,Towers with Radar,0,10,26,0,36,0,2,22,0,24,0,12,48,0,60,80,0,80,140
12/23/2022,CCR,CA,AWP,WE,Towers with Radar,0,15,24,0,39,0,10,75,0,85,0,25,99,0,124,190,0,190,314
12/24/2022,CCR,CA,AWP,WE,Towers with Radar,0,5,18,0,23,0,5,40,0,45,0,10,58,0,68,72,0,72,140
12/25/2022,CCR,CA,AWP,WE,Towers with Radar,0,5,6,0,11,0,0,0,0,0,0,5,6,0,11,0,0,0,11
12/26/2022,CCR,CA,AWP,WE,Towers with Radar,0,9,31,0,40,0,0,1,0,1,0,9,32,0,41,0,0,0,41
12/27/2022,CCR,CA,AWP,WE,Towers with Radar,0,11,24,0,35,0,4,11,0,15,0,15,35,0,50,0,0,0,50
12/28/2022,CCR,CA,AWP,WE,Towers with Radar,0,6,31,2,39,0,17,96,0,113,0,23,127,2,152,284,0,284,436
12/29/2022,CCR,CA,AWP,WE,Towers with Radar,0,8,19,0,27,0,1,2,0,3,0,9,21,0,30,0,0,0,30
12/30/2022,CCR,CA,AWP,WE,Towers with Radar,0,8,14,0,22,0,0,0,0,0,0,8,14,0,22,0,0,0,22
12/31/2022,CCR,CA,AWP,WE,Towers with Radar,0,3,4,0,7,0,0,0,0,0,0,3,4,0,7,0,0,0,7
01/01/2023,CCR,CA,AWP,WE,Towers with Radar,0,5,8,0,13,0,9,94,0,103,0,14,102,0,116,178,0,178,294
01/02/2023,CCR,CA,AWP,WE,Towers with Radar,0,10,21,0,31,0,3,14,0,17,0,13,35,0,48,22,0,22,70
01/03/2023,CCR,CA,AWP,WE,Towers with Radar,0,15,13,0,28,0,0,0,0,0,0,15,13,0,28,0,0,0,28
01/04/2023,CCR,CA,AWP,WE,Towers with Radar,0,5,3,0,8,0,0,1,1,2,0,5,4,1,10,0,0,0,10
01/05/2023,CCR,CA,AWP,WE,Towers with Radar,0,11,5,0,16,0,3,4,0,7,0,14,9,0,23,0,0,0,23
01/06/2023,CCR,CA,AWP,WE,Towers with Radar,0,12,18,0,30,0,9,93,0,102,0,21,111,0,132,334,0,334,466
01/07/2023,CCR,CA,AWP,WE,Towers with Radar,0,5,9,0,14,0,3,8,1,12,0,8,17,1,26,28,0,28,54
01/08/2023,CCR,CA,AWP,WE,Towers with Radar,0,7,23,0,30,0,10,80,0,90,0,17,103,0,120,186,0,186,306
01/09/2023,CCR,CA,AWP,WE,Towers with Radar,0,8,16,2,26,0,8,25,0,33,0,16,41,2,59,56,0,56,115
01/10/2023,CCR,CA,AWP,WE,Towers with Radar,0,4,8,0,12,0,1,4,0,5,0,5,12,0,17,0,0,0,17
01/11/2023,CCR,CA,AWP,WE,Towers with Radar,0,7,17,0,24,0,2,13,0,15,0,9,30,0,39,28,0,28,67
01/12/2023,CCR,CA,AWP,WE,Towers with Radar,0,9,38,0,47,0,19,105,0,124,0,28,143,0,171,144,0,144,315
01/13/2023,CCR,CA,AWP,WE,Towers with Radar,0,12,27,0,39,0,3,2,0,5,0,15,29,0,44,0,0,0,44
01/14/2023,CCR,CA,AWP,WE,Towers with Radar,0,8,6,0,14,0,4,3,0,7,0,12,9,0,21,24,0,24,45
01/15/2023,CCR,CA,AWP,WE,Towers with Radar,0,10,15,0,25,0,1,13,0,14,0,11,28,0,39,62,0,62,101
01/16/2023,CCR,CA,AWP,WE,Towers with Radar,0,10,15,0,25,0,3,43,0,46,0,13,58,0,71,24,0,24,95
01/17/2023,CCR,CA,AWP,WE,Towers with Radar,0,3,27,0,30,0,14,135,0,149,0,17,162,0,179,206,0,206,385
01/18/2023,CCR,CA,AWP,WE,Towers with Radar,0,12,21,0,33,0,11,91,0,102,0,23,112,0,135,212,0,212,347
01/19/2023,CCR,CA,AWP,WE,Towers with Radar,0,11,20,0,31,0,5,103,0,108,0,16,123,0,139,216,0,216,355
01/20/2023,CCR,CA,AWP,WE,Towers with Radar,0,9,16,0,25,0,10,144,0,154,0,19,160,0,179,154,0,154,333
01/21/2023,CCR,CA,AWP,WE,Towers with Radar,0,5,20,0,25,0,7,169,2,178,0,12,189,2,203,174,0,174,377
01/22/2023,CCR,CA,AWP,WE,Towers with Radar,0,18,21,1,40,0,5,89,0,94,0,23,110,1,134,138,2,140,274
01/23/2023,CCR,CA,AWP,WE,Towers with Radar,0,10,7,0,17,0,7,87,0,94,0,17,94,0,111,180,0,180,291
01/24/2023,CCR,CA,AWP,WE,Towers with Radar,0,9,11,0,20,0,6,149,0,155,0,15,160,0,175,154,0,154,329
01/25/2023,CCR,CA,AWP,WE,Towers with Radar,0,6,21,0,27,0,4,125,0,129,0,10,146,0,156,144,0,144,300
01/26/2023,CCR,CA,AWP,WE,Towers with Radar,0,13,10,0,23,0,6,136,0,142,0,19,146,0,165,136,0,136,301
01/27/2023,CCR,CA,AWP,WE,Towers with Radar,0,8,20,0,28,0,11,120,0,131,0,19,140,0,159,220,0,220,379
01/28/2023,CCR,CA,AWP,WE,Towers with Radar,0,2,23,0,25,0,12,99,2,113,0,14,122,2,138,200,0,200,338
01/29/2023,CCR,CA,AWP,WE,Towers with Radar,0,6,15,0,21,0,4,24,0,28,0,10,39,0,49,46,0,46,95
01/30/2023,CCR,CA,AWP,WE,Towers with Radar,0,9,20,0,29,0,7,102,0,109,0,16,122,0,138,208,0,208,346
01/31/2023,CCR,CA,AWP,WE,Towers with Radar,0,5,20,0,25,0,6,106,1,113,0,11,126,1,138,198,0,198,336
02/01/2023,CCR,CA,AWP,WE,Towers with Radar,0,6,5,0,11,0,6,138,0,144,0,12,143,0,155,258,0,258,413
02/02/2023,CCR,CA,AWP,WE,Towers with Radar,0,10,36,0,46,0,17,102,0,119,0,27,138,0,165,216,0,216,381
02/03/2023,CCR,CA,AWP,WE,Towers with Radar,0,12,14,0,26,0,5,18,0,23,0,17,32,0,49,48,0,48,97
02/04/2023,CCR,CA,AWP,WE,Towers with Radar,0,5,15,0,20,0,2,27,0,29,0,7,42,0,49,118,0,118,167
02/05/2023,CCR,CA,AWP,WE,Towers with Radar,0,11,11,0,22,0,5,32,0,37,0,16,43,0,59,66,0,66,125
02/06/2023,CCR,CA,AWP,WE,Towers with Radar,0,10,23,0,33,0,6,125,0,131,0,16,148,0,164,274,0,274,438
02/07/2023,CCR,CA,AWP,WE,Towers with Radar,0,4,9,0,13,0,8,109,0,117,0,12,118,0,130,204,0,204,334
02/08/2023,CCR,CA,AWP,WE,Towers with Radar,0,4,23,0,27,0,7,145,0,152,0,11,168,0,179,216,0,216,395
02/09/2023,CCR,CA,AWP,WE,Towers with Radar,0,8,24,0,32,0,6,125,0,131,0,14,149,0,163,232,0,232,395
02/10/2023,CCR,CA,AWP,WE,Towers with Radar,0,9,28,0,37,0,10,73,0,83,0,19,101,0,120,42,0,42,162
02/11/2023,CCR,CA,AWP,WE,Towers with Radar,0,6,13,2,21,0,1,52,0,53,0,7,65,2,74,226,0,226,300
02/12/2023,CCR,CA,AWP,WE,Towers with Radar,0,7,24,0,31,0,5,132,0,137,0,12,156,0,168,230,0,230,398
02/13/2023,CCR,CA,AWP,WE,Towers with Radar,0,13,21,0,34,0,11,99,0,110,0,24,120,0,144,128,0,128,272
02/14/2023,CCR,CA,AWP,WE,Towers with Radar,0,7,11,0,18,0,5,33,0,38,0,12,44,0,56,14,0,14,70
02/15/2023,CCR,CA,AWP,WE,Towers with Radar,0,4,26,0,30,0,12,131,0,143,0,16,157,0,173,220,0,220,393
02/16/2023,CCR,CA,AWP,WE,Towers with Radar,0,16,22,0,38,0,9,106,0,115,0,25,128,0,153,106,0,106,259
02/17/2023,CCR,CA,AWP,WE,Towers with Radar,0,12,25,0,37,0,7,116,1,124,0,19,141,1,161,166,0,166,327
02/18/2023,CCR,CA,AWP,WE,Towers with Radar,0,2,18,1,21,0,7,125,5,137,0,9,143,6,158,150,0,150,308
02/19/2023,CCR,CA,AWP,WE,Towers with Radar,0,8,26,0,34,0,8,136,0,144,0,16,162,0,178,186,0,186,364
02/20/2023,CCR,CA,AWP,WE,Towers with Radar,0,9,26,0,35,0,7,138,0,145,0,16,164,0,180,272,0,272,452
02/21/2023,CCR,CA,AWP,WE,Towers with Radar,0,5,8,0,13,0,8,11,4,23,0,13,19,4,36,2,0,2,38
02/22/2023,CCR,CA,AWP,WE,Towers with Radar,0,2,24,0,26,0,2,36,0,38,0,4,60,0,64,22,0,22,86
02/23/2023,CCR,CA,AWP,WE,Towers with Radar,0,15,11,0,26,0,2,33,0,35,0,17,44,0,61,58,0,58,119
02/24/2023,CCR,CA,AWP,WE,Towers with Radar,0,9,7,0,16,0,3,21,0,24,0,12,28,0,40,50,0,50,90
02/25/2023,CCR,CA,AWP,WE,Towers with Radar,0,5,14,0,19,0,10,28,0,38,0,15,42,0,57,148,0,148,205
02/26/2023,CCR,CA,AWP,WE,Towers with Radar,0,11,13,0,24,0,0,9,0,9,0,11,22,0,33,22,0,22,55
02/27/2023,CCR,CA,AWP,WE,Towers with Radar,0,8,2,0,10,0,5,4,0,9,0,13,6,0,19,2,0,2,21
02/28/2023,CCR,CA,AWP,WE,Towers with Radar,0,4,10,0,14,0,2,2,0,4,0,6,12,0,18,6,0,6,24
03/01/2023,CCR,CA,AWP,WE,Towers with Radar,0,9,20,0,29,0,9,100,0,109,0,18,120,0,138,114,0,114,252
03/02/2023,CCR,CA,AWP,WE,Towers with Radar,0,9,39,0,48,0,7,144,0,151,0,16,183,0,199,200,0,200,399
03/03/2023,CCR,CA,AWP,WE,Towers with Radar,0,9,23,0,32,0,11,116,0,127,0,20,139,0,159,153,0,153,312
03/04/2023,CCR,CA,AWP,WE,Towers with Radar,0,3,12,0,15,0,8,19,0,27,0,11,31,0,42,24,0,24,66
03/05/2023,CCR,CA,AWP,WE,Towers with Radar,0,11,11,0,22,0,9,48,0,57,0,20,59,0,79,218,0,218,297
03/06/2023,CCR,CA,AWP,WE,Towers with Radar,0,8,6,0,14,0,0,30,1,31,0,8,36,1,45,124,0,124,169
03/07/2023,CCR,CA,AWP,WE,Towers with Radar,0,3,20,0,23,0,10,81,0,91,0,13,101,0,114,156,0,156,270
03/08/2023,CCR,CA,AWP,WE,Towers with Radar,0,5,19,2,26,0,18,115,0,133,0,23,134,2,159,192,6,198,357
03/09/2023,CCR,CA,AWP,WE,Towers with Radar,0,10,20,2,32,0,0,19,0,19,0,10,39,2,51,8,0,8,59
03/10/2023,CCR,CA,AWP,WE,Towers with Radar,0,11,17,0,28,0,4,53,0,57,0,15,70,0,85,126,0,126,211
03/11/2023,CCR,CA,AWP,WE,Towers with Radar,0,8,29,0,37,0,0,2,0,2,0,8,31,0,39,10,0,10,49
03/12/2023,CCR,CA,AWP,WE,Towers with Radar,0,10,24,0,34,0,3,10,0,13,0,13,34,0,47,2,0,2,49
03/13/2023,CCR,CA,AWP,WE,Towers with Radar,0,11,19,0,30,0,1,48,0,49,0,12,67,0,79,92,0,92,171
03/14/2023,CCR,CA,AWP,WE,Towers with Radar,0,4,10,0,14,0,2,1,0,3,0,6,11,0,17,0,0,0,17
03/15/2023,CCR,CA,AWP,WE,Towers with Radar,0,10,30,0,40,0,12,120,1,133,0,22,150,1,173,206,0,206,379
03/16/2023,CCR,CA,AWP,WE,Towers with Radar,0,14,32,0,46,0,15,144,0,159,0,29,176,0,205,68,0,68,273
03/17/2023,CCR,CA,AWP,WE,Towers with Radar,0,8,25,0,33,0,10,124,0,134,0,18,149,0,167,190,0,190,357
03/18/2023,CCR,CA,AWP,WE,Towers with Radar,0,8,23,0,31,0,13,114,2,129,0,21,137,2,160,190,0,190,350
03/19/2023,CCR,CA,AWP,WE,Towers with Radar,0,14,25,1,40,0,0,0,0,0,0,14,25,1,40,0,0,0,40
03/20/2023,CCR,CA,AWP,WE,Towers with Radar,0,14,15,0,29,0,7,65,0,72,0,21,80,0,101,200,0,200,301
03/21/2023,CCR,CA,AWP,WE,Towers with Radar,0,4,3,0,7,0,0,0,0,0,0,4,3,0,7,0,0,0,7
03/22/2023,CCR,CA,AWP,WE,Towers with Radar,0,2,11,0,13,0,5,45,0,50,0,7,56,0,63,188,0,188,251
03/23/2023,CCR,CA,AWP,WE,Towers with Radar,0,13,26,0,39,0,10,81,0,91,0,23,107,0,130,96,0,96,226
03/24/2023,CCR,CA,AWP,WE,Towers with Radar,0,12,28,0,40,0,15,94,0,109,0,27,122,0,149,180,0,180,329
03/25/2023,CCR,CA,AWP,WE,Towers with Radar,0,4,22,0,26,0,8,145,0,153,0,12,167,0,179,192,0,192,371
03/26/2023,CCR,CA,AWP,WE,Towers with Radar,0,10,34,0,44,0,3,168,0,171,0,13,202,0,215,224,0,224,439
03/27/2023,CCR,CA,AWP,WE,Towers with Radar,0,11,24,0,35,0,9,101,0,110,0,20,125,0,145,254,0,254,399
03/28/2023,CCR,CA,AWP,WE,Towers with Radar,0,3,11,0,14,0,6,0,0,6,0,9,11,0,20,0,0,0,20
03/29/2023,CCR,CA,AWP,WE,Towers with Radar,0,7,11,0,18,0,0,1,0,1,0,7,12,0,19,10,0,10,29
03/30/2023,CCR,CA,AWP,WE,Towers with Radar,0,14,31,0,45,0,11,116,1,128,0,25,147,1,173,222,0,222,395
03/31/2023,CCR,CA,AWP,WE,Towers with Radar,0,8,25,0,33,0,20,132,0,152,0,28,157,0,185,180,0,180,365
04/01/2023,CCR,CA,AWP,WE,Towers with Radar,0,4,18,0,22,0,6,125,0,131,0,10,143,0,153,130,0,130,283
04/02/2023,CCR,CA,AWP,WE,Towers with Radar,0,20,29,0,49,0,4,71,0,75,0,24,100,0,124,64,0,64,188
04/03/2023,CCR,CA,AWP,WE,Towers with Radar,0,10,13,0,23,0,2,59,0,61,0,12,72,0,84,38,0,38,122
04/04/2023,CCR,CA,AWP,WE,Towers with Radar,0,6,26,0,32,0,4,135,1,140,0,10,161,1,172,214,0,214,386
04/05/2023,CCR,CA,AWP,WE,Towers with Radar,0,7,25,0,32,0,7,166,0,173,0,14,191,0,205,212,0,212,417
04/06/2023,CCR,CA,AWP,WE,Towers with Radar,0,17,34,0,51,0,6,153,0,159,0,23,187,0,210,268,0,268,478
04/07/2023,CCR,CA,AWP,WE,Towers with Radar,0,9,20,0,29,0,5,11,0,16,0,14,31,0,45,80,0,80,125
04/08/2023,CCR,CA,AWP,WE,Towers with Radar,0,4,21,0,25,0,8,116,0,124,0,12,137,0,149,108,0,108,257
04/09/2023,CCR,CA,AWP,WE,Towers with Radar,0,8,17,0,25,0,2,89,0,91,0,10,106,0,116,92,0,92,208
04/10/2023,CCR,CA,AWP,WE,Towers with Radar,0,12,33,0,45,0,11,111,0,122,0,23,144,0,167,160,0,160,327
04/11/2023,CCR,CA,AWP,WE,Towers with Radar,0,10,32,0,42,0,6,91,0,97,0,16,123,0,139,98,0,98,237
04/12/2023,CCR,CA,AWP,WE,Towers with Radar,0,9,22,0,31,0,7,112,0,119,0,16,134,0,150,124,0,124,274
04/13/2023,CCR,CA,AWP,WE,Towers with Radar,0,11,46,0,57,0,10,108,0,118,0,21,154,0,175,306,0,306,481
04/14/2023,CCR,CA,AWP,WE,Towers with Radar,0,14,22,0,36,0,12,123,0,135,0,26,145,0,171,128,0,128,299
04/15/2023,CCR,CA,AWP,WE,Towers with Radar,0,12,22,0,34,0,7,146,2,155,0,19,168,2,189,114,0,114,303
04/16/2023,CCR,CA,AWP,WE,Towers with Radar,0,11,19,0,30,0,8,111,0,119,0,19,130,0,149,170,0,170,319
04/17/2023,CCR,CA,AWP,WE,Towers with Radar,0,11,15,0,26,0,5,60,0,65,0,16,75,0,91,78,0,78,169
04/18/2023,CCR,CA,AWP,WE,Towers with Radar,0,7,38,1,46,0,3,98,0,101,0,10,136,1,147,192,0,192,339
04/19/2023,CCR,CA,AWP,WE,Towers with Radar,0,6,19,2,27,0,8,152,0,160,0,14,171,2,187,256,0,256,443
04/20/2023,CCR,CA,AWP,WE,Towers with Radar,0,11,23,0,34,0,12,111,0,123,0,23,134,0,157,176,0,176,333
04/21/2023,CCR,CA,AWP,WE,Towers with Radar,0,5,30,0,35,0,2,122,0,124,0,7,152,0,159,244,0,244,403
04/22/2023,CCR,CA,AWP,WE,Towers with Radar,0,10,27,0,37,0,20,116,0,136,0,30,143,0,173,174,0,174,347
04/23/2023,CCR,CA,AWP,WE,Towers with Radar,0,6,23,0,29,0,3,116,0,119,0,9,139,0,148,120,0,120,268
04/24/2023,CCR,CA,AWP,WE,Towers with Radar,0,12,16,0,28,0,11,90,0,101,0,23,106,0,129,240,0,240,369
04/25/2023,CCR,CA,AWP,WE,Towers with Radar,0,7,40,0,47,0,7,105,0,112,0,14,145,0,159,140,0,140,299
04/26/2023,CCR,CA,AWP,WE,Towers with Radar,0,9,23,0,32,0,9,142,0,151,0,18,165,0,183,216,0,216,399
04/27/2023,CCR,CA,AWP,WE,Towers with Radar,0,10,29,0,39,0,7,151,0,158,0,17,180,0,197,198,0,198,395
04/28/2023,CCR,CA,AWP,WE,Towers with Radar,0,7,35,0,42,0,8,118,0,126,0,15,153,0,168,202,1,203,371
04/29/2023,CCR,CA,AWP,WE,Towers with Radar,0,4,22,0,26,0,17,104,0,121,0,21,126,0,147,128,0,128,275
04/30/2023,CCR,CA,AWP,WE,Towers with Radar,0,12,24,0,36,0,6,102,0,108,0,18,126,0,144,54,0,54,198
05/01/2023,CCR,CA,AWP,WE,Towers with Radar,0,12,33,0,45,0,6,20,0,26,0,18,53,0,71,54,0,54,125
05/02/2023,CCR,CA,AWP,WE,Towers with Radar,0,9,11,0,20,0,7,17,0,24,0,16,28,0,44,100,0,100,144
05/03/2023,CCR,CA,AWP,WE,Towers with Radar,0,4,18,0,22,0,8,40,0,48,0,12,58,0,70,112,0,112,182
05/04/2023,CCR,CA,AWP,WE,Towers with Radar,0,10,26,0,36,0,7,66,0,73,0,17,92,0,109,256,0,256,365
05/05/2023,CCR,CA,AWP,WE,Towers with Radar,0,13,28,0,41,0,7,93,0,100,0,20,121,0,141,232,0,232,373
05/06/2023,CCR,CA,AWP,WE,Towers with Radar,0,9,21,0,30,0,7,27,0,34,0,16,48,0,64,32,0,32,96
05/07/2023,CCR,CA,AWP,WE,Towers with Radar,0,9,24,0,33,0,6,99,0,105,0,15,123,0,138,194,0,194,332
05/08/2023,CCR,CA,AWP,WE,Towers with Radar,0,7,21,0,28,0,8,44,0,52,0,15,65,0,80,138,0,138,218
05/09/2023,CCR,CA,AWP,WE,Towers with Radar,0,8,27,0,35,0,8,145,0,153,0,16,172,0,188,270,0,270,458
05/10/2023,CCR,CA,AWP,WE,Towers with Radar,0,4,22,0,26,0,7,124,0,131,0,11,146,0,157,218,0,218,375
05/11/2023,CCR,CA,AWP,WE,Towers with Radar,0,15,49,0,64,0,10,143,0,153,0,25,192,0,217,200,0,200,417
05/12/2023,CCR,CA,AWP,WE,Towers with Radar,0,20,28,0,48,0,15,154,0,169,0,35,182,0,217,186,0,186,403
05/13/2023,CCR,CA,AWP,WE,Towers with Radar,0,8,27,0,35,0,14,154,2,170,0,22,181,2,205,100,0,100,305
05/14/2023,CCR,CA,AWP,WE,Towers with Radar,0,15,9,0,24,0,7,110,0,117,0,22,119,0,141,152,0,152,293
05/15/2023,CCR,CA,AWP,WE,Towers with Radar,0,13,32,0,45,0,4,127,0,131,0,17,159,0,176,116,0,116,292
05/16/2023,CCR,CA,AWP,WE,Towers with Radar,0,3,25,0,28,0,7,121,0,128,0,10,146,0,156,228,0,228,384
05/17/2023,CCR,CA,AWP,WE,Towers with Radar,0,7,31,0,38,0,3,123,0,126,0,10,154,0,164,202,0,202,366
05/18/2023,CCR,CA,AWP,WE,Towers with Radar,0,22,33,2,57,0,5,117,12,134,0,27,150,14,191,196,0,196,387
05/19/2023,CCR,CA,AWP,WE,Towers with Radar,0,16,19,0,35,0,8,116,0,124,0,24,135,0,159,206,0,206,365
05/20/2023,CCR,CA,AWP,WE,Towers with Radar,0,6,20,0,26,0,9,140,0,149,0,15,160,0,175,54,0,54,229
05/21/2023,CCR,CA,AWP,WE,Towers with Radar,0,20,12,0,32,0,7,115,0,122,0,27,127,0,154,150,4,154,308
05/22/2023,CCR,CA,AWP,WE,Towers with Radar,0,15,26,0,41,0,9,80,0,89,0,24,106,0,130,78,0,78,208
05/23/2023,CCR,CA,AWP,WE,Towers with Radar,0,9,19,0,28,0,6,99,0,105,0,15,118,0,133,110,0,110,243
05/24/2023,CCR,CA,AWP,WE,Towers with Radar,0,5,31,0,36,0,6,135,0,141,0,11,166,0,177,230,0,230,407
05/25/2023,CCR,CA,AWP,WE,Towers with Radar,0,24,28,0,52,0,9,79,0,88,0,33,107,0,140,138,0,138,278
05/26/2023,CCR,CA,AWP,WE,Towers with Radar,0,16,25,0,41,0,17,84,0,101,0,33,109,0,142,106,0,106,248
05/27/2023,CCR,CA,AWP,WE,Towers with Radar,0,5,34,0,39,0,11,76,0,87,0,16,110,0,126,112,0,112,238
05/28/2023,CCR,CA,AWP,WE,Towers with Radar,0,16,17,0,33,0,8,53,0,61,0,24,70,0,94,120,0,120,214
05/29/2023,CCR,CA,AWP,WE,Towers with Radar,0,15,15,0,30,0,13,88,0,101,0,28,103,0,131,40,0,40,171
05/30/2023,CCR,CA,AWP,WE,Towers with Radar,0,10,11,0,21,0,0,93,0,93,0,10,104,0,114,102,0,102,216
05/31/2023,CCR,CA,AWP,WE,Towers with Radar,0,10,13,0,23,0,13,110,0,123,0,23,123,0,146,268,0,268,414
06/01/2023,CCR,CA,AWP,WE,Towers with Radar,0,12,16,0,28,0,11,122,0,133,0,23,138,0,161,158,0,158,319
06/02/2023,CCR,CA,AWP,WE,Towers with Radar,0,19,26,0,45,0,6,106,0,112,0,25,132,0,157,138,0,138,295
06/03/2023,CCR,CA,AWP,WE,Towers with Radar,0,1,22,0,23,0,11,128,2,141,0,12,150,2,164,54,0,54,218
06/04/2023,CCR,CA,AWP,WE,Towers with Radar,0,10,23,0,33,0,8,102,0,110,0,18,125,0,143,58,8,66,209
06/05/2023,CCR,CA,AWP,WE,Towers with Radar,0,12,9,0,21,0,3,89,0,92,0,15,98,0,113,128,0,128,241
06/06/2023,CCR,CA,AWP,WE,Towers with Radar,0,4,21,0,25,0,3,71,0,74,0,7,92,0,99,232,0,232,331
06/07/2023,CCR,CA,AWP,WE,Towers with Radar,0,7,19,0,26,0,1,83,0,84,0,8,102,0,110,168,0,168,278
06/08/2023,CCR,CA,AWP,WE,Towers with Radar,0,18,29,0,47,0,6,126,0,132,0,24,155,0,179,138,0,138,317
06/09/2023,CCR,CA,AWP,WE,Towers with Radar,0,16,19,0,35,0,9,71,0,80,0,25,90,0,115,62,0,62,177
06/10/2023,CCR,CA,AWP,WE,Towers with Radar,0,5,36,0,41,0,8,71,0,79,0,13,107,0,120,50,0,50,170
06/11/2023,CCR,CA,AWP,WE,Towers with Radar,0,16,27,0,43,0,8,121,0,129,0,24,148,0,172,94,0,94,266
06/12/2023,CCR,CA,AWP,WE,Towers with Radar,0,13,15,0,28,0,6,69,0,75,0,19,84,0,103,118,0,118,221
06/13/2023,CCR,CA,AWP,WE,Towers with Radar,0,9,24,0,33,0,5,111,0,116,0,14,135,0,149,128,0,128,277
06/14/2023,CCR,CA,AWP,WE,Towers with Radar,0,3,35,0,38,0,2,150,0,152,0,5,185,0,190,220,0,220,410
06/15/2023,CCR,CA,AWP,WE,Towers with Radar,0,14,23,0,37,0,4,133,0,137,0,18,156,0,174,158,0,158,332
06/16/2023,CCR,CA,AWP,WE,Towers with Radar,0,18,30,0,48,0,13,101,0,114,0,31,131,0,162,182,0,182,344
06/17/2023,CCR,CA,AWP,WE,Towers with Radar,0,5,31,0,36,0,9,137,0,146,0,14,168,0,182,92,0,92,274
06/18/2023,CCR,CA,AWP,WE,Towers with Radar,0,11,17,0,28,0,8,80,0,88,0,19,97,0,116,170,0,170,286
06/19/2023,CCR,CA,AWP,WE,Towers with Radar,0,13,28,0,41,0,2,41,0,43,0,15,69,0,84,12,0,12,96
06/20/2023,CCR,CA,AWP,WE,Towers with Radar,0,20,28,0,48,0,3,11,0,14,0,23,39,0,62,0,0,0,62
06/21/2023,CCR,CA,AWP,WE,Towers with Radar,0,16,10,0,26,0,11,108,0,119,0,27,118,0,145,142,0,142,287
06/22/2023,CCR,CA,AWP,WE,Towers with Radar,0,12,21,2,35,0,5,116,0,121,0,17,137,2,156,194,0,194,350
06/23/2023,CCR,CA,AWP,WE,Towers with Radar,0,15,27,0,42,0,15,110,0,125,0,30,137,0,167,192,0,192,359
06/24/2023,CCR,CA,AWP,WE,Towers with Radar,0,4,22,0,26,0,6,93,0,99,0,10,115,0,125,114,0,114,239
06/25/2023,CCR,CA,AWP,WE,Towers with Radar,0,17,31,0,48,0,17,72,0,89,0,34,103,0,137,118,0,118,255
06/26/2023,CCR,CA,AWP,WE,Towers with Radar,0,13,19,0,32,0,5,124,0,129,0,18,143,0,161,160,0,160,321
06/27/2023,CCR,CA,AWP,WE,Towers with Radar,0,8,20,0,28,0,4,87,2,93,0,12,107,2,121,156,0,156,277
06/28/2023,CCR,CA,AWP,WE,Towers with Radar,0,10,17,0,27,0,19,108,0,127,0,29,125,0,154,278,0,278,432
06/29/2023,CCR,CA,AWP,WE,Towers with Radar,0,9,35,1,45,0,15,111,1,127,0,24,146,2,172,106,0,106,278
06/30/2023,CCR,CA,AWP,WE,Towers with Radar,0,8,23,0,31,0,12,139,2,153,0,20,162,2,184,258,2,260,444
07/01/2023,CCR,CA,AWP,WE,Towers with Radar,0,13,21,0,34,0,7,98,2,107,0,20,119,2,141,178,0,178,319
07/02/2023,CCR,CA,AWP,WE,Towers with Radar,0,9,17,0,26,0,10,92,0,102,0,19,109,0,128,130,0,130,258
07/03/2023,CCR,CA,AWP,WE,Towers with Radar,0,6,19,0,25,0,7,112,0,119,0,13,131,0,144,167,0,167,311
07/04/2023,CCR,CA,AWP,WE,Towers with Radar,0,3,23,0,26,0,5,73,0,78,0,8,96,0,104,47,0,47,151
07/05/2023,CCR,CA,AWP,WE,Towers with Radar,0,3,18,0,21,0,9,104,1,114,0,12,122,1,135,174,0,174,309
07/06/2023,CCR,CA,AWP,WE,Towers with Radar,0,11,37,0,48,0,9,118,0,127,0,20,155,0,175,232,0,232,407
07/07/2023,CCR,CA,AWP,WE,Towers with Radar,0,11,32,0,43,0,15,101,0,116,0,26,133,0,159,154,0,154,313
07/08/2023,CCR,CA,AWP,WE,Towers with Radar,0,10,15,0,25,0,12,76,0,88,0,22,91,0,113,196,0,196,309
07/09/2023,CCR,CA,AWP,WE,Towers with Radar,0,13,25,0,38,0,11,73,0,84,0,24,98,0,122,106,0,106,228
07/10/2023,CCR,CA,AWP,WE,Towers with Radar,0,11,22,0,33,0,7,124,0,131,0,18,146,0,164,172,0,172,336
07/11/2023,CCR,CA,AWP,WE,Towers with Radar,0,6,30,2,38,0,9,155,0,164,0,15,185,2,202,228,0,228,430
07/12/2023,CCR,CA,AWP,WE,Towers with Radar,0,8,30,0,38,0,10,150,0,160,0,18,180,0,198,234,0,234,432
07/13/2023,CCR,CA,AWP,WE,Towers with Radar,0,10,19,0,29,0,6,170,0,176,0,16,189,0,205,239,0,239,444
07/14/2023,CCR,CA,AWP,WE,Towers with Radar,0,6,13,0,19,0,17,121,0,138,0,23,134,0,157,268,0,268,425
07/15/2023,CCR,CA,AWP,WE,Towers with Radar,0,6,14,1,21,0,11,130,1,142,0,17,144,2,163,224,0,224,387
07/16/2023,CCR,CA,AWP,WE,Towers with Radar,0,12,17,0,29,0,19,111,0,130,0,31,128,0,159,170,0,170,329
07/17/2023,CCR,CA,AWP,WE,Towers with Radar,0,7,15,0,22,0,5,92,0,97,0,12,107,0,119,157,0,157,276
07/18/2023,CCR,CA,AWP,WE,Towers with Radar,0,4,27,0,31,0,3,127,0,130,0,7,154,0,161,346,0,346,507
07/19/2023,CCR,CA,AWP,WE,Towers with Radar,0,5,20,0,25,0,10,119,0,129,0,15,139,0,154,226,0,226,380
07/20/2023,CCR,CA,AWP,WE,Towers with Radar,0,9,25,0,34,0,10,131,0,141,0,19,156,0,175,326,0,326,501
07/21/2023,CCR,CA,AWP,WE,Towers with Radar,0,14,27,0,41,0,8,112,1,121,0,22,139,1,162,210,0,210,372
07/22/2023,CCR,CA,AWP,WE,Towers with Radar,0,6,10,0,16,0,25,131,0,156,0,31,141,0,172,250,0,250,422
07/23/2023,CCR,CA,AWP,WE,Towers with Radar,0,5,23,0,28,0,8,100,0,108,0,13,123,0,136,146,0,146,282
07/24/2023,CCR,CA,AWP,WE,Towers with Radar,0,7,27,0,34,0,14,114,0,128,0,21,141,0,162,200,0,200,362
07/25/2023,CCR,CA,AWP,WE,Towers with Radar,0,5,24,0,29,0,4,133,0,137,0,9,157,0,166,292,0,292,458
07/26/2023,CCR,CA,AWP,WE,Towers with Radar,0,2,17,0,19,0,7,134,0,141,0,9,151,0,160,331,0,331,491
07/27/2023,CCR,CA,AWP,WE,Towers with Radar,0,14,26,2,42,0,9,134,0,143,0,23,160,2,185,392,0,392,577
07/28/2023,CCR,CA,AWP,WE,Towers with Radar,0,5,32,0,37,0,15,120,0,135,0,20,152,0,172,272,0,272,444
07/29/2023,CCR,CA,AWP,WE,Towers with Radar,0,1,6,0,7,0,12,96,1,109,0,13,102,1,116,174,0,174,290
07/30/2023,CCR,CA,AWP,WE,Towers with Radar,0,9,20,0,29,0,3,93,0,96,0,12,113,0,125,110,0,110,235
07/31/2023,CCR,CA,AWP,WE,Towers with Radar,0,14,14,0,28,0,2,116,0,118,0,16,130,0,146,100,0,100,246
08/01/2023,CCR,CA,AWP,WE,Towers with Radar,0,3,17,0,20,0,1,101,0,102,0,4,118,0,122,202,0,202,324
08/02/2023,CCR,CA,AWP,WE,Towers with Radar,0,8,18,0,26,0,7,80,0,87,0,15,98,0,113,150,0,150,263
08/03/2023,CCR,CA,AWP,WE,Towers with Radar,0,13,28,0,41,0,4,104,0,108,0,17,132,0,149,206,0,206,355
08/04/2023,CCR,CA,AWP,WE,Towers with Radar,0,10,21,2,33,0,12,108,0,120,0,22,129,2,153,158,0,158,311
08/05/2023,CCR,CA,AWP,WE,Towers with Radar,0,11,32,0,43,0,6,87,1,94,0,17,119,1,137,160,0,160,297
08/06/2023,CCR,CA,AWP,WE,Towers with Radar,0,17,26,0,43,0,5,91,0,96,0,22,117,0,139,188,0,188,327
08/07/2023,CCR,CA,AWP,WE,Towers with Radar,0,15,19,0,34,0,6,107,0,113,0,21,126,0,147,90,0,90,237
08/08/2023,CCR,CA,AWP,WE,Towers with Radar,0,9,29,1,39,0,2,108,2,112,0,11,137,3,151,208,0,208,359
08/09/2023,CCR,CA,AWP,WE,Towers with Radar,0,5,22,0,27,0,7,125,0,132,0,12,147,0,159,270,0,270,429
08/10/2023,CCR,CA,AWP,WE,Towers with Radar,0,12,20,0,32,0,15,109,0,124,0,27,129,0,156,271,0,271,427
08/11/2023,CCR,CA,AWP,WE,Towers with Radar,0,13,24,0,37,0,21,119,0,140,0,34,143,0,177,168,0,168,345
08/12/2023,CCR,CA,AWP,WE,Towers with Radar,0,6,7,0,13,0,3,123,2,128,0,9,130,2,141,142,0,142,283
08/13/2023,CCR,CA,AWP,WE,Towers with Radar,0,19,15,0,34,0,9,112,0,121,0,28,127,0,155,220,0,220,375
08/14/2023,CCR,CA,AWP,WE,Towers with Radar,0,9,23,0,32,0,18,101,1,120,0,27,124,1,152,170,0,170,322
08/15/2023,CCR,CA,AWP,WE,Towers with Radar,0,5,19,0,24,0,8,122,0,130,0,13,141,0,154,166,0,166,320
08/16/2023,CCR,CA,AWP,WE,Towers with Radar,0,5,38,0,43,0,7,146,0,153,0,12,184,0,196,190,0,190,386
08/17/2023,CCR,CA,AWP,WE,Towers with Radar,0,11,18,0,29,0,10,114,0,124,0,21,132,0,153,232,0,232,385
08/18/2023,CCR,CA,AWP,WE,Towers with Radar,0,10,33,0,43,0,7,108,0,115,0,17,141,0,158,236,0,236,394
08/19/2023,CCR,CA,AWP,WE,Towers with Radar,0,5,17,0,22,0,4,179,0,183,0,9,196,0,205,262,0,262,467
08/20/2023,CCR,CA,AWP,WE,Towers with Radar,0,7,15,0,22,0,10,100,0,110,0,17,115,0,132,166,0,166,298
08/21/2023,CCR,CA,AWP,WE,Towers with Radar,0,9,12,2,23,0,5,56,0,61,0,14,68,2,84,120,0,120,204
08/22/2023,CCR,CA,AWP,WE,Towers with Radar,0,6,14,0,20,0,10,124,0,134,0,16,138,0,154,276,0,276,430
08/23/2023,CCR,CA,AWP,WE,Towers with Radar,0,4,19,0,23,0,10,157,0,167,0,14,176,0,190,240,0,240,430
08/24/2023,CCR,CA,AWP,WE,Towers with Radar,0,9,19,2,30,0,3,113,0,116,0,12,132,2,146,182,0,182,328
08/25/2023,CCR,CA,AWP,WE,Towers with Radar,0,10,26,0,36,0,6,139,2,147,0,16,165,2,183,302,0,302,485
08/26/2023,CCR,CA,AWP,WE,Towers with Radar,0,7,9,0,16,0,15,124,2,141,0,22,133,2,157,160,0,160,317
08/27/2023,CCR,CA,AWP,WE,Towers with Radar,0,7,20,0,27,0,6,132,0,138,0,13,152,0,165,168,0,168,333
08/28/2023,CCR,CA,AWP,WE,Towers with Radar,0,13,26,0,39,0,11,96,2,109,0,24,122,2,148,148,2,150,298
08/29/2023,CCR,CA,AWP,WE,Towers with Radar,0,8,26,0,34,0,0,130,0,130,0,8,156,0,164,282,0,282,446
08/30/2023,CCR,CA,AWP,WE,Towers with Radar,0,4,20,0,24,0,4,103,0,107,0,8,123,0,131,180,0,180,311
08/31/2023,CCR,CA,AWP,WE,Towers with Radar,0,11,20,0,31,0,7,91,0,98,0,18,111,0,129,186,0,186,315
