01/01/2020,CDW,NJ,AEA,EN,Towers with Radar,0,0,7,0,7,0,7,28,0,35,0,7,35,0,42,4,0,4,46
01/02/2020,CDW,NJ,AEA,EN,Towers with Radar,0,0,12,0,12,0,6,161,3,170,0,6,173,3,182,126,0,126,308
01/03/2020,CDW,NJ,AEA,EN,Towers with Radar,0,0,10,0,10,0,2,4,0,6,0,2,14,0,16,0,0,0,16
01/04/2020,CDW,NJ,AEA,EN,Towers with Radar,0,0,5,0,5,0,0,11,0,11,0,0,16,0,16,20,0,20,36
01/05/2020,CDW,NJ,AEA,EN,Towers with Radar,0,1,5,0,6,0,2,15,0,17,0,3,20,0,23,0,0,0,23
01/06/2020,CDW,NJ,AEA,EN,Towers with Radar,0,1,5,0,6,0,6,87,5,98,0,7,92,5,104,58,0,58,162
01/07/2020,CDW,NJ,AEA,EN,Towers with Radar,0,1,5,0,6,0,2,86,7,95,0,3,91,7,101,136,0,136,237
01/08/2020,CDW,NJ,AEA,EN,Towers with Radar,0,0,5,0,5,0,2,37,2,41,0,2,42,2,46,48,0,48,94
01/09/2020,CDW,NJ,AEA,EN,Towers with Radar,0,0,20,0,20,0,7,204,7,218,0,7,224,7,238,134,4,138,376
01/10/2020,CDW,NJ,AEA,EN,Towers with Radar,0,0,7,0,7,0,5,98,3,106,0,5,105,3,113,200,0,200,313
01/11/2020,CDW,NJ,AEA,EN,Towers with Radar,0,0,14,0,14,0,5,49,2,56,0,5,63,2,70,22,0,22,92
01/12/2020,CDW,NJ,AEA,EN,Towers with Radar,0,0,4,0,4,0,3,30,0,33,0,3,34,0,37,20,0,20,57
01/13/2020,CDW,NJ,AEA,EN,Towers with Radar,0,0,8,0,8,0,4,41,1,46,0,4,49,1,54,128,0,128,182
01/14/2020,CDW,NJ,AEA,EN,Towers with Radar,0,0,11,0,11,0,5,4,1,10,0,5,15,1,21,16,0,16,37
01/15/2020,CDW,NJ,AEA,EN,Towers with Radar,0,0,12,0,12,0,7,206,4,217,0,7,218,4,229,142,0,142,371
01/16/2020,CDW,NJ,AEA,EN,Towers with Radar,0,0,4,0,4,0,9,12,3,24,0,9,16,3,28,4,0,4,32
01/17/2020,CDW,NJ,AEA,EN,Towers with Radar,0,0,13,0,13,0,4,65,5,74,0,4,78,5,87,72,0,72,159
01/18/2020,CDW,NJ,AEA,EN,Towers with Radar,0,0,1,0,1,0,0,73,0,73,0,0,74,0,74,64,0,64,138
01/19/2020,CDW,NJ,AEA,EN,Towers with Radar,0,0,10,0,10,0,0,80,4,84,0,0,90,4,94,54,0,54,148
01/20/2020,CDW,NJ,AEA,EN,Towers with Radar,0,1,13,0,14,0,9,171,0,180,0,10,184,0,194,70,0,70,264
01/21/2020,CDW,NJ,AEA,EN,Towers with Radar,0,1,11,0,12,0,2,121,3,126,0,3,132,3,138,126,0,126,264
01/22/2020,CDW,NJ,AEA,EN,Towers with Radar,0,1,11,0,12,0,6,171,1,178,0,7,182,1,190,76,0,76,266
01/23/2020,CDW,NJ,AEA,EN,Towers with Radar,0,1,11,0,12,0,4,168,1,173,0,5,179,1,185,110,0,110,295
01/24/2020,CDW,NJ,AEA,EN,Towers with Radar,0,0,7,0,7,0,3,191,4,198,0,3,198,4,205,110,0,110,315
01/25/2020,CDW,NJ,AEA,EN,Towers with Radar,0,2,2,0,4,0,0,6,1,7,0,2,8,1,11,0,0,0,11
01/26/2020,CDW,NJ,AEA,EN,Towers with Radar,0,2,7,0,9,0,6,181,4,191,0,8,188,4,200,72,0,72,272
01/27/2020,CDW,NJ,AEA,EN,Towers with Radar,0,0,6,0,6,0,4,105,8,117,0,4,111,8,123,146,0,146,269
01/28/2020,CDW,NJ,AEA,EN,Towers with Radar,0,1,9,0,10,0,8,73,10,91,0,9,82,10,101,85,0,85,186
01/29/2020,CDW,NJ,AEA,EN,Towers with Radar,0,0,4,0,4,0,2,180,9,191,0,2,184,9,195,222,20,242,437
01/30/2020,CDW,NJ,AEA,EN,Towers with Radar,0,0,5,0,5,0,4,145,6,155,0,4,150,6,160,118,0,118,278
01/31/2020,CDW,NJ,AEA,EN,Towers with Radar,0,2,7,0,9,0,6,96,7,109,0,8,103,7,118,218,0,218,336
02/01/2020,CDW,NJ,AEA,EN,Towers with Radar,0,0,2,0,2,0,2,6,0,8,0,2,8,0,10,72,0,72,82
02/02/2020,CDW,NJ,AEA,EN,Towers with Radar,0,1,8,0,9,0,3,113,2,118,0,4,121,2,127,158,0,158,285
02/03/2020,CDW,NJ,AEA,EN,Towers with Radar,0,0,9,0,9,0,6,96,8,110,0,6,105,8,119,76,6,82,201
02/04/2020,CDW,NJ,AEA,EN,Towers with Radar,0,3,7,0,10,0,5,81,3,89,0,8,88,3,99,106,0,106,205
02/05/2020,CDW,NJ,AEA,EN,Towers with Radar,0,1,9,0,10,0,3,98,7,108,0,4,107,7,118,94,0,94,212
02/06/2020,CDW,NJ,AEA,EN,Towers with Radar,0,1,7,0,8,0,0,0,0,0,0,1,7,0,8,0,0,0,8
02/07/2020,CDW,NJ,AEA,EN,Towers with Radar,0,0,0,0,0,0,2,3,2,7,0,2,3,2,7,6,0,6,13
02/08/2020,CDW,NJ,AEA,EN,Towers with Radar,0,0,9,0,9,0,19,160,1,180,0,19,169,1,189,158,0,158,347
02/09/2020,CDW,NJ,AEA,EN,Towers with Radar,0,0,12,0,12,0,9,175,2,186,0,9,187,2,198,136,0,136,334
02/10/2020,CDW,NJ,AEA,EN,Towers with Radar,0,0,9,0,9,0,4,17,3,24,0,4,26,3,33,40,0,40,73
02/11/2020,CDW,NJ,AEA,EN,Towers with Radar,0,0,2,0,2,0,2,10,5,17,0,2,12,5,19,0,16,16,35
02/12/2020,CDW,NJ,AEA,EN,Towers with Radar,0,0,7,0,7,0,2,203,19,224,0,2,210,19,231,92,0,92,323
02/13/2020,CDW,NJ,AEA,EN,Towers with Radar,0,0,8,0,8,0,0,9,1,10,0,0,17,1,18,34,40,74,92
02/14/2020,CDW,NJ,AEA,EN,Towers with Radar,0,2,7,0,9,0,9,109,11,129,0,11,116,11,138,16,0,16,154
02/15/2020,CDW,NJ,AEA,EN,Towers with Radar,0,2,12,0,14,0,3,193,1,197,0,5,205,1,211,112,0,112,323
02/16/2020,CDW,NJ,AEA,EN,Towers with Radar,0,0,15,0,15,0,2,234,0,236,0,2,249,0,251,204,0,204,455
02/17/2020,CDW,NJ,AEA,EN,Towers with Radar,0,2,14,0,16,0,8,218,0,226,0,10,232,0,242,98,0,98,340
02/18/2020,CDW,NJ,AEA,EN,Towers with Radar,0,0,3,0,3,0,1,3,0,4,0,1,6,0,7,0,0,0,7
02/19/2020,CDW,NJ,AEA,EN,Towers with Radar,0,1,5,0,6,0,9,73,2,84,0,10,78,2,90,14,0,14,104
02/20/2020,CDW,NJ,AEA,EN,Towers with Radar,0,1,6,0,7,0,8,148,4,160,0,9,154,4,167,166,0,166,333
02/21/2020,CDW,NJ,AEA,EN,Towers with Radar,0,0,11,0,11,0,4,160,3,167,0,4,171,3,178,86,0,86,264
02/22/2020,CDW,NJ,AEA,EN,Towers with Radar,0,0,11,0,11,0,3,227,2,232,0,3,238,2,243,98,0,98,341
02/23/2020,CDW,NJ,AEA,EN,Towers with Radar,0,1,22,0,23,0,1,330,1,332,0,2,352,1,355,120,0,120,475
02/24/2020,CDW,NJ,AEA,EN,Towers with Radar,0,2,10,0,12,0,7,145,1,153,0,9,155,1,165,114,0,114,279
02/25/2020,CDW,NJ,AEA,EN,Towers with Radar,0,1,16,0,17,0,3,62,0,65,0,4,78,0,82,60,0,60,142
02/26/2020,CDW,NJ,AEA,EN,Towers with Radar,0,2,9,0,11,0,0,0,0,0,0,2,9,0,11,0,0,0,11
02/27/2020,CDW,NJ,AEA,EN,Towers with Radar,0,1,5,0,6,0,3,27,2,32,0,4,32,2,38,26,0,26,64
02/28/2020,CDW,NJ,AEA,EN,Towers with Radar,0,0,6,0,6,0,1,85,4,90,0,1,91,4,96,32,0,32,128
02/29/2020,CDW,NJ,AEA,EN,Towers with Radar,0,0,5,0,5,0,3,116,0,119,0,3,121,0,124,112,0,112,236
03/01/2020,CDW,NJ,AEA,EN,Towers with Radar,0,0,16,0,16,0,0,152,2,154,0,0,168,2,170,128,0,128,298
03/02/2020,CDW,NJ,AEA,EN,Towers with Radar,0,0,16,0,16,0,1,189,3,193,0,1,205,3,209,150,0,150,359
03/03/2020,CDW,NJ,AEA,EN,Towers with Radar,0,1,21,0,22,0,2,66,3,71,0,3,87,3,93,142,0,142,235
03/04/2020,CDW,NJ,AEA,EN,Towers with Radar,0,1,7,0,8,0,8,49,6,63,0,9,56,6,71,8,0,8,79
03/05/2020,CDW,NJ,AEA,EN,Towers with Radar,0,1,8,0,9,0,8,240,4,252,0,9,248,4,261,136,0,136,397
03/06/2020,CDW,NJ,AEA,EN,Towers with Radar,0,2,12,0,14,0,2,25,2,29,0,4,37,2,43,138,0,138,181
03/07/2020,CDW,NJ,AEA,EN,Towers with Radar,0,0,8,0,8,0,6,52,0,58,0,6,60,0,66,0,0,0,66
03/08/2020,CDW,NJ,AEA,EN,Towers with Radar,0,0,13,0,13,0,5,319,2,326,0,5,332,2,339,182,0,182,521
03/09/2020,CDW,NJ,AEA,EN,Towers with Radar,0,0,4,0,4,0,4,178,4,186,0,4,182,4,190,110,0,110,300
03/10/2020,CDW,NJ,AEA,EN,Towers with Radar,0,4,3,0,7,0,3,91,4,98,0,7,94,4,105,108,0,108,213
03/11/2020,CDW,NJ,AEA,EN,Towers with Radar,0,1,14,0,15,0,6,185,3,194,0,7,199,3,209,130,0,130,339
03/12/2020,CDW,NJ,AEA,EN,Towers with Radar,0,4,17,0,21,0,8,139,3,150,0,12,156,3,171,250,0,250,421
03/13/2020,CDW,NJ,AEA,EN,Towers with Radar,0,2,23,0,25,0,2,27,0,29,0,4,50,0,54,0,0,0,54
03/14/2020,CDW,NJ,AEA,EN,Towers with Radar,0,0,4,0,4,0,4,147,0,151,0,4,151,0,155,60,0,60,215
03/15/2020,CDW,NJ,AEA,EN,Towers with Radar,0,0,11,0,11,0,4,239,0,243,0,4,250,0,254,166,0,166,420
03/16/2020,CDW,NJ,AEA,EN,Towers with Radar,0,0,11,0,11,0,1,130,2,133,0,1,141,2,144,170,0,170,314
03/17/2020,CDW,NJ,AEA,EN,Towers with Radar,0,1,6,0,7,0,5,30,7,42,0,6,36,7,49,90,0,90,139
03/18/2020,CDW,NJ,AEA,EN,Towers with Radar,0,1,11,0,12,0,4,178,0,182,0,5,189,0,194,138,0,138,332
03/19/2020,CDW,NJ,AEA,EN,Towers with Radar,0,2,2,0,4,0,0,5,0,5,0,2,7,0,9,8,0,8,17
03/20/2020,CDW,NJ,AEA,EN,Towers with Radar,0,0,3,0,3,0,2,4,0,6,0,2,7,0,9,0,0,0,9
03/21/2020,CDW,NJ,AEA,EN,Towers with Radar,0,2,7,0,9,0,1,119,1,121,0,3,126,1,130,86,0,86,216
03/22/2020,CDW,NJ,AEA,EN,Towers with Radar,0,0,5,0,5,0,2,86,0,88,0,2,91,0,93,70,0,70,163
03/23/2020,CDW,NJ,AEA,EN,Towers with Radar,0,0,0,0,0,0,0,0,0,0,0,0,0,0,0,0,0,0,0
03/24/2020,CDW,NJ,AEA,EN,Towers with Radar,0,3,3,0,6,0,2,37,3,42,0,5,40,3,48,0,0,0,48
03/25/2020,CDW,NJ,AEA,EN,Towers with Radar,0,0,3,0,3,0,2,1,1,4,0,2,4,1,7,0,0,0,7
03/26/2020,CDW,NJ,AEA,EN,Towers with Radar,0,1,7,0,8,0,3,82,3,88,0,4,89,3,96,2,0,2,98
03/27/2020,CDW,NJ,AEA,EN,Towers with Radar,0,0,3,0,3,0,2,47,0,49,0,2,50,0,52,2,0,2,54
03/28/2020,CDW,NJ,AEA,EN,Towers with Radar,0,2,0,0,2,0,0,20,0,20,0,2,20,0,22,6,0,6,28
03/29/2020,CDW,NJ,AEA,EN,Towers with Radar,0,0,4,0,4,0,0,0,0,0,0,0,4,0,4,0,0,0,4
03/30/2020,CDW,NJ,AEA,EN,Towers with Radar,0,1,0,0,1,0,0,0,0,0,0,1,0,0,1,0,0,0,1
03/31/2020,CDW,NJ,AEA,EN,Towers with Radar,0,1,0,0,1,0,0,13,3,16,0,1,13,3,17,0,0,0,17
04/01/2020,CDW,NJ,AEA,EN,Towers with Radar,0,0,0,0,0,0,1,78,3,82,0,1,78,3,82,6,0,6,88
04/02/2020,CDW,NJ,AEA,EN,Towers with Radar,0,2,0,0,2,0,3,12,6,21,0,5,12,6,23,0,0,0,23
04/03/2020,CDW,NJ,AEA,EN,Towers with Radar,0,0,1,0,1,0,0,0,0,0,0,0,1,0,1,0,0,0,1
04/04/2020,CDW,NJ,AEA,EN,Towers with Radar,0,0,5,0,5,0,1,28,0,29,0,1,33,0,34,40,0,40,74
04/05/2020,CDW,NJ,AEA,EN,Towers with Radar,0,0,13,0,13,0,0,81,0,81,0,0,94,0,94,30,0,30,124
04/06/2020,CDW,NJ,AEA,EN,Towers with Radar,0,2,2,0,4,0,0,73,6,79,0,2,75,6,83,16,0,16,99
04/07/2020,CDW,NJ,AEA,EN,Towers with Radar,0,1,3,0,4,0,1,54,1,56,0,2,57,1,60,10,0,10,70
04/08/2020,CDW,NJ,AEA,EN,Towers with Radar,0,2,3,0,5,0,0,23,7,30,0,2,26,7,35,4,24,28,63
04/09/2020,CDW,NJ,AEA,EN,Towers with Radar,0,0,1,0,1,0,0,0,3,3,0,0,1,3,4,0,0,0,4
04/10/2020,CDW,NJ,AEA,EN,Towers with Radar,0,0,0,0,0,0,0,7,0,7,0,0,7,0,7,0,0,0,7
04/11/2020,CDW,NJ,AEA,EN,Towers with Radar,0,2,3,0,5,0,2,49,0,51,0,4,52,0,56,0,0,0,56
04/12/2020,CDW,NJ,AEA,EN,Towers with Radar,0,2,5,0,7,0,1,88,1,90,0,3,93,1,97,20,0,20,117
04/13/2020,CDW,NJ,AEA,EN,Towers with Radar,0,2,0,0,2,0,0,0,0,0,0,2,0,0,2,0,0,0,2
04/14/2020,CDW,NJ,AEA,EN,Towers with Radar,0,1,4,0,5,0,0,60,7,67,0,1,64,7,72,20,14,34,106
04/15/2020,CDW,NJ,AEA,EN,Towers with Radar,0,2,1,0,3,0,0,47,0,47,0,2,48,0,50,0,0,0,50
04/16/2020,CDW,NJ,AEA,EN,Towers with Radar,0,0,0,0,0,0,0,22,9,31,0,0,22,9,31,0,38,38,69
04/17/2020,CDW,NJ,AEA,EN,Towers with Radar,0,0,2,0,2,0,0,37,1,38,0,0,39,1,40,18,0,18,58
04/18/2020,CDW,NJ,AEA,EN,Towers with Radar,0,4,5,0,9,0,0,4,0,4,0,4,9,0,13,0,0,0,13
04/19/2020,CDW,NJ,AEA,EN,Towers with Radar,0,0,8,0,8,0,2,62,0,64,0,2,70,0,72,10,0,10,82
04/20/2020,CDW,NJ,AEA,EN,Towers with Radar,0,2,1,0,3,0,0,69,7,76,0,2,70,7,79,28,22,50,129
04/21/2020,CDW,NJ,AEA,EN,Towers with Radar,0,0,2,0,2,0,0,2,2,4,0,0,4,2,6,0,0,0,6
04/22/2020,CDW,NJ,AEA,EN,Towers with Radar,0,2,5,0,7,0,0,7,2,9,0,2,12,2,16,0,0,0,16
04/23/2020,CDW,NJ,AEA,EN,Towers with Radar,0,0,1,0,1,0,0,41,1,42,0,0,42,1,43,32,0,32,75
04/24/2020,CDW,NJ,AEA,EN,Towers with Radar,0,0,0,0,0,0,0,0,0,0,0,0,0,0,0,0,0,0,0
04/25/2020,CDW,NJ,AEA,EN,Towers with Radar,0,3,8,0,11,0,0,151,2,153,0,3,159,2,164,118,0,118,282
04/26/2020,CDW,NJ,AEA,EN,Towers with Radar,0,0,2,0,2,0,0,0,0,0,0,0,2,0,2,0,0,0,2
04/27/2020,CDW,NJ,AEA,EN,Towers with Radar,0,0,4,0,4,0,0,8,2,10,0,0,12,2,14,4,0,4,18
04/28/2020,CDW,NJ,AEA,EN,Towers with Radar,0,0,3,0,3,0,0,109,5,114,0,0,112,5,117,64,0,64,181
04/29/2020,CDW,NJ,AEA,EN,Towers with Radar,0,2,4,0,6,0,0,9,0,9,0,2,13,0,15,2,0,2,17
04/30/2020,CDW,NJ,AEA,EN,Towers with Radar,0,0,0,0,0,0,0,0,0,0,0,0,0,0,0,0,0,0,0
05/01/2020,CDW,NJ,AEA,EN,Towers with Radar,0,0,7,0,7,0,1,5,3,9,0,1,12,3,16,0,0,0,16
05/02/2020,CDW,NJ,AEA,EN,Towers with Radar,0,2,6,0,8,0,1,65,0,66,0,3,71,0,74,0,0,0,74
05/03/2020,CDW,NJ,AEA,EN,Towers with Radar,0,0,4,0,4,0,2,85,0,87,0,2,89,0,91,0,0,0,91
05/04/2020,CDW,NJ,AEA,EN,Towers with Radar,0,0,0,0,0,0,2,21,1,24,0,2,21,1,24,6,2,8,32
05/05/2020,CDW,NJ,AEA,EN,Towers with Radar,0,1,3,0,4,0,0,53,1,54,0,1,56,1,58,0,0,0,58
05/06/2020,CDW,NJ,AEA,EN,Towers with Radar,0,3,2,0,5,0,1,28,4,33,0,4,30,4,38,18,26,44,82
05/07/2020,CDW,NJ,AEA,EN,Towers with Radar,0,1,2,3,6,0,0,51,4,55,0,1,53,7,61,12,0,12,73
05/08/2020,CDW,NJ,AEA,EN,Towers with Radar,0,0,11,0,11,0,0,51,2,53,0,0,62,2,64,46,16,62,126
05/09/2020,CDW,NJ,AEA,EN,Towers with Radar,0,2,3,0,5,0,0,1,1,2,0,2,4,1,7,2,0,2,9
05/10/2020,CDW,NJ,AEA,EN,Towers with Radar,0,0,2,0,2,0,0,41,0,41,0,0,43,0,43,16,0,16,59
05/11/2020,CDW,NJ,AEA,EN,Towers with Radar,0,0,5,0,5,0,0,10,4,14,0,0,15,4,19,0,0,0,19
05/12/2020,CDW,NJ,AEA,EN,Towers with Radar,0,1,5,0,6,0,0,34,6,40,0,1,39,6,46,0,0,0,46
05/13/2020,CDW,NJ,AEA,EN,Towers with Radar,0,3,4,0,7,0,2,93,0,95,0,5,97,0,102,6,0,6,108
05/14/2020,CDW,NJ,AEA,EN,Towers with Radar,0,0,7,0,7,0,3,129,22,154,0,3,136,22,161,14,28,42,203
05/15/2020,CDW,NJ,AEA,EN,Towers with Radar,0,0,1,0,1,0,0,23,2,25,0,0,24,2,26,8,0,8,34
05/16/2020,CDW,NJ,AEA,EN,Towers with Radar,0,4,13,0,17,0,0,82,0,82,0,4,95,0,99,8,0,8,107
05/17/2020,CDW,NJ,AEA,EN,Towers with Radar,0,0,5,0,5,0,0,81,0,81,0,0,86,0,86,10,0,10,96
05/18/2020,CDW,NJ,AEA,EN,Towers with Radar,0,0,8,0,8,0,0,48,7,55,0,0,56,7,63,0,16,16,79
05/19/2020,CDW,NJ,AEA,EN,Towers with Radar,0,1,5,0,6,0,0,14,1,15,0,1,19,1,21,6,0,6,27
05/20/2020,CDW,NJ,AEA,EN,Towers with Radar,0,4,6,0,10,0,0,39,8,47,0,4,45,8,57,4,18,22,79
05/21/2020,CDW,NJ,AEA,EN,Towers with Radar,0,2,8,0,10,0,0,106,5,111,0,2,114,5,121,6,0,6,127
05/22/2020,CDW,NJ,AEA,EN,Towers with Radar,0,1,9,0,10,0,0,49,4,53,0,1,58,4,63,14,16,30,93
05/23/2020,CDW,NJ,AEA,EN,Towers with Radar,0,2,15,0,17,0,0,0,0,0,0,2,15,0,17,0,0,0,17
05/24/2020,CDW,NJ,AEA,EN,Towers with Radar,0,0,13,0,13,0,0,72,0,72,0,0,85,0,85,10,0,10,95
05/25/2020,CDW,NJ,AEA,EN,Towers with Radar,0,0,19,0,19,0,0,38,0,38,0,0,57,0,57,2,0,2,59
05/26/2020,CDW,NJ,AEA,EN,Towers with Radar,0,0,10,0,10,0,0,29,1,30,0,0,39,1,40,4,0,4,44
05/27/2020,CDW,NJ,AEA,EN,Towers with Radar,0,2,9,0,11,0,0,39,5,44,0,2,48,5,55,4,0,4,59
05/28/2020,CDW,NJ,AEA,EN,Towers with Radar,0,0,13,0,13,0,0,0,1,1,0,0,13,1,14,0,32,32,46
05/29/2020,CDW,NJ,AEA,EN,Towers with Radar,0,0,7,0,7,0,0,8,0,8,0,0,15,0,15,2,0,2,17
05/30/2020,CDW,NJ,AEA,EN,Towers with Radar,0,2,6,0,8,0,1,88,0,89,0,3,94,0,97,58,0,58,155
05/31/2020,CDW,NJ,AEA,EN,Towers with Radar,0,0,2,0,2,0,2,89,2,93,0,2,91,2,95,24,0,24,119
06/01/2020,CDW,NJ,AEA,EN,Towers with Radar,0,0,6,0,6,0,1,71,2,74,0,1,77,2,80,10,18,28,108
06/02/2020,CDW,NJ,AEA,EN,Towers with Radar,0,0,1,0,1,0,1,57,3,61,0,1,58,3,62,0,0,0,62
06/03/2020,CDW,NJ,AEA,EN,Towers with Radar,0,0,4,0,4,0,0,26,0,26,0,0,30,0,30,10,20,30,60
06/04/2020,CDW,NJ,AEA,EN,Towers with Radar,0,1,12,0,13,0,8,132,3,143,0,9,144,3,156,28,2,30,186
06/05/2020,CDW,NJ,AEA,EN,Towers with Radar,0,0,18,0,18,0,0,16,1,17,0,0,34,1,35,14,14,28,63
06/06/2020,CDW,NJ,AEA,EN,Towers with Radar,0,2,17,0,19,0,0,103,0,103,0,2,120,0,122,4,0,4,126
06/07/2020,CDW,NJ,AEA,EN,Towers with Radar,0,2,11,0,13,0,0,91,0,91,0,2,102,0,104,16,0,16,120
06/08/2020,CDW,NJ,AEA,EN,Towers with Radar,0,1,6,0,7,0,0,108,3,111,0,1,114,3,118,14,4,18,136
06/09/2020,CDW,NJ,AEA,EN,Towers with Radar,0,0,3,0,3,0,0,92,0,92,0,0,95,0,95,8,0,8,103
06/10/2020,CDW,NJ,AEA,EN,Towers with Radar,0,2,8,0,10,0,0,77,4,81,0,2,85,4,91,18,0,18,109
06/11/2020,CDW,NJ,AEA,EN,Towers with Radar,0,0,4,0,4,0,0,3,0,3,0,0,7,0,7,0,0,0,7
06/12/2020,CDW,NJ,AEA,EN,Towers with Radar,0,3,13,0,16,0,1,61,2,64,0,4,74,2,80,0,0,0,80
06/13/2020,CDW,NJ,AEA,EN,Towers with Radar,0,6,13,0,19,0,0,50,0,50,0,6,63,0,69,0,0,0,69
06/14/2020,CDW,NJ,AEA,EN,Towers with Radar,0,1,20,0,21,0,1,59,0,60,0,2,79,0,81,0,0,0,81
06/15/2020,CDW,NJ,AEA,EN,Towers with Radar,0,1,8,0,9,0,0,100,0,100,0,1,108,0,109,4,0,4,113
06/16/2020,CDW,NJ,AEA,EN,Towers with Radar,0,0,5,0,5,0,0,93,6,99,0,0,98,6,104,16,0,16,120
06/17/2020,CDW,NJ,AEA,EN,Towers with Radar,0,1,8,1,10,0,0,123,10,133,0,1,131,11,143,64,0,64,207
06/18/2020,CDW,NJ,AEA,EN,Towers with Radar,0,1,15,0,16,0,1,34,2,37,0,2,49,2,53,46,0,46,99
06/19/2020,CDW,NJ,AEA,EN,Towers with Radar,0,0,12,0,12,0,0,61,1,62,0,0,73,1,74,64,0,64,138
06/20/2020,CDW,NJ,AEA,EN,Towers with Radar,0,2,1,0,3,0,1,160,1,162,0,3,161,1,165,82,0,82,247
06/21/2020,CDW,NJ,AEA,EN,Towers with Radar,0,0,5,0,5,0,0,84,0,84,0,0,89,0,89,44,0,44,133
06/22/2020,CDW,NJ,AEA,EN,Towers with Radar,0,0,7,0,7,0,0,74,2,76,0,0,81,2,83,32,0,32,115
06/23/2020,CDW,NJ,AEA,EN,Towers with Radar,0,1,6,0,7,0,0,80,5,85,0,1,86,5,92,88,0,88,180
06/24/2020,CDW,NJ,AEA,EN,Towers with Radar,0,1,4,0,5,0,0,71,5,76,0,1,75,5,81,60,0,60,141
06/25/2020,CDW,NJ,AEA,EN,Towers with Radar,0,2,6,0,8,0,2,99,0,101,0,4,105,0,109,62,0,62,171
06/26/2020,CDW,NJ,AEA,EN,Towers with Radar,0,0,10,0,10,0,0,137,2,139,0,0,147,2,149,42,0,42,191
06/27/2020,CDW,NJ,AEA,EN,Towers with Radar,0,2,2,0,4,0,0,50,0,50,0,2,52,0,54,26,0,26,80
06/28/2020,CDW,NJ,AEA,EN,Towers with Radar,0,0,9,0,9,0,0,78,4,82,0,0,87,4,91,70,0,70,161
06/29/2020,CDW,NJ,AEA,EN,Towers with Radar,0,1,11,0,12,0,1,105,6,112,0,2,116,6,124,88,0,88,212
06/30/2020,CDW,NJ,AEA,EN,Towers with Radar,0,1,4,0,5,0,0,101,3,104,0,1,105,3,109,142,0,142,251
07/01/2020,CDW,NJ,AEA,EN,Towers with Radar,0,2,10,0,12,0,2,109,2,113,0,4,119,2,125,70,0,70,195
07/02/2020,CDW,NJ,AEA,EN,Towers with Radar,0,0,8,0,8,0,0,157,2,159,0,0,165,2,167,20,0,20,187
07/03/2020,CDW,NJ,AEA,EN,Towers with Radar,0,2,6,0,8,0,0,118,0,118,0,2,124,0,126,58,0,58,184
07/04/2020,CDW,NJ,AEA,EN,Towers with Radar,0,1,16,0,17,0,1,61,1,63,0,2,77,1,80,13,0,13,93
07/05/2020,CDW,NJ,AEA,EN,Towers with Radar,0,0,10,0,10,0,0,124,0,124,0,0,134,0,134,44,0,44,178
07/06/2020,CDW,NJ,AEA,EN,Towers with Radar,0,0,6,0,6,0,0,91,1,92,0,0,97,1,98,38,0,38,136
07/07/2020,CDW,NJ,AEA,EN,Towers with Radar,0,2,7,0,9,0,2,66,3,71,0,4,73,3,80,223,8,231,311
07/08/2020,CDW,NJ,AEA,EN,Towers with Radar,0,0,14,0,14,0,0,13,0,13,0,0,27,0,27,38,0,38,65
07/09/2020,CDW,NJ,AEA,EN,Towers with Radar,0,0,22,0,22,0,0,107,8,115,0,0,129,8,137,102,0,102,239
07/10/2020,CDW,NJ,AEA,EN,Towers with Radar,0,0,5,0,5,0,0,1,0,1,0,0,6,0,6,0,0,0,6
07/11/2020,CDW,NJ,AEA,EN,Towers with Radar,0,0,6,0,6,0,2,57,0,59,0,2,63,0,65,92,0,92,157
07/12/2020,CDW,NJ,AEA,EN,Towers with Radar,0,2,9,0,11,0,1,142,0,143,0,3,151,0,154,22,0,22,176
07/13/2020,CDW,NJ,AEA,EN,Towers with Radar,0,1,6,0,7,0,0,105,2,107,0,1,111,2,114,184,0,184,298
07/14/2020,CDW,NJ,AEA,EN,Towers with Radar,0,2,10,0,12,0,5,155,4,164,0,7,165,4,176,56,12,68,244
07/15/2020,CDW,NJ,AEA,EN,Towers with Radar,0,0,17,1,18,0,2,98,3,103,0,2,115,4,121,148,0,148,269
07/16/2020,CDW,NJ,AEA,EN,Towers with Radar,0,1,17,0,18,0,16,105,5,126,0,17,122,5,144,154,0,154,298
07/17/2020,CDW,NJ,AEA,EN,Towers with Radar,0,10,18,0,28,0,0,17,2,19,0,10,35,2,47,34,4,38,85
07/18/2020,CDW,NJ,AEA,EN,Towers with Radar,0,2,13,0,15,0,3,127,1,131,0,5,140,1,146,78,0,78,224
07/19/2020,CDW,NJ,AEA,EN,Towers with Radar,0,2,11,0,13,0,2,153,1,156,0,4,164,1,169,38,0,38,207
07/20/2020,CDW,NJ,AEA,EN,Towers with Radar,0,0,4,0,4,0,2,119,4,125,0,2,123,4,129,66,0,66,195
07/21/2020,CDW,NJ,AEA,EN,Towers with Radar,0,1,6,0,7,0,2,183,4,189,0,3,189,4,196,134,0,134,330
07/22/2020,CDW,NJ,AEA,EN,Towers with Radar,0,2,10,0,12,0,0,88,8,96,0,2,98,8,108,70,0,70,178
07/23/2020,CDW,NJ,AEA,EN,Towers with Radar,0,1,6,0,7,0,5,29,6,40,0,6,35,6,47,42,0,42,89
07/24/2020,CDW,NJ,AEA,EN,Towers with Radar,0,2,23,0,25,0,2,93,4,99,0,4,116,4,124,66,0,66,190
07/25/2020,CDW,NJ,AEA,EN,Towers with Radar,0,8,27,0,35,0,2,44,1,47,0,10,71,1,82,0,0,0,82
07/26/2020,CDW,NJ,AEA,EN,Towers with Radar,0,1,11,0,12,0,1,50,0,51,0,2,61,0,63,16,0,16,79
07/27/2020,CDW,NJ,AEA,EN,Towers with Radar,0,0,2,0,2,0,0,140,0,140,0,0,142,0,142,94,0,94,236
07/28/2020,CDW,NJ,AEA,EN,Towers with Radar,0,2,8,0,10,0,1,105,1,107,0,3,113,1,117,112,0,112,229
07/29/2020,CDW,NJ,AEA,EN,Towers with Radar,0,4,2,0,6,0,1,192,2,195,0,5,194,2,201,82,0,82,283
07/30/2020,CDW,NJ,AEA,EN,Towers with Radar,0,2,14,0,16,0,2,159,4,165,0,4,173,4,181,134,0,134,315
07/31/2020,CDW,NJ,AEA,EN,Towers with Radar,0,3,25,0,28,0,1,84,2,87,0,4,109,2,115,109,0,109,224
08/01/2020,CDW,NJ,AEA,EN,Towers with Radar,0,4,9,0,13,0,4,242,0,246,0,8,251,0,259,142,0,142,401
08/02/2020,CDW,NJ,AEA,EN,Towers with Radar,0,6,10,0,16,0,2,127,0,129,0,8,137,0,145,32,0,32,177
08/03/2020,CDW,NJ,AEA,EN,Towers with Radar,0,3,5,0,8,0,1,164,6,171,0,4,169,6,179,204,20,224,403
08/04/2020,CDW,NJ,AEA,EN,Towers with Radar,0,0,4,0,4,0,0,3,0,3,0,0,7,0,7,0,0,0,7
08/05/2020,CDW,NJ,AEA,EN,Towers with Radar,0,2,8,0,10,0,2,156,6,164,0,4,164,6,174,66,12,78,252
08/06/2020,CDW,NJ,AEA,EN,Towers with Radar,0,0,8,0,8,0,1,182,4,187,0,1,190,4,195,96,0,96,291
08/07/2020,CDW,NJ,AEA,EN,Towers with Radar,0,0,13,0,13,0,1,4,0,5,0,1,17,0,18,0,2,2,20
08/08/2020,CDW,NJ,AEA,EN,Towers with Radar,0,3,20,0,23,0,1,29,0,30,0,4,49,0,53,48,0,48,101
08/09/2020,CDW,NJ,AEA,EN,Towers with Radar,0,3,21,0,24,0,2,50,0,52,0,5,71,0,76,0,0,0,76
08/10/2020,CDW,NJ,AEA,EN,Towers with Radar,0,0,4,0,4,0,0,212,5,217,0,0,216,5,221,184,4,188,409
08/11/2020,CDW,NJ,AEA,EN,Towers with Radar,0,2,6,0,8,0,2,215,4,221,0,4,221,4,229,294,0,294,523
08/12/2020,CDW,NJ,AEA,EN,Towers with Radar,0,4,10,0,14,0,3,129,5,137,0,7,139,5,151,170,0,170,321
08/13/2020,CDW,NJ,AEA,EN,Towers with Radar,0,0,10,0,10,0,8,108,5,121,0,8,118,5,131,180,0,180,311
08/14/2020,CDW,NJ,AEA,EN,Towers with Radar,0,0,10,0,10,0,0,134,3,137,0,0,144,3,147,82,0,82,229
08/15/2020,CDW,NJ,AEA,EN,Towers with Radar,0,9,24,0,33,0,2,57,0,59,0,11,81,0,92,0,0,0,92
08/16/2020,CDW,NJ,AEA,EN,Towers with Radar,0,2,22,0,24,0,0,8,0,8,0,2,30,0,32,0,0,0,32
08/17/2020,CDW,NJ,AEA,EN,Towers with Radar,0,2,7,0,9,0,0,208,0,208,0,2,215,0,217,210,0,210,427
08/18/2020,CDW,NJ,AEA,EN,Towers with Radar,0,2,8,0,10,0,0,253,4,257,0,2,261,4,267,54,0,54,321
08/19/2020,CDW,NJ,AEA,EN,Towers with Radar,0,0,10,0,10,0,3,125,3,131,0,3,135,3,141,36,0,36,177
08/20/2020,CDW,NJ,AEA,EN,Towers with Radar,0,3,7,0,10,0,3,189,2,194,0,6,196,2,204,20,0,20,224
08/21/2020,CDW,NJ,AEA,EN,Towers with Radar,0,1,10,0,11,0,2,213,5,220,0,3,223,5,231,10,0,10,241
08/22/2020,CDW,NJ,AEA,EN,Towers with Radar,0,2,9,0,11,0,4,171,0,175,0,6,180,0,186,8,0,8,194
08/23/2020,CDW,NJ,AEA,EN,Towers with Radar,0,2,6,0,8,0,6,152,1,159,0,8,158,1,167,54,0,54,221
08/24/2020,CDW,NJ,AEA,EN,Towers with Radar,0,0,7,0,7,0,0,105,0,105,0,0,112,0,112,22,0,22,134
08/25/2020,CDW,NJ,AEA,EN,Towers with Radar,0,0,7,0,7,0,0,88,7,95,0,0,95,7,102,6,0,6,108
08/26/2020,CDW,NJ,AEA,EN,Towers with Radar,0,1,9,0,10,0,0,139,2,141,0,1,148,2,151,62,0,62,213
08/27/2020,CDW,NJ,AEA,EN,Towers with Radar,0,2,4,0,6,0,0,80,2,82,0,2,84,2,88,58,0,58,146
08/28/2020,CDW,NJ,AEA,EN,Towers with Radar,0,0,8,0,8,0,5,122,0,127,0,5,130,0,135,44,0,44,179
08/29/2020,CDW,NJ,AEA,EN,Towers with Radar,0,1,3,0,4,0,3,15,0,18,0,4,18,0,22,0,0,0,22
08/30/2020,CDW,NJ,AEA,EN,Towers with Radar,0,2,6,0,8,0,6,148,0,154,0,8,154,0,162,60,0,60,222
08/31/2020,CDW,NJ,AEA,EN,Towers with Radar,0,0,9,0,9,0,3,153,9,165,0,3,162,9,174,74,0,74,248
09/01/2020,CDW,NJ,AEA,EN,Towers with Radar,0,5,10,0,15,0,0,53,6,59,0,5,63,6,74,14,0,14,88
09/02/2020,CDW,NJ,AEA,EN,Towers with Radar,0,2,13,0,15,0,5,25,4,34,0,7,38,4,49,2,10,12,61
09/03/2020,CDW,NJ,AEA,EN,Towers with Radar,0,1,7,0,8,0,6,151,7,164,0,7,158,7,172,46,0,46,218
09/04/2020,CDW,NJ,AEA,EN,Towers with Radar,0,2,9,0,11,0,3,177,6,186,0,5,186,6,197,28,0,28,225
09/05/2020,CDW,NJ,AEA,EN,Towers with Radar,0,0,2,0,2,0,2,208,1,211,0,2,210,1,213,30,0,30,243
09/06/2020,CDW,NJ,AEA,EN,Towers with Radar,0,2,10,0,12,0,1,186,0,187,0,3,196,0,199,56,0,56,255
09/07/2020,CDW,NJ,AEA,EN,Towers with Radar,0,1,6,0,7,0,2,181,0,183,0,3,187,0,190,24,0,24,214
09/08/2020,CDW,NJ,AEA,EN,Towers with Radar,0,0,0,0,0,0,0,0,0,0,0,0,0,0,0,0,0,0,0
09/09/2020,CDW,NJ,AEA,EN,Towers with Radar,0,1,0,0,1,0,0,3,3,6,0,1,3,3,7,0,0,0,7
09/10/2020,CDW,NJ,AEA,EN,Towers with Radar,0,0,0,0,0,0,0,5,0,5,0,0,5,0,5,0,0,0,5
09/11/2020,CDW,NJ,AEA,EN,Towers with Radar,0,4,23,0,27,0,2,165,3,170,0,6,188,3,197,50,0,50,247
09/12/2020,CDW,NJ,AEA,EN,Towers with Radar,0,2,6,0,8,0,2,195,0,197,0,4,201,0,205,66,0,66,271
09/13/2020,CDW,NJ,AEA,EN,Towers with Radar,0,0,12,0,12,0,5,136,0,141,0,5,148,0,153,102,0,102,255
09/14/2020,CDW,NJ,AEA,EN,Towers with Radar,0,0,4,0,4,0,1,90,0,91,0,1,94,0,95,32,0,32,127
09/15/2020,CDW,NJ,AEA,EN,Towers with Radar,0,3,7,0,10,0,2,223,4,229,0,5,230,4,239,52,0,52,291
09/16/2020,CDW,NJ,AEA,EN,Towers with Radar,0,1,5,0,6,0,3,159,3,165,0,4,164,3,171,43,8,51,222
09/17/2020,CDW,NJ,AEA,EN,Towers with Radar,0,3,9,0,12,0,6,155,6,167,0,9,164,6,179,34,0,34,213
09/18/2020,CDW,NJ,AEA,EN,Towers with Radar,0,1,16,0,17,0,7,60,2,69,0,8,76,2,86,24,8,32,118
09/19/2020,CDW,NJ,AEA,EN,Towers with Radar,0,4,2,0,6,0,3,157,1,161,0,7,159,1,167,232,0,232,399
09/20/2020,CDW,NJ,AEA,EN,Towers with Radar,0,0,9,0,9,0,2,205,0,207,0,2,214,0,216,118,0,118,334
09/21/2020,CDW,NJ,AEA,EN,Towers with Radar,0,0,11,0,11,0,0,151,10,161,0,0,162,10,172,136,2,138,310
09/22/2020,CDW,NJ,AEA,EN,Towers with Radar,0,0,8,0,8,0,5,129,7,141,0,5,137,7,149,104,0,104,253
09/23/2020,CDW,NJ,AEA,EN,Towers with Radar,0,2,5,0,7,0,6,136,7,149,0,8,141,7,156,12,16,28,184
09/24/2020,CDW,NJ,AEA,EN,Towers with Radar,0,0,11,0,11,0,0,189,6,195,0,0,200,6,206,132,0,132,338
09/25/2020,CDW,NJ,AEA,EN,Towers with Radar,0,0,13,0,13,0,5,164,10,179,0,5,177,10,192,166,0,166,358
09/26/2020,CDW,NJ,AEA,EN,Towers with Radar,0,0,20,0,20,0,7,117,0,124,0,7,137,0,144,204,0,204,348
09/27/2020,CDW,NJ,AEA,EN,Towers with Radar,0,0,29,0,29,0,2,68,0,70,0,2,97,0,99,154,0,154,253
09/28/2020,CDW,NJ,AEA,EN,Towers with Radar,0,1,22,0,23,0,0,40,2,42,0,1,62,2,65,40,0,40,105
09/29/2020,CDW,NJ,AEA,EN,Towers with Radar,0,1,17,0,18,0,0,2,0,2,0,1,19,0,20,0,0,0,20
09/30/2020,CDW,NJ,AEA,EN,Towers with Radar,0,0,6,0,6,0,0,36,4,40,0,0,42,4,46,4,4,8,54
10/01/2020,CDW,NJ,AEA,EN,Towers with Radar,0,2,12,0,14,0,5,138,3,146,0,7,150,3,160,62,0,62,222
10/02/2020,CDW,NJ,AEA,EN,Towers with Radar,0,0,11,0,11,0,7,115,0,122,0,7,126,0,133,126,0,126,259
10/03/2020,CDW,NJ,AEA,EN,Towers with Radar,0,2,9,0,11,0,7,240,2,249,0,9,249,2,260,180,0,180,440
10/04/2020,CDW,NJ,AEA,EN,Towers with Radar,0,1,13,0,14,0,4,228,0,232,0,5,241,0,246,219,0,219,465
10/05/2020,CDW,NJ,AEA,EN,Towers with Radar,0,0,8,0,8,0,1,104,2,107,0,1,112,2,115,130,0,130,245
10/06/2020,CDW,NJ,AEA,EN,Towers with Radar,0,0,5,0,5,0,0,151,4,155,0,0,156,4,160,175,0,175,335
10/07/2020,CDW,NJ,AEA,EN,Towers with Radar,0,2,5,0,7,0,3,51,3,57,0,5,56,3,64,12,0,12,76
10/08/2020,CDW,NJ,AEA,EN,Towers with Radar,0,0,2,0,2,0,4,92,2,98,0,4,94,2,100,44,0,44,144
10/09/2020,CDW,NJ,AEA,EN,Towers with Radar,0,0,9,0,9,0,7,252,5,264,0,7,261,5,273,168,0,168,441
10/10/2020,CDW,NJ,AEA,EN,Towers with Radar,0,2,13,0,15,0,11,186,2,199,0,13,199,2,214,86,0,86,300
10/11/2020,CDW,NJ,AEA,EN,Towers with Radar,0,0,14,0,14,0,4,206,1,211,0,4,220,1,225,150,0,150,375
10/12/2020,CDW,NJ,AEA,EN,Towers with Radar,0,0,16,0,16,0,0,0,0,0,0,0,16,0,16,0,0,0,16
10/13/2020,CDW,NJ,AEA,EN,Towers with Radar,0,3,16,0,19,0,0,3,2,5,0,3,19,2,24,0,0,0,24
10/14/2020,CDW,NJ,AEA,EN,Towers with Radar,0,3,13,0,16,0,3,215,4,222,0,6,228,4,238,128,6,134,372
10/15/2020,CDW,NJ,AEA,EN,Towers with Radar,0,0,4,0,4,0,2,140,11,153,0,2,144,11,157,12,8,20,177
10/16/2020,CDW,NJ,AEA,EN,Towers with Radar,0,1,13,0,14,0,2,3,0,5,0,3,16,0,19,0,0,0,19
10/17/2020,CDW,NJ,AEA,EN,Towers with Radar,0,3,14,0,17,0,1,245,0,246,0,4,259,0,263,146,0,146,409
10/18/2020,CDW,NJ,AEA,EN,Towers with Radar,0,0,9,0,9,0,4,206,0,210,0,4,215,0,219,118,0,118,337
10/19/2020,CDW,NJ,AEA,EN,Towers with Radar,0,2,15,0,17,0,2,94,4,100,0,4,109,4,117,224,0,224,341
10/20/2020,CDW,NJ,AEA,EN,Towers with Radar,0,0,10,0,10,0,3,13,1,17,0,3,23,1,27,10,0,10,37
10/21/2020,CDW,NJ,AEA,EN,Towers with Radar,0,0,31,0,31,0,1,1,0,2,0,1,32,0,33,12,0,12,45
10/22/2020,CDW,NJ,AEA,EN,Towers with Radar,0,1,24,0,25,0,0,4,0,4,0,1,28,0,29,8,0,8,37
10/23/2020,CDW,NJ,AEA,EN,Towers with Radar,0,0,18,0,18,0,0,11,0,11,0,0,29,0,29,44,0,44,73
10/24/2020,CDW,NJ,AEA,EN,Towers with Radar,0,1,31,0,32,0,4,74,0,78,0,5,105,0,110,130,0,130,240
10/25/2020,CDW,NJ,AEA,EN,Towers with Radar,0,2,14,0,16,0,6,262,2,270,0,8,276,2,286,166,0,166,452
10/26/2020,CDW,NJ,AEA,EN,Towers with Radar,0,1,11,0,12,0,0,0,0,0,0,1,11,0,12,0,0,0,12
10/27/2020,CDW,NJ,AEA,EN,Towers with Radar,0,1,10,1,12,0,2,189,3,194,0,3,199,4,206,270,0,270,476
10/28/2020,CDW,NJ,AEA,EN,Towers with Radar,0,6,24,0,30,0,0,43,0,43,0,6,67,0,73,46,0,46,119
10/29/2020,CDW,NJ,AEA,EN,Towers with Radar,0,0,5,0,5,0,2,0,0,2,0,2,5,0,7,0,0,0,7
10/30/2020,CDW,NJ,AEA,EN,Towers with Radar,0,3,2,0,5,0,7,16,2,25,0,10,18,2,30,28,0,28,58
10/31/2020,CDW,NJ,AEA,EN,Towers with Radar,0,3,12,0,15,0,10,337,1,348,0,13,349,1,363,100,0,100,463
11/01/2020,CDW,NJ,AEA,EN,Towers with Radar,0,0,9,0,9,0,4,85,0,89,0,4,94,0,98,68,0,68,166
11/02/2020,CDW,NJ,AEA,EN,Towers with Radar,0,0,0,0,0,0,0,6,2,8,0,0,6,2,8,0,0,0,8
11/03/2020,CDW,NJ,AEA,EN,Towers with Radar,0,0,6,0,6,0,0,56,5,61,0,0,62,5,67,6,0,6,73
11/04/2020,CDW,NJ,AEA,EN,Towers with Radar,0,2,8,0,10,0,0,166,2,168,0,2,174,2,178,42,0,42,220
11/05/2020,CDW,NJ,AEA,EN,Towers with Radar,0,1,8,0,9,0,4,114,3,121,0,5,122,3,130,0,0,0,130
11/06/2020,CDW,NJ,AEA,EN,Towers with Radar,0,1,12,0,13,0,4,201,0,205,0,5,213,0,218,168,0,168,386
11/07/2020,CDW,NJ,AEA,EN,Towers with Radar,0,2,14,0,16,0,9,285,0,294,0,11,299,0,310,240,0,240,550
11/08/2020,CDW,NJ,AEA,EN,Towers with Radar,0,0,8,0,8,0,5,281,14,300,0,5,289,14,308,176,0,176,484
11/09/2020,CDW,NJ,AEA,EN,Towers with Radar,0,0,6,0,6,0,1,199,2,202,0,1,205,2,208,124,0,124,332
11/10/2020,CDW,NJ,AEA,EN,Towers with Radar,0,2,7,0,9,0,3,128,0,131,0,5,135,0,140,150,0,150,290
11/11/2020,CDW,NJ,AEA,EN,Towers with Radar,0,4,10,0,14,0,0,0,0,0,0,4,10,0,14,0,0,0,14
11/12/2020,CDW,NJ,AEA,EN,Towers with Radar,0,0,14,0,14,0,3,6,0,9,0,3,20,0,23,16,0,16,39
11/13/2020,CDW,NJ,AEA,EN,Towers with Radar,0,2,15,0,17,0,0,27,3,30,0,2,42,3,47,0,24,24,71
11/14/2020,CDW,NJ,AEA,EN,Towers with Radar,0,2,13,0,15,0,6,285,3,294,0,8,298,3,309,146,0,146,455
11/15/2020,CDW,NJ,AEA,EN,Towers with Radar,0,4,6,0,10,0,3,79,0,82,0,7,85,0,92,16,0,16,108
11/16/2020,CDW,NJ,AEA,EN,Towers with Radar,0,0,3,0,3,0,2,54,2,58,0,2,57,2,61,32,0,32,93
11/17/2020,CDW,NJ,AEA,EN,Towers with Radar,0,0,8,0,8,0,0,75,4,79,0,0,83,4,87,210,0,210,297
11/18/2020,CDW,NJ,AEA,EN,Towers with Radar,0,3,10,0,13,0,5,101,4,110,0,8,111,4,123,32,0,32,155
11/19/2020,CDW,NJ,AEA,EN,Towers with Radar,0,0,8,0,8,0,1,165,4,170,0,1,173,4,178,118,0,118,296
11/20/2020,CDW,NJ,AEA,EN,Towers with Radar,0,2,10,0,12,0,4,187,10,201,0,6,197,10,213,108,0,108,321
11/21/2020,CDW,NJ,AEA,EN,Towers with Radar,0,4,9,0,13,0,3,276,0,279,0,7,285,0,292,198,0,198,490
11/22/2020,CDW,NJ,AEA,EN,Towers with Radar,0,1,18,0,19,0,4,63,0,67,0,5,81,0,86,124,0,124,210
11/23/2020,CDW,NJ,AEA,EN,Towers with Radar,0,0,1,0,1,0,0,12,5,17,0,0,13,5,18,0,0,0,18
11/24/2020,CDW,NJ,AEA,EN,Towers with Radar,0,3,8,0,11,0,3,158,7,168,0,6,166,7,179,140,0,140,319
11/25/2020,CDW,NJ,AEA,EN,Towers with Radar,0,4,10,0,14,0,0,199,4,203,0,4,209,4,217,274,0,274,491
11/26/2020,CDW,NJ,AEA,EN,Towers with Radar,0,0,2,0,2,0,0,1,0,1,0,0,3,0,3,0,0,0,3
11/27/2020,CDW,NJ,AEA,EN,Towers with Radar,0,1,3,0,4,0,0,201,2,203,0,1,204,2,207,156,0,156,363
11/28/2020,CDW,NJ,AEA,EN,Towers with Radar,0,1,7,0,8,0,6,189,0,195,0,7,196,0,203,110,0,110,313
11/29/2020,CDW,NJ,AEA,EN,Towers with Radar,0,7,17,0,24,0,0,213,0,213,0,7,230,0,237,102,0,102,339
11/30/2020,CDW,NJ,AEA,EN,Towers with Radar,0,1,2,0,3,0,0,0,0,0,0,1,2,0,3,0,0,0,3
12/01/2020,CDW,NJ,AEA,EN,Towers with Radar,0,0,18,0,18,0,5,75,8,88,0,5,93,8,106,94,0,94,200
12/02/2020,CDW,NJ,AEA,EN,Towers with Radar,0,4,8,0,12,0,4,40,7,51,0,8,48,7,63,28,20,48,111
12/03/2020,CDW,NJ,AEA,EN,Towers with Radar,0,2,9,0,11,0,0,191,7,198,0,2,200,7,209,110,8,118,327
12/04/2020,CDW,NJ,AEA,EN,Towers with Radar,0,0,8,0,8,0,6,104,0,110,0,6,112,0,118,122,0,122,240
12/05/2020,CDW,NJ,AEA,EN,Towers with Radar,0,2,4,0,6,0,0,2,1,3,0,2,6,1,9,0,0,0,9
12/06/2020,CDW,NJ,AEA,EN,Towers with Radar,0,0,10,0,10,0,7,82,2,91,0,7,92,2,101,14,0,14,115
12/07/2020,CDW,NJ,AEA,EN,Towers with Radar,0,2,5,0,7,0,6,154,7,167,0,8,159,7,174,114,0,114,288
12/08/2020,CDW,NJ,AEA,EN,Towers with Radar,0,2,3,0,5,0,0,98,7,105,0,2,101,7,110,142,0,142,252
12/09/2020,CDW,NJ,AEA,EN,Towers with Radar,0,2,5,0,7,0,0,18,2,20,0,2,23,2,27,18,0,18,45
12/10/2020,CDW,NJ,AEA,EN,Towers with Radar,0,0,15,0,15,0,2,147,3,152,0,2,162,3,167,24,0,24,191
12/11/2020,CDW,NJ,AEA,EN,Towers with Radar,0,1,7,0,8,0,10,233,9,252,0,11,240,9,260,166,0,166,426
12/12/2020,CDW,NJ,AEA,EN,Towers with Radar,0,4,3,0,7,0,0,1,0,1,0,4,4,0,8,0,0,0,8
12/13/2020,CDW,NJ,AEA,EN,Towers with Radar,0,1,10,0,11,0,2,195,0,197,0,3,205,0,208,52,0,52,260
12/14/2020,CDW,NJ,AEA,EN,Towers with Radar,0,0,2,0,2,0,1,15,0,16,0,1,17,0,18,10,0,10,28
12/15/2020,CDW,NJ,AEA,EN,Towers with Radar,0,2,8,0,10,0,5,157,8,170,0,7,165,8,180,160,2,162,342
12/16/2020,CDW,NJ,AEA,EN,Towers with Radar,0,0,0,0,0,0,0,60,0,60,0,0,60,0,60,59,0,59,119
12/17/2020,CDW,NJ,AEA,EN,Towers with Radar,0,0,0,0,0,0,0,2,0,2,0,0,2,0,2,2,0,2,4
12/18/2020,CDW,NJ,AEA,EN,Towers with Radar,0,3,7,0,10,0,3,98,1,102,0,6,105,1,112,90,0,90,202
12/19/2020,CDW,NJ,AEA,EN,Towers with Radar,0,6,10,0,16,0,5,162,0,167,0,11,172,0,183,186,0,186,369
12/20/2020,CDW,NJ,AEA,EN,Towers with Radar,0,3,5,0,8,0,0,11,0,11,0,3,16,0,19,10,0,10,29
12/21/2020,CDW,NJ,AEA,EN,Towers with Radar,0,0,10,0,10,0,4,70,0,74,0,4,80,0,84,82,0,82,166
12/22/2020,CDW,NJ,AEA,EN,Towers with Radar,0,0,11,0,11,0,0,93,0,93,0,0,104,0,104,71,0,71,175
12/23/2020,CDW,NJ,AEA,EN,Towers with Radar,0,3,12,0,15,0,1,250,6,257,0,4,262,6,272,130,0,130,402
12/24/2020,CDW,NJ,AEA,EN,Towers with Radar,0,0,0,0,0,0,2,25,0,27,0,2,25,0,27,64,0,64,91
12/25/2020,CDW,NJ,AEA,EN,Towers with Radar,0,0,0,0,0,0,0,0,0,0,0,0,0,0,0,0,0,0,0
12/26/2020,CDW,NJ,AEA,EN,Towers with Radar,0,2,5,0,7,0,2,68,0,70,0,4,73,0,77,62,0,62,139
12/27/2020,CDW,NJ,AEA,EN,Towers with Radar,0,2,7,0,9,0,3,191,0,194,0,5,198,0,203,162,0,162,365
12/28/2020,CDW,NJ,AEA,EN,Towers with Radar,0,0,7,0,7,0,1,118,2,121,0,1,125,2,128,120,0,120,248
12/29/2020,CDW,NJ,AEA,EN,Towers with Radar,0,2,11,0,13,0,0,62,3,65,0,2,73,3,78,14,0,14,92
12/30/2020,CDW,NJ,AEA,EN,Towers with Radar,0,2,10,0,12,0,39,220,6,265,0,41,230,6,277,148,0,148,425
12/31/2020,CDW,NJ,AEA,EN,Towers with Radar,0,3,8,0,11,0,0,36,1,37,0,3,44,1,48,62,6,68,116
01/01/2021,CDW,NJ,AEA,EN,Towers with Radar,0,0,1,0,1,0,2,56,0,58,0,2,57,0,59,22,0,22,81
01/02/2021,CDW,NJ,AEA,EN,Towers with Radar,0,2,23,0,25,0,4,18,3,25,0,6,41,3,50,6,0,6,56
01/03/2021,CDW,NJ,AEA,EN,Towers with Radar,0,4,3,0,7,0,0,10,0,10,0,4,13,0,17,0,0,0,17
01/04/2021,CDW,NJ,AEA,EN,Towers with Radar,0,1,11,0,12,0,1,120,1,122,0,2,131,1,134,156,0,156,290
01/05/2021,CDW,NJ,AEA,EN,Towers with Radar,0,2,8,0,10,0,0,74,3,77,0,2,82,3,87,148,4,152,239
01/06/2021,CDW,NJ,AEA,EN,Towers with Radar,0,2,7,0,9,0,0,124,4,128,0,2,131,4,137,88,0,88,225
01/07/2021,CDW,NJ,AEA,EN,Towers with Radar,0,2,7,0,9,0,0,165,5,170,0,2,172,5,179,102,0,102,281
01/08/2021,CDW,NJ,AEA,EN,Towers with Radar,0,2,5,0,7,0,1,167,5,173,0,3,172,5,180,76,6,82,262
01/09/2021,CDW,NJ,AEA,EN,Towers with Radar,0,5,12,0,17,0,6,144,0,150,0,11,156,0,167,148,0,148,315
01/10/2021,CDW,NJ,AEA,EN,Towers with Radar,0,2,14,0,16,0,0,232,0,232,0,2,246,0,248,150,0,150,398
01/11/2021,CDW,NJ,AEA,EN,Towers with Radar,0,0,6,0,6,0,4,91,1,96,0,4,97,1,102,174,0,174,276
01/12/2021,CDW,NJ,AEA,EN,Towers with Radar,0,2,6,0,8,0,3,129,6,138,0,5,135,6,146,252,8,260,406
01/13/2021,CDW,NJ,AEA,EN,Towers with Radar,0,2,14,0,16,0,13,171,11,195,0,15,185,11,211,250,12,262,473
01/14/2021,CDW,NJ,AEA,EN,Towers with Radar,0,2,8,0,10,0,4,138,6,148,0,6,146,6,158,184,8,192,350
01/15/2021,CDW,NJ,AEA,EN,Towers with Radar,0,4,5,0,9,0,0,0,0,0,0,4,5,0,9,0,0,0,9
01/16/2021,CDW,NJ,AEA,EN,Towers with Radar,0,2,7,0,9,0,3,25,0,28,0,5,32,0,37,42,0,42,79
01/17/2021,CDW,NJ,AEA,EN,Towers with Radar,0,0,4,0,4,0,0,47,0,47,0,0,51,0,51,24,0,24,75
01/18/2021,CDW,NJ,AEA,EN,Towers with Radar,0,2,8,0,10,0,1,137,0,138,0,3,145,0,148,84,0,84,232
01/19/2021,CDW,NJ,AEA,EN,Towers with Radar,0,3,8,0,11,0,2,93,3,98,0,5,101,3,109,138,0,138,247
01/20/2021,CDW,NJ,AEA,EN,Towers with Radar,0,2,4,0,6,0,0,31,2,33,0,2,35,2,39,38,0,38,77
01/21/2021,CDW,NJ,AEA,EN,Towers with Radar,0,0,2,0,2,0,3,169,2,174,0,3,171,2,176,166,0,166,342
01/22/2021,CDW,NJ,AEA,EN,Towers with Radar,0,0,11,0,11,0,0,138,3,141,0,0,149,3,152,196,0,196,348
01/23/2021,CDW,NJ,AEA,EN,Towers with Radar,0,6,4,0,10,0,4,37,0,41,0,10,41,0,51,2,0,2,53
01/24/2021,CDW,NJ,AEA,EN,Towers with Radar,0,2,5,0,7,0,0,55,2,57,0,2,60,2,64,32,0,32,96
01/25/2021,CDW,NJ,AEA,EN,Towers with Radar,0,0,10,0,10,0,3,143,2,148,0,3,153,2,158,182,0,182,340
01/26/2021,CDW,NJ,AEA,EN,Towers with Radar,0,2,0,0,2,0,0,1,0,1,0,2,1,0,3,0,0,0,3
01/27/2021,CDW,NJ,AEA,EN,Towers with Radar,0,3,3,0,6,0,4,40,3,47,0,7,43,3,53,18,10,28,81
01/28/2021,CDW,NJ,AEA,EN,Towers with Radar,0,0,2,1,3,0,4,41,4,49,0,4,43,5,52,50,2,52,104
01/29/2021,CDW,NJ,AEA,EN,Towers with Radar,0,0,3,0,3,0,2,5,1,8,0,2,8,1,11,0,0,0,11
01/30/2021,CDW,NJ,AEA,EN,Towers with Radar,0,4,11,0,15,0,4,184,0,188,0,8,195,0,203,120,0,120,323
01/31/2021,CDW,NJ,AEA,EN,Towers with Radar,0,2,12,0,14,0,0,117,0,117,0,2,129,0,131,174,0,174,305
02/01/2021,CDW,NJ,AEA,EN,Towers with Radar,0,0,0,0,0,0,0,0,0,0,0,0,0,0,0,0,0,0,0
02/02/2021,CDW,NJ,AEA,EN,Towers with Radar,0,0,0,0,0,0,0,0,0,0,0,0,0,0,0,0,0,0,0
02/03/2021,CDW,NJ,AEA,EN,Towers with Radar,0,0,1,0,1,0,4,9,2,15,0,4,10,2,16,2,0,2,18
02/04/2021,CDW,NJ,AEA,EN,Towers with Radar,0,1,7,0,8,0,0,137,2,139,0,1,144,2,147,150,0,150,297
02/05/2021,CDW,NJ,AEA,EN,Towers with Radar,0,0,3,0,3,0,0,22,2,24,0,0,25,2,27,56,0,56,83
02/06/2021,CDW,NJ,AEA,EN,Towers with Radar,0,0,5,0,5,0,5,127,0,132,0,5,132,0,137,80,0,80,217
02/07/2021,CDW,NJ,AEA,EN,Towers with Radar,0,0,0,0,0,0,0,0,0,0,0,0,0,0,0,0,0,0,0
02/08/2021,CDW,NJ,AEA,EN,Towers with Radar,0,2,6,0,8,0,4,115,6,125,0,6,121,6,133,150,0,150,283
02/09/2021,CDW,NJ,AEA,EN,Towers with Radar,0,0,0,0,0,0,0,4,0,4,0,0,4,0,4,4,0,4,8
02/10/2021,CDW,NJ,AEA,EN,Towers with Radar,0,0,9,0,9,0,1,176,0,177,0,1,185,0,186,228,0,228,414
02/11/2021,CDW,NJ,AEA,EN,Towers with Radar,0,0,6,0,6,0,0,66,2,68,0,0,72,2,74,30,0,30,104
02/12/2021,CDW,NJ,AEA,EN,Towers with Radar,0,0,6,0,6,0,1,145,2,148,0,1,151,2,154,116,0,116,270
02/13/2021,CDW,NJ,AEA,EN,Towers with Radar,0,0,4,0,4,0,5,138,0,143,0,5,142,0,147,200,0,200,347
02/14/2021,CDW,NJ,AEA,EN,Towers with Radar,0,0,0,0,0,0,0,20,0,20,0,0,20,0,20,48,0,48,68
02/15/2021,CDW,NJ,AEA,EN,Towers with Radar,0,0,1,0,1,0,4,7,0,11,0,4,8,0,12,8,0,8,20
02/16/2021,CDW,NJ,AEA,EN,Towers with Radar,0,1,6,0,7,0,0,50,3,53,0,1,56,3,60,46,0,46,106
02/17/2021,CDW,NJ,AEA,EN,Towers with Radar,0,2,12,0,14,0,0,228,6,234,0,2,240,6,248,130,0,130,378
02/18/2021,CDW,NJ,AEA,EN,Towers with Radar,0,0,0,0,0,0,0,0,0,0,0,0,0,0,0,0,0,0,0
02/19/2021,CDW,NJ,AEA,EN,Towers with Radar,0,0,2,0,2,0,2,0,0,2,0,2,2,0,4,0,0,0,4
02/20/2021,CDW,NJ,AEA,EN,Towers with Radar,0,0,4,0,4,0,2,108,3,113,0,2,112,3,117,82,0,82,199
02/21/2021,CDW,NJ,AEA,EN,Towers with Radar,0,2,16,0,18,0,2,284,0,286,0,4,300,0,304,238,0,238,542
02/22/2021,CDW,NJ,AEA,EN,Towers with Radar,0,0,3,0,3,0,0,4,1,5,0,0,7,1,8,0,0,0,8
02/23/2021,CDW,NJ,AEA,EN,Towers with Radar,0,2,7,0,9,0,0,19,4,23,0,2,26,4,32,54,14,68,100
02/24/2021,CDW,NJ,AEA,EN,Towers with Radar,0,0,10,0,10,0,10,240,2,252,0,10,250,2,262,286,0,286,548
02/25/2021,CDW,NJ,AEA,EN,Towers with Radar,0,0,5,0,5,0,2,73,5,80,0,2,78,5,85,62,0,62,147
02/26/2021,CDW,NJ,AEA,EN,Towers with Radar,0,2,12,0,14,0,1,251,2,254,0,3,263,2,268,246,0,246,514
02/27/2021,CDW,NJ,AEA,EN,Towers with Radar,0,1,4,0,5,0,0,1,0,1,0,1,5,0,6,0,0,0,6
02/28/2021,CDW,NJ,AEA,EN,Towers with Radar,0,1,7,0,8,0,1,85,0,86,0,2,92,0,94,150,0,150,244
03/01/2021,CDW,NJ,AEA,EN,Towers with Radar,0,2,2,0,4,0,0,1,0,1,0,2,3,0,5,0,0,0,5
03/02/2021,CDW,NJ,AEA,EN,Towers with Radar,0,1,5,0,6,0,0,20,6,26,0,1,25,6,32,0,4,4,36
03/03/2021,CDW,NJ,AEA,EN,Towers with Radar,0,0,5,0,5,0,2,204,2,208,0,2,209,2,213,91,0,91,304
03/04/2021,CDW,NJ,AEA,EN,Towers with Radar,0,0,5,0,5,0,0,53,2,55,0,0,58,2,60,50,0,50,110
03/05/2021,CDW,NJ,AEA,EN,Towers with Radar,0,0,4,0,4,0,0,35,0,35,0,0,39,0,39,2,0,2,41
03/06/2021,CDW,NJ,AEA,EN,Towers with Radar,0,0,4,0,4,0,2,145,1,148,0,2,149,1,152,42,0,42,194
03/07/2021,CDW,NJ,AEA,EN,Towers with Radar,0,2,19,0,21,0,3,299,0,302,0,5,318,0,323,114,0,114,437
03/08/2021,CDW,NJ,AEA,EN,Towers with Radar,0,0,5,0,5,0,4,140,1,145,0,4,145,1,150,94,0,94,244
03/09/2021,CDW,NJ,AEA,EN,Towers with Radar,0,0,8,0,8,0,0,140,1,141,0,0,148,1,149,100,0,100,249
03/10/2021,CDW,NJ,AEA,EN,Towers with Radar,0,0,16,0,16,0,3,159,3,165,0,3,175,3,181,152,0,152,333
03/11/2021,CDW,NJ,AEA,EN,Towers with Radar,0,1,11,0,12,0,8,135,0,143,0,9,146,0,155,90,0,90,245
03/12/2021,CDW,NJ,AEA,EN,Towers with Radar,0,0,3,0,3,0,3,110,0,113,0,3,113,0,116,32,0,32,148
03/13/2021,CDW,NJ,AEA,EN,Towers with Radar,0,1,8,0,9,0,2,179,0,181,0,3,187,0,190,88,0,88,278
03/14/2021,CDW,NJ,AEA,EN,Towers with Radar,0,2,9,0,11,0,0,47,0,47,0,2,56,0,58,12,0,12,70
03/15/2021,CDW,NJ,AEA,EN,Towers with Radar,0,0,3,0,3,0,0,71,0,71,0,0,74,0,74,42,0,42,116
03/16/2021,CDW,NJ,AEA,EN,Towers with Radar,0,0,5,0,5,0,2,88,3,93,0,2,93,3,98,180,8,188,286
03/17/2021,CDW,NJ,AEA,EN,Towers with Radar,0,1,15,0,16,0,3,9,1,13,0,4,24,1,29,42,20,62,91
03/18/2021,CDW,NJ,AEA,EN,Towers with Radar,0,0,10,0,10,0,0,1,0,1,0,0,11,0,11,0,0,0,11
03/19/2021,CDW,NJ,AEA,EN,Towers with Radar,0,1,9,0,10,0,0,17,0,17,0,1,26,0,27,42,0,42,69
03/20/2021,CDW,NJ,AEA,EN,Towers with Radar,0,3,12,0,15,0,5,343,16,364,0,8,355,16,379,260,0,260,639
03/21/2021,CDW,NJ,AEA,EN,Towers with Radar,0,2,7,0,9,0,0,318,8,326,0,2,325,8,335,260,0,260,595
03/22/2021,CDW,NJ,AEA,EN,Towers with Radar,0,0,18,0,18,0,4,152,2,158,0,4,170,2,176,212,0,212,388
03/23/2021,CDW,NJ,AEA,EN,Towers with Radar,0,0,11,0,11,0,1,172,0,173,0,1,183,0,184,212,0,212,396
03/24/2021,CDW,NJ,AEA,EN,Towers with Radar,0,0,8,0,8,0,0,1,0,1,0,0,9,0,9,16,0,16,25
03/25/2021,CDW,NJ,AEA,EN,Towers with Radar,0,0,18,0,18,0,0,54,2,56,0,0,72,2,74,100,24,124,198
03/26/2021,CDW,NJ,AEA,EN,Towers with Radar,0,0,3,0,3,0,0,8,2,10,0,0,11,2,13,0,0,0,13
03/27/2021,CDW,NJ,AEA,EN,Towers with Radar,0,0,6,0,6,0,1,303,1,305,0,1,309,1,311,230,0,230,541
03/28/2021,CDW,NJ,AEA,EN,Towers with Radar,0,2,9,0,11,0,0,0,0,0,0,2,9,0,11,0,0,0,11
03/29/2021,CDW,NJ,AEA,EN,Towers with Radar,0,1,1,0,2,0,1,18,0,19,0,2,19,0,21,2,18,20,41
03/30/2021,CDW,NJ,AEA,EN,Towers with Radar,0,1,7,0,8,0,3,236,4,243,0,4,243,4,251,116,0,116,367
03/31/2021,CDW,NJ,AEA,EN,Towers with Radar,0,0,26,0,26,0,0,46,3,49,0,0,72,3,75,210,0,210,285
04/01/2021,CDW,NJ,AEA,EN,Towers with Radar,0,0,7,0,7,0,0,23,1,24,0,0,30,1,31,20,0,20,51
04/02/2021,CDW,NJ,AEA,EN,Towers with Radar,0,1,7,0,8,0,17,111,2,130,0,18,118,2,138,80,2,82,220
04/03/2021,CDW,NJ,AEA,EN,Towers with Radar,0,0,23,0,23,0,8,260,8,276,0,8,283,8,299,169,0,169,468
04/04/2021,CDW,NJ,AEA,EN,Towers with Radar,0,3,3,0,6,0,4,192,0,196,0,7,195,0,202,240,0,240,442
04/05/2021,CDW,NJ,AEA,EN,Towers with Radar,0,0,8,0,8,0,0,86,1,87,0,0,94,1,95,18,0,18,113
04/06/2021,CDW,NJ,AEA,EN,Towers with Radar,0,0,9,0,9,0,1,194,6,201,0,1,203,6,210,164,0,164,374
04/07/2021,CDW,NJ,AEA,EN,Towers with Radar,0,0,10,0,10,0,1,235,3,239,0,1,245,3,249,286,0,286,535
04/08/2021,CDW,NJ,AEA,EN,Towers with Radar,0,2,5,0,7,0,8,219,9,236,0,10,224,9,243,210,0,210,453
04/09/2021,CDW,NJ,AEA,EN,Towers with Radar,0,0,18,0,18,0,3,161,5,169,0,3,179,5,187,314,0,314,501
04/10/2021,CDW,NJ,AEA,EN,Towers with Radar,0,0,39,0,39,0,4,54,0,58,0,4,93,0,97,224,0,224,321
04/11/2021,CDW,NJ,AEA,EN,Towers with Radar,0,2,10,0,12,0,0,0,0,0,0,2,10,0,12,0,0,0,12
04/12/2021,CDW,NJ,AEA,EN,Towers with Radar,0,0,16,0,16,0,0,9,0,9,0,0,25,0,25,0,28,28,53
04/13/2021,CDW,NJ,AEA,EN,Towers with Radar,0,4,13,0,17,0,5,237,6,248,0,9,250,6,265,288,0,288,553
04/14/2021,CDW,NJ,AEA,EN,Towers with Radar,0,2,12,0,14,0,4,209,9,222,0,6,221,9,236,224,0,224,460
04/15/2021,CDW,NJ,AEA,EN,Towers with Radar,0,0,17,0,17,0,0,0,0,0,0,0,17,0,17,0,0,0,17
04/16/2021,CDW,NJ,AEA,EN,Towers with Radar,0,0,8,0,8,0,16,44,2,62,0,16,52,2,70,90,0,90,160
04/17/2021,CDW,NJ,AEA,EN,Towers with Radar,0,2,21,0,23,0,27,224,8,259,0,29,245,8,282,228,0,228,510
04/18/2021,CDW,NJ,AEA,EN,Towers with Radar,0,2,15,0,17,0,1,295,1,297,0,3,310,1,314,203,0,203,517
04/19/2021,CDW,NJ,AEA,EN,Towers with Radar,0,2,9,0,11,0,4,167,0,171,0,6,176,0,182,196,0,196,378
04/20/2021,CDW,NJ,AEA,EN,Towers with Radar,0,0,8,0,8,0,0,140,1,141,0,0,148,1,149,164,0,164,313
04/21/2021,CDW,NJ,AEA,EN,Towers with Radar,0,0,3,0,3,0,0,21,0,21,0,0,24,0,24,46,0,46,70
04/22/2021,CDW,NJ,AEA,EN,Towers with Radar,0,2,7,0,9,0,4,30,1,35,0,6,37,1,44,4,0,4,48
04/23/2021,CDW,NJ,AEA,EN,Towers with Radar,0,1,13,0,14,0,3,67,3,73,0,4,80,3,87,40,0,40,127
04/24/2021,CDW,NJ,AEA,EN,Towers with Radar,0,0,13,0,13,0,2,317,0,319,0,2,330,0,332,274,0,274,606
04/25/2021,CDW,NJ,AEA,EN,Towers with Radar,0,3,29,0,32,0,2,25,0,27,0,5,54,0,59,46,0,46,105
04/26/2021,CDW,NJ,AEA,EN,Towers with Radar,0,0,5,0,5,0,3,60,7,70,0,3,65,7,75,19,0,19,94
04/27/2021,CDW,NJ,AEA,EN,Towers with Radar,0,2,8,0,10,0,2,264,2,268,0,4,272,2,278,242,0,242,520
04/28/2021,CDW,NJ,AEA,EN,Towers with Radar,0,0,13,0,13,0,0,226,15,241,0,0,239,15,254,175,6,181,435
04/29/2021,CDW,NJ,AEA,EN,Towers with Radar,0,0,9,0,9,0,0,66,6,72,0,0,75,6,81,125,0,125,206
04/30/2021,CDW,NJ,AEA,EN,Towers with Radar,0,0,7,0,7,0,3,7,1,11,0,3,14,1,18,0,0,0,18
05/01/2021,CDW,NJ,AEA,EN,Towers with Radar,0,3,9,0,12,0,6,111,1,118,0,9,120,1,130,70,0,70,200
05/02/2021,CDW,NJ,AEA,EN,Towers with Radar,0,5,11,0,16,0,5,212,0,217,0,10,223,0,233,138,0,138,371
05/03/2021,CDW,NJ,AEA,EN,Towers with Radar,0,0,4,0,4,0,0,114,1,115,0,0,118,1,119,154,0,154,273
05/04/2021,CDW,NJ,AEA,EN,Towers with Radar,0,0,10,0,10,0,0,65,3,68,0,0,75,3,78,116,0,116,194
05/05/2021,CDW,NJ,AEA,EN,Towers with Radar,0,0,8,0,8,0,0,4,0,4,0,0,12,0,12,10,0,10,22
05/06/2021,CDW,NJ,AEA,EN,Towers with Radar,0,1,13,0,14,0,8,178,4,190,0,9,191,4,204,160,0,160,364
05/07/2021,CDW,NJ,AEA,EN,Towers with Radar,0,0,9,0,9,0,10,244,2,256,0,10,253,2,265,242,0,242,507
05/08/2021,CDW,NJ,AEA,EN,Towers with Radar,0,1,15,0,16,0,7,44,0,51,0,8,59,0,67,106,0,106,173
05/09/2021,CDW,NJ,AEA,EN,Towers with Radar,0,1,21,0,22,0,5,155,3,163,0,6,176,3,185,144,0,144,329
05/10/2021,CDW,NJ,AEA,EN,Towers with Radar,0,0,19,0,19,0,7,47,2,56,0,7,66,2,75,70,0,70,145
05/11/2021,CDW,NJ,AEA,EN,Towers with Radar,0,0,6,0,6,0,3,151,0,154,0,3,157,0,160,112,6,118,278
05/12/2021,CDW,NJ,AEA,EN,Towers with Radar,0,2,11,0,13,0,5,179,2,186,0,7,190,2,199,116,0,116,315
05/13/2021,CDW,NJ,AEA,EN,Towers with Radar,0,2,3,0,5,0,2,240,3,245,0,4,243,3,250,238,0,238,488
05/14/2021,CDW,NJ,AEA,EN,Towers with Radar,0,0,17,0,17,0,2,258,3,263,0,2,275,3,280,232,0,232,512
05/15/2021,CDW,NJ,AEA,EN,Towers with Radar,0,0,14,0,14,0,6,300,0,306,0,6,314,0,320,350,0,350,670
05/16/2021,CDW,NJ,AEA,EN,Towers with Radar,0,2,9,0,11,0,1,215,0,216,0,3,224,0,227,194,0,194,421
05/17/2021,CDW,NJ,AEA,EN,Towers with Radar,0,0,8,0,8,0,6,177,3,186,0,6,185,3,194,294,0,294,488
05/18/2021,CDW,NJ,AEA,EN,Towers with Radar,0,0,11,0,11,0,0,167,6,173,0,0,178,6,184,266,10,276,460
05/19/2021,CDW,NJ,AEA,EN,Towers with Radar,0,0,22,0,22,0,0,178,8,186,0,0,200,8,208,174,0,174,382
05/20/2021,CDW,NJ,AEA,EN,Towers with Radar,0,5,9,0,14,0,1,161,2,164,0,6,170,2,178,156,0,156,334
05/21/2021,CDW,NJ,AEA,EN,Towers with Radar,0,4,7,0,11,0,6,182,5,193,0,10,189,5,204,260,0,260,464
05/22/2021,CDW,NJ,AEA,EN,Towers with Radar,0,1,7,0,8,0,7,227,1,235,0,8,234,1,243,146,0,146,389
05/23/2021,CDW,NJ,AEA,EN,Towers with Radar,0,4,12,0,16,0,2,112,0,114,0,6,124,0,130,18,0,18,148
05/24/2021,CDW,NJ,AEA,EN,Towers with Radar,0,3,11,0,14,0,6,120,4,130,0,9,131,4,144,180,4,184,328
05/25/2021,CDW,NJ,AEA,EN,Towers with Radar,0,2,16,0,18,0,9,154,3,166,0,11,170,3,184,182,2,184,368
05/26/2021,CDW,NJ,AEA,EN,Towers with Radar,0,0,14,0,14,0,5,85,3,93,0,5,99,3,107,156,16,172,279
05/27/2021,CDW,NJ,AEA,EN,Towers with Radar,0,1,9,0,10,0,7,223,5,235,0,8,232,5,245,152,0,152,397
05/28/2021,CDW,NJ,AEA,EN,Towers with Radar,0,0,12,0,12,0,8,101,2,111,0,8,113,2,123,90,0,90,213
05/29/2021,CDW,NJ,AEA,EN,Towers with Radar,0,0,11,0,11,0,2,0,0,2,0,2,11,0,13,0,0,0,13
05/30/2021,CDW,NJ,AEA,EN,Towers with Radar,0,2,16,0,18,0,0,0,0,0,0,2,16,0,18,0,0,0,18
05/31/2021,CDW,NJ,AEA,EN,Towers with Radar,0,0,27,0,27,0,8,116,0,124,0,8,143,0,151,188,0,188,339
06/01/2021,CDW,NJ,AEA,EN,Towers with Radar,0,0,10,0,10,0,9,222,9,240,0,9,232,9,250,192,0,192,442
06/02/2021,CDW,NJ,AEA,EN,Towers with Radar,0,0,13,0,13,0,9,205,6,220,0,9,218,6,233,252,22,274,507
06/03/2021,CDW,NJ,AEA,EN,Towers with Radar,0,0,15,0,15,0,0,1,0,1,0,0,16,0,16,0,0,0,16
06/04/2021,CDW,NJ,AEA,EN,Towers with Radar,0,2,18,0,20,0,4,38,2,44,0,6,56,2,64,60,0,60,124
06/05/2021,CDW,NJ,AEA,EN,Towers with Radar,0,1,11,0,12,0,5,287,6,298,0,6,298,6,310,238,0,238,548
06/06/2021,CDW,NJ,AEA,EN,Towers with Radar,0,2,12,0,14,0,6,229,2,237,0,8,241,2,251,114,0,114,365
06/07/2021,CDW,NJ,AEA,EN,Towers with Radar,0,1,11,0,12,0,7,168,5,180,0,8,179,5,192,187,0,187,379
06/08/2021,CDW,NJ,AEA,EN,Towers with Radar,0,0,7,0,7,0,4,124,4,132,0,4,131,4,139,86,10,96,235
06/09/2021,CDW,NJ,AEA,EN,Towers with Radar,0,3,6,0,9,0,1,165,3,169,0,4,171,3,178,212,0,212,390
06/10/2021,CDW,NJ,AEA,EN,Towers with Radar,0,1,8,0,9,0,11,210,4,225,0,12,218,4,234,118,0,118,352
06/11/2021,CDW,NJ,AEA,EN,Towers with Radar,0,2,17,0,19,0,17,169,1,187,0,19,186,1,206,202,0,202,408
06/12/2021,CDW,NJ,AEA,EN,Towers with Radar,0,0,23,0,23,0,6,163,4,173,0,6,186,4,196,296,0,296,492
06/13/2021,CDW,NJ,AEA,EN,Towers with Radar,0,3,17,0,20,0,15,161,2,178,0,18,178,2,198,138,0,138,336
06/14/2021,CDW,NJ,AEA,EN,Towers with Radar,0,0,14,0,14,0,13,32,1,46,0,13,46,1,60,56,0,56,116
06/15/2021,CDW,NJ,AEA,EN,Towers with Radar,1,0,8,2,11,0,8,126,2,136,1,8,134,4,147,104,0,104,251
06/16/2021,CDW,NJ,AEA,EN,Towers with Radar,0,0,4,0,4,0,10,277,7,294,0,10,281,7,298,160,0,160,458
06/17/2021,CDW,NJ,AEA,EN,Towers with Radar,0,4,9,0,13,0,8,232,5,245,0,12,241,5,258,260,0,260,518
06/18/2021,CDW,NJ,AEA,EN,Towers with Radar,0,1,6,0,7,0,15,218,1,234,0,16,224,1,241,172,0,172,413
06/19/2021,CDW,NJ,AEA,EN,Towers with Radar,0,0,17,0,17,0,3,136,2,141,0,3,153,2,158,92,0,92,250
06/20/2021,CDW,NJ,AEA,EN,Towers with Radar,0,5,21,0,26,0,8,183,0,191,0,13,204,0,217,120,0,120,337
06/21/2021,CDW,NJ,AEA,EN,Towers with Radar,0,7,26,0,33,0,5,79,7,91,0,12,105,7,124,64,0,64,188
06/22/2021,CDW,NJ,AEA,EN,Towers with Radar,0,2,21,0,23,0,12,58,0,70,0,14,79,0,93,46,0,46,139
06/23/2021,CDW,NJ,AEA,EN,Towers with Radar,0,0,10,0,10,0,13,378,7,398,0,13,388,7,408,178,0,178,586
06/24/2021,CDW,NJ,AEA,EN,Towers with Radar,0,1,14,0,15,0,12,256,4,272,0,13,270,4,287,419,0,419,706
06/25/2021,CDW,NJ,AEA,EN,Towers with Radar,0,2,22,0,24,0,12,191,5,208,0,14,213,5,232,172,0,172,404
06/26/2021,CDW,NJ,AEA,EN,Towers with Radar,0,1,22,0,23,0,15,77,0,92,0,16,99,0,115,200,0,200,315
06/27/2021,CDW,NJ,AEA,EN,Towers with Radar,0,1,16,0,17,0,8,126,2,136,0,9,142,2,153,140,0,140,293
06/28/2021,CDW,NJ,AEA,EN,Towers with Radar,1,6,6,0,13,0,8,152,5,165,1,14,158,5,178,294,0,294,472
06/29/2021,CDW,NJ,AEA,EN,Towers with Radar,0,0,0,0,0,0,13,253,2,268,0,13,253,2,268,288,0,288,556
06/30/2021,CDW,NJ,AEA,EN,Towers with Radar,0,1,4,0,5,0,13,156,1,170,0,14,160,1,175,181,0,181,356
07/01/2021,CDW,NJ,AEA,EN,Towers with Radar,0,7,10,0,17,0,11,109,0,120,0,18,119,0,137,186,0,186,323
07/02/2021,CDW,NJ,AEA,EN,Towers with Radar,0,2,25,0,27,0,5,49,0,54,0,7,74,0,81,110,0,110,191
07/03/2021,CDW,NJ,AEA,EN,Towers with Radar,0,2,18,0,20,0,1,5,0,6,0,3,23,0,26,0,0,0,26
07/04/2021,CDW,NJ,AEA,EN,Towers with Radar,0,6,16,0,22,0,6,157,2,165,0,12,173,2,187,194,0,194,381
07/05/2021,CDW,NJ,AEA,EN,Towers with Radar,0,4,22,0,26,0,10,191,0,201,0,14,213,0,227,118,0,118,345
07/06/2021,CDW,NJ,AEA,EN,Towers with Radar,0,5,2,0,7,0,8,131,5,144,0,13,133,5,151,140,0,140,291
07/07/2021,CDW,NJ,AEA,EN,Towers with Radar,0,3,2,0,5,0,14,197,5,216,0,17,199,5,221,182,0,182,403
07/08/2021,CDW,NJ,AEA,EN,Towers with Radar,0,3,9,0,12,0,7,65,3,75,0,10,74,3,87,106,0,106,193
07/09/2021,CDW,NJ,AEA,EN,Towers with Radar,0,0,7,0,7,0,6,62,3,71,0,6,69,3,78,102,0,102,180
07/10/2021,CDW,NJ,AEA,EN,Towers with Radar,0,3,21,0,24,0,4,240,0,244,0,7,261,0,268,324,0,324,592
07/11/2021,CDW,NJ,AEA,EN,Towers with Radar,0,8,30,0,38,0,8,29,0,37,0,16,59,0,75,90,0,90,165
07/12/2021,CDW,NJ,AEA,EN,Towers with Radar,0,3,10,0,13,0,3,9,2,14,0,6,19,2,27,4,0,4,31
07/13/2021,CDW,NJ,AEA,EN,Towers with Radar,0,3,30,0,33,0,3,6,1,10,0,6,36,1,43,12,6,18,61
07/14/2021,CDW,NJ,AEA,EN,Towers with Radar,0,0,28,0,28,0,4,139,2,145,0,4,167,2,173,112,0,112,285
07/15/2021,CDW,NJ,AEA,EN,Towers with Radar,0,6,17,0,23,0,8,321,5,334,0,14,338,5,357,198,0,198,555
07/16/2021,CDW,NJ,AEA,EN,Towers with Radar,0,0,11,0,11,0,8,249,6,263,0,8,260,6,274,196,0,196,470
07/17/2021,CDW,NJ,AEA,EN,Towers with Radar,0,0,7,0,7,0,2,156,0,158,0,2,163,0,165,154,0,154,319
07/18/2021,CDW,NJ,AEA,EN,Towers with Radar,0,1,30,0,31,0,7,54,0,61,0,8,84,0,92,158,0,158,250
07/19/2021,CDW,NJ,AEA,EN,Towers with Radar,0,3,11,0,14,0,5,181,3,189,0,8,192,3,203,134,4,138,341
07/20/2021,CDW,NJ,AEA,EN,Towers with Radar,0,4,23,0,27,0,15,106,2,123,0,19,129,2,150,120,0,120,270
07/21/2021,CDW,NJ,AEA,EN,Towers with Radar,0,0,7,0,7,0,9,194,4,207,0,9,201,4,214,70,0,70,284
07/22/2021,CDW,NJ,AEA,EN,Towers with Radar,0,4,8,0,12,0,15,287,8,310,0,19,295,8,322,90,0,90,412
07/23/2021,CDW,NJ,AEA,EN,Towers with Radar,0,1,17,0,18,0,16,305,4,325,0,17,322,4,343,194,0,194,537
07/24/2021,CDW,NJ,AEA,EN,Towers with Radar,0,3,11,0,14,0,9,273,4,286,0,12,284,4,300,204,0,204,504
07/25/2021,CDW,NJ,AEA,EN,Towers with Radar,0,3,24,0,27,0,15,25,0,40,0,18,49,0,67,86,0,86,153
07/26/2021,CDW,NJ,AEA,EN,Towers with Radar,0,2,12,0,14,0,3,178,2,183,0,5,190,2,197,196,0,196,393
07/27/2021,CDW,NJ,AEA,EN,Towers with Radar,0,2,8,0,10,0,4,236,2,242,0,6,244,2,252,196,4,200,452
07/28/2021,CDW,NJ,AEA,EN,Towers with Radar,0,6,23,0,29,0,9,304,8,321,0,15,327,8,350,255,0,255,605
07/29/2021,CDW,NJ,AEA,EN,Towers with Radar,0,2,19,0,21,0,8,30,1,39,0,10,49,1,60,24,0,24,84
07/30/2021,CDW,NJ,AEA,EN,Towers with Radar,0,3,5,0,8,0,10,149,5,164,0,13,154,5,172,65,0,65,237
07/31/2021,CDW,NJ,AEA,EN,Towers with Radar,0,0,10,0,10,0,6,282,1,289,0,6,292,1,299,198,0,198,497
08/01/2021,CDW,NJ,AEA,EN,Towers with Radar,0,2,13,0,15,0,8,95,0,103,0,10,108,0,118,90,0,90,208
08/02/2021,CDW,NJ,AEA,EN,Towers with Radar,0,3,8,0,11,0,13,150,10,173,0,16,158,10,184,70,6,76,260
08/03/2021,CDW,NJ,AEA,EN,Towers with Radar,0,0,14,0,14,0,15,228,10,253,0,15,242,10,267,244,8,252,519
08/04/2021,CDW,NJ,AEA,EN,Towers with Radar,0,2,16,0,18,0,11,238,4,253,0,13,254,4,271,262,0,262,533
08/05/2021,CDW,NJ,AEA,EN,Towers with Radar,0,2,17,0,19,0,16,176,7,199,0,18,193,7,218,242,4,246,464
08/06/2021,CDW,NJ,AEA,EN,Towers with Radar,0,1,8,0,9,0,15,258,1,274,0,16,266,1,283,180,0,180,463
08/07/2021,CDW,NJ,AEA,EN,Towers with Radar,0,6,13,0,19,0,5,265,3,273,0,11,278,3,292,230,0,230,522
08/08/2021,CDW,NJ,AEA,EN,Towers with Radar,0,15,29,0,44,0,47,127,0,174,0,62,156,0,218,94,0,94,312
08/09/2021,CDW,NJ,AEA,EN,Towers with Radar,0,0,25,0,25,0,8,108,4,120,0,8,133,4,145,178,0,178,323
08/10/2021,CDW,NJ,AEA,EN,Towers with Radar,0,3,23,0,26,0,14,95,1,110,0,17,118,1,136,128,10,138,274
08/11/2021,CDW,NJ,AEA,EN,Towers with Radar,0,5,14,0,19,0,5,116,7,128,0,10,130,7,147,84,0,84,231
08/12/2021,CDW,NJ,AEA,EN,Towers with Radar,0,2,8,0,10,0,10,180,1,191,0,12,188,1,201,100,0,100,301
08/13/2021,CDW,NJ,AEA,EN,Towers with Radar,0,0,8,0,8,0,11,240,1,252,0,11,248,1,260,166,0,166,426
08/14/2021,CDW,NJ,AEA,EN,Towers with Radar,0,0,7,0,7,0,10,148,0,158,0,10,155,0,165,232,0,232,397
08/15/2021,CDW,NJ,AEA,EN,Towers with Radar,0,0,11,0,11,0,10,233,2,245,0,10,244,2,256,138,0,138,394
08/16/2021,CDW,NJ,AEA,EN,Towers with Radar,0,0,10,0,10,0,5,253,2,260,0,5,263,2,270,176,0,176,446
08/17/2021,CDW,NJ,AEA,EN,Towers with Radar,1,0,7,0,8,0,13,168,6,187,1,13,175,6,195,328,0,328,523
08/18/2021,CDW,NJ,AEA,EN,Towers with Radar,0,0,22,2,24,0,12,62,3,77,0,12,84,5,101,54,0,54,155
08/19/2021,CDW,NJ,AEA,EN,Towers with Radar,0,3,15,0,18,0,12,71,8,91,0,15,86,8,109,138,0,138,247
08/20/2021,CDW,NJ,AEA,EN,Towers with Radar,0,1,19,0,20,0,8,158,6,172,0,9,177,6,192,302,0,302,494
08/21/2021,CDW,NJ,AEA,EN,Towers with Radar,0,2,22,0,24,0,11,141,0,152,0,13,163,0,176,252,0,252,428
08/22/2021,CDW,NJ,AEA,EN,Towers with Radar,0,0,2,0,2,0,0,2,0,2,0,0,4,0,4,0,0,0,4
08/23/2021,CDW,NJ,AEA,EN,Towers with Radar,0,3,9,0,12,0,7,31,0,38,0,10,40,0,50,22,0,22,72
08/24/2021,CDW,NJ,AEA,EN,Towers with Radar,0,3,13,0,16,0,8,260,6,274,0,11,273,6,290,140,0,140,430
08/25/2021,CDW,NJ,AEA,EN,Towers with Radar,0,0,10,0,10,0,13,232,6,251,0,13,242,6,261,154,0,154,415
08/26/2021,CDW,NJ,AEA,EN,Towers with Radar,0,1,14,0,15,0,11,207,2,220,0,12,221,2,235,68,0,68,303
08/27/2021,CDW,NJ,AEA,EN,Towers with Radar,0,2,8,0,10,0,5,149,3,157,0,7,157,3,167,176,0,176,343
08/28/2021,CDW,NJ,AEA,EN,Towers with Radar,0,0,25,0,25,0,14,54,1,69,0,14,79,1,94,100,0,100,194
08/29/2021,CDW,NJ,AEA,EN,Towers with Radar,0,2,37,0,39,0,6,11,0,17,0,8,48,0,56,16,0,16,72
08/30/2021,CDW,NJ,AEA,EN,Towers with Radar,0,1,21,0,22,0,13,50,1,64,0,14,71,1,86,50,0,50,136
08/31/2021,CDW,NJ,AEA,EN,Towers with Radar,0,2,8,0,10,0,15,266,3,284,0,17,274,3,294,300,0,300,594
09/01/2021,CDW,NJ,AEA,EN,Towers with Radar,0,0,5,0,5,0,2,3,0,5,0,2,8,0,10,0,0,0,10
09/02/2021,CDW,NJ,AEA,EN,Towers with Radar,0,3,4,0,7,0,10,28,8,46,0,13,32,8,53,0,0,0,53
09/03/2021,CDW,NJ,AEA,EN,Towers with Radar,0,6,19,0,25,0,7,213,5,225,0,13,232,5,250,104,0,104,354
09/04/2021,CDW,NJ,AEA,EN,Towers with Radar,0,0,12,0,12,0,10,225,4,239,0,10,237,4,251,224,0,224,475
09/05/2021,CDW,NJ,AEA,EN,Towers with Radar,0,2,14,0,16,0,6,67,1,74,0,8,81,1,90,108,0,108,198
09/06/2021,CDW,NJ,AEA,EN,Towers with Radar,0,0,19,0,19,0,7,157,0,164,0,7,176,0,183,104,0,104,287
09/07/2021,CDW,NJ,AEA,EN,Towers with Radar,0,0,17,0,17,0,4,115,0,119,0,4,132,0,136,82,0,82,218
09/08/2021,CDW,NJ,AEA,EN,Towers with Radar,0,0,10,0,10,0,8,151,2,161,0,8,161,2,171,70,0,70,241
09/09/2021,CDW,NJ,AEA,EN,Towers with Radar,0,0,19,0,19,0,5,43,0,48,0,5,62,0,67,24,0,24,91
09/10/2021,CDW,NJ,AEA,EN,Towers with Radar,0,4,29,0,33,0,13,151,4,168,0,17,180,4,201,46,0,46,247
09/11/2021,CDW,NJ,AEA,EN,Towers with Radar,0,2,9,0,11,0,3,198,4,205,0,5,207,4,216,180,0,180,396
09/12/2021,CDW,NJ,AEA,EN,Towers with Radar,0,0,13,0,13,0,14,273,2,289,0,14,286,2,302,126,0,126,428
09/13/2021,CDW,NJ,AEA,EN,Towers with Radar,0,2,8,0,10,0,14,178,6,198,0,16,186,6,208,170,0,170,378
09/14/2021,CDW,NJ,AEA,EN,Towers with Radar,0,1,18,0,19,0,10,221,5,236,0,11,239,5,255,192,0,192,447
09/15/2021,CDW,NJ,AEA,EN,Towers with Radar,0,2,17,0,19,0,9,68,13,90,0,11,85,13,109,92,0,92,201
09/16/2021,CDW,NJ,AEA,EN,Towers with Radar,0,5,11,0,16,0,7,36,0,43,0,12,47,0,59,32,0,32,91
09/17/2021,CDW,NJ,AEA,EN,Towers with Radar,0,2,29,0,31,0,10,7,2,19,0,12,36,2,50,0,0,0,50
09/18/2021,CDW,NJ,AEA,EN,Towers with Radar,0,0,24,0,24,0,14,243,1,258,0,14,267,1,282,374,0,374,656
09/19/2021,CDW,NJ,AEA,EN,Towers with Radar,0,1,12,0,13,0,9,240,1,250,0,10,252,1,263,140,0,140,403
09/20/2021,CDW,NJ,AEA,EN,Towers with Radar,0,5,21,0,26,0,6,199,3,208,0,11,220,3,234,150,0,150,384
09/21/2021,CDW,NJ,AEA,EN,Towers with Radar,0,1,21,0,22,0,4,119,5,128,0,5,140,5,150,78,0,78,228
09/22/2021,CDW,NJ,AEA,EN,Towers with Radar,0,4,6,0,10,0,6,29,2,37,0,10,35,2,47,10,0,10,57
09/23/2021,CDW,NJ,AEA,EN,Towers with Radar,0,2,11,0,13,0,4,3,0,7,0,6,14,0,20,0,0,0,20
09/24/2021,CDW,NJ,AEA,EN,Towers with Radar,0,0,13,0,13,0,6,157,0,163,0,6,170,0,176,141,0,141,317
09/25/2021,CDW,NJ,AEA,EN,Towers with Radar,0,1,14,0,15,0,8,294,0,302,0,9,308,0,317,276,0,276,593
09/26/2021,CDW,NJ,AEA,EN,Towers with Radar,0,1,10,0,11,0,4,188,2,194,0,5,198,2,205,84,0,84,289
09/27/2021,CDW,NJ,AEA,EN,Towers with Radar,0,5,10,0,15,0,8,135,4,147,0,13,145,4,162,40,6,46,208
09/28/2021,CDW,NJ,AEA,EN,Towers with Radar,0,2,8,0,10,0,3,57,6,66,0,5,65,6,76,52,0,52,128
09/29/2021,CDW,NJ,AEA,EN,Towers with Radar,0,1,18,0,19,0,10,194,6,210,0,11,212,6,229,92,0,92,321
09/30/2021,CDW,NJ,AEA,EN,Towers with Radar,0,3,6,0,9,0,17,212,5,234,0,20,218,5,243,264,0,264,507
10/01/2021,CDW,NJ,AEA,EN,Towers with Radar,0,2,15,0,17,0,8,199,2,209,0,10,214,2,226,142,0,142,368
10/02/2021,CDW,NJ,AEA,EN,Towers with Radar,0,0,16,0,16,0,10,225,0,235,0,10,241,0,251,218,0,218,469
10/03/2021,CDW,NJ,AEA,EN,Towers with Radar,0,0,21,0,21,0,5,265,1,271,0,5,286,1,292,174,0,174,466
10/04/2021,CDW,NJ,AEA,EN,Towers with Radar,0,2,11,0,13,0,0,0,0,0,0,2,11,0,13,0,0,0,13
10/05/2021,CDW,NJ,AEA,EN,Towers with Radar,0,3,24,0,27,0,0,8,0,8,0,3,32,0,35,0,0,0,35
10/06/2021,CDW,NJ,AEA,EN,Towers with Radar,0,2,24,0,26,0,3,100,3,106,0,5,124,3,132,194,0,194,326
10/07/2021,CDW,NJ,AEA,EN,Towers with Radar,0,4,21,0,25,0,12,112,5,129,0,16,133,5,154,146,4,150,304
10/08/2021,CDW,NJ,AEA,EN,Towers with Radar,0,4,20,0,24,0,7,213,6,226,0,11,233,6,250,70,0,70,320
10/09/2021,CDW,NJ,AEA,EN,Towers with Radar,0,0,29,0,29,0,1,103,3,107,0,1,132,3,136,318,0,318,454
10/10/2021,CDW,NJ,AEA,EN,Towers with Radar,0,6,31,0,37,0,2,0,0,2,0,8,31,0,39,0,0,0,39
10/11/2021,CDW,NJ,AEA,EN,Towers with Radar,0,4,26,0,30,0,4,137,0,141,0,8,163,0,171,178,0,178,349
10/12/2021,CDW,NJ,AEA,EN,Towers with Radar,0,2,21,0,23,0,17,154,0,171,0,19,175,0,194,158,0,158,352
10/13/2021,CDW,NJ,AEA,EN,Towers with Radar,0,2,24,0,26,1,11,80,4,96,1,13,104,4,122,206,10,216,338
10/14/2021,CDW,NJ,AEA,EN,Towers with Radar,0,2,9,0,11,0,7,223,8,238,0,9,232,8,249,136,0,136,385
10/15/2021,CDW,NJ,AEA,EN,Towers with Radar,0,0,19,0,19,0,12,218,2,232,0,12,237,2,251,184,0,184,435
10/16/2021,CDW,NJ,AEA,EN,Towers with Radar,0,0,11,0,11,0,6,104,0,110,0,6,115,0,121,108,0,108,229
10/17/2021,CDW,NJ,AEA,EN,Towers with Radar,0,1,13,0,14,0,11,139,0,150,0,12,152,0,164,50,0,50,214
10/18/2021,CDW,NJ,AEA,EN,Towers with Radar,0,1,7,0,8,0,2,96,4,102,0,3,103,4,110,26,0,26,136
10/19/2021,CDW,NJ,AEA,EN,Towers with Radar,0,4,7,0,11,0,8,164,5,177,0,12,171,5,188,92,0,92,280
10/20/2021,CDW,NJ,AEA,EN,Towers with Radar,0,3,12,0,15,0,4,209,5,218,0,7,221,5,233,140,0,140,373
10/21/2021,CDW,NJ,AEA,EN,Towers with Radar,0,3,8,0,11,0,4,204,3,211,0,7,212,3,222,120,0,120,342
10/22/2021,CDW,NJ,AEA,EN,Towers with Radar,0,2,15,0,17,0,8,172,7,187,0,10,187,7,204,202,0,202,406
10/23/2021,CDW,NJ,AEA,EN,Towers with Radar,0,2,10,0,12,0,5,264,2,271,0,7,274,2,283,160,0,160,443
10/24/2021,CDW,NJ,AEA,EN,Towers with Radar,0,4,17,0,21,0,10,273,0,283,0,14,290,0,304,166,0,166,470
10/25/2021,CDW,NJ,AEA,EN,Towers with Radar,0,4,13,0,17,0,11,27,0,38,0,15,40,0,55,32,0,32,87
10/26/2021,CDW,NJ,AEA,EN,Towers with Radar,0,1,6,0,7,0,3,7,0,10,0,4,13,0,17,0,0,0,17
10/27/2021,CDW,NJ,AEA,EN,Towers with Radar,0,4,19,0,23,0,4,43,2,49,0,8,62,2,72,27,0,27,99
10/28/2021,CDW,NJ,AEA,EN,Towers with Radar,0,2,13,0,15,0,10,287,6,303,0,12,300,6,318,114,0,114,432
10/29/2021,CDW,NJ,AEA,EN,Towers with Radar,0,0,19,0,19,0,8,62,2,72,0,8,81,2,91,140,0,140,231
10/30/2021,CDW,NJ,AEA,EN,Towers with Radar,0,0,16,0,16,0,15,11,0,26,0,15,27,0,42,12,0,12,54
10/31/2021,CDW,NJ,AEA,EN,Towers with Radar,0,2,16,0,18,0,8,147,0,155,0,10,163,0,173,234,0,234,407
11/01/2021,CDW,NJ,AEA,EN,Towers with Radar,0,3,6,0,9,0,8,159,3,170,0,11,165,3,179,122,2,124,303
11/02/2021,CDW,NJ,AEA,EN,Towers with Radar,0,2,6,0,8,0,5,174,2,181,0,7,180,2,189,180,0,180,369
11/03/2021,CDW,NJ,AEA,EN,Towers with Radar,0,2,2,0,4,0,7,194,3,204,0,9,196,3,208,194,0,194,402
11/04/2021,CDW,NJ,AEA,EN,Towers with Radar,0,1,16,0,17,0,9,192,1,202,0,10,208,1,219,154,0,154,373
11/05/2021,CDW,NJ,AEA,EN,Towers with Radar,0,0,11,0,11,0,13,196,5,214,0,13,207,5,225,164,0,164,389
11/06/2021,CDW,NJ,AEA,EN,Towers with Radar,0,0,11,0,11,0,11,271,10,292,0,11,282,10,303,120,0,120,423
11/07/2021,CDW,NJ,AEA,EN,Towers with Radar,0,0,10,0,10,0,9,284,2,295,0,9,294,2,305,178,0,178,483
11/08/2021,CDW,NJ,AEA,EN,Towers with Radar,0,2,6,0,8,0,10,171,7,188,0,12,177,7,196,158,0,158,354
11/09/2021,CDW,NJ,AEA,EN,Towers with Radar,0,1,8,0,9,0,10,232,6,248,0,11,240,6,257,168,0,168,425
11/10/2021,CDW,NJ,AEA,EN,Towers with Radar,0,3,3,0,6,0,7,147,5,159,0,10,150,5,165,72,0,72,237
11/11/2021,CDW,NJ,AEA,EN,Towers with Radar,0,2,19,0,21,0,12,207,0,219,0,14,226,0,240,148,0,148,388
11/12/2021,CDW,NJ,AEA,EN,Towers with Radar,0,2,6,0,8,0,7,43,4,54,0,9,49,4,62,36,0,36,98
11/13/2021,CDW,NJ,AEA,EN,Towers with Radar,0,0,3,0,3,0,10,67,0,77,0,10,70,0,80,30,0,30,110
11/14/2021,CDW,NJ,AEA,EN,Towers with Radar,0,0,10,0,10,0,6,216,0,222,0,6,226,0,232,114,0,114,346
11/15/2021,CDW,NJ,AEA,EN,Towers with Radar,0,3,7,0,10,0,5,88,4,97,0,8,95,4,107,168,0,168,275
11/16/2021,CDW,NJ,AEA,EN,Towers with Radar,0,2,15,0,17,0,10,205,6,221,0,12,220,6,238,218,0,218,456
11/17/2021,CDW,NJ,AEA,EN,Towers with Radar,0,4,15,0,19,0,12,198,3,213,0,16,213,3,232,144,0,144,376
11/18/2021,CDW,NJ,AEA,EN,Towers with Radar,0,0,13,0,13,0,4,122,1,127,0,4,135,1,140,66,0,66,206
11/19/2021,CDW,NJ,AEA,EN,Towers with Radar,0,4,6,0,10,0,10,201,2,213,0,14,207,2,223,94,0,94,317
11/20/2021,CDW,NJ,AEA,EN,Towers with Radar,0,2,10,0,12,0,6,88,1,95,0,8,98,1,107,52,0,52,159
11/21/2021,CDW,NJ,AEA,EN,Towers with Radar,0,3,7,0,10,0,6,178,9,193,0,9,185,9,203,124,0,124,327
11/22/2021,CDW,NJ,AEA,EN,Towers with Radar,0,2,9,0,11,0,11,92,0,103,0,13,101,0,114,48,0,48,162
11/23/2021,CDW,NJ,AEA,EN,Towers with Radar,0,3,15,0,18,0,11,83,0,94,0,14,98,0,112,42,0,42,154
11/24/2021,CDW,NJ,AEA,EN,Towers with Radar,0,4,17,0,21,0,11,234,0,245,0,15,251,0,266,182,0,182,448
11/25/2021,CDW,NJ,AEA,EN,Towers with Radar,0,0,2,0,2,0,10,78,0,88,0,10,80,0,90,32,0,32,122
11/26/2021,CDW,NJ,AEA,EN,Towers with Radar,0,4,6,0,10,0,7,12,0,19,0,11,18,0,29,0,0,0,29
11/27/2021,CDW,NJ,AEA,EN,Towers with Radar,0,1,5,0,6,0,5,33,0,38,0,6,38,0,44,2,0,2,46
11/28/2021,CDW,NJ,AEA,EN,Towers with Radar,0,1,13,0,14,0,11,100,0,111,0,12,113,0,125,220,0,220,345
11/29/2021,CDW,NJ,AEA,EN,Towers with Radar,0,3,5,0,8,0,11,80,9,100,0,14,85,9,108,26,24,50,158
11/30/2021,CDW,NJ,AEA,EN,Towers with Radar,0,5,7,0,12,0,8,72,11,91,0,13,79,11,103,64,12,76,179
12/01/2021,CDW,NJ,AEA,EN,Towers with Radar,0,4,6,0,10,0,12,165,10,187,0,16,171,10,197,200,6,206,403
12/02/2021,CDW,NJ,AEA,EN,Towers with Radar,0,2,8,0,10,0,7,79,3,89,0,9,87,3,99,138,0,138,237
12/03/2021,CDW,NJ,AEA,EN,Towers with Radar,0,7,5,0,12,0,14,112,3,129,0,21,117,3,141,74,0,74,215
12/04/2021,CDW,NJ,AEA,EN,Towers with Radar,0,6,6,0,12,0,10,253,0,263,0,16,259,0,275,120,0,120,395
12/05/2021,CDW,NJ,AEA,EN,Towers with Radar,0,3,15,0,18,0,11,213,0,224,0,14,228,0,242,90,0,90,332
12/06/2021,CDW,NJ,AEA,EN,Towers with Radar,0,3,2,0,5,0,8,5,1,14,0,11,7,1,19,0,0,0,19
12/07/2021,CDW,NJ,AEA,EN,Towers with Radar,0,1,6,0,7,0,9,185,4,198,0,10,191,4,205,160,0,160,365
12/08/2021,CDW,NJ,AEA,EN,Towers with Radar,0,2,4,1,7,0,18,114,7,139,0,20,118,8,146,140,0,140,286
12/09/2021,CDW,NJ,AEA,EN,Towers with Radar,0,4,13,0,17,0,12,187,12,211,0,16,200,12,228,90,0,90,318
12/10/2021,CDW,NJ,AEA,EN,Towers with Radar,0,2,11,0,13,0,15,166,10,191,0,17,177,10,204,120,0,120,324
12/11/2021,CDW,NJ,AEA,EN,Towers with Radar,0,0,2,0,2,0,1,2,11,14,0,1,4,11,16,0,0,0,16
12/12/2021,CDW,NJ,AEA,EN,Towers with Radar,0,5,9,1,15,0,9,183,4,196,0,14,192,5,211,78,0,78,289
12/13/2021,CDW,NJ,AEA,EN,Towers with Radar,0,2,7,0,9,0,7,123,1,131,0,9,130,1,140,116,0,116,256
12/14/2021,CDW,NJ,AEA,EN,Towers with Radar,0,1,15,0,16,0,6,172,1,179,0,7,187,1,195,184,0,184,379
12/15/2021,CDW,NJ,AEA,EN,Towers with Radar,0,4,10,0,14,0,5,112,2,119,0,9,122,2,133,120,0,120,253
12/16/2021,CDW,NJ,AEA,EN,Towers with Radar,0,2,6,0,8,0,4,127,2,133,0,6,133,2,141,100,0,100,241
12/17/2021,CDW,NJ,AEA,EN,Towers with Radar,0,2,12,0,14,0,10,167,6,183,0,12,179,6,197,6,0,6,203
12/18/2021,CDW,NJ,AEA,EN,Towers with Radar,0,2,4,0,6,0,3,21,0,24,0,5,25,0,30,12,0,12,42
12/19/2021,CDW,NJ,AEA,EN,Towers with Radar,0,2,6,0,8,0,3,81,0,84,0,5,87,0,92,58,0,58,150
12/20/2021,CDW,NJ,AEA,EN,Towers with Radar,0,1,10,0,11,0,7,167,0,174,0,8,177,0,185,90,0,90,275
12/21/2021,CDW,NJ,AEA,EN,Towers with Radar,0,0,10,0,10,0,8,146,2,156,0,8,156,2,166,136,0,136,302
12/22/2021,CDW,NJ,AEA,EN,Towers with Radar,0,1,10,0,11,0,8,66,1,75,0,9,76,1,86,8,0,8,94
12/23/2021,CDW,NJ,AEA,EN,Towers with Radar,0,2,9,0,11,0,11,244,0,255,0,13,253,0,266,96,0,96,362
12/24/2021,CDW,NJ,AEA,EN,Towers with Radar,0,2,5,0,7,0,7,34,0,41,0,9,39,0,48,34,0,34,82
12/25/2021,CDW,NJ,AEA,EN,Towers with Radar,0,0,1,0,1,0,8,2,0,10,0,8,3,0,11,8,0,8,19
12/26/2021,CDW,NJ,AEA,EN,Towers with Radar,0,3,10,0,13,0,2,107,0,109,0,5,117,0,122,24,0,24,146
12/27/2021,CDW,NJ,AEA,EN,Towers with Radar,0,3,9,0,12,0,4,172,0,176,0,7,181,0,188,208,0,208,396
12/28/2021,CDW,NJ,AEA,EN,Towers with Radar,0,6,4,0,10,0,9,184,3,196,0,15,188,3,206,146,0,146,352
12/29/2021,CDW,NJ,AEA,EN,Towers with Radar,0,0,4,0,4,0,4,4,0,8,0,4,8,0,12,0,0,0,12
12/30/2021,CDW,NJ,AEA,EN,Towers with Radar,0,2,14,0,16,0,8,4,0,12,0,10,18,0,28,0,0,0,28
12/31/2021,CDW,NJ,AEA,EN,Towers with Radar,0,4,11,0,15,0,8,1,0,9,0,12,12,0,24,0,0,0,24
01/01/2022,CDW,NJ,AEA,EN,Towers with Radar,0,2,3,0,5,0,0,0,0,0,0,2,3,0,5,0,0,0,5
01/02/2022,CDW,NJ,AEA,EN,Towers with Radar,0,0,14,0,14,0,0,5,0,5,0,0,19,0,19,8,0,8,27
01/03/2022,CDW,NJ,AEA,EN,Towers with Radar,0,0,5,0,5,0,11,68,7,86,0,11,73,7,91,118,10,128,219
01/04/2022,CDW,NJ,AEA,EN,Towers with Radar,0,2,8,0,10,0,8,238,1,247,0,10,246,1,257,78,8,86,343
01/05/2022,CDW,NJ,AEA,EN,Towers with Radar,0,0,4,0,4,0,6,2,0,8,0,6,6,0,12,0,0,0,12
01/06/2022,CDW,NJ,AEA,EN,Towers with Radar,0,2,6,0,8,0,13,163,4,180,0,15,169,4,188,112,0,112,300
01/07/2022,CDW,NJ,AEA,EN,Towers with Radar,0,0,4,0,4,0,74,9,2,85,0,74,13,2,89,2,0,2,91
01/08/2022,CDW,NJ,AEA,EN,Towers with Radar,0,0,14,0,14,0,11,245,0,256,0,11,259,0,270,182,0,182,452
01/09/2022,CDW,NJ,AEA,EN,Towers with Radar,0,0,2,0,2,0,8,1,0,9,0,8,3,0,11,0,0,0,11
01/10/2022,CDW,NJ,AEA,EN,Towers with Radar,0,2,8,0,10,0,4,53,4,61,0,6,61,4,71,22,0,22,93
01/11/2022,CDW,NJ,AEA,EN,Towers with Radar,0,2,3,1,6,0,4,75,8,87,0,6,78,9,93,86,0,86,179
01/12/2022,CDW,NJ,AEA,EN,Towers with Radar,0,1,5,0,6,0,7,141,3,151,0,8,146,3,157,106,0,106,263
01/13/2022,CDW,NJ,AEA,EN,Towers with Radar,0,0,4,0,4,0,10,196,5,211,0,10,200,5,215,144,0,144,359
01/14/2022,CDW,NJ,AEA,EN,Towers with Radar,0,2,4,0,6,0,12,20,5,37,0,14,24,5,43,10,0,10,53
01/15/2022,CDW,NJ,AEA,EN,Towers with Radar,0,0,3,0,3,0,7,144,0,151,0,7,147,0,154,168,0,168,322
01/16/2022,CDW,NJ,AEA,EN,Towers with Radar,0,0,9,0,9,0,12,166,0,178,0,12,175,0,187,166,0,166,353
01/17/2022,CDW,NJ,AEA,EN,Towers with Radar,0,0,4,0,4,0,6,1,0,7,0,6,5,0,11,0,0,0,11
01/18/2022,CDW,NJ,AEA,EN,Towers with Radar,0,1,4,0,5,0,6,28,0,34,0,7,32,0,39,6,0,6,45
01/19/2022,CDW,NJ,AEA,EN,Towers with Radar,0,2,8,0,10,0,10,94,1,105,0,12,102,1,115,86,0,86,201
01/20/2022,CDW,NJ,AEA,EN,Towers with Radar,0,0,4,0,4,0,2,7,1,10,0,2,11,1,14,12,0,12,26
01/21/2022,CDW,NJ,AEA,EN,Towers with Radar,0,2,8,0,10,0,8,115,2,125,0,10,123,2,135,144,0,144,279
01/22/2022,CDW,NJ,AEA,EN,Towers with Radar,0,0,14,0,14,0,9,184,0,193,0,9,198,0,207,124,0,124,331
01/23/2022,CDW,NJ,AEA,EN,Towers with Radar,0,1,5,0,6,0,5,181,0,186,0,6,186,0,192,164,0,164,356
01/24/2022,CDW,NJ,AEA,EN,Towers with Radar,0,2,6,0,8,0,4,104,1,109,0,6,110,1,117,126,0,126,243
01/25/2022,CDW,NJ,AEA,EN,Towers with Radar,0,0,8,0,8,0,9,154,1,164,0,9,162,1,172,252,0,252,424
01/26/2022,CDW,NJ,AEA,EN,Towers with Radar,0,1,6,0,7,0,8,108,4,120,0,9,114,4,127,52,0,52,179
01/27/2022,CDW,NJ,AEA,EN,Towers with Radar,0,1,9,0,10,0,9,188,6,203,0,10,197,6,213,112,0,112,325
01/28/2022,CDW,NJ,AEA,EN,Towers with Radar,0,0,2,0,2,0,1,0,0,1,0,1,2,0,3,0,0,0,3
01/29/2022,CDW,NJ,AEA,EN,Towers with Radar,0,0,0,0,0,0,0,0,0,0,0,0,0,0,0,0,0,0,0
01/30/2022,CDW,NJ,AEA,EN,Towers with Radar,0,2,8,0,10,0,12,52,0,64,0,14,60,0,74,32,0,32,106
01/31/2022,CDW,NJ,AEA,EN,Towers with Radar,0,2,11,0,13,0,8,82,2,92,0,10,93,2,105,58,0,58,163
02/01/2022,CDW,NJ,AEA,EN,Towers with Radar,0,0,13,0,13,0,5,170,6,181,0,5,183,6,194,240,0,240,434
02/02/2022,CDW,NJ,AEA,EN,Towers with Radar,0,0,17,0,17,0,9,74,2,85,0,9,91,2,102,68,0,68,170
02/03/2022,CDW,NJ,AEA,EN,Towers with Radar,0,1,2,0,3,0,0,0,0,0,0,1,2,0,3,0,0,0,3
02/04/2022,CDW,NJ,AEA,EN,Towers with Radar,0,0,1,0,1,0,0,0,0,0,0,0,1,0,1,0,0,0,1
02/05/2022,CDW,NJ,AEA,EN,Towers with Radar,0,0,4,0,4,0,5,35,0,40,0,5,39,0,44,4,0,4,48
02/06/2022,CDW,NJ,AEA,EN,Towers with Radar,0,1,16,0,17,0,10,212,0,222,0,11,228,0,239,166,0,166,405
02/07/2022,CDW,NJ,AEA,EN,Towers with Radar,0,2,4,0,6,0,2,1,0,3,0,4,5,0,9,0,0,0,9
02/08/2022,CDW,NJ,AEA,EN,Towers with Radar,0,0,9,0,9,0,6,207,9,222,0,6,216,9,231,202,6,208,439
02/09/2022,CDW,NJ,AEA,EN,Towers with Radar,0,2,8,0,10,0,13,221,4,238,0,15,229,4,248,144,0,144,392
02/10/2022,CDW,NJ,AEA,EN,Towers with Radar,0,0,11,0,11,0,5,78,5,88,0,5,89,5,99,54,2,56,155
02/11/2022,CDW,NJ,AEA,EN,Towers with Radar,0,4,6,0,10,0,8,213,1,222,0,12,219,1,232,108,0,108,340
02/12/2022,CDW,NJ,AEA,EN,Towers with Radar,0,1,8,0,9,0,8,128,1,137,0,9,136,1,146,42,0,42,188
02/13/2022,CDW,NJ,AEA,EN,Towers with Radar,0,0,4,0,4,0,0,13,0,13,0,0,17,0,17,32,0,32,49
02/14/2022,CDW,NJ,AEA,EN,Towers with Radar,0,0,5,0,5,0,9,30,0,39,0,9,35,0,44,2,0,2,46
02/15/2022,CDW,NJ,AEA,EN,Towers with Radar,0,0,0,0,0,0,7,155,2,164,0,7,155,2,164,132,2,134,298
02/16/2022,CDW,NJ,AEA,EN,Towers with Radar,0,0,6,0,6,0,5,165,4,174,0,5,171,4,180,212,0,212,392
02/17/2022,CDW,NJ,AEA,EN,Towers with Radar,0,0,9,0,9,0,7,47,6,60,0,7,56,6,69,36,8,44,113
02/18/2022,CDW,NJ,AEA,EN,Towers with Radar,0,2,7,0,9,0,10,16,0,26,0,12,23,0,35,0,0,0,35
02/19/2022,CDW,NJ,AEA,EN,Towers with Radar,0,2,6,0,8,0,9,68,1,78,0,11,74,1,86,40,0,40,126
02/20/2022,CDW,NJ,AEA,EN,Towers with Radar,0,4,12,0,16,0,2,262,0,264,0,6,274,0,280,174,0,174,454
02/21/2022,CDW,NJ,AEA,EN,Towers with Radar,0,3,13,0,16,0,11,287,0,298,0,14,300,0,314,234,0,234,548
02/22/2022,CDW,NJ,AEA,EN,Towers with Radar,0,0,6,0,6,0,2,2,0,4,0,2,8,0,10,0,0,0,10
02/23/2022,CDW,NJ,AEA,EN,Towers with Radar,0,1,5,1,7,0,11,122,3,136,0,12,127,4,143,78,0,78,221
02/24/2022,CDW,NJ,AEA,EN,Towers with Radar,0,0,8,0,8,0,16,158,4,178,0,16,166,4,186,162,0,162,348
02/25/2022,CDW,NJ,AEA,EN,Towers with Radar,0,0,4,0,4,0,5,2,0,7,0,5,6,0,11,1,6,7,18
02/26/2022,CDW,NJ,AEA,EN,Towers with Radar,0,1,12,0,13,0,10,245,1,256,0,11,257,1,269,219,0,219,488
02/27/2022,CDW,NJ,AEA,EN,Towers with Radar,0,0,14,0,14,0,4,88,0,92,0,4,102,0,106,28,0,28,134
02/28/2022,CDW,NJ,AEA,EN,Towers with Radar,0,0,8,0,8,0,7,139,2,148,0,7,147,2,156,92,0,92,248
03/01/2022,CDW,NJ,AEA,EN,Towers with Radar,0,0,1,0,1,0,10,143,2,155,0,10,144,2,156,310,0,310,466
03/02/2022,CDW,NJ,AEA,EN,Towers with Radar,0,1,8,0,9,0,9,179,2,190,0,10,187,2,199,122,0,122,321
03/03/2022,CDW,NJ,AEA,EN,Towers with Radar,0,1,3,0,4,0,17,58,1,76,0,18,61,1,80,0,0,0,80
03/04/2022,CDW,NJ,AEA,EN,Towers with Radar,0,6,18,0,24,0,15,265,4,284,0,21,283,4,308,188,0,188,496
03/05/2022,CDW,NJ,AEA,EN,Towers with Radar,0,3,13,0,16,0,11,217,2,230,0,14,230,2,246,166,0,166,412
03/06/2022,CDW,NJ,AEA,EN,Towers with Radar,0,1,13,0,14,0,4,6,0,10,0,5,19,0,24,0,0,0,24
03/07/2022,CDW,NJ,AEA,EN,Towers with Radar,0,0,5,0,5,0,25,50,2,77,0,25,55,2,82,96,0,96,178
03/08/2022,CDW,NJ,AEA,EN,Towers with Radar,0,1,6,0,7,0,13,77,2,92,0,14,83,2,99,132,0,132,231
03/09/2022,CDW,NJ,AEA,EN,Towers with Radar,0,0,2,0,2,0,0,0,0,0,0,0,2,0,2,0,0,0,2
03/10/2022,CDW,NJ,AEA,EN,Towers with Radar,0,4,11,0,15,0,18,197,4,219,0,22,208,4,234,128,0,128,362
03/11/2022,CDW,NJ,AEA,EN,Towers with Radar,0,3,12,0,15,0,7,187,2,196,0,10,199,2,211,254,0,254,465
03/12/2022,CDW,NJ,AEA,EN,Towers with Radar,0,0,1,0,1,0,2,0,0,2,0,2,1,0,3,0,0,0,3
03/13/2022,CDW,NJ,AEA,EN,Towers with Radar,0,1,11,0,12,0,12,59,0,71,0,13,70,0,83,18,0,18,101
03/14/2022,CDW,NJ,AEA,EN,Towers with Radar,0,1,6,0,7,0,18,150,2,170,0,19,156,2,177,214,0,214,391
03/15/2022,CDW,NJ,AEA,EN,Towers with Radar,0,0,4,0,4,0,17,230,5,252,0,17,234,5,256,206,0,206,462
03/16/2022,CDW,NJ,AEA,EN,Towers with Radar,0,1,6,0,7,0,18,210,1,229,0,19,216,1,236,178,0,178,414
03/17/2022,CDW,NJ,AEA,EN,Towers with Radar,0,1,9,0,10,0,0,0,0,0,0,1,9,0,10,0,0,0,10
03/18/2022,CDW,NJ,AEA,EN,Towers with Radar,0,0,10,0,10,0,11,196,5,212,0,11,206,5,222,188,0,188,410
03/19/2022,CDW,NJ,AEA,EN,Towers with Radar,0,0,11,0,11,0,6,18,0,24,0,6,29,0,35,12,0,12,47
03/20/2022,CDW,NJ,AEA,EN,Towers with Radar,0,0,8,0,8,0,16,154,6,176,0,16,162,6,184,142,0,142,326
03/21/2022,CDW,NJ,AEA,EN,Towers with Radar,0,1,10,0,11,0,14,122,0,136,0,15,132,0,147,102,0,102,249
03/22/2022,CDW,NJ,AEA,EN,Towers with Radar,0,0,17,0,17,0,25,167,6,198,0,25,184,6,215,106,0,106,321
03/23/2022,CDW,NJ,AEA,EN,Towers with Radar,0,0,10,0,10,0,8,126,11,145,0,8,136,11,155,232,0,232,387
03/24/2022,CDW,NJ,AEA,EN,Towers with Radar,0,0,9,0,9,0,2,0,0,2,0,2,9,0,11,0,0,0,11
03/25/2022,CDW,NJ,AEA,EN,Towers with Radar,0,1,8,0,9,0,12,185,7,204,0,13,193,7,213,240,16,256,469
03/26/2022,CDW,NJ,AEA,EN,Towers with Radar,0,1,6,0,7,0,8,92,0,100,0,9,98,0,107,22,0,22,129
03/27/2022,CDW,NJ,AEA,EN,Towers with Radar,0,1,9,0,10,0,8,78,0,86,0,9,87,0,96,48,0,48,144
03/28/2022,CDW,NJ,AEA,EN,Towers with Radar,0,1,4,0,5,0,17,22,4,43,0,18,26,4,48,0,8,8,56
03/29/2022,CDW,NJ,AEA,EN,Towers with Radar,0,1,8,0,9,0,13,53,3,69,0,14,61,3,78,12,0,12,90
03/30/2022,CDW,NJ,AEA,EN,Towers with Radar,0,1,8,0,9,0,14,208,6,228,0,15,216,6,237,186,0,186,423
03/31/2022,CDW,NJ,AEA,EN,Towers with Radar,0,1,7,0,8,0,2,11,2,15,0,3,18,2,23,0,0,0,23
04/01/2022,CDW,NJ,AEA,EN,Towers with Radar,0,3,9,0,12,0,12,30,6,48,0,15,39,6,60,28,0,28,88
04/02/2022,CDW,NJ,AEA,EN,Towers with Radar,0,0,17,0,17,0,13,269,2,284,0,13,286,2,301,134,0,134,435
04/03/2022,CDW,NJ,AEA,EN,Towers with Radar,0,1,12,0,13,0,13,15,0,28,0,14,27,0,41,16,0,16,57
04/04/2022,CDW,NJ,AEA,EN,Towers with Radar,0,0,14,0,14,0,21,248,2,271,0,21,262,2,285,194,0,194,479
04/05/2022,CDW,NJ,AEA,EN,Towers with Radar,0,0,13,0,13,0,8,165,2,175,0,8,178,2,188,244,0,244,432
04/06/2022,CDW,NJ,AEA,EN,Towers with Radar,0,0,4,0,4,0,3,0,0,3,0,3,4,0,7,0,0,0,7
04/07/2022,CDW,NJ,AEA,EN,Towers with Radar,0,0,3,0,3,0,0,0,0,0,0,0,3,0,3,0,0,0,3
04/08/2022,CDW,NJ,AEA,EN,Towers with Radar,0,2,10,0,12,0,15,171,3,189,0,17,181,3,201,148,0,148,349
04/09/2022,CDW,NJ,AEA,EN,Towers with Radar,0,0,12,0,12,0,13,87,0,100,0,13,99,0,112,104,0,104,216
04/10/2022,CDW,NJ,AEA,EN,Towers with Radar,0,0,7,0,7,0,10,87,0,97,0,10,94,0,104,28,0,28,132
04/11/2022,CDW,NJ,AEA,EN,Towers with Radar,0,2,8,0,10,0,12,259,2,273,0,14,267,2,283,268,0,268,551
04/12/2022,CDW,NJ,AEA,EN,Towers with Radar,0,0,5,0,5,0,13,135,5,153,0,13,140,5,158,116,12,128,286
04/13/2022,CDW,NJ,AEA,EN,Towers with Radar,0,0,9,0,9,0,24,258,2,284,0,24,267,2,293,244,0,244,537
04/14/2022,CDW,NJ,AEA,EN,Towers with Radar,0,4,7,0,11,0,14,111,3,128,0,18,118,3,139,138,0,138,277
04/15/2022,CDW,NJ,AEA,EN,Towers with Radar,0,2,9,0,11,0,22,186,2,210,0,24,195,2,221,90,0,90,311
04/16/2022,CDW,NJ,AEA,EN,Towers with Radar,0,2,7,0,9,0,10,140,12,162,0,12,147,12,171,140,0,140,311
04/17/2022,CDW,NJ,AEA,EN,Towers with Radar,0,0,8,0,8,0,14,27,0,41,0,14,35,0,49,0,0,0,49
04/18/2022,CDW,NJ,AEA,EN,Towers with Radar,0,4,6,0,10,0,10,127,0,137,0,14,133,0,147,52,0,52,199
04/19/2022,CDW,NJ,AEA,EN,Towers with Radar,0,1,6,0,7,0,13,28,2,43,0,14,34,2,50,0,0,0,50
04/20/2022,CDW,NJ,AEA,EN,Towers with Radar,0,2,3,0,5,0,9,137,4,150,0,11,140,4,155,104,0,104,259
04/21/2022,CDW,NJ,AEA,EN,Towers with Radar,0,1,9,0,10,0,21,212,6,239,0,22,221,6,249,196,0,196,445
04/22/2022,CDW,NJ,AEA,EN,Towers with Radar,0,1,12,0,13,0,13,129,4,146,0,14,141,4,159,68,0,68,227
04/23/2022,CDW,NJ,AEA,EN,Towers with Radar,0,0,8,0,8,0,9,260,4,273,0,9,268,4,281,222,0,222,503
04/24/2022,CDW,NJ,AEA,EN,Towers with Radar,0,1,8,0,9,0,4,215,0,219,0,5,223,0,228,118,0,118,346
04/25/2022,CDW,NJ,AEA,EN,Towers with Radar,0,0,15,0,15,0,16,172,9,197,0,16,187,9,212,212,0,212,424
04/26/2022,CDW,NJ,AEA,EN,Towers with Radar,0,0,13,0,13,0,4,22,0,26,0,4,35,0,39,20,0,20,59
04/27/2022,CDW,NJ,AEA,EN,Towers with Radar,0,2,3,0,5,0,10,28,0,38,0,12,31,0,43,18,0,18,61
04/28/2022,CDW,NJ,AEA,EN,Towers with Radar,0,1,4,0,5,0,13,26,0,39,0,14,30,0,44,8,0,8,52
04/29/2022,CDW,NJ,AEA,EN,Towers with Radar,0,0,3,0,3,0,23,47,0,70,0,23,50,0,73,26,0,26,99
04/30/2022,CDW,NJ,AEA,EN,Towers with Radar,0,0,6,0,6,0,15,237,0,252,0,15,243,0,258,186,0,186,444
05/01/2022,CDW,NJ,AEA,EN,Towers with Radar,0,0,4,0,4,0,12,241,7,260,0,12,245,7,264,214,0,214,478
05/02/2022,CDW,NJ,AEA,EN,Towers with Radar,0,1,14,0,15,0,2,8,0,10,0,3,22,0,25,0,0,0,25
05/03/2022,CDW,NJ,AEA,EN,Towers with Radar,0,4,13,0,17,0,24,133,12,169,0,28,146,12,186,184,0,184,370
05/04/2022,CDW,NJ,AEA,EN,Towers with Radar,0,0,14,0,14,0,5,20,2,27,0,5,34,2,41,72,0,72,113
05/05/2022,CDW,NJ,AEA,EN,Towers with Radar,0,4,11,0,15,0,27,286,11,324,0,31,297,11,339,280,0,280,619
05/06/2022,CDW,NJ,AEA,EN,Towers with Radar,0,1,19,0,20,0,9,32,0,41,0,10,51,0,61,52,0,52,113
05/07/2022,CDW,NJ,AEA,EN,Towers with Radar,0,0,4,0,4,0,2,5,0,7,0,2,9,0,11,0,0,0,11
05/08/2022,CDW,NJ,AEA,EN,Towers with Radar,0,6,5,0,11,0,51,44,0,95,0,57,49,0,106,52,0,52,158
05/09/2022,CDW,NJ,AEA,EN,Towers with Radar,0,0,2,0,2,0,30,67,8,105,0,30,69,8,107,60,0,60,167
05/10/2022,CDW,NJ,AEA,EN,Towers with Radar,0,0,5,0,5,0,9,20,0,29,0,9,25,0,34,0,0,0,34
05/11/2022,CDW,NJ,AEA,EN,Towers with Radar,0,2,6,0,8,0,21,169,5,195,0,23,175,5,203,64,0,64,267
05/12/2022,CDW,NJ,AEA,EN,Towers with Radar,0,2,10,0,12,0,18,87,5,110,0,20,97,5,122,226,0,226,348
05/13/2022,CDW,NJ,AEA,EN,Towers with Radar,0,1,20,0,21,0,15,16,0,31,0,16,36,0,52,58,0,58,110
05/14/2022,CDW,NJ,AEA,EN,Towers with Radar,0,0,17,0,17,0,1,7,0,8,0,1,24,0,25,10,0,10,35
05/15/2022,CDW,NJ,AEA,EN,Towers with Radar,0,4,23,0,27,0,24,130,0,154,0,28,153,0,181,272,0,272,453
05/16/2022,CDW,NJ,AEA,EN,Towers with Radar,0,2,1,0,3,0,15,57,2,74,0,17,58,2,77,158,0,158,235
05/17/2022,CDW,NJ,AEA,EN,Towers with Radar,0,2,15,0,17,0,10,98,8,116,0,12,113,8,133,102,4,106,239
05/18/2022,CDW,NJ,AEA,EN,Towers with Radar,0,0,7,0,7,0,28,252,6,286,0,28,259,6,293,226,0,226,519
05/19/2022,CDW,NJ,AEA,EN,Towers with Radar,0,0,5,0,5,0,10,56,1,67,0,10,61,1,72,144,0,144,216
05/20/2022,CDW,NJ,AEA,EN,Towers with Radar,0,1,25,0,26,0,12,94,3,109,0,13,119,3,135,166,0,166,301
05/21/2022,CDW,NJ,AEA,EN,Towers with Radar,0,0,18,0,18,0,10,210,1,221,0,10,228,1,239,204,0,204,443
05/22/2022,CDW,NJ,AEA,EN,Towers with Radar,0,2,11,0,13,0,18,211,9,238,0,20,222,9,251,180,0,180,431
05/23/2022,CDW,NJ,AEA,EN,Towers with Radar,0,1,8,0,9,0,15,137,3,155,0,16,145,3,164,42,0,42,206
05/24/2022,CDW,NJ,AEA,EN,Towers with Radar,0,0,9,0,9,0,16,272,4,292,0,16,281,4,301,310,0,310,611
05/25/2022,CDW,NJ,AEA,EN,Towers with Radar,0,3,8,0,11,0,11,225,3,239,0,14,233,3,250,232,0,232,482
05/26/2022,CDW,NJ,AEA,EN,Towers with Radar,0,12,16,0,28,0,18,171,3,192,0,30,187,3,220,342,0,342,562
05/27/2022,CDW,NJ,AEA,EN,Towers with Radar,0,4,26,0,30,0,26,40,3,69,0,30,66,3,99,26,0,26,125
05/28/2022,CDW,NJ,AEA,EN,Towers with Radar,0,2,12,0,14,0,16,53,3,72,0,18,65,3,86,118,0,118,204
05/29/2022,CDW,NJ,AEA,EN,Towers with Radar,0,1,10,0,11,0,19,233,0,252,0,20,243,0,263,218,0,218,481
05/30/2022,CDW,NJ,AEA,EN,Towers with Radar,0,2,10,0,12,0,43,233,0,276,0,45,243,0,288,190,0,190,478
05/31/2022,CDW,NJ,AEA,EN,Towers with Radar,0,4,7,0,11,0,19,187,3,209,0,23,194,3,220,210,0,210,430
06/01/2022,CDW,NJ,AEA,EN,Towers with Radar,0,2,9,0,11,0,10,88,5,103,0,12,97,5,114,240,0,240,354
06/02/2022,CDW,NJ,AEA,EN,Towers with Radar,0,6,15,0,21,0,12,37,5,54,0,18,52,5,75,182,24,206,281
06/03/2022,CDW,NJ,AEA,EN,Towers with Radar,0,0,16,0,16,0,15,203,4,222,0,15,219,4,238,234,0,234,472
06/04/2022,CDW,NJ,AEA,EN,Towers with Radar,0,0,3,0,3,0,10,112,0,122,0,10,115,0,125,102,0,102,227
06/05/2022,CDW,NJ,AEA,EN,Towers with Radar,0,2,14,0,16,0,7,323,0,330,0,9,337,0,346,210,0,210,556
06/06/2022,CDW,NJ,AEA,EN,Towers with Radar,0,1,4,0,5,0,13,249,6,268,0,14,253,6,273,222,0,222,495
06/07/2022,CDW,NJ,AEA,EN,Towers with Radar,0,3,8,0,11,0,7,101,10,118,0,10,109,10,129,72,14,86,215
06/08/2022,CDW,NJ,AEA,EN,Towers with Radar,0,0,10,0,10,0,16,239,13,268,0,16,249,13,278,300,0,300,578
06/09/2022,CDW,NJ,AEA,EN,Towers with Radar,0,0,9,0,9,0,14,37,3,54,0,14,46,3,63,8,0,8,71
06/10/2022,CDW,NJ,AEA,EN,Towers with Radar,0,0,9,0,9,0,18,227,14,259,0,18,236,14,268,210,0,210,478
06/11/2022,CDW,NJ,AEA,EN,Towers with Radar,0,1,10,0,11,0,13,318,0,331,0,14,328,0,342,296,0,296,638
06/12/2022,CDW,NJ,AEA,EN,Towers with Radar,0,0,14,0,14,0,19,41,0,60,0,19,55,0,74,44,0,44,118
06/13/2022,CDW,NJ,AEA,EN,Towers with Radar,0,6,26,0,32,0,21,202,3,226,0,27,228,3,258,212,4,216,474
06/14/2022,CDW,NJ,AEA,EN,Towers with Radar,0,1,12,0,13,0,12,242,1,255,0,13,254,1,268,236,0,236,504
06/15/2022,CDW,NJ,AEA,EN,Towers with Radar,0,0,8,0,8,0,14,262,6,282,0,14,270,6,290,144,0,144,434
06/16/2022,CDW,NJ,AEA,EN,Towers with Radar,0,4,17,0,21,0,14,60,5,79,0,18,77,5,100,208,4,212,312
06/17/2022,CDW,NJ,AEA,EN,Towers with Radar,0,4,14,0,18,0,23,57,2,82,0,27,71,2,100,70,0,70,170
06/18/2022,CDW,NJ,AEA,EN,Towers with Radar,0,1,8,0,9,0,14,28,0,42,0,15,36,0,51,0,0,0,51
06/19/2022,CDW,NJ,AEA,EN,Towers with Radar,0,3,5,0,8,0,6,62,0,68,0,9,67,0,76,0,0,0,76
06/20/2022,CDW,NJ,AEA,EN,Towers with Radar,0,1,14,0,15,0,20,320,1,341,0,21,334,1,356,216,0,216,572
06/21/2022,CDW,NJ,AEA,EN,Towers with Radar,0,0,16,0,16,0,23,266,17,306,0,23,282,17,322,272,2,274,596
06/22/2022,CDW,NJ,AEA,EN,Towers with Radar,0,5,6,0,11,0,11,9,4,24,0,16,15,4,35,10,0,10,45
06/23/2022,CDW,NJ,AEA,EN,Towers with Radar,0,3,16,0,19,0,24,122,6,152,0,27,138,6,171,107,0,107,278
06/24/2022,CDW,NJ,AEA,EN,Towers with Radar,0,3,17,0,20,0,27,244,0,271,0,30,261,0,291,256,0,256,547
06/25/2022,CDW,NJ,AEA,EN,Towers with Radar,0,1,6,0,7,0,46,272,0,318,0,47,278,0,325,170,0,170,495
06/26/2022,CDW,NJ,AEA,EN,Towers with Radar,0,0,7,0,7,0,30,226,7,263,0,30,233,7,270,106,0,106,376
06/27/2022,CDW,NJ,AEA,EN,Towers with Radar,0,4,2,0,6,0,15,42,1,58,0,19,44,1,64,74,0,74,138
06/28/2022,CDW,NJ,AEA,EN,Towers with Radar,0,1,4,0,5,0,27,261,5,293,0,28,265,5,298,208,10,218,516
06/29/2022,CDW,NJ,AEA,EN,Towers with Radar,0,2,5,0,7,0,18,219,5,242,0,20,224,5,249,256,0,256,505
06/30/2022,CDW,NJ,AEA,EN,Towers with Radar,0,1,4,0,5,0,24,238,3,265,0,25,242,3,270,216,8,224,494
07/01/2022,CDW,NJ,AEA,EN,Towers with Radar,0,3,8,0,11,0,15,170,2,187,0,18,178,2,198,132,0,132,330
07/02/2022,CDW,NJ,AEA,EN,Towers with Radar,0,0,5,0,5,0,12,53,0,65,0,12,58,0,70,104,0,104,174
07/03/2022,CDW,NJ,AEA,EN,Towers with Radar,0,0,6,0,6,0,12,199,0,211,0,12,205,0,217,142,0,142,359
07/04/2022,CDW,NJ,AEA,EN,Towers with Radar,0,1,12,0,13,0,21,209,0,230,0,22,221,0,243,166,0,166,409
07/05/2022,CDW,NJ,AEA,EN,Towers with Radar,0,5,6,0,11,0,17,138,2,157,0,22,144,2,168,350,0,350,518
07/06/2022,CDW,NJ,AEA,EN,Towers with Radar,0,5,6,0,11,0,11,270,12,293,0,16,276,12,304,232,0,232,536
07/07/2022,CDW,NJ,AEA,EN,Towers with Radar,0,1,11,0,12,0,23,215,5,243,0,24,226,5,255,294,0,294,549
07/08/2022,CDW,NJ,AEA,EN,Towers with Radar,0,1,9,0,10,0,21,151,1,173,0,22,160,1,183,216,0,216,399
07/09/2022,CDW,NJ,AEA,EN,Towers with Radar,0,0,11,0,11,0,20,281,0,301,0,20,292,0,312,266,0,266,578
07/10/2022,CDW,NJ,AEA,EN,Towers with Radar,0,1,13,0,14,0,16,319,0,335,0,17,332,0,349,246,0,246,595
07/11/2022,CDW,NJ,AEA,EN,Towers with Radar,0,2,6,0,8,0,39,252,2,293,0,41,258,2,301,290,0,290,591
07/12/2022,CDW,NJ,AEA,EN,Towers with Radar,0,0,4,0,4,0,16,79,4,99,0,16,83,4,103,96,0,96,199
07/13/2022,CDW,NJ,AEA,EN,Towers with Radar,0,2,7,0,9,0,16,289,3,308,0,18,296,3,317,324,0,324,641
07/14/2022,CDW,NJ,AEA,EN,Towers with Radar,0,4,11,0,15,0,11,236,0,247,0,15,247,0,262,226,0,226,488
07/15/2022,CDW,NJ,AEA,EN,Towers with Radar,0,1,10,0,11,0,24,260,12,296,0,25,270,12,307,358,0,358,665
07/16/2022,CDW,NJ,AEA,EN,Towers with Radar,0,3,14,0,17,0,9,209,5,223,0,12,223,5,240,222,0,222,462
07/17/2022,CDW,NJ,AEA,EN,Towers with Radar,0,4,25,0,29,0,17,200,0,217,0,21,225,0,246,208,0,208,454
07/18/2022,CDW,NJ,AEA,EN,Towers with Radar,0,0,12,0,12,0,6,6,0,12,0,6,18,0,24,0,0,0,24
07/19/2022,CDW,NJ,AEA,EN,Towers with Radar,0,2,12,0,14,0,10,257,8,275,0,12,269,8,289,228,0,228,517
07/20/2022,CDW,NJ,AEA,EN,Towers with Radar,0,2,12,0,14,0,10,283,9,302,0,12,295,9,316,212,4,216,532
07/21/2022,CDW,NJ,AEA,EN,Towers with Radar,0,7,11,0,18,0,20,145,5,170,0,27,156,5,188,122,0,122,310
07/22/2022,CDW,NJ,AEA,EN,Towers with Radar,0,3,12,0,15,0,21,214,9,244,0,24,226,9,259,150,0,150,409
07/23/2022,CDW,NJ,AEA,EN,Towers with Radar,0,2,15,0,17,0,12,249,3,264,0,14,264,3,281,252,0,252,533
07/24/2022,CDW,NJ,AEA,EN,Towers with Radar,0,0,20,0,20,0,11,147,0,158,0,11,167,0,178,38,0,38,216
07/25/2022,CDW,NJ,AEA,EN,Towers with Radar,0,4,6,0,10,0,10,54,8,72,0,14,60,8,82,36,0,36,118
07/26/2022,CDW,NJ,AEA,EN,Towers with Radar,0,3,6,0,9,0,8,252,23,283,0,11,258,23,292,256,0,256,548
07/27/2022,CDW,NJ,AEA,EN,Towers with Radar,0,1,16,0,17,0,16,221,6,243,0,17,237,6,260,304,0,304,564
07/28/2022,CDW,NJ,AEA,EN,Towers with Radar,0,6,26,0,32,0,21,127,4,152,0,27,153,4,184,204,0,204,388
07/29/2022,CDW,NJ,AEA,EN,Towers with Radar,0,2,12,0,14,0,14,212,3,229,0,16,224,3,243,308,0,308,551
07/30/2022,CDW,NJ,AEA,EN,Towers with Radar,0,1,10,0,11,0,19,240,0,259,0,20,250,0,270,106,0,106,376
07/31/2022,CDW,NJ,AEA,EN,Towers with Radar,0,9,20,0,29,0,24,279,1,304,0,33,299,1,333,168,0,168,501
08/01/2022,CDW,NJ,AEA,EN,Towers with Radar,0,2,30,0,32,0,20,73,0,93,0,22,103,0,125,190,0,190,315
08/02/2022,CDW,NJ,AEA,EN,Towers with Radar,0,2,10,0,12,0,21,213,7,241,0,23,223,7,253,402,16,418,671
08/03/2022,CDW,NJ,AEA,EN,Towers with Radar,0,0,16,0,16,0,38,285,2,325,0,38,301,2,341,220,0,220,561
08/04/2022,CDW,NJ,AEA,EN,Towers with Radar,0,7,9,0,16,0,10,186,6,202,0,17,195,6,218,160,0,160,378
08/05/2022,CDW,NJ,AEA,EN,Towers with Radar,0,3,8,0,11,0,28,162,2,192,0,31,170,2,203,220,0,220,423
08/06/2022,CDW,NJ,AEA,EN,Towers with Radar,0,2,10,0,12,0,15,197,2,214,0,17,207,2,226,154,0,154,380
08/07/2022,CDW,NJ,AEA,EN,Towers with Radar,0,3,12,0,15,0,22,145,1,168,0,25,157,1,183,134,0,134,317
08/08/2022,CDW,NJ,AEA,EN,Towers with Radar,0,1,11,0,12,0,27,181,2,210,0,28,192,2,222,248,0,248,470
08/09/2022,CDW,NJ,AEA,EN,Towers with Radar,0,2,4,0,6,0,22,228,5,255,0,24,232,5,261,136,0,136,397
08/10/2022,CDW,NJ,AEA,EN,Towers with Radar,0,2,12,0,14,0,33,275,4,312,0,35,287,4,326,226,0,226,552
08/11/2022,CDW,NJ,AEA,EN,Towers with Radar,0,5,16,0,21,0,36,232,0,268,0,41,248,0,289,264,0,264,553
08/12/2022,CDW,NJ,AEA,EN,Towers with Radar,0,1,22,0,23,0,21,264,0,285,0,22,286,0,308,124,0,124,432
08/13/2022,CDW,NJ,AEA,EN,Towers with Radar,0,3,18,0,21,0,28,259,8,295,0,31,277,8,316,174,0,174,490
08/14/2022,CDW,NJ,AEA,EN,Towers with Radar,0,4,17,0,21,0,21,280,0,301,0,25,297,0,322,118,0,118,440
08/15/2022,CDW,NJ,AEA,EN,Towers with Radar,0,4,26,0,30,0,28,268,2,298,0,32,294,2,328,188,0,188,516
08/16/2022,CDW,NJ,AEA,EN,Towers with Radar,0,1,15,0,16,0,23,212,0,235,0,24,227,0,251,158,0,158,409
08/17/2022,CDW,NJ,AEA,EN,Towers with Radar,0,0,17,0,17,0,23,172,4,199,0,23,189,4,216,326,0,326,542
08/18/2022,CDW,NJ,AEA,EN,Towers with Radar,0,5,13,0,18,0,20,233,3,256,0,25,246,3,274,239,0,239,513
08/19/2022,CDW,NJ,AEA,EN,Towers with Radar,0,5,7,0,12,0,20,226,2,248,0,25,233,2,260,166,0,166,426
08/20/2022,CDW,NJ,AEA,EN,Towers with Radar,0,5,13,0,18,0,16,198,0,214,0,21,211,0,232,156,0,156,388
08/21/2022,CDW,NJ,AEA,EN,Towers with Radar,0,2,27,0,29,0,20,196,0,216,0,22,223,0,245,182,0,182,427
08/22/2022,CDW,NJ,AEA,EN,Towers with Radar,0,5,6,0,11,0,8,9,0,17,0,13,15,0,28,0,0,0,28
08/23/2022,CDW,NJ,AEA,EN,Towers with Radar,0,3,15,0,18,0,21,85,8,114,0,24,100,8,132,160,0,160,292
08/24/2022,CDW,NJ,AEA,EN,Towers with Radar,0,3,9,0,12,0,24,226,2,252,0,27,235,2,264,260,0,260,524
08/25/2022,CDW,NJ,AEA,EN,Towers with Radar,0,5,5,0,10,0,19,268,3,290,0,24,273,3,300,212,0,212,512
08/26/2022,CDW,NJ,AEA,EN,Towers with Radar,0,1,9,0,10,0,21,137,0,158,0,22,146,0,168,246,0,246,414
08/27/2022,CDW,NJ,AEA,EN,Towers with Radar,0,3,21,0,24,0,14,279,7,300,0,17,300,7,324,170,0,170,494
08/28/2022,CDW,NJ,AEA,EN,Towers with Radar,0,4,33,0,37,0,16,125,3,144,0,20,158,3,181,188,0,188,369
08/29/2022,CDW,NJ,AEA,EN,Towers with Radar,0,3,10,0,13,0,28,113,2,143,0,31,123,2,156,156,0,156,312
08/30/2022,CDW,NJ,AEA,EN,Towers with Radar,0,2,18,0,20,0,31,124,0,155,0,33,142,0,175,194,0,194,369
08/31/2022,CDW,NJ,AEA,EN,Towers with Radar,0,0,8,0,8,0,20,191,4,215,0,20,199,4,223,98,0,98,321
09/01/2022,CDW,NJ,AEA,EN,Towers with Radar,0,2,10,0,12,0,15,235,4,254,0,17,245,4,266,148,0,148,414
09/02/2022,CDW,NJ,AEA,EN,Towers with Radar,0,0,11,0,11,0,19,266,1,286,0,19,277,1,297,290,0,290,587
09/03/2022,CDW,NJ,AEA,EN,Towers with Radar,0,2,9,0,11,0,9,231,0,240,0,11,240,0,251,326,0,326,577
09/04/2022,CDW,NJ,AEA,EN,Towers with Radar,0,3,2,0,5,0,17,150,2,169,0,20,152,2,174,182,0,182,356
09/05/2022,CDW,NJ,AEA,EN,Towers with Radar,0,1,17,0,18,0,15,99,0,114,0,16,116,0,132,204,0,204,336
09/06/2022,CDW,NJ,AEA,EN,Towers with Radar,0,5,25,0,30,0,1,2,0,3,0,6,27,0,33,0,0,0,33
09/07/2022,CDW,NJ,AEA,EN,Towers with Radar,0,5,11,0,16,0,25,49,3,77,0,30,60,3,93,60,0,60,153
09/08/2022,CDW,NJ,AEA,EN,Towers with Radar,0,0,12,0,12,0,20,314,8,342,0,20,326,8,354,330,0,330,684
09/09/2022,CDW,NJ,AEA,EN,Towers with Radar,0,6,15,0,21,0,17,168,6,191,0,23,183,6,212,116,0,116,328
09/10/2022,CDW,NJ,AEA,EN,Towers with Radar,0,2,6,0,8,0,13,309,2,324,0,15,315,2,332,240,0,240,572
09/11/2022,CDW,NJ,AEA,EN,Towers with Radar,0,0,27,0,27,0,15,64,0,79,0,15,91,0,106,38,0,38,144
09/12/2022,CDW,NJ,AEA,EN,Towers with Radar,0,5,12,0,17,0,12,60,0,72,0,17,72,0,89,216,8,224,313
09/13/2022,CDW,NJ,AEA,EN,Towers with Radar,0,1,16,0,17,0,14,97,4,115,0,15,113,4,132,132,0,132,264
09/14/2022,CDW,NJ,AEA,EN,Towers with Radar,0,5,5,0,10,0,17,264,1,282,0,22,269,1,292,214,0,214,506
09/15/2022,CDW,NJ,AEA,EN,Towers with Radar,0,4,8,0,12,0,20,194,4,218,0,24,202,4,230,242,0,242,472
09/16/2022,CDW,NJ,AEA,EN,Towers with Radar,0,3,21,1,25,0,14,263,11,288,0,17,284,12,313,262,0,262,575
09/17/2022,CDW,NJ,AEA,EN,Towers with Radar,0,1,8,0,9,0,8,292,1,301,0,9,300,1,310,288,0,288,598
09/18/2022,CDW,NJ,AEA,EN,Towers with Radar,0,3,15,0,18,0,13,251,2,266,0,16,266,2,284,142,0,142,426
09/19/2022,CDW,NJ,AEA,EN,Towers with Radar,0,4,16,0,20,0,14,137,2,153,0,18,153,2,173,146,2,148,321
09/20/2022,CDW,NJ,AEA,EN,Towers with Radar,0,0,8,0,8,0,11,175,3,189,0,11,183,3,197,136,0,136,333
09/21/2022,CDW,NJ,AEA,EN,Towers with Radar,0,2,18,0,20,0,2,89,2,93,0,4,107,2,113,0,0,0,113
09/22/2022,CDW,NJ,AEA,EN,Towers with Radar,0,3,9,0,12,0,0,8,0,8,0,3,17,0,20,0,0,0,20
09/23/2022,CDW,NJ,AEA,EN,Towers with Radar,0,3,7,0,10,0,18,27,0,45,0,21,34,0,55,2,0,2,57
09/24/2022,CDW,NJ,AEA,EN,Towers with Radar,0,0,8,0,8,0,14,273,3,290,0,14,281,3,298,208,0,208,506
09/25/2022,CDW,NJ,AEA,EN,Towers with Radar,0,1,12,0,13,0,12,209,2,223,0,13,221,2,236,152,0,152,388
09/26/2022,CDW,NJ,AEA,EN,Towers with Radar,0,1,5,0,6,0,13,162,9,184,0,14,167,9,190,186,14,200,390
09/27/2022,CDW,NJ,AEA,EN,Towers with Radar,0,0,13,0,13,0,19,179,6,204,0,19,192,6,217,182,0,182,399
09/28/2022,CDW,NJ,AEA,EN,Towers with Radar,0,2,16,0,18,0,30,241,4,275,0,32,257,4,293,188,0,188,481
09/29/2022,CDW,NJ,AEA,EN,Towers with Radar,0,1,4,0,5,0,16,221,11,248,0,17,225,11,253,258,22,280,533
09/30/2022,CDW,NJ,AEA,EN,Towers with Radar,0,1,19,0,20,0,20,364,7,391,0,21,383,7,411,382,0,382,793
10/01/2022,CDW,NJ,AEA,EN,Towers with Radar,0,3,9,0,12,0,22,1,0,23,0,25,10,0,35,0,0,0,35
10/02/2022,CDW,NJ,AEA,EN,Towers with Radar,0,5,13,0,18,0,0,4,0,4,0,5,17,0,22,0,0,0,22
10/03/2022,CDW,NJ,AEA,EN,Towers with Radar,0,2,11,0,13,0,25,36,5,66,0,27,47,5,79,40,0,40,119
10/04/2022,CDW,NJ,AEA,EN,Towers with Radar,0,4,10,0,14,0,2,0,0,2,0,6,10,0,16,0,0,0,16
10/05/2022,CDW,NJ,AEA,EN,Towers with Radar,0,2,13,0,15,0,25,5,0,30,0,27,18,0,45,0,0,0,45
10/06/2022,CDW,NJ,AEA,EN,Towers with Radar,0,5,14,0,19,0,13,293,4,310,0,18,307,4,329,204,0,204,533
10/07/2022,CDW,NJ,AEA,EN,Towers with Radar,0,1,26,0,27,0,13,257,2,272,0,14,283,2,299,210,0,210,509
10/08/2022,CDW,NJ,AEA,EN,Towers with Radar,0,2,14,0,16,0,8,289,2,299,0,10,303,2,315,232,0,232,547
10/09/2022,CDW,NJ,AEA,EN,Towers with Radar,0,4,12,0,16,0,14,271,8,293,0,18,283,8,309,174,0,174,483
10/10/2022,CDW,NJ,AEA,EN,Towers with Radar,0,2,15,0,17,0,18,261,2,281,0,20,276,2,298,428,0,428,726
10/11/2022,CDW,NJ,AEA,EN,Towers with Radar,0,1,12,0,13,0,15,267,4,286,0,16,279,4,299,320,0,320,619
10/12/2022,CDW,NJ,AEA,EN,Towers with Radar,0,1,7,0,8,0,12,214,6,232,0,13,221,6,240,372,0,372,612
10/13/2022,CDW,NJ,AEA,EN,Towers with Radar,0,0,9,0,9,0,7,7,0,14,0,7,16,0,23,30,0,30,53
10/14/2022,CDW,NJ,AEA,EN,Towers with Radar,0,2,23,0,25,0,13,235,4,252,0,15,258,4,277,298,0,298,575
10/15/2022,CDW,NJ,AEA,EN,Towers with Radar,0,0,12,0,12,0,13,288,7,308,0,13,300,7,320,196,0,196,516
10/16/2022,CDW,NJ,AEA,EN,Towers with Radar,0,1,11,0,12,0,13,320,0,333,0,14,331,0,345,114,0,114,459
10/17/2022,CDW,NJ,AEA,EN,Towers with Radar,0,1,9,0,10,0,12,36,4,52,0,13,45,4,62,118,0,118,180
10/18/2022,CDW,NJ,AEA,EN,Towers with Radar,0,0,2,0,2,0,15,224,6,245,0,15,226,6,247,251,0,251,498
10/19/2022,CDW,NJ,AEA,EN,Towers with Radar,0,5,13,0,18,0,9,169,5,183,0,14,182,5,201,202,0,202,403
10/20/2022,CDW,NJ,AEA,EN,Towers with Radar,0,1,14,0,15,0,11,175,2,188,0,12,189,2,203,148,0,148,351
10/21/2022,CDW,NJ,AEA,EN,Towers with Radar,0,1,17,0,18,0,16,309,6,331,0,17,326,6,349,344,0,344,693
10/22/2022,CDW,NJ,AEA,EN,Towers with Radar,0,2,18,0,20,0,8,320,7,335,0,10,338,7,355,274,0,274,629
10/23/2022,CDW,NJ,AEA,EN,Towers with Radar,0,0,13,0,13,0,21,174,0,195,0,21,187,0,208,144,0,144,352
10/24/2022,CDW,NJ,AEA,EN,Towers with Radar,0,7,15,0,22,0,0,0,0,0,0,7,15,0,22,0,0,0,22
10/25/2022,CDW,NJ,AEA,EN,Towers with Radar,0,1,7,0,8,0,0,0,0,0,0,1,7,0,8,0,0,0,8
10/26/2022,CDW,NJ,AEA,EN,Towers with Radar,0,4,10,0,14,0,12,14,1,27,0,16,24,1,41,26,0,26,67
10/27/2022,CDW,NJ,AEA,EN,Towers with Radar,0,0,6,0,6,0,12,190,5,207,0,12,196,5,213,126,0,126,339
10/28/2022,CDW,NJ,AEA,EN,Towers with Radar,0,2,16,0,18,0,19,268,1,288,0,21,284,1,306,228,0,228,534
10/29/2022,CDW,NJ,AEA,EN,Towers with Radar,0,0,14,0,14,0,10,309,2,321,0,10,323,2,335,194,0,194,529
10/30/2022,CDW,NJ,AEA,EN,Towers with Radar,0,0,12,0,12,0,7,323,1,331,0,7,335,1,343,104,0,104,447
10/31/2022,CDW,NJ,AEA,EN,Towers with Radar,0,1,15,0,16,0,14,65,3,82,0,15,80,3,98,36,0,36,134
11/01/2022,CDW,NJ,AEA,EN,Towers with Radar,0,1,13,0,14,0,25,55,0,80,0,26,68,0,94,108,0,108,202
11/02/2022,CDW,NJ,AEA,EN,Towers with Radar,0,2,6,0,8,0,12,291,2,305,0,14,297,2,313,256,0,256,569
11/03/2022,CDW,NJ,AEA,EN,Towers with Radar,0,0,10,0,10,0,10,288,7,305,0,10,298,7,315,154,0,154,469
11/04/2022,CDW,NJ,AEA,EN,Towers with Radar,0,1,12,0,13,0,17,328,3,348,0,18,340,3,361,230,0,230,591
11/05/2022,CDW,NJ,AEA,EN,Towers with Radar,0,0,16,0,16,0,11,179,1,191,0,11,195,1,207,204,0,204,411
11/06/2022,CDW,NJ,AEA,EN,Towers with Radar,0,3,32,0,35,0,8,84,2,94,0,11,116,2,129,82,0,82,211
11/07/2022,CDW,NJ,AEA,EN,Towers with Radar,0,0,12,0,12,0,15,132,4,151,0,15,144,4,163,132,8,140,303
11/08/2022,CDW,NJ,AEA,EN,Towers with Radar,0,3,9,0,12,0,12,219,2,233,0,15,228,2,245,134,0,134,379
11/09/2022,CDW,NJ,AEA,EN,Towers with Radar,0,0,6,0,6,0,21,245,9,275,0,21,251,9,281,260,0,260,541
11/10/2022,CDW,NJ,AEA,EN,Towers with Radar,0,1,12,0,13,0,19,316,4,339,0,20,328,4,352,236,0,236,588
11/11/2022,CDW,NJ,AEA,EN,Towers with Radar,0,2,12,0,14,0,8,34,1,43,0,10,46,1,57,82,0,82,139
11/12/2022,CDW,NJ,AEA,EN,Towers with Radar,0,2,3,0,5,0,22,73,2,97,0,24,76,2,102,18,0,18,120
11/13/2022,CDW,NJ,AEA,EN,Towers with Radar,0,0,17,0,17,0,13,97,6,116,0,13,114,6,133,50,0,50,183
11/14/2022,CDW,NJ,AEA,EN,Towers with Radar,0,3,12,0,15,0,14,192,12,218,0,17,204,12,233,224,12,236,469
11/15/2022,CDW,NJ,AEA,EN,Towers with Radar,0,2,6,0,8,0,10,223,12,245,0,12,229,12,253,298,8,306,559
11/16/2022,CDW,NJ,AEA,EN,Towers with Radar,0,1,8,0,9,0,19,79,10,108,0,20,87,10,117,36,12,48,165
11/17/2022,CDW,NJ,AEA,EN,Towers with Radar,0,1,9,0,10,0,15,114,6,135,0,16,123,6,145,86,10,96,241
11/18/2022,CDW,NJ,AEA,EN,Towers with Radar,0,0,9,0,9,0,15,130,6,151,0,15,139,6,160,182,0,182,342
11/19/2022,CDW,NJ,AEA,EN,Towers with Radar,0,3,8,0,11,0,15,286,0,301,0,18,294,0,312,150,0,150,462
11/20/2022,CDW,NJ,AEA,EN,Towers with Radar,0,0,4,0,4,0,5,23,2,30,0,5,27,2,34,16,0,16,50
11/21/2022,CDW,NJ,AEA,EN,Towers with Radar,0,0,7,0,7,0,30,194,7,231,0,30,201,7,238,226,0,226,464
11/22/2022,CDW,NJ,AEA,EN,Towers with Radar,0,1,14,0,15,0,21,315,6,342,0,22,329,6,357,288,0,288,645
11/23/2022,CDW,NJ,AEA,EN,Towers with Radar,0,2,17,0,19,0,25,268,5,298,0,27,285,5,317,224,0,224,541
11/24/2022,CDW,NJ,AEA,EN,Towers with Radar,0,0,5,0,5,0,7,140,1,148,0,7,145,1,153,54,0,54,207
11/25/2022,CDW,NJ,AEA,EN,Towers with Radar,0,2,8,0,10,0,8,19,0,27,0,10,27,0,37,0,0,0,37
11/26/2022,CDW,NJ,AEA,EN,Towers with Radar,0,6,22,0,28,0,10,247,0,257,0,16,269,0,285,100,0,100,385
11/27/2022,CDW,NJ,AEA,EN,Towers with Radar,0,1,19,0,20,0,7,83,0,90,0,8,102,0,110,54,0,54,164
11/28/2022,CDW,NJ,AEA,EN,Towers with Radar,0,1,10,0,11,0,12,27,3,42,0,13,37,3,53,0,0,0,53
11/29/2022,CDW,NJ,AEA,EN,Towers with Radar,0,2,10,0,12,0,14,227,7,248,0,16,237,7,260,258,0,258,518
11/30/2022,CDW,NJ,AEA,EN,Towers with Radar,0,2,3,0,5,0,3,4,0,7,0,5,7,0,12,0,0,0,12
12/01/2022,CDW,NJ,AEA,EN,Towers with Radar,0,3,9,0,12,0,8,106,5,119,0,11,115,5,131,46,0,46,177
12/02/2022,CDW,NJ,AEA,EN,Towers with Radar,0,2,6,0,8,0,13,290,7,310,0,15,296,7,318,260,0,260,578
12/03/2022,CDW,NJ,AEA,EN,Towers with Radar,0,0,4,0,4,0,4,2,0,6,0,4,6,0,10,0,0,0,10
12/04/2022,CDW,NJ,AEA,EN,Towers with Radar,0,4,9,0,13,0,7,250,4,261,0,11,259,4,274,116,0,116,390
12/05/2022,CDW,NJ,AEA,EN,Towers with Radar,0,1,6,0,7,0,14,216,6,236,0,15,222,6,243,264,0,264,507
12/06/2022,CDW,NJ,AEA,EN,Towers with Radar,0,0,8,0,8,0,3,17,0,20,0,3,25,0,28,0,0,0,28
12/07/2022,CDW,NJ,AEA,EN,Towers with Radar,0,0,8,0,8,0,5,0,0,5,0,5,8,0,13,0,0,0,13
12/08/2022,CDW,NJ,AEA,EN,Towers with Radar,0,0,6,0,6,0,12,190,2,204,0,12,196,2,210,200,0,200,410
12/09/2022,CDW,NJ,AEA,EN,Towers with Radar,0,1,10,0,11,0,15,256,3,274,0,16,266,3,285,174,0,174,459
12/10/2022,CDW,NJ,AEA,EN,Towers with Radar,0,0,9,0,9,0,8,231,0,239,0,8,240,0,248,150,0,150,398
12/11/2022,CDW,NJ,AEA,EN,Towers with Radar,0,3,6,0,9,0,2,8,0,10,0,5,14,0,19,0,0,0,19
12/12/2022,CDW,NJ,AEA,EN,Towers with Radar,0,1,15,0,16,0,8,88,0,96,0,9,103,0,112,320,0,320,432
12/13/2022,CDW,NJ,AEA,EN,Towers with Radar,0,2,7,0,9,0,12,244,5,261,0,14,251,5,270,208,0,208,478
12/14/2022,CDW,NJ,AEA,EN,Towers with Radar,0,1,4,0,5,0,8,181,1,190,0,9,185,1,195,142,0,142,337
12/15/2022,CDW,NJ,AEA,EN,Towers with Radar,0,0,4,0,4,0,9,76,0,85,0,9,80,0,89,164,0,164,253
12/16/2022,CDW,NJ,AEA,EN,Towers with Radar,0,0,3,0,3,0,0,0,0,0,0,0,3,0,3,0,0,0,3
12/17/2022,CDW,NJ,AEA,EN,Towers with Radar,0,1,17,0,18,0,9,244,8,261,0,10,261,8,279,110,0,110,389
12/18/2022,CDW,NJ,AEA,EN,Towers with Radar,0,3,7,0,10,0,14,227,1,242,0,17,234,1,252,120,0,120,372
12/19/2022,CDW,NJ,AEA,EN,Towers with Radar,0,7,9,0,16,0,9,179,4,192,0,16,188,4,208,140,0,140,348
12/20/2022,CDW,NJ,AEA,EN,Towers with Radar,1,0,5,0,6,0,8,267,3,278,1,8,272,3,284,134,0,134,418
12/21/2022,CDW,NJ,AEA,EN,Towers with Radar,0,2,13,0,15,0,11,318,2,331,0,13,331,2,346,202,0,202,548
12/22/2022,CDW,NJ,AEA,EN,Towers with Radar,0,2,10,0,12,0,7,64,5,76,0,9,74,5,88,60,0,60,148
12/23/2022,CDW,NJ,AEA,EN,Towers with Radar,0,1,1,0,2,0,1,0,0,1,0,2,1,0,3,0,2,2,5
12/24/2022,CDW,NJ,AEA,EN,Towers with Radar,0,2,3,0,5,0,13,5,0,18,0,15,8,0,23,0,0,0,23
12/25/2022,CDW,NJ,AEA,EN,Towers with Radar,0,0,0,0,0,0,3,3,0,6,0,3,3,0,6,0,0,0,6
12/26/2022,CDW,NJ,AEA,EN,Towers with Radar,0,0,6,0,6,0,13,129,1,143,0,13,135,1,149,162,0,162,311
12/27/2022,CDW,NJ,AEA,EN,Towers with Radar,0,2,7,0,9,0,17,188,1,206,0,19,195,1,215,138,0,138,353
12/28/2022,CDW,NJ,AEA,EN,Towers with Radar,0,0,3,0,3,0,10,181,1,192,0,10,184,1,195,88,0,88,283
12/29/2022,CDW,NJ,AEA,EN,Towers with Radar,0,4,18,0,22,0,16,233,5,254,0,20,251,5,276,108,0,108,384
12/30/2022,CDW,NJ,AEA,EN,Towers with Radar,0,2,6,0,8,0,14,250,1,265,0,16,256,1,273,180,0,180,453
12/31/2022,CDW,NJ,AEA,EN,Towers with Radar,0,0,1,0,1,0,0,0,0,0,0,0,1,0,1,0,0,0,1
01/01/2023,CDW,NJ,AEA,EN,Towers with Radar,0,0,3,0,3,0,2,53,0,55,0,2,56,0,58,22,0,22,80
01/02/2023,CDW,NJ,AEA,EN,Towers with Radar,0,2,9,0,11,0,15,285,2,302,0,17,294,2,313,142,0,142,455
01/03/2023,CDW,NJ,AEA,EN,Towers with Radar,0,1,6,0,7,0,0,0,0,0,0,1,6,0,7,0,0,0,7
01/04/2023,CDW,NJ,AEA,EN,Towers with Radar,0,1,12,0,13,0,5,54,4,63,0,6,66,4,76,120,0,120,196
01/05/2023,CDW,NJ,AEA,EN,Towers with Radar,0,6,16,0,22,0,0,0,0,0,0,6,16,0,22,0,0,0,22
01/06/2023,CDW,NJ,AEA,EN,Towers with Radar,0,1,12,0,13,0,6,60,4,70,0,7,72,4,83,70,0,70,153
01/07/2023,CDW,NJ,AEA,EN,Towers with Radar,0,0,8,0,8,0,10,224,2,236,0,10,232,2,244,216,0,216,460
01/08/2023,CDW,NJ,AEA,EN,Towers with Radar,0,1,7,0,8,0,4,289,0,293,0,5,296,0,301,142,0,142,443
01/09/2023,CDW,NJ,AEA,EN,Towers with Radar,0,1,4,0,5,0,4,177,1,182,0,5,181,1,187,66,0,66,253
01/10/2023,CDW,NJ,AEA,EN,Towers with Radar,0,5,8,0,13,0,7,253,3,263,0,12,261,3,276,230,0,230,506
01/11/2023,CDW,NJ,AEA,EN,Towers with Radar,0,0,11,0,11,0,14,241,8,263,0,14,252,8,274,142,0,142,416
01/12/2023,CDW,NJ,AEA,EN,Towers with Radar,0,3,12,0,15,0,4,5,0,9,0,7,17,0,24,0,0,0,24
01/13/2023,CDW,NJ,AEA,EN,Towers with Radar,0,3,6,0,9,0,14,23,4,41,0,17,29,4,50,54,0,54,104
01/14/2023,CDW,NJ,AEA,EN,Towers with Radar,0,1,8,0,9,0,34,149,3,186,0,35,157,3,195,88,0,88,283
01/15/2023,CDW,NJ,AEA,EN,Towers with Radar,0,4,10,0,14,0,3,85,0,88,0,7,95,0,102,16,0,16,118
01/16/2023,CDW,NJ,AEA,EN,Towers with Radar,0,1,13,0,14,0,10,282,2,294,0,11,295,2,308,98,0,98,406
01/17/2023,CDW,NJ,AEA,EN,Towers with Radar,0,4,4,0,8,0,12,237,0,249,0,16,241,0,257,178,10,188,445
01/18/2023,CDW,NJ,AEA,EN,Towers with Radar,0,1,3,0,4,0,4,96,4,104,0,5,99,4,108,94,56,150,258
01/19/2023,CDW,NJ,AEA,EN,Towers with Radar,0,3,3,0,6,0,0,4,0,4,0,3,7,0,10,0,0,0,10
01/20/2023,CDW,NJ,AEA,EN,Towers with Radar,0,0,3,0,3,0,7,67,4,78,0,7,70,4,81,22,0,22,103
01/21/2023,CDW,NJ,AEA,EN,Towers with Radar,0,2,16,0,18,0,12,270,8,290,0,14,286,8,308,156,0,156,464
01/22/2023,CDW,NJ,AEA,EN,Towers with Radar,0,2,9,0,11,0,0,164,0,164,0,2,173,0,175,208,0,208,383
01/23/2023,CDW,NJ,AEA,EN,Towers with Radar,0,4,2,0,6,0,0,1,0,1,0,4,3,0,7,0,0,0,7
01/24/2023,CDW,NJ,AEA,EN,Towers with Radar,0,4,16,0,20,0,16,125,7,148,0,20,141,7,168,110,0,110,278
01/25/2023,CDW,NJ,AEA,EN,Towers with Radar,0,0,3,0,3,0,3,16,4,23,0,3,19,4,26,32,0,32,58
01/26/2023,CDW,NJ,AEA,EN,Towers with Radar,0,2,10,0,12,0,6,20,3,29,0,8,30,3,41,14,0,14,55
01/27/2023,CDW,NJ,AEA,EN,Towers with Radar,0,2,6,0,8,0,7,298,7,312,0,9,304,7,320,244,0,244,564
01/28/2023,CDW,NJ,AEA,EN,Towers with Radar,0,1,6,0,7,0,9,271,4,284,0,10,277,4,291,154,0,154,445
01/29/2023,CDW,NJ,AEA,EN,Towers with Radar,0,5,8,0,13,0,3,202,0,205,0,8,210,0,218,150,0,150,368
01/30/2023,CDW,NJ,AEA,EN,Towers with Radar,16,1,11,0,28,0,5,187,5,197,16,6,198,5,225,202,0,202,427
01/31/2023,CDW,NJ,AEA,EN,Towers with Radar,0,0,13,0,13,0,0,80,1,81,0,0,93,1,94,2,0,2,96
02/01/2023,CDW,NJ,AEA,EN,Towers with Radar,0,0,14,0,14,0,14,195,6,215,0,14,209,6,229,124,0,124,353
02/02/2023,CDW,NJ,AEA,EN,Towers with Radar,0,0,5,0,5,0,16,190,6,212,0,16,195,6,217,150,0,150,367
02/03/2023,CDW,NJ,AEA,EN,Towers with Radar,0,1,5,0,6,0,8,6,3,17,0,9,11,3,23,0,2,2,25
02/04/2023,CDW,NJ,AEA,EN,Towers with Radar,0,2,9,0,11,0,5,146,1,152,0,7,155,1,163,110,0,110,273
02/05/2023,CDW,NJ,AEA,EN,Towers with Radar,0,2,9,0,11,0,6,220,0,226,0,8,229,0,237,82,0,82,319
02/06/2023,CDW,NJ,AEA,EN,Towers with Radar,0,2,5,0,7,0,6,124,3,133,0,8,129,3,140,94,0,94,234
02/07/2023,CDW,NJ,AEA,EN,Towers with Radar,0,0,6,0,6,0,8,204,8,220,0,8,210,8,226,222,0,222,448
02/08/2023,CDW,NJ,AEA,EN,Towers with Radar,0,6,9,0,15,0,6,182,7,195,0,12,191,7,210,60,0,60,270
02/09/2023,CDW,NJ,AEA,EN,Towers with Radar,0,0,10,0,10,0,16,123,5,144,0,16,133,5,154,148,10,158,312
02/10/2023,CDW,NJ,AEA,EN,Towers with Radar,0,0,7,0,7,0,12,62,7,81,0,12,69,7,88,34,12,46,134
02/11/2023,CDW,NJ,AEA,EN,Towers with Radar,0,5,12,0,17,0,9,260,2,271,0,14,272,2,288,98,0,98,386
02/12/2023,CDW,NJ,AEA,EN,Towers with Radar,0,2,9,0,11,0,6,328,1,335,0,8,337,1,346,186,0,186,532
02/13/2023,CDW,NJ,AEA,EN,Towers with Radar,0,1,4,0,5,0,10,208,7,225,0,11,212,7,230,172,0,172,402
02/14/2023,CDW,NJ,AEA,EN,Towers with Radar,0,2,3,1,6,0,34,127,10,171,0,36,130,11,177,70,18,88,265
02/15/2023,CDW,NJ,AEA,EN,Towers with Radar,0,1,1,0,2,0,41,114,10,165,0,42,115,10,167,54,0,54,221
02/16/2023,CDW,NJ,AEA,EN,Towers with Radar,0,0,10,0,10,0,5,127,3,135,0,5,137,3,145,176,0,176,321
02/17/2023,CDW,NJ,AEA,EN,Towers with Radar,0,0,4,0,4,0,8,6,0,14,0,8,10,0,18,0,0,0,18
02/18/2023,CDW,NJ,AEA,EN,Towers with Radar,0,3,7,0,10,0,14,316,1,331,0,17,323,1,341,272,0,272,613
02/19/2023,CDW,NJ,AEA,EN,Towers with Radar,0,2,12,0,14,0,2,264,3,269,0,4,276,3,283,126,0,126,409
02/20/2023,CDW,NJ,AEA,EN,Towers with Radar,0,1,14,0,15,0,28,203,14,245,0,29,217,14,260,164,0,164,424
02/21/2023,CDW,NJ,AEA,EN,Towers with Radar,0,2,7,0,9,0,3,14,1,18,0,5,21,1,27,18,0,18,45
02/22/2023,CDW,NJ,AEA,EN,Towers with Radar,0,0,7,0,7,0,20,107,4,131,0,20,114,4,138,114,0,114,252
02/23/2023,CDW,NJ,AEA,EN,Towers with Radar,0,0,8,0,8,0,4,3,0,7,0,4,11,0,15,0,0,0,15
02/24/2023,CDW,NJ,AEA,EN,Towers with Radar,0,1,4,0,5,0,15,42,5,62,0,16,46,5,67,12,0,12,79
02/25/2023,CDW,NJ,AEA,EN,Towers with Radar,0,0,7,0,7,0,4,198,1,203,0,4,205,1,210,248,0,248,458
02/26/2023,CDW,NJ,AEA,EN,Towers with Radar,0,2,12,0,14,0,37,55,2,94,0,39,67,2,108,18,0,18,126
02/27/2023,CDW,NJ,AEA,EN,Towers with Radar,0,2,2,0,4,0,5,191,5,201,0,7,193,5,205,112,0,112,317
02/28/2023,CDW,NJ,AEA,EN,Towers with Radar,0,2,2,0,4,0,0,0,0,0,0,2,2,0,4,0,0,0,4
03/01/2023,CDW,NJ,AEA,EN,Towers with Radar,0,0,14,0,14,0,7,213,7,227,0,7,227,7,241,136,0,136,377
03/02/2023,CDW,NJ,AEA,EN,Towers with Radar,0,2,2,0,4,0,4,36,5,45,0,6,38,5,49,108,18,126,175
03/03/2023,CDW,NJ,AEA,EN,Towers with Radar,0,0,5,0,5,0,9,162,4,175,0,9,167,4,180,158,0,158,338
03/04/2023,CDW,NJ,AEA,EN,Towers with Radar,0,0,3,0,3,0,5,33,2,40,0,5,36,2,43,66,0,66,109
03/05/2023,CDW,NJ,AEA,EN,Towers with Radar,0,1,12,0,13,0,15,182,4,201,0,16,194,4,214,92,0,92,306
03/06/2023,CDW,NJ,AEA,EN,Towers with Radar,0,1,2,0,3,0,10,177,4,191,0,11,179,4,194,120,0,120,314
03/07/2023,CDW,NJ,AEA,EN,Towers with Radar,0,0,5,0,5,0,12,31,6,49,0,12,36,6,54,24,0,24,78
03/08/2023,CDW,NJ,AEA,EN,Towers with Radar,0,1,7,0,8,0,22,44,2,68,0,23,51,2,76,38,0,38,114
03/09/2023,CDW,NJ,AEA,EN,Towers with Radar,0,3,4,0,7,0,5,222,8,235,0,8,226,8,242,90,0,90,332
03/10/2023,CDW,NJ,AEA,EN,Towers with Radar,0,0,10,0,10,0,24,140,5,169,0,24,150,5,179,326,0,326,505
03/11/2023,CDW,NJ,AEA,EN,Towers with Radar,0,0,2,0,2,0,5,25,2,32,0,5,27,2,34,22,0,22,56
03/12/2023,CDW,NJ,AEA,EN,Towers with Radar,0,0,12,0,12,0,4,331,0,335,0,4,343,0,347,204,0,204,551
03/13/2023,CDW,NJ,AEA,EN,Towers with Radar,0,0,1,0,1,0,0,0,0,0,0,0,1,0,1,0,0,0,1
03/14/2023,CDW,NJ,AEA,EN,Towers with Radar,0,0,1,0,1,0,2,0,0,2,0,2,1,0,3,0,0,0,3
03/15/2023,CDW,NJ,AEA,EN,Towers with Radar,0,0,6,0,6,0,6,4,4,14,0,6,10,4,20,0,0,0,20
03/16/2023,CDW,NJ,AEA,EN,Towers with Radar,0,0,15,0,15,0,9,234,4,247,0,9,249,4,262,156,0,156,418
03/17/2023,CDW,NJ,AEA,EN,Towers with Radar,0,2,14,0,16,0,8,203,2,213,0,10,217,2,229,172,0,172,401
03/18/2023,CDW,NJ,AEA,EN,Towers with Radar,0,0,15,0,15,0,7,256,1,264,0,7,271,1,279,90,0,90,369
03/19/2023,CDW,NJ,AEA,EN,Towers with Radar,0,2,4,0,6,0,8,75,3,86,0,10,79,3,92,44,0,44,136
03/20/2023,CDW,NJ,AEA,EN,Towers with Radar,0,5,13,0,18,0,9,201,6,216,0,14,214,6,234,190,0,190,424
03/21/2023,CDW,NJ,AEA,EN,Towers with Radar,0,8,11,0,19,0,15,264,6,285,0,23,275,6,304,166,14,180,484
03/22/2023,CDW,NJ,AEA,EN,Towers with Radar,0,1,7,0,8,0,21,221,4,246,0,22,228,4,254,136,0,136,390
03/23/2023,CDW,NJ,AEA,EN,Towers with Radar,0,1,17,0,18,0,7,73,0,80,0,8,90,0,98,52,0,52,150
03/24/2023,CDW,NJ,AEA,EN,Towers with Radar,0,1,11,0,12,0,16,241,6,263,0,17,252,6,275,218,0,218,493
03/25/2023,CDW,NJ,AEA,EN,Towers with Radar,0,0,7,0,7,0,2,26,0,28,0,2,33,0,35,56,0,56,91
03/26/2023,CDW,NJ,AEA,EN,Towers with Radar,0,1,7,0,8,0,28,124,2,154,0,29,131,2,162,50,0,50,212
03/27/2023,CDW,NJ,AEA,EN,Towers with Radar,0,5,4,0,9,0,17,200,0,217,0,22,204,0,226,152,0,152,378
03/28/2023,CDW,NJ,AEA,EN,Towers with Radar,0,2,8,0,10,0,9,169,2,180,0,11,177,2,190,130,0,130,320
03/29/2023,CDW,NJ,AEA,EN,Towers with Radar,0,6,14,0,20,0,31,243,3,277,0,37,257,3,297,188,0,188,485
03/30/2023,CDW,NJ,AEA,EN,Towers with Radar,0,3,7,0,10,0,15,118,2,135,0,18,125,2,145,58,6,64,209
03/31/2023,CDW,NJ,AEA,EN,Towers with Radar,0,5,10,0,15,0,13,144,6,163,0,18,154,6,178,290,0,290,468
04/01/2023,CDW,NJ,AEA,EN,Towers with Radar,0,0,4,0,4,0,6,4,0,10,0,6,8,0,14,4,0,4,18
04/02/2023,CDW,NJ,AEA,EN,Towers with Radar,0,1,6,0,7,0,31,97,0,128,0,32,103,0,135,28,0,28,163
04/03/2023,CDW,NJ,AEA,EN,Towers with Radar,0,0,7,0,7,0,46,219,15,280,0,46,226,15,287,206,0,206,493
04/04/2023,CDW,NJ,AEA,EN,Towers with Radar,0,1,3,0,4,0,38,330,12,380,0,39,333,12,384,262,6,268,652
04/05/2023,CDW,NJ,AEA,EN,Towers with Radar,0,5,20,0,25,0,1,1,0,2,0,6,21,0,27,0,0,0,27
04/06/2023,CDW,NJ,AEA,EN,Towers with Radar,0,2,3,0,5,0,12,105,2,119,0,14,108,2,124,104,0,104,228
04/07/2023,CDW,NJ,AEA,EN,Towers with Radar,0,5,10,0,15,0,16,201,0,217,0,21,211,0,232,126,0,126,358
04/08/2023,CDW,NJ,AEA,EN,Towers with Radar,0,4,14,0,18,0,17,304,4,325,0,21,318,4,343,146,0,146,489
04/09/2023,CDW,NJ,AEA,EN,Towers with Radar,0,1,4,0,5,0,2,191,0,193,0,3,195,0,198,100,0,100,298
04/10/2023,CDW,NJ,AEA,EN,Towers with Radar,0,2,10,0,12,0,11,252,0,263,0,13,262,0,275,141,0,141,416
04/11/2023,CDW,NJ,AEA,EN,Towers with Radar,0,6,16,0,22,0,23,239,1,263,0,29,255,1,285,60,0,60,345
04/12/2023,CDW,NJ,AEA,EN,Towers with Radar,0,0,3,0,3,0,13,119,3,135,0,13,122,3,138,28,0,28,166
04/13/2023,CDW,NJ,AEA,EN,Towers with Radar,0,0,8,0,8,0,33,255,1,289,0,33,263,1,297,158,0,158,455
04/14/2023,CDW,NJ,AEA,EN,Towers with Radar,0,0,11,0,11,0,20,287,2,309,0,20,298,2,320,208,0,208,528
04/15/2023,CDW,NJ,AEA,EN,Towers with Radar,0,1,15,0,16,0,5,88,0,93,0,6,103,0,109,136,0,136,245
04/16/2023,CDW,NJ,AEA,EN,Towers with Radar,0,2,32,0,34,0,24,50,0,74,0,26,82,0,108,94,0,94,202
04/17/2023,CDW,NJ,AEA,EN,Towers with Radar,0,5,13,0,18,0,10,59,0,69,0,15,72,0,87,14,0,14,101
04/18/2023,CDW,NJ,AEA,EN,Towers with Radar,0,3,5,0,8,0,48,53,2,103,0,51,58,2,111,52,0,52,163
04/19/2023,CDW,NJ,AEA,EN,Towers with Radar,0,1,11,0,12,0,33,129,6,168,0,34,140,6,180,58,0,58,238
04/20/2023,CDW,NJ,AEA,EN,Towers with Radar,0,4,13,0,17,0,26,252,5,283,0,30,265,5,300,252,0,252,552
04/21/2023,CDW,NJ,AEA,EN,Towers with Radar,0,0,14,0,14,0,11,208,5,224,0,11,222,5,238,102,0,102,340
04/22/2023,CDW,NJ,AEA,EN,Towers with Radar,0,0,11,0,11,0,8,58,0,66,0,8,69,0,77,56,0,56,133
04/23/2023,CDW,NJ,AEA,EN,Towers with Radar,0,6,26,0,32,0,12,208,0,220,0,18,234,0,252,80,0,80,332
04/24/2023,CDW,NJ,AEA,EN,Towers with Radar,0,1,9,0,10,0,11,265,5,281,0,12,274,5,291,220,0,220,511
04/25/2023,CDW,NJ,AEA,EN,Towers with Radar,0,1,8,0,9,0,12,255,8,275,0,13,263,8,284,256,0,256,540
04/26/2023,CDW,NJ,AEA,EN,Towers with Radar,0,0,4,0,4,0,23,239,5,267,0,23,243,5,271,322,0,322,593
04/27/2023,CDW,NJ,AEA,EN,Towers with Radar,0,1,11,0,12,0,17,128,4,149,0,18,139,4,161,394,0,394,555
04/28/2023,CDW,NJ,AEA,EN,Towers with Radar,0,5,16,0,21,0,16,150,4,170,0,21,166,4,191,202,0,202,393
04/29/2023,CDW,NJ,AEA,EN,Towers with Radar,0,0,3,0,3,0,0,0,0,0,0,0,3,0,3,0,0,0,3
04/30/2023,CDW,NJ,AEA,EN,Towers with Radar,0,0,6,0,6,0,0,0,0,0,0,0,6,0,6,0,0,0,6
05/01/2023,CDW,NJ,AEA,EN,Towers with Radar,0,2,3,0,5,0,12,96,2,110,0,14,99,2,115,84,0,84,199
05/02/2023,CDW,NJ,AEA,EN,Towers with Radar,0,0,4,0,4,0,9,119,1,129,0,9,123,1,133,122,0,122,255
05/03/2023,CDW,NJ,AEA,EN,Towers with Radar,0,1,3,0,4,0,12,183,7,202,0,13,186,7,206,340,0,340,546
05/04/2023,CDW,NJ,AEA,EN,Towers with Radar,0,5,16,0,21,0,31,129,7,167,0,36,145,7,188,450,20,470,658
05/05/2023,CDW,NJ,AEA,EN,Towers with Radar,0,2,18,0,20,0,20,251,8,279,0,22,269,8,299,248,0,248,547
05/06/2023,CDW,NJ,AEA,EN,Towers with Radar,0,0,13,0,13,0,13,326,2,341,0,13,339,2,354,184,0,184,538
05/07/2023,CDW,NJ,AEA,EN,Towers with Radar,0,3,22,0,25,0,17,288,3,308,0,20,310,3,333,192,0,192,525
05/08/2023,CDW,NJ,AEA,EN,Towers with Radar,0,2,6,0,8,0,14,249,2,265,0,16,255,2,273,146,0,146,419
05/09/2023,CDW,NJ,AEA,EN,Towers with Radar,0,9,8,0,17,0,18,240,2,260,0,27,248,2,277,188,24,212,489
05/10/2023,CDW,NJ,AEA,EN,Towers with Radar,0,2,13,0,15,0,10,165,3,178,0,12,178,3,193,28,0,28,221
05/11/2023,CDW,NJ,AEA,EN,Towers with Radar,0,3,12,0,15,0,9,246,1,256,0,12,258,1,271,214,18,232,503
05/12/2023,CDW,NJ,AEA,EN,Towers with Radar,0,1,11,0,12,0,15,236,2,253,0,16,247,2,265,146,2,148,413
05/13/2023,CDW,NJ,AEA,EN,Towers with Radar,0,0,12,0,12,0,12,286,5,303,0,12,298,5,315,186,0,186,501
05/14/2023,CDW,NJ,AEA,EN,Towers with Radar,0,2,13,0,15,0,27,208,6,241,0,29,221,6,256,110,0,110,366
05/15/2023,CDW,NJ,AEA,EN,Towers with Radar,0,0,10,0,10,0,14,185,2,201,0,14,195,2,211,90,0,90,301
05/16/2023,CDW,NJ,AEA,EN,Towers with Radar,0,2,8,0,10,0,12,142,8,162,0,14,150,8,172,90,16,106,278
05/17/2023,CDW,NJ,AEA,EN,Towers with Radar,0,0,5,0,5,0,14,76,3,93,0,14,81,3,98,76,0,76,174
05/18/2023,CDW,NJ,AEA,EN,Towers with Radar,0,1,12,0,13,0,16,267,8,291,0,17,279,8,304,166,0,166,470
05/19/2023,CDW,NJ,AEA,EN,Towers with Radar,0,3,10,0,13,0,11,189,1,201,0,14,199,1,214,146,0,146,360
05/20/2023,CDW,NJ,AEA,EN,Towers with Radar,0,3,25,0,28,0,0,0,0,0,0,3,25,0,28,0,0,0,28
05/21/2023,CDW,NJ,AEA,EN,Towers with Radar,0,2,15,0,17,0,42,233,1,276,0,44,248,1,293,86,0,86,379
05/22/2023,CDW,NJ,AEA,EN,Towers with Radar,0,1,4,0,5,0,16,235,2,253,0,17,239,2,258,146,0,146,404
05/23/2023,CDW,NJ,AEA,EN,Towers with Radar,0,1,11,0,12,0,13,235,9,257,0,14,246,9,269,178,0,178,447
05/24/2023,CDW,NJ,AEA,EN,Towers with Radar,0,2,7,0,9,0,23,255,3,281,0,25,262,3,290,222,0,222,512
05/25/2023,CDW,NJ,AEA,EN,Towers with Radar,0,4,10,0,14,0,16,170,7,193,0,20,180,7,207,120,0,120,327
05/26/2023,CDW,NJ,AEA,EN,Towers with Radar,0,3,4,0,7,0,21,274,0,295,0,24,278,0,302,164,0,164,466
05/27/2023,CDW,NJ,AEA,EN,Towers with Radar,1,0,8,0,9,0,31,275,4,310,1,31,283,4,319,200,0,200,519
05/28/2023,CDW,NJ,AEA,EN,Towers with Radar,1,4,6,0,11,0,29,243,0,272,1,33,249,0,283,160,0,160,443
05/29/2023,CDW,NJ,AEA,EN,Towers with Radar,0,1,8,0,9,0,14,176,0,190,0,15,184,0,199,38,0,38,237
05/30/2023,CDW,NJ,AEA,EN,Towers with Radar,0,4,8,0,12,0,41,269,2,312,0,45,277,2,324,206,0,206,530
05/31/2023,CDW,NJ,AEA,EN,Towers with Radar,0,2,7,0,9,0,44,286,2,332,0,46,293,2,341,176,0,176,517
06/01/2023,CDW,NJ,AEA,EN,Towers with Radar,0,4,6,0,10,0,38,189,8,235,0,42,195,8,245,206,0,206,451
06/02/2023,CDW,NJ,AEA,EN,Towers with Radar,0,0,5,0,5,0,49,239,1,289,0,49,244,1,294,148,0,148,442
06/03/2023,CDW,NJ,AEA,EN,Towers with Radar,0,0,30,0,30,0,9,117,1,127,0,9,147,1,157,152,0,152,309
06/04/2023,CDW,NJ,AEA,EN,Towers with Radar,0,3,13,0,16,0,37,165,0,202,0,40,178,0,218,104,0,104,322
06/05/2023,CDW,NJ,AEA,EN,Towers with Radar,0,1,8,0,9,0,16,173,3,192,0,17,181,3,201,162,14,176,377
06/06/2023,CDW,NJ,AEA,EN,Towers with Radar,1,1,16,0,18,0,24,115,0,139,1,25,131,0,157,114,0,114,271
06/07/2023,CDW,NJ,AEA,EN,Towers with Radar,0,2,22,0,24,0,4,47,1,52,0,6,69,1,76,72,0,72,148
06/08/2023,CDW,NJ,AEA,EN,Towers with Radar,0,1,22,0,23,0,10,28,1,39,0,11,50,1,62,88,0,88,150
06/09/2023,CDW,NJ,AEA,EN,Towers with Radar,0,2,25,0,27,0,63,200,0,263,0,65,225,0,290,338,4,342,632
06/10/2023,CDW,NJ,AEA,EN,Towers with Radar,0,1,16,0,17,0,44,293,1,338,0,45,309,1,355,200,0,200,555
06/11/2023,CDW,NJ,AEA,EN,Towers with Radar,0,1,16,0,17,0,49,299,0,348,0,50,315,0,365,166,0,166,531
06/12/2023,CDW,NJ,AEA,EN,Towers with Radar,0,3,17,0,20,0,16,56,0,72,0,19,73,0,92,130,0,130,222
06/13/2023,CDW,NJ,AEA,EN,Towers with Radar,0,2,14,0,16,0,32,262,0,294,0,34,276,0,310,160,6,166,476
06/14/2023,CDW,NJ,AEA,EN,Towers with Radar,0,1,7,0,8,0,23,79,0,102,0,24,86,0,110,134,0,134,244
06/15/2023,CDW,NJ,AEA,EN,Towers with Radar,0,1,19,0,20,0,26,265,5,296,0,27,284,5,316,246,0,246,562
06/16/2023,CDW,NJ,AEA,EN,Towers with Radar,0,3,19,0,22,0,45,104,4,153,0,48,123,4,175,92,0,92,267
06/17/2023,CDW,NJ,AEA,EN,Towers with Radar,0,1,9,0,10,0,14,105,0,119,0,15,114,0,129,93,0,93,222
06/18/2023,CDW,NJ,AEA,EN,Towers with Radar,0,2,22,0,24,0,13,250,2,265,0,15,272,2,289,190,0,190,479
06/19/2023,CDW,NJ,AEA,EN,Towers with Radar,0,3,3,0,6,0,21,383,0,404,0,24,386,0,410,214,0,214,624
06/20/2023,CDW,NJ,AEA,EN,Towers with Radar,0,6,17,0,23,0,36,245,1,282,0,42,262,1,305,282,2,284,589
06/21/2023,CDW,NJ,AEA,EN,Towers with Radar,0,4,10,0,14,0,16,164,2,182,0,20,174,2,196,120,0,120,316
06/22/2023,CDW,NJ,AEA,EN,Towers with Radar,0,1,30,0,31,0,13,11,0,24,0,14,41,0,55,2,0,2,57
06/23/2023,CDW,NJ,AEA,EN,Towers with Radar,0,5,22,0,27,0,3,3,2,8,0,8,25,2,35,0,0,0,35
06/24/2023,CDW,NJ,AEA,EN,Towers with Radar,0,0,29,0,29,0,11,23,0,34,0,11,52,0,63,62,0,62,125
06/25/2023,CDW,NJ,AEA,EN,Towers with Radar,0,7,23,0,30,0,16,180,0,196,0,23,203,0,226,82,0,82,308
06/26/2023,CDW,NJ,AEA,EN,Towers with Radar,0,0,10,0,10,0,16,30,3,49,0,16,40,3,59,54,30,84,143
06/27/2023,CDW,NJ,AEA,EN,Towers with Radar,0,3,20,0,23,0,29,57,17,103,0,32,77,17,126,138,64,202,328
06/28/2023,CDW,NJ,AEA,EN,Towers with Radar,0,2,15,0,17,0,25,108,21,154,0,27,123,21,171,164,20,184,355
06/29/2023,CDW,NJ,AEA,EN,Towers with Radar,0,1,23,0,24,0,22,147,9,178,0,23,170,9,202,196,0,196,398
06/30/2023,CDW,NJ,AEA,EN,Towers with Radar,0,5,34,0,39,0,34,172,0,206,0,39,206,0,245,358,0,358,603
07/01/2023,CDW,NJ,AEA,EN,Towers with Radar,0,3,10,0,13,0,31,231,0,262,0,34,241,0,275,258,0,258,533
07/02/2023,CDW,NJ,AEA,EN,Towers with Radar,0,0,17,0,17,0,6,64,0,70,0,6,81,0,87,70,0,70,157
07/03/2023,CDW,NJ,AEA,EN,Towers with Radar,0,2,10,0,12,0,20,231,1,252,0,22,241,1,264,246,8,254,518
07/04/2023,CDW,NJ,AEA,EN,Towers with Radar,0,0,12,0,12,0,10,208,0,218,0,10,220,0,230,212,0,212,442
07/05/2023,CDW,NJ,AEA,EN,Towers with Radar,0,1,8,0,9,0,65,334,4,403,0,66,342,4,412,258,2,260,672
07/06/2023,CDW,NJ,AEA,EN,Towers with Radar,0,0,12,0,12,0,40,269,5,314,0,40,281,5,326,208,0,208,534
07/07/2023,CDW,NJ,AEA,EN,Towers with Radar,0,0,23,0,23,0,38,221,4,263,0,38,244,4,286,378,0,378,664
07/08/2023,CDW,NJ,AEA,EN,Towers with Radar,0,1,15,0,16,0,13,169,0,182,0,14,184,0,198,396,0,396,594
07/09/2023,CDW,NJ,AEA,EN,Towers with Radar,0,3,9,0,12,0,7,79,1,87,0,10,88,1,99,90,0,90,189
07/10/2023,CDW,NJ,AEA,EN,Towers with Radar,0,1,9,1,11,0,37,223,4,264,0,38,232,5,275,197,2,199,474
07/11/2023,CDW,NJ,AEA,EN,Towers with Radar,0,1,9,0,10,0,27,341,2,370,0,28,350,2,380,250,0,250,630
07/12/2023,CDW,NJ,AEA,EN,Towers with Radar,0,3,19,0,22,0,45,345,3,393,0,48,364,3,415,200,0,200,615
07/13/2023,CDW,NJ,AEA,EN,Towers with Radar,0,0,12,0,12,0,18,232,3,253,0,18,244,3,265,164,0,164,429
07/14/2023,CDW,NJ,AEA,EN,Towers with Radar,0,3,11,0,14,0,32,126,2,160,0,35,137,2,174,206,0,206,380
07/15/2023,CDW,NJ,AEA,EN,Towers with Radar,0,1,26,0,27,0,28,107,4,139,0,29,133,4,166,154,0,154,320
07/16/2023,CDW,NJ,AEA,EN,Towers with Radar,0,5,18,0,23,0,0,7,0,7,0,5,25,0,30,0,0,0,30
07/17/2023,CDW,NJ,AEA,EN,Towers with Radar,0,4,25,0,29,0,32,294,1,327,0,36,319,1,356,430,0,430,786
07/18/2023,CDW,NJ,AEA,EN,Towers with Radar,0,5,18,0,23,0,18,125,2,145,0,23,143,2,168,143,6,149,317
07/19/2023,CDW,NJ,AEA,EN,Towers with Radar,0,3,16,0,19,0,13,207,7,227,0,16,223,7,246,280,6,286,532
07/20/2023,CDW,NJ,AEA,EN,Towers with Radar,0,2,12,0,14,0,19,326,7,352,0,21,338,7,366,140,0,140,506
07/21/2023,CDW,NJ,AEA,EN,Towers with Radar,0,8,25,0,33,0,11,125,3,139,0,19,150,3,172,114,0,114,286
07/22/2023,CDW,NJ,AEA,EN,Towers with Radar,0,3,15,0,18,0,28,310,1,339,0,31,325,1,357,100,0,100,457
07/23/2023,CDW,NJ,AEA,EN,Towers with Radar,0,2,9,0,11,0,29,355,0,384,0,31,364,0,395,182,0,182,577
07/24/2023,CDW,NJ,AEA,EN,Towers with Radar,0,3,9,0,12,0,19,206,6,231,0,22,215,6,243,236,0,236,479
07/25/2023,CDW,NJ,AEA,EN,Towers with Radar,0,3,18,0,21,0,30,147,8,185,0,33,165,8,206,192,0,192,398
07/26/2023,CDW,NJ,AEA,EN,Towers with Radar,0,2,9,0,11,0,33,337,12,382,0,35,346,12,393,306,0,306,699
07/27/2023,CDW,NJ,AEA,EN,Towers with Radar,0,5,12,0,17,0,25,68,5,98,0,30,80,5,115,98,2,100,215
07/28/2023,CDW,NJ,AEA,EN,Towers with Radar,0,5,13,0,18,0,36,291,2,329,0,41,304,2,347,226,0,226,573
07/29/2023,CDW,NJ,AEA,EN,Towers with Radar,0,0,14,0,14,0,12,152,0,164,0,12,166,0,178,50,16,66,244
07/30/2023,CDW,NJ,AEA,EN,Towers with Radar,0,1,20,0,21,0,35,273,1,309,0,36,293,1,330,60,0,60,390
07/31/2023,CDW,NJ,AEA,EN,Towers with Radar,0,4,7,0,11,0,47,320,3,370,0,51,327,3,381,192,0,192,573
08/01/2023,CDW,NJ,AEA,EN,Towers with Radar,0,2,7,0,9,0,38,319,15,372,0,40,326,15,381,193,24,217,598
08/02/2023,CDW,NJ,AEA,EN,Towers with Radar,0,4,13,0,17,0,31,283,4,318,0,35,296,4,335,260,0,260,595
08/03/2023,CDW,NJ,AEA,EN,Towers with Radar,0,3,8,0,11,0,37,266,1,304,0,40,274,1,315,226,4,230,545
08/04/2023,CDW,NJ,AEA,EN,Towers with Radar,0,2,17,0,19,0,52,93,3,148,0,54,110,3,167,246,0,246,413
08/05/2023,CDW,NJ,AEA,EN,Towers with Radar,0,0,19,2,21,0,23,271,1,295,0,23,290,3,316,120,0,120,436
08/06/2023,CDW,NJ,AEA,EN,Towers with Radar,0,4,21,0,25,0,35,304,2,341,0,39,325,2,366,156,0,156,522
08/07/2023,CDW,NJ,AEA,EN,Towers with Radar,0,1,19,0,20,0,12,38,1,51,0,13,57,1,71,112,0,112,183
08/08/2023,CDW,NJ,AEA,EN,Towers with Radar,0,8,15,0,23,0,22,86,4,112,0,30,101,4,135,216,0,216,351
08/09/2023,CDW,NJ,AEA,EN,Towers with Radar,0,2,14,0,16,0,39,273,2,314,0,41,287,2,330,238,0,238,568
08/10/2023,CDW,NJ,AEA,EN,Towers with Radar,0,6,10,0,16,0,16,106,7,129,0,22,116,7,145,148,0,148,293
08/11/2023,CDW,NJ,AEA,EN,Towers with Radar,0,1,11,0,12,0,18,259,2,279,0,19,270,2,291,218,0,218,509
08/12/2023,CDW,NJ,AEA,EN,Towers with Radar,0,2,5,0,7,0,20,178,0,198,0,22,183,0,205,148,0,148,353
08/13/2023,CDW,NJ,AEA,EN,Towers with Radar,0,2,14,0,16,0,21,266,1,288,0,23,280,1,304,198,0,198,502
08/14/2023,CDW,NJ,AEA,EN,Towers with Radar,0,4,8,0,12,0,19,269,2,290,0,23,277,2,302,238,0,238,540
08/15/2023,CDW,NJ,AEA,EN,Towers with Radar,0,5,24,0,29,0,14,29,1,44,0,19,53,1,73,32,0,32,105
08/16/2023,CDW,NJ,AEA,EN,Towers with Radar,0,4,23,0,27,0,33,203,2,238,0,37,226,2,265,322,0,322,587
08/17/2023,CDW,NJ,AEA,EN,Towers with Radar,0,11,29,0,40,0,17,67,4,88,0,28,96,4,128,68,0,68,196
08/18/2023,CDW,NJ,AEA,EN,Towers with Radar,0,6,14,0,20,0,19,180,5,204,0,25,194,5,224,118,8,126,350
08/19/2023,CDW,NJ,AEA,EN,Towers with Radar,0,5,9,0,14,0,19,275,2,296,0,24,284,2,310,168,0,168,478
08/20/2023,CDW,NJ,AEA,EN,Towers with Radar,0,1,14,0,15,0,8,262,0,270,0,9,276,0,285,154,0,154,439
08/21/2023,CDW,NJ,AEA,EN,Towers with Radar,0,4,10,0,14,0,19,214,2,235,0,23,224,2,249,254,0,254,503
08/22/2023,CDW,NJ,AEA,EN,Towers with Radar,0,2,13,0,15,0,37,233,4,274,0,39,246,4,289,181,0,181,470
08/23/2023,CDW,NJ,AEA,EN,Towers with Radar,0,2,19,0,21,0,38,264,3,305,0,40,283,3,326,264,0,264,590
08/24/2023,CDW,NJ,AEA,EN,Towers with Radar,0,4,17,0,21,0,40,102,0,142,0,44,119,0,163,248,0,248,411
08/25/2023,CDW,NJ,AEA,EN,Towers with Radar,0,8,19,0,27,0,11,16,1,28,0,19,35,1,55,36,0,36,91
08/26/2023,CDW,NJ,AEA,EN,Towers with Radar,0,2,14,0,16,0,20,224,2,246,0,22,238,2,262,232,0,232,494
08/27/2023,CDW,NJ,AEA,EN,Towers with Radar,0,4,12,0,16,0,38,284,0,322,0,42,296,0,338,190,0,190,528
08/28/2023,CDW,NJ,AEA,EN,Towers with Radar,0,3,15,0,18,0,21,143,9,173,0,24,158,9,191,252,0,252,443
08/29/2023,CDW,NJ,AEA,EN,Towers with Radar,0,3,15,0,18,0,17,55,1,73,0,20,70,1,91,150,0,150,241
08/30/2023,CDW,NJ,AEA,EN,Towers with Radar,0,1,10,0,11,0,32,163,5,200,0,33,173,5,211,168,0,168,379
08/31/2023,CDW,NJ,AEA,EN,Towers with Radar,0,1,12,0,13,0,24,265,2,291,0,25,277,2,304,188,0,188,492
01/01/2020,CDW,NJ,AEA,EN,Towers with Radar,0,0,7,0,7,0,7,28,0,35,0,7,35,0,42,4,0,4,46
01/02/2020,CDW,NJ,AEA,EN,Towers with Radar,0,0,12,0,12,0,6,161,3,170,0,6,173,3,182,126,0,126,308
01/03/2020,CDW,NJ,AEA,EN,Towers with Radar,0,0,10,0,10,0,2,4,0,6,0,2,14,0,16,0,0,0,16
01/04/2020,CDW,NJ,AEA,EN,Towers with Radar,0,0,5,0,5,0,0,11,0,11,0,0,16,0,16,20,0,20,36
01/05/2020,CDW,NJ,AEA,EN,Towers with Radar,0,1,5,0,6,0,2,15,0,17,0,3,20,0,23,0,0,0,23
01/06/2020,CDW,NJ,AEA,EN,Towers with Radar,0,1,5,0,6,0,6,87,5,98,0,7,92,5,104,58,0,58,162
01/07/2020,CDW,NJ,AEA,EN,Towers with Radar,0,1,5,0,6,0,2,86,7,95,0,3,91,7,101,136,0,136,237
01/08/2020,CDW,NJ,AEA,EN,Towers with Radar,0,0,5,0,5,0,2,37,2,41,0,2,42,2,46,48,0,48,94
01/09/2020,CDW,NJ,AEA,EN,Towers with Radar,0,0,20,0,20,0,7,204,7,218,0,7,224,7,238,134,4,138,376
01/10/2020,CDW,NJ,AEA,EN,Towers with Radar,0,0,7,0,7,0,5,98,3,106,0,5,105,3,113,200,0,200,313
01/11/2020,CDW,NJ,AEA,EN,Towers with Radar,0,0,14,0,14,0,5,49,2,56,0,5,63,2,70,22,0,22,92
01/12/2020,CDW,NJ,AEA,EN,Towers with Radar,0,0,4,0,4,0,3,30,0,33,0,3,34,0,37,20,0,20,57
01/13/2020,CDW,NJ,AEA,EN,Towers with Radar,0,0,8,0,8,0,4,41,1,46,0,4,49,1,54,128,0,128,182
01/14/2020,CDW,NJ,AEA,EN,Towers with Radar,0,0,11,0,11,0,5,4,1,10,0,5,15,1,21,16,0,16,37
01/15/2020,CDW,NJ,AEA,EN,Towers with Radar,0,0,12,0,12,0,7,206,4,217,0,7,218,4,229,142,0,142,371
01/16/2020,CDW,NJ,AEA,EN,Towers with Radar,0,0,4,0,4,0,9,12,3,24,0,9,16,3,28,4,0,4,32
01/17/2020,CDW,NJ,AEA,EN,Towers with Radar,0,0,13,0,13,0,4,65,5,74,0,4,78,5,87,72,0,72,159
01/18/2020,CDW,NJ,AEA,EN,Towers with Radar,0,0,1,0,1,0,0,73,0,73,0,0,74,0,74,64,0,64,138
01/19/2020,CDW,NJ,AEA,EN,Towers with Radar,0,0,10,0,10,0,0,80,4,84,0,0,90,4,94,54,0,54,148
01/20/2020,CDW,NJ,AEA,EN,Towers with Radar,0,1,13,0,14,0,9,171,0,180,0,10,184,0,194,70,0,70,264
01/21/2020,CDW,NJ,AEA,EN,Towers with Radar,0,1,11,0,12,0,2,121,3,126,0,3,132,3,138,126,0,126,264
01/22/2020,CDW,NJ,AEA,EN,Towers with Radar,0,1,11,0,12,0,6,171,1,178,0,7,182,1,190,76,0,76,266
01/23/2020,CDW,NJ,AEA,EN,Towers with Radar,0,1,11,0,12,0,4,168,1,173,0,5,179,1,185,110,0,110,295
01/24/2020,CDW,NJ,AEA,EN,Towers with Radar,0,0,7,0,7,0,3,191,4,198,0,3,198,4,205,110,0,110,315
01/25/2020,CDW,NJ,AEA,EN,Towers with Radar,0,2,2,0,4,0,0,6,1,7,0,2,8,1,11,0,0,0,11
01/26/2020,CDW,NJ,AEA,EN,Towers with Radar,0,2,7,0,9,0,6,181,4,191,0,8,188,4,200,72,0,72,272
01/27/2020,CDW,NJ,AEA,EN,Towers with Radar,0,0,6,0,6,0,4,105,8,117,0,4,111,8,123,146,0,146,269
01/28/2020,CDW,NJ,AEA,EN,Towers with Radar,0,1,9,0,10,0,8,73,10,91,0,9,82,10,101,85,0,85,186
01/29/2020,CDW,NJ,AEA,EN,Towers with Radar,0,0,4,0,4,0,2,180,9,191,0,2,184,9,195,222,20,242,437
01/30/2020,CDW,NJ,AEA,EN,Towers with Radar,0,0,5,0,5,0,4,145,6,155,0,4,150,6,160,118,0,118,278
01/31/2020,CDW,NJ,AEA,EN,Towers with Radar,0,2,7,0,9,0,6,96,7,109,0,8,103,7,118,218,0,218,336
02/01/2020,CDW,NJ,AEA,EN,Towers with Radar,0,0,2,0,2,0,2,6,0,8,0,2,8,0,10,72,0,72,82
02/02/2020,CDW,NJ,AEA,EN,Towers with Radar,0,1,8,0,9,0,3,113,2,118,0,4,121,2,127,158,0,158,285
02/03/2020,CDW,NJ,AEA,EN,Towers with Radar,0,0,9,0,9,0,6,96,8,110,0,6,105,8,119,76,6,82,201
02/04/2020,CDW,NJ,AEA,EN,Towers with Radar,0,3,7,0,10,0,5,81,3,89,0,8,88,3,99,106,0,106,205
02/05/2020,CDW,NJ,AEA,EN,Towers with Radar,0,1,9,0,10,0,3,98,7,108,0,4,107,7,118,94,0,94,212
02/06/2020,CDW,NJ,AEA,EN,Towers with Radar,0,1,7,0,8,0,0,0,0,0,0,1,7,0,8,0,0,0,8
02/07/2020,CDW,NJ,AEA,EN,Towers with Radar,0,0,0,0,0,0,2,3,2,7,0,2,3,2,7,6,0,6,13
02/08/2020,CDW,NJ,AEA,EN,Towers with Radar,0,0,9,0,9,0,19,160,1,180,0,19,169,1,189,158,0,158,347
02/09/2020,CDW,NJ,AEA,EN,Towers with Radar,0,0,12,0,12,0,9,175,2,186,0,9,187,2,198,136,0,136,334
02/10/2020,CDW,NJ,AEA,EN,Towers with Radar,0,0,9,0,9,0,4,17,3,24,0,4,26,3,33,40,0,40,73
02/11/2020,CDW,NJ,AEA,EN,Towers with Radar,0,0,2,0,2,0,2,10,5,17,0,2,12,5,19,0,16,16,35
02/12/2020,CDW,NJ,AEA,EN,Towers with Radar,0,0,7,0,7,0,2,203,19,224,0,2,210,19,231,92,0,92,323
02/13/2020,CDW,NJ,AEA,EN,Towers with Radar,0,0,8,0,8,0,0,9,1,10,0,0,17,1,18,34,40,74,92
02/14/2020,CDW,NJ,AEA,EN,Towers with Radar,0,2,7,0,9,0,9,109,11,129,0,11,116,11,138,16,0,16,154
02/15/2020,CDW,NJ,AEA,EN,Towers with Radar,0,2,12,0,14,0,3,193,1,197,0,5,205,1,211,112,0,112,323
02/16/2020,CDW,NJ,AEA,EN,Towers with Radar,0,0,15,0,15,0,2,234,0,236,0,2,249,0,251,204,0,204,455
02/17/2020,CDW,NJ,AEA,EN,Towers with Radar,0,2,14,0,16,0,8,218,0,226,0,10,232,0,242,98,0,98,340
02/18/2020,CDW,NJ,AEA,EN,Towers with Radar,0,0,3,0,3,0,1,3,0,4,0,1,6,0,7,0,0,0,7
02/19/2020,CDW,NJ,AEA,EN,Towers with Radar,0,1,5,0,6,0,9,73,2,84,0,10,78,2,90,14,0,14,104
02/20/2020,CDW,NJ,AEA,EN,Towers with Radar,0,1,6,0,7,0,8,148,4,160,0,9,154,4,167,166,0,166,333
02/21/2020,CDW,NJ,AEA,EN,Towers with Radar,0,0,11,0,11,0,4,160,3,167,0,4,171,3,178,86,0,86,264
02/22/2020,CDW,NJ,AEA,EN,Towers with Radar,0,0,11,0,11,0,3,227,2,232,0,3,238,2,243,98,0,98,341
02/23/2020,CDW,NJ,AEA,EN,Towers with Radar,0,1,22,0,23,0,1,330,1,332,0,2,352,1,355,120,0,120,475
02/24/2020,CDW,NJ,AEA,EN,Towers with Radar,0,2,10,0,12,0,7,145,1,153,0,9,155,1,165,114,0,114,279
02/25/2020,CDW,NJ,AEA,EN,Towers with Radar,0,1,16,0,17,0,3,62,0,65,0,4,78,0,82,60,0,60,142
02/26/2020,CDW,NJ,AEA,EN,Towers with Radar,0,2,9,0,11,0,0,0,0,0,0,2,9,0,11,0,0,0,11
02/27/2020,CDW,NJ,AEA,EN,Towers with Radar,0,1,5,0,6,0,3,27,2,32,0,4,32,2,38,26,0,26,64
02/28/2020,CDW,NJ,AEA,EN,Towers with Radar,0,0,6,0,6,0,1,85,4,90,0,1,91,4,96,32,0,32,128
02/29/2020,CDW,NJ,AEA,EN,Towers with Radar,0,0,5,0,5,0,3,116,0,119,0,3,121,0,124,112,0,112,236
03/01/2020,CDW,NJ,AEA,EN,Towers with Radar,0,0,16,0,16,0,0,152,2,154,0,0,168,2,170,128,0,128,298
03/02/2020,CDW,NJ,AEA,EN,Towers with Radar,0,0,16,0,16,0,1,189,3,193,0,1,205,3,209,150,0,150,359
03/03/2020,CDW,NJ,AEA,EN,Towers with Radar,0,1,21,0,22,0,2,66,3,71,0,3,87,3,93,142,0,142,235
03/04/2020,CDW,NJ,AEA,EN,Towers with Radar,0,1,7,0,8,0,8,49,6,63,0,9,56,6,71,8,0,8,79
03/05/2020,CDW,NJ,AEA,EN,Towers with Radar,0,1,8,0,9,0,8,240,4,252,0,9,248,4,261,136,0,136,397
03/06/2020,CDW,NJ,AEA,EN,Towers with Radar,0,2,12,0,14,0,2,25,2,29,0,4,37,2,43,138,0,138,181
03/07/2020,CDW,NJ,AEA,EN,Towers with Radar,0,0,8,0,8,0,6,52,0,58,0,6,60,0,66,0,0,0,66
03/08/2020,CDW,NJ,AEA,EN,Towers with Radar,0,0,13,0,13,0,5,319,2,326,0,5,332,2,339,182,0,182,521
03/09/2020,CDW,NJ,AEA,EN,Towers with Radar,0,0,4,0,4,0,4,178,4,186,0,4,182,4,190,110,0,110,300
03/10/2020,CDW,NJ,AEA,EN,Towers with Radar,0,4,3,0,7,0,3,91,4,98,0,7,94,4,105,108,0,108,213
03/11/2020,CDW,NJ,AEA,EN,Towers with Radar,0,1,14,0,15,0,6,185,3,194,0,7,199,3,209,130,0,130,339
03/12/2020,CDW,NJ,AEA,EN,Towers with Radar,0,4,17,0,21,0,8,139,3,150,0,12,156,3,171,250,0,250,421
03/13/2020,CDW,NJ,AEA,EN,Towers with Radar,0,2,23,0,25,0,2,27,0,29,0,4,50,0,54,0,0,0,54
03/14/2020,CDW,NJ,AEA,EN,Towers with Radar,0,0,4,0,4,0,4,147,0,151,0,4,151,0,155,60,0,60,215
03/15/2020,CDW,NJ,AEA,EN,Towers with Radar,0,0,11,0,11,0,4,239,0,243,0,4,250,0,254,166,0,166,420
03/16/2020,CDW,NJ,AEA,EN,Towers with Radar,0,0,11,0,11,0,1,130,2,133,0,1,141,2,144,170,0,170,314
03/17/2020,CDW,NJ,AEA,EN,Towers with Radar,0,1,6,0,7,0,5,30,7,42,0,6,36,7,49,90,0,90,139
03/18/2020,CDW,NJ,AEA,EN,Towers with Radar,0,1,11,0,12,0,4,178,0,182,0,5,189,0,194,138,0,138,332
03/19/2020,CDW,NJ,AEA,EN,Towers with Radar,0,2,2,0,4,0,0,5,0,5,0,2,7,0,9,8,0,8,17
03/20/2020,CDW,NJ,AEA,EN,Towers with Radar,0,0,3,0,3,0,2,4,0,6,0,2,7,0,9,0,0,0,9
03/21/2020,CDW,NJ,AEA,EN,Towers with Radar,0,2,7,0,9,0,1,119,1,121,0,3,126,1,130,86,0,86,216
03/22/2020,CDW,NJ,AEA,EN,Towers with Radar,0,0,5,0,5,0,2,86,0,88,0,2,91,0,93,70,0,70,163
03/23/2020,CDW,NJ,AEA,EN,Towers with Radar,0,0,0,0,0,0,0,0,0,0,0,0,0,0,0,0,0,0,0
03/24/2020,CDW,NJ,AEA,EN,Towers with Radar,0,3,3,0,6,0,2,37,3,42,0,5,40,3,48,0,0,0,48
03/25/2020,CDW,NJ,AEA,EN,Towers with Radar,0,0,3,0,3,0,2,1,1,4,0,2,4,1,7,0,0,0,7
03/26/2020,CDW,NJ,AEA,EN,Towers with Radar,0,1,7,0,8,0,3,82,3,88,0,4,89,3,96,2,0,2,98
03/27/2020,CDW,NJ,AEA,EN,Towers with Radar,0,0,3,0,3,0,2,47,0,49,0,2,50,0,52,2,0,2,54
03/28/2020,CDW,NJ,AEA,EN,Towers with Radar,0,2,0,0,2,0,0,20,0,20,0,2,20,0,22,6,0,6,28
03/29/2020,CDW,NJ,AEA,EN,Towers with Radar,0,0,4,0,4,0,0,0,0,0,0,0,4,0,4,0,0,0,4
03/30/2020,CDW,NJ,AEA,EN,Towers with Radar,0,1,0,0,1,0,0,0,0,0,0,1,0,0,1,0,0,0,1
03/31/2020,CDW,NJ,AEA,EN,Towers with Radar,0,1,0,0,1,0,0,13,3,16,0,1,13,3,17,0,0,0,17
04/01/2020,CDW,NJ,AEA,EN,Towers with Radar,0,0,0,0,0,0,1,78,3,82,0,1,78,3,82,6,0,6,88
04/02/2020,CDW,NJ,AEA,EN,Towers with Radar,0,2,0,0,2,0,3,12,6,21,0,5,12,6,23,0,0,0,23
04/03/2020,CDW,NJ,AEA,EN,Towers with Radar,0,0,1,0,1,0,0,0,0,0,0,0,1,0,1,0,0,0,1
04/04/2020,CDW,NJ,AEA,EN,Towers with Radar,0,0,5,0,5,0,1,28,0,29,0,1,33,0,34,40,0,40,74
04/05/2020,CDW,NJ,AEA,EN,Towers with Radar,0,0,13,0,13,0,0,81,0,81,0,0,94,0,94,30,0,30,124
04/06/2020,CDW,NJ,AEA,EN,Towers with Radar,0,2,2,0,4,0,0,73,6,79,0,2,75,6,83,16,0,16,99
04/07/2020,CDW,NJ,AEA,EN,Towers with Radar,0,1,3,0,4,0,1,54,1,56,0,2,57,1,60,10,0,10,70
04/08/2020,CDW,NJ,AEA,EN,Towers with Radar,0,2,3,0,5,0,0,23,7,30,0,2,26,7,35,4,24,28,63
04/09/2020,CDW,NJ,AEA,EN,Towers with Radar,0,0,1,0,1,0,0,0,3,3,0,0,1,3,4,0,0,0,4
04/10/2020,CDW,NJ,AEA,EN,Towers with Radar,0,0,0,0,0,0,0,7,0,7,0,0,7,0,7,0,0,0,7
04/11/2020,CDW,NJ,AEA,EN,Towers with Radar,0,2,3,0,5,0,2,49,0,51,0,4,52,0,56,0,0,0,56
04/12/2020,CDW,NJ,AEA,EN,Towers with Radar,0,2,5,0,7,0,1,88,1,90,0,3,93,1,97,20,0,20,117
04/13/2020,CDW,NJ,AEA,EN,Towers with Radar,0,2,0,0,2,0,0,0,0,0,0,2,0,0,2,0,0,0,2
04/14/2020,CDW,NJ,AEA,EN,Towers with Radar,0,1,4,0,5,0,0,60,7,67,0,1,64,7,72,20,14,34,106
04/15/2020,CDW,NJ,AEA,EN,Towers with Radar,0,2,1,0,3,0,0,47,0,47,0,2,48,0,50,0,0,0,50
04/16/2020,CDW,NJ,AEA,EN,Towers with Radar,0,0,0,0,0,0,0,22,9,31,0,0,22,9,31,0,38,38,69
04/17/2020,CDW,NJ,AEA,EN,Towers with Radar,0,0,2,0,2,0,0,37,1,38,0,0,39,1,40,18,0,18,58
04/18/2020,CDW,NJ,AEA,EN,Towers with Radar,0,4,5,0,9,0,0,4,0,4,0,4,9,0,13,0,0,0,13
04/19/2020,CDW,NJ,AEA,EN,Towers with Radar,0,0,8,0,8,0,2,62,0,64,0,2,70,0,72,10,0,10,82
04/20/2020,CDW,NJ,AEA,EN,Towers with Radar,0,2,1,0,3,0,0,69,7,76,0,2,70,7,79,28,22,50,129
04/21/2020,CDW,NJ,AEA,EN,Towers with Radar,0,0,2,0,2,0,0,2,2,4,0,0,4,2,6,0,0,0,6
04/22/2020,CDW,NJ,AEA,EN,Towers with Radar,0,2,5,0,7,0,0,7,2,9,0,2,12,2,16,0,0,0,16
04/23/2020,CDW,NJ,AEA,EN,Towers with Radar,0,0,1,0,1,0,0,41,1,42,0,0,42,1,43,32,0,32,75
04/24/2020,CDW,NJ,AEA,EN,Towers with Radar,0,0,0,0,0,0,0,0,0,0,0,0,0,0,0,0,0,0,0
04/25/2020,CDW,NJ,AEA,EN,Towers with Radar,0,3,8,0,11,0,0,151,2,153,0,3,159,2,164,118,0,118,282
04/26/2020,CDW,NJ,AEA,EN,Towers with Radar,0,0,2,0,2,0,0,0,0,0,0,0,2,0,2,0,0,0,2
04/27/2020,CDW,NJ,AEA,EN,Towers with Radar,0,0,4,0,4,0,0,8,2,10,0,0,12,2,14,4,0,4,18
04/28/2020,CDW,NJ,AEA,EN,Towers with Radar,0,0,3,0,3,0,0,109,5,114,0,0,112,5,117,64,0,64,181
04/29/2020,CDW,NJ,AEA,EN,Towers with Radar,0,2,4,0,6,0,0,9,0,9,0,2,13,0,15,2,0,2,17
04/30/2020,CDW,NJ,AEA,EN,Towers with Radar,0,0,0,0,0,0,0,0,0,0,0,0,0,0,0,0,0,0,0
05/01/2020,CDW,NJ,AEA,EN,Towers with Radar,0,0,7,0,7,0,1,5,3,9,0,1,12,3,16,0,0,0,16
05/02/2020,CDW,NJ,AEA,EN,Towers with Radar,0,2,6,0,8,0,1,65,0,66,0,3,71,0,74,0,0,0,74
05/03/2020,CDW,NJ,AEA,EN,Towers with Radar,0,0,4,0,4,0,2,85,0,87,0,2,89,0,91,0,0,0,91
05/04/2020,CDW,NJ,AEA,EN,Towers with Radar,0,0,0,0,0,0,2,21,1,24,0,2,21,1,24,6,2,8,32
05/05/2020,CDW,NJ,AEA,EN,Towers with Radar,0,1,3,0,4,0,0,53,1,54,0,1,56,1,58,0,0,0,58
05/06/2020,CDW,NJ,AEA,EN,Towers with Radar,0,3,2,0,5,0,1,28,4,33,0,4,30,4,38,18,26,44,82
05/07/2020,CDW,NJ,AEA,EN,Towers with Radar,0,1,2,3,6,0,0,51,4,55,0,1,53,7,61,12,0,12,73
05/08/2020,CDW,NJ,AEA,EN,Towers with Radar,0,0,11,0,11,0,0,51,2,53,0,0,62,2,64,46,16,62,126
05/09/2020,CDW,NJ,AEA,EN,Towers with Radar,0,2,3,0,5,0,0,1,1,2,0,2,4,1,7,2,0,2,9
05/10/2020,CDW,NJ,AEA,EN,Towers with Radar,0,0,2,0,2,0,0,41,0,41,0,0,43,0,43,16,0,16,59
05/11/2020,CDW,NJ,AEA,EN,Towers with Radar,0,0,5,0,5,0,0,10,4,14,0,0,15,4,19,0,0,0,19
05/12/2020,CDW,NJ,AEA,EN,Towers with Radar,0,1,5,0,6,0,0,34,6,40,0,1,39,6,46,0,0,0,46
05/13/2020,CDW,NJ,AEA,EN,Towers with Radar,0,3,4,0,7,0,2,93,0,95,0,5,97,0,102,6,0,6,108
05/14/2020,CDW,NJ,AEA,EN,Towers with Radar,0,0,7,0,7,0,3,129,22,154,0,3,136,22,161,14,28,42,203
05/15/2020,CDW,NJ,AEA,EN,Towers with Radar,0,0,1,0,1,0,0,23,2,25,0,0,24,2,26,8,0,8,34
05/16/2020,CDW,NJ,AEA,EN,Towers with Radar,0,4,13,0,17,0,0,82,0,82,0,4,95,0,99,8,0,8,107
05/17/2020,CDW,NJ,AEA,EN,Towers with Radar,0,0,5,0,5,0,0,81,0,81,0,0,86,0,86,10,0,10,96
05/18/2020,CDW,NJ,AEA,EN,Towers with Radar,0,0,8,0,8,0,0,48,7,55,0,0,56,7,63,0,16,16,79
05/19/2020,CDW,NJ,AEA,EN,Towers with Radar,0,1,5,0,6,0,0,14,1,15,0,1,19,1,21,6,0,6,27
05/20/2020,CDW,NJ,AEA,EN,Towers with Radar,0,4,6,0,10,0,0,39,8,47,0,4,45,8,57,4,18,22,79
05/21/2020,CDW,NJ,AEA,EN,Towers with Radar,0,2,8,0,10,0,0,106,5,111,0,2,114,5,121,6,0,6,127
05/22/2020,CDW,NJ,AEA,EN,Towers with Radar,0,1,9,0,10,0,0,49,4,53,0,1,58,4,63,14,16,30,93
05/23/2020,CDW,NJ,AEA,EN,Towers with Radar,0,2,15,0,17,0,0,0,0,0,0,2,15,0,17,0,0,0,17
05/24/2020,CDW,NJ,AEA,EN,Towers with Radar,0,0,13,0,13,0,0,72,0,72,0,0,85,0,85,10,0,10,95
05/25/2020,CDW,NJ,AEA,EN,Towers with Radar,0,0,19,0,19,0,0,38,0,38,0,0,57,0,57,2,0,2,59
05/26/2020,CDW,NJ,AEA,EN,Towers with Radar,0,0,10,0,10,0,0,29,1,30,0,0,39,1,40,4,0,4,44
05/27/2020,CDW,NJ,AEA,EN,Towers with Radar,0,2,9,0,11,0,0,39,5,44,0,2,48,5,55,4,0,4,59
05/28/2020,CDW,NJ,AEA,EN,Towers with Radar,0,0,13,0,13,0,0,0,1,1,0,0,13,1,14,0,32,32,46
05/29/2020,CDW,NJ,AEA,EN,Towers with Radar,0,0,7,0,7,0,0,8,0,8,0,0,15,0,15,2,0,2,17
05/30/2020,CDW,NJ,AEA,EN,Towers with Radar,0,2,6,0,8,0,1,88,0,89,0,3,94,0,97,58,0,58,155
05/31/2020,CDW,NJ,AEA,EN,Towers with Radar,0,0,2,0,2,0,2,89,2,93,0,2,91,2,95,24,0,24,119
06/01/2020,CDW,NJ,AEA,EN,Towers with Radar,0,0,6,0,6,0,1,71,2,74,0,1,77,2,80,10,18,28,108
06/02/2020,CDW,NJ,AEA,EN,Towers with Radar,0,0,1,0,1,0,1,57,3,61,0,1,58,3,62,0,0,0,62
06/03/2020,CDW,NJ,AEA,EN,Towers with Radar,0,0,4,0,4,0,0,26,0,26,0,0,30,0,30,10,20,30,60
06/04/2020,CDW,NJ,AEA,EN,Towers with Radar,0,1,12,0,13,0,8,132,3,143,0,9,144,3,156,28,2,30,186
06/05/2020,CDW,NJ,AEA,EN,Towers with Radar,0,0,18,0,18,0,0,16,1,17,0,0,34,1,35,14,14,28,63
06/06/2020,CDW,NJ,AEA,EN,Towers with Radar,0,2,17,0,19,0,0,103,0,103,0,2,120,0,122,4,0,4,126
06/07/2020,CDW,NJ,AEA,EN,Towers with Radar,0,2,11,0,13,0,0,91,0,91,0,2,102,0,104,16,0,16,120
06/08/2020,CDW,NJ,AEA,EN,Towers with Radar,0,1,6,0,7,0,0,108,3,111,0,1,114,3,118,14,4,18,136
06/09/2020,CDW,NJ,AEA,EN,Towers with Radar,0,0,3,0,3,0,0,92,0,92,0,0,95,0,95,8,0,8,103
06/10/2020,CDW,NJ,AEA,EN,Towers with Radar,0,2,8,0,10,0,0,77,4,81,0,2,85,4,91,18,0,18,109
06/11/2020,CDW,NJ,AEA,EN,Towers with Radar,0,0,4,0,4,0,0,3,0,3,0,0,7,0,7,0,0,0,7
06/12/2020,CDW,NJ,AEA,EN,Towers with Radar,0,3,13,0,16,0,1,61,2,64,0,4,74,2,80,0,0,0,80
06/13/2020,CDW,NJ,AEA,EN,Towers with Radar,0,6,13,0,19,0,0,50,0,50,0,6,63,0,69,0,0,0,69
06/14/2020,CDW,NJ,AEA,EN,Towers with Radar,0,1,20,0,21,0,1,59,0,60,0,2,79,0,81,0,0,0,81
06/15/2020,CDW,NJ,AEA,EN,Towers with Radar,0,1,8,0,9,0,0,100,0,100,0,1,108,0,109,4,0,4,113
06/16/2020,CDW,NJ,AEA,EN,Towers with Radar,0,0,5,0,5,0,0,93,6,99,0,0,98,6,104,16,0,16,120
06/17/2020,CDW,NJ,AEA,EN,Towers with Radar,0,1,8,1,10,0,0,123,10,133,0,1,131,11,143,64,0,64,207
06/18/2020,CDW,NJ,AEA,EN,Towers with Radar,0,1,15,0,16,0,1,34,2,37,0,2,49,2,53,46,0,46,99
06/19/2020,CDW,NJ,AEA,EN,Towers with Radar,0,0,12,0,12,0,0,61,1,62,0,0,73,1,74,64,0,64,138
06/20/2020,CDW,NJ,AEA,EN,Towers with Radar,0,2,1,0,3,0,1,160,1,162,0,3,161,1,165,82,0,82,247
06/21/2020,CDW,NJ,AEA,EN,Towers with Radar,0,0,5,0,5,0,0,84,0,84,0,0,89,0,89,44,0,44,133
06/22/2020,CDW,NJ,AEA,EN,Towers with Radar,0,0,7,0,7,0,0,74,2,76,0,0,81,2,83,32,0,32,115
06/23/2020,CDW,NJ,AEA,EN,Towers with Radar,0,1,6,0,7,0,0,80,5,85,0,1,86,5,92,88,0,88,180
06/24/2020,CDW,NJ,AEA,EN,Towers with Radar,0,1,4,0,5,0,0,71,5,76,0,1,75,5,81,60,0,60,141
06/25/2020,CDW,NJ,AEA,EN,Towers with Radar,0,2,6,0,8,0,2,99,0,101,0,4,105,0,109,62,0,62,171
06/26/2020,CDW,NJ,AEA,EN,Towers with Radar,0,0,10,0,10,0,0,137,2,139,0,0,147,2,149,42,0,42,191
06/27/2020,CDW,NJ,AEA,EN,Towers with Radar,0,2,2,0,4,0,0,50,0,50,0,2,52,0,54,26,0,26,80
06/28/2020,CDW,NJ,AEA,EN,Towers with Radar,0,0,9,0,9,0,0,78,4,82,0,0,87,4,91,70,0,70,161
06/29/2020,CDW,NJ,AEA,EN,Towers with Radar,0,1,11,0,12,0,1,105,6,112,0,2,116,6,124,88,0,88,212
06/30/2020,CDW,NJ,AEA,EN,Towers with Radar,0,1,4,0,5,0,0,101,3,104,0,1,105,3,109,142,0,142,251
07/01/2020,CDW,NJ,AEA,EN,Towers with Radar,0,2,10,0,12,0,2,109,2,113,0,4,119,2,125,70,0,70,195
07/02/2020,CDW,NJ,AEA,EN,Towers with Radar,0,0,8,0,8,0,0,157,2,159,0,0,165,2,167,20,0,20,187
07/03/2020,CDW,NJ,AEA,EN,Towers with Radar,0,2,6,0,8,0,0,118,0,118,0,2,124,0,126,58,0,58,184
07/04/2020,CDW,NJ,AEA,EN,Towers with Radar,0,1,16,0,17,0,1,61,1,63,0,2,77,1,80,13,0,13,93
07/05/2020,CDW,NJ,AEA,EN,Towers with Radar,0,0,10,0,10,0,0,124,0,124,0,0,134,0,134,44,0,44,178
07/06/2020,CDW,NJ,AEA,EN,Towers with Radar,0,0,6,0,6,0,0,91,1,92,0,0,97,1,98,38,0,38,136
07/07/2020,CDW,NJ,AEA,EN,Towers with Radar,0,2,7,0,9,0,2,66,3,71,0,4,73,3,80,223,8,231,311
07/08/2020,CDW,NJ,AEA,EN,Towers with Radar,0,0,14,0,14,0,0,13,0,13,0,0,27,0,27,38,0,38,65
07/09/2020,CDW,NJ,AEA,EN,Towers with Radar,0,0,22,0,22,0,0,107,8,115,0,0,129,8,137,102,0,102,239
07/10/2020,CDW,NJ,AEA,EN,Towers with Radar,0,0,5,0,5,0,0,1,0,1,0,0,6,0,6,0,0,0,6
07/11/2020,CDW,NJ,AEA,EN,Towers with Radar,0,0,6,0,6,0,2,57,0,59,0,2,63,0,65,92,0,92,157
07/12/2020,CDW,NJ,AEA,EN,Towers with Radar,0,2,9,0,11,0,1,142,0,143,0,3,151,0,154,22,0,22,176
07/13/2020,CDW,NJ,AEA,EN,Towers with Radar,0,1,6,0,7,0,0,105,2,107,0,1,111,2,114,184,0,184,298
07/14/2020,CDW,NJ,AEA,EN,Towers with Radar,0,2,10,0,12,0,5,155,4,164,0,7,165,4,176,56,12,68,244
07/15/2020,CDW,NJ,AEA,EN,Towers with Radar,0,0,17,1,18,0,2,98,3,103,0,2,115,4,121,148,0,148,269
07/16/2020,CDW,NJ,AEA,EN,Towers with Radar,0,1,17,0,18,0,16,105,5,126,0,17,122,5,144,154,0,154,298
07/17/2020,CDW,NJ,AEA,EN,Towers with Radar,0,10,18,0,28,0,0,17,2,19,0,10,35,2,47,34,4,38,85
07/18/2020,CDW,NJ,AEA,EN,Towers with Radar,0,2,13,0,15,0,3,127,1,131,0,5,140,1,146,78,0,78,224
07/19/2020,CDW,NJ,AEA,EN,Towers with Radar,0,2,11,0,13,0,2,153,1,156,0,4,164,1,169,38,0,38,207
07/20/2020,CDW,NJ,AEA,EN,Towers with Radar,0,0,4,0,4,0,2,119,4,125,0,2,123,4,129,66,0,66,195
07/21/2020,CDW,NJ,AEA,EN,Towers with Radar,0,1,6,0,7,0,2,183,4,189,0,3,189,4,196,134,0,134,330
07/22/2020,CDW,NJ,AEA,EN,Towers with Radar,0,2,10,0,12,0,0,88,8,96,0,2,98,8,108,70,0,70,178
07/23/2020,CDW,NJ,AEA,EN,Towers with Radar,0,1,6,0,7,0,5,29,6,40,0,6,35,6,47,42,0,42,89
07/24/2020,CDW,NJ,AEA,EN,Towers with Radar,0,2,23,0,25,0,2,93,4,99,0,4,116,4,124,66,0,66,190
07/25/2020,CDW,NJ,AEA,EN,Towers with Radar,0,8,27,0,35,0,2,44,1,47,0,10,71,1,82,0,0,0,82
07/26/2020,CDW,NJ,AEA,EN,Towers with Radar,0,1,11,0,12,0,1,50,0,51,0,2,61,0,63,16,0,16,79
07/27/2020,CDW,NJ,AEA,EN,Towers with Radar,0,0,2,0,2,0,0,140,0,140,0,0,142,0,142,94,0,94,236
07/28/2020,CDW,NJ,AEA,EN,Towers with Radar,0,2,8,0,10,0,1,105,1,107,0,3,113,1,117,112,0,112,229
07/29/2020,CDW,NJ,AEA,EN,Towers with Radar,0,4,2,0,6,0,1,192,2,195,0,5,194,2,201,82,0,82,283
07/30/2020,CDW,NJ,AEA,EN,Towers with Radar,0,2,14,0,16,0,2,159,4,165,0,4,173,4,181,134,0,134,315
07/31/2020,CDW,NJ,AEA,EN,Towers with Radar,0,3,25,0,28,0,1,84,2,87,0,4,109,2,115,109,0,109,224
08/01/2020,CDW,NJ,AEA,EN,Towers with Radar,0,4,9,0,13,0,4,242,0,246,0,8,251,0,259,142,0,142,401
08/02/2020,CDW,NJ,AEA,EN,Towers with Radar,0,6,10,0,16,0,2,127,0,129,0,8,137,0,145,32,0,32,177
08/03/2020,CDW,NJ,AEA,EN,Towers with Radar,0,3,5,0,8,0,1,164,6,171,0,4,169,6,179,204,20,224,403
08/04/2020,CDW,NJ,AEA,EN,Towers with Radar,0,0,4,0,4,0,0,3,0,3,0,0,7,0,7,0,0,0,7
08/05/2020,CDW,NJ,AEA,EN,Towers with Radar,0,2,8,0,10,0,2,156,6,164,0,4,164,6,174,66,12,78,252
08/06/2020,CDW,NJ,AEA,EN,Towers with Radar,0,0,8,0,8,0,1,182,4,187,0,1,190,4,195,96,0,96,291
08/07/2020,CDW,NJ,AEA,EN,Towers with Radar,0,0,13,0,13,0,1,4,0,5,0,1,17,0,18,0,2,2,20
08/08/2020,CDW,NJ,AEA,EN,Towers with Radar,0,3,20,0,23,0,1,29,0,30,0,4,49,0,53,48,0,48,101
08/09/2020,CDW,NJ,AEA,EN,Towers with Radar,0,3,21,0,24,0,2,50,0,52,0,5,71,0,76,0,0,0,76
08/10/2020,CDW,NJ,AEA,EN,Towers with Radar,0,0,4,0,4,0,0,212,5,217,0,0,216,5,221,184,4,188,409
08/11/2020,CDW,NJ,AEA,EN,Towers with Radar,0,2,6,0,8,0,2,215,4,221,0,4,221,4,229,294,0,294,523
08/12/2020,CDW,NJ,AEA,EN,Towers with Radar,0,4,10,0,14,0,3,129,5,137,0,7,139,5,151,170,0,170,321
08/13/2020,CDW,NJ,AEA,EN,Towers with Radar,0,0,10,0,10,0,8,108,5,121,0,8,118,5,131,180,0,180,311
08/14/2020,CDW,NJ,AEA,EN,Towers with Radar,0,0,10,0,10,0,0,134,3,137,0,0,144,3,147,82,0,82,229
08/15/2020,CDW,NJ,AEA,EN,Towers with Radar,0,9,24,0,33,0,2,57,0,59,0,11,81,0,92,0,0,0,92
08/16/2020,CDW,NJ,AEA,EN,Towers with Radar,0,2,22,0,24,0,0,8,0,8,0,2,30,0,32,0,0,0,32
08/17/2020,CDW,NJ,AEA,EN,Towers with Radar,0,2,7,0,9,0,0,208,0,208,0,2,215,0,217,210,0,210,427
08/18/2020,CDW,NJ,AEA,EN,Towers with Radar,0,2,8,0,10,0,0,253,4,257,0,2,261,4,267,54,0,54,321
08/19/2020,CDW,NJ,AEA,EN,Towers with Radar,0,0,10,0,10,0,3,125,3,131,0,3,135,3,141,36,0,36,177
08/20/2020,CDW,NJ,AEA,EN,Towers with Radar,0,3,7,0,10,0,3,189,2,194,0,6,196,2,204,20,0,20,224
08/21/2020,CDW,NJ,AEA,EN,Towers with Radar,0,1,10,0,11,0,2,213,5,220,0,3,223,5,231,10,0,10,241
08/22/2020,CDW,NJ,AEA,EN,Towers with Radar,0,2,9,0,11,0,4,171,0,175,0,6,180,0,186,8,0,8,194
08/23/2020,CDW,NJ,AEA,EN,Towers with Radar,0,2,6,0,8,0,6,152,1,159,0,8,158,1,167,54,0,54,221
08/24/2020,CDW,NJ,AEA,EN,Towers with Radar,0,0,7,0,7,0,0,105,0,105,0,0,112,0,112,22,0,22,134
08/25/2020,CDW,NJ,AEA,EN,Towers with Radar,0,0,7,0,7,0,0,88,7,95,0,0,95,7,102,6,0,6,108
08/26/2020,CDW,NJ,AEA,EN,Towers with Radar,0,1,9,0,10,0,0,139,2,141,0,1,148,2,151,62,0,62,213
08/27/2020,CDW,NJ,AEA,EN,Towers with Radar,0,2,4,0,6,0,0,80,2,82,0,2,84,2,88,58,0,58,146
08/28/2020,CDW,NJ,AEA,EN,Towers with Radar,0,0,8,0,8,0,5,122,0,127,0,5,130,0,135,44,0,44,179
08/29/2020,CDW,NJ,AEA,EN,Towers with Radar,0,1,3,0,4,0,3,15,0,18,0,4,18,0,22,0,0,0,22
08/30/2020,CDW,NJ,AEA,EN,Towers with Radar,0,2,6,0,8,0,6,148,0,154,0,8,154,0,162,60,0,60,222
08/31/2020,CDW,NJ,AEA,EN,Towers with Radar,0,0,9,0,9,0,3,153,9,165,0,3,162,9,174,74,0,74,248
09/01/2020,CDW,NJ,AEA,EN,Towers with Radar,0,5,10,0,15,0,0,53,6,59,0,5,63,6,74,14,0,14,88
09/02/2020,CDW,NJ,AEA,EN,Towers with Radar,0,2,13,0,15,0,5,25,4,34,0,7,38,4,49,2,10,12,61
09/03/2020,CDW,NJ,AEA,EN,Towers with Radar,0,1,7,0,8,0,6,151,7,164,0,7,158,7,172,46,0,46,218
09/04/2020,CDW,NJ,AEA,EN,Towers with Radar,0,2,9,0,11,0,3,177,6,186,0,5,186,6,197,28,0,28,225
09/05/2020,CDW,NJ,AEA,EN,Towers with Radar,0,0,2,0,2,0,2,208,1,211,0,2,210,1,213,30,0,30,243
09/06/2020,CDW,NJ,AEA,EN,Towers with Radar,0,2,10,0,12,0,1,186,0,187,0,3,196,0,199,56,0,56,255
09/07/2020,CDW,NJ,AEA,EN,Towers with Radar,0,1,6,0,7,0,2,181,0,183,0,3,187,0,190,24,0,24,214
09/08/2020,CDW,NJ,AEA,EN,Towers with Radar,0,0,0,0,0,0,0,0,0,0,0,0,0,0,0,0,0,0,0
09/09/2020,CDW,NJ,AEA,EN,Towers with Radar,0,1,0,0,1,0,0,3,3,6,0,1,3,3,7,0,0,0,7
09/10/2020,CDW,NJ,AEA,EN,Towers with Radar,0,0,0,0,0,0,0,5,0,5,0,0,5,0,5,0,0,0,5
09/11/2020,CDW,NJ,AEA,EN,Towers with Radar,0,4,23,0,27,0,2,165,3,170,0,6,188,3,197,50,0,50,247
09/12/2020,CDW,NJ,AEA,EN,Towers with Radar,0,2,6,0,8,0,2,195,0,197,0,4,201,0,205,66,0,66,271
09/13/2020,CDW,NJ,AEA,EN,Towers with Radar,0,0,12,0,12,0,5,136,0,141,0,5,148,0,153,102,0,102,255
09/14/2020,CDW,NJ,AEA,EN,Towers with Radar,0,0,4,0,4,0,1,90,0,91,0,1,94,0,95,32,0,32,127
09/15/2020,CDW,NJ,AEA,EN,Towers with Radar,0,3,7,0,10,0,2,223,4,229,0,5,230,4,239,52,0,52,291
09/16/2020,CDW,NJ,AEA,EN,Towers with Radar,0,1,5,0,6,0,3,159,3,165,0,4,164,3,171,43,8,51,222
09/17/2020,CDW,NJ,AEA,EN,Towers with Radar,0,3,9,0,12,0,6,155,6,167,0,9,164,6,179,34,0,34,213
09/18/2020,CDW,NJ,AEA,EN,Towers with Radar,0,1,16,0,17,0,7,60,2,69,0,8,76,2,86,24,8,32,118
09/19/2020,CDW,NJ,AEA,EN,Towers with Radar,0,4,2,0,6,0,3,157,1,161,0,7,159,1,167,232,0,232,399
09/20/2020,CDW,NJ,AEA,EN,Towers with Radar,0,0,9,0,9,0,2,205,0,207,0,2,214,0,216,118,0,118,334
09/21/2020,CDW,NJ,AEA,EN,Towers with Radar,0,0,11,0,11,0,0,151,10,161,0,0,162,10,172,136,2,138,310
09/22/2020,CDW,NJ,AEA,EN,Towers with Radar,0,0,8,0,8,0,5,129,7,141,0,5,137,7,149,104,0,104,253
09/23/2020,CDW,NJ,AEA,EN,Towers with Radar,0,2,5,0,7,0,6,136,7,149,0,8,141,7,156,12,16,28,184
09/24/2020,CDW,NJ,AEA,EN,Towers with Radar,0,0,11,0,11,0,0,189,6,195,0,0,200,6,206,132,0,132,338
09/25/2020,CDW,NJ,AEA,EN,Towers with Radar,0,0,13,0,13,0,5,164,10,179,0,5,177,10,192,166,0,166,358
09/26/2020,CDW,NJ,AEA,EN,Towers with Radar,0,0,20,0,20,0,7,117,0,124,0,7,137,0,144,204,0,204,348
09/27/2020,CDW,NJ,AEA,EN,Towers with Radar,0,0,29,0,29,0,2,68,0,70,0,2,97,0,99,154,0,154,253
09/28/2020,CDW,NJ,AEA,EN,Towers with Radar,0,1,22,0,23,0,0,40,2,42,0,1,62,2,65,40,0,40,105
09/29/2020,CDW,NJ,AEA,EN,Towers with Radar,0,1,17,0,18,0,0,2,0,2,0,1,19,0,20,0,0,0,20
09/30/2020,CDW,NJ,AEA,EN,Towers with Radar,0,0,6,0,6,0,0,36,4,40,0,0,42,4,46,4,4,8,54
10/01/2020,CDW,NJ,AEA,EN,Towers with Radar,0,2,12,0,14,0,5,138,3,146,0,7,150,3,160,62,0,62,222
10/02/2020,CDW,NJ,AEA,EN,Towers with Radar,0,0,11,0,11,0,7,115,0,122,0,7,126,0,133,126,0,126,259
10/03/2020,CDW,NJ,AEA,EN,Towers with Radar,0,2,9,0,11,0,7,240,2,249,0,9,249,2,260,180,0,180,440
10/04/2020,CDW,NJ,AEA,EN,Towers with Radar,0,1,13,0,14,0,4,228,0,232,0,5,241,0,246,219,0,219,465
10/05/2020,CDW,NJ,AEA,EN,Towers with Radar,0,0,8,0,8,0,1,104,2,107,0,1,112,2,115,130,0,130,245
10/06/2020,CDW,NJ,AEA,EN,Towers with Radar,0,0,5,0,5,0,0,151,4,155,0,0,156,4,160,175,0,175,335
10/07/2020,CDW,NJ,AEA,EN,Towers with Radar,0,2,5,0,7,0,3,51,3,57,0,5,56,3,64,12,0,12,76
10/08/2020,CDW,NJ,AEA,EN,Towers with Radar,0,0,2,0,2,0,4,92,2,98,0,4,94,2,100,44,0,44,144
10/09/2020,CDW,NJ,AEA,EN,Towers with Radar,0,0,9,0,9,0,7,252,5,264,0,7,261,5,273,168,0,168,441
10/10/2020,CDW,NJ,AEA,EN,Towers with Radar,0,2,13,0,15,0,11,186,2,199,0,13,199,2,214,86,0,86,300
10/11/2020,CDW,NJ,AEA,EN,Towers with Radar,0,0,14,0,14,0,4,206,1,211,0,4,220,1,225,150,0,150,375
10/12/2020,CDW,NJ,AEA,EN,Towers with Radar,0,0,16,0,16,0,0,0,0,0,0,0,16,0,16,0,0,0,16
10/13/2020,CDW,NJ,AEA,EN,Towers with Radar,0,3,16,0,19,0,0,3,2,5,0,3,19,2,24,0,0,0,24
10/14/2020,CDW,NJ,AEA,EN,Towers with Radar,0,3,13,0,16,0,3,215,4,222,0,6,228,4,238,128,6,134,372
10/15/2020,CDW,NJ,AEA,EN,Towers with Radar,0,0,4,0,4,0,2,140,11,153,0,2,144,11,157,12,8,20,177
10/16/2020,CDW,NJ,AEA,EN,Towers with Radar,0,1,13,0,14,0,2,3,0,5,0,3,16,0,19,0,0,0,19
10/17/2020,CDW,NJ,AEA,EN,Towers with Radar,0,3,14,0,17,0,1,245,0,246,0,4,259,0,263,146,0,146,409
10/18/2020,CDW,NJ,AEA,EN,Towers with Radar,0,0,9,0,9,0,4,206,0,210,0,4,215,0,219,118,0,118,337
10/19/2020,CDW,NJ,AEA,EN,Towers with Radar,0,2,15,0,17,0,2,94,4,100,0,4,109,4,117,224,0,224,341
10/20/2020,CDW,NJ,AEA,EN,Towers with Radar,0,0,10,0,10,0,3,13,1,17,0,3,23,1,27,10,0,10,37
10/21/2020,CDW,NJ,AEA,EN,Towers with Radar,0,0,31,0,31,0,1,1,0,2,0,1,32,0,33,12,0,12,45
10/22/2020,CDW,NJ,AEA,EN,Towers with Radar,0,1,24,0,25,0,0,4,0,4,0,1,28,0,29,8,0,8,37
10/23/2020,CDW,NJ,AEA,EN,Towers with Radar,0,0,18,0,18,0,0,11,0,11,0,0,29,0,29,44,0,44,73
10/24/2020,CDW,NJ,AEA,EN,Towers with Radar,0,1,31,0,32,0,4,74,0,78,0,5,105,0,110,130,0,130,240
10/25/2020,CDW,NJ,AEA,EN,Towers with Radar,0,2,14,0,16,0,6,262,2,270,0,8,276,2,286,166,0,166,452
10/26/2020,CDW,NJ,AEA,EN,Towers with Radar,0,1,11,0,12,0,0,0,0,0,0,1,11,0,12,0,0,0,12
10/27/2020,CDW,NJ,AEA,EN,Towers with Radar,0,1,10,1,12,0,2,189,3,194,0,3,199,4,206,270,0,270,476
10/28/2020,CDW,NJ,AEA,EN,Towers with Radar,0,6,24,0,30,0,0,43,0,43,0,6,67,0,73,46,0,46,119
10/29/2020,CDW,NJ,AEA,EN,Towers with Radar,0,0,5,0,5,0,2,0,0,2,0,2,5,0,7,0,0,0,7
10/30/2020,CDW,NJ,AEA,EN,Towers with Radar,0,3,2,0,5,0,7,16,2,25,0,10,18,2,30,28,0,28,58
10/31/2020,CDW,NJ,AEA,EN,Towers with Radar,0,3,12,0,15,0,10,337,1,348,0,13,349,1,363,100,0,100,463
11/01/2020,CDW,NJ,AEA,EN,Towers with Radar,0,0,9,0,9,0,4,85,0,89,0,4,94,0,98,68,0,68,166
11/02/2020,CDW,NJ,AEA,EN,Towers with Radar,0,0,0,0,0,0,0,6,2,8,0,0,6,2,8,0,0,0,8
11/03/2020,CDW,NJ,AEA,EN,Towers with Radar,0,0,6,0,6,0,0,56,5,61,0,0,62,5,67,6,0,6,73
11/04/2020,CDW,NJ,AEA,EN,Towers with Radar,0,2,8,0,10,0,0,166,2,168,0,2,174,2,178,42,0,42,220
11/05/2020,CDW,NJ,AEA,EN,Towers with Radar,0,1,8,0,9,0,4,114,3,121,0,5,122,3,130,0,0,0,130
11/06/2020,CDW,NJ,AEA,EN,Towers with Radar,0,1,12,0,13,0,4,201,0,205,0,5,213,0,218,168,0,168,386
11/07/2020,CDW,NJ,AEA,EN,Towers with Radar,0,2,14,0,16,0,9,285,0,294,0,11,299,0,310,240,0,240,550
11/08/2020,CDW,NJ,AEA,EN,Towers with Radar,0,0,8,0,8,0,5,281,14,300,0,5,289,14,308,176,0,176,484
11/09/2020,CDW,NJ,AEA,EN,Towers with Radar,0,0,6,0,6,0,1,199,2,202,0,1,205,2,208,124,0,124,332
11/10/2020,CDW,NJ,AEA,EN,Towers with Radar,0,2,7,0,9,0,3,128,0,131,0,5,135,0,140,150,0,150,290
11/11/2020,CDW,NJ,AEA,EN,Towers with Radar,0,4,10,0,14,0,0,0,0,0,0,4,10,0,14,0,0,0,14
11/12/2020,CDW,NJ,AEA,EN,Towers with Radar,0,0,14,0,14,0,3,6,0,9,0,3,20,0,23,16,0,16,39
11/13/2020,CDW,NJ,AEA,EN,Towers with Radar,0,2,15,0,17,0,0,27,3,30,0,2,42,3,47,0,24,24,71
11/14/2020,CDW,NJ,AEA,EN,Towers with Radar,0,2,13,0,15,0,6,285,3,294,0,8,298,3,309,146,0,146,455
11/15/2020,CDW,NJ,AEA,EN,Towers with Radar,0,4,6,0,10,0,3,79,0,82,0,7,85,0,92,16,0,16,108
11/16/2020,CDW,NJ,AEA,EN,Towers with Radar,0,0,3,0,3,0,2,54,2,58,0,2,57,2,61,32,0,32,93
11/17/2020,CDW,NJ,AEA,EN,Towers with Radar,0,0,8,0,8,0,0,75,4,79,0,0,83,4,87,210,0,210,297
11/18/2020,CDW,NJ,AEA,EN,Towers with Radar,0,3,10,0,13,0,5,101,4,110,0,8,111,4,123,32,0,32,155
11/19/2020,CDW,NJ,AEA,EN,Towers with Radar,0,0,8,0,8,0,1,165,4,170,0,1,173,4,178,118,0,118,296
11/20/2020,CDW,NJ,AEA,EN,Towers with Radar,0,2,10,0,12,0,4,187,10,201,0,6,197,10,213,108,0,108,321
11/21/2020,CDW,NJ,AEA,EN,Towers with Radar,0,4,9,0,13,0,3,276,0,279,0,7,285,0,292,198,0,198,490
11/22/2020,CDW,NJ,AEA,EN,Towers with Radar,0,1,18,0,19,0,4,63,0,67,0,5,81,0,86,124,0,124,210
11/23/2020,CDW,NJ,AEA,EN,Towers with Radar,0,0,1,0,1,0,0,12,5,17,0,0,13,5,18,0,0,0,18
11/24/2020,CDW,NJ,AEA,EN,Towers with Radar,0,3,8,0,11,0,3,158,7,168,0,6,166,7,179,140,0,140,319
11/25/2020,CDW,NJ,AEA,EN,Towers with Radar,0,4,10,0,14,0,0,199,4,203,0,4,209,4,217,274,0,274,491
11/26/2020,CDW,NJ,AEA,EN,Towers with Radar,0,0,2,0,2,0,0,1,0,1,0,0,3,0,3,0,0,0,3
11/27/2020,CDW,NJ,AEA,EN,Towers with Radar,0,1,3,0,4,0,0,201,2,203,0,1,204,2,207,156,0,156,363
11/28/2020,CDW,NJ,AEA,EN,Towers with Radar,0,1,7,0,8,0,6,189,0,195,0,7,196,0,203,110,0,110,313
11/29/2020,CDW,NJ,AEA,EN,Towers with Radar,0,7,17,0,24,0,0,213,0,213,0,7,230,0,237,102,0,102,339
11/30/2020,CDW,NJ,AEA,EN,Towers with Radar,0,1,2,0,3,0,0,0,0,0,0,1,2,0,3,0,0,0,3
12/01/2020,CDW,NJ,AEA,EN,Towers with Radar,0,0,18,0,18,0,5,75,8,88,0,5,93,8,106,94,0,94,200
12/02/2020,CDW,NJ,AEA,EN,Towers with Radar,0,4,8,0,12,0,4,40,7,51,0,8,48,7,63,28,20,48,111
12/03/2020,CDW,NJ,AEA,EN,Towers with Radar,0,2,9,0,11,0,0,191,7,198,0,2,200,7,209,110,8,118,327
12/04/2020,CDW,NJ,AEA,EN,Towers with Radar,0,0,8,0,8,0,6,104,0,110,0,6,112,0,118,122,0,122,240
12/05/2020,CDW,NJ,AEA,EN,Towers with Radar,0,2,4,0,6,0,0,2,1,3,0,2,6,1,9,0,0,0,9
12/06/2020,CDW,NJ,AEA,EN,Towers with Radar,0,0,10,0,10,0,7,82,2,91,0,7,92,2,101,14,0,14,115
12/07/2020,CDW,NJ,AEA,EN,Towers with Radar,0,2,5,0,7,0,6,154,7,167,0,8,159,7,174,114,0,114,288
12/08/2020,CDW,NJ,AEA,EN,Towers with Radar,0,2,3,0,5,0,0,98,7,105,0,2,101,7,110,142,0,142,252
12/09/2020,CDW,NJ,AEA,EN,Towers with Radar,0,2,5,0,7,0,0,18,2,20,0,2,23,2,27,18,0,18,45
12/10/2020,CDW,NJ,AEA,EN,Towers with Radar,0,0,15,0,15,0,2,147,3,152,0,2,162,3,167,24,0,24,191
12/11/2020,CDW,NJ,AEA,EN,Towers with Radar,0,1,7,0,8,0,10,233,9,252,0,11,240,9,260,166,0,166,426
12/12/2020,CDW,NJ,AEA,EN,Towers with Radar,0,4,3,0,7,0,0,1,0,1,0,4,4,0,8,0,0,0,8
12/13/2020,CDW,NJ,AEA,EN,Towers with Radar,0,1,10,0,11,0,2,195,0,197,0,3,205,0,208,52,0,52,260
12/14/2020,CDW,NJ,AEA,EN,Towers with Radar,0,0,2,0,2,0,1,15,0,16,0,1,17,0,18,10,0,10,28
12/15/2020,CDW,NJ,AEA,EN,Towers with Radar,0,2,8,0,10,0,5,157,8,170,0,7,165,8,180,160,2,162,342
12/16/2020,CDW,NJ,AEA,EN,Towers with Radar,0,0,0,0,0,0,0,60,0,60,0,0,60,0,60,59,0,59,119
12/17/2020,CDW,NJ,AEA,EN,Towers with Radar,0,0,0,0,0,0,0,2,0,2,0,0,2,0,2,2,0,2,4
12/18/2020,CDW,NJ,AEA,EN,Towers with Radar,0,3,7,0,10,0,3,98,1,102,0,6,105,1,112,90,0,90,202
12/19/2020,CDW,NJ,AEA,EN,Towers with Radar,0,6,10,0,16,0,5,162,0,167,0,11,172,0,183,186,0,186,369
12/20/2020,CDW,NJ,AEA,EN,Towers with Radar,0,3,5,0,8,0,0,11,0,11,0,3,16,0,19,10,0,10,29
12/21/2020,CDW,NJ,AEA,EN,Towers with Radar,0,0,10,0,10,0,4,70,0,74,0,4,80,0,84,82,0,82,166
12/22/2020,CDW,NJ,AEA,EN,Towers with Radar,0,0,11,0,11,0,0,93,0,93,0,0,104,0,104,71,0,71,175
12/23/2020,CDW,NJ,AEA,EN,Towers with Radar,0,3,12,0,15,0,1,250,6,257,0,4,262,6,272,130,0,130,402
12/24/2020,CDW,NJ,AEA,EN,Towers with Radar,0,0,0,0,0,0,2,25,0,27,0,2,25,0,27,64,0,64,91
12/25/2020,CDW,NJ,AEA,EN,Towers with Radar,0,0,0,0,0,0,0,0,0,0,0,0,0,0,0,0,0,0,0
12/26/2020,CDW,NJ,AEA,EN,Towers with Radar,0,2,5,0,7,0,2,68,0,70,0,4,73,0,77,62,0,62,139
12/27/2020,CDW,NJ,AEA,EN,Towers with Radar,0,2,7,0,9,0,3,191,0,194,0,5,198,0,203,162,0,162,365
12/28/2020,CDW,NJ,AEA,EN,Towers with Radar,0,0,7,0,7,0,1,118,2,121,0,1,125,2,128,120,0,120,248
12/29/2020,CDW,NJ,AEA,EN,Towers with Radar,0,2,11,0,13,0,0,62,3,65,0,2,73,3,78,14,0,14,92
12/30/2020,CDW,NJ,AEA,EN,Towers with Radar,0,2,10,0,12,0,39,220,6,265,0,41,230,6,277,148,0,148,425
12/31/2020,CDW,NJ,AEA,EN,Towers with Radar,0,3,8,0,11,0,0,36,1,37,0,3,44,1,48,62,6,68,116
01/01/2021,CDW,NJ,AEA,EN,Towers with Radar,0,0,1,0,1,0,2,56,0,58,0,2,57,0,59,22,0,22,81
01/02/2021,CDW,NJ,AEA,EN,Towers with Radar,0,2,23,0,25,0,4,18,3,25,0,6,41,3,50,6,0,6,56
01/03/2021,CDW,NJ,AEA,EN,Towers with Radar,0,4,3,0,7,0,0,10,0,10,0,4,13,0,17,0,0,0,17
01/04/2021,CDW,NJ,AEA,EN,Towers with Radar,0,1,11,0,12,0,1,120,1,122,0,2,131,1,134,156,0,156,290
01/05/2021,CDW,NJ,AEA,EN,Towers with Radar,0,2,8,0,10,0,0,74,3,77,0,2,82,3,87,148,4,152,239
01/06/2021,CDW,NJ,AEA,EN,Towers with Radar,0,2,7,0,9,0,0,124,4,128,0,2,131,4,137,88,0,88,225
01/07/2021,CDW,NJ,AEA,EN,Towers with Radar,0,2,7,0,9,0,0,165,5,170,0,2,172,5,179,102,0,102,281
01/08/2021,CDW,NJ,AEA,EN,Towers with Radar,0,2,5,0,7,0,1,167,5,173,0,3,172,5,180,76,6,82,262
01/09/2021,CDW,NJ,AEA,EN,Towers with Radar,0,5,12,0,17,0,6,144,0,150,0,11,156,0,167,148,0,148,315
01/10/2021,CDW,NJ,AEA,EN,Towers with Radar,0,2,14,0,16,0,0,232,0,232,0,2,246,0,248,150,0,150,398
01/11/2021,CDW,NJ,AEA,EN,Towers with Radar,0,0,6,0,6,0,4,91,1,96,0,4,97,1,102,174,0,174,276
01/12/2021,CDW,NJ,AEA,EN,Towers with Radar,0,2,6,0,8,0,3,129,6,138,0,5,135,6,146,252,8,260,406
01/13/2021,CDW,NJ,AEA,EN,Towers with Radar,0,2,14,0,16,0,13,171,11,195,0,15,185,11,211,250,12,262,473
01/14/2021,CDW,NJ,AEA,EN,Towers with Radar,0,2,8,0,10,0,4,138,6,148,0,6,146,6,158,184,8,192,350
01/15/2021,CDW,NJ,AEA,EN,Towers with Radar,0,4,5,0,9,0,0,0,0,0,0,4,5,0,9,0,0,0,9
01/16/2021,CDW,NJ,AEA,EN,Towers with Radar,0,2,7,0,9,0,3,25,0,28,0,5,32,0,37,42,0,42,79
01/17/2021,CDW,NJ,AEA,EN,Towers with Radar,0,0,4,0,4,0,0,47,0,47,0,0,51,0,51,24,0,24,75
01/18/2021,CDW,NJ,AEA,EN,Towers with Radar,0,2,8,0,10,0,1,137,0,138,0,3,145,0,148,84,0,84,232
01/19/2021,CDW,NJ,AEA,EN,Towers with Radar,0,3,8,0,11,0,2,93,3,98,0,5,101,3,109,138,0,138,247
01/20/2021,CDW,NJ,AEA,EN,Towers with Radar,0,2,4,0,6,0,0,31,2,33,0,2,35,2,39,38,0,38,77
01/21/2021,CDW,NJ,AEA,EN,Towers with Radar,0,0,2,0,2,0,3,169,2,174,0,3,171,2,176,166,0,166,342
01/22/2021,CDW,NJ,AEA,EN,Towers with Radar,0,0,11,0,11,0,0,138,3,141,0,0,149,3,152,196,0,196,348
01/23/2021,CDW,NJ,AEA,EN,Towers with Radar,0,6,4,0,10,0,4,37,0,41,0,10,41,0,51,2,0,2,53
01/24/2021,CDW,NJ,AEA,EN,Towers with Radar,0,2,5,0,7,0,0,55,2,57,0,2,60,2,64,32,0,32,96
01/25/2021,CDW,NJ,AEA,EN,Towers with Radar,0,0,10,0,10,0,3,143,2,148,0,3,153,2,158,182,0,182,340
01/26/2021,CDW,NJ,AEA,EN,Towers with Radar,0,2,0,0,2,0,0,1,0,1,0,2,1,0,3,0,0,0,3
01/27/2021,CDW,NJ,AEA,EN,Towers with Radar,0,3,3,0,6,0,4,40,3,47,0,7,43,3,53,18,10,28,81
01/28/2021,CDW,NJ,AEA,EN,Towers with Radar,0,0,2,1,3,0,4,41,4,49,0,4,43,5,52,50,2,52,104
01/29/2021,CDW,NJ,AEA,EN,Towers with Radar,0,0,3,0,3,0,2,5,1,8,0,2,8,1,11,0,0,0,11
01/30/2021,CDW,NJ,AEA,EN,Towers with Radar,0,4,11,0,15,0,4,184,0,188,0,8,195,0,203,120,0,120,323
01/31/2021,CDW,NJ,AEA,EN,Towers with Radar,0,2,12,0,14,0,0,117,0,117,0,2,129,0,131,174,0,174,305
02/01/2021,CDW,NJ,AEA,EN,Towers with Radar,0,0,0,0,0,0,0,0,0,0,0,0,0,0,0,0,0,0,0
02/02/2021,CDW,NJ,AEA,EN,Towers with Radar,0,0,0,0,0,0,0,0,0,0,0,0,0,0,0,0,0,0,0
02/03/2021,CDW,NJ,AEA,EN,Towers with Radar,0,0,1,0,1,0,4,9,2,15,0,4,10,2,16,2,0,2,18
02/04/2021,CDW,NJ,AEA,EN,Towers with Radar,0,1,7,0,8,0,0,137,2,139,0,1,144,2,147,150,0,150,297
02/05/2021,CDW,NJ,AEA,EN,Towers with Radar,0,0,3,0,3,0,0,22,2,24,0,0,25,2,27,56,0,56,83
02/06/2021,CDW,NJ,AEA,EN,Towers with Radar,0,0,5,0,5,0,5,127,0,132,0,5,132,0,137,80,0,80,217
02/07/2021,CDW,NJ,AEA,EN,Towers with Radar,0,0,0,0,0,0,0,0,0,0,0,0,0,0,0,0,0,0,0
02/08/2021,CDW,NJ,AEA,EN,Towers with Radar,0,2,6,0,8,0,4,115,6,125,0,6,121,6,133,150,0,150,283
02/09/2021,CDW,NJ,AEA,EN,Towers with Radar,0,0,0,0,0,0,0,4,0,4,0,0,4,0,4,4,0,4,8
02/10/2021,CDW,NJ,AEA,EN,Towers with Radar,0,0,9,0,9,0,1,176,0,177,0,1,185,0,186,228,0,228,414
02/11/2021,CDW,NJ,AEA,EN,Towers with Radar,0,0,6,0,6,0,0,66,2,68,0,0,72,2,74,30,0,30,104
02/12/2021,CDW,NJ,AEA,EN,Towers with Radar,0,0,6,0,6,0,1,145,2,148,0,1,151,2,154,116,0,116,270
02/13/2021,CDW,NJ,AEA,EN,Towers with Radar,0,0,4,0,4,0,5,138,0,143,0,5,142,0,147,200,0,200,347
02/14/2021,CDW,NJ,AEA,EN,Towers with Radar,0,0,0,0,0,0,0,20,0,20,0,0,20,0,20,48,0,48,68
02/15/2021,CDW,NJ,AEA,EN,Towers with Radar,0,0,1,0,1,0,4,7,0,11,0,4,8,0,12,8,0,8,20
02/16/2021,CDW,NJ,AEA,EN,Towers with Radar,0,1,6,0,7,0,0,50,3,53,0,1,56,3,60,46,0,46,106
02/17/2021,CDW,NJ,AEA,EN,Towers with Radar,0,2,12,0,14,0,0,228,6,234,0,2,240,6,248,130,0,130,378
02/18/2021,CDW,NJ,AEA,EN,Towers with Radar,0,0,0,0,0,0,0,0,0,0,0,0,0,0,0,0,0,0,0
02/19/2021,CDW,NJ,AEA,EN,Towers with Radar,0,0,2,0,2,0,2,0,0,2,0,2,2,0,4,0,0,0,4
02/20/2021,CDW,NJ,AEA,EN,Towers with Radar,0,0,4,0,4,0,2,108,3,113,0,2,112,3,117,82,0,82,199
02/21/2021,CDW,NJ,AEA,EN,Towers with Radar,0,2,16,0,18,0,2,284,0,286,0,4,300,0,304,238,0,238,542
02/22/2021,CDW,NJ,AEA,EN,Towers with Radar,0,0,3,0,3,0,0,4,1,5,0,0,7,1,8,0,0,0,8
02/23/2021,CDW,NJ,AEA,EN,Towers with Radar,0,2,7,0,9,0,0,19,4,23,0,2,26,4,32,54,14,68,100
02/24/2021,CDW,NJ,AEA,EN,Towers with Radar,0,0,10,0,10,0,10,240,2,252,0,10,250,2,262,286,0,286,548
02/25/2021,CDW,NJ,AEA,EN,Towers with Radar,0,0,5,0,5,0,2,73,5,80,0,2,78,5,85,62,0,62,147
02/26/2021,CDW,NJ,AEA,EN,Towers with Radar,0,2,12,0,14,0,1,251,2,254,0,3,263,2,268,246,0,246,514
02/27/2021,CDW,NJ,AEA,EN,Towers with Radar,0,1,4,0,5,0,0,1,0,1,0,1,5,0,6,0,0,0,6
02/28/2021,CDW,NJ,AEA,EN,Towers with Radar,0,1,7,0,8,0,1,85,0,86,0,2,92,0,94,150,0,150,244
03/01/2021,CDW,NJ,AEA,EN,Towers with Radar,0,2,2,0,4,0,0,1,0,1,0,2,3,0,5,0,0,0,5
03/02/2021,CDW,NJ,AEA,EN,Towers with Radar,0,1,5,0,6,0,0,20,6,26,0,1,25,6,32,0,4,4,36
03/03/2021,CDW,NJ,AEA,EN,Towers with Radar,0,0,5,0,5,0,2,204,2,208,0,2,209,2,213,91,0,91,304
03/04/2021,CDW,NJ,AEA,EN,Towers with Radar,0,0,5,0,5,0,0,53,2,55,0,0,58,2,60,50,0,50,110
03/05/2021,CDW,NJ,AEA,EN,Towers with Radar,0,0,4,0,4,0,0,35,0,35,0,0,39,0,39,2,0,2,41
03/06/2021,CDW,NJ,AEA,EN,Towers with Radar,0,0,4,0,4,0,2,145,1,148,0,2,149,1,152,42,0,42,194
03/07/2021,CDW,NJ,AEA,EN,Towers with Radar,0,2,19,0,21,0,3,299,0,302,0,5,318,0,323,114,0,114,437
03/08/2021,CDW,NJ,AEA,EN,Towers with Radar,0,0,5,0,5,0,4,140,1,145,0,4,145,1,150,94,0,94,244
03/09/2021,CDW,NJ,AEA,EN,Towers with Radar,0,0,8,0,8,0,0,140,1,141,0,0,148,1,149,100,0,100,249
03/10/2021,CDW,NJ,AEA,EN,Towers with Radar,0,0,16,0,16,0,3,159,3,165,0,3,175,3,181,152,0,152,333
03/11/2021,CDW,NJ,AEA,EN,Towers with Radar,0,1,11,0,12,0,8,135,0,143,0,9,146,0,155,90,0,90,245
03/12/2021,CDW,NJ,AEA,EN,Towers with Radar,0,0,3,0,3,0,3,110,0,113,0,3,113,0,116,32,0,32,148
03/13/2021,CDW,NJ,AEA,EN,Towers with Radar,0,1,8,0,9,0,2,179,0,181,0,3,187,0,190,88,0,88,278
03/14/2021,CDW,NJ,AEA,EN,Towers with Radar,0,2,9,0,11,0,0,47,0,47,0,2,56,0,58,12,0,12,70
03/15/2021,CDW,NJ,AEA,EN,Towers with Radar,0,0,3,0,3,0,0,71,0,71,0,0,74,0,74,42,0,42,116
03/16/2021,CDW,NJ,AEA,EN,Towers with Radar,0,0,5,0,5,0,2,88,3,93,0,2,93,3,98,180,8,188,286
03/17/2021,CDW,NJ,AEA,EN,Towers with Radar,0,1,15,0,16,0,3,9,1,13,0,4,24,1,29,42,20,62,91
03/18/2021,CDW,NJ,AEA,EN,Towers with Radar,0,0,10,0,10,0,0,1,0,1,0,0,11,0,11,0,0,0,11
03/19/2021,CDW,NJ,AEA,EN,Towers with Radar,0,1,9,0,10,0,0,17,0,17,0,1,26,0,27,42,0,42,69
03/20/2021,CDW,NJ,AEA,EN,Towers with Radar,0,3,12,0,15,0,5,343,16,364,0,8,355,16,379,260,0,260,639
03/21/2021,CDW,NJ,AEA,EN,Towers with Radar,0,2,7,0,9,0,0,318,8,326,0,2,325,8,335,260,0,260,595
03/22/2021,CDW,NJ,AEA,EN,Towers with Radar,0,0,18,0,18,0,4,152,2,158,0,4,170,2,176,212,0,212,388
03/23/2021,CDW,NJ,AEA,EN,Towers with Radar,0,0,11,0,11,0,1,172,0,173,0,1,183,0,184,212,0,212,396
03/24/2021,CDW,NJ,AEA,EN,Towers with Radar,0,0,8,0,8,0,0,1,0,1,0,0,9,0,9,16,0,16,25
03/25/2021,CDW,NJ,AEA,EN,Towers with Radar,0,0,18,0,18,0,0,54,2,56,0,0,72,2,74,100,24,124,198
03/26/2021,CDW,NJ,AEA,EN,Towers with Radar,0,0,3,0,3,0,0,8,2,10,0,0,11,2,13,0,0,0,13
03/27/2021,CDW,NJ,AEA,EN,Towers with Radar,0,0,6,0,6,0,1,303,1,305,0,1,309,1,311,230,0,230,541
03/28/2021,CDW,NJ,AEA,EN,Towers with Radar,0,2,9,0,11,0,0,0,0,0,0,2,9,0,11,0,0,0,11
03/29/2021,CDW,NJ,AEA,EN,Towers with Radar,0,1,1,0,2,0,1,18,0,19,0,2,19,0,21,2,18,20,41
03/30/2021,CDW,NJ,AEA,EN,Towers with Radar,0,1,7,0,8,0,3,236,4,243,0,4,243,4,251,116,0,116,367
03/31/2021,CDW,NJ,AEA,EN,Towers with Radar,0,0,26,0,26,0,0,46,3,49,0,0,72,3,75,210,0,210,285
04/01/2021,CDW,NJ,AEA,EN,Towers with Radar,0,0,7,0,7,0,0,23,1,24,0,0,30,1,31,20,0,20,51
04/02/2021,CDW,NJ,AEA,EN,Towers with Radar,0,1,7,0,8,0,17,111,2,130,0,18,118,2,138,80,2,82,220
04/03/2021,CDW,NJ,AEA,EN,Towers with Radar,0,0,23,0,23,0,8,260,8,276,0,8,283,8,299,169,0,169,468
04/04/2021,CDW,NJ,AEA,EN,Towers with Radar,0,3,3,0,6,0,4,192,0,196,0,7,195,0,202,240,0,240,442
04/05/2021,CDW,NJ,AEA,EN,Towers with Radar,0,0,8,0,8,0,0,86,1,87,0,0,94,1,95,18,0,18,113
04/06/2021,CDW,NJ,AEA,EN,Towers with Radar,0,0,9,0,9,0,1,194,6,201,0,1,203,6,210,164,0,164,374
04/07/2021,CDW,NJ,AEA,EN,Towers with Radar,0,0,10,0,10,0,1,235,3,239,0,1,245,3,249,286,0,286,535
04/08/2021,CDW,NJ,AEA,EN,Towers with Radar,0,2,5,0,7,0,8,219,9,236,0,10,224,9,243,210,0,210,453
04/09/2021,CDW,NJ,AEA,EN,Towers with Radar,0,0,18,0,18,0,3,161,5,169,0,3,179,5,187,314,0,314,501
04/10/2021,CDW,NJ,AEA,EN,Towers with Radar,0,0,39,0,39,0,4,54,0,58,0,4,93,0,97,224,0,224,321
04/11/2021,CDW,NJ,AEA,EN,Towers with Radar,0,2,10,0,12,0,0,0,0,0,0,2,10,0,12,0,0,0,12
04/12/2021,CDW,NJ,AEA,EN,Towers with Radar,0,0,16,0,16,0,0,9,0,9,0,0,25,0,25,0,28,28,53
04/13/2021,CDW,NJ,AEA,EN,Towers with Radar,0,4,13,0,17,0,5,237,6,248,0,9,250,6,265,288,0,288,553
04/14/2021,CDW,NJ,AEA,EN,Towers with Radar,0,2,12,0,14,0,4,209,9,222,0,6,221,9,236,224,0,224,460
04/15/2021,CDW,NJ,AEA,EN,Towers with Radar,0,0,17,0,17,0,0,0,0,0,0,0,17,0,17,0,0,0,17
04/16/2021,CDW,NJ,AEA,EN,Towers with Radar,0,0,8,0,8,0,16,44,2,62,0,16,52,2,70,90,0,90,160
04/17/2021,CDW,NJ,AEA,EN,Towers with Radar,0,2,21,0,23,0,27,224,8,259,0,29,245,8,282,228,0,228,510
04/18/2021,CDW,NJ,AEA,EN,Towers with Radar,0,2,15,0,17,0,1,295,1,297,0,3,310,1,314,203,0,203,517
04/19/2021,CDW,NJ,AEA,EN,Towers with Radar,0,2,9,0,11,0,4,167,0,171,0,6,176,0,182,196,0,196,378
04/20/2021,CDW,NJ,AEA,EN,Towers with Radar,0,0,8,0,8,0,0,140,1,141,0,0,148,1,149,164,0,164,313
04/21/2021,CDW,NJ,AEA,EN,Towers with Radar,0,0,3,0,3,0,0,21,0,21,0,0,24,0,24,46,0,46,70
04/22/2021,CDW,NJ,AEA,EN,Towers with Radar,0,2,7,0,9,0,4,30,1,35,0,6,37,1,44,4,0,4,48
04/23/2021,CDW,NJ,AEA,EN,Towers with Radar,0,1,13,0,14,0,3,67,3,73,0,4,80,3,87,40,0,40,127
04/24/2021,CDW,NJ,AEA,EN,Towers with Radar,0,0,13,0,13,0,2,317,0,319,0,2,330,0,332,274,0,274,606
04/25/2021,CDW,NJ,AEA,EN,Towers with Radar,0,3,29,0,32,0,2,25,0,27,0,5,54,0,59,46,0,46,105
04/26/2021,CDW,NJ,AEA,EN,Towers with Radar,0,0,5,0,5,0,3,60,7,70,0,3,65,7,75,19,0,19,94
04/27/2021,CDW,NJ,AEA,EN,Towers with Radar,0,2,8,0,10,0,2,264,2,268,0,4,272,2,278,242,0,242,520
04/28/2021,CDW,NJ,AEA,EN,Towers with Radar,0,0,13,0,13,0,0,226,15,241,0,0,239,15,254,175,6,181,435
04/29/2021,CDW,NJ,AEA,EN,Towers with Radar,0,0,9,0,9,0,0,66,6,72,0,0,75,6,81,125,0,125,206
04/30/2021,CDW,NJ,AEA,EN,Towers with Radar,0,0,7,0,7,0,3,7,1,11,0,3,14,1,18,0,0,0,18
05/01/2021,CDW,NJ,AEA,EN,Towers with Radar,0,3,9,0,12,0,6,111,1,118,0,9,120,1,130,70,0,70,200
05/02/2021,CDW,NJ,AEA,EN,Towers with Radar,0,5,11,0,16,0,5,212,0,217,0,10,223,0,233,138,0,138,371
05/03/2021,CDW,NJ,AEA,EN,Towers with Radar,0,0,4,0,4,0,0,114,1,115,0,0,118,1,119,154,0,154,273
05/04/2021,CDW,NJ,AEA,EN,Towers with Radar,0,0,10,0,10,0,0,65,3,68,0,0,75,3,78,116,0,116,194
05/05/2021,CDW,NJ,AEA,EN,Towers with Radar,0,0,8,0,8,0,0,4,0,4,0,0,12,0,12,10,0,10,22
05/06/2021,CDW,NJ,AEA,EN,Towers with Radar,0,1,13,0,14,0,8,178,4,190,0,9,191,4,204,160,0,160,364
05/07/2021,CDW,NJ,AEA,EN,Towers with Radar,0,0,9,0,9,0,10,244,2,256,0,10,253,2,265,242,0,242,507
05/08/2021,CDW,NJ,AEA,EN,Towers with Radar,0,1,15,0,16,0,7,44,0,51,0,8,59,0,67,106,0,106,173
05/09/2021,CDW,NJ,AEA,EN,Towers with Radar,0,1,21,0,22,0,5,155,3,163,0,6,176,3,185,144,0,144,329
05/10/2021,CDW,NJ,AEA,EN,Towers with Radar,0,0,19,0,19,0,7,47,2,56,0,7,66,2,75,70,0,70,145
05/11/2021,CDW,NJ,AEA,EN,Towers with Radar,0,0,6,0,6,0,3,151,0,154,0,3,157,0,160,112,6,118,278
05/12/2021,CDW,NJ,AEA,EN,Towers with Radar,0,2,11,0,13,0,5,179,2,186,0,7,190,2,199,116,0,116,315
05/13/2021,CDW,NJ,AEA,EN,Towers with Radar,0,2,3,0,5,0,2,240,3,245,0,4,243,3,250,238,0,238,488
05/14/2021,CDW,NJ,AEA,EN,Towers with Radar,0,0,17,0,17,0,2,258,3,263,0,2,275,3,280,232,0,232,512
05/15/2021,CDW,NJ,AEA,EN,Towers with Radar,0,0,14,0,14,0,6,300,0,306,0,6,314,0,320,350,0,350,670
05/16/2021,CDW,NJ,AEA,EN,Towers with Radar,0,2,9,0,11,0,1,215,0,216,0,3,224,0,227,194,0,194,421
05/17/2021,CDW,NJ,AEA,EN,Towers with Radar,0,0,8,0,8,0,6,177,3,186,0,6,185,3,194,294,0,294,488
05/18/2021,CDW,NJ,AEA,EN,Towers with Radar,0,0,11,0,11,0,0,167,6,173,0,0,178,6,184,266,10,276,460
05/19/2021,CDW,NJ,AEA,EN,Towers with Radar,0,0,22,0,22,0,0,178,8,186,0,0,200,8,208,174,0,174,382
05/20/2021,CDW,NJ,AEA,EN,Towers with Radar,0,5,9,0,14,0,1,161,2,164,0,6,170,2,178,156,0,156,334
05/21/2021,CDW,NJ,AEA,EN,Towers with Radar,0,4,7,0,11,0,6,182,5,193,0,10,189,5,204,260,0,260,464
05/22/2021,CDW,NJ,AEA,EN,Towers with Radar,0,1,7,0,8,0,7,227,1,235,0,8,234,1,243,146,0,146,389
05/23/2021,CDW,NJ,AEA,EN,Towers with Radar,0,4,12,0,16,0,2,112,0,114,0,6,124,0,130,18,0,18,148
05/24/2021,CDW,NJ,AEA,EN,Towers with Radar,0,3,11,0,14,0,6,120,4,130,0,9,131,4,144,180,4,184,328
05/25/2021,CDW,NJ,AEA,EN,Towers with Radar,0,2,16,0,18,0,9,154,3,166,0,11,170,3,184,182,2,184,368
05/26/2021,CDW,NJ,AEA,EN,Towers with Radar,0,0,14,0,14,0,5,85,3,93,0,5,99,3,107,156,16,172,279
05/27/2021,CDW,NJ,AEA,EN,Towers with Radar,0,1,9,0,10,0,7,223,5,235,0,8,232,5,245,152,0,152,397
05/28/2021,CDW,NJ,AEA,EN,Towers with Radar,0,0,12,0,12,0,8,101,2,111,0,8,113,2,123,90,0,90,213
05/29/2021,CDW,NJ,AEA,EN,Towers with Radar,0,0,11,0,11,0,2,0,0,2,0,2,11,0,13,0,0,0,13
05/30/2021,CDW,NJ,AEA,EN,Towers with Radar,0,2,16,0,18,0,0,0,0,0,0,2,16,0,18,0,0,0,18
05/31/2021,CDW,NJ,AEA,EN,Towers with Radar,0,0,27,0,27,0,8,116,0,124,0,8,143,0,151,188,0,188,339
06/01/2021,CDW,NJ,AEA,EN,Towers with Radar,0,0,10,0,10,0,9,222,9,240,0,9,232,9,250,192,0,192,442
06/02/2021,CDW,NJ,AEA,EN,Towers with Radar,0,0,13,0,13,0,9,205,6,220,0,9,218,6,233,252,22,274,507
06/03/2021,CDW,NJ,AEA,EN,Towers with Radar,0,0,15,0,15,0,0,1,0,1,0,0,16,0,16,0,0,0,16
06/04/2021,CDW,NJ,AEA,EN,Towers with Radar,0,2,18,0,20,0,4,38,2,44,0,6,56,2,64,60,0,60,124
06/05/2021,CDW,NJ,AEA,EN,Towers with Radar,0,1,11,0,12,0,5,287,6,298,0,6,298,6,310,238,0,238,548
06/06/2021,CDW,NJ,AEA,EN,Towers with Radar,0,2,12,0,14,0,6,229,2,237,0,8,241,2,251,114,0,114,365
06/07/2021,CDW,NJ,AEA,EN,Towers with Radar,0,1,11,0,12,0,7,168,5,180,0,8,179,5,192,187,0,187,379
06/08/2021,CDW,NJ,AEA,EN,Towers with Radar,0,0,7,0,7,0,4,124,4,132,0,4,131,4,139,86,10,96,235
06/09/2021,CDW,NJ,AEA,EN,Towers with Radar,0,3,6,0,9,0,1,165,3,169,0,4,171,3,178,212,0,212,390
06/10/2021,CDW,NJ,AEA,EN,Towers with Radar,0,1,8,0,9,0,11,210,4,225,0,12,218,4,234,118,0,118,352
06/11/2021,CDW,NJ,AEA,EN,Towers with Radar,0,2,17,0,19,0,17,169,1,187,0,19,186,1,206,202,0,202,408
06/12/2021,CDW,NJ,AEA,EN,Towers with Radar,0,0,23,0,23,0,6,163,4,173,0,6,186,4,196,296,0,296,492
06/13/2021,CDW,NJ,AEA,EN,Towers with Radar,0,3,17,0,20,0,15,161,2,178,0,18,178,2,198,138,0,138,336
06/14/2021,CDW,NJ,AEA,EN,Towers with Radar,0,0,14,0,14,0,13,32,1,46,0,13,46,1,60,56,0,56,116
06/15/2021,CDW,NJ,AEA,EN,Towers with Radar,1,0,8,2,11,0,8,126,2,136,1,8,134,4,147,104,0,104,251
06/16/2021,CDW,NJ,AEA,EN,Towers with Radar,0,0,4,0,4,0,10,277,7,294,0,10,281,7,298,160,0,160,458
06/17/2021,CDW,NJ,AEA,EN,Towers with Radar,0,4,9,0,13,0,8,232,5,245,0,12,241,5,258,260,0,260,518
06/18/2021,CDW,NJ,AEA,EN,Towers with Radar,0,1,6,0,7,0,15,218,1,234,0,16,224,1,241,172,0,172,413
06/19/2021,CDW,NJ,AEA,EN,Towers with Radar,0,0,17,0,17,0,3,136,2,141,0,3,153,2,158,92,0,92,250
06/20/2021,CDW,NJ,AEA,EN,Towers with Radar,0,5,21,0,26,0,8,183,0,191,0,13,204,0,217,120,0,120,337
06/21/2021,CDW,NJ,AEA,EN,Towers with Radar,0,7,26,0,33,0,5,79,7,91,0,12,105,7,124,64,0,64,188
06/22/2021,CDW,NJ,AEA,EN,Towers with Radar,0,2,21,0,23,0,12,58,0,70,0,14,79,0,93,46,0,46,139
06/23/2021,CDW,NJ,AEA,EN,Towers with Radar,0,0,10,0,10,0,13,378,7,398,0,13,388,7,408,178,0,178,586
06/24/2021,CDW,NJ,AEA,EN,Towers with Radar,0,1,14,0,15,0,12,256,4,272,0,13,270,4,287,419,0,419,706
06/25/2021,CDW,NJ,AEA,EN,Towers with Radar,0,2,22,0,24,0,12,191,5,208,0,14,213,5,232,172,0,172,404
06/26/2021,CDW,NJ,AEA,EN,Towers with Radar,0,1,22,0,23,0,15,77,0,92,0,16,99,0,115,200,0,200,315
06/27/2021,CDW,NJ,AEA,EN,Towers with Radar,0,1,16,0,17,0,8,126,2,136,0,9,142,2,153,140,0,140,293
06/28/2021,CDW,NJ,AEA,EN,Towers with Radar,1,6,6,0,13,0,8,152,5,165,1,14,158,5,178,294,0,294,472
06/29/2021,CDW,NJ,AEA,EN,Towers with Radar,0,0,0,0,0,0,13,253,2,268,0,13,253,2,268,288,0,288,556
06/30/2021,CDW,NJ,AEA,EN,Towers with Radar,0,1,4,0,5,0,13,156,1,170,0,14,160,1,175,181,0,181,356
07/01/2021,CDW,NJ,AEA,EN,Towers with Radar,0,7,10,0,17,0,11,109,0,120,0,18,119,0,137,186,0,186,323
07/02/2021,CDW,NJ,AEA,EN,Towers with Radar,0,2,25,0,27,0,5,49,0,54,0,7,74,0,81,110,0,110,191
07/03/2021,CDW,NJ,AEA,EN,Towers with Radar,0,2,18,0,20,0,1,5,0,6,0,3,23,0,26,0,0,0,26
07/04/2021,CDW,NJ,AEA,EN,Towers with Radar,0,6,16,0,22,0,6,157,2,165,0,12,173,2,187,194,0,194,381
07/05/2021,CDW,NJ,AEA,EN,Towers with Radar,0,4,22,0,26,0,10,191,0,201,0,14,213,0,227,118,0,118,345
07/06/2021,CDW,NJ,AEA,EN,Towers with Radar,0,5,2,0,7,0,8,131,5,144,0,13,133,5,151,140,0,140,291
07/07/2021,CDW,NJ,AEA,EN,Towers with Radar,0,3,2,0,5,0,14,197,5,216,0,17,199,5,221,182,0,182,403
07/08/2021,CDW,NJ,AEA,EN,Towers with Radar,0,3,9,0,12,0,7,65,3,75,0,10,74,3,87,106,0,106,193
07/09/2021,CDW,NJ,AEA,EN,Towers with Radar,0,0,7,0,7,0,6,62,3,71,0,6,69,3,78,102,0,102,180
07/10/2021,CDW,NJ,AEA,EN,Towers with Radar,0,3,21,0,24,0,4,240,0,244,0,7,261,0,268,324,0,324,592
07/11/2021,CDW,NJ,AEA,EN,Towers with Radar,0,8,30,0,38,0,8,29,0,37,0,16,59,0,75,90,0,90,165
07/12/2021,CDW,NJ,AEA,EN,Towers with Radar,0,3,10,0,13,0,3,9,2,14,0,6,19,2,27,4,0,4,31
07/13/2021,CDW,NJ,AEA,EN,Towers with Radar,0,3,30,0,33,0,3,6,1,10,0,6,36,1,43,12,6,18,61
07/14/2021,CDW,NJ,AEA,EN,Towers with Radar,0,0,28,0,28,0,4,139,2,145,0,4,167,2,173,112,0,112,285
07/15/2021,CDW,NJ,AEA,EN,Towers with Radar,0,6,17,0,23,0,8,321,5,334,0,14,338,5,357,198,0,198,555
07/16/2021,CDW,NJ,AEA,EN,Towers with Radar,0,0,11,0,11,0,8,249,6,263,0,8,260,6,274,196,0,196,470
07/17/2021,CDW,NJ,AEA,EN,Towers with Radar,0,0,7,0,7,0,2,156,0,158,0,2,163,0,165,154,0,154,319
07/18/2021,CDW,NJ,AEA,EN,Towers with Radar,0,1,30,0,31,0,7,54,0,61,0,8,84,0,92,158,0,158,250
07/19/2021,CDW,NJ,AEA,EN,Towers with Radar,0,3,11,0,14,0,5,181,3,189,0,8,192,3,203,134,4,138,341
07/20/2021,CDW,NJ,AEA,EN,Towers with Radar,0,4,23,0,27,0,15,106,2,123,0,19,129,2,150,120,0,120,270
07/21/2021,CDW,NJ,AEA,EN,Towers with Radar,0,0,7,0,7,0,9,194,4,207,0,9,201,4,214,70,0,70,284
07/22/2021,CDW,NJ,AEA,EN,Towers with Radar,0,4,8,0,12,0,15,287,8,310,0,19,295,8,322,90,0,90,412
07/23/2021,CDW,NJ,AEA,EN,Towers with Radar,0,1,17,0,18,0,16,305,4,325,0,17,322,4,343,194,0,194,537
07/24/2021,CDW,NJ,AEA,EN,Towers with Radar,0,3,11,0,14,0,9,273,4,286,0,12,284,4,300,204,0,204,504
07/25/2021,CDW,NJ,AEA,EN,Towers with Radar,0,3,24,0,27,0,15,25,0,40,0,18,49,0,67,86,0,86,153
07/26/2021,CDW,NJ,AEA,EN,Towers with Radar,0,2,12,0,14,0,3,178,2,183,0,5,190,2,197,196,0,196,393
07/27/2021,CDW,NJ,AEA,EN,Towers with Radar,0,2,8,0,10,0,4,236,2,242,0,6,244,2,252,196,4,200,452
07/28/2021,CDW,NJ,AEA,EN,Towers with Radar,0,6,23,0,29,0,9,304,8,321,0,15,327,8,350,255,0,255,605
07/29/2021,CDW,NJ,AEA,EN,Towers with Radar,0,2,19,0,21,0,8,30,1,39,0,10,49,1,60,24,0,24,84
07/30/2021,CDW,NJ,AEA,EN,Towers with Radar,0,3,5,0,8,0,10,149,5,164,0,13,154,5,172,65,0,65,237
07/31/2021,CDW,NJ,AEA,EN,Towers with Radar,0,0,10,0,10,0,6,282,1,289,0,6,292,1,299,198,0,198,497
08/01/2021,CDW,NJ,AEA,EN,Towers with Radar,0,2,13,0,15,0,8,95,0,103,0,10,108,0,118,90,0,90,208
08/02/2021,CDW,NJ,AEA,EN,Towers with Radar,0,3,8,0,11,0,13,150,10,173,0,16,158,10,184,70,6,76,260
08/03/2021,CDW,NJ,AEA,EN,Towers with Radar,0,0,14,0,14,0,15,228,10,253,0,15,242,10,267,244,8,252,519
08/04/2021,CDW,NJ,AEA,EN,Towers with Radar,0,2,16,0,18,0,11,238,4,253,0,13,254,4,271,262,0,262,533
08/05/2021,CDW,NJ,AEA,EN,Towers with Radar,0,2,17,0,19,0,16,176,7,199,0,18,193,7,218,242,4,246,464
08/06/2021,CDW,NJ,AEA,EN,Towers with Radar,0,1,8,0,9,0,15,258,1,274,0,16,266,1,283,180,0,180,463
08/07/2021,CDW,NJ,AEA,EN,Towers with Radar,0,6,13,0,19,0,5,265,3,273,0,11,278,3,292,230,0,230,522
08/08/2021,CDW,NJ,AEA,EN,Towers with Radar,0,15,29,0,44,0,47,127,0,174,0,62,156,0,218,94,0,94,312
08/09/2021,CDW,NJ,AEA,EN,Towers with Radar,0,0,25,0,25,0,8,108,4,120,0,8,133,4,145,178,0,178,323
08/10/2021,CDW,NJ,AEA,EN,Towers with Radar,0,3,23,0,26,0,14,95,1,110,0,17,118,1,136,128,10,138,274
08/11/2021,CDW,NJ,AEA,EN,Towers with Radar,0,5,14,0,19,0,5,116,7,128,0,10,130,7,147,84,0,84,231
08/12/2021,CDW,NJ,AEA,EN,Towers with Radar,0,2,8,0,10,0,10,180,1,191,0,12,188,1,201,100,0,100,301
08/13/2021,CDW,NJ,AEA,EN,Towers with Radar,0,0,8,0,8,0,11,240,1,252,0,11,248,1,260,166,0,166,426
08/14/2021,CDW,NJ,AEA,EN,Towers with Radar,0,0,7,0,7,0,10,148,0,158,0,10,155,0,165,232,0,232,397
08/15/2021,CDW,NJ,AEA,EN,Towers with Radar,0,0,11,0,11,0,10,233,2,245,0,10,244,2,256,138,0,138,394
08/16/2021,CDW,NJ,AEA,EN,Towers with Radar,0,0,10,0,10,0,5,253,2,260,0,5,263,2,270,176,0,176,446
08/17/2021,CDW,NJ,AEA,EN,Towers with Radar,1,0,7,0,8,0,13,168,6,187,1,13,175,6,195,328,0,328,523
08/18/2021,CDW,NJ,AEA,EN,Towers with Radar,0,0,22,2,24,0,12,62,3,77,0,12,84,5,101,54,0,54,155
08/19/2021,CDW,NJ,AEA,EN,Towers with Radar,0,3,15,0,18,0,12,71,8,91,0,15,86,8,109,138,0,138,247
08/20/2021,CDW,NJ,AEA,EN,Towers with Radar,0,1,19,0,20,0,8,158,6,172,0,9,177,6,192,302,0,302,494
08/21/2021,CDW,NJ,AEA,EN,Towers with Radar,0,2,22,0,24,0,11,141,0,152,0,13,163,0,176,252,0,252,428
08/22/2021,CDW,NJ,AEA,EN,Towers with Radar,0,0,2,0,2,0,0,2,0,2,0,0,4,0,4,0,0,0,4
08/23/2021,CDW,NJ,AEA,EN,Towers with Radar,0,3,9,0,12,0,7,31,0,38,0,10,40,0,50,22,0,22,72
08/24/2021,CDW,NJ,AEA,EN,Towers with Radar,0,3,13,0,16,0,8,260,6,274,0,11,273,6,290,140,0,140,430
08/25/2021,CDW,NJ,AEA,EN,Towers with Radar,0,0,10,0,10,0,13,232,6,251,0,13,242,6,261,154,0,154,415
08/26/2021,CDW,NJ,AEA,EN,Towers with Radar,0,1,14,0,15,0,11,207,2,220,0,12,221,2,235,68,0,68,303
08/27/2021,CDW,NJ,AEA,EN,Towers with Radar,0,2,8,0,10,0,5,149,3,157,0,7,157,3,167,176,0,176,343
08/28/2021,CDW,NJ,AEA,EN,Towers with Radar,0,0,25,0,25,0,14,54,1,69,0,14,79,1,94,100,0,100,194
08/29/2021,CDW,NJ,AEA,EN,Towers with Radar,0,2,37,0,39,0,6,11,0,17,0,8,48,0,56,16,0,16,72
08/30/2021,CDW,NJ,AEA,EN,Towers with Radar,0,1,21,0,22,0,13,50,1,64,0,14,71,1,86,50,0,50,136
08/31/2021,CDW,NJ,AEA,EN,Towers with Radar,0,2,8,0,10,0,15,266,3,284,0,17,274,3,294,300,0,300,594
09/01/2021,CDW,NJ,AEA,EN,Towers with Radar,0,0,5,0,5,0,2,3,0,5,0,2,8,0,10,0,0,0,10
09/02/2021,CDW,NJ,AEA,EN,Towers with Radar,0,3,4,0,7,0,10,28,8,46,0,13,32,8,53,0,0,0,53
09/03/2021,CDW,NJ,AEA,EN,Towers with Radar,0,6,19,0,25,0,7,213,5,225,0,13,232,5,250,104,0,104,354
09/04/2021,CDW,NJ,AEA,EN,Towers with Radar,0,0,12,0,12,0,10,225,4,239,0,10,237,4,251,224,0,224,475
09/05/2021,CDW,NJ,AEA,EN,Towers with Radar,0,2,14,0,16,0,6,67,1,74,0,8,81,1,90,108,0,108,198
09/06/2021,CDW,NJ,AEA,EN,Towers with Radar,0,0,19,0,19,0,7,157,0,164,0,7,176,0,183,104,0,104,287
09/07/2021,CDW,NJ,AEA,EN,Towers with Radar,0,0,17,0,17,0,4,115,0,119,0,4,132,0,136,82,0,82,218
09/08/2021,CDW,NJ,AEA,EN,Towers with Radar,0,0,10,0,10,0,8,151,2,161,0,8,161,2,171,70,0,70,241
09/09/2021,CDW,NJ,AEA,EN,Towers with Radar,0,0,19,0,19,0,5,43,0,48,0,5,62,0,67,24,0,24,91
09/10/2021,CDW,NJ,AEA,EN,Towers with Radar,0,4,29,0,33,0,13,151,4,168,0,17,180,4,201,46,0,46,247
09/11/2021,CDW,NJ,AEA,EN,Towers with Radar,0,2,9,0,11,0,3,198,4,205,0,5,207,4,216,180,0,180,396
09/12/2021,CDW,NJ,AEA,EN,Towers with Radar,0,0,13,0,13,0,14,273,2,289,0,14,286,2,302,126,0,126,428
09/13/2021,CDW,NJ,AEA,EN,Towers with Radar,0,2,8,0,10,0,14,178,6,198,0,16,186,6,208,170,0,170,378
09/14/2021,CDW,NJ,AEA,EN,Towers with Radar,0,1,18,0,19,0,10,221,5,236,0,11,239,5,255,192,0,192,447
09/15/2021,CDW,NJ,AEA,EN,Towers with Radar,0,2,17,0,19,0,9,68,13,90,0,11,85,13,109,92,0,92,201
09/16/2021,CDW,NJ,AEA,EN,Towers with Radar,0,5,11,0,16,0,7,36,0,43,0,12,47,0,59,32,0,32,91
09/17/2021,CDW,NJ,AEA,EN,Towers with Radar,0,2,29,0,31,0,10,7,2,19,0,12,36,2,50,0,0,0,50
09/18/2021,CDW,NJ,AEA,EN,Towers with Radar,0,0,24,0,24,0,14,243,1,258,0,14,267,1,282,374,0,374,656
09/19/2021,CDW,NJ,AEA,EN,Towers with Radar,0,1,12,0,13,0,9,240,1,250,0,10,252,1,263,140,0,140,403
09/20/2021,CDW,NJ,AEA,EN,Towers with Radar,0,5,21,0,26,0,6,199,3,208,0,11,220,3,234,150,0,150,384
09/21/2021,CDW,NJ,AEA,EN,Towers with Radar,0,1,21,0,22,0,4,119,5,128,0,5,140,5,150,78,0,78,228
09/22/2021,CDW,NJ,AEA,EN,Towers with Radar,0,4,6,0,10,0,6,29,2,37,0,10,35,2,47,10,0,10,57
09/23/2021,CDW,NJ,AEA,EN,Towers with Radar,0,2,11,0,13,0,4,3,0,7,0,6,14,0,20,0,0,0,20
09/24/2021,CDW,NJ,AEA,EN,Towers with Radar,0,0,13,0,13,0,6,157,0,163,0,6,170,0,176,141,0,141,317
09/25/2021,CDW,NJ,AEA,EN,Towers with Radar,0,1,14,0,15,0,8,294,0,302,0,9,308,0,317,276,0,276,593
09/26/2021,CDW,NJ,AEA,EN,Towers with Radar,0,1,10,0,11,0,4,188,2,194,0,5,198,2,205,84,0,84,289
09/27/2021,CDW,NJ,AEA,EN,Towers with Radar,0,5,10,0,15,0,8,135,4,147,0,13,145,4,162,40,6,46,208
09/28/2021,CDW,NJ,AEA,EN,Towers with Radar,0,2,8,0,10,0,3,57,6,66,0,5,65,6,76,52,0,52,128
09/29/2021,CDW,NJ,AEA,EN,Towers with Radar,0,1,18,0,19,0,10,194,6,210,0,11,212,6,229,92,0,92,321
09/30/2021,CDW,NJ,AEA,EN,Towers with Radar,0,3,6,0,9,0,17,212,5,234,0,20,218,5,243,264,0,264,507
10/01/2021,CDW,NJ,AEA,EN,Towers with Radar,0,2,15,0,17,0,8,199,2,209,0,10,214,2,226,142,0,142,368
10/02/2021,CDW,NJ,AEA,EN,Towers with Radar,0,0,16,0,16,0,10,225,0,235,0,10,241,0,251,218,0,218,469
10/03/2021,CDW,NJ,AEA,EN,Towers with Radar,0,0,21,0,21,0,5,265,1,271,0,5,286,1,292,174,0,174,466
10/04/2021,CDW,NJ,AEA,EN,Towers with Radar,0,2,11,0,13,0,0,0,0,0,0,2,11,0,13,0,0,0,13
10/05/2021,CDW,NJ,AEA,EN,Towers with Radar,0,3,24,0,27,0,0,8,0,8,0,3,32,0,35,0,0,0,35
10/06/2021,CDW,NJ,AEA,EN,Towers with Radar,0,2,24,0,26,0,3,100,3,106,0,5,124,3,132,194,0,194,326
10/07/2021,CDW,NJ,AEA,EN,Towers with Radar,0,4,21,0,25,0,12,112,5,129,0,16,133,5,154,146,4,150,304
10/08/2021,CDW,NJ,AEA,EN,Towers with Radar,0,4,20,0,24,0,7,213,6,226,0,11,233,6,250,70,0,70,320
10/09/2021,CDW,NJ,AEA,EN,Towers with Radar,0,0,29,0,29,0,1,103,3,107,0,1,132,3,136,318,0,318,454
10/10/2021,CDW,NJ,AEA,EN,Towers with Radar,0,6,31,0,37,0,2,0,0,2,0,8,31,0,39,0,0,0,39
10/11/2021,CDW,NJ,AEA,EN,Towers with Radar,0,4,26,0,30,0,4,137,0,141,0,8,163,0,171,178,0,178,349
10/12/2021,CDW,NJ,AEA,EN,Towers with Radar,0,2,21,0,23,0,17,154,0,171,0,19,175,0,194,158,0,158,352
10/13/2021,CDW,NJ,AEA,EN,Towers with Radar,0,2,24,0,26,1,11,80,4,96,1,13,104,4,122,206,10,216,338
10/14/2021,CDW,NJ,AEA,EN,Towers with Radar,0,2,9,0,11,0,7,223,8,238,0,9,232,8,249,136,0,136,385
10/15/2021,CDW,NJ,AEA,EN,Towers with Radar,0,0,19,0,19,0,12,218,2,232,0,12,237,2,251,184,0,184,435
10/16/2021,CDW,NJ,AEA,EN,Towers with Radar,0,0,11,0,11,0,6,104,0,110,0,6,115,0,121,108,0,108,229
10/17/2021,CDW,NJ,AEA,EN,Towers with Radar,0,1,13,0,14,0,11,139,0,150,0,12,152,0,164,50,0,50,214
10/18/2021,CDW,NJ,AEA,EN,Towers with Radar,0,1,7,0,8,0,2,96,4,102,0,3,103,4,110,26,0,26,136
10/19/2021,CDW,NJ,AEA,EN,Towers with Radar,0,4,7,0,11,0,8,164,5,177,0,12,171,5,188,92,0,92,280
10/20/2021,CDW,NJ,AEA,EN,Towers with Radar,0,3,12,0,15,0,4,209,5,218,0,7,221,5,233,140,0,140,373
10/21/2021,CDW,NJ,AEA,EN,Towers with Radar,0,3,8,0,11,0,4,204,3,211,0,7,212,3,222,120,0,120,342
10/22/2021,CDW,NJ,AEA,EN,Towers with Radar,0,2,15,0,17,0,8,172,7,187,0,10,187,7,204,202,0,202,406
10/23/2021,CDW,NJ,AEA,EN,Towers with Radar,0,2,10,0,12,0,5,264,2,271,0,7,274,2,283,160,0,160,443
10/24/2021,CDW,NJ,AEA,EN,Towers with Radar,0,4,17,0,21,0,10,273,0,283,0,14,290,0,304,166,0,166,470
10/25/2021,CDW,NJ,AEA,EN,Towers with Radar,0,4,13,0,17,0,11,27,0,38,0,15,40,0,55,32,0,32,87
10/26/2021,CDW,NJ,AEA,EN,Towers with Radar,0,1,6,0,7,0,3,7,0,10,0,4,13,0,17,0,0,0,17
10/27/2021,CDW,NJ,AEA,EN,Towers with Radar,0,4,19,0,23,0,4,43,2,49,0,8,62,2,72,27,0,27,99
10/28/2021,CDW,NJ,AEA,EN,Towers with Radar,0,2,13,0,15,0,10,287,6,303,0,12,300,6,318,114,0,114,432
10/29/2021,CDW,NJ,AEA,EN,Towers with Radar,0,0,19,0,19,0,8,62,2,72,0,8,81,2,91,140,0,140,231
10/30/2021,CDW,NJ,AEA,EN,Towers with Radar,0,0,16,0,16,0,15,11,0,26,0,15,27,0,42,12,0,12,54
10/31/2021,CDW,NJ,AEA,EN,Towers with Radar,0,2,16,0,18,0,8,147,0,155,0,10,163,0,173,234,0,234,407
11/01/2021,CDW,NJ,AEA,EN,Towers with Radar,0,3,6,0,9,0,8,159,3,170,0,11,165,3,179,122,2,124,303
11/02/2021,CDW,NJ,AEA,EN,Towers with Radar,0,2,6,0,8,0,5,174,2,181,0,7,180,2,189,180,0,180,369
11/03/2021,CDW,NJ,AEA,EN,Towers with Radar,0,2,2,0,4,0,7,194,3,204,0,9,196,3,208,194,0,194,402
11/04/2021,CDW,NJ,AEA,EN,Towers with Radar,0,1,16,0,17,0,9,192,1,202,0,10,208,1,219,154,0,154,373
11/05/2021,CDW,NJ,AEA,EN,Towers with Radar,0,0,11,0,11,0,13,196,5,214,0,13,207,5,225,164,0,164,389
11/06/2021,CDW,NJ,AEA,EN,Towers with Radar,0,0,11,0,11,0,11,271,10,292,0,11,282,10,303,120,0,120,423
11/07/2021,CDW,NJ,AEA,EN,Towers with Radar,0,0,10,0,10,0,9,284,2,295,0,9,294,2,305,178,0,178,483
11/08/2021,CDW,NJ,AEA,EN,Towers with Radar,0,2,6,0,8,0,10,171,7,188,0,12,177,7,196,158,0,158,354
11/09/2021,CDW,NJ,AEA,EN,Towers with Radar,0,1,8,0,9,0,10,232,6,248,0,11,240,6,257,168,0,168,425
11/10/2021,CDW,NJ,AEA,EN,Towers with Radar,0,3,3,0,6,0,7,147,5,159,0,10,150,5,165,72,0,72,237
11/11/2021,CDW,NJ,AEA,EN,Towers with Radar,0,2,19,0,21,0,12,207,0,219,0,14,226,0,240,148,0,148,388
11/12/2021,CDW,NJ,AEA,EN,Towers with Radar,0,2,6,0,8,0,7,43,4,54,0,9,49,4,62,36,0,36,98
11/13/2021,CDW,NJ,AEA,EN,Towers with Radar,0,0,3,0,3,0,10,67,0,77,0,10,70,0,80,30,0,30,110
11/14/2021,CDW,NJ,AEA,EN,Towers with Radar,0,0,10,0,10,0,6,216,0,222,0,6,226,0,232,114,0,114,346
11/15/2021,CDW,NJ,AEA,EN,Towers with Radar,0,3,7,0,10,0,5,88,4,97,0,8,95,4,107,168,0,168,275
11/16/2021,CDW,NJ,AEA,EN,Towers with Radar,0,2,15,0,17,0,10,205,6,221,0,12,220,6,238,218,0,218,456
11/17/2021,CDW,NJ,AEA,EN,Towers with Radar,0,4,15,0,19,0,12,198,3,213,0,16,213,3,232,144,0,144,376
11/18/2021,CDW,NJ,AEA,EN,Towers with Radar,0,0,13,0,13,0,4,122,1,127,0,4,135,1,140,66,0,66,206
11/19/2021,CDW,NJ,AEA,EN,Towers with Radar,0,4,6,0,10,0,10,201,2,213,0,14,207,2,223,94,0,94,317
11/20/2021,CDW,NJ,AEA,EN,Towers with Radar,0,2,10,0,12,0,6,88,1,95,0,8,98,1,107,52,0,52,159
11/21/2021,CDW,NJ,AEA,EN,Towers with Radar,0,3,7,0,10,0,6,178,9,193,0,9,185,9,203,124,0,124,327
11/22/2021,CDW,NJ,AEA,EN,Towers with Radar,0,2,9,0,11,0,11,92,0,103,0,13,101,0,114,48,0,48,162
11/23/2021,CDW,NJ,AEA,EN,Towers with Radar,0,3,15,0,18,0,11,83,0,94,0,14,98,0,112,42,0,42,154
11/24/2021,CDW,NJ,AEA,EN,Towers with Radar,0,4,17,0,21,0,11,234,0,245,0,15,251,0,266,182,0,182,448
11/25/2021,CDW,NJ,AEA,EN,Towers with Radar,0,0,2,0,2,0,10,78,0,88,0,10,80,0,90,32,0,32,122
11/26/2021,CDW,NJ,AEA,EN,Towers with Radar,0,4,6,0,10,0,7,12,0,19,0,11,18,0,29,0,0,0,29
11/27/2021,CDW,NJ,AEA,EN,Towers with Radar,0,1,5,0,6,0,5,33,0,38,0,6,38,0,44,2,0,2,46
11/28/2021,CDW,NJ,AEA,EN,Towers with Radar,0,1,13,0,14,0,11,100,0,111,0,12,113,0,125,220,0,220,345
11/29/2021,CDW,NJ,AEA,EN,Towers with Radar,0,3,5,0,8,0,11,80,9,100,0,14,85,9,108,26,24,50,158
11/30/2021,CDW,NJ,AEA,EN,Towers with Radar,0,5,7,0,12,0,8,72,11,91,0,13,79,11,103,64,12,76,179
12/01/2021,CDW,NJ,AEA,EN,Towers with Radar,0,4,6,0,10,0,12,165,10,187,0,16,171,10,197,200,6,206,403
12/02/2021,CDW,NJ,AEA,EN,Towers with Radar,0,2,8,0,10,0,7,79,3,89,0,9,87,3,99,138,0,138,237
12/03/2021,CDW,NJ,AEA,EN,Towers with Radar,0,7,5,0,12,0,14,112,3,129,0,21,117,3,141,74,0,74,215
12/04/2021,CDW,NJ,AEA,EN,Towers with Radar,0,6,6,0,12,0,10,253,0,263,0,16,259,0,275,120,0,120,395
12/05/2021,CDW,NJ,AEA,EN,Towers with Radar,0,3,15,0,18,0,11,213,0,224,0,14,228,0,242,90,0,90,332
12/06/2021,CDW,NJ,AEA,EN,Towers with Radar,0,3,2,0,5,0,8,5,1,14,0,11,7,1,19,0,0,0,19
12/07/2021,CDW,NJ,AEA,EN,Towers with Radar,0,1,6,0,7,0,9,185,4,198,0,10,191,4,205,160,0,160,365
12/08/2021,CDW,NJ,AEA,EN,Towers with Radar,0,2,4,1,7,0,18,114,7,139,0,20,118,8,146,140,0,140,286
12/09/2021,CDW,NJ,AEA,EN,Towers with Radar,0,4,13,0,17,0,12,187,12,211,0,16,200,12,228,90,0,90,318
12/10/2021,CDW,NJ,AEA,EN,Towers with Radar,0,2,11,0,13,0,15,166,10,191,0,17,177,10,204,120,0,120,324
12/11/2021,CDW,NJ,AEA,EN,Towers with Radar,0,0,2,0,2,0,1,2,11,14,0,1,4,11,16,0,0,0,16
12/12/2021,CDW,NJ,AEA,EN,Towers with Radar,0,5,9,1,15,0,9,183,4,196,0,14,192,5,211,78,0,78,289
12/13/2021,CDW,NJ,AEA,EN,Towers with Radar,0,2,7,0,9,0,7,123,1,131,0,9,130,1,140,116,0,116,256
12/14/2021,CDW,NJ,AEA,EN,Towers with Radar,0,1,15,0,16,0,6,172,1,179,0,7,187,1,195,184,0,184,379
12/15/2021,CDW,NJ,AEA,EN,Towers with Radar,0,4,10,0,14,0,5,112,2,119,0,9,122,2,133,120,0,120,253
12/16/2021,CDW,NJ,AEA,EN,Towers with Radar,0,2,6,0,8,0,4,127,2,133,0,6,133,2,141,100,0,100,241
12/17/2021,CDW,NJ,AEA,EN,Towers with Radar,0,2,12,0,14,0,10,167,6,183,0,12,179,6,197,6,0,6,203
12/18/2021,CDW,NJ,AEA,EN,Towers with Radar,0,2,4,0,6,0,3,21,0,24,0,5,25,0,30,12,0,12,42
12/19/2021,CDW,NJ,AEA,EN,Towers with Radar,0,2,6,0,8,0,3,81,0,84,0,5,87,0,92,58,0,58,150
12/20/2021,CDW,NJ,AEA,EN,Towers with Radar,0,1,10,0,11,0,7,167,0,174,0,8,177,0,185,90,0,90,275
12/21/2021,CDW,NJ,AEA,EN,Towers with Radar,0,0,10,0,10,0,8,146,2,156,0,8,156,2,166,136,0,136,302
12/22/2021,CDW,NJ,AEA,EN,Towers with Radar,0,1,10,0,11,0,8,66,1,75,0,9,76,1,86,8,0,8,94
12/23/2021,CDW,NJ,AEA,EN,Towers with Radar,0,2,9,0,11,0,11,244,0,255,0,13,253,0,266,96,0,96,362
12/24/2021,CDW,NJ,AEA,EN,Towers with Radar,0,2,5,0,7,0,7,34,0,41,0,9,39,0,48,34,0,34,82
12/25/2021,CDW,NJ,AEA,EN,Towers with Radar,0,0,1,0,1,0,8,2,0,10,0,8,3,0,11,8,0,8,19
12/26/2021,CDW,NJ,AEA,EN,Towers with Radar,0,3,10,0,13,0,2,107,0,109,0,5,117,0,122,24,0,24,146
12/27/2021,CDW,NJ,AEA,EN,Towers with Radar,0,3,9,0,12,0,4,172,0,176,0,7,181,0,188,208,0,208,396
12/28/2021,CDW,NJ,AEA,EN,Towers with Radar,0,6,4,0,10,0,9,184,3,196,0,15,188,3,206,146,0,146,352
12/29/2021,CDW,NJ,AEA,EN,Towers with Radar,0,0,4,0,4,0,4,4,0,8,0,4,8,0,12,0,0,0,12
12/30/2021,CDW,NJ,AEA,EN,Towers with Radar,0,2,14,0,16,0,8,4,0,12,0,10,18,0,28,0,0,0,28
12/31/2021,CDW,NJ,AEA,EN,Towers with Radar,0,4,11,0,15,0,8,1,0,9,0,12,12,0,24,0,0,0,24
01/01/2022,CDW,NJ,AEA,EN,Towers with Radar,0,2,3,0,5,0,0,0,0,0,0,2,3,0,5,0,0,0,5
01/02/2022,CDW,NJ,AEA,EN,Towers with Radar,0,0,14,0,14,0,0,5,0,5,0,0,19,0,19,8,0,8,27
01/03/2022,CDW,NJ,AEA,EN,Towers with Radar,0,0,5,0,5,0,11,68,7,86,0,11,73,7,91,118,10,128,219
01/04/2022,CDW,NJ,AEA,EN,Towers with Radar,0,2,8,0,10,0,8,238,1,247,0,10,246,1,257,78,8,86,343
01/05/2022,CDW,NJ,AEA,EN,Towers with Radar,0,0,4,0,4,0,6,2,0,8,0,6,6,0,12,0,0,0,12
01/06/2022,CDW,NJ,AEA,EN,Towers with Radar,0,2,6,0,8,0,13,163,4,180,0,15,169,4,188,112,0,112,300
01/07/2022,CDW,NJ,AEA,EN,Towers with Radar,0,0,4,0,4,0,74,9,2,85,0,74,13,2,89,2,0,2,91
01/08/2022,CDW,NJ,AEA,EN,Towers with Radar,0,0,14,0,14,0,11,245,0,256,0,11,259,0,270,182,0,182,452
01/09/2022,CDW,NJ,AEA,EN,Towers with Radar,0,0,2,0,2,0,8,1,0,9,0,8,3,0,11,0,0,0,11
01/10/2022,CDW,NJ,AEA,EN,Towers with Radar,0,2,8,0,10,0,4,53,4,61,0,6,61,4,71,22,0,22,93
01/11/2022,CDW,NJ,AEA,EN,Towers with Radar,0,2,3,1,6,0,4,75,8,87,0,6,78,9,93,86,0,86,179
01/12/2022,CDW,NJ,AEA,EN,Towers with Radar,0,1,5,0,6,0,7,141,3,151,0,8,146,3,157,106,0,106,263
01/13/2022,CDW,NJ,AEA,EN,Towers with Radar,0,0,4,0,4,0,10,196,5,211,0,10,200,5,215,144,0,144,359
01/14/2022,CDW,NJ,AEA,EN,Towers with Radar,0,2,4,0,6,0,12,20,5,37,0,14,24,5,43,10,0,10,53
01/15/2022,CDW,NJ,AEA,EN,Towers with Radar,0,0,3,0,3,0,7,144,0,151,0,7,147,0,154,168,0,168,322
01/16/2022,CDW,NJ,AEA,EN,Towers with Radar,0,0,9,0,9,0,12,166,0,178,0,12,175,0,187,166,0,166,353
01/17/2022,CDW,NJ,AEA,EN,Towers with Radar,0,0,4,0,4,0,6,1,0,7,0,6,5,0,11,0,0,0,11
01/18/2022,CDW,NJ,AEA,EN,Towers with Radar,0,1,4,0,5,0,6,28,0,34,0,7,32,0,39,6,0,6,45
01/19/2022,CDW,NJ,AEA,EN,Towers with Radar,0,2,8,0,10,0,10,94,1,105,0,12,102,1,115,86,0,86,201
01/20/2022,CDW,NJ,AEA,EN,Towers with Radar,0,0,4,0,4,0,2,7,1,10,0,2,11,1,14,12,0,12,26
01/21/2022,CDW,NJ,AEA,EN,Towers with Radar,0,2,8,0,10,0,8,115,2,125,0,10,123,2,135,144,0,144,279
01/22/2022,CDW,NJ,AEA,EN,Towers with Radar,0,0,14,0,14,0,9,184,0,193,0,9,198,0,207,124,0,124,331
01/23/2022,CDW,NJ,AEA,EN,Towers with Radar,0,1,5,0,6,0,5,181,0,186,0,6,186,0,192,164,0,164,356
01/24/2022,CDW,NJ,AEA,EN,Towers with Radar,0,2,6,0,8,0,4,104,1,109,0,6,110,1,117,126,0,126,243
01/25/2022,CDW,NJ,AEA,EN,Towers with Radar,0,0,8,0,8,0,9,154,1,164,0,9,162,1,172,252,0,252,424
01/26/2022,CDW,NJ,AEA,EN,Towers with Radar,0,1,6,0,7,0,8,108,4,120,0,9,114,4,127,52,0,52,179
01/27/2022,CDW,NJ,AEA,EN,Towers with Radar,0,1,9,0,10,0,9,188,6,203,0,10,197,6,213,112,0,112,325
01/28/2022,CDW,NJ,AEA,EN,Towers with Radar,0,0,2,0,2,0,1,0,0,1,0,1,2,0,3,0,0,0,3
01/29/2022,CDW,NJ,AEA,EN,Towers with Radar,0,0,0,0,0,0,0,0,0,0,0,0,0,0,0,0,0,0,0
01/30/2022,CDW,NJ,AEA,EN,Towers with Radar,0,2,8,0,10,0,12,52,0,64,0,14,60,0,74,32,0,32,106
01/31/2022,CDW,NJ,AEA,EN,Towers with Radar,0,2,11,0,13,0,8,82,2,92,0,10,93,2,105,58,0,58,163
02/01/2022,CDW,NJ,AEA,EN,Towers with Radar,0,0,13,0,13,0,5,170,6,181,0,5,183,6,194,240,0,240,434
02/02/2022,CDW,NJ,AEA,EN,Towers with Radar,0,0,17,0,17,0,9,74,2,85,0,9,91,2,102,68,0,68,170
02/03/2022,CDW,NJ,AEA,EN,Towers with Radar,0,1,2,0,3,0,0,0,0,0,0,1,2,0,3,0,0,0,3
02/04/2022,CDW,NJ,AEA,EN,Towers with Radar,0,0,1,0,1,0,0,0,0,0,0,0,1,0,1,0,0,0,1
02/05/2022,CDW,NJ,AEA,EN,Towers with Radar,0,0,4,0,4,0,5,35,0,40,0,5,39,0,44,4,0,4,48
02/06/2022,CDW,NJ,AEA,EN,Towers with Radar,0,1,16,0,17,0,10,212,0,222,0,11,228,0,239,166,0,166,405
02/07/2022,CDW,NJ,AEA,EN,Towers with Radar,0,2,4,0,6,0,2,1,0,3,0,4,5,0,9,0,0,0,9
02/08/2022,CDW,NJ,AEA,EN,Towers with Radar,0,0,9,0,9,0,6,207,9,222,0,6,216,9,231,202,6,208,439
02/09/2022,CDW,NJ,AEA,EN,Towers with Radar,0,2,8,0,10,0,13,221,4,238,0,15,229,4,248,144,0,144,392
02/10/2022,CDW,NJ,AEA,EN,Towers with Radar,0,0,11,0,11,0,5,78,5,88,0,5,89,5,99,54,2,56,155
02/11/2022,CDW,NJ,AEA,EN,Towers with Radar,0,4,6,0,10,0,8,213,1,222,0,12,219,1,232,108,0,108,340
02/12/2022,CDW,NJ,AEA,EN,Towers with Radar,0,1,8,0,9,0,8,128,1,137,0,9,136,1,146,42,0,42,188
02/13/2022,CDW,NJ,AEA,EN,Towers with Radar,0,0,4,0,4,0,0,13,0,13,0,0,17,0,17,32,0,32,49
02/14/2022,CDW,NJ,AEA,EN,Towers with Radar,0,0,5,0,5,0,9,30,0,39,0,9,35,0,44,2,0,2,46
02/15/2022,CDW,NJ,AEA,EN,Towers with Radar,0,0,0,0,0,0,7,155,2,164,0,7,155,2,164,132,2,134,298
02/16/2022,CDW,NJ,AEA,EN,Towers with Radar,0,0,6,0,6,0,5,165,4,174,0,5,171,4,180,212,0,212,392
02/17/2022,CDW,NJ,AEA,EN,Towers with Radar,0,0,9,0,9,0,7,47,6,60,0,7,56,6,69,36,8,44,113
02/18/2022,CDW,NJ,AEA,EN,Towers with Radar,0,2,7,0,9,0,10,16,0,26,0,12,23,0,35,0,0,0,35
02/19/2022,CDW,NJ,AEA,EN,Towers with Radar,0,2,6,0,8,0,9,68,1,78,0,11,74,1,86,40,0,40,126
02/20/2022,CDW,NJ,AEA,EN,Towers with Radar,0,4,12,0,16,0,2,262,0,264,0,6,274,0,280,174,0,174,454
02/21/2022,CDW,NJ,AEA,EN,Towers with Radar,0,3,13,0,16,0,11,287,0,298,0,14,300,0,314,234,0,234,548
02/22/2022,CDW,NJ,AEA,EN,Towers with Radar,0,0,6,0,6,0,2,2,0,4,0,2,8,0,10,0,0,0,10
02/23/2022,CDW,NJ,AEA,EN,Towers with Radar,0,1,5,1,7,0,11,122,3,136,0,12,127,4,143,78,0,78,221
02/24/2022,CDW,NJ,AEA,EN,Towers with Radar,0,0,8,0,8,0,16,158,4,178,0,16,166,4,186,162,0,162,348
02/25/2022,CDW,NJ,AEA,EN,Towers with Radar,0,0,4,0,4,0,5,2,0,7,0,5,6,0,11,1,6,7,18
02/26/2022,CDW,NJ,AEA,EN,Towers with Radar,0,1,12,0,13,0,10,245,1,256,0,11,257,1,269,219,0,219,488
02/27/2022,CDW,NJ,AEA,EN,Towers with Radar,0,0,14,0,14,0,4,88,0,92,0,4,102,0,106,28,0,28,134
02/28/2022,CDW,NJ,AEA,EN,Towers with Radar,0,0,8,0,8,0,7,139,2,148,0,7,147,2,156,92,0,92,248
03/01/2022,CDW,NJ,AEA,EN,Towers with Radar,0,0,1,0,1,0,10,143,2,155,0,10,144,2,156,310,0,310,466
03/02/2022,CDW,NJ,AEA,EN,Towers with Radar,0,1,8,0,9,0,9,179,2,190,0,10,187,2,199,122,0,122,321
03/03/2022,CDW,NJ,AEA,EN,Towers with Radar,0,1,3,0,4,0,17,58,1,76,0,18,61,1,80,0,0,0,80
03/04/2022,CDW,NJ,AEA,EN,Towers with Radar,0,6,18,0,24,0,15,265,4,284,0,21,283,4,308,188,0,188,496
03/05/2022,CDW,NJ,AEA,EN,Towers with Radar,0,3,13,0,16,0,11,217,2,230,0,14,230,2,246,166,0,166,412
03/06/2022,CDW,NJ,AEA,EN,Towers with Radar,0,1,13,0,14,0,4,6,0,10,0,5,19,0,24,0,0,0,24
03/07/2022,CDW,NJ,AEA,EN,Towers with Radar,0,0,5,0,5,0,25,50,2,77,0,25,55,2,82,96,0,96,178
03/08/2022,CDW,NJ,AEA,EN,Towers with Radar,0,1,6,0,7,0,13,77,2,92,0,14,83,2,99,132,0,132,231
03/09/2022,CDW,NJ,AEA,EN,Towers with Radar,0,0,2,0,2,0,0,0,0,0,0,0,2,0,2,0,0,0,2
03/10/2022,CDW,NJ,AEA,EN,Towers with Radar,0,4,11,0,15,0,18,197,4,219,0,22,208,4,234,128,0,128,362
03/11/2022,CDW,NJ,AEA,EN,Towers with Radar,0,3,12,0,15,0,7,187,2,196,0,10,199,2,211,254,0,254,465
03/12/2022,CDW,NJ,AEA,EN,Towers with Radar,0,0,1,0,1,0,2,0,0,2,0,2,1,0,3,0,0,0,3
03/13/2022,CDW,NJ,AEA,EN,Towers with Radar,0,1,11,0,12,0,12,59,0,71,0,13,70,0,83,18,0,18,101
03/14/2022,CDW,NJ,AEA,EN,Towers with Radar,0,1,6,0,7,0,18,150,2,170,0,19,156,2,177,214,0,214,391
03/15/2022,CDW,NJ,AEA,EN,Towers with Radar,0,0,4,0,4,0,17,230,5,252,0,17,234,5,256,206,0,206,462
03/16/2022,CDW,NJ,AEA,EN,Towers with Radar,0,1,6,0,7,0,18,210,1,229,0,19,216,1,236,178,0,178,414
03/17/2022,CDW,NJ,AEA,EN,Towers with Radar,0,1,9,0,10,0,0,0,0,0,0,1,9,0,10,0,0,0,10
03/18/2022,CDW,NJ,AEA,EN,Towers with Radar,0,0,10,0,10,0,11,196,5,212,0,11,206,5,222,188,0,188,410
03/19/2022,CDW,NJ,AEA,EN,Towers with Radar,0,0,11,0,11,0,6,18,0,24,0,6,29,0,35,12,0,12,47
03/20/2022,CDW,NJ,AEA,EN,Towers with Radar,0,0,8,0,8,0,16,154,6,176,0,16,162,6,184,142,0,142,326
03/21/2022,CDW,NJ,AEA,EN,Towers with Radar,0,1,10,0,11,0,14,122,0,136,0,15,132,0,147,102,0,102,249
03/22/2022,CDW,NJ,AEA,EN,Towers with Radar,0,0,17,0,17,0,25,167,6,198,0,25,184,6,215,106,0,106,321
03/23/2022,CDW,NJ,AEA,EN,Towers with Radar,0,0,10,0,10,0,8,126,11,145,0,8,136,11,155,232,0,232,387
03/24/2022,CDW,NJ,AEA,EN,Towers with Radar,0,0,9,0,9,0,2,0,0,2,0,2,9,0,11,0,0,0,11
03/25/2022,CDW,NJ,AEA,EN,Towers with Radar,0,1,8,0,9,0,12,185,7,204,0,13,193,7,213,240,16,256,469
03/26/2022,CDW,NJ,AEA,EN,Towers with Radar,0,1,6,0,7,0,8,92,0,100,0,9,98,0,107,22,0,22,129
03/27/2022,CDW,NJ,AEA,EN,Towers with Radar,0,1,9,0,10,0,8,78,0,86,0,9,87,0,96,48,0,48,144
03/28/2022,CDW,NJ,AEA,EN,Towers with Radar,0,1,4,0,5,0,17,22,4,43,0,18,26,4,48,0,8,8,56
03/29/2022,CDW,NJ,AEA,EN,Towers with Radar,0,1,8,0,9,0,13,53,3,69,0,14,61,3,78,12,0,12,90
03/30/2022,CDW,NJ,AEA,EN,Towers with Radar,0,1,8,0,9,0,14,208,6,228,0,15,216,6,237,186,0,186,423
03/31/2022,CDW,NJ,AEA,EN,Towers with Radar,0,1,7,0,8,0,2,11,2,15,0,3,18,2,23,0,0,0,23
04/01/2022,CDW,NJ,AEA,EN,Towers with Radar,0,3,9,0,12,0,12,30,6,48,0,15,39,6,60,28,0,28,88
04/02/2022,CDW,NJ,AEA,EN,Towers with Radar,0,0,17,0,17,0,13,269,2,284,0,13,286,2,301,134,0,134,435
04/03/2022,CDW,NJ,AEA,EN,Towers with Radar,0,1,12,0,13,0,13,15,0,28,0,14,27,0,41,16,0,16,57
04/04/2022,CDW,NJ,AEA,EN,Towers with Radar,0,0,14,0,14,0,21,248,2,271,0,21,262,2,285,194,0,194,479
04/05/2022,CDW,NJ,AEA,EN,Towers with Radar,0,0,13,0,13,0,8,165,2,175,0,8,178,2,188,244,0,244,432
04/06/2022,CDW,NJ,AEA,EN,Towers with Radar,0,0,4,0,4,0,3,0,0,3,0,3,4,0,7,0,0,0,7
04/07/2022,CDW,NJ,AEA,EN,Towers with Radar,0,0,3,0,3,0,0,0,0,0,0,0,3,0,3,0,0,0,3
04/08/2022,CDW,NJ,AEA,EN,Towers with Radar,0,2,10,0,12,0,15,171,3,189,0,17,181,3,201,148,0,148,349
04/09/2022,CDW,NJ,AEA,EN,Towers with Radar,0,0,12,0,12,0,13,87,0,100,0,13,99,0,112,104,0,104,216
04/10/2022,CDW,NJ,AEA,EN,Towers with Radar,0,0,7,0,7,0,10,87,0,97,0,10,94,0,104,28,0,28,132
04/11/2022,CDW,NJ,AEA,EN,Towers with Radar,0,2,8,0,10,0,12,259,2,273,0,14,267,2,283,268,0,268,551
04/12/2022,CDW,NJ,AEA,EN,Towers with Radar,0,0,5,0,5,0,13,135,5,153,0,13,140,5,158,116,12,128,286
04/13/2022,CDW,NJ,AEA,EN,Towers with Radar,0,0,9,0,9,0,24,258,2,284,0,24,267,2,293,244,0,244,537
04/14/2022,CDW,NJ,AEA,EN,Towers with Radar,0,4,7,0,11,0,14,111,3,128,0,18,118,3,139,138,0,138,277
04/15/2022,CDW,NJ,AEA,EN,Towers with Radar,0,2,9,0,11,0,22,186,2,210,0,24,195,2,221,90,0,90,311
04/16/2022,CDW,NJ,AEA,EN,Towers with Radar,0,2,7,0,9,0,10,140,12,162,0,12,147,12,171,140,0,140,311
04/17/2022,CDW,NJ,AEA,EN,Towers with Radar,0,0,8,0,8,0,14,27,0,41,0,14,35,0,49,0,0,0,49
04/18/2022,CDW,NJ,AEA,EN,Towers with Radar,0,4,6,0,10,0,10,127,0,137,0,14,133,0,147,52,0,52,199
04/19/2022,CDW,NJ,AEA,EN,Towers with Radar,0,1,6,0,7,0,13,28,2,43,0,14,34,2,50,0,0,0,50
04/20/2022,CDW,NJ,AEA,EN,Towers with Radar,0,2,3,0,5,0,9,137,4,150,0,11,140,4,155,104,0,104,259
04/21/2022,CDW,NJ,AEA,EN,Towers with Radar,0,1,9,0,10,0,21,212,6,239,0,22,221,6,249,196,0,196,445
04/22/2022,CDW,NJ,AEA,EN,Towers with Radar,0,1,12,0,13,0,13,129,4,146,0,14,141,4,159,68,0,68,227
04/23/2022,CDW,NJ,AEA,EN,Towers with Radar,0,0,8,0,8,0,9,260,4,273,0,9,268,4,281,222,0,222,503
04/24/2022,CDW,NJ,AEA,EN,Towers with Radar,0,1,8,0,9,0,4,215,0,219,0,5,223,0,228,118,0,118,346
04/25/2022,CDW,NJ,AEA,EN,Towers with Radar,0,0,15,0,15,0,16,172,9,197,0,16,187,9,212,212,0,212,424
04/26/2022,CDW,NJ,AEA,EN,Towers with Radar,0,0,13,0,13,0,4,22,0,26,0,4,35,0,39,20,0,20,59
04/27/2022,CDW,NJ,AEA,EN,Towers with Radar,0,2,3,0,5,0,10,28,0,38,0,12,31,0,43,18,0,18,61
04/28/2022,CDW,NJ,AEA,EN,Towers with Radar,0,1,4,0,5,0,13,26,0,39,0,14,30,0,44,8,0,8,52
04/29/2022,CDW,NJ,AEA,EN,Towers with Radar,0,0,3,0,3,0,23,47,0,70,0,23,50,0,73,26,0,26,99
04/30/2022,CDW,NJ,AEA,EN,Towers with Radar,0,0,6,0,6,0,15,237,0,252,0,15,243,0,258,186,0,186,444
05/01/2022,CDW,NJ,AEA,EN,Towers with Radar,0,0,4,0,4,0,12,241,7,260,0,12,245,7,264,214,0,214,478
05/02/2022,CDW,NJ,AEA,EN,Towers with Radar,0,1,14,0,15,0,2,8,0,10,0,3,22,0,25,0,0,0,25
05/03/2022,CDW,NJ,AEA,EN,Towers with Radar,0,4,13,0,17,0,24,133,12,169,0,28,146,12,186,184,0,184,370
05/04/2022,CDW,NJ,AEA,EN,Towers with Radar,0,0,14,0,14,0,5,20,2,27,0,5,34,2,41,72,0,72,113
05/05/2022,CDW,NJ,AEA,EN,Towers with Radar,0,4,11,0,15,0,27,286,11,324,0,31,297,11,339,280,0,280,619
05/06/2022,CDW,NJ,AEA,EN,Towers with Radar,0,1,19,0,20,0,9,32,0,41,0,10,51,0,61,52,0,52,113
05/07/2022,CDW,NJ,AEA,EN,Towers with Radar,0,0,4,0,4,0,2,5,0,7,0,2,9,0,11,0,0,0,11
05/08/2022,CDW,NJ,AEA,EN,Towers with Radar,0,6,5,0,11,0,51,44,0,95,0,57,49,0,106,52,0,52,158
05/09/2022,CDW,NJ,AEA,EN,Towers with Radar,0,0,2,0,2,0,30,67,8,105,0,30,69,8,107,60,0,60,167
05/10/2022,CDW,NJ,AEA,EN,Towers with Radar,0,0,5,0,5,0,9,20,0,29,0,9,25,0,34,0,0,0,34
05/11/2022,CDW,NJ,AEA,EN,Towers with Radar,0,2,6,0,8,0,21,169,5,195,0,23,175,5,203,64,0,64,267
05/12/2022,CDW,NJ,AEA,EN,Towers with Radar,0,2,10,0,12,0,18,87,5,110,0,20,97,5,122,226,0,226,348
05/13/2022,CDW,NJ,AEA,EN,Towers with Radar,0,1,20,0,21,0,15,16,0,31,0,16,36,0,52,58,0,58,110
05/14/2022,CDW,NJ,AEA,EN,Towers with Radar,0,0,17,0,17,0,1,7,0,8,0,1,24,0,25,10,0,10,35
05/15/2022,CDW,NJ,AEA,EN,Towers with Radar,0,4,23,0,27,0,24,130,0,154,0,28,153,0,181,272,0,272,453
05/16/2022,CDW,NJ,AEA,EN,Towers with Radar,0,2,1,0,3,0,15,57,2,74,0,17,58,2,77,158,0,158,235
05/17/2022,CDW,NJ,AEA,EN,Towers with Radar,0,2,15,0,17,0,10,98,8,116,0,12,113,8,133,102,4,106,239
05/18/2022,CDW,NJ,AEA,EN,Towers with Radar,0,0,7,0,7,0,28,252,6,286,0,28,259,6,293,226,0,226,519
05/19/2022,CDW,NJ,AEA,EN,Towers with Radar,0,0,5,0,5,0,10,56,1,67,0,10,61,1,72,144,0,144,216
05/20/2022,CDW,NJ,AEA,EN,Towers with Radar,0,1,25,0,26,0,12,94,3,109,0,13,119,3,135,166,0,166,301
05/21/2022,CDW,NJ,AEA,EN,Towers with Radar,0,0,18,0,18,0,10,210,1,221,0,10,228,1,239,204,0,204,443
05/22/2022,CDW,NJ,AEA,EN,Towers with Radar,0,2,11,0,13,0,18,211,9,238,0,20,222,9,251,180,0,180,431
05/23/2022,CDW,NJ,AEA,EN,Towers with Radar,0,1,8,0,9,0,15,137,3,155,0,16,145,3,164,42,0,42,206
05/24/2022,CDW,NJ,AEA,EN,Towers with Radar,0,0,9,0,9,0,16,272,4,292,0,16,281,4,301,310,0,310,611
05/25/2022,CDW,NJ,AEA,EN,Towers with Radar,0,3,8,0,11,0,11,225,3,239,0,14,233,3,250,232,0,232,482
05/26/2022,CDW,NJ,AEA,EN,Towers with Radar,0,12,16,0,28,0,18,171,3,192,0,30,187,3,220,342,0,342,562
05/27/2022,CDW,NJ,AEA,EN,Towers with Radar,0,4,26,0,30,0,26,40,3,69,0,30,66,3,99,26,0,26,125
05/28/2022,CDW,NJ,AEA,EN,Towers with Radar,0,2,12,0,14,0,16,53,3,72,0,18,65,3,86,118,0,118,204
05/29/2022,CDW,NJ,AEA,EN,Towers with Radar,0,1,10,0,11,0,19,233,0,252,0,20,243,0,263,218,0,218,481
05/30/2022,CDW,NJ,AEA,EN,Towers with Radar,0,2,10,0,12,0,43,233,0,276,0,45,243,0,288,190,0,190,478
05/31/2022,CDW,NJ,AEA,EN,Towers with Radar,0,4,7,0,11,0,19,187,3,209,0,23,194,3,220,210,0,210,430
06/01/2022,CDW,NJ,AEA,EN,Towers with Radar,0,2,9,0,11,0,10,88,5,103,0,12,97,5,114,240,0,240,354
06/02/2022,CDW,NJ,AEA,EN,Towers with Radar,0,6,15,0,21,0,12,37,5,54,0,18,52,5,75,182,24,206,281
06/03/2022,CDW,NJ,AEA,EN,Towers with Radar,0,0,16,0,16,0,15,203,4,222,0,15,219,4,238,234,0,234,472
06/04/2022,CDW,NJ,AEA,EN,Towers with Radar,0,0,3,0,3,0,10,112,0,122,0,10,115,0,125,102,0,102,227
06/05/2022,CDW,NJ,AEA,EN,Towers with Radar,0,2,14,0,16,0,7,323,0,330,0,9,337,0,346,210,0,210,556
06/06/2022,CDW,NJ,AEA,EN,Towers with Radar,0,1,4,0,5,0,13,249,6,268,0,14,253,6,273,222,0,222,495
06/07/2022,CDW,NJ,AEA,EN,Towers with Radar,0,3,8,0,11,0,7,101,10,118,0,10,109,10,129,72,14,86,215
06/08/2022,CDW,NJ,AEA,EN,Towers with Radar,0,0,10,0,10,0,16,239,13,268,0,16,249,13,278,300,0,300,578
06/09/2022,CDW,NJ,AEA,EN,Towers with Radar,0,0,9,0,9,0,14,37,3,54,0,14,46,3,63,8,0,8,71
06/10/2022,CDW,NJ,AEA,EN,Towers with Radar,0,0,9,0,9,0,18,227,14,259,0,18,236,14,268,210,0,210,478
06/11/2022,CDW,NJ,AEA,EN,Towers with Radar,0,1,10,0,11,0,13,318,0,331,0,14,328,0,342,296,0,296,638
06/12/2022,CDW,NJ,AEA,EN,Towers with Radar,0,0,14,0,14,0,19,41,0,60,0,19,55,0,74,44,0,44,118
06/13/2022,CDW,NJ,AEA,EN,Towers with Radar,0,6,26,0,32,0,21,202,3,226,0,27,228,3,258,212,4,216,474
06/14/2022,CDW,NJ,AEA,EN,Towers with Radar,0,1,12,0,13,0,12,242,1,255,0,13,254,1,268,236,0,236,504
06/15/2022,CDW,NJ,AEA,EN,Towers with Radar,0,0,8,0,8,0,14,262,6,282,0,14,270,6,290,144,0,144,434
06/16/2022,CDW,NJ,AEA,EN,Towers with Radar,0,4,17,0,21,0,14,60,5,79,0,18,77,5,100,208,4,212,312
06/17/2022,CDW,NJ,AEA,EN,Towers with Radar,0,4,14,0,18,0,23,57,2,82,0,27,71,2,100,70,0,70,170
06/18/2022,CDW,NJ,AEA,EN,Towers with Radar,0,1,8,0,9,0,14,28,0,42,0,15,36,0,51,0,0,0,51
06/19/2022,CDW,NJ,AEA,EN,Towers with Radar,0,3,5,0,8,0,6,62,0,68,0,9,67,0,76,0,0,0,76
06/20/2022,CDW,NJ,AEA,EN,Towers with Radar,0,1,14,0,15,0,20,320,1,341,0,21,334,1,356,216,0,216,572
06/21/2022,CDW,NJ,AEA,EN,Towers with Radar,0,0,16,0,16,0,23,266,17,306,0,23,282,17,322,272,2,274,596
06/22/2022,CDW,NJ,AEA,EN,Towers with Radar,0,5,6,0,11,0,11,9,4,24,0,16,15,4,35,10,0,10,45
06/23/2022,CDW,NJ,AEA,EN,Towers with Radar,0,3,16,0,19,0,24,122,6,152,0,27,138,6,171,107,0,107,278
06/24/2022,CDW,NJ,AEA,EN,Towers with Radar,0,3,17,0,20,0,27,244,0,271,0,30,261,0,291,256,0,256,547
06/25/2022,CDW,NJ,AEA,EN,Towers with Radar,0,1,6,0,7,0,46,272,0,318,0,47,278,0,325,170,0,170,495
06/26/2022,CDW,NJ,AEA,EN,Towers with Radar,0,0,7,0,7,0,30,226,7,263,0,30,233,7,270,106,0,106,376
06/27/2022,CDW,NJ,AEA,EN,Towers with Radar,0,4,2,0,6,0,15,42,1,58,0,19,44,1,64,74,0,74,138
06/28/2022,CDW,NJ,AEA,EN,Towers with Radar,0,1,4,0,5,0,27,261,5,293,0,28,265,5,298,208,10,218,516
06/29/2022,CDW,NJ,AEA,EN,Towers with Radar,0,2,5,0,7,0,18,219,5,242,0,20,224,5,249,256,0,256,505
06/30/2022,CDW,NJ,AEA,EN,Towers with Radar,0,1,4,0,5,0,24,238,3,265,0,25,242,3,270,216,8,224,494
07/01/2022,CDW,NJ,AEA,EN,Towers with Radar,0,3,8,0,11,0,15,170,2,187,0,18,178,2,198,132,0,132,330
07/02/2022,CDW,NJ,AEA,EN,Towers with Radar,0,0,5,0,5,0,12,53,0,65,0,12,58,0,70,104,0,104,174
07/03/2022,CDW,NJ,AEA,EN,Towers with Radar,0,0,6,0,6,0,12,199,0,211,0,12,205,0,217,142,0,142,359
07/04/2022,CDW,NJ,AEA,EN,Towers with Radar,0,1,12,0,13,0,21,209,0,230,0,22,221,0,243,166,0,166,409
07/05/2022,CDW,NJ,AEA,EN,Towers with Radar,0,5,6,0,11,0,17,138,2,157,0,22,144,2,168,350,0,350,518
07/06/2022,CDW,NJ,AEA,EN,Towers with Radar,0,5,6,0,11,0,11,270,12,293,0,16,276,12,304,232,0,232,536
07/07/2022,CDW,NJ,AEA,EN,Towers with Radar,0,1,11,0,12,0,23,215,5,243,0,24,226,5,255,294,0,294,549
07/08/2022,CDW,NJ,AEA,EN,Towers with Radar,0,1,9,0,10,0,21,151,1,173,0,22,160,1,183,216,0,216,399
07/09/2022,CDW,NJ,AEA,EN,Towers with Radar,0,0,11,0,11,0,20,281,0,301,0,20,292,0,312,266,0,266,578
07/10/2022,CDW,NJ,AEA,EN,Towers with Radar,0,1,13,0,14,0,16,319,0,335,0,17,332,0,349,246,0,246,595
07/11/2022,CDW,NJ,AEA,EN,Towers with Radar,0,2,6,0,8,0,39,252,2,293,0,41,258,2,301,290,0,290,591
07/12/2022,CDW,NJ,AEA,EN,Towers with Radar,0,0,4,0,4,0,16,79,4,99,0,16,83,4,103,96,0,96,199
07/13/2022,CDW,NJ,AEA,EN,Towers with Radar,0,2,7,0,9,0,16,289,3,308,0,18,296,3,317,324,0,324,641
07/14/2022,CDW,NJ,AEA,EN,Towers with Radar,0,4,11,0,15,0,11,236,0,247,0,15,247,0,262,226,0,226,488
07/15/2022,CDW,NJ,AEA,EN,Towers with Radar,0,1,10,0,11,0,24,260,12,296,0,25,270,12,307,358,0,358,665
07/16/2022,CDW,NJ,AEA,EN,Towers with Radar,0,3,14,0,17,0,9,209,5,223,0,12,223,5,240,222,0,222,462
07/17/2022,CDW,NJ,AEA,EN,Towers with Radar,0,4,25,0,29,0,17,200,0,217,0,21,225,0,246,208,0,208,454
07/18/2022,CDW,NJ,AEA,EN,Towers with Radar,0,0,12,0,12,0,6,6,0,12,0,6,18,0,24,0,0,0,24
07/19/2022,CDW,NJ,AEA,EN,Towers with Radar,0,2,12,0,14,0,10,257,8,275,0,12,269,8,289,228,0,228,517
07/20/2022,CDW,NJ,AEA,EN,Towers with Radar,0,2,12,0,14,0,10,283,9,302,0,12,295,9,316,212,4,216,532
07/21/2022,CDW,NJ,AEA,EN,Towers with Radar,0,7,11,0,18,0,20,145,5,170,0,27,156,5,188,122,0,122,310
07/22/2022,CDW,NJ,AEA,EN,Towers with Radar,0,3,12,0,15,0,21,214,9,244,0,24,226,9,259,150,0,150,409
07/23/2022,CDW,NJ,AEA,EN,Towers with Radar,0,2,15,0,17,0,12,249,3,264,0,14,264,3,281,252,0,252,533
07/24/2022,CDW,NJ,AEA,EN,Towers with Radar,0,0,20,0,20,0,11,147,0,158,0,11,167,0,178,38,0,38,216
07/25/2022,CDW,NJ,AEA,EN,Towers with Radar,0,4,6,0,10,0,10,54,8,72,0,14,60,8,82,36,0,36,118
07/26/2022,CDW,NJ,AEA,EN,Towers with Radar,0,3,6,0,9,0,8,252,23,283,0,11,258,23,292,256,0,256,548
07/27/2022,CDW,NJ,AEA,EN,Towers with Radar,0,1,16,0,17,0,16,221,6,243,0,17,237,6,260,304,0,304,564
07/28/2022,CDW,NJ,AEA,EN,Towers with Radar,0,6,26,0,32,0,21,127,4,152,0,27,153,4,184,204,0,204,388
07/29/2022,CDW,NJ,AEA,EN,Towers with Radar,0,2,12,0,14,0,14,212,3,229,0,16,224,3,243,308,0,308,551
07/30/2022,CDW,NJ,AEA,EN,Towers with Radar,0,1,10,0,11,0,19,240,0,259,0,20,250,0,270,106,0,106,376
07/31/2022,CDW,NJ,AEA,EN,Towers with Radar,0,9,20,0,29,0,24,279,1,304,0,33,299,1,333,168,0,168,501
08/01/2022,CDW,NJ,AEA,EN,Towers with Radar,0,2,30,0,32,0,20,73,0,93,0,22,103,0,125,190,0,190,315
08/02/2022,CDW,NJ,AEA,EN,Towers with Radar,0,2,10,0,12,0,21,213,7,241,0,23,223,7,253,402,16,418,671
08/03/2022,CDW,NJ,AEA,EN,Towers with Radar,0,0,16,0,16,0,38,285,2,325,0,38,301,2,341,220,0,220,561
08/04/2022,CDW,NJ,AEA,EN,Towers with Radar,0,7,9,0,16,0,10,186,6,202,0,17,195,6,218,160,0,160,378
08/05/2022,CDW,NJ,AEA,EN,Towers with Radar,0,3,8,0,11,0,28,162,2,192,0,31,170,2,203,220,0,220,423
08/06/2022,CDW,NJ,AEA,EN,Towers with Radar,0,2,10,0,12,0,15,197,2,214,0,17,207,2,226,154,0,154,380
08/07/2022,CDW,NJ,AEA,EN,Towers with Radar,0,3,12,0,15,0,22,145,1,168,0,25,157,1,183,134,0,134,317
08/08/2022,CDW,NJ,AEA,EN,Towers with Radar,0,1,11,0,12,0,27,181,2,210,0,28,192,2,222,248,0,248,470
08/09/2022,CDW,NJ,AEA,EN,Towers with Radar,0,2,4,0,6,0,22,228,5,255,0,24,232,5,261,136,0,136,397
08/10/2022,CDW,NJ,AEA,EN,Towers with Radar,0,2,12,0,14,0,33,275,4,312,0,35,287,4,326,226,0,226,552
08/11/2022,CDW,NJ,AEA,EN,Towers with Radar,0,5,16,0,21,0,36,232,0,268,0,41,248,0,289,264,0,264,553
08/12/2022,CDW,NJ,AEA,EN,Towers with Radar,0,1,22,0,23,0,21,264,0,285,0,22,286,0,308,124,0,124,432
08/13/2022,CDW,NJ,AEA,EN,Towers with Radar,0,3,18,0,21,0,28,259,8,295,0,31,277,8,316,174,0,174,490
08/14/2022,CDW,NJ,AEA,EN,Towers with Radar,0,4,17,0,21,0,21,280,0,301,0,25,297,0,322,118,0,118,440
08/15/2022,CDW,NJ,AEA,EN,Towers with Radar,0,4,26,0,30,0,28,268,2,298,0,32,294,2,328,188,0,188,516
08/16/2022,CDW,NJ,AEA,EN,Towers with Radar,0,1,15,0,16,0,23,212,0,235,0,24,227,0,251,158,0,158,409
08/17/2022,CDW,NJ,AEA,EN,Towers with Radar,0,0,17,0,17,0,23,172,4,199,0,23,189,4,216,326,0,326,542
08/18/2022,CDW,NJ,AEA,EN,Towers with Radar,0,5,13,0,18,0,20,233,3,256,0,25,246,3,274,239,0,239,513
08/19/2022,CDW,NJ,AEA,EN,Towers with Radar,0,5,7,0,12,0,20,226,2,248,0,25,233,2,260,166,0,166,426
08/20/2022,CDW,NJ,AEA,EN,Towers with Radar,0,5,13,0,18,0,16,198,0,214,0,21,211,0,232,156,0,156,388
08/21/2022,CDW,NJ,AEA,EN,Towers with Radar,0,2,27,0,29,0,20,196,0,216,0,22,223,0,245,182,0,182,427
08/22/2022,CDW,NJ,AEA,EN,Towers with Radar,0,5,6,0,11,0,8,9,0,17,0,13,15,0,28,0,0,0,28
08/23/2022,CDW,NJ,AEA,EN,Towers with Radar,0,3,15,0,18,0,21,85,8,114,0,24,100,8,132,160,0,160,292
08/24/2022,CDW,NJ,AEA,EN,Towers with Radar,0,3,9,0,12,0,24,226,2,252,0,27,235,2,264,260,0,260,524
08/25/2022,CDW,NJ,AEA,EN,Towers with Radar,0,5,5,0,10,0,19,268,3,290,0,24,273,3,300,212,0,212,512
08/26/2022,CDW,NJ,AEA,EN,Towers with Radar,0,1,9,0,10,0,21,137,0,158,0,22,146,0,168,246,0,246,414
08/27/2022,CDW,NJ,AEA,EN,Towers with Radar,0,3,21,0,24,0,14,279,7,300,0,17,300,7,324,170,0,170,494
08/28/2022,CDW,NJ,AEA,EN,Towers with Radar,0,4,33,0,37,0,16,125,3,144,0,20,158,3,181,188,0,188,369
08/29/2022,CDW,NJ,AEA,EN,Towers with Radar,0,3,10,0,13,0,28,113,2,143,0,31,123,2,156,156,0,156,312
08/30/2022,CDW,NJ,AEA,EN,Towers with Radar,0,2,18,0,20,0,31,124,0,155,0,33,142,0,175,194,0,194,369
08/31/2022,CDW,NJ,AEA,EN,Towers with Radar,0,0,8,0,8,0,20,191,4,215,0,20,199,4,223,98,0,98,321
09/01/2022,CDW,NJ,AEA,EN,Towers with Radar,0,2,10,0,12,0,15,235,4,254,0,17,245,4,266,148,0,148,414
09/02/2022,CDW,NJ,AEA,EN,Towers with Radar,0,0,11,0,11,0,19,266,1,286,0,19,277,1,297,290,0,290,587
09/03/2022,CDW,NJ,AEA,EN,Towers with Radar,0,2,9,0,11,0,9,231,0,240,0,11,240,0,251,326,0,326,577
09/04/2022,CDW,NJ,AEA,EN,Towers with Radar,0,3,2,0,5,0,17,150,2,169,0,20,152,2,174,182,0,182,356
09/05/2022,CDW,NJ,AEA,EN,Towers with Radar,0,1,17,0,18,0,15,99,0,114,0,16,116,0,132,204,0,204,336
09/06/2022,CDW,NJ,AEA,EN,Towers with Radar,0,5,25,0,30,0,1,2,0,3,0,6,27,0,33,0,0,0,33
09/07/2022,CDW,NJ,AEA,EN,Towers with Radar,0,5,11,0,16,0,25,49,3,77,0,30,60,3,93,60,0,60,153
09/08/2022,CDW,NJ,AEA,EN,Towers with Radar,0,0,12,0,12,0,20,314,8,342,0,20,326,8,354,330,0,330,684
09/09/2022,CDW,NJ,AEA,EN,Towers with Radar,0,6,15,0,21,0,17,168,6,191,0,23,183,6,212,116,0,116,328
09/10/2022,CDW,NJ,AEA,EN,Towers with Radar,0,2,6,0,8,0,13,309,2,324,0,15,315,2,332,240,0,240,572
09/11/2022,CDW,NJ,AEA,EN,Towers with Radar,0,0,27,0,27,0,15,64,0,79,0,15,91,0,106,38,0,38,144
09/12/2022,CDW,NJ,AEA,EN,Towers with Radar,0,5,12,0,17,0,12,60,0,72,0,17,72,0,89,216,8,224,313
09/13/2022,CDW,NJ,AEA,EN,Towers with Radar,0,1,16,0,17,0,14,97,4,115,0,15,113,4,132,132,0,132,264
09/14/2022,CDW,NJ,AEA,EN,Towers with Radar,0,5,5,0,10,0,17,264,1,282,0,22,269,1,292,214,0,214,506
09/15/2022,CDW,NJ,AEA,EN,Towers with Radar,0,4,8,0,12,0,20,194,4,218,0,24,202,4,230,242,0,242,472
09/16/2022,CDW,NJ,AEA,EN,Towers with Radar,0,3,21,1,25,0,14,263,11,288,0,17,284,12,313,262,0,262,575
09/17/2022,CDW,NJ,AEA,EN,Towers with Radar,0,1,8,0,9,0,8,292,1,301,0,9,300,1,310,288,0,288,598
09/18/2022,CDW,NJ,AEA,EN,Towers with Radar,0,3,15,0,18,0,13,251,2,266,0,16,266,2,284,142,0,142,426
09/19/2022,CDW,NJ,AEA,EN,Towers with Radar,0,4,16,0,20,0,14,137,2,153,0,18,153,2,173,146,2,148,321
09/20/2022,CDW,NJ,AEA,EN,Towers with Radar,0,0,8,0,8,0,11,175,3,189,0,11,183,3,197,136,0,136,333
09/21/2022,CDW,NJ,AEA,EN,Towers with Radar,0,2,18,0,20,0,2,89,2,93,0,4,107,2,113,0,0,0,113
09/22/2022,CDW,NJ,AEA,EN,Towers with Radar,0,3,9,0,12,0,0,8,0,8,0,3,17,0,20,0,0,0,20
09/23/2022,CDW,NJ,AEA,EN,Towers with Radar,0,3,7,0,10,0,18,27,0,45,0,21,34,0,55,2,0,2,57
09/24/2022,CDW,NJ,AEA,EN,Towers with Radar,0,0,8,0,8,0,14,273,3,290,0,14,281,3,298,208,0,208,506
09/25/2022,CDW,NJ,AEA,EN,Towers with Radar,0,1,12,0,13,0,12,209,2,223,0,13,221,2,236,152,0,152,388
09/26/2022,CDW,NJ,AEA,EN,Towers with Radar,0,1,5,0,6,0,13,162,9,184,0,14,167,9,190,186,14,200,390
09/27/2022,CDW,NJ,AEA,EN,Towers with Radar,0,0,13,0,13,0,19,179,6,204,0,19,192,6,217,182,0,182,399
09/28/2022,CDW,NJ,AEA,EN,Towers with Radar,0,2,16,0,18,0,30,241,4,275,0,32,257,4,293,188,0,188,481
09/29/2022,CDW,NJ,AEA,EN,Towers with Radar,0,1,4,0,5,0,16,221,11,248,0,17,225,11,253,258,22,280,533
09/30/2022,CDW,NJ,AEA,EN,Towers with Radar,0,1,19,0,20,0,20,364,7,391,0,21,383,7,411,382,0,382,793
10/01/2022,CDW,NJ,AEA,EN,Towers with Radar,0,3,9,0,12,0,22,1,0,23,0,25,10,0,35,0,0,0,35
10/02/2022,CDW,NJ,AEA,EN,Towers with Radar,0,5,13,0,18,0,0,4,0,4,0,5,17,0,22,0,0,0,22
10/03/2022,CDW,NJ,AEA,EN,Towers with Radar,0,2,11,0,13,0,25,36,5,66,0,27,47,5,79,40,0,40,119
10/04/2022,CDW,NJ,AEA,EN,Towers with Radar,0,4,10,0,14,0,2,0,0,2,0,6,10,0,16,0,0,0,16
10/05/2022,CDW,NJ,AEA,EN,Towers with Radar,0,2,13,0,15,0,25,5,0,30,0,27,18,0,45,0,0,0,45
10/06/2022,CDW,NJ,AEA,EN,Towers with Radar,0,5,14,0,19,0,13,293,4,310,0,18,307,4,329,204,0,204,533
10/07/2022,CDW,NJ,AEA,EN,Towers with Radar,0,1,26,0,27,0,13,257,2,272,0,14,283,2,299,210,0,210,509
10/08/2022,CDW,NJ,AEA,EN,Towers with Radar,0,2,14,0,16,0,8,289,2,299,0,10,303,2,315,232,0,232,547
10/09/2022,CDW,NJ,AEA,EN,Towers with Radar,0,4,12,0,16,0,14,271,8,293,0,18,283,8,309,174,0,174,483
10/10/2022,CDW,NJ,AEA,EN,Towers with Radar,0,2,15,0,17,0,18,261,2,281,0,20,276,2,298,428,0,428,726
10/11/2022,CDW,NJ,AEA,EN,Towers with Radar,0,1,12,0,13,0,15,267,4,286,0,16,279,4,299,320,0,320,619
10/12/2022,CDW,NJ,AEA,EN,Towers with Radar,0,1,7,0,8,0,12,214,6,232,0,13,221,6,240,372,0,372,612
10/13/2022,CDW,NJ,AEA,EN,Towers with Radar,0,0,9,0,9,0,7,7,0,14,0,7,16,0,23,30,0,30,53
10/14/2022,CDW,NJ,AEA,EN,Towers with Radar,0,2,23,0,25,0,13,235,4,252,0,15,258,4,277,298,0,298,575
10/15/2022,CDW,NJ,AEA,EN,Towers with Radar,0,0,12,0,12,0,13,288,7,308,0,13,300,7,320,196,0,196,516
10/16/2022,CDW,NJ,AEA,EN,Towers with Radar,0,1,11,0,12,0,13,320,0,333,0,14,331,0,345,114,0,114,459
10/17/2022,CDW,NJ,AEA,EN,Towers with Radar,0,1,9,0,10,0,12,36,4,52,0,13,45,4,62,118,0,118,180
10/18/2022,CDW,NJ,AEA,EN,Towers with Radar,0,0,2,0,2,0,15,224,6,245,0,15,226,6,247,251,0,251,498
10/19/2022,CDW,NJ,AEA,EN,Towers with Radar,0,5,13,0,18,0,9,169,5,183,0,14,182,5,201,202,0,202,403
10/20/2022,CDW,NJ,AEA,EN,Towers with Radar,0,1,14,0,15,0,11,175,2,188,0,12,189,2,203,148,0,148,351
10/21/2022,CDW,NJ,AEA,EN,Towers with Radar,0,1,17,0,18,0,16,309,6,331,0,17,326,6,349,344,0,344,693
10/22/2022,CDW,NJ,AEA,EN,Towers with Radar,0,2,18,0,20,0,8,320,7,335,0,10,338,7,355,274,0,274,629
10/23/2022,CDW,NJ,AEA,EN,Towers with Radar,0,0,13,0,13,0,21,174,0,195,0,21,187,0,208,144,0,144,352
10/24/2022,CDW,NJ,AEA,EN,Towers with Radar,0,7,15,0,22,0,0,0,0,0,0,7,15,0,22,0,0,0,22
10/25/2022,CDW,NJ,AEA,EN,Towers with Radar,0,1,7,0,8,0,0,0,0,0,0,1,7,0,8,0,0,0,8
10/26/2022,CDW,NJ,AEA,EN,Towers with Radar,0,4,10,0,14,0,12,14,1,27,0,16,24,1,41,26,0,26,67
10/27/2022,CDW,NJ,AEA,EN,Towers with Radar,0,0,6,0,6,0,12,190,5,207,0,12,196,5,213,126,0,126,339
10/28/2022,CDW,NJ,AEA,EN,Towers with Radar,0,2,16,0,18,0,19,268,1,288,0,21,284,1,306,228,0,228,534
10/29/2022,CDW,NJ,AEA,EN,Towers with Radar,0,0,14,0,14,0,10,309,2,321,0,10,323,2,335,194,0,194,529
10/30/2022,CDW,NJ,AEA,EN,Towers with Radar,0,0,12,0,12,0,7,323,1,331,0,7,335,1,343,104,0,104,447
10/31/2022,CDW,NJ,AEA,EN,Towers with Radar,0,1,15,0,16,0,14,65,3,82,0,15,80,3,98,36,0,36,134
11/01/2022,CDW,NJ,AEA,EN,Towers with Radar,0,1,13,0,14,0,25,55,0,80,0,26,68,0,94,108,0,108,202
11/02/2022,CDW,NJ,AEA,EN,Towers with Radar,0,2,6,0,8,0,12,291,2,305,0,14,297,2,313,256,0,256,569
11/03/2022,CDW,NJ,AEA,EN,Towers with Radar,0,0,10,0,10,0,10,288,7,305,0,10,298,7,315,154,0,154,469
11/04/2022,CDW,NJ,AEA,EN,Towers with Radar,0,1,12,0,13,0,17,328,3,348,0,18,340,3,361,230,0,230,591
11/05/2022,CDW,NJ,AEA,EN,Towers with Radar,0,0,16,0,16,0,11,179,1,191,0,11,195,1,207,204,0,204,411
11/06/2022,CDW,NJ,AEA,EN,Towers with Radar,0,3,32,0,35,0,8,84,2,94,0,11,116,2,129,82,0,82,211
11/07/2022,CDW,NJ,AEA,EN,Towers with Radar,0,0,12,0,12,0,15,132,4,151,0,15,144,4,163,132,8,140,303
11/08/2022,CDW,NJ,AEA,EN,Towers with Radar,0,3,9,0,12,0,12,219,2,233,0,15,228,2,245,134,0,134,379
11/09/2022,CDW,NJ,AEA,EN,Towers with Radar,0,0,6,0,6,0,21,245,9,275,0,21,251,9,281,260,0,260,541
11/10/2022,CDW,NJ,AEA,EN,Towers with Radar,0,1,12,0,13,0,19,316,4,339,0,20,328,4,352,236,0,236,588
11/11/2022,CDW,NJ,AEA,EN,Towers with Radar,0,2,12,0,14,0,8,34,1,43,0,10,46,1,57,82,0,82,139
11/12/2022,CDW,NJ,AEA,EN,Towers with Radar,0,2,3,0,5,0,22,73,2,97,0,24,76,2,102,18,0,18,120
11/13/2022,CDW,NJ,AEA,EN,Towers with Radar,0,0,17,0,17,0,13,97,6,116,0,13,114,6,133,50,0,50,183
11/14/2022,CDW,NJ,AEA,EN,Towers with Radar,0,3,12,0,15,0,14,192,12,218,0,17,204,12,233,224,12,236,469
11/15/2022,CDW,NJ,AEA,EN,Towers with Radar,0,2,6,0,8,0,10,223,12,245,0,12,229,12,253,298,8,306,559
11/16/2022,CDW,NJ,AEA,EN,Towers with Radar,0,1,8,0,9,0,19,79,10,108,0,20,87,10,117,36,12,48,165
11/17/2022,CDW,NJ,AEA,EN,Towers with Radar,0,1,9,0,10,0,15,114,6,135,0,16,123,6,145,86,10,96,241
11/18/2022,CDW,NJ,AEA,EN,Towers with Radar,0,0,9,0,9,0,15,130,6,151,0,15,139,6,160,182,0,182,342
11/19/2022,CDW,NJ,AEA,EN,Towers with Radar,0,3,8,0,11,0,15,286,0,301,0,18,294,0,312,150,0,150,462
11/20/2022,CDW,NJ,AEA,EN,Towers with Radar,0,0,4,0,4,0,5,23,2,30,0,5,27,2,34,16,0,16,50
11/21/2022,CDW,NJ,AEA,EN,Towers with Radar,0,0,7,0,7,0,30,194,7,231,0,30,201,7,238,226,0,226,464
11/22/2022,CDW,NJ,AEA,EN,Towers with Radar,0,1,14,0,15,0,21,315,6,342,0,22,329,6,357,288,0,288,645
11/23/2022,CDW,NJ,AEA,EN,Towers with Radar,0,2,17,0,19,0,25,268,5,298,0,27,285,5,317,224,0,224,541
11/24/2022,CDW,NJ,AEA,EN,Towers with Radar,0,0,5,0,5,0,7,140,1,148,0,7,145,1,153,54,0,54,207
11/25/2022,CDW,NJ,AEA,EN,Towers with Radar,0,2,8,0,10,0,8,19,0,27,0,10,27,0,37,0,0,0,37
11/26/2022,CDW,NJ,AEA,EN,Towers with Radar,0,6,22,0,28,0,10,247,0,257,0,16,269,0,285,100,0,100,385
11/27/2022,CDW,NJ,AEA,EN,Towers with Radar,0,1,19,0,20,0,7,83,0,90,0,8,102,0,110,54,0,54,164
11/28/2022,CDW,NJ,AEA,EN,Towers with Radar,0,1,10,0,11,0,12,27,3,42,0,13,37,3,53,0,0,0,53
11/29/2022,CDW,NJ,AEA,EN,Towers with Radar,0,2,10,0,12,0,14,227,7,248,0,16,237,7,260,258,0,258,518
11/30/2022,CDW,NJ,AEA,EN,Towers with Radar,0,2,3,0,5,0,3,4,0,7,0,5,7,0,12,0,0,0,12
12/01/2022,CDW,NJ,AEA,EN,Towers with Radar,0,3,9,0,12,0,8,106,5,119,0,11,115,5,131,46,0,46,177
12/02/2022,CDW,NJ,AEA,EN,Towers with Radar,0,2,6,0,8,0,13,290,7,310,0,15,296,7,318,260,0,260,578
12/03/2022,CDW,NJ,AEA,EN,Towers with Radar,0,0,4,0,4,0,4,2,0,6,0,4,6,0,10,0,0,0,10
12/04/2022,CDW,NJ,AEA,EN,Towers with Radar,0,4,9,0,13,0,7,250,4,261,0,11,259,4,274,116,0,116,390
12/05/2022,CDW,NJ,AEA,EN,Towers with Radar,0,1,6,0,7,0,14,216,6,236,0,15,222,6,243,264,0,264,507
12/06/2022,CDW,NJ,AEA,EN,Towers with Radar,0,0,8,0,8,0,3,17,0,20,0,3,25,0,28,0,0,0,28
12/07/2022,CDW,NJ,AEA,EN,Towers with Radar,0,0,8,0,8,0,5,0,0,5,0,5,8,0,13,0,0,0,13
12/08/2022,CDW,NJ,AEA,EN,Towers with Radar,0,0,6,0,6,0,12,190,2,204,0,12,196,2,210,200,0,200,410
12/09/2022,CDW,NJ,AEA,EN,Towers with Radar,0,1,10,0,11,0,15,256,3,274,0,16,266,3,285,174,0,174,459
12/10/2022,CDW,NJ,AEA,EN,Towers with Radar,0,0,9,0,9,0,8,231,0,239,0,8,240,0,248,150,0,150,398
12/11/2022,CDW,NJ,AEA,EN,Towers with Radar,0,3,6,0,9,0,2,8,0,10,0,5,14,0,19,0,0,0,19
12/12/2022,CDW,NJ,AEA,EN,Towers with Radar,0,1,15,0,16,0,8,88,0,96,0,9,103,0,112,320,0,320,432
12/13/2022,CDW,NJ,AEA,EN,Towers with Radar,0,2,7,0,9,0,12,244,5,261,0,14,251,5,270,208,0,208,478
12/14/2022,CDW,NJ,AEA,EN,Towers with Radar,0,1,4,0,5,0,8,181,1,190,0,9,185,1,195,142,0,142,337
12/15/2022,CDW,NJ,AEA,EN,Towers with Radar,0,0,4,0,4,0,9,76,0,85,0,9,80,0,89,164,0,164,253
12/16/2022,CDW,NJ,AEA,EN,Towers with Radar,0,0,3,0,3,0,0,0,0,0,0,0,3,0,3,0,0,0,3
12/17/2022,CDW,NJ,AEA,EN,Towers with Radar,0,1,17,0,18,0,9,244,8,261,0,10,261,8,279,110,0,110,389
12/18/2022,CDW,NJ,AEA,EN,Towers with Radar,0,3,7,0,10,0,14,227,1,242,0,17,234,1,252,120,0,120,372
12/19/2022,CDW,NJ,AEA,EN,Towers with Radar,0,7,9,0,16,0,9,179,4,192,0,16,188,4,208,140,0,140,348
12/20/2022,CDW,NJ,AEA,EN,Towers with Radar,1,0,5,0,6,0,8,267,3,278,1,8,272,3,284,134,0,134,418
12/21/2022,CDW,NJ,AEA,EN,Towers with Radar,0,2,13,0,15,0,11,318,2,331,0,13,331,2,346,202,0,202,548
12/22/2022,CDW,NJ,AEA,EN,Towers with Radar,0,2,10,0,12,0,7,64,5,76,0,9,74,5,88,60,0,60,148
12/23/2022,CDW,NJ,AEA,EN,Towers with Radar,0,1,1,0,2,0,1,0,0,1,0,2,1,0,3,0,2,2,5
12/24/2022,CDW,NJ,AEA,EN,Towers with Radar,0,2,3,0,5,0,13,5,0,18,0,15,8,0,23,0,0,0,23
12/25/2022,CDW,NJ,AEA,EN,Towers with Radar,0,0,0,0,0,0,3,3,0,6,0,3,3,0,6,0,0,0,6
12/26/2022,CDW,NJ,AEA,EN,Towers with Radar,0,0,6,0,6,0,13,129,1,143,0,13,135,1,149,162,0,162,311
12/27/2022,CDW,NJ,AEA,EN,Towers with Radar,0,2,7,0,9,0,17,188,1,206,0,19,195,1,215,138,0,138,353
12/28/2022,CDW,NJ,AEA,EN,Towers with Radar,0,0,3,0,3,0,10,181,1,192,0,10,184,1,195,88,0,88,283
12/29/2022,CDW,NJ,AEA,EN,Towers with Radar,0,4,18,0,22,0,16,233,5,254,0,20,251,5,276,108,0,108,384
12/30/2022,CDW,NJ,AEA,EN,Towers with Radar,0,2,6,0,8,0,14,250,1,265,0,16,256,1,273,180,0,180,453
12/31/2022,CDW,NJ,AEA,EN,Towers with Radar,0,0,1,0,1,0,0,0,0,0,0,0,1,0,1,0,0,0,1
01/01/2023,CDW,NJ,AEA,EN,Towers with Radar,0,0,3,0,3,0,2,53,0,55,0,2,56,0,58,22,0,22,80
01/02/2023,CDW,NJ,AEA,EN,Towers with Radar,0,2,9,0,11,0,15,285,2,302,0,17,294,2,313,142,0,142,455
01/03/2023,CDW,NJ,AEA,EN,Towers with Radar,0,1,6,0,7,0,0,0,0,0,0,1,6,0,7,0,0,0,7
01/04/2023,CDW,NJ,AEA,EN,Towers with Radar,0,1,12,0,13,0,5,54,4,63,0,6,66,4,76,120,0,120,196
01/05/2023,CDW,NJ,AEA,EN,Towers with Radar,0,6,16,0,22,0,0,0,0,0,0,6,16,0,22,0,0,0,22
01/06/2023,CDW,NJ,AEA,EN,Towers with Radar,0,1,12,0,13,0,6,60,4,70,0,7,72,4,83,70,0,70,153
01/07/2023,CDW,NJ,AEA,EN,Towers with Radar,0,0,8,0,8,0,10,224,2,236,0,10,232,2,244,216,0,216,460
01/08/2023,CDW,NJ,AEA,EN,Towers with Radar,0,1,7,0,8,0,4,289,0,293,0,5,296,0,301,142,0,142,443
01/09/2023,CDW,NJ,AEA,EN,Towers with Radar,0,1,4,0,5,0,4,177,1,182,0,5,181,1,187,66,0,66,253
01/10/2023,CDW,NJ,AEA,EN,Towers with Radar,0,5,8,0,13,0,7,253,3,263,0,12,261,3,276,230,0,230,506
01/11/2023,CDW,NJ,AEA,EN,Towers with Radar,0,0,11,0,11,0,14,241,8,263,0,14,252,8,274,142,0,142,416
01/12/2023,CDW,NJ,AEA,EN,Towers with Radar,0,3,12,0,15,0,4,5,0,9,0,7,17,0,24,0,0,0,24
01/13/2023,CDW,NJ,AEA,EN,Towers with Radar,0,3,6,0,9,0,14,23,4,41,0,17,29,4,50,54,0,54,104
01/14/2023,CDW,NJ,AEA,EN,Towers with Radar,0,1,8,0,9,0,34,149,3,186,0,35,157,3,195,88,0,88,283
01/15/2023,CDW,NJ,AEA,EN,Towers with Radar,0,4,10,0,14,0,3,85,0,88,0,7,95,0,102,16,0,16,118
01/16/2023,CDW,NJ,AEA,EN,Towers with Radar,0,1,13,0,14,0,10,282,2,294,0,11,295,2,308,98,0,98,406
01/17/2023,CDW,NJ,AEA,EN,Towers with Radar,0,4,4,0,8,0,12,237,0,249,0,16,241,0,257,178,10,188,445
01/18/2023,CDW,NJ,AEA,EN,Towers with Radar,0,1,3,0,4,0,4,96,4,104,0,5,99,4,108,94,56,150,258
01/19/2023,CDW,NJ,AEA,EN,Towers with Radar,0,3,3,0,6,0,0,4,0,4,0,3,7,0,10,0,0,0,10
01/20/2023,CDW,NJ,AEA,EN,Towers with Radar,0,0,3,0,3,0,7,67,4,78,0,7,70,4,81,22,0,22,103
01/21/2023,CDW,NJ,AEA,EN,Towers with Radar,0,2,16,0,18,0,12,270,8,290,0,14,286,8,308,156,0,156,464
01/22/2023,CDW,NJ,AEA,EN,Towers with Radar,0,2,9,0,11,0,0,164,0,164,0,2,173,0,175,208,0,208,383
01/23/2023,CDW,NJ,AEA,EN,Towers with Radar,0,4,2,0,6,0,0,1,0,1,0,4,3,0,7,0,0,0,7
01/24/2023,CDW,NJ,AEA,EN,Towers with Radar,0,4,16,0,20,0,16,125,7,148,0,20,141,7,168,110,0,110,278
01/25/2023,CDW,NJ,AEA,EN,Towers with Radar,0,0,3,0,3,0,3,16,4,23,0,3,19,4,26,32,0,32,58
01/26/2023,CDW,NJ,AEA,EN,Towers with Radar,0,2,10,0,12,0,6,20,3,29,0,8,30,3,41,14,0,14,55
01/27/2023,CDW,NJ,AEA,EN,Towers with Radar,0,2,6,0,8,0,7,298,7,312,0,9,304,7,320,244,0,244,564
01/28/2023,CDW,NJ,AEA,EN,Towers with Radar,0,1,6,0,7,0,9,271,4,284,0,10,277,4,291,154,0,154,445
01/29/2023,CDW,NJ,AEA,EN,Towers with Radar,0,5,8,0,13,0,3,202,0,205,0,8,210,0,218,150,0,150,368
01/30/2023,CDW,NJ,AEA,EN,Towers with Radar,16,1,11,0,28,0,5,187,5,197,16,6,198,5,225,202,0,202,427
01/31/2023,CDW,NJ,AEA,EN,Towers with Radar,0,0,13,0,13,0,0,80,1,81,0,0,93,1,94,2,0,2,96
02/01/2023,CDW,NJ,AEA,EN,Towers with Radar,0,0,14,0,14,0,14,195,6,215,0,14,209,6,229,124,0,124,353
02/02/2023,CDW,NJ,AEA,EN,Towers with Radar,0,0,5,0,5,0,16,190,6,212,0,16,195,6,217,150,0,150,367
02/03/2023,CDW,NJ,AEA,EN,Towers with Radar,0,1,5,0,6,0,8,6,3,17,0,9,11,3,23,0,2,2,25
02/04/2023,CDW,NJ,AEA,EN,Towers with Radar,0,2,9,0,11,0,5,146,1,152,0,7,155,1,163,110,0,110,273
02/05/2023,CDW,NJ,AEA,EN,Towers with Radar,0,2,9,0,11,0,6,220,0,226,0,8,229,0,237,82,0,82,319
02/06/2023,CDW,NJ,AEA,EN,Towers with Radar,0,2,5,0,7,0,6,124,3,133,0,8,129,3,140,94,0,94,234
02/07/2023,CDW,NJ,AEA,EN,Towers with Radar,0,0,6,0,6,0,8,204,8,220,0,8,210,8,226,222,0,222,448
02/08/2023,CDW,NJ,AEA,EN,Towers with Radar,0,6,9,0,15,0,6,182,7,195,0,12,191,7,210,60,0,60,270
02/09/2023,CDW,NJ,AEA,EN,Towers with Radar,0,0,10,0,10,0,16,123,5,144,0,16,133,5,154,148,10,158,312
02/10/2023,CDW,NJ,AEA,EN,Towers with Radar,0,0,7,0,7,0,12,62,7,81,0,12,69,7,88,34,12,46,134
02/11/2023,CDW,NJ,AEA,EN,Towers with Radar,0,5,12,0,17,0,9,260,2,271,0,14,272,2,288,98,0,98,386
02/12/2023,CDW,NJ,AEA,EN,Towers with Radar,0,2,9,0,11,0,6,328,1,335,0,8,337,1,346,186,0,186,532
02/13/2023,CDW,NJ,AEA,EN,Towers with Radar,0,1,4,0,5,0,10,208,7,225,0,11,212,7,230,172,0,172,402
02/14/2023,CDW,NJ,AEA,EN,Towers with Radar,0,2,3,1,6,0,34,127,10,171,0,36,130,11,177,70,18,88,265
02/15/2023,CDW,NJ,AEA,EN,Towers with Radar,0,1,1,0,2,0,41,114,10,165,0,42,115,10,167,54,0,54,221
02/16/2023,CDW,NJ,AEA,EN,Towers with Radar,0,0,10,0,10,0,5,127,3,135,0,5,137,3,145,176,0,176,321
02/17/2023,CDW,NJ,AEA,EN,Towers with Radar,0,0,4,0,4,0,8,6,0,14,0,8,10,0,18,0,0,0,18
02/18/2023,CDW,NJ,AEA,EN,Towers with Radar,0,3,7,0,10,0,14,316,1,331,0,17,323,1,341,272,0,272,613
02/19/2023,CDW,NJ,AEA,EN,Towers with Radar,0,2,12,0,14,0,2,264,3,269,0,4,276,3,283,126,0,126,409
02/20/2023,CDW,NJ,AEA,EN,Towers with Radar,0,1,14,0,15,0,28,203,14,245,0,29,217,14,260,164,0,164,424
02/21/2023,CDW,NJ,AEA,EN,Towers with Radar,0,2,7,0,9,0,3,14,1,18,0,5,21,1,27,18,0,18,45
02/22/2023,CDW,NJ,AEA,EN,Towers with Radar,0,0,7,0,7,0,20,107,4,131,0,20,114,4,138,114,0,114,252
02/23/2023,CDW,NJ,AEA,EN,Towers with Radar,0,0,8,0,8,0,4,3,0,7,0,4,11,0,15,0,0,0,15
02/24/2023,CDW,NJ,AEA,EN,Towers with Radar,0,1,4,0,5,0,15,42,5,62,0,16,46,5,67,12,0,12,79
02/25/2023,CDW,NJ,AEA,EN,Towers with Radar,0,0,7,0,7,0,4,198,1,203,0,4,205,1,210,248,0,248,458
02/26/2023,CDW,NJ,AEA,EN,Towers with Radar,0,2,12,0,14,0,37,55,2,94,0,39,67,2,108,18,0,18,126
02/27/2023,CDW,NJ,AEA,EN,Towers with Radar,0,2,2,0,4,0,5,191,5,201,0,7,193,5,205,112,0,112,317
02/28/2023,CDW,NJ,AEA,EN,Towers with Radar,0,2,2,0,4,0,0,0,0,0,0,2,2,0,4,0,0,0,4
03/01/2023,CDW,NJ,AEA,EN,Towers with Radar,0,0,14,0,14,0,7,213,7,227,0,7,227,7,241,136,0,136,377
03/02/2023,CDW,NJ,AEA,EN,Towers with Radar,0,2,2,0,4,0,4,36,5,45,0,6,38,5,49,108,18,126,175
03/03/2023,CDW,NJ,AEA,EN,Towers with Radar,0,0,5,0,5,0,9,162,4,175,0,9,167,4,180,158,0,158,338
03/04/2023,CDW,NJ,AEA,EN,Towers with Radar,0,0,3,0,3,0,5,33,2,40,0,5,36,2,43,66,0,66,109
03/05/2023,CDW,NJ,AEA,EN,Towers with Radar,0,1,12,0,13,0,15,182,4,201,0,16,194,4,214,92,0,92,306
03/06/2023,CDW,NJ,AEA,EN,Towers with Radar,0,1,2,0,3,0,10,177,4,191,0,11,179,4,194,120,0,120,314
03/07/2023,CDW,NJ,AEA,EN,Towers with Radar,0,0,5,0,5,0,12,31,6,49,0,12,36,6,54,24,0,24,78
03/08/2023,CDW,NJ,AEA,EN,Towers with Radar,0,1,7,0,8,0,22,44,2,68,0,23,51,2,76,38,0,38,114
03/09/2023,CDW,NJ,AEA,EN,Towers with Radar,0,3,4,0,7,0,5,222,8,235,0,8,226,8,242,90,0,90,332
03/10/2023,CDW,NJ,AEA,EN,Towers with Radar,0,0,10,0,10,0,24,140,5,169,0,24,150,5,179,326,0,326,505
03/11/2023,CDW,NJ,AEA,EN,Towers with Radar,0,0,2,0,2,0,5,25,2,32,0,5,27,2,34,22,0,22,56
03/12/2023,CDW,NJ,AEA,EN,Towers with Radar,0,0,12,0,12,0,4,331,0,335,0,4,343,0,347,204,0,204,551
03/13/2023,CDW,NJ,AEA,EN,Towers with Radar,0,0,1,0,1,0,0,0,0,0,0,0,1,0,1,0,0,0,1
03/14/2023,CDW,NJ,AEA,EN,Towers with Radar,0,0,1,0,1,0,2,0,0,2,0,2,1,0,3,0,0,0,3
03/15/2023,CDW,NJ,AEA,EN,Towers with Radar,0,0,6,0,6,0,6,4,4,14,0,6,10,4,20,0,0,0,20
03/16/2023,CDW,NJ,AEA,EN,Towers with Radar,0,0,15,0,15,0,9,234,4,247,0,9,249,4,262,156,0,156,418
03/17/2023,CDW,NJ,AEA,EN,Towers with Radar,0,2,14,0,16,0,8,203,2,213,0,10,217,2,229,172,0,172,401
03/18/2023,CDW,NJ,AEA,EN,Towers with Radar,0,0,15,0,15,0,7,256,1,264,0,7,271,1,279,90,0,90,369
03/19/2023,CDW,NJ,AEA,EN,Towers with Radar,0,2,4,0,6,0,8,75,3,86,0,10,79,3,92,44,0,44,136
03/20/2023,CDW,NJ,AEA,EN,Towers with Radar,0,5,13,0,18,0,9,201,6,216,0,14,214,6,234,190,0,190,424
03/21/2023,CDW,NJ,AEA,EN,Towers with Radar,0,8,11,0,19,0,15,264,6,285,0,23,275,6,304,166,14,180,484
03/22/2023,CDW,NJ,AEA,EN,Towers with Radar,0,1,7,0,8,0,21,221,4,246,0,22,228,4,254,136,0,136,390
03/23/2023,CDW,NJ,AEA,EN,Towers with Radar,0,1,17,0,18,0,7,73,0,80,0,8,90,0,98,52,0,52,150
03/24/2023,CDW,NJ,AEA,EN,Towers with Radar,0,1,11,0,12,0,16,241,6,263,0,17,252,6,275,218,0,218,493
03/25/2023,CDW,NJ,AEA,EN,Towers with Radar,0,0,7,0,7,0,2,26,0,28,0,2,33,0,35,56,0,56,91
03/26/2023,CDW,NJ,AEA,EN,Towers with Radar,0,1,7,0,8,0,28,124,2,154,0,29,131,2,162,50,0,50,212
03/27/2023,CDW,NJ,AEA,EN,Towers with Radar,0,5,4,0,9,0,17,200,0,217,0,22,204,0,226,152,0,152,378
03/28/2023,CDW,NJ,AEA,EN,Towers with Radar,0,2,8,0,10,0,9,169,2,180,0,11,177,2,190,130,0,130,320
03/29/2023,CDW,NJ,AEA,EN,Towers with Radar,0,6,14,0,20,0,31,243,3,277,0,37,257,3,297,188,0,188,485
03/30/2023,CDW,NJ,AEA,EN,Towers with Radar,0,3,7,0,10,0,15,118,2,135,0,18,125,2,145,58,6,64,209
03/31/2023,CDW,NJ,AEA,EN,Towers with Radar,0,5,10,0,15,0,13,144,6,163,0,18,154,6,178,290,0,290,468
04/01/2023,CDW,NJ,AEA,EN,Towers with Radar,0,0,4,0,4,0,6,4,0,10,0,6,8,0,14,4,0,4,18
04/02/2023,CDW,NJ,AEA,EN,Towers with Radar,0,1,6,0,7,0,31,97,0,128,0,32,103,0,135,28,0,28,163
04/03/2023,CDW,NJ,AEA,EN,Towers with Radar,0,0,7,0,7,0,46,219,15,280,0,46,226,15,287,206,0,206,493
04/04/2023,CDW,NJ,AEA,EN,Towers with Radar,0,1,3,0,4,0,38,330,12,380,0,39,333,12,384,262,6,268,652
04/05/2023,CDW,NJ,AEA,EN,Towers with Radar,0,5,20,0,25,0,1,1,0,2,0,6,21,0,27,0,0,0,27
04/06/2023,CDW,NJ,AEA,EN,Towers with Radar,0,2,3,0,5,0,12,105,2,119,0,14,108,2,124,104,0,104,228
04/07/2023,CDW,NJ,AEA,EN,Towers with Radar,0,5,10,0,15,0,16,201,0,217,0,21,211,0,232,126,0,126,358
04/08/2023,CDW,NJ,AEA,EN,Towers with Radar,0,4,14,0,18,0,17,304,4,325,0,21,318,4,343,146,0,146,489
04/09/2023,CDW,NJ,AEA,EN,Towers with Radar,0,1,4,0,5,0,2,191,0,193,0,3,195,0,198,100,0,100,298
04/10/2023,CDW,NJ,AEA,EN,Towers with Radar,0,2,10,0,12,0,11,252,0,263,0,13,262,0,275,141,0,141,416
04/11/2023,CDW,NJ,AEA,EN,Towers with Radar,0,6,16,0,22,0,23,239,1,263,0,29,255,1,285,60,0,60,345
04/12/2023,CDW,NJ,AEA,EN,Towers with Radar,0,0,3,0,3,0,13,119,3,135,0,13,122,3,138,28,0,28,166
04/13/2023,CDW,NJ,AEA,EN,Towers with Radar,0,0,8,0,8,0,33,255,1,289,0,33,263,1,297,158,0,158,455
04/14/2023,CDW,NJ,AEA,EN,Towers with Radar,0,0,11,0,11,0,20,287,2,309,0,20,298,2,320,208,0,208,528
04/15/2023,CDW,NJ,AEA,EN,Towers with Radar,0,1,15,0,16,0,5,88,0,93,0,6,103,0,109,136,0,136,245
04/16/2023,CDW,NJ,AEA,EN,Towers with Radar,0,2,32,0,34,0,24,50,0,74,0,26,82,0,108,94,0,94,202
04/17/2023,CDW,NJ,AEA,EN,Towers with Radar,0,5,13,0,18,0,10,59,0,69,0,15,72,0,87,14,0,14,101
04/18/2023,CDW,NJ,AEA,EN,Towers with Radar,0,3,5,0,8,0,48,53,2,103,0,51,58,2,111,52,0,52,163
04/19/2023,CDW,NJ,AEA,EN,Towers with Radar,0,1,11,0,12,0,33,129,6,168,0,34,140,6,180,58,0,58,238
04/20/2023,CDW,NJ,AEA,EN,Towers with Radar,0,4,13,0,17,0,26,252,5,283,0,30,265,5,300,252,0,252,552
04/21/2023,CDW,NJ,AEA,EN,Towers with Radar,0,0,14,0,14,0,11,208,5,224,0,11,222,5,238,102,0,102,340
04/22/2023,CDW,NJ,AEA,EN,Towers with Radar,0,0,11,0,11,0,8,58,0,66,0,8,69,0,77,56,0,56,133
04/23/2023,CDW,NJ,AEA,EN,Towers with Radar,0,6,26,0,32,0,12,208,0,220,0,18,234,0,252,80,0,80,332
04/24/2023,CDW,NJ,AEA,EN,Towers with Radar,0,1,9,0,10,0,11,265,5,281,0,12,274,5,291,220,0,220,511
04/25/2023,CDW,NJ,AEA,EN,Towers with Radar,0,1,8,0,9,0,12,255,8,275,0,13,263,8,284,256,0,256,540
04/26/2023,CDW,NJ,AEA,EN,Towers with Radar,0,0,4,0,4,0,23,239,5,267,0,23,243,5,271,322,0,322,593
04/27/2023,CDW,NJ,AEA,EN,Towers with Radar,0,1,11,0,12,0,17,128,4,149,0,18,139,4,161,394,0,394,555
04/28/2023,CDW,NJ,AEA,EN,Towers with Radar,0,5,16,0,21,0,16,150,4,170,0,21,166,4,191,202,0,202,393
04/29/2023,CDW,NJ,AEA,EN,Towers with Radar,0,0,3,0,3,0,0,0,0,0,0,0,3,0,3,0,0,0,3
04/30/2023,CDW,NJ,AEA,EN,Towers with Radar,0,0,6,0,6,0,0,0,0,0,0,0,6,0,6,0,0,0,6
05/01/2023,CDW,NJ,AEA,EN,Towers with Radar,0,2,3,0,5,0,12,96,2,110,0,14,99,2,115,84,0,84,199
05/02/2023,CDW,NJ,AEA,EN,Towers with Radar,0,0,4,0,4,0,9,119,1,129,0,9,123,1,133,122,0,122,255
05/03/2023,CDW,NJ,AEA,EN,Towers with Radar,0,1,3,0,4,0,12,183,7,202,0,13,186,7,206,340,0,340,546
05/04/2023,CDW,NJ,AEA,EN,Towers with Radar,0,5,16,0,21,0,31,129,7,167,0,36,145,7,188,450,20,470,658
05/05/2023,CDW,NJ,AEA,EN,Towers with Radar,0,2,18,0,20,0,20,251,8,279,0,22,269,8,299,248,0,248,547
05/06/2023,CDW,NJ,AEA,EN,Towers with Radar,0,0,13,0,13,0,13,326,2,341,0,13,339,2,354,184,0,184,538
05/07/2023,CDW,NJ,AEA,EN,Towers with Radar,0,3,22,0,25,0,17,288,3,308,0,20,310,3,333,192,0,192,525
05/08/2023,CDW,NJ,AEA,EN,Towers with Radar,0,2,6,0,8,0,14,249,2,265,0,16,255,2,273,146,0,146,419
05/09/2023,CDW,NJ,AEA,EN,Towers with Radar,0,9,8,0,17,0,18,240,2,260,0,27,248,2,277,188,24,212,489
05/10/2023,CDW,NJ,AEA,EN,Towers with Radar,0,2,13,0,15,0,10,165,3,178,0,12,178,3,193,28,0,28,221
05/11/2023,CDW,NJ,AEA,EN,Towers with Radar,0,3,12,0,15,0,9,246,1,256,0,12,258,1,271,214,18,232,503
05/12/2023,CDW,NJ,AEA,EN,Towers with Radar,0,1,11,0,12,0,15,236,2,253,0,16,247,2,265,146,2,148,413
05/13/2023,CDW,NJ,AEA,EN,Towers with Radar,0,0,12,0,12,0,12,286,5,303,0,12,298,5,315,186,0,186,501
05/14/2023,CDW,NJ,AEA,EN,Towers with Radar,0,2,13,0,15,0,27,208,6,241,0,29,221,6,256,110,0,110,366
05/15/2023,CDW,NJ,AEA,EN,Towers with Radar,0,0,10,0,10,0,14,185,2,201,0,14,195,2,211,90,0,90,301
05/16/2023,CDW,NJ,AEA,EN,Towers with Radar,0,2,8,0,10,0,12,142,8,162,0,14,150,8,172,90,16,106,278
05/17/2023,CDW,NJ,AEA,EN,Towers with Radar,0,0,5,0,5,0,14,76,3,93,0,14,81,3,98,76,0,76,174
05/18/2023,CDW,NJ,AEA,EN,Towers with Radar,0,1,12,0,13,0,16,267,8,291,0,17,279,8,304,166,0,166,470
05/19/2023,CDW,NJ,AEA,EN,Towers with Radar,0,3,10,0,13,0,11,189,1,201,0,14,199,1,214,146,0,146,360
05/20/2023,CDW,NJ,AEA,EN,Towers with Radar,0,3,25,0,28,0,0,0,0,0,0,3,25,0,28,0,0,0,28
05/21/2023,CDW,NJ,AEA,EN,Towers with Radar,0,2,15,0,17,0,42,233,1,276,0,44,248,1,293,86,0,86,379
05/22/2023,CDW,NJ,AEA,EN,Towers with Radar,0,1,4,0,5,0,16,235,2,253,0,17,239,2,258,146,0,146,404
05/23/2023,CDW,NJ,AEA,EN,Towers with Radar,0,1,11,0,12,0,13,235,9,257,0,14,246,9,269,178,0,178,447
05/24/2023,CDW,NJ,AEA,EN,Towers with Radar,0,2,7,0,9,0,23,255,3,281,0,25,262,3,290,222,0,222,512
05/25/2023,CDW,NJ,AEA,EN,Towers with Radar,0,4,10,0,14,0,16,170,7,193,0,20,180,7,207,120,0,120,327
05/26/2023,CDW,NJ,AEA,EN,Towers with Radar,0,3,4,0,7,0,21,274,0,295,0,24,278,0,302,164,0,164,466
05/27/2023,CDW,NJ,AEA,EN,Towers with Radar,1,0,8,0,9,0,31,275,4,310,1,31,283,4,319,200,0,200,519
05/28/2023,CDW,NJ,AEA,EN,Towers with Radar,1,4,6,0,11,0,29,243,0,272,1,33,249,0,283,160,0,160,443
05/29/2023,CDW,NJ,AEA,EN,Towers with Radar,0,1,8,0,9,0,14,176,0,190,0,15,184,0,199,38,0,38,237
05/30/2023,CDW,NJ,AEA,EN,Towers with Radar,0,4,8,0,12,0,41,269,2,312,0,45,277,2,324,206,0,206,530
05/31/2023,CDW,NJ,AEA,EN,Towers with Radar,0,2,7,0,9,0,44,286,2,332,0,46,293,2,341,176,0,176,517
06/01/2023,CDW,NJ,AEA,EN,Towers with Radar,0,4,6,0,10,0,38,189,8,235,0,42,195,8,245,206,0,206,451
06/02/2023,CDW,NJ,AEA,EN,Towers with Radar,0,0,5,0,5,0,49,239,1,289,0,49,244,1,294,148,0,148,442
06/03/2023,CDW,NJ,AEA,EN,Towers with Radar,0,0,30,0,30,0,9,117,1,127,0,9,147,1,157,152,0,152,309
06/04/2023,CDW,NJ,AEA,EN,Towers with Radar,0,3,13,0,16,0,37,165,0,202,0,40,178,0,218,104,0,104,322
06/05/2023,CDW,NJ,AEA,EN,Towers with Radar,0,1,8,0,9,0,16,173,3,192,0,17,181,3,201,162,14,176,377
06/06/2023,CDW,NJ,AEA,EN,Towers with Radar,1,1,16,0,18,0,24,115,0,139,1,25,131,0,157,114,0,114,271
06/07/2023,CDW,NJ,AEA,EN,Towers with Radar,0,2,22,0,24,0,4,47,1,52,0,6,69,1,76,72,0,72,148
06/08/2023,CDW,NJ,AEA,EN,Towers with Radar,0,1,22,0,23,0,10,28,1,39,0,11,50,1,62,88,0,88,150
06/09/2023,CDW,NJ,AEA,EN,Towers with Radar,0,2,25,0,27,0,63,200,0,263,0,65,225,0,290,338,4,342,632
06/10/2023,CDW,NJ,AEA,EN,Towers with Radar,0,1,16,0,17,0,44,293,1,338,0,45,309,1,355,200,0,200,555
06/11/2023,CDW,NJ,AEA,EN,Towers with Radar,0,1,16,0,17,0,49,299,0,348,0,50,315,0,365,166,0,166,531
06/12/2023,CDW,NJ,AEA,EN,Towers with Radar,0,3,17,0,20,0,16,56,0,72,0,19,73,0,92,130,0,130,222
06/13/2023,CDW,NJ,AEA,EN,Towers with Radar,0,2,14,0,16,0,32,262,0,294,0,34,276,0,310,160,6,166,476
06/14/2023,CDW,NJ,AEA,EN,Towers with Radar,0,1,7,0,8,0,23,79,0,102,0,24,86,0,110,134,0,134,244
06/15/2023,CDW,NJ,AEA,EN,Towers with Radar,0,1,19,0,20,0,26,265,5,296,0,27,284,5,316,246,0,246,562
06/16/2023,CDW,NJ,AEA,EN,Towers with Radar,0,3,19,0,22,0,45,104,4,153,0,48,123,4,175,92,0,92,267
06/17/2023,CDW,NJ,AEA,EN,Towers with Radar,0,1,9,0,10,0,14,105,0,119,0,15,114,0,129,93,0,93,222
06/18/2023,CDW,NJ,AEA,EN,Towers with Radar,0,2,22,0,24,0,13,250,2,265,0,15,272,2,289,190,0,190,479
06/19/2023,CDW,NJ,AEA,EN,Towers with Radar,0,3,3,0,6,0,21,383,0,404,0,24,386,0,410,214,0,214,624
06/20/2023,CDW,NJ,AEA,EN,Towers with Radar,0,6,17,0,23,0,36,245,1,282,0,42,262,1,305,282,2,284,589
06/21/2023,CDW,NJ,AEA,EN,Towers with Radar,0,4,10,0,14,0,16,164,2,182,0,20,174,2,196,120,0,120,316
06/22/2023,CDW,NJ,AEA,EN,Towers with Radar,0,1,30,0,31,0,13,11,0,24,0,14,41,0,55,2,0,2,57
06/23/2023,CDW,NJ,AEA,EN,Towers with Radar,0,5,22,0,27,0,3,3,2,8,0,8,25,2,35,0,0,0,35
06/24/2023,CDW,NJ,AEA,EN,Towers with Radar,0,0,29,0,29,0,11,23,0,34,0,11,52,0,63,62,0,62,125
06/25/2023,CDW,NJ,AEA,EN,Towers with Radar,0,7,23,0,30,0,16,180,0,196,0,23,203,0,226,82,0,82,308
06/26/2023,CDW,NJ,AEA,EN,Towers with Radar,0,0,10,0,10,0,16,30,3,49,0,16,40,3,59,54,30,84,143
06/27/2023,CDW,NJ,AEA,EN,Towers with Radar,0,3,20,0,23,0,29,57,17,103,0,32,77,17,126,138,64,202,328
06/28/2023,CDW,NJ,AEA,EN,Towers with Radar,0,2,15,0,17,0,25,108,21,154,0,27,123,21,171,164,20,184,355
06/29/2023,CDW,NJ,AEA,EN,Towers with Radar,0,1,23,0,24,0,22,147,9,178,0,23,170,9,202,196,0,196,398
06/30/2023,CDW,NJ,AEA,EN,Towers with Radar,0,5,34,0,39,0,34,172,0,206,0,39,206,0,245,358,0,358,603
07/01/2023,CDW,NJ,AEA,EN,Towers with Radar,0,3,10,0,13,0,31,231,0,262,0,34,241,0,275,258,0,258,533
07/02/2023,CDW,NJ,AEA,EN,Towers with Radar,0,0,17,0,17,0,6,64,0,70,0,6,81,0,87,70,0,70,157
07/03/2023,CDW,NJ,AEA,EN,Towers with Radar,0,2,10,0,12,0,20,231,1,252,0,22,241,1,264,246,8,254,518
07/04/2023,CDW,NJ,AEA,EN,Towers with Radar,0,0,12,0,12,0,10,208,0,218,0,10,220,0,230,212,0,212,442
07/05/2023,CDW,NJ,AEA,EN,Towers with Radar,0,1,8,0,9,0,65,334,4,403,0,66,342,4,412,258,2,260,672
07/06/2023,CDW,NJ,AEA,EN,Towers with Radar,0,0,12,0,12,0,40,269,5,314,0,40,281,5,326,208,0,208,534
07/07/2023,CDW,NJ,AEA,EN,Towers with Radar,0,0,23,0,23,0,38,221,4,263,0,38,244,4,286,378,0,378,664
07/08/2023,CDW,NJ,AEA,EN,Towers with Radar,0,1,15,0,16,0,13,169,0,182,0,14,184,0,198,396,0,396,594
07/09/2023,CDW,NJ,AEA,EN,Towers with Radar,0,3,9,0,12,0,7,79,1,87,0,10,88,1,99,90,0,90,189
07/10/2023,CDW,NJ,AEA,EN,Towers with Radar,0,1,9,1,11,0,37,223,4,264,0,38,232,5,275,197,2,199,474
07/11/2023,CDW,NJ,AEA,EN,Towers with Radar,0,1,9,0,10,0,27,341,2,370,0,28,350,2,380,250,0,250,630
07/12/2023,CDW,NJ,AEA,EN,Towers with Radar,0,3,19,0,22,0,45,345,3,393,0,48,364,3,415,200,0,200,615
07/13/2023,CDW,NJ,AEA,EN,Towers with Radar,0,0,12,0,12,0,18,232,3,253,0,18,244,3,265,164,0,164,429
07/14/2023,CDW,NJ,AEA,EN,Towers with Radar,0,3,11,0,14,0,32,126,2,160,0,35,137,2,174,206,0,206,380
07/15/2023,CDW,NJ,AEA,EN,Towers with Radar,0,1,26,0,27,0,28,107,4,139,0,29,133,4,166,154,0,154,320
07/16/2023,CDW,NJ,AEA,EN,Towers with Radar,0,5,18,0,23,0,0,7,0,7,0,5,25,0,30,0,0,0,30
07/17/2023,CDW,NJ,AEA,EN,Towers with Radar,0,4,25,0,29,0,32,294,1,327,0,36,319,1,356,430,0,430,786
07/18/2023,CDW,NJ,AEA,EN,Towers with Radar,0,5,18,0,23,0,18,125,2,145,0,23,143,2,168,143,6,149,317
07/19/2023,CDW,NJ,AEA,EN,Towers with Radar,0,3,16,0,19,0,13,207,7,227,0,16,223,7,246,280,6,286,532
07/20/2023,CDW,NJ,AEA,EN,Towers with Radar,0,2,12,0,14,0,19,326,7,352,0,21,338,7,366,140,0,140,506
07/21/2023,CDW,NJ,AEA,EN,Towers with Radar,0,8,25,0,33,0,11,125,3,139,0,19,150,3,172,114,0,114,286
07/22/2023,CDW,NJ,AEA,EN,Towers with Radar,0,3,15,0,18,0,28,310,1,339,0,31,325,1,357,100,0,100,457
07/23/2023,CDW,NJ,AEA,EN,Towers with Radar,0,2,9,0,11,0,29,355,0,384,0,31,364,0,395,182,0,182,577
07/24/2023,CDW,NJ,AEA,EN,Towers with Radar,0,3,9,0,12,0,19,206,6,231,0,22,215,6,243,236,0,236,479
07/25/2023,CDW,NJ,AEA,EN,Towers with Radar,0,3,18,0,21,0,30,147,8,185,0,33,165,8,206,192,0,192,398
07/26/2023,CDW,NJ,AEA,EN,Towers with Radar,0,2,9,0,11,0,33,337,12,382,0,35,346,12,393,306,0,306,699
07/27/2023,CDW,NJ,AEA,EN,Towers with Radar,0,5,12,0,17,0,25,68,5,98,0,30,80,5,115,98,2,100,215
07/28/2023,CDW,NJ,AEA,EN,Towers with Radar,0,5,13,0,18,0,36,291,2,329,0,41,304,2,347,226,0,226,573
07/29/2023,CDW,NJ,AEA,EN,Towers with Radar,0,0,14,0,14,0,12,152,0,164,0,12,166,0,178,50,16,66,244
07/30/2023,CDW,NJ,AEA,EN,Towers with Radar,0,1,20,0,21,0,35,273,1,309,0,36,293,1,330,60,0,60,390
07/31/2023,CDW,NJ,AEA,EN,Towers with Radar,0,4,7,0,11,0,47,320,3,370,0,51,327,3,381,192,0,192,573
08/01/2023,CDW,NJ,AEA,EN,Towers with Radar,0,2,7,0,9,0,38,319,15,372,0,40,326,15,381,193,24,217,598
08/02/2023,CDW,NJ,AEA,EN,Towers with Radar,0,4,13,0,17,0,31,283,4,318,0,35,296,4,335,260,0,260,595
08/03/2023,CDW,NJ,AEA,EN,Towers with Radar,0,3,8,0,11,0,37,266,1,304,0,40,274,1,315,226,4,230,545
08/04/2023,CDW,NJ,AEA,EN,Towers with Radar,0,2,17,0,19,0,52,93,3,148,0,54,110,3,167,246,0,246,413
08/05/2023,CDW,NJ,AEA,EN,Towers with Radar,0,0,19,2,21,0,23,271,1,295,0,23,290,3,316,120,0,120,436
08/06/2023,CDW,NJ,AEA,EN,Towers with Radar,0,4,21,0,25,0,35,304,2,341,0,39,325,2,366,156,0,156,522
08/07/2023,CDW,NJ,AEA,EN,Towers with Radar,0,1,19,0,20,0,12,38,1,51,0,13,57,1,71,112,0,112,183
08/08/2023,CDW,NJ,AEA,EN,Towers with Radar,0,8,15,0,23,0,22,86,4,112,0,30,101,4,135,216,0,216,351
08/09/2023,CDW,NJ,AEA,EN,Towers with Radar,0,2,14,0,16,0,39,273,2,314,0,41,287,2,330,238,0,238,568
08/10/2023,CDW,NJ,AEA,EN,Towers with Radar,0,6,10,0,16,0,16,106,7,129,0,22,116,7,145,148,0,148,293
08/11/2023,CDW,NJ,AEA,EN,Towers with Radar,0,1,11,0,12,0,18,259,2,279,0,19,270,2,291,218,0,218,509
08/12/2023,CDW,NJ,AEA,EN,Towers with Radar,0,2,5,0,7,0,20,178,0,198,0,22,183,0,205,148,0,148,353
08/13/2023,CDW,NJ,AEA,EN,Towers with Radar,0,2,14,0,16,0,21,266,1,288,0,23,280,1,304,198,0,198,502
08/14/2023,CDW,NJ,AEA,EN,Towers with Radar,0,4,8,0,12,0,19,269,2,290,0,23,277,2,302,238,0,238,540
08/15/2023,CDW,NJ,AEA,EN,Towers with Radar,0,5,24,0,29,0,14,29,1,44,0,19,53,1,73,32,0,32,105
08/16/2023,CDW,NJ,AEA,EN,Towers with Radar,0,4,23,0,27,0,33,203,2,238,0,37,226,2,265,322,0,322,587
08/17/2023,CDW,NJ,AEA,EN,Towers with Radar,0,11,29,0,40,0,17,67,4,88,0,28,96,4,128,68,0,68,196
08/18/2023,CDW,NJ,AEA,EN,Towers with Radar,0,6,14,0,20,0,19,180,5,204,0,25,194,5,224,118,8,126,350
08/19/2023,CDW,NJ,AEA,EN,Towers with Radar,0,5,9,0,14,0,19,275,2,296,0,24,284,2,310,168,0,168,478
08/20/2023,CDW,NJ,AEA,EN,Towers with Radar,0,1,14,0,15,0,8,262,0,270,0,9,276,0,285,154,0,154,439
08/21/2023,CDW,NJ,AEA,EN,Towers with Radar,0,4,10,0,14,0,19,214,2,235,0,23,224,2,249,254,0,254,503
08/22/2023,CDW,NJ,AEA,EN,Towers with Radar,0,2,13,0,15,0,37,233,4,274,0,39,246,4,289,181,0,181,470
08/23/2023,CDW,NJ,AEA,EN,Towers with Radar,0,2,19,0,21,0,38,264,3,305,0,40,283,3,326,264,0,264,590
08/24/2023,CDW,NJ,AEA,EN,Towers with Radar,0,4,17,0,21,0,40,102,0,142,0,44,119,0,163,248,0,248,411
08/25/2023,CDW,NJ,AEA,EN,Towers with Radar,0,8,19,0,27,0,11,16,1,28,0,19,35,1,55,36,0,36,91
08/26/2023,CDW,NJ,AEA,EN,Towers with Radar,0,2,14,0,16,0,20,224,2,246,0,22,238,2,262,232,0,232,494
08/27/2023,CDW,NJ,AEA,EN,Towers with Radar,0,4,12,0,16,0,38,284,0,322,0,42,296,0,338,190,0,190,528
08/28/2023,CDW,NJ,AEA,EN,Towers with Radar,0,3,15,0,18,0,21,143,9,173,0,24,158,9,191,252,0,252,443
08/29/2023,CDW,NJ,AEA,EN,Towers with Radar,0,3,15,0,18,0,17,55,1,73,0,20,70,1,91,150,0,150,241
08/30/2023,CDW,NJ,AEA,EN,Towers with Radar,0,1,10,0,11,0,32,163,5,200,0,33,173,5,211,168,0,168,379
08/31/2023,CDW,NJ,AEA,EN,Towers with Radar,0,1,12,0,13,0,24,265,2,291,0,25,277,2,304,188,0,188,492
