01/01/2020,CHA,TN,ASO,ES,Combined TRACON& Tower with Radar,17,20,33,0,70,0,1,37,0,38,17,21,70,0,108,28,0,28,136
01/02/2020,CHA,TN,ASO,ES,Combined TRACON& Tower with Radar,23,32,21,0,76,0,0,0,0,0,23,32,21,0,76,0,0,0,76
01/03/2020,CHA,TN,ASO,ES,Combined TRACON& Tower with Radar,28,29,28,0,85,0,0,0,0,0,28,29,28,0,85,0,0,0,85
01/04/2020,CHA,TN,ASO,ES,Combined TRACON& Tower with Radar,17,27,34,0,78,0,0,8,0,8,17,27,42,0,86,10,0,10,96
01/05/2020,CHA,TN,ASO,ES,Combined TRACON& Tower with Radar,24,30,41,2,97,0,2,45,0,47,24,32,86,2,144,30,0,30,174
01/06/2020,CHA,TN,ASO,ES,Combined TRACON& Tower with Radar,34,20,33,14,101,0,0,41,0,41,34,20,74,14,142,4,0,4,146
01/07/2020,CHA,TN,ASO,ES,Combined TRACON& Tower with Radar,28,29,39,5,101,0,0,20,1,21,28,29,59,6,122,18,0,18,140
01/08/2020,CHA,TN,ASO,ES,Combined TRACON& Tower with Radar,25,40,43,28,136,0,3,54,2,59,25,43,97,30,195,40,20,60,255
01/09/2020,CHA,TN,ASO,ES,Combined TRACON& Tower with Radar,33,33,39,22,127,0,0,32,6,38,33,33,71,28,165,24,0,24,189
01/10/2020,CHA,TN,ASO,ES,Combined TRACON& Tower with Radar,28,34,29,6,97,0,1,13,0,14,28,35,42,6,111,20,0,20,131
01/11/2020,CHA,TN,ASO,ES,Combined TRACON& Tower with Radar,18,17,7,0,42,0,0,0,0,0,18,17,7,0,42,0,0,0,42
01/12/2020,CHA,TN,ASO,ES,Combined TRACON& Tower with Radar,31,19,54,0,104,0,2,27,0,29,31,21,81,0,133,22,0,22,155
01/13/2020,CHA,TN,ASO,ES,Combined TRACON& Tower with Radar,33,27,42,39,141,0,0,14,0,14,33,27,56,39,155,40,4,44,199
01/14/2020,CHA,TN,ASO,ES,Combined TRACON& Tower with Radar,26,33,30,0,89,0,0,0,0,0,26,33,30,0,89,26,0,26,115
01/15/2020,CHA,TN,ASO,ES,Combined TRACON& Tower with Radar,30,31,48,20,129,0,0,2,0,2,30,31,50,20,131,22,0,22,153
01/16/2020,CHA,TN,ASO,ES,Combined TRACON& Tower with Radar,31,45,61,23,160,0,11,37,4,52,31,56,98,27,212,52,18,70,282
01/17/2020,CHA,TN,ASO,ES,Combined TRACON& Tower with Radar,31,49,50,15,145,0,0,19,1,20,31,49,69,16,165,26,0,26,191
01/18/2020,CHA,TN,ASO,ES,Combined TRACON& Tower with Radar,16,13,17,0,46,0,0,1,0,1,16,13,18,0,47,0,0,0,47
01/19/2020,CHA,TN,ASO,ES,Combined TRACON& Tower with Radar,24,19,27,29,99,0,0,30,2,32,24,19,57,31,131,2,16,18,149
01/20/2020,CHA,TN,ASO,ES,Combined TRACON& Tower with Radar,30,27,34,0,91,0,0,13,0,13,30,27,47,0,104,10,0,10,114
01/21/2020,CHA,TN,ASO,ES,Combined TRACON& Tower with Radar,25,44,50,16,135,0,7,36,11,54,25,51,86,27,189,18,0,18,207
01/22/2020,CHA,TN,ASO,ES,Combined TRACON& Tower with Radar,26,29,49,24,128,0,4,42,3,49,26,33,91,27,177,48,44,92,269
01/23/2020,CHA,TN,ASO,ES,Combined TRACON& Tower with Radar,32,30,53,17,132,0,0,9,0,9,32,30,62,17,141,22,2,24,165
01/24/2020,CHA,TN,ASO,ES,Combined TRACON& Tower with Radar,29,37,40,4,110,0,0,2,0,2,29,37,42,4,112,0,0,0,112
01/25/2020,CHA,TN,ASO,ES,Combined TRACON& Tower with Radar,22,19,30,6,77,0,0,20,0,20,22,19,50,6,97,20,4,24,121
01/26/2020,CHA,TN,ASO,ES,Combined TRACON& Tower with Radar,27,24,48,0,99,0,0,39,4,43,27,24,87,4,142,20,0,20,162
01/27/2020,CHA,TN,ASO,ES,Combined TRACON& Tower with Radar,35,27,46,23,131,0,1,8,1,10,35,28,54,24,141,16,32,48,189
01/28/2020,CHA,TN,ASO,ES,Combined TRACON& Tower with Radar,26,31,73,40,170,0,11,48,6,65,26,42,121,46,235,62,40,102,337
01/29/2020,CHA,TN,ASO,ES,Combined TRACON& Tower with Radar,31,34,35,26,126,0,3,24,0,27,31,37,59,26,153,76,18,94,247
01/30/2020,CHA,TN,ASO,ES,Combined TRACON& Tower with Radar,33,42,60,6,141,0,3,46,0,49,33,45,106,6,190,122,2,124,314
01/31/2020,CHA,TN,ASO,ES,Combined TRACON& Tower with Radar,30,57,49,12,148,0,3,15,0,18,30,60,64,12,166,42,0,42,208
02/01/2020,CHA,TN,ASO,ES,Combined TRACON& Tower with Radar,21,17,22,0,60,0,2,4,0,6,21,19,26,0,66,34,0,34,100
02/02/2020,CHA,TN,ASO,ES,Combined TRACON& Tower with Radar,25,21,37,0,83,0,7,39,0,46,25,28,76,0,129,20,0,20,149
02/03/2020,CHA,TN,ASO,ES,Combined TRACON& Tower with Radar,31,38,44,13,126,0,2,32,3,37,31,40,76,16,163,38,0,38,201
02/04/2020,CHA,TN,ASO,ES,Combined TRACON& Tower with Radar,23,41,42,2,108,0,0,0,0,0,23,41,42,2,108,0,0,0,108
02/05/2020,CHA,TN,ASO,ES,Combined TRACON& Tower with Radar,28,28,34,0,90,0,0,1,0,1,28,28,35,0,91,0,0,0,91
02/06/2020,CHA,TN,ASO,ES,Combined TRACON& Tower with Radar,26,30,43,11,110,0,0,1,0,1,26,30,44,11,111,0,0,0,111
02/07/2020,CHA,TN,ASO,ES,Combined TRACON& Tower with Radar,31,33,51,0,115,0,0,9,4,13,31,33,60,4,128,42,0,42,170
02/08/2020,CHA,TN,ASO,ES,Combined TRACON& Tower with Radar,22,17,14,2,55,0,0,6,0,6,22,17,20,2,61,0,0,0,61
02/09/2020,CHA,TN,ASO,ES,Combined TRACON& Tower with Radar,27,34,35,0,96,0,9,25,1,35,27,43,60,1,131,0,0,0,131
02/10/2020,CHA,TN,ASO,ES,Combined TRACON& Tower with Radar,34,28,27,0,89,0,0,0,0,0,34,28,27,0,89,0,0,0,89
02/11/2020,CHA,TN,ASO,ES,Combined TRACON& Tower with Radar,24,39,57,16,136,0,0,6,0,6,24,39,63,16,142,50,0,50,192
02/12/2020,CHA,TN,ASO,ES,Combined TRACON& Tower with Radar,27,36,62,0,125,0,0,1,0,1,27,36,63,0,126,20,0,20,146
02/13/2020,CHA,TN,ASO,ES,Combined TRACON& Tower with Radar,30,33,68,15,146,0,0,7,2,9,30,33,75,17,155,40,28,68,223
02/14/2020,CHA,TN,ASO,ES,Combined TRACON& Tower with Radar,29,33,77,22,161,0,2,49,0,51,29,35,126,22,212,24,0,24,236
02/15/2020,CHA,TN,ASO,ES,Combined TRACON& Tower with Radar,14,19,43,6,82,0,0,45,1,46,14,19,88,7,128,8,0,8,136
02/16/2020,CHA,TN,ASO,ES,Combined TRACON& Tower with Radar,25,23,43,3,94,0,4,28,4,36,25,27,71,7,130,16,2,18,148
02/17/2020,CHA,TN,ASO,ES,Combined TRACON& Tower with Radar,28,38,73,12,151,0,4,37,2,43,28,42,110,14,194,42,8,50,244
02/18/2020,CHA,TN,ASO,ES,Combined TRACON& Tower with Radar,23,37,53,0,113,0,0,0,0,0,23,37,53,0,113,0,0,0,113
02/19/2020,CHA,TN,ASO,ES,Combined TRACON& Tower with Radar,23,34,68,33,158,0,4,25,1,30,23,38,93,34,188,84,28,112,300
02/20/2020,CHA,TN,ASO,ES,Combined TRACON& Tower with Radar,25,31,42,7,105,1,0,1,0,2,26,31,43,7,107,0,0,0,107
02/21/2020,CHA,TN,ASO,ES,Combined TRACON& Tower with Radar,28,46,60,41,175,0,3,59,5,67,28,49,119,46,242,6,4,10,252
02/22/2020,CHA,TN,ASO,ES,Combined TRACON& Tower with Radar,18,25,53,3,99,0,1,62,5,68,18,26,115,8,167,58,2,60,227
02/23/2020,CHA,TN,ASO,ES,Combined TRACON& Tower with Radar,27,28,46,1,102,0,0,26,0,26,27,28,72,1,128,32,0,32,160
02/24/2020,CHA,TN,ASO,ES,Combined TRACON& Tower with Radar,25,33,38,0,96,0,0,2,0,2,25,33,40,0,98,0,0,0,98
02/25/2020,CHA,TN,ASO,ES,Combined TRACON& Tower with Radar,28,37,62,6,133,0,0,18,0,18,28,37,80,6,151,22,12,34,185
02/26/2020,CHA,TN,ASO,ES,Combined TRACON& Tower with Radar,26,32,44,2,104,0,0,10,0,10,26,32,54,2,114,0,0,0,114
02/27/2020,CHA,TN,ASO,ES,Combined TRACON& Tower with Radar,28,34,77,10,149,0,2,45,0,47,28,36,122,10,196,40,0,40,236
02/28/2020,CHA,TN,ASO,ES,Combined TRACON& Tower with Radar,28,40,42,0,110,0,1,7,1,9,28,41,49,1,119,0,0,0,119
02/29/2020,CHA,TN,ASO,ES,Combined TRACON& Tower with Radar,17,24,37,2,80,0,0,23,1,24,17,24,60,3,104,12,0,12,116
03/01/2020,CHA,TN,ASO,ES,Combined TRACON& Tower with Radar,27,38,28,8,101,0,6,28,0,34,27,44,56,8,135,6,0,6,141
03/02/2020,CHA,TN,ASO,ES,Combined TRACON& Tower with Radar,32,29,53,0,114,0,0,0,0,0,32,29,53,0,114,0,0,0,114
03/03/2020,CHA,TN,ASO,ES,Combined TRACON& Tower with Radar,24,30,43,4,101,1,0,11,0,12,25,30,54,4,113,34,0,34,147
03/04/2020,CHA,TN,ASO,ES,Combined TRACON& Tower with Radar,26,33,46,5,110,0,9,11,0,20,26,42,57,5,130,4,0,4,134
03/05/2020,CHA,TN,ASO,ES,Combined TRACON& Tower with Radar,31,39,58,6,134,0,0,9,0,9,31,39,67,6,143,16,0,16,159
03/06/2020,CHA,TN,ASO,ES,Combined TRACON& Tower with Radar,32,47,51,28,158,0,1,14,3,18,32,48,65,31,176,0,0,0,176
03/07/2020,CHA,TN,ASO,ES,Combined TRACON& Tower with Radar,22,32,43,4,101,0,0,50,1,51,22,32,93,5,152,0,6,6,158
03/08/2020,CHA,TN,ASO,ES,Combined TRACON& Tower with Radar,27,31,46,17,121,0,1,26,3,30,27,32,72,20,151,6,10,16,167
03/09/2020,CHA,TN,ASO,ES,Combined TRACON& Tower with Radar,28,39,53,12,132,0,6,20,5,31,28,45,73,17,163,14,54,68,231
03/10/2020,CHA,TN,ASO,ES,Combined TRACON& Tower with Radar,22,39,46,0,107,0,0,1,0,1,22,39,47,0,108,0,0,0,108
03/11/2020,CHA,TN,ASO,ES,Combined TRACON& Tower with Radar,27,33,68,24,152,0,1,17,0,18,27,34,85,24,170,2,22,24,194
03/12/2020,CHA,TN,ASO,ES,Combined TRACON& Tower with Radar,35,41,47,6,129,0,0,5,0,5,35,41,52,6,134,0,0,0,134
03/13/2020,CHA,TN,ASO,ES,Combined TRACON& Tower with Radar,27,41,68,0,136,0,0,17,0,17,27,41,85,0,153,6,0,6,159
03/14/2020,CHA,TN,ASO,ES,Combined TRACON& Tower with Radar,25,24,28,0,77,0,0,7,0,7,25,24,35,0,84,0,0,0,84
03/15/2020,CHA,TN,ASO,ES,Combined TRACON& Tower with Radar,30,31,51,0,112,0,0,0,0,0,30,31,51,0,112,0,0,0,112
03/16/2020,CHA,TN,ASO,ES,Combined TRACON& Tower with Radar,32,25,52,0,109,0,0,0,0,0,32,25,52,0,109,0,0,0,109
03/17/2020,CHA,TN,ASO,ES,Combined TRACON& Tower with Radar,26,30,33,2,91,0,2,1,0,3,26,32,34,2,94,2,0,2,96
03/18/2020,CHA,TN,ASO,ES,Combined TRACON& Tower with Radar,31,25,39,0,95,0,0,1,0,1,31,25,40,0,96,0,0,0,96
03/19/2020,CHA,TN,ASO,ES,Combined TRACON& Tower with Radar,32,33,38,19,122,0,2,20,0,22,32,35,58,19,144,0,0,0,144
03/20/2020,CHA,TN,ASO,ES,Combined TRACON& Tower with Radar,22,21,26,0,69,0,0,4,0,4,22,21,30,0,73,0,0,0,73
03/21/2020,CHA,TN,ASO,ES,Combined TRACON& Tower with Radar,21,20,49,0,90,0,0,5,0,5,21,20,54,0,95,0,0,0,95
03/22/2020,CHA,TN,ASO,ES,Combined TRACON& Tower with Radar,24,18,39,0,81,0,0,19,0,19,24,18,58,0,100,12,0,12,112
03/23/2020,CHA,TN,ASO,ES,Combined TRACON& Tower with Radar,20,17,13,0,50,0,0,0,0,0,20,17,13,0,50,0,0,0,50
03/24/2020,CHA,TN,ASO,ES,Combined TRACON& Tower with Radar,20,12,10,0,42,0,0,0,0,0,20,12,10,0,42,0,0,0,42
03/25/2020,CHA,TN,ASO,ES,Combined TRACON& Tower with Radar,20,26,48,7,101,0,1,25,3,29,20,27,73,10,130,34,4,38,168
03/26/2020,CHA,TN,ASO,ES,Combined TRACON& Tower with Radar,20,15,32,12,79,0,0,29,0,29,20,15,61,12,108,24,0,24,132
03/27/2020,CHA,TN,ASO,ES,Combined TRACON& Tower with Radar,15,18,36,1,70,0,3,26,1,30,15,21,62,2,100,30,16,46,146
03/28/2020,CHA,TN,ASO,ES,Combined TRACON& Tower with Radar,12,13,12,0,37,0,0,10,0,10,12,13,22,0,47,14,0,14,61
03/29/2020,CHA,TN,ASO,ES,Combined TRACON& Tower with Radar,18,12,18,0,48,0,0,19,0,19,18,12,37,0,67,16,0,16,83
03/30/2020,CHA,TN,ASO,ES,Combined TRACON& Tower with Radar,19,22,31,20,92,0,6,38,2,46,19,28,69,22,138,28,0,28,166
03/31/2020,CHA,TN,ASO,ES,Combined TRACON& Tower with Radar,11,19,6,2,38,0,0,1,0,1,11,19,7,2,39,8,0,8,47
04/01/2020,CHA,TN,ASO,ES,Combined TRACON& Tower with Radar,10,13,10,19,52,0,0,16,0,16,10,13,26,19,68,20,26,46,114
04/02/2020,CHA,TN,ASO,ES,Combined TRACON& Tower with Radar,13,12,27,4,56,0,0,30,2,32,13,12,57,6,88,8,4,12,100
04/03/2020,CHA,TN,ASO,ES,Combined TRACON& Tower with Radar,12,15,26,8,61,0,0,24,0,24,12,15,50,8,85,8,0,8,93
04/04/2020,CHA,TN,ASO,ES,Combined TRACON& Tower with Radar,13,19,17,3,52,0,0,37,2,39,13,19,54,5,91,0,12,12,103
04/05/2020,CHA,TN,ASO,ES,Combined TRACON& Tower with Radar,14,6,15,1,36,0,0,20,1,21,14,6,35,2,57,30,0,30,87
04/06/2020,CHA,TN,ASO,ES,Combined TRACON& Tower with Radar,13,12,16,6,47,0,1,7,3,11,13,13,23,9,58,20,0,20,78
04/07/2020,CHA,TN,ASO,ES,Combined TRACON& Tower with Radar,13,9,19,0,41,0,1,4,0,5,13,10,23,0,46,0,0,0,46
04/08/2020,CHA,TN,ASO,ES,Combined TRACON& Tower with Radar,13,8,14,20,55,0,0,14,0,14,13,8,28,20,69,18,6,24,93
04/09/2020,CHA,TN,ASO,ES,Combined TRACON& Tower with Radar,13,7,10,1,31,0,0,9,0,9,13,7,19,1,40,22,0,22,62
04/10/2020,CHA,TN,ASO,ES,Combined TRACON& Tower with Radar,16,8,28,8,60,0,0,20,0,20,16,8,48,8,80,26,6,32,112
04/11/2020,CHA,TN,ASO,ES,Combined TRACON& Tower with Radar,9,2,24,18,53,0,0,40,1,41,9,2,64,19,94,22,8,30,124
04/12/2020,CHA,TN,ASO,ES,Combined TRACON& Tower with Radar,14,2,4,1,21,0,0,1,0,1,14,2,5,1,22,0,0,0,22
04/13/2020,CHA,TN,ASO,ES,Combined TRACON& Tower with Radar,11,3,17,1,32,0,0,26,0,26,11,3,43,1,58,32,0,32,90
04/14/2020,CHA,TN,ASO,ES,Combined TRACON& Tower with Radar,13,12,16,14,55,0,0,44,4,48,13,12,60,18,103,36,0,36,139
04/15/2020,CHA,TN,ASO,ES,Combined TRACON& Tower with Radar,12,9,18,6,45,0,0,32,1,33,12,9,50,7,78,16,0,16,94
04/16/2020,CHA,TN,ASO,ES,Combined TRACON& Tower with Radar,12,4,31,45,92,0,0,44,0,44,12,4,75,45,136,18,20,38,174
04/17/2020,CHA,TN,ASO,ES,Combined TRACON& Tower with Radar,14,6,35,8,63,0,0,33,0,33,14,6,68,8,96,20,2,22,118
04/18/2020,CHA,TN,ASO,ES,Combined TRACON& Tower with Radar,10,8,29,20,67,0,0,41,0,41,10,8,70,20,108,32,6,38,146
04/19/2020,CHA,TN,ASO,ES,Combined TRACON& Tower with Radar,10,2,9,2,23,0,0,3,0,3,10,2,12,2,26,0,0,0,26
04/20/2020,CHA,TN,ASO,ES,Combined TRACON& Tower with Radar,10,1,31,4,46,0,0,22,5,27,10,1,53,9,73,28,0,28,101
04/21/2020,CHA,TN,ASO,ES,Combined TRACON& Tower with Radar,10,5,31,15,61,0,0,27,2,29,10,5,58,17,90,14,0,14,104
04/22/2020,CHA,TN,ASO,ES,Combined TRACON& Tower with Radar,10,2,44,1,57,0,0,30,0,30,10,2,74,1,87,34,0,34,121
04/23/2020,CHA,TN,ASO,ES,Combined TRACON& Tower with Radar,12,3,10,0,25,0,0,0,0,0,12,3,10,0,25,0,0,0,25
04/24/2020,CHA,TN,ASO,ES,Combined TRACON& Tower with Radar,12,6,24,0,42,0,0,15,1,16,12,6,39,1,58,18,0,18,76
04/25/2020,CHA,TN,ASO,ES,Combined TRACON& Tower with Radar,8,2,1,0,11,0,0,3,0,3,8,2,4,0,14,42,0,42,56
04/26/2020,CHA,TN,ASO,ES,Combined TRACON& Tower with Radar,8,4,9,0,21,0,0,1,0,1,8,4,10,0,22,0,0,0,22
04/27/2020,CHA,TN,ASO,ES,Combined TRACON& Tower with Radar,11,5,28,8,52,0,0,38,0,38,11,5,66,8,90,26,0,26,116
04/28/2020,CHA,TN,ASO,ES,Combined TRACON& Tower with Radar,11,4,34,47,96,0,0,22,7,29,11,4,56,54,125,75,8,83,208
04/29/2020,CHA,TN,ASO,ES,Combined TRACON& Tower with Radar,11,8,13,0,32,0,0,0,0,0,11,8,13,0,32,0,0,0,32
04/30/2020,CHA,TN,ASO,ES,Combined TRACON& Tower with Radar,11,8,53,20,92,0,0,15,2,17,11,8,68,22,109,20,0,20,129
05/01/2020,CHA,TN,ASO,ES,Combined TRACON& Tower with Radar,11,10,35,1,57,0,3,34,5,42,11,13,69,6,99,6,0,6,105
05/02/2020,CHA,TN,ASO,ES,Combined TRACON& Tower with Radar,7,11,26,33,77,0,1,54,9,64,7,12,80,42,141,40,20,60,201
05/03/2020,CHA,TN,ASO,ES,Combined TRACON& Tower with Radar,12,5,26,0,43,0,0,19,0,19,12,5,45,0,62,8,0,8,70
05/04/2020,CHA,TN,ASO,ES,Combined TRACON& Tower with Radar,10,6,38,0,54,0,1,20,0,21,10,7,58,0,75,26,0,26,101
05/05/2020,CHA,TN,ASO,ES,Combined TRACON& Tower with Radar,11,7,19,4,41,0,1,3,0,4,11,8,22,4,45,0,0,0,45
05/06/2020,CHA,TN,ASO,ES,Combined TRACON& Tower with Radar,11,4,31,11,57,0,1,6,0,7,11,5,37,11,64,0,0,0,64
05/07/2020,CHA,TN,ASO,ES,Combined TRACON& Tower with Radar,12,4,53,31,100,0,0,43,1,44,12,4,96,32,144,56,8,64,208
05/08/2020,CHA,TN,ASO,ES,Combined TRACON& Tower with Radar,14,4,30,0,48,0,0,2,0,2,14,4,32,0,50,18,0,18,68
05/09/2020,CHA,TN,ASO,ES,Combined TRACON& Tower with Radar,9,1,30,53,93,0,0,43,0,43,9,1,73,53,136,16,8,24,160
05/10/2020,CHA,TN,ASO,ES,Combined TRACON& Tower with Radar,10,0,34,1,45,0,0,40,1,41,10,0,74,2,86,18,0,18,104
05/11/2020,CHA,TN,ASO,ES,Combined TRACON& Tower with Radar,13,2,36,34,85,0,2,32,2,36,13,4,68,36,121,18,14,32,153
05/12/2020,CHA,TN,ASO,ES,Combined TRACON& Tower with Radar,12,6,36,29,83,0,0,29,0,29,12,6,65,29,112,22,0,22,134
05/13/2020,CHA,TN,ASO,ES,Combined TRACON& Tower with Radar,13,6,29,2,50,0,0,23,0,23,13,6,52,2,73,56,0,56,129
05/14/2020,CHA,TN,ASO,ES,Combined TRACON& Tower with Radar,12,34,60,30,136,0,1,35,0,36,12,35,95,30,172,22,38,60,232
05/15/2020,CHA,TN,ASO,ES,Combined TRACON& Tower with Radar,14,15,56,26,111,0,0,30,9,39,14,15,86,35,150,46,20,66,216
05/16/2020,CHA,TN,ASO,ES,Combined TRACON& Tower with Radar,13,14,25,50,102,0,1,43,2,46,13,15,68,52,148,42,30,72,220
05/17/2020,CHA,TN,ASO,ES,Combined TRACON& Tower with Radar,10,0,31,0,41,0,0,15,0,15,10,0,46,0,56,0,0,0,56
05/18/2020,CHA,TN,ASO,ES,Combined TRACON& Tower with Radar,13,9,30,4,56,0,0,6,0,6,13,9,36,4,62,0,0,0,62
05/19/2020,CHA,TN,ASO,ES,Combined TRACON& Tower with Radar,12,6,44,3,65,0,0,17,0,17,12,6,61,3,82,12,0,12,94
05/20/2020,CHA,TN,ASO,ES,Combined TRACON& Tower with Radar,12,12,28,10,62,0,0,5,0,5,12,12,33,10,67,0,0,0,67
05/21/2020,CHA,TN,ASO,ES,Combined TRACON& Tower with Radar,14,9,50,21,94,0,2,16,2,20,14,11,66,23,114,32,6,38,152
05/22/2020,CHA,TN,ASO,ES,Combined TRACON& Tower with Radar,14,5,24,0,43,0,2,10,0,12,14,7,34,0,55,14,0,14,69
05/23/2020,CHA,TN,ASO,ES,Combined TRACON& Tower with Radar,11,2,23,0,36,0,0,6,0,6,11,2,29,0,42,4,0,4,46
05/24/2020,CHA,TN,ASO,ES,Combined TRACON& Tower with Radar,12,4,23,0,39,0,0,35,0,35,12,4,58,0,74,14,0,14,88
05/25/2020,CHA,TN,ASO,ES,Combined TRACON& Tower with Radar,12,6,28,0,46,0,0,15,0,15,12,6,43,0,61,32,0,32,93
05/26/2020,CHA,TN,ASO,ES,Combined TRACON& Tower with Radar,11,6,43,2,62,0,0,20,4,24,11,6,63,6,86,12,0,12,98
05/27/2020,CHA,TN,ASO,ES,Combined TRACON& Tower with Radar,12,8,40,4,64,0,0,3,0,3,12,8,43,4,67,0,0,0,67
05/28/2020,CHA,TN,ASO,ES,Combined TRACON& Tower with Radar,14,6,45,2,67,0,3,5,0,8,14,9,50,2,75,12,0,12,87
05/29/2020,CHA,TN,ASO,ES,Combined TRACON& Tower with Radar,14,8,44,2,68,0,1,33,0,34,14,9,77,2,102,20,0,20,122
05/30/2020,CHA,TN,ASO,ES,Combined TRACON& Tower with Radar,11,6,35,0,52,0,0,32,2,34,11,6,67,2,86,4,0,4,90
05/31/2020,CHA,TN,ASO,ES,Combined TRACON& Tower with Radar,12,7,34,0,53,0,2,42,1,45,12,9,76,1,98,0,0,0,98
06/01/2020,CHA,TN,ASO,ES,Combined TRACON& Tower with Radar,14,14,34,14,76,0,2,45,7,54,14,16,79,21,130,86,4,90,220
06/02/2020,CHA,TN,ASO,ES,Combined TRACON& Tower with Radar,7,13,46,23,89,0,0,36,3,39,7,13,82,26,128,20,20,40,168
06/03/2020,CHA,TN,ASO,ES,Combined TRACON& Tower with Radar,6,26,58,20,110,0,5,23,2,30,6,31,81,22,140,62,18,80,220
06/04/2020,CHA,TN,ASO,ES,Combined TRACON& Tower with Radar,8,20,53,12,93,0,0,16,0,16,8,20,69,12,109,61,10,71,180
06/05/2020,CHA,TN,ASO,ES,Combined TRACON& Tower with Radar,8,15,35,7,65,0,1,16,0,17,8,16,51,7,82,30,10,40,122
06/06/2020,CHA,TN,ASO,ES,Combined TRACON& Tower with Radar,5,14,32,0,51,0,4,28,0,32,5,18,60,0,83,8,0,8,91
06/07/2020,CHA,TN,ASO,ES,Combined TRACON& Tower with Radar,5,25,36,0,66,0,0,29,0,29,5,25,65,0,95,4,0,4,99
06/08/2020,CHA,TN,ASO,ES,Combined TRACON& Tower with Radar,8,17,60,19,104,0,1,11,1,13,8,18,71,20,117,0,0,0,117
06/09/2020,CHA,TN,ASO,ES,Combined TRACON& Tower with Radar,6,15,39,12,72,0,0,2,0,2,6,15,41,12,74,36,10,46,120
06/10/2020,CHA,TN,ASO,ES,Combined TRACON& Tower with Radar,6,13,51,0,70,0,0,10,0,10,6,13,61,0,80,0,0,0,80
06/11/2020,CHA,TN,ASO,ES,Combined TRACON& Tower with Radar,7,30,72,5,114,0,10,50,1,61,7,40,122,6,175,50,4,54,229
06/12/2020,CHA,TN,ASO,ES,Combined TRACON& Tower with Radar,8,22,48,15,93,0,2,47,2,51,8,24,95,17,144,54,6,60,204
06/13/2020,CHA,TN,ASO,ES,Combined TRACON& Tower with Radar,4,21,44,21,90,0,8,62,3,73,4,29,106,24,163,46,2,48,211
06/14/2020,CHA,TN,ASO,ES,Combined TRACON& Tower with Radar,6,17,30,0,53,0,2,20,0,22,6,19,50,0,75,0,0,0,75
06/15/2020,CHA,TN,ASO,ES,Combined TRACON& Tower with Radar,8,21,54,22,105,0,1,44,4,49,8,22,98,26,154,32,10,42,196
06/16/2020,CHA,TN,ASO,ES,Combined TRACON& Tower with Radar,7,20,52,20,99,0,4,39,4,47,7,24,91,24,146,40,16,56,202
06/17/2020,CHA,TN,ASO,ES,Combined TRACON& Tower with Radar,6,26,57,19,108,0,3,29,3,35,6,29,86,22,143,64,0,64,207
06/18/2020,CHA,TN,ASO,ES,Combined TRACON& Tower with Radar,8,31,39,8,86,0,2,28,8,38,8,33,67,16,124,104,8,112,236
06/19/2020,CHA,TN,ASO,ES,Combined TRACON& Tower with Radar,8,28,38,6,80,0,4,33,3,40,8,32,71,9,120,30,0,30,150
06/20/2020,CHA,TN,ASO,ES,Combined TRACON& Tower with Radar,5,22,31,0,58,0,8,33,0,41,5,30,64,0,99,6,0,6,105
06/21/2020,CHA,TN,ASO,ES,Combined TRACON& Tower with Radar,6,18,22,0,46,0,0,9,0,9,6,18,31,0,55,22,0,22,77
06/22/2020,CHA,TN,ASO,ES,Combined TRACON& Tower with Radar,9,23,38,1,71,0,1,15,0,16,9,24,53,1,87,0,0,0,87
06/23/2020,CHA,TN,ASO,ES,Combined TRACON& Tower with Radar,6,23,37,2,68,0,0,8,0,8,6,23,45,2,76,0,0,0,76
06/24/2020,CHA,TN,ASO,ES,Combined TRACON& Tower with Radar,6,26,36,6,74,0,5,7,4,16,6,31,43,10,90,24,2,26,116
06/25/2020,CHA,TN,ASO,ES,Combined TRACON& Tower with Radar,8,43,58,17,126,0,1,29,1,31,8,44,87,18,157,70,24,94,251
06/26/2020,CHA,TN,ASO,ES,Combined TRACON& Tower with Radar,10,31,47,2,90,0,0,4,0,4,10,31,51,2,94,4,12,16,110
06/27/2020,CHA,TN,ASO,ES,Combined TRACON& Tower with Radar,4,21,50,0,75,0,2,22,0,24,4,23,72,0,99,0,0,0,99
06/28/2020,CHA,TN,ASO,ES,Combined TRACON& Tower with Radar,6,21,27,0,54,0,0,9,0,9,6,21,36,0,63,0,0,0,63
06/29/2020,CHA,TN,ASO,ES,Combined TRACON& Tower with Radar,7,22,42,7,78,0,0,33,0,33,7,22,75,7,111,0,0,0,111
06/30/2020,CHA,TN,ASO,ES,Combined TRACON& Tower with Radar,8,11,32,6,57,0,0,30,0,30,8,11,62,6,87,2,0,2,89
07/01/2020,CHA,TN,ASO,ES,Combined TRACON& Tower with Radar,6,25,46,5,82,0,0,15,3,18,6,25,61,8,100,14,4,18,118
07/02/2020,CHA,TN,ASO,ES,Combined TRACON& Tower with Radar,16,35,63,28,142,0,2,33,2,37,16,37,96,30,179,24,2,26,205
07/03/2020,CHA,TN,ASO,ES,Combined TRACON& Tower with Radar,9,32,49,0,90,0,9,42,3,54,9,41,91,3,144,64,0,64,208
07/04/2020,CHA,TN,ASO,ES,Combined TRACON& Tower with Radar,7,11,26,0,44,0,1,13,3,17,7,12,39,3,61,28,0,28,89
07/05/2020,CHA,TN,ASO,ES,Combined TRACON& Tower with Radar,7,16,29,0,52,0,0,13,0,13,7,16,42,0,65,24,0,24,89
07/06/2020,CHA,TN,ASO,ES,Combined TRACON& Tower with Radar,7,17,37,2,63,0,3,27,0,30,7,20,64,2,93,46,0,46,139
07/07/2020,CHA,TN,ASO,ES,Combined TRACON& Tower with Radar,10,28,52,34,124,0,0,22,0,22,10,28,74,34,146,56,10,66,212
07/08/2020,CHA,TN,ASO,ES,Combined TRACON& Tower with Radar,12,35,38,16,101,0,1,29,2,32,12,36,67,18,133,42,20,62,195
07/09/2020,CHA,TN,ASO,ES,Combined TRACON& Tower with Radar,20,20,69,27,136,0,0,31,1,32,20,20,100,28,168,68,12,80,248
07/10/2020,CHA,TN,ASO,ES,Combined TRACON& Tower with Radar,11,35,56,44,146,0,0,49,4,53,11,35,105,48,199,8,14,22,221
07/11/2020,CHA,TN,ASO,ES,Combined TRACON& Tower with Radar,10,26,31,0,67,0,5,52,0,57,10,31,83,0,124,4,0,4,128
07/12/2020,CHA,TN,ASO,ES,Combined TRACON& Tower with Radar,11,20,21,0,52,0,1,15,0,16,11,21,36,0,68,56,0,56,124
07/13/2020,CHA,TN,ASO,ES,Combined TRACON& Tower with Radar,13,26,44,44,127,0,0,37,3,40,13,26,81,47,167,70,50,120,287
07/14/2020,CHA,TN,ASO,ES,Combined TRACON& Tower with Radar,10,24,62,3,99,0,8,59,0,67,10,32,121,3,166,36,4,40,206
07/15/2020,CHA,TN,ASO,ES,Combined TRACON& Tower with Radar,14,32,60,33,139,0,3,47,0,50,14,35,107,33,189,106,72,178,367
07/16/2020,CHA,TN,ASO,ES,Combined TRACON& Tower with Radar,14,24,56,10,104,0,6,55,2,63,14,30,111,12,167,138,56,194,361
07/17/2020,CHA,TN,ASO,ES,Combined TRACON& Tower with Radar,14,16,57,10,97,0,0,44,2,46,14,16,101,12,143,94,0,94,237
07/18/2020,CHA,TN,ASO,ES,Combined TRACON& Tower with Radar,10,16,34,5,65,0,2,27,1,30,10,18,61,6,95,10,0,10,105
07/19/2020,CHA,TN,ASO,ES,Combined TRACON& Tower with Radar,11,16,29,4,60,0,0,15,0,15,11,16,44,4,75,0,14,14,89
07/20/2020,CHA,TN,ASO,ES,Combined TRACON& Tower with Radar,27,20,43,17,107,0,0,24,2,26,27,20,67,19,133,20,8,28,161
07/21/2020,CHA,TN,ASO,ES,Combined TRACON& Tower with Radar,14,31,44,9,98,0,3,13,2,18,14,34,57,11,116,0,0,0,116
07/22/2020,CHA,TN,ASO,ES,Combined TRACON& Tower with Radar,10,32,54,16,112,0,0,35,4,39,10,32,89,20,151,66,2,68,219
07/23/2020,CHA,TN,ASO,ES,Combined TRACON& Tower with Radar,14,35,53,21,123,0,2,49,1,52,14,37,102,22,175,50,18,68,243
07/24/2020,CHA,TN,ASO,ES,Combined TRACON& Tower with Radar,15,41,54,3,113,0,2,30,1,33,15,43,84,4,146,36,10,46,192
07/25/2020,CHA,TN,ASO,ES,Combined TRACON& Tower with Radar,10,29,32,0,71,0,2,26,0,28,10,31,58,0,99,30,0,30,129
07/26/2020,CHA,TN,ASO,ES,Combined TRACON& Tower with Radar,11,18,25,2,56,0,0,25,4,29,11,18,50,6,85,12,0,12,97
07/27/2020,CHA,TN,ASO,ES,Combined TRACON& Tower with Radar,14,23,30,40,107,0,1,21,3,25,14,24,51,43,132,24,12,36,168
07/28/2020,CHA,TN,ASO,ES,Combined TRACON& Tower with Radar,13,29,54,5,101,0,2,26,0,28,13,31,80,5,129,8,8,16,145
07/29/2020,CHA,TN,ASO,ES,Combined TRACON& Tower with Radar,11,28,58,4,101,0,1,20,0,21,11,29,78,4,122,28,10,38,160
07/30/2020,CHA,TN,ASO,ES,Combined TRACON& Tower with Radar,15,33,45,0,93,0,1,12,0,13,15,34,57,0,106,78,0,78,184
07/31/2020,CHA,TN,ASO,ES,Combined TRACON& Tower with Radar,16,24,63,0,103,0,0,9,1,10,16,24,72,1,113,4,0,4,117
08/01/2020,CHA,TN,ASO,ES,Combined TRACON& Tower with Radar,14,20,26,0,60,0,2,21,1,24,14,22,47,1,84,16,0,16,100
08/02/2020,CHA,TN,ASO,ES,Combined TRACON& Tower with Radar,14,33,41,0,88,0,2,26,0,28,14,35,67,0,116,35,0,35,151
08/03/2020,CHA,TN,ASO,ES,Combined TRACON& Tower with Radar,18,28,32,11,89,0,1,24,0,25,18,29,56,11,114,24,0,24,138
08/04/2020,CHA,TN,ASO,ES,Combined TRACON& Tower with Radar,12,23,58,12,105,0,0,33,0,33,12,23,91,12,138,46,0,46,184
08/05/2020,CHA,TN,ASO,ES,Combined TRACON& Tower with Radar,12,17,56,6,91,0,5,43,1,49,12,22,99,7,140,54,6,60,200
08/06/2020,CHA,TN,ASO,ES,Combined TRACON& Tower with Radar,16,28,42,5,91,0,3,15,2,20,16,31,57,7,111,22,2,24,135
08/07/2020,CHA,TN,ASO,ES,Combined TRACON& Tower with Radar,16,28,55,13,112,0,3,38,1,42,16,31,93,14,154,24,0,24,178
08/08/2020,CHA,TN,ASO,ES,Combined TRACON& Tower with Radar,15,22,46,0,83,0,0,52,2,54,15,22,98,2,137,18,0,18,155
08/09/2020,CHA,TN,ASO,ES,Combined TRACON& Tower with Radar,13,19,31,1,64,0,3,39,2,44,13,22,70,3,108,50,0,50,158
08/10/2020,CHA,TN,ASO,ES,Combined TRACON& Tower with Radar,15,22,41,6,84,0,0,20,0,20,15,22,61,6,104,22,4,26,130
08/11/2020,CHA,TN,ASO,ES,Combined TRACON& Tower with Radar,13,35,40,3,91,0,1,42,0,43,13,36,82,3,134,48,0,48,182
08/12/2020,CHA,TN,ASO,ES,Combined TRACON& Tower with Radar,13,21,65,13,112,0,3,34,0,37,13,24,99,13,149,50,4,54,203
08/13/2020,CHA,TN,ASO,ES,Combined TRACON& Tower with Radar,16,29,66,16,127,0,0,26,3,29,16,29,92,19,156,60,10,70,226
08/14/2020,CHA,TN,ASO,ES,Combined TRACON& Tower with Radar,16,27,36,12,91,0,0,6,2,8,16,27,42,14,99,46,0,46,145
08/15/2020,CHA,TN,ASO,ES,Combined TRACON& Tower with Radar,12,33,39,3,87,0,0,14,2,16,12,33,53,5,103,0,0,0,103
08/16/2020,CHA,TN,ASO,ES,Combined TRACON& Tower with Radar,14,28,45,6,93,0,1,43,1,45,14,29,88,7,138,38,0,38,176
08/17/2020,CHA,TN,ASO,ES,Combined TRACON& Tower with Radar,15,23,32,44,114,0,1,68,3,72,15,24,100,47,186,50,14,64,250
08/18/2020,CHA,TN,ASO,ES,Combined TRACON& Tower with Radar,17,22,38,39,116,0,3,58,1,62,17,25,96,40,178,58,0,58,236
08/19/2020,CHA,TN,ASO,ES,Combined TRACON& Tower with Radar,12,22,59,1,94,0,0,50,6,56,12,22,109,7,150,46,12,58,208
08/20/2020,CHA,TN,ASO,ES,Combined TRACON& Tower with Radar,17,24,47,5,93,0,0,44,3,47,17,24,91,8,140,54,4,58,198
08/21/2020,CHA,TN,ASO,ES,Combined TRACON& Tower with Radar,16,29,41,0,86,0,0,9,0,9,16,29,50,0,95,8,0,8,103
08/22/2020,CHA,TN,ASO,ES,Combined TRACON& Tower with Radar,12,26,33,0,71,0,0,15,1,16,12,26,48,1,87,46,0,46,133
08/23/2020,CHA,TN,ASO,ES,Combined TRACON& Tower with Radar,14,25,58,25,122,0,0,16,16,32,14,25,74,41,154,80,0,80,234
08/24/2020,CHA,TN,ASO,ES,Combined TRACON& Tower with Radar,15,23,59,36,133,0,2,29,1,32,15,25,88,37,165,52,26,78,243
08/25/2020,CHA,TN,ASO,ES,Combined TRACON& Tower with Radar,12,22,43,14,91,0,0,16,2,18,12,22,59,16,109,88,0,88,197
08/26/2020,CHA,TN,ASO,ES,Combined TRACON& Tower with Radar,12,29,59,12,112,0,0,31,6,37,12,29,90,18,149,10,0,10,159
08/27/2020,CHA,TN,ASO,ES,Combined TRACON& Tower with Radar,18,35,47,43,143,0,0,47,1,48,18,35,94,44,191,118,6,124,315
08/28/2020,CHA,TN,ASO,ES,Combined TRACON& Tower with Radar,17,25,46,0,88,0,0,9,0,9,17,25,55,0,97,0,0,0,97
08/29/2020,CHA,TN,ASO,ES,Combined TRACON& Tower with Radar,12,21,27,0,60,0,2,6,0,8,12,23,33,0,68,40,0,40,108
08/30/2020,CHA,TN,ASO,ES,Combined TRACON& Tower with Radar,15,21,39,0,75,0,0,9,0,9,15,21,48,0,84,12,0,12,96
08/31/2020,CHA,TN,ASO,ES,Combined TRACON& Tower with Radar,15,22,58,25,120,0,3,17,0,20,15,25,75,25,140,38,0,38,178
09/01/2020,CHA,TN,ASO,ES,Combined TRACON& Tower with Radar,11,39,54,16,120,0,1,35,0,36,11,40,89,16,156,59,0,59,215
09/02/2020,CHA,TN,ASO,ES,Combined TRACON& Tower with Radar,12,31,75,49,167,0,11,39,3,53,12,42,114,52,220,54,10,64,284
09/03/2020,CHA,TN,ASO,ES,Combined TRACON& Tower with Radar,16,37,61,45,159,0,0,42,3,45,16,37,103,48,204,18,28,46,250
09/04/2020,CHA,TN,ASO,ES,Combined TRACON& Tower with Radar,16,29,43,3,91,0,2,58,3,63,16,31,101,6,154,42,4,46,200
09/05/2020,CHA,TN,ASO,ES,Combined TRACON& Tower with Radar,13,22,30,0,65,0,4,54,4,62,13,26,84,4,127,24,0,24,151
09/06/2020,CHA,TN,ASO,ES,Combined TRACON& Tower with Radar,11,19,24,0,54,0,4,52,0,56,11,23,76,0,110,0,0,0,110
09/07/2020,CHA,TN,ASO,ES,Combined TRACON& Tower with Radar,14,22,41,0,77,0,9,40,0,49,14,31,81,0,126,54,0,54,180
09/08/2020,CHA,TN,ASO,ES,Combined TRACON& Tower with Radar,12,23,44,74,153,0,9,48,5,62,12,32,92,79,215,70,6,76,291
09/09/2020,CHA,TN,ASO,ES,Combined TRACON& Tower with Radar,16,25,35,47,123,0,8,38,2,48,16,33,73,49,171,80,22,102,273
09/10/2020,CHA,TN,ASO,ES,Combined TRACON& Tower with Radar,18,30,81,48,177,0,8,52,6,66,18,38,133,54,243,89,30,119,362
09/11/2020,CHA,TN,ASO,ES,Combined TRACON& Tower with Radar,18,28,51,29,126,0,7,37,12,56,18,35,88,41,182,86,50,136,318
09/12/2020,CHA,TN,ASO,ES,Combined TRACON& Tower with Radar,15,18,20,0,53,0,3,23,1,27,15,21,43,1,80,26,0,26,106
09/13/2020,CHA,TN,ASO,ES,Combined TRACON& Tower with Radar,20,25,36,0,81,0,2,7,0,9,20,27,43,0,90,20,0,20,110
09/14/2020,CHA,TN,ASO,ES,Combined TRACON& Tower with Radar,17,35,56,75,183,0,3,25,2,30,17,38,81,77,213,84,40,124,337
09/15/2020,CHA,TN,ASO,ES,Combined TRACON& Tower with Radar,16,28,63,91,198,0,5,37,0,42,16,33,100,91,240,42,16,58,298
09/16/2020,CHA,TN,ASO,ES,Combined TRACON& Tower with Radar,19,23,48,5,95,0,4,23,0,27,19,27,71,5,122,30,0,30,152
09/17/2020,CHA,TN,ASO,ES,Combined TRACON& Tower with Radar,20,30,43,8,101,0,4,8,0,12,20,34,51,8,113,20,0,20,133
09/18/2020,CHA,TN,ASO,ES,Combined TRACON& Tower with Radar,22,24,34,20,100,0,1,16,1,18,22,25,50,21,118,40,4,44,162
09/19/2020,CHA,TN,ASO,ES,Combined TRACON& Tower with Radar,16,14,21,18,69,0,7,29,0,36,16,21,50,18,105,58,0,58,163
09/20/2020,CHA,TN,ASO,ES,Combined TRACON& Tower with Radar,16,27,56,10,109,0,6,40,0,46,16,33,96,10,155,50,4,54,209
09/21/2020,CHA,TN,ASO,ES,Combined TRACON& Tower with Radar,19,23,35,60,137,0,3,33,7,43,19,26,68,67,180,83,38,121,301
09/22/2020,CHA,TN,ASO,ES,Combined TRACON& Tower with Radar,18,34,62,49,163,0,7,31,2,40,18,41,93,51,203,60,40,100,303
09/23/2020,CHA,TN,ASO,ES,Combined TRACON& Tower with Radar,20,33,64,55,172,0,11,21,2,34,20,44,85,57,206,22,12,34,240
09/24/2020,CHA,TN,ASO,ES,Combined TRACON& Tower with Radar,19,30,51,2,102,0,0,0,0,0,19,30,51,2,102,0,0,0,102
09/25/2020,CHA,TN,ASO,ES,Combined TRACON& Tower with Radar,21,40,69,2,132,0,0,7,0,7,21,40,76,2,139,14,0,14,153
09/26/2020,CHA,TN,ASO,ES,Combined TRACON& Tower with Radar,21,21,48,0,90,0,7,19,0,26,21,28,67,0,116,106,0,106,222
09/27/2020,CHA,TN,ASO,ES,Combined TRACON& Tower with Radar,18,23,45,30,116,0,4,33,3,40,18,27,78,33,156,22,16,38,194
09/28/2020,CHA,TN,ASO,ES,Combined TRACON& Tower with Radar,19,23,54,39,135,0,0,10,1,11,19,23,64,40,146,48,12,60,206
09/29/2020,CHA,TN,ASO,ES,Combined TRACON& Tower with Radar,18,22,41,24,105,0,5,9,0,14,18,27,50,24,119,12,8,20,139
09/30/2020,CHA,TN,ASO,ES,Combined TRACON& Tower with Radar,16,24,52,59,151,0,8,39,3,50,16,32,91,62,201,98,78,176,377
10/01/2020,CHA,TN,ASO,ES,Combined TRACON& Tower with Radar,23,32,50,24,129,0,2,50,7,59,23,34,100,31,188,22,6,28,216
10/02/2020,CHA,TN,ASO,ES,Combined TRACON& Tower with Radar,27,30,30,15,102,0,7,46,6,59,27,37,76,21,161,8,26,34,195
10/03/2020,CHA,TN,ASO,ES,Combined TRACON& Tower with Radar,25,25,30,1,81,0,14,60,1,75,25,39,90,2,156,52,0,52,208
10/04/2020,CHA,TN,ASO,ES,Combined TRACON& Tower with Radar,24,18,41,9,92,0,9,46,1,56,24,27,87,10,148,38,0,38,186
10/05/2020,CHA,TN,ASO,ES,Combined TRACON& Tower with Radar,25,27,51,64,167,0,6,32,2,40,25,33,83,66,207,18,52,70,277
10/06/2020,CHA,TN,ASO,ES,Combined TRACON& Tower with Radar,24,26,31,28,109,0,2,34,0,36,24,28,65,28,145,28,14,42,187
10/07/2020,CHA,TN,ASO,ES,Combined TRACON& Tower with Radar,24,28,58,36,146,0,6,45,0,51,24,34,103,36,197,30,10,40,237
10/08/2020,CHA,TN,ASO,ES,Combined TRACON& Tower with Radar,26,34,49,19,128,0,6,60,1,67,26,40,109,20,195,44,0,44,239
10/09/2020,CHA,TN,ASO,ES,Combined TRACON& Tower with Radar,27,25,54,6,112,0,0,11,0,11,27,25,65,6,123,44,0,44,167
10/10/2020,CHA,TN,ASO,ES,Combined TRACON& Tower with Radar,23,37,10,0,70,0,0,0,0,0,23,37,10,0,70,0,0,0,70
10/11/2020,CHA,TN,ASO,ES,Combined TRACON& Tower with Radar,24,16,29,0,69,0,0,0,0,0,24,16,29,0,69,0,0,0,69
10/12/2020,CHA,TN,ASO,ES,Combined TRACON& Tower with Radar,26,34,56,0,116,0,0,27,0,27,26,34,83,0,143,80,0,80,223
10/13/2020,CHA,TN,ASO,ES,Combined TRACON& Tower with Radar,27,31,43,10,111,0,11,62,2,75,27,42,105,12,186,40,32,72,258
10/14/2020,CHA,TN,ASO,ES,Combined TRACON& Tower with Radar,24,29,69,18,140,0,1,68,4,73,24,30,137,22,213,116,28,144,357
10/15/2020,CHA,TN,ASO,ES,Combined TRACON& Tower with Radar,27,26,58,37,148,0,2,47,3,52,27,28,105,40,200,30,12,42,242
10/16/2020,CHA,TN,ASO,ES,Combined TRACON& Tower with Radar,27,33,46,26,132,0,3,35,3,41,27,36,81,29,173,38,16,54,227
10/17/2020,CHA,TN,ASO,ES,Combined TRACON& Tower with Radar,26,18,27,6,77,0,11,58,0,69,26,29,85,6,146,4,26,30,176
10/18/2020,CHA,TN,ASO,ES,Combined TRACON& Tower with Radar,27,20,37,31,115,0,8,41,12,61,27,28,78,43,176,48,16,64,240
10/19/2020,CHA,TN,ASO,ES,Combined TRACON& Tower with Radar,26,24,45,16,111,0,2,25,0,27,26,26,70,16,138,40,10,50,188
10/20/2020,CHA,TN,ASO,ES,Combined TRACON& Tower with Radar,25,25,59,47,156,0,5,52,7,64,25,30,111,54,220,46,71,117,337
10/21/2020,CHA,TN,ASO,ES,Combined TRACON& Tower with Radar,29,28,71,26,154,0,2,37,2,41,29,30,108,28,195,110,42,152,347
10/22/2020,CHA,TN,ASO,ES,Combined TRACON& Tower with Radar,29,31,69,25,154,0,0,29,2,31,29,31,98,27,185,42,8,50,235
10/23/2020,CHA,TN,ASO,ES,Combined TRACON& Tower with Radar,28,32,49,78,187,0,1,28,4,33,28,33,77,82,220,22,12,34,254
10/24/2020,CHA,TN,ASO,ES,Combined TRACON& Tower with Radar,25,26,32,14,97,0,0,2,0,2,25,26,34,14,99,0,0,0,99
10/25/2020,CHA,TN,ASO,ES,Combined TRACON& Tower with Radar,26,30,59,11,126,0,1,9,0,10,26,31,68,11,136,38,0,38,174
10/26/2020,CHA,TN,ASO,ES,Combined TRACON& Tower with Radar,25,31,52,6,114,0,0,3,0,3,25,31,55,6,117,12,0,12,129
10/27/2020,CHA,TN,ASO,ES,Combined TRACON& Tower with Radar,22,30,68,38,158,0,1,5,0,6,22,31,73,38,164,24,0,24,188
10/28/2020,CHA,TN,ASO,ES,Combined TRACON& Tower with Radar,27,20,38,2,87,0,0,0,0,0,27,20,38,2,87,0,0,0,87
10/29/2020,CHA,TN,ASO,ES,Combined TRACON& Tower with Radar,27,31,43,11,112,0,0,6,1,7,27,31,49,12,119,0,0,0,119
10/30/2020,CHA,TN,ASO,ES,Combined TRACON& Tower with Radar,27,33,53,15,128,0,2,26,0,28,27,35,79,15,156,22,8,30,186
10/31/2020,CHA,TN,ASO,ES,Combined TRACON& Tower with Radar,16,20,29,6,71,0,4,45,0,49,16,24,74,6,120,20,0,20,140
11/01/2020,CHA,TN,ASO,ES,Combined TRACON& Tower with Radar,19,22,31,7,79,0,4,14,2,20,19,26,45,9,99,32,4,36,135
11/02/2020,CHA,TN,ASO,ES,Combined TRACON& Tower with Radar,23,23,36,19,101,0,6,30,3,39,23,29,66,22,140,74,0,74,214
11/03/2020,CHA,TN,ASO,ES,Combined TRACON& Tower with Radar,20,27,37,20,104,0,2,52,2,56,20,29,89,22,160,82,18,100,260
11/04/2020,CHA,TN,ASO,ES,Combined TRACON& Tower with Radar,18,25,37,16,96,0,5,45,3,53,18,30,82,19,149,52,26,78,227
11/05/2020,CHA,TN,ASO,ES,Combined TRACON& Tower with Radar,20,42,64,53,179,0,8,47,4,59,20,50,111,57,238,56,12,68,306
11/06/2020,CHA,TN,ASO,ES,Combined TRACON& Tower with Radar,20,63,54,55,192,0,12,47,13,72,20,75,101,68,264,14,26,40,304
11/07/2020,CHA,TN,ASO,ES,Combined TRACON& Tower with Radar,17,22,51,15,105,0,2,27,0,29,17,24,78,15,134,2,8,10,144
11/08/2020,CHA,TN,ASO,ES,Combined TRACON& Tower with Radar,17,39,48,10,114,0,6,28,1,35,17,45,76,11,149,24,0,24,173
11/09/2020,CHA,TN,ASO,ES,Combined TRACON& Tower with Radar,17,47,56,65,185,0,6,43,3,52,17,53,99,68,237,30,20,50,287
11/10/2020,CHA,TN,ASO,ES,Combined TRACON& Tower with Radar,15,46,51,32,144,0,0,19,4,23,15,46,70,36,167,80,8,88,255
11/11/2020,CHA,TN,ASO,ES,Combined TRACON& Tower with Radar,16,36,39,0,91,0,0,0,0,0,16,36,39,0,91,0,0,0,91
11/12/2020,CHA,TN,ASO,ES,Combined TRACON& Tower with Radar,18,67,80,30,195,0,4,13,5,22,18,71,93,35,217,58,0,58,275
11/13/2020,CHA,TN,ASO,ES,Combined TRACON& Tower with Radar,19,41,43,15,118,0,2,37,5,44,19,43,80,20,162,88,10,98,260
11/14/2020,CHA,TN,ASO,ES,Combined TRACON& Tower with Radar,15,24,24,2,65,0,6,39,2,47,15,30,63,4,112,52,14,66,178
11/15/2020,CHA,TN,ASO,ES,Combined TRACON& Tower with Radar,16,29,28,5,78,0,4,16,1,21,16,33,44,6,99,10,0,10,109
11/16/2020,CHA,TN,ASO,ES,Combined TRACON& Tower with Radar,18,42,43,32,135,0,4,44,3,51,18,46,87,35,186,50,0,50,236
11/17/2020,CHA,TN,ASO,ES,Combined TRACON& Tower with Radar,16,45,44,38,143,0,4,26,5,35,16,49,70,43,178,62,8,70,248
11/18/2020,CHA,TN,ASO,ES,Combined TRACON& Tower with Radar,16,38,50,31,135,0,2,39,9,50,16,40,89,40,185,90,28,118,303
11/19/2020,CHA,TN,ASO,ES,Combined TRACON& Tower with Radar,19,74,53,20,166,0,7,38,10,55,19,81,91,30,221,76,12,88,309
11/20/2020,CHA,TN,ASO,ES,Combined TRACON& Tower with Radar,22,47,67,29,165,0,1,55,5,61,22,48,122,34,226,58,10,68,294
11/21/2020,CHA,TN,ASO,ES,Combined TRACON& Tower with Radar,20,32,27,9,88,0,2,45,1,48,20,34,72,10,136,12,0,12,148
11/22/2020,CHA,TN,ASO,ES,Combined TRACON& Tower with Radar,22,37,40,14,113,0,0,26,0,26,22,37,66,14,139,12,0,12,151
11/23/2020,CHA,TN,ASO,ES,Combined TRACON& Tower with Radar,23,57,34,47,161,0,3,29,1,33,23,60,63,48,194,40,26,66,260
11/24/2020,CHA,TN,ASO,ES,Combined TRACON& Tower with Radar,25,37,47,38,147,0,3,31,4,38,25,40,78,42,185,10,64,74,259
11/25/2020,CHA,TN,ASO,ES,Combined TRACON& Tower with Radar,24,29,23,0,76,0,0,1,0,1,24,29,24,0,77,0,0,0,77
11/26/2020,CHA,TN,ASO,ES,Combined TRACON& Tower with Radar,16,7,2,0,25,0,2,8,0,10,16,9,10,0,35,10,0,10,45
11/27/2020,CHA,TN,ASO,ES,Combined TRACON& Tower with Radar,15,23,32,2,72,0,4,45,2,51,15,27,77,4,123,12,0,12,135
11/28/2020,CHA,TN,ASO,ES,Combined TRACON& Tower with Radar,18,37,25,0,80,0,1,35,2,38,18,38,60,2,118,32,0,32,150
11/29/2020,CHA,TN,ASO,ES,Combined TRACON& Tower with Radar,22,32,38,0,92,0,0,6,0,6,22,32,44,0,98,32,0,32,130
11/30/2020,CHA,TN,ASO,ES,Combined TRACON& Tower with Radar,20,24,23,0,67,0,0,1,0,1,20,24,24,0,68,20,0,20,88
12/01/2020,CHA,TN,ASO,ES,Combined TRACON& Tower with Radar,17,41,48,38,144,0,2,29,6,37,17,43,77,44,181,40,30,70,251
12/02/2020,CHA,TN,ASO,ES,Combined TRACON& Tower with Radar,13,35,58,23,129,0,4,26,0,30,13,39,84,23,159,70,0,70,229
12/03/2020,CHA,TN,ASO,ES,Combined TRACON& Tower with Radar,16,35,52,44,147,0,2,36,7,45,16,37,88,51,192,46,32,78,270
12/04/2020,CHA,TN,ASO,ES,Combined TRACON& Tower with Radar,16,31,28,0,75,0,0,0,0,0,16,31,28,0,75,0,0,0,75
12/05/2020,CHA,TN,ASO,ES,Combined TRACON& Tower with Radar,12,25,51,0,88,0,2,37,1,40,12,27,88,1,128,72,0,72,200
12/06/2020,CHA,TN,ASO,ES,Combined TRACON& Tower with Radar,14,35,39,4,92,0,2,15,6,23,14,37,54,10,115,36,0,36,151
12/07/2020,CHA,TN,ASO,ES,Combined TRACON& Tower with Radar,14,28,53,15,110,0,0,3,0,3,14,28,56,15,113,16,0,16,129
12/08/2020,CHA,TN,ASO,ES,Combined TRACON& Tower with Radar,12,33,52,43,140,0,3,26,4,33,12,36,78,47,173,12,54,66,239
12/09/2020,CHA,TN,ASO,ES,Combined TRACON& Tower with Radar,13,36,75,2,126,0,0,48,2,50,13,36,123,4,176,24,4,28,204
12/10/2020,CHA,TN,ASO,ES,Combined TRACON& Tower with Radar,16,38,71,19,144,0,6,49,5,60,16,44,120,24,204,134,36,170,374
12/11/2020,CHA,TN,ASO,ES,Combined TRACON& Tower with Radar,16,25,36,33,110,0,0,51,1,52,16,25,87,34,162,28,4,32,194
12/12/2020,CHA,TN,ASO,ES,Combined TRACON& Tower with Radar,12,17,26,0,55,0,0,0,0,0,12,17,26,0,55,0,0,0,55
12/13/2020,CHA,TN,ASO,ES,Combined TRACON& Tower with Radar,14,33,45,18,110,0,0,29,0,29,14,33,74,18,139,30,4,34,173
12/14/2020,CHA,TN,ASO,ES,Combined TRACON& Tower with Radar,14,38,32,18,102,0,0,1,1,2,14,38,33,19,104,0,10,10,114
12/15/2020,CHA,TN,ASO,ES,Combined TRACON& Tower with Radar,12,34,40,80,166,0,2,32,7,41,12,36,72,87,207,74,58,132,339
12/16/2020,CHA,TN,ASO,ES,Combined TRACON& Tower with Radar,13,24,41,4,82,0,0,0,0,0,13,24,41,4,82,0,0,0,82
12/17/2020,CHA,TN,ASO,ES,Combined TRACON& Tower with Radar,19,35,38,19,111,0,2,18,1,21,19,37,56,20,132,58,14,72,204
12/18/2020,CHA,TN,ASO,ES,Combined TRACON& Tower with Radar,23,31,46,29,129,0,0,51,5,56,23,31,97,34,185,46,34,80,265
12/19/2020,CHA,TN,ASO,ES,Combined TRACON& Tower with Radar,21,24,32,0,77,0,1,21,0,22,21,25,53,0,99,0,0,0,99
12/20/2020,CHA,TN,ASO,ES,Combined TRACON& Tower with Radar,24,20,31,16,91,0,0,0,0,0,24,20,31,16,91,0,0,0,91
12/21/2020,CHA,TN,ASO,ES,Combined TRACON& Tower with Radar,20,30,56,33,139,0,2,19,1,22,20,32,75,34,161,4,6,10,171
12/22/2020,CHA,TN,ASO,ES,Combined TRACON& Tower with Radar,23,27,49,13,112,0,1,52,3,56,23,28,101,16,168,34,14,48,216
12/23/2020,CHA,TN,ASO,ES,Combined TRACON& Tower with Radar,24,19,41,6,90,0,2,22,0,24,24,21,63,6,114,8,0,8,122
12/24/2020,CHA,TN,ASO,ES,Combined TRACON& Tower with Radar,20,12,5,0,37,0,0,0,0,0,20,12,5,0,37,0,0,0,37
12/25/2020,CHA,TN,ASO,ES,Combined TRACON& Tower with Radar,14,12,9,0,35,0,0,4,0,4,14,12,13,0,39,0,0,0,39
12/26/2020,CHA,TN,ASO,ES,Combined TRACON& Tower with Radar,22,21,44,0,87,0,2,25,1,28,22,23,69,1,115,0,0,0,115
12/27/2020,CHA,TN,ASO,ES,Combined TRACON& Tower with Radar,22,27,35,0,84,0,0,23,0,23,22,27,58,0,107,22,0,22,129
12/28/2020,CHA,TN,ASO,ES,Combined TRACON& Tower with Radar,23,17,34,0,74,0,0,9,0,9,23,17,43,0,83,2,0,2,85
12/29/2020,CHA,TN,ASO,ES,Combined TRACON& Tower with Radar,24,20,34,10,88,0,1,40,0,41,24,21,74,10,129,24,8,32,161
12/30/2020,CHA,TN,ASO,ES,Combined TRACON& Tower with Radar,21,22,49,4,96,0,0,8,0,8,21,22,57,4,104,6,0,6,110
12/31/2020,CHA,TN,ASO,ES,Combined TRACON& Tower with Radar,18,11,14,0,43,0,0,0,0,0,18,11,14,0,43,0,0,0,43
01/01/2021,CHA,TN,ASO,ES,Combined TRACON& Tower with Radar,14,8,5,0,27,0,0,0,0,0,14,8,5,0,27,0,0,0,27
01/02/2021,CHA,TN,ASO,ES,Combined TRACON& Tower with Radar,18,22,26,0,66,0,0,30,0,30,18,22,56,0,96,0,0,0,96
01/03/2021,CHA,TN,ASO,ES,Combined TRACON& Tower with Radar,20,24,52,0,96,0,0,14,0,14,20,24,66,0,110,0,0,0,110
01/04/2021,CHA,TN,ASO,ES,Combined TRACON& Tower with Radar,20,29,57,0,106,0,2,31,4,37,20,31,88,4,143,18,0,18,161
01/05/2021,CHA,TN,ASO,ES,Combined TRACON& Tower with Radar,23,15,47,1,86,0,0,14,1,15,23,15,61,2,101,30,0,30,131
01/06/2021,CHA,TN,ASO,ES,Combined TRACON& Tower with Radar,24,23,55,45,147,0,0,33,0,33,24,23,88,45,180,54,28,82,262
01/07/2021,CHA,TN,ASO,ES,Combined TRACON& Tower with Radar,26,20,24,0,70,0,0,8,0,8,26,20,32,0,78,12,0,12,90
01/08/2021,CHA,TN,ASO,ES,Combined TRACON& Tower with Radar,24,18,18,2,62,0,0,0,0,0,24,18,18,2,62,0,0,0,62
01/09/2021,CHA,TN,ASO,ES,Combined TRACON& Tower with Radar,19,17,23,2,61,0,0,8,0,8,19,17,31,2,69,68,0,68,137
01/10/2021,CHA,TN,ASO,ES,Combined TRACON& Tower with Radar,19,24,37,7,87,0,1,34,1,36,19,25,71,8,123,24,0,24,147
01/11/2021,CHA,TN,ASO,ES,Combined TRACON& Tower with Radar,22,15,26,0,63,0,0,1,0,1,22,15,27,0,64,0,0,0,64
01/12/2021,CHA,TN,ASO,ES,Combined TRACON& Tower with Radar,20,13,53,39,125,0,0,26,3,29,20,13,79,42,154,20,12,32,186
01/13/2021,CHA,TN,ASO,ES,Combined TRACON& Tower with Radar,21,15,38,42,116,0,0,24,4,28,21,15,62,46,144,50,88,138,282
01/14/2021,CHA,TN,ASO,ES,Combined TRACON& Tower with Radar,26,18,59,27,130,0,0,41,6,47,26,18,100,33,177,6,8,14,191
01/15/2021,CHA,TN,ASO,ES,Combined TRACON& Tower with Radar,24,17,50,44,135,0,2,37,2,41,24,19,87,46,176,22,8,30,206
01/16/2021,CHA,TN,ASO,ES,Combined TRACON& Tower with Radar,19,17,14,0,50,0,0,3,0,3,19,17,17,0,53,26,0,26,79
01/17/2021,CHA,TN,ASO,ES,Combined TRACON& Tower with Radar,20,13,27,0,60,0,1,22,0,23,20,14,49,0,83,48,0,48,131
01/18/2021,CHA,TN,ASO,ES,Combined TRACON& Tower with Radar,22,20,29,1,72,0,0,33,1,34,22,20,62,2,106,34,2,36,142
01/19/2021,CHA,TN,ASO,ES,Combined TRACON& Tower with Radar,20,17,46,37,120,0,2,27,2,31,20,19,73,39,151,6,6,12,163
01/20/2021,CHA,TN,ASO,ES,Combined TRACON& Tower with Radar,20,16,60,23,119,0,7,47,2,56,20,23,107,25,175,104,16,120,295
01/21/2021,CHA,TN,ASO,ES,Combined TRACON& Tower with Radar,24,24,44,22,114,0,0,0,0,0,24,24,44,22,114,0,0,0,114
01/22/2021,CHA,TN,ASO,ES,Combined TRACON& Tower with Radar,24,24,37,162,247,0,0,30,8,38,24,24,67,170,285,26,26,52,337
01/23/2021,CHA,TN,ASO,ES,Combined TRACON& Tower with Radar,19,11,32,6,68,0,1,66,6,73,19,12,98,12,141,24,33,57,198
01/24/2021,CHA,TN,ASO,ES,Combined TRACON& Tower with Radar,22,21,40,20,103,0,0,19,0,19,22,21,59,20,122,0,4,4,126
01/25/2021,CHA,TN,ASO,ES,Combined TRACON& Tower with Radar,22,20,28,1,71,0,0,0,0,0,22,20,28,1,71,0,0,0,71
01/26/2021,CHA,TN,ASO,ES,Combined TRACON& Tower with Radar,20,18,34,40,112,0,3,52,3,58,20,21,86,43,170,60,12,72,242
01/27/2021,CHA,TN,ASO,ES,Combined TRACON& Tower with Radar,21,14,41,23,99,0,0,21,1,22,21,14,62,24,121,14,4,18,139
01/28/2021,CHA,TN,ASO,ES,Combined TRACON& Tower with Radar,24,24,30,30,108,0,3,15,4,22,24,27,45,34,130,10,12,22,152
01/29/2021,CHA,TN,ASO,ES,Combined TRACON& Tower with Radar,25,18,40,29,112,0,3,47,3,53,25,21,87,32,165,16,0,16,181
01/30/2021,CHA,TN,ASO,ES,Combined TRACON& Tower with Radar,19,19,34,0,72,0,2,46,0,48,19,21,80,0,120,10,0,10,130
01/31/2021,CHA,TN,ASO,ES,Combined TRACON& Tower with Radar,20,25,29,0,74,0,0,0,0,0,20,25,29,0,74,0,0,0,74
02/01/2021,CHA,TN,ASO,ES,Combined TRACON& Tower with Radar,22,29,14,2,67,0,0,1,0,1,22,29,15,2,68,8,6,14,82
02/02/2021,CHA,TN,ASO,ES,Combined TRACON& Tower with Radar,18,25,33,31,107,0,2,33,3,38,18,27,66,34,145,66,28,94,239
02/03/2021,CHA,TN,ASO,ES,Combined TRACON& Tower with Radar,18,20,44,24,106,0,10,59,4,73,18,30,103,28,179,96,8,104,283
02/04/2021,CHA,TN,ASO,ES,Combined TRACON& Tower with Radar,22,23,56,28,129,0,1,32,3,36,22,24,88,31,165,38,8,46,211
02/05/2021,CHA,TN,ASO,ES,Combined TRACON& Tower with Radar,22,23,50,55,150,0,5,33,2,40,22,28,83,57,190,48,12,60,250
02/06/2021,CHA,TN,ASO,ES,Combined TRACON& Tower with Radar,19,20,33,10,82,0,0,35,0,35,19,20,68,10,117,30,0,30,147
02/07/2021,CHA,TN,ASO,ES,Combined TRACON& Tower with Radar,20,16,17,0,53,0,0,2,0,2,20,16,19,0,55,68,0,68,123
02/08/2021,CHA,TN,ASO,ES,Combined TRACON& Tower with Radar,21,21,52,62,156,0,0,38,5,43,21,21,90,67,199,30,4,34,233
02/09/2021,CHA,TN,ASO,ES,Combined TRACON& Tower with Radar,19,41,62,60,182,0,2,30,6,38,19,43,92,66,220,64,112,176,396
02/10/2021,CHA,TN,ASO,ES,Combined TRACON& Tower with Radar,18,25,48,98,189,0,4,35,3,42,18,29,83,101,231,36,112,148,379
02/11/2021,CHA,TN,ASO,ES,Combined TRACON& Tower with Radar,24,29,35,0,88,0,0,0,0,0,24,29,35,0,88,0,0,0,88
02/12/2021,CHA,TN,ASO,ES,Combined TRACON& Tower with Radar,25,17,38,0,80,0,0,2,0,2,25,17,40,0,82,4,0,4,86
02/13/2021,CHA,TN,ASO,ES,Combined TRACON& Tower with Radar,17,13,25,0,55,0,0,0,0,0,17,13,25,0,55,10,0,10,65
02/14/2021,CHA,TN,ASO,ES,Combined TRACON& Tower with Radar,18,26,27,4,75,0,0,0,0,0,18,26,27,4,75,0,0,0,75
02/15/2021,CHA,TN,ASO,ES,Combined TRACON& Tower with Radar,20,29,22,0,71,0,0,0,0,0,20,29,22,0,71,0,0,0,71
02/16/2021,CHA,TN,ASO,ES,Combined TRACON& Tower with Radar,12,25,39,12,88,0,2,19,0,21,12,27,58,12,109,54,0,54,163
02/17/2021,CHA,TN,ASO,ES,Combined TRACON& Tower with Radar,17,16,47,11,91,0,0,34,1,35,17,16,81,12,126,70,12,82,208
02/18/2021,CHA,TN,ASO,ES,Combined TRACON& Tower with Radar,23,25,19,1,68,0,0,0,0,0,23,25,19,1,68,0,0,0,68
02/19/2021,CHA,TN,ASO,ES,Combined TRACON& Tower with Radar,22,26,27,6,81,0,0,28,1,29,22,26,55,7,110,132,0,132,242
02/20/2021,CHA,TN,ASO,ES,Combined TRACON& Tower with Radar,20,21,38,0,79,0,2,70,2,74,20,23,108,2,153,50,0,50,203
02/21/2021,CHA,TN,ASO,ES,Combined TRACON& Tower with Radar,23,22,40,1,86,0,1,36,3,40,23,23,76,4,126,24,0,24,150
02/22/2021,CHA,TN,ASO,ES,Combined TRACON& Tower with Radar,25,21,25,0,71,0,2,20,0,22,25,23,45,0,93,50,0,50,143
02/23/2021,CHA,TN,ASO,ES,Combined TRACON& Tower with Radar,20,32,52,27,131,0,9,44,2,55,20,41,96,29,186,42,8,50,236
02/24/2021,CHA,TN,ASO,ES,Combined TRACON& Tower with Radar,18,27,66,6,117,0,10,52,4,66,18,37,118,10,183,6,0,6,189
02/25/2021,CHA,TN,ASO,ES,Combined TRACON& Tower with Radar,26,32,63,23,144,0,12,54,12,78,26,44,117,35,222,80,46,126,348
02/26/2021,CHA,TN,ASO,ES,Combined TRACON& Tower with Radar,26,31,56,5,118,0,0,0,0,0,26,31,56,5,118,38,0,38,156
02/27/2021,CHA,TN,ASO,ES,Combined TRACON& Tower with Radar,22,24,35,1,82,0,0,7,0,7,22,24,42,1,89,28,0,28,117
02/28/2021,CHA,TN,ASO,ES,Combined TRACON& Tower with Radar,23,21,36,27,107,0,2,6,0,8,23,23,42,27,115,0,0,0,115
03/01/2021,CHA,TN,ASO,ES,Combined TRACON& Tower with Radar,25,23,18,9,75,0,2,17,1,20,25,25,35,10,95,46,16,62,157
03/02/2021,CHA,TN,ASO,ES,Combined TRACON& Tower with Radar,19,29,36,49,133,0,6,27,3,36,19,35,63,52,169,44,96,140,309
03/03/2021,CHA,TN,ASO,ES,Combined TRACON& Tower with Radar,22,20,56,23,121,0,4,50,4,58,22,24,106,27,179,116,0,116,295
03/04/2021,CHA,TN,ASO,ES,Combined TRACON& Tower with Radar,27,33,50,24,134,0,7,40,0,47,27,40,90,24,181,40,34,74,255
03/05/2021,CHA,TN,ASO,ES,Combined TRACON& Tower with Radar,27,19,61,4,111,0,5,36,3,44,27,24,97,7,155,80,0,80,235
03/06/2021,CHA,TN,ASO,ES,Combined TRACON& Tower with Radar,21,37,37,9,104,0,4,33,0,37,21,41,70,9,141,62,0,62,203
03/07/2021,CHA,TN,ASO,ES,Combined TRACON& Tower with Radar,26,21,58,9,114,0,0,47,5,52,26,21,105,14,166,76,0,76,242
03/08/2021,CHA,TN,ASO,ES,Combined TRACON& Tower with Radar,28,26,37,21,112,0,2,29,1,32,28,28,66,22,144,92,68,160,304
03/09/2021,CHA,TN,ASO,ES,Combined TRACON& Tower with Radar,25,17,51,42,135,0,2,39,3,44,25,19,90,45,179,54,20,74,253
03/10/2021,CHA,TN,ASO,ES,Combined TRACON& Tower with Radar,26,20,43,47,136,0,5,54,4,63,26,25,97,51,199,50,110,160,359
03/11/2021,CHA,TN,ASO,ES,Combined TRACON& Tower with Radar,28,27,49,31,135,0,6,43,0,49,28,33,92,31,184,106,22,128,312
03/12/2021,CHA,TN,ASO,ES,Combined TRACON& Tower with Radar,28,40,58,22,148,0,2,8,3,13,28,42,66,25,161,0,72,72,233
03/13/2021,CHA,TN,ASO,ES,Combined TRACON& Tower with Radar,21,23,42,0,86,0,0,2,0,2,21,23,44,0,88,10,0,10,98
03/14/2021,CHA,TN,ASO,ES,Combined TRACON& Tower with Radar,28,26,62,7,123,0,2,41,1,44,28,28,103,8,167,56,0,56,223
03/15/2021,CHA,TN,ASO,ES,Combined TRACON& Tower with Radar,32,22,39,25,118,0,2,11,3,16,32,24,50,28,134,18,10,28,162
03/16/2021,CHA,TN,ASO,ES,Combined TRACON& Tower with Radar,24,16,29,5,74,0,0,2,1,3,24,16,31,6,77,0,0,0,77
03/17/2021,CHA,TN,ASO,ES,Combined TRACON& Tower with Radar,22,17,26,0,65,0,0,0,0,0,22,17,26,0,65,0,0,0,65
03/18/2021,CHA,TN,ASO,ES,Combined TRACON& Tower with Radar,32,21,48,5,106,0,0,8,1,9,32,21,56,6,115,28,2,30,145
03/19/2021,CHA,TN,ASO,ES,Combined TRACON& Tower with Radar,30,18,55,8,111,0,0,17,0,17,30,18,72,8,128,74,6,80,208
03/20/2021,CHA,TN,ASO,ES,Combined TRACON& Tower with Radar,22,24,41,3,90,0,5,45,5,55,22,29,86,8,145,56,0,56,201
03/21/2021,CHA,TN,ASO,ES,Combined TRACON& Tower with Radar,27,15,42,6,90,0,4,41,0,45,27,19,83,6,135,20,0,20,155
03/22/2021,CHA,TN,ASO,ES,Combined TRACON& Tower with Radar,28,25,52,14,119,0,3,46,7,56,28,28,98,21,175,24,2,26,201
03/23/2021,CHA,TN,ASO,ES,Combined TRACON& Tower with Radar,24,18,39,11,92,0,0,9,3,12,24,18,48,14,104,30,22,52,156
03/24/2021,CHA,TN,ASO,ES,Combined TRACON& Tower with Radar,24,23,53,14,114,0,0,18,4,22,24,23,71,18,136,26,20,46,182
03/25/2021,CHA,TN,ASO,ES,Combined TRACON& Tower with Radar,25,15,3,0,43,0,0,0,0,0,25,15,3,0,43,0,0,0,43
03/26/2021,CHA,TN,ASO,ES,Combined TRACON& Tower with Radar,28,20,76,17,141,0,4,33,4,41,28,24,109,21,182,14,0,14,196
03/27/2021,CHA,TN,ASO,ES,Combined TRACON& Tower with Radar,23,18,21,0,62,0,1,1,0,2,23,19,22,0,64,0,0,0,64
03/28/2021,CHA,TN,ASO,ES,Combined TRACON& Tower with Radar,25,14,47,8,94,0,5,8,1,14,25,19,55,9,108,0,0,0,108
03/29/2021,CHA,TN,ASO,ES,Combined TRACON& Tower with Radar,27,20,78,38,163,0,5,38,2,45,27,25,116,40,208,0,4,4,212
03/30/2021,CHA,TN,ASO,ES,Combined TRACON& Tower with Radar,26,22,57,77,182,0,12,38,11,61,26,34,95,88,243,38,46,84,327
03/31/2021,CHA,TN,ASO,ES,Combined TRACON& Tower with Radar,26,23,27,0,76,0,0,0,0,0,26,23,27,0,76,0,0,0,76
04/01/2021,CHA,TN,ASO,ES,Combined TRACON& Tower with Radar,30,26,64,38,158,0,7,15,4,26,30,33,79,42,184,62,8,70,254
04/02/2021,CHA,TN,ASO,ES,Combined TRACON& Tower with Radar,30,19,64,6,119,0,0,44,3,47,30,19,108,9,166,11,0,11,177
04/03/2021,CHA,TN,ASO,ES,Combined TRACON& Tower with Radar,21,30,46,0,97,0,9,54,0,63,21,39,100,0,160,94,0,94,254
04/04/2021,CHA,TN,ASO,ES,Combined TRACON& Tower with Radar,26,28,45,0,99,0,2,48,0,50,26,30,93,0,149,30,0,30,179
04/05/2021,CHA,TN,ASO,ES,Combined TRACON& Tower with Radar,29,33,49,34,145,0,18,27,4,49,29,51,76,38,194,48,20,68,262
04/06/2021,CHA,TN,ASO,ES,Combined TRACON& Tower with Radar,26,29,57,33,145,0,2,49,7,58,26,31,106,40,203,70,16,86,289
04/07/2021,CHA,TN,ASO,ES,Combined TRACON& Tower with Radar,26,36,51,37,150,0,11,44,2,57,26,47,95,39,207,96,8,104,311
04/08/2021,CHA,TN,ASO,ES,Combined TRACON& Tower with Radar,30,33,36,9,108,0,4,2,0,6,30,37,38,9,114,26,8,34,148
04/09/2021,CHA,TN,ASO,ES,Combined TRACON& Tower with Radar,31,42,38,57,168,0,2,26,11,39,31,44,64,68,207,18,18,36,243
04/10/2021,CHA,TN,ASO,ES,Combined TRACON& Tower with Radar,24,24,18,0,66,0,2,0,0,2,24,26,18,0,68,34,0,34,102
04/11/2021,CHA,TN,ASO,ES,Combined TRACON& Tower with Radar,26,42,59,4,131,0,11,42,0,53,26,53,101,4,184,18,0,18,202
04/12/2021,CHA,TN,ASO,ES,Combined TRACON& Tower with Radar,24,46,53,29,152,0,2,38,4,44,24,48,91,33,196,90,44,134,330
04/13/2021,CHA,TN,ASO,ES,Combined TRACON& Tower with Radar,22,46,61,52,181,0,1,58,2,61,22,47,119,54,242,94,30,124,366
04/14/2021,CHA,TN,ASO,ES,Combined TRACON& Tower with Radar,22,58,65,25,170,0,5,25,0,30,22,63,90,25,200,14,28,42,242
04/15/2021,CHA,TN,ASO,ES,Combined TRACON& Tower with Radar,25,45,66,63,199,0,12,33,6,51,25,57,99,69,250,56,104,160,410
04/16/2021,CHA,TN,ASO,ES,Combined TRACON& Tower with Radar,28,36,69,98,231,0,5,32,20,57,28,41,101,118,288,60,26,86,374
04/17/2021,CHA,TN,ASO,ES,Combined TRACON& Tower with Radar,19,29,36,4,88,0,0,24,2,26,19,29,60,6,114,4,4,8,122
04/18/2021,CHA,TN,ASO,ES,Combined TRACON& Tower with Radar,23,41,42,23,129,0,0,40,8,48,23,41,82,31,177,58,0,58,235
04/19/2021,CHA,TN,ASO,ES,Combined TRACON& Tower with Radar,24,51,35,24,134,0,10,27,7,44,24,61,62,31,178,60,26,86,264
04/20/2021,CHA,TN,ASO,ES,Combined TRACON& Tower with Radar,23,40,59,31,153,0,4,48,6,58,23,44,107,37,211,84,28,112,323
04/21/2021,CHA,TN,ASO,ES,Combined TRACON& Tower with Radar,22,45,67,27,161,0,3,16,2,21,22,48,83,29,182,48,0,48,230
04/22/2021,CHA,TN,ASO,ES,Combined TRACON& Tower with Radar,27,50,61,4,142,0,11,38,4,53,27,61,99,8,195,46,8,54,249
04/23/2021,CHA,TN,ASO,ES,Combined TRACON& Tower with Radar,23,55,64,87,229,0,15,23,8,46,23,70,87,95,275,118,18,136,411
04/24/2021,CHA,TN,ASO,ES,Combined TRACON& Tower with Radar,19,24,13,0,56,0,0,0,0,0,19,24,13,0,56,0,0,0,56
04/25/2021,CHA,TN,ASO,ES,Combined TRACON& Tower with Radar,23,39,51,25,138,0,0,19,8,27,23,39,70,33,165,66,0,66,231
04/26/2021,CHA,TN,ASO,ES,Combined TRACON& Tower with Radar,25,53,68,21,167,0,7,47,8,62,25,60,115,29,229,20,36,56,285
04/27/2021,CHA,TN,ASO,ES,Combined TRACON& Tower with Radar,23,33,72,36,164,0,6,45,12,63,23,39,117,48,227,68,26,94,321
04/28/2021,CHA,TN,ASO,ES,Combined TRACON& Tower with Radar,21,48,55,46,170,0,0,50,12,62,21,48,105,58,232,40,38,78,310
04/29/2021,CHA,TN,ASO,ES,Combined TRACON& Tower with Radar,25,35,51,22,133,0,0,12,4,16,25,35,63,26,149,10,16,26,175
04/30/2021,CHA,TN,ASO,ES,Combined TRACON& Tower with Radar,26,64,51,78,219,0,8,42,14,64,26,72,93,92,283,56,32,88,371
05/01/2021,CHA,TN,ASO,ES,Combined TRACON& Tower with Radar,20,47,38,20,125,0,3,51,2,56,20,50,89,22,181,0,20,20,201
05/02/2021,CHA,TN,ASO,ES,Combined TRACON& Tower with Radar,24,31,32,6,93,0,2,25,2,29,24,33,57,8,122,88,0,88,210
05/03/2021,CHA,TN,ASO,ES,Combined TRACON& Tower with Radar,30,34,41,2,107,0,1,5,0,6,30,35,46,2,113,28,14,42,155
05/04/2021,CHA,TN,ASO,ES,Combined TRACON& Tower with Radar,22,24,24,0,70,0,0,0,0,0,22,24,24,0,70,0,0,0,70
05/05/2021,CHA,TN,ASO,ES,Combined TRACON& Tower with Radar,24,55,71,54,204,0,4,23,0,27,24,59,94,54,231,60,6,66,297
05/06/2021,CHA,TN,ASO,ES,Combined TRACON& Tower with Radar,26,36,48,49,159,0,1,54,6,61,26,37,102,55,220,44,40,84,304
05/07/2021,CHA,TN,ASO,ES,Combined TRACON& Tower with Radar,26,42,59,35,162,0,3,45,12,60,26,45,104,47,222,54,0,54,276
05/08/2021,CHA,TN,ASO,ES,Combined TRACON& Tower with Radar,21,24,22,4,71,0,0,44,1,45,21,24,66,5,116,8,0,8,124
05/09/2021,CHA,TN,ASO,ES,Combined TRACON& Tower with Radar,23,22,29,9,83,0,1,6,0,7,23,23,35,9,90,0,0,0,90
05/10/2021,CHA,TN,ASO,ES,Combined TRACON& Tower with Radar,23,31,59,41,154,0,0,5,3,8,23,31,64,44,162,28,8,36,198
05/11/2021,CHA,TN,ASO,ES,Combined TRACON& Tower with Radar,23,24,40,74,161,0,0,37,3,40,23,24,77,77,201,88,84,172,373
05/12/2021,CHA,TN,ASO,ES,Combined TRACON& Tower with Radar,21,31,54,68,174,0,3,11,4,18,21,34,65,72,192,40,58,98,290
05/13/2021,CHA,TN,ASO,ES,Combined TRACON& Tower with Radar,26,57,50,43,176,0,0,42,9,51,26,57,92,52,227,58,10,68,295
05/14/2021,CHA,TN,ASO,ES,Combined TRACON& Tower with Radar,26,42,57,53,178,0,2,63,9,74,26,44,120,62,252,50,18,68,320
05/15/2021,CHA,TN,ASO,ES,Combined TRACON& Tower with Radar,23,26,31,19,99,0,0,48,4,52,23,26,79,23,151,42,4,46,197
05/16/2021,CHA,TN,ASO,ES,Combined TRACON& Tower with Radar,28,37,58,56,179,0,2,45,9,56,28,39,103,65,235,50,0,50,285
05/17/2021,CHA,TN,ASO,ES,Combined TRACON& Tower with Radar,27,27,47,64,165,0,3,47,2,52,27,30,94,66,217,134,22,156,373
05/18/2021,CHA,TN,ASO,ES,Combined TRACON& Tower with Radar,21,32,59,92,204,0,3,20,5,28,21,35,79,97,232,54,32,86,318
05/19/2021,CHA,TN,ASO,ES,Combined TRACON& Tower with Radar,20,34,45,53,152,0,4,31,0,35,20,38,76,53,187,56,18,74,261
05/20/2021,CHA,TN,ASO,ES,Combined TRACON& Tower with Radar,29,47,74,66,216,0,0,29,4,33,29,47,103,70,249,44,56,100,349
05/21/2021,CHA,TN,ASO,ES,Combined TRACON& Tower with Radar,28,46,56,79,209,0,5,78,21,104,28,51,134,100,313,70,26,96,409
05/22/2021,CHA,TN,ASO,ES,Combined TRACON& Tower with Radar,21,26,45,16,108,0,4,119,16,139,21,30,164,32,247,48,16,64,311
05/23/2021,CHA,TN,ASO,ES,Combined TRACON& Tower with Radar,27,33,50,11,121,0,3,83,20,106,27,36,133,31,227,54,0,54,281
05/24/2021,CHA,TN,ASO,ES,Combined TRACON& Tower with Radar,25,26,38,22,111,0,1,35,8,44,25,27,73,30,155,52,0,52,207
05/25/2021,CHA,TN,ASO,ES,Combined TRACON& Tower with Radar,25,29,66,48,168,0,2,46,1,49,25,31,112,49,217,74,10,84,301
05/26/2021,CHA,TN,ASO,ES,Combined TRACON& Tower with Radar,22,36,57,18,133,0,2,56,6,64,22,38,113,24,197,86,6,92,289
05/27/2021,CHA,TN,ASO,ES,Combined TRACON& Tower with Radar,26,41,59,9,135,0,5,55,3,63,26,46,114,12,198,100,0,100,298
05/28/2021,CHA,TN,ASO,ES,Combined TRACON& Tower with Radar,27,28,50,3,108,0,0,10,0,10,27,28,60,3,118,6,0,6,124
05/29/2021,CHA,TN,ASO,ES,Combined TRACON& Tower with Radar,20,26,25,12,83,0,2,13,1,16,20,28,38,13,99,34,8,42,141
05/30/2021,CHA,TN,ASO,ES,Combined TRACON& Tower with Radar,20,29,22,13,84,0,2,28,2,32,20,31,50,15,116,10,0,10,126
05/31/2021,CHA,TN,ASO,ES,Combined TRACON& Tower with Radar,21,29,44,0,94,0,5,56,0,61,21,34,100,0,155,20,0,20,175
06/01/2021,CHA,TN,ASO,ES,Combined TRACON& Tower with Radar,20,24,52,25,121,0,8,34,1,43,20,32,86,26,164,54,28,82,246
06/02/2021,CHA,TN,ASO,ES,Combined TRACON& Tower with Radar,18,37,85,5,145,0,1,34,0,35,18,38,119,5,180,0,0,0,180
06/03/2021,CHA,TN,ASO,ES,Combined TRACON& Tower with Radar,23,29,51,1,104,0,0,2,0,2,23,29,53,1,106,10,0,10,116
06/04/2021,CHA,TN,ASO,ES,Combined TRACON& Tower with Radar,27,29,47,80,183,0,12,43,12,67,27,41,90,92,250,46,28,74,324
06/05/2021,CHA,TN,ASO,ES,Combined TRACON& Tower with Radar,19,29,45,34,127,0,5,54,3,62,19,34,99,37,189,18,30,48,237
06/06/2021,CHA,TN,ASO,ES,Combined TRACON& Tower with Radar,25,31,65,7,128,0,0,6,4,10,25,31,71,11,138,42,0,42,180
06/07/2021,CHA,TN,ASO,ES,Combined TRACON& Tower with Radar,25,36,48,16,125,0,0,6,0,6,25,36,54,16,131,62,12,74,205
06/08/2021,CHA,TN,ASO,ES,Combined TRACON& Tower with Radar,21,31,60,5,117,0,1,15,1,17,21,32,75,6,134,80,2,82,216
06/09/2021,CHA,TN,ASO,ES,Combined TRACON& Tower with Radar,24,32,55,2,113,0,3,7,1,11,24,35,62,3,124,0,0,0,124
06/10/2021,CHA,TN,ASO,ES,Combined TRACON& Tower with Radar,25,35,87,2,149,0,0,18,1,19,25,35,105,3,168,30,0,30,198
06/11/2021,CHA,TN,ASO,ES,Combined TRACON& Tower with Radar,31,40,65,8,144,0,0,11,6,17,31,40,76,14,161,60,0,60,221
06/12/2021,CHA,TN,ASO,ES,Combined TRACON& Tower with Radar,18,27,42,0,87,0,1,43,1,45,18,28,85,1,132,18,0,18,150
06/13/2021,CHA,TN,ASO,ES,Combined TRACON& Tower with Radar,20,25,61,6,112,0,0,56,2,58,20,25,117,8,170,32,0,32,202
06/14/2021,CHA,TN,ASO,ES,Combined TRACON& Tower with Radar,24,42,66,53,185,0,5,61,4,70,24,47,127,57,255,62,22,84,339
06/15/2021,CHA,TN,ASO,ES,Combined TRACON& Tower with Radar,24,26,47,31,128,0,5,65,7,77,24,31,112,38,205,42,18,60,265
06/16/2021,CHA,TN,ASO,ES,Combined TRACON& Tower with Radar,25,27,67,9,128,0,7,104,2,113,25,34,171,11,241,56,0,56,297
06/17/2021,CHA,TN,ASO,ES,Combined TRACON& Tower with Radar,30,33,85,13,161,0,13,71,4,88,30,46,156,17,249,110,0,110,359
06/18/2021,CHA,TN,ASO,ES,Combined TRACON& Tower with Radar,26,37,77,15,155,0,5,103,1,109,26,42,180,16,264,114,8,122,386
06/19/2021,CHA,TN,ASO,ES,Combined TRACON& Tower with Radar,20,27,40,0,87,0,0,31,2,33,20,27,71,2,120,70,0,70,190
06/20/2021,CHA,TN,ASO,ES,Combined TRACON& Tower with Radar,22,38,39,0,99,1,3,11,0,15,23,41,50,0,114,8,0,8,122
06/21/2021,CHA,TN,ASO,ES,Combined TRACON& Tower with Radar,24,33,47,39,143,0,0,18,0,18,24,33,65,39,161,60,0,60,221
06/22/2021,CHA,TN,ASO,ES,Combined TRACON& Tower with Radar,25,36,43,52,156,0,0,28,7,35,25,36,71,59,191,40,38,78,269
06/23/2021,CHA,TN,ASO,ES,Combined TRACON& Tower with Radar,22,28,65,28,143,0,2,41,9,52,22,30,106,37,195,140,64,204,399
06/24/2021,CHA,TN,ASO,ES,Combined TRACON& Tower with Radar,26,35,88,46,195,0,6,40,6,52,26,41,128,52,247,112,0,112,359
06/25/2021,CHA,TN,ASO,ES,Combined TRACON& Tower with Radar,25,37,69,71,202,0,1,46,15,62,25,38,115,86,264,40,12,52,316
06/26/2021,CHA,TN,ASO,ES,Combined TRACON& Tower with Radar,19,31,54,13,117,0,0,38,1,39,19,31,92,14,156,42,14,56,212
06/27/2021,CHA,TN,ASO,ES,Combined TRACON& Tower with Radar,20,36,49,28,133,0,1,8,9,18,20,37,57,37,151,26,28,54,205
06/28/2021,CHA,TN,ASO,ES,Combined TRACON& Tower with Radar,23,37,51,14,125,0,1,36,9,46,23,38,87,23,171,98,14,112,283
06/29/2021,CHA,TN,ASO,ES,Combined TRACON& Tower with Radar,24,31,44,7,106,0,0,24,0,24,24,31,68,7,130,66,0,66,196
06/30/2021,CHA,TN,ASO,ES,Combined TRACON& Tower with Radar,23,40,70,17,150,0,3,37,3,43,23,43,107,20,193,122,6,128,321
07/01/2021,CHA,TN,ASO,ES,Combined TRACON& Tower with Radar,21,28,55,2,106,0,2,6,0,8,21,30,61,2,114,74,0,74,188
07/02/2021,CHA,TN,ASO,ES,Combined TRACON& Tower with Radar,21,39,50,7,117,0,6,26,0,32,21,45,76,7,149,58,0,58,207
07/03/2021,CHA,TN,ASO,ES,Combined TRACON& Tower with Radar,17,32,47,0,96,0,4,43,0,47,17,36,90,0,143,76,0,76,219
07/04/2021,CHA,TN,ASO,ES,Combined TRACON& Tower with Radar,18,22,19,0,59,0,0,32,1,33,18,22,51,1,92,52,0,52,144
07/05/2021,CHA,TN,ASO,ES,Combined TRACON& Tower with Radar,19,41,40,5,105,0,2,53,0,55,19,43,93,5,160,100,0,100,260
07/06/2021,CHA,TN,ASO,ES,Combined TRACON& Tower with Radar,20,29,61,78,188,0,5,53,10,68,20,34,114,88,256,52,50,102,358
07/07/2021,CHA,TN,ASO,ES,Combined TRACON& Tower with Radar,27,19,48,6,100,0,2,3,0,5,27,21,51,6,105,98,0,98,203
07/08/2021,CHA,TN,ASO,ES,Combined TRACON& Tower with Radar,30,31,69,10,140,0,0,26,0,26,30,31,95,10,166,116,8,124,290
07/09/2021,CHA,TN,ASO,ES,Combined TRACON& Tower with Radar,31,32,53,12,128,0,1,27,2,30,31,33,80,14,158,46,0,46,204
07/10/2021,CHA,TN,ASO,ES,Combined TRACON& Tower with Radar,31,30,41,15,117,0,0,19,1,20,31,30,60,16,137,156,36,192,329
07/11/2021,CHA,TN,ASO,ES,Combined TRACON& Tower with Radar,25,29,24,10,88,0,1,4,1,6,25,30,28,11,94,0,0,0,94
07/12/2021,CHA,TN,ASO,ES,Combined TRACON& Tower with Radar,29,24,49,0,102,0,0,11,0,11,29,24,60,0,113,82,0,82,195
07/13/2021,CHA,TN,ASO,ES,Combined TRACON& Tower with Radar,26,28,50,6,110,0,0,8,0,8,26,28,58,6,118,88,16,104,222
07/14/2021,CHA,TN,ASO,ES,Combined TRACON& Tower with Radar,25,31,69,5,130,0,3,24,3,30,25,34,93,8,160,136,2,138,298
07/15/2021,CHA,TN,ASO,ES,Combined TRACON& Tower with Radar,26,46,69,20,161,0,8,39,10,57,26,54,108,30,218,74,12,86,304
07/16/2021,CHA,TN,ASO,ES,Combined TRACON& Tower with Radar,28,31,49,13,121,0,1,40,0,41,28,32,89,13,162,24,2,26,188
07/17/2021,CHA,TN,ASO,ES,Combined TRACON& Tower with Radar,26,17,37,0,80,0,0,28,0,28,26,17,65,0,108,28,0,28,136
07/18/2021,CHA,TN,ASO,ES,Combined TRACON& Tower with Radar,24,21,45,0,90,0,1,7,0,8,24,22,52,0,98,54,0,54,152
07/19/2021,CHA,TN,ASO,ES,Combined TRACON& Tower with Radar,25,33,39,0,97,0,0,5,0,5,25,33,44,0,102,46,0,46,148
07/20/2021,CHA,TN,ASO,ES,Combined TRACON& Tower with Radar,20,37,50,0,107,0,0,5,0,5,20,37,55,0,112,36,0,36,148
07/21/2021,CHA,TN,ASO,ES,Combined TRACON& Tower with Radar,27,37,58,32,154,0,5,31,1,37,27,42,89,33,191,226,72,298,489
07/22/2021,CHA,TN,ASO,ES,Combined TRACON& Tower with Radar,31,38,87,42,198,0,5,51,4,60,31,43,138,46,258,184,38,222,480
07/23/2021,CHA,TN,ASO,ES,Combined TRACON& Tower with Radar,30,30,61,42,163,0,11,63,3,77,30,41,124,45,240,68,33,101,341
07/24/2021,CHA,TN,ASO,ES,Combined TRACON& Tower with Radar,25,22,45,36,128,0,2,46,6,54,25,24,91,42,182,110,4,114,296
07/25/2021,CHA,TN,ASO,ES,Combined TRACON& Tower with Radar,31,33,33,26,123,0,2,21,1,24,31,35,54,27,147,27,22,49,196
07/26/2021,CHA,TN,ASO,ES,Combined TRACON& Tower with Radar,34,26,35,2,97,0,1,26,0,27,34,27,61,2,124,98,0,98,222
07/27/2021,CHA,TN,ASO,ES,Combined TRACON& Tower with Radar,27,31,90,27,175,0,0,19,1,20,27,31,109,28,195,94,0,94,289
07/28/2021,CHA,TN,ASO,ES,Combined TRACON& Tower with Radar,31,34,83,11,159,0,6,72,3,81,31,40,155,14,240,254,12,266,506
07/29/2021,CHA,TN,ASO,ES,Combined TRACON& Tower with Radar,28,41,68,43,180,0,8,47,4,59,28,49,115,47,239,96,38,134,373
07/30/2021,CHA,TN,ASO,ES,Combined TRACON& Tower with Radar,27,31,79,58,195,0,0,28,6,34,27,31,107,64,229,64,14,78,307
07/31/2021,CHA,TN,ASO,ES,Combined TRACON& Tower with Radar,27,27,42,36,132,0,8,35,5,48,27,35,77,41,180,81,36,117,297
08/01/2021,CHA,TN,ASO,ES,Combined TRACON& Tower with Radar,23,29,43,46,141,0,5,12,7,24,23,34,55,53,165,34,10,44,209
08/02/2021,CHA,TN,ASO,ES,Combined TRACON& Tower with Radar,28,28,46,54,156,0,2,56,11,69,28,30,102,65,225,88,34,122,347
08/03/2021,CHA,TN,ASO,ES,Combined TRACON& Tower with Radar,32,25,55,45,157,0,3,36,2,41,32,28,91,47,198,166,6,172,370
08/04/2021,CHA,TN,ASO,ES,Combined TRACON& Tower with Radar,27,27,53,14,121,0,0,25,0,25,27,27,78,14,146,40,4,44,190
08/05/2021,CHA,TN,ASO,ES,Combined TRACON& Tower with Radar,33,31,81,24,169,0,4,43,2,49,33,35,124,26,218,94,18,112,330
08/06/2021,CHA,TN,ASO,ES,Combined TRACON& Tower with Radar,31,14,59,30,134,0,2,45,6,53,31,16,104,36,187,26,0,26,213
08/07/2021,CHA,TN,ASO,ES,Combined TRACON& Tower with Radar,26,21,40,1,88,0,0,43,0,43,26,21,83,1,131,44,0,44,175
08/08/2021,CHA,TN,ASO,ES,Combined TRACON& Tower with Radar,32,20,55,38,145,0,0,41,0,41,32,20,96,38,186,48,12,60,246
08/09/2021,CHA,TN,ASO,ES,Combined TRACON& Tower with Radar,29,25,46,12,112,0,0,56,0,56,29,25,102,12,168,50,4,54,222
08/10/2021,CHA,TN,ASO,ES,Combined TRACON& Tower with Radar,33,26,61,4,124,0,1,35,4,40,33,27,96,8,164,68,0,68,232
08/11/2021,CHA,TN,ASO,ES,Combined TRACON& Tower with Radar,30,25,58,6,119,0,1,37,0,38,30,26,95,6,157,78,0,78,235
08/12/2021,CHA,TN,ASO,ES,Combined TRACON& Tower with Radar,36,24,98,6,164,0,9,65,4,78,36,33,163,10,242,84,4,88,330
08/13/2021,CHA,TN,ASO,ES,Combined TRACON& Tower with Radar,28,16,50,25,119,0,1,54,13,68,28,17,104,38,187,50,0,50,237
08/14/2021,CHA,TN,ASO,ES,Combined TRACON& Tower with Radar,23,19,41,8,91,0,3,64,2,69,23,22,105,10,160,30,0,30,190
08/15/2021,CHA,TN,ASO,ES,Combined TRACON& Tower with Radar,28,16,43,8,95,0,8,23,0,31,28,24,66,8,126,8,0,8,134
08/16/2021,CHA,TN,ASO,ES,Combined TRACON& Tower with Radar,30,23,50,4,107,0,0,14,0,14,30,23,64,4,121,52,4,56,177
08/17/2021,CHA,TN,ASO,ES,Combined TRACON& Tower with Radar,25,15,35,0,75,0,0,2,0,2,25,15,37,0,77,20,0,20,97
08/18/2021,CHA,TN,ASO,ES,Combined TRACON& Tower with Radar,23,21,75,54,173,0,1,21,3,25,23,22,96,57,198,30,20,50,248
08/19/2021,CHA,TN,ASO,ES,Combined TRACON& Tower with Radar,30,19,64,2,115,0,0,13,0,13,30,19,77,2,128,14,0,14,142
08/20/2021,CHA,TN,ASO,ES,Combined TRACON& Tower with Radar,30,25,77,28,160,0,0,35,2,37,30,25,112,30,197,26,36,62,259
08/21/2021,CHA,TN,ASO,ES,Combined TRACON& Tower with Radar,23,29,20,0,72,0,0,8,2,10,23,29,28,2,82,62,0,62,144
08/22/2021,CHA,TN,ASO,ES,Combined TRACON& Tower with Radar,28,27,48,8,111,0,0,20,1,21,28,27,68,9,132,38,0,38,170
08/23/2021,CHA,TN,ASO,ES,Combined TRACON& Tower with Radar,27,22,63,37,149,0,0,65,5,70,27,22,128,42,219,56,18,74,293
08/24/2021,CHA,TN,ASO,ES,Combined TRACON& Tower with Radar,24,21,76,40,161,0,7,57,4,68,24,28,133,44,229,52,42,94,323
08/25/2021,CHA,TN,ASO,ES,Combined TRACON& Tower with Radar,30,26,74,26,156,0,5,54,5,64,30,31,128,31,220,76,12,88,308
08/26/2021,CHA,TN,ASO,ES,Combined TRACON& Tower with Radar,30,18,53,21,122,0,4,32,3,39,30,22,85,24,161,114,18,132,293
08/27/2021,CHA,TN,ASO,ES,Combined TRACON& Tower with Radar,30,31,48,67,176,0,1,62,2,65,30,32,110,69,241,60,0,60,301
08/28/2021,CHA,TN,ASO,ES,Combined TRACON& Tower with Radar,21,25,34,14,94,0,2,48,2,52,21,27,82,16,146,66,0,66,212
08/29/2021,CHA,TN,ASO,ES,Combined TRACON& Tower with Radar,27,22,37,1,87,0,1,20,0,21,27,23,57,1,108,46,0,46,154
08/30/2021,CHA,TN,ASO,ES,Combined TRACON& Tower with Radar,28,24,30,3,85,0,2,34,3,39,28,26,64,6,124,10,0,10,134
08/31/2021,CHA,TN,ASO,ES,Combined TRACON& Tower with Radar,24,16,17,0,57,0,0,0,0,0,24,16,17,0,57,0,0,0,57
09/01/2021,CHA,TN,ASO,ES,Combined TRACON& Tower with Radar,29,24,38,19,110,0,7,26,1,34,29,31,64,20,144,52,0,52,196
09/02/2021,CHA,TN,ASO,ES,Combined TRACON& Tower with Radar,32,36,56,45,169,0,4,84,11,99,32,40,140,56,268,80,6,86,354
09/03/2021,CHA,TN,ASO,ES,Combined TRACON& Tower with Radar,29,40,68,0,137,0,5,75,0,80,29,45,143,0,217,60,0,60,277
09/04/2021,CHA,TN,ASO,ES,Combined TRACON& Tower with Radar,23,21,37,0,81,0,4,67,0,71,23,25,104,0,152,26,0,26,178
09/05/2021,CHA,TN,ASO,ES,Combined TRACON& Tower with Radar,21,26,32,0,79,0,2,32,0,34,21,28,64,0,113,56,0,56,169
09/06/2021,CHA,TN,ASO,ES,Combined TRACON& Tower with Radar,28,31,54,12,125,0,5,37,1,43,28,36,91,13,168,12,8,20,188
09/07/2021,CHA,TN,ASO,ES,Combined TRACON& Tower with Radar,19,27,74,27,147,0,8,48,8,64,19,35,122,35,211,62,0,62,273
09/08/2021,CHA,TN,ASO,ES,Combined TRACON& Tower with Radar,28,18,90,17,153,0,4,34,2,40,28,22,124,19,193,54,0,54,247
09/09/2021,CHA,TN,ASO,ES,Combined TRACON& Tower with Radar,31,32,58,41,162,0,10,55,7,72,31,42,113,48,234,94,16,110,344
09/10/2021,CHA,TN,ASO,ES,Combined TRACON& Tower with Radar,31,41,72,21,165,0,6,78,8,92,31,47,150,29,257,58,18,76,333
09/11/2021,CHA,TN,ASO,ES,Combined TRACON& Tower with Radar,22,25,27,21,95,0,15,58,3,76,22,40,85,24,171,68,4,72,243
09/12/2021,CHA,TN,ASO,ES,Combined TRACON& Tower with Radar,29,36,59,11,135,0,6,56,8,70,29,42,115,19,205,49,14,63,268
09/13/2021,CHA,TN,ASO,ES,Combined TRACON& Tower with Radar,32,28,58,50,168,0,2,47,2,51,32,30,105,52,219,54,14,68,287
09/14/2021,CHA,TN,ASO,ES,Combined TRACON& Tower with Radar,28,25,60,52,165,0,5,51,7,63,28,30,111,59,228,86,12,98,326
09/15/2021,CHA,TN,ASO,ES,Combined TRACON& Tower with Radar,31,30,78,0,139,0,0,18,0,18,31,30,96,0,157,86,0,86,243
09/16/2021,CHA,TN,ASO,ES,Combined TRACON& Tower with Radar,36,39,74,40,189,0,1,14,0,15,36,40,88,40,204,60,22,82,286
09/17/2021,CHA,TN,ASO,ES,Combined TRACON& Tower with Radar,35,38,62,42,177,0,1,7,5,13,35,39,69,47,190,92,20,112,302
09/18/2021,CHA,TN,ASO,ES,Combined TRACON& Tower with Radar,26,21,30,11,88,0,1,0,0,1,26,22,30,11,89,50,0,50,139
09/19/2021,CHA,TN,ASO,ES,Combined TRACON& Tower with Radar,32,22,56,1,111,0,0,0,0,0,32,22,56,1,111,0,0,0,111
09/20/2021,CHA,TN,ASO,ES,Combined TRACON& Tower with Radar,32,17,41,5,95,0,0,5,0,5,32,17,46,5,100,18,0,18,118
09/21/2021,CHA,TN,ASO,ES,Combined TRACON& Tower with Radar,28,27,57,7,119,0,0,13,0,13,28,27,70,7,132,62,0,62,194
09/22/2021,CHA,TN,ASO,ES,Combined TRACON& Tower with Radar,30,28,51,3,112,0,2,20,0,22,30,30,71,3,134,56,0,56,190
09/23/2021,CHA,TN,ASO,ES,Combined TRACON& Tower with Radar,34,33,82,23,172,0,10,82,2,94,34,43,164,25,266,96,0,96,362
09/24/2021,CHA,TN,ASO,ES,Combined TRACON& Tower with Radar,35,31,74,7,147,0,5,83,8,96,35,36,157,15,243,136,16,152,395
09/25/2021,CHA,TN,ASO,ES,Combined TRACON& Tower with Radar,26,36,30,0,92,0,4,64,0,68,26,40,94,0,160,88,0,88,248
09/26/2021,CHA,TN,ASO,ES,Combined TRACON& Tower with Radar,31,45,66,2,144,0,3,57,1,61,31,48,123,3,205,90,0,90,295
09/27/2021,CHA,TN,ASO,ES,Combined TRACON& Tower with Radar,33,37,61,46,177,0,1,57,7,65,33,38,118,53,242,42,22,64,306
09/28/2021,CHA,TN,ASO,ES,Combined TRACON& Tower with Radar,28,40,68,46,182,0,3,55,7,65,28,43,123,53,247,76,34,110,357
09/29/2021,CHA,TN,ASO,ES,Combined TRACON& Tower with Radar,32,30,69,55,186,0,9,52,10,71,32,39,121,65,257,50,16,66,323
09/30/2021,CHA,TN,ASO,ES,Combined TRACON& Tower with Radar,33,34,72,60,199,0,3,71,8,82,33,37,143,68,281,78,4,82,363
10/01/2021,CHA,TN,ASO,ES,Combined TRACON& Tower with Radar,33,39,76,47,195,0,4,59,13,76,33,43,135,60,271,88,22,110,381
10/02/2021,CHA,TN,ASO,ES,Combined TRACON& Tower with Radar,26,23,56,21,126,0,1,48,1,50,26,24,104,22,176,98,0,98,274
10/03/2021,CHA,TN,ASO,ES,Combined TRACON& Tower with Radar,32,24,51,16,123,0,0,3,6,9,32,24,54,22,132,4,0,4,136
10/04/2021,CHA,TN,ASO,ES,Combined TRACON& Tower with Radar,32,37,66,42,177,0,1,39,1,41,32,38,105,43,218,66,14,80,298
10/05/2021,CHA,TN,ASO,ES,Combined TRACON& Tower with Radar,28,21,73,5,127,0,0,8,0,8,28,21,81,5,135,30,0,30,165
10/06/2021,CHA,TN,ASO,ES,Combined TRACON& Tower with Radar,30,31,65,12,138,0,0,4,0,4,30,31,69,12,142,14,0,14,156
10/07/2021,CHA,TN,ASO,ES,Combined TRACON& Tower with Radar,37,38,70,3,148,0,0,16,0,16,37,38,86,3,164,84,0,84,248
10/08/2021,CHA,TN,ASO,ES,Combined TRACON& Tower with Radar,36,24,87,10,157,0,1,75,1,77,36,25,162,11,234,64,0,64,298
10/09/2021,CHA,TN,ASO,ES,Combined TRACON& Tower with Radar,29,29,56,2,116,0,2,50,0,52,29,31,106,2,168,42,0,42,210
10/10/2021,CHA,TN,ASO,ES,Combined TRACON& Tower with Radar,30,38,75,4,147,0,3,63,0,66,30,41,138,4,213,26,0,26,239
10/11/2021,CHA,TN,ASO,ES,Combined TRACON& Tower with Radar,29,35,110,10,184,0,6,34,0,40,29,41,144,10,224,66,4,70,294
10/12/2021,CHA,TN,ASO,ES,Combined TRACON& Tower with Radar,25,26,98,43,192,0,0,5,2,7,25,26,103,45,199,12,0,12,211
10/13/2021,CHA,TN,ASO,ES,Combined TRACON& Tower with Radar,23,32,82,30,167,0,2,32,7,41,23,34,114,37,208,66,0,66,274
10/14/2021,CHA,TN,ASO,ES,Combined TRACON& Tower with Radar,32,36,86,41,195,0,3,39,2,44,32,39,125,43,239,76,0,76,315
10/15/2021,CHA,TN,ASO,ES,Combined TRACON& Tower with Radar,30,35,71,53,189,0,0,41,17,58,30,35,112,70,247,110,28,138,385
10/16/2021,CHA,TN,ASO,ES,Combined TRACON& Tower with Radar,28,40,41,2,111,0,6,30,0,36,28,46,71,2,147,16,0,16,163
10/17/2021,CHA,TN,ASO,ES,Combined TRACON& Tower with Radar,31,39,55,4,129,0,7,39,2,48,31,46,94,6,177,20,0,20,197
10/18/2021,CHA,TN,ASO,ES,Combined TRACON& Tower with Radar,30,29,55,31,145,0,2,49,3,54,30,31,104,34,199,46,18,64,263
10/19/2021,CHA,TN,ASO,ES,Combined TRACON& Tower with Radar,26,37,74,32,169,0,5,44,2,51,26,42,118,34,220,46,8,54,274
10/20/2021,CHA,TN,ASO,ES,Combined TRACON& Tower with Radar,30,46,86,77,239,0,0,41,6,47,30,46,127,83,286,0,16,16,302
10/21/2021,CHA,TN,ASO,ES,Combined TRACON& Tower with Radar,30,34,83,4,151,0,2,2,0,4,30,36,85,4,155,34,0,34,189
10/22/2021,CHA,TN,ASO,ES,Combined TRACON& Tower with Radar,33,37,78,11,159,0,6,50,6,62,33,43,128,17,221,40,0,40,261
10/23/2021,CHA,TN,ASO,ES,Combined TRACON& Tower with Radar,21,33,56,6,116,0,6,49,1,56,21,39,105,7,172,16,0,16,188
10/24/2021,CHA,TN,ASO,ES,Combined TRACON& Tower with Radar,29,30,75,12,146,0,2,37,2,41,29,32,112,14,187,6,0,6,193
10/25/2021,CHA,TN,ASO,ES,Combined TRACON& Tower with Radar,29,27,50,8,114,0,0,12,12,24,29,27,62,20,138,6,0,6,144
10/26/2021,CHA,TN,ASO,ES,Combined TRACON& Tower with Radar,26,38,92,12,168,0,5,38,0,43,26,43,130,12,211,52,8,60,271
10/27/2021,CHA,TN,ASO,ES,Combined TRACON& Tower with Radar,32,46,78,47,203,0,10,96,9,115,32,56,174,56,318,56,0,56,374
10/28/2021,CHA,TN,ASO,ES,Combined TRACON& Tower with Radar,28,30,43,3,104,0,1,0,0,1,28,31,43,3,105,0,0,0,105
10/29/2021,CHA,TN,ASO,ES,Combined TRACON& Tower with Radar,30,28,60,0,118,0,0,1,0,1,30,28,61,0,119,0,0,0,119
10/30/2021,CHA,TN,ASO,ES,Combined TRACON& Tower with Radar,22,27,31,0,80,0,0,0,0,0,22,27,31,0,80,0,0,0,80
10/31/2021,CHA,TN,ASO,ES,Combined TRACON& Tower with Radar,24,27,44,1,96,0,1,14,5,20,24,28,58,6,116,86,0,86,202
11/01/2021,CHA,TN,ASO,ES,Combined TRACON& Tower with Radar,31,35,60,14,140,0,4,69,4,77,31,39,129,18,217,28,0,28,245
11/02/2021,CHA,TN,ASO,ES,Combined TRACON& Tower with Radar,25,33,77,18,153,0,4,83,7,94,25,37,160,25,247,120,0,120,367
11/03/2021,CHA,TN,ASO,ES,Combined TRACON& Tower with Radar,26,27,70,13,136,0,5,41,2,48,26,32,111,15,184,64,2,66,250
11/04/2021,CHA,TN,ASO,ES,Combined TRACON& Tower with Radar,23,46,51,16,136,0,0,2,0,2,23,46,53,16,138,0,0,0,138
11/05/2021,CHA,TN,ASO,ES,Combined TRACON& Tower with Radar,28,45,72,52,197,0,1,26,1,28,28,46,98,53,225,78,0,78,303
11/06/2021,CHA,TN,ASO,ES,Combined TRACON& Tower with Radar,20,30,36,7,93,0,0,68,4,72,20,30,104,11,165,42,10,52,217
11/07/2021,CHA,TN,ASO,ES,Combined TRACON& Tower with Radar,27,36,62,18,143,0,5,60,6,71,27,41,122,24,214,32,6,38,252
11/08/2021,CHA,TN,ASO,ES,Combined TRACON& Tower with Radar,27,47,66,59,199,0,12,67,5,84,27,59,133,64,283,124,2,126,409
11/09/2021,CHA,TN,ASO,ES,Combined TRACON& Tower with Radar,24,41,56,53,174,0,9,62,11,82,24,50,118,64,256,38,38,76,332
11/10/2021,CHA,TN,ASO,ES,Combined TRACON& Tower with Radar,24,55,69,62,210,0,7,56,9,72,24,62,125,71,282,82,38,120,402
11/11/2021,CHA,TN,ASO,ES,Combined TRACON& Tower with Radar,30,27,53,0,110,0,0,8,0,8,30,27,61,0,118,0,0,0,118
11/12/2021,CHA,TN,ASO,ES,Combined TRACON& Tower with Radar,29,53,61,34,177,0,2,36,2,40,29,55,97,36,217,69,0,69,286
11/13/2021,CHA,TN,ASO,ES,Combined TRACON& Tower with Radar,21,32,46,7,106,0,1,80,1,82,21,33,126,8,188,95,0,95,283
11/14/2021,CHA,TN,ASO,ES,Combined TRACON& Tower with Radar,28,32,45,11,116,0,2,24,3,29,28,34,69,14,145,44,4,48,193
11/15/2021,CHA,TN,ASO,ES,Combined TRACON& Tower with Radar,27,41,58,34,160,0,5,61,5,71,27,46,119,39,231,20,27,47,278
11/16/2021,CHA,TN,ASO,ES,Combined TRACON& Tower with Radar,24,47,73,29,173,0,1,34,2,37,24,48,107,31,210,76,11,87,297
11/17/2021,CHA,TN,ASO,ES,Combined TRACON& Tower with Radar,26,44,90,81,241,0,1,58,9,68,26,45,148,90,309,58,52,110,419
11/18/2021,CHA,TN,ASO,ES,Combined TRACON& Tower with Radar,28,42,67,12,149,0,2,10,1,13,28,44,77,13,162,28,0,28,190
11/19/2021,CHA,TN,ASO,ES,Combined TRACON& Tower with Radar,32,43,70,71,216,0,8,64,8,80,32,51,134,79,296,12,36,48,344
11/20/2021,CHA,TN,ASO,ES,Combined TRACON& Tower with Radar,23,35,43,1,102,0,0,57,5,62,23,35,100,6,164,50,0,50,214
11/21/2021,CHA,TN,ASO,ES,Combined TRACON& Tower with Radar,19,24,48,0,91,0,1,8,0,9,19,25,56,0,100,100,0,100,200
11/22/2021,CHA,TN,ASO,ES,Combined TRACON& Tower with Radar,28,36,57,31,152,0,0,30,10,40,28,36,87,41,192,26,22,48,240
11/23/2021,CHA,TN,ASO,ES,Combined TRACON& Tower with Radar,29,45,86,45,205,0,8,47,12,67,29,53,133,57,272,47,20,67,339
11/24/2021,CHA,TN,ASO,ES,Combined TRACON& Tower with Radar,31,38,58,25,152,0,0,57,1,58,31,38,115,26,210,39,0,39,249
11/25/2021,CHA,TN,ASO,ES,Combined TRACON& Tower with Radar,12,9,8,0,29,0,0,9,0,9,12,9,17,0,38,6,0,6,44
11/26/2021,CHA,TN,ASO,ES,Combined TRACON& Tower with Radar,18,36,23,0,77,0,2,36,0,38,18,38,59,0,115,2,0,2,117
11/27/2021,CHA,TN,ASO,ES,Combined TRACON& Tower with Radar,23,37,39,0,99,0,1,39,0,40,23,38,78,0,139,24,0,24,163
11/28/2021,CHA,TN,ASO,ES,Combined TRACON& Tower with Radar,26,30,59,0,115,0,0,53,0,53,26,30,112,0,168,42,0,42,210
11/29/2021,CHA,TN,ASO,ES,Combined TRACON& Tower with Radar,28,37,52,29,146,0,2,54,4,60,28,39,106,33,206,68,22,90,296
11/30/2021,CHA,TN,ASO,ES,Combined TRACON& Tower with Radar,26,28,43,41,138,0,6,58,7,71,26,34,101,48,209,36,18,54,263
12/01/2021,CHA,TN,ASO,ES,Combined TRACON& Tower with Radar,23,40,71,67,201,0,3,51,7,61,23,43,122,74,262,58,70,128,390
12/02/2021,CHA,TN,ASO,ES,Combined TRACON& Tower with Radar,26,45,75,64,210,0,5,49,20,74,26,50,124,84,284,44,20,64,348
12/03/2021,CHA,TN,ASO,ES,Combined TRACON& Tower with Radar,26,39,75,72,212,0,3,74,5,82,26,42,149,77,294,58,8,66,360
12/04/2021,CHA,TN,ASO,ES,Combined TRACON& Tower with Radar,20,23,40,38,121,0,0,37,5,42,20,23,77,43,163,60,22,82,245
12/05/2021,CHA,TN,ASO,ES,Combined TRACON& Tower with Radar,22,36,37,24,119,0,0,0,0,0,22,36,37,24,119,0,0,0,119
12/06/2021,CHA,TN,ASO,ES,Combined TRACON& Tower with Radar,23,20,36,2,81,0,0,4,0,4,23,20,40,2,85,16,0,16,101
12/07/2021,CHA,TN,ASO,ES,Combined TRACON& Tower with Radar,18,32,71,48,169,0,0,55,2,57,18,32,126,50,226,94,22,116,342
12/08/2021,CHA,TN,ASO,ES,Combined TRACON& Tower with Radar,19,42,68,59,188,0,0,44,8,52,19,42,112,67,240,68,36,104,344
12/09/2021,CHA,TN,ASO,ES,Combined TRACON& Tower with Radar,26,33,76,66,201,0,0,51,7,58,26,33,127,73,259,36,28,64,323
12/10/2021,CHA,TN,ASO,ES,Combined TRACON& Tower with Radar,25,35,41,0,101,0,0,0,0,0,25,35,41,0,101,0,0,0,101
12/11/2021,CHA,TN,ASO,ES,Combined TRACON& Tower with Radar,19,17,20,0,56,0,0,0,0,0,19,17,20,0,56,0,0,0,56
12/12/2021,CHA,TN,ASO,ES,Combined TRACON& Tower with Radar,23,41,52,25,141,0,3,70,2,75,23,44,122,27,216,44,0,44,260
12/13/2021,CHA,TN,ASO,ES,Combined TRACON& Tower with Radar,26,39,53,16,134,0,4,66,2,72,26,43,119,18,206,76,0,76,282
12/14/2021,CHA,TN,ASO,ES,Combined TRACON& Tower with Radar,18,30,74,41,163,0,0,44,4,48,18,30,118,45,211,37,6,43,254
12/15/2021,CHA,TN,ASO,ES,Combined TRACON& Tower with Radar,19,37,60,122,238,0,2,60,6,68,19,39,120,128,306,28,66,94,400
12/16/2021,CHA,TN,ASO,ES,Combined TRACON& Tower with Radar,27,32,62,91,212,0,1,31,1,33,27,33,93,92,245,38,36,74,319
12/17/2021,CHA,TN,ASO,ES,Combined TRACON& Tower with Radar,26,29,74,2,131,0,0,1,0,1,26,29,75,2,132,18,0,18,150
12/18/2021,CHA,TN,ASO,ES,Combined TRACON& Tower with Radar,18,19,17,2,56,0,0,1,0,1,18,19,18,2,57,26,0,26,83
12/19/2021,CHA,TN,ASO,ES,Combined TRACON& Tower with Radar,19,26,45,0,90,0,0,4,0,4,19,26,49,0,94,36,0,36,130
12/20/2021,CHA,TN,ASO,ES,Combined TRACON& Tower with Radar,21,21,59,33,134,0,2,64,7,73,21,23,123,40,207,12,28,40,247
12/21/2021,CHA,TN,ASO,ES,Combined TRACON& Tower with Radar,20,18,45,30,113,0,0,27,2,29,20,18,72,32,142,44,26,70,212
12/22/2021,CHA,TN,ASO,ES,Combined TRACON& Tower with Radar,20,27,66,6,119,0,1,53,4,58,20,28,119,10,177,50,14,64,241
12/23/2021,CHA,TN,ASO,ES,Combined TRACON& Tower with Radar,22,20,50,0,92,0,0,86,0,86,22,20,136,0,178,52,0,52,230
12/24/2021,CHA,TN,ASO,ES,Combined TRACON& Tower with Radar,15,20,8,0,43,0,0,24,0,24,15,20,32,0,67,62,0,62,129
12/25/2021,CHA,TN,ASO,ES,Combined TRACON& Tower with Radar,11,17,6,0,34,0,0,1,0,1,11,17,7,0,35,0,0,0,35
12/26/2021,CHA,TN,ASO,ES,Combined TRACON& Tower with Radar,18,27,44,0,89,0,1,19,0,20,18,28,63,0,109,28,0,28,137
12/27/2021,CHA,TN,ASO,ES,Combined TRACON& Tower with Radar,21,24,40,7,92,0,1,7,1,9,21,25,47,8,101,72,4,76,177
12/28/2021,CHA,TN,ASO,ES,Combined TRACON& Tower with Radar,20,30,45,10,105,0,1,19,0,20,20,31,64,10,125,52,12,64,189
12/29/2021,CHA,TN,ASO,ES,Combined TRACON& Tower with Radar,18,17,54,0,89,0,0,0,0,0,18,17,54,0,89,0,0,0,89
12/30/2021,CHA,TN,ASO,ES,Combined TRACON& Tower with Radar,22,29,55,0,106,0,0,2,0,2,22,29,57,0,108,82,0,82,190
12/31/2021,CHA,TN,ASO,ES,Combined TRACON& Tower with Radar,12,12,25,0,49,0,0,0,0,0,12,12,25,0,49,0,0,0,49
01/01/2022,CHA,TN,ASO,ES,Combined TRACON& Tower with Radar,13,18,17,0,48,0,0,0,0,0,13,18,17,0,48,0,0,0,48
01/02/2022,CHA,TN,ASO,ES,Combined TRACON& Tower with Radar,17,17,26,0,60,0,0,0,0,0,17,17,26,0,60,22,0,22,82
01/03/2022,CHA,TN,ASO,ES,Combined TRACON& Tower with Radar,18,27,52,0,97,0,0,17,0,17,18,27,69,0,114,72,0,72,186
01/04/2022,CHA,TN,ASO,ES,Combined TRACON& Tower with Radar,17,24,46,31,118,0,0,50,1,51,17,24,96,32,169,58,22,80,249
01/05/2022,CHA,TN,ASO,ES,Combined TRACON& Tower with Radar,23,24,58,7,112,0,4,38,3,45,23,28,96,10,157,82,0,82,239
01/06/2022,CHA,TN,ASO,ES,Combined TRACON& Tower with Radar,22,23,17,0,62,0,0,2,0,2,22,23,19,0,64,22,0,22,86
01/07/2022,CHA,TN,ASO,ES,Combined TRACON& Tower with Radar,22,14,57,13,106,0,0,52,6,58,22,14,109,19,164,44,14,58,222
01/08/2022,CHA,TN,ASO,ES,Combined TRACON& Tower with Radar,14,12,51,13,90,0,0,84,6,90,14,12,135,19,180,68,16,84,264
01/09/2022,CHA,TN,ASO,ES,Combined TRACON& Tower with Radar,21,17,28,0,66,0,0,0,0,0,21,17,28,0,66,0,0,0,66
01/10/2022,CHA,TN,ASO,ES,Combined TRACON& Tower with Radar,22,23,53,47,145,0,6,59,10,75,22,29,112,57,220,46,20,66,286
01/11/2022,CHA,TN,ASO,ES,Combined TRACON& Tower with Radar,24,10,53,54,141,0,0,78,12,90,24,10,131,66,231,56,52,108,339
01/12/2022,CHA,TN,ASO,ES,Combined TRACON& Tower with Radar,26,31,57,44,158,0,0,40,7,47,26,31,97,51,205,50,46,96,301
01/13/2022,CHA,TN,ASO,ES,Combined TRACON& Tower with Radar,25,43,57,24,149,0,1,62,0,63,25,44,119,24,212,90,18,108,320
01/14/2022,CHA,TN,ASO,ES,Combined TRACON& Tower with Radar,24,46,51,21,142,0,0,84,4,88,24,46,135,25,230,104,12,116,346
01/15/2022,CHA,TN,ASO,ES,Combined TRACON& Tower with Radar,18,10,22,0,50,0,0,15,0,15,18,10,37,0,65,20,0,20,85
01/16/2022,CHA,TN,ASO,ES,Combined TRACON& Tower with Radar,12,9,7,0,28,0,0,0,0,0,12,9,7,0,28,0,0,0,28
01/17/2022,CHA,TN,ASO,ES,Combined TRACON& Tower with Radar,24,21,30,0,75,0,1,6,0,7,24,22,36,0,82,40,0,40,122
01/18/2022,CHA,TN,ASO,ES,Combined TRACON& Tower with Radar,23,19,62,19,123,0,0,72,2,74,23,19,134,21,197,82,8,90,287
01/19/2022,CHA,TN,ASO,ES,Combined TRACON& Tower with Radar,24,28,37,48,137,0,2,22,0,24,24,30,59,48,161,44,0,44,205
01/20/2022,CHA,TN,ASO,ES,Combined TRACON& Tower with Radar,22,25,51,7,105,0,0,1,6,7,22,25,52,13,112,82,20,102,214
01/21/2022,CHA,TN,ASO,ES,Combined TRACON& Tower with Radar,24,28,45,20,117,0,0,4,3,7,24,28,49,23,124,86,18,104,228
01/22/2022,CHA,TN,ASO,ES,Combined TRACON& Tower with Radar,16,14,40,4,74,0,0,48,3,51,16,14,88,7,125,106,0,106,231
01/23/2022,CHA,TN,ASO,ES,Combined TRACON& Tower with Radar,26,20,76,4,126,0,3,74,6,83,26,23,150,10,209,46,0,46,255
01/24/2022,CHA,TN,ASO,ES,Combined TRACON& Tower with Radar,21,28,67,65,181,0,6,59,3,68,21,34,126,68,249,46,14,60,309
01/25/2022,CHA,TN,ASO,ES,Combined TRACON& Tower with Radar,24,16,63,49,152,0,5,44,9,58,24,21,107,58,210,32,34,66,276
01/26/2022,CHA,TN,ASO,ES,Combined TRACON& Tower with Radar,28,20,85,12,145,0,7,73,0,80,28,27,158,12,225,18,0,18,243
01/27/2022,CHA,TN,ASO,ES,Combined TRACON& Tower with Radar,27,33,68,48,176,0,6,83,5,94,27,39,151,53,270,20,12,32,302
01/28/2022,CHA,TN,ASO,ES,Combined TRACON& Tower with Radar,28,27,29,14,98,0,0,46,2,48,28,27,75,16,146,10,8,18,164
01/29/2022,CHA,TN,ASO,ES,Combined TRACON& Tower with Radar,15,23,34,6,78,0,7,47,0,54,15,30,81,6,132,18,0,18,150
01/30/2022,CHA,TN,ASO,ES,Combined TRACON& Tower with Radar,23,17,41,6,87,0,8,48,1,57,23,25,89,7,144,40,0,40,184
01/31/2022,CHA,TN,ASO,ES,Combined TRACON& Tower with Radar,23,25,60,51,159,0,10,42,8,60,23,35,102,59,219,22,2,24,243
02/01/2022,CHA,TN,ASO,ES,Combined TRACON& Tower with Radar,17,30,51,64,162,0,10,65,15,90,17,40,116,79,252,42,56,98,350
02/02/2022,CHA,TN,ASO,ES,Combined TRACON& Tower with Radar,18,40,36,0,94,0,2,5,0,7,18,42,41,0,101,0,0,0,101
02/03/2022,CHA,TN,ASO,ES,Combined TRACON& Tower with Radar,14,32,25,0,71,0,0,0,0,0,14,32,25,0,71,0,0,0,71
02/04/2022,CHA,TN,ASO,ES,Combined TRACON& Tower with Radar,18,33,33,2,86,0,0,2,0,2,18,33,35,2,88,32,0,32,120
02/05/2022,CHA,TN,ASO,ES,Combined TRACON& Tower with Radar,17,10,43,10,80,0,13,85,2,100,17,23,128,12,180,48,0,48,228
02/06/2022,CHA,TN,ASO,ES,Combined TRACON& Tower with Radar,21,45,54,16,136,0,13,59,1,73,21,58,113,17,209,56,0,56,265
02/07/2022,CHA,TN,ASO,ES,Combined TRACON& Tower with Radar,19,42,41,35,137,0,25,55,8,88,19,67,96,43,225,88,10,98,323
02/08/2022,CHA,TN,ASO,ES,Combined TRACON& Tower with Radar,16,36,73,49,174,0,16,78,9,103,16,52,151,58,277,76,30,106,383
02/09/2022,CHA,TN,ASO,ES,Combined TRACON& Tower with Radar,21,42,70,20,153,0,25,82,6,113,21,67,152,26,266,16,12,28,294
02/10/2022,CHA,TN,ASO,ES,Combined TRACON& Tower with Radar,26,34,80,24,164,0,20,84,6,110,26,54,164,30,274,44,2,46,320
02/11/2022,CHA,TN,ASO,ES,Combined TRACON& Tower with Radar,20,38,63,42,163,0,10,78,7,95,20,48,141,49,258,104,12,116,374
02/12/2022,CHA,TN,ASO,ES,Combined TRACON& Tower with Radar,17,17,37,4,75,0,2,89,2,93,17,19,126,6,168,46,0,46,214
02/13/2022,CHA,TN,ASO,ES,Combined TRACON& Tower with Radar,20,34,49,14,117,0,6,51,3,60,20,40,100,17,177,58,0,58,235
02/14/2022,CHA,TN,ASO,ES,Combined TRACON& Tower with Radar,18,50,60,41,169,0,9,84,11,104,18,59,144,52,273,20,22,42,315
02/15/2022,CHA,TN,ASO,ES,Combined TRACON& Tower with Radar,18,44,57,39,158,0,11,89,14,114,18,55,146,53,272,56,30,86,358
02/16/2022,CHA,TN,ASO,ES,Combined TRACON& Tower with Radar,21,39,51,21,132,0,9,25,3,37,21,48,76,24,169,26,6,32,201
02/17/2022,CHA,TN,ASO,ES,Combined TRACON& Tower with Radar,22,33,39,12,106,0,0,1,0,1,22,33,40,12,107,0,0,0,107
02/18/2022,CHA,TN,ASO,ES,Combined TRACON& Tower with Radar,22,37,73,3,135,0,10,20,1,31,22,47,93,4,166,66,18,84,250
02/19/2022,CHA,TN,ASO,ES,Combined TRACON& Tower with Radar,19,18,37,0,74,0,22,88,0,110,19,40,125,0,184,70,0,70,254
02/20/2022,CHA,TN,ASO,ES,Combined TRACON& Tower with Radar,22,29,52,10,113,0,21,62,0,83,22,50,114,10,196,36,0,36,232
02/21/2022,CHA,TN,ASO,ES,Combined TRACON& Tower with Radar,21,38,64,0,123,0,1,33,0,34,21,39,97,0,157,52,0,52,209
02/22/2022,CHA,TN,ASO,ES,Combined TRACON& Tower with Radar,16,27,52,23,118,0,0,3,3,6,16,27,55,26,124,12,0,12,136
02/23/2022,CHA,TN,ASO,ES,Combined TRACON& Tower with Radar,17,32,70,42,161,0,1,14,1,16,17,33,84,43,177,20,0,20,197
02/24/2022,CHA,TN,ASO,ES,Combined TRACON& Tower with Radar,23,41,117,14,195,0,0,4,1,5,23,41,121,15,200,18,0,18,218
02/25/2022,CHA,TN,ASO,ES,Combined TRACON& Tower with Radar,26,34,70,58,188,0,1,40,4,45,26,35,110,62,233,98,24,122,355
02/26/2022,CHA,TN,ASO,ES,Combined TRACON& Tower with Radar,19,12,37,9,77,0,0,36,3,39,19,12,73,12,116,42,0,42,158
02/27/2022,CHA,TN,ASO,ES,Combined TRACON& Tower with Radar,26,29,42,0,97,0,0,5,3,8,26,29,47,3,105,0,0,0,105
02/28/2022,CHA,TN,ASO,ES,Combined TRACON& Tower with Radar,20,39,69,39,167,0,6,75,4,85,20,45,144,43,252,59,0,59,311
03/01/2022,CHA,TN,ASO,ES,Combined TRACON& Tower with Radar,18,42,79,32,171,0,5,64,7,76,18,47,143,39,247,84,16,100,347
03/02/2022,CHA,TN,ASO,ES,Combined TRACON& Tower with Radar,21,46,80,41,188,0,9,71,11,91,21,55,151,52,279,70,4,74,353
03/03/2022,CHA,TN,ASO,ES,Combined TRACON& Tower with Radar,23,36,82,40,181,0,16,79,8,103,23,52,161,48,284,66,10,76,360
03/04/2022,CHA,TN,ASO,ES,Combined TRACON& Tower with Radar,21,50,65,22,158,0,6,79,6,91,21,56,144,28,249,52,14,66,315
03/05/2022,CHA,TN,ASO,ES,Combined TRACON& Tower with Radar,18,23,50,7,98,0,9,44,3,56,18,32,94,10,154,14,0,14,168
03/06/2022,CHA,TN,ASO,ES,Combined TRACON& Tower with Radar,19,30,48,2,99,0,3,36,0,39,19,33,84,2,138,6,0,6,144
03/07/2022,CHA,TN,ASO,ES,Combined TRACON& Tower with Radar,18,22,32,0,72,0,0,1,0,1,18,22,33,0,73,0,0,0,73
03/08/2022,CHA,TN,ASO,ES,Combined TRACON& Tower with Radar,14,26,71,63,174,0,0,36,4,40,14,26,107,67,214,116,20,136,350
03/09/2022,CHA,TN,ASO,ES,Combined TRACON& Tower with Radar,14,36,58,54,162,0,4,17,8,29,14,40,75,62,191,78,6,84,275
03/10/2022,CHA,TN,ASO,ES,Combined TRACON& Tower with Radar,21,52,61,36,170,0,6,45,6,57,21,58,106,42,227,76,40,116,343
03/11/2022,CHA,TN,ASO,ES,Combined TRACON& Tower with Radar,19,31,73,30,153,0,1,27,2,30,19,32,100,32,183,0,0,0,183
03/12/2022,CHA,TN,ASO,ES,Combined TRACON& Tower with Radar,14,24,18,10,66,0,11,8,2,21,14,35,26,12,87,0,0,0,87
03/13/2022,CHA,TN,ASO,ES,Combined TRACON& Tower with Radar,22,35,55,21,133,0,6,50,4,60,22,41,105,25,193,46,0,46,239
03/14/2022,CHA,TN,ASO,ES,Combined TRACON& Tower with Radar,22,51,48,40,161,0,25,61,7,93,22,76,109,47,254,54,18,72,326
03/15/2022,CHA,TN,ASO,ES,Combined TRACON& Tower with Radar,17,35,47,60,159,0,2,24,4,30,17,37,71,64,189,68,24,92,281
03/16/2022,CHA,TN,ASO,ES,Combined TRACON& Tower with Radar,25,59,58,2,144,0,0,10,0,10,25,59,68,2,154,20,0,20,174
03/17/2022,CHA,TN,ASO,ES,Combined TRACON& Tower with Radar,24,37,66,21,148,0,6,61,5,72,24,43,127,26,220,56,12,68,288
03/18/2022,CHA,TN,ASO,ES,Combined TRACON& Tower with Radar,19,22,26,7,74,0,0,8,0,8,19,22,34,7,82,0,0,0,82
03/19/2022,CHA,TN,ASO,ES,Combined TRACON& Tower with Radar,16,28,44,4,92,0,4,52,3,59,16,32,96,7,151,28,0,28,179
03/20/2022,CHA,TN,ASO,ES,Combined TRACON& Tower with Radar,22,34,55,5,116,0,19,86,1,106,22,53,141,6,222,22,10,32,254
03/21/2022,CHA,TN,ASO,ES,Combined TRACON& Tower with Radar,20,36,69,29,154,0,14,79,12,105,20,50,148,41,259,78,0,78,337
03/22/2022,CHA,TN,ASO,ES,Combined TRACON& Tower with Radar,21,35,63,24,143,0,6,28,9,43,21,41,91,33,186,22,6,28,214
03/23/2022,CHA,TN,ASO,ES,Combined TRACON& Tower with Radar,24,23,46,37,130,0,0,1,3,4,24,23,47,40,134,0,14,14,148
03/24/2022,CHA,TN,ASO,ES,Combined TRACON& Tower with Radar,23,67,77,22,189,0,16,53,3,72,23,83,130,25,261,64,8,72,333
03/25/2022,CHA,TN,ASO,ES,Combined TRACON& Tower with Radar,20,32,59,35,146,0,7,39,6,52,20,39,98,41,198,18,14,32,230
03/26/2022,CHA,TN,ASO,ES,Combined TRACON& Tower with Radar,16,33,31,0,80,0,8,20,0,28,16,41,51,0,108,0,0,0,108
03/27/2022,CHA,TN,ASO,ES,Combined TRACON& Tower with Radar,22,35,68,28,153,0,16,77,9,102,22,51,145,37,255,64,0,64,319
03/28/2022,CHA,TN,ASO,ES,Combined TRACON& Tower with Radar,25,30,67,14,136,0,12,46,2,60,25,42,113,16,196,94,14,108,304
03/29/2022,CHA,TN,ASO,ES,Combined TRACON& Tower with Radar,15,36,71,85,207,0,9,63,14,86,15,45,134,99,293,34,64,98,391
03/30/2022,CHA,TN,ASO,ES,Combined TRACON& Tower with Radar,14,26,30,1,71,0,3,10,3,16,14,29,40,4,87,10,0,10,97
03/31/2022,CHA,TN,ASO,ES,Combined TRACON& Tower with Radar,23,32,78,43,176,0,5,21,3,29,23,37,99,46,205,12,48,60,265
04/01/2022,CHA,TN,ASO,ES,Combined TRACON& Tower with Radar,24,34,82,17,157,0,15,67,21,103,24,49,149,38,260,42,14,56,316
04/02/2022,CHA,TN,ASO,ES,Combined TRACON& Tower with Radar,15,29,33,11,88,0,7,54,1,62,15,36,87,12,150,54,4,58,208
04/03/2022,CHA,TN,ASO,ES,Combined TRACON& Tower with Radar,20,33,81,11,145,0,10,77,6,93,20,43,158,17,238,36,0,36,274
04/04/2022,CHA,TN,ASO,ES,Combined TRACON& Tower with Radar,24,43,87,43,197,0,14,70,3,87,24,57,157,46,284,50,10,60,344
04/05/2022,CHA,TN,ASO,ES,Combined TRACON& Tower with Radar,18,20,38,0,76,0,0,0,0,0,18,20,38,0,76,6,0,6,82
04/06/2022,CHA,TN,ASO,ES,Combined TRACON& Tower with Radar,16,29,59,18,122,0,0,0,0,0,16,29,59,18,122,12,0,12,134
04/07/2022,CHA,TN,ASO,ES,Combined TRACON& Tower with Radar,22,41,78,37,178,0,11,31,10,52,22,52,109,47,230,22,8,30,260
04/08/2022,CHA,TN,ASO,ES,Combined TRACON& Tower with Radar,25,33,49,26,133,0,4,13,5,22,25,37,62,31,155,48,0,48,203
04/09/2022,CHA,TN,ASO,ES,Combined TRACON& Tower with Radar,17,28,35,23,103,0,0,27,3,30,17,28,62,26,133,20,0,20,153
04/10/2022,CHA,TN,ASO,ES,Combined TRACON& Tower with Radar,21,45,59,7,132,0,13,95,8,116,21,58,154,15,248,56,0,56,304
04/11/2022,CHA,TN,ASO,ES,Combined TRACON& Tower with Radar,24,23,65,24,136,0,1,17,0,18,24,24,82,24,154,70,0,70,224
04/12/2022,CHA,TN,ASO,ES,Combined TRACON& Tower with Radar,18,60,70,22,170,0,4,21,0,25,18,64,91,22,195,30,0,30,225
04/13/2022,CHA,TN,ASO,ES,Combined TRACON& Tower with Radar,15,35,70,26,146,0,0,21,7,28,15,35,91,33,174,18,44,62,236
04/14/2022,CHA,TN,ASO,ES,Combined TRACON& Tower with Radar,26,53,73,35,187,0,10,50,5,65,26,63,123,40,252,76,0,76,328
04/15/2022,CHA,TN,ASO,ES,Combined TRACON& Tower with Radar,26,38,56,38,158,0,22,72,3,97,26,60,128,41,255,68,12,80,335
04/16/2022,CHA,TN,ASO,ES,Combined TRACON& Tower with Radar,18,37,46,0,101,0,1,4,0,5,18,38,50,0,106,56,0,56,162
04/17/2022,CHA,TN,ASO,ES,Combined TRACON& Tower with Radar,24,26,29,0,79,0,2,15,4,21,24,28,44,4,100,78,0,78,178
04/18/2022,CHA,TN,ASO,ES,Combined TRACON& Tower with Radar,24,33,72,19,148,0,2,10,0,12,24,35,82,19,160,70,0,70,230
04/19/2022,CHA,TN,ASO,ES,Combined TRACON& Tower with Radar,19,72,76,56,223,0,10,63,13,86,19,82,139,69,309,38,10,48,357
04/20/2022,CHA,TN,ASO,ES,Combined TRACON& Tower with Radar,18,44,57,61,180,0,7,49,9,65,18,51,106,70,245,22,36,58,303
04/21/2022,CHA,TN,ASO,ES,Combined TRACON& Tower with Radar,24,45,75,19,163,0,1,56,9,66,24,46,131,28,229,64,4,68,297
04/22/2022,CHA,TN,ASO,ES,Combined TRACON& Tower with Radar,23,50,58,85,216,0,5,79,12,96,23,55,137,97,312,36,8,44,356
04/23/2022,CHA,TN,ASO,ES,Combined TRACON& Tower with Radar,19,33,36,0,88,0,11,75,7,93,19,44,111,7,181,28,4,32,213
04/24/2022,CHA,TN,ASO,ES,Combined TRACON& Tower with Radar,22,44,65,51,182,0,0,67,15,82,22,44,132,66,264,16,0,16,280
04/25/2022,CHA,TN,ASO,ES,Combined TRACON& Tower with Radar,25,28,73,18,144,0,4,43,3,50,25,32,116,21,194,48,0,48,242
04/26/2022,CHA,TN,ASO,ES,Combined TRACON& Tower with Radar,19,41,78,22,160,0,3,31,0,34,19,44,109,22,194,110,0,110,304
04/27/2022,CHA,TN,ASO,ES,Combined TRACON& Tower with Radar,21,48,81,55,205,0,11,59,7,77,21,59,140,62,282,118,28,146,428
04/28/2022,CHA,TN,ASO,ES,Combined TRACON& Tower with Radar,27,41,72,14,154,0,6,85,11,102,27,47,157,25,256,48,4,52,308
04/29/2022,CHA,TN,ASO,ES,Combined TRACON& Tower with Radar,22,31,85,17,155,0,10,65,6,81,22,41,150,23,236,118,0,118,354
04/30/2022,CHA,TN,ASO,ES,Combined TRACON& Tower with Radar,21,23,52,2,98,0,12,37,0,49,21,35,89,2,147,10,0,10,157
05/01/2022,CHA,TN,ASO,ES,Combined TRACON& Tower with Radar,25,39,63,21,148,0,4,22,4,30,25,43,85,25,178,10,0,10,188
05/02/2022,CHA,TN,ASO,ES,Combined TRACON& Tower with Radar,23,37,56,21,137,0,2,50,3,55,23,39,106,24,192,78,6,84,276
05/03/2022,CHA,TN,ASO,ES,Combined TRACON& Tower with Radar,22,23,51,28,124,0,0,27,4,31,22,23,78,32,155,34,72,106,261
05/04/2022,CHA,TN,ASO,ES,Combined TRACON& Tower with Radar,19,40,58,10,127,0,5,41,0,46,19,45,99,10,173,72,24,96,269
05/05/2022,CHA,TN,ASO,ES,Combined TRACON& Tower with Radar,28,18,75,31,152,0,0,55,5,60,28,18,130,36,212,68,6,74,286
05/06/2022,CHA,TN,ASO,ES,Combined TRACON& Tower with Radar,33,23,38,2,96,0,0,6,0,6,33,23,44,2,102,0,0,0,102
05/07/2022,CHA,TN,ASO,ES,Combined TRACON& Tower with Radar,24,23,53,0,100,0,0,18,1,19,24,23,71,1,119,22,0,22,141
05/08/2022,CHA,TN,ASO,ES,Combined TRACON& Tower with Radar,26,30,48,3,107,0,0,43,2,45,26,30,91,5,152,52,0,52,204
05/09/2022,CHA,TN,ASO,ES,Combined TRACON& Tower with Radar,25,29,77,28,159,0,3,75,5,83,25,32,152,33,242,70,42,112,354
05/10/2022,CHA,TN,ASO,ES,Combined TRACON& Tower with Radar,25,17,45,36,123,0,2,57,3,62,25,19,102,39,185,38,0,38,223
05/11/2022,CHA,TN,ASO,ES,Combined TRACON& Tower with Radar,26,42,74,53,195,0,0,63,4,67,26,42,137,57,262,60,18,78,340
05/12/2022,CHA,TN,ASO,ES,Combined TRACON& Tower with Radar,30,23,62,40,155,0,0,83,1,84,30,23,145,41,239,106,22,128,367
05/13/2022,CHA,TN,ASO,ES,Combined TRACON& Tower with Radar,27,27,62,80,196,0,2,56,10,68,27,29,118,90,264,48,0,48,312
05/14/2022,CHA,TN,ASO,ES,Combined TRACON& Tower with Radar,24,20,30,1,75,0,5,49,1,55,24,25,79,2,130,66,0,66,196
05/15/2022,CHA,TN,ASO,ES,Combined TRACON& Tower with Radar,25,23,60,21,129,0,2,45,6,53,25,25,105,27,182,42,0,42,224
05/16/2022,CHA,TN,ASO,ES,Combined TRACON& Tower with Radar,27,27,66,24,144,0,0,72,5,77,27,27,138,29,221,99,14,113,334
05/17/2022,CHA,TN,ASO,ES,Combined TRACON& Tower with Radar,25,39,75,33,172,0,6,85,9,100,25,45,160,42,272,200,50,250,522
05/18/2022,CHA,TN,ASO,ES,Combined TRACON& Tower with Radar,25,32,80,28,165,0,3,57,2,62,25,35,137,30,227,78,10,88,315
05/19/2022,CHA,TN,ASO,ES,Combined TRACON& Tower with Radar,29,33,60,42,164,0,5,50,0,55,29,38,110,42,219,66,0,66,285
05/20/2022,CHA,TN,ASO,ES,Combined TRACON& Tower with Radar,29,34,70,64,197,0,13,55,10,78,29,47,125,74,275,28,0,28,303
05/21/2022,CHA,TN,ASO,ES,Combined TRACON& Tower with Radar,21,29,50,0,100,0,4,38,1,43,21,33,88,1,143,64,0,64,207
05/22/2022,CHA,TN,ASO,ES,Combined TRACON& Tower with Radar,21,27,39,0,87,0,4,20,0,24,21,31,59,0,111,4,0,4,115
05/23/2022,CHA,TN,ASO,ES,Combined TRACON& Tower with Radar,27,25,37,0,89,0,1,0,0,1,27,26,37,0,90,24,0,24,114
05/24/2022,CHA,TN,ASO,ES,Combined TRACON& Tower with Radar,25,26,79,58,188,0,2,23,1,26,25,28,102,59,214,60,12,72,286
05/25/2022,CHA,TN,ASO,ES,Combined TRACON& Tower with Radar,25,25,54,15,119,0,0,0,2,2,25,25,54,17,121,18,0,18,139
05/26/2022,CHA,TN,ASO,ES,Combined TRACON& Tower with Radar,25,25,51,0,101,0,0,4,0,4,25,25,55,0,105,14,0,14,119
05/27/2022,CHA,TN,ASO,ES,Combined TRACON& Tower with Radar,29,34,48,0,111,0,5,49,0,54,29,39,97,0,165,26,0,26,191
05/28/2022,CHA,TN,ASO,ES,Combined TRACON& Tower with Radar,22,21,38,2,83,0,4,84,1,89,22,25,122,3,172,78,0,78,250
05/29/2022,CHA,TN,ASO,ES,Combined TRACON& Tower with Radar,23,19,36,0,78,0,8,67,1,76,23,27,103,1,154,26,0,26,180
05/30/2022,CHA,TN,ASO,ES,Combined TRACON& Tower with Radar,26,20,40,0,86,0,0,59,2,61,26,20,99,2,147,0,0,0,147
05/31/2022,CHA,TN,ASO,ES,Combined TRACON& Tower with Radar,24,25,60,53,162,0,10,72,9,91,24,35,132,62,253,16,10,26,279
06/01/2022,CHA,TN,ASO,ES,Combined TRACON& Tower with Radar,24,22,64,44,154,0,14,78,4,96,24,36,142,48,250,126,14,140,390
06/02/2022,CHA,TN,ASO,ES,Combined TRACON& Tower with Radar,25,28,48,9,110,0,0,40,1,41,25,28,88,10,151,12,4,16,167
06/03/2022,CHA,TN,ASO,ES,Combined TRACON& Tower with Radar,30,28,62,7,127,0,9,68,2,79,30,37,130,9,206,72,0,72,278
06/04/2022,CHA,TN,ASO,ES,Combined TRACON& Tower with Radar,21,22,25,63,131,0,4,75,2,81,21,26,100,65,212,10,4,14,226
06/05/2022,CHA,TN,ASO,ES,Combined TRACON& Tower with Radar,25,32,43,13,113,0,8,40,4,52,25,40,83,17,165,28,0,28,193
06/06/2022,CHA,TN,ASO,ES,Combined TRACON& Tower with Radar,30,28,60,28,146,0,0,48,4,52,30,28,108,32,198,33,4,37,235
06/07/2022,CHA,TN,ASO,ES,Combined TRACON& Tower with Radar,23,32,43,0,98,0,0,6,0,6,23,32,49,0,104,0,0,0,104
06/08/2022,CHA,TN,ASO,ES,Combined TRACON& Tower with Radar,26,33,63,4,126,0,2,8,0,10,26,35,71,4,136,14,0,14,150
06/09/2022,CHA,TN,ASO,ES,Combined TRACON& Tower with Radar,27,38,52,21,138,0,16,59,2,77,27,54,111,23,215,64,0,64,279
06/10/2022,CHA,TN,ASO,ES,Combined TRACON& Tower with Radar,25,33,73,81,212,0,7,72,8,87,25,40,145,89,299,14,0,14,313
06/11/2022,CHA,TN,ASO,ES,Combined TRACON& Tower with Radar,22,27,42,1,92,0,7,44,2,53,22,34,86,3,145,55,0,55,200
06/12/2022,CHA,TN,ASO,ES,Combined TRACON& Tower with Radar,23,22,42,34,121,0,9,74,6,89,23,31,116,40,210,16,0,16,226
06/13/2022,CHA,TN,ASO,ES,Combined TRACON& Tower with Radar,29,42,78,35,184,0,10,79,5,94,29,52,157,40,278,26,22,48,326
06/14/2022,CHA,TN,ASO,ES,Combined TRACON& Tower with Radar,25,37,76,58,196,0,8,66,7,81,25,45,142,65,277,68,24,92,369
06/15/2022,CHA,TN,ASO,ES,Combined TRACON& Tower with Radar,34,33,86,43,196,0,11,68,5,84,34,44,154,48,280,96,8,104,384
06/16/2022,CHA,TN,ASO,ES,Combined TRACON& Tower with Radar,25,38,59,50,172,0,6,60,1,67,25,44,119,51,239,64,0,64,303
06/17/2022,CHA,TN,ASO,ES,Combined TRACON& Tower with Radar,25,35,54,6,120,0,3,60,0,63,25,38,114,6,183,74,0,74,257
06/18/2022,CHA,TN,ASO,ES,Combined TRACON& Tower with Radar,22,27,23,2,74,0,4,50,2,56,22,31,73,4,130,4,0,4,134
06/19/2022,CHA,TN,ASO,ES,Combined TRACON& Tower with Radar,20,28,39,6,93,0,6,83,0,89,20,34,122,6,182,16,0,16,198
06/20/2022,CHA,TN,ASO,ES,Combined TRACON& Tower with Radar,27,32,55,0,114,0,7,76,0,83,27,39,131,0,197,70,0,70,267
06/21/2022,CHA,TN,ASO,ES,Combined TRACON& Tower with Radar,22,35,49,22,128,0,0,73,2,75,22,35,122,24,203,46,12,58,261
06/22/2022,CHA,TN,ASO,ES,Combined TRACON& Tower with Radar,21,43,79,52,195,0,4,60,1,65,21,47,139,53,260,30,6,36,296
06/23/2022,CHA,TN,ASO,ES,Combined TRACON& Tower with Radar,26,34,59,2,121,0,6,41,2,49,26,40,100,4,170,34,0,34,204
06/24/2022,CHA,TN,ASO,ES,Combined TRACON& Tower with Radar,26,34,53,111,224,0,3,50,15,68,26,37,103,126,292,66,8,74,366
06/25/2022,CHA,TN,ASO,ES,Combined TRACON& Tower with Radar,20,25,42,0,87,0,0,21,0,21,20,25,63,0,108,50,0,50,158
06/26/2022,CHA,TN,ASO,ES,Combined TRACON& Tower with Radar,22,30,35,14,101,0,2,33,5,40,22,32,68,19,141,4,0,4,145
06/27/2022,CHA,TN,ASO,ES,Combined TRACON& Tower with Radar,32,32,86,5,155,0,0,26,0,26,32,32,112,5,181,28,0,28,209
06/28/2022,CHA,TN,ASO,ES,Combined TRACON& Tower with Radar,24,28,55,45,152,0,6,63,6,75,24,34,118,51,227,58,0,58,285
06/29/2022,CHA,TN,ASO,ES,Combined TRACON& Tower with Radar,25,22,73,13,133,0,2,18,1,21,25,24,91,14,154,14,0,14,168
06/30/2022,CHA,TN,ASO,ES,Combined TRACON& Tower with Radar,23,26,64,29,142,0,2,51,4,57,23,28,115,33,199,150,16,166,365
07/01/2022,CHA,TN,ASO,ES,Combined TRACON& Tower with Radar,23,29,71,2,125,0,2,48,1,51,23,31,119,3,176,62,0,62,238
07/02/2022,CHA,TN,ASO,ES,Combined TRACON& Tower with Radar,14,17,36,0,67,0,0,7,0,7,14,17,43,0,74,28,0,28,102
07/03/2022,CHA,TN,ASO,ES,Combined TRACON& Tower with Radar,19,14,28,0,61,0,0,33,0,33,19,14,61,0,94,0,0,0,94
07/04/2022,CHA,TN,ASO,ES,Combined TRACON& Tower with Radar,23,16,23,0,62,0,0,11,0,11,23,16,34,0,73,42,0,42,115
07/05/2022,CHA,TN,ASO,ES,Combined TRACON& Tower with Radar,17,24,59,32,132,0,0,51,4,55,17,24,110,36,187,48,0,48,235
07/06/2022,CHA,TN,ASO,ES,Combined TRACON& Tower with Radar,19,27,45,40,131,0,4,58,13,75,19,31,103,53,206,28,16,44,250
07/07/2022,CHA,TN,ASO,ES,Combined TRACON& Tower with Radar,19,28,60,9,116,0,0,35,1,36,19,28,95,10,152,42,10,52,204
07/08/2022,CHA,TN,ASO,ES,Combined TRACON& Tower with Radar,24,31,51,28,134,0,0,35,8,43,24,31,86,36,177,62,2,64,241
07/09/2022,CHA,TN,ASO,ES,Combined TRACON& Tower with Radar,16,21,46,0,83,0,0,10,0,10,16,21,56,0,93,26,0,26,119
07/10/2022,CHA,TN,ASO,ES,Combined TRACON& Tower with Radar,20,35,67,19,141,0,2,7,7,16,20,37,74,26,157,16,0,16,173
07/11/2022,CHA,TN,ASO,ES,Combined TRACON& Tower with Radar,23,30,73,26,152,0,5,41,0,46,23,35,114,26,198,110,0,110,308
07/12/2022,CHA,TN,ASO,ES,Combined TRACON& Tower with Radar,15,39,53,38,145,0,1,55,4,60,15,40,108,42,205,38,16,54,259
07/13/2022,CHA,TN,ASO,ES,Combined TRACON& Tower with Radar,16,30,68,0,114,0,0,47,0,47,16,30,115,0,161,64,0,64,225
07/14/2022,CHA,TN,ASO,ES,Combined TRACON& Tower with Radar,18,41,60,41,160,0,9,102,5,116,18,50,162,46,276,83,6,89,365
07/15/2022,CHA,TN,ASO,ES,Combined TRACON& Tower with Radar,22,37,83,32,174,0,7,104,4,115,22,44,187,36,289,70,6,76,365
07/16/2022,CHA,TN,ASO,ES,Combined TRACON& Tower with Radar,16,26,39,2,83,0,3,78,3,84,16,29,117,5,167,16,0,16,183
07/17/2022,CHA,TN,ASO,ES,Combined TRACON& Tower with Radar,18,36,60,0,114,0,1,41,3,45,18,37,101,3,159,28,0,28,187
07/18/2022,CHA,TN,ASO,ES,Combined TRACON& Tower with Radar,21,24,70,16,131,0,0,30,1,31,21,24,100,17,162,20,0,20,182
07/19/2022,CHA,TN,ASO,ES,Combined TRACON& Tower with Radar,17,22,60,3,102,0,1,19,3,23,17,23,79,6,125,96,0,96,221
07/20/2022,CHA,TN,ASO,ES,Combined TRACON& Tower with Radar,17,28,65,8,118,0,0,44,2,46,17,28,109,10,164,78,0,78,242
07/21/2022,CHA,TN,ASO,ES,Combined TRACON& Tower with Radar,19,25,55,13,112,0,1,11,4,16,19,26,66,17,128,84,18,102,230
07/22/2022,CHA,TN,ASO,ES,Combined TRACON& Tower with Radar,28,37,61,87,213,0,2,83,15,100,28,39,144,102,313,56,48,104,417
07/23/2022,CHA,TN,ASO,ES,Combined TRACON& Tower with Radar,28,42,30,39,139,0,1,59,3,63,28,43,89,42,202,14,0,14,216
07/24/2022,CHA,TN,ASO,ES,Combined TRACON& Tower with Radar,17,43,29,13,102,0,5,33,0,38,17,48,62,13,140,2,0,2,142
07/25/2022,CHA,TN,ASO,ES,Combined TRACON& Tower with Radar,24,21,65,13,123,0,1,32,2,35,24,22,97,15,158,134,6,140,298
07/26/2022,CHA,TN,ASO,ES,Combined TRACON& Tower with Radar,17,42,80,8,147,0,0,36,1,37,17,42,116,9,184,110,0,110,294
07/27/2022,CHA,TN,ASO,ES,Combined TRACON& Tower with Radar,17,45,72,17,151,0,1,54,3,58,17,46,126,20,209,38,0,38,247
07/28/2022,CHA,TN,ASO,ES,Combined TRACON& Tower with Radar,20,35,60,0,115,0,0,48,0,48,20,35,108,0,163,84,0,84,247
07/29/2022,CHA,TN,ASO,ES,Combined TRACON& Tower with Radar,23,36,41,0,100,0,1,24,0,25,23,37,65,0,125,16,0,16,141
07/30/2022,CHA,TN,ASO,ES,Combined TRACON& Tower with Radar,15,46,19,0,80,0,0,6,0,6,15,46,25,0,86,22,0,22,108
07/31/2022,CHA,TN,ASO,ES,Combined TRACON& Tower with Radar,18,29,34,7,88,0,0,7,1,8,18,29,41,8,96,0,0,0,96
08/01/2022,CHA,TN,ASO,ES,Combined TRACON& Tower with Radar,24,34,21,0,79,0,2,5,0,7,24,36,26,0,86,12,0,12,98
08/02/2022,CHA,TN,ASO,ES,Combined TRACON& Tower with Radar,16,35,54,1,106,0,1,64,3,68,16,36,118,4,174,144,0,144,318
08/03/2022,CHA,TN,ASO,ES,Combined TRACON& Tower with Radar,21,39,65,33,158,0,0,78,4,82,21,39,143,37,240,88,10,98,338
08/04/2022,CHA,TN,ASO,ES,Combined TRACON& Tower with Radar,19,35,46,24,124,0,0,51,0,51,19,35,97,24,175,118,18,136,311
08/05/2022,CHA,TN,ASO,ES,Combined TRACON& Tower with Radar,20,24,50,1,95,0,0,43,1,44,20,24,93,2,139,120,0,120,259
08/06/2022,CHA,TN,ASO,ES,Combined TRACON& Tower with Radar,13,27,30,0,70,0,0,22,0,22,13,27,52,0,92,120,0,120,212
08/07/2022,CHA,TN,ASO,ES,Combined TRACON& Tower with Radar,17,28,57,31,133,0,1,39,4,44,17,29,96,35,177,80,0,80,257
08/08/2022,CHA,TN,ASO,ES,Combined TRACON& Tower with Radar,23,31,35,7,96,0,1,52,4,57,23,32,87,11,153,160,0,160,313
08/09/2022,CHA,TN,ASO,ES,Combined TRACON& Tower with Radar,18,28,65,2,113,0,0,28,0,28,18,28,93,2,141,28,0,28,169
08/10/2022,CHA,TN,ASO,ES,Combined TRACON& Tower with Radar,18,27,44,0,89,0,0,3,0,3,18,27,47,0,92,0,0,0,92
08/11/2022,CHA,TN,ASO,ES,Combined TRACON& Tower with Radar,20,30,83,10,143,0,1,22,1,24,20,31,105,11,167,94,0,94,261
08/12/2022,CHA,TN,ASO,ES,Combined TRACON& Tower with Radar,25,30,71,78,204,0,1,69,9,79,25,31,140,87,283,144,10,154,437
08/13/2022,CHA,TN,ASO,ES,Combined TRACON& Tower with Radar,16,27,46,35,124,0,1,92,3,96,16,28,138,38,220,82,4,86,306
08/14/2022,CHA,TN,ASO,ES,Combined TRACON& Tower with Radar,21,29,49,8,107,0,0,80,1,81,21,29,129,9,188,38,0,38,226
08/15/2022,CHA,TN,ASO,ES,Combined TRACON& Tower with Radar,31,20,63,23,137,0,2,82,3,87,31,22,145,26,224,52,0,52,276
08/16/2022,CHA,TN,ASO,ES,Combined TRACON& Tower with Radar,21,33,82,3,139,0,4,62,3,69,21,37,144,6,208,52,0,52,260
08/17/2022,CHA,TN,ASO,ES,Combined TRACON& Tower with Radar,21,31,95,22,169,0,3,79,3,85,21,34,174,25,254,66,18,84,338
08/18/2022,CHA,TN,ASO,ES,Combined TRACON& Tower with Radar,20,27,78,45,170,0,0,83,11,94,20,27,161,56,264,126,4,130,394
08/19/2022,CHA,TN,ASO,ES,Combined TRACON& Tower with Radar,27,29,41,14,111,0,0,31,0,31,27,29,72,14,142,46,10,56,198
08/20/2022,CHA,TN,ASO,ES,Combined TRACON& Tower with Radar,18,18,22,11,69,0,0,15,0,15,18,18,37,11,84,4,0,4,88
08/21/2022,CHA,TN,ASO,ES,Combined TRACON& Tower with Radar,21,23,51,3,98,0,0,11,1,12,21,23,62,4,110,28,0,28,138
08/22/2022,CHA,TN,ASO,ES,Combined TRACON& Tower with Radar,26,22,74,88,210,0,3,38,1,42,26,25,112,89,252,131,36,167,419
08/23/2022,CHA,TN,ASO,ES,Combined TRACON& Tower with Radar,19,37,70,52,178,0,1,79,13,93,19,38,149,65,271,106,78,184,455
08/24/2022,CHA,TN,ASO,ES,Combined TRACON& Tower with Radar,30,33,79,24,166,0,0,63,6,69,30,33,142,30,235,106,0,106,341
08/25/2022,CHA,TN,ASO,ES,Combined TRACON& Tower with Radar,26,24,82,31,163,0,1,29,2,32,26,25,111,33,195,102,2,104,299
08/26/2022,CHA,TN,ASO,ES,Combined TRACON& Tower with Radar,26,41,73,25,165,0,0,33,4,37,26,41,106,29,202,96,6,102,304
08/27/2022,CHA,TN,ASO,ES,Combined TRACON& Tower with Radar,19,25,26,6,76,0,2,73,1,76,19,27,99,7,152,0,0,0,152
08/28/2022,CHA,TN,ASO,ES,Combined TRACON& Tower with Radar,20,31,52,5,108,0,5,51,7,63,20,36,103,12,171,62,0,62,233
08/29/2022,CHA,TN,ASO,ES,Combined TRACON& Tower with Radar,24,30,75,26,155,0,4,78,4,86,24,34,153,30,241,124,0,124,365
08/30/2022,CHA,TN,ASO,ES,Combined TRACON& Tower with Radar,18,20,63,14,115,0,2,57,3,62,18,22,120,17,177,114,0,114,291
08/31/2022,CHA,TN,ASO,ES,Combined TRACON& Tower with Radar,23,28,95,11,157,0,16,100,5,121,23,44,195,16,278,96,12,108,386
09/01/2022,CHA,TN,ASO,ES,Combined TRACON& Tower with Radar,21,27,74,24,146,0,7,92,1,100,21,34,166,25,246,52,2,54,300
09/02/2022,CHA,TN,ASO,ES,Combined TRACON& Tower with Radar,25,29,60,3,117,0,0,40,1,41,25,29,100,4,158,242,0,242,400
09/03/2022,CHA,TN,ASO,ES,Combined TRACON& Tower with Radar,17,16,24,0,57,0,0,11,3,14,17,16,35,3,71,44,0,44,115
09/04/2022,CHA,TN,ASO,ES,Combined TRACON& Tower with Radar,16,17,22,0,55,0,0,2,0,2,16,17,24,0,57,0,0,0,57
09/05/2022,CHA,TN,ASO,ES,Combined TRACON& Tower with Radar,23,33,60,0,116,0,0,7,0,7,23,33,67,0,123,22,0,22,145
09/06/2022,CHA,TN,ASO,ES,Combined TRACON& Tower with Radar,21,33,39,24,117,0,1,20,0,21,21,34,59,24,138,34,0,34,172
09/07/2022,CHA,TN,ASO,ES,Combined TRACON& Tower with Radar,19,38,71,25,153,0,4,54,1,59,19,42,125,26,212,186,0,186,398
09/08/2022,CHA,TN,ASO,ES,Combined TRACON& Tower with Radar,22,41,78,30,171,0,9,84,4,97,22,50,162,34,268,70,26,96,364
09/09/2022,CHA,TN,ASO,ES,Combined TRACON& Tower with Radar,23,33,64,5,125,0,6,47,0,53,23,39,111,5,178,138,0,138,316
09/10/2022,CHA,TN,ASO,ES,Combined TRACON& Tower with Radar,16,43,32,0,91,0,0,5,0,5,16,43,37,0,96,0,0,0,96
09/11/2022,CHA,TN,ASO,ES,Combined TRACON& Tower with Radar,19,34,50,8,111,0,0,5,1,6,19,34,55,9,117,14,0,14,131
09/12/2022,CHA,TN,ASO,ES,Combined TRACON& Tower with Radar,26,34,75,37,172,0,9,59,4,72,26,43,134,41,244,78,26,104,348
09/13/2022,CHA,TN,ASO,ES,Combined TRACON& Tower with Radar,21,34,60,24,139,0,19,83,0,102,21,53,143,24,241,130,0,130,371
09/14/2022,CHA,TN,ASO,ES,Combined TRACON& Tower with Radar,23,36,67,13,139,0,19,64,6,89,23,55,131,19,228,100,8,108,336
09/15/2022,CHA,TN,ASO,ES,Combined TRACON& Tower with Radar,23,33,58,15,129,0,21,71,7,99,23,54,129,22,228,154,10,164,392
09/16/2022,CHA,TN,ASO,ES,Combined TRACON& Tower with Radar,25,44,73,61,203,0,18,92,16,126,25,62,165,77,329,128,4,132,461
09/17/2022,CHA,TN,ASO,ES,Combined TRACON& Tower with Radar,16,30,32,11,89,0,16,61,1,78,16,46,93,12,167,22,16,38,205
09/18/2022,CHA,TN,ASO,ES,Combined TRACON& Tower with Radar,23,27,63,16,129,0,12,75,3,90,23,39,138,19,219,24,0,24,243
09/19/2022,CHA,TN,ASO,ES,Combined TRACON& Tower with Radar,23,29,88,25,165,0,15,73,1,89,23,44,161,26,254,122,0,122,376
09/20/2022,CHA,TN,ASO,ES,Combined TRACON& Tower with Radar,23,35,77,53,188,0,11,67,10,88,23,46,144,63,276,134,6,140,416
09/21/2022,CHA,TN,ASO,ES,Combined TRACON& Tower with Radar,24,40,73,36,173,0,19,77,3,99,24,59,150,39,272,156,14,170,442
09/22/2022,CHA,TN,ASO,ES,Combined TRACON& Tower with Radar,24,44,72,10,150,0,17,45,7,69,24,61,117,17,219,70,0,70,289
09/23/2022,CHA,TN,ASO,ES,Combined TRACON& Tower with Radar,25,34,66,19,144,0,17,73,5,95,25,51,139,24,239,80,0,80,319
09/24/2022,CHA,TN,ASO,ES,Combined TRACON& Tower with Radar,14,35,45,8,102,0,10,71,0,81,14,45,116,8,183,20,0,20,203
09/25/2022,CHA,TN,ASO,ES,Combined TRACON& Tower with Radar,21,35,36,4,96,0,1,10,1,12,21,36,46,5,108,0,0,0,108
09/26/2022,CHA,TN,ASO,ES,Combined TRACON& Tower with Radar,26,39,89,14,168,0,1,64,4,69,26,40,153,18,237,24,12,36,273
09/27/2022,CHA,TN,ASO,ES,Combined TRACON& Tower with Radar,23,35,70,35,163,0,5,54,5,64,23,40,124,40,227,32,12,44,271
09/28/2022,CHA,TN,ASO,ES,Combined TRACON& Tower with Radar,23,29,61,31,144,0,3,54,6,63,23,32,115,37,207,30,28,58,265
09/29/2022,CHA,TN,ASO,ES,Combined TRACON& Tower with Radar,24,36,57,20,137,0,8,25,4,37,24,44,82,24,174,32,8,40,214
09/30/2022,CHA,TN,ASO,ES,Combined TRACON& Tower with Radar,23,43,57,14,137,0,4,45,1,50,23,47,102,15,187,48,6,54,241
10/01/2022,CHA,TN,ASO,ES,Combined TRACON& Tower with Radar,15,24,47,0,86,0,6,36,0,42,15,30,83,0,128,60,0,60,188
10/02/2022,CHA,TN,ASO,ES,Combined TRACON& Tower with Radar,21,16,54,7,98,0,16,26,1,43,21,32,80,8,141,6,0,6,147
10/03/2022,CHA,TN,ASO,ES,Combined TRACON& Tower with Radar,26,25,52,14,117,0,3,64,0,67,26,28,116,14,184,30,10,40,224
10/04/2022,CHA,TN,ASO,ES,Combined TRACON& Tower with Radar,22,36,58,16,132,0,2,82,6,90,22,38,140,22,222,46,10,56,278
10/05/2022,CHA,TN,ASO,ES,Combined TRACON& Tower with Radar,22,42,94,32,190,0,9,95,4,108,22,51,189,36,298,152,4,156,454
10/06/2022,CHA,TN,ASO,ES,Combined TRACON& Tower with Radar,27,32,73,9,141,0,4,110,4,118,27,36,183,13,259,95,0,95,354
10/07/2022,CHA,TN,ASO,ES,Combined TRACON& Tower with Radar,32,27,67,2,128,0,0,106,2,108,32,27,173,4,236,50,4,54,290
10/08/2022,CHA,TN,ASO,ES,Combined TRACON& Tower with Radar,19,22,42,2,85,0,1,82,0,83,19,23,124,2,168,6,0,6,174
10/09/2022,CHA,TN,ASO,ES,Combined TRACON& Tower with Radar,24,23,64,0,111,0,0,48,1,49,24,23,112,1,160,0,0,0,160
10/10/2022,CHA,TN,ASO,ES,Combined TRACON& Tower with Radar,27,26,80,0,133,0,2,61,0,63,27,28,141,0,196,106,0,106,302
10/11/2022,CHA,TN,ASO,ES,Combined TRACON& Tower with Radar,24,32,52,29,137,0,7,51,6,64,24,39,103,35,201,52,16,68,269
10/12/2022,CHA,TN,ASO,ES,Combined TRACON& Tower with Radar,22,25,92,6,145,0,0,3,0,3,22,25,95,6,148,0,0,0,148
10/13/2022,CHA,TN,ASO,ES,Combined TRACON& Tower with Radar,28,44,80,14,166,0,5,18,3,26,28,49,98,17,192,62,0,62,254
10/14/2022,CHA,TN,ASO,ES,Combined TRACON& Tower with Radar,27,30,67,25,149,0,4,82,11,97,27,34,149,36,246,96,4,100,346
10/15/2022,CHA,TN,ASO,ES,Combined TRACON& Tower with Radar,23,18,52,2,95,0,1,63,0,64,23,19,115,2,159,52,0,52,211
10/16/2022,CHA,TN,ASO,ES,Combined TRACON& Tower with Radar,28,24,47,0,99,0,2,47,0,49,28,26,94,0,148,0,0,0,148
10/17/2022,CHA,TN,ASO,ES,Combined TRACON& Tower with Radar,25,32,85,35,177,0,2,60,4,66,25,34,145,39,243,30,16,46,289
10/18/2022,CHA,TN,ASO,ES,Combined TRACON& Tower with Radar,22,33,55,48,158,0,4,34,2,40,22,37,89,50,198,62,8,70,268
10/19/2022,CHA,TN,ASO,ES,Combined TRACON& Tower with Radar,24,28,92,28,172,0,8,81,2,91,24,36,173,30,263,140,8,148,411
10/20/2022,CHA,TN,ASO,ES,Combined TRACON& Tower with Radar,29,35,82,5,151,0,5,74,0,79,29,40,156,5,230,94,0,94,324
10/21/2022,CHA,TN,ASO,ES,Combined TRACON& Tower with Radar,27,28,60,27,142,0,9,79,5,93,27,37,139,32,235,110,10,120,355
10/22/2022,CHA,TN,ASO,ES,Combined TRACON& Tower with Radar,20,20,48,28,116,0,2,57,3,62,20,22,105,31,178,30,24,54,232
10/23/2022,CHA,TN,ASO,ES,Combined TRACON& Tower with Radar,24,31,51,6,112,0,15,55,4,74,24,46,106,10,186,42,6,48,234
10/24/2022,CHA,TN,ASO,ES,Combined TRACON& Tower with Radar,26,23,84,28,161,0,7,70,10,87,26,30,154,38,248,104,12,116,364
10/25/2022,CHA,TN,ASO,ES,Combined TRACON& Tower with Radar,19,21,67,28,135,0,3,26,4,33,19,24,93,32,168,0,0,0,168
10/26/2022,CHA,TN,ASO,ES,Combined TRACON& Tower with Radar,25,38,84,9,156,0,0,31,1,32,25,38,115,10,188,96,8,104,292
10/27/2022,CHA,TN,ASO,ES,Combined TRACON& Tower with Radar,28,55,60,20,163,0,2,63,6,71,28,57,123,26,234,166,0,166,400
10/28/2022,CHA,TN,ASO,ES,Combined TRACON& Tower with Radar,26,34,84,28,172,0,7,93,3,103,26,41,177,31,275,46,30,76,351
10/29/2022,CHA,TN,ASO,ES,Combined TRACON& Tower with Radar,18,17,35,0,70,0,3,83,1,87,18,20,118,1,157,70,0,70,227
10/30/2022,CHA,TN,ASO,ES,Combined TRACON& Tower with Radar,24,28,45,0,97,0,0,1,0,1,24,28,46,0,98,0,0,0,98
10/31/2022,CHA,TN,ASO,ES,Combined TRACON& Tower with Radar,25,29,62,2,118,0,0,18,0,18,25,29,80,2,136,50,0,50,186
11/01/2022,CHA,TN,ASO,ES,Combined TRACON& Tower with Radar,22,40,85,12,159,0,2,52,2,56,22,42,137,14,215,102,16,118,333
11/02/2022,CHA,TN,ASO,ES,Combined TRACON& Tower with Radar,25,38,95,12,170,0,2,87,3,92,25,40,182,15,262,40,2,42,304
11/03/2022,CHA,TN,ASO,ES,Combined TRACON& Tower with Radar,25,44,77,10,156,0,5,84,2,91,25,49,161,12,247,70,0,70,317
11/04/2022,CHA,TN,ASO,ES,Combined TRACON& Tower with Radar,26,36,66,38,166,0,2,96,4,102,26,38,162,42,268,94,0,94,362
11/05/2022,CHA,TN,ASO,ES,Combined TRACON& Tower with Radar,17,17,41,8,83,0,0,14,0,14,17,17,55,8,97,0,0,0,97
11/06/2022,CHA,TN,ASO,ES,Combined TRACON& Tower with Radar,24,28,78,4,134,0,1,33,0,34,24,29,111,4,168,0,0,0,168
11/07/2022,CHA,TN,ASO,ES,Combined TRACON& Tower with Radar,24,47,71,2,144,0,2,28,0,30,24,49,99,2,174,114,0,114,288
11/08/2022,CHA,TN,ASO,ES,Combined TRACON& Tower with Radar,25,27,80,12,144,0,3,75,4,82,25,30,155,16,226,132,12,144,370
11/09/2022,CHA,TN,ASO,ES,Combined TRACON& Tower with Radar,25,32,75,13,145,0,2,84,8,94,25,34,159,21,239,114,20,134,373
11/10/2022,CHA,TN,ASO,ES,Combined TRACON& Tower with Radar,24,29,77,36,166,0,0,84,9,93,24,29,161,45,259,156,18,174,433
11/11/2022,CHA,TN,ASO,ES,Combined TRACON& Tower with Radar,26,44,50,0,120,0,0,0,0,0,26,44,50,0,120,0,0,0,120
11/12/2022,CHA,TN,ASO,ES,Combined TRACON& Tower with Radar,21,16,38,0,75,0,0,5,0,5,21,16,43,0,80,0,0,0,80
11/13/2022,CHA,TN,ASO,ES,Combined TRACON& Tower with Radar,25,27,43,0,95,0,0,32,0,32,25,27,75,0,127,82,0,82,209
11/14/2022,CHA,TN,ASO,ES,Combined TRACON& Tower with Radar,25,39,78,18,160,0,2,62,0,64,25,41,140,18,224,34,8,42,266
11/15/2022,CHA,TN,ASO,ES,Combined TRACON& Tower with Radar,25,35,52,0,112,0,0,0,0,0,25,35,52,0,112,0,0,0,112
11/16/2022,CHA,TN,ASO,ES,Combined TRACON& Tower with Radar,24,42,102,39,207,0,1,77,14,92,24,43,179,53,299,46,18,64,363
11/17/2022,CHA,TN,ASO,ES,Combined TRACON& Tower with Radar,25,47,110,12,194,0,5,55,2,62,25,52,165,14,256,96,0,96,352
11/18/2022,CHA,TN,ASO,ES,Combined TRACON& Tower with Radar,29,40,107,41,217,0,8,58,13,79,29,48,165,54,296,48,0,48,344
11/19/2022,CHA,TN,ASO,ES,Combined TRACON& Tower with Radar,18,22,78,1,119,0,0,48,1,49,18,22,126,2,168,32,0,32,200
11/20/2022,CHA,TN,ASO,ES,Combined TRACON& Tower with Radar,25,32,69,20,146,0,5,44,9,58,25,37,113,29,204,0,8,8,212
11/21/2022,CHA,TN,ASO,ES,Combined TRACON& Tower with Radar,28,41,110,25,204,0,4,51,2,57,28,45,161,27,261,110,6,116,377
11/22/2022,CHA,TN,ASO,ES,Combined TRACON& Tower with Radar,24,30,104,10,168,0,5,42,2,49,24,35,146,12,217,62,0,62,279
11/23/2022,CHA,TN,ASO,ES,Combined TRACON& Tower with Radar,27,24,101,7,159,0,0,68,0,68,27,24,169,7,227,86,6,92,319
11/24/2022,CHA,TN,ASO,ES,Combined TRACON& Tower with Radar,12,10,15,0,37,1,0,6,0,7,13,10,21,0,44,12,0,12,56
11/25/2022,CHA,TN,ASO,ES,Combined TRACON& Tower with Radar,15,23,32,6,76,0,0,1,0,1,15,23,33,6,77,0,0,0,77
11/26/2022,CHA,TN,ASO,ES,Combined TRACON& Tower with Radar,19,34,71,0,124,0,0,34,0,34,19,34,105,0,158,70,0,70,228
11/27/2022,CHA,TN,ASO,ES,Combined TRACON& Tower with Radar,31,36,55,8,130,0,1,2,2,5,31,37,57,10,135,0,0,0,135
11/28/2022,CHA,TN,ASO,ES,Combined TRACON& Tower with Radar,24,31,82,2,139,0,2,39,1,42,24,33,121,3,181,82,0,82,263
11/29/2022,CHA,TN,ASO,ES,Combined TRACON& Tower with Radar,22,32,59,2,115,0,2,28,0,30,22,34,87,2,145,26,0,26,171
11/30/2022,CHA,TN,ASO,ES,Combined TRACON& Tower with Radar,20,37,70,8,135,0,3,19,0,22,20,40,89,8,157,26,0,26,183
12/01/2022,CHA,TN,ASO,ES,Combined TRACON& Tower with Radar,24,31,104,23,182,0,4,51,4,59,24,35,155,27,241,82,14,96,337
12/02/2022,CHA,TN,ASO,ES,Combined TRACON& Tower with Radar,25,33,66,9,133,0,1,40,0,41,25,34,106,9,174,98,14,112,286
12/03/2022,CHA,TN,ASO,ES,Combined TRACON& Tower with Radar,14,28,28,12,82,0,0,3,0,3,14,28,31,12,85,0,0,0,85
12/04/2022,CHA,TN,ASO,ES,Combined TRACON& Tower with Radar,20,28,79,10,137,0,0,42,0,42,20,28,121,10,179,42,0,42,221
12/05/2022,CHA,TN,ASO,ES,Combined TRACON& Tower with Radar,23,31,61,4,119,0,0,0,0,0,23,31,61,4,119,0,0,0,119
12/06/2022,CHA,TN,ASO,ES,Combined TRACON& Tower with Radar,19,29,42,2,92,0,0,0,0,0,19,29,42,2,92,0,0,0,92
12/07/2022,CHA,TN,ASO,ES,Combined TRACON& Tower with Radar,19,30,40,0,89,0,0,0,0,0,19,30,40,0,89,20,0,20,109
12/08/2022,CHA,TN,ASO,ES,Combined TRACON& Tower with Radar,21,37,49,4,111,0,0,0,0,0,21,37,49,4,111,0,0,0,111
12/09/2022,CHA,TN,ASO,ES,Combined TRACON& Tower with Radar,21,35,76,0,132,0,0,0,0,0,21,35,76,0,132,0,0,0,132
12/10/2022,CHA,TN,ASO,ES,Combined TRACON& Tower with Radar,15,29,58,9,111,0,0,32,2,34,15,29,90,11,145,40,6,46,191
12/11/2022,CHA,TN,ASO,ES,Combined TRACON& Tower with Radar,18,26,26,3,73,0,0,0,0,0,18,26,26,3,73,0,0,0,73
12/12/2022,CHA,TN,ASO,ES,Combined TRACON& Tower with Radar,24,24,105,77,230,0,2,29,11,42,24,26,134,88,272,108,46,154,426
12/13/2022,CHA,TN,ASO,ES,Combined TRACON& Tower with Radar,19,28,78,41,166,0,1,19,1,21,19,29,97,42,187,114,10,124,311
12/14/2022,CHA,TN,ASO,ES,Combined TRACON& Tower with Radar,18,26,35,0,79,0,0,1,0,1,18,26,36,0,80,0,0,0,80
12/15/2022,CHA,TN,ASO,ES,Combined TRACON& Tower with Radar,21,32,90,34,177,0,1,36,0,37,21,33,126,34,214,128,14,142,356
12/16/2022,CHA,TN,ASO,ES,Combined TRACON& Tower with Radar,20,46,94,11,171,0,1,40,2,43,20,47,134,13,214,84,0,84,298
12/17/2022,CHA,TN,ASO,ES,Combined TRACON& Tower with Radar,17,34,80,1,132,0,0,31,1,32,17,34,111,2,164,22,0,22,186
12/18/2022,CHA,TN,ASO,ES,Combined TRACON& Tower with Radar,17,24,62,6,109,0,1,31,0,32,17,25,93,6,141,20,6,26,167
12/19/2022,CHA,TN,ASO,ES,Combined TRACON& Tower with Radar,16,21,90,31,158,0,1,45,3,49,16,22,135,34,207,82,22,104,311
12/20/2022,CHA,TN,ASO,ES,Combined TRACON& Tower with Radar,22,37,74,22,155,0,0,32,13,45,22,37,106,35,200,74,42,116,316
12/21/2022,CHA,TN,ASO,ES,Combined TRACON& Tower with Radar,22,37,91,24,174,0,0,39,2,41,22,37,130,26,215,104,22,126,341
12/22/2022,CHA,TN,ASO,ES,Combined TRACON& Tower with Radar,17,23,30,0,70,0,0,0,0,0,17,23,30,0,70,0,0,0,70
12/23/2022,CHA,TN,ASO,ES,Combined TRACON& Tower with Radar,19,21,20,0,60,0,3,3,0,6,19,24,23,0,66,16,0,16,82
12/24/2022,CHA,TN,ASO,ES,Combined TRACON& Tower with Radar,7,20,19,0,46,0,2,9,0,11,7,22,28,0,57,0,0,0,57
12/25/2022,CHA,TN,ASO,ES,Combined TRACON& Tower with Radar,9,21,15,0,45,0,0,3,0,3,9,21,18,0,48,0,0,0,48
12/26/2022,CHA,TN,ASO,ES,Combined TRACON& Tower with Radar,16,26,62,0,104,0,0,17,0,17,16,26,79,0,121,66,0,66,187
12/27/2022,CHA,TN,ASO,ES,Combined TRACON& Tower with Radar,23,35,63,0,121,0,0,29,0,29,23,35,92,0,150,38,0,38,188
12/28/2022,CHA,TN,ASO,ES,Combined TRACON& Tower with Radar,19,38,72,0,129,0,0,37,0,37,19,38,109,0,166,54,0,54,220
12/29/2022,CHA,TN,ASO,ES,Combined TRACON& Tower with Radar,18,43,102,5,168,0,1,65,1,67,18,44,167,6,235,136,0,136,371
12/30/2022,CHA,TN,ASO,ES,Combined TRACON& Tower with Radar,24,33,52,0,109,0,1,30,0,31,24,34,82,0,140,100,0,100,240
12/31/2022,CHA,TN,ASO,ES,Combined TRACON& Tower with Radar,9,22,24,0,55,0,0,7,0,7,9,22,31,0,62,0,0,0,62
01/01/2023,CHA,TN,ASO,ES,Combined TRACON& Tower with Radar,14,17,30,0,61,0,0,22,1,23,14,17,52,1,84,0,0,0,84
01/02/2023,CHA,TN,ASO,ES,Combined TRACON& Tower with Radar,19,31,86,0,136,0,2,6,0,8,19,33,92,0,144,106,0,106,250
01/03/2023,CHA,TN,ASO,ES,Combined TRACON& Tower with Radar,22,33,23,0,78,0,1,1,0,2,22,34,24,0,80,24,0,24,104
01/04/2023,CHA,TN,ASO,ES,Combined TRACON& Tower with Radar,18,31,54,5,108,0,4,17,3,24,18,35,71,8,132,22,0,22,154
01/05/2023,CHA,TN,ASO,ES,Combined TRACON& Tower with Radar,16,36,83,8,143,0,4,40,0,44,16,40,123,8,187,41,8,49,236
01/06/2023,CHA,TN,ASO,ES,Combined TRACON& Tower with Radar,20,37,116,37,210,0,9,66,2,77,20,46,182,39,287,66,16,82,369
01/07/2023,CHA,TN,ASO,ES,Combined TRACON& Tower with Radar,16,22,52,2,92,0,2,18,0,20,16,24,70,2,112,40,0,40,152
01/08/2023,CHA,TN,ASO,ES,Combined TRACON& Tower with Radar,19,34,19,0,72,0,0,0,0,0,19,34,19,0,72,0,0,0,72
01/09/2023,CHA,TN,ASO,ES,Combined TRACON& Tower with Radar,23,24,80,26,153,0,7,38,0,45,23,31,118,26,198,66,6,72,270
01/10/2023,CHA,TN,ASO,ES,Combined TRACON& Tower with Radar,23,26,71,10,130,0,9,34,4,47,23,35,105,14,177,38,0,38,215
01/11/2023,CHA,TN,ASO,ES,Combined TRACON& Tower with Radar,29,27,81,16,153,0,1,7,1,9,29,28,88,17,162,36,0,36,198
01/12/2023,CHA,TN,ASO,ES,Combined TRACON& Tower with Radar,26,27,28,0,81,0,2,0,0,2,26,29,28,0,83,0,0,0,83
01/13/2023,CHA,TN,ASO,ES,Combined TRACON& Tower with Radar,30,32,53,19,134,0,0,6,1,7,30,32,59,20,141,40,0,40,181
01/14/2023,CHA,TN,ASO,ES,Combined TRACON& Tower with Radar,17,24,56,2,99,0,0,30,0,30,17,24,86,2,129,20,0,20,149
01/15/2023,CHA,TN,ASO,ES,Combined TRACON& Tower with Radar,17,16,108,0,141,0,0,59,2,61,17,16,167,2,202,66,0,66,268
01/16/2023,CHA,TN,ASO,ES,Combined TRACON& Tower with Radar,25,24,74,1,124,0,0,45,3,48,25,24,119,4,172,10,0,10,182
01/17/2023,CHA,TN,ASO,ES,Combined TRACON& Tower with Radar,23,35,61,11,130,0,0,8,4,12,23,35,69,15,142,20,0,20,162
01/18/2023,CHA,TN,ASO,ES,Combined TRACON& Tower with Radar,22,36,52,0,110,0,0,0,0,0,22,36,52,0,110,0,0,0,110
01/19/2023,CHA,TN,ASO,ES,Combined TRACON& Tower with Radar,26,36,58,28,148,0,3,15,6,24,26,39,73,34,172,26,0,26,198
01/20/2023,CHA,TN,ASO,ES,Combined TRACON& Tower with Radar,30,43,108,28,209,0,5,55,7,67,30,48,163,35,276,82,12,94,370
01/21/2023,CHA,TN,ASO,ES,Combined TRACON& Tower with Radar,19,16,64,2,101,0,2,45,1,48,19,18,109,3,149,102,16,118,267
01/22/2023,CHA,TN,ASO,ES,Combined TRACON& Tower with Radar,23,26,18,4,71,0,0,0,0,0,23,26,18,4,71,0,0,0,71
01/23/2023,CHA,TN,ASO,ES,Combined TRACON& Tower with Radar,28,28,87,4,147,0,1,18,1,20,28,29,105,5,167,48,16,64,231
01/24/2023,CHA,TN,ASO,ES,Combined TRACON& Tower with Radar,24,33,94,30,181,0,6,39,12,57,24,39,133,42,238,80,48,128,366
01/25/2023,CHA,TN,ASO,ES,Combined TRACON& Tower with Radar,24,17,46,9,96,0,0,2,0,2,24,17,48,9,98,0,0,0,98
01/26/2023,CHA,TN,ASO,ES,Combined TRACON& Tower with Radar,24,28,70,8,130,0,4,12,0,16,24,32,82,8,146,28,0,28,174
01/27/2023,CHA,TN,ASO,ES,Combined TRACON& Tower with Radar,30,42,108,20,200,0,4,50,1,55,30,46,158,21,255,54,0,54,309
01/28/2023,CHA,TN,ASO,ES,Combined TRACON& Tower with Radar,18,22,79,22,141,0,2,75,9,86,18,24,154,31,227,52,0,52,279
01/29/2023,CHA,TN,ASO,ES,Combined TRACON& Tower with Radar,23,30,45,0,98,0,0,1,0,1,23,30,46,0,99,24,0,24,123
01/30/2023,CHA,TN,ASO,ES,Combined TRACON& Tower with Radar,24,27,56,0,107,0,0,2,0,2,24,27,58,0,109,0,0,0,109
01/31/2023,CHA,TN,ASO,ES,Combined TRACON& Tower with Radar,16,26,48,0,90,0,0,0,0,0,16,26,48,0,90,0,0,0,90
02/01/2023,CHA,TN,ASO,ES,Combined TRACON& Tower with Radar,20,28,71,26,145,0,0,3,0,3,20,28,74,26,148,129,47,176,324
02/02/2023,CHA,TN,ASO,ES,Combined TRACON& Tower with Radar,25,39,24,0,88,0,0,0,0,0,25,39,24,0,88,0,0,0,88
02/03/2023,CHA,TN,ASO,ES,Combined TRACON& Tower with Radar,30,29,103,7,169,0,3,60,3,66,30,32,163,10,235,82,8,90,325
02/04/2023,CHA,TN,ASO,ES,Combined TRACON& Tower with Radar,22,20,75,2,119,0,2,47,1,50,22,22,122,3,169,82,0,82,251
02/05/2023,CHA,TN,ASO,ES,Combined TRACON& Tower with Radar,24,24,83,0,131,0,2,40,2,44,24,26,123,2,175,8,0,8,183
02/06/2023,CHA,TN,ASO,ES,Combined TRACON& Tower with Radar,31,34,89,10,164,0,7,52,2,61,31,41,141,12,225,104,6,110,335
02/07/2023,CHA,TN,ASO,ES,Combined TRACON& Tower with Radar,23,39,87,54,203,0,0,39,3,42,23,39,126,57,245,88,42,130,375
02/08/2023,CHA,TN,ASO,ES,Combined TRACON& Tower with Radar,19,44,110,17,190,0,1,10,0,11,19,45,120,17,201,68,12,80,281
02/09/2023,CHA,TN,ASO,ES,Combined TRACON& Tower with Radar,26,33,73,12,144,0,4,6,3,13,26,37,79,15,157,26,12,38,195
02/10/2023,CHA,TN,ASO,ES,Combined TRACON& Tower with Radar,32,35,90,26,183,0,2,44,4,50,32,37,134,30,233,94,30,124,357
02/11/2023,CHA,TN,ASO,ES,Combined TRACON& Tower with Radar,17,19,32,0,68,0,0,30,0,30,17,19,62,0,98,58,0,58,156
02/12/2023,CHA,TN,ASO,ES,Combined TRACON& Tower with Radar,21,22,34,0,77,0,0,2,0,2,21,22,36,0,79,0,0,0,79
02/13/2023,CHA,TN,ASO,ES,Combined TRACON& Tower with Radar,26,32,104,17,179,0,6,45,10,61,26,38,149,27,240,88,18,106,346
02/14/2023,CHA,TN,ASO,ES,Combined TRACON& Tower with Radar,20,23,86,31,160,0,4,38,14,56,20,27,124,45,216,70,66,136,352
02/15/2023,CHA,TN,ASO,ES,Combined TRACON& Tower with Radar,21,54,68,0,143,0,0,0,2,2,21,54,68,2,145,0,0,0,145
02/16/2023,CHA,TN,ASO,ES,Combined TRACON& Tower with Radar,27,35,52,2,116,0,2,3,0,5,27,37,55,2,121,16,0,16,137
02/17/2023,CHA,TN,ASO,ES,Combined TRACON& Tower with Radar,33,22,50,0,105,0,0,5,0,5,33,22,55,0,110,52,0,52,162
02/18/2023,CHA,TN,ASO,ES,Combined TRACON& Tower with Radar,16,26,91,0,133,0,5,68,0,73,16,31,159,0,206,118,0,118,324
02/19/2023,CHA,TN,ASO,ES,Combined TRACON& Tower with Radar,23,25,84,0,132,0,5,52,0,57,23,30,136,0,189,78,0,78,267
02/20/2023,CHA,TN,ASO,ES,Combined TRACON& Tower with Radar,28,34,91,4,157,0,3,21,0,24,28,37,112,4,181,66,0,66,247
02/21/2023,CHA,TN,ASO,ES,Combined TRACON& Tower with Radar,22,48,123,19,212,0,4,37,1,42,22,52,160,20,254,146,4,150,404
02/22/2023,CHA,TN,ASO,ES,Combined TRACON& Tower with Radar,22,29,78,27,156,0,0,12,1,13,22,29,90,28,169,2,39,41,210
02/23/2023,CHA,TN,ASO,ES,Combined TRACON& Tower with Radar,32,34,78,19,163,0,2,16,3,21,32,36,94,22,184,120,18,138,322
02/24/2023,CHA,TN,ASO,ES,Combined TRACON& Tower with Radar,28,35,82,24,169,0,2,22,2,26,28,37,104,26,195,78,10,88,283
02/25/2023,CHA,TN,ASO,ES,Combined TRACON& Tower with Radar,20,26,33,4,83,0,0,0,0,0,20,26,33,4,83,0,0,0,83
02/26/2023,CHA,TN,ASO,ES,Combined TRACON& Tower with Radar,28,31,41,3,103,0,0,16,1,17,28,31,57,4,120,16,0,16,136
02/27/2023,CHA,TN,ASO,ES,Combined TRACON& Tower with Radar,30,29,49,4,112,0,1,1,0,2,30,30,50,4,114,0,0,0,114
02/28/2023,CHA,TN,ASO,ES,Combined TRACON& Tower with Radar,22,49,121,11,203,0,6,84,3,93,22,55,205,14,296,212,4,216,512
03/01/2023,CHA,TN,ASO,ES,Combined TRACON& Tower with Radar,21,29,74,27,151,0,3,26,7,36,21,32,100,34,187,74,38,112,299
03/02/2023,CHA,TN,ASO,ES,Combined TRACON& Tower with Radar,27,25,51,0,103,0,1,0,0,1,27,26,51,0,104,18,0,18,122
03/03/2023,CHA,TN,ASO,ES,Combined TRACON& Tower with Radar,30,26,31,6,93,0,0,2,0,2,30,26,33,6,95,0,0,0,95
03/04/2023,CHA,TN,ASO,ES,Combined TRACON& Tower with Radar,19,26,88,0,133,0,3,73,0,76,19,29,161,0,209,194,0,194,403
03/05/2023,CHA,TN,ASO,ES,Combined TRACON& Tower with Radar,27,29,91,9,156,0,6,43,6,55,27,35,134,15,211,84,0,84,295
03/06/2023,CHA,TN,ASO,ES,Combined TRACON& Tower with Radar,28,34,93,33,188,0,2,40,9,51,28,36,133,42,239,120,20,140,379
03/07/2023,CHA,TN,ASO,ES,Combined TRACON& Tower with Radar,23,30,80,45,178,0,5,39,13,57,23,35,119,58,235,62,56,118,353
03/08/2023,CHA,TN,ASO,ES,Combined TRACON& Tower with Radar,23,31,75,51,180,0,0,51,9,60,23,31,126,60,240,96,88,184,424
03/09/2023,CHA,TN,ASO,ES,Combined TRACON& Tower with Radar,33,26,72,6,137,0,4,28,0,32,33,30,100,6,169,86,0,86,255
03/10/2023,CHA,TN,ASO,ES,Combined TRACON& Tower with Radar,32,26,60,16,134,0,3,22,0,25,32,29,82,16,159,136,0,136,295
03/11/2023,CHA,TN,ASO,ES,Combined TRACON& Tower with Radar,22,20,84,0,126,0,4,63,0,67,22,24,147,0,193,78,0,78,271
03/12/2023,CHA,TN,ASO,ES,Combined TRACON& Tower with Radar,34,20,38,0,92,0,0,0,0,0,34,20,38,0,92,0,0,0,92
03/13/2023,CHA,TN,ASO,ES,Combined TRACON& Tower with Radar,34,22,68,36,160,0,3,30,6,39,34,25,98,42,199,92,32,124,323
03/14/2023,CHA,TN,ASO,ES,Combined TRACON& Tower with Radar,29,27,98,22,176,0,2,34,1,37,29,29,132,23,213,22,22,44,257
03/15/2023,CHA,TN,ASO,ES,Combined TRACON& Tower with Radar,29,34,108,24,195,0,7,51,5,63,29,41,159,29,258,153,10,163,421
03/16/2023,CHA,TN,ASO,ES,Combined TRACON& Tower with Radar,30,29,107,24,190,0,0,45,3,48,30,29,152,27,238,48,4,52,290
03/17/2023,CHA,TN,ASO,ES,Combined TRACON& Tower with Radar,33,26,39,0,98,0,0,0,0,0,33,26,39,0,98,20,0,20,118
03/18/2023,CHA,TN,ASO,ES,Combined TRACON& Tower with Radar,22,31,72,17,142,0,3,39,0,42,22,34,111,17,184,42,0,42,226
03/19/2023,CHA,TN,ASO,ES,Combined TRACON& Tower with Radar,32,31,74,2,139,0,2,33,3,38,32,33,107,5,177,44,0,44,221
03/20/2023,CHA,TN,ASO,ES,Combined TRACON& Tower with Radar,33,33,97,14,177,0,7,59,6,72,33,40,156,20,249,128,30,158,407
03/21/2023,CHA,TN,ASO,ES,Combined TRACON& Tower with Radar,34,29,97,16,176,0,8,46,5,59,34,37,143,21,235,114,0,114,349
03/22/2023,CHA,TN,ASO,ES,Combined TRACON& Tower with Radar,30,38,76,2,146,0,0,0,1,1,30,38,76,3,147,0,0,0,147
03/23/2023,CHA,TN,ASO,ES,Combined TRACON& Tower with Radar,34,47,83,24,188,0,3,44,10,57,34,50,127,34,245,188,26,214,459
03/24/2023,CHA,TN,ASO,ES,Combined TRACON& Tower with Radar,33,28,81,21,163,0,0,11,5,16,33,28,92,26,179,64,18,82,261
03/25/2023,CHA,TN,ASO,ES,Combined TRACON& Tower with Radar,28,23,50,5,106,0,5,29,1,35,28,28,79,6,141,50,0,50,191
03/26/2023,CHA,TN,ASO,ES,Combined TRACON& Tower with Radar,33,21,106,8,168,0,4,55,5,64,33,25,161,13,232,8,0,8,240
03/27/2023,CHA,TN,ASO,ES,Combined TRACON& Tower with Radar,34,31,88,18,171,0,3,33,2,38,34,34,121,20,209,48,16,64,273
03/28/2023,CHA,TN,ASO,ES,Combined TRACON& Tower with Radar,31,36,78,9,154,0,2,38,2,42,31,38,116,11,196,52,6,58,254
03/29/2023,CHA,TN,ASO,ES,Combined TRACON& Tower with Radar,32,27,114,17,190,0,3,47,3,53,32,30,161,20,243,56,18,74,317
03/30/2023,CHA,TN,ASO,ES,Combined TRACON& Tower with Radar,33,34,98,10,175,0,6,60,1,67,33,40,158,11,242,134,6,140,382
03/31/2023,CHA,TN,ASO,ES,Combined TRACON& Tower with Radar,33,19,70,2,124,0,0,12,6,18,33,19,82,8,142,32,0,32,174
04/01/2023,CHA,TN,ASO,ES,Combined TRACON& Tower with Radar,27,30,49,12,118,0,2,10,0,12,27,32,59,12,130,0,0,0,130
04/02/2023,CHA,TN,ASO,ES,Combined TRACON& Tower with Radar,31,30,86,2,149,0,6,40,4,50,31,36,126,6,199,60,0,60,259
04/03/2023,CHA,TN,ASO,ES,Combined TRACON& Tower with Radar,31,27,58,4,120,0,1,9,0,10,31,28,67,4,130,34,0,34,164
04/04/2023,CHA,TN,ASO,ES,Combined TRACON& Tower with Radar,21,38,68,12,139,0,2,10,0,12,21,40,78,12,151,28,0,28,179
04/05/2023,CHA,TN,ASO,ES,Combined TRACON& Tower with Radar,23,29,89,32,173,0,0,15,3,18,23,29,104,35,191,24,26,50,241
04/06/2023,CHA,TN,ASO,ES,Combined TRACON& Tower with Radar,25,37,73,6,141,0,1,18,0,19,25,38,91,6,160,41,0,41,201
04/07/2023,CHA,TN,ASO,ES,Combined TRACON& Tower with Radar,26,31,49,2,108,0,0,1,0,1,26,31,50,2,109,0,0,0,109
04/08/2023,CHA,TN,ASO,ES,Combined TRACON& Tower with Radar,16,37,32,5,90,0,0,0,0,0,16,37,32,5,90,0,0,0,90
04/09/2023,CHA,TN,ASO,ES,Combined TRACON& Tower with Radar,22,42,43,1,108,0,3,14,2,19,22,45,57,3,127,0,0,0,127
04/10/2023,CHA,TN,ASO,ES,Combined TRACON& Tower with Radar,24,42,98,16,180,0,3,58,5,66,24,45,156,21,246,78,16,94,340
04/11/2023,CHA,TN,ASO,ES,Combined TRACON& Tower with Radar,20,39,95,21,175,0,3,68,2,73,20,42,163,23,248,122,0,122,370
04/12/2023,CHA,TN,ASO,ES,Combined TRACON& Tower with Radar,23,38,106,15,182,0,4,62,6,72,23,42,168,21,254,106,8,114,368
04/13/2023,CHA,TN,ASO,ES,Combined TRACON& Tower with Radar,26,38,96,10,170,0,2,32,5,39,26,40,128,15,209,78,12,90,299
04/14/2023,CHA,TN,ASO,ES,Combined TRACON& Tower with Radar,27,34,65,6,132,0,0,9,12,21,27,34,74,18,153,20,0,20,173
04/15/2023,CHA,TN,ASO,ES,Combined TRACON& Tower with Radar,17,30,83,8,138,0,2,56,2,60,17,32,139,10,198,54,0,54,252
04/16/2023,CHA,TN,ASO,ES,Combined TRACON& Tower with Radar,24,32,50,12,118,0,2,10,1,13,24,34,60,13,131,0,0,0,131
04/17/2023,CHA,TN,ASO,ES,Combined TRACON& Tower with Radar,27,49,81,33,190,0,7,28,0,35,27,56,109,33,225,52,26,78,303
04/18/2023,CHA,TN,ASO,ES,Combined TRACON& Tower with Radar,21,48,101,29,199,0,2,54,2,58,21,50,155,31,257,70,20,90,347
04/19/2023,CHA,TN,ASO,ES,Combined TRACON& Tower with Radar,23,50,100,42,215,0,3,50,7,60,23,53,150,49,275,126,52,178,453
04/20/2023,CHA,TN,ASO,ES,Combined TRACON& Tower with Radar,24,54,95,14,187,0,4,46,8,58,24,58,141,22,245,38,26,64,309
04/21/2023,CHA,TN,ASO,ES,Combined TRACON& Tower with Radar,26,38,91,38,193,0,2,46,3,51,26,40,137,41,244,78,6,84,328
04/22/2023,CHA,TN,ASO,ES,Combined TRACON& Tower with Radar,18,28,49,2,97,0,2,32,0,34,18,30,81,2,131,36,0,36,167
04/23/2023,CHA,TN,ASO,ES,Combined TRACON& Tower with Radar,24,38,86,3,151,0,6,37,2,45,24,44,123,5,196,72,0,72,268
04/24/2023,CHA,TN,ASO,ES,Combined TRACON& Tower with Radar,25,27,110,4,166,0,2,47,0,49,25,29,157,4,215,82,0,82,297
04/25/2023,CHA,TN,ASO,ES,Combined TRACON& Tower with Radar,23,44,123,38,228,0,9,44,2,55,23,53,167,40,283,110,8,118,401
04/26/2023,CHA,TN,ASO,ES,Combined TRACON& Tower with Radar,22,35,77,8,142,0,3,0,0,3,22,38,77,8,145,8,0,8,153
04/27/2023,CHA,TN,ASO,ES,Combined TRACON& Tower with Radar,26,30,41,2,99,0,0,0,0,0,26,30,41,2,99,0,0,0,99
04/28/2023,CHA,TN,ASO,ES,Combined TRACON& Tower with Radar,25,43,75,36,179,0,2,17,4,23,25,45,92,40,202,38,0,38,240
04/29/2023,CHA,TN,ASO,ES,Combined TRACON& Tower with Radar,22,34,114,13,183,0,2,81,2,85,22,36,195,15,268,26,0,26,294
04/30/2023,CHA,TN,ASO,ES,Combined TRACON& Tower with Radar,23,22,51,0,96,0,1,7,3,11,23,23,58,3,107,36,0,36,143
05/01/2023,CHA,TN,ASO,ES,Combined TRACON& Tower with Radar,24,35,58,9,126,0,5,14,5,24,24,40,72,14,150,22,0,22,172
05/02/2023,CHA,TN,ASO,ES,Combined TRACON& Tower with Radar,20,38,70,7,135,0,3,19,1,23,20,41,89,8,158,56,0,56,214
05/03/2023,CHA,TN,ASO,ES,Combined TRACON& Tower with Radar,23,37,107,13,180,0,3,48,4,55,23,40,155,17,235,48,0,48,283
05/04/2023,CHA,TN,ASO,ES,Combined TRACON& Tower with Radar,26,54,136,12,228,0,4,79,1,84,26,58,215,13,312,54,10,64,376
05/05/2023,CHA,TN,ASO,ES,Combined TRACON& Tower with Radar,27,41,79,24,171,0,1,40,3,44,27,42,119,27,215,54,16,70,285
05/06/2023,CHA,TN,ASO,ES,Combined TRACON& Tower with Radar,21,29,71,0,121,0,6,41,1,48,21,35,112,1,169,40,0,40,209
05/07/2023,CHA,TN,ASO,ES,Combined TRACON& Tower with Radar,31,25,82,0,138,0,2,25,0,27,31,27,107,0,165,0,0,0,165
05/08/2023,CHA,TN,ASO,ES,Combined TRACON& Tower with Radar,27,36,56,0,119,0,1,12,0,13,27,37,68,0,132,78,0,78,210
05/09/2023,CHA,TN,ASO,ES,Combined TRACON& Tower with Radar,29,49,74,10,162,0,3,37,4,44,29,52,111,14,206,84,0,84,290
05/10/2023,CHA,TN,ASO,ES,Combined TRACON& Tower with Radar,27,59,111,16,213,0,3,56,7,66,27,62,167,23,279,88,14,102,381
05/11/2023,CHA,TN,ASO,ES,Combined TRACON& Tower with Radar,30,33,92,8,163,0,7,33,4,44,30,40,125,12,207,78,30,108,315
05/12/2023,CHA,TN,ASO,ES,Combined TRACON& Tower with Radar,31,32,66,0,129,0,2,5,0,7,31,34,71,0,136,42,0,42,178
05/13/2023,CHA,TN,ASO,ES,Combined TRACON& Tower with Radar,20,27,45,1,93,0,0,16,0,16,20,27,61,1,109,66,0,66,175
05/14/2023,CHA,TN,ASO,ES,Combined TRACON& Tower with Radar,28,28,65,2,123,0,1,21,1,23,28,29,86,3,146,18,0,18,164
05/15/2023,CHA,TN,ASO,ES,Combined TRACON& Tower with Radar,29,26,66,5,126,0,3,19,1,23,29,29,85,6,149,44,4,48,197
05/16/2023,CHA,TN,ASO,ES,Combined TRACON& Tower with Radar,27,31,86,7,151,0,1,14,1,16,27,32,100,8,167,114,0,114,281
05/17/2023,CHA,TN,ASO,ES,Combined TRACON& Tower with Radar,32,43,130,27,232,0,5,36,5,46,32,48,166,32,278,140,28,168,446
05/18/2023,CHA,TN,ASO,ES,Combined TRACON& Tower with Radar,33,38,105,2,178,0,1,36,0,37,33,39,141,2,215,90,0,90,305
05/19/2023,CHA,TN,ASO,ES,Combined TRACON& Tower with Radar,30,42,111,38,221,0,2,41,3,46,30,44,152,41,267,90,44,134,401
05/20/2023,CHA,TN,ASO,ES,Combined TRACON& Tower with Radar,22,27,34,11,94,0,0,0,1,1,22,27,34,12,95,22,0,22,117
05/21/2023,CHA,TN,ASO,ES,Combined TRACON& Tower with Radar,32,39,67,1,139,0,3,28,2,33,32,42,95,3,172,50,0,50,222
05/22/2023,CHA,TN,ASO,ES,Combined TRACON& Tower with Radar,31,33,109,30,203,0,5,51,6,62,31,38,160,36,265,30,12,42,307
05/23/2023,CHA,TN,ASO,ES,Combined TRACON& Tower with Radar,31,41,85,13,170,0,6,41,2,49,31,47,126,15,219,82,24,106,325
05/24/2023,CHA,TN,ASO,ES,Combined TRACON& Tower with Radar,27,36,124,29,216,0,8,62,1,71,27,44,186,30,287,32,44,76,363
05/25/2023,CHA,TN,ASO,ES,Combined TRACON& Tower with Radar,35,43,110,17,205,0,5,54,2,61,35,48,164,19,266,34,16,50,316
05/26/2023,CHA,TN,ASO,ES,Combined TRACON& Tower with Radar,31,41,96,6,174,0,4,44,1,49,31,45,140,7,223,44,0,44,267
05/27/2023,CHA,TN,ASO,ES,Combined TRACON& Tower with Radar,19,26,56,0,101,0,6,60,0,66,19,32,116,0,167,56,0,56,223
05/28/2023,CHA,TN,ASO,ES,Combined TRACON& Tower with Radar,22,24,53,4,103,0,1,30,0,31,22,25,83,4,134,0,0,0,134
05/29/2023,CHA,TN,ASO,ES,Combined TRACON& Tower with Radar,28,24,46,0,98,0,0,15,0,15,28,24,61,0,113,190,0,190,303
05/30/2023,CHA,TN,ASO,ES,Combined TRACON& Tower with Radar,27,37,87,13,164,1,7,39,1,48,28,44,126,14,212,116,12,128,340
05/31/2023,CHA,TN,ASO,ES,Combined TRACON& Tower with Radar,28,33,85,11,157,0,7,39,5,51,28,40,124,16,208,98,12,110,318
06/01/2023,CHA,TN,ASO,ES,Combined TRACON& Tower with Radar,37,22,117,16,192,0,5,50,5,60,37,27,167,21,252,174,10,184,436
06/02/2023,CHA,TN,ASO,ES,Combined TRACON& Tower with Radar,33,18,94,21,166,0,2,40,7,49,33,20,134,28,215,58,6,64,279
06/03/2023,CHA,TN,ASO,ES,Combined TRACON& Tower with Radar,28,19,60,20,127,0,7,63,1,71,28,26,123,21,198,108,24,132,330
06/04/2023,CHA,TN,ASO,ES,Combined TRACON& Tower with Radar,33,9,50,12,104,0,3,30,4,37,33,12,80,16,141,26,0,26,167
06/05/2023,CHA,TN,ASO,ES,Combined TRACON& Tower with Radar,36,23,77,9,145,0,5,27,2,34,36,28,104,11,179,34,0,34,213
06/06/2023,CHA,TN,ASO,ES,Combined TRACON& Tower with Radar,32,32,93,67,224,0,6,40,2,48,32,38,133,69,272,118,8,126,398
06/07/2023,CHA,TN,ASO,ES,Combined TRACON& Tower with Radar,30,21,87,20,158,0,11,45,5,61,30,32,132,25,219,126,10,136,355
06/08/2023,CHA,TN,ASO,ES,Combined TRACON& Tower with Radar,36,28,101,7,172,0,6,35,8,49,36,34,136,15,221,84,0,84,305
06/09/2023,CHA,TN,ASO,ES,Combined TRACON& Tower with Radar,35,30,81,48,194,0,7,37,5,49,35,37,118,53,243,158,16,174,417
06/10/2023,CHA,TN,ASO,ES,Combined TRACON& Tower with Radar,27,13,72,0,112,0,4,42,0,46,27,17,114,0,158,98,0,98,256
06/11/2023,CHA,TN,ASO,ES,Combined TRACON& Tower with Radar,34,15,44,12,105,0,0,5,4,9,34,15,49,16,114,2,0,2,116
06/12/2023,CHA,TN,ASO,ES,Combined TRACON& Tower with Radar,40,51,125,23,239,0,4,24,1,29,40,55,149,24,268,140,40,180,448
06/13/2023,CHA,TN,ASO,ES,Combined TRACON& Tower with Radar,30,25,115,25,195,0,5,55,6,66,30,30,170,31,261,71,104,175,436
06/14/2023,CHA,TN,ASO,ES,Combined TRACON& Tower with Radar,33,25,60,6,124,0,0,16,0,16,33,25,76,6,140,36,4,40,180
06/15/2023,CHA,TN,ASO,ES,Combined TRACON& Tower with Radar,35,28,89,2,154,0,1,6,2,9,35,29,95,4,163,24,0,24,187
06/16/2023,CHA,TN,ASO,ES,Combined TRACON& Tower with Radar,37,27,98,12,174,0,2,38,5,45,37,29,136,17,219,56,0,56,275
06/17/2023,CHA,TN,ASO,ES,Combined TRACON& Tower with Radar,26,25,67,0,118,0,1,42,0,43,26,26,109,0,161,58,0,58,219
06/18/2023,CHA,TN,ASO,ES,Combined TRACON& Tower with Radar,33,22,54,4,113,0,0,21,4,25,33,22,75,8,138,0,0,0,138
06/19/2023,CHA,TN,ASO,ES,Combined TRACON& Tower with Radar,36,17,89,0,142,0,0,7,0,7,36,17,96,0,149,30,0,30,179
06/20/2023,CHA,TN,ASO,ES,Combined TRACON& Tower with Radar,31,26,58,4,119,0,0,1,1,2,31,26,59,5,121,88,0,88,209
06/21/2023,CHA,TN,ASO,ES,Combined TRACON& Tower with Radar,32,28,61,6,127,0,0,2,0,2,32,28,63,6,129,62,0,62,191
06/22/2023,CHA,TN,ASO,ES,Combined TRACON& Tower with Radar,38,20,76,2,136,0,0,0,1,1,38,20,76,3,137,56,0,56,193
06/23/2023,CHA,TN,ASO,ES,Combined TRACON& Tower with Radar,37,20,104,11,172,0,2,33,2,37,37,22,137,13,209,62,10,72,281
06/24/2023,CHA,TN,ASO,ES,Combined TRACON& Tower with Radar,31,23,82,0,136,0,2,42,4,48,31,25,124,4,184,58,0,58,242
06/25/2023,CHA,TN,ASO,ES,Combined TRACON& Tower with Radar,36,19,56,10,121,0,1,23,10,34,36,20,79,20,155,26,0,26,181
06/26/2023,CHA,TN,ASO,ES,Combined TRACON& Tower with Radar,41,12,91,14,158,0,6,26,0,32,41,18,117,14,190,88,4,92,282
06/27/2023,CHA,TN,ASO,ES,Combined TRACON& Tower with Radar,32,31,107,41,211,0,2,46,8,56,32,33,153,49,267,88,14,102,369
06/28/2023,CHA,TN,ASO,ES,Combined TRACON& Tower with Radar,35,21,113,17,186,0,1,47,3,51,35,22,160,20,237,116,0,116,353
06/29/2023,CHA,TN,ASO,ES,Combined TRACON& Tower with Radar,42,29,93,12,176,0,0,26,1,27,42,29,119,13,203,76,0,76,279
06/30/2023,CHA,TN,ASO,ES,Combined TRACON& Tower with Radar,41,8,68,4,121,0,2,17,0,19,41,10,85,4,140,92,0,92,232
07/01/2023,CHA,TN,ASO,ES,Combined TRACON& Tower with Radar,33,17,54,0,104,0,0,22,0,22,33,17,76,0,126,0,0,0,126
07/02/2023,CHA,TN,ASO,ES,Combined TRACON& Tower with Radar,33,11,34,0,78,0,0,16,0,16,33,11,50,0,94,0,0,0,94
07/03/2023,CHA,TN,ASO,ES,Combined TRACON& Tower with Radar,28,9,31,0,68,0,0,21,0,21,28,9,52,0,89,66,0,66,155
07/04/2023,CHA,TN,ASO,ES,Combined TRACON& Tower with Radar,31,10,28,0,69,0,1,22,0,23,31,11,50,0,92,36,0,36,128
07/05/2023,CHA,TN,ASO,ES,Combined TRACON& Tower with Radar,33,16,53,0,102,0,0,11,0,11,33,16,64,0,113,54,0,54,167
07/06/2023,CHA,TN,ASO,ES,Combined TRACON& Tower with Radar,40,20,86,12,158,0,0,32,2,34,40,20,118,14,192,46,16,62,254
07/07/2023,CHA,TN,ASO,ES,Combined TRACON& Tower with Radar,34,13,66,12,125,0,10,82,0,92,34,23,148,12,217,90,0,90,307
07/08/2023,CHA,TN,ASO,ES,Combined TRACON& Tower with Radar,29,23,38,9,99,0,2,55,5,62,29,25,93,14,161,82,6,88,249
07/09/2023,CHA,TN,ASO,ES,Combined TRACON& Tower with Radar,32,15,38,0,85,0,0,21,0,21,32,15,59,0,106,50,0,50,156
07/10/2023,CHA,TN,ASO,ES,Combined TRACON& Tower with Radar,34,14,87,0,135,0,5,56,2,63,34,19,143,2,198,124,0,124,322
07/11/2023,CHA,TN,ASO,ES,Combined TRACON& Tower with Radar,32,30,78,16,156,0,9,92,9,110,32,39,170,25,266,118,6,124,390
07/12/2023,CHA,TN,ASO,ES,Combined TRACON& Tower with Radar,33,18,60,26,137,0,7,78,3,88,33,25,138,29,225,62,32,94,319
07/13/2023,CHA,TN,ASO,ES,Combined TRACON& Tower with Radar,35,17,55,0,107,0,4,57,0,61,35,21,112,0,168,58,0,58,226
07/14/2023,CHA,TN,ASO,ES,Combined TRACON& Tower with Radar,40,13,73,10,136,0,7,32,2,41,40,20,105,12,177,94,10,104,281
07/15/2023,CHA,TN,ASO,ES,Combined TRACON& Tower with Radar,29,17,29,0,75,0,2,13,0,15,29,19,42,0,90,78,0,78,168
07/16/2023,CHA,TN,ASO,ES,Combined TRACON& Tower with Radar,32,21,70,0,123,0,1,52,2,55,32,22,122,2,178,107,0,107,285
07/17/2023,CHA,TN,ASO,ES,Combined TRACON& Tower with Radar,35,23,101,8,167,0,3,81,2,86,35,26,182,10,253,158,0,158,411
07/18/2023,CHA,TN,ASO,ES,Combined TRACON& Tower with Radar,29,23,76,1,129,0,3,54,2,59,29,26,130,3,188,62,0,62,250
07/19/2023,CHA,TN,ASO,ES,Combined TRACON& Tower with Radar,34,19,47,11,111,0,0,17,0,17,34,19,64,11,128,40,0,40,168
07/20/2023,CHA,TN,ASO,ES,Combined TRACON& Tower with Radar,35,19,52,2,108,0,2,37,0,39,35,21,89,2,147,42,0,42,189
07/21/2023,CHA,TN,ASO,ES,Combined TRACON& Tower with Radar,35,23,54,11,123,0,2,19,1,22,35,25,73,12,145,24,0,24,169
07/22/2023,CHA,TN,ASO,ES,Combined TRACON& Tower with Radar,32,25,50,0,107,0,4,53,0,57,32,29,103,0,164,58,0,58,222
07/23/2023,CHA,TN,ASO,ES,Combined TRACON& Tower with Radar,29,12,50,10,101,0,2,65,2,69,29,14,115,12,170,12,0,12,182
07/24/2023,CHA,TN,ASO,ES,Combined TRACON& Tower with Radar,35,10,59,10,114,0,11,67,2,80,35,21,126,12,194,68,24,92,286
07/25/2023,CHA,TN,ASO,ES,Combined TRACON& Tower with Radar,33,21,64,18,136,0,1,51,1,53,33,22,115,19,189,24,12,36,225
07/26/2023,CHA,TN,ASO,ES,Combined TRACON& Tower with Radar,32,28,63,2,125,0,6,71,2,79,32,34,134,4,204,56,12,68,272
07/27/2023,CHA,TN,ASO,ES,Combined TRACON& Tower with Radar,36,20,97,6,159,0,10,73,1,84,36,30,170,7,243,52,14,66,309
07/28/2023,CHA,TN,ASO,ES,Combined TRACON& Tower with Radar,46,24,47,20,137,0,2,68,0,70,46,26,115,20,207,0,12,12,219
07/29/2023,CHA,TN,ASO,ES,Combined TRACON& Tower with Radar,29,17,42,0,88,0,3,66,0,69,29,20,108,0,157,76,0,76,233
07/30/2023,CHA,TN,ASO,ES,Combined TRACON& Tower with Radar,32,20,46,6,104,0,2,41,0,43,32,22,87,6,147,62,0,62,209
07/31/2023,CHA,TN,ASO,ES,Combined TRACON& Tower with Radar,35,16,72,0,123,0,14,78,0,92,35,30,150,0,215,50,0,50,265
08/01/2023,CHA,TN,ASO,ES,Combined TRACON& Tower with Radar,31,18,69,2,120,0,5,123,0,128,31,23,192,2,248,54,10,64,312
08/02/2023,CHA,TN,ASO,ES,Combined TRACON& Tower with Radar,34,17,62,0,113,0,1,50,0,51,34,18,112,0,164,106,0,106,270
08/03/2023,CHA,TN,ASO,ES,Combined TRACON& Tower with Radar,39,18,70,0,127,0,2,9,1,12,39,20,79,1,139,44,0,44,183
08/04/2023,CHA,TN,ASO,ES,Combined TRACON& Tower with Radar,37,18,52,4,111,0,1,11,0,12,37,19,63,4,123,88,0,88,211
08/05/2023,CHA,TN,ASO,ES,Combined TRACON& Tower with Radar,27,10,48,0,85,0,4,85,0,89,27,14,133,0,174,28,0,28,202
08/06/2023,CHA,TN,ASO,ES,Combined TRACON& Tower with Radar,44,14,39,4,101,0,2,17,0,19,44,16,56,4,120,14,0,14,134
08/07/2023,CHA,TN,ASO,ES,Combined TRACON& Tower with Radar,34,13,55,0,102,0,4,28,2,34,34,17,83,2,136,30,0,30,166
08/08/2023,CHA,TN,ASO,ES,Combined TRACON& Tower with Radar,34,22,71,0,127,0,15,62,2,79,34,37,133,2,206,72,0,72,278
08/09/2023,CHA,TN,ASO,ES,Combined TRACON& Tower with Radar,36,16,72,2,126,0,1,55,5,61,36,17,127,7,187,86,0,86,273
08/10/2023,CHA,TN,ASO,ES,Combined TRACON& Tower with Radar,40,15,71,6,132,0,3,29,5,37,40,18,100,11,169,40,0,40,209
08/11/2023,CHA,TN,ASO,ES,Combined TRACON& Tower with Radar,39,16,74,8,137,0,4,32,4,40,39,20,106,12,177,0,0,0,177
08/12/2023,CHA,TN,ASO,ES,Combined TRACON& Tower with Radar,33,13,28,0,74,0,2,22,0,24,33,15,50,0,98,46,0,46,144
08/13/2023,CHA,TN,ASO,ES,Combined TRACON& Tower with Radar,33,26,50,4,113,0,1,32,0,33,33,27,82,4,146,22,0,22,168
08/14/2023,CHA,TN,ASO,ES,Combined TRACON& Tower with Radar,38,12,77,2,129,0,5,75,1,81,38,17,152,3,210,57,0,57,267
08/15/2023,CHA,TN,ASO,ES,Combined TRACON& Tower with Radar,41,16,59,20,136,0,4,67,0,71,41,20,126,20,207,72,0,72,279
08/16/2023,CHA,TN,ASO,ES,Combined TRACON& Tower with Radar,35,10,76,0,121,0,4,93,2,99,35,14,169,2,220,96,0,96,316
08/17/2023,CHA,TN,ASO,ES,Combined TRACON& Tower with Radar,38,18,79,16,151,0,4,86,2,92,38,22,165,18,243,28,10,38,281
08/18/2023,CHA,TN,ASO,ES,Combined TRACON& Tower with Radar,37,15,49,9,110,0,5,59,5,69,37,20,108,14,179,28,8,36,215
08/19/2023,CHA,TN,ASO,ES,Combined TRACON& Tower with Radar,28,8,31,0,67,0,4,71,0,75,28,12,102,0,142,32,0,32,174
08/20/2023,CHA,TN,ASO,ES,Combined TRACON& Tower with Radar,34,11,43,2,90,0,2,60,0,62,34,13,103,2,152,0,0,0,152
08/21/2023,CHA,TN,ASO,ES,Combined TRACON& Tower with Radar,36,18,59,2,115,0,6,74,1,81,36,24,133,3,196,56,0,56,252
08/22/2023,CHA,TN,ASO,ES,Combined TRACON& Tower with Radar,37,24,65,3,129,0,4,49,0,53,37,28,114,3,182,92,0,92,274
08/23/2023,CHA,TN,ASO,ES,Combined TRACON& Tower with Radar,36,18,67,0,121,0,1,76,0,77,36,19,143,0,198,124,0,124,322
08/24/2023,CHA,TN,ASO,ES,Combined TRACON& Tower with Radar,40,22,64,14,140,0,5,54,3,62,40,27,118,17,202,38,0,38,240
08/25/2023,CHA,TN,ASO,ES,Combined TRACON& Tower with Radar,38,10,69,0,117,0,5,66,1,72,38,15,135,1,189,22,0,22,211
08/26/2023,CHA,TN,ASO,ES,Combined TRACON& Tower with Radar,30,10,31,0,71,0,1,51,0,52,30,11,82,0,123,18,0,18,141
08/27/2023,CHA,TN,ASO,ES,Combined TRACON& Tower with Radar,33,15,27,2,77,0,1,34,0,35,33,16,61,2,112,8,0,8,120
08/28/2023,CHA,TN,ASO,ES,Combined TRACON& Tower with Radar,38,10,51,0,99,0,2,7,0,9,38,12,58,0,108,18,0,18,126
08/29/2023,CHA,TN,ASO,ES,Combined TRACON& Tower with Radar,34,21,50,4,109,0,7,10,0,17,34,28,60,4,126,34,0,34,160
08/30/2023,CHA,TN,ASO,ES,Combined TRACON& Tower with Radar,36,23,80,0,139,0,6,28,0,34,36,29,108,0,173,26,0,26,199
08/31/2023,CHA,TN,ASO,ES,Combined TRACON& Tower with Radar,40,24,67,4,135,0,9,80,2,91,40,33,147,6,226,86,2,88,314
01/01/2020,CHA,TN,ASO,ES,Combined TRACON& Tower with Radar,17,20,33,0,70,0,1,37,0,38,17,21,70,0,108,28,0,28,136
01/02/2020,CHA,TN,ASO,ES,Combined TRACON& Tower with Radar,23,32,21,0,76,0,0,0,0,0,23,32,21,0,76,0,0,0,76
01/03/2020,CHA,TN,ASO,ES,Combined TRACON& Tower with Radar,28,29,28,0,85,0,0,0,0,0,28,29,28,0,85,0,0,0,85
01/04/2020,CHA,TN,ASO,ES,Combined TRACON& Tower with Radar,17,27,34,0,78,0,0,8,0,8,17,27,42,0,86,10,0,10,96
01/05/2020,CHA,TN,ASO,ES,Combined TRACON& Tower with Radar,24,30,41,2,97,0,2,45,0,47,24,32,86,2,144,30,0,30,174
01/06/2020,CHA,TN,ASO,ES,Combined TRACON& Tower with Radar,34,20,33,14,101,0,0,41,0,41,34,20,74,14,142,4,0,4,146
01/07/2020,CHA,TN,ASO,ES,Combined TRACON& Tower with Radar,28,29,39,5,101,0,0,20,1,21,28,29,59,6,122,18,0,18,140
01/08/2020,CHA,TN,ASO,ES,Combined TRACON& Tower with Radar,25,40,43,28,136,0,3,54,2,59,25,43,97,30,195,40,20,60,255
01/09/2020,CHA,TN,ASO,ES,Combined TRACON& Tower with Radar,33,33,39,22,127,0,0,32,6,38,33,33,71,28,165,24,0,24,189
01/10/2020,CHA,TN,ASO,ES,Combined TRACON& Tower with Radar,28,34,29,6,97,0,1,13,0,14,28,35,42,6,111,20,0,20,131
01/11/2020,CHA,TN,ASO,ES,Combined TRACON& Tower with Radar,18,17,7,0,42,0,0,0,0,0,18,17,7,0,42,0,0,0,42
01/12/2020,CHA,TN,ASO,ES,Combined TRACON& Tower with Radar,31,19,54,0,104,0,2,27,0,29,31,21,81,0,133,22,0,22,155
01/13/2020,CHA,TN,ASO,ES,Combined TRACON& Tower with Radar,33,27,42,39,141,0,0,14,0,14,33,27,56,39,155,40,4,44,199
01/14/2020,CHA,TN,ASO,ES,Combined TRACON& Tower with Radar,26,33,30,0,89,0,0,0,0,0,26,33,30,0,89,26,0,26,115
01/15/2020,CHA,TN,ASO,ES,Combined TRACON& Tower with Radar,30,31,48,20,129,0,0,2,0,2,30,31,50,20,131,22,0,22,153
01/16/2020,CHA,TN,ASO,ES,Combined TRACON& Tower with Radar,31,45,61,23,160,0,11,37,4,52,31,56,98,27,212,52,18,70,282
01/17/2020,CHA,TN,ASO,ES,Combined TRACON& Tower with Radar,31,49,50,15,145,0,0,19,1,20,31,49,69,16,165,26,0,26,191
01/18/2020,CHA,TN,ASO,ES,Combined TRACON& Tower with Radar,16,13,17,0,46,0,0,1,0,1,16,13,18,0,47,0,0,0,47
01/19/2020,CHA,TN,ASO,ES,Combined TRACON& Tower with Radar,24,19,27,29,99,0,0,30,2,32,24,19,57,31,131,2,16,18,149
01/20/2020,CHA,TN,ASO,ES,Combined TRACON& Tower with Radar,30,27,34,0,91,0,0,13,0,13,30,27,47,0,104,10,0,10,114
01/21/2020,CHA,TN,ASO,ES,Combined TRACON& Tower with Radar,25,44,50,16,135,0,7,36,11,54,25,51,86,27,189,18,0,18,207
01/22/2020,CHA,TN,ASO,ES,Combined TRACON& Tower with Radar,26,29,49,24,128,0,4,42,3,49,26,33,91,27,177,48,44,92,269
01/23/2020,CHA,TN,ASO,ES,Combined TRACON& Tower with Radar,32,30,53,17,132,0,0,9,0,9,32,30,62,17,141,22,2,24,165
01/24/2020,CHA,TN,ASO,ES,Combined TRACON& Tower with Radar,29,37,40,4,110,0,0,2,0,2,29,37,42,4,112,0,0,0,112
01/25/2020,CHA,TN,ASO,ES,Combined TRACON& Tower with Radar,22,19,30,6,77,0,0,20,0,20,22,19,50,6,97,20,4,24,121
01/26/2020,CHA,TN,ASO,ES,Combined TRACON& Tower with Radar,27,24,48,0,99,0,0,39,4,43,27,24,87,4,142,20,0,20,162
01/27/2020,CHA,TN,ASO,ES,Combined TRACON& Tower with Radar,35,27,46,23,131,0,1,8,1,10,35,28,54,24,141,16,32,48,189
01/28/2020,CHA,TN,ASO,ES,Combined TRACON& Tower with Radar,26,31,73,40,170,0,11,48,6,65,26,42,121,46,235,62,40,102,337
01/29/2020,CHA,TN,ASO,ES,Combined TRACON& Tower with Radar,31,34,35,26,126,0,3,24,0,27,31,37,59,26,153,76,18,94,247
01/30/2020,CHA,TN,ASO,ES,Combined TRACON& Tower with Radar,33,42,60,6,141,0,3,46,0,49,33,45,106,6,190,122,2,124,314
01/31/2020,CHA,TN,ASO,ES,Combined TRACON& Tower with Radar,30,57,49,12,148,0,3,15,0,18,30,60,64,12,166,42,0,42,208
02/01/2020,CHA,TN,ASO,ES,Combined TRACON& Tower with Radar,21,17,22,0,60,0,2,4,0,6,21,19,26,0,66,34,0,34,100
02/02/2020,CHA,TN,ASO,ES,Combined TRACON& Tower with Radar,25,21,37,0,83,0,7,39,0,46,25,28,76,0,129,20,0,20,149
02/03/2020,CHA,TN,ASO,ES,Combined TRACON& Tower with Radar,31,38,44,13,126,0,2,32,3,37,31,40,76,16,163,38,0,38,201
02/04/2020,CHA,TN,ASO,ES,Combined TRACON& Tower with Radar,23,41,42,2,108,0,0,0,0,0,23,41,42,2,108,0,0,0,108
02/05/2020,CHA,TN,ASO,ES,Combined TRACON& Tower with Radar,28,28,34,0,90,0,0,1,0,1,28,28,35,0,91,0,0,0,91
02/06/2020,CHA,TN,ASO,ES,Combined TRACON& Tower with Radar,26,30,43,11,110,0,0,1,0,1,26,30,44,11,111,0,0,0,111
02/07/2020,CHA,TN,ASO,ES,Combined TRACON& Tower with Radar,31,33,51,0,115,0,0,9,4,13,31,33,60,4,128,42,0,42,170
02/08/2020,CHA,TN,ASO,ES,Combined TRACON& Tower with Radar,22,17,14,2,55,0,0,6,0,6,22,17,20,2,61,0,0,0,61
02/09/2020,CHA,TN,ASO,ES,Combined TRACON& Tower with Radar,27,34,35,0,96,0,9,25,1,35,27,43,60,1,131,0,0,0,131
02/10/2020,CHA,TN,ASO,ES,Combined TRACON& Tower with Radar,34,28,27,0,89,0,0,0,0,0,34,28,27,0,89,0,0,0,89
02/11/2020,CHA,TN,ASO,ES,Combined TRACON& Tower with Radar,24,39,57,16,136,0,0,6,0,6,24,39,63,16,142,50,0,50,192
02/12/2020,CHA,TN,ASO,ES,Combined TRACON& Tower with Radar,27,36,62,0,125,0,0,1,0,1,27,36,63,0,126,20,0,20,146
02/13/2020,CHA,TN,ASO,ES,Combined TRACON& Tower with Radar,30,33,68,15,146,0,0,7,2,9,30,33,75,17,155,40,28,68,223
02/14/2020,CHA,TN,ASO,ES,Combined TRACON& Tower with Radar,29,33,77,22,161,0,2,49,0,51,29,35,126,22,212,24,0,24,236
02/15/2020,CHA,TN,ASO,ES,Combined TRACON& Tower with Radar,14,19,43,6,82,0,0,45,1,46,14,19,88,7,128,8,0,8,136
02/16/2020,CHA,TN,ASO,ES,Combined TRACON& Tower with Radar,25,23,43,3,94,0,4,28,4,36,25,27,71,7,130,16,2,18,148
02/17/2020,CHA,TN,ASO,ES,Combined TRACON& Tower with Radar,28,38,73,12,151,0,4,37,2,43,28,42,110,14,194,42,8,50,244
02/18/2020,CHA,TN,ASO,ES,Combined TRACON& Tower with Radar,23,37,53,0,113,0,0,0,0,0,23,37,53,0,113,0,0,0,113
02/19/2020,CHA,TN,ASO,ES,Combined TRACON& Tower with Radar,23,34,68,33,158,0,4,25,1,30,23,38,93,34,188,84,28,112,300
02/20/2020,CHA,TN,ASO,ES,Combined TRACON& Tower with Radar,25,31,42,7,105,1,0,1,0,2,26,31,43,7,107,0,0,0,107
02/21/2020,CHA,TN,ASO,ES,Combined TRACON& Tower with Radar,28,46,60,41,175,0,3,59,5,67,28,49,119,46,242,6,4,10,252
02/22/2020,CHA,TN,ASO,ES,Combined TRACON& Tower with Radar,18,25,53,3,99,0,1,62,5,68,18,26,115,8,167,58,2,60,227
02/23/2020,CHA,TN,ASO,ES,Combined TRACON& Tower with Radar,27,28,46,1,102,0,0,26,0,26,27,28,72,1,128,32,0,32,160
02/24/2020,CHA,TN,ASO,ES,Combined TRACON& Tower with Radar,25,33,38,0,96,0,0,2,0,2,25,33,40,0,98,0,0,0,98
02/25/2020,CHA,TN,ASO,ES,Combined TRACON& Tower with Radar,28,37,62,6,133,0,0,18,0,18,28,37,80,6,151,22,12,34,185
02/26/2020,CHA,TN,ASO,ES,Combined TRACON& Tower with Radar,26,32,44,2,104,0,0,10,0,10,26,32,54,2,114,0,0,0,114
02/27/2020,CHA,TN,ASO,ES,Combined TRACON& Tower with Radar,28,34,77,10,149,0,2,45,0,47,28,36,122,10,196,40,0,40,236
02/28/2020,CHA,TN,ASO,ES,Combined TRACON& Tower with Radar,28,40,42,0,110,0,1,7,1,9,28,41,49,1,119,0,0,0,119
02/29/2020,CHA,TN,ASO,ES,Combined TRACON& Tower with Radar,17,24,37,2,80,0,0,23,1,24,17,24,60,3,104,12,0,12,116
03/01/2020,CHA,TN,ASO,ES,Combined TRACON& Tower with Radar,27,38,28,8,101,0,6,28,0,34,27,44,56,8,135,6,0,6,141
03/02/2020,CHA,TN,ASO,ES,Combined TRACON& Tower with Radar,32,29,53,0,114,0,0,0,0,0,32,29,53,0,114,0,0,0,114
03/03/2020,CHA,TN,ASO,ES,Combined TRACON& Tower with Radar,24,30,43,4,101,1,0,11,0,12,25,30,54,4,113,34,0,34,147
03/04/2020,CHA,TN,ASO,ES,Combined TRACON& Tower with Radar,26,33,46,5,110,0,9,11,0,20,26,42,57,5,130,4,0,4,134
03/05/2020,CHA,TN,ASO,ES,Combined TRACON& Tower with Radar,31,39,58,6,134,0,0,9,0,9,31,39,67,6,143,16,0,16,159
03/06/2020,CHA,TN,ASO,ES,Combined TRACON& Tower with Radar,32,47,51,28,158,0,1,14,3,18,32,48,65,31,176,0,0,0,176
03/07/2020,CHA,TN,ASO,ES,Combined TRACON& Tower with Radar,22,32,43,4,101,0,0,50,1,51,22,32,93,5,152,0,6,6,158
03/08/2020,CHA,TN,ASO,ES,Combined TRACON& Tower with Radar,27,31,46,17,121,0,1,26,3,30,27,32,72,20,151,6,10,16,167
03/09/2020,CHA,TN,ASO,ES,Combined TRACON& Tower with Radar,28,39,53,12,132,0,6,20,5,31,28,45,73,17,163,14,54,68,231
03/10/2020,CHA,TN,ASO,ES,Combined TRACON& Tower with Radar,22,39,46,0,107,0,0,1,0,1,22,39,47,0,108,0,0,0,108
03/11/2020,CHA,TN,ASO,ES,Combined TRACON& Tower with Radar,27,33,68,24,152,0,1,17,0,18,27,34,85,24,170,2,22,24,194
03/12/2020,CHA,TN,ASO,ES,Combined TRACON& Tower with Radar,35,41,47,6,129,0,0,5,0,5,35,41,52,6,134,0,0,0,134
03/13/2020,CHA,TN,ASO,ES,Combined TRACON& Tower with Radar,27,41,68,0,136,0,0,17,0,17,27,41,85,0,153,6,0,6,159
03/14/2020,CHA,TN,ASO,ES,Combined TRACON& Tower with Radar,25,24,28,0,77,0,0,7,0,7,25,24,35,0,84,0,0,0,84
03/15/2020,CHA,TN,ASO,ES,Combined TRACON& Tower with Radar,30,31,51,0,112,0,0,0,0,0,30,31,51,0,112,0,0,0,112
03/16/2020,CHA,TN,ASO,ES,Combined TRACON& Tower with Radar,32,25,52,0,109,0,0,0,0,0,32,25,52,0,109,0,0,0,109
03/17/2020,CHA,TN,ASO,ES,Combined TRACON& Tower with Radar,26,30,33,2,91,0,2,1,0,3,26,32,34,2,94,2,0,2,96
03/18/2020,CHA,TN,ASO,ES,Combined TRACON& Tower with Radar,31,25,39,0,95,0,0,1,0,1,31,25,40,0,96,0,0,0,96
03/19/2020,CHA,TN,ASO,ES,Combined TRACON& Tower with Radar,32,33,38,19,122,0,2,20,0,22,32,35,58,19,144,0,0,0,144
03/20/2020,CHA,TN,ASO,ES,Combined TRACON& Tower with Radar,22,21,26,0,69,0,0,4,0,4,22,21,30,0,73,0,0,0,73
03/21/2020,CHA,TN,ASO,ES,Combined TRACON& Tower with Radar,21,20,49,0,90,0,0,5,0,5,21,20,54,0,95,0,0,0,95
03/22/2020,CHA,TN,ASO,ES,Combined TRACON& Tower with Radar,24,18,39,0,81,0,0,19,0,19,24,18,58,0,100,12,0,12,112
03/23/2020,CHA,TN,ASO,ES,Combined TRACON& Tower with Radar,20,17,13,0,50,0,0,0,0,0,20,17,13,0,50,0,0,0,50
03/24/2020,CHA,TN,ASO,ES,Combined TRACON& Tower with Radar,20,12,10,0,42,0,0,0,0,0,20,12,10,0,42,0,0,0,42
03/25/2020,CHA,TN,ASO,ES,Combined TRACON& Tower with Radar,20,26,48,7,101,0,1,25,3,29,20,27,73,10,130,34,4,38,168
03/26/2020,CHA,TN,ASO,ES,Combined TRACON& Tower with Radar,20,15,32,12,79,0,0,29,0,29,20,15,61,12,108,24,0,24,132
03/27/2020,CHA,TN,ASO,ES,Combined TRACON& Tower with Radar,15,18,36,1,70,0,3,26,1,30,15,21,62,2,100,30,16,46,146
03/28/2020,CHA,TN,ASO,ES,Combined TRACON& Tower with Radar,12,13,12,0,37,0,0,10,0,10,12,13,22,0,47,14,0,14,61
03/29/2020,CHA,TN,ASO,ES,Combined TRACON& Tower with Radar,18,12,18,0,48,0,0,19,0,19,18,12,37,0,67,16,0,16,83
03/30/2020,CHA,TN,ASO,ES,Combined TRACON& Tower with Radar,19,22,31,20,92,0,6,38,2,46,19,28,69,22,138,28,0,28,166
03/31/2020,CHA,TN,ASO,ES,Combined TRACON& Tower with Radar,11,19,6,2,38,0,0,1,0,1,11,19,7,2,39,8,0,8,47
04/01/2020,CHA,TN,ASO,ES,Combined TRACON& Tower with Radar,10,13,10,19,52,0,0,16,0,16,10,13,26,19,68,20,26,46,114
04/02/2020,CHA,TN,ASO,ES,Combined TRACON& Tower with Radar,13,12,27,4,56,0,0,30,2,32,13,12,57,6,88,8,4,12,100
04/03/2020,CHA,TN,ASO,ES,Combined TRACON& Tower with Radar,12,15,26,8,61,0,0,24,0,24,12,15,50,8,85,8,0,8,93
04/04/2020,CHA,TN,ASO,ES,Combined TRACON& Tower with Radar,13,19,17,3,52,0,0,37,2,39,13,19,54,5,91,0,12,12,103
04/05/2020,CHA,TN,ASO,ES,Combined TRACON& Tower with Radar,14,6,15,1,36,0,0,20,1,21,14,6,35,2,57,30,0,30,87
04/06/2020,CHA,TN,ASO,ES,Combined TRACON& Tower with Radar,13,12,16,6,47,0,1,7,3,11,13,13,23,9,58,20,0,20,78
04/07/2020,CHA,TN,ASO,ES,Combined TRACON& Tower with Radar,13,9,19,0,41,0,1,4,0,5,13,10,23,0,46,0,0,0,46
04/08/2020,CHA,TN,ASO,ES,Combined TRACON& Tower with Radar,13,8,14,20,55,0,0,14,0,14,13,8,28,20,69,18,6,24,93
04/09/2020,CHA,TN,ASO,ES,Combined TRACON& Tower with Radar,13,7,10,1,31,0,0,9,0,9,13,7,19,1,40,22,0,22,62
04/10/2020,CHA,TN,ASO,ES,Combined TRACON& Tower with Radar,16,8,28,8,60,0,0,20,0,20,16,8,48,8,80,26,6,32,112
04/11/2020,CHA,TN,ASO,ES,Combined TRACON& Tower with Radar,9,2,24,18,53,0,0,40,1,41,9,2,64,19,94,22,8,30,124
04/12/2020,CHA,TN,ASO,ES,Combined TRACON& Tower with Radar,14,2,4,1,21,0,0,1,0,1,14,2,5,1,22,0,0,0,22
04/13/2020,CHA,TN,ASO,ES,Combined TRACON& Tower with Radar,11,3,17,1,32,0,0,26,0,26,11,3,43,1,58,32,0,32,90
04/14/2020,CHA,TN,ASO,ES,Combined TRACON& Tower with Radar,13,12,16,14,55,0,0,44,4,48,13,12,60,18,103,36,0,36,139
04/15/2020,CHA,TN,ASO,ES,Combined TRACON& Tower with Radar,12,9,18,6,45,0,0,32,1,33,12,9,50,7,78,16,0,16,94
04/16/2020,CHA,TN,ASO,ES,Combined TRACON& Tower with Radar,12,4,31,45,92,0,0,44,0,44,12,4,75,45,136,18,20,38,174
04/17/2020,CHA,TN,ASO,ES,Combined TRACON& Tower with Radar,14,6,35,8,63,0,0,33,0,33,14,6,68,8,96,20,2,22,118
04/18/2020,CHA,TN,ASO,ES,Combined TRACON& Tower with Radar,10,8,29,20,67,0,0,41,0,41,10,8,70,20,108,32,6,38,146
04/19/2020,CHA,TN,ASO,ES,Combined TRACON& Tower with Radar,10,2,9,2,23,0,0,3,0,3,10,2,12,2,26,0,0,0,26
04/20/2020,CHA,TN,ASO,ES,Combined TRACON& Tower with Radar,10,1,31,4,46,0,0,22,5,27,10,1,53,9,73,28,0,28,101
04/21/2020,CHA,TN,ASO,ES,Combined TRACON& Tower with Radar,10,5,31,15,61,0,0,27,2,29,10,5,58,17,90,14,0,14,104
04/22/2020,CHA,TN,ASO,ES,Combined TRACON& Tower with Radar,10,2,44,1,57,0,0,30,0,30,10,2,74,1,87,34,0,34,121
04/23/2020,CHA,TN,ASO,ES,Combined TRACON& Tower with Radar,12,3,10,0,25,0,0,0,0,0,12,3,10,0,25,0,0,0,25
04/24/2020,CHA,TN,ASO,ES,Combined TRACON& Tower with Radar,12,6,24,0,42,0,0,15,1,16,12,6,39,1,58,18,0,18,76
04/25/2020,CHA,TN,ASO,ES,Combined TRACON& Tower with Radar,8,2,1,0,11,0,0,3,0,3,8,2,4,0,14,42,0,42,56
04/26/2020,CHA,TN,ASO,ES,Combined TRACON& Tower with Radar,8,4,9,0,21,0,0,1,0,1,8,4,10,0,22,0,0,0,22
04/27/2020,CHA,TN,ASO,ES,Combined TRACON& Tower with Radar,11,5,28,8,52,0,0,38,0,38,11,5,66,8,90,26,0,26,116
04/28/2020,CHA,TN,ASO,ES,Combined TRACON& Tower with Radar,11,4,34,47,96,0,0,22,7,29,11,4,56,54,125,75,8,83,208
04/29/2020,CHA,TN,ASO,ES,Combined TRACON& Tower with Radar,11,8,13,0,32,0,0,0,0,0,11,8,13,0,32,0,0,0,32
04/30/2020,CHA,TN,ASO,ES,Combined TRACON& Tower with Radar,11,8,53,20,92,0,0,15,2,17,11,8,68,22,109,20,0,20,129
05/01/2020,CHA,TN,ASO,ES,Combined TRACON& Tower with Radar,11,10,35,1,57,0,3,34,5,42,11,13,69,6,99,6,0,6,105
05/02/2020,CHA,TN,ASO,ES,Combined TRACON& Tower with Radar,7,11,26,33,77,0,1,54,9,64,7,12,80,42,141,40,20,60,201
05/03/2020,CHA,TN,ASO,ES,Combined TRACON& Tower with Radar,12,5,26,0,43,0,0,19,0,19,12,5,45,0,62,8,0,8,70
05/04/2020,CHA,TN,ASO,ES,Combined TRACON& Tower with Radar,10,6,38,0,54,0,1,20,0,21,10,7,58,0,75,26,0,26,101
05/05/2020,CHA,TN,ASO,ES,Combined TRACON& Tower with Radar,11,7,19,4,41,0,1,3,0,4,11,8,22,4,45,0,0,0,45
05/06/2020,CHA,TN,ASO,ES,Combined TRACON& Tower with Radar,11,4,31,11,57,0,1,6,0,7,11,5,37,11,64,0,0,0,64
05/07/2020,CHA,TN,ASO,ES,Combined TRACON& Tower with Radar,12,4,53,31,100,0,0,43,1,44,12,4,96,32,144,56,8,64,208
05/08/2020,CHA,TN,ASO,ES,Combined TRACON& Tower with Radar,14,4,30,0,48,0,0,2,0,2,14,4,32,0,50,18,0,18,68
05/09/2020,CHA,TN,ASO,ES,Combined TRACON& Tower with Radar,9,1,30,53,93,0,0,43,0,43,9,1,73,53,136,16,8,24,160
05/10/2020,CHA,TN,ASO,ES,Combined TRACON& Tower with Radar,10,0,34,1,45,0,0,40,1,41,10,0,74,2,86,18,0,18,104
05/11/2020,CHA,TN,ASO,ES,Combined TRACON& Tower with Radar,13,2,36,34,85,0,2,32,2,36,13,4,68,36,121,18,14,32,153
05/12/2020,CHA,TN,ASO,ES,Combined TRACON& Tower with Radar,12,6,36,29,83,0,0,29,0,29,12,6,65,29,112,22,0,22,134
05/13/2020,CHA,TN,ASO,ES,Combined TRACON& Tower with Radar,13,6,29,2,50,0,0,23,0,23,13,6,52,2,73,56,0,56,129
05/14/2020,CHA,TN,ASO,ES,Combined TRACON& Tower with Radar,12,34,60,30,136,0,1,35,0,36,12,35,95,30,172,22,38,60,232
05/15/2020,CHA,TN,ASO,ES,Combined TRACON& Tower with Radar,14,15,56,26,111,0,0,30,9,39,14,15,86,35,150,46,20,66,216
05/16/2020,CHA,TN,ASO,ES,Combined TRACON& Tower with Radar,13,14,25,50,102,0,1,43,2,46,13,15,68,52,148,42,30,72,220
05/17/2020,CHA,TN,ASO,ES,Combined TRACON& Tower with Radar,10,0,31,0,41,0,0,15,0,15,10,0,46,0,56,0,0,0,56
05/18/2020,CHA,TN,ASO,ES,Combined TRACON& Tower with Radar,13,9,30,4,56,0,0,6,0,6,13,9,36,4,62,0,0,0,62
05/19/2020,CHA,TN,ASO,ES,Combined TRACON& Tower with Radar,12,6,44,3,65,0,0,17,0,17,12,6,61,3,82,12,0,12,94
05/20/2020,CHA,TN,ASO,ES,Combined TRACON& Tower with Radar,12,12,28,10,62,0,0,5,0,5,12,12,33,10,67,0,0,0,67
05/21/2020,CHA,TN,ASO,ES,Combined TRACON& Tower with Radar,14,9,50,21,94,0,2,16,2,20,14,11,66,23,114,32,6,38,152
05/22/2020,CHA,TN,ASO,ES,Combined TRACON& Tower with Radar,14,5,24,0,43,0,2,10,0,12,14,7,34,0,55,14,0,14,69
05/23/2020,CHA,TN,ASO,ES,Combined TRACON& Tower with Radar,11,2,23,0,36,0,0,6,0,6,11,2,29,0,42,4,0,4,46
05/24/2020,CHA,TN,ASO,ES,Combined TRACON& Tower with Radar,12,4,23,0,39,0,0,35,0,35,12,4,58,0,74,14,0,14,88
05/25/2020,CHA,TN,ASO,ES,Combined TRACON& Tower with Radar,12,6,28,0,46,0,0,15,0,15,12,6,43,0,61,32,0,32,93
05/26/2020,CHA,TN,ASO,ES,Combined TRACON& Tower with Radar,11,6,43,2,62,0,0,20,4,24,11,6,63,6,86,12,0,12,98
05/27/2020,CHA,TN,ASO,ES,Combined TRACON& Tower with Radar,12,8,40,4,64,0,0,3,0,3,12,8,43,4,67,0,0,0,67
05/28/2020,CHA,TN,ASO,ES,Combined TRACON& Tower with Radar,14,6,45,2,67,0,3,5,0,8,14,9,50,2,75,12,0,12,87
05/29/2020,CHA,TN,ASO,ES,Combined TRACON& Tower with Radar,14,8,44,2,68,0,1,33,0,34,14,9,77,2,102,20,0,20,122
05/30/2020,CHA,TN,ASO,ES,Combined TRACON& Tower with Radar,11,6,35,0,52,0,0,32,2,34,11,6,67,2,86,4,0,4,90
05/31/2020,CHA,TN,ASO,ES,Combined TRACON& Tower with Radar,12,7,34,0,53,0,2,42,1,45,12,9,76,1,98,0,0,0,98
06/01/2020,CHA,TN,ASO,ES,Combined TRACON& Tower with Radar,14,14,34,14,76,0,2,45,7,54,14,16,79,21,130,86,4,90,220
06/02/2020,CHA,TN,ASO,ES,Combined TRACON& Tower with Radar,7,13,46,23,89,0,0,36,3,39,7,13,82,26,128,20,20,40,168
06/03/2020,CHA,TN,ASO,ES,Combined TRACON& Tower with Radar,6,26,58,20,110,0,5,23,2,30,6,31,81,22,140,62,18,80,220
06/04/2020,CHA,TN,ASO,ES,Combined TRACON& Tower with Radar,8,20,53,12,93,0,0,16,0,16,8,20,69,12,109,61,10,71,180
06/05/2020,CHA,TN,ASO,ES,Combined TRACON& Tower with Radar,8,15,35,7,65,0,1,16,0,17,8,16,51,7,82,30,10,40,122
06/06/2020,CHA,TN,ASO,ES,Combined TRACON& Tower with Radar,5,14,32,0,51,0,4,28,0,32,5,18,60,0,83,8,0,8,91
06/07/2020,CHA,TN,ASO,ES,Combined TRACON& Tower with Radar,5,25,36,0,66,0,0,29,0,29,5,25,65,0,95,4,0,4,99
06/08/2020,CHA,TN,ASO,ES,Combined TRACON& Tower with Radar,8,17,60,19,104,0,1,11,1,13,8,18,71,20,117,0,0,0,117
06/09/2020,CHA,TN,ASO,ES,Combined TRACON& Tower with Radar,6,15,39,12,72,0,0,2,0,2,6,15,41,12,74,36,10,46,120
06/10/2020,CHA,TN,ASO,ES,Combined TRACON& Tower with Radar,6,13,51,0,70,0,0,10,0,10,6,13,61,0,80,0,0,0,80
06/11/2020,CHA,TN,ASO,ES,Combined TRACON& Tower with Radar,7,30,72,5,114,0,10,50,1,61,7,40,122,6,175,50,4,54,229
06/12/2020,CHA,TN,ASO,ES,Combined TRACON& Tower with Radar,8,22,48,15,93,0,2,47,2,51,8,24,95,17,144,54,6,60,204
06/13/2020,CHA,TN,ASO,ES,Combined TRACON& Tower with Radar,4,21,44,21,90,0,8,62,3,73,4,29,106,24,163,46,2,48,211
06/14/2020,CHA,TN,ASO,ES,Combined TRACON& Tower with Radar,6,17,30,0,53,0,2,20,0,22,6,19,50,0,75,0,0,0,75
06/15/2020,CHA,TN,ASO,ES,Combined TRACON& Tower with Radar,8,21,54,22,105,0,1,44,4,49,8,22,98,26,154,32,10,42,196
06/16/2020,CHA,TN,ASO,ES,Combined TRACON& Tower with Radar,7,20,52,20,99,0,4,39,4,47,7,24,91,24,146,40,16,56,202
06/17/2020,CHA,TN,ASO,ES,Combined TRACON& Tower with Radar,6,26,57,19,108,0,3,29,3,35,6,29,86,22,143,64,0,64,207
06/18/2020,CHA,TN,ASO,ES,Combined TRACON& Tower with Radar,8,31,39,8,86,0,2,28,8,38,8,33,67,16,124,104,8,112,236
06/19/2020,CHA,TN,ASO,ES,Combined TRACON& Tower with Radar,8,28,38,6,80,0,4,33,3,40,8,32,71,9,120,30,0,30,150
06/20/2020,CHA,TN,ASO,ES,Combined TRACON& Tower with Radar,5,22,31,0,58,0,8,33,0,41,5,30,64,0,99,6,0,6,105
06/21/2020,CHA,TN,ASO,ES,Combined TRACON& Tower with Radar,6,18,22,0,46,0,0,9,0,9,6,18,31,0,55,22,0,22,77
06/22/2020,CHA,TN,ASO,ES,Combined TRACON& Tower with Radar,9,23,38,1,71,0,1,15,0,16,9,24,53,1,87,0,0,0,87
06/23/2020,CHA,TN,ASO,ES,Combined TRACON& Tower with Radar,6,23,37,2,68,0,0,8,0,8,6,23,45,2,76,0,0,0,76
06/24/2020,CHA,TN,ASO,ES,Combined TRACON& Tower with Radar,6,26,36,6,74,0,5,7,4,16,6,31,43,10,90,24,2,26,116
06/25/2020,CHA,TN,ASO,ES,Combined TRACON& Tower with Radar,8,43,58,17,126,0,1,29,1,31,8,44,87,18,157,70,24,94,251
06/26/2020,CHA,TN,ASO,ES,Combined TRACON& Tower with Radar,10,31,47,2,90,0,0,4,0,4,10,31,51,2,94,4,12,16,110
06/27/2020,CHA,TN,ASO,ES,Combined TRACON& Tower with Radar,4,21,50,0,75,0,2,22,0,24,4,23,72,0,99,0,0,0,99
06/28/2020,CHA,TN,ASO,ES,Combined TRACON& Tower with Radar,6,21,27,0,54,0,0,9,0,9,6,21,36,0,63,0,0,0,63
06/29/2020,CHA,TN,ASO,ES,Combined TRACON& Tower with Radar,7,22,42,7,78,0,0,33,0,33,7,22,75,7,111,0,0,0,111
06/30/2020,CHA,TN,ASO,ES,Combined TRACON& Tower with Radar,8,11,32,6,57,0,0,30,0,30,8,11,62,6,87,2,0,2,89
07/01/2020,CHA,TN,ASO,ES,Combined TRACON& Tower with Radar,6,25,46,5,82,0,0,15,3,18,6,25,61,8,100,14,4,18,118
07/02/2020,CHA,TN,ASO,ES,Combined TRACON& Tower with Radar,16,35,63,28,142,0,2,33,2,37,16,37,96,30,179,24,2,26,205
07/03/2020,CHA,TN,ASO,ES,Combined TRACON& Tower with Radar,9,32,49,0,90,0,9,42,3,54,9,41,91,3,144,64,0,64,208
07/04/2020,CHA,TN,ASO,ES,Combined TRACON& Tower with Radar,7,11,26,0,44,0,1,13,3,17,7,12,39,3,61,28,0,28,89
07/05/2020,CHA,TN,ASO,ES,Combined TRACON& Tower with Radar,7,16,29,0,52,0,0,13,0,13,7,16,42,0,65,24,0,24,89
07/06/2020,CHA,TN,ASO,ES,Combined TRACON& Tower with Radar,7,17,37,2,63,0,3,27,0,30,7,20,64,2,93,46,0,46,139
07/07/2020,CHA,TN,ASO,ES,Combined TRACON& Tower with Radar,10,28,52,34,124,0,0,22,0,22,10,28,74,34,146,56,10,66,212
07/08/2020,CHA,TN,ASO,ES,Combined TRACON& Tower with Radar,12,35,38,16,101,0,1,29,2,32,12,36,67,18,133,42,20,62,195
07/09/2020,CHA,TN,ASO,ES,Combined TRACON& Tower with Radar,20,20,69,27,136,0,0,31,1,32,20,20,100,28,168,68,12,80,248
07/10/2020,CHA,TN,ASO,ES,Combined TRACON& Tower with Radar,11,35,56,44,146,0,0,49,4,53,11,35,105,48,199,8,14,22,221
07/11/2020,CHA,TN,ASO,ES,Combined TRACON& Tower with Radar,10,26,31,0,67,0,5,52,0,57,10,31,83,0,124,4,0,4,128
07/12/2020,CHA,TN,ASO,ES,Combined TRACON& Tower with Radar,11,20,21,0,52,0,1,15,0,16,11,21,36,0,68,56,0,56,124
07/13/2020,CHA,TN,ASO,ES,Combined TRACON& Tower with Radar,13,26,44,44,127,0,0,37,3,40,13,26,81,47,167,70,50,120,287
07/14/2020,CHA,TN,ASO,ES,Combined TRACON& Tower with Radar,10,24,62,3,99,0,8,59,0,67,10,32,121,3,166,36,4,40,206
07/15/2020,CHA,TN,ASO,ES,Combined TRACON& Tower with Radar,14,32,60,33,139,0,3,47,0,50,14,35,107,33,189,106,72,178,367
07/16/2020,CHA,TN,ASO,ES,Combined TRACON& Tower with Radar,14,24,56,10,104,0,6,55,2,63,14,30,111,12,167,138,56,194,361
07/17/2020,CHA,TN,ASO,ES,Combined TRACON& Tower with Radar,14,16,57,10,97,0,0,44,2,46,14,16,101,12,143,94,0,94,237
07/18/2020,CHA,TN,ASO,ES,Combined TRACON& Tower with Radar,10,16,34,5,65,0,2,27,1,30,10,18,61,6,95,10,0,10,105
07/19/2020,CHA,TN,ASO,ES,Combined TRACON& Tower with Radar,11,16,29,4,60,0,0,15,0,15,11,16,44,4,75,0,14,14,89
07/20/2020,CHA,TN,ASO,ES,Combined TRACON& Tower with Radar,27,20,43,17,107,0,0,24,2,26,27,20,67,19,133,20,8,28,161
07/21/2020,CHA,TN,ASO,ES,Combined TRACON& Tower with Radar,14,31,44,9,98,0,3,13,2,18,14,34,57,11,116,0,0,0,116
07/22/2020,CHA,TN,ASO,ES,Combined TRACON& Tower with Radar,10,32,54,16,112,0,0,35,4,39,10,32,89,20,151,66,2,68,219
07/23/2020,CHA,TN,ASO,ES,Combined TRACON& Tower with Radar,14,35,53,21,123,0,2,49,1,52,14,37,102,22,175,50,18,68,243
07/24/2020,CHA,TN,ASO,ES,Combined TRACON& Tower with Radar,15,41,54,3,113,0,2,30,1,33,15,43,84,4,146,36,10,46,192
07/25/2020,CHA,TN,ASO,ES,Combined TRACON& Tower with Radar,10,29,32,0,71,0,2,26,0,28,10,31,58,0,99,30,0,30,129
07/26/2020,CHA,TN,ASO,ES,Combined TRACON& Tower with Radar,11,18,25,2,56,0,0,25,4,29,11,18,50,6,85,12,0,12,97
07/27/2020,CHA,TN,ASO,ES,Combined TRACON& Tower with Radar,14,23,30,40,107,0,1,21,3,25,14,24,51,43,132,24,12,36,168
07/28/2020,CHA,TN,ASO,ES,Combined TRACON& Tower with Radar,13,29,54,5,101,0,2,26,0,28,13,31,80,5,129,8,8,16,145
07/29/2020,CHA,TN,ASO,ES,Combined TRACON& Tower with Radar,11,28,58,4,101,0,1,20,0,21,11,29,78,4,122,28,10,38,160
07/30/2020,CHA,TN,ASO,ES,Combined TRACON& Tower with Radar,15,33,45,0,93,0,1,12,0,13,15,34,57,0,106,78,0,78,184
07/31/2020,CHA,TN,ASO,ES,Combined TRACON& Tower with Radar,16,24,63,0,103,0,0,9,1,10,16,24,72,1,113,4,0,4,117
08/01/2020,CHA,TN,ASO,ES,Combined TRACON& Tower with Radar,14,20,26,0,60,0,2,21,1,24,14,22,47,1,84,16,0,16,100
08/02/2020,CHA,TN,ASO,ES,Combined TRACON& Tower with Radar,14,33,41,0,88,0,2,26,0,28,14,35,67,0,116,35,0,35,151
08/03/2020,CHA,TN,ASO,ES,Combined TRACON& Tower with Radar,18,28,32,11,89,0,1,24,0,25,18,29,56,11,114,24,0,24,138
08/04/2020,CHA,TN,ASO,ES,Combined TRACON& Tower with Radar,12,23,58,12,105,0,0,33,0,33,12,23,91,12,138,46,0,46,184
08/05/2020,CHA,TN,ASO,ES,Combined TRACON& Tower with Radar,12,17,56,6,91,0,5,43,1,49,12,22,99,7,140,54,6,60,200
08/06/2020,CHA,TN,ASO,ES,Combined TRACON& Tower with Radar,16,28,42,5,91,0,3,15,2,20,16,31,57,7,111,22,2,24,135
08/07/2020,CHA,TN,ASO,ES,Combined TRACON& Tower with Radar,16,28,55,13,112,0,3,38,1,42,16,31,93,14,154,24,0,24,178
08/08/2020,CHA,TN,ASO,ES,Combined TRACON& Tower with Radar,15,22,46,0,83,0,0,52,2,54,15,22,98,2,137,18,0,18,155
08/09/2020,CHA,TN,ASO,ES,Combined TRACON& Tower with Radar,13,19,31,1,64,0,3,39,2,44,13,22,70,3,108,50,0,50,158
08/10/2020,CHA,TN,ASO,ES,Combined TRACON& Tower with Radar,15,22,41,6,84,0,0,20,0,20,15,22,61,6,104,22,4,26,130
08/11/2020,CHA,TN,ASO,ES,Combined TRACON& Tower with Radar,13,35,40,3,91,0,1,42,0,43,13,36,82,3,134,48,0,48,182
08/12/2020,CHA,TN,ASO,ES,Combined TRACON& Tower with Radar,13,21,65,13,112,0,3,34,0,37,13,24,99,13,149,50,4,54,203
08/13/2020,CHA,TN,ASO,ES,Combined TRACON& Tower with Radar,16,29,66,16,127,0,0,26,3,29,16,29,92,19,156,60,10,70,226
08/14/2020,CHA,TN,ASO,ES,Combined TRACON& Tower with Radar,16,27,36,12,91,0,0,6,2,8,16,27,42,14,99,46,0,46,145
08/15/2020,CHA,TN,ASO,ES,Combined TRACON& Tower with Radar,12,33,39,3,87,0,0,14,2,16,12,33,53,5,103,0,0,0,103
08/16/2020,CHA,TN,ASO,ES,Combined TRACON& Tower with Radar,14,28,45,6,93,0,1,43,1,45,14,29,88,7,138,38,0,38,176
08/17/2020,CHA,TN,ASO,ES,Combined TRACON& Tower with Radar,15,23,32,44,114,0,1,68,3,72,15,24,100,47,186,50,14,64,250
08/18/2020,CHA,TN,ASO,ES,Combined TRACON& Tower with Radar,17,22,38,39,116,0,3,58,1,62,17,25,96,40,178,58,0,58,236
08/19/2020,CHA,TN,ASO,ES,Combined TRACON& Tower with Radar,12,22,59,1,94,0,0,50,6,56,12,22,109,7,150,46,12,58,208
08/20/2020,CHA,TN,ASO,ES,Combined TRACON& Tower with Radar,17,24,47,5,93,0,0,44,3,47,17,24,91,8,140,54,4,58,198
08/21/2020,CHA,TN,ASO,ES,Combined TRACON& Tower with Radar,16,29,41,0,86,0,0,9,0,9,16,29,50,0,95,8,0,8,103
08/22/2020,CHA,TN,ASO,ES,Combined TRACON& Tower with Radar,12,26,33,0,71,0,0,15,1,16,12,26,48,1,87,46,0,46,133
08/23/2020,CHA,TN,ASO,ES,Combined TRACON& Tower with Radar,14,25,58,25,122,0,0,16,16,32,14,25,74,41,154,80,0,80,234
08/24/2020,CHA,TN,ASO,ES,Combined TRACON& Tower with Radar,15,23,59,36,133,0,2,29,1,32,15,25,88,37,165,52,26,78,243
08/25/2020,CHA,TN,ASO,ES,Combined TRACON& Tower with Radar,12,22,43,14,91,0,0,16,2,18,12,22,59,16,109,88,0,88,197
08/26/2020,CHA,TN,ASO,ES,Combined TRACON& Tower with Radar,12,29,59,12,112,0,0,31,6,37,12,29,90,18,149,10,0,10,159
08/27/2020,CHA,TN,ASO,ES,Combined TRACON& Tower with Radar,18,35,47,43,143,0,0,47,1,48,18,35,94,44,191,118,6,124,315
08/28/2020,CHA,TN,ASO,ES,Combined TRACON& Tower with Radar,17,25,46,0,88,0,0,9,0,9,17,25,55,0,97,0,0,0,97
08/29/2020,CHA,TN,ASO,ES,Combined TRACON& Tower with Radar,12,21,27,0,60,0,2,6,0,8,12,23,33,0,68,40,0,40,108
08/30/2020,CHA,TN,ASO,ES,Combined TRACON& Tower with Radar,15,21,39,0,75,0,0,9,0,9,15,21,48,0,84,12,0,12,96
08/31/2020,CHA,TN,ASO,ES,Combined TRACON& Tower with Radar,15,22,58,25,120,0,3,17,0,20,15,25,75,25,140,38,0,38,178
09/01/2020,CHA,TN,ASO,ES,Combined TRACON& Tower with Radar,11,39,54,16,120,0,1,35,0,36,11,40,89,16,156,59,0,59,215
09/02/2020,CHA,TN,ASO,ES,Combined TRACON& Tower with Radar,12,31,75,49,167,0,11,39,3,53,12,42,114,52,220,54,10,64,284
09/03/2020,CHA,TN,ASO,ES,Combined TRACON& Tower with Radar,16,37,61,45,159,0,0,42,3,45,16,37,103,48,204,18,28,46,250
09/04/2020,CHA,TN,ASO,ES,Combined TRACON& Tower with Radar,16,29,43,3,91,0,2,58,3,63,16,31,101,6,154,42,4,46,200
09/05/2020,CHA,TN,ASO,ES,Combined TRACON& Tower with Radar,13,22,30,0,65,0,4,54,4,62,13,26,84,4,127,24,0,24,151
09/06/2020,CHA,TN,ASO,ES,Combined TRACON& Tower with Radar,11,19,24,0,54,0,4,52,0,56,11,23,76,0,110,0,0,0,110
09/07/2020,CHA,TN,ASO,ES,Combined TRACON& Tower with Radar,14,22,41,0,77,0,9,40,0,49,14,31,81,0,126,54,0,54,180
09/08/2020,CHA,TN,ASO,ES,Combined TRACON& Tower with Radar,12,23,44,74,153,0,9,48,5,62,12,32,92,79,215,70,6,76,291
09/09/2020,CHA,TN,ASO,ES,Combined TRACON& Tower with Radar,16,25,35,47,123,0,8,38,2,48,16,33,73,49,171,80,22,102,273
09/10/2020,CHA,TN,ASO,ES,Combined TRACON& Tower with Radar,18,30,81,48,177,0,8,52,6,66,18,38,133,54,243,89,30,119,362
09/11/2020,CHA,TN,ASO,ES,Combined TRACON& Tower with Radar,18,28,51,29,126,0,7,37,12,56,18,35,88,41,182,86,50,136,318
09/12/2020,CHA,TN,ASO,ES,Combined TRACON& Tower with Radar,15,18,20,0,53,0,3,23,1,27,15,21,43,1,80,26,0,26,106
09/13/2020,CHA,TN,ASO,ES,Combined TRACON& Tower with Radar,20,25,36,0,81,0,2,7,0,9,20,27,43,0,90,20,0,20,110
09/14/2020,CHA,TN,ASO,ES,Combined TRACON& Tower with Radar,17,35,56,75,183,0,3,25,2,30,17,38,81,77,213,84,40,124,337
09/15/2020,CHA,TN,ASO,ES,Combined TRACON& Tower with Radar,16,28,63,91,198,0,5,37,0,42,16,33,100,91,240,42,16,58,298
09/16/2020,CHA,TN,ASO,ES,Combined TRACON& Tower with Radar,19,23,48,5,95,0,4,23,0,27,19,27,71,5,122,30,0,30,152
09/17/2020,CHA,TN,ASO,ES,Combined TRACON& Tower with Radar,20,30,43,8,101,0,4,8,0,12,20,34,51,8,113,20,0,20,133
09/18/2020,CHA,TN,ASO,ES,Combined TRACON& Tower with Radar,22,24,34,20,100,0,1,16,1,18,22,25,50,21,118,40,4,44,162
09/19/2020,CHA,TN,ASO,ES,Combined TRACON& Tower with Radar,16,14,21,18,69,0,7,29,0,36,16,21,50,18,105,58,0,58,163
09/20/2020,CHA,TN,ASO,ES,Combined TRACON& Tower with Radar,16,27,56,10,109,0,6,40,0,46,16,33,96,10,155,50,4,54,209
09/21/2020,CHA,TN,ASO,ES,Combined TRACON& Tower with Radar,19,23,35,60,137,0,3,33,7,43,19,26,68,67,180,83,38,121,301
09/22/2020,CHA,TN,ASO,ES,Combined TRACON& Tower with Radar,18,34,62,49,163,0,7,31,2,40,18,41,93,51,203,60,40,100,303
09/23/2020,CHA,TN,ASO,ES,Combined TRACON& Tower with Radar,20,33,64,55,172,0,11,21,2,34,20,44,85,57,206,22,12,34,240
09/24/2020,CHA,TN,ASO,ES,Combined TRACON& Tower with Radar,19,30,51,2,102,0,0,0,0,0,19,30,51,2,102,0,0,0,102
09/25/2020,CHA,TN,ASO,ES,Combined TRACON& Tower with Radar,21,40,69,2,132,0,0,7,0,7,21,40,76,2,139,14,0,14,153
09/26/2020,CHA,TN,ASO,ES,Combined TRACON& Tower with Radar,21,21,48,0,90,0,7,19,0,26,21,28,67,0,116,106,0,106,222
09/27/2020,CHA,TN,ASO,ES,Combined TRACON& Tower with Radar,18,23,45,30,116,0,4,33,3,40,18,27,78,33,156,22,16,38,194
09/28/2020,CHA,TN,ASO,ES,Combined TRACON& Tower with Radar,19,23,54,39,135,0,0,10,1,11,19,23,64,40,146,48,12,60,206
09/29/2020,CHA,TN,ASO,ES,Combined TRACON& Tower with Radar,18,22,41,24,105,0,5,9,0,14,18,27,50,24,119,12,8,20,139
09/30/2020,CHA,TN,ASO,ES,Combined TRACON& Tower with Radar,16,24,52,59,151,0,8,39,3,50,16,32,91,62,201,98,78,176,377
10/01/2020,CHA,TN,ASO,ES,Combined TRACON& Tower with Radar,23,32,50,24,129,0,2,50,7,59,23,34,100,31,188,22,6,28,216
10/02/2020,CHA,TN,ASO,ES,Combined TRACON& Tower with Radar,27,30,30,15,102,0,7,46,6,59,27,37,76,21,161,8,26,34,195
10/03/2020,CHA,TN,ASO,ES,Combined TRACON& Tower with Radar,25,25,30,1,81,0,14,60,1,75,25,39,90,2,156,52,0,52,208
10/04/2020,CHA,TN,ASO,ES,Combined TRACON& Tower with Radar,24,18,41,9,92,0,9,46,1,56,24,27,87,10,148,38,0,38,186
10/05/2020,CHA,TN,ASO,ES,Combined TRACON& Tower with Radar,25,27,51,64,167,0,6,32,2,40,25,33,83,66,207,18,52,70,277
10/06/2020,CHA,TN,ASO,ES,Combined TRACON& Tower with Radar,24,26,31,28,109,0,2,34,0,36,24,28,65,28,145,28,14,42,187
10/07/2020,CHA,TN,ASO,ES,Combined TRACON& Tower with Radar,24,28,58,36,146,0,6,45,0,51,24,34,103,36,197,30,10,40,237
10/08/2020,CHA,TN,ASO,ES,Combined TRACON& Tower with Radar,26,34,49,19,128,0,6,60,1,67,26,40,109,20,195,44,0,44,239
10/09/2020,CHA,TN,ASO,ES,Combined TRACON& Tower with Radar,27,25,54,6,112,0,0,11,0,11,27,25,65,6,123,44,0,44,167
10/10/2020,CHA,TN,ASO,ES,Combined TRACON& Tower with Radar,23,37,10,0,70,0,0,0,0,0,23,37,10,0,70,0,0,0,70
10/11/2020,CHA,TN,ASO,ES,Combined TRACON& Tower with Radar,24,16,29,0,69,0,0,0,0,0,24,16,29,0,69,0,0,0,69
10/12/2020,CHA,TN,ASO,ES,Combined TRACON& Tower with Radar,26,34,56,0,116,0,0,27,0,27,26,34,83,0,143,80,0,80,223
10/13/2020,CHA,TN,ASO,ES,Combined TRACON& Tower with Radar,27,31,43,10,111,0,11,62,2,75,27,42,105,12,186,40,32,72,258
10/14/2020,CHA,TN,ASO,ES,Combined TRACON& Tower with Radar,24,29,69,18,140,0,1,68,4,73,24,30,137,22,213,116,28,144,357
10/15/2020,CHA,TN,ASO,ES,Combined TRACON& Tower with Radar,27,26,58,37,148,0,2,47,3,52,27,28,105,40,200,30,12,42,242
10/16/2020,CHA,TN,ASO,ES,Combined TRACON& Tower with Radar,27,33,46,26,132,0,3,35,3,41,27,36,81,29,173,38,16,54,227
10/17/2020,CHA,TN,ASO,ES,Combined TRACON& Tower with Radar,26,18,27,6,77,0,11,58,0,69,26,29,85,6,146,4,26,30,176
10/18/2020,CHA,TN,ASO,ES,Combined TRACON& Tower with Radar,27,20,37,31,115,0,8,41,12,61,27,28,78,43,176,48,16,64,240
10/19/2020,CHA,TN,ASO,ES,Combined TRACON& Tower with Radar,26,24,45,16,111,0,2,25,0,27,26,26,70,16,138,40,10,50,188
10/20/2020,CHA,TN,ASO,ES,Combined TRACON& Tower with Radar,25,25,59,47,156,0,5,52,7,64,25,30,111,54,220,46,71,117,337
10/21/2020,CHA,TN,ASO,ES,Combined TRACON& Tower with Radar,29,28,71,26,154,0,2,37,2,41,29,30,108,28,195,110,42,152,347
10/22/2020,CHA,TN,ASO,ES,Combined TRACON& Tower with Radar,29,31,69,25,154,0,0,29,2,31,29,31,98,27,185,42,8,50,235
10/23/2020,CHA,TN,ASO,ES,Combined TRACON& Tower with Radar,28,32,49,78,187,0,1,28,4,33,28,33,77,82,220,22,12,34,254
10/24/2020,CHA,TN,ASO,ES,Combined TRACON& Tower with Radar,25,26,32,14,97,0,0,2,0,2,25,26,34,14,99,0,0,0,99
10/25/2020,CHA,TN,ASO,ES,Combined TRACON& Tower with Radar,26,30,59,11,126,0,1,9,0,10,26,31,68,11,136,38,0,38,174
10/26/2020,CHA,TN,ASO,ES,Combined TRACON& Tower with Radar,25,31,52,6,114,0,0,3,0,3,25,31,55,6,117,12,0,12,129
10/27/2020,CHA,TN,ASO,ES,Combined TRACON& Tower with Radar,22,30,68,38,158,0,1,5,0,6,22,31,73,38,164,24,0,24,188
10/28/2020,CHA,TN,ASO,ES,Combined TRACON& Tower with Radar,27,20,38,2,87,0,0,0,0,0,27,20,38,2,87,0,0,0,87
10/29/2020,CHA,TN,ASO,ES,Combined TRACON& Tower with Radar,27,31,43,11,112,0,0,6,1,7,27,31,49,12,119,0,0,0,119
10/30/2020,CHA,TN,ASO,ES,Combined TRACON& Tower with Radar,27,33,53,15,128,0,2,26,0,28,27,35,79,15,156,22,8,30,186
10/31/2020,CHA,TN,ASO,ES,Combined TRACON& Tower with Radar,16,20,29,6,71,0,4,45,0,49,16,24,74,6,120,20,0,20,140
11/01/2020,CHA,TN,ASO,ES,Combined TRACON& Tower with Radar,19,22,31,7,79,0,4,14,2,20,19,26,45,9,99,32,4,36,135
11/02/2020,CHA,TN,ASO,ES,Combined TRACON& Tower with Radar,23,23,36,19,101,0,6,30,3,39,23,29,66,22,140,74,0,74,214
11/03/2020,CHA,TN,ASO,ES,Combined TRACON& Tower with Radar,20,27,37,20,104,0,2,52,2,56,20,29,89,22,160,82,18,100,260
11/04/2020,CHA,TN,ASO,ES,Combined TRACON& Tower with Radar,18,25,37,16,96,0,5,45,3,53,18,30,82,19,149,52,26,78,227
11/05/2020,CHA,TN,ASO,ES,Combined TRACON& Tower with Radar,20,42,64,53,179,0,8,47,4,59,20,50,111,57,238,56,12,68,306
11/06/2020,CHA,TN,ASO,ES,Combined TRACON& Tower with Radar,20,63,54,55,192,0,12,47,13,72,20,75,101,68,264,14,26,40,304
11/07/2020,CHA,TN,ASO,ES,Combined TRACON& Tower with Radar,17,22,51,15,105,0,2,27,0,29,17,24,78,15,134,2,8,10,144
11/08/2020,CHA,TN,ASO,ES,Combined TRACON& Tower with Radar,17,39,48,10,114,0,6,28,1,35,17,45,76,11,149,24,0,24,173
11/09/2020,CHA,TN,ASO,ES,Combined TRACON& Tower with Radar,17,47,56,65,185,0,6,43,3,52,17,53,99,68,237,30,20,50,287
11/10/2020,CHA,TN,ASO,ES,Combined TRACON& Tower with Radar,15,46,51,32,144,0,0,19,4,23,15,46,70,36,167,80,8,88,255
11/11/2020,CHA,TN,ASO,ES,Combined TRACON& Tower with Radar,16,36,39,0,91,0,0,0,0,0,16,36,39,0,91,0,0,0,91
11/12/2020,CHA,TN,ASO,ES,Combined TRACON& Tower with Radar,18,67,80,30,195,0,4,13,5,22,18,71,93,35,217,58,0,58,275
11/13/2020,CHA,TN,ASO,ES,Combined TRACON& Tower with Radar,19,41,43,15,118,0,2,37,5,44,19,43,80,20,162,88,10,98,260
11/14/2020,CHA,TN,ASO,ES,Combined TRACON& Tower with Radar,15,24,24,2,65,0,6,39,2,47,15,30,63,4,112,52,14,66,178
11/15/2020,CHA,TN,ASO,ES,Combined TRACON& Tower with Radar,16,29,28,5,78,0,4,16,1,21,16,33,44,6,99,10,0,10,109
11/16/2020,CHA,TN,ASO,ES,Combined TRACON& Tower with Radar,18,42,43,32,135,0,4,44,3,51,18,46,87,35,186,50,0,50,236
11/17/2020,CHA,TN,ASO,ES,Combined TRACON& Tower with Radar,16,45,44,38,143,0,4,26,5,35,16,49,70,43,178,62,8,70,248
11/18/2020,CHA,TN,ASO,ES,Combined TRACON& Tower with Radar,16,38,50,31,135,0,2,39,9,50,16,40,89,40,185,90,28,118,303
11/19/2020,CHA,TN,ASO,ES,Combined TRACON& Tower with Radar,19,74,53,20,166,0,7,38,10,55,19,81,91,30,221,76,12,88,309
11/20/2020,CHA,TN,ASO,ES,Combined TRACON& Tower with Radar,22,47,67,29,165,0,1,55,5,61,22,48,122,34,226,58,10,68,294
11/21/2020,CHA,TN,ASO,ES,Combined TRACON& Tower with Radar,20,32,27,9,88,0,2,45,1,48,20,34,72,10,136,12,0,12,148
11/22/2020,CHA,TN,ASO,ES,Combined TRACON& Tower with Radar,22,37,40,14,113,0,0,26,0,26,22,37,66,14,139,12,0,12,151
11/23/2020,CHA,TN,ASO,ES,Combined TRACON& Tower with Radar,23,57,34,47,161,0,3,29,1,33,23,60,63,48,194,40,26,66,260
11/24/2020,CHA,TN,ASO,ES,Combined TRACON& Tower with Radar,25,37,47,38,147,0,3,31,4,38,25,40,78,42,185,10,64,74,259
11/25/2020,CHA,TN,ASO,ES,Combined TRACON& Tower with Radar,24,29,23,0,76,0,0,1,0,1,24,29,24,0,77,0,0,0,77
11/26/2020,CHA,TN,ASO,ES,Combined TRACON& Tower with Radar,16,7,2,0,25,0,2,8,0,10,16,9,10,0,35,10,0,10,45
11/27/2020,CHA,TN,ASO,ES,Combined TRACON& Tower with Radar,15,23,32,2,72,0,4,45,2,51,15,27,77,4,123,12,0,12,135
11/28/2020,CHA,TN,ASO,ES,Combined TRACON& Tower with Radar,18,37,25,0,80,0,1,35,2,38,18,38,60,2,118,32,0,32,150
11/29/2020,CHA,TN,ASO,ES,Combined TRACON& Tower with Radar,22,32,38,0,92,0,0,6,0,6,22,32,44,0,98,32,0,32,130
11/30/2020,CHA,TN,ASO,ES,Combined TRACON& Tower with Radar,20,24,23,0,67,0,0,1,0,1,20,24,24,0,68,20,0,20,88
12/01/2020,CHA,TN,ASO,ES,Combined TRACON& Tower with Radar,17,41,48,38,144,0,2,29,6,37,17,43,77,44,181,40,30,70,251
12/02/2020,CHA,TN,ASO,ES,Combined TRACON& Tower with Radar,13,35,58,23,129,0,4,26,0,30,13,39,84,23,159,70,0,70,229
12/03/2020,CHA,TN,ASO,ES,Combined TRACON& Tower with Radar,16,35,52,44,147,0,2,36,7,45,16,37,88,51,192,46,32,78,270
12/04/2020,CHA,TN,ASO,ES,Combined TRACON& Tower with Radar,16,31,28,0,75,0,0,0,0,0,16,31,28,0,75,0,0,0,75
12/05/2020,CHA,TN,ASO,ES,Combined TRACON& Tower with Radar,12,25,51,0,88,0,2,37,1,40,12,27,88,1,128,72,0,72,200
12/06/2020,CHA,TN,ASO,ES,Combined TRACON& Tower with Radar,14,35,39,4,92,0,2,15,6,23,14,37,54,10,115,36,0,36,151
12/07/2020,CHA,TN,ASO,ES,Combined TRACON& Tower with Radar,14,28,53,15,110,0,0,3,0,3,14,28,56,15,113,16,0,16,129
12/08/2020,CHA,TN,ASO,ES,Combined TRACON& Tower with Radar,12,33,52,43,140,0,3,26,4,33,12,36,78,47,173,12,54,66,239
12/09/2020,CHA,TN,ASO,ES,Combined TRACON& Tower with Radar,13,36,75,2,126,0,0,48,2,50,13,36,123,4,176,24,4,28,204
12/10/2020,CHA,TN,ASO,ES,Combined TRACON& Tower with Radar,16,38,71,19,144,0,6,49,5,60,16,44,120,24,204,134,36,170,374
12/11/2020,CHA,TN,ASO,ES,Combined TRACON& Tower with Radar,16,25,36,33,110,0,0,51,1,52,16,25,87,34,162,28,4,32,194
12/12/2020,CHA,TN,ASO,ES,Combined TRACON& Tower with Radar,12,17,26,0,55,0,0,0,0,0,12,17,26,0,55,0,0,0,55
12/13/2020,CHA,TN,ASO,ES,Combined TRACON& Tower with Radar,14,33,45,18,110,0,0,29,0,29,14,33,74,18,139,30,4,34,173
12/14/2020,CHA,TN,ASO,ES,Combined TRACON& Tower with Radar,14,38,32,18,102,0,0,1,1,2,14,38,33,19,104,0,10,10,114
12/15/2020,CHA,TN,ASO,ES,Combined TRACON& Tower with Radar,12,34,40,80,166,0,2,32,7,41,12,36,72,87,207,74,58,132,339
12/16/2020,CHA,TN,ASO,ES,Combined TRACON& Tower with Radar,13,24,41,4,82,0,0,0,0,0,13,24,41,4,82,0,0,0,82
12/17/2020,CHA,TN,ASO,ES,Combined TRACON& Tower with Radar,19,35,38,19,111,0,2,18,1,21,19,37,56,20,132,58,14,72,204
12/18/2020,CHA,TN,ASO,ES,Combined TRACON& Tower with Radar,23,31,46,29,129,0,0,51,5,56,23,31,97,34,185,46,34,80,265
12/19/2020,CHA,TN,ASO,ES,Combined TRACON& Tower with Radar,21,24,32,0,77,0,1,21,0,22,21,25,53,0,99,0,0,0,99
12/20/2020,CHA,TN,ASO,ES,Combined TRACON& Tower with Radar,24,20,31,16,91,0,0,0,0,0,24,20,31,16,91,0,0,0,91
12/21/2020,CHA,TN,ASO,ES,Combined TRACON& Tower with Radar,20,30,56,33,139,0,2,19,1,22,20,32,75,34,161,4,6,10,171
12/22/2020,CHA,TN,ASO,ES,Combined TRACON& Tower with Radar,23,27,49,13,112,0,1,52,3,56,23,28,101,16,168,34,14,48,216
12/23/2020,CHA,TN,ASO,ES,Combined TRACON& Tower with Radar,24,19,41,6,90,0,2,22,0,24,24,21,63,6,114,8,0,8,122
12/24/2020,CHA,TN,ASO,ES,Combined TRACON& Tower with Radar,20,12,5,0,37,0,0,0,0,0,20,12,5,0,37,0,0,0,37
12/25/2020,CHA,TN,ASO,ES,Combined TRACON& Tower with Radar,14,12,9,0,35,0,0,4,0,4,14,12,13,0,39,0,0,0,39
12/26/2020,CHA,TN,ASO,ES,Combined TRACON& Tower with Radar,22,21,44,0,87,0,2,25,1,28,22,23,69,1,115,0,0,0,115
12/27/2020,CHA,TN,ASO,ES,Combined TRACON& Tower with Radar,22,27,35,0,84,0,0,23,0,23,22,27,58,0,107,22,0,22,129
12/28/2020,CHA,TN,ASO,ES,Combined TRACON& Tower with Radar,23,17,34,0,74,0,0,9,0,9,23,17,43,0,83,2,0,2,85
12/29/2020,CHA,TN,ASO,ES,Combined TRACON& Tower with Radar,24,20,34,10,88,0,1,40,0,41,24,21,74,10,129,24,8,32,161
12/30/2020,CHA,TN,ASO,ES,Combined TRACON& Tower with Radar,21,22,49,4,96,0,0,8,0,8,21,22,57,4,104,6,0,6,110
12/31/2020,CHA,TN,ASO,ES,Combined TRACON& Tower with Radar,18,11,14,0,43,0,0,0,0,0,18,11,14,0,43,0,0,0,43
01/01/2021,CHA,TN,ASO,ES,Combined TRACON& Tower with Radar,14,8,5,0,27,0,0,0,0,0,14,8,5,0,27,0,0,0,27
01/02/2021,CHA,TN,ASO,ES,Combined TRACON& Tower with Radar,18,22,26,0,66,0,0,30,0,30,18,22,56,0,96,0,0,0,96
01/03/2021,CHA,TN,ASO,ES,Combined TRACON& Tower with Radar,20,24,52,0,96,0,0,14,0,14,20,24,66,0,110,0,0,0,110
01/04/2021,CHA,TN,ASO,ES,Combined TRACON& Tower with Radar,20,29,57,0,106,0,2,31,4,37,20,31,88,4,143,18,0,18,161
01/05/2021,CHA,TN,ASO,ES,Combined TRACON& Tower with Radar,23,15,47,1,86,0,0,14,1,15,23,15,61,2,101,30,0,30,131
01/06/2021,CHA,TN,ASO,ES,Combined TRACON& Tower with Radar,24,23,55,45,147,0,0,33,0,33,24,23,88,45,180,54,28,82,262
01/07/2021,CHA,TN,ASO,ES,Combined TRACON& Tower with Radar,26,20,24,0,70,0,0,8,0,8,26,20,32,0,78,12,0,12,90
01/08/2021,CHA,TN,ASO,ES,Combined TRACON& Tower with Radar,24,18,18,2,62,0,0,0,0,0,24,18,18,2,62,0,0,0,62
01/09/2021,CHA,TN,ASO,ES,Combined TRACON& Tower with Radar,19,17,23,2,61,0,0,8,0,8,19,17,31,2,69,68,0,68,137
01/10/2021,CHA,TN,ASO,ES,Combined TRACON& Tower with Radar,19,24,37,7,87,0,1,34,1,36,19,25,71,8,123,24,0,24,147
01/11/2021,CHA,TN,ASO,ES,Combined TRACON& Tower with Radar,22,15,26,0,63,0,0,1,0,1,22,15,27,0,64,0,0,0,64
01/12/2021,CHA,TN,ASO,ES,Combined TRACON& Tower with Radar,20,13,53,39,125,0,0,26,3,29,20,13,79,42,154,20,12,32,186
01/13/2021,CHA,TN,ASO,ES,Combined TRACON& Tower with Radar,21,15,38,42,116,0,0,24,4,28,21,15,62,46,144,50,88,138,282
01/14/2021,CHA,TN,ASO,ES,Combined TRACON& Tower with Radar,26,18,59,27,130,0,0,41,6,47,26,18,100,33,177,6,8,14,191
01/15/2021,CHA,TN,ASO,ES,Combined TRACON& Tower with Radar,24,17,50,44,135,0,2,37,2,41,24,19,87,46,176,22,8,30,206
01/16/2021,CHA,TN,ASO,ES,Combined TRACON& Tower with Radar,19,17,14,0,50,0,0,3,0,3,19,17,17,0,53,26,0,26,79
01/17/2021,CHA,TN,ASO,ES,Combined TRACON& Tower with Radar,20,13,27,0,60,0,1,22,0,23,20,14,49,0,83,48,0,48,131
01/18/2021,CHA,TN,ASO,ES,Combined TRACON& Tower with Radar,22,20,29,1,72,0,0,33,1,34,22,20,62,2,106,34,2,36,142
01/19/2021,CHA,TN,ASO,ES,Combined TRACON& Tower with Radar,20,17,46,37,120,0,2,27,2,31,20,19,73,39,151,6,6,12,163
01/20/2021,CHA,TN,ASO,ES,Combined TRACON& Tower with Radar,20,16,60,23,119,0,7,47,2,56,20,23,107,25,175,104,16,120,295
01/21/2021,CHA,TN,ASO,ES,Combined TRACON& Tower with Radar,24,24,44,22,114,0,0,0,0,0,24,24,44,22,114,0,0,0,114
01/22/2021,CHA,TN,ASO,ES,Combined TRACON& Tower with Radar,24,24,37,162,247,0,0,30,8,38,24,24,67,170,285,26,26,52,337
01/23/2021,CHA,TN,ASO,ES,Combined TRACON& Tower with Radar,19,11,32,6,68,0,1,66,6,73,19,12,98,12,141,24,33,57,198
01/24/2021,CHA,TN,ASO,ES,Combined TRACON& Tower with Radar,22,21,40,20,103,0,0,19,0,19,22,21,59,20,122,0,4,4,126
01/25/2021,CHA,TN,ASO,ES,Combined TRACON& Tower with Radar,22,20,28,1,71,0,0,0,0,0,22,20,28,1,71,0,0,0,71
01/26/2021,CHA,TN,ASO,ES,Combined TRACON& Tower with Radar,20,18,34,40,112,0,3,52,3,58,20,21,86,43,170,60,12,72,242
01/27/2021,CHA,TN,ASO,ES,Combined TRACON& Tower with Radar,21,14,41,23,99,0,0,21,1,22,21,14,62,24,121,14,4,18,139
01/28/2021,CHA,TN,ASO,ES,Combined TRACON& Tower with Radar,24,24,30,30,108,0,3,15,4,22,24,27,45,34,130,10,12,22,152
01/29/2021,CHA,TN,ASO,ES,Combined TRACON& Tower with Radar,25,18,40,29,112,0,3,47,3,53,25,21,87,32,165,16,0,16,181
01/30/2021,CHA,TN,ASO,ES,Combined TRACON& Tower with Radar,19,19,34,0,72,0,2,46,0,48,19,21,80,0,120,10,0,10,130
01/31/2021,CHA,TN,ASO,ES,Combined TRACON& Tower with Radar,20,25,29,0,74,0,0,0,0,0,20,25,29,0,74,0,0,0,74
02/01/2021,CHA,TN,ASO,ES,Combined TRACON& Tower with Radar,22,29,14,2,67,0,0,1,0,1,22,29,15,2,68,8,6,14,82
02/02/2021,CHA,TN,ASO,ES,Combined TRACON& Tower with Radar,18,25,33,31,107,0,2,33,3,38,18,27,66,34,145,66,28,94,239
02/03/2021,CHA,TN,ASO,ES,Combined TRACON& Tower with Radar,18,20,44,24,106,0,10,59,4,73,18,30,103,28,179,96,8,104,283
02/04/2021,CHA,TN,ASO,ES,Combined TRACON& Tower with Radar,22,23,56,28,129,0,1,32,3,36,22,24,88,31,165,38,8,46,211
02/05/2021,CHA,TN,ASO,ES,Combined TRACON& Tower with Radar,22,23,50,55,150,0,5,33,2,40,22,28,83,57,190,48,12,60,250
02/06/2021,CHA,TN,ASO,ES,Combined TRACON& Tower with Radar,19,20,33,10,82,0,0,35,0,35,19,20,68,10,117,30,0,30,147
02/07/2021,CHA,TN,ASO,ES,Combined TRACON& Tower with Radar,20,16,17,0,53,0,0,2,0,2,20,16,19,0,55,68,0,68,123
02/08/2021,CHA,TN,ASO,ES,Combined TRACON& Tower with Radar,21,21,52,62,156,0,0,38,5,43,21,21,90,67,199,30,4,34,233
02/09/2021,CHA,TN,ASO,ES,Combined TRACON& Tower with Radar,19,41,62,60,182,0,2,30,6,38,19,43,92,66,220,64,112,176,396
02/10/2021,CHA,TN,ASO,ES,Combined TRACON& Tower with Radar,18,25,48,98,189,0,4,35,3,42,18,29,83,101,231,36,112,148,379
02/11/2021,CHA,TN,ASO,ES,Combined TRACON& Tower with Radar,24,29,35,0,88,0,0,0,0,0,24,29,35,0,88,0,0,0,88
02/12/2021,CHA,TN,ASO,ES,Combined TRACON& Tower with Radar,25,17,38,0,80,0,0,2,0,2,25,17,40,0,82,4,0,4,86
02/13/2021,CHA,TN,ASO,ES,Combined TRACON& Tower with Radar,17,13,25,0,55,0,0,0,0,0,17,13,25,0,55,10,0,10,65
02/14/2021,CHA,TN,ASO,ES,Combined TRACON& Tower with Radar,18,26,27,4,75,0,0,0,0,0,18,26,27,4,75,0,0,0,75
02/15/2021,CHA,TN,ASO,ES,Combined TRACON& Tower with Radar,20,29,22,0,71,0,0,0,0,0,20,29,22,0,71,0,0,0,71
02/16/2021,CHA,TN,ASO,ES,Combined TRACON& Tower with Radar,12,25,39,12,88,0,2,19,0,21,12,27,58,12,109,54,0,54,163
02/17/2021,CHA,TN,ASO,ES,Combined TRACON& Tower with Radar,17,16,47,11,91,0,0,34,1,35,17,16,81,12,126,70,12,82,208
02/18/2021,CHA,TN,ASO,ES,Combined TRACON& Tower with Radar,23,25,19,1,68,0,0,0,0,0,23,25,19,1,68,0,0,0,68
02/19/2021,CHA,TN,ASO,ES,Combined TRACON& Tower with Radar,22,26,27,6,81,0,0,28,1,29,22,26,55,7,110,132,0,132,242
02/20/2021,CHA,TN,ASO,ES,Combined TRACON& Tower with Radar,20,21,38,0,79,0,2,70,2,74,20,23,108,2,153,50,0,50,203
02/21/2021,CHA,TN,ASO,ES,Combined TRACON& Tower with Radar,23,22,40,1,86,0,1,36,3,40,23,23,76,4,126,24,0,24,150
02/22/2021,CHA,TN,ASO,ES,Combined TRACON& Tower with Radar,25,21,25,0,71,0,2,20,0,22,25,23,45,0,93,50,0,50,143
02/23/2021,CHA,TN,ASO,ES,Combined TRACON& Tower with Radar,20,32,52,27,131,0,9,44,2,55,20,41,96,29,186,42,8,50,236
02/24/2021,CHA,TN,ASO,ES,Combined TRACON& Tower with Radar,18,27,66,6,117,0,10,52,4,66,18,37,118,10,183,6,0,6,189
02/25/2021,CHA,TN,ASO,ES,Combined TRACON& Tower with Radar,26,32,63,23,144,0,12,54,12,78,26,44,117,35,222,80,46,126,348
02/26/2021,CHA,TN,ASO,ES,Combined TRACON& Tower with Radar,26,31,56,5,118,0,0,0,0,0,26,31,56,5,118,38,0,38,156
02/27/2021,CHA,TN,ASO,ES,Combined TRACON& Tower with Radar,22,24,35,1,82,0,0,7,0,7,22,24,42,1,89,28,0,28,117
02/28/2021,CHA,TN,ASO,ES,Combined TRACON& Tower with Radar,23,21,36,27,107,0,2,6,0,8,23,23,42,27,115,0,0,0,115
03/01/2021,CHA,TN,ASO,ES,Combined TRACON& Tower with Radar,25,23,18,9,75,0,2,17,1,20,25,25,35,10,95,46,16,62,157
03/02/2021,CHA,TN,ASO,ES,Combined TRACON& Tower with Radar,19,29,36,49,133,0,6,27,3,36,19,35,63,52,169,44,96,140,309
03/03/2021,CHA,TN,ASO,ES,Combined TRACON& Tower with Radar,22,20,56,23,121,0,4,50,4,58,22,24,106,27,179,116,0,116,295
03/04/2021,CHA,TN,ASO,ES,Combined TRACON& Tower with Radar,27,33,50,24,134,0,7,40,0,47,27,40,90,24,181,40,34,74,255
03/05/2021,CHA,TN,ASO,ES,Combined TRACON& Tower with Radar,27,19,61,4,111,0,5,36,3,44,27,24,97,7,155,80,0,80,235
03/06/2021,CHA,TN,ASO,ES,Combined TRACON& Tower with Radar,21,37,37,9,104,0,4,33,0,37,21,41,70,9,141,62,0,62,203
03/07/2021,CHA,TN,ASO,ES,Combined TRACON& Tower with Radar,26,21,58,9,114,0,0,47,5,52,26,21,105,14,166,76,0,76,242
03/08/2021,CHA,TN,ASO,ES,Combined TRACON& Tower with Radar,28,26,37,21,112,0,2,29,1,32,28,28,66,22,144,92,68,160,304
03/09/2021,CHA,TN,ASO,ES,Combined TRACON& Tower with Radar,25,17,51,42,135,0,2,39,3,44,25,19,90,45,179,54,20,74,253
03/10/2021,CHA,TN,ASO,ES,Combined TRACON& Tower with Radar,26,20,43,47,136,0,5,54,4,63,26,25,97,51,199,50,110,160,359
03/11/2021,CHA,TN,ASO,ES,Combined TRACON& Tower with Radar,28,27,49,31,135,0,6,43,0,49,28,33,92,31,184,106,22,128,312
03/12/2021,CHA,TN,ASO,ES,Combined TRACON& Tower with Radar,28,40,58,22,148,0,2,8,3,13,28,42,66,25,161,0,72,72,233
03/13/2021,CHA,TN,ASO,ES,Combined TRACON& Tower with Radar,21,23,42,0,86,0,0,2,0,2,21,23,44,0,88,10,0,10,98
03/14/2021,CHA,TN,ASO,ES,Combined TRACON& Tower with Radar,28,26,62,7,123,0,2,41,1,44,28,28,103,8,167,56,0,56,223
03/15/2021,CHA,TN,ASO,ES,Combined TRACON& Tower with Radar,32,22,39,25,118,0,2,11,3,16,32,24,50,28,134,18,10,28,162
03/16/2021,CHA,TN,ASO,ES,Combined TRACON& Tower with Radar,24,16,29,5,74,0,0,2,1,3,24,16,31,6,77,0,0,0,77
03/17/2021,CHA,TN,ASO,ES,Combined TRACON& Tower with Radar,22,17,26,0,65,0,0,0,0,0,22,17,26,0,65,0,0,0,65
03/18/2021,CHA,TN,ASO,ES,Combined TRACON& Tower with Radar,32,21,48,5,106,0,0,8,1,9,32,21,56,6,115,28,2,30,145
03/19/2021,CHA,TN,ASO,ES,Combined TRACON& Tower with Radar,30,18,55,8,111,0,0,17,0,17,30,18,72,8,128,74,6,80,208
03/20/2021,CHA,TN,ASO,ES,Combined TRACON& Tower with Radar,22,24,41,3,90,0,5,45,5,55,22,29,86,8,145,56,0,56,201
03/21/2021,CHA,TN,ASO,ES,Combined TRACON& Tower with Radar,27,15,42,6,90,0,4,41,0,45,27,19,83,6,135,20,0,20,155
03/22/2021,CHA,TN,ASO,ES,Combined TRACON& Tower with Radar,28,25,52,14,119,0,3,46,7,56,28,28,98,21,175,24,2,26,201
03/23/2021,CHA,TN,ASO,ES,Combined TRACON& Tower with Radar,24,18,39,11,92,0,0,9,3,12,24,18,48,14,104,30,22,52,156
03/24/2021,CHA,TN,ASO,ES,Combined TRACON& Tower with Radar,24,23,53,14,114,0,0,18,4,22,24,23,71,18,136,26,20,46,182
03/25/2021,CHA,TN,ASO,ES,Combined TRACON& Tower with Radar,25,15,3,0,43,0,0,0,0,0,25,15,3,0,43,0,0,0,43
03/26/2021,CHA,TN,ASO,ES,Combined TRACON& Tower with Radar,28,20,76,17,141,0,4,33,4,41,28,24,109,21,182,14,0,14,196
03/27/2021,CHA,TN,ASO,ES,Combined TRACON& Tower with Radar,23,18,21,0,62,0,1,1,0,2,23,19,22,0,64,0,0,0,64
03/28/2021,CHA,TN,ASO,ES,Combined TRACON& Tower with Radar,25,14,47,8,94,0,5,8,1,14,25,19,55,9,108,0,0,0,108
03/29/2021,CHA,TN,ASO,ES,Combined TRACON& Tower with Radar,27,20,78,38,163,0,5,38,2,45,27,25,116,40,208,0,4,4,212
03/30/2021,CHA,TN,ASO,ES,Combined TRACON& Tower with Radar,26,22,57,77,182,0,12,38,11,61,26,34,95,88,243,38,46,84,327
03/31/2021,CHA,TN,ASO,ES,Combined TRACON& Tower with Radar,26,23,27,0,76,0,0,0,0,0,26,23,27,0,76,0,0,0,76
04/01/2021,CHA,TN,ASO,ES,Combined TRACON& Tower with Radar,30,26,64,38,158,0,7,15,4,26,30,33,79,42,184,62,8,70,254
04/02/2021,CHA,TN,ASO,ES,Combined TRACON& Tower with Radar,30,19,64,6,119,0,0,44,3,47,30,19,108,9,166,11,0,11,177
04/03/2021,CHA,TN,ASO,ES,Combined TRACON& Tower with Radar,21,30,46,0,97,0,9,54,0,63,21,39,100,0,160,94,0,94,254
04/04/2021,CHA,TN,ASO,ES,Combined TRACON& Tower with Radar,26,28,45,0,99,0,2,48,0,50,26,30,93,0,149,30,0,30,179
04/05/2021,CHA,TN,ASO,ES,Combined TRACON& Tower with Radar,29,33,49,34,145,0,18,27,4,49,29,51,76,38,194,48,20,68,262
04/06/2021,CHA,TN,ASO,ES,Combined TRACON& Tower with Radar,26,29,57,33,145,0,2,49,7,58,26,31,106,40,203,70,16,86,289
04/07/2021,CHA,TN,ASO,ES,Combined TRACON& Tower with Radar,26,36,51,37,150,0,11,44,2,57,26,47,95,39,207,96,8,104,311
04/08/2021,CHA,TN,ASO,ES,Combined TRACON& Tower with Radar,30,33,36,9,108,0,4,2,0,6,30,37,38,9,114,26,8,34,148
04/09/2021,CHA,TN,ASO,ES,Combined TRACON& Tower with Radar,31,42,38,57,168,0,2,26,11,39,31,44,64,68,207,18,18,36,243
04/10/2021,CHA,TN,ASO,ES,Combined TRACON& Tower with Radar,24,24,18,0,66,0,2,0,0,2,24,26,18,0,68,34,0,34,102
04/11/2021,CHA,TN,ASO,ES,Combined TRACON& Tower with Radar,26,42,59,4,131,0,11,42,0,53,26,53,101,4,184,18,0,18,202
04/12/2021,CHA,TN,ASO,ES,Combined TRACON& Tower with Radar,24,46,53,29,152,0,2,38,4,44,24,48,91,33,196,90,44,134,330
04/13/2021,CHA,TN,ASO,ES,Combined TRACON& Tower with Radar,22,46,61,52,181,0,1,58,2,61,22,47,119,54,242,94,30,124,366
04/14/2021,CHA,TN,ASO,ES,Combined TRACON& Tower with Radar,22,58,65,25,170,0,5,25,0,30,22,63,90,25,200,14,28,42,242
04/15/2021,CHA,TN,ASO,ES,Combined TRACON& Tower with Radar,25,45,66,63,199,0,12,33,6,51,25,57,99,69,250,56,104,160,410
04/16/2021,CHA,TN,ASO,ES,Combined TRACON& Tower with Radar,28,36,69,98,231,0,5,32,20,57,28,41,101,118,288,60,26,86,374
04/17/2021,CHA,TN,ASO,ES,Combined TRACON& Tower with Radar,19,29,36,4,88,0,0,24,2,26,19,29,60,6,114,4,4,8,122
04/18/2021,CHA,TN,ASO,ES,Combined TRACON& Tower with Radar,23,41,42,23,129,0,0,40,8,48,23,41,82,31,177,58,0,58,235
04/19/2021,CHA,TN,ASO,ES,Combined TRACON& Tower with Radar,24,51,35,24,134,0,10,27,7,44,24,61,62,31,178,60,26,86,264
04/20/2021,CHA,TN,ASO,ES,Combined TRACON& Tower with Radar,23,40,59,31,153,0,4,48,6,58,23,44,107,37,211,84,28,112,323
04/21/2021,CHA,TN,ASO,ES,Combined TRACON& Tower with Radar,22,45,67,27,161,0,3,16,2,21,22,48,83,29,182,48,0,48,230
04/22/2021,CHA,TN,ASO,ES,Combined TRACON& Tower with Radar,27,50,61,4,142,0,11,38,4,53,27,61,99,8,195,46,8,54,249
04/23/2021,CHA,TN,ASO,ES,Combined TRACON& Tower with Radar,23,55,64,87,229,0,15,23,8,46,23,70,87,95,275,118,18,136,411
04/24/2021,CHA,TN,ASO,ES,Combined TRACON& Tower with Radar,19,24,13,0,56,0,0,0,0,0,19,24,13,0,56,0,0,0,56
04/25/2021,CHA,TN,ASO,ES,Combined TRACON& Tower with Radar,23,39,51,25,138,0,0,19,8,27,23,39,70,33,165,66,0,66,231
04/26/2021,CHA,TN,ASO,ES,Combined TRACON& Tower with Radar,25,53,68,21,167,0,7,47,8,62,25,60,115,29,229,20,36,56,285
04/27/2021,CHA,TN,ASO,ES,Combined TRACON& Tower with Radar,23,33,72,36,164,0,6,45,12,63,23,39,117,48,227,68,26,94,321
04/28/2021,CHA,TN,ASO,ES,Combined TRACON& Tower with Radar,21,48,55,46,170,0,0,50,12,62,21,48,105,58,232,40,38,78,310
04/29/2021,CHA,TN,ASO,ES,Combined TRACON& Tower with Radar,25,35,51,22,133,0,0,12,4,16,25,35,63,26,149,10,16,26,175
04/30/2021,CHA,TN,ASO,ES,Combined TRACON& Tower with Radar,26,64,51,78,219,0,8,42,14,64,26,72,93,92,283,56,32,88,371
05/01/2021,CHA,TN,ASO,ES,Combined TRACON& Tower with Radar,20,47,38,20,125,0,3,51,2,56,20,50,89,22,181,0,20,20,201
05/02/2021,CHA,TN,ASO,ES,Combined TRACON& Tower with Radar,24,31,32,6,93,0,2,25,2,29,24,33,57,8,122,88,0,88,210
05/03/2021,CHA,TN,ASO,ES,Combined TRACON& Tower with Radar,30,34,41,2,107,0,1,5,0,6,30,35,46,2,113,28,14,42,155
05/04/2021,CHA,TN,ASO,ES,Combined TRACON& Tower with Radar,22,24,24,0,70,0,0,0,0,0,22,24,24,0,70,0,0,0,70
05/05/2021,CHA,TN,ASO,ES,Combined TRACON& Tower with Radar,24,55,71,54,204,0,4,23,0,27,24,59,94,54,231,60,6,66,297
05/06/2021,CHA,TN,ASO,ES,Combined TRACON& Tower with Radar,26,36,48,49,159,0,1,54,6,61,26,37,102,55,220,44,40,84,304
05/07/2021,CHA,TN,ASO,ES,Combined TRACON& Tower with Radar,26,42,59,35,162,0,3,45,12,60,26,45,104,47,222,54,0,54,276
05/08/2021,CHA,TN,ASO,ES,Combined TRACON& Tower with Radar,21,24,22,4,71,0,0,44,1,45,21,24,66,5,116,8,0,8,124
05/09/2021,CHA,TN,ASO,ES,Combined TRACON& Tower with Radar,23,22,29,9,83,0,1,6,0,7,23,23,35,9,90,0,0,0,90
05/10/2021,CHA,TN,ASO,ES,Combined TRACON& Tower with Radar,23,31,59,41,154,0,0,5,3,8,23,31,64,44,162,28,8,36,198
05/11/2021,CHA,TN,ASO,ES,Combined TRACON& Tower with Radar,23,24,40,74,161,0,0,37,3,40,23,24,77,77,201,88,84,172,373
05/12/2021,CHA,TN,ASO,ES,Combined TRACON& Tower with Radar,21,31,54,68,174,0,3,11,4,18,21,34,65,72,192,40,58,98,290
05/13/2021,CHA,TN,ASO,ES,Combined TRACON& Tower with Radar,26,57,50,43,176,0,0,42,9,51,26,57,92,52,227,58,10,68,295
05/14/2021,CHA,TN,ASO,ES,Combined TRACON& Tower with Radar,26,42,57,53,178,0,2,63,9,74,26,44,120,62,252,50,18,68,320
05/15/2021,CHA,TN,ASO,ES,Combined TRACON& Tower with Radar,23,26,31,19,99,0,0,48,4,52,23,26,79,23,151,42,4,46,197
05/16/2021,CHA,TN,ASO,ES,Combined TRACON& Tower with Radar,28,37,58,56,179,0,2,45,9,56,28,39,103,65,235,50,0,50,285
05/17/2021,CHA,TN,ASO,ES,Combined TRACON& Tower with Radar,27,27,47,64,165,0,3,47,2,52,27,30,94,66,217,134,22,156,373
05/18/2021,CHA,TN,ASO,ES,Combined TRACON& Tower with Radar,21,32,59,92,204,0,3,20,5,28,21,35,79,97,232,54,32,86,318
05/19/2021,CHA,TN,ASO,ES,Combined TRACON& Tower with Radar,20,34,45,53,152,0,4,31,0,35,20,38,76,53,187,56,18,74,261
05/20/2021,CHA,TN,ASO,ES,Combined TRACON& Tower with Radar,29,47,74,66,216,0,0,29,4,33,29,47,103,70,249,44,56,100,349
05/21/2021,CHA,TN,ASO,ES,Combined TRACON& Tower with Radar,28,46,56,79,209,0,5,78,21,104,28,51,134,100,313,70,26,96,409
05/22/2021,CHA,TN,ASO,ES,Combined TRACON& Tower with Radar,21,26,45,16,108,0,4,119,16,139,21,30,164,32,247,48,16,64,311
05/23/2021,CHA,TN,ASO,ES,Combined TRACON& Tower with Radar,27,33,50,11,121,0,3,83,20,106,27,36,133,31,227,54,0,54,281
05/24/2021,CHA,TN,ASO,ES,Combined TRACON& Tower with Radar,25,26,38,22,111,0,1,35,8,44,25,27,73,30,155,52,0,52,207
05/25/2021,CHA,TN,ASO,ES,Combined TRACON& Tower with Radar,25,29,66,48,168,0,2,46,1,49,25,31,112,49,217,74,10,84,301
05/26/2021,CHA,TN,ASO,ES,Combined TRACON& Tower with Radar,22,36,57,18,133,0,2,56,6,64,22,38,113,24,197,86,6,92,289
05/27/2021,CHA,TN,ASO,ES,Combined TRACON& Tower with Radar,26,41,59,9,135,0,5,55,3,63,26,46,114,12,198,100,0,100,298
05/28/2021,CHA,TN,ASO,ES,Combined TRACON& Tower with Radar,27,28,50,3,108,0,0,10,0,10,27,28,60,3,118,6,0,6,124
05/29/2021,CHA,TN,ASO,ES,Combined TRACON& Tower with Radar,20,26,25,12,83,0,2,13,1,16,20,28,38,13,99,34,8,42,141
05/30/2021,CHA,TN,ASO,ES,Combined TRACON& Tower with Radar,20,29,22,13,84,0,2,28,2,32,20,31,50,15,116,10,0,10,126
05/31/2021,CHA,TN,ASO,ES,Combined TRACON& Tower with Radar,21,29,44,0,94,0,5,56,0,61,21,34,100,0,155,20,0,20,175
06/01/2021,CHA,TN,ASO,ES,Combined TRACON& Tower with Radar,20,24,52,25,121,0,8,34,1,43,20,32,86,26,164,54,28,82,246
06/02/2021,CHA,TN,ASO,ES,Combined TRACON& Tower with Radar,18,37,85,5,145,0,1,34,0,35,18,38,119,5,180,0,0,0,180
06/03/2021,CHA,TN,ASO,ES,Combined TRACON& Tower with Radar,23,29,51,1,104,0,0,2,0,2,23,29,53,1,106,10,0,10,116
06/04/2021,CHA,TN,ASO,ES,Combined TRACON& Tower with Radar,27,29,47,80,183,0,12,43,12,67,27,41,90,92,250,46,28,74,324
06/05/2021,CHA,TN,ASO,ES,Combined TRACON& Tower with Radar,19,29,45,34,127,0,5,54,3,62,19,34,99,37,189,18,30,48,237
06/06/2021,CHA,TN,ASO,ES,Combined TRACON& Tower with Radar,25,31,65,7,128,0,0,6,4,10,25,31,71,11,138,42,0,42,180
06/07/2021,CHA,TN,ASO,ES,Combined TRACON& Tower with Radar,25,36,48,16,125,0,0,6,0,6,25,36,54,16,131,62,12,74,205
06/08/2021,CHA,TN,ASO,ES,Combined TRACON& Tower with Radar,21,31,60,5,117,0,1,15,1,17,21,32,75,6,134,80,2,82,216
06/09/2021,CHA,TN,ASO,ES,Combined TRACON& Tower with Radar,24,32,55,2,113,0,3,7,1,11,24,35,62,3,124,0,0,0,124
06/10/2021,CHA,TN,ASO,ES,Combined TRACON& Tower with Radar,25,35,87,2,149,0,0,18,1,19,25,35,105,3,168,30,0,30,198
06/11/2021,CHA,TN,ASO,ES,Combined TRACON& Tower with Radar,31,40,65,8,144,0,0,11,6,17,31,40,76,14,161,60,0,60,221
06/12/2021,CHA,TN,ASO,ES,Combined TRACON& Tower with Radar,18,27,42,0,87,0,1,43,1,45,18,28,85,1,132,18,0,18,150
06/13/2021,CHA,TN,ASO,ES,Combined TRACON& Tower with Radar,20,25,61,6,112,0,0,56,2,58,20,25,117,8,170,32,0,32,202
06/14/2021,CHA,TN,ASO,ES,Combined TRACON& Tower with Radar,24,42,66,53,185,0,5,61,4,70,24,47,127,57,255,62,22,84,339
06/15/2021,CHA,TN,ASO,ES,Combined TRACON& Tower with Radar,24,26,47,31,128,0,5,65,7,77,24,31,112,38,205,42,18,60,265
06/16/2021,CHA,TN,ASO,ES,Combined TRACON& Tower with Radar,25,27,67,9,128,0,7,104,2,113,25,34,171,11,241,56,0,56,297
06/17/2021,CHA,TN,ASO,ES,Combined TRACON& Tower with Radar,30,33,85,13,161,0,13,71,4,88,30,46,156,17,249,110,0,110,359
06/18/2021,CHA,TN,ASO,ES,Combined TRACON& Tower with Radar,26,37,77,15,155,0,5,103,1,109,26,42,180,16,264,114,8,122,386
06/19/2021,CHA,TN,ASO,ES,Combined TRACON& Tower with Radar,20,27,40,0,87,0,0,31,2,33,20,27,71,2,120,70,0,70,190
06/20/2021,CHA,TN,ASO,ES,Combined TRACON& Tower with Radar,22,38,39,0,99,1,3,11,0,15,23,41,50,0,114,8,0,8,122
06/21/2021,CHA,TN,ASO,ES,Combined TRACON& Tower with Radar,24,33,47,39,143,0,0,18,0,18,24,33,65,39,161,60,0,60,221
06/22/2021,CHA,TN,ASO,ES,Combined TRACON& Tower with Radar,25,36,43,52,156,0,0,28,7,35,25,36,71,59,191,40,38,78,269
06/23/2021,CHA,TN,ASO,ES,Combined TRACON& Tower with Radar,22,28,65,28,143,0,2,41,9,52,22,30,106,37,195,140,64,204,399
06/24/2021,CHA,TN,ASO,ES,Combined TRACON& Tower with Radar,26,35,88,46,195,0,6,40,6,52,26,41,128,52,247,112,0,112,359
06/25/2021,CHA,TN,ASO,ES,Combined TRACON& Tower with Radar,25,37,69,71,202,0,1,46,15,62,25,38,115,86,264,40,12,52,316
06/26/2021,CHA,TN,ASO,ES,Combined TRACON& Tower with Radar,19,31,54,13,117,0,0,38,1,39,19,31,92,14,156,42,14,56,212
06/27/2021,CHA,TN,ASO,ES,Combined TRACON& Tower with Radar,20,36,49,28,133,0,1,8,9,18,20,37,57,37,151,26,28,54,205
06/28/2021,CHA,TN,ASO,ES,Combined TRACON& Tower with Radar,23,37,51,14,125,0,1,36,9,46,23,38,87,23,171,98,14,112,283
06/29/2021,CHA,TN,ASO,ES,Combined TRACON& Tower with Radar,24,31,44,7,106,0,0,24,0,24,24,31,68,7,130,66,0,66,196
06/30/2021,CHA,TN,ASO,ES,Combined TRACON& Tower with Radar,23,40,70,17,150,0,3,37,3,43,23,43,107,20,193,122,6,128,321
07/01/2021,CHA,TN,ASO,ES,Combined TRACON& Tower with Radar,21,28,55,2,106,0,2,6,0,8,21,30,61,2,114,74,0,74,188
07/02/2021,CHA,TN,ASO,ES,Combined TRACON& Tower with Radar,21,39,50,7,117,0,6,26,0,32,21,45,76,7,149,58,0,58,207
07/03/2021,CHA,TN,ASO,ES,Combined TRACON& Tower with Radar,17,32,47,0,96,0,4,43,0,47,17,36,90,0,143,76,0,76,219
07/04/2021,CHA,TN,ASO,ES,Combined TRACON& Tower with Radar,18,22,19,0,59,0,0,32,1,33,18,22,51,1,92,52,0,52,144
07/05/2021,CHA,TN,ASO,ES,Combined TRACON& Tower with Radar,19,41,40,5,105,0,2,53,0,55,19,43,93,5,160,100,0,100,260
07/06/2021,CHA,TN,ASO,ES,Combined TRACON& Tower with Radar,20,29,61,78,188,0,5,53,10,68,20,34,114,88,256,52,50,102,358
07/07/2021,CHA,TN,ASO,ES,Combined TRACON& Tower with Radar,27,19,48,6,100,0,2,3,0,5,27,21,51,6,105,98,0,98,203
07/08/2021,CHA,TN,ASO,ES,Combined TRACON& Tower with Radar,30,31,69,10,140,0,0,26,0,26,30,31,95,10,166,116,8,124,290
07/09/2021,CHA,TN,ASO,ES,Combined TRACON& Tower with Radar,31,32,53,12,128,0,1,27,2,30,31,33,80,14,158,46,0,46,204
07/10/2021,CHA,TN,ASO,ES,Combined TRACON& Tower with Radar,31,30,41,15,117,0,0,19,1,20,31,30,60,16,137,156,36,192,329
07/11/2021,CHA,TN,ASO,ES,Combined TRACON& Tower with Radar,25,29,24,10,88,0,1,4,1,6,25,30,28,11,94,0,0,0,94
07/12/2021,CHA,TN,ASO,ES,Combined TRACON& Tower with Radar,29,24,49,0,102,0,0,11,0,11,29,24,60,0,113,82,0,82,195
07/13/2021,CHA,TN,ASO,ES,Combined TRACON& Tower with Radar,26,28,50,6,110,0,0,8,0,8,26,28,58,6,118,88,16,104,222
07/14/2021,CHA,TN,ASO,ES,Combined TRACON& Tower with Radar,25,31,69,5,130,0,3,24,3,30,25,34,93,8,160,136,2,138,298
07/15/2021,CHA,TN,ASO,ES,Combined TRACON& Tower with Radar,26,46,69,20,161,0,8,39,10,57,26,54,108,30,218,74,12,86,304
07/16/2021,CHA,TN,ASO,ES,Combined TRACON& Tower with Radar,28,31,49,13,121,0,1,40,0,41,28,32,89,13,162,24,2,26,188
07/17/2021,CHA,TN,ASO,ES,Combined TRACON& Tower with Radar,26,17,37,0,80,0,0,28,0,28,26,17,65,0,108,28,0,28,136
07/18/2021,CHA,TN,ASO,ES,Combined TRACON& Tower with Radar,24,21,45,0,90,0,1,7,0,8,24,22,52,0,98,54,0,54,152
07/19/2021,CHA,TN,ASO,ES,Combined TRACON& Tower with Radar,25,33,39,0,97,0,0,5,0,5,25,33,44,0,102,46,0,46,148
07/20/2021,CHA,TN,ASO,ES,Combined TRACON& Tower with Radar,20,37,50,0,107,0,0,5,0,5,20,37,55,0,112,36,0,36,148
07/21/2021,CHA,TN,ASO,ES,Combined TRACON& Tower with Radar,27,37,58,32,154,0,5,31,1,37,27,42,89,33,191,226,72,298,489
07/22/2021,CHA,TN,ASO,ES,Combined TRACON& Tower with Radar,31,38,87,42,198,0,5,51,4,60,31,43,138,46,258,184,38,222,480
07/23/2021,CHA,TN,ASO,ES,Combined TRACON& Tower with Radar,30,30,61,42,163,0,11,63,3,77,30,41,124,45,240,68,33,101,341
07/24/2021,CHA,TN,ASO,ES,Combined TRACON& Tower with Radar,25,22,45,36,128,0,2,46,6,54,25,24,91,42,182,110,4,114,296
07/25/2021,CHA,TN,ASO,ES,Combined TRACON& Tower with Radar,31,33,33,26,123,0,2,21,1,24,31,35,54,27,147,27,22,49,196
07/26/2021,CHA,TN,ASO,ES,Combined TRACON& Tower with Radar,34,26,35,2,97,0,1,26,0,27,34,27,61,2,124,98,0,98,222
07/27/2021,CHA,TN,ASO,ES,Combined TRACON& Tower with Radar,27,31,90,27,175,0,0,19,1,20,27,31,109,28,195,94,0,94,289
07/28/2021,CHA,TN,ASO,ES,Combined TRACON& Tower with Radar,31,34,83,11,159,0,6,72,3,81,31,40,155,14,240,254,12,266,506
07/29/2021,CHA,TN,ASO,ES,Combined TRACON& Tower with Radar,28,41,68,43,180,0,8,47,4,59,28,49,115,47,239,96,38,134,373
07/30/2021,CHA,TN,ASO,ES,Combined TRACON& Tower with Radar,27,31,79,58,195,0,0,28,6,34,27,31,107,64,229,64,14,78,307
07/31/2021,CHA,TN,ASO,ES,Combined TRACON& Tower with Radar,27,27,42,36,132,0,8,35,5,48,27,35,77,41,180,81,36,117,297
08/01/2021,CHA,TN,ASO,ES,Combined TRACON& Tower with Radar,23,29,43,46,141,0,5,12,7,24,23,34,55,53,165,34,10,44,209
08/02/2021,CHA,TN,ASO,ES,Combined TRACON& Tower with Radar,28,28,46,54,156,0,2,56,11,69,28,30,102,65,225,88,34,122,347
08/03/2021,CHA,TN,ASO,ES,Combined TRACON& Tower with Radar,32,25,55,45,157,0,3,36,2,41,32,28,91,47,198,166,6,172,370
08/04/2021,CHA,TN,ASO,ES,Combined TRACON& Tower with Radar,27,27,53,14,121,0,0,25,0,25,27,27,78,14,146,40,4,44,190
08/05/2021,CHA,TN,ASO,ES,Combined TRACON& Tower with Radar,33,31,81,24,169,0,4,43,2,49,33,35,124,26,218,94,18,112,330
08/06/2021,CHA,TN,ASO,ES,Combined TRACON& Tower with Radar,31,14,59,30,134,0,2,45,6,53,31,16,104,36,187,26,0,26,213
08/07/2021,CHA,TN,ASO,ES,Combined TRACON& Tower with Radar,26,21,40,1,88,0,0,43,0,43,26,21,83,1,131,44,0,44,175
08/08/2021,CHA,TN,ASO,ES,Combined TRACON& Tower with Radar,32,20,55,38,145,0,0,41,0,41,32,20,96,38,186,48,12,60,246
08/09/2021,CHA,TN,ASO,ES,Combined TRACON& Tower with Radar,29,25,46,12,112,0,0,56,0,56,29,25,102,12,168,50,4,54,222
08/10/2021,CHA,TN,ASO,ES,Combined TRACON& Tower with Radar,33,26,61,4,124,0,1,35,4,40,33,27,96,8,164,68,0,68,232
08/11/2021,CHA,TN,ASO,ES,Combined TRACON& Tower with Radar,30,25,58,6,119,0,1,37,0,38,30,26,95,6,157,78,0,78,235
08/12/2021,CHA,TN,ASO,ES,Combined TRACON& Tower with Radar,36,24,98,6,164,0,9,65,4,78,36,33,163,10,242,84,4,88,330
08/13/2021,CHA,TN,ASO,ES,Combined TRACON& Tower with Radar,28,16,50,25,119,0,1,54,13,68,28,17,104,38,187,50,0,50,237
08/14/2021,CHA,TN,ASO,ES,Combined TRACON& Tower with Radar,23,19,41,8,91,0,3,64,2,69,23,22,105,10,160,30,0,30,190
08/15/2021,CHA,TN,ASO,ES,Combined TRACON& Tower with Radar,28,16,43,8,95,0,8,23,0,31,28,24,66,8,126,8,0,8,134
08/16/2021,CHA,TN,ASO,ES,Combined TRACON& Tower with Radar,30,23,50,4,107,0,0,14,0,14,30,23,64,4,121,52,4,56,177
08/17/2021,CHA,TN,ASO,ES,Combined TRACON& Tower with Radar,25,15,35,0,75,0,0,2,0,2,25,15,37,0,77,20,0,20,97
08/18/2021,CHA,TN,ASO,ES,Combined TRACON& Tower with Radar,23,21,75,54,173,0,1,21,3,25,23,22,96,57,198,30,20,50,248
08/19/2021,CHA,TN,ASO,ES,Combined TRACON& Tower with Radar,30,19,64,2,115,0,0,13,0,13,30,19,77,2,128,14,0,14,142
08/20/2021,CHA,TN,ASO,ES,Combined TRACON& Tower with Radar,30,25,77,28,160,0,0,35,2,37,30,25,112,30,197,26,36,62,259
08/21/2021,CHA,TN,ASO,ES,Combined TRACON& Tower with Radar,23,29,20,0,72,0,0,8,2,10,23,29,28,2,82,62,0,62,144
08/22/2021,CHA,TN,ASO,ES,Combined TRACON& Tower with Radar,28,27,48,8,111,0,0,20,1,21,28,27,68,9,132,38,0,38,170
08/23/2021,CHA,TN,ASO,ES,Combined TRACON& Tower with Radar,27,22,63,37,149,0,0,65,5,70,27,22,128,42,219,56,18,74,293
08/24/2021,CHA,TN,ASO,ES,Combined TRACON& Tower with Radar,24,21,76,40,161,0,7,57,4,68,24,28,133,44,229,52,42,94,323
08/25/2021,CHA,TN,ASO,ES,Combined TRACON& Tower with Radar,30,26,74,26,156,0,5,54,5,64,30,31,128,31,220,76,12,88,308
08/26/2021,CHA,TN,ASO,ES,Combined TRACON& Tower with Radar,30,18,53,21,122,0,4,32,3,39,30,22,85,24,161,114,18,132,293
08/27/2021,CHA,TN,ASO,ES,Combined TRACON& Tower with Radar,30,31,48,67,176,0,1,62,2,65,30,32,110,69,241,60,0,60,301
08/28/2021,CHA,TN,ASO,ES,Combined TRACON& Tower with Radar,21,25,34,14,94,0,2,48,2,52,21,27,82,16,146,66,0,66,212
08/29/2021,CHA,TN,ASO,ES,Combined TRACON& Tower with Radar,27,22,37,1,87,0,1,20,0,21,27,23,57,1,108,46,0,46,154
08/30/2021,CHA,TN,ASO,ES,Combined TRACON& Tower with Radar,28,24,30,3,85,0,2,34,3,39,28,26,64,6,124,10,0,10,134
08/31/2021,CHA,TN,ASO,ES,Combined TRACON& Tower with Radar,24,16,17,0,57,0,0,0,0,0,24,16,17,0,57,0,0,0,57
09/01/2021,CHA,TN,ASO,ES,Combined TRACON& Tower with Radar,29,24,38,19,110,0,7,26,1,34,29,31,64,20,144,52,0,52,196
09/02/2021,CHA,TN,ASO,ES,Combined TRACON& Tower with Radar,32,36,56,45,169,0,4,84,11,99,32,40,140,56,268,80,6,86,354
09/03/2021,CHA,TN,ASO,ES,Combined TRACON& Tower with Radar,29,40,68,0,137,0,5,75,0,80,29,45,143,0,217,60,0,60,277
09/04/2021,CHA,TN,ASO,ES,Combined TRACON& Tower with Radar,23,21,37,0,81,0,4,67,0,71,23,25,104,0,152,26,0,26,178
09/05/2021,CHA,TN,ASO,ES,Combined TRACON& Tower with Radar,21,26,32,0,79,0,2,32,0,34,21,28,64,0,113,56,0,56,169
09/06/2021,CHA,TN,ASO,ES,Combined TRACON& Tower with Radar,28,31,54,12,125,0,5,37,1,43,28,36,91,13,168,12,8,20,188
09/07/2021,CHA,TN,ASO,ES,Combined TRACON& Tower with Radar,19,27,74,27,147,0,8,48,8,64,19,35,122,35,211,62,0,62,273
09/08/2021,CHA,TN,ASO,ES,Combined TRACON& Tower with Radar,28,18,90,17,153,0,4,34,2,40,28,22,124,19,193,54,0,54,247
09/09/2021,CHA,TN,ASO,ES,Combined TRACON& Tower with Radar,31,32,58,41,162,0,10,55,7,72,31,42,113,48,234,94,16,110,344
09/10/2021,CHA,TN,ASO,ES,Combined TRACON& Tower with Radar,31,41,72,21,165,0,6,78,8,92,31,47,150,29,257,58,18,76,333
09/11/2021,CHA,TN,ASO,ES,Combined TRACON& Tower with Radar,22,25,27,21,95,0,15,58,3,76,22,40,85,24,171,68,4,72,243
09/12/2021,CHA,TN,ASO,ES,Combined TRACON& Tower with Radar,29,36,59,11,135,0,6,56,8,70,29,42,115,19,205,49,14,63,268
09/13/2021,CHA,TN,ASO,ES,Combined TRACON& Tower with Radar,32,28,58,50,168,0,2,47,2,51,32,30,105,52,219,54,14,68,287
09/14/2021,CHA,TN,ASO,ES,Combined TRACON& Tower with Radar,28,25,60,52,165,0,5,51,7,63,28,30,111,59,228,86,12,98,326
09/15/2021,CHA,TN,ASO,ES,Combined TRACON& Tower with Radar,31,30,78,0,139,0,0,18,0,18,31,30,96,0,157,86,0,86,243
09/16/2021,CHA,TN,ASO,ES,Combined TRACON& Tower with Radar,36,39,74,40,189,0,1,14,0,15,36,40,88,40,204,60,22,82,286
09/17/2021,CHA,TN,ASO,ES,Combined TRACON& Tower with Radar,35,38,62,42,177,0,1,7,5,13,35,39,69,47,190,92,20,112,302
09/18/2021,CHA,TN,ASO,ES,Combined TRACON& Tower with Radar,26,21,30,11,88,0,1,0,0,1,26,22,30,11,89,50,0,50,139
09/19/2021,CHA,TN,ASO,ES,Combined TRACON& Tower with Radar,32,22,56,1,111,0,0,0,0,0,32,22,56,1,111,0,0,0,111
09/20/2021,CHA,TN,ASO,ES,Combined TRACON& Tower with Radar,32,17,41,5,95,0,0,5,0,5,32,17,46,5,100,18,0,18,118
09/21/2021,CHA,TN,ASO,ES,Combined TRACON& Tower with Radar,28,27,57,7,119,0,0,13,0,13,28,27,70,7,132,62,0,62,194
09/22/2021,CHA,TN,ASO,ES,Combined TRACON& Tower with Radar,30,28,51,3,112,0,2,20,0,22,30,30,71,3,134,56,0,56,190
09/23/2021,CHA,TN,ASO,ES,Combined TRACON& Tower with Radar,34,33,82,23,172,0,10,82,2,94,34,43,164,25,266,96,0,96,362
09/24/2021,CHA,TN,ASO,ES,Combined TRACON& Tower with Radar,35,31,74,7,147,0,5,83,8,96,35,36,157,15,243,136,16,152,395
09/25/2021,CHA,TN,ASO,ES,Combined TRACON& Tower with Radar,26,36,30,0,92,0,4,64,0,68,26,40,94,0,160,88,0,88,248
09/26/2021,CHA,TN,ASO,ES,Combined TRACON& Tower with Radar,31,45,66,2,144,0,3,57,1,61,31,48,123,3,205,90,0,90,295
09/27/2021,CHA,TN,ASO,ES,Combined TRACON& Tower with Radar,33,37,61,46,177,0,1,57,7,65,33,38,118,53,242,42,22,64,306
09/28/2021,CHA,TN,ASO,ES,Combined TRACON& Tower with Radar,28,40,68,46,182,0,3,55,7,65,28,43,123,53,247,76,34,110,357
09/29/2021,CHA,TN,ASO,ES,Combined TRACON& Tower with Radar,32,30,69,55,186,0,9,52,10,71,32,39,121,65,257,50,16,66,323
09/30/2021,CHA,TN,ASO,ES,Combined TRACON& Tower with Radar,33,34,72,60,199,0,3,71,8,82,33,37,143,68,281,78,4,82,363
10/01/2021,CHA,TN,ASO,ES,Combined TRACON& Tower with Radar,33,39,76,47,195,0,4,59,13,76,33,43,135,60,271,88,22,110,381
10/02/2021,CHA,TN,ASO,ES,Combined TRACON& Tower with Radar,26,23,56,21,126,0,1,48,1,50,26,24,104,22,176,98,0,98,274
10/03/2021,CHA,TN,ASO,ES,Combined TRACON& Tower with Radar,32,24,51,16,123,0,0,3,6,9,32,24,54,22,132,4,0,4,136
10/04/2021,CHA,TN,ASO,ES,Combined TRACON& Tower with Radar,32,37,66,42,177,0,1,39,1,41,32,38,105,43,218,66,14,80,298
10/05/2021,CHA,TN,ASO,ES,Combined TRACON& Tower with Radar,28,21,73,5,127,0,0,8,0,8,28,21,81,5,135,30,0,30,165
10/06/2021,CHA,TN,ASO,ES,Combined TRACON& Tower with Radar,30,31,65,12,138,0,0,4,0,4,30,31,69,12,142,14,0,14,156
10/07/2021,CHA,TN,ASO,ES,Combined TRACON& Tower with Radar,37,38,70,3,148,0,0,16,0,16,37,38,86,3,164,84,0,84,248
10/08/2021,CHA,TN,ASO,ES,Combined TRACON& Tower with Radar,36,24,87,10,157,0,1,75,1,77,36,25,162,11,234,64,0,64,298
10/09/2021,CHA,TN,ASO,ES,Combined TRACON& Tower with Radar,29,29,56,2,116,0,2,50,0,52,29,31,106,2,168,42,0,42,210
10/10/2021,CHA,TN,ASO,ES,Combined TRACON& Tower with Radar,30,38,75,4,147,0,3,63,0,66,30,41,138,4,213,26,0,26,239
10/11/2021,CHA,TN,ASO,ES,Combined TRACON& Tower with Radar,29,35,110,10,184,0,6,34,0,40,29,41,144,10,224,66,4,70,294
10/12/2021,CHA,TN,ASO,ES,Combined TRACON& Tower with Radar,25,26,98,43,192,0,0,5,2,7,25,26,103,45,199,12,0,12,211
10/13/2021,CHA,TN,ASO,ES,Combined TRACON& Tower with Radar,23,32,82,30,167,0,2,32,7,41,23,34,114,37,208,66,0,66,274
10/14/2021,CHA,TN,ASO,ES,Combined TRACON& Tower with Radar,32,36,86,41,195,0,3,39,2,44,32,39,125,43,239,76,0,76,315
10/15/2021,CHA,TN,ASO,ES,Combined TRACON& Tower with Radar,30,35,71,53,189,0,0,41,17,58,30,35,112,70,247,110,28,138,385
10/16/2021,CHA,TN,ASO,ES,Combined TRACON& Tower with Radar,28,40,41,2,111,0,6,30,0,36,28,46,71,2,147,16,0,16,163
10/17/2021,CHA,TN,ASO,ES,Combined TRACON& Tower with Radar,31,39,55,4,129,0,7,39,2,48,31,46,94,6,177,20,0,20,197
10/18/2021,CHA,TN,ASO,ES,Combined TRACON& Tower with Radar,30,29,55,31,145,0,2,49,3,54,30,31,104,34,199,46,18,64,263
10/19/2021,CHA,TN,ASO,ES,Combined TRACON& Tower with Radar,26,37,74,32,169,0,5,44,2,51,26,42,118,34,220,46,8,54,274
10/20/2021,CHA,TN,ASO,ES,Combined TRACON& Tower with Radar,30,46,86,77,239,0,0,41,6,47,30,46,127,83,286,0,16,16,302
10/21/2021,CHA,TN,ASO,ES,Combined TRACON& Tower with Radar,30,34,83,4,151,0,2,2,0,4,30,36,85,4,155,34,0,34,189
10/22/2021,CHA,TN,ASO,ES,Combined TRACON& Tower with Radar,33,37,78,11,159,0,6,50,6,62,33,43,128,17,221,40,0,40,261
10/23/2021,CHA,TN,ASO,ES,Combined TRACON& Tower with Radar,21,33,56,6,116,0,6,49,1,56,21,39,105,7,172,16,0,16,188
10/24/2021,CHA,TN,ASO,ES,Combined TRACON& Tower with Radar,29,30,75,12,146,0,2,37,2,41,29,32,112,14,187,6,0,6,193
10/25/2021,CHA,TN,ASO,ES,Combined TRACON& Tower with Radar,29,27,50,8,114,0,0,12,12,24,29,27,62,20,138,6,0,6,144
10/26/2021,CHA,TN,ASO,ES,Combined TRACON& Tower with Radar,26,38,92,12,168,0,5,38,0,43,26,43,130,12,211,52,8,60,271
10/27/2021,CHA,TN,ASO,ES,Combined TRACON& Tower with Radar,32,46,78,47,203,0,10,96,9,115,32,56,174,56,318,56,0,56,374
10/28/2021,CHA,TN,ASO,ES,Combined TRACON& Tower with Radar,28,30,43,3,104,0,1,0,0,1,28,31,43,3,105,0,0,0,105
10/29/2021,CHA,TN,ASO,ES,Combined TRACON& Tower with Radar,30,28,60,0,118,0,0,1,0,1,30,28,61,0,119,0,0,0,119
10/30/2021,CHA,TN,ASO,ES,Combined TRACON& Tower with Radar,22,27,31,0,80,0,0,0,0,0,22,27,31,0,80,0,0,0,80
10/31/2021,CHA,TN,ASO,ES,Combined TRACON& Tower with Radar,24,27,44,1,96,0,1,14,5,20,24,28,58,6,116,86,0,86,202
11/01/2021,CHA,TN,ASO,ES,Combined TRACON& Tower with Radar,31,35,60,14,140,0,4,69,4,77,31,39,129,18,217,28,0,28,245
11/02/2021,CHA,TN,ASO,ES,Combined TRACON& Tower with Radar,25,33,77,18,153,0,4,83,7,94,25,37,160,25,247,120,0,120,367
11/03/2021,CHA,TN,ASO,ES,Combined TRACON& Tower with Radar,26,27,70,13,136,0,5,41,2,48,26,32,111,15,184,64,2,66,250
11/04/2021,CHA,TN,ASO,ES,Combined TRACON& Tower with Radar,23,46,51,16,136,0,0,2,0,2,23,46,53,16,138,0,0,0,138
11/05/2021,CHA,TN,ASO,ES,Combined TRACON& Tower with Radar,28,45,72,52,197,0,1,26,1,28,28,46,98,53,225,78,0,78,303
11/06/2021,CHA,TN,ASO,ES,Combined TRACON& Tower with Radar,20,30,36,7,93,0,0,68,4,72,20,30,104,11,165,42,10,52,217
11/07/2021,CHA,TN,ASO,ES,Combined TRACON& Tower with Radar,27,36,62,18,143,0,5,60,6,71,27,41,122,24,214,32,6,38,252
11/08/2021,CHA,TN,ASO,ES,Combined TRACON& Tower with Radar,27,47,66,59,199,0,12,67,5,84,27,59,133,64,283,124,2,126,409
11/09/2021,CHA,TN,ASO,ES,Combined TRACON& Tower with Radar,24,41,56,53,174,0,9,62,11,82,24,50,118,64,256,38,38,76,332
11/10/2021,CHA,TN,ASO,ES,Combined TRACON& Tower with Radar,24,55,69,62,210,0,7,56,9,72,24,62,125,71,282,82,38,120,402
11/11/2021,CHA,TN,ASO,ES,Combined TRACON& Tower with Radar,30,27,53,0,110,0,0,8,0,8,30,27,61,0,118,0,0,0,118
11/12/2021,CHA,TN,ASO,ES,Combined TRACON& Tower with Radar,29,53,61,34,177,0,2,36,2,40,29,55,97,36,217,69,0,69,286
11/13/2021,CHA,TN,ASO,ES,Combined TRACON& Tower with Radar,21,32,46,7,106,0,1,80,1,82,21,33,126,8,188,95,0,95,283
11/14/2021,CHA,TN,ASO,ES,Combined TRACON& Tower with Radar,28,32,45,11,116,0,2,24,3,29,28,34,69,14,145,44,4,48,193
11/15/2021,CHA,TN,ASO,ES,Combined TRACON& Tower with Radar,27,41,58,34,160,0,5,61,5,71,27,46,119,39,231,20,27,47,278
11/16/2021,CHA,TN,ASO,ES,Combined TRACON& Tower with Radar,24,47,73,29,173,0,1,34,2,37,24,48,107,31,210,76,11,87,297
11/17/2021,CHA,TN,ASO,ES,Combined TRACON& Tower with Radar,26,44,90,81,241,0,1,58,9,68,26,45,148,90,309,58,52,110,419
11/18/2021,CHA,TN,ASO,ES,Combined TRACON& Tower with Radar,28,42,67,12,149,0,2,10,1,13,28,44,77,13,162,28,0,28,190
11/19/2021,CHA,TN,ASO,ES,Combined TRACON& Tower with Radar,32,43,70,71,216,0,8,64,8,80,32,51,134,79,296,12,36,48,344
11/20/2021,CHA,TN,ASO,ES,Combined TRACON& Tower with Radar,23,35,43,1,102,0,0,57,5,62,23,35,100,6,164,50,0,50,214
11/21/2021,CHA,TN,ASO,ES,Combined TRACON& Tower with Radar,19,24,48,0,91,0,1,8,0,9,19,25,56,0,100,100,0,100,200
11/22/2021,CHA,TN,ASO,ES,Combined TRACON& Tower with Radar,28,36,57,31,152,0,0,30,10,40,28,36,87,41,192,26,22,48,240
11/23/2021,CHA,TN,ASO,ES,Combined TRACON& Tower with Radar,29,45,86,45,205,0,8,47,12,67,29,53,133,57,272,47,20,67,339
11/24/2021,CHA,TN,ASO,ES,Combined TRACON& Tower with Radar,31,38,58,25,152,0,0,57,1,58,31,38,115,26,210,39,0,39,249
11/25/2021,CHA,TN,ASO,ES,Combined TRACON& Tower with Radar,12,9,8,0,29,0,0,9,0,9,12,9,17,0,38,6,0,6,44
11/26/2021,CHA,TN,ASO,ES,Combined TRACON& Tower with Radar,18,36,23,0,77,0,2,36,0,38,18,38,59,0,115,2,0,2,117
11/27/2021,CHA,TN,ASO,ES,Combined TRACON& Tower with Radar,23,37,39,0,99,0,1,39,0,40,23,38,78,0,139,24,0,24,163
11/28/2021,CHA,TN,ASO,ES,Combined TRACON& Tower with Radar,26,30,59,0,115,0,0,53,0,53,26,30,112,0,168,42,0,42,210
11/29/2021,CHA,TN,ASO,ES,Combined TRACON& Tower with Radar,28,37,52,29,146,0,2,54,4,60,28,39,106,33,206,68,22,90,296
11/30/2021,CHA,TN,ASO,ES,Combined TRACON& Tower with Radar,26,28,43,41,138,0,6,58,7,71,26,34,101,48,209,36,18,54,263
12/01/2021,CHA,TN,ASO,ES,Combined TRACON& Tower with Radar,23,40,71,67,201,0,3,51,7,61,23,43,122,74,262,58,70,128,390
12/02/2021,CHA,TN,ASO,ES,Combined TRACON& Tower with Radar,26,45,75,64,210,0,5,49,20,74,26,50,124,84,284,44,20,64,348
12/03/2021,CHA,TN,ASO,ES,Combined TRACON& Tower with Radar,26,39,75,72,212,0,3,74,5,82,26,42,149,77,294,58,8,66,360
12/04/2021,CHA,TN,ASO,ES,Combined TRACON& Tower with Radar,20,23,40,38,121,0,0,37,5,42,20,23,77,43,163,60,22,82,245
12/05/2021,CHA,TN,ASO,ES,Combined TRACON& Tower with Radar,22,36,37,24,119,0,0,0,0,0,22,36,37,24,119,0,0,0,119
12/06/2021,CHA,TN,ASO,ES,Combined TRACON& Tower with Radar,23,20,36,2,81,0,0,4,0,4,23,20,40,2,85,16,0,16,101
12/07/2021,CHA,TN,ASO,ES,Combined TRACON& Tower with Radar,18,32,71,48,169,0,0,55,2,57,18,32,126,50,226,94,22,116,342
12/08/2021,CHA,TN,ASO,ES,Combined TRACON& Tower with Radar,19,42,68,59,188,0,0,44,8,52,19,42,112,67,240,68,36,104,344
12/09/2021,CHA,TN,ASO,ES,Combined TRACON& Tower with Radar,26,33,76,66,201,0,0,51,7,58,26,33,127,73,259,36,28,64,323
12/10/2021,CHA,TN,ASO,ES,Combined TRACON& Tower with Radar,25,35,41,0,101,0,0,0,0,0,25,35,41,0,101,0,0,0,101
12/11/2021,CHA,TN,ASO,ES,Combined TRACON& Tower with Radar,19,17,20,0,56,0,0,0,0,0,19,17,20,0,56,0,0,0,56
12/12/2021,CHA,TN,ASO,ES,Combined TRACON& Tower with Radar,23,41,52,25,141,0,3,70,2,75,23,44,122,27,216,44,0,44,260
12/13/2021,CHA,TN,ASO,ES,Combined TRACON& Tower with Radar,26,39,53,16,134,0,4,66,2,72,26,43,119,18,206,76,0,76,282
12/14/2021,CHA,TN,ASO,ES,Combined TRACON& Tower with Radar,18,30,74,41,163,0,0,44,4,48,18,30,118,45,211,37,6,43,254
12/15/2021,CHA,TN,ASO,ES,Combined TRACON& Tower with Radar,19,37,60,122,238,0,2,60,6,68,19,39,120,128,306,28,66,94,400
12/16/2021,CHA,TN,ASO,ES,Combined TRACON& Tower with Radar,27,32,62,91,212,0,1,31,1,33,27,33,93,92,245,38,36,74,319
12/17/2021,CHA,TN,ASO,ES,Combined TRACON& Tower with Radar,26,29,74,2,131,0,0,1,0,1,26,29,75,2,132,18,0,18,150
12/18/2021,CHA,TN,ASO,ES,Combined TRACON& Tower with Radar,18,19,17,2,56,0,0,1,0,1,18,19,18,2,57,26,0,26,83
12/19/2021,CHA,TN,ASO,ES,Combined TRACON& Tower with Radar,19,26,45,0,90,0,0,4,0,4,19,26,49,0,94,36,0,36,130
12/20/2021,CHA,TN,ASO,ES,Combined TRACON& Tower with Radar,21,21,59,33,134,0,2,64,7,73,21,23,123,40,207,12,28,40,247
12/21/2021,CHA,TN,ASO,ES,Combined TRACON& Tower with Radar,20,18,45,30,113,0,0,27,2,29,20,18,72,32,142,44,26,70,212
12/22/2021,CHA,TN,ASO,ES,Combined TRACON& Tower with Radar,20,27,66,6,119,0,1,53,4,58,20,28,119,10,177,50,14,64,241
12/23/2021,CHA,TN,ASO,ES,Combined TRACON& Tower with Radar,22,20,50,0,92,0,0,86,0,86,22,20,136,0,178,52,0,52,230
12/24/2021,CHA,TN,ASO,ES,Combined TRACON& Tower with Radar,15,20,8,0,43,0,0,24,0,24,15,20,32,0,67,62,0,62,129
12/25/2021,CHA,TN,ASO,ES,Combined TRACON& Tower with Radar,11,17,6,0,34,0,0,1,0,1,11,17,7,0,35,0,0,0,35
12/26/2021,CHA,TN,ASO,ES,Combined TRACON& Tower with Radar,18,27,44,0,89,0,1,19,0,20,18,28,63,0,109,28,0,28,137
12/27/2021,CHA,TN,ASO,ES,Combined TRACON& Tower with Radar,21,24,40,7,92,0,1,7,1,9,21,25,47,8,101,72,4,76,177
12/28/2021,CHA,TN,ASO,ES,Combined TRACON& Tower with Radar,20,30,45,10,105,0,1,19,0,20,20,31,64,10,125,52,12,64,189
12/29/2021,CHA,TN,ASO,ES,Combined TRACON& Tower with Radar,18,17,54,0,89,0,0,0,0,0,18,17,54,0,89,0,0,0,89
12/30/2021,CHA,TN,ASO,ES,Combined TRACON& Tower with Radar,22,29,55,0,106,0,0,2,0,2,22,29,57,0,108,82,0,82,190
12/31/2021,CHA,TN,ASO,ES,Combined TRACON& Tower with Radar,12,12,25,0,49,0,0,0,0,0,12,12,25,0,49,0,0,0,49
01/01/2022,CHA,TN,ASO,ES,Combined TRACON& Tower with Radar,13,18,17,0,48,0,0,0,0,0,13,18,17,0,48,0,0,0,48
01/02/2022,CHA,TN,ASO,ES,Combined TRACON& Tower with Radar,17,17,26,0,60,0,0,0,0,0,17,17,26,0,60,22,0,22,82
01/03/2022,CHA,TN,ASO,ES,Combined TRACON& Tower with Radar,18,27,52,0,97,0,0,17,0,17,18,27,69,0,114,72,0,72,186
01/04/2022,CHA,TN,ASO,ES,Combined TRACON& Tower with Radar,17,24,46,31,118,0,0,50,1,51,17,24,96,32,169,58,22,80,249
01/05/2022,CHA,TN,ASO,ES,Combined TRACON& Tower with Radar,23,24,58,7,112,0,4,38,3,45,23,28,96,10,157,82,0,82,239
01/06/2022,CHA,TN,ASO,ES,Combined TRACON& Tower with Radar,22,23,17,0,62,0,0,2,0,2,22,23,19,0,64,22,0,22,86
01/07/2022,CHA,TN,ASO,ES,Combined TRACON& Tower with Radar,22,14,57,13,106,0,0,52,6,58,22,14,109,19,164,44,14,58,222
01/08/2022,CHA,TN,ASO,ES,Combined TRACON& Tower with Radar,14,12,51,13,90,0,0,84,6,90,14,12,135,19,180,68,16,84,264
01/09/2022,CHA,TN,ASO,ES,Combined TRACON& Tower with Radar,21,17,28,0,66,0,0,0,0,0,21,17,28,0,66,0,0,0,66
01/10/2022,CHA,TN,ASO,ES,Combined TRACON& Tower with Radar,22,23,53,47,145,0,6,59,10,75,22,29,112,57,220,46,20,66,286
01/11/2022,CHA,TN,ASO,ES,Combined TRACON& Tower with Radar,24,10,53,54,141,0,0,78,12,90,24,10,131,66,231,56,52,108,339
01/12/2022,CHA,TN,ASO,ES,Combined TRACON& Tower with Radar,26,31,57,44,158,0,0,40,7,47,26,31,97,51,205,50,46,96,301
01/13/2022,CHA,TN,ASO,ES,Combined TRACON& Tower with Radar,25,43,57,24,149,0,1,62,0,63,25,44,119,24,212,90,18,108,320
01/14/2022,CHA,TN,ASO,ES,Combined TRACON& Tower with Radar,24,46,51,21,142,0,0,84,4,88,24,46,135,25,230,104,12,116,346
01/15/2022,CHA,TN,ASO,ES,Combined TRACON& Tower with Radar,18,10,22,0,50,0,0,15,0,15,18,10,37,0,65,20,0,20,85
01/16/2022,CHA,TN,ASO,ES,Combined TRACON& Tower with Radar,12,9,7,0,28,0,0,0,0,0,12,9,7,0,28,0,0,0,28
01/17/2022,CHA,TN,ASO,ES,Combined TRACON& Tower with Radar,24,21,30,0,75,0,1,6,0,7,24,22,36,0,82,40,0,40,122
01/18/2022,CHA,TN,ASO,ES,Combined TRACON& Tower with Radar,23,19,62,19,123,0,0,72,2,74,23,19,134,21,197,82,8,90,287
01/19/2022,CHA,TN,ASO,ES,Combined TRACON& Tower with Radar,24,28,37,48,137,0,2,22,0,24,24,30,59,48,161,44,0,44,205
01/20/2022,CHA,TN,ASO,ES,Combined TRACON& Tower with Radar,22,25,51,7,105,0,0,1,6,7,22,25,52,13,112,82,20,102,214
01/21/2022,CHA,TN,ASO,ES,Combined TRACON& Tower with Radar,24,28,45,20,117,0,0,4,3,7,24,28,49,23,124,86,18,104,228
01/22/2022,CHA,TN,ASO,ES,Combined TRACON& Tower with Radar,16,14,40,4,74,0,0,48,3,51,16,14,88,7,125,106,0,106,231
01/23/2022,CHA,TN,ASO,ES,Combined TRACON& Tower with Radar,26,20,76,4,126,0,3,74,6,83,26,23,150,10,209,46,0,46,255
01/24/2022,CHA,TN,ASO,ES,Combined TRACON& Tower with Radar,21,28,67,65,181,0,6,59,3,68,21,34,126,68,249,46,14,60,309
01/25/2022,CHA,TN,ASO,ES,Combined TRACON& Tower with Radar,24,16,63,49,152,0,5,44,9,58,24,21,107,58,210,32,34,66,276
01/26/2022,CHA,TN,ASO,ES,Combined TRACON& Tower with Radar,28,20,85,12,145,0,7,73,0,80,28,27,158,12,225,18,0,18,243
01/27/2022,CHA,TN,ASO,ES,Combined TRACON& Tower with Radar,27,33,68,48,176,0,6,83,5,94,27,39,151,53,270,20,12,32,302
01/28/2022,CHA,TN,ASO,ES,Combined TRACON& Tower with Radar,28,27,29,14,98,0,0,46,2,48,28,27,75,16,146,10,8,18,164
01/29/2022,CHA,TN,ASO,ES,Combined TRACON& Tower with Radar,15,23,34,6,78,0,7,47,0,54,15,30,81,6,132,18,0,18,150
01/30/2022,CHA,TN,ASO,ES,Combined TRACON& Tower with Radar,23,17,41,6,87,0,8,48,1,57,23,25,89,7,144,40,0,40,184
01/31/2022,CHA,TN,ASO,ES,Combined TRACON& Tower with Radar,23,25,60,51,159,0,10,42,8,60,23,35,102,59,219,22,2,24,243
02/01/2022,CHA,TN,ASO,ES,Combined TRACON& Tower with Radar,17,30,51,64,162,0,10,65,15,90,17,40,116,79,252,42,56,98,350
02/02/2022,CHA,TN,ASO,ES,Combined TRACON& Tower with Radar,18,40,36,0,94,0,2,5,0,7,18,42,41,0,101,0,0,0,101
02/03/2022,CHA,TN,ASO,ES,Combined TRACON& Tower with Radar,14,32,25,0,71,0,0,0,0,0,14,32,25,0,71,0,0,0,71
02/04/2022,CHA,TN,ASO,ES,Combined TRACON& Tower with Radar,18,33,33,2,86,0,0,2,0,2,18,33,35,2,88,32,0,32,120
02/05/2022,CHA,TN,ASO,ES,Combined TRACON& Tower with Radar,17,10,43,10,80,0,13,85,2,100,17,23,128,12,180,48,0,48,228
02/06/2022,CHA,TN,ASO,ES,Combined TRACON& Tower with Radar,21,45,54,16,136,0,13,59,1,73,21,58,113,17,209,56,0,56,265
02/07/2022,CHA,TN,ASO,ES,Combined TRACON& Tower with Radar,19,42,41,35,137,0,25,55,8,88,19,67,96,43,225,88,10,98,323
02/08/2022,CHA,TN,ASO,ES,Combined TRACON& Tower with Radar,16,36,73,49,174,0,16,78,9,103,16,52,151,58,277,76,30,106,383
02/09/2022,CHA,TN,ASO,ES,Combined TRACON& Tower with Radar,21,42,70,20,153,0,25,82,6,113,21,67,152,26,266,16,12,28,294
02/10/2022,CHA,TN,ASO,ES,Combined TRACON& Tower with Radar,26,34,80,24,164,0,20,84,6,110,26,54,164,30,274,44,2,46,320
02/11/2022,CHA,TN,ASO,ES,Combined TRACON& Tower with Radar,20,38,63,42,163,0,10,78,7,95,20,48,141,49,258,104,12,116,374
02/12/2022,CHA,TN,ASO,ES,Combined TRACON& Tower with Radar,17,17,37,4,75,0,2,89,2,93,17,19,126,6,168,46,0,46,214
02/13/2022,CHA,TN,ASO,ES,Combined TRACON& Tower with Radar,20,34,49,14,117,0,6,51,3,60,20,40,100,17,177,58,0,58,235
02/14/2022,CHA,TN,ASO,ES,Combined TRACON& Tower with Radar,18,50,60,41,169,0,9,84,11,104,18,59,144,52,273,20,22,42,315
02/15/2022,CHA,TN,ASO,ES,Combined TRACON& Tower with Radar,18,44,57,39,158,0,11,89,14,114,18,55,146,53,272,56,30,86,358
02/16/2022,CHA,TN,ASO,ES,Combined TRACON& Tower with Radar,21,39,51,21,132,0,9,25,3,37,21,48,76,24,169,26,6,32,201
02/17/2022,CHA,TN,ASO,ES,Combined TRACON& Tower with Radar,22,33,39,12,106,0,0,1,0,1,22,33,40,12,107,0,0,0,107
02/18/2022,CHA,TN,ASO,ES,Combined TRACON& Tower with Radar,22,37,73,3,135,0,10,20,1,31,22,47,93,4,166,66,18,84,250
02/19/2022,CHA,TN,ASO,ES,Combined TRACON& Tower with Radar,19,18,37,0,74,0,22,88,0,110,19,40,125,0,184,70,0,70,254
02/20/2022,CHA,TN,ASO,ES,Combined TRACON& Tower with Radar,22,29,52,10,113,0,21,62,0,83,22,50,114,10,196,36,0,36,232
02/21/2022,CHA,TN,ASO,ES,Combined TRACON& Tower with Radar,21,38,64,0,123,0,1,33,0,34,21,39,97,0,157,52,0,52,209
02/22/2022,CHA,TN,ASO,ES,Combined TRACON& Tower with Radar,16,27,52,23,118,0,0,3,3,6,16,27,55,26,124,12,0,12,136
02/23/2022,CHA,TN,ASO,ES,Combined TRACON& Tower with Radar,17,32,70,42,161,0,1,14,1,16,17,33,84,43,177,20,0,20,197
02/24/2022,CHA,TN,ASO,ES,Combined TRACON& Tower with Radar,23,41,117,14,195,0,0,4,1,5,23,41,121,15,200,18,0,18,218
02/25/2022,CHA,TN,ASO,ES,Combined TRACON& Tower with Radar,26,34,70,58,188,0,1,40,4,45,26,35,110,62,233,98,24,122,355
02/26/2022,CHA,TN,ASO,ES,Combined TRACON& Tower with Radar,19,12,37,9,77,0,0,36,3,39,19,12,73,12,116,42,0,42,158
02/27/2022,CHA,TN,ASO,ES,Combined TRACON& Tower with Radar,26,29,42,0,97,0,0,5,3,8,26,29,47,3,105,0,0,0,105
02/28/2022,CHA,TN,ASO,ES,Combined TRACON& Tower with Radar,20,39,69,39,167,0,6,75,4,85,20,45,144,43,252,59,0,59,311
03/01/2022,CHA,TN,ASO,ES,Combined TRACON& Tower with Radar,18,42,79,32,171,0,5,64,7,76,18,47,143,39,247,84,16,100,347
03/02/2022,CHA,TN,ASO,ES,Combined TRACON& Tower with Radar,21,46,80,41,188,0,9,71,11,91,21,55,151,52,279,70,4,74,353
03/03/2022,CHA,TN,ASO,ES,Combined TRACON& Tower with Radar,23,36,82,40,181,0,16,79,8,103,23,52,161,48,284,66,10,76,360
03/04/2022,CHA,TN,ASO,ES,Combined TRACON& Tower with Radar,21,50,65,22,158,0,6,79,6,91,21,56,144,28,249,52,14,66,315
03/05/2022,CHA,TN,ASO,ES,Combined TRACON& Tower with Radar,18,23,50,7,98,0,9,44,3,56,18,32,94,10,154,14,0,14,168
03/06/2022,CHA,TN,ASO,ES,Combined TRACON& Tower with Radar,19,30,48,2,99,0,3,36,0,39,19,33,84,2,138,6,0,6,144
03/07/2022,CHA,TN,ASO,ES,Combined TRACON& Tower with Radar,18,22,32,0,72,0,0,1,0,1,18,22,33,0,73,0,0,0,73
03/08/2022,CHA,TN,ASO,ES,Combined TRACON& Tower with Radar,14,26,71,63,174,0,0,36,4,40,14,26,107,67,214,116,20,136,350
03/09/2022,CHA,TN,ASO,ES,Combined TRACON& Tower with Radar,14,36,58,54,162,0,4,17,8,29,14,40,75,62,191,78,6,84,275
03/10/2022,CHA,TN,ASO,ES,Combined TRACON& Tower with Radar,21,52,61,36,170,0,6,45,6,57,21,58,106,42,227,76,40,116,343
03/11/2022,CHA,TN,ASO,ES,Combined TRACON& Tower with Radar,19,31,73,30,153,0,1,27,2,30,19,32,100,32,183,0,0,0,183
03/12/2022,CHA,TN,ASO,ES,Combined TRACON& Tower with Radar,14,24,18,10,66,0,11,8,2,21,14,35,26,12,87,0,0,0,87
03/13/2022,CHA,TN,ASO,ES,Combined TRACON& Tower with Radar,22,35,55,21,133,0,6,50,4,60,22,41,105,25,193,46,0,46,239
03/14/2022,CHA,TN,ASO,ES,Combined TRACON& Tower with Radar,22,51,48,40,161,0,25,61,7,93,22,76,109,47,254,54,18,72,326
03/15/2022,CHA,TN,ASO,ES,Combined TRACON& Tower with Radar,17,35,47,60,159,0,2,24,4,30,17,37,71,64,189,68,24,92,281
03/16/2022,CHA,TN,ASO,ES,Combined TRACON& Tower with Radar,25,59,58,2,144,0,0,10,0,10,25,59,68,2,154,20,0,20,174
03/17/2022,CHA,TN,ASO,ES,Combined TRACON& Tower with Radar,24,37,66,21,148,0,6,61,5,72,24,43,127,26,220,56,12,68,288
03/18/2022,CHA,TN,ASO,ES,Combined TRACON& Tower with Radar,19,22,26,7,74,0,0,8,0,8,19,22,34,7,82,0,0,0,82
03/19/2022,CHA,TN,ASO,ES,Combined TRACON& Tower with Radar,16,28,44,4,92,0,4,52,3,59,16,32,96,7,151,28,0,28,179
03/20/2022,CHA,TN,ASO,ES,Combined TRACON& Tower with Radar,22,34,55,5,116,0,19,86,1,106,22,53,141,6,222,22,10,32,254
03/21/2022,CHA,TN,ASO,ES,Combined TRACON& Tower with Radar,20,36,69,29,154,0,14,79,12,105,20,50,148,41,259,78,0,78,337
03/22/2022,CHA,TN,ASO,ES,Combined TRACON& Tower with Radar,21,35,63,24,143,0,6,28,9,43,21,41,91,33,186,22,6,28,214
03/23/2022,CHA,TN,ASO,ES,Combined TRACON& Tower with Radar,24,23,46,37,130,0,0,1,3,4,24,23,47,40,134,0,14,14,148
03/24/2022,CHA,TN,ASO,ES,Combined TRACON& Tower with Radar,23,67,77,22,189,0,16,53,3,72,23,83,130,25,261,64,8,72,333
03/25/2022,CHA,TN,ASO,ES,Combined TRACON& Tower with Radar,20,32,59,35,146,0,7,39,6,52,20,39,98,41,198,18,14,32,230
03/26/2022,CHA,TN,ASO,ES,Combined TRACON& Tower with Radar,16,33,31,0,80,0,8,20,0,28,16,41,51,0,108,0,0,0,108
03/27/2022,CHA,TN,ASO,ES,Combined TRACON& Tower with Radar,22,35,68,28,153,0,16,77,9,102,22,51,145,37,255,64,0,64,319
03/28/2022,CHA,TN,ASO,ES,Combined TRACON& Tower with Radar,25,30,67,14,136,0,12,46,2,60,25,42,113,16,196,94,14,108,304
03/29/2022,CHA,TN,ASO,ES,Combined TRACON& Tower with Radar,15,36,71,85,207,0,9,63,14,86,15,45,134,99,293,34,64,98,391
03/30/2022,CHA,TN,ASO,ES,Combined TRACON& Tower with Radar,14,26,30,1,71,0,3,10,3,16,14,29,40,4,87,10,0,10,97
03/31/2022,CHA,TN,ASO,ES,Combined TRACON& Tower with Radar,23,32,78,43,176,0,5,21,3,29,23,37,99,46,205,12,48,60,265
04/01/2022,CHA,TN,ASO,ES,Combined TRACON& Tower with Radar,24,34,82,17,157,0,15,67,21,103,24,49,149,38,260,42,14,56,316
04/02/2022,CHA,TN,ASO,ES,Combined TRACON& Tower with Radar,15,29,33,11,88,0,7,54,1,62,15,36,87,12,150,54,4,58,208
04/03/2022,CHA,TN,ASO,ES,Combined TRACON& Tower with Radar,20,33,81,11,145,0,10,77,6,93,20,43,158,17,238,36,0,36,274
04/04/2022,CHA,TN,ASO,ES,Combined TRACON& Tower with Radar,24,43,87,43,197,0,14,70,3,87,24,57,157,46,284,50,10,60,344
04/05/2022,CHA,TN,ASO,ES,Combined TRACON& Tower with Radar,18,20,38,0,76,0,0,0,0,0,18,20,38,0,76,6,0,6,82
04/06/2022,CHA,TN,ASO,ES,Combined TRACON& Tower with Radar,16,29,59,18,122,0,0,0,0,0,16,29,59,18,122,12,0,12,134
04/07/2022,CHA,TN,ASO,ES,Combined TRACON& Tower with Radar,22,41,78,37,178,0,11,31,10,52,22,52,109,47,230,22,8,30,260
04/08/2022,CHA,TN,ASO,ES,Combined TRACON& Tower with Radar,25,33,49,26,133,0,4,13,5,22,25,37,62,31,155,48,0,48,203
04/09/2022,CHA,TN,ASO,ES,Combined TRACON& Tower with Radar,17,28,35,23,103,0,0,27,3,30,17,28,62,26,133,20,0,20,153
04/10/2022,CHA,TN,ASO,ES,Combined TRACON& Tower with Radar,21,45,59,7,132,0,13,95,8,116,21,58,154,15,248,56,0,56,304
04/11/2022,CHA,TN,ASO,ES,Combined TRACON& Tower with Radar,24,23,65,24,136,0,1,17,0,18,24,24,82,24,154,70,0,70,224
04/12/2022,CHA,TN,ASO,ES,Combined TRACON& Tower with Radar,18,60,70,22,170,0,4,21,0,25,18,64,91,22,195,30,0,30,225
04/13/2022,CHA,TN,ASO,ES,Combined TRACON& Tower with Radar,15,35,70,26,146,0,0,21,7,28,15,35,91,33,174,18,44,62,236
04/14/2022,CHA,TN,ASO,ES,Combined TRACON& Tower with Radar,26,53,73,35,187,0,10,50,5,65,26,63,123,40,252,76,0,76,328
04/15/2022,CHA,TN,ASO,ES,Combined TRACON& Tower with Radar,26,38,56,38,158,0,22,72,3,97,26,60,128,41,255,68,12,80,335
04/16/2022,CHA,TN,ASO,ES,Combined TRACON& Tower with Radar,18,37,46,0,101,0,1,4,0,5,18,38,50,0,106,56,0,56,162
04/17/2022,CHA,TN,ASO,ES,Combined TRACON& Tower with Radar,24,26,29,0,79,0,2,15,4,21,24,28,44,4,100,78,0,78,178
04/18/2022,CHA,TN,ASO,ES,Combined TRACON& Tower with Radar,24,33,72,19,148,0,2,10,0,12,24,35,82,19,160,70,0,70,230
04/19/2022,CHA,TN,ASO,ES,Combined TRACON& Tower with Radar,19,72,76,56,223,0,10,63,13,86,19,82,139,69,309,38,10,48,357
04/20/2022,CHA,TN,ASO,ES,Combined TRACON& Tower with Radar,18,44,57,61,180,0,7,49,9,65,18,51,106,70,245,22,36,58,303
04/21/2022,CHA,TN,ASO,ES,Combined TRACON& Tower with Radar,24,45,75,19,163,0,1,56,9,66,24,46,131,28,229,64,4,68,297
04/22/2022,CHA,TN,ASO,ES,Combined TRACON& Tower with Radar,23,50,58,85,216,0,5,79,12,96,23,55,137,97,312,36,8,44,356
04/23/2022,CHA,TN,ASO,ES,Combined TRACON& Tower with Radar,19,33,36,0,88,0,11,75,7,93,19,44,111,7,181,28,4,32,213
04/24/2022,CHA,TN,ASO,ES,Combined TRACON& Tower with Radar,22,44,65,51,182,0,0,67,15,82,22,44,132,66,264,16,0,16,280
04/25/2022,CHA,TN,ASO,ES,Combined TRACON& Tower with Radar,25,28,73,18,144,0,4,43,3,50,25,32,116,21,194,48,0,48,242
04/26/2022,CHA,TN,ASO,ES,Combined TRACON& Tower with Radar,19,41,78,22,160,0,3,31,0,34,19,44,109,22,194,110,0,110,304
04/27/2022,CHA,TN,ASO,ES,Combined TRACON& Tower with Radar,21,48,81,55,205,0,11,59,7,77,21,59,140,62,282,118,28,146,428
04/28/2022,CHA,TN,ASO,ES,Combined TRACON& Tower with Radar,27,41,72,14,154,0,6,85,11,102,27,47,157,25,256,48,4,52,308
04/29/2022,CHA,TN,ASO,ES,Combined TRACON& Tower with Radar,22,31,85,17,155,0,10,65,6,81,22,41,150,23,236,118,0,118,354
04/30/2022,CHA,TN,ASO,ES,Combined TRACON& Tower with Radar,21,23,52,2,98,0,12,37,0,49,21,35,89,2,147,10,0,10,157
05/01/2022,CHA,TN,ASO,ES,Combined TRACON& Tower with Radar,25,39,63,21,148,0,4,22,4,30,25,43,85,25,178,10,0,10,188
05/02/2022,CHA,TN,ASO,ES,Combined TRACON& Tower with Radar,23,37,56,21,137,0,2,50,3,55,23,39,106,24,192,78,6,84,276
05/03/2022,CHA,TN,ASO,ES,Combined TRACON& Tower with Radar,22,23,51,28,124,0,0,27,4,31,22,23,78,32,155,34,72,106,261
05/04/2022,CHA,TN,ASO,ES,Combined TRACON& Tower with Radar,19,40,58,10,127,0,5,41,0,46,19,45,99,10,173,72,24,96,269
05/05/2022,CHA,TN,ASO,ES,Combined TRACON& Tower with Radar,28,18,75,31,152,0,0,55,5,60,28,18,130,36,212,68,6,74,286
05/06/2022,CHA,TN,ASO,ES,Combined TRACON& Tower with Radar,33,23,38,2,96,0,0,6,0,6,33,23,44,2,102,0,0,0,102
05/07/2022,CHA,TN,ASO,ES,Combined TRACON& Tower with Radar,24,23,53,0,100,0,0,18,1,19,24,23,71,1,119,22,0,22,141
05/08/2022,CHA,TN,ASO,ES,Combined TRACON& Tower with Radar,26,30,48,3,107,0,0,43,2,45,26,30,91,5,152,52,0,52,204
05/09/2022,CHA,TN,ASO,ES,Combined TRACON& Tower with Radar,25,29,77,28,159,0,3,75,5,83,25,32,152,33,242,70,42,112,354
05/10/2022,CHA,TN,ASO,ES,Combined TRACON& Tower with Radar,25,17,45,36,123,0,2,57,3,62,25,19,102,39,185,38,0,38,223
05/11/2022,CHA,TN,ASO,ES,Combined TRACON& Tower with Radar,26,42,74,53,195,0,0,63,4,67,26,42,137,57,262,60,18,78,340
05/12/2022,CHA,TN,ASO,ES,Combined TRACON& Tower with Radar,30,23,62,40,155,0,0,83,1,84,30,23,145,41,239,106,22,128,367
05/13/2022,CHA,TN,ASO,ES,Combined TRACON& Tower with Radar,27,27,62,80,196,0,2,56,10,68,27,29,118,90,264,48,0,48,312
05/14/2022,CHA,TN,ASO,ES,Combined TRACON& Tower with Radar,24,20,30,1,75,0,5,49,1,55,24,25,79,2,130,66,0,66,196
05/15/2022,CHA,TN,ASO,ES,Combined TRACON& Tower with Radar,25,23,60,21,129,0,2,45,6,53,25,25,105,27,182,42,0,42,224
05/16/2022,CHA,TN,ASO,ES,Combined TRACON& Tower with Radar,27,27,66,24,144,0,0,72,5,77,27,27,138,29,221,99,14,113,334
05/17/2022,CHA,TN,ASO,ES,Combined TRACON& Tower with Radar,25,39,75,33,172,0,6,85,9,100,25,45,160,42,272,200,50,250,522
05/18/2022,CHA,TN,ASO,ES,Combined TRACON& Tower with Radar,25,32,80,28,165,0,3,57,2,62,25,35,137,30,227,78,10,88,315
05/19/2022,CHA,TN,ASO,ES,Combined TRACON& Tower with Radar,29,33,60,42,164,0,5,50,0,55,29,38,110,42,219,66,0,66,285
05/20/2022,CHA,TN,ASO,ES,Combined TRACON& Tower with Radar,29,34,70,64,197,0,13,55,10,78,29,47,125,74,275,28,0,28,303
05/21/2022,CHA,TN,ASO,ES,Combined TRACON& Tower with Radar,21,29,50,0,100,0,4,38,1,43,21,33,88,1,143,64,0,64,207
05/22/2022,CHA,TN,ASO,ES,Combined TRACON& Tower with Radar,21,27,39,0,87,0,4,20,0,24,21,31,59,0,111,4,0,4,115
05/23/2022,CHA,TN,ASO,ES,Combined TRACON& Tower with Radar,27,25,37,0,89,0,1,0,0,1,27,26,37,0,90,24,0,24,114
05/24/2022,CHA,TN,ASO,ES,Combined TRACON& Tower with Radar,25,26,79,58,188,0,2,23,1,26,25,28,102,59,214,60,12,72,286
05/25/2022,CHA,TN,ASO,ES,Combined TRACON& Tower with Radar,25,25,54,15,119,0,0,0,2,2,25,25,54,17,121,18,0,18,139
05/26/2022,CHA,TN,ASO,ES,Combined TRACON& Tower with Radar,25,25,51,0,101,0,0,4,0,4,25,25,55,0,105,14,0,14,119
05/27/2022,CHA,TN,ASO,ES,Combined TRACON& Tower with Radar,29,34,48,0,111,0,5,49,0,54,29,39,97,0,165,26,0,26,191
05/28/2022,CHA,TN,ASO,ES,Combined TRACON& Tower with Radar,22,21,38,2,83,0,4,84,1,89,22,25,122,3,172,78,0,78,250
05/29/2022,CHA,TN,ASO,ES,Combined TRACON& Tower with Radar,23,19,36,0,78,0,8,67,1,76,23,27,103,1,154,26,0,26,180
05/30/2022,CHA,TN,ASO,ES,Combined TRACON& Tower with Radar,26,20,40,0,86,0,0,59,2,61,26,20,99,2,147,0,0,0,147
05/31/2022,CHA,TN,ASO,ES,Combined TRACON& Tower with Radar,24,25,60,53,162,0,10,72,9,91,24,35,132,62,253,16,10,26,279
06/01/2022,CHA,TN,ASO,ES,Combined TRACON& Tower with Radar,24,22,64,44,154,0,14,78,4,96,24,36,142,48,250,126,14,140,390
06/02/2022,CHA,TN,ASO,ES,Combined TRACON& Tower with Radar,25,28,48,9,110,0,0,40,1,41,25,28,88,10,151,12,4,16,167
06/03/2022,CHA,TN,ASO,ES,Combined TRACON& Tower with Radar,30,28,62,7,127,0,9,68,2,79,30,37,130,9,206,72,0,72,278
06/04/2022,CHA,TN,ASO,ES,Combined TRACON& Tower with Radar,21,22,25,63,131,0,4,75,2,81,21,26,100,65,212,10,4,14,226
06/05/2022,CHA,TN,ASO,ES,Combined TRACON& Tower with Radar,25,32,43,13,113,0,8,40,4,52,25,40,83,17,165,28,0,28,193
06/06/2022,CHA,TN,ASO,ES,Combined TRACON& Tower with Radar,30,28,60,28,146,0,0,48,4,52,30,28,108,32,198,33,4,37,235
06/07/2022,CHA,TN,ASO,ES,Combined TRACON& Tower with Radar,23,32,43,0,98,0,0,6,0,6,23,32,49,0,104,0,0,0,104
06/08/2022,CHA,TN,ASO,ES,Combined TRACON& Tower with Radar,26,33,63,4,126,0,2,8,0,10,26,35,71,4,136,14,0,14,150
06/09/2022,CHA,TN,ASO,ES,Combined TRACON& Tower with Radar,27,38,52,21,138,0,16,59,2,77,27,54,111,23,215,64,0,64,279
06/10/2022,CHA,TN,ASO,ES,Combined TRACON& Tower with Radar,25,33,73,81,212,0,7,72,8,87,25,40,145,89,299,14,0,14,313
06/11/2022,CHA,TN,ASO,ES,Combined TRACON& Tower with Radar,22,27,42,1,92,0,7,44,2,53,22,34,86,3,145,55,0,55,200
06/12/2022,CHA,TN,ASO,ES,Combined TRACON& Tower with Radar,23,22,42,34,121,0,9,74,6,89,23,31,116,40,210,16,0,16,226
06/13/2022,CHA,TN,ASO,ES,Combined TRACON& Tower with Radar,29,42,78,35,184,0,10,79,5,94,29,52,157,40,278,26,22,48,326
06/14/2022,CHA,TN,ASO,ES,Combined TRACON& Tower with Radar,25,37,76,58,196,0,8,66,7,81,25,45,142,65,277,68,24,92,369
06/15/2022,CHA,TN,ASO,ES,Combined TRACON& Tower with Radar,34,33,86,43,196,0,11,68,5,84,34,44,154,48,280,96,8,104,384
06/16/2022,CHA,TN,ASO,ES,Combined TRACON& Tower with Radar,25,38,59,50,172,0,6,60,1,67,25,44,119,51,239,64,0,64,303
06/17/2022,CHA,TN,ASO,ES,Combined TRACON& Tower with Radar,25,35,54,6,120,0,3,60,0,63,25,38,114,6,183,74,0,74,257
06/18/2022,CHA,TN,ASO,ES,Combined TRACON& Tower with Radar,22,27,23,2,74,0,4,50,2,56,22,31,73,4,130,4,0,4,134
06/19/2022,CHA,TN,ASO,ES,Combined TRACON& Tower with Radar,20,28,39,6,93,0,6,83,0,89,20,34,122,6,182,16,0,16,198
06/20/2022,CHA,TN,ASO,ES,Combined TRACON& Tower with Radar,27,32,55,0,114,0,7,76,0,83,27,39,131,0,197,70,0,70,267
06/21/2022,CHA,TN,ASO,ES,Combined TRACON& Tower with Radar,22,35,49,22,128,0,0,73,2,75,22,35,122,24,203,46,12,58,261
06/22/2022,CHA,TN,ASO,ES,Combined TRACON& Tower with Radar,21,43,79,52,195,0,4,60,1,65,21,47,139,53,260,30,6,36,296
06/23/2022,CHA,TN,ASO,ES,Combined TRACON& Tower with Radar,26,34,59,2,121,0,6,41,2,49,26,40,100,4,170,34,0,34,204
06/24/2022,CHA,TN,ASO,ES,Combined TRACON& Tower with Radar,26,34,53,111,224,0,3,50,15,68,26,37,103,126,292,66,8,74,366
06/25/2022,CHA,TN,ASO,ES,Combined TRACON& Tower with Radar,20,25,42,0,87,0,0,21,0,21,20,25,63,0,108,50,0,50,158
06/26/2022,CHA,TN,ASO,ES,Combined TRACON& Tower with Radar,22,30,35,14,101,0,2,33,5,40,22,32,68,19,141,4,0,4,145
06/27/2022,CHA,TN,ASO,ES,Combined TRACON& Tower with Radar,32,32,86,5,155,0,0,26,0,26,32,32,112,5,181,28,0,28,209
06/28/2022,CHA,TN,ASO,ES,Combined TRACON& Tower with Radar,24,28,55,45,152,0,6,63,6,75,24,34,118,51,227,58,0,58,285
06/29/2022,CHA,TN,ASO,ES,Combined TRACON& Tower with Radar,25,22,73,13,133,0,2,18,1,21,25,24,91,14,154,14,0,14,168
06/30/2022,CHA,TN,ASO,ES,Combined TRACON& Tower with Radar,23,26,64,29,142,0,2,51,4,57,23,28,115,33,199,150,16,166,365
07/01/2022,CHA,TN,ASO,ES,Combined TRACON& Tower with Radar,23,29,71,2,125,0,2,48,1,51,23,31,119,3,176,62,0,62,238
07/02/2022,CHA,TN,ASO,ES,Combined TRACON& Tower with Radar,14,17,36,0,67,0,0,7,0,7,14,17,43,0,74,28,0,28,102
07/03/2022,CHA,TN,ASO,ES,Combined TRACON& Tower with Radar,19,14,28,0,61,0,0,33,0,33,19,14,61,0,94,0,0,0,94
07/04/2022,CHA,TN,ASO,ES,Combined TRACON& Tower with Radar,23,16,23,0,62,0,0,11,0,11,23,16,34,0,73,42,0,42,115
07/05/2022,CHA,TN,ASO,ES,Combined TRACON& Tower with Radar,17,24,59,32,132,0,0,51,4,55,17,24,110,36,187,48,0,48,235
07/06/2022,CHA,TN,ASO,ES,Combined TRACON& Tower with Radar,19,27,45,40,131,0,4,58,13,75,19,31,103,53,206,28,16,44,250
07/07/2022,CHA,TN,ASO,ES,Combined TRACON& Tower with Radar,19,28,60,9,116,0,0,35,1,36,19,28,95,10,152,42,10,52,204
07/08/2022,CHA,TN,ASO,ES,Combined TRACON& Tower with Radar,24,31,51,28,134,0,0,35,8,43,24,31,86,36,177,62,2,64,241
07/09/2022,CHA,TN,ASO,ES,Combined TRACON& Tower with Radar,16,21,46,0,83,0,0,10,0,10,16,21,56,0,93,26,0,26,119
07/10/2022,CHA,TN,ASO,ES,Combined TRACON& Tower with Radar,20,35,67,19,141,0,2,7,7,16,20,37,74,26,157,16,0,16,173
07/11/2022,CHA,TN,ASO,ES,Combined TRACON& Tower with Radar,23,30,73,26,152,0,5,41,0,46,23,35,114,26,198,110,0,110,308
07/12/2022,CHA,TN,ASO,ES,Combined TRACON& Tower with Radar,15,39,53,38,145,0,1,55,4,60,15,40,108,42,205,38,16,54,259
07/13/2022,CHA,TN,ASO,ES,Combined TRACON& Tower with Radar,16,30,68,0,114,0,0,47,0,47,16,30,115,0,161,64,0,64,225
07/14/2022,CHA,TN,ASO,ES,Combined TRACON& Tower with Radar,18,41,60,41,160,0,9,102,5,116,18,50,162,46,276,83,6,89,365
07/15/2022,CHA,TN,ASO,ES,Combined TRACON& Tower with Radar,22,37,83,32,174,0,7,104,4,115,22,44,187,36,289,70,6,76,365
07/16/2022,CHA,TN,ASO,ES,Combined TRACON& Tower with Radar,16,26,39,2,83,0,3,78,3,84,16,29,117,5,167,16,0,16,183
07/17/2022,CHA,TN,ASO,ES,Combined TRACON& Tower with Radar,18,36,60,0,114,0,1,41,3,45,18,37,101,3,159,28,0,28,187
07/18/2022,CHA,TN,ASO,ES,Combined TRACON& Tower with Radar,21,24,70,16,131,0,0,30,1,31,21,24,100,17,162,20,0,20,182
07/19/2022,CHA,TN,ASO,ES,Combined TRACON& Tower with Radar,17,22,60,3,102,0,1,19,3,23,17,23,79,6,125,96,0,96,221
07/20/2022,CHA,TN,ASO,ES,Combined TRACON& Tower with Radar,17,28,65,8,118,0,0,44,2,46,17,28,109,10,164,78,0,78,242
07/21/2022,CHA,TN,ASO,ES,Combined TRACON& Tower with Radar,19,25,55,13,112,0,1,11,4,16,19,26,66,17,128,84,18,102,230
07/22/2022,CHA,TN,ASO,ES,Combined TRACON& Tower with Radar,28,37,61,87,213,0,2,83,15,100,28,39,144,102,313,56,48,104,417
07/23/2022,CHA,TN,ASO,ES,Combined TRACON& Tower with Radar,28,42,30,39,139,0,1,59,3,63,28,43,89,42,202,14,0,14,216
07/24/2022,CHA,TN,ASO,ES,Combined TRACON& Tower with Radar,17,43,29,13,102,0,5,33,0,38,17,48,62,13,140,2,0,2,142
07/25/2022,CHA,TN,ASO,ES,Combined TRACON& Tower with Radar,24,21,65,13,123,0,1,32,2,35,24,22,97,15,158,134,6,140,298
07/26/2022,CHA,TN,ASO,ES,Combined TRACON& Tower with Radar,17,42,80,8,147,0,0,36,1,37,17,42,116,9,184,110,0,110,294
07/27/2022,CHA,TN,ASO,ES,Combined TRACON& Tower with Radar,17,45,72,17,151,0,1,54,3,58,17,46,126,20,209,38,0,38,247
07/28/2022,CHA,TN,ASO,ES,Combined TRACON& Tower with Radar,20,35,60,0,115,0,0,48,0,48,20,35,108,0,163,84,0,84,247
07/29/2022,CHA,TN,ASO,ES,Combined TRACON& Tower with Radar,23,36,41,0,100,0,1,24,0,25,23,37,65,0,125,16,0,16,141
07/30/2022,CHA,TN,ASO,ES,Combined TRACON& Tower with Radar,15,46,19,0,80,0,0,6,0,6,15,46,25,0,86,22,0,22,108
07/31/2022,CHA,TN,ASO,ES,Combined TRACON& Tower with Radar,18,29,34,7,88,0,0,7,1,8,18,29,41,8,96,0,0,0,96
08/01/2022,CHA,TN,ASO,ES,Combined TRACON& Tower with Radar,24,34,21,0,79,0,2,5,0,7,24,36,26,0,86,12,0,12,98
08/02/2022,CHA,TN,ASO,ES,Combined TRACON& Tower with Radar,16,35,54,1,106,0,1,64,3,68,16,36,118,4,174,144,0,144,318
08/03/2022,CHA,TN,ASO,ES,Combined TRACON& Tower with Radar,21,39,65,33,158,0,0,78,4,82,21,39,143,37,240,88,10,98,338
08/04/2022,CHA,TN,ASO,ES,Combined TRACON& Tower with Radar,19,35,46,24,124,0,0,51,0,51,19,35,97,24,175,118,18,136,311
08/05/2022,CHA,TN,ASO,ES,Combined TRACON& Tower with Radar,20,24,50,1,95,0,0,43,1,44,20,24,93,2,139,120,0,120,259
08/06/2022,CHA,TN,ASO,ES,Combined TRACON& Tower with Radar,13,27,30,0,70,0,0,22,0,22,13,27,52,0,92,120,0,120,212
08/07/2022,CHA,TN,ASO,ES,Combined TRACON& Tower with Radar,17,28,57,31,133,0,1,39,4,44,17,29,96,35,177,80,0,80,257
08/08/2022,CHA,TN,ASO,ES,Combined TRACON& Tower with Radar,23,31,35,7,96,0,1,52,4,57,23,32,87,11,153,160,0,160,313
08/09/2022,CHA,TN,ASO,ES,Combined TRACON& Tower with Radar,18,28,65,2,113,0,0,28,0,28,18,28,93,2,141,28,0,28,169
08/10/2022,CHA,TN,ASO,ES,Combined TRACON& Tower with Radar,18,27,44,0,89,0,0,3,0,3,18,27,47,0,92,0,0,0,92
08/11/2022,CHA,TN,ASO,ES,Combined TRACON& Tower with Radar,20,30,83,10,143,0,1,22,1,24,20,31,105,11,167,94,0,94,261
08/12/2022,CHA,TN,ASO,ES,Combined TRACON& Tower with Radar,25,30,71,78,204,0,1,69,9,79,25,31,140,87,283,144,10,154,437
08/13/2022,CHA,TN,ASO,ES,Combined TRACON& Tower with Radar,16,27,46,35,124,0,1,92,3,96,16,28,138,38,220,82,4,86,306
08/14/2022,CHA,TN,ASO,ES,Combined TRACON& Tower with Radar,21,29,49,8,107,0,0,80,1,81,21,29,129,9,188,38,0,38,226
08/15/2022,CHA,TN,ASO,ES,Combined TRACON& Tower with Radar,31,20,63,23,137,0,2,82,3,87,31,22,145,26,224,52,0,52,276
08/16/2022,CHA,TN,ASO,ES,Combined TRACON& Tower with Radar,21,33,82,3,139,0,4,62,3,69,21,37,144,6,208,52,0,52,260
08/17/2022,CHA,TN,ASO,ES,Combined TRACON& Tower with Radar,21,31,95,22,169,0,3,79,3,85,21,34,174,25,254,66,18,84,338
08/18/2022,CHA,TN,ASO,ES,Combined TRACON& Tower with Radar,20,27,78,45,170,0,0,83,11,94,20,27,161,56,264,126,4,130,394
08/19/2022,CHA,TN,ASO,ES,Combined TRACON& Tower with Radar,27,29,41,14,111,0,0,31,0,31,27,29,72,14,142,46,10,56,198
08/20/2022,CHA,TN,ASO,ES,Combined TRACON& Tower with Radar,18,18,22,11,69,0,0,15,0,15,18,18,37,11,84,4,0,4,88
08/21/2022,CHA,TN,ASO,ES,Combined TRACON& Tower with Radar,21,23,51,3,98,0,0,11,1,12,21,23,62,4,110,28,0,28,138
08/22/2022,CHA,TN,ASO,ES,Combined TRACON& Tower with Radar,26,22,74,88,210,0,3,38,1,42,26,25,112,89,252,131,36,167,419
08/23/2022,CHA,TN,ASO,ES,Combined TRACON& Tower with Radar,19,37,70,52,178,0,1,79,13,93,19,38,149,65,271,106,78,184,455
08/24/2022,CHA,TN,ASO,ES,Combined TRACON& Tower with Radar,30,33,79,24,166,0,0,63,6,69,30,33,142,30,235,106,0,106,341
08/25/2022,CHA,TN,ASO,ES,Combined TRACON& Tower with Radar,26,24,82,31,163,0,1,29,2,32,26,25,111,33,195,102,2,104,299
08/26/2022,CHA,TN,ASO,ES,Combined TRACON& Tower with Radar,26,41,73,25,165,0,0,33,4,37,26,41,106,29,202,96,6,102,304
08/27/2022,CHA,TN,ASO,ES,Combined TRACON& Tower with Radar,19,25,26,6,76,0,2,73,1,76,19,27,99,7,152,0,0,0,152
08/28/2022,CHA,TN,ASO,ES,Combined TRACON& Tower with Radar,20,31,52,5,108,0,5,51,7,63,20,36,103,12,171,62,0,62,233
08/29/2022,CHA,TN,ASO,ES,Combined TRACON& Tower with Radar,24,30,75,26,155,0,4,78,4,86,24,34,153,30,241,124,0,124,365
08/30/2022,CHA,TN,ASO,ES,Combined TRACON& Tower with Radar,18,20,63,14,115,0,2,57,3,62,18,22,120,17,177,114,0,114,291
08/31/2022,CHA,TN,ASO,ES,Combined TRACON& Tower with Radar,23,28,95,11,157,0,16,100,5,121,23,44,195,16,278,96,12,108,386
09/01/2022,CHA,TN,ASO,ES,Combined TRACON& Tower with Radar,21,27,74,24,146,0,7,92,1,100,21,34,166,25,246,52,2,54,300
09/02/2022,CHA,TN,ASO,ES,Combined TRACON& Tower with Radar,25,29,60,3,117,0,0,40,1,41,25,29,100,4,158,242,0,242,400
09/03/2022,CHA,TN,ASO,ES,Combined TRACON& Tower with Radar,17,16,24,0,57,0,0,11,3,14,17,16,35,3,71,44,0,44,115
09/04/2022,CHA,TN,ASO,ES,Combined TRACON& Tower with Radar,16,17,22,0,55,0,0,2,0,2,16,17,24,0,57,0,0,0,57
09/05/2022,CHA,TN,ASO,ES,Combined TRACON& Tower with Radar,23,33,60,0,116,0,0,7,0,7,23,33,67,0,123,22,0,22,145
09/06/2022,CHA,TN,ASO,ES,Combined TRACON& Tower with Radar,21,33,39,24,117,0,1,20,0,21,21,34,59,24,138,34,0,34,172
09/07/2022,CHA,TN,ASO,ES,Combined TRACON& Tower with Radar,19,38,71,25,153,0,4,54,1,59,19,42,125,26,212,186,0,186,398
09/08/2022,CHA,TN,ASO,ES,Combined TRACON& Tower with Radar,22,41,78,30,171,0,9,84,4,97,22,50,162,34,268,70,26,96,364
09/09/2022,CHA,TN,ASO,ES,Combined TRACON& Tower with Radar,23,33,64,5,125,0,6,47,0,53,23,39,111,5,178,138,0,138,316
09/10/2022,CHA,TN,ASO,ES,Combined TRACON& Tower with Radar,16,43,32,0,91,0,0,5,0,5,16,43,37,0,96,0,0,0,96
09/11/2022,CHA,TN,ASO,ES,Combined TRACON& Tower with Radar,19,34,50,8,111,0,0,5,1,6,19,34,55,9,117,14,0,14,131
09/12/2022,CHA,TN,ASO,ES,Combined TRACON& Tower with Radar,26,34,75,37,172,0,9,59,4,72,26,43,134,41,244,78,26,104,348
09/13/2022,CHA,TN,ASO,ES,Combined TRACON& Tower with Radar,21,34,60,24,139,0,19,83,0,102,21,53,143,24,241,130,0,130,371
09/14/2022,CHA,TN,ASO,ES,Combined TRACON& Tower with Radar,23,36,67,13,139,0,19,64,6,89,23,55,131,19,228,100,8,108,336
09/15/2022,CHA,TN,ASO,ES,Combined TRACON& Tower with Radar,23,33,58,15,129,0,21,71,7,99,23,54,129,22,228,154,10,164,392
09/16/2022,CHA,TN,ASO,ES,Combined TRACON& Tower with Radar,25,44,73,61,203,0,18,92,16,126,25,62,165,77,329,128,4,132,461
09/17/2022,CHA,TN,ASO,ES,Combined TRACON& Tower with Radar,16,30,32,11,89,0,16,61,1,78,16,46,93,12,167,22,16,38,205
09/18/2022,CHA,TN,ASO,ES,Combined TRACON& Tower with Radar,23,27,63,16,129,0,12,75,3,90,23,39,138,19,219,24,0,24,243
09/19/2022,CHA,TN,ASO,ES,Combined TRACON& Tower with Radar,23,29,88,25,165,0,15,73,1,89,23,44,161,26,254,122,0,122,376
09/20/2022,CHA,TN,ASO,ES,Combined TRACON& Tower with Radar,23,35,77,53,188,0,11,67,10,88,23,46,144,63,276,134,6,140,416
09/21/2022,CHA,TN,ASO,ES,Combined TRACON& Tower with Radar,24,40,73,36,173,0,19,77,3,99,24,59,150,39,272,156,14,170,442
09/22/2022,CHA,TN,ASO,ES,Combined TRACON& Tower with Radar,24,44,72,10,150,0,17,45,7,69,24,61,117,17,219,70,0,70,289
09/23/2022,CHA,TN,ASO,ES,Combined TRACON& Tower with Radar,25,34,66,19,144,0,17,73,5,95,25,51,139,24,239,80,0,80,319
09/24/2022,CHA,TN,ASO,ES,Combined TRACON& Tower with Radar,14,35,45,8,102,0,10,71,0,81,14,45,116,8,183,20,0,20,203
09/25/2022,CHA,TN,ASO,ES,Combined TRACON& Tower with Radar,21,35,36,4,96,0,1,10,1,12,21,36,46,5,108,0,0,0,108
09/26/2022,CHA,TN,ASO,ES,Combined TRACON& Tower with Radar,26,39,89,14,168,0,1,64,4,69,26,40,153,18,237,24,12,36,273
09/27/2022,CHA,TN,ASO,ES,Combined TRACON& Tower with Radar,23,35,70,35,163,0,5,54,5,64,23,40,124,40,227,32,12,44,271
09/28/2022,CHA,TN,ASO,ES,Combined TRACON& Tower with Radar,23,29,61,31,144,0,3,54,6,63,23,32,115,37,207,30,28,58,265
09/29/2022,CHA,TN,ASO,ES,Combined TRACON& Tower with Radar,24,36,57,20,137,0,8,25,4,37,24,44,82,24,174,32,8,40,214
09/30/2022,CHA,TN,ASO,ES,Combined TRACON& Tower with Radar,23,43,57,14,137,0,4,45,1,50,23,47,102,15,187,48,6,54,241
10/01/2022,CHA,TN,ASO,ES,Combined TRACON& Tower with Radar,15,24,47,0,86,0,6,36,0,42,15,30,83,0,128,60,0,60,188
10/02/2022,CHA,TN,ASO,ES,Combined TRACON& Tower with Radar,21,16,54,7,98,0,16,26,1,43,21,32,80,8,141,6,0,6,147
10/03/2022,CHA,TN,ASO,ES,Combined TRACON& Tower with Radar,26,25,52,14,117,0,3,64,0,67,26,28,116,14,184,30,10,40,224
10/04/2022,CHA,TN,ASO,ES,Combined TRACON& Tower with Radar,22,36,58,16,132,0,2,82,6,90,22,38,140,22,222,46,10,56,278
10/05/2022,CHA,TN,ASO,ES,Combined TRACON& Tower with Radar,22,42,94,32,190,0,9,95,4,108,22,51,189,36,298,152,4,156,454
10/06/2022,CHA,TN,ASO,ES,Combined TRACON& Tower with Radar,27,32,73,9,141,0,4,110,4,118,27,36,183,13,259,95,0,95,354
10/07/2022,CHA,TN,ASO,ES,Combined TRACON& Tower with Radar,32,27,67,2,128,0,0,106,2,108,32,27,173,4,236,50,4,54,290
10/08/2022,CHA,TN,ASO,ES,Combined TRACON& Tower with Radar,19,22,42,2,85,0,1,82,0,83,19,23,124,2,168,6,0,6,174
10/09/2022,CHA,TN,ASO,ES,Combined TRACON& Tower with Radar,24,23,64,0,111,0,0,48,1,49,24,23,112,1,160,0,0,0,160
10/10/2022,CHA,TN,ASO,ES,Combined TRACON& Tower with Radar,27,26,80,0,133,0,2,61,0,63,27,28,141,0,196,106,0,106,302
10/11/2022,CHA,TN,ASO,ES,Combined TRACON& Tower with Radar,24,32,52,29,137,0,7,51,6,64,24,39,103,35,201,52,16,68,269
10/12/2022,CHA,TN,ASO,ES,Combined TRACON& Tower with Radar,22,25,92,6,145,0,0,3,0,3,22,25,95,6,148,0,0,0,148
10/13/2022,CHA,TN,ASO,ES,Combined TRACON& Tower with Radar,28,44,80,14,166,0,5,18,3,26,28,49,98,17,192,62,0,62,254
10/14/2022,CHA,TN,ASO,ES,Combined TRACON& Tower with Radar,27,30,67,25,149,0,4,82,11,97,27,34,149,36,246,96,4,100,346
10/15/2022,CHA,TN,ASO,ES,Combined TRACON& Tower with Radar,23,18,52,2,95,0,1,63,0,64,23,19,115,2,159,52,0,52,211
10/16/2022,CHA,TN,ASO,ES,Combined TRACON& Tower with Radar,28,24,47,0,99,0,2,47,0,49,28,26,94,0,148,0,0,0,148
10/17/2022,CHA,TN,ASO,ES,Combined TRACON& Tower with Radar,25,32,85,35,177,0,2,60,4,66,25,34,145,39,243,30,16,46,289
10/18/2022,CHA,TN,ASO,ES,Combined TRACON& Tower with Radar,22,33,55,48,158,0,4,34,2,40,22,37,89,50,198,62,8,70,268
10/19/2022,CHA,TN,ASO,ES,Combined TRACON& Tower with Radar,24,28,92,28,172,0,8,81,2,91,24,36,173,30,263,140,8,148,411
10/20/2022,CHA,TN,ASO,ES,Combined TRACON& Tower with Radar,29,35,82,5,151,0,5,74,0,79,29,40,156,5,230,94,0,94,324
10/21/2022,CHA,TN,ASO,ES,Combined TRACON& Tower with Radar,27,28,60,27,142,0,9,79,5,93,27,37,139,32,235,110,10,120,355
10/22/2022,CHA,TN,ASO,ES,Combined TRACON& Tower with Radar,20,20,48,28,116,0,2,57,3,62,20,22,105,31,178,30,24,54,232
10/23/2022,CHA,TN,ASO,ES,Combined TRACON& Tower with Radar,24,31,51,6,112,0,15,55,4,74,24,46,106,10,186,42,6,48,234
10/24/2022,CHA,TN,ASO,ES,Combined TRACON& Tower with Radar,26,23,84,28,161,0,7,70,10,87,26,30,154,38,248,104,12,116,364
10/25/2022,CHA,TN,ASO,ES,Combined TRACON& Tower with Radar,19,21,67,28,135,0,3,26,4,33,19,24,93,32,168,0,0,0,168
10/26/2022,CHA,TN,ASO,ES,Combined TRACON& Tower with Radar,25,38,84,9,156,0,0,31,1,32,25,38,115,10,188,96,8,104,292
10/27/2022,CHA,TN,ASO,ES,Combined TRACON& Tower with Radar,28,55,60,20,163,0,2,63,6,71,28,57,123,26,234,166,0,166,400
10/28/2022,CHA,TN,ASO,ES,Combined TRACON& Tower with Radar,26,34,84,28,172,0,7,93,3,103,26,41,177,31,275,46,30,76,351
10/29/2022,CHA,TN,ASO,ES,Combined TRACON& Tower with Radar,18,17,35,0,70,0,3,83,1,87,18,20,118,1,157,70,0,70,227
10/30/2022,CHA,TN,ASO,ES,Combined TRACON& Tower with Radar,24,28,45,0,97,0,0,1,0,1,24,28,46,0,98,0,0,0,98
10/31/2022,CHA,TN,ASO,ES,Combined TRACON& Tower with Radar,25,29,62,2,118,0,0,18,0,18,25,29,80,2,136,50,0,50,186
11/01/2022,CHA,TN,ASO,ES,Combined TRACON& Tower with Radar,22,40,85,12,159,0,2,52,2,56,22,42,137,14,215,102,16,118,333
11/02/2022,CHA,TN,ASO,ES,Combined TRACON& Tower with Radar,25,38,95,12,170,0,2,87,3,92,25,40,182,15,262,40,2,42,304
11/03/2022,CHA,TN,ASO,ES,Combined TRACON& Tower with Radar,25,44,77,10,156,0,5,84,2,91,25,49,161,12,247,70,0,70,317
11/04/2022,CHA,TN,ASO,ES,Combined TRACON& Tower with Radar,26,36,66,38,166,0,2,96,4,102,26,38,162,42,268,94,0,94,362
11/05/2022,CHA,TN,ASO,ES,Combined TRACON& Tower with Radar,17,17,41,8,83,0,0,14,0,14,17,17,55,8,97,0,0,0,97
11/06/2022,CHA,TN,ASO,ES,Combined TRACON& Tower with Radar,24,28,78,4,134,0,1,33,0,34,24,29,111,4,168,0,0,0,168
11/07/2022,CHA,TN,ASO,ES,Combined TRACON& Tower with Radar,24,47,71,2,144,0,2,28,0,30,24,49,99,2,174,114,0,114,288
11/08/2022,CHA,TN,ASO,ES,Combined TRACON& Tower with Radar,25,27,80,12,144,0,3,75,4,82,25,30,155,16,226,132,12,144,370
11/09/2022,CHA,TN,ASO,ES,Combined TRACON& Tower with Radar,25,32,75,13,145,0,2,84,8,94,25,34,159,21,239,114,20,134,373
11/10/2022,CHA,TN,ASO,ES,Combined TRACON& Tower with Radar,24,29,77,36,166,0,0,84,9,93,24,29,161,45,259,156,18,174,433
11/11/2022,CHA,TN,ASO,ES,Combined TRACON& Tower with Radar,26,44,50,0,120,0,0,0,0,0,26,44,50,0,120,0,0,0,120
11/12/2022,CHA,TN,ASO,ES,Combined TRACON& Tower with Radar,21,16,38,0,75,0,0,5,0,5,21,16,43,0,80,0,0,0,80
11/13/2022,CHA,TN,ASO,ES,Combined TRACON& Tower with Radar,25,27,43,0,95,0,0,32,0,32,25,27,75,0,127,82,0,82,209
11/14/2022,CHA,TN,ASO,ES,Combined TRACON& Tower with Radar,25,39,78,18,160,0,2,62,0,64,25,41,140,18,224,34,8,42,266
11/15/2022,CHA,TN,ASO,ES,Combined TRACON& Tower with Radar,25,35,52,0,112,0,0,0,0,0,25,35,52,0,112,0,0,0,112
11/16/2022,CHA,TN,ASO,ES,Combined TRACON& Tower with Radar,24,42,102,39,207,0,1,77,14,92,24,43,179,53,299,46,18,64,363
11/17/2022,CHA,TN,ASO,ES,Combined TRACON& Tower with Radar,25,47,110,12,194,0,5,55,2,62,25,52,165,14,256,96,0,96,352
11/18/2022,CHA,TN,ASO,ES,Combined TRACON& Tower with Radar,29,40,107,41,217,0,8,58,13,79,29,48,165,54,296,48,0,48,344
11/19/2022,CHA,TN,ASO,ES,Combined TRACON& Tower with Radar,18,22,78,1,119,0,0,48,1,49,18,22,126,2,168,32,0,32,200
11/20/2022,CHA,TN,ASO,ES,Combined TRACON& Tower with Radar,25,32,69,20,146,0,5,44,9,58,25,37,113,29,204,0,8,8,212
11/21/2022,CHA,TN,ASO,ES,Combined TRACON& Tower with Radar,28,41,110,25,204,0,4,51,2,57,28,45,161,27,261,110,6,116,377
11/22/2022,CHA,TN,ASO,ES,Combined TRACON& Tower with Radar,24,30,104,10,168,0,5,42,2,49,24,35,146,12,217,62,0,62,279
11/23/2022,CHA,TN,ASO,ES,Combined TRACON& Tower with Radar,27,24,101,7,159,0,0,68,0,68,27,24,169,7,227,86,6,92,319
11/24/2022,CHA,TN,ASO,ES,Combined TRACON& Tower with Radar,12,10,15,0,37,1,0,6,0,7,13,10,21,0,44,12,0,12,56
11/25/2022,CHA,TN,ASO,ES,Combined TRACON& Tower with Radar,15,23,32,6,76,0,0,1,0,1,15,23,33,6,77,0,0,0,77
11/26/2022,CHA,TN,ASO,ES,Combined TRACON& Tower with Radar,19,34,71,0,124,0,0,34,0,34,19,34,105,0,158,70,0,70,228
11/27/2022,CHA,TN,ASO,ES,Combined TRACON& Tower with Radar,31,36,55,8,130,0,1,2,2,5,31,37,57,10,135,0,0,0,135
11/28/2022,CHA,TN,ASO,ES,Combined TRACON& Tower with Radar,24,31,82,2,139,0,2,39,1,42,24,33,121,3,181,82,0,82,263
11/29/2022,CHA,TN,ASO,ES,Combined TRACON& Tower with Radar,22,32,59,2,115,0,2,28,0,30,22,34,87,2,145,26,0,26,171
11/30/2022,CHA,TN,ASO,ES,Combined TRACON& Tower with Radar,20,37,70,8,135,0,3,19,0,22,20,40,89,8,157,26,0,26,183
12/01/2022,CHA,TN,ASO,ES,Combined TRACON& Tower with Radar,24,31,104,23,182,0,4,51,4,59,24,35,155,27,241,82,14,96,337
12/02/2022,CHA,TN,ASO,ES,Combined TRACON& Tower with Radar,25,33,66,9,133,0,1,40,0,41,25,34,106,9,174,98,14,112,286
12/03/2022,CHA,TN,ASO,ES,Combined TRACON& Tower with Radar,14,28,28,12,82,0,0,3,0,3,14,28,31,12,85,0,0,0,85
12/04/2022,CHA,TN,ASO,ES,Combined TRACON& Tower with Radar,20,28,79,10,137,0,0,42,0,42,20,28,121,10,179,42,0,42,221
12/05/2022,CHA,TN,ASO,ES,Combined TRACON& Tower with Radar,23,31,61,4,119,0,0,0,0,0,23,31,61,4,119,0,0,0,119
12/06/2022,CHA,TN,ASO,ES,Combined TRACON& Tower with Radar,19,29,42,2,92,0,0,0,0,0,19,29,42,2,92,0,0,0,92
12/07/2022,CHA,TN,ASO,ES,Combined TRACON& Tower with Radar,19,30,40,0,89,0,0,0,0,0,19,30,40,0,89,20,0,20,109
12/08/2022,CHA,TN,ASO,ES,Combined TRACON& Tower with Radar,21,37,49,4,111,0,0,0,0,0,21,37,49,4,111,0,0,0,111
12/09/2022,CHA,TN,ASO,ES,Combined TRACON& Tower with Radar,21,35,76,0,132,0,0,0,0,0,21,35,76,0,132,0,0,0,132
12/10/2022,CHA,TN,ASO,ES,Combined TRACON& Tower with Radar,15,29,58,9,111,0,0,32,2,34,15,29,90,11,145,40,6,46,191
12/11/2022,CHA,TN,ASO,ES,Combined TRACON& Tower with Radar,18,26,26,3,73,0,0,0,0,0,18,26,26,3,73,0,0,0,73
12/12/2022,CHA,TN,ASO,ES,Combined TRACON& Tower with Radar,24,24,105,77,230,0,2,29,11,42,24,26,134,88,272,108,46,154,426
12/13/2022,CHA,TN,ASO,ES,Combined TRACON& Tower with Radar,19,28,78,41,166,0,1,19,1,21,19,29,97,42,187,114,10,124,311
12/14/2022,CHA,TN,ASO,ES,Combined TRACON& Tower with Radar,18,26,35,0,79,0,0,1,0,1,18,26,36,0,80,0,0,0,80
12/15/2022,CHA,TN,ASO,ES,Combined TRACON& Tower with Radar,21,32,90,34,177,0,1,36,0,37,21,33,126,34,214,128,14,142,356
12/16/2022,CHA,TN,ASO,ES,Combined TRACON& Tower with Radar,20,46,94,11,171,0,1,40,2,43,20,47,134,13,214,84,0,84,298
12/17/2022,CHA,TN,ASO,ES,Combined TRACON& Tower with Radar,17,34,80,1,132,0,0,31,1,32,17,34,111,2,164,22,0,22,186
12/18/2022,CHA,TN,ASO,ES,Combined TRACON& Tower with Radar,17,24,62,6,109,0,1,31,0,32,17,25,93,6,141,20,6,26,167
12/19/2022,CHA,TN,ASO,ES,Combined TRACON& Tower with Radar,16,21,90,31,158,0,1,45,3,49,16,22,135,34,207,82,22,104,311
12/20/2022,CHA,TN,ASO,ES,Combined TRACON& Tower with Radar,22,37,74,22,155,0,0,32,13,45,22,37,106,35,200,74,42,116,316
12/21/2022,CHA,TN,ASO,ES,Combined TRACON& Tower with Radar,22,37,91,24,174,0,0,39,2,41,22,37,130,26,215,104,22,126,341
12/22/2022,CHA,TN,ASO,ES,Combined TRACON& Tower with Radar,17,23,30,0,70,0,0,0,0,0,17,23,30,0,70,0,0,0,70
12/23/2022,CHA,TN,ASO,ES,Combined TRACON& Tower with Radar,19,21,20,0,60,0,3,3,0,6,19,24,23,0,66,16,0,16,82
12/24/2022,CHA,TN,ASO,ES,Combined TRACON& Tower with Radar,7,20,19,0,46,0,2,9,0,11,7,22,28,0,57,0,0,0,57
12/25/2022,CHA,TN,ASO,ES,Combined TRACON& Tower with Radar,9,21,15,0,45,0,0,3,0,3,9,21,18,0,48,0,0,0,48
12/26/2022,CHA,TN,ASO,ES,Combined TRACON& Tower with Radar,16,26,62,0,104,0,0,17,0,17,16,26,79,0,121,66,0,66,187
12/27/2022,CHA,TN,ASO,ES,Combined TRACON& Tower with Radar,23,35,63,0,121,0,0,29,0,29,23,35,92,0,150,38,0,38,188
12/28/2022,CHA,TN,ASO,ES,Combined TRACON& Tower with Radar,19,38,72,0,129,0,0,37,0,37,19,38,109,0,166,54,0,54,220
12/29/2022,CHA,TN,ASO,ES,Combined TRACON& Tower with Radar,18,43,102,5,168,0,1,65,1,67,18,44,167,6,235,136,0,136,371
12/30/2022,CHA,TN,ASO,ES,Combined TRACON& Tower with Radar,24,33,52,0,109,0,1,30,0,31,24,34,82,0,140,100,0,100,240
12/31/2022,CHA,TN,ASO,ES,Combined TRACON& Tower with Radar,9,22,24,0,55,0,0,7,0,7,9,22,31,0,62,0,0,0,62
01/01/2023,CHA,TN,ASO,ES,Combined TRACON& Tower with Radar,14,17,30,0,61,0,0,22,1,23,14,17,52,1,84,0,0,0,84
01/02/2023,CHA,TN,ASO,ES,Combined TRACON& Tower with Radar,19,31,86,0,136,0,2,6,0,8,19,33,92,0,144,106,0,106,250
01/03/2023,CHA,TN,ASO,ES,Combined TRACON& Tower with Radar,22,33,23,0,78,0,1,1,0,2,22,34,24,0,80,24,0,24,104
01/04/2023,CHA,TN,ASO,ES,Combined TRACON& Tower with Radar,18,31,54,5,108,0,4,17,3,24,18,35,71,8,132,22,0,22,154
01/05/2023,CHA,TN,ASO,ES,Combined TRACON& Tower with Radar,16,36,83,8,143,0,4,40,0,44,16,40,123,8,187,41,8,49,236
01/06/2023,CHA,TN,ASO,ES,Combined TRACON& Tower with Radar,20,37,116,37,210,0,9,66,2,77,20,46,182,39,287,66,16,82,369
01/07/2023,CHA,TN,ASO,ES,Combined TRACON& Tower with Radar,16,22,52,2,92,0,2,18,0,20,16,24,70,2,112,40,0,40,152
01/08/2023,CHA,TN,ASO,ES,Combined TRACON& Tower with Radar,19,34,19,0,72,0,0,0,0,0,19,34,19,0,72,0,0,0,72
01/09/2023,CHA,TN,ASO,ES,Combined TRACON& Tower with Radar,23,24,80,26,153,0,7,38,0,45,23,31,118,26,198,66,6,72,270
01/10/2023,CHA,TN,ASO,ES,Combined TRACON& Tower with Radar,23,26,71,10,130,0,9,34,4,47,23,35,105,14,177,38,0,38,215
01/11/2023,CHA,TN,ASO,ES,Combined TRACON& Tower with Radar,29,27,81,16,153,0,1,7,1,9,29,28,88,17,162,36,0,36,198
01/12/2023,CHA,TN,ASO,ES,Combined TRACON& Tower with Radar,26,27,28,0,81,0,2,0,0,2,26,29,28,0,83,0,0,0,83
01/13/2023,CHA,TN,ASO,ES,Combined TRACON& Tower with Radar,30,32,53,19,134,0,0,6,1,7,30,32,59,20,141,40,0,40,181
01/14/2023,CHA,TN,ASO,ES,Combined TRACON& Tower with Radar,17,24,56,2,99,0,0,30,0,30,17,24,86,2,129,20,0,20,149
01/15/2023,CHA,TN,ASO,ES,Combined TRACON& Tower with Radar,17,16,108,0,141,0,0,59,2,61,17,16,167,2,202,66,0,66,268
01/16/2023,CHA,TN,ASO,ES,Combined TRACON& Tower with Radar,25,24,74,1,124,0,0,45,3,48,25,24,119,4,172,10,0,10,182
01/17/2023,CHA,TN,ASO,ES,Combined TRACON& Tower with Radar,23,35,61,11,130,0,0,8,4,12,23,35,69,15,142,20,0,20,162
01/18/2023,CHA,TN,ASO,ES,Combined TRACON& Tower with Radar,22,36,52,0,110,0,0,0,0,0,22,36,52,0,110,0,0,0,110
01/19/2023,CHA,TN,ASO,ES,Combined TRACON& Tower with Radar,26,36,58,28,148,0,3,15,6,24,26,39,73,34,172,26,0,26,198
01/20/2023,CHA,TN,ASO,ES,Combined TRACON& Tower with Radar,30,43,108,28,209,0,5,55,7,67,30,48,163,35,276,82,12,94,370
01/21/2023,CHA,TN,ASO,ES,Combined TRACON& Tower with Radar,19,16,64,2,101,0,2,45,1,48,19,18,109,3,149,102,16,118,267
01/22/2023,CHA,TN,ASO,ES,Combined TRACON& Tower with Radar,23,26,18,4,71,0,0,0,0,0,23,26,18,4,71,0,0,0,71
01/23/2023,CHA,TN,ASO,ES,Combined TRACON& Tower with Radar,28,28,87,4,147,0,1,18,1,20,28,29,105,5,167,48,16,64,231
01/24/2023,CHA,TN,ASO,ES,Combined TRACON& Tower with Radar,24,33,94,30,181,0,6,39,12,57,24,39,133,42,238,80,48,128,366
01/25/2023,CHA,TN,ASO,ES,Combined TRACON& Tower with Radar,24,17,46,9,96,0,0,2,0,2,24,17,48,9,98,0,0,0,98
01/26/2023,CHA,TN,ASO,ES,Combined TRACON& Tower with Radar,24,28,70,8,130,0,4,12,0,16,24,32,82,8,146,28,0,28,174
01/27/2023,CHA,TN,ASO,ES,Combined TRACON& Tower with Radar,30,42,108,20,200,0,4,50,1,55,30,46,158,21,255,54,0,54,309
01/28/2023,CHA,TN,ASO,ES,Combined TRACON& Tower with Radar,18,22,79,22,141,0,2,75,9,86,18,24,154,31,227,52,0,52,279
01/29/2023,CHA,TN,ASO,ES,Combined TRACON& Tower with Radar,23,30,45,0,98,0,0,1,0,1,23,30,46,0,99,24,0,24,123
01/30/2023,CHA,TN,ASO,ES,Combined TRACON& Tower with Radar,24,27,56,0,107,0,0,2,0,2,24,27,58,0,109,0,0,0,109
01/31/2023,CHA,TN,ASO,ES,Combined TRACON& Tower with Radar,16,26,48,0,90,0,0,0,0,0,16,26,48,0,90,0,0,0,90
02/01/2023,CHA,TN,ASO,ES,Combined TRACON& Tower with Radar,20,28,71,26,145,0,0,3,0,3,20,28,74,26,148,129,47,176,324
02/02/2023,CHA,TN,ASO,ES,Combined TRACON& Tower with Radar,25,39,24,0,88,0,0,0,0,0,25,39,24,0,88,0,0,0,88
02/03/2023,CHA,TN,ASO,ES,Combined TRACON& Tower with Radar,30,29,103,7,169,0,3,60,3,66,30,32,163,10,235,82,8,90,325
02/04/2023,CHA,TN,ASO,ES,Combined TRACON& Tower with Radar,22,20,75,2,119,0,2,47,1,50,22,22,122,3,169,82,0,82,251
02/05/2023,CHA,TN,ASO,ES,Combined TRACON& Tower with Radar,24,24,83,0,131,0,2,40,2,44,24,26,123,2,175,8,0,8,183
02/06/2023,CHA,TN,ASO,ES,Combined TRACON& Tower with Radar,31,34,89,10,164,0,7,52,2,61,31,41,141,12,225,104,6,110,335
02/07/2023,CHA,TN,ASO,ES,Combined TRACON& Tower with Radar,23,39,87,54,203,0,0,39,3,42,23,39,126,57,245,88,42,130,375
02/08/2023,CHA,TN,ASO,ES,Combined TRACON& Tower with Radar,19,44,110,17,190,0,1,10,0,11,19,45,120,17,201,68,12,80,281
02/09/2023,CHA,TN,ASO,ES,Combined TRACON& Tower with Radar,26,33,73,12,144,0,4,6,3,13,26,37,79,15,157,26,12,38,195
02/10/2023,CHA,TN,ASO,ES,Combined TRACON& Tower with Radar,32,35,90,26,183,0,2,44,4,50,32,37,134,30,233,94,30,124,357
02/11/2023,CHA,TN,ASO,ES,Combined TRACON& Tower with Radar,17,19,32,0,68,0,0,30,0,30,17,19,62,0,98,58,0,58,156
02/12/2023,CHA,TN,ASO,ES,Combined TRACON& Tower with Radar,21,22,34,0,77,0,0,2,0,2,21,22,36,0,79,0,0,0,79
02/13/2023,CHA,TN,ASO,ES,Combined TRACON& Tower with Radar,26,32,104,17,179,0,6,45,10,61,26,38,149,27,240,88,18,106,346
02/14/2023,CHA,TN,ASO,ES,Combined TRACON& Tower with Radar,20,23,86,31,160,0,4,38,14,56,20,27,124,45,216,70,66,136,352
02/15/2023,CHA,TN,ASO,ES,Combined TRACON& Tower with Radar,21,54,68,0,143,0,0,0,2,2,21,54,68,2,145,0,0,0,145
02/16/2023,CHA,TN,ASO,ES,Combined TRACON& Tower with Radar,27,35,52,2,116,0,2,3,0,5,27,37,55,2,121,16,0,16,137
02/17/2023,CHA,TN,ASO,ES,Combined TRACON& Tower with Radar,33,22,50,0,105,0,0,5,0,5,33,22,55,0,110,52,0,52,162
02/18/2023,CHA,TN,ASO,ES,Combined TRACON& Tower with Radar,16,26,91,0,133,0,5,68,0,73,16,31,159,0,206,118,0,118,324
02/19/2023,CHA,TN,ASO,ES,Combined TRACON& Tower with Radar,23,25,84,0,132,0,5,52,0,57,23,30,136,0,189,78,0,78,267
02/20/2023,CHA,TN,ASO,ES,Combined TRACON& Tower with Radar,28,34,91,4,157,0,3,21,0,24,28,37,112,4,181,66,0,66,247
02/21/2023,CHA,TN,ASO,ES,Combined TRACON& Tower with Radar,22,48,123,19,212,0,4,37,1,42,22,52,160,20,254,146,4,150,404
02/22/2023,CHA,TN,ASO,ES,Combined TRACON& Tower with Radar,22,29,78,27,156,0,0,12,1,13,22,29,90,28,169,2,39,41,210
02/23/2023,CHA,TN,ASO,ES,Combined TRACON& Tower with Radar,32,34,78,19,163,0,2,16,3,21,32,36,94,22,184,120,18,138,322
02/24/2023,CHA,TN,ASO,ES,Combined TRACON& Tower with Radar,28,35,82,24,169,0,2,22,2,26,28,37,104,26,195,78,10,88,283
02/25/2023,CHA,TN,ASO,ES,Combined TRACON& Tower with Radar,20,26,33,4,83,0,0,0,0,0,20,26,33,4,83,0,0,0,83
02/26/2023,CHA,TN,ASO,ES,Combined TRACON& Tower with Radar,28,31,41,3,103,0,0,16,1,17,28,31,57,4,120,16,0,16,136
02/27/2023,CHA,TN,ASO,ES,Combined TRACON& Tower with Radar,30,29,49,4,112,0,1,1,0,2,30,30,50,4,114,0,0,0,114
02/28/2023,CHA,TN,ASO,ES,Combined TRACON& Tower with Radar,22,49,121,11,203,0,6,84,3,93,22,55,205,14,296,212,4,216,512
03/01/2023,CHA,TN,ASO,ES,Combined TRACON& Tower with Radar,21,29,74,27,151,0,3,26,7,36,21,32,100,34,187,74,38,112,299
03/02/2023,CHA,TN,ASO,ES,Combined TRACON& Tower with Radar,27,25,51,0,103,0,1,0,0,1,27,26,51,0,104,18,0,18,122
03/03/2023,CHA,TN,ASO,ES,Combined TRACON& Tower with Radar,30,26,31,6,93,0,0,2,0,2,30,26,33,6,95,0,0,0,95
03/04/2023,CHA,TN,ASO,ES,Combined TRACON& Tower with Radar,19,26,88,0,133,0,3,73,0,76,19,29,161,0,209,194,0,194,403
03/05/2023,CHA,TN,ASO,ES,Combined TRACON& Tower with Radar,27,29,91,9,156,0,6,43,6,55,27,35,134,15,211,84,0,84,295
03/06/2023,CHA,TN,ASO,ES,Combined TRACON& Tower with Radar,28,34,93,33,188,0,2,40,9,51,28,36,133,42,239,120,20,140,379
03/07/2023,CHA,TN,ASO,ES,Combined TRACON& Tower with Radar,23,30,80,45,178,0,5,39,13,57,23,35,119,58,235,62,56,118,353
03/08/2023,CHA,TN,ASO,ES,Combined TRACON& Tower with Radar,23,31,75,51,180,0,0,51,9,60,23,31,126,60,240,96,88,184,424
03/09/2023,CHA,TN,ASO,ES,Combined TRACON& Tower with Radar,33,26,72,6,137,0,4,28,0,32,33,30,100,6,169,86,0,86,255
03/10/2023,CHA,TN,ASO,ES,Combined TRACON& Tower with Radar,32,26,60,16,134,0,3,22,0,25,32,29,82,16,159,136,0,136,295
03/11/2023,CHA,TN,ASO,ES,Combined TRACON& Tower with Radar,22,20,84,0,126,0,4,63,0,67,22,24,147,0,193,78,0,78,271
03/12/2023,CHA,TN,ASO,ES,Combined TRACON& Tower with Radar,34,20,38,0,92,0,0,0,0,0,34,20,38,0,92,0,0,0,92
03/13/2023,CHA,TN,ASO,ES,Combined TRACON& Tower with Radar,34,22,68,36,160,0,3,30,6,39,34,25,98,42,199,92,32,124,323
03/14/2023,CHA,TN,ASO,ES,Combined TRACON& Tower with Radar,29,27,98,22,176,0,2,34,1,37,29,29,132,23,213,22,22,44,257
03/15/2023,CHA,TN,ASO,ES,Combined TRACON& Tower with Radar,29,34,108,24,195,0,7,51,5,63,29,41,159,29,258,153,10,163,421
03/16/2023,CHA,TN,ASO,ES,Combined TRACON& Tower with Radar,30,29,107,24,190,0,0,45,3,48,30,29,152,27,238,48,4,52,290
03/17/2023,CHA,TN,ASO,ES,Combined TRACON& Tower with Radar,33,26,39,0,98,0,0,0,0,0,33,26,39,0,98,20,0,20,118
03/18/2023,CHA,TN,ASO,ES,Combined TRACON& Tower with Radar,22,31,72,17,142,0,3,39,0,42,22,34,111,17,184,42,0,42,226
03/19/2023,CHA,TN,ASO,ES,Combined TRACON& Tower with Radar,32,31,74,2,139,0,2,33,3,38,32,33,107,5,177,44,0,44,221
03/20/2023,CHA,TN,ASO,ES,Combined TRACON& Tower with Radar,33,33,97,14,177,0,7,59,6,72,33,40,156,20,249,128,30,158,407
03/21/2023,CHA,TN,ASO,ES,Combined TRACON& Tower with Radar,34,29,97,16,176,0,8,46,5,59,34,37,143,21,235,114,0,114,349
03/22/2023,CHA,TN,ASO,ES,Combined TRACON& Tower with Radar,30,38,76,2,146,0,0,0,1,1,30,38,76,3,147,0,0,0,147
03/23/2023,CHA,TN,ASO,ES,Combined TRACON& Tower with Radar,34,47,83,24,188,0,3,44,10,57,34,50,127,34,245,188,26,214,459
03/24/2023,CHA,TN,ASO,ES,Combined TRACON& Tower with Radar,33,28,81,21,163,0,0,11,5,16,33,28,92,26,179,64,18,82,261
03/25/2023,CHA,TN,ASO,ES,Combined TRACON& Tower with Radar,28,23,50,5,106,0,5,29,1,35,28,28,79,6,141,50,0,50,191
03/26/2023,CHA,TN,ASO,ES,Combined TRACON& Tower with Radar,33,21,106,8,168,0,4,55,5,64,33,25,161,13,232,8,0,8,240
03/27/2023,CHA,TN,ASO,ES,Combined TRACON& Tower with Radar,34,31,88,18,171,0,3,33,2,38,34,34,121,20,209,48,16,64,273
03/28/2023,CHA,TN,ASO,ES,Combined TRACON& Tower with Radar,31,36,78,9,154,0,2,38,2,42,31,38,116,11,196,52,6,58,254
03/29/2023,CHA,TN,ASO,ES,Combined TRACON& Tower with Radar,32,27,114,17,190,0,3,47,3,53,32,30,161,20,243,56,18,74,317
03/30/2023,CHA,TN,ASO,ES,Combined TRACON& Tower with Radar,33,34,98,10,175,0,6,60,1,67,33,40,158,11,242,134,6,140,382
03/31/2023,CHA,TN,ASO,ES,Combined TRACON& Tower with Radar,33,19,70,2,124,0,0,12,6,18,33,19,82,8,142,32,0,32,174
04/01/2023,CHA,TN,ASO,ES,Combined TRACON& Tower with Radar,27,30,49,12,118,0,2,10,0,12,27,32,59,12,130,0,0,0,130
04/02/2023,CHA,TN,ASO,ES,Combined TRACON& Tower with Radar,31,30,86,2,149,0,6,40,4,50,31,36,126,6,199,60,0,60,259
04/03/2023,CHA,TN,ASO,ES,Combined TRACON& Tower with Radar,31,27,58,4,120,0,1,9,0,10,31,28,67,4,130,34,0,34,164
04/04/2023,CHA,TN,ASO,ES,Combined TRACON& Tower with Radar,21,38,68,12,139,0,2,10,0,12,21,40,78,12,151,28,0,28,179
04/05/2023,CHA,TN,ASO,ES,Combined TRACON& Tower with Radar,23,29,89,32,173,0,0,15,3,18,23,29,104,35,191,24,26,50,241
04/06/2023,CHA,TN,ASO,ES,Combined TRACON& Tower with Radar,25,37,73,6,141,0,1,18,0,19,25,38,91,6,160,41,0,41,201
04/07/2023,CHA,TN,ASO,ES,Combined TRACON& Tower with Radar,26,31,49,2,108,0,0,1,0,1,26,31,50,2,109,0,0,0,109
04/08/2023,CHA,TN,ASO,ES,Combined TRACON& Tower with Radar,16,37,32,5,90,0,0,0,0,0,16,37,32,5,90,0,0,0,90
04/09/2023,CHA,TN,ASO,ES,Combined TRACON& Tower with Radar,22,42,43,1,108,0,3,14,2,19,22,45,57,3,127,0,0,0,127
04/10/2023,CHA,TN,ASO,ES,Combined TRACON& Tower with Radar,24,42,98,16,180,0,3,58,5,66,24,45,156,21,246,78,16,94,340
04/11/2023,CHA,TN,ASO,ES,Combined TRACON& Tower with Radar,20,39,95,21,175,0,3,68,2,73,20,42,163,23,248,122,0,122,370
04/12/2023,CHA,TN,ASO,ES,Combined TRACON& Tower with Radar,23,38,106,15,182,0,4,62,6,72,23,42,168,21,254,106,8,114,368
04/13/2023,CHA,TN,ASO,ES,Combined TRACON& Tower with Radar,26,38,96,10,170,0,2,32,5,39,26,40,128,15,209,78,12,90,299
04/14/2023,CHA,TN,ASO,ES,Combined TRACON& Tower with Radar,27,34,65,6,132,0,0,9,12,21,27,34,74,18,153,20,0,20,173
04/15/2023,CHA,TN,ASO,ES,Combined TRACON& Tower with Radar,17,30,83,8,138,0,2,56,2,60,17,32,139,10,198,54,0,54,252
04/16/2023,CHA,TN,ASO,ES,Combined TRACON& Tower with Radar,24,32,50,12,118,0,2,10,1,13,24,34,60,13,131,0,0,0,131
04/17/2023,CHA,TN,ASO,ES,Combined TRACON& Tower with Radar,27,49,81,33,190,0,7,28,0,35,27,56,109,33,225,52,26,78,303
04/18/2023,CHA,TN,ASO,ES,Combined TRACON& Tower with Radar,21,48,101,29,199,0,2,54,2,58,21,50,155,31,257,70,20,90,347
04/19/2023,CHA,TN,ASO,ES,Combined TRACON& Tower with Radar,23,50,100,42,215,0,3,50,7,60,23,53,150,49,275,126,52,178,453
04/20/2023,CHA,TN,ASO,ES,Combined TRACON& Tower with Radar,24,54,95,14,187,0,4,46,8,58,24,58,141,22,245,38,26,64,309
04/21/2023,CHA,TN,ASO,ES,Combined TRACON& Tower with Radar,26,38,91,38,193,0,2,46,3,51,26,40,137,41,244,78,6,84,328
04/22/2023,CHA,TN,ASO,ES,Combined TRACON& Tower with Radar,18,28,49,2,97,0,2,32,0,34,18,30,81,2,131,36,0,36,167
04/23/2023,CHA,TN,ASO,ES,Combined TRACON& Tower with Radar,24,38,86,3,151,0,6,37,2,45,24,44,123,5,196,72,0,72,268
04/24/2023,CHA,TN,ASO,ES,Combined TRACON& Tower with Radar,25,27,110,4,166,0,2,47,0,49,25,29,157,4,215,82,0,82,297
04/25/2023,CHA,TN,ASO,ES,Combined TRACON& Tower with Radar,23,44,123,38,228,0,9,44,2,55,23,53,167,40,283,110,8,118,401
04/26/2023,CHA,TN,ASO,ES,Combined TRACON& Tower with Radar,22,35,77,8,142,0,3,0,0,3,22,38,77,8,145,8,0,8,153
04/27/2023,CHA,TN,ASO,ES,Combined TRACON& Tower with Radar,26,30,41,2,99,0,0,0,0,0,26,30,41,2,99,0,0,0,99
04/28/2023,CHA,TN,ASO,ES,Combined TRACON& Tower with Radar,25,43,75,36,179,0,2,17,4,23,25,45,92,40,202,38,0,38,240
04/29/2023,CHA,TN,ASO,ES,Combined TRACON& Tower with Radar,22,34,114,13,183,0,2,81,2,85,22,36,195,15,268,26,0,26,294
04/30/2023,CHA,TN,ASO,ES,Combined TRACON& Tower with Radar,23,22,51,0,96,0,1,7,3,11,23,23,58,3,107,36,0,36,143
05/01/2023,CHA,TN,ASO,ES,Combined TRACON& Tower with Radar,24,35,58,9,126,0,5,14,5,24,24,40,72,14,150,22,0,22,172
05/02/2023,CHA,TN,ASO,ES,Combined TRACON& Tower with Radar,20,38,70,7,135,0,3,19,1,23,20,41,89,8,158,56,0,56,214
05/03/2023,CHA,TN,ASO,ES,Combined TRACON& Tower with Radar,23,37,107,13,180,0,3,48,4,55,23,40,155,17,235,48,0,48,283
05/04/2023,CHA,TN,ASO,ES,Combined TRACON& Tower with Radar,26,54,136,12,228,0,4,79,1,84,26,58,215,13,312,54,10,64,376
05/05/2023,CHA,TN,ASO,ES,Combined TRACON& Tower with Radar,27,41,79,24,171,0,1,40,3,44,27,42,119,27,215,54,16,70,285
05/06/2023,CHA,TN,ASO,ES,Combined TRACON& Tower with Radar,21,29,71,0,121,0,6,41,1,48,21,35,112,1,169,40,0,40,209
05/07/2023,CHA,TN,ASO,ES,Combined TRACON& Tower with Radar,31,25,82,0,138,0,2,25,0,27,31,27,107,0,165,0,0,0,165
05/08/2023,CHA,TN,ASO,ES,Combined TRACON& Tower with Radar,27,36,56,0,119,0,1,12,0,13,27,37,68,0,132,78,0,78,210
05/09/2023,CHA,TN,ASO,ES,Combined TRACON& Tower with Radar,29,49,74,10,162,0,3,37,4,44,29,52,111,14,206,84,0,84,290
05/10/2023,CHA,TN,ASO,ES,Combined TRACON& Tower with Radar,27,59,111,16,213,0,3,56,7,66,27,62,167,23,279,88,14,102,381
05/11/2023,CHA,TN,ASO,ES,Combined TRACON& Tower with Radar,30,33,92,8,163,0,7,33,4,44,30,40,125,12,207,78,30,108,315
05/12/2023,CHA,TN,ASO,ES,Combined TRACON& Tower with Radar,31,32,66,0,129,0,2,5,0,7,31,34,71,0,136,42,0,42,178
05/13/2023,CHA,TN,ASO,ES,Combined TRACON& Tower with Radar,20,27,45,1,93,0,0,16,0,16,20,27,61,1,109,66,0,66,175
05/14/2023,CHA,TN,ASO,ES,Combined TRACON& Tower with Radar,28,28,65,2,123,0,1,21,1,23,28,29,86,3,146,18,0,18,164
05/15/2023,CHA,TN,ASO,ES,Combined TRACON& Tower with Radar,29,26,66,5,126,0,3,19,1,23,29,29,85,6,149,44,4,48,197
05/16/2023,CHA,TN,ASO,ES,Combined TRACON& Tower with Radar,27,31,86,7,151,0,1,14,1,16,27,32,100,8,167,114,0,114,281
05/17/2023,CHA,TN,ASO,ES,Combined TRACON& Tower with Radar,32,43,130,27,232,0,5,36,5,46,32,48,166,32,278,140,28,168,446
05/18/2023,CHA,TN,ASO,ES,Combined TRACON& Tower with Radar,33,38,105,2,178,0,1,36,0,37,33,39,141,2,215,90,0,90,305
05/19/2023,CHA,TN,ASO,ES,Combined TRACON& Tower with Radar,30,42,111,38,221,0,2,41,3,46,30,44,152,41,267,90,44,134,401
05/20/2023,CHA,TN,ASO,ES,Combined TRACON& Tower with Radar,22,27,34,11,94,0,0,0,1,1,22,27,34,12,95,22,0,22,117
05/21/2023,CHA,TN,ASO,ES,Combined TRACON& Tower with Radar,32,39,67,1,139,0,3,28,2,33,32,42,95,3,172,50,0,50,222
05/22/2023,CHA,TN,ASO,ES,Combined TRACON& Tower with Radar,31,33,109,30,203,0,5,51,6,62,31,38,160,36,265,30,12,42,307
05/23/2023,CHA,TN,ASO,ES,Combined TRACON& Tower with Radar,31,41,85,13,170,0,6,41,2,49,31,47,126,15,219,82,24,106,325
05/24/2023,CHA,TN,ASO,ES,Combined TRACON& Tower with Radar,27,36,124,29,216,0,8,62,1,71,27,44,186,30,287,32,44,76,363
05/25/2023,CHA,TN,ASO,ES,Combined TRACON& Tower with Radar,35,43,110,17,205,0,5,54,2,61,35,48,164,19,266,34,16,50,316
05/26/2023,CHA,TN,ASO,ES,Combined TRACON& Tower with Radar,31,41,96,6,174,0,4,44,1,49,31,45,140,7,223,44,0,44,267
05/27/2023,CHA,TN,ASO,ES,Combined TRACON& Tower with Radar,19,26,56,0,101,0,6,60,0,66,19,32,116,0,167,56,0,56,223
05/28/2023,CHA,TN,ASO,ES,Combined TRACON& Tower with Radar,22,24,53,4,103,0,1,30,0,31,22,25,83,4,134,0,0,0,134
05/29/2023,CHA,TN,ASO,ES,Combined TRACON& Tower with Radar,28,24,46,0,98,0,0,15,0,15,28,24,61,0,113,190,0,190,303
05/30/2023,CHA,TN,ASO,ES,Combined TRACON& Tower with Radar,27,37,87,13,164,1,7,39,1,48,28,44,126,14,212,116,12,128,340
05/31/2023,CHA,TN,ASO,ES,Combined TRACON& Tower with Radar,28,33,85,11,157,0,7,39,5,51,28,40,124,16,208,98,12,110,318
06/01/2023,CHA,TN,ASO,ES,Combined TRACON& Tower with Radar,37,22,117,16,192,0,5,50,5,60,37,27,167,21,252,174,10,184,436
06/02/2023,CHA,TN,ASO,ES,Combined TRACON& Tower with Radar,33,18,94,21,166,0,2,40,7,49,33,20,134,28,215,58,6,64,279
06/03/2023,CHA,TN,ASO,ES,Combined TRACON& Tower with Radar,28,19,60,20,127,0,7,63,1,71,28,26,123,21,198,108,24,132,330
06/04/2023,CHA,TN,ASO,ES,Combined TRACON& Tower with Radar,33,9,50,12,104,0,3,30,4,37,33,12,80,16,141,26,0,26,167
06/05/2023,CHA,TN,ASO,ES,Combined TRACON& Tower with Radar,36,23,77,9,145,0,5,27,2,34,36,28,104,11,179,34,0,34,213
06/06/2023,CHA,TN,ASO,ES,Combined TRACON& Tower with Radar,32,32,93,67,224,0,6,40,2,48,32,38,133,69,272,118,8,126,398
06/07/2023,CHA,TN,ASO,ES,Combined TRACON& Tower with Radar,30,21,87,20,158,0,11,45,5,61,30,32,132,25,219,126,10,136,355
06/08/2023,CHA,TN,ASO,ES,Combined TRACON& Tower with Radar,36,28,101,7,172,0,6,35,8,49,36,34,136,15,221,84,0,84,305
06/09/2023,CHA,TN,ASO,ES,Combined TRACON& Tower with Radar,35,30,81,48,194,0,7,37,5,49,35,37,118,53,243,158,16,174,417
06/10/2023,CHA,TN,ASO,ES,Combined TRACON& Tower with Radar,27,13,72,0,112,0,4,42,0,46,27,17,114,0,158,98,0,98,256
06/11/2023,CHA,TN,ASO,ES,Combined TRACON& Tower with Radar,34,15,44,12,105,0,0,5,4,9,34,15,49,16,114,2,0,2,116
06/12/2023,CHA,TN,ASO,ES,Combined TRACON& Tower with Radar,40,51,125,23,239,0,4,24,1,29,40,55,149,24,268,140,40,180,448
06/13/2023,CHA,TN,ASO,ES,Combined TRACON& Tower with Radar,30,25,115,25,195,0,5,55,6,66,30,30,170,31,261,71,104,175,436
06/14/2023,CHA,TN,ASO,ES,Combined TRACON& Tower with Radar,33,25,60,6,124,0,0,16,0,16,33,25,76,6,140,36,4,40,180
06/15/2023,CHA,TN,ASO,ES,Combined TRACON& Tower with Radar,35,28,89,2,154,0,1,6,2,9,35,29,95,4,163,24,0,24,187
06/16/2023,CHA,TN,ASO,ES,Combined TRACON& Tower with Radar,37,27,98,12,174,0,2,38,5,45,37,29,136,17,219,56,0,56,275
06/17/2023,CHA,TN,ASO,ES,Combined TRACON& Tower with Radar,26,25,67,0,118,0,1,42,0,43,26,26,109,0,161,58,0,58,219
06/18/2023,CHA,TN,ASO,ES,Combined TRACON& Tower with Radar,33,22,54,4,113,0,0,21,4,25,33,22,75,8,138,0,0,0,138
06/19/2023,CHA,TN,ASO,ES,Combined TRACON& Tower with Radar,36,17,89,0,142,0,0,7,0,7,36,17,96,0,149,30,0,30,179
06/20/2023,CHA,TN,ASO,ES,Combined TRACON& Tower with Radar,31,26,58,4,119,0,0,1,1,2,31,26,59,5,121,88,0,88,209
06/21/2023,CHA,TN,ASO,ES,Combined TRACON& Tower with Radar,32,28,61,6,127,0,0,2,0,2,32,28,63,6,129,62,0,62,191
06/22/2023,CHA,TN,ASO,ES,Combined TRACON& Tower with Radar,38,20,76,2,136,0,0,0,1,1,38,20,76,3,137,56,0,56,193
06/23/2023,CHA,TN,ASO,ES,Combined TRACON& Tower with Radar,37,20,104,11,172,0,2,33,2,37,37,22,137,13,209,62,10,72,281
06/24/2023,CHA,TN,ASO,ES,Combined TRACON& Tower with Radar,31,23,82,0,136,0,2,42,4,48,31,25,124,4,184,58,0,58,242
06/25/2023,CHA,TN,ASO,ES,Combined TRACON& Tower with Radar,36,19,56,10,121,0,1,23,10,34,36,20,79,20,155,26,0,26,181
06/26/2023,CHA,TN,ASO,ES,Combined TRACON& Tower with Radar,41,12,91,14,158,0,6,26,0,32,41,18,117,14,190,88,4,92,282
06/27/2023,CHA,TN,ASO,ES,Combined TRACON& Tower with Radar,32,31,107,41,211,0,2,46,8,56,32,33,153,49,267,88,14,102,369
06/28/2023,CHA,TN,ASO,ES,Combined TRACON& Tower with Radar,35,21,113,17,186,0,1,47,3,51,35,22,160,20,237,116,0,116,353
06/29/2023,CHA,TN,ASO,ES,Combined TRACON& Tower with Radar,42,29,93,12,176,0,0,26,1,27,42,29,119,13,203,76,0,76,279
06/30/2023,CHA,TN,ASO,ES,Combined TRACON& Tower with Radar,41,8,68,4,121,0,2,17,0,19,41,10,85,4,140,92,0,92,232
07/01/2023,CHA,TN,ASO,ES,Combined TRACON& Tower with Radar,33,17,54,0,104,0,0,22,0,22,33,17,76,0,126,0,0,0,126
07/02/2023,CHA,TN,ASO,ES,Combined TRACON& Tower with Radar,33,11,34,0,78,0,0,16,0,16,33,11,50,0,94,0,0,0,94
07/03/2023,CHA,TN,ASO,ES,Combined TRACON& Tower with Radar,28,9,31,0,68,0,0,21,0,21,28,9,52,0,89,66,0,66,155
07/04/2023,CHA,TN,ASO,ES,Combined TRACON& Tower with Radar,31,10,28,0,69,0,1,22,0,23,31,11,50,0,92,36,0,36,128
07/05/2023,CHA,TN,ASO,ES,Combined TRACON& Tower with Radar,33,16,53,0,102,0,0,11,0,11,33,16,64,0,113,54,0,54,167
07/06/2023,CHA,TN,ASO,ES,Combined TRACON& Tower with Radar,40,20,86,12,158,0,0,32,2,34,40,20,118,14,192,46,16,62,254
07/07/2023,CHA,TN,ASO,ES,Combined TRACON& Tower with Radar,34,13,66,12,125,0,10,82,0,92,34,23,148,12,217,90,0,90,307
07/08/2023,CHA,TN,ASO,ES,Combined TRACON& Tower with Radar,29,23,38,9,99,0,2,55,5,62,29,25,93,14,161,82,6,88,249
07/09/2023,CHA,TN,ASO,ES,Combined TRACON& Tower with Radar,32,15,38,0,85,0,0,21,0,21,32,15,59,0,106,50,0,50,156
07/10/2023,CHA,TN,ASO,ES,Combined TRACON& Tower with Radar,34,14,87,0,135,0,5,56,2,63,34,19,143,2,198,124,0,124,322
07/11/2023,CHA,TN,ASO,ES,Combined TRACON& Tower with Radar,32,30,78,16,156,0,9,92,9,110,32,39,170,25,266,118,6,124,390
07/12/2023,CHA,TN,ASO,ES,Combined TRACON& Tower with Radar,33,18,60,26,137,0,7,78,3,88,33,25,138,29,225,62,32,94,319
07/13/2023,CHA,TN,ASO,ES,Combined TRACON& Tower with Radar,35,17,55,0,107,0,4,57,0,61,35,21,112,0,168,58,0,58,226
07/14/2023,CHA,TN,ASO,ES,Combined TRACON& Tower with Radar,40,13,73,10,136,0,7,32,2,41,40,20,105,12,177,94,10,104,281
07/15/2023,CHA,TN,ASO,ES,Combined TRACON& Tower with Radar,29,17,29,0,75,0,2,13,0,15,29,19,42,0,90,78,0,78,168
07/16/2023,CHA,TN,ASO,ES,Combined TRACON& Tower with Radar,32,21,70,0,123,0,1,52,2,55,32,22,122,2,178,107,0,107,285
07/17/2023,CHA,TN,ASO,ES,Combined TRACON& Tower with Radar,35,23,101,8,167,0,3,81,2,86,35,26,182,10,253,158,0,158,411
07/18/2023,CHA,TN,ASO,ES,Combined TRACON& Tower with Radar,29,23,76,1,129,0,3,54,2,59,29,26,130,3,188,62,0,62,250
07/19/2023,CHA,TN,ASO,ES,Combined TRACON& Tower with Radar,34,19,47,11,111,0,0,17,0,17,34,19,64,11,128,40,0,40,168
07/20/2023,CHA,TN,ASO,ES,Combined TRACON& Tower with Radar,35,19,52,2,108,0,2,37,0,39,35,21,89,2,147,42,0,42,189
07/21/2023,CHA,TN,ASO,ES,Combined TRACON& Tower with Radar,35,23,54,11,123,0,2,19,1,22,35,25,73,12,145,24,0,24,169
07/22/2023,CHA,TN,ASO,ES,Combined TRACON& Tower with Radar,32,25,50,0,107,0,4,53,0,57,32,29,103,0,164,58,0,58,222
07/23/2023,CHA,TN,ASO,ES,Combined TRACON& Tower with Radar,29,12,50,10,101,0,2,65,2,69,29,14,115,12,170,12,0,12,182
07/24/2023,CHA,TN,ASO,ES,Combined TRACON& Tower with Radar,35,10,59,10,114,0,11,67,2,80,35,21,126,12,194,68,24,92,286
07/25/2023,CHA,TN,ASO,ES,Combined TRACON& Tower with Radar,33,21,64,18,136,0,1,51,1,53,33,22,115,19,189,24,12,36,225
07/26/2023,CHA,TN,ASO,ES,Combined TRACON& Tower with Radar,32,28,63,2,125,0,6,71,2,79,32,34,134,4,204,56,12,68,272
07/27/2023,CHA,TN,ASO,ES,Combined TRACON& Tower with Radar,36,20,97,6,159,0,10,73,1,84,36,30,170,7,243,52,14,66,309
07/28/2023,CHA,TN,ASO,ES,Combined TRACON& Tower with Radar,46,24,47,20,137,0,2,68,0,70,46,26,115,20,207,0,12,12,219
07/29/2023,CHA,TN,ASO,ES,Combined TRACON& Tower with Radar,29,17,42,0,88,0,3,66,0,69,29,20,108,0,157,76,0,76,233
07/30/2023,CHA,TN,ASO,ES,Combined TRACON& Tower with Radar,32,20,46,6,104,0,2,41,0,43,32,22,87,6,147,62,0,62,209
07/31/2023,CHA,TN,ASO,ES,Combined TRACON& Tower with Radar,35,16,72,0,123,0,14,78,0,92,35,30,150,0,215,50,0,50,265
08/01/2023,CHA,TN,ASO,ES,Combined TRACON& Tower with Radar,31,18,69,2,120,0,5,123,0,128,31,23,192,2,248,54,10,64,312
08/02/2023,CHA,TN,ASO,ES,Combined TRACON& Tower with Radar,34,17,62,0,113,0,1,50,0,51,34,18,112,0,164,106,0,106,270
08/03/2023,CHA,TN,ASO,ES,Combined TRACON& Tower with Radar,39,18,70,0,127,0,2,9,1,12,39,20,79,1,139,44,0,44,183
08/04/2023,CHA,TN,ASO,ES,Combined TRACON& Tower with Radar,37,18,52,4,111,0,1,11,0,12,37,19,63,4,123,88,0,88,211
08/05/2023,CHA,TN,ASO,ES,Combined TRACON& Tower with Radar,27,10,48,0,85,0,4,85,0,89,27,14,133,0,174,28,0,28,202
08/06/2023,CHA,TN,ASO,ES,Combined TRACON& Tower with Radar,44,14,39,4,101,0,2,17,0,19,44,16,56,4,120,14,0,14,134
08/07/2023,CHA,TN,ASO,ES,Combined TRACON& Tower with Radar,34,13,55,0,102,0,4,28,2,34,34,17,83,2,136,30,0,30,166
08/08/2023,CHA,TN,ASO,ES,Combined TRACON& Tower with Radar,34,22,71,0,127,0,15,62,2,79,34,37,133,2,206,72,0,72,278
08/09/2023,CHA,TN,ASO,ES,Combined TRACON& Tower with Radar,36,16,72,2,126,0,1,55,5,61,36,17,127,7,187,86,0,86,273
08/10/2023,CHA,TN,ASO,ES,Combined TRACON& Tower with Radar,40,15,71,6,132,0,3,29,5,37,40,18,100,11,169,40,0,40,209
08/11/2023,CHA,TN,ASO,ES,Combined TRACON& Tower with Radar,39,16,74,8,137,0,4,32,4,40,39,20,106,12,177,0,0,0,177
08/12/2023,CHA,TN,ASO,ES,Combined TRACON& Tower with Radar,33,13,28,0,74,0,2,22,0,24,33,15,50,0,98,46,0,46,144
08/13/2023,CHA,TN,ASO,ES,Combined TRACON& Tower with Radar,33,26,50,4,113,0,1,32,0,33,33,27,82,4,146,22,0,22,168
08/14/2023,CHA,TN,ASO,ES,Combined TRACON& Tower with Radar,38,12,77,2,129,0,5,75,1,81,38,17,152,3,210,57,0,57,267
08/15/2023,CHA,TN,ASO,ES,Combined TRACON& Tower with Radar,41,16,59,20,136,0,4,67,0,71,41,20,126,20,207,72,0,72,279
08/16/2023,CHA,TN,ASO,ES,Combined TRACON& Tower with Radar,35,10,76,0,121,0,4,93,2,99,35,14,169,2,220,96,0,96,316
08/17/2023,CHA,TN,ASO,ES,Combined TRACON& Tower with Radar,38,18,79,16,151,0,4,86,2,92,38,22,165,18,243,28,10,38,281
08/18/2023,CHA,TN,ASO,ES,Combined TRACON& Tower with Radar,37,15,49,9,110,0,5,59,5,69,37,20,108,14,179,28,8,36,215
08/19/2023,CHA,TN,ASO,ES,Combined TRACON& Tower with Radar,28,8,31,0,67,0,4,71,0,75,28,12,102,0,142,32,0,32,174
08/20/2023,CHA,TN,ASO,ES,Combined TRACON& Tower with Radar,34,11,43,2,90,0,2,60,0,62,34,13,103,2,152,0,0,0,152
08/21/2023,CHA,TN,ASO,ES,Combined TRACON& Tower with Radar,36,18,59,2,115,0,6,74,1,81,36,24,133,3,196,56,0,56,252
08/22/2023,CHA,TN,ASO,ES,Combined TRACON& Tower with Radar,37,24,65,3,129,0,4,49,0,53,37,28,114,3,182,92,0,92,274
08/23/2023,CHA,TN,ASO,ES,Combined TRACON& Tower with Radar,36,18,67,0,121,0,1,76,0,77,36,19,143,0,198,124,0,124,322
08/24/2023,CHA,TN,ASO,ES,Combined TRACON& Tower with Radar,40,22,64,14,140,0,5,54,3,62,40,27,118,17,202,38,0,38,240
08/25/2023,CHA,TN,ASO,ES,Combined TRACON& Tower with Radar,38,10,69,0,117,0,5,66,1,72,38,15,135,1,189,22,0,22,211
08/26/2023,CHA,TN,ASO,ES,Combined TRACON& Tower with Radar,30,10,31,0,71,0,1,51,0,52,30,11,82,0,123,18,0,18,141
08/27/2023,CHA,TN,ASO,ES,Combined TRACON& Tower with Radar,33,15,27,2,77,0,1,34,0,35,33,16,61,2,112,8,0,8,120
08/28/2023,CHA,TN,ASO,ES,Combined TRACON& Tower with Radar,38,10,51,0,99,0,2,7,0,9,38,12,58,0,108,18,0,18,126
08/29/2023,CHA,TN,ASO,ES,Combined TRACON& Tower with Radar,34,21,50,4,109,0,7,10,0,17,34,28,60,4,126,34,0,34,160
08/30/2023,CHA,TN,ASO,ES,Combined TRACON& Tower with Radar,36,23,80,0,139,0,6,28,0,34,36,29,108,0,173,26,0,26,199
08/31/2023,CHA,TN,ASO,ES,Combined TRACON& Tower with Radar,40,24,67,4,135,0,9,80,2,91,40,33,147,6,226,86,2,88,314
