01/01/2020,CHD,AZ,AWP,WE,Federal Contract Tower,0,0,5,0,5,0,3,95,0,98,0,3,100,0,103,72,0,72,175
01/02/2020,CHD,AZ,AWP,WE,Federal Contract Tower,0,0,8,0,8,0,12,187,0,199,0,12,195,0,207,304,0,304,511
01/03/2020,CHD,AZ,AWP,WE,Federal Contract Tower,0,0,4,0,4,0,7,135,0,142,0,7,139,0,146,314,0,314,460
01/04/2020,CHD,AZ,AWP,WE,Federal Contract Tower,0,0,6,0,6,0,2,228,0,230,0,2,234,0,236,297,0,297,533
01/05/2020,CHD,AZ,AWP,WE,Federal Contract Tower,0,0,6,0,6,0,3,159,0,162,0,3,165,0,168,170,0,170,338
01/06/2020,CHD,AZ,AWP,WE,Federal Contract Tower,0,0,13,0,13,0,2,193,0,195,0,2,206,0,208,283,0,283,491
01/07/2020,CHD,AZ,AWP,WE,Federal Contract Tower,0,0,7,0,7,0,0,205,0,205,0,0,212,0,212,340,0,340,552
01/08/2020,CHD,AZ,AWP,WE,Federal Contract Tower,0,0,8,0,8,0,10,192,0,202,0,10,200,0,210,338,0,338,548
01/09/2020,CHD,AZ,AWP,WE,Federal Contract Tower,0,4,5,0,9,0,8,173,0,181,0,12,178,0,190,301,0,301,491
01/10/2020,CHD,AZ,AWP,WE,Federal Contract Tower,0,5,7,0,12,0,7,189,0,196,0,12,196,0,208,369,0,369,577
01/11/2020,CHD,AZ,AWP,WE,Federal Contract Tower,0,0,8,0,8,0,5,202,0,207,0,5,210,0,215,278,0,278,493
01/12/2020,CHD,AZ,AWP,WE,Federal Contract Tower,0,1,6,0,7,0,6,172,0,178,0,7,178,0,185,259,0,259,444
01/13/2020,CHD,AZ,AWP,WE,Federal Contract Tower,0,0,28,0,28,0,8,184,0,192,0,8,212,0,220,423,0,423,643
01/14/2020,CHD,AZ,AWP,WE,Federal Contract Tower,0,2,25,1,28,0,13,203,0,216,0,15,228,1,244,524,0,524,768
01/15/2020,CHD,AZ,AWP,WE,Federal Contract Tower,0,0,27,1,28,0,16,247,0,263,0,16,274,1,291,509,0,509,800
01/16/2020,CHD,AZ,AWP,WE,Federal Contract Tower,0,3,33,0,36,0,4,194,1,199,0,7,227,1,235,478,3,481,716
01/17/2020,CHD,AZ,AWP,WE,Federal Contract Tower,0,1,17,0,18,0,15,184,0,199,0,16,201,0,217,661,0,661,878
01/18/2020,CHD,AZ,AWP,WE,Federal Contract Tower,0,2,18,0,20,0,11,268,0,279,0,13,286,0,299,478,0,478,777
01/19/2020,CHD,AZ,AWP,WE,Federal Contract Tower,0,3,11,0,14,0,2,194,0,196,0,5,205,0,210,320,0,320,530
01/20/2020,CHD,AZ,AWP,WE,Federal Contract Tower,0,1,27,0,28,0,13,234,0,247,0,14,261,0,275,577,0,577,852
01/21/2020,CHD,AZ,AWP,WE,Federal Contract Tower,0,3,12,0,15,0,12,93,0,105,0,15,105,0,120,571,0,571,691
01/22/2020,CHD,AZ,AWP,WE,Federal Contract Tower,0,3,20,0,23,0,5,154,0,159,0,8,174,0,182,463,0,463,645
01/23/2020,CHD,AZ,AWP,WE,Federal Contract Tower,0,7,9,0,16,0,9,226,0,235,0,16,235,0,251,507,0,507,758
01/24/2020,CHD,AZ,AWP,WE,Federal Contract Tower,0,4,15,0,19,0,11,260,0,271,0,15,275,0,290,552,0,552,842
01/25/2020,CHD,AZ,AWP,WE,Federal Contract Tower,0,1,9,0,10,0,6,277,0,283,0,7,286,0,293,607,0,607,900
01/26/2020,CHD,AZ,AWP,WE,Federal Contract Tower,0,2,15,0,17,0,4,193,0,197,0,6,208,0,214,338,0,338,552
01/27/2020,CHD,AZ,AWP,WE,Federal Contract Tower,0,2,17,0,19,0,13,231,0,244,0,15,248,0,263,726,0,726,989
01/28/2020,CHD,AZ,AWP,WE,Federal Contract Tower,0,3,14,2,19,0,17,260,0,277,0,20,274,2,296,682,0,682,978
01/29/2020,CHD,AZ,AWP,WE,Federal Contract Tower,0,1,35,0,36,0,12,225,0,237,0,13,260,0,273,596,0,596,869
01/30/2020,CHD,AZ,AWP,WE,Federal Contract Tower,0,2,20,0,22,0,10,227,0,237,0,12,247,0,259,411,0,411,670
01/31/2020,CHD,AZ,AWP,WE,Federal Contract Tower,0,2,12,0,14,0,11,287,0,298,0,13,299,0,312,746,0,746,1058
02/01/2020,CHD,AZ,AWP,CE,Federal Contract Tower,0,0,9,0,9,0,5,310,1,316,0,5,319,1,325,568,0,568,893
02/02/2020,CHD,AZ,AWP,CE,Federal Contract Tower,0,4,12,0,16,0,2,193,0,195,0,6,205,0,211,269,0,269,480
02/03/2020,CHD,AZ,AWP,CE,Federal Contract Tower,0,0,9,0,9,0,11,139,0,150,0,11,148,0,159,406,0,406,565
02/04/2020,CHD,AZ,AWP,CE,Federal Contract Tower,0,0,13,0,13,0,17,206,0,223,0,17,219,0,236,562,0,562,798
02/05/2020,CHD,AZ,AWP,CE,Federal Contract Tower,0,2,16,1,19,0,14,195,3,212,0,16,211,4,231,749,0,749,980
02/06/2020,CHD,AZ,AWP,CE,Federal Contract Tower,0,3,9,0,12,0,15,233,0,248,0,18,242,0,260,780,0,780,1040
02/07/2020,CHD,AZ,AWP,CE,Federal Contract Tower,0,5,28,0,33,0,12,249,0,261,0,17,277,0,294,559,0,559,853
02/08/2020,CHD,AZ,AWP,CE,Federal Contract Tower,0,1,6,0,7,0,7,248,0,255,0,8,254,0,262,545,0,545,807
02/09/2020,CHD,AZ,AWP,CE,Federal Contract Tower,0,2,12,0,14,0,1,111,0,112,0,3,123,0,126,192,0,192,318
02/10/2020,CHD,AZ,AWP,CE,Federal Contract Tower,0,2,9,0,11,0,11,153,0,164,0,13,162,0,175,489,0,489,664
02/11/2020,CHD,AZ,AWP,CE,Federal Contract Tower,0,5,19,0,24,0,13,164,0,177,0,18,183,0,201,735,0,735,936
02/12/2020,CHD,AZ,AWP,CE,Federal Contract Tower,0,4,15,0,19,0,18,250,0,268,0,22,265,0,287,782,0,782,1069
02/13/2020,CHD,AZ,AWP,CE,Federal Contract Tower,0,3,17,0,20,0,14,254,0,268,0,17,271,0,288,789,0,789,1077
02/14/2020,CHD,AZ,AWP,CE,Federal Contract Tower,0,3,23,0,26,0,16,271,0,287,0,19,294,0,313,775,0,775,1088
02/15/2020,CHD,AZ,AWP,CE,Federal Contract Tower,0,0,8,0,8,0,12,292,0,304,0,12,300,0,312,491,0,491,803
02/16/2020,CHD,AZ,AWP,CE,Federal Contract Tower,0,1,10,0,11,0,12,190,0,202,0,13,200,0,213,445,0,445,658
02/17/2020,CHD,AZ,AWP,CE,Federal Contract Tower,0,3,11,0,14,0,10,239,0,249,0,13,250,0,263,725,0,725,988
02/18/2020,CHD,AZ,AWP,CE,Federal Contract Tower,0,1,11,0,12,0,18,199,0,217,0,19,210,0,229,650,0,650,879
02/19/2020,CHD,AZ,AWP,CE,Federal Contract Tower,0,5,4,0,9,0,22,214,0,236,0,27,218,0,245,658,0,658,903
02/20/2020,CHD,AZ,AWP,CE,Federal Contract Tower,0,5,17,0,22,0,12,221,0,233,0,17,238,0,255,482,0,482,737
02/21/2020,CHD,AZ,AWP,CE,Federal Contract Tower,0,8,38,0,46,0,18,133,0,151,0,26,171,0,197,508,0,508,705
02/22/2020,CHD,AZ,AWP,CE,Federal Contract Tower,0,1,16,0,17,0,1,23,0,24,0,2,39,0,41,115,0,115,156
02/23/2020,CHD,AZ,AWP,CE,Federal Contract Tower,0,2,14,0,16,0,7,185,0,192,0,9,199,0,208,629,0,629,837
02/24/2020,CHD,AZ,AWP,CE,Federal Contract Tower,0,2,15,0,17,0,14,223,0,237,0,16,238,0,254,528,0,528,782
02/25/2020,CHD,AZ,AWP,CE,Federal Contract Tower,0,6,37,0,43,0,18,159,0,177,0,24,196,0,220,330,0,330,550
02/26/2020,CHD,AZ,AWP,CE,Federal Contract Tower,0,10,40,0,50,0,19,233,0,252,0,29,273,0,302,791,0,791,1093
02/27/2020,CHD,AZ,AWP,CE,Federal Contract Tower,0,2,37,0,39,0,16,225,0,241,0,18,262,0,280,683,0,683,963
02/28/2020,CHD,AZ,AWP,CE,Federal Contract Tower,0,1,47,0,48,0,9,236,0,245,0,10,283,0,293,596,0,596,889
02/29/2020,CHD,AZ,AWP,CE,Federal Contract Tower,0,0,27,0,27,0,7,335,0,342,0,7,362,0,369,671,0,671,1040
03/01/2020,CHD,AZ,AWP,CE,Federal Contract Tower,0,0,3,0,3,0,1,160,0,161,0,1,163,0,164,285,0,285,449
03/02/2020,CHD,AZ,AWP,CE,Federal Contract Tower,0,0,10,0,10,0,7,154,0,161,0,7,164,0,171,542,0,542,713
03/03/2020,CHD,AZ,AWP,CE,Federal Contract Tower,0,0,13,0,13,0,14,234,0,248,0,14,247,0,261,786,0,786,1047
03/04/2020,CHD,AZ,AWP,CE,Federal Contract Tower,0,15,0,0,15,0,10,215,0,225,0,25,215,0,240,545,0,545,785
03/05/2020,CHD,AZ,AWP,CE,Federal Contract Tower,0,0,33,0,33,0,4,251,0,255,0,4,284,0,288,611,0,611,899
03/06/2020,CHD,AZ,AWP,CE,Federal Contract Tower,0,2,30,0,32,0,8,165,0,173,0,10,195,0,205,411,0,411,616
03/07/2020,CHD,AZ,AWP,CE,Federal Contract Tower,0,3,6,0,9,0,9,261,0,270,0,12,267,0,279,441,0,441,720
03/08/2020,CHD,AZ,AWP,CE,Federal Contract Tower,0,3,6,0,9,0,0,139,0,139,0,3,145,0,148,328,0,328,476
03/09/2020,CHD,AZ,AWP,CE,Federal Contract Tower,0,0,11,0,11,0,9,249,0,258,0,9,260,0,269,528,0,528,797
03/10/2020,CHD,AZ,AWP,CE,Federal Contract Tower,0,0,26,0,26,0,8,185,0,193,0,8,211,0,219,479,0,479,698
03/11/2020,CHD,AZ,AWP,CE,Federal Contract Tower,0,1,32,0,33,0,2,52,0,54,0,3,84,0,87,299,0,299,386
03/12/2020,CHD,AZ,AWP,CE,Federal Contract Tower,0,4,18,0,22,0,0,81,0,81,0,4,99,0,103,316,0,316,419
03/13/2020,CHD,AZ,AWP,CE,Federal Contract Tower,0,3,9,0,12,0,5,111,0,116,0,8,120,0,128,389,0,389,517
03/14/2020,CHD,AZ,AWP,CE,Federal Contract Tower,0,2,9,0,11,0,7,320,0,327,0,9,329,0,338,668,0,668,1006
03/15/2020,CHD,AZ,AWP,CE,Federal Contract Tower,0,2,13,0,15,0,2,209,0,211,0,4,222,0,226,416,0,416,642
03/16/2020,CHD,AZ,AWP,CE,Federal Contract Tower,0,0,17,0,17,0,10,245,0,255,0,10,262,0,272,412,0,412,684
03/17/2020,CHD,AZ,AWP,CE,Federal Contract Tower,0,0,11,0,11,0,14,207,0,221,0,14,218,0,232,569,0,569,801
03/18/2020,CHD,AZ,AWP,CE,Federal Contract Tower,0,6,12,0,18,0,6,74,0,80,0,12,86,0,98,251,0,251,349
03/19/2020,CHD,AZ,AWP,CE,Federal Contract Tower,0,1,3,0,4,0,5,175,0,180,0,6,178,0,184,803,0,803,987
03/20/2020,CHD,AZ,AWP,CE,Federal Contract Tower,0,4,11,0,15,0,4,228,0,232,0,8,239,0,247,546,0,546,793
03/21/2020,CHD,AZ,AWP,CE,Federal Contract Tower,0,0,5,0,5,0,10,225,0,235,0,10,230,0,240,503,0,503,743
03/22/2020,CHD,AZ,AWP,CE,Federal Contract Tower,0,0,7,0,7,0,2,177,0,179,0,2,184,0,186,321,0,321,507
03/23/2020,CHD,AZ,AWP,CE,Federal Contract Tower,0,0,1,0,1,0,2,163,0,165,0,2,164,0,166,390,0,390,556
03/24/2020,CHD,AZ,AWP,CE,Federal Contract Tower,0,1,9,0,10,0,8,212,0,220,0,9,221,0,230,546,0,546,776
03/25/2020,CHD,AZ,AWP,CE,Federal Contract Tower,0,1,14,0,15,0,12,212,0,224,0,13,226,0,239,483,0,483,722
03/26/2020,CHD,AZ,AWP,CE,Federal Contract Tower,0,1,2,0,3,0,13,188,0,201,0,14,190,0,204,686,0,686,890
03/27/2020,CHD,AZ,AWP,CE,Federal Contract Tower,0,1,0,0,1,0,18,154,0,172,0,19,154,0,173,496,0,496,669
03/28/2020,CHD,AZ,AWP,CE,Federal Contract Tower,0,0,8,0,8,0,14,183,0,197,0,14,191,0,205,428,0,428,633
03/29/2020,CHD,AZ,AWP,CE,Federal Contract Tower,0,0,7,0,7,0,2,172,0,174,0,2,179,0,181,424,0,424,605
03/30/2020,CHD,AZ,AWP,CE,Federal Contract Tower,0,0,12,0,12,0,5,202,0,207,0,5,214,0,219,511,0,511,730
03/31/2020,CHD,AZ,AWP,CE,Federal Contract Tower,0,0,5,0,5,0,21,194,0,215,0,21,199,0,220,504,0,504,724
04/01/2020,CHD,AZ,AWP,CE,Federal Contract Tower,0,1,5,0,6,0,15,126,0,141,0,16,131,0,147,246,0,246,393
04/02/2020,CHD,AZ,AWP,CE,Federal Contract Tower,0,0,4,0,4,0,5,89,0,94,0,5,93,0,98,151,0,151,249
04/03/2020,CHD,AZ,AWP,CE,Federal Contract Tower,0,2,5,0,7,0,17,142,0,159,0,19,147,0,166,294,0,294,460
04/04/2020,CHD,AZ,AWP,CE,Federal Contract Tower,0,0,8,0,8,0,8,163,0,171,0,8,171,0,179,267,0,267,446
04/05/2020,CHD,AZ,AWP,CE,Federal Contract Tower,0,0,6,0,6,0,3,125,0,128,0,3,131,0,134,201,0,201,335
04/06/2020,CHD,AZ,AWP,CE,Federal Contract Tower,0,0,6,0,6,0,2,108,0,110,0,2,114,0,116,211,0,211,327
04/07/2020,CHD,AZ,AWP,CE,Federal Contract Tower,0,0,3,0,3,0,18,124,0,142,0,18,127,0,145,299,0,299,444
04/08/2020,CHD,AZ,AWP,CE,Federal Contract Tower,0,2,3,0,5,0,5,93,0,98,0,7,96,0,103,127,0,127,230
04/09/2020,CHD,AZ,AWP,CE,Federal Contract Tower,0,2,4,0,6,0,10,152,0,162,0,12,156,0,168,241,0,241,409
04/10/2020,CHD,AZ,AWP,CE,Federal Contract Tower,0,2,10,0,12,0,7,161,0,168,0,9,171,0,180,391,0,391,571
04/11/2020,CHD,AZ,AWP,CE,Federal Contract Tower,0,0,1,0,1,0,3,87,0,90,0,3,88,0,91,128,0,128,219
04/12/2020,CHD,AZ,AWP,CE,Federal Contract Tower,0,0,5,0,5,0,0,120,0,120,0,0,125,0,125,14,0,14,139
04/13/2020,CHD,AZ,AWP,CE,Federal Contract Tower,0,1,6,0,7,0,3,116,0,119,0,4,122,0,126,226,0,226,352
04/14/2020,CHD,AZ,AWP,CE,Federal Contract Tower,0,0,11,0,11,0,13,164,0,177,0,13,175,0,188,353,0,353,541
04/15/2020,CHD,AZ,AWP,CE,Federal Contract Tower,0,3,12,0,15,0,14,166,0,180,0,17,178,0,195,287,0,287,482
04/16/2020,CHD,AZ,AWP,CE,Federal Contract Tower,0,2,8,0,10,0,6,157,0,163,0,8,165,0,173,445,0,445,618
04/17/2020,CHD,AZ,AWP,CE,Federal Contract Tower,0,1,7,0,8,0,10,126,0,136,0,11,133,0,144,198,0,198,342
04/18/2020,CHD,AZ,AWP,CE,Federal Contract Tower,0,1,6,0,7,0,54,142,0,196,0,55,148,0,203,276,0,276,479
04/19/2020,CHD,AZ,AWP,CE,Federal Contract Tower,0,1,1,0,2,0,13,179,0,192,0,14,180,0,194,156,0,156,350
04/20/2020,CHD,AZ,AWP,CE,Federal Contract Tower,0,0,9,0,9,0,10,131,0,141,0,10,140,0,150,256,0,256,406
04/21/2020,CHD,AZ,AWP,CE,Federal Contract Tower,0,1,2,0,3,0,21,116,0,137,0,22,118,0,140,254,0,254,394
04/22/2020,CHD,AZ,AWP,CE,Federal Contract Tower,0,0,9,0,9,0,31,150,0,181,0,31,159,0,190,392,0,392,582
04/23/2020,CHD,AZ,AWP,CE,Federal Contract Tower,0,3,5,0,8,0,35,134,0,169,0,38,139,0,177,286,0,286,463
04/24/2020,CHD,AZ,AWP,CE,Federal Contract Tower,0,2,6,0,8,0,45,136,0,181,0,47,142,0,189,297,0,297,486
04/25/2020,CHD,AZ,AWP,CE,Federal Contract Tower,0,2,6,0,8,0,56,157,0,213,0,58,163,0,221,264,0,264,485
04/26/2020,CHD,AZ,AWP,CE,Federal Contract Tower,0,3,8,0,11,0,27,110,0,137,0,30,118,0,148,188,0,188,336
04/27/2020,CHD,AZ,AWP,CE,Federal Contract Tower,0,3,4,0,7,0,21,112,0,133,0,24,116,0,140,380,0,380,520
04/28/2020,CHD,AZ,AWP,CE,Federal Contract Tower,0,2,5,0,7,0,40,152,0,192,0,42,157,0,199,426,0,426,625
04/29/2020,CHD,AZ,AWP,CE,Federal Contract Tower,0,2,5,0,7,0,43,140,0,183,0,45,145,0,190,330,0,330,520
04/30/2020,CHD,AZ,AWP,CE,Federal Contract Tower,0,2,14,0,16,0,54,128,0,182,0,56,142,0,198,351,0,351,549
05/01/2020,CHD,AZ,AWP,CE,Federal Contract Tower,0,5,10,0,15,0,54,154,0,208,0,59,164,0,223,473,0,473,696
05/02/2020,CHD,AZ,AWP,CE,Federal Contract Tower,0,4,4,0,8,0,45,178,0,223,0,49,182,0,231,476,0,476,707
05/03/2020,CHD,AZ,AWP,CE,Federal Contract Tower,0,1,5,0,6,0,54,129,0,183,0,55,134,0,189,169,0,169,358
05/04/2020,CHD,AZ,AWP,CE,Federal Contract Tower,0,4,5,0,9,0,32,148,0,180,0,36,153,0,189,504,0,504,693
05/05/2020,CHD,AZ,AWP,CE,Federal Contract Tower,0,0,4,0,4,0,37,111,0,148,0,37,115,0,152,322,0,322,474
05/06/2020,CHD,AZ,AWP,CE,Federal Contract Tower,0,5,17,0,22,0,59,164,0,223,0,64,181,0,245,698,0,698,943
05/07/2020,CHD,AZ,AWP,CE,Federal Contract Tower,0,1,13,0,14,0,53,175,0,228,0,54,188,0,242,414,0,414,656
05/08/2020,CHD,AZ,AWP,CE,Federal Contract Tower,0,0,10,0,10,0,33,135,0,168,0,33,145,0,178,511,0,511,689
05/09/2020,CHD,AZ,AWP,CE,Federal Contract Tower,0,2,4,0,6,0,32,193,0,225,0,34,197,0,231,434,0,434,665
05/10/2020,CHD,AZ,AWP,CE,Federal Contract Tower,0,2,5,0,7,0,34,91,0,125,0,36,96,0,132,167,0,167,299
05/11/2020,CHD,AZ,AWP,CE,Federal Contract Tower,0,2,7,0,9,0,27,176,0,203,0,29,183,0,212,447,0,447,659
05/12/2020,CHD,AZ,AWP,CE,Federal Contract Tower,0,0,5,0,5,0,58,146,0,204,0,58,151,0,209,584,0,584,793
05/13/2020,CHD,AZ,AWP,CE,Federal Contract Tower,0,3,5,0,8,0,63,172,0,235,0,66,177,0,243,545,0,545,788
05/14/2020,CHD,AZ,AWP,CE,Federal Contract Tower,0,2,12,0,14,0,56,201,0,257,0,58,213,0,271,618,0,618,889
05/15/2020,CHD,AZ,AWP,CE,Federal Contract Tower,0,2,15,0,17,0,51,203,0,254,0,53,218,0,271,619,0,619,890
05/16/2020,CHD,AZ,AWP,CE,Federal Contract Tower,0,1,6,0,7,0,51,217,0,268,0,52,223,0,275,397,0,397,672
05/17/2020,CHD,AZ,AWP,CE,Federal Contract Tower,0,2,7,0,9,0,48,154,0,202,0,50,161,0,211,279,0,279,490
05/18/2020,CHD,AZ,AWP,CE,Federal Contract Tower,0,2,5,0,7,0,38,150,2,190,0,40,155,2,197,350,0,350,547
05/19/2020,CHD,AZ,AWP,CE,Federal Contract Tower,0,0,4,0,4,0,34,124,0,158,0,34,128,0,162,454,0,454,616
05/20/2020,CHD,AZ,AWP,CE,Federal Contract Tower,0,2,5,0,7,0,37,193,18,248,0,39,198,18,255,599,0,599,854
05/21/2020,CHD,AZ,AWP,CE,Federal Contract Tower,0,3,18,0,21,0,46,216,0,262,0,49,234,0,283,595,0,595,878
05/22/2020,CHD,AZ,AWP,CE,Federal Contract Tower,0,3,6,0,9,0,51,152,0,203,0,54,158,0,212,425,0,425,637
05/23/2020,CHD,AZ,AWP,CE,Federal Contract Tower,0,0,4,0,4,0,53,165,0,218,0,53,169,0,222,434,0,434,656
05/24/2020,CHD,AZ,AWP,CE,Federal Contract Tower,0,4,8,0,12,0,51,148,0,199,0,55,156,0,211,297,0,297,508
05/25/2020,CHD,AZ,AWP,CE,Federal Contract Tower,0,1,5,0,6,0,24,191,0,215,0,25,196,0,221,465,0,465,686
05/26/2020,CHD,AZ,AWP,CE,Federal Contract Tower,0,1,8,0,9,0,41,187,0,228,0,42,195,0,237,522,0,522,759
05/27/2020,CHD,AZ,AWP,CE,Federal Contract Tower,0,0,10,0,10,0,80,181,1,262,0,80,191,1,272,449,0,449,721
05/28/2020,CHD,AZ,AWP,CE,Federal Contract Tower,0,2,17,0,19,0,72,137,0,209,0,74,154,0,228,362,0,362,590
05/29/2020,CHD,AZ,AWP,CE,Federal Contract Tower,0,3,12,0,15,0,74,163,0,237,0,77,175,0,252,347,0,347,599
05/30/2020,CHD,AZ,AWP,CE,Federal Contract Tower,0,0,3,0,3,0,41,170,0,211,0,41,173,0,214,176,0,176,390
05/31/2020,CHD,AZ,AWP,CE,Federal Contract Tower,0,1,6,0,7,0,41,123,0,164,0,42,129,0,171,174,0,174,345
06/01/2020,CHD,AZ,AWP,CE,Federal Contract Tower,0,1,6,0,7,0,35,144,0,179,0,36,150,0,186,296,0,296,482
06/02/2020,CHD,AZ,AWP,CE,Federal Contract Tower,0,1,11,0,12,0,48,148,0,196,0,49,159,0,208,352,0,352,560
06/03/2020,CHD,AZ,AWP,CE,Federal Contract Tower,0,0,19,0,19,0,56,167,0,223,0,56,186,0,242,384,0,384,626
06/04/2020,CHD,AZ,AWP,CE,Federal Contract Tower,0,5,15,0,20,0,65,144,0,209,0,70,159,0,229,290,0,290,519
06/05/2020,CHD,AZ,AWP,CE,Federal Contract Tower,0,5,11,0,16,0,64,135,0,199,0,69,146,0,215,333,0,333,548
06/06/2020,CHD,AZ,AWP,CE,Federal Contract Tower,0,2,0,0,2,0,36,161,0,197,0,38,161,0,199,350,0,350,549
06/07/2020,CHD,AZ,AWP,CE,Federal Contract Tower,0,2,2,0,4,0,35,122,0,157,0,37,124,0,161,173,0,173,334
06/08/2020,CHD,AZ,AWP,CE,Federal Contract Tower,0,0,5,0,5,0,31,124,0,155,0,31,129,0,160,322,0,322,482
06/09/2020,CHD,AZ,AWP,CE,Federal Contract Tower,0,4,18,0,22,0,57,178,0,235,0,61,196,0,257,429,0,429,686
06/10/2020,CHD,AZ,AWP,CE,Federal Contract Tower,0,3,5,0,8,0,57,183,0,240,0,60,188,0,248,469,0,469,717
06/11/2020,CHD,AZ,AWP,CE,Federal Contract Tower,0,2,20,0,22,0,66,181,0,247,0,68,201,0,269,337,0,337,606
06/12/2020,CHD,AZ,AWP,CE,Federal Contract Tower,0,4,13,0,17,0,43,164,0,207,0,47,177,0,224,337,0,337,561
06/13/2020,CHD,AZ,AWP,CE,Federal Contract Tower,0,6,7,0,13,0,83,144,0,227,0,89,151,0,240,422,0,422,662
06/14/2020,CHD,AZ,AWP,CE,Federal Contract Tower,0,4,8,0,12,0,66,144,0,210,0,70,152,0,222,239,0,239,461
06/15/2020,CHD,AZ,AWP,CE,Federal Contract Tower,0,1,14,0,15,0,44,141,0,185,0,45,155,0,200,425,0,425,625
06/16/2020,CHD,AZ,AWP,CE,Federal Contract Tower,0,0,13,0,13,0,65,122,0,187,0,65,135,0,200,463,0,463,663
06/17/2020,CHD,AZ,AWP,CE,Federal Contract Tower,0,0,7,0,7,0,47,158,0,205,0,47,165,0,212,335,0,335,547
06/18/2020,CHD,AZ,AWP,CE,Federal Contract Tower,0,2,19,0,21,0,45,162,0,207,0,47,181,0,228,422,0,422,650
06/19/2020,CHD,AZ,AWP,CE,Federal Contract Tower,0,0,16,1,17,0,57,175,0,232,0,57,191,1,249,353,0,353,602
06/20/2020,CHD,AZ,AWP,CE,Federal Contract Tower,0,0,7,0,7,0,63,168,0,231,0,63,175,0,238,389,0,389,627
06/21/2020,CHD,AZ,AWP,CE,Federal Contract Tower,0,0,10,0,10,0,55,115,0,170,0,55,125,0,180,258,0,258,438
06/22/2020,CHD,AZ,AWP,CE,Federal Contract Tower,0,0,5,0,5,0,43,150,0,193,0,43,155,0,198,334,0,334,532
06/23/2020,CHD,AZ,AWP,CE,Federal Contract Tower,0,0,9,0,9,0,35,116,0,151,0,35,125,0,160,186,0,186,346
06/24/2020,CHD,AZ,AWP,CE,Federal Contract Tower,0,0,16,0,16,0,50,159,0,209,0,50,175,0,225,288,0,288,513
06/25/2020,CHD,AZ,AWP,CE,Federal Contract Tower,0,0,15,1,16,0,68,135,0,203,0,68,150,1,219,298,0,298,517
06/26/2020,CHD,AZ,AWP,CE,Federal Contract Tower,0,0,7,1,8,0,49,164,1,214,0,49,171,2,222,303,0,303,525
06/27/2020,CHD,AZ,AWP,CE,Federal Contract Tower,0,1,4,0,5,0,63,144,0,207,0,64,148,0,212,383,0,383,595
06/28/2020,CHD,AZ,AWP,CE,Federal Contract Tower,0,0,4,0,4,0,44,93,0,137,0,44,97,0,141,159,0,159,300
06/29/2020,CHD,AZ,AWP,CE,Federal Contract Tower,0,2,8,0,10,0,63,101,0,164,0,65,109,0,174,259,0,259,433
06/30/2020,CHD,AZ,AWP,CE,Federal Contract Tower,0,1,7,0,8,0,48,174,0,222,0,49,181,0,230,281,0,281,511
07/01/2020,CHD,AZ,AWP,CE,Federal Contract Tower,0,0,12,0,12,0,88,159,0,247,0,88,171,0,259,424,0,424,683
07/02/2020,CHD,AZ,AWP,CE,Federal Contract Tower,0,10,10,0,20,0,52,195,0,247,0,62,205,0,267,426,0,426,693
07/03/2020,CHD,AZ,AWP,CE,Federal Contract Tower,0,1,5,0,6,0,75,182,0,257,0,76,187,0,263,349,0,349,612
07/04/2020,CHD,AZ,AWP,CE,Federal Contract Tower,0,2,15,0,17,0,46,106,0,152,0,48,121,0,169,129,0,129,298
07/05/2020,CHD,AZ,AWP,CE,Federal Contract Tower,0,1,8,0,9,0,30,124,0,154,0,31,132,0,163,161,0,161,324
07/06/2020,CHD,AZ,AWP,CE,Federal Contract Tower,0,3,10,0,13,0,30,153,0,183,0,33,163,0,196,192,0,192,388
07/07/2020,CHD,AZ,AWP,CE,Federal Contract Tower,0,1,7,0,8,0,56,125,0,181,0,57,132,0,189,387,0,387,576
07/08/2020,CHD,AZ,AWP,CE,Federal Contract Tower,0,1,13,0,14,0,44,157,0,201,0,45,170,0,215,386,0,386,601
07/09/2020,CHD,AZ,AWP,CE,Federal Contract Tower,0,0,8,0,8,0,49,143,0,192,0,49,151,0,200,273,0,273,473
07/10/2020,CHD,AZ,AWP,CE,Federal Contract Tower,0,4,12,0,16,0,51,153,0,204,0,55,165,0,220,316,0,316,536
07/11/2020,CHD,AZ,AWP,CE,Federal Contract Tower,0,3,6,0,9,0,41,111,0,152,0,44,117,0,161,214,0,214,375
07/12/2020,CHD,AZ,AWP,CE,Federal Contract Tower,0,3,7,0,10,0,42,88,0,130,0,45,95,0,140,160,0,160,300
07/13/2020,CHD,AZ,AWP,CE,Federal Contract Tower,0,1,10,0,11,0,53,117,0,170,0,54,127,0,181,317,0,317,498
07/14/2020,CHD,AZ,AWP,CE,Federal Contract Tower,0,2,6,0,8,0,64,146,0,210,0,66,152,0,218,222,0,222,440
07/15/2020,CHD,AZ,AWP,CE,Federal Contract Tower,0,0,11,0,11,0,60,151,0,211,0,60,162,0,222,320,0,320,542
07/16/2020,CHD,AZ,AWP,CE,Federal Contract Tower,0,2,10,0,12,0,70,134,0,204,0,72,144,0,216,289,0,289,505
07/17/2020,CHD,AZ,AWP,CE,Federal Contract Tower,0,1,7,0,8,0,50,158,0,208,0,51,165,0,216,318,0,318,534
07/18/2020,CHD,AZ,AWP,CE,Federal Contract Tower,0,4,6,0,10,0,53,142,0,195,0,57,148,0,205,303,0,303,508
07/19/2020,CHD,AZ,AWP,CE,Federal Contract Tower,0,4,8,0,12,0,51,90,0,141,0,55,98,0,153,229,0,229,382
07/20/2020,CHD,AZ,AWP,CE,Federal Contract Tower,0,3,2,0,5,0,39,144,0,183,0,42,146,0,188,341,0,341,529
07/21/2020,CHD,AZ,AWP,CE,Federal Contract Tower,0,2,13,0,15,0,45,147,0,192,0,47,160,0,207,390,0,390,597
07/22/2020,CHD,AZ,AWP,CE,Federal Contract Tower,0,1,5,0,6,0,49,178,0,227,0,50,183,0,233,239,0,239,472
07/23/2020,CHD,AZ,AWP,CE,Federal Contract Tower,0,1,9,0,10,0,41,129,0,170,0,42,138,0,180,273,0,273,453
07/24/2020,CHD,AZ,AWP,CE,Federal Contract Tower,0,1,19,0,20,0,35,140,0,175,0,36,159,0,195,280,0,280,475
07/25/2020,CHD,AZ,AWP,CE,Federal Contract Tower,0,9,12,0,21,0,45,136,0,181,0,54,148,0,202,334,0,334,536
07/26/2020,CHD,AZ,AWP,CE,Federal Contract Tower,0,4,12,0,16,0,38,145,0,183,0,42,157,0,199,225,0,225,424
07/27/2020,CHD,AZ,AWP,CE,Federal Contract Tower,0,8,14,0,22,0,51,134,0,185,0,59,148,0,207,301,0,301,508
07/28/2020,CHD,AZ,AWP,CE,Federal Contract Tower,0,5,26,0,31,0,57,126,0,183,0,62,152,0,214,429,0,429,643
07/29/2020,CHD,AZ,AWP,CE,Federal Contract Tower,0,4,11,0,15,0,37,132,0,169,0,41,143,0,184,223,0,223,407
07/30/2020,CHD,AZ,AWP,CE,Federal Contract Tower,0,3,23,0,26,0,46,141,0,187,0,49,164,0,213,315,0,315,528
07/31/2020,CHD,AZ,AWP,CE,Federal Contract Tower,0,2,11,0,13,0,45,113,2,160,0,47,124,2,173,236,0,236,409
08/01/2020,CHD,AZ,AWP,CE,Federal Contract Tower,0,4,1,0,5,0,43,109,0,152,0,47,110,0,157,245,0,245,402
08/02/2020,CHD,AZ,AWP,CE,Federal Contract Tower,0,0,6,0,6,0,45,107,0,152,0,45,113,0,158,300,0,300,458
08/03/2020,CHD,AZ,AWP,CE,Federal Contract Tower,0,3,18,0,21,0,53,96,0,149,0,56,114,0,170,301,0,301,471
08/04/2020,CHD,AZ,AWP,CE,Federal Contract Tower,0,2,12,0,14,0,56,121,0,177,0,58,133,0,191,324,0,324,515
08/05/2020,CHD,AZ,AWP,CE,Federal Contract Tower,0,1,13,0,14,0,71,142,0,213,0,72,155,0,227,270,0,270,497
08/06/2020,CHD,AZ,AWP,CE,Federal Contract Tower,0,1,7,0,8,0,40,126,0,166,0,41,133,0,174,338,0,338,512
08/07/2020,CHD,AZ,AWP,CE,Federal Contract Tower,0,6,23,0,29,0,45,126,0,171,0,51,149,0,200,264,0,264,464
08/08/2020,CHD,AZ,AWP,CE,Federal Contract Tower,0,11,3,0,14,0,70,145,0,215,0,81,148,0,229,272,0,272,501
08/09/2020,CHD,AZ,AWP,CE,Federal Contract Tower,0,6,11,0,17,0,46,134,0,180,0,52,145,0,197,160,0,160,357
08/10/2020,CHD,AZ,AWP,CE,Federal Contract Tower,0,0,8,0,8,0,41,99,0,140,0,41,107,0,148,243,0,243,391
08/11/2020,CHD,AZ,AWP,CE,Federal Contract Tower,0,5,18,0,23,0,48,153,0,201,0,53,171,0,224,313,0,313,537
08/12/2020,CHD,AZ,AWP,CE,Federal Contract Tower,0,1,3,0,4,0,67,182,0,249,0,68,185,0,253,393,0,393,646
08/13/2020,CHD,AZ,AWP,CE,Federal Contract Tower,0,1,15,0,16,0,48,163,1,212,0,49,178,1,228,321,0,321,549
08/14/2020,CHD,AZ,AWP,CE,Federal Contract Tower,0,2,4,0,6,0,44,143,0,187,0,46,147,0,193,355,0,355,548
08/15/2020,CHD,AZ,AWP,CE,Federal Contract Tower,0,4,9,0,13,0,67,119,0,186,0,71,128,0,199,258,0,258,457
08/16/2020,CHD,AZ,AWP,CE,Federal Contract Tower,0,0,7,0,7,0,48,145,0,193,0,48,152,0,200,152,0,152,352
08/17/2020,CHD,AZ,AWP,CE,Federal Contract Tower,0,6,12,0,18,0,43,129,0,172,0,49,141,0,190,350,0,350,540
08/18/2020,CHD,AZ,AWP,CE,Federal Contract Tower,0,6,18,0,24,0,62,146,0,208,0,68,164,0,232,366,0,366,598
08/19/2020,CHD,AZ,AWP,CE,Federal Contract Tower,0,6,7,0,13,0,62,151,0,213,0,68,158,0,226,556,0,556,782
08/20/2020,CHD,AZ,AWP,CE,Federal Contract Tower,0,8,12,0,20,0,57,130,0,187,0,65,142,0,207,511,0,511,718
08/21/2020,CHD,AZ,AWP,CE,Federal Contract Tower,0,1,6,0,7,0,46,127,0,173,0,47,133,0,180,466,0,466,646
08/22/2020,CHD,AZ,AWP,CE,Federal Contract Tower,0,4,2,0,6,0,50,150,0,200,0,54,152,0,206,251,0,251,457
08/23/2020,CHD,AZ,AWP,CE,Federal Contract Tower,0,3,11,0,14,0,46,119,0,165,0,49,130,0,179,253,0,253,432
08/24/2020,CHD,AZ,AWP,CE,Federal Contract Tower,0,7,22,0,29,0,42,105,0,147,0,49,127,0,176,299,0,299,475
08/25/2020,CHD,AZ,AWP,CE,Federal Contract Tower,0,12,20,0,32,0,72,153,0,225,0,84,173,0,257,457,0,457,714
08/26/2020,CHD,AZ,AWP,CE,Federal Contract Tower,0,2,7,0,9,0,42,136,0,178,0,44,143,0,187,407,0,407,594
08/27/2020,CHD,AZ,AWP,CE,Federal Contract Tower,0,9,15,0,24,0,55,146,0,201,0,64,161,0,225,402,0,402,627
08/28/2020,CHD,AZ,AWP,CE,Federal Contract Tower,0,3,11,0,14,0,52,145,0,197,0,55,156,0,211,380,0,380,591
08/29/2020,CHD,AZ,AWP,CE,Federal Contract Tower,0,2,2,0,4,0,48,114,0,162,0,50,116,0,166,298,0,298,464
08/30/2020,CHD,AZ,AWP,CE,Federal Contract Tower,0,4,7,0,11,0,50,153,0,203,0,54,160,0,214,235,0,235,449
08/31/2020,CHD,AZ,AWP,CE,Federal Contract Tower,0,4,3,0,7,0,43,151,0,194,0,47,154,0,201,316,0,316,517
09/01/2020,CHD,AZ,AWP,CE,Federal Contract Tower,0,0,8,0,8,0,68,142,0,210,0,68,150,0,218,602,0,602,820
09/02/2020,CHD,AZ,AWP,CE,Federal Contract Tower,0,1,8,0,9,0,40,164,2,206,0,41,172,2,215,352,4,356,571
09/03/2020,CHD,AZ,AWP,CE,Federal Contract Tower,0,3,9,0,12,0,61,164,0,225,0,64,173,0,237,463,0,463,700
09/04/2020,CHD,AZ,AWP,CE,Federal Contract Tower,0,10,11,0,21,0,32,168,0,200,0,42,179,0,221,450,0,450,671
09/05/2020,CHD,AZ,AWP,CE,Federal Contract Tower,0,29,9,0,38,0,47,120,0,167,0,76,129,0,205,197,0,197,402
09/06/2020,CHD,AZ,AWP,CE,Federal Contract Tower,0,12,8,0,20,0,42,91,0,133,0,54,99,0,153,133,0,133,286
09/07/2020,CHD,AZ,AWP,CE,Federal Contract Tower,0,2,8,0,10,0,43,152,0,195,0,45,160,0,205,366,0,366,571
09/08/2020,CHD,AZ,AWP,CE,Federal Contract Tower,0,4,7,0,11,0,39,112,0,151,0,43,119,0,162,277,0,277,439
09/09/2020,CHD,AZ,AWP,CE,Federal Contract Tower,0,5,20,0,25,0,66,203,2,271,0,71,223,2,296,488,0,488,784
09/10/2020,CHD,AZ,AWP,CE,Federal Contract Tower,0,10,25,0,35,0,71,190,1,262,0,81,215,1,297,536,0,536,833
09/11/2020,CHD,AZ,AWP,CE,Federal Contract Tower,0,3,17,0,20,0,47,169,0,216,0,50,186,0,236,475,0,475,711
09/12/2020,CHD,AZ,AWP,CE,Federal Contract Tower,0,12,4,0,16,0,65,139,0,204,0,77,143,0,220,211,0,211,431
09/13/2020,CHD,AZ,AWP,CE,Federal Contract Tower,0,3,6,0,9,0,48,128,0,176,0,51,134,0,185,205,0,205,390
09/14/2020,CHD,AZ,AWP,CE,Federal Contract Tower,0,13,22,0,35,0,47,117,0,164,0,60,139,0,199,398,0,398,597
09/15/2020,CHD,AZ,AWP,CE,Federal Contract Tower,0,1,13,0,14,0,69,194,0,263,0,70,207,0,277,405,0,405,682
09/16/2020,CHD,AZ,AWP,CE,Federal Contract Tower,0,22,15,0,37,0,61,173,0,234,0,83,188,0,271,434,0,434,705
09/17/2020,CHD,AZ,AWP,CE,Federal Contract Tower,0,10,19,0,29,0,58,145,0,203,0,68,164,0,232,418,0,418,650
09/18/2020,CHD,AZ,AWP,CE,Federal Contract Tower,0,14,19,0,33,0,68,127,0,195,0,82,146,0,228,350,0,350,578
09/19/2020,CHD,AZ,AWP,CE,Federal Contract Tower,0,26,8,0,34,0,57,141,0,198,0,83,149,0,232,268,0,268,500
09/20/2020,CHD,AZ,AWP,CE,Federal Contract Tower,0,13,15,0,28,0,61,141,0,202,0,74,156,0,230,255,0,255,485
09/21/2020,CHD,AZ,AWP,CE,Federal Contract Tower,0,3,13,0,16,0,55,135,4,194,0,58,148,4,210,304,0,304,514
09/22/2020,CHD,AZ,AWP,CE,Federal Contract Tower,0,7,7,0,14,0,52,155,3,210,0,59,162,3,224,545,4,549,773
09/23/2020,CHD,AZ,AWP,CE,Federal Contract Tower,0,8,17,0,25,0,34,165,0,199,0,42,182,0,224,502,0,502,726
09/24/2020,CHD,AZ,AWP,CE,Federal Contract Tower,0,8,13,0,21,0,53,211,0,264,0,61,224,0,285,445,0,445,730
09/25/2020,CHD,AZ,AWP,CE,Federal Contract Tower,0,6,15,0,21,0,48,134,0,182,0,54,149,0,203,350,0,350,553
09/26/2020,CHD,AZ,AWP,CE,Federal Contract Tower,0,0,5,0,5,0,52,191,0,243,0,52,196,0,248,255,0,255,503
09/27/2020,CHD,AZ,AWP,CE,Federal Contract Tower,0,1,5,0,6,0,32,179,0,211,0,33,184,0,217,297,0,297,514
09/28/2020,CHD,AZ,AWP,CE,Federal Contract Tower,0,8,14,0,22,0,68,129,0,197,0,76,143,0,219,535,0,535,754
09/29/2020,CHD,AZ,AWP,CE,Federal Contract Tower,0,10,17,0,27,0,42,125,0,167,0,52,142,0,194,499,0,499,693
09/30/2020,CHD,AZ,AWP,CE,Federal Contract Tower,0,2,32,0,34,0,47,177,0,224,0,49,209,0,258,551,0,551,809
10/01/2020,CHD,AZ,AWP,CE,Federal Contract Tower,0,2,30,0,32,0,56,169,0,225,0,58,199,0,257,362,0,362,619
10/02/2020,CHD,AZ,AWP,CE,Federal Contract Tower,0,12,22,0,34,0,39,147,0,186,0,51,169,0,220,431,0,431,651
10/03/2020,CHD,AZ,AWP,CE,Federal Contract Tower,0,10,12,0,22,0,42,192,0,234,0,52,204,0,256,220,0,220,476
10/04/2020,CHD,AZ,AWP,CE,Federal Contract Tower,0,1,4,0,5,0,38,133,0,171,0,39,137,0,176,186,0,186,362
10/05/2020,CHD,AZ,AWP,CE,Federal Contract Tower,0,7,10,0,17,0,49,134,0,183,0,56,144,0,200,383,0,383,583
10/06/2020,CHD,AZ,AWP,CE,Federal Contract Tower,0,4,13,0,17,0,31,143,0,174,0,35,156,0,191,383,0,383,574
10/07/2020,CHD,AZ,AWP,CE,Federal Contract Tower,0,0,31,0,31,0,19,163,0,182,0,19,194,0,213,446,0,446,659
10/08/2020,CHD,AZ,AWP,CE,Federal Contract Tower,0,1,26,0,27,0,47,220,4,271,0,48,246,4,298,507,0,507,805
10/09/2020,CHD,AZ,AWP,CE,Federal Contract Tower,0,3,13,0,16,0,29,131,0,160,0,32,144,0,176,332,0,332,508
10/10/2020,CHD,AZ,AWP,CE,Federal Contract Tower,0,4,7,0,11,0,27,116,0,143,0,31,123,0,154,89,0,89,243
10/11/2020,CHD,AZ,AWP,CE,Federal Contract Tower,0,2,13,0,15,0,32,118,0,150,0,34,131,0,165,262,0,262,427
10/12/2020,CHD,AZ,AWP,CE,Federal Contract Tower,0,11,12,0,23,0,45,166,0,211,0,56,178,0,234,347,0,347,581
10/13/2020,CHD,AZ,AWP,CE,Federal Contract Tower,0,4,8,0,12,0,35,136,0,171,0,39,144,0,183,377,0,377,560
10/14/2020,CHD,AZ,AWP,CE,Federal Contract Tower,0,4,24,0,28,0,25,169,0,194,0,29,193,0,222,469,0,469,691
10/15/2020,CHD,AZ,AWP,CE,Federal Contract Tower,0,6,24,0,30,0,38,143,2,183,0,44,167,2,213,391,16,407,620
10/16/2020,CHD,AZ,AWP,CE,Federal Contract Tower,0,0,7,0,7,0,31,156,0,187,0,31,163,0,194,448,0,448,642
10/17/2020,CHD,AZ,AWP,CE,Federal Contract Tower,0,5,7,0,12,0,32,165,0,197,0,37,172,0,209,221,0,221,430
10/18/2020,CHD,AZ,AWP,CE,Federal Contract Tower,0,3,9,0,12,0,23,127,0,150,0,26,136,0,162,263,0,263,425
10/19/2020,CHD,AZ,AWP,CE,Federal Contract Tower,0,10,22,0,32,0,22,61,0,83,0,32,83,0,115,241,0,241,356
10/20/2020,CHD,AZ,AWP,CE,Federal Contract Tower,0,6,13,0,19,0,39,167,0,206,0,45,180,0,225,561,0,561,786
10/21/2020,CHD,AZ,AWP,CE,Federal Contract Tower,0,2,21,0,23,0,31,192,0,223,0,33,213,0,246,535,0,535,781
10/22/2020,CHD,AZ,AWP,CE,Federal Contract Tower,0,3,12,0,15,0,28,177,0,205,0,31,189,0,220,491,0,491,711
10/23/2020,CHD,AZ,AWP,CE,Federal Contract Tower,0,9,11,0,20,0,31,158,0,189,0,40,169,0,209,504,0,504,713
10/24/2020,CHD,AZ,AWP,CE,Federal Contract Tower,0,4,8,0,12,0,21,164,0,185,0,25,172,0,197,222,0,222,419
10/25/2020,CHD,AZ,AWP,CE,Federal Contract Tower,0,3,4,2,9,0,30,113,0,143,0,33,117,2,152,297,0,297,449
10/26/2020,CHD,AZ,AWP,CE,Federal Contract Tower,0,1,4,0,5,0,11,100,0,111,0,12,104,0,116,266,0,266,382
10/27/2020,CHD,AZ,AWP,CE,Federal Contract Tower,0,16,15,1,32,0,53,158,1,212,0,69,173,2,244,520,0,520,764
10/28/2020,CHD,AZ,AWP,CE,Federal Contract Tower,0,4,38,0,42,0,23,156,0,179,0,27,194,0,221,496,0,496,717
10/29/2020,CHD,AZ,AWP,CE,Federal Contract Tower,0,12,32,0,44,0,36,175,0,211,0,48,207,0,255,511,0,511,766
10/30/2020,CHD,AZ,AWP,CE,Federal Contract Tower,0,6,25,2,33,0,35,144,0,179,0,41,169,2,212,441,0,441,653
10/31/2020,CHD,AZ,AWP,CE,Federal Contract Tower,0,0,4,0,4,0,5,173,0,178,0,5,177,0,182,275,0,275,457
11/01/2020,CHD,AZ,AWP,CE,Federal Contract Tower,0,0,4,0,4,0,7,114,13,134,0,7,118,13,138,177,0,177,315
11/02/2020,CHD,AZ,AWP,CE,Federal Contract Tower,0,7,23,0,30,0,32,138,0,170,0,39,161,0,200,307,0,307,507
11/03/2020,CHD,AZ,AWP,CE,Federal Contract Tower,0,0,13,1,14,0,28,164,0,192,0,28,177,1,206,557,0,557,763
11/04/2020,CHD,AZ,AWP,CE,Federal Contract Tower,0,6,10,0,16,0,37,159,0,196,0,43,169,0,212,468,0,468,680
11/05/2020,CHD,AZ,AWP,CE,Federal Contract Tower,0,9,16,0,25,0,26,151,0,177,0,35,167,0,202,465,0,465,667
11/06/2020,CHD,AZ,AWP,CE,Federal Contract Tower,0,6,11,0,17,0,21,128,0,149,0,27,139,0,166,217,0,217,383
11/07/2020,CHD,AZ,AWP,CE,Federal Contract Tower,0,0,2,0,2,0,2,48,0,50,0,2,50,0,52,172,0,172,224
11/08/2020,CHD,AZ,AWP,CE,Federal Contract Tower,0,0,4,0,4,0,9,125,0,134,0,9,129,0,138,288,0,288,426
11/09/2020,CHD,AZ,AWP,CE,Federal Contract Tower,0,1,5,0,6,0,15,151,0,166,0,16,156,0,172,355,0,355,527
11/10/2020,CHD,AZ,AWP,CE,Federal Contract Tower,0,12,22,0,34,0,45,200,0,245,0,57,222,0,279,412,0,412,691
11/11/2020,CHD,AZ,AWP,CE,Federal Contract Tower,0,3,13,0,16,0,42,190,0,232,0,45,203,0,248,550,0,550,798
11/12/2020,CHD,AZ,AWP,CE,Federal Contract Tower,0,2,11,0,13,0,27,152,0,179,0,29,163,0,192,516,0,516,708
11/13/2020,CHD,AZ,AWP,CE,Federal Contract Tower,0,9,13,0,22,0,35,170,0,205,0,44,183,0,227,394,0,394,621
11/14/2020,CHD,AZ,AWP,CE,Federal Contract Tower,0,0,1,0,1,0,12,194,0,206,0,12,195,0,207,282,0,282,489
11/15/2020,CHD,AZ,AWP,CE,Federal Contract Tower,0,2,4,0,6,0,22,145,0,167,0,24,149,0,173,205,0,205,378
11/16/2020,CHD,AZ,AWP,CE,Federal Contract Tower,0,5,15,0,20,0,29,131,0,160,0,34,146,0,180,341,0,341,521
11/17/2020,CHD,AZ,AWP,CE,Federal Contract Tower,0,10,10,0,20,0,38,161,0,199,0,48,171,0,219,362,0,362,581
11/18/2020,CHD,AZ,AWP,CE,Federal Contract Tower,0,13,18,1,32,0,51,195,0,246,0,64,213,1,278,587,0,587,865
11/19/2020,CHD,AZ,AWP,CE,Federal Contract Tower,0,7,24,0,31,0,37,174,0,211,0,44,198,0,242,475,0,475,717
11/20/2020,CHD,AZ,AWP,CE,Federal Contract Tower,0,14,7,0,21,0,27,156,0,183,0,41,163,0,204,407,0,407,611
11/21/2020,CHD,AZ,AWP,CE,Federal Contract Tower,0,6,11,0,17,0,16,220,0,236,0,22,231,0,253,304,0,304,557
11/22/2020,CHD,AZ,AWP,CE,Federal Contract Tower,0,3,6,0,9,0,27,171,0,198,0,30,177,0,207,238,0,238,445
11/23/2020,CHD,AZ,AWP,CE,Federal Contract Tower,0,2,3,0,5,0,24,126,0,150,0,26,129,0,155,445,0,445,600
11/24/2020,CHD,AZ,AWP,CE,Federal Contract Tower,0,8,17,0,25,0,37,190,4,231,0,45,207,4,256,430,0,430,686
11/25/2020,CHD,AZ,AWP,CE,Federal Contract Tower,0,2,8,0,10,0,46,155,0,201,0,48,163,0,211,406,0,406,617
11/26/2020,CHD,AZ,AWP,CE,Federal Contract Tower,0,0,5,0,5,0,0,66,0,66,0,0,71,0,71,21,0,21,92
11/27/2020,CHD,AZ,AWP,CE,Federal Contract Tower,0,10,9,0,19,0,19,139,0,158,0,29,148,0,177,224,0,224,401
11/28/2020,CHD,AZ,AWP,CE,Federal Contract Tower,0,6,5,0,11,0,10,160,0,170,0,16,165,0,181,267,0,267,448
11/29/2020,CHD,AZ,AWP,CE,Federal Contract Tower,0,3,6,0,9,0,11,115,0,126,0,14,121,0,135,205,0,205,340
11/30/2020,CHD,AZ,AWP,CE,Federal Contract Tower,0,13,26,0,39,0,26,105,0,131,0,39,131,0,170,345,0,345,515
12/01/2020,CHD,AZ,AWP,CE,Federal Contract Tower,0,4,3,0,7,0,36,196,0,232,0,40,199,0,239,477,0,477,716
12/02/2020,CHD,AZ,AWP,CE,Federal Contract Tower,0,14,16,0,30,0,36,152,0,188,0,50,168,0,218,477,0,477,695
12/03/2020,CHD,AZ,AWP,CE,Federal Contract Tower,0,8,17,0,25,0,36,150,4,190,0,44,167,4,215,478,0,478,693
12/04/2020,CHD,AZ,AWP,CE,Federal Contract Tower,0,10,16,0,26,0,40,166,0,206,0,50,182,0,232,444,0,444,676
12/05/2020,CHD,AZ,AWP,CE,Federal Contract Tower,0,1,7,0,8,0,17,168,0,185,0,18,175,0,193,347,0,347,540
12/06/2020,CHD,AZ,AWP,CE,Federal Contract Tower,0,0,10,1,11,0,15,137,1,153,0,15,147,2,164,245,0,245,409
12/07/2020,CHD,AZ,AWP,CE,Federal Contract Tower,0,1,13,0,14,0,19,123,0,142,0,20,136,0,156,435,0,435,591
12/08/2020,CHD,AZ,AWP,CE,Federal Contract Tower,0,14,23,0,37,0,46,166,0,212,0,60,189,0,249,547,0,547,796
12/09/2020,CHD,AZ,AWP,CE,Federal Contract Tower,0,8,13,0,21,0,28,179,0,207,0,36,192,0,228,526,0,526,754
12/10/2020,CHD,AZ,AWP,CE,Federal Contract Tower,0,3,14,0,17,0,4,47,0,51,0,7,61,0,68,240,0,240,308
12/11/2020,CHD,AZ,AWP,CE,Federal Contract Tower,0,14,21,0,35,0,27,134,0,161,0,41,155,0,196,500,0,500,696
12/12/2020,CHD,AZ,AWP,CE,Federal Contract Tower,0,2,4,0,6,0,16,195,0,211,0,18,199,0,217,342,0,342,559
12/13/2020,CHD,AZ,AWP,CE,Federal Contract Tower,0,4,9,0,13,0,18,144,0,162,0,22,153,0,175,233,0,233,408
12/14/2020,CHD,AZ,AWP,CE,Federal Contract Tower,0,0,4,0,4,0,26,129,0,155,0,26,133,0,159,503,0,503,662
12/15/2020,CHD,AZ,AWP,CE,Federal Contract Tower,0,3,6,0,9,0,30,209,0,239,0,33,215,0,248,612,0,612,860
12/16/2020,CHD,AZ,AWP,CE,Federal Contract Tower,0,0,7,0,7,0,29,166,5,200,0,29,173,5,207,514,3,517,724
12/17/2020,CHD,AZ,AWP,CE,Federal Contract Tower,0,14,9,0,23,0,35,141,0,176,0,49,150,0,199,422,0,422,621
12/18/2020,CHD,AZ,AWP,CE,Federal Contract Tower,0,5,11,0,16,0,19,166,0,185,0,24,177,0,201,401,0,401,602
12/19/2020,CHD,AZ,AWP,CE,Federal Contract Tower,0,3,4,0,7,0,16,176,0,192,0,19,180,0,199,233,0,233,432
12/20/2020,CHD,AZ,AWP,CE,Federal Contract Tower,0,4,2,0,6,0,8,130,0,138,0,12,132,0,144,159,0,159,303
12/21/2020,CHD,AZ,AWP,CE,Federal Contract Tower,0,4,8,0,12,0,13,121,0,134,0,17,129,0,146,251,0,251,397
12/22/2020,CHD,AZ,AWP,CE,Federal Contract Tower,0,6,12,0,18,0,25,163,2,190,0,31,175,2,208,306,0,306,514
12/23/2020,CHD,AZ,AWP,CE,Federal Contract Tower,0,1,21,3,25,0,25,132,0,157,0,26,153,3,182,293,0,293,475
12/24/2020,CHD,AZ,AWP,CE,Federal Contract Tower,0,6,3,0,9,0,6,87,0,93,0,12,90,0,102,52,0,52,154
12/25/2020,CHD,AZ,AWP,CE,Federal Contract Tower,0,0,1,0,1,0,1,36,0,37,0,1,37,0,38,35,0,35,73
12/26/2020,CHD,AZ,AWP,CE,Federal Contract Tower,0,2,9,0,11,0,3,169,0,172,0,5,178,0,183,208,0,208,391
12/27/2020,CHD,AZ,AWP,CE,Federal Contract Tower,0,5,9,0,14,0,7,153,0,160,0,12,162,0,174,180,0,180,354
12/28/2020,CHD,AZ,AWP,CE,Federal Contract Tower,0,5,6,0,11,0,9,98,0,107,0,14,104,0,118,268,0,268,386
12/29/2020,CHD,AZ,AWP,CE,Federal Contract Tower,0,3,15,0,18,0,21,145,0,166,0,24,160,0,184,279,0,279,463
12/30/2020,CHD,AZ,AWP,CE,Federal Contract Tower,0,4,15,0,19,0,9,126,0,135,0,13,141,0,154,330,0,330,484
12/31/2020,CHD,AZ,AWP,CE,Federal Contract Tower,0,5,8,0,13,0,10,160,0,170,0,15,168,0,183,296,0,296,479
01/01/2021,CHD,AZ,AWP,CE,Federal Contract Tower,0,4,4,0,8,0,0,79,0,79,0,4,83,0,87,82,0,82,169
01/02/2021,CHD,AZ,AWP,CE,Federal Contract Tower,0,2,5,0,7,0,13,187,0,200,0,15,192,0,207,266,0,266,473
01/03/2021,CHD,AZ,AWP,CE,Federal Contract Tower,0,9,8,0,17,0,11,160,0,171,0,20,168,0,188,216,0,216,404
01/04/2021,CHD,AZ,AWP,CE,Federal Contract Tower,0,5,13,0,18,0,22,122,0,144,0,27,135,0,162,327,0,327,489
01/05/2021,CHD,AZ,AWP,CE,Federal Contract Tower,0,1,8,0,9,0,32,122,0,154,0,33,130,0,163,491,0,491,654
01/06/2021,CHD,AZ,AWP,CE,Federal Contract Tower,0,1,5,0,6,0,38,158,0,196,0,39,163,0,202,458,0,458,660
01/07/2021,CHD,AZ,AWP,CE,Federal Contract Tower,0,14,9,0,23,0,41,158,0,199,0,55,167,0,222,300,0,300,522
01/08/2021,CHD,AZ,AWP,CE,Federal Contract Tower,0,9,5,0,14,0,25,152,0,177,0,34,157,0,191,252,0,252,443
01/09/2021,CHD,AZ,AWP,CE,Federal Contract Tower,0,3,5,0,8,0,21,120,0,141,0,24,125,0,149,264,0,264,413
01/10/2021,CHD,AZ,AWP,CE,Federal Contract Tower,0,1,0,0,1,0,11,120,0,131,0,12,120,0,132,226,0,226,358
01/11/2021,CHD,AZ,AWP,CE,Federal Contract Tower,0,15,15,0,30,0,27,120,0,147,0,42,135,0,177,297,0,297,474
01/12/2021,CHD,AZ,AWP,CE,Federal Contract Tower,0,7,16,0,23,0,28,179,2,209,0,35,195,2,232,465,6,471,703
01/13/2021,CHD,AZ,AWP,CE,Federal Contract Tower,0,5,14,0,19,0,21,197,0,218,0,26,211,0,237,459,0,459,696
01/14/2021,CHD,AZ,AWP,CE,Federal Contract Tower,0,7,9,0,16,0,27,257,0,284,0,34,266,0,300,364,0,364,664
01/15/2021,CHD,AZ,AWP,CE,Federal Contract Tower,0,7,21,0,28,0,26,183,0,209,0,33,204,0,237,458,0,458,695
01/16/2021,CHD,AZ,AWP,CE,Federal Contract Tower,0,2,7,0,9,0,15,200,0,215,0,17,207,0,224,309,0,309,533
01/17/2021,CHD,AZ,AWP,CE,Federal Contract Tower,0,0,3,0,3,0,10,149,0,159,0,10,152,0,162,287,0,287,449
01/18/2021,CHD,AZ,AWP,CE,Federal Contract Tower,0,3,15,0,18,0,27,200,0,227,0,30,215,0,245,410,0,410,655
01/20/2021,CHD,AZ,AWP,CE,Federal Contract Tower,0,13,14,0,27,0,26,147,0,173,0,39,161,0,200,338,1,339,539
01/21/2021,CHD,AZ,AWP,CE,Federal Contract Tower,0,4,5,0,9,0,31,147,0,178,0,35,152,0,187,405,0,405,592
01/22/2021,CHD,AZ,AWP,CE,Federal Contract Tower,0,6,9,0,15,0,31,165,0,196,0,37,174,0,211,385,1,386,597
01/23/2021,CHD,AZ,AWP,CE,Federal Contract Tower,0,0,9,0,9,0,12,95,0,107,0,12,104,0,116,204,0,204,320
01/24/2021,CHD,AZ,AWP,CE,Federal Contract Tower,0,1,6,0,7,0,0,23,0,23,0,1,29,0,30,36,0,36,66
01/25/2021,CHD,AZ,AWP,CE,Federal Contract Tower,0,1,4,0,5,0,3,28,0,31,0,4,32,0,36,78,0,78,114
01/26/2021,CHD,AZ,AWP,CE,Federal Contract Tower,0,3,5,0,8,0,20,126,2,148,0,23,131,2,156,375,0,375,531
01/27/2021,CHD,AZ,AWP,CE,Federal Contract Tower,0,15,19,0,34,0,62,238,1,301,0,77,257,1,335,486,0,486,821
01/28/2021,CHD,AZ,AWP,CE,Federal Contract Tower,0,8,23,1,32,0,24,204,1,229,0,32,227,2,261,452,0,452,713
01/29/2021,CHD,AZ,AWP,CE,Federal Contract Tower,0,4,9,0,13,0,25,106,2,133,0,29,115,2,146,323,0,323,469
01/30/2021,CHD,AZ,AWP,CE,Federal Contract Tower,0,4,15,0,19,0,16,187,0,203,0,20,202,0,222,309,0,309,531
01/31/2021,CHD,AZ,AWP,CE,Federal Contract Tower,0,4,9,0,13,0,16,191,0,207,0,20,200,0,220,313,0,313,533
02/01/2021,CHD,AZ,AWP,CE,Federal Contract Tower,0,11,13,0,24,0,29,139,0,168,0,40,152,0,192,394,0,394,586
02/02/2021,CHD,AZ,AWP,CE,Federal Contract Tower,0,6,4,0,10,0,34,175,0,209,0,40,179,0,219,553,0,553,772
02/03/2021,CHD,AZ,AWP,CE,Federal Contract Tower,0,3,8,0,11,0,31,170,0,201,0,34,178,0,212,505,0,505,717
02/04/2021,CHD,AZ,AWP,CE,Federal Contract Tower,0,9,8,0,17,0,25,215,0,240,0,34,223,0,257,573,0,573,830
02/05/2021,CHD,AZ,AWP,CE,Federal Contract Tower,0,7,6,0,13,0,21,178,0,199,0,28,184,0,212,349,0,349,561
02/06/2021,CHD,AZ,AWP,CE,Federal Contract Tower,0,5,3,0,8,0,14,198,0,212,0,19,201,0,220,396,0,396,616
02/07/2021,CHD,AZ,AWP,CE,Federal Contract Tower,0,0,4,0,4,0,16,155,0,171,0,16,159,0,175,127,0,127,302
02/08/2021,CHD,AZ,AWP,CE,Federal Contract Tower,0,3,16,0,19,0,28,192,4,224,0,31,208,4,243,334,0,334,577
02/09/2021,CHD,AZ,AWP,CE,Federal Contract Tower,0,6,13,0,19,0,36,174,0,210,0,42,187,0,229,380,0,380,609
02/10/2021,CHD,AZ,AWP,CE,Federal Contract Tower,0,8,12,0,20,0,36,196,0,232,0,44,208,0,252,478,2,480,732
02/11/2021,CHD,AZ,AWP,CE,Federal Contract Tower,0,4,13,0,17,0,37,220,0,257,0,41,233,0,274,521,0,521,795
02/12/2021,CHD,AZ,AWP,CE,Federal Contract Tower,0,2,7,0,9,0,21,129,0,150,0,23,136,0,159,338,0,338,497
02/13/2021,CHD,AZ,AWP,CE,Federal Contract Tower,0,5,8,0,13,0,27,116,0,143,0,32,124,0,156,249,0,249,405
02/14/2021,CHD,AZ,AWP,CE,Federal Contract Tower,0,2,1,0,3,0,24,136,0,160,0,26,137,0,163,229,0,229,392
02/15/2021,CHD,AZ,AWP,CE,Federal Contract Tower,0,6,18,0,24,0,22,191,0,213,0,28,209,0,237,395,0,395,632
02/16/2021,CHD,AZ,AWP,CE,Federal Contract Tower,0,9,9,0,18,0,35,157,2,194,0,44,166,2,212,488,0,488,700
02/17/2021,CHD,AZ,AWP,CE,Federal Contract Tower,0,2,8,0,10,0,35,176,0,211,0,37,184,0,221,443,0,443,664
02/18/2021,CHD,AZ,AWP,CE,Federal Contract Tower,0,8,7,0,15,0,26,193,0,219,0,34,200,0,234,488,0,488,722
02/19/2021,CHD,AZ,AWP,CE,Federal Contract Tower,0,15,6,0,21,0,32,193,0,225,0,47,199,0,246,385,0,385,631
02/20/2021,CHD,AZ,AWP,CE,Federal Contract Tower,0,2,6,0,8,0,26,162,0,188,0,28,168,0,196,283,0,283,479
02/21/2021,CHD,AZ,AWP,CE,Federal Contract Tower,0,9,5,0,14,0,25,195,0,220,0,34,200,0,234,264,0,264,498
02/22/2021,CHD,AZ,AWP,CE,Federal Contract Tower,0,1,9,0,10,0,29,200,0,229,0,30,209,0,239,506,0,506,745
02/23/2021,CHD,AZ,AWP,CE,Federal Contract Tower,0,6,15,0,21,0,42,200,0,242,0,48,215,0,263,568,0,568,831
02/24/2021,CHD,AZ,AWP,CE,Federal Contract Tower,0,6,11,0,17,0,29,193,0,222,0,35,204,0,239,515,0,515,754
02/25/2021,CHD,AZ,AWP,CE,Federal Contract Tower,0,4,11,0,15,0,31,152,0,183,0,35,163,0,198,551,0,551,749
02/26/2021,CHD,AZ,AWP,CE,Federal Contract Tower,0,7,9,0,16,0,32,214,0,246,0,39,223,0,262,491,0,491,753
02/27/2021,CHD,AZ,AWP,CE,Federal Contract Tower,0,1,8,0,9,0,13,199,0,212,0,14,207,0,221,305,0,305,526
02/28/2021,CHD,AZ,AWP,CE,Federal Contract Tower,0,4,6,0,10,0,10,70,0,80,0,14,76,0,90,84,0,84,174
03/01/2021,CHD,AZ,AWP,CE,Federal Contract Tower,0,6,20,0,26,0,30,175,0,205,0,36,195,0,231,443,0,443,674
03/02/2021,CHD,AZ,AWP,CE,Federal Contract Tower,0,13,22,0,35,0,29,150,0,179,0,42,172,0,214,531,0,531,745
03/03/2021,CHD,AZ,AWP,CE,Federal Contract Tower,0,2,11,0,13,0,27,145,0,172,0,29,156,0,185,371,0,371,556
03/04/2021,CHD,AZ,AWP,CE,Federal Contract Tower,0,1,15,0,16,0,39,211,0,250,0,40,226,0,266,533,0,533,799
03/05/2021,CHD,AZ,AWP,CE,Federal Contract Tower,0,2,8,0,10,0,45,200,0,245,0,47,208,0,255,461,0,461,716
03/06/2021,CHD,AZ,AWP,CE,Federal Contract Tower,0,6,8,0,14,0,25,170,0,195,0,31,178,0,209,173,0,173,382
03/07/2021,CHD,AZ,AWP,CE,Federal Contract Tower,0,2,5,0,7,0,14,154,0,168,0,16,159,0,175,298,0,298,473
03/08/2021,CHD,AZ,AWP,CE,Federal Contract Tower,0,0,12,0,12,0,17,149,0,166,0,17,161,0,178,310,0,310,488
03/09/2021,CHD,AZ,AWP,CE,Federal Contract Tower,0,2,2,0,4,0,19,140,0,159,0,21,142,0,163,408,0,408,571
03/10/2021,CHD,AZ,AWP,CE,Federal Contract Tower,0,2,9,0,11,0,37,195,0,232,0,39,204,0,243,538,0,538,781
03/11/2021,CHD,AZ,AWP,CE,Federal Contract Tower,0,8,14,0,22,0,18,175,0,193,0,26,189,0,215,517,0,517,732
03/12/2021,CHD,AZ,AWP,CE,Federal Contract Tower,0,4,4,0,8,0,11,92,0,103,0,15,96,0,111,372,0,372,483
03/13/2021,CHD,AZ,AWP,CE,Federal Contract Tower,0,1,1,0,2,0,26,126,0,152,0,27,127,0,154,273,0,273,427
03/14/2021,CHD,AZ,AWP,CE,Federal Contract Tower,0,3,3,0,6,0,33,203,0,236,0,36,206,0,242,420,0,420,662
03/15/2021,CHD,AZ,AWP,CE,Federal Contract Tower,0,4,11,0,15,0,33,156,0,189,0,37,167,0,204,517,0,517,721
03/16/2021,CHD,AZ,AWP,CE,Federal Contract Tower,0,4,12,0,16,0,38,140,0,178,0,42,152,0,194,559,0,559,753
03/17/2021,CHD,AZ,AWP,CE,Federal Contract Tower,0,9,12,0,21,0,60,207,0,267,0,69,219,0,288,477,0,477,765
03/18/2021,CHD,AZ,AWP,CE,Federal Contract Tower,0,5,14,0,19,0,36,179,0,215,0,41,193,0,234,541,0,541,775
03/19/2021,CHD,AZ,AWP,CE,Federal Contract Tower,0,16,10,0,26,0,30,195,0,225,0,46,205,0,251,513,0,513,764
03/20/2021,CHD,AZ,AWP,CE,Federal Contract Tower,0,4,10,0,14,0,24,158,0,182,0,28,168,0,196,350,0,350,546
03/21/2021,CHD,AZ,AWP,CE,Federal Contract Tower,0,2,3,0,5,0,26,147,0,173,0,28,150,0,178,337,0,337,515
03/22/2021,CHD,AZ,AWP,CE,Federal Contract Tower,0,8,8,0,16,0,26,126,0,152,0,34,134,0,168,384,0,384,552
03/23/2021,CHD,AZ,AWP,CE,Federal Contract Tower,0,0,12,0,12,0,25,127,0,152,0,25,139,0,164,301,0,301,465
03/24/2021,CHD,AZ,AWP,CE,Federal Contract Tower,0,4,8,0,12,0,29,192,0,221,0,33,200,0,233,574,0,574,807
03/25/2021,CHD,AZ,AWP,CE,Federal Contract Tower,0,2,9,0,11,0,23,101,0,124,0,25,110,0,135,316,0,316,451
03/26/2021,CHD,AZ,AWP,CE,Federal Contract Tower,0,3,13,0,16,0,25,149,0,174,0,28,162,0,190,444,0,444,634
03/27/2021,CHD,AZ,AWP,CE,Federal Contract Tower,0,4,7,0,11,0,11,167,0,178,0,15,174,0,189,369,0,369,558
03/28/2021,CHD,AZ,AWP,CE,Federal Contract Tower,0,11,8,0,19,0,25,227,0,252,0,36,235,0,271,287,0,287,558
03/29/2021,CHD,AZ,AWP,CE,Federal Contract Tower,0,4,13,0,17,0,45,239,0,284,0,49,252,0,301,716,0,716,1017
03/30/2021,CHD,AZ,AWP,CE,Federal Contract Tower,0,7,13,0,20,0,30,218,0,248,0,37,231,0,268,704,0,704,972
03/31/2021,CHD,AZ,AWP,CE,Federal Contract Tower,0,12,15,0,27,0,37,232,0,269,0,49,247,0,296,613,0,613,909
04/01/2021,CHD,AZ,AWP,CE,Federal Contract Tower,0,11,24,0,35,0,25,153,0,178,0,36,177,0,213,459,0,459,672
04/02/2021,CHD,AZ,AWP,CE,Federal Contract Tower,0,5,11,0,16,0,41,186,0,227,0,46,197,0,243,435,0,435,678
04/03/2021,CHD,AZ,AWP,CE,Federal Contract Tower,0,2,10,0,12,0,34,220,0,254,0,36,230,0,266,297,0,297,563
04/04/2021,CHD,AZ,AWP,CE,Federal Contract Tower,0,1,4,0,5,0,15,102,0,117,0,16,106,0,122,262,0,262,384
04/05/2021,CHD,AZ,AWP,CE,Federal Contract Tower,0,8,8,0,16,0,26,176,0,202,0,34,184,0,218,512,0,512,730
04/06/2021,CHD,AZ,AWP,CE,Federal Contract Tower,0,5,5,0,10,0,27,179,0,206,0,32,184,0,216,486,0,486,702
04/07/2021,CHD,AZ,AWP,CE,Federal Contract Tower,0,6,15,0,21,0,22,210,0,232,0,28,225,0,253,410,0,410,663
04/08/2021,CHD,AZ,AWP,CE,Federal Contract Tower,0,8,10,0,18,0,36,174,0,210,0,44,184,0,228,496,0,496,724
04/09/2021,CHD,AZ,AWP,CE,Federal Contract Tower,0,10,9,0,19,0,33,204,0,237,0,43,213,0,256,456,0,456,712
04/10/2021,CHD,AZ,AWP,CE,Federal Contract Tower,0,5,14,0,19,0,21,180,0,201,0,26,194,0,220,336,0,336,556
04/11/2021,CHD,AZ,AWP,CE,Federal Contract Tower,0,3,15,2,20,0,28,189,0,217,0,31,204,2,237,358,0,358,595
04/12/2021,CHD,AZ,AWP,CE,Federal Contract Tower,0,5,12,0,17,0,39,206,0,245,0,44,218,0,262,494,0,494,756
04/13/2021,CHD,AZ,AWP,CE,Federal Contract Tower,0,7,11,0,18,0,32,181,0,213,0,39,192,0,231,545,0,545,776
04/14/2021,CHD,AZ,AWP,CE,Federal Contract Tower,0,3,13,0,16,0,43,176,0,219,0,46,189,0,235,461,0,461,696
04/15/2021,CHD,AZ,AWP,CE,Federal Contract Tower,0,5,18,0,23,0,19,173,0,192,0,24,191,0,215,509,0,509,724
04/16/2021,CHD,AZ,AWP,CE,Federal Contract Tower,0,3,9,0,12,0,25,214,0,239,0,28,223,0,251,415,0,415,666
04/17/2021,CHD,AZ,AWP,CE,Federal Contract Tower,0,7,16,0,23,0,18,239,0,257,0,25,255,0,280,373,0,373,653
04/18/2021,CHD,AZ,AWP,CE,Federal Contract Tower,0,4,16,0,20,0,23,161,0,184,0,27,177,0,204,256,0,256,460
04/19/2021,CHD,AZ,AWP,CE,Federal Contract Tower,0,6,8,0,14,0,54,188,0,242,0,60,196,0,256,636,0,636,892
04/20/2021,CHD,AZ,AWP,CE,Federal Contract Tower,0,2,8,0,10,0,45,207,0,252,0,47,215,0,262,550,0,550,812
04/21/2021,CHD,AZ,AWP,CE,Federal Contract Tower,0,6,1,0,7,0,20,78,0,98,0,26,79,0,105,243,0,243,348
04/22/2021,CHD,AZ,AWP,CE,Federal Contract Tower,0,5,4,0,9,0,27,162,2,191,0,32,166,2,200,346,0,346,546
04/23/2021,CHD,AZ,AWP,CE,Federal Contract Tower,0,5,7,0,12,0,47,197,0,244,0,52,204,0,256,524,0,524,780
04/25/2021,CHD,AZ,AWP,CE,Federal Contract Tower,0,8,9,0,17,0,33,165,0,198,0,41,174,0,215,274,0,274,489
04/26/2021,CHD,AZ,AWP,CE,Federal Contract Tower,0,2,10,0,12,0,28,125,0,153,0,30,135,0,165,450,0,450,615
04/27/2021,CHD,AZ,AWP,CE,Federal Contract Tower,0,2,6,0,8,0,18,153,0,171,0,20,159,0,179,496,0,496,675
04/28/2021,CHD,AZ,AWP,CE,Federal Contract Tower,0,3,14,0,17,0,41,172,0,213,0,44,186,0,230,598,0,598,828
04/29/2021,CHD,AZ,AWP,CE,Federal Contract Tower,0,5,20,0,25,0,33,219,0,252,0,38,239,0,277,647,0,647,924
04/30/2021,CHD,AZ,AWP,CE,Federal Contract Tower,0,5,10,0,15,0,38,173,0,211,0,43,183,0,226,512,0,512,738
05/01/2021,CHD,AZ,AWP,CE,Federal Contract Tower,0,0,4,0,4,0,27,152,0,179,0,27,156,0,183,294,0,294,477
05/02/2021,CHD,AZ,AWP,CE,Federal Contract Tower,0,4,6,0,10,0,19,134,0,153,0,23,140,0,163,257,0,257,420
05/03/2021,CHD,AZ,AWP,CE,Federal Contract Tower,0,1,9,0,10,0,30,177,0,207,0,31,186,0,217,508,0,508,725
05/04/2021,CHD,AZ,AWP,CE,Federal Contract Tower,0,6,10,0,16,0,37,222,0,259,0,43,232,0,275,692,0,692,967
05/05/2021,CHD,AZ,AWP,CE,Federal Contract Tower,0,7,15,0,22,0,26,192,0,218,0,33,207,0,240,670,0,670,910
05/06/2021,CHD,AZ,AWP,CE,Federal Contract Tower,0,0,18,0,18,0,30,164,3,197,0,30,182,3,215,481,0,481,696
05/07/2021,CHD,AZ,AWP,CE,Federal Contract Tower,0,3,11,0,14,0,34,177,0,211,0,37,188,0,225,480,0,480,705
05/09/2021,CHD,AZ,AWP,CE,Federal Contract Tower,0,3,4,0,7,0,31,116,0,147,0,34,120,0,154,223,0,223,377
05/10/2021,CHD,AZ,AWP,CE,Federal Contract Tower,0,6,5,0,11,0,38,160,0,198,0,44,165,0,209,483,0,483,692
05/11/2021,CHD,AZ,AWP,CE,Federal Contract Tower,0,2,11,1,14,0,52,188,1,241,0,54,199,2,255,514,0,514,769
05/12/2021,CHD,AZ,AWP,CE,Federal Contract Tower,0,6,7,0,13,0,32,214,0,246,0,38,221,0,259,532,0,532,791
05/13/2021,CHD,AZ,AWP,CE,Federal Contract Tower,0,2,8,0,10,0,28,151,0,179,0,30,159,0,189,452,0,452,641
05/14/2021,CHD,AZ,AWP,CE,Federal Contract Tower,0,5,5,0,10,0,36,161,0,197,0,41,166,0,207,414,0,414,621
05/15/2021,CHD,AZ,AWP,CE,Federal Contract Tower,0,2,8,0,10,0,28,145,0,173,0,30,153,0,183,284,0,284,467
05/16/2021,CHD,AZ,AWP,CE,Federal Contract Tower,0,1,4,0,5,0,10,163,0,173,0,11,167,0,178,351,0,351,529
05/17/2021,CHD,AZ,AWP,CE,Federal Contract Tower,0,1,12,0,13,0,18,157,0,175,0,19,169,0,188,508,0,508,696
05/18/2021,CHD,AZ,AWP,CE,Federal Contract Tower,0,5,9,0,14,0,27,219,0,246,0,32,228,0,260,598,0,598,858
05/19/2021,CHD,AZ,AWP,CE,Federal Contract Tower,0,0,7,0,7,0,25,173,0,198,0,25,180,0,205,0,493,493,698
05/20/2021,CHD,AZ,AWP,CE,Federal Contract Tower,0,4,5,0,9,0,23,135,0,158,0,27,140,0,167,374,0,374,541
05/21/2021,CHD,AZ,AWP,CE,Federal Contract Tower,0,0,10,0,10,0,18,122,0,140,0,18,132,0,150,427,0,427,577
05/22/2021,CHD,AZ,AWP,CE,Federal Contract Tower,0,1,4,0,5,0,22,163,0,185,0,23,167,0,190,374,0,374,564
05/23/2021,CHD,AZ,AWP,CE,Federal Contract Tower,0,2,8,0,10,0,20,202,0,222,0,22,210,0,232,354,0,354,586
05/24/2021,CHD,AZ,AWP,CE,Federal Contract Tower,0,8,10,0,18,0,32,168,0,200,0,40,178,0,218,509,0,509,727
05/25/2021,CHD,AZ,AWP,CE,Federal Contract Tower,0,2,11,0,13,0,37,155,0,192,0,39,166,0,205,685,0,685,890
05/26/2021,CHD,AZ,AWP,CE,Federal Contract Tower,0,5,12,0,17,0,30,181,0,211,0,35,193,0,228,531,0,531,759
05/27/2021,CHD,AZ,AWP,CE,Federal Contract Tower,0,5,5,0,10,0,26,141,0,167,0,31,146,0,177,492,0,492,669
05/28/2021,CHD,AZ,AWP,CE,Federal Contract Tower,0,2,6,0,8,0,15,165,0,180,0,17,171,0,188,375,0,375,563
05/29/2021,CHD,AZ,AWP,CE,Federal Contract Tower,0,3,5,0,8,0,18,143,0,161,0,21,148,0,169,268,0,268,437
05/30/2021,CHD,AZ,AWP,CE,Federal Contract Tower,0,4,1,0,5,0,19,136,0,155,0,23,137,0,160,237,0,237,397
05/31/2021,CHD,AZ,AWP,CE,Federal Contract Tower,0,3,10,0,13,0,21,174,0,195,0,24,184,0,208,381,2,383,591
06/01/2021,CHD,AZ,AWP,CE,Federal Contract Tower,0,7,22,0,29,0,35,217,0,252,0,42,239,0,281,507,0,507,788
06/02/2021,CHD,AZ,AWP,CE,Federal Contract Tower,0,2,0,0,2,0,29,178,0,207,0,31,178,0,209,515,0,515,724
06/03/2021,CHD,AZ,AWP,CE,Federal Contract Tower,0,12,11,0,23,0,21,183,0,204,0,33,194,0,227,637,0,637,864
06/04/2021,CHD,AZ,AWP,CE,Federal Contract Tower,0,4,11,0,15,0,14,168,0,182,0,18,179,0,197,567,0,567,764
06/05/2021,CHD,AZ,AWP,CE,Federal Contract Tower,0,5,4,0,9,0,16,110,0,126,0,21,114,0,135,307,0,307,442
06/06/2021,CHD,AZ,AWP,CE,Federal Contract Tower,0,2,10,0,12,0,18,128,0,146,0,20,138,0,158,222,0,222,380
06/07/2021,CHD,AZ,AWP,CE,Federal Contract Tower,0,2,10,0,12,0,20,152,0,172,0,22,162,0,184,566,0,566,750
06/08/2021,CHD,AZ,AWP,CE,Federal Contract Tower,0,3,7,0,10,0,36,257,0,293,0,39,264,0,303,594,0,594,897
06/09/2021,CHD,AZ,AWP,CE,Federal Contract Tower,0,4,13,0,17,0,28,219,0,247,0,32,232,0,264,532,2,534,798
06/10/2021,CHD,AZ,AWP,CE,Federal Contract Tower,0,3,6,0,9,0,29,192,0,221,0,32,198,0,230,744,0,744,974
06/11/2021,CHD,AZ,AWP,CE,Federal Contract Tower,0,5,8,0,13,0,34,182,0,216,0,39,190,0,229,571,0,571,800
06/12/2021,CHD,AZ,AWP,CE,Federal Contract Tower,0,2,5,0,7,0,15,170,0,185,0,17,175,0,192,421,0,421,613
06/13/2021,CHD,AZ,AWP,CE,Federal Contract Tower,0,7,8,0,15,0,23,117,0,140,0,30,125,0,155,197,0,197,352
06/14/2021,CHD,AZ,AWP,CE,Federal Contract Tower,0,2,3,0,5,0,22,147,0,169,0,24,150,0,174,434,0,434,608
06/15/2021,CHD,AZ,AWP,CE,Federal Contract Tower,0,8,10,0,18,0,22,154,0,176,0,30,164,0,194,551,0,551,745
06/16/2021,CHD,AZ,AWP,CE,Federal Contract Tower,0,6,12,0,18,0,28,165,0,193,0,34,177,0,211,393,0,393,604
06/17/2021,CHD,AZ,AWP,CE,Federal Contract Tower,0,3,13,0,16,0,16,168,0,184,0,19,181,0,200,466,0,466,666
06/18/2021,CHD,AZ,AWP,CE,Federal Contract Tower,0,1,7,0,8,0,32,133,0,165,0,33,140,0,173,439,0,439,612
06/19/2021,CHD,AZ,AWP,CE,Federal Contract Tower,0,3,6,0,9,0,10,125,0,135,0,13,131,0,144,313,0,313,457
06/20/2021,CHD,AZ,AWP,CE,Federal Contract Tower,0,5,8,0,13,0,19,73,0,92,0,24,81,0,105,153,0,153,258
06/21/2021,CHD,AZ,AWP,CE,Federal Contract Tower,0,2,9,0,11,0,31,175,0,206,0,33,184,0,217,493,0,493,710
06/22/2021,CHD,AZ,AWP,CE,Federal Contract Tower,0,7,6,0,13,0,27,170,0,197,0,34,176,0,210,521,0,521,731
06/23/2021,CHD,AZ,AWP,CE,Federal Contract Tower,0,2,8,0,10,0,20,150,0,170,0,22,158,0,180,500,0,500,680
06/24/2021,CHD,AZ,AWP,CE,Federal Contract Tower,0,3,9,0,12,12,189,0,0,201,12,192,9,0,213,555,0,555,768
06/25/2021,CHD,AZ,AWP,CE,Federal Contract Tower,0,3,11,0,14,0,30,203,0,233,0,33,214,0,247,540,0,540,787
06/26/2021,CHD,AZ,AWP,CE,Federal Contract Tower,0,4,11,0,15,0,15,194,0,209,0,19,205,0,224,425,0,425,649
06/27/2021,CHD,AZ,AWP,CE,Federal Contract Tower,0,3,4,0,7,0,17,132,0,149,0,20,136,0,156,228,0,228,384
06/28/2021,CHD,AZ,AWP,CE,Federal Contract Tower,0,5,7,0,12,0,39,176,0,215,0,44,183,0,227,331,0,331,558
06/29/2021,CHD,AZ,AWP,CE,Federal Contract Tower,0,8,20,0,28,0,34,182,0,216,0,42,202,0,244,541,0,541,785
06/30/2021,CHD,AZ,AWP,CE,Federal Contract Tower,0,5,20,0,25,0,15,201,0,216,0,20,221,0,241,459,0,459,700
07/01/2021,CHD,AZ,AWP,CE,Federal Contract Tower,0,5,15,0,20,0,19,173,0,192,0,24,188,0,212,593,0,593,805
07/02/2021,CHD,AZ,AWP,CE,Federal Contract Tower,0,7,16,0,23,0,16,167,0,183,0,23,183,0,206,478,0,478,684
07/03/2021,CHD,AZ,AWP,CE,Federal Contract Tower,0,3,13,0,16,0,25,112,0,137,0,28,125,0,153,320,0,320,473
07/04/2021,CHD,AZ,AWP,CE,Federal Contract Tower,0,0,2,0,2,0,25,87,0,112,0,25,89,0,114,119,0,119,233
07/05/2021,CHD,AZ,AWP,CE,Federal Contract Tower,0,2,11,0,13,0,34,121,0,155,0,36,132,0,168,229,0,229,397
07/06/2021,CHD,AZ,AWP,CE,Federal Contract Tower,0,3,8,0,11,0,26,180,0,206,0,29,188,0,217,512,0,512,729
07/07/2021,CHD,AZ,AWP,CE,Federal Contract Tower,0,0,8,0,8,0,50,195,0,245,0,50,203,0,253,538,0,538,791
07/08/2021,CHD,AZ,AWP,CE,Federal Contract Tower,0,5,9,0,14,0,28,185,0,213,0,33,194,0,227,637,0,637,864
07/09/2021,CHD,AZ,AWP,CE,Federal Contract Tower,0,4,16,0,20,0,40,190,0,230,0,44,206,0,250,606,0,606,856
07/10/2021,CHD,AZ,AWP,CE,Federal Contract Tower,0,1,2,0,3,0,22,155,0,177,0,23,157,0,180,210,0,210,390
07/11/2021,CHD,AZ,AWP,CE,Federal Contract Tower,0,1,10,0,11,0,14,97,0,111,0,15,107,0,122,214,0,214,336
07/12/2021,CHD,AZ,AWP,CE,Federal Contract Tower,0,1,10,0,11,0,55,134,0,189,0,56,144,0,200,525,0,525,725
07/13/2021,CHD,AZ,AWP,CE,Federal Contract Tower,0,8,4,0,12,0,49,167,0,216,0,57,171,0,228,546,0,546,774
07/14/2021,CHD,AZ,AWP,CE,Federal Contract Tower,0,1,13,0,14,0,25,114,2,141,0,26,127,2,155,411,1,412,567
07/15/2021,CHD,AZ,AWP,CE,Federal Contract Tower,0,8,3,0,11,0,46,191,0,237,0,54,194,0,248,549,0,549,797
07/16/2021,CHD,AZ,AWP,CE,Federal Contract Tower,0,1,5,0,6,0,30,119,0,149,0,31,124,0,155,332,0,332,487
07/17/2021,CHD,AZ,AWP,CE,Federal Contract Tower,0,3,11,0,14,0,48,169,0,217,0,51,180,0,231,437,0,437,668
07/18/2021,CHD,AZ,AWP,CE,Federal Contract Tower,0,10,5,0,15,0,20,101,0,121,0,30,106,0,136,159,0,159,295
07/19/2021,CHD,AZ,AWP,CE,Federal Contract Tower,0,5,10,0,15,0,68,222,0,290,0,73,232,0,305,634,0,634,939
07/20/2021,CHD,AZ,AWP,CE,Federal Contract Tower,0,0,2,0,2,0,51,196,0,247,0,51,198,0,249,678,0,678,927
07/21/2021,CHD,AZ,AWP,CE,Federal Contract Tower,0,10,11,0,21,0,44,172,0,216,0,54,183,0,237,519,0,519,756
07/22/2021,CHD,AZ,AWP,CE,Federal Contract Tower,0,5,5,0,10,0,41,205,0,246,0,46,210,0,256,498,0,498,754
07/23/2021,CHD,AZ,AWP,CE,Federal Contract Tower,0,8,3,0,11,0,5,78,0,83,0,13,81,0,94,244,0,244,338
07/25/2021,CHD,AZ,AWP,CE,Federal Contract Tower,0,10,7,0,17,0,8,43,0,51,0,18,50,0,68,89,0,89,157
07/26/2021,CHD,AZ,AWP,CE,Federal Contract Tower,0,3,18,0,21,0,59,252,0,311,0,62,270,0,332,599,0,599,931
07/27/2021,CHD,AZ,AWP,CE,Federal Contract Tower,0,3,11,0,14,0,42,183,0,225,0,45,194,0,239,518,0,518,757
07/28/2021,CHD,AZ,AWP,CE,Federal Contract Tower,0,2,3,0,5,0,54,166,0,220,0,56,169,0,225,612,0,612,837
07/29/2021,CHD,AZ,AWP,CE,Federal Contract Tower,0,7,13,0,20,0,41,153,0,194,0,48,166,0,214,635,0,635,849
07/30/2021,CHD,AZ,AWP,CE,Federal Contract Tower,0,5,10,0,15,0,25,134,2,161,0,30,144,2,176,428,0,428,604
07/31/2021,CHD,AZ,AWP,CE,Federal Contract Tower,0,2,4,0,6,0,28,141,0,169,0,30,145,0,175,553,0,553,728
08/01/2021,CHD,AZ,AWP,CE,Federal Contract Tower,0,3,7,0,10,0,28,89,0,117,0,31,96,0,127,287,0,287,414
08/02/2021,CHD,AZ,AWP,CE,Federal Contract Tower,0,8,11,0,19,0,54,160,0,214,0,62,171,0,233,488,0,488,721
08/03/2021,CHD,AZ,AWP,CE,Federal Contract Tower,0,4,6,0,10,0,44,150,0,194,0,48,156,0,204,504,0,504,708
08/04/2021,CHD,AZ,AWP,CE,Federal Contract Tower,0,4,7,0,11,0,37,157,0,194,0,41,164,0,205,583,0,583,788
08/05/2021,CHD,AZ,AWP,CE,Federal Contract Tower,0,3,5,0,8,0,27,142,0,169,0,30,147,0,177,569,0,569,746
08/06/2021,CHD,AZ,AWP,CE,Federal Contract Tower,0,2,9,0,11,0,24,142,0,166,0,26,151,0,177,269,0,269,446
08/07/2021,CHD,AZ,AWP,CE,Federal Contract Tower,0,3,3,0,6,0,30,128,0,158,0,33,131,0,164,329,0,329,493
08/08/2021,CHD,AZ,AWP,CE,Federal Contract Tower,0,3,11,0,14,0,23,111,0,134,0,26,122,0,148,200,0,200,348
08/09/2021,CHD,AZ,AWP,CE,Federal Contract Tower,0,2,6,0,8,0,18,97,0,115,0,20,103,0,123,272,0,272,395
08/10/2021,CHD,AZ,AWP,CE,Federal Contract Tower,0,4,6,0,10,0,21,86,0,107,0,25,92,0,117,153,0,153,270
08/11/2021,CHD,AZ,AWP,CE,Federal Contract Tower,0,4,6,0,10,0,36,128,0,164,0,40,134,0,174,348,0,348,522
08/12/2021,CHD,AZ,AWP,CE,Federal Contract Tower,0,3,14,0,17,0,32,138,0,170,0,35,152,0,187,271,0,271,458
08/13/2021,CHD,AZ,AWP,CE,Federal Contract Tower,0,3,7,0,10,0,42,131,0,173,0,45,138,0,183,337,0,337,520
08/14/2021,CHD,AZ,AWP,CE,Federal Contract Tower,0,8,14,0,22,0,38,87,0,125,0,46,101,0,147,327,0,327,474
08/15/2021,CHD,AZ,AWP,CE,Federal Contract Tower,0,1,8,0,9,0,29,113,0,142,0,30,121,0,151,251,0,251,402
08/16/2021,CHD,AZ,AWP,CE,Federal Contract Tower,0,1,10,2,13,0,30,197,0,227,0,31,207,2,240,342,0,342,582
08/17/2021,CHD,AZ,AWP,CE,Federal Contract Tower,0,5,8,0,13,0,27,199,0,226,0,32,207,0,239,376,0,376,615
08/18/2021,CHD,AZ,AWP,CE,Federal Contract Tower,0,2,7,0,9,0,25,139,0,164,0,27,146,0,173,199,0,199,372
08/19/2021,CHD,AZ,AWP,CE,Federal Contract Tower,0,5,12,0,17,0,24,182,0,206,0,29,194,0,223,245,0,245,468
08/20/2021,CHD,AZ,AWP,CE,Federal Contract Tower,0,6,15,0,21,0,23,186,0,209,0,29,201,0,230,318,0,318,548
08/21/2021,CHD,AZ,AWP,CE,Federal Contract Tower,0,5,6,0,11,0,24,132,0,156,0,29,138,0,167,325,0,325,492
08/22/2021,CHD,AZ,AWP,CE,Federal Contract Tower,0,5,4,0,9,0,26,112,0,138,0,31,116,0,147,130,0,130,277
08/23/2021,CHD,AZ,AWP,CE,Federal Contract Tower,0,8,6,0,14,0,32,192,0,224,0,40,198,0,238,349,0,349,587
08/24/2021,CHD,AZ,AWP,CE,Federal Contract Tower,0,5,10,0,15,0,37,175,0,212,0,42,185,0,227,317,0,317,544
08/25/2021,CHD,AZ,AWP,CE,Federal Contract Tower,0,5,3,0,8,0,31,191,0,222,0,36,194,0,230,279,0,279,509
08/26/2021,CHD,AZ,AWP,CE,Federal Contract Tower,0,2,11,0,13,0,25,177,0,202,0,27,188,0,215,287,0,287,502
08/27/2021,CHD,AZ,AWP,CE,Federal Contract Tower,0,4,21,0,25,0,9,171,0,180,0,13,192,0,205,329,0,329,534
08/28/2021,CHD,AZ,AWP,CE,Federal Contract Tower,0,1,7,0,8,0,22,102,0,124,0,23,109,0,132,216,0,216,348
08/29/2021,CHD,AZ,AWP,CE,Federal Contract Tower,0,4,0,0,4,0,19,144,0,163,0,23,144,0,167,165,0,165,332
08/30/2021,CHD,AZ,AWP,CE,Federal Contract Tower,0,6,8,0,14,0,29,190,0,219,0,35,198,0,233,350,0,350,583
08/31/2021,CHD,AZ,AWP,CE,Federal Contract Tower,0,3,1,1,5,0,22,184,1,207,0,25,185,2,212,361,0,361,573
09/01/2021,CHD,AZ,AWP,CE,Federal Contract Tower,0,7,6,0,13,0,17,152,0,169,0,24,158,0,182,298,0,298,480
09/02/2021,CHD,AZ,AWP,CE,Federal Contract Tower,0,7,7,0,14,0,26,199,0,225,0,33,206,0,239,600,0,600,839
09/03/2021,CHD,AZ,AWP,CE,Federal Contract Tower,0,3,7,0,10,0,24,184,0,208,0,27,191,0,218,520,0,520,738
09/04/2021,CHD,AZ,AWP,CE,Federal Contract Tower,0,2,4,0,6,0,17,147,0,164,0,19,151,0,170,216,0,216,386
09/05/2021,CHD,AZ,AWP,CE,Federal Contract Tower,0,1,4,0,5,0,20,123,0,143,0,21,127,0,148,153,0,153,301
09/06/2021,CHD,AZ,AWP,CE,Federal Contract Tower,0,4,4,0,8,0,20,179,0,199,0,24,183,0,207,328,0,328,535
09/07/2021,CHD,AZ,AWP,CE,Federal Contract Tower,0,5,3,0,8,0,29,155,0,184,0,34,158,0,192,330,0,330,522
09/08/2021,CHD,AZ,AWP,CE,Federal Contract Tower,0,5,10,0,15,0,23,184,0,207,0,28,194,0,222,353,14,367,589
09/09/2021,CHD,AZ,AWP,CE,Federal Contract Tower,0,7,9,0,16,0,21,157,0,178,0,28,166,0,194,518,0,518,712
09/10/2021,CHD,AZ,AWP,CE,Federal Contract Tower,0,6,11,0,17,0,27,156,0,183,0,33,167,0,200,415,0,415,615
09/11/2021,CHD,AZ,AWP,CE,Federal Contract Tower,0,5,7,0,12,0,25,160,0,185,0,30,167,0,197,272,0,272,469
09/12/2021,CHD,AZ,AWP,CE,Federal Contract Tower,0,3,6,0,9,0,24,138,0,162,0,27,144,0,171,217,0,217,388
09/13/2021,CHD,AZ,AWP,CE,Federal Contract Tower,0,4,14,0,18,0,33,190,0,223,0,37,204,0,241,400,0,400,641
09/14/2021,CHD,AZ,AWP,CE,Federal Contract Tower,0,5,5,0,10,0,37,192,0,229,0,42,197,0,239,458,0,458,697
09/15/2021,CHD,AZ,AWP,CE,Federal Contract Tower,0,7,8,0,15,0,32,226,0,258,0,39,234,0,273,490,0,490,763
09/16/2021,CHD,AZ,AWP,CE,Federal Contract Tower,0,9,14,0,23,0,19,194,0,213,0,28,208,0,236,610,0,610,846
09/17/2021,CHD,AZ,AWP,CE,Federal Contract Tower,0,7,9,0,16,0,30,177,0,207,0,37,186,0,223,438,0,438,661
09/18/2021,CHD,AZ,AWP,CE,Federal Contract Tower,0,2,5,0,7,0,19,121,0,140,0,21,126,0,147,268,0,268,415
09/19/2021,CHD,AZ,AWP,CE,Federal Contract Tower,0,4,4,0,8,0,21,129,0,150,0,25,133,0,158,157,0,157,315
09/20/2021,CHD,AZ,AWP,CE,Federal Contract Tower,0,6,7,0,13,0,20,176,0,196,0,26,183,0,209,325,0,325,534
09/21/2021,CHD,AZ,AWP,CE,Federal Contract Tower,0,8,10,0,18,0,30,209,0,239,0,38,219,0,257,578,0,578,835
09/22/2021,CHD,AZ,AWP,CE,Federal Contract Tower,0,7,18,0,25,0,32,194,0,226,0,39,212,0,251,455,0,455,706
09/23/2021,CHD,AZ,AWP,CE,Federal Contract Tower,0,5,10,0,15,0,36,146,0,182,0,41,156,0,197,395,0,395,592
09/24/2021,CHD,AZ,AWP,CE,Federal Contract Tower,0,8,9,0,17,0,8,93,0,101,0,16,102,0,118,348,0,348,466
09/26/2021,CHD,AZ,AWP,CE,Federal Contract Tower,0,3,12,0,15,0,4,59,0,63,0,7,71,0,78,190,0,190,268
09/27/2021,CHD,AZ,AWP,CE,Federal Contract Tower,0,7,15,0,22,0,29,204,2,235,0,36,219,2,257,496,0,496,753
09/28/2021,CHD,AZ,AWP,CE,Federal Contract Tower,0,4,8,0,12,0,38,197,0,235,0,42,205,0,247,536,0,536,783
09/29/2021,CHD,AZ,AWP,CE,Federal Contract Tower,0,1,9,0,10,0,36,187,0,223,0,37,196,0,233,640,0,640,873
09/30/2021,CHD,AZ,AWP,CE,Federal Contract Tower,0,4,14,0,18,0,24,174,0,198,0,28,188,0,216,621,0,621,837
10/01/2021,CHD,AZ,AWP,CE,Federal Contract Tower,0,4,8,0,12,0,9,72,0,81,0,13,80,0,93,81,0,81,174
10/02/2021,CHD,AZ,AWP,CE,Federal Contract Tower,0,4,5,0,9,0,31,213,0,244,0,35,218,0,253,393,0,393,646
10/03/2021,CHD,AZ,AWP,CE,Federal Contract Tower,0,3,11,0,14,0,21,127,0,148,0,24,138,0,162,251,0,251,413
10/04/2021,CHD,AZ,AWP,CE,Federal Contract Tower,0,8,5,1,14,0,26,153,1,180,0,34,158,2,194,248,0,248,442
10/05/2021,CHD,AZ,AWP,CE,Federal Contract Tower,0,2,6,0,8,0,20,121,0,141,0,22,127,0,149,365,0,365,514
10/06/2021,CHD,AZ,AWP,CE,Federal Contract Tower,0,0,14,0,14,0,30,198,0,228,0,30,212,0,242,668,0,668,910
10/07/2021,CHD,AZ,AWP,CE,Federal Contract Tower,0,6,17,0,23,0,36,196,0,232,0,42,213,0,255,536,0,536,791
10/08/2021,CHD,AZ,AWP,CE,Federal Contract Tower,0,6,4,0,10,0,23,167,0,190,0,29,171,0,200,336,0,336,536
10/09/2021,CHD,AZ,AWP,CE,Federal Contract Tower,0,4,8,0,12,0,20,165,0,185,0,24,173,0,197,352,0,352,549
10/10/2021,CHD,AZ,AWP,CE,Federal Contract Tower,0,7,5,0,12,0,23,163,0,186,0,30,168,0,198,282,0,282,480
10/11/2021,CHD,AZ,AWP,CE,Federal Contract Tower,0,8,6,0,14,0,31,143,0,174,0,39,149,0,188,385,0,385,573
10/12/2021,CHD,AZ,AWP,CE,Federal Contract Tower,0,7,5,0,12,0,33,155,0,188,0,40,160,0,200,560,0,560,760
10/13/2021,CHD,AZ,AWP,CE,Federal Contract Tower,0,9,13,0,22,0,60,180,0,240,0,69,193,0,262,581,0,581,843
10/14/2021,CHD,AZ,AWP,CE,Federal Contract Tower,0,4,12,0,16,0,31,194,0,225,0,35,206,0,241,522,0,522,763
10/15/2021,CHD,AZ,AWP,CE,Federal Contract Tower,0,8,6,0,14,0,46,165,0,211,0,54,171,0,225,405,0,405,630
10/16/2021,CHD,AZ,AWP,CE,Federal Contract Tower,0,10,5,0,15,0,44,173,0,217,0,54,178,0,232,266,0,266,498
10/17/2021,CHD,AZ,AWP,CE,Federal Contract Tower,0,2,8,0,10,0,18,164,0,182,0,20,172,0,192,313,0,313,505
10/18/2021,CHD,AZ,AWP,CE,Federal Contract Tower,0,8,11,0,19,0,24,137,0,161,0,32,148,0,180,431,0,431,611
10/19/2021,CHD,AZ,AWP,CE,Federal Contract Tower,0,3,7,0,10,0,46,221,2,269,0,49,228,2,279,672,0,672,951
10/20/2021,CHD,AZ,AWP,CE,Federal Contract Tower,0,5,8,0,13,0,40,223,0,263,0,45,231,0,276,660,0,660,936
10/21/2021,CHD,AZ,AWP,CE,Federal Contract Tower,0,5,11,1,17,0,27,219,0,246,0,32,230,1,263,551,0,551,814
10/22/2021,CHD,AZ,AWP,CE,Federal Contract Tower,0,3,10,0,13,0,34,164,0,198,0,37,174,0,211,324,0,324,535
10/23/2021,CHD,AZ,AWP,CE,Federal Contract Tower,0,2,12,0,14,0,17,201,0,218,0,19,213,0,232,382,0,382,614
10/24/2021,CHD,AZ,AWP,CE,Federal Contract Tower,0,3,7,0,10,0,25,166,0,191,0,28,173,0,201,284,0,284,485
10/25/2021,CHD,AZ,AWP,CE,Federal Contract Tower,0,5,14,0,19,0,30,147,0,177,0,35,161,0,196,432,0,432,628
10/26/2021,CHD,AZ,AWP,CE,Federal Contract Tower,0,6,5,0,11,0,32,171,0,203,0,38,176,0,214,533,0,533,747
10/27/2021,CHD,AZ,AWP,CE,Federal Contract Tower,0,2,14,0,16,0,25,198,0,223,0,27,212,0,239,669,0,669,908
10/28/2021,CHD,AZ,AWP,CE,Federal Contract Tower,0,6,10,0,16,0,21,214,0,235,0,27,224,0,251,454,0,454,705
10/29/2021,CHD,AZ,AWP,CE,Federal Contract Tower,0,2,10,0,12,0,34,189,0,223,0,36,199,0,235,441,0,441,676
10/30/2021,CHD,AZ,AWP,CE,Federal Contract Tower,0,1,3,0,4,0,22,147,0,169,0,23,150,0,173,263,0,263,436
10/31/2021,CHD,AZ,AWP,CE,Federal Contract Tower,0,0,1,0,1,0,13,157,0,170,0,13,158,0,171,340,0,340,511
11/01/2021,CHD,AZ,AWP,CE,Federal Contract Tower,0,6,20,0,26,0,31,187,0,218,0,37,207,0,244,473,0,473,717
11/02/2021,CHD,AZ,AWP,CE,Federal Contract Tower,0,9,10,0,19,0,16,195,0,211,0,25,205,0,230,429,0,429,659
11/03/2021,CHD,AZ,AWP,CE,Federal Contract Tower,0,3,11,0,14,0,21,206,0,227,0,24,217,0,241,503,0,503,744
11/04/2021,CHD,AZ,AWP,CE,Federal Contract Tower,0,10,8,0,18,0,20,188,0,208,0,30,196,0,226,517,0,517,743
11/05/2021,CHD,AZ,AWP,CE,Federal Contract Tower,0,4,9,0,13,0,24,144,0,168,0,28,153,0,181,303,0,303,484
11/06/2021,CHD,AZ,AWP,CE,Federal Contract Tower,0,3,8,0,11,0,19,213,0,232,0,22,221,0,243,242,0,242,485
11/07/2021,CHD,AZ,AWP,CE,Federal Contract Tower,0,1,7,0,8,0,17,136,0,153,0,18,143,0,161,265,0,265,426
11/08/2021,CHD,AZ,AWP,CE,Federal Contract Tower,0,5,9,0,14,0,35,197,0,232,0,40,206,0,246,417,0,417,663
11/09/2021,CHD,AZ,AWP,CE,Federal Contract Tower,0,10,5,0,15,0,26,160,0,186,0,36,165,0,201,528,0,528,729
11/10/2021,CHD,AZ,AWP,CE,Federal Contract Tower,0,8,8,0,16,0,16,206,0,222,0,24,214,0,238,507,0,507,745
11/11/2021,CHD,AZ,AWP,CE,Federal Contract Tower,0,8,6,0,14,0,31,188,0,219,0,39,194,0,233,439,0,439,672
11/12/2021,CHD,AZ,AWP,CE,Federal Contract Tower,0,3,9,0,12,0,26,168,0,194,0,29,177,0,206,429,0,429,635
11/13/2021,CHD,AZ,AWP,CE,Federal Contract Tower,0,4,9,0,13,0,27,168,0,195,0,31,177,0,208,304,0,304,512
11/14/2021,CHD,AZ,AWP,CE,Federal Contract Tower,0,1,10,0,11,0,25,179,0,204,0,26,189,0,215,267,0,267,482
11/15/2021,CHD,AZ,AWP,CE,Federal Contract Tower,0,2,9,0,11,0,35,157,0,192,0,37,166,0,203,489,0,489,692
11/16/2021,CHD,AZ,AWP,CE,Federal Contract Tower,0,4,16,0,20,0,32,170,0,202,0,36,186,0,222,600,0,600,822
11/17/2021,CHD,AZ,AWP,CE,Federal Contract Tower,0,6,7,0,13,0,10,211,0,221,0,16,218,0,234,515,0,515,749
11/18/2021,CHD,AZ,AWP,CE,Federal Contract Tower,0,6,14,0,20,0,28,215,0,243,0,34,229,0,263,494,0,494,757
11/19/2021,CHD,AZ,AWP,CE,Federal Contract Tower,0,5,11,0,16,0,28,181,0,209,0,33,192,0,225,376,0,376,601
11/20/2021,CHD,AZ,AWP,CE,Federal Contract Tower,0,4,10,0,14,0,16,199,0,215,0,20,209,0,229,376,0,376,605
11/21/2021,CHD,AZ,AWP,CE,Federal Contract Tower,0,2,3,0,5,0,21,151,0,172,0,23,154,0,177,259,0,259,436
11/22/2021,CHD,AZ,AWP,CE,Federal Contract Tower,0,2,23,0,25,0,23,156,0,179,0,25,179,0,204,433,0,433,637
11/23/2021,CHD,AZ,AWP,CE,Federal Contract Tower,0,1,15,0,16,0,35,188,12,235,0,36,203,12,251,538,0,538,789
11/24/2021,CHD,AZ,AWP,CE,Federal Contract Tower,0,2,16,0,18,0,18,224,0,242,0,20,240,0,260,469,0,469,729
11/25/2021,CHD,AZ,AWP,CE,Federal Contract Tower,0,0,2,0,2,0,0,42,0,42,0,0,44,0,44,43,0,43,87
11/26/2021,CHD,AZ,AWP,CE,Federal Contract Tower,0,1,8,1,10,0,18,139,0,157,0,19,147,1,167,153,0,153,320
11/27/2021,CHD,AZ,AWP,CE,Federal Contract Tower,0,1,13,0,14,0,14,153,0,167,0,15,166,0,181,171,0,171,352
11/28/2021,CHD,AZ,AWP,CE,Federal Contract Tower,0,4,10,0,14,0,13,179,0,192,0,17,189,0,206,134,0,134,340
11/29/2021,CHD,AZ,AWP,CE,Federal Contract Tower,0,2,7,0,9,0,18,190,0,208,0,20,197,0,217,403,0,403,620
11/30/2021,CHD,AZ,AWP,CE,Federal Contract Tower,0,2,7,0,9,0,17,193,0,210,0,19,200,0,219,524,0,524,743
12/01/2021,CHD,AZ,AWP,CE,Federal Contract Tower,0,2,10,0,12,0,25,166,0,191,0,27,176,0,203,427,0,427,630
12/02/2021,CHD,AZ,AWP,CE,Federal Contract Tower,0,3,7,0,10,0,20,164,0,184,0,23,171,0,194,443,0,443,637
12/03/2021,CHD,AZ,AWP,CE,Federal Contract Tower,0,5,6,0,11,0,34,208,0,242,0,39,214,0,253,459,0,459,712
12/04/2021,CHD,AZ,AWP,CE,Federal Contract Tower,0,1,9,0,10,0,22,211,0,233,0,23,220,0,243,316,0,316,559
12/05/2021,CHD,AZ,AWP,CE,Federal Contract Tower,0,1,5,0,6,0,14,119,2,135,0,15,124,2,141,207,0,207,348
12/06/2021,CHD,AZ,AWP,CE,Federal Contract Tower,0,4,10,0,14,0,24,182,1,207,0,28,192,1,221,368,2,370,591
12/07/2021,CHD,AZ,AWP,CE,Federal Contract Tower,0,2,15,0,17,0,21,173,0,194,0,23,188,0,211,410,0,410,621
12/08/2021,CHD,AZ,AWP,CE,Federal Contract Tower,0,4,10,0,14,0,36,150,0,186,0,40,160,0,200,555,0,555,755
12/09/2021,CHD,AZ,AWP,CE,Federal Contract Tower,0,4,12,0,16,0,25,151,0,176,0,29,163,0,192,409,0,409,601
12/10/2021,CHD,AZ,AWP,CE,Federal Contract Tower,0,3,2,0,5,0,13,141,0,154,0,16,143,0,159,326,0,326,485
12/11/2021,CHD,AZ,AWP,CE,Federal Contract Tower,0,1,6,0,7,0,15,195,0,210,0,16,201,0,217,263,0,263,480
12/12/2021,CHD,AZ,AWP,CE,Federal Contract Tower,0,6,4,0,10,0,17,141,0,158,0,23,145,0,168,241,0,241,409
12/13/2021,CHD,AZ,AWP,CE,Federal Contract Tower,0,2,12,0,14,0,22,187,0,209,0,24,199,0,223,402,0,402,625
12/14/2021,CHD,AZ,AWP,CE,Federal Contract Tower,0,2,18,0,20,0,20,166,0,186,0,22,184,0,206,455,0,455,661
12/15/2021,CHD,AZ,AWP,CE,Federal Contract Tower,0,6,6,0,12,0,29,181,0,210,0,35,187,0,222,444,0,444,666
12/16/2021,CHD,AZ,AWP,CE,Federal Contract Tower,0,3,17,0,20,0,32,193,2,227,0,35,210,2,247,489,15,504,751
12/17/2021,CHD,AZ,AWP,CE,Federal Contract Tower,0,3,15,0,18,0,32,173,0,205,0,35,188,0,223,461,1,462,685
12/18/2021,CHD,AZ,AWP,CE,Federal Contract Tower,0,3,7,0,10,0,21,165,0,186,0,24,172,0,196,320,0,320,516
12/19/2021,CHD,AZ,AWP,CE,Federal Contract Tower,0,4,3,0,7,0,23,95,0,118,0,27,98,0,125,190,0,190,315
12/20/2021,CHD,AZ,AWP,CE,Federal Contract Tower,0,7,37,0,44,0,27,152,0,179,0,34,189,0,223,379,0,379,602
12/21/2021,CHD,AZ,AWP,CE,Federal Contract Tower,0,5,11,0,16,0,32,200,0,232,0,37,211,0,248,408,0,408,656
12/22/2021,CHD,AZ,AWP,CE,Federal Contract Tower,0,6,11,0,17,0,16,135,0,151,0,22,146,0,168,348,0,348,516
12/23/2021,CHD,AZ,AWP,CE,Federal Contract Tower,0,2,34,0,36,0,21,117,0,138,0,23,151,0,174,255,0,255,429
12/24/2021,CHD,AZ,AWP,CE,Federal Contract Tower,0,1,3,0,4,0,0,3,0,3,0,1,6,0,7,35,0,35,42
12/25/2021,CHD,AZ,AWP,CE,Federal Contract Tower,0,1,1,0,2,0,0,8,0,8,0,1,9,0,10,0,0,0,10
12/26/2021,CHD,AZ,AWP,CE,Federal Contract Tower,0,3,3,0,6,0,16,111,0,127,0,19,114,0,133,144,0,144,277
12/27/2021,CHD,AZ,AWP,CE,Federal Contract Tower,0,5,7,0,12,0,10,134,0,144,0,15,141,0,156,193,0,193,349
12/28/2021,CHD,AZ,AWP,CE,Federal Contract Tower,0,6,6,0,12,0,13,65,0,78,0,19,71,0,90,83,0,83,173
12/29/2021,CHD,AZ,AWP,CE,Federal Contract Tower,0,2,9,0,11,0,17,115,0,132,0,19,124,0,143,303,0,303,446
12/30/2021,CHD,AZ,AWP,CE,Federal Contract Tower,0,3,11,0,14,0,19,119,0,138,0,22,130,0,152,357,0,357,509
12/31/2021,CHD,AZ,AWP,CE,Federal Contract Tower,0,1,5,0,6,0,0,45,0,45,0,1,50,0,51,86,0,86,137
01/01/2022,CHD,AZ,AWP,CE,Federal Contract Tower,0,0,3,0,3,0,5,27,0,32,0,5,30,0,35,39,0,39,74
01/02/2022,CHD,AZ,AWP,CE,Federal Contract Tower,0,5,5,0,10,0,22,108,0,130,0,27,113,0,140,145,0,145,285
01/03/2022,CHD,AZ,AWP,CE,Federal Contract Tower,0,4,10,0,14,0,17,123,0,140,0,21,133,0,154,189,0,189,343
01/04/2022,CHD,AZ,AWP,CE,Federal Contract Tower,0,9,7,0,16,0,37,145,0,182,0,46,152,0,198,280,0,280,478
01/05/2022,CHD,AZ,AWP,CE,Federal Contract Tower,0,7,4,0,11,0,25,149,0,174,0,32,153,0,185,375,0,375,560
01/06/2022,CHD,AZ,AWP,CE,Federal Contract Tower,0,3,7,0,10,0,30,130,0,160,0,33,137,0,170,382,0,382,552
01/07/2022,CHD,AZ,AWP,CE,Federal Contract Tower,0,1,4,0,5,0,26,137,0,163,0,27,141,0,168,350,0,350,518
01/08/2022,CHD,AZ,AWP,CE,Federal Contract Tower,0,0,4,0,4,0,15,144,22,181,0,15,148,22,185,213,0,213,398
01/09/2022,CHD,AZ,AWP,CE,Federal Contract Tower,0,2,3,0,5,0,28,142,0,170,0,30,145,0,175,248,0,248,423
01/10/2022,CHD,AZ,AWP,CE,Federal Contract Tower,0,6,4,0,10,0,23,91,0,114,0,29,95,0,124,242,0,242,366
01/11/2022,CHD,AZ,AWP,CE,Federal Contract Tower,0,6,12,0,18,0,23,146,0,169,0,29,158,0,187,486,0,486,673
01/12/2022,CHD,AZ,AWP,CE,Federal Contract Tower,0,5,15,0,20,0,24,170,0,194,0,29,185,0,214,339,0,339,553
01/13/2022,CHD,AZ,AWP,CE,Federal Contract Tower,0,5,19,0,24,0,21,148,1,170,0,26,167,1,194,317,0,317,511
01/14/2022,CHD,AZ,AWP,CE,Federal Contract Tower,0,3,9,0,12,0,26,157,0,183,0,29,166,0,195,407,0,407,602
01/15/2022,CHD,AZ,AWP,CE,Federal Contract Tower,0,6,9,0,15,0,28,139,0,167,0,34,148,0,182,272,0,272,454
01/16/2022,CHD,AZ,AWP,CE,Federal Contract Tower,0,2,3,0,5,0,8,163,0,171,0,10,166,0,176,257,0,257,433
01/17/2022,CHD,AZ,AWP,CE,Federal Contract Tower,0,8,13,0,21,0,20,187,0,207,0,28,200,0,228,296,0,296,524
01/18/2022,CHD,AZ,AWP,CE,Federal Contract Tower,0,4,20,0,24,0,20,173,0,193,0,24,193,0,217,409,0,409,626
01/19/2022,CHD,AZ,AWP,CE,Federal Contract Tower,0,1,4,0,5,0,31,192,0,223,0,32,196,0,228,399,0,399,627
01/20/2022,CHD,AZ,AWP,CE,Federal Contract Tower,0,6,11,0,17,0,25,158,0,183,0,31,169,0,200,290,0,290,490
01/21/2022,CHD,AZ,AWP,CE,Federal Contract Tower,0,7,20,0,27,0,24,221,0,245,0,31,241,0,272,339,0,339,611
01/22/2022,CHD,AZ,AWP,CE,Federal Contract Tower,0,3,9,0,12,0,10,95,0,105,0,13,104,0,117,255,0,255,372
01/23/2022,CHD,AZ,AWP,CE,Federal Contract Tower,0,4,6,0,10,0,13,134,0,147,0,17,140,0,157,155,0,155,312
01/24/2022,CHD,AZ,AWP,CE,Federal Contract Tower,0,6,12,0,18,0,22,191,1,214,0,28,203,1,232,370,0,370,602
01/25/2022,CHD,AZ,AWP,CE,Federal Contract Tower,0,9,7,0,16,0,16,195,0,211,0,25,202,0,227,350,0,350,577
01/26/2022,CHD,AZ,AWP,CE,Federal Contract Tower,0,9,8,0,17,0,38,173,0,211,0,47,181,0,228,538,0,538,766
01/27/2022,CHD,AZ,AWP,CE,Federal Contract Tower,0,9,12,0,21,0,18,214,0,232,0,27,226,0,253,540,0,540,793
01/28/2022,CHD,AZ,AWP,CE,Federal Contract Tower,0,8,9,0,17,0,15,122,0,137,0,23,131,0,154,219,0,219,373
01/29/2022,CHD,AZ,AWP,CE,Federal Contract Tower,0,6,7,0,13,0,23,194,0,217,0,29,201,0,230,343,0,343,573
01/30/2022,CHD,AZ,AWP,CE,Federal Contract Tower,0,2,4,0,6,0,7,180,0,187,0,9,184,0,193,200,0,200,393
01/31/2022,CHD,AZ,AWP,CE,Federal Contract Tower,0,8,18,0,26,0,27,241,0,268,0,35,259,0,294,498,0,498,792
02/01/2022,CHD,AZ,AWP,CE,Federal Contract Tower,0,4,14,0,18,0,30,214,0,244,0,34,228,0,262,585,0,585,847
02/02/2022,CHD,AZ,AWP,CE,Federal Contract Tower,0,6,4,0,10,0,31,170,0,201,0,37,174,0,211,455,0,455,666
02/03/2022,CHD,AZ,AWP,CE,Federal Contract Tower,0,4,10,0,14,0,24,209,0,233,0,28,219,0,247,528,0,528,775
02/04/2022,CHD,AZ,AWP,CE,Federal Contract Tower,0,10,11,0,21,0,28,182,0,210,0,38,193,0,231,471,0,471,702
02/05/2022,CHD,AZ,AWP,CE,Federal Contract Tower,0,6,7,0,13,0,22,202,0,224,0,28,209,0,237,312,0,312,549
02/06/2022,CHD,AZ,AWP,CE,Federal Contract Tower,0,3,7,0,10,0,24,153,0,177,0,27,160,0,187,212,0,212,399
02/07/2022,CHD,AZ,AWP,CE,Federal Contract Tower,0,1,13,0,14,0,32,179,0,211,0,33,192,0,225,359,0,359,584
02/08/2022,CHD,AZ,AWP,CE,Federal Contract Tower,0,2,7,0,9,0,32,220,0,252,0,34,227,0,261,587,0,587,848
02/09/2022,CHD,AZ,AWP,CE,Federal Contract Tower,0,4,4,0,8,0,37,208,0,245,0,41,212,0,253,522,0,522,775
02/10/2022,CHD,AZ,AWP,CE,Federal Contract Tower,0,1,12,0,13,0,44,181,2,227,0,45,193,2,240,464,0,464,704
02/11/2022,CHD,AZ,AWP,CE,Federal Contract Tower,0,4,8,0,12,0,24,243,0,267,0,28,251,0,279,546,0,546,825
02/12/2022,CHD,AZ,AWP,CE,Federal Contract Tower,0,4,9,0,13,0,21,164,0,185,0,25,173,0,198,322,0,322,520
02/13/2022,CHD,AZ,AWP,CE,Federal Contract Tower,0,1,4,0,5,0,22,138,0,160,0,23,142,0,165,205,0,205,370
02/14/2022,CHD,AZ,AWP,CE,Federal Contract Tower,0,9,11,0,20,0,24,185,0,209,0,33,196,0,229,433,0,433,662
02/15/2022,CHD,AZ,AWP,CE,Federal Contract Tower,0,3,8,0,11,0,22,133,0,155,0,25,141,0,166,387,0,387,553
02/16/2022,CHD,AZ,AWP,CE,Federal Contract Tower,0,2,7,0,9,0,25,112,0,137,0,27,119,0,146,526,0,526,672
02/17/2022,CHD,AZ,AWP,CE,Federal Contract Tower,0,11,23,0,34,0,47,215,2,264,0,58,238,2,298,376,6,382,680
02/18/2022,CHD,AZ,AWP,CE,Federal Contract Tower,0,0,11,0,11,0,32,256,0,288,0,32,267,0,299,434,0,434,733
02/19/2022,CHD,AZ,AWP,CE,Federal Contract Tower,0,1,2,0,3,0,25,177,0,202,0,26,179,0,205,262,0,262,467
02/20/2022,CHD,AZ,AWP,CE,Federal Contract Tower,0,3,6,0,9,0,19,172,0,191,0,22,178,0,200,275,0,275,475
02/21/2022,CHD,AZ,AWP,CE,Federal Contract Tower,0,2,5,0,7,0,16,133,0,149,0,18,138,0,156,466,0,466,622
02/22/2022,CHD,AZ,AWP,CE,Federal Contract Tower,0,1,7,0,8,0,18,159,0,177,0,19,166,0,185,669,0,669,854
02/23/2022,CHD,AZ,AWP,CE,Federal Contract Tower,0,0,8,0,8,0,8,46,0,54,0,8,54,0,62,82,0,82,144
02/24/2022,CHD,AZ,AWP,CE,Federal Contract Tower,0,1,7,0,8,0,36,165,0,201,0,37,172,0,209,558,0,558,767
02/25/2022,CHD,AZ,AWP,CE,Federal Contract Tower,0,5,13,0,18,0,36,164,0,200,0,41,177,0,218,544,0,544,762
02/26/2022,CHD,AZ,AWP,CE,Federal Contract Tower,0,1,15,0,16,0,26,191,0,217,0,27,206,0,233,432,0,432,665
02/27/2022,CHD,AZ,AWP,CE,Federal Contract Tower,0,3,11,0,14,0,7,190,0,197,0,10,201,0,211,209,0,209,420
02/28/2022,CHD,AZ,AWP,CE,Federal Contract Tower,0,2,13,0,15,0,15,177,0,192,0,17,190,0,207,512,0,512,719
03/01/2022,CHD,AZ,AWP,CE,Federal Contract Tower,0,5,12,0,17,0,18,207,0,225,0,23,219,0,242,431,0,431,673
03/02/2022,CHD,AZ,AWP,CE,Federal Contract Tower,0,5,13,0,18,0,26,211,0,237,0,31,224,0,255,463,0,463,718
03/03/2022,CHD,AZ,AWP,CE,Federal Contract Tower,0,1,16,0,17,0,40,195,0,235,0,41,211,0,252,398,0,398,650
03/04/2022,CHD,AZ,AWP,CE,Federal Contract Tower,0,5,8,0,13,0,17,97,0,114,0,22,105,0,127,289,0,289,416
03/05/2022,CHD,AZ,AWP,CE,Federal Contract Tower,0,1,11,0,12,0,18,133,0,151,0,19,144,0,163,152,0,152,315
03/06/2022,CHD,AZ,AWP,CE,Federal Contract Tower,0,1,5,0,6,0,7,147,0,154,0,8,152,0,160,167,0,167,327
03/07/2022,CHD,AZ,AWP,CE,Federal Contract Tower,0,6,13,0,19,0,15,184,0,199,0,21,197,0,218,417,0,417,635
03/08/2022,CHD,AZ,AWP,CE,Federal Contract Tower,0,3,14,0,17,0,29,182,0,211,0,32,196,0,228,506,0,506,734
03/09/2022,CHD,AZ,AWP,CE,Federal Contract Tower,0,4,10,0,14,0,29,199,0,228,0,33,209,0,242,491,0,491,733
03/10/2022,CHD,AZ,AWP,CE,Federal Contract Tower,0,6,10,0,16,0,26,130,0,156,0,32,140,0,172,339,0,339,511
03/11/2022,CHD,AZ,AWP,CE,Federal Contract Tower,0,2,15,0,17,0,35,172,0,207,0,37,187,0,224,379,0,379,603
03/12/2022,CHD,AZ,AWP,CE,Federal Contract Tower,0,5,15,0,20,0,31,148,0,179,0,36,163,0,199,294,0,294,493
03/13/2022,CHD,AZ,AWP,CE,Federal Contract Tower,0,7,2,0,9,0,13,171,0,184,0,20,173,0,193,218,0,218,411
03/14/2022,CHD,AZ,AWP,CE,Federal Contract Tower,0,4,12,0,16,0,25,199,0,224,0,29,211,0,240,498,0,498,738
03/15/2022,CHD,AZ,AWP,CE,Federal Contract Tower,0,2,9,0,11,0,27,162,10,199,0,29,171,10,210,611,4,615,825
03/16/2022,CHD,AZ,AWP,CE,Federal Contract Tower,0,3,10,0,13,0,36,180,0,216,0,39,190,0,229,536,0,536,765
03/17/2022,CHD,AZ,AWP,CE,Federal Contract Tower,0,3,8,0,11,0,35,178,0,213,0,38,186,0,224,619,0,619,843
03/18/2022,CHD,AZ,AWP,CE,Federal Contract Tower,0,4,13,0,17,0,24,212,0,236,0,28,225,0,253,437,0,437,690
03/19/2022,CHD,AZ,AWP,CE,Federal Contract Tower,0,4,11,0,15,0,30,208,0,238,0,34,219,0,253,341,0,341,594
03/20/2022,CHD,AZ,AWP,CE,Federal Contract Tower,0,0,6,0,6,0,10,89,0,99,0,10,95,0,105,128,0,128,233
03/21/2022,CHD,AZ,AWP,CE,Federal Contract Tower,0,1,6,0,7,0,20,134,0,154,0,21,140,0,161,427,0,427,588
03/22/2022,CHD,AZ,AWP,CE,Federal Contract Tower,0,4,22,0,26,0,25,179,0,204,0,29,201,0,230,520,0,520,750
03/23/2022,CHD,AZ,AWP,CE,Federal Contract Tower,0,4,9,0,13,0,35,174,0,209,0,39,183,0,222,405,0,405,627
03/24/2022,CHD,AZ,AWP,CE,Federal Contract Tower,0,2,11,0,13,0,31,214,0,245,0,33,225,0,258,618,0,618,876
03/25/2022,CHD,AZ,AWP,CE,Federal Contract Tower,0,2,5,0,7,0,24,175,0,199,0,26,180,0,206,558,0,558,764
03/26/2022,CHD,AZ,AWP,CE,Federal Contract Tower,0,2,9,0,11,0,19,174,0,193,0,21,183,0,204,191,0,191,395
03/27/2022,CHD,AZ,AWP,CE,Federal Contract Tower,0,3,11,0,14,0,19,147,0,166,0,22,158,0,180,246,0,246,426
03/28/2022,CHD,AZ,AWP,CE,Federal Contract Tower,0,2,10,0,12,0,14,105,1,120,0,16,115,1,132,362,0,362,494
03/29/2022,CHD,AZ,AWP,CE,Federal Contract Tower,0,3,6,0,9,0,27,74,0,101,0,30,80,0,110,371,0,371,481
03/30/2022,CHD,AZ,AWP,CE,Federal Contract Tower,0,5,14,0,19,0,31,200,0,231,0,36,214,0,250,400,0,400,650
03/31/2022,CHD,AZ,AWP,CE,Federal Contract Tower,0,3,16,0,19,0,27,211,0,238,0,30,227,0,257,480,0,480,737
04/01/2022,CHD,AZ,AWP,CE,Federal Contract Tower,0,1,5,0,6,0,30,176,0,206,0,31,181,0,212,581,0,581,793
04/02/2022,CHD,AZ,AWP,CE,Federal Contract Tower,0,0,12,0,12,0,18,158,0,176,0,18,170,0,188,316,0,316,504
04/03/2022,CHD,AZ,AWP,CE,Federal Contract Tower,0,2,4,0,6,0,11,171,0,182,0,13,175,0,188,140,0,140,328
04/04/2022,CHD,AZ,AWP,CE,Federal Contract Tower,0,2,15,0,17,0,26,164,0,190,0,28,179,0,207,462,0,462,669
04/05/2022,CHD,AZ,AWP,CE,Federal Contract Tower,0,3,9,0,12,0,19,168,0,187,0,22,177,0,199,539,0,539,738
04/06/2022,CHD,AZ,AWP,CE,Federal Contract Tower,0,4,5,0,9,0,28,212,0,240,0,32,217,0,249,490,0,490,739
04/07/2022,CHD,AZ,AWP,CE,Federal Contract Tower,0,7,14,0,21,0,31,151,0,182,0,38,165,0,203,422,0,422,625
04/08/2022,CHD,AZ,AWP,CE,Federal Contract Tower,0,9,15,0,24,0,39,130,0,169,0,48,145,0,193,396,0,396,589
04/09/2022,CHD,AZ,AWP,CE,Federal Contract Tower,0,3,11,0,14,0,22,149,0,171,0,25,160,0,185,214,0,214,399
04/10/2022,CHD,AZ,AWP,CE,Federal Contract Tower,0,1,7,0,8,0,11,111,0,122,0,12,118,0,130,105,0,105,235
04/11/2022,CHD,AZ,AWP,CE,Federal Contract Tower,0,5,9,0,14,0,18,115,0,133,0,23,124,0,147,300,0,300,447
04/12/2022,CHD,AZ,AWP,CE,Federal Contract Tower,0,3,7,0,10,0,19,128,0,147,0,22,135,0,157,289,0,289,446
04/13/2022,CHD,AZ,AWP,CE,Federal Contract Tower,0,2,9,0,11,0,44,215,0,259,0,46,224,0,270,568,0,568,838
04/14/2022,CHD,AZ,AWP,CE,Federal Contract Tower,0,8,13,0,21,0,31,193,0,224,0,39,206,0,245,508,0,508,753
04/15/2022,CHD,AZ,AWP,CE,Federal Contract Tower,0,4,12,0,16,0,35,172,0,207,0,39,184,0,223,438,0,438,661
04/16/2022,CHD,AZ,AWP,CE,Federal Contract Tower,0,2,8,0,10,0,16,121,0,137,0,18,129,0,147,307,0,307,454
04/17/2022,CHD,AZ,AWP,CE,Federal Contract Tower,0,1,7,0,8,0,12,101,0,113,0,13,108,0,121,180,0,180,301
04/18/2022,CHD,AZ,AWP,CE,Federal Contract Tower,0,1,7,0,8,0,32,143,0,175,0,33,150,0,183,270,0,270,453
04/19/2022,CHD,AZ,AWP,CE,Federal Contract Tower,0,8,9,0,17,0,24,153,0,177,0,32,162,0,194,405,0,405,599
04/20/2022,CHD,AZ,AWP,CE,Federal Contract Tower,0,6,6,0,12,0,80,146,1,227,0,86,152,1,239,460,0,460,699
04/21/2022,CHD,AZ,AWP,CE,Federal Contract Tower,0,7,13,0,20,0,42,153,0,195,0,49,166,0,215,447,0,447,662
04/22/2022,CHD,AZ,AWP,CE,Federal Contract Tower,0,1,3,0,4,0,13,84,0,97,0,14,87,0,101,145,0,145,246
04/23/2022,CHD,AZ,AWP,CE,Federal Contract Tower,0,2,8,0,10,0,33,188,5,226,0,35,196,5,236,218,0,218,454
04/24/2022,CHD,AZ,AWP,CE,Federal Contract Tower,0,7,7,0,14,0,18,149,0,167,0,25,156,0,181,186,0,186,367
04/25/2022,CHD,AZ,AWP,CE,Federal Contract Tower,0,1,10,0,11,0,34,173,0,207,0,35,183,0,218,279,0,279,497
04/26/2022,CHD,AZ,AWP,CE,Federal Contract Tower,0,3,5,0,8,0,32,163,0,195,0,35,168,0,203,408,0,408,611
04/27/2022,CHD,AZ,AWP,CE,Federal Contract Tower,0,2,8,0,10,0,32,159,2,193,0,34,167,2,203,364,0,364,567
04/28/2022,CHD,AZ,AWP,CE,Federal Contract Tower,0,4,14,0,18,0,39,168,0,207,0,43,182,0,225,315,0,315,540
04/29/2022,CHD,AZ,AWP,CE,Federal Contract Tower,0,0,10,0,10,0,48,156,0,204,0,48,166,0,214,493,0,493,707
04/30/2022,CHD,AZ,AWP,CE,Federal Contract Tower,0,1,11,0,12,0,26,163,0,189,0,27,174,0,201,231,0,231,432
05/01/2022,CHD,AZ,AWP,CE,Federal Contract Tower,0,5,6,0,11,0,23,109,0,132,0,28,115,0,143,186,0,186,329
05/02/2022,CHD,AZ,AWP,CE,Federal Contract Tower,0,5,7,0,12,0,29,161,0,190,0,34,168,0,202,381,0,381,583
05/03/2022,CHD,AZ,AWP,CE,Federal Contract Tower,0,7,13,0,20,0,24,147,0,171,0,31,160,0,191,476,0,476,667
05/04/2022,CHD,AZ,AWP,CE,Federal Contract Tower,0,2,10,0,12,0,46,158,0,204,0,48,168,0,216,702,0,702,918
05/05/2022,CHD,AZ,AWP,CE,Federal Contract Tower,0,4,7,0,11,0,38,192,0,230,0,42,199,0,241,374,0,374,615
05/06/2022,CHD,AZ,AWP,CE,Federal Contract Tower,0,6,5,0,11,0,35,187,0,222,0,41,192,0,233,589,0,589,822
05/07/2022,CHD,AZ,AWP,CE,Federal Contract Tower,0,1,3,0,4,0,24,165,0,189,0,25,168,0,193,290,0,290,483
05/08/2022,CHD,AZ,AWP,CE,Federal Contract Tower,0,0,6,0,6,0,6,90,0,96,0,6,96,0,102,70,0,70,172
05/09/2022,CHD,AZ,AWP,CE,Federal Contract Tower,0,3,2,0,5,0,22,137,0,159,0,25,139,0,164,414,0,414,578
05/10/2022,CHD,AZ,AWP,CE,Federal Contract Tower,0,5,4,0,9,0,37,170,0,207,0,42,174,0,216,659,0,659,875
05/11/2022,CHD,AZ,AWP,CE,Federal Contract Tower,0,2,6,0,8,0,38,191,0,229,0,40,197,0,237,539,0,539,776
05/12/2022,CHD,AZ,AWP,CE,Federal Contract Tower,0,1,10,0,11,0,39,197,0,236,0,40,207,0,247,612,0,612,859
05/13/2022,CHD,AZ,AWP,CE,Federal Contract Tower,0,3,14,0,17,0,47,184,0,231,0,50,198,0,248,403,0,403,651
05/14/2022,CHD,AZ,AWP,CE,Federal Contract Tower,0,2,5,0,7,0,29,172,0,201,0,31,177,0,208,414,0,414,622
05/15/2022,CHD,AZ,AWP,CE,Federal Contract Tower,0,1,7,0,8,0,17,107,0,124,0,18,114,0,132,123,0,123,255
05/16/2022,CHD,AZ,AWP,CE,Federal Contract Tower,0,4,6,0,10,0,23,178,0,201,0,27,184,0,211,355,0,355,566
05/17/2022,CHD,AZ,AWP,CE,Federal Contract Tower,0,0,14,0,14,0,23,170,0,193,0,23,184,0,207,380,0,380,587
05/18/2022,CHD,AZ,AWP,CE,Federal Contract Tower,0,6,11,0,17,0,27,202,0,229,0,33,213,0,246,508,0,508,754
05/19/2022,CHD,AZ,AWP,CE,Federal Contract Tower,0,6,19,0,25,0,31,163,0,194,0,37,182,0,219,451,0,451,670
05/20/2022,CHD,AZ,AWP,CE,Federal Contract Tower,0,0,3,0,3,0,19,139,0,158,0,19,142,0,161,343,0,343,504
05/21/2022,CHD,AZ,AWP,CE,Federal Contract Tower,0,6,6,0,12,0,15,163,0,178,0,21,169,0,190,260,0,260,450
05/22/2022,CHD,AZ,AWP,CE,Federal Contract Tower,0,2,9,0,11,0,15,152,0,167,0,17,161,0,178,146,0,146,324
05/23/2022,CHD,AZ,AWP,CE,Federal Contract Tower,0,3,6,0,9,0,18,171,0,189,0,21,177,0,198,401,0,401,599
05/24/2022,CHD,AZ,AWP,CE,Federal Contract Tower,0,2,10,0,12,0,16,156,0,172,0,18,166,0,184,563,0,563,747
05/25/2022,CHD,AZ,AWP,CE,Federal Contract Tower,0,3,4,0,7,0,22,154,0,176,0,25,158,0,183,474,0,474,657
05/26/2022,CHD,AZ,AWP,CE,Federal Contract Tower,0,5,10,0,15,0,36,141,0,177,0,41,151,0,192,167,0,167,359
05/27/2022,CHD,AZ,AWP,CE,Federal Contract Tower,0,1,14,0,15,0,31,138,0,169,0,32,152,0,184,317,0,317,501
05/28/2022,CHD,AZ,AWP,CE,Federal Contract Tower,0,2,3,0,5,0,21,142,0,163,0,23,145,0,168,109,0,109,277
05/29/2022,CHD,AZ,AWP,CE,Federal Contract Tower,0,2,4,0,6,0,17,103,0,120,0,19,107,0,126,159,0,159,285
05/30/2022,CHD,AZ,AWP,CE,Federal Contract Tower,0,4,5,0,9,0,17,146,0,163,0,21,151,0,172,202,0,202,374
05/31/2022,CHD,AZ,AWP,CE,Federal Contract Tower,0,5,4,0,9,0,31,154,0,185,0,36,158,0,194,324,0,324,518
06/01/2022,CHD,AZ,AWP,CE,Federal Contract Tower,0,5,4,0,9,0,15,208,0,223,0,20,212,0,232,386,0,386,618
06/02/2022,CHD,AZ,AWP,CE,Federal Contract Tower,0,5,2,0,7,0,27,224,0,251,0,32,226,0,258,513,0,513,771
06/03/2022,CHD,AZ,AWP,CE,Federal Contract Tower,0,3,13,0,16,0,38,224,0,262,0,41,237,0,278,423,0,423,701
06/04/2022,CHD,AZ,AWP,CE,Federal Contract Tower,0,10,3,0,13,0,17,185,0,202,0,27,188,0,215,363,0,363,578
06/05/2022,CHD,AZ,AWP,CE,Federal Contract Tower,0,3,3,0,6,0,14,135,0,149,0,17,138,0,155,142,0,142,297
06/06/2022,CHD,AZ,AWP,CE,Federal Contract Tower,0,6,7,0,13,0,26,130,0,156,0,32,137,0,169,350,0,350,519
06/07/2022,CHD,AZ,AWP,CE,Federal Contract Tower,0,6,4,0,10,0,26,175,0,201,0,32,179,0,211,478,0,478,689
06/08/2022,CHD,AZ,AWP,CE,Federal Contract Tower,0,2,11,0,13,0,28,177,0,205,0,30,188,0,218,406,0,406,624
06/09/2022,CHD,AZ,AWP,CE,Federal Contract Tower,0,7,8,0,15,0,37,156,0,193,0,44,164,0,208,516,0,516,724
06/10/2022,CHD,AZ,AWP,CE,Federal Contract Tower,0,1,4,0,5,0,34,150,0,184,0,35,154,0,189,373,0,373,562
06/11/2022,CHD,AZ,AWP,CE,Federal Contract Tower,0,4,2,0,6,0,21,149,0,170,0,25,151,0,176,450,0,450,626
06/12/2022,CHD,AZ,AWP,CE,Federal Contract Tower,0,6,2,0,8,0,23,110,0,133,0,29,112,0,141,226,0,226,367
06/13/2022,CHD,AZ,AWP,CE,Federal Contract Tower,0,2,10,0,12,0,14,152,0,166,0,16,162,0,178,391,0,391,569
06/14/2022,CHD,AZ,AWP,CE,Federal Contract Tower,0,4,3,0,7,0,32,181,0,213,0,36,184,0,220,360,0,360,580
06/15/2022,CHD,AZ,AWP,CE,Federal Contract Tower,0,5,7,0,12,0,27,212,0,239,0,32,219,0,251,410,0,410,661
06/16/2022,CHD,AZ,AWP,CE,Federal Contract Tower,0,5,11,0,16,0,23,213,0,236,0,28,224,0,252,409,0,409,661
06/17/2022,CHD,AZ,AWP,CE,Federal Contract Tower,0,2,7,0,9,0,19,170,0,189,0,21,177,0,198,527,0,527,725
06/18/2022,CHD,AZ,AWP,CE,Federal Contract Tower,0,2,6,0,8,0,15,130,0,145,0,17,136,0,153,271,0,271,424
06/19/2022,CHD,AZ,AWP,CE,Federal Contract Tower,0,5,4,0,9,0,23,118,0,141,0,28,122,0,150,156,0,156,306
06/20/2022,CHD,AZ,AWP,CE,Federal Contract Tower,0,1,9,0,10,0,27,201,0,228,0,28,210,0,238,446,0,446,684
06/21/2022,CHD,AZ,AWP,CE,Federal Contract Tower,0,2,9,0,11,0,30,177,0,207,0,32,186,0,218,608,0,608,826
06/22/2022,CHD,AZ,AWP,CE,Federal Contract Tower,0,2,9,0,11,0,28,169,0,197,0,30,178,0,208,454,0,454,662
06/23/2022,CHD,AZ,AWP,CE,Federal Contract Tower,0,2,8,0,10,0,34,123,0,157,0,36,131,0,167,489,0,489,656
06/24/2022,CHD,AZ,AWP,CE,Federal Contract Tower,0,3,10,0,13,0,39,138,0,177,0,42,148,0,190,495,0,495,685
06/25/2022,CHD,AZ,AWP,CE,Federal Contract Tower,0,2,4,0,6,0,34,195,0,229,0,36,199,0,235,554,0,554,789
06/26/2022,CHD,AZ,AWP,CE,Federal Contract Tower,0,3,6,0,9,0,20,109,0,129,0,23,115,0,138,279,0,279,417
06/27/2022,CHD,AZ,AWP,CE,Federal Contract Tower,0,13,10,0,23,0,29,158,0,187,0,42,168,0,210,594,0,594,804
06/28/2022,CHD,AZ,AWP,CE,Federal Contract Tower,0,7,10,0,17,0,32,177,10,219,0,39,187,10,236,591,0,591,827
06/29/2022,CHD,AZ,AWP,CE,Federal Contract Tower,0,10,8,0,18,0,25,155,0,180,0,35,163,0,198,486,0,486,684
06/30/2022,CHD,AZ,AWP,CE,Federal Contract Tower,0,5,9,0,14,0,36,174,0,210,0,41,183,0,224,567,0,567,791
07/01/2022,CHD,AZ,AWP,CE,Federal Contract Tower,0,2,3,0,5,0,40,147,0,187,0,42,150,0,192,392,0,392,584
07/02/2022,CHD,AZ,AWP,CE,Federal Contract Tower,0,2,6,0,8,0,30,99,0,129,0,32,105,0,137,253,0,253,390
07/03/2022,CHD,AZ,AWP,CE,Federal Contract Tower,0,2,1,0,3,0,23,94,0,117,0,25,95,0,120,154,0,154,274
07/04/2022,CHD,AZ,AWP,CE,Federal Contract Tower,0,4,7,0,11,0,13,71,0,84,0,17,78,0,95,201,0,201,296
07/05/2022,CHD,AZ,AWP,CE,Federal Contract Tower,0,3,11,0,14,0,35,144,0,179,0,38,155,0,193,616,0,616,809
07/06/2022,CHD,AZ,AWP,CE,Federal Contract Tower,0,3,10,0,13,0,23,200,0,223,0,26,210,0,236,554,0,554,790
07/07/2022,CHD,AZ,AWP,CE,Federal Contract Tower,0,1,12,0,13,0,22,182,0,204,0,23,194,0,217,508,0,508,725
07/08/2022,CHD,AZ,AWP,CE,Federal Contract Tower,0,2,8,0,10,0,31,156,0,187,0,33,164,0,197,386,0,386,583
07/09/2022,CHD,AZ,AWP,CE,Federal Contract Tower,0,3,6,0,9,0,25,170,0,195,0,28,176,0,204,350,0,350,554
07/10/2022,CHD,AZ,AWP,CE,Federal Contract Tower,0,3,5,0,8,0,25,100,0,125,0,28,105,0,133,142,0,142,275
07/11/2022,CHD,AZ,AWP,CE,Federal Contract Tower,0,4,6,0,10,0,17,166,0,183,0,21,172,0,193,435,0,435,628
07/12/2022,CHD,AZ,AWP,CE,Federal Contract Tower,0,5,20,0,25,0,19,172,0,191,0,24,192,0,216,506,0,506,722
07/13/2022,CHD,AZ,AWP,CE,Federal Contract Tower,0,7,10,0,17,0,46,190,0,236,0,53,200,0,253,541,0,541,794
07/14/2022,CHD,AZ,AWP,CE,Federal Contract Tower,0,3,5,0,8,0,24,130,0,154,0,27,135,0,162,418,0,418,580
07/15/2022,CHD,AZ,AWP,CE,Federal Contract Tower,0,3,5,0,8,0,32,145,0,177,0,35,150,0,185,453,0,453,638
07/16/2022,CHD,AZ,AWP,CE,Federal Contract Tower,0,3,2,0,5,0,33,202,0,235,0,36,204,0,240,385,0,385,625
07/17/2022,CHD,AZ,AWP,CE,Federal Contract Tower,0,1,5,0,6,0,15,109,0,124,0,16,114,0,130,143,0,143,273
07/18/2022,CHD,AZ,AWP,CE,Federal Contract Tower,0,3,7,0,10,0,23,148,0,171,0,26,155,0,181,425,0,425,606
07/19/2022,CHD,AZ,AWP,CE,Federal Contract Tower,0,5,5,0,10,0,25,138,0,163,0,30,143,0,173,432,0,432,605
07/20/2022,CHD,AZ,AWP,CE,Federal Contract Tower,0,1,14,0,15,0,28,182,0,210,0,29,196,0,225,504,0,504,729
07/21/2022,CHD,AZ,AWP,CE,Federal Contract Tower,0,1,13,0,14,0,37,136,0,173,0,38,149,0,187,362,0,362,549
07/22/2022,CHD,AZ,AWP,CE,Federal Contract Tower,0,2,7,0,9,0,37,134,0,171,0,39,141,0,180,523,0,523,703
07/23/2022,CHD,AZ,AWP,CE,Federal Contract Tower,0,2,8,0,10,0,26,119,0,145,0,28,127,0,155,379,0,379,534
07/24/2022,CHD,AZ,AWP,CE,Federal Contract Tower,0,3,6,0,9,0,7,60,0,67,0,10,66,0,76,190,0,190,266
07/25/2022,CHD,AZ,AWP,CE,Federal Contract Tower,0,1,5,0,6,0,34,135,0,169,0,35,140,0,175,447,0,447,622
07/26/2022,CHD,AZ,AWP,CE,Federal Contract Tower,0,0,5,0,5,0,29,174,2,205,0,29,179,2,210,547,8,555,765
07/27/2022,CHD,AZ,AWP,CE,Federal Contract Tower,0,5,8,0,13,0,27,162,0,189,0,32,170,0,202,522,0,522,724
07/28/2022,CHD,AZ,AWP,CE,Federal Contract Tower,0,6,28,0,34,0,27,124,0,151,0,33,152,0,185,422,0,422,607
07/29/2022,CHD,AZ,AWP,CE,Federal Contract Tower,0,5,6,0,11,0,26,147,0,173,0,31,153,0,184,515,0,515,699
07/30/2022,CHD,AZ,AWP,CE,Federal Contract Tower,0,1,10,0,11,0,43,135,0,178,0,44,145,0,189,295,0,295,484
07/31/2022,CHD,AZ,AWP,CE,Federal Contract Tower,0,0,3,0,3,0,14,163,0,177,0,14,166,0,180,128,0,128,308
08/01/2022,CHD,AZ,AWP,CE,Federal Contract Tower,0,3,6,0,9,0,18,155,0,173,0,21,161,0,182,392,0,392,574
08/02/2022,CHD,AZ,AWP,CE,Federal Contract Tower,0,3,7,0,10,0,23,138,0,161,0,26,145,0,171,608,0,608,779
08/03/2022,CHD,AZ,AWP,CE,Federal Contract Tower,0,4,12,0,16,0,27,118,0,145,0,31,130,0,161,414,0,414,575
08/04/2022,CHD,AZ,AWP,CE,Federal Contract Tower,0,5,10,0,15,0,27,122,0,149,0,32,132,0,164,507,0,507,671
08/05/2022,CHD,AZ,AWP,CE,Federal Contract Tower,0,4,7,0,11,0,31,170,0,201,0,35,177,0,212,571,0,571,783
08/06/2022,CHD,AZ,AWP,CE,Federal Contract Tower,0,2,4,0,6,0,36,161,0,197,0,38,165,0,203,399,0,399,602
08/07/2022,CHD,AZ,AWP,CE,Federal Contract Tower,0,3,8,0,11,0,12,50,0,62,0,15,58,0,73,146,0,146,219
08/08/2022,CHD,AZ,AWP,CE,Federal Contract Tower,0,2,9,0,11,0,21,142,0,163,0,23,151,0,174,377,0,377,551
08/09/2022,CHD,AZ,AWP,CE,Federal Contract Tower,0,0,9,0,9,0,32,176,0,208,0,32,185,0,217,445,0,445,662
08/10/2022,CHD,AZ,AWP,CE,Federal Contract Tower,0,8,5,0,13,0,30,134,0,164,0,38,139,0,177,508,0,508,685
08/11/2022,CHD,AZ,AWP,CE,Federal Contract Tower,0,5,7,0,12,0,30,130,0,160,0,35,137,0,172,362,0,362,534
08/12/2022,CHD,AZ,AWP,CE,Federal Contract Tower,0,8,10,0,18,0,37,129,0,166,0,45,139,0,184,172,0,172,356
08/13/2022,CHD,AZ,AWP,CE,Federal Contract Tower,0,5,8,0,13,0,32,174,0,206,0,37,182,0,219,210,0,210,429
08/14/2022,CHD,AZ,AWP,CE,Federal Contract Tower,0,0,5,0,5,0,29,111,0,140,0,29,116,0,145,184,0,184,329
08/15/2022,CHD,AZ,AWP,CE,Federal Contract Tower,0,4,5,0,9,0,37,145,0,182,0,41,150,0,191,376,0,376,567
08/16/2022,CHD,AZ,AWP,CE,Federal Contract Tower,0,7,7,0,14,0,40,196,0,236,0,47,203,0,250,522,0,522,772
08/17/2022,CHD,AZ,AWP,CE,Federal Contract Tower,0,7,7,0,14,0,28,134,0,162,0,35,141,0,176,321,0,321,497
08/18/2022,CHD,AZ,AWP,CE,Federal Contract Tower,0,10,13,0,23,0,45,165,0,210,0,55,178,0,233,380,0,380,613
08/19/2022,CHD,AZ,AWP,CE,Federal Contract Tower,0,4,8,0,12,0,42,85,0,127,0,46,93,0,139,316,0,316,455
08/20/2022,CHD,AZ,AWP,CE,Federal Contract Tower,0,2,8,0,10,0,25,127,0,152,0,27,135,0,162,215,0,215,377
08/21/2022,CHD,AZ,AWP,CE,Federal Contract Tower,0,3,11,0,14,0,24,130,0,154,0,27,141,0,168,213,0,213,381
08/22/2022,CHD,AZ,AWP,CE,Federal Contract Tower,0,3,8,0,11,0,27,190,0,217,0,30,198,0,228,501,0,501,729
08/23/2022,CHD,AZ,AWP,CE,Federal Contract Tower,0,11,9,0,20,0,36,164,0,200,0,47,173,0,220,497,0,497,717
08/24/2022,CHD,AZ,AWP,CE,Federal Contract Tower,0,7,6,0,13,0,35,177,0,212,0,42,183,0,225,386,0,386,611
08/25/2022,CHD,AZ,AWP,CE,Federal Contract Tower,0,1,15,0,16,0,43,172,0,215,0,44,187,0,231,445,0,445,676
08/26/2022,CHD,AZ,AWP,CE,Federal Contract Tower,0,8,13,0,21,0,42,166,0,208,0,50,179,0,229,363,0,363,592
08/27/2022,CHD,AZ,AWP,CE,Federal Contract Tower,0,4,10,0,14,0,45,147,0,192,0,49,157,0,206,222,0,222,428
08/28/2022,CHD,AZ,AWP,CE,Federal Contract Tower,0,5,5,0,10,0,32,127,0,159,0,37,132,0,169,167,0,167,336
08/29/2022,CHD,AZ,AWP,CE,Federal Contract Tower,0,1,9,0,10,0,29,158,0,187,0,30,167,0,197,555,0,555,752
08/30/2022,CHD,AZ,AWP,CE,Federal Contract Tower,0,7,11,0,18,0,47,190,0,237,0,54,201,0,255,433,0,433,688
08/31/2022,CHD,AZ,AWP,CE,Federal Contract Tower,0,9,11,0,20,0,54,150,0,204,0,63,161,0,224,463,0,463,687
09/01/2022,CHD,AZ,AWP,CE,Federal Contract Tower,0,7,13,0,20,0,50,137,0,187,0,57,150,0,207,432,0,432,639
09/02/2022,CHD,AZ,AWP,CE,Federal Contract Tower,0,4,11,0,15,0,40,138,0,178,0,44,149,0,193,365,0,365,558
09/03/2022,CHD,AZ,AWP,CE,Federal Contract Tower,0,8,2,0,10,0,45,110,0,155,0,53,112,0,165,208,0,208,373
09/04/2022,CHD,AZ,AWP,CE,Federal Contract Tower,0,7,7,0,14,0,22,80,0,102,0,29,87,0,116,225,0,225,341
09/05/2022,CHD,AZ,AWP,CE,Federal Contract Tower,0,4,9,0,13,0,27,167,0,194,0,31,176,0,207,257,0,257,464
09/06/2022,CHD,AZ,AWP,CE,Federal Contract Tower,0,5,23,0,28,0,33,147,0,180,0,38,170,0,208,474,0,474,682
09/07/2022,CHD,AZ,AWP,CE,Federal Contract Tower,0,5,7,0,12,0,44,138,0,182,0,49,145,0,194,484,0,484,678
09/08/2022,CHD,AZ,AWP,CE,Federal Contract Tower,0,4,15,0,19,0,33,164,0,197,0,37,179,0,216,643,0,643,859
09/09/2022,CHD,AZ,AWP,CE,Federal Contract Tower,0,7,7,0,14,0,33,152,0,185,0,40,159,0,199,437,0,437,636
09/10/2022,CHD,AZ,AWP,CE,Federal Contract Tower,0,2,5,0,7,0,32,198,0,230,0,34,203,0,237,192,0,192,429
09/11/2022,CHD,AZ,AWP,CE,Federal Contract Tower,0,5,2,0,7,0,25,124,0,149,0,30,126,0,156,143,0,143,299
09/12/2022,CHD,AZ,AWP,CE,Federal Contract Tower,0,3,12,0,15,0,33,142,0,175,0,36,154,0,190,378,0,378,568
09/13/2022,CHD,AZ,AWP,CE,Federal Contract Tower,0,6,5,0,11,0,33,174,0,207,0,39,179,0,218,377,0,377,595
09/14/2022,CHD,AZ,AWP,CE,Federal Contract Tower,0,5,7,0,12,0,36,159,0,195,0,41,166,0,207,495,0,495,702
09/15/2022,CHD,AZ,AWP,CE,Federal Contract Tower,0,5,8,0,13,0,32,132,0,164,0,37,140,0,177,391,0,391,568
09/16/2022,CHD,AZ,AWP,CE,Federal Contract Tower,0,3,3,0,6,0,36,165,0,201,0,39,168,0,207,540,0,540,747
09/17/2022,CHD,AZ,AWP,CE,Federal Contract Tower,0,5,4,0,9,0,43,149,0,192,0,48,153,0,201,257,0,257,458
09/18/2022,CHD,AZ,AWP,CE,Federal Contract Tower,0,3,3,0,6,0,40,120,0,160,0,43,123,0,166,146,0,146,312
09/19/2022,CHD,AZ,AWP,CE,Federal Contract Tower,0,0,8,0,8,0,20,160,0,180,0,20,168,0,188,333,0,333,521
09/20/2022,CHD,AZ,AWP,CE,Federal Contract Tower,0,2,10,0,12,0,32,142,0,174,0,34,152,0,186,424,0,424,610
09/21/2022,CHD,AZ,AWP,CE,Federal Contract Tower,0,4,6,0,10,0,25,104,0,129,0,29,110,0,139,360,0,360,499
09/22/2022,CHD,AZ,AWP,CE,Federal Contract Tower,0,5,13,0,18,0,54,169,0,223,0,59,182,0,241,408,0,408,649
09/23/2022,CHD,AZ,AWP,CE,Federal Contract Tower,0,9,18,0,27,0,44,159,0,203,0,53,177,0,230,400,0,400,630
09/24/2022,CHD,AZ,AWP,CE,Federal Contract Tower,0,2,11,0,13,0,32,198,0,230,0,34,209,0,243,169,0,169,412
09/25/2022,CHD,AZ,AWP,CE,Federal Contract Tower,0,1,7,0,8,0,27,158,0,185,0,28,165,0,193,159,0,159,352
09/26/2022,CHD,AZ,AWP,CE,Federal Contract Tower,0,7,8,0,15,0,17,136,0,153,0,24,144,0,168,295,0,295,463
09/27/2022,CHD,AZ,AWP,CE,Federal Contract Tower,0,11,7,0,18,0,37,132,0,169,0,48,139,0,187,421,0,421,608
09/28/2022,CHD,AZ,AWP,CE,Federal Contract Tower,0,4,8,0,12,0,36,138,0,174,0,40,146,0,186,450,0,450,636
09/29/2022,CHD,AZ,AWP,CE,Federal Contract Tower,0,6,14,0,20,0,42,190,0,232,0,48,204,0,252,479,0,479,731
09/30/2022,CHD,AZ,AWP,CE,Federal Contract Tower,0,5,7,0,12,0,37,178,0,215,0,42,185,0,227,488,0,488,715
10/01/2022,CHD,AZ,AWP,CE,Federal Contract Tower,0,6,6,0,12,0,23,161,0,184,0,29,167,0,196,498,0,498,694
10/02/2022,CHD,AZ,AWP,CE,Federal Contract Tower,0,4,10,0,14,0,24,133,0,157,0,28,143,0,171,114,0,114,285
10/03/2022,CHD,AZ,AWP,CE,Federal Contract Tower,0,8,8,0,16,0,33,129,0,162,0,41,137,0,178,353,0,353,531
10/04/2022,CHD,AZ,AWP,CE,Federal Contract Tower,0,13,11,0,24,0,27,165,0,192,0,40,176,0,216,482,0,482,698
10/05/2022,CHD,AZ,AWP,CE,Federal Contract Tower,0,6,13,0,19,0,52,190,2,244,0,58,203,2,263,375,2,377,640
10/06/2022,CHD,AZ,AWP,CE,Federal Contract Tower,0,4,7,0,11,0,24,107,0,131,0,28,114,0,142,422,0,422,564
10/07/2022,CHD,AZ,AWP,CE,Federal Contract Tower,0,14,15,0,29,0,40,155,0,195,0,54,170,0,224,293,0,293,517
10/08/2022,CHD,AZ,AWP,CE,Federal Contract Tower,0,11,10,0,21,0,37,184,0,221,0,48,194,0,242,312,0,312,554
10/09/2022,CHD,AZ,AWP,CE,Federal Contract Tower,0,11,16,0,27,0,31,144,0,175,0,42,160,0,202,189,0,189,391
10/10/2022,CHD,AZ,AWP,CE,Federal Contract Tower,0,2,10,0,12,0,34,163,0,197,0,36,173,0,209,386,0,386,595
10/11/2022,CHD,AZ,AWP,CE,Federal Contract Tower,0,6,7,0,13,0,27,170,0,197,0,33,177,0,210,507,10,517,727
10/12/2022,CHD,AZ,AWP,CE,Federal Contract Tower,0,7,18,0,25,0,24,166,10,200,0,31,184,10,225,347,0,347,572
10/13/2022,CHD,AZ,AWP,CE,Federal Contract Tower,0,7,7,0,14,0,42,189,2,233,0,49,196,2,247,340,0,340,587
10/14/2022,CHD,AZ,AWP,CE,Federal Contract Tower,0,9,8,0,17,0,42,188,0,230,0,51,196,0,247,520,0,520,767
10/15/2022,CHD,AZ,AWP,CE,Federal Contract Tower,0,5,7,0,12,0,2,68,0,70,0,7,75,0,82,178,0,178,260
10/16/2022,CHD,AZ,AWP,CE,Federal Contract Tower,0,2,14,0,16,0,12,140,0,152,0,14,154,0,168,195,0,195,363
10/17/2022,CHD,AZ,AWP,CE,Federal Contract Tower,0,5,22,0,27,0,29,172,0,201,0,34,194,0,228,548,0,548,776
10/18/2022,CHD,AZ,AWP,CE,Federal Contract Tower,0,15,16,0,31,0,38,157,2,197,0,53,173,2,228,427,0,427,655
10/19/2022,CHD,AZ,AWP,CE,Federal Contract Tower,0,10,11,0,21,0,28,174,0,202,0,38,185,0,223,359,0,359,582
10/20/2022,CHD,AZ,AWP,CE,Federal Contract Tower,0,13,16,0,29,0,55,193,0,248,0,68,209,0,277,507,0,507,784
10/21/2022,CHD,AZ,AWP,CE,Federal Contract Tower,0,5,10,0,15,0,39,186,0,225,0,44,196,0,240,404,0,404,644
10/22/2022,CHD,AZ,AWP,CE,Federal Contract Tower,0,4,4,0,8,0,25,135,1,161,0,29,139,1,169,222,0,222,391
10/23/2022,CHD,AZ,AWP,CE,Federal Contract Tower,0,5,2,0,7,0,28,100,0,128,0,33,102,0,135,221,0,221,356
10/24/2022,CHD,AZ,AWP,CE,Federal Contract Tower,0,8,5,0,13,0,34,144,0,178,0,42,149,0,191,424,0,424,615
10/25/2022,CHD,AZ,AWP,CE,Federal Contract Tower,0,5,4,0,9,0,52,158,0,210,0,57,162,0,219,459,0,459,678
10/26/2022,CHD,AZ,AWP,CE,Federal Contract Tower,0,3,11,0,14,0,42,150,0,192,0,45,161,0,206,599,0,599,805
10/27/2022,CHD,AZ,AWP,CE,Federal Contract Tower,0,10,8,0,18,0,59,147,0,206,0,69,155,0,224,408,0,408,632
10/28/2022,CHD,AZ,AWP,CE,Federal Contract Tower,0,10,19,0,29,0,37,190,0,227,0,47,209,0,256,317,0,317,573
10/29/2022,CHD,AZ,AWP,CE,Federal Contract Tower,0,7,7,0,14,0,42,193,0,235,0,49,200,0,249,445,0,445,694
10/30/2022,CHD,AZ,AWP,CE,Federal Contract Tower,0,0,8,0,8,0,39,165,0,204,0,39,173,0,212,257,0,257,469
10/31/2022,CHD,AZ,AWP,CE,Federal Contract Tower,0,2,15,0,17,0,46,163,0,209,0,48,178,0,226,508,0,508,734
11/01/2022,CHD,AZ,AWP,CE,Federal Contract Tower,0,7,23,0,30,0,47,188,0,235,0,54,211,0,265,501,0,501,766
11/02/2022,CHD,AZ,AWP,CE,Federal Contract Tower,0,1,11,0,12,0,16,143,0,159,0,17,154,0,171,230,0,230,401
11/03/2022,CHD,AZ,AWP,CE,Federal Contract Tower,0,1,11,0,12,0,17,94,4,115,0,18,105,4,127,179,0,179,306
11/04/2022,CHD,AZ,AWP,CE,Federal Contract Tower,0,2,11,0,13,0,34,187,2,223,0,36,198,2,236,252,0,252,488
11/05/2022,CHD,AZ,AWP,CE,Federal Contract Tower,0,3,7,0,10,0,26,167,0,193,0,29,174,0,203,175,0,175,378
11/06/2022,CHD,AZ,AWP,CE,Federal Contract Tower,0,3,4,0,7,0,8,161,0,169,0,11,165,0,176,147,0,147,323
11/07/2022,CHD,AZ,AWP,CE,Federal Contract Tower,0,14,15,0,29,0,46,154,0,200,0,60,169,0,229,285,0,285,514
11/08/2022,CHD,AZ,AWP,CE,Federal Contract Tower,0,4,8,0,12,0,36,179,0,215,0,40,187,0,227,354,0,354,581
11/09/2022,CHD,AZ,AWP,CE,Federal Contract Tower,0,7,5,0,12,0,12,63,2,77,0,19,68,2,89,201,0,201,290
11/10/2022,CHD,AZ,AWP,CE,Federal Contract Tower,0,6,8,0,14,0,61,196,0,257,0,67,204,0,271,468,0,468,739
11/11/2022,CHD,AZ,AWP,CE,Federal Contract Tower,0,10,15,0,25,0,41,230,0,271,0,51,245,0,296,474,0,474,770
11/12/2022,CHD,AZ,AWP,CE,Federal Contract Tower,0,5,5,0,10,0,25,197,0,222,0,30,202,0,232,421,0,421,653
11/13/2022,CHD,AZ,AWP,CE,Federal Contract Tower,0,3,9,0,12,0,31,138,0,169,0,34,147,0,181,187,0,187,368
11/14/2022,CHD,AZ,AWP,CE,Federal Contract Tower,0,7,12,0,19,0,28,145,0,173,0,35,157,0,192,410,0,410,602
11/15/2022,CHD,AZ,AWP,CE,Federal Contract Tower,0,16,11,0,27,0,37,147,0,184,0,53,158,0,211,420,0,420,631
11/16/2022,CHD,AZ,AWP,CE,Federal Contract Tower,0,8,13,0,21,0,24,143,0,167,0,32,156,0,188,380,0,380,568
11/17/2022,CHD,AZ,AWP,CE,Federal Contract Tower,0,11,4,0,15,0,50,142,2,194,0,61,146,2,209,546,0,546,755
11/18/2022,CHD,AZ,AWP,CE,Federal Contract Tower,0,6,10,0,16,0,35,163,0,198,0,41,173,0,214,572,0,572,786
11/19/2022,CHD,AZ,AWP,CE,Federal Contract Tower,0,6,4,0,10,0,31,188,0,219,0,37,192,0,229,468,0,468,697
11/20/2022,CHD,AZ,AWP,CE,Federal Contract Tower,0,9,7,0,16,0,19,165,0,184,0,28,172,0,200,230,0,230,430
11/21/2022,CHD,AZ,AWP,CE,Federal Contract Tower,0,6,16,0,22,0,27,170,0,197,0,33,186,0,219,515,0,515,734
11/22/2022,CHD,AZ,AWP,CE,Federal Contract Tower,0,5,8,0,13,0,32,201,0,233,0,37,209,0,246,480,0,480,726
11/23/2022,CHD,AZ,AWP,CE,Federal Contract Tower,0,4,9,0,13,0,27,198,0,225,0,31,207,0,238,372,0,372,610
11/24/2022,CHD,AZ,AWP,CE,Federal Contract Tower,0,0,0,0,0,0,2,30,0,32,0,2,30,0,32,8,0,8,40
11/25/2022,CHD,AZ,AWP,CE,Federal Contract Tower,0,0,2,0,2,0,21,137,0,158,0,21,139,0,160,375,0,375,535
11/26/2022,CHD,AZ,AWP,CE,Federal Contract Tower,0,1,5,0,6,0,13,164,0,177,0,14,169,0,183,178,0,178,361
11/27/2022,CHD,AZ,AWP,CE,Federal Contract Tower,0,5,10,0,15,0,15,188,0,203,0,20,198,0,218,366,0,366,584
11/28/2022,CHD,AZ,AWP,CE,Federal Contract Tower,0,3,5,0,8,0,40,141,0,181,0,43,146,0,189,469,0,469,658
11/29/2022,CHD,AZ,AWP,CE,Federal Contract Tower,0,2,8,0,10,0,31,154,0,185,0,33,162,0,195,596,0,596,791
11/30/2022,CHD,AZ,AWP,CE,Federal Contract Tower,0,4,5,0,9,0,31,166,0,197,0,35,171,0,206,593,0,593,799
12/01/2022,CHD,AZ,AWP,CE,Federal Contract Tower,0,6,5,0,11,0,40,150,0,190,0,46,155,0,201,576,0,576,777
12/02/2022,CHD,AZ,AWP,CE,Federal Contract Tower,0,4,6,0,10,0,31,176,0,207,0,35,182,0,217,553,8,561,778
12/03/2022,CHD,AZ,AWP,CE,Federal Contract Tower,0,2,15,0,17,0,10,71,0,81,0,12,86,0,98,171,0,171,269
12/04/2022,CHD,AZ,AWP,CE,Federal Contract Tower,0,7,18,0,25,0,3,19,0,22,0,10,37,0,47,116,0,116,163
12/05/2022,CHD,AZ,AWP,CE,Federal Contract Tower,0,10,8,0,18,0,11,80,0,91,0,21,88,0,109,252,0,252,361
12/06/2022,CHD,AZ,AWP,CE,Federal Contract Tower,0,5,6,0,11,0,29,132,0,161,0,34,138,0,172,433,0,433,605
12/07/2022,CHD,AZ,AWP,CE,Federal Contract Tower,0,4,6,0,10,0,32,153,2,187,0,36,159,2,197,515,0,515,712
12/08/2022,CHD,AZ,AWP,CE,Federal Contract Tower,0,4,9,1,14,0,30,167,0,197,0,34,176,1,211,324,0,324,535
12/09/2022,CHD,AZ,AWP,CE,Federal Contract Tower,0,3,8,0,11,0,24,176,0,200,0,27,184,0,211,506,0,506,717
12/10/2022,CHD,AZ,AWP,CE,Federal Contract Tower,0,4,4,0,8,0,19,191,0,210,0,23,195,0,218,347,0,347,565
12/11/2022,CHD,AZ,AWP,CE,Federal Contract Tower,0,2,8,0,10,0,13,147,0,160,0,15,155,0,170,291,0,291,461
12/12/2022,CHD,AZ,AWP,CE,Federal Contract Tower,0,3,13,0,16,0,14,66,0,80,0,17,79,0,96,304,0,304,400
12/13/2022,CHD,AZ,AWP,CE,Federal Contract Tower,0,2,9,0,11,0,23,135,2,160,0,25,144,2,171,303,0,303,474
12/14/2022,CHD,AZ,AWP,CE,Federal Contract Tower,0,6,9,0,15,0,38,123,0,161,0,44,132,0,176,220,0,220,396
12/15/2022,CHD,AZ,AWP,CE,Federal Contract Tower,0,9,9,0,18,0,42,154,0,196,0,51,163,0,214,455,0,455,669
12/16/2022,CHD,AZ,AWP,CE,Federal Contract Tower,0,8,12,0,20,0,29,151,0,180,0,37,163,0,200,335,0,335,535
12/17/2022,CHD,AZ,AWP,CE,Federal Contract Tower,0,1,9,0,10,0,31,209,0,240,0,32,218,0,250,326,0,326,576
12/18/2022,CHD,AZ,AWP,CE,Federal Contract Tower,0,2,5,0,7,0,43,136,0,179,0,45,141,0,186,255,0,255,441
12/19/2022,CHD,AZ,AWP,CE,Federal Contract Tower,0,4,6,0,10,0,49,117,2,168,0,53,123,2,178,328,14,342,520
12/20/2022,CHD,AZ,AWP,CE,Federal Contract Tower,0,1,5,0,6,0,37,113,0,150,0,38,118,0,156,395,0,395,551
12/21/2022,CHD,AZ,AWP,CE,Federal Contract Tower,0,5,6,0,11,0,43,132,0,175,0,48,138,0,186,256,2,258,444
12/22/2022,CHD,AZ,AWP,CE,Federal Contract Tower,0,6,6,0,12,0,45,142,2,189,0,51,148,2,201,396,0,396,597
12/23/2022,CHD,AZ,AWP,CE,Federal Contract Tower,0,3,9,0,12,0,14,134,0,148,0,17,143,0,160,297,0,297,457
12/24/2022,CHD,AZ,AWP,CE,Federal Contract Tower,0,3,8,0,11,0,18,101,0,119,0,21,109,0,130,141,0,141,271
12/25/2022,CHD,AZ,AWP,CE,Federal Contract Tower,0,0,1,0,1,0,2,25,0,27,0,2,26,0,28,40,0,40,68
12/26/2022,CHD,AZ,AWP,CE,Federal Contract Tower,0,3,19,0,22,0,4,138,0,142,0,7,157,0,164,175,0,175,339
12/27/2022,CHD,AZ,AWP,CE,Federal Contract Tower,0,3,19,0,22,0,34,160,0,194,0,37,179,0,216,176,0,176,392
12/28/2022,CHD,AZ,AWP,CE,Federal Contract Tower,0,3,5,0,8,0,4,4,0,8,0,7,9,0,16,48,0,48,64
12/29/2022,CHD,AZ,AWP,CE,Federal Contract Tower,0,3,10,0,13,0,26,129,0,155,0,29,139,0,168,292,0,292,460
12/30/2022,CHD,AZ,AWP,CE,Federal Contract Tower,0,10,11,0,21,0,12,25,0,37,0,22,36,0,58,175,0,175,233
12/31/2022,CHD,AZ,AWP,CE,Federal Contract Tower,0,2,12,0,14,0,24,162,0,186,0,26,174,0,200,284,0,284,484
01/01/2023,CHD,AZ,AWP,CE,Federal Contract Tower,0,1,5,0,6,0,0,2,0,2,0,1,7,0,8,0,0,0,8
01/02/2023,CHD,AZ,AWP,CE,Federal Contract Tower,0,1,6,0,7,0,13,92,0,105,0,14,98,0,112,274,0,274,386
01/03/2023,CHD,AZ,AWP,CE,Federal Contract Tower,0,4,6,0,10,0,32,97,0,129,0,36,103,0,139,356,0,356,495
01/04/2023,CHD,AZ,AWP,CE,Federal Contract Tower,0,8,14,0,22,0,41,153,0,194,0,49,167,0,216,496,0,496,712
01/05/2023,CHD,AZ,AWP,CE,Federal Contract Tower,0,8,17,0,25,0,29,182,0,211,0,37,199,0,236,489,0,489,725
01/06/2023,CHD,AZ,AWP,CE,Federal Contract Tower,0,2,11,0,13,0,51,156,0,207,0,53,167,0,220,475,0,475,695
01/07/2023,CHD,AZ,AWP,CE,Federal Contract Tower,0,4,11,0,15,0,41,220,0,261,0,45,231,0,276,428,0,428,704
01/08/2023,CHD,AZ,AWP,CE,Federal Contract Tower,0,1,10,0,11,0,33,171,0,204,0,34,181,0,215,224,0,224,439
01/09/2023,CHD,AZ,AWP,CE,Federal Contract Tower,0,7,17,0,24,0,28,183,0,211,0,35,200,0,235,310,0,310,545
01/10/2023,CHD,AZ,AWP,CE,Federal Contract Tower,0,7,12,0,19,0,37,194,0,231,0,44,206,0,250,458,0,458,708
01/11/2023,CHD,AZ,AWP,CE,Federal Contract Tower,0,1,8,0,9,0,41,130,0,171,0,42,138,0,180,436,0,436,616
01/12/2023,CHD,AZ,AWP,CE,Federal Contract Tower,0,0,13,0,13,0,55,173,0,228,0,55,186,0,241,308,0,308,549
01/13/2023,CHD,AZ,AWP,CE,Federal Contract Tower,0,12,11,0,23,0,42,192,0,234,0,54,203,0,257,394,0,394,651
01/14/2023,CHD,AZ,AWP,CE,Federal Contract Tower,0,1,5,0,6,0,57,170,0,227,0,58,175,0,233,322,0,322,555
01/15/2023,CHD,AZ,AWP,CE,Federal Contract Tower,0,0,5,0,5,0,4,44,0,48,0,4,49,0,53,219,0,219,272
01/16/2023,CHD,AZ,AWP,CE,Federal Contract Tower,0,8,10,0,18,0,6,30,0,36,0,14,40,0,54,155,0,155,209
01/17/2023,CHD,AZ,AWP,CE,Federal Contract Tower,0,3,6,0,9,0,25,150,0,175,0,28,156,0,184,417,0,417,601
01/18/2023,CHD,AZ,AWP,CE,Federal Contract Tower,0,3,9,0,12,0,44,211,0,255,0,47,220,0,267,564,0,564,831
01/19/2023,CHD,AZ,AWP,CE,Federal Contract Tower,0,0,20,0,20,0,45,216,0,261,0,45,236,0,281,541,0,541,822
01/20/2023,CHD,AZ,AWP,CE,Federal Contract Tower,0,2,5,0,7,0,38,214,0,252,0,40,219,0,259,459,0,459,718
01/21/2023,CHD,AZ,AWP,CE,Federal Contract Tower,0,5,7,0,12,0,51,198,0,249,0,56,205,0,261,372,0,372,633
01/22/2023,CHD,AZ,AWP,CE,Federal Contract Tower,0,0,5,0,5,0,22,140,0,162,0,22,145,0,167,203,0,203,370
01/23/2023,CHD,AZ,AWP,CE,Federal Contract Tower,0,1,8,0,9,0,38,173,0,211,0,39,181,0,220,523,0,523,743
01/24/2023,CHD,AZ,AWP,CE,Federal Contract Tower,0,0,7,0,7,0,56,207,0,263,0,56,214,0,270,528,0,528,798
01/25/2023,CHD,AZ,AWP,CE,Federal Contract Tower,0,4,7,0,11,0,42,206,0,248,0,46,213,0,259,617,0,617,876
01/26/2023,CHD,AZ,AWP,CE,Federal Contract Tower,0,15,6,0,21,0,70,166,0,236,0,85,172,0,257,553,0,553,810
01/27/2023,CHD,AZ,AWP,CE,Federal Contract Tower,0,8,17,0,25,0,75,240,0,315,0,83,257,0,340,389,0,389,729
01/28/2023,CHD,AZ,AWP,CE,Federal Contract Tower,0,1,2,0,3,0,48,213,0,261,0,49,215,0,264,338,0,338,602
01/29/2023,CHD,AZ,AWP,CE,Federal Contract Tower,0,6,5,0,11,0,29,159,0,188,0,35,164,0,199,202,0,202,401
01/30/2023,CHD,AZ,AWP,CE,Federal Contract Tower,0,1,5,0,6,0,25,158,0,183,0,26,163,0,189,279,0,279,468
01/31/2023,CHD,AZ,AWP,CE,Federal Contract Tower,0,3,13,0,16,0,37,110,0,147,0,40,123,0,163,629,0,629,792
02/01/2023,CHD,AZ,AWP,CE,Federal Contract Tower,0,4,11,0,15,0,52,194,0,246,0,56,205,0,261,573,0,573,834
02/02/2023,CHD,AZ,AWP,CE,Federal Contract Tower,0,6,12,0,18,0,57,206,2,265,0,63,218,2,283,541,0,541,824
02/03/2023,CHD,AZ,AWP,CE,Federal Contract Tower,0,4,10,0,14,0,39,216,0,255,0,43,226,0,269,582,0,582,851
02/04/2023,CHD,AZ,AWP,CE,Federal Contract Tower,0,2,4,0,6,0,51,196,0,247,0,53,200,0,253,591,0,591,844
02/05/2023,CHD,AZ,AWP,CE,Federal Contract Tower,0,4,6,0,10,0,31,170,0,201,0,35,176,0,211,407,0,407,618
02/06/2023,CHD,AZ,AWP,CE,Federal Contract Tower,0,4,17,0,21,0,43,185,3,231,0,47,202,3,252,604,0,604,856
02/07/2023,CHD,AZ,AWP,CE,Federal Contract Tower,0,8,18,0,26,0,53,238,1,292,0,61,256,1,318,594,0,594,912
02/08/2023,CHD,AZ,AWP,CE,Federal Contract Tower,0,2,9,0,11,0,63,268,0,331,0,65,277,0,342,512,0,512,854
02/09/2023,CHD,AZ,AWP,CE,Federal Contract Tower,0,11,10,0,21,0,74,242,0,316,0,85,252,0,337,491,0,491,828
02/10/2023,CHD,AZ,AWP,CE,Federal Contract Tower,0,10,14,0,24,0,53,177,0,230,0,63,191,0,254,364,0,364,618
02/11/2023,CHD,AZ,AWP,CE,Federal Contract Tower,0,9,7,0,16,0,36,104,0,140,0,45,111,0,156,231,0,231,387
02/12/2023,CHD,AZ,AWP,CE,Federal Contract Tower,0,8,11,0,19,0,28,63,0,91,0,36,74,0,110,109,0,109,219
02/13/2023,CHD,AZ,AWP,CE,Federal Contract Tower,0,24,29,0,53,0,19,122,0,141,0,43,151,0,194,320,0,320,514
02/14/2023,CHD,AZ,AWP,CE,Federal Contract Tower,0,1,4,0,5,0,20,53,0,73,0,21,57,0,78,132,0,132,210
02/15/2023,CHD,AZ,AWP,CE,Federal Contract Tower,0,3,8,0,11,0,40,233,0,273,0,43,241,0,284,686,0,686,970
02/16/2023,CHD,AZ,AWP,CE,Federal Contract Tower,0,9,18,0,27,0,80,274,2,356,0,89,292,2,383,529,9,538,921
02/17/2023,CHD,AZ,AWP,CE,Federal Contract Tower,0,9,12,0,21,0,64,156,2,222,0,73,168,2,243,641,0,641,884
02/18/2023,CHD,AZ,AWP,CE,Federal Contract Tower,0,6,4,0,10,0,47,256,0,303,0,53,260,0,313,355,0,355,668
02/19/2023,CHD,AZ,AWP,CE,Federal Contract Tower,0,4,9,0,13,0,31,159,0,190,0,35,168,0,203,320,0,320,523
02/20/2023,CHD,AZ,AWP,CE,Federal Contract Tower,0,8,18,0,26,0,38,245,0,283,0,46,263,0,309,449,0,449,758
02/21/2023,CHD,AZ,AWP,CE,Federal Contract Tower,0,3,10,0,13,0,26,110,0,136,0,29,120,0,149,531,0,531,680
02/22/2023,CHD,AZ,AWP,CE,Federal Contract Tower,0,0,2,0,2,0,2,0,0,2,0,2,2,0,4,2,0,2,6
02/23/2023,CHD,AZ,AWP,CE,Federal Contract Tower,0,4,10,0,14,0,52,185,0,237,0,56,195,0,251,750,0,750,1001
02/24/2023,CHD,AZ,AWP,CE,Federal Contract Tower,0,3,11,0,14,0,77,201,0,278,0,80,212,0,292,720,0,720,1012
02/25/2023,CHD,AZ,AWP,CE,Federal Contract Tower,0,4,8,0,12,0,47,188,0,235,0,51,196,0,247,596,0,596,843
02/26/2023,CHD,AZ,AWP,CE,Federal Contract Tower,0,4,3,0,7,0,11,105,0,116,0,15,108,0,123,284,0,284,407
02/27/2023,CHD,AZ,AWP,CE,Federal Contract Tower,0,9,6,1,16,0,47,214,1,262,0,56,220,2,278,690,0,690,968
02/28/2023,CHD,AZ,AWP,CE,Federal Contract Tower,0,2,5,0,7,0,35,218,0,253,0,37,223,0,260,834,0,834,1094
03/01/2023,CHD,AZ,AWP,CE,Federal Contract Tower,0,2,11,0,13,0,27,69,0,96,0,29,80,0,109,334,0,334,443
03/02/2023,CHD,AZ,AWP,CE,Federal Contract Tower,0,3,21,0,24,0,74,162,0,236,0,77,183,0,260,687,0,687,947
03/03/2023,CHD,AZ,AWP,CE,Federal Contract Tower,0,7,17,0,24,0,77,238,0,315,0,84,255,0,339,741,0,741,1080
03/04/2023,CHD,AZ,AWP,CE,Federal Contract Tower,0,5,5,0,10,0,50,205,0,255,0,55,210,0,265,576,0,576,841
03/05/2023,CHD,AZ,AWP,CE,Federal Contract Tower,0,4,4,0,8,0,41,187,0,228,0,45,191,0,236,305,0,305,541
03/06/2023,CHD,AZ,AWP,CE,Federal Contract Tower,0,3,5,0,8,0,25,175,0,200,0,28,180,0,208,489,0,489,697
03/07/2023,CHD,AZ,AWP,CE,Federal Contract Tower,0,2,5,0,7,0,44,184,0,228,0,46,189,0,235,617,0,617,852
03/08/2023,CHD,AZ,AWP,CE,Federal Contract Tower,0,4,3,0,7,0,36,160,0,196,0,40,163,0,203,611,0,611,814
03/09/2023,CHD,AZ,AWP,CE,Federal Contract Tower,0,6,8,0,14,0,41,194,0,235,0,47,202,0,249,632,0,632,881
03/10/2023,CHD,AZ,AWP,CE,Federal Contract Tower,0,0,6,0,6,0,50,197,0,247,0,50,203,0,253,572,0,572,825
03/11/2023,CHD,AZ,AWP,CE,Federal Contract Tower,0,4,1,0,5,0,52,188,0,240,0,56,189,0,245,436,0,436,681
03/12/2023,CHD,AZ,AWP,CE,Federal Contract Tower,0,2,8,0,10,0,31,99,0,130,0,33,107,0,140,166,0,166,306
03/13/2023,CHD,AZ,AWP,CE,Federal Contract Tower,0,1,3,0,4,0,52,135,0,187,0,53,138,0,191,559,0,559,750
03/14/2023,CHD,AZ,AWP,CE,Federal Contract Tower,0,5,8,0,13,0,55,165,0,220,0,60,173,0,233,611,0,611,844
03/15/2023,CHD,AZ,AWP,CE,Federal Contract Tower,0,6,18,0,24,0,35,95,0,130,0,41,113,0,154,245,0,245,399
03/16/2023,CHD,AZ,AWP,CE,Federal Contract Tower,0,6,14,0,20,0,42,208,0,250,0,48,222,0,270,600,0,600,870
03/17/2023,CHD,AZ,AWP,CE,Federal Contract Tower,0,10,12,0,22,0,62,217,0,279,0,72,229,0,301,227,0,227,528
03/18/2023,CHD,AZ,AWP,CE,Federal Contract Tower,0,14,19,0,33,0,54,152,0,206,0,68,171,0,239,301,0,301,540
03/19/2023,CHD,AZ,AWP,CE,Federal Contract Tower,0,8,12,0,20,0,28,109,0,137,0,36,121,0,157,184,0,184,341
03/20/2023,CHD,AZ,AWP,CE,Federal Contract Tower,0,6,12,0,18,0,40,194,0,234,0,46,206,0,252,420,0,420,672
03/21/2023,CHD,AZ,AWP,CE,Federal Contract Tower,0,5,5,0,10,0,17,122,0,139,0,22,127,0,149,234,0,234,383
03/22/2023,CHD,AZ,AWP,CE,Federal Contract Tower,0,3,11,0,14,0,25,133,0,158,0,28,144,0,172,296,0,296,468
03/23/2023,CHD,AZ,AWP,CE,Federal Contract Tower,0,5,14,0,19,0,55,274,0,329,0,60,288,0,348,465,0,465,813
03/24/2023,CHD,AZ,AWP,CE,Federal Contract Tower,0,2,7,0,9,0,67,262,0,329,0,69,269,0,338,527,0,527,865
03/25/2023,CHD,AZ,AWP,CE,Federal Contract Tower,0,4,8,0,12,0,65,213,0,278,0,69,221,0,290,494,0,494,784
03/26/2023,CHD,AZ,AWP,CE,Federal Contract Tower,0,4,10,0,14,0,26,148,0,174,0,30,158,0,188,169,0,169,357
03/27/2023,CHD,AZ,AWP,CE,Federal Contract Tower,0,7,14,0,21,0,51,214,0,265,0,58,228,0,286,723,0,723,1009
03/28/2023,CHD,AZ,AWP,CE,Federal Contract Tower,0,6,6,0,12,0,58,213,0,271,0,64,219,0,283,738,0,738,1021
03/29/2023,CHD,AZ,AWP,CE,Federal Contract Tower,0,4,7,0,11,0,41,181,0,222,0,45,188,0,233,731,0,731,964
03/30/2023,CHD,AZ,AWP,CE,Federal Contract Tower,0,2,14,0,16,0,21,103,4,128,0,23,117,4,144,724,0,724,868
03/31/2023,CHD,AZ,AWP,CE,Federal Contract Tower,0,5,6,0,11,0,70,217,0,287,0,75,223,0,298,612,0,612,910
04/01/2023,CHD,AZ,AWP,CE,Federal Contract Tower,0,4,10,0,14,0,46,192,0,238,0,50,202,0,252,419,0,419,671
04/02/2023,CHD,AZ,AWP,CE,Federal Contract Tower,0,6,11,0,17,0,42,181,0,223,0,48,192,0,240,384,0,384,624
04/03/2023,CHD,AZ,AWP,CE,Federal Contract Tower,0,3,6,0,9,0,40,80,0,120,0,43,86,0,129,310,0,310,439
04/04/2023,CHD,AZ,AWP,CE,Federal Contract Tower,0,4,5,0,9,0,15,93,0,108,0,19,98,0,117,214,0,214,331
04/05/2023,CHD,AZ,AWP,CE,Federal Contract Tower,0,11,4,0,15,0,60,231,0,291,0,71,235,0,306,463,0,463,769
04/06/2023,CHD,AZ,AWP,CE,Federal Contract Tower,0,5,11,0,16,0,46,224,0,270,0,51,235,0,286,644,0,644,930
04/07/2023,CHD,AZ,AWP,CE,Federal Contract Tower,0,2,5,0,7,0,62,204,0,266,0,64,209,0,273,516,0,516,789
04/08/2023,CHD,AZ,AWP,CE,Federal Contract Tower,0,0,3,0,3,0,63,207,0,270,0,63,210,0,273,279,0,279,552
04/09/2023,CHD,AZ,AWP,CE,Federal Contract Tower,0,1,7,0,8,0,48,91,0,139,0,49,98,0,147,214,0,214,361
04/10/2023,CHD,AZ,AWP,CE,Federal Contract Tower,0,11,13,0,24,0,47,144,0,191,0,58,157,0,215,661,0,661,876
04/11/2023,CHD,AZ,AWP,CE,Federal Contract Tower,0,2,11,0,13,0,40,165,0,205,0,42,176,0,218,475,0,475,693
04/12/2023,CHD,AZ,AWP,CE,Federal Contract Tower,0,3,6,0,9,0,57,211,2,270,0,60,217,2,279,635,8,643,922
04/13/2023,CHD,AZ,AWP,CE,Federal Contract Tower,0,2,8,0,10,0,64,151,0,215,0,66,159,0,225,390,0,390,615
04/14/2023,CHD,AZ,AWP,CE,Federal Contract Tower,0,3,6,0,9,0,101,250,0,351,0,104,256,0,360,556,0,556,916
04/15/2023,CHD,AZ,AWP,CE,Federal Contract Tower,0,3,3,0,6,0,72,246,0,318,0,75,249,0,324,488,0,488,812
04/16/2023,CHD,AZ,AWP,CE,Federal Contract Tower,0,2,12,0,14,0,52,183,0,235,0,54,195,0,249,263,0,263,512
04/17/2023,CHD,AZ,AWP,CE,Federal Contract Tower,0,3,7,0,10,0,35,168,0,203,0,38,175,0,213,536,0,536,749
04/18/2023,CHD,AZ,AWP,CE,Federal Contract Tower,0,3,7,0,10,0,52,197,0,249,0,55,204,0,259,565,0,565,824
04/19/2023,CHD,AZ,AWP,CE,Federal Contract Tower,0,4,5,0,9,0,52,176,0,228,0,56,181,0,237,417,0,417,654
04/20/2023,CHD,AZ,AWP,CE,Federal Contract Tower,0,10,5,0,15,0,55,248,0,303,0,65,253,0,318,669,0,669,987
04/21/2023,CHD,AZ,AWP,CE,Federal Contract Tower,0,4,9,0,13,0,66,207,0,273,0,70,216,0,286,543,0,543,829
04/22/2023,CHD,AZ,AWP,CE,Federal Contract Tower,0,3,6,0,9,0,67,195,0,262,0,70,201,0,271,357,0,357,628
04/23/2023,CHD,AZ,AWP,CE,Federal Contract Tower,0,3,5,0,8,0,49,156,0,205,0,52,161,0,213,275,0,275,488
04/24/2023,CHD,AZ,AWP,CE,Federal Contract Tower,0,2,8,0,10,0,41,136,0,177,0,43,144,0,187,440,0,440,627
04/25/2023,CHD,AZ,AWP,CE,Federal Contract Tower,0,5,7,0,12,0,47,145,0,192,0,52,152,0,204,562,0,562,766
04/26/2023,CHD,AZ,AWP,CE,Federal Contract Tower,0,4,15,0,19,0,52,203,2,257,0,56,218,2,276,576,0,576,852
04/27/2023,CHD,AZ,AWP,CE,Federal Contract Tower,0,5,14,0,19,0,43,206,0,249,0,48,220,0,268,532,0,532,800
04/28/2023,CHD,AZ,AWP,CE,Federal Contract Tower,0,2,6,0,8,0,62,156,0,218,0,64,162,0,226,7,0,7,233
04/29/2023,CHD,AZ,AWP,CE,Federal Contract Tower,0,1,6,0,7,0,68,145,0,213,0,69,151,0,220,16,0,16,236
04/30/2023,CHD,AZ,AWP,CE,Federal Contract Tower,0,4,6,0,10,0,34,148,0,182,0,38,154,0,192,0,0,0,192
05/01/2023,CHD,AZ,AWP,CE,Federal Contract Tower,0,4,9,0,13,0,33,88,0,121,0,37,97,0,134,3,0,3,137
05/02/2023,CHD,AZ,AWP,CE,Federal Contract Tower,0,0,12,0,12,0,53,175,0,228,0,53,187,0,240,11,0,11,251
05/03/2023,CHD,AZ,AWP,CE,Federal Contract Tower,0,5,14,0,19,0,35,147,0,182,0,40,161,0,201,5,0,5,206
05/04/2023,CHD,AZ,AWP,CE,Federal Contract Tower,0,5,5,0,10,0,37,175,0,212,0,42,180,0,222,11,0,11,233
05/05/2023,CHD,AZ,AWP,CE,Federal Contract Tower,0,3,1,0,4,0,47,221,0,268,0,50,222,0,272,3,0,3,275
05/06/2023,CHD,AZ,AWP,CE,Federal Contract Tower,0,1,2,0,3,0,44,185,0,229,0,45,187,0,232,8,0,8,240
05/07/2023,CHD,AZ,AWP,CE,Federal Contract Tower,0,0,7,0,7,0,42,139,0,181,0,42,146,0,188,4,0,4,192
05/08/2023,CHD,AZ,AWP,CE,Federal Contract Tower,0,8,12,0,20,0,42,155,0,197,0,50,167,0,217,4,0,4,221
05/09/2023,CHD,AZ,AWP,CE,Federal Contract Tower,0,1,11,0,12,0,25,186,2,213,0,26,197,2,225,393,8,401,626
05/10/2023,CHD,AZ,AWP,CE,Federal Contract Tower,0,6,6,0,12,0,46,128,0,174,0,52,134,0,186,755,0,755,941
05/11/2023,CHD,AZ,AWP,CE,Federal Contract Tower,0,3,13,0,16,0,57,193,0,250,0,60,206,0,266,672,0,672,938
05/12/2023,CHD,AZ,AWP,CE,Federal Contract Tower,0,2,7,0,9,0,53,137,1,191,0,55,144,1,200,516,0,516,716
05/13/2023,CHD,AZ,AWP,CE,Federal Contract Tower,0,3,6,0,9,0,48,154,0,202,0,51,160,0,211,475,0,475,686
05/14/2023,CHD,AZ,AWP,CE,Federal Contract Tower,0,4,7,0,11,0,28,60,0,88,0,32,67,0,99,176,0,176,275
05/15/2023,CHD,AZ,AWP,CE,Federal Contract Tower,0,7,11,0,18,0,33,143,0,176,0,40,154,0,194,411,0,411,605
05/16/2023,CHD,AZ,AWP,CE,Federal Contract Tower,0,1,12,0,13,0,27,121,0,148,0,28,133,0,161,584,0,584,745
05/17/2023,CHD,AZ,AWP,CE,Federal Contract Tower,0,8,7,0,15,0,52,174,0,226,0,60,181,0,241,532,0,532,773
05/18/2023,CHD,AZ,AWP,CE,Federal Contract Tower,0,9,9,0,18,0,48,148,0,196,0,57,157,0,214,620,0,620,834
05/19/2023,CHD,AZ,AWP,CE,Federal Contract Tower,0,3,10,0,13,0,65,160,0,225,0,68,170,0,238,500,0,500,738
05/20/2023,CHD,AZ,AWP,CE,Federal Contract Tower,0,3,6,0,9,0,48,196,0,244,0,51,202,0,253,339,0,339,592
05/21/2023,CHD,AZ,AWP,CE,Federal Contract Tower,0,5,16,0,21,0,45,144,0,189,0,50,160,0,210,262,0,262,472
05/22/2023,CHD,AZ,AWP,CE,Federal Contract Tower,0,12,15,0,27,0,30,133,0,163,0,42,148,0,190,473,0,473,663
05/23/2023,CHD,AZ,AWP,CE,Federal Contract Tower,0,1,5,0,6,0,40,155,0,195,0,41,160,0,201,485,0,485,686
05/24/2023,CHD,AZ,AWP,CE,Federal Contract Tower,0,7,3,0,10,0,49,166,0,215,0,56,169,0,225,452,0,452,677
05/25/2023,CHD,AZ,AWP,CE,Federal Contract Tower,0,4,11,0,15,0,66,159,0,225,0,70,170,0,240,339,0,339,579
05/26/2023,CHD,AZ,AWP,CE,Federal Contract Tower,0,4,8,0,12,0,65,156,0,221,0,69,164,0,233,392,0,392,625
05/27/2023,CHD,AZ,AWP,CE,Federal Contract Tower,0,1,4,0,5,0,44,161,0,205,0,45,165,0,210,424,0,424,634
05/28/2023,CHD,AZ,AWP,CE,Federal Contract Tower,0,6,5,0,11,0,43,153,0,196,0,49,158,0,207,229,0,229,436
05/29/2023,CHD,AZ,AWP,CE,Federal Contract Tower,0,1,8,0,9,0,36,119,0,155,0,37,127,0,164,205,0,205,369
05/30/2023,CHD,AZ,AWP,CE,Federal Contract Tower,0,2,11,0,13,0,34,160,0,194,0,36,171,0,207,453,0,453,660
05/31/2023,CHD,AZ,AWP,CE,Federal Contract Tower,0,0,6,0,6,0,37,192,0,229,0,37,198,0,235,386,0,386,621
06/01/2023,CHD,AZ,AWP,CE,Federal Contract Tower,0,1,5,0,6,0,44,217,0,261,0,45,222,0,267,654,0,654,921
06/02/2023,CHD,AZ,AWP,CE,Federal Contract Tower,0,3,3,0,6,0,51,183,0,234,0,54,186,0,240,575,0,575,815
06/03/2023,CHD,AZ,AWP,CE,Federal Contract Tower,0,2,4,0,6,0,44,171,0,215,0,46,175,0,221,353,0,353,574
06/04/2023,CHD,AZ,AWP,CE,Federal Contract Tower,0,7,6,0,13,0,41,113,0,154,0,48,119,0,167,136,0,136,303
06/05/2023,CHD,AZ,AWP,CE,Federal Contract Tower,0,6,2,0,8,0,42,137,0,179,0,48,139,0,187,519,0,519,706
06/06/2023,CHD,AZ,AWP,CE,Federal Contract Tower,0,4,6,0,10,0,27,178,0,205,0,31,184,0,215,409,0,409,624
06/07/2023,CHD,AZ,AWP,CE,Federal Contract Tower,0,1,4,0,5,0,40,183,0,223,0,41,187,0,228,552,0,552,780
06/08/2023,CHD,AZ,AWP,CE,Federal Contract Tower,0,6,10,0,16,0,46,163,0,209,0,52,173,0,225,595,0,595,820
06/09/2023,CHD,AZ,AWP,CE,Federal Contract Tower,0,2,3,0,5,0,60,171,0,231,0,62,174,0,236,503,0,503,739
06/10/2023,CHD,AZ,AWP,CE,Federal Contract Tower,0,9,3,0,12,0,46,189,0,235,0,55,192,0,247,427,0,427,674
06/11/2023,CHD,AZ,AWP,CE,Federal Contract Tower,0,4,3,0,7,0,32,76,0,108,0,36,79,0,115,241,0,241,356
06/12/2023,CHD,AZ,AWP,CE,Federal Contract Tower,0,5,3,0,8,0,71,148,0,219,0,76,151,0,227,558,0,558,785
06/13/2023,CHD,AZ,AWP,CE,Federal Contract Tower,0,2,3,0,5,0,44,223,0,267,0,46,226,0,272,628,0,628,900
06/14/2023,CHD,AZ,AWP,CE,Federal Contract Tower,0,3,1,0,4,0,43,199,0,242,0,46,200,0,246,38,0,38,284
06/15/2023,CHD,AZ,AWP,CE,Federal Contract Tower,0,4,2,0,6,0,59,205,0,264,0,63,207,0,270,86,0,86,356
06/16/2023,CHD,AZ,AWP,CE,Federal Contract Tower,0,7,10,0,17,0,43,161,0,204,0,50,171,0,221,227,0,227,448
06/17/2023,CHD,AZ,AWP,CE,Federal Contract Tower,0,1,6,0,7,0,24,157,0,181,0,25,163,0,188,391,0,391,579
06/18/2023,CHD,AZ,AWP,CE,Federal Contract Tower,0,5,4,0,9,0,39,89,0,128,0,44,93,0,137,229,0,229,366
06/19/2023,CHD,AZ,AWP,CE,Federal Contract Tower,0,0,6,0,6,0,61,132,0,193,0,61,138,0,199,472,0,472,671
06/20/2023,CHD,AZ,AWP,CE,Federal Contract Tower,0,2,7,0,9,0,57,181,0,238,0,59,188,0,247,553,0,553,800
06/21/2023,CHD,AZ,AWP,CE,Federal Contract Tower,0,1,4,0,5,0,43,180,0,223,0,44,184,0,228,472,0,472,700
06/22/2023,CHD,AZ,AWP,CE,Federal Contract Tower,0,4,7,0,11,0,60,191,0,251,0,64,198,0,262,512,0,512,774
06/23/2023,CHD,AZ,AWP,CE,Federal Contract Tower,0,4,7,0,11,0,68,150,0,218,0,72,157,0,229,561,0,561,790
06/24/2023,CHD,AZ,AWP,CE,Federal Contract Tower,0,2,6,0,8,0,46,162,0,208,0,48,168,0,216,415,0,415,631
06/25/2023,CHD,AZ,AWP,CE,Federal Contract Tower,0,1,9,0,10,0,49,125,0,174,0,50,134,0,184,239,0,239,423
06/26/2023,CHD,AZ,AWP,CE,Federal Contract Tower,0,2,12,0,14,0,57,159,0,216,0,59,171,0,230,470,0,470,700
06/27/2023,CHD,AZ,AWP,CE,Federal Contract Tower,0,5,2,0,7,0,44,174,0,218,0,49,176,0,225,426,0,426,651
06/28/2023,CHD,AZ,AWP,CE,Federal Contract Tower,0,2,11,0,13,0,36,148,5,189,0,38,159,5,202,245,0,245,447
06/29/2023,CHD,AZ,AWP,CE,Federal Contract Tower,0,7,12,0,19,0,54,189,0,243,0,61,201,0,262,459,0,459,721
06/30/2023,CHD,AZ,AWP,CE,Federal Contract Tower,0,3,10,0,13,0,58,170,0,228,0,61,180,0,241,486,0,486,727
07/01/2023,CHD,AZ,AWP,CE,Federal Contract Tower,0,1,7,0,8,0,39,113,0,152,0,40,120,0,160,280,0,280,440
07/02/2023,CHD,AZ,AWP,CE,Federal Contract Tower,0,3,3,0,6,0,39,57,0,96,0,42,60,0,102,241,0,241,343
07/03/2023,CHD,AZ,AWP,CE,Federal Contract Tower,0,4,4,0,8,0,63,58,0,121,0,67,62,0,129,343,0,343,472
07/04/2023,CHD,AZ,AWP,CE,Federal Contract Tower,0,2,4,0,6,0,50,60,0,110,0,52,64,0,116,156,0,156,272
07/05/2023,CHD,AZ,AWP,CE,Federal Contract Tower,0,4,3,0,7,0,50,135,0,185,0,54,138,0,192,467,0,467,659
07/06/2023,CHD,AZ,AWP,CE,Federal Contract Tower,0,3,4,0,7,0,45,164,0,209,0,48,168,0,216,472,0,472,688
07/07/2023,CHD,AZ,AWP,CE,Federal Contract Tower,0,2,8,0,10,0,56,166,0,222,0,58,174,0,232,433,0,433,665
07/08/2023,CHD,AZ,AWP,CE,Federal Contract Tower,0,1,5,0,6,0,63,148,0,211,0,64,153,0,217,412,0,412,629
07/09/2023,CHD,AZ,AWP,CE,Federal Contract Tower,0,1,5,0,6,0,44,121,0,165,0,45,126,0,171,411,0,411,582
07/10/2023,CHD,AZ,AWP,CE,Federal Contract Tower,0,0,7,0,7,0,67,129,0,196,0,67,136,0,203,482,0,482,685
07/11/2023,CHD,AZ,AWP,CE,Federal Contract Tower,0,2,8,0,10,0,30,130,0,160,0,32,138,0,170,461,0,461,631
07/12/2023,CHD,AZ,AWP,CE,Federal Contract Tower,0,7,9,0,16,0,52,136,0,188,0,59,145,0,204,528,0,528,732
07/13/2023,CHD,AZ,AWP,CE,Federal Contract Tower,0,3,9,0,12,0,43,137,0,180,0,46,146,0,192,351,0,351,543
07/14/2023,CHD,AZ,AWP,CE,Federal Contract Tower,0,9,4,0,13,0,57,123,0,180,0,66,127,0,193,455,0,455,648
07/15/2023,CHD,AZ,AWP,CE,Federal Contract Tower,0,7,5,0,12,0,48,145,0,193,0,55,150,0,205,224,0,224,429
07/16/2023,CHD,AZ,AWP,CE,Federal Contract Tower,0,7,5,0,12,0,47,100,0,147,0,54,105,0,159,249,0,249,408
07/17/2023,CHD,AZ,AWP,CE,Federal Contract Tower,0,5,8,0,13,0,40,138,0,178,0,45,146,0,191,436,0,436,627
07/18/2023,CHD,AZ,AWP,CE,Federal Contract Tower,0,4,4,0,8,0,49,151,0,200,0,53,155,0,208,434,0,434,642
07/19/2023,CHD,AZ,AWP,CE,Federal Contract Tower,0,4,5,0,9,0,47,142,0,189,0,51,147,0,198,386,0,386,584
07/20/2023,CHD,AZ,AWP,CE,Federal Contract Tower,0,7,10,0,17,0,41,167,0,208,0,48,177,0,225,486,0,486,711
07/21/2023,CHD,AZ,AWP,CE,Federal Contract Tower,0,6,5,0,11,0,40,117,42,199,0,46,122,42,210,376,0,376,586
07/22/2023,CHD,AZ,AWP,CE,Federal Contract Tower,0,2,0,0,2,0,49,99,0,148,0,51,99,0,150,396,0,396,546
07/23/2023,CHD,AZ,AWP,CE,Federal Contract Tower,0,1,4,0,5,0,36,99,0,135,0,37,103,0,140,289,0,289,429
07/24/2023,CHD,AZ,AWP,CE,Federal Contract Tower,0,4,7,0,11,0,39,118,0,157,0,43,125,0,168,357,0,357,525
07/25/2023,CHD,AZ,AWP,CE,Federal Contract Tower,0,4,2,0,6,0,60,140,0,200,0,64,142,0,206,436,0,436,642
07/26/2023,CHD,AZ,AWP,CE,Federal Contract Tower,0,3,4,0,7,0,45,143,0,188,0,48,147,0,195,481,0,481,676
07/27/2023,CHD,AZ,AWP,CE,Federal Contract Tower,0,1,5,0,6,0,59,138,0,197,0,60,143,0,203,447,0,447,650
07/28/2023,CHD,AZ,AWP,CE,Federal Contract Tower,0,4,8,0,12,0,65,111,0,176,0,69,119,0,188,355,0,355,543
07/30/2023,CHD,AZ,AWP,CE,Federal Contract Tower,0,7,7,0,14,0,30,100,0,130,0,37,107,0,144,292,0,292,436
07/31/2023,CHD,AZ,AWP,CE,Federal Contract Tower,0,6,7,0,13,0,38,150,0,188,0,44,157,0,201,373,0,373,574
08/01/2023,CHD,AZ,AWP,CE,Federal Contract Tower,0,6,5,0,11,0,37,133,0,170,0,43,138,0,181,358,0,358,539
08/02/2023,CHD,AZ,AWP,CE,Federal Contract Tower,0,6,4,0,10,0,43,112,0,155,0,49,116,0,165,376,0,376,541
08/03/2023,CHD,AZ,AWP,CE,Federal Contract Tower,0,4,4,0,8,0,52,138,0,190,0,56,142,0,198,561,0,561,759
08/04/2023,CHD,AZ,AWP,CE,Federal Contract Tower,0,5,5,0,10,0,59,120,0,179,0,64,125,0,189,478,0,478,667
08/05/2023,CHD,AZ,AWP,CE,Federal Contract Tower,0,1,2,0,3,0,49,123,0,172,0,50,125,0,175,327,0,327,502
08/06/2023,CHD,AZ,AWP,CE,Federal Contract Tower,0,6,5,0,11,0,38,95,0,133,0,44,100,0,144,169,0,169,313
08/07/2023,CHD,AZ,AWP,CE,Federal Contract Tower,0,4,5,0,9,0,41,105,0,146,0,45,110,0,155,309,0,309,464
08/08/2023,CHD,AZ,AWP,CE,Federal Contract Tower,0,9,2,0,11,0,33,101,0,134,0,42,103,0,145,349,0,349,494
08/09/2023,CHD,AZ,AWP,CE,Federal Contract Tower,0,6,2,0,8,0,49,142,0,191,0,55,144,0,199,461,0,461,660
08/10/2023,CHD,AZ,AWP,CE,Federal Contract Tower,0,4,5,0,9,0,65,77,0,142,0,69,82,0,151,465,0,465,616
08/11/2023,CHD,AZ,AWP,CE,Federal Contract Tower,0,5,5,0,10,0,60,98,0,158,0,65,103,0,168,339,0,339,507
08/12/2023,CHD,AZ,AWP,CE,Federal Contract Tower,0,1,2,0,3,0,49,153,0,202,0,50,155,0,205,380,0,380,585
08/13/2023,CHD,AZ,AWP,CE,Federal Contract Tower,0,3,2,0,5,0,37,111,0,148,0,40,113,0,153,350,0,350,503
08/14/2023,CHD,AZ,AWP,CE,Federal Contract Tower,0,14,8,0,22,0,51,134,0,185,0,65,142,0,207,434,0,434,641
08/15/2023,CHD,AZ,AWP,CE,Federal Contract Tower,0,17,9,0,26,0,34,145,0,179,0,51,154,0,205,409,0,409,614
08/16/2023,CHD,AZ,AWP,CE,Federal Contract Tower,0,5,3,0,8,0,47,178,0,225,0,52,181,0,233,451,0,451,684
08/17/2023,CHD,AZ,AWP,CE,Federal Contract Tower,0,1,4,0,5,0,42,123,1,166,0,43,127,1,171,449,0,449,620
08/18/2023,CHD,AZ,AWP,CE,Federal Contract Tower,0,9,11,0,20,0,66,128,0,194,0,75,139,0,214,426,0,426,640
08/19/2023,CHD,AZ,AWP,CE,Federal Contract Tower,0,5,2,0,7,0,47,136,0,183,0,52,138,0,190,310,0,310,500
08/20/2023,CHD,AZ,AWP,CE,Federal Contract Tower,0,3,8,0,11,0,21,80,0,101,0,24,88,0,112,198,0,198,310
08/21/2023,CHD,AZ,AWP,CE,Federal Contract Tower,0,3,2,0,5,0,29,121,0,150,0,32,123,0,155,384,0,384,539
08/22/2023,CHD,AZ,AWP,CE,Federal Contract Tower,0,8,4,0,12,0,63,179,0,242,0,71,183,0,254,526,0,526,780
08/23/2023,CHD,AZ,AWP,CE,Federal Contract Tower,0,8,3,0,11,0,44,115,0,159,0,52,118,0,170,262,0,262,432
08/24/2023,CHD,AZ,AWP,CE,Federal Contract Tower,0,14,7,0,21,0,48,186,0,234,0,62,193,0,255,522,0,522,777
08/25/2023,CHD,AZ,AWP,CE,Federal Contract Tower,0,2,7,0,9,0,74,169,0,243,0,76,176,0,252,479,0,479,731
08/26/2023,CHD,AZ,AWP,CE,Federal Contract Tower,0,6,5,0,11,0,69,131,0,200,0,75,136,0,211,383,0,383,594
08/27/2023,CHD,AZ,AWP,CE,Federal Contract Tower,0,5,10,0,15,0,40,133,0,173,0,45,143,0,188,288,0,288,476
08/28/2023,CHD,AZ,AWP,CE,Federal Contract Tower,0,1,5,0,6,0,51,141,0,192,0,52,146,0,198,447,0,447,645
08/29/2023,CHD,AZ,AWP,CE,Federal Contract Tower,0,9,5,0,14,0,64,156,0,220,0,73,161,0,234,464,0,464,698
08/30/2023,CHD,AZ,AWP,CE,Federal Contract Tower,0,5,6,0,11,0,41,136,0,177,0,46,142,0,188,551,0,551,739
08/31/2023,CHD,AZ,AWP,CE,Federal Contract Tower,0,7,7,0,14,0,51,171,0,222,0,58,178,0,236,505,0,505,741
01/01/2020,CHD,AZ,AWP,WE,Federal Contract Tower,0,0,5,0,5,0,3,95,0,98,0,3,100,0,103,72,0,72,175
01/02/2020,CHD,AZ,AWP,WE,Federal Contract Tower,0,0,8,0,8,0,12,187,0,199,0,12,195,0,207,304,0,304,511
01/03/2020,CHD,AZ,AWP,WE,Federal Contract Tower,0,0,4,0,4,0,7,135,0,142,0,7,139,0,146,314,0,314,460
01/04/2020,CHD,AZ,AWP,WE,Federal Contract Tower,0,0,6,0,6,0,2,228,0,230,0,2,234,0,236,297,0,297,533
01/05/2020,CHD,AZ,AWP,WE,Federal Contract Tower,0,0,6,0,6,0,3,159,0,162,0,3,165,0,168,170,0,170,338
01/06/2020,CHD,AZ,AWP,WE,Federal Contract Tower,0,0,13,0,13,0,2,193,0,195,0,2,206,0,208,283,0,283,491
01/07/2020,CHD,AZ,AWP,WE,Federal Contract Tower,0,0,7,0,7,0,0,205,0,205,0,0,212,0,212,340,0,340,552
01/08/2020,CHD,AZ,AWP,WE,Federal Contract Tower,0,0,8,0,8,0,10,192,0,202,0,10,200,0,210,338,0,338,548
01/09/2020,CHD,AZ,AWP,WE,Federal Contract Tower,0,4,5,0,9,0,8,173,0,181,0,12,178,0,190,301,0,301,491
01/10/2020,CHD,AZ,AWP,WE,Federal Contract Tower,0,5,7,0,12,0,7,189,0,196,0,12,196,0,208,369,0,369,577
01/11/2020,CHD,AZ,AWP,WE,Federal Contract Tower,0,0,8,0,8,0,5,202,0,207,0,5,210,0,215,278,0,278,493
01/12/2020,CHD,AZ,AWP,WE,Federal Contract Tower,0,1,6,0,7,0,6,172,0,178,0,7,178,0,185,259,0,259,444
01/13/2020,CHD,AZ,AWP,WE,Federal Contract Tower,0,0,28,0,28,0,8,184,0,192,0,8,212,0,220,423,0,423,643
01/14/2020,CHD,AZ,AWP,WE,Federal Contract Tower,0,2,25,1,28,0,13,203,0,216,0,15,228,1,244,524,0,524,768
01/15/2020,CHD,AZ,AWP,WE,Federal Contract Tower,0,0,27,1,28,0,16,247,0,263,0,16,274,1,291,509,0,509,800
01/16/2020,CHD,AZ,AWP,WE,Federal Contract Tower,0,3,33,0,36,0,4,194,1,199,0,7,227,1,235,478,3,481,716
01/17/2020,CHD,AZ,AWP,WE,Federal Contract Tower,0,1,17,0,18,0,15,184,0,199,0,16,201,0,217,661,0,661,878
01/18/2020,CHD,AZ,AWP,WE,Federal Contract Tower,0,2,18,0,20,0,11,268,0,279,0,13,286,0,299,478,0,478,777
01/19/2020,CHD,AZ,AWP,WE,Federal Contract Tower,0,3,11,0,14,0,2,194,0,196,0,5,205,0,210,320,0,320,530
01/20/2020,CHD,AZ,AWP,WE,Federal Contract Tower,0,1,27,0,28,0,13,234,0,247,0,14,261,0,275,577,0,577,852
01/21/2020,CHD,AZ,AWP,WE,Federal Contract Tower,0,3,12,0,15,0,12,93,0,105,0,15,105,0,120,571,0,571,691
01/22/2020,CHD,AZ,AWP,WE,Federal Contract Tower,0,3,20,0,23,0,5,154,0,159,0,8,174,0,182,463,0,463,645
01/23/2020,CHD,AZ,AWP,WE,Federal Contract Tower,0,7,9,0,16,0,9,226,0,235,0,16,235,0,251,507,0,507,758
01/24/2020,CHD,AZ,AWP,WE,Federal Contract Tower,0,4,15,0,19,0,11,260,0,271,0,15,275,0,290,552,0,552,842
01/25/2020,CHD,AZ,AWP,WE,Federal Contract Tower,0,1,9,0,10,0,6,277,0,283,0,7,286,0,293,607,0,607,900
01/26/2020,CHD,AZ,AWP,WE,Federal Contract Tower,0,2,15,0,17,0,4,193,0,197,0,6,208,0,214,338,0,338,552
01/27/2020,CHD,AZ,AWP,WE,Federal Contract Tower,0,2,17,0,19,0,13,231,0,244,0,15,248,0,263,726,0,726,989
01/28/2020,CHD,AZ,AWP,WE,Federal Contract Tower,0,3,14,2,19,0,17,260,0,277,0,20,274,2,296,682,0,682,978
01/29/2020,CHD,AZ,AWP,WE,Federal Contract Tower,0,1,35,0,36,0,12,225,0,237,0,13,260,0,273,596,0,596,869
01/30/2020,CHD,AZ,AWP,WE,Federal Contract Tower,0,2,20,0,22,0,10,227,0,237,0,12,247,0,259,411,0,411,670
01/31/2020,CHD,AZ,AWP,WE,Federal Contract Tower,0,2,12,0,14,0,11,287,0,298,0,13,299,0,312,746,0,746,1058
02/01/2020,CHD,AZ,AWP,CE,Federal Contract Tower,0,0,9,0,9,0,5,310,1,316,0,5,319,1,325,568,0,568,893
02/02/2020,CHD,AZ,AWP,CE,Federal Contract Tower,0,4,12,0,16,0,2,193,0,195,0,6,205,0,211,269,0,269,480
02/03/2020,CHD,AZ,AWP,CE,Federal Contract Tower,0,0,9,0,9,0,11,139,0,150,0,11,148,0,159,406,0,406,565
02/04/2020,CHD,AZ,AWP,CE,Federal Contract Tower,0,0,13,0,13,0,17,206,0,223,0,17,219,0,236,562,0,562,798
02/05/2020,CHD,AZ,AWP,CE,Federal Contract Tower,0,2,16,1,19,0,14,195,3,212,0,16,211,4,231,749,0,749,980
02/06/2020,CHD,AZ,AWP,CE,Federal Contract Tower,0,3,9,0,12,0,15,233,0,248,0,18,242,0,260,780,0,780,1040
02/07/2020,CHD,AZ,AWP,CE,Federal Contract Tower,0,5,28,0,33,0,12,249,0,261,0,17,277,0,294,559,0,559,853
02/08/2020,CHD,AZ,AWP,CE,Federal Contract Tower,0,1,6,0,7,0,7,248,0,255,0,8,254,0,262,545,0,545,807
02/09/2020,CHD,AZ,AWP,CE,Federal Contract Tower,0,2,12,0,14,0,1,111,0,112,0,3,123,0,126,192,0,192,318
02/10/2020,CHD,AZ,AWP,CE,Federal Contract Tower,0,2,9,0,11,0,11,153,0,164,0,13,162,0,175,489,0,489,664
02/11/2020,CHD,AZ,AWP,CE,Federal Contract Tower,0,5,19,0,24,0,13,164,0,177,0,18,183,0,201,735,0,735,936
02/12/2020,CHD,AZ,AWP,CE,Federal Contract Tower,0,4,15,0,19,0,18,250,0,268,0,22,265,0,287,782,0,782,1069
02/13/2020,CHD,AZ,AWP,CE,Federal Contract Tower,0,3,17,0,20,0,14,254,0,268,0,17,271,0,288,789,0,789,1077
02/14/2020,CHD,AZ,AWP,CE,Federal Contract Tower,0,3,23,0,26,0,16,271,0,287,0,19,294,0,313,775,0,775,1088
02/15/2020,CHD,AZ,AWP,CE,Federal Contract Tower,0,0,8,0,8,0,12,292,0,304,0,12,300,0,312,491,0,491,803
02/16/2020,CHD,AZ,AWP,CE,Federal Contract Tower,0,1,10,0,11,0,12,190,0,202,0,13,200,0,213,445,0,445,658
02/17/2020,CHD,AZ,AWP,CE,Federal Contract Tower,0,3,11,0,14,0,10,239,0,249,0,13,250,0,263,725,0,725,988
02/18/2020,CHD,AZ,AWP,CE,Federal Contract Tower,0,1,11,0,12,0,18,199,0,217,0,19,210,0,229,650,0,650,879
02/19/2020,CHD,AZ,AWP,CE,Federal Contract Tower,0,5,4,0,9,0,22,214,0,236,0,27,218,0,245,658,0,658,903
02/20/2020,CHD,AZ,AWP,CE,Federal Contract Tower,0,5,17,0,22,0,12,221,0,233,0,17,238,0,255,482,0,482,737
02/21/2020,CHD,AZ,AWP,CE,Federal Contract Tower,0,8,38,0,46,0,18,133,0,151,0,26,171,0,197,508,0,508,705
02/22/2020,CHD,AZ,AWP,CE,Federal Contract Tower,0,1,16,0,17,0,1,23,0,24,0,2,39,0,41,115,0,115,156
02/23/2020,CHD,AZ,AWP,CE,Federal Contract Tower,0,2,14,0,16,0,7,185,0,192,0,9,199,0,208,629,0,629,837
02/24/2020,CHD,AZ,AWP,CE,Federal Contract Tower,0,2,15,0,17,0,14,223,0,237,0,16,238,0,254,528,0,528,782
02/25/2020,CHD,AZ,AWP,CE,Federal Contract Tower,0,6,37,0,43,0,18,159,0,177,0,24,196,0,220,330,0,330,550
02/26/2020,CHD,AZ,AWP,CE,Federal Contract Tower,0,10,40,0,50,0,19,233,0,252,0,29,273,0,302,791,0,791,1093
02/27/2020,CHD,AZ,AWP,CE,Federal Contract Tower,0,2,37,0,39,0,16,225,0,241,0,18,262,0,280,683,0,683,963
02/28/2020,CHD,AZ,AWP,CE,Federal Contract Tower,0,1,47,0,48,0,9,236,0,245,0,10,283,0,293,596,0,596,889
02/29/2020,CHD,AZ,AWP,CE,Federal Contract Tower,0,0,27,0,27,0,7,335,0,342,0,7,362,0,369,671,0,671,1040
03/01/2020,CHD,AZ,AWP,CE,Federal Contract Tower,0,0,3,0,3,0,1,160,0,161,0,1,163,0,164,285,0,285,449
03/02/2020,CHD,AZ,AWP,CE,Federal Contract Tower,0,0,10,0,10,0,7,154,0,161,0,7,164,0,171,542,0,542,713
03/03/2020,CHD,AZ,AWP,CE,Federal Contract Tower,0,0,13,0,13,0,14,234,0,248,0,14,247,0,261,786,0,786,1047
03/04/2020,CHD,AZ,AWP,CE,Federal Contract Tower,0,15,0,0,15,0,10,215,0,225,0,25,215,0,240,545,0,545,785
03/05/2020,CHD,AZ,AWP,CE,Federal Contract Tower,0,0,33,0,33,0,4,251,0,255,0,4,284,0,288,611,0,611,899
03/06/2020,CHD,AZ,AWP,CE,Federal Contract Tower,0,2,30,0,32,0,8,165,0,173,0,10,195,0,205,411,0,411,616
03/07/2020,CHD,AZ,AWP,CE,Federal Contract Tower,0,3,6,0,9,0,9,261,0,270,0,12,267,0,279,441,0,441,720
03/08/2020,CHD,AZ,AWP,CE,Federal Contract Tower,0,3,6,0,9,0,0,139,0,139,0,3,145,0,148,328,0,328,476
03/09/2020,CHD,AZ,AWP,CE,Federal Contract Tower,0,0,11,0,11,0,9,249,0,258,0,9,260,0,269,528,0,528,797
03/10/2020,CHD,AZ,AWP,CE,Federal Contract Tower,0,0,26,0,26,0,8,185,0,193,0,8,211,0,219,479,0,479,698
03/11/2020,CHD,AZ,AWP,CE,Federal Contract Tower,0,1,32,0,33,0,2,52,0,54,0,3,84,0,87,299,0,299,386
03/12/2020,CHD,AZ,AWP,CE,Federal Contract Tower,0,4,18,0,22,0,0,81,0,81,0,4,99,0,103,316,0,316,419
03/13/2020,CHD,AZ,AWP,CE,Federal Contract Tower,0,3,9,0,12,0,5,111,0,116,0,8,120,0,128,389,0,389,517
03/14/2020,CHD,AZ,AWP,CE,Federal Contract Tower,0,2,9,0,11,0,7,320,0,327,0,9,329,0,338,668,0,668,1006
03/15/2020,CHD,AZ,AWP,CE,Federal Contract Tower,0,2,13,0,15,0,2,209,0,211,0,4,222,0,226,416,0,416,642
03/16/2020,CHD,AZ,AWP,CE,Federal Contract Tower,0,0,17,0,17,0,10,245,0,255,0,10,262,0,272,412,0,412,684
03/17/2020,CHD,AZ,AWP,CE,Federal Contract Tower,0,0,11,0,11,0,14,207,0,221,0,14,218,0,232,569,0,569,801
03/18/2020,CHD,AZ,AWP,CE,Federal Contract Tower,0,6,12,0,18,0,6,74,0,80,0,12,86,0,98,251,0,251,349
03/19/2020,CHD,AZ,AWP,CE,Federal Contract Tower,0,1,3,0,4,0,5,175,0,180,0,6,178,0,184,803,0,803,987
03/20/2020,CHD,AZ,AWP,CE,Federal Contract Tower,0,4,11,0,15,0,4,228,0,232,0,8,239,0,247,546,0,546,793
03/21/2020,CHD,AZ,AWP,CE,Federal Contract Tower,0,0,5,0,5,0,10,225,0,235,0,10,230,0,240,503,0,503,743
03/22/2020,CHD,AZ,AWP,CE,Federal Contract Tower,0,0,7,0,7,0,2,177,0,179,0,2,184,0,186,321,0,321,507
03/23/2020,CHD,AZ,AWP,CE,Federal Contract Tower,0,0,1,0,1,0,2,163,0,165,0,2,164,0,166,390,0,390,556
03/24/2020,CHD,AZ,AWP,CE,Federal Contract Tower,0,1,9,0,10,0,8,212,0,220,0,9,221,0,230,546,0,546,776
03/25/2020,CHD,AZ,AWP,CE,Federal Contract Tower,0,1,14,0,15,0,12,212,0,224,0,13,226,0,239,483,0,483,722
03/26/2020,CHD,AZ,AWP,CE,Federal Contract Tower,0,1,2,0,3,0,13,188,0,201,0,14,190,0,204,686,0,686,890
03/27/2020,CHD,AZ,AWP,CE,Federal Contract Tower,0,1,0,0,1,0,18,154,0,172,0,19,154,0,173,496,0,496,669
03/28/2020,CHD,AZ,AWP,CE,Federal Contract Tower,0,0,8,0,8,0,14,183,0,197,0,14,191,0,205,428,0,428,633
03/29/2020,CHD,AZ,AWP,CE,Federal Contract Tower,0,0,7,0,7,0,2,172,0,174,0,2,179,0,181,424,0,424,605
03/30/2020,CHD,AZ,AWP,CE,Federal Contract Tower,0,0,12,0,12,0,5,202,0,207,0,5,214,0,219,511,0,511,730
03/31/2020,CHD,AZ,AWP,CE,Federal Contract Tower,0,0,5,0,5,0,21,194,0,215,0,21,199,0,220,504,0,504,724
04/01/2020,CHD,AZ,AWP,CE,Federal Contract Tower,0,1,5,0,6,0,15,126,0,141,0,16,131,0,147,246,0,246,393
04/02/2020,CHD,AZ,AWP,CE,Federal Contract Tower,0,0,4,0,4,0,5,89,0,94,0,5,93,0,98,151,0,151,249
04/03/2020,CHD,AZ,AWP,CE,Federal Contract Tower,0,2,5,0,7,0,17,142,0,159,0,19,147,0,166,294,0,294,460
04/04/2020,CHD,AZ,AWP,CE,Federal Contract Tower,0,0,8,0,8,0,8,163,0,171,0,8,171,0,179,267,0,267,446
04/05/2020,CHD,AZ,AWP,CE,Federal Contract Tower,0,0,6,0,6,0,3,125,0,128,0,3,131,0,134,201,0,201,335
04/06/2020,CHD,AZ,AWP,CE,Federal Contract Tower,0,0,6,0,6,0,2,108,0,110,0,2,114,0,116,211,0,211,327
04/07/2020,CHD,AZ,AWP,CE,Federal Contract Tower,0,0,3,0,3,0,18,124,0,142,0,18,127,0,145,299,0,299,444
04/08/2020,CHD,AZ,AWP,CE,Federal Contract Tower,0,2,3,0,5,0,5,93,0,98,0,7,96,0,103,127,0,127,230
04/09/2020,CHD,AZ,AWP,CE,Federal Contract Tower,0,2,4,0,6,0,10,152,0,162,0,12,156,0,168,241,0,241,409
04/10/2020,CHD,AZ,AWP,CE,Federal Contract Tower,0,2,10,0,12,0,7,161,0,168,0,9,171,0,180,391,0,391,571
04/11/2020,CHD,AZ,AWP,CE,Federal Contract Tower,0,0,1,0,1,0,3,87,0,90,0,3,88,0,91,128,0,128,219
04/12/2020,CHD,AZ,AWP,CE,Federal Contract Tower,0,0,5,0,5,0,0,120,0,120,0,0,125,0,125,14,0,14,139
04/13/2020,CHD,AZ,AWP,CE,Federal Contract Tower,0,1,6,0,7,0,3,116,0,119,0,4,122,0,126,226,0,226,352
04/14/2020,CHD,AZ,AWP,CE,Federal Contract Tower,0,0,11,0,11,0,13,164,0,177,0,13,175,0,188,353,0,353,541
04/15/2020,CHD,AZ,AWP,CE,Federal Contract Tower,0,3,12,0,15,0,14,166,0,180,0,17,178,0,195,287,0,287,482
04/16/2020,CHD,AZ,AWP,CE,Federal Contract Tower,0,2,8,0,10,0,6,157,0,163,0,8,165,0,173,445,0,445,618
04/17/2020,CHD,AZ,AWP,CE,Federal Contract Tower,0,1,7,0,8,0,10,126,0,136,0,11,133,0,144,198,0,198,342
04/18/2020,CHD,AZ,AWP,CE,Federal Contract Tower,0,1,6,0,7,0,54,142,0,196,0,55,148,0,203,276,0,276,479
04/19/2020,CHD,AZ,AWP,CE,Federal Contract Tower,0,1,1,0,2,0,13,179,0,192,0,14,180,0,194,156,0,156,350
04/20/2020,CHD,AZ,AWP,CE,Federal Contract Tower,0,0,9,0,9,0,10,131,0,141,0,10,140,0,150,256,0,256,406
04/21/2020,CHD,AZ,AWP,CE,Federal Contract Tower,0,1,2,0,3,0,21,116,0,137,0,22,118,0,140,254,0,254,394
04/22/2020,CHD,AZ,AWP,CE,Federal Contract Tower,0,0,9,0,9,0,31,150,0,181,0,31,159,0,190,392,0,392,582
04/23/2020,CHD,AZ,AWP,CE,Federal Contract Tower,0,3,5,0,8,0,35,134,0,169,0,38,139,0,177,286,0,286,463
04/24/2020,CHD,AZ,AWP,CE,Federal Contract Tower,0,2,6,0,8,0,45,136,0,181,0,47,142,0,189,297,0,297,486
04/25/2020,CHD,AZ,AWP,CE,Federal Contract Tower,0,2,6,0,8,0,56,157,0,213,0,58,163,0,221,264,0,264,485
04/26/2020,CHD,AZ,AWP,CE,Federal Contract Tower,0,3,8,0,11,0,27,110,0,137,0,30,118,0,148,188,0,188,336
04/27/2020,CHD,AZ,AWP,CE,Federal Contract Tower,0,3,4,0,7,0,21,112,0,133,0,24,116,0,140,380,0,380,520
04/28/2020,CHD,AZ,AWP,CE,Federal Contract Tower,0,2,5,0,7,0,40,152,0,192,0,42,157,0,199,426,0,426,625
04/29/2020,CHD,AZ,AWP,CE,Federal Contract Tower,0,2,5,0,7,0,43,140,0,183,0,45,145,0,190,330,0,330,520
04/30/2020,CHD,AZ,AWP,CE,Federal Contract Tower,0,2,14,0,16,0,54,128,0,182,0,56,142,0,198,351,0,351,549
05/01/2020,CHD,AZ,AWP,CE,Federal Contract Tower,0,5,10,0,15,0,54,154,0,208,0,59,164,0,223,473,0,473,696
05/02/2020,CHD,AZ,AWP,CE,Federal Contract Tower,0,4,4,0,8,0,45,178,0,223,0,49,182,0,231,476,0,476,707
05/03/2020,CHD,AZ,AWP,CE,Federal Contract Tower,0,1,5,0,6,0,54,129,0,183,0,55,134,0,189,169,0,169,358
05/04/2020,CHD,AZ,AWP,CE,Federal Contract Tower,0,4,5,0,9,0,32,148,0,180,0,36,153,0,189,504,0,504,693
05/05/2020,CHD,AZ,AWP,CE,Federal Contract Tower,0,0,4,0,4,0,37,111,0,148,0,37,115,0,152,322,0,322,474
05/06/2020,CHD,AZ,AWP,CE,Federal Contract Tower,0,5,17,0,22,0,59,164,0,223,0,64,181,0,245,698,0,698,943
05/07/2020,CHD,AZ,AWP,CE,Federal Contract Tower,0,1,13,0,14,0,53,175,0,228,0,54,188,0,242,414,0,414,656
05/08/2020,CHD,AZ,AWP,CE,Federal Contract Tower,0,0,10,0,10,0,33,135,0,168,0,33,145,0,178,511,0,511,689
05/09/2020,CHD,AZ,AWP,CE,Federal Contract Tower,0,2,4,0,6,0,32,193,0,225,0,34,197,0,231,434,0,434,665
05/10/2020,CHD,AZ,AWP,CE,Federal Contract Tower,0,2,5,0,7,0,34,91,0,125,0,36,96,0,132,167,0,167,299
05/11/2020,CHD,AZ,AWP,CE,Federal Contract Tower,0,2,7,0,9,0,27,176,0,203,0,29,183,0,212,447,0,447,659
05/12/2020,CHD,AZ,AWP,CE,Federal Contract Tower,0,0,5,0,5,0,58,146,0,204,0,58,151,0,209,584,0,584,793
05/13/2020,CHD,AZ,AWP,CE,Federal Contract Tower,0,3,5,0,8,0,63,172,0,235,0,66,177,0,243,545,0,545,788
05/14/2020,CHD,AZ,AWP,CE,Federal Contract Tower,0,2,12,0,14,0,56,201,0,257,0,58,213,0,271,618,0,618,889
05/15/2020,CHD,AZ,AWP,CE,Federal Contract Tower,0,2,15,0,17,0,51,203,0,254,0,53,218,0,271,619,0,619,890
05/16/2020,CHD,AZ,AWP,CE,Federal Contract Tower,0,1,6,0,7,0,51,217,0,268,0,52,223,0,275,397,0,397,672
05/17/2020,CHD,AZ,AWP,CE,Federal Contract Tower,0,2,7,0,9,0,48,154,0,202,0,50,161,0,211,279,0,279,490
05/18/2020,CHD,AZ,AWP,CE,Federal Contract Tower,0,2,5,0,7,0,38,150,2,190,0,40,155,2,197,350,0,350,547
05/19/2020,CHD,AZ,AWP,CE,Federal Contract Tower,0,0,4,0,4,0,34,124,0,158,0,34,128,0,162,454,0,454,616
05/20/2020,CHD,AZ,AWP,CE,Federal Contract Tower,0,2,5,0,7,0,37,193,18,248,0,39,198,18,255,599,0,599,854
05/21/2020,CHD,AZ,AWP,CE,Federal Contract Tower,0,3,18,0,21,0,46,216,0,262,0,49,234,0,283,595,0,595,878
05/22/2020,CHD,AZ,AWP,CE,Federal Contract Tower,0,3,6,0,9,0,51,152,0,203,0,54,158,0,212,425,0,425,637
05/23/2020,CHD,AZ,AWP,CE,Federal Contract Tower,0,0,4,0,4,0,53,165,0,218,0,53,169,0,222,434,0,434,656
05/24/2020,CHD,AZ,AWP,CE,Federal Contract Tower,0,4,8,0,12,0,51,148,0,199,0,55,156,0,211,297,0,297,508
05/25/2020,CHD,AZ,AWP,CE,Federal Contract Tower,0,1,5,0,6,0,24,191,0,215,0,25,196,0,221,465,0,465,686
05/26/2020,CHD,AZ,AWP,CE,Federal Contract Tower,0,1,8,0,9,0,41,187,0,228,0,42,195,0,237,522,0,522,759
05/27/2020,CHD,AZ,AWP,CE,Federal Contract Tower,0,0,10,0,10,0,80,181,1,262,0,80,191,1,272,449,0,449,721
05/28/2020,CHD,AZ,AWP,CE,Federal Contract Tower,0,2,17,0,19,0,72,137,0,209,0,74,154,0,228,362,0,362,590
05/29/2020,CHD,AZ,AWP,CE,Federal Contract Tower,0,3,12,0,15,0,74,163,0,237,0,77,175,0,252,347,0,347,599
05/30/2020,CHD,AZ,AWP,CE,Federal Contract Tower,0,0,3,0,3,0,41,170,0,211,0,41,173,0,214,176,0,176,390
05/31/2020,CHD,AZ,AWP,CE,Federal Contract Tower,0,1,6,0,7,0,41,123,0,164,0,42,129,0,171,174,0,174,345
06/01/2020,CHD,AZ,AWP,CE,Federal Contract Tower,0,1,6,0,7,0,35,144,0,179,0,36,150,0,186,296,0,296,482
06/02/2020,CHD,AZ,AWP,CE,Federal Contract Tower,0,1,11,0,12,0,48,148,0,196,0,49,159,0,208,352,0,352,560
06/03/2020,CHD,AZ,AWP,CE,Federal Contract Tower,0,0,19,0,19,0,56,167,0,223,0,56,186,0,242,384,0,384,626
06/04/2020,CHD,AZ,AWP,CE,Federal Contract Tower,0,5,15,0,20,0,65,144,0,209,0,70,159,0,229,290,0,290,519
06/05/2020,CHD,AZ,AWP,CE,Federal Contract Tower,0,5,11,0,16,0,64,135,0,199,0,69,146,0,215,333,0,333,548
06/06/2020,CHD,AZ,AWP,CE,Federal Contract Tower,0,2,0,0,2,0,36,161,0,197,0,38,161,0,199,350,0,350,549
06/07/2020,CHD,AZ,AWP,CE,Federal Contract Tower,0,2,2,0,4,0,35,122,0,157,0,37,124,0,161,173,0,173,334
06/08/2020,CHD,AZ,AWP,CE,Federal Contract Tower,0,0,5,0,5,0,31,124,0,155,0,31,129,0,160,322,0,322,482
06/09/2020,CHD,AZ,AWP,CE,Federal Contract Tower,0,4,18,0,22,0,57,178,0,235,0,61,196,0,257,429,0,429,686
06/10/2020,CHD,AZ,AWP,CE,Federal Contract Tower,0,3,5,0,8,0,57,183,0,240,0,60,188,0,248,469,0,469,717
06/11/2020,CHD,AZ,AWP,CE,Federal Contract Tower,0,2,20,0,22,0,66,181,0,247,0,68,201,0,269,337,0,337,606
06/12/2020,CHD,AZ,AWP,CE,Federal Contract Tower,0,4,13,0,17,0,43,164,0,207,0,47,177,0,224,337,0,337,561
06/13/2020,CHD,AZ,AWP,CE,Federal Contract Tower,0,6,7,0,13,0,83,144,0,227,0,89,151,0,240,422,0,422,662
06/14/2020,CHD,AZ,AWP,CE,Federal Contract Tower,0,4,8,0,12,0,66,144,0,210,0,70,152,0,222,239,0,239,461
06/15/2020,CHD,AZ,AWP,CE,Federal Contract Tower,0,1,14,0,15,0,44,141,0,185,0,45,155,0,200,425,0,425,625
06/16/2020,CHD,AZ,AWP,CE,Federal Contract Tower,0,0,13,0,13,0,65,122,0,187,0,65,135,0,200,463,0,463,663
06/17/2020,CHD,AZ,AWP,CE,Federal Contract Tower,0,0,7,0,7,0,47,158,0,205,0,47,165,0,212,335,0,335,547
06/18/2020,CHD,AZ,AWP,CE,Federal Contract Tower,0,2,19,0,21,0,45,162,0,207,0,47,181,0,228,422,0,422,650
06/19/2020,CHD,AZ,AWP,CE,Federal Contract Tower,0,0,16,1,17,0,57,175,0,232,0,57,191,1,249,353,0,353,602
06/20/2020,CHD,AZ,AWP,CE,Federal Contract Tower,0,0,7,0,7,0,63,168,0,231,0,63,175,0,238,389,0,389,627
06/21/2020,CHD,AZ,AWP,CE,Federal Contract Tower,0,0,10,0,10,0,55,115,0,170,0,55,125,0,180,258,0,258,438
06/22/2020,CHD,AZ,AWP,CE,Federal Contract Tower,0,0,5,0,5,0,43,150,0,193,0,43,155,0,198,334,0,334,532
06/23/2020,CHD,AZ,AWP,CE,Federal Contract Tower,0,0,9,0,9,0,35,116,0,151,0,35,125,0,160,186,0,186,346
06/24/2020,CHD,AZ,AWP,CE,Federal Contract Tower,0,0,16,0,16,0,50,159,0,209,0,50,175,0,225,288,0,288,513
06/25/2020,CHD,AZ,AWP,CE,Federal Contract Tower,0,0,15,1,16,0,68,135,0,203,0,68,150,1,219,298,0,298,517
06/26/2020,CHD,AZ,AWP,CE,Federal Contract Tower,0,0,7,1,8,0,49,164,1,214,0,49,171,2,222,303,0,303,525
06/27/2020,CHD,AZ,AWP,CE,Federal Contract Tower,0,1,4,0,5,0,63,144,0,207,0,64,148,0,212,383,0,383,595
06/28/2020,CHD,AZ,AWP,CE,Federal Contract Tower,0,0,4,0,4,0,44,93,0,137,0,44,97,0,141,159,0,159,300
06/29/2020,CHD,AZ,AWP,CE,Federal Contract Tower,0,2,8,0,10,0,63,101,0,164,0,65,109,0,174,259,0,259,433
06/30/2020,CHD,AZ,AWP,CE,Federal Contract Tower,0,1,7,0,8,0,48,174,0,222,0,49,181,0,230,281,0,281,511
07/01/2020,CHD,AZ,AWP,CE,Federal Contract Tower,0,0,12,0,12,0,88,159,0,247,0,88,171,0,259,424,0,424,683
07/02/2020,CHD,AZ,AWP,CE,Federal Contract Tower,0,10,10,0,20,0,52,195,0,247,0,62,205,0,267,426,0,426,693
07/03/2020,CHD,AZ,AWP,CE,Federal Contract Tower,0,1,5,0,6,0,75,182,0,257,0,76,187,0,263,349,0,349,612
07/04/2020,CHD,AZ,AWP,CE,Federal Contract Tower,0,2,15,0,17,0,46,106,0,152,0,48,121,0,169,129,0,129,298
07/05/2020,CHD,AZ,AWP,CE,Federal Contract Tower,0,1,8,0,9,0,30,124,0,154,0,31,132,0,163,161,0,161,324
07/06/2020,CHD,AZ,AWP,CE,Federal Contract Tower,0,3,10,0,13,0,30,153,0,183,0,33,163,0,196,192,0,192,388
07/07/2020,CHD,AZ,AWP,CE,Federal Contract Tower,0,1,7,0,8,0,56,125,0,181,0,57,132,0,189,387,0,387,576
07/08/2020,CHD,AZ,AWP,CE,Federal Contract Tower,0,1,13,0,14,0,44,157,0,201,0,45,170,0,215,386,0,386,601
07/09/2020,CHD,AZ,AWP,CE,Federal Contract Tower,0,0,8,0,8,0,49,143,0,192,0,49,151,0,200,273,0,273,473
07/10/2020,CHD,AZ,AWP,CE,Federal Contract Tower,0,4,12,0,16,0,51,153,0,204,0,55,165,0,220,316,0,316,536
07/11/2020,CHD,AZ,AWP,CE,Federal Contract Tower,0,3,6,0,9,0,41,111,0,152,0,44,117,0,161,214,0,214,375
07/12/2020,CHD,AZ,AWP,CE,Federal Contract Tower,0,3,7,0,10,0,42,88,0,130,0,45,95,0,140,160,0,160,300
07/13/2020,CHD,AZ,AWP,CE,Federal Contract Tower,0,1,10,0,11,0,53,117,0,170,0,54,127,0,181,317,0,317,498
07/14/2020,CHD,AZ,AWP,CE,Federal Contract Tower,0,2,6,0,8,0,64,146,0,210,0,66,152,0,218,222,0,222,440
07/15/2020,CHD,AZ,AWP,CE,Federal Contract Tower,0,0,11,0,11,0,60,151,0,211,0,60,162,0,222,320,0,320,542
07/16/2020,CHD,AZ,AWP,CE,Federal Contract Tower,0,2,10,0,12,0,70,134,0,204,0,72,144,0,216,289,0,289,505
07/17/2020,CHD,AZ,AWP,CE,Federal Contract Tower,0,1,7,0,8,0,50,158,0,208,0,51,165,0,216,318,0,318,534
07/18/2020,CHD,AZ,AWP,CE,Federal Contract Tower,0,4,6,0,10,0,53,142,0,195,0,57,148,0,205,303,0,303,508
07/19/2020,CHD,AZ,AWP,CE,Federal Contract Tower,0,4,8,0,12,0,51,90,0,141,0,55,98,0,153,229,0,229,382
07/20/2020,CHD,AZ,AWP,CE,Federal Contract Tower,0,3,2,0,5,0,39,144,0,183,0,42,146,0,188,341,0,341,529
07/21/2020,CHD,AZ,AWP,CE,Federal Contract Tower,0,2,13,0,15,0,45,147,0,192,0,47,160,0,207,390,0,390,597
07/22/2020,CHD,AZ,AWP,CE,Federal Contract Tower,0,1,5,0,6,0,49,178,0,227,0,50,183,0,233,239,0,239,472
07/23/2020,CHD,AZ,AWP,CE,Federal Contract Tower,0,1,9,0,10,0,41,129,0,170,0,42,138,0,180,273,0,273,453
07/24/2020,CHD,AZ,AWP,CE,Federal Contract Tower,0,1,19,0,20,0,35,140,0,175,0,36,159,0,195,280,0,280,475
07/25/2020,CHD,AZ,AWP,CE,Federal Contract Tower,0,9,12,0,21,0,45,136,0,181,0,54,148,0,202,334,0,334,536
07/26/2020,CHD,AZ,AWP,CE,Federal Contract Tower,0,4,12,0,16,0,38,145,0,183,0,42,157,0,199,225,0,225,424
07/27/2020,CHD,AZ,AWP,CE,Federal Contract Tower,0,8,14,0,22,0,51,134,0,185,0,59,148,0,207,301,0,301,508
07/28/2020,CHD,AZ,AWP,CE,Federal Contract Tower,0,5,26,0,31,0,57,126,0,183,0,62,152,0,214,429,0,429,643
07/29/2020,CHD,AZ,AWP,CE,Federal Contract Tower,0,4,11,0,15,0,37,132,0,169,0,41,143,0,184,223,0,223,407
07/30/2020,CHD,AZ,AWP,CE,Federal Contract Tower,0,3,23,0,26,0,46,141,0,187,0,49,164,0,213,315,0,315,528
07/31/2020,CHD,AZ,AWP,CE,Federal Contract Tower,0,2,11,0,13,0,45,113,2,160,0,47,124,2,173,236,0,236,409
08/01/2020,CHD,AZ,AWP,CE,Federal Contract Tower,0,4,1,0,5,0,43,109,0,152,0,47,110,0,157,245,0,245,402
08/02/2020,CHD,AZ,AWP,CE,Federal Contract Tower,0,0,6,0,6,0,45,107,0,152,0,45,113,0,158,300,0,300,458
08/03/2020,CHD,AZ,AWP,CE,Federal Contract Tower,0,3,18,0,21,0,53,96,0,149,0,56,114,0,170,301,0,301,471
08/04/2020,CHD,AZ,AWP,CE,Federal Contract Tower,0,2,12,0,14,0,56,121,0,177,0,58,133,0,191,324,0,324,515
08/05/2020,CHD,AZ,AWP,CE,Federal Contract Tower,0,1,13,0,14,0,71,142,0,213,0,72,155,0,227,270,0,270,497
08/06/2020,CHD,AZ,AWP,CE,Federal Contract Tower,0,1,7,0,8,0,40,126,0,166,0,41,133,0,174,338,0,338,512
08/07/2020,CHD,AZ,AWP,CE,Federal Contract Tower,0,6,23,0,29,0,45,126,0,171,0,51,149,0,200,264,0,264,464
08/08/2020,CHD,AZ,AWP,CE,Federal Contract Tower,0,11,3,0,14,0,70,145,0,215,0,81,148,0,229,272,0,272,501
08/09/2020,CHD,AZ,AWP,CE,Federal Contract Tower,0,6,11,0,17,0,46,134,0,180,0,52,145,0,197,160,0,160,357
08/10/2020,CHD,AZ,AWP,CE,Federal Contract Tower,0,0,8,0,8,0,41,99,0,140,0,41,107,0,148,243,0,243,391
08/11/2020,CHD,AZ,AWP,CE,Federal Contract Tower,0,5,18,0,23,0,48,153,0,201,0,53,171,0,224,313,0,313,537
08/12/2020,CHD,AZ,AWP,CE,Federal Contract Tower,0,1,3,0,4,0,67,182,0,249,0,68,185,0,253,393,0,393,646
08/13/2020,CHD,AZ,AWP,CE,Federal Contract Tower,0,1,15,0,16,0,48,163,1,212,0,49,178,1,228,321,0,321,549
08/14/2020,CHD,AZ,AWP,CE,Federal Contract Tower,0,2,4,0,6,0,44,143,0,187,0,46,147,0,193,355,0,355,548
08/15/2020,CHD,AZ,AWP,CE,Federal Contract Tower,0,4,9,0,13,0,67,119,0,186,0,71,128,0,199,258,0,258,457
08/16/2020,CHD,AZ,AWP,CE,Federal Contract Tower,0,0,7,0,7,0,48,145,0,193,0,48,152,0,200,152,0,152,352
08/17/2020,CHD,AZ,AWP,CE,Federal Contract Tower,0,6,12,0,18,0,43,129,0,172,0,49,141,0,190,350,0,350,540
08/18/2020,CHD,AZ,AWP,CE,Federal Contract Tower,0,6,18,0,24,0,62,146,0,208,0,68,164,0,232,366,0,366,598
08/19/2020,CHD,AZ,AWP,CE,Federal Contract Tower,0,6,7,0,13,0,62,151,0,213,0,68,158,0,226,556,0,556,782
08/20/2020,CHD,AZ,AWP,CE,Federal Contract Tower,0,8,12,0,20,0,57,130,0,187,0,65,142,0,207,511,0,511,718
08/21/2020,CHD,AZ,AWP,CE,Federal Contract Tower,0,1,6,0,7,0,46,127,0,173,0,47,133,0,180,466,0,466,646
08/22/2020,CHD,AZ,AWP,CE,Federal Contract Tower,0,4,2,0,6,0,50,150,0,200,0,54,152,0,206,251,0,251,457
08/23/2020,CHD,AZ,AWP,CE,Federal Contract Tower,0,3,11,0,14,0,46,119,0,165,0,49,130,0,179,253,0,253,432
08/24/2020,CHD,AZ,AWP,CE,Federal Contract Tower,0,7,22,0,29,0,42,105,0,147,0,49,127,0,176,299,0,299,475
08/25/2020,CHD,AZ,AWP,CE,Federal Contract Tower,0,12,20,0,32,0,72,153,0,225,0,84,173,0,257,457,0,457,714
08/26/2020,CHD,AZ,AWP,CE,Federal Contract Tower,0,2,7,0,9,0,42,136,0,178,0,44,143,0,187,407,0,407,594
08/27/2020,CHD,AZ,AWP,CE,Federal Contract Tower,0,9,15,0,24,0,55,146,0,201,0,64,161,0,225,402,0,402,627
08/28/2020,CHD,AZ,AWP,CE,Federal Contract Tower,0,3,11,0,14,0,52,145,0,197,0,55,156,0,211,380,0,380,591
08/29/2020,CHD,AZ,AWP,CE,Federal Contract Tower,0,2,2,0,4,0,48,114,0,162,0,50,116,0,166,298,0,298,464
08/30/2020,CHD,AZ,AWP,CE,Federal Contract Tower,0,4,7,0,11,0,50,153,0,203,0,54,160,0,214,235,0,235,449
08/31/2020,CHD,AZ,AWP,CE,Federal Contract Tower,0,4,3,0,7,0,43,151,0,194,0,47,154,0,201,316,0,316,517
09/01/2020,CHD,AZ,AWP,CE,Federal Contract Tower,0,0,8,0,8,0,68,142,0,210,0,68,150,0,218,602,0,602,820
09/02/2020,CHD,AZ,AWP,CE,Federal Contract Tower,0,1,8,0,9,0,40,164,2,206,0,41,172,2,215,352,4,356,571
09/03/2020,CHD,AZ,AWP,CE,Federal Contract Tower,0,3,9,0,12,0,61,164,0,225,0,64,173,0,237,463,0,463,700
09/04/2020,CHD,AZ,AWP,CE,Federal Contract Tower,0,10,11,0,21,0,32,168,0,200,0,42,179,0,221,450,0,450,671
09/05/2020,CHD,AZ,AWP,CE,Federal Contract Tower,0,29,9,0,38,0,47,120,0,167,0,76,129,0,205,197,0,197,402
09/06/2020,CHD,AZ,AWP,CE,Federal Contract Tower,0,12,8,0,20,0,42,91,0,133,0,54,99,0,153,133,0,133,286
09/07/2020,CHD,AZ,AWP,CE,Federal Contract Tower,0,2,8,0,10,0,43,152,0,195,0,45,160,0,205,366,0,366,571
09/08/2020,CHD,AZ,AWP,CE,Federal Contract Tower,0,4,7,0,11,0,39,112,0,151,0,43,119,0,162,277,0,277,439
09/09/2020,CHD,AZ,AWP,CE,Federal Contract Tower,0,5,20,0,25,0,66,203,2,271,0,71,223,2,296,488,0,488,784
09/10/2020,CHD,AZ,AWP,CE,Federal Contract Tower,0,10,25,0,35,0,71,190,1,262,0,81,215,1,297,536,0,536,833
09/11/2020,CHD,AZ,AWP,CE,Federal Contract Tower,0,3,17,0,20,0,47,169,0,216,0,50,186,0,236,475,0,475,711
09/12/2020,CHD,AZ,AWP,CE,Federal Contract Tower,0,12,4,0,16,0,65,139,0,204,0,77,143,0,220,211,0,211,431
09/13/2020,CHD,AZ,AWP,CE,Federal Contract Tower,0,3,6,0,9,0,48,128,0,176,0,51,134,0,185,205,0,205,390
09/14/2020,CHD,AZ,AWP,CE,Federal Contract Tower,0,13,22,0,35,0,47,117,0,164,0,60,139,0,199,398,0,398,597
09/15/2020,CHD,AZ,AWP,CE,Federal Contract Tower,0,1,13,0,14,0,69,194,0,263,0,70,207,0,277,405,0,405,682
09/16/2020,CHD,AZ,AWP,CE,Federal Contract Tower,0,22,15,0,37,0,61,173,0,234,0,83,188,0,271,434,0,434,705
09/17/2020,CHD,AZ,AWP,CE,Federal Contract Tower,0,10,19,0,29,0,58,145,0,203,0,68,164,0,232,418,0,418,650
09/18/2020,CHD,AZ,AWP,CE,Federal Contract Tower,0,14,19,0,33,0,68,127,0,195,0,82,146,0,228,350,0,350,578
09/19/2020,CHD,AZ,AWP,CE,Federal Contract Tower,0,26,8,0,34,0,57,141,0,198,0,83,149,0,232,268,0,268,500
09/20/2020,CHD,AZ,AWP,CE,Federal Contract Tower,0,13,15,0,28,0,61,141,0,202,0,74,156,0,230,255,0,255,485
09/21/2020,CHD,AZ,AWP,CE,Federal Contract Tower,0,3,13,0,16,0,55,135,4,194,0,58,148,4,210,304,0,304,514
09/22/2020,CHD,AZ,AWP,CE,Federal Contract Tower,0,7,7,0,14,0,52,155,3,210,0,59,162,3,224,545,4,549,773
09/23/2020,CHD,AZ,AWP,CE,Federal Contract Tower,0,8,17,0,25,0,34,165,0,199,0,42,182,0,224,502,0,502,726
09/24/2020,CHD,AZ,AWP,CE,Federal Contract Tower,0,8,13,0,21,0,53,211,0,264,0,61,224,0,285,445,0,445,730
09/25/2020,CHD,AZ,AWP,CE,Federal Contract Tower,0,6,15,0,21,0,48,134,0,182,0,54,149,0,203,350,0,350,553
09/26/2020,CHD,AZ,AWP,CE,Federal Contract Tower,0,0,5,0,5,0,52,191,0,243,0,52,196,0,248,255,0,255,503
09/27/2020,CHD,AZ,AWP,CE,Federal Contract Tower,0,1,5,0,6,0,32,179,0,211,0,33,184,0,217,297,0,297,514
09/28/2020,CHD,AZ,AWP,CE,Federal Contract Tower,0,8,14,0,22,0,68,129,0,197,0,76,143,0,219,535,0,535,754
09/29/2020,CHD,AZ,AWP,CE,Federal Contract Tower,0,10,17,0,27,0,42,125,0,167,0,52,142,0,194,499,0,499,693
09/30/2020,CHD,AZ,AWP,CE,Federal Contract Tower,0,2,32,0,34,0,47,177,0,224,0,49,209,0,258,551,0,551,809
10/01/2020,CHD,AZ,AWP,CE,Federal Contract Tower,0,2,30,0,32,0,56,169,0,225,0,58,199,0,257,362,0,362,619
10/02/2020,CHD,AZ,AWP,CE,Federal Contract Tower,0,12,22,0,34,0,39,147,0,186,0,51,169,0,220,431,0,431,651
10/03/2020,CHD,AZ,AWP,CE,Federal Contract Tower,0,10,12,0,22,0,42,192,0,234,0,52,204,0,256,220,0,220,476
10/04/2020,CHD,AZ,AWP,CE,Federal Contract Tower,0,1,4,0,5,0,38,133,0,171,0,39,137,0,176,186,0,186,362
10/05/2020,CHD,AZ,AWP,CE,Federal Contract Tower,0,7,10,0,17,0,49,134,0,183,0,56,144,0,200,383,0,383,583
10/06/2020,CHD,AZ,AWP,CE,Federal Contract Tower,0,4,13,0,17,0,31,143,0,174,0,35,156,0,191,383,0,383,574
10/07/2020,CHD,AZ,AWP,CE,Federal Contract Tower,0,0,31,0,31,0,19,163,0,182,0,19,194,0,213,446,0,446,659
10/08/2020,CHD,AZ,AWP,CE,Federal Contract Tower,0,1,26,0,27,0,47,220,4,271,0,48,246,4,298,507,0,507,805
10/09/2020,CHD,AZ,AWP,CE,Federal Contract Tower,0,3,13,0,16,0,29,131,0,160,0,32,144,0,176,332,0,332,508
10/10/2020,CHD,AZ,AWP,CE,Federal Contract Tower,0,4,7,0,11,0,27,116,0,143,0,31,123,0,154,89,0,89,243
10/11/2020,CHD,AZ,AWP,CE,Federal Contract Tower,0,2,13,0,15,0,32,118,0,150,0,34,131,0,165,262,0,262,427
10/12/2020,CHD,AZ,AWP,CE,Federal Contract Tower,0,11,12,0,23,0,45,166,0,211,0,56,178,0,234,347,0,347,581
10/13/2020,CHD,AZ,AWP,CE,Federal Contract Tower,0,4,8,0,12,0,35,136,0,171,0,39,144,0,183,377,0,377,560
10/14/2020,CHD,AZ,AWP,CE,Federal Contract Tower,0,4,24,0,28,0,25,169,0,194,0,29,193,0,222,469,0,469,691
10/15/2020,CHD,AZ,AWP,CE,Federal Contract Tower,0,6,24,0,30,0,38,143,2,183,0,44,167,2,213,391,16,407,620
10/16/2020,CHD,AZ,AWP,CE,Federal Contract Tower,0,0,7,0,7,0,31,156,0,187,0,31,163,0,194,448,0,448,642
10/17/2020,CHD,AZ,AWP,CE,Federal Contract Tower,0,5,7,0,12,0,32,165,0,197,0,37,172,0,209,221,0,221,430
10/18/2020,CHD,AZ,AWP,CE,Federal Contract Tower,0,3,9,0,12,0,23,127,0,150,0,26,136,0,162,263,0,263,425
10/19/2020,CHD,AZ,AWP,CE,Federal Contract Tower,0,10,22,0,32,0,22,61,0,83,0,32,83,0,115,241,0,241,356
10/20/2020,CHD,AZ,AWP,CE,Federal Contract Tower,0,6,13,0,19,0,39,167,0,206,0,45,180,0,225,561,0,561,786
10/21/2020,CHD,AZ,AWP,CE,Federal Contract Tower,0,2,21,0,23,0,31,192,0,223,0,33,213,0,246,535,0,535,781
10/22/2020,CHD,AZ,AWP,CE,Federal Contract Tower,0,3,12,0,15,0,28,177,0,205,0,31,189,0,220,491,0,491,711
10/23/2020,CHD,AZ,AWP,CE,Federal Contract Tower,0,9,11,0,20,0,31,158,0,189,0,40,169,0,209,504,0,504,713
10/24/2020,CHD,AZ,AWP,CE,Federal Contract Tower,0,4,8,0,12,0,21,164,0,185,0,25,172,0,197,222,0,222,419
10/25/2020,CHD,AZ,AWP,CE,Federal Contract Tower,0,3,4,2,9,0,30,113,0,143,0,33,117,2,152,297,0,297,449
10/26/2020,CHD,AZ,AWP,CE,Federal Contract Tower,0,1,4,0,5,0,11,100,0,111,0,12,104,0,116,266,0,266,382
10/27/2020,CHD,AZ,AWP,CE,Federal Contract Tower,0,16,15,1,32,0,53,158,1,212,0,69,173,2,244,520,0,520,764
10/28/2020,CHD,AZ,AWP,CE,Federal Contract Tower,0,4,38,0,42,0,23,156,0,179,0,27,194,0,221,496,0,496,717
10/29/2020,CHD,AZ,AWP,CE,Federal Contract Tower,0,12,32,0,44,0,36,175,0,211,0,48,207,0,255,511,0,511,766
10/30/2020,CHD,AZ,AWP,CE,Federal Contract Tower,0,6,25,2,33,0,35,144,0,179,0,41,169,2,212,441,0,441,653
10/31/2020,CHD,AZ,AWP,CE,Federal Contract Tower,0,0,4,0,4,0,5,173,0,178,0,5,177,0,182,275,0,275,457
11/01/2020,CHD,AZ,AWP,CE,Federal Contract Tower,0,0,4,0,4,0,7,114,13,134,0,7,118,13,138,177,0,177,315
11/02/2020,CHD,AZ,AWP,CE,Federal Contract Tower,0,7,23,0,30,0,32,138,0,170,0,39,161,0,200,307,0,307,507
11/03/2020,CHD,AZ,AWP,CE,Federal Contract Tower,0,0,13,1,14,0,28,164,0,192,0,28,177,1,206,557,0,557,763
11/04/2020,CHD,AZ,AWP,CE,Federal Contract Tower,0,6,10,0,16,0,37,159,0,196,0,43,169,0,212,468,0,468,680
11/05/2020,CHD,AZ,AWP,CE,Federal Contract Tower,0,9,16,0,25,0,26,151,0,177,0,35,167,0,202,465,0,465,667
11/06/2020,CHD,AZ,AWP,CE,Federal Contract Tower,0,6,11,0,17,0,21,128,0,149,0,27,139,0,166,217,0,217,383
11/07/2020,CHD,AZ,AWP,CE,Federal Contract Tower,0,0,2,0,2,0,2,48,0,50,0,2,50,0,52,172,0,172,224
11/08/2020,CHD,AZ,AWP,CE,Federal Contract Tower,0,0,4,0,4,0,9,125,0,134,0,9,129,0,138,288,0,288,426
11/09/2020,CHD,AZ,AWP,CE,Federal Contract Tower,0,1,5,0,6,0,15,151,0,166,0,16,156,0,172,355,0,355,527
11/10/2020,CHD,AZ,AWP,CE,Federal Contract Tower,0,12,22,0,34,0,45,200,0,245,0,57,222,0,279,412,0,412,691
11/11/2020,CHD,AZ,AWP,CE,Federal Contract Tower,0,3,13,0,16,0,42,190,0,232,0,45,203,0,248,550,0,550,798
11/12/2020,CHD,AZ,AWP,CE,Federal Contract Tower,0,2,11,0,13,0,27,152,0,179,0,29,163,0,192,516,0,516,708
11/13/2020,CHD,AZ,AWP,CE,Federal Contract Tower,0,9,13,0,22,0,35,170,0,205,0,44,183,0,227,394,0,394,621
11/14/2020,CHD,AZ,AWP,CE,Federal Contract Tower,0,0,1,0,1,0,12,194,0,206,0,12,195,0,207,282,0,282,489
11/15/2020,CHD,AZ,AWP,CE,Federal Contract Tower,0,2,4,0,6,0,22,145,0,167,0,24,149,0,173,205,0,205,378
11/16/2020,CHD,AZ,AWP,CE,Federal Contract Tower,0,5,15,0,20,0,29,131,0,160,0,34,146,0,180,341,0,341,521
11/17/2020,CHD,AZ,AWP,CE,Federal Contract Tower,0,10,10,0,20,0,38,161,0,199,0,48,171,0,219,362,0,362,581
11/18/2020,CHD,AZ,AWP,CE,Federal Contract Tower,0,13,18,1,32,0,51,195,0,246,0,64,213,1,278,587,0,587,865
11/19/2020,CHD,AZ,AWP,CE,Federal Contract Tower,0,7,24,0,31,0,37,174,0,211,0,44,198,0,242,475,0,475,717
11/20/2020,CHD,AZ,AWP,CE,Federal Contract Tower,0,14,7,0,21,0,27,156,0,183,0,41,163,0,204,407,0,407,611
11/21/2020,CHD,AZ,AWP,CE,Federal Contract Tower,0,6,11,0,17,0,16,220,0,236,0,22,231,0,253,304,0,304,557
11/22/2020,CHD,AZ,AWP,CE,Federal Contract Tower,0,3,6,0,9,0,27,171,0,198,0,30,177,0,207,238,0,238,445
11/23/2020,CHD,AZ,AWP,CE,Federal Contract Tower,0,2,3,0,5,0,24,126,0,150,0,26,129,0,155,445,0,445,600
11/24/2020,CHD,AZ,AWP,CE,Federal Contract Tower,0,8,17,0,25,0,37,190,4,231,0,45,207,4,256,430,0,430,686
11/25/2020,CHD,AZ,AWP,CE,Federal Contract Tower,0,2,8,0,10,0,46,155,0,201,0,48,163,0,211,406,0,406,617
11/26/2020,CHD,AZ,AWP,CE,Federal Contract Tower,0,0,5,0,5,0,0,66,0,66,0,0,71,0,71,21,0,21,92
11/27/2020,CHD,AZ,AWP,CE,Federal Contract Tower,0,10,9,0,19,0,19,139,0,158,0,29,148,0,177,224,0,224,401
11/28/2020,CHD,AZ,AWP,CE,Federal Contract Tower,0,6,5,0,11,0,10,160,0,170,0,16,165,0,181,267,0,267,448
11/29/2020,CHD,AZ,AWP,CE,Federal Contract Tower,0,3,6,0,9,0,11,115,0,126,0,14,121,0,135,205,0,205,340
11/30/2020,CHD,AZ,AWP,CE,Federal Contract Tower,0,13,26,0,39,0,26,105,0,131,0,39,131,0,170,345,0,345,515
12/01/2020,CHD,AZ,AWP,CE,Federal Contract Tower,0,4,3,0,7,0,36,196,0,232,0,40,199,0,239,477,0,477,716
12/02/2020,CHD,AZ,AWP,CE,Federal Contract Tower,0,14,16,0,30,0,36,152,0,188,0,50,168,0,218,477,0,477,695
12/03/2020,CHD,AZ,AWP,CE,Federal Contract Tower,0,8,17,0,25,0,36,150,4,190,0,44,167,4,215,478,0,478,693
12/04/2020,CHD,AZ,AWP,CE,Federal Contract Tower,0,10,16,0,26,0,40,166,0,206,0,50,182,0,232,444,0,444,676
12/05/2020,CHD,AZ,AWP,CE,Federal Contract Tower,0,1,7,0,8,0,17,168,0,185,0,18,175,0,193,347,0,347,540
12/06/2020,CHD,AZ,AWP,CE,Federal Contract Tower,0,0,10,1,11,0,15,137,1,153,0,15,147,2,164,245,0,245,409
12/07/2020,CHD,AZ,AWP,CE,Federal Contract Tower,0,1,13,0,14,0,19,123,0,142,0,20,136,0,156,435,0,435,591
12/08/2020,CHD,AZ,AWP,CE,Federal Contract Tower,0,14,23,0,37,0,46,166,0,212,0,60,189,0,249,547,0,547,796
12/09/2020,CHD,AZ,AWP,CE,Federal Contract Tower,0,8,13,0,21,0,28,179,0,207,0,36,192,0,228,526,0,526,754
12/10/2020,CHD,AZ,AWP,CE,Federal Contract Tower,0,3,14,0,17,0,4,47,0,51,0,7,61,0,68,240,0,240,308
12/11/2020,CHD,AZ,AWP,CE,Federal Contract Tower,0,14,21,0,35,0,27,134,0,161,0,41,155,0,196,500,0,500,696
12/12/2020,CHD,AZ,AWP,CE,Federal Contract Tower,0,2,4,0,6,0,16,195,0,211,0,18,199,0,217,342,0,342,559
12/13/2020,CHD,AZ,AWP,CE,Federal Contract Tower,0,4,9,0,13,0,18,144,0,162,0,22,153,0,175,233,0,233,408
12/14/2020,CHD,AZ,AWP,CE,Federal Contract Tower,0,0,4,0,4,0,26,129,0,155,0,26,133,0,159,503,0,503,662
12/15/2020,CHD,AZ,AWP,CE,Federal Contract Tower,0,3,6,0,9,0,30,209,0,239,0,33,215,0,248,612,0,612,860
12/16/2020,CHD,AZ,AWP,CE,Federal Contract Tower,0,0,7,0,7,0,29,166,5,200,0,29,173,5,207,514,3,517,724
12/17/2020,CHD,AZ,AWP,CE,Federal Contract Tower,0,14,9,0,23,0,35,141,0,176,0,49,150,0,199,422,0,422,621
12/18/2020,CHD,AZ,AWP,CE,Federal Contract Tower,0,5,11,0,16,0,19,166,0,185,0,24,177,0,201,401,0,401,602
12/19/2020,CHD,AZ,AWP,CE,Federal Contract Tower,0,3,4,0,7,0,16,176,0,192,0,19,180,0,199,233,0,233,432
12/20/2020,CHD,AZ,AWP,CE,Federal Contract Tower,0,4,2,0,6,0,8,130,0,138,0,12,132,0,144,159,0,159,303
12/21/2020,CHD,AZ,AWP,CE,Federal Contract Tower,0,4,8,0,12,0,13,121,0,134,0,17,129,0,146,251,0,251,397
12/22/2020,CHD,AZ,AWP,CE,Federal Contract Tower,0,6,12,0,18,0,25,163,2,190,0,31,175,2,208,306,0,306,514
12/23/2020,CHD,AZ,AWP,CE,Federal Contract Tower,0,1,21,3,25,0,25,132,0,157,0,26,153,3,182,293,0,293,475
12/24/2020,CHD,AZ,AWP,CE,Federal Contract Tower,0,6,3,0,9,0,6,87,0,93,0,12,90,0,102,52,0,52,154
12/25/2020,CHD,AZ,AWP,CE,Federal Contract Tower,0,0,1,0,1,0,1,36,0,37,0,1,37,0,38,35,0,35,73
12/26/2020,CHD,AZ,AWP,CE,Federal Contract Tower,0,2,9,0,11,0,3,169,0,172,0,5,178,0,183,208,0,208,391
12/27/2020,CHD,AZ,AWP,CE,Federal Contract Tower,0,5,9,0,14,0,7,153,0,160,0,12,162,0,174,180,0,180,354
12/28/2020,CHD,AZ,AWP,CE,Federal Contract Tower,0,5,6,0,11,0,9,98,0,107,0,14,104,0,118,268,0,268,386
12/29/2020,CHD,AZ,AWP,CE,Federal Contract Tower,0,3,15,0,18,0,21,145,0,166,0,24,160,0,184,279,0,279,463
12/30/2020,CHD,AZ,AWP,CE,Federal Contract Tower,0,4,15,0,19,0,9,126,0,135,0,13,141,0,154,330,0,330,484
12/31/2020,CHD,AZ,AWP,CE,Federal Contract Tower,0,5,8,0,13,0,10,160,0,170,0,15,168,0,183,296,0,296,479
01/01/2021,CHD,AZ,AWP,CE,Federal Contract Tower,0,4,4,0,8,0,0,79,0,79,0,4,83,0,87,82,0,82,169
01/02/2021,CHD,AZ,AWP,CE,Federal Contract Tower,0,2,5,0,7,0,13,187,0,200,0,15,192,0,207,266,0,266,473
01/03/2021,CHD,AZ,AWP,CE,Federal Contract Tower,0,9,8,0,17,0,11,160,0,171,0,20,168,0,188,216,0,216,404
01/04/2021,CHD,AZ,AWP,CE,Federal Contract Tower,0,5,13,0,18,0,22,122,0,144,0,27,135,0,162,327,0,327,489
01/05/2021,CHD,AZ,AWP,CE,Federal Contract Tower,0,1,8,0,9,0,32,122,0,154,0,33,130,0,163,491,0,491,654
01/06/2021,CHD,AZ,AWP,CE,Federal Contract Tower,0,1,5,0,6,0,38,158,0,196,0,39,163,0,202,458,0,458,660
01/07/2021,CHD,AZ,AWP,CE,Federal Contract Tower,0,14,9,0,23,0,41,158,0,199,0,55,167,0,222,300,0,300,522
01/08/2021,CHD,AZ,AWP,CE,Federal Contract Tower,0,9,5,0,14,0,25,152,0,177,0,34,157,0,191,252,0,252,443
01/09/2021,CHD,AZ,AWP,CE,Federal Contract Tower,0,3,5,0,8,0,21,120,0,141,0,24,125,0,149,264,0,264,413
01/10/2021,CHD,AZ,AWP,CE,Federal Contract Tower,0,1,0,0,1,0,11,120,0,131,0,12,120,0,132,226,0,226,358
01/11/2021,CHD,AZ,AWP,CE,Federal Contract Tower,0,15,15,0,30,0,27,120,0,147,0,42,135,0,177,297,0,297,474
01/12/2021,CHD,AZ,AWP,CE,Federal Contract Tower,0,7,16,0,23,0,28,179,2,209,0,35,195,2,232,465,6,471,703
01/13/2021,CHD,AZ,AWP,CE,Federal Contract Tower,0,5,14,0,19,0,21,197,0,218,0,26,211,0,237,459,0,459,696
01/14/2021,CHD,AZ,AWP,CE,Federal Contract Tower,0,7,9,0,16,0,27,257,0,284,0,34,266,0,300,364,0,364,664
01/15/2021,CHD,AZ,AWP,CE,Federal Contract Tower,0,7,21,0,28,0,26,183,0,209,0,33,204,0,237,458,0,458,695
01/16/2021,CHD,AZ,AWP,CE,Federal Contract Tower,0,2,7,0,9,0,15,200,0,215,0,17,207,0,224,309,0,309,533
01/17/2021,CHD,AZ,AWP,CE,Federal Contract Tower,0,0,3,0,3,0,10,149,0,159,0,10,152,0,162,287,0,287,449
01/18/2021,CHD,AZ,AWP,CE,Federal Contract Tower,0,3,15,0,18,0,27,200,0,227,0,30,215,0,245,410,0,410,655
01/20/2021,CHD,AZ,AWP,CE,Federal Contract Tower,0,13,14,0,27,0,26,147,0,173,0,39,161,0,200,338,1,339,539
01/21/2021,CHD,AZ,AWP,CE,Federal Contract Tower,0,4,5,0,9,0,31,147,0,178,0,35,152,0,187,405,0,405,592
01/22/2021,CHD,AZ,AWP,CE,Federal Contract Tower,0,6,9,0,15,0,31,165,0,196,0,37,174,0,211,385,1,386,597
01/23/2021,CHD,AZ,AWP,CE,Federal Contract Tower,0,0,9,0,9,0,12,95,0,107,0,12,104,0,116,204,0,204,320
01/24/2021,CHD,AZ,AWP,CE,Federal Contract Tower,0,1,6,0,7,0,0,23,0,23,0,1,29,0,30,36,0,36,66
01/25/2021,CHD,AZ,AWP,CE,Federal Contract Tower,0,1,4,0,5,0,3,28,0,31,0,4,32,0,36,78,0,78,114
01/26/2021,CHD,AZ,AWP,CE,Federal Contract Tower,0,3,5,0,8,0,20,126,2,148,0,23,131,2,156,375,0,375,531
01/27/2021,CHD,AZ,AWP,CE,Federal Contract Tower,0,15,19,0,34,0,62,238,1,301,0,77,257,1,335,486,0,486,821
01/28/2021,CHD,AZ,AWP,CE,Federal Contract Tower,0,8,23,1,32,0,24,204,1,229,0,32,227,2,261,452,0,452,713
01/29/2021,CHD,AZ,AWP,CE,Federal Contract Tower,0,4,9,0,13,0,25,106,2,133,0,29,115,2,146,323,0,323,469
01/30/2021,CHD,AZ,AWP,CE,Federal Contract Tower,0,4,15,0,19,0,16,187,0,203,0,20,202,0,222,309,0,309,531
01/31/2021,CHD,AZ,AWP,CE,Federal Contract Tower,0,4,9,0,13,0,16,191,0,207,0,20,200,0,220,313,0,313,533
02/01/2021,CHD,AZ,AWP,CE,Federal Contract Tower,0,11,13,0,24,0,29,139,0,168,0,40,152,0,192,394,0,394,586
02/02/2021,CHD,AZ,AWP,CE,Federal Contract Tower,0,6,4,0,10,0,34,175,0,209,0,40,179,0,219,553,0,553,772
02/03/2021,CHD,AZ,AWP,CE,Federal Contract Tower,0,3,8,0,11,0,31,170,0,201,0,34,178,0,212,505,0,505,717
02/04/2021,CHD,AZ,AWP,CE,Federal Contract Tower,0,9,8,0,17,0,25,215,0,240,0,34,223,0,257,573,0,573,830
02/05/2021,CHD,AZ,AWP,CE,Federal Contract Tower,0,7,6,0,13,0,21,178,0,199,0,28,184,0,212,349,0,349,561
02/06/2021,CHD,AZ,AWP,CE,Federal Contract Tower,0,5,3,0,8,0,14,198,0,212,0,19,201,0,220,396,0,396,616
02/07/2021,CHD,AZ,AWP,CE,Federal Contract Tower,0,0,4,0,4,0,16,155,0,171,0,16,159,0,175,127,0,127,302
02/08/2021,CHD,AZ,AWP,CE,Federal Contract Tower,0,3,16,0,19,0,28,192,4,224,0,31,208,4,243,334,0,334,577
02/09/2021,CHD,AZ,AWP,CE,Federal Contract Tower,0,6,13,0,19,0,36,174,0,210,0,42,187,0,229,380,0,380,609
02/10/2021,CHD,AZ,AWP,CE,Federal Contract Tower,0,8,12,0,20,0,36,196,0,232,0,44,208,0,252,478,2,480,732
02/11/2021,CHD,AZ,AWP,CE,Federal Contract Tower,0,4,13,0,17,0,37,220,0,257,0,41,233,0,274,521,0,521,795
02/12/2021,CHD,AZ,AWP,CE,Federal Contract Tower,0,2,7,0,9,0,21,129,0,150,0,23,136,0,159,338,0,338,497
02/13/2021,CHD,AZ,AWP,CE,Federal Contract Tower,0,5,8,0,13,0,27,116,0,143,0,32,124,0,156,249,0,249,405
02/14/2021,CHD,AZ,AWP,CE,Federal Contract Tower,0,2,1,0,3,0,24,136,0,160,0,26,137,0,163,229,0,229,392
02/15/2021,CHD,AZ,AWP,CE,Federal Contract Tower,0,6,18,0,24,0,22,191,0,213,0,28,209,0,237,395,0,395,632
02/16/2021,CHD,AZ,AWP,CE,Federal Contract Tower,0,9,9,0,18,0,35,157,2,194,0,44,166,2,212,488,0,488,700
02/17/2021,CHD,AZ,AWP,CE,Federal Contract Tower,0,2,8,0,10,0,35,176,0,211,0,37,184,0,221,443,0,443,664
02/18/2021,CHD,AZ,AWP,CE,Federal Contract Tower,0,8,7,0,15,0,26,193,0,219,0,34,200,0,234,488,0,488,722
02/19/2021,CHD,AZ,AWP,CE,Federal Contract Tower,0,15,6,0,21,0,32,193,0,225,0,47,199,0,246,385,0,385,631
02/20/2021,CHD,AZ,AWP,CE,Federal Contract Tower,0,2,6,0,8,0,26,162,0,188,0,28,168,0,196,283,0,283,479
02/21/2021,CHD,AZ,AWP,CE,Federal Contract Tower,0,9,5,0,14,0,25,195,0,220,0,34,200,0,234,264,0,264,498
02/22/2021,CHD,AZ,AWP,CE,Federal Contract Tower,0,1,9,0,10,0,29,200,0,229,0,30,209,0,239,506,0,506,745
02/23/2021,CHD,AZ,AWP,CE,Federal Contract Tower,0,6,15,0,21,0,42,200,0,242,0,48,215,0,263,568,0,568,831
02/24/2021,CHD,AZ,AWP,CE,Federal Contract Tower,0,6,11,0,17,0,29,193,0,222,0,35,204,0,239,515,0,515,754
02/25/2021,CHD,AZ,AWP,CE,Federal Contract Tower,0,4,11,0,15,0,31,152,0,183,0,35,163,0,198,551,0,551,749
02/26/2021,CHD,AZ,AWP,CE,Federal Contract Tower,0,7,9,0,16,0,32,214,0,246,0,39,223,0,262,491,0,491,753
02/27/2021,CHD,AZ,AWP,CE,Federal Contract Tower,0,1,8,0,9,0,13,199,0,212,0,14,207,0,221,305,0,305,526
02/28/2021,CHD,AZ,AWP,CE,Federal Contract Tower,0,4,6,0,10,0,10,70,0,80,0,14,76,0,90,84,0,84,174
03/01/2021,CHD,AZ,AWP,CE,Federal Contract Tower,0,6,20,0,26,0,30,175,0,205,0,36,195,0,231,443,0,443,674
03/02/2021,CHD,AZ,AWP,CE,Federal Contract Tower,0,13,22,0,35,0,29,150,0,179,0,42,172,0,214,531,0,531,745
03/03/2021,CHD,AZ,AWP,CE,Federal Contract Tower,0,2,11,0,13,0,27,145,0,172,0,29,156,0,185,371,0,371,556
03/04/2021,CHD,AZ,AWP,CE,Federal Contract Tower,0,1,15,0,16,0,39,211,0,250,0,40,226,0,266,533,0,533,799
03/05/2021,CHD,AZ,AWP,CE,Federal Contract Tower,0,2,8,0,10,0,45,200,0,245,0,47,208,0,255,461,0,461,716
03/06/2021,CHD,AZ,AWP,CE,Federal Contract Tower,0,6,8,0,14,0,25,170,0,195,0,31,178,0,209,173,0,173,382
03/07/2021,CHD,AZ,AWP,CE,Federal Contract Tower,0,2,5,0,7,0,14,154,0,168,0,16,159,0,175,298,0,298,473
03/08/2021,CHD,AZ,AWP,CE,Federal Contract Tower,0,0,12,0,12,0,17,149,0,166,0,17,161,0,178,310,0,310,488
03/09/2021,CHD,AZ,AWP,CE,Federal Contract Tower,0,2,2,0,4,0,19,140,0,159,0,21,142,0,163,408,0,408,571
03/10/2021,CHD,AZ,AWP,CE,Federal Contract Tower,0,2,9,0,11,0,37,195,0,232,0,39,204,0,243,538,0,538,781
03/11/2021,CHD,AZ,AWP,CE,Federal Contract Tower,0,8,14,0,22,0,18,175,0,193,0,26,189,0,215,517,0,517,732
03/12/2021,CHD,AZ,AWP,CE,Federal Contract Tower,0,4,4,0,8,0,11,92,0,103,0,15,96,0,111,372,0,372,483
03/13/2021,CHD,AZ,AWP,CE,Federal Contract Tower,0,1,1,0,2,0,26,126,0,152,0,27,127,0,154,273,0,273,427
03/14/2021,CHD,AZ,AWP,CE,Federal Contract Tower,0,3,3,0,6,0,33,203,0,236,0,36,206,0,242,420,0,420,662
03/15/2021,CHD,AZ,AWP,CE,Federal Contract Tower,0,4,11,0,15,0,33,156,0,189,0,37,167,0,204,517,0,517,721
03/16/2021,CHD,AZ,AWP,CE,Federal Contract Tower,0,4,12,0,16,0,38,140,0,178,0,42,152,0,194,559,0,559,753
03/17/2021,CHD,AZ,AWP,CE,Federal Contract Tower,0,9,12,0,21,0,60,207,0,267,0,69,219,0,288,477,0,477,765
03/18/2021,CHD,AZ,AWP,CE,Federal Contract Tower,0,5,14,0,19,0,36,179,0,215,0,41,193,0,234,541,0,541,775
03/19/2021,CHD,AZ,AWP,CE,Federal Contract Tower,0,16,10,0,26,0,30,195,0,225,0,46,205,0,251,513,0,513,764
03/20/2021,CHD,AZ,AWP,CE,Federal Contract Tower,0,4,10,0,14,0,24,158,0,182,0,28,168,0,196,350,0,350,546
03/21/2021,CHD,AZ,AWP,CE,Federal Contract Tower,0,2,3,0,5,0,26,147,0,173,0,28,150,0,178,337,0,337,515
03/22/2021,CHD,AZ,AWP,CE,Federal Contract Tower,0,8,8,0,16,0,26,126,0,152,0,34,134,0,168,384,0,384,552
03/23/2021,CHD,AZ,AWP,CE,Federal Contract Tower,0,0,12,0,12,0,25,127,0,152,0,25,139,0,164,301,0,301,465
03/24/2021,CHD,AZ,AWP,CE,Federal Contract Tower,0,4,8,0,12,0,29,192,0,221,0,33,200,0,233,574,0,574,807
03/25/2021,CHD,AZ,AWP,CE,Federal Contract Tower,0,2,9,0,11,0,23,101,0,124,0,25,110,0,135,316,0,316,451
03/26/2021,CHD,AZ,AWP,CE,Federal Contract Tower,0,3,13,0,16,0,25,149,0,174,0,28,162,0,190,444,0,444,634
03/27/2021,CHD,AZ,AWP,CE,Federal Contract Tower,0,4,7,0,11,0,11,167,0,178,0,15,174,0,189,369,0,369,558
03/28/2021,CHD,AZ,AWP,CE,Federal Contract Tower,0,11,8,0,19,0,25,227,0,252,0,36,235,0,271,287,0,287,558
03/29/2021,CHD,AZ,AWP,CE,Federal Contract Tower,0,4,13,0,17,0,45,239,0,284,0,49,252,0,301,716,0,716,1017
03/30/2021,CHD,AZ,AWP,CE,Federal Contract Tower,0,7,13,0,20,0,30,218,0,248,0,37,231,0,268,704,0,704,972
03/31/2021,CHD,AZ,AWP,CE,Federal Contract Tower,0,12,15,0,27,0,37,232,0,269,0,49,247,0,296,613,0,613,909
04/01/2021,CHD,AZ,AWP,CE,Federal Contract Tower,0,11,24,0,35,0,25,153,0,178,0,36,177,0,213,459,0,459,672
04/02/2021,CHD,AZ,AWP,CE,Federal Contract Tower,0,5,11,0,16,0,41,186,0,227,0,46,197,0,243,435,0,435,678
04/03/2021,CHD,AZ,AWP,CE,Federal Contract Tower,0,2,10,0,12,0,34,220,0,254,0,36,230,0,266,297,0,297,563
04/04/2021,CHD,AZ,AWP,CE,Federal Contract Tower,0,1,4,0,5,0,15,102,0,117,0,16,106,0,122,262,0,262,384
04/05/2021,CHD,AZ,AWP,CE,Federal Contract Tower,0,8,8,0,16,0,26,176,0,202,0,34,184,0,218,512,0,512,730
04/06/2021,CHD,AZ,AWP,CE,Federal Contract Tower,0,5,5,0,10,0,27,179,0,206,0,32,184,0,216,486,0,486,702
04/07/2021,CHD,AZ,AWP,CE,Federal Contract Tower,0,6,15,0,21,0,22,210,0,232,0,28,225,0,253,410,0,410,663
04/08/2021,CHD,AZ,AWP,CE,Federal Contract Tower,0,8,10,0,18,0,36,174,0,210,0,44,184,0,228,496,0,496,724
04/09/2021,CHD,AZ,AWP,CE,Federal Contract Tower,0,10,9,0,19,0,33,204,0,237,0,43,213,0,256,456,0,456,712
04/10/2021,CHD,AZ,AWP,CE,Federal Contract Tower,0,5,14,0,19,0,21,180,0,201,0,26,194,0,220,336,0,336,556
04/11/2021,CHD,AZ,AWP,CE,Federal Contract Tower,0,3,15,2,20,0,28,189,0,217,0,31,204,2,237,358,0,358,595
04/12/2021,CHD,AZ,AWP,CE,Federal Contract Tower,0,5,12,0,17,0,39,206,0,245,0,44,218,0,262,494,0,494,756
04/13/2021,CHD,AZ,AWP,CE,Federal Contract Tower,0,7,11,0,18,0,32,181,0,213,0,39,192,0,231,545,0,545,776
04/14/2021,CHD,AZ,AWP,CE,Federal Contract Tower,0,3,13,0,16,0,43,176,0,219,0,46,189,0,235,461,0,461,696
04/15/2021,CHD,AZ,AWP,CE,Federal Contract Tower,0,5,18,0,23,0,19,173,0,192,0,24,191,0,215,509,0,509,724
04/16/2021,CHD,AZ,AWP,CE,Federal Contract Tower,0,3,9,0,12,0,25,214,0,239,0,28,223,0,251,415,0,415,666
04/17/2021,CHD,AZ,AWP,CE,Federal Contract Tower,0,7,16,0,23,0,18,239,0,257,0,25,255,0,280,373,0,373,653
04/18/2021,CHD,AZ,AWP,CE,Federal Contract Tower,0,4,16,0,20,0,23,161,0,184,0,27,177,0,204,256,0,256,460
04/19/2021,CHD,AZ,AWP,CE,Federal Contract Tower,0,6,8,0,14,0,54,188,0,242,0,60,196,0,256,636,0,636,892
04/20/2021,CHD,AZ,AWP,CE,Federal Contract Tower,0,2,8,0,10,0,45,207,0,252,0,47,215,0,262,550,0,550,812
04/21/2021,CHD,AZ,AWP,CE,Federal Contract Tower,0,6,1,0,7,0,20,78,0,98,0,26,79,0,105,243,0,243,348
04/22/2021,CHD,AZ,AWP,CE,Federal Contract Tower,0,5,4,0,9,0,27,162,2,191,0,32,166,2,200,346,0,346,546
04/23/2021,CHD,AZ,AWP,CE,Federal Contract Tower,0,5,7,0,12,0,47,197,0,244,0,52,204,0,256,524,0,524,780
04/25/2021,CHD,AZ,AWP,CE,Federal Contract Tower,0,8,9,0,17,0,33,165,0,198,0,41,174,0,215,274,0,274,489
04/26/2021,CHD,AZ,AWP,CE,Federal Contract Tower,0,2,10,0,12,0,28,125,0,153,0,30,135,0,165,450,0,450,615
04/27/2021,CHD,AZ,AWP,CE,Federal Contract Tower,0,2,6,0,8,0,18,153,0,171,0,20,159,0,179,496,0,496,675
04/28/2021,CHD,AZ,AWP,CE,Federal Contract Tower,0,3,14,0,17,0,41,172,0,213,0,44,186,0,230,598,0,598,828
04/29/2021,CHD,AZ,AWP,CE,Federal Contract Tower,0,5,20,0,25,0,33,219,0,252,0,38,239,0,277,647,0,647,924
04/30/2021,CHD,AZ,AWP,CE,Federal Contract Tower,0,5,10,0,15,0,38,173,0,211,0,43,183,0,226,512,0,512,738
05/01/2021,CHD,AZ,AWP,CE,Federal Contract Tower,0,0,4,0,4,0,27,152,0,179,0,27,156,0,183,294,0,294,477
05/02/2021,CHD,AZ,AWP,CE,Federal Contract Tower,0,4,6,0,10,0,19,134,0,153,0,23,140,0,163,257,0,257,420
05/03/2021,CHD,AZ,AWP,CE,Federal Contract Tower,0,1,9,0,10,0,30,177,0,207,0,31,186,0,217,508,0,508,725
05/04/2021,CHD,AZ,AWP,CE,Federal Contract Tower,0,6,10,0,16,0,37,222,0,259,0,43,232,0,275,692,0,692,967
05/05/2021,CHD,AZ,AWP,CE,Federal Contract Tower,0,7,15,0,22,0,26,192,0,218,0,33,207,0,240,670,0,670,910
05/06/2021,CHD,AZ,AWP,CE,Federal Contract Tower,0,0,18,0,18,0,30,164,3,197,0,30,182,3,215,481,0,481,696
05/07/2021,CHD,AZ,AWP,CE,Federal Contract Tower,0,3,11,0,14,0,34,177,0,211,0,37,188,0,225,480,0,480,705
05/09/2021,CHD,AZ,AWP,CE,Federal Contract Tower,0,3,4,0,7,0,31,116,0,147,0,34,120,0,154,223,0,223,377
05/10/2021,CHD,AZ,AWP,CE,Federal Contract Tower,0,6,5,0,11,0,38,160,0,198,0,44,165,0,209,483,0,483,692
05/11/2021,CHD,AZ,AWP,CE,Federal Contract Tower,0,2,11,1,14,0,52,188,1,241,0,54,199,2,255,514,0,514,769
05/12/2021,CHD,AZ,AWP,CE,Federal Contract Tower,0,6,7,0,13,0,32,214,0,246,0,38,221,0,259,532,0,532,791
05/13/2021,CHD,AZ,AWP,CE,Federal Contract Tower,0,2,8,0,10,0,28,151,0,179,0,30,159,0,189,452,0,452,641
05/14/2021,CHD,AZ,AWP,CE,Federal Contract Tower,0,5,5,0,10,0,36,161,0,197,0,41,166,0,207,414,0,414,621
05/15/2021,CHD,AZ,AWP,CE,Federal Contract Tower,0,2,8,0,10,0,28,145,0,173,0,30,153,0,183,284,0,284,467
05/16/2021,CHD,AZ,AWP,CE,Federal Contract Tower,0,1,4,0,5,0,10,163,0,173,0,11,167,0,178,351,0,351,529
05/17/2021,CHD,AZ,AWP,CE,Federal Contract Tower,0,1,12,0,13,0,18,157,0,175,0,19,169,0,188,508,0,508,696
05/18/2021,CHD,AZ,AWP,CE,Federal Contract Tower,0,5,9,0,14,0,27,219,0,246,0,32,228,0,260,598,0,598,858
05/19/2021,CHD,AZ,AWP,CE,Federal Contract Tower,0,0,7,0,7,0,25,173,0,198,0,25,180,0,205,0,493,493,698
05/20/2021,CHD,AZ,AWP,CE,Federal Contract Tower,0,4,5,0,9,0,23,135,0,158,0,27,140,0,167,374,0,374,541
05/21/2021,CHD,AZ,AWP,CE,Federal Contract Tower,0,0,10,0,10,0,18,122,0,140,0,18,132,0,150,427,0,427,577
05/22/2021,CHD,AZ,AWP,CE,Federal Contract Tower,0,1,4,0,5,0,22,163,0,185,0,23,167,0,190,374,0,374,564
05/23/2021,CHD,AZ,AWP,CE,Federal Contract Tower,0,2,8,0,10,0,20,202,0,222,0,22,210,0,232,354,0,354,586
05/24/2021,CHD,AZ,AWP,CE,Federal Contract Tower,0,8,10,0,18,0,32,168,0,200,0,40,178,0,218,509,0,509,727
05/25/2021,CHD,AZ,AWP,CE,Federal Contract Tower,0,2,11,0,13,0,37,155,0,192,0,39,166,0,205,685,0,685,890
05/26/2021,CHD,AZ,AWP,CE,Federal Contract Tower,0,5,12,0,17,0,30,181,0,211,0,35,193,0,228,531,0,531,759
05/27/2021,CHD,AZ,AWP,CE,Federal Contract Tower,0,5,5,0,10,0,26,141,0,167,0,31,146,0,177,492,0,492,669
05/28/2021,CHD,AZ,AWP,CE,Federal Contract Tower,0,2,6,0,8,0,15,165,0,180,0,17,171,0,188,375,0,375,563
05/29/2021,CHD,AZ,AWP,CE,Federal Contract Tower,0,3,5,0,8,0,18,143,0,161,0,21,148,0,169,268,0,268,437
05/30/2021,CHD,AZ,AWP,CE,Federal Contract Tower,0,4,1,0,5,0,19,136,0,155,0,23,137,0,160,237,0,237,397
05/31/2021,CHD,AZ,AWP,CE,Federal Contract Tower,0,3,10,0,13,0,21,174,0,195,0,24,184,0,208,381,2,383,591
06/01/2021,CHD,AZ,AWP,CE,Federal Contract Tower,0,7,22,0,29,0,35,217,0,252,0,42,239,0,281,507,0,507,788
06/02/2021,CHD,AZ,AWP,CE,Federal Contract Tower,0,2,0,0,2,0,29,178,0,207,0,31,178,0,209,515,0,515,724
06/03/2021,CHD,AZ,AWP,CE,Federal Contract Tower,0,12,11,0,23,0,21,183,0,204,0,33,194,0,227,637,0,637,864
06/04/2021,CHD,AZ,AWP,CE,Federal Contract Tower,0,4,11,0,15,0,14,168,0,182,0,18,179,0,197,567,0,567,764
06/05/2021,CHD,AZ,AWP,CE,Federal Contract Tower,0,5,4,0,9,0,16,110,0,126,0,21,114,0,135,307,0,307,442
06/06/2021,CHD,AZ,AWP,CE,Federal Contract Tower,0,2,10,0,12,0,18,128,0,146,0,20,138,0,158,222,0,222,380
06/07/2021,CHD,AZ,AWP,CE,Federal Contract Tower,0,2,10,0,12,0,20,152,0,172,0,22,162,0,184,566,0,566,750
06/08/2021,CHD,AZ,AWP,CE,Federal Contract Tower,0,3,7,0,10,0,36,257,0,293,0,39,264,0,303,594,0,594,897
06/09/2021,CHD,AZ,AWP,CE,Federal Contract Tower,0,4,13,0,17,0,28,219,0,247,0,32,232,0,264,532,2,534,798
06/10/2021,CHD,AZ,AWP,CE,Federal Contract Tower,0,3,6,0,9,0,29,192,0,221,0,32,198,0,230,744,0,744,974
06/11/2021,CHD,AZ,AWP,CE,Federal Contract Tower,0,5,8,0,13,0,34,182,0,216,0,39,190,0,229,571,0,571,800
06/12/2021,CHD,AZ,AWP,CE,Federal Contract Tower,0,2,5,0,7,0,15,170,0,185,0,17,175,0,192,421,0,421,613
06/13/2021,CHD,AZ,AWP,CE,Federal Contract Tower,0,7,8,0,15,0,23,117,0,140,0,30,125,0,155,197,0,197,352
06/14/2021,CHD,AZ,AWP,CE,Federal Contract Tower,0,2,3,0,5,0,22,147,0,169,0,24,150,0,174,434,0,434,608
06/15/2021,CHD,AZ,AWP,CE,Federal Contract Tower,0,8,10,0,18,0,22,154,0,176,0,30,164,0,194,551,0,551,745
06/16/2021,CHD,AZ,AWP,CE,Federal Contract Tower,0,6,12,0,18,0,28,165,0,193,0,34,177,0,211,393,0,393,604
06/17/2021,CHD,AZ,AWP,CE,Federal Contract Tower,0,3,13,0,16,0,16,168,0,184,0,19,181,0,200,466,0,466,666
06/18/2021,CHD,AZ,AWP,CE,Federal Contract Tower,0,1,7,0,8,0,32,133,0,165,0,33,140,0,173,439,0,439,612
06/19/2021,CHD,AZ,AWP,CE,Federal Contract Tower,0,3,6,0,9,0,10,125,0,135,0,13,131,0,144,313,0,313,457
06/20/2021,CHD,AZ,AWP,CE,Federal Contract Tower,0,5,8,0,13,0,19,73,0,92,0,24,81,0,105,153,0,153,258
06/21/2021,CHD,AZ,AWP,CE,Federal Contract Tower,0,2,9,0,11,0,31,175,0,206,0,33,184,0,217,493,0,493,710
06/22/2021,CHD,AZ,AWP,CE,Federal Contract Tower,0,7,6,0,13,0,27,170,0,197,0,34,176,0,210,521,0,521,731
06/23/2021,CHD,AZ,AWP,CE,Federal Contract Tower,0,2,8,0,10,0,20,150,0,170,0,22,158,0,180,500,0,500,680
06/24/2021,CHD,AZ,AWP,CE,Federal Contract Tower,0,3,9,0,12,12,189,0,0,201,12,192,9,0,213,555,0,555,768
06/25/2021,CHD,AZ,AWP,CE,Federal Contract Tower,0,3,11,0,14,0,30,203,0,233,0,33,214,0,247,540,0,540,787
06/26/2021,CHD,AZ,AWP,CE,Federal Contract Tower,0,4,11,0,15,0,15,194,0,209,0,19,205,0,224,425,0,425,649
06/27/2021,CHD,AZ,AWP,CE,Federal Contract Tower,0,3,4,0,7,0,17,132,0,149,0,20,136,0,156,228,0,228,384
06/28/2021,CHD,AZ,AWP,CE,Federal Contract Tower,0,5,7,0,12,0,39,176,0,215,0,44,183,0,227,331,0,331,558
06/29/2021,CHD,AZ,AWP,CE,Federal Contract Tower,0,8,20,0,28,0,34,182,0,216,0,42,202,0,244,541,0,541,785
06/30/2021,CHD,AZ,AWP,CE,Federal Contract Tower,0,5,20,0,25,0,15,201,0,216,0,20,221,0,241,459,0,459,700
07/01/2021,CHD,AZ,AWP,CE,Federal Contract Tower,0,5,15,0,20,0,19,173,0,192,0,24,188,0,212,593,0,593,805
07/02/2021,CHD,AZ,AWP,CE,Federal Contract Tower,0,7,16,0,23,0,16,167,0,183,0,23,183,0,206,478,0,478,684
07/03/2021,CHD,AZ,AWP,CE,Federal Contract Tower,0,3,13,0,16,0,25,112,0,137,0,28,125,0,153,320,0,320,473
07/04/2021,CHD,AZ,AWP,CE,Federal Contract Tower,0,0,2,0,2,0,25,87,0,112,0,25,89,0,114,119,0,119,233
07/05/2021,CHD,AZ,AWP,CE,Federal Contract Tower,0,2,11,0,13,0,34,121,0,155,0,36,132,0,168,229,0,229,397
07/06/2021,CHD,AZ,AWP,CE,Federal Contract Tower,0,3,8,0,11,0,26,180,0,206,0,29,188,0,217,512,0,512,729
07/07/2021,CHD,AZ,AWP,CE,Federal Contract Tower,0,0,8,0,8,0,50,195,0,245,0,50,203,0,253,538,0,538,791
07/08/2021,CHD,AZ,AWP,CE,Federal Contract Tower,0,5,9,0,14,0,28,185,0,213,0,33,194,0,227,637,0,637,864
07/09/2021,CHD,AZ,AWP,CE,Federal Contract Tower,0,4,16,0,20,0,40,190,0,230,0,44,206,0,250,606,0,606,856
07/10/2021,CHD,AZ,AWP,CE,Federal Contract Tower,0,1,2,0,3,0,22,155,0,177,0,23,157,0,180,210,0,210,390
07/11/2021,CHD,AZ,AWP,CE,Federal Contract Tower,0,1,10,0,11,0,14,97,0,111,0,15,107,0,122,214,0,214,336
07/12/2021,CHD,AZ,AWP,CE,Federal Contract Tower,0,1,10,0,11,0,55,134,0,189,0,56,144,0,200,525,0,525,725
07/13/2021,CHD,AZ,AWP,CE,Federal Contract Tower,0,8,4,0,12,0,49,167,0,216,0,57,171,0,228,546,0,546,774
07/14/2021,CHD,AZ,AWP,CE,Federal Contract Tower,0,1,13,0,14,0,25,114,2,141,0,26,127,2,155,411,1,412,567
07/15/2021,CHD,AZ,AWP,CE,Federal Contract Tower,0,8,3,0,11,0,46,191,0,237,0,54,194,0,248,549,0,549,797
07/16/2021,CHD,AZ,AWP,CE,Federal Contract Tower,0,1,5,0,6,0,30,119,0,149,0,31,124,0,155,332,0,332,487
07/17/2021,CHD,AZ,AWP,CE,Federal Contract Tower,0,3,11,0,14,0,48,169,0,217,0,51,180,0,231,437,0,437,668
07/18/2021,CHD,AZ,AWP,CE,Federal Contract Tower,0,10,5,0,15,0,20,101,0,121,0,30,106,0,136,159,0,159,295
07/19/2021,CHD,AZ,AWP,CE,Federal Contract Tower,0,5,10,0,15,0,68,222,0,290,0,73,232,0,305,634,0,634,939
07/20/2021,CHD,AZ,AWP,CE,Federal Contract Tower,0,0,2,0,2,0,51,196,0,247,0,51,198,0,249,678,0,678,927
07/21/2021,CHD,AZ,AWP,CE,Federal Contract Tower,0,10,11,0,21,0,44,172,0,216,0,54,183,0,237,519,0,519,756
07/22/2021,CHD,AZ,AWP,CE,Federal Contract Tower,0,5,5,0,10,0,41,205,0,246,0,46,210,0,256,498,0,498,754
07/23/2021,CHD,AZ,AWP,CE,Federal Contract Tower,0,8,3,0,11,0,5,78,0,83,0,13,81,0,94,244,0,244,338
07/25/2021,CHD,AZ,AWP,CE,Federal Contract Tower,0,10,7,0,17,0,8,43,0,51,0,18,50,0,68,89,0,89,157
07/26/2021,CHD,AZ,AWP,CE,Federal Contract Tower,0,3,18,0,21,0,59,252,0,311,0,62,270,0,332,599,0,599,931
07/27/2021,CHD,AZ,AWP,CE,Federal Contract Tower,0,3,11,0,14,0,42,183,0,225,0,45,194,0,239,518,0,518,757
07/28/2021,CHD,AZ,AWP,CE,Federal Contract Tower,0,2,3,0,5,0,54,166,0,220,0,56,169,0,225,612,0,612,837
07/29/2021,CHD,AZ,AWP,CE,Federal Contract Tower,0,7,13,0,20,0,41,153,0,194,0,48,166,0,214,635,0,635,849
07/30/2021,CHD,AZ,AWP,CE,Federal Contract Tower,0,5,10,0,15,0,25,134,2,161,0,30,144,2,176,428,0,428,604
07/31/2021,CHD,AZ,AWP,CE,Federal Contract Tower,0,2,4,0,6,0,28,141,0,169,0,30,145,0,175,553,0,553,728
08/01/2021,CHD,AZ,AWP,CE,Federal Contract Tower,0,3,7,0,10,0,28,89,0,117,0,31,96,0,127,287,0,287,414
08/02/2021,CHD,AZ,AWP,CE,Federal Contract Tower,0,8,11,0,19,0,54,160,0,214,0,62,171,0,233,488,0,488,721
08/03/2021,CHD,AZ,AWP,CE,Federal Contract Tower,0,4,6,0,10,0,44,150,0,194,0,48,156,0,204,504,0,504,708
08/04/2021,CHD,AZ,AWP,CE,Federal Contract Tower,0,4,7,0,11,0,37,157,0,194,0,41,164,0,205,583,0,583,788
08/05/2021,CHD,AZ,AWP,CE,Federal Contract Tower,0,3,5,0,8,0,27,142,0,169,0,30,147,0,177,569,0,569,746
08/06/2021,CHD,AZ,AWP,CE,Federal Contract Tower,0,2,9,0,11,0,24,142,0,166,0,26,151,0,177,269,0,269,446
08/07/2021,CHD,AZ,AWP,CE,Federal Contract Tower,0,3,3,0,6,0,30,128,0,158,0,33,131,0,164,329,0,329,493
08/08/2021,CHD,AZ,AWP,CE,Federal Contract Tower,0,3,11,0,14,0,23,111,0,134,0,26,122,0,148,200,0,200,348
08/09/2021,CHD,AZ,AWP,CE,Federal Contract Tower,0,2,6,0,8,0,18,97,0,115,0,20,103,0,123,272,0,272,395
08/10/2021,CHD,AZ,AWP,CE,Federal Contract Tower,0,4,6,0,10,0,21,86,0,107,0,25,92,0,117,153,0,153,270
08/11/2021,CHD,AZ,AWP,CE,Federal Contract Tower,0,4,6,0,10,0,36,128,0,164,0,40,134,0,174,348,0,348,522
08/12/2021,CHD,AZ,AWP,CE,Federal Contract Tower,0,3,14,0,17,0,32,138,0,170,0,35,152,0,187,271,0,271,458
08/13/2021,CHD,AZ,AWP,CE,Federal Contract Tower,0,3,7,0,10,0,42,131,0,173,0,45,138,0,183,337,0,337,520
08/14/2021,CHD,AZ,AWP,CE,Federal Contract Tower,0,8,14,0,22,0,38,87,0,125,0,46,101,0,147,327,0,327,474
08/15/2021,CHD,AZ,AWP,CE,Federal Contract Tower,0,1,8,0,9,0,29,113,0,142,0,30,121,0,151,251,0,251,402
08/16/2021,CHD,AZ,AWP,CE,Federal Contract Tower,0,1,10,2,13,0,30,197,0,227,0,31,207,2,240,342,0,342,582
08/17/2021,CHD,AZ,AWP,CE,Federal Contract Tower,0,5,8,0,13,0,27,199,0,226,0,32,207,0,239,376,0,376,615
08/18/2021,CHD,AZ,AWP,CE,Federal Contract Tower,0,2,7,0,9,0,25,139,0,164,0,27,146,0,173,199,0,199,372
08/19/2021,CHD,AZ,AWP,CE,Federal Contract Tower,0,5,12,0,17,0,24,182,0,206,0,29,194,0,223,245,0,245,468
08/20/2021,CHD,AZ,AWP,CE,Federal Contract Tower,0,6,15,0,21,0,23,186,0,209,0,29,201,0,230,318,0,318,548
08/21/2021,CHD,AZ,AWP,CE,Federal Contract Tower,0,5,6,0,11,0,24,132,0,156,0,29,138,0,167,325,0,325,492
08/22/2021,CHD,AZ,AWP,CE,Federal Contract Tower,0,5,4,0,9,0,26,112,0,138,0,31,116,0,147,130,0,130,277
08/23/2021,CHD,AZ,AWP,CE,Federal Contract Tower,0,8,6,0,14,0,32,192,0,224,0,40,198,0,238,349,0,349,587
08/24/2021,CHD,AZ,AWP,CE,Federal Contract Tower,0,5,10,0,15,0,37,175,0,212,0,42,185,0,227,317,0,317,544
08/25/2021,CHD,AZ,AWP,CE,Federal Contract Tower,0,5,3,0,8,0,31,191,0,222,0,36,194,0,230,279,0,279,509
08/26/2021,CHD,AZ,AWP,CE,Federal Contract Tower,0,2,11,0,13,0,25,177,0,202,0,27,188,0,215,287,0,287,502
08/27/2021,CHD,AZ,AWP,CE,Federal Contract Tower,0,4,21,0,25,0,9,171,0,180,0,13,192,0,205,329,0,329,534
08/28/2021,CHD,AZ,AWP,CE,Federal Contract Tower,0,1,7,0,8,0,22,102,0,124,0,23,109,0,132,216,0,216,348
08/29/2021,CHD,AZ,AWP,CE,Federal Contract Tower,0,4,0,0,4,0,19,144,0,163,0,23,144,0,167,165,0,165,332
08/30/2021,CHD,AZ,AWP,CE,Federal Contract Tower,0,6,8,0,14,0,29,190,0,219,0,35,198,0,233,350,0,350,583
08/31/2021,CHD,AZ,AWP,CE,Federal Contract Tower,0,3,1,1,5,0,22,184,1,207,0,25,185,2,212,361,0,361,573
09/01/2021,CHD,AZ,AWP,CE,Federal Contract Tower,0,7,6,0,13,0,17,152,0,169,0,24,158,0,182,298,0,298,480
09/02/2021,CHD,AZ,AWP,CE,Federal Contract Tower,0,7,7,0,14,0,26,199,0,225,0,33,206,0,239,600,0,600,839
09/03/2021,CHD,AZ,AWP,CE,Federal Contract Tower,0,3,7,0,10,0,24,184,0,208,0,27,191,0,218,520,0,520,738
09/04/2021,CHD,AZ,AWP,CE,Federal Contract Tower,0,2,4,0,6,0,17,147,0,164,0,19,151,0,170,216,0,216,386
09/05/2021,CHD,AZ,AWP,CE,Federal Contract Tower,0,1,4,0,5,0,20,123,0,143,0,21,127,0,148,153,0,153,301
09/06/2021,CHD,AZ,AWP,CE,Federal Contract Tower,0,4,4,0,8,0,20,179,0,199,0,24,183,0,207,328,0,328,535
09/07/2021,CHD,AZ,AWP,CE,Federal Contract Tower,0,5,3,0,8,0,29,155,0,184,0,34,158,0,192,330,0,330,522
09/08/2021,CHD,AZ,AWP,CE,Federal Contract Tower,0,5,10,0,15,0,23,184,0,207,0,28,194,0,222,353,14,367,589
09/09/2021,CHD,AZ,AWP,CE,Federal Contract Tower,0,7,9,0,16,0,21,157,0,178,0,28,166,0,194,518,0,518,712
09/10/2021,CHD,AZ,AWP,CE,Federal Contract Tower,0,6,11,0,17,0,27,156,0,183,0,33,167,0,200,415,0,415,615
09/11/2021,CHD,AZ,AWP,CE,Federal Contract Tower,0,5,7,0,12,0,25,160,0,185,0,30,167,0,197,272,0,272,469
09/12/2021,CHD,AZ,AWP,CE,Federal Contract Tower,0,3,6,0,9,0,24,138,0,162,0,27,144,0,171,217,0,217,388
09/13/2021,CHD,AZ,AWP,CE,Federal Contract Tower,0,4,14,0,18,0,33,190,0,223,0,37,204,0,241,400,0,400,641
09/14/2021,CHD,AZ,AWP,CE,Federal Contract Tower,0,5,5,0,10,0,37,192,0,229,0,42,197,0,239,458,0,458,697
09/15/2021,CHD,AZ,AWP,CE,Federal Contract Tower,0,7,8,0,15,0,32,226,0,258,0,39,234,0,273,490,0,490,763
09/16/2021,CHD,AZ,AWP,CE,Federal Contract Tower,0,9,14,0,23,0,19,194,0,213,0,28,208,0,236,610,0,610,846
09/17/2021,CHD,AZ,AWP,CE,Federal Contract Tower,0,7,9,0,16,0,30,177,0,207,0,37,186,0,223,438,0,438,661
09/18/2021,CHD,AZ,AWP,CE,Federal Contract Tower,0,2,5,0,7,0,19,121,0,140,0,21,126,0,147,268,0,268,415
09/19/2021,CHD,AZ,AWP,CE,Federal Contract Tower,0,4,4,0,8,0,21,129,0,150,0,25,133,0,158,157,0,157,315
09/20/2021,CHD,AZ,AWP,CE,Federal Contract Tower,0,6,7,0,13,0,20,176,0,196,0,26,183,0,209,325,0,325,534
09/21/2021,CHD,AZ,AWP,CE,Federal Contract Tower,0,8,10,0,18,0,30,209,0,239,0,38,219,0,257,578,0,578,835
09/22/2021,CHD,AZ,AWP,CE,Federal Contract Tower,0,7,18,0,25,0,32,194,0,226,0,39,212,0,251,455,0,455,706
09/23/2021,CHD,AZ,AWP,CE,Federal Contract Tower,0,5,10,0,15,0,36,146,0,182,0,41,156,0,197,395,0,395,592
09/24/2021,CHD,AZ,AWP,CE,Federal Contract Tower,0,8,9,0,17,0,8,93,0,101,0,16,102,0,118,348,0,348,466
09/26/2021,CHD,AZ,AWP,CE,Federal Contract Tower,0,3,12,0,15,0,4,59,0,63,0,7,71,0,78,190,0,190,268
09/27/2021,CHD,AZ,AWP,CE,Federal Contract Tower,0,7,15,0,22,0,29,204,2,235,0,36,219,2,257,496,0,496,753
09/28/2021,CHD,AZ,AWP,CE,Federal Contract Tower,0,4,8,0,12,0,38,197,0,235,0,42,205,0,247,536,0,536,783
09/29/2021,CHD,AZ,AWP,CE,Federal Contract Tower,0,1,9,0,10,0,36,187,0,223,0,37,196,0,233,640,0,640,873
09/30/2021,CHD,AZ,AWP,CE,Federal Contract Tower,0,4,14,0,18,0,24,174,0,198,0,28,188,0,216,621,0,621,837
10/01/2021,CHD,AZ,AWP,CE,Federal Contract Tower,0,4,8,0,12,0,9,72,0,81,0,13,80,0,93,81,0,81,174
10/02/2021,CHD,AZ,AWP,CE,Federal Contract Tower,0,4,5,0,9,0,31,213,0,244,0,35,218,0,253,393,0,393,646
10/03/2021,CHD,AZ,AWP,CE,Federal Contract Tower,0,3,11,0,14,0,21,127,0,148,0,24,138,0,162,251,0,251,413
10/04/2021,CHD,AZ,AWP,CE,Federal Contract Tower,0,8,5,1,14,0,26,153,1,180,0,34,158,2,194,248,0,248,442
10/05/2021,CHD,AZ,AWP,CE,Federal Contract Tower,0,2,6,0,8,0,20,121,0,141,0,22,127,0,149,365,0,365,514
10/06/2021,CHD,AZ,AWP,CE,Federal Contract Tower,0,0,14,0,14,0,30,198,0,228,0,30,212,0,242,668,0,668,910
10/07/2021,CHD,AZ,AWP,CE,Federal Contract Tower,0,6,17,0,23,0,36,196,0,232,0,42,213,0,255,536,0,536,791
10/08/2021,CHD,AZ,AWP,CE,Federal Contract Tower,0,6,4,0,10,0,23,167,0,190,0,29,171,0,200,336,0,336,536
10/09/2021,CHD,AZ,AWP,CE,Federal Contract Tower,0,4,8,0,12,0,20,165,0,185,0,24,173,0,197,352,0,352,549
10/10/2021,CHD,AZ,AWP,CE,Federal Contract Tower,0,7,5,0,12,0,23,163,0,186,0,30,168,0,198,282,0,282,480
10/11/2021,CHD,AZ,AWP,CE,Federal Contract Tower,0,8,6,0,14,0,31,143,0,174,0,39,149,0,188,385,0,385,573
10/12/2021,CHD,AZ,AWP,CE,Federal Contract Tower,0,7,5,0,12,0,33,155,0,188,0,40,160,0,200,560,0,560,760
10/13/2021,CHD,AZ,AWP,CE,Federal Contract Tower,0,9,13,0,22,0,60,180,0,240,0,69,193,0,262,581,0,581,843
10/14/2021,CHD,AZ,AWP,CE,Federal Contract Tower,0,4,12,0,16,0,31,194,0,225,0,35,206,0,241,522,0,522,763
10/15/2021,CHD,AZ,AWP,CE,Federal Contract Tower,0,8,6,0,14,0,46,165,0,211,0,54,171,0,225,405,0,405,630
10/16/2021,CHD,AZ,AWP,CE,Federal Contract Tower,0,10,5,0,15,0,44,173,0,217,0,54,178,0,232,266,0,266,498
10/17/2021,CHD,AZ,AWP,CE,Federal Contract Tower,0,2,8,0,10,0,18,164,0,182,0,20,172,0,192,313,0,313,505
10/18/2021,CHD,AZ,AWP,CE,Federal Contract Tower,0,8,11,0,19,0,24,137,0,161,0,32,148,0,180,431,0,431,611
10/19/2021,CHD,AZ,AWP,CE,Federal Contract Tower,0,3,7,0,10,0,46,221,2,269,0,49,228,2,279,672,0,672,951
10/20/2021,CHD,AZ,AWP,CE,Federal Contract Tower,0,5,8,0,13,0,40,223,0,263,0,45,231,0,276,660,0,660,936
10/21/2021,CHD,AZ,AWP,CE,Federal Contract Tower,0,5,11,1,17,0,27,219,0,246,0,32,230,1,263,551,0,551,814
10/22/2021,CHD,AZ,AWP,CE,Federal Contract Tower,0,3,10,0,13,0,34,164,0,198,0,37,174,0,211,324,0,324,535
10/23/2021,CHD,AZ,AWP,CE,Federal Contract Tower,0,2,12,0,14,0,17,201,0,218,0,19,213,0,232,382,0,382,614
10/24/2021,CHD,AZ,AWP,CE,Federal Contract Tower,0,3,7,0,10,0,25,166,0,191,0,28,173,0,201,284,0,284,485
10/25/2021,CHD,AZ,AWP,CE,Federal Contract Tower,0,5,14,0,19,0,30,147,0,177,0,35,161,0,196,432,0,432,628
10/26/2021,CHD,AZ,AWP,CE,Federal Contract Tower,0,6,5,0,11,0,32,171,0,203,0,38,176,0,214,533,0,533,747
10/27/2021,CHD,AZ,AWP,CE,Federal Contract Tower,0,2,14,0,16,0,25,198,0,223,0,27,212,0,239,669,0,669,908
10/28/2021,CHD,AZ,AWP,CE,Federal Contract Tower,0,6,10,0,16,0,21,214,0,235,0,27,224,0,251,454,0,454,705
10/29/2021,CHD,AZ,AWP,CE,Federal Contract Tower,0,2,10,0,12,0,34,189,0,223,0,36,199,0,235,441,0,441,676
10/30/2021,CHD,AZ,AWP,CE,Federal Contract Tower,0,1,3,0,4,0,22,147,0,169,0,23,150,0,173,263,0,263,436
10/31/2021,CHD,AZ,AWP,CE,Federal Contract Tower,0,0,1,0,1,0,13,157,0,170,0,13,158,0,171,340,0,340,511
11/01/2021,CHD,AZ,AWP,CE,Federal Contract Tower,0,6,20,0,26,0,31,187,0,218,0,37,207,0,244,473,0,473,717
11/02/2021,CHD,AZ,AWP,CE,Federal Contract Tower,0,9,10,0,19,0,16,195,0,211,0,25,205,0,230,429,0,429,659
11/03/2021,CHD,AZ,AWP,CE,Federal Contract Tower,0,3,11,0,14,0,21,206,0,227,0,24,217,0,241,503,0,503,744
11/04/2021,CHD,AZ,AWP,CE,Federal Contract Tower,0,10,8,0,18,0,20,188,0,208,0,30,196,0,226,517,0,517,743
11/05/2021,CHD,AZ,AWP,CE,Federal Contract Tower,0,4,9,0,13,0,24,144,0,168,0,28,153,0,181,303,0,303,484
11/06/2021,CHD,AZ,AWP,CE,Federal Contract Tower,0,3,8,0,11,0,19,213,0,232,0,22,221,0,243,242,0,242,485
11/07/2021,CHD,AZ,AWP,CE,Federal Contract Tower,0,1,7,0,8,0,17,136,0,153,0,18,143,0,161,265,0,265,426
11/08/2021,CHD,AZ,AWP,CE,Federal Contract Tower,0,5,9,0,14,0,35,197,0,232,0,40,206,0,246,417,0,417,663
11/09/2021,CHD,AZ,AWP,CE,Federal Contract Tower,0,10,5,0,15,0,26,160,0,186,0,36,165,0,201,528,0,528,729
11/10/2021,CHD,AZ,AWP,CE,Federal Contract Tower,0,8,8,0,16,0,16,206,0,222,0,24,214,0,238,507,0,507,745
11/11/2021,CHD,AZ,AWP,CE,Federal Contract Tower,0,8,6,0,14,0,31,188,0,219,0,39,194,0,233,439,0,439,672
11/12/2021,CHD,AZ,AWP,CE,Federal Contract Tower,0,3,9,0,12,0,26,168,0,194,0,29,177,0,206,429,0,429,635
11/13/2021,CHD,AZ,AWP,CE,Federal Contract Tower,0,4,9,0,13,0,27,168,0,195,0,31,177,0,208,304,0,304,512
11/14/2021,CHD,AZ,AWP,CE,Federal Contract Tower,0,1,10,0,11,0,25,179,0,204,0,26,189,0,215,267,0,267,482
11/15/2021,CHD,AZ,AWP,CE,Federal Contract Tower,0,2,9,0,11,0,35,157,0,192,0,37,166,0,203,489,0,489,692
11/16/2021,CHD,AZ,AWP,CE,Federal Contract Tower,0,4,16,0,20,0,32,170,0,202,0,36,186,0,222,600,0,600,822
11/17/2021,CHD,AZ,AWP,CE,Federal Contract Tower,0,6,7,0,13,0,10,211,0,221,0,16,218,0,234,515,0,515,749
11/18/2021,CHD,AZ,AWP,CE,Federal Contract Tower,0,6,14,0,20,0,28,215,0,243,0,34,229,0,263,494,0,494,757
11/19/2021,CHD,AZ,AWP,CE,Federal Contract Tower,0,5,11,0,16,0,28,181,0,209,0,33,192,0,225,376,0,376,601
11/20/2021,CHD,AZ,AWP,CE,Federal Contract Tower,0,4,10,0,14,0,16,199,0,215,0,20,209,0,229,376,0,376,605
11/21/2021,CHD,AZ,AWP,CE,Federal Contract Tower,0,2,3,0,5,0,21,151,0,172,0,23,154,0,177,259,0,259,436
11/22/2021,CHD,AZ,AWP,CE,Federal Contract Tower,0,2,23,0,25,0,23,156,0,179,0,25,179,0,204,433,0,433,637
11/23/2021,CHD,AZ,AWP,CE,Federal Contract Tower,0,1,15,0,16,0,35,188,12,235,0,36,203,12,251,538,0,538,789
11/24/2021,CHD,AZ,AWP,CE,Federal Contract Tower,0,2,16,0,18,0,18,224,0,242,0,20,240,0,260,469,0,469,729
11/25/2021,CHD,AZ,AWP,CE,Federal Contract Tower,0,0,2,0,2,0,0,42,0,42,0,0,44,0,44,43,0,43,87
11/26/2021,CHD,AZ,AWP,CE,Federal Contract Tower,0,1,8,1,10,0,18,139,0,157,0,19,147,1,167,153,0,153,320
11/27/2021,CHD,AZ,AWP,CE,Federal Contract Tower,0,1,13,0,14,0,14,153,0,167,0,15,166,0,181,171,0,171,352
11/28/2021,CHD,AZ,AWP,CE,Federal Contract Tower,0,4,10,0,14,0,13,179,0,192,0,17,189,0,206,134,0,134,340
11/29/2021,CHD,AZ,AWP,CE,Federal Contract Tower,0,2,7,0,9,0,18,190,0,208,0,20,197,0,217,403,0,403,620
11/30/2021,CHD,AZ,AWP,CE,Federal Contract Tower,0,2,7,0,9,0,17,193,0,210,0,19,200,0,219,524,0,524,743
12/01/2021,CHD,AZ,AWP,CE,Federal Contract Tower,0,2,10,0,12,0,25,166,0,191,0,27,176,0,203,427,0,427,630
12/02/2021,CHD,AZ,AWP,CE,Federal Contract Tower,0,3,7,0,10,0,20,164,0,184,0,23,171,0,194,443,0,443,637
12/03/2021,CHD,AZ,AWP,CE,Federal Contract Tower,0,5,6,0,11,0,34,208,0,242,0,39,214,0,253,459,0,459,712
12/04/2021,CHD,AZ,AWP,CE,Federal Contract Tower,0,1,9,0,10,0,22,211,0,233,0,23,220,0,243,316,0,316,559
12/05/2021,CHD,AZ,AWP,CE,Federal Contract Tower,0,1,5,0,6,0,14,119,2,135,0,15,124,2,141,207,0,207,348
12/06/2021,CHD,AZ,AWP,CE,Federal Contract Tower,0,4,10,0,14,0,24,182,1,207,0,28,192,1,221,368,2,370,591
12/07/2021,CHD,AZ,AWP,CE,Federal Contract Tower,0,2,15,0,17,0,21,173,0,194,0,23,188,0,211,410,0,410,621
12/08/2021,CHD,AZ,AWP,CE,Federal Contract Tower,0,4,10,0,14,0,36,150,0,186,0,40,160,0,200,555,0,555,755
12/09/2021,CHD,AZ,AWP,CE,Federal Contract Tower,0,4,12,0,16,0,25,151,0,176,0,29,163,0,192,409,0,409,601
12/10/2021,CHD,AZ,AWP,CE,Federal Contract Tower,0,3,2,0,5,0,13,141,0,154,0,16,143,0,159,326,0,326,485
12/11/2021,CHD,AZ,AWP,CE,Federal Contract Tower,0,1,6,0,7,0,15,195,0,210,0,16,201,0,217,263,0,263,480
12/12/2021,CHD,AZ,AWP,CE,Federal Contract Tower,0,6,4,0,10,0,17,141,0,158,0,23,145,0,168,241,0,241,409
12/13/2021,CHD,AZ,AWP,CE,Federal Contract Tower,0,2,12,0,14,0,22,187,0,209,0,24,199,0,223,402,0,402,625
12/14/2021,CHD,AZ,AWP,CE,Federal Contract Tower,0,2,18,0,20,0,20,166,0,186,0,22,184,0,206,455,0,455,661
12/15/2021,CHD,AZ,AWP,CE,Federal Contract Tower,0,6,6,0,12,0,29,181,0,210,0,35,187,0,222,444,0,444,666
12/16/2021,CHD,AZ,AWP,CE,Federal Contract Tower,0,3,17,0,20,0,32,193,2,227,0,35,210,2,247,489,15,504,751
12/17/2021,CHD,AZ,AWP,CE,Federal Contract Tower,0,3,15,0,18,0,32,173,0,205,0,35,188,0,223,461,1,462,685
12/18/2021,CHD,AZ,AWP,CE,Federal Contract Tower,0,3,7,0,10,0,21,165,0,186,0,24,172,0,196,320,0,320,516
12/19/2021,CHD,AZ,AWP,CE,Federal Contract Tower,0,4,3,0,7,0,23,95,0,118,0,27,98,0,125,190,0,190,315
12/20/2021,CHD,AZ,AWP,CE,Federal Contract Tower,0,7,37,0,44,0,27,152,0,179,0,34,189,0,223,379,0,379,602
12/21/2021,CHD,AZ,AWP,CE,Federal Contract Tower,0,5,11,0,16,0,32,200,0,232,0,37,211,0,248,408,0,408,656
12/22/2021,CHD,AZ,AWP,CE,Federal Contract Tower,0,6,11,0,17,0,16,135,0,151,0,22,146,0,168,348,0,348,516
12/23/2021,CHD,AZ,AWP,CE,Federal Contract Tower,0,2,34,0,36,0,21,117,0,138,0,23,151,0,174,255,0,255,429
12/24/2021,CHD,AZ,AWP,CE,Federal Contract Tower,0,1,3,0,4,0,0,3,0,3,0,1,6,0,7,35,0,35,42
12/25/2021,CHD,AZ,AWP,CE,Federal Contract Tower,0,1,1,0,2,0,0,8,0,8,0,1,9,0,10,0,0,0,10
12/26/2021,CHD,AZ,AWP,CE,Federal Contract Tower,0,3,3,0,6,0,16,111,0,127,0,19,114,0,133,144,0,144,277
12/27/2021,CHD,AZ,AWP,CE,Federal Contract Tower,0,5,7,0,12,0,10,134,0,144,0,15,141,0,156,193,0,193,349
12/28/2021,CHD,AZ,AWP,CE,Federal Contract Tower,0,6,6,0,12,0,13,65,0,78,0,19,71,0,90,83,0,83,173
12/29/2021,CHD,AZ,AWP,CE,Federal Contract Tower,0,2,9,0,11,0,17,115,0,132,0,19,124,0,143,303,0,303,446
12/30/2021,CHD,AZ,AWP,CE,Federal Contract Tower,0,3,11,0,14,0,19,119,0,138,0,22,130,0,152,357,0,357,509
12/31/2021,CHD,AZ,AWP,CE,Federal Contract Tower,0,1,5,0,6,0,0,45,0,45,0,1,50,0,51,86,0,86,137
01/01/2022,CHD,AZ,AWP,CE,Federal Contract Tower,0,0,3,0,3,0,5,27,0,32,0,5,30,0,35,39,0,39,74
01/02/2022,CHD,AZ,AWP,CE,Federal Contract Tower,0,5,5,0,10,0,22,108,0,130,0,27,113,0,140,145,0,145,285
01/03/2022,CHD,AZ,AWP,CE,Federal Contract Tower,0,4,10,0,14,0,17,123,0,140,0,21,133,0,154,189,0,189,343
01/04/2022,CHD,AZ,AWP,CE,Federal Contract Tower,0,9,7,0,16,0,37,145,0,182,0,46,152,0,198,280,0,280,478
01/05/2022,CHD,AZ,AWP,CE,Federal Contract Tower,0,7,4,0,11,0,25,149,0,174,0,32,153,0,185,375,0,375,560
01/06/2022,CHD,AZ,AWP,CE,Federal Contract Tower,0,3,7,0,10,0,30,130,0,160,0,33,137,0,170,382,0,382,552
01/07/2022,CHD,AZ,AWP,CE,Federal Contract Tower,0,1,4,0,5,0,26,137,0,163,0,27,141,0,168,350,0,350,518
01/08/2022,CHD,AZ,AWP,CE,Federal Contract Tower,0,0,4,0,4,0,15,144,22,181,0,15,148,22,185,213,0,213,398
01/09/2022,CHD,AZ,AWP,CE,Federal Contract Tower,0,2,3,0,5,0,28,142,0,170,0,30,145,0,175,248,0,248,423
01/10/2022,CHD,AZ,AWP,CE,Federal Contract Tower,0,6,4,0,10,0,23,91,0,114,0,29,95,0,124,242,0,242,366
01/11/2022,CHD,AZ,AWP,CE,Federal Contract Tower,0,6,12,0,18,0,23,146,0,169,0,29,158,0,187,486,0,486,673
01/12/2022,CHD,AZ,AWP,CE,Federal Contract Tower,0,5,15,0,20,0,24,170,0,194,0,29,185,0,214,339,0,339,553
01/13/2022,CHD,AZ,AWP,CE,Federal Contract Tower,0,5,19,0,24,0,21,148,1,170,0,26,167,1,194,317,0,317,511
01/14/2022,CHD,AZ,AWP,CE,Federal Contract Tower,0,3,9,0,12,0,26,157,0,183,0,29,166,0,195,407,0,407,602
01/15/2022,CHD,AZ,AWP,CE,Federal Contract Tower,0,6,9,0,15,0,28,139,0,167,0,34,148,0,182,272,0,272,454
01/16/2022,CHD,AZ,AWP,CE,Federal Contract Tower,0,2,3,0,5,0,8,163,0,171,0,10,166,0,176,257,0,257,433
01/17/2022,CHD,AZ,AWP,CE,Federal Contract Tower,0,8,13,0,21,0,20,187,0,207,0,28,200,0,228,296,0,296,524
01/18/2022,CHD,AZ,AWP,CE,Federal Contract Tower,0,4,20,0,24,0,20,173,0,193,0,24,193,0,217,409,0,409,626
01/19/2022,CHD,AZ,AWP,CE,Federal Contract Tower,0,1,4,0,5,0,31,192,0,223,0,32,196,0,228,399,0,399,627
01/20/2022,CHD,AZ,AWP,CE,Federal Contract Tower,0,6,11,0,17,0,25,158,0,183,0,31,169,0,200,290,0,290,490
01/21/2022,CHD,AZ,AWP,CE,Federal Contract Tower,0,7,20,0,27,0,24,221,0,245,0,31,241,0,272,339,0,339,611
01/22/2022,CHD,AZ,AWP,CE,Federal Contract Tower,0,3,9,0,12,0,10,95,0,105,0,13,104,0,117,255,0,255,372
01/23/2022,CHD,AZ,AWP,CE,Federal Contract Tower,0,4,6,0,10,0,13,134,0,147,0,17,140,0,157,155,0,155,312
01/24/2022,CHD,AZ,AWP,CE,Federal Contract Tower,0,6,12,0,18,0,22,191,1,214,0,28,203,1,232,370,0,370,602
01/25/2022,CHD,AZ,AWP,CE,Federal Contract Tower,0,9,7,0,16,0,16,195,0,211,0,25,202,0,227,350,0,350,577
01/26/2022,CHD,AZ,AWP,CE,Federal Contract Tower,0,9,8,0,17,0,38,173,0,211,0,47,181,0,228,538,0,538,766
01/27/2022,CHD,AZ,AWP,CE,Federal Contract Tower,0,9,12,0,21,0,18,214,0,232,0,27,226,0,253,540,0,540,793
01/28/2022,CHD,AZ,AWP,CE,Federal Contract Tower,0,8,9,0,17,0,15,122,0,137,0,23,131,0,154,219,0,219,373
01/29/2022,CHD,AZ,AWP,CE,Federal Contract Tower,0,6,7,0,13,0,23,194,0,217,0,29,201,0,230,343,0,343,573
01/30/2022,CHD,AZ,AWP,CE,Federal Contract Tower,0,2,4,0,6,0,7,180,0,187,0,9,184,0,193,200,0,200,393
01/31/2022,CHD,AZ,AWP,CE,Federal Contract Tower,0,8,18,0,26,0,27,241,0,268,0,35,259,0,294,498,0,498,792
02/01/2022,CHD,AZ,AWP,CE,Federal Contract Tower,0,4,14,0,18,0,30,214,0,244,0,34,228,0,262,585,0,585,847
02/02/2022,CHD,AZ,AWP,CE,Federal Contract Tower,0,6,4,0,10,0,31,170,0,201,0,37,174,0,211,455,0,455,666
02/03/2022,CHD,AZ,AWP,CE,Federal Contract Tower,0,4,10,0,14,0,24,209,0,233,0,28,219,0,247,528,0,528,775
02/04/2022,CHD,AZ,AWP,CE,Federal Contract Tower,0,10,11,0,21,0,28,182,0,210,0,38,193,0,231,471,0,471,702
02/05/2022,CHD,AZ,AWP,CE,Federal Contract Tower,0,6,7,0,13,0,22,202,0,224,0,28,209,0,237,312,0,312,549
02/06/2022,CHD,AZ,AWP,CE,Federal Contract Tower,0,3,7,0,10,0,24,153,0,177,0,27,160,0,187,212,0,212,399
02/07/2022,CHD,AZ,AWP,CE,Federal Contract Tower,0,1,13,0,14,0,32,179,0,211,0,33,192,0,225,359,0,359,584
02/08/2022,CHD,AZ,AWP,CE,Federal Contract Tower,0,2,7,0,9,0,32,220,0,252,0,34,227,0,261,587,0,587,848
02/09/2022,CHD,AZ,AWP,CE,Federal Contract Tower,0,4,4,0,8,0,37,208,0,245,0,41,212,0,253,522,0,522,775
02/10/2022,CHD,AZ,AWP,CE,Federal Contract Tower,0,1,12,0,13,0,44,181,2,227,0,45,193,2,240,464,0,464,704
02/11/2022,CHD,AZ,AWP,CE,Federal Contract Tower,0,4,8,0,12,0,24,243,0,267,0,28,251,0,279,546,0,546,825
02/12/2022,CHD,AZ,AWP,CE,Federal Contract Tower,0,4,9,0,13,0,21,164,0,185,0,25,173,0,198,322,0,322,520
02/13/2022,CHD,AZ,AWP,CE,Federal Contract Tower,0,1,4,0,5,0,22,138,0,160,0,23,142,0,165,205,0,205,370
02/14/2022,CHD,AZ,AWP,CE,Federal Contract Tower,0,9,11,0,20,0,24,185,0,209,0,33,196,0,229,433,0,433,662
02/15/2022,CHD,AZ,AWP,CE,Federal Contract Tower,0,3,8,0,11,0,22,133,0,155,0,25,141,0,166,387,0,387,553
02/16/2022,CHD,AZ,AWP,CE,Federal Contract Tower,0,2,7,0,9,0,25,112,0,137,0,27,119,0,146,526,0,526,672
02/17/2022,CHD,AZ,AWP,CE,Federal Contract Tower,0,11,23,0,34,0,47,215,2,264,0,58,238,2,298,376,6,382,680
02/18/2022,CHD,AZ,AWP,CE,Federal Contract Tower,0,0,11,0,11,0,32,256,0,288,0,32,267,0,299,434,0,434,733
02/19/2022,CHD,AZ,AWP,CE,Federal Contract Tower,0,1,2,0,3,0,25,177,0,202,0,26,179,0,205,262,0,262,467
02/20/2022,CHD,AZ,AWP,CE,Federal Contract Tower,0,3,6,0,9,0,19,172,0,191,0,22,178,0,200,275,0,275,475
02/21/2022,CHD,AZ,AWP,CE,Federal Contract Tower,0,2,5,0,7,0,16,133,0,149,0,18,138,0,156,466,0,466,622
02/22/2022,CHD,AZ,AWP,CE,Federal Contract Tower,0,1,7,0,8,0,18,159,0,177,0,19,166,0,185,669,0,669,854
02/23/2022,CHD,AZ,AWP,CE,Federal Contract Tower,0,0,8,0,8,0,8,46,0,54,0,8,54,0,62,82,0,82,144
02/24/2022,CHD,AZ,AWP,CE,Federal Contract Tower,0,1,7,0,8,0,36,165,0,201,0,37,172,0,209,558,0,558,767
02/25/2022,CHD,AZ,AWP,CE,Federal Contract Tower,0,5,13,0,18,0,36,164,0,200,0,41,177,0,218,544,0,544,762
02/26/2022,CHD,AZ,AWP,CE,Federal Contract Tower,0,1,15,0,16,0,26,191,0,217,0,27,206,0,233,432,0,432,665
02/27/2022,CHD,AZ,AWP,CE,Federal Contract Tower,0,3,11,0,14,0,7,190,0,197,0,10,201,0,211,209,0,209,420
02/28/2022,CHD,AZ,AWP,CE,Federal Contract Tower,0,2,13,0,15,0,15,177,0,192,0,17,190,0,207,512,0,512,719
03/01/2022,CHD,AZ,AWP,CE,Federal Contract Tower,0,5,12,0,17,0,18,207,0,225,0,23,219,0,242,431,0,431,673
03/02/2022,CHD,AZ,AWP,CE,Federal Contract Tower,0,5,13,0,18,0,26,211,0,237,0,31,224,0,255,463,0,463,718
03/03/2022,CHD,AZ,AWP,CE,Federal Contract Tower,0,1,16,0,17,0,40,195,0,235,0,41,211,0,252,398,0,398,650
03/04/2022,CHD,AZ,AWP,CE,Federal Contract Tower,0,5,8,0,13,0,17,97,0,114,0,22,105,0,127,289,0,289,416
03/05/2022,CHD,AZ,AWP,CE,Federal Contract Tower,0,1,11,0,12,0,18,133,0,151,0,19,144,0,163,152,0,152,315
03/06/2022,CHD,AZ,AWP,CE,Federal Contract Tower,0,1,5,0,6,0,7,147,0,154,0,8,152,0,160,167,0,167,327
03/07/2022,CHD,AZ,AWP,CE,Federal Contract Tower,0,6,13,0,19,0,15,184,0,199,0,21,197,0,218,417,0,417,635
03/08/2022,CHD,AZ,AWP,CE,Federal Contract Tower,0,3,14,0,17,0,29,182,0,211,0,32,196,0,228,506,0,506,734
03/09/2022,CHD,AZ,AWP,CE,Federal Contract Tower,0,4,10,0,14,0,29,199,0,228,0,33,209,0,242,491,0,491,733
03/10/2022,CHD,AZ,AWP,CE,Federal Contract Tower,0,6,10,0,16,0,26,130,0,156,0,32,140,0,172,339,0,339,511
03/11/2022,CHD,AZ,AWP,CE,Federal Contract Tower,0,2,15,0,17,0,35,172,0,207,0,37,187,0,224,379,0,379,603
03/12/2022,CHD,AZ,AWP,CE,Federal Contract Tower,0,5,15,0,20,0,31,148,0,179,0,36,163,0,199,294,0,294,493
03/13/2022,CHD,AZ,AWP,CE,Federal Contract Tower,0,7,2,0,9,0,13,171,0,184,0,20,173,0,193,218,0,218,411
03/14/2022,CHD,AZ,AWP,CE,Federal Contract Tower,0,4,12,0,16,0,25,199,0,224,0,29,211,0,240,498,0,498,738
03/15/2022,CHD,AZ,AWP,CE,Federal Contract Tower,0,2,9,0,11,0,27,162,10,199,0,29,171,10,210,611,4,615,825
03/16/2022,CHD,AZ,AWP,CE,Federal Contract Tower,0,3,10,0,13,0,36,180,0,216,0,39,190,0,229,536,0,536,765
03/17/2022,CHD,AZ,AWP,CE,Federal Contract Tower,0,3,8,0,11,0,35,178,0,213,0,38,186,0,224,619,0,619,843
03/18/2022,CHD,AZ,AWP,CE,Federal Contract Tower,0,4,13,0,17,0,24,212,0,236,0,28,225,0,253,437,0,437,690
03/19/2022,CHD,AZ,AWP,CE,Federal Contract Tower,0,4,11,0,15,0,30,208,0,238,0,34,219,0,253,341,0,341,594
03/20/2022,CHD,AZ,AWP,CE,Federal Contract Tower,0,0,6,0,6,0,10,89,0,99,0,10,95,0,105,128,0,128,233
03/21/2022,CHD,AZ,AWP,CE,Federal Contract Tower,0,1,6,0,7,0,20,134,0,154,0,21,140,0,161,427,0,427,588
03/22/2022,CHD,AZ,AWP,CE,Federal Contract Tower,0,4,22,0,26,0,25,179,0,204,0,29,201,0,230,520,0,520,750
03/23/2022,CHD,AZ,AWP,CE,Federal Contract Tower,0,4,9,0,13,0,35,174,0,209,0,39,183,0,222,405,0,405,627
03/24/2022,CHD,AZ,AWP,CE,Federal Contract Tower,0,2,11,0,13,0,31,214,0,245,0,33,225,0,258,618,0,618,876
03/25/2022,CHD,AZ,AWP,CE,Federal Contract Tower,0,2,5,0,7,0,24,175,0,199,0,26,180,0,206,558,0,558,764
03/26/2022,CHD,AZ,AWP,CE,Federal Contract Tower,0,2,9,0,11,0,19,174,0,193,0,21,183,0,204,191,0,191,395
03/27/2022,CHD,AZ,AWP,CE,Federal Contract Tower,0,3,11,0,14,0,19,147,0,166,0,22,158,0,180,246,0,246,426
03/28/2022,CHD,AZ,AWP,CE,Federal Contract Tower,0,2,10,0,12,0,14,105,1,120,0,16,115,1,132,362,0,362,494
03/29/2022,CHD,AZ,AWP,CE,Federal Contract Tower,0,3,6,0,9,0,27,74,0,101,0,30,80,0,110,371,0,371,481
03/30/2022,CHD,AZ,AWP,CE,Federal Contract Tower,0,5,14,0,19,0,31,200,0,231,0,36,214,0,250,400,0,400,650
03/31/2022,CHD,AZ,AWP,CE,Federal Contract Tower,0,3,16,0,19,0,27,211,0,238,0,30,227,0,257,480,0,480,737
04/01/2022,CHD,AZ,AWP,CE,Federal Contract Tower,0,1,5,0,6,0,30,176,0,206,0,31,181,0,212,581,0,581,793
04/02/2022,CHD,AZ,AWP,CE,Federal Contract Tower,0,0,12,0,12,0,18,158,0,176,0,18,170,0,188,316,0,316,504
04/03/2022,CHD,AZ,AWP,CE,Federal Contract Tower,0,2,4,0,6,0,11,171,0,182,0,13,175,0,188,140,0,140,328
04/04/2022,CHD,AZ,AWP,CE,Federal Contract Tower,0,2,15,0,17,0,26,164,0,190,0,28,179,0,207,462,0,462,669
04/05/2022,CHD,AZ,AWP,CE,Federal Contract Tower,0,3,9,0,12,0,19,168,0,187,0,22,177,0,199,539,0,539,738
04/06/2022,CHD,AZ,AWP,CE,Federal Contract Tower,0,4,5,0,9,0,28,212,0,240,0,32,217,0,249,490,0,490,739
04/07/2022,CHD,AZ,AWP,CE,Federal Contract Tower,0,7,14,0,21,0,31,151,0,182,0,38,165,0,203,422,0,422,625
04/08/2022,CHD,AZ,AWP,CE,Federal Contract Tower,0,9,15,0,24,0,39,130,0,169,0,48,145,0,193,396,0,396,589
04/09/2022,CHD,AZ,AWP,CE,Federal Contract Tower,0,3,11,0,14,0,22,149,0,171,0,25,160,0,185,214,0,214,399
04/10/2022,CHD,AZ,AWP,CE,Federal Contract Tower,0,1,7,0,8,0,11,111,0,122,0,12,118,0,130,105,0,105,235
04/11/2022,CHD,AZ,AWP,CE,Federal Contract Tower,0,5,9,0,14,0,18,115,0,133,0,23,124,0,147,300,0,300,447
04/12/2022,CHD,AZ,AWP,CE,Federal Contract Tower,0,3,7,0,10,0,19,128,0,147,0,22,135,0,157,289,0,289,446
04/13/2022,CHD,AZ,AWP,CE,Federal Contract Tower,0,2,9,0,11,0,44,215,0,259,0,46,224,0,270,568,0,568,838
04/14/2022,CHD,AZ,AWP,CE,Federal Contract Tower,0,8,13,0,21,0,31,193,0,224,0,39,206,0,245,508,0,508,753
04/15/2022,CHD,AZ,AWP,CE,Federal Contract Tower,0,4,12,0,16,0,35,172,0,207,0,39,184,0,223,438,0,438,661
04/16/2022,CHD,AZ,AWP,CE,Federal Contract Tower,0,2,8,0,10,0,16,121,0,137,0,18,129,0,147,307,0,307,454
04/17/2022,CHD,AZ,AWP,CE,Federal Contract Tower,0,1,7,0,8,0,12,101,0,113,0,13,108,0,121,180,0,180,301
04/18/2022,CHD,AZ,AWP,CE,Federal Contract Tower,0,1,7,0,8,0,32,143,0,175,0,33,150,0,183,270,0,270,453
04/19/2022,CHD,AZ,AWP,CE,Federal Contract Tower,0,8,9,0,17,0,24,153,0,177,0,32,162,0,194,405,0,405,599
04/20/2022,CHD,AZ,AWP,CE,Federal Contract Tower,0,6,6,0,12,0,80,146,1,227,0,86,152,1,239,460,0,460,699
04/21/2022,CHD,AZ,AWP,CE,Federal Contract Tower,0,7,13,0,20,0,42,153,0,195,0,49,166,0,215,447,0,447,662
04/22/2022,CHD,AZ,AWP,CE,Federal Contract Tower,0,1,3,0,4,0,13,84,0,97,0,14,87,0,101,145,0,145,246
04/23/2022,CHD,AZ,AWP,CE,Federal Contract Tower,0,2,8,0,10,0,33,188,5,226,0,35,196,5,236,218,0,218,454
04/24/2022,CHD,AZ,AWP,CE,Federal Contract Tower,0,7,7,0,14,0,18,149,0,167,0,25,156,0,181,186,0,186,367
04/25/2022,CHD,AZ,AWP,CE,Federal Contract Tower,0,1,10,0,11,0,34,173,0,207,0,35,183,0,218,279,0,279,497
04/26/2022,CHD,AZ,AWP,CE,Federal Contract Tower,0,3,5,0,8,0,32,163,0,195,0,35,168,0,203,408,0,408,611
04/27/2022,CHD,AZ,AWP,CE,Federal Contract Tower,0,2,8,0,10,0,32,159,2,193,0,34,167,2,203,364,0,364,567
04/28/2022,CHD,AZ,AWP,CE,Federal Contract Tower,0,4,14,0,18,0,39,168,0,207,0,43,182,0,225,315,0,315,540
04/29/2022,CHD,AZ,AWP,CE,Federal Contract Tower,0,0,10,0,10,0,48,156,0,204,0,48,166,0,214,493,0,493,707
04/30/2022,CHD,AZ,AWP,CE,Federal Contract Tower,0,1,11,0,12,0,26,163,0,189,0,27,174,0,201,231,0,231,432
05/01/2022,CHD,AZ,AWP,CE,Federal Contract Tower,0,5,6,0,11,0,23,109,0,132,0,28,115,0,143,186,0,186,329
05/02/2022,CHD,AZ,AWP,CE,Federal Contract Tower,0,5,7,0,12,0,29,161,0,190,0,34,168,0,202,381,0,381,583
05/03/2022,CHD,AZ,AWP,CE,Federal Contract Tower,0,7,13,0,20,0,24,147,0,171,0,31,160,0,191,476,0,476,667
05/04/2022,CHD,AZ,AWP,CE,Federal Contract Tower,0,2,10,0,12,0,46,158,0,204,0,48,168,0,216,702,0,702,918
05/05/2022,CHD,AZ,AWP,CE,Federal Contract Tower,0,4,7,0,11,0,38,192,0,230,0,42,199,0,241,374,0,374,615
05/06/2022,CHD,AZ,AWP,CE,Federal Contract Tower,0,6,5,0,11,0,35,187,0,222,0,41,192,0,233,589,0,589,822
05/07/2022,CHD,AZ,AWP,CE,Federal Contract Tower,0,1,3,0,4,0,24,165,0,189,0,25,168,0,193,290,0,290,483
05/08/2022,CHD,AZ,AWP,CE,Federal Contract Tower,0,0,6,0,6,0,6,90,0,96,0,6,96,0,102,70,0,70,172
05/09/2022,CHD,AZ,AWP,CE,Federal Contract Tower,0,3,2,0,5,0,22,137,0,159,0,25,139,0,164,414,0,414,578
05/10/2022,CHD,AZ,AWP,CE,Federal Contract Tower,0,5,4,0,9,0,37,170,0,207,0,42,174,0,216,659,0,659,875
05/11/2022,CHD,AZ,AWP,CE,Federal Contract Tower,0,2,6,0,8,0,38,191,0,229,0,40,197,0,237,539,0,539,776
05/12/2022,CHD,AZ,AWP,CE,Federal Contract Tower,0,1,10,0,11,0,39,197,0,236,0,40,207,0,247,612,0,612,859
05/13/2022,CHD,AZ,AWP,CE,Federal Contract Tower,0,3,14,0,17,0,47,184,0,231,0,50,198,0,248,403,0,403,651
05/14/2022,CHD,AZ,AWP,CE,Federal Contract Tower,0,2,5,0,7,0,29,172,0,201,0,31,177,0,208,414,0,414,622
05/15/2022,CHD,AZ,AWP,CE,Federal Contract Tower,0,1,7,0,8,0,17,107,0,124,0,18,114,0,132,123,0,123,255
05/16/2022,CHD,AZ,AWP,CE,Federal Contract Tower,0,4,6,0,10,0,23,178,0,201,0,27,184,0,211,355,0,355,566
05/17/2022,CHD,AZ,AWP,CE,Federal Contract Tower,0,0,14,0,14,0,23,170,0,193,0,23,184,0,207,380,0,380,587
05/18/2022,CHD,AZ,AWP,CE,Federal Contract Tower,0,6,11,0,17,0,27,202,0,229,0,33,213,0,246,508,0,508,754
05/19/2022,CHD,AZ,AWP,CE,Federal Contract Tower,0,6,19,0,25,0,31,163,0,194,0,37,182,0,219,451,0,451,670
05/20/2022,CHD,AZ,AWP,CE,Federal Contract Tower,0,0,3,0,3,0,19,139,0,158,0,19,142,0,161,343,0,343,504
05/21/2022,CHD,AZ,AWP,CE,Federal Contract Tower,0,6,6,0,12,0,15,163,0,178,0,21,169,0,190,260,0,260,450
05/22/2022,CHD,AZ,AWP,CE,Federal Contract Tower,0,2,9,0,11,0,15,152,0,167,0,17,161,0,178,146,0,146,324
05/23/2022,CHD,AZ,AWP,CE,Federal Contract Tower,0,3,6,0,9,0,18,171,0,189,0,21,177,0,198,401,0,401,599
05/24/2022,CHD,AZ,AWP,CE,Federal Contract Tower,0,2,10,0,12,0,16,156,0,172,0,18,166,0,184,563,0,563,747
05/25/2022,CHD,AZ,AWP,CE,Federal Contract Tower,0,3,4,0,7,0,22,154,0,176,0,25,158,0,183,474,0,474,657
05/26/2022,CHD,AZ,AWP,CE,Federal Contract Tower,0,5,10,0,15,0,36,141,0,177,0,41,151,0,192,167,0,167,359
05/27/2022,CHD,AZ,AWP,CE,Federal Contract Tower,0,1,14,0,15,0,31,138,0,169,0,32,152,0,184,317,0,317,501
05/28/2022,CHD,AZ,AWP,CE,Federal Contract Tower,0,2,3,0,5,0,21,142,0,163,0,23,145,0,168,109,0,109,277
05/29/2022,CHD,AZ,AWP,CE,Federal Contract Tower,0,2,4,0,6,0,17,103,0,120,0,19,107,0,126,159,0,159,285
05/30/2022,CHD,AZ,AWP,CE,Federal Contract Tower,0,4,5,0,9,0,17,146,0,163,0,21,151,0,172,202,0,202,374
05/31/2022,CHD,AZ,AWP,CE,Federal Contract Tower,0,5,4,0,9,0,31,154,0,185,0,36,158,0,194,324,0,324,518
06/01/2022,CHD,AZ,AWP,CE,Federal Contract Tower,0,5,4,0,9,0,15,208,0,223,0,20,212,0,232,386,0,386,618
06/02/2022,CHD,AZ,AWP,CE,Federal Contract Tower,0,5,2,0,7,0,27,224,0,251,0,32,226,0,258,513,0,513,771
06/03/2022,CHD,AZ,AWP,CE,Federal Contract Tower,0,3,13,0,16,0,38,224,0,262,0,41,237,0,278,423,0,423,701
06/04/2022,CHD,AZ,AWP,CE,Federal Contract Tower,0,10,3,0,13,0,17,185,0,202,0,27,188,0,215,363,0,363,578
06/05/2022,CHD,AZ,AWP,CE,Federal Contract Tower,0,3,3,0,6,0,14,135,0,149,0,17,138,0,155,142,0,142,297
06/06/2022,CHD,AZ,AWP,CE,Federal Contract Tower,0,6,7,0,13,0,26,130,0,156,0,32,137,0,169,350,0,350,519
06/07/2022,CHD,AZ,AWP,CE,Federal Contract Tower,0,6,4,0,10,0,26,175,0,201,0,32,179,0,211,478,0,478,689
06/08/2022,CHD,AZ,AWP,CE,Federal Contract Tower,0,2,11,0,13,0,28,177,0,205,0,30,188,0,218,406,0,406,624
06/09/2022,CHD,AZ,AWP,CE,Federal Contract Tower,0,7,8,0,15,0,37,156,0,193,0,44,164,0,208,516,0,516,724
06/10/2022,CHD,AZ,AWP,CE,Federal Contract Tower,0,1,4,0,5,0,34,150,0,184,0,35,154,0,189,373,0,373,562
06/11/2022,CHD,AZ,AWP,CE,Federal Contract Tower,0,4,2,0,6,0,21,149,0,170,0,25,151,0,176,450,0,450,626
06/12/2022,CHD,AZ,AWP,CE,Federal Contract Tower,0,6,2,0,8,0,23,110,0,133,0,29,112,0,141,226,0,226,367
06/13/2022,CHD,AZ,AWP,CE,Federal Contract Tower,0,2,10,0,12,0,14,152,0,166,0,16,162,0,178,391,0,391,569
06/14/2022,CHD,AZ,AWP,CE,Federal Contract Tower,0,4,3,0,7,0,32,181,0,213,0,36,184,0,220,360,0,360,580
06/15/2022,CHD,AZ,AWP,CE,Federal Contract Tower,0,5,7,0,12,0,27,212,0,239,0,32,219,0,251,410,0,410,661
06/16/2022,CHD,AZ,AWP,CE,Federal Contract Tower,0,5,11,0,16,0,23,213,0,236,0,28,224,0,252,409,0,409,661
06/17/2022,CHD,AZ,AWP,CE,Federal Contract Tower,0,2,7,0,9,0,19,170,0,189,0,21,177,0,198,527,0,527,725
06/18/2022,CHD,AZ,AWP,CE,Federal Contract Tower,0,2,6,0,8,0,15,130,0,145,0,17,136,0,153,271,0,271,424
06/19/2022,CHD,AZ,AWP,CE,Federal Contract Tower,0,5,4,0,9,0,23,118,0,141,0,28,122,0,150,156,0,156,306
06/20/2022,CHD,AZ,AWP,CE,Federal Contract Tower,0,1,9,0,10,0,27,201,0,228,0,28,210,0,238,446,0,446,684
06/21/2022,CHD,AZ,AWP,CE,Federal Contract Tower,0,2,9,0,11,0,30,177,0,207,0,32,186,0,218,608,0,608,826
06/22/2022,CHD,AZ,AWP,CE,Federal Contract Tower,0,2,9,0,11,0,28,169,0,197,0,30,178,0,208,454,0,454,662
06/23/2022,CHD,AZ,AWP,CE,Federal Contract Tower,0,2,8,0,10,0,34,123,0,157,0,36,131,0,167,489,0,489,656
06/24/2022,CHD,AZ,AWP,CE,Federal Contract Tower,0,3,10,0,13,0,39,138,0,177,0,42,148,0,190,495,0,495,685
06/25/2022,CHD,AZ,AWP,CE,Federal Contract Tower,0,2,4,0,6,0,34,195,0,229,0,36,199,0,235,554,0,554,789
06/26/2022,CHD,AZ,AWP,CE,Federal Contract Tower,0,3,6,0,9,0,20,109,0,129,0,23,115,0,138,279,0,279,417
06/27/2022,CHD,AZ,AWP,CE,Federal Contract Tower,0,13,10,0,23,0,29,158,0,187,0,42,168,0,210,594,0,594,804
06/28/2022,CHD,AZ,AWP,CE,Federal Contract Tower,0,7,10,0,17,0,32,177,10,219,0,39,187,10,236,591,0,591,827
06/29/2022,CHD,AZ,AWP,CE,Federal Contract Tower,0,10,8,0,18,0,25,155,0,180,0,35,163,0,198,486,0,486,684
06/30/2022,CHD,AZ,AWP,CE,Federal Contract Tower,0,5,9,0,14,0,36,174,0,210,0,41,183,0,224,567,0,567,791
07/01/2022,CHD,AZ,AWP,CE,Federal Contract Tower,0,2,3,0,5,0,40,147,0,187,0,42,150,0,192,392,0,392,584
07/02/2022,CHD,AZ,AWP,CE,Federal Contract Tower,0,2,6,0,8,0,30,99,0,129,0,32,105,0,137,253,0,253,390
07/03/2022,CHD,AZ,AWP,CE,Federal Contract Tower,0,2,1,0,3,0,23,94,0,117,0,25,95,0,120,154,0,154,274
07/04/2022,CHD,AZ,AWP,CE,Federal Contract Tower,0,4,7,0,11,0,13,71,0,84,0,17,78,0,95,201,0,201,296
07/05/2022,CHD,AZ,AWP,CE,Federal Contract Tower,0,3,11,0,14,0,35,144,0,179,0,38,155,0,193,616,0,616,809
07/06/2022,CHD,AZ,AWP,CE,Federal Contract Tower,0,3,10,0,13,0,23,200,0,223,0,26,210,0,236,554,0,554,790
07/07/2022,CHD,AZ,AWP,CE,Federal Contract Tower,0,1,12,0,13,0,22,182,0,204,0,23,194,0,217,508,0,508,725
07/08/2022,CHD,AZ,AWP,CE,Federal Contract Tower,0,2,8,0,10,0,31,156,0,187,0,33,164,0,197,386,0,386,583
07/09/2022,CHD,AZ,AWP,CE,Federal Contract Tower,0,3,6,0,9,0,25,170,0,195,0,28,176,0,204,350,0,350,554
07/10/2022,CHD,AZ,AWP,CE,Federal Contract Tower,0,3,5,0,8,0,25,100,0,125,0,28,105,0,133,142,0,142,275
07/11/2022,CHD,AZ,AWP,CE,Federal Contract Tower,0,4,6,0,10,0,17,166,0,183,0,21,172,0,193,435,0,435,628
07/12/2022,CHD,AZ,AWP,CE,Federal Contract Tower,0,5,20,0,25,0,19,172,0,191,0,24,192,0,216,506,0,506,722
07/13/2022,CHD,AZ,AWP,CE,Federal Contract Tower,0,7,10,0,17,0,46,190,0,236,0,53,200,0,253,541,0,541,794
07/14/2022,CHD,AZ,AWP,CE,Federal Contract Tower,0,3,5,0,8,0,24,130,0,154,0,27,135,0,162,418,0,418,580
07/15/2022,CHD,AZ,AWP,CE,Federal Contract Tower,0,3,5,0,8,0,32,145,0,177,0,35,150,0,185,453,0,453,638
07/16/2022,CHD,AZ,AWP,CE,Federal Contract Tower,0,3,2,0,5,0,33,202,0,235,0,36,204,0,240,385,0,385,625
07/17/2022,CHD,AZ,AWP,CE,Federal Contract Tower,0,1,5,0,6,0,15,109,0,124,0,16,114,0,130,143,0,143,273
07/18/2022,CHD,AZ,AWP,CE,Federal Contract Tower,0,3,7,0,10,0,23,148,0,171,0,26,155,0,181,425,0,425,606
07/19/2022,CHD,AZ,AWP,CE,Federal Contract Tower,0,5,5,0,10,0,25,138,0,163,0,30,143,0,173,432,0,432,605
07/20/2022,CHD,AZ,AWP,CE,Federal Contract Tower,0,1,14,0,15,0,28,182,0,210,0,29,196,0,225,504,0,504,729
07/21/2022,CHD,AZ,AWP,CE,Federal Contract Tower,0,1,13,0,14,0,37,136,0,173,0,38,149,0,187,362,0,362,549
07/22/2022,CHD,AZ,AWP,CE,Federal Contract Tower,0,2,7,0,9,0,37,134,0,171,0,39,141,0,180,523,0,523,703
07/23/2022,CHD,AZ,AWP,CE,Federal Contract Tower,0,2,8,0,10,0,26,119,0,145,0,28,127,0,155,379,0,379,534
07/24/2022,CHD,AZ,AWP,CE,Federal Contract Tower,0,3,6,0,9,0,7,60,0,67,0,10,66,0,76,190,0,190,266
07/25/2022,CHD,AZ,AWP,CE,Federal Contract Tower,0,1,5,0,6,0,34,135,0,169,0,35,140,0,175,447,0,447,622
07/26/2022,CHD,AZ,AWP,CE,Federal Contract Tower,0,0,5,0,5,0,29,174,2,205,0,29,179,2,210,547,8,555,765
07/27/2022,CHD,AZ,AWP,CE,Federal Contract Tower,0,5,8,0,13,0,27,162,0,189,0,32,170,0,202,522,0,522,724
07/28/2022,CHD,AZ,AWP,CE,Federal Contract Tower,0,6,28,0,34,0,27,124,0,151,0,33,152,0,185,422,0,422,607
07/29/2022,CHD,AZ,AWP,CE,Federal Contract Tower,0,5,6,0,11,0,26,147,0,173,0,31,153,0,184,515,0,515,699
07/30/2022,CHD,AZ,AWP,CE,Federal Contract Tower,0,1,10,0,11,0,43,135,0,178,0,44,145,0,189,295,0,295,484
07/31/2022,CHD,AZ,AWP,CE,Federal Contract Tower,0,0,3,0,3,0,14,163,0,177,0,14,166,0,180,128,0,128,308
08/01/2022,CHD,AZ,AWP,CE,Federal Contract Tower,0,3,6,0,9,0,18,155,0,173,0,21,161,0,182,392,0,392,574
08/02/2022,CHD,AZ,AWP,CE,Federal Contract Tower,0,3,7,0,10,0,23,138,0,161,0,26,145,0,171,608,0,608,779
08/03/2022,CHD,AZ,AWP,CE,Federal Contract Tower,0,4,12,0,16,0,27,118,0,145,0,31,130,0,161,414,0,414,575
08/04/2022,CHD,AZ,AWP,CE,Federal Contract Tower,0,5,10,0,15,0,27,122,0,149,0,32,132,0,164,507,0,507,671
08/05/2022,CHD,AZ,AWP,CE,Federal Contract Tower,0,4,7,0,11,0,31,170,0,201,0,35,177,0,212,571,0,571,783
08/06/2022,CHD,AZ,AWP,CE,Federal Contract Tower,0,2,4,0,6,0,36,161,0,197,0,38,165,0,203,399,0,399,602
08/07/2022,CHD,AZ,AWP,CE,Federal Contract Tower,0,3,8,0,11,0,12,50,0,62,0,15,58,0,73,146,0,146,219
08/08/2022,CHD,AZ,AWP,CE,Federal Contract Tower,0,2,9,0,11,0,21,142,0,163,0,23,151,0,174,377,0,377,551
08/09/2022,CHD,AZ,AWP,CE,Federal Contract Tower,0,0,9,0,9,0,32,176,0,208,0,32,185,0,217,445,0,445,662
08/10/2022,CHD,AZ,AWP,CE,Federal Contract Tower,0,8,5,0,13,0,30,134,0,164,0,38,139,0,177,508,0,508,685
08/11/2022,CHD,AZ,AWP,CE,Federal Contract Tower,0,5,7,0,12,0,30,130,0,160,0,35,137,0,172,362,0,362,534
08/12/2022,CHD,AZ,AWP,CE,Federal Contract Tower,0,8,10,0,18,0,37,129,0,166,0,45,139,0,184,172,0,172,356
08/13/2022,CHD,AZ,AWP,CE,Federal Contract Tower,0,5,8,0,13,0,32,174,0,206,0,37,182,0,219,210,0,210,429
08/14/2022,CHD,AZ,AWP,CE,Federal Contract Tower,0,0,5,0,5,0,29,111,0,140,0,29,116,0,145,184,0,184,329
08/15/2022,CHD,AZ,AWP,CE,Federal Contract Tower,0,4,5,0,9,0,37,145,0,182,0,41,150,0,191,376,0,376,567
08/16/2022,CHD,AZ,AWP,CE,Federal Contract Tower,0,7,7,0,14,0,40,196,0,236,0,47,203,0,250,522,0,522,772
08/17/2022,CHD,AZ,AWP,CE,Federal Contract Tower,0,7,7,0,14,0,28,134,0,162,0,35,141,0,176,321,0,321,497
08/18/2022,CHD,AZ,AWP,CE,Federal Contract Tower,0,10,13,0,23,0,45,165,0,210,0,55,178,0,233,380,0,380,613
08/19/2022,CHD,AZ,AWP,CE,Federal Contract Tower,0,4,8,0,12,0,42,85,0,127,0,46,93,0,139,316,0,316,455
08/20/2022,CHD,AZ,AWP,CE,Federal Contract Tower,0,2,8,0,10,0,25,127,0,152,0,27,135,0,162,215,0,215,377
08/21/2022,CHD,AZ,AWP,CE,Federal Contract Tower,0,3,11,0,14,0,24,130,0,154,0,27,141,0,168,213,0,213,381
08/22/2022,CHD,AZ,AWP,CE,Federal Contract Tower,0,3,8,0,11,0,27,190,0,217,0,30,198,0,228,501,0,501,729
08/23/2022,CHD,AZ,AWP,CE,Federal Contract Tower,0,11,9,0,20,0,36,164,0,200,0,47,173,0,220,497,0,497,717
08/24/2022,CHD,AZ,AWP,CE,Federal Contract Tower,0,7,6,0,13,0,35,177,0,212,0,42,183,0,225,386,0,386,611
08/25/2022,CHD,AZ,AWP,CE,Federal Contract Tower,0,1,15,0,16,0,43,172,0,215,0,44,187,0,231,445,0,445,676
08/26/2022,CHD,AZ,AWP,CE,Federal Contract Tower,0,8,13,0,21,0,42,166,0,208,0,50,179,0,229,363,0,363,592
08/27/2022,CHD,AZ,AWP,CE,Federal Contract Tower,0,4,10,0,14,0,45,147,0,192,0,49,157,0,206,222,0,222,428
08/28/2022,CHD,AZ,AWP,CE,Federal Contract Tower,0,5,5,0,10,0,32,127,0,159,0,37,132,0,169,167,0,167,336
08/29/2022,CHD,AZ,AWP,CE,Federal Contract Tower,0,1,9,0,10,0,29,158,0,187,0,30,167,0,197,555,0,555,752
08/30/2022,CHD,AZ,AWP,CE,Federal Contract Tower,0,7,11,0,18,0,47,190,0,237,0,54,201,0,255,433,0,433,688
08/31/2022,CHD,AZ,AWP,CE,Federal Contract Tower,0,9,11,0,20,0,54,150,0,204,0,63,161,0,224,463,0,463,687
09/01/2022,CHD,AZ,AWP,CE,Federal Contract Tower,0,7,13,0,20,0,50,137,0,187,0,57,150,0,207,432,0,432,639
09/02/2022,CHD,AZ,AWP,CE,Federal Contract Tower,0,4,11,0,15,0,40,138,0,178,0,44,149,0,193,365,0,365,558
09/03/2022,CHD,AZ,AWP,CE,Federal Contract Tower,0,8,2,0,10,0,45,110,0,155,0,53,112,0,165,208,0,208,373
09/04/2022,CHD,AZ,AWP,CE,Federal Contract Tower,0,7,7,0,14,0,22,80,0,102,0,29,87,0,116,225,0,225,341
09/05/2022,CHD,AZ,AWP,CE,Federal Contract Tower,0,4,9,0,13,0,27,167,0,194,0,31,176,0,207,257,0,257,464
09/06/2022,CHD,AZ,AWP,CE,Federal Contract Tower,0,5,23,0,28,0,33,147,0,180,0,38,170,0,208,474,0,474,682
09/07/2022,CHD,AZ,AWP,CE,Federal Contract Tower,0,5,7,0,12,0,44,138,0,182,0,49,145,0,194,484,0,484,678
09/08/2022,CHD,AZ,AWP,CE,Federal Contract Tower,0,4,15,0,19,0,33,164,0,197,0,37,179,0,216,643,0,643,859
09/09/2022,CHD,AZ,AWP,CE,Federal Contract Tower,0,7,7,0,14,0,33,152,0,185,0,40,159,0,199,437,0,437,636
09/10/2022,CHD,AZ,AWP,CE,Federal Contract Tower,0,2,5,0,7,0,32,198,0,230,0,34,203,0,237,192,0,192,429
09/11/2022,CHD,AZ,AWP,CE,Federal Contract Tower,0,5,2,0,7,0,25,124,0,149,0,30,126,0,156,143,0,143,299
09/12/2022,CHD,AZ,AWP,CE,Federal Contract Tower,0,3,12,0,15,0,33,142,0,175,0,36,154,0,190,378,0,378,568
09/13/2022,CHD,AZ,AWP,CE,Federal Contract Tower,0,6,5,0,11,0,33,174,0,207,0,39,179,0,218,377,0,377,595
09/14/2022,CHD,AZ,AWP,CE,Federal Contract Tower,0,5,7,0,12,0,36,159,0,195,0,41,166,0,207,495,0,495,702
09/15/2022,CHD,AZ,AWP,CE,Federal Contract Tower,0,5,8,0,13,0,32,132,0,164,0,37,140,0,177,391,0,391,568
09/16/2022,CHD,AZ,AWP,CE,Federal Contract Tower,0,3,3,0,6,0,36,165,0,201,0,39,168,0,207,540,0,540,747
09/17/2022,CHD,AZ,AWP,CE,Federal Contract Tower,0,5,4,0,9,0,43,149,0,192,0,48,153,0,201,257,0,257,458
09/18/2022,CHD,AZ,AWP,CE,Federal Contract Tower,0,3,3,0,6,0,40,120,0,160,0,43,123,0,166,146,0,146,312
09/19/2022,CHD,AZ,AWP,CE,Federal Contract Tower,0,0,8,0,8,0,20,160,0,180,0,20,168,0,188,333,0,333,521
09/20/2022,CHD,AZ,AWP,CE,Federal Contract Tower,0,2,10,0,12,0,32,142,0,174,0,34,152,0,186,424,0,424,610
09/21/2022,CHD,AZ,AWP,CE,Federal Contract Tower,0,4,6,0,10,0,25,104,0,129,0,29,110,0,139,360,0,360,499
09/22/2022,CHD,AZ,AWP,CE,Federal Contract Tower,0,5,13,0,18,0,54,169,0,223,0,59,182,0,241,408,0,408,649
09/23/2022,CHD,AZ,AWP,CE,Federal Contract Tower,0,9,18,0,27,0,44,159,0,203,0,53,177,0,230,400,0,400,630
09/24/2022,CHD,AZ,AWP,CE,Federal Contract Tower,0,2,11,0,13,0,32,198,0,230,0,34,209,0,243,169,0,169,412
09/25/2022,CHD,AZ,AWP,CE,Federal Contract Tower,0,1,7,0,8,0,27,158,0,185,0,28,165,0,193,159,0,159,352
09/26/2022,CHD,AZ,AWP,CE,Federal Contract Tower,0,7,8,0,15,0,17,136,0,153,0,24,144,0,168,295,0,295,463
09/27/2022,CHD,AZ,AWP,CE,Federal Contract Tower,0,11,7,0,18,0,37,132,0,169,0,48,139,0,187,421,0,421,608
09/28/2022,CHD,AZ,AWP,CE,Federal Contract Tower,0,4,8,0,12,0,36,138,0,174,0,40,146,0,186,450,0,450,636
09/29/2022,CHD,AZ,AWP,CE,Federal Contract Tower,0,6,14,0,20,0,42,190,0,232,0,48,204,0,252,479,0,479,731
09/30/2022,CHD,AZ,AWP,CE,Federal Contract Tower,0,5,7,0,12,0,37,178,0,215,0,42,185,0,227,488,0,488,715
10/01/2022,CHD,AZ,AWP,CE,Federal Contract Tower,0,6,6,0,12,0,23,161,0,184,0,29,167,0,196,498,0,498,694
10/02/2022,CHD,AZ,AWP,CE,Federal Contract Tower,0,4,10,0,14,0,24,133,0,157,0,28,143,0,171,114,0,114,285
10/03/2022,CHD,AZ,AWP,CE,Federal Contract Tower,0,8,8,0,16,0,33,129,0,162,0,41,137,0,178,353,0,353,531
10/04/2022,CHD,AZ,AWP,CE,Federal Contract Tower,0,13,11,0,24,0,27,165,0,192,0,40,176,0,216,482,0,482,698
10/05/2022,CHD,AZ,AWP,CE,Federal Contract Tower,0,6,13,0,19,0,52,190,2,244,0,58,203,2,263,375,2,377,640
10/06/2022,CHD,AZ,AWP,CE,Federal Contract Tower,0,4,7,0,11,0,24,107,0,131,0,28,114,0,142,422,0,422,564
10/07/2022,CHD,AZ,AWP,CE,Federal Contract Tower,0,14,15,0,29,0,40,155,0,195,0,54,170,0,224,293,0,293,517
10/08/2022,CHD,AZ,AWP,CE,Federal Contract Tower,0,11,10,0,21,0,37,184,0,221,0,48,194,0,242,312,0,312,554
10/09/2022,CHD,AZ,AWP,CE,Federal Contract Tower,0,11,16,0,27,0,31,144,0,175,0,42,160,0,202,189,0,189,391
10/10/2022,CHD,AZ,AWP,CE,Federal Contract Tower,0,2,10,0,12,0,34,163,0,197,0,36,173,0,209,386,0,386,595
10/11/2022,CHD,AZ,AWP,CE,Federal Contract Tower,0,6,7,0,13,0,27,170,0,197,0,33,177,0,210,507,10,517,727
10/12/2022,CHD,AZ,AWP,CE,Federal Contract Tower,0,7,18,0,25,0,24,166,10,200,0,31,184,10,225,347,0,347,572
10/13/2022,CHD,AZ,AWP,CE,Federal Contract Tower,0,7,7,0,14,0,42,189,2,233,0,49,196,2,247,340,0,340,587
10/14/2022,CHD,AZ,AWP,CE,Federal Contract Tower,0,9,8,0,17,0,42,188,0,230,0,51,196,0,247,520,0,520,767
10/15/2022,CHD,AZ,AWP,CE,Federal Contract Tower,0,5,7,0,12,0,2,68,0,70,0,7,75,0,82,178,0,178,260
10/16/2022,CHD,AZ,AWP,CE,Federal Contract Tower,0,2,14,0,16,0,12,140,0,152,0,14,154,0,168,195,0,195,363
10/17/2022,CHD,AZ,AWP,CE,Federal Contract Tower,0,5,22,0,27,0,29,172,0,201,0,34,194,0,228,548,0,548,776
10/18/2022,CHD,AZ,AWP,CE,Federal Contract Tower,0,15,16,0,31,0,38,157,2,197,0,53,173,2,228,427,0,427,655
10/19/2022,CHD,AZ,AWP,CE,Federal Contract Tower,0,10,11,0,21,0,28,174,0,202,0,38,185,0,223,359,0,359,582
10/20/2022,CHD,AZ,AWP,CE,Federal Contract Tower,0,13,16,0,29,0,55,193,0,248,0,68,209,0,277,507,0,507,784
10/21/2022,CHD,AZ,AWP,CE,Federal Contract Tower,0,5,10,0,15,0,39,186,0,225,0,44,196,0,240,404,0,404,644
10/22/2022,CHD,AZ,AWP,CE,Federal Contract Tower,0,4,4,0,8,0,25,135,1,161,0,29,139,1,169,222,0,222,391
10/23/2022,CHD,AZ,AWP,CE,Federal Contract Tower,0,5,2,0,7,0,28,100,0,128,0,33,102,0,135,221,0,221,356
10/24/2022,CHD,AZ,AWP,CE,Federal Contract Tower,0,8,5,0,13,0,34,144,0,178,0,42,149,0,191,424,0,424,615
10/25/2022,CHD,AZ,AWP,CE,Federal Contract Tower,0,5,4,0,9,0,52,158,0,210,0,57,162,0,219,459,0,459,678
10/26/2022,CHD,AZ,AWP,CE,Federal Contract Tower,0,3,11,0,14,0,42,150,0,192,0,45,161,0,206,599,0,599,805
10/27/2022,CHD,AZ,AWP,CE,Federal Contract Tower,0,10,8,0,18,0,59,147,0,206,0,69,155,0,224,408,0,408,632
10/28/2022,CHD,AZ,AWP,CE,Federal Contract Tower,0,10,19,0,29,0,37,190,0,227,0,47,209,0,256,317,0,317,573
10/29/2022,CHD,AZ,AWP,CE,Federal Contract Tower,0,7,7,0,14,0,42,193,0,235,0,49,200,0,249,445,0,445,694
10/30/2022,CHD,AZ,AWP,CE,Federal Contract Tower,0,0,8,0,8,0,39,165,0,204,0,39,173,0,212,257,0,257,469
10/31/2022,CHD,AZ,AWP,CE,Federal Contract Tower,0,2,15,0,17,0,46,163,0,209,0,48,178,0,226,508,0,508,734
11/01/2022,CHD,AZ,AWP,CE,Federal Contract Tower,0,7,23,0,30,0,47,188,0,235,0,54,211,0,265,501,0,501,766
11/02/2022,CHD,AZ,AWP,CE,Federal Contract Tower,0,1,11,0,12,0,16,143,0,159,0,17,154,0,171,230,0,230,401
11/03/2022,CHD,AZ,AWP,CE,Federal Contract Tower,0,1,11,0,12,0,17,94,4,115,0,18,105,4,127,179,0,179,306
11/04/2022,CHD,AZ,AWP,CE,Federal Contract Tower,0,2,11,0,13,0,34,187,2,223,0,36,198,2,236,252,0,252,488
11/05/2022,CHD,AZ,AWP,CE,Federal Contract Tower,0,3,7,0,10,0,26,167,0,193,0,29,174,0,203,175,0,175,378
11/06/2022,CHD,AZ,AWP,CE,Federal Contract Tower,0,3,4,0,7,0,8,161,0,169,0,11,165,0,176,147,0,147,323
11/07/2022,CHD,AZ,AWP,CE,Federal Contract Tower,0,14,15,0,29,0,46,154,0,200,0,60,169,0,229,285,0,285,514
11/08/2022,CHD,AZ,AWP,CE,Federal Contract Tower,0,4,8,0,12,0,36,179,0,215,0,40,187,0,227,354,0,354,581
11/09/2022,CHD,AZ,AWP,CE,Federal Contract Tower,0,7,5,0,12,0,12,63,2,77,0,19,68,2,89,201,0,201,290
11/10/2022,CHD,AZ,AWP,CE,Federal Contract Tower,0,6,8,0,14,0,61,196,0,257,0,67,204,0,271,468,0,468,739
11/11/2022,CHD,AZ,AWP,CE,Federal Contract Tower,0,10,15,0,25,0,41,230,0,271,0,51,245,0,296,474,0,474,770
11/12/2022,CHD,AZ,AWP,CE,Federal Contract Tower,0,5,5,0,10,0,25,197,0,222,0,30,202,0,232,421,0,421,653
11/13/2022,CHD,AZ,AWP,CE,Federal Contract Tower,0,3,9,0,12,0,31,138,0,169,0,34,147,0,181,187,0,187,368
11/14/2022,CHD,AZ,AWP,CE,Federal Contract Tower,0,7,12,0,19,0,28,145,0,173,0,35,157,0,192,410,0,410,602
11/15/2022,CHD,AZ,AWP,CE,Federal Contract Tower,0,16,11,0,27,0,37,147,0,184,0,53,158,0,211,420,0,420,631
11/16/2022,CHD,AZ,AWP,CE,Federal Contract Tower,0,8,13,0,21,0,24,143,0,167,0,32,156,0,188,380,0,380,568
11/17/2022,CHD,AZ,AWP,CE,Federal Contract Tower,0,11,4,0,15,0,50,142,2,194,0,61,146,2,209,546,0,546,755
11/18/2022,CHD,AZ,AWP,CE,Federal Contract Tower,0,6,10,0,16,0,35,163,0,198,0,41,173,0,214,572,0,572,786
11/19/2022,CHD,AZ,AWP,CE,Federal Contract Tower,0,6,4,0,10,0,31,188,0,219,0,37,192,0,229,468,0,468,697
11/20/2022,CHD,AZ,AWP,CE,Federal Contract Tower,0,9,7,0,16,0,19,165,0,184,0,28,172,0,200,230,0,230,430
11/21/2022,CHD,AZ,AWP,CE,Federal Contract Tower,0,6,16,0,22,0,27,170,0,197,0,33,186,0,219,515,0,515,734
11/22/2022,CHD,AZ,AWP,CE,Federal Contract Tower,0,5,8,0,13,0,32,201,0,233,0,37,209,0,246,480,0,480,726
11/23/2022,CHD,AZ,AWP,CE,Federal Contract Tower,0,4,9,0,13,0,27,198,0,225,0,31,207,0,238,372,0,372,610
11/24/2022,CHD,AZ,AWP,CE,Federal Contract Tower,0,0,0,0,0,0,2,30,0,32,0,2,30,0,32,8,0,8,40
11/25/2022,CHD,AZ,AWP,CE,Federal Contract Tower,0,0,2,0,2,0,21,137,0,158,0,21,139,0,160,375,0,375,535
11/26/2022,CHD,AZ,AWP,CE,Federal Contract Tower,0,1,5,0,6,0,13,164,0,177,0,14,169,0,183,178,0,178,361
11/27/2022,CHD,AZ,AWP,CE,Federal Contract Tower,0,5,10,0,15,0,15,188,0,203,0,20,198,0,218,366,0,366,584
11/28/2022,CHD,AZ,AWP,CE,Federal Contract Tower,0,3,5,0,8,0,40,141,0,181,0,43,146,0,189,469,0,469,658
11/29/2022,CHD,AZ,AWP,CE,Federal Contract Tower,0,2,8,0,10,0,31,154,0,185,0,33,162,0,195,596,0,596,791
11/30/2022,CHD,AZ,AWP,CE,Federal Contract Tower,0,4,5,0,9,0,31,166,0,197,0,35,171,0,206,593,0,593,799
12/01/2022,CHD,AZ,AWP,CE,Federal Contract Tower,0,6,5,0,11,0,40,150,0,190,0,46,155,0,201,576,0,576,777
12/02/2022,CHD,AZ,AWP,CE,Federal Contract Tower,0,4,6,0,10,0,31,176,0,207,0,35,182,0,217,553,8,561,778
12/03/2022,CHD,AZ,AWP,CE,Federal Contract Tower,0,2,15,0,17,0,10,71,0,81,0,12,86,0,98,171,0,171,269
12/04/2022,CHD,AZ,AWP,CE,Federal Contract Tower,0,7,18,0,25,0,3,19,0,22,0,10,37,0,47,116,0,116,163
12/05/2022,CHD,AZ,AWP,CE,Federal Contract Tower,0,10,8,0,18,0,11,80,0,91,0,21,88,0,109,252,0,252,361
12/06/2022,CHD,AZ,AWP,CE,Federal Contract Tower,0,5,6,0,11,0,29,132,0,161,0,34,138,0,172,433,0,433,605
12/07/2022,CHD,AZ,AWP,CE,Federal Contract Tower,0,4,6,0,10,0,32,153,2,187,0,36,159,2,197,515,0,515,712
12/08/2022,CHD,AZ,AWP,CE,Federal Contract Tower,0,4,9,1,14,0,30,167,0,197,0,34,176,1,211,324,0,324,535
12/09/2022,CHD,AZ,AWP,CE,Federal Contract Tower,0,3,8,0,11,0,24,176,0,200,0,27,184,0,211,506,0,506,717
12/10/2022,CHD,AZ,AWP,CE,Federal Contract Tower,0,4,4,0,8,0,19,191,0,210,0,23,195,0,218,347,0,347,565
12/11/2022,CHD,AZ,AWP,CE,Federal Contract Tower,0,2,8,0,10,0,13,147,0,160,0,15,155,0,170,291,0,291,461
12/12/2022,CHD,AZ,AWP,CE,Federal Contract Tower,0,3,13,0,16,0,14,66,0,80,0,17,79,0,96,304,0,304,400
12/13/2022,CHD,AZ,AWP,CE,Federal Contract Tower,0,2,9,0,11,0,23,135,2,160,0,25,144,2,171,303,0,303,474
12/14/2022,CHD,AZ,AWP,CE,Federal Contract Tower,0,6,9,0,15,0,38,123,0,161,0,44,132,0,176,220,0,220,396
12/15/2022,CHD,AZ,AWP,CE,Federal Contract Tower,0,9,9,0,18,0,42,154,0,196,0,51,163,0,214,455,0,455,669
12/16/2022,CHD,AZ,AWP,CE,Federal Contract Tower,0,8,12,0,20,0,29,151,0,180,0,37,163,0,200,335,0,335,535
12/17/2022,CHD,AZ,AWP,CE,Federal Contract Tower,0,1,9,0,10,0,31,209,0,240,0,32,218,0,250,326,0,326,576
12/18/2022,CHD,AZ,AWP,CE,Federal Contract Tower,0,2,5,0,7,0,43,136,0,179,0,45,141,0,186,255,0,255,441
12/19/2022,CHD,AZ,AWP,CE,Federal Contract Tower,0,4,6,0,10,0,49,117,2,168,0,53,123,2,178,328,14,342,520
12/20/2022,CHD,AZ,AWP,CE,Federal Contract Tower,0,1,5,0,6,0,37,113,0,150,0,38,118,0,156,395,0,395,551
12/21/2022,CHD,AZ,AWP,CE,Federal Contract Tower,0,5,6,0,11,0,43,132,0,175,0,48,138,0,186,256,2,258,444
12/22/2022,CHD,AZ,AWP,CE,Federal Contract Tower,0,6,6,0,12,0,45,142,2,189,0,51,148,2,201,396,0,396,597
12/23/2022,CHD,AZ,AWP,CE,Federal Contract Tower,0,3,9,0,12,0,14,134,0,148,0,17,143,0,160,297,0,297,457
12/24/2022,CHD,AZ,AWP,CE,Federal Contract Tower,0,3,8,0,11,0,18,101,0,119,0,21,109,0,130,141,0,141,271
12/25/2022,CHD,AZ,AWP,CE,Federal Contract Tower,0,0,1,0,1,0,2,25,0,27,0,2,26,0,28,40,0,40,68
12/26/2022,CHD,AZ,AWP,CE,Federal Contract Tower,0,3,19,0,22,0,4,138,0,142,0,7,157,0,164,175,0,175,339
12/27/2022,CHD,AZ,AWP,CE,Federal Contract Tower,0,3,19,0,22,0,34,160,0,194,0,37,179,0,216,176,0,176,392
12/28/2022,CHD,AZ,AWP,CE,Federal Contract Tower,0,3,5,0,8,0,4,4,0,8,0,7,9,0,16,48,0,48,64
12/29/2022,CHD,AZ,AWP,CE,Federal Contract Tower,0,3,10,0,13,0,26,129,0,155,0,29,139,0,168,292,0,292,460
12/30/2022,CHD,AZ,AWP,CE,Federal Contract Tower,0,10,11,0,21,0,12,25,0,37,0,22,36,0,58,175,0,175,233
12/31/2022,CHD,AZ,AWP,CE,Federal Contract Tower,0,2,12,0,14,0,24,162,0,186,0,26,174,0,200,284,0,284,484
01/01/2023,CHD,AZ,AWP,CE,Federal Contract Tower,0,1,5,0,6,0,0,2,0,2,0,1,7,0,8,0,0,0,8
01/02/2023,CHD,AZ,AWP,CE,Federal Contract Tower,0,1,6,0,7,0,13,92,0,105,0,14,98,0,112,274,0,274,386
01/03/2023,CHD,AZ,AWP,CE,Federal Contract Tower,0,4,6,0,10,0,32,97,0,129,0,36,103,0,139,356,0,356,495
01/04/2023,CHD,AZ,AWP,CE,Federal Contract Tower,0,8,14,0,22,0,41,153,0,194,0,49,167,0,216,496,0,496,712
01/05/2023,CHD,AZ,AWP,CE,Federal Contract Tower,0,8,17,0,25,0,29,182,0,211,0,37,199,0,236,489,0,489,725
01/06/2023,CHD,AZ,AWP,CE,Federal Contract Tower,0,2,11,0,13,0,51,156,0,207,0,53,167,0,220,475,0,475,695
01/07/2023,CHD,AZ,AWP,CE,Federal Contract Tower,0,4,11,0,15,0,41,220,0,261,0,45,231,0,276,428,0,428,704
01/08/2023,CHD,AZ,AWP,CE,Federal Contract Tower,0,1,10,0,11,0,33,171,0,204,0,34,181,0,215,224,0,224,439
01/09/2023,CHD,AZ,AWP,CE,Federal Contract Tower,0,7,17,0,24,0,28,183,0,211,0,35,200,0,235,310,0,310,545
01/10/2023,CHD,AZ,AWP,CE,Federal Contract Tower,0,7,12,0,19,0,37,194,0,231,0,44,206,0,250,458,0,458,708
01/11/2023,CHD,AZ,AWP,CE,Federal Contract Tower,0,1,8,0,9,0,41,130,0,171,0,42,138,0,180,436,0,436,616
01/12/2023,CHD,AZ,AWP,CE,Federal Contract Tower,0,0,13,0,13,0,55,173,0,228,0,55,186,0,241,308,0,308,549
01/13/2023,CHD,AZ,AWP,CE,Federal Contract Tower,0,12,11,0,23,0,42,192,0,234,0,54,203,0,257,394,0,394,651
01/14/2023,CHD,AZ,AWP,CE,Federal Contract Tower,0,1,5,0,6,0,57,170,0,227,0,58,175,0,233,322,0,322,555
01/15/2023,CHD,AZ,AWP,CE,Federal Contract Tower,0,0,5,0,5,0,4,44,0,48,0,4,49,0,53,219,0,219,272
01/16/2023,CHD,AZ,AWP,CE,Federal Contract Tower,0,8,10,0,18,0,6,30,0,36,0,14,40,0,54,155,0,155,209
01/17/2023,CHD,AZ,AWP,CE,Federal Contract Tower,0,3,6,0,9,0,25,150,0,175,0,28,156,0,184,417,0,417,601
01/18/2023,CHD,AZ,AWP,CE,Federal Contract Tower,0,3,9,0,12,0,44,211,0,255,0,47,220,0,267,564,0,564,831
01/19/2023,CHD,AZ,AWP,CE,Federal Contract Tower,0,0,20,0,20,0,45,216,0,261,0,45,236,0,281,541,0,541,822
01/20/2023,CHD,AZ,AWP,CE,Federal Contract Tower,0,2,5,0,7,0,38,214,0,252,0,40,219,0,259,459,0,459,718
01/21/2023,CHD,AZ,AWP,CE,Federal Contract Tower,0,5,7,0,12,0,51,198,0,249,0,56,205,0,261,372,0,372,633
01/22/2023,CHD,AZ,AWP,CE,Federal Contract Tower,0,0,5,0,5,0,22,140,0,162,0,22,145,0,167,203,0,203,370
01/23/2023,CHD,AZ,AWP,CE,Federal Contract Tower,0,1,8,0,9,0,38,173,0,211,0,39,181,0,220,523,0,523,743
01/24/2023,CHD,AZ,AWP,CE,Federal Contract Tower,0,0,7,0,7,0,56,207,0,263,0,56,214,0,270,528,0,528,798
01/25/2023,CHD,AZ,AWP,CE,Federal Contract Tower,0,4,7,0,11,0,42,206,0,248,0,46,213,0,259,617,0,617,876
01/26/2023,CHD,AZ,AWP,CE,Federal Contract Tower,0,15,6,0,21,0,70,166,0,236,0,85,172,0,257,553,0,553,810
01/27/2023,CHD,AZ,AWP,CE,Federal Contract Tower,0,8,17,0,25,0,75,240,0,315,0,83,257,0,340,389,0,389,729
01/28/2023,CHD,AZ,AWP,CE,Federal Contract Tower,0,1,2,0,3,0,48,213,0,261,0,49,215,0,264,338,0,338,602
01/29/2023,CHD,AZ,AWP,CE,Federal Contract Tower,0,6,5,0,11,0,29,159,0,188,0,35,164,0,199,202,0,202,401
01/30/2023,CHD,AZ,AWP,CE,Federal Contract Tower,0,1,5,0,6,0,25,158,0,183,0,26,163,0,189,279,0,279,468
01/31/2023,CHD,AZ,AWP,CE,Federal Contract Tower,0,3,13,0,16,0,37,110,0,147,0,40,123,0,163,629,0,629,792
02/01/2023,CHD,AZ,AWP,CE,Federal Contract Tower,0,4,11,0,15,0,52,194,0,246,0,56,205,0,261,573,0,573,834
02/02/2023,CHD,AZ,AWP,CE,Federal Contract Tower,0,6,12,0,18,0,57,206,2,265,0,63,218,2,283,541,0,541,824
02/03/2023,CHD,AZ,AWP,CE,Federal Contract Tower,0,4,10,0,14,0,39,216,0,255,0,43,226,0,269,582,0,582,851
02/04/2023,CHD,AZ,AWP,CE,Federal Contract Tower,0,2,4,0,6,0,51,196,0,247,0,53,200,0,253,591,0,591,844
02/05/2023,CHD,AZ,AWP,CE,Federal Contract Tower,0,4,6,0,10,0,31,170,0,201,0,35,176,0,211,407,0,407,618
02/06/2023,CHD,AZ,AWP,CE,Federal Contract Tower,0,4,17,0,21,0,43,185,3,231,0,47,202,3,252,604,0,604,856
02/07/2023,CHD,AZ,AWP,CE,Federal Contract Tower,0,8,18,0,26,0,53,238,1,292,0,61,256,1,318,594,0,594,912
02/08/2023,CHD,AZ,AWP,CE,Federal Contract Tower,0,2,9,0,11,0,63,268,0,331,0,65,277,0,342,512,0,512,854
02/09/2023,CHD,AZ,AWP,CE,Federal Contract Tower,0,11,10,0,21,0,74,242,0,316,0,85,252,0,337,491,0,491,828
02/10/2023,CHD,AZ,AWP,CE,Federal Contract Tower,0,10,14,0,24,0,53,177,0,230,0,63,191,0,254,364,0,364,618
02/11/2023,CHD,AZ,AWP,CE,Federal Contract Tower,0,9,7,0,16,0,36,104,0,140,0,45,111,0,156,231,0,231,387
02/12/2023,CHD,AZ,AWP,CE,Federal Contract Tower,0,8,11,0,19,0,28,63,0,91,0,36,74,0,110,109,0,109,219
02/13/2023,CHD,AZ,AWP,CE,Federal Contract Tower,0,24,29,0,53,0,19,122,0,141,0,43,151,0,194,320,0,320,514
02/14/2023,CHD,AZ,AWP,CE,Federal Contract Tower,0,1,4,0,5,0,20,53,0,73,0,21,57,0,78,132,0,132,210
02/15/2023,CHD,AZ,AWP,CE,Federal Contract Tower,0,3,8,0,11,0,40,233,0,273,0,43,241,0,284,686,0,686,970
02/16/2023,CHD,AZ,AWP,CE,Federal Contract Tower,0,9,18,0,27,0,80,274,2,356,0,89,292,2,383,529,9,538,921
02/17/2023,CHD,AZ,AWP,CE,Federal Contract Tower,0,9,12,0,21,0,64,156,2,222,0,73,168,2,243,641,0,641,884
02/18/2023,CHD,AZ,AWP,CE,Federal Contract Tower,0,6,4,0,10,0,47,256,0,303,0,53,260,0,313,355,0,355,668
02/19/2023,CHD,AZ,AWP,CE,Federal Contract Tower,0,4,9,0,13,0,31,159,0,190,0,35,168,0,203,320,0,320,523
02/20/2023,CHD,AZ,AWP,CE,Federal Contract Tower,0,8,18,0,26,0,38,245,0,283,0,46,263,0,309,449,0,449,758
02/21/2023,CHD,AZ,AWP,CE,Federal Contract Tower,0,3,10,0,13,0,26,110,0,136,0,29,120,0,149,531,0,531,680
02/22/2023,CHD,AZ,AWP,CE,Federal Contract Tower,0,0,2,0,2,0,2,0,0,2,0,2,2,0,4,2,0,2,6
02/23/2023,CHD,AZ,AWP,CE,Federal Contract Tower,0,4,10,0,14,0,52,185,0,237,0,56,195,0,251,750,0,750,1001
02/24/2023,CHD,AZ,AWP,CE,Federal Contract Tower,0,3,11,0,14,0,77,201,0,278,0,80,212,0,292,720,0,720,1012
02/25/2023,CHD,AZ,AWP,CE,Federal Contract Tower,0,4,8,0,12,0,47,188,0,235,0,51,196,0,247,596,0,596,843
02/26/2023,CHD,AZ,AWP,CE,Federal Contract Tower,0,4,3,0,7,0,11,105,0,116,0,15,108,0,123,284,0,284,407
02/27/2023,CHD,AZ,AWP,CE,Federal Contract Tower,0,9,6,1,16,0,47,214,1,262,0,56,220,2,278,690,0,690,968
02/28/2023,CHD,AZ,AWP,CE,Federal Contract Tower,0,2,5,0,7,0,35,218,0,253,0,37,223,0,260,834,0,834,1094
03/01/2023,CHD,AZ,AWP,CE,Federal Contract Tower,0,2,11,0,13,0,27,69,0,96,0,29,80,0,109,334,0,334,443
03/02/2023,CHD,AZ,AWP,CE,Federal Contract Tower,0,3,21,0,24,0,74,162,0,236,0,77,183,0,260,687,0,687,947
03/03/2023,CHD,AZ,AWP,CE,Federal Contract Tower,0,7,17,0,24,0,77,238,0,315,0,84,255,0,339,741,0,741,1080
03/04/2023,CHD,AZ,AWP,CE,Federal Contract Tower,0,5,5,0,10,0,50,205,0,255,0,55,210,0,265,576,0,576,841
03/05/2023,CHD,AZ,AWP,CE,Federal Contract Tower,0,4,4,0,8,0,41,187,0,228,0,45,191,0,236,305,0,305,541
03/06/2023,CHD,AZ,AWP,CE,Federal Contract Tower,0,3,5,0,8,0,25,175,0,200,0,28,180,0,208,489,0,489,697
03/07/2023,CHD,AZ,AWP,CE,Federal Contract Tower,0,2,5,0,7,0,44,184,0,228,0,46,189,0,235,617,0,617,852
03/08/2023,CHD,AZ,AWP,CE,Federal Contract Tower,0,4,3,0,7,0,36,160,0,196,0,40,163,0,203,611,0,611,814
03/09/2023,CHD,AZ,AWP,CE,Federal Contract Tower,0,6,8,0,14,0,41,194,0,235,0,47,202,0,249,632,0,632,881
03/10/2023,CHD,AZ,AWP,CE,Federal Contract Tower,0,0,6,0,6,0,50,197,0,247,0,50,203,0,253,572,0,572,825
03/11/2023,CHD,AZ,AWP,CE,Federal Contract Tower,0,4,1,0,5,0,52,188,0,240,0,56,189,0,245,436,0,436,681
03/12/2023,CHD,AZ,AWP,CE,Federal Contract Tower,0,2,8,0,10,0,31,99,0,130,0,33,107,0,140,166,0,166,306
03/13/2023,CHD,AZ,AWP,CE,Federal Contract Tower,0,1,3,0,4,0,52,135,0,187,0,53,138,0,191,559,0,559,750
03/14/2023,CHD,AZ,AWP,CE,Federal Contract Tower,0,5,8,0,13,0,55,165,0,220,0,60,173,0,233,611,0,611,844
03/15/2023,CHD,AZ,AWP,CE,Federal Contract Tower,0,6,18,0,24,0,35,95,0,130,0,41,113,0,154,245,0,245,399
03/16/2023,CHD,AZ,AWP,CE,Federal Contract Tower,0,6,14,0,20,0,42,208,0,250,0,48,222,0,270,600,0,600,870
03/17/2023,CHD,AZ,AWP,CE,Federal Contract Tower,0,10,12,0,22,0,62,217,0,279,0,72,229,0,301,227,0,227,528
03/18/2023,CHD,AZ,AWP,CE,Federal Contract Tower,0,14,19,0,33,0,54,152,0,206,0,68,171,0,239,301,0,301,540
03/19/2023,CHD,AZ,AWP,CE,Federal Contract Tower,0,8,12,0,20,0,28,109,0,137,0,36,121,0,157,184,0,184,341
03/20/2023,CHD,AZ,AWP,CE,Federal Contract Tower,0,6,12,0,18,0,40,194,0,234,0,46,206,0,252,420,0,420,672
03/21/2023,CHD,AZ,AWP,CE,Federal Contract Tower,0,5,5,0,10,0,17,122,0,139,0,22,127,0,149,234,0,234,383
03/22/2023,CHD,AZ,AWP,CE,Federal Contract Tower,0,3,11,0,14,0,25,133,0,158,0,28,144,0,172,296,0,296,468
03/23/2023,CHD,AZ,AWP,CE,Federal Contract Tower,0,5,14,0,19,0,55,274,0,329,0,60,288,0,348,465,0,465,813
03/24/2023,CHD,AZ,AWP,CE,Federal Contract Tower,0,2,7,0,9,0,67,262,0,329,0,69,269,0,338,527,0,527,865
03/25/2023,CHD,AZ,AWP,CE,Federal Contract Tower,0,4,8,0,12,0,65,213,0,278,0,69,221,0,290,494,0,494,784
03/26/2023,CHD,AZ,AWP,CE,Federal Contract Tower,0,4,10,0,14,0,26,148,0,174,0,30,158,0,188,169,0,169,357
03/27/2023,CHD,AZ,AWP,CE,Federal Contract Tower,0,7,14,0,21,0,51,214,0,265,0,58,228,0,286,723,0,723,1009
03/28/2023,CHD,AZ,AWP,CE,Federal Contract Tower,0,6,6,0,12,0,58,213,0,271,0,64,219,0,283,738,0,738,1021
03/29/2023,CHD,AZ,AWP,CE,Federal Contract Tower,0,4,7,0,11,0,41,181,0,222,0,45,188,0,233,731,0,731,964
03/30/2023,CHD,AZ,AWP,CE,Federal Contract Tower,0,2,14,0,16,0,21,103,4,128,0,23,117,4,144,724,0,724,868
03/31/2023,CHD,AZ,AWP,CE,Federal Contract Tower,0,5,6,0,11,0,70,217,0,287,0,75,223,0,298,612,0,612,910
04/01/2023,CHD,AZ,AWP,CE,Federal Contract Tower,0,4,10,0,14,0,46,192,0,238,0,50,202,0,252,419,0,419,671
04/02/2023,CHD,AZ,AWP,CE,Federal Contract Tower,0,6,11,0,17,0,42,181,0,223,0,48,192,0,240,384,0,384,624
04/03/2023,CHD,AZ,AWP,CE,Federal Contract Tower,0,3,6,0,9,0,40,80,0,120,0,43,86,0,129,310,0,310,439
04/04/2023,CHD,AZ,AWP,CE,Federal Contract Tower,0,4,5,0,9,0,15,93,0,108,0,19,98,0,117,214,0,214,331
04/05/2023,CHD,AZ,AWP,CE,Federal Contract Tower,0,11,4,0,15,0,60,231,0,291,0,71,235,0,306,463,0,463,769
04/06/2023,CHD,AZ,AWP,CE,Federal Contract Tower,0,5,11,0,16,0,46,224,0,270,0,51,235,0,286,644,0,644,930
04/07/2023,CHD,AZ,AWP,CE,Federal Contract Tower,0,2,5,0,7,0,62,204,0,266,0,64,209,0,273,516,0,516,789
04/08/2023,CHD,AZ,AWP,CE,Federal Contract Tower,0,0,3,0,3,0,63,207,0,270,0,63,210,0,273,279,0,279,552
04/09/2023,CHD,AZ,AWP,CE,Federal Contract Tower,0,1,7,0,8,0,48,91,0,139,0,49,98,0,147,214,0,214,361
04/10/2023,CHD,AZ,AWP,CE,Federal Contract Tower,0,11,13,0,24,0,47,144,0,191,0,58,157,0,215,661,0,661,876
04/11/2023,CHD,AZ,AWP,CE,Federal Contract Tower,0,2,11,0,13,0,40,165,0,205,0,42,176,0,218,475,0,475,693
04/12/2023,CHD,AZ,AWP,CE,Federal Contract Tower,0,3,6,0,9,0,57,211,2,270,0,60,217,2,279,635,8,643,922
04/13/2023,CHD,AZ,AWP,CE,Federal Contract Tower,0,2,8,0,10,0,64,151,0,215,0,66,159,0,225,390,0,390,615
04/14/2023,CHD,AZ,AWP,CE,Federal Contract Tower,0,3,6,0,9,0,101,250,0,351,0,104,256,0,360,556,0,556,916
04/15/2023,CHD,AZ,AWP,CE,Federal Contract Tower,0,3,3,0,6,0,72,246,0,318,0,75,249,0,324,488,0,488,812
04/16/2023,CHD,AZ,AWP,CE,Federal Contract Tower,0,2,12,0,14,0,52,183,0,235,0,54,195,0,249,263,0,263,512
04/17/2023,CHD,AZ,AWP,CE,Federal Contract Tower,0,3,7,0,10,0,35,168,0,203,0,38,175,0,213,536,0,536,749
04/18/2023,CHD,AZ,AWP,CE,Federal Contract Tower,0,3,7,0,10,0,52,197,0,249,0,55,204,0,259,565,0,565,824
04/19/2023,CHD,AZ,AWP,CE,Federal Contract Tower,0,4,5,0,9,0,52,176,0,228,0,56,181,0,237,417,0,417,654
04/20/2023,CHD,AZ,AWP,CE,Federal Contract Tower,0,10,5,0,15,0,55,248,0,303,0,65,253,0,318,669,0,669,987
04/21/2023,CHD,AZ,AWP,CE,Federal Contract Tower,0,4,9,0,13,0,66,207,0,273,0,70,216,0,286,543,0,543,829
04/22/2023,CHD,AZ,AWP,CE,Federal Contract Tower,0,3,6,0,9,0,67,195,0,262,0,70,201,0,271,357,0,357,628
04/23/2023,CHD,AZ,AWP,CE,Federal Contract Tower,0,3,5,0,8,0,49,156,0,205,0,52,161,0,213,275,0,275,488
04/24/2023,CHD,AZ,AWP,CE,Federal Contract Tower,0,2,8,0,10,0,41,136,0,177,0,43,144,0,187,440,0,440,627
04/25/2023,CHD,AZ,AWP,CE,Federal Contract Tower,0,5,7,0,12,0,47,145,0,192,0,52,152,0,204,562,0,562,766
04/26/2023,CHD,AZ,AWP,CE,Federal Contract Tower,0,4,15,0,19,0,52,203,2,257,0,56,218,2,276,576,0,576,852
04/27/2023,CHD,AZ,AWP,CE,Federal Contract Tower,0,5,14,0,19,0,43,206,0,249,0,48,220,0,268,532,0,532,800
04/28/2023,CHD,AZ,AWP,CE,Federal Contract Tower,0,2,6,0,8,0,62,156,0,218,0,64,162,0,226,7,0,7,233
04/29/2023,CHD,AZ,AWP,CE,Federal Contract Tower,0,1,6,0,7,0,68,145,0,213,0,69,151,0,220,16,0,16,236
04/30/2023,CHD,AZ,AWP,CE,Federal Contract Tower,0,4,6,0,10,0,34,148,0,182,0,38,154,0,192,0,0,0,192
05/01/2023,CHD,AZ,AWP,CE,Federal Contract Tower,0,4,9,0,13,0,33,88,0,121,0,37,97,0,134,3,0,3,137
05/02/2023,CHD,AZ,AWP,CE,Federal Contract Tower,0,0,12,0,12,0,53,175,0,228,0,53,187,0,240,11,0,11,251
05/03/2023,CHD,AZ,AWP,CE,Federal Contract Tower,0,5,14,0,19,0,35,147,0,182,0,40,161,0,201,5,0,5,206
05/04/2023,CHD,AZ,AWP,CE,Federal Contract Tower,0,5,5,0,10,0,37,175,0,212,0,42,180,0,222,11,0,11,233
05/05/2023,CHD,AZ,AWP,CE,Federal Contract Tower,0,3,1,0,4,0,47,221,0,268,0,50,222,0,272,3,0,3,275
05/06/2023,CHD,AZ,AWP,CE,Federal Contract Tower,0,1,2,0,3,0,44,185,0,229,0,45,187,0,232,8,0,8,240
05/07/2023,CHD,AZ,AWP,CE,Federal Contract Tower,0,0,7,0,7,0,42,139,0,181,0,42,146,0,188,4,0,4,192
05/08/2023,CHD,AZ,AWP,CE,Federal Contract Tower,0,8,12,0,20,0,42,155,0,197,0,50,167,0,217,4,0,4,221
05/09/2023,CHD,AZ,AWP,CE,Federal Contract Tower,0,1,11,0,12,0,25,186,2,213,0,26,197,2,225,393,8,401,626
05/10/2023,CHD,AZ,AWP,CE,Federal Contract Tower,0,6,6,0,12,0,46,128,0,174,0,52,134,0,186,755,0,755,941
05/11/2023,CHD,AZ,AWP,CE,Federal Contract Tower,0,3,13,0,16,0,57,193,0,250,0,60,206,0,266,672,0,672,938
05/12/2023,CHD,AZ,AWP,CE,Federal Contract Tower,0,2,7,0,9,0,53,137,1,191,0,55,144,1,200,516,0,516,716
05/13/2023,CHD,AZ,AWP,CE,Federal Contract Tower,0,3,6,0,9,0,48,154,0,202,0,51,160,0,211,475,0,475,686
05/14/2023,CHD,AZ,AWP,CE,Federal Contract Tower,0,4,7,0,11,0,28,60,0,88,0,32,67,0,99,176,0,176,275
05/15/2023,CHD,AZ,AWP,CE,Federal Contract Tower,0,7,11,0,18,0,33,143,0,176,0,40,154,0,194,411,0,411,605
05/16/2023,CHD,AZ,AWP,CE,Federal Contract Tower,0,1,12,0,13,0,27,121,0,148,0,28,133,0,161,584,0,584,745
05/17/2023,CHD,AZ,AWP,CE,Federal Contract Tower,0,8,7,0,15,0,52,174,0,226,0,60,181,0,241,532,0,532,773
05/18/2023,CHD,AZ,AWP,CE,Federal Contract Tower,0,9,9,0,18,0,48,148,0,196,0,57,157,0,214,620,0,620,834
05/19/2023,CHD,AZ,AWP,CE,Federal Contract Tower,0,3,10,0,13,0,65,160,0,225,0,68,170,0,238,500,0,500,738
05/20/2023,CHD,AZ,AWP,CE,Federal Contract Tower,0,3,6,0,9,0,48,196,0,244,0,51,202,0,253,339,0,339,592
05/21/2023,CHD,AZ,AWP,CE,Federal Contract Tower,0,5,16,0,21,0,45,144,0,189,0,50,160,0,210,262,0,262,472
05/22/2023,CHD,AZ,AWP,CE,Federal Contract Tower,0,12,15,0,27,0,30,133,0,163,0,42,148,0,190,473,0,473,663
05/23/2023,CHD,AZ,AWP,CE,Federal Contract Tower,0,1,5,0,6,0,40,155,0,195,0,41,160,0,201,485,0,485,686
05/24/2023,CHD,AZ,AWP,CE,Federal Contract Tower,0,7,3,0,10,0,49,166,0,215,0,56,169,0,225,452,0,452,677
05/25/2023,CHD,AZ,AWP,CE,Federal Contract Tower,0,4,11,0,15,0,66,159,0,225,0,70,170,0,240,339,0,339,579
05/26/2023,CHD,AZ,AWP,CE,Federal Contract Tower,0,4,8,0,12,0,65,156,0,221,0,69,164,0,233,392,0,392,625
05/27/2023,CHD,AZ,AWP,CE,Federal Contract Tower,0,1,4,0,5,0,44,161,0,205,0,45,165,0,210,424,0,424,634
05/28/2023,CHD,AZ,AWP,CE,Federal Contract Tower,0,6,5,0,11,0,43,153,0,196,0,49,158,0,207,229,0,229,436
05/29/2023,CHD,AZ,AWP,CE,Federal Contract Tower,0,1,8,0,9,0,36,119,0,155,0,37,127,0,164,205,0,205,369
05/30/2023,CHD,AZ,AWP,CE,Federal Contract Tower,0,2,11,0,13,0,34,160,0,194,0,36,171,0,207,453,0,453,660
05/31/2023,CHD,AZ,AWP,CE,Federal Contract Tower,0,0,6,0,6,0,37,192,0,229,0,37,198,0,235,386,0,386,621
06/01/2023,CHD,AZ,AWP,CE,Federal Contract Tower,0,1,5,0,6,0,44,217,0,261,0,45,222,0,267,654,0,654,921
06/02/2023,CHD,AZ,AWP,CE,Federal Contract Tower,0,3,3,0,6,0,51,183,0,234,0,54,186,0,240,575,0,575,815
06/03/2023,CHD,AZ,AWP,CE,Federal Contract Tower,0,2,4,0,6,0,44,171,0,215,0,46,175,0,221,353,0,353,574
06/04/2023,CHD,AZ,AWP,CE,Federal Contract Tower,0,7,6,0,13,0,41,113,0,154,0,48,119,0,167,136,0,136,303
06/05/2023,CHD,AZ,AWP,CE,Federal Contract Tower,0,6,2,0,8,0,42,137,0,179,0,48,139,0,187,519,0,519,706
06/06/2023,CHD,AZ,AWP,CE,Federal Contract Tower,0,4,6,0,10,0,27,178,0,205,0,31,184,0,215,409,0,409,624
06/07/2023,CHD,AZ,AWP,CE,Federal Contract Tower,0,1,4,0,5,0,40,183,0,223,0,41,187,0,228,552,0,552,780
06/08/2023,CHD,AZ,AWP,CE,Federal Contract Tower,0,6,10,0,16,0,46,163,0,209,0,52,173,0,225,595,0,595,820
06/09/2023,CHD,AZ,AWP,CE,Federal Contract Tower,0,2,3,0,5,0,60,171,0,231,0,62,174,0,236,503,0,503,739
06/10/2023,CHD,AZ,AWP,CE,Federal Contract Tower,0,9,3,0,12,0,46,189,0,235,0,55,192,0,247,427,0,427,674
06/11/2023,CHD,AZ,AWP,CE,Federal Contract Tower,0,4,3,0,7,0,32,76,0,108,0,36,79,0,115,241,0,241,356
06/12/2023,CHD,AZ,AWP,CE,Federal Contract Tower,0,5,3,0,8,0,71,148,0,219,0,76,151,0,227,558,0,558,785
06/13/2023,CHD,AZ,AWP,CE,Federal Contract Tower,0,2,3,0,5,0,44,223,0,267,0,46,226,0,272,628,0,628,900
06/14/2023,CHD,AZ,AWP,CE,Federal Contract Tower,0,3,1,0,4,0,43,199,0,242,0,46,200,0,246,38,0,38,284
06/15/2023,CHD,AZ,AWP,CE,Federal Contract Tower,0,4,2,0,6,0,59,205,0,264,0,63,207,0,270,86,0,86,356
06/16/2023,CHD,AZ,AWP,CE,Federal Contract Tower,0,7,10,0,17,0,43,161,0,204,0,50,171,0,221,227,0,227,448
06/17/2023,CHD,AZ,AWP,CE,Federal Contract Tower,0,1,6,0,7,0,24,157,0,181,0,25,163,0,188,391,0,391,579
06/18/2023,CHD,AZ,AWP,CE,Federal Contract Tower,0,5,4,0,9,0,39,89,0,128,0,44,93,0,137,229,0,229,366
06/19/2023,CHD,AZ,AWP,CE,Federal Contract Tower,0,0,6,0,6,0,61,132,0,193,0,61,138,0,199,472,0,472,671
06/20/2023,CHD,AZ,AWP,CE,Federal Contract Tower,0,2,7,0,9,0,57,181,0,238,0,59,188,0,247,553,0,553,800
06/21/2023,CHD,AZ,AWP,CE,Federal Contract Tower,0,1,4,0,5,0,43,180,0,223,0,44,184,0,228,472,0,472,700
06/22/2023,CHD,AZ,AWP,CE,Federal Contract Tower,0,4,7,0,11,0,60,191,0,251,0,64,198,0,262,512,0,512,774
06/23/2023,CHD,AZ,AWP,CE,Federal Contract Tower,0,4,7,0,11,0,68,150,0,218,0,72,157,0,229,561,0,561,790
06/24/2023,CHD,AZ,AWP,CE,Federal Contract Tower,0,2,6,0,8,0,46,162,0,208,0,48,168,0,216,415,0,415,631
06/25/2023,CHD,AZ,AWP,CE,Federal Contract Tower,0,1,9,0,10,0,49,125,0,174,0,50,134,0,184,239,0,239,423
06/26/2023,CHD,AZ,AWP,CE,Federal Contract Tower,0,2,12,0,14,0,57,159,0,216,0,59,171,0,230,470,0,470,700
06/27/2023,CHD,AZ,AWP,CE,Federal Contract Tower,0,5,2,0,7,0,44,174,0,218,0,49,176,0,225,426,0,426,651
06/28/2023,CHD,AZ,AWP,CE,Federal Contract Tower,0,2,11,0,13,0,36,148,5,189,0,38,159,5,202,245,0,245,447
06/29/2023,CHD,AZ,AWP,CE,Federal Contract Tower,0,7,12,0,19,0,54,189,0,243,0,61,201,0,262,459,0,459,721
06/30/2023,CHD,AZ,AWP,CE,Federal Contract Tower,0,3,10,0,13,0,58,170,0,228,0,61,180,0,241,486,0,486,727
07/01/2023,CHD,AZ,AWP,CE,Federal Contract Tower,0,1,7,0,8,0,39,113,0,152,0,40,120,0,160,280,0,280,440
07/02/2023,CHD,AZ,AWP,CE,Federal Contract Tower,0,3,3,0,6,0,39,57,0,96,0,42,60,0,102,241,0,241,343
07/03/2023,CHD,AZ,AWP,CE,Federal Contract Tower,0,4,4,0,8,0,63,58,0,121,0,67,62,0,129,343,0,343,472
07/04/2023,CHD,AZ,AWP,CE,Federal Contract Tower,0,2,4,0,6,0,50,60,0,110,0,52,64,0,116,156,0,156,272
07/05/2023,CHD,AZ,AWP,CE,Federal Contract Tower,0,4,3,0,7,0,50,135,0,185,0,54,138,0,192,467,0,467,659
07/06/2023,CHD,AZ,AWP,CE,Federal Contract Tower,0,3,4,0,7,0,45,164,0,209,0,48,168,0,216,472,0,472,688
07/07/2023,CHD,AZ,AWP,CE,Federal Contract Tower,0,2,8,0,10,0,56,166,0,222,0,58,174,0,232,433,0,433,665
07/08/2023,CHD,AZ,AWP,CE,Federal Contract Tower,0,1,5,0,6,0,63,148,0,211,0,64,153,0,217,412,0,412,629
07/09/2023,CHD,AZ,AWP,CE,Federal Contract Tower,0,1,5,0,6,0,44,121,0,165,0,45,126,0,171,411,0,411,582
07/10/2023,CHD,AZ,AWP,CE,Federal Contract Tower,0,0,7,0,7,0,67,129,0,196,0,67,136,0,203,482,0,482,685
07/11/2023,CHD,AZ,AWP,CE,Federal Contract Tower,0,2,8,0,10,0,30,130,0,160,0,32,138,0,170,461,0,461,631
07/12/2023,CHD,AZ,AWP,CE,Federal Contract Tower,0,7,9,0,16,0,52,136,0,188,0,59,145,0,204,528,0,528,732
07/13/2023,CHD,AZ,AWP,CE,Federal Contract Tower,0,3,9,0,12,0,43,137,0,180,0,46,146,0,192,351,0,351,543
07/14/2023,CHD,AZ,AWP,CE,Federal Contract Tower,0,9,4,0,13,0,57,123,0,180,0,66,127,0,193,455,0,455,648
07/15/2023,CHD,AZ,AWP,CE,Federal Contract Tower,0,7,5,0,12,0,48,145,0,193,0,55,150,0,205,224,0,224,429
07/16/2023,CHD,AZ,AWP,CE,Federal Contract Tower,0,7,5,0,12,0,47,100,0,147,0,54,105,0,159,249,0,249,408
07/17/2023,CHD,AZ,AWP,CE,Federal Contract Tower,0,5,8,0,13,0,40,138,0,178,0,45,146,0,191,436,0,436,627
07/18/2023,CHD,AZ,AWP,CE,Federal Contract Tower,0,4,4,0,8,0,49,151,0,200,0,53,155,0,208,434,0,434,642
07/19/2023,CHD,AZ,AWP,CE,Federal Contract Tower,0,4,5,0,9,0,47,142,0,189,0,51,147,0,198,386,0,386,584
07/20/2023,CHD,AZ,AWP,CE,Federal Contract Tower,0,7,10,0,17,0,41,167,0,208,0,48,177,0,225,486,0,486,711
07/21/2023,CHD,AZ,AWP,CE,Federal Contract Tower,0,6,5,0,11,0,40,117,42,199,0,46,122,42,210,376,0,376,586
07/22/2023,CHD,AZ,AWP,CE,Federal Contract Tower,0,2,0,0,2,0,49,99,0,148,0,51,99,0,150,396,0,396,546
07/23/2023,CHD,AZ,AWP,CE,Federal Contract Tower,0,1,4,0,5,0,36,99,0,135,0,37,103,0,140,289,0,289,429
07/24/2023,CHD,AZ,AWP,CE,Federal Contract Tower,0,4,7,0,11,0,39,118,0,157,0,43,125,0,168,357,0,357,525
07/25/2023,CHD,AZ,AWP,CE,Federal Contract Tower,0,4,2,0,6,0,60,140,0,200,0,64,142,0,206,436,0,436,642
07/26/2023,CHD,AZ,AWP,CE,Federal Contract Tower,0,3,4,0,7,0,45,143,0,188,0,48,147,0,195,481,0,481,676
07/27/2023,CHD,AZ,AWP,CE,Federal Contract Tower,0,1,5,0,6,0,59,138,0,197,0,60,143,0,203,447,0,447,650
07/28/2023,CHD,AZ,AWP,CE,Federal Contract Tower,0,4,8,0,12,0,65,111,0,176,0,69,119,0,188,355,0,355,543
07/30/2023,CHD,AZ,AWP,CE,Federal Contract Tower,0,7,7,0,14,0,30,100,0,130,0,37,107,0,144,292,0,292,436
07/31/2023,CHD,AZ,AWP,CE,Federal Contract Tower,0,6,7,0,13,0,38,150,0,188,0,44,157,0,201,373,0,373,574
08/01/2023,CHD,AZ,AWP,CE,Federal Contract Tower,0,6,5,0,11,0,37,133,0,170,0,43,138,0,181,358,0,358,539
08/02/2023,CHD,AZ,AWP,CE,Federal Contract Tower,0,6,4,0,10,0,43,112,0,155,0,49,116,0,165,376,0,376,541
08/03/2023,CHD,AZ,AWP,CE,Federal Contract Tower,0,4,4,0,8,0,52,138,0,190,0,56,142,0,198,561,0,561,759
08/04/2023,CHD,AZ,AWP,CE,Federal Contract Tower,0,5,5,0,10,0,59,120,0,179,0,64,125,0,189,478,0,478,667
08/05/2023,CHD,AZ,AWP,CE,Federal Contract Tower,0,1,2,0,3,0,49,123,0,172,0,50,125,0,175,327,0,327,502
08/06/2023,CHD,AZ,AWP,CE,Federal Contract Tower,0,6,5,0,11,0,38,95,0,133,0,44,100,0,144,169,0,169,313
08/07/2023,CHD,AZ,AWP,CE,Federal Contract Tower,0,4,5,0,9,0,41,105,0,146,0,45,110,0,155,309,0,309,464
08/08/2023,CHD,AZ,AWP,CE,Federal Contract Tower,0,9,2,0,11,0,33,101,0,134,0,42,103,0,145,349,0,349,494
08/09/2023,CHD,AZ,AWP,CE,Federal Contract Tower,0,6,2,0,8,0,49,142,0,191,0,55,144,0,199,461,0,461,660
08/10/2023,CHD,AZ,AWP,CE,Federal Contract Tower,0,4,5,0,9,0,65,77,0,142,0,69,82,0,151,465,0,465,616
08/11/2023,CHD,AZ,AWP,CE,Federal Contract Tower,0,5,5,0,10,0,60,98,0,158,0,65,103,0,168,339,0,339,507
08/12/2023,CHD,AZ,AWP,CE,Federal Contract Tower,0,1,2,0,3,0,49,153,0,202,0,50,155,0,205,380,0,380,585
08/13/2023,CHD,AZ,AWP,CE,Federal Contract Tower,0,3,2,0,5,0,37,111,0,148,0,40,113,0,153,350,0,350,503
08/14/2023,CHD,AZ,AWP,CE,Federal Contract Tower,0,14,8,0,22,0,51,134,0,185,0,65,142,0,207,434,0,434,641
08/15/2023,CHD,AZ,AWP,CE,Federal Contract Tower,0,17,9,0,26,0,34,145,0,179,0,51,154,0,205,409,0,409,614
08/16/2023,CHD,AZ,AWP,CE,Federal Contract Tower,0,5,3,0,8,0,47,178,0,225,0,52,181,0,233,451,0,451,684
08/17/2023,CHD,AZ,AWP,CE,Federal Contract Tower,0,1,4,0,5,0,42,123,1,166,0,43,127,1,171,449,0,449,620
08/18/2023,CHD,AZ,AWP,CE,Federal Contract Tower,0,9,11,0,20,0,66,128,0,194,0,75,139,0,214,426,0,426,640
08/19/2023,CHD,AZ,AWP,CE,Federal Contract Tower,0,5,2,0,7,0,47,136,0,183,0,52,138,0,190,310,0,310,500
08/20/2023,CHD,AZ,AWP,CE,Federal Contract Tower,0,3,8,0,11,0,21,80,0,101,0,24,88,0,112,198,0,198,310
08/21/2023,CHD,AZ,AWP,CE,Federal Contract Tower,0,3,2,0,5,0,29,121,0,150,0,32,123,0,155,384,0,384,539
08/22/2023,CHD,AZ,AWP,CE,Federal Contract Tower,0,8,4,0,12,0,63,179,0,242,0,71,183,0,254,526,0,526,780
08/23/2023,CHD,AZ,AWP,CE,Federal Contract Tower,0,8,3,0,11,0,44,115,0,159,0,52,118,0,170,262,0,262,432
08/24/2023,CHD,AZ,AWP,CE,Federal Contract Tower,0,14,7,0,21,0,48,186,0,234,0,62,193,0,255,522,0,522,777
08/25/2023,CHD,AZ,AWP,CE,Federal Contract Tower,0,2,7,0,9,0,74,169,0,243,0,76,176,0,252,479,0,479,731
08/26/2023,CHD,AZ,AWP,CE,Federal Contract Tower,0,6,5,0,11,0,69,131,0,200,0,75,136,0,211,383,0,383,594
08/27/2023,CHD,AZ,AWP,CE,Federal Contract Tower,0,5,10,0,15,0,40,133,0,173,0,45,143,0,188,288,0,288,476
08/28/2023,CHD,AZ,AWP,CE,Federal Contract Tower,0,1,5,0,6,0,51,141,0,192,0,52,146,0,198,447,0,447,645
08/29/2023,CHD,AZ,AWP,CE,Federal Contract Tower,0,9,5,0,14,0,64,156,0,220,0,73,161,0,234,464,0,464,698
08/30/2023,CHD,AZ,AWP,CE,Federal Contract Tower,0,5,6,0,11,0,41,136,0,177,0,46,142,0,188,551,0,551,739
08/31/2023,CHD,AZ,AWP,CE,Federal Contract Tower,0,7,7,0,14,0,51,171,0,222,0,58,178,0,236,505,0,505,741
