01/01/2020,CHO,VA,AEA,EN,Federal Contract Tower,9,63,55,0,127,0,10,70,0,80,9,73,125,0,207,82,0,82,289
01/02/2020,CHO,VA,AEA,EN,Federal Contract Tower,15,47,39,0,101,0,8,41,0,49,15,55,80,0,150,64,0,64,214
01/03/2020,CHO,VA,AEA,EN,Federal Contract Tower,19,47,44,0,110,0,3,17,0,20,19,50,61,0,130,26,0,26,156
01/04/2020,CHO,VA,AEA,EN,Federal Contract Tower,19,75,48,0,142,0,6,42,0,48,19,81,90,0,190,76,0,76,266
01/05/2020,CHO,VA,AEA,EN,Federal Contract Tower,16,67,43,2,128,0,8,59,0,67,16,75,102,2,195,146,0,146,341
01/06/2020,CHO,VA,AEA,EN,Federal Contract Tower,17,65,37,2,121,0,11,55,0,66,17,76,92,2,187,88,0,88,275
01/07/2020,CHO,VA,AEA,EN,Federal Contract Tower,15,57,32,0,104,0,2,2,0,4,15,59,34,0,108,18,0,18,126
01/08/2020,CHO,VA,AEA,EN,Federal Contract Tower,20,69,34,2,125,0,4,49,0,53,20,73,83,2,178,50,18,68,246
01/09/2020,CHO,VA,AEA,EN,Federal Contract Tower,20,73,51,7,151,0,3,57,2,62,20,76,108,9,213,80,64,144,357
01/10/2020,CHO,VA,AEA,EN,Federal Contract Tower,17,53,55,8,133,0,11,51,8,70,17,64,106,16,203,60,62,122,325
01/11/2020,CHO,VA,AEA,EN,Federal Contract Tower,18,68,31,0,117,0,4,0,0,4,18,72,31,0,121,0,0,0,121
01/12/2020,CHO,VA,AEA,EN,Federal Contract Tower,17,65,48,0,130,0,6,64,0,70,17,71,112,0,200,252,0,252,452
01/13/2020,CHO,VA,AEA,EN,Federal Contract Tower,21,76,40,4,141,0,10,84,0,94,21,86,124,4,235,156,170,326,561
01/14/2020,CHO,VA,AEA,EN,Federal Contract Tower,13,36,37,0,86,0,0,0,0,0,13,36,37,0,86,0,0,0,86
01/15/2020,CHO,VA,AEA,EN,Federal Contract Tower,18,57,45,16,136,0,6,77,0,83,18,63,122,16,219,134,184,318,537
01/16/2020,CHO,VA,AEA,EN,Federal Contract Tower,14,58,50,6,128,0,8,53,0,61,14,66,103,6,189,56,48,104,293
01/17/2020,CHO,VA,AEA,EN,Federal Contract Tower,19,45,44,6,114,0,11,65,0,76,19,56,109,6,190,76,30,106,296
01/18/2020,CHO,VA,AEA,EN,Federal Contract Tower,15,61,34,0,110,0,4,20,0,24,15,65,54,0,134,0,28,28,162
01/19/2020,CHO,VA,AEA,EN,Federal Contract Tower,12,53,35,0,100,0,11,59,0,70,12,64,94,0,170,64,0,64,234
01/20/2020,CHO,VA,AEA,EN,Federal Contract Tower,20,65,39,0,124,0,15,71,0,86,20,80,110,0,210,158,0,158,368
01/21/2020,CHO,VA,AEA,EN,Federal Contract Tower,13,68,35,7,123,0,6,65,5,76,13,74,100,12,199,92,0,92,291
01/22/2020,CHO,VA,AEA,EN,Federal Contract Tower,11,73,43,6,133,0,7,74,0,81,11,80,117,6,214,108,52,160,374
01/23/2020,CHO,VA,AEA,EN,Federal Contract Tower,13,68,37,10,128,0,7,60,8,75,13,75,97,18,203,112,56,168,371
01/24/2020,CHO,VA,AEA,EN,Federal Contract Tower,18,65,57,8,148,0,14,48,6,68,18,79,105,14,216,68,70,138,354
01/25/2020,CHO,VA,AEA,EN,Federal Contract Tower,15,64,38,0,117,0,7,38,0,45,15,71,76,0,162,66,0,66,228
01/26/2020,CHO,VA,AEA,EN,Federal Contract Tower,21,69,59,2,151,0,12,72,0,84,21,81,131,2,235,158,0,158,393
01/27/2020,CHO,VA,AEA,EN,Federal Contract Tower,18,67,40,4,129,0,6,46,0,52,18,73,86,4,181,142,6,148,329
01/28/2020,CHO,VA,AEA,EN,Federal Contract Tower,14,78,53,5,150,0,8,74,8,90,14,86,127,13,240,78,58,136,376
01/29/2020,CHO,VA,AEA,EN,Federal Contract Tower,11,61,47,9,128,0,12,58,8,78,11,73,105,17,206,54,68,122,328
01/30/2020,CHO,VA,AEA,EN,Federal Contract Tower,13,52,37,8,110,0,11,52,6,69,13,63,89,14,179,78,76,154,333
01/31/2020,CHO,VA,AEA,EN,Federal Contract Tower,18,46,53,6,123,0,18,39,5,62,18,64,92,11,185,50,38,88,273
02/01/2020,CHO,VA,AEA,EN,Federal Contract Tower,13,55,37,0,105,0,7,41,0,48,13,62,78,0,153,68,0,68,221
02/02/2020,CHO,VA,AEA,EN,Federal Contract Tower,12,59,36,0,107,0,5,48,0,53,12,64,84,0,160,84,0,84,244
02/03/2020,CHO,VA,AEA,EN,Federal Contract Tower,16,45,56,8,125,0,9,55,6,70,16,54,111,14,195,82,48,130,325
02/04/2020,CHO,VA,AEA,EN,Federal Contract Tower,16,57,61,7,141,0,17,69,4,90,16,74,130,11,231,124,38,162,393
02/05/2020,CHO,VA,AEA,EN,Federal Contract Tower,8,69,33,4,114,0,6,34,0,40,8,75,67,4,154,46,0,46,200
02/06/2020,CHO,VA,AEA,EN,Federal Contract Tower,9,56,55,0,120,0,0,0,0,0,9,56,55,0,120,0,0,0,120
02/07/2020,CHO,VA,AEA,EN,Federal Contract Tower,20,47,70,9,146,0,4,4,0,8,20,51,74,9,154,6,0,6,160
02/08/2020,CHO,VA,AEA,EN,Federal Contract Tower,16,77,48,0,141,0,9,62,2,73,16,86,110,2,214,178,0,178,392
02/09/2020,CHO,VA,AEA,EN,Federal Contract Tower,15,75,60,2,152,0,11,74,0,85,15,86,134,2,237,164,0,164,401
02/10/2020,CHO,VA,AEA,EN,Federal Contract Tower,17,62,44,7,130,0,13,46,3,62,17,75,90,10,192,32,50,82,274
02/11/2020,CHO,VA,AEA,EN,Federal Contract Tower,11,59,49,7,126,0,13,31,6,50,11,72,80,13,176,30,44,74,250
02/12/2020,CHO,VA,AEA,EN,Federal Contract Tower,13,74,32,2,121,0,4,50,0,54,13,78,82,2,175,66,18,84,259
02/13/2020,CHO,VA,AEA,EN,Federal Contract Tower,11,54,49,11,125,0,0,12,2,14,11,54,61,13,139,12,48,60,199
02/14/2020,CHO,VA,AEA,EN,Federal Contract Tower,18,47,51,7,123,0,14,91,5,110,18,61,142,12,233,116,40,156,389
02/15/2020,CHO,VA,AEA,EN,Federal Contract Tower,12,58,35,0,105,0,16,59,0,75,12,74,94,0,180,104,0,104,284
02/16/2020,CHO,VA,AEA,EN,Federal Contract Tower,16,64,43,2,125,0,10,72,0,82,16,74,115,2,207,122,0,122,329
02/17/2020,CHO,VA,AEA,EN,Federal Contract Tower,17,73,59,0,149,0,15,110,0,125,17,88,169,0,274,194,0,194,468
02/18/2020,CHO,VA,AEA,EN,Federal Contract Tower,23,71,33,2,129,0,6,70,0,76,23,77,103,2,205,166,0,166,371
02/19/2020,CHO,VA,AEA,EN,Federal Contract Tower,11,49,55,15,130,0,27,88,8,123,11,76,143,23,253,112,86,198,451
02/20/2020,CHO,VA,AEA,EN,Federal Contract Tower,15,64,44,13,136,0,9,74,4,87,15,73,118,17,223,113,38,151,374
02/21/2020,CHO,VA,AEA,EN,Federal Contract Tower,16,52,59,10,137,0,22,84,8,114,16,74,143,18,251,118,62,180,431
02/22/2020,CHO,VA,AEA,EN,Federal Contract Tower,12,68,40,1,121,0,6,93,0,99,12,74,133,1,220,154,0,154,374
02/23/2020,CHO,VA,AEA,EN,Federal Contract Tower,13,78,40,1,132,0,13,100,0,113,13,91,140,1,245,116,0,116,361
02/24/2020,CHO,VA,AEA,EN,Federal Contract Tower,13,64,46,11,134,0,11,75,8,94,13,75,121,19,228,96,40,136,364
02/25/2020,CHO,VA,AEA,EN,Federal Contract Tower,9,73,31,0,113,0,1,3,0,4,9,74,34,0,117,0,0,0,117
02/26/2020,CHO,VA,AEA,EN,Federal Contract Tower,11,65,49,6,131,0,0,0,0,0,11,65,49,6,131,0,0,0,131
02/27/2020,CHO,VA,AEA,EN,Federal Contract Tower,13,63,42,8,126,0,10,36,4,50,13,73,78,12,176,50,46,96,272
02/28/2020,CHO,VA,AEA,EN,Federal Contract Tower,17,56,59,6,138,0,19,46,4,69,17,75,105,10,207,65,24,89,296
02/29/2020,CHO,VA,AEA,EN,Federal Contract Tower,16,100,68,0,184,0,8,78,0,86,16,108,146,0,270,54,18,72,342
03/01/2020,CHO,VA,AEA,EN,Federal Contract Tower,16,89,59,0,164,0,6,98,0,104,16,95,157,0,268,146,0,146,414
03/02/2020,CHO,VA,AEA,EN,Federal Contract Tower,13,58,42,2,115,0,6,37,2,45,13,64,79,4,160,80,14,94,254
03/03/2020,CHO,VA,AEA,EN,Federal Contract Tower,15,62,44,11,132,0,22,61,10,93,15,84,105,21,225,82,126,208,433
03/04/2020,CHO,VA,AEA,EN,Federal Contract Tower,12,77,55,7,151,0,23,74,5,102,12,100,129,12,253,108,74,182,435
03/05/2020,CHO,VA,AEA,EN,Federal Contract Tower,12,74,40,8,134,0,14,68,0,82,12,88,108,8,216,114,62,176,392
03/06/2020,CHO,VA,AEA,EN,Federal Contract Tower,20,55,52,8,135,0,16,57,7,80,20,71,109,15,215,62,56,118,333
03/07/2020,CHO,VA,AEA,EN,Federal Contract Tower,12,72,46,2,132,0,11,54,0,65,12,83,100,2,197,140,0,140,337
03/08/2020,CHO,VA,AEA,EN,Federal Contract Tower,14,72,50,0,136,0,6,81,0,87,14,78,131,0,223,200,0,200,423
03/09/2020,CHO,VA,AEA,EN,Federal Contract Tower,11,60,41,7,119,0,12,60,2,74,11,72,101,9,193,148,48,196,389
03/10/2020,CHO,VA,AEA,EN,Federal Contract Tower,11,71,30,2,114,0,7,48,3,58,11,78,78,5,172,86,12,98,270
03/11/2020,CHO,VA,AEA,EN,Federal Contract Tower,11,59,51,6,127,0,17,73,8,98,11,76,124,14,225,152,46,198,423
03/12/2020,CHO,VA,AEA,EN,Federal Contract Tower,15,69,42,8,134,0,18,59,10,87,15,87,101,18,221,84,60,144,365
03/13/2020,CHO,VA,AEA,EN,Federal Contract Tower,18,56,56,10,140,0,6,46,2,54,18,62,102,12,194,64,22,86,280
03/14/2020,CHO,VA,AEA,EN,Federal Contract Tower,11,63,35,0,109,0,16,70,0,86,11,79,105,0,195,182,0,182,377
03/15/2020,CHO,VA,AEA,EN,Federal Contract Tower,14,64,25,0,103,0,2,2,0,4,14,66,27,0,107,0,0,0,107
03/16/2020,CHO,VA,AEA,EN,Federal Contract Tower,12,52,62,6,132,0,13,68,5,86,12,65,130,11,218,110,46,156,374
03/17/2020,CHO,VA,AEA,EN,Federal Contract Tower,11,59,42,9,121,0,26,66,7,99,11,85,108,16,220,106,38,144,364
03/18/2020,CHO,VA,AEA,EN,Federal Contract Tower,12,68,51,4,135,0,11,81,1,93,12,79,132,5,228,168,32,200,428
03/19/2020,CHO,VA,AEA,EN,Federal Contract Tower,8,49,37,3,97,0,12,61,7,80,8,61,98,10,177,126,54,180,357
03/21/2020,CHO,VA,AEA,EN,Federal Contract Tower,5,49,25,0,79,0,6,51,0,57,5,55,76,0,136,138,0,138,274
03/22/2020,CHO,VA,AEA,EN,Federal Contract Tower,7,60,39,0,106,0,4,50,0,54,7,64,89,0,160,124,0,124,284
03/23/2020,CHO,VA,AEA,EN,Federal Contract Tower,7,61,58,4,130,0,0,0,0,0,7,61,58,4,130,0,0,0,130
03/24/2020,CHO,VA,AEA,EN,Federal Contract Tower,9,48,47,12,116,0,10,58,0,68,9,58,105,12,184,130,46,176,360
03/25/2020,CHO,VA,AEA,EN,Federal Contract Tower,12,63,51,6,132,0,4,0,0,4,12,67,51,6,136,0,0,0,136
03/26/2020,CHO,VA,AEA,EN,Federal Contract Tower,5,57,59,4,125,0,15,56,0,71,5,72,115,4,196,76,30,106,302
03/27/2020,CHO,VA,AEA,EN,Federal Contract Tower,8,51,55,0,114,0,14,50,0,64,8,65,105,0,178,126,0,126,304
03/28/2020,CHO,VA,AEA,EN,Federal Contract Tower,8,45,19,0,72,0,0,0,0,0,8,45,19,0,72,70,0,70,142
03/29/2020,CHO,VA,AEA,EN,Federal Contract Tower,7,39,16,0,62,0,8,13,0,21,7,47,29,0,83,22,0,22,105
03/30/2020,CHO,VA,AEA,EN,Federal Contract Tower,8,41,23,2,74,0,7,36,0,43,8,48,59,2,117,96,0,96,213
03/31/2020,CHO,VA,AEA,EN,Federal Contract Tower,5,38,12,0,55,0,9,43,0,52,5,47,55,0,107,140,0,140,247
04/01/2020,CHO,VA,AEA,EN,Federal Contract Tower,6,30,24,0,60,0,8,25,0,33,6,38,49,0,93,42,0,42,135
04/02/2020,CHO,VA,AEA,EN,Federal Contract Tower,9,27,19,0,55,0,4,26,0,30,9,31,45,0,85,0,0,0,85
04/03/2020,CHO,VA,AEA,EN,Federal Contract Tower,10,25,19,0,54,0,10,24,0,34,10,35,43,0,88,26,0,26,114
04/04/2020,CHO,VA,AEA,EN,Federal Contract Tower,5,30,22,0,57,0,5,44,0,49,5,35,66,0,106,82,0,82,188
04/05/2020,CHO,VA,AEA,EN,Federal Contract Tower,4,28,20,0,52,0,4,69,0,73,4,32,89,0,125,136,0,136,261
04/06/2020,CHO,VA,AEA,EN,Federal Contract Tower,7,27,20,2,56,0,6,46,2,54,7,33,66,4,110,54,0,54,164
04/07/2020,CHO,VA,AEA,EN,Federal Contract Tower,3,31,15,0,49,0,5,52,0,57,3,36,67,0,106,150,0,150,256
04/08/2020,CHO,VA,AEA,EN,Federal Contract Tower,4,31,12,1,48,0,0,28,0,28,4,31,40,1,76,40,10,50,126
04/09/2020,CHO,VA,AEA,EN,Federal Contract Tower,3,9,0,2,14,0,0,0,1,1,3,9,0,3,15,0,0,0,15
04/10/2020,CHO,VA,AEA,EN,Federal Contract Tower,6,16,3,2,27,0,2,0,0,2,6,18,3,2,29,0,8,8,37
04/11/2020,CHO,VA,AEA,EN,Federal Contract Tower,5,22,11,0,38,0,4,34,0,38,5,26,45,0,76,96,0,96,172
04/12/2020,CHO,VA,AEA,EN,Federal Contract Tower,4,21,7,0,32,0,4,34,0,38,4,25,41,0,70,58,0,58,128
04/13/2020,CHO,VA,AEA,EN,Federal Contract Tower,5,18,2,0,25,0,4,4,0,8,5,22,6,0,33,8,0,8,41
04/14/2020,CHO,VA,AEA,EN,Federal Contract Tower,1,17,7,0,25,0,6,37,1,44,1,23,44,1,69,48,0,48,117
04/15/2020,CHO,VA,AEA,EN,Federal Contract Tower,4,26,27,1,58,0,4,42,5,51,4,30,69,6,109,54,36,90,199
04/16/2020,CHO,VA,AEA,EN,Federal Contract Tower,6,15,15,1,37,0,12,34,0,46,6,27,49,1,83,42,2,44,127
04/17/2020,CHO,VA,AEA,EN,Federal Contract Tower,7,15,14,7,43,0,9,27,5,41,7,24,41,12,84,114,36,150,234
04/18/2020,CHO,VA,AEA,EN,Federal Contract Tower,4,14,8,0,26,0,7,29,0,36,4,21,37,0,62,74,0,74,136
04/19/2020,CHO,VA,AEA,EN,Federal Contract Tower,5,21,12,2,40,0,4,57,0,61,5,25,69,2,101,130,12,142,243
04/20/2020,CHO,VA,AEA,EN,Federal Contract Tower,5,5,25,22,57,0,14,26,0,40,5,19,51,22,97,76,112,188,285
04/21/2020,CHO,VA,AEA,EN,Federal Contract Tower,3,9,29,0,41,0,15,51,6,72,3,24,80,6,113,64,66,130,243
04/22/2020,CHO,VA,AEA,EN,Federal Contract Tower,4,16,32,8,60,0,11,54,5,70,4,27,86,13,130,60,92,152,282
04/23/2020,CHO,VA,AEA,EN,Federal Contract Tower,10,22,23,8,63,0,12,33,6,51,10,34,56,14,114,42,62,104,218
04/24/2020,CHO,VA,AEA,EN,Federal Contract Tower,5,11,20,0,36,0,0,0,0,0,5,11,20,0,36,0,0,0,36
04/25/2020,CHO,VA,AEA,EN,Federal Contract Tower,4,9,15,0,28,0,8,31,0,39,4,17,46,0,67,120,0,120,187
04/26/2020,CHO,VA,AEA,EN,Federal Contract Tower,6,15,12,0,33,0,0,18,0,18,6,15,30,0,51,66,0,66,117
04/27/2020,CHO,VA,AEA,EN,Federal Contract Tower,7,13,7,0,27,0,4,37,2,43,7,17,44,2,70,84,6,90,160
04/28/2020,CHO,VA,AEA,EN,Federal Contract Tower,4,20,22,10,56,0,4,50,0,54,4,24,72,10,110,152,0,152,262
04/29/2020,CHO,VA,AEA,EN,Federal Contract Tower,3,9,20,6,38,0,6,38,6,50,3,15,58,12,88,54,34,88,176
04/30/2020,CHO,VA,AEA,EN,Federal Contract Tower,3,8,17,0,28,0,0,4,0,4,3,8,21,0,32,20,0,20,52
05/01/2020,CHO,VA,AEA,EN,Federal Contract Tower,5,13,25,7,50,0,9,43,0,52,5,22,68,7,102,54,44,98,200
05/02/2020,CHO,VA,AEA,EN,Federal Contract Tower,1,7,11,0,19,0,8,83,0,91,1,15,94,0,110,136,0,136,246
05/03/2020,CHO,VA,AEA,EN,Federal Contract Tower,2,9,14,0,25,0,16,39,0,55,2,25,53,0,80,136,0,136,216
05/04/2020,CHO,VA,AEA,EN,Federal Contract Tower,1,15,18,12,46,0,7,59,9,75,1,22,77,21,121,78,46,124,245
05/05/2020,CHO,VA,AEA,EN,Federal Contract Tower,3,9,8,0,20,0,0,3,0,3,3,9,11,0,23,56,0,56,79
05/06/2020,CHO,VA,AEA,EN,Federal Contract Tower,0,13,9,6,28,0,0,16,0,16,0,13,25,6,44,44,68,112,156
05/07/2020,CHO,VA,AEA,EN,Federal Contract Tower,3,5,19,4,31,0,5,43,0,48,3,10,62,4,79,90,0,90,169
05/08/2020,CHO,VA,AEA,EN,Federal Contract Tower,2,11,7,0,20,0,9,24,0,33,2,20,31,0,53,56,0,56,109
05/09/2020,CHO,VA,AEA,EN,Federal Contract Tower,1,7,4,0,12,0,6,35,4,45,1,13,39,4,57,76,20,96,153
05/10/2020,CHO,VA,AEA,EN,Federal Contract Tower,3,12,19,0,34,0,9,46,0,55,3,21,65,0,89,66,0,66,155
05/11/2020,CHO,VA,AEA,EN,Federal Contract Tower,4,15,7,0,26,0,5,11,0,16,4,20,18,0,42,62,0,62,104
05/12/2020,CHO,VA,AEA,EN,Federal Contract Tower,1,10,16,4,31,0,2,43,0,45,1,12,59,4,76,66,46,112,188
05/13/2020,CHO,VA,AEA,EN,Federal Contract Tower,1,12,20,12,45,0,8,73,0,81,1,20,93,12,126,136,80,216,342
05/14/2020,CHO,VA,AEA,EN,Federal Contract Tower,2,12,18,2,34,0,4,57,0,61,2,16,75,2,95,126,0,126,221
05/15/2020,CHO,VA,AEA,EN,Federal Contract Tower,1,15,35,6,57,0,9,52,10,71,1,24,87,16,128,108,84,192,320
05/16/2020,CHO,VA,AEA,EN,Federal Contract Tower,3,8,11,0,22,0,6,65,0,71,3,14,76,0,93,110,0,110,203
05/17/2020,CHO,VA,AEA,EN,Federal Contract Tower,3,12,37,0,52,0,3,21,0,24,3,15,58,0,76,48,0,48,124
05/18/2020,CHO,VA,AEA,EN,Federal Contract Tower,4,10,23,4,41,0,9,31,0,40,4,19,54,4,81,86,20,106,187
05/19/2020,CHO,VA,AEA,EN,Federal Contract Tower,2,22,20,8,52,0,5,29,0,34,2,27,49,8,86,54,0,54,140
05/20/2020,CHO,VA,AEA,EN,Federal Contract Tower,2,11,19,8,40,0,11,35,0,46,2,22,54,8,86,54,14,68,154
05/21/2020,CHO,VA,AEA,EN,Federal Contract Tower,3,23,27,2,55,0,4,30,0,34,3,27,57,2,89,66,0,66,155
05/22/2020,CHO,VA,AEA,EN,Federal Contract Tower,0,9,29,4,42,0,9,13,0,22,0,18,42,4,64,72,0,72,136
05/23/2020,CHO,VA,AEA,EN,Federal Contract Tower,2,7,31,0,40,0,8,58,0,66,2,15,89,0,106,126,0,126,232
05/24/2020,CHO,VA,AEA,EN,Federal Contract Tower,4,9,16,0,29,0,7,31,0,38,4,16,47,0,67,40,0,40,107
05/25/2020,CHO,VA,AEA,EN,Federal Contract Tower,3,14,21,0,38,0,4,41,0,45,3,18,62,0,83,102,0,102,185
05/26/2020,CHO,VA,AEA,EN,Federal Contract Tower,3,25,26,4,58,0,2,51,2,55,3,27,77,6,113,122,40,162,275
05/27/2020,CHO,VA,AEA,EN,Federal Contract Tower,1,17,27,6,51,0,6,54,0,60,1,23,81,6,111,78,30,108,219
05/28/2020,CHO,VA,AEA,EN,Federal Contract Tower,5,11,31,9,56,0,5,45,0,50,5,16,76,9,106,64,2,66,172
05/29/2020,CHO,VA,AEA,EN,Federal Contract Tower,2,12,35,7,56,0,6,41,4,51,2,18,76,11,107,54,18,72,179
05/30/2020,CHO,VA,AEA,EN,Federal Contract Tower,3,17,37,0,57,0,4,44,0,48,3,21,81,0,105,174,0,174,279
05/31/2020,CHO,VA,AEA,EN,Federal Contract Tower,5,22,42,0,69,0,7,75,0,82,5,29,117,0,151,148,0,148,299
06/01/2020,CHO,VA,AEA,EN,Federal Contract Tower,3,12,48,12,75,0,15,51,9,75,3,27,99,21,150,164,160,324,474
06/02/2020,CHO,VA,AEA,EN,Federal Contract Tower,3,33,30,4,70,0,4,77,0,81,3,37,107,4,151,126,54,180,331
06/03/2020,CHO,VA,AEA,EN,Federal Contract Tower,2,31,31,16,80,0,9,66,4,79,2,40,97,20,159,110,92,202,361
06/04/2020,CHO,VA,AEA,EN,Federal Contract Tower,5,29,29,12,75,0,8,41,4,53,5,37,70,16,128,36,66,102,230
06/05/2020,CHO,VA,AEA,EN,Federal Contract Tower,2,26,34,10,72,0,19,37,4,60,2,45,71,14,132,50,70,120,252
06/06/2020,CHO,VA,AEA,EN,Federal Contract Tower,2,23,30,4,59,0,6,55,1,62,2,29,85,5,121,138,6,144,265
06/07/2020,CHO,VA,AEA,EN,Federal Contract Tower,3,29,42,0,74,0,11,76,0,87,3,40,118,0,161,170,0,170,331
06/08/2020,CHO,VA,AEA,EN,Federal Contract Tower,3,28,38,10,79,0,12,61,4,77,3,40,99,14,156,116,52,168,324
06/09/2020,CHO,VA,AEA,EN,Federal Contract Tower,2,21,35,10,68,0,15,46,12,73,2,36,81,22,141,80,68,148,289
06/10/2020,CHO,VA,AEA,EN,Federal Contract Tower,1,35,37,8,81,0,7,53,10,70,1,42,90,18,151,58,82,140,291
06/11/2020,CHO,VA,AEA,EN,Federal Contract Tower,3,31,34,8,76,0,7,47,4,58,3,38,81,12,134,74,82,156,290
06/12/2020,CHO,VA,AEA,EN,Federal Contract Tower,2,22,35,8,67,0,8,46,4,58,2,30,81,12,125,72,38,110,235
06/13/2020,CHO,VA,AEA,EN,Federal Contract Tower,3,27,38,0,68,0,5,73,0,78,3,32,111,0,146,142,0,142,288
06/14/2020,CHO,VA,AEA,EN,Federal Contract Tower,6,35,33,2,76,0,9,82,0,91,6,44,115,2,167,168,12,180,347
06/15/2020,CHO,VA,AEA,EN,Federal Contract Tower,6,44,55,2,107,0,10,78,0,88,6,54,133,2,195,150,54,204,399
06/16/2020,CHO,VA,AEA,EN,Federal Contract Tower,1,35,36,8,80,0,7,56,10,73,1,42,92,18,153,58,82,140,293
06/17/2020,CHO,VA,AEA,EN,Federal Contract Tower,2,31,27,8,68,0,7,40,0,47,2,38,67,8,115,66,44,110,225
06/18/2020,CHO,VA,AEA,EN,Federal Contract Tower,3,20,8,1,32,0,0,13,0,13,3,20,21,1,45,18,0,18,63
06/19/2020,CHO,VA,AEA,EN,Federal Contract Tower,3,26,54,0,83,0,4,34,0,38,3,30,88,0,121,56,0,56,177
06/20/2020,CHO,VA,AEA,EN,Federal Contract Tower,4,30,31,0,65,0,6,30,0,36,4,36,61,0,101,70,0,70,171
06/21/2020,CHO,VA,AEA,EN,Federal Contract Tower,3,33,41,0,77,0,7,61,0,68,3,40,102,0,145,106,0,106,251
06/22/2020,CHO,VA,AEA,EN,Federal Contract Tower,5,34,38,4,81,0,11,57,0,68,5,45,95,4,149,66,36,102,251
06/23/2020,CHO,VA,AEA,EN,Federal Contract Tower,5,42,43,0,90,0,6,60,8,74,5,48,103,8,164,96,56,152,316
06/24/2020,CHO,VA,AEA,EN,Federal Contract Tower,4,41,35,6,86,0,9,83,4,96,4,50,118,10,182,140,68,208,390
06/25/2020,CHO,VA,AEA,EN,Federal Contract Tower,5,28,40,10,83,0,11,65,0,76,5,39,105,10,159,108,50,158,317
06/26/2020,CHO,VA,AEA,EN,Federal Contract Tower,5,30,44,4,83,0,29,67,4,100,5,59,111,8,183,136,54,190,373
06/27/2020,CHO,VA,AEA,EN,Federal Contract Tower,3,40,25,0,68,0,5,74,0,79,3,45,99,0,147,130,0,130,277
06/28/2020,CHO,VA,AEA,EN,Federal Contract Tower,5,28,25,1,59,0,5,58,0,63,5,33,83,1,122,68,0,68,190
06/29/2020,CHO,VA,AEA,EN,Federal Contract Tower,6,37,46,6,95,0,22,58,6,86,6,59,104,12,181,112,36,148,329
06/30/2020,CHO,VA,AEA,EN,Federal Contract Tower,3,41,30,5,79,0,5,69,1,75,3,46,99,6,154,150,0,150,304
07/01/2020,CHO,VA,AEA,EN,Federal Contract Tower,4,65,33,4,106,0,8,59,0,67,4,73,92,4,173,88,32,120,293
07/02/2020,CHO,VA,AEA,EN,Federal Contract Tower,5,43,37,6,91,0,12,68,2,82,5,55,105,8,173,224,28,252,425
07/03/2020,CHO,VA,AEA,EN,Federal Contract Tower,4,25,35,4,68,0,14,65,0,79,4,39,100,4,147,124,20,144,291
07/04/2020,CHO,VA,AEA,EN,Federal Contract Tower,6,36,26,0,68,0,12,72,0,84,6,48,98,0,152,112,0,112,264
07/05/2020,CHO,VA,AEA,EN,Federal Contract Tower,4,46,31,0,81,0,8,41,0,49,4,54,72,0,130,84,0,84,214
07/06/2020,CHO,VA,AEA,EN,Federal Contract Tower,6,67,52,0,125,0,11,93,0,104,6,78,145,0,229,118,0,118,347
07/07/2020,CHO,VA,AEA,EN,Federal Contract Tower,5,47,46,9,107,0,13,69,9,91,5,60,115,18,198,132,44,176,374
07/08/2020,CHO,VA,AEA,EN,Federal Contract Tower,6,44,47,6,103,0,24,60,8,92,6,68,107,14,195,82,48,130,325
07/09/2020,CHO,VA,AEA,EN,Federal Contract Tower,9,42,41,12,104,0,14,50,12,76,9,56,91,24,180,64,46,110,290
07/10/2020,CHO,VA,AEA,EN,Federal Contract Tower,10,45,36,8,99,0,20,52,5,77,10,65,88,13,176,86,46,132,308
07/11/2020,CHO,VA,AEA,EN,Federal Contract Tower,4,48,35,0,87,0,22,33,0,55,4,70,68,0,142,140,0,140,282
07/12/2020,CHO,VA,AEA,EN,Federal Contract Tower,7,49,37,2,95,1,7,46,0,54,8,56,83,2,149,98,0,98,247
07/13/2020,CHO,VA,AEA,EN,Federal Contract Tower,7,49,31,4,91,0,7,65,0,72,7,56,96,4,163,148,6,154,317
07/14/2020,CHO,VA,AEA,EN,Federal Contract Tower,4,54,41,4,103,0,6,77,0,83,4,60,118,4,186,170,0,170,356
07/15/2020,CHO,VA,AEA,EN,Federal Contract Tower,5,60,38,4,107,0,7,88,0,95,5,67,126,4,202,138,22,160,362
07/16/2020,CHO,VA,AEA,EN,Federal Contract Tower,4,43,25,2,74,0,6,73,2,81,4,49,98,4,155,170,36,206,361
07/17/2020,CHO,VA,AEA,EN,Federal Contract Tower,8,48,56,7,119,0,18,91,4,113,8,66,147,11,232,92,70,162,394
07/19/2020,CHO,VA,AEA,EN,Federal Contract Tower,7,48,36,0,91,0,7,77,0,84,7,55,113,0,175,154,0,154,329
07/20/2020,CHO,VA,AEA,EN,Federal Contract Tower,6,46,52,2,106,0,12,70,0,82,6,58,122,2,188,142,0,142,330
07/21/2020,CHO,VA,AEA,EN,Federal Contract Tower,5,33,39,8,85,0,15,59,0,74,5,48,98,8,159,60,60,120,279
07/22/2020,CHO,VA,AEA,EN,Federal Contract Tower,4,40,37,4,85,0,10,41,6,57,4,50,78,10,142,50,38,88,230
07/23/2020,CHO,VA,AEA,EN,Federal Contract Tower,5,43,23,2,73,0,4,43,0,47,5,47,66,2,120,92,34,126,246
07/24/2020,CHO,VA,AEA,EN,Federal Contract Tower,7,42,35,8,92,0,11,42,6,59,7,53,77,14,151,78,44,122,273
07/25/2020,CHO,VA,AEA,EN,Federal Contract Tower,4,49,46,0,99,0,11,80,0,91,4,60,126,0,190,180,0,180,370
07/26/2020,CHO,VA,AEA,EN,Federal Contract Tower,4,43,42,0,89,0,6,80,0,86,4,49,122,0,175,160,0,160,335
07/27/2020,CHO,VA,AEA,EN,Federal Contract Tower,6,49,50,8,113,0,15,87,6,108,6,64,137,14,221,180,38,218,439
07/28/2020,CHO,VA,AEA,EN,Federal Contract Tower,3,44,32,6,85,0,6,49,0,55,3,50,81,6,140,138,14,152,292
07/29/2020,CHO,VA,AEA,EN,Federal Contract Tower,2,40,51,10,103,0,10,61,6,77,2,50,112,16,180,104,40,144,324
07/30/2020,CHO,VA,AEA,EN,Federal Contract Tower,6,37,46,7,96,0,9,48,4,61,6,46,94,11,157,90,48,138,295
07/31/2020,CHO,VA,AEA,EN,Federal Contract Tower,7,47,51,0,105,0,7,11,0,18,7,54,62,0,123,28,0,28,151
08/01/2020,CHO,VA,AEA,EN,Federal Contract Tower,7,50,41,0,98,0,13,49,2,64,7,63,90,2,162,98,0,98,260
08/02/2020,CHO,VA,AEA,EN,Federal Contract Tower,7,52,33,0,92,0,6,46,4,56,7,58,79,4,148,52,0,52,200
08/03/2020,CHO,VA,AEA,EN,Federal Contract Tower,8,35,46,6,95,0,7,36,0,43,8,42,82,6,138,42,28,70,208
08/04/2020,CHO,VA,AEA,EN,Federal Contract Tower,5,43,19,2,69,0,2,51,0,53,5,45,70,2,122,106,12,118,240
08/05/2020,CHO,VA,AEA,EN,Federal Contract Tower,2,45,32,4,83,0,6,86,4,96,2,51,118,8,179,158,24,182,361
08/06/2020,CHO,VA,AEA,EN,Federal Contract Tower,1,38,35,0,74,0,6,22,0,28,1,44,57,0,102,40,0,40,142
08/07/2020,CHO,VA,AEA,EN,Federal Contract Tower,3,26,34,0,63,0,0,17,1,18,3,26,51,1,81,62,0,62,143
08/08/2020,CHO,VA,AEA,EN,Federal Contract Tower,5,53,31,6,95,0,8,43,0,51,5,61,74,6,146,116,0,116,262
08/09/2020,CHO,VA,AEA,EN,Federal Contract Tower,7,47,35,0,89,0,12,74,0,86,7,59,109,0,175,194,0,194,369
08/10/2020,CHO,VA,AEA,EN,Federal Contract Tower,6,47,39,5,97,0,6,84,2,92,6,53,123,7,189,154,32,186,375
08/11/2020,CHO,VA,AEA,EN,Federal Contract Tower,3,47,25,8,83,0,6,82,0,88,3,53,107,8,171,134,72,206,377
08/12/2020,CHO,VA,AEA,EN,Federal Contract Tower,1,31,41,11,84,0,13,55,6,74,1,44,96,17,158,74,72,146,304
08/13/2020,CHO,VA,AEA,EN,Federal Contract Tower,3,36,32,3,74,0,0,0,0,0,3,36,32,3,74,0,0,0,74
08/14/2020,CHO,VA,AEA,EN,Federal Contract Tower,5,34,35,0,74,0,1,8,0,9,5,35,43,0,83,42,0,42,125
08/15/2020,CHO,VA,AEA,EN,Federal Contract Tower,5,42,30,0,77,0,7,22,0,29,5,49,52,0,106,18,0,18,124
08/16/2020,CHO,VA,AEA,EN,Federal Contract Tower,8,52,35,0,95,0,7,50,0,57,8,59,85,0,152,78,0,78,230
08/17/2020,CHO,VA,AEA,EN,Federal Contract Tower,6,59,60,4,129,0,17,100,4,121,6,76,160,8,250,130,0,130,380
08/18/2020,CHO,VA,AEA,EN,Federal Contract Tower,5,48,36,14,103,0,12,69,14,95,5,60,105,28,198,174,58,232,430
08/19/2020,CHO,VA,AEA,EN,Federal Contract Tower,4,51,33,7,95,0,5,61,0,66,4,56,94,7,161,118,44,162,323
08/20/2020,CHO,VA,AEA,EN,Federal Contract Tower,7,37,32,10,86,0,15,69,8,92,7,52,101,18,178,88,40,128,306
08/21/2020,CHO,VA,AEA,EN,Federal Contract Tower,8,57,44,8,117,0,8,46,4,58,8,65,90,12,175,54,22,76,251
08/22/2020,CHO,VA,AEA,EN,Federal Contract Tower,7,51,48,2,108,0,7,35,0,42,7,58,83,2,150,60,46,106,256
08/23/2020,CHO,VA,AEA,EN,Federal Contract Tower,8,53,51,0,112,0,10,81,0,91,8,63,132,0,203,166,0,166,369
08/24/2020,CHO,VA,AEA,EN,Federal Contract Tower,7,47,44,10,108,0,6,68,2,76,7,53,112,12,184,144,38,182,366
08/25/2020,CHO,VA,AEA,EN,Federal Contract Tower,6,38,35,6,85,0,13,61,4,78,6,51,96,10,163,70,36,106,269
08/26/2020,CHO,VA,AEA,EN,Federal Contract Tower,8,41,59,8,116,0,21,79,6,106,8,62,138,14,222,136,38,174,396
08/27/2020,CHO,VA,AEA,EN,Federal Contract Tower,6,41,41,8,96,0,12,50,6,68,6,53,91,14,164,50,46,96,260
08/28/2020,CHO,VA,AEA,EN,Federal Contract Tower,6,33,45,6,90,0,16,49,4,69,6,49,94,10,159,74,26,100,259
08/29/2020,CHO,VA,AEA,EN,Federal Contract Tower,5,45,40,0,90,0,0,22,0,22,5,45,62,0,112,56,0,56,168
08/30/2020,CHO,VA,AEA,EN,Federal Contract Tower,7,63,49,0,119,0,3,106,0,109,7,66,155,0,228,140,0,140,368
08/31/2020,CHO,VA,AEA,EN,Federal Contract Tower,6,49,23,2,80,0,4,0,0,4,6,53,23,2,84,0,0,0,84
09/01/2020,CHO,VA,AEA,EN,Federal Contract Tower,4,43,30,2,79,0,0,0,0,0,4,43,30,2,79,0,0,0,79
09/02/2020,CHO,VA,AEA,EN,Federal Contract Tower,4,50,32,6,92,0,4,45,0,49,4,54,77,6,141,78,26,104,245
09/03/2020,CHO,VA,AEA,EN,Federal Contract Tower,5,42,30,6,83,0,11,62,6,79,5,53,92,12,162,130,6,136,298
09/04/2020,CHO,VA,AEA,EN,Federal Contract Tower,6,49,47,4,106,0,30,66,6,102,6,79,113,10,208,128,20,148,356
09/05/2020,CHO,VA,AEA,EN,Federal Contract Tower,6,61,42,0,109,0,8,93,0,101,6,69,135,0,210,146,0,146,356
09/06/2020,CHO,VA,AEA,EN,Federal Contract Tower,8,70,24,0,102,0,12,102,0,114,8,82,126,0,216,134,0,134,350
09/07/2020,CHO,VA,AEA,EN,Federal Contract Tower,6,39,43,0,88,0,10,67,0,77,6,49,110,0,165,115,0,115,280
09/08/2020,CHO,VA,AEA,EN,Federal Contract Tower,3,42,40,6,91,0,11,58,5,74,3,53,98,11,165,104,16,120,285
09/09/2020,CHO,VA,AEA,EN,Federal Contract Tower,4,49,56,6,115,0,13,51,6,70,4,62,107,12,185,80,28,108,293
09/10/2020,CHO,VA,AEA,EN,Federal Contract Tower,4,40,35,4,83,0,7,27,3,37,4,47,62,7,120,70,8,78,198
09/11/2020,CHO,VA,AEA,EN,Federal Contract Tower,5,42,41,6,94,0,13,57,4,74,5,55,98,10,168,82,20,102,270
09/12/2020,CHO,VA,AEA,EN,Federal Contract Tower,5,54,50,0,109,0,6,20,0,26,5,60,70,0,135,40,0,40,175
09/13/2020,CHO,VA,AEA,EN,Federal Contract Tower,6,55,47,0,108,0,10,70,2,82,6,65,117,2,190,142,0,142,332
09/14/2020,CHO,VA,AEA,EN,Federal Contract Tower,6,57,69,2,134,0,17,83,2,102,6,74,152,4,236,132,72,204,440
09/15/2020,CHO,VA,AEA,EN,Federal Contract Tower,4,42,36,6,88,0,18,60,6,84,4,60,96,12,172,66,30,96,268
09/16/2020,CHO,VA,AEA,EN,Federal Contract Tower,5,55,43,6,109,0,5,74,6,85,5,60,117,12,194,104,40,144,338
09/17/2020,CHO,VA,AEA,EN,Federal Contract Tower,3,43,42,8,96,0,8,24,0,32,3,51,66,8,128,36,34,70,198
09/18/2020,CHO,VA,AEA,EN,Federal Contract Tower,6,41,49,6,102,0,9,29,1,39,6,50,78,7,141,73,66,139,280
09/19/2020,CHO,VA,AEA,EN,Federal Contract Tower,5,65,44,0,114,0,9,68,0,77,5,74,112,0,191,126,0,126,317
09/20/2020,CHO,VA,AEA,EN,Federal Contract Tower,6,64,42,0,112,0,11,94,0,105,6,75,136,0,217,198,0,198,415
09/21/2020,CHO,VA,AEA,EN,Federal Contract Tower,6,51,43,6,106,0,10,64,6,80,6,61,107,12,186,100,32,132,318
09/22/2020,CHO,VA,AEA,EN,Federal Contract Tower,4,38,48,8,98,0,10,65,0,75,4,48,113,8,173,144,30,174,347
09/23/2020,CHO,VA,AEA,EN,Federal Contract Tower,4,94,44,6,148,0,9,72,0,81,4,103,116,6,229,122,54,176,405
09/24/2020,CHO,VA,AEA,EN,Federal Contract Tower,4,41,36,0,81,0,11,41,4,56,4,52,77,4,137,74,4,78,215
09/25/2020,CHO,VA,AEA,EN,Federal Contract Tower,6,46,44,6,102,0,6,34,6,46,6,52,78,12,148,38,28,66,214
09/26/2020,CHO,VA,AEA,EN,Federal Contract Tower,5,58,32,0,95,0,14,26,0,40,5,72,58,0,135,40,0,40,175
09/27/2020,CHO,VA,AEA,EN,Federal Contract Tower,6,54,40,0,100,0,4,38,0,42,6,58,78,0,142,84,0,84,226
09/28/2020,CHO,VA,AEA,EN,Federal Contract Tower,5,54,35,2,96,0,4,40,0,44,5,58,75,2,140,66,0,66,206
09/29/2020,CHO,VA,AEA,EN,Federal Contract Tower,4,55,30,2,91,0,4,3,2,9,4,59,33,4,100,0,0,0,100
09/30/2020,CHO,VA,AEA,EN,Federal Contract Tower,3,54,43,6,106,0,12,74,8,94,3,66,117,14,200,100,40,140,340
10/01/2020,CHO,VA,AEA,EN,Federal Contract Tower,5,39,41,14,99,0,15,59,1,75,5,54,100,15,174,96,56,152,326
10/02/2020,CHO,VA,AEA,EN,Federal Contract Tower,6,34,32,4,76,0,9,42,2,53,6,43,74,6,129,64,14,78,207
10/03/2020,CHO,VA,AEA,EN,Federal Contract Tower,6,45,31,2,84,0,6,79,3,88,6,51,110,5,172,120,32,152,324
10/04/2020,CHO,VA,AEA,EN,Federal Contract Tower,5,47,36,2,90,0,6,56,0,62,5,53,92,2,152,100,0,100,252
10/05/2020,CHO,VA,AEA,EN,Federal Contract Tower,8,54,41,2,105,0,7,67,2,76,8,61,108,4,181,120,24,144,325
10/06/2020,CHO,VA,AEA,EN,Federal Contract Tower,4,52,32,5,93,0,2,79,2,83,4,54,111,7,176,128,38,166,342
10/07/2020,CHO,VA,AEA,EN,Federal Contract Tower,4,41,51,4,100,0,9,49,8,66,4,50,100,12,166,54,14,68,234
10/08/2020,CHO,VA,AEA,EN,Federal Contract Tower,6,43,40,8,97,0,8,65,4,77,6,51,105,12,174,110,30,140,314
10/09/2020,CHO,VA,AEA,EN,Federal Contract Tower,9,46,45,4,104,0,13,55,0,68,9,59,100,4,172,96,26,122,294
10/10/2020,CHO,VA,AEA,EN,Federal Contract Tower,5,55,32,0,92,0,4,124,0,128,5,59,156,0,220,98,0,98,318
10/11/2020,CHO,VA,AEA,EN,Federal Contract Tower,9,63,46,0,118,0,0,0,0,0,9,63,46,0,118,0,0,0,118
10/12/2020,CHO,VA,AEA,EN,Federal Contract Tower,9,61,42,2,114,0,0,2,0,2,9,61,44,2,116,0,0,0,116
10/13/2020,CHO,VA,AEA,EN,Federal Contract Tower,8,59,35,6,108,0,7,66,0,73,8,66,101,6,181,150,18,168,349
10/14/2020,CHO,VA,AEA,EN,Federal Contract Tower,6,46,50,6,108,0,14,74,6,94,6,60,124,12,202,108,44,152,354
10/15/2020,CHO,VA,AEA,EN,Federal Contract Tower,5,35,30,8,78,0,12,58,8,78,5,47,88,16,156,42,58,100,256
10/17/2020,CHO,VA,AEA,EN,Federal Contract Tower,6,63,49,0,118,0,6,111,0,117,6,69,160,0,235,234,0,234,469
10/18/2020,CHO,VA,AEA,EN,Federal Contract Tower,10,55,45,10,120,0,9,80,0,89,10,64,125,10,209,166,40,206,415
10/19/2020,CHO,VA,AEA,EN,Federal Contract Tower,7,56,37,4,104,0,6,75,0,81,7,62,112,4,185,96,70,166,351
10/20/2020,CHO,VA,AEA,EN,Federal Contract Tower,7,58,35,4,104,0,3,71,0,74,7,61,106,4,178,138,118,256,434
10/21/2020,CHO,VA,AEA,EN,Federal Contract Tower,6,50,50,12,118,0,14,62,4,80,6,64,112,16,198,110,54,164,362
10/22/2020,CHO,VA,AEA,EN,Federal Contract Tower,10,44,51,10,115,0,12,71,4,87,10,56,122,14,202,106,54,160,362
10/23/2020,CHO,VA,AEA,EN,Federal Contract Tower,8,46,44,8,106,0,11,64,6,81,8,57,108,14,187,132,36,168,355
10/24/2020,CHO,VA,AEA,EN,Federal Contract Tower,6,43,27,0,76,0,4,61,0,65,6,47,88,0,141,138,0,138,279
10/25/2020,CHO,VA,AEA,EN,Federal Contract Tower,9,45,44,0,98,0,0,0,0,0,9,45,44,0,98,0,0,0,98
10/26/2020,CHO,VA,AEA,EN,Federal Contract Tower,8,50,38,4,100,0,2,41,0,43,8,52,79,4,143,78,0,78,221
10/27/2020,CHO,VA,AEA,EN,Federal Contract Tower,8,63,42,4,117,0,4,5,0,9,8,67,47,4,126,0,0,0,126
10/28/2020,CHO,VA,AEA,EN,Federal Contract Tower,6,43,43,6,98,0,7,66,4,77,6,50,109,10,175,140,32,172,347
10/29/2020,CHO,VA,AEA,EN,Federal Contract Tower,7,36,35,0,78,0,0,3,0,3,7,36,38,0,81,12,0,12,93
10/30/2020,CHO,VA,AEA,EN,Federal Contract Tower,8,37,52,11,108,0,18,51,6,75,8,55,103,17,183,108,44,152,335
10/31/2020,CHO,VA,AEA,EN,Federal Contract Tower,7,59,42,0,108,0,9,76,0,85,7,68,118,0,193,166,0,166,359
11/01/2020,CHO,VA,AEA,EN,Federal Contract Tower,7,42,25,0,74,0,0,0,0,0,7,42,25,0,74,0,0,0,74
11/02/2020,CHO,VA,AEA,EN,Federal Contract Tower,6,61,51,3,121,0,17,74,0,91,6,78,125,3,212,160,0,160,372
11/03/2020,CHO,VA,AEA,EN,Federal Contract Tower,8,43,54,8,113,0,20,49,4,73,8,63,103,12,186,78,40,118,304
11/04/2020,CHO,VA,AEA,EN,Federal Contract Tower,7,47,61,10,125,0,17,62,15,94,7,64,123,25,219,92,66,158,377
11/05/2020,CHO,VA,AEA,EN,Federal Contract Tower,6,43,28,0,77,0,2,74,0,76,6,45,102,0,153,206,0,206,359
11/06/2020,CHO,VA,AEA,EN,Federal Contract Tower,9,51,65,8,133,0,23,63,8,94,9,74,128,16,227,90,56,146,373
11/07/2020,CHO,VA,AEA,EN,Federal Contract Tower,8,51,29,4,92,0,8,93,2,103,8,59,122,6,195,170,14,184,379
11/08/2020,CHO,VA,AEA,EN,Federal Contract Tower,7,54,39,0,100,0,11,79,0,90,7,65,118,0,190,214,0,214,404
11/09/2020,CHO,VA,AEA,EN,Federal Contract Tower,6,57,55,0,118,0,10,88,0,98,6,67,143,0,216,142,0,142,358
11/10/2020,CHO,VA,AEA,EN,Federal Contract Tower,7,50,59,2,118,0,15,77,0,92,7,65,136,2,210,218,0,218,428
11/11/2020,CHO,VA,AEA,EN,Federal Contract Tower,6,46,45,6,103,0,0,0,0,0,6,46,45,6,103,0,0,0,103
11/12/2020,CHO,VA,AEA,EN,Federal Contract Tower,7,49,50,8,114,0,0,2,0,2,7,49,52,8,116,0,0,0,116
11/13/2020,CHO,VA,AEA,EN,Federal Contract Tower,8,41,48,6,103,0,13,64,6,83,8,54,112,12,186,150,68,218,404
11/14/2020,CHO,VA,AEA,EN,Federal Contract Tower,9,50,20,2,81,0,4,83,0,87,9,54,103,2,168,232,0,232,400
11/15/2020,CHO,VA,AEA,EN,Federal Contract Tower,7,53,27,0,87,0,2,0,0,2,7,55,27,0,89,0,0,0,89
11/16/2020,CHO,VA,AEA,EN,Federal Contract Tower,7,52,46,2,107,0,20,52,4,76,7,72,98,6,183,120,22,142,325
11/17/2020,CHO,VA,AEA,EN,Federal Contract Tower,7,43,50,8,108,0,10,18,0,28,7,53,68,8,136,32,34,66,202
11/18/2020,CHO,VA,AEA,EN,Federal Contract Tower,8,52,53,6,119,0,11,69,4,84,8,63,122,10,203,134,60,194,397
11/19/2020,CHO,VA,AEA,EN,Federal Contract Tower,12,42,49,10,113,0,16,54,4,74,12,58,103,14,187,88,44,132,319
11/20/2020,CHO,VA,AEA,EN,Federal Contract Tower,8,44,63,6,121,0,21,62,10,93,8,65,125,16,214,102,46,148,362
11/21/2020,CHO,VA,AEA,EN,Federal Contract Tower,7,49,32,0,88,0,6,89,0,95,7,55,121,0,183,262,0,262,445
11/22/2020,CHO,VA,AEA,EN,Federal Contract Tower,7,45,33,0,85,0,6,46,0,52,7,51,79,0,137,174,0,174,311
11/23/2020,CHO,VA,AEA,EN,Federal Contract Tower,7,48,39,0,94,0,4,41,2,47,7,52,80,2,141,100,0,100,241
11/24/2020,CHO,VA,AEA,EN,Federal Contract Tower,6,54,39,0,99,0,4,58,0,62,6,58,97,0,161,162,0,162,323
11/25/2020,CHO,VA,AEA,EN,Federal Contract Tower,8,98,50,8,164,0,11,73,0,84,8,109,123,8,248,164,38,202,450
11/26/2020,CHO,VA,AEA,EN,Federal Contract Tower,2,12,27,0,41,0,9,24,0,33,2,21,51,0,74,66,0,66,140
11/27/2020,CHO,VA,AEA,EN,Federal Contract Tower,10,44,51,0,105,0,15,56,0,71,10,59,107,0,176,70,0,70,246
11/28/2020,CHO,VA,AEA,EN,Federal Contract Tower,7,54,40,0,101,0,8,82,0,90,7,62,122,0,191,148,0,148,339
11/29/2020,CHO,VA,AEA,EN,Federal Contract Tower,7,54,36,0,97,0,10,73,0,83,7,64,109,0,180,128,0,128,308
11/30/2020,CHO,VA,AEA,EN,Federal Contract Tower,8,50,28,0,86,0,2,37,0,39,8,52,65,0,125,28,0,28,153
12/01/2020,CHO,VA,AEA,EN,Federal Contract Tower,8,56,53,10,127,0,10,52,4,66,8,66,105,14,193,68,48,116,309
12/02/2020,CHO,VA,AEA,EN,Federal Contract Tower,6,50,43,8,107,0,5,74,4,83,6,55,117,12,190,120,46,166,356
12/03/2020,CHO,VA,AEA,EN,Federal Contract Tower,8,50,62,12,132,0,24,68,4,96,8,74,130,16,228,100,74,174,402
12/04/2020,CHO,VA,AEA,EN,Federal Contract Tower,5,33,38,8,84,0,13,33,4,50,5,46,71,12,134,58,50,108,242
12/05/2020,CHO,VA,AEA,EN,Federal Contract Tower,7,45,42,0,94,0,18,89,2,109,7,63,131,2,203,110,6,116,319
12/06/2020,CHO,VA,AEA,EN,Federal Contract Tower,6,63,46,2,117,0,12,95,0,107,6,75,141,2,224,202,36,238,462
12/07/2020,CHO,VA,AEA,EN,Federal Contract Tower,6,38,54,0,98,0,14,53,4,71,6,52,107,4,169,108,4,112,281
12/08/2020,CHO,VA,AEA,EN,Federal Contract Tower,6,42,33,5,86,0,14,56,0,70,6,56,89,5,156,66,0,66,222
12/09/2020,CHO,VA,AEA,EN,Federal Contract Tower,6,42,42,14,104,0,13,66,8,87,6,55,108,22,191,166,42,208,399
12/10/2020,CHO,VA,AEA,EN,Federal Contract Tower,4,49,35,10,98,0,5,77,4,86,4,54,112,14,184,144,46,190,374
12/11/2020,CHO,VA,AEA,EN,Federal Contract Tower,7,39,55,10,111,0,18,56,10,84,7,57,111,20,195,84,58,142,337
12/12/2020,CHO,VA,AEA,EN,Federal Contract Tower,8,39,50,0,97,0,14,75,0,89,8,53,125,0,186,122,0,122,308
12/13/2020,CHO,VA,AEA,EN,Federal Contract Tower,8,42,35,0,85,0,7,69,0,76,8,49,104,0,161,142,0,142,303
12/14/2020,CHO,VA,AEA,EN,Federal Contract Tower,7,36,26,0,69,0,3,21,0,24,7,39,47,0,93,40,0,40,133
12/15/2020,CHO,VA,AEA,EN,Federal Contract Tower,6,48,63,6,123,0,15,89,11,115,6,63,152,17,238,105,74,179,417
12/16/2020,CHO,VA,AEA,EN,Federal Contract Tower,5,16,14,0,35,0,0,0,0,0,5,16,14,0,35,0,0,0,35
12/17/2020,CHO,VA,AEA,EN,Federal Contract Tower,8,38,28,0,74,0,6,2,0,8,8,44,30,0,82,0,0,0,82
12/18/2020,CHO,VA,AEA,EN,Federal Contract Tower,6,45,37,5,93,0,7,43,0,50,6,52,80,5,143,66,30,96,239
12/19/2020,CHO,VA,AEA,EN,Federal Contract Tower,4,52,51,0,107,0,8,66,0,74,4,60,117,0,181,114,0,114,295
12/20/2020,CHO,VA,AEA,EN,Federal Contract Tower,7,38,35,0,80,0,6,58,0,64,7,44,93,0,144,124,0,124,268
12/21/2020,CHO,VA,AEA,EN,Federal Contract Tower,7,31,35,0,73,0,10,47,0,57,7,41,82,0,130,136,0,136,266
12/22/2020,CHO,VA,AEA,EN,Federal Contract Tower,4,44,61,12,121,0,11,47,4,62,4,55,108,16,183,63,56,119,302
12/23/2020,CHO,VA,AEA,EN,Federal Contract Tower,7,61,64,8,140,0,13,103,10,126,7,74,167,18,266,142,54,196,462
12/24/2020,CHO,VA,AEA,EN,Federal Contract Tower,5,40,31,0,76,0,0,0,0,0,5,40,31,0,76,0,0,0,76
12/25/2020,CHO,VA,AEA,EN,Federal Contract Tower,0,21,28,0,49,0,0,12,0,12,0,21,40,0,61,0,0,0,61
12/26/2020,CHO,VA,AEA,EN,Federal Contract Tower,4,53,37,0,94,0,6,68,0,74,4,59,105,0,168,104,0,104,272
12/27/2020,CHO,VA,AEA,EN,Federal Contract Tower,6,53,33,0,92,0,8,82,0,90,6,61,115,0,182,292,0,292,474
12/28/2020,CHO,VA,AEA,EN,Federal Contract Tower,5,46,39,2,92,0,21,63,0,84,5,67,102,2,176,96,24,120,296
12/29/2020,CHO,VA,AEA,EN,Federal Contract Tower,8,42,54,18,122,0,15,59,6,80,8,57,113,24,202,127,58,185,387
12/30/2020,CHO,VA,AEA,EN,Federal Contract Tower,5,51,57,10,123,0,14,75,6,95,5,65,132,16,218,140,52,192,410
12/31/2020,CHO,VA,AEA,EN,Federal Contract Tower,5,41,43,8,97,0,15,65,12,92,5,56,108,20,189,92,52,144,333
01/01/2021,CHO,VA,AEA,EN,Federal Contract Tower,4,30,21,0,55,0,5,21,0,26,4,35,42,0,81,28,0,28,109
01/02/2021,CHO,VA,AEA,EN,Federal Contract Tower,4,55,39,0,98,0,7,71,0,78,4,62,110,0,176,170,0,170,346
01/03/2021,CHO,VA,AEA,EN,Federal Contract Tower,7,48,30,4,89,0,0,0,0,0,7,48,30,4,89,0,0,0,89
01/04/2021,CHO,VA,AEA,EN,Federal Contract Tower,6,36,42,2,86,0,15,58,0,73,6,51,100,2,159,142,8,150,309
01/05/2021,CHO,VA,AEA,EN,Federal Contract Tower,6,62,45,2,115,0,4,57,2,63,6,66,102,4,178,88,10,98,276
01/06/2021,CHO,VA,AEA,EN,Federal Contract Tower,9,41,53,12,115,0,12,66,8,86,9,53,119,20,201,72,62,134,335
01/07/2021,CHO,VA,AEA,EN,Federal Contract Tower,5,45,43,6,99,0,10,63,10,83,5,55,106,16,182,92,92,184,366
01/08/2021,CHO,VA,AEA,EN,Federal Contract Tower,10,41,47,8,106,0,18,64,4,86,10,59,111,12,192,120,50,170,362
01/09/2021,CHO,VA,AEA,EN,Federal Contract Tower,6,47,32,0,85,0,9,75,0,84,6,56,107,0,169,154,0,154,323
01/10/2021,CHO,VA,AEA,EN,Federal Contract Tower,8,52,42,0,102,0,11,80,0,91,8,63,122,0,193,238,0,238,431
01/11/2021,CHO,VA,AEA,EN,Federal Contract Tower,7,58,42,2,109,0,6,73,0,79,7,64,115,2,188,158,24,182,370
01/12/2021,CHO,VA,AEA,EN,Federal Contract Tower,10,52,51,10,123,0,13,75,6,94,10,65,126,16,217,108,72,180,397
01/13/2021,CHO,VA,AEA,EN,Federal Contract Tower,8,40,46,4,98,0,14,60,6,80,8,54,106,10,178,118,48,166,344
01/14/2021,CHO,VA,AEA,EN,Federal Contract Tower,6,45,40,15,106,0,4,68,0,72,6,49,108,15,178,144,36,180,358
01/15/2021,CHO,VA,AEA,EN,Federal Contract Tower,10,43,49,8,110,0,20,60,8,88,10,63,109,16,198,130,58,188,386
01/16/2021,CHO,VA,AEA,EN,Federal Contract Tower,8,53,39,0,100,0,5,71,0,76,8,58,110,0,176,118,0,118,294
01/17/2021,CHO,VA,AEA,EN,Federal Contract Tower,7,48,39,3,97,0,11,69,3,83,7,59,108,6,180,188,20,208,388
01/18/2021,CHO,VA,AEA,EN,Federal Contract Tower,7,44,43,0,94,0,8,73,0,81,7,52,116,0,175,200,0,200,375
01/19/2021,CHO,VA,AEA,EN,Federal Contract Tower,7,45,40,8,100,0,16,61,8,85,7,61,101,16,185,32,0,32,217
01/20/2021,CHO,VA,AEA,EN,Federal Contract Tower,6,41,51,4,102,0,10,56,6,72,6,51,107,10,174,65,20,85,259
01/21/2021,CHO,VA,AEA,EN,Federal Contract Tower,4,55,43,12,114,0,13,66,17,96,4,68,109,29,210,104,100,204,414
01/22/2021,CHO,VA,AEA,EN,Federal Contract Tower,8,44,61,10,123,0,21,73,8,102,8,65,134,18,225,132,64,196,421
01/23/2021,CHO,VA,AEA,EN,Federal Contract Tower,8,49,34,0,91,0,6,65,0,71,8,55,99,0,162,130,0,130,292
01/24/2021,CHO,VA,AEA,EN,Federal Contract Tower,9,40,32,1,82,0,10,64,0,74,9,50,96,1,156,138,0,138,294
01/25/2021,CHO,VA,AEA,EN,Federal Contract Tower,6,52,36,2,96,0,4,36,0,40,6,56,72,2,136,80,18,98,234
01/26/2021,CHO,VA,AEA,EN,Federal Contract Tower,7,28,22,0,57,0,0,0,0,0,7,28,22,0,57,0,0,0,57
01/27/2021,CHO,VA,AEA,EN,Federal Contract Tower,6,41,52,6,105,0,8,51,6,65,6,49,103,12,170,70,40,110,280
01/28/2021,CHO,VA,AEA,EN,Federal Contract Tower,4,45,44,8,101,0,16,47,0,63,4,61,91,8,164,42,44,86,250
01/29/2021,CHO,VA,AEA,EN,Federal Contract Tower,6,42,47,9,104,0,25,51,5,81,6,67,98,14,185,76,54,130,315
01/30/2021,CHO,VA,AEA,EN,Federal Contract Tower,9,54,35,0,98,0,8,97,0,105,9,62,132,0,203,166,0,166,369
01/31/2021,CHO,VA,AEA,EN,Federal Contract Tower,8,36,21,0,65,0,0,0,0,0,8,36,21,0,65,0,0,0,65
02/01/2021,CHO,VA,AEA,EN,Federal Contract Tower,5,39,28,0,72,0,8,15,3,26,5,47,43,3,98,40,30,70,168
02/02/2021,CHO,VA,AEA,EN,Federal Contract Tower,7,45,48,11,111,0,16,60,8,84,7,61,108,19,195,72,54,126,321
02/03/2021,CHO,VA,AEA,EN,Federal Contract Tower,7,48,41,8,104,0,7,36,2,45,7,55,77,10,149,13,10,23,172
02/04/2021,CHO,VA,AEA,EN,Federal Contract Tower,10,30,27,2,69,0,0,63,8,71,10,30,90,10,140,106,52,158,298
02/05/2021,CHO,VA,AEA,EN,Federal Contract Tower,5,39,33,0,77,0,13,56,0,69,5,52,89,0,146,90,0,90,236
02/06/2021,CHO,VA,AEA,EN,Federal Contract Tower,8,52,34,0,94,0,6,66,0,72,8,58,100,0,166,118,0,118,284
02/07/2021,CHO,VA,AEA,EN,Federal Contract Tower,7,39,29,0,75,0,4,34,0,38,7,43,63,0,113,64,0,64,177
02/08/2021,CHO,VA,AEA,EN,Federal Contract Tower,7,43,66,5,121,0,25,78,0,103,7,68,144,5,224,208,38,246,470
02/09/2021,CHO,VA,AEA,EN,Federal Contract Tower,7,57,52,4,120,0,11,76,0,87,7,68,128,4,207,166,68,234,441
02/10/2021,CHO,VA,AEA,EN,Federal Contract Tower,9,44,26,2,81,0,4,37,24,65,9,48,63,26,146,96,0,96,242
02/11/2021,CHO,VA,AEA,EN,Federal Contract Tower,12,43,27,0,82,0,0,0,0,0,12,43,27,0,82,0,0,0,82
02/12/2021,CHO,VA,AEA,EN,Federal Contract Tower,10,29,15,0,54,0,0,0,0,0,10,29,15,0,54,0,0,0,54
02/13/2021,CHO,VA,AEA,EN,Federal Contract Tower,8,23,16,0,47,0,0,0,0,0,8,23,16,0,47,0,0,0,47
02/14/2021,CHO,VA,AEA,EN,Federal Contract Tower,9,46,34,0,89,0,0,0,0,0,9,46,34,0,89,0,0,0,89
02/15/2021,CHO,VA,AEA,EN,Federal Contract Tower,7,48,27,0,82,0,0,0,0,0,7,48,27,0,82,0,0,0,82
02/16/2021,CHO,VA,AEA,EN,Federal Contract Tower,7,54,28,13,102,0,3,21,6,30,7,57,49,19,132,0,54,54,186
02/17/2021,CHO,VA,AEA,EN,Federal Contract Tower,9,47,33,22,111,0,3,61,17,81,9,50,94,39,192,126,68,194,386
02/18/2021,CHO,VA,AEA,EN,Federal Contract Tower,5,9,0,0,14,0,0,0,0,0,5,9,0,0,14,0,0,0,14
02/19/2021,CHO,VA,AEA,EN,Federal Contract Tower,9,30,15,2,56,0,0,2,0,2,9,30,17,2,58,0,0,0,58
02/20/2021,CHO,VA,AEA,EN,Federal Contract Tower,8,57,27,0,92,0,10,66,0,76,8,67,93,0,168,106,0,106,274
02/21/2021,CHO,VA,AEA,EN,Federal Contract Tower,8,53,33,2,96,0,14,77,0,91,8,67,110,2,187,222,6,228,415
02/22/2021,CHO,VA,AEA,EN,Federal Contract Tower,8,36,56,4,104,0,2,19,4,25,8,38,75,8,129,34,24,58,187
02/23/2021,CHO,VA,AEA,EN,Federal Contract Tower,8,40,57,14,119,0,16,62,12,90,8,56,119,26,209,64,92,156,365
02/24/2021,CHO,VA,AEA,EN,Federal Contract Tower,12,39,22,3,76,0,2,52,6,60,12,41,74,9,136,94,15,109,245
02/25/2021,CHO,VA,AEA,EN,Federal Contract Tower,11,37,42,12,102,0,6,69,8,83,11,43,111,20,185,144,52,196,381
02/26/2021,CHO,VA,AEA,EN,Federal Contract Tower,10,31,32,4,77,0,14,34,4,52,10,45,66,8,129,46,28,74,203
02/27/2021,CHO,VA,AEA,EN,Federal Contract Tower,11,51,32,0,94,0,7,49,0,56,11,58,81,0,150,108,0,108,258
02/28/2021,CHO,VA,AEA,EN,Federal Contract Tower,5,30,23,0,58,0,0,0,0,0,5,30,23,0,58,0,0,0,58
03/01/2021,CHO,VA,AEA,EN,Federal Contract Tower,7,51,27,4,89,0,4,38,2,44,7,55,65,6,133,70,72,142,275
03/02/2021,CHO,VA,AEA,EN,Federal Contract Tower,6,61,48,21,136,0,12,79,0,91,6,73,127,21,227,170,74,244,471
03/03/2021,CHO,VA,AEA,EN,Federal Contract Tower,10,42,26,11,89,0,10,57,6,73,10,52,83,17,162,76,76,152,314
03/04/2021,CHO,VA,AEA,EN,Federal Contract Tower,9,40,29,8,86,0,5,46,2,53,9,45,75,10,139,40,44,84,223
03/05/2021,CHO,VA,AEA,EN,Federal Contract Tower,13,45,57,12,127,0,20,75,8,103,13,65,132,20,230,104,75,179,409
03/06/2021,CHO,VA,AEA,EN,Federal Contract Tower,18,79,51,0,148,0,10,102,0,112,18,89,153,0,260,138,0,138,398
03/07/2021,CHO,VA,AEA,EN,Federal Contract Tower,9,65,39,0,113,0,9,92,0,101,9,74,131,0,214,178,0,178,392
03/08/2021,CHO,VA,AEA,EN,Federal Contract Tower,9,54,34,7,104,0,21,80,2,103,9,75,114,9,207,136,6,142,349
03/09/2021,CHO,VA,AEA,EN,Federal Contract Tower,6,51,31,2,90,0,14,78,4,96,6,65,109,6,186,162,0,162,348
03/10/2021,CHO,VA,AEA,EN,Federal Contract Tower,14,39,25,12,90,0,15,75,0,90,14,54,100,12,180,148,30,178,358
03/11/2021,CHO,VA,AEA,EN,Federal Contract Tower,11,45,29,15,100,0,10,61,18,89,11,55,90,33,189,120,74,194,383
03/12/2021,CHO,VA,AEA,EN,Federal Contract Tower,15,35,31,5,86,0,12,58,9,79,15,47,89,14,165,140,14,154,319
03/13/2021,CHO,VA,AEA,EN,Federal Contract Tower,11,49,37,4,101,0,6,83,0,89,11,55,120,4,190,134,8,142,332
03/14/2021,CHO,VA,AEA,EN,Federal Contract Tower,9,50,33,0,92,0,7,55,0,62,9,57,88,0,154,112,0,112,266
03/15/2021,CHO,VA,AEA,EN,Federal Contract Tower,9,57,32,8,106,0,17,43,0,60,9,74,75,8,166,114,18,132,298
03/16/2021,CHO,VA,AEA,EN,Federal Contract Tower,8,59,53,0,120,0,0,0,0,0,8,59,53,0,120,0,0,0,120
03/17/2021,CHO,VA,AEA,EN,Federal Contract Tower,10,48,34,12,104,0,0,0,0,0,10,48,34,12,104,0,0,0,104
03/18/2021,CHO,VA,AEA,EN,Federal Contract Tower,9,30,25,0,64,0,0,0,0,0,9,30,25,0,64,0,0,0,64
03/19/2021,CHO,VA,AEA,EN,Federal Contract Tower,12,45,40,8,105,0,3,32,2,37,12,48,72,10,142,16,16,32,174
03/20/2021,CHO,VA,AEA,EN,Federal Contract Tower,13,59,43,0,115,0,18,94,1,113,13,77,137,1,228,206,0,206,434
03/21/2021,CHO,VA,AEA,EN,Federal Contract Tower,11,56,37,0,104,0,15,109,0,124,11,71,146,0,228,270,0,270,498
03/22/2021,CHO,VA,AEA,EN,Federal Contract Tower,11,58,42,13,124,0,24,79,0,103,11,82,121,13,227,194,140,334,561
03/23/2021,CHO,VA,AEA,EN,Federal Contract Tower,9,57,43,6,115,0,8,62,4,74,9,65,105,10,189,200,50,250,439
03/24/2021,CHO,VA,AEA,EN,Federal Contract Tower,11,42,45,2,100,0,0,0,0,0,11,42,45,2,100,0,0,0,100
03/25/2021,CHO,VA,AEA,EN,Federal Contract Tower,10,33,19,0,62,0,0,0,0,0,10,33,19,0,62,0,0,0,62
03/26/2021,CHO,VA,AEA,EN,Federal Contract Tower,15,37,31,2,85,0,27,16,6,49,15,64,47,8,134,80,0,80,214
03/27/2021,CHO,VA,AEA,EN,Federal Contract Tower,12,57,47,0,116,0,8,86,0,94,12,65,133,0,210,144,0,144,354
03/28/2021,CHO,VA,AEA,EN,Federal Contract Tower,11,49,29,0,89,0,0,0,0,0,11,49,29,0,89,0,0,0,89
03/29/2021,CHO,VA,AEA,EN,Federal Contract Tower,11,61,40,4,116,0,7,90,30,127,11,68,130,34,243,146,0,146,389
03/30/2021,CHO,VA,AEA,EN,Federal Contract Tower,12,64,41,4,121,0,10,90,0,100,12,74,131,4,221,224,66,290,511
03/31/2021,CHO,VA,AEA,EN,Federal Contract Tower,10,37,36,0,83,0,2,11,0,13,10,39,47,0,96,18,0,18,114
04/01/2021,CHO,VA,AEA,EN,Federal Contract Tower,9,52,30,4,95,0,9,39,5,53,9,61,69,9,148,46,26,72,220
04/02/2021,CHO,VA,AEA,EN,Federal Contract Tower,7,34,49,10,100,0,11,41,10,62,7,45,90,20,162,42,58,100,262
04/03/2021,CHO,VA,AEA,EN,Federal Contract Tower,14,63,52,2,131,0,13,86,0,99,14,76,138,2,230,190,8,198,428
04/04/2021,CHO,VA,AEA,EN,Federal Contract Tower,12,59,43,0,114,0,10,58,0,68,12,69,101,0,182,122,0,122,304
04/05/2021,CHO,VA,AEA,EN,Federal Contract Tower,14,67,51,2,134,0,10,99,0,109,14,77,150,2,243,262,6,268,511
04/06/2021,CHO,VA,AEA,EN,Federal Contract Tower,9,56,52,13,130,0,24,62,10,96,9,80,114,23,226,132,120,252,478
04/07/2021,CHO,VA,AEA,EN,Federal Contract Tower,13,37,60,18,128,0,21,76,12,109,13,58,136,30,237,148,88,236,473
04/08/2021,CHO,VA,AEA,EN,Federal Contract Tower,13,43,40,6,102,0,11,53,0,64,13,54,93,6,166,62,26,88,254
04/09/2021,CHO,VA,AEA,EN,Federal Contract Tower,10,48,55,4,117,0,2,15,0,17,10,50,70,4,134,12,0,12,146
04/10/2021,CHO,VA,AEA,EN,Federal Contract Tower,9,54,40,2,105,0,4,25,0,29,9,58,65,2,134,72,0,72,206
04/11/2021,CHO,VA,AEA,EN,Federal Contract Tower,12,54,48,0,114,0,17,81,0,98,12,71,129,0,212,160,0,160,372
04/12/2021,CHO,VA,AEA,EN,Federal Contract Tower,10,51,39,4,104,0,6,81,2,89,10,57,120,6,193,162,30,192,385
04/13/2021,CHO,VA,AEA,EN,Federal Contract Tower,10,54,58,8,130,0,12,81,4,97,10,66,139,12,227,210,132,342,569
04/14/2021,CHO,VA,AEA,EN,Federal Contract Tower,13,43,37,4,97,0,5,56,5,66,13,48,93,9,163,108,28,136,299
04/15/2021,CHO,VA,AEA,EN,Federal Contract Tower,16,46,47,6,115,0,12,54,2,68,16,58,101,8,183,71,38,109,292
04/17/2021,CHO,VA,AEA,EN,Federal Contract Tower,13,56,43,0,112,0,10,77,0,87,13,66,120,0,199,134,0,134,333
04/18/2021,CHO,VA,AEA,EN,Federal Contract Tower,10,50,33,0,93,0,4,79,0,83,10,54,112,0,176,128,0,128,304
04/19/2021,CHO,VA,AEA,EN,Federal Contract Tower,10,55,45,19,129,0,17,64,0,81,10,72,109,19,210,124,4,128,338
04/20/2021,CHO,VA,AEA,EN,Federal Contract Tower,13,74,47,10,144,0,13,78,8,99,13,87,125,18,243,86,68,154,397
04/21/2021,CHO,VA,AEA,EN,Federal Contract Tower,17,56,52,10,135,0,20,66,18,104,17,76,118,28,239,52,70,122,361
04/22/2021,CHO,VA,AEA,EN,Federal Contract Tower,12,66,58,16,152,0,18,63,8,89,12,84,121,24,241,58,50,108,349
04/23/2021,CHO,VA,AEA,EN,Federal Contract Tower,18,53,41,8,120,0,21,63,8,92,18,74,104,16,212,122,44,166,378
04/24/2021,CHO,VA,AEA,EN,Federal Contract Tower,18,65,48,0,131,0,8,63,0,71,18,73,111,0,202,110,0,110,312
04/25/2021,CHO,VA,AEA,EN,Federal Contract Tower,16,74,44,0,134,0,17,93,0,110,16,91,137,0,244,162,0,162,406
04/26/2021,CHO,VA,AEA,EN,Federal Contract Tower,14,54,57,9,134,0,21,81,9,111,14,75,138,18,245,152,98,250,495
04/27/2021,CHO,VA,AEA,EN,Federal Contract Tower,12,58,70,8,148,0,26,96,10,132,12,84,166,18,280,100,44,144,424
04/28/2021,CHO,VA,AEA,EN,Federal Contract Tower,15,59,42,7,123,0,8,73,5,86,15,67,115,12,209,150,88,238,447
04/29/2021,CHO,VA,AEA,EN,Federal Contract Tower,14,41,38,5,98,0,10,58,12,80,14,51,96,17,178,86,50,136,314
04/30/2021,CHO,VA,AEA,EN,Federal Contract Tower,15,43,50,8,116,0,15,41,9,65,15,58,91,17,181,48,64,112,293
05/01/2021,CHO,VA,AEA,EN,Federal Contract Tower,8,51,41,0,100,0,8,86,0,94,8,59,127,0,194,156,0,156,350
05/02/2021,CHO,VA,AEA,EN,Federal Contract Tower,11,54,58,0,123,0,11,86,0,97,11,65,144,0,220,170,0,170,390
05/03/2021,CHO,VA,AEA,EN,Federal Contract Tower,8,44,72,0,124,0,0,0,0,0,8,44,72,0,124,0,0,0,124
05/04/2021,CHO,VA,AEA,EN,Federal Contract Tower,16,68,69,12,165,0,30,87,8,125,16,98,156,20,290,96,72,168,458
05/05/2021,CHO,VA,AEA,EN,Federal Contract Tower,13,53,42,2,110,0,10,71,0,81,13,63,113,2,191,100,0,100,291
05/06/2021,CHO,VA,AEA,EN,Federal Contract Tower,12,53,28,5,98,0,13,64,8,85,12,66,92,13,183,164,32,196,379
05/07/2021,CHO,VA,AEA,EN,Federal Contract Tower,10,43,56,10,119,0,15,72,6,93,10,58,128,16,212,86,46,132,344
05/08/2021,CHO,VA,AEA,EN,Federal Contract Tower,12,45,38,0,95,0,5,68,0,73,12,50,106,0,168,140,0,140,308
05/09/2021,CHO,VA,AEA,EN,Federal Contract Tower,15,56,46,0,117,0,6,84,0,90,15,62,130,0,207,132,0,132,339
05/10/2021,CHO,VA,AEA,EN,Federal Contract Tower,11,56,58,12,137,0,15,73,6,94,11,71,131,18,231,118,116,234,465
05/11/2021,CHO,VA,AEA,EN,Federal Contract Tower,13,63,54,21,151,0,15,86,10,111,13,78,140,31,262,156,78,234,496
05/12/2021,CHO,VA,AEA,EN,Federal Contract Tower,16,61,46,13,136,0,4,78,4,86,16,65,124,17,222,234,52,286,508
05/13/2021,CHO,VA,AEA,EN,Federal Contract Tower,13,64,49,7,133,0,12,81,4,97,13,76,130,11,230,166,86,252,482
05/14/2021,CHO,VA,AEA,EN,Federal Contract Tower,15,37,52,8,112,0,18,64,8,90,15,55,116,16,202,88,50,138,340
05/15/2021,CHO,VA,AEA,EN,Federal Contract Tower,11,68,56,2,137,0,11,92,0,103,11,79,148,2,240,206,16,222,462
05/16/2021,CHO,VA,AEA,EN,Federal Contract Tower,12,53,40,0,105,0,7,65,0,72,12,60,105,0,177,128,0,128,305
05/17/2021,CHO,VA,AEA,EN,Federal Contract Tower,12,50,50,10,122,0,13,72,10,95,12,63,122,20,217,86,70,156,373
05/18/2021,CHO,VA,AEA,EN,Federal Contract Tower,11,88,60,8,167,0,14,113,2,129,11,102,173,10,296,160,64,224,520
05/19/2021,CHO,VA,AEA,EN,Federal Contract Tower,15,62,51,3,131,0,9,80,0,89,15,71,131,3,220,194,12,206,426
05/20/2021,CHO,VA,AEA,EN,Federal Contract Tower,13,70,55,8,146,0,22,95,8,125,13,92,150,16,271,144,58,202,473
05/21/2021,CHO,VA,AEA,EN,Federal Contract Tower,12,51,69,10,142,0,27,70,10,107,12,78,139,20,249,164,70,234,483
05/22/2021,CHO,VA,AEA,EN,Federal Contract Tower,11,53,32,0,96,0,16,76,0,92,11,69,108,0,188,168,0,168,356
05/23/2021,CHO,VA,AEA,EN,Federal Contract Tower,20,90,59,0,169,0,17,87,0,104,20,107,146,0,273,136,0,136,409
05/24/2021,CHO,VA,AEA,EN,Federal Contract Tower,10,60,39,4,113,0,4,47,0,51,10,64,86,4,164,110,18,128,292
05/25/2021,CHO,VA,AEA,EN,Federal Contract Tower,11,57,73,14,155,0,20,83,13,116,11,77,156,27,271,116,80,196,467
05/27/2021,CHO,VA,AEA,EN,Federal Contract Tower,15,52,67,17,151,0,21,98,12,131,15,73,165,29,282,156,108,264,546
05/28/2021,CHO,VA,AEA,EN,Federal Contract Tower,15,59,42,7,123,0,8,73,5,86,15,67,115,12,209,150,88,238,447
05/29/2021,CHO,VA,AEA,EN,Federal Contract Tower,10,53,36,0,99,0,0,0,0,0,10,53,36,0,99,0,0,0,99
05/30/2021,CHO,VA,AEA,EN,Federal Contract Tower,11,53,37,0,101,0,4,40,0,44,11,57,77,0,145,110,0,110,255
05/31/2021,CHO,VA,AEA,EN,Federal Contract Tower,10,60,61,0,131,0,11,90,0,101,10,71,151,0,232,158,0,158,390
06/01/2021,CHO,VA,AEA,EN,Federal Contract Tower,11,49,69,10,139,0,16,76,14,106,11,65,145,24,245,98,70,168,413
06/02/2021,CHO,VA,AEA,EN,Federal Contract Tower,18,53,45,6,122,0,9,66,4,79,18,62,111,10,201,144,68,212,413
06/03/2021,CHO,VA,AEA,EN,Federal Contract Tower,14,48,57,10,129,0,20,53,8,81,14,68,110,18,210,68,56,124,334
06/04/2021,CHO,VA,AEA,EN,Federal Contract Tower,14,43,48,8,113,0,29,63,8,100,14,72,111,16,213,124,42,166,379
06/05/2021,CHO,VA,AEA,EN,Federal Contract Tower,13,48,41,0,102,0,19,97,0,116,13,67,138,0,218,214,22,236,454
06/06/2021,CHO,VA,AEA,EN,Federal Contract Tower,13,59,35,0,107,0,1,86,0,87,13,60,121,0,194,194,0,194,388
06/07/2021,CHO,VA,AEA,EN,Federal Contract Tower,10,54,63,12,139,0,22,79,8,109,10,76,142,20,248,150,84,234,482
06/08/2021,CHO,VA,AEA,EN,Federal Contract Tower,11,56,68,12,147,0,16,74,10,100,11,72,142,22,247,78,48,126,373
06/09/2021,CHO,VA,AEA,EN,Federal Contract Tower,17,45,31,2,95,0,6,51,0,57,17,51,82,2,152,96,24,120,272
06/10/2021,CHO,VA,AEA,EN,Federal Contract Tower,13,31,18,7,69,0,5,31,0,36,13,36,49,7,105,78,0,78,183
06/11/2021,CHO,VA,AEA,EN,Federal Contract Tower,15,62,59,0,136,0,0,0,0,0,15,62,59,0,136,0,0,0,136
06/12/2021,CHO,VA,AEA,EN,Federal Contract Tower,11,54,55,0,120,0,8,47,0,55,11,62,102,0,175,84,0,84,259
06/13/2021,CHO,VA,AEA,EN,Federal Contract Tower,15,49,31,0,95,0,4,31,0,35,15,53,62,0,130,104,0,104,234
06/14/2021,CHO,VA,AEA,EN,Federal Contract Tower,12,66,49,2,129,0,13,80,0,93,12,79,129,2,222,206,12,218,440
06/15/2021,CHO,VA,AEA,EN,Federal Contract Tower,15,41,59,10,125,0,28,89,0,117,15,69,148,10,242,96,74,170,412
06/16/2021,CHO,VA,AEA,EN,Federal Contract Tower,14,49,30,4,97,0,9,79,2,90,14,58,109,6,187,176,0,176,363
06/17/2021,CHO,VA,AEA,EN,Federal Contract Tower,16,48,63,12,139,0,15,97,0,112,16,63,160,12,251,140,70,210,461
06/18/2021,CHO,VA,AEA,EN,Federal Contract Tower,13,53,53,10,129,0,13,73,6,92,13,66,126,16,221,130,38,168,389
06/19/2021,CHO,VA,AEA,EN,Federal Contract Tower,12,48,41,0,101,0,7,75,0,82,12,55,116,0,183,128,0,128,311
06/20/2021,CHO,VA,AEA,EN,Federal Contract Tower,11,61,47,0,119,0,8,91,0,99,11,69,138,0,218,158,0,158,376
06/21/2021,CHO,VA,AEA,EN,Federal Contract Tower,10,63,45,5,123,0,9,56,3,68,10,72,101,8,191,124,88,212,403
06/22/2021,CHO,VA,AEA,EN,Federal Contract Tower,13,58,47,2,120,0,7,46,0,53,13,65,93,2,173,142,0,142,315
06/23/2021,CHO,VA,AEA,EN,Federal Contract Tower,18,64,51,10,143,0,7,79,4,90,18,71,130,14,233,238,24,262,495
06/25/2021,CHO,VA,AEA,EN,Federal Contract Tower,14,49,33,0,96,0,7,66,0,73,14,56,99,0,169,150,0,150,319
06/26/2021,CHO,VA,AEA,EN,Federal Contract Tower,15,58,46,0,119,0,18,74,0,92,15,76,120,0,211,132,0,132,343
06/27/2021,CHO,VA,AEA,EN,Federal Contract Tower,11,63,42,0,116,0,5,96,0,101,11,68,138,0,217,130,0,130,347
06/28/2021,CHO,VA,AEA,EN,Federal Contract Tower,12,55,49,14,130,0,22,78,10,110,12,77,127,24,240,98,84,182,422
06/29/2021,CHO,VA,AEA,EN,Federal Contract Tower,11,72,93,12,188,0,34,95,10,139,11,106,188,22,327,142,74,216,543
06/30/2021,CHO,VA,AEA,EN,Federal Contract Tower,17,33,43,14,107,0,16,79,8,103,17,49,122,22,210,90,74,164,374
07/01/2021,CHO,VA,AEA,EN,Federal Contract Tower,14,53,55,6,128,0,27,86,6,119,14,80,141,12,247,104,22,126,373
07/03/2021,CHO,VA,AEA,EN,Federal Contract Tower,11,41,30,0,82,0,8,81,0,89,11,49,111,0,171,178,0,178,349
07/04/2021,CHO,VA,AEA,EN,Federal Contract Tower,10,44,37,0,91,0,11,53,0,64,10,55,90,0,155,106,0,106,261
07/05/2021,CHO,VA,AEA,EN,Federal Contract Tower,10,63,55,0,128,0,11,103,0,114,10,74,158,0,242,140,0,140,382
07/06/2021,CHO,VA,AEA,EN,Federal Contract Tower,15,60,38,3,116,0,5,82,1,88,15,65,120,4,204,136,92,228,432
07/07/2021,CHO,VA,AEA,EN,Federal Contract Tower,17,41,58,10,126,0,19,77,6,102,17,60,135,16,228,116,66,182,410
07/08/2021,CHO,VA,AEA,EN,Federal Contract Tower,13,37,35,4,89,0,0,31,0,31,13,37,66,4,120,80,20,100,220
07/11/2021,CHO,VA,AEA,EN,Federal Contract Tower,13,75,62,0,150,0,26,89,0,115,13,101,151,0,265,186,0,186,451
07/12/2021,CHO,VA,AEA,EN,Federal Contract Tower,11,69,45,4,129,0,8,84,2,94,11,77,129,6,223,116,64,180,403
07/14/2021,CHO,VA,AEA,EN,Federal Contract Tower,21,55,60,12,148,0,27,77,6,110,21,82,137,18,258,78,80,158,416
07/15/2021,CHO,VA,AEA,EN,Federal Contract Tower,13,49,52,10,124,0,13,74,10,97,13,62,126,20,221,64,54,118,339
07/16/2021,CHO,VA,AEA,EN,Federal Contract Tower,18,54,70,8,150,0,28,83,6,117,18,82,153,14,267,156,52,208,475
07/17/2021,CHO,VA,AEA,EN,Federal Contract Tower,17,52,37,0,106,0,10,68,0,78,17,62,105,0,184,118,0,118,302
07/18/2021,CHO,VA,AEA,EN,Federal Contract Tower,13,51,50,0,114,0,13,63,0,76,13,64,113,0,190,144,0,144,334
07/19/2021,CHO,VA,AEA,EN,Federal Contract Tower,11,51,52,12,126,0,29,67,8,104,11,80,119,20,230,76,40,116,346
07/20/2021,CHO,VA,AEA,EN,Federal Contract Tower,16,61,44,10,131,0,6,83,2,91,16,67,127,12,222,162,38,200,422
07/21/2021,CHO,VA,AEA,EN,Federal Contract Tower,17,36,46,0,99,0,10,66,0,76,17,46,112,0,175,118,0,118,293
07/22/2021,CHO,VA,AEA,EN,Federal Contract Tower,13,59,50,4,126,0,4,93,0,97,13,63,143,4,223,218,34,252,475
07/23/2021,CHO,VA,AEA,EN,Federal Contract Tower,13,63,48,10,134,0,35,81,9,125,13,98,129,19,259,152,46,198,457
07/24/2021,CHO,VA,AEA,EN,Federal Contract Tower,13,45,35,0,93,0,10,77,0,87,13,55,112,0,180,206,0,206,386
07/25/2021,CHO,VA,AEA,EN,Federal Contract Tower,14,62,51,0,127,0,22,78,0,100,14,84,129,0,227,166,0,166,393
07/26/2021,CHO,VA,AEA,EN,Federal Contract Tower,9,52,49,4,114,0,7,57,0,64,9,59,106,4,178,141,54,195,373
07/27/2021,CHO,VA,AEA,EN,Federal Contract Tower,18,73,61,6,158,0,3,80,6,89,18,76,141,12,247,236,104,340,587
07/28/2021,CHO,VA,AEA,EN,Federal Contract Tower,17,49,38,2,106,0,10,74,0,84,17,59,112,2,190,166,66,232,422
07/29/2021,CHO,VA,AEA,EN,Federal Contract Tower,17,54,36,0,107,0,6,64,0,70,17,60,100,0,177,178,0,178,355
07/30/2021,CHO,VA,AEA,EN,Federal Contract Tower,13,43,39,0,95,0,12,57,2,71,13,55,96,2,166,92,0,92,258
07/31/2021,CHO,VA,AEA,EN,Federal Contract Tower,12,47,36,0,95,0,14,75,0,89,12,61,111,0,184,156,0,156,340
08/01/2021,CHO,VA,AEA,EN,Federal Contract Tower,14,60,67,6,147,0,6,59,0,65,14,66,126,6,212,98,0,98,310
08/02/2021,CHO,VA,AEA,EN,Federal Contract Tower,11,66,42,4,123,0,6,86,0,92,11,72,128,4,215,196,62,258,473
08/03/2021,CHO,VA,AEA,EN,Federal Contract Tower,11,66,42,9,128,0,4,89,0,93,11,70,131,9,221,178,70,248,469
08/04/2021,CHO,VA,AEA,EN,Federal Contract Tower,15,39,30,8,92,0,13,77,4,94,15,52,107,12,186,122,64,186,372
08/05/2021,CHO,VA,AEA,EN,Federal Contract Tower,19,23,21,6,69,0,4,47,3,54,19,27,68,9,123,112,12,124,247
08/06/2021,CHO,VA,AEA,EN,Federal Contract Tower,13,43,66,8,130,0,20,80,8,108,13,63,146,16,238,142,66,208,446
08/07/2021,CHO,VA,AEA,EN,Federal Contract Tower,12,52,48,0,112,0,9,48,0,57,12,61,96,0,169,78,0,78,247
08/08/2021,CHO,VA,AEA,EN,Federal Contract Tower,14,55,57,2,128,0,23,72,1,96,14,78,129,3,224,216,2,218,442
08/09/2021,CHO,VA,AEA,EN,Federal Contract Tower,10,57,44,4,115,0,4,82,0,86,10,61,126,4,201,150,54,204,405
08/10/2021,CHO,VA,AEA,EN,Federal Contract Tower,15,63,51,4,133,0,7,73,0,80,15,70,124,4,213,150,80,230,443
08/11/2021,CHO,VA,AEA,EN,Federal Contract Tower,15,29,48,10,102,0,26,66,8,100,15,55,114,18,202,80,56,136,338
08/12/2021,CHO,VA,AEA,EN,Federal Contract Tower,12,47,44,0,103,0,8,79,0,87,12,55,123,0,190,124,0,124,314
08/13/2021,CHO,VA,AEA,EN,Federal Contract Tower,13,42,52,10,117,0,14,66,10,90,13,56,118,20,207,74,84,158,365
08/14/2021,CHO,VA,AEA,EN,Federal Contract Tower,15,54,41,0,110,0,6,82,0,88,15,60,123,0,198,136,12,148,346
08/15/2021,CHO,VA,AEA,EN,Federal Contract Tower,12,61,53,0,126,0,4,50,0,54,12,65,103,0,180,110,0,110,290
08/16/2021,CHO,VA,AEA,EN,Federal Contract Tower,15,63,58,8,144,0,4,34,0,38,15,67,92,8,182,76,0,76,258
08/17/2021,CHO,VA,AEA,EN,Federal Contract Tower,12,59,60,10,141,0,4,28,2,34,12,63,88,12,175,88,0,88,263
08/18/2021,CHO,VA,AEA,EN,Federal Contract Tower,19,50,64,12,145,0,11,47,0,58,19,61,111,12,203,60,0,60,263
08/19/2021,CHO,VA,AEA,EN,Federal Contract Tower,15,41,61,10,127,0,14,72,9,95,15,55,133,19,222,82,72,154,376
08/20/2021,CHO,VA,AEA,EN,Federal Contract Tower,16,54,69,8,147,0,10,41,0,51,16,64,110,8,198,86,20,106,304
08/21/2021,CHO,VA,AEA,EN,Federal Contract Tower,13,48,41,0,102,0,14,85,0,99,13,62,126,0,201,216,0,216,417
08/22/2021,CHO,VA,AEA,EN,Federal Contract Tower,14,46,33,0,93,0,7,74,0,81,14,53,107,0,174,166,0,166,340
08/23/2021,CHO,VA,AEA,EN,Federal Contract Tower,12,55,65,22,154,0,26,60,8,94,12,81,125,30,248,148,82,230,478
08/24/2021,CHO,VA,AEA,EN,Federal Contract Tower,14,45,44,10,113,0,17,66,6,89,14,62,110,16,202,102,56,158,360
08/25/2021,CHO,VA,AEA,EN,Federal Contract Tower,16,32,51,10,109,0,24,60,10,94,16,56,111,20,203,104,74,178,381
08/26/2021,CHO,VA,AEA,EN,Federal Contract Tower,10,43,59,10,122,0,28,68,8,104,10,71,127,18,226,94,56,150,376
08/27/2021,CHO,VA,AEA,EN,Federal Contract Tower,15,41,57,4,117,0,14,62,23,99,15,55,119,27,216,98,80,178,394
08/28/2021,CHO,VA,AEA,EN,Federal Contract Tower,7,29,27,0,63,0,6,46,0,52,7,35,73,0,115,102,0,102,217
08/29/2021,CHO,VA,AEA,EN,Federal Contract Tower,14,45,77,0,136,2,17,14,0,33,16,62,91,0,169,42,0,42,211
08/30/2021,CHO,VA,AEA,EN,Federal Contract Tower,15,53,55,8,131,0,15,47,10,72,15,68,102,18,203,60,58,118,321
08/31/2021,CHO,VA,AEA,EN,Federal Contract Tower,13,47,64,14,138,0,14,47,8,69,13,61,111,22,207,70,72,142,349
09/01/2021,CHO,VA,AEA,EN,Federal Contract Tower,13,39,58,0,110,0,0,2,0,2,13,39,60,0,112,12,0,12,124
09/02/2021,CHO,VA,AEA,EN,Federal Contract Tower,14,50,81,8,153,0,14,75,12,101,14,64,156,20,254,122,66,188,442
09/03/2021,CHO,VA,AEA,EN,Federal Contract Tower,19,55,84,13,171,0,26,97,10,133,19,81,181,23,304,174,46,220,524
09/04/2021,CHO,VA,AEA,EN,Federal Contract Tower,11,58,44,0,113,0,10,80,0,90,11,68,124,0,203,134,0,134,337
09/05/2021,CHO,VA,AEA,EN,Federal Contract Tower,14,90,69,0,173,0,9,103,0,112,14,99,172,0,285,132,0,132,417
09/06/2021,CHO,VA,AEA,EN,Federal Contract Tower,12,64,52,0,128,0,9,81,0,90,12,73,133,0,218,200,0,200,418
09/07/2021,CHO,VA,AEA,EN,Federal Contract Tower,15,45,55,10,125,0,14,70,10,94,15,59,125,20,219,182,62,244,463
09/08/2021,CHO,VA,AEA,EN,Federal Contract Tower,21,73,58,13,165,0,7,80,0,87,21,80,138,13,252,178,72,250,502
09/09/2021,CHO,VA,AEA,EN,Federal Contract Tower,17,37,38,7,99,0,9,57,0,66,17,46,95,7,165,112,36,148,313
09/10/2021,CHO,VA,AEA,EN,Federal Contract Tower,17,54,65,12,148,0,26,81,8,115,17,80,146,20,263,128,62,190,453
09/11/2021,CHO,VA,AEA,EN,Federal Contract Tower,11,61,45,6,123,0,14,83,0,97,11,75,128,6,220,165,4,169,389
09/12/2021,CHO,VA,AEA,EN,Federal Contract Tower,15,77,53,0,145,0,7,98,2,107,15,84,151,2,252,162,0,162,414
09/13/2021,CHO,VA,AEA,EN,Federal Contract Tower,12,62,64,8,146,0,23,90,0,113,12,85,154,8,259,202,0,202,461
09/14/2021,CHO,VA,AEA,EN,Federal Contract Tower,18,59,73,18,168,0,28,77,18,123,18,87,150,36,291,110,106,216,507
09/15/2021,CHO,VA,AEA,EN,Federal Contract Tower,18,72,50,14,154,0,26,81,8,115,18,98,131,22,269,114,82,196,465
09/16/2021,CHO,VA,AEA,EN,Federal Contract Tower,20,59,81,12,172,0,17,65,9,91,20,76,146,21,263,130,86,216,479
09/17/2021,CHO,VA,AEA,EN,Federal Contract Tower,18,47,57,10,132,0,28,67,10,105,18,75,124,20,237,120,48,168,405
09/18/2021,CHO,VA,AEA,EN,Federal Contract Tower,18,69,39,0,126,0,9,71,0,80,18,78,110,0,206,160,0,160,366
09/19/2021,CHO,VA,AEA,EN,Federal Contract Tower,16,78,63,0,157,0,18,95,0,113,16,96,158,0,270,228,0,228,498
09/20/2021,CHO,VA,AEA,EN,Federal Contract Tower,12,65,67,12,156,0,24,79,11,114,12,89,146,23,270,76,66,142,412
09/21/2021,CHO,VA,AEA,EN,Federal Contract Tower,13,53,59,10,135,0,12,72,10,94,13,65,131,20,229,104,42,146,375
09/22/2021,CHO,VA,AEA,EN,Federal Contract Tower,20,50,52,0,122,0,8,38,0,46,20,58,90,0,168,62,0,62,230
09/23/2021,CHO,VA,AEA,EN,Federal Contract Tower,19,53,55,12,139,0,17,71,12,100,19,70,126,24,239,118,76,194,433
09/24/2021,CHO,VA,AEA,EN,Federal Contract Tower,16,58,78,12,164,0,25,69,10,104,16,83,147,22,268,192,58,250,518
09/25/2021,CHO,VA,AEA,EN,Federal Contract Tower,17,52,33,0,102,0,0,63,0,63,17,52,96,0,165,104,0,104,269
09/26/2021,CHO,VA,AEA,EN,Federal Contract Tower,23,95,76,0,194,0,29,73,0,102,23,124,149,0,296,182,0,182,478
09/27/2021,CHO,VA,AEA,EN,Federal Contract Tower,14,53,53,10,130,0,17,87,14,118,14,70,140,24,248,86,60,146,394
09/28/2021,CHO,VA,AEA,EN,Federal Contract Tower,16,48,55,10,129,0,21,70,14,105,16,69,125,24,234,120,86,206,440
09/29/2021,CHO,VA,AEA,EN,Federal Contract Tower,20,50,34,12,116,0,14,75,12,101,20,64,109,24,217,90,102,192,409
09/30/2021,CHO,VA,AEA,EN,Federal Contract Tower,16,45,51,6,118,0,12,75,5,92,16,57,126,11,210,112,56,168,378
10/01/2021,CHO,VA,AEA,EN,Federal Contract Tower,20,54,65,8,147,0,18,88,10,116,20,72,153,18,263,102,42,144,407
10/02/2021,CHO,VA,AEA,EN,Federal Contract Tower,12,56,39,0,107,0,10,96,0,106,12,66,135,0,213,150,0,150,363
10/03/2021,CHO,VA,AEA,EN,Federal Contract Tower,15,56,39,0,110,0,7,69,0,76,15,63,108,0,186,144,0,144,330
10/04/2021,CHO,VA,AEA,EN,Federal Contract Tower,14,58,45,6,123,0,12,69,0,81,14,70,114,6,204,104,36,140,344
10/05/2021,CHO,VA,AEA,EN,Federal Contract Tower,18,59,65,11,153,0,16,72,6,94,18,75,137,17,247,108,36,144,391
10/06/2021,CHO,VA,AEA,EN,Federal Contract Tower,20,48,61,8,137,0,0,0,0,0,20,48,61,8,137,0,0,0,137
10/07/2021,CHO,VA,AEA,EN,Federal Contract Tower,21,65,50,8,144,0,0,15,0,15,21,65,65,8,159,62,0,62,221
10/08/2021,CHO,VA,AEA,EN,Federal Contract Tower,19,88,93,12,212,0,26,61,6,93,19,114,154,18,305,86,68,154,459
10/09/2021,CHO,VA,AEA,EN,Federal Contract Tower,14,60,40,0,114,0,8,34,0,42,14,68,74,0,156,70,0,70,226
10/10/2021,CHO,VA,AEA,EN,Federal Contract Tower,18,60,39,0,117,0,0,0,0,0,18,60,39,0,117,0,0,0,117
10/11/2021,CHO,VA,AEA,EN,Federal Contract Tower,16,71,75,0,162,0,6,58,0,64,16,77,133,0,226,92,0,92,318
10/12/2021,CHO,VA,AEA,EN,Federal Contract Tower,20,61,66,12,159,0,17,62,6,85,20,78,128,18,244,100,52,152,396
10/13/2021,CHO,VA,AEA,EN,Federal Contract Tower,22,45,33,6,106,0,11,41,0,52,22,56,74,6,158,96,38,134,292
10/14/2021,CHO,VA,AEA,EN,Federal Contract Tower,19,47,47,3,116,0,9,62,5,76,19,56,109,8,192,106,26,132,324
10/15/2021,CHO,VA,AEA,EN,Federal Contract Tower,20,45,76,10,151,0,35,71,10,116,20,80,147,20,267,123,52,175,442
10/16/2021,CHO,VA,AEA,EN,Federal Contract Tower,13,74,56,0,143,0,7,39,0,46,13,81,95,0,189,64,0,64,253
10/17/2021,CHO,VA,AEA,EN,Federal Contract Tower,18,73,77,0,168,0,7,72,0,79,18,80,149,0,247,110,0,110,357
10/18/2021,CHO,VA,AEA,EN,Federal Contract Tower,15,75,65,4,159,0,24,66,0,90,15,99,131,4,249,140,106,246,495
10/19/2021,CHO,VA,AEA,EN,Federal Contract Tower,16,56,69,12,153,0,16,80,10,106,16,72,149,22,259,78,112,190,449
10/20/2021,CHO,VA,AEA,EN,Federal Contract Tower,22,40,56,10,128,0,8,60,0,68,22,48,116,10,196,102,60,162,358
10/21/2021,CHO,VA,AEA,EN,Federal Contract Tower,19,46,66,10,141,0,17,87,8,112,19,63,153,18,253,128,35,163,416
10/22/2021,CHO,VA,AEA,EN,Federal Contract Tower,18,70,71,10,169,0,35,77,14,126,18,105,148,24,295,84,52,136,431
10/23/2021,CHO,VA,AEA,EN,Federal Contract Tower,14,63,46,0,123,0,8,79,0,87,14,71,125,0,210,172,0,172,382
10/24/2021,CHO,VA,AEA,EN,Federal Contract Tower,25,91,70,0,186,0,8,79,0,87,25,99,149,0,273,78,0,78,351
10/25/2021,CHO,VA,AEA,EN,Federal Contract Tower,15,48,35,10,108,0,16,47,12,75,15,64,82,22,183,56,50,106,289
10/26/2021,CHO,VA,AEA,EN,Federal Contract Tower,19,54,60,14,147,0,25,72,10,107,19,79,132,24,254,68,58,126,380
10/27/2021,CHO,VA,AEA,EN,Federal Contract Tower,20,53,28,12,113,0,7,79,0,86,20,60,107,12,199,142,8,150,349
10/28/2021,CHO,VA,AEA,EN,Federal Contract Tower,21,45,47,6,119,0,21,59,6,86,21,66,106,12,205,50,50,100,305
10/29/2021,CHO,VA,AEA,EN,Federal Contract Tower,18,51,73,10,152,0,3,4,0,7,18,54,77,10,159,12,0,12,171
10/30/2021,CHO,VA,AEA,EN,Federal Contract Tower,16,50,40,0,106,0,5,0,0,5,16,55,40,0,111,0,0,0,111
10/31/2021,CHO,VA,AEA,EN,Federal Contract Tower,15,65,37,0,117,0,6,76,0,82,15,71,113,0,199,128,0,128,327
11/01/2021,CHO,VA,AEA,EN,Federal Contract Tower,15,60,51,0,126,0,8,73,0,81,15,68,124,0,207,117,0,117,324
11/02/2021,CHO,VA,AEA,EN,Federal Contract Tower,14,52,36,8,110,0,17,40,10,67,14,69,76,18,177,40,36,76,253
11/03/2021,CHO,VA,AEA,EN,Federal Contract Tower,19,55,33,3,110,0,7,55,2,64,19,62,88,5,174,144,28,172,346
11/04/2021,CHO,VA,AEA,EN,Federal Contract Tower,22,45,33,6,106,0,7,39,3,49,22,52,72,9,155,82,50,132,287
11/05/2021,CHO,VA,AEA,EN,Federal Contract Tower,17,50,43,13,123,0,19,56,8,83,17,69,99,21,206,98,66,164,370
11/06/2021,CHO,VA,AEA,EN,Federal Contract Tower,11,56,86,2,155,0,12,93,24,129,11,68,179,26,284,214,0,214,498
11/07/2021,CHO,VA,AEA,EN,Federal Contract Tower,16,65,49,0,130,0,6,71,0,77,16,71,120,0,207,126,0,126,333
11/08/2021,CHO,VA,AEA,EN,Federal Contract Tower,17,49,55,10,131,0,23,70,9,102,17,72,125,19,233,110,94,204,437
11/09/2021,CHO,VA,AEA,EN,Federal Contract Tower,18,61,54,8,141,0,20,68,12,100,18,81,122,20,241,120,44,164,405
11/10/2021,CHO,VA,AEA,EN,Federal Contract Tower,26,46,43,9,124,0,11,73,6,90,26,57,116,15,214,144,38,182,396
11/11/2021,CHO,VA,AEA,EN,Federal Contract Tower,19,56,33,3,111,0,7,55,2,64,19,63,88,5,175,98,66,164,339
11/12/2021,CHO,VA,AEA,EN,Federal Contract Tower,16,58,74,6,154,0,25,76,16,117,16,83,150,22,271,118,42,160,431
11/13/2021,CHO,VA,AEA,EN,Federal Contract Tower,25,63,52,2,142,0,6,56,0,62,25,69,108,2,204,94,0,94,298
11/14/2021,CHO,VA,AEA,EN,Federal Contract Tower,20,81,106,0,207,0,9,55,0,64,20,90,161,0,271,136,0,136,407
11/15/2021,CHO,VA,AEA,EN,Federal Contract Tower,15,68,31,4,118,0,8,62,0,70,15,76,93,4,188,102,18,120,308
11/16/2021,CHO,VA,AEA,EN,Federal Contract Tower,16,57,49,8,130,0,21,67,10,98,16,78,116,18,228,78,44,122,350
11/17/2021,CHO,VA,AEA,EN,Federal Contract Tower,15,45,73,12,145,0,27,94,10,131,15,72,167,22,276,88,54,142,418
11/18/2021,CHO,VA,AEA,EN,Federal Contract Tower,20,50,57,8,135,0,14,54,8,76,20,64,111,16,211,70,40,110,321
11/19/2021,CHO,VA,AEA,EN,Federal Contract Tower,21,58,91,12,182,0,18,68,10,96,21,76,159,22,278,148,44,192,470
11/20/2021,CHO,VA,AEA,EN,Federal Contract Tower,17,69,57,0,143,0,9,71,0,80,17,78,128,0,223,180,0,180,403
11/21/2021,CHO,VA,AEA,EN,Federal Contract Tower,17,78,40,0,135,0,6,77,0,83,17,84,117,0,218,156,0,156,374
11/22/2021,CHO,VA,AEA,EN,Federal Contract Tower,20,58,48,22,148,0,15,62,8,85,20,73,110,30,233,66,84,150,383
11/23/2021,CHO,VA,AEA,EN,Federal Contract Tower,16,68,60,10,154,0,22,73,20,115,16,90,133,30,269,114,56,170,439
11/24/2021,CHO,VA,AEA,EN,Federal Contract Tower,22,47,56,10,135,0,22,83,10,115,22,69,139,20,250,70,62,132,382
11/25/2021,CHO,VA,AEA,EN,Federal Contract Tower,13,49,31,0,93,0,9,31,0,40,13,58,62,0,133,4,0,4,137
11/26/2021,CHO,VA,AEA,EN,Federal Contract Tower,13,33,35,0,81,0,10,45,0,55,13,43,80,0,136,44,0,44,180
11/27/2021,CHO,VA,AEA,EN,Federal Contract Tower,11,79,63,0,153,0,10,89,0,99,11,89,152,0,252,168,0,168,420
11/28/2021,CHO,VA,AEA,EN,Federal Contract Tower,15,75,60,0,150,0,14,76,0,90,15,89,136,0,240,136,0,136,376
11/29/2021,CHO,VA,AEA,EN,Federal Contract Tower,13,67,44,2,126,0,13,47,0,60,13,80,91,2,186,182,24,206,392
11/30/2021,CHO,VA,AEA,EN,Federal Contract Tower,18,56,59,14,147,0,23,64,10,97,18,79,123,24,244,92,68,160,404
12/01/2021,CHO,VA,AEA,EN,Federal Contract Tower,19,51,31,6,107,0,4,57,0,61,19,55,88,6,168,112,78,190,358
12/02/2021,CHO,VA,AEA,EN,Federal Contract Tower,17,43,60,10,130,0,27,60,10,97,17,70,120,20,227,88,50,138,365
12/03/2021,CHO,VA,AEA,EN,Federal Contract Tower,18,42,60,14,134,0,31,63,11,105,18,73,123,25,239,138,48,186,425
12/04/2021,CHO,VA,AEA,EN,Federal Contract Tower,11,57,45,0,113,0,10,90,0,100,11,67,135,0,213,180,0,180,393
12/05/2021,CHO,VA,AEA,EN,Federal Contract Tower,15,64,46,0,125,0,20,91,0,111,15,84,137,0,236,164,0,164,400
12/06/2021,CHO,VA,AEA,EN,Federal Contract Tower,11,59,36,8,114,0,6,54,2,62,11,65,90,10,176,90,66,156,332
12/07/2021,CHO,VA,AEA,EN,Federal Contract Tower,13,43,61,12,129,0,34,74,8,116,13,77,135,20,245,60,58,118,363
12/08/2021,CHO,VA,AEA,EN,Federal Contract Tower,23,51,32,11,117,0,27,60,10,97,23,78,92,21,214,84,58,142,356
12/09/2021,CHO,VA,AEA,EN,Federal Contract Tower,24,34,29,15,102,0,23,57,10,90,24,57,86,25,192,40,16,56,248
12/10/2021,CHO,VA,AEA,EN,Federal Contract Tower,15,42,62,12,131,0,30,55,8,93,15,72,117,20,224,74,48,122,346
12/11/2021,CHO,VA,AEA,EN,Federal Contract Tower,12,59,34,0,105,0,0,0,0,0,12,59,34,0,105,0,0,0,105
12/12/2021,CHO,VA,AEA,EN,Federal Contract Tower,17,72,54,0,143,0,14,77,0,91,17,86,131,0,234,174,0,174,408
12/13/2021,CHO,VA,AEA,EN,Federal Contract Tower,16,55,51,12,134,0,25,73,12,110,16,80,124,24,244,190,48,238,482
12/14/2021,CHO,VA,AEA,EN,Federal Contract Tower,17,51,53,10,131,0,17,72,8,97,17,68,125,18,228,78,42,120,348
12/15/2021,CHO,VA,AEA,EN,Federal Contract Tower,23,28,46,12,109,0,19,48,10,77,23,47,94,22,186,68,50,118,304
12/16/2021,CHO,VA,AEA,EN,Federal Contract Tower,23,36,49,12,120,0,17,79,8,104,23,53,128,20,224,118,66,184,408
12/17/2021,CHO,VA,AEA,EN,Federal Contract Tower,21,51,60,10,142,0,21,49,10,80,21,72,109,20,222,72,36,108,330
12/18/2021,CHO,VA,AEA,EN,Federal Contract Tower,20,68,43,0,131,0,0,45,0,45,20,68,88,0,176,88,0,88,264
12/19/2021,CHO,VA,AEA,EN,Federal Contract Tower,15,56,34,0,105,0,6,50,0,56,15,62,84,0,161,92,0,92,253
12/20/2021,CHO,VA,AEA,EN,Federal Contract Tower,16,51,50,9,126,0,25,67,10,102,16,76,117,19,228,96,46,142,370
12/21/2021,CHO,VA,AEA,EN,Federal Contract Tower,16,47,54,10,127,0,26,62,12,100,16,73,116,22,227,100,42,142,369
12/22/2021,CHO,VA,AEA,EN,Federal Contract Tower,19,65,49,4,137,0,8,58,0,66,19,73,107,4,203,114,40,154,357
12/23/2021,CHO,VA,AEA,EN,Federal Contract Tower,21,39,67,10,137,0,34,72,6,112,21,73,139,16,249,90,54,144,393
12/24/2021,CHO,VA,AEA,EN,Federal Contract Tower,15,35,48,0,98,0,17,60,0,77,15,52,108,0,175,68,0,68,243
12/25/2021,CHO,VA,AEA,EN,Federal Contract Tower,19,57,17,0,93,0,10,32,0,42,19,67,49,0,135,40,0,40,175
12/26/2021,CHO,VA,AEA,EN,Federal Contract Tower,14,55,44,0,113,0,9,61,0,70,14,64,105,0,183,160,0,160,343
12/27/2021,CHO,VA,AEA,EN,Federal Contract Tower,16,45,44,4,109,0,22,72,24,118,16,67,116,28,227,72,0,72,299
12/28/2021,CHO,VA,AEA,EN,Federal Contract Tower,13,48,55,8,124,0,32,58,0,90,13,80,113,8,214,100,50,150,364
12/29/2021,CHO,VA,AEA,EN,Federal Contract Tower,21,33,50,14,118,0,30,53,8,91,21,63,103,22,209,74,54,128,337
12/30/2021,CHO,VA,AEA,EN,Federal Contract Tower,20,39,53,14,126,0,0,0,0,0,20,39,53,14,126,0,0,0,126
12/31/2021,CHO,VA,AEA,EN,Federal Contract Tower,16,45,56,0,117,0,3,18,0,21,16,48,74,0,138,36,0,36,174
01/01/2022,CHO,VA,AEA,EN,Federal Contract Tower,14,25,14,0,53,0,0,12,0,12,14,25,26,0,65,46,0,46,111
01/02/2022,CHO,VA,AEA,EN,Federal Contract Tower,17,47,39,0,103,0,4,46,0,50,17,51,85,0,153,92,0,92,245
01/03/2022,CHO,VA,AEA,EN,Federal Contract Tower,17,48,21,0,86,0,0,0,0,0,17,48,21,0,86,0,0,0,86
01/04/2022,CHO,VA,AEA,EN,Federal Contract Tower,14,53,59,10,136,0,27,64,8,99,14,80,123,18,235,62,52,114,349
01/05/2022,CHO,VA,AEA,EN,Federal Contract Tower,26,37,47,12,122,0,25,55,8,88,26,62,102,20,210,60,56,116,326
01/06/2022,CHO,VA,AEA,EN,Federal Contract Tower,14,44,57,14,129,0,19,65,8,92,14,63,122,22,221,62,80,142,363
01/07/2022,CHO,VA,AEA,EN,Federal Contract Tower,14,46,62,20,142,0,26,51,14,91,14,72,113,34,233,42,60,102,335
01/08/2022,CHO,VA,AEA,EN,Federal Contract Tower,16,55,23,0,94,0,6,51,0,57,16,61,74,0,151,128,0,128,279
01/09/2022,CHO,VA,AEA,EN,Federal Contract Tower,16,45,25,0,86,0,5,27,0,32,16,50,52,0,118,104,0,104,222
01/10/2022,CHO,VA,AEA,EN,Federal Contract Tower,11,61,34,2,108,0,6,59,0,65,11,67,93,2,173,82,12,94,267
01/11/2022,CHO,VA,AEA,EN,Federal Contract Tower,15,52,48,10,125,0,22,62,10,94,15,74,110,20,219,56,30,86,305
01/12/2022,CHO,VA,AEA,EN,Federal Contract Tower,23,29,47,8,107,0,14,47,10,71,23,43,94,18,178,64,38,102,280
01/13/2022,CHO,VA,AEA,EN,Federal Contract Tower,18,38,42,6,104,0,20,53,0,73,18,58,95,6,177,114,42,156,333
01/14/2022,CHO,VA,AEA,EN,Federal Contract Tower,14,42,67,14,137,0,25,62,8,95,14,67,129,22,232,82,52,134,366
01/15/2022,CHO,VA,AEA,EN,Federal Contract Tower,10,56,29,0,95,0,7,63,0,70,10,63,92,0,165,116,0,116,281
01/16/2022,CHO,VA,AEA,EN,Federal Contract Tower,5,17,6,0,28,0,0,0,0,0,5,17,6,0,28,0,0,0,28
01/17/2022,CHO,VA,AEA,EN,Federal Contract Tower,9,34,15,4,62,0,0,0,0,0,9,34,15,4,62,0,0,0,62
01/18/2022,CHO,VA,AEA,EN,Federal Contract Tower,13,50,45,8,116,0,19,64,12,95,13,69,109,20,211,60,36,96,307
01/19/2022,CHO,VA,AEA,EN,Federal Contract Tower,22,35,56,8,121,0,14,48,9,71,22,49,104,17,192,52,28,80,272
01/20/2022,CHO,VA,AEA,EN,Federal Contract Tower,18,47,39,0,104,0,0,0,0,0,18,47,39,0,104,0,0,0,104
01/21/2022,CHO,VA,AEA,EN,Federal Contract Tower,14,48,61,14,137,0,11,77,0,88,14,59,138,14,225,86,46,132,357
01/22/2022,CHO,VA,AEA,EN,Federal Contract Tower,10,37,24,0,71,0,4,61,0,65,10,41,85,0,136,116,0,116,252
01/23/2022,CHO,VA,AEA,EN,Federal Contract Tower,14,56,41,0,111,0,11,77,0,88,14,67,118,0,199,146,0,146,345
01/24/2022,CHO,VA,AEA,EN,Federal Contract Tower,14,60,53,0,127,0,19,99,2,120,14,79,152,2,247,224,0,224,471
01/25/2022,CHO,VA,AEA,EN,Federal Contract Tower,14,48,57,10,129,0,21,76,11,108,14,69,133,21,237,120,48,168,405
01/26/2022,CHO,VA,AEA,EN,Federal Contract Tower,14,53,59,10,136,0,14,48,9,71,14,67,107,19,207,64,40,104,311
01/27/2022,CHO,VA,AEA,EN,Federal Contract Tower,13,43,63,10,129,0,28,73,8,109,13,71,136,18,238,50,52,102,340
01/28/2022,CHO,VA,AEA,EN,Federal Contract Tower,11,36,46,10,103,0,14,30,0,44,11,50,76,10,147,38,34,72,219
01/29/2022,CHO,VA,AEA,EN,Federal Contract Tower,11,32,39,0,82,0,21,25,0,46,11,53,64,0,128,8,0,8,136
01/30/2022,CHO,VA,AEA,EN,Federal Contract Tower,14,55,34,0,103,0,5,49,0,54,14,60,83,0,157,132,0,132,289
01/31/2022,CHO,VA,AEA,EN,Federal Contract Tower,15,56,38,2,111,0,16,66,0,82,15,72,104,2,193,178,44,222,415
02/01/2022,CHO,VA,AEA,EN,Federal Contract Tower,14,47,48,12,121,0,21,66,10,97,14,68,114,22,218,86,54,140,358
02/02/2022,CHO,VA,AEA,EN,Federal Contract Tower,9,30,49,10,98,0,23,49,10,82,9,53,98,20,180,60,48,108,288
02/03/2022,CHO,VA,AEA,EN,Federal Contract Tower,11,30,0,0,41,0,0,0,0,0,11,30,0,0,41,0,0,0,41
02/04/2022,CHO,VA,AEA,EN,Federal Contract Tower,12,36,45,0,93,0,0,0,0,0,12,36,45,0,93,0,0,0,93
02/05/2022,CHO,VA,AEA,EN,Federal Contract Tower,12,48,46,0,106,0,18,82,0,100,12,66,128,0,206,106,0,106,312
02/06/2022,CHO,VA,AEA,EN,Federal Contract Tower,13,59,37,2,111,0,9,85,0,94,13,68,122,2,205,182,0,182,387
02/07/2022,CHO,VA,AEA,EN,Federal Contract Tower,16,46,51,12,125,0,16,52,12,80,16,62,103,24,205,54,70,124,329
02/08/2022,CHO,VA,AEA,EN,Federal Contract Tower,17,44,47,26,134,0,16,83,10,109,17,60,130,36,243,78,98,176,419
02/09/2022,CHO,VA,AEA,EN,Federal Contract Tower,12,36,37,16,101,0,23,51,0,74,12,59,88,16,175,80,70,150,325
02/10/2022,CHO,VA,AEA,EN,Federal Contract Tower,16,52,52,12,132,0,18,66,10,94,16,70,118,22,226,66,56,122,348
02/11/2022,CHO,VA,AEA,EN,Federal Contract Tower,15,45,64,12,136,0,22,83,10,115,15,67,147,22,251,66,64,130,381
02/12/2022,CHO,VA,AEA,EN,Federal Contract Tower,13,53,33,0,99,0,9,56,0,65,13,62,89,0,164,40,0,40,204
02/13/2022,CHO,VA,AEA,EN,Federal Contract Tower,15,36,40,0,91,0,10,32,0,42,15,46,72,0,133,0,0,0,133
02/14/2022,CHO,VA,AEA,EN,Federal Contract Tower,15,48,46,14,123,0,16,58,10,84,15,64,104,24,207,68,72,140,347
02/15/2022,CHO,VA,AEA,EN,Federal Contract Tower,15,49,71,14,149,0,57,89,8,154,15,106,160,22,303,158,64,222,525
02/16/2022,CHO,VA,AEA,EN,Federal Contract Tower,13,37,52,16,118,0,21,63,8,92,13,58,115,24,210,78,52,130,340
02/17/2022,CHO,VA,AEA,EN,Federal Contract Tower,12,39,47,13,111,0,22,68,10,100,12,61,115,23,211,66,48,114,325
02/18/2022,CHO,VA,AEA,EN,Federal Contract Tower,11,46,40,0,97,0,14,48,0,62,11,60,88,0,159,120,0,120,279
02/19/2022,CHO,VA,AEA,EN,Federal Contract Tower,19,66,47,2,134,0,11,56,0,67,19,77,103,2,201,0,0,0,201
02/20/2022,CHO,VA,AEA,EN,Federal Contract Tower,16,48,54,0,118,0,23,74,0,97,16,71,128,0,215,120,0,120,335
02/21/2022,CHO,VA,AEA,EN,Federal Contract Tower,17,40,76,0,133,0,32,81,0,113,17,72,157,0,246,192,0,192,438
02/22/2022,CHO,VA,AEA,EN,Federal Contract Tower,17,49,54,8,128,0,18,31,6,55,17,67,85,14,183,60,28,88,271
02/23/2022,CHO,VA,AEA,EN,Federal Contract Tower,17,52,73,0,142,0,20,48,0,68,17,72,121,0,210,128,0,128,338
02/24/2022,CHO,VA,AEA,EN,Federal Contract Tower,13,40,57,10,120,0,21,55,10,86,13,61,112,20,206,60,58,118,324
02/25/2022,CHO,VA,AEA,EN,Federal Contract Tower,15,43,44,0,102,0,11,27,0,38,15,54,71,0,140,64,0,64,204
02/26/2022,CHO,VA,AEA,EN,Federal Contract Tower,21,74,50,0,145,0,11,66,0,77,21,85,116,0,222,144,0,144,366
02/27/2022,CHO,VA,AEA,EN,Federal Contract Tower,11,44,45,0,100,0,23,95,0,118,11,67,140,0,218,232,0,232,450
02/28/2022,CHO,VA,AEA,EN,Federal Contract Tower,10,39,61,8,118,0,20,61,8,89,10,59,122,16,207,144,58,202,409
03/01/2022,CHO,VA,AEA,EN,Federal Contract Tower,13,42,49,12,116,0,29,61,8,98,13,71,110,20,214,112,56,168,382
03/02/2022,CHO,VA,AEA,EN,Federal Contract Tower,16,51,51,10,128,0,29,86,10,125,16,80,137,20,253,146,80,226,479
03/03/2022,CHO,VA,AEA,EN,Federal Contract Tower,8,43,44,16,111,0,21,56,13,90,8,64,100,29,201,104,68,172,373
03/04/2022,CHO,VA,AEA,EN,Federal Contract Tower,13,48,54,12,127,0,19,60,10,89,13,67,114,22,216,100,58,158,374
03/05/2022,CHO,VA,AEA,EN,Federal Contract Tower,14,67,42,0,123,0,10,80,0,90,14,77,122,0,213,152,0,152,365
03/06/2022,CHO,VA,AEA,EN,Federal Contract Tower,14,46,56,0,116,0,16,60,0,76,14,62,116,0,192,96,0,96,288
03/07/2022,CHO,VA,AEA,EN,Federal Contract Tower,15,40,41,10,106,0,15,45,10,70,15,55,86,20,176,70,46,116,292
03/08/2022,CHO,VA,AEA,EN,Federal Contract Tower,16,49,50,19,134,0,31,66,0,97,16,80,116,19,231,63,50,113,344
03/09/2022,CHO,VA,AEA,EN,Federal Contract Tower,13,43,51,0,107,0,17,29,0,46,13,60,80,0,153,38,0,38,191
03/10/2022,CHO,VA,AEA,EN,Federal Contract Tower,16,44,58,11,129,0,32,62,8,102,16,76,120,19,231,98,52,150,381
03/11/2022,CHO,VA,AEA,EN,Federal Contract Tower,16,44,48,12,120,0,22,56,6,84,16,66,104,18,204,60,46,106,310
03/12/2022,CHO,VA,AEA,EN,Federal Contract Tower,11,42,35,0,88,0,0,0,0,0,11,42,35,0,88,0,0,0,88
03/13/2022,CHO,VA,AEA,EN,Federal Contract Tower,15,55,59,0,129,0,19,81,0,100,15,74,140,0,229,125,0,125,354
03/14/2022,CHO,VA,AEA,EN,Federal Contract Tower,13,43,51,10,117,0,37,60,8,105,13,80,111,18,222,103,48,151,373
03/15/2022,CHO,VA,AEA,EN,Federal Contract Tower,13,47,60,12,132,0,32,81,8,121,13,79,141,20,253,122,86,208,461
03/16/2022,CHO,VA,AEA,EN,Federal Contract Tower,17,44,63,12,136,0,33,76,8,117,17,77,139,20,253,118,48,166,419
03/17/2022,CHO,VA,AEA,EN,Federal Contract Tower,17,39,57,0,113,0,2,8,0,10,17,41,65,0,123,24,0,24,147
03/18/2022,CHO,VA,AEA,EN,Federal Contract Tower,12,43,50,12,117,0,14,55,8,77,12,57,105,20,194,100,92,192,386
03/19/2022,CHO,VA,AEA,EN,Federal Contract Tower,10,47,25,0,82,0,0,21,0,21,10,47,46,0,103,64,0,64,167
03/20/2022,CHO,VA,AEA,EN,Federal Contract Tower,15,43,55,0,113,0,23,65,0,88,15,66,120,0,201,86,0,86,287
03/21/2022,CHO,VA,AEA,EN,Federal Contract Tower,16,50,44,19,129,0,17,74,0,91,16,67,118,19,220,102,48,150,370
03/22/2022,CHO,VA,AEA,EN,Federal Contract Tower,14,52,61,15,142,0,38,76,8,122,14,90,137,23,264,128,64,192,456
03/23/2022,CHO,VA,AEA,EN,Federal Contract Tower,15,46,50,0,111,0,14,35,0,49,15,60,85,0,160,70,0,70,230
03/24/2022,CHO,VA,AEA,EN,Federal Contract Tower,13,45,55,8,121,0,0,0,0,0,13,45,55,8,121,0,0,0,121
03/25/2022,CHO,VA,AEA,EN,Federal Contract Tower,14,38,48,14,114,0,18,60,10,88,14,56,108,24,202,74,64,138,340
03/26/2022,CHO,VA,AEA,EN,Federal Contract Tower,15,51,48,0,114,0,14,64,0,78,15,65,112,0,192,36,0,36,228
03/27/2022,CHO,VA,AEA,EN,Federal Contract Tower,12,58,47,0,117,0,5,43,0,48,12,63,90,0,165,94,0,94,259
03/28/2022,CHO,VA,AEA,EN,Federal Contract Tower,14,42,53,2,111,0,20,46,0,66,14,62,99,2,177,66,20,86,263
03/29/2022,CHO,VA,AEA,EN,Federal Contract Tower,13,41,63,10,127,0,24,74,15,113,13,65,137,25,240,142,50,192,432
03/30/2022,CHO,VA,AEA,EN,Federal Contract Tower,14,36,48,12,110,0,30,73,10,113,14,66,121,22,223,76,66,142,365
03/31/2022,CHO,VA,AEA,EN,Federal Contract Tower,12,43,53,8,116,0,7,14,0,21,12,50,67,8,137,32,0,32,169
04/01/2022,CHO,VA,AEA,EN,Federal Contract Tower,14,50,49,16,129,0,20,54,10,84,14,70,103,26,213,82,58,140,353
04/02/2022,CHO,VA,AEA,EN,Federal Contract Tower,20,62,41,0,123,0,0,86,0,86,20,62,127,0,209,126,0,126,335
04/03/2022,CHO,VA,AEA,EN,Federal Contract Tower,18,82,56,0,156,0,23,97,0,120,18,105,153,0,276,98,0,98,374
04/04/2022,CHO,VA,AEA,EN,Federal Contract Tower,15,51,52,16,134,0,0,83,8,91,15,51,135,24,225,104,60,164,389
04/05/2022,CHO,VA,AEA,EN,Federal Contract Tower,15,56,31,2,104,0,4,35,0,39,15,60,66,2,143,80,34,114,257
04/06/2022,CHO,VA,AEA,EN,Federal Contract Tower,17,64,62,12,155,0,19,50,8,77,17,83,112,20,232,118,40,158,390
04/07/2022,CHO,VA,AEA,EN,Federal Contract Tower,21,42,50,0,113,0,3,19,0,22,21,45,69,0,135,70,0,70,205
04/08/2022,CHO,VA,AEA,EN,Federal Contract Tower,17,38,51,10,116,0,23,55,12,90,17,61,106,22,206,74,60,134,340
04/09/2022,CHO,VA,AEA,EN,Federal Contract Tower,18,75,61,2,156,0,10,73,0,83,18,85,134,2,239,134,0,134,373
04/10/2022,CHO,VA,AEA,EN,Federal Contract Tower,17,67,61,0,145,0,10,54,0,64,17,77,115,0,209,84,0,84,293
04/11/2022,CHO,VA,AEA,EN,Federal Contract Tower,19,70,45,0,134,0,20,55,10,85,19,90,100,10,219,126,0,126,345
04/12/2022,CHO,VA,AEA,EN,Federal Contract Tower,14,77,61,2,154,0,15,92,0,107,14,92,153,2,261,190,0,190,451
04/13/2022,CHO,VA,AEA,EN,Federal Contract Tower,14,40,53,8,115,0,16,67,8,91,14,56,120,16,206,64,60,124,330
04/14/2022,CHO,VA,AEA,EN,Federal Contract Tower,15,38,50,14,117,0,15,72,12,99,15,53,122,26,216,42,112,154,370
04/15/2022,CHO,VA,AEA,EN,Federal Contract Tower,15,52,52,12,131,0,26,65,10,101,15,78,117,22,232,104,56,160,392
04/16/2022,CHO,VA,AEA,EN,Federal Contract Tower,17,57,31,0,105,0,4,74,0,78,17,61,105,0,183,106,0,106,289
04/17/2022,CHO,VA,AEA,EN,Federal Contract Tower,16,65,33,0,114,0,10,78,0,88,16,75,111,0,202,164,0,164,366
04/18/2022,CHO,VA,AEA,EN,Federal Contract Tower,16,66,44,0,126,0,0,0,0,0,16,66,44,0,126,0,0,0,126
04/19/2022,CHO,VA,AEA,EN,Federal Contract Tower,16,65,47,2,130,0,11,51,0,62,16,76,98,2,192,86,28,114,306
04/20/2022,CHO,VA,AEA,EN,Federal Contract Tower,16,62,64,10,152,0,53,87,10,150,16,115,151,20,302,180,58,238,540
04/21/2022,CHO,VA,AEA,EN,Federal Contract Tower,13,50,66,12,141,0,30,62,8,100,13,80,128,20,241,96,66,162,403
04/22/2022,CHO,VA,AEA,EN,Federal Contract Tower,12,43,46,22,123,0,36,71,8,115,12,79,117,30,238,74,58,132,370
04/23/2022,CHO,VA,AEA,EN,Federal Contract Tower,16,59,35,0,110,0,23,60,0,83,16,82,95,0,193,92,0,92,285
04/24/2022,CHO,VA,AEA,EN,Federal Contract Tower,15,73,79,0,167,0,14,95,0,109,15,87,174,0,276,194,0,194,470
04/25/2022,CHO,VA,AEA,EN,Federal Contract Tower,18,63,46,4,131,0,10,43,0,53,18,73,89,4,184,96,0,96,280
04/26/2022,CHO,VA,AEA,EN,Federal Contract Tower,18,56,32,0,106,0,4,11,0,15,18,60,43,0,121,6,0,6,127
04/27/2022,CHO,VA,AEA,EN,Federal Contract Tower,17,53,58,11,139,0,25,76,10,111,17,78,134,21,250,118,94,212,462
04/28/2022,CHO,VA,AEA,EN,Federal Contract Tower,13,47,61,12,133,0,28,71,6,105,13,75,132,18,238,122,46,168,406
04/29/2022,CHO,VA,AEA,EN,Federal Contract Tower,13,42,45,10,110,0,22,76,8,106,13,64,121,18,216,94,48,142,358
04/30/2022,CHO,VA,AEA,EN,Federal Contract Tower,11,53,43,0,107,0,6,60,0,66,11,59,103,0,173,154,0,154,327
05/01/2022,CHO,VA,AEA,EN,Federal Contract Tower,13,62,47,0,122,0,9,46,0,55,13,71,93,0,177,136,0,136,313
05/02/2022,CHO,VA,AEA,EN,Federal Contract Tower,19,52,74,19,164,0,40,75,8,123,19,92,149,27,287,120,74,194,481
05/03/2022,CHO,VA,AEA,EN,Federal Contract Tower,14,53,55,10,132,0,31,67,10,108,14,84,122,20,240,92,62,154,394
05/04/2022,CHO,VA,AEA,EN,Federal Contract Tower,15,50,52,10,127,0,26,55,8,89,15,76,107,18,216,104,46,150,366
05/05/2022,CHO,VA,AEA,EN,Federal Contract Tower,15,47,57,14,133,0,23,71,8,102,15,70,128,22,235,126,62,188,423
05/06/2022,CHO,VA,AEA,EN,Federal Contract Tower,15,36,51,8,110,0,16,43,6,65,15,52,94,14,175,62,20,82,257
05/07/2022,CHO,VA,AEA,EN,Federal Contract Tower,20,56,53,0,129,0,19,57,0,76,20,75,110,0,205,100,0,100,305
05/08/2022,CHO,VA,AEA,EN,Federal Contract Tower,14,66,60,0,140,0,4,0,0,4,14,70,60,0,144,46,0,46,190
05/09/2022,CHO,VA,AEA,EN,Federal Contract Tower,14,63,54,6,137,0,16,75,24,115,14,79,129,30,252,150,30,180,432
05/10/2022,CHO,VA,AEA,EN,Federal Contract Tower,20,72,50,4,146,0,24,86,6,116,20,96,136,10,262,214,82,296,558
05/11/2022,CHO,VA,AEA,EN,Federal Contract Tower,19,58,56,12,145,0,37,71,14,122,19,95,127,26,267,150,74,224,491
05/12/2022,CHO,VA,AEA,EN,Federal Contract Tower,14,54,78,12,158,0,18,65,10,93,14,72,143,22,251,74,72,146,397
05/13/2022,CHO,VA,AEA,EN,Federal Contract Tower,11,52,72,0,135,0,0,0,0,0,11,52,72,0,135,0,0,0,135
05/14/2022,CHO,VA,AEA,EN,Federal Contract Tower,16,85,66,0,167,0,0,0,0,0,16,85,66,0,167,0,0,0,167
05/15/2022,CHO,VA,AEA,EN,Federal Contract Tower,15,66,41,0,122,0,10,60,0,70,15,76,101,0,192,124,0,124,316
05/16/2022,CHO,VA,AEA,EN,Federal Contract Tower,14,72,46,2,134,0,10,72,0,82,14,82,118,2,216,148,34,182,398
05/17/2022,CHO,VA,AEA,EN,Federal Contract Tower,18,74,54,4,150,1,16,98,2,117,19,90,152,6,267,222,24,246,513
05/18/2022,CHO,VA,AEA,EN,Federal Contract Tower,13,52,63,10,138,0,26,88,10,124,13,78,151,20,262,138,48,186,448
05/19/2022,CHO,VA,AEA,EN,Federal Contract Tower,11,56,72,10,149,0,23,69,10,102,11,79,141,20,251,122,56,178,429
05/20/2022,CHO,VA,AEA,EN,Federal Contract Tower,11,80,78,13,182,0,19,74,8,101,11,99,152,21,283,104,56,160,443
05/21/2022,CHO,VA,AEA,EN,Federal Contract Tower,28,108,66,0,202,0,22,111,0,133,28,130,177,0,335,190,0,190,525
05/22/2022,CHO,VA,AEA,EN,Federal Contract Tower,22,99,76,0,197,0,16,92,0,108,22,115,168,0,305,170,0,170,475
05/23/2022,CHO,VA,AEA,EN,Federal Contract Tower,14,54,63,12,143,0,26,61,12,99,14,80,124,24,242,72,74,146,388
05/24/2022,CHO,VA,AEA,EN,Federal Contract Tower,13,63,61,8,145,0,0,0,0,0,13,63,61,8,145,0,0,0,145
05/25/2022,CHO,VA,AEA,EN,Federal Contract Tower,34,55,80,12,181,0,11,57,10,78,34,66,137,22,259,70,62,132,391
05/26/2022,CHO,VA,AEA,EN,Federal Contract Tower,12,55,79,10,156,0,11,39,0,50,12,66,118,10,206,54,0,54,260
05/27/2022,CHO,VA,AEA,EN,Federal Contract Tower,10,57,73,0,140,0,0,0,0,0,10,57,73,0,140,0,0,0,140
05/28/2022,CHO,VA,AEA,EN,Federal Contract Tower,20,82,51,0,153,0,20,89,0,109,20,102,140,0,262,172,0,172,434
05/29/2022,CHO,VA,AEA,EN,Federal Contract Tower,15,65,55,0,135,0,23,96,0,119,15,88,151,0,254,186,0,186,440
05/30/2022,CHO,VA,AEA,EN,Federal Contract Tower,17,68,52,0,137,0,28,101,0,129,17,96,153,0,266,188,0,188,454
05/31/2022,CHO,VA,AEA,EN,Federal Contract Tower,19,76,58,0,153,0,18,86,0,104,19,94,144,0,257,214,0,214,471
06/01/2022,CHO,VA,AEA,EN,Federal Contract Tower,13,65,84,14,176,0,39,79,10,128,13,104,163,24,304,172,98,270,574
06/02/2022,CHO,VA,AEA,EN,Federal Contract Tower,14,43,55,10,122,0,26,62,12,100,14,69,117,22,222,64,72,136,358
06/03/2022,CHO,VA,AEA,EN,Federal Contract Tower,16,68,64,12,160,0,16,60,12,88,16,84,124,24,248,112,96,208,456
06/04/2022,CHO,VA,AEA,EN,Federal Contract Tower,11,64,37,0,112,0,8,73,0,81,11,72,110,0,193,174,0,174,367
06/05/2022,CHO,VA,AEA,EN,Federal Contract Tower,14,41,53,0,108,0,12,82,0,94,14,53,135,0,202,154,0,154,356
06/06/2022,CHO,VA,AEA,EN,Federal Contract Tower,13,43,49,2,107,0,27,62,0,89,13,70,111,2,196,176,46,222,418
06/07/2022,CHO,VA,AEA,EN,Federal Contract Tower,16,70,47,2,135,0,4,51,0,55,16,74,98,2,190,98,34,132,322
06/08/2022,CHO,VA,AEA,EN,Federal Contract Tower,17,66,58,0,141,0,17,53,0,70,17,83,111,0,211,154,0,154,365
06/09/2022,CHO,VA,AEA,EN,Federal Contract Tower,17,61,45,0,123,0,8,59,2,69,17,69,104,2,192,122,0,122,314
06/10/2022,CHO,VA,AEA,EN,Federal Contract Tower,16,53,43,0,112,0,3,69,4,76,16,56,112,4,188,174,22,196,384
06/11/2022,CHO,VA,AEA,EN,Federal Contract Tower,9,40,53,0,102,0,10,51,0,61,9,50,104,0,163,52,0,52,215
06/12/2022,CHO,VA,AEA,EN,Federal Contract Tower,16,66,67,0,149,0,4,31,0,35,16,70,98,0,184,88,0,88,272
06/13/2022,CHO,VA,AEA,EN,Federal Contract Tower,16,72,44,4,136,0,11,80,0,91,16,83,124,4,227,196,50,246,473
06/14/2022,CHO,VA,AEA,EN,Federal Contract Tower,13,56,58,10,137,0,22,69,12,103,13,78,127,22,240,106,66,172,412
06/15/2022,CHO,VA,AEA,EN,Federal Contract Tower,19,58,64,14,155,0,26,62,8,96,19,84,126,22,251,122,62,184,435
06/16/2022,CHO,VA,AEA,EN,Federal Contract Tower,12,50,50,12,124,0,21,59,0,80,12,71,109,12,204,64,62,126,330
06/17/2022,CHO,VA,AEA,EN,Federal Contract Tower,13,53,61,12,139,0,30,71,12,113,13,83,132,24,252,80,64,144,396
06/18/2022,CHO,VA,AEA,EN,Federal Contract Tower,15,62,43,0,120,0,7,73,0,80,15,69,116,0,200,146,0,146,346
06/19/2022,CHO,VA,AEA,EN,Federal Contract Tower,14,58,50,0,122,0,10,81,0,91,14,68,131,0,213,156,0,156,369
06/20/2022,CHO,VA,AEA,EN,Federal Contract Tower,15,56,67,12,150,0,41,75,10,126,15,97,142,22,276,164,58,222,498
06/21/2022,CHO,VA,AEA,EN,Federal Contract Tower,16,59,37,2,114,0,18,99,0,117,16,77,136,2,231,186,54,240,471
06/22/2022,CHO,VA,AEA,EN,Federal Contract Tower,14,44,64,10,132,0,22,65,8,95,14,66,129,18,227,64,60,124,351
06/23/2022,CHO,VA,AEA,EN,Federal Contract Tower,18,59,49,0,126,0,8,31,0,39,18,67,80,0,165,0,0,0,165
06/24/2022,CHO,VA,AEA,EN,Federal Contract Tower,8,49,76,10,143,0,26,70,10,106,8,75,146,20,249,90,54,144,393
06/25/2022,CHO,VA,AEA,EN,Federal Contract Tower,13,45,26,0,84,0,4,44,0,48,13,49,70,0,132,120,0,120,252
06/26/2022,CHO,VA,AEA,EN,Federal Contract Tower,11,54,55,0,120,0,8,63,0,71,11,62,118,0,191,118,0,118,309
06/27/2022,CHO,VA,AEA,EN,Federal Contract Tower,12,51,80,0,143,0,6,35,0,41,12,57,115,0,184,84,0,84,268
06/28/2022,CHO,VA,AEA,EN,Federal Contract Tower,17,67,47,4,135,0,12,82,4,98,17,79,129,8,233,178,46,224,457
06/29/2022,CHO,VA,AEA,EN,Federal Contract Tower,14,67,78,12,171,0,35,83,0,118,14,102,161,12,289,132,68,200,489
06/30/2022,CHO,VA,AEA,EN,Federal Contract Tower,12,59,71,10,152,0,14,66,9,89,12,73,137,19,241,108,88,196,437
07/01/2022,CHO,VA,AEA,EN,Federal Contract Tower,9,48,53,12,122,0,24,70,10,104,9,72,123,22,226,84,64,148,374
07/02/2022,CHO,VA,AEA,EN,Federal Contract Tower,15,61,44,0,120,0,13,65,0,78,15,74,109,0,198,118,0,118,316
07/03/2022,CHO,VA,AEA,EN,Federal Contract Tower,14,58,39,0,111,0,6,59,0,65,14,64,98,0,176,146,0,146,322
07/04/2022,CHO,VA,AEA,EN,Federal Contract Tower,11,48,40,0,99,0,6,63,0,69,11,54,103,0,168,120,0,120,288
07/05/2022,CHO,VA,AEA,EN,Federal Contract Tower,10,53,49,12,124,0,23,83,10,116,10,76,132,22,240,96,60,156,396
07/06/2022,CHO,VA,AEA,EN,Federal Contract Tower,10,48,52,10,120,0,11,72,0,83,10,59,124,10,203,88,60,148,351
07/07/2022,CHO,VA,AEA,EN,Federal Contract Tower,15,48,52,10,125,0,16,74,10,100,15,64,126,20,225,88,40,128,353
07/08/2022,CHO,VA,AEA,EN,Federal Contract Tower,8,44,51,6,109,0,19,70,0,89,8,63,121,6,198,136,10,146,344
07/09/2022,CHO,VA,AEA,EN,Federal Contract Tower,20,73,55,0,148,0,0,0,0,0,20,73,55,0,148,0,0,0,148
07/10/2022,CHO,VA,AEA,EN,Federal Contract Tower,14,48,45,0,107,0,8,45,0,53,14,56,90,0,160,134,0,134,294
07/11/2022,CHO,VA,AEA,EN,Federal Contract Tower,19,75,65,16,175,0,30,105,12,147,19,105,170,28,322,176,114,290,612
07/12/2022,CHO,VA,AEA,EN,Federal Contract Tower,19,78,67,6,170,0,12,78,4,94,19,90,145,10,264,156,64,220,484
07/13/2022,CHO,VA,AEA,EN,Federal Contract Tower,15,50,62,14,141,0,23,92,18,133,15,73,154,32,274,102,86,188,462
07/14/2022,CHO,VA,AEA,EN,Federal Contract Tower,12,45,41,15,113,0,24,75,9,108,12,69,116,24,221,78,78,156,377
07/15/2022,CHO,VA,AEA,EN,Federal Contract Tower,11,47,44,16,118,0,16,80,10,106,11,63,124,26,224,90,78,168,392
07/16/2022,CHO,VA,AEA,EN,Federal Contract Tower,16,69,45,0,130,0,11,54,0,65,16,80,99,0,195,0,0,0,195
07/17/2022,CHO,VA,AEA,EN,Federal Contract Tower,11,57,31,0,99,0,6,52,0,58,11,63,83,0,157,106,0,106,263
07/18/2022,CHO,VA,AEA,EN,Federal Contract Tower,15,55,38,2,110,0,6,58,0,64,15,61,96,2,174,126,0,126,300
07/19/2022,CHO,VA,AEA,EN,Federal Contract Tower,17,60,46,6,129,0,10,76,10,96,17,70,122,16,225,132,34,166,391
07/20/2022,CHO,VA,AEA,EN,Federal Contract Tower,17,68,56,9,150,0,12,97,4,113,17,80,153,13,263,200,46,246,509
07/21/2022,CHO,VA,AEA,EN,Federal Contract Tower,18,63,62,0,143,0,10,55,1,66,18,73,117,1,209,140,10,150,359
07/22/2022,CHO,VA,AEA,EN,Federal Contract Tower,10,46,43,12,111,0,13,75,12,100,10,59,118,24,211,80,74,154,365
07/23/2022,CHO,VA,AEA,EN,Federal Contract Tower,15,73,42,0,130,0,7,75,0,82,15,80,117,0,212,132,0,132,344
07/24/2022,CHO,VA,AEA,EN,Federal Contract Tower,16,60,41,0,117,0,8,86,0,94,16,68,127,0,211,210,0,210,421
07/25/2022,CHO,VA,AEA,EN,Federal Contract Tower,13,70,42,4,129,0,7,67,0,74,13,77,109,4,203,162,24,186,389
07/26/2022,CHO,VA,AEA,EN,Federal Contract Tower,17,64,45,2,128,0,2,2,0,4,17,66,47,2,132,2,0,2,134
07/27/2022,CHO,VA,AEA,EN,Federal Contract Tower,17,58,70,14,159,0,23,88,12,123,17,81,158,26,282,164,64,228,510
07/28/2022,CHO,VA,AEA,EN,Federal Contract Tower,11,43,48,10,112,0,12,68,12,92,11,55,116,22,204,124,42,166,370
07/29/2022,CHO,VA,AEA,EN,Federal Contract Tower,10,43,44,0,97,0,12,48,0,60,10,55,92,0,157,104,0,104,261
07/30/2022,CHO,VA,AEA,EN,Federal Contract Tower,11,50,55,0,116,0,14,79,0,93,11,64,134,0,209,138,0,138,347
07/31/2022,CHO,VA,AEA,EN,Federal Contract Tower,16,61,33,0,110,0,4,44,0,48,16,65,77,0,158,114,0,114,272
08/01/2022,CHO,VA,AEA,EN,Federal Contract Tower,15,52,33,0,100,0,23,62,0,85,15,75,95,0,185,142,0,142,327
08/02/2022,CHO,VA,AEA,EN,Federal Contract Tower,16,67,50,8,141,0,18,90,0,108,16,85,140,8,249,226,34,260,509
08/03/2022,CHO,VA,AEA,EN,Federal Contract Tower,15,49,50,13,127,0,25,56,8,89,15,74,106,21,216,86,50,136,352
08/04/2022,CHO,VA,AEA,EN,Federal Contract Tower,14,47,50,0,111,0,15,84,0,99,14,62,134,0,210,122,0,122,332
08/05/2022,CHO,VA,AEA,EN,Federal Contract Tower,11,43,59,14,127,0,16,58,10,84,11,59,117,24,211,78,70,148,359
08/06/2022,CHO,VA,AEA,EN,Federal Contract Tower,13,73,56,0,142,0,10,60,0,70,13,83,116,0,212,92,0,92,304
08/07/2022,CHO,VA,AEA,EN,Federal Contract Tower,12,55,39,2,108,0,11,77,0,88,12,66,116,2,196,190,0,190,386
08/08/2022,CHO,VA,AEA,EN,Federal Contract Tower,15,52,60,10,137,0,14,73,0,87,15,66,133,10,224,80,12,92,316
08/09/2022,CHO,VA,AEA,EN,Federal Contract Tower,17,71,48,6,142,0,8,84,4,96,17,79,132,10,238,152,24,176,414
08/10/2022,CHO,VA,AEA,EN,Federal Contract Tower,14,50,57,14,135,0,16,52,12,80,14,66,109,26,215,86,74,160,375
08/11/2022,CHO,VA,AEA,EN,Federal Contract Tower,14,51,54,12,131,0,28,82,14,124,14,79,136,26,255,138,62,200,455
08/12/2022,CHO,VA,AEA,EN,Federal Contract Tower,12,55,51,2,120,0,19,52,0,71,12,74,103,2,191,122,0,122,313
08/13/2022,CHO,VA,AEA,EN,Federal Contract Tower,14,71,60,0,145,0,16,72,0,88,14,87,132,0,233,166,0,166,399
08/14/2022,CHO,VA,AEA,EN,Federal Contract Tower,15,50,41,1,107,0,8,62,3,73,15,58,103,4,180,128,0,128,308
08/15/2022,CHO,VA,AEA,EN,Federal Contract Tower,10,53,51,0,114,0,11,25,0,36,10,64,76,0,150,82,0,82,232
08/16/2022,CHO,VA,AEA,EN,Federal Contract Tower,11,51,62,0,124,0,7,59,0,66,11,58,121,0,190,185,0,185,375
08/17/2022,CHO,VA,AEA,EN,Federal Contract Tower,0,23,50,12,85,0,12,73,10,95,0,35,123,22,180,100,68,168,348
08/18/2022,CHO,VA,AEA,EN,Federal Contract Tower,21,59,54,14,148,0,14,78,12,104,21,73,132,26,252,130,70,200,452
08/19/2022,CHO,VA,AEA,EN,Federal Contract Tower,14,46,63,14,137,0,20,75,10,105,14,66,138,24,242,118,64,182,424
08/20/2022,CHO,VA,AEA,EN,Federal Contract Tower,9,57,33,0,99,0,6,68,0,74,9,63,101,0,173,130,0,130,303
08/22/2022,CHO,VA,AEA,EN,Federal Contract Tower,15,48,49,12,124,0,12,47,2,61,15,60,96,14,185,86,56,142,327
08/23/2022,CHO,VA,AEA,EN,Federal Contract Tower,15,51,50,12,128,0,40,68,8,116,15,91,118,20,244,166,64,230,474
08/24/2022,CHO,VA,AEA,EN,Federal Contract Tower,13,54,61,12,140,0,37,79,12,128,13,91,140,24,268,166,68,234,502
08/25/2022,CHO,VA,AEA,EN,Federal Contract Tower,14,46,57,12,129,0,15,82,14,111,14,61,139,26,240,108,62,170,410
08/26/2022,CHO,VA,AEA,EN,Federal Contract Tower,11,45,53,10,119,0,23,48,6,77,11,68,101,16,196,96,54,150,346
08/27/2022,CHO,VA,AEA,EN,Federal Contract Tower,7,47,44,0,98,0,0,425,0,425,7,47,469,0,523,118,0,118,641
08/28/2022,CHO,VA,AEA,EN,Federal Contract Tower,12,51,41,0,104,0,14,84,0,98,12,65,125,0,202,116,0,116,318
08/29/2022,CHO,VA,AEA,EN,Federal Contract Tower,15,66,63,3,147,0,29,64,2,95,15,95,127,5,242,140,0,140,382
08/30/2022,CHO,VA,AEA,EN,Federal Contract Tower,16,53,60,12,141,0,15,58,8,81,16,68,118,20,222,60,58,118,340
08/31/2022,CHO,VA,AEA,EN,Federal Contract Tower,14,53,62,10,139,0,24,67,8,99,14,77,129,18,238,90,58,148,386
09/01/2022,CHO,VA,AEA,EN,Federal Contract Tower,13,48,64,14,139,0,12,67,6,85,13,60,131,20,224,126,58,184,408
09/02/2022,CHO,VA,AEA,EN,Federal Contract Tower,10,53,68,8,139,0,12,82,10,104,10,65,150,18,243,94,62,156,399
09/03/2022,CHO,VA,AEA,EN,Federal Contract Tower,15,77,59,0,151,0,8,45,0,53,15,85,104,0,204,136,0,136,340
09/04/2022,CHO,VA,AEA,EN,Federal Contract Tower,13,59,67,0,139,0,19,67,0,86,13,78,134,0,225,120,0,120,345
09/05/2022,CHO,VA,AEA,EN,Federal Contract Tower,16,55,60,0,131,0,17,57,0,74,16,72,117,0,205,84,0,84,289
09/06/2022,CHO,VA,AEA,EN,Federal Contract Tower,21,56,56,24,157,0,26,88,6,120,21,82,144,30,277,198,60,258,535
09/07/2022,CHO,VA,AEA,EN,Federal Contract Tower,16,54,52,0,122,0,2,2,0,4,16,56,54,0,126,0,0,0,126
09/08/2022,CHO,VA,AEA,EN,Federal Contract Tower,14,44,44,10,112,0,15,49,0,64,14,59,93,10,176,92,74,166,342
09/09/2022,CHO,VA,AEA,EN,Federal Contract Tower,10,53,54,10,127,0,15,76,8,99,10,68,130,18,226,106,62,168,394
09/10/2022,CHO,VA,AEA,EN,Federal Contract Tower,10,46,35,0,91,0,0,17,0,17,10,46,52,0,108,28,0,28,136
09/11/2022,CHO,VA,AEA,EN,Federal Contract Tower,16,58,53,0,127,0,0,0,0,0,16,58,53,0,127,0,0,0,127
09/12/2022,CHO,VA,AEA,EN,Federal Contract Tower,15,45,57,4,121,0,10,42,0,52,15,55,99,4,173,88,0,88,261
09/13/2022,CHO,VA,AEA,EN,Federal Contract Tower,16,53,49,10,128,0,23,71,12,106,16,76,120,22,234,126,94,220,454
09/14/2022,CHO,VA,AEA,EN,Federal Contract Tower,18,53,60,12,143,0,19,78,8,105,18,72,138,20,248,106,68,174,422
09/15/2022,CHO,VA,AEA,EN,Federal Contract Tower,18,57,49,8,132,0,18,86,8,112,18,75,135,16,244,180,62,242,486
09/16/2022,CHO,VA,AEA,EN,Federal Contract Tower,17,61,64,10,152,0,18,70,8,96,17,79,134,18,248,122,70,192,440
09/17/2022,CHO,VA,AEA,EN,Federal Contract Tower,24,83,77,0,184,0,20,58,0,78,24,103,135,0,262,170,0,170,432
09/18/2022,CHO,VA,AEA,EN,Federal Contract Tower,17,60,69,0,146,0,16,69,0,85,17,76,138,0,231,166,0,166,397
09/19/2022,CHO,VA,AEA,EN,Federal Contract Tower,15,53,63,6,137,0,15,68,10,93,15,68,131,16,230,114,56,170,400
09/20/2022,CHO,VA,AEA,EN,Federal Contract Tower,13,24,60,10,107,0,20,78,12,110,13,44,138,22,217,120,64,184,401
09/21/2022,CHO,VA,AEA,EN,Federal Contract Tower,14,46,50,12,122,0,14,72,8,94,14,60,122,20,216,114,90,204,420
09/22/2022,CHO,VA,AEA,EN,Federal Contract Tower,17,59,42,12,130,0,14,65,10,89,17,73,107,22,219,106,62,168,387
09/23/2022,CHO,VA,AEA,EN,Federal Contract Tower,11,45,47,10,113,0,18,85,6,109,11,63,132,16,222,104,66,170,392
09/24/2022,CHO,VA,AEA,EN,Federal Contract Tower,11,43,43,0,97,0,28,73,0,101,11,71,116,0,198,200,0,200,398
09/25/2022,CHO,VA,AEA,EN,Federal Contract Tower,13,52,67,0,132,0,12,106,0,118,13,64,173,0,250,149,0,149,399
09/26/2022,CHO,VA,AEA,EN,Federal Contract Tower,14,49,57,8,128,0,23,75,10,108,14,72,132,18,236,92,58,150,386
09/27/2022,CHO,VA,AEA,EN,Federal Contract Tower,18,62,65,13,158,0,21,70,14,105,18,83,135,27,263,115,60,175,438
09/28/2022,CHO,VA,AEA,EN,Federal Contract Tower,12,48,53,10,123,0,16,87,10,113,12,64,140,20,236,106,58,164,400
09/29/2022,CHO,VA,AEA,EN,Federal Contract Tower,14,55,59,12,140,0,17,60,4,81,14,72,119,16,221,104,62,166,387
09/30/2022,CHO,VA,AEA,EN,Federal Contract Tower,12,55,64,0,131,0,10,31,0,41,12,65,95,0,172,62,0,62,234
10/01/2022,CHO,VA,AEA,EN,Federal Contract Tower,11,45,21,0,77,0,0,0,0,0,11,45,21,0,77,0,0,0,77
10/02/2022,CHO,VA,AEA,EN,Federal Contract Tower,9,40,32,0,81,0,0,0,0,0,9,40,32,0,81,0,0,0,81
10/03/2022,CHO,VA,AEA,EN,Federal Contract Tower,15,60,71,0,146,0,12,26,0,38,15,72,97,0,184,64,0,64,248
10/04/2022,CHO,VA,AEA,EN,Federal Contract Tower,15,51,64,0,130,0,18,67,8,93,15,69,131,8,223,90,54,144,367
10/05/2022,CHO,VA,AEA,EN,Federal Contract Tower,14,59,69,12,154,0,17,77,8,102,14,76,146,20,256,124,76,200,456
10/06/2022,CHO,VA,AEA,EN,Federal Contract Tower,15,53,55,10,133,0,14,81,0,95,15,67,136,10,228,126,56,182,410
10/07/2022,CHO,VA,AEA,EN,Federal Contract Tower,11,48,76,8,143,0,17,78,8,103,11,65,154,16,246,92,66,158,404
10/08/2022,CHO,VA,AEA,EN,Federal Contract Tower,11,44,24,0,79,0,2,42,0,44,11,46,66,0,123,102,0,102,225
10/09/2022,CHO,VA,AEA,EN,Federal Contract Tower,12,56,64,0,132,0,14,64,0,78,12,70,128,0,210,166,0,166,376
10/10/2022,CHO,VA,AEA,EN,Federal Contract Tower,14,54,49,0,117,0,9,63,0,72,14,63,112,0,189,118,0,118,307
10/11/2022,CHO,VA,AEA,EN,Federal Contract Tower,16,51,73,10,150,0,27,89,14,130,16,78,162,24,280,179,60,239,519
10/12/2022,CHO,VA,AEA,EN,Federal Contract Tower,10,52,66,8,136,0,15,88,2,105,10,67,154,10,241,98,58,156,397
10/13/2022,CHO,VA,AEA,EN,Federal Contract Tower,10,60,57,14,141,0,4,31,36,71,10,64,88,50,212,16,0,16,228
10/14/2022,CHO,VA,AEA,EN,Federal Contract Tower,10,58,50,12,130,0,20,53,8,81,10,78,103,20,211,84,62,146,357
10/15/2022,CHO,VA,AEA,EN,Federal Contract Tower,20,80,66,0,166,0,18,92,0,110,20,98,158,0,276,128,0,128,404
10/16/2022,CHO,VA,AEA,EN,Federal Contract Tower,13,53,64,0,130,0,18,95,0,113,13,71,159,0,243,126,0,126,369
10/17/2022,CHO,VA,AEA,EN,Federal Contract Tower,11,55,46,2,114,0,0,9,0,9,11,55,55,2,123,18,0,18,141
10/18/2022,CHO,VA,AEA,EN,Federal Contract Tower,13,57,67,8,145,0,19,79,10,108,13,76,146,18,253,200,66,266,519
10/19/2022,CHO,VA,AEA,EN,Federal Contract Tower,12,53,49,10,124,0,19,72,4,95,12,72,121,14,219,112,68,180,399
10/20/2022,CHO,VA,AEA,EN,Federal Contract Tower,13,50,57,10,130,0,20,75,10,105,13,70,132,20,235,142,74,216,451
10/21/2022,CHO,VA,AEA,EN,Federal Contract Tower,13,47,56,10,126,0,16,80,0,96,13,63,136,10,222,128,56,184,406
10/22/2022,CHO,VA,AEA,EN,Federal Contract Tower,12,55,67,0,134,0,16,80,0,96,12,71,147,0,230,171,0,171,401
10/23/2022,CHO,VA,AEA,EN,Federal Contract Tower,17,60,74,0,151,0,13,65,0,78,17,73,139,0,229,146,0,146,375
10/24/2022,CHO,VA,AEA,EN,Federal Contract Tower,17,64,78,17,176,0,23,90,22,135,17,87,168,39,311,136,94,230,541
10/25/2022,CHO,VA,AEA,EN,Federal Contract Tower,8,51,53,8,120,0,5,24,2,31,8,56,77,10,151,40,22,62,213
10/26/2022,CHO,VA,AEA,EN,Federal Contract Tower,9,63,58,8,138,0,0,20,0,20,9,63,78,8,158,44,0,44,202
10/27/2022,CHO,VA,AEA,EN,Federal Contract Tower,20,83,73,10,186,0,16,89,2,107,20,99,162,12,293,178,68,246,539
10/28/2022,CHO,VA,AEA,EN,Federal Contract Tower,13,59,74,10,156,0,18,83,0,101,13,77,157,10,257,114,74,188,445
10/29/2022,CHO,VA,AEA,EN,Federal Contract Tower,15,71,68,0,154,0,10,95,0,105,15,81,163,0,259,177,0,177,436
10/31/2022,CHO,VA,AEA,EN,Federal Contract Tower,18,60,51,0,129,0,10,49,0,59,18,70,100,0,188,72,0,72,260
11/01/2022,CHO,VA,AEA,EN,Federal Contract Tower,8,54,61,0,123,0,11,75,0,86,8,65,136,0,209,108,0,108,317
11/02/2022,CHO,VA,AEA,EN,Federal Contract Tower,14,62,65,14,155,0,18,81,12,111,14,80,146,26,266,114,94,208,474
11/03/2022,CHO,VA,AEA,EN,Federal Contract Tower,15,61,63,12,151,0,18,56,0,74,15,79,119,12,225,94,72,166,391
11/04/2022,CHO,VA,AEA,EN,Federal Contract Tower,13,19,43,14,89,0,12,72,0,84,13,31,115,14,173,82,64,146,319
11/05/2022,CHO,VA,AEA,EN,Federal Contract Tower,20,77,50,0,147,0,31,43,2,76,20,108,93,2,223,108,0,108,331
11/06/2022,CHO,VA,AEA,EN,Federal Contract Tower,14,57,51,2,124,0,0,0,0,0,14,57,51,2,124,0,0,0,124
11/07/2022,CHO,VA,AEA,EN,Federal Contract Tower,15,47,43,0,105,0,0,79,8,87,15,47,122,8,192,145,42,187,379
11/08/2022,CHO,VA,AEA,EN,Federal Contract Tower,11,48,55,12,126,0,15,60,4,79,11,63,115,16,205,104,76,180,385
11/09/2022,CHO,VA,AEA,EN,Federal Contract Tower,20,66,53,10,149,0,18,77,6,101,20,84,130,16,250,114,68,182,432
11/10/2022,CHO,VA,AEA,EN,Federal Contract Tower,15,52,60,0,127,0,19,61,1,81,15,71,121,1,208,122,6,128,336
11/11/2022,CHO,VA,AEA,EN,Federal Contract Tower,12,51,65,0,128,0,0,0,0,0,12,51,65,0,128,0,0,0,128
11/12/2022,CHO,VA,AEA,EN,Federal Contract Tower,11,54,67,0,132,0,16,83,0,99,11,70,150,0,231,153,0,153,384
11/13/2022,CHO,VA,AEA,EN,Federal Contract Tower,23,84,70,0,177,0,23,60,0,83,23,107,130,0,260,0,0,0,260
11/14/2022,CHO,VA,AEA,EN,Federal Contract Tower,19,50,60,10,139,0,21,76,6,103,19,71,136,16,242,91,78,169,411
11/15/2022,CHO,VA,AEA,EN,Federal Contract Tower,14,48,53,12,127,0,20,64,0,84,14,68,117,12,211,76,64,140,351
11/16/2022,CHO,VA,AEA,EN,Federal Contract Tower,9,51,50,8,118,0,16,70,0,86,9,67,120,8,204,136,0,136,340
11/17/2022,CHO,VA,AEA,EN,Federal Contract Tower,19,47,61,8,135,0,14,54,6,74,19,61,115,14,209,24,10,34,243
11/18/2022,CHO,VA,AEA,EN,Federal Contract Tower,16,50,60,12,138,0,17,57,8,82,16,67,117,20,220,74,72,146,366
11/19/2022,CHO,VA,AEA,EN,Federal Contract Tower,23,84,60,0,167,0,22,85,0,107,23,106,145,0,274,94,0,94,368
11/20/2022,CHO,VA,AEA,EN,Federal Contract Tower,21,54,46,0,121,0,3,17,0,20,21,57,63,0,141,0,0,0,141
11/21/2022,CHO,VA,AEA,EN,Federal Contract Tower,18,55,69,17,159,0,24,83,0,107,18,79,152,17,266,92,78,170,436
11/22/2022,CHO,VA,AEA,EN,Federal Contract Tower,14,49,54,15,132,0,21,74,8,103,14,70,128,23,235,92,80,172,407
11/23/2022,CHO,VA,AEA,EN,Federal Contract Tower,11,44,69,14,138,0,27,78,0,105,11,71,147,14,243,116,0,116,359
11/24/2022,CHO,VA,AEA,EN,Federal Contract Tower,11,35,36,0,82,0,14,44,0,58,11,49,80,0,140,36,0,36,176
11/25/2022,CHO,VA,AEA,EN,Federal Contract Tower,14,48,51,0,113,0,0,11,56,67,14,48,62,56,180,82,0,82,262
11/26/2022,CHO,VA,AEA,EN,Federal Contract Tower,16,84,65,0,165,0,6,78,0,84,16,90,143,0,249,106,0,106,355
11/27/2022,CHO,VA,AEA,EN,Federal Contract Tower,29,104,70,0,203,0,0,3,0,3,29,104,73,0,206,0,0,0,206
11/28/2022,CHO,VA,AEA,EN,Federal Contract Tower,18,52,45,0,115,0,18,53,10,81,18,70,98,10,196,74,0,74,270
11/29/2022,CHO,VA,AEA,EN,Federal Contract Tower,9,47,35,6,97,0,16,60,0,76,9,63,95,6,173,98,0,98,271
11/30/2022,CHO,VA,AEA,EN,Federal Contract Tower,10,46,54,0,110,0,0,0,0,0,10,46,54,0,110,0,0,0,110
12/01/2022,CHO,VA,AEA,EN,Federal Contract Tower,12,52,51,10,125,0,19,65,0,84,12,71,116,10,209,90,60,150,359
12/02/2022,CHO,VA,AEA,EN,Federal Contract Tower,13,45,51,0,109,0,14,62,0,76,13,59,113,0,185,96,0,96,281
12/03/2022,CHO,VA,AEA,EN,Federal Contract Tower,21,51,8,0,80,0,12,20,0,32,21,63,28,0,112,47,0,47,159
12/04/2022,CHO,VA,AEA,EN,Federal Contract Tower,18,58,74,0,150,0,30,23,0,53,18,88,97,0,203,77,0,77,280
12/05/2022,CHO,VA,AEA,EN,Federal Contract Tower,14,57,51,9,131,0,44,45,10,99,14,101,96,19,230,200,0,200,430
12/06/2022,CHO,VA,AEA,EN,Federal Contract Tower,11,40,44,0,95,0,13,42,0,55,11,53,86,0,150,92,0,92,242
12/07/2022,CHO,VA,AEA,EN,Federal Contract Tower,13,44,18,0,75,0,0,0,0,0,13,44,18,0,75,0,0,0,75
12/08/2022,CHO,VA,AEA,EN,Federal Contract Tower,10,41,29,4,84,0,0,30,2,32,10,41,59,6,116,68,40,108,224
12/09/2022,CHO,VA,AEA,EN,Federal Contract Tower,16,54,43,6,119,0,8,28,1,37,16,62,71,7,156,64,10,74,230
12/10/2022,CHO,VA,AEA,EN,Federal Contract Tower,10,45,43,0,98,0,37,37,0,74,10,82,80,0,172,68,0,68,240
12/11/2022,CHO,VA,AEA,EN,Federal Contract Tower,11,45,34,0,90,0,13,32,0,45,11,58,66,0,135,90,0,90,225
12/12/2022,CHO,VA,AEA,EN,Federal Contract Tower,18,44,49,12,123,0,31,68,6,105,18,75,117,18,228,107,83,190,418
12/13/2022,CHO,VA,AEA,EN,Federal Contract Tower,12,47,44,6,109,0,12,57,6,75,12,59,101,12,184,138,100,238,422
12/14/2022,CHO,VA,AEA,EN,Federal Contract Tower,14,56,49,6,125,0,15,64,10,89,14,71,113,16,214,92,58,150,364
12/15/2022,CHO,VA,AEA,EN,Federal Contract Tower,15,55,66,0,136,0,0,0,0,0,15,55,66,0,136,0,0,0,136
12/16/2022,CHO,VA,AEA,EN,Federal Contract Tower,15,52,57,12,136,0,17,65,0,82,15,69,122,12,218,98,72,170,388
12/17/2022,CHO,VA,AEA,EN,Federal Contract Tower,10,58,45,0,113,0,11,60,0,71,10,69,105,0,184,47,0,47,231
12/18/2022,CHO,VA,AEA,EN,Federal Contract Tower,13,43,24,0,80,0,0,34,0,34,13,43,58,0,114,26,0,26,140
12/19/2022,CHO,VA,AEA,EN,Federal Contract Tower,15,38,54,10,117,0,27,51,20,98,15,65,105,30,215,152,66,218,433
12/20/2022,CHO,VA,AEA,EN,Federal Contract Tower,13,51,59,10,133,0,19,78,0,97,13,70,137,10,230,178,68,246,476
12/21/2022,CHO,VA,AEA,EN,Federal Contract Tower,14,56,76,14,160,0,21,69,0,90,14,77,145,14,250,140,0,140,390
12/22/2022,CHO,VA,AEA,EN,Federal Contract Tower,15,58,68,0,141,0,0,0,0,0,15,58,68,0,141,0,0,0,141
12/23/2022,CHO,VA,AEA,EN,Federal Contract Tower,13,57,51,0,121,0,0,0,0,0,13,57,51,0,121,0,0,0,121
12/24/2022,CHO,VA,AEA,EN,Federal Contract Tower,14,39,18,0,71,0,0,13,0,13,14,39,31,0,84,0,0,0,84
12/25/2022,CHO,VA,AEA,EN,Federal Contract Tower,11,24,7,0,42,0,0,0,0,0,11,24,7,0,42,0,0,0,42
12/26/2022,CHO,VA,AEA,EN,Federal Contract Tower,15,55,59,0,129,0,16,73,0,89,15,71,132,0,218,120,0,120,338
12/27/2022,CHO,VA,AEA,EN,Federal Contract Tower,12,50,51,0,113,0,23,67,0,90,12,73,118,0,203,140,0,140,343
12/28/2022,CHO,VA,AEA,EN,Federal Contract Tower,13,73,74,0,160,0,34,75,0,109,13,107,149,0,269,204,0,204,473
12/29/2022,CHO,VA,AEA,EN,Federal Contract Tower,17,52,34,10,113,0,8,54,8,70,17,60,88,18,183,84,0,84,267
12/30/2022,CHO,VA,AEA,EN,Federal Contract Tower,14,51,55,0,120,0,18,83,0,101,14,69,138,0,221,146,0,146,367
12/31/2022,CHO,VA,AEA,EN,Federal Contract Tower,7,21,18,0,46,0,0,2,0,2,7,21,20,0,48,0,0,0,48
01/01/2023,CHO,VA,AEA,EN,Federal Contract Tower,14,42,22,0,78,0,3,30,0,33,14,45,52,0,111,15,0,15,126
01/02/2023,CHO,VA,AEA,EN,Federal Contract Tower,14,51,55,12,132,0,22,62,0,84,14,73,117,12,216,115,70,185,401
01/03/2023,CHO,VA,AEA,EN,Federal Contract Tower,8,43,49,10,110,0,23,58,0,81,8,66,107,10,191,102,0,102,293
01/04/2023,CHO,VA,AEA,EN,Federal Contract Tower,9,44,29,12,94,0,0,0,0,0,9,44,29,12,94,0,0,0,94
01/05/2023,CHO,VA,AEA,EN,Federal Contract Tower,14,51,59,10,134,0,16,75,4,95,14,67,134,14,229,164,30,194,423
01/06/2023,CHO,VA,AEA,EN,Federal Contract Tower,14,56,46,0,116,0,19,76,0,95,14,75,122,0,211,130,0,130,341
01/07/2023,CHO,VA,AEA,EN,Federal Contract Tower,14,64,44,0,122,0,14,92,0,106,14,78,136,0,228,206,0,206,434
01/08/2023,CHO,VA,AEA,EN,Federal Contract Tower,13,44,19,0,76,0,0,26,0,26,13,44,45,0,102,100,0,100,202
01/09/2023,CHO,VA,AEA,EN,Federal Contract Tower,16,62,60,0,138,0,19,80,0,99,16,81,140,0,237,128,0,128,365
01/10/2023,CHO,VA,AEA,EN,Federal Contract Tower,11,46,62,10,129,0,17,63,0,80,11,63,125,10,209,94,60,154,363
01/11/2023,CHO,VA,AEA,EN,Federal Contract Tower,9,41,16,3,69,0,8,29,0,37,9,49,45,3,106,82,0,82,188
01/12/2023,CHO,VA,AEA,EN,Federal Contract Tower,12,59,73,0,144,0,18,72,0,90,12,77,145,0,234,132,0,132,366
01/13/2023,CHO,VA,AEA,EN,Federal Contract Tower,15,61,65,0,141,0,14,78,4,96,15,75,143,4,237,136,50,186,423
01/14/2023,CHO,VA,AEA,EN,Federal Contract Tower,8,26,19,0,53,0,18,19,0,37,8,44,38,0,90,41,0,41,131
01/15/2023,CHO,VA,AEA,EN,Federal Contract Tower,15,40,38,0,93,0,6,15,0,21,15,46,53,0,114,77,0,77,191
01/16/2023,CHO,VA,AEA,EN,Federal Contract Tower,16,65,72,6,159,0,23,62,0,85,16,88,134,6,244,100,66,166,410
01/17/2023,CHO,VA,AEA,EN,Federal Contract Tower,10,49,52,0,111,0,16,70,1,87,10,65,122,1,198,114,6,120,318
01/18/2023,CHO,VA,AEA,EN,Federal Contract Tower,9,54,72,8,143,0,12,66,0,78,9,66,138,8,221,120,64,184,405
01/19/2023,CHO,VA,AEA,EN,Federal Contract Tower,9,33,40,0,82,0,5,14,0,19,9,38,54,0,101,10,0,10,111
01/20/2023,CHO,VA,AEA,EN,Federal Contract Tower,14,58,64,0,136,0,12,42,0,54,14,70,106,0,190,0,0,0,190
01/21/2023,CHO,VA,AEA,EN,Federal Contract Tower,15,61,50,0,126,0,12,93,0,105,15,73,143,0,231,182,0,182,413
01/22/2023,CHO,VA,AEA,EN,Federal Contract Tower,8,33,19,0,60,0,4,20,0,24,8,37,39,0,84,54,0,54,138
01/23/2023,CHO,VA,AEA,EN,Federal Contract Tower,14,60,64,9,147,0,24,64,0,88,14,84,128,9,235,80,42,122,357
01/24/2023,CHO,VA,AEA,EN,Federal Contract Tower,10,53,64,12,139,0,13,80,0,93,10,66,144,12,232,78,82,160,392
01/25/2023,CHO,VA,AEA,EN,Federal Contract Tower,10,41,30,0,81,0,9,12,0,21,10,50,42,0,102,46,0,46,148
01/26/2023,CHO,VA,AEA,EN,Federal Contract Tower,18,40,33,10,101,0,4,23,10,37,18,44,56,20,138,44,0,44,182
01/27/2023,CHO,VA,AEA,EN,Federal Contract Tower,15,66,51,6,138,0,12,61,0,73,15,78,112,6,211,115,50,165,376
01/28/2023,CHO,VA,AEA,EN,Federal Contract Tower,18,56,58,0,132,0,9,55,0,64,18,65,113,0,196,86,0,86,282
01/29/2023,CHO,VA,AEA,EN,Federal Contract Tower,14,57,25,0,96,0,6,21,0,27,14,63,46,0,123,25,0,25,148
01/30/2023,CHO,VA,AEA,EN,Federal Contract Tower,14,62,51,8,135,0,24,61,0,85,14,86,112,8,220,118,58,176,396
01/31/2023,CHO,VA,AEA,EN,Federal Contract Tower,9,50,47,10,116,0,7,62,0,69,9,57,109,10,185,64,60,124,309
02/01/2023,CHO,VA,AEA,EN,Federal Contract Tower,14,37,37,0,88,0,0,2,2,4,14,37,39,2,92,6,0,6,98
02/02/2023,CHO,VA,AEA,EN,Federal Contract Tower,9,66,52,0,127,0,11,36,0,47,9,77,88,0,174,100,0,100,274
02/03/2023,CHO,VA,AEA,EN,Federal Contract Tower,10,51,57,0,118,0,12,31,0,43,10,63,88,0,161,50,0,50,211
02/04/2023,CHO,VA,AEA,EN,Federal Contract Tower,8,51,56,0,115,0,16,67,0,83,8,67,123,0,198,142,0,142,340
02/05/2023,CHO,VA,AEA,EN,Federal Contract Tower,16,61,55,0,132,0,15,82,0,97,16,76,137,0,229,190,0,190,419
02/06/2023,CHO,VA,AEA,EN,Federal Contract Tower,17,57,62,12,148,0,23,71,0,94,17,80,133,12,242,124,66,190,432
02/07/2023,CHO,VA,AEA,EN,Federal Contract Tower,10,58,70,10,148,0,17,74,1,92,10,75,144,11,240,100,100,200,440
02/08/2023,CHO,VA,AEA,EN,Federal Contract Tower,10,60,44,14,128,0,12,70,12,94,10,72,114,26,222,92,42,134,356
02/09/2023,CHO,VA,AEA,EN,Federal Contract Tower,13,51,63,8,135,0,16,69,0,85,13,67,132,8,220,124,50,174,394
02/10/2023,CHO,VA,AEA,EN,Federal Contract Tower,12,50,51,0,113,0,16,39,0,55,12,66,90,0,168,106,0,106,274
02/11/2023,CHO,VA,AEA,EN,Federal Contract Tower,16,72,50,0,138,0,11,78,0,89,16,83,128,0,227,168,0,168,395
02/12/2023,CHO,VA,AEA,EN,Federal Contract Tower,14,29,11,0,54,0,0,0,0,0,14,29,11,0,54,0,0,0,54
02/13/2023,CHO,VA,AEA,EN,Federal Contract Tower,15,56,64,8,143,0,28,65,0,93,15,84,129,8,236,156,68,224,460
02/14/2023,CHO,VA,AEA,EN,Federal Contract Tower,11,50,55,12,128,0,15,64,0,79,11,65,119,12,207,114,58,172,379
02/15/2023,CHO,VA,AEA,EN,Federal Contract Tower,13,46,26,0,85,0,23,40,0,63,13,69,66,0,148,160,6,166,314
02/16/2023,CHO,VA,AEA,EN,Federal Contract Tower,12,50,60,6,128,0,12,70,0,82,12,62,130,6,210,96,50,146,356
02/17/2023,CHO,VA,AEA,EN,Federal Contract Tower,15,51,51,0,117,0,7,36,0,43,15,58,87,0,160,96,0,96,256
02/18/2023,CHO,VA,AEA,EN,Federal Contract Tower,14,44,37,0,95,0,0,51,0,51,14,44,88,0,146,100,0,100,246
02/19/2023,CHO,VA,AEA,EN,Federal Contract Tower,19,70,35,0,124,0,12,62,0,74,19,82,97,0,198,124,0,124,322
02/20/2023,CHO,VA,AEA,EN,Federal Contract Tower,13,63,62,10,148,0,18,78,0,96,13,81,140,10,244,96,68,164,408
02/21/2023,CHO,VA,AEA,EN,Federal Contract Tower,9,41,44,8,102,0,13,68,1,82,9,54,112,9,184,84,66,150,334
02/22/2023,CHO,VA,AEA,EN,Federal Contract Tower,14,34,24,0,72,0,12,34,0,46,14,46,58,0,118,86,0,86,204
02/23/2023,CHO,VA,AEA,EN,Federal Contract Tower,13,48,54,6,121,0,23,62,0,85,13,71,116,6,206,120,56,176,382
02/24/2023,CHO,VA,AEA,EN,Federal Contract Tower,12,51,64,6,133,0,14,36,0,50,12,65,100,6,183,74,54,128,311
02/25/2023,CHO,VA,AEA,EN,Federal Contract Tower,10,38,28,0,76,0,0,21,0,21,10,38,49,0,97,67,0,67,164
02/26/2023,CHO,VA,AEA,EN,Federal Contract Tower,22,70,43,0,135,0,13,34,0,47,22,83,77,0,182,127,0,127,309
02/27/2023,CHO,VA,AEA,EN,Federal Contract Tower,11,50,67,6,134,0,12,32,0,44,11,62,99,6,178,72,56,128,306
02/28/2023,CHO,VA,AEA,EN,Federal Contract Tower,17,52,70,13,152,0,18,61,0,79,17,70,131,13,231,78,74,152,383
03/01/2023,CHO,VA,AEA,EN,Federal Contract Tower,3,44,26,0,73,0,0,51,0,51,3,44,77,0,124,56,0,56,180
03/02/2023,CHO,VA,AEA,EN,Federal Contract Tower,15,55,51,6,127,0,13,75,0,88,15,68,126,6,215,142,38,180,395
03/03/2023,CHO,VA,AEA,EN,Federal Contract Tower,13,55,65,0,133,0,5,20,0,25,13,60,85,0,158,50,0,50,208
03/04/2023,CHO,VA,AEA,EN,Federal Contract Tower,9,33,14,0,56,0,0,26,0,26,9,33,40,0,82,50,0,50,132
03/05/2023,CHO,VA,AEA,EN,Federal Contract Tower,16,54,27,0,97,0,3,75,0,78,16,57,102,0,175,150,0,150,325
03/06/2023,CHO,VA,AEA,EN,Federal Contract Tower,11,52,62,0,125,0,18,70,0,88,11,70,132,0,213,138,0,138,351
03/07/2023,CHO,VA,AEA,EN,Federal Contract Tower,12,41,62,11,126,0,16,56,8,80,12,57,118,19,206,86,12,98,304
03/08/2023,CHO,VA,AEA,EN,Federal Contract Tower,16,58,28,12,114,0,12,60,20,92,16,70,88,32,206,76,20,96,302
03/09/2023,CHO,VA,AEA,EN,Federal Contract Tower,9,45,61,6,121,0,14,104,10,128,9,59,165,16,249,180,12,192,441
03/10/2023,CHO,VA,AEA,EN,Federal Contract Tower,15,57,47,0,119,0,18,58,0,76,15,75,105,0,195,94,0,94,289
03/11/2023,CHO,VA,AEA,EN,Federal Contract Tower,10,47,18,0,75,0,2,43,0,45,10,49,61,0,120,52,0,52,172
03/12/2023,CHO,VA,AEA,EN,Federal Contract Tower,13,45,22,0,80,0,0,9,0,9,13,45,31,0,89,0,0,0,89
03/13/2023,CHO,VA,AEA,EN,Federal Contract Tower,9,36,19,0,64,0,12,18,6,36,9,48,37,6,100,23,0,23,123
03/14/2023,CHO,VA,AEA,EN,Federal Contract Tower,13,49,50,0,112,0,15,43,2,60,13,64,93,2,172,86,38,124,296
03/15/2023,CHO,VA,AEA,EN,Federal Contract Tower,9,45,43,0,97,0,10,47,0,57,9,55,90,0,154,97,0,97,251
03/16/2023,CHO,VA,AEA,EN,Federal Contract Tower,13,48,52,0,113,0,14,75,0,89,13,62,127,0,202,148,0,148,350
03/17/2023,CHO,VA,AEA,EN,Federal Contract Tower,12,48,45,0,105,0,10,77,0,87,12,58,122,0,192,132,0,132,324
03/18/2023,CHO,VA,AEA,EN,Federal Contract Tower,10,41,27,0,78,0,0,54,0,54,10,41,81,0,132,89,0,89,221
03/19/2023,CHO,VA,AEA,EN,Federal Contract Tower,13,40,10,0,63,0,0,59,0,59,13,40,69,0,122,112,0,112,234
03/20/2023,CHO,VA,AEA,EN,Federal Contract Tower,14,38,58,0,110,0,20,65,0,85,14,58,123,0,195,156,0,156,351
03/21/2023,CHO,VA,AEA,EN,Federal Contract Tower,13,38,54,4,109,0,23,75,0,98,13,61,129,4,207,125,40,165,372
03/22/2023,CHO,VA,AEA,EN,Federal Contract Tower,10,46,65,8,129,16,70,0,0,86,26,116,65,8,215,126,76,202,417
03/23/2023,CHO,VA,AEA,EN,Federal Contract Tower,15,50,52,10,127,0,14,78,0,92,15,64,130,10,219,108,82,190,409
03/24/2023,CHO,VA,AEA,EN,Federal Contract Tower,15,59,60,6,140,0,10,52,0,62,15,69,112,6,202,104,56,160,362
03/25/2023,CHO,VA,AEA,EN,Federal Contract Tower,8,49,48,0,105,0,7,38,0,45,8,56,86,0,150,63,0,63,213
03/26/2023,CHO,VA,AEA,EN,Federal Contract Tower,19,75,69,11,174,0,33,100,0,133,19,108,169,11,307,194,24,218,525
03/27/2023,CHO,VA,AEA,EN,Federal Contract Tower,14,60,60,8,142,0,17,71,0,88,14,77,131,8,230,84,62,146,376
03/28/2023,CHO,VA,AEA,EN,Federal Contract Tower,11,47,61,9,128,0,12,67,1,80,11,59,128,10,208,102,70,172,380
03/29/2023,CHO,VA,AEA,EN,Federal Contract Tower,9,46,63,0,118,0,13,73,1,87,9,59,136,1,205,156,4,160,365
03/30/2023,CHO,VA,AEA,EN,Federal Contract Tower,18,50,45,0,113,0,6,56,1,63,18,56,101,1,176,113,2,115,291
03/31/2023,CHO,VA,AEA,EN,Federal Contract Tower,14,39,53,9,115,0,15,73,0,88,14,54,126,9,203,66,60,126,329
04/01/2023,CHO,VA,AEA,EN,Federal Contract Tower,12,51,43,4,110,0,18,32,0,50,12,69,75,4,160,23,0,23,183
04/02/2023,CHO,VA,AEA,EN,Federal Contract Tower,23,74,63,0,160,0,18,57,0,75,23,92,120,0,235,138,0,138,373
04/03/2023,CHO,VA,AEA,EN,Federal Contract Tower,15,49,61,10,135,0,27,64,0,91,15,76,125,10,226,124,72,196,422
04/04/2023,CHO,VA,AEA,EN,Federal Contract Tower,9,50,52,10,121,0,12,75,0,87,9,62,127,10,208,114,78,192,400
04/05/2023,CHO,VA,AEA,EN,Federal Contract Tower,9,49,60,10,128,0,15,70,0,85,9,64,130,10,213,110,76,186,399
04/06/2023,CHO,VA,AEA,EN,Federal Contract Tower,10,41,40,0,91,0,10,61,2,73,10,51,101,2,164,115,26,141,305
04/07/2023,CHO,VA,AEA,EN,Federal Contract Tower,9,54,59,0,122,0,13,76,0,89,9,67,135,0,211,156,0,156,367
04/08/2023,CHO,VA,AEA,EN,Federal Contract Tower,20,45,52,0,117,0,2,66,0,68,20,47,118,0,185,104,0,104,289
04/09/2023,CHO,VA,AEA,EN,Federal Contract Tower,12,55,55,0,122,0,25,75,0,100,12,80,130,0,222,104,0,104,326
04/10/2023,CHO,VA,AEA,EN,Federal Contract Tower,15,58,76,8,157,0,25,79,0,104,15,83,155,8,261,144,68,212,473
04/11/2023,CHO,VA,AEA,EN,Federal Contract Tower,20,66,65,2,153,0,41,83,2,126,20,107,148,4,279,162,24,186,465
04/12/2023,CHO,VA,AEA,EN,Federal Contract Tower,9,42,47,12,110,0,16,78,0,94,9,58,125,12,204,112,80,192,396
04/13/2023,CHO,VA,AEA,EN,Federal Contract Tower,14,67,61,12,154,0,11,93,10,114,14,78,154,22,268,138,66,204,472
04/14/2023,CHO,VA,AEA,EN,Federal Contract Tower,9,46,68,8,131,0,14,81,0,95,9,60,149,8,226,104,86,190,416
04/15/2023,CHO,VA,AEA,EN,Federal Contract Tower,9,43,53,2,107,0,21,81,0,102,9,64,134,2,209,146,0,146,355
04/16/2023,CHO,VA,AEA,EN,Federal Contract Tower,10,42,53,2,107,0,29,64,0,93,10,71,117,2,200,82,0,82,282
04/17/2023,CHO,VA,AEA,EN,Federal Contract Tower,15,43,53,6,117,0,26,69,0,95,15,69,122,6,212,98,80,178,390
04/18/2023,CHO,VA,AEA,EN,Federal Contract Tower,15,44,57,8,124,0,17,73,0,90,15,61,130,8,214,88,90,178,392
04/19/2023,CHO,VA,AEA,EN,Federal Contract Tower,9,45,57,10,121,0,19,69,0,88,9,64,126,10,209,104,80,184,393
04/20/2023,CHO,VA,AEA,EN,Federal Contract Tower,13,44,56,8,121,0,17,81,0,98,13,61,137,8,219,136,68,204,423
04/21/2023,CHO,VA,AEA,EN,Federal Contract Tower,21,66,61,12,160,0,25,76,2,103,21,91,137,14,263,148,14,162,425
04/22/2023,CHO,VA,AEA,EN,Federal Contract Tower,12,58,55,0,125,0,12,64,0,76,12,70,119,0,201,20,0,20,221
04/23/2023,CHO,VA,AEA,EN,Federal Contract Tower,20,63,62,0,145,0,15,77,0,92,20,78,139,0,237,170,0,170,407
04/24/2023,CHO,VA,AEA,EN,Federal Contract Tower,12,50,55,12,129,0,15,93,2,110,12,65,148,14,239,132,62,194,433
04/25/2023,CHO,VA,AEA,EN,Federal Contract Tower,11,47,57,10,125,0,15,73,2,90,11,62,130,12,215,164,76,240,455
04/26/2023,CHO,VA,AEA,EN,Federal Contract Tower,12,43,63,12,130,0,21,102,0,123,12,64,165,12,253,144,66,210,463
04/27/2023,CHO,VA,AEA,EN,Federal Contract Tower,12,51,45,10,118,0,16,80,0,96,12,67,125,10,214,140,72,212,426
04/28/2023,CHO,VA,AEA,EN,Federal Contract Tower,13,49,56,0,118,0,0,0,0,0,13,49,56,0,118,0,0,0,118
04/29/2023,CHO,VA,AEA,EN,Federal Contract Tower,19,84,67,0,170,0,25,54,0,79,19,109,121,0,249,162,0,162,411
04/30/2023,CHO,VA,AEA,EN,Federal Contract Tower,13,58,69,0,140,0,0,1,0,1,13,58,70,0,141,12,0,12,153
05/01/2023,CHO,VA,AEA,EN,Federal Contract Tower,22,45,54,8,129,0,22,38,0,60,22,67,92,8,189,64,74,138,327
05/02/2023,CHO,VA,AEA,EN,Federal Contract Tower,20,68,55,6,149,0,22,76,0,98,20,90,131,6,247,134,64,198,445
05/03/2023,CHO,VA,AEA,EN,Federal Contract Tower,17,63,54,19,153,0,20,78,0,98,17,83,132,19,251,108,62,170,421
05/04/2023,CHO,VA,AEA,EN,Federal Contract Tower,18,59,54,8,139,0,21,90,0,111,18,80,144,8,250,128,56,184,434
05/05/2023,CHO,VA,AEA,EN,Federal Contract Tower,16,54,56,8,134,0,15,80,0,95,16,69,136,8,229,118,70,188,417
05/06/2023,CHO,VA,AEA,EN,Federal Contract Tower,22,63,60,0,145,0,19,87,0,106,22,82,147,0,251,120,0,120,371
05/07/2023,CHO,VA,AEA,EN,Federal Contract Tower,26,88,53,0,167,0,25,65,0,90,26,113,118,0,257,120,0,120,377
05/08/2023,CHO,VA,AEA,EN,Federal Contract Tower,17,60,53,21,151,0,24,53,0,77,17,84,106,21,228,116,58,174,402
05/09/2023,CHO,VA,AEA,EN,Federal Contract Tower,12,41,46,8,107,0,17,55,0,72,12,58,101,8,179,92,64,156,335
05/10/2023,CHO,VA,AEA,EN,Federal Contract Tower,10,49,58,10,127,0,16,71,0,87,10,65,129,10,214,84,72,156,370
05/11/2023,CHO,VA,AEA,EN,Federal Contract Tower,16,54,40,12,122,0,12,78,0,90,16,66,118,12,212,130,78,208,420
05/12/2023,CHO,VA,AEA,EN,Federal Contract Tower,16,60,60,10,146,0,21,90,0,111,16,81,150,10,257,120,80,200,457
05/13/2023,CHO,VA,AEA,EN,Federal Contract Tower,20,71,58,0,149,0,15,65,0,80,20,86,123,0,229,50,0,50,279
05/14/2023,CHO,VA,AEA,EN,Federal Contract Tower,10,41,53,0,104,0,15,81,0,96,10,56,134,0,200,140,0,140,340
05/15/2023,CHO,VA,AEA,EN,Federal Contract Tower,11,42,39,8,100,0,12,61,0,73,11,54,100,8,173,90,72,162,335
05/16/2023,CHO,VA,AEA,EN,Federal Contract Tower,9,43,60,8,120,0,13,68,0,81,9,56,128,8,201,92,66,158,359
05/17/2023,CHO,VA,AEA,EN,Federal Contract Tower,10,44,49,6,109,0,12,69,0,81,10,56,118,6,190,106,48,154,344
05/18/2023,CHO,VA,AEA,EN,Federal Contract Tower,15,51,34,6,106,0,14,68,0,82,15,65,102,6,188,140,62,202,390
05/19/2023,CHO,VA,AEA,EN,Federal Contract Tower,27,90,77,12,206,0,19,84,0,103,27,109,161,12,309,116,80,196,505
05/20/2023,CHO,VA,AEA,EN,Federal Contract Tower,15,49,51,0,115,0,18,75,0,93,15,67,126,0,208,90,0,90,298
05/21/2023,CHO,VA,AEA,EN,Federal Contract Tower,13,97,102,0,212,0,22,96,0,118,13,119,198,0,330,166,0,166,496
05/22/2023,CHO,VA,AEA,EN,Federal Contract Tower,12,68,59,6,145,0,23,64,0,87,12,91,123,6,232,122,56,178,410
05/23/2023,CHO,VA,AEA,EN,Federal Contract Tower,15,50,66,10,141,0,17,75,0,92,15,67,141,10,233,114,42,156,389
05/24/2023,CHO,VA,AEA,EN,Federal Contract Tower,20,52,59,1,132,0,22,81,0,103,20,74,140,1,235,134,18,152,387
05/25/2023,CHO,VA,AEA,EN,Federal Contract Tower,19,50,52,10,131,0,10,53,1,64,19,60,105,11,195,76,60,136,331
05/26/2023,CHO,VA,AEA,EN,Federal Contract Tower,15,47,67,6,135,0,21,79,0,100,15,68,146,6,235,160,62,222,457
05/27/2023,CHO,VA,AEA,EN,Federal Contract Tower,13,63,47,6,129,0,23,68,0,91,13,86,115,6,220,110,0,110,330
05/28/2023,CHO,VA,AEA,EN,Federal Contract Tower,12,68,56,0,136,0,21,74,0,95,12,89,130,0,231,186,0,186,417
05/29/2023,CHO,VA,AEA,EN,Federal Contract Tower,13,58,80,0,151,0,0,1,0,1,13,58,81,0,152,4,0,4,156
05/30/2023,CHO,VA,AEA,EN,Federal Contract Tower,16,50,52,0,118,0,11,57,0,68,16,61,109,0,186,100,0,100,286
05/31/2023,CHO,VA,AEA,EN,Federal Contract Tower,16,63,80,6,165,0,21,84,0,105,16,84,164,6,270,176,60,236,506
06/01/2023,CHO,VA,AEA,EN,Federal Contract Tower,16,49,65,7,137,0,14,66,0,80,16,63,131,7,217,98,74,172,389
06/02/2023,CHO,VA,AEA,EN,Federal Contract Tower,11,45,18,0,74,0,14,57,1,72,11,59,75,1,146,58,30,88,234
06/03/2023,CHO,VA,AEA,EN,Federal Contract Tower,11,47,69,0,127,0,13,91,0,104,11,60,160,0,231,168,0,168,399
06/04/2023,CHO,VA,AEA,EN,Federal Contract Tower,14,73,86,0,173,0,22,87,0,109,14,95,173,0,282,170,0,170,452
06/05/2023,CHO,VA,AEA,EN,Federal Contract Tower,15,44,57,8,124,2,22,60,0,84,17,66,117,8,208,136,56,192,400
06/06/2023,CHO,VA,AEA,EN,Federal Contract Tower,15,43,53,6,117,0,19,68,0,87,15,62,121,6,204,86,70,156,360
06/07/2023,CHO,VA,AEA,EN,Federal Contract Tower,19,58,74,8,159,0,25,78,0,103,19,83,152,8,262,155,56,211,473
06/08/2023,CHO,VA,AEA,EN,Federal Contract Tower,16,51,58,6,131,0,0,16,0,16,16,51,74,6,147,88,0,88,235
06/09/2023,CHO,VA,AEA,EN,Federal Contract Tower,13,43,52,8,116,0,17,98,0,115,13,60,150,8,231,134,50,184,415
06/10/2023,CHO,VA,AEA,EN,Federal Contract Tower,14,53,68,0,135,0,12,67,1,80,14,65,135,1,215,102,0,102,317
06/11/2023,CHO,VA,AEA,EN,Federal Contract Tower,15,80,60,0,155,0,10,69,0,79,15,90,129,0,234,132,0,132,366
06/12/2023,CHO,VA,AEA,EN,Federal Contract Tower,14,57,53,0,124,0,12,63,0,75,14,69,116,0,199,154,0,154,353
06/13/2023,CHO,VA,AEA,EN,Federal Contract Tower,9,44,26,8,87,0,16,54,0,70,9,60,80,8,157,94,54,148,305
06/14/2023,CHO,VA,AEA,EN,Federal Contract Tower,18,46,44,9,117,0,12,68,8,88,18,58,112,17,205,18,44,62,267
06/15/2023,CHO,VA,AEA,EN,Federal Contract Tower,17,63,39,6,125,0,25,91,0,116,17,88,130,6,241,178,54,232,473
06/16/2023,CHO,VA,AEA,EN,Federal Contract Tower,16,62,67,6,151,0,23,81,0,104,16,85,148,6,255,80,64,144,399
06/17/2023,CHO,VA,AEA,EN,Federal Contract Tower,17,74,65,0,156,2,15,81,0,98,19,89,146,0,254,106,0,106,360
06/18/2023,CHO,VA,AEA,EN,Federal Contract Tower,16,78,69,0,163,0,12,84,0,96,16,90,153,0,259,206,0,206,465
06/19/2023,CHO,VA,AEA,EN,Federal Contract Tower,19,54,66,5,144,0,7,42,0,49,19,61,108,5,193,70,0,70,263
06/20/2023,CHO,VA,AEA,EN,Federal Contract Tower,6,35,30,0,71,0,0,0,0,0,6,35,30,0,71,0,0,0,71
06/21/2023,CHO,VA,AEA,EN,Federal Contract Tower,7,37,29,0,73,0,0,0,0,0,7,37,29,0,73,0,0,0,73
06/22/2023,CHO,VA,AEA,EN,Federal Contract Tower,13,53,55,0,121,0,0,0,0,0,13,53,55,0,121,0,0,0,121
06/23/2023,CHO,VA,AEA,EN,Federal Contract Tower,12,68,70,0,150,0,0,0,0,0,12,68,70,0,150,0,0,0,150
06/24/2023,CHO,VA,AEA,EN,Federal Contract Tower,16,68,59,0,143,0,6,31,0,37,16,74,90,0,180,4,0,4,184
06/25/2023,CHO,VA,AEA,EN,Federal Contract Tower,20,78,42,0,140,0,10,83,0,93,20,88,125,0,233,212,0,212,445
06/26/2023,CHO,VA,AEA,EN,Federal Contract Tower,11,44,54,8,117,0,12,60,0,72,11,56,114,8,189,84,56,140,329
06/27/2023,CHO,VA,AEA,EN,Federal Contract Tower,11,25,19,4,59,0,7,68,9,84,11,32,87,13,143,185,42,227,370
06/28/2023,CHO,VA,AEA,EN,Federal Contract Tower,17,84,65,2,168,0,15,59,0,74,17,99,124,2,242,122,10,132,374
06/29/2023,CHO,VA,AEA,EN,Federal Contract Tower,18,65,78,0,161,0,0,0,0,0,18,65,78,0,161,0,0,0,161
06/30/2023,CHO,VA,AEA,EN,Federal Contract Tower,15,60,72,0,147,0,0,4,0,4,15,60,76,0,151,0,0,0,151
07/01/2023,CHO,VA,AEA,EN,Federal Contract Tower,18,67,67,0,152,0,4,32,0,36,18,71,99,0,188,36,0,36,224
07/02/2023,CHO,VA,AEA,EN,Federal Contract Tower,18,57,56,0,131,0,6,67,0,73,18,63,123,0,204,134,0,134,338
07/03/2023,CHO,VA,AEA,EN,Federal Contract Tower,11,45,53,8,117,0,15,67,0,82,11,60,120,8,199,114,52,166,365
07/04/2023,CHO,VA,AEA,EN,Federal Contract Tower,11,47,61,0,119,0,16,89,0,105,11,63,150,0,224,146,0,146,370
07/05/2023,CHO,VA,AEA,EN,Federal Contract Tower,16,72,55,0,143,0,4,63,0,67,16,76,118,0,210,144,0,144,354
07/06/2023,CHO,VA,AEA,EN,Federal Contract Tower,11,51,59,10,131,0,15,67,0,82,11,66,126,10,213,98,88,186,399
07/07/2023,CHO,VA,AEA,EN,Federal Contract Tower,20,62,58,6,146,0,19,79,8,106,20,81,137,14,252,166,60,226,478
07/08/2023,CHO,VA,AEA,EN,Federal Contract Tower,16,75,74,0,165,0,14,71,0,85,16,89,145,0,250,128,0,128,378
07/09/2023,CHO,VA,AEA,EN,Federal Contract Tower,19,67,62,0,148,0,2,4,0,6,19,69,66,0,154,0,0,0,154
07/10/2023,CHO,VA,AEA,EN,Federal Contract Tower,11,50,52,0,113,0,0,58,0,58,11,50,110,0,171,126,0,126,297
07/11/2023,CHO,VA,AEA,EN,Federal Contract Tower,6,60,64,0,130,0,9,70,5,84,6,69,134,5,214,154,0,154,368
07/12/2023,CHO,VA,AEA,EN,Federal Contract Tower,12,52,56,4,124,0,9,86,1,96,12,61,142,5,220,142,0,142,362
07/13/2023,CHO,VA,AEA,EN,Federal Contract Tower,10,52,55,10,127,0,7,53,0,60,10,59,108,10,187,64,0,64,251
07/14/2023,CHO,VA,AEA,EN,Federal Contract Tower,16,76,49,12,153,0,17,78,8,103,16,93,127,20,256,131,56,187,443
07/15/2023,CHO,VA,AEA,EN,Federal Contract Tower,13,52,56,0,121,0,7,30,0,37,13,59,86,0,158,96,0,96,254
07/16/2023,CHO,VA,AEA,EN,Federal Contract Tower,14,47,41,0,102,0,4,63,0,67,14,51,104,0,169,136,0,136,305
07/17/2023,CHO,VA,AEA,EN,Federal Contract Tower,16,61,46,0,123,0,8,48,0,56,16,69,94,0,179,72,0,72,251
07/18/2023,CHO,VA,AEA,EN,Federal Contract Tower,9,50,49,4,112,0,0,40,7,47,9,50,89,11,159,128,24,152,311
07/19/2023,CHO,VA,AEA,EN,Federal Contract Tower,15,63,45,6,129,0,0,47,7,54,15,63,92,13,183,94,28,122,305
07/20/2023,CHO,VA,AEA,EN,Federal Contract Tower,13,58,48,8,127,0,16,78,6,100,13,74,126,14,227,120,38,158,385
07/21/2023,CHO,VA,AEA,EN,Federal Contract Tower,8,70,79,0,157,0,5,51,5,61,8,75,130,5,218,84,0,84,302
07/22/2023,CHO,VA,AEA,EN,Federal Contract Tower,7,49,59,3,118,0,9,72,4,85,7,58,131,7,203,58,0,58,261
07/23/2023,CHO,VA,AEA,EN,Federal Contract Tower,11,62,64,0,137,0,0,54,0,54,11,62,118,0,191,102,0,102,293
07/24/2023,CHO,VA,AEA,EN,Federal Contract Tower,10,52,58,10,130,0,13,77,0,90,10,65,135,10,220,134,74,208,428
07/25/2023,CHO,VA,AEA,EN,Federal Contract Tower,12,48,33,0,93,0,4,48,1,53,12,52,81,1,146,106,2,108,254
07/26/2023,CHO,VA,AEA,EN,Federal Contract Tower,8,60,64,5,137,13,58,0,0,71,21,118,64,5,208,56,22,78,286
07/27/2023,CHO,VA,AEA,EN,Federal Contract Tower,15,51,51,10,127,0,20,63,0,83,15,71,114,10,210,108,58,166,376
07/28/2023,CHO,VA,AEA,EN,Federal Contract Tower,13,41,52,10,116,0,15,60,0,75,13,56,112,10,191,84,66,150,341
07/29/2023,CHO,VA,AEA,EN,Federal Contract Tower,11,57,48,0,116,0,14,56,0,70,11,71,104,0,186,80,10,90,276
07/30/2023,CHO,VA,AEA,EN,Federal Contract Tower,16,74,66,0,156,0,10,76,0,86,16,84,142,0,242,130,0,130,372
07/31/2023,CHO,VA,AEA,EN,Federal Contract Tower,13,54,66,10,143,0,18,86,0,104,13,72,152,10,247,146,72,218,465
08/01/2023,CHO,VA,AEA,EN,Federal Contract Tower,24,43,29,0,96,0,8,52,1,61,24,51,81,1,157,136,12,148,305
08/02/2023,CHO,VA,AEA,EN,Federal Contract Tower,16,68,49,6,139,0,8,66,3,77,16,76,115,9,216,114,8,122,338
08/03/2023,CHO,VA,AEA,EN,Federal Contract Tower,11,56,53,10,130,0,13,59,0,72,11,69,112,10,202,108,70,178,380
08/04/2023,CHO,VA,AEA,EN,Federal Contract Tower,24,44,51,0,119,0,11,72,0,83,24,55,123,0,202,165,0,165,367
08/05/2023,CHO,VA,AEA,EN,Federal Contract Tower,13,43,40,0,96,0,0,40,0,40,13,43,80,0,136,76,0,76,212
08/06/2023,CHO,VA,AEA,EN,Federal Contract Tower,13,58,56,0,127,0,18,57,0,75,13,76,113,0,202,120,0,120,322
08/07/2023,CHO,VA,AEA,EN,Federal Contract Tower,14,49,51,10,124,0,19,72,0,91,14,68,123,10,215,106,56,162,377
08/08/2023,CHO,VA,AEA,EN,Federal Contract Tower,15,67,51,0,133,0,8,52,4,64,15,75,103,4,197,114,40,154,351
08/09/2023,CHO,VA,AEA,EN,Federal Contract Tower,17,54,48,6,125,0,16,62,0,78,17,70,110,6,203,84,18,102,305
08/10/2023,CHO,VA,AEA,EN,Federal Contract Tower,8,59,68,10,145,0,26,72,1,99,8,85,140,11,244,114,80,194,438
08/11/2023,CHO,VA,AEA,EN,Federal Contract Tower,16,79,67,12,174,0,16,96,6,118,16,95,163,18,292,144,56,200,492
08/12/2023,CHO,VA,AEA,EN,Federal Contract Tower,26,38,30,0,94,0,6,55,0,61,26,44,85,0,155,64,0,64,219
08/13/2023,CHO,VA,AEA,EN,Federal Contract Tower,18,70,48,0,136,0,14,71,0,85,18,84,119,0,221,188,0,188,409
08/14/2023,CHO,VA,AEA,EN,Federal Contract Tower,10,48,61,10,129,0,16,84,0,100,10,64,145,10,229,130,80,210,439
08/15/2023,CHO,VA,AEA,EN,Federal Contract Tower,10,42,49,2,103,0,16,40,1,57,10,58,89,3,160,98,10,108,268
08/16/2023,CHO,VA,AEA,EN,Federal Contract Tower,11,45,30,0,86,0,0,56,3,59,11,45,86,3,145,216,2,218,363
08/17/2023,CHO,VA,AEA,EN,Federal Contract Tower,12,64,68,12,156,0,32,78,0,110,12,96,146,12,266,218,74,292,558
08/18/2023,CHO,VA,AEA,EN,Federal Contract Tower,15,50,65,8,138,0,17,85,0,102,15,67,150,8,240,138,62,200,440
08/19/2023,CHO,VA,AEA,EN,Federal Contract Tower,18,36,32,0,86,0,14,63,0,77,18,50,95,0,163,98,0,98,261
08/20/2023,CHO,VA,AEA,EN,Federal Contract Tower,19,88,65,0,172,0,15,87,0,102,19,103,152,0,274,160,0,160,434
08/21/2023,CHO,VA,AEA,EN,Federal Contract Tower,13,56,56,10,135,0,19,79,2,100,13,75,135,12,235,190,84,274,509
08/22/2023,CHO,VA,AEA,EN,Federal Contract Tower,15,55,42,10,122,0,22,69,0,91,15,77,111,10,213,178,72,250,463
08/23/2023,CHO,VA,AEA,EN,Federal Contract Tower,17,84,69,6,176,0,16,86,0,102,17,100,155,6,278,98,18,116,394
08/24/2023,CHO,VA,AEA,EN,Federal Contract Tower,12,57,54,12,135,0,23,71,0,94,12,80,125,12,229,156,98,254,483
08/25/2023,CHO,VA,AEA,EN,Federal Contract Tower,12,54,65,8,139,0,23,83,0,106,12,77,148,8,245,141,66,207,452
08/26/2023,CHO,VA,AEA,EN,Federal Contract Tower,19,38,33,0,90,0,9,54,3,66,19,47,87,3,156,158,12,170,326
08/27/2023,CHO,VA,AEA,EN,Federal Contract Tower,8,52,54,0,114,0,13,66,0,79,8,65,120,0,193,150,0,150,343
08/29/2023,CHO,VA,AEA,EN,Federal Contract Tower,10,57,64,0,131,0,8,50,0,58,10,65,114,0,189,124,0,124,313
08/30/2023,CHO,VA,AEA,EN,Federal Contract Tower,10,52,59,8,129,0,16,73,2,91,10,68,132,10,220,144,76,220,440
08/31/2023,CHO,VA,AEA,EN,Federal Contract Tower,10,47,55,10,122,0,23,75,0,98,10,70,130,10,220,144,84,228,448
01/01/2020,CHO,VA,AEA,EN,Federal Contract Tower,9,63,55,0,127,0,10,70,0,80,9,73,125,0,207,82,0,82,289
01/02/2020,CHO,VA,AEA,EN,Federal Contract Tower,15,47,39,0,101,0,8,41,0,49,15,55,80,0,150,64,0,64,214
01/03/2020,CHO,VA,AEA,EN,Federal Contract Tower,19,47,44,0,110,0,3,17,0,20,19,50,61,0,130,26,0,26,156
01/04/2020,CHO,VA,AEA,EN,Federal Contract Tower,19,75,48,0,142,0,6,42,0,48,19,81,90,0,190,76,0,76,266
01/05/2020,CHO,VA,AEA,EN,Federal Contract Tower,16,67,43,2,128,0,8,59,0,67,16,75,102,2,195,146,0,146,341
01/06/2020,CHO,VA,AEA,EN,Federal Contract Tower,17,65,37,2,121,0,11,55,0,66,17,76,92,2,187,88,0,88,275
01/07/2020,CHO,VA,AEA,EN,Federal Contract Tower,15,57,32,0,104,0,2,2,0,4,15,59,34,0,108,18,0,18,126
01/08/2020,CHO,VA,AEA,EN,Federal Contract Tower,20,69,34,2,125,0,4,49,0,53,20,73,83,2,178,50,18,68,246
01/09/2020,CHO,VA,AEA,EN,Federal Contract Tower,20,73,51,7,151,0,3,57,2,62,20,76,108,9,213,80,64,144,357
01/10/2020,CHO,VA,AEA,EN,Federal Contract Tower,17,53,55,8,133,0,11,51,8,70,17,64,106,16,203,60,62,122,325
01/11/2020,CHO,VA,AEA,EN,Federal Contract Tower,18,68,31,0,117,0,4,0,0,4,18,72,31,0,121,0,0,0,121
01/12/2020,CHO,VA,AEA,EN,Federal Contract Tower,17,65,48,0,130,0,6,64,0,70,17,71,112,0,200,252,0,252,452
01/13/2020,CHO,VA,AEA,EN,Federal Contract Tower,21,76,40,4,141,0,10,84,0,94,21,86,124,4,235,156,170,326,561
01/14/2020,CHO,VA,AEA,EN,Federal Contract Tower,13,36,37,0,86,0,0,0,0,0,13,36,37,0,86,0,0,0,86
01/15/2020,CHO,VA,AEA,EN,Federal Contract Tower,18,57,45,16,136,0,6,77,0,83,18,63,122,16,219,134,184,318,537
01/16/2020,CHO,VA,AEA,EN,Federal Contract Tower,14,58,50,6,128,0,8,53,0,61,14,66,103,6,189,56,48,104,293
01/17/2020,CHO,VA,AEA,EN,Federal Contract Tower,19,45,44,6,114,0,11,65,0,76,19,56,109,6,190,76,30,106,296
01/18/2020,CHO,VA,AEA,EN,Federal Contract Tower,15,61,34,0,110,0,4,20,0,24,15,65,54,0,134,0,28,28,162
01/19/2020,CHO,VA,AEA,EN,Federal Contract Tower,12,53,35,0,100,0,11,59,0,70,12,64,94,0,170,64,0,64,234
01/20/2020,CHO,VA,AEA,EN,Federal Contract Tower,20,65,39,0,124,0,15,71,0,86,20,80,110,0,210,158,0,158,368
01/21/2020,CHO,VA,AEA,EN,Federal Contract Tower,13,68,35,7,123,0,6,65,5,76,13,74,100,12,199,92,0,92,291
01/22/2020,CHO,VA,AEA,EN,Federal Contract Tower,11,73,43,6,133,0,7,74,0,81,11,80,117,6,214,108,52,160,374
01/23/2020,CHO,VA,AEA,EN,Federal Contract Tower,13,68,37,10,128,0,7,60,8,75,13,75,97,18,203,112,56,168,371
01/24/2020,CHO,VA,AEA,EN,Federal Contract Tower,18,65,57,8,148,0,14,48,6,68,18,79,105,14,216,68,70,138,354
01/25/2020,CHO,VA,AEA,EN,Federal Contract Tower,15,64,38,0,117,0,7,38,0,45,15,71,76,0,162,66,0,66,228
01/26/2020,CHO,VA,AEA,EN,Federal Contract Tower,21,69,59,2,151,0,12,72,0,84,21,81,131,2,235,158,0,158,393
01/27/2020,CHO,VA,AEA,EN,Federal Contract Tower,18,67,40,4,129,0,6,46,0,52,18,73,86,4,181,142,6,148,329
01/28/2020,CHO,VA,AEA,EN,Federal Contract Tower,14,78,53,5,150,0,8,74,8,90,14,86,127,13,240,78,58,136,376
01/29/2020,CHO,VA,AEA,EN,Federal Contract Tower,11,61,47,9,128,0,12,58,8,78,11,73,105,17,206,54,68,122,328
01/30/2020,CHO,VA,AEA,EN,Federal Contract Tower,13,52,37,8,110,0,11,52,6,69,13,63,89,14,179,78,76,154,333
01/31/2020,CHO,VA,AEA,EN,Federal Contract Tower,18,46,53,6,123,0,18,39,5,62,18,64,92,11,185,50,38,88,273
02/01/2020,CHO,VA,AEA,EN,Federal Contract Tower,13,55,37,0,105,0,7,41,0,48,13,62,78,0,153,68,0,68,221
02/02/2020,CHO,VA,AEA,EN,Federal Contract Tower,12,59,36,0,107,0,5,48,0,53,12,64,84,0,160,84,0,84,244
02/03/2020,CHO,VA,AEA,EN,Federal Contract Tower,16,45,56,8,125,0,9,55,6,70,16,54,111,14,195,82,48,130,325
02/04/2020,CHO,VA,AEA,EN,Federal Contract Tower,16,57,61,7,141,0,17,69,4,90,16,74,130,11,231,124,38,162,393
02/05/2020,CHO,VA,AEA,EN,Federal Contract Tower,8,69,33,4,114,0,6,34,0,40,8,75,67,4,154,46,0,46,200
02/06/2020,CHO,VA,AEA,EN,Federal Contract Tower,9,56,55,0,120,0,0,0,0,0,9,56,55,0,120,0,0,0,120
02/07/2020,CHO,VA,AEA,EN,Federal Contract Tower,20,47,70,9,146,0,4,4,0,8,20,51,74,9,154,6,0,6,160
02/08/2020,CHO,VA,AEA,EN,Federal Contract Tower,16,77,48,0,141,0,9,62,2,73,16,86,110,2,214,178,0,178,392
02/09/2020,CHO,VA,AEA,EN,Federal Contract Tower,15,75,60,2,152,0,11,74,0,85,15,86,134,2,237,164,0,164,401
02/10/2020,CHO,VA,AEA,EN,Federal Contract Tower,17,62,44,7,130,0,13,46,3,62,17,75,90,10,192,32,50,82,274
02/11/2020,CHO,VA,AEA,EN,Federal Contract Tower,11,59,49,7,126,0,13,31,6,50,11,72,80,13,176,30,44,74,250
02/12/2020,CHO,VA,AEA,EN,Federal Contract Tower,13,74,32,2,121,0,4,50,0,54,13,78,82,2,175,66,18,84,259
02/13/2020,CHO,VA,AEA,EN,Federal Contract Tower,11,54,49,11,125,0,0,12,2,14,11,54,61,13,139,12,48,60,199
02/14/2020,CHO,VA,AEA,EN,Federal Contract Tower,18,47,51,7,123,0,14,91,5,110,18,61,142,12,233,116,40,156,389
02/15/2020,CHO,VA,AEA,EN,Federal Contract Tower,12,58,35,0,105,0,16,59,0,75,12,74,94,0,180,104,0,104,284
02/16/2020,CHO,VA,AEA,EN,Federal Contract Tower,16,64,43,2,125,0,10,72,0,82,16,74,115,2,207,122,0,122,329
02/17/2020,CHO,VA,AEA,EN,Federal Contract Tower,17,73,59,0,149,0,15,110,0,125,17,88,169,0,274,194,0,194,468
02/18/2020,CHO,VA,AEA,EN,Federal Contract Tower,23,71,33,2,129,0,6,70,0,76,23,77,103,2,205,166,0,166,371
02/19/2020,CHO,VA,AEA,EN,Federal Contract Tower,11,49,55,15,130,0,27,88,8,123,11,76,143,23,253,112,86,198,451
02/20/2020,CHO,VA,AEA,EN,Federal Contract Tower,15,64,44,13,136,0,9,74,4,87,15,73,118,17,223,113,38,151,374
02/21/2020,CHO,VA,AEA,EN,Federal Contract Tower,16,52,59,10,137,0,22,84,8,114,16,74,143,18,251,118,62,180,431
02/22/2020,CHO,VA,AEA,EN,Federal Contract Tower,12,68,40,1,121,0,6,93,0,99,12,74,133,1,220,154,0,154,374
02/23/2020,CHO,VA,AEA,EN,Federal Contract Tower,13,78,40,1,132,0,13,100,0,113,13,91,140,1,245,116,0,116,361
02/24/2020,CHO,VA,AEA,EN,Federal Contract Tower,13,64,46,11,134,0,11,75,8,94,13,75,121,19,228,96,40,136,364
02/25/2020,CHO,VA,AEA,EN,Federal Contract Tower,9,73,31,0,113,0,1,3,0,4,9,74,34,0,117,0,0,0,117
02/26/2020,CHO,VA,AEA,EN,Federal Contract Tower,11,65,49,6,131,0,0,0,0,0,11,65,49,6,131,0,0,0,131
02/27/2020,CHO,VA,AEA,EN,Federal Contract Tower,13,63,42,8,126,0,10,36,4,50,13,73,78,12,176,50,46,96,272
02/28/2020,CHO,VA,AEA,EN,Federal Contract Tower,17,56,59,6,138,0,19,46,4,69,17,75,105,10,207,65,24,89,296
02/29/2020,CHO,VA,AEA,EN,Federal Contract Tower,16,100,68,0,184,0,8,78,0,86,16,108,146,0,270,54,18,72,342
03/01/2020,CHO,VA,AEA,EN,Federal Contract Tower,16,89,59,0,164,0,6,98,0,104,16,95,157,0,268,146,0,146,414
03/02/2020,CHO,VA,AEA,EN,Federal Contract Tower,13,58,42,2,115,0,6,37,2,45,13,64,79,4,160,80,14,94,254
03/03/2020,CHO,VA,AEA,EN,Federal Contract Tower,15,62,44,11,132,0,22,61,10,93,15,84,105,21,225,82,126,208,433
03/04/2020,CHO,VA,AEA,EN,Federal Contract Tower,12,77,55,7,151,0,23,74,5,102,12,100,129,12,253,108,74,182,435
03/05/2020,CHO,VA,AEA,EN,Federal Contract Tower,12,74,40,8,134,0,14,68,0,82,12,88,108,8,216,114,62,176,392
03/06/2020,CHO,VA,AEA,EN,Federal Contract Tower,20,55,52,8,135,0,16,57,7,80,20,71,109,15,215,62,56,118,333
03/07/2020,CHO,VA,AEA,EN,Federal Contract Tower,12,72,46,2,132,0,11,54,0,65,12,83,100,2,197,140,0,140,337
03/08/2020,CHO,VA,AEA,EN,Federal Contract Tower,14,72,50,0,136,0,6,81,0,87,14,78,131,0,223,200,0,200,423
03/09/2020,CHO,VA,AEA,EN,Federal Contract Tower,11,60,41,7,119,0,12,60,2,74,11,72,101,9,193,148,48,196,389
03/10/2020,CHO,VA,AEA,EN,Federal Contract Tower,11,71,30,2,114,0,7,48,3,58,11,78,78,5,172,86,12,98,270
03/11/2020,CHO,VA,AEA,EN,Federal Contract Tower,11,59,51,6,127,0,17,73,8,98,11,76,124,14,225,152,46,198,423
03/12/2020,CHO,VA,AEA,EN,Federal Contract Tower,15,69,42,8,134,0,18,59,10,87,15,87,101,18,221,84,60,144,365
03/13/2020,CHO,VA,AEA,EN,Federal Contract Tower,18,56,56,10,140,0,6,46,2,54,18,62,102,12,194,64,22,86,280
03/14/2020,CHO,VA,AEA,EN,Federal Contract Tower,11,63,35,0,109,0,16,70,0,86,11,79,105,0,195,182,0,182,377
03/15/2020,CHO,VA,AEA,EN,Federal Contract Tower,14,64,25,0,103,0,2,2,0,4,14,66,27,0,107,0,0,0,107
03/16/2020,CHO,VA,AEA,EN,Federal Contract Tower,12,52,62,6,132,0,13,68,5,86,12,65,130,11,218,110,46,156,374
03/17/2020,CHO,VA,AEA,EN,Federal Contract Tower,11,59,42,9,121,0,26,66,7,99,11,85,108,16,220,106,38,144,364
03/18/2020,CHO,VA,AEA,EN,Federal Contract Tower,12,68,51,4,135,0,11,81,1,93,12,79,132,5,228,168,32,200,428
03/19/2020,CHO,VA,AEA,EN,Federal Contract Tower,8,49,37,3,97,0,12,61,7,80,8,61,98,10,177,126,54,180,357
03/21/2020,CHO,VA,AEA,EN,Federal Contract Tower,5,49,25,0,79,0,6,51,0,57,5,55,76,0,136,138,0,138,274
03/22/2020,CHO,VA,AEA,EN,Federal Contract Tower,7,60,39,0,106,0,4,50,0,54,7,64,89,0,160,124,0,124,284
03/23/2020,CHO,VA,AEA,EN,Federal Contract Tower,7,61,58,4,130,0,0,0,0,0,7,61,58,4,130,0,0,0,130
03/24/2020,CHO,VA,AEA,EN,Federal Contract Tower,9,48,47,12,116,0,10,58,0,68,9,58,105,12,184,130,46,176,360
03/25/2020,CHO,VA,AEA,EN,Federal Contract Tower,12,63,51,6,132,0,4,0,0,4,12,67,51,6,136,0,0,0,136
03/26/2020,CHO,VA,AEA,EN,Federal Contract Tower,5,57,59,4,125,0,15,56,0,71,5,72,115,4,196,76,30,106,302
03/27/2020,CHO,VA,AEA,EN,Federal Contract Tower,8,51,55,0,114,0,14,50,0,64,8,65,105,0,178,126,0,126,304
03/28/2020,CHO,VA,AEA,EN,Federal Contract Tower,8,45,19,0,72,0,0,0,0,0,8,45,19,0,72,70,0,70,142
03/29/2020,CHO,VA,AEA,EN,Federal Contract Tower,7,39,16,0,62,0,8,13,0,21,7,47,29,0,83,22,0,22,105
03/30/2020,CHO,VA,AEA,EN,Federal Contract Tower,8,41,23,2,74,0,7,36,0,43,8,48,59,2,117,96,0,96,213
03/31/2020,CHO,VA,AEA,EN,Federal Contract Tower,5,38,12,0,55,0,9,43,0,52,5,47,55,0,107,140,0,140,247
04/01/2020,CHO,VA,AEA,EN,Federal Contract Tower,6,30,24,0,60,0,8,25,0,33,6,38,49,0,93,42,0,42,135
04/02/2020,CHO,VA,AEA,EN,Federal Contract Tower,9,27,19,0,55,0,4,26,0,30,9,31,45,0,85,0,0,0,85
04/03/2020,CHO,VA,AEA,EN,Federal Contract Tower,10,25,19,0,54,0,10,24,0,34,10,35,43,0,88,26,0,26,114
04/04/2020,CHO,VA,AEA,EN,Federal Contract Tower,5,30,22,0,57,0,5,44,0,49,5,35,66,0,106,82,0,82,188
04/05/2020,CHO,VA,AEA,EN,Federal Contract Tower,4,28,20,0,52,0,4,69,0,73,4,32,89,0,125,136,0,136,261
04/06/2020,CHO,VA,AEA,EN,Federal Contract Tower,7,27,20,2,56,0,6,46,2,54,7,33,66,4,110,54,0,54,164
04/07/2020,CHO,VA,AEA,EN,Federal Contract Tower,3,31,15,0,49,0,5,52,0,57,3,36,67,0,106,150,0,150,256
04/08/2020,CHO,VA,AEA,EN,Federal Contract Tower,4,31,12,1,48,0,0,28,0,28,4,31,40,1,76,40,10,50,126
04/09/2020,CHO,VA,AEA,EN,Federal Contract Tower,3,9,0,2,14,0,0,0,1,1,3,9,0,3,15,0,0,0,15
04/10/2020,CHO,VA,AEA,EN,Federal Contract Tower,6,16,3,2,27,0,2,0,0,2,6,18,3,2,29,0,8,8,37
04/11/2020,CHO,VA,AEA,EN,Federal Contract Tower,5,22,11,0,38,0,4,34,0,38,5,26,45,0,76,96,0,96,172
04/12/2020,CHO,VA,AEA,EN,Federal Contract Tower,4,21,7,0,32,0,4,34,0,38,4,25,41,0,70,58,0,58,128
04/13/2020,CHO,VA,AEA,EN,Federal Contract Tower,5,18,2,0,25,0,4,4,0,8,5,22,6,0,33,8,0,8,41
04/14/2020,CHO,VA,AEA,EN,Federal Contract Tower,1,17,7,0,25,0,6,37,1,44,1,23,44,1,69,48,0,48,117
04/15/2020,CHO,VA,AEA,EN,Federal Contract Tower,4,26,27,1,58,0,4,42,5,51,4,30,69,6,109,54,36,90,199
04/16/2020,CHO,VA,AEA,EN,Federal Contract Tower,6,15,15,1,37,0,12,34,0,46,6,27,49,1,83,42,2,44,127
04/17/2020,CHO,VA,AEA,EN,Federal Contract Tower,7,15,14,7,43,0,9,27,5,41,7,24,41,12,84,114,36,150,234
04/18/2020,CHO,VA,AEA,EN,Federal Contract Tower,4,14,8,0,26,0,7,29,0,36,4,21,37,0,62,74,0,74,136
04/19/2020,CHO,VA,AEA,EN,Federal Contract Tower,5,21,12,2,40,0,4,57,0,61,5,25,69,2,101,130,12,142,243
04/20/2020,CHO,VA,AEA,EN,Federal Contract Tower,5,5,25,22,57,0,14,26,0,40,5,19,51,22,97,76,112,188,285
04/21/2020,CHO,VA,AEA,EN,Federal Contract Tower,3,9,29,0,41,0,15,51,6,72,3,24,80,6,113,64,66,130,243
04/22/2020,CHO,VA,AEA,EN,Federal Contract Tower,4,16,32,8,60,0,11,54,5,70,4,27,86,13,130,60,92,152,282
04/23/2020,CHO,VA,AEA,EN,Federal Contract Tower,10,22,23,8,63,0,12,33,6,51,10,34,56,14,114,42,62,104,218
04/24/2020,CHO,VA,AEA,EN,Federal Contract Tower,5,11,20,0,36,0,0,0,0,0,5,11,20,0,36,0,0,0,36
04/25/2020,CHO,VA,AEA,EN,Federal Contract Tower,4,9,15,0,28,0,8,31,0,39,4,17,46,0,67,120,0,120,187
04/26/2020,CHO,VA,AEA,EN,Federal Contract Tower,6,15,12,0,33,0,0,18,0,18,6,15,30,0,51,66,0,66,117
04/27/2020,CHO,VA,AEA,EN,Federal Contract Tower,7,13,7,0,27,0,4,37,2,43,7,17,44,2,70,84,6,90,160
04/28/2020,CHO,VA,AEA,EN,Federal Contract Tower,4,20,22,10,56,0,4,50,0,54,4,24,72,10,110,152,0,152,262
04/29/2020,CHO,VA,AEA,EN,Federal Contract Tower,3,9,20,6,38,0,6,38,6,50,3,15,58,12,88,54,34,88,176
04/30/2020,CHO,VA,AEA,EN,Federal Contract Tower,3,8,17,0,28,0,0,4,0,4,3,8,21,0,32,20,0,20,52
05/01/2020,CHO,VA,AEA,EN,Federal Contract Tower,5,13,25,7,50,0,9,43,0,52,5,22,68,7,102,54,44,98,200
05/02/2020,CHO,VA,AEA,EN,Federal Contract Tower,1,7,11,0,19,0,8,83,0,91,1,15,94,0,110,136,0,136,246
05/03/2020,CHO,VA,AEA,EN,Federal Contract Tower,2,9,14,0,25,0,16,39,0,55,2,25,53,0,80,136,0,136,216
05/04/2020,CHO,VA,AEA,EN,Federal Contract Tower,1,15,18,12,46,0,7,59,9,75,1,22,77,21,121,78,46,124,245
05/05/2020,CHO,VA,AEA,EN,Federal Contract Tower,3,9,8,0,20,0,0,3,0,3,3,9,11,0,23,56,0,56,79
05/06/2020,CHO,VA,AEA,EN,Federal Contract Tower,0,13,9,6,28,0,0,16,0,16,0,13,25,6,44,44,68,112,156
05/07/2020,CHO,VA,AEA,EN,Federal Contract Tower,3,5,19,4,31,0,5,43,0,48,3,10,62,4,79,90,0,90,169
05/08/2020,CHO,VA,AEA,EN,Federal Contract Tower,2,11,7,0,20,0,9,24,0,33,2,20,31,0,53,56,0,56,109
05/09/2020,CHO,VA,AEA,EN,Federal Contract Tower,1,7,4,0,12,0,6,35,4,45,1,13,39,4,57,76,20,96,153
05/10/2020,CHO,VA,AEA,EN,Federal Contract Tower,3,12,19,0,34,0,9,46,0,55,3,21,65,0,89,66,0,66,155
05/11/2020,CHO,VA,AEA,EN,Federal Contract Tower,4,15,7,0,26,0,5,11,0,16,4,20,18,0,42,62,0,62,104
05/12/2020,CHO,VA,AEA,EN,Federal Contract Tower,1,10,16,4,31,0,2,43,0,45,1,12,59,4,76,66,46,112,188
05/13/2020,CHO,VA,AEA,EN,Federal Contract Tower,1,12,20,12,45,0,8,73,0,81,1,20,93,12,126,136,80,216,342
05/14/2020,CHO,VA,AEA,EN,Federal Contract Tower,2,12,18,2,34,0,4,57,0,61,2,16,75,2,95,126,0,126,221
05/15/2020,CHO,VA,AEA,EN,Federal Contract Tower,1,15,35,6,57,0,9,52,10,71,1,24,87,16,128,108,84,192,320
05/16/2020,CHO,VA,AEA,EN,Federal Contract Tower,3,8,11,0,22,0,6,65,0,71,3,14,76,0,93,110,0,110,203
05/17/2020,CHO,VA,AEA,EN,Federal Contract Tower,3,12,37,0,52,0,3,21,0,24,3,15,58,0,76,48,0,48,124
05/18/2020,CHO,VA,AEA,EN,Federal Contract Tower,4,10,23,4,41,0,9,31,0,40,4,19,54,4,81,86,20,106,187
05/19/2020,CHO,VA,AEA,EN,Federal Contract Tower,2,22,20,8,52,0,5,29,0,34,2,27,49,8,86,54,0,54,140
05/20/2020,CHO,VA,AEA,EN,Federal Contract Tower,2,11,19,8,40,0,11,35,0,46,2,22,54,8,86,54,14,68,154
05/21/2020,CHO,VA,AEA,EN,Federal Contract Tower,3,23,27,2,55,0,4,30,0,34,3,27,57,2,89,66,0,66,155
05/22/2020,CHO,VA,AEA,EN,Federal Contract Tower,0,9,29,4,42,0,9,13,0,22,0,18,42,4,64,72,0,72,136
05/23/2020,CHO,VA,AEA,EN,Federal Contract Tower,2,7,31,0,40,0,8,58,0,66,2,15,89,0,106,126,0,126,232
05/24/2020,CHO,VA,AEA,EN,Federal Contract Tower,4,9,16,0,29,0,7,31,0,38,4,16,47,0,67,40,0,40,107
05/25/2020,CHO,VA,AEA,EN,Federal Contract Tower,3,14,21,0,38,0,4,41,0,45,3,18,62,0,83,102,0,102,185
05/26/2020,CHO,VA,AEA,EN,Federal Contract Tower,3,25,26,4,58,0,2,51,2,55,3,27,77,6,113,122,40,162,275
05/27/2020,CHO,VA,AEA,EN,Federal Contract Tower,1,17,27,6,51,0,6,54,0,60,1,23,81,6,111,78,30,108,219
05/28/2020,CHO,VA,AEA,EN,Federal Contract Tower,5,11,31,9,56,0,5,45,0,50,5,16,76,9,106,64,2,66,172
05/29/2020,CHO,VA,AEA,EN,Federal Contract Tower,2,12,35,7,56,0,6,41,4,51,2,18,76,11,107,54,18,72,179
05/30/2020,CHO,VA,AEA,EN,Federal Contract Tower,3,17,37,0,57,0,4,44,0,48,3,21,81,0,105,174,0,174,279
05/31/2020,CHO,VA,AEA,EN,Federal Contract Tower,5,22,42,0,69,0,7,75,0,82,5,29,117,0,151,148,0,148,299
06/01/2020,CHO,VA,AEA,EN,Federal Contract Tower,3,12,48,12,75,0,15,51,9,75,3,27,99,21,150,164,160,324,474
06/02/2020,CHO,VA,AEA,EN,Federal Contract Tower,3,33,30,4,70,0,4,77,0,81,3,37,107,4,151,126,54,180,331
06/03/2020,CHO,VA,AEA,EN,Federal Contract Tower,2,31,31,16,80,0,9,66,4,79,2,40,97,20,159,110,92,202,361
06/04/2020,CHO,VA,AEA,EN,Federal Contract Tower,5,29,29,12,75,0,8,41,4,53,5,37,70,16,128,36,66,102,230
06/05/2020,CHO,VA,AEA,EN,Federal Contract Tower,2,26,34,10,72,0,19,37,4,60,2,45,71,14,132,50,70,120,252
06/06/2020,CHO,VA,AEA,EN,Federal Contract Tower,2,23,30,4,59,0,6,55,1,62,2,29,85,5,121,138,6,144,265
06/07/2020,CHO,VA,AEA,EN,Federal Contract Tower,3,29,42,0,74,0,11,76,0,87,3,40,118,0,161,170,0,170,331
06/08/2020,CHO,VA,AEA,EN,Federal Contract Tower,3,28,38,10,79,0,12,61,4,77,3,40,99,14,156,116,52,168,324
06/09/2020,CHO,VA,AEA,EN,Federal Contract Tower,2,21,35,10,68,0,15,46,12,73,2,36,81,22,141,80,68,148,289
06/10/2020,CHO,VA,AEA,EN,Federal Contract Tower,1,35,37,8,81,0,7,53,10,70,1,42,90,18,151,58,82,140,291
06/11/2020,CHO,VA,AEA,EN,Federal Contract Tower,3,31,34,8,76,0,7,47,4,58,3,38,81,12,134,74,82,156,290
06/12/2020,CHO,VA,AEA,EN,Federal Contract Tower,2,22,35,8,67,0,8,46,4,58,2,30,81,12,125,72,38,110,235
06/13/2020,CHO,VA,AEA,EN,Federal Contract Tower,3,27,38,0,68,0,5,73,0,78,3,32,111,0,146,142,0,142,288
06/14/2020,CHO,VA,AEA,EN,Federal Contract Tower,6,35,33,2,76,0,9,82,0,91,6,44,115,2,167,168,12,180,347
06/15/2020,CHO,VA,AEA,EN,Federal Contract Tower,6,44,55,2,107,0,10,78,0,88,6,54,133,2,195,150,54,204,399
06/16/2020,CHO,VA,AEA,EN,Federal Contract Tower,1,35,36,8,80,0,7,56,10,73,1,42,92,18,153,58,82,140,293
06/17/2020,CHO,VA,AEA,EN,Federal Contract Tower,2,31,27,8,68,0,7,40,0,47,2,38,67,8,115,66,44,110,225
06/18/2020,CHO,VA,AEA,EN,Federal Contract Tower,3,20,8,1,32,0,0,13,0,13,3,20,21,1,45,18,0,18,63
06/19/2020,CHO,VA,AEA,EN,Federal Contract Tower,3,26,54,0,83,0,4,34,0,38,3,30,88,0,121,56,0,56,177
06/20/2020,CHO,VA,AEA,EN,Federal Contract Tower,4,30,31,0,65,0,6,30,0,36,4,36,61,0,101,70,0,70,171
06/21/2020,CHO,VA,AEA,EN,Federal Contract Tower,3,33,41,0,77,0,7,61,0,68,3,40,102,0,145,106,0,106,251
06/22/2020,CHO,VA,AEA,EN,Federal Contract Tower,5,34,38,4,81,0,11,57,0,68,5,45,95,4,149,66,36,102,251
06/23/2020,CHO,VA,AEA,EN,Federal Contract Tower,5,42,43,0,90,0,6,60,8,74,5,48,103,8,164,96,56,152,316
06/24/2020,CHO,VA,AEA,EN,Federal Contract Tower,4,41,35,6,86,0,9,83,4,96,4,50,118,10,182,140,68,208,390
06/25/2020,CHO,VA,AEA,EN,Federal Contract Tower,5,28,40,10,83,0,11,65,0,76,5,39,105,10,159,108,50,158,317
06/26/2020,CHO,VA,AEA,EN,Federal Contract Tower,5,30,44,4,83,0,29,67,4,100,5,59,111,8,183,136,54,190,373
06/27/2020,CHO,VA,AEA,EN,Federal Contract Tower,3,40,25,0,68,0,5,74,0,79,3,45,99,0,147,130,0,130,277
06/28/2020,CHO,VA,AEA,EN,Federal Contract Tower,5,28,25,1,59,0,5,58,0,63,5,33,83,1,122,68,0,68,190
06/29/2020,CHO,VA,AEA,EN,Federal Contract Tower,6,37,46,6,95,0,22,58,6,86,6,59,104,12,181,112,36,148,329
06/30/2020,CHO,VA,AEA,EN,Federal Contract Tower,3,41,30,5,79,0,5,69,1,75,3,46,99,6,154,150,0,150,304
07/01/2020,CHO,VA,AEA,EN,Federal Contract Tower,4,65,33,4,106,0,8,59,0,67,4,73,92,4,173,88,32,120,293
07/02/2020,CHO,VA,AEA,EN,Federal Contract Tower,5,43,37,6,91,0,12,68,2,82,5,55,105,8,173,224,28,252,425
07/03/2020,CHO,VA,AEA,EN,Federal Contract Tower,4,25,35,4,68,0,14,65,0,79,4,39,100,4,147,124,20,144,291
07/04/2020,CHO,VA,AEA,EN,Federal Contract Tower,6,36,26,0,68,0,12,72,0,84,6,48,98,0,152,112,0,112,264
07/05/2020,CHO,VA,AEA,EN,Federal Contract Tower,4,46,31,0,81,0,8,41,0,49,4,54,72,0,130,84,0,84,214
07/06/2020,CHO,VA,AEA,EN,Federal Contract Tower,6,67,52,0,125,0,11,93,0,104,6,78,145,0,229,118,0,118,347
07/07/2020,CHO,VA,AEA,EN,Federal Contract Tower,5,47,46,9,107,0,13,69,9,91,5,60,115,18,198,132,44,176,374
07/08/2020,CHO,VA,AEA,EN,Federal Contract Tower,6,44,47,6,103,0,24,60,8,92,6,68,107,14,195,82,48,130,325
07/09/2020,CHO,VA,AEA,EN,Federal Contract Tower,9,42,41,12,104,0,14,50,12,76,9,56,91,24,180,64,46,110,290
07/10/2020,CHO,VA,AEA,EN,Federal Contract Tower,10,45,36,8,99,0,20,52,5,77,10,65,88,13,176,86,46,132,308
07/11/2020,CHO,VA,AEA,EN,Federal Contract Tower,4,48,35,0,87,0,22,33,0,55,4,70,68,0,142,140,0,140,282
07/12/2020,CHO,VA,AEA,EN,Federal Contract Tower,7,49,37,2,95,1,7,46,0,54,8,56,83,2,149,98,0,98,247
07/13/2020,CHO,VA,AEA,EN,Federal Contract Tower,7,49,31,4,91,0,7,65,0,72,7,56,96,4,163,148,6,154,317
07/14/2020,CHO,VA,AEA,EN,Federal Contract Tower,4,54,41,4,103,0,6,77,0,83,4,60,118,4,186,170,0,170,356
07/15/2020,CHO,VA,AEA,EN,Federal Contract Tower,5,60,38,4,107,0,7,88,0,95,5,67,126,4,202,138,22,160,362
07/16/2020,CHO,VA,AEA,EN,Federal Contract Tower,4,43,25,2,74,0,6,73,2,81,4,49,98,4,155,170,36,206,361
07/17/2020,CHO,VA,AEA,EN,Federal Contract Tower,8,48,56,7,119,0,18,91,4,113,8,66,147,11,232,92,70,162,394
07/19/2020,CHO,VA,AEA,EN,Federal Contract Tower,7,48,36,0,91,0,7,77,0,84,7,55,113,0,175,154,0,154,329
07/20/2020,CHO,VA,AEA,EN,Federal Contract Tower,6,46,52,2,106,0,12,70,0,82,6,58,122,2,188,142,0,142,330
07/21/2020,CHO,VA,AEA,EN,Federal Contract Tower,5,33,39,8,85,0,15,59,0,74,5,48,98,8,159,60,60,120,279
07/22/2020,CHO,VA,AEA,EN,Federal Contract Tower,4,40,37,4,85,0,10,41,6,57,4,50,78,10,142,50,38,88,230
07/23/2020,CHO,VA,AEA,EN,Federal Contract Tower,5,43,23,2,73,0,4,43,0,47,5,47,66,2,120,92,34,126,246
07/24/2020,CHO,VA,AEA,EN,Federal Contract Tower,7,42,35,8,92,0,11,42,6,59,7,53,77,14,151,78,44,122,273
07/25/2020,CHO,VA,AEA,EN,Federal Contract Tower,4,49,46,0,99,0,11,80,0,91,4,60,126,0,190,180,0,180,370
07/26/2020,CHO,VA,AEA,EN,Federal Contract Tower,4,43,42,0,89,0,6,80,0,86,4,49,122,0,175,160,0,160,335
07/27/2020,CHO,VA,AEA,EN,Federal Contract Tower,6,49,50,8,113,0,15,87,6,108,6,64,137,14,221,180,38,218,439
07/28/2020,CHO,VA,AEA,EN,Federal Contract Tower,3,44,32,6,85,0,6,49,0,55,3,50,81,6,140,138,14,152,292
07/29/2020,CHO,VA,AEA,EN,Federal Contract Tower,2,40,51,10,103,0,10,61,6,77,2,50,112,16,180,104,40,144,324
07/30/2020,CHO,VA,AEA,EN,Federal Contract Tower,6,37,46,7,96,0,9,48,4,61,6,46,94,11,157,90,48,138,295
07/31/2020,CHO,VA,AEA,EN,Federal Contract Tower,7,47,51,0,105,0,7,11,0,18,7,54,62,0,123,28,0,28,151
08/01/2020,CHO,VA,AEA,EN,Federal Contract Tower,7,50,41,0,98,0,13,49,2,64,7,63,90,2,162,98,0,98,260
08/02/2020,CHO,VA,AEA,EN,Federal Contract Tower,7,52,33,0,92,0,6,46,4,56,7,58,79,4,148,52,0,52,200
08/03/2020,CHO,VA,AEA,EN,Federal Contract Tower,8,35,46,6,95,0,7,36,0,43,8,42,82,6,138,42,28,70,208
08/04/2020,CHO,VA,AEA,EN,Federal Contract Tower,5,43,19,2,69,0,2,51,0,53,5,45,70,2,122,106,12,118,240
08/05/2020,CHO,VA,AEA,EN,Federal Contract Tower,2,45,32,4,83,0,6,86,4,96,2,51,118,8,179,158,24,182,361
08/06/2020,CHO,VA,AEA,EN,Federal Contract Tower,1,38,35,0,74,0,6,22,0,28,1,44,57,0,102,40,0,40,142
08/07/2020,CHO,VA,AEA,EN,Federal Contract Tower,3,26,34,0,63,0,0,17,1,18,3,26,51,1,81,62,0,62,143
08/08/2020,CHO,VA,AEA,EN,Federal Contract Tower,5,53,31,6,95,0,8,43,0,51,5,61,74,6,146,116,0,116,262
08/09/2020,CHO,VA,AEA,EN,Federal Contract Tower,7,47,35,0,89,0,12,74,0,86,7,59,109,0,175,194,0,194,369
08/10/2020,CHO,VA,AEA,EN,Federal Contract Tower,6,47,39,5,97,0,6,84,2,92,6,53,123,7,189,154,32,186,375
08/11/2020,CHO,VA,AEA,EN,Federal Contract Tower,3,47,25,8,83,0,6,82,0,88,3,53,107,8,171,134,72,206,377
08/12/2020,CHO,VA,AEA,EN,Federal Contract Tower,1,31,41,11,84,0,13,55,6,74,1,44,96,17,158,74,72,146,304
08/13/2020,CHO,VA,AEA,EN,Federal Contract Tower,3,36,32,3,74,0,0,0,0,0,3,36,32,3,74,0,0,0,74
08/14/2020,CHO,VA,AEA,EN,Federal Contract Tower,5,34,35,0,74,0,1,8,0,9,5,35,43,0,83,42,0,42,125
08/15/2020,CHO,VA,AEA,EN,Federal Contract Tower,5,42,30,0,77,0,7,22,0,29,5,49,52,0,106,18,0,18,124
08/16/2020,CHO,VA,AEA,EN,Federal Contract Tower,8,52,35,0,95,0,7,50,0,57,8,59,85,0,152,78,0,78,230
08/17/2020,CHO,VA,AEA,EN,Federal Contract Tower,6,59,60,4,129,0,17,100,4,121,6,76,160,8,250,130,0,130,380
08/18/2020,CHO,VA,AEA,EN,Federal Contract Tower,5,48,36,14,103,0,12,69,14,95,5,60,105,28,198,174,58,232,430
08/19/2020,CHO,VA,AEA,EN,Federal Contract Tower,4,51,33,7,95,0,5,61,0,66,4,56,94,7,161,118,44,162,323
08/20/2020,CHO,VA,AEA,EN,Federal Contract Tower,7,37,32,10,86,0,15,69,8,92,7,52,101,18,178,88,40,128,306
08/21/2020,CHO,VA,AEA,EN,Federal Contract Tower,8,57,44,8,117,0,8,46,4,58,8,65,90,12,175,54,22,76,251
08/22/2020,CHO,VA,AEA,EN,Federal Contract Tower,7,51,48,2,108,0,7,35,0,42,7,58,83,2,150,60,46,106,256
08/23/2020,CHO,VA,AEA,EN,Federal Contract Tower,8,53,51,0,112,0,10,81,0,91,8,63,132,0,203,166,0,166,369
08/24/2020,CHO,VA,AEA,EN,Federal Contract Tower,7,47,44,10,108,0,6,68,2,76,7,53,112,12,184,144,38,182,366
08/25/2020,CHO,VA,AEA,EN,Federal Contract Tower,6,38,35,6,85,0,13,61,4,78,6,51,96,10,163,70,36,106,269
08/26/2020,CHO,VA,AEA,EN,Federal Contract Tower,8,41,59,8,116,0,21,79,6,106,8,62,138,14,222,136,38,174,396
08/27/2020,CHO,VA,AEA,EN,Federal Contract Tower,6,41,41,8,96,0,12,50,6,68,6,53,91,14,164,50,46,96,260
08/28/2020,CHO,VA,AEA,EN,Federal Contract Tower,6,33,45,6,90,0,16,49,4,69,6,49,94,10,159,74,26,100,259
08/29/2020,CHO,VA,AEA,EN,Federal Contract Tower,5,45,40,0,90,0,0,22,0,22,5,45,62,0,112,56,0,56,168
08/30/2020,CHO,VA,AEA,EN,Federal Contract Tower,7,63,49,0,119,0,3,106,0,109,7,66,155,0,228,140,0,140,368
08/31/2020,CHO,VA,AEA,EN,Federal Contract Tower,6,49,23,2,80,0,4,0,0,4,6,53,23,2,84,0,0,0,84
09/01/2020,CHO,VA,AEA,EN,Federal Contract Tower,4,43,30,2,79,0,0,0,0,0,4,43,30,2,79,0,0,0,79
09/02/2020,CHO,VA,AEA,EN,Federal Contract Tower,4,50,32,6,92,0,4,45,0,49,4,54,77,6,141,78,26,104,245
09/03/2020,CHO,VA,AEA,EN,Federal Contract Tower,5,42,30,6,83,0,11,62,6,79,5,53,92,12,162,130,6,136,298
09/04/2020,CHO,VA,AEA,EN,Federal Contract Tower,6,49,47,4,106,0,30,66,6,102,6,79,113,10,208,128,20,148,356
09/05/2020,CHO,VA,AEA,EN,Federal Contract Tower,6,61,42,0,109,0,8,93,0,101,6,69,135,0,210,146,0,146,356
09/06/2020,CHO,VA,AEA,EN,Federal Contract Tower,8,70,24,0,102,0,12,102,0,114,8,82,126,0,216,134,0,134,350
09/07/2020,CHO,VA,AEA,EN,Federal Contract Tower,6,39,43,0,88,0,10,67,0,77,6,49,110,0,165,115,0,115,280
09/08/2020,CHO,VA,AEA,EN,Federal Contract Tower,3,42,40,6,91,0,11,58,5,74,3,53,98,11,165,104,16,120,285
09/09/2020,CHO,VA,AEA,EN,Federal Contract Tower,4,49,56,6,115,0,13,51,6,70,4,62,107,12,185,80,28,108,293
09/10/2020,CHO,VA,AEA,EN,Federal Contract Tower,4,40,35,4,83,0,7,27,3,37,4,47,62,7,120,70,8,78,198
09/11/2020,CHO,VA,AEA,EN,Federal Contract Tower,5,42,41,6,94,0,13,57,4,74,5,55,98,10,168,82,20,102,270
09/12/2020,CHO,VA,AEA,EN,Federal Contract Tower,5,54,50,0,109,0,6,20,0,26,5,60,70,0,135,40,0,40,175
09/13/2020,CHO,VA,AEA,EN,Federal Contract Tower,6,55,47,0,108,0,10,70,2,82,6,65,117,2,190,142,0,142,332
09/14/2020,CHO,VA,AEA,EN,Federal Contract Tower,6,57,69,2,134,0,17,83,2,102,6,74,152,4,236,132,72,204,440
09/15/2020,CHO,VA,AEA,EN,Federal Contract Tower,4,42,36,6,88,0,18,60,6,84,4,60,96,12,172,66,30,96,268
09/16/2020,CHO,VA,AEA,EN,Federal Contract Tower,5,55,43,6,109,0,5,74,6,85,5,60,117,12,194,104,40,144,338
09/17/2020,CHO,VA,AEA,EN,Federal Contract Tower,3,43,42,8,96,0,8,24,0,32,3,51,66,8,128,36,34,70,198
09/18/2020,CHO,VA,AEA,EN,Federal Contract Tower,6,41,49,6,102,0,9,29,1,39,6,50,78,7,141,73,66,139,280
09/19/2020,CHO,VA,AEA,EN,Federal Contract Tower,5,65,44,0,114,0,9,68,0,77,5,74,112,0,191,126,0,126,317
09/20/2020,CHO,VA,AEA,EN,Federal Contract Tower,6,64,42,0,112,0,11,94,0,105,6,75,136,0,217,198,0,198,415
09/21/2020,CHO,VA,AEA,EN,Federal Contract Tower,6,51,43,6,106,0,10,64,6,80,6,61,107,12,186,100,32,132,318
09/22/2020,CHO,VA,AEA,EN,Federal Contract Tower,4,38,48,8,98,0,10,65,0,75,4,48,113,8,173,144,30,174,347
09/23/2020,CHO,VA,AEA,EN,Federal Contract Tower,4,94,44,6,148,0,9,72,0,81,4,103,116,6,229,122,54,176,405
09/24/2020,CHO,VA,AEA,EN,Federal Contract Tower,4,41,36,0,81,0,11,41,4,56,4,52,77,4,137,74,4,78,215
09/25/2020,CHO,VA,AEA,EN,Federal Contract Tower,6,46,44,6,102,0,6,34,6,46,6,52,78,12,148,38,28,66,214
09/26/2020,CHO,VA,AEA,EN,Federal Contract Tower,5,58,32,0,95,0,14,26,0,40,5,72,58,0,135,40,0,40,175
09/27/2020,CHO,VA,AEA,EN,Federal Contract Tower,6,54,40,0,100,0,4,38,0,42,6,58,78,0,142,84,0,84,226
09/28/2020,CHO,VA,AEA,EN,Federal Contract Tower,5,54,35,2,96,0,4,40,0,44,5,58,75,2,140,66,0,66,206
09/29/2020,CHO,VA,AEA,EN,Federal Contract Tower,4,55,30,2,91,0,4,3,2,9,4,59,33,4,100,0,0,0,100
09/30/2020,CHO,VA,AEA,EN,Federal Contract Tower,3,54,43,6,106,0,12,74,8,94,3,66,117,14,200,100,40,140,340
10/01/2020,CHO,VA,AEA,EN,Federal Contract Tower,5,39,41,14,99,0,15,59,1,75,5,54,100,15,174,96,56,152,326
10/02/2020,CHO,VA,AEA,EN,Federal Contract Tower,6,34,32,4,76,0,9,42,2,53,6,43,74,6,129,64,14,78,207
10/03/2020,CHO,VA,AEA,EN,Federal Contract Tower,6,45,31,2,84,0,6,79,3,88,6,51,110,5,172,120,32,152,324
10/04/2020,CHO,VA,AEA,EN,Federal Contract Tower,5,47,36,2,90,0,6,56,0,62,5,53,92,2,152,100,0,100,252
10/05/2020,CHO,VA,AEA,EN,Federal Contract Tower,8,54,41,2,105,0,7,67,2,76,8,61,108,4,181,120,24,144,325
10/06/2020,CHO,VA,AEA,EN,Federal Contract Tower,4,52,32,5,93,0,2,79,2,83,4,54,111,7,176,128,38,166,342
10/07/2020,CHO,VA,AEA,EN,Federal Contract Tower,4,41,51,4,100,0,9,49,8,66,4,50,100,12,166,54,14,68,234
10/08/2020,CHO,VA,AEA,EN,Federal Contract Tower,6,43,40,8,97,0,8,65,4,77,6,51,105,12,174,110,30,140,314
10/09/2020,CHO,VA,AEA,EN,Federal Contract Tower,9,46,45,4,104,0,13,55,0,68,9,59,100,4,172,96,26,122,294
10/10/2020,CHO,VA,AEA,EN,Federal Contract Tower,5,55,32,0,92,0,4,124,0,128,5,59,156,0,220,98,0,98,318
10/11/2020,CHO,VA,AEA,EN,Federal Contract Tower,9,63,46,0,118,0,0,0,0,0,9,63,46,0,118,0,0,0,118
10/12/2020,CHO,VA,AEA,EN,Federal Contract Tower,9,61,42,2,114,0,0,2,0,2,9,61,44,2,116,0,0,0,116
10/13/2020,CHO,VA,AEA,EN,Federal Contract Tower,8,59,35,6,108,0,7,66,0,73,8,66,101,6,181,150,18,168,349
10/14/2020,CHO,VA,AEA,EN,Federal Contract Tower,6,46,50,6,108,0,14,74,6,94,6,60,124,12,202,108,44,152,354
10/15/2020,CHO,VA,AEA,EN,Federal Contract Tower,5,35,30,8,78,0,12,58,8,78,5,47,88,16,156,42,58,100,256
10/17/2020,CHO,VA,AEA,EN,Federal Contract Tower,6,63,49,0,118,0,6,111,0,117,6,69,160,0,235,234,0,234,469
10/18/2020,CHO,VA,AEA,EN,Federal Contract Tower,10,55,45,10,120,0,9,80,0,89,10,64,125,10,209,166,40,206,415
10/19/2020,CHO,VA,AEA,EN,Federal Contract Tower,7,56,37,4,104,0,6,75,0,81,7,62,112,4,185,96,70,166,351
10/20/2020,CHO,VA,AEA,EN,Federal Contract Tower,7,58,35,4,104,0,3,71,0,74,7,61,106,4,178,138,118,256,434
10/21/2020,CHO,VA,AEA,EN,Federal Contract Tower,6,50,50,12,118,0,14,62,4,80,6,64,112,16,198,110,54,164,362
10/22/2020,CHO,VA,AEA,EN,Federal Contract Tower,10,44,51,10,115,0,12,71,4,87,10,56,122,14,202,106,54,160,362
10/23/2020,CHO,VA,AEA,EN,Federal Contract Tower,8,46,44,8,106,0,11,64,6,81,8,57,108,14,187,132,36,168,355
10/24/2020,CHO,VA,AEA,EN,Federal Contract Tower,6,43,27,0,76,0,4,61,0,65,6,47,88,0,141,138,0,138,279
10/25/2020,CHO,VA,AEA,EN,Federal Contract Tower,9,45,44,0,98,0,0,0,0,0,9,45,44,0,98,0,0,0,98
10/26/2020,CHO,VA,AEA,EN,Federal Contract Tower,8,50,38,4,100,0,2,41,0,43,8,52,79,4,143,78,0,78,221
10/27/2020,CHO,VA,AEA,EN,Federal Contract Tower,8,63,42,4,117,0,4,5,0,9,8,67,47,4,126,0,0,0,126
10/28/2020,CHO,VA,AEA,EN,Federal Contract Tower,6,43,43,6,98,0,7,66,4,77,6,50,109,10,175,140,32,172,347
10/29/2020,CHO,VA,AEA,EN,Federal Contract Tower,7,36,35,0,78,0,0,3,0,3,7,36,38,0,81,12,0,12,93
10/30/2020,CHO,VA,AEA,EN,Federal Contract Tower,8,37,52,11,108,0,18,51,6,75,8,55,103,17,183,108,44,152,335
10/31/2020,CHO,VA,AEA,EN,Federal Contract Tower,7,59,42,0,108,0,9,76,0,85,7,68,118,0,193,166,0,166,359
11/01/2020,CHO,VA,AEA,EN,Federal Contract Tower,7,42,25,0,74,0,0,0,0,0,7,42,25,0,74,0,0,0,74
11/02/2020,CHO,VA,AEA,EN,Federal Contract Tower,6,61,51,3,121,0,17,74,0,91,6,78,125,3,212,160,0,160,372
11/03/2020,CHO,VA,AEA,EN,Federal Contract Tower,8,43,54,8,113,0,20,49,4,73,8,63,103,12,186,78,40,118,304
11/04/2020,CHO,VA,AEA,EN,Federal Contract Tower,7,47,61,10,125,0,17,62,15,94,7,64,123,25,219,92,66,158,377
11/05/2020,CHO,VA,AEA,EN,Federal Contract Tower,6,43,28,0,77,0,2,74,0,76,6,45,102,0,153,206,0,206,359
11/06/2020,CHO,VA,AEA,EN,Federal Contract Tower,9,51,65,8,133,0,23,63,8,94,9,74,128,16,227,90,56,146,373
11/07/2020,CHO,VA,AEA,EN,Federal Contract Tower,8,51,29,4,92,0,8,93,2,103,8,59,122,6,195,170,14,184,379
11/08/2020,CHO,VA,AEA,EN,Federal Contract Tower,7,54,39,0,100,0,11,79,0,90,7,65,118,0,190,214,0,214,404
11/09/2020,CHO,VA,AEA,EN,Federal Contract Tower,6,57,55,0,118,0,10,88,0,98,6,67,143,0,216,142,0,142,358
11/10/2020,CHO,VA,AEA,EN,Federal Contract Tower,7,50,59,2,118,0,15,77,0,92,7,65,136,2,210,218,0,218,428
11/11/2020,CHO,VA,AEA,EN,Federal Contract Tower,6,46,45,6,103,0,0,0,0,0,6,46,45,6,103,0,0,0,103
11/12/2020,CHO,VA,AEA,EN,Federal Contract Tower,7,49,50,8,114,0,0,2,0,2,7,49,52,8,116,0,0,0,116
11/13/2020,CHO,VA,AEA,EN,Federal Contract Tower,8,41,48,6,103,0,13,64,6,83,8,54,112,12,186,150,68,218,404
11/14/2020,CHO,VA,AEA,EN,Federal Contract Tower,9,50,20,2,81,0,4,83,0,87,9,54,103,2,168,232,0,232,400
11/15/2020,CHO,VA,AEA,EN,Federal Contract Tower,7,53,27,0,87,0,2,0,0,2,7,55,27,0,89,0,0,0,89
11/16/2020,CHO,VA,AEA,EN,Federal Contract Tower,7,52,46,2,107,0,20,52,4,76,7,72,98,6,183,120,22,142,325
11/17/2020,CHO,VA,AEA,EN,Federal Contract Tower,7,43,50,8,108,0,10,18,0,28,7,53,68,8,136,32,34,66,202
11/18/2020,CHO,VA,AEA,EN,Federal Contract Tower,8,52,53,6,119,0,11,69,4,84,8,63,122,10,203,134,60,194,397
11/19/2020,CHO,VA,AEA,EN,Federal Contract Tower,12,42,49,10,113,0,16,54,4,74,12,58,103,14,187,88,44,132,319
11/20/2020,CHO,VA,AEA,EN,Federal Contract Tower,8,44,63,6,121,0,21,62,10,93,8,65,125,16,214,102,46,148,362
11/21/2020,CHO,VA,AEA,EN,Federal Contract Tower,7,49,32,0,88,0,6,89,0,95,7,55,121,0,183,262,0,262,445
11/22/2020,CHO,VA,AEA,EN,Federal Contract Tower,7,45,33,0,85,0,6,46,0,52,7,51,79,0,137,174,0,174,311
11/23/2020,CHO,VA,AEA,EN,Federal Contract Tower,7,48,39,0,94,0,4,41,2,47,7,52,80,2,141,100,0,100,241
11/24/2020,CHO,VA,AEA,EN,Federal Contract Tower,6,54,39,0,99,0,4,58,0,62,6,58,97,0,161,162,0,162,323
11/25/2020,CHO,VA,AEA,EN,Federal Contract Tower,8,98,50,8,164,0,11,73,0,84,8,109,123,8,248,164,38,202,450
11/26/2020,CHO,VA,AEA,EN,Federal Contract Tower,2,12,27,0,41,0,9,24,0,33,2,21,51,0,74,66,0,66,140
11/27/2020,CHO,VA,AEA,EN,Federal Contract Tower,10,44,51,0,105,0,15,56,0,71,10,59,107,0,176,70,0,70,246
11/28/2020,CHO,VA,AEA,EN,Federal Contract Tower,7,54,40,0,101,0,8,82,0,90,7,62,122,0,191,148,0,148,339
11/29/2020,CHO,VA,AEA,EN,Federal Contract Tower,7,54,36,0,97,0,10,73,0,83,7,64,109,0,180,128,0,128,308
11/30/2020,CHO,VA,AEA,EN,Federal Contract Tower,8,50,28,0,86,0,2,37,0,39,8,52,65,0,125,28,0,28,153
12/01/2020,CHO,VA,AEA,EN,Federal Contract Tower,8,56,53,10,127,0,10,52,4,66,8,66,105,14,193,68,48,116,309
12/02/2020,CHO,VA,AEA,EN,Federal Contract Tower,6,50,43,8,107,0,5,74,4,83,6,55,117,12,190,120,46,166,356
12/03/2020,CHO,VA,AEA,EN,Federal Contract Tower,8,50,62,12,132,0,24,68,4,96,8,74,130,16,228,100,74,174,402
12/04/2020,CHO,VA,AEA,EN,Federal Contract Tower,5,33,38,8,84,0,13,33,4,50,5,46,71,12,134,58,50,108,242
12/05/2020,CHO,VA,AEA,EN,Federal Contract Tower,7,45,42,0,94,0,18,89,2,109,7,63,131,2,203,110,6,116,319
12/06/2020,CHO,VA,AEA,EN,Federal Contract Tower,6,63,46,2,117,0,12,95,0,107,6,75,141,2,224,202,36,238,462
12/07/2020,CHO,VA,AEA,EN,Federal Contract Tower,6,38,54,0,98,0,14,53,4,71,6,52,107,4,169,108,4,112,281
12/08/2020,CHO,VA,AEA,EN,Federal Contract Tower,6,42,33,5,86,0,14,56,0,70,6,56,89,5,156,66,0,66,222
12/09/2020,CHO,VA,AEA,EN,Federal Contract Tower,6,42,42,14,104,0,13,66,8,87,6,55,108,22,191,166,42,208,399
12/10/2020,CHO,VA,AEA,EN,Federal Contract Tower,4,49,35,10,98,0,5,77,4,86,4,54,112,14,184,144,46,190,374
12/11/2020,CHO,VA,AEA,EN,Federal Contract Tower,7,39,55,10,111,0,18,56,10,84,7,57,111,20,195,84,58,142,337
12/12/2020,CHO,VA,AEA,EN,Federal Contract Tower,8,39,50,0,97,0,14,75,0,89,8,53,125,0,186,122,0,122,308
12/13/2020,CHO,VA,AEA,EN,Federal Contract Tower,8,42,35,0,85,0,7,69,0,76,8,49,104,0,161,142,0,142,303
12/14/2020,CHO,VA,AEA,EN,Federal Contract Tower,7,36,26,0,69,0,3,21,0,24,7,39,47,0,93,40,0,40,133
12/15/2020,CHO,VA,AEA,EN,Federal Contract Tower,6,48,63,6,123,0,15,89,11,115,6,63,152,17,238,105,74,179,417
12/16/2020,CHO,VA,AEA,EN,Federal Contract Tower,5,16,14,0,35,0,0,0,0,0,5,16,14,0,35,0,0,0,35
12/17/2020,CHO,VA,AEA,EN,Federal Contract Tower,8,38,28,0,74,0,6,2,0,8,8,44,30,0,82,0,0,0,82
12/18/2020,CHO,VA,AEA,EN,Federal Contract Tower,6,45,37,5,93,0,7,43,0,50,6,52,80,5,143,66,30,96,239
12/19/2020,CHO,VA,AEA,EN,Federal Contract Tower,4,52,51,0,107,0,8,66,0,74,4,60,117,0,181,114,0,114,295
12/20/2020,CHO,VA,AEA,EN,Federal Contract Tower,7,38,35,0,80,0,6,58,0,64,7,44,93,0,144,124,0,124,268
12/21/2020,CHO,VA,AEA,EN,Federal Contract Tower,7,31,35,0,73,0,10,47,0,57,7,41,82,0,130,136,0,136,266
12/22/2020,CHO,VA,AEA,EN,Federal Contract Tower,4,44,61,12,121,0,11,47,4,62,4,55,108,16,183,63,56,119,302
12/23/2020,CHO,VA,AEA,EN,Federal Contract Tower,7,61,64,8,140,0,13,103,10,126,7,74,167,18,266,142,54,196,462
12/24/2020,CHO,VA,AEA,EN,Federal Contract Tower,5,40,31,0,76,0,0,0,0,0,5,40,31,0,76,0,0,0,76
12/25/2020,CHO,VA,AEA,EN,Federal Contract Tower,0,21,28,0,49,0,0,12,0,12,0,21,40,0,61,0,0,0,61
12/26/2020,CHO,VA,AEA,EN,Federal Contract Tower,4,53,37,0,94,0,6,68,0,74,4,59,105,0,168,104,0,104,272
12/27/2020,CHO,VA,AEA,EN,Federal Contract Tower,6,53,33,0,92,0,8,82,0,90,6,61,115,0,182,292,0,292,474
12/28/2020,CHO,VA,AEA,EN,Federal Contract Tower,5,46,39,2,92,0,21,63,0,84,5,67,102,2,176,96,24,120,296
12/29/2020,CHO,VA,AEA,EN,Federal Contract Tower,8,42,54,18,122,0,15,59,6,80,8,57,113,24,202,127,58,185,387
12/30/2020,CHO,VA,AEA,EN,Federal Contract Tower,5,51,57,10,123,0,14,75,6,95,5,65,132,16,218,140,52,192,410
12/31/2020,CHO,VA,AEA,EN,Federal Contract Tower,5,41,43,8,97,0,15,65,12,92,5,56,108,20,189,92,52,144,333
01/01/2021,CHO,VA,AEA,EN,Federal Contract Tower,4,30,21,0,55,0,5,21,0,26,4,35,42,0,81,28,0,28,109
01/02/2021,CHO,VA,AEA,EN,Federal Contract Tower,4,55,39,0,98,0,7,71,0,78,4,62,110,0,176,170,0,170,346
01/03/2021,CHO,VA,AEA,EN,Federal Contract Tower,7,48,30,4,89,0,0,0,0,0,7,48,30,4,89,0,0,0,89
01/04/2021,CHO,VA,AEA,EN,Federal Contract Tower,6,36,42,2,86,0,15,58,0,73,6,51,100,2,159,142,8,150,309
01/05/2021,CHO,VA,AEA,EN,Federal Contract Tower,6,62,45,2,115,0,4,57,2,63,6,66,102,4,178,88,10,98,276
01/06/2021,CHO,VA,AEA,EN,Federal Contract Tower,9,41,53,12,115,0,12,66,8,86,9,53,119,20,201,72,62,134,335
01/07/2021,CHO,VA,AEA,EN,Federal Contract Tower,5,45,43,6,99,0,10,63,10,83,5,55,106,16,182,92,92,184,366
01/08/2021,CHO,VA,AEA,EN,Federal Contract Tower,10,41,47,8,106,0,18,64,4,86,10,59,111,12,192,120,50,170,362
01/09/2021,CHO,VA,AEA,EN,Federal Contract Tower,6,47,32,0,85,0,9,75,0,84,6,56,107,0,169,154,0,154,323
01/10/2021,CHO,VA,AEA,EN,Federal Contract Tower,8,52,42,0,102,0,11,80,0,91,8,63,122,0,193,238,0,238,431
01/11/2021,CHO,VA,AEA,EN,Federal Contract Tower,7,58,42,2,109,0,6,73,0,79,7,64,115,2,188,158,24,182,370
01/12/2021,CHO,VA,AEA,EN,Federal Contract Tower,10,52,51,10,123,0,13,75,6,94,10,65,126,16,217,108,72,180,397
01/13/2021,CHO,VA,AEA,EN,Federal Contract Tower,8,40,46,4,98,0,14,60,6,80,8,54,106,10,178,118,48,166,344
01/14/2021,CHO,VA,AEA,EN,Federal Contract Tower,6,45,40,15,106,0,4,68,0,72,6,49,108,15,178,144,36,180,358
01/15/2021,CHO,VA,AEA,EN,Federal Contract Tower,10,43,49,8,110,0,20,60,8,88,10,63,109,16,198,130,58,188,386
01/16/2021,CHO,VA,AEA,EN,Federal Contract Tower,8,53,39,0,100,0,5,71,0,76,8,58,110,0,176,118,0,118,294
01/17/2021,CHO,VA,AEA,EN,Federal Contract Tower,7,48,39,3,97,0,11,69,3,83,7,59,108,6,180,188,20,208,388
01/18/2021,CHO,VA,AEA,EN,Federal Contract Tower,7,44,43,0,94,0,8,73,0,81,7,52,116,0,175,200,0,200,375
01/19/2021,CHO,VA,AEA,EN,Federal Contract Tower,7,45,40,8,100,0,16,61,8,85,7,61,101,16,185,32,0,32,217
01/20/2021,CHO,VA,AEA,EN,Federal Contract Tower,6,41,51,4,102,0,10,56,6,72,6,51,107,10,174,65,20,85,259
01/21/2021,CHO,VA,AEA,EN,Federal Contract Tower,4,55,43,12,114,0,13,66,17,96,4,68,109,29,210,104,100,204,414
01/22/2021,CHO,VA,AEA,EN,Federal Contract Tower,8,44,61,10,123,0,21,73,8,102,8,65,134,18,225,132,64,196,421
01/23/2021,CHO,VA,AEA,EN,Federal Contract Tower,8,49,34,0,91,0,6,65,0,71,8,55,99,0,162,130,0,130,292
01/24/2021,CHO,VA,AEA,EN,Federal Contract Tower,9,40,32,1,82,0,10,64,0,74,9,50,96,1,156,138,0,138,294
01/25/2021,CHO,VA,AEA,EN,Federal Contract Tower,6,52,36,2,96,0,4,36,0,40,6,56,72,2,136,80,18,98,234
01/26/2021,CHO,VA,AEA,EN,Federal Contract Tower,7,28,22,0,57,0,0,0,0,0,7,28,22,0,57,0,0,0,57
01/27/2021,CHO,VA,AEA,EN,Federal Contract Tower,6,41,52,6,105,0,8,51,6,65,6,49,103,12,170,70,40,110,280
01/28/2021,CHO,VA,AEA,EN,Federal Contract Tower,4,45,44,8,101,0,16,47,0,63,4,61,91,8,164,42,44,86,250
01/29/2021,CHO,VA,AEA,EN,Federal Contract Tower,6,42,47,9,104,0,25,51,5,81,6,67,98,14,185,76,54,130,315
01/30/2021,CHO,VA,AEA,EN,Federal Contract Tower,9,54,35,0,98,0,8,97,0,105,9,62,132,0,203,166,0,166,369
01/31/2021,CHO,VA,AEA,EN,Federal Contract Tower,8,36,21,0,65,0,0,0,0,0,8,36,21,0,65,0,0,0,65
02/01/2021,CHO,VA,AEA,EN,Federal Contract Tower,5,39,28,0,72,0,8,15,3,26,5,47,43,3,98,40,30,70,168
02/02/2021,CHO,VA,AEA,EN,Federal Contract Tower,7,45,48,11,111,0,16,60,8,84,7,61,108,19,195,72,54,126,321
02/03/2021,CHO,VA,AEA,EN,Federal Contract Tower,7,48,41,8,104,0,7,36,2,45,7,55,77,10,149,13,10,23,172
02/04/2021,CHO,VA,AEA,EN,Federal Contract Tower,10,30,27,2,69,0,0,63,8,71,10,30,90,10,140,106,52,158,298
02/05/2021,CHO,VA,AEA,EN,Federal Contract Tower,5,39,33,0,77,0,13,56,0,69,5,52,89,0,146,90,0,90,236
02/06/2021,CHO,VA,AEA,EN,Federal Contract Tower,8,52,34,0,94,0,6,66,0,72,8,58,100,0,166,118,0,118,284
02/07/2021,CHO,VA,AEA,EN,Federal Contract Tower,7,39,29,0,75,0,4,34,0,38,7,43,63,0,113,64,0,64,177
02/08/2021,CHO,VA,AEA,EN,Federal Contract Tower,7,43,66,5,121,0,25,78,0,103,7,68,144,5,224,208,38,246,470
02/09/2021,CHO,VA,AEA,EN,Federal Contract Tower,7,57,52,4,120,0,11,76,0,87,7,68,128,4,207,166,68,234,441
02/10/2021,CHO,VA,AEA,EN,Federal Contract Tower,9,44,26,2,81,0,4,37,24,65,9,48,63,26,146,96,0,96,242
02/11/2021,CHO,VA,AEA,EN,Federal Contract Tower,12,43,27,0,82,0,0,0,0,0,12,43,27,0,82,0,0,0,82
02/12/2021,CHO,VA,AEA,EN,Federal Contract Tower,10,29,15,0,54,0,0,0,0,0,10,29,15,0,54,0,0,0,54
02/13/2021,CHO,VA,AEA,EN,Federal Contract Tower,8,23,16,0,47,0,0,0,0,0,8,23,16,0,47,0,0,0,47
02/14/2021,CHO,VA,AEA,EN,Federal Contract Tower,9,46,34,0,89,0,0,0,0,0,9,46,34,0,89,0,0,0,89
02/15/2021,CHO,VA,AEA,EN,Federal Contract Tower,7,48,27,0,82,0,0,0,0,0,7,48,27,0,82,0,0,0,82
02/16/2021,CHO,VA,AEA,EN,Federal Contract Tower,7,54,28,13,102,0,3,21,6,30,7,57,49,19,132,0,54,54,186
02/17/2021,CHO,VA,AEA,EN,Federal Contract Tower,9,47,33,22,111,0,3,61,17,81,9,50,94,39,192,126,68,194,386
02/18/2021,CHO,VA,AEA,EN,Federal Contract Tower,5,9,0,0,14,0,0,0,0,0,5,9,0,0,14,0,0,0,14
02/19/2021,CHO,VA,AEA,EN,Federal Contract Tower,9,30,15,2,56,0,0,2,0,2,9,30,17,2,58,0,0,0,58
02/20/2021,CHO,VA,AEA,EN,Federal Contract Tower,8,57,27,0,92,0,10,66,0,76,8,67,93,0,168,106,0,106,274
02/21/2021,CHO,VA,AEA,EN,Federal Contract Tower,8,53,33,2,96,0,14,77,0,91,8,67,110,2,187,222,6,228,415
02/22/2021,CHO,VA,AEA,EN,Federal Contract Tower,8,36,56,4,104,0,2,19,4,25,8,38,75,8,129,34,24,58,187
02/23/2021,CHO,VA,AEA,EN,Federal Contract Tower,8,40,57,14,119,0,16,62,12,90,8,56,119,26,209,64,92,156,365
02/24/2021,CHO,VA,AEA,EN,Federal Contract Tower,12,39,22,3,76,0,2,52,6,60,12,41,74,9,136,94,15,109,245
02/25/2021,CHO,VA,AEA,EN,Federal Contract Tower,11,37,42,12,102,0,6,69,8,83,11,43,111,20,185,144,52,196,381
02/26/2021,CHO,VA,AEA,EN,Federal Contract Tower,10,31,32,4,77,0,14,34,4,52,10,45,66,8,129,46,28,74,203
02/27/2021,CHO,VA,AEA,EN,Federal Contract Tower,11,51,32,0,94,0,7,49,0,56,11,58,81,0,150,108,0,108,258
02/28/2021,CHO,VA,AEA,EN,Federal Contract Tower,5,30,23,0,58,0,0,0,0,0,5,30,23,0,58,0,0,0,58
03/01/2021,CHO,VA,AEA,EN,Federal Contract Tower,7,51,27,4,89,0,4,38,2,44,7,55,65,6,133,70,72,142,275
03/02/2021,CHO,VA,AEA,EN,Federal Contract Tower,6,61,48,21,136,0,12,79,0,91,6,73,127,21,227,170,74,244,471
03/03/2021,CHO,VA,AEA,EN,Federal Contract Tower,10,42,26,11,89,0,10,57,6,73,10,52,83,17,162,76,76,152,314
03/04/2021,CHO,VA,AEA,EN,Federal Contract Tower,9,40,29,8,86,0,5,46,2,53,9,45,75,10,139,40,44,84,223
03/05/2021,CHO,VA,AEA,EN,Federal Contract Tower,13,45,57,12,127,0,20,75,8,103,13,65,132,20,230,104,75,179,409
03/06/2021,CHO,VA,AEA,EN,Federal Contract Tower,18,79,51,0,148,0,10,102,0,112,18,89,153,0,260,138,0,138,398
03/07/2021,CHO,VA,AEA,EN,Federal Contract Tower,9,65,39,0,113,0,9,92,0,101,9,74,131,0,214,178,0,178,392
03/08/2021,CHO,VA,AEA,EN,Federal Contract Tower,9,54,34,7,104,0,21,80,2,103,9,75,114,9,207,136,6,142,349
03/09/2021,CHO,VA,AEA,EN,Federal Contract Tower,6,51,31,2,90,0,14,78,4,96,6,65,109,6,186,162,0,162,348
03/10/2021,CHO,VA,AEA,EN,Federal Contract Tower,14,39,25,12,90,0,15,75,0,90,14,54,100,12,180,148,30,178,358
03/11/2021,CHO,VA,AEA,EN,Federal Contract Tower,11,45,29,15,100,0,10,61,18,89,11,55,90,33,189,120,74,194,383
03/12/2021,CHO,VA,AEA,EN,Federal Contract Tower,15,35,31,5,86,0,12,58,9,79,15,47,89,14,165,140,14,154,319
03/13/2021,CHO,VA,AEA,EN,Federal Contract Tower,11,49,37,4,101,0,6,83,0,89,11,55,120,4,190,134,8,142,332
03/14/2021,CHO,VA,AEA,EN,Federal Contract Tower,9,50,33,0,92,0,7,55,0,62,9,57,88,0,154,112,0,112,266
03/15/2021,CHO,VA,AEA,EN,Federal Contract Tower,9,57,32,8,106,0,17,43,0,60,9,74,75,8,166,114,18,132,298
03/16/2021,CHO,VA,AEA,EN,Federal Contract Tower,8,59,53,0,120,0,0,0,0,0,8,59,53,0,120,0,0,0,120
03/17/2021,CHO,VA,AEA,EN,Federal Contract Tower,10,48,34,12,104,0,0,0,0,0,10,48,34,12,104,0,0,0,104
03/18/2021,CHO,VA,AEA,EN,Federal Contract Tower,9,30,25,0,64,0,0,0,0,0,9,30,25,0,64,0,0,0,64
03/19/2021,CHO,VA,AEA,EN,Federal Contract Tower,12,45,40,8,105,0,3,32,2,37,12,48,72,10,142,16,16,32,174
03/20/2021,CHO,VA,AEA,EN,Federal Contract Tower,13,59,43,0,115,0,18,94,1,113,13,77,137,1,228,206,0,206,434
03/21/2021,CHO,VA,AEA,EN,Federal Contract Tower,11,56,37,0,104,0,15,109,0,124,11,71,146,0,228,270,0,270,498
03/22/2021,CHO,VA,AEA,EN,Federal Contract Tower,11,58,42,13,124,0,24,79,0,103,11,82,121,13,227,194,140,334,561
03/23/2021,CHO,VA,AEA,EN,Federal Contract Tower,9,57,43,6,115,0,8,62,4,74,9,65,105,10,189,200,50,250,439
03/24/2021,CHO,VA,AEA,EN,Federal Contract Tower,11,42,45,2,100,0,0,0,0,0,11,42,45,2,100,0,0,0,100
03/25/2021,CHO,VA,AEA,EN,Federal Contract Tower,10,33,19,0,62,0,0,0,0,0,10,33,19,0,62,0,0,0,62
03/26/2021,CHO,VA,AEA,EN,Federal Contract Tower,15,37,31,2,85,0,27,16,6,49,15,64,47,8,134,80,0,80,214
03/27/2021,CHO,VA,AEA,EN,Federal Contract Tower,12,57,47,0,116,0,8,86,0,94,12,65,133,0,210,144,0,144,354
03/28/2021,CHO,VA,AEA,EN,Federal Contract Tower,11,49,29,0,89,0,0,0,0,0,11,49,29,0,89,0,0,0,89
03/29/2021,CHO,VA,AEA,EN,Federal Contract Tower,11,61,40,4,116,0,7,90,30,127,11,68,130,34,243,146,0,146,389
03/30/2021,CHO,VA,AEA,EN,Federal Contract Tower,12,64,41,4,121,0,10,90,0,100,12,74,131,4,221,224,66,290,511
03/31/2021,CHO,VA,AEA,EN,Federal Contract Tower,10,37,36,0,83,0,2,11,0,13,10,39,47,0,96,18,0,18,114
04/01/2021,CHO,VA,AEA,EN,Federal Contract Tower,9,52,30,4,95,0,9,39,5,53,9,61,69,9,148,46,26,72,220
04/02/2021,CHO,VA,AEA,EN,Federal Contract Tower,7,34,49,10,100,0,11,41,10,62,7,45,90,20,162,42,58,100,262
04/03/2021,CHO,VA,AEA,EN,Federal Contract Tower,14,63,52,2,131,0,13,86,0,99,14,76,138,2,230,190,8,198,428
04/04/2021,CHO,VA,AEA,EN,Federal Contract Tower,12,59,43,0,114,0,10,58,0,68,12,69,101,0,182,122,0,122,304
04/05/2021,CHO,VA,AEA,EN,Federal Contract Tower,14,67,51,2,134,0,10,99,0,109,14,77,150,2,243,262,6,268,511
04/06/2021,CHO,VA,AEA,EN,Federal Contract Tower,9,56,52,13,130,0,24,62,10,96,9,80,114,23,226,132,120,252,478
04/07/2021,CHO,VA,AEA,EN,Federal Contract Tower,13,37,60,18,128,0,21,76,12,109,13,58,136,30,237,148,88,236,473
04/08/2021,CHO,VA,AEA,EN,Federal Contract Tower,13,43,40,6,102,0,11,53,0,64,13,54,93,6,166,62,26,88,254
04/09/2021,CHO,VA,AEA,EN,Federal Contract Tower,10,48,55,4,117,0,2,15,0,17,10,50,70,4,134,12,0,12,146
04/10/2021,CHO,VA,AEA,EN,Federal Contract Tower,9,54,40,2,105,0,4,25,0,29,9,58,65,2,134,72,0,72,206
04/11/2021,CHO,VA,AEA,EN,Federal Contract Tower,12,54,48,0,114,0,17,81,0,98,12,71,129,0,212,160,0,160,372
04/12/2021,CHO,VA,AEA,EN,Federal Contract Tower,10,51,39,4,104,0,6,81,2,89,10,57,120,6,193,162,30,192,385
04/13/2021,CHO,VA,AEA,EN,Federal Contract Tower,10,54,58,8,130,0,12,81,4,97,10,66,139,12,227,210,132,342,569
04/14/2021,CHO,VA,AEA,EN,Federal Contract Tower,13,43,37,4,97,0,5,56,5,66,13,48,93,9,163,108,28,136,299
04/15/2021,CHO,VA,AEA,EN,Federal Contract Tower,16,46,47,6,115,0,12,54,2,68,16,58,101,8,183,71,38,109,292
04/17/2021,CHO,VA,AEA,EN,Federal Contract Tower,13,56,43,0,112,0,10,77,0,87,13,66,120,0,199,134,0,134,333
04/18/2021,CHO,VA,AEA,EN,Federal Contract Tower,10,50,33,0,93,0,4,79,0,83,10,54,112,0,176,128,0,128,304
04/19/2021,CHO,VA,AEA,EN,Federal Contract Tower,10,55,45,19,129,0,17,64,0,81,10,72,109,19,210,124,4,128,338
04/20/2021,CHO,VA,AEA,EN,Federal Contract Tower,13,74,47,10,144,0,13,78,8,99,13,87,125,18,243,86,68,154,397
04/21/2021,CHO,VA,AEA,EN,Federal Contract Tower,17,56,52,10,135,0,20,66,18,104,17,76,118,28,239,52,70,122,361
04/22/2021,CHO,VA,AEA,EN,Federal Contract Tower,12,66,58,16,152,0,18,63,8,89,12,84,121,24,241,58,50,108,349
04/23/2021,CHO,VA,AEA,EN,Federal Contract Tower,18,53,41,8,120,0,21,63,8,92,18,74,104,16,212,122,44,166,378
04/24/2021,CHO,VA,AEA,EN,Federal Contract Tower,18,65,48,0,131,0,8,63,0,71,18,73,111,0,202,110,0,110,312
04/25/2021,CHO,VA,AEA,EN,Federal Contract Tower,16,74,44,0,134,0,17,93,0,110,16,91,137,0,244,162,0,162,406
04/26/2021,CHO,VA,AEA,EN,Federal Contract Tower,14,54,57,9,134,0,21,81,9,111,14,75,138,18,245,152,98,250,495
04/27/2021,CHO,VA,AEA,EN,Federal Contract Tower,12,58,70,8,148,0,26,96,10,132,12,84,166,18,280,100,44,144,424
04/28/2021,CHO,VA,AEA,EN,Federal Contract Tower,15,59,42,7,123,0,8,73,5,86,15,67,115,12,209,150,88,238,447
04/29/2021,CHO,VA,AEA,EN,Federal Contract Tower,14,41,38,5,98,0,10,58,12,80,14,51,96,17,178,86,50,136,314
04/30/2021,CHO,VA,AEA,EN,Federal Contract Tower,15,43,50,8,116,0,15,41,9,65,15,58,91,17,181,48,64,112,293
05/01/2021,CHO,VA,AEA,EN,Federal Contract Tower,8,51,41,0,100,0,8,86,0,94,8,59,127,0,194,156,0,156,350
05/02/2021,CHO,VA,AEA,EN,Federal Contract Tower,11,54,58,0,123,0,11,86,0,97,11,65,144,0,220,170,0,170,390
05/03/2021,CHO,VA,AEA,EN,Federal Contract Tower,8,44,72,0,124,0,0,0,0,0,8,44,72,0,124,0,0,0,124
05/04/2021,CHO,VA,AEA,EN,Federal Contract Tower,16,68,69,12,165,0,30,87,8,125,16,98,156,20,290,96,72,168,458
05/05/2021,CHO,VA,AEA,EN,Federal Contract Tower,13,53,42,2,110,0,10,71,0,81,13,63,113,2,191,100,0,100,291
05/06/2021,CHO,VA,AEA,EN,Federal Contract Tower,12,53,28,5,98,0,13,64,8,85,12,66,92,13,183,164,32,196,379
05/07/2021,CHO,VA,AEA,EN,Federal Contract Tower,10,43,56,10,119,0,15,72,6,93,10,58,128,16,212,86,46,132,344
05/08/2021,CHO,VA,AEA,EN,Federal Contract Tower,12,45,38,0,95,0,5,68,0,73,12,50,106,0,168,140,0,140,308
05/09/2021,CHO,VA,AEA,EN,Federal Contract Tower,15,56,46,0,117,0,6,84,0,90,15,62,130,0,207,132,0,132,339
05/10/2021,CHO,VA,AEA,EN,Federal Contract Tower,11,56,58,12,137,0,15,73,6,94,11,71,131,18,231,118,116,234,465
05/11/2021,CHO,VA,AEA,EN,Federal Contract Tower,13,63,54,21,151,0,15,86,10,111,13,78,140,31,262,156,78,234,496
05/12/2021,CHO,VA,AEA,EN,Federal Contract Tower,16,61,46,13,136,0,4,78,4,86,16,65,124,17,222,234,52,286,508
05/13/2021,CHO,VA,AEA,EN,Federal Contract Tower,13,64,49,7,133,0,12,81,4,97,13,76,130,11,230,166,86,252,482
05/14/2021,CHO,VA,AEA,EN,Federal Contract Tower,15,37,52,8,112,0,18,64,8,90,15,55,116,16,202,88,50,138,340
05/15/2021,CHO,VA,AEA,EN,Federal Contract Tower,11,68,56,2,137,0,11,92,0,103,11,79,148,2,240,206,16,222,462
05/16/2021,CHO,VA,AEA,EN,Federal Contract Tower,12,53,40,0,105,0,7,65,0,72,12,60,105,0,177,128,0,128,305
05/17/2021,CHO,VA,AEA,EN,Federal Contract Tower,12,50,50,10,122,0,13,72,10,95,12,63,122,20,217,86,70,156,373
05/18/2021,CHO,VA,AEA,EN,Federal Contract Tower,11,88,60,8,167,0,14,113,2,129,11,102,173,10,296,160,64,224,520
05/19/2021,CHO,VA,AEA,EN,Federal Contract Tower,15,62,51,3,131,0,9,80,0,89,15,71,131,3,220,194,12,206,426
05/20/2021,CHO,VA,AEA,EN,Federal Contract Tower,13,70,55,8,146,0,22,95,8,125,13,92,150,16,271,144,58,202,473
05/21/2021,CHO,VA,AEA,EN,Federal Contract Tower,12,51,69,10,142,0,27,70,10,107,12,78,139,20,249,164,70,234,483
05/22/2021,CHO,VA,AEA,EN,Federal Contract Tower,11,53,32,0,96,0,16,76,0,92,11,69,108,0,188,168,0,168,356
05/23/2021,CHO,VA,AEA,EN,Federal Contract Tower,20,90,59,0,169,0,17,87,0,104,20,107,146,0,273,136,0,136,409
05/24/2021,CHO,VA,AEA,EN,Federal Contract Tower,10,60,39,4,113,0,4,47,0,51,10,64,86,4,164,110,18,128,292
05/25/2021,CHO,VA,AEA,EN,Federal Contract Tower,11,57,73,14,155,0,20,83,13,116,11,77,156,27,271,116,80,196,467
05/27/2021,CHO,VA,AEA,EN,Federal Contract Tower,15,52,67,17,151,0,21,98,12,131,15,73,165,29,282,156,108,264,546
05/28/2021,CHO,VA,AEA,EN,Federal Contract Tower,15,59,42,7,123,0,8,73,5,86,15,67,115,12,209,150,88,238,447
05/29/2021,CHO,VA,AEA,EN,Federal Contract Tower,10,53,36,0,99,0,0,0,0,0,10,53,36,0,99,0,0,0,99
05/30/2021,CHO,VA,AEA,EN,Federal Contract Tower,11,53,37,0,101,0,4,40,0,44,11,57,77,0,145,110,0,110,255
05/31/2021,CHO,VA,AEA,EN,Federal Contract Tower,10,60,61,0,131,0,11,90,0,101,10,71,151,0,232,158,0,158,390
06/01/2021,CHO,VA,AEA,EN,Federal Contract Tower,11,49,69,10,139,0,16,76,14,106,11,65,145,24,245,98,70,168,413
06/02/2021,CHO,VA,AEA,EN,Federal Contract Tower,18,53,45,6,122,0,9,66,4,79,18,62,111,10,201,144,68,212,413
06/03/2021,CHO,VA,AEA,EN,Federal Contract Tower,14,48,57,10,129,0,20,53,8,81,14,68,110,18,210,68,56,124,334
06/04/2021,CHO,VA,AEA,EN,Federal Contract Tower,14,43,48,8,113,0,29,63,8,100,14,72,111,16,213,124,42,166,379
06/05/2021,CHO,VA,AEA,EN,Federal Contract Tower,13,48,41,0,102,0,19,97,0,116,13,67,138,0,218,214,22,236,454
06/06/2021,CHO,VA,AEA,EN,Federal Contract Tower,13,59,35,0,107,0,1,86,0,87,13,60,121,0,194,194,0,194,388
06/07/2021,CHO,VA,AEA,EN,Federal Contract Tower,10,54,63,12,139,0,22,79,8,109,10,76,142,20,248,150,84,234,482
06/08/2021,CHO,VA,AEA,EN,Federal Contract Tower,11,56,68,12,147,0,16,74,10,100,11,72,142,22,247,78,48,126,373
06/09/2021,CHO,VA,AEA,EN,Federal Contract Tower,17,45,31,2,95,0,6,51,0,57,17,51,82,2,152,96,24,120,272
06/10/2021,CHO,VA,AEA,EN,Federal Contract Tower,13,31,18,7,69,0,5,31,0,36,13,36,49,7,105,78,0,78,183
06/11/2021,CHO,VA,AEA,EN,Federal Contract Tower,15,62,59,0,136,0,0,0,0,0,15,62,59,0,136,0,0,0,136
06/12/2021,CHO,VA,AEA,EN,Federal Contract Tower,11,54,55,0,120,0,8,47,0,55,11,62,102,0,175,84,0,84,259
06/13/2021,CHO,VA,AEA,EN,Federal Contract Tower,15,49,31,0,95,0,4,31,0,35,15,53,62,0,130,104,0,104,234
06/14/2021,CHO,VA,AEA,EN,Federal Contract Tower,12,66,49,2,129,0,13,80,0,93,12,79,129,2,222,206,12,218,440
06/15/2021,CHO,VA,AEA,EN,Federal Contract Tower,15,41,59,10,125,0,28,89,0,117,15,69,148,10,242,96,74,170,412
06/16/2021,CHO,VA,AEA,EN,Federal Contract Tower,14,49,30,4,97,0,9,79,2,90,14,58,109,6,187,176,0,176,363
06/17/2021,CHO,VA,AEA,EN,Federal Contract Tower,16,48,63,12,139,0,15,97,0,112,16,63,160,12,251,140,70,210,461
06/18/2021,CHO,VA,AEA,EN,Federal Contract Tower,13,53,53,10,129,0,13,73,6,92,13,66,126,16,221,130,38,168,389
06/19/2021,CHO,VA,AEA,EN,Federal Contract Tower,12,48,41,0,101,0,7,75,0,82,12,55,116,0,183,128,0,128,311
06/20/2021,CHO,VA,AEA,EN,Federal Contract Tower,11,61,47,0,119,0,8,91,0,99,11,69,138,0,218,158,0,158,376
06/21/2021,CHO,VA,AEA,EN,Federal Contract Tower,10,63,45,5,123,0,9,56,3,68,10,72,101,8,191,124,88,212,403
06/22/2021,CHO,VA,AEA,EN,Federal Contract Tower,13,58,47,2,120,0,7,46,0,53,13,65,93,2,173,142,0,142,315
06/23/2021,CHO,VA,AEA,EN,Federal Contract Tower,18,64,51,10,143,0,7,79,4,90,18,71,130,14,233,238,24,262,495
06/25/2021,CHO,VA,AEA,EN,Federal Contract Tower,14,49,33,0,96,0,7,66,0,73,14,56,99,0,169,150,0,150,319
06/26/2021,CHO,VA,AEA,EN,Federal Contract Tower,15,58,46,0,119,0,18,74,0,92,15,76,120,0,211,132,0,132,343
06/27/2021,CHO,VA,AEA,EN,Federal Contract Tower,11,63,42,0,116,0,5,96,0,101,11,68,138,0,217,130,0,130,347
06/28/2021,CHO,VA,AEA,EN,Federal Contract Tower,12,55,49,14,130,0,22,78,10,110,12,77,127,24,240,98,84,182,422
06/29/2021,CHO,VA,AEA,EN,Federal Contract Tower,11,72,93,12,188,0,34,95,10,139,11,106,188,22,327,142,74,216,543
06/30/2021,CHO,VA,AEA,EN,Federal Contract Tower,17,33,43,14,107,0,16,79,8,103,17,49,122,22,210,90,74,164,374
07/01/2021,CHO,VA,AEA,EN,Federal Contract Tower,14,53,55,6,128,0,27,86,6,119,14,80,141,12,247,104,22,126,373
07/03/2021,CHO,VA,AEA,EN,Federal Contract Tower,11,41,30,0,82,0,8,81,0,89,11,49,111,0,171,178,0,178,349
07/04/2021,CHO,VA,AEA,EN,Federal Contract Tower,10,44,37,0,91,0,11,53,0,64,10,55,90,0,155,106,0,106,261
07/05/2021,CHO,VA,AEA,EN,Federal Contract Tower,10,63,55,0,128,0,11,103,0,114,10,74,158,0,242,140,0,140,382
07/06/2021,CHO,VA,AEA,EN,Federal Contract Tower,15,60,38,3,116,0,5,82,1,88,15,65,120,4,204,136,92,228,432
07/07/2021,CHO,VA,AEA,EN,Federal Contract Tower,17,41,58,10,126,0,19,77,6,102,17,60,135,16,228,116,66,182,410
07/08/2021,CHO,VA,AEA,EN,Federal Contract Tower,13,37,35,4,89,0,0,31,0,31,13,37,66,4,120,80,20,100,220
07/11/2021,CHO,VA,AEA,EN,Federal Contract Tower,13,75,62,0,150,0,26,89,0,115,13,101,151,0,265,186,0,186,451
07/12/2021,CHO,VA,AEA,EN,Federal Contract Tower,11,69,45,4,129,0,8,84,2,94,11,77,129,6,223,116,64,180,403
07/14/2021,CHO,VA,AEA,EN,Federal Contract Tower,21,55,60,12,148,0,27,77,6,110,21,82,137,18,258,78,80,158,416
07/15/2021,CHO,VA,AEA,EN,Federal Contract Tower,13,49,52,10,124,0,13,74,10,97,13,62,126,20,221,64,54,118,339
07/16/2021,CHO,VA,AEA,EN,Federal Contract Tower,18,54,70,8,150,0,28,83,6,117,18,82,153,14,267,156,52,208,475
07/17/2021,CHO,VA,AEA,EN,Federal Contract Tower,17,52,37,0,106,0,10,68,0,78,17,62,105,0,184,118,0,118,302
07/18/2021,CHO,VA,AEA,EN,Federal Contract Tower,13,51,50,0,114,0,13,63,0,76,13,64,113,0,190,144,0,144,334
07/19/2021,CHO,VA,AEA,EN,Federal Contract Tower,11,51,52,12,126,0,29,67,8,104,11,80,119,20,230,76,40,116,346
07/20/2021,CHO,VA,AEA,EN,Federal Contract Tower,16,61,44,10,131,0,6,83,2,91,16,67,127,12,222,162,38,200,422
07/21/2021,CHO,VA,AEA,EN,Federal Contract Tower,17,36,46,0,99,0,10,66,0,76,17,46,112,0,175,118,0,118,293
07/22/2021,CHO,VA,AEA,EN,Federal Contract Tower,13,59,50,4,126,0,4,93,0,97,13,63,143,4,223,218,34,252,475
07/23/2021,CHO,VA,AEA,EN,Federal Contract Tower,13,63,48,10,134,0,35,81,9,125,13,98,129,19,259,152,46,198,457
07/24/2021,CHO,VA,AEA,EN,Federal Contract Tower,13,45,35,0,93,0,10,77,0,87,13,55,112,0,180,206,0,206,386
07/25/2021,CHO,VA,AEA,EN,Federal Contract Tower,14,62,51,0,127,0,22,78,0,100,14,84,129,0,227,166,0,166,393
07/26/2021,CHO,VA,AEA,EN,Federal Contract Tower,9,52,49,4,114,0,7,57,0,64,9,59,106,4,178,141,54,195,373
07/27/2021,CHO,VA,AEA,EN,Federal Contract Tower,18,73,61,6,158,0,3,80,6,89,18,76,141,12,247,236,104,340,587
07/28/2021,CHO,VA,AEA,EN,Federal Contract Tower,17,49,38,2,106,0,10,74,0,84,17,59,112,2,190,166,66,232,422
07/29/2021,CHO,VA,AEA,EN,Federal Contract Tower,17,54,36,0,107,0,6,64,0,70,17,60,100,0,177,178,0,178,355
07/30/2021,CHO,VA,AEA,EN,Federal Contract Tower,13,43,39,0,95,0,12,57,2,71,13,55,96,2,166,92,0,92,258
07/31/2021,CHO,VA,AEA,EN,Federal Contract Tower,12,47,36,0,95,0,14,75,0,89,12,61,111,0,184,156,0,156,340
08/01/2021,CHO,VA,AEA,EN,Federal Contract Tower,14,60,67,6,147,0,6,59,0,65,14,66,126,6,212,98,0,98,310
08/02/2021,CHO,VA,AEA,EN,Federal Contract Tower,11,66,42,4,123,0,6,86,0,92,11,72,128,4,215,196,62,258,473
08/03/2021,CHO,VA,AEA,EN,Federal Contract Tower,11,66,42,9,128,0,4,89,0,93,11,70,131,9,221,178,70,248,469
08/04/2021,CHO,VA,AEA,EN,Federal Contract Tower,15,39,30,8,92,0,13,77,4,94,15,52,107,12,186,122,64,186,372
08/05/2021,CHO,VA,AEA,EN,Federal Contract Tower,19,23,21,6,69,0,4,47,3,54,19,27,68,9,123,112,12,124,247
08/06/2021,CHO,VA,AEA,EN,Federal Contract Tower,13,43,66,8,130,0,20,80,8,108,13,63,146,16,238,142,66,208,446
08/07/2021,CHO,VA,AEA,EN,Federal Contract Tower,12,52,48,0,112,0,9,48,0,57,12,61,96,0,169,78,0,78,247
08/08/2021,CHO,VA,AEA,EN,Federal Contract Tower,14,55,57,2,128,0,23,72,1,96,14,78,129,3,224,216,2,218,442
08/09/2021,CHO,VA,AEA,EN,Federal Contract Tower,10,57,44,4,115,0,4,82,0,86,10,61,126,4,201,150,54,204,405
08/10/2021,CHO,VA,AEA,EN,Federal Contract Tower,15,63,51,4,133,0,7,73,0,80,15,70,124,4,213,150,80,230,443
08/11/2021,CHO,VA,AEA,EN,Federal Contract Tower,15,29,48,10,102,0,26,66,8,100,15,55,114,18,202,80,56,136,338
08/12/2021,CHO,VA,AEA,EN,Federal Contract Tower,12,47,44,0,103,0,8,79,0,87,12,55,123,0,190,124,0,124,314
08/13/2021,CHO,VA,AEA,EN,Federal Contract Tower,13,42,52,10,117,0,14,66,10,90,13,56,118,20,207,74,84,158,365
08/14/2021,CHO,VA,AEA,EN,Federal Contract Tower,15,54,41,0,110,0,6,82,0,88,15,60,123,0,198,136,12,148,346
08/15/2021,CHO,VA,AEA,EN,Federal Contract Tower,12,61,53,0,126,0,4,50,0,54,12,65,103,0,180,110,0,110,290
08/16/2021,CHO,VA,AEA,EN,Federal Contract Tower,15,63,58,8,144,0,4,34,0,38,15,67,92,8,182,76,0,76,258
08/17/2021,CHO,VA,AEA,EN,Federal Contract Tower,12,59,60,10,141,0,4,28,2,34,12,63,88,12,175,88,0,88,263
08/18/2021,CHO,VA,AEA,EN,Federal Contract Tower,19,50,64,12,145,0,11,47,0,58,19,61,111,12,203,60,0,60,263
08/19/2021,CHO,VA,AEA,EN,Federal Contract Tower,15,41,61,10,127,0,14,72,9,95,15,55,133,19,222,82,72,154,376
08/20/2021,CHO,VA,AEA,EN,Federal Contract Tower,16,54,69,8,147,0,10,41,0,51,16,64,110,8,198,86,20,106,304
08/21/2021,CHO,VA,AEA,EN,Federal Contract Tower,13,48,41,0,102,0,14,85,0,99,13,62,126,0,201,216,0,216,417
08/22/2021,CHO,VA,AEA,EN,Federal Contract Tower,14,46,33,0,93,0,7,74,0,81,14,53,107,0,174,166,0,166,340
08/23/2021,CHO,VA,AEA,EN,Federal Contract Tower,12,55,65,22,154,0,26,60,8,94,12,81,125,30,248,148,82,230,478
08/24/2021,CHO,VA,AEA,EN,Federal Contract Tower,14,45,44,10,113,0,17,66,6,89,14,62,110,16,202,102,56,158,360
08/25/2021,CHO,VA,AEA,EN,Federal Contract Tower,16,32,51,10,109,0,24,60,10,94,16,56,111,20,203,104,74,178,381
08/26/2021,CHO,VA,AEA,EN,Federal Contract Tower,10,43,59,10,122,0,28,68,8,104,10,71,127,18,226,94,56,150,376
08/27/2021,CHO,VA,AEA,EN,Federal Contract Tower,15,41,57,4,117,0,14,62,23,99,15,55,119,27,216,98,80,178,394
08/28/2021,CHO,VA,AEA,EN,Federal Contract Tower,7,29,27,0,63,0,6,46,0,52,7,35,73,0,115,102,0,102,217
08/29/2021,CHO,VA,AEA,EN,Federal Contract Tower,14,45,77,0,136,2,17,14,0,33,16,62,91,0,169,42,0,42,211
08/30/2021,CHO,VA,AEA,EN,Federal Contract Tower,15,53,55,8,131,0,15,47,10,72,15,68,102,18,203,60,58,118,321
08/31/2021,CHO,VA,AEA,EN,Federal Contract Tower,13,47,64,14,138,0,14,47,8,69,13,61,111,22,207,70,72,142,349
09/01/2021,CHO,VA,AEA,EN,Federal Contract Tower,13,39,58,0,110,0,0,2,0,2,13,39,60,0,112,12,0,12,124
09/02/2021,CHO,VA,AEA,EN,Federal Contract Tower,14,50,81,8,153,0,14,75,12,101,14,64,156,20,254,122,66,188,442
09/03/2021,CHO,VA,AEA,EN,Federal Contract Tower,19,55,84,13,171,0,26,97,10,133,19,81,181,23,304,174,46,220,524
09/04/2021,CHO,VA,AEA,EN,Federal Contract Tower,11,58,44,0,113,0,10,80,0,90,11,68,124,0,203,134,0,134,337
09/05/2021,CHO,VA,AEA,EN,Federal Contract Tower,14,90,69,0,173,0,9,103,0,112,14,99,172,0,285,132,0,132,417
09/06/2021,CHO,VA,AEA,EN,Federal Contract Tower,12,64,52,0,128,0,9,81,0,90,12,73,133,0,218,200,0,200,418
09/07/2021,CHO,VA,AEA,EN,Federal Contract Tower,15,45,55,10,125,0,14,70,10,94,15,59,125,20,219,182,62,244,463
09/08/2021,CHO,VA,AEA,EN,Federal Contract Tower,21,73,58,13,165,0,7,80,0,87,21,80,138,13,252,178,72,250,502
09/09/2021,CHO,VA,AEA,EN,Federal Contract Tower,17,37,38,7,99,0,9,57,0,66,17,46,95,7,165,112,36,148,313
09/10/2021,CHO,VA,AEA,EN,Federal Contract Tower,17,54,65,12,148,0,26,81,8,115,17,80,146,20,263,128,62,190,453
09/11/2021,CHO,VA,AEA,EN,Federal Contract Tower,11,61,45,6,123,0,14,83,0,97,11,75,128,6,220,165,4,169,389
09/12/2021,CHO,VA,AEA,EN,Federal Contract Tower,15,77,53,0,145,0,7,98,2,107,15,84,151,2,252,162,0,162,414
09/13/2021,CHO,VA,AEA,EN,Federal Contract Tower,12,62,64,8,146,0,23,90,0,113,12,85,154,8,259,202,0,202,461
09/14/2021,CHO,VA,AEA,EN,Federal Contract Tower,18,59,73,18,168,0,28,77,18,123,18,87,150,36,291,110,106,216,507
09/15/2021,CHO,VA,AEA,EN,Federal Contract Tower,18,72,50,14,154,0,26,81,8,115,18,98,131,22,269,114,82,196,465
09/16/2021,CHO,VA,AEA,EN,Federal Contract Tower,20,59,81,12,172,0,17,65,9,91,20,76,146,21,263,130,86,216,479
09/17/2021,CHO,VA,AEA,EN,Federal Contract Tower,18,47,57,10,132,0,28,67,10,105,18,75,124,20,237,120,48,168,405
09/18/2021,CHO,VA,AEA,EN,Federal Contract Tower,18,69,39,0,126,0,9,71,0,80,18,78,110,0,206,160,0,160,366
09/19/2021,CHO,VA,AEA,EN,Federal Contract Tower,16,78,63,0,157,0,18,95,0,113,16,96,158,0,270,228,0,228,498
09/20/2021,CHO,VA,AEA,EN,Federal Contract Tower,12,65,67,12,156,0,24,79,11,114,12,89,146,23,270,76,66,142,412
09/21/2021,CHO,VA,AEA,EN,Federal Contract Tower,13,53,59,10,135,0,12,72,10,94,13,65,131,20,229,104,42,146,375
09/22/2021,CHO,VA,AEA,EN,Federal Contract Tower,20,50,52,0,122,0,8,38,0,46,20,58,90,0,168,62,0,62,230
09/23/2021,CHO,VA,AEA,EN,Federal Contract Tower,19,53,55,12,139,0,17,71,12,100,19,70,126,24,239,118,76,194,433
09/24/2021,CHO,VA,AEA,EN,Federal Contract Tower,16,58,78,12,164,0,25,69,10,104,16,83,147,22,268,192,58,250,518
09/25/2021,CHO,VA,AEA,EN,Federal Contract Tower,17,52,33,0,102,0,0,63,0,63,17,52,96,0,165,104,0,104,269
09/26/2021,CHO,VA,AEA,EN,Federal Contract Tower,23,95,76,0,194,0,29,73,0,102,23,124,149,0,296,182,0,182,478
09/27/2021,CHO,VA,AEA,EN,Federal Contract Tower,14,53,53,10,130,0,17,87,14,118,14,70,140,24,248,86,60,146,394
09/28/2021,CHO,VA,AEA,EN,Federal Contract Tower,16,48,55,10,129,0,21,70,14,105,16,69,125,24,234,120,86,206,440
09/29/2021,CHO,VA,AEA,EN,Federal Contract Tower,20,50,34,12,116,0,14,75,12,101,20,64,109,24,217,90,102,192,409
09/30/2021,CHO,VA,AEA,EN,Federal Contract Tower,16,45,51,6,118,0,12,75,5,92,16,57,126,11,210,112,56,168,378
10/01/2021,CHO,VA,AEA,EN,Federal Contract Tower,20,54,65,8,147,0,18,88,10,116,20,72,153,18,263,102,42,144,407
10/02/2021,CHO,VA,AEA,EN,Federal Contract Tower,12,56,39,0,107,0,10,96,0,106,12,66,135,0,213,150,0,150,363
10/03/2021,CHO,VA,AEA,EN,Federal Contract Tower,15,56,39,0,110,0,7,69,0,76,15,63,108,0,186,144,0,144,330
10/04/2021,CHO,VA,AEA,EN,Federal Contract Tower,14,58,45,6,123,0,12,69,0,81,14,70,114,6,204,104,36,140,344
10/05/2021,CHO,VA,AEA,EN,Federal Contract Tower,18,59,65,11,153,0,16,72,6,94,18,75,137,17,247,108,36,144,391
10/06/2021,CHO,VA,AEA,EN,Federal Contract Tower,20,48,61,8,137,0,0,0,0,0,20,48,61,8,137,0,0,0,137
10/07/2021,CHO,VA,AEA,EN,Federal Contract Tower,21,65,50,8,144,0,0,15,0,15,21,65,65,8,159,62,0,62,221
10/08/2021,CHO,VA,AEA,EN,Federal Contract Tower,19,88,93,12,212,0,26,61,6,93,19,114,154,18,305,86,68,154,459
10/09/2021,CHO,VA,AEA,EN,Federal Contract Tower,14,60,40,0,114,0,8,34,0,42,14,68,74,0,156,70,0,70,226
10/10/2021,CHO,VA,AEA,EN,Federal Contract Tower,18,60,39,0,117,0,0,0,0,0,18,60,39,0,117,0,0,0,117
10/11/2021,CHO,VA,AEA,EN,Federal Contract Tower,16,71,75,0,162,0,6,58,0,64,16,77,133,0,226,92,0,92,318
10/12/2021,CHO,VA,AEA,EN,Federal Contract Tower,20,61,66,12,159,0,17,62,6,85,20,78,128,18,244,100,52,152,396
10/13/2021,CHO,VA,AEA,EN,Federal Contract Tower,22,45,33,6,106,0,11,41,0,52,22,56,74,6,158,96,38,134,292
10/14/2021,CHO,VA,AEA,EN,Federal Contract Tower,19,47,47,3,116,0,9,62,5,76,19,56,109,8,192,106,26,132,324
10/15/2021,CHO,VA,AEA,EN,Federal Contract Tower,20,45,76,10,151,0,35,71,10,116,20,80,147,20,267,123,52,175,442
10/16/2021,CHO,VA,AEA,EN,Federal Contract Tower,13,74,56,0,143,0,7,39,0,46,13,81,95,0,189,64,0,64,253
10/17/2021,CHO,VA,AEA,EN,Federal Contract Tower,18,73,77,0,168,0,7,72,0,79,18,80,149,0,247,110,0,110,357
10/18/2021,CHO,VA,AEA,EN,Federal Contract Tower,15,75,65,4,159,0,24,66,0,90,15,99,131,4,249,140,106,246,495
10/19/2021,CHO,VA,AEA,EN,Federal Contract Tower,16,56,69,12,153,0,16,80,10,106,16,72,149,22,259,78,112,190,449
10/20/2021,CHO,VA,AEA,EN,Federal Contract Tower,22,40,56,10,128,0,8,60,0,68,22,48,116,10,196,102,60,162,358
10/21/2021,CHO,VA,AEA,EN,Federal Contract Tower,19,46,66,10,141,0,17,87,8,112,19,63,153,18,253,128,35,163,416
10/22/2021,CHO,VA,AEA,EN,Federal Contract Tower,18,70,71,10,169,0,35,77,14,126,18,105,148,24,295,84,52,136,431
10/23/2021,CHO,VA,AEA,EN,Federal Contract Tower,14,63,46,0,123,0,8,79,0,87,14,71,125,0,210,172,0,172,382
10/24/2021,CHO,VA,AEA,EN,Federal Contract Tower,25,91,70,0,186,0,8,79,0,87,25,99,149,0,273,78,0,78,351
10/25/2021,CHO,VA,AEA,EN,Federal Contract Tower,15,48,35,10,108,0,16,47,12,75,15,64,82,22,183,56,50,106,289
10/26/2021,CHO,VA,AEA,EN,Federal Contract Tower,19,54,60,14,147,0,25,72,10,107,19,79,132,24,254,68,58,126,380
10/27/2021,CHO,VA,AEA,EN,Federal Contract Tower,20,53,28,12,113,0,7,79,0,86,20,60,107,12,199,142,8,150,349
10/28/2021,CHO,VA,AEA,EN,Federal Contract Tower,21,45,47,6,119,0,21,59,6,86,21,66,106,12,205,50,50,100,305
10/29/2021,CHO,VA,AEA,EN,Federal Contract Tower,18,51,73,10,152,0,3,4,0,7,18,54,77,10,159,12,0,12,171
10/30/2021,CHO,VA,AEA,EN,Federal Contract Tower,16,50,40,0,106,0,5,0,0,5,16,55,40,0,111,0,0,0,111
10/31/2021,CHO,VA,AEA,EN,Federal Contract Tower,15,65,37,0,117,0,6,76,0,82,15,71,113,0,199,128,0,128,327
11/01/2021,CHO,VA,AEA,EN,Federal Contract Tower,15,60,51,0,126,0,8,73,0,81,15,68,124,0,207,117,0,117,324
11/02/2021,CHO,VA,AEA,EN,Federal Contract Tower,14,52,36,8,110,0,17,40,10,67,14,69,76,18,177,40,36,76,253
11/03/2021,CHO,VA,AEA,EN,Federal Contract Tower,19,55,33,3,110,0,7,55,2,64,19,62,88,5,174,144,28,172,346
11/04/2021,CHO,VA,AEA,EN,Federal Contract Tower,22,45,33,6,106,0,7,39,3,49,22,52,72,9,155,82,50,132,287
11/05/2021,CHO,VA,AEA,EN,Federal Contract Tower,17,50,43,13,123,0,19,56,8,83,17,69,99,21,206,98,66,164,370
11/06/2021,CHO,VA,AEA,EN,Federal Contract Tower,11,56,86,2,155,0,12,93,24,129,11,68,179,26,284,214,0,214,498
11/07/2021,CHO,VA,AEA,EN,Federal Contract Tower,16,65,49,0,130,0,6,71,0,77,16,71,120,0,207,126,0,126,333
11/08/2021,CHO,VA,AEA,EN,Federal Contract Tower,17,49,55,10,131,0,23,70,9,102,17,72,125,19,233,110,94,204,437
11/09/2021,CHO,VA,AEA,EN,Federal Contract Tower,18,61,54,8,141,0,20,68,12,100,18,81,122,20,241,120,44,164,405
11/10/2021,CHO,VA,AEA,EN,Federal Contract Tower,26,46,43,9,124,0,11,73,6,90,26,57,116,15,214,144,38,182,396
11/11/2021,CHO,VA,AEA,EN,Federal Contract Tower,19,56,33,3,111,0,7,55,2,64,19,63,88,5,175,98,66,164,339
11/12/2021,CHO,VA,AEA,EN,Federal Contract Tower,16,58,74,6,154,0,25,76,16,117,16,83,150,22,271,118,42,160,431
11/13/2021,CHO,VA,AEA,EN,Federal Contract Tower,25,63,52,2,142,0,6,56,0,62,25,69,108,2,204,94,0,94,298
11/14/2021,CHO,VA,AEA,EN,Federal Contract Tower,20,81,106,0,207,0,9,55,0,64,20,90,161,0,271,136,0,136,407
11/15/2021,CHO,VA,AEA,EN,Federal Contract Tower,15,68,31,4,118,0,8,62,0,70,15,76,93,4,188,102,18,120,308
11/16/2021,CHO,VA,AEA,EN,Federal Contract Tower,16,57,49,8,130,0,21,67,10,98,16,78,116,18,228,78,44,122,350
11/17/2021,CHO,VA,AEA,EN,Federal Contract Tower,15,45,73,12,145,0,27,94,10,131,15,72,167,22,276,88,54,142,418
11/18/2021,CHO,VA,AEA,EN,Federal Contract Tower,20,50,57,8,135,0,14,54,8,76,20,64,111,16,211,70,40,110,321
11/19/2021,CHO,VA,AEA,EN,Federal Contract Tower,21,58,91,12,182,0,18,68,10,96,21,76,159,22,278,148,44,192,470
11/20/2021,CHO,VA,AEA,EN,Federal Contract Tower,17,69,57,0,143,0,9,71,0,80,17,78,128,0,223,180,0,180,403
11/21/2021,CHO,VA,AEA,EN,Federal Contract Tower,17,78,40,0,135,0,6,77,0,83,17,84,117,0,218,156,0,156,374
11/22/2021,CHO,VA,AEA,EN,Federal Contract Tower,20,58,48,22,148,0,15,62,8,85,20,73,110,30,233,66,84,150,383
11/23/2021,CHO,VA,AEA,EN,Federal Contract Tower,16,68,60,10,154,0,22,73,20,115,16,90,133,30,269,114,56,170,439
11/24/2021,CHO,VA,AEA,EN,Federal Contract Tower,22,47,56,10,135,0,22,83,10,115,22,69,139,20,250,70,62,132,382
11/25/2021,CHO,VA,AEA,EN,Federal Contract Tower,13,49,31,0,93,0,9,31,0,40,13,58,62,0,133,4,0,4,137
11/26/2021,CHO,VA,AEA,EN,Federal Contract Tower,13,33,35,0,81,0,10,45,0,55,13,43,80,0,136,44,0,44,180
11/27/2021,CHO,VA,AEA,EN,Federal Contract Tower,11,79,63,0,153,0,10,89,0,99,11,89,152,0,252,168,0,168,420
11/28/2021,CHO,VA,AEA,EN,Federal Contract Tower,15,75,60,0,150,0,14,76,0,90,15,89,136,0,240,136,0,136,376
11/29/2021,CHO,VA,AEA,EN,Federal Contract Tower,13,67,44,2,126,0,13,47,0,60,13,80,91,2,186,182,24,206,392
11/30/2021,CHO,VA,AEA,EN,Federal Contract Tower,18,56,59,14,147,0,23,64,10,97,18,79,123,24,244,92,68,160,404
12/01/2021,CHO,VA,AEA,EN,Federal Contract Tower,19,51,31,6,107,0,4,57,0,61,19,55,88,6,168,112,78,190,358
12/02/2021,CHO,VA,AEA,EN,Federal Contract Tower,17,43,60,10,130,0,27,60,10,97,17,70,120,20,227,88,50,138,365
12/03/2021,CHO,VA,AEA,EN,Federal Contract Tower,18,42,60,14,134,0,31,63,11,105,18,73,123,25,239,138,48,186,425
12/04/2021,CHO,VA,AEA,EN,Federal Contract Tower,11,57,45,0,113,0,10,90,0,100,11,67,135,0,213,180,0,180,393
12/05/2021,CHO,VA,AEA,EN,Federal Contract Tower,15,64,46,0,125,0,20,91,0,111,15,84,137,0,236,164,0,164,400
12/06/2021,CHO,VA,AEA,EN,Federal Contract Tower,11,59,36,8,114,0,6,54,2,62,11,65,90,10,176,90,66,156,332
12/07/2021,CHO,VA,AEA,EN,Federal Contract Tower,13,43,61,12,129,0,34,74,8,116,13,77,135,20,245,60,58,118,363
12/08/2021,CHO,VA,AEA,EN,Federal Contract Tower,23,51,32,11,117,0,27,60,10,97,23,78,92,21,214,84,58,142,356
12/09/2021,CHO,VA,AEA,EN,Federal Contract Tower,24,34,29,15,102,0,23,57,10,90,24,57,86,25,192,40,16,56,248
12/10/2021,CHO,VA,AEA,EN,Federal Contract Tower,15,42,62,12,131,0,30,55,8,93,15,72,117,20,224,74,48,122,346
12/11/2021,CHO,VA,AEA,EN,Federal Contract Tower,12,59,34,0,105,0,0,0,0,0,12,59,34,0,105,0,0,0,105
12/12/2021,CHO,VA,AEA,EN,Federal Contract Tower,17,72,54,0,143,0,14,77,0,91,17,86,131,0,234,174,0,174,408
12/13/2021,CHO,VA,AEA,EN,Federal Contract Tower,16,55,51,12,134,0,25,73,12,110,16,80,124,24,244,190,48,238,482
12/14/2021,CHO,VA,AEA,EN,Federal Contract Tower,17,51,53,10,131,0,17,72,8,97,17,68,125,18,228,78,42,120,348
12/15/2021,CHO,VA,AEA,EN,Federal Contract Tower,23,28,46,12,109,0,19,48,10,77,23,47,94,22,186,68,50,118,304
12/16/2021,CHO,VA,AEA,EN,Federal Contract Tower,23,36,49,12,120,0,17,79,8,104,23,53,128,20,224,118,66,184,408
12/17/2021,CHO,VA,AEA,EN,Federal Contract Tower,21,51,60,10,142,0,21,49,10,80,21,72,109,20,222,72,36,108,330
12/18/2021,CHO,VA,AEA,EN,Federal Contract Tower,20,68,43,0,131,0,0,45,0,45,20,68,88,0,176,88,0,88,264
12/19/2021,CHO,VA,AEA,EN,Federal Contract Tower,15,56,34,0,105,0,6,50,0,56,15,62,84,0,161,92,0,92,253
12/20/2021,CHO,VA,AEA,EN,Federal Contract Tower,16,51,50,9,126,0,25,67,10,102,16,76,117,19,228,96,46,142,370
12/21/2021,CHO,VA,AEA,EN,Federal Contract Tower,16,47,54,10,127,0,26,62,12,100,16,73,116,22,227,100,42,142,369
12/22/2021,CHO,VA,AEA,EN,Federal Contract Tower,19,65,49,4,137,0,8,58,0,66,19,73,107,4,203,114,40,154,357
12/23/2021,CHO,VA,AEA,EN,Federal Contract Tower,21,39,67,10,137,0,34,72,6,112,21,73,139,16,249,90,54,144,393
12/24/2021,CHO,VA,AEA,EN,Federal Contract Tower,15,35,48,0,98,0,17,60,0,77,15,52,108,0,175,68,0,68,243
12/25/2021,CHO,VA,AEA,EN,Federal Contract Tower,19,57,17,0,93,0,10,32,0,42,19,67,49,0,135,40,0,40,175
12/26/2021,CHO,VA,AEA,EN,Federal Contract Tower,14,55,44,0,113,0,9,61,0,70,14,64,105,0,183,160,0,160,343
12/27/2021,CHO,VA,AEA,EN,Federal Contract Tower,16,45,44,4,109,0,22,72,24,118,16,67,116,28,227,72,0,72,299
12/28/2021,CHO,VA,AEA,EN,Federal Contract Tower,13,48,55,8,124,0,32,58,0,90,13,80,113,8,214,100,50,150,364
12/29/2021,CHO,VA,AEA,EN,Federal Contract Tower,21,33,50,14,118,0,30,53,8,91,21,63,103,22,209,74,54,128,337
12/30/2021,CHO,VA,AEA,EN,Federal Contract Tower,20,39,53,14,126,0,0,0,0,0,20,39,53,14,126,0,0,0,126
12/31/2021,CHO,VA,AEA,EN,Federal Contract Tower,16,45,56,0,117,0,3,18,0,21,16,48,74,0,138,36,0,36,174
01/01/2022,CHO,VA,AEA,EN,Federal Contract Tower,14,25,14,0,53,0,0,12,0,12,14,25,26,0,65,46,0,46,111
01/02/2022,CHO,VA,AEA,EN,Federal Contract Tower,17,47,39,0,103,0,4,46,0,50,17,51,85,0,153,92,0,92,245
01/03/2022,CHO,VA,AEA,EN,Federal Contract Tower,17,48,21,0,86,0,0,0,0,0,17,48,21,0,86,0,0,0,86
01/04/2022,CHO,VA,AEA,EN,Federal Contract Tower,14,53,59,10,136,0,27,64,8,99,14,80,123,18,235,62,52,114,349
01/05/2022,CHO,VA,AEA,EN,Federal Contract Tower,26,37,47,12,122,0,25,55,8,88,26,62,102,20,210,60,56,116,326
01/06/2022,CHO,VA,AEA,EN,Federal Contract Tower,14,44,57,14,129,0,19,65,8,92,14,63,122,22,221,62,80,142,363
01/07/2022,CHO,VA,AEA,EN,Federal Contract Tower,14,46,62,20,142,0,26,51,14,91,14,72,113,34,233,42,60,102,335
01/08/2022,CHO,VA,AEA,EN,Federal Contract Tower,16,55,23,0,94,0,6,51,0,57,16,61,74,0,151,128,0,128,279
01/09/2022,CHO,VA,AEA,EN,Federal Contract Tower,16,45,25,0,86,0,5,27,0,32,16,50,52,0,118,104,0,104,222
01/10/2022,CHO,VA,AEA,EN,Federal Contract Tower,11,61,34,2,108,0,6,59,0,65,11,67,93,2,173,82,12,94,267
01/11/2022,CHO,VA,AEA,EN,Federal Contract Tower,15,52,48,10,125,0,22,62,10,94,15,74,110,20,219,56,30,86,305
01/12/2022,CHO,VA,AEA,EN,Federal Contract Tower,23,29,47,8,107,0,14,47,10,71,23,43,94,18,178,64,38,102,280
01/13/2022,CHO,VA,AEA,EN,Federal Contract Tower,18,38,42,6,104,0,20,53,0,73,18,58,95,6,177,114,42,156,333
01/14/2022,CHO,VA,AEA,EN,Federal Contract Tower,14,42,67,14,137,0,25,62,8,95,14,67,129,22,232,82,52,134,366
01/15/2022,CHO,VA,AEA,EN,Federal Contract Tower,10,56,29,0,95,0,7,63,0,70,10,63,92,0,165,116,0,116,281
01/16/2022,CHO,VA,AEA,EN,Federal Contract Tower,5,17,6,0,28,0,0,0,0,0,5,17,6,0,28,0,0,0,28
01/17/2022,CHO,VA,AEA,EN,Federal Contract Tower,9,34,15,4,62,0,0,0,0,0,9,34,15,4,62,0,0,0,62
01/18/2022,CHO,VA,AEA,EN,Federal Contract Tower,13,50,45,8,116,0,19,64,12,95,13,69,109,20,211,60,36,96,307
01/19/2022,CHO,VA,AEA,EN,Federal Contract Tower,22,35,56,8,121,0,14,48,9,71,22,49,104,17,192,52,28,80,272
01/20/2022,CHO,VA,AEA,EN,Federal Contract Tower,18,47,39,0,104,0,0,0,0,0,18,47,39,0,104,0,0,0,104
01/21/2022,CHO,VA,AEA,EN,Federal Contract Tower,14,48,61,14,137,0,11,77,0,88,14,59,138,14,225,86,46,132,357
01/22/2022,CHO,VA,AEA,EN,Federal Contract Tower,10,37,24,0,71,0,4,61,0,65,10,41,85,0,136,116,0,116,252
01/23/2022,CHO,VA,AEA,EN,Federal Contract Tower,14,56,41,0,111,0,11,77,0,88,14,67,118,0,199,146,0,146,345
01/24/2022,CHO,VA,AEA,EN,Federal Contract Tower,14,60,53,0,127,0,19,99,2,120,14,79,152,2,247,224,0,224,471
01/25/2022,CHO,VA,AEA,EN,Federal Contract Tower,14,48,57,10,129,0,21,76,11,108,14,69,133,21,237,120,48,168,405
01/26/2022,CHO,VA,AEA,EN,Federal Contract Tower,14,53,59,10,136,0,14,48,9,71,14,67,107,19,207,64,40,104,311
01/27/2022,CHO,VA,AEA,EN,Federal Contract Tower,13,43,63,10,129,0,28,73,8,109,13,71,136,18,238,50,52,102,340
01/28/2022,CHO,VA,AEA,EN,Federal Contract Tower,11,36,46,10,103,0,14,30,0,44,11,50,76,10,147,38,34,72,219
01/29/2022,CHO,VA,AEA,EN,Federal Contract Tower,11,32,39,0,82,0,21,25,0,46,11,53,64,0,128,8,0,8,136
01/30/2022,CHO,VA,AEA,EN,Federal Contract Tower,14,55,34,0,103,0,5,49,0,54,14,60,83,0,157,132,0,132,289
01/31/2022,CHO,VA,AEA,EN,Federal Contract Tower,15,56,38,2,111,0,16,66,0,82,15,72,104,2,193,178,44,222,415
02/01/2022,CHO,VA,AEA,EN,Federal Contract Tower,14,47,48,12,121,0,21,66,10,97,14,68,114,22,218,86,54,140,358
02/02/2022,CHO,VA,AEA,EN,Federal Contract Tower,9,30,49,10,98,0,23,49,10,82,9,53,98,20,180,60,48,108,288
02/03/2022,CHO,VA,AEA,EN,Federal Contract Tower,11,30,0,0,41,0,0,0,0,0,11,30,0,0,41,0,0,0,41
02/04/2022,CHO,VA,AEA,EN,Federal Contract Tower,12,36,45,0,93,0,0,0,0,0,12,36,45,0,93,0,0,0,93
02/05/2022,CHO,VA,AEA,EN,Federal Contract Tower,12,48,46,0,106,0,18,82,0,100,12,66,128,0,206,106,0,106,312
02/06/2022,CHO,VA,AEA,EN,Federal Contract Tower,13,59,37,2,111,0,9,85,0,94,13,68,122,2,205,182,0,182,387
02/07/2022,CHO,VA,AEA,EN,Federal Contract Tower,16,46,51,12,125,0,16,52,12,80,16,62,103,24,205,54,70,124,329
02/08/2022,CHO,VA,AEA,EN,Federal Contract Tower,17,44,47,26,134,0,16,83,10,109,17,60,130,36,243,78,98,176,419
02/09/2022,CHO,VA,AEA,EN,Federal Contract Tower,12,36,37,16,101,0,23,51,0,74,12,59,88,16,175,80,70,150,325
02/10/2022,CHO,VA,AEA,EN,Federal Contract Tower,16,52,52,12,132,0,18,66,10,94,16,70,118,22,226,66,56,122,348
02/11/2022,CHO,VA,AEA,EN,Federal Contract Tower,15,45,64,12,136,0,22,83,10,115,15,67,147,22,251,66,64,130,381
02/12/2022,CHO,VA,AEA,EN,Federal Contract Tower,13,53,33,0,99,0,9,56,0,65,13,62,89,0,164,40,0,40,204
02/13/2022,CHO,VA,AEA,EN,Federal Contract Tower,15,36,40,0,91,0,10,32,0,42,15,46,72,0,133,0,0,0,133
02/14/2022,CHO,VA,AEA,EN,Federal Contract Tower,15,48,46,14,123,0,16,58,10,84,15,64,104,24,207,68,72,140,347
02/15/2022,CHO,VA,AEA,EN,Federal Contract Tower,15,49,71,14,149,0,57,89,8,154,15,106,160,22,303,158,64,222,525
02/16/2022,CHO,VA,AEA,EN,Federal Contract Tower,13,37,52,16,118,0,21,63,8,92,13,58,115,24,210,78,52,130,340
02/17/2022,CHO,VA,AEA,EN,Federal Contract Tower,12,39,47,13,111,0,22,68,10,100,12,61,115,23,211,66,48,114,325
02/18/2022,CHO,VA,AEA,EN,Federal Contract Tower,11,46,40,0,97,0,14,48,0,62,11,60,88,0,159,120,0,120,279
02/19/2022,CHO,VA,AEA,EN,Federal Contract Tower,19,66,47,2,134,0,11,56,0,67,19,77,103,2,201,0,0,0,201
02/20/2022,CHO,VA,AEA,EN,Federal Contract Tower,16,48,54,0,118,0,23,74,0,97,16,71,128,0,215,120,0,120,335
02/21/2022,CHO,VA,AEA,EN,Federal Contract Tower,17,40,76,0,133,0,32,81,0,113,17,72,157,0,246,192,0,192,438
02/22/2022,CHO,VA,AEA,EN,Federal Contract Tower,17,49,54,8,128,0,18,31,6,55,17,67,85,14,183,60,28,88,271
02/23/2022,CHO,VA,AEA,EN,Federal Contract Tower,17,52,73,0,142,0,20,48,0,68,17,72,121,0,210,128,0,128,338
02/24/2022,CHO,VA,AEA,EN,Federal Contract Tower,13,40,57,10,120,0,21,55,10,86,13,61,112,20,206,60,58,118,324
02/25/2022,CHO,VA,AEA,EN,Federal Contract Tower,15,43,44,0,102,0,11,27,0,38,15,54,71,0,140,64,0,64,204
02/26/2022,CHO,VA,AEA,EN,Federal Contract Tower,21,74,50,0,145,0,11,66,0,77,21,85,116,0,222,144,0,144,366
02/27/2022,CHO,VA,AEA,EN,Federal Contract Tower,11,44,45,0,100,0,23,95,0,118,11,67,140,0,218,232,0,232,450
02/28/2022,CHO,VA,AEA,EN,Federal Contract Tower,10,39,61,8,118,0,20,61,8,89,10,59,122,16,207,144,58,202,409
03/01/2022,CHO,VA,AEA,EN,Federal Contract Tower,13,42,49,12,116,0,29,61,8,98,13,71,110,20,214,112,56,168,382
03/02/2022,CHO,VA,AEA,EN,Federal Contract Tower,16,51,51,10,128,0,29,86,10,125,16,80,137,20,253,146,80,226,479
03/03/2022,CHO,VA,AEA,EN,Federal Contract Tower,8,43,44,16,111,0,21,56,13,90,8,64,100,29,201,104,68,172,373
03/04/2022,CHO,VA,AEA,EN,Federal Contract Tower,13,48,54,12,127,0,19,60,10,89,13,67,114,22,216,100,58,158,374
03/05/2022,CHO,VA,AEA,EN,Federal Contract Tower,14,67,42,0,123,0,10,80,0,90,14,77,122,0,213,152,0,152,365
03/06/2022,CHO,VA,AEA,EN,Federal Contract Tower,14,46,56,0,116,0,16,60,0,76,14,62,116,0,192,96,0,96,288
03/07/2022,CHO,VA,AEA,EN,Federal Contract Tower,15,40,41,10,106,0,15,45,10,70,15,55,86,20,176,70,46,116,292
03/08/2022,CHO,VA,AEA,EN,Federal Contract Tower,16,49,50,19,134,0,31,66,0,97,16,80,116,19,231,63,50,113,344
03/09/2022,CHO,VA,AEA,EN,Federal Contract Tower,13,43,51,0,107,0,17,29,0,46,13,60,80,0,153,38,0,38,191
03/10/2022,CHO,VA,AEA,EN,Federal Contract Tower,16,44,58,11,129,0,32,62,8,102,16,76,120,19,231,98,52,150,381
03/11/2022,CHO,VA,AEA,EN,Federal Contract Tower,16,44,48,12,120,0,22,56,6,84,16,66,104,18,204,60,46,106,310
03/12/2022,CHO,VA,AEA,EN,Federal Contract Tower,11,42,35,0,88,0,0,0,0,0,11,42,35,0,88,0,0,0,88
03/13/2022,CHO,VA,AEA,EN,Federal Contract Tower,15,55,59,0,129,0,19,81,0,100,15,74,140,0,229,125,0,125,354
03/14/2022,CHO,VA,AEA,EN,Federal Contract Tower,13,43,51,10,117,0,37,60,8,105,13,80,111,18,222,103,48,151,373
03/15/2022,CHO,VA,AEA,EN,Federal Contract Tower,13,47,60,12,132,0,32,81,8,121,13,79,141,20,253,122,86,208,461
03/16/2022,CHO,VA,AEA,EN,Federal Contract Tower,17,44,63,12,136,0,33,76,8,117,17,77,139,20,253,118,48,166,419
03/17/2022,CHO,VA,AEA,EN,Federal Contract Tower,17,39,57,0,113,0,2,8,0,10,17,41,65,0,123,24,0,24,147
03/18/2022,CHO,VA,AEA,EN,Federal Contract Tower,12,43,50,12,117,0,14,55,8,77,12,57,105,20,194,100,92,192,386
03/19/2022,CHO,VA,AEA,EN,Federal Contract Tower,10,47,25,0,82,0,0,21,0,21,10,47,46,0,103,64,0,64,167
03/20/2022,CHO,VA,AEA,EN,Federal Contract Tower,15,43,55,0,113,0,23,65,0,88,15,66,120,0,201,86,0,86,287
03/21/2022,CHO,VA,AEA,EN,Federal Contract Tower,16,50,44,19,129,0,17,74,0,91,16,67,118,19,220,102,48,150,370
03/22/2022,CHO,VA,AEA,EN,Federal Contract Tower,14,52,61,15,142,0,38,76,8,122,14,90,137,23,264,128,64,192,456
03/23/2022,CHO,VA,AEA,EN,Federal Contract Tower,15,46,50,0,111,0,14,35,0,49,15,60,85,0,160,70,0,70,230
03/24/2022,CHO,VA,AEA,EN,Federal Contract Tower,13,45,55,8,121,0,0,0,0,0,13,45,55,8,121,0,0,0,121
03/25/2022,CHO,VA,AEA,EN,Federal Contract Tower,14,38,48,14,114,0,18,60,10,88,14,56,108,24,202,74,64,138,340
03/26/2022,CHO,VA,AEA,EN,Federal Contract Tower,15,51,48,0,114,0,14,64,0,78,15,65,112,0,192,36,0,36,228
03/27/2022,CHO,VA,AEA,EN,Federal Contract Tower,12,58,47,0,117,0,5,43,0,48,12,63,90,0,165,94,0,94,259
03/28/2022,CHO,VA,AEA,EN,Federal Contract Tower,14,42,53,2,111,0,20,46,0,66,14,62,99,2,177,66,20,86,263
03/29/2022,CHO,VA,AEA,EN,Federal Contract Tower,13,41,63,10,127,0,24,74,15,113,13,65,137,25,240,142,50,192,432
03/30/2022,CHO,VA,AEA,EN,Federal Contract Tower,14,36,48,12,110,0,30,73,10,113,14,66,121,22,223,76,66,142,365
03/31/2022,CHO,VA,AEA,EN,Federal Contract Tower,12,43,53,8,116,0,7,14,0,21,12,50,67,8,137,32,0,32,169
04/01/2022,CHO,VA,AEA,EN,Federal Contract Tower,14,50,49,16,129,0,20,54,10,84,14,70,103,26,213,82,58,140,353
04/02/2022,CHO,VA,AEA,EN,Federal Contract Tower,20,62,41,0,123,0,0,86,0,86,20,62,127,0,209,126,0,126,335
04/03/2022,CHO,VA,AEA,EN,Federal Contract Tower,18,82,56,0,156,0,23,97,0,120,18,105,153,0,276,98,0,98,374
04/04/2022,CHO,VA,AEA,EN,Federal Contract Tower,15,51,52,16,134,0,0,83,8,91,15,51,135,24,225,104,60,164,389
04/05/2022,CHO,VA,AEA,EN,Federal Contract Tower,15,56,31,2,104,0,4,35,0,39,15,60,66,2,143,80,34,114,257
04/06/2022,CHO,VA,AEA,EN,Federal Contract Tower,17,64,62,12,155,0,19,50,8,77,17,83,112,20,232,118,40,158,390
04/07/2022,CHO,VA,AEA,EN,Federal Contract Tower,21,42,50,0,113,0,3,19,0,22,21,45,69,0,135,70,0,70,205
04/08/2022,CHO,VA,AEA,EN,Federal Contract Tower,17,38,51,10,116,0,23,55,12,90,17,61,106,22,206,74,60,134,340
04/09/2022,CHO,VA,AEA,EN,Federal Contract Tower,18,75,61,2,156,0,10,73,0,83,18,85,134,2,239,134,0,134,373
04/10/2022,CHO,VA,AEA,EN,Federal Contract Tower,17,67,61,0,145,0,10,54,0,64,17,77,115,0,209,84,0,84,293
04/11/2022,CHO,VA,AEA,EN,Federal Contract Tower,19,70,45,0,134,0,20,55,10,85,19,90,100,10,219,126,0,126,345
04/12/2022,CHO,VA,AEA,EN,Federal Contract Tower,14,77,61,2,154,0,15,92,0,107,14,92,153,2,261,190,0,190,451
04/13/2022,CHO,VA,AEA,EN,Federal Contract Tower,14,40,53,8,115,0,16,67,8,91,14,56,120,16,206,64,60,124,330
04/14/2022,CHO,VA,AEA,EN,Federal Contract Tower,15,38,50,14,117,0,15,72,12,99,15,53,122,26,216,42,112,154,370
04/15/2022,CHO,VA,AEA,EN,Federal Contract Tower,15,52,52,12,131,0,26,65,10,101,15,78,117,22,232,104,56,160,392
04/16/2022,CHO,VA,AEA,EN,Federal Contract Tower,17,57,31,0,105,0,4,74,0,78,17,61,105,0,183,106,0,106,289
04/17/2022,CHO,VA,AEA,EN,Federal Contract Tower,16,65,33,0,114,0,10,78,0,88,16,75,111,0,202,164,0,164,366
04/18/2022,CHO,VA,AEA,EN,Federal Contract Tower,16,66,44,0,126,0,0,0,0,0,16,66,44,0,126,0,0,0,126
04/19/2022,CHO,VA,AEA,EN,Federal Contract Tower,16,65,47,2,130,0,11,51,0,62,16,76,98,2,192,86,28,114,306
04/20/2022,CHO,VA,AEA,EN,Federal Contract Tower,16,62,64,10,152,0,53,87,10,150,16,115,151,20,302,180,58,238,540
04/21/2022,CHO,VA,AEA,EN,Federal Contract Tower,13,50,66,12,141,0,30,62,8,100,13,80,128,20,241,96,66,162,403
04/22/2022,CHO,VA,AEA,EN,Federal Contract Tower,12,43,46,22,123,0,36,71,8,115,12,79,117,30,238,74,58,132,370
04/23/2022,CHO,VA,AEA,EN,Federal Contract Tower,16,59,35,0,110,0,23,60,0,83,16,82,95,0,193,92,0,92,285
04/24/2022,CHO,VA,AEA,EN,Federal Contract Tower,15,73,79,0,167,0,14,95,0,109,15,87,174,0,276,194,0,194,470
04/25/2022,CHO,VA,AEA,EN,Federal Contract Tower,18,63,46,4,131,0,10,43,0,53,18,73,89,4,184,96,0,96,280
04/26/2022,CHO,VA,AEA,EN,Federal Contract Tower,18,56,32,0,106,0,4,11,0,15,18,60,43,0,121,6,0,6,127
04/27/2022,CHO,VA,AEA,EN,Federal Contract Tower,17,53,58,11,139,0,25,76,10,111,17,78,134,21,250,118,94,212,462
04/28/2022,CHO,VA,AEA,EN,Federal Contract Tower,13,47,61,12,133,0,28,71,6,105,13,75,132,18,238,122,46,168,406
04/29/2022,CHO,VA,AEA,EN,Federal Contract Tower,13,42,45,10,110,0,22,76,8,106,13,64,121,18,216,94,48,142,358
04/30/2022,CHO,VA,AEA,EN,Federal Contract Tower,11,53,43,0,107,0,6,60,0,66,11,59,103,0,173,154,0,154,327
05/01/2022,CHO,VA,AEA,EN,Federal Contract Tower,13,62,47,0,122,0,9,46,0,55,13,71,93,0,177,136,0,136,313
05/02/2022,CHO,VA,AEA,EN,Federal Contract Tower,19,52,74,19,164,0,40,75,8,123,19,92,149,27,287,120,74,194,481
05/03/2022,CHO,VA,AEA,EN,Federal Contract Tower,14,53,55,10,132,0,31,67,10,108,14,84,122,20,240,92,62,154,394
05/04/2022,CHO,VA,AEA,EN,Federal Contract Tower,15,50,52,10,127,0,26,55,8,89,15,76,107,18,216,104,46,150,366
05/05/2022,CHO,VA,AEA,EN,Federal Contract Tower,15,47,57,14,133,0,23,71,8,102,15,70,128,22,235,126,62,188,423
05/06/2022,CHO,VA,AEA,EN,Federal Contract Tower,15,36,51,8,110,0,16,43,6,65,15,52,94,14,175,62,20,82,257
05/07/2022,CHO,VA,AEA,EN,Federal Contract Tower,20,56,53,0,129,0,19,57,0,76,20,75,110,0,205,100,0,100,305
05/08/2022,CHO,VA,AEA,EN,Federal Contract Tower,14,66,60,0,140,0,4,0,0,4,14,70,60,0,144,46,0,46,190
05/09/2022,CHO,VA,AEA,EN,Federal Contract Tower,14,63,54,6,137,0,16,75,24,115,14,79,129,30,252,150,30,180,432
05/10/2022,CHO,VA,AEA,EN,Federal Contract Tower,20,72,50,4,146,0,24,86,6,116,20,96,136,10,262,214,82,296,558
05/11/2022,CHO,VA,AEA,EN,Federal Contract Tower,19,58,56,12,145,0,37,71,14,122,19,95,127,26,267,150,74,224,491
05/12/2022,CHO,VA,AEA,EN,Federal Contract Tower,14,54,78,12,158,0,18,65,10,93,14,72,143,22,251,74,72,146,397
05/13/2022,CHO,VA,AEA,EN,Federal Contract Tower,11,52,72,0,135,0,0,0,0,0,11,52,72,0,135,0,0,0,135
05/14/2022,CHO,VA,AEA,EN,Federal Contract Tower,16,85,66,0,167,0,0,0,0,0,16,85,66,0,167,0,0,0,167
05/15/2022,CHO,VA,AEA,EN,Federal Contract Tower,15,66,41,0,122,0,10,60,0,70,15,76,101,0,192,124,0,124,316
05/16/2022,CHO,VA,AEA,EN,Federal Contract Tower,14,72,46,2,134,0,10,72,0,82,14,82,118,2,216,148,34,182,398
05/17/2022,CHO,VA,AEA,EN,Federal Contract Tower,18,74,54,4,150,1,16,98,2,117,19,90,152,6,267,222,24,246,513
05/18/2022,CHO,VA,AEA,EN,Federal Contract Tower,13,52,63,10,138,0,26,88,10,124,13,78,151,20,262,138,48,186,448
05/19/2022,CHO,VA,AEA,EN,Federal Contract Tower,11,56,72,10,149,0,23,69,10,102,11,79,141,20,251,122,56,178,429
05/20/2022,CHO,VA,AEA,EN,Federal Contract Tower,11,80,78,13,182,0,19,74,8,101,11,99,152,21,283,104,56,160,443
05/21/2022,CHO,VA,AEA,EN,Federal Contract Tower,28,108,66,0,202,0,22,111,0,133,28,130,177,0,335,190,0,190,525
05/22/2022,CHO,VA,AEA,EN,Federal Contract Tower,22,99,76,0,197,0,16,92,0,108,22,115,168,0,305,170,0,170,475
05/23/2022,CHO,VA,AEA,EN,Federal Contract Tower,14,54,63,12,143,0,26,61,12,99,14,80,124,24,242,72,74,146,388
05/24/2022,CHO,VA,AEA,EN,Federal Contract Tower,13,63,61,8,145,0,0,0,0,0,13,63,61,8,145,0,0,0,145
05/25/2022,CHO,VA,AEA,EN,Federal Contract Tower,34,55,80,12,181,0,11,57,10,78,34,66,137,22,259,70,62,132,391
05/26/2022,CHO,VA,AEA,EN,Federal Contract Tower,12,55,79,10,156,0,11,39,0,50,12,66,118,10,206,54,0,54,260
05/27/2022,CHO,VA,AEA,EN,Federal Contract Tower,10,57,73,0,140,0,0,0,0,0,10,57,73,0,140,0,0,0,140
05/28/2022,CHO,VA,AEA,EN,Federal Contract Tower,20,82,51,0,153,0,20,89,0,109,20,102,140,0,262,172,0,172,434
05/29/2022,CHO,VA,AEA,EN,Federal Contract Tower,15,65,55,0,135,0,23,96,0,119,15,88,151,0,254,186,0,186,440
05/30/2022,CHO,VA,AEA,EN,Federal Contract Tower,17,68,52,0,137,0,28,101,0,129,17,96,153,0,266,188,0,188,454
05/31/2022,CHO,VA,AEA,EN,Federal Contract Tower,19,76,58,0,153,0,18,86,0,104,19,94,144,0,257,214,0,214,471
06/01/2022,CHO,VA,AEA,EN,Federal Contract Tower,13,65,84,14,176,0,39,79,10,128,13,104,163,24,304,172,98,270,574
06/02/2022,CHO,VA,AEA,EN,Federal Contract Tower,14,43,55,10,122,0,26,62,12,100,14,69,117,22,222,64,72,136,358
06/03/2022,CHO,VA,AEA,EN,Federal Contract Tower,16,68,64,12,160,0,16,60,12,88,16,84,124,24,248,112,96,208,456
06/04/2022,CHO,VA,AEA,EN,Federal Contract Tower,11,64,37,0,112,0,8,73,0,81,11,72,110,0,193,174,0,174,367
06/05/2022,CHO,VA,AEA,EN,Federal Contract Tower,14,41,53,0,108,0,12,82,0,94,14,53,135,0,202,154,0,154,356
06/06/2022,CHO,VA,AEA,EN,Federal Contract Tower,13,43,49,2,107,0,27,62,0,89,13,70,111,2,196,176,46,222,418
06/07/2022,CHO,VA,AEA,EN,Federal Contract Tower,16,70,47,2,135,0,4,51,0,55,16,74,98,2,190,98,34,132,322
06/08/2022,CHO,VA,AEA,EN,Federal Contract Tower,17,66,58,0,141,0,17,53,0,70,17,83,111,0,211,154,0,154,365
06/09/2022,CHO,VA,AEA,EN,Federal Contract Tower,17,61,45,0,123,0,8,59,2,69,17,69,104,2,192,122,0,122,314
06/10/2022,CHO,VA,AEA,EN,Federal Contract Tower,16,53,43,0,112,0,3,69,4,76,16,56,112,4,188,174,22,196,384
06/11/2022,CHO,VA,AEA,EN,Federal Contract Tower,9,40,53,0,102,0,10,51,0,61,9,50,104,0,163,52,0,52,215
06/12/2022,CHO,VA,AEA,EN,Federal Contract Tower,16,66,67,0,149,0,4,31,0,35,16,70,98,0,184,88,0,88,272
06/13/2022,CHO,VA,AEA,EN,Federal Contract Tower,16,72,44,4,136,0,11,80,0,91,16,83,124,4,227,196,50,246,473
06/14/2022,CHO,VA,AEA,EN,Federal Contract Tower,13,56,58,10,137,0,22,69,12,103,13,78,127,22,240,106,66,172,412
06/15/2022,CHO,VA,AEA,EN,Federal Contract Tower,19,58,64,14,155,0,26,62,8,96,19,84,126,22,251,122,62,184,435
06/16/2022,CHO,VA,AEA,EN,Federal Contract Tower,12,50,50,12,124,0,21,59,0,80,12,71,109,12,204,64,62,126,330
06/17/2022,CHO,VA,AEA,EN,Federal Contract Tower,13,53,61,12,139,0,30,71,12,113,13,83,132,24,252,80,64,144,396
06/18/2022,CHO,VA,AEA,EN,Federal Contract Tower,15,62,43,0,120,0,7,73,0,80,15,69,116,0,200,146,0,146,346
06/19/2022,CHO,VA,AEA,EN,Federal Contract Tower,14,58,50,0,122,0,10,81,0,91,14,68,131,0,213,156,0,156,369
06/20/2022,CHO,VA,AEA,EN,Federal Contract Tower,15,56,67,12,150,0,41,75,10,126,15,97,142,22,276,164,58,222,498
06/21/2022,CHO,VA,AEA,EN,Federal Contract Tower,16,59,37,2,114,0,18,99,0,117,16,77,136,2,231,186,54,240,471
06/22/2022,CHO,VA,AEA,EN,Federal Contract Tower,14,44,64,10,132,0,22,65,8,95,14,66,129,18,227,64,60,124,351
06/23/2022,CHO,VA,AEA,EN,Federal Contract Tower,18,59,49,0,126,0,8,31,0,39,18,67,80,0,165,0,0,0,165
06/24/2022,CHO,VA,AEA,EN,Federal Contract Tower,8,49,76,10,143,0,26,70,10,106,8,75,146,20,249,90,54,144,393
06/25/2022,CHO,VA,AEA,EN,Federal Contract Tower,13,45,26,0,84,0,4,44,0,48,13,49,70,0,132,120,0,120,252
06/26/2022,CHO,VA,AEA,EN,Federal Contract Tower,11,54,55,0,120,0,8,63,0,71,11,62,118,0,191,118,0,118,309
06/27/2022,CHO,VA,AEA,EN,Federal Contract Tower,12,51,80,0,143,0,6,35,0,41,12,57,115,0,184,84,0,84,268
06/28/2022,CHO,VA,AEA,EN,Federal Contract Tower,17,67,47,4,135,0,12,82,4,98,17,79,129,8,233,178,46,224,457
06/29/2022,CHO,VA,AEA,EN,Federal Contract Tower,14,67,78,12,171,0,35,83,0,118,14,102,161,12,289,132,68,200,489
06/30/2022,CHO,VA,AEA,EN,Federal Contract Tower,12,59,71,10,152,0,14,66,9,89,12,73,137,19,241,108,88,196,437
07/01/2022,CHO,VA,AEA,EN,Federal Contract Tower,9,48,53,12,122,0,24,70,10,104,9,72,123,22,226,84,64,148,374
07/02/2022,CHO,VA,AEA,EN,Federal Contract Tower,15,61,44,0,120,0,13,65,0,78,15,74,109,0,198,118,0,118,316
07/03/2022,CHO,VA,AEA,EN,Federal Contract Tower,14,58,39,0,111,0,6,59,0,65,14,64,98,0,176,146,0,146,322
07/04/2022,CHO,VA,AEA,EN,Federal Contract Tower,11,48,40,0,99,0,6,63,0,69,11,54,103,0,168,120,0,120,288
07/05/2022,CHO,VA,AEA,EN,Federal Contract Tower,10,53,49,12,124,0,23,83,10,116,10,76,132,22,240,96,60,156,396
07/06/2022,CHO,VA,AEA,EN,Federal Contract Tower,10,48,52,10,120,0,11,72,0,83,10,59,124,10,203,88,60,148,351
07/07/2022,CHO,VA,AEA,EN,Federal Contract Tower,15,48,52,10,125,0,16,74,10,100,15,64,126,20,225,88,40,128,353
07/08/2022,CHO,VA,AEA,EN,Federal Contract Tower,8,44,51,6,109,0,19,70,0,89,8,63,121,6,198,136,10,146,344
07/09/2022,CHO,VA,AEA,EN,Federal Contract Tower,20,73,55,0,148,0,0,0,0,0,20,73,55,0,148,0,0,0,148
07/10/2022,CHO,VA,AEA,EN,Federal Contract Tower,14,48,45,0,107,0,8,45,0,53,14,56,90,0,160,134,0,134,294
07/11/2022,CHO,VA,AEA,EN,Federal Contract Tower,19,75,65,16,175,0,30,105,12,147,19,105,170,28,322,176,114,290,612
07/12/2022,CHO,VA,AEA,EN,Federal Contract Tower,19,78,67,6,170,0,12,78,4,94,19,90,145,10,264,156,64,220,484
07/13/2022,CHO,VA,AEA,EN,Federal Contract Tower,15,50,62,14,141,0,23,92,18,133,15,73,154,32,274,102,86,188,462
07/14/2022,CHO,VA,AEA,EN,Federal Contract Tower,12,45,41,15,113,0,24,75,9,108,12,69,116,24,221,78,78,156,377
07/15/2022,CHO,VA,AEA,EN,Federal Contract Tower,11,47,44,16,118,0,16,80,10,106,11,63,124,26,224,90,78,168,392
07/16/2022,CHO,VA,AEA,EN,Federal Contract Tower,16,69,45,0,130,0,11,54,0,65,16,80,99,0,195,0,0,0,195
07/17/2022,CHO,VA,AEA,EN,Federal Contract Tower,11,57,31,0,99,0,6,52,0,58,11,63,83,0,157,106,0,106,263
07/18/2022,CHO,VA,AEA,EN,Federal Contract Tower,15,55,38,2,110,0,6,58,0,64,15,61,96,2,174,126,0,126,300
07/19/2022,CHO,VA,AEA,EN,Federal Contract Tower,17,60,46,6,129,0,10,76,10,96,17,70,122,16,225,132,34,166,391
07/20/2022,CHO,VA,AEA,EN,Federal Contract Tower,17,68,56,9,150,0,12,97,4,113,17,80,153,13,263,200,46,246,509
07/21/2022,CHO,VA,AEA,EN,Federal Contract Tower,18,63,62,0,143,0,10,55,1,66,18,73,117,1,209,140,10,150,359
07/22/2022,CHO,VA,AEA,EN,Federal Contract Tower,10,46,43,12,111,0,13,75,12,100,10,59,118,24,211,80,74,154,365
07/23/2022,CHO,VA,AEA,EN,Federal Contract Tower,15,73,42,0,130,0,7,75,0,82,15,80,117,0,212,132,0,132,344
07/24/2022,CHO,VA,AEA,EN,Federal Contract Tower,16,60,41,0,117,0,8,86,0,94,16,68,127,0,211,210,0,210,421
07/25/2022,CHO,VA,AEA,EN,Federal Contract Tower,13,70,42,4,129,0,7,67,0,74,13,77,109,4,203,162,24,186,389
07/26/2022,CHO,VA,AEA,EN,Federal Contract Tower,17,64,45,2,128,0,2,2,0,4,17,66,47,2,132,2,0,2,134
07/27/2022,CHO,VA,AEA,EN,Federal Contract Tower,17,58,70,14,159,0,23,88,12,123,17,81,158,26,282,164,64,228,510
07/28/2022,CHO,VA,AEA,EN,Federal Contract Tower,11,43,48,10,112,0,12,68,12,92,11,55,116,22,204,124,42,166,370
07/29/2022,CHO,VA,AEA,EN,Federal Contract Tower,10,43,44,0,97,0,12,48,0,60,10,55,92,0,157,104,0,104,261
07/30/2022,CHO,VA,AEA,EN,Federal Contract Tower,11,50,55,0,116,0,14,79,0,93,11,64,134,0,209,138,0,138,347
07/31/2022,CHO,VA,AEA,EN,Federal Contract Tower,16,61,33,0,110,0,4,44,0,48,16,65,77,0,158,114,0,114,272
08/01/2022,CHO,VA,AEA,EN,Federal Contract Tower,15,52,33,0,100,0,23,62,0,85,15,75,95,0,185,142,0,142,327
08/02/2022,CHO,VA,AEA,EN,Federal Contract Tower,16,67,50,8,141,0,18,90,0,108,16,85,140,8,249,226,34,260,509
08/03/2022,CHO,VA,AEA,EN,Federal Contract Tower,15,49,50,13,127,0,25,56,8,89,15,74,106,21,216,86,50,136,352
08/04/2022,CHO,VA,AEA,EN,Federal Contract Tower,14,47,50,0,111,0,15,84,0,99,14,62,134,0,210,122,0,122,332
08/05/2022,CHO,VA,AEA,EN,Federal Contract Tower,11,43,59,14,127,0,16,58,10,84,11,59,117,24,211,78,70,148,359
08/06/2022,CHO,VA,AEA,EN,Federal Contract Tower,13,73,56,0,142,0,10,60,0,70,13,83,116,0,212,92,0,92,304
08/07/2022,CHO,VA,AEA,EN,Federal Contract Tower,12,55,39,2,108,0,11,77,0,88,12,66,116,2,196,190,0,190,386
08/08/2022,CHO,VA,AEA,EN,Federal Contract Tower,15,52,60,10,137,0,14,73,0,87,15,66,133,10,224,80,12,92,316
08/09/2022,CHO,VA,AEA,EN,Federal Contract Tower,17,71,48,6,142,0,8,84,4,96,17,79,132,10,238,152,24,176,414
08/10/2022,CHO,VA,AEA,EN,Federal Contract Tower,14,50,57,14,135,0,16,52,12,80,14,66,109,26,215,86,74,160,375
08/11/2022,CHO,VA,AEA,EN,Federal Contract Tower,14,51,54,12,131,0,28,82,14,124,14,79,136,26,255,138,62,200,455
08/12/2022,CHO,VA,AEA,EN,Federal Contract Tower,12,55,51,2,120,0,19,52,0,71,12,74,103,2,191,122,0,122,313
08/13/2022,CHO,VA,AEA,EN,Federal Contract Tower,14,71,60,0,145,0,16,72,0,88,14,87,132,0,233,166,0,166,399
08/14/2022,CHO,VA,AEA,EN,Federal Contract Tower,15,50,41,1,107,0,8,62,3,73,15,58,103,4,180,128,0,128,308
08/15/2022,CHO,VA,AEA,EN,Federal Contract Tower,10,53,51,0,114,0,11,25,0,36,10,64,76,0,150,82,0,82,232
08/16/2022,CHO,VA,AEA,EN,Federal Contract Tower,11,51,62,0,124,0,7,59,0,66,11,58,121,0,190,185,0,185,375
08/17/2022,CHO,VA,AEA,EN,Federal Contract Tower,0,23,50,12,85,0,12,73,10,95,0,35,123,22,180,100,68,168,348
08/18/2022,CHO,VA,AEA,EN,Federal Contract Tower,21,59,54,14,148,0,14,78,12,104,21,73,132,26,252,130,70,200,452
08/19/2022,CHO,VA,AEA,EN,Federal Contract Tower,14,46,63,14,137,0,20,75,10,105,14,66,138,24,242,118,64,182,424
08/20/2022,CHO,VA,AEA,EN,Federal Contract Tower,9,57,33,0,99,0,6,68,0,74,9,63,101,0,173,130,0,130,303
08/22/2022,CHO,VA,AEA,EN,Federal Contract Tower,15,48,49,12,124,0,12,47,2,61,15,60,96,14,185,86,56,142,327
08/23/2022,CHO,VA,AEA,EN,Federal Contract Tower,15,51,50,12,128,0,40,68,8,116,15,91,118,20,244,166,64,230,474
08/24/2022,CHO,VA,AEA,EN,Federal Contract Tower,13,54,61,12,140,0,37,79,12,128,13,91,140,24,268,166,68,234,502
08/25/2022,CHO,VA,AEA,EN,Federal Contract Tower,14,46,57,12,129,0,15,82,14,111,14,61,139,26,240,108,62,170,410
08/26/2022,CHO,VA,AEA,EN,Federal Contract Tower,11,45,53,10,119,0,23,48,6,77,11,68,101,16,196,96,54,150,346
08/27/2022,CHO,VA,AEA,EN,Federal Contract Tower,7,47,44,0,98,0,0,425,0,425,7,47,469,0,523,118,0,118,641
08/28/2022,CHO,VA,AEA,EN,Federal Contract Tower,12,51,41,0,104,0,14,84,0,98,12,65,125,0,202,116,0,116,318
08/29/2022,CHO,VA,AEA,EN,Federal Contract Tower,15,66,63,3,147,0,29,64,2,95,15,95,127,5,242,140,0,140,382
08/30/2022,CHO,VA,AEA,EN,Federal Contract Tower,16,53,60,12,141,0,15,58,8,81,16,68,118,20,222,60,58,118,340
08/31/2022,CHO,VA,AEA,EN,Federal Contract Tower,14,53,62,10,139,0,24,67,8,99,14,77,129,18,238,90,58,148,386
09/01/2022,CHO,VA,AEA,EN,Federal Contract Tower,13,48,64,14,139,0,12,67,6,85,13,60,131,20,224,126,58,184,408
09/02/2022,CHO,VA,AEA,EN,Federal Contract Tower,10,53,68,8,139,0,12,82,10,104,10,65,150,18,243,94,62,156,399
09/03/2022,CHO,VA,AEA,EN,Federal Contract Tower,15,77,59,0,151,0,8,45,0,53,15,85,104,0,204,136,0,136,340
09/04/2022,CHO,VA,AEA,EN,Federal Contract Tower,13,59,67,0,139,0,19,67,0,86,13,78,134,0,225,120,0,120,345
09/05/2022,CHO,VA,AEA,EN,Federal Contract Tower,16,55,60,0,131,0,17,57,0,74,16,72,117,0,205,84,0,84,289
09/06/2022,CHO,VA,AEA,EN,Federal Contract Tower,21,56,56,24,157,0,26,88,6,120,21,82,144,30,277,198,60,258,535
09/07/2022,CHO,VA,AEA,EN,Federal Contract Tower,16,54,52,0,122,0,2,2,0,4,16,56,54,0,126,0,0,0,126
09/08/2022,CHO,VA,AEA,EN,Federal Contract Tower,14,44,44,10,112,0,15,49,0,64,14,59,93,10,176,92,74,166,342
09/09/2022,CHO,VA,AEA,EN,Federal Contract Tower,10,53,54,10,127,0,15,76,8,99,10,68,130,18,226,106,62,168,394
09/10/2022,CHO,VA,AEA,EN,Federal Contract Tower,10,46,35,0,91,0,0,17,0,17,10,46,52,0,108,28,0,28,136
09/11/2022,CHO,VA,AEA,EN,Federal Contract Tower,16,58,53,0,127,0,0,0,0,0,16,58,53,0,127,0,0,0,127
09/12/2022,CHO,VA,AEA,EN,Federal Contract Tower,15,45,57,4,121,0,10,42,0,52,15,55,99,4,173,88,0,88,261
09/13/2022,CHO,VA,AEA,EN,Federal Contract Tower,16,53,49,10,128,0,23,71,12,106,16,76,120,22,234,126,94,220,454
09/14/2022,CHO,VA,AEA,EN,Federal Contract Tower,18,53,60,12,143,0,19,78,8,105,18,72,138,20,248,106,68,174,422
09/15/2022,CHO,VA,AEA,EN,Federal Contract Tower,18,57,49,8,132,0,18,86,8,112,18,75,135,16,244,180,62,242,486
09/16/2022,CHO,VA,AEA,EN,Federal Contract Tower,17,61,64,10,152,0,18,70,8,96,17,79,134,18,248,122,70,192,440
09/17/2022,CHO,VA,AEA,EN,Federal Contract Tower,24,83,77,0,184,0,20,58,0,78,24,103,135,0,262,170,0,170,432
09/18/2022,CHO,VA,AEA,EN,Federal Contract Tower,17,60,69,0,146,0,16,69,0,85,17,76,138,0,231,166,0,166,397
09/19/2022,CHO,VA,AEA,EN,Federal Contract Tower,15,53,63,6,137,0,15,68,10,93,15,68,131,16,230,114,56,170,400
09/20/2022,CHO,VA,AEA,EN,Federal Contract Tower,13,24,60,10,107,0,20,78,12,110,13,44,138,22,217,120,64,184,401
09/21/2022,CHO,VA,AEA,EN,Federal Contract Tower,14,46,50,12,122,0,14,72,8,94,14,60,122,20,216,114,90,204,420
09/22/2022,CHO,VA,AEA,EN,Federal Contract Tower,17,59,42,12,130,0,14,65,10,89,17,73,107,22,219,106,62,168,387
09/23/2022,CHO,VA,AEA,EN,Federal Contract Tower,11,45,47,10,113,0,18,85,6,109,11,63,132,16,222,104,66,170,392
09/24/2022,CHO,VA,AEA,EN,Federal Contract Tower,11,43,43,0,97,0,28,73,0,101,11,71,116,0,198,200,0,200,398
09/25/2022,CHO,VA,AEA,EN,Federal Contract Tower,13,52,67,0,132,0,12,106,0,118,13,64,173,0,250,149,0,149,399
09/26/2022,CHO,VA,AEA,EN,Federal Contract Tower,14,49,57,8,128,0,23,75,10,108,14,72,132,18,236,92,58,150,386
09/27/2022,CHO,VA,AEA,EN,Federal Contract Tower,18,62,65,13,158,0,21,70,14,105,18,83,135,27,263,115,60,175,438
09/28/2022,CHO,VA,AEA,EN,Federal Contract Tower,12,48,53,10,123,0,16,87,10,113,12,64,140,20,236,106,58,164,400
09/29/2022,CHO,VA,AEA,EN,Federal Contract Tower,14,55,59,12,140,0,17,60,4,81,14,72,119,16,221,104,62,166,387
09/30/2022,CHO,VA,AEA,EN,Federal Contract Tower,12,55,64,0,131,0,10,31,0,41,12,65,95,0,172,62,0,62,234
10/01/2022,CHO,VA,AEA,EN,Federal Contract Tower,11,45,21,0,77,0,0,0,0,0,11,45,21,0,77,0,0,0,77
10/02/2022,CHO,VA,AEA,EN,Federal Contract Tower,9,40,32,0,81,0,0,0,0,0,9,40,32,0,81,0,0,0,81
10/03/2022,CHO,VA,AEA,EN,Federal Contract Tower,15,60,71,0,146,0,12,26,0,38,15,72,97,0,184,64,0,64,248
10/04/2022,CHO,VA,AEA,EN,Federal Contract Tower,15,51,64,0,130,0,18,67,8,93,15,69,131,8,223,90,54,144,367
10/05/2022,CHO,VA,AEA,EN,Federal Contract Tower,14,59,69,12,154,0,17,77,8,102,14,76,146,20,256,124,76,200,456
10/06/2022,CHO,VA,AEA,EN,Federal Contract Tower,15,53,55,10,133,0,14,81,0,95,15,67,136,10,228,126,56,182,410
10/07/2022,CHO,VA,AEA,EN,Federal Contract Tower,11,48,76,8,143,0,17,78,8,103,11,65,154,16,246,92,66,158,404
10/08/2022,CHO,VA,AEA,EN,Federal Contract Tower,11,44,24,0,79,0,2,42,0,44,11,46,66,0,123,102,0,102,225
10/09/2022,CHO,VA,AEA,EN,Federal Contract Tower,12,56,64,0,132,0,14,64,0,78,12,70,128,0,210,166,0,166,376
10/10/2022,CHO,VA,AEA,EN,Federal Contract Tower,14,54,49,0,117,0,9,63,0,72,14,63,112,0,189,118,0,118,307
10/11/2022,CHO,VA,AEA,EN,Federal Contract Tower,16,51,73,10,150,0,27,89,14,130,16,78,162,24,280,179,60,239,519
10/12/2022,CHO,VA,AEA,EN,Federal Contract Tower,10,52,66,8,136,0,15,88,2,105,10,67,154,10,241,98,58,156,397
10/13/2022,CHO,VA,AEA,EN,Federal Contract Tower,10,60,57,14,141,0,4,31,36,71,10,64,88,50,212,16,0,16,228
10/14/2022,CHO,VA,AEA,EN,Federal Contract Tower,10,58,50,12,130,0,20,53,8,81,10,78,103,20,211,84,62,146,357
10/15/2022,CHO,VA,AEA,EN,Federal Contract Tower,20,80,66,0,166,0,18,92,0,110,20,98,158,0,276,128,0,128,404
10/16/2022,CHO,VA,AEA,EN,Federal Contract Tower,13,53,64,0,130,0,18,95,0,113,13,71,159,0,243,126,0,126,369
10/17/2022,CHO,VA,AEA,EN,Federal Contract Tower,11,55,46,2,114,0,0,9,0,9,11,55,55,2,123,18,0,18,141
10/18/2022,CHO,VA,AEA,EN,Federal Contract Tower,13,57,67,8,145,0,19,79,10,108,13,76,146,18,253,200,66,266,519
10/19/2022,CHO,VA,AEA,EN,Federal Contract Tower,12,53,49,10,124,0,19,72,4,95,12,72,121,14,219,112,68,180,399
10/20/2022,CHO,VA,AEA,EN,Federal Contract Tower,13,50,57,10,130,0,20,75,10,105,13,70,132,20,235,142,74,216,451
10/21/2022,CHO,VA,AEA,EN,Federal Contract Tower,13,47,56,10,126,0,16,80,0,96,13,63,136,10,222,128,56,184,406
10/22/2022,CHO,VA,AEA,EN,Federal Contract Tower,12,55,67,0,134,0,16,80,0,96,12,71,147,0,230,171,0,171,401
10/23/2022,CHO,VA,AEA,EN,Federal Contract Tower,17,60,74,0,151,0,13,65,0,78,17,73,139,0,229,146,0,146,375
10/24/2022,CHO,VA,AEA,EN,Federal Contract Tower,17,64,78,17,176,0,23,90,22,135,17,87,168,39,311,136,94,230,541
10/25/2022,CHO,VA,AEA,EN,Federal Contract Tower,8,51,53,8,120,0,5,24,2,31,8,56,77,10,151,40,22,62,213
10/26/2022,CHO,VA,AEA,EN,Federal Contract Tower,9,63,58,8,138,0,0,20,0,20,9,63,78,8,158,44,0,44,202
10/27/2022,CHO,VA,AEA,EN,Federal Contract Tower,20,83,73,10,186,0,16,89,2,107,20,99,162,12,293,178,68,246,539
10/28/2022,CHO,VA,AEA,EN,Federal Contract Tower,13,59,74,10,156,0,18,83,0,101,13,77,157,10,257,114,74,188,445
10/29/2022,CHO,VA,AEA,EN,Federal Contract Tower,15,71,68,0,154,0,10,95,0,105,15,81,163,0,259,177,0,177,436
10/31/2022,CHO,VA,AEA,EN,Federal Contract Tower,18,60,51,0,129,0,10,49,0,59,18,70,100,0,188,72,0,72,260
11/01/2022,CHO,VA,AEA,EN,Federal Contract Tower,8,54,61,0,123,0,11,75,0,86,8,65,136,0,209,108,0,108,317
11/02/2022,CHO,VA,AEA,EN,Federal Contract Tower,14,62,65,14,155,0,18,81,12,111,14,80,146,26,266,114,94,208,474
11/03/2022,CHO,VA,AEA,EN,Federal Contract Tower,15,61,63,12,151,0,18,56,0,74,15,79,119,12,225,94,72,166,391
11/04/2022,CHO,VA,AEA,EN,Federal Contract Tower,13,19,43,14,89,0,12,72,0,84,13,31,115,14,173,82,64,146,319
11/05/2022,CHO,VA,AEA,EN,Federal Contract Tower,20,77,50,0,147,0,31,43,2,76,20,108,93,2,223,108,0,108,331
11/06/2022,CHO,VA,AEA,EN,Federal Contract Tower,14,57,51,2,124,0,0,0,0,0,14,57,51,2,124,0,0,0,124
11/07/2022,CHO,VA,AEA,EN,Federal Contract Tower,15,47,43,0,105,0,0,79,8,87,15,47,122,8,192,145,42,187,379
11/08/2022,CHO,VA,AEA,EN,Federal Contract Tower,11,48,55,12,126,0,15,60,4,79,11,63,115,16,205,104,76,180,385
11/09/2022,CHO,VA,AEA,EN,Federal Contract Tower,20,66,53,10,149,0,18,77,6,101,20,84,130,16,250,114,68,182,432
11/10/2022,CHO,VA,AEA,EN,Federal Contract Tower,15,52,60,0,127,0,19,61,1,81,15,71,121,1,208,122,6,128,336
11/11/2022,CHO,VA,AEA,EN,Federal Contract Tower,12,51,65,0,128,0,0,0,0,0,12,51,65,0,128,0,0,0,128
11/12/2022,CHO,VA,AEA,EN,Federal Contract Tower,11,54,67,0,132,0,16,83,0,99,11,70,150,0,231,153,0,153,384
11/13/2022,CHO,VA,AEA,EN,Federal Contract Tower,23,84,70,0,177,0,23,60,0,83,23,107,130,0,260,0,0,0,260
11/14/2022,CHO,VA,AEA,EN,Federal Contract Tower,19,50,60,10,139,0,21,76,6,103,19,71,136,16,242,91,78,169,411
11/15/2022,CHO,VA,AEA,EN,Federal Contract Tower,14,48,53,12,127,0,20,64,0,84,14,68,117,12,211,76,64,140,351
11/16/2022,CHO,VA,AEA,EN,Federal Contract Tower,9,51,50,8,118,0,16,70,0,86,9,67,120,8,204,136,0,136,340
11/17/2022,CHO,VA,AEA,EN,Federal Contract Tower,19,47,61,8,135,0,14,54,6,74,19,61,115,14,209,24,10,34,243
11/18/2022,CHO,VA,AEA,EN,Federal Contract Tower,16,50,60,12,138,0,17,57,8,82,16,67,117,20,220,74,72,146,366
11/19/2022,CHO,VA,AEA,EN,Federal Contract Tower,23,84,60,0,167,0,22,85,0,107,23,106,145,0,274,94,0,94,368
11/20/2022,CHO,VA,AEA,EN,Federal Contract Tower,21,54,46,0,121,0,3,17,0,20,21,57,63,0,141,0,0,0,141
11/21/2022,CHO,VA,AEA,EN,Federal Contract Tower,18,55,69,17,159,0,24,83,0,107,18,79,152,17,266,92,78,170,436
11/22/2022,CHO,VA,AEA,EN,Federal Contract Tower,14,49,54,15,132,0,21,74,8,103,14,70,128,23,235,92,80,172,407
11/23/2022,CHO,VA,AEA,EN,Federal Contract Tower,11,44,69,14,138,0,27,78,0,105,11,71,147,14,243,116,0,116,359
11/24/2022,CHO,VA,AEA,EN,Federal Contract Tower,11,35,36,0,82,0,14,44,0,58,11,49,80,0,140,36,0,36,176
11/25/2022,CHO,VA,AEA,EN,Federal Contract Tower,14,48,51,0,113,0,0,11,56,67,14,48,62,56,180,82,0,82,262
11/26/2022,CHO,VA,AEA,EN,Federal Contract Tower,16,84,65,0,165,0,6,78,0,84,16,90,143,0,249,106,0,106,355
11/27/2022,CHO,VA,AEA,EN,Federal Contract Tower,29,104,70,0,203,0,0,3,0,3,29,104,73,0,206,0,0,0,206
11/28/2022,CHO,VA,AEA,EN,Federal Contract Tower,18,52,45,0,115,0,18,53,10,81,18,70,98,10,196,74,0,74,270
11/29/2022,CHO,VA,AEA,EN,Federal Contract Tower,9,47,35,6,97,0,16,60,0,76,9,63,95,6,173,98,0,98,271
11/30/2022,CHO,VA,AEA,EN,Federal Contract Tower,10,46,54,0,110,0,0,0,0,0,10,46,54,0,110,0,0,0,110
12/01/2022,CHO,VA,AEA,EN,Federal Contract Tower,12,52,51,10,125,0,19,65,0,84,12,71,116,10,209,90,60,150,359
12/02/2022,CHO,VA,AEA,EN,Federal Contract Tower,13,45,51,0,109,0,14,62,0,76,13,59,113,0,185,96,0,96,281
12/03/2022,CHO,VA,AEA,EN,Federal Contract Tower,21,51,8,0,80,0,12,20,0,32,21,63,28,0,112,47,0,47,159
12/04/2022,CHO,VA,AEA,EN,Federal Contract Tower,18,58,74,0,150,0,30,23,0,53,18,88,97,0,203,77,0,77,280
12/05/2022,CHO,VA,AEA,EN,Federal Contract Tower,14,57,51,9,131,0,44,45,10,99,14,101,96,19,230,200,0,200,430
12/06/2022,CHO,VA,AEA,EN,Federal Contract Tower,11,40,44,0,95,0,13,42,0,55,11,53,86,0,150,92,0,92,242
12/07/2022,CHO,VA,AEA,EN,Federal Contract Tower,13,44,18,0,75,0,0,0,0,0,13,44,18,0,75,0,0,0,75
12/08/2022,CHO,VA,AEA,EN,Federal Contract Tower,10,41,29,4,84,0,0,30,2,32,10,41,59,6,116,68,40,108,224
12/09/2022,CHO,VA,AEA,EN,Federal Contract Tower,16,54,43,6,119,0,8,28,1,37,16,62,71,7,156,64,10,74,230
12/10/2022,CHO,VA,AEA,EN,Federal Contract Tower,10,45,43,0,98,0,37,37,0,74,10,82,80,0,172,68,0,68,240
12/11/2022,CHO,VA,AEA,EN,Federal Contract Tower,11,45,34,0,90,0,13,32,0,45,11,58,66,0,135,90,0,90,225
12/12/2022,CHO,VA,AEA,EN,Federal Contract Tower,18,44,49,12,123,0,31,68,6,105,18,75,117,18,228,107,83,190,418
12/13/2022,CHO,VA,AEA,EN,Federal Contract Tower,12,47,44,6,109,0,12,57,6,75,12,59,101,12,184,138,100,238,422
12/14/2022,CHO,VA,AEA,EN,Federal Contract Tower,14,56,49,6,125,0,15,64,10,89,14,71,113,16,214,92,58,150,364
12/15/2022,CHO,VA,AEA,EN,Federal Contract Tower,15,55,66,0,136,0,0,0,0,0,15,55,66,0,136,0,0,0,136
12/16/2022,CHO,VA,AEA,EN,Federal Contract Tower,15,52,57,12,136,0,17,65,0,82,15,69,122,12,218,98,72,170,388
12/17/2022,CHO,VA,AEA,EN,Federal Contract Tower,10,58,45,0,113,0,11,60,0,71,10,69,105,0,184,47,0,47,231
12/18/2022,CHO,VA,AEA,EN,Federal Contract Tower,13,43,24,0,80,0,0,34,0,34,13,43,58,0,114,26,0,26,140
12/19/2022,CHO,VA,AEA,EN,Federal Contract Tower,15,38,54,10,117,0,27,51,20,98,15,65,105,30,215,152,66,218,433
12/20/2022,CHO,VA,AEA,EN,Federal Contract Tower,13,51,59,10,133,0,19,78,0,97,13,70,137,10,230,178,68,246,476
12/21/2022,CHO,VA,AEA,EN,Federal Contract Tower,14,56,76,14,160,0,21,69,0,90,14,77,145,14,250,140,0,140,390
12/22/2022,CHO,VA,AEA,EN,Federal Contract Tower,15,58,68,0,141,0,0,0,0,0,15,58,68,0,141,0,0,0,141
12/23/2022,CHO,VA,AEA,EN,Federal Contract Tower,13,57,51,0,121,0,0,0,0,0,13,57,51,0,121,0,0,0,121
12/24/2022,CHO,VA,AEA,EN,Federal Contract Tower,14,39,18,0,71,0,0,13,0,13,14,39,31,0,84,0,0,0,84
12/25/2022,CHO,VA,AEA,EN,Federal Contract Tower,11,24,7,0,42,0,0,0,0,0,11,24,7,0,42,0,0,0,42
12/26/2022,CHO,VA,AEA,EN,Federal Contract Tower,15,55,59,0,129,0,16,73,0,89,15,71,132,0,218,120,0,120,338
12/27/2022,CHO,VA,AEA,EN,Federal Contract Tower,12,50,51,0,113,0,23,67,0,90,12,73,118,0,203,140,0,140,343
12/28/2022,CHO,VA,AEA,EN,Federal Contract Tower,13,73,74,0,160,0,34,75,0,109,13,107,149,0,269,204,0,204,473
12/29/2022,CHO,VA,AEA,EN,Federal Contract Tower,17,52,34,10,113,0,8,54,8,70,17,60,88,18,183,84,0,84,267
12/30/2022,CHO,VA,AEA,EN,Federal Contract Tower,14,51,55,0,120,0,18,83,0,101,14,69,138,0,221,146,0,146,367
12/31/2022,CHO,VA,AEA,EN,Federal Contract Tower,7,21,18,0,46,0,0,2,0,2,7,21,20,0,48,0,0,0,48
01/01/2023,CHO,VA,AEA,EN,Federal Contract Tower,14,42,22,0,78,0,3,30,0,33,14,45,52,0,111,15,0,15,126
01/02/2023,CHO,VA,AEA,EN,Federal Contract Tower,14,51,55,12,132,0,22,62,0,84,14,73,117,12,216,115,70,185,401
01/03/2023,CHO,VA,AEA,EN,Federal Contract Tower,8,43,49,10,110,0,23,58,0,81,8,66,107,10,191,102,0,102,293
01/04/2023,CHO,VA,AEA,EN,Federal Contract Tower,9,44,29,12,94,0,0,0,0,0,9,44,29,12,94,0,0,0,94
01/05/2023,CHO,VA,AEA,EN,Federal Contract Tower,14,51,59,10,134,0,16,75,4,95,14,67,134,14,229,164,30,194,423
01/06/2023,CHO,VA,AEA,EN,Federal Contract Tower,14,56,46,0,116,0,19,76,0,95,14,75,122,0,211,130,0,130,341
01/07/2023,CHO,VA,AEA,EN,Federal Contract Tower,14,64,44,0,122,0,14,92,0,106,14,78,136,0,228,206,0,206,434
01/08/2023,CHO,VA,AEA,EN,Federal Contract Tower,13,44,19,0,76,0,0,26,0,26,13,44,45,0,102,100,0,100,202
01/09/2023,CHO,VA,AEA,EN,Federal Contract Tower,16,62,60,0,138,0,19,80,0,99,16,81,140,0,237,128,0,128,365
01/10/2023,CHO,VA,AEA,EN,Federal Contract Tower,11,46,62,10,129,0,17,63,0,80,11,63,125,10,209,94,60,154,363
01/11/2023,CHO,VA,AEA,EN,Federal Contract Tower,9,41,16,3,69,0,8,29,0,37,9,49,45,3,106,82,0,82,188
01/12/2023,CHO,VA,AEA,EN,Federal Contract Tower,12,59,73,0,144,0,18,72,0,90,12,77,145,0,234,132,0,132,366
01/13/2023,CHO,VA,AEA,EN,Federal Contract Tower,15,61,65,0,141,0,14,78,4,96,15,75,143,4,237,136,50,186,423
01/14/2023,CHO,VA,AEA,EN,Federal Contract Tower,8,26,19,0,53,0,18,19,0,37,8,44,38,0,90,41,0,41,131
01/15/2023,CHO,VA,AEA,EN,Federal Contract Tower,15,40,38,0,93,0,6,15,0,21,15,46,53,0,114,77,0,77,191
01/16/2023,CHO,VA,AEA,EN,Federal Contract Tower,16,65,72,6,159,0,23,62,0,85,16,88,134,6,244,100,66,166,410
01/17/2023,CHO,VA,AEA,EN,Federal Contract Tower,10,49,52,0,111,0,16,70,1,87,10,65,122,1,198,114,6,120,318
01/18/2023,CHO,VA,AEA,EN,Federal Contract Tower,9,54,72,8,143,0,12,66,0,78,9,66,138,8,221,120,64,184,405
01/19/2023,CHO,VA,AEA,EN,Federal Contract Tower,9,33,40,0,82,0,5,14,0,19,9,38,54,0,101,10,0,10,111
01/20/2023,CHO,VA,AEA,EN,Federal Contract Tower,14,58,64,0,136,0,12,42,0,54,14,70,106,0,190,0,0,0,190
01/21/2023,CHO,VA,AEA,EN,Federal Contract Tower,15,61,50,0,126,0,12,93,0,105,15,73,143,0,231,182,0,182,413
01/22/2023,CHO,VA,AEA,EN,Federal Contract Tower,8,33,19,0,60,0,4,20,0,24,8,37,39,0,84,54,0,54,138
01/23/2023,CHO,VA,AEA,EN,Federal Contract Tower,14,60,64,9,147,0,24,64,0,88,14,84,128,9,235,80,42,122,357
01/24/2023,CHO,VA,AEA,EN,Federal Contract Tower,10,53,64,12,139,0,13,80,0,93,10,66,144,12,232,78,82,160,392
01/25/2023,CHO,VA,AEA,EN,Federal Contract Tower,10,41,30,0,81,0,9,12,0,21,10,50,42,0,102,46,0,46,148
01/26/2023,CHO,VA,AEA,EN,Federal Contract Tower,18,40,33,10,101,0,4,23,10,37,18,44,56,20,138,44,0,44,182
01/27/2023,CHO,VA,AEA,EN,Federal Contract Tower,15,66,51,6,138,0,12,61,0,73,15,78,112,6,211,115,50,165,376
01/28/2023,CHO,VA,AEA,EN,Federal Contract Tower,18,56,58,0,132,0,9,55,0,64,18,65,113,0,196,86,0,86,282
01/29/2023,CHO,VA,AEA,EN,Federal Contract Tower,14,57,25,0,96,0,6,21,0,27,14,63,46,0,123,25,0,25,148
01/30/2023,CHO,VA,AEA,EN,Federal Contract Tower,14,62,51,8,135,0,24,61,0,85,14,86,112,8,220,118,58,176,396
01/31/2023,CHO,VA,AEA,EN,Federal Contract Tower,9,50,47,10,116,0,7,62,0,69,9,57,109,10,185,64,60,124,309
02/01/2023,CHO,VA,AEA,EN,Federal Contract Tower,14,37,37,0,88,0,0,2,2,4,14,37,39,2,92,6,0,6,98
02/02/2023,CHO,VA,AEA,EN,Federal Contract Tower,9,66,52,0,127,0,11,36,0,47,9,77,88,0,174,100,0,100,274
02/03/2023,CHO,VA,AEA,EN,Federal Contract Tower,10,51,57,0,118,0,12,31,0,43,10,63,88,0,161,50,0,50,211
02/04/2023,CHO,VA,AEA,EN,Federal Contract Tower,8,51,56,0,115,0,16,67,0,83,8,67,123,0,198,142,0,142,340
02/05/2023,CHO,VA,AEA,EN,Federal Contract Tower,16,61,55,0,132,0,15,82,0,97,16,76,137,0,229,190,0,190,419
02/06/2023,CHO,VA,AEA,EN,Federal Contract Tower,17,57,62,12,148,0,23,71,0,94,17,80,133,12,242,124,66,190,432
02/07/2023,CHO,VA,AEA,EN,Federal Contract Tower,10,58,70,10,148,0,17,74,1,92,10,75,144,11,240,100,100,200,440
02/08/2023,CHO,VA,AEA,EN,Federal Contract Tower,10,60,44,14,128,0,12,70,12,94,10,72,114,26,222,92,42,134,356
02/09/2023,CHO,VA,AEA,EN,Federal Contract Tower,13,51,63,8,135,0,16,69,0,85,13,67,132,8,220,124,50,174,394
02/10/2023,CHO,VA,AEA,EN,Federal Contract Tower,12,50,51,0,113,0,16,39,0,55,12,66,90,0,168,106,0,106,274
02/11/2023,CHO,VA,AEA,EN,Federal Contract Tower,16,72,50,0,138,0,11,78,0,89,16,83,128,0,227,168,0,168,395
02/12/2023,CHO,VA,AEA,EN,Federal Contract Tower,14,29,11,0,54,0,0,0,0,0,14,29,11,0,54,0,0,0,54
02/13/2023,CHO,VA,AEA,EN,Federal Contract Tower,15,56,64,8,143,0,28,65,0,93,15,84,129,8,236,156,68,224,460
02/14/2023,CHO,VA,AEA,EN,Federal Contract Tower,11,50,55,12,128,0,15,64,0,79,11,65,119,12,207,114,58,172,379
02/15/2023,CHO,VA,AEA,EN,Federal Contract Tower,13,46,26,0,85,0,23,40,0,63,13,69,66,0,148,160,6,166,314
02/16/2023,CHO,VA,AEA,EN,Federal Contract Tower,12,50,60,6,128,0,12,70,0,82,12,62,130,6,210,96,50,146,356
02/17/2023,CHO,VA,AEA,EN,Federal Contract Tower,15,51,51,0,117,0,7,36,0,43,15,58,87,0,160,96,0,96,256
02/18/2023,CHO,VA,AEA,EN,Federal Contract Tower,14,44,37,0,95,0,0,51,0,51,14,44,88,0,146,100,0,100,246
02/19/2023,CHO,VA,AEA,EN,Federal Contract Tower,19,70,35,0,124,0,12,62,0,74,19,82,97,0,198,124,0,124,322
02/20/2023,CHO,VA,AEA,EN,Federal Contract Tower,13,63,62,10,148,0,18,78,0,96,13,81,140,10,244,96,68,164,408
02/21/2023,CHO,VA,AEA,EN,Federal Contract Tower,9,41,44,8,102,0,13,68,1,82,9,54,112,9,184,84,66,150,334
02/22/2023,CHO,VA,AEA,EN,Federal Contract Tower,14,34,24,0,72,0,12,34,0,46,14,46,58,0,118,86,0,86,204
02/23/2023,CHO,VA,AEA,EN,Federal Contract Tower,13,48,54,6,121,0,23,62,0,85,13,71,116,6,206,120,56,176,382
02/24/2023,CHO,VA,AEA,EN,Federal Contract Tower,12,51,64,6,133,0,14,36,0,50,12,65,100,6,183,74,54,128,311
02/25/2023,CHO,VA,AEA,EN,Federal Contract Tower,10,38,28,0,76,0,0,21,0,21,10,38,49,0,97,67,0,67,164
02/26/2023,CHO,VA,AEA,EN,Federal Contract Tower,22,70,43,0,135,0,13,34,0,47,22,83,77,0,182,127,0,127,309
02/27/2023,CHO,VA,AEA,EN,Federal Contract Tower,11,50,67,6,134,0,12,32,0,44,11,62,99,6,178,72,56,128,306
02/28/2023,CHO,VA,AEA,EN,Federal Contract Tower,17,52,70,13,152,0,18,61,0,79,17,70,131,13,231,78,74,152,383
03/01/2023,CHO,VA,AEA,EN,Federal Contract Tower,3,44,26,0,73,0,0,51,0,51,3,44,77,0,124,56,0,56,180
03/02/2023,CHO,VA,AEA,EN,Federal Contract Tower,15,55,51,6,127,0,13,75,0,88,15,68,126,6,215,142,38,180,395
03/03/2023,CHO,VA,AEA,EN,Federal Contract Tower,13,55,65,0,133,0,5,20,0,25,13,60,85,0,158,50,0,50,208
03/04/2023,CHO,VA,AEA,EN,Federal Contract Tower,9,33,14,0,56,0,0,26,0,26,9,33,40,0,82,50,0,50,132
03/05/2023,CHO,VA,AEA,EN,Federal Contract Tower,16,54,27,0,97,0,3,75,0,78,16,57,102,0,175,150,0,150,325
03/06/2023,CHO,VA,AEA,EN,Federal Contract Tower,11,52,62,0,125,0,18,70,0,88,11,70,132,0,213,138,0,138,351
03/07/2023,CHO,VA,AEA,EN,Federal Contract Tower,12,41,62,11,126,0,16,56,8,80,12,57,118,19,206,86,12,98,304
03/08/2023,CHO,VA,AEA,EN,Federal Contract Tower,16,58,28,12,114,0,12,60,20,92,16,70,88,32,206,76,20,96,302
03/09/2023,CHO,VA,AEA,EN,Federal Contract Tower,9,45,61,6,121,0,14,104,10,128,9,59,165,16,249,180,12,192,441
03/10/2023,CHO,VA,AEA,EN,Federal Contract Tower,15,57,47,0,119,0,18,58,0,76,15,75,105,0,195,94,0,94,289
03/11/2023,CHO,VA,AEA,EN,Federal Contract Tower,10,47,18,0,75,0,2,43,0,45,10,49,61,0,120,52,0,52,172
03/12/2023,CHO,VA,AEA,EN,Federal Contract Tower,13,45,22,0,80,0,0,9,0,9,13,45,31,0,89,0,0,0,89
03/13/2023,CHO,VA,AEA,EN,Federal Contract Tower,9,36,19,0,64,0,12,18,6,36,9,48,37,6,100,23,0,23,123
03/14/2023,CHO,VA,AEA,EN,Federal Contract Tower,13,49,50,0,112,0,15,43,2,60,13,64,93,2,172,86,38,124,296
03/15/2023,CHO,VA,AEA,EN,Federal Contract Tower,9,45,43,0,97,0,10,47,0,57,9,55,90,0,154,97,0,97,251
03/16/2023,CHO,VA,AEA,EN,Federal Contract Tower,13,48,52,0,113,0,14,75,0,89,13,62,127,0,202,148,0,148,350
03/17/2023,CHO,VA,AEA,EN,Federal Contract Tower,12,48,45,0,105,0,10,77,0,87,12,58,122,0,192,132,0,132,324
03/18/2023,CHO,VA,AEA,EN,Federal Contract Tower,10,41,27,0,78,0,0,54,0,54,10,41,81,0,132,89,0,89,221
03/19/2023,CHO,VA,AEA,EN,Federal Contract Tower,13,40,10,0,63,0,0,59,0,59,13,40,69,0,122,112,0,112,234
03/20/2023,CHO,VA,AEA,EN,Federal Contract Tower,14,38,58,0,110,0,20,65,0,85,14,58,123,0,195,156,0,156,351
03/21/2023,CHO,VA,AEA,EN,Federal Contract Tower,13,38,54,4,109,0,23,75,0,98,13,61,129,4,207,125,40,165,372
03/22/2023,CHO,VA,AEA,EN,Federal Contract Tower,10,46,65,8,129,16,70,0,0,86,26,116,65,8,215,126,76,202,417
03/23/2023,CHO,VA,AEA,EN,Federal Contract Tower,15,50,52,10,127,0,14,78,0,92,15,64,130,10,219,108,82,190,409
03/24/2023,CHO,VA,AEA,EN,Federal Contract Tower,15,59,60,6,140,0,10,52,0,62,15,69,112,6,202,104,56,160,362
03/25/2023,CHO,VA,AEA,EN,Federal Contract Tower,8,49,48,0,105,0,7,38,0,45,8,56,86,0,150,63,0,63,213
03/26/2023,CHO,VA,AEA,EN,Federal Contract Tower,19,75,69,11,174,0,33,100,0,133,19,108,169,11,307,194,24,218,525
03/27/2023,CHO,VA,AEA,EN,Federal Contract Tower,14,60,60,8,142,0,17,71,0,88,14,77,131,8,230,84,62,146,376
03/28/2023,CHO,VA,AEA,EN,Federal Contract Tower,11,47,61,9,128,0,12,67,1,80,11,59,128,10,208,102,70,172,380
03/29/2023,CHO,VA,AEA,EN,Federal Contract Tower,9,46,63,0,118,0,13,73,1,87,9,59,136,1,205,156,4,160,365
03/30/2023,CHO,VA,AEA,EN,Federal Contract Tower,18,50,45,0,113,0,6,56,1,63,18,56,101,1,176,113,2,115,291
03/31/2023,CHO,VA,AEA,EN,Federal Contract Tower,14,39,53,9,115,0,15,73,0,88,14,54,126,9,203,66,60,126,329
04/01/2023,CHO,VA,AEA,EN,Federal Contract Tower,12,51,43,4,110,0,18,32,0,50,12,69,75,4,160,23,0,23,183
04/02/2023,CHO,VA,AEA,EN,Federal Contract Tower,23,74,63,0,160,0,18,57,0,75,23,92,120,0,235,138,0,138,373
04/03/2023,CHO,VA,AEA,EN,Federal Contract Tower,15,49,61,10,135,0,27,64,0,91,15,76,125,10,226,124,72,196,422
04/04/2023,CHO,VA,AEA,EN,Federal Contract Tower,9,50,52,10,121,0,12,75,0,87,9,62,127,10,208,114,78,192,400
04/05/2023,CHO,VA,AEA,EN,Federal Contract Tower,9,49,60,10,128,0,15,70,0,85,9,64,130,10,213,110,76,186,399
04/06/2023,CHO,VA,AEA,EN,Federal Contract Tower,10,41,40,0,91,0,10,61,2,73,10,51,101,2,164,115,26,141,305
04/07/2023,CHO,VA,AEA,EN,Federal Contract Tower,9,54,59,0,122,0,13,76,0,89,9,67,135,0,211,156,0,156,367
04/08/2023,CHO,VA,AEA,EN,Federal Contract Tower,20,45,52,0,117,0,2,66,0,68,20,47,118,0,185,104,0,104,289
04/09/2023,CHO,VA,AEA,EN,Federal Contract Tower,12,55,55,0,122,0,25,75,0,100,12,80,130,0,222,104,0,104,326
04/10/2023,CHO,VA,AEA,EN,Federal Contract Tower,15,58,76,8,157,0,25,79,0,104,15,83,155,8,261,144,68,212,473
04/11/2023,CHO,VA,AEA,EN,Federal Contract Tower,20,66,65,2,153,0,41,83,2,126,20,107,148,4,279,162,24,186,465
04/12/2023,CHO,VA,AEA,EN,Federal Contract Tower,9,42,47,12,110,0,16,78,0,94,9,58,125,12,204,112,80,192,396
04/13/2023,CHO,VA,AEA,EN,Federal Contract Tower,14,67,61,12,154,0,11,93,10,114,14,78,154,22,268,138,66,204,472
04/14/2023,CHO,VA,AEA,EN,Federal Contract Tower,9,46,68,8,131,0,14,81,0,95,9,60,149,8,226,104,86,190,416
04/15/2023,CHO,VA,AEA,EN,Federal Contract Tower,9,43,53,2,107,0,21,81,0,102,9,64,134,2,209,146,0,146,355
04/16/2023,CHO,VA,AEA,EN,Federal Contract Tower,10,42,53,2,107,0,29,64,0,93,10,71,117,2,200,82,0,82,282
04/17/2023,CHO,VA,AEA,EN,Federal Contract Tower,15,43,53,6,117,0,26,69,0,95,15,69,122,6,212,98,80,178,390
04/18/2023,CHO,VA,AEA,EN,Federal Contract Tower,15,44,57,8,124,0,17,73,0,90,15,61,130,8,214,88,90,178,392
04/19/2023,CHO,VA,AEA,EN,Federal Contract Tower,9,45,57,10,121,0,19,69,0,88,9,64,126,10,209,104,80,184,393
04/20/2023,CHO,VA,AEA,EN,Federal Contract Tower,13,44,56,8,121,0,17,81,0,98,13,61,137,8,219,136,68,204,423
04/21/2023,CHO,VA,AEA,EN,Federal Contract Tower,21,66,61,12,160,0,25,76,2,103,21,91,137,14,263,148,14,162,425
04/22/2023,CHO,VA,AEA,EN,Federal Contract Tower,12,58,55,0,125,0,12,64,0,76,12,70,119,0,201,20,0,20,221
04/23/2023,CHO,VA,AEA,EN,Federal Contract Tower,20,63,62,0,145,0,15,77,0,92,20,78,139,0,237,170,0,170,407
04/24/2023,CHO,VA,AEA,EN,Federal Contract Tower,12,50,55,12,129,0,15,93,2,110,12,65,148,14,239,132,62,194,433
04/25/2023,CHO,VA,AEA,EN,Federal Contract Tower,11,47,57,10,125,0,15,73,2,90,11,62,130,12,215,164,76,240,455
04/26/2023,CHO,VA,AEA,EN,Federal Contract Tower,12,43,63,12,130,0,21,102,0,123,12,64,165,12,253,144,66,210,463
04/27/2023,CHO,VA,AEA,EN,Federal Contract Tower,12,51,45,10,118,0,16,80,0,96,12,67,125,10,214,140,72,212,426
04/28/2023,CHO,VA,AEA,EN,Federal Contract Tower,13,49,56,0,118,0,0,0,0,0,13,49,56,0,118,0,0,0,118
04/29/2023,CHO,VA,AEA,EN,Federal Contract Tower,19,84,67,0,170,0,25,54,0,79,19,109,121,0,249,162,0,162,411
04/30/2023,CHO,VA,AEA,EN,Federal Contract Tower,13,58,69,0,140,0,0,1,0,1,13,58,70,0,141,12,0,12,153
05/01/2023,CHO,VA,AEA,EN,Federal Contract Tower,22,45,54,8,129,0,22,38,0,60,22,67,92,8,189,64,74,138,327
05/02/2023,CHO,VA,AEA,EN,Federal Contract Tower,20,68,55,6,149,0,22,76,0,98,20,90,131,6,247,134,64,198,445
05/03/2023,CHO,VA,AEA,EN,Federal Contract Tower,17,63,54,19,153,0,20,78,0,98,17,83,132,19,251,108,62,170,421
05/04/2023,CHO,VA,AEA,EN,Federal Contract Tower,18,59,54,8,139,0,21,90,0,111,18,80,144,8,250,128,56,184,434
05/05/2023,CHO,VA,AEA,EN,Federal Contract Tower,16,54,56,8,134,0,15,80,0,95,16,69,136,8,229,118,70,188,417
05/06/2023,CHO,VA,AEA,EN,Federal Contract Tower,22,63,60,0,145,0,19,87,0,106,22,82,147,0,251,120,0,120,371
05/07/2023,CHO,VA,AEA,EN,Federal Contract Tower,26,88,53,0,167,0,25,65,0,90,26,113,118,0,257,120,0,120,377
05/08/2023,CHO,VA,AEA,EN,Federal Contract Tower,17,60,53,21,151,0,24,53,0,77,17,84,106,21,228,116,58,174,402
05/09/2023,CHO,VA,AEA,EN,Federal Contract Tower,12,41,46,8,107,0,17,55,0,72,12,58,101,8,179,92,64,156,335
05/10/2023,CHO,VA,AEA,EN,Federal Contract Tower,10,49,58,10,127,0,16,71,0,87,10,65,129,10,214,84,72,156,370
05/11/2023,CHO,VA,AEA,EN,Federal Contract Tower,16,54,40,12,122,0,12,78,0,90,16,66,118,12,212,130,78,208,420
05/12/2023,CHO,VA,AEA,EN,Federal Contract Tower,16,60,60,10,146,0,21,90,0,111,16,81,150,10,257,120,80,200,457
05/13/2023,CHO,VA,AEA,EN,Federal Contract Tower,20,71,58,0,149,0,15,65,0,80,20,86,123,0,229,50,0,50,279
05/14/2023,CHO,VA,AEA,EN,Federal Contract Tower,10,41,53,0,104,0,15,81,0,96,10,56,134,0,200,140,0,140,340
05/15/2023,CHO,VA,AEA,EN,Federal Contract Tower,11,42,39,8,100,0,12,61,0,73,11,54,100,8,173,90,72,162,335
05/16/2023,CHO,VA,AEA,EN,Federal Contract Tower,9,43,60,8,120,0,13,68,0,81,9,56,128,8,201,92,66,158,359
05/17/2023,CHO,VA,AEA,EN,Federal Contract Tower,10,44,49,6,109,0,12,69,0,81,10,56,118,6,190,106,48,154,344
05/18/2023,CHO,VA,AEA,EN,Federal Contract Tower,15,51,34,6,106,0,14,68,0,82,15,65,102,6,188,140,62,202,390
05/19/2023,CHO,VA,AEA,EN,Federal Contract Tower,27,90,77,12,206,0,19,84,0,103,27,109,161,12,309,116,80,196,505
05/20/2023,CHO,VA,AEA,EN,Federal Contract Tower,15,49,51,0,115,0,18,75,0,93,15,67,126,0,208,90,0,90,298
05/21/2023,CHO,VA,AEA,EN,Federal Contract Tower,13,97,102,0,212,0,22,96,0,118,13,119,198,0,330,166,0,166,496
05/22/2023,CHO,VA,AEA,EN,Federal Contract Tower,12,68,59,6,145,0,23,64,0,87,12,91,123,6,232,122,56,178,410
05/23/2023,CHO,VA,AEA,EN,Federal Contract Tower,15,50,66,10,141,0,17,75,0,92,15,67,141,10,233,114,42,156,389
05/24/2023,CHO,VA,AEA,EN,Federal Contract Tower,20,52,59,1,132,0,22,81,0,103,20,74,140,1,235,134,18,152,387
05/25/2023,CHO,VA,AEA,EN,Federal Contract Tower,19,50,52,10,131,0,10,53,1,64,19,60,105,11,195,76,60,136,331
05/26/2023,CHO,VA,AEA,EN,Federal Contract Tower,15,47,67,6,135,0,21,79,0,100,15,68,146,6,235,160,62,222,457
05/27/2023,CHO,VA,AEA,EN,Federal Contract Tower,13,63,47,6,129,0,23,68,0,91,13,86,115,6,220,110,0,110,330
05/28/2023,CHO,VA,AEA,EN,Federal Contract Tower,12,68,56,0,136,0,21,74,0,95,12,89,130,0,231,186,0,186,417
05/29/2023,CHO,VA,AEA,EN,Federal Contract Tower,13,58,80,0,151,0,0,1,0,1,13,58,81,0,152,4,0,4,156
05/30/2023,CHO,VA,AEA,EN,Federal Contract Tower,16,50,52,0,118,0,11,57,0,68,16,61,109,0,186,100,0,100,286
05/31/2023,CHO,VA,AEA,EN,Federal Contract Tower,16,63,80,6,165,0,21,84,0,105,16,84,164,6,270,176,60,236,506
06/01/2023,CHO,VA,AEA,EN,Federal Contract Tower,16,49,65,7,137,0,14,66,0,80,16,63,131,7,217,98,74,172,389
06/02/2023,CHO,VA,AEA,EN,Federal Contract Tower,11,45,18,0,74,0,14,57,1,72,11,59,75,1,146,58,30,88,234
06/03/2023,CHO,VA,AEA,EN,Federal Contract Tower,11,47,69,0,127,0,13,91,0,104,11,60,160,0,231,168,0,168,399
06/04/2023,CHO,VA,AEA,EN,Federal Contract Tower,14,73,86,0,173,0,22,87,0,109,14,95,173,0,282,170,0,170,452
06/05/2023,CHO,VA,AEA,EN,Federal Contract Tower,15,44,57,8,124,2,22,60,0,84,17,66,117,8,208,136,56,192,400
06/06/2023,CHO,VA,AEA,EN,Federal Contract Tower,15,43,53,6,117,0,19,68,0,87,15,62,121,6,204,86,70,156,360
06/07/2023,CHO,VA,AEA,EN,Federal Contract Tower,19,58,74,8,159,0,25,78,0,103,19,83,152,8,262,155,56,211,473
06/08/2023,CHO,VA,AEA,EN,Federal Contract Tower,16,51,58,6,131,0,0,16,0,16,16,51,74,6,147,88,0,88,235
06/09/2023,CHO,VA,AEA,EN,Federal Contract Tower,13,43,52,8,116,0,17,98,0,115,13,60,150,8,231,134,50,184,415
06/10/2023,CHO,VA,AEA,EN,Federal Contract Tower,14,53,68,0,135,0,12,67,1,80,14,65,135,1,215,102,0,102,317
06/11/2023,CHO,VA,AEA,EN,Federal Contract Tower,15,80,60,0,155,0,10,69,0,79,15,90,129,0,234,132,0,132,366
06/12/2023,CHO,VA,AEA,EN,Federal Contract Tower,14,57,53,0,124,0,12,63,0,75,14,69,116,0,199,154,0,154,353
06/13/2023,CHO,VA,AEA,EN,Federal Contract Tower,9,44,26,8,87,0,16,54,0,70,9,60,80,8,157,94,54,148,305
06/14/2023,CHO,VA,AEA,EN,Federal Contract Tower,18,46,44,9,117,0,12,68,8,88,18,58,112,17,205,18,44,62,267
06/15/2023,CHO,VA,AEA,EN,Federal Contract Tower,17,63,39,6,125,0,25,91,0,116,17,88,130,6,241,178,54,232,473
06/16/2023,CHO,VA,AEA,EN,Federal Contract Tower,16,62,67,6,151,0,23,81,0,104,16,85,148,6,255,80,64,144,399
06/17/2023,CHO,VA,AEA,EN,Federal Contract Tower,17,74,65,0,156,2,15,81,0,98,19,89,146,0,254,106,0,106,360
06/18/2023,CHO,VA,AEA,EN,Federal Contract Tower,16,78,69,0,163,0,12,84,0,96,16,90,153,0,259,206,0,206,465
06/19/2023,CHO,VA,AEA,EN,Federal Contract Tower,19,54,66,5,144,0,7,42,0,49,19,61,108,5,193,70,0,70,263
06/20/2023,CHO,VA,AEA,EN,Federal Contract Tower,6,35,30,0,71,0,0,0,0,0,6,35,30,0,71,0,0,0,71
06/21/2023,CHO,VA,AEA,EN,Federal Contract Tower,7,37,29,0,73,0,0,0,0,0,7,37,29,0,73,0,0,0,73
06/22/2023,CHO,VA,AEA,EN,Federal Contract Tower,13,53,55,0,121,0,0,0,0,0,13,53,55,0,121,0,0,0,121
06/23/2023,CHO,VA,AEA,EN,Federal Contract Tower,12,68,70,0,150,0,0,0,0,0,12,68,70,0,150,0,0,0,150
06/24/2023,CHO,VA,AEA,EN,Federal Contract Tower,16,68,59,0,143,0,6,31,0,37,16,74,90,0,180,4,0,4,184
06/25/2023,CHO,VA,AEA,EN,Federal Contract Tower,20,78,42,0,140,0,10,83,0,93,20,88,125,0,233,212,0,212,445
06/26/2023,CHO,VA,AEA,EN,Federal Contract Tower,11,44,54,8,117,0,12,60,0,72,11,56,114,8,189,84,56,140,329
06/27/2023,CHO,VA,AEA,EN,Federal Contract Tower,11,25,19,4,59,0,7,68,9,84,11,32,87,13,143,185,42,227,370
06/28/2023,CHO,VA,AEA,EN,Federal Contract Tower,17,84,65,2,168,0,15,59,0,74,17,99,124,2,242,122,10,132,374
06/29/2023,CHO,VA,AEA,EN,Federal Contract Tower,18,65,78,0,161,0,0,0,0,0,18,65,78,0,161,0,0,0,161
06/30/2023,CHO,VA,AEA,EN,Federal Contract Tower,15,60,72,0,147,0,0,4,0,4,15,60,76,0,151,0,0,0,151
07/01/2023,CHO,VA,AEA,EN,Federal Contract Tower,18,67,67,0,152,0,4,32,0,36,18,71,99,0,188,36,0,36,224
07/02/2023,CHO,VA,AEA,EN,Federal Contract Tower,18,57,56,0,131,0,6,67,0,73,18,63,123,0,204,134,0,134,338
07/03/2023,CHO,VA,AEA,EN,Federal Contract Tower,11,45,53,8,117,0,15,67,0,82,11,60,120,8,199,114,52,166,365
07/04/2023,CHO,VA,AEA,EN,Federal Contract Tower,11,47,61,0,119,0,16,89,0,105,11,63,150,0,224,146,0,146,370
07/05/2023,CHO,VA,AEA,EN,Federal Contract Tower,16,72,55,0,143,0,4,63,0,67,16,76,118,0,210,144,0,144,354
07/06/2023,CHO,VA,AEA,EN,Federal Contract Tower,11,51,59,10,131,0,15,67,0,82,11,66,126,10,213,98,88,186,399
07/07/2023,CHO,VA,AEA,EN,Federal Contract Tower,20,62,58,6,146,0,19,79,8,106,20,81,137,14,252,166,60,226,478
07/08/2023,CHO,VA,AEA,EN,Federal Contract Tower,16,75,74,0,165,0,14,71,0,85,16,89,145,0,250,128,0,128,378
07/09/2023,CHO,VA,AEA,EN,Federal Contract Tower,19,67,62,0,148,0,2,4,0,6,19,69,66,0,154,0,0,0,154
07/10/2023,CHO,VA,AEA,EN,Federal Contract Tower,11,50,52,0,113,0,0,58,0,58,11,50,110,0,171,126,0,126,297
07/11/2023,CHO,VA,AEA,EN,Federal Contract Tower,6,60,64,0,130,0,9,70,5,84,6,69,134,5,214,154,0,154,368
07/12/2023,CHO,VA,AEA,EN,Federal Contract Tower,12,52,56,4,124,0,9,86,1,96,12,61,142,5,220,142,0,142,362
07/13/2023,CHO,VA,AEA,EN,Federal Contract Tower,10,52,55,10,127,0,7,53,0,60,10,59,108,10,187,64,0,64,251
07/14/2023,CHO,VA,AEA,EN,Federal Contract Tower,16,76,49,12,153,0,17,78,8,103,16,93,127,20,256,131,56,187,443
07/15/2023,CHO,VA,AEA,EN,Federal Contract Tower,13,52,56,0,121,0,7,30,0,37,13,59,86,0,158,96,0,96,254
07/16/2023,CHO,VA,AEA,EN,Federal Contract Tower,14,47,41,0,102,0,4,63,0,67,14,51,104,0,169,136,0,136,305
07/17/2023,CHO,VA,AEA,EN,Federal Contract Tower,16,61,46,0,123,0,8,48,0,56,16,69,94,0,179,72,0,72,251
07/18/2023,CHO,VA,AEA,EN,Federal Contract Tower,9,50,49,4,112,0,0,40,7,47,9,50,89,11,159,128,24,152,311
07/19/2023,CHO,VA,AEA,EN,Federal Contract Tower,15,63,45,6,129,0,0,47,7,54,15,63,92,13,183,94,28,122,305
07/20/2023,CHO,VA,AEA,EN,Federal Contract Tower,13,58,48,8,127,0,16,78,6,100,13,74,126,14,227,120,38,158,385
07/21/2023,CHO,VA,AEA,EN,Federal Contract Tower,8,70,79,0,157,0,5,51,5,61,8,75,130,5,218,84,0,84,302
07/22/2023,CHO,VA,AEA,EN,Federal Contract Tower,7,49,59,3,118,0,9,72,4,85,7,58,131,7,203,58,0,58,261
07/23/2023,CHO,VA,AEA,EN,Federal Contract Tower,11,62,64,0,137,0,0,54,0,54,11,62,118,0,191,102,0,102,293
07/24/2023,CHO,VA,AEA,EN,Federal Contract Tower,10,52,58,10,130,0,13,77,0,90,10,65,135,10,220,134,74,208,428
07/25/2023,CHO,VA,AEA,EN,Federal Contract Tower,12,48,33,0,93,0,4,48,1,53,12,52,81,1,146,106,2,108,254
07/26/2023,CHO,VA,AEA,EN,Federal Contract Tower,8,60,64,5,137,13,58,0,0,71,21,118,64,5,208,56,22,78,286
07/27/2023,CHO,VA,AEA,EN,Federal Contract Tower,15,51,51,10,127,0,20,63,0,83,15,71,114,10,210,108,58,166,376
07/28/2023,CHO,VA,AEA,EN,Federal Contract Tower,13,41,52,10,116,0,15,60,0,75,13,56,112,10,191,84,66,150,341
07/29/2023,CHO,VA,AEA,EN,Federal Contract Tower,11,57,48,0,116,0,14,56,0,70,11,71,104,0,186,80,10,90,276
07/30/2023,CHO,VA,AEA,EN,Federal Contract Tower,16,74,66,0,156,0,10,76,0,86,16,84,142,0,242,130,0,130,372
07/31/2023,CHO,VA,AEA,EN,Federal Contract Tower,13,54,66,10,143,0,18,86,0,104,13,72,152,10,247,146,72,218,465
08/01/2023,CHO,VA,AEA,EN,Federal Contract Tower,24,43,29,0,96,0,8,52,1,61,24,51,81,1,157,136,12,148,305
08/02/2023,CHO,VA,AEA,EN,Federal Contract Tower,16,68,49,6,139,0,8,66,3,77,16,76,115,9,216,114,8,122,338
08/03/2023,CHO,VA,AEA,EN,Federal Contract Tower,11,56,53,10,130,0,13,59,0,72,11,69,112,10,202,108,70,178,380
08/04/2023,CHO,VA,AEA,EN,Federal Contract Tower,24,44,51,0,119,0,11,72,0,83,24,55,123,0,202,165,0,165,367
08/05/2023,CHO,VA,AEA,EN,Federal Contract Tower,13,43,40,0,96,0,0,40,0,40,13,43,80,0,136,76,0,76,212
08/06/2023,CHO,VA,AEA,EN,Federal Contract Tower,13,58,56,0,127,0,18,57,0,75,13,76,113,0,202,120,0,120,322
08/07/2023,CHO,VA,AEA,EN,Federal Contract Tower,14,49,51,10,124,0,19,72,0,91,14,68,123,10,215,106,56,162,377
08/08/2023,CHO,VA,AEA,EN,Federal Contract Tower,15,67,51,0,133,0,8,52,4,64,15,75,103,4,197,114,40,154,351
08/09/2023,CHO,VA,AEA,EN,Federal Contract Tower,17,54,48,6,125,0,16,62,0,78,17,70,110,6,203,84,18,102,305
08/10/2023,CHO,VA,AEA,EN,Federal Contract Tower,8,59,68,10,145,0,26,72,1,99,8,85,140,11,244,114,80,194,438
08/11/2023,CHO,VA,AEA,EN,Federal Contract Tower,16,79,67,12,174,0,16,96,6,118,16,95,163,18,292,144,56,200,492
08/12/2023,CHO,VA,AEA,EN,Federal Contract Tower,26,38,30,0,94,0,6,55,0,61,26,44,85,0,155,64,0,64,219
08/13/2023,CHO,VA,AEA,EN,Federal Contract Tower,18,70,48,0,136,0,14,71,0,85,18,84,119,0,221,188,0,188,409
08/14/2023,CHO,VA,AEA,EN,Federal Contract Tower,10,48,61,10,129,0,16,84,0,100,10,64,145,10,229,130,80,210,439
08/15/2023,CHO,VA,AEA,EN,Federal Contract Tower,10,42,49,2,103,0,16,40,1,57,10,58,89,3,160,98,10,108,268
08/16/2023,CHO,VA,AEA,EN,Federal Contract Tower,11,45,30,0,86,0,0,56,3,59,11,45,86,3,145,216,2,218,363
08/17/2023,CHO,VA,AEA,EN,Federal Contract Tower,12,64,68,12,156,0,32,78,0,110,12,96,146,12,266,218,74,292,558
08/18/2023,CHO,VA,AEA,EN,Federal Contract Tower,15,50,65,8,138,0,17,85,0,102,15,67,150,8,240,138,62,200,440
08/19/2023,CHO,VA,AEA,EN,Federal Contract Tower,18,36,32,0,86,0,14,63,0,77,18,50,95,0,163,98,0,98,261
08/20/2023,CHO,VA,AEA,EN,Federal Contract Tower,19,88,65,0,172,0,15,87,0,102,19,103,152,0,274,160,0,160,434
08/21/2023,CHO,VA,AEA,EN,Federal Contract Tower,13,56,56,10,135,0,19,79,2,100,13,75,135,12,235,190,84,274,509
08/22/2023,CHO,VA,AEA,EN,Federal Contract Tower,15,55,42,10,122,0,22,69,0,91,15,77,111,10,213,178,72,250,463
08/23/2023,CHO,VA,AEA,EN,Federal Contract Tower,17,84,69,6,176,0,16,86,0,102,17,100,155,6,278,98,18,116,394
08/24/2023,CHO,VA,AEA,EN,Federal Contract Tower,12,57,54,12,135,0,23,71,0,94,12,80,125,12,229,156,98,254,483
08/25/2023,CHO,VA,AEA,EN,Federal Contract Tower,12,54,65,8,139,0,23,83,0,106,12,77,148,8,245,141,66,207,452
08/26/2023,CHO,VA,AEA,EN,Federal Contract Tower,19,38,33,0,90,0,9,54,3,66,19,47,87,3,156,158,12,170,326
08/27/2023,CHO,VA,AEA,EN,Federal Contract Tower,8,52,54,0,114,0,13,66,0,79,8,65,120,0,193,150,0,150,343
08/29/2023,CHO,VA,AEA,EN,Federal Contract Tower,10,57,64,0,131,0,8,50,0,58,10,65,114,0,189,124,0,124,313
08/30/2023,CHO,VA,AEA,EN,Federal Contract Tower,10,52,59,8,129,0,16,73,2,91,10,68,132,10,220,144,76,220,440
08/31/2023,CHO,VA,AEA,EN,Federal Contract Tower,10,47,55,10,122,0,23,75,0,98,10,70,130,10,220,144,84,228,448
