01/01/2020,CHS,SC,ASO,ES,Combined TRACON& Tower with Radar,100,31,22,2,155,0,8,24,0,32,100,39,46,2,187,4,0,4,191
01/02/2020,CHS,SC,ASO,ES,Combined TRACON& Tower with Radar,128,45,50,4,227,0,2,45,0,47,128,47,95,4,274,14,6,20,294
01/03/2020,CHS,SC,ASO,ES,Combined TRACON& Tower with Radar,134,66,36,15,251,0,0,13,0,13,134,66,49,15,264,6,8,14,278
01/04/2020,CHS,SC,ASO,ES,Combined TRACON& Tower with Radar,103,38,20,10,171,0,0,9,1,10,103,38,29,11,181,0,4,4,185
01/05/2020,CHS,SC,ASO,ES,Combined TRACON& Tower with Radar,127,50,60,18,255,0,5,49,0,54,127,55,109,18,309,6,9,15,324
01/06/2020,CHS,SC,ASO,ES,Combined TRACON& Tower with Radar,118,58,40,20,236,0,6,42,0,48,118,64,82,20,284,16,22,38,322
01/07/2020,CHS,SC,ASO,ES,Combined TRACON& Tower with Radar,109,51,50,52,262,0,3,24,3,30,109,54,74,55,292,0,48,48,340
01/08/2020,CHS,SC,ASO,ES,Combined TRACON& Tower with Radar,116,41,43,41,241,0,3,37,7,47,116,44,80,48,288,10,34,44,332
01/09/2020,CHS,SC,ASO,ES,Combined TRACON& Tower with Radar,116,45,78,74,313,0,3,42,1,46,116,48,120,75,359,2,62,64,423
01/10/2020,CHS,SC,ASO,ES,Combined TRACON& Tower with Radar,116,46,51,71,284,0,4,28,2,34,116,50,79,73,318,0,82,82,400
01/11/2020,CHS,SC,ASO,ES,Combined TRACON& Tower with Radar,101,30,38,19,188,0,0,9,4,13,101,30,47,23,201,6,10,16,217
01/12/2020,CHS,SC,ASO,ES,Combined TRACON& Tower with Radar,114,39,59,20,232,0,0,3,0,3,114,39,62,20,235,2,10,12,247
01/13/2020,CHS,SC,ASO,ES,Combined TRACON& Tower with Radar,114,44,53,62,273,0,2,3,7,12,114,46,56,69,285,6,78,84,369
01/14/2020,CHS,SC,ASO,ES,Combined TRACON& Tower with Radar,114,45,60,60,279,0,2,33,14,49,114,47,93,74,328,4,62,66,394
01/15/2020,CHS,SC,ASO,ES,Combined TRACON& Tower with Radar,123,42,54,60,279,0,3,38,1,42,123,45,92,61,321,4,28,32,353
01/16/2020,CHS,SC,ASO,ES,Combined TRACON& Tower with Radar,117,47,74,25,263,0,4,39,1,44,117,51,113,26,307,2,4,6,313
01/17/2020,CHS,SC,ASO,ES,Combined TRACON& Tower with Radar,118,45,57,39,259,0,1,79,4,84,118,46,136,43,343,10,12,22,365
01/18/2020,CHS,SC,ASO,ES,Combined TRACON& Tower with Radar,93,35,32,18,178,0,5,31,1,37,93,40,63,19,215,4,0,4,219
01/19/2020,CHS,SC,ASO,ES,Combined TRACON& Tower with Radar,98,23,51,29,201,0,3,12,0,15,98,26,63,29,216,0,12,12,228
01/20/2020,CHS,SC,ASO,ES,Combined TRACON& Tower with Radar,118,45,48,30,241,0,8,45,1,54,118,53,93,31,295,8,24,32,327
01/21/2020,CHS,SC,ASO,ES,Combined TRACON& Tower with Radar,114,47,60,52,273,0,4,30,3,37,114,51,90,55,310,4,32,36,346
01/22/2020,CHS,SC,ASO,ES,Combined TRACON& Tower with Radar,116,43,43,40,242,0,3,23,5,31,116,46,66,45,273,2,30,32,305
01/23/2020,CHS,SC,ASO,ES,Combined TRACON& Tower with Radar,122,43,65,33,263,0,5,63,5,73,122,48,128,38,336,6,13,19,355
01/24/2020,CHS,SC,ASO,ES,Combined TRACON& Tower with Radar,112,42,49,25,228,0,0,8,2,10,112,42,57,27,238,12,42,54,292
01/25/2020,CHS,SC,ASO,ES,Combined TRACON& Tower with Radar,102,33,39,9,183,0,1,43,0,44,102,34,82,9,227,20,0,20,247
01/26/2020,CHS,SC,ASO,ES,Combined TRACON& Tower with Radar,114,38,38,8,198,0,6,29,0,35,114,44,67,8,233,6,0,6,239
01/27/2020,CHS,SC,ASO,ES,Combined TRACON& Tower with Radar,102,44,40,32,218,0,7,17,0,24,102,51,57,32,242,24,16,40,282
01/28/2020,CHS,SC,ASO,ES,Combined TRACON& Tower with Radar,115,46,70,36,267,0,2,55,4,61,115,48,125,40,328,22,8,30,358
01/29/2020,CHS,SC,ASO,ES,Combined TRACON& Tower with Radar,120,42,58,66,286,0,3,33,12,48,120,45,91,78,334,10,54,64,398
01/30/2020,CHS,SC,ASO,ES,Combined TRACON& Tower with Radar,121,50,76,38,285,0,4,28,2,34,121,54,104,40,319,19,22,41,360
01/31/2020,CHS,SC,ASO,ES,Combined TRACON& Tower with Radar,124,58,65,43,290,0,2,11,2,15,124,60,76,45,305,22,38,60,365
02/01/2020,CHS,SC,ASO,ES,Combined TRACON& Tower with Radar,95,33,38,12,178,0,0,0,0,0,95,33,38,12,178,6,0,6,184
02/02/2020,CHS,SC,ASO,ES,Combined TRACON& Tower with Radar,112,42,49,14,217,0,4,30,3,37,112,46,79,17,254,3,6,9,263
02/03/2020,CHS,SC,ASO,ES,Combined TRACON& Tower with Radar,111,37,51,32,231,0,3,45,2,50,111,40,96,34,281,30,12,42,323
02/04/2020,CHS,SC,ASO,ES,Combined TRACON& Tower with Radar,110,38,71,102,321,0,2,38,13,53,110,40,109,115,374,4,30,34,408
02/05/2020,CHS,SC,ASO,ES,Combined TRACON& Tower with Radar,122,49,67,63,301,0,1,35,1,37,122,50,102,64,338,0,40,40,378
02/06/2020,CHS,SC,ASO,ES,Combined TRACON& Tower with Radar,127,42,38,30,237,0,2,1,0,3,127,44,39,30,240,4,7,11,251
02/07/2020,CHS,SC,ASO,ES,Combined TRACON& Tower with Radar,121,65,69,35,290,0,3,7,1,11,121,68,76,36,301,8,26,34,335
02/08/2020,CHS,SC,ASO,ES,Combined TRACON& Tower with Radar,97,51,36,12,196,0,2,32,13,47,97,53,68,25,243,2,22,24,267
02/09/2020,CHS,SC,ASO,ES,Combined TRACON& Tower with Radar,113,43,62,19,237,0,0,24,1,25,113,43,86,20,262,0,0,0,262
02/10/2020,CHS,SC,ASO,ES,Combined TRACON& Tower with Radar,112,50,55,35,252,0,4,34,0,38,112,54,89,35,290,6,6,12,302
02/11/2020,CHS,SC,ASO,ES,Combined TRACON& Tower with Radar,113,42,53,73,281,0,3,22,1,26,113,45,75,74,307,2,66,68,375
02/12/2020,CHS,SC,ASO,ES,Combined TRACON& Tower with Radar,116,50,92,42,300,0,3,21,8,32,116,53,113,50,332,6,26,32,364
02/13/2020,CHS,SC,ASO,ES,Combined TRACON& Tower with Radar,123,54,71,32,280,0,0,6,2,8,123,54,77,34,288,12,16,28,316
02/14/2020,CHS,SC,ASO,ES,Combined TRACON& Tower with Radar,133,59,84,25,301,0,0,54,3,57,133,59,138,28,358,4,10,14,372
02/15/2020,CHS,SC,ASO,ES,Combined TRACON& Tower with Radar,100,32,44,7,183,0,6,56,1,63,100,38,100,8,246,4,4,8,254
02/16/2020,CHS,SC,ASO,ES,Combined TRACON& Tower with Radar,111,44,71,6,232,0,0,19,4,23,111,44,90,10,255,8,0,8,263
02/17/2020,CHS,SC,ASO,ES,Combined TRACON& Tower with Radar,127,49,72,16,264,0,3,10,2,15,127,52,82,18,279,4,2,6,285
02/18/2020,CHS,SC,ASO,ES,Combined TRACON& Tower with Radar,117,59,56,49,281,0,1,0,1,2,117,60,56,50,283,10,36,46,329
02/19/2020,CHS,SC,ASO,ES,Combined TRACON& Tower with Radar,133,44,46,58,281,0,0,2,3,5,133,44,48,61,286,4,36,40,326
02/20/2020,CHS,SC,ASO,ES,Combined TRACON& Tower with Radar,133,64,52,45,294,0,0,0,2,2,133,64,52,47,296,14,38,52,348
02/21/2020,CHS,SC,ASO,ES,Combined TRACON& Tower with Radar,129,69,54,26,278,0,3,18,5,26,129,72,72,31,304,9,10,19,323
02/22/2020,CHS,SC,ASO,ES,Combined TRACON& Tower with Radar,100,36,41,4,181,0,6,42,1,49,100,42,83,5,230,2,0,2,232
02/23/2020,CHS,SC,ASO,ES,Combined TRACON& Tower with Radar,123,52,41,14,230,0,4,41,3,48,123,56,82,17,278,4,2,6,284
02/24/2020,CHS,SC,ASO,ES,Combined TRACON& Tower with Radar,119,49,62,54,284,0,4,23,7,34,119,53,85,61,318,20,34,54,372
02/25/2020,CHS,SC,ASO,ES,Combined TRACON& Tower with Radar,119,63,95,40,317,0,1,12,0,13,119,64,107,40,330,0,0,0,330
02/26/2020,CHS,SC,ASO,ES,Combined TRACON& Tower with Radar,117,56,58,36,267,0,2,2,3,7,117,58,60,39,274,6,16,22,296
02/27/2020,CHS,SC,ASO,ES,Combined TRACON& Tower with Radar,134,77,64,53,328,0,2,37,5,44,134,79,101,58,372,6,8,14,386
02/28/2020,CHS,SC,ASO,ES,Combined TRACON& Tower with Radar,130,59,66,24,279,0,5,20,0,25,130,64,86,24,304,13,20,33,337
02/29/2020,CHS,SC,ASO,ES,Combined TRACON& Tower with Radar,104,47,46,6,203,0,8,33,3,44,104,55,79,9,247,6,0,6,253
03/01/2020,CHS,SC,ASO,ES,Combined TRACON& Tower with Radar,131,53,47,4,235,0,5,49,2,56,131,58,96,6,291,4,0,4,295
03/02/2020,CHS,SC,ASO,ES,Combined TRACON& Tower with Radar,118,53,33,50,254,0,5,27,5,37,118,58,60,55,291,6,56,62,353
03/03/2020,CHS,SC,ASO,ES,Combined TRACON& Tower with Radar,114,54,35,24,227,0,2,18,7,27,114,56,53,31,254,2,18,20,274
03/04/2020,CHS,SC,ASO,ES,Combined TRACON& Tower with Radar,124,73,64,33,294,0,1,6,0,7,124,74,70,33,301,0,24,24,325
03/05/2020,CHS,SC,ASO,ES,Combined TRACON& Tower with Radar,139,51,54,26,270,0,0,0,0,0,139,51,54,26,270,0,6,6,276
03/06/2020,CHS,SC,ASO,ES,Combined TRACON& Tower with Radar,139,43,70,57,309,0,3,11,3,17,139,46,81,60,326,4,50,54,380
03/07/2020,CHS,SC,ASO,ES,Combined TRACON& Tower with Radar,126,28,36,24,214,0,7,38,1,46,126,35,74,25,260,10,22,32,292
03/08/2020,CHS,SC,ASO,ES,Combined TRACON& Tower with Radar,148,54,66,16,284,0,3,50,1,54,148,57,116,17,338,4,2,6,344
03/09/2020,CHS,SC,ASO,ES,Combined TRACON& Tower with Radar,133,35,52,46,266,0,7,39,1,47,133,42,91,47,313,9,42,51,364
03/10/2020,CHS,SC,ASO,ES,Combined TRACON& Tower with Radar,136,49,42,102,329,0,3,52,8,63,136,52,94,110,392,14,52,66,458
03/11/2020,CHS,SC,ASO,ES,Combined TRACON& Tower with Radar,146,52,72,35,305,0,11,66,3,80,146,63,138,38,385,25,6,31,416
03/12/2020,CHS,SC,ASO,ES,Combined TRACON& Tower with Radar,155,51,61,45,312,0,2,62,4,68,155,53,123,49,380,34,24,58,438
03/13/2020,CHS,SC,ASO,ES,Combined TRACON& Tower with Radar,145,69,66,26,306,0,1,52,9,62,145,70,118,35,368,20,24,44,412
03/14/2020,CHS,SC,ASO,ES,Combined TRACON& Tower with Radar,124,33,35,3,195,0,5,53,0,58,124,38,88,3,253,10,2,12,265
03/15/2020,CHS,SC,ASO,ES,Combined TRACON& Tower with Radar,149,42,44,5,240,0,4,16,1,21,149,46,60,6,261,0,0,0,261
03/16/2020,CHS,SC,ASO,ES,Combined TRACON& Tower with Radar,138,32,34,23,227,0,5,20,2,27,138,37,54,25,254,14,2,16,270
03/17/2020,CHS,SC,ASO,ES,Combined TRACON& Tower with Radar,135,62,40,34,271,0,4,24,1,29,135,66,64,35,300,4,22,26,326
03/18/2020,CHS,SC,ASO,ES,Combined TRACON& Tower with Radar,135,36,41,41,253,0,5,29,1,35,135,41,70,42,288,2,42,44,332
03/19/2020,CHS,SC,ASO,ES,Combined TRACON& Tower with Radar,134,32,32,31,229,0,2,63,2,67,134,34,95,33,296,4,12,16,312
03/20/2020,CHS,SC,ASO,ES,Combined TRACON& Tower with Radar,122,48,37,31,238,0,4,47,2,53,122,52,84,33,291,15,34,49,340
03/21/2020,CHS,SC,ASO,ES,Combined TRACON& Tower with Radar,102,41,19,6,168,0,6,47,0,53,102,47,66,6,221,0,0,0,221
03/22/2020,CHS,SC,ASO,ES,Combined TRACON& Tower with Radar,93,28,35,7,163,0,0,1,0,1,93,28,36,7,164,1,0,1,165
03/23/2020,CHS,SC,ASO,ES,Combined TRACON& Tower with Radar,68,23,23,10,124,0,0,0,0,0,68,23,23,10,124,4,6,10,134
03/24/2020,CHS,SC,ASO,ES,Combined TRACON& Tower with Radar,82,29,16,5,132,0,0,0,0,0,82,29,16,5,132,8,0,8,140
03/25/2020,CHS,SC,ASO,ES,Combined TRACON& Tower with Radar,69,31,26,13,139,0,5,18,0,23,69,36,44,13,162,0,8,8,170
03/26/2020,CHS,SC,ASO,ES,Combined TRACON& Tower with Radar,78,20,18,7,123,0,4,36,0,40,78,24,54,7,163,10,6,16,179
03/27/2020,CHS,SC,ASO,ES,Combined TRACON& Tower with Radar,64,22,19,1,106,0,4,25,0,29,64,26,44,1,135,6,0,6,141
03/28/2020,CHS,SC,ASO,ES,Combined TRACON& Tower with Radar,52,19,7,14,92,0,2,32,6,40,52,21,39,20,132,6,32,38,170
03/29/2020,CHS,SC,ASO,ES,Combined TRACON& Tower with Radar,46,16,10,2,74,0,0,17,0,17,46,16,27,2,91,0,0,0,91
03/30/2020,CHS,SC,ASO,ES,Combined TRACON& Tower with Radar,48,20,16,7,91,0,8,27,0,35,48,28,43,7,126,1,0,1,127
03/31/2020,CHS,SC,ASO,ES,Combined TRACON& Tower with Radar,56,25,3,14,98,0,2,8,1,11,56,27,11,15,109,0,12,12,121
04/01/2020,CHS,SC,ASO,ES,Combined TRACON& Tower with Radar,53,28,12,29,122,0,6,22,4,32,53,34,34,33,154,4,30,34,188
04/02/2020,CHS,SC,ASO,ES,Combined TRACON& Tower with Radar,50,21,22,13,106,0,5,20,3,28,50,26,42,16,134,5,20,25,159
04/03/2020,CHS,SC,ASO,ES,Combined TRACON& Tower with Radar,59,38,16,15,128,0,11,14,0,25,59,49,30,15,153,17,24,41,194
04/04/2020,CHS,SC,ASO,ES,Combined TRACON& Tower with Radar,46,26,18,6,96,0,6,25,0,31,46,32,43,6,127,16,4,20,147
04/05/2020,CHS,SC,ASO,ES,Combined TRACON& Tower with Radar,57,11,16,23,107,0,4,17,0,21,57,15,33,23,128,16,30,46,174
04/06/2020,CHS,SC,ASO,ES,Combined TRACON& Tower with Radar,62,11,11,9,93,0,3,30,0,33,62,14,41,9,126,24,14,38,164
04/07/2020,CHS,SC,ASO,ES,Combined TRACON& Tower with Radar,39,6,11,7,63,0,4,24,1,29,39,10,35,8,92,0,0,0,92
04/08/2020,CHS,SC,ASO,ES,Combined TRACON& Tower with Radar,52,13,13,30,108,0,4,15,0,19,52,17,28,30,127,6,28,34,161
04/09/2020,CHS,SC,ASO,ES,Combined TRACON& Tower with Radar,48,18,17,17,100,0,1,19,2,22,48,19,36,19,122,10,12,22,144
04/10/2020,CHS,SC,ASO,ES,Combined TRACON& Tower with Radar,44,12,15,33,104,0,2,13,2,17,44,14,28,35,121,10,18,28,149
04/11/2020,CHS,SC,ASO,ES,Combined TRACON& Tower with Radar,43,14,15,3,75,0,5,28,0,33,43,19,43,3,108,0,0,0,108
04/12/2020,CHS,SC,ASO,ES,Combined TRACON& Tower with Radar,45,10,3,2,60,0,1,6,0,7,45,11,9,2,67,2,0,2,69
04/13/2020,CHS,SC,ASO,ES,Combined TRACON& Tower with Radar,45,10,8,27,90,0,4,1,3,8,45,14,9,30,98,0,10,10,108
04/14/2020,CHS,SC,ASO,ES,Combined TRACON& Tower with Radar,30,18,18,7,73,0,1,31,0,32,30,19,49,7,105,12,4,16,121
04/15/2020,CHS,SC,ASO,ES,Combined TRACON& Tower with Radar,30,9,12,16,67,0,3,4,0,7,30,12,16,16,74,0,8,8,82
04/16/2020,CHS,SC,ASO,ES,Combined TRACON& Tower with Radar,19,17,26,5,67,0,2,40,6,48,19,19,66,11,115,4,0,4,119
04/17/2020,CHS,SC,ASO,ES,Combined TRACON& Tower with Radar,31,14,21,22,88,0,5,31,0,36,31,19,52,22,124,11,7,18,142
04/18/2020,CHS,SC,ASO,ES,Combined TRACON& Tower with Radar,35,8,8,18,69,0,4,11,0,15,35,12,19,18,84,9,12,21,105
04/19/2020,CHS,SC,ASO,ES,Combined TRACON& Tower with Radar,26,10,10,10,56,0,1,7,0,8,26,11,17,10,64,0,0,0,64
04/20/2020,CHS,SC,ASO,ES,Combined TRACON& Tower with Radar,35,14,17,37,103,0,2,3,0,5,35,16,20,37,108,0,58,58,166
04/21/2020,CHS,SC,ASO,ES,Combined TRACON& Tower with Radar,29,21,24,29,103,0,5,43,5,53,29,26,67,34,156,46,30,76,232
04/22/2020,CHS,SC,ASO,ES,Combined TRACON& Tower with Radar,27,7,28,36,98,0,4,31,4,39,27,11,59,40,137,16,70,86,223
04/23/2020,CHS,SC,ASO,ES,Combined TRACON& Tower with Radar,29,8,18,16,71,0,0,8,0,8,29,8,26,16,79,8,18,26,105
04/24/2020,CHS,SC,ASO,ES,Combined TRACON& Tower with Radar,33,14,28,17,92,0,2,12,1,15,33,16,40,18,107,8,16,24,131
04/25/2020,CHS,SC,ASO,ES,Combined TRACON& Tower with Radar,32,22,18,9,81,0,5,33,4,42,32,27,51,13,123,24,4,28,151
04/26/2020,CHS,SC,ASO,ES,Combined TRACON& Tower with Radar,32,15,25,6,78,0,8,14,0,22,32,23,39,6,100,2,0,2,102
04/27/2020,CHS,SC,ASO,ES,Combined TRACON& Tower with Radar,30,9,18,14,71,0,5,16,6,27,30,14,34,20,98,2,10,12,110
04/28/2020,CHS,SC,ASO,ES,Combined TRACON& Tower with Radar,43,14,26,46,129,0,0,41,0,41,43,14,67,46,170,2,12,14,184
04/29/2020,CHS,SC,ASO,ES,Combined TRACON& Tower with Radar,26,23,32,27,108,0,8,23,2,33,26,31,55,29,141,4,2,6,147
04/30/2020,CHS,SC,ASO,ES,Combined TRACON& Tower with Radar,29,13,19,63,124,0,1,7,1,9,29,14,26,64,133,26,30,56,189
05/01/2020,CHS,SC,ASO,ES,Combined TRACON& Tower with Radar,39,24,33,25,121,0,6,26,0,32,39,30,59,25,153,3,2,5,158
05/02/2020,CHS,SC,ASO,ES,Combined TRACON& Tower with Radar,39,22,12,9,82,0,5,45,0,50,39,27,57,9,132,6,4,10,142
05/03/2020,CHS,SC,ASO,ES,Combined TRACON& Tower with Radar,42,19,22,4,87,0,4,33,0,37,42,23,55,4,124,10,0,10,134
05/04/2020,CHS,SC,ASO,ES,Combined TRACON& Tower with Radar,41,18,28,48,135,0,1,23,4,28,41,19,51,52,163,3,60,63,226
05/05/2020,CHS,SC,ASO,ES,Combined TRACON& Tower with Radar,37,17,41,43,138,0,4,27,5,36,37,21,68,48,174,2,85,87,261
05/06/2020,CHS,SC,ASO,ES,Combined TRACON& Tower with Radar,36,20,33,52,141,0,4,20,17,41,36,24,53,69,182,8,82,90,272
05/07/2020,CHS,SC,ASO,ES,Combined TRACON& Tower with Radar,44,23,48,32,147,0,11,44,15,70,44,34,92,47,217,0,56,56,273
05/08/2020,CHS,SC,ASO,ES,Combined TRACON& Tower with Radar,44,22,33,29,128,0,5,28,9,42,44,27,61,38,170,6,58,64,234
05/09/2020,CHS,SC,ASO,ES,Combined TRACON& Tower with Radar,34,18,29,3,84,0,2,39,0,41,34,20,68,3,125,4,0,4,129
05/10/2020,CHS,SC,ASO,ES,Combined TRACON& Tower with Radar,45,17,27,8,97,0,0,30,0,30,45,17,57,8,127,2,0,2,129
05/11/2020,CHS,SC,ASO,ES,Combined TRACON& Tower with Radar,45,20,29,45,139,0,2,41,3,46,45,22,70,48,185,10,38,48,233
05/12/2020,CHS,SC,ASO,ES,Combined TRACON& Tower with Radar,39,14,44,73,170,0,4,49,5,58,39,18,93,78,228,4,72,76,304
05/13/2020,CHS,SC,ASO,ES,Combined TRACON& Tower with Radar,48,17,39,40,144,0,2,44,3,49,48,19,83,43,193,4,18,22,215
05/14/2020,CHS,SC,ASO,ES,Combined TRACON& Tower with Radar,46,13,33,47,139,0,3,52,3,58,46,16,85,50,197,2,18,20,217
05/15/2020,CHS,SC,ASO,ES,Combined TRACON& Tower with Radar,53,14,39,23,129,0,2,56,3,61,53,16,95,26,190,2,4,6,196
05/16/2020,CHS,SC,ASO,ES,Combined TRACON& Tower with Radar,34,16,19,9,78,0,2,51,1,54,34,18,70,10,132,2,6,8,140
05/17/2020,CHS,SC,ASO,ES,Combined TRACON& Tower with Radar,45,20,44,14,123,0,6,18,1,25,45,26,62,15,148,8,6,14,162
05/18/2020,CHS,SC,ASO,ES,Combined TRACON& Tower with Radar,50,26,30,70,176,0,2,9,39,50,50,28,39,109,226,4,50,54,280
05/19/2020,CHS,SC,ASO,ES,Combined TRACON& Tower with Radar,34,23,36,92,185,0,4,13,15,32,34,27,49,107,217,6,112,118,335
05/20/2020,CHS,SC,ASO,ES,Combined TRACON& Tower with Radar,41,24,41,43,149,0,0,5,4,9,41,24,46,47,158,0,72,72,230
05/21/2020,CHS,SC,ASO,ES,Combined TRACON& Tower with Radar,51,31,67,41,190,0,3,14,6,23,51,34,81,47,213,6,46,52,265
05/22/2020,CHS,SC,ASO,ES,Combined TRACON& Tower with Radar,59,28,56,22,165,0,3,21,1,25,59,31,77,23,190,14,0,14,204
05/23/2020,CHS,SC,ASO,ES,Combined TRACON& Tower with Radar,41,28,25,3,97,0,1,27,0,28,41,29,52,3,125,0,0,0,125
05/24/2020,CHS,SC,ASO,ES,Combined TRACON& Tower with Radar,45,17,20,1,83,0,5,17,0,22,45,22,37,1,105,0,0,0,105
05/25/2020,CHS,SC,ASO,ES,Combined TRACON& Tower with Radar,54,17,59,2,132,0,3,9,0,12,54,20,68,2,144,16,0,16,160
05/26/2020,CHS,SC,ASO,ES,Combined TRACON& Tower with Radar,39,40,56,31,166,0,2,1,1,4,39,42,57,32,170,6,16,22,192
05/27/2020,CHS,SC,ASO,ES,Combined TRACON& Tower with Radar,46,26,61,55,188,0,2,0,1,3,46,28,61,56,191,0,39,39,230
05/28/2020,CHS,SC,ASO,ES,Combined TRACON& Tower with Radar,49,27,52,70,198,0,2,42,6,50,49,29,94,76,248,13,54,67,315
05/29/2020,CHS,SC,ASO,ES,Combined TRACON& Tower with Radar,53,42,40,32,167,0,1,22,7,30,53,43,62,39,197,16,40,56,253
05/30/2020,CHS,SC,ASO,ES,Combined TRACON& Tower with Radar,38,29,39,9,115,0,2,17,0,19,38,31,56,9,134,10,2,12,146
05/31/2020,CHS,SC,ASO,ES,Combined TRACON& Tower with Radar,51,34,51,8,144,0,6,31,2,39,51,40,82,10,183,4,4,8,191
06/01/2020,CHS,SC,ASO,ES,Combined TRACON& Tower with Radar,54,32,38,41,165,0,1,50,4,55,54,33,88,45,220,6,26,32,252
06/02/2020,CHS,SC,ASO,ES,Combined TRACON& Tower with Radar,44,30,28,58,160,0,1,51,5,57,44,31,79,63,217,2,18,20,237
06/03/2020,CHS,SC,ASO,ES,Combined TRACON& Tower with Radar,47,25,52,39,163,0,1,54,7,62,47,26,106,46,225,4,18,22,247
06/04/2020,CHS,SC,ASO,ES,Combined TRACON& Tower with Radar,50,28,52,62,192,0,6,53,4,63,50,34,105,66,255,0,50,50,305
06/05/2020,CHS,SC,ASO,ES,Combined TRACON& Tower with Radar,60,33,47,22,162,0,5,34,2,41,60,38,81,24,203,12,12,24,227
06/06/2020,CHS,SC,ASO,ES,Combined TRACON& Tower with Radar,48,22,38,12,120,0,0,29,0,29,48,22,67,12,149,2,0,2,151
06/07/2020,CHS,SC,ASO,ES,Combined TRACON& Tower with Radar,55,16,44,8,123,0,5,29,2,36,55,21,73,10,159,6,4,10,169
06/08/2020,CHS,SC,ASO,ES,Combined TRACON& Tower with Radar,55,19,47,44,165,0,3,16,0,19,55,22,63,44,184,0,30,30,214
06/09/2020,CHS,SC,ASO,ES,Combined TRACON& Tower with Radar,49,9,45,29,132,0,0,24,0,24,49,9,69,29,156,2,12,14,170
06/10/2020,CHS,SC,ASO,ES,Combined TRACON& Tower with Radar,57,35,45,58,195,0,3,40,2,45,57,38,85,60,240,10,76,86,326
06/11/2020,CHS,SC,ASO,ES,Combined TRACON& Tower with Radar,61,33,63,37,194,0,0,6,0,6,61,33,69,37,200,0,18,18,218
06/12/2020,CHS,SC,ASO,ES,Combined TRACON& Tower with Radar,72,18,46,30,166,0,0,4,0,4,72,18,50,30,170,0,2,2,172
06/13/2020,CHS,SC,ASO,ES,Combined TRACON& Tower with Radar,47,19,54,25,145,0,2,30,0,32,47,21,84,25,177,0,0,0,177
06/14/2020,CHS,SC,ASO,ES,Combined TRACON& Tower with Radar,63,35,56,17,171,0,5,12,0,17,63,40,68,17,188,2,0,2,190
06/15/2020,CHS,SC,ASO,ES,Combined TRACON& Tower with Radar,64,37,56,33,190,0,1,2,0,3,64,38,58,33,193,4,18,22,215
06/16/2020,CHS,SC,ASO,ES,Combined TRACON& Tower with Radar,46,44,54,45,189,0,1,1,0,2,46,45,55,45,191,6,26,32,223
06/17/2020,CHS,SC,ASO,ES,Combined TRACON& Tower with Radar,47,39,80,78,244,0,1,23,12,36,47,40,103,90,280,18,68,86,366
06/18/2020,CHS,SC,ASO,ES,Combined TRACON& Tower with Radar,61,24,67,46,198,0,0,61,16,77,61,24,128,62,275,4,36,40,315
06/19/2020,CHS,SC,ASO,ES,Combined TRACON& Tower with Radar,68,24,77,9,178,0,6,44,7,57,68,30,121,16,235,14,0,14,249
06/20/2020,CHS,SC,ASO,ES,Combined TRACON& Tower with Radar,55,27,56,8,146,0,2,25,0,27,55,29,81,8,173,6,2,8,181
06/21/2020,CHS,SC,ASO,ES,Combined TRACON& Tower with Radar,67,35,41,7,150,0,2,27,0,29,67,37,68,7,179,6,0,6,185
06/22/2020,CHS,SC,ASO,ES,Combined TRACON& Tower with Radar,73,28,55,25,181,0,0,42,7,49,73,28,97,32,230,6,16,22,252
06/23/2020,CHS,SC,ASO,ES,Combined TRACON& Tower with Radar,62,28,30,40,160,0,0,29,2,31,62,28,59,42,191,2,10,12,203
06/24/2020,CHS,SC,ASO,ES,Combined TRACON& Tower with Radar,59,39,89,49,236,0,0,27,0,27,59,39,116,49,263,0,16,16,279
06/25/2020,CHS,SC,ASO,ES,Combined TRACON& Tower with Radar,74,34,57,27,192,0,6,24,3,33,74,40,81,30,225,6,8,14,239
06/26/2020,CHS,SC,ASO,ES,Combined TRACON& Tower with Radar,70,28,57,36,191,0,3,35,6,44,70,31,92,42,235,6,12,18,253
06/27/2020,CHS,SC,ASO,ES,Combined TRACON& Tower with Radar,61,38,40,21,160,0,3,24,1,28,61,41,64,22,188,2,10,12,200
06/28/2020,CHS,SC,ASO,ES,Combined TRACON& Tower with Radar,71,21,45,13,150,0,6,36,2,44,71,27,81,15,194,18,6,24,218
06/29/2020,CHS,SC,ASO,ES,Combined TRACON& Tower with Radar,74,28,35,9,146,0,8,28,1,37,74,36,63,10,183,8,2,10,193
06/30/2020,CHS,SC,ASO,ES,Combined TRACON& Tower with Radar,66,18,30,22,136,0,2,45,0,47,66,20,75,22,183,20,16,36,219
07/01/2020,CHS,SC,ASO,ES,Combined TRACON& Tower with Radar,64,21,56,15,156,0,5,26,5,36,64,26,82,20,192,16,10,26,218
07/02/2020,CHS,SC,ASO,ES,Combined TRACON& Tower with Radar,82,35,57,16,190,0,6,21,1,28,82,41,78,17,218,0,0,0,218
07/03/2020,CHS,SC,ASO,ES,Combined TRACON& Tower with Radar,78,38,37,6,159,0,6,40,0,46,78,44,77,6,205,4,0,4,209
07/04/2020,CHS,SC,ASO,ES,Combined TRACON& Tower with Radar,59,21,13,1,94,0,4,25,2,31,59,25,38,3,125,0,0,0,125
07/05/2020,CHS,SC,ASO,ES,Combined TRACON& Tower with Radar,73,20,33,9,135,0,3,20,0,23,73,23,53,9,158,2,0,2,160
07/06/2020,CHS,SC,ASO,ES,Combined TRACON& Tower with Radar,79,22,31,8,140,0,2,13,0,15,79,24,44,8,155,0,0,0,155
07/07/2020,CHS,SC,ASO,ES,Combined TRACON& Tower with Radar,73,25,41,37,176,0,0,0,0,0,73,25,41,37,176,0,2,2,178
07/08/2020,CHS,SC,ASO,ES,Combined TRACON& Tower with Radar,78,26,56,30,190,0,4,7,2,13,78,30,63,32,203,6,8,14,217
07/09/2020,CHS,SC,ASO,ES,Combined TRACON& Tower with Radar,93,28,65,34,220,0,0,9,1,10,93,28,74,35,230,0,8,8,238
07/10/2020,CHS,SC,ASO,ES,Combined TRACON& Tower with Radar,99,27,47,21,194,0,0,35,1,36,99,27,82,22,230,8,8,16,246
07/11/2020,CHS,SC,ASO,ES,Combined TRACON& Tower with Radar,91,21,36,10,158,0,3,43,0,46,91,24,79,10,204,12,0,12,216
07/12/2020,CHS,SC,ASO,ES,Combined TRACON& Tower with Radar,97,27,37,10,171,0,4,40,1,45,97,31,77,11,216,16,4,20,236
07/13/2020,CHS,SC,ASO,ES,Combined TRACON& Tower with Radar,94,39,37,8,178,0,6,30,2,38,94,45,67,10,216,2,2,4,220
07/14/2020,CHS,SC,ASO,ES,Combined TRACON& Tower with Radar,83,18,57,27,185,0,4,38,6,48,83,22,95,33,233,0,10,10,243
07/15/2020,CHS,SC,ASO,ES,Combined TRACON& Tower with Radar,81,37,44,48,210,0,1,36,6,43,81,38,80,54,253,0,6,6,259
07/16/2020,CHS,SC,ASO,ES,Combined TRACON& Tower with Radar,98,30,52,38,218,1,4,40,4,49,99,34,92,42,267,4,26,30,297
07/17/2020,CHS,SC,ASO,ES,Combined TRACON& Tower with Radar,101,14,48,19,182,0,3,51,5,59,101,17,99,24,241,4,14,18,259
07/18/2020,CHS,SC,ASO,ES,Combined TRACON& Tower with Radar,89,41,23,16,169,0,0,48,1,49,89,41,71,17,218,12,0,12,230
07/19/2020,CHS,SC,ASO,ES,Combined TRACON& Tower with Radar,98,20,38,4,160,0,4,26,0,30,98,24,64,4,190,0,2,2,192
07/20/2020,CHS,SC,ASO,ES,Combined TRACON& Tower with Radar,100,17,41,78,236,0,3,40,4,47,100,20,81,82,283,2,76,78,361
07/21/2020,CHS,SC,ASO,ES,Combined TRACON& Tower with Radar,86,30,29,30,175,0,6,37,2,45,86,36,66,32,220,2,0,2,222
07/22/2020,CHS,SC,ASO,ES,Combined TRACON& Tower with Radar,80,35,38,59,212,0,10,35,4,49,80,45,73,63,261,32,36,68,329
07/23/2020,CHS,SC,ASO,ES,Combined TRACON& Tower with Radar,100,18,50,51,219,0,1,40,3,44,100,19,90,54,263,16,44,60,323
07/24/2020,CHS,SC,ASO,ES,Combined TRACON& Tower with Radar,98,25,33,45,201,0,0,23,2,25,98,25,56,47,226,4,12,16,242
07/25/2020,CHS,SC,ASO,ES,Combined TRACON& Tower with Radar,97,28,36,15,176,0,2,20,0,22,97,30,56,15,198,6,12,18,216
07/26/2020,CHS,SC,ASO,ES,Combined TRACON& Tower with Radar,95,14,47,9,165,0,4,20,0,24,95,18,67,9,189,10,0,10,199
07/27/2020,CHS,SC,ASO,ES,Combined TRACON& Tower with Radar,92,17,34,54,197,0,3,34,0,37,92,20,68,54,234,0,0,0,234
07/28/2020,CHS,SC,ASO,ES,Combined TRACON& Tower with Radar,75,14,59,30,178,0,4,12,6,22,75,18,71,36,200,4,22,26,226
07/29/2020,CHS,SC,ASO,ES,Combined TRACON& Tower with Radar,77,19,47,38,181,0,1,20,3,24,77,20,67,41,205,10,40,50,255
07/30/2020,CHS,SC,ASO,ES,Combined TRACON& Tower with Radar,100,33,59,30,222,0,4,20,1,25,100,37,79,31,247,0,0,0,247
07/31/2020,CHS,SC,ASO,ES,Combined TRACON& Tower with Radar,100,25,60,37,222,0,8,31,2,41,100,33,91,39,263,2,22,24,287
08/01/2020,CHS,SC,ASO,ES,Combined TRACON& Tower with Radar,94,37,31,31,193,0,5,30,0,35,94,42,61,31,228,12,4,16,244
08/02/2020,CHS,SC,ASO,ES,Combined TRACON& Tower with Radar,104,26,46,0,176,0,5,22,1,28,104,31,68,1,204,6,0,6,210
08/03/2020,CHS,SC,ASO,ES,Combined TRACON& Tower with Radar,93,6,10,2,111,0,2,2,0,4,93,8,12,2,115,0,0,0,115
08/04/2020,CHS,SC,ASO,ES,Combined TRACON& Tower with Radar,70,17,48,30,165,0,2,34,4,40,70,19,82,34,205,4,2,6,211
08/05/2020,CHS,SC,ASO,ES,Combined TRACON& Tower with Radar,80,22,57,23,182,0,2,15,0,17,80,24,72,23,199,4,4,8,207
08/06/2020,CHS,SC,ASO,ES,Combined TRACON& Tower with Radar,102,14,45,24,185,0,0,15,0,15,102,14,60,24,200,4,4,8,208
08/07/2020,CHS,SC,ASO,ES,Combined TRACON& Tower with Radar,99,24,50,33,206,0,3,42,0,45,99,27,92,33,251,4,14,18,269
08/08/2020,CHS,SC,ASO,ES,Combined TRACON& Tower with Radar,96,29,37,6,168,0,1,22,0,23,96,30,59,6,191,0,0,0,191
08/09/2020,CHS,SC,ASO,ES,Combined TRACON& Tower with Radar,96,24,50,17,187,0,2,19,2,23,96,26,69,19,210,6,6,12,222
08/10/2020,CHS,SC,ASO,ES,Combined TRACON& Tower with Radar,97,24,19,47,187,0,0,55,6,61,97,24,74,53,248,8,30,38,286
08/11/2020,CHS,SC,ASO,ES,Combined TRACON& Tower with Radar,76,29,60,48,213,0,3,36,5,44,76,32,96,53,257,8,46,54,311
08/12/2020,CHS,SC,ASO,ES,Combined TRACON& Tower with Radar,74,13,55,44,186,0,0,32,4,36,74,13,87,48,222,4,44,48,270
08/13/2020,CHS,SC,ASO,ES,Combined TRACON& Tower with Radar,102,30,34,25,191,0,1,19,3,23,102,31,53,28,214,4,16,20,234
08/14/2020,CHS,SC,ASO,ES,Combined TRACON& Tower with Radar,103,20,56,41,220,0,4,22,2,28,103,24,78,43,248,6,24,30,278
08/15/2020,CHS,SC,ASO,ES,Combined TRACON& Tower with Radar,92,22,47,6,167,0,4,16,0,20,92,26,63,6,187,12,0,12,199
08/16/2020,CHS,SC,ASO,ES,Combined TRACON& Tower with Radar,92,28,44,5,169,0,7,12,0,19,92,35,56,5,188,2,0,2,190
08/17/2020,CHS,SC,ASO,ES,Combined TRACON& Tower with Radar,97,28,24,38,187,0,4,55,5,64,97,32,79,43,251,4,20,24,275
08/18/2020,CHS,SC,ASO,ES,Combined TRACON& Tower with Radar,71,26,40,48,185,0,2,21,1,24,71,28,61,49,209,12,28,40,249
08/19/2020,CHS,SC,ASO,ES,Combined TRACON& Tower with Radar,71,27,50,60,208,0,5,24,2,31,71,32,74,62,239,0,22,22,261
08/20/2020,CHS,SC,ASO,ES,Combined TRACON& Tower with Radar,102,30,53,100,285,0,0,26,0,26,102,30,79,100,311,4,24,28,339
08/21/2020,CHS,SC,ASO,ES,Combined TRACON& Tower with Radar,98,32,43,18,191,0,2,33,1,36,98,34,76,19,227,14,32,46,273
08/22/2020,CHS,SC,ASO,ES,Combined TRACON& Tower with Radar,88,22,33,9,152,0,2,45,0,47,88,24,78,9,199,12,0,12,211
08/23/2020,CHS,SC,ASO,ES,Combined TRACON& Tower with Radar,92,18,37,18,165,0,2,11,0,13,92,20,48,18,178,0,6,6,184
08/24/2020,CHS,SC,ASO,ES,Combined TRACON& Tower with Radar,90,14,47,23,174,0,0,5,0,5,90,14,52,23,179,0,0,0,179
08/25/2020,CHS,SC,ASO,ES,Combined TRACON& Tower with Radar,72,23,53,64,212,0,0,27,1,28,72,23,80,65,240,2,58,60,300
08/26/2020,CHS,SC,ASO,ES,Combined TRACON& Tower with Radar,74,31,37,59,201,0,2,35,0,37,74,33,72,59,238,8,44,52,290
08/27/2020,CHS,SC,ASO,ES,Combined TRACON& Tower with Radar,94,32,80,75,281,1,7,48,3,59,95,39,128,78,340,31,42,73,413
08/28/2020,CHS,SC,ASO,ES,Combined TRACON& Tower with Radar,91,40,59,63,253,0,2,20,2,24,91,42,79,65,277,2,52,54,331
08/29/2020,CHS,SC,ASO,ES,Combined TRACON& Tower with Radar,90,19,28,16,153,0,2,22,2,26,90,21,50,18,179,4,4,8,187
08/30/2020,CHS,SC,ASO,ES,Combined TRACON& Tower with Radar,93,20,46,5,164,0,4,14,0,18,93,24,60,5,182,6,0,6,188
08/31/2020,CHS,SC,ASO,ES,Combined TRACON& Tower with Radar,96,21,37,36,190,0,4,38,5,47,96,25,75,41,237,6,38,44,281
09/01/2020,CHS,SC,ASO,ES,Combined TRACON& Tower with Radar,69,21,59,40,189,0,4,55,0,59,69,25,114,40,248,10,18,28,276
09/02/2020,CHS,SC,ASO,ES,Combined TRACON& Tower with Radar,70,38,70,87,265,0,5,48,12,65,70,43,118,99,330,6,70,76,406
09/03/2020,CHS,SC,ASO,ES,Combined TRACON& Tower with Radar,96,28,51,23,198,0,3,42,3,48,96,31,93,26,246,8,18,26,272
09/04/2020,CHS,SC,ASO,ES,Combined TRACON& Tower with Radar,92,32,55,8,187,0,7,39,7,53,92,39,94,15,240,0,6,6,246
09/05/2020,CHS,SC,ASO,ES,Combined TRACON& Tower with Radar,75,20,33,8,136,0,2,47,3,52,75,22,80,11,188,2,0,2,190
09/06/2020,CHS,SC,ASO,ES,Combined TRACON& Tower with Radar,68,23,20,1,112,0,2,25,0,27,68,25,45,1,139,22,0,22,161
09/07/2020,CHS,SC,ASO,ES,Combined TRACON& Tower with Radar,90,24,57,9,180,0,0,34,0,34,90,24,91,9,214,3,0,3,217
09/08/2020,CHS,SC,ASO,ES,Combined TRACON& Tower with Radar,70,16,60,40,186,0,2,32,2,36,70,18,92,42,222,10,14,24,246
09/09/2020,CHS,SC,ASO,ES,Combined TRACON& Tower with Radar,71,24,40,31,166,0,4,6,3,13,71,28,46,34,179,18,18,36,215
09/10/2020,CHS,SC,ASO,ES,Combined TRACON& Tower with Radar,90,37,76,27,230,0,3,21,4,28,90,40,97,31,258,10,2,12,270
09/11/2020,CHS,SC,ASO,ES,Combined TRACON& Tower with Radar,88,31,81,27,227,0,0,17,0,17,88,31,98,27,244,12,4,16,260
09/12/2020,CHS,SC,ASO,ES,Combined TRACON& Tower with Radar,75,14,61,13,163,0,2,24,0,26,75,16,85,13,189,4,8,12,201
09/13/2020,CHS,SC,ASO,ES,Combined TRACON& Tower with Radar,84,23,50,31,188,0,0,22,6,28,84,23,72,37,216,18,20,38,254
09/14/2020,CHS,SC,ASO,ES,Combined TRACON& Tower with Radar,83,26,48,20,177,0,3,38,3,44,83,29,86,23,221,4,12,16,237
09/15/2020,CHS,SC,ASO,ES,Combined TRACON& Tower with Radar,61,23,47,34,165,0,4,30,3,37,61,27,77,37,202,4,18,22,224
09/16/2020,CHS,SC,ASO,ES,Combined TRACON& Tower with Radar,67,25,47,19,158,0,2,0,0,2,67,27,47,19,160,4,4,8,168
09/17/2020,CHS,SC,ASO,ES,Combined TRACON& Tower with Radar,86,26,45,31,188,0,0,5,0,5,86,26,50,31,193,2,10,12,205
09/18/2020,CHS,SC,ASO,ES,Combined TRACON& Tower with Radar,88,36,51,34,209,0,1,1,2,4,88,37,52,36,213,4,16,20,233
09/19/2020,CHS,SC,ASO,ES,Combined TRACON& Tower with Radar,80,23,32,14,149,0,1,31,0,32,80,24,63,14,181,0,0,0,181
09/20/2020,CHS,SC,ASO,ES,Combined TRACON& Tower with Radar,82,33,57,5,177,0,7,20,1,28,82,40,77,6,205,26,4,30,235
09/21/2020,CHS,SC,ASO,ES,Combined TRACON& Tower with Radar,88,34,37,33,192,0,6,50,4,60,88,40,87,37,252,8,38,46,298
09/22/2020,CHS,SC,ASO,ES,Combined TRACON& Tower with Radar,70,30,41,52,193,0,6,65,3,74,70,36,106,55,267,10,46,56,323
09/23/2020,CHS,SC,ASO,ES,Combined TRACON& Tower with Radar,76,40,58,40,214,0,7,66,1,74,76,47,124,41,288,4,10,14,302
09/24/2020,CHS,SC,ASO,ES,Combined TRACON& Tower with Radar,93,42,58,40,233,0,3,64,0,67,93,45,122,40,300,10,4,14,314
09/25/2020,CHS,SC,ASO,ES,Combined TRACON& Tower with Radar,86,32,73,22,213,0,1,7,0,8,86,33,80,22,221,2,0,2,223
09/26/2020,CHS,SC,ASO,ES,Combined TRACON& Tower with Radar,74,19,48,0,141,0,2,22,0,24,74,21,70,0,165,6,0,6,171
09/27/2020,CHS,SC,ASO,ES,Combined TRACON& Tower with Radar,82,28,64,3,177,0,1,32,0,33,82,29,96,3,210,2,0,2,212
09/28/2020,CHS,SC,ASO,ES,Combined TRACON& Tower with Radar,82,25,48,53,208,0,1,4,0,5,82,26,52,53,213,0,34,34,247
09/29/2020,CHS,SC,ASO,ES,Combined TRACON& Tower with Radar,69,36,40,36,181,0,0,3,0,3,69,36,43,36,184,4,10,14,198
09/30/2020,CHS,SC,ASO,ES,Combined TRACON& Tower with Radar,74,45,67,38,224,0,4,70,5,79,74,49,137,43,303,34,2,36,339
10/01/2020,CHS,SC,ASO,ES,Combined TRACON& Tower with Radar,97,28,60,44,229,0,2,72,2,76,97,30,132,46,305,6,22,28,333
10/02/2020,CHS,SC,ASO,ES,Combined TRACON& Tower with Radar,93,33,57,53,236,0,1,51,1,53,93,34,108,54,289,0,46,46,335
10/03/2020,CHS,SC,ASO,ES,Combined TRACON& Tower with Radar,79,10,44,42,175,0,6,46,3,55,79,16,90,45,230,8,22,30,260
10/04/2020,CHS,SC,ASO,ES,Combined TRACON& Tower with Radar,90,26,58,26,200,0,3,30,0,33,90,29,88,26,233,2,20,22,255
10/05/2020,CHS,SC,ASO,ES,Combined TRACON& Tower with Radar,88,38,51,40,217,0,3,33,8,44,88,41,84,48,261,4,58,62,323
10/06/2020,CHS,SC,ASO,ES,Combined TRACON& Tower with Radar,68,26,58,48,200,0,2,14,1,17,68,28,72,49,217,2,30,32,249
10/07/2020,CHS,SC,ASO,ES,Combined TRACON& Tower with Radar,66,29,73,44,212,0,1,29,11,41,66,30,102,55,253,2,18,20,273
10/08/2020,CHS,SC,ASO,ES,Combined TRACON& Tower with Radar,112,40,92,56,300,0,5,39,2,46,112,45,131,58,346,10,38,48,394
10/09/2020,CHS,SC,ASO,ES,Combined TRACON& Tower with Radar,104,53,79,24,260,0,6,21,2,29,104,59,100,26,289,8,12,20,309
10/10/2020,CHS,SC,ASO,ES,Combined TRACON& Tower with Radar,88,18,46,4,156,0,0,23,0,23,88,18,69,4,179,0,0,0,179
10/11/2020,CHS,SC,ASO,ES,Combined TRACON& Tower with Radar,112,36,58,6,212,0,1,7,0,8,112,37,65,6,220,18,0,18,238
10/12/2020,CHS,SC,ASO,ES,Combined TRACON& Tower with Radar,96,28,72,14,210,0,4,33,0,37,96,32,105,14,247,2,18,20,267
10/13/2020,CHS,SC,ASO,ES,Combined TRACON& Tower with Radar,72,40,72,42,226,0,6,36,1,43,72,46,108,43,269,12,24,36,305
10/14/2020,CHS,SC,ASO,ES,Combined TRACON& Tower with Radar,77,36,69,34,216,0,0,49,3,52,77,36,118,37,268,4,4,8,276
10/15/2020,CHS,SC,ASO,ES,Combined TRACON& Tower with Radar,109,51,82,47,289,0,3,35,6,44,109,54,117,53,333,18,18,36,369
10/16/2020,CHS,SC,ASO,ES,Combined TRACON& Tower with Radar,98,47,85,38,268,0,3,42,1,46,98,50,127,39,314,12,12,24,338
10/17/2020,CHS,SC,ASO,ES,Combined TRACON& Tower with Radar,81,25,43,28,177,0,8,51,2,61,81,33,94,30,238,8,24,32,270
10/18/2020,CHS,SC,ASO,ES,Combined TRACON& Tower with Radar,102,27,55,8,192,0,9,38,0,47,102,36,93,8,239,8,0,8,247
10/19/2020,CHS,SC,ASO,ES,Combined TRACON& Tower with Radar,90,42,65,33,230,0,8,48,2,58,90,50,113,35,288,8,15,23,311
10/20/2020,CHS,SC,ASO,ES,Combined TRACON& Tower with Radar,69,33,52,45,199,0,4,30,3,37,69,37,82,48,236,24,46,70,306
10/21/2020,CHS,SC,ASO,ES,Combined TRACON& Tower with Radar,70,34,74,40,218,0,2,13,0,15,70,36,87,40,233,4,4,8,241
10/22/2020,CHS,SC,ASO,ES,Combined TRACON& Tower with Radar,98,41,96,30,265,0,1,44,1,46,98,42,140,31,311,16,2,18,329
10/23/2020,CHS,SC,ASO,ES,Combined TRACON& Tower with Radar,94,44,70,35,243,0,3,36,1,40,94,47,106,36,283,4,2,6,289
10/24/2020,CHS,SC,ASO,ES,Combined TRACON& Tower with Radar,70,18,59,13,160,0,4,33,5,42,70,22,92,18,202,16,0,16,218
10/25/2020,CHS,SC,ASO,ES,Combined TRACON& Tower with Radar,92,37,78,7,214,0,4,9,1,14,92,41,87,8,228,0,0,0,228
10/26/2020,CHS,SC,ASO,ES,Combined TRACON& Tower with Radar,82,24,62,49,217,0,0,20,0,20,82,24,82,49,237,8,16,24,261
10/27/2020,CHS,SC,ASO,ES,Combined TRACON& Tower with Radar,57,40,72,59,228,0,3,44,3,50,57,43,116,62,278,0,52,52,330
10/28/2020,CHS,SC,ASO,ES,Combined TRACON& Tower with Radar,62,42,75,58,237,0,2,47,9,58,62,44,122,67,295,22,40,62,357
10/29/2020,CHS,SC,ASO,ES,Combined TRACON& Tower with Radar,89,38,60,41,228,0,0,3,1,4,89,38,63,42,232,0,0,0,232
10/30/2020,CHS,SC,ASO,ES,Combined TRACON& Tower with Radar,86,42,83,55,266,1,6,58,0,65,87,48,141,55,331,18,44,62,393
10/31/2020,CHS,SC,ASO,ES,Combined TRACON& Tower with Radar,53,19,48,10,130,0,3,30,0,33,53,22,78,10,163,8,10,18,181
11/01/2020,CHS,SC,ASO,ES,Combined TRACON& Tower with Radar,78,31,61,14,184,0,2,24,2,28,78,33,85,16,212,4,6,10,222
11/02/2020,CHS,SC,ASO,ES,Combined TRACON& Tower with Radar,75,38,60,35,208,0,7,36,4,47,75,45,96,39,255,8,16,24,279
11/03/2020,CHS,SC,ASO,ES,Combined TRACON& Tower with Radar,52,32,46,31,161,0,9,62,6,77,52,41,108,37,238,6,10,16,254
11/04/2020,CHS,SC,ASO,ES,Combined TRACON& Tower with Radar,59,36,63,60,218,0,4,70,5,79,59,40,133,65,297,6,32,38,335
11/05/2020,CHS,SC,ASO,ES,Combined TRACON& Tower with Radar,102,55,59,35,251,0,3,55,4,62,102,58,114,39,313,0,0,0,313
11/06/2020,CHS,SC,ASO,ES,Combined TRACON& Tower with Radar,92,48,67,16,223,0,1,24,0,25,92,49,91,16,248,4,4,8,256
11/07/2020,CHS,SC,ASO,ES,Combined TRACON& Tower with Radar,78,28,38,16,160,0,0,25,4,29,78,28,63,20,189,4,28,32,221
11/08/2020,CHS,SC,ASO,ES,Combined TRACON& Tower with Radar,114,47,62,12,235,0,3,9,1,13,114,50,71,13,248,0,0,0,248
11/09/2020,CHS,SC,ASO,ES,Combined TRACON& Tower with Radar,101,31,49,48,229,0,3,28,7,38,101,34,77,55,267,10,12,22,289
11/10/2020,CHS,SC,ASO,ES,Combined TRACON& Tower with Radar,64,37,46,34,181,0,3,18,5,26,64,40,64,39,207,0,28,28,235
11/11/2020,CHS,SC,ASO,ES,Combined TRACON& Tower with Radar,68,37,41,9,155,0,1,2,0,3,68,38,43,9,158,2,0,2,160
11/12/2020,CHS,SC,ASO,ES,Combined TRACON& Tower with Radar,106,50,43,47,246,0,0,0,0,0,106,50,43,47,246,0,4,4,250
11/13/2020,CHS,SC,ASO,ES,Combined TRACON& Tower with Radar,94,51,98,46,289,0,5,36,3,44,94,56,134,49,333,10,8,18,351
11/14/2020,CHS,SC,ASO,ES,Combined TRACON& Tower with Radar,83,22,47,3,155,0,5,66,1,72,83,27,113,4,227,10,2,12,239
11/15/2020,CHS,SC,ASO,ES,Combined TRACON& Tower with Radar,110,43,63,22,238,0,4,30,3,37,110,47,93,25,275,3,16,19,294
11/16/2020,CHS,SC,ASO,ES,Combined TRACON& Tower with Radar,92,49,47,53,241,0,2,44,0,46,92,51,91,53,287,14,50,64,351
11/17/2020,CHS,SC,ASO,ES,Combined TRACON& Tower with Radar,61,33,56,54,204,0,1,58,0,59,61,34,114,54,263,0,34,34,297
11/18/2020,CHS,SC,ASO,ES,Combined TRACON& Tower with Radar,62,34,54,29,179,0,4,41,3,48,62,38,95,32,227,10,12,22,249
11/19/2020,CHS,SC,ASO,ES,Combined TRACON& Tower with Radar,105,53,74,21,253,0,3,55,7,65,105,56,129,28,318,18,0,18,336
11/20/2020,CHS,SC,ASO,ES,Combined TRACON& Tower with Radar,97,68,82,26,273,0,7,57,2,66,97,75,139,28,339,30,4,34,373
11/21/2020,CHS,SC,ASO,ES,Combined TRACON& Tower with Radar,96,36,58,31,221,0,5,47,1,53,96,41,105,32,274,14,24,38,312
11/22/2020,CHS,SC,ASO,ES,Combined TRACON& Tower with Radar,107,46,65,14,232,0,1,33,0,34,107,47,98,14,266,8,0,8,274
11/23/2020,CHS,SC,ASO,ES,Combined TRACON& Tower with Radar,86,47,46,48,227,0,5,49,0,54,86,52,95,48,281,0,18,18,299
11/24/2020,CHS,SC,ASO,ES,Combined TRACON& Tower with Radar,108,47,46,22,223,0,4,43,5,52,108,51,89,27,275,26,6,32,307
11/25/2020,CHS,SC,ASO,ES,Combined TRACON& Tower with Radar,105,47,69,23,244,0,2,37,0,39,105,49,106,23,283,14,6,20,303
11/26/2020,CHS,SC,ASO,ES,Combined TRACON& Tower with Radar,48,7,5,0,60,0,7,2,0,9,48,14,7,0,69,0,0,0,69
11/27/2020,CHS,SC,ASO,ES,Combined TRACON& Tower with Radar,95,33,24,7,159,0,3,28,2,33,95,36,52,9,192,4,12,16,208
11/28/2020,CHS,SC,ASO,ES,Combined TRACON& Tower with Radar,109,48,44,1,202,0,2,17,0,19,109,50,61,1,221,4,0,4,225
11/29/2020,CHS,SC,ASO,ES,Combined TRACON& Tower with Radar,116,48,84,6,254,0,0,10,0,10,116,48,94,6,264,0,0,0,264
11/30/2020,CHS,SC,ASO,ES,Combined TRACON& Tower with Radar,108,43,23,12,186,0,1,5,0,6,108,44,28,12,192,0,0,0,192
12/01/2020,CHS,SC,ASO,ES,Combined TRACON& Tower with Radar,82,48,36,32,198,0,5,35,1,41,82,53,71,33,239,12,14,26,265
12/02/2020,CHS,SC,ASO,ES,Combined TRACON& Tower with Radar,65,48,67,45,225,0,7,48,1,56,65,55,115,46,281,8,12,20,301
12/03/2020,CHS,SC,ASO,ES,Combined TRACON& Tower with Radar,95,39,53,41,228,0,0,50,1,51,95,39,103,42,279,8,22,30,309
12/04/2020,CHS,SC,ASO,ES,Combined TRACON& Tower with Radar,94,64,68,39,265,0,2,39,5,46,94,66,107,44,311,8,42,50,361
12/05/2020,CHS,SC,ASO,ES,Combined TRACON& Tower with Radar,68,23,45,20,156,0,3,39,10,52,68,26,84,30,208,14,0,14,222
12/06/2020,CHS,SC,ASO,ES,Combined TRACON& Tower with Radar,90,32,36,20,178,0,3,45,7,55,90,35,81,27,233,0,0,0,233
12/07/2020,CHS,SC,ASO,ES,Combined TRACON& Tower with Radar,82,50,40,42,214,0,6,21,2,29,82,56,61,44,243,0,18,18,261
12/08/2020,CHS,SC,ASO,ES,Combined TRACON& Tower with Radar,60,47,53,43,203,0,7,50,5,62,60,54,103,48,265,10,36,46,311
12/09/2020,CHS,SC,ASO,ES,Combined TRACON& Tower with Radar,61,38,80,55,234,0,4,50,7,61,61,42,130,62,295,4,40,44,339
12/10/2020,CHS,SC,ASO,ES,Combined TRACON& Tower with Radar,90,44,70,38,242,0,3,53,3,59,90,47,123,41,301,6,12,18,319
12/11/2020,CHS,SC,ASO,ES,Combined TRACON& Tower with Radar,96,47,68,35,246,0,5,56,0,61,96,52,124,35,307,22,4,26,333
12/12/2020,CHS,SC,ASO,ES,Combined TRACON& Tower with Radar,68,31,38,18,155,0,3,41,5,49,68,34,79,23,204,12,8,20,224
12/13/2020,CHS,SC,ASO,ES,Combined TRACON& Tower with Radar,88,43,46,22,199,0,2,23,2,27,88,45,69,24,226,4,2,6,232
12/14/2020,CHS,SC,ASO,ES,Combined TRACON& Tower with Radar,86,57,37,21,201,0,3,2,1,6,86,60,39,22,207,2,8,10,217
12/15/2020,CHS,SC,ASO,ES,Combined TRACON& Tower with Radar,59,28,49,35,171,0,0,11,3,14,59,28,60,38,185,2,6,8,193
12/16/2020,CHS,SC,ASO,ES,Combined TRACON& Tower with Radar,67,30,39,25,161,0,0,0,0,0,67,30,39,25,161,0,0,0,161
12/17/2020,CHS,SC,ASO,ES,Combined TRACON& Tower with Radar,96,60,75,49,280,0,0,2,0,2,96,60,77,49,282,16,22,38,320
12/18/2020,CHS,SC,ASO,ES,Combined TRACON& Tower with Radar,101,68,94,24,287,0,3,64,10,77,101,71,158,34,364,14,12,26,390
12/19/2020,CHS,SC,ASO,ES,Combined TRACON& Tower with Radar,108,48,48,13,217,0,3,44,1,48,108,51,92,14,265,12,2,14,279
12/20/2020,CHS,SC,ASO,ES,Combined TRACON& Tower with Radar,96,37,29,13,175,0,1,0,0,1,96,38,29,13,176,4,0,4,180
12/21/2020,CHS,SC,ASO,ES,Combined TRACON& Tower with Radar,97,49,65,48,259,0,5,41,0,46,97,54,106,48,305,18,6,24,329
12/22/2020,CHS,SC,ASO,ES,Combined TRACON& Tower with Radar,108,47,57,43,255,0,12,56,7,75,108,59,113,50,330,12,36,48,378
12/23/2020,CHS,SC,ASO,ES,Combined TRACON& Tower with Radar,104,43,64,33,244,0,3,45,1,49,104,46,109,34,293,2,10,12,305
12/24/2020,CHS,SC,ASO,ES,Combined TRACON& Tower with Radar,69,16,12,2,99,0,2,2,0,4,69,18,14,2,103,4,6,10,113
12/25/2020,CHS,SC,ASO,ES,Combined TRACON& Tower with Radar,47,24,16,0,87,0,0,4,0,4,47,24,20,0,91,0,0,0,91
12/26/2020,CHS,SC,ASO,ES,Combined TRACON& Tower with Radar,104,42,55,1,202,0,6,22,0,28,104,48,77,1,230,12,0,12,242
12/27/2020,CHS,SC,ASO,ES,Combined TRACON& Tower with Radar,101,44,64,1,210,0,4,36,0,40,101,48,100,1,250,0,0,0,250
12/28/2020,CHS,SC,ASO,ES,Combined TRACON& Tower with Radar,102,31,53,17,203,0,6,34,0,40,102,37,87,17,243,0,18,18,261
12/29/2020,CHS,SC,ASO,ES,Combined TRACON& Tower with Radar,98,41,67,27,233,0,11,53,1,65,98,52,120,28,298,0,2,2,300
12/30/2020,CHS,SC,ASO,ES,Combined TRACON& Tower with Radar,105,34,73,12,224,0,0,9,0,9,105,34,82,12,233,6,0,6,239
12/31/2020,CHS,SC,ASO,ES,Combined TRACON& Tower with Radar,68,24,37,12,141,0,3,1,0,4,68,27,38,12,145,8,4,12,157
01/01/2021,CHS,SC,ASO,ES,Combined TRACON& Tower with Radar,66,36,16,10,128,0,1,4,0,5,66,37,20,10,133,0,0,0,133
01/02/2021,CHS,SC,ASO,ES,Combined TRACON& Tower with Radar,107,37,45,4,193,0,0,0,0,0,107,37,45,4,193,8,0,8,201
01/03/2021,CHS,SC,ASO,ES,Combined TRACON& Tower with Radar,103,59,73,13,248,0,3,44,1,48,103,62,117,14,296,8,0,8,304
01/04/2021,CHS,SC,ASO,ES,Combined TRACON& Tower with Radar,97,40,46,6,189,0,10,50,0,60,97,50,96,6,249,0,0,0,249
01/05/2021,CHS,SC,ASO,ES,Combined TRACON& Tower with Radar,56,26,34,34,150,0,8,47,2,57,56,34,81,36,207,0,16,16,223
01/06/2021,CHS,SC,ASO,ES,Combined TRACON& Tower with Radar,58,20,36,37,151,0,4,63,2,69,58,24,99,39,220,0,4,4,224
01/07/2021,CHS,SC,ASO,ES,Combined TRACON& Tower with Radar,88,24,46,27,185,0,2,46,2,50,88,26,92,29,235,2,20,22,257
01/08/2021,CHS,SC,ASO,ES,Combined TRACON& Tower with Radar,84,43,47,28,202,0,0,0,0,0,84,43,47,28,202,4,16,20,222
01/09/2021,CHS,SC,ASO,ES,Combined TRACON& Tower with Radar,62,16,43,12,133,0,2,34,0,36,62,18,77,12,169,0,0,0,169
01/10/2021,CHS,SC,ASO,ES,Combined TRACON& Tower with Radar,86,23,40,25,174,0,5,46,0,51,86,28,86,25,225,8,44,52,277
01/11/2021,CHS,SC,ASO,ES,Combined TRACON& Tower with Radar,82,39,36,42,199,0,0,25,1,26,82,39,61,43,225,2,20,22,247
01/12/2021,CHS,SC,ASO,ES,Combined TRACON& Tower with Radar,57,25,31,37,150,0,0,8,1,9,57,25,39,38,159,8,22,30,189
01/13/2021,CHS,SC,ASO,ES,Combined TRACON& Tower with Radar,54,29,66,59,208,0,2,19,3,24,54,31,85,62,232,2,26,28,260
01/14/2021,CHS,SC,ASO,ES,Combined TRACON& Tower with Radar,90,43,52,50,235,0,4,40,2,46,90,47,92,52,281,4,26,30,311
01/15/2021,CHS,SC,ASO,ES,Combined TRACON& Tower with Radar,90,38,50,53,231,0,2,13,10,25,90,40,63,63,256,4,48,52,308
01/16/2021,CHS,SC,ASO,ES,Combined TRACON& Tower with Radar,70,19,26,12,127,0,1,15,0,16,70,20,41,12,143,0,0,0,143
01/17/2021,CHS,SC,ASO,ES,Combined TRACON& Tower with Radar,77,28,50,18,173,0,3,46,0,49,77,31,96,18,222,10,0,10,232
01/18/2021,CHS,SC,ASO,ES,Combined TRACON& Tower with Radar,76,41,48,13,178,0,0,46,0,46,76,41,94,13,224,16,4,20,244
01/19/2021,CHS,SC,ASO,ES,Combined TRACON& Tower with Radar,58,25,42,46,171,0,2,55,2,59,58,27,97,48,230,8,10,18,248
01/20/2021,CHS,SC,ASO,ES,Combined TRACON& Tower with Radar,58,32,50,36,176,0,5,48,2,55,58,37,98,38,231,6,0,6,237
01/21/2021,CHS,SC,ASO,ES,Combined TRACON& Tower with Radar,87,32,60,39,218,0,5,34,0,39,87,37,94,39,257,23,8,31,288
01/22/2021,CHS,SC,ASO,ES,Combined TRACON& Tower with Radar,88,29,29,24,170,0,5,1,1,7,88,34,30,25,177,4,0,4,181
01/23/2021,CHS,SC,ASO,ES,Combined TRACON& Tower with Radar,63,23,35,20,141,0,4,50,5,59,63,27,85,25,200,2,26,28,228
01/24/2021,CHS,SC,ASO,ES,Combined TRACON& Tower with Radar,83,25,53,10,171,0,4,70,0,74,83,29,123,10,245,12,6,18,263
01/25/2021,CHS,SC,ASO,ES,Combined TRACON& Tower with Radar,81,41,44,42,208,0,0,25,0,25,81,41,69,42,233,8,64,72,305
01/26/2021,CHS,SC,ASO,ES,Combined TRACON& Tower with Radar,61,40,42,70,213,0,0,10,1,11,61,40,52,71,224,32,46,78,302
01/27/2021,CHS,SC,ASO,ES,Combined TRACON& Tower with Radar,54,32,54,42,182,0,1,3,0,4,54,33,57,42,186,0,0,0,186
01/28/2021,CHS,SC,ASO,ES,Combined TRACON& Tower with Radar,77,39,52,24,192,0,3,24,0,27,77,42,76,24,219,0,0,0,219
01/29/2021,CHS,SC,ASO,ES,Combined TRACON& Tower with Radar,89,45,61,20,215,0,4,70,4,78,89,49,131,24,293,6,8,14,307
01/30/2021,CHS,SC,ASO,ES,Combined TRACON& Tower with Radar,65,24,42,2,133,0,4,73,0,77,65,28,115,2,210,4,0,4,214
01/31/2021,CHS,SC,ASO,ES,Combined TRACON& Tower with Radar,76,17,27,13,133,0,1,4,2,7,76,18,31,15,140,0,0,0,140
02/01/2021,CHS,SC,ASO,ES,Combined TRACON& Tower with Radar,70,33,37,40,180,0,0,2,1,3,70,33,39,41,183,2,20,22,205
02/02/2021,CHS,SC,ASO,ES,Combined TRACON& Tower with Radar,57,22,36,55,170,0,2,28,5,35,57,24,64,60,205,10,56,66,271
02/03/2021,CHS,SC,ASO,ES,Combined TRACON& Tower with Radar,58,46,50,52,206,0,4,62,3,69,58,50,112,55,275,6,32,38,313
02/04/2021,CHS,SC,ASO,ES,Combined TRACON& Tower with Radar,84,46,75,81,286,0,2,57,1,60,84,48,132,82,346,0,20,20,366
02/05/2021,CHS,SC,ASO,ES,Combined TRACON& Tower with Radar,84,44,44,49,221,0,4,2,6,12,84,48,46,55,233,0,22,22,255
02/06/2021,CHS,SC,ASO,ES,Combined TRACON& Tower with Radar,67,36,38,23,164,0,0,12,0,12,67,36,50,23,176,0,12,12,188
02/07/2021,CHS,SC,ASO,ES,Combined TRACON& Tower with Radar,76,23,28,10,137,0,4,11,0,15,76,27,39,10,152,6,0,6,158
02/08/2021,CHS,SC,ASO,ES,Combined TRACON& Tower with Radar,81,36,54,53,224,0,8,64,0,72,81,44,118,53,296,32,24,56,352
02/09/2021,CHS,SC,ASO,ES,Combined TRACON& Tower with Radar,63,38,45,36,182,0,2,25,3,30,63,40,70,39,212,12,6,18,230
02/10/2021,CHS,SC,ASO,ES,Combined TRACON& Tower with Radar,57,38,73,40,208,0,0,11,0,11,57,38,84,40,219,8,16,24,243
02/11/2021,CHS,SC,ASO,ES,Combined TRACON& Tower with Radar,97,50,75,34,256,0,0,0,0,0,97,50,75,34,256,0,8,8,264
02/12/2021,CHS,SC,ASO,ES,Combined TRACON& Tower with Radar,97,76,71,21,265,0,0,0,0,0,97,76,71,21,265,2,0,2,267
02/13/2021,CHS,SC,ASO,ES,Combined TRACON& Tower with Radar,64,41,14,5,124,0,0,0,0,0,64,41,14,5,124,0,0,0,124
02/14/2021,CHS,SC,ASO,ES,Combined TRACON& Tower with Radar,76,33,37,9,155,0,0,0,0,0,76,33,37,9,155,0,0,0,155
02/15/2021,CHS,SC,ASO,ES,Combined TRACON& Tower with Radar,80,46,44,2,172,0,0,0,0,0,80,46,44,2,172,0,0,0,172
02/16/2021,CHS,SC,ASO,ES,Combined TRACON& Tower with Radar,48,34,60,40,182,0,7,45,13,65,48,41,105,53,247,2,2,4,251
02/17/2021,CHS,SC,ASO,ES,Combined TRACON& Tower with Radar,52,34,75,41,202,0,5,58,3,66,52,39,133,44,268,36,24,60,328
02/18/2021,CHS,SC,ASO,ES,Combined TRACON& Tower with Radar,81,39,28,26,174,0,0,0,1,1,81,39,28,27,175,0,0,0,175
02/19/2021,CHS,SC,ASO,ES,Combined TRACON& Tower with Radar,89,36,66,32,223,0,0,1,0,1,89,36,67,32,224,2,6,8,232
02/20/2021,CHS,SC,ASO,ES,Combined TRACON& Tower with Radar,66,32,49,26,173,0,4,74,5,83,66,36,123,31,256,14,6,20,276
02/21/2021,CHS,SC,ASO,ES,Combined TRACON& Tower with Radar,104,30,64,22,220,0,0,63,2,65,104,30,127,24,285,4,0,4,289
02/22/2021,CHS,SC,ASO,ES,Combined TRACON& Tower with Radar,94,41,47,46,228,0,2,22,1,25,94,43,69,47,253,8,28,36,289
02/23/2021,CHS,SC,ASO,ES,Combined TRACON& Tower with Radar,60,54,60,45,219,0,5,73,3,81,60,59,133,48,300,14,34,48,348
02/24/2021,CHS,SC,ASO,ES,Combined TRACON& Tower with Radar,60,49,64,56,229,0,6,59,2,67,60,55,123,58,296,6,24,30,326
02/25/2021,CHS,SC,ASO,ES,Combined TRACON& Tower with Radar,103,42,78,27,250,0,2,72,2,76,103,44,150,29,326,9,4,13,339
02/26/2021,CHS,SC,ASO,ES,Combined TRACON& Tower with Radar,99,57,55,54,265,0,3,52,18,73,99,60,107,72,338,4,22,26,364
02/27/2021,CHS,SC,ASO,ES,Combined TRACON& Tower with Radar,65,36,48,12,161,0,5,56,1,62,65,41,104,13,223,6,0,6,229
02/28/2021,CHS,SC,ASO,ES,Combined TRACON& Tower with Radar,102,33,58,41,234,0,6,24,4,34,102,39,82,45,268,10,0,10,278
03/01/2021,CHS,SC,ASO,ES,Combined TRACON& Tower with Radar,87,32,56,36,211,0,4,26,1,31,87,36,82,37,242,4,12,16,258
03/02/2021,CHS,SC,ASO,ES,Combined TRACON& Tower with Radar,67,44,60,65,236,0,3,30,2,35,67,47,90,67,271,8,54,62,333
03/03/2021,CHS,SC,ASO,ES,Combined TRACON& Tower with Radar,73,37,72,46,228,0,2,7,0,9,73,39,79,46,237,8,32,40,277
03/04/2021,CHS,SC,ASO,ES,Combined TRACON& Tower with Radar,118,63,78,47,306,0,6,67,7,80,118,69,145,54,386,0,6,6,392
03/05/2021,CHS,SC,ASO,ES,Combined TRACON& Tower with Radar,118,53,62,45,278,0,8,55,7,70,118,61,117,52,348,8,10,18,366
03/06/2021,CHS,SC,ASO,ES,Combined TRACON& Tower with Radar,98,53,67,19,237,0,3,29,3,35,98,56,96,22,272,10,16,26,298
03/07/2021,CHS,SC,ASO,ES,Combined TRACON& Tower with Radar,121,26,60,28,235,0,5,60,5,70,121,31,120,33,305,2,6,8,313
03/08/2021,CHS,SC,ASO,ES,Combined TRACON& Tower with Radar,110,51,73,46,280,0,4,55,1,60,110,55,128,47,340,14,62,76,416
03/09/2021,CHS,SC,ASO,ES,Combined TRACON& Tower with Radar,87,65,59,64,275,0,5,53,4,62,87,70,112,68,337,0,10,10,347
03/10/2021,CHS,SC,ASO,ES,Combined TRACON& Tower with Radar,91,47,58,37,233,0,5,38,3,46,91,52,96,40,279,14,22,36,315
03/11/2021,CHS,SC,ASO,ES,Combined TRACON& Tower with Radar,137,46,70,30,283,0,4,55,5,64,137,50,125,35,347,12,4,16,363
03/12/2021,CHS,SC,ASO,ES,Combined TRACON& Tower with Radar,124,42,80,52,298,0,2,63,12,77,124,44,143,64,375,16,40,56,431
03/13/2021,CHS,SC,ASO,ES,Combined TRACON& Tower with Radar,94,48,65,17,224,0,1,75,7,83,94,49,140,24,307,38,24,62,369
03/14/2021,CHS,SC,ASO,ES,Combined TRACON& Tower with Radar,119,30,66,18,233,0,2,58,2,62,119,32,124,20,295,4,2,6,301
03/15/2021,CHS,SC,ASO,ES,Combined TRACON& Tower with Radar,110,33,59,26,228,0,1,18,3,22,110,34,77,29,250,6,8,14,264
03/16/2021,CHS,SC,ASO,ES,Combined TRACON& Tower with Radar,90,51,72,72,285,0,2,10,0,12,90,53,82,72,297,10,50,60,357
03/17/2021,CHS,SC,ASO,ES,Combined TRACON& Tower with Radar,87,65,76,40,268,0,0,12,6,18,87,65,88,46,286,4,16,20,306
03/18/2021,CHS,SC,ASO,ES,Combined TRACON& Tower with Radar,129,43,45,23,240,0,1,3,0,4,129,44,48,23,244,0,8,8,252
03/19/2021,CHS,SC,ASO,ES,Combined TRACON& Tower with Radar,125,72,64,27,288,0,4,26,6,36,125,76,90,33,324,4,26,30,354
03/20/2021,CHS,SC,ASO,ES,Combined TRACON& Tower with Radar,105,52,61,23,241,0,5,21,1,27,105,57,82,24,268,2,0,2,270
03/21/2021,CHS,SC,ASO,ES,Combined TRACON& Tower with Radar,129,53,78,17,277,0,2,10,0,12,129,55,88,17,289,6,2,8,297
03/22/2021,CHS,SC,ASO,ES,Combined TRACON& Tower with Radar,121,50,54,33,258,0,4,39,4,47,121,54,93,37,305,2,14,16,321
03/23/2021,CHS,SC,ASO,ES,Combined TRACON& Tower with Radar,98,35,60,67,260,0,3,34,3,40,98,38,94,70,300,12,42,54,354
03/24/2021,CHS,SC,ASO,ES,Combined TRACON& Tower with Radar,94,52,66,64,276,0,11,48,3,62,94,63,114,67,338,0,12,12,350
03/25/2021,CHS,SC,ASO,ES,Combined TRACON& Tower with Radar,131,53,60,72,316,0,6,34,8,48,131,59,94,80,364,6,32,38,402
03/26/2021,CHS,SC,ASO,ES,Combined TRACON& Tower with Radar,132,68,66,61,327,0,3,23,4,30,132,71,89,65,357,2,28,30,387
03/27/2021,CHS,SC,ASO,ES,Combined TRACON& Tower with Radar,120,63,58,6,247,0,3,56,3,62,120,66,114,9,309,0,0,0,309
03/28/2021,CHS,SC,ASO,ES,Combined TRACON& Tower with Radar,120,45,70,8,243,0,6,16,1,23,120,51,86,9,266,0,0,0,266
03/29/2021,CHS,SC,ASO,ES,Combined TRACON& Tower with Radar,116,47,45,38,246,0,0,69,1,70,116,47,114,39,316,2,12,14,330
03/30/2021,CHS,SC,ASO,ES,Combined TRACON& Tower with Radar,107,55,88,32,282,0,1,48,4,53,107,56,136,36,335,20,8,28,363
03/31/2021,CHS,SC,ASO,ES,Combined TRACON& Tower with Radar,95,35,62,26,218,0,0,10,5,15,95,35,72,31,233,2,6,8,241
04/01/2021,CHS,SC,ASO,ES,Combined TRACON& Tower with Radar,136,45,78,49,308,0,2,20,2,24,136,47,98,51,332,0,32,32,364
04/02/2021,CHS,SC,ASO,ES,Combined TRACON& Tower with Radar,143,59,90,33,325,0,3,49,2,54,143,62,139,35,379,30,12,42,421
04/03/2021,CHS,SC,ASO,ES,Combined TRACON& Tower with Radar,123,50,58,9,240,0,3,75,0,78,123,53,133,9,318,4,0,4,322
04/04/2021,CHS,SC,ASO,ES,Combined TRACON& Tower with Radar,137,62,52,5,256,0,3,57,2,62,137,65,109,7,318,0,0,0,318
04/05/2021,CHS,SC,ASO,ES,Combined TRACON& Tower with Radar,134,85,75,23,317,0,3,62,5,70,134,88,137,28,387,2,0,2,389
04/06/2021,CHS,SC,ASO,ES,Combined TRACON& Tower with Radar,108,48,62,22,240,0,9,66,10,85,108,57,128,32,325,14,22,36,361
04/07/2021,CHS,SC,ASO,ES,Combined TRACON& Tower with Radar,107,43,45,36,231,0,0,62,9,71,107,43,107,45,302,0,34,34,336
04/08/2021,CHS,SC,ASO,ES,Combined TRACON& Tower with Radar,154,55,74,43,326,0,2,56,4,62,154,57,130,47,388,4,8,12,400
04/09/2021,CHS,SC,ASO,ES,Combined TRACON& Tower with Radar,142,49,85,35,311,0,5,49,8,62,142,54,134,43,373,10,26,36,409
04/10/2021,CHS,SC,ASO,ES,Combined TRACON& Tower with Radar,129,38,49,18,234,0,6,47,4,57,129,44,96,22,291,2,4,6,297
04/11/2021,CHS,SC,ASO,ES,Combined TRACON& Tower with Radar,136,45,98,25,304,0,5,35,10,50,136,50,133,35,354,0,8,8,362
04/12/2021,CHS,SC,ASO,ES,Combined TRACON& Tower with Radar,142,53,76,18,289,0,2,46,2,50,142,55,122,20,339,2,8,10,349
04/13/2021,CHS,SC,ASO,ES,Combined TRACON& Tower with Radar,106,47,64,34,251,0,5,54,4,63,106,52,118,38,314,2,24,26,340
04/14/2021,CHS,SC,ASO,ES,Combined TRACON& Tower with Radar,117,32,66,40,255,0,4,38,8,50,117,36,104,48,305,2,34,36,341
04/15/2021,CHS,SC,ASO,ES,Combined TRACON& Tower with Radar,148,47,80,32,307,0,3,24,4,31,148,50,104,36,338,14,12,26,364
04/16/2021,CHS,SC,ASO,ES,Combined TRACON& Tower with Radar,144,39,68,26,277,0,5,44,3,52,144,44,112,29,329,0,4,4,333
04/17/2021,CHS,SC,ASO,ES,Combined TRACON& Tower with Radar,134,44,59,22,259,0,3,40,5,48,134,47,99,27,307,10,16,26,333
04/18/2021,CHS,SC,ASO,ES,Combined TRACON& Tower with Radar,140,40,62,24,266,0,2,36,4,42,140,42,98,28,308,0,0,0,308
04/19/2021,CHS,SC,ASO,ES,Combined TRACON& Tower with Radar,132,40,52,44,268,0,8,44,3,55,132,48,96,47,323,0,12,12,335
04/20/2021,CHS,SC,ASO,ES,Combined TRACON& Tower with Radar,110,32,56,28,226,0,5,57,1,63,110,37,113,29,289,6,0,6,295
04/21/2021,CHS,SC,ASO,ES,Combined TRACON& Tower with Radar,107,45,95,43,290,0,9,30,5,44,107,54,125,48,334,4,4,8,342
04/22/2021,CHS,SC,ASO,ES,Combined TRACON& Tower with Radar,145,55,103,17,320,0,5,60,5,70,145,60,163,22,390,8,0,8,398
04/23/2021,CHS,SC,ASO,ES,Combined TRACON& Tower with Radar,149,60,85,51,345,0,4,60,8,72,149,64,145,59,417,8,10,18,435
04/24/2021,CHS,SC,ASO,ES,Combined TRACON& Tower with Radar,132,29,38,13,212,0,4,8,0,12,132,33,46,13,224,0,0,0,224
04/25/2021,CHS,SC,ASO,ES,Combined TRACON& Tower with Radar,138,46,120,22,326,0,2,36,1,39,138,48,156,23,365,30,10,40,405
04/26/2021,CHS,SC,ASO,ES,Combined TRACON& Tower with Radar,142,36,75,24,277,0,2,60,11,73,142,38,135,35,350,18,0,18,368
04/27/2021,CHS,SC,ASO,ES,Combined TRACON& Tower with Radar,115,42,67,28,252,0,7,59,6,72,115,49,126,34,324,4,10,14,338
04/28/2021,CHS,SC,ASO,ES,Combined TRACON& Tower with Radar,108,42,82,23,255,0,1,73,9,83,108,43,155,32,338,8,8,16,354
04/29/2021,CHS,SC,ASO,ES,Combined TRACON& Tower with Radar,143,52,89,16,300,0,3,57,3,63,143,55,146,19,363,14,0,14,377
04/30/2021,CHS,SC,ASO,ES,Combined TRACON& Tower with Radar,145,49,61,46,301,0,2,57,2,61,145,51,118,48,362,4,48,52,414
05/01/2021,CHS,SC,ASO,ES,Combined TRACON& Tower with Radar,122,42,49,21,234,0,2,66,3,71,122,44,115,24,305,12,18,30,335
05/02/2021,CHS,SC,ASO,ES,Combined TRACON& Tower with Radar,140,45,90,22,297,0,1,34,0,35,140,46,124,22,332,2,0,2,334
05/03/2021,CHS,SC,ASO,ES,Combined TRACON& Tower with Radar,123,32,51,31,237,0,5,37,3,45,123,37,88,34,282,4,24,28,310
05/04/2021,CHS,SC,ASO,ES,Combined TRACON& Tower with Radar,118,39,85,22,264,0,3,36,6,45,118,42,121,28,309,2,8,10,319
05/05/2021,CHS,SC,ASO,ES,Combined TRACON& Tower with Radar,108,46,82,29,265,0,3,21,4,28,108,49,103,33,293,0,12,12,305
05/06/2021,CHS,SC,ASO,ES,Combined TRACON& Tower with Radar,154,45,98,25,322,0,0,69,2,71,154,45,167,27,393,12,12,24,417
05/07/2021,CHS,SC,ASO,ES,Combined TRACON& Tower with Radar,151,70,94,23,338,0,4,55,3,62,151,74,149,26,400,2,6,8,408
05/08/2021,CHS,SC,ASO,ES,Combined TRACON& Tower with Radar,141,27,52,18,238,0,3,57,5,65,141,30,109,23,303,0,4,4,307
05/09/2021,CHS,SC,ASO,ES,Combined TRACON& Tower with Radar,153,31,76,15,275,0,2,31,0,33,153,33,107,15,308,4,0,4,312
05/10/2021,CHS,SC,ASO,ES,Combined TRACON& Tower with Radar,152,49,59,34,294,0,4,29,2,35,152,53,88,36,329,0,0,0,329
05/11/2021,CHS,SC,ASO,ES,Combined TRACON& Tower with Radar,123,26,65,25,239,0,6,49,1,56,123,32,114,26,295,6,4,10,305
05/12/2021,CHS,SC,ASO,ES,Combined TRACON& Tower with Radar,136,43,73,19,271,0,0,2,0,2,136,43,75,19,273,0,0,0,273
05/13/2021,CHS,SC,ASO,ES,Combined TRACON& Tower with Radar,157,64,72,29,322,0,6,44,1,51,157,70,116,30,373,2,2,4,377
05/14/2021,CHS,SC,ASO,ES,Combined TRACON& Tower with Radar,163,43,82,34,322,0,4,66,0,70,163,47,148,34,392,14,8,22,414
05/15/2021,CHS,SC,ASO,ES,Combined TRACON& Tower with Radar,147,38,49,7,241,0,6,63,0,69,147,44,112,7,310,6,0,6,316
05/16/2021,CHS,SC,ASO,ES,Combined TRACON& Tower with Radar,153,63,94,10,320,0,10,54,0,64,153,73,148,10,384,4,0,4,388
05/17/2021,CHS,SC,ASO,ES,Combined TRACON& Tower with Radar,152,35,92,43,322,0,1,57,0,58,152,36,149,43,380,8,20,28,408
05/18/2021,CHS,SC,ASO,ES,Combined TRACON& Tower with Radar,138,41,72,42,293,0,0,67,3,70,138,41,139,45,363,26,22,48,411
05/19/2021,CHS,SC,ASO,ES,Combined TRACON& Tower with Radar,129,52,114,54,349,0,2,54,6,62,129,54,168,60,411,0,32,32,443
05/20/2021,CHS,SC,ASO,ES,Combined TRACON& Tower with Radar,161,44,87,35,327,0,1,61,0,62,161,45,148,35,389,0,4,4,393
05/21/2021,CHS,SC,ASO,ES,Combined TRACON& Tower with Radar,156,52,93,44,345,0,0,67,7,74,156,52,160,51,419,6,30,36,455
05/22/2021,CHS,SC,ASO,ES,Combined TRACON& Tower with Radar,153,24,56,18,251,0,6,48,0,54,153,30,104,18,305,2,2,4,309
05/23/2021,CHS,SC,ASO,ES,Combined TRACON& Tower with Radar,156,56,89,8,309,0,7,56,2,65,156,63,145,10,374,14,6,20,394
05/24/2021,CHS,SC,ASO,ES,Combined TRACON& Tower with Radar,147,50,76,32,305,0,4,55,5,64,147,54,131,37,369,10,14,24,393
05/25/2021,CHS,SC,ASO,ES,Combined TRACON& Tower with Radar,132,36,70,24,262,0,3,58,10,71,132,39,128,34,333,2,6,8,341
05/26/2021,CHS,SC,ASO,ES,Combined TRACON& Tower with Radar,136,34,80,26,276,0,2,67,6,75,136,36,147,32,351,2,0,2,353
05/27/2021,CHS,SC,ASO,ES,Combined TRACON& Tower with Radar,166,47,90,31,334,0,6,59,5,70,166,53,149,36,404,0,4,4,408
05/28/2021,CHS,SC,ASO,ES,Combined TRACON& Tower with Radar,181,64,84,18,347,0,7,59,3,69,181,71,143,21,416,2,6,8,424
05/29/2021,CHS,SC,ASO,ES,Combined TRACON& Tower with Radar,155,19,50,8,232,0,5,41,0,46,155,24,91,8,278,0,0,0,278
05/30/2021,CHS,SC,ASO,ES,Combined TRACON& Tower with Radar,154,29,39,10,232,0,6,10,2,18,154,35,49,12,250,0,0,0,250
05/31/2021,CHS,SC,ASO,ES,Combined TRACON& Tower with Radar,167,56,86,2,311,0,4,59,0,63,167,60,145,2,374,2,0,2,376
06/01/2021,CHS,SC,ASO,ES,Combined TRACON& Tower with Radar,139,28,72,36,275,0,7,67,3,77,139,35,139,39,352,3,6,9,361
06/02/2021,CHS,SC,ASO,ES,Combined TRACON& Tower with Radar,158,44,85,35,322,0,3,22,2,27,158,47,107,37,349,2,4,6,355
06/03/2021,CHS,SC,ASO,ES,Combined TRACON& Tower with Radar,164,32,78,35,309,0,0,11,0,11,164,32,89,35,320,20,4,24,344
06/04/2021,CHS,SC,ASO,ES,Combined TRACON& Tower with Radar,193,54,81,23,351,0,1,13,0,14,193,55,94,23,365,8,6,14,379
06/05/2021,CHS,SC,ASO,ES,Combined TRACON& Tower with Radar,161,33,41,14,249,0,2,26,0,28,161,35,67,14,277,0,8,8,285
06/06/2021,CHS,SC,ASO,ES,Combined TRACON& Tower with Radar,183,35,74,14,306,0,4,8,0,12,183,39,82,14,318,0,0,0,318
06/07/2021,CHS,SC,ASO,ES,Combined TRACON& Tower with Radar,187,43,71,49,350,0,0,17,3,20,187,43,88,52,370,4,22,26,396
06/08/2021,CHS,SC,ASO,ES,Combined TRACON& Tower with Radar,156,34,72,24,286,0,0,49,0,49,156,34,121,24,335,6,2,8,343
06/09/2021,CHS,SC,ASO,ES,Combined TRACON& Tower with Radar,160,41,52,33,286,0,0,42,1,43,160,41,94,34,329,6,24,30,359
06/10/2021,CHS,SC,ASO,ES,Combined TRACON& Tower with Radar,174,39,86,25,324,0,0,54,1,55,174,39,140,26,379,10,16,26,405
06/11/2021,CHS,SC,ASO,ES,Combined TRACON& Tower with Radar,192,63,69,15,339,0,2,39,4,45,192,65,108,19,384,2,2,4,388
06/12/2021,CHS,SC,ASO,ES,Combined TRACON& Tower with Radar,178,29,46,5,258,0,2,12,0,14,178,31,58,5,272,6,0,6,278
06/13/2021,CHS,SC,ASO,ES,Combined TRACON& Tower with Radar,183,39,99,9,330,0,0,8,0,8,183,39,107,9,338,2,0,2,340
06/14/2021,CHS,SC,ASO,ES,Combined TRACON& Tower with Radar,184,40,52,34,310,0,1,53,0,54,184,41,105,34,364,8,10,18,382
06/15/2021,CHS,SC,ASO,ES,Combined TRACON& Tower with Radar,153,31,55,29,268,0,4,61,0,65,153,35,116,29,333,6,0,6,339
06/16/2021,CHS,SC,ASO,ES,Combined TRACON& Tower with Radar,164,44,72,47,327,0,7,56,1,64,164,51,128,48,391,24,32,56,447
06/17/2021,CHS,SC,ASO,ES,Combined TRACON& Tower with Radar,181,43,83,37,344,0,6,79,11,96,181,49,162,48,440,2,16,18,458
06/18/2021,CHS,SC,ASO,ES,Combined TRACON& Tower with Radar,195,43,79,21,338,0,5,76,5,86,195,48,155,26,424,14,26,40,464
06/19/2021,CHS,SC,ASO,ES,Combined TRACON& Tower with Radar,179,37,62,14,292,0,7,39,12,58,179,44,101,26,350,8,8,16,366
06/20/2021,CHS,SC,ASO,ES,Combined TRACON& Tower with Radar,184,33,52,14,283,0,0,7,0,7,184,33,59,14,290,2,0,2,292
06/21/2021,CHS,SC,ASO,ES,Combined TRACON& Tower with Radar,174,39,49,28,290,0,0,49,0,49,174,39,98,28,339,0,10,10,349
06/22/2021,CHS,SC,ASO,ES,Combined TRACON& Tower with Radar,160,35,59,70,324,0,4,13,1,18,160,39,72,71,342,4,28,32,374
06/23/2021,CHS,SC,ASO,ES,Combined TRACON& Tower with Radar,156,38,122,30,346,0,7,51,0,58,156,45,173,30,404,12,0,12,416
06/24/2021,CHS,SC,ASO,ES,Combined TRACON& Tower with Radar,182,39,75,34,330,0,2,66,2,70,182,41,141,36,400,4,0,4,404
06/25/2021,CHS,SC,ASO,ES,Combined TRACON& Tower with Radar,195,42,71,64,372,0,6,37,7,50,195,48,108,71,422,2,28,30,452
06/26/2021,CHS,SC,ASO,ES,Combined TRACON& Tower with Radar,169,28,62,37,296,0,1,7,4,12,169,29,69,41,308,0,0,0,308
06/27/2021,CHS,SC,ASO,ES,Combined TRACON& Tower with Radar,183,38,68,21,310,0,4,27,9,40,183,42,95,30,350,10,0,10,360
06/28/2021,CHS,SC,ASO,ES,Combined TRACON& Tower with Radar,183,41,67,27,318,0,0,9,0,9,183,41,76,27,327,0,0,0,327
06/29/2021,CHS,SC,ASO,ES,Combined TRACON& Tower with Radar,163,33,57,48,301,0,4,48,5,57,163,37,105,53,358,10,34,44,402
06/30/2021,CHS,SC,ASO,ES,Combined TRACON& Tower with Radar,162,46,53,64,325,0,3,42,2,47,162,49,95,66,372,0,0,0,372
07/01/2021,CHS,SC,ASO,ES,Combined TRACON& Tower with Radar,190,33,68,27,318,0,4,63,1,68,190,37,131,28,386,2,4,6,392
07/02/2021,CHS,SC,ASO,ES,Combined TRACON& Tower with Radar,204,46,69,25,344,0,5,12,0,17,204,51,81,25,361,2,18,20,381
07/03/2021,CHS,SC,ASO,ES,Combined TRACON& Tower with Radar,178,33,50,1,262,0,5,40,2,47,178,38,90,3,309,2,0,2,311
07/04/2021,CHS,SC,ASO,ES,Combined TRACON& Tower with Radar,169,17,19,6,211,0,3,36,2,41,169,20,55,8,252,0,0,0,252
07/05/2021,CHS,SC,ASO,ES,Combined TRACON& Tower with Radar,192,25,76,4,297,0,9,44,0,53,192,34,120,4,350,0,0,0,350
07/06/2021,CHS,SC,ASO,ES,Combined TRACON& Tower with Radar,151,30,64,27,272,0,2,41,3,46,151,32,105,30,318,2,10,12,330
07/07/2021,CHS,SC,ASO,ES,Combined TRACON& Tower with Radar,164,38,50,20,272,0,0,10,0,10,164,38,60,20,282,0,0,0,282
07/08/2021,CHS,SC,ASO,ES,Combined TRACON& Tower with Radar,202,43,26,8,279,0,0,6,6,12,202,43,32,14,291,1,8,9,300
07/09/2021,CHS,SC,ASO,ES,Combined TRACON& Tower with Radar,219,46,60,29,354,0,8,42,3,53,219,54,102,32,407,6,26,32,439
07/10/2021,CHS,SC,ASO,ES,Combined TRACON& Tower with Radar,181,40,51,16,288,0,4,34,3,41,181,44,85,19,329,12,6,18,347
07/11/2021,CHS,SC,ASO,ES,Combined TRACON& Tower with Radar,194,37,63,11,305,0,2,38,5,45,194,39,101,16,350,14,4,18,368
07/12/2021,CHS,SC,ASO,ES,Combined TRACON& Tower with Radar,192,37,62,40,331,0,0,37,0,37,192,37,99,40,368,2,20,22,390
07/13/2021,CHS,SC,ASO,ES,Combined TRACON& Tower with Radar,162,33,59,29,283,0,6,36,3,45,162,39,95,32,328,16,14,30,358
07/14/2021,CHS,SC,ASO,ES,Combined TRACON& Tower with Radar,161,37,68,28,294,0,3,58,4,65,161,40,126,32,359,0,6,6,365
07/15/2021,CHS,SC,ASO,ES,Combined TRACON& Tower with Radar,205,45,99,28,377,0,5,52,1,58,205,50,151,29,435,4,4,8,443
07/16/2021,CHS,SC,ASO,ES,Combined TRACON& Tower with Radar,208,42,65,34,349,0,5,38,4,47,208,47,103,38,396,2,14,16,412
07/17/2021,CHS,SC,ASO,ES,Combined TRACON& Tower with Radar,176,37,50,15,278,0,9,37,4,50,176,46,87,19,328,4,14,18,346
07/18/2021,CHS,SC,ASO,ES,Combined TRACON& Tower with Radar,201,36,80,17,334,0,6,33,0,39,201,42,113,17,373,8,0,8,381
07/19/2021,CHS,SC,ASO,ES,Combined TRACON& Tower with Radar,192,34,47,18,291,0,3,29,2,34,192,37,76,20,325,2,10,12,337
07/20/2021,CHS,SC,ASO,ES,Combined TRACON& Tower with Radar,162,31,71,27,291,0,3,6,3,12,162,34,77,30,303,0,2,2,305
07/21/2021,CHS,SC,ASO,ES,Combined TRACON& Tower with Radar,168,45,84,43,340,0,3,32,5,40,168,48,116,48,380,8,18,26,406
07/22/2021,CHS,SC,ASO,ES,Combined TRACON& Tower with Radar,198,42,69,34,343,0,8,43,3,54,198,50,112,37,397,0,0,0,397
07/23/2021,CHS,SC,ASO,ES,Combined TRACON& Tower with Radar,211,39,61,28,339,0,9,39,3,51,211,48,100,31,390,2,4,6,396
07/24/2021,CHS,SC,ASO,ES,Combined TRACON& Tower with Radar,175,38,55,17,285,0,4,51,5,60,175,42,106,22,345,4,12,16,361
07/25/2021,CHS,SC,ASO,ES,Combined TRACON& Tower with Radar,193,34,61,15,303,0,6,45,6,57,193,40,106,21,360,4,8,12,372
07/26/2021,CHS,SC,ASO,ES,Combined TRACON& Tower with Radar,207,37,52,28,324,0,4,26,3,33,207,41,78,31,357,0,4,4,361
07/27/2021,CHS,SC,ASO,ES,Combined TRACON& Tower with Radar,168,29,59,36,292,0,2,19,3,24,168,31,78,39,316,0,2,2,318
07/28/2021,CHS,SC,ASO,ES,Combined TRACON& Tower with Radar,163,43,86,35,327,0,2,15,12,29,163,45,101,47,356,0,10,10,366
07/29/2021,CHS,SC,ASO,ES,Combined TRACON& Tower with Radar,203,38,80,24,345,0,6,59,14,79,203,44,139,38,424,2,4,6,430
07/30/2021,CHS,SC,ASO,ES,Combined TRACON& Tower with Radar,210,37,83,22,352,0,4,57,17,78,210,41,140,39,430,13,20,33,463
07/31/2021,CHS,SC,ASO,ES,Combined TRACON& Tower with Radar,176,29,48,8,261,0,2,32,8,42,176,31,80,16,303,0,0,0,303
08/01/2021,CHS,SC,ASO,ES,Combined TRACON& Tower with Radar,196,33,56,6,291,0,5,34,6,45,196,38,90,12,336,10,12,22,358
08/02/2021,CHS,SC,ASO,ES,Combined TRACON& Tower with Radar,195,45,65,21,326,0,2,41,5,48,195,47,106,26,374,0,2,2,376
08/03/2021,CHS,SC,ASO,ES,Combined TRACON& Tower with Radar,156,31,72,18,277,0,0,14,2,16,156,31,86,20,293,10,2,12,305
08/04/2021,CHS,SC,ASO,ES,Combined TRACON& Tower with Radar,171,46,69,33,319,0,3,10,2,15,171,49,79,35,334,14,38,52,386
08/05/2021,CHS,SC,ASO,ES,Combined TRACON& Tower with Radar,204,46,85,22,357,0,2,10,1,13,204,48,95,23,370,0,0,0,370
08/06/2021,CHS,SC,ASO,ES,Combined TRACON& Tower with Radar,207,52,72,23,354,0,0,10,0,10,207,52,82,23,364,0,4,4,368
08/07/2021,CHS,SC,ASO,ES,Combined TRACON& Tower with Radar,185,34,41,28,288,0,0,19,0,19,185,34,60,28,307,8,10,18,325
08/08/2021,CHS,SC,ASO,ES,Combined TRACON& Tower with Radar,202,38,56,26,322,0,3,36,0,39,202,41,92,26,361,4,4,8,369
08/09/2021,CHS,SC,ASO,ES,Combined TRACON& Tower with Radar,187,38,64,39,328,0,4,61,3,68,187,42,125,42,396,12,14,26,422
08/10/2021,CHS,SC,ASO,ES,Combined TRACON& Tower with Radar,159,21,80,37,297,0,2,65,2,69,159,23,145,39,366,2,6,8,374
08/11/2021,CHS,SC,ASO,ES,Combined TRACON& Tower with Radar,157,51,55,61,324,0,7,68,5,80,157,58,123,66,404,0,28,28,432
08/12/2021,CHS,SC,ASO,ES,Combined TRACON& Tower with Radar,191,47,70,25,333,0,7,69,5,81,191,54,139,30,414,16,0,16,430
08/13/2021,CHS,SC,ASO,ES,Combined TRACON& Tower with Radar,201,40,65,10,316,0,7,71,5,83,201,47,136,15,399,4,0,4,403
08/14/2021,CHS,SC,ASO,ES,Combined TRACON& Tower with Radar,176,33,48,16,273,0,5,41,1,47,176,38,89,17,320,6,4,10,330
08/15/2021,CHS,SC,ASO,ES,Combined TRACON& Tower with Radar,196,45,52,28,321,0,4,18,0,22,196,49,70,28,343,0,0,0,343
08/16/2021,CHS,SC,ASO,ES,Combined TRACON& Tower with Radar,202,38,60,28,328,0,0,17,3,20,202,38,77,31,348,4,4,8,356
08/17/2021,CHS,SC,ASO,ES,Combined TRACON& Tower with Radar,162,24,53,26,265,0,0,3,1,4,162,24,56,27,269,2,8,10,279
08/18/2021,CHS,SC,ASO,ES,Combined TRACON& Tower with Radar,153,35,70,26,284,0,1,31,3,35,153,36,101,29,319,6,6,12,331
08/19/2021,CHS,SC,ASO,ES,Combined TRACON& Tower with Radar,192,33,62,15,302,0,2,50,0,52,192,35,112,15,354,6,4,10,364
08/20/2021,CHS,SC,ASO,ES,Combined TRACON& Tower with Radar,190,56,55,13,314,0,2,63,1,66,190,58,118,14,380,8,6,14,394
08/21/2021,CHS,SC,ASO,ES,Combined TRACON& Tower with Radar,162,38,61,21,282,0,0,28,0,28,162,38,89,21,310,2,0,2,312
08/22/2021,CHS,SC,ASO,ES,Combined TRACON& Tower with Radar,184,31,71,8,294,0,0,12,0,12,184,31,83,8,306,0,0,0,306
08/23/2021,CHS,SC,ASO,ES,Combined TRACON& Tower with Radar,179,27,67,23,296,0,2,42,0,44,179,29,109,23,340,2,14,16,356
08/24/2021,CHS,SC,ASO,ES,Combined TRACON& Tower with Radar,151,29,53,17,250,0,3,42,5,50,151,32,95,22,300,2,0,2,302
08/25/2021,CHS,SC,ASO,ES,Combined TRACON& Tower with Radar,148,39,65,17,269,0,5,45,5,55,148,44,110,22,324,2,4,6,330
08/26/2021,CHS,SC,ASO,ES,Combined TRACON& Tower with Radar,188,32,88,15,323,0,6,55,1,62,188,38,143,16,385,26,8,34,419
08/27/2021,CHS,SC,ASO,ES,Combined TRACON& Tower with Radar,186,29,61,23,299,0,2,37,8,47,186,31,98,31,346,2,0,2,348
08/28/2021,CHS,SC,ASO,ES,Combined TRACON& Tower with Radar,162,37,60,22,281,0,5,51,1,57,162,42,111,23,338,10,16,26,364
08/29/2021,CHS,SC,ASO,ES,Combined TRACON& Tower with Radar,185,26,49,6,266,0,4,34,0,38,185,30,83,6,304,2,0,2,306
08/30/2021,CHS,SC,ASO,ES,Combined TRACON& Tower with Radar,182,24,59,21,286,0,2,51,3,56,182,26,110,24,342,22,12,34,376
08/31/2021,CHS,SC,ASO,ES,Combined TRACON& Tower with Radar,151,20,53,35,259,0,0,32,1,33,151,20,85,36,292,8,20,28,320
09/01/2021,CHS,SC,ASO,ES,Combined TRACON& Tower with Radar,158,26,67,32,283,0,2,31,2,35,158,28,98,34,318,2,18,20,338
09/02/2021,CHS,SC,ASO,ES,Combined TRACON& Tower with Radar,193,29,71,31,324,0,6,44,1,51,193,35,115,32,375,2,10,12,387
09/03/2021,CHS,SC,ASO,ES,Combined TRACON& Tower with Radar,188,40,74,10,312,0,4,57,2,63,188,44,131,12,375,0,0,0,375
09/04/2021,CHS,SC,ASO,ES,Combined TRACON& Tower with Radar,151,17,41,13,222,0,9,35,1,45,151,26,76,14,267,2,12,14,281
09/05/2021,CHS,SC,ASO,ES,Combined TRACON& Tower with Radar,165,14,29,4,212,0,4,28,0,32,165,18,57,4,244,4,0,4,248
09/06/2021,CHS,SC,ASO,ES,Combined TRACON& Tower with Radar,172,23,80,5,280,0,4,44,2,50,172,27,124,7,330,0,0,0,330
09/07/2021,CHS,SC,ASO,ES,Combined TRACON& Tower with Radar,135,26,73,14,248,0,3,47,2,52,135,29,120,16,300,4,14,18,318
09/08/2021,CHS,SC,ASO,ES,Combined TRACON& Tower with Radar,130,34,61,23,248,0,0,45,3,48,130,34,106,26,296,0,0,0,296
09/09/2021,CHS,SC,ASO,ES,Combined TRACON& Tower with Radar,165,54,96,22,337,0,5,26,1,32,165,59,122,23,369,0,0,0,369
09/10/2021,CHS,SC,ASO,ES,Combined TRACON& Tower with Radar,169,50,77,31,327,0,4,66,11,81,169,54,143,42,408,11,32,43,451
09/11/2021,CHS,SC,ASO,ES,Combined TRACON& Tower with Radar,131,22,65,38,256,0,8,48,10,66,131,30,113,48,322,0,24,24,346
09/12/2021,CHS,SC,ASO,ES,Combined TRACON& Tower with Radar,167,33,70,10,280,0,4,27,2,33,167,37,97,12,313,0,0,0,313
09/13/2021,CHS,SC,ASO,ES,Combined TRACON& Tower with Radar,166,27,42,32,267,0,2,71,0,73,166,29,113,32,340,0,4,4,344
09/14/2021,CHS,SC,ASO,ES,Combined TRACON& Tower with Radar,126,28,66,36,256,0,7,53,1,61,126,35,119,37,317,0,16,16,333
09/15/2021,CHS,SC,ASO,ES,Combined TRACON& Tower with Radar,142,38,68,28,276,0,2,45,1,48,142,40,113,29,324,8,8,16,340
09/16/2021,CHS,SC,ASO,ES,Combined TRACON& Tower with Radar,180,38,64,37,319,0,3,19,3,25,180,41,83,40,344,10,10,20,364
09/17/2021,CHS,SC,ASO,ES,Combined TRACON& Tower with Radar,172,50,70,24,316,0,5,35,3,43,172,55,105,27,359,10,8,18,377
09/18/2021,CHS,SC,ASO,ES,Combined TRACON& Tower with Radar,135,24,50,31,240,0,6,29,4,39,135,30,79,35,279,8,8,16,295
09/19/2021,CHS,SC,ASO,ES,Combined TRACON& Tower with Radar,171,55,80,7,313,0,6,33,2,41,171,61,113,9,354,0,0,0,354
09/20/2021,CHS,SC,ASO,ES,Combined TRACON& Tower with Radar,170,45,75,15,305,0,2,3,0,5,170,47,78,15,310,2,2,4,314
09/21/2021,CHS,SC,ASO,ES,Combined TRACON& Tower with Radar,125,36,71,23,255,0,2,1,1,4,125,38,72,24,259,0,6,6,265
09/22/2021,CHS,SC,ASO,ES,Combined TRACON& Tower with Radar,136,34,63,19,252,0,0,27,0,27,136,34,90,19,279,2,0,2,281
09/23/2021,CHS,SC,ASO,ES,Combined TRACON& Tower with Radar,155,39,79,22,295,0,0,66,10,76,155,39,145,32,371,0,28,28,399
09/24/2021,CHS,SC,ASO,ES,Combined TRACON& Tower with Radar,175,49,93,13,330,0,2,70,0,72,175,51,163,13,402,8,0,8,410
09/25/2021,CHS,SC,ASO,ES,Combined TRACON& Tower with Radar,135,29,36,6,206,0,2,46,1,49,135,31,82,7,255,2,0,2,257
09/26/2021,CHS,SC,ASO,ES,Combined TRACON& Tower with Radar,171,46,74,6,297,0,8,54,0,62,171,54,128,6,359,4,0,4,363
09/27/2021,CHS,SC,ASO,ES,Combined TRACON& Tower with Radar,165,28,51,43,287,0,4,73,2,79,165,32,124,45,366,2,19,21,387
09/28/2021,CHS,SC,ASO,ES,Combined TRACON& Tower with Radar,132,35,60,11,238,0,7,41,3,51,132,42,101,14,289,2,12,14,303
09/29/2021,CHS,SC,ASO,ES,Combined TRACON& Tower with Radar,131,39,75,18,263,0,1,65,0,66,131,40,140,18,329,6,4,10,339
09/30/2021,CHS,SC,ASO,ES,Combined TRACON& Tower with Radar,174,41,75,24,314,0,6,70,4,80,174,47,145,28,394,0,0,0,394
10/01/2021,CHS,SC,ASO,ES,Combined TRACON& Tower with Radar,172,64,80,27,343,0,0,55,6,61,172,64,135,33,404,16,8,24,428
10/02/2021,CHS,SC,ASO,ES,Combined TRACON& Tower with Radar,131,41,45,24,241,0,4,38,6,48,131,45,83,30,289,6,20,26,315
10/03/2021,CHS,SC,ASO,ES,Combined TRACON& Tower with Radar,170,58,98,12,338,0,3,24,1,28,170,61,122,13,366,0,2,2,368
10/04/2021,CHS,SC,ASO,ES,Combined TRACON& Tower with Radar,168,38,85,24,315,0,2,49,3,54,168,40,134,27,369,25,0,25,394
10/05/2021,CHS,SC,ASO,ES,Combined TRACON& Tower with Radar,133,39,64,26,262,0,0,19,0,19,133,39,83,26,281,4,20,24,305
10/06/2021,CHS,SC,ASO,ES,Combined TRACON& Tower with Radar,147,35,71,35,288,0,1,20,0,21,147,36,91,35,309,2,0,2,311
10/07/2021,CHS,SC,ASO,ES,Combined TRACON& Tower with Radar,185,53,92,55,385,0,0,19,2,21,185,53,111,57,406,2,36,38,444
10/08/2021,CHS,SC,ASO,ES,Combined TRACON& Tower with Radar,175,45,75,10,305,0,5,1,2,8,175,50,76,12,313,0,0,0,313
10/09/2021,CHS,SC,ASO,ES,Combined TRACON& Tower with Radar,151,30,52,5,238,0,0,9,0,9,151,30,61,5,247,10,0,10,257
10/10/2021,CHS,SC,ASO,ES,Combined TRACON& Tower with Radar,169,24,76,5,274,0,2,20,0,22,169,26,96,5,296,2,0,2,298
10/11/2021,CHS,SC,ASO,ES,Combined TRACON& Tower with Radar,170,33,95,4,302,0,2,48,0,50,170,35,143,4,352,10,0,10,362
10/12/2021,CHS,SC,ASO,ES,Combined TRACON& Tower with Radar,152,27,56,26,261,0,3,54,3,60,152,30,110,29,321,4,12,16,337
10/13/2021,CHS,SC,ASO,ES,Combined TRACON& Tower with Radar,148,38,70,25,281,0,2,56,2,60,148,40,126,27,341,6,5,11,352
10/14/2021,CHS,SC,ASO,ES,Combined TRACON& Tower with Radar,187,63,102,17,369,0,6,65,1,72,187,69,167,18,441,8,12,20,461
10/15/2021,CHS,SC,ASO,ES,Combined TRACON& Tower with Radar,192,33,58,24,307,0,9,47,1,57,192,42,105,25,364,0,0,0,364
10/16/2021,CHS,SC,ASO,ES,Combined TRACON& Tower with Radar,148,39,47,20,254,0,6,54,2,62,148,45,101,22,316,4,0,4,320
10/17/2021,CHS,SC,ASO,ES,Combined TRACON& Tower with Radar,175,58,70,18,321,0,2,25,2,29,175,60,95,20,350,4,0,4,354
10/18/2021,CHS,SC,ASO,ES,Combined TRACON& Tower with Radar,184,46,61,14,305,0,4,53,6,63,184,50,114,20,368,3,12,15,383
10/19/2021,CHS,SC,ASO,ES,Combined TRACON& Tower with Radar,148,45,74,35,302,0,1,60,2,63,148,46,134,37,365,14,16,30,395
10/20/2021,CHS,SC,ASO,ES,Combined TRACON& Tower with Radar,152,53,111,50,366,0,1,71,10,82,152,54,182,60,448,10,40,50,498
10/21/2021,CHS,SC,ASO,ES,Combined TRACON& Tower with Radar,181,54,120,45,400,0,8,52,3,63,181,62,172,48,463,20,8,28,491
10/22/2021,CHS,SC,ASO,ES,Combined TRACON& Tower with Radar,195,63,111,41,410,0,12,51,5,68,195,75,162,46,478,22,28,50,528
10/23/2021,CHS,SC,ASO,ES,Combined TRACON& Tower with Radar,148,42,63,17,270,0,8,40,0,48,148,50,103,17,318,2,0,2,320
10/24/2021,CHS,SC,ASO,ES,Combined TRACON& Tower with Radar,178,43,82,25,328,0,12,45,0,57,178,55,127,25,385,12,0,12,397
10/25/2021,CHS,SC,ASO,ES,Combined TRACON& Tower with Radar,168,51,81,32,332,0,6,31,0,37,168,57,112,32,369,22,24,46,415
10/26/2021,CHS,SC,ASO,ES,Combined TRACON& Tower with Radar,152,47,79,43,321,0,12,42,9,63,152,59,121,52,384,37,36,73,457
10/27/2021,CHS,SC,ASO,ES,Combined TRACON& Tower with Radar,151,44,79,31,305,0,8,54,2,64,151,52,133,33,369,0,14,14,383
10/28/2021,CHS,SC,ASO,ES,Combined TRACON& Tower with Radar,184,49,62,26,321,0,5,20,3,28,184,54,82,29,349,0,0,0,349
10/29/2021,CHS,SC,ASO,ES,Combined TRACON& Tower with Radar,176,78,74,28,356,0,6,24,1,31,176,84,98,29,387,0,0,0,387
10/30/2021,CHS,SC,ASO,ES,Combined TRACON& Tower with Radar,141,39,43,5,228,0,1,24,3,28,141,40,67,8,256,2,10,12,268
10/31/2021,CHS,SC,ASO,ES,Combined TRACON& Tower with Radar,154,49,66,13,282,0,3,19,3,25,154,52,85,16,307,2,6,8,315
11/01/2021,CHS,SC,ASO,ES,Combined TRACON& Tower with Radar,169,59,55,19,302,0,8,34,0,42,169,67,89,19,344,8,8,16,360
11/02/2021,CHS,SC,ASO,ES,Combined TRACON& Tower with Radar,133,39,62,26,260,0,6,61,0,67,133,45,123,26,327,30,8,38,365
11/03/2021,CHS,SC,ASO,ES,Combined TRACON& Tower with Radar,144,52,68,27,291,0,9,41,2,52,144,61,109,29,343,40,8,48,391
11/04/2021,CHS,SC,ASO,ES,Combined TRACON& Tower with Radar,173,43,72,28,316,0,4,35,1,40,173,47,107,29,356,2,12,14,370
11/05/2021,CHS,SC,ASO,ES,Combined TRACON& Tower with Radar,175,59,91,39,364,0,6,29,0,35,175,65,120,39,399,4,10,14,413
11/06/2021,CHS,SC,ASO,ES,Combined TRACON& Tower with Radar,116,41,45,18,220,0,1,3,0,4,116,42,48,18,224,0,2,2,226
11/07/2021,CHS,SC,ASO,ES,Combined TRACON& Tower with Radar,157,63,70,15,305,0,5,8,1,14,157,68,78,16,319,0,4,4,323
11/08/2021,CHS,SC,ASO,ES,Combined TRACON& Tower with Radar,163,58,59,25,305,0,2,53,2,57,163,60,112,27,362,26,10,36,398
11/09/2021,CHS,SC,ASO,ES,Combined TRACON& Tower with Radar,129,50,83,21,283,0,7,62,5,74,129,57,145,26,357,8,0,8,365
11/10/2021,CHS,SC,ASO,ES,Combined TRACON& Tower with Radar,130,52,84,24,290,0,6,62,3,71,130,58,146,27,361,4,2,6,367
11/11/2021,CHS,SC,ASO,ES,Combined TRACON& Tower with Radar,169,49,77,12,307,0,3,39,6,48,169,52,116,18,355,7,18,25,380
11/12/2021,CHS,SC,ASO,ES,Combined TRACON& Tower with Radar,168,57,84,10,319,0,7,57,0,64,168,64,141,10,383,16,12,28,411
11/13/2021,CHS,SC,ASO,ES,Combined TRACON& Tower with Radar,107,38,41,12,198,0,6,35,1,42,107,44,76,13,240,2,8,10,250
11/14/2021,CHS,SC,ASO,ES,Combined TRACON& Tower with Radar,158,66,86,8,318,0,0,42,2,44,158,66,128,10,362,2,0,2,364
11/15/2021,CHS,SC,ASO,ES,Combined TRACON& Tower with Radar,163,40,60,30,293,0,2,32,4,38,163,42,92,34,331,0,2,2,333
11/16/2021,CHS,SC,ASO,ES,Combined TRACON& Tower with Radar,140,45,91,28,304,0,5,62,4,71,140,50,153,32,375,14,8,22,397
11/17/2021,CHS,SC,ASO,ES,Combined TRACON& Tower with Radar,130,47,79,40,296,0,3,63,5,71,130,50,142,45,367,6,10,16,383
11/18/2021,CHS,SC,ASO,ES,Combined TRACON& Tower with Radar,167,61,100,25,353,0,7,58,4,69,167,68,158,29,422,8,4,12,434
11/19/2021,CHS,SC,ASO,ES,Combined TRACON& Tower with Radar,169,70,127,25,391,0,4,44,2,50,169,74,171,27,441,14,6,20,461
11/20/2021,CHS,SC,ASO,ES,Combined TRACON& Tower with Radar,128,55,66,9,258,0,4,46,2,52,128,59,112,11,310,10,6,16,326
11/21/2021,CHS,SC,ASO,ES,Combined TRACON& Tower with Radar,168,56,87,11,322,0,5,47,2,54,168,61,134,13,376,6,2,8,384
11/22/2021,CHS,SC,ASO,ES,Combined TRACON& Tower with Radar,155,47,93,41,336,0,4,20,0,24,155,51,113,41,360,2,26,28,388
11/23/2021,CHS,SC,ASO,ES,Combined TRACON& Tower with Radar,173,60,77,26,336,0,9,39,1,49,173,69,116,27,385,0,6,6,391
11/24/2021,CHS,SC,ASO,ES,Combined TRACON& Tower with Radar,176,40,71,17,304,0,6,43,3,52,176,46,114,20,356,8,2,10,366
11/25/2021,CHS,SC,ASO,ES,Combined TRACON& Tower with Radar,88,14,12,0,114,0,0,9,2,11,88,14,21,2,125,0,0,0,125
11/26/2021,CHS,SC,ASO,ES,Combined TRACON& Tower with Radar,115,41,41,2,199,0,2,16,0,18,115,43,57,2,217,0,0,0,217
11/27/2021,CHS,SC,ASO,ES,Combined TRACON& Tower with Radar,144,49,53,4,250,0,2,29,0,31,144,51,82,4,281,16,0,16,297
11/28/2021,CHS,SC,ASO,ES,Combined TRACON& Tower with Radar,177,73,93,6,349,0,3,31,0,34,177,76,124,6,383,0,0,0,383
11/29/2021,CHS,SC,ASO,ES,Combined TRACON& Tower with Radar,174,51,66,11,302,0,4,38,1,43,174,55,104,12,345,8,4,12,357
11/30/2021,CHS,SC,ASO,ES,Combined TRACON& Tower with Radar,148,38,70,30,286,0,11,50,7,68,148,49,120,37,354,6,22,28,382
12/01/2021,CHS,SC,ASO,ES,Combined TRACON& Tower with Radar,136,41,76,55,308,0,3,53,6,62,136,44,129,61,370,12,42,54,424
12/02/2021,CHS,SC,ASO,ES,Combined TRACON& Tower with Radar,164,38,79,42,323,0,3,66,9,78,164,41,145,51,401,0,0,0,401
12/03/2021,CHS,SC,ASO,ES,Combined TRACON& Tower with Radar,159,51,78,25,313,0,14,64,1,79,159,65,142,26,392,8,6,14,406
12/04/2021,CHS,SC,ASO,ES,Combined TRACON& Tower with Radar,107,22,62,24,215,0,3,44,27,74,107,25,106,51,289,0,0,0,289
12/05/2021,CHS,SC,ASO,ES,Combined TRACON& Tower with Radar,147,52,62,19,280,0,2,29,0,31,147,54,91,19,311,8,22,30,341
12/06/2021,CHS,SC,ASO,ES,Combined TRACON& Tower with Radar,149,45,85,55,334,0,6,41,4,51,149,51,126,59,385,8,42,50,435
12/07/2021,CHS,SC,ASO,ES,Combined TRACON& Tower with Radar,124,52,86,27,289,0,8,20,0,28,124,60,106,27,317,12,24,36,353
12/08/2021,CHS,SC,ASO,ES,Combined TRACON& Tower with Radar,136,65,64,20,285,0,2,0,0,2,136,67,64,20,287,0,0,0,287
12/09/2021,CHS,SC,ASO,ES,Combined TRACON& Tower with Radar,179,52,82,32,345,0,1,41,1,43,179,53,123,33,388,46,20,66,454
12/10/2021,CHS,SC,ASO,ES,Combined TRACON& Tower with Radar,161,55,86,18,320,0,2,42,4,48,161,57,128,22,368,10,12,22,390
12/11/2021,CHS,SC,ASO,ES,Combined TRACON& Tower with Radar,97,45,27,7,176,0,5,34,1,40,97,50,61,8,216,5,2,7,223
12/12/2021,CHS,SC,ASO,ES,Combined TRACON& Tower with Radar,148,60,66,10,284,0,2,30,2,34,148,62,96,12,318,4,10,14,332
12/13/2021,CHS,SC,ASO,ES,Combined TRACON& Tower with Radar,151,41,71,27,290,0,7,64,4,75,151,48,135,31,365,18,16,34,399
12/14/2021,CHS,SC,ASO,ES,Combined TRACON& Tower with Radar,114,37,71,22,244,0,9,43,2,54,114,46,114,24,298,4,10,14,312
12/15/2021,CHS,SC,ASO,ES,Combined TRACON& Tower with Radar,129,50,84,55,318,0,8,41,4,53,129,58,125,59,371,10,36,46,417
12/16/2021,CHS,SC,ASO,ES,Combined TRACON& Tower with Radar,162,55,111,35,363,0,8,52,2,62,162,63,163,37,425,4,36,40,465
12/17/2021,CHS,SC,ASO,ES,Combined TRACON& Tower with Radar,162,46,75,22,305,0,6,42,1,49,162,52,117,23,354,14,14,28,382
12/18/2021,CHS,SC,ASO,ES,Combined TRACON& Tower with Radar,111,36,65,10,222,0,2,40,0,42,111,38,105,10,264,17,8,25,289
12/19/2021,CHS,SC,ASO,ES,Combined TRACON& Tower with Radar,160,40,71,9,280,0,0,1,0,1,160,40,72,9,281,18,0,18,299
12/20/2021,CHS,SC,ASO,ES,Combined TRACON& Tower with Radar,163,56,82,23,324,0,6,29,5,40,163,62,111,28,364,20,6,26,390
12/21/2021,CHS,SC,ASO,ES,Combined TRACON& Tower with Radar,151,19,44,33,247,0,0,0,0,0,151,19,44,33,247,2,9,11,258
12/22/2021,CHS,SC,ASO,ES,Combined TRACON& Tower with Radar,160,34,60,39,293,0,5,37,4,46,160,39,97,43,339,0,26,26,365
12/23/2021,CHS,SC,ASO,ES,Combined TRACON& Tower with Radar,161,31,56,8,256,0,7,43,1,51,161,38,99,9,307,12,6,18,325
12/24/2021,CHS,SC,ASO,ES,Combined TRACON& Tower with Radar,110,30,24,5,169,0,8,29,1,38,110,38,53,6,207,10,0,10,217
12/25/2021,CHS,SC,ASO,ES,Combined TRACON& Tower with Radar,85,44,11,1,141,0,4,9,1,14,85,48,20,2,155,5,0,5,160
12/26/2021,CHS,SC,ASO,ES,Combined TRACON& Tower with Radar,154,44,49,2,249,0,4,26,0,30,154,48,75,2,279,2,0,2,281
12/27/2021,CHS,SC,ASO,ES,Combined TRACON& Tower with Radar,162,52,48,0,262,0,3,19,0,22,162,55,67,0,284,18,0,18,302
12/28/2021,CHS,SC,ASO,ES,Combined TRACON& Tower with Radar,151,35,63,9,258,0,5,13,1,19,151,40,76,10,277,34,4,38,315
12/29/2021,CHS,SC,ASO,ES,Combined TRACON& Tower with Radar,152,47,83,37,319,0,3,38,1,42,152,50,121,38,361,6,37,43,404
12/30/2021,CHS,SC,ASO,ES,Combined TRACON& Tower with Radar,161,30,52,15,258,0,2,4,0,6,161,32,56,15,264,0,4,4,268
12/31/2021,CHS,SC,ASO,ES,Combined TRACON& Tower with Radar,105,39,40,2,186,0,6,25,0,31,105,45,65,2,217,10,0,10,227
01/01/2022,CHS,SC,ASO,ES,Combined TRACON& Tower with Radar,99,32,39,1,171,0,1,11,0,12,99,33,50,1,183,1,0,1,184
01/02/2022,CHS,SC,ASO,ES,Combined TRACON& Tower with Radar,129,32,50,1,212,0,0,3,0,3,129,32,53,1,215,2,0,2,217
01/03/2022,CHS,SC,ASO,ES,Combined TRACON& Tower with Radar,127,30,43,3,203,0,5,6,0,11,127,35,49,3,214,4,0,4,218
01/04/2022,CHS,SC,ASO,ES,Combined TRACON& Tower with Radar,111,36,36,14,197,0,4,49,0,53,111,40,85,14,250,2,2,4,254
01/05/2022,CHS,SC,ASO,ES,Combined TRACON& Tower with Radar,113,45,69,64,291,0,4,24,1,29,113,49,93,65,320,0,42,42,362
01/06/2022,CHS,SC,ASO,ES,Combined TRACON& Tower with Radar,142,48,47,39,276,0,4,71,0,75,142,52,118,39,351,16,26,42,393
01/07/2022,CHS,SC,ASO,ES,Combined TRACON& Tower with Radar,124,29,60,20,233,0,8,56,2,66,124,37,116,22,299,24,19,43,342
01/08/2022,CHS,SC,ASO,ES,Combined TRACON& Tower with Radar,97,25,42,5,169,0,5,57,1,63,97,30,99,6,232,6,0,6,238
01/09/2022,CHS,SC,ASO,ES,Combined TRACON& Tower with Radar,127,41,55,7,230,0,4,28,1,33,127,45,83,8,263,6,0,6,269
01/10/2022,CHS,SC,ASO,ES,Combined TRACON& Tower with Radar,140,24,52,34,250,0,5,36,3,44,140,29,88,37,294,6,24,30,324
01/11/2022,CHS,SC,ASO,ES,Combined TRACON& Tower with Radar,116,27,58,68,269,0,7,56,2,65,116,34,114,70,334,16,88,104,438
01/12/2022,CHS,SC,ASO,ES,Combined TRACON& Tower with Radar,124,38,59,48,269,0,6,64,5,75,124,44,123,53,344,15,38,53,397
01/13/2022,CHS,SC,ASO,ES,Combined TRACON& Tower with Radar,152,43,76,26,297,0,8,61,2,71,152,51,137,28,368,0,0,0,368
01/14/2022,CHS,SC,ASO,ES,Combined TRACON& Tower with Radar,156,44,65,32,297,0,6,51,0,57,156,50,116,32,354,6,18,24,378
01/15/2022,CHS,SC,ASO,ES,Combined TRACON& Tower with Radar,99,27,46,14,186,0,3,47,1,51,99,30,93,15,237,10,0,10,247
01/16/2022,CHS,SC,ASO,ES,Combined TRACON& Tower with Radar,102,12,27,4,145,0,0,0,0,0,102,12,27,4,145,0,0,0,145
01/17/2022,CHS,SC,ASO,ES,Combined TRACON& Tower with Radar,141,35,50,3,229,0,5,9,0,14,141,40,59,3,243,2,0,2,245
01/18/2022,CHS,SC,ASO,ES,Combined TRACON& Tower with Radar,121,36,70,43,270,0,7,56,1,64,121,43,126,44,334,0,20,20,354
01/19/2022,CHS,SC,ASO,ES,Combined TRACON& Tower with Radar,118,31,82,38,269,0,8,63,5,76,118,39,145,43,345,6,10,16,361
01/20/2022,CHS,SC,ASO,ES,Combined TRACON& Tower with Radar,144,31,72,47,294,0,5,40,2,47,144,36,112,49,341,4,32,36,377
01/21/2022,CHS,SC,ASO,ES,Combined TRACON& Tower with Radar,92,27,49,19,187,0,0,0,0,0,92,27,49,19,187,0,8,8,195
01/22/2022,CHS,SC,ASO,ES,Combined TRACON& Tower with Radar,92,17,31,14,154,0,0,1,1,2,92,17,32,15,156,0,6,6,162
01/23/2022,CHS,SC,ASO,ES,Combined TRACON& Tower with Radar,134,37,67,16,254,0,7,48,3,58,134,44,115,19,312,2,6,8,320
01/24/2022,CHS,SC,ASO,ES,Combined TRACON& Tower with Radar,151,25,53,45,274,0,3,54,6,63,151,28,107,51,337,2,18,20,357
01/25/2022,CHS,SC,ASO,ES,Combined TRACON& Tower with Radar,119,26,59,39,243,0,8,30,5,43,119,34,89,44,286,2,6,8,294
01/26/2022,CHS,SC,ASO,ES,Combined TRACON& Tower with Radar,120,36,79,36,271,0,4,47,2,53,120,40,126,38,324,2,18,20,344
01/27/2022,CHS,SC,ASO,ES,Combined TRACON& Tower with Radar,151,27,75,45,298,0,4,52,4,60,151,31,127,49,358,4,26,30,388
01/28/2022,CHS,SC,ASO,ES,Combined TRACON& Tower with Radar,154,35,67,18,274,0,4,39,2,45,154,39,106,20,319,8,4,12,331
01/29/2022,CHS,SC,ASO,ES,Combined TRACON& Tower with Radar,70,13,35,9,127,0,4,20,1,25,70,17,55,10,152,0,0,0,152
01/30/2022,CHS,SC,ASO,ES,Combined TRACON& Tower with Radar,116,32,67,12,227,0,2,54,1,57,116,34,121,13,284,3,0,3,287
01/31/2022,CHS,SC,ASO,ES,Combined TRACON& Tower with Radar,142,32,60,27,261,0,0,62,0,62,142,32,122,27,323,4,8,12,335
02/01/2022,CHS,SC,ASO,ES,Combined TRACON& Tower with Radar,117,38,65,26,246,0,5,51,0,56,117,43,116,26,302,18,8,26,328
02/02/2022,CHS,SC,ASO,ES,Combined TRACON& Tower with Radar,123,30,74,29,256,0,2,58,4,64,123,32,132,33,320,0,4,4,324
02/03/2022,CHS,SC,ASO,ES,Combined TRACON& Tower with Radar,139,33,65,50,287,0,4,37,8,49,139,37,102,58,336,4,50,54,390
02/04/2022,CHS,SC,ASO,ES,Combined TRACON& Tower with Radar,102,38,56,24,220,0,2,6,7,15,102,40,62,31,235,0,26,26,261
02/05/2022,CHS,SC,ASO,ES,Combined TRACON& Tower with Radar,95,31,44,4,174,0,4,82,12,98,95,35,126,16,272,24,18,42,314
02/06/2022,CHS,SC,ASO,ES,Combined TRACON& Tower with Radar,134,39,60,10,243,0,0,15,7,22,134,39,75,17,265,0,2,2,267
02/07/2022,CHS,SC,ASO,ES,Combined TRACON& Tower with Radar,152,40,59,24,275,0,0,0,0,0,152,40,59,24,275,0,14,14,289
02/08/2022,CHS,SC,ASO,ES,Combined TRACON& Tower with Radar,116,27,106,37,286,0,2,5,12,19,116,29,111,49,305,8,24,32,337
02/09/2022,CHS,SC,ASO,ES,Combined TRACON& Tower with Radar,125,35,83,31,274,0,4,74,15,93,125,39,157,46,367,4,24,28,395
02/10/2022,CHS,SC,ASO,ES,Combined TRACON& Tower with Radar,147,51,107,43,348,0,5,74,20,99,147,56,181,63,447,2,35,37,484
02/11/2022,CHS,SC,ASO,ES,Combined TRACON& Tower with Radar,150,54,95,22,321,0,8,61,11,80,150,62,156,33,401,0,0,0,401
02/12/2022,CHS,SC,ASO,ES,Combined TRACON& Tower with Radar,103,43,40,11,197,0,8,55,6,69,103,51,95,17,266,2,8,10,276
02/13/2022,CHS,SC,ASO,ES,Combined TRACON& Tower with Radar,126,39,73,3,241,0,3,26,5,34,126,42,99,8,275,14,0,14,289
02/14/2022,CHS,SC,ASO,ES,Combined TRACON& Tower with Radar,151,25,72,19,267,0,7,48,3,58,151,32,120,22,325,46,8,54,379
02/15/2022,CHS,SC,ASO,ES,Combined TRACON& Tower with Radar,133,35,72,28,268,0,7,53,7,67,133,42,125,35,335,8,0,8,343
02/16/2022,CHS,SC,ASO,ES,Combined TRACON& Tower with Radar,138,55,69,23,285,0,5,23,0,28,138,60,92,23,313,0,0,0,313
02/17/2022,CHS,SC,ASO,ES,Combined TRACON& Tower with Radar,156,59,118,42,375,0,7,24,3,34,156,66,142,45,409,4,12,16,425
02/18/2022,CHS,SC,ASO,ES,Combined TRACON& Tower with Radar,159,63,86,33,341,0,2,28,0,30,159,65,114,33,371,3,12,15,386
02/19/2022,CHS,SC,ASO,ES,Combined TRACON& Tower with Radar,112,36,57,13,218,0,9,83,36,128,112,45,140,49,346,41,2,43,389
02/20/2022,CHS,SC,ASO,ES,Combined TRACON& Tower with Radar,136,33,91,12,272,0,6,46,3,55,136,39,137,15,327,20,10,30,357
02/21/2022,CHS,SC,ASO,ES,Combined TRACON& Tower with Radar,155,39,91,14,299,0,4,62,0,66,155,43,153,14,365,14,2,16,381
02/22/2022,CHS,SC,ASO,ES,Combined TRACON& Tower with Radar,132,44,92,39,307,0,4,39,1,44,132,48,131,40,351,8,20,28,379
02/23/2022,CHS,SC,ASO,ES,Combined TRACON& Tower with Radar,141,46,77,36,300,0,8,66,2,76,141,54,143,38,376,8,22,30,406
02/24/2022,CHS,SC,ASO,ES,Combined TRACON& Tower with Radar,149,63,97,43,352,0,7,61,3,71,149,70,158,46,423,4,14,18,441
02/25/2022,CHS,SC,ASO,ES,Combined TRACON& Tower with Radar,147,60,69,33,309,0,10,49,4,63,147,70,118,37,372,18,20,38,410
02/26/2022,CHS,SC,ASO,ES,Combined TRACON& Tower with Radar,118,26,49,13,206,0,2,45,1,48,118,28,94,14,254,0,4,4,258
02/27/2022,CHS,SC,ASO,ES,Combined TRACON& Tower with Radar,148,39,76,17,280,0,2,1,0,3,148,41,77,17,283,0,0,0,283
02/28/2022,CHS,SC,ASO,ES,Combined TRACON& Tower with Radar,157,40,51,36,284,0,3,55,3,61,157,43,106,39,345,2,20,22,367
03/01/2022,CHS,SC,ASO,ES,Combined TRACON& Tower with Radar,134,34,61,31,260,0,4,71,3,78,134,38,132,34,338,18,12,30,368
03/02/2022,CHS,SC,ASO,ES,Combined TRACON& Tower with Radar,149,45,75,28,297,0,6,56,8,70,149,51,131,36,367,10,6,16,383
03/03/2022,CHS,SC,ASO,ES,Combined TRACON& Tower with Radar,167,49,79,33,328,0,9,58,6,73,167,58,137,39,401,2,43,45,446
03/04/2022,CHS,SC,ASO,ES,Combined TRACON& Tower with Radar,149,48,68,14,279,0,5,37,2,44,149,53,105,16,323,6,4,10,333
03/05/2022,CHS,SC,ASO,ES,Combined TRACON& Tower with Radar,125,36,59,7,227,0,1,35,0,36,125,37,94,7,263,0,0,0,263
03/06/2022,CHS,SC,ASO,ES,Combined TRACON& Tower with Radar,145,43,90,6,284,0,13,46,2,61,145,56,136,8,345,24,0,24,369
03/07/2022,CHS,SC,ASO,ES,Combined TRACON& Tower with Radar,141,33,62,26,262,0,6,51,0,57,141,39,113,26,319,14,8,22,341
03/08/2022,CHS,SC,ASO,ES,Combined TRACON& Tower with Radar,124,43,53,32,252,0,6,34,0,40,124,49,87,32,292,24,22,46,338
03/09/2022,CHS,SC,ASO,ES,Combined TRACON& Tower with Radar,138,49,69,63,319,0,1,5,1,7,138,50,74,64,326,4,66,70,396
03/10/2022,CHS,SC,ASO,ES,Combined TRACON& Tower with Radar,164,55,73,42,334,0,0,0,0,0,164,55,73,42,334,0,14,14,348
03/11/2022,CHS,SC,ASO,ES,Combined TRACON& Tower with Radar,163,65,81,26,335,0,0,0,0,0,163,65,81,26,335,0,10,10,345
03/12/2022,CHS,SC,ASO,ES,Combined TRACON& Tower with Radar,128,32,38,7,205,0,2,3,0,5,128,34,41,7,210,14,0,14,224
03/13/2022,CHS,SC,ASO,ES,Combined TRACON& Tower with Radar,150,53,78,11,292,0,2,37,0,39,150,55,115,11,331,2,0,2,333
03/14/2022,CHS,SC,ASO,ES,Combined TRACON& Tower with Radar,150,52,50,26,278,0,5,50,3,58,150,57,100,29,336,8,12,20,356
03/15/2022,CHS,SC,ASO,ES,Combined TRACON& Tower with Radar,133,42,56,17,248,0,4,43,1,48,133,46,99,18,296,2,4,6,302
03/16/2022,CHS,SC,ASO,ES,Combined TRACON& Tower with Radar,139,35,66,27,267,0,2,4,0,6,139,37,70,27,273,2,2,4,277
03/17/2022,CHS,SC,ASO,ES,Combined TRACON& Tower with Radar,158,61,81,34,334,0,7,50,5,62,158,68,131,39,396,8,24,32,428
03/18/2022,CHS,SC,ASO,ES,Combined TRACON& Tower with Radar,159,57,88,16,320,0,5,49,0,54,159,62,137,16,374,0,0,0,374
03/19/2022,CHS,SC,ASO,ES,Combined TRACON& Tower with Radar,129,40,48,11,228,0,5,20,5,30,129,45,68,16,258,2,22,24,282
03/20/2022,CHS,SC,ASO,ES,Combined TRACON& Tower with Radar,153,62,74,11,300,0,6,61,5,72,153,68,135,16,372,8,6,14,386
03/21/2022,CHS,SC,ASO,ES,Combined TRACON& Tower with Radar,150,50,72,38,310,0,6,70,3,79,150,56,142,41,389,8,18,26,415
03/22/2022,CHS,SC,ASO,ES,Combined TRACON& Tower with Radar,133,39,60,23,255,0,5,60,3,68,133,44,120,26,323,6,12,18,341
03/23/2022,CHS,SC,ASO,ES,Combined TRACON& Tower with Radar,153,46,73,26,298,0,4,16,1,21,153,50,89,27,319,6,18,24,343
03/24/2022,CHS,SC,ASO,ES,Combined TRACON& Tower with Radar,167,43,97,10,317,0,0,1,0,1,167,43,98,10,318,0,0,0,318
03/25/2022,CHS,SC,ASO,ES,Combined TRACON& Tower with Radar,159,67,76,22,324,0,6,40,1,47,159,73,116,23,371,0,8,8,379
03/26/2022,CHS,SC,ASO,ES,Combined TRACON& Tower with Radar,138,53,51,7,249,0,8,27,3,38,138,61,78,10,287,12,0,12,299
03/27/2022,CHS,SC,ASO,ES,Combined TRACON& Tower with Radar,162,46,101,20,329,0,5,35,1,41,162,51,136,21,370,4,12,16,386
03/28/2022,CHS,SC,ASO,ES,Combined TRACON& Tower with Radar,174,38,71,24,307,0,3,53,3,59,174,41,124,27,366,18,4,22,388
03/29/2022,CHS,SC,ASO,ES,Combined TRACON& Tower with Radar,141,39,68,30,278,0,7,51,5,63,141,46,119,35,341,2,10,12,353
03/30/2022,CHS,SC,ASO,ES,Combined TRACON& Tower with Radar,149,49,82,43,323,0,10,34,3,47,149,59,116,46,370,8,40,48,418
03/31/2022,CHS,SC,ASO,ES,Combined TRACON& Tower with Radar,175,45,58,16,294,0,2,3,1,6,175,47,61,17,300,0,0,0,300
04/01/2022,CHS,SC,ASO,ES,Combined TRACON& Tower with Radar,154,68,94,13,329,0,8,43,2,53,154,76,137,15,382,16,0,16,398
04/02/2022,CHS,SC,ASO,ES,Combined TRACON& Tower with Radar,131,39,73,16,259,0,4,40,0,44,131,43,113,16,303,10,2,12,315
04/03/2022,CHS,SC,ASO,ES,Combined TRACON& Tower with Radar,146,70,91,12,319,0,6,50,0,56,146,76,141,12,375,0,0,0,375
04/04/2022,CHS,SC,ASO,ES,Combined TRACON& Tower with Radar,154,41,79,21,295,0,2,80,6,88,154,43,159,27,383,31,10,41,424
04/05/2022,CHS,SC,ASO,ES,Combined TRACON& Tower with Radar,145,53,67,19,284,0,6,22,1,29,145,59,89,20,313,0,2,2,315
04/06/2022,CHS,SC,ASO,ES,Combined TRACON& Tower with Radar,151,57,76,17,301,0,3,4,0,7,151,60,80,17,308,2,0,2,310
04/07/2022,CHS,SC,ASO,ES,Combined TRACON& Tower with Radar,173,53,71,13,310,0,3,12,3,18,173,56,83,16,328,0,0,0,328
04/08/2022,CHS,SC,ASO,ES,Combined TRACON& Tower with Radar,154,58,58,2,272,0,4,11,11,26,154,62,69,13,298,0,0,0,298
04/09/2022,CHS,SC,ASO,ES,Combined TRACON& Tower with Radar,133,24,31,0,188,0,4,10,6,20,133,28,41,6,208,0,0,0,208
04/10/2022,CHS,SC,ASO,ES,Combined TRACON& Tower with Radar,160,33,56,1,250,0,4,14,12,30,160,37,70,13,280,0,0,0,280
04/11/2022,CHS,SC,ASO,ES,Combined TRACON& Tower with Radar,171,53,55,23,302,0,4,45,1,50,171,57,100,24,352,10,0,10,362
04/12/2022,CHS,SC,ASO,ES,Combined TRACON& Tower with Radar,152,60,69,31,312,0,8,51,6,65,152,68,120,37,377,24,40,64,441
04/13/2022,CHS,SC,ASO,ES,Combined TRACON& Tower with Radar,152,50,83,31,316,0,9,47,1,57,152,59,130,32,373,14,16,30,403
04/14/2022,CHS,SC,ASO,ES,Combined TRACON& Tower with Radar,176,62,98,25,361,0,5,45,1,51,176,67,143,26,412,10,8,18,430
04/15/2022,CHS,SC,ASO,ES,Combined TRACON& Tower with Radar,173,58,83,11,325,0,9,46,2,57,173,67,129,13,382,18,2,20,402
04/16/2022,CHS,SC,ASO,ES,Combined TRACON& Tower with Radar,149,53,63,6,271,0,1,22,0,23,149,54,85,6,294,2,0,2,296
04/17/2022,CHS,SC,ASO,ES,Combined TRACON& Tower with Radar,170,41,64,2,277,0,6,21,0,27,170,47,85,2,304,0,0,0,304
04/18/2022,CHS,SC,ASO,ES,Combined TRACON& Tower with Radar,168,47,94,32,341,0,0,9,0,9,168,47,103,32,350,4,28,32,382
04/19/2022,CHS,SC,ASO,ES,Combined TRACON& Tower with Radar,154,42,60,34,290,0,6,55,1,62,154,48,115,35,352,4,12,16,368
04/20/2022,CHS,SC,ASO,ES,Combined TRACON& Tower with Radar,157,44,99,25,325,0,5,71,3,79,157,49,170,28,404,0,8,8,412
04/21/2022,CHS,SC,ASO,ES,Combined TRACON& Tower with Radar,188,59,93,36,376,0,6,67,1,74,188,65,160,37,450,6,10,16,466
04/22/2022,CHS,SC,ASO,ES,Combined TRACON& Tower with Radar,183,77,99,23,382,0,6,52,3,61,183,83,151,26,443,6,14,20,463
04/23/2022,CHS,SC,ASO,ES,Combined TRACON& Tower with Radar,141,49,57,8,255,0,7,43,0,50,141,56,100,8,305,0,0,0,305
04/24/2022,CHS,SC,ASO,ES,Combined TRACON& Tower with Radar,167,78,96,8,349,0,2,41,0,43,167,80,137,8,392,0,0,0,392
04/25/2022,CHS,SC,ASO,ES,Combined TRACON& Tower with Radar,165,50,92,18,325,0,5,46,1,52,165,55,138,19,377,0,2,2,379
04/26/2022,CHS,SC,ASO,ES,Combined TRACON& Tower with Radar,160,42,67,27,296,0,8,36,3,47,160,50,103,30,343,4,18,22,365
04/27/2022,CHS,SC,ASO,ES,Combined TRACON& Tower with Radar,169,48,83,38,338,0,5,53,3,61,169,53,136,41,399,0,6,6,405
04/28/2022,CHS,SC,ASO,ES,Combined TRACON& Tower with Radar,187,56,107,30,380,0,8,56,2,66,187,64,163,32,446,3,18,21,467
04/29/2022,CHS,SC,ASO,ES,Combined TRACON& Tower with Radar,182,58,72,37,349,0,9,43,4,56,182,67,115,41,405,0,38,38,443
04/30/2022,CHS,SC,ASO,ES,Combined TRACON& Tower with Radar,149,38,45,14,246,0,9,46,0,55,149,47,91,14,301,6,0,6,307
05/01/2022,CHS,SC,ASO,ES,Combined TRACON& Tower with Radar,173,62,108,14,357,0,9,29,1,39,173,71,137,15,396,4,0,4,400
05/02/2022,CHS,SC,ASO,ES,Combined TRACON& Tower with Radar,170,46,57,21,294,0,3,36,3,42,170,49,93,24,336,2,4,6,342
05/03/2022,CHS,SC,ASO,ES,Combined TRACON& Tower with Radar,156,36,70,51,313,0,4,40,4,48,156,40,110,55,361,0,30,30,391
05/04/2022,CHS,SC,ASO,ES,Combined TRACON& Tower with Radar,160,63,97,47,367,0,5,62,7,74,160,68,159,54,441,4,40,44,485
05/05/2022,CHS,SC,ASO,ES,Combined TRACON& Tower with Radar,183,34,119,25,361,0,7,62,4,73,183,41,181,29,434,2,4,6,440
05/06/2022,CHS,SC,ASO,ES,Combined TRACON& Tower with Radar,188,45,74,17,324,0,3,30,2,35,188,48,104,19,359,6,2,8,367
05/07/2022,CHS,SC,ASO,ES,Combined TRACON& Tower with Radar,155,36,60,14,265,0,10,26,1,37,155,46,86,15,302,0,0,0,302
05/08/2022,CHS,SC,ASO,ES,Combined TRACON& Tower with Radar,173,41,77,11,302,0,4,25,0,29,173,45,102,11,331,4,2,6,337
05/09/2022,CHS,SC,ASO,ES,Combined TRACON& Tower with Radar,181,47,63,23,314,0,8,56,2,66,181,55,119,25,380,8,6,14,394
05/10/2022,CHS,SC,ASO,ES,Combined TRACON& Tower with Radar,156,34,64,27,281,0,9,36,3,48,156,43,100,30,329,2,2,4,333
05/11/2022,CHS,SC,ASO,ES,Combined TRACON& Tower with Radar,163,53,96,27,339,0,7,50,6,63,163,60,146,33,402,4,8,12,414
05/12/2022,CHS,SC,ASO,ES,Combined TRACON& Tower with Radar,192,46,113,18,369,0,9,15,1,25,192,55,128,19,394,0,12,12,406
05/13/2022,CHS,SC,ASO,ES,Combined TRACON& Tower with Radar,183,41,82,23,329,0,0,8,0,8,183,41,90,23,337,0,0,0,337
05/14/2022,CHS,SC,ASO,ES,Combined TRACON& Tower with Radar,152,24,51,15,242,0,6,31,2,39,152,30,82,17,281,8,0,8,289
05/15/2022,CHS,SC,ASO,ES,Combined TRACON& Tower with Radar,176,35,65,10,286,0,4,39,1,44,176,39,104,11,330,10,0,10,340
05/16/2022,CHS,SC,ASO,ES,Combined TRACON& Tower with Radar,165,28,63,26,282,0,7,70,0,77,165,35,133,26,359,6,6,12,371
05/17/2022,CHS,SC,ASO,ES,Combined TRACON& Tower with Radar,156,42,96,64,358,0,4,71,2,77,156,46,167,66,435,10,40,50,485
05/18/2022,CHS,SC,ASO,ES,Combined TRACON& Tower with Radar,158,43,96,31,328,0,2,79,3,84,158,45,175,34,412,8,4,12,424
05/19/2022,CHS,SC,ASO,ES,Combined TRACON& Tower with Radar,188,35,113,27,363,0,2,51,3,56,188,37,164,30,419,4,16,20,439
05/20/2022,CHS,SC,ASO,ES,Combined TRACON& Tower with Radar,160,38,80,20,298,0,6,53,0,59,160,44,133,20,357,0,0,0,357
05/21/2022,CHS,SC,ASO,ES,Combined TRACON& Tower with Radar,144,30,41,10,225,0,6,26,1,33,144,36,67,11,258,4,0,4,262
05/22/2022,CHS,SC,ASO,ES,Combined TRACON& Tower with Radar,162,39,78,9,288,0,1,16,0,17,162,40,94,9,305,2,0,2,307
05/23/2022,CHS,SC,ASO,ES,Combined TRACON& Tower with Radar,171,48,70,24,313,0,2,32,2,36,171,50,102,26,349,6,8,14,363
05/24/2022,CHS,SC,ASO,ES,Combined TRACON& Tower with Radar,149,36,62,30,277,0,9,36,13,58,149,45,98,43,335,0,40,40,375
05/25/2022,CHS,SC,ASO,ES,Combined TRACON& Tower with Radar,153,58,87,39,337,0,4,49,2,55,153,62,136,41,392,2,20,22,414
05/26/2022,CHS,SC,ASO,ES,Combined TRACON& Tower with Radar,201,52,102,21,376,0,2,20,2,24,201,54,122,23,400,4,12,16,416
05/27/2022,CHS,SC,ASO,ES,Combined TRACON& Tower with Radar,172,56,88,9,325,0,9,8,0,17,172,65,96,9,342,0,0,0,342
05/28/2022,CHS,SC,ASO,ES,Combined TRACON& Tower with Radar,152,28,41,10,231,0,7,51,0,58,152,35,92,10,289,0,0,0,289
05/29/2022,CHS,SC,ASO,ES,Combined TRACON& Tower with Radar,180,25,38,6,249,0,3,36,0,39,180,28,74,6,288,0,0,0,288
05/30/2022,CHS,SC,ASO,ES,Combined TRACON& Tower with Radar,176,36,65,2,279,0,6,22,0,28,176,42,87,2,307,0,0,0,307
05/31/2022,CHS,SC,ASO,ES,Combined TRACON& Tower with Radar,148,53,70,23,294,0,7,56,3,66,148,60,126,26,360,0,0,0,360
06/01/2022,CHS,SC,ASO,ES,Combined TRACON& Tower with Radar,144,48,72,26,290,0,4,72,6,82,144,52,144,32,372,0,12,12,384
06/02/2022,CHS,SC,ASO,ES,Combined TRACON& Tower with Radar,178,42,88,43,351,0,11,47,3,61,178,53,135,46,412,0,32,32,444
06/03/2022,CHS,SC,ASO,ES,Combined TRACON& Tower with Radar,168,52,74,19,313,0,1,18,3,22,168,53,92,22,335,2,8,10,345
06/04/2022,CHS,SC,ASO,ES,Combined TRACON& Tower with Radar,143,35,46,25,249,0,1,5,0,6,143,36,51,25,255,0,0,0,255
06/05/2022,CHS,SC,ASO,ES,Combined TRACON& Tower with Radar,170,35,99,12,316,0,3,8,3,14,170,38,107,15,330,6,0,6,336
06/06/2022,CHS,SC,ASO,ES,Combined TRACON& Tower with Radar,169,34,79,32,314,0,1,37,3,41,169,35,116,35,355,4,14,18,373
06/07/2022,CHS,SC,ASO,ES,Combined TRACON& Tower with Radar,154,45,58,26,283,0,1,43,0,44,154,46,101,26,327,2,2,4,331
06/08/2022,CHS,SC,ASO,ES,Combined TRACON& Tower with Radar,152,32,82,34,300,0,6,34,1,41,152,38,116,35,341,0,32,32,373
06/09/2022,CHS,SC,ASO,ES,Combined TRACON& Tower with Radar,179,64,101,20,364,0,7,29,1,37,179,71,130,21,401,26,12,38,439
06/10/2022,CHS,SC,ASO,ES,Combined TRACON& Tower with Radar,185,42,103,68,398,0,7,29,3,39,185,49,132,71,437,24,60,84,521
06/11/2022,CHS,SC,ASO,ES,Combined TRACON& Tower with Radar,159,39,60,7,265,0,6,11,0,17,159,45,71,7,282,4,0,4,286
06/12/2022,CHS,SC,ASO,ES,Combined TRACON& Tower with Radar,153,52,93,14,312,0,6,17,0,23,153,58,110,14,335,16,0,16,351
06/13/2022,CHS,SC,ASO,ES,Combined TRACON& Tower with Radar,171,44,82,31,328,0,1,49,7,57,171,45,131,38,385,13,4,17,402
06/14/2022,CHS,SC,ASO,ES,Combined TRACON& Tower with Radar,155,45,94,38,332,0,9,32,8,49,155,54,126,46,381,6,8,14,395
06/15/2022,CHS,SC,ASO,ES,Combined TRACON& Tower with Radar,163,33,93,29,318,0,6,47,14,67,163,39,140,43,385,36,15,51,436
06/16/2022,CHS,SC,ASO,ES,Combined TRACON& Tower with Radar,157,37,113,29,336,0,5,32,12,49,157,42,145,41,385,2,18,20,405
06/17/2022,CHS,SC,ASO,ES,Combined TRACON& Tower with Radar,167,46,91,23,327,0,3,35,5,43,167,49,126,28,370,0,0,0,370
06/18/2022,CHS,SC,ASO,ES,Combined TRACON& Tower with Radar,155,35,82,24,296,0,2,37,1,40,155,37,119,25,336,4,30,34,370
06/19/2022,CHS,SC,ASO,ES,Combined TRACON& Tower with Radar,167,31,86,22,306,0,7,29,0,36,167,38,115,22,342,20,0,20,362
06/20/2022,CHS,SC,ASO,ES,Combined TRACON& Tower with Radar,170,37,56,3,266,0,7,27,1,35,170,44,83,4,301,4,2,6,307
06/21/2022,CHS,SC,ASO,ES,Combined TRACON& Tower with Radar,152,37,60,34,283,0,4,38,7,49,152,41,98,41,332,0,0,0,332
06/22/2022,CHS,SC,ASO,ES,Combined TRACON& Tower with Radar,148,41,73,23,285,0,4,31,2,37,148,45,104,25,322,4,24,28,350
06/23/2022,CHS,SC,ASO,ES,Combined TRACON& Tower with Radar,173,44,87,38,342,0,4,33,6,43,173,48,120,44,385,0,0,0,385
06/24/2022,CHS,SC,ASO,ES,Combined TRACON& Tower with Radar,183,50,82,24,339,0,4,28,1,33,183,54,110,25,372,17,16,33,405
06/25/2022,CHS,SC,ASO,ES,Combined TRACON& Tower with Radar,158,21,67,6,252,0,7,30,1,38,158,28,97,7,290,5,0,5,295
06/26/2022,CHS,SC,ASO,ES,Combined TRACON& Tower with Radar,168,29,65,16,278,0,9,32,1,42,168,38,97,17,320,5,6,11,331
06/27/2022,CHS,SC,ASO,ES,Combined TRACON& Tower with Radar,176,40,77,36,329,0,5,24,2,31,176,45,101,38,360,15,26,41,401
06/28/2022,CHS,SC,ASO,ES,Combined TRACON& Tower with Radar,155,31,56,20,262,0,5,14,0,19,155,36,70,20,281,0,0,0,281
06/29/2022,CHS,SC,ASO,ES,Combined TRACON& Tower with Radar,156,34,51,36,277,0,1,5,0,6,156,35,56,36,283,0,10,10,293
06/30/2022,CHS,SC,ASO,ES,Combined TRACON& Tower with Radar,188,40,102,28,358,0,2,23,2,27,188,42,125,30,385,10,9,19,404
07/01/2022,CHS,SC,ASO,ES,Combined TRACON& Tower with Radar,176,60,87,16,339,0,2,3,0,5,176,62,90,16,344,8,10,18,362
07/02/2022,CHS,SC,ASO,ES,Combined TRACON& Tower with Radar,152,42,41,5,240,0,3,9,0,12,152,45,50,5,252,0,0,0,252
07/03/2022,CHS,SC,ASO,ES,Combined TRACON& Tower with Radar,165,20,42,3,230,0,3,18,0,21,165,23,60,3,251,0,0,0,251
07/04/2022,CHS,SC,ASO,ES,Combined TRACON& Tower with Radar,163,28,32,3,226,0,5,12,3,20,163,33,44,6,246,0,0,0,246
07/05/2022,CHS,SC,ASO,ES,Combined TRACON& Tower with Radar,150,31,85,46,312,0,6,38,16,60,150,37,123,62,372,8,42,50,422
07/06/2022,CHS,SC,ASO,ES,Combined TRACON& Tower with Radar,146,29,56,22,253,0,2,35,3,40,146,31,91,25,293,4,14,18,311
07/07/2022,CHS,SC,ASO,ES,Combined TRACON& Tower with Radar,184,44,54,50,332,0,7,27,1,35,184,51,81,51,367,6,30,36,403
07/08/2022,CHS,SC,ASO,ES,Combined TRACON& Tower with Radar,171,40,77,11,299,0,4,27,4,35,171,44,104,15,334,12,4,16,350
07/09/2022,CHS,SC,ASO,ES,Combined TRACON& Tower with Radar,168,22,61,12,263,0,2,13,3,18,168,24,74,15,281,6,2,8,289
07/10/2022,CHS,SC,ASO,ES,Combined TRACON& Tower with Radar,180,25,49,11,265,0,2,4,0,6,180,27,53,11,271,0,0,0,271
07/11/2022,CHS,SC,ASO,ES,Combined TRACON& Tower with Radar,174,36,51,13,274,0,0,6,0,6,174,36,57,13,280,0,0,0,280
07/12/2022,CHS,SC,ASO,ES,Combined TRACON& Tower with Radar,148,24,86,19,277,0,2,23,3,28,148,26,109,22,305,2,0,2,307
07/13/2022,CHS,SC,ASO,ES,Combined TRACON& Tower with Radar,150,30,56,27,263,0,4,25,1,30,150,34,81,28,293,17,6,23,316
07/14/2022,CHS,SC,ASO,ES,Combined TRACON& Tower with Radar,180,32,95,30,337,0,2,25,1,28,180,34,120,31,365,0,30,30,395
07/15/2022,CHS,SC,ASO,ES,Combined TRACON& Tower with Radar,178,37,56,24,295,0,3,15,1,19,178,40,71,25,314,0,0,0,314
07/16/2022,CHS,SC,ASO,ES,Combined TRACON& Tower with Radar,161,24,59,7,251,0,6,30,1,37,161,30,89,8,288,15,17,32,320
07/17/2022,CHS,SC,ASO,ES,Combined TRACON& Tower with Radar,177,10,55,8,250,0,0,17,1,18,177,10,72,9,268,0,0,0,268
07/18/2022,CHS,SC,ASO,ES,Combined TRACON& Tower with Radar,165,33,69,13,280,0,5,27,0,32,165,38,96,13,312,0,2,2,314
07/19/2022,CHS,SC,ASO,ES,Combined TRACON& Tower with Radar,145,25,89,39,298,0,3,34,2,39,145,28,123,41,337,0,24,24,361
07/20/2022,CHS,SC,ASO,ES,Combined TRACON& Tower with Radar,158,31,80,26,295,0,2,33,3,38,158,33,113,29,333,2,18,20,353
07/21/2022,CHS,SC,ASO,ES,Combined TRACON& Tower with Radar,183,21,88,43,335,0,1,28,2,31,183,22,116,45,366,14,27,41,407
07/22/2022,CHS,SC,ASO,ES,Combined TRACON& Tower with Radar,171,30,92,31,324,0,7,27,2,36,171,37,119,33,360,4,18,22,382
07/23/2022,CHS,SC,ASO,ES,Combined TRACON& Tower with Radar,169,17,68,9,263,0,4,17,0,21,169,21,85,9,284,14,0,14,298
07/24/2022,CHS,SC,ASO,ES,Combined TRACON& Tower with Radar,169,28,62,19,278,0,3,7,0,10,169,31,69,19,288,0,8,8,296
07/25/2022,CHS,SC,ASO,ES,Combined TRACON& Tower with Radar,164,28,60,26,278,0,5,22,0,27,164,33,82,26,305,2,14,16,321
07/26/2022,CHS,SC,ASO,ES,Combined TRACON& Tower with Radar,144,29,72,22,267,0,5,29,2,36,144,34,101,24,303,0,2,2,305
07/27/2022,CHS,SC,ASO,ES,Combined TRACON& Tower with Radar,152,37,52,34,275,0,5,25,2,32,152,42,77,36,307,4,16,20,327
07/28/2022,CHS,SC,ASO,ES,Combined TRACON& Tower with Radar,173,31,58,16,278,0,6,28,3,37,173,37,86,19,315,6,6,12,327
07/29/2022,CHS,SC,ASO,ES,Combined TRACON& Tower with Radar,178,43,53,10,284,0,8,30,1,39,178,51,83,11,323,2,2,4,327
07/30/2022,CHS,SC,ASO,ES,Combined TRACON& Tower with Radar,163,31,36,12,242,0,5,28,1,34,163,36,64,13,276,0,0,0,276
07/31/2022,CHS,SC,ASO,ES,Combined TRACON& Tower with Radar,182,51,58,5,296,0,2,22,1,25,182,53,80,6,321,4,0,4,325
08/01/2022,CHS,SC,ASO,ES,Combined TRACON& Tower with Radar,163,37,52,33,285,0,3,19,2,24,163,40,71,35,309,4,26,30,339
08/02/2022,CHS,SC,ASO,ES,Combined TRACON& Tower with Radar,142,42,74,67,325,0,12,22,4,38,142,54,96,71,363,12,52,64,427
08/03/2022,CHS,SC,ASO,ES,Combined TRACON& Tower with Radar,144,19,81,23,267,0,4,25,6,35,144,23,106,29,302,5,6,11,313
08/04/2022,CHS,SC,ASO,ES,Combined TRACON& Tower with Radar,168,33,69,35,305,0,6,38,12,56,168,39,107,47,361,10,18,28,389
08/05/2022,CHS,SC,ASO,ES,Combined TRACON& Tower with Radar,154,34,73,43,304,0,5,34,3,42,154,39,107,46,346,2,22,24,370
08/06/2022,CHS,SC,ASO,ES,Combined TRACON& Tower with Radar,156,25,62,6,249,0,3,14,2,19,156,28,76,8,268,8,0,8,276
08/07/2022,CHS,SC,ASO,ES,Combined TRACON& Tower with Radar,160,32,76,13,281,0,0,22,0,22,160,32,98,13,303,6,0,6,309
08/08/2022,CHS,SC,ASO,ES,Combined TRACON& Tower with Radar,166,43,71,21,301,0,1,17,6,24,166,44,88,27,325,0,40,40,365
08/09/2022,CHS,SC,ASO,ES,Combined TRACON& Tower with Radar,139,33,70,43,285,0,7,66,0,73,139,40,136,43,358,5,16,21,379
08/10/2022,CHS,SC,ASO,ES,Combined TRACON& Tower with Radar,136,42,81,24,283,0,3,26,0,29,136,45,107,24,312,6,20,26,338
08/11/2022,CHS,SC,ASO,ES,Combined TRACON& Tower with Radar,183,50,84,28,345,0,4,7,0,11,183,54,91,28,356,0,0,0,356
08/12/2022,CHS,SC,ASO,ES,Combined TRACON& Tower with Radar,176,63,78,18,335,0,1,8,1,10,176,64,86,19,345,0,0,0,345
08/13/2022,CHS,SC,ASO,ES,Combined TRACON& Tower with Radar,158,69,69,4,300,0,2,21,1,24,158,71,90,5,324,0,0,0,324
08/14/2022,CHS,SC,ASO,ES,Combined TRACON& Tower with Radar,172,52,108,10,342,0,1,18,0,19,172,53,126,10,361,0,0,0,361
08/15/2022,CHS,SC,ASO,ES,Combined TRACON& Tower with Radar,161,44,56,14,275,0,3,27,0,30,161,47,83,14,305,2,4,6,311
08/16/2022,CHS,SC,ASO,ES,Combined TRACON& Tower with Radar,139,36,69,32,276,0,3,23,2,28,139,39,92,34,304,2,28,30,334
08/17/2022,CHS,SC,ASO,ES,Combined TRACON& Tower with Radar,144,31,99,36,310,0,4,34,0,38,144,35,133,36,348,1,6,7,355
08/18/2022,CHS,SC,ASO,ES,Combined TRACON& Tower with Radar,175,29,78,26,308,0,2,20,0,22,175,31,98,26,330,0,10,10,340
08/19/2022,CHS,SC,ASO,ES,Combined TRACON& Tower with Radar,169,44,76,29,318,0,3,18,0,21,169,47,94,29,339,0,0,0,339
08/20/2022,CHS,SC,ASO,ES,Combined TRACON& Tower with Radar,151,20,50,6,227,0,2,22,0,24,151,22,72,6,251,0,0,0,251
08/21/2022,CHS,SC,ASO,ES,Combined TRACON& Tower with Radar,161,23,59,14,257,0,0,18,1,19,161,23,77,15,276,0,0,0,276
08/22/2022,CHS,SC,ASO,ES,Combined TRACON& Tower with Radar,144,31,71,30,276,0,2,9,0,11,144,33,80,30,287,4,8,12,299
08/23/2022,CHS,SC,ASO,ES,Combined TRACON& Tower with Radar,126,21,75,38,260,0,3,13,1,17,126,24,88,39,277,6,14,20,297
08/24/2022,CHS,SC,ASO,ES,Combined TRACON& Tower with Radar,151,23,87,72,333,0,3,40,0,43,151,26,127,72,376,20,22,42,418
08/25/2022,CHS,SC,ASO,ES,Combined TRACON& Tower with Radar,168,28,67,45,308,0,1,2,1,4,168,29,69,46,312,7,13,20,332
08/26/2022,CHS,SC,ASO,ES,Combined TRACON& Tower with Radar,164,37,98,49,348,0,5,28,0,33,164,42,126,49,381,8,18,26,407
08/27/2022,CHS,SC,ASO,ES,Combined TRACON& Tower with Radar,144,28,51,12,235,0,5,32,0,37,144,33,83,12,272,2,2,4,276
08/28/2022,CHS,SC,ASO,ES,Combined TRACON& Tower with Radar,165,33,58,8,264,0,4,17,0,21,165,37,75,8,285,6,0,6,291
08/29/2022,CHS,SC,ASO,ES,Combined TRACON& Tower with Radar,158,28,61,15,262,0,0,4,0,4,158,28,65,15,266,4,0,4,270
08/30/2022,CHS,SC,ASO,ES,Combined TRACON& Tower with Radar,138,30,76,17,261,0,1,13,0,14,138,31,89,17,275,8,0,8,283
08/31/2022,CHS,SC,ASO,ES,Combined TRACON& Tower with Radar,147,36,95,51,329,0,4,55,2,61,147,40,150,53,390,26,31,57,447
09/01/2022,CHS,SC,ASO,ES,Combined TRACON& Tower with Radar,164,47,91,18,320,0,5,18,0,23,164,52,109,18,343,0,0,0,343
09/02/2022,CHS,SC,ASO,ES,Combined TRACON& Tower with Radar,172,47,98,18,335,0,6,28,0,34,172,53,126,18,369,0,0,0,369
09/03/2022,CHS,SC,ASO,ES,Combined TRACON& Tower with Radar,136,21,35,8,200,0,2,22,0,24,136,23,57,8,224,1,4,5,229
09/04/2022,CHS,SC,ASO,ES,Combined TRACON& Tower with Radar,156,21,37,5,219,0,1,29,1,31,156,22,66,6,250,0,0,0,250
09/05/2022,CHS,SC,ASO,ES,Combined TRACON& Tower with Radar,165,40,83,9,297,0,2,21,0,23,165,42,104,9,320,9,2,11,331
09/06/2022,CHS,SC,ASO,ES,Combined TRACON& Tower with Radar,137,31,89,25,282,0,4,49,5,58,137,35,138,30,340,8,6,14,354
09/07/2022,CHS,SC,ASO,ES,Combined TRACON& Tower with Radar,137,44,77,45,303,0,2,47,10,59,137,46,124,55,362,10,10,20,382
09/08/2022,CHS,SC,ASO,ES,Combined TRACON& Tower with Radar,152,33,67,47,299,0,1,20,4,25,152,34,87,51,324,2,36,38,362
09/09/2022,CHS,SC,ASO,ES,Combined TRACON& Tower with Radar,164,47,76,16,303,0,3,9,0,12,164,50,85,16,315,0,0,0,315
09/10/2022,CHS,SC,ASO,ES,Combined TRACON& Tower with Radar,119,23,49,8,199,0,1,10,0,11,119,24,59,8,210,0,0,0,210
09/11/2022,CHS,SC,ASO,ES,Combined TRACON& Tower with Radar,161,43,68,20,292,0,1,29,0,30,161,44,97,20,322,2,6,8,330
09/12/2022,CHS,SC,ASO,ES,Combined TRACON& Tower with Radar,155,45,78,28,306,0,3,36,5,44,155,48,114,33,350,16,10,26,376
09/13/2022,CHS,SC,ASO,ES,Combined TRACON& Tower with Radar,134,47,94,31,306,0,4,50,1,55,134,51,144,32,361,4,17,21,382
09/14/2022,CHS,SC,ASO,ES,Combined TRACON& Tower with Radar,138,43,82,31,294,0,8,49,2,59,138,51,131,33,353,6,12,18,371
09/15/2022,CHS,SC,ASO,ES,Combined TRACON& Tower with Radar,156,38,96,35,325,0,6,36,3,45,156,44,132,38,370,3,16,19,389
09/16/2022,CHS,SC,ASO,ES,Combined TRACON& Tower with Radar,161,50,89,30,330,0,8,25,3,36,161,58,114,33,366,0,12,12,378
09/17/2022,CHS,SC,ASO,ES,Combined TRACON& Tower with Radar,118,23,53,22,216,0,4,42,4,50,118,27,95,26,266,38,3,41,307
09/18/2022,CHS,SC,ASO,ES,Combined TRACON& Tower with Radar,151,41,72,4,268,0,6,27,0,33,151,47,99,4,301,6,0,6,307
09/19/2022,CHS,SC,ASO,ES,Combined TRACON& Tower with Radar,148,46,70,33,297,0,2,27,7,36,148,48,97,40,333,22,6,28,361
09/20/2022,CHS,SC,ASO,ES,Combined TRACON& Tower with Radar,131,23,81,44,279,0,1,48,10,59,131,24,129,54,338,51,30,81,419
09/21/2022,CHS,SC,ASO,ES,Combined TRACON& Tower with Radar,131,44,87,41,303,0,3,48,1,52,131,47,135,42,355,27,21,48,403
09/22/2022,CHS,SC,ASO,ES,Combined TRACON& Tower with Radar,158,44,101,43,346,0,3,34,0,37,158,47,135,43,383,11,13,24,407
09/23/2022,CHS,SC,ASO,ES,Combined TRACON& Tower with Radar,166,51,96,18,331,0,4,25,0,29,166,55,121,18,360,0,0,0,360
09/24/2022,CHS,SC,ASO,ES,Combined TRACON& Tower with Radar,121,23,63,31,238,0,5,30,3,38,121,28,93,34,276,12,24,36,312
09/25/2022,CHS,SC,ASO,ES,Combined TRACON& Tower with Radar,140,51,84,14,289,0,1,21,3,25,140,52,105,17,314,3,8,11,325
09/26/2022,CHS,SC,ASO,ES,Combined TRACON& Tower with Radar,159,34,62,62,317,0,3,24,4,31,159,37,86,66,348,21,94,115,463
09/27/2022,CHS,SC,ASO,ES,Combined TRACON& Tower with Radar,128,36,79,16,259,0,3,38,2,43,128,39,117,18,302,16,0,16,318
09/28/2022,CHS,SC,ASO,ES,Combined TRACON& Tower with Radar,134,39,82,23,278,0,4,25,4,33,134,43,107,27,311,9,6,15,326
09/29/2022,CHS,SC,ASO,ES,Combined TRACON& Tower with Radar,101,31,32,7,171,0,1,1,0,2,101,32,33,7,173,0,0,0,173
09/30/2022,CHS,SC,ASO,ES,Combined TRACON& Tower with Radar,0,0,0,0,0,0,0,0,0,0,0,0,0,0,0,0,0,0,0
10/01/2022,CHS,SC,ASO,ES,Combined TRACON& Tower with Radar,96,18,45,13,172,0,2,9,0,11,96,20,54,13,183,0,0,0,183
10/02/2022,CHS,SC,ASO,ES,Combined TRACON& Tower with Radar,161,19,63,16,259,0,2,19,0,21,161,21,82,16,280,2,0,2,282
10/03/2022,CHS,SC,ASO,ES,Combined TRACON& Tower with Radar,159,46,67,4,276,0,2,8,2,12,159,48,75,6,288,8,0,8,296
10/04/2022,CHS,SC,ASO,ES,Combined TRACON& Tower with Radar,131,30,78,23,262,0,5,58,0,63,131,35,136,23,325,25,6,31,356
10/05/2022,CHS,SC,ASO,ES,Combined TRACON& Tower with Radar,144,35,69,25,273,0,7,39,3,49,144,42,108,28,322,3,7,10,332
10/06/2022,CHS,SC,ASO,ES,Combined TRACON& Tower with Radar,171,46,88,26,331,0,4,38,3,45,171,50,126,29,376,26,13,39,415
10/07/2022,CHS,SC,ASO,ES,Combined TRACON& Tower with Radar,158,49,103,24,334,0,1,31,1,33,158,50,134,25,367,0,0,0,367
10/08/2022,CHS,SC,ASO,ES,Combined TRACON& Tower with Radar,132,27,61,15,235,0,3,29,1,33,132,30,90,16,268,6,8,14,282
10/09/2022,CHS,SC,ASO,ES,Combined TRACON& Tower with Radar,161,68,106,5,340,0,4,28,0,32,161,72,134,5,372,4,0,4,376
10/10/2022,CHS,SC,ASO,ES,Combined TRACON& Tower with Radar,159,49,85,11,304,0,4,39,2,45,159,53,124,13,349,14,0,14,363
10/11/2022,CHS,SC,ASO,ES,Combined TRACON& Tower with Radar,130,44,89,37,300,0,8,38,3,49,130,52,127,40,349,29,28,57,406
10/12/2022,CHS,SC,ASO,ES,Combined TRACON& Tower with Radar,140,55,103,35,333,0,3,20,1,24,140,58,123,36,357,5,8,13,370
10/13/2022,CHS,SC,ASO,ES,Combined TRACON& Tower with Radar,163,63,86,52,364,0,4,26,1,31,163,67,112,53,395,0,36,36,431
10/14/2022,CHS,SC,ASO,ES,Combined TRACON& Tower with Radar,167,56,102,27,352,0,5,36,2,43,167,61,138,29,395,2,2,4,399
10/15/2022,CHS,SC,ASO,ES,Combined TRACON& Tower with Radar,131,34,74,16,255,0,4,47,4,55,131,38,121,20,310,4,6,10,320
10/16/2022,CHS,SC,ASO,ES,Combined TRACON& Tower with Radar,161,56,110,6,333,0,6,26,0,32,161,62,136,6,365,0,0,0,365
10/17/2022,CHS,SC,ASO,ES,Combined TRACON& Tower with Radar,163,49,95,19,326,0,8,34,2,44,163,57,129,21,370,4,20,24,394
10/18/2022,CHS,SC,ASO,ES,Combined TRACON& Tower with Radar,134,32,79,33,278,0,3,48,0,51,134,35,127,33,329,0,16,16,345
10/19/2022,CHS,SC,ASO,ES,Combined TRACON& Tower with Radar,143,52,103,41,339,0,21,34,6,61,143,73,137,47,400,56,19,75,475
10/20/2022,CHS,SC,ASO,ES,Combined TRACON& Tower with Radar,162,52,98,36,348,0,2,33,4,39,162,54,131,40,387,8,19,27,414
10/21/2022,CHS,SC,ASO,ES,Combined TRACON& Tower with Radar,166,61,68,50,345,0,10,32,5,47,166,71,100,55,392,0,0,0,392
10/22/2022,CHS,SC,ASO,ES,Combined TRACON& Tower with Radar,127,47,54,15,243,0,7,38,7,52,127,54,92,22,295,26,0,26,321
10/23/2022,CHS,SC,ASO,ES,Combined TRACON& Tower with Radar,163,51,86,7,307,0,9,28,4,41,163,60,114,11,348,3,2,5,353
10/24/2022,CHS,SC,ASO,ES,Combined TRACON& Tower with Radar,154,51,81,24,310,0,6,31,6,43,154,57,112,30,353,0,0,0,353
10/25/2022,CHS,SC,ASO,ES,Combined TRACON& Tower with Radar,117,40,59,22,238,0,4,15,2,21,117,44,74,24,259,0,4,4,263
10/26/2022,CHS,SC,ASO,ES,Combined TRACON& Tower with Radar,136,56,110,29,331,0,3,43,2,48,136,59,153,31,379,13,8,21,400
10/27/2022,CHS,SC,ASO,ES,Combined TRACON& Tower with Radar,169,39,103,25,336,0,8,26,0,34,169,47,129,25,370,3,2,5,375
10/28/2022,CHS,SC,ASO,ES,Combined TRACON& Tower with Radar,164,62,115,27,368,0,2,20,0,22,164,64,135,27,390,0,0,0,390
10/29/2022,CHS,SC,ASO,ES,Combined TRACON& Tower with Radar,129,44,46,8,227,0,1,0,0,1,129,45,46,8,228,0,0,0,228
10/30/2022,CHS,SC,ASO,ES,Combined TRACON& Tower with Radar,156,49,67,13,285,0,0,0,1,1,156,49,67,14,286,2,0,2,288
10/31/2022,CHS,SC,ASO,ES,Combined TRACON& Tower with Radar,148,51,68,21,288,0,1,29,1,31,148,52,97,22,319,18,4,22,341
11/01/2022,CHS,SC,ASO,ES,Combined TRACON& Tower with Radar,126,38,100,25,289,0,2,24,2,28,126,40,124,27,317,28,14,42,359
11/02/2022,CHS,SC,ASO,ES,Combined TRACON& Tower with Radar,142,56,104,31,333,0,4,40,1,45,142,60,144,32,378,4,10,14,392
11/03/2022,CHS,SC,ASO,ES,Combined TRACON& Tower with Radar,166,62,98,35,361,0,4,66,3,73,166,66,164,38,434,0,0,0,434
11/04/2022,CHS,SC,ASO,ES,Combined TRACON& Tower with Radar,149,54,109,30,342,0,4,33,3,40,149,58,142,33,382,2,20,22,404
11/05/2022,CHS,SC,ASO,ES,Combined TRACON& Tower with Radar,125,34,60,25,244,0,1,20,7,28,125,35,80,32,272,0,0,0,272
11/06/2022,CHS,SC,ASO,ES,Combined TRACON& Tower with Radar,144,60,125,15,344,0,1,21,1,23,144,61,146,16,367,0,0,0,367
11/07/2022,CHS,SC,ASO,ES,Combined TRACON& Tower with Radar,144,46,69,9,268,0,1,24,0,25,144,47,93,9,293,0,2,2,295
11/08/2022,CHS,SC,ASO,ES,Combined TRACON& Tower with Radar,126,37,55,19,237,0,6,19,3,28,126,43,74,22,265,11,4,15,280
11/09/2022,CHS,SC,ASO,ES,Combined TRACON& Tower with Radar,137,51,77,22,287,0,2,13,4,19,137,53,90,26,306,0,8,8,314
11/10/2022,CHS,SC,ASO,ES,Combined TRACON& Tower with Radar,154,32,42,8,236,0,1,0,0,1,154,33,42,8,237,0,2,2,239
11/11/2022,CHS,SC,ASO,ES,Combined TRACON& Tower with Radar,139,62,41,3,245,0,0,0,0,0,139,62,41,3,245,2,0,2,247
11/12/2022,CHS,SC,ASO,ES,Combined TRACON& Tower with Radar,126,36,57,4,223,0,5,34,0,39,126,41,91,4,262,8,0,8,270
11/13/2022,CHS,SC,ASO,ES,Combined TRACON& Tower with Radar,151,57,76,2,286,0,3,39,0,42,151,60,115,2,328,6,0,6,334
11/14/2022,CHS,SC,ASO,ES,Combined TRACON& Tower with Radar,143,40,88,18,289,0,2,32,1,35,143,42,120,19,324,12,0,12,336
11/15/2022,CHS,SC,ASO,ES,Combined TRACON& Tower with Radar,130,30,68,28,256,0,1,8,1,10,130,31,76,29,266,0,16,16,282
11/16/2022,CHS,SC,ASO,ES,Combined TRACON& Tower with Radar,135,44,92,25,296,0,0,3,1,4,135,44,95,26,300,2,8,10,310
11/17/2022,CHS,SC,ASO,ES,Combined TRACON& Tower with Radar,160,49,98,25,332,0,4,42,2,48,160,53,140,27,380,3,8,11,391
11/18/2022,CHS,SC,ASO,ES,Combined TRACON& Tower with Radar,143,47,130,28,348,0,4,35,5,44,143,51,165,33,392,18,2,20,412
11/19/2022,CHS,SC,ASO,ES,Combined TRACON& Tower with Radar,141,28,76,10,255,0,5,43,2,50,141,33,119,12,305,10,2,12,317
11/20/2022,CHS,SC,ASO,ES,Combined TRACON& Tower with Radar,158,44,94,22,318,0,1,30,2,33,158,45,124,24,351,8,0,8,359
11/21/2022,CHS,SC,ASO,ES,Combined TRACON& Tower with Radar,150,43,70,42,305,0,2,33,3,38,150,45,103,45,343,4,34,38,381
11/22/2022,CHS,SC,ASO,ES,Combined TRACON& Tower with Radar,160,41,87,32,320,0,2,24,0,26,160,43,111,32,346,11,6,17,363
11/23/2022,CHS,SC,ASO,ES,Combined TRACON& Tower with Radar,170,49,88,13,320,0,2,12,0,14,170,51,100,13,334,2,0,2,336
11/24/2022,CHS,SC,ASO,ES,Combined TRACON& Tower with Radar,77,14,17,5,113,0,4,5,0,9,77,18,22,5,122,0,0,0,122
11/25/2022,CHS,SC,ASO,ES,Combined TRACON& Tower with Radar,135,37,34,1,207,0,0,2,1,3,135,37,36,2,210,0,0,0,210
11/26/2022,CHS,SC,ASO,ES,Combined TRACON& Tower with Radar,162,43,81,0,286,0,0,21,1,22,162,43,102,1,308,16,0,16,324
11/27/2022,CHS,SC,ASO,ES,Combined TRACON& Tower with Radar,163,39,126,5,333,0,0,4,0,4,163,39,130,5,337,0,0,0,337
11/28/2022,CHS,SC,ASO,ES,Combined TRACON& Tower with Radar,169,39,71,24,303,0,2,27,0,29,169,41,98,24,332,6,2,8,340
11/29/2022,CHS,SC,ASO,ES,Combined TRACON& Tower with Radar,137,26,91,33,287,0,4,47,4,55,137,30,138,37,342,3,14,17,359
11/30/2022,CHS,SC,ASO,ES,Combined TRACON& Tower with Radar,128,47,51,20,246,0,3,7,0,10,128,50,58,20,256,0,0,0,256
12/01/2022,CHS,SC,ASO,ES,Combined TRACON& Tower with Radar,149,45,93,31,318,0,6,49,4,59,149,51,142,35,377,10,10,20,397
12/02/2022,CHS,SC,ASO,ES,Combined TRACON& Tower with Radar,154,49,99,40,342,0,3,30,1,34,154,52,129,41,376,10,8,18,394
12/03/2022,CHS,SC,ASO,ES,Combined TRACON& Tower with Radar,120,19,57,21,217,0,2,27,1,30,120,21,84,22,247,5,2,7,254
12/04/2022,CHS,SC,ASO,ES,Combined TRACON& Tower with Radar,140,27,63,23,253,0,0,21,1,22,140,27,84,24,275,0,6,6,281
12/05/2022,CHS,SC,ASO,ES,Combined TRACON& Tower with Radar,151,43,67,15,276,0,3,17,1,21,151,46,84,16,297,8,14,22,319
12/06/2022,CHS,SC,ASO,ES,Combined TRACON& Tower with Radar,137,30,83,38,288,0,3,28,3,34,137,33,111,41,322,10,34,44,366
12/07/2022,CHS,SC,ASO,ES,Combined TRACON& Tower with Radar,141,40,104,19,304,0,4,26,4,34,141,44,130,23,338,0,12,12,350
12/08/2022,CHS,SC,ASO,ES,Combined TRACON& Tower with Radar,152,29,80,46,307,0,1,4,0,5,152,30,84,46,312,2,20,22,334
12/09/2022,CHS,SC,ASO,ES,Combined TRACON& Tower with Radar,154,54,75,26,309,0,1,0,0,1,154,55,75,26,310,0,0,0,310
12/10/2022,CHS,SC,ASO,ES,Combined TRACON& Tower with Radar,120,26,39,8,193,0,1,3,0,4,120,27,42,8,197,0,0,0,197
12/11/2022,CHS,SC,ASO,ES,Combined TRACON& Tower with Radar,139,32,69,11,251,0,0,18,0,18,139,32,87,11,269,3,0,3,272
12/12/2022,CHS,SC,ASO,ES,Combined TRACON& Tower with Radar,145,40,75,35,295,0,1,30,15,46,145,41,105,50,341,10,46,56,397
12/13/2022,CHS,SC,ASO,ES,Combined TRACON& Tower with Radar,141,43,66,35,285,0,4,38,8,50,141,47,104,43,335,15,46,61,396
12/14/2022,CHS,SC,ASO,ES,Combined TRACON& Tower with Radar,127,33,99,54,313,0,2,20,0,22,127,35,119,54,335,4,27,31,366
12/15/2022,CHS,SC,ASO,ES,Combined TRACON& Tower with Radar,148,32,70,29,279,0,0,3,0,3,148,32,73,29,282,1,2,3,285
12/16/2022,CHS,SC,ASO,ES,Combined TRACON& Tower with Radar,151,50,96,9,306,0,2,40,0,42,151,52,136,9,348,0,0,0,348
12/17/2022,CHS,SC,ASO,ES,Combined TRACON& Tower with Radar,125,41,60,5,231,0,3,28,0,31,125,44,88,5,262,4,0,4,266
12/18/2022,CHS,SC,ASO,ES,Combined TRACON& Tower with Radar,139,36,57,5,237,1,4,31,0,36,140,40,88,5,273,8,0,8,281
12/19/2022,CHS,SC,ASO,ES,Combined TRACON& Tower with Radar,144,31,75,39,289,0,3,28,4,35,144,34,103,43,324,18,28,46,370
12/20/2022,CHS,SC,ASO,ES,Combined TRACON& Tower with Radar,143,34,67,25,269,0,2,9,0,11,143,36,76,25,280,32,10,42,322
12/21/2022,CHS,SC,ASO,ES,Combined TRACON& Tower with Radar,149,49,79,27,304,0,0,1,0,1,149,49,80,27,305,8,2,10,315
12/22/2022,CHS,SC,ASO,ES,Combined TRACON& Tower with Radar,137,44,50,18,249,0,0,0,0,0,137,44,50,18,249,0,0,0,249
12/23/2022,CHS,SC,ASO,ES,Combined TRACON& Tower with Radar,145,44,35,7,231,0,1,2,0,3,145,45,37,7,234,0,0,0,234
12/24/2022,CHS,SC,ASO,ES,Combined TRACON& Tower with Radar,99,24,11,1,135,0,4,5,0,9,99,28,16,1,144,0,0,0,144
12/25/2022,CHS,SC,ASO,ES,Combined TRACON& Tower with Radar,97,36,13,0,146,0,1,5,0,6,97,37,18,0,152,0,0,0,152
12/26/2022,CHS,SC,ASO,ES,Combined TRACON& Tower with Radar,122,51,76,5,254,0,3,17,0,20,122,54,93,5,274,6,0,6,280
12/27/2022,CHS,SC,ASO,ES,Combined TRACON& Tower with Radar,134,52,79,13,278,0,3,23,7,33,134,55,102,20,311,8,14,22,333
12/28/2022,CHS,SC,ASO,ES,Combined TRACON& Tower with Radar,134,43,116,31,324,0,3,33,1,37,134,46,149,32,361,0,22,22,383
12/29/2022,CHS,SC,ASO,ES,Combined TRACON& Tower with Radar,140,39,68,18,265,0,4,20,3,27,140,43,88,21,292,2,6,8,300
12/30/2022,CHS,SC,ASO,ES,Combined TRACON& Tower with Radar,153,46,73,2,274,0,7,14,0,21,153,53,87,2,295,0,0,0,295
12/31/2022,CHS,SC,ASO,ES,Combined TRACON& Tower with Radar,110,37,34,4,185,0,0,3,0,3,110,37,37,4,188,0,0,0,188
01/01/2023,CHS,SC,ASO,ES,Combined TRACON& Tower with Radar,120,47,45,1,213,0,1,2,0,3,120,48,47,1,216,1,0,1,217
01/02/2023,CHS,SC,ASO,ES,Combined TRACON& Tower with Radar,144,70,67,5,286,0,2,23,0,25,144,72,90,5,311,23,0,23,334
01/03/2023,CHS,SC,ASO,ES,Combined TRACON& Tower with Radar,134,32,52,12,230,0,1,29,2,32,134,33,81,14,262,0,0,0,262
01/04/2023,CHS,SC,ASO,ES,Combined TRACON& Tower with Radar,140,36,48,9,233,0,1,3,2,6,140,37,51,11,239,2,30,32,271
01/05/2023,CHS,SC,ASO,ES,Combined TRACON& Tower with Radar,138,32,66,28,264,0,1,35,4,40,138,33,101,32,304,0,6,6,310
01/06/2023,CHS,SC,ASO,ES,Combined TRACON& Tower with Radar,137,37,73,37,284,0,3,41,1,45,137,40,114,38,329,24,16,40,369
01/07/2023,CHS,SC,ASO,ES,Combined TRACON& Tower with Radar,104,19,67,19,209,0,2,26,1,29,104,21,93,20,238,20,8,28,266
01/08/2023,CHS,SC,ASO,ES,Combined TRACON& Tower with Radar,139,32,54,18,243,0,1,24,0,25,139,33,78,18,268,0,0,0,268
01/09/2023,CHS,SC,ASO,ES,Combined TRACON& Tower with Radar,135,42,64,13,254,0,5,26,0,31,135,47,90,13,285,6,8,14,299
01/10/2023,CHS,SC,ASO,ES,Combined TRACON& Tower with Radar,115,31,79,65,290,0,4,35,4,43,115,35,114,69,333,22,66,88,421
01/11/2023,CHS,SC,ASO,ES,Combined TRACON& Tower with Radar,100,39,75,54,268,0,4,43,4,51,100,43,118,58,319,23,19,42,361
01/12/2023,CHS,SC,ASO,ES,Combined TRACON& Tower with Radar,147,35,86,29,297,0,5,30,9,44,147,40,116,38,341,10,16,26,367
01/13/2023,CHS,SC,ASO,ES,Combined TRACON& Tower with Radar,149,58,68,27,302,0,1,30,3,34,149,59,98,30,336,0,0,0,336
01/14/2023,CHS,SC,ASO,ES,Combined TRACON& Tower with Radar,104,37,41,7,189,0,1,19,0,20,104,38,60,7,209,40,0,40,249
01/15/2023,CHS,SC,ASO,ES,Combined TRACON& Tower with Radar,135,40,61,10,246,0,1,52,0,53,135,41,113,10,299,0,0,0,299
01/16/2023,CHS,SC,ASO,ES,Combined TRACON& Tower with Radar,136,45,73,4,258,0,1,29,0,30,136,46,102,4,288,5,0,5,293
01/17/2023,CHS,SC,ASO,ES,Combined TRACON& Tower with Radar,120,37,54,50,261,0,4,36,2,42,120,41,90,52,303,36,46,82,385
01/18/2023,CHS,SC,ASO,ES,Combined TRACON& Tower with Radar,118,46,86,61,311,0,0,28,2,30,118,46,114,63,341,6,22,28,369
01/19/2023,CHS,SC,ASO,ES,Combined TRACON& Tower with Radar,146,33,63,33,275,0,0,31,0,31,146,33,94,33,306,6,2,8,314
01/20/2023,CHS,SC,ASO,ES,Combined TRACON& Tower with Radar,153,42,85,31,311,0,3,47,3,53,153,45,132,34,364,48,18,66,430
01/21/2023,CHS,SC,ASO,ES,Combined TRACON& Tower with Radar,106,15,53,17,191,0,4,29,0,33,106,19,82,17,224,8,2,10,234
01/22/2023,CHS,SC,ASO,ES,Combined TRACON& Tower with Radar,154,33,32,14,233,0,0,0,0,0,154,33,32,14,233,0,0,0,233
01/23/2023,CHS,SC,ASO,ES,Combined TRACON& Tower with Radar,138,39,76,26,279,0,3,34,3,40,138,42,110,29,319,37,8,45,364
01/24/2023,CHS,SC,ASO,ES,Combined TRACON& Tower with Radar,120,49,72,28,269,0,5,43,3,51,120,54,115,31,320,8,11,19,339
01/25/2023,CHS,SC,ASO,ES,Combined TRACON& Tower with Radar,117,33,47,19,216,0,2,2,2,6,117,35,49,21,222,4,20,24,246
01/26/2023,CHS,SC,ASO,ES,Combined TRACON& Tower with Radar,148,53,85,31,317,0,4,44,2,50,148,57,129,33,367,2,0,2,369
01/27/2023,CHS,SC,ASO,ES,Combined TRACON& Tower with Radar,145,43,75,22,285,0,1,43,2,46,145,44,118,24,331,0,11,11,342
01/28/2023,CHS,SC,ASO,ES,Combined TRACON& Tower with Radar,105,27,67,13,212,0,2,32,0,34,105,29,99,13,246,2,0,2,248
01/29/2023,CHS,SC,ASO,ES,Combined TRACON& Tower with Radar,143,24,73,14,254,0,2,30,0,32,143,26,103,14,286,0,0,0,286
01/30/2023,CHS,SC,ASO,ES,Combined TRACON& Tower with Radar,137,38,45,22,242,0,0,0,0,0,137,38,45,22,242,6,6,12,254
01/31/2023,CHS,SC,ASO,ES,Combined TRACON& Tower with Radar,113,52,57,31,253,0,0,0,1,1,113,52,57,32,254,4,16,20,274
02/01/2023,CHS,SC,ASO,ES,Combined TRACON& Tower with Radar,114,41,72,24,251,0,2,18,1,21,114,43,90,25,272,8,12,20,292
02/02/2023,CHS,SC,ASO,ES,Combined TRACON& Tower with Radar,141,72,97,24,334,0,0,0,0,0,141,72,97,24,334,0,0,0,334
02/03/2023,CHS,SC,ASO,ES,Combined TRACON& Tower with Radar,142,44,59,28,273,0,2,20,2,24,142,46,79,30,297,0,0,0,297
02/04/2023,CHS,SC,ASO,ES,Combined TRACON& Tower with Radar,118,22,71,10,221,0,5,31,0,36,118,27,102,10,257,11,4,15,272
02/05/2023,CHS,SC,ASO,ES,Combined TRACON& Tower with Radar,141,36,78,19,274,0,1,1,0,2,141,37,79,19,276,0,0,0,276
02/06/2023,CHS,SC,ASO,ES,Combined TRACON& Tower with Radar,145,44,95,12,296,1,3,44,2,50,146,47,139,14,346,18,2,20,366
02/07/2023,CHS,SC,ASO,ES,Combined TRACON& Tower with Radar,130,37,121,30,318,0,6,63,5,74,130,43,184,35,392,35,30,65,457
02/08/2023,CHS,SC,ASO,ES,Combined TRACON& Tower with Radar,131,42,81,21,275,0,4,54,4,62,131,46,135,25,337,64,0,64,401
02/09/2023,CHS,SC,ASO,ES,Combined TRACON& Tower with Radar,146,59,77,35,317,0,1,39,3,43,146,60,116,38,360,10,2,12,372
02/10/2023,CHS,SC,ASO,ES,Combined TRACON& Tower with Radar,146,62,63,24,295,0,2,10,1,13,146,64,73,25,308,4,12,16,324
02/11/2023,CHS,SC,ASO,ES,Combined TRACON& Tower with Radar,117,35,31,5,188,0,0,0,0,0,117,35,31,5,188,0,0,0,188
02/12/2023,CHS,SC,ASO,ES,Combined TRACON& Tower with Radar,136,42,50,8,236,0,0,0,0,0,136,42,50,8,236,0,0,0,236
02/13/2023,CHS,SC,ASO,ES,Combined TRACON& Tower with Radar,134,47,87,24,292,0,2,44,2,48,134,49,131,26,340,14,8,22,362
02/14/2023,CHS,SC,ASO,ES,Combined TRACON& Tower with Radar,119,48,62,20,249,0,3,52,2,57,119,51,114,22,306,54,8,62,368
02/15/2023,CHS,SC,ASO,ES,Combined TRACON& Tower with Radar,122,59,95,33,309,0,6,55,3,64,122,65,150,36,373,12,6,18,391
02/16/2023,CHS,SC,ASO,ES,Combined TRACON& Tower with Radar,149,71,102,44,366,0,2,56,6,64,149,73,158,50,430,5,20,25,455
02/17/2023,CHS,SC,ASO,ES,Combined TRACON& Tower with Radar,142,75,98,16,331,0,3,8,1,12,142,78,106,17,343,0,0,0,343
02/18/2023,CHS,SC,ASO,ES,Combined TRACON& Tower with Radar,140,30,71,31,272,0,4,44,3,51,140,34,115,34,323,154,28,182,505
02/19/2023,CHS,SC,ASO,ES,Combined TRACON& Tower with Radar,148,47,101,23,319,0,3,40,1,44,148,50,141,24,363,0,0,0,363
02/20/2023,CHS,SC,ASO,ES,Combined TRACON& Tower with Radar,145,64,75,9,293,0,2,43,1,46,145,66,118,10,339,76,0,76,415
02/21/2023,CHS,SC,ASO,ES,Combined TRACON& Tower with Radar,132,51,85,43,311,0,4,27,6,37,132,55,112,49,348,4,24,28,376
02/22/2023,CHS,SC,ASO,ES,Combined TRACON& Tower with Radar,136,55,88,44,323,0,5,45,5,55,136,60,133,49,378,6,34,40,418
02/23/2023,CHS,SC,ASO,ES,Combined TRACON& Tower with Radar,148,47,86,33,314,0,4,44,7,55,148,51,130,40,369,16,27,43,412
02/24/2023,CHS,SC,ASO,ES,Combined TRACON& Tower with Radar,142,58,85,25,310,0,1,27,0,28,142,59,112,25,338,0,0,0,338
02/25/2023,CHS,SC,ASO,ES,Combined TRACON& Tower with Radar,136,42,53,11,242,0,0,1,0,1,136,42,54,11,243,17,0,17,260
02/26/2023,CHS,SC,ASO,ES,Combined TRACON& Tower with Radar,143,48,79,9,279,0,0,10,0,10,143,48,89,9,289,0,0,0,289
02/27/2023,CHS,SC,ASO,ES,Combined TRACON& Tower with Radar,135,65,70,55,325,0,2,40,4,46,135,67,110,59,371,14,32,46,417
02/28/2023,CHS,SC,ASO,ES,Combined TRACON& Tower with Radar,129,36,76,15,256,0,7,31,6,44,129,43,107,21,300,15,12,27,327
03/01/2023,CHS,SC,ASO,ES,Combined TRACON& Tower with Radar,140,47,95,27,309,0,4,48,0,52,140,51,143,27,361,18,16,34,395
03/02/2023,CHS,SC,ASO,ES,Combined TRACON& Tower with Radar,150,62,69,34,315,0,4,19,3,26,150,66,88,37,341,36,36,72,413
03/03/2023,CHS,SC,ASO,ES,Combined TRACON& Tower with Radar,160,44,68,21,293,0,1,17,5,23,160,45,85,26,316,12,0,12,328
03/04/2023,CHS,SC,ASO,ES,Combined TRACON& Tower with Radar,148,34,81,8,271,0,1,40,0,41,148,35,121,8,312,2,0,2,314
03/05/2023,CHS,SC,ASO,ES,Combined TRACON& Tower with Radar,151,44,79,7,281,0,5,70,2,77,151,49,149,9,358,0,0,0,358
03/06/2023,CHS,SC,ASO,ES,Combined TRACON& Tower with Radar,150,48,76,32,306,0,2,36,0,38,150,50,112,32,344,10,14,24,368
03/07/2023,CHS,SC,ASO,ES,Combined TRACON& Tower with Radar,123,38,64,29,254,0,2,42,7,51,123,40,106,36,305,50,32,82,387
03/08/2023,CHS,SC,ASO,ES,Combined TRACON& Tower with Radar,147,47,72,34,300,0,2,45,0,47,147,49,117,34,347,0,0,0,347
03/09/2023,CHS,SC,ASO,ES,Combined TRACON& Tower with Radar,176,56,98,21,351,0,5,41,3,49,176,61,139,24,400,2,8,10,410
03/10/2023,CHS,SC,ASO,ES,Combined TRACON& Tower with Radar,160,63,67,17,307,0,1,0,0,1,160,64,67,17,308,0,0,0,308
03/11/2023,CHS,SC,ASO,ES,Combined TRACON& Tower with Radar,152,40,58,12,262,0,4,41,1,46,152,44,99,13,308,14,0,14,322
03/12/2023,CHS,SC,ASO,ES,Combined TRACON& Tower with Radar,166,54,59,5,284,0,1,14,0,15,166,55,73,5,299,0,0,0,299
03/13/2023,CHS,SC,ASO,ES,Combined TRACON& Tower with Radar,164,57,67,35,323,0,1,4,3,8,164,58,71,38,331,7,17,24,355
03/14/2023,CHS,SC,ASO,ES,Combined TRACON& Tower with Radar,127,46,83,25,281,0,4,42,2,48,127,50,125,27,329,4,4,8,337
03/15/2023,CHS,SC,ASO,ES,Combined TRACON& Tower with Radar,160,46,73,35,314,0,4,46,5,55,160,50,119,40,369,42,18,60,429
03/16/2023,CHS,SC,ASO,ES,Combined TRACON& Tower with Radar,174,47,122,20,363,0,4,42,5,51,174,51,164,25,414,2,0,2,416
03/17/2023,CHS,SC,ASO,ES,Combined TRACON& Tower with Radar,177,43,73,17,310,0,2,31,1,34,177,45,104,18,344,0,0,0,344
03/18/2023,CHS,SC,ASO,ES,Combined TRACON& Tower with Radar,159,25,47,9,240,0,0,6,0,6,159,25,53,9,246,0,0,0,246
03/19/2023,CHS,SC,ASO,ES,Combined TRACON& Tower with Radar,172,33,93,12,310,0,0,39,0,39,172,33,132,12,349,0,0,0,349
03/20/2023,CHS,SC,ASO,ES,Combined TRACON& Tower with Radar,168,38,78,17,301,0,1,31,0,32,168,39,109,17,333,6,18,24,357
03/21/2023,CHS,SC,ASO,ES,Combined TRACON& Tower with Radar,144,48,69,24,285,0,9,39,4,52,144,57,108,28,337,16,6,22,359
03/22/2023,CHS,SC,ASO,ES,Combined TRACON& Tower with Radar,158,59,98,34,349,0,2,15,0,17,158,61,113,34,366,12,4,16,382
03/23/2023,CHS,SC,ASO,ES,Combined TRACON& Tower with Radar,174,54,80,29,337,0,2,47,1,50,174,56,127,30,387,0,0,0,387
03/24/2023,CHS,SC,ASO,ES,Combined TRACON& Tower with Radar,179,63,121,24,387,0,3,43,2,48,179,66,164,26,435,0,0,0,435
03/25/2023,CHS,SC,ASO,ES,Combined TRACON& Tower with Radar,153,21,43,19,236,0,1,8,1,10,153,22,51,20,246,4,4,8,254
03/26/2023,CHS,SC,ASO,ES,Combined TRACON& Tower with Radar,162,51,86,11,310,0,1,11,2,14,162,52,97,13,324,0,0,0,324
03/27/2023,CHS,SC,ASO,ES,Combined TRACON& Tower with Radar,167,42,52,31,292,0,1,7,1,9,167,43,59,32,301,0,12,12,313
03/28/2023,CHS,SC,ASO,ES,Combined TRACON& Tower with Radar,149,49,80,27,305,0,2,8,0,10,149,51,88,27,315,6,16,22,337
03/29/2023,CHS,SC,ASO,ES,Combined TRACON& Tower with Radar,157,32,100,53,342,0,2,39,3,44,157,34,139,56,386,0,32,32,418
03/30/2023,CHS,SC,ASO,ES,Combined TRACON& Tower with Radar,178,51,118,23,370,0,2,52,7,61,178,53,170,30,431,6,4,10,441
03/31/2023,CHS,SC,ASO,ES,Combined TRACON& Tower with Radar,163,72,70,22,327,0,4,31,3,38,163,76,101,25,365,0,0,0,365
04/01/2023,CHS,SC,ASO,ES,Combined TRACON& Tower with Radar,155,40,44,10,249,0,2,11,0,13,155,42,55,10,262,2,0,2,264
04/02/2023,CHS,SC,ASO,ES,Combined TRACON& Tower with Radar,150,70,79,5,304,0,1,34,0,35,150,71,113,5,339,6,0,6,345
04/03/2023,CHS,SC,ASO,ES,Combined TRACON& Tower with Radar,166,63,78,23,330,0,4,20,3,27,166,67,98,26,357,4,22,26,383
04/04/2023,CHS,SC,ASO,ES,Combined TRACON& Tower with Radar,155,68,76,25,324,0,3,28,9,40,155,71,104,34,364,0,0,0,364
04/05/2023,CHS,SC,ASO,ES,Combined TRACON& Tower with Radar,158,77,103,32,370,0,3,34,5,42,158,80,137,37,412,1,26,27,439
04/06/2023,CHS,SC,ASO,ES,Combined TRACON& Tower with Radar,171,77,86,33,367,0,5,37,5,47,171,82,123,38,414,10,20,30,444
04/07/2023,CHS,SC,ASO,ES,Combined TRACON& Tower with Radar,179,87,102,14,382,0,4,24,2,30,179,91,126,16,412,0,0,0,412
04/08/2023,CHS,SC,ASO,ES,Combined TRACON& Tower with Radar,164,49,49,4,266,0,0,0,1,1,164,49,49,5,267,0,0,0,267
04/09/2023,CHS,SC,ASO,ES,Combined TRACON& Tower with Radar,178,63,47,6,294,0,0,21,2,23,178,63,68,8,317,0,0,0,317
04/10/2023,CHS,SC,ASO,ES,Combined TRACON& Tower with Radar,180,47,105,9,341,0,2,40,4,46,180,49,145,13,387,26,4,30,417
04/11/2023,CHS,SC,ASO,ES,Combined TRACON& Tower with Radar,161,50,84,16,311,0,3,43,4,50,161,53,127,20,361,30,6,36,397
04/12/2023,CHS,SC,ASO,ES,Combined TRACON& Tower with Radar,168,66,88,19,341,0,2,48,2,52,168,68,136,21,393,4,2,6,399
04/13/2023,CHS,SC,ASO,ES,Combined TRACON& Tower with Radar,166,52,119,21,358,0,2,28,1,31,166,54,147,22,389,0,0,0,389
04/14/2023,CHS,SC,ASO,ES,Combined TRACON& Tower with Radar,179,79,78,22,358,0,2,15,0,17,179,81,93,22,375,0,0,0,375
04/15/2023,CHS,SC,ASO,ES,Combined TRACON& Tower with Radar,163,57,71,14,305,0,4,37,0,41,163,61,108,14,346,16,0,16,362
04/16/2023,CHS,SC,ASO,ES,Combined TRACON& Tower with Radar,184,64,63,10,321,0,0,28,1,29,184,64,91,11,350,0,0,0,350
04/17/2023,CHS,SC,ASO,ES,Combined TRACON& Tower with Radar,173,66,73,19,331,0,1,26,0,27,173,67,99,19,358,11,4,15,373
04/18/2023,CHS,SC,ASO,ES,Combined TRACON& Tower with Radar,155,59,98,18,330,0,3,32,1,36,155,62,130,19,366,22,0,22,388
04/19/2023,CHS,SC,ASO,ES,Combined TRACON& Tower with Radar,169,63,116,19,367,0,2,50,3,55,169,65,166,22,422,12,24,36,458
04/20/2023,CHS,SC,ASO,ES,Combined TRACON& Tower with Radar,187,93,106,15,401,0,2,39,2,43,187,95,145,17,444,0,0,0,444
04/21/2023,CHS,SC,ASO,ES,Combined TRACON& Tower with Radar,185,55,113,25,378,0,4,38,0,42,185,59,151,25,420,0,0,0,420
04/22/2023,CHS,SC,ASO,ES,Combined TRACON& Tower with Radar,148,29,52,10,239,0,2,9,5,16,148,31,61,15,255,10,2,12,267
04/23/2023,CHS,SC,ASO,ES,Combined TRACON& Tower with Radar,195,59,72,10,336,0,1,47,0,48,195,60,119,10,384,0,0,0,384
04/24/2023,CHS,SC,ASO,ES,Combined TRACON& Tower with Radar,184,41,80,13,318,0,3,28,2,33,184,44,108,15,351,24,8,32,383
04/25/2023,CHS,SC,ASO,ES,Combined TRACON& Tower with Radar,153,45,88,15,301,0,4,35,8,47,153,49,123,23,348,18,2,20,368
04/26/2023,CHS,SC,ASO,ES,Combined TRACON& Tower with Radar,172,46,95,20,333,0,3,27,3,33,172,49,122,23,366,4,2,6,372
04/27/2023,CHS,SC,ASO,ES,Combined TRACON& Tower with Radar,190,39,98,47,374,0,0,11,1,12,190,39,109,48,386,16,40,56,442
04/28/2023,CHS,SC,ASO,ES,Combined TRACON& Tower with Radar,184,57,73,18,332,0,1,13,1,15,184,58,86,19,347,0,0,0,347
04/29/2023,CHS,SC,ASO,ES,Combined TRACON& Tower with Radar,158,39,59,6,262,0,1,21,0,22,158,40,80,6,284,0,0,0,284
04/30/2023,CHS,SC,ASO,ES,Combined TRACON& Tower with Radar,194,49,61,10,314,0,1,16,0,17,194,50,77,10,331,0,0,0,331
05/01/2023,CHS,SC,ASO,ES,Combined TRACON& Tower with Radar,187,41,66,7,301,0,2,13,0,15,187,43,79,7,316,16,0,16,332
05/02/2023,CHS,SC,ASO,ES,Combined TRACON& Tower with Radar,165,47,65,20,297,0,3,21,5,29,165,50,86,25,326,0,0,0,326
05/03/2023,CHS,SC,ASO,ES,Combined TRACON& Tower with Radar,171,49,80,20,320,0,4,24,8,36,171,53,104,28,356,0,0,0,356
05/04/2023,CHS,SC,ASO,ES,Combined TRACON& Tower with Radar,192,67,99,23,381,0,2,42,5,49,192,69,141,28,430,12,2,14,444
05/05/2023,CHS,SC,ASO,ES,Combined TRACON& Tower with Radar,185,59,104,44,392,0,5,28,11,44,185,64,132,55,436,6,38,44,480
05/06/2023,CHS,SC,ASO,ES,Combined TRACON& Tower with Radar,159,32,66,12,269,0,1,27,0,28,159,33,93,12,297,2,4,6,303
05/07/2023,CHS,SC,ASO,ES,Combined TRACON& Tower with Radar,185,58,75,28,346,0,1,27,9,37,185,59,102,37,383,0,0,0,383
05/08/2023,CHS,SC,ASO,ES,Combined TRACON& Tower with Radar,178,38,73,26,315,0,1,28,1,30,178,39,101,27,345,4,0,4,349
05/09/2023,CHS,SC,ASO,ES,Combined TRACON& Tower with Radar,158,39,47,22,266,0,1,27,1,29,158,40,74,23,295,14,0,14,309
05/10/2023,CHS,SC,ASO,ES,Combined TRACON& Tower with Radar,165,42,122,27,356,0,2,24,2,28,165,44,146,29,384,36,16,52,436
05/11/2023,CHS,SC,ASO,ES,Combined TRACON& Tower with Radar,183,47,118,19,367,0,4,19,1,24,183,51,137,20,391,16,0,16,407
05/12/2023,CHS,SC,ASO,ES,Combined TRACON& Tower with Radar,189,52,104,24,369,0,2,43,1,46,189,54,147,25,415,0,0,0,415
05/13/2023,CHS,SC,ASO,ES,Combined TRACON& Tower with Radar,161,26,65,33,285,0,4,20,5,29,161,30,85,38,314,0,0,0,314
05/14/2023,CHS,SC,ASO,ES,Combined TRACON& Tower with Radar,186,37,63,13,299,0,2,20,0,22,186,39,83,13,321,6,0,6,327
05/15/2023,CHS,SC,ASO,ES,Combined TRACON& Tower with Radar,184,50,84,10,328,0,1,29,1,31,184,51,113,11,359,34,0,34,393
05/16/2023,CHS,SC,ASO,ES,Combined TRACON& Tower with Radar,159,42,80,37,318,0,7,33,1,41,159,49,113,38,359,10,22,32,391
05/17/2023,CHS,SC,ASO,ES,Combined TRACON& Tower with Radar,168,43,82,22,315,0,1,20,2,23,168,44,102,24,338,10,22,32,370
05/18/2023,CHS,SC,ASO,ES,Combined TRACON& Tower with Radar,193,65,78,36,372,0,1,0,0,1,193,66,78,36,373,0,8,8,381
05/19/2023,CHS,SC,ASO,ES,Combined TRACON& Tower with Radar,177,72,90,19,358,0,0,2,1,3,177,72,92,20,361,0,0,0,361
05/20/2023,CHS,SC,ASO,ES,Combined TRACON& Tower with Radar,163,35,70,11,279,0,2,10,0,12,163,37,80,11,291,0,0,0,291
05/21/2023,CHS,SC,ASO,ES,Combined TRACON& Tower with Radar,186,39,92,5,322,0,0,8,0,8,186,39,100,5,330,4,0,4,334
05/22/2023,CHS,SC,ASO,ES,Combined TRACON& Tower with Radar,177,45,102,11,335,0,2,34,1,37,177,47,136,12,372,8,0,8,380
05/23/2023,CHS,SC,ASO,ES,Combined TRACON& Tower with Radar,160,54,74,40,328,0,7,32,7,46,160,61,106,47,374,40,24,64,438
05/24/2023,CHS,SC,ASO,ES,Combined TRACON& Tower with Radar,176,50,109,26,361,0,6,44,2,52,176,56,153,28,413,6,16,22,435
05/25/2023,CHS,SC,ASO,ES,Combined TRACON& Tower with Radar,183,59,91,24,357,0,5,25,3,33,183,64,116,27,390,6,2,8,398
05/26/2023,CHS,SC,ASO,ES,Combined TRACON& Tower with Radar,194,51,54,13,312,0,1,2,0,3,194,52,56,13,315,0,0,0,315
05/27/2023,CHS,SC,ASO,ES,Combined TRACON& Tower with Radar,158,36,24,4,222,0,1,0,0,1,158,37,24,4,223,0,0,0,223
05/28/2023,CHS,SC,ASO,ES,Combined TRACON& Tower with Radar,181,32,44,5,262,0,2,0,0,2,181,34,44,5,264,0,0,0,264
05/29/2023,CHS,SC,ASO,ES,Combined TRACON& Tower with Radar,185,65,63,9,322,0,5,30,0,35,185,70,93,9,357,16,0,16,373
05/30/2023,CHS,SC,ASO,ES,Combined TRACON& Tower with Radar,158,58,65,33,314,0,5,33,3,41,158,63,98,36,355,2,29,31,386
05/31/2023,CHS,SC,ASO,ES,Combined TRACON& Tower with Radar,169,35,82,14,300,0,1,23,0,24,169,36,105,14,324,4,0,4,328
06/01/2023,CHS,SC,ASO,ES,Combined TRACON& Tower with Radar,185,57,81,18,341,0,3,42,5,50,185,60,123,23,391,14,14,28,419
06/02/2023,CHS,SC,ASO,ES,Combined TRACON& Tower with Radar,175,52,80,18,325,0,2,14,1,17,175,54,94,19,342,0,0,0,342
06/03/2023,CHS,SC,ASO,ES,Combined TRACON& Tower with Radar,171,26,62,6,265,0,4,25,2,31,171,30,87,8,296,0,0,0,296
06/04/2023,CHS,SC,ASO,ES,Combined TRACON& Tower with Radar,184,48,83,10,325,0,4,7,1,12,184,52,90,11,337,10,2,12,349
06/05/2023,CHS,SC,ASO,ES,Combined TRACON& Tower with Radar,176,48,69,10,303,0,8,52,3,63,176,56,121,13,366,30,18,48,414
06/06/2023,CHS,SC,ASO,ES,Combined TRACON& Tower with Radar,155,40,66,20,281,0,1,38,3,42,155,41,104,23,323,22,8,30,353
06/07/2023,CHS,SC,ASO,ES,Combined TRACON& Tower with Radar,173,55,91,22,341,0,3,41,8,52,173,58,132,30,393,10,8,18,411
06/08/2023,CHS,SC,ASO,ES,Combined TRACON& Tower with Radar,180,54,109,24,367,0,3,43,3,49,180,57,152,27,416,34,4,38,454
06/09/2023,CHS,SC,ASO,ES,Combined TRACON& Tower with Radar,178,34,97,31,340,0,7,51,2,60,178,41,148,33,400,20,8,28,428
06/10/2023,CHS,SC,ASO,ES,Combined TRACON& Tower with Radar,188,41,51,24,304,0,5,36,9,50,188,46,87,33,354,9,0,9,363
06/11/2023,CHS,SC,ASO,ES,Combined TRACON& Tower with Radar,182,31,69,16,298,0,3,19,3,25,182,34,88,19,323,0,0,0,323
06/12/2023,CHS,SC,ASO,ES,Combined TRACON& Tower with Radar,178,42,67,10,297,0,2,18,1,21,178,44,85,11,318,2,0,2,320
06/13/2023,CHS,SC,ASO,ES,Combined TRACON& Tower with Radar,162,35,71,13,281,0,3,36,0,39,162,38,107,13,320,2,6,8,328
06/14/2023,CHS,SC,ASO,ES,Combined TRACON& Tower with Radar,173,35,59,31,298,0,2,19,0,21,173,37,78,31,319,0,10,10,329
06/15/2023,CHS,SC,ASO,ES,Combined TRACON& Tower with Radar,178,70,89,24,361,0,3,8,2,13,178,73,97,26,374,4,12,16,390
06/16/2023,CHS,SC,ASO,ES,Combined TRACON& Tower with Radar,182,48,78,12,320,0,4,26,0,30,182,52,104,12,350,5,2,7,357
06/17/2023,CHS,SC,ASO,ES,Combined TRACON& Tower with Radar,181,28,61,12,282,0,2,33,6,41,181,30,94,18,323,0,0,0,323
06/18/2023,CHS,SC,ASO,ES,Combined TRACON& Tower with Radar,183,30,60,6,279,0,1,20,1,22,183,31,80,7,301,0,0,0,301
06/19/2023,CHS,SC,ASO,ES,Combined TRACON& Tower with Radar,174,48,63,9,294,0,2,26,0,28,174,50,89,9,322,14,0,14,336
06/20/2023,CHS,SC,ASO,ES,Combined TRACON& Tower with Radar,155,34,48,32,269,0,0,3,1,4,155,34,51,33,273,14,16,30,303
06/21/2023,CHS,SC,ASO,ES,Combined TRACON& Tower with Radar,176,42,66,26,310,0,1,6,3,10,176,43,72,29,320,2,16,18,338
06/22/2023,CHS,SC,ASO,ES,Combined TRACON& Tower with Radar,184,42,70,36,332,0,0,2,3,5,184,42,72,39,337,2,22,24,361
06/23/2023,CHS,SC,ASO,ES,Combined TRACON& Tower with Radar,187,55,78,26,346,0,1,9,3,13,187,56,87,29,359,0,0,0,359
06/24/2023,CHS,SC,ASO,ES,Combined TRACON& Tower with Radar,193,29,79,7,308,0,3,46,0,49,193,32,125,7,357,0,0,0,357
06/25/2023,CHS,SC,ASO,ES,Combined TRACON& Tower with Radar,170,32,88,8,298,0,4,34,1,39,170,36,122,9,337,15,0,15,352
06/26/2023,CHS,SC,ASO,ES,Combined TRACON& Tower with Radar,166,33,75,30,304,0,3,32,4,39,166,36,107,34,343,26,18,44,387
06/27/2023,CHS,SC,ASO,ES,Combined TRACON& Tower with Radar,147,31,86,19,283,0,3,51,1,55,147,34,137,20,338,6,0,6,344
06/28/2023,CHS,SC,ASO,ES,Combined TRACON& Tower with Radar,161,54,85,15,315,0,3,44,0,47,161,57,129,15,362,24,0,24,386
06/29/2023,CHS,SC,ASO,ES,Combined TRACON& Tower with Radar,192,60,127,30,409,0,5,60,2,67,192,65,187,32,476,2,0,2,478
06/30/2023,CHS,SC,ASO,ES,Combined TRACON& Tower with Radar,181,66,105,14,366,0,4,42,0,46,181,70,147,14,412,0,0,0,412
07/01/2023,CHS,SC,ASO,ES,Combined TRACON& Tower with Radar,182,53,77,9,321,0,4,32,0,36,182,57,109,9,357,0,0,0,357
07/02/2023,CHS,SC,ASO,ES,Combined TRACON& Tower with Radar,178,20,48,2,248,0,3,23,0,26,178,23,71,2,274,0,0,0,274
07/03/2023,CHS,SC,ASO,ES,Combined TRACON& Tower with Radar,156,33,46,4,239,0,2,28,0,30,156,35,74,4,269,7,0,7,276
07/04/2023,CHS,SC,ASO,ES,Combined TRACON& Tower with Radar,134,32,25,4,195,0,3,18,2,23,134,35,43,6,218,2,0,2,220
07/05/2023,CHS,SC,ASO,ES,Combined TRACON& Tower with Radar,163,33,73,14,283,0,2,13,2,17,163,35,86,16,300,0,0,0,300
07/06/2023,CHS,SC,ASO,ES,Combined TRACON& Tower with Radar,185,33,60,29,307,0,4,30,4,38,185,37,90,33,345,24,22,46,391
07/07/2023,CHS,SC,ASO,ES,Combined TRACON& Tower with Radar,170,50,80,13,313,0,2,30,1,33,170,52,110,14,346,0,0,0,346
07/08/2023,CHS,SC,ASO,ES,Combined TRACON& Tower with Radar,189,35,72,9,305,0,2,26,0,28,189,37,98,9,333,29,0,29,362
07/09/2023,CHS,SC,ASO,ES,Combined TRACON& Tower with Radar,160,32,73,8,273,0,3,31,0,34,160,35,104,8,307,8,0,8,315
07/10/2023,CHS,SC,ASO,ES,Combined TRACON& Tower with Radar,186,34,47,6,273,0,1,2,0,3,186,35,49,6,276,2,0,2,278
07/11/2023,CHS,SC,ASO,ES,Combined TRACON& Tower with Radar,163,48,69,19,299,0,4,40,2,46,163,52,109,21,345,24,4,28,373
07/12/2023,CHS,SC,ASO,ES,Combined TRACON& Tower with Radar,181,58,77,12,328,0,8,41,9,58,181,66,118,21,386,1,10,11,397
07/13/2023,CHS,SC,ASO,ES,Combined TRACON& Tower with Radar,185,48,92,21,346,0,3,35,2,40,185,51,127,23,386,11,0,11,397
07/14/2023,CHS,SC,ASO,ES,Combined TRACON& Tower with Radar,177,55,90,20,342,0,3,39,6,48,177,58,129,26,390,0,0,0,390
07/15/2023,CHS,SC,ASO,ES,Combined TRACON& Tower with Radar,189,35,70,11,305,0,2,20,1,23,189,37,90,12,328,4,20,24,352
07/16/2023,CHS,SC,ASO,ES,Combined TRACON& Tower with Radar,158,29,71,15,273,0,3,28,2,33,158,32,99,17,306,4,6,10,316
07/17/2023,CHS,SC,ASO,ES,Combined TRACON& Tower with Radar,181,40,76,10,307,0,1,19,0,20,181,41,95,10,327,0,0,0,327
07/18/2023,CHS,SC,ASO,ES,Combined TRACON& Tower with Radar,164,37,91,21,313,0,4,32,1,37,164,41,123,22,350,0,0,0,350
07/19/2023,CHS,SC,ASO,ES,Combined TRACON& Tower with Radar,187,40,80,14,321,0,3,24,3,30,187,43,104,17,351,0,0,0,351
07/20/2023,CHS,SC,ASO,ES,Combined TRACON& Tower with Radar,183,51,81,20,335,0,4,34,0,38,183,55,115,20,373,0,12,12,385
07/21/2023,CHS,SC,ASO,ES,Combined TRACON& Tower with Radar,188,52,88,25,353,0,4,27,2,33,188,56,115,27,386,0,0,0,386
07/22/2023,CHS,SC,ASO,ES,Combined TRACON& Tower with Radar,193,24,41,9,267,0,4,28,0,32,193,28,69,9,299,0,0,0,299
07/23/2023,CHS,SC,ASO,ES,Combined TRACON& Tower with Radar,184,35,61,8,288,0,0,10,4,14,184,35,71,12,302,6,1,7,309
07/24/2023,CHS,SC,ASO,ES,Combined TRACON& Tower with Radar,189,32,92,7,320,0,0,17,0,17,189,32,109,7,337,16,0,16,353
07/25/2023,CHS,SC,ASO,ES,Combined TRACON& Tower with Radar,161,31,92,27,311,0,6,28,2,36,161,37,120,29,347,8,2,10,357
07/26/2023,CHS,SC,ASO,ES,Combined TRACON& Tower with Radar,188,46,91,20,345,0,7,24,2,33,188,53,115,22,378,8,6,14,392
07/27/2023,CHS,SC,ASO,ES,Combined TRACON& Tower with Radar,180,30,78,31,319,0,7,35,7,49,180,37,113,38,368,0,28,28,396
07/28/2023,CHS,SC,ASO,ES,Combined TRACON& Tower with Radar,187,31,45,17,280,0,2,7,4,13,187,33,52,21,293,0,0,0,293
07/29/2023,CHS,SC,ASO,ES,Combined TRACON& Tower with Radar,189,22,44,17,272,0,1,3,0,4,189,23,47,17,276,8,4,12,288
07/30/2023,CHS,SC,ASO,ES,Combined TRACON& Tower with Radar,193,32,55,7,287,0,0,32,0,32,193,32,87,7,319,0,6,6,325
07/31/2023,CHS,SC,ASO,ES,Combined TRACON& Tower with Radar,190,34,58,20,302,0,2,50,1,53,190,36,108,21,355,18,2,20,375
08/01/2023,CHS,SC,ASO,ES,Combined TRACON& Tower with Radar,157,30,36,22,245,0,3,46,1,50,157,33,82,23,295,0,0,0,295
08/02/2023,CHS,SC,ASO,ES,Combined TRACON& Tower with Radar,177,31,62,33,303,0,7,68,2,77,177,38,130,35,380,20,16,36,416
08/03/2023,CHS,SC,ASO,ES,Combined TRACON& Tower with Radar,185,30,66,28,309,0,7,64,0,71,185,37,130,28,380,0,0,0,380
08/04/2023,CHS,SC,ASO,ES,Combined TRACON& Tower with Radar,178,40,57,9,284,0,5,2,0,7,178,45,59,9,291,0,0,0,291
08/05/2023,CHS,SC,ASO,ES,Combined TRACON& Tower with Radar,191,21,56,10,278,0,9,39,0,48,191,30,95,10,326,0,2,2,328
08/06/2023,CHS,SC,ASO,ES,Combined TRACON& Tower with Radar,175,35,48,6,264,0,5,40,2,47,175,40,88,8,311,18,0,18,329
08/07/2023,CHS,SC,ASO,ES,Combined TRACON& Tower with Radar,182,38,45,14,279,0,0,53,0,53,182,38,98,14,332,28,0,28,360
08/08/2023,CHS,SC,ASO,ES,Combined TRACON& Tower with Radar,167,34,64,33,298,0,7,51,4,62,167,41,115,37,360,30,20,50,410
08/09/2023,CHS,SC,ASO,ES,Combined TRACON& Tower with Radar,171,52,56,24,303,0,6,68,6,80,171,58,124,30,383,6,22,28,411
08/10/2023,CHS,SC,ASO,ES,Combined TRACON& Tower with Radar,171,41,50,38,300,0,6,45,1,52,171,47,95,39,352,11,6,17,369
08/11/2023,CHS,SC,ASO,ES,Combined TRACON& Tower with Radar,189,49,38,32,308,0,6,60,0,66,189,55,98,32,374,0,0,0,374
08/12/2023,CHS,SC,ASO,ES,Combined TRACON& Tower with Radar,187,32,57,9,285,0,1,61,0,62,187,33,118,9,347,0,0,0,347
08/13/2023,CHS,SC,ASO,ES,Combined TRACON& Tower with Radar,182,37,59,10,288,0,7,31,1,39,182,44,90,11,327,0,0,0,327
08/14/2023,CHS,SC,ASO,ES,Combined TRACON& Tower with Radar,179,24,40,18,261,0,1,53,1,55,179,25,93,19,316,17,4,21,337
08/15/2023,CHS,SC,ASO,ES,Combined TRACON& Tower with Radar,154,37,38,17,246,0,7,48,0,55,154,44,86,17,301,24,6,30,331
08/16/2023,CHS,SC,ASO,ES,Combined TRACON& Tower with Radar,167,40,62,37,306,0,4,37,4,45,167,44,99,41,351,2,38,40,391
08/17/2023,CHS,SC,ASO,ES,Combined TRACON& Tower with Radar,179,48,65,18,310,0,1,69,1,71,179,49,134,19,381,34,4,38,419
08/18/2023,CHS,SC,ASO,ES,Combined TRACON& Tower with Radar,176,52,78,28,334,0,8,55,0,63,176,60,133,28,397,0,0,0,397
08/19/2023,CHS,SC,ASO,ES,Combined TRACON& Tower with Radar,180,26,23,12,241,0,6,27,1,34,180,32,50,13,275,13,22,35,310
08/20/2023,CHS,SC,ASO,ES,Combined TRACON& Tower with Radar,170,34,63,13,280,0,5,21,0,26,170,39,84,13,306,0,0,0,306
08/21/2023,CHS,SC,ASO,ES,Combined TRACON& Tower with Radar,164,30,41,19,254,0,2,44,1,47,164,32,85,20,301,4,4,8,309
08/22/2023,CHS,SC,ASO,ES,Combined TRACON& Tower with Radar,155,28,57,29,269,0,6,38,4,48,155,34,95,33,317,4,26,30,347
08/23/2023,CHS,SC,ASO,ES,Combined TRACON& Tower with Radar,160,36,60,25,281,0,4,47,3,54,160,40,107,28,335,0,0,0,335
08/24/2023,CHS,SC,ASO,ES,Combined TRACON& Tower with Radar,163,37,63,20,283,0,2,88,0,90,163,39,151,20,373,26,6,32,405
08/25/2023,CHS,SC,ASO,ES,Combined TRACON& Tower with Radar,179,40,65,24,308,0,3,58,4,65,179,43,123,28,373,0,0,0,373
08/26/2023,CHS,SC,ASO,ES,Combined TRACON& Tower with Radar,174,31,49,14,268,0,3,45,0,48,174,34,94,14,316,28,16,44,360
08/27/2023,CHS,SC,ASO,ES,Combined TRACON& Tower with Radar,166,21,66,4,257,0,0,25,1,26,166,21,91,5,283,4,0,4,287
08/28/2023,CHS,SC,ASO,ES,Combined TRACON& Tower with Radar,172,48,45,16,281,0,2,41,0,43,172,50,86,16,324,14,8,22,346
08/29/2023,CHS,SC,ASO,ES,Combined TRACON& Tower with Radar,140,26,67,25,258,0,2,31,0,33,140,28,98,25,291,4,0,4,295
08/30/2023,CHS,SC,ASO,ES,Combined TRACON& Tower with Radar,91,20,15,3,129,0,2,1,0,3,91,22,16,3,132,0,0,0,132
08/31/2023,CHS,SC,ASO,ES,Combined TRACON& Tower with Radar,149,43,50,8,250,0,2,17,0,19,149,45,67,8,269,22,4,26,295
01/01/2020,CHS,SC,ASO,ES,Combined TRACON& Tower with Radar,100,31,22,2,155,0,8,24,0,32,100,39,46,2,187,4,0,4,191
01/02/2020,CHS,SC,ASO,ES,Combined TRACON& Tower with Radar,128,45,50,4,227,0,2,45,0,47,128,47,95,4,274,14,6,20,294
01/03/2020,CHS,SC,ASO,ES,Combined TRACON& Tower with Radar,134,66,36,15,251,0,0,13,0,13,134,66,49,15,264,6,8,14,278
01/04/2020,CHS,SC,ASO,ES,Combined TRACON& Tower with Radar,103,38,20,10,171,0,0,9,1,10,103,38,29,11,181,0,4,4,185
01/05/2020,CHS,SC,ASO,ES,Combined TRACON& Tower with Radar,127,50,60,18,255,0,5,49,0,54,127,55,109,18,309,6,9,15,324
01/06/2020,CHS,SC,ASO,ES,Combined TRACON& Tower with Radar,118,58,40,20,236,0,6,42,0,48,118,64,82,20,284,16,22,38,322
01/07/2020,CHS,SC,ASO,ES,Combined TRACON& Tower with Radar,109,51,50,52,262,0,3,24,3,30,109,54,74,55,292,0,48,48,340
01/08/2020,CHS,SC,ASO,ES,Combined TRACON& Tower with Radar,116,41,43,41,241,0,3,37,7,47,116,44,80,48,288,10,34,44,332
01/09/2020,CHS,SC,ASO,ES,Combined TRACON& Tower with Radar,116,45,78,74,313,0,3,42,1,46,116,48,120,75,359,2,62,64,423
01/10/2020,CHS,SC,ASO,ES,Combined TRACON& Tower with Radar,116,46,51,71,284,0,4,28,2,34,116,50,79,73,318,0,82,82,400
01/11/2020,CHS,SC,ASO,ES,Combined TRACON& Tower with Radar,101,30,38,19,188,0,0,9,4,13,101,30,47,23,201,6,10,16,217
01/12/2020,CHS,SC,ASO,ES,Combined TRACON& Tower with Radar,114,39,59,20,232,0,0,3,0,3,114,39,62,20,235,2,10,12,247
01/13/2020,CHS,SC,ASO,ES,Combined TRACON& Tower with Radar,114,44,53,62,273,0,2,3,7,12,114,46,56,69,285,6,78,84,369
01/14/2020,CHS,SC,ASO,ES,Combined TRACON& Tower with Radar,114,45,60,60,279,0,2,33,14,49,114,47,93,74,328,4,62,66,394
01/15/2020,CHS,SC,ASO,ES,Combined TRACON& Tower with Radar,123,42,54,60,279,0,3,38,1,42,123,45,92,61,321,4,28,32,353
01/16/2020,CHS,SC,ASO,ES,Combined TRACON& Tower with Radar,117,47,74,25,263,0,4,39,1,44,117,51,113,26,307,2,4,6,313
01/17/2020,CHS,SC,ASO,ES,Combined TRACON& Tower with Radar,118,45,57,39,259,0,1,79,4,84,118,46,136,43,343,10,12,22,365
01/18/2020,CHS,SC,ASO,ES,Combined TRACON& Tower with Radar,93,35,32,18,178,0,5,31,1,37,93,40,63,19,215,4,0,4,219
01/19/2020,CHS,SC,ASO,ES,Combined TRACON& Tower with Radar,98,23,51,29,201,0,3,12,0,15,98,26,63,29,216,0,12,12,228
01/20/2020,CHS,SC,ASO,ES,Combined TRACON& Tower with Radar,118,45,48,30,241,0,8,45,1,54,118,53,93,31,295,8,24,32,327
01/21/2020,CHS,SC,ASO,ES,Combined TRACON& Tower with Radar,114,47,60,52,273,0,4,30,3,37,114,51,90,55,310,4,32,36,346
01/22/2020,CHS,SC,ASO,ES,Combined TRACON& Tower with Radar,116,43,43,40,242,0,3,23,5,31,116,46,66,45,273,2,30,32,305
01/23/2020,CHS,SC,ASO,ES,Combined TRACON& Tower with Radar,122,43,65,33,263,0,5,63,5,73,122,48,128,38,336,6,13,19,355
01/24/2020,CHS,SC,ASO,ES,Combined TRACON& Tower with Radar,112,42,49,25,228,0,0,8,2,10,112,42,57,27,238,12,42,54,292
01/25/2020,CHS,SC,ASO,ES,Combined TRACON& Tower with Radar,102,33,39,9,183,0,1,43,0,44,102,34,82,9,227,20,0,20,247
01/26/2020,CHS,SC,ASO,ES,Combined TRACON& Tower with Radar,114,38,38,8,198,0,6,29,0,35,114,44,67,8,233,6,0,6,239
01/27/2020,CHS,SC,ASO,ES,Combined TRACON& Tower with Radar,102,44,40,32,218,0,7,17,0,24,102,51,57,32,242,24,16,40,282
01/28/2020,CHS,SC,ASO,ES,Combined TRACON& Tower with Radar,115,46,70,36,267,0,2,55,4,61,115,48,125,40,328,22,8,30,358
01/29/2020,CHS,SC,ASO,ES,Combined TRACON& Tower with Radar,120,42,58,66,286,0,3,33,12,48,120,45,91,78,334,10,54,64,398
01/30/2020,CHS,SC,ASO,ES,Combined TRACON& Tower with Radar,121,50,76,38,285,0,4,28,2,34,121,54,104,40,319,19,22,41,360
01/31/2020,CHS,SC,ASO,ES,Combined TRACON& Tower with Radar,124,58,65,43,290,0,2,11,2,15,124,60,76,45,305,22,38,60,365
02/01/2020,CHS,SC,ASO,ES,Combined TRACON& Tower with Radar,95,33,38,12,178,0,0,0,0,0,95,33,38,12,178,6,0,6,184
02/02/2020,CHS,SC,ASO,ES,Combined TRACON& Tower with Radar,112,42,49,14,217,0,4,30,3,37,112,46,79,17,254,3,6,9,263
02/03/2020,CHS,SC,ASO,ES,Combined TRACON& Tower with Radar,111,37,51,32,231,0,3,45,2,50,111,40,96,34,281,30,12,42,323
02/04/2020,CHS,SC,ASO,ES,Combined TRACON& Tower with Radar,110,38,71,102,321,0,2,38,13,53,110,40,109,115,374,4,30,34,408
02/05/2020,CHS,SC,ASO,ES,Combined TRACON& Tower with Radar,122,49,67,63,301,0,1,35,1,37,122,50,102,64,338,0,40,40,378
02/06/2020,CHS,SC,ASO,ES,Combined TRACON& Tower with Radar,127,42,38,30,237,0,2,1,0,3,127,44,39,30,240,4,7,11,251
02/07/2020,CHS,SC,ASO,ES,Combined TRACON& Tower with Radar,121,65,69,35,290,0,3,7,1,11,121,68,76,36,301,8,26,34,335
02/08/2020,CHS,SC,ASO,ES,Combined TRACON& Tower with Radar,97,51,36,12,196,0,2,32,13,47,97,53,68,25,243,2,22,24,267
02/09/2020,CHS,SC,ASO,ES,Combined TRACON& Tower with Radar,113,43,62,19,237,0,0,24,1,25,113,43,86,20,262,0,0,0,262
02/10/2020,CHS,SC,ASO,ES,Combined TRACON& Tower with Radar,112,50,55,35,252,0,4,34,0,38,112,54,89,35,290,6,6,12,302
02/11/2020,CHS,SC,ASO,ES,Combined TRACON& Tower with Radar,113,42,53,73,281,0,3,22,1,26,113,45,75,74,307,2,66,68,375
02/12/2020,CHS,SC,ASO,ES,Combined TRACON& Tower with Radar,116,50,92,42,300,0,3,21,8,32,116,53,113,50,332,6,26,32,364
02/13/2020,CHS,SC,ASO,ES,Combined TRACON& Tower with Radar,123,54,71,32,280,0,0,6,2,8,123,54,77,34,288,12,16,28,316
02/14/2020,CHS,SC,ASO,ES,Combined TRACON& Tower with Radar,133,59,84,25,301,0,0,54,3,57,133,59,138,28,358,4,10,14,372
02/15/2020,CHS,SC,ASO,ES,Combined TRACON& Tower with Radar,100,32,44,7,183,0,6,56,1,63,100,38,100,8,246,4,4,8,254
02/16/2020,CHS,SC,ASO,ES,Combined TRACON& Tower with Radar,111,44,71,6,232,0,0,19,4,23,111,44,90,10,255,8,0,8,263
02/17/2020,CHS,SC,ASO,ES,Combined TRACON& Tower with Radar,127,49,72,16,264,0,3,10,2,15,127,52,82,18,279,4,2,6,285
02/18/2020,CHS,SC,ASO,ES,Combined TRACON& Tower with Radar,117,59,56,49,281,0,1,0,1,2,117,60,56,50,283,10,36,46,329
02/19/2020,CHS,SC,ASO,ES,Combined TRACON& Tower with Radar,133,44,46,58,281,0,0,2,3,5,133,44,48,61,286,4,36,40,326
02/20/2020,CHS,SC,ASO,ES,Combined TRACON& Tower with Radar,133,64,52,45,294,0,0,0,2,2,133,64,52,47,296,14,38,52,348
02/21/2020,CHS,SC,ASO,ES,Combined TRACON& Tower with Radar,129,69,54,26,278,0,3,18,5,26,129,72,72,31,304,9,10,19,323
02/22/2020,CHS,SC,ASO,ES,Combined TRACON& Tower with Radar,100,36,41,4,181,0,6,42,1,49,100,42,83,5,230,2,0,2,232
02/23/2020,CHS,SC,ASO,ES,Combined TRACON& Tower with Radar,123,52,41,14,230,0,4,41,3,48,123,56,82,17,278,4,2,6,284
02/24/2020,CHS,SC,ASO,ES,Combined TRACON& Tower with Radar,119,49,62,54,284,0,4,23,7,34,119,53,85,61,318,20,34,54,372
02/25/2020,CHS,SC,ASO,ES,Combined TRACON& Tower with Radar,119,63,95,40,317,0,1,12,0,13,119,64,107,40,330,0,0,0,330
02/26/2020,CHS,SC,ASO,ES,Combined TRACON& Tower with Radar,117,56,58,36,267,0,2,2,3,7,117,58,60,39,274,6,16,22,296
02/27/2020,CHS,SC,ASO,ES,Combined TRACON& Tower with Radar,134,77,64,53,328,0,2,37,5,44,134,79,101,58,372,6,8,14,386
02/28/2020,CHS,SC,ASO,ES,Combined TRACON& Tower with Radar,130,59,66,24,279,0,5,20,0,25,130,64,86,24,304,13,20,33,337
02/29/2020,CHS,SC,ASO,ES,Combined TRACON& Tower with Radar,104,47,46,6,203,0,8,33,3,44,104,55,79,9,247,6,0,6,253
03/01/2020,CHS,SC,ASO,ES,Combined TRACON& Tower with Radar,131,53,47,4,235,0,5,49,2,56,131,58,96,6,291,4,0,4,295
03/02/2020,CHS,SC,ASO,ES,Combined TRACON& Tower with Radar,118,53,33,50,254,0,5,27,5,37,118,58,60,55,291,6,56,62,353
03/03/2020,CHS,SC,ASO,ES,Combined TRACON& Tower with Radar,114,54,35,24,227,0,2,18,7,27,114,56,53,31,254,2,18,20,274
03/04/2020,CHS,SC,ASO,ES,Combined TRACON& Tower with Radar,124,73,64,33,294,0,1,6,0,7,124,74,70,33,301,0,24,24,325
03/05/2020,CHS,SC,ASO,ES,Combined TRACON& Tower with Radar,139,51,54,26,270,0,0,0,0,0,139,51,54,26,270,0,6,6,276
03/06/2020,CHS,SC,ASO,ES,Combined TRACON& Tower with Radar,139,43,70,57,309,0,3,11,3,17,139,46,81,60,326,4,50,54,380
03/07/2020,CHS,SC,ASO,ES,Combined TRACON& Tower with Radar,126,28,36,24,214,0,7,38,1,46,126,35,74,25,260,10,22,32,292
03/08/2020,CHS,SC,ASO,ES,Combined TRACON& Tower with Radar,148,54,66,16,284,0,3,50,1,54,148,57,116,17,338,4,2,6,344
03/09/2020,CHS,SC,ASO,ES,Combined TRACON& Tower with Radar,133,35,52,46,266,0,7,39,1,47,133,42,91,47,313,9,42,51,364
03/10/2020,CHS,SC,ASO,ES,Combined TRACON& Tower with Radar,136,49,42,102,329,0,3,52,8,63,136,52,94,110,392,14,52,66,458
03/11/2020,CHS,SC,ASO,ES,Combined TRACON& Tower with Radar,146,52,72,35,305,0,11,66,3,80,146,63,138,38,385,25,6,31,416
03/12/2020,CHS,SC,ASO,ES,Combined TRACON& Tower with Radar,155,51,61,45,312,0,2,62,4,68,155,53,123,49,380,34,24,58,438
03/13/2020,CHS,SC,ASO,ES,Combined TRACON& Tower with Radar,145,69,66,26,306,0,1,52,9,62,145,70,118,35,368,20,24,44,412
03/14/2020,CHS,SC,ASO,ES,Combined TRACON& Tower with Radar,124,33,35,3,195,0,5,53,0,58,124,38,88,3,253,10,2,12,265
03/15/2020,CHS,SC,ASO,ES,Combined TRACON& Tower with Radar,149,42,44,5,240,0,4,16,1,21,149,46,60,6,261,0,0,0,261
03/16/2020,CHS,SC,ASO,ES,Combined TRACON& Tower with Radar,138,32,34,23,227,0,5,20,2,27,138,37,54,25,254,14,2,16,270
03/17/2020,CHS,SC,ASO,ES,Combined TRACON& Tower with Radar,135,62,40,34,271,0,4,24,1,29,135,66,64,35,300,4,22,26,326
03/18/2020,CHS,SC,ASO,ES,Combined TRACON& Tower with Radar,135,36,41,41,253,0,5,29,1,35,135,41,70,42,288,2,42,44,332
03/19/2020,CHS,SC,ASO,ES,Combined TRACON& Tower with Radar,134,32,32,31,229,0,2,63,2,67,134,34,95,33,296,4,12,16,312
03/20/2020,CHS,SC,ASO,ES,Combined TRACON& Tower with Radar,122,48,37,31,238,0,4,47,2,53,122,52,84,33,291,15,34,49,340
03/21/2020,CHS,SC,ASO,ES,Combined TRACON& Tower with Radar,102,41,19,6,168,0,6,47,0,53,102,47,66,6,221,0,0,0,221
03/22/2020,CHS,SC,ASO,ES,Combined TRACON& Tower with Radar,93,28,35,7,163,0,0,1,0,1,93,28,36,7,164,1,0,1,165
03/23/2020,CHS,SC,ASO,ES,Combined TRACON& Tower with Radar,68,23,23,10,124,0,0,0,0,0,68,23,23,10,124,4,6,10,134
03/24/2020,CHS,SC,ASO,ES,Combined TRACON& Tower with Radar,82,29,16,5,132,0,0,0,0,0,82,29,16,5,132,8,0,8,140
03/25/2020,CHS,SC,ASO,ES,Combined TRACON& Tower with Radar,69,31,26,13,139,0,5,18,0,23,69,36,44,13,162,0,8,8,170
03/26/2020,CHS,SC,ASO,ES,Combined TRACON& Tower with Radar,78,20,18,7,123,0,4,36,0,40,78,24,54,7,163,10,6,16,179
03/27/2020,CHS,SC,ASO,ES,Combined TRACON& Tower with Radar,64,22,19,1,106,0,4,25,0,29,64,26,44,1,135,6,0,6,141
03/28/2020,CHS,SC,ASO,ES,Combined TRACON& Tower with Radar,52,19,7,14,92,0,2,32,6,40,52,21,39,20,132,6,32,38,170
03/29/2020,CHS,SC,ASO,ES,Combined TRACON& Tower with Radar,46,16,10,2,74,0,0,17,0,17,46,16,27,2,91,0,0,0,91
03/30/2020,CHS,SC,ASO,ES,Combined TRACON& Tower with Radar,48,20,16,7,91,0,8,27,0,35,48,28,43,7,126,1,0,1,127
03/31/2020,CHS,SC,ASO,ES,Combined TRACON& Tower with Radar,56,25,3,14,98,0,2,8,1,11,56,27,11,15,109,0,12,12,121
04/01/2020,CHS,SC,ASO,ES,Combined TRACON& Tower with Radar,53,28,12,29,122,0,6,22,4,32,53,34,34,33,154,4,30,34,188
04/02/2020,CHS,SC,ASO,ES,Combined TRACON& Tower with Radar,50,21,22,13,106,0,5,20,3,28,50,26,42,16,134,5,20,25,159
04/03/2020,CHS,SC,ASO,ES,Combined TRACON& Tower with Radar,59,38,16,15,128,0,11,14,0,25,59,49,30,15,153,17,24,41,194
04/04/2020,CHS,SC,ASO,ES,Combined TRACON& Tower with Radar,46,26,18,6,96,0,6,25,0,31,46,32,43,6,127,16,4,20,147
04/05/2020,CHS,SC,ASO,ES,Combined TRACON& Tower with Radar,57,11,16,23,107,0,4,17,0,21,57,15,33,23,128,16,30,46,174
04/06/2020,CHS,SC,ASO,ES,Combined TRACON& Tower with Radar,62,11,11,9,93,0,3,30,0,33,62,14,41,9,126,24,14,38,164
04/07/2020,CHS,SC,ASO,ES,Combined TRACON& Tower with Radar,39,6,11,7,63,0,4,24,1,29,39,10,35,8,92,0,0,0,92
04/08/2020,CHS,SC,ASO,ES,Combined TRACON& Tower with Radar,52,13,13,30,108,0,4,15,0,19,52,17,28,30,127,6,28,34,161
04/09/2020,CHS,SC,ASO,ES,Combined TRACON& Tower with Radar,48,18,17,17,100,0,1,19,2,22,48,19,36,19,122,10,12,22,144
04/10/2020,CHS,SC,ASO,ES,Combined TRACON& Tower with Radar,44,12,15,33,104,0,2,13,2,17,44,14,28,35,121,10,18,28,149
04/11/2020,CHS,SC,ASO,ES,Combined TRACON& Tower with Radar,43,14,15,3,75,0,5,28,0,33,43,19,43,3,108,0,0,0,108
04/12/2020,CHS,SC,ASO,ES,Combined TRACON& Tower with Radar,45,10,3,2,60,0,1,6,0,7,45,11,9,2,67,2,0,2,69
04/13/2020,CHS,SC,ASO,ES,Combined TRACON& Tower with Radar,45,10,8,27,90,0,4,1,3,8,45,14,9,30,98,0,10,10,108
04/14/2020,CHS,SC,ASO,ES,Combined TRACON& Tower with Radar,30,18,18,7,73,0,1,31,0,32,30,19,49,7,105,12,4,16,121
04/15/2020,CHS,SC,ASO,ES,Combined TRACON& Tower with Radar,30,9,12,16,67,0,3,4,0,7,30,12,16,16,74,0,8,8,82
04/16/2020,CHS,SC,ASO,ES,Combined TRACON& Tower with Radar,19,17,26,5,67,0,2,40,6,48,19,19,66,11,115,4,0,4,119
04/17/2020,CHS,SC,ASO,ES,Combined TRACON& Tower with Radar,31,14,21,22,88,0,5,31,0,36,31,19,52,22,124,11,7,18,142
04/18/2020,CHS,SC,ASO,ES,Combined TRACON& Tower with Radar,35,8,8,18,69,0,4,11,0,15,35,12,19,18,84,9,12,21,105
04/19/2020,CHS,SC,ASO,ES,Combined TRACON& Tower with Radar,26,10,10,10,56,0,1,7,0,8,26,11,17,10,64,0,0,0,64
04/20/2020,CHS,SC,ASO,ES,Combined TRACON& Tower with Radar,35,14,17,37,103,0,2,3,0,5,35,16,20,37,108,0,58,58,166
04/21/2020,CHS,SC,ASO,ES,Combined TRACON& Tower with Radar,29,21,24,29,103,0,5,43,5,53,29,26,67,34,156,46,30,76,232
04/22/2020,CHS,SC,ASO,ES,Combined TRACON& Tower with Radar,27,7,28,36,98,0,4,31,4,39,27,11,59,40,137,16,70,86,223
04/23/2020,CHS,SC,ASO,ES,Combined TRACON& Tower with Radar,29,8,18,16,71,0,0,8,0,8,29,8,26,16,79,8,18,26,105
04/24/2020,CHS,SC,ASO,ES,Combined TRACON& Tower with Radar,33,14,28,17,92,0,2,12,1,15,33,16,40,18,107,8,16,24,131
04/25/2020,CHS,SC,ASO,ES,Combined TRACON& Tower with Radar,32,22,18,9,81,0,5,33,4,42,32,27,51,13,123,24,4,28,151
04/26/2020,CHS,SC,ASO,ES,Combined TRACON& Tower with Radar,32,15,25,6,78,0,8,14,0,22,32,23,39,6,100,2,0,2,102
04/27/2020,CHS,SC,ASO,ES,Combined TRACON& Tower with Radar,30,9,18,14,71,0,5,16,6,27,30,14,34,20,98,2,10,12,110
04/28/2020,CHS,SC,ASO,ES,Combined TRACON& Tower with Radar,43,14,26,46,129,0,0,41,0,41,43,14,67,46,170,2,12,14,184
04/29/2020,CHS,SC,ASO,ES,Combined TRACON& Tower with Radar,26,23,32,27,108,0,8,23,2,33,26,31,55,29,141,4,2,6,147
04/30/2020,CHS,SC,ASO,ES,Combined TRACON& Tower with Radar,29,13,19,63,124,0,1,7,1,9,29,14,26,64,133,26,30,56,189
05/01/2020,CHS,SC,ASO,ES,Combined TRACON& Tower with Radar,39,24,33,25,121,0,6,26,0,32,39,30,59,25,153,3,2,5,158
05/02/2020,CHS,SC,ASO,ES,Combined TRACON& Tower with Radar,39,22,12,9,82,0,5,45,0,50,39,27,57,9,132,6,4,10,142
05/03/2020,CHS,SC,ASO,ES,Combined TRACON& Tower with Radar,42,19,22,4,87,0,4,33,0,37,42,23,55,4,124,10,0,10,134
05/04/2020,CHS,SC,ASO,ES,Combined TRACON& Tower with Radar,41,18,28,48,135,0,1,23,4,28,41,19,51,52,163,3,60,63,226
05/05/2020,CHS,SC,ASO,ES,Combined TRACON& Tower with Radar,37,17,41,43,138,0,4,27,5,36,37,21,68,48,174,2,85,87,261
05/06/2020,CHS,SC,ASO,ES,Combined TRACON& Tower with Radar,36,20,33,52,141,0,4,20,17,41,36,24,53,69,182,8,82,90,272
05/07/2020,CHS,SC,ASO,ES,Combined TRACON& Tower with Radar,44,23,48,32,147,0,11,44,15,70,44,34,92,47,217,0,56,56,273
05/08/2020,CHS,SC,ASO,ES,Combined TRACON& Tower with Radar,44,22,33,29,128,0,5,28,9,42,44,27,61,38,170,6,58,64,234
05/09/2020,CHS,SC,ASO,ES,Combined TRACON& Tower with Radar,34,18,29,3,84,0,2,39,0,41,34,20,68,3,125,4,0,4,129
05/10/2020,CHS,SC,ASO,ES,Combined TRACON& Tower with Radar,45,17,27,8,97,0,0,30,0,30,45,17,57,8,127,2,0,2,129
05/11/2020,CHS,SC,ASO,ES,Combined TRACON& Tower with Radar,45,20,29,45,139,0,2,41,3,46,45,22,70,48,185,10,38,48,233
05/12/2020,CHS,SC,ASO,ES,Combined TRACON& Tower with Radar,39,14,44,73,170,0,4,49,5,58,39,18,93,78,228,4,72,76,304
05/13/2020,CHS,SC,ASO,ES,Combined TRACON& Tower with Radar,48,17,39,40,144,0,2,44,3,49,48,19,83,43,193,4,18,22,215
05/14/2020,CHS,SC,ASO,ES,Combined TRACON& Tower with Radar,46,13,33,47,139,0,3,52,3,58,46,16,85,50,197,2,18,20,217
05/15/2020,CHS,SC,ASO,ES,Combined TRACON& Tower with Radar,53,14,39,23,129,0,2,56,3,61,53,16,95,26,190,2,4,6,196
05/16/2020,CHS,SC,ASO,ES,Combined TRACON& Tower with Radar,34,16,19,9,78,0,2,51,1,54,34,18,70,10,132,2,6,8,140
05/17/2020,CHS,SC,ASO,ES,Combined TRACON& Tower with Radar,45,20,44,14,123,0,6,18,1,25,45,26,62,15,148,8,6,14,162
05/18/2020,CHS,SC,ASO,ES,Combined TRACON& Tower with Radar,50,26,30,70,176,0,2,9,39,50,50,28,39,109,226,4,50,54,280
05/19/2020,CHS,SC,ASO,ES,Combined TRACON& Tower with Radar,34,23,36,92,185,0,4,13,15,32,34,27,49,107,217,6,112,118,335
05/20/2020,CHS,SC,ASO,ES,Combined TRACON& Tower with Radar,41,24,41,43,149,0,0,5,4,9,41,24,46,47,158,0,72,72,230
05/21/2020,CHS,SC,ASO,ES,Combined TRACON& Tower with Radar,51,31,67,41,190,0,3,14,6,23,51,34,81,47,213,6,46,52,265
05/22/2020,CHS,SC,ASO,ES,Combined TRACON& Tower with Radar,59,28,56,22,165,0,3,21,1,25,59,31,77,23,190,14,0,14,204
05/23/2020,CHS,SC,ASO,ES,Combined TRACON& Tower with Radar,41,28,25,3,97,0,1,27,0,28,41,29,52,3,125,0,0,0,125
05/24/2020,CHS,SC,ASO,ES,Combined TRACON& Tower with Radar,45,17,20,1,83,0,5,17,0,22,45,22,37,1,105,0,0,0,105
05/25/2020,CHS,SC,ASO,ES,Combined TRACON& Tower with Radar,54,17,59,2,132,0,3,9,0,12,54,20,68,2,144,16,0,16,160
05/26/2020,CHS,SC,ASO,ES,Combined TRACON& Tower with Radar,39,40,56,31,166,0,2,1,1,4,39,42,57,32,170,6,16,22,192
05/27/2020,CHS,SC,ASO,ES,Combined TRACON& Tower with Radar,46,26,61,55,188,0,2,0,1,3,46,28,61,56,191,0,39,39,230
05/28/2020,CHS,SC,ASO,ES,Combined TRACON& Tower with Radar,49,27,52,70,198,0,2,42,6,50,49,29,94,76,248,13,54,67,315
05/29/2020,CHS,SC,ASO,ES,Combined TRACON& Tower with Radar,53,42,40,32,167,0,1,22,7,30,53,43,62,39,197,16,40,56,253
05/30/2020,CHS,SC,ASO,ES,Combined TRACON& Tower with Radar,38,29,39,9,115,0,2,17,0,19,38,31,56,9,134,10,2,12,146
05/31/2020,CHS,SC,ASO,ES,Combined TRACON& Tower with Radar,51,34,51,8,144,0,6,31,2,39,51,40,82,10,183,4,4,8,191
06/01/2020,CHS,SC,ASO,ES,Combined TRACON& Tower with Radar,54,32,38,41,165,0,1,50,4,55,54,33,88,45,220,6,26,32,252
06/02/2020,CHS,SC,ASO,ES,Combined TRACON& Tower with Radar,44,30,28,58,160,0,1,51,5,57,44,31,79,63,217,2,18,20,237
06/03/2020,CHS,SC,ASO,ES,Combined TRACON& Tower with Radar,47,25,52,39,163,0,1,54,7,62,47,26,106,46,225,4,18,22,247
06/04/2020,CHS,SC,ASO,ES,Combined TRACON& Tower with Radar,50,28,52,62,192,0,6,53,4,63,50,34,105,66,255,0,50,50,305
06/05/2020,CHS,SC,ASO,ES,Combined TRACON& Tower with Radar,60,33,47,22,162,0,5,34,2,41,60,38,81,24,203,12,12,24,227
06/06/2020,CHS,SC,ASO,ES,Combined TRACON& Tower with Radar,48,22,38,12,120,0,0,29,0,29,48,22,67,12,149,2,0,2,151
06/07/2020,CHS,SC,ASO,ES,Combined TRACON& Tower with Radar,55,16,44,8,123,0,5,29,2,36,55,21,73,10,159,6,4,10,169
06/08/2020,CHS,SC,ASO,ES,Combined TRACON& Tower with Radar,55,19,47,44,165,0,3,16,0,19,55,22,63,44,184,0,30,30,214
06/09/2020,CHS,SC,ASO,ES,Combined TRACON& Tower with Radar,49,9,45,29,132,0,0,24,0,24,49,9,69,29,156,2,12,14,170
06/10/2020,CHS,SC,ASO,ES,Combined TRACON& Tower with Radar,57,35,45,58,195,0,3,40,2,45,57,38,85,60,240,10,76,86,326
06/11/2020,CHS,SC,ASO,ES,Combined TRACON& Tower with Radar,61,33,63,37,194,0,0,6,0,6,61,33,69,37,200,0,18,18,218
06/12/2020,CHS,SC,ASO,ES,Combined TRACON& Tower with Radar,72,18,46,30,166,0,0,4,0,4,72,18,50,30,170,0,2,2,172
06/13/2020,CHS,SC,ASO,ES,Combined TRACON& Tower with Radar,47,19,54,25,145,0,2,30,0,32,47,21,84,25,177,0,0,0,177
06/14/2020,CHS,SC,ASO,ES,Combined TRACON& Tower with Radar,63,35,56,17,171,0,5,12,0,17,63,40,68,17,188,2,0,2,190
06/15/2020,CHS,SC,ASO,ES,Combined TRACON& Tower with Radar,64,37,56,33,190,0,1,2,0,3,64,38,58,33,193,4,18,22,215
06/16/2020,CHS,SC,ASO,ES,Combined TRACON& Tower with Radar,46,44,54,45,189,0,1,1,0,2,46,45,55,45,191,6,26,32,223
06/17/2020,CHS,SC,ASO,ES,Combined TRACON& Tower with Radar,47,39,80,78,244,0,1,23,12,36,47,40,103,90,280,18,68,86,366
06/18/2020,CHS,SC,ASO,ES,Combined TRACON& Tower with Radar,61,24,67,46,198,0,0,61,16,77,61,24,128,62,275,4,36,40,315
06/19/2020,CHS,SC,ASO,ES,Combined TRACON& Tower with Radar,68,24,77,9,178,0,6,44,7,57,68,30,121,16,235,14,0,14,249
06/20/2020,CHS,SC,ASO,ES,Combined TRACON& Tower with Radar,55,27,56,8,146,0,2,25,0,27,55,29,81,8,173,6,2,8,181
06/21/2020,CHS,SC,ASO,ES,Combined TRACON& Tower with Radar,67,35,41,7,150,0,2,27,0,29,67,37,68,7,179,6,0,6,185
06/22/2020,CHS,SC,ASO,ES,Combined TRACON& Tower with Radar,73,28,55,25,181,0,0,42,7,49,73,28,97,32,230,6,16,22,252
06/23/2020,CHS,SC,ASO,ES,Combined TRACON& Tower with Radar,62,28,30,40,160,0,0,29,2,31,62,28,59,42,191,2,10,12,203
06/24/2020,CHS,SC,ASO,ES,Combined TRACON& Tower with Radar,59,39,89,49,236,0,0,27,0,27,59,39,116,49,263,0,16,16,279
06/25/2020,CHS,SC,ASO,ES,Combined TRACON& Tower with Radar,74,34,57,27,192,0,6,24,3,33,74,40,81,30,225,6,8,14,239
06/26/2020,CHS,SC,ASO,ES,Combined TRACON& Tower with Radar,70,28,57,36,191,0,3,35,6,44,70,31,92,42,235,6,12,18,253
06/27/2020,CHS,SC,ASO,ES,Combined TRACON& Tower with Radar,61,38,40,21,160,0,3,24,1,28,61,41,64,22,188,2,10,12,200
06/28/2020,CHS,SC,ASO,ES,Combined TRACON& Tower with Radar,71,21,45,13,150,0,6,36,2,44,71,27,81,15,194,18,6,24,218
06/29/2020,CHS,SC,ASO,ES,Combined TRACON& Tower with Radar,74,28,35,9,146,0,8,28,1,37,74,36,63,10,183,8,2,10,193
06/30/2020,CHS,SC,ASO,ES,Combined TRACON& Tower with Radar,66,18,30,22,136,0,2,45,0,47,66,20,75,22,183,20,16,36,219
07/01/2020,CHS,SC,ASO,ES,Combined TRACON& Tower with Radar,64,21,56,15,156,0,5,26,5,36,64,26,82,20,192,16,10,26,218
07/02/2020,CHS,SC,ASO,ES,Combined TRACON& Tower with Radar,82,35,57,16,190,0,6,21,1,28,82,41,78,17,218,0,0,0,218
07/03/2020,CHS,SC,ASO,ES,Combined TRACON& Tower with Radar,78,38,37,6,159,0,6,40,0,46,78,44,77,6,205,4,0,4,209
07/04/2020,CHS,SC,ASO,ES,Combined TRACON& Tower with Radar,59,21,13,1,94,0,4,25,2,31,59,25,38,3,125,0,0,0,125
07/05/2020,CHS,SC,ASO,ES,Combined TRACON& Tower with Radar,73,20,33,9,135,0,3,20,0,23,73,23,53,9,158,2,0,2,160
07/06/2020,CHS,SC,ASO,ES,Combined TRACON& Tower with Radar,79,22,31,8,140,0,2,13,0,15,79,24,44,8,155,0,0,0,155
07/07/2020,CHS,SC,ASO,ES,Combined TRACON& Tower with Radar,73,25,41,37,176,0,0,0,0,0,73,25,41,37,176,0,2,2,178
07/08/2020,CHS,SC,ASO,ES,Combined TRACON& Tower with Radar,78,26,56,30,190,0,4,7,2,13,78,30,63,32,203,6,8,14,217
07/09/2020,CHS,SC,ASO,ES,Combined TRACON& Tower with Radar,93,28,65,34,220,0,0,9,1,10,93,28,74,35,230,0,8,8,238
07/10/2020,CHS,SC,ASO,ES,Combined TRACON& Tower with Radar,99,27,47,21,194,0,0,35,1,36,99,27,82,22,230,8,8,16,246
07/11/2020,CHS,SC,ASO,ES,Combined TRACON& Tower with Radar,91,21,36,10,158,0,3,43,0,46,91,24,79,10,204,12,0,12,216
07/12/2020,CHS,SC,ASO,ES,Combined TRACON& Tower with Radar,97,27,37,10,171,0,4,40,1,45,97,31,77,11,216,16,4,20,236
07/13/2020,CHS,SC,ASO,ES,Combined TRACON& Tower with Radar,94,39,37,8,178,0,6,30,2,38,94,45,67,10,216,2,2,4,220
07/14/2020,CHS,SC,ASO,ES,Combined TRACON& Tower with Radar,83,18,57,27,185,0,4,38,6,48,83,22,95,33,233,0,10,10,243
07/15/2020,CHS,SC,ASO,ES,Combined TRACON& Tower with Radar,81,37,44,48,210,0,1,36,6,43,81,38,80,54,253,0,6,6,259
07/16/2020,CHS,SC,ASO,ES,Combined TRACON& Tower with Radar,98,30,52,38,218,1,4,40,4,49,99,34,92,42,267,4,26,30,297
07/17/2020,CHS,SC,ASO,ES,Combined TRACON& Tower with Radar,101,14,48,19,182,0,3,51,5,59,101,17,99,24,241,4,14,18,259
07/18/2020,CHS,SC,ASO,ES,Combined TRACON& Tower with Radar,89,41,23,16,169,0,0,48,1,49,89,41,71,17,218,12,0,12,230
07/19/2020,CHS,SC,ASO,ES,Combined TRACON& Tower with Radar,98,20,38,4,160,0,4,26,0,30,98,24,64,4,190,0,2,2,192
07/20/2020,CHS,SC,ASO,ES,Combined TRACON& Tower with Radar,100,17,41,78,236,0,3,40,4,47,100,20,81,82,283,2,76,78,361
07/21/2020,CHS,SC,ASO,ES,Combined TRACON& Tower with Radar,86,30,29,30,175,0,6,37,2,45,86,36,66,32,220,2,0,2,222
07/22/2020,CHS,SC,ASO,ES,Combined TRACON& Tower with Radar,80,35,38,59,212,0,10,35,4,49,80,45,73,63,261,32,36,68,329
07/23/2020,CHS,SC,ASO,ES,Combined TRACON& Tower with Radar,100,18,50,51,219,0,1,40,3,44,100,19,90,54,263,16,44,60,323
07/24/2020,CHS,SC,ASO,ES,Combined TRACON& Tower with Radar,98,25,33,45,201,0,0,23,2,25,98,25,56,47,226,4,12,16,242
07/25/2020,CHS,SC,ASO,ES,Combined TRACON& Tower with Radar,97,28,36,15,176,0,2,20,0,22,97,30,56,15,198,6,12,18,216
07/26/2020,CHS,SC,ASO,ES,Combined TRACON& Tower with Radar,95,14,47,9,165,0,4,20,0,24,95,18,67,9,189,10,0,10,199
07/27/2020,CHS,SC,ASO,ES,Combined TRACON& Tower with Radar,92,17,34,54,197,0,3,34,0,37,92,20,68,54,234,0,0,0,234
07/28/2020,CHS,SC,ASO,ES,Combined TRACON& Tower with Radar,75,14,59,30,178,0,4,12,6,22,75,18,71,36,200,4,22,26,226
07/29/2020,CHS,SC,ASO,ES,Combined TRACON& Tower with Radar,77,19,47,38,181,0,1,20,3,24,77,20,67,41,205,10,40,50,255
07/30/2020,CHS,SC,ASO,ES,Combined TRACON& Tower with Radar,100,33,59,30,222,0,4,20,1,25,100,37,79,31,247,0,0,0,247
07/31/2020,CHS,SC,ASO,ES,Combined TRACON& Tower with Radar,100,25,60,37,222,0,8,31,2,41,100,33,91,39,263,2,22,24,287
08/01/2020,CHS,SC,ASO,ES,Combined TRACON& Tower with Radar,94,37,31,31,193,0,5,30,0,35,94,42,61,31,228,12,4,16,244
08/02/2020,CHS,SC,ASO,ES,Combined TRACON& Tower with Radar,104,26,46,0,176,0,5,22,1,28,104,31,68,1,204,6,0,6,210
08/03/2020,CHS,SC,ASO,ES,Combined TRACON& Tower with Radar,93,6,10,2,111,0,2,2,0,4,93,8,12,2,115,0,0,0,115
08/04/2020,CHS,SC,ASO,ES,Combined TRACON& Tower with Radar,70,17,48,30,165,0,2,34,4,40,70,19,82,34,205,4,2,6,211
08/05/2020,CHS,SC,ASO,ES,Combined TRACON& Tower with Radar,80,22,57,23,182,0,2,15,0,17,80,24,72,23,199,4,4,8,207
08/06/2020,CHS,SC,ASO,ES,Combined TRACON& Tower with Radar,102,14,45,24,185,0,0,15,0,15,102,14,60,24,200,4,4,8,208
08/07/2020,CHS,SC,ASO,ES,Combined TRACON& Tower with Radar,99,24,50,33,206,0,3,42,0,45,99,27,92,33,251,4,14,18,269
08/08/2020,CHS,SC,ASO,ES,Combined TRACON& Tower with Radar,96,29,37,6,168,0,1,22,0,23,96,30,59,6,191,0,0,0,191
08/09/2020,CHS,SC,ASO,ES,Combined TRACON& Tower with Radar,96,24,50,17,187,0,2,19,2,23,96,26,69,19,210,6,6,12,222
08/10/2020,CHS,SC,ASO,ES,Combined TRACON& Tower with Radar,97,24,19,47,187,0,0,55,6,61,97,24,74,53,248,8,30,38,286
08/11/2020,CHS,SC,ASO,ES,Combined TRACON& Tower with Radar,76,29,60,48,213,0,3,36,5,44,76,32,96,53,257,8,46,54,311
08/12/2020,CHS,SC,ASO,ES,Combined TRACON& Tower with Radar,74,13,55,44,186,0,0,32,4,36,74,13,87,48,222,4,44,48,270
08/13/2020,CHS,SC,ASO,ES,Combined TRACON& Tower with Radar,102,30,34,25,191,0,1,19,3,23,102,31,53,28,214,4,16,20,234
08/14/2020,CHS,SC,ASO,ES,Combined TRACON& Tower with Radar,103,20,56,41,220,0,4,22,2,28,103,24,78,43,248,6,24,30,278
08/15/2020,CHS,SC,ASO,ES,Combined TRACON& Tower with Radar,92,22,47,6,167,0,4,16,0,20,92,26,63,6,187,12,0,12,199
08/16/2020,CHS,SC,ASO,ES,Combined TRACON& Tower with Radar,92,28,44,5,169,0,7,12,0,19,92,35,56,5,188,2,0,2,190
08/17/2020,CHS,SC,ASO,ES,Combined TRACON& Tower with Radar,97,28,24,38,187,0,4,55,5,64,97,32,79,43,251,4,20,24,275
08/18/2020,CHS,SC,ASO,ES,Combined TRACON& Tower with Radar,71,26,40,48,185,0,2,21,1,24,71,28,61,49,209,12,28,40,249
08/19/2020,CHS,SC,ASO,ES,Combined TRACON& Tower with Radar,71,27,50,60,208,0,5,24,2,31,71,32,74,62,239,0,22,22,261
08/20/2020,CHS,SC,ASO,ES,Combined TRACON& Tower with Radar,102,30,53,100,285,0,0,26,0,26,102,30,79,100,311,4,24,28,339
08/21/2020,CHS,SC,ASO,ES,Combined TRACON& Tower with Radar,98,32,43,18,191,0,2,33,1,36,98,34,76,19,227,14,32,46,273
08/22/2020,CHS,SC,ASO,ES,Combined TRACON& Tower with Radar,88,22,33,9,152,0,2,45,0,47,88,24,78,9,199,12,0,12,211
08/23/2020,CHS,SC,ASO,ES,Combined TRACON& Tower with Radar,92,18,37,18,165,0,2,11,0,13,92,20,48,18,178,0,6,6,184
08/24/2020,CHS,SC,ASO,ES,Combined TRACON& Tower with Radar,90,14,47,23,174,0,0,5,0,5,90,14,52,23,179,0,0,0,179
08/25/2020,CHS,SC,ASO,ES,Combined TRACON& Tower with Radar,72,23,53,64,212,0,0,27,1,28,72,23,80,65,240,2,58,60,300
08/26/2020,CHS,SC,ASO,ES,Combined TRACON& Tower with Radar,74,31,37,59,201,0,2,35,0,37,74,33,72,59,238,8,44,52,290
08/27/2020,CHS,SC,ASO,ES,Combined TRACON& Tower with Radar,94,32,80,75,281,1,7,48,3,59,95,39,128,78,340,31,42,73,413
08/28/2020,CHS,SC,ASO,ES,Combined TRACON& Tower with Radar,91,40,59,63,253,0,2,20,2,24,91,42,79,65,277,2,52,54,331
08/29/2020,CHS,SC,ASO,ES,Combined TRACON& Tower with Radar,90,19,28,16,153,0,2,22,2,26,90,21,50,18,179,4,4,8,187
08/30/2020,CHS,SC,ASO,ES,Combined TRACON& Tower with Radar,93,20,46,5,164,0,4,14,0,18,93,24,60,5,182,6,0,6,188
08/31/2020,CHS,SC,ASO,ES,Combined TRACON& Tower with Radar,96,21,37,36,190,0,4,38,5,47,96,25,75,41,237,6,38,44,281
09/01/2020,CHS,SC,ASO,ES,Combined TRACON& Tower with Radar,69,21,59,40,189,0,4,55,0,59,69,25,114,40,248,10,18,28,276
09/02/2020,CHS,SC,ASO,ES,Combined TRACON& Tower with Radar,70,38,70,87,265,0,5,48,12,65,70,43,118,99,330,6,70,76,406
09/03/2020,CHS,SC,ASO,ES,Combined TRACON& Tower with Radar,96,28,51,23,198,0,3,42,3,48,96,31,93,26,246,8,18,26,272
09/04/2020,CHS,SC,ASO,ES,Combined TRACON& Tower with Radar,92,32,55,8,187,0,7,39,7,53,92,39,94,15,240,0,6,6,246
09/05/2020,CHS,SC,ASO,ES,Combined TRACON& Tower with Radar,75,20,33,8,136,0,2,47,3,52,75,22,80,11,188,2,0,2,190
09/06/2020,CHS,SC,ASO,ES,Combined TRACON& Tower with Radar,68,23,20,1,112,0,2,25,0,27,68,25,45,1,139,22,0,22,161
09/07/2020,CHS,SC,ASO,ES,Combined TRACON& Tower with Radar,90,24,57,9,180,0,0,34,0,34,90,24,91,9,214,3,0,3,217
09/08/2020,CHS,SC,ASO,ES,Combined TRACON& Tower with Radar,70,16,60,40,186,0,2,32,2,36,70,18,92,42,222,10,14,24,246
09/09/2020,CHS,SC,ASO,ES,Combined TRACON& Tower with Radar,71,24,40,31,166,0,4,6,3,13,71,28,46,34,179,18,18,36,215
09/10/2020,CHS,SC,ASO,ES,Combined TRACON& Tower with Radar,90,37,76,27,230,0,3,21,4,28,90,40,97,31,258,10,2,12,270
09/11/2020,CHS,SC,ASO,ES,Combined TRACON& Tower with Radar,88,31,81,27,227,0,0,17,0,17,88,31,98,27,244,12,4,16,260
09/12/2020,CHS,SC,ASO,ES,Combined TRACON& Tower with Radar,75,14,61,13,163,0,2,24,0,26,75,16,85,13,189,4,8,12,201
09/13/2020,CHS,SC,ASO,ES,Combined TRACON& Tower with Radar,84,23,50,31,188,0,0,22,6,28,84,23,72,37,216,18,20,38,254
09/14/2020,CHS,SC,ASO,ES,Combined TRACON& Tower with Radar,83,26,48,20,177,0,3,38,3,44,83,29,86,23,221,4,12,16,237
09/15/2020,CHS,SC,ASO,ES,Combined TRACON& Tower with Radar,61,23,47,34,165,0,4,30,3,37,61,27,77,37,202,4,18,22,224
09/16/2020,CHS,SC,ASO,ES,Combined TRACON& Tower with Radar,67,25,47,19,158,0,2,0,0,2,67,27,47,19,160,4,4,8,168
09/17/2020,CHS,SC,ASO,ES,Combined TRACON& Tower with Radar,86,26,45,31,188,0,0,5,0,5,86,26,50,31,193,2,10,12,205
09/18/2020,CHS,SC,ASO,ES,Combined TRACON& Tower with Radar,88,36,51,34,209,0,1,1,2,4,88,37,52,36,213,4,16,20,233
09/19/2020,CHS,SC,ASO,ES,Combined TRACON& Tower with Radar,80,23,32,14,149,0,1,31,0,32,80,24,63,14,181,0,0,0,181
09/20/2020,CHS,SC,ASO,ES,Combined TRACON& Tower with Radar,82,33,57,5,177,0,7,20,1,28,82,40,77,6,205,26,4,30,235
09/21/2020,CHS,SC,ASO,ES,Combined TRACON& Tower with Radar,88,34,37,33,192,0,6,50,4,60,88,40,87,37,252,8,38,46,298
09/22/2020,CHS,SC,ASO,ES,Combined TRACON& Tower with Radar,70,30,41,52,193,0,6,65,3,74,70,36,106,55,267,10,46,56,323
09/23/2020,CHS,SC,ASO,ES,Combined TRACON& Tower with Radar,76,40,58,40,214,0,7,66,1,74,76,47,124,41,288,4,10,14,302
09/24/2020,CHS,SC,ASO,ES,Combined TRACON& Tower with Radar,93,42,58,40,233,0,3,64,0,67,93,45,122,40,300,10,4,14,314
09/25/2020,CHS,SC,ASO,ES,Combined TRACON& Tower with Radar,86,32,73,22,213,0,1,7,0,8,86,33,80,22,221,2,0,2,223
09/26/2020,CHS,SC,ASO,ES,Combined TRACON& Tower with Radar,74,19,48,0,141,0,2,22,0,24,74,21,70,0,165,6,0,6,171
09/27/2020,CHS,SC,ASO,ES,Combined TRACON& Tower with Radar,82,28,64,3,177,0,1,32,0,33,82,29,96,3,210,2,0,2,212
09/28/2020,CHS,SC,ASO,ES,Combined TRACON& Tower with Radar,82,25,48,53,208,0,1,4,0,5,82,26,52,53,213,0,34,34,247
09/29/2020,CHS,SC,ASO,ES,Combined TRACON& Tower with Radar,69,36,40,36,181,0,0,3,0,3,69,36,43,36,184,4,10,14,198
09/30/2020,CHS,SC,ASO,ES,Combined TRACON& Tower with Radar,74,45,67,38,224,0,4,70,5,79,74,49,137,43,303,34,2,36,339
10/01/2020,CHS,SC,ASO,ES,Combined TRACON& Tower with Radar,97,28,60,44,229,0,2,72,2,76,97,30,132,46,305,6,22,28,333
10/02/2020,CHS,SC,ASO,ES,Combined TRACON& Tower with Radar,93,33,57,53,236,0,1,51,1,53,93,34,108,54,289,0,46,46,335
10/03/2020,CHS,SC,ASO,ES,Combined TRACON& Tower with Radar,79,10,44,42,175,0,6,46,3,55,79,16,90,45,230,8,22,30,260
10/04/2020,CHS,SC,ASO,ES,Combined TRACON& Tower with Radar,90,26,58,26,200,0,3,30,0,33,90,29,88,26,233,2,20,22,255
10/05/2020,CHS,SC,ASO,ES,Combined TRACON& Tower with Radar,88,38,51,40,217,0,3,33,8,44,88,41,84,48,261,4,58,62,323
10/06/2020,CHS,SC,ASO,ES,Combined TRACON& Tower with Radar,68,26,58,48,200,0,2,14,1,17,68,28,72,49,217,2,30,32,249
10/07/2020,CHS,SC,ASO,ES,Combined TRACON& Tower with Radar,66,29,73,44,212,0,1,29,11,41,66,30,102,55,253,2,18,20,273
10/08/2020,CHS,SC,ASO,ES,Combined TRACON& Tower with Radar,112,40,92,56,300,0,5,39,2,46,112,45,131,58,346,10,38,48,394
10/09/2020,CHS,SC,ASO,ES,Combined TRACON& Tower with Radar,104,53,79,24,260,0,6,21,2,29,104,59,100,26,289,8,12,20,309
10/10/2020,CHS,SC,ASO,ES,Combined TRACON& Tower with Radar,88,18,46,4,156,0,0,23,0,23,88,18,69,4,179,0,0,0,179
10/11/2020,CHS,SC,ASO,ES,Combined TRACON& Tower with Radar,112,36,58,6,212,0,1,7,0,8,112,37,65,6,220,18,0,18,238
10/12/2020,CHS,SC,ASO,ES,Combined TRACON& Tower with Radar,96,28,72,14,210,0,4,33,0,37,96,32,105,14,247,2,18,20,267
10/13/2020,CHS,SC,ASO,ES,Combined TRACON& Tower with Radar,72,40,72,42,226,0,6,36,1,43,72,46,108,43,269,12,24,36,305
10/14/2020,CHS,SC,ASO,ES,Combined TRACON& Tower with Radar,77,36,69,34,216,0,0,49,3,52,77,36,118,37,268,4,4,8,276
10/15/2020,CHS,SC,ASO,ES,Combined TRACON& Tower with Radar,109,51,82,47,289,0,3,35,6,44,109,54,117,53,333,18,18,36,369
10/16/2020,CHS,SC,ASO,ES,Combined TRACON& Tower with Radar,98,47,85,38,268,0,3,42,1,46,98,50,127,39,314,12,12,24,338
10/17/2020,CHS,SC,ASO,ES,Combined TRACON& Tower with Radar,81,25,43,28,177,0,8,51,2,61,81,33,94,30,238,8,24,32,270
10/18/2020,CHS,SC,ASO,ES,Combined TRACON& Tower with Radar,102,27,55,8,192,0,9,38,0,47,102,36,93,8,239,8,0,8,247
10/19/2020,CHS,SC,ASO,ES,Combined TRACON& Tower with Radar,90,42,65,33,230,0,8,48,2,58,90,50,113,35,288,8,15,23,311
10/20/2020,CHS,SC,ASO,ES,Combined TRACON& Tower with Radar,69,33,52,45,199,0,4,30,3,37,69,37,82,48,236,24,46,70,306
10/21/2020,CHS,SC,ASO,ES,Combined TRACON& Tower with Radar,70,34,74,40,218,0,2,13,0,15,70,36,87,40,233,4,4,8,241
10/22/2020,CHS,SC,ASO,ES,Combined TRACON& Tower with Radar,98,41,96,30,265,0,1,44,1,46,98,42,140,31,311,16,2,18,329
10/23/2020,CHS,SC,ASO,ES,Combined TRACON& Tower with Radar,94,44,70,35,243,0,3,36,1,40,94,47,106,36,283,4,2,6,289
10/24/2020,CHS,SC,ASO,ES,Combined TRACON& Tower with Radar,70,18,59,13,160,0,4,33,5,42,70,22,92,18,202,16,0,16,218
10/25/2020,CHS,SC,ASO,ES,Combined TRACON& Tower with Radar,92,37,78,7,214,0,4,9,1,14,92,41,87,8,228,0,0,0,228
10/26/2020,CHS,SC,ASO,ES,Combined TRACON& Tower with Radar,82,24,62,49,217,0,0,20,0,20,82,24,82,49,237,8,16,24,261
10/27/2020,CHS,SC,ASO,ES,Combined TRACON& Tower with Radar,57,40,72,59,228,0,3,44,3,50,57,43,116,62,278,0,52,52,330
10/28/2020,CHS,SC,ASO,ES,Combined TRACON& Tower with Radar,62,42,75,58,237,0,2,47,9,58,62,44,122,67,295,22,40,62,357
10/29/2020,CHS,SC,ASO,ES,Combined TRACON& Tower with Radar,89,38,60,41,228,0,0,3,1,4,89,38,63,42,232,0,0,0,232
10/30/2020,CHS,SC,ASO,ES,Combined TRACON& Tower with Radar,86,42,83,55,266,1,6,58,0,65,87,48,141,55,331,18,44,62,393
10/31/2020,CHS,SC,ASO,ES,Combined TRACON& Tower with Radar,53,19,48,10,130,0,3,30,0,33,53,22,78,10,163,8,10,18,181
11/01/2020,CHS,SC,ASO,ES,Combined TRACON& Tower with Radar,78,31,61,14,184,0,2,24,2,28,78,33,85,16,212,4,6,10,222
11/02/2020,CHS,SC,ASO,ES,Combined TRACON& Tower with Radar,75,38,60,35,208,0,7,36,4,47,75,45,96,39,255,8,16,24,279
11/03/2020,CHS,SC,ASO,ES,Combined TRACON& Tower with Radar,52,32,46,31,161,0,9,62,6,77,52,41,108,37,238,6,10,16,254
11/04/2020,CHS,SC,ASO,ES,Combined TRACON& Tower with Radar,59,36,63,60,218,0,4,70,5,79,59,40,133,65,297,6,32,38,335
11/05/2020,CHS,SC,ASO,ES,Combined TRACON& Tower with Radar,102,55,59,35,251,0,3,55,4,62,102,58,114,39,313,0,0,0,313
11/06/2020,CHS,SC,ASO,ES,Combined TRACON& Tower with Radar,92,48,67,16,223,0,1,24,0,25,92,49,91,16,248,4,4,8,256
11/07/2020,CHS,SC,ASO,ES,Combined TRACON& Tower with Radar,78,28,38,16,160,0,0,25,4,29,78,28,63,20,189,4,28,32,221
11/08/2020,CHS,SC,ASO,ES,Combined TRACON& Tower with Radar,114,47,62,12,235,0,3,9,1,13,114,50,71,13,248,0,0,0,248
11/09/2020,CHS,SC,ASO,ES,Combined TRACON& Tower with Radar,101,31,49,48,229,0,3,28,7,38,101,34,77,55,267,10,12,22,289
11/10/2020,CHS,SC,ASO,ES,Combined TRACON& Tower with Radar,64,37,46,34,181,0,3,18,5,26,64,40,64,39,207,0,28,28,235
11/11/2020,CHS,SC,ASO,ES,Combined TRACON& Tower with Radar,68,37,41,9,155,0,1,2,0,3,68,38,43,9,158,2,0,2,160
11/12/2020,CHS,SC,ASO,ES,Combined TRACON& Tower with Radar,106,50,43,47,246,0,0,0,0,0,106,50,43,47,246,0,4,4,250
11/13/2020,CHS,SC,ASO,ES,Combined TRACON& Tower with Radar,94,51,98,46,289,0,5,36,3,44,94,56,134,49,333,10,8,18,351
11/14/2020,CHS,SC,ASO,ES,Combined TRACON& Tower with Radar,83,22,47,3,155,0,5,66,1,72,83,27,113,4,227,10,2,12,239
11/15/2020,CHS,SC,ASO,ES,Combined TRACON& Tower with Radar,110,43,63,22,238,0,4,30,3,37,110,47,93,25,275,3,16,19,294
11/16/2020,CHS,SC,ASO,ES,Combined TRACON& Tower with Radar,92,49,47,53,241,0,2,44,0,46,92,51,91,53,287,14,50,64,351
11/17/2020,CHS,SC,ASO,ES,Combined TRACON& Tower with Radar,61,33,56,54,204,0,1,58,0,59,61,34,114,54,263,0,34,34,297
11/18/2020,CHS,SC,ASO,ES,Combined TRACON& Tower with Radar,62,34,54,29,179,0,4,41,3,48,62,38,95,32,227,10,12,22,249
11/19/2020,CHS,SC,ASO,ES,Combined TRACON& Tower with Radar,105,53,74,21,253,0,3,55,7,65,105,56,129,28,318,18,0,18,336
11/20/2020,CHS,SC,ASO,ES,Combined TRACON& Tower with Radar,97,68,82,26,273,0,7,57,2,66,97,75,139,28,339,30,4,34,373
11/21/2020,CHS,SC,ASO,ES,Combined TRACON& Tower with Radar,96,36,58,31,221,0,5,47,1,53,96,41,105,32,274,14,24,38,312
11/22/2020,CHS,SC,ASO,ES,Combined TRACON& Tower with Radar,107,46,65,14,232,0,1,33,0,34,107,47,98,14,266,8,0,8,274
11/23/2020,CHS,SC,ASO,ES,Combined TRACON& Tower with Radar,86,47,46,48,227,0,5,49,0,54,86,52,95,48,281,0,18,18,299
11/24/2020,CHS,SC,ASO,ES,Combined TRACON& Tower with Radar,108,47,46,22,223,0,4,43,5,52,108,51,89,27,275,26,6,32,307
11/25/2020,CHS,SC,ASO,ES,Combined TRACON& Tower with Radar,105,47,69,23,244,0,2,37,0,39,105,49,106,23,283,14,6,20,303
11/26/2020,CHS,SC,ASO,ES,Combined TRACON& Tower with Radar,48,7,5,0,60,0,7,2,0,9,48,14,7,0,69,0,0,0,69
11/27/2020,CHS,SC,ASO,ES,Combined TRACON& Tower with Radar,95,33,24,7,159,0,3,28,2,33,95,36,52,9,192,4,12,16,208
11/28/2020,CHS,SC,ASO,ES,Combined TRACON& Tower with Radar,109,48,44,1,202,0,2,17,0,19,109,50,61,1,221,4,0,4,225
11/29/2020,CHS,SC,ASO,ES,Combined TRACON& Tower with Radar,116,48,84,6,254,0,0,10,0,10,116,48,94,6,264,0,0,0,264
11/30/2020,CHS,SC,ASO,ES,Combined TRACON& Tower with Radar,108,43,23,12,186,0,1,5,0,6,108,44,28,12,192,0,0,0,192
12/01/2020,CHS,SC,ASO,ES,Combined TRACON& Tower with Radar,82,48,36,32,198,0,5,35,1,41,82,53,71,33,239,12,14,26,265
12/02/2020,CHS,SC,ASO,ES,Combined TRACON& Tower with Radar,65,48,67,45,225,0,7,48,1,56,65,55,115,46,281,8,12,20,301
12/03/2020,CHS,SC,ASO,ES,Combined TRACON& Tower with Radar,95,39,53,41,228,0,0,50,1,51,95,39,103,42,279,8,22,30,309
12/04/2020,CHS,SC,ASO,ES,Combined TRACON& Tower with Radar,94,64,68,39,265,0,2,39,5,46,94,66,107,44,311,8,42,50,361
12/05/2020,CHS,SC,ASO,ES,Combined TRACON& Tower with Radar,68,23,45,20,156,0,3,39,10,52,68,26,84,30,208,14,0,14,222
12/06/2020,CHS,SC,ASO,ES,Combined TRACON& Tower with Radar,90,32,36,20,178,0,3,45,7,55,90,35,81,27,233,0,0,0,233
12/07/2020,CHS,SC,ASO,ES,Combined TRACON& Tower with Radar,82,50,40,42,214,0,6,21,2,29,82,56,61,44,243,0,18,18,261
12/08/2020,CHS,SC,ASO,ES,Combined TRACON& Tower with Radar,60,47,53,43,203,0,7,50,5,62,60,54,103,48,265,10,36,46,311
12/09/2020,CHS,SC,ASO,ES,Combined TRACON& Tower with Radar,61,38,80,55,234,0,4,50,7,61,61,42,130,62,295,4,40,44,339
12/10/2020,CHS,SC,ASO,ES,Combined TRACON& Tower with Radar,90,44,70,38,242,0,3,53,3,59,90,47,123,41,301,6,12,18,319
12/11/2020,CHS,SC,ASO,ES,Combined TRACON& Tower with Radar,96,47,68,35,246,0,5,56,0,61,96,52,124,35,307,22,4,26,333
12/12/2020,CHS,SC,ASO,ES,Combined TRACON& Tower with Radar,68,31,38,18,155,0,3,41,5,49,68,34,79,23,204,12,8,20,224
12/13/2020,CHS,SC,ASO,ES,Combined TRACON& Tower with Radar,88,43,46,22,199,0,2,23,2,27,88,45,69,24,226,4,2,6,232
12/14/2020,CHS,SC,ASO,ES,Combined TRACON& Tower with Radar,86,57,37,21,201,0,3,2,1,6,86,60,39,22,207,2,8,10,217
12/15/2020,CHS,SC,ASO,ES,Combined TRACON& Tower with Radar,59,28,49,35,171,0,0,11,3,14,59,28,60,38,185,2,6,8,193
12/16/2020,CHS,SC,ASO,ES,Combined TRACON& Tower with Radar,67,30,39,25,161,0,0,0,0,0,67,30,39,25,161,0,0,0,161
12/17/2020,CHS,SC,ASO,ES,Combined TRACON& Tower with Radar,96,60,75,49,280,0,0,2,0,2,96,60,77,49,282,16,22,38,320
12/18/2020,CHS,SC,ASO,ES,Combined TRACON& Tower with Radar,101,68,94,24,287,0,3,64,10,77,101,71,158,34,364,14,12,26,390
12/19/2020,CHS,SC,ASO,ES,Combined TRACON& Tower with Radar,108,48,48,13,217,0,3,44,1,48,108,51,92,14,265,12,2,14,279
12/20/2020,CHS,SC,ASO,ES,Combined TRACON& Tower with Radar,96,37,29,13,175,0,1,0,0,1,96,38,29,13,176,4,0,4,180
12/21/2020,CHS,SC,ASO,ES,Combined TRACON& Tower with Radar,97,49,65,48,259,0,5,41,0,46,97,54,106,48,305,18,6,24,329
12/22/2020,CHS,SC,ASO,ES,Combined TRACON& Tower with Radar,108,47,57,43,255,0,12,56,7,75,108,59,113,50,330,12,36,48,378
12/23/2020,CHS,SC,ASO,ES,Combined TRACON& Tower with Radar,104,43,64,33,244,0,3,45,1,49,104,46,109,34,293,2,10,12,305
12/24/2020,CHS,SC,ASO,ES,Combined TRACON& Tower with Radar,69,16,12,2,99,0,2,2,0,4,69,18,14,2,103,4,6,10,113
12/25/2020,CHS,SC,ASO,ES,Combined TRACON& Tower with Radar,47,24,16,0,87,0,0,4,0,4,47,24,20,0,91,0,0,0,91
12/26/2020,CHS,SC,ASO,ES,Combined TRACON& Tower with Radar,104,42,55,1,202,0,6,22,0,28,104,48,77,1,230,12,0,12,242
12/27/2020,CHS,SC,ASO,ES,Combined TRACON& Tower with Radar,101,44,64,1,210,0,4,36,0,40,101,48,100,1,250,0,0,0,250
12/28/2020,CHS,SC,ASO,ES,Combined TRACON& Tower with Radar,102,31,53,17,203,0,6,34,0,40,102,37,87,17,243,0,18,18,261
12/29/2020,CHS,SC,ASO,ES,Combined TRACON& Tower with Radar,98,41,67,27,233,0,11,53,1,65,98,52,120,28,298,0,2,2,300
12/30/2020,CHS,SC,ASO,ES,Combined TRACON& Tower with Radar,105,34,73,12,224,0,0,9,0,9,105,34,82,12,233,6,0,6,239
12/31/2020,CHS,SC,ASO,ES,Combined TRACON& Tower with Radar,68,24,37,12,141,0,3,1,0,4,68,27,38,12,145,8,4,12,157
01/01/2021,CHS,SC,ASO,ES,Combined TRACON& Tower with Radar,66,36,16,10,128,0,1,4,0,5,66,37,20,10,133,0,0,0,133
01/02/2021,CHS,SC,ASO,ES,Combined TRACON& Tower with Radar,107,37,45,4,193,0,0,0,0,0,107,37,45,4,193,8,0,8,201
01/03/2021,CHS,SC,ASO,ES,Combined TRACON& Tower with Radar,103,59,73,13,248,0,3,44,1,48,103,62,117,14,296,8,0,8,304
01/04/2021,CHS,SC,ASO,ES,Combined TRACON& Tower with Radar,97,40,46,6,189,0,10,50,0,60,97,50,96,6,249,0,0,0,249
01/05/2021,CHS,SC,ASO,ES,Combined TRACON& Tower with Radar,56,26,34,34,150,0,8,47,2,57,56,34,81,36,207,0,16,16,223
01/06/2021,CHS,SC,ASO,ES,Combined TRACON& Tower with Radar,58,20,36,37,151,0,4,63,2,69,58,24,99,39,220,0,4,4,224
01/07/2021,CHS,SC,ASO,ES,Combined TRACON& Tower with Radar,88,24,46,27,185,0,2,46,2,50,88,26,92,29,235,2,20,22,257
01/08/2021,CHS,SC,ASO,ES,Combined TRACON& Tower with Radar,84,43,47,28,202,0,0,0,0,0,84,43,47,28,202,4,16,20,222
01/09/2021,CHS,SC,ASO,ES,Combined TRACON& Tower with Radar,62,16,43,12,133,0,2,34,0,36,62,18,77,12,169,0,0,0,169
01/10/2021,CHS,SC,ASO,ES,Combined TRACON& Tower with Radar,86,23,40,25,174,0,5,46,0,51,86,28,86,25,225,8,44,52,277
01/11/2021,CHS,SC,ASO,ES,Combined TRACON& Tower with Radar,82,39,36,42,199,0,0,25,1,26,82,39,61,43,225,2,20,22,247
01/12/2021,CHS,SC,ASO,ES,Combined TRACON& Tower with Radar,57,25,31,37,150,0,0,8,1,9,57,25,39,38,159,8,22,30,189
01/13/2021,CHS,SC,ASO,ES,Combined TRACON& Tower with Radar,54,29,66,59,208,0,2,19,3,24,54,31,85,62,232,2,26,28,260
01/14/2021,CHS,SC,ASO,ES,Combined TRACON& Tower with Radar,90,43,52,50,235,0,4,40,2,46,90,47,92,52,281,4,26,30,311
01/15/2021,CHS,SC,ASO,ES,Combined TRACON& Tower with Radar,90,38,50,53,231,0,2,13,10,25,90,40,63,63,256,4,48,52,308
01/16/2021,CHS,SC,ASO,ES,Combined TRACON& Tower with Radar,70,19,26,12,127,0,1,15,0,16,70,20,41,12,143,0,0,0,143
01/17/2021,CHS,SC,ASO,ES,Combined TRACON& Tower with Radar,77,28,50,18,173,0,3,46,0,49,77,31,96,18,222,10,0,10,232
01/18/2021,CHS,SC,ASO,ES,Combined TRACON& Tower with Radar,76,41,48,13,178,0,0,46,0,46,76,41,94,13,224,16,4,20,244
01/19/2021,CHS,SC,ASO,ES,Combined TRACON& Tower with Radar,58,25,42,46,171,0,2,55,2,59,58,27,97,48,230,8,10,18,248
01/20/2021,CHS,SC,ASO,ES,Combined TRACON& Tower with Radar,58,32,50,36,176,0,5,48,2,55,58,37,98,38,231,6,0,6,237
01/21/2021,CHS,SC,ASO,ES,Combined TRACON& Tower with Radar,87,32,60,39,218,0,5,34,0,39,87,37,94,39,257,23,8,31,288
01/22/2021,CHS,SC,ASO,ES,Combined TRACON& Tower with Radar,88,29,29,24,170,0,5,1,1,7,88,34,30,25,177,4,0,4,181
01/23/2021,CHS,SC,ASO,ES,Combined TRACON& Tower with Radar,63,23,35,20,141,0,4,50,5,59,63,27,85,25,200,2,26,28,228
01/24/2021,CHS,SC,ASO,ES,Combined TRACON& Tower with Radar,83,25,53,10,171,0,4,70,0,74,83,29,123,10,245,12,6,18,263
01/25/2021,CHS,SC,ASO,ES,Combined TRACON& Tower with Radar,81,41,44,42,208,0,0,25,0,25,81,41,69,42,233,8,64,72,305
01/26/2021,CHS,SC,ASO,ES,Combined TRACON& Tower with Radar,61,40,42,70,213,0,0,10,1,11,61,40,52,71,224,32,46,78,302
01/27/2021,CHS,SC,ASO,ES,Combined TRACON& Tower with Radar,54,32,54,42,182,0,1,3,0,4,54,33,57,42,186,0,0,0,186
01/28/2021,CHS,SC,ASO,ES,Combined TRACON& Tower with Radar,77,39,52,24,192,0,3,24,0,27,77,42,76,24,219,0,0,0,219
01/29/2021,CHS,SC,ASO,ES,Combined TRACON& Tower with Radar,89,45,61,20,215,0,4,70,4,78,89,49,131,24,293,6,8,14,307
01/30/2021,CHS,SC,ASO,ES,Combined TRACON& Tower with Radar,65,24,42,2,133,0,4,73,0,77,65,28,115,2,210,4,0,4,214
01/31/2021,CHS,SC,ASO,ES,Combined TRACON& Tower with Radar,76,17,27,13,133,0,1,4,2,7,76,18,31,15,140,0,0,0,140
02/01/2021,CHS,SC,ASO,ES,Combined TRACON& Tower with Radar,70,33,37,40,180,0,0,2,1,3,70,33,39,41,183,2,20,22,205
02/02/2021,CHS,SC,ASO,ES,Combined TRACON& Tower with Radar,57,22,36,55,170,0,2,28,5,35,57,24,64,60,205,10,56,66,271
02/03/2021,CHS,SC,ASO,ES,Combined TRACON& Tower with Radar,58,46,50,52,206,0,4,62,3,69,58,50,112,55,275,6,32,38,313
02/04/2021,CHS,SC,ASO,ES,Combined TRACON& Tower with Radar,84,46,75,81,286,0,2,57,1,60,84,48,132,82,346,0,20,20,366
02/05/2021,CHS,SC,ASO,ES,Combined TRACON& Tower with Radar,84,44,44,49,221,0,4,2,6,12,84,48,46,55,233,0,22,22,255
02/06/2021,CHS,SC,ASO,ES,Combined TRACON& Tower with Radar,67,36,38,23,164,0,0,12,0,12,67,36,50,23,176,0,12,12,188
02/07/2021,CHS,SC,ASO,ES,Combined TRACON& Tower with Radar,76,23,28,10,137,0,4,11,0,15,76,27,39,10,152,6,0,6,158
02/08/2021,CHS,SC,ASO,ES,Combined TRACON& Tower with Radar,81,36,54,53,224,0,8,64,0,72,81,44,118,53,296,32,24,56,352
02/09/2021,CHS,SC,ASO,ES,Combined TRACON& Tower with Radar,63,38,45,36,182,0,2,25,3,30,63,40,70,39,212,12,6,18,230
02/10/2021,CHS,SC,ASO,ES,Combined TRACON& Tower with Radar,57,38,73,40,208,0,0,11,0,11,57,38,84,40,219,8,16,24,243
02/11/2021,CHS,SC,ASO,ES,Combined TRACON& Tower with Radar,97,50,75,34,256,0,0,0,0,0,97,50,75,34,256,0,8,8,264
02/12/2021,CHS,SC,ASO,ES,Combined TRACON& Tower with Radar,97,76,71,21,265,0,0,0,0,0,97,76,71,21,265,2,0,2,267
02/13/2021,CHS,SC,ASO,ES,Combined TRACON& Tower with Radar,64,41,14,5,124,0,0,0,0,0,64,41,14,5,124,0,0,0,124
02/14/2021,CHS,SC,ASO,ES,Combined TRACON& Tower with Radar,76,33,37,9,155,0,0,0,0,0,76,33,37,9,155,0,0,0,155
02/15/2021,CHS,SC,ASO,ES,Combined TRACON& Tower with Radar,80,46,44,2,172,0,0,0,0,0,80,46,44,2,172,0,0,0,172
02/16/2021,CHS,SC,ASO,ES,Combined TRACON& Tower with Radar,48,34,60,40,182,0,7,45,13,65,48,41,105,53,247,2,2,4,251
02/17/2021,CHS,SC,ASO,ES,Combined TRACON& Tower with Radar,52,34,75,41,202,0,5,58,3,66,52,39,133,44,268,36,24,60,328
02/18/2021,CHS,SC,ASO,ES,Combined TRACON& Tower with Radar,81,39,28,26,174,0,0,0,1,1,81,39,28,27,175,0,0,0,175
02/19/2021,CHS,SC,ASO,ES,Combined TRACON& Tower with Radar,89,36,66,32,223,0,0,1,0,1,89,36,67,32,224,2,6,8,232
02/20/2021,CHS,SC,ASO,ES,Combined TRACON& Tower with Radar,66,32,49,26,173,0,4,74,5,83,66,36,123,31,256,14,6,20,276
02/21/2021,CHS,SC,ASO,ES,Combined TRACON& Tower with Radar,104,30,64,22,220,0,0,63,2,65,104,30,127,24,285,4,0,4,289
02/22/2021,CHS,SC,ASO,ES,Combined TRACON& Tower with Radar,94,41,47,46,228,0,2,22,1,25,94,43,69,47,253,8,28,36,289
02/23/2021,CHS,SC,ASO,ES,Combined TRACON& Tower with Radar,60,54,60,45,219,0,5,73,3,81,60,59,133,48,300,14,34,48,348
02/24/2021,CHS,SC,ASO,ES,Combined TRACON& Tower with Radar,60,49,64,56,229,0,6,59,2,67,60,55,123,58,296,6,24,30,326
02/25/2021,CHS,SC,ASO,ES,Combined TRACON& Tower with Radar,103,42,78,27,250,0,2,72,2,76,103,44,150,29,326,9,4,13,339
02/26/2021,CHS,SC,ASO,ES,Combined TRACON& Tower with Radar,99,57,55,54,265,0,3,52,18,73,99,60,107,72,338,4,22,26,364
02/27/2021,CHS,SC,ASO,ES,Combined TRACON& Tower with Radar,65,36,48,12,161,0,5,56,1,62,65,41,104,13,223,6,0,6,229
02/28/2021,CHS,SC,ASO,ES,Combined TRACON& Tower with Radar,102,33,58,41,234,0,6,24,4,34,102,39,82,45,268,10,0,10,278
03/01/2021,CHS,SC,ASO,ES,Combined TRACON& Tower with Radar,87,32,56,36,211,0,4,26,1,31,87,36,82,37,242,4,12,16,258
03/02/2021,CHS,SC,ASO,ES,Combined TRACON& Tower with Radar,67,44,60,65,236,0,3,30,2,35,67,47,90,67,271,8,54,62,333
03/03/2021,CHS,SC,ASO,ES,Combined TRACON& Tower with Radar,73,37,72,46,228,0,2,7,0,9,73,39,79,46,237,8,32,40,277
03/04/2021,CHS,SC,ASO,ES,Combined TRACON& Tower with Radar,118,63,78,47,306,0,6,67,7,80,118,69,145,54,386,0,6,6,392
03/05/2021,CHS,SC,ASO,ES,Combined TRACON& Tower with Radar,118,53,62,45,278,0,8,55,7,70,118,61,117,52,348,8,10,18,366
03/06/2021,CHS,SC,ASO,ES,Combined TRACON& Tower with Radar,98,53,67,19,237,0,3,29,3,35,98,56,96,22,272,10,16,26,298
03/07/2021,CHS,SC,ASO,ES,Combined TRACON& Tower with Radar,121,26,60,28,235,0,5,60,5,70,121,31,120,33,305,2,6,8,313
03/08/2021,CHS,SC,ASO,ES,Combined TRACON& Tower with Radar,110,51,73,46,280,0,4,55,1,60,110,55,128,47,340,14,62,76,416
03/09/2021,CHS,SC,ASO,ES,Combined TRACON& Tower with Radar,87,65,59,64,275,0,5,53,4,62,87,70,112,68,337,0,10,10,347
03/10/2021,CHS,SC,ASO,ES,Combined TRACON& Tower with Radar,91,47,58,37,233,0,5,38,3,46,91,52,96,40,279,14,22,36,315
03/11/2021,CHS,SC,ASO,ES,Combined TRACON& Tower with Radar,137,46,70,30,283,0,4,55,5,64,137,50,125,35,347,12,4,16,363
03/12/2021,CHS,SC,ASO,ES,Combined TRACON& Tower with Radar,124,42,80,52,298,0,2,63,12,77,124,44,143,64,375,16,40,56,431
03/13/2021,CHS,SC,ASO,ES,Combined TRACON& Tower with Radar,94,48,65,17,224,0,1,75,7,83,94,49,140,24,307,38,24,62,369
03/14/2021,CHS,SC,ASO,ES,Combined TRACON& Tower with Radar,119,30,66,18,233,0,2,58,2,62,119,32,124,20,295,4,2,6,301
03/15/2021,CHS,SC,ASO,ES,Combined TRACON& Tower with Radar,110,33,59,26,228,0,1,18,3,22,110,34,77,29,250,6,8,14,264
03/16/2021,CHS,SC,ASO,ES,Combined TRACON& Tower with Radar,90,51,72,72,285,0,2,10,0,12,90,53,82,72,297,10,50,60,357
03/17/2021,CHS,SC,ASO,ES,Combined TRACON& Tower with Radar,87,65,76,40,268,0,0,12,6,18,87,65,88,46,286,4,16,20,306
03/18/2021,CHS,SC,ASO,ES,Combined TRACON& Tower with Radar,129,43,45,23,240,0,1,3,0,4,129,44,48,23,244,0,8,8,252
03/19/2021,CHS,SC,ASO,ES,Combined TRACON& Tower with Radar,125,72,64,27,288,0,4,26,6,36,125,76,90,33,324,4,26,30,354
03/20/2021,CHS,SC,ASO,ES,Combined TRACON& Tower with Radar,105,52,61,23,241,0,5,21,1,27,105,57,82,24,268,2,0,2,270
03/21/2021,CHS,SC,ASO,ES,Combined TRACON& Tower with Radar,129,53,78,17,277,0,2,10,0,12,129,55,88,17,289,6,2,8,297
03/22/2021,CHS,SC,ASO,ES,Combined TRACON& Tower with Radar,121,50,54,33,258,0,4,39,4,47,121,54,93,37,305,2,14,16,321
03/23/2021,CHS,SC,ASO,ES,Combined TRACON& Tower with Radar,98,35,60,67,260,0,3,34,3,40,98,38,94,70,300,12,42,54,354
03/24/2021,CHS,SC,ASO,ES,Combined TRACON& Tower with Radar,94,52,66,64,276,0,11,48,3,62,94,63,114,67,338,0,12,12,350
03/25/2021,CHS,SC,ASO,ES,Combined TRACON& Tower with Radar,131,53,60,72,316,0,6,34,8,48,131,59,94,80,364,6,32,38,402
03/26/2021,CHS,SC,ASO,ES,Combined TRACON& Tower with Radar,132,68,66,61,327,0,3,23,4,30,132,71,89,65,357,2,28,30,387
03/27/2021,CHS,SC,ASO,ES,Combined TRACON& Tower with Radar,120,63,58,6,247,0,3,56,3,62,120,66,114,9,309,0,0,0,309
03/28/2021,CHS,SC,ASO,ES,Combined TRACON& Tower with Radar,120,45,70,8,243,0,6,16,1,23,120,51,86,9,266,0,0,0,266
03/29/2021,CHS,SC,ASO,ES,Combined TRACON& Tower with Radar,116,47,45,38,246,0,0,69,1,70,116,47,114,39,316,2,12,14,330
03/30/2021,CHS,SC,ASO,ES,Combined TRACON& Tower with Radar,107,55,88,32,282,0,1,48,4,53,107,56,136,36,335,20,8,28,363
03/31/2021,CHS,SC,ASO,ES,Combined TRACON& Tower with Radar,95,35,62,26,218,0,0,10,5,15,95,35,72,31,233,2,6,8,241
04/01/2021,CHS,SC,ASO,ES,Combined TRACON& Tower with Radar,136,45,78,49,308,0,2,20,2,24,136,47,98,51,332,0,32,32,364
04/02/2021,CHS,SC,ASO,ES,Combined TRACON& Tower with Radar,143,59,90,33,325,0,3,49,2,54,143,62,139,35,379,30,12,42,421
04/03/2021,CHS,SC,ASO,ES,Combined TRACON& Tower with Radar,123,50,58,9,240,0,3,75,0,78,123,53,133,9,318,4,0,4,322
04/04/2021,CHS,SC,ASO,ES,Combined TRACON& Tower with Radar,137,62,52,5,256,0,3,57,2,62,137,65,109,7,318,0,0,0,318
04/05/2021,CHS,SC,ASO,ES,Combined TRACON& Tower with Radar,134,85,75,23,317,0,3,62,5,70,134,88,137,28,387,2,0,2,389
04/06/2021,CHS,SC,ASO,ES,Combined TRACON& Tower with Radar,108,48,62,22,240,0,9,66,10,85,108,57,128,32,325,14,22,36,361
04/07/2021,CHS,SC,ASO,ES,Combined TRACON& Tower with Radar,107,43,45,36,231,0,0,62,9,71,107,43,107,45,302,0,34,34,336
04/08/2021,CHS,SC,ASO,ES,Combined TRACON& Tower with Radar,154,55,74,43,326,0,2,56,4,62,154,57,130,47,388,4,8,12,400
04/09/2021,CHS,SC,ASO,ES,Combined TRACON& Tower with Radar,142,49,85,35,311,0,5,49,8,62,142,54,134,43,373,10,26,36,409
04/10/2021,CHS,SC,ASO,ES,Combined TRACON& Tower with Radar,129,38,49,18,234,0,6,47,4,57,129,44,96,22,291,2,4,6,297
04/11/2021,CHS,SC,ASO,ES,Combined TRACON& Tower with Radar,136,45,98,25,304,0,5,35,10,50,136,50,133,35,354,0,8,8,362
04/12/2021,CHS,SC,ASO,ES,Combined TRACON& Tower with Radar,142,53,76,18,289,0,2,46,2,50,142,55,122,20,339,2,8,10,349
04/13/2021,CHS,SC,ASO,ES,Combined TRACON& Tower with Radar,106,47,64,34,251,0,5,54,4,63,106,52,118,38,314,2,24,26,340
04/14/2021,CHS,SC,ASO,ES,Combined TRACON& Tower with Radar,117,32,66,40,255,0,4,38,8,50,117,36,104,48,305,2,34,36,341
04/15/2021,CHS,SC,ASO,ES,Combined TRACON& Tower with Radar,148,47,80,32,307,0,3,24,4,31,148,50,104,36,338,14,12,26,364
04/16/2021,CHS,SC,ASO,ES,Combined TRACON& Tower with Radar,144,39,68,26,277,0,5,44,3,52,144,44,112,29,329,0,4,4,333
04/17/2021,CHS,SC,ASO,ES,Combined TRACON& Tower with Radar,134,44,59,22,259,0,3,40,5,48,134,47,99,27,307,10,16,26,333
04/18/2021,CHS,SC,ASO,ES,Combined TRACON& Tower with Radar,140,40,62,24,266,0,2,36,4,42,140,42,98,28,308,0,0,0,308
04/19/2021,CHS,SC,ASO,ES,Combined TRACON& Tower with Radar,132,40,52,44,268,0,8,44,3,55,132,48,96,47,323,0,12,12,335
04/20/2021,CHS,SC,ASO,ES,Combined TRACON& Tower with Radar,110,32,56,28,226,0,5,57,1,63,110,37,113,29,289,6,0,6,295
04/21/2021,CHS,SC,ASO,ES,Combined TRACON& Tower with Radar,107,45,95,43,290,0,9,30,5,44,107,54,125,48,334,4,4,8,342
04/22/2021,CHS,SC,ASO,ES,Combined TRACON& Tower with Radar,145,55,103,17,320,0,5,60,5,70,145,60,163,22,390,8,0,8,398
04/23/2021,CHS,SC,ASO,ES,Combined TRACON& Tower with Radar,149,60,85,51,345,0,4,60,8,72,149,64,145,59,417,8,10,18,435
04/24/2021,CHS,SC,ASO,ES,Combined TRACON& Tower with Radar,132,29,38,13,212,0,4,8,0,12,132,33,46,13,224,0,0,0,224
04/25/2021,CHS,SC,ASO,ES,Combined TRACON& Tower with Radar,138,46,120,22,326,0,2,36,1,39,138,48,156,23,365,30,10,40,405
04/26/2021,CHS,SC,ASO,ES,Combined TRACON& Tower with Radar,142,36,75,24,277,0,2,60,11,73,142,38,135,35,350,18,0,18,368
04/27/2021,CHS,SC,ASO,ES,Combined TRACON& Tower with Radar,115,42,67,28,252,0,7,59,6,72,115,49,126,34,324,4,10,14,338
04/28/2021,CHS,SC,ASO,ES,Combined TRACON& Tower with Radar,108,42,82,23,255,0,1,73,9,83,108,43,155,32,338,8,8,16,354
04/29/2021,CHS,SC,ASO,ES,Combined TRACON& Tower with Radar,143,52,89,16,300,0,3,57,3,63,143,55,146,19,363,14,0,14,377
04/30/2021,CHS,SC,ASO,ES,Combined TRACON& Tower with Radar,145,49,61,46,301,0,2,57,2,61,145,51,118,48,362,4,48,52,414
05/01/2021,CHS,SC,ASO,ES,Combined TRACON& Tower with Radar,122,42,49,21,234,0,2,66,3,71,122,44,115,24,305,12,18,30,335
05/02/2021,CHS,SC,ASO,ES,Combined TRACON& Tower with Radar,140,45,90,22,297,0,1,34,0,35,140,46,124,22,332,2,0,2,334
05/03/2021,CHS,SC,ASO,ES,Combined TRACON& Tower with Radar,123,32,51,31,237,0,5,37,3,45,123,37,88,34,282,4,24,28,310
05/04/2021,CHS,SC,ASO,ES,Combined TRACON& Tower with Radar,118,39,85,22,264,0,3,36,6,45,118,42,121,28,309,2,8,10,319
05/05/2021,CHS,SC,ASO,ES,Combined TRACON& Tower with Radar,108,46,82,29,265,0,3,21,4,28,108,49,103,33,293,0,12,12,305
05/06/2021,CHS,SC,ASO,ES,Combined TRACON& Tower with Radar,154,45,98,25,322,0,0,69,2,71,154,45,167,27,393,12,12,24,417
05/07/2021,CHS,SC,ASO,ES,Combined TRACON& Tower with Radar,151,70,94,23,338,0,4,55,3,62,151,74,149,26,400,2,6,8,408
05/08/2021,CHS,SC,ASO,ES,Combined TRACON& Tower with Radar,141,27,52,18,238,0,3,57,5,65,141,30,109,23,303,0,4,4,307
05/09/2021,CHS,SC,ASO,ES,Combined TRACON& Tower with Radar,153,31,76,15,275,0,2,31,0,33,153,33,107,15,308,4,0,4,312
05/10/2021,CHS,SC,ASO,ES,Combined TRACON& Tower with Radar,152,49,59,34,294,0,4,29,2,35,152,53,88,36,329,0,0,0,329
05/11/2021,CHS,SC,ASO,ES,Combined TRACON& Tower with Radar,123,26,65,25,239,0,6,49,1,56,123,32,114,26,295,6,4,10,305
05/12/2021,CHS,SC,ASO,ES,Combined TRACON& Tower with Radar,136,43,73,19,271,0,0,2,0,2,136,43,75,19,273,0,0,0,273
05/13/2021,CHS,SC,ASO,ES,Combined TRACON& Tower with Radar,157,64,72,29,322,0,6,44,1,51,157,70,116,30,373,2,2,4,377
05/14/2021,CHS,SC,ASO,ES,Combined TRACON& Tower with Radar,163,43,82,34,322,0,4,66,0,70,163,47,148,34,392,14,8,22,414
05/15/2021,CHS,SC,ASO,ES,Combined TRACON& Tower with Radar,147,38,49,7,241,0,6,63,0,69,147,44,112,7,310,6,0,6,316
05/16/2021,CHS,SC,ASO,ES,Combined TRACON& Tower with Radar,153,63,94,10,320,0,10,54,0,64,153,73,148,10,384,4,0,4,388
05/17/2021,CHS,SC,ASO,ES,Combined TRACON& Tower with Radar,152,35,92,43,322,0,1,57,0,58,152,36,149,43,380,8,20,28,408
05/18/2021,CHS,SC,ASO,ES,Combined TRACON& Tower with Radar,138,41,72,42,293,0,0,67,3,70,138,41,139,45,363,26,22,48,411
05/19/2021,CHS,SC,ASO,ES,Combined TRACON& Tower with Radar,129,52,114,54,349,0,2,54,6,62,129,54,168,60,411,0,32,32,443
05/20/2021,CHS,SC,ASO,ES,Combined TRACON& Tower with Radar,161,44,87,35,327,0,1,61,0,62,161,45,148,35,389,0,4,4,393
05/21/2021,CHS,SC,ASO,ES,Combined TRACON& Tower with Radar,156,52,93,44,345,0,0,67,7,74,156,52,160,51,419,6,30,36,455
05/22/2021,CHS,SC,ASO,ES,Combined TRACON& Tower with Radar,153,24,56,18,251,0,6,48,0,54,153,30,104,18,305,2,2,4,309
05/23/2021,CHS,SC,ASO,ES,Combined TRACON& Tower with Radar,156,56,89,8,309,0,7,56,2,65,156,63,145,10,374,14,6,20,394
05/24/2021,CHS,SC,ASO,ES,Combined TRACON& Tower with Radar,147,50,76,32,305,0,4,55,5,64,147,54,131,37,369,10,14,24,393
05/25/2021,CHS,SC,ASO,ES,Combined TRACON& Tower with Radar,132,36,70,24,262,0,3,58,10,71,132,39,128,34,333,2,6,8,341
05/26/2021,CHS,SC,ASO,ES,Combined TRACON& Tower with Radar,136,34,80,26,276,0,2,67,6,75,136,36,147,32,351,2,0,2,353
05/27/2021,CHS,SC,ASO,ES,Combined TRACON& Tower with Radar,166,47,90,31,334,0,6,59,5,70,166,53,149,36,404,0,4,4,408
05/28/2021,CHS,SC,ASO,ES,Combined TRACON& Tower with Radar,181,64,84,18,347,0,7,59,3,69,181,71,143,21,416,2,6,8,424
05/29/2021,CHS,SC,ASO,ES,Combined TRACON& Tower with Radar,155,19,50,8,232,0,5,41,0,46,155,24,91,8,278,0,0,0,278
05/30/2021,CHS,SC,ASO,ES,Combined TRACON& Tower with Radar,154,29,39,10,232,0,6,10,2,18,154,35,49,12,250,0,0,0,250
05/31/2021,CHS,SC,ASO,ES,Combined TRACON& Tower with Radar,167,56,86,2,311,0,4,59,0,63,167,60,145,2,374,2,0,2,376
06/01/2021,CHS,SC,ASO,ES,Combined TRACON& Tower with Radar,139,28,72,36,275,0,7,67,3,77,139,35,139,39,352,3,6,9,361
06/02/2021,CHS,SC,ASO,ES,Combined TRACON& Tower with Radar,158,44,85,35,322,0,3,22,2,27,158,47,107,37,349,2,4,6,355
06/03/2021,CHS,SC,ASO,ES,Combined TRACON& Tower with Radar,164,32,78,35,309,0,0,11,0,11,164,32,89,35,320,20,4,24,344
06/04/2021,CHS,SC,ASO,ES,Combined TRACON& Tower with Radar,193,54,81,23,351,0,1,13,0,14,193,55,94,23,365,8,6,14,379
06/05/2021,CHS,SC,ASO,ES,Combined TRACON& Tower with Radar,161,33,41,14,249,0,2,26,0,28,161,35,67,14,277,0,8,8,285
06/06/2021,CHS,SC,ASO,ES,Combined TRACON& Tower with Radar,183,35,74,14,306,0,4,8,0,12,183,39,82,14,318,0,0,0,318
06/07/2021,CHS,SC,ASO,ES,Combined TRACON& Tower with Radar,187,43,71,49,350,0,0,17,3,20,187,43,88,52,370,4,22,26,396
06/08/2021,CHS,SC,ASO,ES,Combined TRACON& Tower with Radar,156,34,72,24,286,0,0,49,0,49,156,34,121,24,335,6,2,8,343
06/09/2021,CHS,SC,ASO,ES,Combined TRACON& Tower with Radar,160,41,52,33,286,0,0,42,1,43,160,41,94,34,329,6,24,30,359
06/10/2021,CHS,SC,ASO,ES,Combined TRACON& Tower with Radar,174,39,86,25,324,0,0,54,1,55,174,39,140,26,379,10,16,26,405
06/11/2021,CHS,SC,ASO,ES,Combined TRACON& Tower with Radar,192,63,69,15,339,0,2,39,4,45,192,65,108,19,384,2,2,4,388
06/12/2021,CHS,SC,ASO,ES,Combined TRACON& Tower with Radar,178,29,46,5,258,0,2,12,0,14,178,31,58,5,272,6,0,6,278
06/13/2021,CHS,SC,ASO,ES,Combined TRACON& Tower with Radar,183,39,99,9,330,0,0,8,0,8,183,39,107,9,338,2,0,2,340
06/14/2021,CHS,SC,ASO,ES,Combined TRACON& Tower with Radar,184,40,52,34,310,0,1,53,0,54,184,41,105,34,364,8,10,18,382
06/15/2021,CHS,SC,ASO,ES,Combined TRACON& Tower with Radar,153,31,55,29,268,0,4,61,0,65,153,35,116,29,333,6,0,6,339
06/16/2021,CHS,SC,ASO,ES,Combined TRACON& Tower with Radar,164,44,72,47,327,0,7,56,1,64,164,51,128,48,391,24,32,56,447
06/17/2021,CHS,SC,ASO,ES,Combined TRACON& Tower with Radar,181,43,83,37,344,0,6,79,11,96,181,49,162,48,440,2,16,18,458
06/18/2021,CHS,SC,ASO,ES,Combined TRACON& Tower with Radar,195,43,79,21,338,0,5,76,5,86,195,48,155,26,424,14,26,40,464
06/19/2021,CHS,SC,ASO,ES,Combined TRACON& Tower with Radar,179,37,62,14,292,0,7,39,12,58,179,44,101,26,350,8,8,16,366
06/20/2021,CHS,SC,ASO,ES,Combined TRACON& Tower with Radar,184,33,52,14,283,0,0,7,0,7,184,33,59,14,290,2,0,2,292
06/21/2021,CHS,SC,ASO,ES,Combined TRACON& Tower with Radar,174,39,49,28,290,0,0,49,0,49,174,39,98,28,339,0,10,10,349
06/22/2021,CHS,SC,ASO,ES,Combined TRACON& Tower with Radar,160,35,59,70,324,0,4,13,1,18,160,39,72,71,342,4,28,32,374
06/23/2021,CHS,SC,ASO,ES,Combined TRACON& Tower with Radar,156,38,122,30,346,0,7,51,0,58,156,45,173,30,404,12,0,12,416
06/24/2021,CHS,SC,ASO,ES,Combined TRACON& Tower with Radar,182,39,75,34,330,0,2,66,2,70,182,41,141,36,400,4,0,4,404
06/25/2021,CHS,SC,ASO,ES,Combined TRACON& Tower with Radar,195,42,71,64,372,0,6,37,7,50,195,48,108,71,422,2,28,30,452
06/26/2021,CHS,SC,ASO,ES,Combined TRACON& Tower with Radar,169,28,62,37,296,0,1,7,4,12,169,29,69,41,308,0,0,0,308
06/27/2021,CHS,SC,ASO,ES,Combined TRACON& Tower with Radar,183,38,68,21,310,0,4,27,9,40,183,42,95,30,350,10,0,10,360
06/28/2021,CHS,SC,ASO,ES,Combined TRACON& Tower with Radar,183,41,67,27,318,0,0,9,0,9,183,41,76,27,327,0,0,0,327
06/29/2021,CHS,SC,ASO,ES,Combined TRACON& Tower with Radar,163,33,57,48,301,0,4,48,5,57,163,37,105,53,358,10,34,44,402
06/30/2021,CHS,SC,ASO,ES,Combined TRACON& Tower with Radar,162,46,53,64,325,0,3,42,2,47,162,49,95,66,372,0,0,0,372
07/01/2021,CHS,SC,ASO,ES,Combined TRACON& Tower with Radar,190,33,68,27,318,0,4,63,1,68,190,37,131,28,386,2,4,6,392
07/02/2021,CHS,SC,ASO,ES,Combined TRACON& Tower with Radar,204,46,69,25,344,0,5,12,0,17,204,51,81,25,361,2,18,20,381
07/03/2021,CHS,SC,ASO,ES,Combined TRACON& Tower with Radar,178,33,50,1,262,0,5,40,2,47,178,38,90,3,309,2,0,2,311
07/04/2021,CHS,SC,ASO,ES,Combined TRACON& Tower with Radar,169,17,19,6,211,0,3,36,2,41,169,20,55,8,252,0,0,0,252
07/05/2021,CHS,SC,ASO,ES,Combined TRACON& Tower with Radar,192,25,76,4,297,0,9,44,0,53,192,34,120,4,350,0,0,0,350
07/06/2021,CHS,SC,ASO,ES,Combined TRACON& Tower with Radar,151,30,64,27,272,0,2,41,3,46,151,32,105,30,318,2,10,12,330
07/07/2021,CHS,SC,ASO,ES,Combined TRACON& Tower with Radar,164,38,50,20,272,0,0,10,0,10,164,38,60,20,282,0,0,0,282
07/08/2021,CHS,SC,ASO,ES,Combined TRACON& Tower with Radar,202,43,26,8,279,0,0,6,6,12,202,43,32,14,291,1,8,9,300
07/09/2021,CHS,SC,ASO,ES,Combined TRACON& Tower with Radar,219,46,60,29,354,0,8,42,3,53,219,54,102,32,407,6,26,32,439
07/10/2021,CHS,SC,ASO,ES,Combined TRACON& Tower with Radar,181,40,51,16,288,0,4,34,3,41,181,44,85,19,329,12,6,18,347
07/11/2021,CHS,SC,ASO,ES,Combined TRACON& Tower with Radar,194,37,63,11,305,0,2,38,5,45,194,39,101,16,350,14,4,18,368
07/12/2021,CHS,SC,ASO,ES,Combined TRACON& Tower with Radar,192,37,62,40,331,0,0,37,0,37,192,37,99,40,368,2,20,22,390
07/13/2021,CHS,SC,ASO,ES,Combined TRACON& Tower with Radar,162,33,59,29,283,0,6,36,3,45,162,39,95,32,328,16,14,30,358
07/14/2021,CHS,SC,ASO,ES,Combined TRACON& Tower with Radar,161,37,68,28,294,0,3,58,4,65,161,40,126,32,359,0,6,6,365
07/15/2021,CHS,SC,ASO,ES,Combined TRACON& Tower with Radar,205,45,99,28,377,0,5,52,1,58,205,50,151,29,435,4,4,8,443
07/16/2021,CHS,SC,ASO,ES,Combined TRACON& Tower with Radar,208,42,65,34,349,0,5,38,4,47,208,47,103,38,396,2,14,16,412
07/17/2021,CHS,SC,ASO,ES,Combined TRACON& Tower with Radar,176,37,50,15,278,0,9,37,4,50,176,46,87,19,328,4,14,18,346
07/18/2021,CHS,SC,ASO,ES,Combined TRACON& Tower with Radar,201,36,80,17,334,0,6,33,0,39,201,42,113,17,373,8,0,8,381
07/19/2021,CHS,SC,ASO,ES,Combined TRACON& Tower with Radar,192,34,47,18,291,0,3,29,2,34,192,37,76,20,325,2,10,12,337
07/20/2021,CHS,SC,ASO,ES,Combined TRACON& Tower with Radar,162,31,71,27,291,0,3,6,3,12,162,34,77,30,303,0,2,2,305
07/21/2021,CHS,SC,ASO,ES,Combined TRACON& Tower with Radar,168,45,84,43,340,0,3,32,5,40,168,48,116,48,380,8,18,26,406
07/22/2021,CHS,SC,ASO,ES,Combined TRACON& Tower with Radar,198,42,69,34,343,0,8,43,3,54,198,50,112,37,397,0,0,0,397
07/23/2021,CHS,SC,ASO,ES,Combined TRACON& Tower with Radar,211,39,61,28,339,0,9,39,3,51,211,48,100,31,390,2,4,6,396
07/24/2021,CHS,SC,ASO,ES,Combined TRACON& Tower with Radar,175,38,55,17,285,0,4,51,5,60,175,42,106,22,345,4,12,16,361
07/25/2021,CHS,SC,ASO,ES,Combined TRACON& Tower with Radar,193,34,61,15,303,0,6,45,6,57,193,40,106,21,360,4,8,12,372
07/26/2021,CHS,SC,ASO,ES,Combined TRACON& Tower with Radar,207,37,52,28,324,0,4,26,3,33,207,41,78,31,357,0,4,4,361
07/27/2021,CHS,SC,ASO,ES,Combined TRACON& Tower with Radar,168,29,59,36,292,0,2,19,3,24,168,31,78,39,316,0,2,2,318
07/28/2021,CHS,SC,ASO,ES,Combined TRACON& Tower with Radar,163,43,86,35,327,0,2,15,12,29,163,45,101,47,356,0,10,10,366
07/29/2021,CHS,SC,ASO,ES,Combined TRACON& Tower with Radar,203,38,80,24,345,0,6,59,14,79,203,44,139,38,424,2,4,6,430
07/30/2021,CHS,SC,ASO,ES,Combined TRACON& Tower with Radar,210,37,83,22,352,0,4,57,17,78,210,41,140,39,430,13,20,33,463
07/31/2021,CHS,SC,ASO,ES,Combined TRACON& Tower with Radar,176,29,48,8,261,0,2,32,8,42,176,31,80,16,303,0,0,0,303
08/01/2021,CHS,SC,ASO,ES,Combined TRACON& Tower with Radar,196,33,56,6,291,0,5,34,6,45,196,38,90,12,336,10,12,22,358
08/02/2021,CHS,SC,ASO,ES,Combined TRACON& Tower with Radar,195,45,65,21,326,0,2,41,5,48,195,47,106,26,374,0,2,2,376
08/03/2021,CHS,SC,ASO,ES,Combined TRACON& Tower with Radar,156,31,72,18,277,0,0,14,2,16,156,31,86,20,293,10,2,12,305
08/04/2021,CHS,SC,ASO,ES,Combined TRACON& Tower with Radar,171,46,69,33,319,0,3,10,2,15,171,49,79,35,334,14,38,52,386
08/05/2021,CHS,SC,ASO,ES,Combined TRACON& Tower with Radar,204,46,85,22,357,0,2,10,1,13,204,48,95,23,370,0,0,0,370
08/06/2021,CHS,SC,ASO,ES,Combined TRACON& Tower with Radar,207,52,72,23,354,0,0,10,0,10,207,52,82,23,364,0,4,4,368
08/07/2021,CHS,SC,ASO,ES,Combined TRACON& Tower with Radar,185,34,41,28,288,0,0,19,0,19,185,34,60,28,307,8,10,18,325
08/08/2021,CHS,SC,ASO,ES,Combined TRACON& Tower with Radar,202,38,56,26,322,0,3,36,0,39,202,41,92,26,361,4,4,8,369
08/09/2021,CHS,SC,ASO,ES,Combined TRACON& Tower with Radar,187,38,64,39,328,0,4,61,3,68,187,42,125,42,396,12,14,26,422
08/10/2021,CHS,SC,ASO,ES,Combined TRACON& Tower with Radar,159,21,80,37,297,0,2,65,2,69,159,23,145,39,366,2,6,8,374
08/11/2021,CHS,SC,ASO,ES,Combined TRACON& Tower with Radar,157,51,55,61,324,0,7,68,5,80,157,58,123,66,404,0,28,28,432
08/12/2021,CHS,SC,ASO,ES,Combined TRACON& Tower with Radar,191,47,70,25,333,0,7,69,5,81,191,54,139,30,414,16,0,16,430
08/13/2021,CHS,SC,ASO,ES,Combined TRACON& Tower with Radar,201,40,65,10,316,0,7,71,5,83,201,47,136,15,399,4,0,4,403
08/14/2021,CHS,SC,ASO,ES,Combined TRACON& Tower with Radar,176,33,48,16,273,0,5,41,1,47,176,38,89,17,320,6,4,10,330
08/15/2021,CHS,SC,ASO,ES,Combined TRACON& Tower with Radar,196,45,52,28,321,0,4,18,0,22,196,49,70,28,343,0,0,0,343
08/16/2021,CHS,SC,ASO,ES,Combined TRACON& Tower with Radar,202,38,60,28,328,0,0,17,3,20,202,38,77,31,348,4,4,8,356
08/17/2021,CHS,SC,ASO,ES,Combined TRACON& Tower with Radar,162,24,53,26,265,0,0,3,1,4,162,24,56,27,269,2,8,10,279
08/18/2021,CHS,SC,ASO,ES,Combined TRACON& Tower with Radar,153,35,70,26,284,0,1,31,3,35,153,36,101,29,319,6,6,12,331
08/19/2021,CHS,SC,ASO,ES,Combined TRACON& Tower with Radar,192,33,62,15,302,0,2,50,0,52,192,35,112,15,354,6,4,10,364
08/20/2021,CHS,SC,ASO,ES,Combined TRACON& Tower with Radar,190,56,55,13,314,0,2,63,1,66,190,58,118,14,380,8,6,14,394
08/21/2021,CHS,SC,ASO,ES,Combined TRACON& Tower with Radar,162,38,61,21,282,0,0,28,0,28,162,38,89,21,310,2,0,2,312
08/22/2021,CHS,SC,ASO,ES,Combined TRACON& Tower with Radar,184,31,71,8,294,0,0,12,0,12,184,31,83,8,306,0,0,0,306
08/23/2021,CHS,SC,ASO,ES,Combined TRACON& Tower with Radar,179,27,67,23,296,0,2,42,0,44,179,29,109,23,340,2,14,16,356
08/24/2021,CHS,SC,ASO,ES,Combined TRACON& Tower with Radar,151,29,53,17,250,0,3,42,5,50,151,32,95,22,300,2,0,2,302
08/25/2021,CHS,SC,ASO,ES,Combined TRACON& Tower with Radar,148,39,65,17,269,0,5,45,5,55,148,44,110,22,324,2,4,6,330
08/26/2021,CHS,SC,ASO,ES,Combined TRACON& Tower with Radar,188,32,88,15,323,0,6,55,1,62,188,38,143,16,385,26,8,34,419
08/27/2021,CHS,SC,ASO,ES,Combined TRACON& Tower with Radar,186,29,61,23,299,0,2,37,8,47,186,31,98,31,346,2,0,2,348
08/28/2021,CHS,SC,ASO,ES,Combined TRACON& Tower with Radar,162,37,60,22,281,0,5,51,1,57,162,42,111,23,338,10,16,26,364
08/29/2021,CHS,SC,ASO,ES,Combined TRACON& Tower with Radar,185,26,49,6,266,0,4,34,0,38,185,30,83,6,304,2,0,2,306
08/30/2021,CHS,SC,ASO,ES,Combined TRACON& Tower with Radar,182,24,59,21,286,0,2,51,3,56,182,26,110,24,342,22,12,34,376
08/31/2021,CHS,SC,ASO,ES,Combined TRACON& Tower with Radar,151,20,53,35,259,0,0,32,1,33,151,20,85,36,292,8,20,28,320
09/01/2021,CHS,SC,ASO,ES,Combined TRACON& Tower with Radar,158,26,67,32,283,0,2,31,2,35,158,28,98,34,318,2,18,20,338
09/02/2021,CHS,SC,ASO,ES,Combined TRACON& Tower with Radar,193,29,71,31,324,0,6,44,1,51,193,35,115,32,375,2,10,12,387
09/03/2021,CHS,SC,ASO,ES,Combined TRACON& Tower with Radar,188,40,74,10,312,0,4,57,2,63,188,44,131,12,375,0,0,0,375
09/04/2021,CHS,SC,ASO,ES,Combined TRACON& Tower with Radar,151,17,41,13,222,0,9,35,1,45,151,26,76,14,267,2,12,14,281
09/05/2021,CHS,SC,ASO,ES,Combined TRACON& Tower with Radar,165,14,29,4,212,0,4,28,0,32,165,18,57,4,244,4,0,4,248
09/06/2021,CHS,SC,ASO,ES,Combined TRACON& Tower with Radar,172,23,80,5,280,0,4,44,2,50,172,27,124,7,330,0,0,0,330
09/07/2021,CHS,SC,ASO,ES,Combined TRACON& Tower with Radar,135,26,73,14,248,0,3,47,2,52,135,29,120,16,300,4,14,18,318
09/08/2021,CHS,SC,ASO,ES,Combined TRACON& Tower with Radar,130,34,61,23,248,0,0,45,3,48,130,34,106,26,296,0,0,0,296
09/09/2021,CHS,SC,ASO,ES,Combined TRACON& Tower with Radar,165,54,96,22,337,0,5,26,1,32,165,59,122,23,369,0,0,0,369
09/10/2021,CHS,SC,ASO,ES,Combined TRACON& Tower with Radar,169,50,77,31,327,0,4,66,11,81,169,54,143,42,408,11,32,43,451
09/11/2021,CHS,SC,ASO,ES,Combined TRACON& Tower with Radar,131,22,65,38,256,0,8,48,10,66,131,30,113,48,322,0,24,24,346
09/12/2021,CHS,SC,ASO,ES,Combined TRACON& Tower with Radar,167,33,70,10,280,0,4,27,2,33,167,37,97,12,313,0,0,0,313
09/13/2021,CHS,SC,ASO,ES,Combined TRACON& Tower with Radar,166,27,42,32,267,0,2,71,0,73,166,29,113,32,340,0,4,4,344
09/14/2021,CHS,SC,ASO,ES,Combined TRACON& Tower with Radar,126,28,66,36,256,0,7,53,1,61,126,35,119,37,317,0,16,16,333
09/15/2021,CHS,SC,ASO,ES,Combined TRACON& Tower with Radar,142,38,68,28,276,0,2,45,1,48,142,40,113,29,324,8,8,16,340
09/16/2021,CHS,SC,ASO,ES,Combined TRACON& Tower with Radar,180,38,64,37,319,0,3,19,3,25,180,41,83,40,344,10,10,20,364
09/17/2021,CHS,SC,ASO,ES,Combined TRACON& Tower with Radar,172,50,70,24,316,0,5,35,3,43,172,55,105,27,359,10,8,18,377
09/18/2021,CHS,SC,ASO,ES,Combined TRACON& Tower with Radar,135,24,50,31,240,0,6,29,4,39,135,30,79,35,279,8,8,16,295
09/19/2021,CHS,SC,ASO,ES,Combined TRACON& Tower with Radar,171,55,80,7,313,0,6,33,2,41,171,61,113,9,354,0,0,0,354
09/20/2021,CHS,SC,ASO,ES,Combined TRACON& Tower with Radar,170,45,75,15,305,0,2,3,0,5,170,47,78,15,310,2,2,4,314
09/21/2021,CHS,SC,ASO,ES,Combined TRACON& Tower with Radar,125,36,71,23,255,0,2,1,1,4,125,38,72,24,259,0,6,6,265
09/22/2021,CHS,SC,ASO,ES,Combined TRACON& Tower with Radar,136,34,63,19,252,0,0,27,0,27,136,34,90,19,279,2,0,2,281
09/23/2021,CHS,SC,ASO,ES,Combined TRACON& Tower with Radar,155,39,79,22,295,0,0,66,10,76,155,39,145,32,371,0,28,28,399
09/24/2021,CHS,SC,ASO,ES,Combined TRACON& Tower with Radar,175,49,93,13,330,0,2,70,0,72,175,51,163,13,402,8,0,8,410
09/25/2021,CHS,SC,ASO,ES,Combined TRACON& Tower with Radar,135,29,36,6,206,0,2,46,1,49,135,31,82,7,255,2,0,2,257
09/26/2021,CHS,SC,ASO,ES,Combined TRACON& Tower with Radar,171,46,74,6,297,0,8,54,0,62,171,54,128,6,359,4,0,4,363
09/27/2021,CHS,SC,ASO,ES,Combined TRACON& Tower with Radar,165,28,51,43,287,0,4,73,2,79,165,32,124,45,366,2,19,21,387
09/28/2021,CHS,SC,ASO,ES,Combined TRACON& Tower with Radar,132,35,60,11,238,0,7,41,3,51,132,42,101,14,289,2,12,14,303
09/29/2021,CHS,SC,ASO,ES,Combined TRACON& Tower with Radar,131,39,75,18,263,0,1,65,0,66,131,40,140,18,329,6,4,10,339
09/30/2021,CHS,SC,ASO,ES,Combined TRACON& Tower with Radar,174,41,75,24,314,0,6,70,4,80,174,47,145,28,394,0,0,0,394
10/01/2021,CHS,SC,ASO,ES,Combined TRACON& Tower with Radar,172,64,80,27,343,0,0,55,6,61,172,64,135,33,404,16,8,24,428
10/02/2021,CHS,SC,ASO,ES,Combined TRACON& Tower with Radar,131,41,45,24,241,0,4,38,6,48,131,45,83,30,289,6,20,26,315
10/03/2021,CHS,SC,ASO,ES,Combined TRACON& Tower with Radar,170,58,98,12,338,0,3,24,1,28,170,61,122,13,366,0,2,2,368
10/04/2021,CHS,SC,ASO,ES,Combined TRACON& Tower with Radar,168,38,85,24,315,0,2,49,3,54,168,40,134,27,369,25,0,25,394
10/05/2021,CHS,SC,ASO,ES,Combined TRACON& Tower with Radar,133,39,64,26,262,0,0,19,0,19,133,39,83,26,281,4,20,24,305
10/06/2021,CHS,SC,ASO,ES,Combined TRACON& Tower with Radar,147,35,71,35,288,0,1,20,0,21,147,36,91,35,309,2,0,2,311
10/07/2021,CHS,SC,ASO,ES,Combined TRACON& Tower with Radar,185,53,92,55,385,0,0,19,2,21,185,53,111,57,406,2,36,38,444
10/08/2021,CHS,SC,ASO,ES,Combined TRACON& Tower with Radar,175,45,75,10,305,0,5,1,2,8,175,50,76,12,313,0,0,0,313
10/09/2021,CHS,SC,ASO,ES,Combined TRACON& Tower with Radar,151,30,52,5,238,0,0,9,0,9,151,30,61,5,247,10,0,10,257
10/10/2021,CHS,SC,ASO,ES,Combined TRACON& Tower with Radar,169,24,76,5,274,0,2,20,0,22,169,26,96,5,296,2,0,2,298
10/11/2021,CHS,SC,ASO,ES,Combined TRACON& Tower with Radar,170,33,95,4,302,0,2,48,0,50,170,35,143,4,352,10,0,10,362
10/12/2021,CHS,SC,ASO,ES,Combined TRACON& Tower with Radar,152,27,56,26,261,0,3,54,3,60,152,30,110,29,321,4,12,16,337
10/13/2021,CHS,SC,ASO,ES,Combined TRACON& Tower with Radar,148,38,70,25,281,0,2,56,2,60,148,40,126,27,341,6,5,11,352
10/14/2021,CHS,SC,ASO,ES,Combined TRACON& Tower with Radar,187,63,102,17,369,0,6,65,1,72,187,69,167,18,441,8,12,20,461
10/15/2021,CHS,SC,ASO,ES,Combined TRACON& Tower with Radar,192,33,58,24,307,0,9,47,1,57,192,42,105,25,364,0,0,0,364
10/16/2021,CHS,SC,ASO,ES,Combined TRACON& Tower with Radar,148,39,47,20,254,0,6,54,2,62,148,45,101,22,316,4,0,4,320
10/17/2021,CHS,SC,ASO,ES,Combined TRACON& Tower with Radar,175,58,70,18,321,0,2,25,2,29,175,60,95,20,350,4,0,4,354
10/18/2021,CHS,SC,ASO,ES,Combined TRACON& Tower with Radar,184,46,61,14,305,0,4,53,6,63,184,50,114,20,368,3,12,15,383
10/19/2021,CHS,SC,ASO,ES,Combined TRACON& Tower with Radar,148,45,74,35,302,0,1,60,2,63,148,46,134,37,365,14,16,30,395
10/20/2021,CHS,SC,ASO,ES,Combined TRACON& Tower with Radar,152,53,111,50,366,0,1,71,10,82,152,54,182,60,448,10,40,50,498
10/21/2021,CHS,SC,ASO,ES,Combined TRACON& Tower with Radar,181,54,120,45,400,0,8,52,3,63,181,62,172,48,463,20,8,28,491
10/22/2021,CHS,SC,ASO,ES,Combined TRACON& Tower with Radar,195,63,111,41,410,0,12,51,5,68,195,75,162,46,478,22,28,50,528
10/23/2021,CHS,SC,ASO,ES,Combined TRACON& Tower with Radar,148,42,63,17,270,0,8,40,0,48,148,50,103,17,318,2,0,2,320
10/24/2021,CHS,SC,ASO,ES,Combined TRACON& Tower with Radar,178,43,82,25,328,0,12,45,0,57,178,55,127,25,385,12,0,12,397
10/25/2021,CHS,SC,ASO,ES,Combined TRACON& Tower with Radar,168,51,81,32,332,0,6,31,0,37,168,57,112,32,369,22,24,46,415
10/26/2021,CHS,SC,ASO,ES,Combined TRACON& Tower with Radar,152,47,79,43,321,0,12,42,9,63,152,59,121,52,384,37,36,73,457
10/27/2021,CHS,SC,ASO,ES,Combined TRACON& Tower with Radar,151,44,79,31,305,0,8,54,2,64,151,52,133,33,369,0,14,14,383
10/28/2021,CHS,SC,ASO,ES,Combined TRACON& Tower with Radar,184,49,62,26,321,0,5,20,3,28,184,54,82,29,349,0,0,0,349
10/29/2021,CHS,SC,ASO,ES,Combined TRACON& Tower with Radar,176,78,74,28,356,0,6,24,1,31,176,84,98,29,387,0,0,0,387
10/30/2021,CHS,SC,ASO,ES,Combined TRACON& Tower with Radar,141,39,43,5,228,0,1,24,3,28,141,40,67,8,256,2,10,12,268
10/31/2021,CHS,SC,ASO,ES,Combined TRACON& Tower with Radar,154,49,66,13,282,0,3,19,3,25,154,52,85,16,307,2,6,8,315
11/01/2021,CHS,SC,ASO,ES,Combined TRACON& Tower with Radar,169,59,55,19,302,0,8,34,0,42,169,67,89,19,344,8,8,16,360
11/02/2021,CHS,SC,ASO,ES,Combined TRACON& Tower with Radar,133,39,62,26,260,0,6,61,0,67,133,45,123,26,327,30,8,38,365
11/03/2021,CHS,SC,ASO,ES,Combined TRACON& Tower with Radar,144,52,68,27,291,0,9,41,2,52,144,61,109,29,343,40,8,48,391
11/04/2021,CHS,SC,ASO,ES,Combined TRACON& Tower with Radar,173,43,72,28,316,0,4,35,1,40,173,47,107,29,356,2,12,14,370
11/05/2021,CHS,SC,ASO,ES,Combined TRACON& Tower with Radar,175,59,91,39,364,0,6,29,0,35,175,65,120,39,399,4,10,14,413
11/06/2021,CHS,SC,ASO,ES,Combined TRACON& Tower with Radar,116,41,45,18,220,0,1,3,0,4,116,42,48,18,224,0,2,2,226
11/07/2021,CHS,SC,ASO,ES,Combined TRACON& Tower with Radar,157,63,70,15,305,0,5,8,1,14,157,68,78,16,319,0,4,4,323
11/08/2021,CHS,SC,ASO,ES,Combined TRACON& Tower with Radar,163,58,59,25,305,0,2,53,2,57,163,60,112,27,362,26,10,36,398
11/09/2021,CHS,SC,ASO,ES,Combined TRACON& Tower with Radar,129,50,83,21,283,0,7,62,5,74,129,57,145,26,357,8,0,8,365
11/10/2021,CHS,SC,ASO,ES,Combined TRACON& Tower with Radar,130,52,84,24,290,0,6,62,3,71,130,58,146,27,361,4,2,6,367
11/11/2021,CHS,SC,ASO,ES,Combined TRACON& Tower with Radar,169,49,77,12,307,0,3,39,6,48,169,52,116,18,355,7,18,25,380
11/12/2021,CHS,SC,ASO,ES,Combined TRACON& Tower with Radar,168,57,84,10,319,0,7,57,0,64,168,64,141,10,383,16,12,28,411
11/13/2021,CHS,SC,ASO,ES,Combined TRACON& Tower with Radar,107,38,41,12,198,0,6,35,1,42,107,44,76,13,240,2,8,10,250
11/14/2021,CHS,SC,ASO,ES,Combined TRACON& Tower with Radar,158,66,86,8,318,0,0,42,2,44,158,66,128,10,362,2,0,2,364
11/15/2021,CHS,SC,ASO,ES,Combined TRACON& Tower with Radar,163,40,60,30,293,0,2,32,4,38,163,42,92,34,331,0,2,2,333
11/16/2021,CHS,SC,ASO,ES,Combined TRACON& Tower with Radar,140,45,91,28,304,0,5,62,4,71,140,50,153,32,375,14,8,22,397
11/17/2021,CHS,SC,ASO,ES,Combined TRACON& Tower with Radar,130,47,79,40,296,0,3,63,5,71,130,50,142,45,367,6,10,16,383
11/18/2021,CHS,SC,ASO,ES,Combined TRACON& Tower with Radar,167,61,100,25,353,0,7,58,4,69,167,68,158,29,422,8,4,12,434
11/19/2021,CHS,SC,ASO,ES,Combined TRACON& Tower with Radar,169,70,127,25,391,0,4,44,2,50,169,74,171,27,441,14,6,20,461
11/20/2021,CHS,SC,ASO,ES,Combined TRACON& Tower with Radar,128,55,66,9,258,0,4,46,2,52,128,59,112,11,310,10,6,16,326
11/21/2021,CHS,SC,ASO,ES,Combined TRACON& Tower with Radar,168,56,87,11,322,0,5,47,2,54,168,61,134,13,376,6,2,8,384
11/22/2021,CHS,SC,ASO,ES,Combined TRACON& Tower with Radar,155,47,93,41,336,0,4,20,0,24,155,51,113,41,360,2,26,28,388
11/23/2021,CHS,SC,ASO,ES,Combined TRACON& Tower with Radar,173,60,77,26,336,0,9,39,1,49,173,69,116,27,385,0,6,6,391
11/24/2021,CHS,SC,ASO,ES,Combined TRACON& Tower with Radar,176,40,71,17,304,0,6,43,3,52,176,46,114,20,356,8,2,10,366
11/25/2021,CHS,SC,ASO,ES,Combined TRACON& Tower with Radar,88,14,12,0,114,0,0,9,2,11,88,14,21,2,125,0,0,0,125
11/26/2021,CHS,SC,ASO,ES,Combined TRACON& Tower with Radar,115,41,41,2,199,0,2,16,0,18,115,43,57,2,217,0,0,0,217
11/27/2021,CHS,SC,ASO,ES,Combined TRACON& Tower with Radar,144,49,53,4,250,0,2,29,0,31,144,51,82,4,281,16,0,16,297
11/28/2021,CHS,SC,ASO,ES,Combined TRACON& Tower with Radar,177,73,93,6,349,0,3,31,0,34,177,76,124,6,383,0,0,0,383
11/29/2021,CHS,SC,ASO,ES,Combined TRACON& Tower with Radar,174,51,66,11,302,0,4,38,1,43,174,55,104,12,345,8,4,12,357
11/30/2021,CHS,SC,ASO,ES,Combined TRACON& Tower with Radar,148,38,70,30,286,0,11,50,7,68,148,49,120,37,354,6,22,28,382
12/01/2021,CHS,SC,ASO,ES,Combined TRACON& Tower with Radar,136,41,76,55,308,0,3,53,6,62,136,44,129,61,370,12,42,54,424
12/02/2021,CHS,SC,ASO,ES,Combined TRACON& Tower with Radar,164,38,79,42,323,0,3,66,9,78,164,41,145,51,401,0,0,0,401
12/03/2021,CHS,SC,ASO,ES,Combined TRACON& Tower with Radar,159,51,78,25,313,0,14,64,1,79,159,65,142,26,392,8,6,14,406
12/04/2021,CHS,SC,ASO,ES,Combined TRACON& Tower with Radar,107,22,62,24,215,0,3,44,27,74,107,25,106,51,289,0,0,0,289
12/05/2021,CHS,SC,ASO,ES,Combined TRACON& Tower with Radar,147,52,62,19,280,0,2,29,0,31,147,54,91,19,311,8,22,30,341
12/06/2021,CHS,SC,ASO,ES,Combined TRACON& Tower with Radar,149,45,85,55,334,0,6,41,4,51,149,51,126,59,385,8,42,50,435
12/07/2021,CHS,SC,ASO,ES,Combined TRACON& Tower with Radar,124,52,86,27,289,0,8,20,0,28,124,60,106,27,317,12,24,36,353
12/08/2021,CHS,SC,ASO,ES,Combined TRACON& Tower with Radar,136,65,64,20,285,0,2,0,0,2,136,67,64,20,287,0,0,0,287
12/09/2021,CHS,SC,ASO,ES,Combined TRACON& Tower with Radar,179,52,82,32,345,0,1,41,1,43,179,53,123,33,388,46,20,66,454
12/10/2021,CHS,SC,ASO,ES,Combined TRACON& Tower with Radar,161,55,86,18,320,0,2,42,4,48,161,57,128,22,368,10,12,22,390
12/11/2021,CHS,SC,ASO,ES,Combined TRACON& Tower with Radar,97,45,27,7,176,0,5,34,1,40,97,50,61,8,216,5,2,7,223
12/12/2021,CHS,SC,ASO,ES,Combined TRACON& Tower with Radar,148,60,66,10,284,0,2,30,2,34,148,62,96,12,318,4,10,14,332
12/13/2021,CHS,SC,ASO,ES,Combined TRACON& Tower with Radar,151,41,71,27,290,0,7,64,4,75,151,48,135,31,365,18,16,34,399
12/14/2021,CHS,SC,ASO,ES,Combined TRACON& Tower with Radar,114,37,71,22,244,0,9,43,2,54,114,46,114,24,298,4,10,14,312
12/15/2021,CHS,SC,ASO,ES,Combined TRACON& Tower with Radar,129,50,84,55,318,0,8,41,4,53,129,58,125,59,371,10,36,46,417
12/16/2021,CHS,SC,ASO,ES,Combined TRACON& Tower with Radar,162,55,111,35,363,0,8,52,2,62,162,63,163,37,425,4,36,40,465
12/17/2021,CHS,SC,ASO,ES,Combined TRACON& Tower with Radar,162,46,75,22,305,0,6,42,1,49,162,52,117,23,354,14,14,28,382
12/18/2021,CHS,SC,ASO,ES,Combined TRACON& Tower with Radar,111,36,65,10,222,0,2,40,0,42,111,38,105,10,264,17,8,25,289
12/19/2021,CHS,SC,ASO,ES,Combined TRACON& Tower with Radar,160,40,71,9,280,0,0,1,0,1,160,40,72,9,281,18,0,18,299
12/20/2021,CHS,SC,ASO,ES,Combined TRACON& Tower with Radar,163,56,82,23,324,0,6,29,5,40,163,62,111,28,364,20,6,26,390
12/21/2021,CHS,SC,ASO,ES,Combined TRACON& Tower with Radar,151,19,44,33,247,0,0,0,0,0,151,19,44,33,247,2,9,11,258
12/22/2021,CHS,SC,ASO,ES,Combined TRACON& Tower with Radar,160,34,60,39,293,0,5,37,4,46,160,39,97,43,339,0,26,26,365
12/23/2021,CHS,SC,ASO,ES,Combined TRACON& Tower with Radar,161,31,56,8,256,0,7,43,1,51,161,38,99,9,307,12,6,18,325
12/24/2021,CHS,SC,ASO,ES,Combined TRACON& Tower with Radar,110,30,24,5,169,0,8,29,1,38,110,38,53,6,207,10,0,10,217
12/25/2021,CHS,SC,ASO,ES,Combined TRACON& Tower with Radar,85,44,11,1,141,0,4,9,1,14,85,48,20,2,155,5,0,5,160
12/26/2021,CHS,SC,ASO,ES,Combined TRACON& Tower with Radar,154,44,49,2,249,0,4,26,0,30,154,48,75,2,279,2,0,2,281
12/27/2021,CHS,SC,ASO,ES,Combined TRACON& Tower with Radar,162,52,48,0,262,0,3,19,0,22,162,55,67,0,284,18,0,18,302
12/28/2021,CHS,SC,ASO,ES,Combined TRACON& Tower with Radar,151,35,63,9,258,0,5,13,1,19,151,40,76,10,277,34,4,38,315
12/29/2021,CHS,SC,ASO,ES,Combined TRACON& Tower with Radar,152,47,83,37,319,0,3,38,1,42,152,50,121,38,361,6,37,43,404
12/30/2021,CHS,SC,ASO,ES,Combined TRACON& Tower with Radar,161,30,52,15,258,0,2,4,0,6,161,32,56,15,264,0,4,4,268
12/31/2021,CHS,SC,ASO,ES,Combined TRACON& Tower with Radar,105,39,40,2,186,0,6,25,0,31,105,45,65,2,217,10,0,10,227
01/01/2022,CHS,SC,ASO,ES,Combined TRACON& Tower with Radar,99,32,39,1,171,0,1,11,0,12,99,33,50,1,183,1,0,1,184
01/02/2022,CHS,SC,ASO,ES,Combined TRACON& Tower with Radar,129,32,50,1,212,0,0,3,0,3,129,32,53,1,215,2,0,2,217
01/03/2022,CHS,SC,ASO,ES,Combined TRACON& Tower with Radar,127,30,43,3,203,0,5,6,0,11,127,35,49,3,214,4,0,4,218
01/04/2022,CHS,SC,ASO,ES,Combined TRACON& Tower with Radar,111,36,36,14,197,0,4,49,0,53,111,40,85,14,250,2,2,4,254
01/05/2022,CHS,SC,ASO,ES,Combined TRACON& Tower with Radar,113,45,69,64,291,0,4,24,1,29,113,49,93,65,320,0,42,42,362
01/06/2022,CHS,SC,ASO,ES,Combined TRACON& Tower with Radar,142,48,47,39,276,0,4,71,0,75,142,52,118,39,351,16,26,42,393
01/07/2022,CHS,SC,ASO,ES,Combined TRACON& Tower with Radar,124,29,60,20,233,0,8,56,2,66,124,37,116,22,299,24,19,43,342
01/08/2022,CHS,SC,ASO,ES,Combined TRACON& Tower with Radar,97,25,42,5,169,0,5,57,1,63,97,30,99,6,232,6,0,6,238
01/09/2022,CHS,SC,ASO,ES,Combined TRACON& Tower with Radar,127,41,55,7,230,0,4,28,1,33,127,45,83,8,263,6,0,6,269
01/10/2022,CHS,SC,ASO,ES,Combined TRACON& Tower with Radar,140,24,52,34,250,0,5,36,3,44,140,29,88,37,294,6,24,30,324
01/11/2022,CHS,SC,ASO,ES,Combined TRACON& Tower with Radar,116,27,58,68,269,0,7,56,2,65,116,34,114,70,334,16,88,104,438
01/12/2022,CHS,SC,ASO,ES,Combined TRACON& Tower with Radar,124,38,59,48,269,0,6,64,5,75,124,44,123,53,344,15,38,53,397
01/13/2022,CHS,SC,ASO,ES,Combined TRACON& Tower with Radar,152,43,76,26,297,0,8,61,2,71,152,51,137,28,368,0,0,0,368
01/14/2022,CHS,SC,ASO,ES,Combined TRACON& Tower with Radar,156,44,65,32,297,0,6,51,0,57,156,50,116,32,354,6,18,24,378
01/15/2022,CHS,SC,ASO,ES,Combined TRACON& Tower with Radar,99,27,46,14,186,0,3,47,1,51,99,30,93,15,237,10,0,10,247
01/16/2022,CHS,SC,ASO,ES,Combined TRACON& Tower with Radar,102,12,27,4,145,0,0,0,0,0,102,12,27,4,145,0,0,0,145
01/17/2022,CHS,SC,ASO,ES,Combined TRACON& Tower with Radar,141,35,50,3,229,0,5,9,0,14,141,40,59,3,243,2,0,2,245
01/18/2022,CHS,SC,ASO,ES,Combined TRACON& Tower with Radar,121,36,70,43,270,0,7,56,1,64,121,43,126,44,334,0,20,20,354
01/19/2022,CHS,SC,ASO,ES,Combined TRACON& Tower with Radar,118,31,82,38,269,0,8,63,5,76,118,39,145,43,345,6,10,16,361
01/20/2022,CHS,SC,ASO,ES,Combined TRACON& Tower with Radar,144,31,72,47,294,0,5,40,2,47,144,36,112,49,341,4,32,36,377
01/21/2022,CHS,SC,ASO,ES,Combined TRACON& Tower with Radar,92,27,49,19,187,0,0,0,0,0,92,27,49,19,187,0,8,8,195
01/22/2022,CHS,SC,ASO,ES,Combined TRACON& Tower with Radar,92,17,31,14,154,0,0,1,1,2,92,17,32,15,156,0,6,6,162
01/23/2022,CHS,SC,ASO,ES,Combined TRACON& Tower with Radar,134,37,67,16,254,0,7,48,3,58,134,44,115,19,312,2,6,8,320
01/24/2022,CHS,SC,ASO,ES,Combined TRACON& Tower with Radar,151,25,53,45,274,0,3,54,6,63,151,28,107,51,337,2,18,20,357
01/25/2022,CHS,SC,ASO,ES,Combined TRACON& Tower with Radar,119,26,59,39,243,0,8,30,5,43,119,34,89,44,286,2,6,8,294
01/26/2022,CHS,SC,ASO,ES,Combined TRACON& Tower with Radar,120,36,79,36,271,0,4,47,2,53,120,40,126,38,324,2,18,20,344
01/27/2022,CHS,SC,ASO,ES,Combined TRACON& Tower with Radar,151,27,75,45,298,0,4,52,4,60,151,31,127,49,358,4,26,30,388
01/28/2022,CHS,SC,ASO,ES,Combined TRACON& Tower with Radar,154,35,67,18,274,0,4,39,2,45,154,39,106,20,319,8,4,12,331
01/29/2022,CHS,SC,ASO,ES,Combined TRACON& Tower with Radar,70,13,35,9,127,0,4,20,1,25,70,17,55,10,152,0,0,0,152
01/30/2022,CHS,SC,ASO,ES,Combined TRACON& Tower with Radar,116,32,67,12,227,0,2,54,1,57,116,34,121,13,284,3,0,3,287
01/31/2022,CHS,SC,ASO,ES,Combined TRACON& Tower with Radar,142,32,60,27,261,0,0,62,0,62,142,32,122,27,323,4,8,12,335
02/01/2022,CHS,SC,ASO,ES,Combined TRACON& Tower with Radar,117,38,65,26,246,0,5,51,0,56,117,43,116,26,302,18,8,26,328
02/02/2022,CHS,SC,ASO,ES,Combined TRACON& Tower with Radar,123,30,74,29,256,0,2,58,4,64,123,32,132,33,320,0,4,4,324
02/03/2022,CHS,SC,ASO,ES,Combined TRACON& Tower with Radar,139,33,65,50,287,0,4,37,8,49,139,37,102,58,336,4,50,54,390
02/04/2022,CHS,SC,ASO,ES,Combined TRACON& Tower with Radar,102,38,56,24,220,0,2,6,7,15,102,40,62,31,235,0,26,26,261
02/05/2022,CHS,SC,ASO,ES,Combined TRACON& Tower with Radar,95,31,44,4,174,0,4,82,12,98,95,35,126,16,272,24,18,42,314
02/06/2022,CHS,SC,ASO,ES,Combined TRACON& Tower with Radar,134,39,60,10,243,0,0,15,7,22,134,39,75,17,265,0,2,2,267
02/07/2022,CHS,SC,ASO,ES,Combined TRACON& Tower with Radar,152,40,59,24,275,0,0,0,0,0,152,40,59,24,275,0,14,14,289
02/08/2022,CHS,SC,ASO,ES,Combined TRACON& Tower with Radar,116,27,106,37,286,0,2,5,12,19,116,29,111,49,305,8,24,32,337
02/09/2022,CHS,SC,ASO,ES,Combined TRACON& Tower with Radar,125,35,83,31,274,0,4,74,15,93,125,39,157,46,367,4,24,28,395
02/10/2022,CHS,SC,ASO,ES,Combined TRACON& Tower with Radar,147,51,107,43,348,0,5,74,20,99,147,56,181,63,447,2,35,37,484
02/11/2022,CHS,SC,ASO,ES,Combined TRACON& Tower with Radar,150,54,95,22,321,0,8,61,11,80,150,62,156,33,401,0,0,0,401
02/12/2022,CHS,SC,ASO,ES,Combined TRACON& Tower with Radar,103,43,40,11,197,0,8,55,6,69,103,51,95,17,266,2,8,10,276
02/13/2022,CHS,SC,ASO,ES,Combined TRACON& Tower with Radar,126,39,73,3,241,0,3,26,5,34,126,42,99,8,275,14,0,14,289
02/14/2022,CHS,SC,ASO,ES,Combined TRACON& Tower with Radar,151,25,72,19,267,0,7,48,3,58,151,32,120,22,325,46,8,54,379
02/15/2022,CHS,SC,ASO,ES,Combined TRACON& Tower with Radar,133,35,72,28,268,0,7,53,7,67,133,42,125,35,335,8,0,8,343
02/16/2022,CHS,SC,ASO,ES,Combined TRACON& Tower with Radar,138,55,69,23,285,0,5,23,0,28,138,60,92,23,313,0,0,0,313
02/17/2022,CHS,SC,ASO,ES,Combined TRACON& Tower with Radar,156,59,118,42,375,0,7,24,3,34,156,66,142,45,409,4,12,16,425
02/18/2022,CHS,SC,ASO,ES,Combined TRACON& Tower with Radar,159,63,86,33,341,0,2,28,0,30,159,65,114,33,371,3,12,15,386
02/19/2022,CHS,SC,ASO,ES,Combined TRACON& Tower with Radar,112,36,57,13,218,0,9,83,36,128,112,45,140,49,346,41,2,43,389
02/20/2022,CHS,SC,ASO,ES,Combined TRACON& Tower with Radar,136,33,91,12,272,0,6,46,3,55,136,39,137,15,327,20,10,30,357
02/21/2022,CHS,SC,ASO,ES,Combined TRACON& Tower with Radar,155,39,91,14,299,0,4,62,0,66,155,43,153,14,365,14,2,16,381
02/22/2022,CHS,SC,ASO,ES,Combined TRACON& Tower with Radar,132,44,92,39,307,0,4,39,1,44,132,48,131,40,351,8,20,28,379
02/23/2022,CHS,SC,ASO,ES,Combined TRACON& Tower with Radar,141,46,77,36,300,0,8,66,2,76,141,54,143,38,376,8,22,30,406
02/24/2022,CHS,SC,ASO,ES,Combined TRACON& Tower with Radar,149,63,97,43,352,0,7,61,3,71,149,70,158,46,423,4,14,18,441
02/25/2022,CHS,SC,ASO,ES,Combined TRACON& Tower with Radar,147,60,69,33,309,0,10,49,4,63,147,70,118,37,372,18,20,38,410
02/26/2022,CHS,SC,ASO,ES,Combined TRACON& Tower with Radar,118,26,49,13,206,0,2,45,1,48,118,28,94,14,254,0,4,4,258
02/27/2022,CHS,SC,ASO,ES,Combined TRACON& Tower with Radar,148,39,76,17,280,0,2,1,0,3,148,41,77,17,283,0,0,0,283
02/28/2022,CHS,SC,ASO,ES,Combined TRACON& Tower with Radar,157,40,51,36,284,0,3,55,3,61,157,43,106,39,345,2,20,22,367
03/01/2022,CHS,SC,ASO,ES,Combined TRACON& Tower with Radar,134,34,61,31,260,0,4,71,3,78,134,38,132,34,338,18,12,30,368
03/02/2022,CHS,SC,ASO,ES,Combined TRACON& Tower with Radar,149,45,75,28,297,0,6,56,8,70,149,51,131,36,367,10,6,16,383
03/03/2022,CHS,SC,ASO,ES,Combined TRACON& Tower with Radar,167,49,79,33,328,0,9,58,6,73,167,58,137,39,401,2,43,45,446
03/04/2022,CHS,SC,ASO,ES,Combined TRACON& Tower with Radar,149,48,68,14,279,0,5,37,2,44,149,53,105,16,323,6,4,10,333
03/05/2022,CHS,SC,ASO,ES,Combined TRACON& Tower with Radar,125,36,59,7,227,0,1,35,0,36,125,37,94,7,263,0,0,0,263
03/06/2022,CHS,SC,ASO,ES,Combined TRACON& Tower with Radar,145,43,90,6,284,0,13,46,2,61,145,56,136,8,345,24,0,24,369
03/07/2022,CHS,SC,ASO,ES,Combined TRACON& Tower with Radar,141,33,62,26,262,0,6,51,0,57,141,39,113,26,319,14,8,22,341
03/08/2022,CHS,SC,ASO,ES,Combined TRACON& Tower with Radar,124,43,53,32,252,0,6,34,0,40,124,49,87,32,292,24,22,46,338
03/09/2022,CHS,SC,ASO,ES,Combined TRACON& Tower with Radar,138,49,69,63,319,0,1,5,1,7,138,50,74,64,326,4,66,70,396
03/10/2022,CHS,SC,ASO,ES,Combined TRACON& Tower with Radar,164,55,73,42,334,0,0,0,0,0,164,55,73,42,334,0,14,14,348
03/11/2022,CHS,SC,ASO,ES,Combined TRACON& Tower with Radar,163,65,81,26,335,0,0,0,0,0,163,65,81,26,335,0,10,10,345
03/12/2022,CHS,SC,ASO,ES,Combined TRACON& Tower with Radar,128,32,38,7,205,0,2,3,0,5,128,34,41,7,210,14,0,14,224
03/13/2022,CHS,SC,ASO,ES,Combined TRACON& Tower with Radar,150,53,78,11,292,0,2,37,0,39,150,55,115,11,331,2,0,2,333
03/14/2022,CHS,SC,ASO,ES,Combined TRACON& Tower with Radar,150,52,50,26,278,0,5,50,3,58,150,57,100,29,336,8,12,20,356
03/15/2022,CHS,SC,ASO,ES,Combined TRACON& Tower with Radar,133,42,56,17,248,0,4,43,1,48,133,46,99,18,296,2,4,6,302
03/16/2022,CHS,SC,ASO,ES,Combined TRACON& Tower with Radar,139,35,66,27,267,0,2,4,0,6,139,37,70,27,273,2,2,4,277
03/17/2022,CHS,SC,ASO,ES,Combined TRACON& Tower with Radar,158,61,81,34,334,0,7,50,5,62,158,68,131,39,396,8,24,32,428
03/18/2022,CHS,SC,ASO,ES,Combined TRACON& Tower with Radar,159,57,88,16,320,0,5,49,0,54,159,62,137,16,374,0,0,0,374
03/19/2022,CHS,SC,ASO,ES,Combined TRACON& Tower with Radar,129,40,48,11,228,0,5,20,5,30,129,45,68,16,258,2,22,24,282
03/20/2022,CHS,SC,ASO,ES,Combined TRACON& Tower with Radar,153,62,74,11,300,0,6,61,5,72,153,68,135,16,372,8,6,14,386
03/21/2022,CHS,SC,ASO,ES,Combined TRACON& Tower with Radar,150,50,72,38,310,0,6,70,3,79,150,56,142,41,389,8,18,26,415
03/22/2022,CHS,SC,ASO,ES,Combined TRACON& Tower with Radar,133,39,60,23,255,0,5,60,3,68,133,44,120,26,323,6,12,18,341
03/23/2022,CHS,SC,ASO,ES,Combined TRACON& Tower with Radar,153,46,73,26,298,0,4,16,1,21,153,50,89,27,319,6,18,24,343
03/24/2022,CHS,SC,ASO,ES,Combined TRACON& Tower with Radar,167,43,97,10,317,0,0,1,0,1,167,43,98,10,318,0,0,0,318
03/25/2022,CHS,SC,ASO,ES,Combined TRACON& Tower with Radar,159,67,76,22,324,0,6,40,1,47,159,73,116,23,371,0,8,8,379
03/26/2022,CHS,SC,ASO,ES,Combined TRACON& Tower with Radar,138,53,51,7,249,0,8,27,3,38,138,61,78,10,287,12,0,12,299
03/27/2022,CHS,SC,ASO,ES,Combined TRACON& Tower with Radar,162,46,101,20,329,0,5,35,1,41,162,51,136,21,370,4,12,16,386
03/28/2022,CHS,SC,ASO,ES,Combined TRACON& Tower with Radar,174,38,71,24,307,0,3,53,3,59,174,41,124,27,366,18,4,22,388
03/29/2022,CHS,SC,ASO,ES,Combined TRACON& Tower with Radar,141,39,68,30,278,0,7,51,5,63,141,46,119,35,341,2,10,12,353
03/30/2022,CHS,SC,ASO,ES,Combined TRACON& Tower with Radar,149,49,82,43,323,0,10,34,3,47,149,59,116,46,370,8,40,48,418
03/31/2022,CHS,SC,ASO,ES,Combined TRACON& Tower with Radar,175,45,58,16,294,0,2,3,1,6,175,47,61,17,300,0,0,0,300
04/01/2022,CHS,SC,ASO,ES,Combined TRACON& Tower with Radar,154,68,94,13,329,0,8,43,2,53,154,76,137,15,382,16,0,16,398
04/02/2022,CHS,SC,ASO,ES,Combined TRACON& Tower with Radar,131,39,73,16,259,0,4,40,0,44,131,43,113,16,303,10,2,12,315
04/03/2022,CHS,SC,ASO,ES,Combined TRACON& Tower with Radar,146,70,91,12,319,0,6,50,0,56,146,76,141,12,375,0,0,0,375
04/04/2022,CHS,SC,ASO,ES,Combined TRACON& Tower with Radar,154,41,79,21,295,0,2,80,6,88,154,43,159,27,383,31,10,41,424
04/05/2022,CHS,SC,ASO,ES,Combined TRACON& Tower with Radar,145,53,67,19,284,0,6,22,1,29,145,59,89,20,313,0,2,2,315
04/06/2022,CHS,SC,ASO,ES,Combined TRACON& Tower with Radar,151,57,76,17,301,0,3,4,0,7,151,60,80,17,308,2,0,2,310
04/07/2022,CHS,SC,ASO,ES,Combined TRACON& Tower with Radar,173,53,71,13,310,0,3,12,3,18,173,56,83,16,328,0,0,0,328
04/08/2022,CHS,SC,ASO,ES,Combined TRACON& Tower with Radar,154,58,58,2,272,0,4,11,11,26,154,62,69,13,298,0,0,0,298
04/09/2022,CHS,SC,ASO,ES,Combined TRACON& Tower with Radar,133,24,31,0,188,0,4,10,6,20,133,28,41,6,208,0,0,0,208
04/10/2022,CHS,SC,ASO,ES,Combined TRACON& Tower with Radar,160,33,56,1,250,0,4,14,12,30,160,37,70,13,280,0,0,0,280
04/11/2022,CHS,SC,ASO,ES,Combined TRACON& Tower with Radar,171,53,55,23,302,0,4,45,1,50,171,57,100,24,352,10,0,10,362
04/12/2022,CHS,SC,ASO,ES,Combined TRACON& Tower with Radar,152,60,69,31,312,0,8,51,6,65,152,68,120,37,377,24,40,64,441
04/13/2022,CHS,SC,ASO,ES,Combined TRACON& Tower with Radar,152,50,83,31,316,0,9,47,1,57,152,59,130,32,373,14,16,30,403
04/14/2022,CHS,SC,ASO,ES,Combined TRACON& Tower with Radar,176,62,98,25,361,0,5,45,1,51,176,67,143,26,412,10,8,18,430
04/15/2022,CHS,SC,ASO,ES,Combined TRACON& Tower with Radar,173,58,83,11,325,0,9,46,2,57,173,67,129,13,382,18,2,20,402
04/16/2022,CHS,SC,ASO,ES,Combined TRACON& Tower with Radar,149,53,63,6,271,0,1,22,0,23,149,54,85,6,294,2,0,2,296
04/17/2022,CHS,SC,ASO,ES,Combined TRACON& Tower with Radar,170,41,64,2,277,0,6,21,0,27,170,47,85,2,304,0,0,0,304
04/18/2022,CHS,SC,ASO,ES,Combined TRACON& Tower with Radar,168,47,94,32,341,0,0,9,0,9,168,47,103,32,350,4,28,32,382
04/19/2022,CHS,SC,ASO,ES,Combined TRACON& Tower with Radar,154,42,60,34,290,0,6,55,1,62,154,48,115,35,352,4,12,16,368
04/20/2022,CHS,SC,ASO,ES,Combined TRACON& Tower with Radar,157,44,99,25,325,0,5,71,3,79,157,49,170,28,404,0,8,8,412
04/21/2022,CHS,SC,ASO,ES,Combined TRACON& Tower with Radar,188,59,93,36,376,0,6,67,1,74,188,65,160,37,450,6,10,16,466
04/22/2022,CHS,SC,ASO,ES,Combined TRACON& Tower with Radar,183,77,99,23,382,0,6,52,3,61,183,83,151,26,443,6,14,20,463
04/23/2022,CHS,SC,ASO,ES,Combined TRACON& Tower with Radar,141,49,57,8,255,0,7,43,0,50,141,56,100,8,305,0,0,0,305
04/24/2022,CHS,SC,ASO,ES,Combined TRACON& Tower with Radar,167,78,96,8,349,0,2,41,0,43,167,80,137,8,392,0,0,0,392
04/25/2022,CHS,SC,ASO,ES,Combined TRACON& Tower with Radar,165,50,92,18,325,0,5,46,1,52,165,55,138,19,377,0,2,2,379
04/26/2022,CHS,SC,ASO,ES,Combined TRACON& Tower with Radar,160,42,67,27,296,0,8,36,3,47,160,50,103,30,343,4,18,22,365
04/27/2022,CHS,SC,ASO,ES,Combined TRACON& Tower with Radar,169,48,83,38,338,0,5,53,3,61,169,53,136,41,399,0,6,6,405
04/28/2022,CHS,SC,ASO,ES,Combined TRACON& Tower with Radar,187,56,107,30,380,0,8,56,2,66,187,64,163,32,446,3,18,21,467
04/29/2022,CHS,SC,ASO,ES,Combined TRACON& Tower with Radar,182,58,72,37,349,0,9,43,4,56,182,67,115,41,405,0,38,38,443
04/30/2022,CHS,SC,ASO,ES,Combined TRACON& Tower with Radar,149,38,45,14,246,0,9,46,0,55,149,47,91,14,301,6,0,6,307
05/01/2022,CHS,SC,ASO,ES,Combined TRACON& Tower with Radar,173,62,108,14,357,0,9,29,1,39,173,71,137,15,396,4,0,4,400
05/02/2022,CHS,SC,ASO,ES,Combined TRACON& Tower with Radar,170,46,57,21,294,0,3,36,3,42,170,49,93,24,336,2,4,6,342
05/03/2022,CHS,SC,ASO,ES,Combined TRACON& Tower with Radar,156,36,70,51,313,0,4,40,4,48,156,40,110,55,361,0,30,30,391
05/04/2022,CHS,SC,ASO,ES,Combined TRACON& Tower with Radar,160,63,97,47,367,0,5,62,7,74,160,68,159,54,441,4,40,44,485
05/05/2022,CHS,SC,ASO,ES,Combined TRACON& Tower with Radar,183,34,119,25,361,0,7,62,4,73,183,41,181,29,434,2,4,6,440
05/06/2022,CHS,SC,ASO,ES,Combined TRACON& Tower with Radar,188,45,74,17,324,0,3,30,2,35,188,48,104,19,359,6,2,8,367
05/07/2022,CHS,SC,ASO,ES,Combined TRACON& Tower with Radar,155,36,60,14,265,0,10,26,1,37,155,46,86,15,302,0,0,0,302
05/08/2022,CHS,SC,ASO,ES,Combined TRACON& Tower with Radar,173,41,77,11,302,0,4,25,0,29,173,45,102,11,331,4,2,6,337
05/09/2022,CHS,SC,ASO,ES,Combined TRACON& Tower with Radar,181,47,63,23,314,0,8,56,2,66,181,55,119,25,380,8,6,14,394
05/10/2022,CHS,SC,ASO,ES,Combined TRACON& Tower with Radar,156,34,64,27,281,0,9,36,3,48,156,43,100,30,329,2,2,4,333
05/11/2022,CHS,SC,ASO,ES,Combined TRACON& Tower with Radar,163,53,96,27,339,0,7,50,6,63,163,60,146,33,402,4,8,12,414
05/12/2022,CHS,SC,ASO,ES,Combined TRACON& Tower with Radar,192,46,113,18,369,0,9,15,1,25,192,55,128,19,394,0,12,12,406
05/13/2022,CHS,SC,ASO,ES,Combined TRACON& Tower with Radar,183,41,82,23,329,0,0,8,0,8,183,41,90,23,337,0,0,0,337
05/14/2022,CHS,SC,ASO,ES,Combined TRACON& Tower with Radar,152,24,51,15,242,0,6,31,2,39,152,30,82,17,281,8,0,8,289
05/15/2022,CHS,SC,ASO,ES,Combined TRACON& Tower with Radar,176,35,65,10,286,0,4,39,1,44,176,39,104,11,330,10,0,10,340
05/16/2022,CHS,SC,ASO,ES,Combined TRACON& Tower with Radar,165,28,63,26,282,0,7,70,0,77,165,35,133,26,359,6,6,12,371
05/17/2022,CHS,SC,ASO,ES,Combined TRACON& Tower with Radar,156,42,96,64,358,0,4,71,2,77,156,46,167,66,435,10,40,50,485
05/18/2022,CHS,SC,ASO,ES,Combined TRACON& Tower with Radar,158,43,96,31,328,0,2,79,3,84,158,45,175,34,412,8,4,12,424
05/19/2022,CHS,SC,ASO,ES,Combined TRACON& Tower with Radar,188,35,113,27,363,0,2,51,3,56,188,37,164,30,419,4,16,20,439
05/20/2022,CHS,SC,ASO,ES,Combined TRACON& Tower with Radar,160,38,80,20,298,0,6,53,0,59,160,44,133,20,357,0,0,0,357
05/21/2022,CHS,SC,ASO,ES,Combined TRACON& Tower with Radar,144,30,41,10,225,0,6,26,1,33,144,36,67,11,258,4,0,4,262
05/22/2022,CHS,SC,ASO,ES,Combined TRACON& Tower with Radar,162,39,78,9,288,0,1,16,0,17,162,40,94,9,305,2,0,2,307
05/23/2022,CHS,SC,ASO,ES,Combined TRACON& Tower with Radar,171,48,70,24,313,0,2,32,2,36,171,50,102,26,349,6,8,14,363
05/24/2022,CHS,SC,ASO,ES,Combined TRACON& Tower with Radar,149,36,62,30,277,0,9,36,13,58,149,45,98,43,335,0,40,40,375
05/25/2022,CHS,SC,ASO,ES,Combined TRACON& Tower with Radar,153,58,87,39,337,0,4,49,2,55,153,62,136,41,392,2,20,22,414
05/26/2022,CHS,SC,ASO,ES,Combined TRACON& Tower with Radar,201,52,102,21,376,0,2,20,2,24,201,54,122,23,400,4,12,16,416
05/27/2022,CHS,SC,ASO,ES,Combined TRACON& Tower with Radar,172,56,88,9,325,0,9,8,0,17,172,65,96,9,342,0,0,0,342
05/28/2022,CHS,SC,ASO,ES,Combined TRACON& Tower with Radar,152,28,41,10,231,0,7,51,0,58,152,35,92,10,289,0,0,0,289
05/29/2022,CHS,SC,ASO,ES,Combined TRACON& Tower with Radar,180,25,38,6,249,0,3,36,0,39,180,28,74,6,288,0,0,0,288
05/30/2022,CHS,SC,ASO,ES,Combined TRACON& Tower with Radar,176,36,65,2,279,0,6,22,0,28,176,42,87,2,307,0,0,0,307
05/31/2022,CHS,SC,ASO,ES,Combined TRACON& Tower with Radar,148,53,70,23,294,0,7,56,3,66,148,60,126,26,360,0,0,0,360
06/01/2022,CHS,SC,ASO,ES,Combined TRACON& Tower with Radar,144,48,72,26,290,0,4,72,6,82,144,52,144,32,372,0,12,12,384
06/02/2022,CHS,SC,ASO,ES,Combined TRACON& Tower with Radar,178,42,88,43,351,0,11,47,3,61,178,53,135,46,412,0,32,32,444
06/03/2022,CHS,SC,ASO,ES,Combined TRACON& Tower with Radar,168,52,74,19,313,0,1,18,3,22,168,53,92,22,335,2,8,10,345
06/04/2022,CHS,SC,ASO,ES,Combined TRACON& Tower with Radar,143,35,46,25,249,0,1,5,0,6,143,36,51,25,255,0,0,0,255
06/05/2022,CHS,SC,ASO,ES,Combined TRACON& Tower with Radar,170,35,99,12,316,0,3,8,3,14,170,38,107,15,330,6,0,6,336
06/06/2022,CHS,SC,ASO,ES,Combined TRACON& Tower with Radar,169,34,79,32,314,0,1,37,3,41,169,35,116,35,355,4,14,18,373
06/07/2022,CHS,SC,ASO,ES,Combined TRACON& Tower with Radar,154,45,58,26,283,0,1,43,0,44,154,46,101,26,327,2,2,4,331
06/08/2022,CHS,SC,ASO,ES,Combined TRACON& Tower with Radar,152,32,82,34,300,0,6,34,1,41,152,38,116,35,341,0,32,32,373
06/09/2022,CHS,SC,ASO,ES,Combined TRACON& Tower with Radar,179,64,101,20,364,0,7,29,1,37,179,71,130,21,401,26,12,38,439
06/10/2022,CHS,SC,ASO,ES,Combined TRACON& Tower with Radar,185,42,103,68,398,0,7,29,3,39,185,49,132,71,437,24,60,84,521
06/11/2022,CHS,SC,ASO,ES,Combined TRACON& Tower with Radar,159,39,60,7,265,0,6,11,0,17,159,45,71,7,282,4,0,4,286
06/12/2022,CHS,SC,ASO,ES,Combined TRACON& Tower with Radar,153,52,93,14,312,0,6,17,0,23,153,58,110,14,335,16,0,16,351
06/13/2022,CHS,SC,ASO,ES,Combined TRACON& Tower with Radar,171,44,82,31,328,0,1,49,7,57,171,45,131,38,385,13,4,17,402
06/14/2022,CHS,SC,ASO,ES,Combined TRACON& Tower with Radar,155,45,94,38,332,0,9,32,8,49,155,54,126,46,381,6,8,14,395
06/15/2022,CHS,SC,ASO,ES,Combined TRACON& Tower with Radar,163,33,93,29,318,0,6,47,14,67,163,39,140,43,385,36,15,51,436
06/16/2022,CHS,SC,ASO,ES,Combined TRACON& Tower with Radar,157,37,113,29,336,0,5,32,12,49,157,42,145,41,385,2,18,20,405
06/17/2022,CHS,SC,ASO,ES,Combined TRACON& Tower with Radar,167,46,91,23,327,0,3,35,5,43,167,49,126,28,370,0,0,0,370
06/18/2022,CHS,SC,ASO,ES,Combined TRACON& Tower with Radar,155,35,82,24,296,0,2,37,1,40,155,37,119,25,336,4,30,34,370
06/19/2022,CHS,SC,ASO,ES,Combined TRACON& Tower with Radar,167,31,86,22,306,0,7,29,0,36,167,38,115,22,342,20,0,20,362
06/20/2022,CHS,SC,ASO,ES,Combined TRACON& Tower with Radar,170,37,56,3,266,0,7,27,1,35,170,44,83,4,301,4,2,6,307
06/21/2022,CHS,SC,ASO,ES,Combined TRACON& Tower with Radar,152,37,60,34,283,0,4,38,7,49,152,41,98,41,332,0,0,0,332
06/22/2022,CHS,SC,ASO,ES,Combined TRACON& Tower with Radar,148,41,73,23,285,0,4,31,2,37,148,45,104,25,322,4,24,28,350
06/23/2022,CHS,SC,ASO,ES,Combined TRACON& Tower with Radar,173,44,87,38,342,0,4,33,6,43,173,48,120,44,385,0,0,0,385
06/24/2022,CHS,SC,ASO,ES,Combined TRACON& Tower with Radar,183,50,82,24,339,0,4,28,1,33,183,54,110,25,372,17,16,33,405
06/25/2022,CHS,SC,ASO,ES,Combined TRACON& Tower with Radar,158,21,67,6,252,0,7,30,1,38,158,28,97,7,290,5,0,5,295
06/26/2022,CHS,SC,ASO,ES,Combined TRACON& Tower with Radar,168,29,65,16,278,0,9,32,1,42,168,38,97,17,320,5,6,11,331
06/27/2022,CHS,SC,ASO,ES,Combined TRACON& Tower with Radar,176,40,77,36,329,0,5,24,2,31,176,45,101,38,360,15,26,41,401
06/28/2022,CHS,SC,ASO,ES,Combined TRACON& Tower with Radar,155,31,56,20,262,0,5,14,0,19,155,36,70,20,281,0,0,0,281
06/29/2022,CHS,SC,ASO,ES,Combined TRACON& Tower with Radar,156,34,51,36,277,0,1,5,0,6,156,35,56,36,283,0,10,10,293
06/30/2022,CHS,SC,ASO,ES,Combined TRACON& Tower with Radar,188,40,102,28,358,0,2,23,2,27,188,42,125,30,385,10,9,19,404
07/01/2022,CHS,SC,ASO,ES,Combined TRACON& Tower with Radar,176,60,87,16,339,0,2,3,0,5,176,62,90,16,344,8,10,18,362
07/02/2022,CHS,SC,ASO,ES,Combined TRACON& Tower with Radar,152,42,41,5,240,0,3,9,0,12,152,45,50,5,252,0,0,0,252
07/03/2022,CHS,SC,ASO,ES,Combined TRACON& Tower with Radar,165,20,42,3,230,0,3,18,0,21,165,23,60,3,251,0,0,0,251
07/04/2022,CHS,SC,ASO,ES,Combined TRACON& Tower with Radar,163,28,32,3,226,0,5,12,3,20,163,33,44,6,246,0,0,0,246
07/05/2022,CHS,SC,ASO,ES,Combined TRACON& Tower with Radar,150,31,85,46,312,0,6,38,16,60,150,37,123,62,372,8,42,50,422
07/06/2022,CHS,SC,ASO,ES,Combined TRACON& Tower with Radar,146,29,56,22,253,0,2,35,3,40,146,31,91,25,293,4,14,18,311
07/07/2022,CHS,SC,ASO,ES,Combined TRACON& Tower with Radar,184,44,54,50,332,0,7,27,1,35,184,51,81,51,367,6,30,36,403
07/08/2022,CHS,SC,ASO,ES,Combined TRACON& Tower with Radar,171,40,77,11,299,0,4,27,4,35,171,44,104,15,334,12,4,16,350
07/09/2022,CHS,SC,ASO,ES,Combined TRACON& Tower with Radar,168,22,61,12,263,0,2,13,3,18,168,24,74,15,281,6,2,8,289
07/10/2022,CHS,SC,ASO,ES,Combined TRACON& Tower with Radar,180,25,49,11,265,0,2,4,0,6,180,27,53,11,271,0,0,0,271
07/11/2022,CHS,SC,ASO,ES,Combined TRACON& Tower with Radar,174,36,51,13,274,0,0,6,0,6,174,36,57,13,280,0,0,0,280
07/12/2022,CHS,SC,ASO,ES,Combined TRACON& Tower with Radar,148,24,86,19,277,0,2,23,3,28,148,26,109,22,305,2,0,2,307
07/13/2022,CHS,SC,ASO,ES,Combined TRACON& Tower with Radar,150,30,56,27,263,0,4,25,1,30,150,34,81,28,293,17,6,23,316
07/14/2022,CHS,SC,ASO,ES,Combined TRACON& Tower with Radar,180,32,95,30,337,0,2,25,1,28,180,34,120,31,365,0,30,30,395
07/15/2022,CHS,SC,ASO,ES,Combined TRACON& Tower with Radar,178,37,56,24,295,0,3,15,1,19,178,40,71,25,314,0,0,0,314
07/16/2022,CHS,SC,ASO,ES,Combined TRACON& Tower with Radar,161,24,59,7,251,0,6,30,1,37,161,30,89,8,288,15,17,32,320
07/17/2022,CHS,SC,ASO,ES,Combined TRACON& Tower with Radar,177,10,55,8,250,0,0,17,1,18,177,10,72,9,268,0,0,0,268
07/18/2022,CHS,SC,ASO,ES,Combined TRACON& Tower with Radar,165,33,69,13,280,0,5,27,0,32,165,38,96,13,312,0,2,2,314
07/19/2022,CHS,SC,ASO,ES,Combined TRACON& Tower with Radar,145,25,89,39,298,0,3,34,2,39,145,28,123,41,337,0,24,24,361
07/20/2022,CHS,SC,ASO,ES,Combined TRACON& Tower with Radar,158,31,80,26,295,0,2,33,3,38,158,33,113,29,333,2,18,20,353
07/21/2022,CHS,SC,ASO,ES,Combined TRACON& Tower with Radar,183,21,88,43,335,0,1,28,2,31,183,22,116,45,366,14,27,41,407
07/22/2022,CHS,SC,ASO,ES,Combined TRACON& Tower with Radar,171,30,92,31,324,0,7,27,2,36,171,37,119,33,360,4,18,22,382
07/23/2022,CHS,SC,ASO,ES,Combined TRACON& Tower with Radar,169,17,68,9,263,0,4,17,0,21,169,21,85,9,284,14,0,14,298
07/24/2022,CHS,SC,ASO,ES,Combined TRACON& Tower with Radar,169,28,62,19,278,0,3,7,0,10,169,31,69,19,288,0,8,8,296
07/25/2022,CHS,SC,ASO,ES,Combined TRACON& Tower with Radar,164,28,60,26,278,0,5,22,0,27,164,33,82,26,305,2,14,16,321
07/26/2022,CHS,SC,ASO,ES,Combined TRACON& Tower with Radar,144,29,72,22,267,0,5,29,2,36,144,34,101,24,303,0,2,2,305
07/27/2022,CHS,SC,ASO,ES,Combined TRACON& Tower with Radar,152,37,52,34,275,0,5,25,2,32,152,42,77,36,307,4,16,20,327
07/28/2022,CHS,SC,ASO,ES,Combined TRACON& Tower with Radar,173,31,58,16,278,0,6,28,3,37,173,37,86,19,315,6,6,12,327
07/29/2022,CHS,SC,ASO,ES,Combined TRACON& Tower with Radar,178,43,53,10,284,0,8,30,1,39,178,51,83,11,323,2,2,4,327
07/30/2022,CHS,SC,ASO,ES,Combined TRACON& Tower with Radar,163,31,36,12,242,0,5,28,1,34,163,36,64,13,276,0,0,0,276
07/31/2022,CHS,SC,ASO,ES,Combined TRACON& Tower with Radar,182,51,58,5,296,0,2,22,1,25,182,53,80,6,321,4,0,4,325
08/01/2022,CHS,SC,ASO,ES,Combined TRACON& Tower with Radar,163,37,52,33,285,0,3,19,2,24,163,40,71,35,309,4,26,30,339
08/02/2022,CHS,SC,ASO,ES,Combined TRACON& Tower with Radar,142,42,74,67,325,0,12,22,4,38,142,54,96,71,363,12,52,64,427
08/03/2022,CHS,SC,ASO,ES,Combined TRACON& Tower with Radar,144,19,81,23,267,0,4,25,6,35,144,23,106,29,302,5,6,11,313
08/04/2022,CHS,SC,ASO,ES,Combined TRACON& Tower with Radar,168,33,69,35,305,0,6,38,12,56,168,39,107,47,361,10,18,28,389
08/05/2022,CHS,SC,ASO,ES,Combined TRACON& Tower with Radar,154,34,73,43,304,0,5,34,3,42,154,39,107,46,346,2,22,24,370
08/06/2022,CHS,SC,ASO,ES,Combined TRACON& Tower with Radar,156,25,62,6,249,0,3,14,2,19,156,28,76,8,268,8,0,8,276
08/07/2022,CHS,SC,ASO,ES,Combined TRACON& Tower with Radar,160,32,76,13,281,0,0,22,0,22,160,32,98,13,303,6,0,6,309
08/08/2022,CHS,SC,ASO,ES,Combined TRACON& Tower with Radar,166,43,71,21,301,0,1,17,6,24,166,44,88,27,325,0,40,40,365
08/09/2022,CHS,SC,ASO,ES,Combined TRACON& Tower with Radar,139,33,70,43,285,0,7,66,0,73,139,40,136,43,358,5,16,21,379
08/10/2022,CHS,SC,ASO,ES,Combined TRACON& Tower with Radar,136,42,81,24,283,0,3,26,0,29,136,45,107,24,312,6,20,26,338
08/11/2022,CHS,SC,ASO,ES,Combined TRACON& Tower with Radar,183,50,84,28,345,0,4,7,0,11,183,54,91,28,356,0,0,0,356
08/12/2022,CHS,SC,ASO,ES,Combined TRACON& Tower with Radar,176,63,78,18,335,0,1,8,1,10,176,64,86,19,345,0,0,0,345
08/13/2022,CHS,SC,ASO,ES,Combined TRACON& Tower with Radar,158,69,69,4,300,0,2,21,1,24,158,71,90,5,324,0,0,0,324
08/14/2022,CHS,SC,ASO,ES,Combined TRACON& Tower with Radar,172,52,108,10,342,0,1,18,0,19,172,53,126,10,361,0,0,0,361
08/15/2022,CHS,SC,ASO,ES,Combined TRACON& Tower with Radar,161,44,56,14,275,0,3,27,0,30,161,47,83,14,305,2,4,6,311
08/16/2022,CHS,SC,ASO,ES,Combined TRACON& Tower with Radar,139,36,69,32,276,0,3,23,2,28,139,39,92,34,304,2,28,30,334
08/17/2022,CHS,SC,ASO,ES,Combined TRACON& Tower with Radar,144,31,99,36,310,0,4,34,0,38,144,35,133,36,348,1,6,7,355
08/18/2022,CHS,SC,ASO,ES,Combined TRACON& Tower with Radar,175,29,78,26,308,0,2,20,0,22,175,31,98,26,330,0,10,10,340
08/19/2022,CHS,SC,ASO,ES,Combined TRACON& Tower with Radar,169,44,76,29,318,0,3,18,0,21,169,47,94,29,339,0,0,0,339
08/20/2022,CHS,SC,ASO,ES,Combined TRACON& Tower with Radar,151,20,50,6,227,0,2,22,0,24,151,22,72,6,251,0,0,0,251
08/21/2022,CHS,SC,ASO,ES,Combined TRACON& Tower with Radar,161,23,59,14,257,0,0,18,1,19,161,23,77,15,276,0,0,0,276
08/22/2022,CHS,SC,ASO,ES,Combined TRACON& Tower with Radar,144,31,71,30,276,0,2,9,0,11,144,33,80,30,287,4,8,12,299
08/23/2022,CHS,SC,ASO,ES,Combined TRACON& Tower with Radar,126,21,75,38,260,0,3,13,1,17,126,24,88,39,277,6,14,20,297
08/24/2022,CHS,SC,ASO,ES,Combined TRACON& Tower with Radar,151,23,87,72,333,0,3,40,0,43,151,26,127,72,376,20,22,42,418
08/25/2022,CHS,SC,ASO,ES,Combined TRACON& Tower with Radar,168,28,67,45,308,0,1,2,1,4,168,29,69,46,312,7,13,20,332
08/26/2022,CHS,SC,ASO,ES,Combined TRACON& Tower with Radar,164,37,98,49,348,0,5,28,0,33,164,42,126,49,381,8,18,26,407
08/27/2022,CHS,SC,ASO,ES,Combined TRACON& Tower with Radar,144,28,51,12,235,0,5,32,0,37,144,33,83,12,272,2,2,4,276
08/28/2022,CHS,SC,ASO,ES,Combined TRACON& Tower with Radar,165,33,58,8,264,0,4,17,0,21,165,37,75,8,285,6,0,6,291
08/29/2022,CHS,SC,ASO,ES,Combined TRACON& Tower with Radar,158,28,61,15,262,0,0,4,0,4,158,28,65,15,266,4,0,4,270
08/30/2022,CHS,SC,ASO,ES,Combined TRACON& Tower with Radar,138,30,76,17,261,0,1,13,0,14,138,31,89,17,275,8,0,8,283
08/31/2022,CHS,SC,ASO,ES,Combined TRACON& Tower with Radar,147,36,95,51,329,0,4,55,2,61,147,40,150,53,390,26,31,57,447
09/01/2022,CHS,SC,ASO,ES,Combined TRACON& Tower with Radar,164,47,91,18,320,0,5,18,0,23,164,52,109,18,343,0,0,0,343
09/02/2022,CHS,SC,ASO,ES,Combined TRACON& Tower with Radar,172,47,98,18,335,0,6,28,0,34,172,53,126,18,369,0,0,0,369
09/03/2022,CHS,SC,ASO,ES,Combined TRACON& Tower with Radar,136,21,35,8,200,0,2,22,0,24,136,23,57,8,224,1,4,5,229
09/04/2022,CHS,SC,ASO,ES,Combined TRACON& Tower with Radar,156,21,37,5,219,0,1,29,1,31,156,22,66,6,250,0,0,0,250
09/05/2022,CHS,SC,ASO,ES,Combined TRACON& Tower with Radar,165,40,83,9,297,0,2,21,0,23,165,42,104,9,320,9,2,11,331
09/06/2022,CHS,SC,ASO,ES,Combined TRACON& Tower with Radar,137,31,89,25,282,0,4,49,5,58,137,35,138,30,340,8,6,14,354
09/07/2022,CHS,SC,ASO,ES,Combined TRACON& Tower with Radar,137,44,77,45,303,0,2,47,10,59,137,46,124,55,362,10,10,20,382
09/08/2022,CHS,SC,ASO,ES,Combined TRACON& Tower with Radar,152,33,67,47,299,0,1,20,4,25,152,34,87,51,324,2,36,38,362
09/09/2022,CHS,SC,ASO,ES,Combined TRACON& Tower with Radar,164,47,76,16,303,0,3,9,0,12,164,50,85,16,315,0,0,0,315
09/10/2022,CHS,SC,ASO,ES,Combined TRACON& Tower with Radar,119,23,49,8,199,0,1,10,0,11,119,24,59,8,210,0,0,0,210
09/11/2022,CHS,SC,ASO,ES,Combined TRACON& Tower with Radar,161,43,68,20,292,0,1,29,0,30,161,44,97,20,322,2,6,8,330
09/12/2022,CHS,SC,ASO,ES,Combined TRACON& Tower with Radar,155,45,78,28,306,0,3,36,5,44,155,48,114,33,350,16,10,26,376
09/13/2022,CHS,SC,ASO,ES,Combined TRACON& Tower with Radar,134,47,94,31,306,0,4,50,1,55,134,51,144,32,361,4,17,21,382
09/14/2022,CHS,SC,ASO,ES,Combined TRACON& Tower with Radar,138,43,82,31,294,0,8,49,2,59,138,51,131,33,353,6,12,18,371
09/15/2022,CHS,SC,ASO,ES,Combined TRACON& Tower with Radar,156,38,96,35,325,0,6,36,3,45,156,44,132,38,370,3,16,19,389
09/16/2022,CHS,SC,ASO,ES,Combined TRACON& Tower with Radar,161,50,89,30,330,0,8,25,3,36,161,58,114,33,366,0,12,12,378
09/17/2022,CHS,SC,ASO,ES,Combined TRACON& Tower with Radar,118,23,53,22,216,0,4,42,4,50,118,27,95,26,266,38,3,41,307
09/18/2022,CHS,SC,ASO,ES,Combined TRACON& Tower with Radar,151,41,72,4,268,0,6,27,0,33,151,47,99,4,301,6,0,6,307
09/19/2022,CHS,SC,ASO,ES,Combined TRACON& Tower with Radar,148,46,70,33,297,0,2,27,7,36,148,48,97,40,333,22,6,28,361
09/20/2022,CHS,SC,ASO,ES,Combined TRACON& Tower with Radar,131,23,81,44,279,0,1,48,10,59,131,24,129,54,338,51,30,81,419
09/21/2022,CHS,SC,ASO,ES,Combined TRACON& Tower with Radar,131,44,87,41,303,0,3,48,1,52,131,47,135,42,355,27,21,48,403
09/22/2022,CHS,SC,ASO,ES,Combined TRACON& Tower with Radar,158,44,101,43,346,0,3,34,0,37,158,47,135,43,383,11,13,24,407
09/23/2022,CHS,SC,ASO,ES,Combined TRACON& Tower with Radar,166,51,96,18,331,0,4,25,0,29,166,55,121,18,360,0,0,0,360
09/24/2022,CHS,SC,ASO,ES,Combined TRACON& Tower with Radar,121,23,63,31,238,0,5,30,3,38,121,28,93,34,276,12,24,36,312
09/25/2022,CHS,SC,ASO,ES,Combined TRACON& Tower with Radar,140,51,84,14,289,0,1,21,3,25,140,52,105,17,314,3,8,11,325
09/26/2022,CHS,SC,ASO,ES,Combined TRACON& Tower with Radar,159,34,62,62,317,0,3,24,4,31,159,37,86,66,348,21,94,115,463
09/27/2022,CHS,SC,ASO,ES,Combined TRACON& Tower with Radar,128,36,79,16,259,0,3,38,2,43,128,39,117,18,302,16,0,16,318
09/28/2022,CHS,SC,ASO,ES,Combined TRACON& Tower with Radar,134,39,82,23,278,0,4,25,4,33,134,43,107,27,311,9,6,15,326
09/29/2022,CHS,SC,ASO,ES,Combined TRACON& Tower with Radar,101,31,32,7,171,0,1,1,0,2,101,32,33,7,173,0,0,0,173
09/30/2022,CHS,SC,ASO,ES,Combined TRACON& Tower with Radar,0,0,0,0,0,0,0,0,0,0,0,0,0,0,0,0,0,0,0
10/01/2022,CHS,SC,ASO,ES,Combined TRACON& Tower with Radar,96,18,45,13,172,0,2,9,0,11,96,20,54,13,183,0,0,0,183
10/02/2022,CHS,SC,ASO,ES,Combined TRACON& Tower with Radar,161,19,63,16,259,0,2,19,0,21,161,21,82,16,280,2,0,2,282
10/03/2022,CHS,SC,ASO,ES,Combined TRACON& Tower with Radar,159,46,67,4,276,0,2,8,2,12,159,48,75,6,288,8,0,8,296
10/04/2022,CHS,SC,ASO,ES,Combined TRACON& Tower with Radar,131,30,78,23,262,0,5,58,0,63,131,35,136,23,325,25,6,31,356
10/05/2022,CHS,SC,ASO,ES,Combined TRACON& Tower with Radar,144,35,69,25,273,0,7,39,3,49,144,42,108,28,322,3,7,10,332
10/06/2022,CHS,SC,ASO,ES,Combined TRACON& Tower with Radar,171,46,88,26,331,0,4,38,3,45,171,50,126,29,376,26,13,39,415
10/07/2022,CHS,SC,ASO,ES,Combined TRACON& Tower with Radar,158,49,103,24,334,0,1,31,1,33,158,50,134,25,367,0,0,0,367
10/08/2022,CHS,SC,ASO,ES,Combined TRACON& Tower with Radar,132,27,61,15,235,0,3,29,1,33,132,30,90,16,268,6,8,14,282
10/09/2022,CHS,SC,ASO,ES,Combined TRACON& Tower with Radar,161,68,106,5,340,0,4,28,0,32,161,72,134,5,372,4,0,4,376
10/10/2022,CHS,SC,ASO,ES,Combined TRACON& Tower with Radar,159,49,85,11,304,0,4,39,2,45,159,53,124,13,349,14,0,14,363
10/11/2022,CHS,SC,ASO,ES,Combined TRACON& Tower with Radar,130,44,89,37,300,0,8,38,3,49,130,52,127,40,349,29,28,57,406
10/12/2022,CHS,SC,ASO,ES,Combined TRACON& Tower with Radar,140,55,103,35,333,0,3,20,1,24,140,58,123,36,357,5,8,13,370
10/13/2022,CHS,SC,ASO,ES,Combined TRACON& Tower with Radar,163,63,86,52,364,0,4,26,1,31,163,67,112,53,395,0,36,36,431
10/14/2022,CHS,SC,ASO,ES,Combined TRACON& Tower with Radar,167,56,102,27,352,0,5,36,2,43,167,61,138,29,395,2,2,4,399
10/15/2022,CHS,SC,ASO,ES,Combined TRACON& Tower with Radar,131,34,74,16,255,0,4,47,4,55,131,38,121,20,310,4,6,10,320
10/16/2022,CHS,SC,ASO,ES,Combined TRACON& Tower with Radar,161,56,110,6,333,0,6,26,0,32,161,62,136,6,365,0,0,0,365
10/17/2022,CHS,SC,ASO,ES,Combined TRACON& Tower with Radar,163,49,95,19,326,0,8,34,2,44,163,57,129,21,370,4,20,24,394
10/18/2022,CHS,SC,ASO,ES,Combined TRACON& Tower with Radar,134,32,79,33,278,0,3,48,0,51,134,35,127,33,329,0,16,16,345
10/19/2022,CHS,SC,ASO,ES,Combined TRACON& Tower with Radar,143,52,103,41,339,0,21,34,6,61,143,73,137,47,400,56,19,75,475
10/20/2022,CHS,SC,ASO,ES,Combined TRACON& Tower with Radar,162,52,98,36,348,0,2,33,4,39,162,54,131,40,387,8,19,27,414
10/21/2022,CHS,SC,ASO,ES,Combined TRACON& Tower with Radar,166,61,68,50,345,0,10,32,5,47,166,71,100,55,392,0,0,0,392
10/22/2022,CHS,SC,ASO,ES,Combined TRACON& Tower with Radar,127,47,54,15,243,0,7,38,7,52,127,54,92,22,295,26,0,26,321
10/23/2022,CHS,SC,ASO,ES,Combined TRACON& Tower with Radar,163,51,86,7,307,0,9,28,4,41,163,60,114,11,348,3,2,5,353
10/24/2022,CHS,SC,ASO,ES,Combined TRACON& Tower with Radar,154,51,81,24,310,0,6,31,6,43,154,57,112,30,353,0,0,0,353
10/25/2022,CHS,SC,ASO,ES,Combined TRACON& Tower with Radar,117,40,59,22,238,0,4,15,2,21,117,44,74,24,259,0,4,4,263
10/26/2022,CHS,SC,ASO,ES,Combined TRACON& Tower with Radar,136,56,110,29,331,0,3,43,2,48,136,59,153,31,379,13,8,21,400
10/27/2022,CHS,SC,ASO,ES,Combined TRACON& Tower with Radar,169,39,103,25,336,0,8,26,0,34,169,47,129,25,370,3,2,5,375
10/28/2022,CHS,SC,ASO,ES,Combined TRACON& Tower with Radar,164,62,115,27,368,0,2,20,0,22,164,64,135,27,390,0,0,0,390
10/29/2022,CHS,SC,ASO,ES,Combined TRACON& Tower with Radar,129,44,46,8,227,0,1,0,0,1,129,45,46,8,228,0,0,0,228
10/30/2022,CHS,SC,ASO,ES,Combined TRACON& Tower with Radar,156,49,67,13,285,0,0,0,1,1,156,49,67,14,286,2,0,2,288
10/31/2022,CHS,SC,ASO,ES,Combined TRACON& Tower with Radar,148,51,68,21,288,0,1,29,1,31,148,52,97,22,319,18,4,22,341
11/01/2022,CHS,SC,ASO,ES,Combined TRACON& Tower with Radar,126,38,100,25,289,0,2,24,2,28,126,40,124,27,317,28,14,42,359
11/02/2022,CHS,SC,ASO,ES,Combined TRACON& Tower with Radar,142,56,104,31,333,0,4,40,1,45,142,60,144,32,378,4,10,14,392
11/03/2022,CHS,SC,ASO,ES,Combined TRACON& Tower with Radar,166,62,98,35,361,0,4,66,3,73,166,66,164,38,434,0,0,0,434
11/04/2022,CHS,SC,ASO,ES,Combined TRACON& Tower with Radar,149,54,109,30,342,0,4,33,3,40,149,58,142,33,382,2,20,22,404
11/05/2022,CHS,SC,ASO,ES,Combined TRACON& Tower with Radar,125,34,60,25,244,0,1,20,7,28,125,35,80,32,272,0,0,0,272
11/06/2022,CHS,SC,ASO,ES,Combined TRACON& Tower with Radar,144,60,125,15,344,0,1,21,1,23,144,61,146,16,367,0,0,0,367
11/07/2022,CHS,SC,ASO,ES,Combined TRACON& Tower with Radar,144,46,69,9,268,0,1,24,0,25,144,47,93,9,293,0,2,2,295
11/08/2022,CHS,SC,ASO,ES,Combined TRACON& Tower with Radar,126,37,55,19,237,0,6,19,3,28,126,43,74,22,265,11,4,15,280
11/09/2022,CHS,SC,ASO,ES,Combined TRACON& Tower with Radar,137,51,77,22,287,0,2,13,4,19,137,53,90,26,306,0,8,8,314
11/10/2022,CHS,SC,ASO,ES,Combined TRACON& Tower with Radar,154,32,42,8,236,0,1,0,0,1,154,33,42,8,237,0,2,2,239
11/11/2022,CHS,SC,ASO,ES,Combined TRACON& Tower with Radar,139,62,41,3,245,0,0,0,0,0,139,62,41,3,245,2,0,2,247
11/12/2022,CHS,SC,ASO,ES,Combined TRACON& Tower with Radar,126,36,57,4,223,0,5,34,0,39,126,41,91,4,262,8,0,8,270
11/13/2022,CHS,SC,ASO,ES,Combined TRACON& Tower with Radar,151,57,76,2,286,0,3,39,0,42,151,60,115,2,328,6,0,6,334
11/14/2022,CHS,SC,ASO,ES,Combined TRACON& Tower with Radar,143,40,88,18,289,0,2,32,1,35,143,42,120,19,324,12,0,12,336
11/15/2022,CHS,SC,ASO,ES,Combined TRACON& Tower with Radar,130,30,68,28,256,0,1,8,1,10,130,31,76,29,266,0,16,16,282
11/16/2022,CHS,SC,ASO,ES,Combined TRACON& Tower with Radar,135,44,92,25,296,0,0,3,1,4,135,44,95,26,300,2,8,10,310
11/17/2022,CHS,SC,ASO,ES,Combined TRACON& Tower with Radar,160,49,98,25,332,0,4,42,2,48,160,53,140,27,380,3,8,11,391
11/18/2022,CHS,SC,ASO,ES,Combined TRACON& Tower with Radar,143,47,130,28,348,0,4,35,5,44,143,51,165,33,392,18,2,20,412
11/19/2022,CHS,SC,ASO,ES,Combined TRACON& Tower with Radar,141,28,76,10,255,0,5,43,2,50,141,33,119,12,305,10,2,12,317
11/20/2022,CHS,SC,ASO,ES,Combined TRACON& Tower with Radar,158,44,94,22,318,0,1,30,2,33,158,45,124,24,351,8,0,8,359
11/21/2022,CHS,SC,ASO,ES,Combined TRACON& Tower with Radar,150,43,70,42,305,0,2,33,3,38,150,45,103,45,343,4,34,38,381
11/22/2022,CHS,SC,ASO,ES,Combined TRACON& Tower with Radar,160,41,87,32,320,0,2,24,0,26,160,43,111,32,346,11,6,17,363
11/23/2022,CHS,SC,ASO,ES,Combined TRACON& Tower with Radar,170,49,88,13,320,0,2,12,0,14,170,51,100,13,334,2,0,2,336
11/24/2022,CHS,SC,ASO,ES,Combined TRACON& Tower with Radar,77,14,17,5,113,0,4,5,0,9,77,18,22,5,122,0,0,0,122
11/25/2022,CHS,SC,ASO,ES,Combined TRACON& Tower with Radar,135,37,34,1,207,0,0,2,1,3,135,37,36,2,210,0,0,0,210
11/26/2022,CHS,SC,ASO,ES,Combined TRACON& Tower with Radar,162,43,81,0,286,0,0,21,1,22,162,43,102,1,308,16,0,16,324
11/27/2022,CHS,SC,ASO,ES,Combined TRACON& Tower with Radar,163,39,126,5,333,0,0,4,0,4,163,39,130,5,337,0,0,0,337
11/28/2022,CHS,SC,ASO,ES,Combined TRACON& Tower with Radar,169,39,71,24,303,0,2,27,0,29,169,41,98,24,332,6,2,8,340
11/29/2022,CHS,SC,ASO,ES,Combined TRACON& Tower with Radar,137,26,91,33,287,0,4,47,4,55,137,30,138,37,342,3,14,17,359
11/30/2022,CHS,SC,ASO,ES,Combined TRACON& Tower with Radar,128,47,51,20,246,0,3,7,0,10,128,50,58,20,256,0,0,0,256
12/01/2022,CHS,SC,ASO,ES,Combined TRACON& Tower with Radar,149,45,93,31,318,0,6,49,4,59,149,51,142,35,377,10,10,20,397
12/02/2022,CHS,SC,ASO,ES,Combined TRACON& Tower with Radar,154,49,99,40,342,0,3,30,1,34,154,52,129,41,376,10,8,18,394
12/03/2022,CHS,SC,ASO,ES,Combined TRACON& Tower with Radar,120,19,57,21,217,0,2,27,1,30,120,21,84,22,247,5,2,7,254
12/04/2022,CHS,SC,ASO,ES,Combined TRACON& Tower with Radar,140,27,63,23,253,0,0,21,1,22,140,27,84,24,275,0,6,6,281
12/05/2022,CHS,SC,ASO,ES,Combined TRACON& Tower with Radar,151,43,67,15,276,0,3,17,1,21,151,46,84,16,297,8,14,22,319
12/06/2022,CHS,SC,ASO,ES,Combined TRACON& Tower with Radar,137,30,83,38,288,0,3,28,3,34,137,33,111,41,322,10,34,44,366
12/07/2022,CHS,SC,ASO,ES,Combined TRACON& Tower with Radar,141,40,104,19,304,0,4,26,4,34,141,44,130,23,338,0,12,12,350
12/08/2022,CHS,SC,ASO,ES,Combined TRACON& Tower with Radar,152,29,80,46,307,0,1,4,0,5,152,30,84,46,312,2,20,22,334
12/09/2022,CHS,SC,ASO,ES,Combined TRACON& Tower with Radar,154,54,75,26,309,0,1,0,0,1,154,55,75,26,310,0,0,0,310
12/10/2022,CHS,SC,ASO,ES,Combined TRACON& Tower with Radar,120,26,39,8,193,0,1,3,0,4,120,27,42,8,197,0,0,0,197
12/11/2022,CHS,SC,ASO,ES,Combined TRACON& Tower with Radar,139,32,69,11,251,0,0,18,0,18,139,32,87,11,269,3,0,3,272
12/12/2022,CHS,SC,ASO,ES,Combined TRACON& Tower with Radar,145,40,75,35,295,0,1,30,15,46,145,41,105,50,341,10,46,56,397
12/13/2022,CHS,SC,ASO,ES,Combined TRACON& Tower with Radar,141,43,66,35,285,0,4,38,8,50,141,47,104,43,335,15,46,61,396
12/14/2022,CHS,SC,ASO,ES,Combined TRACON& Tower with Radar,127,33,99,54,313,0,2,20,0,22,127,35,119,54,335,4,27,31,366
12/15/2022,CHS,SC,ASO,ES,Combined TRACON& Tower with Radar,148,32,70,29,279,0,0,3,0,3,148,32,73,29,282,1,2,3,285
12/16/2022,CHS,SC,ASO,ES,Combined TRACON& Tower with Radar,151,50,96,9,306,0,2,40,0,42,151,52,136,9,348,0,0,0,348
12/17/2022,CHS,SC,ASO,ES,Combined TRACON& Tower with Radar,125,41,60,5,231,0,3,28,0,31,125,44,88,5,262,4,0,4,266
12/18/2022,CHS,SC,ASO,ES,Combined TRACON& Tower with Radar,139,36,57,5,237,1,4,31,0,36,140,40,88,5,273,8,0,8,281
12/19/2022,CHS,SC,ASO,ES,Combined TRACON& Tower with Radar,144,31,75,39,289,0,3,28,4,35,144,34,103,43,324,18,28,46,370
12/20/2022,CHS,SC,ASO,ES,Combined TRACON& Tower with Radar,143,34,67,25,269,0,2,9,0,11,143,36,76,25,280,32,10,42,322
12/21/2022,CHS,SC,ASO,ES,Combined TRACON& Tower with Radar,149,49,79,27,304,0,0,1,0,1,149,49,80,27,305,8,2,10,315
12/22/2022,CHS,SC,ASO,ES,Combined TRACON& Tower with Radar,137,44,50,18,249,0,0,0,0,0,137,44,50,18,249,0,0,0,249
12/23/2022,CHS,SC,ASO,ES,Combined TRACON& Tower with Radar,145,44,35,7,231,0,1,2,0,3,145,45,37,7,234,0,0,0,234
12/24/2022,CHS,SC,ASO,ES,Combined TRACON& Tower with Radar,99,24,11,1,135,0,4,5,0,9,99,28,16,1,144,0,0,0,144
12/25/2022,CHS,SC,ASO,ES,Combined TRACON& Tower with Radar,97,36,13,0,146,0,1,5,0,6,97,37,18,0,152,0,0,0,152
12/26/2022,CHS,SC,ASO,ES,Combined TRACON& Tower with Radar,122,51,76,5,254,0,3,17,0,20,122,54,93,5,274,6,0,6,280
12/27/2022,CHS,SC,ASO,ES,Combined TRACON& Tower with Radar,134,52,79,13,278,0,3,23,7,33,134,55,102,20,311,8,14,22,333
12/28/2022,CHS,SC,ASO,ES,Combined TRACON& Tower with Radar,134,43,116,31,324,0,3,33,1,37,134,46,149,32,361,0,22,22,383
12/29/2022,CHS,SC,ASO,ES,Combined TRACON& Tower with Radar,140,39,68,18,265,0,4,20,3,27,140,43,88,21,292,2,6,8,300
12/30/2022,CHS,SC,ASO,ES,Combined TRACON& Tower with Radar,153,46,73,2,274,0,7,14,0,21,153,53,87,2,295,0,0,0,295
12/31/2022,CHS,SC,ASO,ES,Combined TRACON& Tower with Radar,110,37,34,4,185,0,0,3,0,3,110,37,37,4,188,0,0,0,188
01/01/2023,CHS,SC,ASO,ES,Combined TRACON& Tower with Radar,120,47,45,1,213,0,1,2,0,3,120,48,47,1,216,1,0,1,217
01/02/2023,CHS,SC,ASO,ES,Combined TRACON& Tower with Radar,144,70,67,5,286,0,2,23,0,25,144,72,90,5,311,23,0,23,334
01/03/2023,CHS,SC,ASO,ES,Combined TRACON& Tower with Radar,134,32,52,12,230,0,1,29,2,32,134,33,81,14,262,0,0,0,262
01/04/2023,CHS,SC,ASO,ES,Combined TRACON& Tower with Radar,140,36,48,9,233,0,1,3,2,6,140,37,51,11,239,2,30,32,271
01/05/2023,CHS,SC,ASO,ES,Combined TRACON& Tower with Radar,138,32,66,28,264,0,1,35,4,40,138,33,101,32,304,0,6,6,310
01/06/2023,CHS,SC,ASO,ES,Combined TRACON& Tower with Radar,137,37,73,37,284,0,3,41,1,45,137,40,114,38,329,24,16,40,369
01/07/2023,CHS,SC,ASO,ES,Combined TRACON& Tower with Radar,104,19,67,19,209,0,2,26,1,29,104,21,93,20,238,20,8,28,266
01/08/2023,CHS,SC,ASO,ES,Combined TRACON& Tower with Radar,139,32,54,18,243,0,1,24,0,25,139,33,78,18,268,0,0,0,268
01/09/2023,CHS,SC,ASO,ES,Combined TRACON& Tower with Radar,135,42,64,13,254,0,5,26,0,31,135,47,90,13,285,6,8,14,299
01/10/2023,CHS,SC,ASO,ES,Combined TRACON& Tower with Radar,115,31,79,65,290,0,4,35,4,43,115,35,114,69,333,22,66,88,421
01/11/2023,CHS,SC,ASO,ES,Combined TRACON& Tower with Radar,100,39,75,54,268,0,4,43,4,51,100,43,118,58,319,23,19,42,361
01/12/2023,CHS,SC,ASO,ES,Combined TRACON& Tower with Radar,147,35,86,29,297,0,5,30,9,44,147,40,116,38,341,10,16,26,367
01/13/2023,CHS,SC,ASO,ES,Combined TRACON& Tower with Radar,149,58,68,27,302,0,1,30,3,34,149,59,98,30,336,0,0,0,336
01/14/2023,CHS,SC,ASO,ES,Combined TRACON& Tower with Radar,104,37,41,7,189,0,1,19,0,20,104,38,60,7,209,40,0,40,249
01/15/2023,CHS,SC,ASO,ES,Combined TRACON& Tower with Radar,135,40,61,10,246,0,1,52,0,53,135,41,113,10,299,0,0,0,299
01/16/2023,CHS,SC,ASO,ES,Combined TRACON& Tower with Radar,136,45,73,4,258,0,1,29,0,30,136,46,102,4,288,5,0,5,293
01/17/2023,CHS,SC,ASO,ES,Combined TRACON& Tower with Radar,120,37,54,50,261,0,4,36,2,42,120,41,90,52,303,36,46,82,385
01/18/2023,CHS,SC,ASO,ES,Combined TRACON& Tower with Radar,118,46,86,61,311,0,0,28,2,30,118,46,114,63,341,6,22,28,369
01/19/2023,CHS,SC,ASO,ES,Combined TRACON& Tower with Radar,146,33,63,33,275,0,0,31,0,31,146,33,94,33,306,6,2,8,314
01/20/2023,CHS,SC,ASO,ES,Combined TRACON& Tower with Radar,153,42,85,31,311,0,3,47,3,53,153,45,132,34,364,48,18,66,430
01/21/2023,CHS,SC,ASO,ES,Combined TRACON& Tower with Radar,106,15,53,17,191,0,4,29,0,33,106,19,82,17,224,8,2,10,234
01/22/2023,CHS,SC,ASO,ES,Combined TRACON& Tower with Radar,154,33,32,14,233,0,0,0,0,0,154,33,32,14,233,0,0,0,233
01/23/2023,CHS,SC,ASO,ES,Combined TRACON& Tower with Radar,138,39,76,26,279,0,3,34,3,40,138,42,110,29,319,37,8,45,364
01/24/2023,CHS,SC,ASO,ES,Combined TRACON& Tower with Radar,120,49,72,28,269,0,5,43,3,51,120,54,115,31,320,8,11,19,339
01/25/2023,CHS,SC,ASO,ES,Combined TRACON& Tower with Radar,117,33,47,19,216,0,2,2,2,6,117,35,49,21,222,4,20,24,246
01/26/2023,CHS,SC,ASO,ES,Combined TRACON& Tower with Radar,148,53,85,31,317,0,4,44,2,50,148,57,129,33,367,2,0,2,369
01/27/2023,CHS,SC,ASO,ES,Combined TRACON& Tower with Radar,145,43,75,22,285,0,1,43,2,46,145,44,118,24,331,0,11,11,342
01/28/2023,CHS,SC,ASO,ES,Combined TRACON& Tower with Radar,105,27,67,13,212,0,2,32,0,34,105,29,99,13,246,2,0,2,248
01/29/2023,CHS,SC,ASO,ES,Combined TRACON& Tower with Radar,143,24,73,14,254,0,2,30,0,32,143,26,103,14,286,0,0,0,286
01/30/2023,CHS,SC,ASO,ES,Combined TRACON& Tower with Radar,137,38,45,22,242,0,0,0,0,0,137,38,45,22,242,6,6,12,254
01/31/2023,CHS,SC,ASO,ES,Combined TRACON& Tower with Radar,113,52,57,31,253,0,0,0,1,1,113,52,57,32,254,4,16,20,274
02/01/2023,CHS,SC,ASO,ES,Combined TRACON& Tower with Radar,114,41,72,24,251,0,2,18,1,21,114,43,90,25,272,8,12,20,292
02/02/2023,CHS,SC,ASO,ES,Combined TRACON& Tower with Radar,141,72,97,24,334,0,0,0,0,0,141,72,97,24,334,0,0,0,334
02/03/2023,CHS,SC,ASO,ES,Combined TRACON& Tower with Radar,142,44,59,28,273,0,2,20,2,24,142,46,79,30,297,0,0,0,297
02/04/2023,CHS,SC,ASO,ES,Combined TRACON& Tower with Radar,118,22,71,10,221,0,5,31,0,36,118,27,102,10,257,11,4,15,272
02/05/2023,CHS,SC,ASO,ES,Combined TRACON& Tower with Radar,141,36,78,19,274,0,1,1,0,2,141,37,79,19,276,0,0,0,276
02/06/2023,CHS,SC,ASO,ES,Combined TRACON& Tower with Radar,145,44,95,12,296,1,3,44,2,50,146,47,139,14,346,18,2,20,366
02/07/2023,CHS,SC,ASO,ES,Combined TRACON& Tower with Radar,130,37,121,30,318,0,6,63,5,74,130,43,184,35,392,35,30,65,457
02/08/2023,CHS,SC,ASO,ES,Combined TRACON& Tower with Radar,131,42,81,21,275,0,4,54,4,62,131,46,135,25,337,64,0,64,401
02/09/2023,CHS,SC,ASO,ES,Combined TRACON& Tower with Radar,146,59,77,35,317,0,1,39,3,43,146,60,116,38,360,10,2,12,372
02/10/2023,CHS,SC,ASO,ES,Combined TRACON& Tower with Radar,146,62,63,24,295,0,2,10,1,13,146,64,73,25,308,4,12,16,324
02/11/2023,CHS,SC,ASO,ES,Combined TRACON& Tower with Radar,117,35,31,5,188,0,0,0,0,0,117,35,31,5,188,0,0,0,188
02/12/2023,CHS,SC,ASO,ES,Combined TRACON& Tower with Radar,136,42,50,8,236,0,0,0,0,0,136,42,50,8,236,0,0,0,236
02/13/2023,CHS,SC,ASO,ES,Combined TRACON& Tower with Radar,134,47,87,24,292,0,2,44,2,48,134,49,131,26,340,14,8,22,362
02/14/2023,CHS,SC,ASO,ES,Combined TRACON& Tower with Radar,119,48,62,20,249,0,3,52,2,57,119,51,114,22,306,54,8,62,368
02/15/2023,CHS,SC,ASO,ES,Combined TRACON& Tower with Radar,122,59,95,33,309,0,6,55,3,64,122,65,150,36,373,12,6,18,391
02/16/2023,CHS,SC,ASO,ES,Combined TRACON& Tower with Radar,149,71,102,44,366,0,2,56,6,64,149,73,158,50,430,5,20,25,455
02/17/2023,CHS,SC,ASO,ES,Combined TRACON& Tower with Radar,142,75,98,16,331,0,3,8,1,12,142,78,106,17,343,0,0,0,343
02/18/2023,CHS,SC,ASO,ES,Combined TRACON& Tower with Radar,140,30,71,31,272,0,4,44,3,51,140,34,115,34,323,154,28,182,505
02/19/2023,CHS,SC,ASO,ES,Combined TRACON& Tower with Radar,148,47,101,23,319,0,3,40,1,44,148,50,141,24,363,0,0,0,363
02/20/2023,CHS,SC,ASO,ES,Combined TRACON& Tower with Radar,145,64,75,9,293,0,2,43,1,46,145,66,118,10,339,76,0,76,415
02/21/2023,CHS,SC,ASO,ES,Combined TRACON& Tower with Radar,132,51,85,43,311,0,4,27,6,37,132,55,112,49,348,4,24,28,376
02/22/2023,CHS,SC,ASO,ES,Combined TRACON& Tower with Radar,136,55,88,44,323,0,5,45,5,55,136,60,133,49,378,6,34,40,418
02/23/2023,CHS,SC,ASO,ES,Combined TRACON& Tower with Radar,148,47,86,33,314,0,4,44,7,55,148,51,130,40,369,16,27,43,412
02/24/2023,CHS,SC,ASO,ES,Combined TRACON& Tower with Radar,142,58,85,25,310,0,1,27,0,28,142,59,112,25,338,0,0,0,338
02/25/2023,CHS,SC,ASO,ES,Combined TRACON& Tower with Radar,136,42,53,11,242,0,0,1,0,1,136,42,54,11,243,17,0,17,260
02/26/2023,CHS,SC,ASO,ES,Combined TRACON& Tower with Radar,143,48,79,9,279,0,0,10,0,10,143,48,89,9,289,0,0,0,289
02/27/2023,CHS,SC,ASO,ES,Combined TRACON& Tower with Radar,135,65,70,55,325,0,2,40,4,46,135,67,110,59,371,14,32,46,417
02/28/2023,CHS,SC,ASO,ES,Combined TRACON& Tower with Radar,129,36,76,15,256,0,7,31,6,44,129,43,107,21,300,15,12,27,327
03/01/2023,CHS,SC,ASO,ES,Combined TRACON& Tower with Radar,140,47,95,27,309,0,4,48,0,52,140,51,143,27,361,18,16,34,395
03/02/2023,CHS,SC,ASO,ES,Combined TRACON& Tower with Radar,150,62,69,34,315,0,4,19,3,26,150,66,88,37,341,36,36,72,413
03/03/2023,CHS,SC,ASO,ES,Combined TRACON& Tower with Radar,160,44,68,21,293,0,1,17,5,23,160,45,85,26,316,12,0,12,328
03/04/2023,CHS,SC,ASO,ES,Combined TRACON& Tower with Radar,148,34,81,8,271,0,1,40,0,41,148,35,121,8,312,2,0,2,314
03/05/2023,CHS,SC,ASO,ES,Combined TRACON& Tower with Radar,151,44,79,7,281,0,5,70,2,77,151,49,149,9,358,0,0,0,358
03/06/2023,CHS,SC,ASO,ES,Combined TRACON& Tower with Radar,150,48,76,32,306,0,2,36,0,38,150,50,112,32,344,10,14,24,368
03/07/2023,CHS,SC,ASO,ES,Combined TRACON& Tower with Radar,123,38,64,29,254,0,2,42,7,51,123,40,106,36,305,50,32,82,387
03/08/2023,CHS,SC,ASO,ES,Combined TRACON& Tower with Radar,147,47,72,34,300,0,2,45,0,47,147,49,117,34,347,0,0,0,347
03/09/2023,CHS,SC,ASO,ES,Combined TRACON& Tower with Radar,176,56,98,21,351,0,5,41,3,49,176,61,139,24,400,2,8,10,410
03/10/2023,CHS,SC,ASO,ES,Combined TRACON& Tower with Radar,160,63,67,17,307,0,1,0,0,1,160,64,67,17,308,0,0,0,308
03/11/2023,CHS,SC,ASO,ES,Combined TRACON& Tower with Radar,152,40,58,12,262,0,4,41,1,46,152,44,99,13,308,14,0,14,322
03/12/2023,CHS,SC,ASO,ES,Combined TRACON& Tower with Radar,166,54,59,5,284,0,1,14,0,15,166,55,73,5,299,0,0,0,299
03/13/2023,CHS,SC,ASO,ES,Combined TRACON& Tower with Radar,164,57,67,35,323,0,1,4,3,8,164,58,71,38,331,7,17,24,355
03/14/2023,CHS,SC,ASO,ES,Combined TRACON& Tower with Radar,127,46,83,25,281,0,4,42,2,48,127,50,125,27,329,4,4,8,337
03/15/2023,CHS,SC,ASO,ES,Combined TRACON& Tower with Radar,160,46,73,35,314,0,4,46,5,55,160,50,119,40,369,42,18,60,429
03/16/2023,CHS,SC,ASO,ES,Combined TRACON& Tower with Radar,174,47,122,20,363,0,4,42,5,51,174,51,164,25,414,2,0,2,416
03/17/2023,CHS,SC,ASO,ES,Combined TRACON& Tower with Radar,177,43,73,17,310,0,2,31,1,34,177,45,104,18,344,0,0,0,344
03/18/2023,CHS,SC,ASO,ES,Combined TRACON& Tower with Radar,159,25,47,9,240,0,0,6,0,6,159,25,53,9,246,0,0,0,246
03/19/2023,CHS,SC,ASO,ES,Combined TRACON& Tower with Radar,172,33,93,12,310,0,0,39,0,39,172,33,132,12,349,0,0,0,349
03/20/2023,CHS,SC,ASO,ES,Combined TRACON& Tower with Radar,168,38,78,17,301,0,1,31,0,32,168,39,109,17,333,6,18,24,357
03/21/2023,CHS,SC,ASO,ES,Combined TRACON& Tower with Radar,144,48,69,24,285,0,9,39,4,52,144,57,108,28,337,16,6,22,359
03/22/2023,CHS,SC,ASO,ES,Combined TRACON& Tower with Radar,158,59,98,34,349,0,2,15,0,17,158,61,113,34,366,12,4,16,382
03/23/2023,CHS,SC,ASO,ES,Combined TRACON& Tower with Radar,174,54,80,29,337,0,2,47,1,50,174,56,127,30,387,0,0,0,387
03/24/2023,CHS,SC,ASO,ES,Combined TRACON& Tower with Radar,179,63,121,24,387,0,3,43,2,48,179,66,164,26,435,0,0,0,435
03/25/2023,CHS,SC,ASO,ES,Combined TRACON& Tower with Radar,153,21,43,19,236,0,1,8,1,10,153,22,51,20,246,4,4,8,254
03/26/2023,CHS,SC,ASO,ES,Combined TRACON& Tower with Radar,162,51,86,11,310,0,1,11,2,14,162,52,97,13,324,0,0,0,324
03/27/2023,CHS,SC,ASO,ES,Combined TRACON& Tower with Radar,167,42,52,31,292,0,1,7,1,9,167,43,59,32,301,0,12,12,313
03/28/2023,CHS,SC,ASO,ES,Combined TRACON& Tower with Radar,149,49,80,27,305,0,2,8,0,10,149,51,88,27,315,6,16,22,337
03/29/2023,CHS,SC,ASO,ES,Combined TRACON& Tower with Radar,157,32,100,53,342,0,2,39,3,44,157,34,139,56,386,0,32,32,418
03/30/2023,CHS,SC,ASO,ES,Combined TRACON& Tower with Radar,178,51,118,23,370,0,2,52,7,61,178,53,170,30,431,6,4,10,441
03/31/2023,CHS,SC,ASO,ES,Combined TRACON& Tower with Radar,163,72,70,22,327,0,4,31,3,38,163,76,101,25,365,0,0,0,365
04/01/2023,CHS,SC,ASO,ES,Combined TRACON& Tower with Radar,155,40,44,10,249,0,2,11,0,13,155,42,55,10,262,2,0,2,264
04/02/2023,CHS,SC,ASO,ES,Combined TRACON& Tower with Radar,150,70,79,5,304,0,1,34,0,35,150,71,113,5,339,6,0,6,345
04/03/2023,CHS,SC,ASO,ES,Combined TRACON& Tower with Radar,166,63,78,23,330,0,4,20,3,27,166,67,98,26,357,4,22,26,383
04/04/2023,CHS,SC,ASO,ES,Combined TRACON& Tower with Radar,155,68,76,25,324,0,3,28,9,40,155,71,104,34,364,0,0,0,364
04/05/2023,CHS,SC,ASO,ES,Combined TRACON& Tower with Radar,158,77,103,32,370,0,3,34,5,42,158,80,137,37,412,1,26,27,439
04/06/2023,CHS,SC,ASO,ES,Combined TRACON& Tower with Radar,171,77,86,33,367,0,5,37,5,47,171,82,123,38,414,10,20,30,444
04/07/2023,CHS,SC,ASO,ES,Combined TRACON& Tower with Radar,179,87,102,14,382,0,4,24,2,30,179,91,126,16,412,0,0,0,412
04/08/2023,CHS,SC,ASO,ES,Combined TRACON& Tower with Radar,164,49,49,4,266,0,0,0,1,1,164,49,49,5,267,0,0,0,267
04/09/2023,CHS,SC,ASO,ES,Combined TRACON& Tower with Radar,178,63,47,6,294,0,0,21,2,23,178,63,68,8,317,0,0,0,317
04/10/2023,CHS,SC,ASO,ES,Combined TRACON& Tower with Radar,180,47,105,9,341,0,2,40,4,46,180,49,145,13,387,26,4,30,417
04/11/2023,CHS,SC,ASO,ES,Combined TRACON& Tower with Radar,161,50,84,16,311,0,3,43,4,50,161,53,127,20,361,30,6,36,397
04/12/2023,CHS,SC,ASO,ES,Combined TRACON& Tower with Radar,168,66,88,19,341,0,2,48,2,52,168,68,136,21,393,4,2,6,399
04/13/2023,CHS,SC,ASO,ES,Combined TRACON& Tower with Radar,166,52,119,21,358,0,2,28,1,31,166,54,147,22,389,0,0,0,389
04/14/2023,CHS,SC,ASO,ES,Combined TRACON& Tower with Radar,179,79,78,22,358,0,2,15,0,17,179,81,93,22,375,0,0,0,375
04/15/2023,CHS,SC,ASO,ES,Combined TRACON& Tower with Radar,163,57,71,14,305,0,4,37,0,41,163,61,108,14,346,16,0,16,362
04/16/2023,CHS,SC,ASO,ES,Combined TRACON& Tower with Radar,184,64,63,10,321,0,0,28,1,29,184,64,91,11,350,0,0,0,350
04/17/2023,CHS,SC,ASO,ES,Combined TRACON& Tower with Radar,173,66,73,19,331,0,1,26,0,27,173,67,99,19,358,11,4,15,373
04/18/2023,CHS,SC,ASO,ES,Combined TRACON& Tower with Radar,155,59,98,18,330,0,3,32,1,36,155,62,130,19,366,22,0,22,388
04/19/2023,CHS,SC,ASO,ES,Combined TRACON& Tower with Radar,169,63,116,19,367,0,2,50,3,55,169,65,166,22,422,12,24,36,458
04/20/2023,CHS,SC,ASO,ES,Combined TRACON& Tower with Radar,187,93,106,15,401,0,2,39,2,43,187,95,145,17,444,0,0,0,444
04/21/2023,CHS,SC,ASO,ES,Combined TRACON& Tower with Radar,185,55,113,25,378,0,4,38,0,42,185,59,151,25,420,0,0,0,420
04/22/2023,CHS,SC,ASO,ES,Combined TRACON& Tower with Radar,148,29,52,10,239,0,2,9,5,16,148,31,61,15,255,10,2,12,267
04/23/2023,CHS,SC,ASO,ES,Combined TRACON& Tower with Radar,195,59,72,10,336,0,1,47,0,48,195,60,119,10,384,0,0,0,384
04/24/2023,CHS,SC,ASO,ES,Combined TRACON& Tower with Radar,184,41,80,13,318,0,3,28,2,33,184,44,108,15,351,24,8,32,383
04/25/2023,CHS,SC,ASO,ES,Combined TRACON& Tower with Radar,153,45,88,15,301,0,4,35,8,47,153,49,123,23,348,18,2,20,368
04/26/2023,CHS,SC,ASO,ES,Combined TRACON& Tower with Radar,172,46,95,20,333,0,3,27,3,33,172,49,122,23,366,4,2,6,372
04/27/2023,CHS,SC,ASO,ES,Combined TRACON& Tower with Radar,190,39,98,47,374,0,0,11,1,12,190,39,109,48,386,16,40,56,442
04/28/2023,CHS,SC,ASO,ES,Combined TRACON& Tower with Radar,184,57,73,18,332,0,1,13,1,15,184,58,86,19,347,0,0,0,347
04/29/2023,CHS,SC,ASO,ES,Combined TRACON& Tower with Radar,158,39,59,6,262,0,1,21,0,22,158,40,80,6,284,0,0,0,284
04/30/2023,CHS,SC,ASO,ES,Combined TRACON& Tower with Radar,194,49,61,10,314,0,1,16,0,17,194,50,77,10,331,0,0,0,331
05/01/2023,CHS,SC,ASO,ES,Combined TRACON& Tower with Radar,187,41,66,7,301,0,2,13,0,15,187,43,79,7,316,16,0,16,332
05/02/2023,CHS,SC,ASO,ES,Combined TRACON& Tower with Radar,165,47,65,20,297,0,3,21,5,29,165,50,86,25,326,0,0,0,326
05/03/2023,CHS,SC,ASO,ES,Combined TRACON& Tower with Radar,171,49,80,20,320,0,4,24,8,36,171,53,104,28,356,0,0,0,356
05/04/2023,CHS,SC,ASO,ES,Combined TRACON& Tower with Radar,192,67,99,23,381,0,2,42,5,49,192,69,141,28,430,12,2,14,444
05/05/2023,CHS,SC,ASO,ES,Combined TRACON& Tower with Radar,185,59,104,44,392,0,5,28,11,44,185,64,132,55,436,6,38,44,480
05/06/2023,CHS,SC,ASO,ES,Combined TRACON& Tower with Radar,159,32,66,12,269,0,1,27,0,28,159,33,93,12,297,2,4,6,303
05/07/2023,CHS,SC,ASO,ES,Combined TRACON& Tower with Radar,185,58,75,28,346,0,1,27,9,37,185,59,102,37,383,0,0,0,383
05/08/2023,CHS,SC,ASO,ES,Combined TRACON& Tower with Radar,178,38,73,26,315,0,1,28,1,30,178,39,101,27,345,4,0,4,349
05/09/2023,CHS,SC,ASO,ES,Combined TRACON& Tower with Radar,158,39,47,22,266,0,1,27,1,29,158,40,74,23,295,14,0,14,309
05/10/2023,CHS,SC,ASO,ES,Combined TRACON& Tower with Radar,165,42,122,27,356,0,2,24,2,28,165,44,146,29,384,36,16,52,436
05/11/2023,CHS,SC,ASO,ES,Combined TRACON& Tower with Radar,183,47,118,19,367,0,4,19,1,24,183,51,137,20,391,16,0,16,407
05/12/2023,CHS,SC,ASO,ES,Combined TRACON& Tower with Radar,189,52,104,24,369,0,2,43,1,46,189,54,147,25,415,0,0,0,415
05/13/2023,CHS,SC,ASO,ES,Combined TRACON& Tower with Radar,161,26,65,33,285,0,4,20,5,29,161,30,85,38,314,0,0,0,314
05/14/2023,CHS,SC,ASO,ES,Combined TRACON& Tower with Radar,186,37,63,13,299,0,2,20,0,22,186,39,83,13,321,6,0,6,327
05/15/2023,CHS,SC,ASO,ES,Combined TRACON& Tower with Radar,184,50,84,10,328,0,1,29,1,31,184,51,113,11,359,34,0,34,393
05/16/2023,CHS,SC,ASO,ES,Combined TRACON& Tower with Radar,159,42,80,37,318,0,7,33,1,41,159,49,113,38,359,10,22,32,391
05/17/2023,CHS,SC,ASO,ES,Combined TRACON& Tower with Radar,168,43,82,22,315,0,1,20,2,23,168,44,102,24,338,10,22,32,370
05/18/2023,CHS,SC,ASO,ES,Combined TRACON& Tower with Radar,193,65,78,36,372,0,1,0,0,1,193,66,78,36,373,0,8,8,381
05/19/2023,CHS,SC,ASO,ES,Combined TRACON& Tower with Radar,177,72,90,19,358,0,0,2,1,3,177,72,92,20,361,0,0,0,361
05/20/2023,CHS,SC,ASO,ES,Combined TRACON& Tower with Radar,163,35,70,11,279,0,2,10,0,12,163,37,80,11,291,0,0,0,291
05/21/2023,CHS,SC,ASO,ES,Combined TRACON& Tower with Radar,186,39,92,5,322,0,0,8,0,8,186,39,100,5,330,4,0,4,334
05/22/2023,CHS,SC,ASO,ES,Combined TRACON& Tower with Radar,177,45,102,11,335,0,2,34,1,37,177,47,136,12,372,8,0,8,380
05/23/2023,CHS,SC,ASO,ES,Combined TRACON& Tower with Radar,160,54,74,40,328,0,7,32,7,46,160,61,106,47,374,40,24,64,438
05/24/2023,CHS,SC,ASO,ES,Combined TRACON& Tower with Radar,176,50,109,26,361,0,6,44,2,52,176,56,153,28,413,6,16,22,435
05/25/2023,CHS,SC,ASO,ES,Combined TRACON& Tower with Radar,183,59,91,24,357,0,5,25,3,33,183,64,116,27,390,6,2,8,398
05/26/2023,CHS,SC,ASO,ES,Combined TRACON& Tower with Radar,194,51,54,13,312,0,1,2,0,3,194,52,56,13,315,0,0,0,315
05/27/2023,CHS,SC,ASO,ES,Combined TRACON& Tower with Radar,158,36,24,4,222,0,1,0,0,1,158,37,24,4,223,0,0,0,223
05/28/2023,CHS,SC,ASO,ES,Combined TRACON& Tower with Radar,181,32,44,5,262,0,2,0,0,2,181,34,44,5,264,0,0,0,264
05/29/2023,CHS,SC,ASO,ES,Combined TRACON& Tower with Radar,185,65,63,9,322,0,5,30,0,35,185,70,93,9,357,16,0,16,373
05/30/2023,CHS,SC,ASO,ES,Combined TRACON& Tower with Radar,158,58,65,33,314,0,5,33,3,41,158,63,98,36,355,2,29,31,386
05/31/2023,CHS,SC,ASO,ES,Combined TRACON& Tower with Radar,169,35,82,14,300,0,1,23,0,24,169,36,105,14,324,4,0,4,328
06/01/2023,CHS,SC,ASO,ES,Combined TRACON& Tower with Radar,185,57,81,18,341,0,3,42,5,50,185,60,123,23,391,14,14,28,419
06/02/2023,CHS,SC,ASO,ES,Combined TRACON& Tower with Radar,175,52,80,18,325,0,2,14,1,17,175,54,94,19,342,0,0,0,342
06/03/2023,CHS,SC,ASO,ES,Combined TRACON& Tower with Radar,171,26,62,6,265,0,4,25,2,31,171,30,87,8,296,0,0,0,296
06/04/2023,CHS,SC,ASO,ES,Combined TRACON& Tower with Radar,184,48,83,10,325,0,4,7,1,12,184,52,90,11,337,10,2,12,349
06/05/2023,CHS,SC,ASO,ES,Combined TRACON& Tower with Radar,176,48,69,10,303,0,8,52,3,63,176,56,121,13,366,30,18,48,414
06/06/2023,CHS,SC,ASO,ES,Combined TRACON& Tower with Radar,155,40,66,20,281,0,1,38,3,42,155,41,104,23,323,22,8,30,353
06/07/2023,CHS,SC,ASO,ES,Combined TRACON& Tower with Radar,173,55,91,22,341,0,3,41,8,52,173,58,132,30,393,10,8,18,411
06/08/2023,CHS,SC,ASO,ES,Combined TRACON& Tower with Radar,180,54,109,24,367,0,3,43,3,49,180,57,152,27,416,34,4,38,454
06/09/2023,CHS,SC,ASO,ES,Combined TRACON& Tower with Radar,178,34,97,31,340,0,7,51,2,60,178,41,148,33,400,20,8,28,428
06/10/2023,CHS,SC,ASO,ES,Combined TRACON& Tower with Radar,188,41,51,24,304,0,5,36,9,50,188,46,87,33,354,9,0,9,363
06/11/2023,CHS,SC,ASO,ES,Combined TRACON& Tower with Radar,182,31,69,16,298,0,3,19,3,25,182,34,88,19,323,0,0,0,323
06/12/2023,CHS,SC,ASO,ES,Combined TRACON& Tower with Radar,178,42,67,10,297,0,2,18,1,21,178,44,85,11,318,2,0,2,320
06/13/2023,CHS,SC,ASO,ES,Combined TRACON& Tower with Radar,162,35,71,13,281,0,3,36,0,39,162,38,107,13,320,2,6,8,328
06/14/2023,CHS,SC,ASO,ES,Combined TRACON& Tower with Radar,173,35,59,31,298,0,2,19,0,21,173,37,78,31,319,0,10,10,329
06/15/2023,CHS,SC,ASO,ES,Combined TRACON& Tower with Radar,178,70,89,24,361,0,3,8,2,13,178,73,97,26,374,4,12,16,390
06/16/2023,CHS,SC,ASO,ES,Combined TRACON& Tower with Radar,182,48,78,12,320,0,4,26,0,30,182,52,104,12,350,5,2,7,357
06/17/2023,CHS,SC,ASO,ES,Combined TRACON& Tower with Radar,181,28,61,12,282,0,2,33,6,41,181,30,94,18,323,0,0,0,323
06/18/2023,CHS,SC,ASO,ES,Combined TRACON& Tower with Radar,183,30,60,6,279,0,1,20,1,22,183,31,80,7,301,0,0,0,301
06/19/2023,CHS,SC,ASO,ES,Combined TRACON& Tower with Radar,174,48,63,9,294,0,2,26,0,28,174,50,89,9,322,14,0,14,336
06/20/2023,CHS,SC,ASO,ES,Combined TRACON& Tower with Radar,155,34,48,32,269,0,0,3,1,4,155,34,51,33,273,14,16,30,303
06/21/2023,CHS,SC,ASO,ES,Combined TRACON& Tower with Radar,176,42,66,26,310,0,1,6,3,10,176,43,72,29,320,2,16,18,338
06/22/2023,CHS,SC,ASO,ES,Combined TRACON& Tower with Radar,184,42,70,36,332,0,0,2,3,5,184,42,72,39,337,2,22,24,361
06/23/2023,CHS,SC,ASO,ES,Combined TRACON& Tower with Radar,187,55,78,26,346,0,1,9,3,13,187,56,87,29,359,0,0,0,359
06/24/2023,CHS,SC,ASO,ES,Combined TRACON& Tower with Radar,193,29,79,7,308,0,3,46,0,49,193,32,125,7,357,0,0,0,357
06/25/2023,CHS,SC,ASO,ES,Combined TRACON& Tower with Radar,170,32,88,8,298,0,4,34,1,39,170,36,122,9,337,15,0,15,352
06/26/2023,CHS,SC,ASO,ES,Combined TRACON& Tower with Radar,166,33,75,30,304,0,3,32,4,39,166,36,107,34,343,26,18,44,387
06/27/2023,CHS,SC,ASO,ES,Combined TRACON& Tower with Radar,147,31,86,19,283,0,3,51,1,55,147,34,137,20,338,6,0,6,344
06/28/2023,CHS,SC,ASO,ES,Combined TRACON& Tower with Radar,161,54,85,15,315,0,3,44,0,47,161,57,129,15,362,24,0,24,386
06/29/2023,CHS,SC,ASO,ES,Combined TRACON& Tower with Radar,192,60,127,30,409,0,5,60,2,67,192,65,187,32,476,2,0,2,478
06/30/2023,CHS,SC,ASO,ES,Combined TRACON& Tower with Radar,181,66,105,14,366,0,4,42,0,46,181,70,147,14,412,0,0,0,412
07/01/2023,CHS,SC,ASO,ES,Combined TRACON& Tower with Radar,182,53,77,9,321,0,4,32,0,36,182,57,109,9,357,0,0,0,357
07/02/2023,CHS,SC,ASO,ES,Combined TRACON& Tower with Radar,178,20,48,2,248,0,3,23,0,26,178,23,71,2,274,0,0,0,274
07/03/2023,CHS,SC,ASO,ES,Combined TRACON& Tower with Radar,156,33,46,4,239,0,2,28,0,30,156,35,74,4,269,7,0,7,276
07/04/2023,CHS,SC,ASO,ES,Combined TRACON& Tower with Radar,134,32,25,4,195,0,3,18,2,23,134,35,43,6,218,2,0,2,220
07/05/2023,CHS,SC,ASO,ES,Combined TRACON& Tower with Radar,163,33,73,14,283,0,2,13,2,17,163,35,86,16,300,0,0,0,300
07/06/2023,CHS,SC,ASO,ES,Combined TRACON& Tower with Radar,185,33,60,29,307,0,4,30,4,38,185,37,90,33,345,24,22,46,391
07/07/2023,CHS,SC,ASO,ES,Combined TRACON& Tower with Radar,170,50,80,13,313,0,2,30,1,33,170,52,110,14,346,0,0,0,346
07/08/2023,CHS,SC,ASO,ES,Combined TRACON& Tower with Radar,189,35,72,9,305,0,2,26,0,28,189,37,98,9,333,29,0,29,362
07/09/2023,CHS,SC,ASO,ES,Combined TRACON& Tower with Radar,160,32,73,8,273,0,3,31,0,34,160,35,104,8,307,8,0,8,315
07/10/2023,CHS,SC,ASO,ES,Combined TRACON& Tower with Radar,186,34,47,6,273,0,1,2,0,3,186,35,49,6,276,2,0,2,278
07/11/2023,CHS,SC,ASO,ES,Combined TRACON& Tower with Radar,163,48,69,19,299,0,4,40,2,46,163,52,109,21,345,24,4,28,373
07/12/2023,CHS,SC,ASO,ES,Combined TRACON& Tower with Radar,181,58,77,12,328,0,8,41,9,58,181,66,118,21,386,1,10,11,397
07/13/2023,CHS,SC,ASO,ES,Combined TRACON& Tower with Radar,185,48,92,21,346,0,3,35,2,40,185,51,127,23,386,11,0,11,397
07/14/2023,CHS,SC,ASO,ES,Combined TRACON& Tower with Radar,177,55,90,20,342,0,3,39,6,48,177,58,129,26,390,0,0,0,390
07/15/2023,CHS,SC,ASO,ES,Combined TRACON& Tower with Radar,189,35,70,11,305,0,2,20,1,23,189,37,90,12,328,4,20,24,352
07/16/2023,CHS,SC,ASO,ES,Combined TRACON& Tower with Radar,158,29,71,15,273,0,3,28,2,33,158,32,99,17,306,4,6,10,316
07/17/2023,CHS,SC,ASO,ES,Combined TRACON& Tower with Radar,181,40,76,10,307,0,1,19,0,20,181,41,95,10,327,0,0,0,327
07/18/2023,CHS,SC,ASO,ES,Combined TRACON& Tower with Radar,164,37,91,21,313,0,4,32,1,37,164,41,123,22,350,0,0,0,350
07/19/2023,CHS,SC,ASO,ES,Combined TRACON& Tower with Radar,187,40,80,14,321,0,3,24,3,30,187,43,104,17,351,0,0,0,351
07/20/2023,CHS,SC,ASO,ES,Combined TRACON& Tower with Radar,183,51,81,20,335,0,4,34,0,38,183,55,115,20,373,0,12,12,385
07/21/2023,CHS,SC,ASO,ES,Combined TRACON& Tower with Radar,188,52,88,25,353,0,4,27,2,33,188,56,115,27,386,0,0,0,386
07/22/2023,CHS,SC,ASO,ES,Combined TRACON& Tower with Radar,193,24,41,9,267,0,4,28,0,32,193,28,69,9,299,0,0,0,299
07/23/2023,CHS,SC,ASO,ES,Combined TRACON& Tower with Radar,184,35,61,8,288,0,0,10,4,14,184,35,71,12,302,6,1,7,309
07/24/2023,CHS,SC,ASO,ES,Combined TRACON& Tower with Radar,189,32,92,7,320,0,0,17,0,17,189,32,109,7,337,16,0,16,353
07/25/2023,CHS,SC,ASO,ES,Combined TRACON& Tower with Radar,161,31,92,27,311,0,6,28,2,36,161,37,120,29,347,8,2,10,357
07/26/2023,CHS,SC,ASO,ES,Combined TRACON& Tower with Radar,188,46,91,20,345,0,7,24,2,33,188,53,115,22,378,8,6,14,392
07/27/2023,CHS,SC,ASO,ES,Combined TRACON& Tower with Radar,180,30,78,31,319,0,7,35,7,49,180,37,113,38,368,0,28,28,396
07/28/2023,CHS,SC,ASO,ES,Combined TRACON& Tower with Radar,187,31,45,17,280,0,2,7,4,13,187,33,52,21,293,0,0,0,293
07/29/2023,CHS,SC,ASO,ES,Combined TRACON& Tower with Radar,189,22,44,17,272,0,1,3,0,4,189,23,47,17,276,8,4,12,288
07/30/2023,CHS,SC,ASO,ES,Combined TRACON& Tower with Radar,193,32,55,7,287,0,0,32,0,32,193,32,87,7,319,0,6,6,325
07/31/2023,CHS,SC,ASO,ES,Combined TRACON& Tower with Radar,190,34,58,20,302,0,2,50,1,53,190,36,108,21,355,18,2,20,375
08/01/2023,CHS,SC,ASO,ES,Combined TRACON& Tower with Radar,157,30,36,22,245,0,3,46,1,50,157,33,82,23,295,0,0,0,295
08/02/2023,CHS,SC,ASO,ES,Combined TRACON& Tower with Radar,177,31,62,33,303,0,7,68,2,77,177,38,130,35,380,20,16,36,416
08/03/2023,CHS,SC,ASO,ES,Combined TRACON& Tower with Radar,185,30,66,28,309,0,7,64,0,71,185,37,130,28,380,0,0,0,380
08/04/2023,CHS,SC,ASO,ES,Combined TRACON& Tower with Radar,178,40,57,9,284,0,5,2,0,7,178,45,59,9,291,0,0,0,291
08/05/2023,CHS,SC,ASO,ES,Combined TRACON& Tower with Radar,191,21,56,10,278,0,9,39,0,48,191,30,95,10,326,0,2,2,328
08/06/2023,CHS,SC,ASO,ES,Combined TRACON& Tower with Radar,175,35,48,6,264,0,5,40,2,47,175,40,88,8,311,18,0,18,329
08/07/2023,CHS,SC,ASO,ES,Combined TRACON& Tower with Radar,182,38,45,14,279,0,0,53,0,53,182,38,98,14,332,28,0,28,360
08/08/2023,CHS,SC,ASO,ES,Combined TRACON& Tower with Radar,167,34,64,33,298,0,7,51,4,62,167,41,115,37,360,30,20,50,410
08/09/2023,CHS,SC,ASO,ES,Combined TRACON& Tower with Radar,171,52,56,24,303,0,6,68,6,80,171,58,124,30,383,6,22,28,411
08/10/2023,CHS,SC,ASO,ES,Combined TRACON& Tower with Radar,171,41,50,38,300,0,6,45,1,52,171,47,95,39,352,11,6,17,369
08/11/2023,CHS,SC,ASO,ES,Combined TRACON& Tower with Radar,189,49,38,32,308,0,6,60,0,66,189,55,98,32,374,0,0,0,374
08/12/2023,CHS,SC,ASO,ES,Combined TRACON& Tower with Radar,187,32,57,9,285,0,1,61,0,62,187,33,118,9,347,0,0,0,347
08/13/2023,CHS,SC,ASO,ES,Combined TRACON& Tower with Radar,182,37,59,10,288,0,7,31,1,39,182,44,90,11,327,0,0,0,327
08/14/2023,CHS,SC,ASO,ES,Combined TRACON& Tower with Radar,179,24,40,18,261,0,1,53,1,55,179,25,93,19,316,17,4,21,337
08/15/2023,CHS,SC,ASO,ES,Combined TRACON& Tower with Radar,154,37,38,17,246,0,7,48,0,55,154,44,86,17,301,24,6,30,331
08/16/2023,CHS,SC,ASO,ES,Combined TRACON& Tower with Radar,167,40,62,37,306,0,4,37,4,45,167,44,99,41,351,2,38,40,391
08/17/2023,CHS,SC,ASO,ES,Combined TRACON& Tower with Radar,179,48,65,18,310,0,1,69,1,71,179,49,134,19,381,34,4,38,419
08/18/2023,CHS,SC,ASO,ES,Combined TRACON& Tower with Radar,176,52,78,28,334,0,8,55,0,63,176,60,133,28,397,0,0,0,397
08/19/2023,CHS,SC,ASO,ES,Combined TRACON& Tower with Radar,180,26,23,12,241,0,6,27,1,34,180,32,50,13,275,13,22,35,310
08/20/2023,CHS,SC,ASO,ES,Combined TRACON& Tower with Radar,170,34,63,13,280,0,5,21,0,26,170,39,84,13,306,0,0,0,306
08/21/2023,CHS,SC,ASO,ES,Combined TRACON& Tower with Radar,164,30,41,19,254,0,2,44,1,47,164,32,85,20,301,4,4,8,309
08/22/2023,CHS,SC,ASO,ES,Combined TRACON& Tower with Radar,155,28,57,29,269,0,6,38,4,48,155,34,95,33,317,4,26,30,347
08/23/2023,CHS,SC,ASO,ES,Combined TRACON& Tower with Radar,160,36,60,25,281,0,4,47,3,54,160,40,107,28,335,0,0,0,335
08/24/2023,CHS,SC,ASO,ES,Combined TRACON& Tower with Radar,163,37,63,20,283,0,2,88,0,90,163,39,151,20,373,26,6,32,405
08/25/2023,CHS,SC,ASO,ES,Combined TRACON& Tower with Radar,179,40,65,24,308,0,3,58,4,65,179,43,123,28,373,0,0,0,373
08/26/2023,CHS,SC,ASO,ES,Combined TRACON& Tower with Radar,174,31,49,14,268,0,3,45,0,48,174,34,94,14,316,28,16,44,360
08/27/2023,CHS,SC,ASO,ES,Combined TRACON& Tower with Radar,166,21,66,4,257,0,0,25,1,26,166,21,91,5,283,4,0,4,287
08/28/2023,CHS,SC,ASO,ES,Combined TRACON& Tower with Radar,172,48,45,16,281,0,2,41,0,43,172,50,86,16,324,14,8,22,346
08/29/2023,CHS,SC,ASO,ES,Combined TRACON& Tower with Radar,140,26,67,25,258,0,2,31,0,33,140,28,98,25,291,4,0,4,295
08/30/2023,CHS,SC,ASO,ES,Combined TRACON& Tower with Radar,91,20,15,3,129,0,2,1,0,3,91,22,16,3,132,0,0,0,132
08/31/2023,CHS,SC,ASO,ES,Combined TRACON& Tower with Radar,149,43,50,8,250,0,2,17,0,19,149,45,67,8,269,22,4,26,295
