01/01/2020,CIC,CA,AWP,WE,Federal Contract Tower,0,0,4,0,4,0,6,43,0,49,0,6,47,0,53,23,0,23,76
01/02/2020,CIC,CA,AWP,WE,Federal Contract Tower,0,8,3,0,11,0,9,33,0,42,0,17,36,0,53,60,0,60,113
01/03/2020,CIC,CA,AWP,WE,Federal Contract Tower,0,10,2,0,12,0,15,58,0,73,0,25,60,0,85,62,0,62,147
01/04/2020,CIC,CA,AWP,WE,Federal Contract Tower,0,3,5,0,8,0,12,33,0,45,0,15,38,0,53,0,0,0,53
01/05/2020,CIC,CA,AWP,WE,Federal Contract Tower,0,5,4,4,13,0,12,44,0,56,0,17,48,4,69,6,0,6,75
01/06/2020,CIC,CA,AWP,WE,Federal Contract Tower,0,5,0,1,6,0,12,54,0,66,0,17,54,1,72,84,8,92,164
01/07/2020,CIC,CA,AWP,WE,Federal Contract Tower,0,17,13,0,30,0,6,24,0,30,0,23,37,0,60,28,0,28,88
01/08/2020,CIC,CA,AWP,WE,Federal Contract Tower,0,10,7,0,17,0,8,0,0,8,0,18,7,0,25,0,0,0,25
01/09/2020,CIC,CA,AWP,WE,Federal Contract Tower,0,10,10,6,26,0,3,40,0,43,0,13,50,6,69,0,0,0,69
01/10/2020,CIC,CA,AWP,WE,Federal Contract Tower,0,6,3,0,9,0,20,63,0,83,0,26,66,0,92,38,0,38,130
01/11/2020,CIC,CA,AWP,WE,Federal Contract Tower,0,3,8,0,11,0,4,31,0,35,0,7,39,0,46,28,0,28,74
01/12/2020,CIC,CA,AWP,WE,Federal Contract Tower,0,0,7,0,7,0,4,15,0,19,0,4,22,0,26,0,0,0,26
01/13/2020,CIC,CA,AWP,WE,Federal Contract Tower,0,5,3,0,8,0,11,22,0,33,0,16,25,0,41,44,0,44,85
01/14/2020,CIC,CA,AWP,WE,Federal Contract Tower,0,11,3,1,15,0,8,42,0,50,0,19,45,1,65,62,10,72,137
01/15/2020,CIC,CA,AWP,WE,Federal Contract Tower,0,12,2,0,14,0,28,50,0,78,0,40,52,0,92,8,0,8,100
01/16/2020,CIC,CA,AWP,WE,Federal Contract Tower,0,9,3,0,12,0,1,1,0,2,0,10,4,0,14,0,0,0,14
01/17/2020,CIC,CA,AWP,WE,Federal Contract Tower,0,4,8,0,12,0,8,12,0,20,0,12,20,0,32,14,0,14,46
01/18/2020,CIC,CA,AWP,WE,Federal Contract Tower,0,2,1,0,3,0,4,70,0,74,0,6,71,0,77,8,0,8,85
01/19/2020,CIC,CA,AWP,WE,Federal Contract Tower,0,3,5,0,8,0,1,28,0,29,0,4,33,0,37,0,0,0,37
01/20/2020,CIC,CA,AWP,WE,Federal Contract Tower,0,4,3,0,7,0,6,41,0,47,0,10,44,0,54,6,0,6,60
01/21/2020,CIC,CA,AWP,WE,Federal Contract Tower,0,10,9,0,19,0,0,1,0,1,0,10,10,0,20,0,0,0,20
01/22/2020,CIC,CA,AWP,WE,Federal Contract Tower,8,20,2,0,30,0,4,35,0,39,8,24,37,0,69,12,0,12,81
01/23/2020,CIC,CA,AWP,WE,Federal Contract Tower,0,6,6,0,12,0,5,55,0,60,0,11,61,0,72,20,0,20,92
01/24/2020,CIC,CA,AWP,WE,Federal Contract Tower,0,8,24,0,32,0,0,1,0,1,0,8,25,0,33,0,0,0,33
01/25/2020,CIC,CA,AWP,WE,Federal Contract Tower,0,1,9,0,10,0,5,8,0,13,0,6,17,0,23,4,0,4,27
01/26/2020,CIC,CA,AWP,WE,Federal Contract Tower,0,2,4,0,6,0,2,16,0,18,0,4,20,0,24,0,0,0,24
01/27/2020,CIC,CA,AWP,WE,Federal Contract Tower,0,6,6,1,13,0,11,49,0,60,0,17,55,1,73,14,0,14,87
01/28/2020,CIC,CA,AWP,WE,Federal Contract Tower,0,8,10,0,18,0,4,16,0,20,0,12,26,0,38,26,0,26,64
01/29/2020,CIC,CA,AWP,WE,Federal Contract Tower,0,6,5,0,11,0,11,51,2,64,0,17,56,2,75,0,0,0,75
01/30/2020,CIC,CA,AWP,WE,Federal Contract Tower,0,6,5,0,11,0,16,80,0,96,0,22,85,0,107,12,0,12,119
01/31/2020,CIC,CA,AWP,WE,Federal Contract Tower,0,4,8,4,16,0,2,83,0,85,0,6,91,4,101,20,0,20,121
02/01/2020,CIC,CA,AWP,WE,Federal Contract Tower,0,4,1,0,5,0,12,80,0,92,0,16,81,0,97,18,0,18,115
02/02/2020,CIC,CA,AWP,WE,Federal Contract Tower,0,0,1,0,1,0,7,6,0,13,0,7,7,0,14,0,0,0,14
02/03/2020,CIC,CA,AWP,WE,Federal Contract Tower,0,1,4,3,8,0,5,39,2,46,0,6,43,5,54,32,10,42,96
02/04/2020,CIC,CA,AWP,WE,Federal Contract Tower,0,6,3,0,9,0,10,71,0,81,0,16,74,0,90,14,0,14,104
02/05/2020,CIC,CA,AWP,WE,Federal Contract Tower,0,3,2,2,7,0,9,76,2,87,0,12,78,4,94,24,38,62,156
02/06/2020,CIC,CA,AWP,WE,Federal Contract Tower,0,5,3,0,8,0,20,71,4,95,0,25,74,4,103,20,36,56,159
02/07/2020,CIC,CA,AWP,WE,Federal Contract Tower,0,4,7,0,11,0,19,65,0,84,0,23,72,0,95,0,0,0,95
02/08/2020,CIC,CA,AWP,WE,Federal Contract Tower,0,0,0,0,0,0,7,61,0,68,0,7,61,0,68,0,0,0,68
02/09/2020,CIC,CA,AWP,WE,Federal Contract Tower,0,0,2,0,2,0,0,9,0,9,0,0,11,0,11,0,0,0,11
02/10/2020,CIC,CA,AWP,WE,Federal Contract Tower,0,4,4,0,8,0,5,46,0,51,0,9,50,0,59,0,8,8,67
02/11/2020,CIC,CA,AWP,WE,Federal Contract Tower,0,6,0,5,11,0,11,45,0,56,0,17,45,5,67,24,8,32,99
02/12/2020,CIC,CA,AWP,WE,Federal Contract Tower,0,11,2,4,17,0,10,91,0,101,0,21,93,4,118,2,0,2,120
02/13/2020,CIC,CA,AWP,WE,Federal Contract Tower,0,4,5,2,11,0,10,65,0,75,0,14,70,2,86,0,0,0,86
02/14/2020,CIC,CA,AWP,WE,Federal Contract Tower,0,4,7,0,11,0,8,62,0,70,0,12,69,0,81,16,0,16,97
02/15/2020,CIC,CA,AWP,WE,Federal Contract Tower,0,0,5,0,5,0,6,68,0,74,0,6,73,0,79,14,0,14,93
02/16/2020,CIC,CA,AWP,WE,Federal Contract Tower,0,0,1,0,1,0,4,25,0,29,0,4,26,0,30,0,0,0,30
02/17/2020,CIC,CA,AWP,WE,Federal Contract Tower,0,4,4,0,8,0,11,44,0,55,0,15,48,0,63,10,0,10,73
02/18/2020,CIC,CA,AWP,WE,Federal Contract Tower,0,2,0,1,3,0,9,60,2,71,0,11,60,3,74,58,12,70,144
02/19/2020,CIC,CA,AWP,WE,Federal Contract Tower,0,7,7,0,14,0,12,64,2,78,0,19,71,2,92,2,6,8,100
02/20/2020,CIC,CA,AWP,WE,Federal Contract Tower,0,6,0,0,6,0,17,73,2,92,0,23,73,2,98,0,0,0,98
02/21/2020,CIC,CA,AWP,WE,Federal Contract Tower,0,2,4,0,6,0,2,62,2,66,0,4,66,2,72,0,8,8,80
02/22/2020,CIC,CA,AWP,WE,Federal Contract Tower,0,2,0,0,2,0,10,93,0,103,0,12,93,0,105,22,0,22,127
02/23/2020,CIC,CA,AWP,WE,Federal Contract Tower,0,0,2,0,2,0,4,28,0,32,0,4,30,0,34,4,0,4,38
02/24/2020,CIC,CA,AWP,WE,Federal Contract Tower,0,7,2,0,9,0,4,46,4,54,0,11,48,4,63,26,0,26,89
02/25/2020,CIC,CA,AWP,WE,Federal Contract Tower,0,3,2,0,5,0,11,71,7,89,0,14,73,7,94,0,12,12,106
02/26/2020,CIC,CA,AWP,WE,Federal Contract Tower,0,2,5,2,9,0,20,69,3,92,0,22,74,5,101,8,4,12,113
02/27/2020,CIC,CA,AWP,WE,Federal Contract Tower,0,5,5,2,12,0,16,63,2,81,0,21,68,4,93,4,4,8,101
02/28/2020,CIC,CA,AWP,WE,Federal Contract Tower,0,3,1,0,4,0,4,74,0,78,0,7,75,0,82,18,0,18,100
02/29/2020,CIC,CA,AWP,WE,Federal Contract Tower,0,1,4,0,5,0,18,38,0,56,0,19,42,0,61,30,0,30,91
03/01/2020,CIC,CA,AWP,WE,Federal Contract Tower,0,0,2,0,2,0,6,14,0,20,0,6,16,0,22,0,0,0,22
03/02/2020,CIC,CA,AWP,WE,Federal Contract Tower,0,3,0,0,3,0,3,28,0,31,0,6,28,0,34,6,0,6,40
03/03/2020,CIC,CA,AWP,WE,Federal Contract Tower,0,8,1,0,9,0,12,45,2,59,0,20,46,2,68,4,8,12,80
03/04/2020,CIC,CA,AWP,WE,Federal Contract Tower,0,10,2,0,12,0,17,87,0,104,0,27,89,0,116,2,6,8,124
03/05/2020,CIC,CA,AWP,WE,Federal Contract Tower,0,4,2,2,8,0,9,48,0,57,0,13,50,2,65,0,0,0,65
03/06/2020,CIC,CA,AWP,WE,Federal Contract Tower,0,14,4,0,18,0,29,45,4,78,0,43,49,4,96,18,0,18,114
03/07/2020,CIC,CA,AWP,WE,Federal Contract Tower,0,4,8,0,12,0,18,3,0,21,0,22,11,0,33,0,0,0,33
03/08/2020,CIC,CA,AWP,WE,Federal Contract Tower,0,0,12,0,12,0,0,15,0,15,0,0,27,0,27,20,0,20,47
03/09/2020,CIC,CA,AWP,WE,Federal Contract Tower,0,13,5,0,18,0,17,37,2,56,0,30,42,2,74,20,8,28,102
03/10/2020,CIC,CA,AWP,WE,Federal Contract Tower,0,2,1,1,4,0,17,46,4,67,0,19,47,5,71,0,16,16,87
03/11/2020,CIC,CA,AWP,WE,Federal Contract Tower,0,9,6,1,16,0,15,67,1,83,0,24,73,2,99,18,16,34,133
03/12/2020,CIC,CA,AWP,WE,Federal Contract Tower,0,7,0,0,7,0,16,78,1,95,0,23,78,1,102,8,0,8,110
03/13/2020,CIC,CA,AWP,WE,Federal Contract Tower,0,8,5,0,13,0,10,48,0,58,0,18,53,0,71,2,0,2,73
03/14/2020,CIC,CA,AWP,WE,Federal Contract Tower,0,0,1,0,1,0,7,7,0,14,0,7,8,0,15,2,0,2,17
03/15/2020,CIC,CA,AWP,WE,Federal Contract Tower,0,0,3,0,3,0,0,15,0,15,0,0,18,0,18,0,0,0,18
03/16/2020,CIC,CA,AWP,WE,Federal Contract Tower,0,4,3,0,7,0,2,15,0,17,0,6,18,0,24,12,0,12,36
03/17/2020,CIC,CA,AWP,WE,Federal Contract Tower,0,8,2,0,10,0,0,0,0,0,0,8,2,0,10,0,0,0,10
03/18/2020,CIC,CA,AWP,WE,Federal Contract Tower,0,4,2,0,6,0,2,25,0,27,0,6,27,0,33,0,0,0,33
03/19/2020,CIC,CA,AWP,WE,Federal Contract Tower,0,2,4,0,6,0,5,74,0,79,0,7,78,0,85,47,0,47,132
03/20/2020,CIC,CA,AWP,WE,Federal Contract Tower,0,2,0,0,2,0,10,50,0,60,0,12,50,0,62,28,0,28,90
03/21/2020,CIC,CA,AWP,WE,Federal Contract Tower,0,0,2,0,2,0,2,46,0,48,0,2,48,0,50,8,0,8,58
03/22/2020,CIC,CA,AWP,WE,Federal Contract Tower,0,0,0,0,0,0,8,44,0,52,0,8,44,0,52,40,0,40,92
03/23/2020,CIC,CA,AWP,WE,Federal Contract Tower,0,2,4,0,6,0,3,7,13,23,0,5,11,13,29,0,0,0,29
03/24/2020,CIC,CA,AWP,WE,Federal Contract Tower,0,3,0,0,3,0,2,2,0,4,0,5,2,0,7,0,0,0,7
03/25/2020,CIC,CA,AWP,WE,Federal Contract Tower,0,2,0,0,2,0,4,21,3,28,0,6,21,3,30,8,0,8,38
03/26/2020,CIC,CA,AWP,WE,Federal Contract Tower,0,4,3,0,7,0,10,63,0,73,0,14,66,0,80,28,0,28,108
03/27/2020,CIC,CA,AWP,WE,Federal Contract Tower,0,2,1,0,3,0,8,35,0,43,0,10,36,0,46,14,0,14,60
03/28/2020,CIC,CA,AWP,WE,Federal Contract Tower,0,0,7,0,7,0,5,8,0,13,0,5,15,0,20,15,0,15,35
03/29/2020,CIC,CA,AWP,WE,Federal Contract Tower,0,0,5,0,5,0,9,15,0,24,0,9,20,0,29,16,0,16,45
03/30/2020,CIC,CA,AWP,WE,Federal Contract Tower,0,2,3,0,5,0,1,9,0,10,0,3,12,0,15,0,0,0,15
03/31/2020,CIC,CA,AWP,WE,Federal Contract Tower,0,2,4,0,6,0,3,27,4,34,0,5,31,4,40,0,0,0,40
04/01/2020,CIC,CA,AWP,WE,Federal Contract Tower,0,2,0,0,2,0,8,22,0,30,0,10,22,0,32,0,0,0,32
04/02/2020,CIC,CA,AWP,WE,Federal Contract Tower,0,2,4,0,6,0,7,32,0,39,0,9,36,0,45,0,0,0,45
04/03/2020,CIC,CA,AWP,WE,Federal Contract Tower,0,2,0,2,4,0,8,49,2,59,0,10,49,4,63,2,2,4,67
04/04/2020,CIC,CA,AWP,WE,Federal Contract Tower,0,0,0,0,0,0,6,0,0,6,0,6,0,0,6,0,0,0,6
04/05/2020,CIC,CA,AWP,WE,Federal Contract Tower,0,0,1,0,1,0,0,1,0,1,0,0,2,0,2,6,0,6,8
04/06/2020,CIC,CA,AWP,WE,Federal Contract Tower,0,2,2,0,4,0,5,15,0,20,0,7,17,0,24,20,0,20,44
04/07/2020,CIC,CA,AWP,WE,Federal Contract Tower,0,2,1,0,3,0,11,36,0,47,0,13,37,0,50,16,0,16,66
04/08/2020,CIC,CA,AWP,WE,Federal Contract Tower,0,2,2,0,4,0,4,49,0,53,0,6,51,0,57,6,0,6,63
04/09/2020,CIC,CA,AWP,WE,Federal Contract Tower,0,7,12,0,19,0,2,31,0,33,0,9,43,0,52,0,0,0,52
04/10/2020,CIC,CA,AWP,WE,Federal Contract Tower,0,2,0,2,4,0,16,60,0,76,0,18,60,2,80,0,0,0,80
04/11/2020,CIC,CA,AWP,WE,Federal Contract Tower,0,0,4,0,4,0,2,61,0,63,0,2,65,0,67,14,0,14,81
04/12/2020,CIC,CA,AWP,WE,Federal Contract Tower,0,0,1,0,1,0,0,34,0,34,0,0,35,0,35,0,0,0,35
04/13/2020,CIC,CA,AWP,WE,Federal Contract Tower,0,2,0,0,2,0,10,21,0,31,0,12,21,0,33,0,0,0,33
04/14/2020,CIC,CA,AWP,WE,Federal Contract Tower,0,8,3,0,11,0,4,33,0,37,0,12,36,0,48,24,0,24,72
04/15/2020,CIC,CA,AWP,WE,Federal Contract Tower,0,5,6,0,11,0,6,40,0,46,0,11,46,0,57,2,0,2,59
04/16/2020,CIC,CA,AWP,WE,Federal Contract Tower,0,2,2,0,4,0,10,40,0,50,0,12,42,0,54,8,0,8,62
04/17/2020,CIC,CA,AWP,WE,Federal Contract Tower,0,2,0,0,2,0,15,51,0,66,0,17,51,0,68,16,0,16,84
04/18/2020,CIC,CA,AWP,WE,Federal Contract Tower,0,0,6,0,6,0,4,48,0,52,0,4,54,0,58,1,0,1,59
04/19/2020,CIC,CA,AWP,WE,Federal Contract Tower,0,0,0,0,0,0,2,19,0,21,0,2,19,0,21,0,0,0,21
04/20/2020,CIC,CA,AWP,WE,Federal Contract Tower,0,4,2,12,18,0,12,46,0,58,0,16,48,12,76,4,0,4,80
04/21/2020,CIC,CA,AWP,WE,Federal Contract Tower,0,8,1,0,9,0,5,58,0,63,0,13,59,0,72,16,0,16,88
04/22/2020,CIC,CA,AWP,WE,Federal Contract Tower,0,1,3,0,4,0,12,38,0,50,0,13,41,0,54,18,0,18,72
04/23/2020,CIC,CA,AWP,WE,Federal Contract Tower,0,5,1,0,6,0,8,37,0,45,0,13,38,0,51,26,0,26,77
04/24/2020,CIC,CA,AWP,WE,Federal Contract Tower,0,2,1,0,3,0,12,42,0,54,0,14,43,0,57,4,0,4,61
04/25/2020,CIC,CA,AWP,WE,Federal Contract Tower,0,0,0,0,0,0,15,26,0,41,0,15,26,0,41,6,0,6,47
04/26/2020,CIC,CA,AWP,WE,Federal Contract Tower,0,0,0,0,0,0,0,37,0,37,0,0,37,0,37,8,0,8,45
04/27/2020,CIC,CA,AWP,WE,Federal Contract Tower,0,4,2,0,6,0,5,48,0,53,0,9,50,0,59,2,0,2,61
04/28/2020,CIC,CA,AWP,WE,Federal Contract Tower,0,3,1,0,4,0,11,40,0,51,0,14,41,0,55,10,4,14,69
04/29/2020,CIC,CA,AWP,WE,Federal Contract Tower,0,2,1,2,5,0,19,62,0,81,0,21,63,2,86,16,0,16,102
04/30/2020,CIC,CA,AWP,WE,Federal Contract Tower,0,4,0,0,4,0,13,60,0,73,0,17,60,0,77,2,0,2,79
05/01/2020,CIC,CA,AWP,WE,Federal Contract Tower,0,3,3,2,8,0,8,63,2,73,0,11,66,4,81,20,16,36,117
05/02/2020,CIC,CA,AWP,WE,Federal Contract Tower,0,0,5,0,5,0,14,31,0,45,0,14,36,0,50,8,0,8,58
05/03/2020,CIC,CA,AWP,WE,Federal Contract Tower,0,0,3,0,3,0,17,57,0,74,0,17,60,0,77,6,0,6,83
05/04/2020,CIC,CA,AWP,WE,Federal Contract Tower,0,5,3,0,8,0,11,80,0,91,0,16,83,0,99,8,0,8,107
05/05/2020,CIC,CA,AWP,WE,Federal Contract Tower,0,1,6,0,7,0,20,54,0,74,0,21,60,0,81,0,0,0,81
05/06/2020,CIC,CA,AWP,WE,Federal Contract Tower,0,4,0,0,4,0,13,30,0,43,0,17,30,0,47,12,0,12,59
05/07/2020,CIC,CA,AWP,WE,Federal Contract Tower,0,3,6,0,9,0,23,78,0,101,0,26,84,0,110,40,0,40,150
05/08/2020,CIC,CA,AWP,WE,Federal Contract Tower,0,1,7,0,8,0,20,35,0,55,0,21,42,0,63,0,8,8,71
05/09/2020,CIC,CA,AWP,WE,Federal Contract Tower,0,0,0,0,0,0,13,42,0,55,0,13,42,0,55,2,0,2,57
05/10/2020,CIC,CA,AWP,WE,Federal Contract Tower,0,0,0,0,0,0,17,30,0,47,0,17,30,0,47,0,0,0,47
05/11/2020,CIC,CA,AWP,WE,Federal Contract Tower,0,11,0,0,11,0,6,16,4,26,0,17,16,4,37,20,0,20,57
05/12/2020,CIC,CA,AWP,WE,Federal Contract Tower,0,3,8,0,11,0,10,13,0,23,0,13,21,0,34,2,0,2,36
05/13/2020,CIC,CA,AWP,WE,Federal Contract Tower,0,11,3,0,14,0,14,34,0,48,0,25,37,0,62,0,0,0,62
05/14/2020,CIC,CA,AWP,WE,Federal Contract Tower,0,6,2,0,8,0,31,42,0,73,0,37,44,0,81,92,0,92,173
05/15/2020,CIC,CA,AWP,WE,Federal Contract Tower,0,3,5,0,8,0,25,59,4,88,0,28,64,4,96,30,0,30,126
05/16/2020,CIC,CA,AWP,WE,Federal Contract Tower,0,1,4,0,5,0,28,64,0,92,0,29,68,0,97,16,0,16,113
05/17/2020,CIC,CA,AWP,WE,Federal Contract Tower,0,0,4,0,4,0,9,11,0,20,0,9,15,0,24,0,0,0,24
05/18/2020,CIC,CA,AWP,WE,Federal Contract Tower,0,2,0,0,2,0,9,2,0,11,0,11,2,0,13,16,0,16,29
05/19/2020,CIC,CA,AWP,WE,Federal Contract Tower,0,0,4,0,4,0,8,38,0,46,0,8,42,0,50,26,0,26,76
05/20/2020,CIC,CA,AWP,WE,Federal Contract Tower,0,9,5,0,14,0,7,61,0,68,0,16,66,0,82,70,0,70,152
05/21/2020,CIC,CA,AWP,WE,Federal Contract Tower,0,6,1,0,7,0,9,77,0,86,0,15,78,0,93,4,0,4,97
05/22/2020,CIC,CA,AWP,WE,Federal Contract Tower,0,2,1,0,3,0,9,22,0,31,0,11,23,0,34,20,6,26,60
05/23/2020,CIC,CA,AWP,WE,Federal Contract Tower,0,0,5,0,5,0,11,57,0,68,0,11,62,0,73,20,0,20,93
05/24/2020,CIC,CA,AWP,WE,Federal Contract Tower,0,0,7,0,7,0,13,74,0,87,0,13,81,0,94,6,0,6,100
05/25/2020,CIC,CA,AWP,WE,Federal Contract Tower,0,0,0,0,0,0,1,77,0,78,0,1,77,0,78,26,0,26,104
05/26/2020,CIC,CA,AWP,WE,Federal Contract Tower,0,1,2,0,3,0,15,73,2,90,0,16,75,2,93,12,0,12,105
05/27/2020,CIC,CA,AWP,WE,Federal Contract Tower,0,5,4,0,9,0,12,69,0,81,0,17,73,0,90,48,4,52,142
05/28/2020,CIC,CA,AWP,WE,Federal Contract Tower,0,4,3,2,9,0,14,70,0,84,0,18,73,2,93,4,0,4,97
05/29/2020,CIC,CA,AWP,WE,Federal Contract Tower,0,4,5,0,9,0,32,71,0,103,0,36,76,0,112,23,0,23,135
05/30/2020,CIC,CA,AWP,WE,Federal Contract Tower,0,4,0,0,4,0,12,11,0,23,0,16,11,0,27,0,0,0,27
05/31/2020,CIC,CA,AWP,WE,Federal Contract Tower,0,0,1,0,1,0,10,57,0,67,0,10,58,0,68,20,0,20,88
06/01/2020,CIC,CA,AWP,WE,Federal Contract Tower,0,5,0,0,5,0,10,46,0,56,0,15,46,0,61,28,0,28,89
06/02/2020,CIC,CA,AWP,WE,Federal Contract Tower,0,10,6,0,16,0,13,70,1,84,0,23,76,1,100,14,0,14,114
06/03/2020,CIC,CA,AWP,WE,Federal Contract Tower,0,8,4,0,12,0,22,64,0,86,0,30,68,0,98,96,0,96,194
06/04/2020,CIC,CA,AWP,WE,Federal Contract Tower,0,2,4,0,6,0,22,47,0,69,0,24,51,0,75,0,4,4,79
06/05/2020,CIC,CA,AWP,WE,Federal Contract Tower,0,8,4,0,12,0,12,61,1,74,0,20,65,1,86,0,2,2,88
06/06/2020,CIC,CA,AWP,WE,Federal Contract Tower,0,0,5,0,5,0,16,38,0,54,0,16,43,0,59,4,0,4,63
06/07/2020,CIC,CA,AWP,WE,Federal Contract Tower,0,0,0,0,0,0,0,0,0,0,0,0,0,0,0,22,0,22,22
06/08/2020,CIC,CA,AWP,WE,Federal Contract Tower,0,2,0,0,2,0,13,68,0,81,0,15,68,0,83,16,0,16,99
06/09/2020,CIC,CA,AWP,WE,Federal Contract Tower,0,6,5,0,11,0,7,39,0,46,0,13,44,0,57,16,0,16,73
06/10/2020,CIC,CA,AWP,WE,Federal Contract Tower,0,4,0,0,4,0,27,43,0,70,0,31,43,0,74,8,0,8,82
06/11/2020,CIC,CA,AWP,WE,Federal Contract Tower,0,11,2,0,13,0,19,58,0,77,0,30,60,0,90,28,0,28,118
06/12/2020,CIC,CA,AWP,WE,Federal Contract Tower,0,6,7,0,13,0,4,25,0,29,0,10,32,0,42,10,0,10,52
06/13/2020,CIC,CA,AWP,WE,Federal Contract Tower,0,0,5,0,5,0,14,45,0,59,0,14,50,0,64,4,0,4,68
06/14/2020,CIC,CA,AWP,WE,Federal Contract Tower,0,0,2,0,2,0,6,76,0,82,0,6,78,0,84,52,0,52,136
06/15/2020,CIC,CA,AWP,WE,Federal Contract Tower,0,5,2,1,8,0,11,70,1,82,0,16,72,2,90,36,6,42,132
06/16/2020,CIC,CA,AWP,WE,Federal Contract Tower,0,3,2,0,5,0,7,51,0,58,0,10,53,0,63,38,0,38,101
06/17/2020,CIC,CA,AWP,WE,Federal Contract Tower,0,4,1,0,5,0,28,30,0,58,0,32,31,0,63,8,0,8,71
06/18/2020,CIC,CA,AWP,WE,Federal Contract Tower,0,6,0,0,6,0,13,46,0,59,0,19,46,0,65,32,0,32,97
06/19/2020,CIC,CA,AWP,WE,Federal Contract Tower,0,7,0,0,7,0,5,78,0,83,0,12,78,0,90,14,0,14,104
06/20/2020,CIC,CA,AWP,WE,Federal Contract Tower,0,0,3,0,3,0,28,82,0,110,0,28,85,0,113,20,0,20,133
06/21/2020,CIC,CA,AWP,WE,Federal Contract Tower,0,0,0,0,0,0,10,29,0,39,0,10,29,0,39,0,0,0,39
06/22/2020,CIC,CA,AWP,WE,Federal Contract Tower,0,4,1,0,5,0,26,46,0,72,0,30,47,0,77,46,0,46,123
06/23/2020,CIC,CA,AWP,WE,Federal Contract Tower,0,11,4,0,15,0,11,50,0,61,0,22,54,0,76,4,0,4,80
06/24/2020,CIC,CA,AWP,WE,Federal Contract Tower,0,7,0,1,8,0,29,51,0,80,0,36,51,1,88,48,8,56,144
06/25/2020,CIC,CA,AWP,WE,Federal Contract Tower,0,4,2,1,7,0,16,51,3,70,0,20,53,4,77,22,16,38,115
06/26/2020,CIC,CA,AWP,WE,Federal Contract Tower,0,10,2,6,18,0,20,52,0,72,0,30,54,6,90,24,0,24,114
06/27/2020,CIC,CA,AWP,WE,Federal Contract Tower,0,0,5,0,5,0,6,56,0,62,0,6,61,0,67,26,0,26,93
06/28/2020,CIC,CA,AWP,WE,Federal Contract Tower,0,1,0,0,1,0,12,29,0,41,0,13,29,0,42,0,0,0,42
06/29/2020,CIC,CA,AWP,WE,Federal Contract Tower,0,9,0,0,9,0,13,38,0,51,0,22,38,0,60,20,0,20,80
06/30/2020,CIC,CA,AWP,WE,Federal Contract Tower,0,8,1,0,9,0,25,69,0,94,0,33,70,0,103,34,0,34,137
07/01/2020,CIC,CA,AWP,WE,Federal Contract Tower,0,6,1,2,9,0,14,49,1,64,0,20,50,3,73,26,8,34,107
07/02/2020,CIC,CA,AWP,WE,Federal Contract Tower,0,2,1,0,3,0,15,57,0,72,0,17,58,0,75,6,16,22,97
07/03/2020,CIC,CA,AWP,WE,Federal Contract Tower,0,3,2,0,5,0,32,54,0,86,0,35,56,0,91,23,0,23,114
07/04/2020,CIC,CA,AWP,WE,Federal Contract Tower,0,0,3,0,3,17,55,0,0,72,17,55,3,0,75,9,0,9,84
07/05/2020,CIC,CA,AWP,WE,Federal Contract Tower,0,0,1,0,1,0,4,34,0,38,0,4,35,0,39,0,0,0,39
07/06/2020,CIC,CA,AWP,WE,Federal Contract Tower,0,9,2,0,11,0,28,37,0,65,0,37,39,0,76,4,0,4,80
07/07/2020,CIC,CA,AWP,WE,Federal Contract Tower,0,6,4,0,10,0,15,47,2,64,0,21,51,2,74,16,24,40,114
07/08/2020,CIC,CA,AWP,WE,Federal Contract Tower,0,11,3,0,14,0,13,55,1,69,0,24,58,1,83,6,18,24,107
07/09/2020,CIC,CA,AWP,WE,Federal Contract Tower,0,2,3,0,5,0,21,56,0,77,0,23,59,0,82,10,4,14,96
07/10/2020,CIC,CA,AWP,WE,Federal Contract Tower,0,9,0,6,15,0,27,69,1,97,0,36,69,7,112,28,0,28,140
07/11/2020,CIC,CA,AWP,WE,Federal Contract Tower,0,1,4,0,5,0,38,59,0,97,0,39,63,0,102,24,0,24,126
07/12/2020,CIC,CA,AWP,WE,Federal Contract Tower,0,1,2,0,3,0,1,41,8,50,0,2,43,8,53,8,22,30,83
07/13/2020,CIC,CA,AWP,WE,Federal Contract Tower,0,10,3,0,13,0,26,50,0,76,0,36,53,0,89,36,0,36,125
07/14/2020,CIC,CA,AWP,WE,Federal Contract Tower,0,4,4,0,8,0,12,47,2,61,0,16,51,2,69,12,0,12,81
07/15/2020,CIC,CA,AWP,WE,Federal Contract Tower,0,2,4,4,10,0,0,19,52,71,0,2,23,56,81,14,14,28,109
07/16/2020,CIC,CA,AWP,WE,Federal Contract Tower,0,5,2,0,7,0,19,59,2,80,0,24,61,2,87,14,0,14,101
07/17/2020,CIC,CA,AWP,WE,Federal Contract Tower,0,9,4,0,13,0,14,62,0,76,0,23,66,0,89,22,0,22,111
07/18/2020,CIC,CA,AWP,WE,Federal Contract Tower,0,0,0,0,0,0,10,32,0,42,0,10,32,0,42,18,0,18,60
07/19/2020,CIC,CA,AWP,WE,Federal Contract Tower,0,0,2,0,2,0,38,42,0,80,0,38,44,0,82,0,0,0,82
07/20/2020,CIC,CA,AWP,WE,Federal Contract Tower,0,10,0,0,10,0,40,51,0,91,0,50,51,0,101,6,20,26,127
07/21/2020,CIC,CA,AWP,WE,Federal Contract Tower,0,2,1,0,3,0,30,54,0,84,0,32,55,0,87,2,0,2,89
07/22/2020,CIC,CA,AWP,WE,Federal Contract Tower,0,4,1,0,5,0,32,43,12,87,0,36,44,12,92,18,4,22,114
07/23/2020,CIC,CA,AWP,WE,Federal Contract Tower,0,4,4,0,8,0,16,53,0,69,0,20,57,0,77,4,0,4,81
07/24/2020,CIC,CA,AWP,WE,Federal Contract Tower,0,3,1,1,5,0,26,75,0,101,0,29,76,1,106,26,0,26,132
07/25/2020,CIC,CA,AWP,WE,Federal Contract Tower,0,0,2,0,2,0,16,54,0,70,0,16,56,0,72,16,0,16,88
07/26/2020,CIC,CA,AWP,WE,Federal Contract Tower,0,0,2,0,2,0,13,38,0,51,0,13,40,0,53,4,0,4,57
07/27/2020,CIC,CA,AWP,WE,Federal Contract Tower,0,5,2,0,7,0,22,40,0,62,0,27,42,0,69,4,0,4,73
07/28/2020,CIC,CA,AWP,WE,Federal Contract Tower,0,5,2,2,9,0,24,45,0,69,0,29,47,2,78,14,0,14,92
07/29/2020,CIC,CA,AWP,WE,Federal Contract Tower,0,4,10,2,16,0,25,74,2,101,0,29,84,4,117,16,4,20,137
07/30/2020,CIC,CA,AWP,WE,Federal Contract Tower,0,8,2,0,10,0,11,74,0,85,0,19,76,0,95,0,0,0,95
07/31/2020,CIC,CA,AWP,WE,Federal Contract Tower,0,4,1,0,5,0,23,65,0,88,0,27,66,0,93,20,0,20,113
08/01/2020,CIC,CA,AWP,WE,Federal Contract Tower,0,0,0,0,0,0,14,78,0,92,0,14,78,0,92,28,0,28,120
08/02/2020,CIC,CA,AWP,WE,Federal Contract Tower,0,1,5,0,6,0,19,41,0,60,0,20,46,0,66,18,0,18,84
08/03/2020,CIC,CA,AWP,WE,Federal Contract Tower,0,4,1,0,5,0,13,33,0,46,0,17,34,0,51,2,0,2,53
08/04/2020,CIC,CA,AWP,WE,Federal Contract Tower,0,4,3,0,7,0,22,36,0,58,0,26,39,0,65,64,2,66,131
08/05/2020,CIC,CA,AWP,WE,Federal Contract Tower,0,3,1,0,4,0,17,58,0,75,0,20,59,0,79,54,0,54,133
08/06/2020,CIC,CA,AWP,WE,Federal Contract Tower,0,6,3,0,9,0,31,68,0,99,0,37,71,0,108,26,0,26,134
08/07/2020,CIC,CA,AWP,WE,Federal Contract Tower,0,1,2,0,3,0,13,69,2,84,0,14,71,2,87,16,0,16,103
08/08/2020,CIC,CA,AWP,WE,Federal Contract Tower,0,0,5,0,5,0,22,73,0,95,0,22,78,0,100,18,0,18,118
08/09/2020,CIC,CA,AWP,WE,Federal Contract Tower,0,1,4,0,5,0,16,52,0,68,0,17,56,0,73,22,0,22,95
08/10/2020,CIC,CA,AWP,WE,Federal Contract Tower,0,4,3,0,7,0,16,60,0,76,0,20,63,0,83,24,0,24,107
08/11/2020,CIC,CA,AWP,WE,Federal Contract Tower,0,4,3,0,7,0,20,46,0,66,0,24,49,0,73,4,0,4,77
08/12/2020,CIC,CA,AWP,WE,Federal Contract Tower,0,2,4,0,6,0,22,64,0,86,0,24,68,0,92,44,0,44,136
08/13/2020,CIC,CA,AWP,WE,Federal Contract Tower,0,7,4,0,11,0,31,68,2,101,0,38,72,2,112,40,0,40,152
08/14/2020,CIC,CA,AWP,WE,Federal Contract Tower,0,5,0,0,5,0,24,49,2,75,0,29,49,2,80,0,6,6,86
08/15/2020,CIC,CA,AWP,WE,Federal Contract Tower,0,0,1,0,1,0,10,22,0,32,0,10,23,0,33,6,0,6,39
08/16/2020,CIC,CA,AWP,WE,Federal Contract Tower,0,0,0,0,0,0,89,29,0,118,0,89,29,0,118,2,0,2,120
08/17/2020,CIC,CA,AWP,WE,Federal Contract Tower,0,2,2,0,4,0,116,17,0,133,0,118,19,0,137,10,0,10,147
08/18/2020,CIC,CA,AWP,WE,Federal Contract Tower,0,11,7,0,18,0,73,46,5,124,0,84,53,5,142,0,0,0,142
08/19/2020,CIC,CA,AWP,WE,Federal Contract Tower,0,7,2,6,15,0,20,30,12,62,0,27,32,18,77,48,0,48,125
08/20/2020,CIC,CA,AWP,WE,Federal Contract Tower,0,10,7,6,23,0,73,20,10,103,0,83,27,16,126,0,0,0,126
08/21/2020,CIC,CA,AWP,WE,Federal Contract Tower,0,13,11,16,40,0,0,0,0,0,0,13,11,16,40,0,0,0,40
08/22/2020,CIC,CA,AWP,WE,Federal Contract Tower,0,8,14,13,35,0,7,1,0,8,0,15,15,13,43,0,0,0,43
08/23/2020,CIC,CA,AWP,WE,Federal Contract Tower,0,4,7,10,21,0,34,2,17,53,0,38,9,27,74,0,2,2,76
08/24/2020,CIC,CA,AWP,WE,Federal Contract Tower,0,5,7,5,17,0,31,23,12,66,0,36,30,17,83,2,0,2,85
08/25/2020,CIC,CA,AWP,WE,Federal Contract Tower,0,6,4,2,12,0,9,18,18,45,0,15,22,20,57,6,0,6,63
08/26/2020,CIC,CA,AWP,WE,Federal Contract Tower,0,22,10,2,34,0,27,20,9,56,0,49,30,11,90,0,0,0,90
08/27/2020,CIC,CA,AWP,WE,Federal Contract Tower,0,13,3,0,16,0,29,46,0,75,0,42,49,0,91,52,0,52,143
08/28/2020,CIC,CA,AWP,WE,Federal Contract Tower,0,6,3,0,9,0,23,58,0,81,0,29,61,0,90,4,0,4,94
08/29/2020,CIC,CA,AWP,WE,Federal Contract Tower,0,0,4,1,5,0,6,35,0,41,0,6,39,1,46,18,0,18,64
08/30/2020,CIC,CA,AWP,WE,Federal Contract Tower,0,0,3,0,3,0,13,31,0,44,0,13,34,0,47,6,0,6,53
08/31/2020,CIC,CA,AWP,WE,Federal Contract Tower,0,15,3,0,18,0,40,37,0,77,0,55,40,0,95,46,0,46,141
09/01/2020,CIC,CA,AWP,WE,Federal Contract Tower,0,10,8,0,18,0,50,54,6,110,0,60,62,6,128,8,0,8,136
09/02/2020,CIC,CA,AWP,WE,Federal Contract Tower,0,12,5,0,17,0,26,51,0,77,0,38,56,0,94,32,0,32,126
09/03/2020,CIC,CA,AWP,WE,Federal Contract Tower,0,13,1,0,14,0,21,38,0,59,0,34,39,0,73,48,0,48,121
09/04/2020,CIC,CA,AWP,WE,Federal Contract Tower,0,11,5,0,16,0,17,50,0,67,0,28,55,0,83,24,0,24,107
09/05/2020,CIC,CA,AWP,WE,Federal Contract Tower,0,4,5,0,9,0,28,28,0,56,0,32,33,0,65,4,0,4,69
09/06/2020,CIC,CA,AWP,WE,Federal Contract Tower,0,0,1,0,1,0,22,25,0,47,0,22,26,0,48,18,0,18,66
09/07/2020,CIC,CA,AWP,WE,Federal Contract Tower,0,1,3,0,4,0,20,49,0,69,0,21,52,0,73,16,0,16,89
09/08/2020,CIC,CA,AWP,WE,Federal Contract Tower,0,7,2,0,9,0,19,14,0,33,0,26,16,0,42,28,0,28,70
09/09/2020,CIC,CA,AWP,WE,Federal Contract Tower,0,9,9,0,18,0,28,15,0,43,0,37,24,0,61,4,0,4,65
09/10/2020,CIC,CA,AWP,WE,Federal Contract Tower,0,7,10,0,17,0,0,0,0,0,0,7,10,0,17,0,0,0,17
09/11/2020,CIC,CA,AWP,WE,Federal Contract Tower,0,5,6,0,11,0,0,0,0,0,0,5,6,0,11,0,0,0,11
09/12/2020,CIC,CA,AWP,WE,Federal Contract Tower,0,1,2,0,3,0,0,2,0,2,0,1,4,0,5,6,0,6,11
09/13/2020,CIC,CA,AWP,WE,Federal Contract Tower,0,2,4,0,6,0,0,0,0,0,0,2,4,0,6,0,0,0,6
09/14/2020,CIC,CA,AWP,WE,Federal Contract Tower,0,25,11,7,43,0,6,0,8,14,0,31,11,15,57,4,0,4,61
09/15/2020,CIC,CA,AWP,WE,Federal Contract Tower,0,21,7,0,28,0,59,18,6,83,0,80,25,6,111,0,0,0,111
09/16/2020,CIC,CA,AWP,WE,Federal Contract Tower,0,29,9,0,38,0,29,19,9,57,0,58,28,9,95,48,0,48,143
09/17/2020,CIC,CA,AWP,WE,Federal Contract Tower,0,7,8,1,16,0,32,23,0,55,0,39,31,1,71,18,10,28,99
09/18/2020,CIC,CA,AWP,WE,Federal Contract Tower,0,12,3,0,15,0,77,50,0,127,0,89,53,0,142,58,0,58,200
09/19/2020,CIC,CA,AWP,WE,Federal Contract Tower,0,0,5,0,5,0,47,59,10,116,0,47,64,10,121,46,0,46,167
09/20/2020,CIC,CA,AWP,WE,Federal Contract Tower,0,0,9,0,9,0,23,34,5,62,0,23,43,5,71,16,0,16,87
09/21/2020,CIC,CA,AWP,WE,Federal Contract Tower,0,22,10,0,32,0,15,12,16,43,0,37,22,16,75,8,0,8,83
09/22/2020,CIC,CA,AWP,WE,Federal Contract Tower,0,8,4,0,12,0,60,49,15,124,0,68,53,15,136,66,6,72,208
09/23/2020,CIC,CA,AWP,WE,Federal Contract Tower,0,8,5,2,15,0,37,45,25,107,0,45,50,27,122,32,16,48,170
09/24/2020,CIC,CA,AWP,WE,Federal Contract Tower,0,5,3,0,8,0,46,60,13,119,0,51,63,13,127,16,0,16,143
09/25/2020,CIC,CA,AWP,WE,Federal Contract Tower,0,6,3,0,9,0,22,62,7,91,0,28,65,7,100,82,8,90,190
09/26/2020,CIC,CA,AWP,WE,Federal Contract Tower,0,1,4,0,5,0,20,63,19,102,0,21,67,19,107,18,0,18,125
09/27/2020,CIC,CA,AWP,WE,Federal Contract Tower,0,0,2,0,2,0,42,24,8,74,0,42,26,8,76,0,0,0,76
09/28/2020,CIC,CA,AWP,WE,Federal Contract Tower,0,4,0,0,4,0,35,51,11,97,0,39,51,11,101,22,0,22,123
09/29/2020,CIC,CA,AWP,WE,Federal Contract Tower,0,11,6,0,17,0,16,30,3,49,0,27,36,3,66,90,0,90,156
09/30/2020,CIC,CA,AWP,WE,Federal Contract Tower,0,2,4,0,6,0,21,27,0,48,0,23,31,0,54,18,0,18,72
10/01/2020,CIC,CA,AWP,WE,Federal Contract Tower,0,4,10,0,14,2,10,13,0,25,2,14,23,0,39,12,0,12,51
10/02/2020,CIC,CA,AWP,WE,Federal Contract Tower,0,6,3,0,9,0,10,15,0,25,0,16,18,0,34,28,0,28,62
10/03/2020,CIC,CA,AWP,WE,Federal Contract Tower,0,0,6,0,6,0,3,24,0,27,0,3,30,0,33,8,0,8,41
10/04/2020,CIC,CA,AWP,WE,Federal Contract Tower,0,3,6,0,9,0,1,13,0,14,0,4,19,0,23,0,0,0,23
10/05/2020,CIC,CA,AWP,WE,Federal Contract Tower,0,10,1,0,11,0,16,51,0,67,0,26,52,0,78,32,0,32,110
10/06/2020,CIC,CA,AWP,WE,Federal Contract Tower,0,4,4,0,8,0,34,43,2,79,0,38,47,2,87,24,0,24,111
10/07/2020,CIC,CA,AWP,WE,Federal Contract Tower,0,10,1,0,11,0,46,54,0,100,0,56,55,0,111,34,0,34,145
10/08/2020,CIC,CA,AWP,WE,Federal Contract Tower,0,7,6,0,13,0,18,46,0,64,0,25,52,0,77,52,0,52,129
10/09/2020,CIC,CA,AWP,WE,Federal Contract Tower,0,4,2,0,6,0,9,75,0,84,0,13,77,0,90,30,0,30,120
10/10/2020,CIC,CA,AWP,WE,Federal Contract Tower,0,0,5,0,5,0,3,57,0,60,0,3,62,0,65,16,0,16,81
10/11/2020,CIC,CA,AWP,WE,Federal Contract Tower,0,0,3,0,3,0,9,87,0,96,0,9,90,0,99,8,0,8,107
10/12/2020,CIC,CA,AWP,WE,Federal Contract Tower,0,2,0,0,2,0,24,51,0,75,0,26,51,0,77,18,0,18,95
10/13/2020,CIC,CA,AWP,WE,Federal Contract Tower,0,5,4,0,9,0,25,41,0,66,0,30,45,0,75,16,0,16,91
10/14/2020,CIC,CA,AWP,WE,Federal Contract Tower,0,1,3,1,5,0,20,39,5,64,0,21,42,6,69,6,0,6,75
10/15/2020,CIC,CA,AWP,WE,Federal Contract Tower,0,2,4,0,6,0,12,38,0,50,0,14,42,0,56,2,0,2,58
10/16/2020,CIC,CA,AWP,WE,Federal Contract Tower,0,0,5,1,6,0,26,64,1,91,0,26,69,2,97,0,4,4,101
10/17/2020,CIC,CA,AWP,WE,Federal Contract Tower,0,2,2,0,4,0,11,73,0,84,0,13,75,0,88,42,0,42,130
10/18/2020,CIC,CA,AWP,WE,Federal Contract Tower,0,0,0,0,0,0,3,69,0,72,0,3,69,0,72,28,0,28,100
10/19/2020,CIC,CA,AWP,WE,Federal Contract Tower,0,4,3,0,7,0,6,68,0,74,0,10,71,0,81,20,0,20,101
10/20/2020,CIC,CA,AWP,WE,Federal Contract Tower,0,3,1,2,6,0,13,61,0,74,0,16,62,2,80,16,4,20,100
10/21/2020,CIC,CA,AWP,WE,Federal Contract Tower,0,6,0,0,6,0,10,46,0,56,0,16,46,0,62,32,0,32,94
10/22/2020,CIC,CA,AWP,WE,Federal Contract Tower,0,1,0,0,1,0,18,36,2,56,0,19,36,2,57,4,0,4,61
10/23/2020,CIC,CA,AWP,WE,Federal Contract Tower,0,3,7,0,10,1,13,56,0,70,1,16,63,0,80,18,0,18,98
10/24/2020,CIC,CA,AWP,WE,Federal Contract Tower,0,0,5,0,5,0,12,58,0,70,0,12,63,0,75,16,0,16,91
10/25/2020,CIC,CA,AWP,WE,Federal Contract Tower,0,0,3,0,3,0,14,15,0,29,0,14,18,0,32,24,0,24,56
10/26/2020,CIC,CA,AWP,WE,Federal Contract Tower,0,2,5,0,7,0,6,35,0,41,0,8,40,0,48,20,0,20,68
10/27/2020,CIC,CA,AWP,WE,Federal Contract Tower,0,3,4,3,10,0,14,60,1,75,0,17,64,4,85,4,10,14,99
10/28/2020,CIC,CA,AWP,WE,Federal Contract Tower,0,3,3,0,6,0,12,70,0,82,0,15,73,0,88,42,0,42,130
10/29/2020,CIC,CA,AWP,WE,Federal Contract Tower,0,4,6,0,10,0,9,60,1,70,0,13,66,1,80,18,0,18,98
10/30/2020,CIC,CA,AWP,WE,Federal Contract Tower,0,2,1,0,3,0,17,57,0,74,0,19,58,0,77,70,0,70,147
10/31/2020,CIC,CA,AWP,WE,Federal Contract Tower,0,0,3,0,3,0,10,52,0,62,0,10,55,0,65,36,0,36,101
11/01/2020,CIC,CA,AWP,WE,Federal Contract Tower,0,0,6,0,6,0,23,62,8,93,0,23,68,8,99,4,0,4,103
11/02/2020,CIC,CA,AWP,WE,Federal Contract Tower,0,2,0,0,2,0,15,55,13,83,0,17,55,13,85,50,0,50,135
11/03/2020,CIC,CA,AWP,WE,Federal Contract Tower,0,2,0,0,2,0,5,48,8,61,0,7,48,8,63,16,0,16,79
11/04/2020,CIC,CA,AWP,WE,Federal Contract Tower,0,2,3,4,9,0,10,48,0,58,0,12,51,4,67,76,0,76,143
11/05/2020,CIC,CA,AWP,WE,Federal Contract Tower,0,1,1,4,6,0,2,72,0,74,0,3,73,4,80,64,0,64,144
11/06/2020,CIC,CA,AWP,WE,Federal Contract Tower,0,2,5,0,7,0,13,41,0,54,0,15,46,0,61,80,0,80,141
11/07/2020,CIC,CA,AWP,WE,Federal Contract Tower,0,0,3,0,3,0,20,49,0,69,0,20,52,0,72,12,2,14,86
11/08/2020,CIC,CA,AWP,WE,Federal Contract Tower,0,0,2,0,2,0,24,24,1,49,0,24,26,1,51,10,0,10,61
11/09/2020,CIC,CA,AWP,WE,Federal Contract Tower,0,4,1,1,6,0,21,54,1,76,0,25,55,2,82,52,6,58,140
11/10/2020,CIC,CA,AWP,WE,Federal Contract Tower,0,2,4,0,6,0,7,45,2,54,0,9,49,2,60,18,0,18,78
11/11/2020,CIC,CA,AWP,WE,Federal Contract Tower,0,4,0,0,4,0,17,65,0,82,0,21,65,0,86,48,0,48,134
11/12/2020,CIC,CA,AWP,WE,Federal Contract Tower,0,5,2,0,7,0,10,84,4,98,0,15,86,4,105,26,12,38,143
11/13/2020,CIC,CA,AWP,WE,Federal Contract Tower,0,5,6,0,11,0,0,2,0,2,0,5,8,0,13,0,0,0,13
11/14/2020,CIC,CA,AWP,WE,Federal Contract Tower,0,1,0,0,1,0,11,58,0,69,0,12,58,0,70,16,0,16,86
11/15/2020,CIC,CA,AWP,WE,Federal Contract Tower,0,0,3,0,3,0,5,62,0,67,0,5,65,0,70,18,0,18,88
11/16/2020,CIC,CA,AWP,WE,Federal Contract Tower,0,7,4,0,11,0,33,66,0,99,0,40,70,0,110,116,0,116,226
11/17/2020,CIC,CA,AWP,WE,Federal Contract Tower,0,7,14,0,21,0,3,8,0,11,0,10,22,0,32,0,0,0,32
11/18/2020,CIC,CA,AWP,WE,Federal Contract Tower,0,2,7,0,9,0,3,5,0,8,0,5,12,0,17,2,0,2,19
11/19/2020,CIC,CA,AWP,WE,Federal Contract Tower,0,0,4,0,4,0,10,51,2,63,0,10,55,2,67,50,6,56,123
11/20/2020,CIC,CA,AWP,WE,Federal Contract Tower,0,1,2,0,3,0,26,69,3,98,0,27,71,3,101,50,8,58,159
11/21/2020,CIC,CA,AWP,WE,Federal Contract Tower,0,0,2,0,2,4,13,49,0,66,4,13,51,0,68,42,0,42,110
11/22/2020,CIC,CA,AWP,WE,Federal Contract Tower,0,0,1,0,1,0,20,51,0,71,0,20,52,0,72,24,0,24,96
11/23/2020,CIC,CA,AWP,WE,Federal Contract Tower,0,2,10,0,12,0,5,70,0,75,0,7,80,0,87,38,0,38,125
11/24/2020,CIC,CA,AWP,WE,Federal Contract Tower,0,1,7,0,8,0,14,57,0,71,0,15,64,0,79,26,0,26,105
11/25/2020,CIC,CA,AWP,WE,Federal Contract Tower,0,2,3,0,5,0,12,75,0,87,0,14,78,0,92,34,0,34,126
11/26/2020,CIC,CA,AWP,WE,Federal Contract Tower,0,0,0,0,0,0,5,13,0,18,0,5,13,0,18,0,0,0,18
11/27/2020,CIC,CA,AWP,WE,Federal Contract Tower,0,3,0,0,3,0,5,39,0,44,0,8,39,0,47,0,0,0,47
11/28/2020,CIC,CA,AWP,WE,Federal Contract Tower,0,0,1,0,1,0,8,74,0,82,0,8,75,0,83,2,0,2,85
11/29/2020,CIC,CA,AWP,WE,Federal Contract Tower,0,0,0,0,0,0,3,30,0,33,0,3,30,0,33,10,10,20,53
11/30/2020,CIC,CA,AWP,WE,Federal Contract Tower,0,2,1,2,5,0,19,58,0,77,0,21,59,2,82,44,6,50,132
12/01/2020,CIC,CA,AWP,WE,Federal Contract Tower,0,2,0,1,3,0,12,39,16,67,0,14,39,17,70,30,10,40,110
12/02/2020,CIC,CA,AWP,WE,Federal Contract Tower,0,3,1,0,4,0,11,44,0,55,0,14,45,0,59,24,0,24,83
12/03/2020,CIC,CA,AWP,WE,Federal Contract Tower,0,2,1,5,8,0,11,54,7,72,0,13,55,12,80,42,8,50,130
12/04/2020,CIC,CA,AWP,WE,Federal Contract Tower,0,2,2,0,4,0,1,76,0,77,0,3,78,0,81,28,0,28,109
12/05/2020,CIC,CA,AWP,WE,Federal Contract Tower,0,0,4,0,4,0,20,65,0,85,0,20,69,0,89,46,0,46,135
12/06/2020,CIC,CA,AWP,WE,Federal Contract Tower,0,0,1,0,1,0,4,44,0,48,0,4,45,0,49,0,0,0,49
12/07/2020,CIC,CA,AWP,WE,Federal Contract Tower,0,2,4,0,6,0,10,39,2,51,0,12,43,2,57,4,2,6,63
12/08/2020,CIC,CA,AWP,WE,Federal Contract Tower,0,2,2,0,4,0,16,58,0,74,0,18,60,0,78,64,0,64,142
12/09/2020,CIC,CA,AWP,WE,Federal Contract Tower,0,1,4,0,5,0,8,45,0,53,0,9,49,0,58,48,0,48,106
12/10/2020,CIC,CA,AWP,WE,Federal Contract Tower,0,2,8,0,10,0,10,59,0,69,0,12,67,0,79,30,0,30,109
12/11/2020,CIC,CA,AWP,WE,Federal Contract Tower,0,4,10,0,14,0,9,36,0,45,0,13,46,0,59,6,0,6,65
12/12/2020,CIC,CA,AWP,WE,Federal Contract Tower,0,0,2,0,2,0,18,29,8,55,0,18,31,8,57,24,0,24,81
12/13/2020,CIC,CA,AWP,WE,Federal Contract Tower,0,0,14,0,14,0,2,2,0,4,0,2,16,0,18,38,0,38,56
12/14/2020,CIC,CA,AWP,WE,Federal Contract Tower,0,2,3,2,7,0,15,29,0,44,0,17,32,2,51,52,0,52,103
12/15/2020,CIC,CA,AWP,WE,Federal Contract Tower,0,2,3,0,5,0,13,42,0,55,0,15,45,0,60,70,0,70,130
12/16/2020,CIC,CA,AWP,WE,Federal Contract Tower,0,4,3,0,7,0,6,29,0,35,0,10,32,0,42,24,0,24,66
12/17/2020,CIC,CA,AWP,WE,Federal Contract Tower,0,2,6,0,8,0,3,13,0,16,0,5,19,0,24,0,0,0,24
12/18/2020,CIC,CA,AWP,WE,Federal Contract Tower,0,2,2,0,4,0,12,49,0,61,0,14,51,0,65,54,0,54,119
12/19/2020,CIC,CA,AWP,WE,Federal Contract Tower,0,0,2,0,2,0,2,60,0,62,0,2,62,0,64,52,0,52,116
12/20/2020,CIC,CA,AWP,WE,Federal Contract Tower,0,0,1,0,1,0,5,66,0,71,0,5,67,0,72,48,0,48,120
12/21/2020,CIC,CA,AWP,WE,Federal Contract Tower,0,2,3,0,5,0,12,34,0,46,0,14,37,0,51,64,0,64,115
12/22/2020,CIC,CA,AWP,WE,Federal Contract Tower,0,2,13,0,15,0,22,42,0,64,0,24,55,0,79,20,0,20,99
12/23/2020,CIC,CA,AWP,WE,Federal Contract Tower,0,2,5,0,7,0,6,80,0,86,0,8,85,0,93,26,0,26,119
12/24/2020,CIC,CA,AWP,WE,Federal Contract Tower,0,2,0,0,2,0,9,37,0,46,0,11,37,0,48,18,0,18,66
12/25/2020,CIC,CA,AWP,WE,Federal Contract Tower,0,0,1,0,1,0,0,2,0,2,0,0,3,0,3,0,0,0,3
12/26/2020,CIC,CA,AWP,WE,Federal Contract Tower,0,0,4,0,4,0,10,17,0,27,0,10,21,0,31,8,0,8,39
12/27/2020,CIC,CA,AWP,WE,Federal Contract Tower,0,0,2,4,6,0,13,39,0,52,0,13,41,4,58,30,0,30,88
12/28/2020,CIC,CA,AWP,WE,Federal Contract Tower,0,2,3,0,5,0,19,14,0,33,0,21,17,0,38,24,0,24,62
12/29/2020,CIC,CA,AWP,WE,Federal Contract Tower,0,2,3,0,5,0,17,86,0,103,0,19,89,0,108,14,0,14,122
12/30/2020,CIC,CA,AWP,WE,Federal Contract Tower,0,2,2,0,4,0,13,57,0,70,0,15,59,0,74,50,0,50,124
12/31/2020,CIC,CA,AWP,WE,Federal Contract Tower,0,3,10,0,13,0,8,42,0,50,0,11,52,0,63,58,0,58,121
01/01/2021,CIC,CA,AWP,WE,Federal Contract Tower,0,0,2,0,2,0,6,30,0,36,0,6,32,0,38,38,0,38,76
01/02/2021,CIC,CA,AWP,WE,Federal Contract Tower,0,1,3,0,4,0,4,0,0,4,0,5,3,0,8,0,0,0,8
01/03/2021,CIC,CA,AWP,WE,Federal Contract Tower,0,0,1,0,1,0,4,10,0,14,0,4,11,0,15,20,0,20,35
01/04/2021,CIC,CA,AWP,WE,Federal Contract Tower,0,5,0,0,5,4,0,0,0,4,4,5,0,0,9,0,0,0,9
01/05/2021,CIC,CA,AWP,WE,Federal Contract Tower,0,2,3,0,5,0,19,47,0,66,0,21,50,0,71,6,0,6,77
01/06/2021,CIC,CA,AWP,WE,Federal Contract Tower,0,2,1,0,3,0,4,17,0,21,0,6,18,0,24,10,0,10,34
01/07/2021,CIC,CA,AWP,WE,Federal Contract Tower,0,3,3,0,6,0,9,26,0,35,0,12,29,0,41,6,0,6,47
01/08/2021,CIC,CA,AWP,WE,Federal Contract Tower,0,2,3,0,5,0,4,23,0,27,0,6,26,0,32,40,0,40,72
01/09/2021,CIC,CA,AWP,WE,Federal Contract Tower,0,0,0,0,0,0,2,43,0,45,0,2,43,0,45,20,0,20,65
01/11/2021,CIC,CA,AWP,WE,Federal Contract Tower,0,2,4,0,6,0,13,32,2,47,0,15,36,2,53,4,0,4,57
01/12/2021,CIC,CA,AWP,WE,Federal Contract Tower,0,3,2,0,5,0,11,17,0,28,0,14,19,0,33,50,0,50,83
01/13/2021,CIC,CA,AWP,WE,Federal Contract Tower,0,4,5,0,9,0,10,24,0,34,0,14,29,0,43,42,0,42,85
01/14/2021,CIC,CA,AWP,WE,Federal Contract Tower,0,2,3,0,5,0,8,29,2,39,0,10,32,2,44,96,0,96,140
01/15/2021,CIC,CA,AWP,WE,Federal Contract Tower,0,4,2,2,8,0,4,38,0,42,0,8,40,2,50,40,0,40,90
01/16/2021,CIC,CA,AWP,WE,Federal Contract Tower,0,0,0,0,0,0,6,57,0,63,0,6,57,0,63,44,0,44,107
01/17/2021,CIC,CA,AWP,WE,Federal Contract Tower,0,0,0,0,0,0,12,75,0,87,0,12,75,0,87,31,0,31,118
01/18/2021,CIC,CA,AWP,WE,Federal Contract Tower,0,3,1,0,4,0,29,23,0,52,0,32,24,0,56,0,0,0,56
01/19/2021,CIC,CA,AWP,WE,Federal Contract Tower,0,2,1,0,3,0,13,23,0,36,0,15,24,0,39,2,0,2,41
01/20/2021,CIC,CA,AWP,WE,Federal Contract Tower,0,2,5,0,7,0,9,47,0,56,0,11,52,0,63,14,0,14,77
01/21/2021,CIC,CA,AWP,WE,Federal Contract Tower,0,2,0,0,2,0,9,51,0,60,0,11,51,0,62,34,0,34,96
01/22/2021,CIC,CA,AWP,WE,Federal Contract Tower,0,3,5,4,12,0,1,9,0,10,0,4,14,4,22,0,0,0,22
01/23/2021,CIC,CA,AWP,WE,Federal Contract Tower,0,0,4,0,4,0,14,36,0,50,0,14,40,0,54,44,0,44,98
01/24/2021,CIC,CA,AWP,WE,Federal Contract Tower,0,0,0,0,0,0,1,14,0,15,0,1,14,0,15,0,0,0,15
01/25/2021,CIC,CA,AWP,WE,Federal Contract Tower,0,2,0,0,2,0,3,40,1,44,0,5,40,1,46,46,0,46,92
01/26/2021,CIC,CA,AWP,WE,Federal Contract Tower,0,5,1,0,6,0,6,36,0,42,0,11,37,0,48,24,0,24,72
01/27/2021,CIC,CA,AWP,WE,Federal Contract Tower,0,4,0,0,4,0,10,0,0,10,0,14,0,0,14,0,0,0,14
01/28/2021,CIC,CA,AWP,WE,Federal Contract Tower,0,4,0,0,4,0,2,1,0,3,0,6,1,0,7,8,0,8,15
01/29/2021,CIC,CA,AWP,WE,Federal Contract Tower,0,4,5,0,9,0,2,8,0,10,0,6,13,0,19,0,0,0,19
01/30/2021,CIC,CA,AWP,WE,Federal Contract Tower,0,0,2,0,2,0,1,41,0,42,0,1,43,0,44,20,0,20,64
01/31/2021,CIC,CA,AWP,WE,Federal Contract Tower,0,1,0,0,1,0,4,27,0,31,0,5,27,0,32,6,0,6,38
02/01/2021,CIC,CA,AWP,WE,Federal Contract Tower,0,2,1,0,3,0,9,15,0,24,0,11,16,0,27,2,0,2,29
02/02/2021,CIC,CA,AWP,WE,Federal Contract Tower,0,2,10,0,12,0,1,6,0,7,0,3,16,0,19,0,0,0,19
02/03/2021,CIC,CA,AWP,WE,Federal Contract Tower,0,2,4,0,6,0,7,27,0,34,0,9,31,0,40,4,0,4,44
02/04/2021,CIC,CA,AWP,WE,Federal Contract Tower,0,2,5,1,8,0,2,45,0,47,0,4,50,1,55,40,12,52,107
02/05/2021,CIC,CA,AWP,WE,Federal Contract Tower,0,2,4,0,6,0,5,66,0,71,0,7,70,0,77,30,0,30,107
02/06/2021,CIC,CA,AWP,WE,Federal Contract Tower,0,0,3,0,3,0,5,84,0,89,0,5,87,0,92,54,0,54,146
02/07/2021,CIC,CA,AWP,WE,Federal Contract Tower,0,0,7,0,7,0,0,63,0,63,0,0,70,0,70,2,0,2,72
02/08/2021,CIC,CA,AWP,WE,Federal Contract Tower,0,4,1,0,5,0,9,50,0,59,0,13,51,0,64,14,0,14,78
02/09/2021,CIC,CA,AWP,WE,Federal Contract Tower,0,2,2,0,4,0,12,41,2,55,0,14,43,2,59,4,14,18,77
02/10/2021,CIC,CA,AWP,WE,Federal Contract Tower,0,2,5,0,7,0,5,73,0,78,0,7,78,0,85,14,0,14,99
02/11/2021,CIC,CA,AWP,WE,Federal Contract Tower,0,4,2,2,8,0,0,6,0,6,0,4,8,2,14,0,0,0,14
02/12/2021,CIC,CA,AWP,WE,Federal Contract Tower,0,2,3,1,6,0,2,38,0,40,0,4,41,1,46,4,0,4,50
02/13/2021,CIC,CA,AWP,WE,Federal Contract Tower,0,0,0,0,0,0,15,37,0,52,0,15,37,0,52,8,0,8,60
02/14/2021,CIC,CA,AWP,WE,Federal Contract Tower,0,0,1,0,1,0,6,16,0,22,0,6,17,0,23,0,0,0,23
02/15/2021,CIC,CA,AWP,WE,Federal Contract Tower,0,12,7,0,19,0,2,0,0,2,0,14,7,0,21,0,0,0,21
02/16/2021,CIC,CA,AWP,WE,Federal Contract Tower,0,2,1,0,3,0,6,42,1,49,0,8,43,1,52,18,14,32,84
02/17/2021,CIC,CA,AWP,WE,Federal Contract Tower,0,2,7,0,9,0,5,58,0,63,0,7,65,0,72,18,0,18,90
02/18/2021,CIC,CA,AWP,WE,Federal Contract Tower,0,2,3,2,7,0,7,29,2,38,0,9,32,4,45,40,18,58,103
02/19/2021,CIC,CA,AWP,WE,Federal Contract Tower,0,3,9,0,12,0,2,8,0,10,0,5,17,0,22,0,0,0,22
02/20/2021,CIC,CA,AWP,WE,Federal Contract Tower,0,0,4,0,4,0,8,43,0,51,0,8,47,0,55,30,0,30,85
02/21/2021,CIC,CA,AWP,WE,Federal Contract Tower,0,0,3,0,3,0,3,35,0,38,0,3,38,0,41,6,0,6,47
02/22/2021,CIC,CA,AWP,WE,Federal Contract Tower,0,4,0,0,4,0,19,50,0,69,0,23,50,0,73,26,0,26,99
02/23/2021,CIC,CA,AWP,WE,Federal Contract Tower,0,2,2,0,4,0,10,32,0,42,0,12,34,0,46,8,0,8,54
02/24/2021,CIC,CA,AWP,WE,Federal Contract Tower,0,2,2,0,4,0,8,12,1,21,0,10,14,1,25,18,0,18,43
02/25/2021,CIC,CA,AWP,WE,Federal Contract Tower,0,4,4,0,8,0,8,61,1,70,0,12,65,1,78,74,0,74,152
02/26/2021,CIC,CA,AWP,WE,Federal Contract Tower,0,2,1,0,3,0,13,48,0,61,0,15,49,0,64,40,0,40,104
02/27/2021,CIC,CA,AWP,WE,Federal Contract Tower,0,0,0,0,0,0,9,47,0,56,0,9,47,0,56,18,0,18,74
02/28/2021,CIC,CA,AWP,WE,Federal Contract Tower,0,0,2,2,4,0,6,54,0,60,0,6,56,2,64,32,0,32,96
03/01/2021,CIC,CA,AWP,WE,Federal Contract Tower,0,2,7,0,9,0,8,56,0,64,0,10,63,0,73,28,0,28,101
03/02/2021,CIC,CA,AWP,WE,Federal Contract Tower,0,2,5,0,7,0,11,49,2,62,0,13,54,2,69,36,8,44,113
03/03/2021,CIC,CA,AWP,WE,Federal Contract Tower,0,2,2,1,5,0,5,51,0,56,0,7,53,1,61,68,8,76,137
03/04/2021,CIC,CA,AWP,WE,Federal Contract Tower,0,2,8,0,10,0,9,38,0,47,0,11,46,0,57,18,0,18,75
03/05/2021,CIC,CA,AWP,WE,Federal Contract Tower,0,1,9,1,11,0,23,46,2,71,0,24,55,3,82,36,10,46,128
03/06/2021,CIC,CA,AWP,WE,Federal Contract Tower,0,0,3,0,3,0,8,46,0,54,0,8,49,0,57,12,0,12,69
03/07/2021,CIC,CA,AWP,WE,Federal Contract Tower,0,0,3,0,3,0,6,68,0,74,0,6,71,0,77,14,0,14,91
03/08/2021,CIC,CA,AWP,WE,Federal Contract Tower,0,6,0,2,8,0,20,17,0,37,0,26,17,2,45,68,16,84,129
03/09/2021,CIC,CA,AWP,WE,Federal Contract Tower,0,3,6,6,15,0,17,15,0,32,0,20,21,6,47,42,0,42,89
03/10/2021,CIC,CA,AWP,WE,Federal Contract Tower,0,3,5,0,8,0,8,11,0,19,0,11,16,0,27,20,0,20,47
03/11/2021,CIC,CA,AWP,WE,Federal Contract Tower,0,2,2,0,4,0,31,54,0,85,0,33,56,0,89,30,0,30,119
03/12/2021,CIC,CA,AWP,WE,Federal Contract Tower,0,3,2,2,7,0,37,83,0,120,0,40,85,2,127,36,0,36,163
03/13/2021,CIC,CA,AWP,WE,Federal Contract Tower,0,1,7,0,8,0,22,71,0,93,0,23,78,0,101,38,0,38,139
03/14/2021,CIC,CA,AWP,WE,Federal Contract Tower,0,0,1,0,1,0,23,13,0,36,0,23,14,0,37,22,0,22,59
03/15/2021,CIC,CA,AWP,WE,Federal Contract Tower,0,4,1,0,5,0,23,29,0,52,0,27,30,0,57,18,0,18,75
03/16/2021,CIC,CA,AWP,WE,Federal Contract Tower,0,4,2,1,7,0,24,54,1,79,0,28,56,2,86,56,0,56,142
03/17/2021,CIC,CA,AWP,WE,Federal Contract Tower,0,3,2,0,5,0,16,36,2,54,0,19,38,2,59,24,8,32,91
03/18/2021,CIC,CA,AWP,WE,Federal Contract Tower,0,3,7,0,10,0,1,1,0,2,0,4,8,0,12,0,0,0,12
03/19/2021,CIC,CA,AWP,WE,Federal Contract Tower,0,4,1,2,7,0,14,33,0,47,0,18,34,2,54,18,0,18,72
03/20/2021,CIC,CA,AWP,WE,Federal Contract Tower,0,0,2,0,2,0,9,59,0,68,0,9,61,0,70,34,0,34,104
03/21/2021,CIC,CA,AWP,WE,Federal Contract Tower,0,0,3,0,3,0,4,66,2,72,0,4,69,2,75,20,0,20,95
03/22/2021,CIC,CA,AWP,WE,Federal Contract Tower,0,2,0,0,2,0,10,46,0,56,0,12,46,0,58,34,0,34,92
03/23/2021,CIC,CA,AWP,WE,Federal Contract Tower,0,1,4,0,5,0,20,25,4,49,0,21,29,4,54,28,0,28,82
03/24/2021,CIC,CA,AWP,WE,Federal Contract Tower,0,2,2,0,4,0,5,46,2,53,0,7,48,2,57,64,0,64,121
03/25/2021,CIC,CA,AWP,WE,Federal Contract Tower,0,2,9,0,11,0,4,32,0,36,0,6,41,0,47,48,18,66,113
03/26/2021,CIC,CA,AWP,WE,Federal Contract Tower,0,3,6,6,15,0,10,67,2,79,0,13,73,8,94,6,0,6,100
03/27/2021,CIC,CA,AWP,WE,Federal Contract Tower,0,8,1,0,9,0,35,70,4,109,0,43,71,4,118,20,0,20,138
03/28/2021,CIC,CA,AWP,WE,Federal Contract Tower,0,0,1,0,1,0,36,73,0,109,0,36,74,0,110,12,0,12,122
03/29/2021,CIC,CA,AWP,WE,Federal Contract Tower,0,2,0,1,3,0,2,28,1,31,0,4,28,2,34,20,0,20,54
03/30/2021,CIC,CA,AWP,WE,Federal Contract Tower,0,4,1,0,5,0,3,16,0,19,0,7,17,0,24,0,0,0,24
03/31/2021,CIC,CA,AWP,WE,Federal Contract Tower,0,2,3,1,6,0,20,79,0,99,0,22,82,1,105,68,6,74,179
04/01/2021,CIC,CA,AWP,WE,Federal Contract Tower,0,2,0,0,2,0,3,36,0,39,0,5,36,0,41,56,0,56,97
04/02/2021,CIC,CA,AWP,WE,Federal Contract Tower,0,2,0,0,2,0,6,63,0,69,0,8,63,0,71,32,0,32,103
04/03/2021,CIC,CA,AWP,WE,Federal Contract Tower,0,4,2,0,6,0,11,54,0,65,0,15,56,0,71,14,0,14,85
04/04/2021,CIC,CA,AWP,WE,Federal Contract Tower,0,0,3,0,3,0,7,36,0,43,0,7,39,0,46,8,0,8,54
04/05/2021,CIC,CA,AWP,WE,Federal Contract Tower,0,2,0,0,2,0,8,54,0,62,0,10,54,0,64,48,0,48,112
04/06/2021,CIC,CA,AWP,WE,Federal Contract Tower,0,2,3,0,5,0,9,39,0,48,0,11,42,0,53,22,0,22,75
04/07/2021,CIC,CA,AWP,WE,Federal Contract Tower,0,2,2,2,6,0,16,46,2,64,0,18,48,4,70,14,8,22,92
04/08/2021,CIC,CA,AWP,WE,Federal Contract Tower,0,2,2,0,4,0,7,44,0,51,0,9,46,0,55,30,0,30,85
04/09/2021,CIC,CA,AWP,WE,Federal Contract Tower,0,2,6,0,8,0,21,67,8,96,0,23,73,8,104,12,0,12,116
04/10/2021,CIC,CA,AWP,WE,Federal Contract Tower,0,0,1,0,1,0,6,42,5,53,0,6,43,5,54,10,0,10,64
04/11/2021,CIC,CA,AWP,WE,Federal Contract Tower,0,1,5,0,6,0,1,35,0,36,0,2,40,0,42,4,0,4,46
04/12/2021,CIC,CA,AWP,WE,Federal Contract Tower,0,2,3,0,5,0,15,37,2,54,0,17,40,2,59,10,10,20,79
04/13/2021,CIC,CA,AWP,WE,Federal Contract Tower,0,2,2,0,4,0,4,33,0,37,0,6,35,0,41,6,0,6,47
04/14/2021,CIC,CA,AWP,WE,Federal Contract Tower,0,2,4,0,6,0,12,59,0,71,0,14,63,0,77,12,0,12,89
04/15/2021,CIC,CA,AWP,WE,Federal Contract Tower,0,4,1,0,5,0,3,90,0,93,0,7,91,0,98,10,0,10,108
04/16/2021,CIC,CA,AWP,WE,Federal Contract Tower,0,3,3,0,6,0,9,58,0,67,0,12,61,0,73,32,0,32,105
04/17/2021,CIC,CA,AWP,WE,Federal Contract Tower,0,0,4,0,4,0,19,49,0,68,0,19,53,0,72,20,0,20,92
04/18/2021,CIC,CA,AWP,WE,Federal Contract Tower,0,0,4,0,4,0,3,38,0,41,0,3,42,0,45,18,0,18,63
04/19/2021,CIC,CA,AWP,WE,Federal Contract Tower,0,2,1,0,3,0,8,45,0,53,0,10,46,0,56,16,0,16,72
04/20/2021,CIC,CA,AWP,WE,Federal Contract Tower,0,3,0,0,3,0,7,38,0,45,0,10,38,0,48,10,0,10,58
04/21/2021,CIC,CA,AWP,WE,Federal Contract Tower,0,2,1,0,3,0,22,48,0,70,0,24,49,0,73,76,0,76,149
04/22/2021,CIC,CA,AWP,WE,Federal Contract Tower,0,2,7,0,9,0,15,57,0,72,0,17,64,0,81,34,0,34,115
04/23/2021,CIC,CA,AWP,WE,Federal Contract Tower,0,4,1,0,5,0,18,63,0,81,0,22,64,0,86,22,0,22,108
04/24/2021,CIC,CA,AWP,WE,Federal Contract Tower,0,0,5,0,5,0,16,28,3,47,0,16,33,3,52,2,0,2,54
04/25/2021,CIC,CA,AWP,WE,Federal Contract Tower,0,0,2,3,5,0,4,1,0,5,0,4,3,3,10,0,0,0,10
04/26/2021,CIC,CA,AWP,WE,Federal Contract Tower,0,2,4,0,6,0,7,47,0,54,0,9,51,0,60,10,0,10,70
04/27/2021,CIC,CA,AWP,WE,Federal Contract Tower,0,2,0,0,2,0,10,43,0,53,0,12,43,0,55,8,0,8,63
04/28/2021,CIC,CA,AWP,WE,Federal Contract Tower,0,1,3,1,5,0,5,79,1,85,0,6,82,2,90,38,16,54,144
04/29/2021,CIC,CA,AWP,WE,Federal Contract Tower,0,2,3,0,5,0,12,78,0,90,0,14,81,0,95,22,0,22,117
04/30/2021,CIC,CA,AWP,WE,Federal Contract Tower,0,3,8,0,11,0,11,63,0,74,0,14,71,0,85,52,0,52,137
05/01/2021,CIC,CA,AWP,WE,Federal Contract Tower,0,0,0,0,0,0,18,61,0,79,0,18,61,0,79,32,0,32,111
05/02/2021,CIC,CA,AWP,WE,Federal Contract Tower,0,0,1,0,1,0,9,9,0,18,0,9,10,0,19,4,0,4,23
05/03/2021,CIC,CA,AWP,WE,Federal Contract Tower,0,2,2,2,6,0,8,34,0,42,0,10,36,2,48,6,12,18,66
05/04/2021,CIC,CA,AWP,WE,Federal Contract Tower,0,1,3,0,4,0,28,81,0,109,0,29,84,0,113,4,0,4,117
05/05/2021,CIC,CA,AWP,WE,Federal Contract Tower,0,2,5,0,7,0,5,66,0,71,0,7,71,0,78,0,0,0,78
05/06/2021,CIC,CA,AWP,WE,Federal Contract Tower,0,2,3,2,7,0,15,57,0,72,0,17,60,2,79,34,6,40,119
05/07/2021,CIC,CA,AWP,WE,Federal Contract Tower,0,2,6,0,8,0,22,62,0,84,0,24,68,0,92,24,0,24,116
05/08/2021,CIC,CA,AWP,WE,Federal Contract Tower,0,0,4,0,4,0,6,15,0,21,0,6,19,0,25,18,0,18,43
05/09/2021,CIC,CA,AWP,WE,Federal Contract Tower,0,0,2,0,2,0,0,16,2,18,0,0,18,2,20,0,0,0,20
05/10/2021,CIC,CA,AWP,WE,Federal Contract Tower,0,2,1,0,3,0,5,37,0,42,0,7,38,0,45,24,0,24,69
05/11/2021,CIC,CA,AWP,WE,Federal Contract Tower,0,2,1,0,3,0,20,41,0,61,0,22,42,0,64,32,0,32,96
05/13/2021,CIC,CA,AWP,WE,Federal Contract Tower,0,2,6,0,8,0,17,54,0,71,0,19,60,0,79,54,0,54,133
05/14/2021,CIC,CA,AWP,WE,Federal Contract Tower,0,4,3,0,7,0,7,71,0,78,0,11,74,0,85,42,0,42,127
05/15/2021,CIC,CA,AWP,WE,Federal Contract Tower,0,0,1,0,1,0,5,32,0,37,0,5,33,0,38,28,0,28,66
05/16/2021,CIC,CA,AWP,WE,Federal Contract Tower,0,1,6,0,7,0,4,49,0,53,0,5,55,0,60,0,0,0,60
05/17/2021,CIC,CA,AWP,WE,Federal Contract Tower,0,2,1,0,3,0,12,39,0,51,0,14,40,0,54,14,0,14,68
05/18/2021,CIC,CA,AWP,WE,Federal Contract Tower,0,2,2,0,4,0,6,56,0,62,0,8,58,0,66,28,0,28,94
05/19/2021,CIC,CA,AWP,WE,Federal Contract Tower,0,2,2,0,4,0,3,35,0,38,0,5,37,0,42,8,0,8,50
05/20/2021,CIC,CA,AWP,WE,Federal Contract Tower,0,2,3,0,5,0,12,39,0,51,0,14,42,0,56,0,0,0,56
05/21/2021,CIC,CA,AWP,WE,Federal Contract Tower,0,2,4,0,6,0,5,45,2,52,0,7,49,2,58,30,10,40,98
05/22/2021,CIC,CA,AWP,WE,Federal Contract Tower,0,2,3,0,5,0,3,59,0,62,0,5,62,0,67,36,0,36,103
05/23/2021,CIC,CA,AWP,WE,Federal Contract Tower,0,1,1,0,2,0,10,55,0,65,0,11,56,0,67,42,0,42,109
05/24/2021,CIC,CA,AWP,WE,Federal Contract Tower,0,2,1,0,3,0,5,47,0,52,0,7,48,0,55,28,0,28,83
05/25/2021,CIC,CA,AWP,WE,Federal Contract Tower,0,2,1,0,3,0,14,66,0,80,0,16,67,0,83,4,0,4,87
05/26/2021,CIC,CA,AWP,WE,Federal Contract Tower,0,2,3,0,5,0,3,67,1,71,0,5,70,1,76,20,0,20,96
05/27/2021,CIC,CA,AWP,WE,Federal Contract Tower,0,2,9,0,11,0,2,70,0,72,0,4,79,0,83,32,0,32,115
05/28/2021,CIC,CA,AWP,WE,Federal Contract Tower,0,3,5,0,8,0,6,79,0,85,0,9,84,0,93,28,0,28,121
05/29/2021,CIC,CA,AWP,WE,Federal Contract Tower,0,0,4,0,4,0,7,44,0,51,0,7,48,0,55,4,0,4,59
05/30/2021,CIC,CA,AWP,WE,Federal Contract Tower,0,0,2,0,2,0,10,34,0,44,0,10,36,0,46,0,0,0,46
05/31/2021,CIC,CA,AWP,WE,Federal Contract Tower,0,0,5,0,5,0,1,44,0,45,0,1,49,0,50,28,0,28,78
06/01/2021,CIC,CA,AWP,WE,Federal Contract Tower,0,2,3,0,5,0,17,56,1,74,0,19,59,1,79,30,0,30,109
06/02/2021,CIC,CA,AWP,WE,Federal Contract Tower,0,2,0,0,2,0,6,58,0,64,0,8,58,0,66,34,0,34,100
06/03/2021,CIC,CA,AWP,WE,Federal Contract Tower,0,2,1,0,3,0,9,49,0,58,0,11,50,0,61,54,0,54,115
06/04/2021,CIC,CA,AWP,WE,Federal Contract Tower,0,2,4,0,6,0,4,51,0,55,0,6,55,0,61,24,0,24,85
06/05/2021,CIC,CA,AWP,WE,Federal Contract Tower,0,0,1,0,1,0,1,48,0,49,0,1,49,0,50,50,0,50,100
06/06/2021,CIC,CA,AWP,WE,Federal Contract Tower,0,4,0,0,4,0,9,37,0,46,0,13,37,0,50,6,0,6,56
06/07/2021,CIC,CA,AWP,WE,Federal Contract Tower,0,2,1,1,4,0,7,40,0,47,0,9,41,1,51,44,4,48,99
06/08/2021,CIC,CA,AWP,WE,Federal Contract Tower,0,2,0,0,2,0,10,29,0,39,0,12,29,0,41,0,0,0,41
06/09/2021,CIC,CA,AWP,WE,Federal Contract Tower,0,3,2,0,5,0,8,36,1,45,0,11,38,1,50,34,0,34,84
06/10/2021,CIC,CA,AWP,WE,Federal Contract Tower,0,2,4,2,8,0,14,51,0,65,0,16,55,2,73,44,0,44,117
06/11/2021,CIC,CA,AWP,WE,Federal Contract Tower,0,1,2,0,3,0,20,51,0,71,0,21,53,0,74,8,0,8,82
06/12/2021,CIC,CA,AWP,WE,Federal Contract Tower,0,2,2,0,4,0,16,37,0,53,0,18,39,0,57,44,0,44,101
06/13/2021,CIC,CA,AWP,WE,Federal Contract Tower,0,2,0,0,2,0,2,39,0,41,0,4,39,0,43,28,4,32,75
06/14/2021,CIC,CA,AWP,WE,Federal Contract Tower,0,2,6,0,8,0,11,42,0,53,0,13,48,0,61,32,0,32,93
06/15/2021,CIC,CA,AWP,WE,Federal Contract Tower,0,2,3,0,5,0,11,70,4,85,0,13,73,4,90,32,16,48,138
06/16/2021,CIC,CA,AWP,WE,Federal Contract Tower,0,1,5,0,6,0,20,56,2,78,0,21,61,2,84,58,24,82,166
06/17/2021,CIC,CA,AWP,WE,Federal Contract Tower,0,5,5,1,11,0,32,49,0,81,0,37,54,1,92,20,32,52,144
06/18/2021,CIC,CA,AWP,WE,Federal Contract Tower,0,2,0,0,2,0,12,30,0,42,0,14,30,0,44,18,0,18,62
06/19/2021,CIC,CA,AWP,WE,Federal Contract Tower,0,0,2,0,2,0,8,36,0,44,0,8,38,0,46,26,0,26,72
06/20/2021,CIC,CA,AWP,WE,Federal Contract Tower,0,0,1,0,1,0,21,34,0,55,0,21,35,0,56,18,0,18,74
06/21/2021,CIC,CA,AWP,WE,Federal Contract Tower,0,2,2,0,4,0,22,34,0,56,0,24,36,0,60,68,0,68,128
06/22/2021,CIC,CA,AWP,WE,Federal Contract Tower,0,2,4,0,6,0,13,49,0,62,0,15,53,0,68,22,0,22,90
06/23/2021,CIC,CA,AWP,WE,Federal Contract Tower,0,2,6,0,8,0,11,42,0,53,0,13,48,0,61,18,0,18,79
06/24/2021,CIC,CA,AWP,WE,Federal Contract Tower,0,2,7,0,9,0,16,56,0,72,0,18,63,0,81,32,0,32,113
06/25/2021,CIC,CA,AWP,WE,Federal Contract Tower,0,3,2,2,7,0,8,33,0,41,0,11,35,2,48,8,0,8,56
06/26/2021,CIC,CA,AWP,WE,Federal Contract Tower,0,0,1,0,1,2,16,29,0,47,2,16,30,0,48,34,0,34,82
06/27/2021,CIC,CA,AWP,WE,Federal Contract Tower,0,4,1,0,5,0,13,37,0,50,0,17,38,0,55,20,0,20,75
06/28/2021,CIC,CA,AWP,WE,Federal Contract Tower,0,2,3,0,5,0,14,46,0,60,0,16,49,0,65,30,0,30,95
06/29/2021,CIC,CA,AWP,WE,Federal Contract Tower,0,2,2,1,5,0,11,30,0,41,0,13,32,1,46,6,8,14,60
06/30/2021,CIC,CA,AWP,WE,Federal Contract Tower,0,2,4,0,6,0,12,37,0,49,0,14,41,0,55,38,0,38,93
07/01/2021,CIC,CA,AWP,WE,Federal Contract Tower,0,3,6,0,9,0,18,49,0,67,0,21,55,0,76,22,0,22,98
07/02/2021,CIC,CA,AWP,WE,Federal Contract Tower,0,2,0,0,2,0,29,58,0,87,0,31,58,0,89,46,0,46,135
07/03/2021,CIC,CA,AWP,WE,Federal Contract Tower,0,0,1,0,1,0,13,42,0,55,0,13,43,0,56,32,0,32,88
07/04/2021,CIC,CA,AWP,WE,Federal Contract Tower,0,0,1,0,1,0,28,34,0,62,0,28,35,0,63,26,0,26,89
07/05/2021,CIC,CA,AWP,WE,Federal Contract Tower,0,0,2,0,2,0,8,38,0,46,0,8,40,0,48,22,0,22,70
07/06/2021,CIC,CA,AWP,WE,Federal Contract Tower,0,2,3,0,5,0,21,50,0,71,0,23,53,0,76,36,0,36,112
07/07/2021,CIC,CA,AWP,WE,Federal Contract Tower,0,2,10,0,12,0,9,53,6,68,0,11,63,6,80,36,0,36,116
07/08/2021,CIC,CA,AWP,WE,Federal Contract Tower,0,2,0,0,2,0,6,67,0,73,0,8,67,0,75,30,0,30,105
07/09/2021,CIC,CA,AWP,WE,Federal Contract Tower,0,2,0,0,2,0,7,45,0,52,0,9,45,0,54,12,0,12,66
07/10/2021,CIC,CA,AWP,WE,Federal Contract Tower,0,0,0,0,0,18,72,0,0,90,18,72,0,0,90,10,0,10,100
07/11/2021,CIC,CA,AWP,WE,Federal Contract Tower,0,2,0,0,2,0,36,46,0,82,0,38,46,0,84,0,0,0,84
07/12/2021,CIC,CA,AWP,WE,Federal Contract Tower,0,4,0,4,8,0,20,43,2,65,0,24,43,6,73,8,0,8,81
07/13/2021,CIC,CA,AWP,WE,Federal Contract Tower,0,4,6,0,10,0,25,64,0,89,0,29,70,0,99,20,0,20,119
07/14/2021,CIC,CA,AWP,WE,Federal Contract Tower,0,4,2,0,6,0,150,64,0,214,0,154,66,0,220,10,0,10,230
07/15/2021,CIC,CA,AWP,WE,Federal Contract Tower,0,2,5,0,7,0,58,56,0,114,0,60,61,0,121,0,0,0,121
07/16/2021,CIC,CA,AWP,WE,Federal Contract Tower,0,7,1,0,8,0,74,56,0,130,0,81,57,0,138,24,0,24,162
07/17/2021,CIC,CA,AWP,WE,Federal Contract Tower,0,0,0,0,0,0,42,42,0,84,0,42,42,0,84,10,0,10,94
07/18/2021,CIC,CA,AWP,WE,Federal Contract Tower,0,0,3,0,3,0,65,32,0,97,0,65,35,0,100,44,0,44,144
07/19/2021,CIC,CA,AWP,WE,Federal Contract Tower,0,3,6,0,9,0,105,60,0,165,0,108,66,0,174,8,0,8,182
07/20/2021,CIC,CA,AWP,WE,Federal Contract Tower,0,4,3,0,7,0,111,41,0,152,0,115,44,0,159,28,0,28,187
07/21/2021,CIC,CA,AWP,WE,Federal Contract Tower,0,2,4,0,6,0,64,71,0,135,0,66,75,0,141,4,0,4,145
07/22/2021,CIC,CA,AWP,WE,Federal Contract Tower,0,2,3,0,5,0,59,60,0,119,0,61,63,0,124,30,0,30,154
07/23/2021,CIC,CA,AWP,WE,Federal Contract Tower,0,4,3,0,7,0,7,58,0,65,0,11,61,0,72,2,0,2,74
07/24/2021,CIC,CA,AWP,WE,Federal Contract Tower,0,1,5,0,6,0,3,40,0,43,0,4,45,0,49,28,0,28,77
07/25/2021,CIC,CA,AWP,WE,Federal Contract Tower,0,0,4,0,4,0,6,37,0,43,0,6,41,0,47,8,0,8,55
07/26/2021,CIC,CA,AWP,WE,Federal Contract Tower,0,3,2,0,5,0,42,41,2,85,0,45,43,2,90,20,0,20,110
07/27/2021,CIC,CA,AWP,WE,Federal Contract Tower,0,4,3,0,7,0,26,32,0,58,0,30,35,0,65,10,0,10,75
07/28/2021,CIC,CA,AWP,WE,Federal Contract Tower,0,2,4,0,6,0,26,37,0,63,0,28,41,0,69,0,0,0,69
07/29/2021,CIC,CA,AWP,WE,Federal Contract Tower,0,3,1,0,4,0,6,38,0,44,0,9,39,0,48,8,0,8,56
07/30/2021,CIC,CA,AWP,WE,Federal Contract Tower,0,3,3,0,6,0,8,26,0,34,0,11,29,0,40,14,0,14,54
07/31/2021,CIC,CA,AWP,WE,Federal Contract Tower,0,0,2,0,2,0,6,43,0,49,0,6,45,0,51,26,0,26,77
08/01/2021,CIC,CA,AWP,WE,Federal Contract Tower,0,0,4,0,4,1,6,37,2,46,1,6,41,2,50,30,0,30,80
08/02/2021,CIC,CA,AWP,WE,Federal Contract Tower,0,4,0,0,4,5,19,40,0,64,5,23,40,0,68,6,0,6,74
08/03/2021,CIC,CA,AWP,WE,Federal Contract Tower,0,6,3,0,9,0,46,42,0,88,0,52,45,0,97,40,0,40,137
08/04/2021,CIC,CA,AWP,WE,Federal Contract Tower,0,5,6,0,11,0,14,44,0,58,0,19,50,0,69,8,0,8,77
08/05/2021,CIC,CA,AWP,WE,Federal Contract Tower,0,2,5,0,7,0,35,29,10,74,0,37,34,10,81,42,0,42,123
08/06/2021,CIC,CA,AWP,WE,Federal Contract Tower,0,5,15,0,20,0,4,11,0,15,0,9,26,0,35,12,0,12,47
08/07/2021,CIC,CA,AWP,WE,Federal Contract Tower,0,2,12,0,14,0,0,0,0,0,0,2,12,0,14,0,0,0,14
08/08/2021,CIC,CA,AWP,WE,Federal Contract Tower,0,3,14,1,18,0,7,14,1,22,0,10,28,2,40,6,0,6,46
08/09/2021,CIC,CA,AWP,WE,Federal Contract Tower,0,2,3,0,5,0,35,29,0,64,0,37,32,0,69,4,0,4,73
08/10/2021,CIC,CA,AWP,WE,Federal Contract Tower,0,2,1,0,3,0,26,28,0,54,0,28,29,0,57,34,0,34,91
08/11/2021,CIC,CA,AWP,WE,Federal Contract Tower,2,0,3,0,5,0,14,41,0,55,2,14,44,0,60,18,0,18,78
08/12/2021,CIC,CA,AWP,WE,Federal Contract Tower,0,2,5,0,7,0,23,23,0,46,0,25,28,0,53,26,0,26,79
08/13/2021,CIC,CA,AWP,WE,Federal Contract Tower,0,3,4,0,7,0,34,43,0,77,0,37,47,0,84,34,0,34,118
08/14/2021,CIC,CA,AWP,WE,Federal Contract Tower,0,0,6,0,6,0,24,48,0,72,0,24,54,0,78,27,0,27,105
08/15/2021,CIC,CA,AWP,WE,Federal Contract Tower,0,0,5,0,5,0,12,25,0,37,0,12,30,0,42,0,0,0,42
08/16/2021,CIC,CA,AWP,WE,Federal Contract Tower,0,4,4,0,8,0,11,15,0,26,0,15,19,0,34,12,0,12,46
08/17/2021,CIC,CA,AWP,WE,Federal Contract Tower,0,0,5,0,5,0,5,39,1,45,0,5,44,1,50,30,0,30,80
08/18/2021,CIC,CA,AWP,WE,Federal Contract Tower,0,2,7,0,9,0,7,10,0,17,0,9,17,0,26,0,0,0,26
08/19/2021,CIC,CA,AWP,WE,Federal Contract Tower,0,4,9,0,13,0,5,24,0,29,0,9,33,0,42,14,0,14,56
08/20/2021,CIC,CA,AWP,WE,Federal Contract Tower,0,3,2,0,5,0,5,21,0,26,0,8,23,0,31,14,0,14,45
08/21/2021,CIC,CA,AWP,WE,Federal Contract Tower,0,4,2,0,6,0,7,19,0,26,0,11,21,0,32,0,0,0,32
08/22/2021,CIC,CA,AWP,WE,Federal Contract Tower,0,3,5,0,8,0,9,36,0,45,0,12,41,0,53,48,0,48,101
08/23/2021,CIC,CA,AWP,WE,Federal Contract Tower,0,2,5,0,7,0,8,41,0,49,0,10,46,0,56,34,0,34,90
08/24/2021,CIC,CA,AWP,WE,Federal Contract Tower,0,5,3,0,8,0,13,31,0,44,0,18,34,0,52,16,0,16,68
08/25/2021,CIC,CA,AWP,WE,Federal Contract Tower,0,5,7,1,13,0,15,42,0,57,0,20,49,1,70,38,0,38,108
08/26/2021,CIC,CA,AWP,WE,Federal Contract Tower,0,2,3,1,6,0,8,41,1,50,0,10,44,2,56,28,6,34,90
08/27/2021,CIC,CA,AWP,WE,Federal Contract Tower,0,2,18,1,21,0,5,13,0,18,0,7,31,1,39,8,0,8,47
08/28/2021,CIC,CA,AWP,WE,Federal Contract Tower,0,2,10,0,12,0,3,17,0,20,0,5,27,0,32,16,0,16,48
08/29/2021,CIC,CA,AWP,WE,Federal Contract Tower,0,1,2,0,3,0,14,10,0,24,0,15,12,0,27,4,0,4,31
08/30/2021,CIC,CA,AWP,WE,Federal Contract Tower,0,2,4,1,7,0,32,33,0,65,0,34,37,1,72,0,0,0,72
08/31/2021,CIC,CA,AWP,WE,Federal Contract Tower,0,3,6,0,9,0,32,27,0,59,0,35,33,0,68,20,0,20,88
09/01/2021,CIC,CA,AWP,WE,Federal Contract Tower,0,4,3,0,7,0,32,58,2,92,0,36,61,2,99,16,0,16,115
09/02/2021,CIC,CA,AWP,WE,Federal Contract Tower,0,4,2,0,6,0,33,43,2,78,0,37,45,2,84,16,8,24,108
09/03/2021,CIC,CA,AWP,WE,Federal Contract Tower,0,2,5,0,7,0,16,67,0,83,0,18,72,0,90,44,0,44,134
09/04/2021,CIC,CA,AWP,WE,Federal Contract Tower,0,5,2,0,7,0,18,68,0,86,0,23,70,0,93,14,0,14,107
09/05/2021,CIC,CA,AWP,WE,Federal Contract Tower,0,0,1,6,7,0,22,37,2,61,0,22,38,8,68,22,0,22,90
09/06/2021,CIC,CA,AWP,WE,Federal Contract Tower,0,1,3,0,4,0,31,49,0,80,0,32,52,0,84,6,0,6,90
09/07/2021,CIC,CA,AWP,WE,Federal Contract Tower,0,4,3,0,7,0,45,66,0,111,0,49,69,0,118,58,0,58,176
09/08/2021,CIC,CA,AWP,WE,Federal Contract Tower,3,1,1,0,5,0,28,36,1,65,3,29,37,1,70,62,0,62,132
09/09/2021,CIC,CA,AWP,WE,Federal Contract Tower,0,2,5,0,7,0,22,32,0,54,0,24,37,0,61,30,0,30,91
09/10/2021,CIC,CA,AWP,WE,Federal Contract Tower,0,2,7,0,9,0,12,73,0,85,0,14,80,0,94,28,0,28,122
09/11/2021,CIC,CA,AWP,WE,Federal Contract Tower,0,1,1,0,2,0,19,63,0,82,0,20,64,0,84,18,0,18,102
09/12/2021,CIC,CA,AWP,WE,Federal Contract Tower,0,0,0,0,0,0,11,44,0,55,0,11,44,0,55,20,0,20,75
09/13/2021,CIC,CA,AWP,WE,Federal Contract Tower,0,3,7,0,10,0,11,35,0,46,0,14,42,0,56,12,0,12,68
09/14/2021,CIC,CA,AWP,WE,Federal Contract Tower,0,2,3,0,5,0,15,46,0,61,0,17,49,0,66,40,0,40,106
09/15/2021,CIC,CA,AWP,WE,Federal Contract Tower,0,2,3,0,5,0,7,78,0,85,0,9,81,0,90,34,0,34,124
09/16/2021,CIC,CA,AWP,WE,Federal Contract Tower,0,3,4,1,8,0,8,57,0,65,0,11,61,1,73,24,0,24,97
09/17/2021,CIC,CA,AWP,WE,Federal Contract Tower,0,3,2,0,5,0,8,71,0,79,0,11,73,0,84,54,0,54,138
09/18/2021,CIC,CA,AWP,WE,Federal Contract Tower,0,0,3,0,3,0,10,39,0,49,0,10,42,0,52,32,0,32,84
09/19/2021,CIC,CA,AWP,WE,Federal Contract Tower,0,0,2,0,2,0,10,52,0,62,0,10,54,0,64,6,0,6,70
09/20/2021,CIC,CA,AWP,WE,Federal Contract Tower,0,5,3,0,8,0,11,51,0,62,0,16,54,0,70,6,8,14,84
09/21/2021,CIC,CA,AWP,WE,Federal Contract Tower,0,2,2,0,4,0,10,77,0,87,0,12,79,0,91,30,0,30,121
09/22/2021,CIC,CA,AWP,WE,Federal Contract Tower,0,2,0,0,2,0,13,63,0,76,0,15,63,0,78,54,0,54,132
09/23/2021,CIC,CA,AWP,WE,Federal Contract Tower,0,2,3,0,5,0,64,68,0,132,0,66,71,0,137,10,0,10,147
09/24/2021,CIC,CA,AWP,WE,Federal Contract Tower,0,6,5,0,11,0,28,64,0,92,0,34,69,0,103,44,0,44,147
09/25/2021,CIC,CA,AWP,WE,Federal Contract Tower,0,6,0,0,6,0,16,27,0,43,0,22,27,0,49,6,0,6,55
09/26/2021,CIC,CA,AWP,WE,Federal Contract Tower,0,0,0,0,0,0,9,71,0,80,0,9,71,0,80,32,0,32,112
09/27/2021,CIC,CA,AWP,WE,Federal Contract Tower,0,2,1,0,3,0,6,48,0,54,0,8,49,0,57,44,0,44,101
09/28/2021,CIC,CA,AWP,WE,Federal Contract Tower,0,2,1,0,3,0,4,38,0,42,0,6,39,0,45,22,0,22,67
09/29/2021,CIC,CA,AWP,WE,Federal Contract Tower,0,2,3,0,5,0,13,72,0,85,0,15,75,0,90,36,0,36,126
09/30/2021,CIC,CA,AWP,WE,Federal Contract Tower,0,2,1,0,3,0,4,46,0,50,0,6,47,0,53,34,0,34,87
10/01/2021,CIC,CA,AWP,WE,Federal Contract Tower,0,2,3,0,5,0,17,61,2,80,0,19,64,2,85,32,0,32,117
10/02/2021,CIC,CA,AWP,WE,Federal Contract Tower,0,0,1,4,5,0,15,77,4,96,0,15,78,8,101,26,0,26,127
10/03/2021,CIC,CA,AWP,WE,Federal Contract Tower,0,0,3,0,3,0,4,37,0,41,0,4,40,0,44,10,0,10,54
10/04/2021,CIC,CA,AWP,WE,Federal Contract Tower,0,5,3,0,8,0,11,47,4,62,0,16,50,4,70,20,0,20,90
10/05/2021,CIC,CA,AWP,WE,Federal Contract Tower,0,3,9,0,12,0,9,52,0,61,0,12,61,0,73,30,0,30,103
10/06/2021,CIC,CA,AWP,WE,Federal Contract Tower,0,2,3,0,5,0,20,36,0,56,0,22,39,0,61,8,0,8,69
10/07/2021,CIC,CA,AWP,WE,Federal Contract Tower,0,3,5,0,8,0,7,64,0,71,0,10,69,0,79,52,0,52,131
10/08/2021,CIC,CA,AWP,WE,Federal Contract Tower,0,2,0,0,2,0,15,53,0,68,0,17,53,0,70,50,0,50,120
10/09/2021,CIC,CA,AWP,WE,Federal Contract Tower,0,1,1,0,2,0,11,49,0,60,0,12,50,0,62,52,0,52,114
10/10/2021,CIC,CA,AWP,WE,Federal Contract Tower,0,1,5,0,6,0,6,33,0,39,0,7,38,0,45,40,0,40,85
10/11/2021,CIC,CA,AWP,WE,Federal Contract Tower,0,2,3,0,5,0,18,14,0,32,0,20,17,0,37,14,0,14,51
10/12/2021,CIC,CA,AWP,WE,Federal Contract Tower,0,2,6,0,8,0,10,31,0,41,0,12,37,0,49,2,0,2,51
10/13/2021,CIC,CA,AWP,WE,Federal Contract Tower,0,3,3,0,6,0,15,59,0,74,0,18,62,0,80,30,0,30,110
10/14/2021,CIC,CA,AWP,WE,Federal Contract Tower,0,2,4,0,6,0,26,43,0,69,0,28,47,0,75,22,0,22,97
10/15/2021,CIC,CA,AWP,WE,Federal Contract Tower,0,3,3,0,6,0,10,62,0,72,0,13,65,0,78,62,0,62,140
10/16/2021,CIC,CA,AWP,WE,Federal Contract Tower,0,0,6,0,6,0,7,69,0,76,0,7,75,0,82,18,0,18,100
10/17/2021,CIC,CA,AWP,WE,Federal Contract Tower,0,0,5,0,5,0,8,18,0,26,0,8,23,0,31,4,0,4,35
10/18/2021,CIC,CA,AWP,WE,Federal Contract Tower,0,2,3,0,5,0,8,24,0,32,0,10,27,0,37,38,0,38,75
10/19/2021,CIC,CA,AWP,WE,Federal Contract Tower,0,2,1,0,3,0,7,80,0,87,0,9,81,0,90,44,0,44,134
10/20/2021,CIC,CA,AWP,WE,Federal Contract Tower,0,2,11,0,13,0,4,2,0,6,0,6,13,0,19,0,0,0,19
10/21/2021,CIC,CA,AWP,WE,Federal Contract Tower,0,10,10,0,20,0,3,4,0,7,0,13,14,0,27,0,0,0,27
10/22/2021,CIC,CA,AWP,WE,Federal Contract Tower,0,4,9,0,13,0,3,31,0,34,0,7,40,0,47,18,0,18,65
10/23/2021,CIC,CA,AWP,WE,Federal Contract Tower,0,1,8,0,9,0,8,10,0,18,0,9,18,0,27,4,0,4,31
10/24/2021,CIC,CA,AWP,WE,Federal Contract Tower,0,0,1,0,1,0,0,0,0,0,0,0,1,0,1,0,0,0,1
10/25/2021,CIC,CA,AWP,WE,Federal Contract Tower,0,3,1,0,4,0,14,21,0,35,0,17,22,0,39,14,0,14,53
10/26/2021,CIC,CA,AWP,WE,Federal Contract Tower,0,2,10,0,12,0,7,29,0,36,0,9,39,0,48,24,0,24,72
10/27/2021,CIC,CA,AWP,WE,Federal Contract Tower,0,4,8,0,12,0,11,68,0,79,0,15,76,0,91,44,0,44,135
10/28/2021,CIC,CA,AWP,WE,Federal Contract Tower,0,5,4,0,9,1,9,78,0,88,1,14,82,0,97,28,0,28,125
10/29/2021,CIC,CA,AWP,WE,Federal Contract Tower,0,2,2,0,4,0,9,84,0,93,0,11,86,0,97,100,0,100,197
10/30/2021,CIC,CA,AWP,WE,Federal Contract Tower,0,0,2,0,2,0,4,30,0,34,0,4,32,0,36,46,0,46,82
10/31/2021,CIC,CA,AWP,WE,Federal Contract Tower,0,1,0,0,1,0,6,56,0,62,0,7,56,0,63,72,0,72,135
11/01/2021,CIC,CA,AWP,WE,Federal Contract Tower,0,5,4,0,9,0,0,3,0,3,0,5,7,0,12,0,0,0,12
11/02/2021,CIC,CA,AWP,WE,Federal Contract Tower,0,5,9,1,15,0,12,25,2,39,0,17,34,3,54,8,0,8,62
11/03/2021,CIC,CA,AWP,WE,Federal Contract Tower,0,1,4,1,6,0,10,74,0,84,0,11,78,1,90,30,12,42,132
11/04/2021,CIC,CA,AWP,WE,Federal Contract Tower,0,3,9,0,12,0,6,42,0,48,0,9,51,0,60,10,0,10,70
11/05/2021,CIC,CA,AWP,WE,Federal Contract Tower,0,5,4,5,14,0,10,61,3,74,0,15,65,8,88,30,10,40,128
11/06/2021,CIC,CA,AWP,WE,Federal Contract Tower,0,1,2,1,4,0,3,15,2,20,0,4,17,3,24,0,0,0,24
11/07/2021,CIC,CA,AWP,WE,Federal Contract Tower,0,0,3,0,3,0,18,56,0,74,0,18,59,0,77,14,0,14,91
11/08/2021,CIC,CA,AWP,WE,Federal Contract Tower,0,4,2,2,8,0,3,24,0,27,0,7,26,2,35,4,0,4,39
11/09/2021,CIC,CA,AWP,WE,Federal Contract Tower,0,5,7,0,12,0,0,0,0,0,0,5,7,0,12,0,0,0,12
11/10/2021,CIC,CA,AWP,WE,Federal Contract Tower,0,6,11,0,17,0,8,35,0,43,0,14,46,0,60,0,0,0,60
11/11/2021,CIC,CA,AWP,WE,Federal Contract Tower,0,1,4,0,5,0,10,42,0,52,0,11,46,0,57,30,0,30,87
11/12/2021,CIC,CA,AWP,WE,Federal Contract Tower,0,7,15,0,22,0,0,1,0,1,0,7,16,0,23,0,0,0,23
11/13/2021,CIC,CA,AWP,WE,Federal Contract Tower,0,2,7,0,9,0,8,23,0,31,0,10,30,0,40,38,0,38,78
11/14/2021,CIC,CA,AWP,WE,Federal Contract Tower,0,0,10,0,10,0,4,20,0,24,0,4,30,0,34,2,0,2,36
11/16/2021,CIC,CA,AWP,WE,Federal Contract Tower,0,2,12,0,14,0,14,45,0,59,0,16,57,0,73,18,0,18,91
11/17/2021,CIC,CA,AWP,WE,Federal Contract Tower,0,4,12,1,17,0,10,50,0,60,0,14,62,1,77,20,20,40,117
11/18/2021,CIC,CA,AWP,WE,Federal Contract Tower,0,7,10,0,17,0,12,60,0,72,0,19,70,0,89,26,0,26,115
11/19/2021,CIC,CA,AWP,WE,Federal Contract Tower,0,2,12,0,14,0,2,28,4,34,0,4,40,4,48,0,0,0,48
11/20/2021,CIC,CA,AWP,WE,Federal Contract Tower,0,2,6,0,8,0,34,46,0,80,0,36,52,0,88,70,0,70,158
11/21/2021,CIC,CA,AWP,WE,Federal Contract Tower,0,0,0,0,0,0,2,66,0,68,0,2,66,0,68,64,0,64,132
11/22/2021,CIC,CA,AWP,WE,Federal Contract Tower,0,5,0,0,5,0,5,51,0,56,0,10,51,0,61,26,0,26,87
11/23/2021,CIC,CA,AWP,WE,Federal Contract Tower,0,5,0,2,7,0,21,58,0,79,0,26,58,2,86,16,0,16,102
11/24/2021,CIC,CA,AWP,WE,Federal Contract Tower,0,2,6,0,8,0,10,57,0,67,0,12,63,0,75,26,0,26,101
11/25/2021,CIC,CA,AWP,WE,Federal Contract Tower,0,0,0,0,0,0,12,25,0,37,0,12,25,0,37,12,0,12,49
11/26/2021,CIC,CA,AWP,WE,Federal Contract Tower,0,2,0,0,2,0,2,42,0,44,0,4,42,0,46,18,0,18,64
11/27/2021,CIC,CA,AWP,WE,Federal Contract Tower,0,0,5,0,5,0,3,77,0,80,0,3,82,0,85,12,0,12,97
11/28/2021,CIC,CA,AWP,WE,Federal Contract Tower,0,0,6,0,6,0,1,39,0,40,0,1,45,0,46,14,0,14,60
11/29/2021,CIC,CA,AWP,WE,Federal Contract Tower,0,3,0,0,3,0,13,54,0,67,0,16,54,0,70,14,0,14,84
11/30/2021,CIC,CA,AWP,WE,Federal Contract Tower,0,5,3,0,8,0,19,74,0,93,0,24,77,0,101,58,0,58,159
12/01/2021,CIC,CA,AWP,WE,Federal Contract Tower,0,2,0,0,2,0,5,41,0,46,0,7,41,0,48,12,0,12,60
12/03/2021,CIC,CA,AWP,WE,Federal Contract Tower,0,1,1,2,4,0,11,49,2,62,0,12,50,4,66,16,0,16,82
12/04/2021,CIC,CA,AWP,WE,Federal Contract Tower,0,2,6,0,8,0,2,27,0,29,0,4,33,0,37,10,0,10,47
12/05/2021,CIC,CA,AWP,WE,Federal Contract Tower,0,0,5,0,5,0,0,28,0,28,0,0,33,0,33,0,0,0,33
12/06/2021,CIC,CA,AWP,WE,Federal Contract Tower,0,8,17,0,25,0,0,0,0,0,0,8,17,0,25,0,0,0,25
12/07/2021,CIC,CA,AWP,WE,Federal Contract Tower,0,3,14,0,17,0,6,26,0,32,0,9,40,0,49,16,0,16,65
12/08/2021,CIC,CA,AWP,WE,Federal Contract Tower,0,10,16,0,26,0,0,0,0,0,0,10,16,0,26,0,0,0,26
12/09/2021,CIC,CA,AWP,WE,Federal Contract Tower,0,4,8,0,12,0,17,41,0,58,0,21,49,0,70,46,0,46,116
12/10/2021,CIC,CA,AWP,WE,Federal Contract Tower,0,2,4,0,6,0,18,78,0,96,0,20,82,0,102,62,0,62,164
12/11/2021,CIC,CA,AWP,WE,Federal Contract Tower,0,1,6,0,7,0,7,47,0,54,0,8,53,0,61,64,0,64,125
12/12/2021,CIC,CA,AWP,WE,Federal Contract Tower,0,0,4,0,4,0,0,0,0,0,0,0,4,0,4,0,0,0,4
12/13/2021,CIC,CA,AWP,WE,Federal Contract Tower,0,2,7,0,9,0,0,0,0,0,0,2,7,0,9,0,0,0,9
12/14/2021,CIC,CA,AWP,WE,Federal Contract Tower,0,3,7,0,10,0,21,32,0,53,0,24,39,0,63,10,0,10,73
12/15/2021,CIC,CA,AWP,WE,Federal Contract Tower,0,2,4,0,6,0,6,2,0,8,0,8,6,0,14,0,0,0,14
12/16/2021,CIC,CA,AWP,WE,Federal Contract Tower,0,3,11,0,14,0,3,2,0,5,0,6,13,0,19,0,0,0,19
12/17/2021,CIC,CA,AWP,WE,Federal Contract Tower,0,3,5,0,8,0,12,108,2,122,0,15,113,2,130,66,0,66,196
12/18/2021,CIC,CA,AWP,WE,Federal Contract Tower,0,1,11,0,12,0,0,0,0,0,0,1,11,0,12,0,0,0,12
12/19/2021,CIC,CA,AWP,WE,Federal Contract Tower,0,2,14,0,16,0,0,6,0,6,0,2,20,0,22,22,0,22,44
12/20/2021,CIC,CA,AWP,WE,Federal Contract Tower,0,2,3,0,5,0,2,35,0,37,0,4,38,0,42,30,0,30,72
12/21/2021,CIC,CA,AWP,WE,Federal Contract Tower,0,8,10,0,18,0,0,1,0,1,0,8,11,0,19,0,0,0,19
12/22/2021,CIC,CA,AWP,WE,Federal Contract Tower,0,4,11,0,15,0,0,0,0,0,0,4,11,0,15,0,0,0,15
12/23/2021,CIC,CA,AWP,WE,Federal Contract Tower,0,3,2,0,5,0,4,1,0,5,0,7,3,0,10,0,0,0,10
12/24/2021,CIC,CA,AWP,WE,Federal Contract Tower,0,3,4,0,7,0,12,26,0,38,0,15,30,0,45,20,0,20,65
12/25/2021,CIC,CA,AWP,WE,Federal Contract Tower,0,0,0,0,0,0,2,0,0,2,0,2,0,0,2,0,0,0,2
12/26/2021,CIC,CA,AWP,WE,Federal Contract Tower,0,4,2,0,6,0,8,17,0,25,0,12,19,0,31,4,0,4,35
12/27/2021,CIC,CA,AWP,WE,Federal Contract Tower,0,5,5,0,10,0,10,20,0,30,0,15,25,0,40,24,0,24,64
12/28/2021,CIC,CA,AWP,WE,Federal Contract Tower,0,4,5,0,9,0,3,3,0,6,0,7,8,0,15,0,0,0,15
12/29/2021,CIC,CA,AWP,WE,Federal Contract Tower,0,4,4,0,8,0,4,1,0,5,0,8,5,0,13,0,0,0,13
12/30/2021,CIC,CA,AWP,WE,Federal Contract Tower,0,2,3,0,5,0,7,39,0,46,0,9,42,0,51,28,0,28,79
12/31/2021,CIC,CA,AWP,WE,Federal Contract Tower,0,2,5,0,7,0,4,60,0,64,0,6,65,0,71,58,0,58,129
01/01/2022,CIC,CA,AWP,WE,Federal Contract Tower,0,2,3,0,5,0,4,52,11,67,0,6,55,11,72,24,4,28,100
01/02/2022,CIC,CA,AWP,WE,Federal Contract Tower,0,2,0,0,2,0,2,71,0,73,0,4,71,0,75,50,0,50,125
01/03/2022,CIC,CA,AWP,WE,Federal Contract Tower,0,2,5,0,7,0,6,1,0,7,0,8,6,0,14,0,0,0,14
01/04/2022,CIC,CA,AWP,WE,Federal Contract Tower,0,2,14,0,16,0,7,6,0,13,0,9,20,0,29,0,0,0,29
01/05/2022,CIC,CA,AWP,WE,Federal Contract Tower,0,4,13,0,17,0,6,17,0,23,0,10,30,0,40,26,0,26,66
01/06/2022,CIC,CA,AWP,WE,Federal Contract Tower,0,10,4,0,14,0,0,0,0,0,0,10,4,0,14,0,0,0,14
01/07/2022,CIC,CA,AWP,WE,Federal Contract Tower,0,5,2,0,7,0,1,3,0,4,0,6,5,0,11,6,0,6,17
01/08/2022,CIC,CA,AWP,WE,Federal Contract Tower,0,2,5,0,7,0,0,44,0,44,0,2,49,0,51,10,0,10,61
01/09/2022,CIC,CA,AWP,WE,Federal Contract Tower,0,3,6,0,9,0,8,50,0,58,0,11,56,0,67,20,0,20,87
01/10/2022,CIC,CA,AWP,WE,Federal Contract Tower,0,2,1,0,3,0,2,51,0,53,0,4,52,0,56,27,0,27,83
01/11/2022,CIC,CA,AWP,WE,Federal Contract Tower,0,2,2,0,4,0,7,61,0,68,0,9,63,0,72,32,0,32,104
01/12/2022,CIC,CA,AWP,WE,Federal Contract Tower,0,1,7,0,8,0,6,46,0,52,0,7,53,0,60,46,0,46,106
01/13/2022,CIC,CA,AWP,WE,Federal Contract Tower,0,1,2,0,3,0,3,61,0,64,0,4,63,0,67,50,0,50,117
01/14/2022,CIC,CA,AWP,WE,Federal Contract Tower,0,1,6,0,7,0,5,51,0,56,0,6,57,0,63,0,0,0,63
01/15/2022,CIC,CA,AWP,WE,Federal Contract Tower,0,2,0,0,2,0,15,39,0,54,0,17,39,0,56,20,0,20,76
01/16/2022,CIC,CA,AWP,WE,Federal Contract Tower,0,0,5,0,5,0,2,36,0,38,0,2,41,0,43,18,0,18,61
01/17/2022,CIC,CA,AWP,WE,Federal Contract Tower,0,3,1,0,4,0,14,47,0,61,0,17,48,0,65,24,0,24,89
01/18/2022,CIC,CA,AWP,WE,Federal Contract Tower,0,3,4,0,7,0,4,64,0,68,0,7,68,0,75,38,0,38,113
01/19/2022,CIC,CA,AWP,WE,Federal Contract Tower,0,5,2,0,7,0,10,66,0,76,0,15,68,0,83,6,0,6,89
01/20/2022,CIC,CA,AWP,WE,Federal Contract Tower,0,2,1,0,3,0,4,53,6,63,0,6,54,6,66,12,14,26,92
01/21/2022,CIC,CA,AWP,WE,Federal Contract Tower,0,4,1,0,5,0,12,27,2,41,0,16,28,2,46,28,4,32,78
01/22/2022,CIC,CA,AWP,WE,Federal Contract Tower,0,0,2,0,2,0,4,36,0,40,0,4,38,0,42,32,0,32,74
01/23/2022,CIC,CA,AWP,WE,Federal Contract Tower,0,2,1,0,3,0,1,58,2,61,0,3,59,2,64,28,0,28,92
01/24/2022,CIC,CA,AWP,WE,Federal Contract Tower,0,2,1,0,3,0,13,49,1,63,0,15,50,1,66,4,0,4,70
01/25/2022,CIC,CA,AWP,WE,Federal Contract Tower,0,2,0,0,2,0,5,51,2,58,0,7,51,2,60,14,0,14,74
01/26/2022,CIC,CA,AWP,WE,Federal Contract Tower,0,1,3,4,8,0,9,65,3,77,0,10,68,7,85,6,20,26,111
01/27/2022,CIC,CA,AWP,WE,Federal Contract Tower,0,1,4,2,7,0,14,62,1,77,0,15,66,3,84,6,20,26,110
01/28/2022,CIC,CA,AWP,WE,Federal Contract Tower,0,1,3,1,5,0,13,52,1,66,0,14,55,2,71,32,22,54,125
01/29/2022,CIC,CA,AWP,WE,Federal Contract Tower,0,2,0,0,2,0,69,1,0,70,0,71,1,0,72,6,0,6,78
01/30/2022,CIC,CA,AWP,WE,Federal Contract Tower,0,0,5,0,5,0,6,43,9,58,0,6,48,9,63,10,0,10,73
01/31/2022,CIC,CA,AWP,WE,Federal Contract Tower,0,2,3,0,5,0,4,53,11,68,0,6,56,11,73,24,4,28,101
02/01/2022,CIC,CA,AWP,WE,Federal Contract Tower,0,2,0,0,2,0,6,23,4,33,0,8,23,4,35,10,0,10,45
02/02/2022,CIC,CA,AWP,WE,Federal Contract Tower,0,5,3,0,8,0,11,40,2,53,0,16,43,2,61,2,0,2,63
02/03/2022,CIC,CA,AWP,WE,Federal Contract Tower,0,2,4,0,6,0,3,94,0,97,0,5,98,0,103,86,0,86,189
02/04/2022,CIC,CA,AWP,WE,Federal Contract Tower,0,2,0,0,2,0,11,69,1,81,0,13,69,1,83,28,0,28,111
02/05/2022,CIC,CA,AWP,WE,Federal Contract Tower,0,0,1,0,1,0,1,63,1,65,0,1,64,1,66,6,0,6,72
02/06/2022,CIC,CA,AWP,WE,Federal Contract Tower,0,0,5,0,5,0,14,67,0,81,0,14,72,0,86,46,0,46,132
02/07/2022,CIC,CA,AWP,WE,Federal Contract Tower,0,2,4,0,6,0,2,53,4,59,0,4,57,4,65,18,20,38,103
02/08/2022,CIC,CA,AWP,WE,Federal Contract Tower,0,2,3,0,5,0,13,53,0,66,0,15,56,0,71,8,0,8,79
02/09/2022,CIC,CA,AWP,WE,Federal Contract Tower,0,5,4,0,9,0,4,46,0,50,0,9,50,0,59,18,0,18,77
02/10/2022,CIC,CA,AWP,WE,Federal Contract Tower,0,2,1,0,3,0,4,46,0,50,0,6,47,0,53,48,0,48,101
02/11/2022,CIC,CA,AWP,WE,Federal Contract Tower,0,3,2,0,5,0,8,40,0,48,0,11,42,0,53,12,0,12,65
02/12/2022,CIC,CA,AWP,WE,Federal Contract Tower,0,0,2,0,2,0,12,49,0,61,0,12,51,0,63,12,0,12,75
02/13/2022,CIC,CA,AWP,WE,Federal Contract Tower,0,1,4,0,5,0,0,64,0,64,0,1,68,0,69,56,0,56,125
02/14/2022,CIC,CA,AWP,WE,Federal Contract Tower,0,3,1,0,4,0,5,36,0,41,0,8,37,0,45,0,0,0,45
02/15/2022,CIC,CA,AWP,WE,Federal Contract Tower,0,2,3,0,5,0,16,14,0,30,0,18,17,0,35,6,0,6,41
02/16/2022,CIC,CA,AWP,WE,Federal Contract Tower,0,4,0,0,4,0,27,34,0,61,0,31,34,0,65,6,0,6,71
02/17/2022,CIC,CA,AWP,WE,Federal Contract Tower,0,2,7,0,9,0,5,75,0,80,0,7,82,0,89,28,0,28,117
02/18/2022,CIC,CA,AWP,WE,Federal Contract Tower,0,3,5,2,10,0,11,79,0,90,0,14,84,2,100,60,0,60,160
02/19/2022,CIC,CA,AWP,WE,Federal Contract Tower,0,1,1,0,2,0,7,83,0,90,0,8,84,0,92,18,0,18,110
02/20/2022,CIC,CA,AWP,WE,Federal Contract Tower,0,0,4,0,4,0,11,47,0,58,0,11,51,0,62,30,0,30,92
02/21/2022,CIC,CA,AWP,WE,Federal Contract Tower,0,6,3,0,9,0,10,33,0,43,0,16,36,0,52,6,0,6,58
02/22/2022,CIC,CA,AWP,WE,Federal Contract Tower,0,3,7,0,10,0,9,17,0,26,0,12,24,0,36,6,0,6,42
02/23/2022,CIC,CA,AWP,WE,Federal Contract Tower,0,4,4,0,8,0,18,26,0,44,0,22,30,0,52,36,0,36,88
02/24/2022,CIC,CA,AWP,WE,Federal Contract Tower,0,2,6,0,8,0,17,66,1,84,0,19,72,1,92,36,0,36,128
02/25/2022,CIC,CA,AWP,WE,Federal Contract Tower,0,5,1,0,6,0,10,75,0,85,0,15,76,0,91,26,0,26,117
02/26/2022,CIC,CA,AWP,WE,Federal Contract Tower,0,0,4,0,4,0,14,79,0,93,0,14,83,0,97,32,2,34,131
02/27/2022,CIC,CA,AWP,WE,Federal Contract Tower,0,0,3,0,3,0,8,48,0,56,0,8,51,0,59,44,0,44,103
02/28/2022,CIC,CA,AWP,WE,Federal Contract Tower,0,3,1,0,4,0,13,32,0,45,0,16,33,0,49,6,0,6,55
03/01/2022,CIC,CA,AWP,WE,Federal Contract Tower,0,2,4,0,6,0,16,49,0,65,0,18,53,0,71,16,0,16,87
03/02/2022,CIC,CA,AWP,WE,Federal Contract Tower,0,4,6,0,10,0,13,47,1,61,0,17,53,1,71,14,0,14,85
03/03/2022,CIC,CA,AWP,WE,Federal Contract Tower,0,2,3,0,5,0,9,39,0,48,0,11,42,0,53,18,0,18,71
03/04/2022,CIC,CA,AWP,WE,Federal Contract Tower,0,3,2,0,5,0,26,25,0,51,0,29,27,0,56,36,0,36,92
03/05/2022,CIC,CA,AWP,WE,Federal Contract Tower,0,1,3,0,4,0,22,50,0,72,0,23,53,0,76,18,0,18,94
03/06/2022,CIC,CA,AWP,WE,Federal Contract Tower,0,3,1,0,4,0,9,73,0,82,0,12,74,0,86,28,0,28,114
03/07/2022,CIC,CA,AWP,WE,Federal Contract Tower,0,2,9,0,11,0,9,52,0,61,0,11,61,0,72,10,0,10,82
03/08/2022,CIC,CA,AWP,WE,Federal Contract Tower,0,6,9,0,15,0,19,59,0,78,0,25,68,0,93,38,0,38,131
03/09/2022,CIC,CA,AWP,WE,Federal Contract Tower,0,2,11,0,13,0,37,59,0,96,0,39,70,0,109,26,0,26,135
03/10/2022,CIC,CA,AWP,WE,Federal Contract Tower,0,4,1,0,5,0,37,54,0,91,0,41,55,0,96,38,0,38,134
03/11/2022,CIC,CA,AWP,WE,Federal Contract Tower,0,2,5,0,7,0,37,67,0,104,0,39,72,0,111,32,0,32,143
03/12/2022,CIC,CA,AWP,WE,Federal Contract Tower,0,0,3,0,3,0,27,66,0,93,0,27,69,0,96,18,0,18,114
03/13/2022,CIC,CA,AWP,WE,Federal Contract Tower,0,0,2,0,2,0,17,56,0,73,0,17,58,0,75,26,0,26,101
03/14/2022,CIC,CA,AWP,WE,Federal Contract Tower,0,3,3,0,6,0,31,58,0,89,0,34,61,0,95,38,0,38,133
03/15/2022,CIC,CA,AWP,WE,Federal Contract Tower,0,2,4,2,8,0,7,29,0,36,0,9,33,2,44,16,4,20,64
03/16/2022,CIC,CA,AWP,WE,Federal Contract Tower,0,2,7,0,9,0,19,74,0,93,0,21,81,0,102,64,0,64,166
03/17/2022,CIC,CA,AWP,WE,Federal Contract Tower,0,2,11,4,17,0,29,78,0,107,0,31,89,4,124,20,30,50,174
03/18/2022,CIC,CA,AWP,WE,Federal Contract Tower,0,3,4,0,7,0,16,76,0,92,0,19,80,0,99,14,0,14,113
03/19/2022,CIC,CA,AWP,WE,Federal Contract Tower,0,0,3,0,3,0,7,17,0,24,0,7,20,0,27,22,0,22,49
03/20/2022,CIC,CA,AWP,WE,Federal Contract Tower,0,0,6,0,6,0,15,40,0,55,0,15,46,0,61,26,12,38,99
03/21/2022,CIC,CA,AWP,WE,Federal Contract Tower,0,2,2,0,4,0,21,33,0,54,0,23,35,0,58,4,0,4,62
03/22/2022,CIC,CA,AWP,WE,Federal Contract Tower,0,4,2,0,6,0,2,55,0,57,0,6,57,0,63,19,0,19,82
03/23/2022,CIC,CA,AWP,WE,Federal Contract Tower,0,4,9,0,13,0,4,57,1,62,0,8,66,1,75,56,0,56,131
03/24/2022,CIC,CA,AWP,WE,Federal Contract Tower,0,2,1,0,3,0,9,65,0,74,0,11,66,0,77,44,0,44,121
03/25/2022,CIC,CA,AWP,WE,Federal Contract Tower,0,3,2,0,5,0,9,70,0,79,0,12,72,0,84,66,0,66,150
03/26/2022,CIC,CA,AWP,WE,Federal Contract Tower,0,0,0,0,0,0,19,64,0,83,0,19,64,0,83,28,0,28,111
03/27/2022,CIC,CA,AWP,WE,Federal Contract Tower,0,0,2,0,2,0,2,50,0,52,0,2,52,0,54,28,0,28,82
03/28/2022,CIC,CA,AWP,WE,Federal Contract Tower,0,2,3,1,6,0,19,7,1,27,0,21,10,2,33,0,6,6,39
03/29/2022,CIC,CA,AWP,WE,Federal Contract Tower,0,3,5,3,11,0,12,74,3,89,0,15,79,6,100,50,16,66,166
03/30/2022,CIC,CA,AWP,WE,Federal Contract Tower,0,2,14,0,16,0,18,37,0,55,0,20,51,0,71,38,0,38,109
03/31/2022,CIC,CA,AWP,WE,Federal Contract Tower,0,2,2,0,4,0,4,40,0,44,0,6,42,0,48,54,20,74,122
04/01/2022,CIC,CA,AWP,WE,Federal Contract Tower,0,3,2,0,5,0,4,90,0,94,0,7,92,0,99,40,0,40,139
04/02/2022,CIC,CA,AWP,WE,Federal Contract Tower,0,0,2,0,2,0,8,34,0,42,0,8,36,0,44,12,0,12,56
04/03/2022,CIC,CA,AWP,WE,Federal Contract Tower,0,0,1,0,1,0,17,37,1,55,0,17,38,1,56,12,0,12,68
04/04/2022,CIC,CA,AWP,WE,Federal Contract Tower,0,2,0,4,6,0,11,64,0,75,0,13,64,4,81,18,0,18,99
04/05/2022,CIC,CA,AWP,WE,Federal Contract Tower,0,2,1,0,3,0,21,55,0,76,0,23,56,0,79,30,0,30,109
04/06/2022,CIC,CA,AWP,WE,Federal Contract Tower,0,2,1,0,3,0,7,47,0,54,0,9,48,0,57,4,0,4,61
04/07/2022,CIC,CA,AWP,WE,Federal Contract Tower,0,1,2,0,3,0,9,51,1,61,0,10,53,1,64,26,0,26,90
04/08/2022,CIC,CA,AWP,WE,Federal Contract Tower,0,3,6,0,9,0,13,61,0,74,0,16,67,0,83,38,0,38,121
04/09/2022,CIC,CA,AWP,WE,Federal Contract Tower,0,2,2,0,4,0,3,18,0,21,0,5,20,0,25,0,0,0,25
04/10/2022,CIC,CA,AWP,WE,Federal Contract Tower,0,0,3,0,3,0,19,15,0,34,0,19,18,0,37,0,0,0,37
04/11/2022,CIC,CA,AWP,WE,Federal Contract Tower,0,2,0,0,2,0,18,7,0,25,0,20,7,0,27,0,0,0,27
04/12/2022,CIC,CA,AWP,WE,Federal Contract Tower,0,2,3,2,7,0,34,66,0,100,0,36,69,2,107,46,0,46,153
04/13/2022,CIC,CA,AWP,WE,Federal Contract Tower,0,2,1,0,3,0,42,41,0,83,0,44,42,0,86,16,0,16,102
04/14/2022,CIC,CA,AWP,WE,Federal Contract Tower,0,4,10,0,14,0,12,1,0,13,0,16,11,0,27,0,0,0,27
04/15/2022,CIC,CA,AWP,WE,Federal Contract Tower,0,3,8,0,11,0,35,29,0,64,0,38,37,0,75,10,0,10,85
04/16/2022,CIC,CA,AWP,WE,Federal Contract Tower,0,1,3,0,4,0,11,3,0,14,0,12,6,0,18,0,0,0,18
04/17/2022,CIC,CA,AWP,WE,Federal Contract Tower,0,0,1,0,1,0,35,59,0,94,0,35,60,0,95,22,0,22,117
04/18/2022,CIC,CA,AWP,WE,Federal Contract Tower,0,2,1,0,3,0,18,30,0,48,0,20,31,0,51,22,0,22,73
04/19/2022,CIC,CA,AWP,WE,Federal Contract Tower,0,8,6,0,14,0,27,36,0,63,0,35,42,0,77,22,0,22,99
04/20/2022,CIC,CA,AWP,WE,Federal Contract Tower,0,2,7,0,9,0,0,5,0,5,0,2,12,0,14,0,0,0,14
04/21/2022,CIC,CA,AWP,WE,Federal Contract Tower,0,2,2,0,4,0,12,11,0,23,0,14,13,0,27,0,0,0,27
04/22/2022,CIC,CA,AWP,WE,Federal Contract Tower,0,3,5,0,8,0,9,34,0,43,0,12,39,0,51,18,0,18,69
04/23/2022,CIC,CA,AWP,WE,Federal Contract Tower,0,0,1,0,1,0,13,54,0,67,0,13,55,0,68,36,0,36,104
04/24/2022,CIC,CA,AWP,WE,Federal Contract Tower,0,0,3,0,3,0,3,69,0,72,0,3,72,0,75,18,0,18,93
04/25/2022,CIC,CA,AWP,WE,Federal Contract Tower,0,2,2,0,4,0,11,59,4,74,0,13,61,4,78,2,0,2,80
04/26/2022,CIC,CA,AWP,WE,Federal Contract Tower,0,4,1,0,5,0,11,79,0,90,0,15,80,0,95,52,0,52,147
04/27/2022,CIC,CA,AWP,WE,Federal Contract Tower,0,3,5,0,8,0,8,72,0,80,0,11,77,0,88,28,0,28,116
04/28/2022,CIC,CA,AWP,WE,Federal Contract Tower,0,3,5,0,8,0,11,44,0,55,0,14,49,0,63,12,0,12,75
04/29/2022,CIC,CA,AWP,WE,Federal Contract Tower,0,2,3,0,5,0,16,70,0,86,0,18,73,0,91,0,0,0,91
04/30/2022,CIC,CA,AWP,WE,Federal Contract Tower,0,3,5,0,8,0,9,55,0,64,0,12,60,0,72,2,0,2,74
05/01/2022,CIC,CA,AWP,WE,Federal Contract Tower,0,2,0,0,2,0,6,34,0,40,0,8,34,0,42,0,0,0,42
05/02/2022,CIC,CA,AWP,WE,Federal Contract Tower,0,2,3,0,5,0,8,34,0,42,0,10,37,0,47,0,0,0,47
05/03/2022,CIC,CA,AWP,WE,Federal Contract Tower,0,6,0,1,7,0,57,2,0,59,0,63,2,1,66,24,6,30,96
05/04/2022,CIC,CA,AWP,WE,Federal Contract Tower,0,1,0,0,1,0,9,68,0,77,0,10,68,0,78,32,0,32,110
05/05/2022,CIC,CA,AWP,WE,Federal Contract Tower,0,4,8,0,12,0,3,50,0,53,0,7,58,0,65,10,0,10,75
05/06/2022,CIC,CA,AWP,WE,Federal Contract Tower,0,3,1,0,4,0,4,26,2,32,0,7,27,2,36,48,4,52,88
05/07/2022,CIC,CA,AWP,WE,Federal Contract Tower,0,0,3,0,3,0,10,127,0,137,0,10,130,0,140,28,0,28,168
05/08/2022,CIC,CA,AWP,WE,Federal Contract Tower,0,0,5,0,5,0,7,22,0,29,0,7,27,0,34,8,0,8,42
05/09/2022,CIC,CA,AWP,WE,Federal Contract Tower,0,2,1,0,3,0,6,16,0,22,0,8,17,0,25,2,0,2,27
05/10/2022,CIC,CA,AWP,WE,Federal Contract Tower,0,2,1,0,3,0,7,29,0,36,0,9,30,0,39,32,0,32,71
05/11/2022,CIC,CA,AWP,WE,Federal Contract Tower,0,4,4,0,8,0,8,99,0,107,0,12,103,0,115,24,0,24,139
05/12/2022,CIC,CA,AWP,WE,Federal Contract Tower,0,2,3,0,5,0,13,45,0,58,0,15,48,0,63,24,0,24,87
05/13/2022,CIC,CA,AWP,WE,Federal Contract Tower,0,2,1,0,3,0,21,66,0,87,0,23,67,0,90,68,0,68,158
05/14/2022,CIC,CA,AWP,WE,Federal Contract Tower,0,0,0,0,0,0,3,53,0,56,0,3,53,0,56,32,0,32,88
05/15/2022,CIC,CA,AWP,WE,Federal Contract Tower,0,2,2,2,6,0,6,52,0,58,0,8,54,2,64,12,10,22,86
05/16/2022,CIC,CA,AWP,WE,Federal Contract Tower,0,2,2,0,4,0,14,32,0,46,0,16,34,0,50,0,0,0,50
05/17/2022,CIC,CA,AWP,WE,Federal Contract Tower,0,4,3,0,7,0,16,44,0,60,0,20,47,0,67,22,0,22,89
05/18/2022,CIC,CA,AWP,WE,Federal Contract Tower,0,3,1,0,4,0,4,42,0,46,0,7,43,0,50,24,0,24,74
05/19/2022,CIC,CA,AWP,WE,Federal Contract Tower,0,4,3,0,7,0,19,45,0,64,0,23,48,0,71,12,0,12,83
05/20/2022,CIC,CA,AWP,WE,Federal Contract Tower,0,2,3,0,5,0,61,51,0,112,0,63,54,0,117,64,0,64,181
05/21/2022,CIC,CA,AWP,WE,Federal Contract Tower,0,1,1,0,2,0,15,55,0,70,0,16,56,0,72,38,0,38,110
05/22/2022,CIC,CA,AWP,WE,Federal Contract Tower,0,1,0,0,1,0,4,68,0,72,0,5,68,0,73,38,0,38,111
05/23/2022,CIC,CA,AWP,WE,Federal Contract Tower,0,2,2,0,4,0,14,37,0,51,0,16,39,0,55,22,0,22,77
05/24/2022,CIC,CA,AWP,WE,Federal Contract Tower,0,1,3,0,4,0,34,31,2,67,0,35,34,2,71,42,0,42,113
05/25/2022,CIC,CA,AWP,WE,Federal Contract Tower,0,2,4,0,6,0,11,66,0,77,0,13,70,0,83,26,0,26,109
05/26/2022,CIC,CA,AWP,WE,Federal Contract Tower,0,2,7,0,9,0,17,67,2,86,0,19,74,2,95,58,0,58,153
05/27/2022,CIC,CA,AWP,WE,Federal Contract Tower,0,3,9,0,12,0,18,52,4,74,0,21,61,4,86,12,0,12,98
05/28/2022,CIC,CA,AWP,WE,Federal Contract Tower,0,3,0,0,3,0,14,29,0,43,0,17,29,0,46,0,0,0,46
05/29/2022,CIC,CA,AWP,WE,Federal Contract Tower,0,3,2,0,5,0,14,18,0,32,0,17,20,0,37,20,0,20,57
05/30/2022,CIC,CA,AWP,WE,Federal Contract Tower,0,1,1,0,2,0,10,25,0,35,0,11,26,0,37,16,0,16,53
05/31/2022,CIC,CA,AWP,WE,Federal Contract Tower,0,2,0,0,2,0,11,43,0,54,0,13,43,0,56,46,0,46,102
06/01/2022,CIC,CA,AWP,WE,Federal Contract Tower,0,4,1,0,5,0,8,74,0,82,0,12,75,0,87,20,0,20,107
06/02/2022,CIC,CA,AWP,WE,Federal Contract Tower,0,4,5,0,9,0,6,61,3,70,0,10,66,3,79,46,0,46,125
06/03/2022,CIC,CA,AWP,WE,Federal Contract Tower,0,4,2,0,6,0,14,50,0,64,0,18,52,0,70,4,0,4,74
06/04/2022,CIC,CA,AWP,WE,Federal Contract Tower,0,1,4,0,5,0,18,37,2,57,0,19,41,2,62,54,0,54,116
06/05/2022,CIC,CA,AWP,WE,Federal Contract Tower,0,2,1,0,3,0,3,7,0,10,0,5,8,0,13,0,0,0,13
06/06/2022,CIC,CA,AWP,WE,Federal Contract Tower,0,4,6,0,10,0,18,38,0,56,0,22,44,0,66,0,0,0,66
06/07/2022,CIC,CA,AWP,WE,Federal Contract Tower,0,4,3,0,7,0,13,44,0,57,0,17,47,0,64,12,0,12,76
06/08/2022,CIC,CA,AWP,WE,Federal Contract Tower,0,4,2,1,7,0,5,71,0,76,0,9,73,1,83,10,0,10,93
06/09/2022,CIC,CA,AWP,WE,Federal Contract Tower,0,2,3,0,5,0,18,53,0,71,0,20,56,0,76,18,0,18,94
06/10/2022,CIC,CA,AWP,WE,Federal Contract Tower,0,2,5,0,7,0,120,29,0,149,0,122,34,0,156,8,0,8,164
06/11/2022,CIC,CA,AWP,WE,Federal Contract Tower,0,0,4,0,4,0,42,43,0,85,0,42,47,0,89,2,0,2,91
06/12/2022,CIC,CA,AWP,WE,Federal Contract Tower,0,0,3,0,3,0,0,29,0,29,0,0,32,0,32,0,0,0,32
06/13/2022,CIC,CA,AWP,WE,Federal Contract Tower,0,2,1,0,3,0,66,45,0,111,0,68,46,0,114,20,0,20,134
06/14/2022,CIC,CA,AWP,WE,Federal Contract Tower,0,2,4,1,7,0,26,41,1,68,0,28,45,2,75,16,18,34,109
06/15/2022,CIC,CA,AWP,WE,Federal Contract Tower,0,2,3,1,6,0,30,63,1,94,0,32,66,2,100,38,20,58,158
06/16/2022,CIC,CA,AWP,WE,Federal Contract Tower,0,3,2,0,5,0,13,59,2,74,0,16,61,2,79,8,0,8,87
06/17/2022,CIC,CA,AWP,WE,Federal Contract Tower,0,2,3,0,5,0,15,67,0,82,0,17,70,0,87,18,0,18,105
06/18/2022,CIC,CA,AWP,WE,Federal Contract Tower,0,2,1,0,3,0,16,63,0,79,0,18,64,0,82,44,0,44,126
06/19/2022,CIC,CA,AWP,WE,Federal Contract Tower,0,0,2,0,2,0,10,60,0,70,0,10,62,0,72,10,0,10,82
06/20/2022,CIC,CA,AWP,WE,Federal Contract Tower,0,2,1,0,3,0,24,32,0,56,0,26,33,0,59,0,0,0,59
06/21/2022,CIC,CA,AWP,WE,Federal Contract Tower,0,2,5,0,7,0,2,40,2,44,0,4,45,2,51,28,20,48,99
06/22/2022,CIC,CA,AWP,WE,Federal Contract Tower,0,2,2,0,4,0,14,28,0,42,0,16,30,0,46,20,0,20,66
06/23/2022,CIC,CA,AWP,WE,Federal Contract Tower,0,2,4,4,10,0,16,53,0,69,0,18,57,4,79,46,0,46,125
06/24/2022,CIC,CA,AWP,WE,Federal Contract Tower,0,1,1,0,2,0,14,42,0,56,0,15,43,0,58,34,0,34,92
06/25/2022,CIC,CA,AWP,WE,Federal Contract Tower,0,0,0,0,0,0,12,67,0,79,0,12,67,0,79,32,0,32,111
06/26/2022,CIC,CA,AWP,WE,Federal Contract Tower,0,0,0,0,0,0,13,47,2,62,0,13,47,2,62,18,0,18,80
06/27/2022,CIC,CA,AWP,WE,Federal Contract Tower,0,2,1,0,3,0,6,35,0,41,0,8,36,0,44,12,0,12,56
06/28/2022,CIC,CA,AWP,WE,Federal Contract Tower,0,2,0,1,3,0,38,37,2,77,0,40,37,3,80,16,0,16,96
06/29/2022,CIC,CA,AWP,WE,Federal Contract Tower,0,1,10,2,13,0,32,38,2,72,0,33,48,4,85,30,2,32,117
06/30/2022,CIC,CA,AWP,WE,Federal Contract Tower,0,8,1,0,9,0,37,58,0,95,0,45,59,0,104,24,0,24,128
07/01/2022,CIC,CA,AWP,WE,Federal Contract Tower,0,4,4,0,8,0,19,67,0,86,0,23,71,0,94,24,0,24,118
07/02/2022,CIC,CA,AWP,WE,Federal Contract Tower,0,0,1,0,1,0,12,45,0,57,0,12,46,0,58,14,0,14,72
07/03/2022,CIC,CA,AWP,WE,Federal Contract Tower,0,0,3,0,3,0,6,24,0,30,0,6,27,0,33,24,0,24,57
07/04/2022,CIC,CA,AWP,WE,Federal Contract Tower,0,2,0,0,2,0,13,37,0,50,0,15,37,0,52,4,0,4,56
07/05/2022,CIC,CA,AWP,WE,Federal Contract Tower,0,2,5,0,7,0,14,30,0,44,0,16,35,0,51,46,0,46,97
07/06/2022,CIC,CA,AWP,WE,Federal Contract Tower,0,1,1,0,2,0,13,31,10,54,0,14,32,10,56,8,10,18,74
07/07/2022,CIC,CA,AWP,WE,Federal Contract Tower,0,2,5,2,9,0,11,47,0,58,0,13,52,2,67,6,0,6,73
07/08/2022,CIC,CA,AWP,WE,Federal Contract Tower,0,2,7,0,9,0,37,61,0,98,0,39,68,0,107,16,0,16,123
07/09/2022,CIC,CA,AWP,WE,Federal Contract Tower,0,0,1,0,1,0,21,57,0,78,0,21,58,0,79,12,0,12,91
07/10/2022,CIC,CA,AWP,WE,Federal Contract Tower,0,0,4,0,4,0,12,40,0,52,0,12,44,0,56,60,0,60,116
07/11/2022,CIC,CA,AWP,WE,Federal Contract Tower,0,1,8,0,9,0,14,58,0,72,0,15,66,0,81,50,0,50,131
07/12/2022,CIC,CA,AWP,WE,Federal Contract Tower,0,4,1,0,5,0,17,37,0,54,0,21,38,0,59,16,0,16,75
07/13/2022,CIC,CA,AWP,WE,Federal Contract Tower,0,4,6,0,10,0,18,58,0,76,0,22,64,0,86,20,0,20,106
07/14/2022,CIC,CA,AWP,WE,Federal Contract Tower,0,2,3,2,7,0,18,57,2,77,0,20,60,4,84,26,0,26,110
07/15/2022,CIC,CA,AWP,WE,Federal Contract Tower,0,3,0,0,3,0,15,58,0,73,0,18,58,0,76,36,0,36,112
07/16/2022,CIC,CA,AWP,WE,Federal Contract Tower,0,0,3,0,3,0,53,48,0,101,0,53,51,0,104,10,0,10,114
07/17/2022,CIC,CA,AWP,WE,Federal Contract Tower,0,0,1,0,1,0,17,42,0,59,0,17,43,0,60,28,0,28,88
07/18/2022,CIC,CA,AWP,WE,Federal Contract Tower,0,2,2,0,4,0,17,50,0,67,0,19,52,0,71,38,0,38,109
07/19/2022,CIC,CA,AWP,WE,Federal Contract Tower,0,4,5,0,9,0,19,67,0,86,0,23,72,0,95,12,0,12,107
07/20/2022,CIC,CA,AWP,WE,Federal Contract Tower,0,2,4,0,6,0,20,43,0,63,0,22,47,0,69,18,0,18,87
07/21/2022,CIC,CA,AWP,WE,Federal Contract Tower,0,2,5,1,8,0,15,43,1,59,0,17,48,2,67,12,0,12,79
07/22/2022,CIC,CA,AWP,WE,Federal Contract Tower,0,3,1,0,4,0,14,41,0,55,0,17,42,0,59,20,0,20,79
07/23/2022,CIC,CA,AWP,WE,Federal Contract Tower,0,0,2,0,2,0,14,50,0,64,0,14,52,0,66,22,0,22,88
07/24/2022,CIC,CA,AWP,WE,Federal Contract Tower,0,1,3,0,4,0,8,49,0,57,0,9,52,0,61,14,0,14,75
07/25/2022,CIC,CA,AWP,WE,Federal Contract Tower,0,2,3,0,5,0,37,67,0,104,0,39,70,0,109,10,0,10,119
07/26/2022,CIC,CA,AWP,WE,Federal Contract Tower,0,2,1,4,7,0,10,41,0,51,0,12,42,4,58,10,0,10,68
07/27/2022,CIC,CA,AWP,WE,Federal Contract Tower,0,3,8,0,11,0,34,34,0,68,0,37,42,0,79,18,0,18,97
07/28/2022,CIC,CA,AWP,WE,Federal Contract Tower,0,3,7,3,13,0,17,36,3,56,0,20,43,6,69,48,8,56,125
07/29/2022,CIC,CA,AWP,WE,Federal Contract Tower,0,3,4,0,7,0,20,46,0,66,0,23,50,0,73,8,0,8,81
07/30/2022,CIC,CA,AWP,WE,Federal Contract Tower,0,0,2,0,2,0,15,54,0,69,0,15,56,0,71,0,0,0,71
07/31/2022,CIC,CA,AWP,WE,Federal Contract Tower,0,0,3,0,3,0,3,21,0,24,0,3,24,0,27,8,0,8,35
08/01/2022,CIC,CA,AWP,WE,Federal Contract Tower,0,2,4,0,6,0,2,53,0,55,0,4,57,0,61,6,0,6,67
08/02/2022,CIC,CA,AWP,WE,Federal Contract Tower,0,2,3,0,5,0,3,55,0,58,0,5,58,0,63,26,0,26,89
08/03/2022,CIC,CA,AWP,WE,Federal Contract Tower,0,4,4,0,8,0,3,45,0,48,0,7,49,0,56,16,0,16,72
08/04/2022,CIC,CA,AWP,WE,Federal Contract Tower,0,1,3,0,4,0,13,58,0,71,0,14,61,0,75,50,0,50,125
08/05/2022,CIC,CA,AWP,WE,Federal Contract Tower,0,2,1,0,3,0,27,46,0,73,0,29,47,0,76,26,0,26,102
08/06/2022,CIC,CA,AWP,WE,Federal Contract Tower,0,0,4,0,4,0,12,35,0,47,0,12,39,0,51,20,0,20,71
08/07/2022,CIC,CA,AWP,WE,Federal Contract Tower,0,2,4,0,6,0,8,54,2,64,0,10,58,2,70,34,0,34,104
08/08/2022,CIC,CA,AWP,WE,Federal Contract Tower,0,6,5,0,11,0,17,57,0,74,0,23,62,0,85,30,0,30,115
08/09/2022,CIC,CA,AWP,WE,Federal Contract Tower,0,4,1,0,5,0,14,44,0,58,0,18,45,0,63,48,0,48,111
08/10/2022,CIC,CA,AWP,WE,Federal Contract Tower,0,2,0,0,2,0,11,46,0,57,0,13,46,0,59,4,0,4,63
08/11/2022,CIC,CA,AWP,WE,Federal Contract Tower,0,2,4,0,6,0,29,66,0,95,0,31,70,0,101,16,0,16,117
08/12/2022,CIC,CA,AWP,WE,Federal Contract Tower,0,5,1,0,6,0,5,50,0,55,0,10,51,0,61,80,0,80,141
08/13/2022,CIC,CA,AWP,WE,Federal Contract Tower,0,0,1,0,1,0,0,33,0,33,0,0,34,0,34,26,0,26,60
08/14/2022,CIC,CA,AWP,WE,Federal Contract Tower,0,2,0,0,2,0,6,43,0,49,0,8,43,0,51,56,0,56,107
08/15/2022,CIC,CA,AWP,WE,Federal Contract Tower,0,4,6,0,10,0,7,36,0,43,0,11,42,0,53,6,0,6,59
08/16/2022,CIC,CA,AWP,WE,Federal Contract Tower,0,2,7,0,9,0,14,34,0,48,0,16,41,0,57,18,0,18,75
08/17/2022,CIC,CA,AWP,WE,Federal Contract Tower,0,2,6,0,8,0,6,34,0,40,0,8,40,0,48,22,0,22,70
08/18/2022,CIC,CA,AWP,WE,Federal Contract Tower,0,0,1,0,1,0,9,25,0,34,0,9,26,0,35,2,0,2,37
08/19/2022,CIC,CA,AWP,WE,Federal Contract Tower,0,2,1,0,3,0,16,50,0,66,0,18,51,0,69,30,0,30,99
08/20/2022,CIC,CA,AWP,WE,Federal Contract Tower,0,3,3,0,6,0,13,45,0,58,0,16,48,0,64,20,0,20,84
08/21/2022,CIC,CA,AWP,WE,Federal Contract Tower,0,0,0,0,0,0,2,43,0,45,0,2,43,0,45,8,0,8,53
08/22/2022,CIC,CA,AWP,WE,Federal Contract Tower,0,4,3,0,7,0,14,42,0,56,0,18,45,0,63,6,0,6,69
08/23/2022,CIC,CA,AWP,WE,Federal Contract Tower,0,5,4,0,9,0,29,59,0,88,0,34,63,0,97,14,0,14,111
08/24/2022,CIC,CA,AWP,WE,Federal Contract Tower,0,2,0,0,2,0,35,42,0,77,0,37,42,0,79,0,0,0,79
08/25/2022,CIC,CA,AWP,WE,Federal Contract Tower,0,7,6,0,13,0,9,44,0,53,0,16,50,0,66,22,0,22,88
08/26/2022,CIC,CA,AWP,WE,Federal Contract Tower,0,2,4,0,6,0,15,35,0,50,0,17,39,0,56,46,0,46,102
08/27/2022,CIC,CA,AWP,WE,Federal Contract Tower,0,0,1,0,1,0,5,53,0,58,0,5,54,0,59,70,0,70,129
08/28/2022,CIC,CA,AWP,WE,Federal Contract Tower,0,0,1,0,1,0,15,50,0,65,0,15,51,0,66,46,0,46,112
08/29/2022,CIC,CA,AWP,WE,Federal Contract Tower,0,2,1,0,3,0,9,33,0,42,0,11,34,0,45,46,0,46,91
08/30/2022,CIC,CA,AWP,WE,Federal Contract Tower,0,3,1,0,4,0,20,27,0,47,0,23,28,0,51,16,0,16,67
08/31/2022,CIC,CA,AWP,WE,Federal Contract Tower,0,5,5,0,10,0,9,51,0,60,0,14,56,0,70,22,0,22,92
09/01/2022,CIC,CA,AWP,WE,Federal Contract Tower,0,2,1,0,3,0,25,55,0,80,0,27,56,0,83,10,0,10,93
09/02/2022,CIC,CA,AWP,WE,Federal Contract Tower,0,2,2,0,4,0,22,57,0,79,0,24,59,0,83,18,0,18,101
09/03/2022,CIC,CA,AWP,WE,Federal Contract Tower,0,0,0,0,0,0,12,25,0,37,0,12,25,0,37,12,0,12,49
09/04/2022,CIC,CA,AWP,WE,Federal Contract Tower,0,0,0,0,0,0,8,26,2,36,0,8,26,2,36,4,0,4,40
09/05/2022,CIC,CA,AWP,WE,Federal Contract Tower,0,0,0,0,0,0,8,32,0,40,0,8,32,0,40,12,0,12,52
09/06/2022,CIC,CA,AWP,WE,Federal Contract Tower,0,4,2,0,6,0,21,21,0,42,0,25,23,0,48,6,0,6,54
09/07/2022,CIC,CA,AWP,WE,Federal Contract Tower,0,5,3,0,8,0,16,32,0,48,0,21,35,0,56,34,0,34,90
09/08/2022,CIC,CA,AWP,WE,Federal Contract Tower,0,3,7,1,11,0,19,37,2,58,0,22,44,3,69,2,6,8,77
09/09/2022,CIC,CA,AWP,WE,Federal Contract Tower,0,2,0,0,2,0,19,34,0,53,0,21,34,0,55,38,0,38,93
09/10/2022,CIC,CA,AWP,WE,Federal Contract Tower,0,2,9,0,11,0,24,19,2,45,0,26,28,2,56,6,0,6,62
09/11/2022,CIC,CA,AWP,WE,Federal Contract Tower,0,3,6,0,9,0,13,28,0,41,0,16,34,0,50,0,0,0,50
09/12/2022,CIC,CA,AWP,WE,Federal Contract Tower,0,3,4,2,9,0,16,38,0,54,0,19,42,2,63,32,0,32,95
09/13/2022,CIC,CA,AWP,WE,Federal Contract Tower,0,4,0,0,4,0,35,29,0,64,0,39,29,0,68,4,14,18,86
09/14/2022,CIC,CA,AWP,WE,Federal Contract Tower,0,2,2,1,5,0,18,67,1,86,0,20,69,2,91,42,16,58,149
09/15/2022,CIC,CA,AWP,WE,Federal Contract Tower,0,2,4,0,6,0,18,49,1,68,0,20,53,1,74,40,0,40,114
09/16/2022,CIC,CA,AWP,WE,Federal Contract Tower,0,3,5,3,11,0,21,80,0,101,0,24,85,3,112,16,0,16,128
09/17/2022,CIC,CA,AWP,WE,Federal Contract Tower,0,2,6,0,8,0,12,51,0,63,0,14,57,0,71,34,0,34,105
09/18/2022,CIC,CA,AWP,WE,Federal Contract Tower,0,4,5,0,9,0,13,10,0,23,0,17,15,0,32,6,0,6,38
09/19/2022,CIC,CA,AWP,WE,Federal Contract Tower,0,10,6,2,18,0,6,35,0,41,0,16,41,2,59,10,0,10,69
09/20/2022,CIC,CA,AWP,WE,Federal Contract Tower,0,7,12,0,19,0,15,10,0,25,0,22,22,0,44,14,0,14,58
09/21/2022,CIC,CA,AWP,WE,Federal Contract Tower,0,4,5,2,11,0,14,39,4,57,0,18,44,6,68,60,0,60,128
09/22/2022,CIC,CA,AWP,WE,Federal Contract Tower,0,6,0,0,6,0,18,69,0,87,0,24,69,0,93,36,0,36,129
09/23/2022,CIC,CA,AWP,WE,Federal Contract Tower,0,2,4,0,6,0,11,77,0,88,0,13,81,0,94,50,0,50,144
09/24/2022,CIC,CA,AWP,WE,Federal Contract Tower,0,2,1,0,3,0,5,27,0,32,0,7,28,0,35,42,0,42,77
09/25/2022,CIC,CA,AWP,WE,Federal Contract Tower,0,0,4,0,4,0,12,40,0,52,0,12,44,0,56,52,0,52,108
09/26/2022,CIC,CA,AWP,WE,Federal Contract Tower,0,3,2,0,5,0,19,76,0,95,0,22,78,0,100,30,0,30,130
09/27/2022,CIC,CA,AWP,WE,Federal Contract Tower,0,2,4,0,6,0,20,60,0,80,0,22,64,0,86,30,0,30,116
09/28/2022,CIC,CA,AWP,WE,Federal Contract Tower,0,1,3,0,4,0,22,69,0,91,0,23,72,0,95,76,0,76,171
09/29/2022,CIC,CA,AWP,WE,Federal Contract Tower,0,3,11,1,15,0,20,61,2,83,0,23,72,3,98,2,0,2,100
09/30/2022,CIC,CA,AWP,WE,Federal Contract Tower,0,4,2,0,6,0,20,65,0,85,0,24,67,0,91,54,0,54,145
10/01/2022,CIC,CA,AWP,WE,Federal Contract Tower,0,2,5,0,7,0,4,53,0,57,0,6,58,0,64,62,0,62,126
10/02/2022,CIC,CA,AWP,WE,Federal Contract Tower,0,2,2,0,4,0,10,60,0,70,0,12,62,0,74,18,0,18,92
10/03/2022,CIC,CA,AWP,WE,Federal Contract Tower,0,3,4,0,7,1,11,57,0,69,1,14,61,0,76,24,0,24,100
10/04/2022,CIC,CA,AWP,WE,Federal Contract Tower,0,2,1,0,3,9,12,64,1,86,9,14,65,1,89,42,0,42,131
10/05/2022,CIC,CA,AWP,WE,Federal Contract Tower,0,0,6,2,8,0,10,56,2,68,0,10,62,4,76,24,12,36,112
10/06/2022,CIC,CA,AWP,WE,Federal Contract Tower,0,4,3,0,7,0,13,72,0,85,0,17,75,0,92,34,0,34,126
10/07/2022,CIC,CA,AWP,WE,Federal Contract Tower,0,2,5,0,7,0,3,98,0,101,0,5,103,0,108,46,0,46,154
10/08/2022,CIC,CA,AWP,WE,Federal Contract Tower,0,0,5,0,5,0,8,36,0,44,0,8,41,0,49,10,0,10,59
10/09/2022,CIC,CA,AWP,WE,Federal Contract Tower,0,0,4,0,4,0,11,53,0,64,0,11,57,0,68,12,0,12,80
10/10/2022,CIC,CA,AWP,WE,Federal Contract Tower,0,4,4,0,8,0,14,37,8,59,0,18,41,8,67,16,0,16,83
10/11/2022,CIC,CA,AWP,WE,Federal Contract Tower,0,6,3,0,9,0,17,62,8,87,0,23,65,8,96,40,0,40,136
10/12/2022,CIC,CA,AWP,WE,Federal Contract Tower,0,5,3,0,8,0,18,62,0,80,0,23,65,0,88,52,0,52,140
10/13/2022,CIC,CA,AWP,WE,Federal Contract Tower,0,3,2,0,5,0,12,53,0,65,0,15,55,0,70,14,0,14,84
10/14/2022,CIC,CA,AWP,WE,Federal Contract Tower,0,4,2,0,6,0,17,78,0,95,0,21,80,0,101,6,0,6,107
10/15/2022,CIC,CA,AWP,WE,Federal Contract Tower,0,0,1,0,1,0,15,52,0,67,0,15,53,0,68,22,0,22,90
10/16/2022,CIC,CA,AWP,WE,Federal Contract Tower,0,0,6,0,6,0,26,53,0,79,0,26,59,0,85,32,0,32,117
10/17/2022,CIC,CA,AWP,WE,Federal Contract Tower,0,4,5,0,9,0,12,51,0,63,0,16,56,0,72,26,0,26,98
10/18/2022,CIC,CA,AWP,WE,Federal Contract Tower,0,2,2,0,4,0,11,60,0,71,0,13,62,0,75,48,0,48,123
10/19/2022,CIC,CA,AWP,WE,Federal Contract Tower,0,2,1,0,3,0,18,70,0,88,0,20,71,0,91,70,0,70,161
10/20/2022,CIC,CA,AWP,WE,Federal Contract Tower,0,2,6,0,8,0,20,73,1,94,0,22,79,1,102,66,0,66,168
10/21/2022,CIC,CA,AWP,WE,Federal Contract Tower,0,2,2,0,4,0,18,55,0,73,0,20,57,0,77,16,0,16,93
10/22/2022,CIC,CA,AWP,WE,Federal Contract Tower,0,0,3,0,3,0,11,23,0,34,0,11,26,0,37,26,0,26,63
10/23/2022,CIC,CA,AWP,WE,Federal Contract Tower,0,4,1,0,5,0,14,24,0,38,0,18,25,0,43,4,0,4,47
10/24/2022,CIC,CA,AWP,WE,Federal Contract Tower,0,2,2,0,4,0,10,48,0,58,0,12,50,0,62,76,0,76,138
10/25/2022,CIC,CA,AWP,WE,Federal Contract Tower,0,4,4,0,8,0,12,50,0,62,0,16,54,0,70,32,0,32,102
10/26/2022,CIC,CA,AWP,WE,Federal Contract Tower,0,5,12,0,17,0,16,54,0,70,0,21,66,0,87,36,0,36,123
10/27/2022,CIC,CA,AWP,WE,Federal Contract Tower,0,3,0,0,3,0,5,54,0,59,0,8,54,0,62,0,0,0,62
10/28/2022,CIC,CA,AWP,WE,Federal Contract Tower,0,1,2,0,3,0,11,62,0,73,0,12,64,0,76,20,0,20,96
10/29/2022,CIC,CA,AWP,WE,Federal Contract Tower,0,0,2,0,2,0,14,53,0,67,0,14,55,0,69,26,0,26,95
10/30/2022,CIC,CA,AWP,WE,Federal Contract Tower,0,3,3,0,6,0,5,74,0,79,0,8,77,0,85,14,0,14,99
10/31/2022,CIC,CA,AWP,WE,Federal Contract Tower,0,2,2,0,4,0,10,56,0,66,0,12,58,0,70,102,0,102,172
11/01/2022,CIC,CA,AWP,WE,Federal Contract Tower,0,4,8,0,12,0,10,7,0,17,0,14,15,0,29,0,0,0,29
11/02/2022,CIC,CA,AWP,WE,Federal Contract Tower,0,0,5,0,5,0,15,45,0,60,0,15,50,0,65,34,0,34,99
11/03/2022,CIC,CA,AWP,WE,Federal Contract Tower,0,2,9,0,11,0,18,67,2,87,0,20,76,2,98,40,18,58,156
11/04/2022,CIC,CA,AWP,WE,Federal Contract Tower,0,4,5,0,9,0,18,68,0,86,0,22,73,0,95,24,0,24,119
11/05/2022,CIC,CA,AWP,WE,Federal Contract Tower,0,1,4,0,5,0,11,3,0,14,0,12,7,0,19,10,0,10,29
11/06/2022,CIC,CA,AWP,WE,Federal Contract Tower,0,3,12,0,15,0,9,5,0,14,0,12,17,0,29,2,0,2,31
11/07/2022,CIC,CA,AWP,WE,Federal Contract Tower,0,2,5,0,7,0,7,6,0,13,0,9,11,0,20,2,0,2,22
11/08/2022,CIC,CA,AWP,WE,Federal Contract Tower,0,3,4,0,7,0,2,0,0,2,0,5,4,0,9,0,0,0,9
11/09/2022,CIC,CA,AWP,WE,Federal Contract Tower,0,4,8,1,13,0,12,21,0,33,0,16,29,1,46,30,0,30,76
11/10/2022,CIC,CA,AWP,WE,Federal Contract Tower,0,1,4,0,5,0,10,72,9,91,0,11,76,9,96,36,2,38,134
11/11/2022,CIC,CA,AWP,WE,Federal Contract Tower,0,2,4,0,6,0,9,73,0,82,0,11,77,0,88,68,0,68,156
11/12/2022,CIC,CA,AWP,WE,Federal Contract Tower,0,2,1,0,3,19,34,0,0,53,19,36,1,0,56,8,0,8,64
11/13/2022,CIC,CA,AWP,WE,Federal Contract Tower,0,3,4,0,7,0,20,44,0,64,0,23,48,0,71,48,0,48,119
11/14/2022,CIC,CA,AWP,WE,Federal Contract Tower,0,5,5,0,10,0,11,56,0,67,0,16,61,0,77,16,0,16,93
11/15/2022,CIC,CA,AWP,WE,Federal Contract Tower,0,3,5,2,10,0,17,45,0,62,0,20,50,2,72,18,0,18,90
11/16/2022,CIC,CA,AWP,WE,Federal Contract Tower,0,2,3,0,5,0,5,47,0,52,0,7,50,0,57,42,0,42,99
11/17/2022,CIC,CA,AWP,WE,Federal Contract Tower,0,3,0,0,3,0,24,60,0,84,0,27,60,0,87,8,0,8,95
11/18/2022,CIC,CA,AWP,WE,Federal Contract Tower,0,0,5,0,5,0,10,46,0,56,0,10,51,0,61,26,0,26,87
11/19/2022,CIC,CA,AWP,WE,Federal Contract Tower,0,1,1,0,2,0,16,60,0,76,0,17,61,0,78,22,0,22,100
11/20/2022,CIC,CA,AWP,WE,Federal Contract Tower,0,0,1,0,1,0,7,61,0,68,0,7,62,0,69,38,0,38,107
11/21/2022,CIC,CA,AWP,WE,Federal Contract Tower,0,4,2,0,6,0,10,35,0,45,0,14,37,0,51,40,0,40,91
11/22/2022,CIC,CA,AWP,WE,Federal Contract Tower,0,2,1,0,3,0,15,51,2,68,0,17,52,2,71,2,4,6,77
11/23/2022,CIC,CA,AWP,WE,Federal Contract Tower,0,3,10,0,13,0,14,51,0,65,0,17,61,0,78,52,0,52,130
11/24/2022,CIC,CA,AWP,WE,Federal Contract Tower,0,1,1,0,2,0,3,13,0,16,0,4,14,0,18,0,0,0,18
11/25/2022,CIC,CA,AWP,WE,Federal Contract Tower,0,2,6,0,8,0,8,45,0,53,0,10,51,0,61,8,0,8,69
11/26/2022,CIC,CA,AWP,WE,Federal Contract Tower,0,0,0,0,0,0,16,33,0,49,0,16,33,0,49,14,0,14,63
11/27/2022,CIC,CA,AWP,WE,Federal Contract Tower,0,0,3,0,3,0,9,49,0,58,0,9,52,0,61,8,0,8,69
11/28/2022,CIC,CA,AWP,WE,Federal Contract Tower,0,2,0,0,2,0,2,23,0,25,0,4,23,0,27,8,0,8,35
11/29/2022,CIC,CA,AWP,WE,Federal Contract Tower,0,2,3,0,5,0,8,73,0,81,0,10,76,0,86,44,0,44,130
11/30/2022,CIC,CA,AWP,WE,Federal Contract Tower,0,2,5,2,9,0,19,45,0,64,0,21,50,2,73,20,8,28,101
12/01/2022,CIC,CA,AWP,WE,Federal Contract Tower,0,5,7,0,12,0,7,8,0,15,0,12,15,0,27,0,0,0,27
12/02/2022,CIC,CA,AWP,WE,Federal Contract Tower,0,2,1,4,7,0,12,43,0,55,0,14,44,4,62,72,0,72,134
12/03/2022,CIC,CA,AWP,WE,Federal Contract Tower,0,0,1,0,1,0,0,0,0,0,0,0,1,0,1,0,0,0,1
12/04/2022,CIC,CA,AWP,WE,Federal Contract Tower,0,1,5,0,6,0,7,3,0,10,0,8,8,0,16,2,0,2,18
12/05/2022,CIC,CA,AWP,WE,Federal Contract Tower,0,12,4,0,16,0,2,12,1,15,0,14,16,1,31,24,0,24,55
12/06/2022,CIC,CA,AWP,WE,Federal Contract Tower,0,5,1,0,6,0,13,44,1,58,0,18,45,1,64,58,0,58,122
12/07/2022,CIC,CA,AWP,WE,Federal Contract Tower,0,3,6,3,12,0,2,69,3,74,0,5,75,6,86,24,0,24,110
12/08/2022,CIC,CA,AWP,WE,Federal Contract Tower,1,8,2,0,11,0,6,8,0,14,1,14,10,0,25,0,0,0,25
12/09/2022,CIC,CA,AWP,WE,Federal Contract Tower,0,4,12,0,16,0,8,6,0,14,0,12,18,0,30,0,0,0,30
12/10/2022,CIC,CA,AWP,WE,Federal Contract Tower,0,1,0,0,1,0,0,0,0,0,0,1,0,0,1,0,0,0,1
12/11/2022,CIC,CA,AWP,WE,Federal Contract Tower,0,3,6,2,11,0,6,13,0,19,0,9,19,2,30,26,6,32,62
12/12/2022,CIC,CA,AWP,WE,Federal Contract Tower,0,5,2,0,7,0,11,53,0,64,0,16,55,0,71,36,0,36,107
12/13/2022,CIC,CA,AWP,WE,Federal Contract Tower,0,4,9,0,13,0,5,62,0,67,0,9,71,0,80,44,0,44,124
12/14/2022,CIC,CA,AWP,WE,Federal Contract Tower,0,3,8,0,11,0,18,35,0,53,0,21,43,0,64,78,0,78,142
12/15/2022,CIC,CA,AWP,WE,Federal Contract Tower,0,5,2,0,7,0,10,72,0,82,0,15,74,0,89,50,0,50,139
12/16/2022,CIC,CA,AWP,WE,Federal Contract Tower,0,1,2,0,3,0,13,49,0,62,0,14,51,0,65,28,0,28,93
12/17/2022,CIC,CA,AWP,WE,Federal Contract Tower,0,1,0,0,1,0,15,46,0,61,0,16,46,0,62,36,0,36,98
12/18/2022,CIC,CA,AWP,WE,Federal Contract Tower,0,0,0,1,1,0,3,11,1,15,0,3,11,2,16,8,8,16,32
12/19/2022,CIC,CA,AWP,WE,Federal Contract Tower,0,7,10,0,17,0,0,0,0,0,0,7,10,0,17,0,0,0,17
12/20/2022,CIC,CA,AWP,WE,Federal Contract Tower,0,5,0,0,5,0,11,10,0,21,0,16,10,0,26,14,0,14,40
12/21/2022,CIC,CA,AWP,WE,Federal Contract Tower,0,3,14,0,17,0,17,54,0,71,0,20,68,0,88,64,0,64,152
12/22/2022,CIC,CA,AWP,WE,Federal Contract Tower,0,4,3,0,7,0,0,0,0,0,0,4,3,0,7,0,0,0,7
12/23/2022,CIC,CA,AWP,WE,Federal Contract Tower,0,2,4,0,6,0,10,28,0,38,0,12,32,0,44,8,0,8,52
12/24/2022,CIC,CA,AWP,WE,Federal Contract Tower,0,1,1,0,2,0,14,23,0,37,0,15,24,0,39,36,0,36,75
12/25/2022,CIC,CA,AWP,WE,Federal Contract Tower,0,1,0,0,1,0,0,2,0,2,0,1,2,0,3,0,0,0,3
12/26/2022,CIC,CA,AWP,WE,Federal Contract Tower,0,0,2,0,2,0,0,0,0,0,0,0,2,0,2,0,0,0,2
12/27/2022,CIC,CA,AWP,WE,Federal Contract Tower,0,4,3,2,9,0,0,2,0,2,0,4,5,2,11,0,0,0,11
12/28/2022,CIC,CA,AWP,WE,Federal Contract Tower,0,11,12,0,23,0,13,58,0,71,0,24,70,0,94,40,0,40,134
12/29/2022,CIC,CA,AWP,WE,Federal Contract Tower,0,5,7,0,12,0,6,0,0,6,0,11,7,0,18,0,0,0,18
12/30/2022,CIC,CA,AWP,WE,Federal Contract Tower,0,3,12,0,15,0,0,0,0,0,0,3,12,0,15,0,0,0,15
12/31/2022,CIC,CA,AWP,WE,Federal Contract Tower,0,1,4,0,5,0,0,4,0,4,0,1,8,0,9,0,0,0,9
01/01/2023,CIC,CA,AWP,WE,Federal Contract Tower,0,0,2,0,2,0,5,36,0,41,0,5,38,0,43,6,0,6,49
01/02/2023,CIC,CA,AWP,WE,Federal Contract Tower,0,0,5,0,5,0,6,23,0,29,0,6,28,0,34,8,0,8,42
01/03/2023,CIC,CA,AWP,WE,Federal Contract Tower,0,14,8,0,22,0,1,0,0,1,0,15,8,0,23,0,0,0,23
01/04/2023,CIC,CA,AWP,WE,Federal Contract Tower,0,1,1,0,2,0,3,2,0,5,0,4,3,0,7,0,0,0,7
01/05/2023,CIC,CA,AWP,WE,Federal Contract Tower,0,4,6,0,10,0,0,0,0,0,0,4,6,0,10,0,0,0,10
01/06/2023,CIC,CA,AWP,WE,Federal Contract Tower,0,9,7,2,18,0,3,7,0,10,0,12,14,2,28,2,0,2,30
01/07/2023,CIC,CA,AWP,WE,Federal Contract Tower,0,2,2,0,4,0,5,2,0,7,0,7,4,0,11,0,0,0,11
01/08/2023,CIC,CA,AWP,WE,Federal Contract Tower,0,0,1,0,1,0,2,16,0,18,0,2,17,0,19,6,0,6,25
01/09/2023,CIC,CA,AWP,WE,Federal Contract Tower,0,2,2,0,4,0,12,16,0,28,0,14,18,0,32,22,0,22,54
01/10/2023,CIC,CA,AWP,WE,Federal Contract Tower,0,2,1,0,3,0,8,0,0,8,0,10,1,0,11,0,0,0,11
01/11/2023,CIC,CA,AWP,WE,Federal Contract Tower,0,3,10,0,13,0,0,3,0,3,0,3,13,0,16,0,0,0,16
01/12/2023,CIC,CA,AWP,WE,Federal Contract Tower,0,7,5,0,12,0,17,45,0,62,0,24,50,0,74,26,0,26,100
01/14/2023,CIC,CA,AWP,WE,Federal Contract Tower,0,0,0,0,0,0,3,2,0,5,0,3,2,0,5,0,0,0,5
01/15/2023,CIC,CA,AWP,WE,Federal Contract Tower,0,0,4,0,4,0,11,3,0,14,0,11,7,0,18,0,0,0,18
01/16/2023,CIC,CA,AWP,WE,Federal Contract Tower,0,2,3,0,5,0,11,33,0,44,0,13,36,0,49,10,0,10,59
01/17/2023,CIC,CA,AWP,WE,Federal Contract Tower,0,4,3,3,10,0,21,103,1,125,0,25,106,4,135,58,8,66,201
01/18/2023,CIC,CA,AWP,WE,Federal Contract Tower,0,2,6,0,8,4,27,24,0,55,4,29,30,0,63,38,0,38,101
01/19/2023,CIC,CA,AWP,WE,Federal Contract Tower,0,7,0,0,7,0,9,36,0,45,0,16,36,0,52,10,0,10,62
01/20/2023,CIC,CA,AWP,WE,Federal Contract Tower,0,3,0,2,5,0,15,55,4,74,0,18,55,6,79,74,0,74,153
01/21/2023,CIC,CA,AWP,WE,Federal Contract Tower,0,1,3,0,4,0,10,80,6,96,0,11,83,6,100,46,0,46,146
01/22/2023,CIC,CA,AWP,WE,Federal Contract Tower,0,2,3,0,5,0,12,33,0,45,0,14,36,0,50,22,0,22,72
01/23/2023,CIC,CA,AWP,WE,Federal Contract Tower,0,2,0,0,2,12,11,40,0,63,12,13,40,0,65,50,0,50,115
01/24/2023,CIC,CA,AWP,WE,Federal Contract Tower,0,2,0,0,2,0,23,60,10,93,0,25,60,10,95,6,0,6,101
01/25/2023,CIC,CA,AWP,WE,Federal Contract Tower,0,2,4,0,6,0,11,63,0,74,0,13,67,0,80,22,0,22,102
01/26/2023,CIC,CA,AWP,WE,Federal Contract Tower,0,3,3,0,6,0,5,56,0,61,0,8,59,0,67,12,0,12,79
01/27/2023,CIC,CA,AWP,WE,Federal Contract Tower,0,3,5,0,8,0,12,98,9,119,0,15,103,9,127,60,0,60,187
01/28/2023,CIC,CA,AWP,WE,Federal Contract Tower,0,0,3,0,3,0,11,65,3,79,0,11,68,3,82,12,0,12,94
01/29/2023,CIC,CA,AWP,WE,Federal Contract Tower,0,2,1,0,3,0,12,7,0,19,0,14,8,0,22,0,0,0,22
01/30/2023,CIC,CA,AWP,WE,Federal Contract Tower,0,6,1,1,8,0,14,16,4,34,0,20,17,5,42,0,18,18,60
02/01/2023,CIC,CA,AWP,WE,Federal Contract Tower,0,2,6,0,8,0,8,57,0,65,0,10,63,0,73,20,0,20,93
02/02/2023,CIC,CA,AWP,WE,Federal Contract Tower,0,2,0,0,2,0,3,51,0,54,0,5,51,0,56,0,28,28,84
02/03/2023,CIC,CA,AWP,WE,Federal Contract Tower,0,2,7,0,9,0,8,20,0,28,0,10,27,0,37,4,0,4,41
02/04/2023,CIC,CA,AWP,WE,Federal Contract Tower,0,1,4,0,5,0,0,30,2,32,0,1,34,2,37,8,0,8,45
02/05/2023,CIC,CA,AWP,WE,Federal Contract Tower,0,0,4,0,4,0,3,10,0,13,0,3,14,0,17,0,0,0,17
02/06/2023,CIC,CA,AWP,WE,Federal Contract Tower,0,2,2,0,4,0,3,60,0,63,0,5,62,0,67,26,0,26,93
02/07/2023,CIC,CA,AWP,WE,Federal Contract Tower,0,2,0,0,2,0,5,74,4,83,0,7,74,4,85,32,0,32,117
02/08/2023,CIC,CA,AWP,WE,Federal Contract Tower,0,2,10,0,12,0,10,86,0,96,0,12,96,0,108,60,0,60,168
02/09/2023,CIC,CA,AWP,WE,Federal Contract Tower,0,2,4,0,6,0,13,75,0,88,0,15,79,0,94,10,0,10,104
02/10/2023,CIC,CA,AWP,WE,Federal Contract Tower,0,4,2,0,6,0,10,32,0,42,0,14,34,0,48,0,0,0,48
02/11/2023,CIC,CA,AWP,WE,Federal Contract Tower,0,0,1,0,1,0,17,38,0,55,0,17,39,0,56,4,0,4,60
02/12/2023,CIC,CA,AWP,WE,Federal Contract Tower,0,0,4,0,4,0,7,40,0,47,0,7,44,0,51,24,0,24,75
02/13/2023,CIC,CA,AWP,WE,Federal Contract Tower,0,1,3,0,4,0,8,45,0,53,0,9,48,0,57,56,0,56,113
02/14/2023,CIC,CA,AWP,WE,Federal Contract Tower,0,1,0,0,1,0,10,50,0,60,0,11,50,0,61,20,0,20,81
02/15/2023,CIC,CA,AWP,WE,Federal Contract Tower,0,4,5,0,9,0,22,42,0,64,0,26,47,0,73,36,0,36,109
02/16/2023,CIC,CA,AWP,WE,Federal Contract Tower,0,1,1,0,2,0,6,67,6,79,0,7,68,6,81,2,10,12,93
02/17/2023,CIC,CA,AWP,WE,Federal Contract Tower,0,3,6,0,9,0,8,53,0,61,0,11,59,0,70,84,0,84,154
02/18/2023,CIC,CA,AWP,WE,Federal Contract Tower,0,0,3,0,3,0,11,57,0,68,0,11,60,0,71,50,0,50,121
02/19/2023,CIC,CA,AWP,WE,Federal Contract Tower,0,0,0,0,0,0,12,49,0,61,0,12,49,0,61,40,0,40,101
02/20/2023,CIC,CA,AWP,WE,Federal Contract Tower,0,2,7,0,9,0,12,69,0,81,0,14,76,0,90,30,0,30,120
02/21/2023,CIC,CA,AWP,WE,Federal Contract Tower,0,1,3,0,4,0,26,12,0,38,0,27,15,0,42,2,0,2,44
02/22/2023,CIC,CA,AWP,WE,Federal Contract Tower,0,2,1,0,3,0,9,51,2,62,0,11,52,2,65,60,0,60,125
02/23/2023,CIC,CA,AWP,WE,Federal Contract Tower,0,2,7,0,9,3,5,5,0,13,3,7,12,0,22,22,0,22,44
02/24/2023,CIC,CA,AWP,WE,Federal Contract Tower,0,4,2,0,6,0,3,0,0,3,0,7,2,0,9,0,0,0,9
02/25/2023,CIC,CA,AWP,WE,Federal Contract Tower,0,2,0,0,2,0,0,4,0,4,0,2,4,0,6,0,0,0,6
02/26/2023,CIC,CA,AWP,WE,Federal Contract Tower,0,0,3,0,3,0,0,2,0,2,0,0,5,0,5,0,0,0,5
02/27/2023,CIC,CA,AWP,WE,Federal Contract Tower,0,2,0,0,2,0,5,0,0,5,0,7,0,0,7,0,0,0,7
02/28/2023,CIC,CA,AWP,WE,Federal Contract Tower,0,2,3,0,5,0,7,5,0,12,0,9,8,0,17,0,0,0,17
03/01/2023,CIC,CA,AWP,WE,Federal Contract Tower,0,2,7,0,9,0,9,37,2,48,0,11,44,2,57,10,0,10,67
03/02/2023,CIC,CA,AWP,WE,Federal Contract Tower,0,1,7,0,8,0,28,56,0,84,0,29,63,0,92,48,0,48,140
03/03/2023,CIC,CA,AWP,WE,Federal Contract Tower,0,3,3,0,6,0,6,58,0,64,0,9,61,0,70,54,0,54,124
03/04/2023,CIC,CA,AWP,WE,Federal Contract Tower,0,0,2,2,4,0,7,3,0,10,0,7,5,2,14,0,0,0,14
03/05/2023,CIC,CA,AWP,WE,Federal Contract Tower,0,3,2,0,5,0,5,7,0,12,0,8,9,0,17,0,0,0,17
03/06/2023,CIC,CA,AWP,WE,Federal Contract Tower,0,2,6,0,8,0,2,2,0,4,0,4,8,0,12,0,0,0,12
03/07/2023,CIC,CA,AWP,WE,Federal Contract Tower,0,7,4,0,11,0,23,23,0,46,0,30,27,0,57,14,0,14,71
03/08/2023,CIC,CA,AWP,WE,Federal Contract Tower,4,8,4,0,16,0,36,47,12,95,4,44,51,12,111,56,0,56,167
03/09/2023,CIC,CA,AWP,WE,Federal Contract Tower,0,2,6,2,10,0,4,8,0,12,0,6,14,2,22,6,0,6,28
03/10/2023,CIC,CA,AWP,WE,Federal Contract Tower,0,3,4,0,7,0,41,68,0,109,0,44,72,0,116,32,0,32,148
03/11/2023,CIC,CA,AWP,WE,Federal Contract Tower,0,5,8,0,13,0,34,11,0,45,0,39,19,0,58,0,0,0,58
03/12/2023,CIC,CA,AWP,WE,Federal Contract Tower,0,0,2,0,2,0,2,0,0,2,0,2,2,0,4,0,0,0,4
03/13/2023,CIC,CA,AWP,WE,Federal Contract Tower,0,7,4,0,11,0,35,7,0,42,0,42,11,0,53,14,0,14,67
03/14/2023,CIC,CA,AWP,WE,Federal Contract Tower,0,3,4,0,7,0,1,0,0,1,0,4,4,0,8,0,0,0,8
03/15/2023,CIC,CA,AWP,WE,Federal Contract Tower,0,4,3,0,7,0,56,63,0,119,0,60,66,0,126,34,0,34,160
03/16/2023,CIC,CA,AWP,WE,Federal Contract Tower,0,8,1,0,9,0,28,112,0,140,0,36,113,0,149,34,0,34,183
03/17/2023,CIC,CA,AWP,WE,Federal Contract Tower,0,4,0,0,4,0,8,76,0,84,0,12,76,0,88,16,0,16,104
03/18/2023,CIC,CA,AWP,WE,Federal Contract Tower,0,1,6,0,7,0,11,87,0,98,0,12,93,0,105,56,0,56,161
03/19/2023,CIC,CA,AWP,WE,Federal Contract Tower,0,4,6,0,10,0,0,0,0,0,0,4,6,0,10,0,0,0,10
03/20/2023,CIC,CA,AWP,WE,Federal Contract Tower,0,2,14,0,16,0,24,30,0,54,0,26,44,0,70,32,0,32,102
03/21/2023,CIC,CA,AWP,WE,Federal Contract Tower,0,2,2,0,4,0,8,19,0,27,0,10,21,0,31,26,0,26,57
03/23/2023,CIC,CA,AWP,WE,Federal Contract Tower,0,4,8,0,12,0,7,37,0,44,0,11,45,0,56,2,0,2,58
03/24/2023,CIC,CA,AWP,WE,Federal Contract Tower,0,5,2,0,7,0,24,49,0,73,0,29,51,0,80,10,0,10,90
03/25/2023,CIC,CA,AWP,WE,Federal Contract Tower,0,0,2,2,4,0,13,47,1,61,0,13,49,3,65,2,0,2,67
03/26/2023,CIC,CA,AWP,WE,Federal Contract Tower,0,1,6,0,7,0,3,53,0,56,0,4,59,0,63,10,0,10,73
03/27/2023,CIC,CA,AWP,WE,Federal Contract Tower,0,2,3,0,5,0,1,53,0,54,0,3,56,0,59,14,0,14,73
03/28/2023,CIC,CA,AWP,WE,Federal Contract Tower,0,3,1,0,4,0,2,0,0,2,0,5,1,0,6,0,0,0,6
03/29/2023,CIC,CA,AWP,WE,Federal Contract Tower,0,5,4,0,9,0,2,0,0,2,0,7,4,0,11,0,0,0,11
03/30/2023,CIC,CA,AWP,WE,Federal Contract Tower,0,4,5,1,10,0,5,76,4,85,0,9,81,5,95,30,0,30,125
03/31/2023,CIC,CA,AWP,WE,Federal Contract Tower,0,4,8,0,12,0,4,39,2,45,0,8,47,2,57,12,10,22,79
04/01/2023,CIC,CA,AWP,WE,Federal Contract Tower,0,6,2,0,8,0,6,29,0,35,0,12,31,0,43,10,0,10,53
04/02/2023,CIC,CA,AWP,WE,Federal Contract Tower,0,1,2,0,3,0,13,20,0,33,0,14,22,0,36,8,0,8,44
04/03/2023,CIC,CA,AWP,WE,Federal Contract Tower,0,3,2,2,7,0,12,25,6,43,0,15,27,8,50,14,0,14,64
04/04/2023,CIC,CA,AWP,WE,Federal Contract Tower,0,2,2,0,4,0,10,71,2,83,0,12,73,2,87,10,20,30,117
04/05/2023,CIC,CA,AWP,WE,Federal Contract Tower,0,4,1,0,5,0,15,89,0,104,0,19,90,0,109,48,0,48,157
04/06/2023,CIC,CA,AWP,WE,Federal Contract Tower,0,4,0,0,4,0,6,60,0,66,0,10,60,0,70,44,0,44,114
04/07/2023,CIC,CA,AWP,WE,Federal Contract Tower,0,8,3,0,11,0,3,4,0,7,0,11,7,0,18,4,0,4,22
04/08/2023,CIC,CA,AWP,WE,Federal Contract Tower,0,2,2,0,4,0,10,44,0,54,0,12,46,0,58,30,0,30,88
04/09/2023,CIC,CA,AWP,WE,Federal Contract Tower,0,0,2,0,2,0,3,47,0,50,0,3,49,0,52,18,0,18,70
04/10/2023,CIC,CA,AWP,WE,Federal Contract Tower,0,2,1,1,4,0,11,63,0,74,0,13,64,1,78,38,14,52,130
04/11/2023,CIC,CA,AWP,WE,Federal Contract Tower,0,2,2,0,4,0,10,51,0,61,0,12,53,0,65,56,4,60,125
04/12/2023,CIC,CA,AWP,WE,Federal Contract Tower,0,4,1,0,5,0,24,50,0,74,0,28,51,0,79,12,0,12,91
04/13/2023,CIC,CA,AWP,WE,Federal Contract Tower,0,3,1,0,4,0,10,43,0,53,0,13,44,0,57,2,0,2,59
04/14/2023,CIC,CA,AWP,WE,Federal Contract Tower,0,2,1,0,3,0,20,51,0,71,0,22,52,0,74,54,0,54,128
04/15/2023,CIC,CA,AWP,WE,Federal Contract Tower,0,2,3,0,5,0,7,58,0,65,0,9,61,0,70,0,0,0,70
04/16/2023,CIC,CA,AWP,WE,Federal Contract Tower,0,4,4,0,8,0,16,96,0,112,0,20,100,0,120,10,0,10,130
04/17/2023,CIC,CA,AWP,WE,Federal Contract Tower,0,11,2,2,15,0,12,17,0,29,0,23,19,2,44,14,0,14,58
04/18/2023,CIC,CA,AWP,WE,Federal Contract Tower,0,1,1,4,6,0,24,86,0,110,0,25,87,4,116,14,20,34,150
04/19/2023,CIC,CA,AWP,WE,Federal Contract Tower,0,2,3,0,5,0,31,83,0,114,0,33,86,0,119,30,14,44,163
04/20/2023,CIC,CA,AWP,WE,Federal Contract Tower,0,3,6,0,9,0,10,62,0,72,0,13,68,0,81,48,0,48,129
04/21/2023,CIC,CA,AWP,WE,Federal Contract Tower,0,2,4,0,6,0,39,71,0,110,0,41,75,0,116,24,0,24,140
04/22/2023,CIC,CA,AWP,WE,Federal Contract Tower,0,0,1,0,1,0,15,40,0,55,0,15,41,0,56,4,0,4,60
04/23/2023,CIC,CA,AWP,WE,Federal Contract Tower,0,3,0,0,3,0,20,59,0,79,0,23,59,0,82,4,0,4,86
04/24/2023,CIC,CA,AWP,WE,Federal Contract Tower,0,2,7,0,9,0,9,68,0,77,0,11,75,0,86,10,0,10,96
04/25/2023,CIC,CA,AWP,WE,Federal Contract Tower,0,2,2,0,4,0,9,52,2,63,0,11,54,2,67,30,8,38,105
04/26/2023,CIC,CA,AWP,WE,Federal Contract Tower,0,2,0,1,3,0,18,49,1,68,0,20,49,2,71,26,16,42,113
04/27/2023,CIC,CA,AWP,WE,Federal Contract Tower,0,4,0,0,4,0,16,55,2,73,0,20,55,2,77,24,0,24,101
04/28/2023,CIC,CA,AWP,WE,Federal Contract Tower,0,2,3,0,5,0,11,66,0,77,0,13,69,0,82,22,0,22,104
04/29/2023,CIC,CA,AWP,WE,Federal Contract Tower,0,0,4,0,4,0,8,65,0,73,0,8,69,0,77,32,0,32,109
04/30/2023,CIC,CA,AWP,WE,Federal Contract Tower,0,1,5,0,6,0,16,44,0,60,0,17,49,0,66,0,0,0,66
05/01/2023,CIC,CA,AWP,WE,Federal Contract Tower,0,1,8,0,9,0,13,13,0,26,0,14,21,0,35,20,0,20,55
05/02/2023,CIC,CA,AWP,WE,Federal Contract Tower,0,3,6,0,9,0,17,11,2,30,0,20,17,2,39,2,20,22,61
05/03/2023,CIC,CA,AWP,WE,Federal Contract Tower,0,2,4,3,9,0,14,59,1,74,0,16,63,4,83,2,4,6,89
05/04/2023,CIC,CA,AWP,WE,Federal Contract Tower,0,5,3,1,9,0,12,22,0,34,0,17,25,1,43,0,0,0,43
05/05/2023,CIC,CA,AWP,WE,Federal Contract Tower,0,2,6,2,10,0,3,21,8,32,0,5,27,10,42,12,10,22,64
05/06/2023,CIC,CA,AWP,WE,Federal Contract Tower,0,2,10,0,12,0,6,18,0,24,0,8,28,0,36,0,0,0,36
05/07/2023,CIC,CA,AWP,WE,Federal Contract Tower,0,0,1,0,1,0,11,22,0,33,0,11,23,0,34,16,0,16,50
05/08/2023,CIC,CA,AWP,WE,Federal Contract Tower,0,2,6,0,8,0,12,29,0,41,0,14,35,0,49,4,0,4,53
05/09/2023,CIC,CA,AWP,WE,Federal Contract Tower,0,2,1,0,3,0,24,63,0,87,0,26,64,0,90,66,0,66,156
05/11/2023,CIC,CA,AWP,WE,Federal Contract Tower,0,2,9,0,11,0,17,61,0,78,0,19,70,0,89,54,0,54,143
05/12/2023,CIC,CA,AWP,WE,Federal Contract Tower,0,3,4,0,7,0,13,58,0,71,0,16,62,0,78,28,0,28,106
05/13/2023,CIC,CA,AWP,WE,Federal Contract Tower,0,0,2,0,2,0,7,65,0,72,0,7,67,0,74,10,0,10,84
05/14/2023,CIC,CA,AWP,WE,Federal Contract Tower,0,0,5,0,5,0,17,47,0,64,0,17,52,0,69,6,0,6,75
05/15/2023,CIC,CA,AWP,WE,Federal Contract Tower,0,2,3,0,5,0,8,79,0,87,0,10,82,0,92,54,0,54,146
05/16/2023,CIC,CA,AWP,WE,Federal Contract Tower,0,2,1,0,3,0,11,67,0,78,0,13,68,0,81,32,0,32,113
05/17/2023,CIC,CA,AWP,WE,Federal Contract Tower,0,2,3,0,5,0,7,68,2,77,0,9,71,2,82,32,4,36,118
05/18/2023,CIC,CA,AWP,WE,Federal Contract Tower,0,3,1,3,7,0,4,28,8,40,0,7,29,11,47,54,10,64,111
05/19/2023,CIC,CA,AWP,WE,Federal Contract Tower,0,2,4,0,6,0,18,65,0,83,0,20,69,0,89,30,0,30,119
05/20/2023,CIC,CA,AWP,WE,Federal Contract Tower,0,0,0,0,0,0,21,38,0,59,0,21,38,0,59,8,0,8,67
05/21/2023,CIC,CA,AWP,WE,Federal Contract Tower,0,0,3,4,7,0,4,40,0,44,0,4,43,4,51,26,0,26,77
05/22/2023,CIC,CA,AWP,WE,Federal Contract Tower,0,3,6,0,9,0,13,52,0,65,0,16,58,0,74,30,0,30,104
05/23/2023,CIC,CA,AWP,WE,Federal Contract Tower,0,4,2,4,10,0,3,61,1,65,0,7,63,5,75,18,10,28,103
05/24/2023,CIC,CA,AWP,WE,Federal Contract Tower,0,2,1,2,5,0,11,48,0,59,0,13,49,2,64,52,0,52,116
05/25/2023,CIC,CA,AWP,WE,Federal Contract Tower,0,2,7,0,9,0,6,47,0,53,0,8,54,0,62,26,8,34,96
05/26/2023,CIC,CA,AWP,WE,Federal Contract Tower,0,2,4,0,6,0,10,47,0,57,0,12,51,0,63,16,0,16,79
05/27/2023,CIC,CA,AWP,WE,Federal Contract Tower,0,1,1,0,2,0,1,38,0,39,0,2,39,0,41,24,0,24,65
05/28/2023,CIC,CA,AWP,WE,Federal Contract Tower,0,0,1,0,1,0,8,36,0,44,0,8,37,0,45,8,0,8,53
05/29/2023,CIC,CA,AWP,WE,Federal Contract Tower,0,0,3,0,3,0,8,59,0,67,0,8,62,0,70,70,0,70,140
05/30/2023,CIC,CA,AWP,WE,Federal Contract Tower,0,1,5,2,8,0,14,45,6,65,0,15,50,8,73,38,0,38,111
05/31/2023,CIC,CA,AWP,WE,Federal Contract Tower,0,3,4,0,7,0,25,43,0,68,0,28,47,0,75,22,0,22,97
06/01/2023,CIC,CA,AWP,WE,Federal Contract Tower,0,1,3,0,4,0,16,47,2,65,0,17,50,2,69,60,16,76,145
06/02/2023,CIC,CA,AWP,WE,Federal Contract Tower,0,5,2,2,9,0,6,42,6,54,0,11,44,8,63,14,42,56,119
06/03/2023,CIC,CA,AWP,WE,Federal Contract Tower,0,0,2,0,2,0,1,68,0,69,0,1,70,0,71,48,0,48,119
06/04/2023,CIC,CA,AWP,WE,Federal Contract Tower,0,0,2,0,2,0,10,55,0,65,0,10,57,0,67,16,0,16,83
06/05/2023,CIC,CA,AWP,WE,Federal Contract Tower,0,2,4,0,6,0,14,50,0,64,0,16,54,0,70,72,0,72,142
06/06/2023,CIC,CA,AWP,WE,Federal Contract Tower,0,2,4,0,6,0,11,41,2,54,0,13,45,2,60,14,0,14,74
06/07/2023,CIC,CA,AWP,WE,Federal Contract Tower,0,6,0,0,6,0,10,52,0,62,0,16,52,0,68,44,0,44,112
06/08/2023,CIC,CA,AWP,WE,Federal Contract Tower,0,4,4,0,8,0,20,56,0,76,0,24,60,0,84,30,0,30,114
06/09/2023,CIC,CA,AWP,WE,Federal Contract Tower,0,5,5,0,10,0,5,49,0,54,0,10,54,0,64,26,0,26,90
06/10/2023,CIC,CA,AWP,WE,Federal Contract Tower,0,0,1,0,1,0,11,40,0,51,0,11,41,0,52,2,0,2,54
06/11/2023,CIC,CA,AWP,WE,Federal Contract Tower,0,1,6,0,7,0,16,38,0,54,0,17,44,0,61,22,0,22,83
06/12/2023,CIC,CA,AWP,WE,Federal Contract Tower,0,6,6,0,12,0,15,40,0,55,0,21,46,0,67,22,16,38,105
06/13/2023,CIC,CA,AWP,WE,Federal Contract Tower,0,2,3,0,5,0,10,66,0,76,0,12,69,0,81,18,0,18,99
06/14/2023,CIC,CA,AWP,WE,Federal Contract Tower,0,3,2,0,5,0,15,74,0,89,0,18,76,0,94,24,0,24,118
06/15/2023,CIC,CA,AWP,WE,Federal Contract Tower,0,3,4,0,7,0,15,59,0,74,0,18,63,0,81,30,0,30,111
06/16/2023,CIC,CA,AWP,WE,Federal Contract Tower,0,2,3,0,5,0,18,30,0,48,0,20,33,0,53,28,0,28,81
06/17/2023,CIC,CA,AWP,WE,Federal Contract Tower,0,0,5,0,5,0,24,50,0,74,0,24,55,0,79,18,0,18,97
06/18/2023,CIC,CA,AWP,WE,Federal Contract Tower,0,0,2,0,2,0,13,53,0,66,0,13,55,0,68,32,0,32,100
06/19/2023,CIC,CA,AWP,WE,Federal Contract Tower,0,2,1,0,3,0,7,36,0,43,0,9,37,0,46,34,0,34,80
06/20/2023,CIC,CA,AWP,WE,Federal Contract Tower,0,2,2,0,4,0,9,50,0,59,0,11,52,0,63,40,0,40,103
06/21/2023,CIC,CA,AWP,WE,Federal Contract Tower,0,2,3,0,5,0,8,60,0,68,0,10,63,0,73,32,0,32,105
06/24/2023,CIC,CA,AWP,WE,Federal Contract Tower,0,1,1,0,2,0,14,43,2,59,0,15,44,2,61,10,0,10,71
06/25/2023,CIC,CA,AWP,WE,Federal Contract Tower,0,2,3,0,5,0,9,58,0,67,0,11,61,0,72,20,0,20,92
06/26/2023,CIC,CA,AWP,WE,Federal Contract Tower,0,2,3,0,5,0,10,49,0,59,0,12,52,0,64,10,0,10,74
06/27/2023,CIC,CA,AWP,WE,Federal Contract Tower,0,4,2,0,6,0,10,75,0,85,0,14,77,0,91,70,0,70,161
06/28/2023,CIC,CA,AWP,WE,Federal Contract Tower,0,2,1,0,3,0,20,45,0,65,0,22,46,0,68,54,0,54,122
06/29/2023,CIC,CA,AWP,WE,Federal Contract Tower,0,4,1,0,5,0,5,62,0,67,0,9,63,0,72,50,0,50,122
06/30/2023,CIC,CA,AWP,WE,Federal Contract Tower,0,1,6,0,7,0,9,41,0,50,0,10,47,0,57,6,0,6,63
07/01/2023,CIC,CA,AWP,WE,Federal Contract Tower,0,0,3,0,3,0,18,65,0,83,0,18,68,0,86,34,0,34,120
07/02/2023,CIC,CA,AWP,WE,Federal Contract Tower,0,0,1,0,1,0,8,28,0,36,0,8,29,0,37,4,0,4,41
07/03/2023,CIC,CA,AWP,WE,Federal Contract Tower,0,2,1,0,3,0,9,25,0,34,0,11,26,0,37,0,0,0,37
07/04/2023,CIC,CA,AWP,WE,Federal Contract Tower,0,0,0,0,0,0,23,42,0,65,0,23,42,0,65,6,0,6,71
07/05/2023,CIC,CA,AWP,WE,Federal Contract Tower,0,0,2,0,2,0,15,36,0,51,0,15,38,0,53,8,0,8,61
07/06/2023,CIC,CA,AWP,WE,Federal Contract Tower,0,4,3,0,7,0,6,39,0,45,0,10,42,0,52,22,0,22,74
07/07/2023,CIC,CA,AWP,WE,Federal Contract Tower,0,4,2,0,6,0,4,41,0,45,0,8,43,0,51,2,0,2,53
07/08/2023,CIC,CA,AWP,WE,Federal Contract Tower,0,0,2,0,2,0,11,35,0,46,0,11,37,0,48,12,0,12,60
07/09/2023,CIC,CA,AWP,WE,Federal Contract Tower,0,0,1,0,1,0,6,46,0,52,0,6,47,0,53,16,0,16,69
07/10/2023,CIC,CA,AWP,WE,Federal Contract Tower,0,4,3,0,7,0,15,39,2,56,0,19,42,2,63,6,2,8,71
07/11/2023,CIC,CA,AWP,WE,Federal Contract Tower,0,5,2,0,7,0,19,77,0,96,0,24,79,0,103,16,0,16,119
07/12/2023,CIC,CA,AWP,WE,Federal Contract Tower,0,2,2,0,4,0,19,51,0,70,0,21,53,0,74,18,0,18,92
07/13/2023,CIC,CA,AWP,WE,Federal Contract Tower,0,2,8,0,10,0,23,60,0,83,0,25,68,0,93,10,0,10,103
07/14/2023,CIC,CA,AWP,WE,Federal Contract Tower,0,2,3,0,5,0,17,49,0,66,0,19,52,0,71,16,0,16,87
07/15/2023,CIC,CA,AWP,WE,Federal Contract Tower,0,0,0,0,0,0,9,19,0,28,0,9,19,0,28,12,0,12,40
07/16/2023,CIC,CA,AWP,WE,Federal Contract Tower,0,3,3,0,6,0,16,24,0,40,0,19,27,0,46,6,0,6,52
07/17/2023,CIC,CA,AWP,WE,Federal Contract Tower,0,2,3,0,5,0,9,38,0,47,0,11,41,0,52,34,0,34,86
07/18/2023,CIC,CA,AWP,WE,Federal Contract Tower,0,2,3,0,5,0,31,40,0,71,0,33,43,0,76,50,0,50,126
07/19/2023,CIC,CA,AWP,WE,Federal Contract Tower,0,2,5,0,7,0,14,41,0,55,0,16,46,0,62,16,0,16,78
07/20/2023,CIC,CA,AWP,WE,Federal Contract Tower,0,4,3,0,7,0,10,48,4,62,0,14,51,4,69,12,0,12,81
07/21/2023,CIC,CA,AWP,WE,Federal Contract Tower,0,2,4,0,6,0,8,42,0,50,0,10,46,0,56,20,0,20,76
07/22/2023,CIC,CA,AWP,WE,Federal Contract Tower,0,1,3,0,4,0,7,37,0,44,0,8,40,0,48,22,0,22,70
07/23/2023,CIC,CA,AWP,WE,Federal Contract Tower,0,0,1,0,1,0,3,27,0,30,0,3,28,0,31,2,0,2,33
07/24/2023,CIC,CA,AWP,WE,Federal Contract Tower,0,4,2,0,6,0,30,53,2,85,0,34,55,2,91,6,0,6,97
07/25/2023,CIC,CA,AWP,WE,Federal Contract Tower,0,2,3,0,5,0,10,45,0,55,0,12,48,0,60,12,0,12,72
07/27/2023,CIC,CA,AWP,WE,Federal Contract Tower,0,3,1,0,4,0,15,33,0,48,0,18,34,0,52,14,0,14,66
07/28/2023,CIC,CA,AWP,WE,Federal Contract Tower,0,2,2,0,4,0,26,55,0,81,0,28,57,0,85,30,0,30,115
07/29/2023,CIC,CA,AWP,WE,Federal Contract Tower,0,0,1,0,1,0,14,57,2,73,0,14,58,2,74,26,0,26,100
07/30/2023,CIC,CA,AWP,WE,Federal Contract Tower,0,2,0,0,2,0,2,49,0,51,0,4,49,0,53,12,0,12,65
07/31/2023,CIC,CA,AWP,WE,Federal Contract Tower,0,2,0,0,2,0,10,57,4,71,0,12,57,4,73,24,0,24,97
08/01/2023,CIC,CA,AWP,WE,Federal Contract Tower,0,2,1,0,3,0,15,60,0,75,0,17,61,0,78,40,0,40,118
08/02/2023,CIC,CA,AWP,WE,Federal Contract Tower,0,2,5,0,7,0,9,53,0,62,0,11,58,0,69,70,0,70,139
08/03/2023,CIC,CA,AWP,WE,Federal Contract Tower,0,2,5,0,7,0,26,53,0,79,0,28,58,0,86,34,0,34,120
08/04/2023,CIC,CA,AWP,WE,Federal Contract Tower,0,2,2,0,4,0,14,51,0,65,0,16,53,0,69,12,0,12,81
08/05/2023,CIC,CA,AWP,WE,Federal Contract Tower,0,2,1,0,3,0,10,54,0,64,0,12,55,0,67,32,0,32,99
08/06/2023,CIC,CA,AWP,WE,Federal Contract Tower,0,0,1,0,1,0,15,32,0,47,0,15,33,0,48,28,0,28,76
08/07/2023,CIC,CA,AWP,WE,Federal Contract Tower,0,2,1,0,3,0,13,34,0,47,0,15,35,0,50,30,2,32,82
08/08/2023,CIC,CA,AWP,WE,Federal Contract Tower,0,8,0,0,8,0,13,39,2,54,0,21,39,2,62,22,2,24,86
08/09/2023,CIC,CA,AWP,WE,Federal Contract Tower,0,2,4,0,6,0,14,47,0,61,0,16,51,0,67,4,0,4,71
08/10/2023,CIC,CA,AWP,WE,Federal Contract Tower,0,4,5,0,9,0,23,70,0,93,0,27,75,0,102,22,10,32,134
08/11/2023,CIC,CA,AWP,WE,Federal Contract Tower,0,2,5,0,7,0,13,54,0,67,0,15,59,0,74,52,14,66,140
08/12/2023,CIC,CA,AWP,WE,Federal Contract Tower,0,2,0,0,2,0,18,47,0,65,0,20,47,0,67,16,0,16,83
08/13/2023,CIC,CA,AWP,WE,Federal Contract Tower,0,0,2,0,2,0,12,47,0,59,0,12,49,0,61,2,0,2,63
08/14/2023,CIC,CA,AWP,WE,Federal Contract Tower,0,4,4,0,8,0,25,50,0,75,0,29,54,0,83,6,0,6,89
08/15/2023,CIC,CA,AWP,WE,Federal Contract Tower,0,2,1,0,3,0,37,45,0,82,0,39,46,0,85,18,0,18,103
08/16/2023,CIC,CA,AWP,WE,Federal Contract Tower,0,5,2,3,10,0,83,48,1,132,0,88,50,4,142,26,0,26,168
08/17/2023,CIC,CA,AWP,WE,Federal Contract Tower,0,2,6,0,8,0,42,45,0,87,0,44,51,0,95,26,0,26,121
08/18/2023,CIC,CA,AWP,WE,Federal Contract Tower,0,2,6,0,8,0,18,55,0,73,0,20,61,0,81,26,0,26,107
08/19/2023,CIC,CA,AWP,WE,Federal Contract Tower,0,3,9,1,13,0,40,51,0,91,0,43,60,1,104,24,0,24,128
08/20/2023,CIC,CA,AWP,WE,Federal Contract Tower,0,0,1,3,4,0,19,29,0,48,0,19,30,3,52,32,0,32,84
08/21/2023,CIC,CA,AWP,WE,Federal Contract Tower,0,7,4,0,11,0,12,8,0,20,0,19,12,0,31,18,0,18,49
08/22/2023,CIC,CA,AWP,WE,Federal Contract Tower,0,4,3,0,7,0,27,61,1,89,0,31,64,1,96,48,0,48,144
08/23/2023,CIC,CA,AWP,WE,Federal Contract Tower,0,1,7,0,8,0,34,55,0,89,0,35,62,0,97,28,0,28,125
08/24/2023,CIC,CA,AWP,WE,Federal Contract Tower,0,3,2,0,5,0,45,62,0,107,0,48,64,0,112,64,0,64,176
08/25/2023,CIC,CA,AWP,WE,Federal Contract Tower,0,1,2,0,3,0,33,61,0,94,0,34,63,0,97,12,0,12,109
08/26/2023,CIC,CA,AWP,WE,Federal Contract Tower,0,0,1,0,1,0,38,70,0,108,0,38,71,0,109,10,0,10,119
08/27/2023,CIC,CA,AWP,WE,Federal Contract Tower,0,0,0,0,0,0,17,52,0,69,0,17,52,0,69,32,0,32,101
08/28/2023,CIC,CA,AWP,WE,Federal Contract Tower,0,2,1,0,3,0,23,48,0,71,0,25,49,0,74,16,0,16,90
08/29/2023,CIC,CA,AWP,WE,Federal Contract Tower,0,4,1,0,5,0,62,81,0,143,0,66,82,0,148,32,0,32,180
08/30/2023,CIC,CA,AWP,WE,Federal Contract Tower,0,2,2,0,4,0,46,33,0,79,0,48,35,0,83,0,0,0,83
08/31/2023,CIC,CA,AWP,WE,Federal Contract Tower,0,1,0,0,1,0,28,58,2,88,0,29,58,2,89,56,0,56,145
01/01/2020,CIC,CA,AWP,WE,Federal Contract Tower,0,0,4,0,4,0,6,43,0,49,0,6,47,0,53,23,0,23,76
01/02/2020,CIC,CA,AWP,WE,Federal Contract Tower,0,8,3,0,11,0,9,33,0,42,0,17,36,0,53,60,0,60,113
01/03/2020,CIC,CA,AWP,WE,Federal Contract Tower,0,10,2,0,12,0,15,58,0,73,0,25,60,0,85,62,0,62,147
01/04/2020,CIC,CA,AWP,WE,Federal Contract Tower,0,3,5,0,8,0,12,33,0,45,0,15,38,0,53,0,0,0,53
01/05/2020,CIC,CA,AWP,WE,Federal Contract Tower,0,5,4,4,13,0,12,44,0,56,0,17,48,4,69,6,0,6,75
01/06/2020,CIC,CA,AWP,WE,Federal Contract Tower,0,5,0,1,6,0,12,54,0,66,0,17,54,1,72,84,8,92,164
01/07/2020,CIC,CA,AWP,WE,Federal Contract Tower,0,17,13,0,30,0,6,24,0,30,0,23,37,0,60,28,0,28,88
01/08/2020,CIC,CA,AWP,WE,Federal Contract Tower,0,10,7,0,17,0,8,0,0,8,0,18,7,0,25,0,0,0,25
01/09/2020,CIC,CA,AWP,WE,Federal Contract Tower,0,10,10,6,26,0,3,40,0,43,0,13,50,6,69,0,0,0,69
01/10/2020,CIC,CA,AWP,WE,Federal Contract Tower,0,6,3,0,9,0,20,63,0,83,0,26,66,0,92,38,0,38,130
01/11/2020,CIC,CA,AWP,WE,Federal Contract Tower,0,3,8,0,11,0,4,31,0,35,0,7,39,0,46,28,0,28,74
01/12/2020,CIC,CA,AWP,WE,Federal Contract Tower,0,0,7,0,7,0,4,15,0,19,0,4,22,0,26,0,0,0,26
01/13/2020,CIC,CA,AWP,WE,Federal Contract Tower,0,5,3,0,8,0,11,22,0,33,0,16,25,0,41,44,0,44,85
01/14/2020,CIC,CA,AWP,WE,Federal Contract Tower,0,11,3,1,15,0,8,42,0,50,0,19,45,1,65,62,10,72,137
01/15/2020,CIC,CA,AWP,WE,Federal Contract Tower,0,12,2,0,14,0,28,50,0,78,0,40,52,0,92,8,0,8,100
01/16/2020,CIC,CA,AWP,WE,Federal Contract Tower,0,9,3,0,12,0,1,1,0,2,0,10,4,0,14,0,0,0,14
01/17/2020,CIC,CA,AWP,WE,Federal Contract Tower,0,4,8,0,12,0,8,12,0,20,0,12,20,0,32,14,0,14,46
01/18/2020,CIC,CA,AWP,WE,Federal Contract Tower,0,2,1,0,3,0,4,70,0,74,0,6,71,0,77,8,0,8,85
01/19/2020,CIC,CA,AWP,WE,Federal Contract Tower,0,3,5,0,8,0,1,28,0,29,0,4,33,0,37,0,0,0,37
01/20/2020,CIC,CA,AWP,WE,Federal Contract Tower,0,4,3,0,7,0,6,41,0,47,0,10,44,0,54,6,0,6,60
01/21/2020,CIC,CA,AWP,WE,Federal Contract Tower,0,10,9,0,19,0,0,1,0,1,0,10,10,0,20,0,0,0,20
01/22/2020,CIC,CA,AWP,WE,Federal Contract Tower,8,20,2,0,30,0,4,35,0,39,8,24,37,0,69,12,0,12,81
01/23/2020,CIC,CA,AWP,WE,Federal Contract Tower,0,6,6,0,12,0,5,55,0,60,0,11,61,0,72,20,0,20,92
01/24/2020,CIC,CA,AWP,WE,Federal Contract Tower,0,8,24,0,32,0,0,1,0,1,0,8,25,0,33,0,0,0,33
01/25/2020,CIC,CA,AWP,WE,Federal Contract Tower,0,1,9,0,10,0,5,8,0,13,0,6,17,0,23,4,0,4,27
01/26/2020,CIC,CA,AWP,WE,Federal Contract Tower,0,2,4,0,6,0,2,16,0,18,0,4,20,0,24,0,0,0,24
01/27/2020,CIC,CA,AWP,WE,Federal Contract Tower,0,6,6,1,13,0,11,49,0,60,0,17,55,1,73,14,0,14,87
01/28/2020,CIC,CA,AWP,WE,Federal Contract Tower,0,8,10,0,18,0,4,16,0,20,0,12,26,0,38,26,0,26,64
01/29/2020,CIC,CA,AWP,WE,Federal Contract Tower,0,6,5,0,11,0,11,51,2,64,0,17,56,2,75,0,0,0,75
01/30/2020,CIC,CA,AWP,WE,Federal Contract Tower,0,6,5,0,11,0,16,80,0,96,0,22,85,0,107,12,0,12,119
01/31/2020,CIC,CA,AWP,WE,Federal Contract Tower,0,4,8,4,16,0,2,83,0,85,0,6,91,4,101,20,0,20,121
02/01/2020,CIC,CA,AWP,WE,Federal Contract Tower,0,4,1,0,5,0,12,80,0,92,0,16,81,0,97,18,0,18,115
02/02/2020,CIC,CA,AWP,WE,Federal Contract Tower,0,0,1,0,1,0,7,6,0,13,0,7,7,0,14,0,0,0,14
02/03/2020,CIC,CA,AWP,WE,Federal Contract Tower,0,1,4,3,8,0,5,39,2,46,0,6,43,5,54,32,10,42,96
02/04/2020,CIC,CA,AWP,WE,Federal Contract Tower,0,6,3,0,9,0,10,71,0,81,0,16,74,0,90,14,0,14,104
02/05/2020,CIC,CA,AWP,WE,Federal Contract Tower,0,3,2,2,7,0,9,76,2,87,0,12,78,4,94,24,38,62,156
02/06/2020,CIC,CA,AWP,WE,Federal Contract Tower,0,5,3,0,8,0,20,71,4,95,0,25,74,4,103,20,36,56,159
02/07/2020,CIC,CA,AWP,WE,Federal Contract Tower,0,4,7,0,11,0,19,65,0,84,0,23,72,0,95,0,0,0,95
02/08/2020,CIC,CA,AWP,WE,Federal Contract Tower,0,0,0,0,0,0,7,61,0,68,0,7,61,0,68,0,0,0,68
02/09/2020,CIC,CA,AWP,WE,Federal Contract Tower,0,0,2,0,2,0,0,9,0,9,0,0,11,0,11,0,0,0,11
02/10/2020,CIC,CA,AWP,WE,Federal Contract Tower,0,4,4,0,8,0,5,46,0,51,0,9,50,0,59,0,8,8,67
02/11/2020,CIC,CA,AWP,WE,Federal Contract Tower,0,6,0,5,11,0,11,45,0,56,0,17,45,5,67,24,8,32,99
02/12/2020,CIC,CA,AWP,WE,Federal Contract Tower,0,11,2,4,17,0,10,91,0,101,0,21,93,4,118,2,0,2,120
02/13/2020,CIC,CA,AWP,WE,Federal Contract Tower,0,4,5,2,11,0,10,65,0,75,0,14,70,2,86,0,0,0,86
02/14/2020,CIC,CA,AWP,WE,Federal Contract Tower,0,4,7,0,11,0,8,62,0,70,0,12,69,0,81,16,0,16,97
02/15/2020,CIC,CA,AWP,WE,Federal Contract Tower,0,0,5,0,5,0,6,68,0,74,0,6,73,0,79,14,0,14,93
02/16/2020,CIC,CA,AWP,WE,Federal Contract Tower,0,0,1,0,1,0,4,25,0,29,0,4,26,0,30,0,0,0,30
02/17/2020,CIC,CA,AWP,WE,Federal Contract Tower,0,4,4,0,8,0,11,44,0,55,0,15,48,0,63,10,0,10,73
02/18/2020,CIC,CA,AWP,WE,Federal Contract Tower,0,2,0,1,3,0,9,60,2,71,0,11,60,3,74,58,12,70,144
02/19/2020,CIC,CA,AWP,WE,Federal Contract Tower,0,7,7,0,14,0,12,64,2,78,0,19,71,2,92,2,6,8,100
02/20/2020,CIC,CA,AWP,WE,Federal Contract Tower,0,6,0,0,6,0,17,73,2,92,0,23,73,2,98,0,0,0,98
02/21/2020,CIC,CA,AWP,WE,Federal Contract Tower,0,2,4,0,6,0,2,62,2,66,0,4,66,2,72,0,8,8,80
02/22/2020,CIC,CA,AWP,WE,Federal Contract Tower,0,2,0,0,2,0,10,93,0,103,0,12,93,0,105,22,0,22,127
02/23/2020,CIC,CA,AWP,WE,Federal Contract Tower,0,0,2,0,2,0,4,28,0,32,0,4,30,0,34,4,0,4,38
02/24/2020,CIC,CA,AWP,WE,Federal Contract Tower,0,7,2,0,9,0,4,46,4,54,0,11,48,4,63,26,0,26,89
02/25/2020,CIC,CA,AWP,WE,Federal Contract Tower,0,3,2,0,5,0,11,71,7,89,0,14,73,7,94,0,12,12,106
02/26/2020,CIC,CA,AWP,WE,Federal Contract Tower,0,2,5,2,9,0,20,69,3,92,0,22,74,5,101,8,4,12,113
02/27/2020,CIC,CA,AWP,WE,Federal Contract Tower,0,5,5,2,12,0,16,63,2,81,0,21,68,4,93,4,4,8,101
02/28/2020,CIC,CA,AWP,WE,Federal Contract Tower,0,3,1,0,4,0,4,74,0,78,0,7,75,0,82,18,0,18,100
02/29/2020,CIC,CA,AWP,WE,Federal Contract Tower,0,1,4,0,5,0,18,38,0,56,0,19,42,0,61,30,0,30,91
03/01/2020,CIC,CA,AWP,WE,Federal Contract Tower,0,0,2,0,2,0,6,14,0,20,0,6,16,0,22,0,0,0,22
03/02/2020,CIC,CA,AWP,WE,Federal Contract Tower,0,3,0,0,3,0,3,28,0,31,0,6,28,0,34,6,0,6,40
03/03/2020,CIC,CA,AWP,WE,Federal Contract Tower,0,8,1,0,9,0,12,45,2,59,0,20,46,2,68,4,8,12,80
03/04/2020,CIC,CA,AWP,WE,Federal Contract Tower,0,10,2,0,12,0,17,87,0,104,0,27,89,0,116,2,6,8,124
03/05/2020,CIC,CA,AWP,WE,Federal Contract Tower,0,4,2,2,8,0,9,48,0,57,0,13,50,2,65,0,0,0,65
03/06/2020,CIC,CA,AWP,WE,Federal Contract Tower,0,14,4,0,18,0,29,45,4,78,0,43,49,4,96,18,0,18,114
03/07/2020,CIC,CA,AWP,WE,Federal Contract Tower,0,4,8,0,12,0,18,3,0,21,0,22,11,0,33,0,0,0,33
03/08/2020,CIC,CA,AWP,WE,Federal Contract Tower,0,0,12,0,12,0,0,15,0,15,0,0,27,0,27,20,0,20,47
03/09/2020,CIC,CA,AWP,WE,Federal Contract Tower,0,13,5,0,18,0,17,37,2,56,0,30,42,2,74,20,8,28,102
03/10/2020,CIC,CA,AWP,WE,Federal Contract Tower,0,2,1,1,4,0,17,46,4,67,0,19,47,5,71,0,16,16,87
03/11/2020,CIC,CA,AWP,WE,Federal Contract Tower,0,9,6,1,16,0,15,67,1,83,0,24,73,2,99,18,16,34,133
03/12/2020,CIC,CA,AWP,WE,Federal Contract Tower,0,7,0,0,7,0,16,78,1,95,0,23,78,1,102,8,0,8,110
03/13/2020,CIC,CA,AWP,WE,Federal Contract Tower,0,8,5,0,13,0,10,48,0,58,0,18,53,0,71,2,0,2,73
03/14/2020,CIC,CA,AWP,WE,Federal Contract Tower,0,0,1,0,1,0,7,7,0,14,0,7,8,0,15,2,0,2,17
03/15/2020,CIC,CA,AWP,WE,Federal Contract Tower,0,0,3,0,3,0,0,15,0,15,0,0,18,0,18,0,0,0,18
03/16/2020,CIC,CA,AWP,WE,Federal Contract Tower,0,4,3,0,7,0,2,15,0,17,0,6,18,0,24,12,0,12,36
03/17/2020,CIC,CA,AWP,WE,Federal Contract Tower,0,8,2,0,10,0,0,0,0,0,0,8,2,0,10,0,0,0,10
03/18/2020,CIC,CA,AWP,WE,Federal Contract Tower,0,4,2,0,6,0,2,25,0,27,0,6,27,0,33,0,0,0,33
03/19/2020,CIC,CA,AWP,WE,Federal Contract Tower,0,2,4,0,6,0,5,74,0,79,0,7,78,0,85,47,0,47,132
03/20/2020,CIC,CA,AWP,WE,Federal Contract Tower,0,2,0,0,2,0,10,50,0,60,0,12,50,0,62,28,0,28,90
03/21/2020,CIC,CA,AWP,WE,Federal Contract Tower,0,0,2,0,2,0,2,46,0,48,0,2,48,0,50,8,0,8,58
03/22/2020,CIC,CA,AWP,WE,Federal Contract Tower,0,0,0,0,0,0,8,44,0,52,0,8,44,0,52,40,0,40,92
03/23/2020,CIC,CA,AWP,WE,Federal Contract Tower,0,2,4,0,6,0,3,7,13,23,0,5,11,13,29,0,0,0,29
03/24/2020,CIC,CA,AWP,WE,Federal Contract Tower,0,3,0,0,3,0,2,2,0,4,0,5,2,0,7,0,0,0,7
03/25/2020,CIC,CA,AWP,WE,Federal Contract Tower,0,2,0,0,2,0,4,21,3,28,0,6,21,3,30,8,0,8,38
03/26/2020,CIC,CA,AWP,WE,Federal Contract Tower,0,4,3,0,7,0,10,63,0,73,0,14,66,0,80,28,0,28,108
03/27/2020,CIC,CA,AWP,WE,Federal Contract Tower,0,2,1,0,3,0,8,35,0,43,0,10,36,0,46,14,0,14,60
03/28/2020,CIC,CA,AWP,WE,Federal Contract Tower,0,0,7,0,7,0,5,8,0,13,0,5,15,0,20,15,0,15,35
03/29/2020,CIC,CA,AWP,WE,Federal Contract Tower,0,0,5,0,5,0,9,15,0,24,0,9,20,0,29,16,0,16,45
03/30/2020,CIC,CA,AWP,WE,Federal Contract Tower,0,2,3,0,5,0,1,9,0,10,0,3,12,0,15,0,0,0,15
03/31/2020,CIC,CA,AWP,WE,Federal Contract Tower,0,2,4,0,6,0,3,27,4,34,0,5,31,4,40,0,0,0,40
04/01/2020,CIC,CA,AWP,WE,Federal Contract Tower,0,2,0,0,2,0,8,22,0,30,0,10,22,0,32,0,0,0,32
04/02/2020,CIC,CA,AWP,WE,Federal Contract Tower,0,2,4,0,6,0,7,32,0,39,0,9,36,0,45,0,0,0,45
04/03/2020,CIC,CA,AWP,WE,Federal Contract Tower,0,2,0,2,4,0,8,49,2,59,0,10,49,4,63,2,2,4,67
04/04/2020,CIC,CA,AWP,WE,Federal Contract Tower,0,0,0,0,0,0,6,0,0,6,0,6,0,0,6,0,0,0,6
04/05/2020,CIC,CA,AWP,WE,Federal Contract Tower,0,0,1,0,1,0,0,1,0,1,0,0,2,0,2,6,0,6,8
04/06/2020,CIC,CA,AWP,WE,Federal Contract Tower,0,2,2,0,4,0,5,15,0,20,0,7,17,0,24,20,0,20,44
04/07/2020,CIC,CA,AWP,WE,Federal Contract Tower,0,2,1,0,3,0,11,36,0,47,0,13,37,0,50,16,0,16,66
04/08/2020,CIC,CA,AWP,WE,Federal Contract Tower,0,2,2,0,4,0,4,49,0,53,0,6,51,0,57,6,0,6,63
04/09/2020,CIC,CA,AWP,WE,Federal Contract Tower,0,7,12,0,19,0,2,31,0,33,0,9,43,0,52,0,0,0,52
04/10/2020,CIC,CA,AWP,WE,Federal Contract Tower,0,2,0,2,4,0,16,60,0,76,0,18,60,2,80,0,0,0,80
04/11/2020,CIC,CA,AWP,WE,Federal Contract Tower,0,0,4,0,4,0,2,61,0,63,0,2,65,0,67,14,0,14,81
04/12/2020,CIC,CA,AWP,WE,Federal Contract Tower,0,0,1,0,1,0,0,34,0,34,0,0,35,0,35,0,0,0,35
04/13/2020,CIC,CA,AWP,WE,Federal Contract Tower,0,2,0,0,2,0,10,21,0,31,0,12,21,0,33,0,0,0,33
04/14/2020,CIC,CA,AWP,WE,Federal Contract Tower,0,8,3,0,11,0,4,33,0,37,0,12,36,0,48,24,0,24,72
04/15/2020,CIC,CA,AWP,WE,Federal Contract Tower,0,5,6,0,11,0,6,40,0,46,0,11,46,0,57,2,0,2,59
04/16/2020,CIC,CA,AWP,WE,Federal Contract Tower,0,2,2,0,4,0,10,40,0,50,0,12,42,0,54,8,0,8,62
04/17/2020,CIC,CA,AWP,WE,Federal Contract Tower,0,2,0,0,2,0,15,51,0,66,0,17,51,0,68,16,0,16,84
04/18/2020,CIC,CA,AWP,WE,Federal Contract Tower,0,0,6,0,6,0,4,48,0,52,0,4,54,0,58,1,0,1,59
04/19/2020,CIC,CA,AWP,WE,Federal Contract Tower,0,0,0,0,0,0,2,19,0,21,0,2,19,0,21,0,0,0,21
04/20/2020,CIC,CA,AWP,WE,Federal Contract Tower,0,4,2,12,18,0,12,46,0,58,0,16,48,12,76,4,0,4,80
04/21/2020,CIC,CA,AWP,WE,Federal Contract Tower,0,8,1,0,9,0,5,58,0,63,0,13,59,0,72,16,0,16,88
04/22/2020,CIC,CA,AWP,WE,Federal Contract Tower,0,1,3,0,4,0,12,38,0,50,0,13,41,0,54,18,0,18,72
04/23/2020,CIC,CA,AWP,WE,Federal Contract Tower,0,5,1,0,6,0,8,37,0,45,0,13,38,0,51,26,0,26,77
04/24/2020,CIC,CA,AWP,WE,Federal Contract Tower,0,2,1,0,3,0,12,42,0,54,0,14,43,0,57,4,0,4,61
04/25/2020,CIC,CA,AWP,WE,Federal Contract Tower,0,0,0,0,0,0,15,26,0,41,0,15,26,0,41,6,0,6,47
04/26/2020,CIC,CA,AWP,WE,Federal Contract Tower,0,0,0,0,0,0,0,37,0,37,0,0,37,0,37,8,0,8,45
04/27/2020,CIC,CA,AWP,WE,Federal Contract Tower,0,4,2,0,6,0,5,48,0,53,0,9,50,0,59,2,0,2,61
04/28/2020,CIC,CA,AWP,WE,Federal Contract Tower,0,3,1,0,4,0,11,40,0,51,0,14,41,0,55,10,4,14,69
04/29/2020,CIC,CA,AWP,WE,Federal Contract Tower,0,2,1,2,5,0,19,62,0,81,0,21,63,2,86,16,0,16,102
04/30/2020,CIC,CA,AWP,WE,Federal Contract Tower,0,4,0,0,4,0,13,60,0,73,0,17,60,0,77,2,0,2,79
05/01/2020,CIC,CA,AWP,WE,Federal Contract Tower,0,3,3,2,8,0,8,63,2,73,0,11,66,4,81,20,16,36,117
05/02/2020,CIC,CA,AWP,WE,Federal Contract Tower,0,0,5,0,5,0,14,31,0,45,0,14,36,0,50,8,0,8,58
05/03/2020,CIC,CA,AWP,WE,Federal Contract Tower,0,0,3,0,3,0,17,57,0,74,0,17,60,0,77,6,0,6,83
05/04/2020,CIC,CA,AWP,WE,Federal Contract Tower,0,5,3,0,8,0,11,80,0,91,0,16,83,0,99,8,0,8,107
05/05/2020,CIC,CA,AWP,WE,Federal Contract Tower,0,1,6,0,7,0,20,54,0,74,0,21,60,0,81,0,0,0,81
05/06/2020,CIC,CA,AWP,WE,Federal Contract Tower,0,4,0,0,4,0,13,30,0,43,0,17,30,0,47,12,0,12,59
05/07/2020,CIC,CA,AWP,WE,Federal Contract Tower,0,3,6,0,9,0,23,78,0,101,0,26,84,0,110,40,0,40,150
05/08/2020,CIC,CA,AWP,WE,Federal Contract Tower,0,1,7,0,8,0,20,35,0,55,0,21,42,0,63,0,8,8,71
05/09/2020,CIC,CA,AWP,WE,Federal Contract Tower,0,0,0,0,0,0,13,42,0,55,0,13,42,0,55,2,0,2,57
05/10/2020,CIC,CA,AWP,WE,Federal Contract Tower,0,0,0,0,0,0,17,30,0,47,0,17,30,0,47,0,0,0,47
05/11/2020,CIC,CA,AWP,WE,Federal Contract Tower,0,11,0,0,11,0,6,16,4,26,0,17,16,4,37,20,0,20,57
05/12/2020,CIC,CA,AWP,WE,Federal Contract Tower,0,3,8,0,11,0,10,13,0,23,0,13,21,0,34,2,0,2,36
05/13/2020,CIC,CA,AWP,WE,Federal Contract Tower,0,11,3,0,14,0,14,34,0,48,0,25,37,0,62,0,0,0,62
05/14/2020,CIC,CA,AWP,WE,Federal Contract Tower,0,6,2,0,8,0,31,42,0,73,0,37,44,0,81,92,0,92,173
05/15/2020,CIC,CA,AWP,WE,Federal Contract Tower,0,3,5,0,8,0,25,59,4,88,0,28,64,4,96,30,0,30,126
05/16/2020,CIC,CA,AWP,WE,Federal Contract Tower,0,1,4,0,5,0,28,64,0,92,0,29,68,0,97,16,0,16,113
05/17/2020,CIC,CA,AWP,WE,Federal Contract Tower,0,0,4,0,4,0,9,11,0,20,0,9,15,0,24,0,0,0,24
05/18/2020,CIC,CA,AWP,WE,Federal Contract Tower,0,2,0,0,2,0,9,2,0,11,0,11,2,0,13,16,0,16,29
05/19/2020,CIC,CA,AWP,WE,Federal Contract Tower,0,0,4,0,4,0,8,38,0,46,0,8,42,0,50,26,0,26,76
05/20/2020,CIC,CA,AWP,WE,Federal Contract Tower,0,9,5,0,14,0,7,61,0,68,0,16,66,0,82,70,0,70,152
05/21/2020,CIC,CA,AWP,WE,Federal Contract Tower,0,6,1,0,7,0,9,77,0,86,0,15,78,0,93,4,0,4,97
05/22/2020,CIC,CA,AWP,WE,Federal Contract Tower,0,2,1,0,3,0,9,22,0,31,0,11,23,0,34,20,6,26,60
05/23/2020,CIC,CA,AWP,WE,Federal Contract Tower,0,0,5,0,5,0,11,57,0,68,0,11,62,0,73,20,0,20,93
05/24/2020,CIC,CA,AWP,WE,Federal Contract Tower,0,0,7,0,7,0,13,74,0,87,0,13,81,0,94,6,0,6,100
05/25/2020,CIC,CA,AWP,WE,Federal Contract Tower,0,0,0,0,0,0,1,77,0,78,0,1,77,0,78,26,0,26,104
05/26/2020,CIC,CA,AWP,WE,Federal Contract Tower,0,1,2,0,3,0,15,73,2,90,0,16,75,2,93,12,0,12,105
05/27/2020,CIC,CA,AWP,WE,Federal Contract Tower,0,5,4,0,9,0,12,69,0,81,0,17,73,0,90,48,4,52,142
05/28/2020,CIC,CA,AWP,WE,Federal Contract Tower,0,4,3,2,9,0,14,70,0,84,0,18,73,2,93,4,0,4,97
05/29/2020,CIC,CA,AWP,WE,Federal Contract Tower,0,4,5,0,9,0,32,71,0,103,0,36,76,0,112,23,0,23,135
05/30/2020,CIC,CA,AWP,WE,Federal Contract Tower,0,4,0,0,4,0,12,11,0,23,0,16,11,0,27,0,0,0,27
05/31/2020,CIC,CA,AWP,WE,Federal Contract Tower,0,0,1,0,1,0,10,57,0,67,0,10,58,0,68,20,0,20,88
06/01/2020,CIC,CA,AWP,WE,Federal Contract Tower,0,5,0,0,5,0,10,46,0,56,0,15,46,0,61,28,0,28,89
06/02/2020,CIC,CA,AWP,WE,Federal Contract Tower,0,10,6,0,16,0,13,70,1,84,0,23,76,1,100,14,0,14,114
06/03/2020,CIC,CA,AWP,WE,Federal Contract Tower,0,8,4,0,12,0,22,64,0,86,0,30,68,0,98,96,0,96,194
06/04/2020,CIC,CA,AWP,WE,Federal Contract Tower,0,2,4,0,6,0,22,47,0,69,0,24,51,0,75,0,4,4,79
06/05/2020,CIC,CA,AWP,WE,Federal Contract Tower,0,8,4,0,12,0,12,61,1,74,0,20,65,1,86,0,2,2,88
06/06/2020,CIC,CA,AWP,WE,Federal Contract Tower,0,0,5,0,5,0,16,38,0,54,0,16,43,0,59,4,0,4,63
06/07/2020,CIC,CA,AWP,WE,Federal Contract Tower,0,0,0,0,0,0,0,0,0,0,0,0,0,0,0,22,0,22,22
06/08/2020,CIC,CA,AWP,WE,Federal Contract Tower,0,2,0,0,2,0,13,68,0,81,0,15,68,0,83,16,0,16,99
06/09/2020,CIC,CA,AWP,WE,Federal Contract Tower,0,6,5,0,11,0,7,39,0,46,0,13,44,0,57,16,0,16,73
06/10/2020,CIC,CA,AWP,WE,Federal Contract Tower,0,4,0,0,4,0,27,43,0,70,0,31,43,0,74,8,0,8,82
06/11/2020,CIC,CA,AWP,WE,Federal Contract Tower,0,11,2,0,13,0,19,58,0,77,0,30,60,0,90,28,0,28,118
06/12/2020,CIC,CA,AWP,WE,Federal Contract Tower,0,6,7,0,13,0,4,25,0,29,0,10,32,0,42,10,0,10,52
06/13/2020,CIC,CA,AWP,WE,Federal Contract Tower,0,0,5,0,5,0,14,45,0,59,0,14,50,0,64,4,0,4,68
06/14/2020,CIC,CA,AWP,WE,Federal Contract Tower,0,0,2,0,2,0,6,76,0,82,0,6,78,0,84,52,0,52,136
06/15/2020,CIC,CA,AWP,WE,Federal Contract Tower,0,5,2,1,8,0,11,70,1,82,0,16,72,2,90,36,6,42,132
06/16/2020,CIC,CA,AWP,WE,Federal Contract Tower,0,3,2,0,5,0,7,51,0,58,0,10,53,0,63,38,0,38,101
06/17/2020,CIC,CA,AWP,WE,Federal Contract Tower,0,4,1,0,5,0,28,30,0,58,0,32,31,0,63,8,0,8,71
06/18/2020,CIC,CA,AWP,WE,Federal Contract Tower,0,6,0,0,6,0,13,46,0,59,0,19,46,0,65,32,0,32,97
06/19/2020,CIC,CA,AWP,WE,Federal Contract Tower,0,7,0,0,7,0,5,78,0,83,0,12,78,0,90,14,0,14,104
06/20/2020,CIC,CA,AWP,WE,Federal Contract Tower,0,0,3,0,3,0,28,82,0,110,0,28,85,0,113,20,0,20,133
06/21/2020,CIC,CA,AWP,WE,Federal Contract Tower,0,0,0,0,0,0,10,29,0,39,0,10,29,0,39,0,0,0,39
06/22/2020,CIC,CA,AWP,WE,Federal Contract Tower,0,4,1,0,5,0,26,46,0,72,0,30,47,0,77,46,0,46,123
06/23/2020,CIC,CA,AWP,WE,Federal Contract Tower,0,11,4,0,15,0,11,50,0,61,0,22,54,0,76,4,0,4,80
06/24/2020,CIC,CA,AWP,WE,Federal Contract Tower,0,7,0,1,8,0,29,51,0,80,0,36,51,1,88,48,8,56,144
06/25/2020,CIC,CA,AWP,WE,Federal Contract Tower,0,4,2,1,7,0,16,51,3,70,0,20,53,4,77,22,16,38,115
06/26/2020,CIC,CA,AWP,WE,Federal Contract Tower,0,10,2,6,18,0,20,52,0,72,0,30,54,6,90,24,0,24,114
06/27/2020,CIC,CA,AWP,WE,Federal Contract Tower,0,0,5,0,5,0,6,56,0,62,0,6,61,0,67,26,0,26,93
06/28/2020,CIC,CA,AWP,WE,Federal Contract Tower,0,1,0,0,1,0,12,29,0,41,0,13,29,0,42,0,0,0,42
06/29/2020,CIC,CA,AWP,WE,Federal Contract Tower,0,9,0,0,9,0,13,38,0,51,0,22,38,0,60,20,0,20,80
06/30/2020,CIC,CA,AWP,WE,Federal Contract Tower,0,8,1,0,9,0,25,69,0,94,0,33,70,0,103,34,0,34,137
07/01/2020,CIC,CA,AWP,WE,Federal Contract Tower,0,6,1,2,9,0,14,49,1,64,0,20,50,3,73,26,8,34,107
07/02/2020,CIC,CA,AWP,WE,Federal Contract Tower,0,2,1,0,3,0,15,57,0,72,0,17,58,0,75,6,16,22,97
07/03/2020,CIC,CA,AWP,WE,Federal Contract Tower,0,3,2,0,5,0,32,54,0,86,0,35,56,0,91,23,0,23,114
07/04/2020,CIC,CA,AWP,WE,Federal Contract Tower,0,0,3,0,3,17,55,0,0,72,17,55,3,0,75,9,0,9,84
07/05/2020,CIC,CA,AWP,WE,Federal Contract Tower,0,0,1,0,1,0,4,34,0,38,0,4,35,0,39,0,0,0,39
07/06/2020,CIC,CA,AWP,WE,Federal Contract Tower,0,9,2,0,11,0,28,37,0,65,0,37,39,0,76,4,0,4,80
07/07/2020,CIC,CA,AWP,WE,Federal Contract Tower,0,6,4,0,10,0,15,47,2,64,0,21,51,2,74,16,24,40,114
07/08/2020,CIC,CA,AWP,WE,Federal Contract Tower,0,11,3,0,14,0,13,55,1,69,0,24,58,1,83,6,18,24,107
07/09/2020,CIC,CA,AWP,WE,Federal Contract Tower,0,2,3,0,5,0,21,56,0,77,0,23,59,0,82,10,4,14,96
07/10/2020,CIC,CA,AWP,WE,Federal Contract Tower,0,9,0,6,15,0,27,69,1,97,0,36,69,7,112,28,0,28,140
07/11/2020,CIC,CA,AWP,WE,Federal Contract Tower,0,1,4,0,5,0,38,59,0,97,0,39,63,0,102,24,0,24,126
07/12/2020,CIC,CA,AWP,WE,Federal Contract Tower,0,1,2,0,3,0,1,41,8,50,0,2,43,8,53,8,22,30,83
07/13/2020,CIC,CA,AWP,WE,Federal Contract Tower,0,10,3,0,13,0,26,50,0,76,0,36,53,0,89,36,0,36,125
07/14/2020,CIC,CA,AWP,WE,Federal Contract Tower,0,4,4,0,8,0,12,47,2,61,0,16,51,2,69,12,0,12,81
07/15/2020,CIC,CA,AWP,WE,Federal Contract Tower,0,2,4,4,10,0,0,19,52,71,0,2,23,56,81,14,14,28,109
07/16/2020,CIC,CA,AWP,WE,Federal Contract Tower,0,5,2,0,7,0,19,59,2,80,0,24,61,2,87,14,0,14,101
07/17/2020,CIC,CA,AWP,WE,Federal Contract Tower,0,9,4,0,13,0,14,62,0,76,0,23,66,0,89,22,0,22,111
07/18/2020,CIC,CA,AWP,WE,Federal Contract Tower,0,0,0,0,0,0,10,32,0,42,0,10,32,0,42,18,0,18,60
07/19/2020,CIC,CA,AWP,WE,Federal Contract Tower,0,0,2,0,2,0,38,42,0,80,0,38,44,0,82,0,0,0,82
07/20/2020,CIC,CA,AWP,WE,Federal Contract Tower,0,10,0,0,10,0,40,51,0,91,0,50,51,0,101,6,20,26,127
07/21/2020,CIC,CA,AWP,WE,Federal Contract Tower,0,2,1,0,3,0,30,54,0,84,0,32,55,0,87,2,0,2,89
07/22/2020,CIC,CA,AWP,WE,Federal Contract Tower,0,4,1,0,5,0,32,43,12,87,0,36,44,12,92,18,4,22,114
07/23/2020,CIC,CA,AWP,WE,Federal Contract Tower,0,4,4,0,8,0,16,53,0,69,0,20,57,0,77,4,0,4,81
07/24/2020,CIC,CA,AWP,WE,Federal Contract Tower,0,3,1,1,5,0,26,75,0,101,0,29,76,1,106,26,0,26,132
07/25/2020,CIC,CA,AWP,WE,Federal Contract Tower,0,0,2,0,2,0,16,54,0,70,0,16,56,0,72,16,0,16,88
07/26/2020,CIC,CA,AWP,WE,Federal Contract Tower,0,0,2,0,2,0,13,38,0,51,0,13,40,0,53,4,0,4,57
07/27/2020,CIC,CA,AWP,WE,Federal Contract Tower,0,5,2,0,7,0,22,40,0,62,0,27,42,0,69,4,0,4,73
07/28/2020,CIC,CA,AWP,WE,Federal Contract Tower,0,5,2,2,9,0,24,45,0,69,0,29,47,2,78,14,0,14,92
07/29/2020,CIC,CA,AWP,WE,Federal Contract Tower,0,4,10,2,16,0,25,74,2,101,0,29,84,4,117,16,4,20,137
07/30/2020,CIC,CA,AWP,WE,Federal Contract Tower,0,8,2,0,10,0,11,74,0,85,0,19,76,0,95,0,0,0,95
07/31/2020,CIC,CA,AWP,WE,Federal Contract Tower,0,4,1,0,5,0,23,65,0,88,0,27,66,0,93,20,0,20,113
08/01/2020,CIC,CA,AWP,WE,Federal Contract Tower,0,0,0,0,0,0,14,78,0,92,0,14,78,0,92,28,0,28,120
08/02/2020,CIC,CA,AWP,WE,Federal Contract Tower,0,1,5,0,6,0,19,41,0,60,0,20,46,0,66,18,0,18,84
08/03/2020,CIC,CA,AWP,WE,Federal Contract Tower,0,4,1,0,5,0,13,33,0,46,0,17,34,0,51,2,0,2,53
08/04/2020,CIC,CA,AWP,WE,Federal Contract Tower,0,4,3,0,7,0,22,36,0,58,0,26,39,0,65,64,2,66,131
08/05/2020,CIC,CA,AWP,WE,Federal Contract Tower,0,3,1,0,4,0,17,58,0,75,0,20,59,0,79,54,0,54,133
08/06/2020,CIC,CA,AWP,WE,Federal Contract Tower,0,6,3,0,9,0,31,68,0,99,0,37,71,0,108,26,0,26,134
08/07/2020,CIC,CA,AWP,WE,Federal Contract Tower,0,1,2,0,3,0,13,69,2,84,0,14,71,2,87,16,0,16,103
08/08/2020,CIC,CA,AWP,WE,Federal Contract Tower,0,0,5,0,5,0,22,73,0,95,0,22,78,0,100,18,0,18,118
08/09/2020,CIC,CA,AWP,WE,Federal Contract Tower,0,1,4,0,5,0,16,52,0,68,0,17,56,0,73,22,0,22,95
08/10/2020,CIC,CA,AWP,WE,Federal Contract Tower,0,4,3,0,7,0,16,60,0,76,0,20,63,0,83,24,0,24,107
08/11/2020,CIC,CA,AWP,WE,Federal Contract Tower,0,4,3,0,7,0,20,46,0,66,0,24,49,0,73,4,0,4,77
08/12/2020,CIC,CA,AWP,WE,Federal Contract Tower,0,2,4,0,6,0,22,64,0,86,0,24,68,0,92,44,0,44,136
08/13/2020,CIC,CA,AWP,WE,Federal Contract Tower,0,7,4,0,11,0,31,68,2,101,0,38,72,2,112,40,0,40,152
08/14/2020,CIC,CA,AWP,WE,Federal Contract Tower,0,5,0,0,5,0,24,49,2,75,0,29,49,2,80,0,6,6,86
08/15/2020,CIC,CA,AWP,WE,Federal Contract Tower,0,0,1,0,1,0,10,22,0,32,0,10,23,0,33,6,0,6,39
08/16/2020,CIC,CA,AWP,WE,Federal Contract Tower,0,0,0,0,0,0,89,29,0,118,0,89,29,0,118,2,0,2,120
08/17/2020,CIC,CA,AWP,WE,Federal Contract Tower,0,2,2,0,4,0,116,17,0,133,0,118,19,0,137,10,0,10,147
08/18/2020,CIC,CA,AWP,WE,Federal Contract Tower,0,11,7,0,18,0,73,46,5,124,0,84,53,5,142,0,0,0,142
08/19/2020,CIC,CA,AWP,WE,Federal Contract Tower,0,7,2,6,15,0,20,30,12,62,0,27,32,18,77,48,0,48,125
08/20/2020,CIC,CA,AWP,WE,Federal Contract Tower,0,10,7,6,23,0,73,20,10,103,0,83,27,16,126,0,0,0,126
08/21/2020,CIC,CA,AWP,WE,Federal Contract Tower,0,13,11,16,40,0,0,0,0,0,0,13,11,16,40,0,0,0,40
08/22/2020,CIC,CA,AWP,WE,Federal Contract Tower,0,8,14,13,35,0,7,1,0,8,0,15,15,13,43,0,0,0,43
08/23/2020,CIC,CA,AWP,WE,Federal Contract Tower,0,4,7,10,21,0,34,2,17,53,0,38,9,27,74,0,2,2,76
08/24/2020,CIC,CA,AWP,WE,Federal Contract Tower,0,5,7,5,17,0,31,23,12,66,0,36,30,17,83,2,0,2,85
08/25/2020,CIC,CA,AWP,WE,Federal Contract Tower,0,6,4,2,12,0,9,18,18,45,0,15,22,20,57,6,0,6,63
08/26/2020,CIC,CA,AWP,WE,Federal Contract Tower,0,22,10,2,34,0,27,20,9,56,0,49,30,11,90,0,0,0,90
08/27/2020,CIC,CA,AWP,WE,Federal Contract Tower,0,13,3,0,16,0,29,46,0,75,0,42,49,0,91,52,0,52,143
08/28/2020,CIC,CA,AWP,WE,Federal Contract Tower,0,6,3,0,9,0,23,58,0,81,0,29,61,0,90,4,0,4,94
08/29/2020,CIC,CA,AWP,WE,Federal Contract Tower,0,0,4,1,5,0,6,35,0,41,0,6,39,1,46,18,0,18,64
08/30/2020,CIC,CA,AWP,WE,Federal Contract Tower,0,0,3,0,3,0,13,31,0,44,0,13,34,0,47,6,0,6,53
08/31/2020,CIC,CA,AWP,WE,Federal Contract Tower,0,15,3,0,18,0,40,37,0,77,0,55,40,0,95,46,0,46,141
09/01/2020,CIC,CA,AWP,WE,Federal Contract Tower,0,10,8,0,18,0,50,54,6,110,0,60,62,6,128,8,0,8,136
09/02/2020,CIC,CA,AWP,WE,Federal Contract Tower,0,12,5,0,17,0,26,51,0,77,0,38,56,0,94,32,0,32,126
09/03/2020,CIC,CA,AWP,WE,Federal Contract Tower,0,13,1,0,14,0,21,38,0,59,0,34,39,0,73,48,0,48,121
09/04/2020,CIC,CA,AWP,WE,Federal Contract Tower,0,11,5,0,16,0,17,50,0,67,0,28,55,0,83,24,0,24,107
09/05/2020,CIC,CA,AWP,WE,Federal Contract Tower,0,4,5,0,9,0,28,28,0,56,0,32,33,0,65,4,0,4,69
09/06/2020,CIC,CA,AWP,WE,Federal Contract Tower,0,0,1,0,1,0,22,25,0,47,0,22,26,0,48,18,0,18,66
09/07/2020,CIC,CA,AWP,WE,Federal Contract Tower,0,1,3,0,4,0,20,49,0,69,0,21,52,0,73,16,0,16,89
09/08/2020,CIC,CA,AWP,WE,Federal Contract Tower,0,7,2,0,9,0,19,14,0,33,0,26,16,0,42,28,0,28,70
09/09/2020,CIC,CA,AWP,WE,Federal Contract Tower,0,9,9,0,18,0,28,15,0,43,0,37,24,0,61,4,0,4,65
09/10/2020,CIC,CA,AWP,WE,Federal Contract Tower,0,7,10,0,17,0,0,0,0,0,0,7,10,0,17,0,0,0,17
09/11/2020,CIC,CA,AWP,WE,Federal Contract Tower,0,5,6,0,11,0,0,0,0,0,0,5,6,0,11,0,0,0,11
09/12/2020,CIC,CA,AWP,WE,Federal Contract Tower,0,1,2,0,3,0,0,2,0,2,0,1,4,0,5,6,0,6,11
09/13/2020,CIC,CA,AWP,WE,Federal Contract Tower,0,2,4,0,6,0,0,0,0,0,0,2,4,0,6,0,0,0,6
09/14/2020,CIC,CA,AWP,WE,Federal Contract Tower,0,25,11,7,43,0,6,0,8,14,0,31,11,15,57,4,0,4,61
09/15/2020,CIC,CA,AWP,WE,Federal Contract Tower,0,21,7,0,28,0,59,18,6,83,0,80,25,6,111,0,0,0,111
09/16/2020,CIC,CA,AWP,WE,Federal Contract Tower,0,29,9,0,38,0,29,19,9,57,0,58,28,9,95,48,0,48,143
09/17/2020,CIC,CA,AWP,WE,Federal Contract Tower,0,7,8,1,16,0,32,23,0,55,0,39,31,1,71,18,10,28,99
09/18/2020,CIC,CA,AWP,WE,Federal Contract Tower,0,12,3,0,15,0,77,50,0,127,0,89,53,0,142,58,0,58,200
09/19/2020,CIC,CA,AWP,WE,Federal Contract Tower,0,0,5,0,5,0,47,59,10,116,0,47,64,10,121,46,0,46,167
09/20/2020,CIC,CA,AWP,WE,Federal Contract Tower,0,0,9,0,9,0,23,34,5,62,0,23,43,5,71,16,0,16,87
09/21/2020,CIC,CA,AWP,WE,Federal Contract Tower,0,22,10,0,32,0,15,12,16,43,0,37,22,16,75,8,0,8,83
09/22/2020,CIC,CA,AWP,WE,Federal Contract Tower,0,8,4,0,12,0,60,49,15,124,0,68,53,15,136,66,6,72,208
09/23/2020,CIC,CA,AWP,WE,Federal Contract Tower,0,8,5,2,15,0,37,45,25,107,0,45,50,27,122,32,16,48,170
09/24/2020,CIC,CA,AWP,WE,Federal Contract Tower,0,5,3,0,8,0,46,60,13,119,0,51,63,13,127,16,0,16,143
09/25/2020,CIC,CA,AWP,WE,Federal Contract Tower,0,6,3,0,9,0,22,62,7,91,0,28,65,7,100,82,8,90,190
09/26/2020,CIC,CA,AWP,WE,Federal Contract Tower,0,1,4,0,5,0,20,63,19,102,0,21,67,19,107,18,0,18,125
09/27/2020,CIC,CA,AWP,WE,Federal Contract Tower,0,0,2,0,2,0,42,24,8,74,0,42,26,8,76,0,0,0,76
09/28/2020,CIC,CA,AWP,WE,Federal Contract Tower,0,4,0,0,4,0,35,51,11,97,0,39,51,11,101,22,0,22,123
09/29/2020,CIC,CA,AWP,WE,Federal Contract Tower,0,11,6,0,17,0,16,30,3,49,0,27,36,3,66,90,0,90,156
09/30/2020,CIC,CA,AWP,WE,Federal Contract Tower,0,2,4,0,6,0,21,27,0,48,0,23,31,0,54,18,0,18,72
10/01/2020,CIC,CA,AWP,WE,Federal Contract Tower,0,4,10,0,14,2,10,13,0,25,2,14,23,0,39,12,0,12,51
10/02/2020,CIC,CA,AWP,WE,Federal Contract Tower,0,6,3,0,9,0,10,15,0,25,0,16,18,0,34,28,0,28,62
10/03/2020,CIC,CA,AWP,WE,Federal Contract Tower,0,0,6,0,6,0,3,24,0,27,0,3,30,0,33,8,0,8,41
10/04/2020,CIC,CA,AWP,WE,Federal Contract Tower,0,3,6,0,9,0,1,13,0,14,0,4,19,0,23,0,0,0,23
10/05/2020,CIC,CA,AWP,WE,Federal Contract Tower,0,10,1,0,11,0,16,51,0,67,0,26,52,0,78,32,0,32,110
10/06/2020,CIC,CA,AWP,WE,Federal Contract Tower,0,4,4,0,8,0,34,43,2,79,0,38,47,2,87,24,0,24,111
10/07/2020,CIC,CA,AWP,WE,Federal Contract Tower,0,10,1,0,11,0,46,54,0,100,0,56,55,0,111,34,0,34,145
10/08/2020,CIC,CA,AWP,WE,Federal Contract Tower,0,7,6,0,13,0,18,46,0,64,0,25,52,0,77,52,0,52,129
10/09/2020,CIC,CA,AWP,WE,Federal Contract Tower,0,4,2,0,6,0,9,75,0,84,0,13,77,0,90,30,0,30,120
10/10/2020,CIC,CA,AWP,WE,Federal Contract Tower,0,0,5,0,5,0,3,57,0,60,0,3,62,0,65,16,0,16,81
10/11/2020,CIC,CA,AWP,WE,Federal Contract Tower,0,0,3,0,3,0,9,87,0,96,0,9,90,0,99,8,0,8,107
10/12/2020,CIC,CA,AWP,WE,Federal Contract Tower,0,2,0,0,2,0,24,51,0,75,0,26,51,0,77,18,0,18,95
10/13/2020,CIC,CA,AWP,WE,Federal Contract Tower,0,5,4,0,9,0,25,41,0,66,0,30,45,0,75,16,0,16,91
10/14/2020,CIC,CA,AWP,WE,Federal Contract Tower,0,1,3,1,5,0,20,39,5,64,0,21,42,6,69,6,0,6,75
10/15/2020,CIC,CA,AWP,WE,Federal Contract Tower,0,2,4,0,6,0,12,38,0,50,0,14,42,0,56,2,0,2,58
10/16/2020,CIC,CA,AWP,WE,Federal Contract Tower,0,0,5,1,6,0,26,64,1,91,0,26,69,2,97,0,4,4,101
10/17/2020,CIC,CA,AWP,WE,Federal Contract Tower,0,2,2,0,4,0,11,73,0,84,0,13,75,0,88,42,0,42,130
10/18/2020,CIC,CA,AWP,WE,Federal Contract Tower,0,0,0,0,0,0,3,69,0,72,0,3,69,0,72,28,0,28,100
10/19/2020,CIC,CA,AWP,WE,Federal Contract Tower,0,4,3,0,7,0,6,68,0,74,0,10,71,0,81,20,0,20,101
10/20/2020,CIC,CA,AWP,WE,Federal Contract Tower,0,3,1,2,6,0,13,61,0,74,0,16,62,2,80,16,4,20,100
10/21/2020,CIC,CA,AWP,WE,Federal Contract Tower,0,6,0,0,6,0,10,46,0,56,0,16,46,0,62,32,0,32,94
10/22/2020,CIC,CA,AWP,WE,Federal Contract Tower,0,1,0,0,1,0,18,36,2,56,0,19,36,2,57,4,0,4,61
10/23/2020,CIC,CA,AWP,WE,Federal Contract Tower,0,3,7,0,10,1,13,56,0,70,1,16,63,0,80,18,0,18,98
10/24/2020,CIC,CA,AWP,WE,Federal Contract Tower,0,0,5,0,5,0,12,58,0,70,0,12,63,0,75,16,0,16,91
10/25/2020,CIC,CA,AWP,WE,Federal Contract Tower,0,0,3,0,3,0,14,15,0,29,0,14,18,0,32,24,0,24,56
10/26/2020,CIC,CA,AWP,WE,Federal Contract Tower,0,2,5,0,7,0,6,35,0,41,0,8,40,0,48,20,0,20,68
10/27/2020,CIC,CA,AWP,WE,Federal Contract Tower,0,3,4,3,10,0,14,60,1,75,0,17,64,4,85,4,10,14,99
10/28/2020,CIC,CA,AWP,WE,Federal Contract Tower,0,3,3,0,6,0,12,70,0,82,0,15,73,0,88,42,0,42,130
10/29/2020,CIC,CA,AWP,WE,Federal Contract Tower,0,4,6,0,10,0,9,60,1,70,0,13,66,1,80,18,0,18,98
10/30/2020,CIC,CA,AWP,WE,Federal Contract Tower,0,2,1,0,3,0,17,57,0,74,0,19,58,0,77,70,0,70,147
10/31/2020,CIC,CA,AWP,WE,Federal Contract Tower,0,0,3,0,3,0,10,52,0,62,0,10,55,0,65,36,0,36,101
11/01/2020,CIC,CA,AWP,WE,Federal Contract Tower,0,0,6,0,6,0,23,62,8,93,0,23,68,8,99,4,0,4,103
11/02/2020,CIC,CA,AWP,WE,Federal Contract Tower,0,2,0,0,2,0,15,55,13,83,0,17,55,13,85,50,0,50,135
11/03/2020,CIC,CA,AWP,WE,Federal Contract Tower,0,2,0,0,2,0,5,48,8,61,0,7,48,8,63,16,0,16,79
11/04/2020,CIC,CA,AWP,WE,Federal Contract Tower,0,2,3,4,9,0,10,48,0,58,0,12,51,4,67,76,0,76,143
11/05/2020,CIC,CA,AWP,WE,Federal Contract Tower,0,1,1,4,6,0,2,72,0,74,0,3,73,4,80,64,0,64,144
11/06/2020,CIC,CA,AWP,WE,Federal Contract Tower,0,2,5,0,7,0,13,41,0,54,0,15,46,0,61,80,0,80,141
11/07/2020,CIC,CA,AWP,WE,Federal Contract Tower,0,0,3,0,3,0,20,49,0,69,0,20,52,0,72,12,2,14,86
11/08/2020,CIC,CA,AWP,WE,Federal Contract Tower,0,0,2,0,2,0,24,24,1,49,0,24,26,1,51,10,0,10,61
11/09/2020,CIC,CA,AWP,WE,Federal Contract Tower,0,4,1,1,6,0,21,54,1,76,0,25,55,2,82,52,6,58,140
11/10/2020,CIC,CA,AWP,WE,Federal Contract Tower,0,2,4,0,6,0,7,45,2,54,0,9,49,2,60,18,0,18,78
11/11/2020,CIC,CA,AWP,WE,Federal Contract Tower,0,4,0,0,4,0,17,65,0,82,0,21,65,0,86,48,0,48,134
11/12/2020,CIC,CA,AWP,WE,Federal Contract Tower,0,5,2,0,7,0,10,84,4,98,0,15,86,4,105,26,12,38,143
11/13/2020,CIC,CA,AWP,WE,Federal Contract Tower,0,5,6,0,11,0,0,2,0,2,0,5,8,0,13,0,0,0,13
11/14/2020,CIC,CA,AWP,WE,Federal Contract Tower,0,1,0,0,1,0,11,58,0,69,0,12,58,0,70,16,0,16,86
11/15/2020,CIC,CA,AWP,WE,Federal Contract Tower,0,0,3,0,3,0,5,62,0,67,0,5,65,0,70,18,0,18,88
11/16/2020,CIC,CA,AWP,WE,Federal Contract Tower,0,7,4,0,11,0,33,66,0,99,0,40,70,0,110,116,0,116,226
11/17/2020,CIC,CA,AWP,WE,Federal Contract Tower,0,7,14,0,21,0,3,8,0,11,0,10,22,0,32,0,0,0,32
11/18/2020,CIC,CA,AWP,WE,Federal Contract Tower,0,2,7,0,9,0,3,5,0,8,0,5,12,0,17,2,0,2,19
11/19/2020,CIC,CA,AWP,WE,Federal Contract Tower,0,0,4,0,4,0,10,51,2,63,0,10,55,2,67,50,6,56,123
11/20/2020,CIC,CA,AWP,WE,Federal Contract Tower,0,1,2,0,3,0,26,69,3,98,0,27,71,3,101,50,8,58,159
11/21/2020,CIC,CA,AWP,WE,Federal Contract Tower,0,0,2,0,2,4,13,49,0,66,4,13,51,0,68,42,0,42,110
11/22/2020,CIC,CA,AWP,WE,Federal Contract Tower,0,0,1,0,1,0,20,51,0,71,0,20,52,0,72,24,0,24,96
11/23/2020,CIC,CA,AWP,WE,Federal Contract Tower,0,2,10,0,12,0,5,70,0,75,0,7,80,0,87,38,0,38,125
11/24/2020,CIC,CA,AWP,WE,Federal Contract Tower,0,1,7,0,8,0,14,57,0,71,0,15,64,0,79,26,0,26,105
11/25/2020,CIC,CA,AWP,WE,Federal Contract Tower,0,2,3,0,5,0,12,75,0,87,0,14,78,0,92,34,0,34,126
11/26/2020,CIC,CA,AWP,WE,Federal Contract Tower,0,0,0,0,0,0,5,13,0,18,0,5,13,0,18,0,0,0,18
11/27/2020,CIC,CA,AWP,WE,Federal Contract Tower,0,3,0,0,3,0,5,39,0,44,0,8,39,0,47,0,0,0,47
11/28/2020,CIC,CA,AWP,WE,Federal Contract Tower,0,0,1,0,1,0,8,74,0,82,0,8,75,0,83,2,0,2,85
11/29/2020,CIC,CA,AWP,WE,Federal Contract Tower,0,0,0,0,0,0,3,30,0,33,0,3,30,0,33,10,10,20,53
11/30/2020,CIC,CA,AWP,WE,Federal Contract Tower,0,2,1,2,5,0,19,58,0,77,0,21,59,2,82,44,6,50,132
12/01/2020,CIC,CA,AWP,WE,Federal Contract Tower,0,2,0,1,3,0,12,39,16,67,0,14,39,17,70,30,10,40,110
12/02/2020,CIC,CA,AWP,WE,Federal Contract Tower,0,3,1,0,4,0,11,44,0,55,0,14,45,0,59,24,0,24,83
12/03/2020,CIC,CA,AWP,WE,Federal Contract Tower,0,2,1,5,8,0,11,54,7,72,0,13,55,12,80,42,8,50,130
12/04/2020,CIC,CA,AWP,WE,Federal Contract Tower,0,2,2,0,4,0,1,76,0,77,0,3,78,0,81,28,0,28,109
12/05/2020,CIC,CA,AWP,WE,Federal Contract Tower,0,0,4,0,4,0,20,65,0,85,0,20,69,0,89,46,0,46,135
12/06/2020,CIC,CA,AWP,WE,Federal Contract Tower,0,0,1,0,1,0,4,44,0,48,0,4,45,0,49,0,0,0,49
12/07/2020,CIC,CA,AWP,WE,Federal Contract Tower,0,2,4,0,6,0,10,39,2,51,0,12,43,2,57,4,2,6,63
12/08/2020,CIC,CA,AWP,WE,Federal Contract Tower,0,2,2,0,4,0,16,58,0,74,0,18,60,0,78,64,0,64,142
12/09/2020,CIC,CA,AWP,WE,Federal Contract Tower,0,1,4,0,5,0,8,45,0,53,0,9,49,0,58,48,0,48,106
12/10/2020,CIC,CA,AWP,WE,Federal Contract Tower,0,2,8,0,10,0,10,59,0,69,0,12,67,0,79,30,0,30,109
12/11/2020,CIC,CA,AWP,WE,Federal Contract Tower,0,4,10,0,14,0,9,36,0,45,0,13,46,0,59,6,0,6,65
12/12/2020,CIC,CA,AWP,WE,Federal Contract Tower,0,0,2,0,2,0,18,29,8,55,0,18,31,8,57,24,0,24,81
12/13/2020,CIC,CA,AWP,WE,Federal Contract Tower,0,0,14,0,14,0,2,2,0,4,0,2,16,0,18,38,0,38,56
12/14/2020,CIC,CA,AWP,WE,Federal Contract Tower,0,2,3,2,7,0,15,29,0,44,0,17,32,2,51,52,0,52,103
12/15/2020,CIC,CA,AWP,WE,Federal Contract Tower,0,2,3,0,5,0,13,42,0,55,0,15,45,0,60,70,0,70,130
12/16/2020,CIC,CA,AWP,WE,Federal Contract Tower,0,4,3,0,7,0,6,29,0,35,0,10,32,0,42,24,0,24,66
12/17/2020,CIC,CA,AWP,WE,Federal Contract Tower,0,2,6,0,8,0,3,13,0,16,0,5,19,0,24,0,0,0,24
12/18/2020,CIC,CA,AWP,WE,Federal Contract Tower,0,2,2,0,4,0,12,49,0,61,0,14,51,0,65,54,0,54,119
12/19/2020,CIC,CA,AWP,WE,Federal Contract Tower,0,0,2,0,2,0,2,60,0,62,0,2,62,0,64,52,0,52,116
12/20/2020,CIC,CA,AWP,WE,Federal Contract Tower,0,0,1,0,1,0,5,66,0,71,0,5,67,0,72,48,0,48,120
12/21/2020,CIC,CA,AWP,WE,Federal Contract Tower,0,2,3,0,5,0,12,34,0,46,0,14,37,0,51,64,0,64,115
12/22/2020,CIC,CA,AWP,WE,Federal Contract Tower,0,2,13,0,15,0,22,42,0,64,0,24,55,0,79,20,0,20,99
12/23/2020,CIC,CA,AWP,WE,Federal Contract Tower,0,2,5,0,7,0,6,80,0,86,0,8,85,0,93,26,0,26,119
12/24/2020,CIC,CA,AWP,WE,Federal Contract Tower,0,2,0,0,2,0,9,37,0,46,0,11,37,0,48,18,0,18,66
12/25/2020,CIC,CA,AWP,WE,Federal Contract Tower,0,0,1,0,1,0,0,2,0,2,0,0,3,0,3,0,0,0,3
12/26/2020,CIC,CA,AWP,WE,Federal Contract Tower,0,0,4,0,4,0,10,17,0,27,0,10,21,0,31,8,0,8,39
12/27/2020,CIC,CA,AWP,WE,Federal Contract Tower,0,0,2,4,6,0,13,39,0,52,0,13,41,4,58,30,0,30,88
12/28/2020,CIC,CA,AWP,WE,Federal Contract Tower,0,2,3,0,5,0,19,14,0,33,0,21,17,0,38,24,0,24,62
12/29/2020,CIC,CA,AWP,WE,Federal Contract Tower,0,2,3,0,5,0,17,86,0,103,0,19,89,0,108,14,0,14,122
12/30/2020,CIC,CA,AWP,WE,Federal Contract Tower,0,2,2,0,4,0,13,57,0,70,0,15,59,0,74,50,0,50,124
12/31/2020,CIC,CA,AWP,WE,Federal Contract Tower,0,3,10,0,13,0,8,42,0,50,0,11,52,0,63,58,0,58,121
01/01/2021,CIC,CA,AWP,WE,Federal Contract Tower,0,0,2,0,2,0,6,30,0,36,0,6,32,0,38,38,0,38,76
01/02/2021,CIC,CA,AWP,WE,Federal Contract Tower,0,1,3,0,4,0,4,0,0,4,0,5,3,0,8,0,0,0,8
01/03/2021,CIC,CA,AWP,WE,Federal Contract Tower,0,0,1,0,1,0,4,10,0,14,0,4,11,0,15,20,0,20,35
01/04/2021,CIC,CA,AWP,WE,Federal Contract Tower,0,5,0,0,5,4,0,0,0,4,4,5,0,0,9,0,0,0,9
01/05/2021,CIC,CA,AWP,WE,Federal Contract Tower,0,2,3,0,5,0,19,47,0,66,0,21,50,0,71,6,0,6,77
01/06/2021,CIC,CA,AWP,WE,Federal Contract Tower,0,2,1,0,3,0,4,17,0,21,0,6,18,0,24,10,0,10,34
01/07/2021,CIC,CA,AWP,WE,Federal Contract Tower,0,3,3,0,6,0,9,26,0,35,0,12,29,0,41,6,0,6,47
01/08/2021,CIC,CA,AWP,WE,Federal Contract Tower,0,2,3,0,5,0,4,23,0,27,0,6,26,0,32,40,0,40,72
01/09/2021,CIC,CA,AWP,WE,Federal Contract Tower,0,0,0,0,0,0,2,43,0,45,0,2,43,0,45,20,0,20,65
01/11/2021,CIC,CA,AWP,WE,Federal Contract Tower,0,2,4,0,6,0,13,32,2,47,0,15,36,2,53,4,0,4,57
01/12/2021,CIC,CA,AWP,WE,Federal Contract Tower,0,3,2,0,5,0,11,17,0,28,0,14,19,0,33,50,0,50,83
01/13/2021,CIC,CA,AWP,WE,Federal Contract Tower,0,4,5,0,9,0,10,24,0,34,0,14,29,0,43,42,0,42,85
01/14/2021,CIC,CA,AWP,WE,Federal Contract Tower,0,2,3,0,5,0,8,29,2,39,0,10,32,2,44,96,0,96,140
01/15/2021,CIC,CA,AWP,WE,Federal Contract Tower,0,4,2,2,8,0,4,38,0,42,0,8,40,2,50,40,0,40,90
01/16/2021,CIC,CA,AWP,WE,Federal Contract Tower,0,0,0,0,0,0,6,57,0,63,0,6,57,0,63,44,0,44,107
01/17/2021,CIC,CA,AWP,WE,Federal Contract Tower,0,0,0,0,0,0,12,75,0,87,0,12,75,0,87,31,0,31,118
01/18/2021,CIC,CA,AWP,WE,Federal Contract Tower,0,3,1,0,4,0,29,23,0,52,0,32,24,0,56,0,0,0,56
01/19/2021,CIC,CA,AWP,WE,Federal Contract Tower,0,2,1,0,3,0,13,23,0,36,0,15,24,0,39,2,0,2,41
01/20/2021,CIC,CA,AWP,WE,Federal Contract Tower,0,2,5,0,7,0,9,47,0,56,0,11,52,0,63,14,0,14,77
01/21/2021,CIC,CA,AWP,WE,Federal Contract Tower,0,2,0,0,2,0,9,51,0,60,0,11,51,0,62,34,0,34,96
01/22/2021,CIC,CA,AWP,WE,Federal Contract Tower,0,3,5,4,12,0,1,9,0,10,0,4,14,4,22,0,0,0,22
01/23/2021,CIC,CA,AWP,WE,Federal Contract Tower,0,0,4,0,4,0,14,36,0,50,0,14,40,0,54,44,0,44,98
01/24/2021,CIC,CA,AWP,WE,Federal Contract Tower,0,0,0,0,0,0,1,14,0,15,0,1,14,0,15,0,0,0,15
01/25/2021,CIC,CA,AWP,WE,Federal Contract Tower,0,2,0,0,2,0,3,40,1,44,0,5,40,1,46,46,0,46,92
01/26/2021,CIC,CA,AWP,WE,Federal Contract Tower,0,5,1,0,6,0,6,36,0,42,0,11,37,0,48,24,0,24,72
01/27/2021,CIC,CA,AWP,WE,Federal Contract Tower,0,4,0,0,4,0,10,0,0,10,0,14,0,0,14,0,0,0,14
01/28/2021,CIC,CA,AWP,WE,Federal Contract Tower,0,4,0,0,4,0,2,1,0,3,0,6,1,0,7,8,0,8,15
01/29/2021,CIC,CA,AWP,WE,Federal Contract Tower,0,4,5,0,9,0,2,8,0,10,0,6,13,0,19,0,0,0,19
01/30/2021,CIC,CA,AWP,WE,Federal Contract Tower,0,0,2,0,2,0,1,41,0,42,0,1,43,0,44,20,0,20,64
01/31/2021,CIC,CA,AWP,WE,Federal Contract Tower,0,1,0,0,1,0,4,27,0,31,0,5,27,0,32,6,0,6,38
02/01/2021,CIC,CA,AWP,WE,Federal Contract Tower,0,2,1,0,3,0,9,15,0,24,0,11,16,0,27,2,0,2,29
02/02/2021,CIC,CA,AWP,WE,Federal Contract Tower,0,2,10,0,12,0,1,6,0,7,0,3,16,0,19,0,0,0,19
02/03/2021,CIC,CA,AWP,WE,Federal Contract Tower,0,2,4,0,6,0,7,27,0,34,0,9,31,0,40,4,0,4,44
02/04/2021,CIC,CA,AWP,WE,Federal Contract Tower,0,2,5,1,8,0,2,45,0,47,0,4,50,1,55,40,12,52,107
02/05/2021,CIC,CA,AWP,WE,Federal Contract Tower,0,2,4,0,6,0,5,66,0,71,0,7,70,0,77,30,0,30,107
02/06/2021,CIC,CA,AWP,WE,Federal Contract Tower,0,0,3,0,3,0,5,84,0,89,0,5,87,0,92,54,0,54,146
02/07/2021,CIC,CA,AWP,WE,Federal Contract Tower,0,0,7,0,7,0,0,63,0,63,0,0,70,0,70,2,0,2,72
02/08/2021,CIC,CA,AWP,WE,Federal Contract Tower,0,4,1,0,5,0,9,50,0,59,0,13,51,0,64,14,0,14,78
02/09/2021,CIC,CA,AWP,WE,Federal Contract Tower,0,2,2,0,4,0,12,41,2,55,0,14,43,2,59,4,14,18,77
02/10/2021,CIC,CA,AWP,WE,Federal Contract Tower,0,2,5,0,7,0,5,73,0,78,0,7,78,0,85,14,0,14,99
02/11/2021,CIC,CA,AWP,WE,Federal Contract Tower,0,4,2,2,8,0,0,6,0,6,0,4,8,2,14,0,0,0,14
02/12/2021,CIC,CA,AWP,WE,Federal Contract Tower,0,2,3,1,6,0,2,38,0,40,0,4,41,1,46,4,0,4,50
02/13/2021,CIC,CA,AWP,WE,Federal Contract Tower,0,0,0,0,0,0,15,37,0,52,0,15,37,0,52,8,0,8,60
02/14/2021,CIC,CA,AWP,WE,Federal Contract Tower,0,0,1,0,1,0,6,16,0,22,0,6,17,0,23,0,0,0,23
02/15/2021,CIC,CA,AWP,WE,Federal Contract Tower,0,12,7,0,19,0,2,0,0,2,0,14,7,0,21,0,0,0,21
02/16/2021,CIC,CA,AWP,WE,Federal Contract Tower,0,2,1,0,3,0,6,42,1,49,0,8,43,1,52,18,14,32,84
02/17/2021,CIC,CA,AWP,WE,Federal Contract Tower,0,2,7,0,9,0,5,58,0,63,0,7,65,0,72,18,0,18,90
02/18/2021,CIC,CA,AWP,WE,Federal Contract Tower,0,2,3,2,7,0,7,29,2,38,0,9,32,4,45,40,18,58,103
02/19/2021,CIC,CA,AWP,WE,Federal Contract Tower,0,3,9,0,12,0,2,8,0,10,0,5,17,0,22,0,0,0,22
02/20/2021,CIC,CA,AWP,WE,Federal Contract Tower,0,0,4,0,4,0,8,43,0,51,0,8,47,0,55,30,0,30,85
02/21/2021,CIC,CA,AWP,WE,Federal Contract Tower,0,0,3,0,3,0,3,35,0,38,0,3,38,0,41,6,0,6,47
02/22/2021,CIC,CA,AWP,WE,Federal Contract Tower,0,4,0,0,4,0,19,50,0,69,0,23,50,0,73,26,0,26,99
02/23/2021,CIC,CA,AWP,WE,Federal Contract Tower,0,2,2,0,4,0,10,32,0,42,0,12,34,0,46,8,0,8,54
02/24/2021,CIC,CA,AWP,WE,Federal Contract Tower,0,2,2,0,4,0,8,12,1,21,0,10,14,1,25,18,0,18,43
02/25/2021,CIC,CA,AWP,WE,Federal Contract Tower,0,4,4,0,8,0,8,61,1,70,0,12,65,1,78,74,0,74,152
02/26/2021,CIC,CA,AWP,WE,Federal Contract Tower,0,2,1,0,3,0,13,48,0,61,0,15,49,0,64,40,0,40,104
02/27/2021,CIC,CA,AWP,WE,Federal Contract Tower,0,0,0,0,0,0,9,47,0,56,0,9,47,0,56,18,0,18,74
02/28/2021,CIC,CA,AWP,WE,Federal Contract Tower,0,0,2,2,4,0,6,54,0,60,0,6,56,2,64,32,0,32,96
03/01/2021,CIC,CA,AWP,WE,Federal Contract Tower,0,2,7,0,9,0,8,56,0,64,0,10,63,0,73,28,0,28,101
03/02/2021,CIC,CA,AWP,WE,Federal Contract Tower,0,2,5,0,7,0,11,49,2,62,0,13,54,2,69,36,8,44,113
03/03/2021,CIC,CA,AWP,WE,Federal Contract Tower,0,2,2,1,5,0,5,51,0,56,0,7,53,1,61,68,8,76,137
03/04/2021,CIC,CA,AWP,WE,Federal Contract Tower,0,2,8,0,10,0,9,38,0,47,0,11,46,0,57,18,0,18,75
03/05/2021,CIC,CA,AWP,WE,Federal Contract Tower,0,1,9,1,11,0,23,46,2,71,0,24,55,3,82,36,10,46,128
03/06/2021,CIC,CA,AWP,WE,Federal Contract Tower,0,0,3,0,3,0,8,46,0,54,0,8,49,0,57,12,0,12,69
03/07/2021,CIC,CA,AWP,WE,Federal Contract Tower,0,0,3,0,3,0,6,68,0,74,0,6,71,0,77,14,0,14,91
03/08/2021,CIC,CA,AWP,WE,Federal Contract Tower,0,6,0,2,8,0,20,17,0,37,0,26,17,2,45,68,16,84,129
03/09/2021,CIC,CA,AWP,WE,Federal Contract Tower,0,3,6,6,15,0,17,15,0,32,0,20,21,6,47,42,0,42,89
03/10/2021,CIC,CA,AWP,WE,Federal Contract Tower,0,3,5,0,8,0,8,11,0,19,0,11,16,0,27,20,0,20,47
03/11/2021,CIC,CA,AWP,WE,Federal Contract Tower,0,2,2,0,4,0,31,54,0,85,0,33,56,0,89,30,0,30,119
03/12/2021,CIC,CA,AWP,WE,Federal Contract Tower,0,3,2,2,7,0,37,83,0,120,0,40,85,2,127,36,0,36,163
03/13/2021,CIC,CA,AWP,WE,Federal Contract Tower,0,1,7,0,8,0,22,71,0,93,0,23,78,0,101,38,0,38,139
03/14/2021,CIC,CA,AWP,WE,Federal Contract Tower,0,0,1,0,1,0,23,13,0,36,0,23,14,0,37,22,0,22,59
03/15/2021,CIC,CA,AWP,WE,Federal Contract Tower,0,4,1,0,5,0,23,29,0,52,0,27,30,0,57,18,0,18,75
03/16/2021,CIC,CA,AWP,WE,Federal Contract Tower,0,4,2,1,7,0,24,54,1,79,0,28,56,2,86,56,0,56,142
03/17/2021,CIC,CA,AWP,WE,Federal Contract Tower,0,3,2,0,5,0,16,36,2,54,0,19,38,2,59,24,8,32,91
03/18/2021,CIC,CA,AWP,WE,Federal Contract Tower,0,3,7,0,10,0,1,1,0,2,0,4,8,0,12,0,0,0,12
03/19/2021,CIC,CA,AWP,WE,Federal Contract Tower,0,4,1,2,7,0,14,33,0,47,0,18,34,2,54,18,0,18,72
03/20/2021,CIC,CA,AWP,WE,Federal Contract Tower,0,0,2,0,2,0,9,59,0,68,0,9,61,0,70,34,0,34,104
03/21/2021,CIC,CA,AWP,WE,Federal Contract Tower,0,0,3,0,3,0,4,66,2,72,0,4,69,2,75,20,0,20,95
03/22/2021,CIC,CA,AWP,WE,Federal Contract Tower,0,2,0,0,2,0,10,46,0,56,0,12,46,0,58,34,0,34,92
03/23/2021,CIC,CA,AWP,WE,Federal Contract Tower,0,1,4,0,5,0,20,25,4,49,0,21,29,4,54,28,0,28,82
03/24/2021,CIC,CA,AWP,WE,Federal Contract Tower,0,2,2,0,4,0,5,46,2,53,0,7,48,2,57,64,0,64,121
03/25/2021,CIC,CA,AWP,WE,Federal Contract Tower,0,2,9,0,11,0,4,32,0,36,0,6,41,0,47,48,18,66,113
03/26/2021,CIC,CA,AWP,WE,Federal Contract Tower,0,3,6,6,15,0,10,67,2,79,0,13,73,8,94,6,0,6,100
03/27/2021,CIC,CA,AWP,WE,Federal Contract Tower,0,8,1,0,9,0,35,70,4,109,0,43,71,4,118,20,0,20,138
03/28/2021,CIC,CA,AWP,WE,Federal Contract Tower,0,0,1,0,1,0,36,73,0,109,0,36,74,0,110,12,0,12,122
03/29/2021,CIC,CA,AWP,WE,Federal Contract Tower,0,2,0,1,3,0,2,28,1,31,0,4,28,2,34,20,0,20,54
03/30/2021,CIC,CA,AWP,WE,Federal Contract Tower,0,4,1,0,5,0,3,16,0,19,0,7,17,0,24,0,0,0,24
03/31/2021,CIC,CA,AWP,WE,Federal Contract Tower,0,2,3,1,6,0,20,79,0,99,0,22,82,1,105,68,6,74,179
04/01/2021,CIC,CA,AWP,WE,Federal Contract Tower,0,2,0,0,2,0,3,36,0,39,0,5,36,0,41,56,0,56,97
04/02/2021,CIC,CA,AWP,WE,Federal Contract Tower,0,2,0,0,2,0,6,63,0,69,0,8,63,0,71,32,0,32,103
04/03/2021,CIC,CA,AWP,WE,Federal Contract Tower,0,4,2,0,6,0,11,54,0,65,0,15,56,0,71,14,0,14,85
04/04/2021,CIC,CA,AWP,WE,Federal Contract Tower,0,0,3,0,3,0,7,36,0,43,0,7,39,0,46,8,0,8,54
04/05/2021,CIC,CA,AWP,WE,Federal Contract Tower,0,2,0,0,2,0,8,54,0,62,0,10,54,0,64,48,0,48,112
04/06/2021,CIC,CA,AWP,WE,Federal Contract Tower,0,2,3,0,5,0,9,39,0,48,0,11,42,0,53,22,0,22,75
04/07/2021,CIC,CA,AWP,WE,Federal Contract Tower,0,2,2,2,6,0,16,46,2,64,0,18,48,4,70,14,8,22,92
04/08/2021,CIC,CA,AWP,WE,Federal Contract Tower,0,2,2,0,4,0,7,44,0,51,0,9,46,0,55,30,0,30,85
04/09/2021,CIC,CA,AWP,WE,Federal Contract Tower,0,2,6,0,8,0,21,67,8,96,0,23,73,8,104,12,0,12,116
04/10/2021,CIC,CA,AWP,WE,Federal Contract Tower,0,0,1,0,1,0,6,42,5,53,0,6,43,5,54,10,0,10,64
04/11/2021,CIC,CA,AWP,WE,Federal Contract Tower,0,1,5,0,6,0,1,35,0,36,0,2,40,0,42,4,0,4,46
04/12/2021,CIC,CA,AWP,WE,Federal Contract Tower,0,2,3,0,5,0,15,37,2,54,0,17,40,2,59,10,10,20,79
04/13/2021,CIC,CA,AWP,WE,Federal Contract Tower,0,2,2,0,4,0,4,33,0,37,0,6,35,0,41,6,0,6,47
04/14/2021,CIC,CA,AWP,WE,Federal Contract Tower,0,2,4,0,6,0,12,59,0,71,0,14,63,0,77,12,0,12,89
04/15/2021,CIC,CA,AWP,WE,Federal Contract Tower,0,4,1,0,5,0,3,90,0,93,0,7,91,0,98,10,0,10,108
04/16/2021,CIC,CA,AWP,WE,Federal Contract Tower,0,3,3,0,6,0,9,58,0,67,0,12,61,0,73,32,0,32,105
04/17/2021,CIC,CA,AWP,WE,Federal Contract Tower,0,0,4,0,4,0,19,49,0,68,0,19,53,0,72,20,0,20,92
04/18/2021,CIC,CA,AWP,WE,Federal Contract Tower,0,0,4,0,4,0,3,38,0,41,0,3,42,0,45,18,0,18,63
04/19/2021,CIC,CA,AWP,WE,Federal Contract Tower,0,2,1,0,3,0,8,45,0,53,0,10,46,0,56,16,0,16,72
04/20/2021,CIC,CA,AWP,WE,Federal Contract Tower,0,3,0,0,3,0,7,38,0,45,0,10,38,0,48,10,0,10,58
04/21/2021,CIC,CA,AWP,WE,Federal Contract Tower,0,2,1,0,3,0,22,48,0,70,0,24,49,0,73,76,0,76,149
04/22/2021,CIC,CA,AWP,WE,Federal Contract Tower,0,2,7,0,9,0,15,57,0,72,0,17,64,0,81,34,0,34,115
04/23/2021,CIC,CA,AWP,WE,Federal Contract Tower,0,4,1,0,5,0,18,63,0,81,0,22,64,0,86,22,0,22,108
04/24/2021,CIC,CA,AWP,WE,Federal Contract Tower,0,0,5,0,5,0,16,28,3,47,0,16,33,3,52,2,0,2,54
04/25/2021,CIC,CA,AWP,WE,Federal Contract Tower,0,0,2,3,5,0,4,1,0,5,0,4,3,3,10,0,0,0,10
04/26/2021,CIC,CA,AWP,WE,Federal Contract Tower,0,2,4,0,6,0,7,47,0,54,0,9,51,0,60,10,0,10,70
04/27/2021,CIC,CA,AWP,WE,Federal Contract Tower,0,2,0,0,2,0,10,43,0,53,0,12,43,0,55,8,0,8,63
04/28/2021,CIC,CA,AWP,WE,Federal Contract Tower,0,1,3,1,5,0,5,79,1,85,0,6,82,2,90,38,16,54,144
04/29/2021,CIC,CA,AWP,WE,Federal Contract Tower,0,2,3,0,5,0,12,78,0,90,0,14,81,0,95,22,0,22,117
04/30/2021,CIC,CA,AWP,WE,Federal Contract Tower,0,3,8,0,11,0,11,63,0,74,0,14,71,0,85,52,0,52,137
05/01/2021,CIC,CA,AWP,WE,Federal Contract Tower,0,0,0,0,0,0,18,61,0,79,0,18,61,0,79,32,0,32,111
05/02/2021,CIC,CA,AWP,WE,Federal Contract Tower,0,0,1,0,1,0,9,9,0,18,0,9,10,0,19,4,0,4,23
05/03/2021,CIC,CA,AWP,WE,Federal Contract Tower,0,2,2,2,6,0,8,34,0,42,0,10,36,2,48,6,12,18,66
05/04/2021,CIC,CA,AWP,WE,Federal Contract Tower,0,1,3,0,4,0,28,81,0,109,0,29,84,0,113,4,0,4,117
05/05/2021,CIC,CA,AWP,WE,Federal Contract Tower,0,2,5,0,7,0,5,66,0,71,0,7,71,0,78,0,0,0,78
05/06/2021,CIC,CA,AWP,WE,Federal Contract Tower,0,2,3,2,7,0,15,57,0,72,0,17,60,2,79,34,6,40,119
05/07/2021,CIC,CA,AWP,WE,Federal Contract Tower,0,2,6,0,8,0,22,62,0,84,0,24,68,0,92,24,0,24,116
05/08/2021,CIC,CA,AWP,WE,Federal Contract Tower,0,0,4,0,4,0,6,15,0,21,0,6,19,0,25,18,0,18,43
05/09/2021,CIC,CA,AWP,WE,Federal Contract Tower,0,0,2,0,2,0,0,16,2,18,0,0,18,2,20,0,0,0,20
05/10/2021,CIC,CA,AWP,WE,Federal Contract Tower,0,2,1,0,3,0,5,37,0,42,0,7,38,0,45,24,0,24,69
05/11/2021,CIC,CA,AWP,WE,Federal Contract Tower,0,2,1,0,3,0,20,41,0,61,0,22,42,0,64,32,0,32,96
05/13/2021,CIC,CA,AWP,WE,Federal Contract Tower,0,2,6,0,8,0,17,54,0,71,0,19,60,0,79,54,0,54,133
05/14/2021,CIC,CA,AWP,WE,Federal Contract Tower,0,4,3,0,7,0,7,71,0,78,0,11,74,0,85,42,0,42,127
05/15/2021,CIC,CA,AWP,WE,Federal Contract Tower,0,0,1,0,1,0,5,32,0,37,0,5,33,0,38,28,0,28,66
05/16/2021,CIC,CA,AWP,WE,Federal Contract Tower,0,1,6,0,7,0,4,49,0,53,0,5,55,0,60,0,0,0,60
05/17/2021,CIC,CA,AWP,WE,Federal Contract Tower,0,2,1,0,3,0,12,39,0,51,0,14,40,0,54,14,0,14,68
05/18/2021,CIC,CA,AWP,WE,Federal Contract Tower,0,2,2,0,4,0,6,56,0,62,0,8,58,0,66,28,0,28,94
05/19/2021,CIC,CA,AWP,WE,Federal Contract Tower,0,2,2,0,4,0,3,35,0,38,0,5,37,0,42,8,0,8,50
05/20/2021,CIC,CA,AWP,WE,Federal Contract Tower,0,2,3,0,5,0,12,39,0,51,0,14,42,0,56,0,0,0,56
05/21/2021,CIC,CA,AWP,WE,Federal Contract Tower,0,2,4,0,6,0,5,45,2,52,0,7,49,2,58,30,10,40,98
05/22/2021,CIC,CA,AWP,WE,Federal Contract Tower,0,2,3,0,5,0,3,59,0,62,0,5,62,0,67,36,0,36,103
05/23/2021,CIC,CA,AWP,WE,Federal Contract Tower,0,1,1,0,2,0,10,55,0,65,0,11,56,0,67,42,0,42,109
05/24/2021,CIC,CA,AWP,WE,Federal Contract Tower,0,2,1,0,3,0,5,47,0,52,0,7,48,0,55,28,0,28,83
05/25/2021,CIC,CA,AWP,WE,Federal Contract Tower,0,2,1,0,3,0,14,66,0,80,0,16,67,0,83,4,0,4,87
05/26/2021,CIC,CA,AWP,WE,Federal Contract Tower,0,2,3,0,5,0,3,67,1,71,0,5,70,1,76,20,0,20,96
05/27/2021,CIC,CA,AWP,WE,Federal Contract Tower,0,2,9,0,11,0,2,70,0,72,0,4,79,0,83,32,0,32,115
05/28/2021,CIC,CA,AWP,WE,Federal Contract Tower,0,3,5,0,8,0,6,79,0,85,0,9,84,0,93,28,0,28,121
05/29/2021,CIC,CA,AWP,WE,Federal Contract Tower,0,0,4,0,4,0,7,44,0,51,0,7,48,0,55,4,0,4,59
05/30/2021,CIC,CA,AWP,WE,Federal Contract Tower,0,0,2,0,2,0,10,34,0,44,0,10,36,0,46,0,0,0,46
05/31/2021,CIC,CA,AWP,WE,Federal Contract Tower,0,0,5,0,5,0,1,44,0,45,0,1,49,0,50,28,0,28,78
06/01/2021,CIC,CA,AWP,WE,Federal Contract Tower,0,2,3,0,5,0,17,56,1,74,0,19,59,1,79,30,0,30,109
06/02/2021,CIC,CA,AWP,WE,Federal Contract Tower,0,2,0,0,2,0,6,58,0,64,0,8,58,0,66,34,0,34,100
06/03/2021,CIC,CA,AWP,WE,Federal Contract Tower,0,2,1,0,3,0,9,49,0,58,0,11,50,0,61,54,0,54,115
06/04/2021,CIC,CA,AWP,WE,Federal Contract Tower,0,2,4,0,6,0,4,51,0,55,0,6,55,0,61,24,0,24,85
06/05/2021,CIC,CA,AWP,WE,Federal Contract Tower,0,0,1,0,1,0,1,48,0,49,0,1,49,0,50,50,0,50,100
06/06/2021,CIC,CA,AWP,WE,Federal Contract Tower,0,4,0,0,4,0,9,37,0,46,0,13,37,0,50,6,0,6,56
06/07/2021,CIC,CA,AWP,WE,Federal Contract Tower,0,2,1,1,4,0,7,40,0,47,0,9,41,1,51,44,4,48,99
06/08/2021,CIC,CA,AWP,WE,Federal Contract Tower,0,2,0,0,2,0,10,29,0,39,0,12,29,0,41,0,0,0,41
06/09/2021,CIC,CA,AWP,WE,Federal Contract Tower,0,3,2,0,5,0,8,36,1,45,0,11,38,1,50,34,0,34,84
06/10/2021,CIC,CA,AWP,WE,Federal Contract Tower,0,2,4,2,8,0,14,51,0,65,0,16,55,2,73,44,0,44,117
06/11/2021,CIC,CA,AWP,WE,Federal Contract Tower,0,1,2,0,3,0,20,51,0,71,0,21,53,0,74,8,0,8,82
06/12/2021,CIC,CA,AWP,WE,Federal Contract Tower,0,2,2,0,4,0,16,37,0,53,0,18,39,0,57,44,0,44,101
06/13/2021,CIC,CA,AWP,WE,Federal Contract Tower,0,2,0,0,2,0,2,39,0,41,0,4,39,0,43,28,4,32,75
06/14/2021,CIC,CA,AWP,WE,Federal Contract Tower,0,2,6,0,8,0,11,42,0,53,0,13,48,0,61,32,0,32,93
06/15/2021,CIC,CA,AWP,WE,Federal Contract Tower,0,2,3,0,5,0,11,70,4,85,0,13,73,4,90,32,16,48,138
06/16/2021,CIC,CA,AWP,WE,Federal Contract Tower,0,1,5,0,6,0,20,56,2,78,0,21,61,2,84,58,24,82,166
06/17/2021,CIC,CA,AWP,WE,Federal Contract Tower,0,5,5,1,11,0,32,49,0,81,0,37,54,1,92,20,32,52,144
06/18/2021,CIC,CA,AWP,WE,Federal Contract Tower,0,2,0,0,2,0,12,30,0,42,0,14,30,0,44,18,0,18,62
06/19/2021,CIC,CA,AWP,WE,Federal Contract Tower,0,0,2,0,2,0,8,36,0,44,0,8,38,0,46,26,0,26,72
06/20/2021,CIC,CA,AWP,WE,Federal Contract Tower,0,0,1,0,1,0,21,34,0,55,0,21,35,0,56,18,0,18,74
06/21/2021,CIC,CA,AWP,WE,Federal Contract Tower,0,2,2,0,4,0,22,34,0,56,0,24,36,0,60,68,0,68,128
06/22/2021,CIC,CA,AWP,WE,Federal Contract Tower,0,2,4,0,6,0,13,49,0,62,0,15,53,0,68,22,0,22,90
06/23/2021,CIC,CA,AWP,WE,Federal Contract Tower,0,2,6,0,8,0,11,42,0,53,0,13,48,0,61,18,0,18,79
06/24/2021,CIC,CA,AWP,WE,Federal Contract Tower,0,2,7,0,9,0,16,56,0,72,0,18,63,0,81,32,0,32,113
06/25/2021,CIC,CA,AWP,WE,Federal Contract Tower,0,3,2,2,7,0,8,33,0,41,0,11,35,2,48,8,0,8,56
06/26/2021,CIC,CA,AWP,WE,Federal Contract Tower,0,0,1,0,1,2,16,29,0,47,2,16,30,0,48,34,0,34,82
06/27/2021,CIC,CA,AWP,WE,Federal Contract Tower,0,4,1,0,5,0,13,37,0,50,0,17,38,0,55,20,0,20,75
06/28/2021,CIC,CA,AWP,WE,Federal Contract Tower,0,2,3,0,5,0,14,46,0,60,0,16,49,0,65,30,0,30,95
06/29/2021,CIC,CA,AWP,WE,Federal Contract Tower,0,2,2,1,5,0,11,30,0,41,0,13,32,1,46,6,8,14,60
06/30/2021,CIC,CA,AWP,WE,Federal Contract Tower,0,2,4,0,6,0,12,37,0,49,0,14,41,0,55,38,0,38,93
07/01/2021,CIC,CA,AWP,WE,Federal Contract Tower,0,3,6,0,9,0,18,49,0,67,0,21,55,0,76,22,0,22,98
07/02/2021,CIC,CA,AWP,WE,Federal Contract Tower,0,2,0,0,2,0,29,58,0,87,0,31,58,0,89,46,0,46,135
07/03/2021,CIC,CA,AWP,WE,Federal Contract Tower,0,0,1,0,1,0,13,42,0,55,0,13,43,0,56,32,0,32,88
07/04/2021,CIC,CA,AWP,WE,Federal Contract Tower,0,0,1,0,1,0,28,34,0,62,0,28,35,0,63,26,0,26,89
07/05/2021,CIC,CA,AWP,WE,Federal Contract Tower,0,0,2,0,2,0,8,38,0,46,0,8,40,0,48,22,0,22,70
07/06/2021,CIC,CA,AWP,WE,Federal Contract Tower,0,2,3,0,5,0,21,50,0,71,0,23,53,0,76,36,0,36,112
07/07/2021,CIC,CA,AWP,WE,Federal Contract Tower,0,2,10,0,12,0,9,53,6,68,0,11,63,6,80,36,0,36,116
07/08/2021,CIC,CA,AWP,WE,Federal Contract Tower,0,2,0,0,2,0,6,67,0,73,0,8,67,0,75,30,0,30,105
07/09/2021,CIC,CA,AWP,WE,Federal Contract Tower,0,2,0,0,2,0,7,45,0,52,0,9,45,0,54,12,0,12,66
07/10/2021,CIC,CA,AWP,WE,Federal Contract Tower,0,0,0,0,0,18,72,0,0,90,18,72,0,0,90,10,0,10,100
07/11/2021,CIC,CA,AWP,WE,Federal Contract Tower,0,2,0,0,2,0,36,46,0,82,0,38,46,0,84,0,0,0,84
07/12/2021,CIC,CA,AWP,WE,Federal Contract Tower,0,4,0,4,8,0,20,43,2,65,0,24,43,6,73,8,0,8,81
07/13/2021,CIC,CA,AWP,WE,Federal Contract Tower,0,4,6,0,10,0,25,64,0,89,0,29,70,0,99,20,0,20,119
07/14/2021,CIC,CA,AWP,WE,Federal Contract Tower,0,4,2,0,6,0,150,64,0,214,0,154,66,0,220,10,0,10,230
07/15/2021,CIC,CA,AWP,WE,Federal Contract Tower,0,2,5,0,7,0,58,56,0,114,0,60,61,0,121,0,0,0,121
07/16/2021,CIC,CA,AWP,WE,Federal Contract Tower,0,7,1,0,8,0,74,56,0,130,0,81,57,0,138,24,0,24,162
07/17/2021,CIC,CA,AWP,WE,Federal Contract Tower,0,0,0,0,0,0,42,42,0,84,0,42,42,0,84,10,0,10,94
07/18/2021,CIC,CA,AWP,WE,Federal Contract Tower,0,0,3,0,3,0,65,32,0,97,0,65,35,0,100,44,0,44,144
07/19/2021,CIC,CA,AWP,WE,Federal Contract Tower,0,3,6,0,9,0,105,60,0,165,0,108,66,0,174,8,0,8,182
07/20/2021,CIC,CA,AWP,WE,Federal Contract Tower,0,4,3,0,7,0,111,41,0,152,0,115,44,0,159,28,0,28,187
07/21/2021,CIC,CA,AWP,WE,Federal Contract Tower,0,2,4,0,6,0,64,71,0,135,0,66,75,0,141,4,0,4,145
07/22/2021,CIC,CA,AWP,WE,Federal Contract Tower,0,2,3,0,5,0,59,60,0,119,0,61,63,0,124,30,0,30,154
07/23/2021,CIC,CA,AWP,WE,Federal Contract Tower,0,4,3,0,7,0,7,58,0,65,0,11,61,0,72,2,0,2,74
07/24/2021,CIC,CA,AWP,WE,Federal Contract Tower,0,1,5,0,6,0,3,40,0,43,0,4,45,0,49,28,0,28,77
07/25/2021,CIC,CA,AWP,WE,Federal Contract Tower,0,0,4,0,4,0,6,37,0,43,0,6,41,0,47,8,0,8,55
07/26/2021,CIC,CA,AWP,WE,Federal Contract Tower,0,3,2,0,5,0,42,41,2,85,0,45,43,2,90,20,0,20,110
07/27/2021,CIC,CA,AWP,WE,Federal Contract Tower,0,4,3,0,7,0,26,32,0,58,0,30,35,0,65,10,0,10,75
07/28/2021,CIC,CA,AWP,WE,Federal Contract Tower,0,2,4,0,6,0,26,37,0,63,0,28,41,0,69,0,0,0,69
07/29/2021,CIC,CA,AWP,WE,Federal Contract Tower,0,3,1,0,4,0,6,38,0,44,0,9,39,0,48,8,0,8,56
07/30/2021,CIC,CA,AWP,WE,Federal Contract Tower,0,3,3,0,6,0,8,26,0,34,0,11,29,0,40,14,0,14,54
07/31/2021,CIC,CA,AWP,WE,Federal Contract Tower,0,0,2,0,2,0,6,43,0,49,0,6,45,0,51,26,0,26,77
08/01/2021,CIC,CA,AWP,WE,Federal Contract Tower,0,0,4,0,4,1,6,37,2,46,1,6,41,2,50,30,0,30,80
08/02/2021,CIC,CA,AWP,WE,Federal Contract Tower,0,4,0,0,4,5,19,40,0,64,5,23,40,0,68,6,0,6,74
08/03/2021,CIC,CA,AWP,WE,Federal Contract Tower,0,6,3,0,9,0,46,42,0,88,0,52,45,0,97,40,0,40,137
08/04/2021,CIC,CA,AWP,WE,Federal Contract Tower,0,5,6,0,11,0,14,44,0,58,0,19,50,0,69,8,0,8,77
08/05/2021,CIC,CA,AWP,WE,Federal Contract Tower,0,2,5,0,7,0,35,29,10,74,0,37,34,10,81,42,0,42,123
08/06/2021,CIC,CA,AWP,WE,Federal Contract Tower,0,5,15,0,20,0,4,11,0,15,0,9,26,0,35,12,0,12,47
08/07/2021,CIC,CA,AWP,WE,Federal Contract Tower,0,2,12,0,14,0,0,0,0,0,0,2,12,0,14,0,0,0,14
08/08/2021,CIC,CA,AWP,WE,Federal Contract Tower,0,3,14,1,18,0,7,14,1,22,0,10,28,2,40,6,0,6,46
08/09/2021,CIC,CA,AWP,WE,Federal Contract Tower,0,2,3,0,5,0,35,29,0,64,0,37,32,0,69,4,0,4,73
08/10/2021,CIC,CA,AWP,WE,Federal Contract Tower,0,2,1,0,3,0,26,28,0,54,0,28,29,0,57,34,0,34,91
08/11/2021,CIC,CA,AWP,WE,Federal Contract Tower,2,0,3,0,5,0,14,41,0,55,2,14,44,0,60,18,0,18,78
08/12/2021,CIC,CA,AWP,WE,Federal Contract Tower,0,2,5,0,7,0,23,23,0,46,0,25,28,0,53,26,0,26,79
08/13/2021,CIC,CA,AWP,WE,Federal Contract Tower,0,3,4,0,7,0,34,43,0,77,0,37,47,0,84,34,0,34,118
08/14/2021,CIC,CA,AWP,WE,Federal Contract Tower,0,0,6,0,6,0,24,48,0,72,0,24,54,0,78,27,0,27,105
08/15/2021,CIC,CA,AWP,WE,Federal Contract Tower,0,0,5,0,5,0,12,25,0,37,0,12,30,0,42,0,0,0,42
08/16/2021,CIC,CA,AWP,WE,Federal Contract Tower,0,4,4,0,8,0,11,15,0,26,0,15,19,0,34,12,0,12,46
08/17/2021,CIC,CA,AWP,WE,Federal Contract Tower,0,0,5,0,5,0,5,39,1,45,0,5,44,1,50,30,0,30,80
08/18/2021,CIC,CA,AWP,WE,Federal Contract Tower,0,2,7,0,9,0,7,10,0,17,0,9,17,0,26,0,0,0,26
08/19/2021,CIC,CA,AWP,WE,Federal Contract Tower,0,4,9,0,13,0,5,24,0,29,0,9,33,0,42,14,0,14,56
08/20/2021,CIC,CA,AWP,WE,Federal Contract Tower,0,3,2,0,5,0,5,21,0,26,0,8,23,0,31,14,0,14,45
08/21/2021,CIC,CA,AWP,WE,Federal Contract Tower,0,4,2,0,6,0,7,19,0,26,0,11,21,0,32,0,0,0,32
08/22/2021,CIC,CA,AWP,WE,Federal Contract Tower,0,3,5,0,8,0,9,36,0,45,0,12,41,0,53,48,0,48,101
08/23/2021,CIC,CA,AWP,WE,Federal Contract Tower,0,2,5,0,7,0,8,41,0,49,0,10,46,0,56,34,0,34,90
08/24/2021,CIC,CA,AWP,WE,Federal Contract Tower,0,5,3,0,8,0,13,31,0,44,0,18,34,0,52,16,0,16,68
08/25/2021,CIC,CA,AWP,WE,Federal Contract Tower,0,5,7,1,13,0,15,42,0,57,0,20,49,1,70,38,0,38,108
08/26/2021,CIC,CA,AWP,WE,Federal Contract Tower,0,2,3,1,6,0,8,41,1,50,0,10,44,2,56,28,6,34,90
08/27/2021,CIC,CA,AWP,WE,Federal Contract Tower,0,2,18,1,21,0,5,13,0,18,0,7,31,1,39,8,0,8,47
08/28/2021,CIC,CA,AWP,WE,Federal Contract Tower,0,2,10,0,12,0,3,17,0,20,0,5,27,0,32,16,0,16,48
08/29/2021,CIC,CA,AWP,WE,Federal Contract Tower,0,1,2,0,3,0,14,10,0,24,0,15,12,0,27,4,0,4,31
08/30/2021,CIC,CA,AWP,WE,Federal Contract Tower,0,2,4,1,7,0,32,33,0,65,0,34,37,1,72,0,0,0,72
08/31/2021,CIC,CA,AWP,WE,Federal Contract Tower,0,3,6,0,9,0,32,27,0,59,0,35,33,0,68,20,0,20,88
09/01/2021,CIC,CA,AWP,WE,Federal Contract Tower,0,4,3,0,7,0,32,58,2,92,0,36,61,2,99,16,0,16,115
09/02/2021,CIC,CA,AWP,WE,Federal Contract Tower,0,4,2,0,6,0,33,43,2,78,0,37,45,2,84,16,8,24,108
09/03/2021,CIC,CA,AWP,WE,Federal Contract Tower,0,2,5,0,7,0,16,67,0,83,0,18,72,0,90,44,0,44,134
09/04/2021,CIC,CA,AWP,WE,Federal Contract Tower,0,5,2,0,7,0,18,68,0,86,0,23,70,0,93,14,0,14,107
09/05/2021,CIC,CA,AWP,WE,Federal Contract Tower,0,0,1,6,7,0,22,37,2,61,0,22,38,8,68,22,0,22,90
09/06/2021,CIC,CA,AWP,WE,Federal Contract Tower,0,1,3,0,4,0,31,49,0,80,0,32,52,0,84,6,0,6,90
09/07/2021,CIC,CA,AWP,WE,Federal Contract Tower,0,4,3,0,7,0,45,66,0,111,0,49,69,0,118,58,0,58,176
09/08/2021,CIC,CA,AWP,WE,Federal Contract Tower,3,1,1,0,5,0,28,36,1,65,3,29,37,1,70,62,0,62,132
09/09/2021,CIC,CA,AWP,WE,Federal Contract Tower,0,2,5,0,7,0,22,32,0,54,0,24,37,0,61,30,0,30,91
09/10/2021,CIC,CA,AWP,WE,Federal Contract Tower,0,2,7,0,9,0,12,73,0,85,0,14,80,0,94,28,0,28,122
09/11/2021,CIC,CA,AWP,WE,Federal Contract Tower,0,1,1,0,2,0,19,63,0,82,0,20,64,0,84,18,0,18,102
09/12/2021,CIC,CA,AWP,WE,Federal Contract Tower,0,0,0,0,0,0,11,44,0,55,0,11,44,0,55,20,0,20,75
09/13/2021,CIC,CA,AWP,WE,Federal Contract Tower,0,3,7,0,10,0,11,35,0,46,0,14,42,0,56,12,0,12,68
09/14/2021,CIC,CA,AWP,WE,Federal Contract Tower,0,2,3,0,5,0,15,46,0,61,0,17,49,0,66,40,0,40,106
09/15/2021,CIC,CA,AWP,WE,Federal Contract Tower,0,2,3,0,5,0,7,78,0,85,0,9,81,0,90,34,0,34,124
09/16/2021,CIC,CA,AWP,WE,Federal Contract Tower,0,3,4,1,8,0,8,57,0,65,0,11,61,1,73,24,0,24,97
09/17/2021,CIC,CA,AWP,WE,Federal Contract Tower,0,3,2,0,5,0,8,71,0,79,0,11,73,0,84,54,0,54,138
09/18/2021,CIC,CA,AWP,WE,Federal Contract Tower,0,0,3,0,3,0,10,39,0,49,0,10,42,0,52,32,0,32,84
09/19/2021,CIC,CA,AWP,WE,Federal Contract Tower,0,0,2,0,2,0,10,52,0,62,0,10,54,0,64,6,0,6,70
09/20/2021,CIC,CA,AWP,WE,Federal Contract Tower,0,5,3,0,8,0,11,51,0,62,0,16,54,0,70,6,8,14,84
09/21/2021,CIC,CA,AWP,WE,Federal Contract Tower,0,2,2,0,4,0,10,77,0,87,0,12,79,0,91,30,0,30,121
09/22/2021,CIC,CA,AWP,WE,Federal Contract Tower,0,2,0,0,2,0,13,63,0,76,0,15,63,0,78,54,0,54,132
09/23/2021,CIC,CA,AWP,WE,Federal Contract Tower,0,2,3,0,5,0,64,68,0,132,0,66,71,0,137,10,0,10,147
09/24/2021,CIC,CA,AWP,WE,Federal Contract Tower,0,6,5,0,11,0,28,64,0,92,0,34,69,0,103,44,0,44,147
09/25/2021,CIC,CA,AWP,WE,Federal Contract Tower,0,6,0,0,6,0,16,27,0,43,0,22,27,0,49,6,0,6,55
09/26/2021,CIC,CA,AWP,WE,Federal Contract Tower,0,0,0,0,0,0,9,71,0,80,0,9,71,0,80,32,0,32,112
09/27/2021,CIC,CA,AWP,WE,Federal Contract Tower,0,2,1,0,3,0,6,48,0,54,0,8,49,0,57,44,0,44,101
09/28/2021,CIC,CA,AWP,WE,Federal Contract Tower,0,2,1,0,3,0,4,38,0,42,0,6,39,0,45,22,0,22,67
09/29/2021,CIC,CA,AWP,WE,Federal Contract Tower,0,2,3,0,5,0,13,72,0,85,0,15,75,0,90,36,0,36,126
09/30/2021,CIC,CA,AWP,WE,Federal Contract Tower,0,2,1,0,3,0,4,46,0,50,0,6,47,0,53,34,0,34,87
10/01/2021,CIC,CA,AWP,WE,Federal Contract Tower,0,2,3,0,5,0,17,61,2,80,0,19,64,2,85,32,0,32,117
10/02/2021,CIC,CA,AWP,WE,Federal Contract Tower,0,0,1,4,5,0,15,77,4,96,0,15,78,8,101,26,0,26,127
10/03/2021,CIC,CA,AWP,WE,Federal Contract Tower,0,0,3,0,3,0,4,37,0,41,0,4,40,0,44,10,0,10,54
10/04/2021,CIC,CA,AWP,WE,Federal Contract Tower,0,5,3,0,8,0,11,47,4,62,0,16,50,4,70,20,0,20,90
10/05/2021,CIC,CA,AWP,WE,Federal Contract Tower,0,3,9,0,12,0,9,52,0,61,0,12,61,0,73,30,0,30,103
10/06/2021,CIC,CA,AWP,WE,Federal Contract Tower,0,2,3,0,5,0,20,36,0,56,0,22,39,0,61,8,0,8,69
10/07/2021,CIC,CA,AWP,WE,Federal Contract Tower,0,3,5,0,8,0,7,64,0,71,0,10,69,0,79,52,0,52,131
10/08/2021,CIC,CA,AWP,WE,Federal Contract Tower,0,2,0,0,2,0,15,53,0,68,0,17,53,0,70,50,0,50,120
10/09/2021,CIC,CA,AWP,WE,Federal Contract Tower,0,1,1,0,2,0,11,49,0,60,0,12,50,0,62,52,0,52,114
10/10/2021,CIC,CA,AWP,WE,Federal Contract Tower,0,1,5,0,6,0,6,33,0,39,0,7,38,0,45,40,0,40,85
10/11/2021,CIC,CA,AWP,WE,Federal Contract Tower,0,2,3,0,5,0,18,14,0,32,0,20,17,0,37,14,0,14,51
10/12/2021,CIC,CA,AWP,WE,Federal Contract Tower,0,2,6,0,8,0,10,31,0,41,0,12,37,0,49,2,0,2,51
10/13/2021,CIC,CA,AWP,WE,Federal Contract Tower,0,3,3,0,6,0,15,59,0,74,0,18,62,0,80,30,0,30,110
10/14/2021,CIC,CA,AWP,WE,Federal Contract Tower,0,2,4,0,6,0,26,43,0,69,0,28,47,0,75,22,0,22,97
10/15/2021,CIC,CA,AWP,WE,Federal Contract Tower,0,3,3,0,6,0,10,62,0,72,0,13,65,0,78,62,0,62,140
10/16/2021,CIC,CA,AWP,WE,Federal Contract Tower,0,0,6,0,6,0,7,69,0,76,0,7,75,0,82,18,0,18,100
10/17/2021,CIC,CA,AWP,WE,Federal Contract Tower,0,0,5,0,5,0,8,18,0,26,0,8,23,0,31,4,0,4,35
10/18/2021,CIC,CA,AWP,WE,Federal Contract Tower,0,2,3,0,5,0,8,24,0,32,0,10,27,0,37,38,0,38,75
10/19/2021,CIC,CA,AWP,WE,Federal Contract Tower,0,2,1,0,3,0,7,80,0,87,0,9,81,0,90,44,0,44,134
10/20/2021,CIC,CA,AWP,WE,Federal Contract Tower,0,2,11,0,13,0,4,2,0,6,0,6,13,0,19,0,0,0,19
10/21/2021,CIC,CA,AWP,WE,Federal Contract Tower,0,10,10,0,20,0,3,4,0,7,0,13,14,0,27,0,0,0,27
10/22/2021,CIC,CA,AWP,WE,Federal Contract Tower,0,4,9,0,13,0,3,31,0,34,0,7,40,0,47,18,0,18,65
10/23/2021,CIC,CA,AWP,WE,Federal Contract Tower,0,1,8,0,9,0,8,10,0,18,0,9,18,0,27,4,0,4,31
10/24/2021,CIC,CA,AWP,WE,Federal Contract Tower,0,0,1,0,1,0,0,0,0,0,0,0,1,0,1,0,0,0,1
10/25/2021,CIC,CA,AWP,WE,Federal Contract Tower,0,3,1,0,4,0,14,21,0,35,0,17,22,0,39,14,0,14,53
10/26/2021,CIC,CA,AWP,WE,Federal Contract Tower,0,2,10,0,12,0,7,29,0,36,0,9,39,0,48,24,0,24,72
10/27/2021,CIC,CA,AWP,WE,Federal Contract Tower,0,4,8,0,12,0,11,68,0,79,0,15,76,0,91,44,0,44,135
10/28/2021,CIC,CA,AWP,WE,Federal Contract Tower,0,5,4,0,9,1,9,78,0,88,1,14,82,0,97,28,0,28,125
10/29/2021,CIC,CA,AWP,WE,Federal Contract Tower,0,2,2,0,4,0,9,84,0,93,0,11,86,0,97,100,0,100,197
10/30/2021,CIC,CA,AWP,WE,Federal Contract Tower,0,0,2,0,2,0,4,30,0,34,0,4,32,0,36,46,0,46,82
10/31/2021,CIC,CA,AWP,WE,Federal Contract Tower,0,1,0,0,1,0,6,56,0,62,0,7,56,0,63,72,0,72,135
11/01/2021,CIC,CA,AWP,WE,Federal Contract Tower,0,5,4,0,9,0,0,3,0,3,0,5,7,0,12,0,0,0,12
11/02/2021,CIC,CA,AWP,WE,Federal Contract Tower,0,5,9,1,15,0,12,25,2,39,0,17,34,3,54,8,0,8,62
11/03/2021,CIC,CA,AWP,WE,Federal Contract Tower,0,1,4,1,6,0,10,74,0,84,0,11,78,1,90,30,12,42,132
11/04/2021,CIC,CA,AWP,WE,Federal Contract Tower,0,3,9,0,12,0,6,42,0,48,0,9,51,0,60,10,0,10,70
11/05/2021,CIC,CA,AWP,WE,Federal Contract Tower,0,5,4,5,14,0,10,61,3,74,0,15,65,8,88,30,10,40,128
11/06/2021,CIC,CA,AWP,WE,Federal Contract Tower,0,1,2,1,4,0,3,15,2,20,0,4,17,3,24,0,0,0,24
11/07/2021,CIC,CA,AWP,WE,Federal Contract Tower,0,0,3,0,3,0,18,56,0,74,0,18,59,0,77,14,0,14,91
11/08/2021,CIC,CA,AWP,WE,Federal Contract Tower,0,4,2,2,8,0,3,24,0,27,0,7,26,2,35,4,0,4,39
11/09/2021,CIC,CA,AWP,WE,Federal Contract Tower,0,5,7,0,12,0,0,0,0,0,0,5,7,0,12,0,0,0,12
11/10/2021,CIC,CA,AWP,WE,Federal Contract Tower,0,6,11,0,17,0,8,35,0,43,0,14,46,0,60,0,0,0,60
11/11/2021,CIC,CA,AWP,WE,Federal Contract Tower,0,1,4,0,5,0,10,42,0,52,0,11,46,0,57,30,0,30,87
11/12/2021,CIC,CA,AWP,WE,Federal Contract Tower,0,7,15,0,22,0,0,1,0,1,0,7,16,0,23,0,0,0,23
11/13/2021,CIC,CA,AWP,WE,Federal Contract Tower,0,2,7,0,9,0,8,23,0,31,0,10,30,0,40,38,0,38,78
11/14/2021,CIC,CA,AWP,WE,Federal Contract Tower,0,0,10,0,10,0,4,20,0,24,0,4,30,0,34,2,0,2,36
11/16/2021,CIC,CA,AWP,WE,Federal Contract Tower,0,2,12,0,14,0,14,45,0,59,0,16,57,0,73,18,0,18,91
11/17/2021,CIC,CA,AWP,WE,Federal Contract Tower,0,4,12,1,17,0,10,50,0,60,0,14,62,1,77,20,20,40,117
11/18/2021,CIC,CA,AWP,WE,Federal Contract Tower,0,7,10,0,17,0,12,60,0,72,0,19,70,0,89,26,0,26,115
11/19/2021,CIC,CA,AWP,WE,Federal Contract Tower,0,2,12,0,14,0,2,28,4,34,0,4,40,4,48,0,0,0,48
11/20/2021,CIC,CA,AWP,WE,Federal Contract Tower,0,2,6,0,8,0,34,46,0,80,0,36,52,0,88,70,0,70,158
11/21/2021,CIC,CA,AWP,WE,Federal Contract Tower,0,0,0,0,0,0,2,66,0,68,0,2,66,0,68,64,0,64,132
11/22/2021,CIC,CA,AWP,WE,Federal Contract Tower,0,5,0,0,5,0,5,51,0,56,0,10,51,0,61,26,0,26,87
11/23/2021,CIC,CA,AWP,WE,Federal Contract Tower,0,5,0,2,7,0,21,58,0,79,0,26,58,2,86,16,0,16,102
11/24/2021,CIC,CA,AWP,WE,Federal Contract Tower,0,2,6,0,8,0,10,57,0,67,0,12,63,0,75,26,0,26,101
11/25/2021,CIC,CA,AWP,WE,Federal Contract Tower,0,0,0,0,0,0,12,25,0,37,0,12,25,0,37,12,0,12,49
11/26/2021,CIC,CA,AWP,WE,Federal Contract Tower,0,2,0,0,2,0,2,42,0,44,0,4,42,0,46,18,0,18,64
11/27/2021,CIC,CA,AWP,WE,Federal Contract Tower,0,0,5,0,5,0,3,77,0,80,0,3,82,0,85,12,0,12,97
11/28/2021,CIC,CA,AWP,WE,Federal Contract Tower,0,0,6,0,6,0,1,39,0,40,0,1,45,0,46,14,0,14,60
11/29/2021,CIC,CA,AWP,WE,Federal Contract Tower,0,3,0,0,3,0,13,54,0,67,0,16,54,0,70,14,0,14,84
11/30/2021,CIC,CA,AWP,WE,Federal Contract Tower,0,5,3,0,8,0,19,74,0,93,0,24,77,0,101,58,0,58,159
12/01/2021,CIC,CA,AWP,WE,Federal Contract Tower,0,2,0,0,2,0,5,41,0,46,0,7,41,0,48,12,0,12,60
12/03/2021,CIC,CA,AWP,WE,Federal Contract Tower,0,1,1,2,4,0,11,49,2,62,0,12,50,4,66,16,0,16,82
12/04/2021,CIC,CA,AWP,WE,Federal Contract Tower,0,2,6,0,8,0,2,27,0,29,0,4,33,0,37,10,0,10,47
12/05/2021,CIC,CA,AWP,WE,Federal Contract Tower,0,0,5,0,5,0,0,28,0,28,0,0,33,0,33,0,0,0,33
12/06/2021,CIC,CA,AWP,WE,Federal Contract Tower,0,8,17,0,25,0,0,0,0,0,0,8,17,0,25,0,0,0,25
12/07/2021,CIC,CA,AWP,WE,Federal Contract Tower,0,3,14,0,17,0,6,26,0,32,0,9,40,0,49,16,0,16,65
12/08/2021,CIC,CA,AWP,WE,Federal Contract Tower,0,10,16,0,26,0,0,0,0,0,0,10,16,0,26,0,0,0,26
12/09/2021,CIC,CA,AWP,WE,Federal Contract Tower,0,4,8,0,12,0,17,41,0,58,0,21,49,0,70,46,0,46,116
12/10/2021,CIC,CA,AWP,WE,Federal Contract Tower,0,2,4,0,6,0,18,78,0,96,0,20,82,0,102,62,0,62,164
12/11/2021,CIC,CA,AWP,WE,Federal Contract Tower,0,1,6,0,7,0,7,47,0,54,0,8,53,0,61,64,0,64,125
12/12/2021,CIC,CA,AWP,WE,Federal Contract Tower,0,0,4,0,4,0,0,0,0,0,0,0,4,0,4,0,0,0,4
12/13/2021,CIC,CA,AWP,WE,Federal Contract Tower,0,2,7,0,9,0,0,0,0,0,0,2,7,0,9,0,0,0,9
12/14/2021,CIC,CA,AWP,WE,Federal Contract Tower,0,3,7,0,10,0,21,32,0,53,0,24,39,0,63,10,0,10,73
12/15/2021,CIC,CA,AWP,WE,Federal Contract Tower,0,2,4,0,6,0,6,2,0,8,0,8,6,0,14,0,0,0,14
12/16/2021,CIC,CA,AWP,WE,Federal Contract Tower,0,3,11,0,14,0,3,2,0,5,0,6,13,0,19,0,0,0,19
12/17/2021,CIC,CA,AWP,WE,Federal Contract Tower,0,3,5,0,8,0,12,108,2,122,0,15,113,2,130,66,0,66,196
12/18/2021,CIC,CA,AWP,WE,Federal Contract Tower,0,1,11,0,12,0,0,0,0,0,0,1,11,0,12,0,0,0,12
12/19/2021,CIC,CA,AWP,WE,Federal Contract Tower,0,2,14,0,16,0,0,6,0,6,0,2,20,0,22,22,0,22,44
12/20/2021,CIC,CA,AWP,WE,Federal Contract Tower,0,2,3,0,5,0,2,35,0,37,0,4,38,0,42,30,0,30,72
12/21/2021,CIC,CA,AWP,WE,Federal Contract Tower,0,8,10,0,18,0,0,1,0,1,0,8,11,0,19,0,0,0,19
12/22/2021,CIC,CA,AWP,WE,Federal Contract Tower,0,4,11,0,15,0,0,0,0,0,0,4,11,0,15,0,0,0,15
12/23/2021,CIC,CA,AWP,WE,Federal Contract Tower,0,3,2,0,5,0,4,1,0,5,0,7,3,0,10,0,0,0,10
12/24/2021,CIC,CA,AWP,WE,Federal Contract Tower,0,3,4,0,7,0,12,26,0,38,0,15,30,0,45,20,0,20,65
12/25/2021,CIC,CA,AWP,WE,Federal Contract Tower,0,0,0,0,0,0,2,0,0,2,0,2,0,0,2,0,0,0,2
12/26/2021,CIC,CA,AWP,WE,Federal Contract Tower,0,4,2,0,6,0,8,17,0,25,0,12,19,0,31,4,0,4,35
12/27/2021,CIC,CA,AWP,WE,Federal Contract Tower,0,5,5,0,10,0,10,20,0,30,0,15,25,0,40,24,0,24,64
12/28/2021,CIC,CA,AWP,WE,Federal Contract Tower,0,4,5,0,9,0,3,3,0,6,0,7,8,0,15,0,0,0,15
12/29/2021,CIC,CA,AWP,WE,Federal Contract Tower,0,4,4,0,8,0,4,1,0,5,0,8,5,0,13,0,0,0,13
12/30/2021,CIC,CA,AWP,WE,Federal Contract Tower,0,2,3,0,5,0,7,39,0,46,0,9,42,0,51,28,0,28,79
12/31/2021,CIC,CA,AWP,WE,Federal Contract Tower,0,2,5,0,7,0,4,60,0,64,0,6,65,0,71,58,0,58,129
01/01/2022,CIC,CA,AWP,WE,Federal Contract Tower,0,2,3,0,5,0,4,52,11,67,0,6,55,11,72,24,4,28,100
01/02/2022,CIC,CA,AWP,WE,Federal Contract Tower,0,2,0,0,2,0,2,71,0,73,0,4,71,0,75,50,0,50,125
01/03/2022,CIC,CA,AWP,WE,Federal Contract Tower,0,2,5,0,7,0,6,1,0,7,0,8,6,0,14,0,0,0,14
01/04/2022,CIC,CA,AWP,WE,Federal Contract Tower,0,2,14,0,16,0,7,6,0,13,0,9,20,0,29,0,0,0,29
01/05/2022,CIC,CA,AWP,WE,Federal Contract Tower,0,4,13,0,17,0,6,17,0,23,0,10,30,0,40,26,0,26,66
01/06/2022,CIC,CA,AWP,WE,Federal Contract Tower,0,10,4,0,14,0,0,0,0,0,0,10,4,0,14,0,0,0,14
01/07/2022,CIC,CA,AWP,WE,Federal Contract Tower,0,5,2,0,7,0,1,3,0,4,0,6,5,0,11,6,0,6,17
01/08/2022,CIC,CA,AWP,WE,Federal Contract Tower,0,2,5,0,7,0,0,44,0,44,0,2,49,0,51,10,0,10,61
01/09/2022,CIC,CA,AWP,WE,Federal Contract Tower,0,3,6,0,9,0,8,50,0,58,0,11,56,0,67,20,0,20,87
01/10/2022,CIC,CA,AWP,WE,Federal Contract Tower,0,2,1,0,3,0,2,51,0,53,0,4,52,0,56,27,0,27,83
01/11/2022,CIC,CA,AWP,WE,Federal Contract Tower,0,2,2,0,4,0,7,61,0,68,0,9,63,0,72,32,0,32,104
01/12/2022,CIC,CA,AWP,WE,Federal Contract Tower,0,1,7,0,8,0,6,46,0,52,0,7,53,0,60,46,0,46,106
01/13/2022,CIC,CA,AWP,WE,Federal Contract Tower,0,1,2,0,3,0,3,61,0,64,0,4,63,0,67,50,0,50,117
01/14/2022,CIC,CA,AWP,WE,Federal Contract Tower,0,1,6,0,7,0,5,51,0,56,0,6,57,0,63,0,0,0,63
01/15/2022,CIC,CA,AWP,WE,Federal Contract Tower,0,2,0,0,2,0,15,39,0,54,0,17,39,0,56,20,0,20,76
01/16/2022,CIC,CA,AWP,WE,Federal Contract Tower,0,0,5,0,5,0,2,36,0,38,0,2,41,0,43,18,0,18,61
01/17/2022,CIC,CA,AWP,WE,Federal Contract Tower,0,3,1,0,4,0,14,47,0,61,0,17,48,0,65,24,0,24,89
01/18/2022,CIC,CA,AWP,WE,Federal Contract Tower,0,3,4,0,7,0,4,64,0,68,0,7,68,0,75,38,0,38,113
01/19/2022,CIC,CA,AWP,WE,Federal Contract Tower,0,5,2,0,7,0,10,66,0,76,0,15,68,0,83,6,0,6,89
01/20/2022,CIC,CA,AWP,WE,Federal Contract Tower,0,2,1,0,3,0,4,53,6,63,0,6,54,6,66,12,14,26,92
01/21/2022,CIC,CA,AWP,WE,Federal Contract Tower,0,4,1,0,5,0,12,27,2,41,0,16,28,2,46,28,4,32,78
01/22/2022,CIC,CA,AWP,WE,Federal Contract Tower,0,0,2,0,2,0,4,36,0,40,0,4,38,0,42,32,0,32,74
01/23/2022,CIC,CA,AWP,WE,Federal Contract Tower,0,2,1,0,3,0,1,58,2,61,0,3,59,2,64,28,0,28,92
01/24/2022,CIC,CA,AWP,WE,Federal Contract Tower,0,2,1,0,3,0,13,49,1,63,0,15,50,1,66,4,0,4,70
01/25/2022,CIC,CA,AWP,WE,Federal Contract Tower,0,2,0,0,2,0,5,51,2,58,0,7,51,2,60,14,0,14,74
01/26/2022,CIC,CA,AWP,WE,Federal Contract Tower,0,1,3,4,8,0,9,65,3,77,0,10,68,7,85,6,20,26,111
01/27/2022,CIC,CA,AWP,WE,Federal Contract Tower,0,1,4,2,7,0,14,62,1,77,0,15,66,3,84,6,20,26,110
01/28/2022,CIC,CA,AWP,WE,Federal Contract Tower,0,1,3,1,5,0,13,52,1,66,0,14,55,2,71,32,22,54,125
01/29/2022,CIC,CA,AWP,WE,Federal Contract Tower,0,2,0,0,2,0,69,1,0,70,0,71,1,0,72,6,0,6,78
01/30/2022,CIC,CA,AWP,WE,Federal Contract Tower,0,0,5,0,5,0,6,43,9,58,0,6,48,9,63,10,0,10,73
01/31/2022,CIC,CA,AWP,WE,Federal Contract Tower,0,2,3,0,5,0,4,53,11,68,0,6,56,11,73,24,4,28,101
02/01/2022,CIC,CA,AWP,WE,Federal Contract Tower,0,2,0,0,2,0,6,23,4,33,0,8,23,4,35,10,0,10,45
02/02/2022,CIC,CA,AWP,WE,Federal Contract Tower,0,5,3,0,8,0,11,40,2,53,0,16,43,2,61,2,0,2,63
02/03/2022,CIC,CA,AWP,WE,Federal Contract Tower,0,2,4,0,6,0,3,94,0,97,0,5,98,0,103,86,0,86,189
02/04/2022,CIC,CA,AWP,WE,Federal Contract Tower,0,2,0,0,2,0,11,69,1,81,0,13,69,1,83,28,0,28,111
02/05/2022,CIC,CA,AWP,WE,Federal Contract Tower,0,0,1,0,1,0,1,63,1,65,0,1,64,1,66,6,0,6,72
02/06/2022,CIC,CA,AWP,WE,Federal Contract Tower,0,0,5,0,5,0,14,67,0,81,0,14,72,0,86,46,0,46,132
02/07/2022,CIC,CA,AWP,WE,Federal Contract Tower,0,2,4,0,6,0,2,53,4,59,0,4,57,4,65,18,20,38,103
02/08/2022,CIC,CA,AWP,WE,Federal Contract Tower,0,2,3,0,5,0,13,53,0,66,0,15,56,0,71,8,0,8,79
02/09/2022,CIC,CA,AWP,WE,Federal Contract Tower,0,5,4,0,9,0,4,46,0,50,0,9,50,0,59,18,0,18,77
02/10/2022,CIC,CA,AWP,WE,Federal Contract Tower,0,2,1,0,3,0,4,46,0,50,0,6,47,0,53,48,0,48,101
02/11/2022,CIC,CA,AWP,WE,Federal Contract Tower,0,3,2,0,5,0,8,40,0,48,0,11,42,0,53,12,0,12,65
02/12/2022,CIC,CA,AWP,WE,Federal Contract Tower,0,0,2,0,2,0,12,49,0,61,0,12,51,0,63,12,0,12,75
02/13/2022,CIC,CA,AWP,WE,Federal Contract Tower,0,1,4,0,5,0,0,64,0,64,0,1,68,0,69,56,0,56,125
02/14/2022,CIC,CA,AWP,WE,Federal Contract Tower,0,3,1,0,4,0,5,36,0,41,0,8,37,0,45,0,0,0,45
02/15/2022,CIC,CA,AWP,WE,Federal Contract Tower,0,2,3,0,5,0,16,14,0,30,0,18,17,0,35,6,0,6,41
02/16/2022,CIC,CA,AWP,WE,Federal Contract Tower,0,4,0,0,4,0,27,34,0,61,0,31,34,0,65,6,0,6,71
02/17/2022,CIC,CA,AWP,WE,Federal Contract Tower,0,2,7,0,9,0,5,75,0,80,0,7,82,0,89,28,0,28,117
02/18/2022,CIC,CA,AWP,WE,Federal Contract Tower,0,3,5,2,10,0,11,79,0,90,0,14,84,2,100,60,0,60,160
02/19/2022,CIC,CA,AWP,WE,Federal Contract Tower,0,1,1,0,2,0,7,83,0,90,0,8,84,0,92,18,0,18,110
02/20/2022,CIC,CA,AWP,WE,Federal Contract Tower,0,0,4,0,4,0,11,47,0,58,0,11,51,0,62,30,0,30,92
02/21/2022,CIC,CA,AWP,WE,Federal Contract Tower,0,6,3,0,9,0,10,33,0,43,0,16,36,0,52,6,0,6,58
02/22/2022,CIC,CA,AWP,WE,Federal Contract Tower,0,3,7,0,10,0,9,17,0,26,0,12,24,0,36,6,0,6,42
02/23/2022,CIC,CA,AWP,WE,Federal Contract Tower,0,4,4,0,8,0,18,26,0,44,0,22,30,0,52,36,0,36,88
02/24/2022,CIC,CA,AWP,WE,Federal Contract Tower,0,2,6,0,8,0,17,66,1,84,0,19,72,1,92,36,0,36,128
02/25/2022,CIC,CA,AWP,WE,Federal Contract Tower,0,5,1,0,6,0,10,75,0,85,0,15,76,0,91,26,0,26,117
02/26/2022,CIC,CA,AWP,WE,Federal Contract Tower,0,0,4,0,4,0,14,79,0,93,0,14,83,0,97,32,2,34,131
02/27/2022,CIC,CA,AWP,WE,Federal Contract Tower,0,0,3,0,3,0,8,48,0,56,0,8,51,0,59,44,0,44,103
02/28/2022,CIC,CA,AWP,WE,Federal Contract Tower,0,3,1,0,4,0,13,32,0,45,0,16,33,0,49,6,0,6,55
03/01/2022,CIC,CA,AWP,WE,Federal Contract Tower,0,2,4,0,6,0,16,49,0,65,0,18,53,0,71,16,0,16,87
03/02/2022,CIC,CA,AWP,WE,Federal Contract Tower,0,4,6,0,10,0,13,47,1,61,0,17,53,1,71,14,0,14,85
03/03/2022,CIC,CA,AWP,WE,Federal Contract Tower,0,2,3,0,5,0,9,39,0,48,0,11,42,0,53,18,0,18,71
03/04/2022,CIC,CA,AWP,WE,Federal Contract Tower,0,3,2,0,5,0,26,25,0,51,0,29,27,0,56,36,0,36,92
03/05/2022,CIC,CA,AWP,WE,Federal Contract Tower,0,1,3,0,4,0,22,50,0,72,0,23,53,0,76,18,0,18,94
03/06/2022,CIC,CA,AWP,WE,Federal Contract Tower,0,3,1,0,4,0,9,73,0,82,0,12,74,0,86,28,0,28,114
03/07/2022,CIC,CA,AWP,WE,Federal Contract Tower,0,2,9,0,11,0,9,52,0,61,0,11,61,0,72,10,0,10,82
03/08/2022,CIC,CA,AWP,WE,Federal Contract Tower,0,6,9,0,15,0,19,59,0,78,0,25,68,0,93,38,0,38,131
03/09/2022,CIC,CA,AWP,WE,Federal Contract Tower,0,2,11,0,13,0,37,59,0,96,0,39,70,0,109,26,0,26,135
03/10/2022,CIC,CA,AWP,WE,Federal Contract Tower,0,4,1,0,5,0,37,54,0,91,0,41,55,0,96,38,0,38,134
03/11/2022,CIC,CA,AWP,WE,Federal Contract Tower,0,2,5,0,7,0,37,67,0,104,0,39,72,0,111,32,0,32,143
03/12/2022,CIC,CA,AWP,WE,Federal Contract Tower,0,0,3,0,3,0,27,66,0,93,0,27,69,0,96,18,0,18,114
03/13/2022,CIC,CA,AWP,WE,Federal Contract Tower,0,0,2,0,2,0,17,56,0,73,0,17,58,0,75,26,0,26,101
03/14/2022,CIC,CA,AWP,WE,Federal Contract Tower,0,3,3,0,6,0,31,58,0,89,0,34,61,0,95,38,0,38,133
03/15/2022,CIC,CA,AWP,WE,Federal Contract Tower,0,2,4,2,8,0,7,29,0,36,0,9,33,2,44,16,4,20,64
03/16/2022,CIC,CA,AWP,WE,Federal Contract Tower,0,2,7,0,9,0,19,74,0,93,0,21,81,0,102,64,0,64,166
03/17/2022,CIC,CA,AWP,WE,Federal Contract Tower,0,2,11,4,17,0,29,78,0,107,0,31,89,4,124,20,30,50,174
03/18/2022,CIC,CA,AWP,WE,Federal Contract Tower,0,3,4,0,7,0,16,76,0,92,0,19,80,0,99,14,0,14,113
03/19/2022,CIC,CA,AWP,WE,Federal Contract Tower,0,0,3,0,3,0,7,17,0,24,0,7,20,0,27,22,0,22,49
03/20/2022,CIC,CA,AWP,WE,Federal Contract Tower,0,0,6,0,6,0,15,40,0,55,0,15,46,0,61,26,12,38,99
03/21/2022,CIC,CA,AWP,WE,Federal Contract Tower,0,2,2,0,4,0,21,33,0,54,0,23,35,0,58,4,0,4,62
03/22/2022,CIC,CA,AWP,WE,Federal Contract Tower,0,4,2,0,6,0,2,55,0,57,0,6,57,0,63,19,0,19,82
03/23/2022,CIC,CA,AWP,WE,Federal Contract Tower,0,4,9,0,13,0,4,57,1,62,0,8,66,1,75,56,0,56,131
03/24/2022,CIC,CA,AWP,WE,Federal Contract Tower,0,2,1,0,3,0,9,65,0,74,0,11,66,0,77,44,0,44,121
03/25/2022,CIC,CA,AWP,WE,Federal Contract Tower,0,3,2,0,5,0,9,70,0,79,0,12,72,0,84,66,0,66,150
03/26/2022,CIC,CA,AWP,WE,Federal Contract Tower,0,0,0,0,0,0,19,64,0,83,0,19,64,0,83,28,0,28,111
03/27/2022,CIC,CA,AWP,WE,Federal Contract Tower,0,0,2,0,2,0,2,50,0,52,0,2,52,0,54,28,0,28,82
03/28/2022,CIC,CA,AWP,WE,Federal Contract Tower,0,2,3,1,6,0,19,7,1,27,0,21,10,2,33,0,6,6,39
03/29/2022,CIC,CA,AWP,WE,Federal Contract Tower,0,3,5,3,11,0,12,74,3,89,0,15,79,6,100,50,16,66,166
03/30/2022,CIC,CA,AWP,WE,Federal Contract Tower,0,2,14,0,16,0,18,37,0,55,0,20,51,0,71,38,0,38,109
03/31/2022,CIC,CA,AWP,WE,Federal Contract Tower,0,2,2,0,4,0,4,40,0,44,0,6,42,0,48,54,20,74,122
04/01/2022,CIC,CA,AWP,WE,Federal Contract Tower,0,3,2,0,5,0,4,90,0,94,0,7,92,0,99,40,0,40,139
04/02/2022,CIC,CA,AWP,WE,Federal Contract Tower,0,0,2,0,2,0,8,34,0,42,0,8,36,0,44,12,0,12,56
04/03/2022,CIC,CA,AWP,WE,Federal Contract Tower,0,0,1,0,1,0,17,37,1,55,0,17,38,1,56,12,0,12,68
04/04/2022,CIC,CA,AWP,WE,Federal Contract Tower,0,2,0,4,6,0,11,64,0,75,0,13,64,4,81,18,0,18,99
04/05/2022,CIC,CA,AWP,WE,Federal Contract Tower,0,2,1,0,3,0,21,55,0,76,0,23,56,0,79,30,0,30,109
04/06/2022,CIC,CA,AWP,WE,Federal Contract Tower,0,2,1,0,3,0,7,47,0,54,0,9,48,0,57,4,0,4,61
04/07/2022,CIC,CA,AWP,WE,Federal Contract Tower,0,1,2,0,3,0,9,51,1,61,0,10,53,1,64,26,0,26,90
04/08/2022,CIC,CA,AWP,WE,Federal Contract Tower,0,3,6,0,9,0,13,61,0,74,0,16,67,0,83,38,0,38,121
04/09/2022,CIC,CA,AWP,WE,Federal Contract Tower,0,2,2,0,4,0,3,18,0,21,0,5,20,0,25,0,0,0,25
04/10/2022,CIC,CA,AWP,WE,Federal Contract Tower,0,0,3,0,3,0,19,15,0,34,0,19,18,0,37,0,0,0,37
04/11/2022,CIC,CA,AWP,WE,Federal Contract Tower,0,2,0,0,2,0,18,7,0,25,0,20,7,0,27,0,0,0,27
04/12/2022,CIC,CA,AWP,WE,Federal Contract Tower,0,2,3,2,7,0,34,66,0,100,0,36,69,2,107,46,0,46,153
04/13/2022,CIC,CA,AWP,WE,Federal Contract Tower,0,2,1,0,3,0,42,41,0,83,0,44,42,0,86,16,0,16,102
04/14/2022,CIC,CA,AWP,WE,Federal Contract Tower,0,4,10,0,14,0,12,1,0,13,0,16,11,0,27,0,0,0,27
04/15/2022,CIC,CA,AWP,WE,Federal Contract Tower,0,3,8,0,11,0,35,29,0,64,0,38,37,0,75,10,0,10,85
04/16/2022,CIC,CA,AWP,WE,Federal Contract Tower,0,1,3,0,4,0,11,3,0,14,0,12,6,0,18,0,0,0,18
04/17/2022,CIC,CA,AWP,WE,Federal Contract Tower,0,0,1,0,1,0,35,59,0,94,0,35,60,0,95,22,0,22,117
04/18/2022,CIC,CA,AWP,WE,Federal Contract Tower,0,2,1,0,3,0,18,30,0,48,0,20,31,0,51,22,0,22,73
04/19/2022,CIC,CA,AWP,WE,Federal Contract Tower,0,8,6,0,14,0,27,36,0,63,0,35,42,0,77,22,0,22,99
04/20/2022,CIC,CA,AWP,WE,Federal Contract Tower,0,2,7,0,9,0,0,5,0,5,0,2,12,0,14,0,0,0,14
04/21/2022,CIC,CA,AWP,WE,Federal Contract Tower,0,2,2,0,4,0,12,11,0,23,0,14,13,0,27,0,0,0,27
04/22/2022,CIC,CA,AWP,WE,Federal Contract Tower,0,3,5,0,8,0,9,34,0,43,0,12,39,0,51,18,0,18,69
04/23/2022,CIC,CA,AWP,WE,Federal Contract Tower,0,0,1,0,1,0,13,54,0,67,0,13,55,0,68,36,0,36,104
04/24/2022,CIC,CA,AWP,WE,Federal Contract Tower,0,0,3,0,3,0,3,69,0,72,0,3,72,0,75,18,0,18,93
04/25/2022,CIC,CA,AWP,WE,Federal Contract Tower,0,2,2,0,4,0,11,59,4,74,0,13,61,4,78,2,0,2,80
04/26/2022,CIC,CA,AWP,WE,Federal Contract Tower,0,4,1,0,5,0,11,79,0,90,0,15,80,0,95,52,0,52,147
04/27/2022,CIC,CA,AWP,WE,Federal Contract Tower,0,3,5,0,8,0,8,72,0,80,0,11,77,0,88,28,0,28,116
04/28/2022,CIC,CA,AWP,WE,Federal Contract Tower,0,3,5,0,8,0,11,44,0,55,0,14,49,0,63,12,0,12,75
04/29/2022,CIC,CA,AWP,WE,Federal Contract Tower,0,2,3,0,5,0,16,70,0,86,0,18,73,0,91,0,0,0,91
04/30/2022,CIC,CA,AWP,WE,Federal Contract Tower,0,3,5,0,8,0,9,55,0,64,0,12,60,0,72,2,0,2,74
05/01/2022,CIC,CA,AWP,WE,Federal Contract Tower,0,2,0,0,2,0,6,34,0,40,0,8,34,0,42,0,0,0,42
05/02/2022,CIC,CA,AWP,WE,Federal Contract Tower,0,2,3,0,5,0,8,34,0,42,0,10,37,0,47,0,0,0,47
05/03/2022,CIC,CA,AWP,WE,Federal Contract Tower,0,6,0,1,7,0,57,2,0,59,0,63,2,1,66,24,6,30,96
05/04/2022,CIC,CA,AWP,WE,Federal Contract Tower,0,1,0,0,1,0,9,68,0,77,0,10,68,0,78,32,0,32,110
05/05/2022,CIC,CA,AWP,WE,Federal Contract Tower,0,4,8,0,12,0,3,50,0,53,0,7,58,0,65,10,0,10,75
05/06/2022,CIC,CA,AWP,WE,Federal Contract Tower,0,3,1,0,4,0,4,26,2,32,0,7,27,2,36,48,4,52,88
05/07/2022,CIC,CA,AWP,WE,Federal Contract Tower,0,0,3,0,3,0,10,127,0,137,0,10,130,0,140,28,0,28,168
05/08/2022,CIC,CA,AWP,WE,Federal Contract Tower,0,0,5,0,5,0,7,22,0,29,0,7,27,0,34,8,0,8,42
05/09/2022,CIC,CA,AWP,WE,Federal Contract Tower,0,2,1,0,3,0,6,16,0,22,0,8,17,0,25,2,0,2,27
05/10/2022,CIC,CA,AWP,WE,Federal Contract Tower,0,2,1,0,3,0,7,29,0,36,0,9,30,0,39,32,0,32,71
05/11/2022,CIC,CA,AWP,WE,Federal Contract Tower,0,4,4,0,8,0,8,99,0,107,0,12,103,0,115,24,0,24,139
05/12/2022,CIC,CA,AWP,WE,Federal Contract Tower,0,2,3,0,5,0,13,45,0,58,0,15,48,0,63,24,0,24,87
05/13/2022,CIC,CA,AWP,WE,Federal Contract Tower,0,2,1,0,3,0,21,66,0,87,0,23,67,0,90,68,0,68,158
05/14/2022,CIC,CA,AWP,WE,Federal Contract Tower,0,0,0,0,0,0,3,53,0,56,0,3,53,0,56,32,0,32,88
05/15/2022,CIC,CA,AWP,WE,Federal Contract Tower,0,2,2,2,6,0,6,52,0,58,0,8,54,2,64,12,10,22,86
05/16/2022,CIC,CA,AWP,WE,Federal Contract Tower,0,2,2,0,4,0,14,32,0,46,0,16,34,0,50,0,0,0,50
05/17/2022,CIC,CA,AWP,WE,Federal Contract Tower,0,4,3,0,7,0,16,44,0,60,0,20,47,0,67,22,0,22,89
05/18/2022,CIC,CA,AWP,WE,Federal Contract Tower,0,3,1,0,4,0,4,42,0,46,0,7,43,0,50,24,0,24,74
05/19/2022,CIC,CA,AWP,WE,Federal Contract Tower,0,4,3,0,7,0,19,45,0,64,0,23,48,0,71,12,0,12,83
05/20/2022,CIC,CA,AWP,WE,Federal Contract Tower,0,2,3,0,5,0,61,51,0,112,0,63,54,0,117,64,0,64,181
05/21/2022,CIC,CA,AWP,WE,Federal Contract Tower,0,1,1,0,2,0,15,55,0,70,0,16,56,0,72,38,0,38,110
05/22/2022,CIC,CA,AWP,WE,Federal Contract Tower,0,1,0,0,1,0,4,68,0,72,0,5,68,0,73,38,0,38,111
05/23/2022,CIC,CA,AWP,WE,Federal Contract Tower,0,2,2,0,4,0,14,37,0,51,0,16,39,0,55,22,0,22,77
05/24/2022,CIC,CA,AWP,WE,Federal Contract Tower,0,1,3,0,4,0,34,31,2,67,0,35,34,2,71,42,0,42,113
05/25/2022,CIC,CA,AWP,WE,Federal Contract Tower,0,2,4,0,6,0,11,66,0,77,0,13,70,0,83,26,0,26,109
05/26/2022,CIC,CA,AWP,WE,Federal Contract Tower,0,2,7,0,9,0,17,67,2,86,0,19,74,2,95,58,0,58,153
05/27/2022,CIC,CA,AWP,WE,Federal Contract Tower,0,3,9,0,12,0,18,52,4,74,0,21,61,4,86,12,0,12,98
05/28/2022,CIC,CA,AWP,WE,Federal Contract Tower,0,3,0,0,3,0,14,29,0,43,0,17,29,0,46,0,0,0,46
05/29/2022,CIC,CA,AWP,WE,Federal Contract Tower,0,3,2,0,5,0,14,18,0,32,0,17,20,0,37,20,0,20,57
05/30/2022,CIC,CA,AWP,WE,Federal Contract Tower,0,1,1,0,2,0,10,25,0,35,0,11,26,0,37,16,0,16,53
05/31/2022,CIC,CA,AWP,WE,Federal Contract Tower,0,2,0,0,2,0,11,43,0,54,0,13,43,0,56,46,0,46,102
06/01/2022,CIC,CA,AWP,WE,Federal Contract Tower,0,4,1,0,5,0,8,74,0,82,0,12,75,0,87,20,0,20,107
06/02/2022,CIC,CA,AWP,WE,Federal Contract Tower,0,4,5,0,9,0,6,61,3,70,0,10,66,3,79,46,0,46,125
06/03/2022,CIC,CA,AWP,WE,Federal Contract Tower,0,4,2,0,6,0,14,50,0,64,0,18,52,0,70,4,0,4,74
06/04/2022,CIC,CA,AWP,WE,Federal Contract Tower,0,1,4,0,5,0,18,37,2,57,0,19,41,2,62,54,0,54,116
06/05/2022,CIC,CA,AWP,WE,Federal Contract Tower,0,2,1,0,3,0,3,7,0,10,0,5,8,0,13,0,0,0,13
06/06/2022,CIC,CA,AWP,WE,Federal Contract Tower,0,4,6,0,10,0,18,38,0,56,0,22,44,0,66,0,0,0,66
06/07/2022,CIC,CA,AWP,WE,Federal Contract Tower,0,4,3,0,7,0,13,44,0,57,0,17,47,0,64,12,0,12,76
06/08/2022,CIC,CA,AWP,WE,Federal Contract Tower,0,4,2,1,7,0,5,71,0,76,0,9,73,1,83,10,0,10,93
06/09/2022,CIC,CA,AWP,WE,Federal Contract Tower,0,2,3,0,5,0,18,53,0,71,0,20,56,0,76,18,0,18,94
06/10/2022,CIC,CA,AWP,WE,Federal Contract Tower,0,2,5,0,7,0,120,29,0,149,0,122,34,0,156,8,0,8,164
06/11/2022,CIC,CA,AWP,WE,Federal Contract Tower,0,0,4,0,4,0,42,43,0,85,0,42,47,0,89,2,0,2,91
06/12/2022,CIC,CA,AWP,WE,Federal Contract Tower,0,0,3,0,3,0,0,29,0,29,0,0,32,0,32,0,0,0,32
06/13/2022,CIC,CA,AWP,WE,Federal Contract Tower,0,2,1,0,3,0,66,45,0,111,0,68,46,0,114,20,0,20,134
06/14/2022,CIC,CA,AWP,WE,Federal Contract Tower,0,2,4,1,7,0,26,41,1,68,0,28,45,2,75,16,18,34,109
06/15/2022,CIC,CA,AWP,WE,Federal Contract Tower,0,2,3,1,6,0,30,63,1,94,0,32,66,2,100,38,20,58,158
06/16/2022,CIC,CA,AWP,WE,Federal Contract Tower,0,3,2,0,5,0,13,59,2,74,0,16,61,2,79,8,0,8,87
06/17/2022,CIC,CA,AWP,WE,Federal Contract Tower,0,2,3,0,5,0,15,67,0,82,0,17,70,0,87,18,0,18,105
06/18/2022,CIC,CA,AWP,WE,Federal Contract Tower,0,2,1,0,3,0,16,63,0,79,0,18,64,0,82,44,0,44,126
06/19/2022,CIC,CA,AWP,WE,Federal Contract Tower,0,0,2,0,2,0,10,60,0,70,0,10,62,0,72,10,0,10,82
06/20/2022,CIC,CA,AWP,WE,Federal Contract Tower,0,2,1,0,3,0,24,32,0,56,0,26,33,0,59,0,0,0,59
06/21/2022,CIC,CA,AWP,WE,Federal Contract Tower,0,2,5,0,7,0,2,40,2,44,0,4,45,2,51,28,20,48,99
06/22/2022,CIC,CA,AWP,WE,Federal Contract Tower,0,2,2,0,4,0,14,28,0,42,0,16,30,0,46,20,0,20,66
06/23/2022,CIC,CA,AWP,WE,Federal Contract Tower,0,2,4,4,10,0,16,53,0,69,0,18,57,4,79,46,0,46,125
06/24/2022,CIC,CA,AWP,WE,Federal Contract Tower,0,1,1,0,2,0,14,42,0,56,0,15,43,0,58,34,0,34,92
06/25/2022,CIC,CA,AWP,WE,Federal Contract Tower,0,0,0,0,0,0,12,67,0,79,0,12,67,0,79,32,0,32,111
06/26/2022,CIC,CA,AWP,WE,Federal Contract Tower,0,0,0,0,0,0,13,47,2,62,0,13,47,2,62,18,0,18,80
06/27/2022,CIC,CA,AWP,WE,Federal Contract Tower,0,2,1,0,3,0,6,35,0,41,0,8,36,0,44,12,0,12,56
06/28/2022,CIC,CA,AWP,WE,Federal Contract Tower,0,2,0,1,3,0,38,37,2,77,0,40,37,3,80,16,0,16,96
06/29/2022,CIC,CA,AWP,WE,Federal Contract Tower,0,1,10,2,13,0,32,38,2,72,0,33,48,4,85,30,2,32,117
06/30/2022,CIC,CA,AWP,WE,Federal Contract Tower,0,8,1,0,9,0,37,58,0,95,0,45,59,0,104,24,0,24,128
07/01/2022,CIC,CA,AWP,WE,Federal Contract Tower,0,4,4,0,8,0,19,67,0,86,0,23,71,0,94,24,0,24,118
07/02/2022,CIC,CA,AWP,WE,Federal Contract Tower,0,0,1,0,1,0,12,45,0,57,0,12,46,0,58,14,0,14,72
07/03/2022,CIC,CA,AWP,WE,Federal Contract Tower,0,0,3,0,3,0,6,24,0,30,0,6,27,0,33,24,0,24,57
07/04/2022,CIC,CA,AWP,WE,Federal Contract Tower,0,2,0,0,2,0,13,37,0,50,0,15,37,0,52,4,0,4,56
07/05/2022,CIC,CA,AWP,WE,Federal Contract Tower,0,2,5,0,7,0,14,30,0,44,0,16,35,0,51,46,0,46,97
07/06/2022,CIC,CA,AWP,WE,Federal Contract Tower,0,1,1,0,2,0,13,31,10,54,0,14,32,10,56,8,10,18,74
07/07/2022,CIC,CA,AWP,WE,Federal Contract Tower,0,2,5,2,9,0,11,47,0,58,0,13,52,2,67,6,0,6,73
07/08/2022,CIC,CA,AWP,WE,Federal Contract Tower,0,2,7,0,9,0,37,61,0,98,0,39,68,0,107,16,0,16,123
07/09/2022,CIC,CA,AWP,WE,Federal Contract Tower,0,0,1,0,1,0,21,57,0,78,0,21,58,0,79,12,0,12,91
07/10/2022,CIC,CA,AWP,WE,Federal Contract Tower,0,0,4,0,4,0,12,40,0,52,0,12,44,0,56,60,0,60,116
07/11/2022,CIC,CA,AWP,WE,Federal Contract Tower,0,1,8,0,9,0,14,58,0,72,0,15,66,0,81,50,0,50,131
07/12/2022,CIC,CA,AWP,WE,Federal Contract Tower,0,4,1,0,5,0,17,37,0,54,0,21,38,0,59,16,0,16,75
07/13/2022,CIC,CA,AWP,WE,Federal Contract Tower,0,4,6,0,10,0,18,58,0,76,0,22,64,0,86,20,0,20,106
07/14/2022,CIC,CA,AWP,WE,Federal Contract Tower,0,2,3,2,7,0,18,57,2,77,0,20,60,4,84,26,0,26,110
07/15/2022,CIC,CA,AWP,WE,Federal Contract Tower,0,3,0,0,3,0,15,58,0,73,0,18,58,0,76,36,0,36,112
07/16/2022,CIC,CA,AWP,WE,Federal Contract Tower,0,0,3,0,3,0,53,48,0,101,0,53,51,0,104,10,0,10,114
07/17/2022,CIC,CA,AWP,WE,Federal Contract Tower,0,0,1,0,1,0,17,42,0,59,0,17,43,0,60,28,0,28,88
07/18/2022,CIC,CA,AWP,WE,Federal Contract Tower,0,2,2,0,4,0,17,50,0,67,0,19,52,0,71,38,0,38,109
07/19/2022,CIC,CA,AWP,WE,Federal Contract Tower,0,4,5,0,9,0,19,67,0,86,0,23,72,0,95,12,0,12,107
07/20/2022,CIC,CA,AWP,WE,Federal Contract Tower,0,2,4,0,6,0,20,43,0,63,0,22,47,0,69,18,0,18,87
07/21/2022,CIC,CA,AWP,WE,Federal Contract Tower,0,2,5,1,8,0,15,43,1,59,0,17,48,2,67,12,0,12,79
07/22/2022,CIC,CA,AWP,WE,Federal Contract Tower,0,3,1,0,4,0,14,41,0,55,0,17,42,0,59,20,0,20,79
07/23/2022,CIC,CA,AWP,WE,Federal Contract Tower,0,0,2,0,2,0,14,50,0,64,0,14,52,0,66,22,0,22,88
07/24/2022,CIC,CA,AWP,WE,Federal Contract Tower,0,1,3,0,4,0,8,49,0,57,0,9,52,0,61,14,0,14,75
07/25/2022,CIC,CA,AWP,WE,Federal Contract Tower,0,2,3,0,5,0,37,67,0,104,0,39,70,0,109,10,0,10,119
07/26/2022,CIC,CA,AWP,WE,Federal Contract Tower,0,2,1,4,7,0,10,41,0,51,0,12,42,4,58,10,0,10,68
07/27/2022,CIC,CA,AWP,WE,Federal Contract Tower,0,3,8,0,11,0,34,34,0,68,0,37,42,0,79,18,0,18,97
07/28/2022,CIC,CA,AWP,WE,Federal Contract Tower,0,3,7,3,13,0,17,36,3,56,0,20,43,6,69,48,8,56,125
07/29/2022,CIC,CA,AWP,WE,Federal Contract Tower,0,3,4,0,7,0,20,46,0,66,0,23,50,0,73,8,0,8,81
07/30/2022,CIC,CA,AWP,WE,Federal Contract Tower,0,0,2,0,2,0,15,54,0,69,0,15,56,0,71,0,0,0,71
07/31/2022,CIC,CA,AWP,WE,Federal Contract Tower,0,0,3,0,3,0,3,21,0,24,0,3,24,0,27,8,0,8,35
08/01/2022,CIC,CA,AWP,WE,Federal Contract Tower,0,2,4,0,6,0,2,53,0,55,0,4,57,0,61,6,0,6,67
08/02/2022,CIC,CA,AWP,WE,Federal Contract Tower,0,2,3,0,5,0,3,55,0,58,0,5,58,0,63,26,0,26,89
08/03/2022,CIC,CA,AWP,WE,Federal Contract Tower,0,4,4,0,8,0,3,45,0,48,0,7,49,0,56,16,0,16,72
08/04/2022,CIC,CA,AWP,WE,Federal Contract Tower,0,1,3,0,4,0,13,58,0,71,0,14,61,0,75,50,0,50,125
08/05/2022,CIC,CA,AWP,WE,Federal Contract Tower,0,2,1,0,3,0,27,46,0,73,0,29,47,0,76,26,0,26,102
08/06/2022,CIC,CA,AWP,WE,Federal Contract Tower,0,0,4,0,4,0,12,35,0,47,0,12,39,0,51,20,0,20,71
08/07/2022,CIC,CA,AWP,WE,Federal Contract Tower,0,2,4,0,6,0,8,54,2,64,0,10,58,2,70,34,0,34,104
08/08/2022,CIC,CA,AWP,WE,Federal Contract Tower,0,6,5,0,11,0,17,57,0,74,0,23,62,0,85,30,0,30,115
08/09/2022,CIC,CA,AWP,WE,Federal Contract Tower,0,4,1,0,5,0,14,44,0,58,0,18,45,0,63,48,0,48,111
08/10/2022,CIC,CA,AWP,WE,Federal Contract Tower,0,2,0,0,2,0,11,46,0,57,0,13,46,0,59,4,0,4,63
08/11/2022,CIC,CA,AWP,WE,Federal Contract Tower,0,2,4,0,6,0,29,66,0,95,0,31,70,0,101,16,0,16,117
08/12/2022,CIC,CA,AWP,WE,Federal Contract Tower,0,5,1,0,6,0,5,50,0,55,0,10,51,0,61,80,0,80,141
08/13/2022,CIC,CA,AWP,WE,Federal Contract Tower,0,0,1,0,1,0,0,33,0,33,0,0,34,0,34,26,0,26,60
08/14/2022,CIC,CA,AWP,WE,Federal Contract Tower,0,2,0,0,2,0,6,43,0,49,0,8,43,0,51,56,0,56,107
08/15/2022,CIC,CA,AWP,WE,Federal Contract Tower,0,4,6,0,10,0,7,36,0,43,0,11,42,0,53,6,0,6,59
08/16/2022,CIC,CA,AWP,WE,Federal Contract Tower,0,2,7,0,9,0,14,34,0,48,0,16,41,0,57,18,0,18,75
08/17/2022,CIC,CA,AWP,WE,Federal Contract Tower,0,2,6,0,8,0,6,34,0,40,0,8,40,0,48,22,0,22,70
08/18/2022,CIC,CA,AWP,WE,Federal Contract Tower,0,0,1,0,1,0,9,25,0,34,0,9,26,0,35,2,0,2,37
08/19/2022,CIC,CA,AWP,WE,Federal Contract Tower,0,2,1,0,3,0,16,50,0,66,0,18,51,0,69,30,0,30,99
08/20/2022,CIC,CA,AWP,WE,Federal Contract Tower,0,3,3,0,6,0,13,45,0,58,0,16,48,0,64,20,0,20,84
08/21/2022,CIC,CA,AWP,WE,Federal Contract Tower,0,0,0,0,0,0,2,43,0,45,0,2,43,0,45,8,0,8,53
08/22/2022,CIC,CA,AWP,WE,Federal Contract Tower,0,4,3,0,7,0,14,42,0,56,0,18,45,0,63,6,0,6,69
08/23/2022,CIC,CA,AWP,WE,Federal Contract Tower,0,5,4,0,9,0,29,59,0,88,0,34,63,0,97,14,0,14,111
08/24/2022,CIC,CA,AWP,WE,Federal Contract Tower,0,2,0,0,2,0,35,42,0,77,0,37,42,0,79,0,0,0,79
08/25/2022,CIC,CA,AWP,WE,Federal Contract Tower,0,7,6,0,13,0,9,44,0,53,0,16,50,0,66,22,0,22,88
08/26/2022,CIC,CA,AWP,WE,Federal Contract Tower,0,2,4,0,6,0,15,35,0,50,0,17,39,0,56,46,0,46,102
08/27/2022,CIC,CA,AWP,WE,Federal Contract Tower,0,0,1,0,1,0,5,53,0,58,0,5,54,0,59,70,0,70,129
08/28/2022,CIC,CA,AWP,WE,Federal Contract Tower,0,0,1,0,1,0,15,50,0,65,0,15,51,0,66,46,0,46,112
08/29/2022,CIC,CA,AWP,WE,Federal Contract Tower,0,2,1,0,3,0,9,33,0,42,0,11,34,0,45,46,0,46,91
08/30/2022,CIC,CA,AWP,WE,Federal Contract Tower,0,3,1,0,4,0,20,27,0,47,0,23,28,0,51,16,0,16,67
08/31/2022,CIC,CA,AWP,WE,Federal Contract Tower,0,5,5,0,10,0,9,51,0,60,0,14,56,0,70,22,0,22,92
09/01/2022,CIC,CA,AWP,WE,Federal Contract Tower,0,2,1,0,3,0,25,55,0,80,0,27,56,0,83,10,0,10,93
09/02/2022,CIC,CA,AWP,WE,Federal Contract Tower,0,2,2,0,4,0,22,57,0,79,0,24,59,0,83,18,0,18,101
09/03/2022,CIC,CA,AWP,WE,Federal Contract Tower,0,0,0,0,0,0,12,25,0,37,0,12,25,0,37,12,0,12,49
09/04/2022,CIC,CA,AWP,WE,Federal Contract Tower,0,0,0,0,0,0,8,26,2,36,0,8,26,2,36,4,0,4,40
09/05/2022,CIC,CA,AWP,WE,Federal Contract Tower,0,0,0,0,0,0,8,32,0,40,0,8,32,0,40,12,0,12,52
09/06/2022,CIC,CA,AWP,WE,Federal Contract Tower,0,4,2,0,6,0,21,21,0,42,0,25,23,0,48,6,0,6,54
09/07/2022,CIC,CA,AWP,WE,Federal Contract Tower,0,5,3,0,8,0,16,32,0,48,0,21,35,0,56,34,0,34,90
09/08/2022,CIC,CA,AWP,WE,Federal Contract Tower,0,3,7,1,11,0,19,37,2,58,0,22,44,3,69,2,6,8,77
09/09/2022,CIC,CA,AWP,WE,Federal Contract Tower,0,2,0,0,2,0,19,34,0,53,0,21,34,0,55,38,0,38,93
09/10/2022,CIC,CA,AWP,WE,Federal Contract Tower,0,2,9,0,11,0,24,19,2,45,0,26,28,2,56,6,0,6,62
09/11/2022,CIC,CA,AWP,WE,Federal Contract Tower,0,3,6,0,9,0,13,28,0,41,0,16,34,0,50,0,0,0,50
09/12/2022,CIC,CA,AWP,WE,Federal Contract Tower,0,3,4,2,9,0,16,38,0,54,0,19,42,2,63,32,0,32,95
09/13/2022,CIC,CA,AWP,WE,Federal Contract Tower,0,4,0,0,4,0,35,29,0,64,0,39,29,0,68,4,14,18,86
09/14/2022,CIC,CA,AWP,WE,Federal Contract Tower,0,2,2,1,5,0,18,67,1,86,0,20,69,2,91,42,16,58,149
09/15/2022,CIC,CA,AWP,WE,Federal Contract Tower,0,2,4,0,6,0,18,49,1,68,0,20,53,1,74,40,0,40,114
09/16/2022,CIC,CA,AWP,WE,Federal Contract Tower,0,3,5,3,11,0,21,80,0,101,0,24,85,3,112,16,0,16,128
09/17/2022,CIC,CA,AWP,WE,Federal Contract Tower,0,2,6,0,8,0,12,51,0,63,0,14,57,0,71,34,0,34,105
09/18/2022,CIC,CA,AWP,WE,Federal Contract Tower,0,4,5,0,9,0,13,10,0,23,0,17,15,0,32,6,0,6,38
09/19/2022,CIC,CA,AWP,WE,Federal Contract Tower,0,10,6,2,18,0,6,35,0,41,0,16,41,2,59,10,0,10,69
09/20/2022,CIC,CA,AWP,WE,Federal Contract Tower,0,7,12,0,19,0,15,10,0,25,0,22,22,0,44,14,0,14,58
09/21/2022,CIC,CA,AWP,WE,Federal Contract Tower,0,4,5,2,11,0,14,39,4,57,0,18,44,6,68,60,0,60,128
09/22/2022,CIC,CA,AWP,WE,Federal Contract Tower,0,6,0,0,6,0,18,69,0,87,0,24,69,0,93,36,0,36,129
09/23/2022,CIC,CA,AWP,WE,Federal Contract Tower,0,2,4,0,6,0,11,77,0,88,0,13,81,0,94,50,0,50,144
09/24/2022,CIC,CA,AWP,WE,Federal Contract Tower,0,2,1,0,3,0,5,27,0,32,0,7,28,0,35,42,0,42,77
09/25/2022,CIC,CA,AWP,WE,Federal Contract Tower,0,0,4,0,4,0,12,40,0,52,0,12,44,0,56,52,0,52,108
09/26/2022,CIC,CA,AWP,WE,Federal Contract Tower,0,3,2,0,5,0,19,76,0,95,0,22,78,0,100,30,0,30,130
09/27/2022,CIC,CA,AWP,WE,Federal Contract Tower,0,2,4,0,6,0,20,60,0,80,0,22,64,0,86,30,0,30,116
09/28/2022,CIC,CA,AWP,WE,Federal Contract Tower,0,1,3,0,4,0,22,69,0,91,0,23,72,0,95,76,0,76,171
09/29/2022,CIC,CA,AWP,WE,Federal Contract Tower,0,3,11,1,15,0,20,61,2,83,0,23,72,3,98,2,0,2,100
09/30/2022,CIC,CA,AWP,WE,Federal Contract Tower,0,4,2,0,6,0,20,65,0,85,0,24,67,0,91,54,0,54,145
10/01/2022,CIC,CA,AWP,WE,Federal Contract Tower,0,2,5,0,7,0,4,53,0,57,0,6,58,0,64,62,0,62,126
10/02/2022,CIC,CA,AWP,WE,Federal Contract Tower,0,2,2,0,4,0,10,60,0,70,0,12,62,0,74,18,0,18,92
10/03/2022,CIC,CA,AWP,WE,Federal Contract Tower,0,3,4,0,7,1,11,57,0,69,1,14,61,0,76,24,0,24,100
10/04/2022,CIC,CA,AWP,WE,Federal Contract Tower,0,2,1,0,3,9,12,64,1,86,9,14,65,1,89,42,0,42,131
10/05/2022,CIC,CA,AWP,WE,Federal Contract Tower,0,0,6,2,8,0,10,56,2,68,0,10,62,4,76,24,12,36,112
10/06/2022,CIC,CA,AWP,WE,Federal Contract Tower,0,4,3,0,7,0,13,72,0,85,0,17,75,0,92,34,0,34,126
10/07/2022,CIC,CA,AWP,WE,Federal Contract Tower,0,2,5,0,7,0,3,98,0,101,0,5,103,0,108,46,0,46,154
10/08/2022,CIC,CA,AWP,WE,Federal Contract Tower,0,0,5,0,5,0,8,36,0,44,0,8,41,0,49,10,0,10,59
10/09/2022,CIC,CA,AWP,WE,Federal Contract Tower,0,0,4,0,4,0,11,53,0,64,0,11,57,0,68,12,0,12,80
10/10/2022,CIC,CA,AWP,WE,Federal Contract Tower,0,4,4,0,8,0,14,37,8,59,0,18,41,8,67,16,0,16,83
10/11/2022,CIC,CA,AWP,WE,Federal Contract Tower,0,6,3,0,9,0,17,62,8,87,0,23,65,8,96,40,0,40,136
10/12/2022,CIC,CA,AWP,WE,Federal Contract Tower,0,5,3,0,8,0,18,62,0,80,0,23,65,0,88,52,0,52,140
10/13/2022,CIC,CA,AWP,WE,Federal Contract Tower,0,3,2,0,5,0,12,53,0,65,0,15,55,0,70,14,0,14,84
10/14/2022,CIC,CA,AWP,WE,Federal Contract Tower,0,4,2,0,6,0,17,78,0,95,0,21,80,0,101,6,0,6,107
10/15/2022,CIC,CA,AWP,WE,Federal Contract Tower,0,0,1,0,1,0,15,52,0,67,0,15,53,0,68,22,0,22,90
10/16/2022,CIC,CA,AWP,WE,Federal Contract Tower,0,0,6,0,6,0,26,53,0,79,0,26,59,0,85,32,0,32,117
10/17/2022,CIC,CA,AWP,WE,Federal Contract Tower,0,4,5,0,9,0,12,51,0,63,0,16,56,0,72,26,0,26,98
10/18/2022,CIC,CA,AWP,WE,Federal Contract Tower,0,2,2,0,4,0,11,60,0,71,0,13,62,0,75,48,0,48,123
10/19/2022,CIC,CA,AWP,WE,Federal Contract Tower,0,2,1,0,3,0,18,70,0,88,0,20,71,0,91,70,0,70,161
10/20/2022,CIC,CA,AWP,WE,Federal Contract Tower,0,2,6,0,8,0,20,73,1,94,0,22,79,1,102,66,0,66,168
10/21/2022,CIC,CA,AWP,WE,Federal Contract Tower,0,2,2,0,4,0,18,55,0,73,0,20,57,0,77,16,0,16,93
10/22/2022,CIC,CA,AWP,WE,Federal Contract Tower,0,0,3,0,3,0,11,23,0,34,0,11,26,0,37,26,0,26,63
10/23/2022,CIC,CA,AWP,WE,Federal Contract Tower,0,4,1,0,5,0,14,24,0,38,0,18,25,0,43,4,0,4,47
10/24/2022,CIC,CA,AWP,WE,Federal Contract Tower,0,2,2,0,4,0,10,48,0,58,0,12,50,0,62,76,0,76,138
10/25/2022,CIC,CA,AWP,WE,Federal Contract Tower,0,4,4,0,8,0,12,50,0,62,0,16,54,0,70,32,0,32,102
10/26/2022,CIC,CA,AWP,WE,Federal Contract Tower,0,5,12,0,17,0,16,54,0,70,0,21,66,0,87,36,0,36,123
10/27/2022,CIC,CA,AWP,WE,Federal Contract Tower,0,3,0,0,3,0,5,54,0,59,0,8,54,0,62,0,0,0,62
10/28/2022,CIC,CA,AWP,WE,Federal Contract Tower,0,1,2,0,3,0,11,62,0,73,0,12,64,0,76,20,0,20,96
10/29/2022,CIC,CA,AWP,WE,Federal Contract Tower,0,0,2,0,2,0,14,53,0,67,0,14,55,0,69,26,0,26,95
10/30/2022,CIC,CA,AWP,WE,Federal Contract Tower,0,3,3,0,6,0,5,74,0,79,0,8,77,0,85,14,0,14,99
10/31/2022,CIC,CA,AWP,WE,Federal Contract Tower,0,2,2,0,4,0,10,56,0,66,0,12,58,0,70,102,0,102,172
11/01/2022,CIC,CA,AWP,WE,Federal Contract Tower,0,4,8,0,12,0,10,7,0,17,0,14,15,0,29,0,0,0,29
11/02/2022,CIC,CA,AWP,WE,Federal Contract Tower,0,0,5,0,5,0,15,45,0,60,0,15,50,0,65,34,0,34,99
11/03/2022,CIC,CA,AWP,WE,Federal Contract Tower,0,2,9,0,11,0,18,67,2,87,0,20,76,2,98,40,18,58,156
11/04/2022,CIC,CA,AWP,WE,Federal Contract Tower,0,4,5,0,9,0,18,68,0,86,0,22,73,0,95,24,0,24,119
11/05/2022,CIC,CA,AWP,WE,Federal Contract Tower,0,1,4,0,5,0,11,3,0,14,0,12,7,0,19,10,0,10,29
11/06/2022,CIC,CA,AWP,WE,Federal Contract Tower,0,3,12,0,15,0,9,5,0,14,0,12,17,0,29,2,0,2,31
11/07/2022,CIC,CA,AWP,WE,Federal Contract Tower,0,2,5,0,7,0,7,6,0,13,0,9,11,0,20,2,0,2,22
11/08/2022,CIC,CA,AWP,WE,Federal Contract Tower,0,3,4,0,7,0,2,0,0,2,0,5,4,0,9,0,0,0,9
11/09/2022,CIC,CA,AWP,WE,Federal Contract Tower,0,4,8,1,13,0,12,21,0,33,0,16,29,1,46,30,0,30,76
11/10/2022,CIC,CA,AWP,WE,Federal Contract Tower,0,1,4,0,5,0,10,72,9,91,0,11,76,9,96,36,2,38,134
11/11/2022,CIC,CA,AWP,WE,Federal Contract Tower,0,2,4,0,6,0,9,73,0,82,0,11,77,0,88,68,0,68,156
11/12/2022,CIC,CA,AWP,WE,Federal Contract Tower,0,2,1,0,3,19,34,0,0,53,19,36,1,0,56,8,0,8,64
11/13/2022,CIC,CA,AWP,WE,Federal Contract Tower,0,3,4,0,7,0,20,44,0,64,0,23,48,0,71,48,0,48,119
11/14/2022,CIC,CA,AWP,WE,Federal Contract Tower,0,5,5,0,10,0,11,56,0,67,0,16,61,0,77,16,0,16,93
11/15/2022,CIC,CA,AWP,WE,Federal Contract Tower,0,3,5,2,10,0,17,45,0,62,0,20,50,2,72,18,0,18,90
11/16/2022,CIC,CA,AWP,WE,Federal Contract Tower,0,2,3,0,5,0,5,47,0,52,0,7,50,0,57,42,0,42,99
11/17/2022,CIC,CA,AWP,WE,Federal Contract Tower,0,3,0,0,3,0,24,60,0,84,0,27,60,0,87,8,0,8,95
11/18/2022,CIC,CA,AWP,WE,Federal Contract Tower,0,0,5,0,5,0,10,46,0,56,0,10,51,0,61,26,0,26,87
11/19/2022,CIC,CA,AWP,WE,Federal Contract Tower,0,1,1,0,2,0,16,60,0,76,0,17,61,0,78,22,0,22,100
11/20/2022,CIC,CA,AWP,WE,Federal Contract Tower,0,0,1,0,1,0,7,61,0,68,0,7,62,0,69,38,0,38,107
11/21/2022,CIC,CA,AWP,WE,Federal Contract Tower,0,4,2,0,6,0,10,35,0,45,0,14,37,0,51,40,0,40,91
11/22/2022,CIC,CA,AWP,WE,Federal Contract Tower,0,2,1,0,3,0,15,51,2,68,0,17,52,2,71,2,4,6,77
11/23/2022,CIC,CA,AWP,WE,Federal Contract Tower,0,3,10,0,13,0,14,51,0,65,0,17,61,0,78,52,0,52,130
11/24/2022,CIC,CA,AWP,WE,Federal Contract Tower,0,1,1,0,2,0,3,13,0,16,0,4,14,0,18,0,0,0,18
11/25/2022,CIC,CA,AWP,WE,Federal Contract Tower,0,2,6,0,8,0,8,45,0,53,0,10,51,0,61,8,0,8,69
11/26/2022,CIC,CA,AWP,WE,Federal Contract Tower,0,0,0,0,0,0,16,33,0,49,0,16,33,0,49,14,0,14,63
11/27/2022,CIC,CA,AWP,WE,Federal Contract Tower,0,0,3,0,3,0,9,49,0,58,0,9,52,0,61,8,0,8,69
11/28/2022,CIC,CA,AWP,WE,Federal Contract Tower,0,2,0,0,2,0,2,23,0,25,0,4,23,0,27,8,0,8,35
11/29/2022,CIC,CA,AWP,WE,Federal Contract Tower,0,2,3,0,5,0,8,73,0,81,0,10,76,0,86,44,0,44,130
11/30/2022,CIC,CA,AWP,WE,Federal Contract Tower,0,2,5,2,9,0,19,45,0,64,0,21,50,2,73,20,8,28,101
12/01/2022,CIC,CA,AWP,WE,Federal Contract Tower,0,5,7,0,12,0,7,8,0,15,0,12,15,0,27,0,0,0,27
12/02/2022,CIC,CA,AWP,WE,Federal Contract Tower,0,2,1,4,7,0,12,43,0,55,0,14,44,4,62,72,0,72,134
12/03/2022,CIC,CA,AWP,WE,Federal Contract Tower,0,0,1,0,1,0,0,0,0,0,0,0,1,0,1,0,0,0,1
12/04/2022,CIC,CA,AWP,WE,Federal Contract Tower,0,1,5,0,6,0,7,3,0,10,0,8,8,0,16,2,0,2,18
12/05/2022,CIC,CA,AWP,WE,Federal Contract Tower,0,12,4,0,16,0,2,12,1,15,0,14,16,1,31,24,0,24,55
12/06/2022,CIC,CA,AWP,WE,Federal Contract Tower,0,5,1,0,6,0,13,44,1,58,0,18,45,1,64,58,0,58,122
12/07/2022,CIC,CA,AWP,WE,Federal Contract Tower,0,3,6,3,12,0,2,69,3,74,0,5,75,6,86,24,0,24,110
12/08/2022,CIC,CA,AWP,WE,Federal Contract Tower,1,8,2,0,11,0,6,8,0,14,1,14,10,0,25,0,0,0,25
12/09/2022,CIC,CA,AWP,WE,Federal Contract Tower,0,4,12,0,16,0,8,6,0,14,0,12,18,0,30,0,0,0,30
12/10/2022,CIC,CA,AWP,WE,Federal Contract Tower,0,1,0,0,1,0,0,0,0,0,0,1,0,0,1,0,0,0,1
12/11/2022,CIC,CA,AWP,WE,Federal Contract Tower,0,3,6,2,11,0,6,13,0,19,0,9,19,2,30,26,6,32,62
12/12/2022,CIC,CA,AWP,WE,Federal Contract Tower,0,5,2,0,7,0,11,53,0,64,0,16,55,0,71,36,0,36,107
12/13/2022,CIC,CA,AWP,WE,Federal Contract Tower,0,4,9,0,13,0,5,62,0,67,0,9,71,0,80,44,0,44,124
12/14/2022,CIC,CA,AWP,WE,Federal Contract Tower,0,3,8,0,11,0,18,35,0,53,0,21,43,0,64,78,0,78,142
12/15/2022,CIC,CA,AWP,WE,Federal Contract Tower,0,5,2,0,7,0,10,72,0,82,0,15,74,0,89,50,0,50,139
12/16/2022,CIC,CA,AWP,WE,Federal Contract Tower,0,1,2,0,3,0,13,49,0,62,0,14,51,0,65,28,0,28,93
12/17/2022,CIC,CA,AWP,WE,Federal Contract Tower,0,1,0,0,1,0,15,46,0,61,0,16,46,0,62,36,0,36,98
12/18/2022,CIC,CA,AWP,WE,Federal Contract Tower,0,0,0,1,1,0,3,11,1,15,0,3,11,2,16,8,8,16,32
12/19/2022,CIC,CA,AWP,WE,Federal Contract Tower,0,7,10,0,17,0,0,0,0,0,0,7,10,0,17,0,0,0,17
12/20/2022,CIC,CA,AWP,WE,Federal Contract Tower,0,5,0,0,5,0,11,10,0,21,0,16,10,0,26,14,0,14,40
12/21/2022,CIC,CA,AWP,WE,Federal Contract Tower,0,3,14,0,17,0,17,54,0,71,0,20,68,0,88,64,0,64,152
12/22/2022,CIC,CA,AWP,WE,Federal Contract Tower,0,4,3,0,7,0,0,0,0,0,0,4,3,0,7,0,0,0,7
12/23/2022,CIC,CA,AWP,WE,Federal Contract Tower,0,2,4,0,6,0,10,28,0,38,0,12,32,0,44,8,0,8,52
12/24/2022,CIC,CA,AWP,WE,Federal Contract Tower,0,1,1,0,2,0,14,23,0,37,0,15,24,0,39,36,0,36,75
12/25/2022,CIC,CA,AWP,WE,Federal Contract Tower,0,1,0,0,1,0,0,2,0,2,0,1,2,0,3,0,0,0,3
12/26/2022,CIC,CA,AWP,WE,Federal Contract Tower,0,0,2,0,2,0,0,0,0,0,0,0,2,0,2,0,0,0,2
12/27/2022,CIC,CA,AWP,WE,Federal Contract Tower,0,4,3,2,9,0,0,2,0,2,0,4,5,2,11,0,0,0,11
12/28/2022,CIC,CA,AWP,WE,Federal Contract Tower,0,11,12,0,23,0,13,58,0,71,0,24,70,0,94,40,0,40,134
12/29/2022,CIC,CA,AWP,WE,Federal Contract Tower,0,5,7,0,12,0,6,0,0,6,0,11,7,0,18,0,0,0,18
12/30/2022,CIC,CA,AWP,WE,Federal Contract Tower,0,3,12,0,15,0,0,0,0,0,0,3,12,0,15,0,0,0,15
12/31/2022,CIC,CA,AWP,WE,Federal Contract Tower,0,1,4,0,5,0,0,4,0,4,0,1,8,0,9,0,0,0,9
01/01/2023,CIC,CA,AWP,WE,Federal Contract Tower,0,0,2,0,2,0,5,36,0,41,0,5,38,0,43,6,0,6,49
01/02/2023,CIC,CA,AWP,WE,Federal Contract Tower,0,0,5,0,5,0,6,23,0,29,0,6,28,0,34,8,0,8,42
01/03/2023,CIC,CA,AWP,WE,Federal Contract Tower,0,14,8,0,22,0,1,0,0,1,0,15,8,0,23,0,0,0,23
01/04/2023,CIC,CA,AWP,WE,Federal Contract Tower,0,1,1,0,2,0,3,2,0,5,0,4,3,0,7,0,0,0,7
01/05/2023,CIC,CA,AWP,WE,Federal Contract Tower,0,4,6,0,10,0,0,0,0,0,0,4,6,0,10,0,0,0,10
01/06/2023,CIC,CA,AWP,WE,Federal Contract Tower,0,9,7,2,18,0,3,7,0,10,0,12,14,2,28,2,0,2,30
01/07/2023,CIC,CA,AWP,WE,Federal Contract Tower,0,2,2,0,4,0,5,2,0,7,0,7,4,0,11,0,0,0,11
01/08/2023,CIC,CA,AWP,WE,Federal Contract Tower,0,0,1,0,1,0,2,16,0,18,0,2,17,0,19,6,0,6,25
01/09/2023,CIC,CA,AWP,WE,Federal Contract Tower,0,2,2,0,4,0,12,16,0,28,0,14,18,0,32,22,0,22,54
01/10/2023,CIC,CA,AWP,WE,Federal Contract Tower,0,2,1,0,3,0,8,0,0,8,0,10,1,0,11,0,0,0,11
01/11/2023,CIC,CA,AWP,WE,Federal Contract Tower,0,3,10,0,13,0,0,3,0,3,0,3,13,0,16,0,0,0,16
01/12/2023,CIC,CA,AWP,WE,Federal Contract Tower,0,7,5,0,12,0,17,45,0,62,0,24,50,0,74,26,0,26,100
01/14/2023,CIC,CA,AWP,WE,Federal Contract Tower,0,0,0,0,0,0,3,2,0,5,0,3,2,0,5,0,0,0,5
01/15/2023,CIC,CA,AWP,WE,Federal Contract Tower,0,0,4,0,4,0,11,3,0,14,0,11,7,0,18,0,0,0,18
01/16/2023,CIC,CA,AWP,WE,Federal Contract Tower,0,2,3,0,5,0,11,33,0,44,0,13,36,0,49,10,0,10,59
01/17/2023,CIC,CA,AWP,WE,Federal Contract Tower,0,4,3,3,10,0,21,103,1,125,0,25,106,4,135,58,8,66,201
01/18/2023,CIC,CA,AWP,WE,Federal Contract Tower,0,2,6,0,8,4,27,24,0,55,4,29,30,0,63,38,0,38,101
01/19/2023,CIC,CA,AWP,WE,Federal Contract Tower,0,7,0,0,7,0,9,36,0,45,0,16,36,0,52,10,0,10,62
01/20/2023,CIC,CA,AWP,WE,Federal Contract Tower,0,3,0,2,5,0,15,55,4,74,0,18,55,6,79,74,0,74,153
01/21/2023,CIC,CA,AWP,WE,Federal Contract Tower,0,1,3,0,4,0,10,80,6,96,0,11,83,6,100,46,0,46,146
01/22/2023,CIC,CA,AWP,WE,Federal Contract Tower,0,2,3,0,5,0,12,33,0,45,0,14,36,0,50,22,0,22,72
01/23/2023,CIC,CA,AWP,WE,Federal Contract Tower,0,2,0,0,2,12,11,40,0,63,12,13,40,0,65,50,0,50,115
01/24/2023,CIC,CA,AWP,WE,Federal Contract Tower,0,2,0,0,2,0,23,60,10,93,0,25,60,10,95,6,0,6,101
01/25/2023,CIC,CA,AWP,WE,Federal Contract Tower,0,2,4,0,6,0,11,63,0,74,0,13,67,0,80,22,0,22,102
01/26/2023,CIC,CA,AWP,WE,Federal Contract Tower,0,3,3,0,6,0,5,56,0,61,0,8,59,0,67,12,0,12,79
01/27/2023,CIC,CA,AWP,WE,Federal Contract Tower,0,3,5,0,8,0,12,98,9,119,0,15,103,9,127,60,0,60,187
01/28/2023,CIC,CA,AWP,WE,Federal Contract Tower,0,0,3,0,3,0,11,65,3,79,0,11,68,3,82,12,0,12,94
01/29/2023,CIC,CA,AWP,WE,Federal Contract Tower,0,2,1,0,3,0,12,7,0,19,0,14,8,0,22,0,0,0,22
01/30/2023,CIC,CA,AWP,WE,Federal Contract Tower,0,6,1,1,8,0,14,16,4,34,0,20,17,5,42,0,18,18,60
02/01/2023,CIC,CA,AWP,WE,Federal Contract Tower,0,2,6,0,8,0,8,57,0,65,0,10,63,0,73,20,0,20,93
02/02/2023,CIC,CA,AWP,WE,Federal Contract Tower,0,2,0,0,2,0,3,51,0,54,0,5,51,0,56,0,28,28,84
02/03/2023,CIC,CA,AWP,WE,Federal Contract Tower,0,2,7,0,9,0,8,20,0,28,0,10,27,0,37,4,0,4,41
02/04/2023,CIC,CA,AWP,WE,Federal Contract Tower,0,1,4,0,5,0,0,30,2,32,0,1,34,2,37,8,0,8,45
02/05/2023,CIC,CA,AWP,WE,Federal Contract Tower,0,0,4,0,4,0,3,10,0,13,0,3,14,0,17,0,0,0,17
02/06/2023,CIC,CA,AWP,WE,Federal Contract Tower,0,2,2,0,4,0,3,60,0,63,0,5,62,0,67,26,0,26,93
02/07/2023,CIC,CA,AWP,WE,Federal Contract Tower,0,2,0,0,2,0,5,74,4,83,0,7,74,4,85,32,0,32,117
02/08/2023,CIC,CA,AWP,WE,Federal Contract Tower,0,2,10,0,12,0,10,86,0,96,0,12,96,0,108,60,0,60,168
02/09/2023,CIC,CA,AWP,WE,Federal Contract Tower,0,2,4,0,6,0,13,75,0,88,0,15,79,0,94,10,0,10,104
02/10/2023,CIC,CA,AWP,WE,Federal Contract Tower,0,4,2,0,6,0,10,32,0,42,0,14,34,0,48,0,0,0,48
02/11/2023,CIC,CA,AWP,WE,Federal Contract Tower,0,0,1,0,1,0,17,38,0,55,0,17,39,0,56,4,0,4,60
02/12/2023,CIC,CA,AWP,WE,Federal Contract Tower,0,0,4,0,4,0,7,40,0,47,0,7,44,0,51,24,0,24,75
02/13/2023,CIC,CA,AWP,WE,Federal Contract Tower,0,1,3,0,4,0,8,45,0,53,0,9,48,0,57,56,0,56,113
02/14/2023,CIC,CA,AWP,WE,Federal Contract Tower,0,1,0,0,1,0,10,50,0,60,0,11,50,0,61,20,0,20,81
02/15/2023,CIC,CA,AWP,WE,Federal Contract Tower,0,4,5,0,9,0,22,42,0,64,0,26,47,0,73,36,0,36,109
02/16/2023,CIC,CA,AWP,WE,Federal Contract Tower,0,1,1,0,2,0,6,67,6,79,0,7,68,6,81,2,10,12,93
02/17/2023,CIC,CA,AWP,WE,Federal Contract Tower,0,3,6,0,9,0,8,53,0,61,0,11,59,0,70,84,0,84,154
02/18/2023,CIC,CA,AWP,WE,Federal Contract Tower,0,0,3,0,3,0,11,57,0,68,0,11,60,0,71,50,0,50,121
02/19/2023,CIC,CA,AWP,WE,Federal Contract Tower,0,0,0,0,0,0,12,49,0,61,0,12,49,0,61,40,0,40,101
02/20/2023,CIC,CA,AWP,WE,Federal Contract Tower,0,2,7,0,9,0,12,69,0,81,0,14,76,0,90,30,0,30,120
02/21/2023,CIC,CA,AWP,WE,Federal Contract Tower,0,1,3,0,4,0,26,12,0,38,0,27,15,0,42,2,0,2,44
02/22/2023,CIC,CA,AWP,WE,Federal Contract Tower,0,2,1,0,3,0,9,51,2,62,0,11,52,2,65,60,0,60,125
02/23/2023,CIC,CA,AWP,WE,Federal Contract Tower,0,2,7,0,9,3,5,5,0,13,3,7,12,0,22,22,0,22,44
02/24/2023,CIC,CA,AWP,WE,Federal Contract Tower,0,4,2,0,6,0,3,0,0,3,0,7,2,0,9,0,0,0,9
02/25/2023,CIC,CA,AWP,WE,Federal Contract Tower,0,2,0,0,2,0,0,4,0,4,0,2,4,0,6,0,0,0,6
02/26/2023,CIC,CA,AWP,WE,Federal Contract Tower,0,0,3,0,3,0,0,2,0,2,0,0,5,0,5,0,0,0,5
02/27/2023,CIC,CA,AWP,WE,Federal Contract Tower,0,2,0,0,2,0,5,0,0,5,0,7,0,0,7,0,0,0,7
02/28/2023,CIC,CA,AWP,WE,Federal Contract Tower,0,2,3,0,5,0,7,5,0,12,0,9,8,0,17,0,0,0,17
03/01/2023,CIC,CA,AWP,WE,Federal Contract Tower,0,2,7,0,9,0,9,37,2,48,0,11,44,2,57,10,0,10,67
03/02/2023,CIC,CA,AWP,WE,Federal Contract Tower,0,1,7,0,8,0,28,56,0,84,0,29,63,0,92,48,0,48,140
03/03/2023,CIC,CA,AWP,WE,Federal Contract Tower,0,3,3,0,6,0,6,58,0,64,0,9,61,0,70,54,0,54,124
03/04/2023,CIC,CA,AWP,WE,Federal Contract Tower,0,0,2,2,4,0,7,3,0,10,0,7,5,2,14,0,0,0,14
03/05/2023,CIC,CA,AWP,WE,Federal Contract Tower,0,3,2,0,5,0,5,7,0,12,0,8,9,0,17,0,0,0,17
03/06/2023,CIC,CA,AWP,WE,Federal Contract Tower,0,2,6,0,8,0,2,2,0,4,0,4,8,0,12,0,0,0,12
03/07/2023,CIC,CA,AWP,WE,Federal Contract Tower,0,7,4,0,11,0,23,23,0,46,0,30,27,0,57,14,0,14,71
03/08/2023,CIC,CA,AWP,WE,Federal Contract Tower,4,8,4,0,16,0,36,47,12,95,4,44,51,12,111,56,0,56,167
03/09/2023,CIC,CA,AWP,WE,Federal Contract Tower,0,2,6,2,10,0,4,8,0,12,0,6,14,2,22,6,0,6,28
03/10/2023,CIC,CA,AWP,WE,Federal Contract Tower,0,3,4,0,7,0,41,68,0,109,0,44,72,0,116,32,0,32,148
03/11/2023,CIC,CA,AWP,WE,Federal Contract Tower,0,5,8,0,13,0,34,11,0,45,0,39,19,0,58,0,0,0,58
03/12/2023,CIC,CA,AWP,WE,Federal Contract Tower,0,0,2,0,2,0,2,0,0,2,0,2,2,0,4,0,0,0,4
03/13/2023,CIC,CA,AWP,WE,Federal Contract Tower,0,7,4,0,11,0,35,7,0,42,0,42,11,0,53,14,0,14,67
03/14/2023,CIC,CA,AWP,WE,Federal Contract Tower,0,3,4,0,7,0,1,0,0,1,0,4,4,0,8,0,0,0,8
03/15/2023,CIC,CA,AWP,WE,Federal Contract Tower,0,4,3,0,7,0,56,63,0,119,0,60,66,0,126,34,0,34,160
03/16/2023,CIC,CA,AWP,WE,Federal Contract Tower,0,8,1,0,9,0,28,112,0,140,0,36,113,0,149,34,0,34,183
03/17/2023,CIC,CA,AWP,WE,Federal Contract Tower,0,4,0,0,4,0,8,76,0,84,0,12,76,0,88,16,0,16,104
03/18/2023,CIC,CA,AWP,WE,Federal Contract Tower,0,1,6,0,7,0,11,87,0,98,0,12,93,0,105,56,0,56,161
03/19/2023,CIC,CA,AWP,WE,Federal Contract Tower,0,4,6,0,10,0,0,0,0,0,0,4,6,0,10,0,0,0,10
03/20/2023,CIC,CA,AWP,WE,Federal Contract Tower,0,2,14,0,16,0,24,30,0,54,0,26,44,0,70,32,0,32,102
03/21/2023,CIC,CA,AWP,WE,Federal Contract Tower,0,2,2,0,4,0,8,19,0,27,0,10,21,0,31,26,0,26,57
03/23/2023,CIC,CA,AWP,WE,Federal Contract Tower,0,4,8,0,12,0,7,37,0,44,0,11,45,0,56,2,0,2,58
03/24/2023,CIC,CA,AWP,WE,Federal Contract Tower,0,5,2,0,7,0,24,49,0,73,0,29,51,0,80,10,0,10,90
03/25/2023,CIC,CA,AWP,WE,Federal Contract Tower,0,0,2,2,4,0,13,47,1,61,0,13,49,3,65,2,0,2,67
03/26/2023,CIC,CA,AWP,WE,Federal Contract Tower,0,1,6,0,7,0,3,53,0,56,0,4,59,0,63,10,0,10,73
03/27/2023,CIC,CA,AWP,WE,Federal Contract Tower,0,2,3,0,5,0,1,53,0,54,0,3,56,0,59,14,0,14,73
03/28/2023,CIC,CA,AWP,WE,Federal Contract Tower,0,3,1,0,4,0,2,0,0,2,0,5,1,0,6,0,0,0,6
03/29/2023,CIC,CA,AWP,WE,Federal Contract Tower,0,5,4,0,9,0,2,0,0,2,0,7,4,0,11,0,0,0,11
03/30/2023,CIC,CA,AWP,WE,Federal Contract Tower,0,4,5,1,10,0,5,76,4,85,0,9,81,5,95,30,0,30,125
03/31/2023,CIC,CA,AWP,WE,Federal Contract Tower,0,4,8,0,12,0,4,39,2,45,0,8,47,2,57,12,10,22,79
04/01/2023,CIC,CA,AWP,WE,Federal Contract Tower,0,6,2,0,8,0,6,29,0,35,0,12,31,0,43,10,0,10,53
04/02/2023,CIC,CA,AWP,WE,Federal Contract Tower,0,1,2,0,3,0,13,20,0,33,0,14,22,0,36,8,0,8,44
04/03/2023,CIC,CA,AWP,WE,Federal Contract Tower,0,3,2,2,7,0,12,25,6,43,0,15,27,8,50,14,0,14,64
04/04/2023,CIC,CA,AWP,WE,Federal Contract Tower,0,2,2,0,4,0,10,71,2,83,0,12,73,2,87,10,20,30,117
04/05/2023,CIC,CA,AWP,WE,Federal Contract Tower,0,4,1,0,5,0,15,89,0,104,0,19,90,0,109,48,0,48,157
04/06/2023,CIC,CA,AWP,WE,Federal Contract Tower,0,4,0,0,4,0,6,60,0,66,0,10,60,0,70,44,0,44,114
04/07/2023,CIC,CA,AWP,WE,Federal Contract Tower,0,8,3,0,11,0,3,4,0,7,0,11,7,0,18,4,0,4,22
04/08/2023,CIC,CA,AWP,WE,Federal Contract Tower,0,2,2,0,4,0,10,44,0,54,0,12,46,0,58,30,0,30,88
04/09/2023,CIC,CA,AWP,WE,Federal Contract Tower,0,0,2,0,2,0,3,47,0,50,0,3,49,0,52,18,0,18,70
04/10/2023,CIC,CA,AWP,WE,Federal Contract Tower,0,2,1,1,4,0,11,63,0,74,0,13,64,1,78,38,14,52,130
04/11/2023,CIC,CA,AWP,WE,Federal Contract Tower,0,2,2,0,4,0,10,51,0,61,0,12,53,0,65,56,4,60,125
04/12/2023,CIC,CA,AWP,WE,Federal Contract Tower,0,4,1,0,5,0,24,50,0,74,0,28,51,0,79,12,0,12,91
04/13/2023,CIC,CA,AWP,WE,Federal Contract Tower,0,3,1,0,4,0,10,43,0,53,0,13,44,0,57,2,0,2,59
04/14/2023,CIC,CA,AWP,WE,Federal Contract Tower,0,2,1,0,3,0,20,51,0,71,0,22,52,0,74,54,0,54,128
04/15/2023,CIC,CA,AWP,WE,Federal Contract Tower,0,2,3,0,5,0,7,58,0,65,0,9,61,0,70,0,0,0,70
04/16/2023,CIC,CA,AWP,WE,Federal Contract Tower,0,4,4,0,8,0,16,96,0,112,0,20,100,0,120,10,0,10,130
04/17/2023,CIC,CA,AWP,WE,Federal Contract Tower,0,11,2,2,15,0,12,17,0,29,0,23,19,2,44,14,0,14,58
04/18/2023,CIC,CA,AWP,WE,Federal Contract Tower,0,1,1,4,6,0,24,86,0,110,0,25,87,4,116,14,20,34,150
04/19/2023,CIC,CA,AWP,WE,Federal Contract Tower,0,2,3,0,5,0,31,83,0,114,0,33,86,0,119,30,14,44,163
04/20/2023,CIC,CA,AWP,WE,Federal Contract Tower,0,3,6,0,9,0,10,62,0,72,0,13,68,0,81,48,0,48,129
04/21/2023,CIC,CA,AWP,WE,Federal Contract Tower,0,2,4,0,6,0,39,71,0,110,0,41,75,0,116,24,0,24,140
04/22/2023,CIC,CA,AWP,WE,Federal Contract Tower,0,0,1,0,1,0,15,40,0,55,0,15,41,0,56,4,0,4,60
04/23/2023,CIC,CA,AWP,WE,Federal Contract Tower,0,3,0,0,3,0,20,59,0,79,0,23,59,0,82,4,0,4,86
04/24/2023,CIC,CA,AWP,WE,Federal Contract Tower,0,2,7,0,9,0,9,68,0,77,0,11,75,0,86,10,0,10,96
04/25/2023,CIC,CA,AWP,WE,Federal Contract Tower,0,2,2,0,4,0,9,52,2,63,0,11,54,2,67,30,8,38,105
04/26/2023,CIC,CA,AWP,WE,Federal Contract Tower,0,2,0,1,3,0,18,49,1,68,0,20,49,2,71,26,16,42,113
04/27/2023,CIC,CA,AWP,WE,Federal Contract Tower,0,4,0,0,4,0,16,55,2,73,0,20,55,2,77,24,0,24,101
04/28/2023,CIC,CA,AWP,WE,Federal Contract Tower,0,2,3,0,5,0,11,66,0,77,0,13,69,0,82,22,0,22,104
04/29/2023,CIC,CA,AWP,WE,Federal Contract Tower,0,0,4,0,4,0,8,65,0,73,0,8,69,0,77,32,0,32,109
04/30/2023,CIC,CA,AWP,WE,Federal Contract Tower,0,1,5,0,6,0,16,44,0,60,0,17,49,0,66,0,0,0,66
05/01/2023,CIC,CA,AWP,WE,Federal Contract Tower,0,1,8,0,9,0,13,13,0,26,0,14,21,0,35,20,0,20,55
05/02/2023,CIC,CA,AWP,WE,Federal Contract Tower,0,3,6,0,9,0,17,11,2,30,0,20,17,2,39,2,20,22,61
05/03/2023,CIC,CA,AWP,WE,Federal Contract Tower,0,2,4,3,9,0,14,59,1,74,0,16,63,4,83,2,4,6,89
05/04/2023,CIC,CA,AWP,WE,Federal Contract Tower,0,5,3,1,9,0,12,22,0,34,0,17,25,1,43,0,0,0,43
05/05/2023,CIC,CA,AWP,WE,Federal Contract Tower,0,2,6,2,10,0,3,21,8,32,0,5,27,10,42,12,10,22,64
05/06/2023,CIC,CA,AWP,WE,Federal Contract Tower,0,2,10,0,12,0,6,18,0,24,0,8,28,0,36,0,0,0,36
05/07/2023,CIC,CA,AWP,WE,Federal Contract Tower,0,0,1,0,1,0,11,22,0,33,0,11,23,0,34,16,0,16,50
05/08/2023,CIC,CA,AWP,WE,Federal Contract Tower,0,2,6,0,8,0,12,29,0,41,0,14,35,0,49,4,0,4,53
05/09/2023,CIC,CA,AWP,WE,Federal Contract Tower,0,2,1,0,3,0,24,63,0,87,0,26,64,0,90,66,0,66,156
05/11/2023,CIC,CA,AWP,WE,Federal Contract Tower,0,2,9,0,11,0,17,61,0,78,0,19,70,0,89,54,0,54,143
05/12/2023,CIC,CA,AWP,WE,Federal Contract Tower,0,3,4,0,7,0,13,58,0,71,0,16,62,0,78,28,0,28,106
05/13/2023,CIC,CA,AWP,WE,Federal Contract Tower,0,0,2,0,2,0,7,65,0,72,0,7,67,0,74,10,0,10,84
05/14/2023,CIC,CA,AWP,WE,Federal Contract Tower,0,0,5,0,5,0,17,47,0,64,0,17,52,0,69,6,0,6,75
05/15/2023,CIC,CA,AWP,WE,Federal Contract Tower,0,2,3,0,5,0,8,79,0,87,0,10,82,0,92,54,0,54,146
05/16/2023,CIC,CA,AWP,WE,Federal Contract Tower,0,2,1,0,3,0,11,67,0,78,0,13,68,0,81,32,0,32,113
05/17/2023,CIC,CA,AWP,WE,Federal Contract Tower,0,2,3,0,5,0,7,68,2,77,0,9,71,2,82,32,4,36,118
05/18/2023,CIC,CA,AWP,WE,Federal Contract Tower,0,3,1,3,7,0,4,28,8,40,0,7,29,11,47,54,10,64,111
05/19/2023,CIC,CA,AWP,WE,Federal Contract Tower,0,2,4,0,6,0,18,65,0,83,0,20,69,0,89,30,0,30,119
05/20/2023,CIC,CA,AWP,WE,Federal Contract Tower,0,0,0,0,0,0,21,38,0,59,0,21,38,0,59,8,0,8,67
05/21/2023,CIC,CA,AWP,WE,Federal Contract Tower,0,0,3,4,7,0,4,40,0,44,0,4,43,4,51,26,0,26,77
05/22/2023,CIC,CA,AWP,WE,Federal Contract Tower,0,3,6,0,9,0,13,52,0,65,0,16,58,0,74,30,0,30,104
05/23/2023,CIC,CA,AWP,WE,Federal Contract Tower,0,4,2,4,10,0,3,61,1,65,0,7,63,5,75,18,10,28,103
05/24/2023,CIC,CA,AWP,WE,Federal Contract Tower,0,2,1,2,5,0,11,48,0,59,0,13,49,2,64,52,0,52,116
05/25/2023,CIC,CA,AWP,WE,Federal Contract Tower,0,2,7,0,9,0,6,47,0,53,0,8,54,0,62,26,8,34,96
05/26/2023,CIC,CA,AWP,WE,Federal Contract Tower,0,2,4,0,6,0,10,47,0,57,0,12,51,0,63,16,0,16,79
05/27/2023,CIC,CA,AWP,WE,Federal Contract Tower,0,1,1,0,2,0,1,38,0,39,0,2,39,0,41,24,0,24,65
05/28/2023,CIC,CA,AWP,WE,Federal Contract Tower,0,0,1,0,1,0,8,36,0,44,0,8,37,0,45,8,0,8,53
05/29/2023,CIC,CA,AWP,WE,Federal Contract Tower,0,0,3,0,3,0,8,59,0,67,0,8,62,0,70,70,0,70,140
05/30/2023,CIC,CA,AWP,WE,Federal Contract Tower,0,1,5,2,8,0,14,45,6,65,0,15,50,8,73,38,0,38,111
05/31/2023,CIC,CA,AWP,WE,Federal Contract Tower,0,3,4,0,7,0,25,43,0,68,0,28,47,0,75,22,0,22,97
06/01/2023,CIC,CA,AWP,WE,Federal Contract Tower,0,1,3,0,4,0,16,47,2,65,0,17,50,2,69,60,16,76,145
06/02/2023,CIC,CA,AWP,WE,Federal Contract Tower,0,5,2,2,9,0,6,42,6,54,0,11,44,8,63,14,42,56,119
06/03/2023,CIC,CA,AWP,WE,Federal Contract Tower,0,0,2,0,2,0,1,68,0,69,0,1,70,0,71,48,0,48,119
06/04/2023,CIC,CA,AWP,WE,Federal Contract Tower,0,0,2,0,2,0,10,55,0,65,0,10,57,0,67,16,0,16,83
06/05/2023,CIC,CA,AWP,WE,Federal Contract Tower,0,2,4,0,6,0,14,50,0,64,0,16,54,0,70,72,0,72,142
06/06/2023,CIC,CA,AWP,WE,Federal Contract Tower,0,2,4,0,6,0,11,41,2,54,0,13,45,2,60,14,0,14,74
06/07/2023,CIC,CA,AWP,WE,Federal Contract Tower,0,6,0,0,6,0,10,52,0,62,0,16,52,0,68,44,0,44,112
06/08/2023,CIC,CA,AWP,WE,Federal Contract Tower,0,4,4,0,8,0,20,56,0,76,0,24,60,0,84,30,0,30,114
06/09/2023,CIC,CA,AWP,WE,Federal Contract Tower,0,5,5,0,10,0,5,49,0,54,0,10,54,0,64,26,0,26,90
06/10/2023,CIC,CA,AWP,WE,Federal Contract Tower,0,0,1,0,1,0,11,40,0,51,0,11,41,0,52,2,0,2,54
06/11/2023,CIC,CA,AWP,WE,Federal Contract Tower,0,1,6,0,7,0,16,38,0,54,0,17,44,0,61,22,0,22,83
06/12/2023,CIC,CA,AWP,WE,Federal Contract Tower,0,6,6,0,12,0,15,40,0,55,0,21,46,0,67,22,16,38,105
06/13/2023,CIC,CA,AWP,WE,Federal Contract Tower,0,2,3,0,5,0,10,66,0,76,0,12,69,0,81,18,0,18,99
06/14/2023,CIC,CA,AWP,WE,Federal Contract Tower,0,3,2,0,5,0,15,74,0,89,0,18,76,0,94,24,0,24,118
06/15/2023,CIC,CA,AWP,WE,Federal Contract Tower,0,3,4,0,7,0,15,59,0,74,0,18,63,0,81,30,0,30,111
06/16/2023,CIC,CA,AWP,WE,Federal Contract Tower,0,2,3,0,5,0,18,30,0,48,0,20,33,0,53,28,0,28,81
06/17/2023,CIC,CA,AWP,WE,Federal Contract Tower,0,0,5,0,5,0,24,50,0,74,0,24,55,0,79,18,0,18,97
06/18/2023,CIC,CA,AWP,WE,Federal Contract Tower,0,0,2,0,2,0,13,53,0,66,0,13,55,0,68,32,0,32,100
06/19/2023,CIC,CA,AWP,WE,Federal Contract Tower,0,2,1,0,3,0,7,36,0,43,0,9,37,0,46,34,0,34,80
06/20/2023,CIC,CA,AWP,WE,Federal Contract Tower,0,2,2,0,4,0,9,50,0,59,0,11,52,0,63,40,0,40,103
06/21/2023,CIC,CA,AWP,WE,Federal Contract Tower,0,2,3,0,5,0,8,60,0,68,0,10,63,0,73,32,0,32,105
06/24/2023,CIC,CA,AWP,WE,Federal Contract Tower,0,1,1,0,2,0,14,43,2,59,0,15,44,2,61,10,0,10,71
06/25/2023,CIC,CA,AWP,WE,Federal Contract Tower,0,2,3,0,5,0,9,58,0,67,0,11,61,0,72,20,0,20,92
06/26/2023,CIC,CA,AWP,WE,Federal Contract Tower,0,2,3,0,5,0,10,49,0,59,0,12,52,0,64,10,0,10,74
06/27/2023,CIC,CA,AWP,WE,Federal Contract Tower,0,4,2,0,6,0,10,75,0,85,0,14,77,0,91,70,0,70,161
06/28/2023,CIC,CA,AWP,WE,Federal Contract Tower,0,2,1,0,3,0,20,45,0,65,0,22,46,0,68,54,0,54,122
06/29/2023,CIC,CA,AWP,WE,Federal Contract Tower,0,4,1,0,5,0,5,62,0,67,0,9,63,0,72,50,0,50,122
06/30/2023,CIC,CA,AWP,WE,Federal Contract Tower,0,1,6,0,7,0,9,41,0,50,0,10,47,0,57,6,0,6,63
07/01/2023,CIC,CA,AWP,WE,Federal Contract Tower,0,0,3,0,3,0,18,65,0,83,0,18,68,0,86,34,0,34,120
07/02/2023,CIC,CA,AWP,WE,Federal Contract Tower,0,0,1,0,1,0,8,28,0,36,0,8,29,0,37,4,0,4,41
07/03/2023,CIC,CA,AWP,WE,Federal Contract Tower,0,2,1,0,3,0,9,25,0,34,0,11,26,0,37,0,0,0,37
07/04/2023,CIC,CA,AWP,WE,Federal Contract Tower,0,0,0,0,0,0,23,42,0,65,0,23,42,0,65,6,0,6,71
07/05/2023,CIC,CA,AWP,WE,Federal Contract Tower,0,0,2,0,2,0,15,36,0,51,0,15,38,0,53,8,0,8,61
07/06/2023,CIC,CA,AWP,WE,Federal Contract Tower,0,4,3,0,7,0,6,39,0,45,0,10,42,0,52,22,0,22,74
07/07/2023,CIC,CA,AWP,WE,Federal Contract Tower,0,4,2,0,6,0,4,41,0,45,0,8,43,0,51,2,0,2,53
07/08/2023,CIC,CA,AWP,WE,Federal Contract Tower,0,0,2,0,2,0,11,35,0,46,0,11,37,0,48,12,0,12,60
07/09/2023,CIC,CA,AWP,WE,Federal Contract Tower,0,0,1,0,1,0,6,46,0,52,0,6,47,0,53,16,0,16,69
07/10/2023,CIC,CA,AWP,WE,Federal Contract Tower,0,4,3,0,7,0,15,39,2,56,0,19,42,2,63,6,2,8,71
07/11/2023,CIC,CA,AWP,WE,Federal Contract Tower,0,5,2,0,7,0,19,77,0,96,0,24,79,0,103,16,0,16,119
07/12/2023,CIC,CA,AWP,WE,Federal Contract Tower,0,2,2,0,4,0,19,51,0,70,0,21,53,0,74,18,0,18,92
07/13/2023,CIC,CA,AWP,WE,Federal Contract Tower,0,2,8,0,10,0,23,60,0,83,0,25,68,0,93,10,0,10,103
07/14/2023,CIC,CA,AWP,WE,Federal Contract Tower,0,2,3,0,5,0,17,49,0,66,0,19,52,0,71,16,0,16,87
07/15/2023,CIC,CA,AWP,WE,Federal Contract Tower,0,0,0,0,0,0,9,19,0,28,0,9,19,0,28,12,0,12,40
07/16/2023,CIC,CA,AWP,WE,Federal Contract Tower,0,3,3,0,6,0,16,24,0,40,0,19,27,0,46,6,0,6,52
07/17/2023,CIC,CA,AWP,WE,Federal Contract Tower,0,2,3,0,5,0,9,38,0,47,0,11,41,0,52,34,0,34,86
07/18/2023,CIC,CA,AWP,WE,Federal Contract Tower,0,2,3,0,5,0,31,40,0,71,0,33,43,0,76,50,0,50,126
07/19/2023,CIC,CA,AWP,WE,Federal Contract Tower,0,2,5,0,7,0,14,41,0,55,0,16,46,0,62,16,0,16,78
07/20/2023,CIC,CA,AWP,WE,Federal Contract Tower,0,4,3,0,7,0,10,48,4,62,0,14,51,4,69,12,0,12,81
07/21/2023,CIC,CA,AWP,WE,Federal Contract Tower,0,2,4,0,6,0,8,42,0,50,0,10,46,0,56,20,0,20,76
07/22/2023,CIC,CA,AWP,WE,Federal Contract Tower,0,1,3,0,4,0,7,37,0,44,0,8,40,0,48,22,0,22,70
07/23/2023,CIC,CA,AWP,WE,Federal Contract Tower,0,0,1,0,1,0,3,27,0,30,0,3,28,0,31,2,0,2,33
07/24/2023,CIC,CA,AWP,WE,Federal Contract Tower,0,4,2,0,6,0,30,53,2,85,0,34,55,2,91,6,0,6,97
07/25/2023,CIC,CA,AWP,WE,Federal Contract Tower,0,2,3,0,5,0,10,45,0,55,0,12,48,0,60,12,0,12,72
07/27/2023,CIC,CA,AWP,WE,Federal Contract Tower,0,3,1,0,4,0,15,33,0,48,0,18,34,0,52,14,0,14,66
07/28/2023,CIC,CA,AWP,WE,Federal Contract Tower,0,2,2,0,4,0,26,55,0,81,0,28,57,0,85,30,0,30,115
07/29/2023,CIC,CA,AWP,WE,Federal Contract Tower,0,0,1,0,1,0,14,57,2,73,0,14,58,2,74,26,0,26,100
07/30/2023,CIC,CA,AWP,WE,Federal Contract Tower,0,2,0,0,2,0,2,49,0,51,0,4,49,0,53,12,0,12,65
07/31/2023,CIC,CA,AWP,WE,Federal Contract Tower,0,2,0,0,2,0,10,57,4,71,0,12,57,4,73,24,0,24,97
08/01/2023,CIC,CA,AWP,WE,Federal Contract Tower,0,2,1,0,3,0,15,60,0,75,0,17,61,0,78,40,0,40,118
08/02/2023,CIC,CA,AWP,WE,Federal Contract Tower,0,2,5,0,7,0,9,53,0,62,0,11,58,0,69,70,0,70,139
08/03/2023,CIC,CA,AWP,WE,Federal Contract Tower,0,2,5,0,7,0,26,53,0,79,0,28,58,0,86,34,0,34,120
08/04/2023,CIC,CA,AWP,WE,Federal Contract Tower,0,2,2,0,4,0,14,51,0,65,0,16,53,0,69,12,0,12,81
08/05/2023,CIC,CA,AWP,WE,Federal Contract Tower,0,2,1,0,3,0,10,54,0,64,0,12,55,0,67,32,0,32,99
08/06/2023,CIC,CA,AWP,WE,Federal Contract Tower,0,0,1,0,1,0,15,32,0,47,0,15,33,0,48,28,0,28,76
08/07/2023,CIC,CA,AWP,WE,Federal Contract Tower,0,2,1,0,3,0,13,34,0,47,0,15,35,0,50,30,2,32,82
08/08/2023,CIC,CA,AWP,WE,Federal Contract Tower,0,8,0,0,8,0,13,39,2,54,0,21,39,2,62,22,2,24,86
08/09/2023,CIC,CA,AWP,WE,Federal Contract Tower,0,2,4,0,6,0,14,47,0,61,0,16,51,0,67,4,0,4,71
08/10/2023,CIC,CA,AWP,WE,Federal Contract Tower,0,4,5,0,9,0,23,70,0,93,0,27,75,0,102,22,10,32,134
08/11/2023,CIC,CA,AWP,WE,Federal Contract Tower,0,2,5,0,7,0,13,54,0,67,0,15,59,0,74,52,14,66,140
08/12/2023,CIC,CA,AWP,WE,Federal Contract Tower,0,2,0,0,2,0,18,47,0,65,0,20,47,0,67,16,0,16,83
08/13/2023,CIC,CA,AWP,WE,Federal Contract Tower,0,0,2,0,2,0,12,47,0,59,0,12,49,0,61,2,0,2,63
08/14/2023,CIC,CA,AWP,WE,Federal Contract Tower,0,4,4,0,8,0,25,50,0,75,0,29,54,0,83,6,0,6,89
08/15/2023,CIC,CA,AWP,WE,Federal Contract Tower,0,2,1,0,3,0,37,45,0,82,0,39,46,0,85,18,0,18,103
08/16/2023,CIC,CA,AWP,WE,Federal Contract Tower,0,5,2,3,10,0,83,48,1,132,0,88,50,4,142,26,0,26,168
08/17/2023,CIC,CA,AWP,WE,Federal Contract Tower,0,2,6,0,8,0,42,45,0,87,0,44,51,0,95,26,0,26,121
08/18/2023,CIC,CA,AWP,WE,Federal Contract Tower,0,2,6,0,8,0,18,55,0,73,0,20,61,0,81,26,0,26,107
08/19/2023,CIC,CA,AWP,WE,Federal Contract Tower,0,3,9,1,13,0,40,51,0,91,0,43,60,1,104,24,0,24,128
08/20/2023,CIC,CA,AWP,WE,Federal Contract Tower,0,0,1,3,4,0,19,29,0,48,0,19,30,3,52,32,0,32,84
08/21/2023,CIC,CA,AWP,WE,Federal Contract Tower,0,7,4,0,11,0,12,8,0,20,0,19,12,0,31,18,0,18,49
08/22/2023,CIC,CA,AWP,WE,Federal Contract Tower,0,4,3,0,7,0,27,61,1,89,0,31,64,1,96,48,0,48,144
08/23/2023,CIC,CA,AWP,WE,Federal Contract Tower,0,1,7,0,8,0,34,55,0,89,0,35,62,0,97,28,0,28,125
08/24/2023,CIC,CA,AWP,WE,Federal Contract Tower,0,3,2,0,5,0,45,62,0,107,0,48,64,0,112,64,0,64,176
08/25/2023,CIC,CA,AWP,WE,Federal Contract Tower,0,1,2,0,3,0,33,61,0,94,0,34,63,0,97,12,0,12,109
08/26/2023,CIC,CA,AWP,WE,Federal Contract Tower,0,0,1,0,1,0,38,70,0,108,0,38,71,0,109,10,0,10,119
08/27/2023,CIC,CA,AWP,WE,Federal Contract Tower,0,0,0,0,0,0,17,52,0,69,0,17,52,0,69,32,0,32,101
08/28/2023,CIC,CA,AWP,WE,Federal Contract Tower,0,2,1,0,3,0,23,48,0,71,0,25,49,0,74,16,0,16,90
08/29/2023,CIC,CA,AWP,WE,Federal Contract Tower,0,4,1,0,5,0,62,81,0,143,0,66,82,0,148,32,0,32,180
08/30/2023,CIC,CA,AWP,WE,Federal Contract Tower,0,2,2,0,4,0,46,33,0,79,0,48,35,0,83,0,0,0,83
08/31/2023,CIC,CA,AWP,WE,Federal Contract Tower,0,1,0,0,1,0,28,58,2,88,0,29,58,2,89,56,0,56,145
