01/01/2020,CLE,OH,AGL,CE,Combined TRACON& Tower with Radar,182,51,4,0,237,0,0,2,0,2,182,51,6,0,239,0,0,0,239
01/02/2020,CLE,OH,AGL,CE,Combined TRACON& Tower with Radar,211,69,11,0,291,0,0,2,0,2,211,69,13,0,293,0,0,0,293
01/03/2020,CLE,OH,AGL,CE,Combined TRACON& Tower with Radar,211,65,6,0,282,0,0,0,0,0,211,65,6,0,282,0,0,0,282
01/04/2020,CLE,OH,AGL,CE,Combined TRACON& Tower with Radar,194,54,2,1,251,0,0,0,0,0,194,54,2,1,251,0,0,0,251
01/05/2020,CLE,OH,AGL,CE,Combined TRACON& Tower with Radar,227,86,12,1,326,0,2,0,0,2,227,88,12,1,328,0,0,0,328
01/06/2020,CLE,OH,AGL,CE,Combined TRACON& Tower with Radar,219,87,12,0,318,0,1,1,0,2,219,88,13,0,320,0,0,0,320
01/07/2020,CLE,OH,AGL,CE,Combined TRACON& Tower with Radar,205,88,9,0,302,0,4,5,0,9,205,92,14,0,311,0,0,0,311
01/08/2020,CLE,OH,AGL,CE,Combined TRACON& Tower with Radar,220,96,23,0,339,0,1,0,0,1,220,97,23,0,340,0,0,0,340
01/09/2020,CLE,OH,AGL,CE,Combined TRACON& Tower with Radar,235,101,22,0,358,0,3,3,0,6,235,104,25,0,364,0,0,0,364
01/10/2020,CLE,OH,AGL,CE,Combined TRACON& Tower with Radar,223,91,22,0,336,0,0,0,0,0,223,91,22,0,336,0,0,0,336
01/11/2020,CLE,OH,AGL,CE,Combined TRACON& Tower with Radar,194,41,0,0,235,0,0,0,0,0,194,41,0,0,235,0,0,0,235
01/12/2020,CLE,OH,AGL,CE,Combined TRACON& Tower with Radar,211,94,3,0,308,0,0,3,0,3,211,94,6,0,311,0,0,0,311
01/13/2020,CLE,OH,AGL,CE,Combined TRACON& Tower with Radar,216,84,19,0,319,0,0,1,2,3,216,84,20,2,322,0,0,0,322
01/14/2020,CLE,OH,AGL,CE,Combined TRACON& Tower with Radar,213,83,22,0,318,0,2,0,0,2,213,85,22,0,320,0,0,0,320
01/15/2020,CLE,OH,AGL,CE,Combined TRACON& Tower with Radar,211,107,20,0,338,0,0,3,0,3,211,107,23,0,341,0,0,0,341
01/16/2020,CLE,OH,AGL,CE,Combined TRACON& Tower with Radar,233,94,22,0,349,0,0,1,0,1,233,94,23,0,350,0,0,0,350
01/17/2020,CLE,OH,AGL,CE,Combined TRACON& Tower with Radar,226,102,28,0,356,0,3,3,0,6,226,105,31,0,362,0,0,0,362
01/18/2020,CLE,OH,AGL,CE,Combined TRACON& Tower with Radar,175,41,15,0,231,0,0,0,0,0,175,41,15,0,231,0,0,0,231
01/19/2020,CLE,OH,AGL,CE,Combined TRACON& Tower with Radar,185,74,6,0,265,0,0,0,0,0,185,74,6,0,265,0,0,0,265
01/20/2020,CLE,OH,AGL,CE,Combined TRACON& Tower with Radar,216,100,17,0,333,0,0,0,0,0,216,100,17,0,333,0,0,0,333
01/21/2020,CLE,OH,AGL,CE,Combined TRACON& Tower with Radar,213,98,34,0,345,0,8,2,0,10,213,106,36,0,355,0,0,0,355
01/22/2020,CLE,OH,AGL,CE,Combined TRACON& Tower with Radar,211,98,23,0,332,0,2,2,0,4,211,100,25,0,336,0,0,0,336
01/23/2020,CLE,OH,AGL,CE,Combined TRACON& Tower with Radar,228,108,20,0,356,0,1,4,0,5,228,109,24,0,361,0,0,0,361
01/24/2020,CLE,OH,AGL,CE,Combined TRACON& Tower with Radar,235,96,19,0,350,0,3,0,0,3,235,99,19,0,353,0,0,0,353
01/25/2020,CLE,OH,AGL,CE,Combined TRACON& Tower with Radar,191,45,15,0,251,0,3,0,0,3,191,48,15,0,254,0,0,0,254
01/26/2020,CLE,OH,AGL,CE,Combined TRACON& Tower with Radar,215,79,8,0,302,0,0,0,0,0,215,79,8,0,302,0,0,0,302
01/27/2020,CLE,OH,AGL,CE,Combined TRACON& Tower with Radar,218,89,14,0,321,0,2,0,0,2,218,91,14,0,323,0,0,0,323
01/28/2020,CLE,OH,AGL,CE,Combined TRACON& Tower with Radar,212,102,27,0,341,0,0,0,0,0,212,102,27,0,341,0,0,0,341
01/29/2020,CLE,OH,AGL,CE,Combined TRACON& Tower with Radar,211,100,28,0,339,0,3,2,1,6,211,103,30,1,345,0,0,0,345
01/30/2020,CLE,OH,AGL,CE,Combined TRACON& Tower with Radar,233,96,21,0,350,0,6,5,1,12,233,102,26,1,362,0,0,0,362
01/31/2020,CLE,OH,AGL,CE,Combined TRACON& Tower with Radar,228,94,12,0,334,0,4,2,0,6,228,98,14,0,340,0,0,0,340
02/01/2020,CLE,OH,AGL,CE,Combined TRACON& Tower with Radar,183,48,4,0,235,0,0,0,0,0,183,48,4,0,235,0,0,0,235
02/02/2020,CLE,OH,AGL,CE,Combined TRACON& Tower with Radar,199,81,6,0,286,0,0,0,0,0,199,81,6,0,286,0,0,0,286
02/03/2020,CLE,OH,AGL,CE,Combined TRACON& Tower with Radar,218,90,15,0,323,0,4,1,0,5,218,94,16,0,328,0,0,0,328
02/04/2020,CLE,OH,AGL,CE,Combined TRACON& Tower with Radar,216,96,11,0,323,0,6,3,0,9,216,102,14,0,332,0,0,0,332
02/05/2020,CLE,OH,AGL,CE,Combined TRACON& Tower with Radar,209,102,13,0,324,0,2,6,1,9,209,104,19,1,333,0,0,0,333
02/06/2020,CLE,OH,AGL,CE,Combined TRACON& Tower with Radar,218,100,33,0,351,0,0,0,0,0,218,100,33,0,351,0,0,0,351
02/07/2020,CLE,OH,AGL,CE,Combined TRACON& Tower with Radar,224,110,23,0,357,0,0,0,0,0,224,110,23,0,357,0,0,0,357
02/08/2020,CLE,OH,AGL,CE,Combined TRACON& Tower with Radar,190,46,10,0,246,0,0,1,0,1,190,46,11,0,247,0,0,0,247
02/09/2020,CLE,OH,AGL,CE,Combined TRACON& Tower with Radar,219,80,18,0,317,0,0,1,0,1,219,80,19,0,318,0,0,0,318
02/10/2020,CLE,OH,AGL,CE,Combined TRACON& Tower with Radar,232,85,13,0,330,0,0,0,0,0,232,85,13,0,330,0,0,0,330
02/11/2020,CLE,OH,AGL,CE,Combined TRACON& Tower with Radar,214,105,12,0,331,0,4,0,2,6,214,109,12,2,337,0,0,0,337
02/12/2020,CLE,OH,AGL,CE,Combined TRACON& Tower with Radar,214,104,25,0,343,0,4,3,0,7,214,108,28,0,350,0,0,0,350
02/13/2020,CLE,OH,AGL,CE,Combined TRACON& Tower with Radar,233,87,31,0,351,0,0,0,0,0,233,87,31,0,351,0,0,0,351
02/14/2020,CLE,OH,AGL,CE,Combined TRACON& Tower with Radar,245,90,14,0,349,0,0,2,0,2,245,90,16,0,351,0,0,0,351
02/15/2020,CLE,OH,AGL,CE,Combined TRACON& Tower with Radar,187,51,1,0,239,0,3,2,0,5,187,54,3,0,244,0,0,0,244
02/16/2020,CLE,OH,AGL,CE,Combined TRACON& Tower with Radar,196,87,7,0,290,0,0,0,0,0,196,87,7,0,290,0,0,0,290
02/17/2020,CLE,OH,AGL,CE,Combined TRACON& Tower with Radar,235,94,16,0,345,0,3,6,0,9,235,97,22,0,354,0,0,0,354
02/18/2020,CLE,OH,AGL,CE,Combined TRACON& Tower with Radar,235,79,20,0,334,0,0,1,0,1,235,79,21,0,335,0,0,0,335
02/19/2020,CLE,OH,AGL,CE,Combined TRACON& Tower with Radar,235,91,33,0,359,0,1,2,0,3,235,92,35,0,362,0,0,0,362
02/20/2020,CLE,OH,AGL,CE,Combined TRACON& Tower with Radar,239,88,30,0,357,0,4,1,0,5,239,92,31,0,362,0,0,0,362
02/21/2020,CLE,OH,AGL,CE,Combined TRACON& Tower with Radar,246,84,10,0,340,0,0,3,0,3,246,84,13,0,343,0,0,0,343
02/22/2020,CLE,OH,AGL,CE,Combined TRACON& Tower with Radar,195,58,3,0,256,0,2,5,0,7,195,60,8,0,263,0,0,0,263
02/23/2020,CLE,OH,AGL,CE,Combined TRACON& Tower with Radar,222,82,18,2,324,0,2,2,0,4,222,84,20,2,328,0,0,0,328
02/24/2020,CLE,OH,AGL,CE,Combined TRACON& Tower with Radar,244,94,16,0,354,0,1,2,2,5,244,95,18,2,359,0,0,0,359
02/25/2020,CLE,OH,AGL,CE,Combined TRACON& Tower with Radar,234,99,16,0,349,0,0,0,0,0,234,99,16,0,349,0,0,0,349
02/26/2020,CLE,OH,AGL,CE,Combined TRACON& Tower with Radar,239,97,27,0,363,0,0,0,0,0,239,97,27,0,363,0,0,0,363
02/27/2020,CLE,OH,AGL,CE,Combined TRACON& Tower with Radar,258,95,30,0,383,0,0,0,0,0,258,95,30,0,383,0,0,0,383
02/28/2020,CLE,OH,AGL,CE,Combined TRACON& Tower with Radar,254,94,33,2,383,0,2,0,0,2,254,96,33,2,385,0,0,0,385
02/29/2020,CLE,OH,AGL,CE,Combined TRACON& Tower with Radar,201,51,16,0,268,0,2,0,0,2,201,53,16,0,270,0,0,0,270
03/01/2020,CLE,OH,AGL,CE,Combined TRACON& Tower with Radar,228,84,9,0,321,0,2,3,0,5,228,86,12,0,326,0,0,0,326
03/02/2020,CLE,OH,AGL,CE,Combined TRACON& Tower with Radar,242,86,15,2,345,0,0,1,0,1,242,86,16,2,346,0,0,0,346
03/03/2020,CLE,OH,AGL,CE,Combined TRACON& Tower with Radar,240,98,11,2,351,0,0,0,0,0,240,98,11,2,351,0,0,0,351
03/04/2020,CLE,OH,AGL,CE,Combined TRACON& Tower with Radar,244,83,20,0,347,0,1,6,2,9,244,84,26,2,356,0,0,0,356
03/05/2020,CLE,OH,AGL,CE,Combined TRACON& Tower with Radar,253,85,20,0,358,0,1,3,2,6,253,86,23,2,364,0,0,0,364
03/06/2020,CLE,OH,AGL,CE,Combined TRACON& Tower with Radar,256,86,12,0,354,0,1,0,0,1,256,87,12,0,355,0,0,0,355
03/07/2020,CLE,OH,AGL,CE,Combined TRACON& Tower with Radar,217,68,3,0,288,0,2,2,0,4,217,70,5,0,292,0,0,0,292
03/08/2020,CLE,OH,AGL,CE,Combined TRACON& Tower with Radar,236,86,1,2,325,0,1,0,0,1,236,87,1,2,326,0,0,0,326
03/09/2020,CLE,OH,AGL,CE,Combined TRACON& Tower with Radar,259,86,6,0,351,0,3,6,0,9,259,89,12,0,360,0,0,0,360
03/10/2020,CLE,OH,AGL,CE,Combined TRACON& Tower with Radar,246,92,16,0,354,0,2,0,0,2,246,94,16,0,356,0,0,0,356
03/11/2020,CLE,OH,AGL,CE,Combined TRACON& Tower with Radar,255,95,13,0,363,0,0,1,1,2,255,95,14,1,365,0,0,0,365
03/12/2020,CLE,OH,AGL,CE,Combined TRACON& Tower with Radar,260,99,12,0,371,0,0,1,5,6,260,99,13,5,377,0,0,0,377
03/13/2020,CLE,OH,AGL,CE,Combined TRACON& Tower with Radar,266,91,7,0,364,0,0,6,0,6,266,91,13,0,370,0,0,0,370
03/14/2020,CLE,OH,AGL,CE,Combined TRACON& Tower with Radar,222,70,3,0,295,0,3,0,0,3,222,73,3,0,298,0,0,0,298
03/15/2020,CLE,OH,AGL,CE,Combined TRACON& Tower with Radar,230,92,3,0,325,0,2,3,0,5,230,94,6,0,330,0,0,0,330
03/16/2020,CLE,OH,AGL,CE,Combined TRACON& Tower with Radar,258,76,4,0,338,0,1,5,0,6,258,77,9,0,344,0,0,0,344
03/17/2020,CLE,OH,AGL,CE,Combined TRACON& Tower with Radar,248,84,9,0,341,0,2,0,0,2,248,86,9,0,343,0,0,0,343
03/18/2020,CLE,OH,AGL,CE,Combined TRACON& Tower with Radar,245,92,11,0,348,0,0,0,0,0,245,92,11,0,348,0,0,0,348
03/19/2020,CLE,OH,AGL,CE,Combined TRACON& Tower with Radar,229,83,15,0,327,0,0,0,0,0,229,83,15,0,327,0,0,0,327
03/20/2020,CLE,OH,AGL,CE,Combined TRACON& Tower with Radar,209,77,13,0,299,0,0,1,0,1,209,77,14,0,300,0,0,0,300
03/21/2020,CLE,OH,AGL,CE,Combined TRACON& Tower with Radar,176,69,6,0,251,0,0,0,0,0,176,69,6,0,251,0,0,0,251
03/22/2020,CLE,OH,AGL,CE,Combined TRACON& Tower with Radar,179,62,4,0,245,0,8,5,0,13,179,70,9,0,258,0,0,0,258
03/23/2020,CLE,OH,AGL,CE,Combined TRACON& Tower with Radar,185,65,8,0,258,0,2,0,0,2,185,67,8,0,260,0,0,0,260
03/24/2020,CLE,OH,AGL,CE,Combined TRACON& Tower with Radar,167,59,0,0,226,0,3,1,0,4,167,62,1,0,230,0,0,0,230
03/25/2020,CLE,OH,AGL,CE,Combined TRACON& Tower with Radar,155,59,1,0,215,0,0,0,0,0,155,59,1,0,215,0,0,0,215
03/26/2020,CLE,OH,AGL,CE,Combined TRACON& Tower with Radar,133,54,3,0,190,0,1,0,0,1,133,55,3,0,191,0,0,0,191
03/27/2020,CLE,OH,AGL,CE,Combined TRACON& Tower with Radar,144,33,6,0,183,0,0,0,0,0,144,33,6,0,183,0,0,0,183
03/28/2020,CLE,OH,AGL,CE,Combined TRACON& Tower with Radar,123,28,0,0,151,0,0,0,0,0,123,28,0,0,151,0,0,0,151
03/29/2020,CLE,OH,AGL,CE,Combined TRACON& Tower with Radar,115,23,2,0,140,0,0,0,0,0,115,23,2,0,140,0,0,0,140
03/30/2020,CLE,OH,AGL,CE,Combined TRACON& Tower with Radar,121,25,6,0,152,0,0,0,0,0,121,25,6,0,152,0,0,0,152
03/31/2020,CLE,OH,AGL,CE,Combined TRACON& Tower with Radar,128,44,4,0,176,0,2,1,0,3,128,46,5,0,179,0,0,0,179
04/01/2020,CLE,OH,AGL,CE,Combined TRACON& Tower with Radar,125,31,10,0,166,0,2,2,0,4,125,33,12,0,170,0,0,0,170
04/02/2020,CLE,OH,AGL,CE,Combined TRACON& Tower with Radar,113,14,5,0,132,0,2,3,0,5,113,16,8,0,137,0,0,0,137
04/03/2020,CLE,OH,AGL,CE,Combined TRACON& Tower with Radar,117,25,2,0,144,0,0,4,0,4,117,25,6,0,148,0,0,0,148
04/04/2020,CLE,OH,AGL,CE,Combined TRACON& Tower with Radar,102,19,2,0,123,0,0,2,0,2,102,19,4,0,125,0,0,0,125
04/05/2020,CLE,OH,AGL,CE,Combined TRACON& Tower with Radar,89,16,8,0,113,0,0,2,0,2,89,16,10,0,115,0,0,0,115
04/06/2020,CLE,OH,AGL,CE,Combined TRACON& Tower with Radar,91,17,3,0,111,0,6,2,0,8,91,23,5,0,119,0,0,0,119
04/07/2020,CLE,OH,AGL,CE,Combined TRACON& Tower with Radar,69,17,0,0,86,0,1,0,0,1,69,18,0,0,87,0,0,0,87
04/08/2020,CLE,OH,AGL,CE,Combined TRACON& Tower with Radar,81,17,7,0,105,0,0,4,0,4,81,17,11,0,109,0,0,0,109
04/09/2020,CLE,OH,AGL,CE,Combined TRACON& Tower with Radar,83,13,4,0,100,0,0,0,0,0,83,13,4,0,100,0,0,0,100
04/10/2020,CLE,OH,AGL,CE,Combined TRACON& Tower with Radar,76,12,3,0,91,0,0,0,0,0,76,12,3,0,91,0,0,0,91
04/11/2020,CLE,OH,AGL,CE,Combined TRACON& Tower with Radar,74,11,3,0,88,0,0,3,0,3,74,11,6,0,91,0,0,0,91
04/12/2020,CLE,OH,AGL,CE,Combined TRACON& Tower with Radar,64,12,1,0,77,0,0,0,0,0,64,12,1,0,77,0,0,0,77
04/13/2020,CLE,OH,AGL,CE,Combined TRACON& Tower with Radar,70,13,2,0,85,0,0,0,0,0,70,13,2,0,85,0,0,0,85
04/14/2020,CLE,OH,AGL,CE,Combined TRACON& Tower with Radar,55,14,10,0,79,0,1,1,0,2,55,15,11,0,81,0,0,0,81
04/15/2020,CLE,OH,AGL,CE,Combined TRACON& Tower with Radar,59,10,3,0,72,0,1,0,0,1,59,11,3,0,73,0,0,0,73
04/16/2020,CLE,OH,AGL,CE,Combined TRACON& Tower with Radar,61,9,3,0,73,0,0,1,0,1,61,9,4,0,74,0,0,0,74
04/17/2020,CLE,OH,AGL,CE,Combined TRACON& Tower with Radar,47,10,4,0,61,0,0,0,0,0,47,10,4,0,61,0,0,0,61
04/18/2020,CLE,OH,AGL,CE,Combined TRACON& Tower with Radar,49,21,0,0,70,0,0,6,0,6,49,21,6,0,76,0,0,0,76
04/19/2020,CLE,OH,AGL,CE,Combined TRACON& Tower with Radar,42,15,2,0,59,0,0,0,0,0,42,15,2,0,59,0,0,0,59
04/20/2020,CLE,OH,AGL,CE,Combined TRACON& Tower with Radar,43,7,0,1,51,0,0,4,0,4,43,7,4,1,55,0,0,0,55
04/21/2020,CLE,OH,AGL,CE,Combined TRACON& Tower with Radar,44,5,3,0,52,0,0,1,0,1,44,5,4,0,53,0,0,0,53
04/22/2020,CLE,OH,AGL,CE,Combined TRACON& Tower with Radar,62,12,3,0,77,0,2,3,1,6,62,14,6,1,83,0,0,0,83
04/23/2020,CLE,OH,AGL,CE,Combined TRACON& Tower with Radar,65,10,4,0,79,0,3,6,0,9,65,13,10,0,88,0,0,0,88
04/24/2020,CLE,OH,AGL,CE,Combined TRACON& Tower with Radar,53,8,3,0,64,0,4,4,0,8,53,12,7,0,72,0,0,0,72
04/25/2020,CLE,OH,AGL,CE,Combined TRACON& Tower with Radar,42,5,1,0,48,0,1,8,0,9,42,6,9,0,57,0,0,0,57
04/26/2020,CLE,OH,AGL,CE,Combined TRACON& Tower with Radar,45,9,5,0,59,0,1,0,0,1,45,10,5,0,60,0,0,0,60
04/27/2020,CLE,OH,AGL,CE,Combined TRACON& Tower with Radar,39,12,4,0,55,0,4,5,0,9,39,16,9,0,64,0,0,0,64
04/28/2020,CLE,OH,AGL,CE,Combined TRACON& Tower with Radar,45,11,4,0,60,0,0,0,0,0,45,11,4,0,60,0,0,0,60
04/29/2020,CLE,OH,AGL,CE,Combined TRACON& Tower with Radar,52,9,7,0,68,0,0,0,0,0,52,9,7,0,68,0,0,0,68
04/30/2020,CLE,OH,AGL,CE,Combined TRACON& Tower with Radar,57,7,2,0,66,1,2,0,0,3,58,9,2,0,69,0,0,0,69
05/01/2020,CLE,OH,AGL,CE,Combined TRACON& Tower with Radar,58,17,9,0,84,0,2,4,0,6,58,19,13,0,90,0,0,0,90
05/02/2020,CLE,OH,AGL,CE,Combined TRACON& Tower with Radar,61,13,5,0,79,0,0,4,0,4,61,13,9,0,83,0,0,0,83
05/03/2020,CLE,OH,AGL,CE,Combined TRACON& Tower with Radar,53,13,5,0,71,0,2,6,0,8,53,15,11,0,79,0,0,0,79
05/04/2020,CLE,OH,AGL,CE,Combined TRACON& Tower with Radar,52,20,5,0,77,0,3,7,0,10,52,23,12,0,87,0,0,0,87
05/05/2020,CLE,OH,AGL,CE,Combined TRACON& Tower with Radar,57,10,8,0,75,0,1,11,0,12,57,11,19,0,87,0,0,0,87
05/06/2020,CLE,OH,AGL,CE,Combined TRACON& Tower with Radar,54,13,9,0,76,0,2,7,0,9,54,15,16,0,85,0,0,0,85
05/07/2020,CLE,OH,AGL,CE,Combined TRACON& Tower with Radar,62,16,9,0,87,0,1,3,0,4,62,17,12,0,91,0,0,0,91
05/08/2020,CLE,OH,AGL,CE,Combined TRACON& Tower with Radar,56,18,7,0,81,0,3,0,0,3,56,21,7,0,84,0,0,0,84
05/09/2020,CLE,OH,AGL,CE,Combined TRACON& Tower with Radar,38,10,2,0,50,0,2,4,0,6,38,12,6,0,56,0,0,0,56
05/10/2020,CLE,OH,AGL,CE,Combined TRACON& Tower with Radar,51,16,0,0,67,0,2,0,0,2,51,18,0,0,69,0,0,0,69
05/11/2020,CLE,OH,AGL,CE,Combined TRACON& Tower with Radar,50,17,9,0,76,0,4,0,0,4,50,21,9,0,80,0,0,0,80
05/12/2020,CLE,OH,AGL,CE,Combined TRACON& Tower with Radar,51,14,13,0,78,0,1,4,0,5,51,15,17,0,83,0,0,0,83
05/13/2020,CLE,OH,AGL,CE,Combined TRACON& Tower with Radar,47,18,18,2,85,0,1,18,0,19,47,19,36,2,104,0,0,0,104
05/14/2020,CLE,OH,AGL,CE,Combined TRACON& Tower with Radar,56,25,15,0,96,0,2,0,0,2,56,27,15,0,98,0,0,0,98
05/15/2020,CLE,OH,AGL,CE,Combined TRACON& Tower with Radar,61,29,7,0,97,0,3,1,0,4,61,32,8,0,101,0,0,0,101
05/16/2020,CLE,OH,AGL,CE,Combined TRACON& Tower with Radar,44,12,4,0,60,0,2,20,0,22,44,14,24,0,82,0,0,0,82
05/17/2020,CLE,OH,AGL,CE,Combined TRACON& Tower with Radar,49,15,2,0,66,0,0,1,0,1,49,15,3,0,67,0,0,0,67
05/18/2020,CLE,OH,AGL,CE,Combined TRACON& Tower with Radar,57,22,4,0,83,0,1,2,0,3,57,23,6,0,86,0,0,0,86
05/19/2020,CLE,OH,AGL,CE,Combined TRACON& Tower with Radar,48,14,3,0,65,0,0,1,0,1,48,14,4,0,66,0,0,0,66
05/20/2020,CLE,OH,AGL,CE,Combined TRACON& Tower with Radar,50,25,20,0,95,0,0,12,0,12,50,25,32,0,107,0,0,0,107
05/21/2020,CLE,OH,AGL,CE,Combined TRACON& Tower with Radar,68,19,6,0,93,0,3,9,0,12,68,22,15,0,105,0,0,0,105
05/22/2020,CLE,OH,AGL,CE,Combined TRACON& Tower with Radar,70,19,10,0,99,0,1,1,0,2,70,20,11,0,101,0,0,0,101
05/23/2020,CLE,OH,AGL,CE,Combined TRACON& Tower with Radar,42,8,10,0,60,0,3,4,0,7,42,11,14,0,67,0,0,0,67
05/24/2020,CLE,OH,AGL,CE,Combined TRACON& Tower with Radar,57,14,0,0,71,0,2,5,4,11,57,16,5,4,82,0,0,0,82
05/25/2020,CLE,OH,AGL,CE,Combined TRACON& Tower with Radar,58,18,2,0,78,0,0,6,0,6,58,18,8,0,84,0,0,0,84
05/26/2020,CLE,OH,AGL,CE,Combined TRACON& Tower with Radar,53,19,13,0,85,0,2,7,0,9,53,21,20,0,94,0,0,0,94
05/27/2020,CLE,OH,AGL,CE,Combined TRACON& Tower with Radar,52,25,13,0,90,0,1,2,0,3,52,26,15,0,93,0,0,0,93
05/28/2020,CLE,OH,AGL,CE,Combined TRACON& Tower with Radar,66,18,9,0,93,0,5,1,0,6,66,23,10,0,99,0,0,0,99
05/29/2020,CLE,OH,AGL,CE,Combined TRACON& Tower with Radar,62,16,14,0,92,0,5,11,0,16,62,21,25,0,108,0,0,0,108
05/30/2020,CLE,OH,AGL,CE,Combined TRACON& Tower with Radar,44,14,15,0,73,0,1,6,0,7,44,15,21,0,80,0,0,0,80
05/31/2020,CLE,OH,AGL,CE,Combined TRACON& Tower with Radar,63,12,5,0,80,0,1,6,0,7,63,13,11,0,87,0,0,0,87
06/01/2020,CLE,OH,AGL,CE,Combined TRACON& Tower with Radar,67,21,15,0,103,0,2,14,0,16,67,23,29,0,119,0,0,0,119
06/02/2020,CLE,OH,AGL,CE,Combined TRACON& Tower with Radar,55,13,12,0,80,0,2,3,0,5,55,15,15,0,85,0,0,0,85
06/03/2020,CLE,OH,AGL,CE,Combined TRACON& Tower with Radar,58,20,10,0,88,0,7,1,0,8,58,27,11,0,96,0,0,0,96
06/04/2020,CLE,OH,AGL,CE,Combined TRACON& Tower with Radar,75,27,14,0,116,0,2,8,0,10,75,29,22,0,126,0,0,0,126
06/05/2020,CLE,OH,AGL,CE,Combined TRACON& Tower with Radar,87,23,7,0,117,0,1,3,0,4,87,24,10,0,121,0,0,0,121
06/06/2020,CLE,OH,AGL,CE,Combined TRACON& Tower with Radar,59,15,1,0,75,0,2,2,0,4,59,17,3,0,79,0,0,0,79
06/07/2020,CLE,OH,AGL,CE,Combined TRACON& Tower with Radar,72,18,6,0,96,0,0,9,0,9,72,18,15,0,105,0,0,0,105
06/08/2020,CLE,OH,AGL,CE,Combined TRACON& Tower with Radar,88,25,4,0,117,0,6,13,0,19,88,31,17,0,136,0,0,0,136
06/09/2020,CLE,OH,AGL,CE,Combined TRACON& Tower with Radar,69,20,11,0,100,0,2,3,0,5,69,22,14,0,105,0,0,0,105
06/10/2020,CLE,OH,AGL,CE,Combined TRACON& Tower with Radar,76,15,8,0,99,0,6,0,0,6,76,21,8,0,105,0,0,0,105
06/11/2020,CLE,OH,AGL,CE,Combined TRACON& Tower with Radar,90,26,12,0,128,0,1,7,0,8,90,27,19,0,136,0,0,0,136
06/12/2020,CLE,OH,AGL,CE,Combined TRACON& Tower with Radar,102,23,15,0,140,0,4,10,0,14,102,27,25,0,154,0,0,0,154
06/13/2020,CLE,OH,AGL,CE,Combined TRACON& Tower with Radar,69,13,3,0,85,0,2,6,0,8,69,15,9,0,93,0,0,0,93
06/14/2020,CLE,OH,AGL,CE,Combined TRACON& Tower with Radar,79,20,6,0,105,0,0,3,0,3,79,20,9,0,108,0,0,0,108
06/15/2020,CLE,OH,AGL,CE,Combined TRACON& Tower with Radar,93,22,14,0,129,0,2,1,0,3,93,24,15,0,132,0,0,0,132
06/16/2020,CLE,OH,AGL,CE,Combined TRACON& Tower with Radar,77,18,21,0,116,0,4,3,0,7,77,22,24,0,123,0,0,0,123
06/17/2020,CLE,OH,AGL,CE,Combined TRACON& Tower with Radar,79,26,16,0,121,0,4,5,0,9,79,30,21,0,130,0,0,0,130
06/18/2020,CLE,OH,AGL,CE,Combined TRACON& Tower with Radar,102,21,19,0,142,0,1,5,0,6,102,22,24,0,148,0,0,0,148
06/19/2020,CLE,OH,AGL,CE,Combined TRACON& Tower with Radar,104,14,16,0,134,0,8,6,0,14,104,22,22,0,148,0,0,0,148
06/20/2020,CLE,OH,AGL,CE,Combined TRACON& Tower with Radar,83,10,4,0,97,0,1,7,0,8,83,11,11,0,105,0,0,0,105
06/21/2020,CLE,OH,AGL,CE,Combined TRACON& Tower with Radar,93,14,7,0,114,0,0,2,0,2,93,14,9,0,116,0,0,0,116
06/22/2020,CLE,OH,AGL,CE,Combined TRACON& Tower with Radar,102,22,10,0,134,0,0,8,0,8,102,22,18,0,142,0,0,0,142
06/23/2020,CLE,OH,AGL,CE,Combined TRACON& Tower with Radar,85,30,11,0,126,0,0,1,0,1,85,30,12,0,127,0,0,0,127
06/24/2020,CLE,OH,AGL,CE,Combined TRACON& Tower with Radar,84,25,17,0,126,0,2,12,0,14,84,27,29,0,140,0,0,0,140
06/25/2020,CLE,OH,AGL,CE,Combined TRACON& Tower with Radar,103,24,15,2,144,0,4,4,0,8,103,28,19,2,152,0,0,0,152
06/26/2020,CLE,OH,AGL,CE,Combined TRACON& Tower with Radar,111,24,16,0,151,0,5,2,0,7,111,29,18,0,158,0,0,0,158
06/27/2020,CLE,OH,AGL,CE,Combined TRACON& Tower with Radar,89,14,5,0,108,0,0,2,0,2,89,14,7,0,110,0,0,0,110
06/28/2020,CLE,OH,AGL,CE,Combined TRACON& Tower with Radar,94,24,7,0,125,0,1,5,1,7,94,25,12,1,132,0,0,0,132
06/29/2020,CLE,OH,AGL,CE,Combined TRACON& Tower with Radar,112,29,13,0,154,0,3,3,0,6,112,32,16,0,160,0,0,0,160
06/30/2020,CLE,OH,AGL,CE,Combined TRACON& Tower with Radar,89,21,10,0,120,0,2,8,0,10,89,23,18,0,130,0,0,0,130
07/01/2020,CLE,OH,AGL,CE,Combined TRACON& Tower with Radar,108,31,25,0,164,0,2,2,1,5,108,33,27,1,169,0,0,0,169
07/02/2020,CLE,OH,AGL,CE,Combined TRACON& Tower with Radar,131,29,9,0,169,0,4,3,0,7,131,33,12,0,176,0,0,0,176
07/03/2020,CLE,OH,AGL,CE,Combined TRACON& Tower with Radar,132,21,1,0,154,0,2,6,0,8,132,23,7,0,162,0,0,0,162
07/04/2020,CLE,OH,AGL,CE,Combined TRACON& Tower with Radar,96,6,4,0,106,0,1,0,0,1,96,7,4,0,107,0,0,0,107
07/05/2020,CLE,OH,AGL,CE,Combined TRACON& Tower with Radar,123,22,8,0,153,0,4,4,0,8,123,26,12,0,161,0,0,0,161
07/06/2020,CLE,OH,AGL,CE,Combined TRACON& Tower with Radar,141,26,13,0,180,0,1,4,0,5,141,27,17,0,185,0,0,0,185
07/07/2020,CLE,OH,AGL,CE,Combined TRACON& Tower with Radar,150,18,17,0,185,0,4,2,0,6,150,22,19,0,191,0,0,0,191
07/08/2020,CLE,OH,AGL,CE,Combined TRACON& Tower with Radar,142,15,17,0,174,0,2,4,0,6,142,17,21,0,180,0,0,0,180
07/09/2020,CLE,OH,AGL,CE,Combined TRACON& Tower with Radar,161,18,19,0,198,0,6,1,0,7,161,24,20,0,205,0,0,0,205
07/10/2020,CLE,OH,AGL,CE,Combined TRACON& Tower with Radar,167,15,7,0,189,0,3,0,0,3,167,18,7,0,192,0,0,0,192
07/11/2020,CLE,OH,AGL,CE,Combined TRACON& Tower with Radar,138,15,3,0,156,0,4,0,0,4,138,19,3,0,160,0,0,0,160
07/12/2020,CLE,OH,AGL,CE,Combined TRACON& Tower with Radar,148,11,9,0,168,0,3,2,0,5,148,14,11,0,173,0,0,0,173
07/13/2020,CLE,OH,AGL,CE,Combined TRACON& Tower with Radar,161,23,15,0,199,0,2,4,0,6,161,25,19,0,205,0,0,0,205
07/14/2020,CLE,OH,AGL,CE,Combined TRACON& Tower with Radar,148,9,6,0,163,0,9,10,0,19,148,18,16,0,182,0,0,0,182
07/15/2020,CLE,OH,AGL,CE,Combined TRACON& Tower with Radar,135,11,15,0,161,0,5,11,0,16,135,16,26,0,177,0,0,0,177
07/16/2020,CLE,OH,AGL,CE,Combined TRACON& Tower with Radar,157,16,11,0,184,0,5,0,0,5,157,21,11,0,189,0,0,0,189
07/17/2020,CLE,OH,AGL,CE,Combined TRACON& Tower with Radar,166,17,17,0,200,0,7,5,0,12,166,24,22,0,212,0,0,0,212
07/18/2020,CLE,OH,AGL,CE,Combined TRACON& Tower with Radar,139,19,5,0,163,0,4,0,0,4,139,23,5,0,167,0,0,0,167
07/19/2020,CLE,OH,AGL,CE,Combined TRACON& Tower with Radar,149,14,9,0,172,0,0,1,0,1,149,14,10,0,173,0,0,0,173
07/20/2020,CLE,OH,AGL,CE,Combined TRACON& Tower with Radar,157,17,8,0,182,0,1,1,0,2,157,18,9,0,184,0,0,0,184
07/21/2020,CLE,OH,AGL,CE,Combined TRACON& Tower with Radar,146,15,16,0,177,0,1,4,0,5,146,16,20,0,182,0,0,0,182
07/22/2020,CLE,OH,AGL,CE,Combined TRACON& Tower with Radar,135,22,16,0,173,0,0,2,2,4,135,22,18,2,177,0,0,0,177
07/23/2020,CLE,OH,AGL,CE,Combined TRACON& Tower with Radar,163,26,17,0,206,0,0,1,0,1,163,26,18,0,207,0,0,0,207
07/24/2020,CLE,OH,AGL,CE,Combined TRACON& Tower with Radar,166,21,9,0,196,0,4,6,0,10,166,25,15,0,206,0,0,0,206
07/25/2020,CLE,OH,AGL,CE,Combined TRACON& Tower with Radar,139,12,11,0,162,0,2,6,0,8,139,14,17,0,170,0,0,0,170
07/26/2020,CLE,OH,AGL,CE,Combined TRACON& Tower with Radar,152,27,9,0,188,0,2,15,0,17,152,29,24,0,205,0,0,0,205
07/27/2020,CLE,OH,AGL,CE,Combined TRACON& Tower with Radar,170,15,13,0,198,0,2,3,0,5,170,17,16,0,203,0,0,0,203
07/28/2020,CLE,OH,AGL,CE,Combined TRACON& Tower with Radar,142,27,15,0,184,0,4,2,0,6,142,31,17,0,190,0,0,0,190
07/29/2020,CLE,OH,AGL,CE,Combined TRACON& Tower with Radar,141,13,16,0,170,0,5,2,0,7,141,18,18,0,177,0,0,0,177
07/30/2020,CLE,OH,AGL,CE,Combined TRACON& Tower with Radar,154,21,11,0,186,0,0,3,0,3,154,21,14,0,189,0,0,0,189
07/31/2020,CLE,OH,AGL,CE,Combined TRACON& Tower with Radar,160,19,8,0,187,0,6,1,0,7,160,25,9,0,194,0,0,0,194
08/01/2020,CLE,OH,AGL,CE,Combined TRACON& Tower with Radar,155,11,1,2,169,0,2,0,0,2,155,13,1,2,171,0,0,0,171
08/02/2020,CLE,OH,AGL,CE,Combined TRACON& Tower with Radar,167,21,15,0,203,0,0,0,0,0,167,21,15,0,203,0,0,0,203
08/03/2020,CLE,OH,AGL,CE,Combined TRACON& Tower with Radar,172,22,8,3,205,0,0,0,2,2,172,22,8,5,207,0,0,0,207
08/04/2020,CLE,OH,AGL,CE,Combined TRACON& Tower with Radar,140,18,7,1,166,0,2,0,2,4,140,20,7,3,170,0,0,0,170
08/05/2020,CLE,OH,AGL,CE,Combined TRACON& Tower with Radar,142,18,8,5,173,0,8,7,2,17,142,26,15,7,190,0,0,0,190
08/06/2020,CLE,OH,AGL,CE,Combined TRACON& Tower with Radar,165,17,13,4,199,0,3,0,1,4,165,20,13,5,203,0,0,0,203
08/07/2020,CLE,OH,AGL,CE,Combined TRACON& Tower with Radar,173,23,15,8,219,0,0,6,1,7,173,23,21,9,226,0,0,0,226
08/08/2020,CLE,OH,AGL,CE,Combined TRACON& Tower with Radar,143,8,3,0,154,0,2,6,0,8,143,10,9,0,162,0,0,0,162
08/09/2020,CLE,OH,AGL,CE,Combined TRACON& Tower with Radar,153,17,15,0,185,0,6,5,0,11,153,23,20,0,196,0,0,0,196
08/10/2020,CLE,OH,AGL,CE,Combined TRACON& Tower with Radar,167,24,17,0,208,0,2,2,0,4,167,26,19,0,212,0,0,0,212
08/11/2020,CLE,OH,AGL,CE,Combined TRACON& Tower with Radar,150,14,25,0,189,0,4,0,0,4,150,18,25,0,193,0,0,0,193
08/12/2020,CLE,OH,AGL,CE,Combined TRACON& Tower with Radar,150,14,15,0,179,0,2,5,0,7,150,16,20,0,186,0,0,0,186
08/13/2020,CLE,OH,AGL,CE,Combined TRACON& Tower with Radar,179,18,17,0,214,0,2,2,0,4,179,20,19,0,218,0,0,0,218
08/14/2020,CLE,OH,AGL,CE,Combined TRACON& Tower with Radar,181,14,4,0,199,0,3,1,0,4,181,17,5,0,203,0,0,0,203
08/15/2020,CLE,OH,AGL,CE,Combined TRACON& Tower with Radar,153,16,6,0,175,0,4,4,1,9,153,20,10,1,184,0,0,0,184
08/16/2020,CLE,OH,AGL,CE,Combined TRACON& Tower with Radar,167,14,5,0,186,0,0,2,0,2,167,14,7,0,188,0,0,0,188
08/17/2020,CLE,OH,AGL,CE,Combined TRACON& Tower with Radar,174,17,19,0,210,0,2,2,0,4,174,19,21,0,214,0,0,0,214
08/18/2020,CLE,OH,AGL,CE,Combined TRACON& Tower with Radar,152,23,8,0,183,0,3,3,0,6,152,26,11,0,189,0,0,0,189
08/19/2020,CLE,OH,AGL,CE,Combined TRACON& Tower with Radar,149,14,6,0,169,0,3,8,0,11,149,17,14,0,180,0,0,0,180
08/20/2020,CLE,OH,AGL,CE,Combined TRACON& Tower with Radar,171,18,15,0,204,0,6,6,0,12,171,24,21,0,216,0,0,0,216
08/21/2020,CLE,OH,AGL,CE,Combined TRACON& Tower with Radar,168,15,18,0,201,0,2,7,0,9,168,17,25,0,210,0,0,0,210
08/22/2020,CLE,OH,AGL,CE,Combined TRACON& Tower with Radar,155,14,14,0,183,0,2,5,0,7,155,16,19,0,190,0,0,0,190
08/23/2020,CLE,OH,AGL,CE,Combined TRACON& Tower with Radar,161,17,7,0,185,0,8,6,0,14,161,25,13,0,199,0,0,0,199
08/24/2020,CLE,OH,AGL,CE,Combined TRACON& Tower with Radar,164,15,14,8,201,0,0,2,9,11,164,15,16,17,212,0,0,0,212
08/25/2020,CLE,OH,AGL,CE,Combined TRACON& Tower with Radar,151,21,12,0,184,0,3,3,0,6,151,24,15,0,190,0,0,0,190
08/26/2020,CLE,OH,AGL,CE,Combined TRACON& Tower with Radar,147,21,10,0,178,0,2,0,0,2,147,23,10,0,180,0,0,0,180
08/27/2020,CLE,OH,AGL,CE,Combined TRACON& Tower with Radar,167,33,14,1,215,0,6,3,0,9,167,39,17,1,224,0,0,0,224
08/28/2020,CLE,OH,AGL,CE,Combined TRACON& Tower with Radar,174,21,9,0,204,0,0,1,0,1,174,21,10,0,205,0,0,0,205
08/29/2020,CLE,OH,AGL,CE,Combined TRACON& Tower with Radar,153,28,3,0,184,0,3,3,0,6,153,31,6,0,190,0,0,0,190
08/30/2020,CLE,OH,AGL,CE,Combined TRACON& Tower with Radar,158,18,5,0,181,0,2,5,0,7,158,20,10,0,188,0,0,0,188
08/31/2020,CLE,OH,AGL,CE,Combined TRACON& Tower with Radar,162,26,14,0,202,0,3,3,0,6,162,29,17,0,208,0,0,0,208
09/01/2020,CLE,OH,AGL,CE,Combined TRACON& Tower with Radar,149,19,20,0,188,0,1,3,0,4,149,20,23,0,192,0,0,0,192
09/02/2020,CLE,OH,AGL,CE,Combined TRACON& Tower with Radar,153,12,22,0,187,0,0,0,0,0,153,12,22,0,187,0,0,0,187
09/03/2020,CLE,OH,AGL,CE,Combined TRACON& Tower with Radar,172,16,21,0,209,0,1,4,0,5,172,17,25,0,214,0,0,0,214
09/04/2020,CLE,OH,AGL,CE,Combined TRACON& Tower with Radar,167,17,15,0,199,0,6,2,0,8,167,23,17,0,207,0,0,0,207
09/05/2020,CLE,OH,AGL,CE,Combined TRACON& Tower with Radar,134,13,1,0,148,0,0,4,0,4,134,13,5,0,152,0,0,0,152
09/06/2020,CLE,OH,AGL,CE,Combined TRACON& Tower with Radar,123,6,1,0,130,0,2,4,0,6,123,8,5,0,136,0,0,0,136
09/07/2020,CLE,OH,AGL,CE,Combined TRACON& Tower with Radar,142,15,4,0,161,0,0,0,0,0,142,15,4,0,161,0,0,0,161
09/08/2020,CLE,OH,AGL,CE,Combined TRACON& Tower with Radar,119,18,22,0,159,0,4,2,0,6,119,22,24,0,165,0,0,0,165
09/09/2020,CLE,OH,AGL,CE,Combined TRACON& Tower with Radar,109,25,21,0,155,0,0,0,0,0,109,25,21,0,155,0,0,0,155
09/10/2020,CLE,OH,AGL,CE,Combined TRACON& Tower with Radar,140,22,17,0,179,0,0,0,0,0,140,22,17,0,179,0,0,0,179
09/11/2020,CLE,OH,AGL,CE,Combined TRACON& Tower with Radar,144,33,12,0,189,0,8,2,0,10,144,41,14,0,199,0,0,0,199
09/12/2020,CLE,OH,AGL,CE,Combined TRACON& Tower with Radar,122,29,0,0,151,0,1,2,0,3,122,30,2,0,154,0,0,0,154
09/13/2020,CLE,OH,AGL,CE,Combined TRACON& Tower with Radar,138,16,13,0,167,0,4,4,0,8,138,20,17,0,175,0,0,0,175
09/14/2020,CLE,OH,AGL,CE,Combined TRACON& Tower with Radar,127,26,16,0,169,0,0,1,0,1,127,26,17,0,170,0,0,0,170
09/15/2020,CLE,OH,AGL,CE,Combined TRACON& Tower with Radar,103,24,12,0,139,0,1,2,2,5,103,25,14,2,144,0,0,0,144
09/16/2020,CLE,OH,AGL,CE,Combined TRACON& Tower with Radar,106,25,17,0,148,0,4,6,0,10,106,29,23,0,158,0,0,0,158
09/17/2020,CLE,OH,AGL,CE,Combined TRACON& Tower with Radar,138,31,20,0,189,0,3,11,0,14,138,34,31,0,203,0,0,0,203
09/18/2020,CLE,OH,AGL,CE,Combined TRACON& Tower with Radar,146,25,16,2,189,0,1,5,0,6,146,26,21,2,195,0,0,0,195
09/19/2020,CLE,OH,AGL,CE,Combined TRACON& Tower with Radar,122,27,4,0,153,0,2,4,0,6,122,29,8,0,159,0,0,0,159
09/20/2020,CLE,OH,AGL,CE,Combined TRACON& Tower with Radar,136,21,7,0,164,0,2,1,0,3,136,23,8,0,167,0,0,0,167
09/21/2020,CLE,OH,AGL,CE,Combined TRACON& Tower with Radar,127,24,22,0,173,0,2,8,0,10,127,26,30,0,183,0,0,0,183
09/22/2020,CLE,OH,AGL,CE,Combined TRACON& Tower with Radar,103,16,28,0,147,0,5,0,0,5,103,21,28,0,152,0,0,0,152
09/23/2020,CLE,OH,AGL,CE,Combined TRACON& Tower with Radar,108,25,20,0,153,0,2,2,0,4,108,27,22,0,157,0,0,0,157
09/24/2020,CLE,OH,AGL,CE,Combined TRACON& Tower with Radar,137,20,16,2,175,0,2,4,0,6,137,22,20,2,181,0,0,0,181
09/25/2020,CLE,OH,AGL,CE,Combined TRACON& Tower with Radar,144,19,34,0,197,0,3,2,0,5,144,22,36,0,202,0,0,0,202
09/26/2020,CLE,OH,AGL,CE,Combined TRACON& Tower with Radar,122,20,5,0,147,0,0,4,0,4,122,20,9,0,151,0,0,0,151
09/27/2020,CLE,OH,AGL,CE,Combined TRACON& Tower with Radar,141,33,13,2,189,0,2,2,1,5,141,35,15,3,194,0,0,0,194
09/28/2020,CLE,OH,AGL,CE,Combined TRACON& Tower with Radar,133,21,13,3,170,0,1,1,0,2,133,22,14,3,172,0,0,0,172
09/29/2020,CLE,OH,AGL,CE,Combined TRACON& Tower with Radar,107,18,25,3,153,0,0,4,0,4,107,18,29,3,157,0,0,0,157
09/30/2020,CLE,OH,AGL,CE,Combined TRACON& Tower with Radar,115,22,10,4,151,0,5,0,0,5,115,27,10,4,156,0,0,0,156
10/01/2020,CLE,OH,AGL,CE,Combined TRACON& Tower with Radar,153,22,15,0,190,0,4,2,0,6,153,26,17,0,196,0,0,0,196
10/02/2020,CLE,OH,AGL,CE,Combined TRACON& Tower with Radar,149,19,15,0,183,0,0,2,0,2,149,19,17,0,185,0,0,0,185
10/03/2020,CLE,OH,AGL,CE,Combined TRACON& Tower with Radar,127,10,9,0,146,0,1,2,0,3,127,11,11,0,149,0,0,0,149
10/04/2020,CLE,OH,AGL,CE,Combined TRACON& Tower with Radar,149,20,12,0,181,0,1,0,0,1,149,21,12,0,182,0,0,0,182
10/05/2020,CLE,OH,AGL,CE,Combined TRACON& Tower with Radar,138,14,9,0,161,0,2,1,0,3,138,16,10,0,164,0,0,0,164
10/06/2020,CLE,OH,AGL,CE,Combined TRACON& Tower with Radar,116,26,21,0,163,0,2,0,1,3,116,28,21,1,166,0,0,0,166
10/07/2020,CLE,OH,AGL,CE,Combined TRACON& Tower with Radar,120,21,17,0,158,0,1,6,0,7,120,22,23,0,165,0,0,0,165
10/08/2020,CLE,OH,AGL,CE,Combined TRACON& Tower with Radar,162,30,23,0,215,0,1,7,0,8,162,31,30,0,223,0,0,0,223
10/09/2020,CLE,OH,AGL,CE,Combined TRACON& Tower with Radar,151,24,7,3,185,0,7,6,0,13,151,31,13,3,198,0,0,0,198
10/10/2020,CLE,OH,AGL,CE,Combined TRACON& Tower with Radar,133,18,6,0,157,0,2,4,0,6,133,20,10,0,163,0,0,0,163
10/11/2020,CLE,OH,AGL,CE,Combined TRACON& Tower with Radar,152,26,13,1,192,0,2,6,0,8,152,28,19,1,200,0,0,0,200
10/12/2020,CLE,OH,AGL,CE,Combined TRACON& Tower with Radar,147,20,25,0,192,0,0,0,0,0,147,20,25,0,192,0,0,0,192
10/13/2020,CLE,OH,AGL,CE,Combined TRACON& Tower with Radar,116,27,9,0,152,0,4,5,0,9,116,31,14,0,161,0,0,0,161
10/14/2020,CLE,OH,AGL,CE,Combined TRACON& Tower with Radar,116,26,8,0,150,0,5,0,0,5,116,31,8,0,155,0,0,0,155
10/15/2020,CLE,OH,AGL,CE,Combined TRACON& Tower with Radar,157,26,17,0,200,0,5,0,0,5,157,31,17,0,205,0,0,0,205
10/16/2020,CLE,OH,AGL,CE,Combined TRACON& Tower with Radar,150,23,18,0,191,0,0,0,0,0,150,23,18,0,191,0,0,0,191
10/17/2020,CLE,OH,AGL,CE,Combined TRACON& Tower with Radar,132,16,2,0,150,0,0,2,0,2,132,16,4,0,152,0,0,0,152
10/18/2020,CLE,OH,AGL,CE,Combined TRACON& Tower with Radar,148,17,6,0,171,0,4,0,0,4,148,21,6,0,175,0,0,0,175
10/19/2020,CLE,OH,AGL,CE,Combined TRACON& Tower with Radar,139,26,21,0,186,0,0,0,0,0,139,26,21,0,186,0,0,0,186
10/20/2020,CLE,OH,AGL,CE,Combined TRACON& Tower with Radar,114,40,19,0,173,0,2,0,0,2,114,42,19,0,175,0,0,0,175
10/21/2020,CLE,OH,AGL,CE,Combined TRACON& Tower with Radar,115,26,13,0,154,0,2,0,0,2,115,28,13,0,156,0,0,0,156
10/22/2020,CLE,OH,AGL,CE,Combined TRACON& Tower with Radar,161,31,25,0,217,0,4,4,0,8,161,35,29,0,225,0,0,0,225
10/23/2020,CLE,OH,AGL,CE,Combined TRACON& Tower with Radar,147,30,10,0,187,0,0,1,0,1,147,30,11,0,188,0,0,0,188
10/24/2020,CLE,OH,AGL,CE,Combined TRACON& Tower with Radar,125,15,4,0,144,0,0,0,0,0,125,15,4,0,144,0,0,0,144
10/25/2020,CLE,OH,AGL,CE,Combined TRACON& Tower with Radar,140,27,9,0,176,0,9,0,0,9,140,36,9,0,185,0,0,0,185
10/26/2020,CLE,OH,AGL,CE,Combined TRACON& Tower with Radar,136,29,20,0,185,0,0,0,0,0,136,29,20,0,185,0,0,0,185
10/27/2020,CLE,OH,AGL,CE,Combined TRACON& Tower with Radar,111,20,22,6,159,0,0,1,0,1,111,20,23,6,160,0,0,0,160
10/28/2020,CLE,OH,AGL,CE,Combined TRACON& Tower with Radar,112,26,14,6,158,0,0,0,2,2,112,26,14,8,160,0,0,0,160
10/29/2020,CLE,OH,AGL,CE,Combined TRACON& Tower with Radar,148,29,11,0,188,0,0,0,0,0,148,29,11,0,188,0,0,0,188
10/30/2020,CLE,OH,AGL,CE,Combined TRACON& Tower with Radar,143,19,18,0,180,0,0,1,0,1,143,19,19,0,181,0,0,0,181
10/31/2020,CLE,OH,AGL,CE,Combined TRACON& Tower with Radar,105,15,5,0,125,0,2,4,1,7,105,17,9,1,132,0,0,0,132
11/01/2020,CLE,OH,AGL,CE,Combined TRACON& Tower with Radar,139,17,9,0,165,0,2,0,0,2,139,19,9,0,167,0,0,0,167
11/02/2020,CLE,OH,AGL,CE,Combined TRACON& Tower with Radar,128,27,17,0,172,0,4,0,0,4,128,31,17,0,176,0,0,0,176
11/03/2020,CLE,OH,AGL,CE,Combined TRACON& Tower with Radar,98,14,19,1,132,0,7,2,5,14,98,21,21,6,146,0,0,0,146
11/04/2020,CLE,OH,AGL,CE,Combined TRACON& Tower with Radar,115,25,12,4,156,0,6,8,2,16,115,31,20,6,172,0,0,0,172
11/05/2020,CLE,OH,AGL,CE,Combined TRACON& Tower with Radar,155,25,18,0,198,0,7,0,0,7,155,32,18,0,205,0,0,0,205
11/06/2020,CLE,OH,AGL,CE,Combined TRACON& Tower with Radar,150,28,13,0,191,0,3,2,2,7,150,31,15,2,198,0,0,0,198
11/07/2020,CLE,OH,AGL,CE,Combined TRACON& Tower with Radar,136,20,4,1,161,0,2,2,0,4,136,22,6,1,165,0,0,0,165
11/08/2020,CLE,OH,AGL,CE,Combined TRACON& Tower with Radar,159,18,8,0,185,0,3,4,0,7,159,21,12,0,192,0,0,0,192
11/09/2020,CLE,OH,AGL,CE,Combined TRACON& Tower with Radar,147,16,16,1,180,0,3,3,0,6,147,19,19,1,186,0,0,0,186
11/10/2020,CLE,OH,AGL,CE,Combined TRACON& Tower with Radar,113,16,11,0,140,0,1,14,0,15,113,17,25,0,155,0,0,0,155
11/11/2020,CLE,OH,AGL,CE,Combined TRACON& Tower with Radar,122,30,13,0,165,0,0,0,0,0,122,30,13,0,165,0,0,0,165
11/12/2020,CLE,OH,AGL,CE,Combined TRACON& Tower with Radar,170,41,19,0,230,0,3,1,0,4,170,44,20,0,234,0,0,0,234
11/13/2020,CLE,OH,AGL,CE,Combined TRACON& Tower with Radar,161,37,10,1,209,0,7,2,0,9,161,44,12,1,218,0,0,0,218
11/14/2020,CLE,OH,AGL,CE,Combined TRACON& Tower with Radar,141,15,8,0,164,0,0,0,1,1,141,15,8,1,165,0,0,0,165
11/15/2020,CLE,OH,AGL,CE,Combined TRACON& Tower with Radar,160,15,7,0,182,0,0,0,0,0,160,15,7,0,182,0,0,0,182
11/16/2020,CLE,OH,AGL,CE,Combined TRACON& Tower with Radar,151,15,11,0,177,0,2,2,0,4,151,17,13,0,181,0,0,0,181
11/17/2020,CLE,OH,AGL,CE,Combined TRACON& Tower with Radar,118,18,11,0,147,0,0,0,0,0,118,18,11,0,147,0,0,0,147
11/18/2020,CLE,OH,AGL,CE,Combined TRACON& Tower with Radar,119,31,14,0,164,0,5,5,0,10,119,36,19,0,174,0,0,0,174
11/19/2020,CLE,OH,AGL,CE,Combined TRACON& Tower with Radar,178,27,17,0,222,0,4,2,0,6,178,31,19,0,228,0,0,0,228
11/20/2020,CLE,OH,AGL,CE,Combined TRACON& Tower with Radar,165,24,7,0,196,0,0,2,0,2,165,24,9,0,198,0,0,0,198
11/21/2020,CLE,OH,AGL,CE,Combined TRACON& Tower with Radar,170,25,8,0,203,0,2,10,0,12,170,27,18,0,215,0,0,0,215
11/22/2020,CLE,OH,AGL,CE,Combined TRACON& Tower with Radar,170,24,7,0,201,0,0,0,0,0,170,24,7,0,201,0,0,0,201
11/23/2020,CLE,OH,AGL,CE,Combined TRACON& Tower with Radar,153,23,13,0,189,0,4,1,0,5,153,27,14,0,194,0,0,0,194
11/24/2020,CLE,OH,AGL,CE,Combined TRACON& Tower with Radar,178,19,18,0,215,0,0,0,0,0,178,19,18,0,215,0,0,0,215
11/25/2020,CLE,OH,AGL,CE,Combined TRACON& Tower with Radar,171,19,15,2,207,0,2,0,0,2,171,21,15,2,209,0,0,0,209
11/26/2020,CLE,OH,AGL,CE,Combined TRACON& Tower with Radar,101,11,0,0,112,0,0,0,0,0,101,11,0,0,112,0,0,0,112
11/27/2020,CLE,OH,AGL,CE,Combined TRACON& Tower with Radar,137,14,6,0,157,0,3,0,0,3,137,17,6,0,160,0,0,0,160
11/28/2020,CLE,OH,AGL,CE,Combined TRACON& Tower with Radar,189,15,4,0,208,0,2,4,0,6,189,17,8,0,214,0,0,0,214
11/29/2020,CLE,OH,AGL,CE,Combined TRACON& Tower with Radar,179,30,10,0,219,0,2,4,0,6,179,32,14,0,225,0,0,0,225
11/30/2020,CLE,OH,AGL,CE,Combined TRACON& Tower with Radar,167,33,17,0,217,0,0,0,0,0,167,33,17,0,217,0,0,0,217
12/01/2020,CLE,OH,AGL,CE,Combined TRACON& Tower with Radar,132,17,3,0,152,0,0,0,0,0,132,17,3,0,152,0,0,0,152
12/02/2020,CLE,OH,AGL,CE,Combined TRACON& Tower with Radar,113,40,7,0,160,0,0,0,0,0,113,40,7,0,160,0,0,0,160
12/03/2020,CLE,OH,AGL,CE,Combined TRACON& Tower with Radar,162,15,6,0,183,0,2,5,0,7,162,17,11,0,190,0,0,0,190
12/04/2020,CLE,OH,AGL,CE,Combined TRACON& Tower with Radar,152,8,8,1,169,0,2,0,1,3,152,10,8,2,172,0,0,0,172
12/05/2020,CLE,OH,AGL,CE,Combined TRACON& Tower with Radar,129,20,4,0,153,0,2,0,0,2,129,22,4,0,155,0,0,0,155
12/06/2020,CLE,OH,AGL,CE,Combined TRACON& Tower with Radar,151,8,9,0,168,0,0,1,0,1,151,8,10,0,169,0,0,0,169
12/07/2020,CLE,OH,AGL,CE,Combined TRACON& Tower with Radar,139,12,8,0,159,0,2,0,0,2,139,14,8,0,161,0,0,0,161
12/08/2020,CLE,OH,AGL,CE,Combined TRACON& Tower with Radar,111,11,14,0,136,0,2,2,1,5,111,13,16,1,141,0,0,0,141
12/09/2020,CLE,OH,AGL,CE,Combined TRACON& Tower with Radar,108,20,13,0,141,0,0,1,2,3,108,20,14,2,144,0,0,0,144
12/10/2020,CLE,OH,AGL,CE,Combined TRACON& Tower with Radar,158,20,9,1,188,0,4,5,1,10,158,24,14,2,198,0,0,0,198
12/11/2020,CLE,OH,AGL,CE,Combined TRACON& Tower with Radar,148,17,9,0,174,0,2,2,1,5,148,19,11,1,179,0,0,0,179
12/12/2020,CLE,OH,AGL,CE,Combined TRACON& Tower with Radar,126,17,2,0,145,0,0,0,1,1,126,17,2,1,146,0,0,0,146
12/13/2020,CLE,OH,AGL,CE,Combined TRACON& Tower with Radar,151,18,5,0,174,0,0,0,0,0,151,18,5,0,174,0,0,0,174
12/14/2020,CLE,OH,AGL,CE,Combined TRACON& Tower with Radar,146,12,14,0,172,0,0,2,0,2,146,12,16,0,174,0,0,0,174
12/15/2020,CLE,OH,AGL,CE,Combined TRACON& Tower with Radar,117,8,12,13,150,0,2,4,0,6,117,10,16,13,156,0,0,0,156
12/16/2020,CLE,OH,AGL,CE,Combined TRACON& Tower with Radar,121,22,13,0,156,0,2,0,0,2,121,24,13,0,158,0,0,0,158
12/17/2020,CLE,OH,AGL,CE,Combined TRACON& Tower with Radar,185,24,15,0,224,0,0,1,0,1,185,24,16,0,225,0,0,0,225
12/18/2020,CLE,OH,AGL,CE,Combined TRACON& Tower with Radar,178,20,10,0,208,0,0,0,0,0,178,20,10,0,208,0,0,0,208
12/19/2020,CLE,OH,AGL,CE,Combined TRACON& Tower with Radar,195,18,7,0,220,0,0,0,1,1,195,18,7,1,221,0,0,0,221
12/20/2020,CLE,OH,AGL,CE,Combined TRACON& Tower with Radar,181,21,10,0,212,0,0,0,0,0,181,21,10,0,212,0,0,0,212
12/21/2020,CLE,OH,AGL,CE,Combined TRACON& Tower with Radar,174,21,9,0,204,0,0,0,0,0,174,21,9,0,204,0,0,0,204
12/22/2020,CLE,OH,AGL,CE,Combined TRACON& Tower with Radar,182,35,15,0,232,0,4,2,0,6,182,39,17,0,238,0,0,0,238
12/23/2020,CLE,OH,AGL,CE,Combined TRACON& Tower with Radar,189,21,24,0,234,0,0,0,0,0,189,21,24,0,234,0,0,0,234
12/24/2020,CLE,OH,AGL,CE,Combined TRACON& Tower with Radar,157,17,2,0,176,0,0,0,0,0,157,17,2,0,176,0,0,0,176
12/25/2020,CLE,OH,AGL,CE,Combined TRACON& Tower with Radar,120,30,0,0,150,0,0,0,0,0,120,30,0,0,150,0,0,0,150
12/26/2020,CLE,OH,AGL,CE,Combined TRACON& Tower with Radar,185,34,11,0,230,0,0,2,0,2,185,34,13,0,232,0,0,0,232
12/27/2020,CLE,OH,AGL,CE,Combined TRACON& Tower with Radar,180,32,10,0,222,0,2,2,0,4,180,34,12,0,226,0,0,0,226
12/28/2020,CLE,OH,AGL,CE,Combined TRACON& Tower with Radar,169,30,7,0,206,0,0,0,0,0,169,30,7,0,206,0,0,0,206
12/29/2020,CLE,OH,AGL,CE,Combined TRACON& Tower with Radar,171,12,9,0,192,0,2,5,0,7,171,14,14,0,199,0,0,0,199
12/30/2020,CLE,OH,AGL,CE,Combined TRACON& Tower with Radar,186,21,12,0,219,0,2,0,0,2,186,23,12,0,221,0,0,0,221
12/31/2020,CLE,OH,AGL,CE,Combined TRACON& Tower with Radar,140,17,5,0,162,0,1,0,1,2,140,18,5,1,164,0,0,0,164
01/01/2021,CLE,OH,AGL,CE,Combined TRACON& Tower with Radar,131,15,2,0,148,0,0,0,0,0,131,15,2,0,148,0,0,0,148
01/02/2021,CLE,OH,AGL,CE,Combined TRACON& Tower with Radar,176,34,7,0,217,0,0,0,0,0,176,34,7,0,217,0,0,0,217
01/03/2021,CLE,OH,AGL,CE,Combined TRACON& Tower with Radar,171,22,11,0,204,0,0,0,0,0,171,22,11,0,204,0,0,0,204
01/04/2021,CLE,OH,AGL,CE,Combined TRACON& Tower with Radar,157,22,12,0,191,0,0,2,0,2,157,22,14,0,193,0,0,0,193
01/05/2021,CLE,OH,AGL,CE,Combined TRACON& Tower with Radar,141,20,22,0,183,0,0,0,0,0,141,20,22,0,183,0,0,0,183
01/06/2021,CLE,OH,AGL,CE,Combined TRACON& Tower with Radar,122,15,15,0,152,0,0,0,0,0,122,15,15,0,152,0,0,0,152
01/07/2021,CLE,OH,AGL,CE,Combined TRACON& Tower with Radar,154,19,10,0,183,0,3,0,0,3,154,22,10,0,186,0,0,0,186
01/08/2021,CLE,OH,AGL,CE,Combined TRACON& Tower with Radar,148,15,10,0,173,0,1,1,0,2,148,16,11,0,175,0,0,0,175
01/09/2021,CLE,OH,AGL,CE,Combined TRACON& Tower with Radar,131,19,8,0,158,0,0,1,0,1,131,19,9,0,159,0,0,0,159
01/10/2021,CLE,OH,AGL,CE,Combined TRACON& Tower with Radar,147,14,10,0,171,0,4,4,0,8,147,18,14,0,179,0,0,0,179
01/11/2021,CLE,OH,AGL,CE,Combined TRACON& Tower with Radar,145,20,12,0,177,0,0,0,0,0,145,20,12,0,177,0,0,0,177
01/12/2021,CLE,OH,AGL,CE,Combined TRACON& Tower with Radar,120,22,11,0,153,0,0,6,0,6,120,22,17,0,159,0,0,0,159
01/13/2021,CLE,OH,AGL,CE,Combined TRACON& Tower with Radar,124,16,24,0,164,0,4,5,0,9,124,20,29,0,173,0,0,0,173
01/14/2021,CLE,OH,AGL,CE,Combined TRACON& Tower with Radar,156,23,13,1,193,0,4,1,1,6,156,27,14,2,199,0,0,0,199
01/15/2021,CLE,OH,AGL,CE,Combined TRACON& Tower with Radar,153,32,12,0,197,0,0,0,0,0,153,32,12,0,197,0,0,0,197
01/16/2021,CLE,OH,AGL,CE,Combined TRACON& Tower with Radar,128,24,2,0,154,0,2,0,0,2,128,26,2,0,156,0,0,0,156
01/17/2021,CLE,OH,AGL,CE,Combined TRACON& Tower with Radar,138,17,10,0,165,0,0,0,0,0,138,17,10,0,165,0,0,0,165
01/18/2021,CLE,OH,AGL,CE,Combined TRACON& Tower with Radar,138,31,11,0,180,0,0,0,0,0,138,31,11,0,180,0,0,0,180
01/19/2021,CLE,OH,AGL,CE,Combined TRACON& Tower with Radar,121,15,16,0,152,0,2,0,0,2,121,17,16,0,154,0,0,0,154
01/20/2021,CLE,OH,AGL,CE,Combined TRACON& Tower with Radar,124,18,9,0,151,0,2,0,0,2,124,20,9,0,153,0,0,0,153
01/21/2021,CLE,OH,AGL,CE,Combined TRACON& Tower with Radar,152,22,18,2,194,0,0,1,0,1,152,22,19,2,195,0,0,0,195
01/22/2021,CLE,OH,AGL,CE,Combined TRACON& Tower with Radar,156,24,9,0,189,0,3,0,0,3,156,27,9,0,192,0,0,0,192
01/23/2021,CLE,OH,AGL,CE,Combined TRACON& Tower with Radar,126,21,3,0,150,0,4,0,0,4,126,25,3,0,154,0,0,0,154
01/24/2021,CLE,OH,AGL,CE,Combined TRACON& Tower with Radar,145,19,5,1,170,0,2,1,0,3,145,21,6,1,173,0,0,0,173
01/25/2021,CLE,OH,AGL,CE,Combined TRACON& Tower with Radar,136,14,17,0,167,0,0,2,0,2,136,14,19,0,169,0,0,0,169
01/26/2021,CLE,OH,AGL,CE,Combined TRACON& Tower with Radar,119,25,14,0,158,0,0,0,0,0,119,25,14,0,158,0,0,0,158
01/27/2021,CLE,OH,AGL,CE,Combined TRACON& Tower with Radar,125,23,5,1,154,0,2,2,0,4,125,25,7,1,158,0,0,0,158
01/28/2021,CLE,OH,AGL,CE,Combined TRACON& Tower with Radar,153,23,26,0,202,0,0,0,0,0,153,23,26,0,202,0,0,0,202
01/29/2021,CLE,OH,AGL,CE,Combined TRACON& Tower with Radar,150,27,7,0,184,0,2,2,0,4,150,29,9,0,188,0,0,0,188
01/30/2021,CLE,OH,AGL,CE,Combined TRACON& Tower with Radar,127,23,7,0,157,0,0,2,0,2,127,23,9,0,159,0,0,0,159
01/31/2021,CLE,OH,AGL,CE,Combined TRACON& Tower with Radar,133,26,10,0,169,0,0,0,0,0,133,26,10,0,169,0,0,0,169
02/01/2021,CLE,OH,AGL,CE,Combined TRACON& Tower with Radar,135,32,17,0,184,0,0,0,0,0,135,32,17,0,184,0,0,0,184
02/02/2021,CLE,OH,AGL,CE,Combined TRACON& Tower with Radar,119,32,4,0,155,0,5,1,0,6,119,37,5,0,161,0,0,0,161
02/03/2021,CLE,OH,AGL,CE,Combined TRACON& Tower with Radar,122,18,12,2,154,0,3,0,6,9,122,21,12,8,163,0,0,0,163
02/04/2021,CLE,OH,AGL,CE,Combined TRACON& Tower with Radar,161,30,11,2,204,0,1,0,0,1,161,31,11,2,205,0,0,0,205
02/05/2021,CLE,OH,AGL,CE,Combined TRACON& Tower with Radar,154,28,11,0,193,0,0,0,0,0,154,28,11,0,193,0,0,0,193
02/06/2021,CLE,OH,AGL,CE,Combined TRACON& Tower with Radar,126,21,17,0,164,0,6,1,0,7,126,27,18,0,171,0,0,0,171
02/07/2021,CLE,OH,AGL,CE,Combined TRACON& Tower with Radar,136,19,2,0,157,0,0,2,0,2,136,19,4,0,159,0,0,0,159
02/08/2021,CLE,OH,AGL,CE,Combined TRACON& Tower with Radar,146,23,5,0,174,0,0,2,0,2,146,23,7,0,176,0,0,0,176
02/09/2021,CLE,OH,AGL,CE,Combined TRACON& Tower with Radar,120,21,7,0,148,0,0,0,0,0,120,21,7,0,148,0,0,0,148
02/10/2021,CLE,OH,AGL,CE,Combined TRACON& Tower with Radar,128,23,9,0,160,0,1,1,0,2,128,24,10,0,162,0,0,0,162
02/11/2021,CLE,OH,AGL,CE,Combined TRACON& Tower with Radar,159,42,22,0,223,0,0,0,0,0,159,42,22,0,223,0,0,0,223
02/12/2021,CLE,OH,AGL,CE,Combined TRACON& Tower with Radar,161,27,8,0,196,0,2,1,0,3,161,29,9,0,199,0,0,0,199
02/13/2021,CLE,OH,AGL,CE,Combined TRACON& Tower with Radar,137,16,7,0,160,0,1,0,0,1,137,17,7,0,161,0,0,0,161
02/14/2021,CLE,OH,AGL,CE,Combined TRACON& Tower with Radar,136,15,4,0,155,0,2,0,0,2,136,17,4,0,157,0,0,0,157
02/15/2021,CLE,OH,AGL,CE,Combined TRACON& Tower with Radar,113,26,23,0,162,0,0,0,0,0,113,26,23,0,162,0,0,0,162
02/16/2021,CLE,OH,AGL,CE,Combined TRACON& Tower with Radar,100,37,13,0,150,0,0,0,0,0,100,37,13,0,150,0,0,0,150
02/17/2021,CLE,OH,AGL,CE,Combined TRACON& Tower with Radar,114,18,19,0,151,0,10,8,0,18,114,28,27,0,169,0,0,0,169
02/18/2021,CLE,OH,AGL,CE,Combined TRACON& Tower with Radar,149,25,5,0,179,0,0,0,0,0,149,25,5,0,179,0,0,0,179
02/19/2021,CLE,OH,AGL,CE,Combined TRACON& Tower with Radar,160,31,15,0,206,0,0,2,0,2,160,31,17,0,208,0,0,0,208
02/20/2021,CLE,OH,AGL,CE,Combined TRACON& Tower with Radar,144,29,11,0,184,0,0,0,0,0,144,29,11,0,184,0,0,0,184
02/21/2021,CLE,OH,AGL,CE,Combined TRACON& Tower with Radar,156,25,7,0,188,0,4,0,0,4,156,29,7,0,192,0,0,0,192
02/22/2021,CLE,OH,AGL,CE,Combined TRACON& Tower with Radar,152,31,8,0,191,0,2,0,0,2,152,33,8,0,193,0,0,0,193
02/23/2021,CLE,OH,AGL,CE,Combined TRACON& Tower with Radar,129,22,27,0,178,0,6,4,0,10,129,28,31,0,188,0,0,0,188
02/24/2021,CLE,OH,AGL,CE,Combined TRACON& Tower with Radar,132,35,16,0,183,0,1,0,0,1,132,36,16,0,184,0,0,0,184
02/25/2021,CLE,OH,AGL,CE,Combined TRACON& Tower with Radar,164,27,18,0,209,0,0,2,0,2,164,27,20,0,211,0,0,0,211
02/26/2021,CLE,OH,AGL,CE,Combined TRACON& Tower with Radar,166,26,15,0,207,0,2,3,0,5,166,28,18,0,212,0,0,0,212
02/27/2021,CLE,OH,AGL,CE,Combined TRACON& Tower with Radar,143,23,8,0,174,0,0,0,0,0,143,23,8,0,174,0,0,0,174
02/28/2021,CLE,OH,AGL,CE,Combined TRACON& Tower with Radar,152,31,15,0,198,0,2,0,0,2,152,33,15,0,200,0,0,0,200
03/01/2021,CLE,OH,AGL,CE,Combined TRACON& Tower with Radar,157,18,9,0,184,0,4,0,0,4,157,22,9,0,188,0,0,0,188
03/02/2021,CLE,OH,AGL,CE,Combined TRACON& Tower with Radar,129,34,20,0,183,0,2,9,0,11,129,36,29,0,194,0,0,0,194
03/03/2021,CLE,OH,AGL,CE,Combined TRACON& Tower with Radar,131,22,28,0,181,0,1,0,2,3,131,23,28,2,184,0,0,0,184
03/04/2021,CLE,OH,AGL,CE,Combined TRACON& Tower with Radar,168,29,18,0,215,0,3,3,0,6,168,32,21,0,221,0,0,0,221
03/05/2021,CLE,OH,AGL,CE,Combined TRACON& Tower with Radar,166,22,9,0,197,0,5,0,2,7,166,27,9,2,204,0,0,0,204
03/06/2021,CLE,OH,AGL,CE,Combined TRACON& Tower with Radar,145,25,3,0,173,1,0,2,0,3,146,25,5,0,176,0,0,0,176
03/07/2021,CLE,OH,AGL,CE,Combined TRACON& Tower with Radar,155,20,5,0,180,0,0,2,0,2,155,20,7,0,182,0,0,0,182
03/08/2021,CLE,OH,AGL,CE,Combined TRACON& Tower with Radar,158,28,9,8,203,0,0,1,0,1,158,28,10,8,204,0,0,0,204
03/09/2021,CLE,OH,AGL,CE,Combined TRACON& Tower with Radar,138,31,20,0,189,0,2,2,0,4,138,33,22,0,193,0,0,0,193
03/10/2021,CLE,OH,AGL,CE,Combined TRACON& Tower with Radar,156,25,10,2,193,0,2,4,0,6,156,27,14,2,199,0,0,0,199
03/11/2021,CLE,OH,AGL,CE,Combined TRACON& Tower with Radar,175,27,22,0,224,0,2,1,0,3,175,29,23,0,227,0,0,0,227
03/12/2021,CLE,OH,AGL,CE,Combined TRACON& Tower with Radar,168,35,13,2,218,0,4,0,0,4,168,39,13,2,222,0,0,0,222
03/13/2021,CLE,OH,AGL,CE,Combined TRACON& Tower with Radar,155,34,4,0,193,0,2,0,0,2,155,36,4,0,195,0,0,0,195
03/14/2021,CLE,OH,AGL,CE,Combined TRACON& Tower with Radar,153,25,13,0,191,0,0,2,0,2,153,25,15,0,193,0,0,0,193
03/15/2021,CLE,OH,AGL,CE,Combined TRACON& Tower with Radar,161,24,20,0,205,0,2,2,0,4,161,26,22,0,209,0,0,0,209
03/16/2021,CLE,OH,AGL,CE,Combined TRACON& Tower with Radar,153,31,12,0,196,0,0,0,0,0,153,31,12,0,196,0,0,0,196
03/17/2021,CLE,OH,AGL,CE,Combined TRACON& Tower with Radar,159,29,11,1,200,0,0,2,1,3,159,29,13,2,203,0,0,0,203
03/18/2021,CLE,OH,AGL,CE,Combined TRACON& Tower with Radar,182,39,22,0,243,0,2,0,0,2,182,41,22,0,245,0,0,0,245
03/19/2021,CLE,OH,AGL,CE,Combined TRACON& Tower with Radar,174,25,11,0,210,0,1,2,0,3,174,26,13,0,213,0,0,0,213
03/20/2021,CLE,OH,AGL,CE,Combined TRACON& Tower with Radar,166,37,4,0,207,0,2,0,0,2,166,39,4,0,209,0,0,0,209
03/21/2021,CLE,OH,AGL,CE,Combined TRACON& Tower with Radar,162,32,11,0,205,0,2,0,0,2,162,34,11,0,207,0,0,0,207
03/22/2021,CLE,OH,AGL,CE,Combined TRACON& Tower with Radar,170,27,27,0,224,0,4,0,2,6,170,31,27,2,230,0,0,0,230
03/23/2021,CLE,OH,AGL,CE,Combined TRACON& Tower with Radar,158,28,9,2,197,0,3,2,0,5,158,31,11,2,202,0,0,0,202
03/24/2021,CLE,OH,AGL,CE,Combined TRACON& Tower with Radar,154,35,15,0,204,0,2,0,0,2,154,37,15,0,206,0,0,0,206
03/25/2021,CLE,OH,AGL,CE,Combined TRACON& Tower with Radar,178,43,20,0,241,0,4,1,0,5,178,47,21,0,246,0,0,0,246
03/26/2021,CLE,OH,AGL,CE,Combined TRACON& Tower with Radar,177,30,0,0,207,0,5,0,0,5,177,35,0,0,212,0,0,0,212
03/27/2021,CLE,OH,AGL,CE,Combined TRACON& Tower with Radar,165,36,11,0,212,0,0,0,0,0,165,36,11,0,212,0,0,0,212
03/28/2021,CLE,OH,AGL,CE,Combined TRACON& Tower with Radar,158,40,7,0,205,0,0,0,0,0,158,40,7,0,205,0,0,0,205
03/29/2021,CLE,OH,AGL,CE,Combined TRACON& Tower with Radar,173,30,26,0,229,0,2,1,0,3,173,32,27,0,232,0,0,0,232
03/30/2021,CLE,OH,AGL,CE,Combined TRACON& Tower with Radar,154,24,19,0,197,0,6,2,0,8,154,30,21,0,205,0,0,0,205
03/31/2021,CLE,OH,AGL,CE,Combined TRACON& Tower with Radar,161,45,18,3,227,0,4,0,0,4,161,49,18,3,231,0,0,0,231
04/01/2021,CLE,OH,AGL,CE,Combined TRACON& Tower with Radar,177,40,25,1,243,0,0,0,0,0,177,40,25,1,243,0,0,0,243
04/02/2021,CLE,OH,AGL,CE,Combined TRACON& Tower with Radar,184,33,14,0,231,0,5,1,0,6,184,38,15,0,237,0,0,0,237
04/03/2021,CLE,OH,AGL,CE,Combined TRACON& Tower with Radar,170,39,14,0,223,0,0,0,0,0,170,39,14,0,223,0,0,0,223
04/04/2021,CLE,OH,AGL,CE,Combined TRACON& Tower with Radar,171,33,8,0,212,0,0,4,0,4,171,33,12,0,216,0,0,0,216
04/05/2021,CLE,OH,AGL,CE,Combined TRACON& Tower with Radar,175,31,17,0,223,0,0,4,0,4,175,31,21,0,227,0,0,0,227
04/06/2021,CLE,OH,AGL,CE,Combined TRACON& Tower with Radar,157,26,18,1,202,0,0,4,1,5,157,26,22,2,207,0,0,0,207
04/07/2021,CLE,OH,AGL,CE,Combined TRACON& Tower with Radar,172,28,21,0,221,0,0,5,0,5,172,28,26,0,226,0,0,0,226
04/08/2021,CLE,OH,AGL,CE,Combined TRACON& Tower with Radar,185,28,24,0,237,0,6,1,0,7,185,34,25,0,244,0,0,0,244
04/09/2021,CLE,OH,AGL,CE,Combined TRACON& Tower with Radar,183,20,8,3,214,0,4,3,1,8,183,24,11,4,222,0,0,0,222
04/10/2021,CLE,OH,AGL,CE,Combined TRACON& Tower with Radar,173,41,7,0,221,0,0,0,1,1,173,41,7,1,222,0,0,0,222
04/11/2021,CLE,OH,AGL,CE,Combined TRACON& Tower with Radar,157,41,13,1,212,0,2,2,0,4,157,43,15,1,216,0,0,0,216
04/12/2021,CLE,OH,AGL,CE,Combined TRACON& Tower with Radar,170,32,24,0,226,0,2,3,0,5,170,34,27,0,231,0,0,0,231
04/13/2021,CLE,OH,AGL,CE,Combined TRACON& Tower with Radar,149,23,17,0,189,0,1,1,0,2,149,24,18,0,191,0,0,0,191
04/14/2021,CLE,OH,AGL,CE,Combined TRACON& Tower with Radar,148,28,11,1,188,0,3,0,2,5,148,31,11,3,193,0,0,0,193
04/15/2021,CLE,OH,AGL,CE,Combined TRACON& Tower with Radar,181,36,22,0,239,0,2,0,0,2,181,38,22,0,241,0,0,0,241
04/16/2021,CLE,OH,AGL,CE,Combined TRACON& Tower with Radar,183,28,18,0,229,0,4,0,0,4,183,32,18,0,233,0,0,0,233
04/17/2021,CLE,OH,AGL,CE,Combined TRACON& Tower with Radar,156,27,2,0,185,0,2,0,0,2,156,29,2,0,187,0,0,0,187
04/18/2021,CLE,OH,AGL,CE,Combined TRACON& Tower with Radar,166,17,14,0,197,0,0,0,0,0,166,17,14,0,197,0,0,0,197
04/19/2021,CLE,OH,AGL,CE,Combined TRACON& Tower with Radar,169,27,12,0,208,0,4,2,2,8,169,31,14,2,216,0,0,0,216
04/20/2021,CLE,OH,AGL,CE,Combined TRACON& Tower with Radar,147,37,16,0,200,0,6,0,0,6,147,43,16,0,206,0,0,0,206
04/21/2021,CLE,OH,AGL,CE,Combined TRACON& Tower with Radar,148,32,15,0,195,0,0,0,0,0,148,32,15,0,195,0,0,0,195
04/22/2021,CLE,OH,AGL,CE,Combined TRACON& Tower with Radar,180,36,14,0,230,0,0,2,0,2,180,36,16,0,232,0,0,0,232
04/23/2021,CLE,OH,AGL,CE,Combined TRACON& Tower with Radar,185,35,20,1,241,0,7,4,5,16,185,42,24,6,257,0,0,0,257
04/24/2021,CLE,OH,AGL,CE,Combined TRACON& Tower with Radar,151,27,8,0,186,0,2,0,0,2,151,29,8,0,188,0,0,0,188
04/25/2021,CLE,OH,AGL,CE,Combined TRACON& Tower with Radar,161,26,5,0,192,0,3,0,0,3,161,29,5,0,195,0,0,0,195
04/26/2021,CLE,OH,AGL,CE,Combined TRACON& Tower with Radar,173,22,15,0,210,0,7,5,0,12,173,29,20,0,222,0,0,0,222
04/27/2021,CLE,OH,AGL,CE,Combined TRACON& Tower with Radar,153,33,30,0,216,0,7,7,0,14,153,40,37,0,230,0,0,0,230
04/28/2021,CLE,OH,AGL,CE,Combined TRACON& Tower with Radar,149,29,27,2,207,0,7,3,0,10,149,36,30,2,217,0,0,0,217
04/29/2021,CLE,OH,AGL,CE,Combined TRACON& Tower with Radar,185,46,34,0,265,0,0,0,0,0,185,46,34,0,265,0,0,0,265
04/30/2021,CLE,OH,AGL,CE,Combined TRACON& Tower with Radar,180,44,23,0,247,0,3,0,0,3,180,47,23,0,250,0,0,0,250
05/01/2021,CLE,OH,AGL,CE,Combined TRACON& Tower with Radar,157,37,13,0,207,0,3,0,0,3,157,40,13,0,210,0,0,0,210
05/02/2021,CLE,OH,AGL,CE,Combined TRACON& Tower with Radar,165,31,11,0,207,0,0,0,0,0,165,31,11,0,207,0,0,0,207
05/03/2021,CLE,OH,AGL,CE,Combined TRACON& Tower with Radar,175,32,17,0,224,0,0,1,0,1,175,32,18,0,225,0,0,0,225
05/04/2021,CLE,OH,AGL,CE,Combined TRACON& Tower with Radar,144,30,24,8,206,0,3,0,0,3,144,33,24,8,209,0,0,0,209
05/05/2021,CLE,OH,AGL,CE,Combined TRACON& Tower with Radar,150,38,19,0,207,0,0,0,0,0,150,38,19,0,207,0,0,0,207
05/06/2021,CLE,OH,AGL,CE,Combined TRACON& Tower with Radar,194,37,15,0,246,0,0,1,0,1,194,37,16,0,247,0,0,0,247
05/07/2021,CLE,OH,AGL,CE,Combined TRACON& Tower with Radar,198,28,14,0,240,0,2,0,0,2,198,30,14,0,242,0,0,0,242
05/08/2021,CLE,OH,AGL,CE,Combined TRACON& Tower with Radar,166,27,9,0,202,0,2,0,0,2,166,29,9,0,204,0,0,0,204
05/09/2021,CLE,OH,AGL,CE,Combined TRACON& Tower with Radar,182,31,8,1,222,0,0,0,0,0,182,31,8,1,222,0,0,0,222
05/10/2021,CLE,OH,AGL,CE,Combined TRACON& Tower with Radar,185,25,16,1,227,0,2,1,0,3,185,27,17,1,230,0,0,0,230
05/11/2021,CLE,OH,AGL,CE,Combined TRACON& Tower with Radar,159,31,15,2,207,0,0,3,0,3,159,31,18,2,210,0,0,0,210
05/12/2021,CLE,OH,AGL,CE,Combined TRACON& Tower with Radar,163,33,20,2,218,0,0,1,0,1,163,33,21,2,219,0,0,0,219
05/13/2021,CLE,OH,AGL,CE,Combined TRACON& Tower with Radar,198,28,20,0,246,0,4,2,2,8,198,32,22,2,254,0,0,0,254
05/14/2021,CLE,OH,AGL,CE,Combined TRACON& Tower with Radar,197,31,18,0,246,0,4,2,0,6,197,35,20,0,252,0,0,0,252
05/15/2021,CLE,OH,AGL,CE,Combined TRACON& Tower with Radar,168,23,6,0,197,0,3,3,0,6,168,26,9,0,203,0,0,0,203
05/16/2021,CLE,OH,AGL,CE,Combined TRACON& Tower with Radar,181,28,13,0,222,0,0,2,0,2,181,28,15,0,224,0,0,0,224
05/17/2021,CLE,OH,AGL,CE,Combined TRACON& Tower with Radar,191,31,13,0,235,0,4,3,0,7,191,35,16,0,242,0,0,0,242
05/18/2021,CLE,OH,AGL,CE,Combined TRACON& Tower with Radar,168,34,13,2,217,0,0,7,0,7,168,34,20,2,224,0,0,0,224
05/19/2021,CLE,OH,AGL,CE,Combined TRACON& Tower with Radar,167,40,15,0,222,0,2,4,0,6,167,42,19,0,228,0,0,0,228
05/20/2021,CLE,OH,AGL,CE,Combined TRACON& Tower with Radar,199,35,31,14,279,0,1,1,1,3,199,36,32,15,282,0,0,0,282
05/21/2021,CLE,OH,AGL,CE,Combined TRACON& Tower with Radar,201,30,17,0,248,0,3,0,0,3,201,33,17,0,251,0,0,0,251
05/22/2021,CLE,OH,AGL,CE,Combined TRACON& Tower with Radar,167,21,7,0,195,0,4,0,0,4,167,25,7,0,199,0,0,0,199
05/23/2021,CLE,OH,AGL,CE,Combined TRACON& Tower with Radar,189,28,12,0,229,0,0,0,0,0,189,28,12,0,229,0,0,0,229
05/24/2021,CLE,OH,AGL,CE,Combined TRACON& Tower with Radar,197,21,18,2,238,0,0,2,1,3,197,21,20,3,241,0,0,0,241
05/25/2021,CLE,OH,AGL,CE,Combined TRACON& Tower with Radar,169,27,23,0,219,0,0,1,1,2,169,27,24,1,221,0,0,0,221
05/26/2021,CLE,OH,AGL,CE,Combined TRACON& Tower with Radar,163,33,24,2,222,0,0,0,0,0,163,33,24,2,222,0,0,0,222
05/27/2021,CLE,OH,AGL,CE,Combined TRACON& Tower with Radar,198,39,20,5,262,0,1,4,0,5,198,40,24,5,267,0,0,0,267
05/28/2021,CLE,OH,AGL,CE,Combined TRACON& Tower with Radar,209,32,25,3,269,0,1,2,0,3,209,33,27,3,272,0,0,0,272
05/29/2021,CLE,OH,AGL,CE,Combined TRACON& Tower with Radar,166,21,15,0,202,0,0,0,0,0,166,21,15,0,202,0,0,0,202
05/30/2021,CLE,OH,AGL,CE,Combined TRACON& Tower with Radar,169,27,7,0,203,0,5,0,0,5,169,32,7,0,208,0,0,0,208
05/31/2021,CLE,OH,AGL,CE,Combined TRACON& Tower with Radar,192,31,11,0,234,0,6,1,2,9,192,37,12,2,243,0,0,0,243
06/01/2021,CLE,OH,AGL,CE,Combined TRACON& Tower with Radar,166,32,22,0,220,0,1,4,0,5,166,33,26,0,225,0,0,0,225
06/02/2021,CLE,OH,AGL,CE,Combined TRACON& Tower with Radar,177,41,11,3,232,0,2,0,0,2,177,43,11,3,234,0,0,0,234
06/03/2021,CLE,OH,AGL,CE,Combined TRACON& Tower with Radar,204,38,16,0,258,0,2,0,0,2,204,40,16,0,260,0,0,0,260
06/04/2021,CLE,OH,AGL,CE,Combined TRACON& Tower with Radar,223,38,15,1,277,0,0,1,0,1,223,38,16,1,278,0,0,0,278
06/05/2021,CLE,OH,AGL,CE,Combined TRACON& Tower with Radar,209,38,5,0,252,0,0,0,0,0,209,38,5,0,252,0,0,0,252
06/06/2021,CLE,OH,AGL,CE,Combined TRACON& Tower with Radar,224,29,15,0,268,0,2,7,1,10,224,31,22,1,278,0,0,0,278
06/07/2021,CLE,OH,AGL,CE,Combined TRACON& Tower with Radar,225,28,17,1,271,0,0,2,0,2,225,28,19,1,273,0,0,0,273
06/08/2021,CLE,OH,AGL,CE,Combined TRACON& Tower with Radar,199,30,18,0,247,0,0,4,0,4,199,30,22,0,251,0,0,0,251
06/09/2021,CLE,OH,AGL,CE,Combined TRACON& Tower with Radar,201,41,19,2,263,0,1,0,0,1,201,42,19,2,264,0,0,0,264
06/10/2021,CLE,OH,AGL,CE,Combined TRACON& Tower with Radar,233,49,16,1,299,0,3,0,0,3,233,52,16,1,302,0,0,0,302
06/11/2021,CLE,OH,AGL,CE,Combined TRACON& Tower with Radar,235,38,17,0,290,0,0,1,2,3,235,38,18,2,293,0,0,0,293
06/12/2021,CLE,OH,AGL,CE,Combined TRACON& Tower with Radar,202,40,17,2,261,0,0,3,0,3,202,40,20,2,264,0,0,0,264
06/13/2021,CLE,OH,AGL,CE,Combined TRACON& Tower with Radar,227,43,8,0,278,0,0,4,0,4,227,43,12,0,282,0,0,0,282
06/14/2021,CLE,OH,AGL,CE,Combined TRACON& Tower with Radar,226,32,18,0,276,0,0,0,0,0,226,32,18,0,276,0,0,0,276
06/15/2021,CLE,OH,AGL,CE,Combined TRACON& Tower with Radar,204,24,18,0,246,0,0,7,0,7,204,24,25,0,253,0,0,0,253
06/16/2021,CLE,OH,AGL,CE,Combined TRACON& Tower with Radar,199,36,17,0,252,0,0,3,2,5,199,36,20,2,257,0,0,0,257
06/17/2021,CLE,OH,AGL,CE,Combined TRACON& Tower with Radar,231,36,24,0,291,0,0,0,0,0,231,36,24,0,291,0,0,0,291
06/18/2021,CLE,OH,AGL,CE,Combined TRACON& Tower with Radar,228,29,24,0,281,0,0,2,0,2,228,29,26,0,283,0,0,0,283
06/19/2021,CLE,OH,AGL,CE,Combined TRACON& Tower with Radar,215,25,7,0,247,0,0,0,0,0,215,25,7,0,247,0,0,0,247
06/20/2021,CLE,OH,AGL,CE,Combined TRACON& Tower with Radar,228,30,3,0,261,0,0,0,0,0,228,30,3,0,261,0,0,0,261
06/21/2021,CLE,OH,AGL,CE,Combined TRACON& Tower with Radar,218,31,6,0,255,0,0,0,0,0,218,31,6,0,255,0,0,0,255
06/22/2021,CLE,OH,AGL,CE,Combined TRACON& Tower with Radar,203,34,19,2,258,0,1,2,0,3,203,35,21,2,261,0,0,0,261
06/23/2021,CLE,OH,AGL,CE,Combined TRACON& Tower with Radar,203,37,28,0,268,0,2,1,0,3,203,39,29,0,271,0,0,0,271
06/24/2021,CLE,OH,AGL,CE,Combined TRACON& Tower with Radar,226,30,35,1,292,0,2,3,0,5,226,32,38,1,297,0,0,0,297
06/25/2021,CLE,OH,AGL,CE,Combined TRACON& Tower with Radar,231,28,21,0,280,0,0,0,0,0,231,28,21,0,280,0,0,0,280
06/26/2021,CLE,OH,AGL,CE,Combined TRACON& Tower with Radar,195,29,11,0,235,0,2,0,0,2,195,31,11,0,237,0,0,0,237
06/27/2021,CLE,OH,AGL,CE,Combined TRACON& Tower with Radar,238,35,12,0,285,0,4,0,0,4,238,39,12,0,289,0,0,0,289
06/28/2021,CLE,OH,AGL,CE,Combined TRACON& Tower with Radar,222,22,16,8,268,0,2,3,0,5,222,24,19,8,273,0,0,0,273
06/29/2021,CLE,OH,AGL,CE,Combined TRACON& Tower with Radar,201,29,25,2,257,0,0,0,0,0,201,29,25,2,257,0,0,0,257
06/30/2021,CLE,OH,AGL,CE,Combined TRACON& Tower with Radar,208,34,16,0,258,0,0,0,0,0,208,34,16,0,258,0,0,0,258
07/01/2021,CLE,OH,AGL,CE,Combined TRACON& Tower with Radar,228,38,19,2,287,0,2,2,0,4,228,40,21,2,291,0,0,0,291
07/02/2021,CLE,OH,AGL,CE,Combined TRACON& Tower with Radar,236,33,10,0,279,0,2,0,0,2,236,35,10,0,281,0,0,0,281
07/03/2021,CLE,OH,AGL,CE,Combined TRACON& Tower with Radar,207,27,6,0,240,0,0,2,0,2,207,27,8,0,242,0,0,0,242
07/04/2021,CLE,OH,AGL,CE,Combined TRACON& Tower with Radar,209,22,2,0,233,0,0,0,0,0,209,22,2,0,233,0,0,0,233
07/05/2021,CLE,OH,AGL,CE,Combined TRACON& Tower with Radar,218,27,10,0,255,0,4,0,0,4,218,31,10,0,259,0,0,0,259
07/06/2021,CLE,OH,AGL,CE,Combined TRACON& Tower with Radar,211,33,16,0,260,0,0,2,0,2,211,33,18,0,262,0,0,0,262
07/07/2021,CLE,OH,AGL,CE,Combined TRACON& Tower with Radar,222,40,10,0,272,0,0,1,2,3,222,40,11,2,275,0,0,0,275
07/08/2021,CLE,OH,AGL,CE,Combined TRACON& Tower with Radar,218,43,18,0,279,0,0,1,0,1,218,43,19,0,280,0,0,0,280
07/09/2021,CLE,OH,AGL,CE,Combined TRACON& Tower with Radar,242,35,20,0,297,0,0,3,0,3,242,35,23,0,300,0,0,0,300
07/10/2021,CLE,OH,AGL,CE,Combined TRACON& Tower with Radar,199,38,13,0,250,0,0,3,0,3,199,38,16,0,253,0,0,0,253
07/11/2021,CLE,OH,AGL,CE,Combined TRACON& Tower with Radar,225,45,11,0,281,0,2,0,0,2,225,47,11,0,283,0,0,0,283
07/12/2021,CLE,OH,AGL,CE,Combined TRACON& Tower with Radar,222,36,12,0,270,0,0,0,0,0,222,36,12,0,270,0,0,0,270
07/13/2021,CLE,OH,AGL,CE,Combined TRACON& Tower with Radar,218,38,14,0,270,0,2,1,0,3,218,40,15,0,273,0,0,0,273
07/14/2021,CLE,OH,AGL,CE,Combined TRACON& Tower with Radar,221,47,14,1,283,0,0,3,1,4,221,47,17,2,287,0,0,0,287
07/15/2021,CLE,OH,AGL,CE,Combined TRACON& Tower with Radar,236,49,16,0,301,0,0,0,0,0,236,49,16,0,301,0,0,0,301
07/16/2021,CLE,OH,AGL,CE,Combined TRACON& Tower with Radar,238,35,19,0,292,0,0,0,0,0,238,35,19,0,292,0,0,0,292
07/17/2021,CLE,OH,AGL,CE,Combined TRACON& Tower with Radar,200,31,9,0,240,0,0,1,0,1,200,31,10,0,241,0,0,0,241
07/18/2021,CLE,OH,AGL,CE,Combined TRACON& Tower with Radar,230,46,18,2,296,0,0,1,0,1,230,46,19,2,297,0,0,0,297
07/19/2021,CLE,OH,AGL,CE,Combined TRACON& Tower with Radar,229,47,22,0,298,0,0,2,0,2,229,47,24,0,300,0,0,0,300
07/20/2021,CLE,OH,AGL,CE,Combined TRACON& Tower with Radar,228,47,17,0,292,0,0,4,0,4,228,47,21,0,296,0,0,0,296
07/21/2021,CLE,OH,AGL,CE,Combined TRACON& Tower with Radar,222,52,20,0,294,0,2,2,0,4,222,54,22,0,298,0,0,0,298
07/22/2021,CLE,OH,AGL,CE,Combined TRACON& Tower with Radar,233,49,23,1,306,0,0,1,0,1,233,49,24,1,307,0,0,0,307
07/23/2021,CLE,OH,AGL,CE,Combined TRACON& Tower with Radar,242,51,25,4,322,0,1,1,0,2,242,52,26,4,324,0,0,0,324
07/24/2021,CLE,OH,AGL,CE,Combined TRACON& Tower with Radar,206,41,6,1,254,0,0,3,0,3,206,41,9,1,257,0,0,0,257
07/25/2021,CLE,OH,AGL,CE,Combined TRACON& Tower with Radar,238,43,14,0,295,0,0,0,0,0,238,43,14,0,295,0,0,0,295
07/26/2021,CLE,OH,AGL,CE,Combined TRACON& Tower with Radar,223,47,12,0,282,0,2,7,0,9,223,49,19,0,291,0,0,0,291
07/27/2021,CLE,OH,AGL,CE,Combined TRACON& Tower with Radar,224,41,17,0,282,0,2,4,0,6,224,43,21,0,288,0,0,0,288
07/28/2021,CLE,OH,AGL,CE,Combined TRACON& Tower with Radar,223,46,29,0,298,0,4,1,0,5,223,50,30,0,303,0,0,0,303
07/29/2021,CLE,OH,AGL,CE,Combined TRACON& Tower with Radar,239,46,25,0,310,0,2,0,0,2,239,48,25,0,312,0,0,0,312
07/30/2021,CLE,OH,AGL,CE,Combined TRACON& Tower with Radar,235,50,26,0,311,0,0,2,0,2,235,50,28,0,313,0,0,0,313
07/31/2021,CLE,OH,AGL,CE,Combined TRACON& Tower with Radar,217,49,8,0,274,0,2,0,0,2,217,51,8,0,276,0,0,0,276
08/01/2021,CLE,OH,AGL,CE,Combined TRACON& Tower with Radar,231,44,16,0,291,0,2,0,0,2,231,46,16,0,293,0,0,0,293
08/02/2021,CLE,OH,AGL,CE,Combined TRACON& Tower with Radar,207,25,30,0,262,0,2,0,0,2,207,27,30,0,264,0,0,0,264
08/03/2021,CLE,OH,AGL,CE,Combined TRACON& Tower with Radar,191,33,24,0,248,0,2,4,0,6,191,35,28,0,254,0,0,0,254
08/04/2021,CLE,OH,AGL,CE,Combined TRACON& Tower with Radar,207,38,27,0,272,0,2,3,1,6,207,40,30,1,278,0,0,0,278
08/05/2021,CLE,OH,AGL,CE,Combined TRACON& Tower with Radar,228,42,24,0,294,0,4,4,0,8,228,46,28,0,302,0,0,0,302
08/06/2021,CLE,OH,AGL,CE,Combined TRACON& Tower with Radar,233,33,19,0,285,0,6,0,0,6,233,39,19,0,291,0,0,0,291
08/07/2021,CLE,OH,AGL,CE,Combined TRACON& Tower with Radar,203,27,6,0,236,0,0,0,0,0,203,27,6,0,236,0,0,0,236
08/08/2021,CLE,OH,AGL,CE,Combined TRACON& Tower with Radar,228,43,16,0,287,0,0,2,0,2,228,43,18,0,289,0,0,0,289
08/09/2021,CLE,OH,AGL,CE,Combined TRACON& Tower with Radar,235,41,22,0,298,0,0,2,0,2,235,41,24,0,300,0,0,0,300
08/10/2021,CLE,OH,AGL,CE,Combined TRACON& Tower with Radar,211,35,30,0,276,0,0,0,0,0,211,35,30,0,276,0,0,0,276
08/11/2021,CLE,OH,AGL,CE,Combined TRACON& Tower with Radar,207,39,24,0,270,0,0,3,1,4,207,39,27,1,274,0,0,0,274
08/12/2021,CLE,OH,AGL,CE,Combined TRACON& Tower with Radar,239,51,33,0,323,0,0,4,0,4,239,51,37,0,327,0,0,0,327
08/13/2021,CLE,OH,AGL,CE,Combined TRACON& Tower with Radar,252,46,26,0,324,0,0,2,2,4,252,46,28,2,328,0,0,0,328
08/14/2021,CLE,OH,AGL,CE,Combined TRACON& Tower with Radar,202,31,5,0,238,0,4,4,0,8,202,35,9,0,246,0,0,0,246
08/15/2021,CLE,OH,AGL,CE,Combined TRACON& Tower with Radar,242,31,10,0,283,0,2,2,0,4,242,33,12,0,287,0,0,0,287
08/16/2021,CLE,OH,AGL,CE,Combined TRACON& Tower with Radar,225,30,29,1,285,0,1,0,0,1,225,31,29,1,286,0,0,0,286
08/17/2021,CLE,OH,AGL,CE,Combined TRACON& Tower with Radar,202,47,32,0,281,0,0,0,0,0,202,47,32,0,281,0,0,0,281
08/18/2021,CLE,OH,AGL,CE,Combined TRACON& Tower with Radar,202,46,26,1,275,0,2,0,0,2,202,48,26,1,277,0,0,0,277
08/19/2021,CLE,OH,AGL,CE,Combined TRACON& Tower with Radar,234,34,20,0,288,0,4,1,0,5,234,38,21,0,293,0,0,0,293
08/20/2021,CLE,OH,AGL,CE,Combined TRACON& Tower with Radar,223,35,15,0,273,0,4,3,0,7,223,39,18,0,280,0,0,0,280
08/21/2021,CLE,OH,AGL,CE,Combined TRACON& Tower with Radar,204,35,11,0,250,0,2,2,0,4,204,37,13,0,254,0,0,0,254
08/22/2021,CLE,OH,AGL,CE,Combined TRACON& Tower with Radar,229,28,8,0,265,0,4,0,0,4,229,32,8,0,269,0,0,0,269
08/23/2021,CLE,OH,AGL,CE,Combined TRACON& Tower with Radar,217,37,22,0,276,0,0,4,0,4,217,37,26,0,280,0,0,0,280
08/24/2021,CLE,OH,AGL,CE,Combined TRACON& Tower with Radar,195,50,20,2,267,0,0,1,0,1,195,50,21,2,268,0,0,0,268
08/25/2021,CLE,OH,AGL,CE,Combined TRACON& Tower with Radar,193,43,15,0,251,0,0,5,0,5,193,43,20,0,256,0,0,0,256
08/26/2021,CLE,OH,AGL,CE,Combined TRACON& Tower with Radar,234,45,34,0,313,0,2,1,0,3,234,47,35,0,316,0,0,0,316
08/27/2021,CLE,OH,AGL,CE,Combined TRACON& Tower with Radar,236,40,18,0,294,0,0,1,0,1,236,40,19,0,295,0,0,0,295
08/28/2021,CLE,OH,AGL,CE,Combined TRACON& Tower with Radar,215,37,7,0,259,0,1,0,0,1,215,38,7,0,260,0,0,0,260
08/29/2021,CLE,OH,AGL,CE,Combined TRACON& Tower with Radar,213,43,16,0,272,0,1,2,0,3,213,44,18,0,275,0,0,0,275
08/30/2021,CLE,OH,AGL,CE,Combined TRACON& Tower with Radar,227,48,23,3,301,0,2,2,0,4,227,50,25,3,305,0,0,0,305
08/31/2021,CLE,OH,AGL,CE,Combined TRACON& Tower with Radar,200,42,16,0,258,0,4,3,0,7,200,46,19,0,265,0,0,0,265
09/01/2021,CLE,OH,AGL,CE,Combined TRACON& Tower with Radar,195,56,19,0,270,0,0,5,0,5,195,56,24,0,275,0,0,0,275
09/02/2021,CLE,OH,AGL,CE,Combined TRACON& Tower with Radar,225,64,20,4,313,0,2,3,0,5,225,66,23,4,318,0,0,0,318
09/03/2021,CLE,OH,AGL,CE,Combined TRACON& Tower with Radar,217,49,15,3,284,0,2,1,4,7,217,51,16,7,291,0,0,0,291
09/04/2021,CLE,OH,AGL,CE,Combined TRACON& Tower with Radar,211,32,17,0,260,0,0,1,2,3,211,32,18,2,263,0,0,0,263
09/05/2021,CLE,OH,AGL,CE,Combined TRACON& Tower with Radar,205,33,13,0,251,0,2,0,2,4,205,35,13,2,255,0,0,0,255
09/06/2021,CLE,OH,AGL,CE,Combined TRACON& Tower with Radar,193,46,21,0,260,0,2,4,2,8,193,48,25,2,268,0,0,0,268
09/07/2021,CLE,OH,AGL,CE,Combined TRACON& Tower with Radar,183,35,26,0,244,0,4,0,0,4,183,39,26,0,248,0,0,0,248
09/08/2021,CLE,OH,AGL,CE,Combined TRACON& Tower with Radar,208,53,19,1,281,0,0,0,0,0,208,53,19,1,281,0,0,0,281
09/09/2021,CLE,OH,AGL,CE,Combined TRACON& Tower with Radar,233,38,31,5,307,0,2,2,0,4,233,40,33,5,311,0,0,0,311
09/10/2021,CLE,OH,AGL,CE,Combined TRACON& Tower with Radar,232,28,14,0,274,0,0,2,0,2,232,28,16,0,276,0,0,0,276
09/11/2021,CLE,OH,AGL,CE,Combined TRACON& Tower with Radar,198,36,13,0,247,0,0,0,0,0,198,36,13,0,247,0,0,0,247
09/12/2021,CLE,OH,AGL,CE,Combined TRACON& Tower with Radar,222,39,24,0,285,0,0,0,0,0,222,39,24,0,285,0,0,0,285
09/13/2021,CLE,OH,AGL,CE,Combined TRACON& Tower with Radar,231,34,17,0,282,0,2,2,0,4,231,36,19,0,286,0,0,0,286
09/14/2021,CLE,OH,AGL,CE,Combined TRACON& Tower with Radar,209,45,18,0,272,0,4,2,0,6,209,49,20,0,278,0,0,0,278
09/15/2021,CLE,OH,AGL,CE,Combined TRACON& Tower with Radar,214,43,26,0,283,0,0,0,0,0,214,43,26,0,283,0,0,0,283
09/16/2021,CLE,OH,AGL,CE,Combined TRACON& Tower with Radar,243,40,20,0,303,0,2,5,0,7,243,42,25,0,310,0,0,0,310
09/17/2021,CLE,OH,AGL,CE,Combined TRACON& Tower with Radar,234,35,13,0,282,0,0,2,0,2,234,35,15,0,284,0,0,0,284
09/18/2021,CLE,OH,AGL,CE,Combined TRACON& Tower with Radar,206,23,18,0,247,0,2,2,0,4,206,25,20,0,251,0,0,0,251
09/19/2021,CLE,OH,AGL,CE,Combined TRACON& Tower with Radar,230,38,11,0,279,0,0,0,0,0,230,38,11,0,279,0,0,0,279
09/20/2021,CLE,OH,AGL,CE,Combined TRACON& Tower with Radar,231,33,24,0,288,0,4,1,0,5,231,37,25,0,293,0,0,0,293
09/21/2021,CLE,OH,AGL,CE,Combined TRACON& Tower with Radar,211,35,20,0,266,0,0,0,0,0,211,35,20,0,266,0,0,0,266
09/22/2021,CLE,OH,AGL,CE,Combined TRACON& Tower with Radar,227,39,27,0,293,0,0,0,0,0,227,39,27,0,293,0,0,0,293
09/23/2021,CLE,OH,AGL,CE,Combined TRACON& Tower with Radar,231,39,35,0,305,0,2,2,0,4,231,41,37,0,309,0,0,0,309
09/24/2021,CLE,OH,AGL,CE,Combined TRACON& Tower with Radar,242,52,20,0,314,0,4,5,0,9,242,56,25,0,323,0,0,0,323
09/25/2021,CLE,OH,AGL,CE,Combined TRACON& Tower with Radar,203,30,18,0,251,0,2,4,0,6,203,32,22,0,257,0,0,0,257
09/26/2021,CLE,OH,AGL,CE,Combined TRACON& Tower with Radar,234,34,28,0,296,0,0,0,0,0,234,34,28,0,296,0,0,0,296
09/27/2021,CLE,OH,AGL,CE,Combined TRACON& Tower with Radar,233,45,23,0,301,0,4,4,0,8,233,49,27,0,309,0,0,0,309
09/28/2021,CLE,OH,AGL,CE,Combined TRACON& Tower with Radar,214,46,21,0,281,0,0,2,0,2,214,46,23,0,283,0,0,0,283
09/29/2021,CLE,OH,AGL,CE,Combined TRACON& Tower with Radar,216,44,26,0,286,0,10,14,0,24,216,54,40,0,310,0,0,0,310
09/30/2021,CLE,OH,AGL,CE,Combined TRACON& Tower with Radar,245,40,19,0,304,0,0,5,0,5,245,40,24,0,309,0,0,0,309
10/01/2021,CLE,OH,AGL,CE,Combined TRACON& Tower with Radar,227,42,28,0,297,0,0,5,0,5,227,42,33,0,302,0,0,0,302
10/02/2021,CLE,OH,AGL,CE,Combined TRACON& Tower with Radar,204,25,3,2,234,0,5,1,1,7,204,30,4,3,241,0,0,0,241
10/03/2021,CLE,OH,AGL,CE,Combined TRACON& Tower with Radar,229,32,20,0,281,0,5,0,0,5,229,37,20,0,286,0,0,0,286
10/04/2021,CLE,OH,AGL,CE,Combined TRACON& Tower with Radar,229,35,19,0,283,0,0,0,0,0,229,35,19,0,283,0,0,0,283
10/05/2021,CLE,OH,AGL,CE,Combined TRACON& Tower with Radar,214,43,17,0,274,0,2,1,0,3,214,45,18,0,277,0,0,0,277
10/06/2021,CLE,OH,AGL,CE,Combined TRACON& Tower with Radar,214,43,24,0,281,0,0,0,0,0,214,43,24,0,281,0,0,0,281
10/07/2021,CLE,OH,AGL,CE,Combined TRACON& Tower with Radar,252,38,27,0,317,0,2,3,0,5,252,40,30,0,322,0,0,0,322
10/08/2021,CLE,OH,AGL,CE,Combined TRACON& Tower with Radar,243,57,17,0,317,0,1,1,0,2,243,58,18,0,319,0,0,0,319
10/09/2021,CLE,OH,AGL,CE,Combined TRACON& Tower with Radar,218,25,7,0,250,0,5,5,1,11,218,30,12,1,261,0,0,0,261
10/10/2021,CLE,OH,AGL,CE,Combined TRACON& Tower with Radar,228,35,19,0,282,0,0,2,0,2,228,35,21,0,284,0,0,0,284
10/11/2021,CLE,OH,AGL,CE,Combined TRACON& Tower with Radar,242,39,18,0,299,0,0,0,0,0,242,39,18,0,299,0,0,0,299
10/12/2021,CLE,OH,AGL,CE,Combined TRACON& Tower with Radar,216,45,16,0,277,0,6,3,0,9,216,51,19,0,286,0,0,0,286
10/13/2021,CLE,OH,AGL,CE,Combined TRACON& Tower with Radar,224,40,15,0,279,0,2,6,0,8,224,42,21,0,287,0,0,0,287
10/14/2021,CLE,OH,AGL,CE,Combined TRACON& Tower with Radar,254,53,16,2,325,0,2,1,0,3,254,55,17,2,328,0,0,0,328
10/15/2021,CLE,OH,AGL,CE,Combined TRACON& Tower with Radar,252,39,27,0,318,0,0,0,0,0,252,39,27,0,318,0,0,0,318
10/16/2021,CLE,OH,AGL,CE,Combined TRACON& Tower with Radar,224,33,7,0,264,0,1,0,0,1,224,34,7,0,265,0,0,0,265
10/17/2021,CLE,OH,AGL,CE,Combined TRACON& Tower with Radar,234,31,26,1,292,0,1,1,0,2,234,32,27,1,294,0,0,0,294
10/18/2021,CLE,OH,AGL,CE,Combined TRACON& Tower with Radar,237,22,25,0,284,0,0,2,0,2,237,22,27,0,286,0,0,0,286
10/19/2021,CLE,OH,AGL,CE,Combined TRACON& Tower with Radar,217,50,17,0,284,0,2,0,0,2,217,52,17,0,286,0,0,0,286
10/20/2021,CLE,OH,AGL,CE,Combined TRACON& Tower with Radar,226,39,22,0,287,0,0,0,0,0,226,39,22,0,287,0,0,0,287
10/21/2021,CLE,OH,AGL,CE,Combined TRACON& Tower with Radar,254,43,27,0,324,0,0,0,0,0,254,43,27,0,324,0,0,0,324
10/22/2021,CLE,OH,AGL,CE,Combined TRACON& Tower with Radar,252,48,25,2,327,0,4,6,0,10,252,52,31,2,337,0,0,0,337
10/23/2021,CLE,OH,AGL,CE,Combined TRACON& Tower with Radar,214,27,7,0,248,0,2,2,0,4,214,29,9,0,252,0,0,0,252
10/24/2021,CLE,OH,AGL,CE,Combined TRACON& Tower with Radar,239,34,20,0,293,0,0,1,0,1,239,34,21,0,294,0,0,0,294
10/25/2021,CLE,OH,AGL,CE,Combined TRACON& Tower with Radar,247,39,18,0,304,0,0,0,0,0,247,39,18,0,304,0,0,0,304
10/26/2021,CLE,OH,AGL,CE,Combined TRACON& Tower with Radar,219,40,34,0,293,0,0,0,0,0,219,40,34,0,293,0,0,0,293
10/27/2021,CLE,OH,AGL,CE,Combined TRACON& Tower with Radar,228,50,30,4,312,0,0,0,0,0,228,50,30,4,312,0,0,0,312
10/28/2021,CLE,OH,AGL,CE,Combined TRACON& Tower with Radar,246,54,34,0,334,0,4,0,0,4,246,58,34,0,338,0,0,0,338
10/29/2021,CLE,OH,AGL,CE,Combined TRACON& Tower with Radar,264,35,25,0,324,0,0,0,0,0,264,35,25,0,324,0,0,0,324
10/30/2021,CLE,OH,AGL,CE,Combined TRACON& Tower with Radar,209,37,11,0,257,0,2,0,0,2,209,39,11,0,259,0,0,0,259
10/31/2021,CLE,OH,AGL,CE,Combined TRACON& Tower with Radar,195,26,16,0,237,0,0,0,0,0,195,26,16,0,237,0,0,0,237
11/01/2021,CLE,OH,AGL,CE,Combined TRACON& Tower with Radar,237,37,18,0,292,0,0,0,0,0,237,37,18,0,292,0,0,0,292
11/02/2021,CLE,OH,AGL,CE,Combined TRACON& Tower with Radar,240,35,21,3,299,0,3,0,0,3,240,38,21,3,302,0,0,0,302
11/03/2021,CLE,OH,AGL,CE,Combined TRACON& Tower with Radar,251,36,18,0,305,0,2,2,0,4,251,38,20,0,309,0,0,0,309
11/04/2021,CLE,OH,AGL,CE,Combined TRACON& Tower with Radar,265,36,27,1,329,0,0,0,0,0,265,36,27,1,329,0,0,0,329
11/05/2021,CLE,OH,AGL,CE,Combined TRACON& Tower with Radar,254,42,22,0,318,0,4,1,0,5,254,46,23,0,323,0,0,0,323
11/06/2021,CLE,OH,AGL,CE,Combined TRACON& Tower with Radar,220,27,8,0,255,0,4,3,0,7,220,31,11,0,262,0,0,0,262
11/07/2021,CLE,OH,AGL,CE,Combined TRACON& Tower with Radar,249,49,15,0,313,0,2,0,0,2,249,51,15,0,315,0,0,0,315
11/08/2021,CLE,OH,AGL,CE,Combined TRACON& Tower with Radar,256,27,22,0,305,0,0,1,0,1,256,27,23,0,306,0,0,0,306
11/09/2021,CLE,OH,AGL,CE,Combined TRACON& Tower with Radar,244,39,17,0,300,0,2,2,0,4,244,41,19,0,304,0,0,0,304
11/10/2021,CLE,OH,AGL,CE,Combined TRACON& Tower with Radar,241,36,26,0,303,0,2,1,0,3,241,38,27,0,306,0,0,0,306
11/11/2021,CLE,OH,AGL,CE,Combined TRACON& Tower with Radar,267,51,30,0,348,0,0,0,0,0,267,51,30,0,348,0,0,0,348
11/12/2021,CLE,OH,AGL,CE,Combined TRACON& Tower with Radar,259,52,15,0,326,0,0,0,0,0,259,52,15,0,326,0,0,0,326
11/13/2021,CLE,OH,AGL,CE,Combined TRACON& Tower with Radar,210,26,6,0,242,0,0,0,0,0,210,26,6,0,242,0,0,0,242
11/14/2021,CLE,OH,AGL,CE,Combined TRACON& Tower with Radar,249,38,9,0,296,0,0,0,0,0,249,38,9,0,296,0,0,0,296
11/15/2021,CLE,OH,AGL,CE,Combined TRACON& Tower with Radar,253,35,15,0,303,0,0,0,0,0,253,35,15,0,303,0,0,0,303
11/16/2021,CLE,OH,AGL,CE,Combined TRACON& Tower with Radar,241,33,6,2,282,0,2,4,0,6,241,35,10,2,288,0,0,0,288
11/17/2021,CLE,OH,AGL,CE,Combined TRACON& Tower with Radar,244,41,13,0,298,0,2,0,0,2,244,43,13,0,300,0,0,0,300
11/18/2021,CLE,OH,AGL,CE,Combined TRACON& Tower with Radar,266,41,22,0,329,0,0,0,0,0,266,41,22,0,329,0,0,0,329
11/19/2021,CLE,OH,AGL,CE,Combined TRACON& Tower with Radar,265,47,20,0,332,0,1,0,0,1,265,48,20,0,333,0,0,0,333
11/20/2021,CLE,OH,AGL,CE,Combined TRACON& Tower with Radar,230,23,14,0,267,0,0,0,0,0,230,23,14,0,267,0,0,0,267
11/21/2021,CLE,OH,AGL,CE,Combined TRACON& Tower with Radar,248,37,16,0,301,0,0,0,0,0,248,37,16,0,301,0,0,0,301
11/22/2021,CLE,OH,AGL,CE,Combined TRACON& Tower with Radar,249,26,11,0,286,0,0,1,0,1,249,26,12,0,287,0,0,0,287
11/23/2021,CLE,OH,AGL,CE,Combined TRACON& Tower with Radar,253,41,13,0,307,0,0,6,0,6,253,41,19,0,313,0,0,0,313
11/24/2021,CLE,OH,AGL,CE,Combined TRACON& Tower with Radar,272,35,16,0,323,0,0,1,0,1,272,35,17,0,324,0,0,0,324
11/25/2021,CLE,OH,AGL,CE,Combined TRACON& Tower with Radar,161,25,3,0,189,0,0,0,0,0,161,25,3,0,189,0,0,0,189
11/26/2021,CLE,OH,AGL,CE,Combined TRACON& Tower with Radar,200,27,12,0,239,0,0,0,0,0,200,27,12,0,239,0,0,0,239
11/27/2021,CLE,OH,AGL,CE,Combined TRACON& Tower with Radar,241,38,8,0,287,0,0,0,0,0,241,38,8,0,287,0,0,0,287
11/28/2021,CLE,OH,AGL,CE,Combined TRACON& Tower with Radar,274,32,18,0,324,0,0,0,0,0,274,32,18,0,324,0,0,0,324
11/29/2021,CLE,OH,AGL,CE,Combined TRACON& Tower with Radar,251,36,20,0,307,0,0,2,0,2,251,36,22,0,309,0,0,0,309
11/30/2021,CLE,OH,AGL,CE,Combined TRACON& Tower with Radar,261,42,13,0,316,0,0,0,0,0,261,42,13,0,316,0,0,0,316
12/01/2021,CLE,OH,AGL,CE,Combined TRACON& Tower with Radar,246,35,24,0,305,0,0,2,0,2,246,35,26,0,307,0,0,0,307
12/02/2021,CLE,OH,AGL,CE,Combined TRACON& Tower with Radar,266,28,25,0,319,0,1,1,0,2,266,29,26,0,321,0,0,0,321
12/03/2021,CLE,OH,AGL,CE,Combined TRACON& Tower with Radar,267,38,10,0,315,0,1,0,0,1,267,39,10,0,316,0,0,0,316
12/04/2021,CLE,OH,AGL,CE,Combined TRACON& Tower with Radar,207,38,8,0,253,0,0,0,0,0,207,38,8,0,253,0,0,0,253
12/05/2021,CLE,OH,AGL,CE,Combined TRACON& Tower with Radar,242,39,22,0,303,0,0,0,0,0,242,39,22,0,303,0,0,0,303
12/06/2021,CLE,OH,AGL,CE,Combined TRACON& Tower with Radar,253,38,18,0,309,0,0,0,0,0,253,38,18,0,309,0,0,0,309
12/07/2021,CLE,OH,AGL,CE,Combined TRACON& Tower with Radar,242,36,15,0,293,0,3,5,0,8,242,39,20,0,301,0,0,0,301
12/08/2021,CLE,OH,AGL,CE,Combined TRACON& Tower with Radar,240,43,29,0,312,0,1,0,0,1,240,44,29,0,313,0,0,0,313
12/09/2021,CLE,OH,AGL,CE,Combined TRACON& Tower with Radar,259,41,20,0,320,0,3,0,0,3,259,44,20,0,323,0,0,0,323
12/10/2021,CLE,OH,AGL,CE,Combined TRACON& Tower with Radar,254,30,24,0,308,0,0,2,0,2,254,30,26,0,310,0,0,0,310
12/11/2021,CLE,OH,AGL,CE,Combined TRACON& Tower with Radar,236,30,5,0,271,0,0,0,0,0,236,30,5,0,271,0,0,0,271
12/12/2021,CLE,OH,AGL,CE,Combined TRACON& Tower with Radar,235,30,15,0,280,0,0,5,0,5,235,30,20,0,285,0,0,0,285
12/13/2021,CLE,OH,AGL,CE,Combined TRACON& Tower with Radar,251,32,26,2,311,0,0,2,0,2,251,32,28,2,313,0,0,0,313
12/14/2021,CLE,OH,AGL,CE,Combined TRACON& Tower with Radar,250,38,20,0,308,0,1,2,0,3,250,39,22,0,311,0,0,0,311
12/15/2021,CLE,OH,AGL,CE,Combined TRACON& Tower with Radar,243,24,16,0,283,0,3,0,0,3,243,27,16,0,286,0,0,0,286
12/16/2021,CLE,OH,AGL,CE,Combined TRACON& Tower with Radar,254,38,22,0,314,0,0,0,0,0,254,38,22,0,314,0,0,0,314
12/17/2021,CLE,OH,AGL,CE,Combined TRACON& Tower with Radar,266,32,20,0,318,0,4,4,0,8,266,36,24,0,326,0,0,0,326
12/18/2021,CLE,OH,AGL,CE,Combined TRACON& Tower with Radar,235,28,23,0,286,0,0,0,0,0,235,28,23,0,286,0,0,0,286
12/19/2021,CLE,OH,AGL,CE,Combined TRACON& Tower with Radar,226,34,11,0,271,0,0,0,0,0,226,34,11,0,271,0,0,0,271
12/20/2021,CLE,OH,AGL,CE,Combined TRACON& Tower with Radar,252,28,17,0,297,0,0,3,0,3,252,28,20,0,300,0,0,0,300
12/21/2021,CLE,OH,AGL,CE,Combined TRACON& Tower with Radar,252,39,4,0,295,0,2,0,0,2,252,41,4,0,297,0,0,0,297
12/22/2021,CLE,OH,AGL,CE,Combined TRACON& Tower with Radar,258,42,20,4,324,0,0,1,0,1,258,42,21,4,325,0,0,0,325
12/23/2021,CLE,OH,AGL,CE,Combined TRACON& Tower with Radar,245,41,10,0,296,0,2,8,0,10,245,43,18,0,306,0,0,0,306
12/24/2021,CLE,OH,AGL,CE,Combined TRACON& Tower with Radar,198,31,6,0,235,0,2,0,0,2,198,33,6,0,237,0,0,0,237
12/25/2021,CLE,OH,AGL,CE,Combined TRACON& Tower with Radar,178,27,3,0,208,0,0,0,0,0,178,27,3,0,208,0,0,0,208
12/26/2021,CLE,OH,AGL,CE,Combined TRACON& Tower with Radar,196,42,12,0,250,1,1,0,0,2,197,43,12,0,252,0,0,0,252
12/27/2021,CLE,OH,AGL,CE,Combined TRACON& Tower with Radar,208,46,11,0,265,0,0,0,0,0,208,46,11,0,265,0,0,0,265
12/28/2021,CLE,OH,AGL,CE,Combined TRACON& Tower with Radar,219,35,11,0,265,0,0,2,0,2,219,35,13,0,267,0,0,0,267
12/29/2021,CLE,OH,AGL,CE,Combined TRACON& Tower with Radar,212,24,13,0,249,0,0,0,0,0,212,24,13,0,249,0,0,0,249
12/30/2021,CLE,OH,AGL,CE,Combined TRACON& Tower with Radar,200,33,12,0,245,0,0,0,0,0,200,33,12,0,245,0,0,0,245
12/31/2021,CLE,OH,AGL,CE,Combined TRACON& Tower with Radar,179,25,8,0,212,0,0,0,0,0,179,25,8,0,212,0,0,0,212
01/01/2022,CLE,OH,AGL,CE,Combined TRACON& Tower with Radar,183,28,14,0,225,0,0,0,0,0,183,28,14,0,225,0,0,0,225
01/02/2022,CLE,OH,AGL,CE,Combined TRACON& Tower with Radar,206,31,11,0,248,0,1,0,0,1,206,32,11,0,249,0,0,0,249
01/03/2022,CLE,OH,AGL,CE,Combined TRACON& Tower with Radar,206,28,14,0,248,0,0,0,0,0,206,28,14,0,248,0,0,0,248
01/04/2022,CLE,OH,AGL,CE,Combined TRACON& Tower with Radar,218,44,12,2,276,0,0,6,0,6,218,44,18,2,282,0,0,0,282
01/05/2022,CLE,OH,AGL,CE,Combined TRACON& Tower with Radar,212,25,19,0,256,0,1,0,0,1,212,26,19,0,257,0,0,0,257
01/06/2022,CLE,OH,AGL,CE,Combined TRACON& Tower with Radar,233,29,10,0,272,0,2,0,0,2,233,31,10,0,274,0,0,0,274
01/07/2022,CLE,OH,AGL,CE,Combined TRACON& Tower with Radar,214,35,15,0,264,0,0,0,0,0,214,35,15,0,264,0,0,0,264
01/08/2022,CLE,OH,AGL,CE,Combined TRACON& Tower with Radar,186,28,10,0,224,0,0,1,0,1,186,28,11,0,225,0,0,0,225
01/09/2022,CLE,OH,AGL,CE,Combined TRACON& Tower with Radar,214,33,5,0,252,0,0,1,0,1,214,33,6,0,253,0,0,0,253
01/10/2022,CLE,OH,AGL,CE,Combined TRACON& Tower with Radar,239,18,11,0,268,0,0,0,0,0,239,18,11,0,268,0,0,0,268
01/11/2022,CLE,OH,AGL,CE,Combined TRACON& Tower with Radar,217,26,13,0,256,0,2,2,0,4,217,28,15,0,260,0,0,0,260
01/12/2022,CLE,OH,AGL,CE,Combined TRACON& Tower with Radar,219,21,13,0,253,0,2,0,0,2,219,23,13,0,255,0,0,0,255
01/13/2022,CLE,OH,AGL,CE,Combined TRACON& Tower with Radar,238,31,7,4,280,0,0,2,0,2,238,31,9,4,282,0,0,0,282
01/14/2022,CLE,OH,AGL,CE,Combined TRACON& Tower with Radar,238,29,16,0,283,0,0,0,0,0,238,29,16,0,283,0,0,0,283
01/15/2022,CLE,OH,AGL,CE,Combined TRACON& Tower with Radar,171,27,6,0,204,0,0,0,0,0,171,27,6,0,204,0,0,0,204
01/16/2022,CLE,OH,AGL,CE,Combined TRACON& Tower with Radar,176,24,9,0,209,0,2,2,0,4,176,26,11,0,213,0,0,0,213
01/17/2022,CLE,OH,AGL,CE,Combined TRACON& Tower with Radar,178,28,13,0,219,0,0,0,0,0,178,28,13,0,219,0,0,0,219
01/18/2022,CLE,OH,AGL,CE,Combined TRACON& Tower with Radar,213,50,19,0,282,0,0,2,0,2,213,50,21,0,284,0,0,0,284
01/19/2022,CLE,OH,AGL,CE,Combined TRACON& Tower with Radar,216,30,22,0,268,0,2,0,0,2,216,32,22,0,270,0,0,0,270
01/20/2022,CLE,OH,AGL,CE,Combined TRACON& Tower with Radar,226,37,16,0,279,0,0,0,0,0,226,37,16,0,279,0,0,0,279
01/21/2022,CLE,OH,AGL,CE,Combined TRACON& Tower with Radar,237,36,11,0,284,0,0,2,0,2,237,36,13,0,286,0,0,0,286
01/22/2022,CLE,OH,AGL,CE,Combined TRACON& Tower with Radar,178,27,9,0,214,0,0,2,0,2,178,27,11,0,216,0,0,0,216
01/23/2022,CLE,OH,AGL,CE,Combined TRACON& Tower with Radar,217,29,15,0,261,0,0,0,0,0,217,29,15,0,261,0,0,0,261
01/24/2022,CLE,OH,AGL,CE,Combined TRACON& Tower with Radar,220,38,25,0,283,0,1,0,0,1,220,39,25,0,284,0,0,0,284
01/25/2022,CLE,OH,AGL,CE,Combined TRACON& Tower with Radar,221,40,17,0,278,0,0,0,0,0,221,40,17,0,278,0,0,0,278
01/26/2022,CLE,OH,AGL,CE,Combined TRACON& Tower with Radar,219,28,14,0,261,0,2,0,0,2,219,30,14,0,263,0,0,0,263
01/27/2022,CLE,OH,AGL,CE,Combined TRACON& Tower with Radar,229,33,15,0,277,0,2,2,0,4,229,35,17,0,281,0,0,0,281
01/28/2022,CLE,OH,AGL,CE,Combined TRACON& Tower with Radar,226,55,24,0,305,0,0,0,0,0,226,55,24,0,305,0,0,0,305
01/29/2022,CLE,OH,AGL,CE,Combined TRACON& Tower with Radar,139,27,11,0,177,0,6,3,0,9,139,33,14,0,186,0,0,0,186
01/30/2022,CLE,OH,AGL,CE,Combined TRACON& Tower with Radar,201,36,11,0,248,0,2,0,0,2,201,38,11,0,250,0,0,0,250
01/31/2022,CLE,OH,AGL,CE,Combined TRACON& Tower with Radar,214,33,19,2,268,0,0,1,0,1,214,33,20,2,269,0,0,0,269
02/01/2022,CLE,OH,AGL,CE,Combined TRACON& Tower with Radar,230,44,20,0,294,0,1,0,0,1,230,45,20,0,295,0,0,0,295
02/02/2022,CLE,OH,AGL,CE,Combined TRACON& Tower with Radar,197,28,26,0,251,0,0,0,0,0,197,28,26,0,251,0,0,0,251
02/03/2022,CLE,OH,AGL,CE,Combined TRACON& Tower with Radar,28,0,2,0,30,0,0,0,0,0,28,0,2,0,30,0,0,0,30
02/04/2022,CLE,OH,AGL,CE,Combined TRACON& Tower with Radar,176,32,16,0,224,0,0,0,0,0,176,32,16,0,224,0,0,0,224
02/05/2022,CLE,OH,AGL,CE,Combined TRACON& Tower with Radar,189,25,16,0,230,0,0,0,0,0,189,25,16,0,230,0,0,0,230
02/06/2022,CLE,OH,AGL,CE,Combined TRACON& Tower with Radar,222,29,12,0,263,0,0,0,0,0,222,29,12,0,263,0,0,0,263
02/07/2022,CLE,OH,AGL,CE,Combined TRACON& Tower with Radar,226,22,18,0,266,0,0,0,0,0,226,22,18,0,266,0,0,0,266
02/08/2022,CLE,OH,AGL,CE,Combined TRACON& Tower with Radar,231,31,24,0,286,0,1,2,0,3,231,32,26,0,289,0,0,0,289
02/09/2022,CLE,OH,AGL,CE,Combined TRACON& Tower with Radar,235,23,26,0,284,0,3,0,0,3,235,26,26,0,287,0,0,0,287
02/10/2022,CLE,OH,AGL,CE,Combined TRACON& Tower with Radar,257,42,26,0,325,0,0,0,0,0,257,42,26,0,325,0,0,0,325
02/11/2022,CLE,OH,AGL,CE,Combined TRACON& Tower with Radar,249,27,18,0,294,0,0,0,0,0,249,27,18,0,294,0,0,0,294
02/12/2022,CLE,OH,AGL,CE,Combined TRACON& Tower with Radar,201,27,7,0,235,0,6,0,0,6,201,33,7,0,241,0,0,0,241
02/13/2022,CLE,OH,AGL,CE,Combined TRACON& Tower with Radar,211,21,8,0,240,0,0,0,0,0,211,21,8,0,240,0,0,0,240
02/14/2022,CLE,OH,AGL,CE,Combined TRACON& Tower with Radar,249,24,17,4,294,0,4,3,0,7,249,28,20,4,301,0,0,0,301
02/15/2022,CLE,OH,AGL,CE,Combined TRACON& Tower with Radar,244,38,13,3,298,0,0,0,0,0,244,38,13,3,298,0,0,0,298
02/16/2022,CLE,OH,AGL,CE,Combined TRACON& Tower with Radar,247,40,6,3,296,0,0,0,0,0,247,40,6,3,296,0,0,0,296
02/17/2022,CLE,OH,AGL,CE,Combined TRACON& Tower with Radar,197,61,46,2,306,0,0,0,0,0,197,61,46,2,306,0,0,0,306
02/18/2022,CLE,OH,AGL,CE,Combined TRACON& Tower with Radar,259,80,61,4,404,0,0,0,0,0,259,80,61,4,404,0,0,0,404
02/19/2022,CLE,OH,AGL,CE,Combined TRACON& Tower with Radar,202,40,43,0,285,0,2,0,0,2,202,42,43,0,287,0,0,0,287
02/20/2022,CLE,OH,AGL,CE,Combined TRACON& Tower with Radar,225,60,49,0,334,0,4,0,0,4,225,64,49,0,338,0,0,0,338
02/21/2022,CLE,OH,AGL,CE,Combined TRACON& Tower with Radar,265,76,53,0,394,0,2,1,0,3,265,78,54,0,397,0,0,0,397
02/22/2022,CLE,OH,AGL,CE,Combined TRACON& Tower with Radar,239,50,33,0,322,0,4,0,0,4,239,54,33,0,326,0,0,0,326
02/23/2022,CLE,OH,AGL,CE,Combined TRACON& Tower with Radar,240,25,31,0,296,0,0,0,0,0,240,25,31,0,296,0,0,0,296
02/24/2022,CLE,OH,AGL,CE,Combined TRACON& Tower with Radar,249,35,19,0,303,0,2,0,0,2,249,37,19,0,305,0,0,0,305
02/25/2022,CLE,OH,AGL,CE,Combined TRACON& Tower with Radar,231,39,16,0,286,0,0,0,0,0,231,39,16,0,286,0,0,0,286
02/26/2022,CLE,OH,AGL,CE,Combined TRACON& Tower with Radar,208,27,9,0,244,0,2,0,0,2,208,29,9,0,246,0,0,0,246
02/27/2022,CLE,OH,AGL,CE,Combined TRACON& Tower with Radar,243,28,23,0,294,0,2,0,0,2,243,30,23,0,296,0,0,0,296
02/28/2022,CLE,OH,AGL,CE,Combined TRACON& Tower with Radar,250,27,27,0,304,0,0,0,0,0,250,27,27,0,304,0,0,0,304
03/01/2022,CLE,OH,AGL,CE,Combined TRACON& Tower with Radar,242,30,27,0,299,0,2,2,0,4,242,32,29,0,303,0,0,0,303
03/02/2022,CLE,OH,AGL,CE,Combined TRACON& Tower with Radar,243,34,21,0,298,0,4,0,0,4,243,38,21,0,302,0,0,0,302
03/03/2022,CLE,OH,AGL,CE,Combined TRACON& Tower with Radar,248,32,31,0,311,0,0,2,0,2,248,32,33,0,313,0,0,0,313
03/04/2022,CLE,OH,AGL,CE,Combined TRACON& Tower with Radar,247,24,21,0,292,0,2,2,0,4,247,26,23,0,296,0,0,0,296
03/05/2022,CLE,OH,AGL,CE,Combined TRACON& Tower with Radar,204,27,2,0,233,0,3,2,0,5,204,30,4,0,238,0,0,0,238
03/06/2022,CLE,OH,AGL,CE,Combined TRACON& Tower with Radar,241,37,7,2,287,0,0,0,0,0,241,37,7,2,287,0,0,0,287
03/07/2022,CLE,OH,AGL,CE,Combined TRACON& Tower with Radar,241,45,26,0,312,1,0,0,0,1,242,45,26,0,313,0,0,0,313
03/08/2022,CLE,OH,AGL,CE,Combined TRACON& Tower with Radar,227,45,16,2,290,0,0,2,0,2,227,45,18,2,292,0,0,0,292
03/09/2022,CLE,OH,AGL,CE,Combined TRACON& Tower with Radar,231,50,21,0,302,0,0,2,0,2,231,50,23,0,304,0,0,0,304
03/10/2022,CLE,OH,AGL,CE,Combined TRACON& Tower with Radar,250,57,19,3,329,0,1,4,0,5,250,58,23,3,334,0,0,0,334
03/11/2022,CLE,OH,AGL,CE,Combined TRACON& Tower with Radar,248,41,24,3,316,0,2,0,0,2,248,43,24,3,318,0,0,0,318
03/12/2022,CLE,OH,AGL,CE,Combined TRACON& Tower with Radar,192,46,12,2,252,0,2,0,0,2,192,48,12,2,254,0,0,0,254
03/13/2022,CLE,OH,AGL,CE,Combined TRACON& Tower with Radar,234,46,17,0,297,0,3,0,0,3,234,49,17,0,300,0,0,0,300
03/14/2022,CLE,OH,AGL,CE,Combined TRACON& Tower with Radar,243,37,22,0,302,0,0,3,0,3,243,37,25,0,305,0,0,0,305
03/15/2022,CLE,OH,AGL,CE,Combined TRACON& Tower with Radar,241,43,28,0,312,0,2,2,0,4,241,45,30,0,316,0,0,0,316
03/16/2022,CLE,OH,AGL,CE,Combined TRACON& Tower with Radar,237,38,14,1,290,0,1,0,0,1,237,39,14,1,291,0,0,0,291
03/17/2022,CLE,OH,AGL,CE,Combined TRACON& Tower with Radar,253,29,20,1,303,0,4,1,1,6,253,33,21,2,309,0,0,0,309
03/18/2022,CLE,OH,AGL,CE,Combined TRACON& Tower with Radar,253,29,12,0,294,0,0,1,0,1,253,29,13,0,295,0,0,0,295
03/19/2022,CLE,OH,AGL,CE,Combined TRACON& Tower with Radar,214,43,19,0,276,0,0,0,0,0,214,43,19,0,276,0,0,0,276
03/20/2022,CLE,OH,AGL,CE,Combined TRACON& Tower with Radar,243,41,14,0,298,0,0,0,0,0,243,41,14,0,298,0,0,0,298
03/21/2022,CLE,OH,AGL,CE,Combined TRACON& Tower with Radar,234,26,13,0,273,0,0,2,0,2,234,26,15,0,275,0,0,0,275
03/22/2022,CLE,OH,AGL,CE,Combined TRACON& Tower with Radar,243,32,29,0,304,0,2,0,0,2,243,34,29,0,306,0,0,0,306
03/23/2022,CLE,OH,AGL,CE,Combined TRACON& Tower with Radar,237,36,20,0,293,0,0,0,0,0,237,36,20,0,293,0,0,0,293
03/24/2022,CLE,OH,AGL,CE,Combined TRACON& Tower with Radar,252,36,25,0,313,0,0,3,0,3,252,36,28,0,316,0,0,0,316
03/25/2022,CLE,OH,AGL,CE,Combined TRACON& Tower with Radar,263,36,22,0,321,0,0,0,0,0,263,36,22,0,321,0,0,0,321
03/26/2022,CLE,OH,AGL,CE,Combined TRACON& Tower with Radar,223,36,15,0,274,0,0,0,0,0,223,36,15,0,274,0,0,0,274
03/27/2022,CLE,OH,AGL,CE,Combined TRACON& Tower with Radar,240,47,7,0,294,0,0,0,0,0,240,47,7,0,294,0,0,0,294
03/28/2022,CLE,OH,AGL,CE,Combined TRACON& Tower with Radar,234,33,9,0,276,0,0,0,0,0,234,33,9,0,276,0,0,0,276
03/29/2022,CLE,OH,AGL,CE,Combined TRACON& Tower with Radar,238,28,18,2,286,0,7,0,0,7,238,35,18,2,293,0,0,0,293
03/30/2022,CLE,OH,AGL,CE,Combined TRACON& Tower with Radar,223,44,28,2,297,0,1,0,0,1,223,45,28,2,298,0,0,0,298
03/31/2022,CLE,OH,AGL,CE,Combined TRACON& Tower with Radar,220,30,19,0,269,0,4,0,0,4,220,34,19,0,273,0,0,0,273
04/01/2022,CLE,OH,AGL,CE,Combined TRACON& Tower with Radar,227,35,18,0,280,0,5,2,0,7,227,40,20,0,287,0,0,0,287
04/02/2022,CLE,OH,AGL,CE,Combined TRACON& Tower with Radar,198,31,15,0,244,0,0,0,0,0,198,31,15,0,244,0,0,0,244
04/03/2022,CLE,OH,AGL,CE,Combined TRACON& Tower with Radar,205,37,19,0,261,0,0,0,0,0,205,37,19,0,261,0,0,0,261
04/04/2022,CLE,OH,AGL,CE,Combined TRACON& Tower with Radar,227,56,18,0,301,0,0,0,0,0,227,56,18,0,301,0,0,0,301
04/05/2022,CLE,OH,AGL,CE,Combined TRACON& Tower with Radar,224,40,24,2,290,0,8,2,0,10,224,48,26,2,300,4,0,4,304
04/06/2022,CLE,OH,AGL,CE,Combined TRACON& Tower with Radar,241,35,18,0,294,0,0,0,0,0,241,35,18,0,294,0,0,0,294
04/07/2022,CLE,OH,AGL,CE,Combined TRACON& Tower with Radar,233,53,23,0,309,0,0,1,0,1,233,53,24,0,310,0,0,0,310
04/08/2022,CLE,OH,AGL,CE,Combined TRACON& Tower with Radar,244,34,13,0,291,0,0,0,0,0,244,34,13,0,291,0,0,0,291
04/09/2022,CLE,OH,AGL,CE,Combined TRACON& Tower with Radar,211,33,6,0,250,0,0,0,0,0,211,33,6,0,250,0,0,0,250
04/10/2022,CLE,OH,AGL,CE,Combined TRACON& Tower with Radar,228,32,11,0,271,0,0,1,0,1,228,32,12,0,272,0,0,0,272
04/11/2022,CLE,OH,AGL,CE,Combined TRACON& Tower with Radar,246,32,18,0,296,0,0,0,0,0,246,32,18,0,296,0,0,0,296
04/12/2022,CLE,OH,AGL,CE,Combined TRACON& Tower with Radar,241,27,17,1,286,0,0,0,1,1,241,27,17,2,287,0,0,0,287
04/13/2022,CLE,OH,AGL,CE,Combined TRACON& Tower with Radar,240,55,25,2,322,0,0,0,0,0,240,55,25,2,322,0,0,0,322
04/14/2022,CLE,OH,AGL,CE,Combined TRACON& Tower with Radar,264,45,26,0,335,0,0,1,0,1,264,45,27,0,336,0,0,0,336
04/15/2022,CLE,OH,AGL,CE,Combined TRACON& Tower with Radar,249,30,13,0,292,0,0,1,1,2,249,30,14,1,294,0,0,0,294
04/16/2022,CLE,OH,AGL,CE,Combined TRACON& Tower with Radar,209,16,3,1,229,0,0,0,0,0,209,16,3,1,229,0,0,0,229
04/17/2022,CLE,OH,AGL,CE,Combined TRACON& Tower with Radar,232,23,11,1,267,0,0,2,0,2,232,23,13,1,269,0,0,0,269
04/18/2022,CLE,OH,AGL,CE,Combined TRACON& Tower with Radar,239,25,18,3,285,0,0,0,0,0,239,25,18,3,285,0,0,0,285
04/19/2022,CLE,OH,AGL,CE,Combined TRACON& Tower with Radar,241,37,23,0,301,0,2,0,0,2,241,39,23,0,303,0,0,0,303
04/20/2022,CLE,OH,AGL,CE,Combined TRACON& Tower with Radar,244,28,19,0,291,0,4,5,0,9,244,32,24,0,300,0,0,0,300
04/21/2022,CLE,OH,AGL,CE,Combined TRACON& Tower with Radar,253,38,7,0,298,0,0,0,0,0,253,38,7,0,298,0,0,0,298
04/22/2022,CLE,OH,AGL,CE,Combined TRACON& Tower with Radar,252,43,7,2,304,0,2,0,0,2,252,45,7,2,306,0,0,0,306
04/23/2022,CLE,OH,AGL,CE,Combined TRACON& Tower with Radar,211,33,6,0,250,0,4,0,0,4,211,37,6,0,254,0,0,0,254
04/24/2022,CLE,OH,AGL,CE,Combined TRACON& Tower with Radar,233,46,18,0,297,0,2,0,0,2,233,48,18,0,299,0,0,0,299
04/25/2022,CLE,OH,AGL,CE,Combined TRACON& Tower with Radar,242,24,20,0,286,0,0,1,0,1,242,24,21,0,287,0,0,0,287
04/26/2022,CLE,OH,AGL,CE,Combined TRACON& Tower with Radar,248,31,44,2,325,0,0,10,0,10,248,31,54,2,335,0,0,0,335
04/27/2022,CLE,OH,AGL,CE,Combined TRACON& Tower with Radar,247,36,26,2,311,0,2,0,0,2,247,38,26,2,313,0,0,0,313
04/28/2022,CLE,OH,AGL,CE,Combined TRACON& Tower with Radar,262,47,34,0,343,0,2,2,0,4,262,49,36,0,347,0,0,0,347
04/29/2022,CLE,OH,AGL,CE,Combined TRACON& Tower with Radar,252,27,20,0,299,0,4,8,0,12,252,31,28,0,311,0,0,0,311
04/30/2022,CLE,OH,AGL,CE,Combined TRACON& Tower with Radar,216,26,6,0,248,0,2,2,0,4,216,28,8,0,252,0,0,0,252
05/01/2022,CLE,OH,AGL,CE,Combined TRACON& Tower with Radar,234,29,9,0,272,0,2,0,0,2,234,31,9,0,274,0,0,0,274
05/02/2022,CLE,OH,AGL,CE,Combined TRACON& Tower with Radar,245,27,21,0,293,0,0,4,0,4,245,27,25,0,297,0,0,0,297
05/03/2022,CLE,OH,AGL,CE,Combined TRACON& Tower with Radar,247,37,16,0,300,0,0,0,0,0,247,37,16,0,300,0,0,0,300
05/04/2022,CLE,OH,AGL,CE,Combined TRACON& Tower with Radar,250,56,27,1,334,0,0,0,0,0,250,56,27,1,334,0,0,0,334
05/05/2022,CLE,OH,AGL,CE,Combined TRACON& Tower with Radar,248,50,27,0,325,0,2,4,0,6,248,52,31,0,331,0,0,0,331
05/06/2022,CLE,OH,AGL,CE,Combined TRACON& Tower with Radar,240,37,11,0,288,0,0,0,0,0,240,37,11,0,288,0,0,0,288
05/07/2022,CLE,OH,AGL,CE,Combined TRACON& Tower with Radar,214,38,9,0,261,0,0,0,0,0,214,38,9,0,261,0,0,0,261
05/08/2022,CLE,OH,AGL,CE,Combined TRACON& Tower with Radar,221,44,13,0,278,0,0,0,0,0,221,44,13,0,278,0,0,0,278
05/09/2022,CLE,OH,AGL,CE,Combined TRACON& Tower with Radar,236,44,22,0,302,0,0,1,0,1,236,44,23,0,303,0,0,0,303
05/10/2022,CLE,OH,AGL,CE,Combined TRACON& Tower with Radar,234,51,24,0,309,0,0,2,1,3,234,51,26,1,312,0,0,0,312
05/11/2022,CLE,OH,AGL,CE,Combined TRACON& Tower with Radar,229,46,19,0,294,0,1,3,0,4,229,47,22,0,298,0,0,0,298
05/12/2022,CLE,OH,AGL,CE,Combined TRACON& Tower with Radar,243,48,20,0,311,1,2,2,0,5,244,50,22,0,316,0,0,0,316
05/13/2022,CLE,OH,AGL,CE,Combined TRACON& Tower with Radar,237,38,14,2,291,0,0,3,0,3,237,38,17,2,294,0,0,0,294
05/14/2022,CLE,OH,AGL,CE,Combined TRACON& Tower with Radar,218,38,8,0,264,0,0,0,0,0,218,38,8,0,264,0,0,0,264
05/15/2022,CLE,OH,AGL,CE,Combined TRACON& Tower with Radar,219,37,11,0,267,0,0,0,0,0,219,37,11,0,267,0,0,0,267
05/16/2022,CLE,OH,AGL,CE,Combined TRACON& Tower with Radar,219,23,13,0,255,0,4,1,0,5,219,27,14,0,260,0,0,0,260
05/17/2022,CLE,OH,AGL,CE,Combined TRACON& Tower with Radar,220,33,27,0,280,0,0,2,0,2,220,33,29,0,282,0,0,0,282
05/18/2022,CLE,OH,AGL,CE,Combined TRACON& Tower with Radar,230,34,23,0,287,0,4,0,0,4,230,38,23,0,291,0,0,0,291
05/19/2022,CLE,OH,AGL,CE,Combined TRACON& Tower with Radar,239,47,30,0,316,0,0,2,0,2,239,47,32,0,318,0,0,0,318
05/20/2022,CLE,OH,AGL,CE,Combined TRACON& Tower with Radar,223,32,19,0,274,0,0,0,0,0,223,32,19,0,274,0,0,0,274
05/21/2022,CLE,OH,AGL,CE,Combined TRACON& Tower with Radar,208,19,6,0,233,0,0,1,0,1,208,19,7,0,234,0,0,0,234
05/22/2022,CLE,OH,AGL,CE,Combined TRACON& Tower with Radar,209,36,19,0,264,0,1,0,0,1,209,37,19,0,265,0,0,0,265
05/23/2022,CLE,OH,AGL,CE,Combined TRACON& Tower with Radar,230,39,19,0,288,0,0,0,0,0,230,39,19,0,288,0,0,0,288
05/24/2022,CLE,OH,AGL,CE,Combined TRACON& Tower with Radar,227,34,26,0,287,0,2,5,0,7,227,36,31,0,294,0,0,0,294
05/25/2022,CLE,OH,AGL,CE,Combined TRACON& Tower with Radar,234,54,27,0,315,0,1,1,1,3,234,55,28,1,318,0,0,0,318
05/26/2022,CLE,OH,AGL,CE,Combined TRACON& Tower with Radar,248,48,31,0,327,0,0,0,0,0,248,48,31,0,327,0,0,0,327
05/27/2022,CLE,OH,AGL,CE,Combined TRACON& Tower with Radar,242,29,18,0,289,0,2,0,0,2,242,31,18,0,291,0,0,0,291
05/28/2022,CLE,OH,AGL,CE,Combined TRACON& Tower with Radar,203,19,4,0,226,0,2,0,0,2,203,21,4,0,228,0,0,0,228
05/29/2022,CLE,OH,AGL,CE,Combined TRACON& Tower with Radar,211,18,10,0,239,0,0,2,0,2,211,18,12,0,241,0,0,0,241
05/30/2022,CLE,OH,AGL,CE,Combined TRACON& Tower with Radar,231,30,10,0,271,0,0,3,2,5,231,30,13,2,276,0,0,0,276
05/31/2022,CLE,OH,AGL,CE,Combined TRACON& Tower with Radar,226,38,21,0,285,0,0,0,0,0,226,38,21,0,285,0,0,0,285
06/01/2022,CLE,OH,AGL,CE,Combined TRACON& Tower with Radar,220,47,20,2,289,0,0,2,0,2,220,47,22,2,291,0,0,0,291
06/02/2022,CLE,OH,AGL,CE,Combined TRACON& Tower with Radar,225,43,29,6,303,0,2,0,0,2,225,45,29,6,305,0,0,0,305
06/03/2022,CLE,OH,AGL,CE,Combined TRACON& Tower with Radar,233,38,17,0,288,0,0,0,0,0,233,38,17,0,288,0,0,0,288
06/04/2022,CLE,OH,AGL,CE,Combined TRACON& Tower with Radar,199,20,12,0,231,0,4,2,0,6,199,24,14,0,237,0,0,0,237
06/05/2022,CLE,OH,AGL,CE,Combined TRACON& Tower with Radar,228,44,7,0,279,0,4,0,0,4,228,48,7,0,283,0,0,0,283
06/06/2022,CLE,OH,AGL,CE,Combined TRACON& Tower with Radar,227,30,23,0,280,0,0,3,0,3,227,30,26,0,283,0,0,0,283
06/07/2022,CLE,OH,AGL,CE,Combined TRACON& Tower with Radar,247,29,16,0,292,0,0,0,0,0,247,29,16,0,292,0,0,0,292
06/08/2022,CLE,OH,AGL,CE,Combined TRACON& Tower with Radar,239,27,19,0,285,0,0,0,0,0,239,27,19,0,285,0,0,0,285
06/09/2022,CLE,OH,AGL,CE,Combined TRACON& Tower with Radar,249,37,26,2,314,0,0,7,0,7,249,37,33,2,321,0,0,0,321
06/10/2022,CLE,OH,AGL,CE,Combined TRACON& Tower with Radar,240,32,11,2,285,0,0,6,0,6,240,32,17,2,291,0,0,0,291
06/11/2022,CLE,OH,AGL,CE,Combined TRACON& Tower with Radar,194,32,17,0,243,0,4,0,0,4,194,36,17,0,247,0,0,0,247
06/12/2022,CLE,OH,AGL,CE,Combined TRACON& Tower with Radar,213,32,8,0,253,0,2,2,0,4,213,34,10,0,257,0,0,0,257
06/13/2022,CLE,OH,AGL,CE,Combined TRACON& Tower with Radar,236,32,23,0,291,0,0,2,0,2,236,32,25,0,293,0,0,0,293
06/14/2022,CLE,OH,AGL,CE,Combined TRACON& Tower with Radar,246,37,20,4,307,0,0,0,0,0,246,37,20,4,307,0,0,0,307
06/15/2022,CLE,OH,AGL,CE,Combined TRACON& Tower with Radar,240,33,24,0,297,0,0,0,0,0,240,33,24,0,297,0,0,0,297
06/16/2022,CLE,OH,AGL,CE,Combined TRACON& Tower with Radar,238,48,31,0,317,0,0,3,0,3,238,48,34,0,320,0,0,0,320
06/17/2022,CLE,OH,AGL,CE,Combined TRACON& Tower with Radar,227,42,18,0,287,0,0,2,0,2,227,42,20,0,289,0,0,0,289
06/18/2022,CLE,OH,AGL,CE,Combined TRACON& Tower with Radar,197,34,5,0,236,0,3,1,0,4,197,37,6,0,240,0,0,0,240
06/19/2022,CLE,OH,AGL,CE,Combined TRACON& Tower with Radar,219,42,12,0,273,0,4,2,0,6,219,46,14,0,279,0,0,0,279
06/20/2022,CLE,OH,AGL,CE,Combined TRACON& Tower with Radar,234,32,21,0,287,0,6,0,0,6,234,38,21,0,293,0,0,0,293
06/21/2022,CLE,OH,AGL,CE,Combined TRACON& Tower with Radar,244,34,19,0,297,0,4,2,2,8,244,38,21,2,305,0,0,0,305
06/22/2022,CLE,OH,AGL,CE,Combined TRACON& Tower with Radar,235,56,26,0,317,0,2,2,0,4,235,58,28,0,321,0,0,0,321
06/23/2022,CLE,OH,AGL,CE,Combined TRACON& Tower with Radar,246,48,34,2,330,0,0,4,0,4,246,48,38,2,334,0,0,0,334
06/24/2022,CLE,OH,AGL,CE,Combined TRACON& Tower with Radar,230,27,21,0,278,0,2,2,0,4,230,29,23,0,282,0,0,0,282
06/25/2022,CLE,OH,AGL,CE,Combined TRACON& Tower with Radar,192,33,12,0,237,0,5,2,0,7,192,38,14,0,244,0,0,0,244
06/26/2022,CLE,OH,AGL,CE,Combined TRACON& Tower with Radar,211,27,15,0,253,0,5,2,0,7,211,32,17,0,260,0,0,0,260
06/27/2022,CLE,OH,AGL,CE,Combined TRACON& Tower with Radar,226,28,31,0,285,0,2,1,0,3,226,30,32,0,288,0,0,0,288
06/28/2022,CLE,OH,AGL,CE,Combined TRACON& Tower with Radar,241,43,12,0,296,0,4,4,0,8,241,47,16,0,304,0,0,0,304
06/29/2022,CLE,OH,AGL,CE,Combined TRACON& Tower with Radar,231,48,13,0,292,0,0,4,0,4,231,48,17,0,296,0,0,0,296
06/30/2022,CLE,OH,AGL,CE,Combined TRACON& Tower with Radar,243,43,22,0,308,0,1,3,0,4,243,44,25,0,312,0,0,0,312
07/01/2022,CLE,OH,AGL,CE,Combined TRACON& Tower with Radar,223,28,17,2,270,0,0,0,0,0,223,28,17,2,270,0,0,0,270
07/02/2022,CLE,OH,AGL,CE,Combined TRACON& Tower with Radar,190,28,9,0,227,0,0,4,0,4,190,28,13,0,231,0,0,0,231
07/03/2022,CLE,OH,AGL,CE,Combined TRACON& Tower with Radar,205,18,6,4,233,0,0,0,0,0,205,18,6,4,233,0,0,0,233
07/04/2022,CLE,OH,AGL,CE,Combined TRACON& Tower with Radar,212,21,3,4,240,0,0,0,0,0,212,21,3,4,240,0,0,0,240
07/05/2022,CLE,OH,AGL,CE,Combined TRACON& Tower with Radar,224,34,18,2,278,0,0,4,0,4,224,34,22,2,282,0,0,0,282
07/06/2022,CLE,OH,AGL,CE,Combined TRACON& Tower with Radar,229,23,25,4,281,0,0,3,0,3,229,23,28,4,284,0,0,0,284
07/07/2022,CLE,OH,AGL,CE,Combined TRACON& Tower with Radar,244,29,17,4,294,0,0,0,5,5,244,29,17,9,299,0,0,0,299
07/08/2022,CLE,OH,AGL,CE,Combined TRACON& Tower with Radar,223,34,11,0,268,0,2,0,0,2,223,36,11,0,270,0,0,0,270
07/09/2022,CLE,OH,AGL,CE,Combined TRACON& Tower with Radar,200,32,3,0,235,0,0,0,0,0,200,32,3,0,235,0,0,0,235
07/10/2022,CLE,OH,AGL,CE,Combined TRACON& Tower with Radar,221,25,5,0,251,0,0,3,0,3,221,25,8,0,254,0,0,0,254
07/11/2022,CLE,OH,AGL,CE,Combined TRACON& Tower with Radar,222,36,18,0,276,0,0,3,0,3,222,36,21,0,279,0,0,0,279
07/12/2022,CLE,OH,AGL,CE,Combined TRACON& Tower with Radar,229,30,15,0,274,0,2,0,0,2,229,32,15,0,276,0,0,0,276
07/13/2022,CLE,OH,AGL,CE,Combined TRACON& Tower with Radar,231,27,14,0,272,0,2,1,0,3,231,29,15,0,275,0,0,0,275
07/14/2022,CLE,OH,AGL,CE,Combined TRACON& Tower with Radar,229,44,10,0,283,0,0,2,0,2,229,44,12,0,285,0,0,0,285
07/15/2022,CLE,OH,AGL,CE,Combined TRACON& Tower with Radar,230,33,18,2,283,0,3,0,0,3,230,36,18,2,286,0,0,0,286
07/16/2022,CLE,OH,AGL,CE,Combined TRACON& Tower with Radar,189,35,14,0,238,0,0,1,0,1,189,35,15,0,239,0,0,0,239
07/17/2022,CLE,OH,AGL,CE,Combined TRACON& Tower with Radar,216,30,10,0,256,0,0,0,0,0,216,30,10,0,256,0,0,0,256
07/18/2022,CLE,OH,AGL,CE,Combined TRACON& Tower with Radar,218,38,24,0,280,0,2,8,0,10,218,40,32,0,290,0,0,0,290
07/19/2022,CLE,OH,AGL,CE,Combined TRACON& Tower with Radar,238,43,24,0,305,0,0,9,0,9,238,43,33,0,314,0,0,0,314
07/20/2022,CLE,OH,AGL,CE,Combined TRACON& Tower with Radar,232,39,26,0,297,0,2,0,0,2,232,41,26,0,299,0,0,0,299
07/21/2022,CLE,OH,AGL,CE,Combined TRACON& Tower with Radar,234,46,17,0,297,0,2,0,0,2,234,48,17,0,299,0,0,0,299
07/22/2022,CLE,OH,AGL,CE,Combined TRACON& Tower with Radar,230,38,16,0,284,0,2,0,0,2,230,40,16,0,286,0,0,0,286
07/23/2022,CLE,OH,AGL,CE,Combined TRACON& Tower with Radar,187,33,10,0,230,0,2,2,0,4,187,35,12,0,234,0,0,0,234
07/24/2022,CLE,OH,AGL,CE,Combined TRACON& Tower with Radar,201,30,16,0,247,0,0,1,0,1,201,30,17,0,248,0,0,0,248
07/25/2022,CLE,OH,AGL,CE,Combined TRACON& Tower with Radar,202,40,21,0,263,0,0,2,0,2,202,40,23,0,265,0,0,0,265
07/26/2022,CLE,OH,AGL,CE,Combined TRACON& Tower with Radar,239,43,22,0,304,0,0,0,0,0,239,43,22,0,304,0,0,0,304
07/27/2022,CLE,OH,AGL,CE,Combined TRACON& Tower with Radar,233,49,28,0,310,0,0,0,0,0,233,49,28,0,310,0,0,0,310
07/28/2022,CLE,OH,AGL,CE,Combined TRACON& Tower with Radar,232,38,29,0,299,0,2,2,0,4,232,40,31,0,303,0,0,0,303
07/29/2022,CLE,OH,AGL,CE,Combined TRACON& Tower with Radar,231,43,12,0,286,0,3,2,0,5,231,46,14,0,291,0,0,0,291
07/30/2022,CLE,OH,AGL,CE,Combined TRACON& Tower with Radar,200,28,13,0,241,0,0,0,0,0,200,28,13,0,241,0,0,0,241
07/31/2022,CLE,OH,AGL,CE,Combined TRACON& Tower with Radar,213,27,5,2,247,0,2,5,0,7,213,29,10,2,254,0,0,0,254
08/01/2022,CLE,OH,AGL,CE,Combined TRACON& Tower with Radar,216,44,22,0,282,0,0,2,0,2,216,44,24,0,284,0,0,0,284
08/02/2022,CLE,OH,AGL,CE,Combined TRACON& Tower with Radar,235,31,11,1,278,0,2,0,0,2,235,33,11,1,280,0,0,0,280
08/03/2022,CLE,OH,AGL,CE,Combined TRACON& Tower with Radar,230,34,12,2,278,0,0,5,0,5,230,34,17,2,283,0,0,0,283
08/04/2022,CLE,OH,AGL,CE,Combined TRACON& Tower with Radar,225,43,18,1,287,0,4,1,0,5,225,47,19,1,292,0,0,0,292
08/05/2022,CLE,OH,AGL,CE,Combined TRACON& Tower with Radar,208,35,21,0,264,0,0,2,0,2,208,35,23,0,266,0,0,0,266
08/06/2022,CLE,OH,AGL,CE,Combined TRACON& Tower with Radar,190,35,12,0,237,0,4,2,0,6,190,39,14,0,243,0,0,0,243
08/07/2022,CLE,OH,AGL,CE,Combined TRACON& Tower with Radar,201,21,21,0,243,0,0,2,0,2,201,21,23,0,245,0,0,0,245
08/08/2022,CLE,OH,AGL,CE,Combined TRACON& Tower with Radar,215,26,12,0,253,0,2,2,0,4,215,28,14,0,257,0,0,0,257
08/09/2022,CLE,OH,AGL,CE,Combined TRACON& Tower with Radar,220,37,23,0,280,0,2,1,0,3,220,39,24,0,283,0,0,0,283
08/10/2022,CLE,OH,AGL,CE,Combined TRACON& Tower with Radar,223,26,10,0,259,0,0,4,0,4,223,26,14,0,263,0,0,0,263
08/11/2022,CLE,OH,AGL,CE,Combined TRACON& Tower with Radar,221,48,22,0,291,0,3,4,0,7,221,51,26,0,298,0,0,0,298
08/12/2022,CLE,OH,AGL,CE,Combined TRACON& Tower with Radar,216,34,18,0,268,0,2,5,0,7,216,36,23,0,275,0,0,0,275
08/13/2022,CLE,OH,AGL,CE,Combined TRACON& Tower with Radar,198,30,6,0,234,0,0,6,0,6,198,30,12,0,240,0,0,0,240
08/14/2022,CLE,OH,AGL,CE,Combined TRACON& Tower with Radar,215,34,10,0,259,0,0,5,0,5,215,34,15,0,264,0,0,0,264
08/15/2022,CLE,OH,AGL,CE,Combined TRACON& Tower with Radar,211,30,16,0,257,0,0,5,0,5,211,30,21,0,262,0,0,0,262
08/16/2022,CLE,OH,AGL,CE,Combined TRACON& Tower with Radar,224,34,23,0,281,0,0,0,0,0,224,34,23,0,281,0,0,0,281
08/17/2022,CLE,OH,AGL,CE,Combined TRACON& Tower with Radar,227,31,10,0,268,0,4,3,0,7,227,35,13,0,275,0,0,0,275
08/18/2022,CLE,OH,AGL,CE,Combined TRACON& Tower with Radar,226,32,33,2,293,0,0,0,0,0,226,32,33,2,293,0,0,0,293
08/19/2022,CLE,OH,AGL,CE,Combined TRACON& Tower with Radar,227,35,10,0,272,0,0,2,0,2,227,35,12,0,274,0,0,0,274
08/20/2022,CLE,OH,AGL,CE,Combined TRACON& Tower with Radar,191,27,7,0,225,0,0,4,0,4,191,27,11,0,229,0,0,0,229
08/21/2022,CLE,OH,AGL,CE,Combined TRACON& Tower with Radar,213,22,9,0,244,0,0,0,0,0,213,22,9,0,244,0,0,0,244
08/22/2022,CLE,OH,AGL,CE,Combined TRACON& Tower with Radar,198,21,25,0,244,0,0,2,0,2,198,21,27,0,246,0,0,0,246
08/23/2022,CLE,OH,AGL,CE,Combined TRACON& Tower with Radar,238,48,33,4,323,0,2,4,0,6,238,50,37,4,329,0,0,0,329
08/24/2022,CLE,OH,AGL,CE,Combined TRACON& Tower with Radar,226,42,15,0,283,0,6,8,0,14,226,48,23,0,297,0,0,0,297
08/25/2022,CLE,OH,AGL,CE,Combined TRACON& Tower with Radar,230,29,28,0,287,0,2,0,0,2,230,31,28,0,289,0,0,0,289
08/26/2022,CLE,OH,AGL,CE,Combined TRACON& Tower with Radar,227,30,27,2,286,0,0,0,0,0,227,30,27,2,286,0,0,0,286
08/27/2022,CLE,OH,AGL,CE,Combined TRACON& Tower with Radar,200,31,5,0,236,0,0,2,0,2,200,31,7,0,238,0,0,0,238
08/28/2022,CLE,OH,AGL,CE,Combined TRACON& Tower with Radar,207,30,12,0,249,0,2,0,0,2,207,32,12,0,251,0,0,0,251
08/29/2022,CLE,OH,AGL,CE,Combined TRACON& Tower with Radar,216,26,21,2,265,0,0,0,0,0,216,26,21,2,265,0,0,0,265
08/30/2022,CLE,OH,AGL,CE,Combined TRACON& Tower with Radar,214,32,24,0,270,0,3,0,0,3,214,35,24,0,273,0,0,0,273
08/31/2022,CLE,OH,AGL,CE,Combined TRACON& Tower with Radar,224,41,24,1,290,0,1,3,2,6,224,42,27,3,296,0,0,0,296
09/01/2022,CLE,OH,AGL,CE,Combined TRACON& Tower with Radar,225,57,27,1,310,0,6,1,1,8,225,63,28,2,318,0,0,0,318
09/02/2022,CLE,OH,AGL,CE,Combined TRACON& Tower with Radar,225,47,20,1,293,0,1,6,6,13,225,48,26,7,306,0,0,0,306
09/03/2022,CLE,OH,AGL,CE,Combined TRACON& Tower with Radar,189,35,9,1,234,0,6,1,5,12,189,41,10,6,246,0,0,0,246
09/04/2022,CLE,OH,AGL,CE,Combined TRACON& Tower with Radar,181,24,13,0,218,0,0,0,6,6,181,24,13,6,224,0,0,0,224
09/05/2022,CLE,OH,AGL,CE,Combined TRACON& Tower with Radar,207,41,13,0,261,0,0,0,0,0,207,41,13,0,261,0,0,0,261
09/06/2022,CLE,OH,AGL,CE,Combined TRACON& Tower with Radar,225,34,19,2,280,0,2,1,0,3,225,36,20,2,283,0,0,0,283
09/07/2022,CLE,OH,AGL,CE,Combined TRACON& Tower with Radar,221,37,21,0,279,0,0,2,0,2,221,37,23,0,281,0,0,0,281
09/08/2022,CLE,OH,AGL,CE,Combined TRACON& Tower with Radar,235,40,15,0,290,0,2,2,0,4,235,42,17,0,294,0,0,0,294
09/09/2022,CLE,OH,AGL,CE,Combined TRACON& Tower with Radar,233,31,17,0,281,0,0,3,0,3,233,31,20,0,284,0,0,0,284
09/10/2022,CLE,OH,AGL,CE,Combined TRACON& Tower with Radar,198,42,5,0,245,0,5,7,0,12,198,47,12,0,257,0,0,0,257
09/11/2022,CLE,OH,AGL,CE,Combined TRACON& Tower with Radar,224,34,23,1,282,0,2,0,0,2,224,36,23,1,284,0,0,0,284
09/12/2022,CLE,OH,AGL,CE,Combined TRACON& Tower with Radar,235,33,23,0,291,0,0,0,0,0,235,33,23,0,291,0,0,0,291
09/13/2022,CLE,OH,AGL,CE,Combined TRACON& Tower with Radar,228,59,20,0,307,0,2,2,0,4,228,61,22,0,311,0,0,0,311
09/14/2022,CLE,OH,AGL,CE,Combined TRACON& Tower with Radar,234,52,36,0,322,0,6,3,0,9,234,58,39,0,331,0,0,0,331
09/15/2022,CLE,OH,AGL,CE,Combined TRACON& Tower with Radar,239,53,25,0,317,0,0,4,0,4,239,53,29,0,321,0,0,0,321
09/16/2022,CLE,OH,AGL,CE,Combined TRACON& Tower with Radar,234,34,36,1,305,0,2,3,0,5,234,36,39,1,310,0,0,0,310
09/17/2022,CLE,OH,AGL,CE,Combined TRACON& Tower with Radar,191,33,10,0,234,0,0,2,0,2,191,33,12,0,236,0,0,0,236
09/18/2022,CLE,OH,AGL,CE,Combined TRACON& Tower with Radar,220,40,30,1,291,0,4,3,0,7,220,44,33,1,298,0,0,0,298
09/19/2022,CLE,OH,AGL,CE,Combined TRACON& Tower with Radar,225,31,20,0,276,0,8,0,0,8,225,39,20,0,284,0,0,0,284
09/20/2022,CLE,OH,AGL,CE,Combined TRACON& Tower with Radar,227,32,15,0,274,0,2,5,0,7,227,34,20,0,281,0,0,0,281
09/21/2022,CLE,OH,AGL,CE,Combined TRACON& Tower with Radar,225,37,27,0,289,0,4,5,0,9,225,41,32,0,298,0,0,0,298
09/22/2022,CLE,OH,AGL,CE,Combined TRACON& Tower with Radar,228,39,23,0,290,0,0,0,0,0,228,39,23,0,290,0,0,0,290
09/23/2022,CLE,OH,AGL,CE,Combined TRACON& Tower with Radar,238,51,24,0,313,0,0,3,0,3,238,51,27,0,316,0,0,0,316
09/24/2022,CLE,OH,AGL,CE,Combined TRACON& Tower with Radar,191,30,8,0,229,0,2,1,0,3,191,32,9,0,232,0,0,0,232
09/25/2022,CLE,OH,AGL,CE,Combined TRACON& Tower with Radar,214,34,15,0,263,0,0,0,0,0,214,34,15,0,263,0,0,0,263
09/26/2022,CLE,OH,AGL,CE,Combined TRACON& Tower with Radar,235,32,30,1,298,0,2,0,1,3,235,34,30,2,301,0,0,0,301
09/27/2022,CLE,OH,AGL,CE,Combined TRACON& Tower with Radar,228,44,30,1,303,0,2,0,0,2,228,46,30,1,305,0,0,0,305
09/28/2022,CLE,OH,AGL,CE,Combined TRACON& Tower with Radar,211,45,21,2,279,0,0,1,0,1,211,45,22,2,280,0,0,0,280
09/29/2022,CLE,OH,AGL,CE,Combined TRACON& Tower with Radar,226,42,20,0,288,0,3,0,0,3,226,45,20,0,291,0,0,0,291
09/30/2022,CLE,OH,AGL,CE,Combined TRACON& Tower with Radar,214,31,25,2,272,0,2,5,0,7,214,33,30,2,279,0,0,0,279
10/01/2022,CLE,OH,AGL,CE,Combined TRACON& Tower with Radar,180,22,6,0,208,0,0,0,0,0,180,22,6,0,208,0,0,0,208
10/02/2022,CLE,OH,AGL,CE,Combined TRACON& Tower with Radar,219,30,16,1,266,0,3,0,0,3,219,33,16,1,269,0,0,0,269
10/03/2022,CLE,OH,AGL,CE,Combined TRACON& Tower with Radar,232,42,27,2,303,0,0,3,0,3,232,42,30,2,306,0,0,0,306
10/04/2022,CLE,OH,AGL,CE,Combined TRACON& Tower with Radar,226,43,21,2,292,0,2,0,0,2,226,45,21,2,294,0,0,0,294
10/05/2022,CLE,OH,AGL,CE,Combined TRACON& Tower with Radar,236,36,27,0,299,0,5,0,0,5,236,41,27,0,304,0,0,0,304
10/06/2022,CLE,OH,AGL,CE,Combined TRACON& Tower with Radar,234,50,18,4,306,0,0,2,0,2,234,50,20,4,308,0,0,0,308
10/07/2022,CLE,OH,AGL,CE,Combined TRACON& Tower with Radar,231,39,21,0,291,0,2,1,0,3,231,41,22,0,294,0,0,0,294
10/08/2022,CLE,OH,AGL,CE,Combined TRACON& Tower with Radar,203,22,2,0,227,0,3,0,0,3,203,25,2,0,230,0,0,0,230
10/09/2022,CLE,OH,AGL,CE,Combined TRACON& Tower with Radar,228,31,18,0,277,0,2,4,0,6,228,33,22,0,283,0,0,0,283
10/10/2022,CLE,OH,AGL,CE,Combined TRACON& Tower with Radar,235,29,12,0,276,0,0,4,0,4,235,29,16,0,280,0,0,0,280
10/11/2022,CLE,OH,AGL,CE,Combined TRACON& Tower with Radar,228,38,16,0,282,0,0,0,0,0,228,38,16,0,282,0,0,0,282
10/12/2022,CLE,OH,AGL,CE,Combined TRACON& Tower with Radar,227,42,26,0,295,0,0,0,0,0,227,42,26,0,295,0,0,0,295
10/13/2022,CLE,OH,AGL,CE,Combined TRACON& Tower with Radar,242,32,18,0,292,0,2,0,0,2,242,34,18,0,294,0,0,0,294
10/14/2022,CLE,OH,AGL,CE,Combined TRACON& Tower with Radar,239,32,18,1,290,0,0,0,0,0,239,32,18,1,290,0,0,0,290
10/15/2022,CLE,OH,AGL,CE,Combined TRACON& Tower with Radar,201,26,4,1,232,0,2,0,0,2,201,28,4,1,234,0,0,0,234
10/16/2022,CLE,OH,AGL,CE,Combined TRACON& Tower with Radar,218,38,23,1,280,0,0,0,1,1,218,38,23,2,281,0,0,0,281
10/17/2022,CLE,OH,AGL,CE,Combined TRACON& Tower with Radar,227,44,25,1,297,0,2,2,0,4,227,46,27,1,301,0,0,0,301
10/18/2022,CLE,OH,AGL,CE,Combined TRACON& Tower with Radar,235,41,27,0,303,0,0,0,0,0,235,41,27,0,303,0,0,0,303
10/19/2022,CLE,OH,AGL,CE,Combined TRACON& Tower with Radar,227,26,16,0,269,0,2,0,0,2,227,28,16,0,271,0,0,0,271
10/20/2022,CLE,OH,AGL,CE,Combined TRACON& Tower with Radar,233,47,18,0,298,0,3,0,0,3,233,50,18,0,301,0,0,0,301
10/21/2022,CLE,OH,AGL,CE,Combined TRACON& Tower with Radar,229,39,19,0,287,0,2,0,0,2,229,41,19,0,289,0,0,0,289
10/22/2022,CLE,OH,AGL,CE,Combined TRACON& Tower with Radar,204,21,4,0,229,0,0,2,0,2,204,21,6,0,231,0,0,0,231
10/23/2022,CLE,OH,AGL,CE,Combined TRACON& Tower with Radar,215,46,14,0,275,0,0,1,0,1,215,46,15,0,276,0,0,0,276
10/24/2022,CLE,OH,AGL,CE,Combined TRACON& Tower with Radar,225,39,25,0,289,0,2,0,0,2,225,41,25,0,291,0,0,0,291
10/25/2022,CLE,OH,AGL,CE,Combined TRACON& Tower with Radar,210,40,33,0,283,0,0,2,0,2,210,40,35,0,285,0,0,0,285
10/26/2022,CLE,OH,AGL,CE,Combined TRACON& Tower with Radar,229,33,30,0,292,0,1,2,0,3,229,34,32,0,295,0,0,0,295
10/27/2022,CLE,OH,AGL,CE,Combined TRACON& Tower with Radar,237,31,21,2,291,0,1,1,0,2,237,32,22,2,293,0,0,0,293
10/28/2022,CLE,OH,AGL,CE,Combined TRACON& Tower with Radar,229,38,11,0,278,0,4,0,0,4,229,42,11,0,282,0,0,0,282
10/29/2022,CLE,OH,AGL,CE,Combined TRACON& Tower with Radar,211,25,4,0,240,0,4,1,0,5,211,29,5,0,245,0,0,0,245
10/30/2022,CLE,OH,AGL,CE,Combined TRACON& Tower with Radar,213,30,11,0,254,0,0,2,0,2,213,30,13,0,256,0,0,0,256
10/31/2022,CLE,OH,AGL,CE,Combined TRACON& Tower with Radar,209,27,15,0,251,0,0,0,0,0,209,27,15,0,251,0,0,0,251
11/01/2022,CLE,OH,AGL,CE,Combined TRACON& Tower with Radar,230,37,18,0,285,0,0,0,0,0,230,37,18,0,285,0,0,0,285
11/02/2022,CLE,OH,AGL,CE,Combined TRACON& Tower with Radar,236,34,32,0,302,0,1,2,0,3,236,35,34,0,305,0,0,0,305
11/03/2022,CLE,OH,AGL,CE,Combined TRACON& Tower with Radar,239,41,38,0,318,0,0,2,0,2,239,41,40,0,320,0,0,0,320
11/04/2022,CLE,OH,AGL,CE,Combined TRACON& Tower with Radar,227,41,16,0,284,0,2,0,0,2,227,43,16,0,286,0,0,0,286
11/05/2022,CLE,OH,AGL,CE,Combined TRACON& Tower with Radar,188,29,8,0,225,0,0,0,0,0,188,29,8,0,225,0,0,0,225
11/06/2022,CLE,OH,AGL,CE,Combined TRACON& Tower with Radar,208,28,17,0,253,0,0,0,0,0,208,28,17,0,253,0,0,0,253
11/07/2022,CLE,OH,AGL,CE,Combined TRACON& Tower with Radar,221,23,19,0,263,0,2,0,0,2,221,25,19,0,265,0,0,0,265
11/08/2022,CLE,OH,AGL,CE,Combined TRACON& Tower with Radar,225,27,39,0,291,0,2,6,0,8,225,29,45,0,299,0,0,0,299
11/09/2022,CLE,OH,AGL,CE,Combined TRACON& Tower with Radar,233,41,15,0,289,0,0,0,0,0,233,41,15,0,289,0,0,0,289
11/10/2022,CLE,OH,AGL,CE,Combined TRACON& Tower with Radar,219,42,19,2,282,0,0,1,0,1,219,42,20,2,283,0,0,0,283
11/11/2022,CLE,OH,AGL,CE,Combined TRACON& Tower with Radar,232,35,27,0,294,0,0,0,0,0,232,35,27,0,294,0,0,0,294
11/12/2022,CLE,OH,AGL,CE,Combined TRACON& Tower with Radar,202,29,5,0,236,0,0,0,0,0,202,29,5,0,236,0,0,0,236
11/13/2022,CLE,OH,AGL,CE,Combined TRACON& Tower with Radar,212,23,10,0,245,0,0,0,0,0,212,23,10,0,245,0,0,0,245
11/14/2022,CLE,OH,AGL,CE,Combined TRACON& Tower with Radar,225,50,17,0,292,0,2,1,0,3,225,52,18,0,295,0,0,0,295
11/15/2022,CLE,OH,AGL,CE,Combined TRACON& Tower with Radar,237,37,14,0,288,0,2,0,0,2,237,39,14,0,290,0,0,0,290
11/16/2022,CLE,OH,AGL,CE,Combined TRACON& Tower with Radar,236,31,25,0,292,0,4,0,0,4,236,35,25,0,296,0,0,0,296
11/17/2022,CLE,OH,AGL,CE,Combined TRACON& Tower with Radar,232,41,19,0,292,0,0,0,0,0,232,41,19,0,292,0,0,0,292
11/18/2022,CLE,OH,AGL,CE,Combined TRACON& Tower with Radar,236,41,11,0,288,0,2,0,0,2,236,43,11,0,290,0,0,0,290
11/19/2022,CLE,OH,AGL,CE,Combined TRACON& Tower with Radar,205,39,12,2,258,0,0,2,0,2,205,39,14,2,260,0,0,0,260
11/20/2022,CLE,OH,AGL,CE,Combined TRACON& Tower with Radar,219,30,14,0,263,0,2,0,0,2,219,32,14,0,265,0,0,0,265
11/21/2022,CLE,OH,AGL,CE,Combined TRACON& Tower with Radar,229,38,12,0,279,0,0,1,0,1,229,38,13,0,280,0,0,0,280
11/22/2022,CLE,OH,AGL,CE,Combined TRACON& Tower with Radar,240,45,12,0,297,0,2,0,0,2,240,47,12,0,299,0,0,0,299
11/23/2022,CLE,OH,AGL,CE,Combined TRACON& Tower with Radar,230,33,9,0,272,0,2,4,0,6,230,35,13,0,278,0,0,0,278
11/24/2022,CLE,OH,AGL,CE,Combined TRACON& Tower with Radar,163,13,0,0,176,0,2,0,0,2,163,15,0,0,178,0,0,0,178
11/25/2022,CLE,OH,AGL,CE,Combined TRACON& Tower with Radar,187,22,13,0,222,0,2,0,0,2,187,24,13,0,224,0,0,0,224
11/26/2022,CLE,OH,AGL,CE,Combined TRACON& Tower with Radar,207,36,11,0,254,0,0,3,0,3,207,36,14,0,257,0,0,0,257
11/27/2022,CLE,OH,AGL,CE,Combined TRACON& Tower with Radar,212,29,14,0,255,0,0,0,0,0,212,29,14,0,255,0,0,0,255
11/28/2022,CLE,OH,AGL,CE,Combined TRACON& Tower with Radar,226,35,18,0,279,0,2,0,1,3,226,37,18,1,282,0,0,0,282
11/29/2022,CLE,OH,AGL,CE,Combined TRACON& Tower with Radar,240,36,18,0,294,0,0,2,0,2,240,36,20,0,296,0,0,0,296
11/30/2022,CLE,OH,AGL,CE,Combined TRACON& Tower with Radar,238,30,14,0,282,0,0,0,0,0,238,30,14,0,282,0,0,0,282
12/01/2022,CLE,OH,AGL,CE,Combined TRACON& Tower with Radar,237,48,21,0,306,0,0,2,0,2,237,48,23,0,308,0,0,0,308
12/02/2022,CLE,OH,AGL,CE,Combined TRACON& Tower with Radar,233,23,13,0,269,0,0,2,0,2,233,23,15,0,271,0,0,0,271
12/03/2022,CLE,OH,AGL,CE,Combined TRACON& Tower with Radar,196,28,7,0,231,0,0,4,0,4,196,28,11,0,235,0,0,0,235
12/04/2022,CLE,OH,AGL,CE,Combined TRACON& Tower with Radar,220,40,16,0,276,0,0,4,0,4,220,40,20,0,280,0,0,0,280
12/05/2022,CLE,OH,AGL,CE,Combined TRACON& Tower with Radar,228,42,22,0,292,0,0,4,0,4,228,42,26,0,296,0,0,0,296
12/06/2022,CLE,OH,AGL,CE,Combined TRACON& Tower with Radar,235,42,23,0,300,0,0,0,0,0,235,42,23,0,300,0,0,0,300
12/07/2022,CLE,OH,AGL,CE,Combined TRACON& Tower with Radar,240,33,27,0,300,0,0,0,0,0,240,33,27,0,300,0,0,0,300
12/08/2022,CLE,OH,AGL,CE,Combined TRACON& Tower with Radar,241,31,26,0,298,0,0,0,0,0,241,31,26,0,298,0,0,0,298
12/09/2022,CLE,OH,AGL,CE,Combined TRACON& Tower with Radar,232,29,30,0,291,0,2,5,0,7,232,31,35,0,298,0,0,0,298
12/10/2022,CLE,OH,AGL,CE,Combined TRACON& Tower with Radar,198,27,4,0,229,0,0,3,0,3,198,27,7,0,232,0,0,0,232
12/11/2022,CLE,OH,AGL,CE,Combined TRACON& Tower with Radar,218,27,10,0,255,0,0,0,0,0,218,27,10,0,255,0,0,0,255
12/12/2022,CLE,OH,AGL,CE,Combined TRACON& Tower with Radar,222,32,19,0,273,0,0,0,0,0,222,32,19,0,273,0,0,0,273
12/13/2022,CLE,OH,AGL,CE,Combined TRACON& Tower with Radar,235,25,20,0,280,0,0,0,0,0,235,25,20,0,280,0,0,0,280
12/14/2022,CLE,OH,AGL,CE,Combined TRACON& Tower with Radar,230,41,14,0,285,0,2,2,0,4,230,43,16,0,289,0,0,0,289
12/15/2022,CLE,OH,AGL,CE,Combined TRACON& Tower with Radar,233,31,31,0,295,0,0,0,0,0,233,31,31,0,295,0,0,0,295
12/16/2022,CLE,OH,AGL,CE,Combined TRACON& Tower with Radar,233,44,33,0,310,0,2,0,0,2,233,46,33,0,312,0,0,0,312
12/17/2022,CLE,OH,AGL,CE,Combined TRACON& Tower with Radar,209,22,12,0,243,0,0,0,0,0,209,22,12,0,243,0,0,0,243
12/18/2022,CLE,OH,AGL,CE,Combined TRACON& Tower with Radar,208,22,13,0,243,0,0,0,0,0,208,22,13,0,243,0,0,0,243
12/19/2022,CLE,OH,AGL,CE,Combined TRACON& Tower with Radar,224,33,11,0,268,0,0,0,0,0,224,33,11,0,268,0,0,0,268
12/20/2022,CLE,OH,AGL,CE,Combined TRACON& Tower with Radar,224,20,15,0,259,0,0,5,0,5,224,20,20,0,264,0,0,0,264
12/21/2022,CLE,OH,AGL,CE,Combined TRACON& Tower with Radar,229,39,20,0,288,0,4,5,0,9,229,43,25,0,297,0,0,0,297
12/22/2022,CLE,OH,AGL,CE,Combined TRACON& Tower with Radar,193,54,16,0,263,0,0,0,0,0,193,54,16,0,263,0,0,0,263
12/23/2022,CLE,OH,AGL,CE,Combined TRACON& Tower with Radar,22,14,5,0,41,0,0,0,0,0,22,14,5,0,41,0,0,0,41
12/24/2022,CLE,OH,AGL,CE,Combined TRACON& Tower with Radar,87,22,19,0,128,0,0,0,0,0,87,22,19,0,128,0,0,0,128
12/25/2022,CLE,OH,AGL,CE,Combined TRACON& Tower with Radar,120,26,1,0,147,0,0,0,0,0,120,26,1,0,147,0,0,0,147
12/26/2022,CLE,OH,AGL,CE,Combined TRACON& Tower with Radar,156,49,9,0,214,0,4,0,0,4,156,53,9,0,218,0,0,0,218
12/27/2022,CLE,OH,AGL,CE,Combined TRACON& Tower with Radar,186,48,24,0,258,0,1,0,0,1,186,49,24,0,259,0,0,0,259
12/28/2022,CLE,OH,AGL,CE,Combined TRACON& Tower with Radar,182,36,14,0,232,0,0,0,0,0,182,36,14,0,232,0,0,0,232
12/29/2022,CLE,OH,AGL,CE,Combined TRACON& Tower with Radar,179,22,8,0,209,0,1,0,0,1,179,23,8,0,210,0,0,0,210
12/30/2022,CLE,OH,AGL,CE,Combined TRACON& Tower with Radar,195,25,9,0,229,0,2,0,0,2,195,27,9,0,231,0,0,0,231
12/31/2022,CLE,OH,AGL,CE,Combined TRACON& Tower with Radar,180,20,6,0,206,0,0,0,0,0,180,20,6,0,206,0,0,0,206
01/01/2023,CLE,OH,AGL,CE,Combined TRACON& Tower with Radar,170,20,3,0,193,0,0,0,0,0,170,20,3,0,193,0,0,0,193
01/02/2023,CLE,OH,AGL,CE,Combined TRACON& Tower with Radar,181,37,22,0,240,0,0,0,0,0,181,37,22,0,240,0,0,0,240
01/03/2023,CLE,OH,AGL,CE,Combined TRACON& Tower with Radar,194,45,12,0,251,0,0,0,0,0,194,45,12,0,251,0,0,0,251
01/04/2023,CLE,OH,AGL,CE,Combined TRACON& Tower with Radar,197,37,20,0,254,0,2,0,0,2,197,39,20,0,256,0,0,0,256
01/05/2023,CLE,OH,AGL,CE,Combined TRACON& Tower with Radar,198,30,12,0,240,0,0,3,0,3,198,30,15,0,243,0,0,0,243
01/06/2023,CLE,OH,AGL,CE,Combined TRACON& Tower with Radar,200,24,16,0,240,0,0,1,0,1,200,24,17,0,241,0,0,0,241
01/07/2023,CLE,OH,AGL,CE,Combined TRACON& Tower with Radar,184,32,3,0,219,0,0,0,0,0,184,32,3,0,219,0,0,0,219
01/08/2023,CLE,OH,AGL,CE,Combined TRACON& Tower with Radar,199,21,9,0,229,0,4,2,0,6,199,25,11,0,235,0,0,0,235
01/09/2023,CLE,OH,AGL,CE,Combined TRACON& Tower with Radar,217,17,14,0,248,0,0,0,0,0,217,17,14,0,248,0,0,0,248
01/10/2023,CLE,OH,AGL,CE,Combined TRACON& Tower with Radar,237,23,19,0,279,0,0,0,0,0,237,23,19,0,279,0,0,0,279
01/11/2023,CLE,OH,AGL,CE,Combined TRACON& Tower with Radar,212,30,12,0,254,0,2,2,0,4,212,32,14,0,258,0,0,0,258
01/12/2023,CLE,OH,AGL,CE,Combined TRACON& Tower with Radar,238,64,29,0,331,0,0,0,0,0,238,64,29,0,331,0,0,0,331
01/13/2023,CLE,OH,AGL,CE,Combined TRACON& Tower with Radar,241,41,18,0,300,0,0,0,0,0,241,41,18,0,300,0,0,0,300
01/14/2023,CLE,OH,AGL,CE,Combined TRACON& Tower with Radar,198,22,7,0,227,0,0,2,0,2,198,22,9,0,229,0,0,0,229
01/15/2023,CLE,OH,AGL,CE,Combined TRACON& Tower with Radar,205,26,11,0,242,0,0,2,0,2,205,26,13,0,244,0,0,0,244
01/16/2023,CLE,OH,AGL,CE,Combined TRACON& Tower with Radar,235,44,28,0,307,0,0,2,0,2,235,44,30,0,309,0,0,0,309
01/17/2023,CLE,OH,AGL,CE,Combined TRACON& Tower with Radar,242,41,25,0,308,0,0,0,0,0,242,41,25,0,308,0,0,0,308
01/18/2023,CLE,OH,AGL,CE,Combined TRACON& Tower with Radar,240,40,24,0,304,0,0,0,0,0,240,40,24,0,304,0,0,0,304
01/19/2023,CLE,OH,AGL,CE,Combined TRACON& Tower with Radar,239,38,23,0,300,0,2,0,0,2,239,40,23,0,302,0,0,0,302
01/20/2023,CLE,OH,AGL,CE,Combined TRACON& Tower with Radar,249,34,11,0,294,0,0,0,0,0,249,34,11,0,294,0,0,0,294
01/21/2023,CLE,OH,AGL,CE,Combined TRACON& Tower with Radar,201,29,11,0,241,0,0,0,0,0,201,29,11,0,241,0,0,0,241
01/22/2023,CLE,OH,AGL,CE,Combined TRACON& Tower with Radar,214,28,23,0,265,0,0,0,0,0,214,28,23,0,265,0,0,0,265
01/23/2023,CLE,OH,AGL,CE,Combined TRACON& Tower with Radar,230,27,18,0,275,0,0,0,0,0,230,27,18,0,275,0,0,0,275
01/24/2023,CLE,OH,AGL,CE,Combined TRACON& Tower with Radar,242,37,13,0,292,0,2,0,0,2,242,39,13,0,294,0,0,0,294
01/25/2023,CLE,OH,AGL,CE,Combined TRACON& Tower with Radar,224,42,30,0,296,0,0,0,0,0,224,42,30,0,296,0,0,0,296
01/26/2023,CLE,OH,AGL,CE,Combined TRACON& Tower with Radar,246,51,25,0,322,0,0,0,0,0,246,51,25,0,322,0,0,0,322
01/27/2023,CLE,OH,AGL,CE,Combined TRACON& Tower with Radar,240,43,12,0,295,0,0,0,0,0,240,43,12,0,295,0,0,0,295
01/28/2023,CLE,OH,AGL,CE,Combined TRACON& Tower with Radar,201,32,10,0,243,0,0,5,0,5,201,32,15,0,248,0,0,0,248
01/29/2023,CLE,OH,AGL,CE,Combined TRACON& Tower with Radar,228,29,9,0,266,0,0,0,0,0,228,29,9,0,266,0,0,0,266
01/30/2023,CLE,OH,AGL,CE,Combined TRACON& Tower with Radar,229,37,18,0,284,0,0,0,0,0,229,37,18,0,284,0,0,0,284
01/31/2023,CLE,OH,AGL,CE,Combined TRACON& Tower with Radar,228,22,20,0,270,0,2,3,0,5,228,24,23,0,275,0,0,0,275
02/01/2023,CLE,OH,AGL,CE,Combined TRACON& Tower with Radar,217,15,20,0,252,0,2,0,0,2,217,17,20,0,254,0,0,0,254
02/02/2023,CLE,OH,AGL,CE,Combined TRACON& Tower with Radar,235,19,18,0,272,0,0,0,0,0,235,19,18,0,272,0,0,0,272
02/03/2023,CLE,OH,AGL,CE,Combined TRACON& Tower with Radar,235,29,10,0,274,0,0,0,0,0,235,29,10,0,274,0,0,0,274
02/04/2023,CLE,OH,AGL,CE,Combined TRACON& Tower with Radar,200,29,5,0,234,0,2,2,0,4,200,31,7,0,238,0,0,0,238
02/05/2023,CLE,OH,AGL,CE,Combined TRACON& Tower with Radar,210,29,9,0,248,0,0,0,0,0,210,29,9,0,248,0,0,0,248
02/06/2023,CLE,OH,AGL,CE,Combined TRACON& Tower with Radar,234,32,14,0,280,0,0,2,0,2,234,32,16,0,282,0,0,0,282
02/07/2023,CLE,OH,AGL,CE,Combined TRACON& Tower with Radar,235,34,20,1,290,0,0,0,0,0,235,34,20,1,290,0,0,0,290
02/08/2023,CLE,OH,AGL,CE,Combined TRACON& Tower with Radar,228,37,17,0,282,0,4,2,0,6,228,41,19,0,288,0,0,0,288
02/09/2023,CLE,OH,AGL,CE,Combined TRACON& Tower with Radar,236,32,14,0,282,0,0,0,0,0,236,32,14,0,282,0,0,0,282
02/10/2023,CLE,OH,AGL,CE,Combined TRACON& Tower with Radar,230,31,20,0,281,0,0,0,0,0,230,31,20,0,281,0,0,0,281
02/11/2023,CLE,OH,AGL,CE,Combined TRACON& Tower with Radar,197,20,3,0,220,0,0,0,0,0,197,20,3,0,220,0,0,0,220
02/12/2023,CLE,OH,AGL,CE,Combined TRACON& Tower with Radar,212,19,3,0,234,0,0,2,0,2,212,19,5,0,236,0,0,0,236
02/13/2023,CLE,OH,AGL,CE,Combined TRACON& Tower with Radar,224,25,17,0,266,0,0,4,0,4,224,25,21,0,270,0,0,0,270
02/14/2023,CLE,OH,AGL,CE,Combined TRACON& Tower with Radar,232,29,21,0,282,0,0,2,0,2,232,29,23,0,284,0,0,0,284
02/15/2023,CLE,OH,AGL,CE,Combined TRACON& Tower with Radar,225,37,25,0,287,0,0,2,0,2,225,37,27,0,289,0,0,0,289
02/16/2023,CLE,OH,AGL,CE,Combined TRACON& Tower with Radar,232,47,26,0,305,0,0,0,0,0,232,47,26,0,305,0,0,0,305
02/17/2023,CLE,OH,AGL,CE,Combined TRACON& Tower with Radar,233,33,18,0,284,0,0,0,0,0,233,33,18,0,284,0,0,0,284
02/18/2023,CLE,OH,AGL,CE,Combined TRACON& Tower with Radar,191,25,5,0,221,0,0,4,0,4,191,25,9,0,225,0,0,0,225
02/19/2023,CLE,OH,AGL,CE,Combined TRACON& Tower with Radar,210,21,12,0,243,0,0,0,0,0,210,21,12,0,243,0,0,0,243
02/20/2023,CLE,OH,AGL,CE,Combined TRACON& Tower with Radar,228,40,24,0,292,0,0,3,0,3,228,40,27,0,295,0,0,0,295
02/21/2023,CLE,OH,AGL,CE,Combined TRACON& Tower with Radar,238,30,19,1,288,0,0,4,1,5,238,30,23,2,293,0,0,0,293
02/22/2023,CLE,OH,AGL,CE,Combined TRACON& Tower with Radar,220,41,11,1,273,0,0,0,0,0,220,41,11,1,273,0,0,0,273
02/23/2023,CLE,OH,AGL,CE,Combined TRACON& Tower with Radar,238,45,18,1,302,0,0,0,0,0,238,45,18,1,302,0,0,0,302
02/24/2023,CLE,OH,AGL,CE,Combined TRACON& Tower with Radar,235,28,15,0,278,0,0,3,0,3,235,28,18,0,281,0,0,0,281
02/25/2023,CLE,OH,AGL,CE,Combined TRACON& Tower with Radar,205,27,8,0,240,0,4,6,0,10,205,31,14,0,250,0,0,0,250
02/26/2023,CLE,OH,AGL,CE,Combined TRACON& Tower with Radar,217,14,10,0,241,0,0,0,0,0,217,14,10,0,241,0,0,0,241
02/27/2023,CLE,OH,AGL,CE,Combined TRACON& Tower with Radar,231,33,20,0,284,0,0,0,0,0,231,33,20,0,284,0,0,0,284
02/28/2023,CLE,OH,AGL,CE,Combined TRACON& Tower with Radar,239,33,27,0,299,0,2,5,0,7,239,35,32,0,306,0,0,0,306
03/01/2023,CLE,OH,AGL,CE,Combined TRACON& Tower with Radar,229,31,19,0,279,0,0,0,0,0,229,31,19,0,279,0,0,0,279
03/02/2023,CLE,OH,AGL,CE,Combined TRACON& Tower with Radar,243,31,30,0,304,0,0,0,0,0,243,31,30,0,304,0,0,0,304
03/03/2023,CLE,OH,AGL,CE,Combined TRACON& Tower with Radar,239,35,12,0,286,0,0,0,0,0,239,35,12,0,286,0,0,0,286
03/04/2023,CLE,OH,AGL,CE,Combined TRACON& Tower with Radar,203,26,1,2,232,0,0,1,0,1,203,26,2,2,233,0,0,0,233
03/05/2023,CLE,OH,AGL,CE,Combined TRACON& Tower with Radar,220,28,12,2,262,0,2,0,0,2,220,30,12,2,264,0,0,0,264
03/06/2023,CLE,OH,AGL,CE,Combined TRACON& Tower with Radar,238,22,13,0,273,0,0,0,0,0,238,22,13,0,273,0,0,0,273
03/07/2023,CLE,OH,AGL,CE,Combined TRACON& Tower with Radar,235,33,22,0,290,0,2,0,0,2,235,35,22,0,292,0,0,0,292
03/08/2023,CLE,OH,AGL,CE,Combined TRACON& Tower with Radar,237,28,17,0,282,0,0,3,0,3,237,28,20,0,285,0,0,0,285
03/09/2023,CLE,OH,AGL,CE,Combined TRACON& Tower with Radar,241,40,19,0,300,0,2,1,0,3,241,42,20,0,303,0,0,0,303
03/10/2023,CLE,OH,AGL,CE,Combined TRACON& Tower with Radar,241,21,15,0,277,0,0,0,0,0,241,21,15,0,277,0,0,0,277
03/11/2023,CLE,OH,AGL,CE,Combined TRACON& Tower with Radar,214,34,5,0,253,0,0,0,0,0,214,34,5,0,253,0,0,0,253
03/12/2023,CLE,OH,AGL,CE,Combined TRACON& Tower with Radar,217,30,8,0,255,0,0,0,0,0,217,30,8,0,255,0,0,0,255
03/13/2023,CLE,OH,AGL,CE,Combined TRACON& Tower with Radar,236,36,22,0,294,0,0,0,0,0,236,36,22,0,294,0,0,0,294
03/14/2023,CLE,OH,AGL,CE,Combined TRACON& Tower with Radar,228,61,11,0,300,0,2,0,0,2,228,63,11,0,302,0,0,0,302
03/15/2023,CLE,OH,AGL,CE,Combined TRACON& Tower with Radar,227,45,25,0,297,0,0,7,0,7,227,45,32,0,304,0,0,0,304
03/16/2023,CLE,OH,AGL,CE,Combined TRACON& Tower with Radar,252,33,24,0,309,0,4,4,0,8,252,37,28,0,317,0,0,0,317
03/17/2023,CLE,OH,AGL,CE,Combined TRACON& Tower with Radar,244,41,20,0,305,0,2,0,0,2,244,43,20,0,307,0,0,0,307
03/18/2023,CLE,OH,AGL,CE,Combined TRACON& Tower with Radar,216,36,9,0,261,0,0,0,0,0,216,36,9,0,261,0,0,0,261
03/19/2023,CLE,OH,AGL,CE,Combined TRACON& Tower with Radar,216,22,11,0,249,0,0,0,0,0,216,22,11,0,249,0,0,0,249
03/20/2023,CLE,OH,AGL,CE,Combined TRACON& Tower with Radar,243,34,16,0,293,0,0,1,0,1,243,34,17,0,294,0,0,0,294
03/21/2023,CLE,OH,AGL,CE,Combined TRACON& Tower with Radar,242,35,7,0,284,0,0,0,0,0,242,35,7,0,284,0,0,0,284
03/22/2023,CLE,OH,AGL,CE,Combined TRACON& Tower with Radar,243,32,11,0,286,0,2,0,0,2,243,34,11,0,288,0,0,0,288
03/23/2023,CLE,OH,AGL,CE,Combined TRACON& Tower with Radar,250,38,17,0,305,0,0,0,0,0,250,38,17,0,305,0,0,0,305
03/24/2023,CLE,OH,AGL,CE,Combined TRACON& Tower with Radar,247,44,7,0,298,0,6,0,0,6,247,50,7,0,304,0,0,0,304
03/25/2023,CLE,OH,AGL,CE,Combined TRACON& Tower with Radar,226,36,13,0,275,0,0,0,0,0,226,36,13,0,275,0,0,0,275
03/26/2023,CLE,OH,AGL,CE,Combined TRACON& Tower with Radar,224,28,21,0,273,0,4,1,0,5,224,32,22,0,278,0,0,0,278
03/27/2023,CLE,OH,AGL,CE,Combined TRACON& Tower with Radar,243,30,14,0,287,0,0,0,0,0,243,30,14,0,287,0,0,0,287
03/28/2023,CLE,OH,AGL,CE,Combined TRACON& Tower with Radar,237,47,20,0,304,0,0,4,0,4,237,47,24,0,308,0,0,0,308
03/29/2023,CLE,OH,AGL,CE,Combined TRACON& Tower with Radar,246,34,42,0,322,0,0,1,0,1,246,34,43,0,323,0,0,0,323
03/30/2023,CLE,OH,AGL,CE,Combined TRACON& Tower with Radar,250,37,17,0,304,0,0,0,0,0,250,37,17,0,304,0,0,0,304
03/31/2023,CLE,OH,AGL,CE,Combined TRACON& Tower with Radar,243,38,15,0,296,0,0,0,0,0,243,38,15,0,296,0,0,0,296
04/01/2023,CLE,OH,AGL,CE,Combined TRACON& Tower with Radar,221,52,12,0,285,0,0,0,0,0,221,52,12,0,285,0,0,0,285
04/02/2023,CLE,OH,AGL,CE,Combined TRACON& Tower with Radar,214,38,16,0,268,0,2,6,0,8,214,40,22,0,276,0,0,0,276
04/03/2023,CLE,OH,AGL,CE,Combined TRACON& Tower with Radar,245,33,11,0,289,0,4,4,0,8,245,37,15,0,297,0,0,0,297
04/04/2023,CLE,OH,AGL,CE,Combined TRACON& Tower with Radar,242,38,25,0,305,0,4,0,0,4,242,42,25,0,309,0,0,0,309
04/05/2023,CLE,OH,AGL,CE,Combined TRACON& Tower with Radar,226,41,17,0,284,0,0,2,0,2,226,41,19,0,286,0,0,0,286
04/06/2023,CLE,OH,AGL,CE,Combined TRACON& Tower with Radar,245,43,13,0,301,0,1,4,0,5,245,44,17,0,306,0,0,0,306
04/07/2023,CLE,OH,AGL,CE,Combined TRACON& Tower with Radar,251,24,10,0,285,0,0,3,0,3,251,24,13,0,288,0,0,0,288
04/08/2023,CLE,OH,AGL,CE,Combined TRACON& Tower with Radar,219,21,8,0,248,0,4,3,0,7,219,25,11,0,255,0,0,0,255
04/09/2023,CLE,OH,AGL,CE,Combined TRACON& Tower with Radar,217,21,2,0,240,0,1,2,0,3,217,22,4,0,243,0,0,0,243
04/10/2023,CLE,OH,AGL,CE,Combined TRACON& Tower with Radar,237,31,11,0,279,0,1,4,0,5,237,32,15,0,284,0,0,0,284
04/11/2023,CLE,OH,AGL,CE,Combined TRACON& Tower with Radar,241,32,8,0,281,0,2,1,0,3,241,34,9,0,284,0,0,0,284
04/12/2023,CLE,OH,AGL,CE,Combined TRACON& Tower with Radar,231,28,24,0,283,0,2,9,0,11,231,30,33,0,294,0,0,0,294
04/13/2023,CLE,OH,AGL,CE,Combined TRACON& Tower with Radar,239,31,9,0,279,0,2,2,0,4,239,33,11,0,283,0,0,0,283
04/14/2023,CLE,OH,AGL,CE,Combined TRACON& Tower with Radar,237,31,20,0,288,0,0,2,0,2,237,31,22,0,290,0,0,0,290
04/15/2023,CLE,OH,AGL,CE,Combined TRACON& Tower with Radar,201,25,7,0,233,0,0,0,0,0,201,25,7,0,233,0,0,0,233
04/16/2023,CLE,OH,AGL,CE,Combined TRACON& Tower with Radar,225,29,15,0,269,0,2,0,0,2,225,31,15,0,271,0,0,0,271
04/17/2023,CLE,OH,AGL,CE,Combined TRACON& Tower with Radar,238,36,28,0,302,0,0,0,0,0,238,36,28,0,302,0,0,0,302
04/18/2023,CLE,OH,AGL,CE,Combined TRACON& Tower with Radar,239,29,25,0,293,0,4,1,0,5,239,33,26,0,298,0,0,0,298
04/19/2023,CLE,OH,AGL,CE,Combined TRACON& Tower with Radar,237,33,30,1,301,0,2,6,1,9,237,35,36,2,310,0,0,0,310
04/20/2023,CLE,OH,AGL,CE,Combined TRACON& Tower with Radar,243,44,26,0,313,0,0,3,0,3,243,44,29,0,316,0,0,0,316
04/21/2023,CLE,OH,AGL,CE,Combined TRACON& Tower with Radar,253,33,11,0,297,0,0,1,3,4,253,33,12,3,301,0,0,0,301
04/22/2023,CLE,OH,AGL,CE,Combined TRACON& Tower with Radar,204,30,8,0,242,0,1,0,0,1,204,31,8,0,243,0,0,0,243
04/23/2023,CLE,OH,AGL,CE,Combined TRACON& Tower with Radar,246,32,6,0,284,0,3,2,0,5,246,35,8,0,289,0,0,0,289
04/24/2023,CLE,OH,AGL,CE,Combined TRACON& Tower with Radar,243,40,12,0,295,0,0,2,0,2,243,40,14,0,297,0,0,0,297
04/25/2023,CLE,OH,AGL,CE,Combined TRACON& Tower with Radar,243,31,29,0,303,0,2,2,0,4,243,33,31,0,307,0,0,0,307
04/26/2023,CLE,OH,AGL,CE,Combined TRACON& Tower with Radar,241,34,29,0,304,0,0,3,0,3,241,34,32,0,307,0,0,0,307
04/27/2023,CLE,OH,AGL,CE,Combined TRACON& Tower with Radar,256,40,28,0,324,0,0,1,0,1,256,40,29,0,325,0,0,0,325
04/28/2023,CLE,OH,AGL,CE,Combined TRACON& Tower with Radar,248,43,15,0,306,0,0,0,0,0,248,43,15,0,306,0,0,0,306
04/29/2023,CLE,OH,AGL,CE,Combined TRACON& Tower with Radar,205,29,11,0,245,0,0,0,0,0,205,29,11,0,245,0,0,0,245
04/30/2023,CLE,OH,AGL,CE,Combined TRACON& Tower with Radar,216,36,11,0,263,0,0,0,0,0,216,36,11,0,263,0,0,0,263
05/01/2023,CLE,OH,AGL,CE,Combined TRACON& Tower with Radar,234,29,24,0,287,0,0,0,0,0,234,29,24,0,287,0,0,0,287
05/02/2023,CLE,OH,AGL,CE,Combined TRACON& Tower with Radar,245,25,14,2,286,0,0,0,0,0,245,25,14,2,286,0,0,0,286
05/03/2023,CLE,OH,AGL,CE,Combined TRACON& Tower with Radar,240,41,38,0,319,0,0,2,0,2,240,41,40,0,321,0,0,0,321
05/04/2023,CLE,OH,AGL,CE,Combined TRACON& Tower with Radar,253,49,22,0,324,0,0,0,0,0,253,49,22,0,324,0,0,0,324
05/05/2023,CLE,OH,AGL,CE,Combined TRACON& Tower with Radar,247,40,33,2,322,0,4,4,0,8,247,44,37,2,330,0,0,0,330
05/06/2023,CLE,OH,AGL,CE,Combined TRACON& Tower with Radar,203,20,5,0,228,0,2,0,0,2,203,22,5,0,230,0,0,0,230
05/07/2023,CLE,OH,AGL,CE,Combined TRACON& Tower with Radar,224,40,16,2,282,0,2,1,0,3,224,42,17,2,285,0,0,0,285
05/08/2023,CLE,OH,AGL,CE,Combined TRACON& Tower with Radar,243,30,20,1,294,0,2,0,0,2,243,32,20,1,296,0,0,0,296
05/09/2023,CLE,OH,AGL,CE,Combined TRACON& Tower with Radar,243,44,23,1,311,0,2,0,0,2,243,46,23,1,313,0,0,0,313
05/10/2023,CLE,OH,AGL,CE,Combined TRACON& Tower with Radar,233,37,15,0,285,0,0,4,0,4,233,37,19,0,289,0,0,0,289
05/11/2023,CLE,OH,AGL,CE,Combined TRACON& Tower with Radar,251,28,22,0,301,0,0,5,0,5,251,28,27,0,306,0,0,0,306
05/12/2023,CLE,OH,AGL,CE,Combined TRACON& Tower with Radar,255,34,8,0,297,0,5,0,0,5,255,39,8,0,302,0,0,0,302
05/13/2023,CLE,OH,AGL,CE,Combined TRACON& Tower with Radar,209,26,6,0,241,0,0,0,0,0,209,26,6,0,241,0,0,0,241
05/14/2023,CLE,OH,AGL,CE,Combined TRACON& Tower with Radar,218,30,13,0,261,0,2,0,0,2,218,32,13,0,263,0,0,0,263
05/15/2023,CLE,OH,AGL,CE,Combined TRACON& Tower with Radar,243,23,16,0,282,0,4,4,0,8,243,27,20,0,290,0,0,0,290
05/16/2023,CLE,OH,AGL,CE,Combined TRACON& Tower with Radar,241,34,38,0,313,0,2,10,0,12,241,36,48,0,325,0,0,0,325
05/17/2023,CLE,OH,AGL,CE,Combined TRACON& Tower with Radar,243,50,33,0,326,0,4,6,0,10,243,54,39,0,336,0,0,0,336
05/18/2023,CLE,OH,AGL,CE,Combined TRACON& Tower with Radar,245,33,27,0,305,0,4,4,0,8,245,37,31,0,313,0,0,0,313
05/19/2023,CLE,OH,AGL,CE,Combined TRACON& Tower with Radar,248,42,21,0,311,0,0,0,0,0,248,42,21,0,311,0,0,0,311
05/20/2023,CLE,OH,AGL,CE,Combined TRACON& Tower with Radar,215,25,6,0,246,0,0,0,0,0,215,25,6,0,246,0,0,0,246
05/21/2023,CLE,OH,AGL,CE,Combined TRACON& Tower with Radar,223,48,18,0,289,0,0,2,0,2,223,48,20,0,291,0,0,0,291
05/22/2023,CLE,OH,AGL,CE,Combined TRACON& Tower with Radar,245,33,25,2,305,0,2,3,0,5,245,35,28,2,310,0,0,0,310
05/23/2023,CLE,OH,AGL,CE,Combined TRACON& Tower with Radar,237,37,20,0,294,0,0,0,0,0,237,37,20,0,294,0,0,0,294
05/24/2023,CLE,OH,AGL,CE,Combined TRACON& Tower with Radar,250,40,28,4,322,0,0,5,0,5,250,40,33,4,327,0,0,0,327
05/25/2023,CLE,OH,AGL,CE,Combined TRACON& Tower with Radar,249,34,19,0,302,0,0,9,0,9,249,34,28,0,311,0,0,0,311
05/26/2023,CLE,OH,AGL,CE,Combined TRACON& Tower with Radar,251,28,9,0,288,0,4,1,0,5,251,32,10,0,293,0,0,0,293
05/27/2023,CLE,OH,AGL,CE,Combined TRACON& Tower with Radar,210,19,8,0,237,0,2,6,0,8,210,21,14,0,245,0,0,0,245
05/28/2023,CLE,OH,AGL,CE,Combined TRACON& Tower with Radar,213,20,10,0,243,0,0,0,0,0,213,20,10,0,243,0,0,0,243
05/29/2023,CLE,OH,AGL,CE,Combined TRACON& Tower with Radar,236,20,6,0,262,0,4,1,2,7,236,24,7,2,269,0,0,0,269
05/30/2023,CLE,OH,AGL,CE,Combined TRACON& Tower with Radar,238,31,18,0,287,0,2,4,0,6,238,33,22,0,293,0,0,0,293
05/31/2023,CLE,OH,AGL,CE,Combined TRACON& Tower with Radar,252,42,24,0,318,0,4,3,0,7,252,46,27,0,325,0,0,0,325
06/01/2023,CLE,OH,AGL,CE,Combined TRACON& Tower with Radar,252,36,26,2,316,0,0,13,0,13,252,36,39,2,329,0,0,0,329
06/02/2023,CLE,OH,AGL,CE,Combined TRACON& Tower with Radar,244,39,14,0,297,0,4,2,0,6,244,43,16,0,303,0,0,0,303
06/03/2023,CLE,OH,AGL,CE,Combined TRACON& Tower with Radar,232,32,4,0,268,0,4,0,0,4,232,36,4,0,272,0,0,0,272
06/04/2023,CLE,OH,AGL,CE,Combined TRACON& Tower with Radar,238,27,12,0,277,0,0,4,0,4,238,27,16,0,281,0,0,0,281
06/05/2023,CLE,OH,AGL,CE,Combined TRACON& Tower with Radar,254,27,24,0,305,0,0,6,0,6,254,27,30,0,311,0,0,0,311
06/06/2023,CLE,OH,AGL,CE,Combined TRACON& Tower with Radar,251,43,15,0,309,0,4,4,1,9,251,47,19,1,318,0,0,0,318
06/07/2023,CLE,OH,AGL,CE,Combined TRACON& Tower with Radar,272,42,28,0,342,0,2,5,0,7,272,44,33,0,349,0,0,0,349
06/08/2023,CLE,OH,AGL,CE,Combined TRACON& Tower with Radar,262,28,26,0,316,0,2,7,0,9,262,30,33,0,325,0,0,0,325
06/09/2023,CLE,OH,AGL,CE,Combined TRACON& Tower with Radar,265,38,22,0,325,0,0,3,4,7,265,38,25,4,332,0,0,0,332
06/10/2023,CLE,OH,AGL,CE,Combined TRACON& Tower with Radar,224,23,7,0,254,0,2,5,0,7,224,25,12,0,261,0,0,0,261
06/11/2023,CLE,OH,AGL,CE,Combined TRACON& Tower with Radar,245,37,16,0,298,0,0,2,0,2,245,37,18,0,300,0,0,0,300
06/12/2023,CLE,OH,AGL,CE,Combined TRACON& Tower with Radar,252,25,22,0,299,0,0,2,0,2,252,25,24,0,301,0,0,0,301
06/13/2023,CLE,OH,AGL,CE,Combined TRACON& Tower with Radar,263,39,25,0,327,0,0,4,0,4,263,39,29,0,331,0,0,0,331
06/14/2023,CLE,OH,AGL,CE,Combined TRACON& Tower with Radar,261,48,28,0,337,0,2,1,2,5,261,50,29,2,342,0,0,0,342
06/15/2023,CLE,OH,AGL,CE,Combined TRACON& Tower with Radar,260,45,31,0,336,0,0,2,0,2,260,45,33,0,338,0,0,0,338
06/16/2023,CLE,OH,AGL,CE,Combined TRACON& Tower with Radar,266,28,15,0,309,0,2,2,0,4,266,30,17,0,313,0,0,0,313
06/17/2023,CLE,OH,AGL,CE,Combined TRACON& Tower with Radar,223,22,9,0,254,0,6,2,0,8,223,28,11,0,262,0,0,0,262
06/18/2023,CLE,OH,AGL,CE,Combined TRACON& Tower with Radar,251,26,14,0,291,0,2,0,0,2,251,28,14,0,293,0,0,0,293
06/19/2023,CLE,OH,AGL,CE,Combined TRACON& Tower with Radar,255,32,14,0,301,0,0,1,0,1,255,32,15,0,302,0,0,0,302
06/20/2023,CLE,OH,AGL,CE,Combined TRACON& Tower with Radar,261,42,17,0,320,0,2,4,0,6,261,44,21,0,326,0,0,0,326
06/21/2023,CLE,OH,AGL,CE,Combined TRACON& Tower with Radar,265,40,25,0,330,0,0,0,0,0,265,40,25,0,330,0,0,0,330
06/22/2023,CLE,OH,AGL,CE,Combined TRACON& Tower with Radar,263,45,30,7,345,0,0,0,2,2,263,45,30,9,347,0,0,0,347
06/23/2023,CLE,OH,AGL,CE,Combined TRACON& Tower with Radar,254,42,17,4,317,0,2,0,0,2,254,44,17,4,319,0,0,0,319
06/24/2023,CLE,OH,AGL,CE,Combined TRACON& Tower with Radar,228,34,10,0,272,0,2,1,0,3,228,36,11,0,275,0,0,0,275
06/25/2023,CLE,OH,AGL,CE,Combined TRACON& Tower with Radar,233,27,6,0,266,0,2,2,0,4,233,29,8,0,270,0,0,0,270
06/26/2023,CLE,OH,AGL,CE,Combined TRACON& Tower with Radar,235,32,12,0,279,0,0,2,0,2,235,32,14,0,281,0,0,0,281
06/27/2023,CLE,OH,AGL,CE,Combined TRACON& Tower with Radar,229,42,9,0,280,0,0,0,0,0,229,42,9,0,280,0,0,0,280
06/28/2023,CLE,OH,AGL,CE,Combined TRACON& Tower with Radar,260,36,17,0,313,0,0,0,0,0,260,36,17,0,313,0,0,0,313
06/29/2023,CLE,OH,AGL,CE,Combined TRACON& Tower with Radar,261,45,20,0,326,0,0,1,0,1,261,45,21,0,327,0,0,0,327
06/30/2023,CLE,OH,AGL,CE,Combined TRACON& Tower with Radar,261,40,23,0,324,0,8,0,0,8,261,48,23,0,332,0,0,0,332
07/01/2023,CLE,OH,AGL,CE,Combined TRACON& Tower with Radar,225,25,7,0,257,0,0,0,0,0,225,25,7,0,257,0,0,0,257
07/02/2023,CLE,OH,AGL,CE,Combined TRACON& Tower with Radar,225,22,10,0,257,0,0,0,0,0,225,22,10,0,257,0,0,0,257
07/03/2023,CLE,OH,AGL,CE,Combined TRACON& Tower with Radar,232,31,6,0,269,0,0,1,0,1,232,31,7,0,270,0,0,0,270
07/04/2023,CLE,OH,AGL,CE,Combined TRACON& Tower with Radar,201,13,5,0,219,0,0,4,0,4,201,13,9,0,223,0,0,0,223
07/05/2023,CLE,OH,AGL,CE,Combined TRACON& Tower with Radar,251,31,21,0,303,0,4,3,1,8,251,35,24,1,311,0,0,0,311
07/06/2023,CLE,OH,AGL,CE,Combined TRACON& Tower with Radar,255,31,17,0,303,0,4,0,0,4,255,35,17,0,307,0,0,0,307
07/07/2023,CLE,OH,AGL,CE,Combined TRACON& Tower with Radar,241,32,9,0,282,0,4,4,2,10,241,36,13,2,292,0,0,0,292
07/08/2023,CLE,OH,AGL,CE,Combined TRACON& Tower with Radar,221,22,14,0,257,0,0,2,0,2,221,22,16,0,259,0,0,0,259
07/09/2023,CLE,OH,AGL,CE,Combined TRACON& Tower with Radar,216,26,12,0,254,0,0,1,0,1,216,26,13,0,255,0,0,0,255
07/10/2023,CLE,OH,AGL,CE,Combined TRACON& Tower with Radar,246,40,21,0,307,0,2,2,0,4,246,42,23,0,311,0,0,0,311
07/11/2023,CLE,OH,AGL,CE,Combined TRACON& Tower with Radar,251,44,21,0,316,0,2,1,0,3,251,46,22,0,319,0,0,0,319
07/12/2023,CLE,OH,AGL,CE,Combined TRACON& Tower with Radar,260,43,13,0,316,0,0,1,0,1,260,43,14,0,317,0,0,0,317
07/13/2023,CLE,OH,AGL,CE,Combined TRACON& Tower with Radar,268,42,10,0,320,0,0,1,0,1,268,42,11,0,321,0,0,0,321
07/14/2023,CLE,OH,AGL,CE,Combined TRACON& Tower with Radar,266,37,11,0,314,0,2,6,0,8,266,39,17,0,322,0,0,0,322
07/15/2023,CLE,OH,AGL,CE,Combined TRACON& Tower with Radar,231,32,18,0,281,0,0,0,0,0,231,32,18,0,281,0,0,0,281
07/16/2023,CLE,OH,AGL,CE,Combined TRACON& Tower with Radar,213,38,12,0,263,0,0,1,0,1,213,38,13,0,264,0,0,0,264
07/17/2023,CLE,OH,AGL,CE,Combined TRACON& Tower with Radar,271,42,27,0,340,0,0,3,0,3,271,42,30,0,343,0,0,0,343
07/18/2023,CLE,OH,AGL,CE,Combined TRACON& Tower with Radar,254,34,23,0,311,0,0,0,0,0,254,34,23,0,311,0,0,0,311
07/19/2023,CLE,OH,AGL,CE,Combined TRACON& Tower with Radar,266,49,26,0,341,0,2,2,0,4,266,51,28,0,345,0,0,0,345
07/20/2023,CLE,OH,AGL,CE,Combined TRACON& Tower with Radar,255,29,14,4,302,0,0,2,0,2,255,29,16,4,304,0,0,0,304
07/21/2023,CLE,OH,AGL,CE,Combined TRACON& Tower with Radar,272,40,14,0,326,0,2,1,0,3,272,42,15,0,329,0,0,0,329
07/22/2023,CLE,OH,AGL,CE,Combined TRACON& Tower with Radar,248,25,10,0,283,0,0,3,0,3,248,25,13,0,286,0,0,0,286
07/23/2023,CLE,OH,AGL,CE,Combined TRACON& Tower with Radar,238,40,5,0,283,0,1,1,0,2,238,41,6,0,285,0,0,0,285
07/24/2023,CLE,OH,AGL,CE,Combined TRACON& Tower with Radar,269,37,17,0,323,0,3,2,0,5,269,40,19,0,328,0,0,0,328
07/25/2023,CLE,OH,AGL,CE,Combined TRACON& Tower with Radar,251,24,11,0,286,0,0,1,0,1,251,24,12,0,287,0,0,0,287
07/26/2023,CLE,OH,AGL,CE,Combined TRACON& Tower with Radar,259,32,16,0,307,0,3,0,0,3,259,35,16,0,310,0,0,0,310
07/27/2023,CLE,OH,AGL,CE,Combined TRACON& Tower with Radar,257,37,21,0,315,0,2,3,0,5,257,39,24,0,320,0,0,0,320
07/28/2023,CLE,OH,AGL,CE,Combined TRACON& Tower with Radar,264,37,23,0,324,0,4,3,0,7,264,41,26,0,331,0,0,0,331
07/29/2023,CLE,OH,AGL,CE,Combined TRACON& Tower with Radar,241,33,8,0,282,0,0,0,0,0,241,33,8,0,282,0,0,0,282
07/30/2023,CLE,OH,AGL,CE,Combined TRACON& Tower with Radar,252,30,14,0,296,0,2,1,0,3,252,32,15,0,299,0,0,0,299
07/31/2023,CLE,OH,AGL,CE,Combined TRACON& Tower with Radar,260,28,14,0,302,0,4,4,0,8,260,32,18,0,310,0,0,0,310
08/01/2023,CLE,OH,AGL,CE,Combined TRACON& Tower with Radar,263,48,11,2,324,0,2,1,0,3,263,50,12,2,327,0,0,0,327
08/02/2023,CLE,OH,AGL,CE,Combined TRACON& Tower with Radar,267,41,15,0,323,0,0,1,0,1,267,41,16,0,324,0,0,0,324
08/03/2023,CLE,OH,AGL,CE,Combined TRACON& Tower with Radar,263,29,24,0,316,0,2,1,0,3,263,31,25,0,319,0,0,0,319
08/04/2023,CLE,OH,AGL,CE,Combined TRACON& Tower with Radar,265,30,9,0,304,0,0,1,0,1,265,30,10,0,305,0,0,0,305
08/05/2023,CLE,OH,AGL,CE,Combined TRACON& Tower with Radar,241,26,6,0,273,0,2,3,0,5,241,28,9,0,278,0,0,0,278
08/06/2023,CLE,OH,AGL,CE,Combined TRACON& Tower with Radar,236,32,10,0,278,0,0,0,0,0,236,32,10,0,278,0,0,0,278
08/07/2023,CLE,OH,AGL,CE,Combined TRACON& Tower with Radar,232,23,18,0,273,0,0,0,0,0,232,23,18,0,273,0,0,0,273
08/08/2023,CLE,OH,AGL,CE,Combined TRACON& Tower with Radar,267,35,16,0,318,0,0,1,0,1,267,35,17,0,319,0,0,0,319
08/09/2023,CLE,OH,AGL,CE,Combined TRACON& Tower with Radar,292,37,23,0,352,0,6,0,0,6,292,43,23,0,358,0,0,0,358
08/10/2023,CLE,OH,AGL,CE,Combined TRACON& Tower with Radar,278,35,30,0,343,0,0,0,0,0,278,35,30,0,343,0,0,0,343
08/11/2023,CLE,OH,AGL,CE,Combined TRACON& Tower with Radar,273,32,17,0,322,0,0,3,0,3,273,32,20,0,325,0,0,0,325
08/12/2023,CLE,OH,AGL,CE,Combined TRACON& Tower with Radar,239,30,6,0,275,0,0,0,0,0,239,30,6,0,275,0,0,0,275
08/13/2023,CLE,OH,AGL,CE,Combined TRACON& Tower with Radar,250,35,9,0,294,0,2,1,0,3,250,37,10,0,297,0,0,0,297
08/14/2023,CLE,OH,AGL,CE,Combined TRACON& Tower with Radar,250,34,15,0,299,0,0,1,0,1,250,34,16,0,300,0,0,0,300
08/15/2023,CLE,OH,AGL,CE,Combined TRACON& Tower with Radar,269,40,32,0,341,0,0,0,0,0,269,40,32,0,341,0,0,0,341
08/16/2023,CLE,OH,AGL,CE,Combined TRACON& Tower with Radar,274,47,25,0,346,0,0,0,0,0,274,47,25,0,346,0,0,0,346
08/17/2023,CLE,OH,AGL,CE,Combined TRACON& Tower with Radar,261,42,21,0,324,0,2,2,0,4,261,44,23,0,328,0,0,0,328
08/18/2023,CLE,OH,AGL,CE,Combined TRACON& Tower with Radar,282,48,17,0,347,0,0,2,0,2,282,48,19,0,349,0,0,0,349
08/19/2023,CLE,OH,AGL,CE,Combined TRACON& Tower with Radar,252,37,7,0,296,0,4,0,0,4,252,41,7,0,300,0,0,0,300
08/20/2023,CLE,OH,AGL,CE,Combined TRACON& Tower with Radar,242,35,9,0,286,0,0,2,0,2,242,35,11,0,288,0,0,0,288
08/21/2023,CLE,OH,AGL,CE,Combined TRACON& Tower with Radar,272,31,23,2,328,0,2,1,0,3,272,33,24,2,331,0,0,0,331
08/22/2023,CLE,OH,AGL,CE,Combined TRACON& Tower with Radar,264,34,16,0,314,0,2,3,0,5,264,36,19,0,319,0,0,0,319
08/23/2023,CLE,OH,AGL,CE,Combined TRACON& Tower with Radar,231,32,9,0,272,0,0,8,0,8,231,32,17,0,280,0,0,0,280
08/24/2023,CLE,OH,AGL,CE,Combined TRACON& Tower with Radar,285,48,18,0,351,0,0,0,0,0,285,48,18,0,351,0,0,0,351
08/25/2023,CLE,OH,AGL,CE,Combined TRACON& Tower with Radar,275,38,18,0,331,0,2,0,0,2,275,40,18,0,333,0,0,0,333
08/26/2023,CLE,OH,AGL,CE,Combined TRACON& Tower with Radar,243,26,2,0,271,0,2,0,0,2,243,28,2,0,273,0,0,0,273
08/27/2023,CLE,OH,AGL,CE,Combined TRACON& Tower with Radar,246,38,10,0,294,0,2,4,0,6,246,40,14,0,300,0,0,0,300
08/28/2023,CLE,OH,AGL,CE,Combined TRACON& Tower with Radar,265,24,16,0,305,0,2,1,1,4,265,26,17,1,309,0,0,0,309
08/29/2023,CLE,OH,AGL,CE,Combined TRACON& Tower with Radar,255,34,13,2,304,0,2,5,1,8,255,36,18,3,312,0,0,0,312
08/30/2023,CLE,OH,AGL,CE,Combined TRACON& Tower with Radar,260,44,19,1,324,0,0,0,0,0,260,44,19,1,324,0,0,0,324
08/31/2023,CLE,OH,AGL,CE,Combined TRACON& Tower with Radar,257,45,24,6,332,0,4,3,3,10,257,49,27,9,342,0,0,0,342
01/01/2020,CLE,OH,AGL,CE,Combined TRACON& Tower with Radar,182,51,4,0,237,0,0,2,0,2,182,51,6,0,239,0,0,0,239
01/02/2020,CLE,OH,AGL,CE,Combined TRACON& Tower with Radar,211,69,11,0,291,0,0,2,0,2,211,69,13,0,293,0,0,0,293
01/03/2020,CLE,OH,AGL,CE,Combined TRACON& Tower with Radar,211,65,6,0,282,0,0,0,0,0,211,65,6,0,282,0,0,0,282
01/04/2020,CLE,OH,AGL,CE,Combined TRACON& Tower with Radar,194,54,2,1,251,0,0,0,0,0,194,54,2,1,251,0,0,0,251
01/05/2020,CLE,OH,AGL,CE,Combined TRACON& Tower with Radar,227,86,12,1,326,0,2,0,0,2,227,88,12,1,328,0,0,0,328
01/06/2020,CLE,OH,AGL,CE,Combined TRACON& Tower with Radar,219,87,12,0,318,0,1,1,0,2,219,88,13,0,320,0,0,0,320
01/07/2020,CLE,OH,AGL,CE,Combined TRACON& Tower with Radar,205,88,9,0,302,0,4,5,0,9,205,92,14,0,311,0,0,0,311
01/08/2020,CLE,OH,AGL,CE,Combined TRACON& Tower with Radar,220,96,23,0,339,0,1,0,0,1,220,97,23,0,340,0,0,0,340
01/09/2020,CLE,OH,AGL,CE,Combined TRACON& Tower with Radar,235,101,22,0,358,0,3,3,0,6,235,104,25,0,364,0,0,0,364
01/10/2020,CLE,OH,AGL,CE,Combined TRACON& Tower with Radar,223,91,22,0,336,0,0,0,0,0,223,91,22,0,336,0,0,0,336
01/11/2020,CLE,OH,AGL,CE,Combined TRACON& Tower with Radar,194,41,0,0,235,0,0,0,0,0,194,41,0,0,235,0,0,0,235
01/12/2020,CLE,OH,AGL,CE,Combined TRACON& Tower with Radar,211,94,3,0,308,0,0,3,0,3,211,94,6,0,311,0,0,0,311
01/13/2020,CLE,OH,AGL,CE,Combined TRACON& Tower with Radar,216,84,19,0,319,0,0,1,2,3,216,84,20,2,322,0,0,0,322
01/14/2020,CLE,OH,AGL,CE,Combined TRACON& Tower with Radar,213,83,22,0,318,0,2,0,0,2,213,85,22,0,320,0,0,0,320
01/15/2020,CLE,OH,AGL,CE,Combined TRACON& Tower with Radar,211,107,20,0,338,0,0,3,0,3,211,107,23,0,341,0,0,0,341
01/16/2020,CLE,OH,AGL,CE,Combined TRACON& Tower with Radar,233,94,22,0,349,0,0,1,0,1,233,94,23,0,350,0,0,0,350
01/17/2020,CLE,OH,AGL,CE,Combined TRACON& Tower with Radar,226,102,28,0,356,0,3,3,0,6,226,105,31,0,362,0,0,0,362
01/18/2020,CLE,OH,AGL,CE,Combined TRACON& Tower with Radar,175,41,15,0,231,0,0,0,0,0,175,41,15,0,231,0,0,0,231
01/19/2020,CLE,OH,AGL,CE,Combined TRACON& Tower with Radar,185,74,6,0,265,0,0,0,0,0,185,74,6,0,265,0,0,0,265
01/20/2020,CLE,OH,AGL,CE,Combined TRACON& Tower with Radar,216,100,17,0,333,0,0,0,0,0,216,100,17,0,333,0,0,0,333
01/21/2020,CLE,OH,AGL,CE,Combined TRACON& Tower with Radar,213,98,34,0,345,0,8,2,0,10,213,106,36,0,355,0,0,0,355
01/22/2020,CLE,OH,AGL,CE,Combined TRACON& Tower with Radar,211,98,23,0,332,0,2,2,0,4,211,100,25,0,336,0,0,0,336
01/23/2020,CLE,OH,AGL,CE,Combined TRACON& Tower with Radar,228,108,20,0,356,0,1,4,0,5,228,109,24,0,361,0,0,0,361
01/24/2020,CLE,OH,AGL,CE,Combined TRACON& Tower with Radar,235,96,19,0,350,0,3,0,0,3,235,99,19,0,353,0,0,0,353
01/25/2020,CLE,OH,AGL,CE,Combined TRACON& Tower with Radar,191,45,15,0,251,0,3,0,0,3,191,48,15,0,254,0,0,0,254
01/26/2020,CLE,OH,AGL,CE,Combined TRACON& Tower with Radar,215,79,8,0,302,0,0,0,0,0,215,79,8,0,302,0,0,0,302
01/27/2020,CLE,OH,AGL,CE,Combined TRACON& Tower with Radar,218,89,14,0,321,0,2,0,0,2,218,91,14,0,323,0,0,0,323
01/28/2020,CLE,OH,AGL,CE,Combined TRACON& Tower with Radar,212,102,27,0,341,0,0,0,0,0,212,102,27,0,341,0,0,0,341
01/29/2020,CLE,OH,AGL,CE,Combined TRACON& Tower with Radar,211,100,28,0,339,0,3,2,1,6,211,103,30,1,345,0,0,0,345
01/30/2020,CLE,OH,AGL,CE,Combined TRACON& Tower with Radar,233,96,21,0,350,0,6,5,1,12,233,102,26,1,362,0,0,0,362
01/31/2020,CLE,OH,AGL,CE,Combined TRACON& Tower with Radar,228,94,12,0,334,0,4,2,0,6,228,98,14,0,340,0,0,0,340
02/01/2020,CLE,OH,AGL,CE,Combined TRACON& Tower with Radar,183,48,4,0,235,0,0,0,0,0,183,48,4,0,235,0,0,0,235
02/02/2020,CLE,OH,AGL,CE,Combined TRACON& Tower with Radar,199,81,6,0,286,0,0,0,0,0,199,81,6,0,286,0,0,0,286
02/03/2020,CLE,OH,AGL,CE,Combined TRACON& Tower with Radar,218,90,15,0,323,0,4,1,0,5,218,94,16,0,328,0,0,0,328
02/04/2020,CLE,OH,AGL,CE,Combined TRACON& Tower with Radar,216,96,11,0,323,0,6,3,0,9,216,102,14,0,332,0,0,0,332
02/05/2020,CLE,OH,AGL,CE,Combined TRACON& Tower with Radar,209,102,13,0,324,0,2,6,1,9,209,104,19,1,333,0,0,0,333
02/06/2020,CLE,OH,AGL,CE,Combined TRACON& Tower with Radar,218,100,33,0,351,0,0,0,0,0,218,100,33,0,351,0,0,0,351
02/07/2020,CLE,OH,AGL,CE,Combined TRACON& Tower with Radar,224,110,23,0,357,0,0,0,0,0,224,110,23,0,357,0,0,0,357
02/08/2020,CLE,OH,AGL,CE,Combined TRACON& Tower with Radar,190,46,10,0,246,0,0,1,0,1,190,46,11,0,247,0,0,0,247
02/09/2020,CLE,OH,AGL,CE,Combined TRACON& Tower with Radar,219,80,18,0,317,0,0,1,0,1,219,80,19,0,318,0,0,0,318
02/10/2020,CLE,OH,AGL,CE,Combined TRACON& Tower with Radar,232,85,13,0,330,0,0,0,0,0,232,85,13,0,330,0,0,0,330
02/11/2020,CLE,OH,AGL,CE,Combined TRACON& Tower with Radar,214,105,12,0,331,0,4,0,2,6,214,109,12,2,337,0,0,0,337
02/12/2020,CLE,OH,AGL,CE,Combined TRACON& Tower with Radar,214,104,25,0,343,0,4,3,0,7,214,108,28,0,350,0,0,0,350
02/13/2020,CLE,OH,AGL,CE,Combined TRACON& Tower with Radar,233,87,31,0,351,0,0,0,0,0,233,87,31,0,351,0,0,0,351
02/14/2020,CLE,OH,AGL,CE,Combined TRACON& Tower with Radar,245,90,14,0,349,0,0,2,0,2,245,90,16,0,351,0,0,0,351
02/15/2020,CLE,OH,AGL,CE,Combined TRACON& Tower with Radar,187,51,1,0,239,0,3,2,0,5,187,54,3,0,244,0,0,0,244
02/16/2020,CLE,OH,AGL,CE,Combined TRACON& Tower with Radar,196,87,7,0,290,0,0,0,0,0,196,87,7,0,290,0,0,0,290
02/17/2020,CLE,OH,AGL,CE,Combined TRACON& Tower with Radar,235,94,16,0,345,0,3,6,0,9,235,97,22,0,354,0,0,0,354
02/18/2020,CLE,OH,AGL,CE,Combined TRACON& Tower with Radar,235,79,20,0,334,0,0,1,0,1,235,79,21,0,335,0,0,0,335
02/19/2020,CLE,OH,AGL,CE,Combined TRACON& Tower with Radar,235,91,33,0,359,0,1,2,0,3,235,92,35,0,362,0,0,0,362
02/20/2020,CLE,OH,AGL,CE,Combined TRACON& Tower with Radar,239,88,30,0,357,0,4,1,0,5,239,92,31,0,362,0,0,0,362
02/21/2020,CLE,OH,AGL,CE,Combined TRACON& Tower with Radar,246,84,10,0,340,0,0,3,0,3,246,84,13,0,343,0,0,0,343
02/22/2020,CLE,OH,AGL,CE,Combined TRACON& Tower with Radar,195,58,3,0,256,0,2,5,0,7,195,60,8,0,263,0,0,0,263
02/23/2020,CLE,OH,AGL,CE,Combined TRACON& Tower with Radar,222,82,18,2,324,0,2,2,0,4,222,84,20,2,328,0,0,0,328
02/24/2020,CLE,OH,AGL,CE,Combined TRACON& Tower with Radar,244,94,16,0,354,0,1,2,2,5,244,95,18,2,359,0,0,0,359
02/25/2020,CLE,OH,AGL,CE,Combined TRACON& Tower with Radar,234,99,16,0,349,0,0,0,0,0,234,99,16,0,349,0,0,0,349
02/26/2020,CLE,OH,AGL,CE,Combined TRACON& Tower with Radar,239,97,27,0,363,0,0,0,0,0,239,97,27,0,363,0,0,0,363
02/27/2020,CLE,OH,AGL,CE,Combined TRACON& Tower with Radar,258,95,30,0,383,0,0,0,0,0,258,95,30,0,383,0,0,0,383
02/28/2020,CLE,OH,AGL,CE,Combined TRACON& Tower with Radar,254,94,33,2,383,0,2,0,0,2,254,96,33,2,385,0,0,0,385
02/29/2020,CLE,OH,AGL,CE,Combined TRACON& Tower with Radar,201,51,16,0,268,0,2,0,0,2,201,53,16,0,270,0,0,0,270
03/01/2020,CLE,OH,AGL,CE,Combined TRACON& Tower with Radar,228,84,9,0,321,0,2,3,0,5,228,86,12,0,326,0,0,0,326
03/02/2020,CLE,OH,AGL,CE,Combined TRACON& Tower with Radar,242,86,15,2,345,0,0,1,0,1,242,86,16,2,346,0,0,0,346
03/03/2020,CLE,OH,AGL,CE,Combined TRACON& Tower with Radar,240,98,11,2,351,0,0,0,0,0,240,98,11,2,351,0,0,0,351
03/04/2020,CLE,OH,AGL,CE,Combined TRACON& Tower with Radar,244,83,20,0,347,0,1,6,2,9,244,84,26,2,356,0,0,0,356
03/05/2020,CLE,OH,AGL,CE,Combined TRACON& Tower with Radar,253,85,20,0,358,0,1,3,2,6,253,86,23,2,364,0,0,0,364
03/06/2020,CLE,OH,AGL,CE,Combined TRACON& Tower with Radar,256,86,12,0,354,0,1,0,0,1,256,87,12,0,355,0,0,0,355
03/07/2020,CLE,OH,AGL,CE,Combined TRACON& Tower with Radar,217,68,3,0,288,0,2,2,0,4,217,70,5,0,292,0,0,0,292
03/08/2020,CLE,OH,AGL,CE,Combined TRACON& Tower with Radar,236,86,1,2,325,0,1,0,0,1,236,87,1,2,326,0,0,0,326
03/09/2020,CLE,OH,AGL,CE,Combined TRACON& Tower with Radar,259,86,6,0,351,0,3,6,0,9,259,89,12,0,360,0,0,0,360
03/10/2020,CLE,OH,AGL,CE,Combined TRACON& Tower with Radar,246,92,16,0,354,0,2,0,0,2,246,94,16,0,356,0,0,0,356
03/11/2020,CLE,OH,AGL,CE,Combined TRACON& Tower with Radar,255,95,13,0,363,0,0,1,1,2,255,95,14,1,365,0,0,0,365
03/12/2020,CLE,OH,AGL,CE,Combined TRACON& Tower with Radar,260,99,12,0,371,0,0,1,5,6,260,99,13,5,377,0,0,0,377
03/13/2020,CLE,OH,AGL,CE,Combined TRACON& Tower with Radar,266,91,7,0,364,0,0,6,0,6,266,91,13,0,370,0,0,0,370
03/14/2020,CLE,OH,AGL,CE,Combined TRACON& Tower with Radar,222,70,3,0,295,0,3,0,0,3,222,73,3,0,298,0,0,0,298
03/15/2020,CLE,OH,AGL,CE,Combined TRACON& Tower with Radar,230,92,3,0,325,0,2,3,0,5,230,94,6,0,330,0,0,0,330
03/16/2020,CLE,OH,AGL,CE,Combined TRACON& Tower with Radar,258,76,4,0,338,0,1,5,0,6,258,77,9,0,344,0,0,0,344
03/17/2020,CLE,OH,AGL,CE,Combined TRACON& Tower with Radar,248,84,9,0,341,0,2,0,0,2,248,86,9,0,343,0,0,0,343
03/18/2020,CLE,OH,AGL,CE,Combined TRACON& Tower with Radar,245,92,11,0,348,0,0,0,0,0,245,92,11,0,348,0,0,0,348
03/19/2020,CLE,OH,AGL,CE,Combined TRACON& Tower with Radar,229,83,15,0,327,0,0,0,0,0,229,83,15,0,327,0,0,0,327
03/20/2020,CLE,OH,AGL,CE,Combined TRACON& Tower with Radar,209,77,13,0,299,0,0,1,0,1,209,77,14,0,300,0,0,0,300
03/21/2020,CLE,OH,AGL,CE,Combined TRACON& Tower with Radar,176,69,6,0,251,0,0,0,0,0,176,69,6,0,251,0,0,0,251
03/22/2020,CLE,OH,AGL,CE,Combined TRACON& Tower with Radar,179,62,4,0,245,0,8,5,0,13,179,70,9,0,258,0,0,0,258
03/23/2020,CLE,OH,AGL,CE,Combined TRACON& Tower with Radar,185,65,8,0,258,0,2,0,0,2,185,67,8,0,260,0,0,0,260
03/24/2020,CLE,OH,AGL,CE,Combined TRACON& Tower with Radar,167,59,0,0,226,0,3,1,0,4,167,62,1,0,230,0,0,0,230
03/25/2020,CLE,OH,AGL,CE,Combined TRACON& Tower with Radar,155,59,1,0,215,0,0,0,0,0,155,59,1,0,215,0,0,0,215
03/26/2020,CLE,OH,AGL,CE,Combined TRACON& Tower with Radar,133,54,3,0,190,0,1,0,0,1,133,55,3,0,191,0,0,0,191
03/27/2020,CLE,OH,AGL,CE,Combined TRACON& Tower with Radar,144,33,6,0,183,0,0,0,0,0,144,33,6,0,183,0,0,0,183
03/28/2020,CLE,OH,AGL,CE,Combined TRACON& Tower with Radar,123,28,0,0,151,0,0,0,0,0,123,28,0,0,151,0,0,0,151
03/29/2020,CLE,OH,AGL,CE,Combined TRACON& Tower with Radar,115,23,2,0,140,0,0,0,0,0,115,23,2,0,140,0,0,0,140
03/30/2020,CLE,OH,AGL,CE,Combined TRACON& Tower with Radar,121,25,6,0,152,0,0,0,0,0,121,25,6,0,152,0,0,0,152
03/31/2020,CLE,OH,AGL,CE,Combined TRACON& Tower with Radar,128,44,4,0,176,0,2,1,0,3,128,46,5,0,179,0,0,0,179
04/01/2020,CLE,OH,AGL,CE,Combined TRACON& Tower with Radar,125,31,10,0,166,0,2,2,0,4,125,33,12,0,170,0,0,0,170
04/02/2020,CLE,OH,AGL,CE,Combined TRACON& Tower with Radar,113,14,5,0,132,0,2,3,0,5,113,16,8,0,137,0,0,0,137
04/03/2020,CLE,OH,AGL,CE,Combined TRACON& Tower with Radar,117,25,2,0,144,0,0,4,0,4,117,25,6,0,148,0,0,0,148
04/04/2020,CLE,OH,AGL,CE,Combined TRACON& Tower with Radar,102,19,2,0,123,0,0,2,0,2,102,19,4,0,125,0,0,0,125
04/05/2020,CLE,OH,AGL,CE,Combined TRACON& Tower with Radar,89,16,8,0,113,0,0,2,0,2,89,16,10,0,115,0,0,0,115
04/06/2020,CLE,OH,AGL,CE,Combined TRACON& Tower with Radar,91,17,3,0,111,0,6,2,0,8,91,23,5,0,119,0,0,0,119
04/07/2020,CLE,OH,AGL,CE,Combined TRACON& Tower with Radar,69,17,0,0,86,0,1,0,0,1,69,18,0,0,87,0,0,0,87
04/08/2020,CLE,OH,AGL,CE,Combined TRACON& Tower with Radar,81,17,7,0,105,0,0,4,0,4,81,17,11,0,109,0,0,0,109
04/09/2020,CLE,OH,AGL,CE,Combined TRACON& Tower with Radar,83,13,4,0,100,0,0,0,0,0,83,13,4,0,100,0,0,0,100
04/10/2020,CLE,OH,AGL,CE,Combined TRACON& Tower with Radar,76,12,3,0,91,0,0,0,0,0,76,12,3,0,91,0,0,0,91
04/11/2020,CLE,OH,AGL,CE,Combined TRACON& Tower with Radar,74,11,3,0,88,0,0,3,0,3,74,11,6,0,91,0,0,0,91
04/12/2020,CLE,OH,AGL,CE,Combined TRACON& Tower with Radar,64,12,1,0,77,0,0,0,0,0,64,12,1,0,77,0,0,0,77
04/13/2020,CLE,OH,AGL,CE,Combined TRACON& Tower with Radar,70,13,2,0,85,0,0,0,0,0,70,13,2,0,85,0,0,0,85
04/14/2020,CLE,OH,AGL,CE,Combined TRACON& Tower with Radar,55,14,10,0,79,0,1,1,0,2,55,15,11,0,81,0,0,0,81
04/15/2020,CLE,OH,AGL,CE,Combined TRACON& Tower with Radar,59,10,3,0,72,0,1,0,0,1,59,11,3,0,73,0,0,0,73
04/16/2020,CLE,OH,AGL,CE,Combined TRACON& Tower with Radar,61,9,3,0,73,0,0,1,0,1,61,9,4,0,74,0,0,0,74
04/17/2020,CLE,OH,AGL,CE,Combined TRACON& Tower with Radar,47,10,4,0,61,0,0,0,0,0,47,10,4,0,61,0,0,0,61
04/18/2020,CLE,OH,AGL,CE,Combined TRACON& Tower with Radar,49,21,0,0,70,0,0,6,0,6,49,21,6,0,76,0,0,0,76
04/19/2020,CLE,OH,AGL,CE,Combined TRACON& Tower with Radar,42,15,2,0,59,0,0,0,0,0,42,15,2,0,59,0,0,0,59
04/20/2020,CLE,OH,AGL,CE,Combined TRACON& Tower with Radar,43,7,0,1,51,0,0,4,0,4,43,7,4,1,55,0,0,0,55
04/21/2020,CLE,OH,AGL,CE,Combined TRACON& Tower with Radar,44,5,3,0,52,0,0,1,0,1,44,5,4,0,53,0,0,0,53
04/22/2020,CLE,OH,AGL,CE,Combined TRACON& Tower with Radar,62,12,3,0,77,0,2,3,1,6,62,14,6,1,83,0,0,0,83
04/23/2020,CLE,OH,AGL,CE,Combined TRACON& Tower with Radar,65,10,4,0,79,0,3,6,0,9,65,13,10,0,88,0,0,0,88
04/24/2020,CLE,OH,AGL,CE,Combined TRACON& Tower with Radar,53,8,3,0,64,0,4,4,0,8,53,12,7,0,72,0,0,0,72
04/25/2020,CLE,OH,AGL,CE,Combined TRACON& Tower with Radar,42,5,1,0,48,0,1,8,0,9,42,6,9,0,57,0,0,0,57
04/26/2020,CLE,OH,AGL,CE,Combined TRACON& Tower with Radar,45,9,5,0,59,0,1,0,0,1,45,10,5,0,60,0,0,0,60
04/27/2020,CLE,OH,AGL,CE,Combined TRACON& Tower with Radar,39,12,4,0,55,0,4,5,0,9,39,16,9,0,64,0,0,0,64
04/28/2020,CLE,OH,AGL,CE,Combined TRACON& Tower with Radar,45,11,4,0,60,0,0,0,0,0,45,11,4,0,60,0,0,0,60
04/29/2020,CLE,OH,AGL,CE,Combined TRACON& Tower with Radar,52,9,7,0,68,0,0,0,0,0,52,9,7,0,68,0,0,0,68
04/30/2020,CLE,OH,AGL,CE,Combined TRACON& Tower with Radar,57,7,2,0,66,1,2,0,0,3,58,9,2,0,69,0,0,0,69
05/01/2020,CLE,OH,AGL,CE,Combined TRACON& Tower with Radar,58,17,9,0,84,0,2,4,0,6,58,19,13,0,90,0,0,0,90
05/02/2020,CLE,OH,AGL,CE,Combined TRACON& Tower with Radar,61,13,5,0,79,0,0,4,0,4,61,13,9,0,83,0,0,0,83
05/03/2020,CLE,OH,AGL,CE,Combined TRACON& Tower with Radar,53,13,5,0,71,0,2,6,0,8,53,15,11,0,79,0,0,0,79
05/04/2020,CLE,OH,AGL,CE,Combined TRACON& Tower with Radar,52,20,5,0,77,0,3,7,0,10,52,23,12,0,87,0,0,0,87
05/05/2020,CLE,OH,AGL,CE,Combined TRACON& Tower with Radar,57,10,8,0,75,0,1,11,0,12,57,11,19,0,87,0,0,0,87
05/06/2020,CLE,OH,AGL,CE,Combined TRACON& Tower with Radar,54,13,9,0,76,0,2,7,0,9,54,15,16,0,85,0,0,0,85
05/07/2020,CLE,OH,AGL,CE,Combined TRACON& Tower with Radar,62,16,9,0,87,0,1,3,0,4,62,17,12,0,91,0,0,0,91
05/08/2020,CLE,OH,AGL,CE,Combined TRACON& Tower with Radar,56,18,7,0,81,0,3,0,0,3,56,21,7,0,84,0,0,0,84
05/09/2020,CLE,OH,AGL,CE,Combined TRACON& Tower with Radar,38,10,2,0,50,0,2,4,0,6,38,12,6,0,56,0,0,0,56
05/10/2020,CLE,OH,AGL,CE,Combined TRACON& Tower with Radar,51,16,0,0,67,0,2,0,0,2,51,18,0,0,69,0,0,0,69
05/11/2020,CLE,OH,AGL,CE,Combined TRACON& Tower with Radar,50,17,9,0,76,0,4,0,0,4,50,21,9,0,80,0,0,0,80
05/12/2020,CLE,OH,AGL,CE,Combined TRACON& Tower with Radar,51,14,13,0,78,0,1,4,0,5,51,15,17,0,83,0,0,0,83
05/13/2020,CLE,OH,AGL,CE,Combined TRACON& Tower with Radar,47,18,18,2,85,0,1,18,0,19,47,19,36,2,104,0,0,0,104
05/14/2020,CLE,OH,AGL,CE,Combined TRACON& Tower with Radar,56,25,15,0,96,0,2,0,0,2,56,27,15,0,98,0,0,0,98
05/15/2020,CLE,OH,AGL,CE,Combined TRACON& Tower with Radar,61,29,7,0,97,0,3,1,0,4,61,32,8,0,101,0,0,0,101
05/16/2020,CLE,OH,AGL,CE,Combined TRACON& Tower with Radar,44,12,4,0,60,0,2,20,0,22,44,14,24,0,82,0,0,0,82
05/17/2020,CLE,OH,AGL,CE,Combined TRACON& Tower with Radar,49,15,2,0,66,0,0,1,0,1,49,15,3,0,67,0,0,0,67
05/18/2020,CLE,OH,AGL,CE,Combined TRACON& Tower with Radar,57,22,4,0,83,0,1,2,0,3,57,23,6,0,86,0,0,0,86
05/19/2020,CLE,OH,AGL,CE,Combined TRACON& Tower with Radar,48,14,3,0,65,0,0,1,0,1,48,14,4,0,66,0,0,0,66
05/20/2020,CLE,OH,AGL,CE,Combined TRACON& Tower with Radar,50,25,20,0,95,0,0,12,0,12,50,25,32,0,107,0,0,0,107
05/21/2020,CLE,OH,AGL,CE,Combined TRACON& Tower with Radar,68,19,6,0,93,0,3,9,0,12,68,22,15,0,105,0,0,0,105
05/22/2020,CLE,OH,AGL,CE,Combined TRACON& Tower with Radar,70,19,10,0,99,0,1,1,0,2,70,20,11,0,101,0,0,0,101
05/23/2020,CLE,OH,AGL,CE,Combined TRACON& Tower with Radar,42,8,10,0,60,0,3,4,0,7,42,11,14,0,67,0,0,0,67
05/24/2020,CLE,OH,AGL,CE,Combined TRACON& Tower with Radar,57,14,0,0,71,0,2,5,4,11,57,16,5,4,82,0,0,0,82
05/25/2020,CLE,OH,AGL,CE,Combined TRACON& Tower with Radar,58,18,2,0,78,0,0,6,0,6,58,18,8,0,84,0,0,0,84
05/26/2020,CLE,OH,AGL,CE,Combined TRACON& Tower with Radar,53,19,13,0,85,0,2,7,0,9,53,21,20,0,94,0,0,0,94
05/27/2020,CLE,OH,AGL,CE,Combined TRACON& Tower with Radar,52,25,13,0,90,0,1,2,0,3,52,26,15,0,93,0,0,0,93
05/28/2020,CLE,OH,AGL,CE,Combined TRACON& Tower with Radar,66,18,9,0,93,0,5,1,0,6,66,23,10,0,99,0,0,0,99
05/29/2020,CLE,OH,AGL,CE,Combined TRACON& Tower with Radar,62,16,14,0,92,0,5,11,0,16,62,21,25,0,108,0,0,0,108
05/30/2020,CLE,OH,AGL,CE,Combined TRACON& Tower with Radar,44,14,15,0,73,0,1,6,0,7,44,15,21,0,80,0,0,0,80
05/31/2020,CLE,OH,AGL,CE,Combined TRACON& Tower with Radar,63,12,5,0,80,0,1,6,0,7,63,13,11,0,87,0,0,0,87
06/01/2020,CLE,OH,AGL,CE,Combined TRACON& Tower with Radar,67,21,15,0,103,0,2,14,0,16,67,23,29,0,119,0,0,0,119
06/02/2020,CLE,OH,AGL,CE,Combined TRACON& Tower with Radar,55,13,12,0,80,0,2,3,0,5,55,15,15,0,85,0,0,0,85
06/03/2020,CLE,OH,AGL,CE,Combined TRACON& Tower with Radar,58,20,10,0,88,0,7,1,0,8,58,27,11,0,96,0,0,0,96
06/04/2020,CLE,OH,AGL,CE,Combined TRACON& Tower with Radar,75,27,14,0,116,0,2,8,0,10,75,29,22,0,126,0,0,0,126
06/05/2020,CLE,OH,AGL,CE,Combined TRACON& Tower with Radar,87,23,7,0,117,0,1,3,0,4,87,24,10,0,121,0,0,0,121
06/06/2020,CLE,OH,AGL,CE,Combined TRACON& Tower with Radar,59,15,1,0,75,0,2,2,0,4,59,17,3,0,79,0,0,0,79
06/07/2020,CLE,OH,AGL,CE,Combined TRACON& Tower with Radar,72,18,6,0,96,0,0,9,0,9,72,18,15,0,105,0,0,0,105
06/08/2020,CLE,OH,AGL,CE,Combined TRACON& Tower with Radar,88,25,4,0,117,0,6,13,0,19,88,31,17,0,136,0,0,0,136
06/09/2020,CLE,OH,AGL,CE,Combined TRACON& Tower with Radar,69,20,11,0,100,0,2,3,0,5,69,22,14,0,105,0,0,0,105
06/10/2020,CLE,OH,AGL,CE,Combined TRACON& Tower with Radar,76,15,8,0,99,0,6,0,0,6,76,21,8,0,105,0,0,0,105
06/11/2020,CLE,OH,AGL,CE,Combined TRACON& Tower with Radar,90,26,12,0,128,0,1,7,0,8,90,27,19,0,136,0,0,0,136
06/12/2020,CLE,OH,AGL,CE,Combined TRACON& Tower with Radar,102,23,15,0,140,0,4,10,0,14,102,27,25,0,154,0,0,0,154
06/13/2020,CLE,OH,AGL,CE,Combined TRACON& Tower with Radar,69,13,3,0,85,0,2,6,0,8,69,15,9,0,93,0,0,0,93
06/14/2020,CLE,OH,AGL,CE,Combined TRACON& Tower with Radar,79,20,6,0,105,0,0,3,0,3,79,20,9,0,108,0,0,0,108
06/15/2020,CLE,OH,AGL,CE,Combined TRACON& Tower with Radar,93,22,14,0,129,0,2,1,0,3,93,24,15,0,132,0,0,0,132
06/16/2020,CLE,OH,AGL,CE,Combined TRACON& Tower with Radar,77,18,21,0,116,0,4,3,0,7,77,22,24,0,123,0,0,0,123
06/17/2020,CLE,OH,AGL,CE,Combined TRACON& Tower with Radar,79,26,16,0,121,0,4,5,0,9,79,30,21,0,130,0,0,0,130
06/18/2020,CLE,OH,AGL,CE,Combined TRACON& Tower with Radar,102,21,19,0,142,0,1,5,0,6,102,22,24,0,148,0,0,0,148
06/19/2020,CLE,OH,AGL,CE,Combined TRACON& Tower with Radar,104,14,16,0,134,0,8,6,0,14,104,22,22,0,148,0,0,0,148
06/20/2020,CLE,OH,AGL,CE,Combined TRACON& Tower with Radar,83,10,4,0,97,0,1,7,0,8,83,11,11,0,105,0,0,0,105
06/21/2020,CLE,OH,AGL,CE,Combined TRACON& Tower with Radar,93,14,7,0,114,0,0,2,0,2,93,14,9,0,116,0,0,0,116
06/22/2020,CLE,OH,AGL,CE,Combined TRACON& Tower with Radar,102,22,10,0,134,0,0,8,0,8,102,22,18,0,142,0,0,0,142
06/23/2020,CLE,OH,AGL,CE,Combined TRACON& Tower with Radar,85,30,11,0,126,0,0,1,0,1,85,30,12,0,127,0,0,0,127
06/24/2020,CLE,OH,AGL,CE,Combined TRACON& Tower with Radar,84,25,17,0,126,0,2,12,0,14,84,27,29,0,140,0,0,0,140
06/25/2020,CLE,OH,AGL,CE,Combined TRACON& Tower with Radar,103,24,15,2,144,0,4,4,0,8,103,28,19,2,152,0,0,0,152
06/26/2020,CLE,OH,AGL,CE,Combined TRACON& Tower with Radar,111,24,16,0,151,0,5,2,0,7,111,29,18,0,158,0,0,0,158
06/27/2020,CLE,OH,AGL,CE,Combined TRACON& Tower with Radar,89,14,5,0,108,0,0,2,0,2,89,14,7,0,110,0,0,0,110
06/28/2020,CLE,OH,AGL,CE,Combined TRACON& Tower with Radar,94,24,7,0,125,0,1,5,1,7,94,25,12,1,132,0,0,0,132
06/29/2020,CLE,OH,AGL,CE,Combined TRACON& Tower with Radar,112,29,13,0,154,0,3,3,0,6,112,32,16,0,160,0,0,0,160
06/30/2020,CLE,OH,AGL,CE,Combined TRACON& Tower with Radar,89,21,10,0,120,0,2,8,0,10,89,23,18,0,130,0,0,0,130
07/01/2020,CLE,OH,AGL,CE,Combined TRACON& Tower with Radar,108,31,25,0,164,0,2,2,1,5,108,33,27,1,169,0,0,0,169
07/02/2020,CLE,OH,AGL,CE,Combined TRACON& Tower with Radar,131,29,9,0,169,0,4,3,0,7,131,33,12,0,176,0,0,0,176
07/03/2020,CLE,OH,AGL,CE,Combined TRACON& Tower with Radar,132,21,1,0,154,0,2,6,0,8,132,23,7,0,162,0,0,0,162
07/04/2020,CLE,OH,AGL,CE,Combined TRACON& Tower with Radar,96,6,4,0,106,0,1,0,0,1,96,7,4,0,107,0,0,0,107
07/05/2020,CLE,OH,AGL,CE,Combined TRACON& Tower with Radar,123,22,8,0,153,0,4,4,0,8,123,26,12,0,161,0,0,0,161
07/06/2020,CLE,OH,AGL,CE,Combined TRACON& Tower with Radar,141,26,13,0,180,0,1,4,0,5,141,27,17,0,185,0,0,0,185
07/07/2020,CLE,OH,AGL,CE,Combined TRACON& Tower with Radar,150,18,17,0,185,0,4,2,0,6,150,22,19,0,191,0,0,0,191
07/08/2020,CLE,OH,AGL,CE,Combined TRACON& Tower with Radar,142,15,17,0,174,0,2,4,0,6,142,17,21,0,180,0,0,0,180
07/09/2020,CLE,OH,AGL,CE,Combined TRACON& Tower with Radar,161,18,19,0,198,0,6,1,0,7,161,24,20,0,205,0,0,0,205
07/10/2020,CLE,OH,AGL,CE,Combined TRACON& Tower with Radar,167,15,7,0,189,0,3,0,0,3,167,18,7,0,192,0,0,0,192
07/11/2020,CLE,OH,AGL,CE,Combined TRACON& Tower with Radar,138,15,3,0,156,0,4,0,0,4,138,19,3,0,160,0,0,0,160
07/12/2020,CLE,OH,AGL,CE,Combined TRACON& Tower with Radar,148,11,9,0,168,0,3,2,0,5,148,14,11,0,173,0,0,0,173
07/13/2020,CLE,OH,AGL,CE,Combined TRACON& Tower with Radar,161,23,15,0,199,0,2,4,0,6,161,25,19,0,205,0,0,0,205
07/14/2020,CLE,OH,AGL,CE,Combined TRACON& Tower with Radar,148,9,6,0,163,0,9,10,0,19,148,18,16,0,182,0,0,0,182
07/15/2020,CLE,OH,AGL,CE,Combined TRACON& Tower with Radar,135,11,15,0,161,0,5,11,0,16,135,16,26,0,177,0,0,0,177
07/16/2020,CLE,OH,AGL,CE,Combined TRACON& Tower with Radar,157,16,11,0,184,0,5,0,0,5,157,21,11,0,189,0,0,0,189
07/17/2020,CLE,OH,AGL,CE,Combined TRACON& Tower with Radar,166,17,17,0,200,0,7,5,0,12,166,24,22,0,212,0,0,0,212
07/18/2020,CLE,OH,AGL,CE,Combined TRACON& Tower with Radar,139,19,5,0,163,0,4,0,0,4,139,23,5,0,167,0,0,0,167
07/19/2020,CLE,OH,AGL,CE,Combined TRACON& Tower with Radar,149,14,9,0,172,0,0,1,0,1,149,14,10,0,173,0,0,0,173
07/20/2020,CLE,OH,AGL,CE,Combined TRACON& Tower with Radar,157,17,8,0,182,0,1,1,0,2,157,18,9,0,184,0,0,0,184
07/21/2020,CLE,OH,AGL,CE,Combined TRACON& Tower with Radar,146,15,16,0,177,0,1,4,0,5,146,16,20,0,182,0,0,0,182
07/22/2020,CLE,OH,AGL,CE,Combined TRACON& Tower with Radar,135,22,16,0,173,0,0,2,2,4,135,22,18,2,177,0,0,0,177
07/23/2020,CLE,OH,AGL,CE,Combined TRACON& Tower with Radar,163,26,17,0,206,0,0,1,0,1,163,26,18,0,207,0,0,0,207
07/24/2020,CLE,OH,AGL,CE,Combined TRACON& Tower with Radar,166,21,9,0,196,0,4,6,0,10,166,25,15,0,206,0,0,0,206
07/25/2020,CLE,OH,AGL,CE,Combined TRACON& Tower with Radar,139,12,11,0,162,0,2,6,0,8,139,14,17,0,170,0,0,0,170
07/26/2020,CLE,OH,AGL,CE,Combined TRACON& Tower with Radar,152,27,9,0,188,0,2,15,0,17,152,29,24,0,205,0,0,0,205
07/27/2020,CLE,OH,AGL,CE,Combined TRACON& Tower with Radar,170,15,13,0,198,0,2,3,0,5,170,17,16,0,203,0,0,0,203
07/28/2020,CLE,OH,AGL,CE,Combined TRACON& Tower with Radar,142,27,15,0,184,0,4,2,0,6,142,31,17,0,190,0,0,0,190
07/29/2020,CLE,OH,AGL,CE,Combined TRACON& Tower with Radar,141,13,16,0,170,0,5,2,0,7,141,18,18,0,177,0,0,0,177
07/30/2020,CLE,OH,AGL,CE,Combined TRACON& Tower with Radar,154,21,11,0,186,0,0,3,0,3,154,21,14,0,189,0,0,0,189
07/31/2020,CLE,OH,AGL,CE,Combined TRACON& Tower with Radar,160,19,8,0,187,0,6,1,0,7,160,25,9,0,194,0,0,0,194
08/01/2020,CLE,OH,AGL,CE,Combined TRACON& Tower with Radar,155,11,1,2,169,0,2,0,0,2,155,13,1,2,171,0,0,0,171
08/02/2020,CLE,OH,AGL,CE,Combined TRACON& Tower with Radar,167,21,15,0,203,0,0,0,0,0,167,21,15,0,203,0,0,0,203
08/03/2020,CLE,OH,AGL,CE,Combined TRACON& Tower with Radar,172,22,8,3,205,0,0,0,2,2,172,22,8,5,207,0,0,0,207
08/04/2020,CLE,OH,AGL,CE,Combined TRACON& Tower with Radar,140,18,7,1,166,0,2,0,2,4,140,20,7,3,170,0,0,0,170
08/05/2020,CLE,OH,AGL,CE,Combined TRACON& Tower with Radar,142,18,8,5,173,0,8,7,2,17,142,26,15,7,190,0,0,0,190
08/06/2020,CLE,OH,AGL,CE,Combined TRACON& Tower with Radar,165,17,13,4,199,0,3,0,1,4,165,20,13,5,203,0,0,0,203
08/07/2020,CLE,OH,AGL,CE,Combined TRACON& Tower with Radar,173,23,15,8,219,0,0,6,1,7,173,23,21,9,226,0,0,0,226
08/08/2020,CLE,OH,AGL,CE,Combined TRACON& Tower with Radar,143,8,3,0,154,0,2,6,0,8,143,10,9,0,162,0,0,0,162
08/09/2020,CLE,OH,AGL,CE,Combined TRACON& Tower with Radar,153,17,15,0,185,0,6,5,0,11,153,23,20,0,196,0,0,0,196
08/10/2020,CLE,OH,AGL,CE,Combined TRACON& Tower with Radar,167,24,17,0,208,0,2,2,0,4,167,26,19,0,212,0,0,0,212
08/11/2020,CLE,OH,AGL,CE,Combined TRACON& Tower with Radar,150,14,25,0,189,0,4,0,0,4,150,18,25,0,193,0,0,0,193
08/12/2020,CLE,OH,AGL,CE,Combined TRACON& Tower with Radar,150,14,15,0,179,0,2,5,0,7,150,16,20,0,186,0,0,0,186
08/13/2020,CLE,OH,AGL,CE,Combined TRACON& Tower with Radar,179,18,17,0,214,0,2,2,0,4,179,20,19,0,218,0,0,0,218
08/14/2020,CLE,OH,AGL,CE,Combined TRACON& Tower with Radar,181,14,4,0,199,0,3,1,0,4,181,17,5,0,203,0,0,0,203
08/15/2020,CLE,OH,AGL,CE,Combined TRACON& Tower with Radar,153,16,6,0,175,0,4,4,1,9,153,20,10,1,184,0,0,0,184
08/16/2020,CLE,OH,AGL,CE,Combined TRACON& Tower with Radar,167,14,5,0,186,0,0,2,0,2,167,14,7,0,188,0,0,0,188
08/17/2020,CLE,OH,AGL,CE,Combined TRACON& Tower with Radar,174,17,19,0,210,0,2,2,0,4,174,19,21,0,214,0,0,0,214
08/18/2020,CLE,OH,AGL,CE,Combined TRACON& Tower with Radar,152,23,8,0,183,0,3,3,0,6,152,26,11,0,189,0,0,0,189
08/19/2020,CLE,OH,AGL,CE,Combined TRACON& Tower with Radar,149,14,6,0,169,0,3,8,0,11,149,17,14,0,180,0,0,0,180
08/20/2020,CLE,OH,AGL,CE,Combined TRACON& Tower with Radar,171,18,15,0,204,0,6,6,0,12,171,24,21,0,216,0,0,0,216
08/21/2020,CLE,OH,AGL,CE,Combined TRACON& Tower with Radar,168,15,18,0,201,0,2,7,0,9,168,17,25,0,210,0,0,0,210
08/22/2020,CLE,OH,AGL,CE,Combined TRACON& Tower with Radar,155,14,14,0,183,0,2,5,0,7,155,16,19,0,190,0,0,0,190
08/23/2020,CLE,OH,AGL,CE,Combined TRACON& Tower with Radar,161,17,7,0,185,0,8,6,0,14,161,25,13,0,199,0,0,0,199
08/24/2020,CLE,OH,AGL,CE,Combined TRACON& Tower with Radar,164,15,14,8,201,0,0,2,9,11,164,15,16,17,212,0,0,0,212
08/25/2020,CLE,OH,AGL,CE,Combined TRACON& Tower with Radar,151,21,12,0,184,0,3,3,0,6,151,24,15,0,190,0,0,0,190
08/26/2020,CLE,OH,AGL,CE,Combined TRACON& Tower with Radar,147,21,10,0,178,0,2,0,0,2,147,23,10,0,180,0,0,0,180
08/27/2020,CLE,OH,AGL,CE,Combined TRACON& Tower with Radar,167,33,14,1,215,0,6,3,0,9,167,39,17,1,224,0,0,0,224
08/28/2020,CLE,OH,AGL,CE,Combined TRACON& Tower with Radar,174,21,9,0,204,0,0,1,0,1,174,21,10,0,205,0,0,0,205
08/29/2020,CLE,OH,AGL,CE,Combined TRACON& Tower with Radar,153,28,3,0,184,0,3,3,0,6,153,31,6,0,190,0,0,0,190
08/30/2020,CLE,OH,AGL,CE,Combined TRACON& Tower with Radar,158,18,5,0,181,0,2,5,0,7,158,20,10,0,188,0,0,0,188
08/31/2020,CLE,OH,AGL,CE,Combined TRACON& Tower with Radar,162,26,14,0,202,0,3,3,0,6,162,29,17,0,208,0,0,0,208
09/01/2020,CLE,OH,AGL,CE,Combined TRACON& Tower with Radar,149,19,20,0,188,0,1,3,0,4,149,20,23,0,192,0,0,0,192
09/02/2020,CLE,OH,AGL,CE,Combined TRACON& Tower with Radar,153,12,22,0,187,0,0,0,0,0,153,12,22,0,187,0,0,0,187
09/03/2020,CLE,OH,AGL,CE,Combined TRACON& Tower with Radar,172,16,21,0,209,0,1,4,0,5,172,17,25,0,214,0,0,0,214
09/04/2020,CLE,OH,AGL,CE,Combined TRACON& Tower with Radar,167,17,15,0,199,0,6,2,0,8,167,23,17,0,207,0,0,0,207
09/05/2020,CLE,OH,AGL,CE,Combined TRACON& Tower with Radar,134,13,1,0,148,0,0,4,0,4,134,13,5,0,152,0,0,0,152
09/06/2020,CLE,OH,AGL,CE,Combined TRACON& Tower with Radar,123,6,1,0,130,0,2,4,0,6,123,8,5,0,136,0,0,0,136
09/07/2020,CLE,OH,AGL,CE,Combined TRACON& Tower with Radar,142,15,4,0,161,0,0,0,0,0,142,15,4,0,161,0,0,0,161
09/08/2020,CLE,OH,AGL,CE,Combined TRACON& Tower with Radar,119,18,22,0,159,0,4,2,0,6,119,22,24,0,165,0,0,0,165
09/09/2020,CLE,OH,AGL,CE,Combined TRACON& Tower with Radar,109,25,21,0,155,0,0,0,0,0,109,25,21,0,155,0,0,0,155
09/10/2020,CLE,OH,AGL,CE,Combined TRACON& Tower with Radar,140,22,17,0,179,0,0,0,0,0,140,22,17,0,179,0,0,0,179
09/11/2020,CLE,OH,AGL,CE,Combined TRACON& Tower with Radar,144,33,12,0,189,0,8,2,0,10,144,41,14,0,199,0,0,0,199
09/12/2020,CLE,OH,AGL,CE,Combined TRACON& Tower with Radar,122,29,0,0,151,0,1,2,0,3,122,30,2,0,154,0,0,0,154
09/13/2020,CLE,OH,AGL,CE,Combined TRACON& Tower with Radar,138,16,13,0,167,0,4,4,0,8,138,20,17,0,175,0,0,0,175
09/14/2020,CLE,OH,AGL,CE,Combined TRACON& Tower with Radar,127,26,16,0,169,0,0,1,0,1,127,26,17,0,170,0,0,0,170
09/15/2020,CLE,OH,AGL,CE,Combined TRACON& Tower with Radar,103,24,12,0,139,0,1,2,2,5,103,25,14,2,144,0,0,0,144
09/16/2020,CLE,OH,AGL,CE,Combined TRACON& Tower with Radar,106,25,17,0,148,0,4,6,0,10,106,29,23,0,158,0,0,0,158
09/17/2020,CLE,OH,AGL,CE,Combined TRACON& Tower with Radar,138,31,20,0,189,0,3,11,0,14,138,34,31,0,203,0,0,0,203
09/18/2020,CLE,OH,AGL,CE,Combined TRACON& Tower with Radar,146,25,16,2,189,0,1,5,0,6,146,26,21,2,195,0,0,0,195
09/19/2020,CLE,OH,AGL,CE,Combined TRACON& Tower with Radar,122,27,4,0,153,0,2,4,0,6,122,29,8,0,159,0,0,0,159
09/20/2020,CLE,OH,AGL,CE,Combined TRACON& Tower with Radar,136,21,7,0,164,0,2,1,0,3,136,23,8,0,167,0,0,0,167
09/21/2020,CLE,OH,AGL,CE,Combined TRACON& Tower with Radar,127,24,22,0,173,0,2,8,0,10,127,26,30,0,183,0,0,0,183
09/22/2020,CLE,OH,AGL,CE,Combined TRACON& Tower with Radar,103,16,28,0,147,0,5,0,0,5,103,21,28,0,152,0,0,0,152
09/23/2020,CLE,OH,AGL,CE,Combined TRACON& Tower with Radar,108,25,20,0,153,0,2,2,0,4,108,27,22,0,157,0,0,0,157
09/24/2020,CLE,OH,AGL,CE,Combined TRACON& Tower with Radar,137,20,16,2,175,0,2,4,0,6,137,22,20,2,181,0,0,0,181
09/25/2020,CLE,OH,AGL,CE,Combined TRACON& Tower with Radar,144,19,34,0,197,0,3,2,0,5,144,22,36,0,202,0,0,0,202
09/26/2020,CLE,OH,AGL,CE,Combined TRACON& Tower with Radar,122,20,5,0,147,0,0,4,0,4,122,20,9,0,151,0,0,0,151
09/27/2020,CLE,OH,AGL,CE,Combined TRACON& Tower with Radar,141,33,13,2,189,0,2,2,1,5,141,35,15,3,194,0,0,0,194
09/28/2020,CLE,OH,AGL,CE,Combined TRACON& Tower with Radar,133,21,13,3,170,0,1,1,0,2,133,22,14,3,172,0,0,0,172
09/29/2020,CLE,OH,AGL,CE,Combined TRACON& Tower with Radar,107,18,25,3,153,0,0,4,0,4,107,18,29,3,157,0,0,0,157
09/30/2020,CLE,OH,AGL,CE,Combined TRACON& Tower with Radar,115,22,10,4,151,0,5,0,0,5,115,27,10,4,156,0,0,0,156
10/01/2020,CLE,OH,AGL,CE,Combined TRACON& Tower with Radar,153,22,15,0,190,0,4,2,0,6,153,26,17,0,196,0,0,0,196
10/02/2020,CLE,OH,AGL,CE,Combined TRACON& Tower with Radar,149,19,15,0,183,0,0,2,0,2,149,19,17,0,185,0,0,0,185
10/03/2020,CLE,OH,AGL,CE,Combined TRACON& Tower with Radar,127,10,9,0,146,0,1,2,0,3,127,11,11,0,149,0,0,0,149
10/04/2020,CLE,OH,AGL,CE,Combined TRACON& Tower with Radar,149,20,12,0,181,0,1,0,0,1,149,21,12,0,182,0,0,0,182
10/05/2020,CLE,OH,AGL,CE,Combined TRACON& Tower with Radar,138,14,9,0,161,0,2,1,0,3,138,16,10,0,164,0,0,0,164
10/06/2020,CLE,OH,AGL,CE,Combined TRACON& Tower with Radar,116,26,21,0,163,0,2,0,1,3,116,28,21,1,166,0,0,0,166
10/07/2020,CLE,OH,AGL,CE,Combined TRACON& Tower with Radar,120,21,17,0,158,0,1,6,0,7,120,22,23,0,165,0,0,0,165
10/08/2020,CLE,OH,AGL,CE,Combined TRACON& Tower with Radar,162,30,23,0,215,0,1,7,0,8,162,31,30,0,223,0,0,0,223
10/09/2020,CLE,OH,AGL,CE,Combined TRACON& Tower with Radar,151,24,7,3,185,0,7,6,0,13,151,31,13,3,198,0,0,0,198
10/10/2020,CLE,OH,AGL,CE,Combined TRACON& Tower with Radar,133,18,6,0,157,0,2,4,0,6,133,20,10,0,163,0,0,0,163
10/11/2020,CLE,OH,AGL,CE,Combined TRACON& Tower with Radar,152,26,13,1,192,0,2,6,0,8,152,28,19,1,200,0,0,0,200
10/12/2020,CLE,OH,AGL,CE,Combined TRACON& Tower with Radar,147,20,25,0,192,0,0,0,0,0,147,20,25,0,192,0,0,0,192
10/13/2020,CLE,OH,AGL,CE,Combined TRACON& Tower with Radar,116,27,9,0,152,0,4,5,0,9,116,31,14,0,161,0,0,0,161
10/14/2020,CLE,OH,AGL,CE,Combined TRACON& Tower with Radar,116,26,8,0,150,0,5,0,0,5,116,31,8,0,155,0,0,0,155
10/15/2020,CLE,OH,AGL,CE,Combined TRACON& Tower with Radar,157,26,17,0,200,0,5,0,0,5,157,31,17,0,205,0,0,0,205
10/16/2020,CLE,OH,AGL,CE,Combined TRACON& Tower with Radar,150,23,18,0,191,0,0,0,0,0,150,23,18,0,191,0,0,0,191
10/17/2020,CLE,OH,AGL,CE,Combined TRACON& Tower with Radar,132,16,2,0,150,0,0,2,0,2,132,16,4,0,152,0,0,0,152
10/18/2020,CLE,OH,AGL,CE,Combined TRACON& Tower with Radar,148,17,6,0,171,0,4,0,0,4,148,21,6,0,175,0,0,0,175
10/19/2020,CLE,OH,AGL,CE,Combined TRACON& Tower with Radar,139,26,21,0,186,0,0,0,0,0,139,26,21,0,186,0,0,0,186
10/20/2020,CLE,OH,AGL,CE,Combined TRACON& Tower with Radar,114,40,19,0,173,0,2,0,0,2,114,42,19,0,175,0,0,0,175
10/21/2020,CLE,OH,AGL,CE,Combined TRACON& Tower with Radar,115,26,13,0,154,0,2,0,0,2,115,28,13,0,156,0,0,0,156
10/22/2020,CLE,OH,AGL,CE,Combined TRACON& Tower with Radar,161,31,25,0,217,0,4,4,0,8,161,35,29,0,225,0,0,0,225
10/23/2020,CLE,OH,AGL,CE,Combined TRACON& Tower with Radar,147,30,10,0,187,0,0,1,0,1,147,30,11,0,188,0,0,0,188
10/24/2020,CLE,OH,AGL,CE,Combined TRACON& Tower with Radar,125,15,4,0,144,0,0,0,0,0,125,15,4,0,144,0,0,0,144
10/25/2020,CLE,OH,AGL,CE,Combined TRACON& Tower with Radar,140,27,9,0,176,0,9,0,0,9,140,36,9,0,185,0,0,0,185
10/26/2020,CLE,OH,AGL,CE,Combined TRACON& Tower with Radar,136,29,20,0,185,0,0,0,0,0,136,29,20,0,185,0,0,0,185
10/27/2020,CLE,OH,AGL,CE,Combined TRACON& Tower with Radar,111,20,22,6,159,0,0,1,0,1,111,20,23,6,160,0,0,0,160
10/28/2020,CLE,OH,AGL,CE,Combined TRACON& Tower with Radar,112,26,14,6,158,0,0,0,2,2,112,26,14,8,160,0,0,0,160
10/29/2020,CLE,OH,AGL,CE,Combined TRACON& Tower with Radar,148,29,11,0,188,0,0,0,0,0,148,29,11,0,188,0,0,0,188
10/30/2020,CLE,OH,AGL,CE,Combined TRACON& Tower with Radar,143,19,18,0,180,0,0,1,0,1,143,19,19,0,181,0,0,0,181
10/31/2020,CLE,OH,AGL,CE,Combined TRACON& Tower with Radar,105,15,5,0,125,0,2,4,1,7,105,17,9,1,132,0,0,0,132
11/01/2020,CLE,OH,AGL,CE,Combined TRACON& Tower with Radar,139,17,9,0,165,0,2,0,0,2,139,19,9,0,167,0,0,0,167
11/02/2020,CLE,OH,AGL,CE,Combined TRACON& Tower with Radar,128,27,17,0,172,0,4,0,0,4,128,31,17,0,176,0,0,0,176
11/03/2020,CLE,OH,AGL,CE,Combined TRACON& Tower with Radar,98,14,19,1,132,0,7,2,5,14,98,21,21,6,146,0,0,0,146
11/04/2020,CLE,OH,AGL,CE,Combined TRACON& Tower with Radar,115,25,12,4,156,0,6,8,2,16,115,31,20,6,172,0,0,0,172
11/05/2020,CLE,OH,AGL,CE,Combined TRACON& Tower with Radar,155,25,18,0,198,0,7,0,0,7,155,32,18,0,205,0,0,0,205
11/06/2020,CLE,OH,AGL,CE,Combined TRACON& Tower with Radar,150,28,13,0,191,0,3,2,2,7,150,31,15,2,198,0,0,0,198
11/07/2020,CLE,OH,AGL,CE,Combined TRACON& Tower with Radar,136,20,4,1,161,0,2,2,0,4,136,22,6,1,165,0,0,0,165
11/08/2020,CLE,OH,AGL,CE,Combined TRACON& Tower with Radar,159,18,8,0,185,0,3,4,0,7,159,21,12,0,192,0,0,0,192
11/09/2020,CLE,OH,AGL,CE,Combined TRACON& Tower with Radar,147,16,16,1,180,0,3,3,0,6,147,19,19,1,186,0,0,0,186
11/10/2020,CLE,OH,AGL,CE,Combined TRACON& Tower with Radar,113,16,11,0,140,0,1,14,0,15,113,17,25,0,155,0,0,0,155
11/11/2020,CLE,OH,AGL,CE,Combined TRACON& Tower with Radar,122,30,13,0,165,0,0,0,0,0,122,30,13,0,165,0,0,0,165
11/12/2020,CLE,OH,AGL,CE,Combined TRACON& Tower with Radar,170,41,19,0,230,0,3,1,0,4,170,44,20,0,234,0,0,0,234
11/13/2020,CLE,OH,AGL,CE,Combined TRACON& Tower with Radar,161,37,10,1,209,0,7,2,0,9,161,44,12,1,218,0,0,0,218
11/14/2020,CLE,OH,AGL,CE,Combined TRACON& Tower with Radar,141,15,8,0,164,0,0,0,1,1,141,15,8,1,165,0,0,0,165
11/15/2020,CLE,OH,AGL,CE,Combined TRACON& Tower with Radar,160,15,7,0,182,0,0,0,0,0,160,15,7,0,182,0,0,0,182
11/16/2020,CLE,OH,AGL,CE,Combined TRACON& Tower with Radar,151,15,11,0,177,0,2,2,0,4,151,17,13,0,181,0,0,0,181
11/17/2020,CLE,OH,AGL,CE,Combined TRACON& Tower with Radar,118,18,11,0,147,0,0,0,0,0,118,18,11,0,147,0,0,0,147
11/18/2020,CLE,OH,AGL,CE,Combined TRACON& Tower with Radar,119,31,14,0,164,0,5,5,0,10,119,36,19,0,174,0,0,0,174
11/19/2020,CLE,OH,AGL,CE,Combined TRACON& Tower with Radar,178,27,17,0,222,0,4,2,0,6,178,31,19,0,228,0,0,0,228
11/20/2020,CLE,OH,AGL,CE,Combined TRACON& Tower with Radar,165,24,7,0,196,0,0,2,0,2,165,24,9,0,198,0,0,0,198
11/21/2020,CLE,OH,AGL,CE,Combined TRACON& Tower with Radar,170,25,8,0,203,0,2,10,0,12,170,27,18,0,215,0,0,0,215
11/22/2020,CLE,OH,AGL,CE,Combined TRACON& Tower with Radar,170,24,7,0,201,0,0,0,0,0,170,24,7,0,201,0,0,0,201
11/23/2020,CLE,OH,AGL,CE,Combined TRACON& Tower with Radar,153,23,13,0,189,0,4,1,0,5,153,27,14,0,194,0,0,0,194
11/24/2020,CLE,OH,AGL,CE,Combined TRACON& Tower with Radar,178,19,18,0,215,0,0,0,0,0,178,19,18,0,215,0,0,0,215
11/25/2020,CLE,OH,AGL,CE,Combined TRACON& Tower with Radar,171,19,15,2,207,0,2,0,0,2,171,21,15,2,209,0,0,0,209
11/26/2020,CLE,OH,AGL,CE,Combined TRACON& Tower with Radar,101,11,0,0,112,0,0,0,0,0,101,11,0,0,112,0,0,0,112
11/27/2020,CLE,OH,AGL,CE,Combined TRACON& Tower with Radar,137,14,6,0,157,0,3,0,0,3,137,17,6,0,160,0,0,0,160
11/28/2020,CLE,OH,AGL,CE,Combined TRACON& Tower with Radar,189,15,4,0,208,0,2,4,0,6,189,17,8,0,214,0,0,0,214
11/29/2020,CLE,OH,AGL,CE,Combined TRACON& Tower with Radar,179,30,10,0,219,0,2,4,0,6,179,32,14,0,225,0,0,0,225
11/30/2020,CLE,OH,AGL,CE,Combined TRACON& Tower with Radar,167,33,17,0,217,0,0,0,0,0,167,33,17,0,217,0,0,0,217
12/01/2020,CLE,OH,AGL,CE,Combined TRACON& Tower with Radar,132,17,3,0,152,0,0,0,0,0,132,17,3,0,152,0,0,0,152
12/02/2020,CLE,OH,AGL,CE,Combined TRACON& Tower with Radar,113,40,7,0,160,0,0,0,0,0,113,40,7,0,160,0,0,0,160
12/03/2020,CLE,OH,AGL,CE,Combined TRACON& Tower with Radar,162,15,6,0,183,0,2,5,0,7,162,17,11,0,190,0,0,0,190
12/04/2020,CLE,OH,AGL,CE,Combined TRACON& Tower with Radar,152,8,8,1,169,0,2,0,1,3,152,10,8,2,172,0,0,0,172
12/05/2020,CLE,OH,AGL,CE,Combined TRACON& Tower with Radar,129,20,4,0,153,0,2,0,0,2,129,22,4,0,155,0,0,0,155
12/06/2020,CLE,OH,AGL,CE,Combined TRACON& Tower with Radar,151,8,9,0,168,0,0,1,0,1,151,8,10,0,169,0,0,0,169
12/07/2020,CLE,OH,AGL,CE,Combined TRACON& Tower with Radar,139,12,8,0,159,0,2,0,0,2,139,14,8,0,161,0,0,0,161
12/08/2020,CLE,OH,AGL,CE,Combined TRACON& Tower with Radar,111,11,14,0,136,0,2,2,1,5,111,13,16,1,141,0,0,0,141
12/09/2020,CLE,OH,AGL,CE,Combined TRACON& Tower with Radar,108,20,13,0,141,0,0,1,2,3,108,20,14,2,144,0,0,0,144
12/10/2020,CLE,OH,AGL,CE,Combined TRACON& Tower with Radar,158,20,9,1,188,0,4,5,1,10,158,24,14,2,198,0,0,0,198
12/11/2020,CLE,OH,AGL,CE,Combined TRACON& Tower with Radar,148,17,9,0,174,0,2,2,1,5,148,19,11,1,179,0,0,0,179
12/12/2020,CLE,OH,AGL,CE,Combined TRACON& Tower with Radar,126,17,2,0,145,0,0,0,1,1,126,17,2,1,146,0,0,0,146
12/13/2020,CLE,OH,AGL,CE,Combined TRACON& Tower with Radar,151,18,5,0,174,0,0,0,0,0,151,18,5,0,174,0,0,0,174
12/14/2020,CLE,OH,AGL,CE,Combined TRACON& Tower with Radar,146,12,14,0,172,0,0,2,0,2,146,12,16,0,174,0,0,0,174
12/15/2020,CLE,OH,AGL,CE,Combined TRACON& Tower with Radar,117,8,12,13,150,0,2,4,0,6,117,10,16,13,156,0,0,0,156
12/16/2020,CLE,OH,AGL,CE,Combined TRACON& Tower with Radar,121,22,13,0,156,0,2,0,0,2,121,24,13,0,158,0,0,0,158
12/17/2020,CLE,OH,AGL,CE,Combined TRACON& Tower with Radar,185,24,15,0,224,0,0,1,0,1,185,24,16,0,225,0,0,0,225
12/18/2020,CLE,OH,AGL,CE,Combined TRACON& Tower with Radar,178,20,10,0,208,0,0,0,0,0,178,20,10,0,208,0,0,0,208
12/19/2020,CLE,OH,AGL,CE,Combined TRACON& Tower with Radar,195,18,7,0,220,0,0,0,1,1,195,18,7,1,221,0,0,0,221
12/20/2020,CLE,OH,AGL,CE,Combined TRACON& Tower with Radar,181,21,10,0,212,0,0,0,0,0,181,21,10,0,212,0,0,0,212
12/21/2020,CLE,OH,AGL,CE,Combined TRACON& Tower with Radar,174,21,9,0,204,0,0,0,0,0,174,21,9,0,204,0,0,0,204
12/22/2020,CLE,OH,AGL,CE,Combined TRACON& Tower with Radar,182,35,15,0,232,0,4,2,0,6,182,39,17,0,238,0,0,0,238
12/23/2020,CLE,OH,AGL,CE,Combined TRACON& Tower with Radar,189,21,24,0,234,0,0,0,0,0,189,21,24,0,234,0,0,0,234
12/24/2020,CLE,OH,AGL,CE,Combined TRACON& Tower with Radar,157,17,2,0,176,0,0,0,0,0,157,17,2,0,176,0,0,0,176
12/25/2020,CLE,OH,AGL,CE,Combined TRACON& Tower with Radar,120,30,0,0,150,0,0,0,0,0,120,30,0,0,150,0,0,0,150
12/26/2020,CLE,OH,AGL,CE,Combined TRACON& Tower with Radar,185,34,11,0,230,0,0,2,0,2,185,34,13,0,232,0,0,0,232
12/27/2020,CLE,OH,AGL,CE,Combined TRACON& Tower with Radar,180,32,10,0,222,0,2,2,0,4,180,34,12,0,226,0,0,0,226
12/28/2020,CLE,OH,AGL,CE,Combined TRACON& Tower with Radar,169,30,7,0,206,0,0,0,0,0,169,30,7,0,206,0,0,0,206
12/29/2020,CLE,OH,AGL,CE,Combined TRACON& Tower with Radar,171,12,9,0,192,0,2,5,0,7,171,14,14,0,199,0,0,0,199
12/30/2020,CLE,OH,AGL,CE,Combined TRACON& Tower with Radar,186,21,12,0,219,0,2,0,0,2,186,23,12,0,221,0,0,0,221
12/31/2020,CLE,OH,AGL,CE,Combined TRACON& Tower with Radar,140,17,5,0,162,0,1,0,1,2,140,18,5,1,164,0,0,0,164
01/01/2021,CLE,OH,AGL,CE,Combined TRACON& Tower with Radar,131,15,2,0,148,0,0,0,0,0,131,15,2,0,148,0,0,0,148
01/02/2021,CLE,OH,AGL,CE,Combined TRACON& Tower with Radar,176,34,7,0,217,0,0,0,0,0,176,34,7,0,217,0,0,0,217
01/03/2021,CLE,OH,AGL,CE,Combined TRACON& Tower with Radar,171,22,11,0,204,0,0,0,0,0,171,22,11,0,204,0,0,0,204
01/04/2021,CLE,OH,AGL,CE,Combined TRACON& Tower with Radar,157,22,12,0,191,0,0,2,0,2,157,22,14,0,193,0,0,0,193
01/05/2021,CLE,OH,AGL,CE,Combined TRACON& Tower with Radar,141,20,22,0,183,0,0,0,0,0,141,20,22,0,183,0,0,0,183
01/06/2021,CLE,OH,AGL,CE,Combined TRACON& Tower with Radar,122,15,15,0,152,0,0,0,0,0,122,15,15,0,152,0,0,0,152
01/07/2021,CLE,OH,AGL,CE,Combined TRACON& Tower with Radar,154,19,10,0,183,0,3,0,0,3,154,22,10,0,186,0,0,0,186
01/08/2021,CLE,OH,AGL,CE,Combined TRACON& Tower with Radar,148,15,10,0,173,0,1,1,0,2,148,16,11,0,175,0,0,0,175
01/09/2021,CLE,OH,AGL,CE,Combined TRACON& Tower with Radar,131,19,8,0,158,0,0,1,0,1,131,19,9,0,159,0,0,0,159
01/10/2021,CLE,OH,AGL,CE,Combined TRACON& Tower with Radar,147,14,10,0,171,0,4,4,0,8,147,18,14,0,179,0,0,0,179
01/11/2021,CLE,OH,AGL,CE,Combined TRACON& Tower with Radar,145,20,12,0,177,0,0,0,0,0,145,20,12,0,177,0,0,0,177
01/12/2021,CLE,OH,AGL,CE,Combined TRACON& Tower with Radar,120,22,11,0,153,0,0,6,0,6,120,22,17,0,159,0,0,0,159
01/13/2021,CLE,OH,AGL,CE,Combined TRACON& Tower with Radar,124,16,24,0,164,0,4,5,0,9,124,20,29,0,173,0,0,0,173
01/14/2021,CLE,OH,AGL,CE,Combined TRACON& Tower with Radar,156,23,13,1,193,0,4,1,1,6,156,27,14,2,199,0,0,0,199
01/15/2021,CLE,OH,AGL,CE,Combined TRACON& Tower with Radar,153,32,12,0,197,0,0,0,0,0,153,32,12,0,197,0,0,0,197
01/16/2021,CLE,OH,AGL,CE,Combined TRACON& Tower with Radar,128,24,2,0,154,0,2,0,0,2,128,26,2,0,156,0,0,0,156
01/17/2021,CLE,OH,AGL,CE,Combined TRACON& Tower with Radar,138,17,10,0,165,0,0,0,0,0,138,17,10,0,165,0,0,0,165
01/18/2021,CLE,OH,AGL,CE,Combined TRACON& Tower with Radar,138,31,11,0,180,0,0,0,0,0,138,31,11,0,180,0,0,0,180
01/19/2021,CLE,OH,AGL,CE,Combined TRACON& Tower with Radar,121,15,16,0,152,0,2,0,0,2,121,17,16,0,154,0,0,0,154
01/20/2021,CLE,OH,AGL,CE,Combined TRACON& Tower with Radar,124,18,9,0,151,0,2,0,0,2,124,20,9,0,153,0,0,0,153
01/21/2021,CLE,OH,AGL,CE,Combined TRACON& Tower with Radar,152,22,18,2,194,0,0,1,0,1,152,22,19,2,195,0,0,0,195
01/22/2021,CLE,OH,AGL,CE,Combined TRACON& Tower with Radar,156,24,9,0,189,0,3,0,0,3,156,27,9,0,192,0,0,0,192
01/23/2021,CLE,OH,AGL,CE,Combined TRACON& Tower with Radar,126,21,3,0,150,0,4,0,0,4,126,25,3,0,154,0,0,0,154
01/24/2021,CLE,OH,AGL,CE,Combined TRACON& Tower with Radar,145,19,5,1,170,0,2,1,0,3,145,21,6,1,173,0,0,0,173
01/25/2021,CLE,OH,AGL,CE,Combined TRACON& Tower with Radar,136,14,17,0,167,0,0,2,0,2,136,14,19,0,169,0,0,0,169
01/26/2021,CLE,OH,AGL,CE,Combined TRACON& Tower with Radar,119,25,14,0,158,0,0,0,0,0,119,25,14,0,158,0,0,0,158
01/27/2021,CLE,OH,AGL,CE,Combined TRACON& Tower with Radar,125,23,5,1,154,0,2,2,0,4,125,25,7,1,158,0,0,0,158
01/28/2021,CLE,OH,AGL,CE,Combined TRACON& Tower with Radar,153,23,26,0,202,0,0,0,0,0,153,23,26,0,202,0,0,0,202
01/29/2021,CLE,OH,AGL,CE,Combined TRACON& Tower with Radar,150,27,7,0,184,0,2,2,0,4,150,29,9,0,188,0,0,0,188
01/30/2021,CLE,OH,AGL,CE,Combined TRACON& Tower with Radar,127,23,7,0,157,0,0,2,0,2,127,23,9,0,159,0,0,0,159
01/31/2021,CLE,OH,AGL,CE,Combined TRACON& Tower with Radar,133,26,10,0,169,0,0,0,0,0,133,26,10,0,169,0,0,0,169
02/01/2021,CLE,OH,AGL,CE,Combined TRACON& Tower with Radar,135,32,17,0,184,0,0,0,0,0,135,32,17,0,184,0,0,0,184
02/02/2021,CLE,OH,AGL,CE,Combined TRACON& Tower with Radar,119,32,4,0,155,0,5,1,0,6,119,37,5,0,161,0,0,0,161
02/03/2021,CLE,OH,AGL,CE,Combined TRACON& Tower with Radar,122,18,12,2,154,0,3,0,6,9,122,21,12,8,163,0,0,0,163
02/04/2021,CLE,OH,AGL,CE,Combined TRACON& Tower with Radar,161,30,11,2,204,0,1,0,0,1,161,31,11,2,205,0,0,0,205
02/05/2021,CLE,OH,AGL,CE,Combined TRACON& Tower with Radar,154,28,11,0,193,0,0,0,0,0,154,28,11,0,193,0,0,0,193
02/06/2021,CLE,OH,AGL,CE,Combined TRACON& Tower with Radar,126,21,17,0,164,0,6,1,0,7,126,27,18,0,171,0,0,0,171
02/07/2021,CLE,OH,AGL,CE,Combined TRACON& Tower with Radar,136,19,2,0,157,0,0,2,0,2,136,19,4,0,159,0,0,0,159
02/08/2021,CLE,OH,AGL,CE,Combined TRACON& Tower with Radar,146,23,5,0,174,0,0,2,0,2,146,23,7,0,176,0,0,0,176
02/09/2021,CLE,OH,AGL,CE,Combined TRACON& Tower with Radar,120,21,7,0,148,0,0,0,0,0,120,21,7,0,148,0,0,0,148
02/10/2021,CLE,OH,AGL,CE,Combined TRACON& Tower with Radar,128,23,9,0,160,0,1,1,0,2,128,24,10,0,162,0,0,0,162
02/11/2021,CLE,OH,AGL,CE,Combined TRACON& Tower with Radar,159,42,22,0,223,0,0,0,0,0,159,42,22,0,223,0,0,0,223
02/12/2021,CLE,OH,AGL,CE,Combined TRACON& Tower with Radar,161,27,8,0,196,0,2,1,0,3,161,29,9,0,199,0,0,0,199
02/13/2021,CLE,OH,AGL,CE,Combined TRACON& Tower with Radar,137,16,7,0,160,0,1,0,0,1,137,17,7,0,161,0,0,0,161
02/14/2021,CLE,OH,AGL,CE,Combined TRACON& Tower with Radar,136,15,4,0,155,0,2,0,0,2,136,17,4,0,157,0,0,0,157
02/15/2021,CLE,OH,AGL,CE,Combined TRACON& Tower with Radar,113,26,23,0,162,0,0,0,0,0,113,26,23,0,162,0,0,0,162
02/16/2021,CLE,OH,AGL,CE,Combined TRACON& Tower with Radar,100,37,13,0,150,0,0,0,0,0,100,37,13,0,150,0,0,0,150
02/17/2021,CLE,OH,AGL,CE,Combined TRACON& Tower with Radar,114,18,19,0,151,0,10,8,0,18,114,28,27,0,169,0,0,0,169
02/18/2021,CLE,OH,AGL,CE,Combined TRACON& Tower with Radar,149,25,5,0,179,0,0,0,0,0,149,25,5,0,179,0,0,0,179
02/19/2021,CLE,OH,AGL,CE,Combined TRACON& Tower with Radar,160,31,15,0,206,0,0,2,0,2,160,31,17,0,208,0,0,0,208
02/20/2021,CLE,OH,AGL,CE,Combined TRACON& Tower with Radar,144,29,11,0,184,0,0,0,0,0,144,29,11,0,184,0,0,0,184
02/21/2021,CLE,OH,AGL,CE,Combined TRACON& Tower with Radar,156,25,7,0,188,0,4,0,0,4,156,29,7,0,192,0,0,0,192
02/22/2021,CLE,OH,AGL,CE,Combined TRACON& Tower with Radar,152,31,8,0,191,0,2,0,0,2,152,33,8,0,193,0,0,0,193
02/23/2021,CLE,OH,AGL,CE,Combined TRACON& Tower with Radar,129,22,27,0,178,0,6,4,0,10,129,28,31,0,188,0,0,0,188
02/24/2021,CLE,OH,AGL,CE,Combined TRACON& Tower with Radar,132,35,16,0,183,0,1,0,0,1,132,36,16,0,184,0,0,0,184
02/25/2021,CLE,OH,AGL,CE,Combined TRACON& Tower with Radar,164,27,18,0,209,0,0,2,0,2,164,27,20,0,211,0,0,0,211
02/26/2021,CLE,OH,AGL,CE,Combined TRACON& Tower with Radar,166,26,15,0,207,0,2,3,0,5,166,28,18,0,212,0,0,0,212
02/27/2021,CLE,OH,AGL,CE,Combined TRACON& Tower with Radar,143,23,8,0,174,0,0,0,0,0,143,23,8,0,174,0,0,0,174
02/28/2021,CLE,OH,AGL,CE,Combined TRACON& Tower with Radar,152,31,15,0,198,0,2,0,0,2,152,33,15,0,200,0,0,0,200
03/01/2021,CLE,OH,AGL,CE,Combined TRACON& Tower with Radar,157,18,9,0,184,0,4,0,0,4,157,22,9,0,188,0,0,0,188
03/02/2021,CLE,OH,AGL,CE,Combined TRACON& Tower with Radar,129,34,20,0,183,0,2,9,0,11,129,36,29,0,194,0,0,0,194
03/03/2021,CLE,OH,AGL,CE,Combined TRACON& Tower with Radar,131,22,28,0,181,0,1,0,2,3,131,23,28,2,184,0,0,0,184
03/04/2021,CLE,OH,AGL,CE,Combined TRACON& Tower with Radar,168,29,18,0,215,0,3,3,0,6,168,32,21,0,221,0,0,0,221
03/05/2021,CLE,OH,AGL,CE,Combined TRACON& Tower with Radar,166,22,9,0,197,0,5,0,2,7,166,27,9,2,204,0,0,0,204
03/06/2021,CLE,OH,AGL,CE,Combined TRACON& Tower with Radar,145,25,3,0,173,1,0,2,0,3,146,25,5,0,176,0,0,0,176
03/07/2021,CLE,OH,AGL,CE,Combined TRACON& Tower with Radar,155,20,5,0,180,0,0,2,0,2,155,20,7,0,182,0,0,0,182
03/08/2021,CLE,OH,AGL,CE,Combined TRACON& Tower with Radar,158,28,9,8,203,0,0,1,0,1,158,28,10,8,204,0,0,0,204
03/09/2021,CLE,OH,AGL,CE,Combined TRACON& Tower with Radar,138,31,20,0,189,0,2,2,0,4,138,33,22,0,193,0,0,0,193
03/10/2021,CLE,OH,AGL,CE,Combined TRACON& Tower with Radar,156,25,10,2,193,0,2,4,0,6,156,27,14,2,199,0,0,0,199
03/11/2021,CLE,OH,AGL,CE,Combined TRACON& Tower with Radar,175,27,22,0,224,0,2,1,0,3,175,29,23,0,227,0,0,0,227
03/12/2021,CLE,OH,AGL,CE,Combined TRACON& Tower with Radar,168,35,13,2,218,0,4,0,0,4,168,39,13,2,222,0,0,0,222
03/13/2021,CLE,OH,AGL,CE,Combined TRACON& Tower with Radar,155,34,4,0,193,0,2,0,0,2,155,36,4,0,195,0,0,0,195
03/14/2021,CLE,OH,AGL,CE,Combined TRACON& Tower with Radar,153,25,13,0,191,0,0,2,0,2,153,25,15,0,193,0,0,0,193
03/15/2021,CLE,OH,AGL,CE,Combined TRACON& Tower with Radar,161,24,20,0,205,0,2,2,0,4,161,26,22,0,209,0,0,0,209
03/16/2021,CLE,OH,AGL,CE,Combined TRACON& Tower with Radar,153,31,12,0,196,0,0,0,0,0,153,31,12,0,196,0,0,0,196
03/17/2021,CLE,OH,AGL,CE,Combined TRACON& Tower with Radar,159,29,11,1,200,0,0,2,1,3,159,29,13,2,203,0,0,0,203
03/18/2021,CLE,OH,AGL,CE,Combined TRACON& Tower with Radar,182,39,22,0,243,0,2,0,0,2,182,41,22,0,245,0,0,0,245
03/19/2021,CLE,OH,AGL,CE,Combined TRACON& Tower with Radar,174,25,11,0,210,0,1,2,0,3,174,26,13,0,213,0,0,0,213
03/20/2021,CLE,OH,AGL,CE,Combined TRACON& Tower with Radar,166,37,4,0,207,0,2,0,0,2,166,39,4,0,209,0,0,0,209
03/21/2021,CLE,OH,AGL,CE,Combined TRACON& Tower with Radar,162,32,11,0,205,0,2,0,0,2,162,34,11,0,207,0,0,0,207
03/22/2021,CLE,OH,AGL,CE,Combined TRACON& Tower with Radar,170,27,27,0,224,0,4,0,2,6,170,31,27,2,230,0,0,0,230
03/23/2021,CLE,OH,AGL,CE,Combined TRACON& Tower with Radar,158,28,9,2,197,0,3,2,0,5,158,31,11,2,202,0,0,0,202
03/24/2021,CLE,OH,AGL,CE,Combined TRACON& Tower with Radar,154,35,15,0,204,0,2,0,0,2,154,37,15,0,206,0,0,0,206
03/25/2021,CLE,OH,AGL,CE,Combined TRACON& Tower with Radar,178,43,20,0,241,0,4,1,0,5,178,47,21,0,246,0,0,0,246
03/26/2021,CLE,OH,AGL,CE,Combined TRACON& Tower with Radar,177,30,0,0,207,0,5,0,0,5,177,35,0,0,212,0,0,0,212
03/27/2021,CLE,OH,AGL,CE,Combined TRACON& Tower with Radar,165,36,11,0,212,0,0,0,0,0,165,36,11,0,212,0,0,0,212
03/28/2021,CLE,OH,AGL,CE,Combined TRACON& Tower with Radar,158,40,7,0,205,0,0,0,0,0,158,40,7,0,205,0,0,0,205
03/29/2021,CLE,OH,AGL,CE,Combined TRACON& Tower with Radar,173,30,26,0,229,0,2,1,0,3,173,32,27,0,232,0,0,0,232
03/30/2021,CLE,OH,AGL,CE,Combined TRACON& Tower with Radar,154,24,19,0,197,0,6,2,0,8,154,30,21,0,205,0,0,0,205
03/31/2021,CLE,OH,AGL,CE,Combined TRACON& Tower with Radar,161,45,18,3,227,0,4,0,0,4,161,49,18,3,231,0,0,0,231
04/01/2021,CLE,OH,AGL,CE,Combined TRACON& Tower with Radar,177,40,25,1,243,0,0,0,0,0,177,40,25,1,243,0,0,0,243
04/02/2021,CLE,OH,AGL,CE,Combined TRACON& Tower with Radar,184,33,14,0,231,0,5,1,0,6,184,38,15,0,237,0,0,0,237
04/03/2021,CLE,OH,AGL,CE,Combined TRACON& Tower with Radar,170,39,14,0,223,0,0,0,0,0,170,39,14,0,223,0,0,0,223
04/04/2021,CLE,OH,AGL,CE,Combined TRACON& Tower with Radar,171,33,8,0,212,0,0,4,0,4,171,33,12,0,216,0,0,0,216
04/05/2021,CLE,OH,AGL,CE,Combined TRACON& Tower with Radar,175,31,17,0,223,0,0,4,0,4,175,31,21,0,227,0,0,0,227
04/06/2021,CLE,OH,AGL,CE,Combined TRACON& Tower with Radar,157,26,18,1,202,0,0,4,1,5,157,26,22,2,207,0,0,0,207
04/07/2021,CLE,OH,AGL,CE,Combined TRACON& Tower with Radar,172,28,21,0,221,0,0,5,0,5,172,28,26,0,226,0,0,0,226
04/08/2021,CLE,OH,AGL,CE,Combined TRACON& Tower with Radar,185,28,24,0,237,0,6,1,0,7,185,34,25,0,244,0,0,0,244
04/09/2021,CLE,OH,AGL,CE,Combined TRACON& Tower with Radar,183,20,8,3,214,0,4,3,1,8,183,24,11,4,222,0,0,0,222
04/10/2021,CLE,OH,AGL,CE,Combined TRACON& Tower with Radar,173,41,7,0,221,0,0,0,1,1,173,41,7,1,222,0,0,0,222
04/11/2021,CLE,OH,AGL,CE,Combined TRACON& Tower with Radar,157,41,13,1,212,0,2,2,0,4,157,43,15,1,216,0,0,0,216
04/12/2021,CLE,OH,AGL,CE,Combined TRACON& Tower with Radar,170,32,24,0,226,0,2,3,0,5,170,34,27,0,231,0,0,0,231
04/13/2021,CLE,OH,AGL,CE,Combined TRACON& Tower with Radar,149,23,17,0,189,0,1,1,0,2,149,24,18,0,191,0,0,0,191
04/14/2021,CLE,OH,AGL,CE,Combined TRACON& Tower with Radar,148,28,11,1,188,0,3,0,2,5,148,31,11,3,193,0,0,0,193
04/15/2021,CLE,OH,AGL,CE,Combined TRACON& Tower with Radar,181,36,22,0,239,0,2,0,0,2,181,38,22,0,241,0,0,0,241
04/16/2021,CLE,OH,AGL,CE,Combined TRACON& Tower with Radar,183,28,18,0,229,0,4,0,0,4,183,32,18,0,233,0,0,0,233
04/17/2021,CLE,OH,AGL,CE,Combined TRACON& Tower with Radar,156,27,2,0,185,0,2,0,0,2,156,29,2,0,187,0,0,0,187
04/18/2021,CLE,OH,AGL,CE,Combined TRACON& Tower with Radar,166,17,14,0,197,0,0,0,0,0,166,17,14,0,197,0,0,0,197
04/19/2021,CLE,OH,AGL,CE,Combined TRACON& Tower with Radar,169,27,12,0,208,0,4,2,2,8,169,31,14,2,216,0,0,0,216
04/20/2021,CLE,OH,AGL,CE,Combined TRACON& Tower with Radar,147,37,16,0,200,0,6,0,0,6,147,43,16,0,206,0,0,0,206
04/21/2021,CLE,OH,AGL,CE,Combined TRACON& Tower with Radar,148,32,15,0,195,0,0,0,0,0,148,32,15,0,195,0,0,0,195
04/22/2021,CLE,OH,AGL,CE,Combined TRACON& Tower with Radar,180,36,14,0,230,0,0,2,0,2,180,36,16,0,232,0,0,0,232
04/23/2021,CLE,OH,AGL,CE,Combined TRACON& Tower with Radar,185,35,20,1,241,0,7,4,5,16,185,42,24,6,257,0,0,0,257
04/24/2021,CLE,OH,AGL,CE,Combined TRACON& Tower with Radar,151,27,8,0,186,0,2,0,0,2,151,29,8,0,188,0,0,0,188
04/25/2021,CLE,OH,AGL,CE,Combined TRACON& Tower with Radar,161,26,5,0,192,0,3,0,0,3,161,29,5,0,195,0,0,0,195
04/26/2021,CLE,OH,AGL,CE,Combined TRACON& Tower with Radar,173,22,15,0,210,0,7,5,0,12,173,29,20,0,222,0,0,0,222
04/27/2021,CLE,OH,AGL,CE,Combined TRACON& Tower with Radar,153,33,30,0,216,0,7,7,0,14,153,40,37,0,230,0,0,0,230
04/28/2021,CLE,OH,AGL,CE,Combined TRACON& Tower with Radar,149,29,27,2,207,0,7,3,0,10,149,36,30,2,217,0,0,0,217
04/29/2021,CLE,OH,AGL,CE,Combined TRACON& Tower with Radar,185,46,34,0,265,0,0,0,0,0,185,46,34,0,265,0,0,0,265
04/30/2021,CLE,OH,AGL,CE,Combined TRACON& Tower with Radar,180,44,23,0,247,0,3,0,0,3,180,47,23,0,250,0,0,0,250
05/01/2021,CLE,OH,AGL,CE,Combined TRACON& Tower with Radar,157,37,13,0,207,0,3,0,0,3,157,40,13,0,210,0,0,0,210
05/02/2021,CLE,OH,AGL,CE,Combined TRACON& Tower with Radar,165,31,11,0,207,0,0,0,0,0,165,31,11,0,207,0,0,0,207
05/03/2021,CLE,OH,AGL,CE,Combined TRACON& Tower with Radar,175,32,17,0,224,0,0,1,0,1,175,32,18,0,225,0,0,0,225
05/04/2021,CLE,OH,AGL,CE,Combined TRACON& Tower with Radar,144,30,24,8,206,0,3,0,0,3,144,33,24,8,209,0,0,0,209
05/05/2021,CLE,OH,AGL,CE,Combined TRACON& Tower with Radar,150,38,19,0,207,0,0,0,0,0,150,38,19,0,207,0,0,0,207
05/06/2021,CLE,OH,AGL,CE,Combined TRACON& Tower with Radar,194,37,15,0,246,0,0,1,0,1,194,37,16,0,247,0,0,0,247
05/07/2021,CLE,OH,AGL,CE,Combined TRACON& Tower with Radar,198,28,14,0,240,0,2,0,0,2,198,30,14,0,242,0,0,0,242
05/08/2021,CLE,OH,AGL,CE,Combined TRACON& Tower with Radar,166,27,9,0,202,0,2,0,0,2,166,29,9,0,204,0,0,0,204
05/09/2021,CLE,OH,AGL,CE,Combined TRACON& Tower with Radar,182,31,8,1,222,0,0,0,0,0,182,31,8,1,222,0,0,0,222
05/10/2021,CLE,OH,AGL,CE,Combined TRACON& Tower with Radar,185,25,16,1,227,0,2,1,0,3,185,27,17,1,230,0,0,0,230
05/11/2021,CLE,OH,AGL,CE,Combined TRACON& Tower with Radar,159,31,15,2,207,0,0,3,0,3,159,31,18,2,210,0,0,0,210
05/12/2021,CLE,OH,AGL,CE,Combined TRACON& Tower with Radar,163,33,20,2,218,0,0,1,0,1,163,33,21,2,219,0,0,0,219
05/13/2021,CLE,OH,AGL,CE,Combined TRACON& Tower with Radar,198,28,20,0,246,0,4,2,2,8,198,32,22,2,254,0,0,0,254
05/14/2021,CLE,OH,AGL,CE,Combined TRACON& Tower with Radar,197,31,18,0,246,0,4,2,0,6,197,35,20,0,252,0,0,0,252
05/15/2021,CLE,OH,AGL,CE,Combined TRACON& Tower with Radar,168,23,6,0,197,0,3,3,0,6,168,26,9,0,203,0,0,0,203
05/16/2021,CLE,OH,AGL,CE,Combined TRACON& Tower with Radar,181,28,13,0,222,0,0,2,0,2,181,28,15,0,224,0,0,0,224
05/17/2021,CLE,OH,AGL,CE,Combined TRACON& Tower with Radar,191,31,13,0,235,0,4,3,0,7,191,35,16,0,242,0,0,0,242
05/18/2021,CLE,OH,AGL,CE,Combined TRACON& Tower with Radar,168,34,13,2,217,0,0,7,0,7,168,34,20,2,224,0,0,0,224
05/19/2021,CLE,OH,AGL,CE,Combined TRACON& Tower with Radar,167,40,15,0,222,0,2,4,0,6,167,42,19,0,228,0,0,0,228
05/20/2021,CLE,OH,AGL,CE,Combined TRACON& Tower with Radar,199,35,31,14,279,0,1,1,1,3,199,36,32,15,282,0,0,0,282
05/21/2021,CLE,OH,AGL,CE,Combined TRACON& Tower with Radar,201,30,17,0,248,0,3,0,0,3,201,33,17,0,251,0,0,0,251
05/22/2021,CLE,OH,AGL,CE,Combined TRACON& Tower with Radar,167,21,7,0,195,0,4,0,0,4,167,25,7,0,199,0,0,0,199
05/23/2021,CLE,OH,AGL,CE,Combined TRACON& Tower with Radar,189,28,12,0,229,0,0,0,0,0,189,28,12,0,229,0,0,0,229
05/24/2021,CLE,OH,AGL,CE,Combined TRACON& Tower with Radar,197,21,18,2,238,0,0,2,1,3,197,21,20,3,241,0,0,0,241
05/25/2021,CLE,OH,AGL,CE,Combined TRACON& Tower with Radar,169,27,23,0,219,0,0,1,1,2,169,27,24,1,221,0,0,0,221
05/26/2021,CLE,OH,AGL,CE,Combined TRACON& Tower with Radar,163,33,24,2,222,0,0,0,0,0,163,33,24,2,222,0,0,0,222
05/27/2021,CLE,OH,AGL,CE,Combined TRACON& Tower with Radar,198,39,20,5,262,0,1,4,0,5,198,40,24,5,267,0,0,0,267
05/28/2021,CLE,OH,AGL,CE,Combined TRACON& Tower with Radar,209,32,25,3,269,0,1,2,0,3,209,33,27,3,272,0,0,0,272
05/29/2021,CLE,OH,AGL,CE,Combined TRACON& Tower with Radar,166,21,15,0,202,0,0,0,0,0,166,21,15,0,202,0,0,0,202
05/30/2021,CLE,OH,AGL,CE,Combined TRACON& Tower with Radar,169,27,7,0,203,0,5,0,0,5,169,32,7,0,208,0,0,0,208
05/31/2021,CLE,OH,AGL,CE,Combined TRACON& Tower with Radar,192,31,11,0,234,0,6,1,2,9,192,37,12,2,243,0,0,0,243
06/01/2021,CLE,OH,AGL,CE,Combined TRACON& Tower with Radar,166,32,22,0,220,0,1,4,0,5,166,33,26,0,225,0,0,0,225
06/02/2021,CLE,OH,AGL,CE,Combined TRACON& Tower with Radar,177,41,11,3,232,0,2,0,0,2,177,43,11,3,234,0,0,0,234
06/03/2021,CLE,OH,AGL,CE,Combined TRACON& Tower with Radar,204,38,16,0,258,0,2,0,0,2,204,40,16,0,260,0,0,0,260
06/04/2021,CLE,OH,AGL,CE,Combined TRACON& Tower with Radar,223,38,15,1,277,0,0,1,0,1,223,38,16,1,278,0,0,0,278
06/05/2021,CLE,OH,AGL,CE,Combined TRACON& Tower with Radar,209,38,5,0,252,0,0,0,0,0,209,38,5,0,252,0,0,0,252
06/06/2021,CLE,OH,AGL,CE,Combined TRACON& Tower with Radar,224,29,15,0,268,0,2,7,1,10,224,31,22,1,278,0,0,0,278
06/07/2021,CLE,OH,AGL,CE,Combined TRACON& Tower with Radar,225,28,17,1,271,0,0,2,0,2,225,28,19,1,273,0,0,0,273
06/08/2021,CLE,OH,AGL,CE,Combined TRACON& Tower with Radar,199,30,18,0,247,0,0,4,0,4,199,30,22,0,251,0,0,0,251
06/09/2021,CLE,OH,AGL,CE,Combined TRACON& Tower with Radar,201,41,19,2,263,0,1,0,0,1,201,42,19,2,264,0,0,0,264
06/10/2021,CLE,OH,AGL,CE,Combined TRACON& Tower with Radar,233,49,16,1,299,0,3,0,0,3,233,52,16,1,302,0,0,0,302
06/11/2021,CLE,OH,AGL,CE,Combined TRACON& Tower with Radar,235,38,17,0,290,0,0,1,2,3,235,38,18,2,293,0,0,0,293
06/12/2021,CLE,OH,AGL,CE,Combined TRACON& Tower with Radar,202,40,17,2,261,0,0,3,0,3,202,40,20,2,264,0,0,0,264
06/13/2021,CLE,OH,AGL,CE,Combined TRACON& Tower with Radar,227,43,8,0,278,0,0,4,0,4,227,43,12,0,282,0,0,0,282
06/14/2021,CLE,OH,AGL,CE,Combined TRACON& Tower with Radar,226,32,18,0,276,0,0,0,0,0,226,32,18,0,276,0,0,0,276
06/15/2021,CLE,OH,AGL,CE,Combined TRACON& Tower with Radar,204,24,18,0,246,0,0,7,0,7,204,24,25,0,253,0,0,0,253
06/16/2021,CLE,OH,AGL,CE,Combined TRACON& Tower with Radar,199,36,17,0,252,0,0,3,2,5,199,36,20,2,257,0,0,0,257
06/17/2021,CLE,OH,AGL,CE,Combined TRACON& Tower with Radar,231,36,24,0,291,0,0,0,0,0,231,36,24,0,291,0,0,0,291
06/18/2021,CLE,OH,AGL,CE,Combined TRACON& Tower with Radar,228,29,24,0,281,0,0,2,0,2,228,29,26,0,283,0,0,0,283
06/19/2021,CLE,OH,AGL,CE,Combined TRACON& Tower with Radar,215,25,7,0,247,0,0,0,0,0,215,25,7,0,247,0,0,0,247
06/20/2021,CLE,OH,AGL,CE,Combined TRACON& Tower with Radar,228,30,3,0,261,0,0,0,0,0,228,30,3,0,261,0,0,0,261
06/21/2021,CLE,OH,AGL,CE,Combined TRACON& Tower with Radar,218,31,6,0,255,0,0,0,0,0,218,31,6,0,255,0,0,0,255
06/22/2021,CLE,OH,AGL,CE,Combined TRACON& Tower with Radar,203,34,19,2,258,0,1,2,0,3,203,35,21,2,261,0,0,0,261
06/23/2021,CLE,OH,AGL,CE,Combined TRACON& Tower with Radar,203,37,28,0,268,0,2,1,0,3,203,39,29,0,271,0,0,0,271
06/24/2021,CLE,OH,AGL,CE,Combined TRACON& Tower with Radar,226,30,35,1,292,0,2,3,0,5,226,32,38,1,297,0,0,0,297
06/25/2021,CLE,OH,AGL,CE,Combined TRACON& Tower with Radar,231,28,21,0,280,0,0,0,0,0,231,28,21,0,280,0,0,0,280
06/26/2021,CLE,OH,AGL,CE,Combined TRACON& Tower with Radar,195,29,11,0,235,0,2,0,0,2,195,31,11,0,237,0,0,0,237
06/27/2021,CLE,OH,AGL,CE,Combined TRACON& Tower with Radar,238,35,12,0,285,0,4,0,0,4,238,39,12,0,289,0,0,0,289
06/28/2021,CLE,OH,AGL,CE,Combined TRACON& Tower with Radar,222,22,16,8,268,0,2,3,0,5,222,24,19,8,273,0,0,0,273
06/29/2021,CLE,OH,AGL,CE,Combined TRACON& Tower with Radar,201,29,25,2,257,0,0,0,0,0,201,29,25,2,257,0,0,0,257
06/30/2021,CLE,OH,AGL,CE,Combined TRACON& Tower with Radar,208,34,16,0,258,0,0,0,0,0,208,34,16,0,258,0,0,0,258
07/01/2021,CLE,OH,AGL,CE,Combined TRACON& Tower with Radar,228,38,19,2,287,0,2,2,0,4,228,40,21,2,291,0,0,0,291
07/02/2021,CLE,OH,AGL,CE,Combined TRACON& Tower with Radar,236,33,10,0,279,0,2,0,0,2,236,35,10,0,281,0,0,0,281
07/03/2021,CLE,OH,AGL,CE,Combined TRACON& Tower with Radar,207,27,6,0,240,0,0,2,0,2,207,27,8,0,242,0,0,0,242
07/04/2021,CLE,OH,AGL,CE,Combined TRACON& Tower with Radar,209,22,2,0,233,0,0,0,0,0,209,22,2,0,233,0,0,0,233
07/05/2021,CLE,OH,AGL,CE,Combined TRACON& Tower with Radar,218,27,10,0,255,0,4,0,0,4,218,31,10,0,259,0,0,0,259
07/06/2021,CLE,OH,AGL,CE,Combined TRACON& Tower with Radar,211,33,16,0,260,0,0,2,0,2,211,33,18,0,262,0,0,0,262
07/07/2021,CLE,OH,AGL,CE,Combined TRACON& Tower with Radar,222,40,10,0,272,0,0,1,2,3,222,40,11,2,275,0,0,0,275
07/08/2021,CLE,OH,AGL,CE,Combined TRACON& Tower with Radar,218,43,18,0,279,0,0,1,0,1,218,43,19,0,280,0,0,0,280
07/09/2021,CLE,OH,AGL,CE,Combined TRACON& Tower with Radar,242,35,20,0,297,0,0,3,0,3,242,35,23,0,300,0,0,0,300
07/10/2021,CLE,OH,AGL,CE,Combined TRACON& Tower with Radar,199,38,13,0,250,0,0,3,0,3,199,38,16,0,253,0,0,0,253
07/11/2021,CLE,OH,AGL,CE,Combined TRACON& Tower with Radar,225,45,11,0,281,0,2,0,0,2,225,47,11,0,283,0,0,0,283
07/12/2021,CLE,OH,AGL,CE,Combined TRACON& Tower with Radar,222,36,12,0,270,0,0,0,0,0,222,36,12,0,270,0,0,0,270
07/13/2021,CLE,OH,AGL,CE,Combined TRACON& Tower with Radar,218,38,14,0,270,0,2,1,0,3,218,40,15,0,273,0,0,0,273
07/14/2021,CLE,OH,AGL,CE,Combined TRACON& Tower with Radar,221,47,14,1,283,0,0,3,1,4,221,47,17,2,287,0,0,0,287
07/15/2021,CLE,OH,AGL,CE,Combined TRACON& Tower with Radar,236,49,16,0,301,0,0,0,0,0,236,49,16,0,301,0,0,0,301
07/16/2021,CLE,OH,AGL,CE,Combined TRACON& Tower with Radar,238,35,19,0,292,0,0,0,0,0,238,35,19,0,292,0,0,0,292
07/17/2021,CLE,OH,AGL,CE,Combined TRACON& Tower with Radar,200,31,9,0,240,0,0,1,0,1,200,31,10,0,241,0,0,0,241
07/18/2021,CLE,OH,AGL,CE,Combined TRACON& Tower with Radar,230,46,18,2,296,0,0,1,0,1,230,46,19,2,297,0,0,0,297
07/19/2021,CLE,OH,AGL,CE,Combined TRACON& Tower with Radar,229,47,22,0,298,0,0,2,0,2,229,47,24,0,300,0,0,0,300
07/20/2021,CLE,OH,AGL,CE,Combined TRACON& Tower with Radar,228,47,17,0,292,0,0,4,0,4,228,47,21,0,296,0,0,0,296
07/21/2021,CLE,OH,AGL,CE,Combined TRACON& Tower with Radar,222,52,20,0,294,0,2,2,0,4,222,54,22,0,298,0,0,0,298
07/22/2021,CLE,OH,AGL,CE,Combined TRACON& Tower with Radar,233,49,23,1,306,0,0,1,0,1,233,49,24,1,307,0,0,0,307
07/23/2021,CLE,OH,AGL,CE,Combined TRACON& Tower with Radar,242,51,25,4,322,0,1,1,0,2,242,52,26,4,324,0,0,0,324
07/24/2021,CLE,OH,AGL,CE,Combined TRACON& Tower with Radar,206,41,6,1,254,0,0,3,0,3,206,41,9,1,257,0,0,0,257
07/25/2021,CLE,OH,AGL,CE,Combined TRACON& Tower with Radar,238,43,14,0,295,0,0,0,0,0,238,43,14,0,295,0,0,0,295
07/26/2021,CLE,OH,AGL,CE,Combined TRACON& Tower with Radar,223,47,12,0,282,0,2,7,0,9,223,49,19,0,291,0,0,0,291
07/27/2021,CLE,OH,AGL,CE,Combined TRACON& Tower with Radar,224,41,17,0,282,0,2,4,0,6,224,43,21,0,288,0,0,0,288
07/28/2021,CLE,OH,AGL,CE,Combined TRACON& Tower with Radar,223,46,29,0,298,0,4,1,0,5,223,50,30,0,303,0,0,0,303
07/29/2021,CLE,OH,AGL,CE,Combined TRACON& Tower with Radar,239,46,25,0,310,0,2,0,0,2,239,48,25,0,312,0,0,0,312
07/30/2021,CLE,OH,AGL,CE,Combined TRACON& Tower with Radar,235,50,26,0,311,0,0,2,0,2,235,50,28,0,313,0,0,0,313
07/31/2021,CLE,OH,AGL,CE,Combined TRACON& Tower with Radar,217,49,8,0,274,0,2,0,0,2,217,51,8,0,276,0,0,0,276
08/01/2021,CLE,OH,AGL,CE,Combined TRACON& Tower with Radar,231,44,16,0,291,0,2,0,0,2,231,46,16,0,293,0,0,0,293
08/02/2021,CLE,OH,AGL,CE,Combined TRACON& Tower with Radar,207,25,30,0,262,0,2,0,0,2,207,27,30,0,264,0,0,0,264
08/03/2021,CLE,OH,AGL,CE,Combined TRACON& Tower with Radar,191,33,24,0,248,0,2,4,0,6,191,35,28,0,254,0,0,0,254
08/04/2021,CLE,OH,AGL,CE,Combined TRACON& Tower with Radar,207,38,27,0,272,0,2,3,1,6,207,40,30,1,278,0,0,0,278
08/05/2021,CLE,OH,AGL,CE,Combined TRACON& Tower with Radar,228,42,24,0,294,0,4,4,0,8,228,46,28,0,302,0,0,0,302
08/06/2021,CLE,OH,AGL,CE,Combined TRACON& Tower with Radar,233,33,19,0,285,0,6,0,0,6,233,39,19,0,291,0,0,0,291
08/07/2021,CLE,OH,AGL,CE,Combined TRACON& Tower with Radar,203,27,6,0,236,0,0,0,0,0,203,27,6,0,236,0,0,0,236
08/08/2021,CLE,OH,AGL,CE,Combined TRACON& Tower with Radar,228,43,16,0,287,0,0,2,0,2,228,43,18,0,289,0,0,0,289
08/09/2021,CLE,OH,AGL,CE,Combined TRACON& Tower with Radar,235,41,22,0,298,0,0,2,0,2,235,41,24,0,300,0,0,0,300
08/10/2021,CLE,OH,AGL,CE,Combined TRACON& Tower with Radar,211,35,30,0,276,0,0,0,0,0,211,35,30,0,276,0,0,0,276
08/11/2021,CLE,OH,AGL,CE,Combined TRACON& Tower with Radar,207,39,24,0,270,0,0,3,1,4,207,39,27,1,274,0,0,0,274
08/12/2021,CLE,OH,AGL,CE,Combined TRACON& Tower with Radar,239,51,33,0,323,0,0,4,0,4,239,51,37,0,327,0,0,0,327
08/13/2021,CLE,OH,AGL,CE,Combined TRACON& Tower with Radar,252,46,26,0,324,0,0,2,2,4,252,46,28,2,328,0,0,0,328
08/14/2021,CLE,OH,AGL,CE,Combined TRACON& Tower with Radar,202,31,5,0,238,0,4,4,0,8,202,35,9,0,246,0,0,0,246
08/15/2021,CLE,OH,AGL,CE,Combined TRACON& Tower with Radar,242,31,10,0,283,0,2,2,0,4,242,33,12,0,287,0,0,0,287
08/16/2021,CLE,OH,AGL,CE,Combined TRACON& Tower with Radar,225,30,29,1,285,0,1,0,0,1,225,31,29,1,286,0,0,0,286
08/17/2021,CLE,OH,AGL,CE,Combined TRACON& Tower with Radar,202,47,32,0,281,0,0,0,0,0,202,47,32,0,281,0,0,0,281
08/18/2021,CLE,OH,AGL,CE,Combined TRACON& Tower with Radar,202,46,26,1,275,0,2,0,0,2,202,48,26,1,277,0,0,0,277
08/19/2021,CLE,OH,AGL,CE,Combined TRACON& Tower with Radar,234,34,20,0,288,0,4,1,0,5,234,38,21,0,293,0,0,0,293
08/20/2021,CLE,OH,AGL,CE,Combined TRACON& Tower with Radar,223,35,15,0,273,0,4,3,0,7,223,39,18,0,280,0,0,0,280
08/21/2021,CLE,OH,AGL,CE,Combined TRACON& Tower with Radar,204,35,11,0,250,0,2,2,0,4,204,37,13,0,254,0,0,0,254
08/22/2021,CLE,OH,AGL,CE,Combined TRACON& Tower with Radar,229,28,8,0,265,0,4,0,0,4,229,32,8,0,269,0,0,0,269
08/23/2021,CLE,OH,AGL,CE,Combined TRACON& Tower with Radar,217,37,22,0,276,0,0,4,0,4,217,37,26,0,280,0,0,0,280
08/24/2021,CLE,OH,AGL,CE,Combined TRACON& Tower with Radar,195,50,20,2,267,0,0,1,0,1,195,50,21,2,268,0,0,0,268
08/25/2021,CLE,OH,AGL,CE,Combined TRACON& Tower with Radar,193,43,15,0,251,0,0,5,0,5,193,43,20,0,256,0,0,0,256
08/26/2021,CLE,OH,AGL,CE,Combined TRACON& Tower with Radar,234,45,34,0,313,0,2,1,0,3,234,47,35,0,316,0,0,0,316
08/27/2021,CLE,OH,AGL,CE,Combined TRACON& Tower with Radar,236,40,18,0,294,0,0,1,0,1,236,40,19,0,295,0,0,0,295
08/28/2021,CLE,OH,AGL,CE,Combined TRACON& Tower with Radar,215,37,7,0,259,0,1,0,0,1,215,38,7,0,260,0,0,0,260
08/29/2021,CLE,OH,AGL,CE,Combined TRACON& Tower with Radar,213,43,16,0,272,0,1,2,0,3,213,44,18,0,275,0,0,0,275
08/30/2021,CLE,OH,AGL,CE,Combined TRACON& Tower with Radar,227,48,23,3,301,0,2,2,0,4,227,50,25,3,305,0,0,0,305
08/31/2021,CLE,OH,AGL,CE,Combined TRACON& Tower with Radar,200,42,16,0,258,0,4,3,0,7,200,46,19,0,265,0,0,0,265
09/01/2021,CLE,OH,AGL,CE,Combined TRACON& Tower with Radar,195,56,19,0,270,0,0,5,0,5,195,56,24,0,275,0,0,0,275
09/02/2021,CLE,OH,AGL,CE,Combined TRACON& Tower with Radar,225,64,20,4,313,0,2,3,0,5,225,66,23,4,318,0,0,0,318
09/03/2021,CLE,OH,AGL,CE,Combined TRACON& Tower with Radar,217,49,15,3,284,0,2,1,4,7,217,51,16,7,291,0,0,0,291
09/04/2021,CLE,OH,AGL,CE,Combined TRACON& Tower with Radar,211,32,17,0,260,0,0,1,2,3,211,32,18,2,263,0,0,0,263
09/05/2021,CLE,OH,AGL,CE,Combined TRACON& Tower with Radar,205,33,13,0,251,0,2,0,2,4,205,35,13,2,255,0,0,0,255
09/06/2021,CLE,OH,AGL,CE,Combined TRACON& Tower with Radar,193,46,21,0,260,0,2,4,2,8,193,48,25,2,268,0,0,0,268
09/07/2021,CLE,OH,AGL,CE,Combined TRACON& Tower with Radar,183,35,26,0,244,0,4,0,0,4,183,39,26,0,248,0,0,0,248
09/08/2021,CLE,OH,AGL,CE,Combined TRACON& Tower with Radar,208,53,19,1,281,0,0,0,0,0,208,53,19,1,281,0,0,0,281
09/09/2021,CLE,OH,AGL,CE,Combined TRACON& Tower with Radar,233,38,31,5,307,0,2,2,0,4,233,40,33,5,311,0,0,0,311
09/10/2021,CLE,OH,AGL,CE,Combined TRACON& Tower with Radar,232,28,14,0,274,0,0,2,0,2,232,28,16,0,276,0,0,0,276
09/11/2021,CLE,OH,AGL,CE,Combined TRACON& Tower with Radar,198,36,13,0,247,0,0,0,0,0,198,36,13,0,247,0,0,0,247
09/12/2021,CLE,OH,AGL,CE,Combined TRACON& Tower with Radar,222,39,24,0,285,0,0,0,0,0,222,39,24,0,285,0,0,0,285
09/13/2021,CLE,OH,AGL,CE,Combined TRACON& Tower with Radar,231,34,17,0,282,0,2,2,0,4,231,36,19,0,286,0,0,0,286
09/14/2021,CLE,OH,AGL,CE,Combined TRACON& Tower with Radar,209,45,18,0,272,0,4,2,0,6,209,49,20,0,278,0,0,0,278
09/15/2021,CLE,OH,AGL,CE,Combined TRACON& Tower with Radar,214,43,26,0,283,0,0,0,0,0,214,43,26,0,283,0,0,0,283
09/16/2021,CLE,OH,AGL,CE,Combined TRACON& Tower with Radar,243,40,20,0,303,0,2,5,0,7,243,42,25,0,310,0,0,0,310
09/17/2021,CLE,OH,AGL,CE,Combined TRACON& Tower with Radar,234,35,13,0,282,0,0,2,0,2,234,35,15,0,284,0,0,0,284
09/18/2021,CLE,OH,AGL,CE,Combined TRACON& Tower with Radar,206,23,18,0,247,0,2,2,0,4,206,25,20,0,251,0,0,0,251
09/19/2021,CLE,OH,AGL,CE,Combined TRACON& Tower with Radar,230,38,11,0,279,0,0,0,0,0,230,38,11,0,279,0,0,0,279
09/20/2021,CLE,OH,AGL,CE,Combined TRACON& Tower with Radar,231,33,24,0,288,0,4,1,0,5,231,37,25,0,293,0,0,0,293
09/21/2021,CLE,OH,AGL,CE,Combined TRACON& Tower with Radar,211,35,20,0,266,0,0,0,0,0,211,35,20,0,266,0,0,0,266
09/22/2021,CLE,OH,AGL,CE,Combined TRACON& Tower with Radar,227,39,27,0,293,0,0,0,0,0,227,39,27,0,293,0,0,0,293
09/23/2021,CLE,OH,AGL,CE,Combined TRACON& Tower with Radar,231,39,35,0,305,0,2,2,0,4,231,41,37,0,309,0,0,0,309
09/24/2021,CLE,OH,AGL,CE,Combined TRACON& Tower with Radar,242,52,20,0,314,0,4,5,0,9,242,56,25,0,323,0,0,0,323
09/25/2021,CLE,OH,AGL,CE,Combined TRACON& Tower with Radar,203,30,18,0,251,0,2,4,0,6,203,32,22,0,257,0,0,0,257
09/26/2021,CLE,OH,AGL,CE,Combined TRACON& Tower with Radar,234,34,28,0,296,0,0,0,0,0,234,34,28,0,296,0,0,0,296
09/27/2021,CLE,OH,AGL,CE,Combined TRACON& Tower with Radar,233,45,23,0,301,0,4,4,0,8,233,49,27,0,309,0,0,0,309
09/28/2021,CLE,OH,AGL,CE,Combined TRACON& Tower with Radar,214,46,21,0,281,0,0,2,0,2,214,46,23,0,283,0,0,0,283
09/29/2021,CLE,OH,AGL,CE,Combined TRACON& Tower with Radar,216,44,26,0,286,0,10,14,0,24,216,54,40,0,310,0,0,0,310
09/30/2021,CLE,OH,AGL,CE,Combined TRACON& Tower with Radar,245,40,19,0,304,0,0,5,0,5,245,40,24,0,309,0,0,0,309
10/01/2021,CLE,OH,AGL,CE,Combined TRACON& Tower with Radar,227,42,28,0,297,0,0,5,0,5,227,42,33,0,302,0,0,0,302
10/02/2021,CLE,OH,AGL,CE,Combined TRACON& Tower with Radar,204,25,3,2,234,0,5,1,1,7,204,30,4,3,241,0,0,0,241
10/03/2021,CLE,OH,AGL,CE,Combined TRACON& Tower with Radar,229,32,20,0,281,0,5,0,0,5,229,37,20,0,286,0,0,0,286
10/04/2021,CLE,OH,AGL,CE,Combined TRACON& Tower with Radar,229,35,19,0,283,0,0,0,0,0,229,35,19,0,283,0,0,0,283
10/05/2021,CLE,OH,AGL,CE,Combined TRACON& Tower with Radar,214,43,17,0,274,0,2,1,0,3,214,45,18,0,277,0,0,0,277
10/06/2021,CLE,OH,AGL,CE,Combined TRACON& Tower with Radar,214,43,24,0,281,0,0,0,0,0,214,43,24,0,281,0,0,0,281
10/07/2021,CLE,OH,AGL,CE,Combined TRACON& Tower with Radar,252,38,27,0,317,0,2,3,0,5,252,40,30,0,322,0,0,0,322
10/08/2021,CLE,OH,AGL,CE,Combined TRACON& Tower with Radar,243,57,17,0,317,0,1,1,0,2,243,58,18,0,319,0,0,0,319
10/09/2021,CLE,OH,AGL,CE,Combined TRACON& Tower with Radar,218,25,7,0,250,0,5,5,1,11,218,30,12,1,261,0,0,0,261
10/10/2021,CLE,OH,AGL,CE,Combined TRACON& Tower with Radar,228,35,19,0,282,0,0,2,0,2,228,35,21,0,284,0,0,0,284
10/11/2021,CLE,OH,AGL,CE,Combined TRACON& Tower with Radar,242,39,18,0,299,0,0,0,0,0,242,39,18,0,299,0,0,0,299
10/12/2021,CLE,OH,AGL,CE,Combined TRACON& Tower with Radar,216,45,16,0,277,0,6,3,0,9,216,51,19,0,286,0,0,0,286
10/13/2021,CLE,OH,AGL,CE,Combined TRACON& Tower with Radar,224,40,15,0,279,0,2,6,0,8,224,42,21,0,287,0,0,0,287
10/14/2021,CLE,OH,AGL,CE,Combined TRACON& Tower with Radar,254,53,16,2,325,0,2,1,0,3,254,55,17,2,328,0,0,0,328
10/15/2021,CLE,OH,AGL,CE,Combined TRACON& Tower with Radar,252,39,27,0,318,0,0,0,0,0,252,39,27,0,318,0,0,0,318
10/16/2021,CLE,OH,AGL,CE,Combined TRACON& Tower with Radar,224,33,7,0,264,0,1,0,0,1,224,34,7,0,265,0,0,0,265
10/17/2021,CLE,OH,AGL,CE,Combined TRACON& Tower with Radar,234,31,26,1,292,0,1,1,0,2,234,32,27,1,294,0,0,0,294
10/18/2021,CLE,OH,AGL,CE,Combined TRACON& Tower with Radar,237,22,25,0,284,0,0,2,0,2,237,22,27,0,286,0,0,0,286
10/19/2021,CLE,OH,AGL,CE,Combined TRACON& Tower with Radar,217,50,17,0,284,0,2,0,0,2,217,52,17,0,286,0,0,0,286
10/20/2021,CLE,OH,AGL,CE,Combined TRACON& Tower with Radar,226,39,22,0,287,0,0,0,0,0,226,39,22,0,287,0,0,0,287
10/21/2021,CLE,OH,AGL,CE,Combined TRACON& Tower with Radar,254,43,27,0,324,0,0,0,0,0,254,43,27,0,324,0,0,0,324
10/22/2021,CLE,OH,AGL,CE,Combined TRACON& Tower with Radar,252,48,25,2,327,0,4,6,0,10,252,52,31,2,337,0,0,0,337
10/23/2021,CLE,OH,AGL,CE,Combined TRACON& Tower with Radar,214,27,7,0,248,0,2,2,0,4,214,29,9,0,252,0,0,0,252
10/24/2021,CLE,OH,AGL,CE,Combined TRACON& Tower with Radar,239,34,20,0,293,0,0,1,0,1,239,34,21,0,294,0,0,0,294
10/25/2021,CLE,OH,AGL,CE,Combined TRACON& Tower with Radar,247,39,18,0,304,0,0,0,0,0,247,39,18,0,304,0,0,0,304
10/26/2021,CLE,OH,AGL,CE,Combined TRACON& Tower with Radar,219,40,34,0,293,0,0,0,0,0,219,40,34,0,293,0,0,0,293
10/27/2021,CLE,OH,AGL,CE,Combined TRACON& Tower with Radar,228,50,30,4,312,0,0,0,0,0,228,50,30,4,312,0,0,0,312
10/28/2021,CLE,OH,AGL,CE,Combined TRACON& Tower with Radar,246,54,34,0,334,0,4,0,0,4,246,58,34,0,338,0,0,0,338
10/29/2021,CLE,OH,AGL,CE,Combined TRACON& Tower with Radar,264,35,25,0,324,0,0,0,0,0,264,35,25,0,324,0,0,0,324
10/30/2021,CLE,OH,AGL,CE,Combined TRACON& Tower with Radar,209,37,11,0,257,0,2,0,0,2,209,39,11,0,259,0,0,0,259
10/31/2021,CLE,OH,AGL,CE,Combined TRACON& Tower with Radar,195,26,16,0,237,0,0,0,0,0,195,26,16,0,237,0,0,0,237
11/01/2021,CLE,OH,AGL,CE,Combined TRACON& Tower with Radar,237,37,18,0,292,0,0,0,0,0,237,37,18,0,292,0,0,0,292
11/02/2021,CLE,OH,AGL,CE,Combined TRACON& Tower with Radar,240,35,21,3,299,0,3,0,0,3,240,38,21,3,302,0,0,0,302
11/03/2021,CLE,OH,AGL,CE,Combined TRACON& Tower with Radar,251,36,18,0,305,0,2,2,0,4,251,38,20,0,309,0,0,0,309
11/04/2021,CLE,OH,AGL,CE,Combined TRACON& Tower with Radar,265,36,27,1,329,0,0,0,0,0,265,36,27,1,329,0,0,0,329
11/05/2021,CLE,OH,AGL,CE,Combined TRACON& Tower with Radar,254,42,22,0,318,0,4,1,0,5,254,46,23,0,323,0,0,0,323
11/06/2021,CLE,OH,AGL,CE,Combined TRACON& Tower with Radar,220,27,8,0,255,0,4,3,0,7,220,31,11,0,262,0,0,0,262
11/07/2021,CLE,OH,AGL,CE,Combined TRACON& Tower with Radar,249,49,15,0,313,0,2,0,0,2,249,51,15,0,315,0,0,0,315
11/08/2021,CLE,OH,AGL,CE,Combined TRACON& Tower with Radar,256,27,22,0,305,0,0,1,0,1,256,27,23,0,306,0,0,0,306
11/09/2021,CLE,OH,AGL,CE,Combined TRACON& Tower with Radar,244,39,17,0,300,0,2,2,0,4,244,41,19,0,304,0,0,0,304
11/10/2021,CLE,OH,AGL,CE,Combined TRACON& Tower with Radar,241,36,26,0,303,0,2,1,0,3,241,38,27,0,306,0,0,0,306
11/11/2021,CLE,OH,AGL,CE,Combined TRACON& Tower with Radar,267,51,30,0,348,0,0,0,0,0,267,51,30,0,348,0,0,0,348
11/12/2021,CLE,OH,AGL,CE,Combined TRACON& Tower with Radar,259,52,15,0,326,0,0,0,0,0,259,52,15,0,326,0,0,0,326
11/13/2021,CLE,OH,AGL,CE,Combined TRACON& Tower with Radar,210,26,6,0,242,0,0,0,0,0,210,26,6,0,242,0,0,0,242
11/14/2021,CLE,OH,AGL,CE,Combined TRACON& Tower with Radar,249,38,9,0,296,0,0,0,0,0,249,38,9,0,296,0,0,0,296
11/15/2021,CLE,OH,AGL,CE,Combined TRACON& Tower with Radar,253,35,15,0,303,0,0,0,0,0,253,35,15,0,303,0,0,0,303
11/16/2021,CLE,OH,AGL,CE,Combined TRACON& Tower with Radar,241,33,6,2,282,0,2,4,0,6,241,35,10,2,288,0,0,0,288
11/17/2021,CLE,OH,AGL,CE,Combined TRACON& Tower with Radar,244,41,13,0,298,0,2,0,0,2,244,43,13,0,300,0,0,0,300
11/18/2021,CLE,OH,AGL,CE,Combined TRACON& Tower with Radar,266,41,22,0,329,0,0,0,0,0,266,41,22,0,329,0,0,0,329
11/19/2021,CLE,OH,AGL,CE,Combined TRACON& Tower with Radar,265,47,20,0,332,0,1,0,0,1,265,48,20,0,333,0,0,0,333
11/20/2021,CLE,OH,AGL,CE,Combined TRACON& Tower with Radar,230,23,14,0,267,0,0,0,0,0,230,23,14,0,267,0,0,0,267
11/21/2021,CLE,OH,AGL,CE,Combined TRACON& Tower with Radar,248,37,16,0,301,0,0,0,0,0,248,37,16,0,301,0,0,0,301
11/22/2021,CLE,OH,AGL,CE,Combined TRACON& Tower with Radar,249,26,11,0,286,0,0,1,0,1,249,26,12,0,287,0,0,0,287
11/23/2021,CLE,OH,AGL,CE,Combined TRACON& Tower with Radar,253,41,13,0,307,0,0,6,0,6,253,41,19,0,313,0,0,0,313
11/24/2021,CLE,OH,AGL,CE,Combined TRACON& Tower with Radar,272,35,16,0,323,0,0,1,0,1,272,35,17,0,324,0,0,0,324
11/25/2021,CLE,OH,AGL,CE,Combined TRACON& Tower with Radar,161,25,3,0,189,0,0,0,0,0,161,25,3,0,189,0,0,0,189
11/26/2021,CLE,OH,AGL,CE,Combined TRACON& Tower with Radar,200,27,12,0,239,0,0,0,0,0,200,27,12,0,239,0,0,0,239
11/27/2021,CLE,OH,AGL,CE,Combined TRACON& Tower with Radar,241,38,8,0,287,0,0,0,0,0,241,38,8,0,287,0,0,0,287
11/28/2021,CLE,OH,AGL,CE,Combined TRACON& Tower with Radar,274,32,18,0,324,0,0,0,0,0,274,32,18,0,324,0,0,0,324
11/29/2021,CLE,OH,AGL,CE,Combined TRACON& Tower with Radar,251,36,20,0,307,0,0,2,0,2,251,36,22,0,309,0,0,0,309
11/30/2021,CLE,OH,AGL,CE,Combined TRACON& Tower with Radar,261,42,13,0,316,0,0,0,0,0,261,42,13,0,316,0,0,0,316
12/01/2021,CLE,OH,AGL,CE,Combined TRACON& Tower with Radar,246,35,24,0,305,0,0,2,0,2,246,35,26,0,307,0,0,0,307
12/02/2021,CLE,OH,AGL,CE,Combined TRACON& Tower with Radar,266,28,25,0,319,0,1,1,0,2,266,29,26,0,321,0,0,0,321
12/03/2021,CLE,OH,AGL,CE,Combined TRACON& Tower with Radar,267,38,10,0,315,0,1,0,0,1,267,39,10,0,316,0,0,0,316
12/04/2021,CLE,OH,AGL,CE,Combined TRACON& Tower with Radar,207,38,8,0,253,0,0,0,0,0,207,38,8,0,253,0,0,0,253
12/05/2021,CLE,OH,AGL,CE,Combined TRACON& Tower with Radar,242,39,22,0,303,0,0,0,0,0,242,39,22,0,303,0,0,0,303
12/06/2021,CLE,OH,AGL,CE,Combined TRACON& Tower with Radar,253,38,18,0,309,0,0,0,0,0,253,38,18,0,309,0,0,0,309
12/07/2021,CLE,OH,AGL,CE,Combined TRACON& Tower with Radar,242,36,15,0,293,0,3,5,0,8,242,39,20,0,301,0,0,0,301
12/08/2021,CLE,OH,AGL,CE,Combined TRACON& Tower with Radar,240,43,29,0,312,0,1,0,0,1,240,44,29,0,313,0,0,0,313
12/09/2021,CLE,OH,AGL,CE,Combined TRACON& Tower with Radar,259,41,20,0,320,0,3,0,0,3,259,44,20,0,323,0,0,0,323
12/10/2021,CLE,OH,AGL,CE,Combined TRACON& Tower with Radar,254,30,24,0,308,0,0,2,0,2,254,30,26,0,310,0,0,0,310
12/11/2021,CLE,OH,AGL,CE,Combined TRACON& Tower with Radar,236,30,5,0,271,0,0,0,0,0,236,30,5,0,271,0,0,0,271
12/12/2021,CLE,OH,AGL,CE,Combined TRACON& Tower with Radar,235,30,15,0,280,0,0,5,0,5,235,30,20,0,285,0,0,0,285
12/13/2021,CLE,OH,AGL,CE,Combined TRACON& Tower with Radar,251,32,26,2,311,0,0,2,0,2,251,32,28,2,313,0,0,0,313
12/14/2021,CLE,OH,AGL,CE,Combined TRACON& Tower with Radar,250,38,20,0,308,0,1,2,0,3,250,39,22,0,311,0,0,0,311
12/15/2021,CLE,OH,AGL,CE,Combined TRACON& Tower with Radar,243,24,16,0,283,0,3,0,0,3,243,27,16,0,286,0,0,0,286
12/16/2021,CLE,OH,AGL,CE,Combined TRACON& Tower with Radar,254,38,22,0,314,0,0,0,0,0,254,38,22,0,314,0,0,0,314
12/17/2021,CLE,OH,AGL,CE,Combined TRACON& Tower with Radar,266,32,20,0,318,0,4,4,0,8,266,36,24,0,326,0,0,0,326
12/18/2021,CLE,OH,AGL,CE,Combined TRACON& Tower with Radar,235,28,23,0,286,0,0,0,0,0,235,28,23,0,286,0,0,0,286
12/19/2021,CLE,OH,AGL,CE,Combined TRACON& Tower with Radar,226,34,11,0,271,0,0,0,0,0,226,34,11,0,271,0,0,0,271
12/20/2021,CLE,OH,AGL,CE,Combined TRACON& Tower with Radar,252,28,17,0,297,0,0,3,0,3,252,28,20,0,300,0,0,0,300
12/21/2021,CLE,OH,AGL,CE,Combined TRACON& Tower with Radar,252,39,4,0,295,0,2,0,0,2,252,41,4,0,297,0,0,0,297
12/22/2021,CLE,OH,AGL,CE,Combined TRACON& Tower with Radar,258,42,20,4,324,0,0,1,0,1,258,42,21,4,325,0,0,0,325
12/23/2021,CLE,OH,AGL,CE,Combined TRACON& Tower with Radar,245,41,10,0,296,0,2,8,0,10,245,43,18,0,306,0,0,0,306
12/24/2021,CLE,OH,AGL,CE,Combined TRACON& Tower with Radar,198,31,6,0,235,0,2,0,0,2,198,33,6,0,237,0,0,0,237
12/25/2021,CLE,OH,AGL,CE,Combined TRACON& Tower with Radar,178,27,3,0,208,0,0,0,0,0,178,27,3,0,208,0,0,0,208
12/26/2021,CLE,OH,AGL,CE,Combined TRACON& Tower with Radar,196,42,12,0,250,1,1,0,0,2,197,43,12,0,252,0,0,0,252
12/27/2021,CLE,OH,AGL,CE,Combined TRACON& Tower with Radar,208,46,11,0,265,0,0,0,0,0,208,46,11,0,265,0,0,0,265
12/28/2021,CLE,OH,AGL,CE,Combined TRACON& Tower with Radar,219,35,11,0,265,0,0,2,0,2,219,35,13,0,267,0,0,0,267
12/29/2021,CLE,OH,AGL,CE,Combined TRACON& Tower with Radar,212,24,13,0,249,0,0,0,0,0,212,24,13,0,249,0,0,0,249
12/30/2021,CLE,OH,AGL,CE,Combined TRACON& Tower with Radar,200,33,12,0,245,0,0,0,0,0,200,33,12,0,245,0,0,0,245
12/31/2021,CLE,OH,AGL,CE,Combined TRACON& Tower with Radar,179,25,8,0,212,0,0,0,0,0,179,25,8,0,212,0,0,0,212
01/01/2022,CLE,OH,AGL,CE,Combined TRACON& Tower with Radar,183,28,14,0,225,0,0,0,0,0,183,28,14,0,225,0,0,0,225
01/02/2022,CLE,OH,AGL,CE,Combined TRACON& Tower with Radar,206,31,11,0,248,0,1,0,0,1,206,32,11,0,249,0,0,0,249
01/03/2022,CLE,OH,AGL,CE,Combined TRACON& Tower with Radar,206,28,14,0,248,0,0,0,0,0,206,28,14,0,248,0,0,0,248
01/04/2022,CLE,OH,AGL,CE,Combined TRACON& Tower with Radar,218,44,12,2,276,0,0,6,0,6,218,44,18,2,282,0,0,0,282
01/05/2022,CLE,OH,AGL,CE,Combined TRACON& Tower with Radar,212,25,19,0,256,0,1,0,0,1,212,26,19,0,257,0,0,0,257
01/06/2022,CLE,OH,AGL,CE,Combined TRACON& Tower with Radar,233,29,10,0,272,0,2,0,0,2,233,31,10,0,274,0,0,0,274
01/07/2022,CLE,OH,AGL,CE,Combined TRACON& Tower with Radar,214,35,15,0,264,0,0,0,0,0,214,35,15,0,264,0,0,0,264
01/08/2022,CLE,OH,AGL,CE,Combined TRACON& Tower with Radar,186,28,10,0,224,0,0,1,0,1,186,28,11,0,225,0,0,0,225
01/09/2022,CLE,OH,AGL,CE,Combined TRACON& Tower with Radar,214,33,5,0,252,0,0,1,0,1,214,33,6,0,253,0,0,0,253
01/10/2022,CLE,OH,AGL,CE,Combined TRACON& Tower with Radar,239,18,11,0,268,0,0,0,0,0,239,18,11,0,268,0,0,0,268
01/11/2022,CLE,OH,AGL,CE,Combined TRACON& Tower with Radar,217,26,13,0,256,0,2,2,0,4,217,28,15,0,260,0,0,0,260
01/12/2022,CLE,OH,AGL,CE,Combined TRACON& Tower with Radar,219,21,13,0,253,0,2,0,0,2,219,23,13,0,255,0,0,0,255
01/13/2022,CLE,OH,AGL,CE,Combined TRACON& Tower with Radar,238,31,7,4,280,0,0,2,0,2,238,31,9,4,282,0,0,0,282
01/14/2022,CLE,OH,AGL,CE,Combined TRACON& Tower with Radar,238,29,16,0,283,0,0,0,0,0,238,29,16,0,283,0,0,0,283
01/15/2022,CLE,OH,AGL,CE,Combined TRACON& Tower with Radar,171,27,6,0,204,0,0,0,0,0,171,27,6,0,204,0,0,0,204
01/16/2022,CLE,OH,AGL,CE,Combined TRACON& Tower with Radar,176,24,9,0,209,0,2,2,0,4,176,26,11,0,213,0,0,0,213
01/17/2022,CLE,OH,AGL,CE,Combined TRACON& Tower with Radar,178,28,13,0,219,0,0,0,0,0,178,28,13,0,219,0,0,0,219
01/18/2022,CLE,OH,AGL,CE,Combined TRACON& Tower with Radar,213,50,19,0,282,0,0,2,0,2,213,50,21,0,284,0,0,0,284
01/19/2022,CLE,OH,AGL,CE,Combined TRACON& Tower with Radar,216,30,22,0,268,0,2,0,0,2,216,32,22,0,270,0,0,0,270
01/20/2022,CLE,OH,AGL,CE,Combined TRACON& Tower with Radar,226,37,16,0,279,0,0,0,0,0,226,37,16,0,279,0,0,0,279
01/21/2022,CLE,OH,AGL,CE,Combined TRACON& Tower with Radar,237,36,11,0,284,0,0,2,0,2,237,36,13,0,286,0,0,0,286
01/22/2022,CLE,OH,AGL,CE,Combined TRACON& Tower with Radar,178,27,9,0,214,0,0,2,0,2,178,27,11,0,216,0,0,0,216
01/23/2022,CLE,OH,AGL,CE,Combined TRACON& Tower with Radar,217,29,15,0,261,0,0,0,0,0,217,29,15,0,261,0,0,0,261
01/24/2022,CLE,OH,AGL,CE,Combined TRACON& Tower with Radar,220,38,25,0,283,0,1,0,0,1,220,39,25,0,284,0,0,0,284
01/25/2022,CLE,OH,AGL,CE,Combined TRACON& Tower with Radar,221,40,17,0,278,0,0,0,0,0,221,40,17,0,278,0,0,0,278
01/26/2022,CLE,OH,AGL,CE,Combined TRACON& Tower with Radar,219,28,14,0,261,0,2,0,0,2,219,30,14,0,263,0,0,0,263
01/27/2022,CLE,OH,AGL,CE,Combined TRACON& Tower with Radar,229,33,15,0,277,0,2,2,0,4,229,35,17,0,281,0,0,0,281
01/28/2022,CLE,OH,AGL,CE,Combined TRACON& Tower with Radar,226,55,24,0,305,0,0,0,0,0,226,55,24,0,305,0,0,0,305
01/29/2022,CLE,OH,AGL,CE,Combined TRACON& Tower with Radar,139,27,11,0,177,0,6,3,0,9,139,33,14,0,186,0,0,0,186
01/30/2022,CLE,OH,AGL,CE,Combined TRACON& Tower with Radar,201,36,11,0,248,0,2,0,0,2,201,38,11,0,250,0,0,0,250
01/31/2022,CLE,OH,AGL,CE,Combined TRACON& Tower with Radar,214,33,19,2,268,0,0,1,0,1,214,33,20,2,269,0,0,0,269
02/01/2022,CLE,OH,AGL,CE,Combined TRACON& Tower with Radar,230,44,20,0,294,0,1,0,0,1,230,45,20,0,295,0,0,0,295
02/02/2022,CLE,OH,AGL,CE,Combined TRACON& Tower with Radar,197,28,26,0,251,0,0,0,0,0,197,28,26,0,251,0,0,0,251
02/03/2022,CLE,OH,AGL,CE,Combined TRACON& Tower with Radar,28,0,2,0,30,0,0,0,0,0,28,0,2,0,30,0,0,0,30
02/04/2022,CLE,OH,AGL,CE,Combined TRACON& Tower with Radar,176,32,16,0,224,0,0,0,0,0,176,32,16,0,224,0,0,0,224
02/05/2022,CLE,OH,AGL,CE,Combined TRACON& Tower with Radar,189,25,16,0,230,0,0,0,0,0,189,25,16,0,230,0,0,0,230
02/06/2022,CLE,OH,AGL,CE,Combined TRACON& Tower with Radar,222,29,12,0,263,0,0,0,0,0,222,29,12,0,263,0,0,0,263
02/07/2022,CLE,OH,AGL,CE,Combined TRACON& Tower with Radar,226,22,18,0,266,0,0,0,0,0,226,22,18,0,266,0,0,0,266
02/08/2022,CLE,OH,AGL,CE,Combined TRACON& Tower with Radar,231,31,24,0,286,0,1,2,0,3,231,32,26,0,289,0,0,0,289
02/09/2022,CLE,OH,AGL,CE,Combined TRACON& Tower with Radar,235,23,26,0,284,0,3,0,0,3,235,26,26,0,287,0,0,0,287
02/10/2022,CLE,OH,AGL,CE,Combined TRACON& Tower with Radar,257,42,26,0,325,0,0,0,0,0,257,42,26,0,325,0,0,0,325
02/11/2022,CLE,OH,AGL,CE,Combined TRACON& Tower with Radar,249,27,18,0,294,0,0,0,0,0,249,27,18,0,294,0,0,0,294
02/12/2022,CLE,OH,AGL,CE,Combined TRACON& Tower with Radar,201,27,7,0,235,0,6,0,0,6,201,33,7,0,241,0,0,0,241
02/13/2022,CLE,OH,AGL,CE,Combined TRACON& Tower with Radar,211,21,8,0,240,0,0,0,0,0,211,21,8,0,240,0,0,0,240
02/14/2022,CLE,OH,AGL,CE,Combined TRACON& Tower with Radar,249,24,17,4,294,0,4,3,0,7,249,28,20,4,301,0,0,0,301
02/15/2022,CLE,OH,AGL,CE,Combined TRACON& Tower with Radar,244,38,13,3,298,0,0,0,0,0,244,38,13,3,298,0,0,0,298
02/16/2022,CLE,OH,AGL,CE,Combined TRACON& Tower with Radar,247,40,6,3,296,0,0,0,0,0,247,40,6,3,296,0,0,0,296
02/17/2022,CLE,OH,AGL,CE,Combined TRACON& Tower with Radar,197,61,46,2,306,0,0,0,0,0,197,61,46,2,306,0,0,0,306
02/18/2022,CLE,OH,AGL,CE,Combined TRACON& Tower with Radar,259,80,61,4,404,0,0,0,0,0,259,80,61,4,404,0,0,0,404
02/19/2022,CLE,OH,AGL,CE,Combined TRACON& Tower with Radar,202,40,43,0,285,0,2,0,0,2,202,42,43,0,287,0,0,0,287
02/20/2022,CLE,OH,AGL,CE,Combined TRACON& Tower with Radar,225,60,49,0,334,0,4,0,0,4,225,64,49,0,338,0,0,0,338
02/21/2022,CLE,OH,AGL,CE,Combined TRACON& Tower with Radar,265,76,53,0,394,0,2,1,0,3,265,78,54,0,397,0,0,0,397
02/22/2022,CLE,OH,AGL,CE,Combined TRACON& Tower with Radar,239,50,33,0,322,0,4,0,0,4,239,54,33,0,326,0,0,0,326
02/23/2022,CLE,OH,AGL,CE,Combined TRACON& Tower with Radar,240,25,31,0,296,0,0,0,0,0,240,25,31,0,296,0,0,0,296
02/24/2022,CLE,OH,AGL,CE,Combined TRACON& Tower with Radar,249,35,19,0,303,0,2,0,0,2,249,37,19,0,305,0,0,0,305
02/25/2022,CLE,OH,AGL,CE,Combined TRACON& Tower with Radar,231,39,16,0,286,0,0,0,0,0,231,39,16,0,286,0,0,0,286
02/26/2022,CLE,OH,AGL,CE,Combined TRACON& Tower with Radar,208,27,9,0,244,0,2,0,0,2,208,29,9,0,246,0,0,0,246
02/27/2022,CLE,OH,AGL,CE,Combined TRACON& Tower with Radar,243,28,23,0,294,0,2,0,0,2,243,30,23,0,296,0,0,0,296
02/28/2022,CLE,OH,AGL,CE,Combined TRACON& Tower with Radar,250,27,27,0,304,0,0,0,0,0,250,27,27,0,304,0,0,0,304
03/01/2022,CLE,OH,AGL,CE,Combined TRACON& Tower with Radar,242,30,27,0,299,0,2,2,0,4,242,32,29,0,303,0,0,0,303
03/02/2022,CLE,OH,AGL,CE,Combined TRACON& Tower with Radar,243,34,21,0,298,0,4,0,0,4,243,38,21,0,302,0,0,0,302
03/03/2022,CLE,OH,AGL,CE,Combined TRACON& Tower with Radar,248,32,31,0,311,0,0,2,0,2,248,32,33,0,313,0,0,0,313
03/04/2022,CLE,OH,AGL,CE,Combined TRACON& Tower with Radar,247,24,21,0,292,0,2,2,0,4,247,26,23,0,296,0,0,0,296
03/05/2022,CLE,OH,AGL,CE,Combined TRACON& Tower with Radar,204,27,2,0,233,0,3,2,0,5,204,30,4,0,238,0,0,0,238
03/06/2022,CLE,OH,AGL,CE,Combined TRACON& Tower with Radar,241,37,7,2,287,0,0,0,0,0,241,37,7,2,287,0,0,0,287
03/07/2022,CLE,OH,AGL,CE,Combined TRACON& Tower with Radar,241,45,26,0,312,1,0,0,0,1,242,45,26,0,313,0,0,0,313
03/08/2022,CLE,OH,AGL,CE,Combined TRACON& Tower with Radar,227,45,16,2,290,0,0,2,0,2,227,45,18,2,292,0,0,0,292
03/09/2022,CLE,OH,AGL,CE,Combined TRACON& Tower with Radar,231,50,21,0,302,0,0,2,0,2,231,50,23,0,304,0,0,0,304
03/10/2022,CLE,OH,AGL,CE,Combined TRACON& Tower with Radar,250,57,19,3,329,0,1,4,0,5,250,58,23,3,334,0,0,0,334
03/11/2022,CLE,OH,AGL,CE,Combined TRACON& Tower with Radar,248,41,24,3,316,0,2,0,0,2,248,43,24,3,318,0,0,0,318
03/12/2022,CLE,OH,AGL,CE,Combined TRACON& Tower with Radar,192,46,12,2,252,0,2,0,0,2,192,48,12,2,254,0,0,0,254
03/13/2022,CLE,OH,AGL,CE,Combined TRACON& Tower with Radar,234,46,17,0,297,0,3,0,0,3,234,49,17,0,300,0,0,0,300
03/14/2022,CLE,OH,AGL,CE,Combined TRACON& Tower with Radar,243,37,22,0,302,0,0,3,0,3,243,37,25,0,305,0,0,0,305
03/15/2022,CLE,OH,AGL,CE,Combined TRACON& Tower with Radar,241,43,28,0,312,0,2,2,0,4,241,45,30,0,316,0,0,0,316
03/16/2022,CLE,OH,AGL,CE,Combined TRACON& Tower with Radar,237,38,14,1,290,0,1,0,0,1,237,39,14,1,291,0,0,0,291
03/17/2022,CLE,OH,AGL,CE,Combined TRACON& Tower with Radar,253,29,20,1,303,0,4,1,1,6,253,33,21,2,309,0,0,0,309
03/18/2022,CLE,OH,AGL,CE,Combined TRACON& Tower with Radar,253,29,12,0,294,0,0,1,0,1,253,29,13,0,295,0,0,0,295
03/19/2022,CLE,OH,AGL,CE,Combined TRACON& Tower with Radar,214,43,19,0,276,0,0,0,0,0,214,43,19,0,276,0,0,0,276
03/20/2022,CLE,OH,AGL,CE,Combined TRACON& Tower with Radar,243,41,14,0,298,0,0,0,0,0,243,41,14,0,298,0,0,0,298
03/21/2022,CLE,OH,AGL,CE,Combined TRACON& Tower with Radar,234,26,13,0,273,0,0,2,0,2,234,26,15,0,275,0,0,0,275
03/22/2022,CLE,OH,AGL,CE,Combined TRACON& Tower with Radar,243,32,29,0,304,0,2,0,0,2,243,34,29,0,306,0,0,0,306
03/23/2022,CLE,OH,AGL,CE,Combined TRACON& Tower with Radar,237,36,20,0,293,0,0,0,0,0,237,36,20,0,293,0,0,0,293
03/24/2022,CLE,OH,AGL,CE,Combined TRACON& Tower with Radar,252,36,25,0,313,0,0,3,0,3,252,36,28,0,316,0,0,0,316
03/25/2022,CLE,OH,AGL,CE,Combined TRACON& Tower with Radar,263,36,22,0,321,0,0,0,0,0,263,36,22,0,321,0,0,0,321
03/26/2022,CLE,OH,AGL,CE,Combined TRACON& Tower with Radar,223,36,15,0,274,0,0,0,0,0,223,36,15,0,274,0,0,0,274
03/27/2022,CLE,OH,AGL,CE,Combined TRACON& Tower with Radar,240,47,7,0,294,0,0,0,0,0,240,47,7,0,294,0,0,0,294
03/28/2022,CLE,OH,AGL,CE,Combined TRACON& Tower with Radar,234,33,9,0,276,0,0,0,0,0,234,33,9,0,276,0,0,0,276
03/29/2022,CLE,OH,AGL,CE,Combined TRACON& Tower with Radar,238,28,18,2,286,0,7,0,0,7,238,35,18,2,293,0,0,0,293
03/30/2022,CLE,OH,AGL,CE,Combined TRACON& Tower with Radar,223,44,28,2,297,0,1,0,0,1,223,45,28,2,298,0,0,0,298
03/31/2022,CLE,OH,AGL,CE,Combined TRACON& Tower with Radar,220,30,19,0,269,0,4,0,0,4,220,34,19,0,273,0,0,0,273
04/01/2022,CLE,OH,AGL,CE,Combined TRACON& Tower with Radar,227,35,18,0,280,0,5,2,0,7,227,40,20,0,287,0,0,0,287
04/02/2022,CLE,OH,AGL,CE,Combined TRACON& Tower with Radar,198,31,15,0,244,0,0,0,0,0,198,31,15,0,244,0,0,0,244
04/03/2022,CLE,OH,AGL,CE,Combined TRACON& Tower with Radar,205,37,19,0,261,0,0,0,0,0,205,37,19,0,261,0,0,0,261
04/04/2022,CLE,OH,AGL,CE,Combined TRACON& Tower with Radar,227,56,18,0,301,0,0,0,0,0,227,56,18,0,301,0,0,0,301
04/05/2022,CLE,OH,AGL,CE,Combined TRACON& Tower with Radar,224,40,24,2,290,0,8,2,0,10,224,48,26,2,300,4,0,4,304
04/06/2022,CLE,OH,AGL,CE,Combined TRACON& Tower with Radar,241,35,18,0,294,0,0,0,0,0,241,35,18,0,294,0,0,0,294
04/07/2022,CLE,OH,AGL,CE,Combined TRACON& Tower with Radar,233,53,23,0,309,0,0,1,0,1,233,53,24,0,310,0,0,0,310
04/08/2022,CLE,OH,AGL,CE,Combined TRACON& Tower with Radar,244,34,13,0,291,0,0,0,0,0,244,34,13,0,291,0,0,0,291
04/09/2022,CLE,OH,AGL,CE,Combined TRACON& Tower with Radar,211,33,6,0,250,0,0,0,0,0,211,33,6,0,250,0,0,0,250
04/10/2022,CLE,OH,AGL,CE,Combined TRACON& Tower with Radar,228,32,11,0,271,0,0,1,0,1,228,32,12,0,272,0,0,0,272
04/11/2022,CLE,OH,AGL,CE,Combined TRACON& Tower with Radar,246,32,18,0,296,0,0,0,0,0,246,32,18,0,296,0,0,0,296
04/12/2022,CLE,OH,AGL,CE,Combined TRACON& Tower with Radar,241,27,17,1,286,0,0,0,1,1,241,27,17,2,287,0,0,0,287
04/13/2022,CLE,OH,AGL,CE,Combined TRACON& Tower with Radar,240,55,25,2,322,0,0,0,0,0,240,55,25,2,322,0,0,0,322
04/14/2022,CLE,OH,AGL,CE,Combined TRACON& Tower with Radar,264,45,26,0,335,0,0,1,0,1,264,45,27,0,336,0,0,0,336
04/15/2022,CLE,OH,AGL,CE,Combined TRACON& Tower with Radar,249,30,13,0,292,0,0,1,1,2,249,30,14,1,294,0,0,0,294
04/16/2022,CLE,OH,AGL,CE,Combined TRACON& Tower with Radar,209,16,3,1,229,0,0,0,0,0,209,16,3,1,229,0,0,0,229
04/17/2022,CLE,OH,AGL,CE,Combined TRACON& Tower with Radar,232,23,11,1,267,0,0,2,0,2,232,23,13,1,269,0,0,0,269
04/18/2022,CLE,OH,AGL,CE,Combined TRACON& Tower with Radar,239,25,18,3,285,0,0,0,0,0,239,25,18,3,285,0,0,0,285
04/19/2022,CLE,OH,AGL,CE,Combined TRACON& Tower with Radar,241,37,23,0,301,0,2,0,0,2,241,39,23,0,303,0,0,0,303
04/20/2022,CLE,OH,AGL,CE,Combined TRACON& Tower with Radar,244,28,19,0,291,0,4,5,0,9,244,32,24,0,300,0,0,0,300
04/21/2022,CLE,OH,AGL,CE,Combined TRACON& Tower with Radar,253,38,7,0,298,0,0,0,0,0,253,38,7,0,298,0,0,0,298
04/22/2022,CLE,OH,AGL,CE,Combined TRACON& Tower with Radar,252,43,7,2,304,0,2,0,0,2,252,45,7,2,306,0,0,0,306
04/23/2022,CLE,OH,AGL,CE,Combined TRACON& Tower with Radar,211,33,6,0,250,0,4,0,0,4,211,37,6,0,254,0,0,0,254
04/24/2022,CLE,OH,AGL,CE,Combined TRACON& Tower with Radar,233,46,18,0,297,0,2,0,0,2,233,48,18,0,299,0,0,0,299
04/25/2022,CLE,OH,AGL,CE,Combined TRACON& Tower with Radar,242,24,20,0,286,0,0,1,0,1,242,24,21,0,287,0,0,0,287
04/26/2022,CLE,OH,AGL,CE,Combined TRACON& Tower with Radar,248,31,44,2,325,0,0,10,0,10,248,31,54,2,335,0,0,0,335
04/27/2022,CLE,OH,AGL,CE,Combined TRACON& Tower with Radar,247,36,26,2,311,0,2,0,0,2,247,38,26,2,313,0,0,0,313
04/28/2022,CLE,OH,AGL,CE,Combined TRACON& Tower with Radar,262,47,34,0,343,0,2,2,0,4,262,49,36,0,347,0,0,0,347
04/29/2022,CLE,OH,AGL,CE,Combined TRACON& Tower with Radar,252,27,20,0,299,0,4,8,0,12,252,31,28,0,311,0,0,0,311
04/30/2022,CLE,OH,AGL,CE,Combined TRACON& Tower with Radar,216,26,6,0,248,0,2,2,0,4,216,28,8,0,252,0,0,0,252
05/01/2022,CLE,OH,AGL,CE,Combined TRACON& Tower with Radar,234,29,9,0,272,0,2,0,0,2,234,31,9,0,274,0,0,0,274
05/02/2022,CLE,OH,AGL,CE,Combined TRACON& Tower with Radar,245,27,21,0,293,0,0,4,0,4,245,27,25,0,297,0,0,0,297
05/03/2022,CLE,OH,AGL,CE,Combined TRACON& Tower with Radar,247,37,16,0,300,0,0,0,0,0,247,37,16,0,300,0,0,0,300
05/04/2022,CLE,OH,AGL,CE,Combined TRACON& Tower with Radar,250,56,27,1,334,0,0,0,0,0,250,56,27,1,334,0,0,0,334
05/05/2022,CLE,OH,AGL,CE,Combined TRACON& Tower with Radar,248,50,27,0,325,0,2,4,0,6,248,52,31,0,331,0,0,0,331
05/06/2022,CLE,OH,AGL,CE,Combined TRACON& Tower with Radar,240,37,11,0,288,0,0,0,0,0,240,37,11,0,288,0,0,0,288
05/07/2022,CLE,OH,AGL,CE,Combined TRACON& Tower with Radar,214,38,9,0,261,0,0,0,0,0,214,38,9,0,261,0,0,0,261
05/08/2022,CLE,OH,AGL,CE,Combined TRACON& Tower with Radar,221,44,13,0,278,0,0,0,0,0,221,44,13,0,278,0,0,0,278
05/09/2022,CLE,OH,AGL,CE,Combined TRACON& Tower with Radar,236,44,22,0,302,0,0,1,0,1,236,44,23,0,303,0,0,0,303
05/10/2022,CLE,OH,AGL,CE,Combined TRACON& Tower with Radar,234,51,24,0,309,0,0,2,1,3,234,51,26,1,312,0,0,0,312
05/11/2022,CLE,OH,AGL,CE,Combined TRACON& Tower with Radar,229,46,19,0,294,0,1,3,0,4,229,47,22,0,298,0,0,0,298
05/12/2022,CLE,OH,AGL,CE,Combined TRACON& Tower with Radar,243,48,20,0,311,1,2,2,0,5,244,50,22,0,316,0,0,0,316
05/13/2022,CLE,OH,AGL,CE,Combined TRACON& Tower with Radar,237,38,14,2,291,0,0,3,0,3,237,38,17,2,294,0,0,0,294
05/14/2022,CLE,OH,AGL,CE,Combined TRACON& Tower with Radar,218,38,8,0,264,0,0,0,0,0,218,38,8,0,264,0,0,0,264
05/15/2022,CLE,OH,AGL,CE,Combined TRACON& Tower with Radar,219,37,11,0,267,0,0,0,0,0,219,37,11,0,267,0,0,0,267
05/16/2022,CLE,OH,AGL,CE,Combined TRACON& Tower with Radar,219,23,13,0,255,0,4,1,0,5,219,27,14,0,260,0,0,0,260
05/17/2022,CLE,OH,AGL,CE,Combined TRACON& Tower with Radar,220,33,27,0,280,0,0,2,0,2,220,33,29,0,282,0,0,0,282
05/18/2022,CLE,OH,AGL,CE,Combined TRACON& Tower with Radar,230,34,23,0,287,0,4,0,0,4,230,38,23,0,291,0,0,0,291
05/19/2022,CLE,OH,AGL,CE,Combined TRACON& Tower with Radar,239,47,30,0,316,0,0,2,0,2,239,47,32,0,318,0,0,0,318
05/20/2022,CLE,OH,AGL,CE,Combined TRACON& Tower with Radar,223,32,19,0,274,0,0,0,0,0,223,32,19,0,274,0,0,0,274
05/21/2022,CLE,OH,AGL,CE,Combined TRACON& Tower with Radar,208,19,6,0,233,0,0,1,0,1,208,19,7,0,234,0,0,0,234
05/22/2022,CLE,OH,AGL,CE,Combined TRACON& Tower with Radar,209,36,19,0,264,0,1,0,0,1,209,37,19,0,265,0,0,0,265
05/23/2022,CLE,OH,AGL,CE,Combined TRACON& Tower with Radar,230,39,19,0,288,0,0,0,0,0,230,39,19,0,288,0,0,0,288
05/24/2022,CLE,OH,AGL,CE,Combined TRACON& Tower with Radar,227,34,26,0,287,0,2,5,0,7,227,36,31,0,294,0,0,0,294
05/25/2022,CLE,OH,AGL,CE,Combined TRACON& Tower with Radar,234,54,27,0,315,0,1,1,1,3,234,55,28,1,318,0,0,0,318
05/26/2022,CLE,OH,AGL,CE,Combined TRACON& Tower with Radar,248,48,31,0,327,0,0,0,0,0,248,48,31,0,327,0,0,0,327
05/27/2022,CLE,OH,AGL,CE,Combined TRACON& Tower with Radar,242,29,18,0,289,0,2,0,0,2,242,31,18,0,291,0,0,0,291
05/28/2022,CLE,OH,AGL,CE,Combined TRACON& Tower with Radar,203,19,4,0,226,0,2,0,0,2,203,21,4,0,228,0,0,0,228
05/29/2022,CLE,OH,AGL,CE,Combined TRACON& Tower with Radar,211,18,10,0,239,0,0,2,0,2,211,18,12,0,241,0,0,0,241
05/30/2022,CLE,OH,AGL,CE,Combined TRACON& Tower with Radar,231,30,10,0,271,0,0,3,2,5,231,30,13,2,276,0,0,0,276
05/31/2022,CLE,OH,AGL,CE,Combined TRACON& Tower with Radar,226,38,21,0,285,0,0,0,0,0,226,38,21,0,285,0,0,0,285
06/01/2022,CLE,OH,AGL,CE,Combined TRACON& Tower with Radar,220,47,20,2,289,0,0,2,0,2,220,47,22,2,291,0,0,0,291
06/02/2022,CLE,OH,AGL,CE,Combined TRACON& Tower with Radar,225,43,29,6,303,0,2,0,0,2,225,45,29,6,305,0,0,0,305
06/03/2022,CLE,OH,AGL,CE,Combined TRACON& Tower with Radar,233,38,17,0,288,0,0,0,0,0,233,38,17,0,288,0,0,0,288
06/04/2022,CLE,OH,AGL,CE,Combined TRACON& Tower with Radar,199,20,12,0,231,0,4,2,0,6,199,24,14,0,237,0,0,0,237
06/05/2022,CLE,OH,AGL,CE,Combined TRACON& Tower with Radar,228,44,7,0,279,0,4,0,0,4,228,48,7,0,283,0,0,0,283
06/06/2022,CLE,OH,AGL,CE,Combined TRACON& Tower with Radar,227,30,23,0,280,0,0,3,0,3,227,30,26,0,283,0,0,0,283
06/07/2022,CLE,OH,AGL,CE,Combined TRACON& Tower with Radar,247,29,16,0,292,0,0,0,0,0,247,29,16,0,292,0,0,0,292
06/08/2022,CLE,OH,AGL,CE,Combined TRACON& Tower with Radar,239,27,19,0,285,0,0,0,0,0,239,27,19,0,285,0,0,0,285
06/09/2022,CLE,OH,AGL,CE,Combined TRACON& Tower with Radar,249,37,26,2,314,0,0,7,0,7,249,37,33,2,321,0,0,0,321
06/10/2022,CLE,OH,AGL,CE,Combined TRACON& Tower with Radar,240,32,11,2,285,0,0,6,0,6,240,32,17,2,291,0,0,0,291
06/11/2022,CLE,OH,AGL,CE,Combined TRACON& Tower with Radar,194,32,17,0,243,0,4,0,0,4,194,36,17,0,247,0,0,0,247
06/12/2022,CLE,OH,AGL,CE,Combined TRACON& Tower with Radar,213,32,8,0,253,0,2,2,0,4,213,34,10,0,257,0,0,0,257
06/13/2022,CLE,OH,AGL,CE,Combined TRACON& Tower with Radar,236,32,23,0,291,0,0,2,0,2,236,32,25,0,293,0,0,0,293
06/14/2022,CLE,OH,AGL,CE,Combined TRACON& Tower with Radar,246,37,20,4,307,0,0,0,0,0,246,37,20,4,307,0,0,0,307
06/15/2022,CLE,OH,AGL,CE,Combined TRACON& Tower with Radar,240,33,24,0,297,0,0,0,0,0,240,33,24,0,297,0,0,0,297
06/16/2022,CLE,OH,AGL,CE,Combined TRACON& Tower with Radar,238,48,31,0,317,0,0,3,0,3,238,48,34,0,320,0,0,0,320
06/17/2022,CLE,OH,AGL,CE,Combined TRACON& Tower with Radar,227,42,18,0,287,0,0,2,0,2,227,42,20,0,289,0,0,0,289
06/18/2022,CLE,OH,AGL,CE,Combined TRACON& Tower with Radar,197,34,5,0,236,0,3,1,0,4,197,37,6,0,240,0,0,0,240
06/19/2022,CLE,OH,AGL,CE,Combined TRACON& Tower with Radar,219,42,12,0,273,0,4,2,0,6,219,46,14,0,279,0,0,0,279
06/20/2022,CLE,OH,AGL,CE,Combined TRACON& Tower with Radar,234,32,21,0,287,0,6,0,0,6,234,38,21,0,293,0,0,0,293
06/21/2022,CLE,OH,AGL,CE,Combined TRACON& Tower with Radar,244,34,19,0,297,0,4,2,2,8,244,38,21,2,305,0,0,0,305
06/22/2022,CLE,OH,AGL,CE,Combined TRACON& Tower with Radar,235,56,26,0,317,0,2,2,0,4,235,58,28,0,321,0,0,0,321
06/23/2022,CLE,OH,AGL,CE,Combined TRACON& Tower with Radar,246,48,34,2,330,0,0,4,0,4,246,48,38,2,334,0,0,0,334
06/24/2022,CLE,OH,AGL,CE,Combined TRACON& Tower with Radar,230,27,21,0,278,0,2,2,0,4,230,29,23,0,282,0,0,0,282
06/25/2022,CLE,OH,AGL,CE,Combined TRACON& Tower with Radar,192,33,12,0,237,0,5,2,0,7,192,38,14,0,244,0,0,0,244
06/26/2022,CLE,OH,AGL,CE,Combined TRACON& Tower with Radar,211,27,15,0,253,0,5,2,0,7,211,32,17,0,260,0,0,0,260
06/27/2022,CLE,OH,AGL,CE,Combined TRACON& Tower with Radar,226,28,31,0,285,0,2,1,0,3,226,30,32,0,288,0,0,0,288
06/28/2022,CLE,OH,AGL,CE,Combined TRACON& Tower with Radar,241,43,12,0,296,0,4,4,0,8,241,47,16,0,304,0,0,0,304
06/29/2022,CLE,OH,AGL,CE,Combined TRACON& Tower with Radar,231,48,13,0,292,0,0,4,0,4,231,48,17,0,296,0,0,0,296
06/30/2022,CLE,OH,AGL,CE,Combined TRACON& Tower with Radar,243,43,22,0,308,0,1,3,0,4,243,44,25,0,312,0,0,0,312
07/01/2022,CLE,OH,AGL,CE,Combined TRACON& Tower with Radar,223,28,17,2,270,0,0,0,0,0,223,28,17,2,270,0,0,0,270
07/02/2022,CLE,OH,AGL,CE,Combined TRACON& Tower with Radar,190,28,9,0,227,0,0,4,0,4,190,28,13,0,231,0,0,0,231
07/03/2022,CLE,OH,AGL,CE,Combined TRACON& Tower with Radar,205,18,6,4,233,0,0,0,0,0,205,18,6,4,233,0,0,0,233
07/04/2022,CLE,OH,AGL,CE,Combined TRACON& Tower with Radar,212,21,3,4,240,0,0,0,0,0,212,21,3,4,240,0,0,0,240
07/05/2022,CLE,OH,AGL,CE,Combined TRACON& Tower with Radar,224,34,18,2,278,0,0,4,0,4,224,34,22,2,282,0,0,0,282
07/06/2022,CLE,OH,AGL,CE,Combined TRACON& Tower with Radar,229,23,25,4,281,0,0,3,0,3,229,23,28,4,284,0,0,0,284
07/07/2022,CLE,OH,AGL,CE,Combined TRACON& Tower with Radar,244,29,17,4,294,0,0,0,5,5,244,29,17,9,299,0,0,0,299
07/08/2022,CLE,OH,AGL,CE,Combined TRACON& Tower with Radar,223,34,11,0,268,0,2,0,0,2,223,36,11,0,270,0,0,0,270
07/09/2022,CLE,OH,AGL,CE,Combined TRACON& Tower with Radar,200,32,3,0,235,0,0,0,0,0,200,32,3,0,235,0,0,0,235
07/10/2022,CLE,OH,AGL,CE,Combined TRACON& Tower with Radar,221,25,5,0,251,0,0,3,0,3,221,25,8,0,254,0,0,0,254
07/11/2022,CLE,OH,AGL,CE,Combined TRACON& Tower with Radar,222,36,18,0,276,0,0,3,0,3,222,36,21,0,279,0,0,0,279
07/12/2022,CLE,OH,AGL,CE,Combined TRACON& Tower with Radar,229,30,15,0,274,0,2,0,0,2,229,32,15,0,276,0,0,0,276
07/13/2022,CLE,OH,AGL,CE,Combined TRACON& Tower with Radar,231,27,14,0,272,0,2,1,0,3,231,29,15,0,275,0,0,0,275
07/14/2022,CLE,OH,AGL,CE,Combined TRACON& Tower with Radar,229,44,10,0,283,0,0,2,0,2,229,44,12,0,285,0,0,0,285
07/15/2022,CLE,OH,AGL,CE,Combined TRACON& Tower with Radar,230,33,18,2,283,0,3,0,0,3,230,36,18,2,286,0,0,0,286
07/16/2022,CLE,OH,AGL,CE,Combined TRACON& Tower with Radar,189,35,14,0,238,0,0,1,0,1,189,35,15,0,239,0,0,0,239
07/17/2022,CLE,OH,AGL,CE,Combined TRACON& Tower with Radar,216,30,10,0,256,0,0,0,0,0,216,30,10,0,256,0,0,0,256
07/18/2022,CLE,OH,AGL,CE,Combined TRACON& Tower with Radar,218,38,24,0,280,0,2,8,0,10,218,40,32,0,290,0,0,0,290
07/19/2022,CLE,OH,AGL,CE,Combined TRACON& Tower with Radar,238,43,24,0,305,0,0,9,0,9,238,43,33,0,314,0,0,0,314
07/20/2022,CLE,OH,AGL,CE,Combined TRACON& Tower with Radar,232,39,26,0,297,0,2,0,0,2,232,41,26,0,299,0,0,0,299
07/21/2022,CLE,OH,AGL,CE,Combined TRACON& Tower with Radar,234,46,17,0,297,0,2,0,0,2,234,48,17,0,299,0,0,0,299
07/22/2022,CLE,OH,AGL,CE,Combined TRACON& Tower with Radar,230,38,16,0,284,0,2,0,0,2,230,40,16,0,286,0,0,0,286
07/23/2022,CLE,OH,AGL,CE,Combined TRACON& Tower with Radar,187,33,10,0,230,0,2,2,0,4,187,35,12,0,234,0,0,0,234
07/24/2022,CLE,OH,AGL,CE,Combined TRACON& Tower with Radar,201,30,16,0,247,0,0,1,0,1,201,30,17,0,248,0,0,0,248
07/25/2022,CLE,OH,AGL,CE,Combined TRACON& Tower with Radar,202,40,21,0,263,0,0,2,0,2,202,40,23,0,265,0,0,0,265
07/26/2022,CLE,OH,AGL,CE,Combined TRACON& Tower with Radar,239,43,22,0,304,0,0,0,0,0,239,43,22,0,304,0,0,0,304
07/27/2022,CLE,OH,AGL,CE,Combined TRACON& Tower with Radar,233,49,28,0,310,0,0,0,0,0,233,49,28,0,310,0,0,0,310
07/28/2022,CLE,OH,AGL,CE,Combined TRACON& Tower with Radar,232,38,29,0,299,0,2,2,0,4,232,40,31,0,303,0,0,0,303
07/29/2022,CLE,OH,AGL,CE,Combined TRACON& Tower with Radar,231,43,12,0,286,0,3,2,0,5,231,46,14,0,291,0,0,0,291
07/30/2022,CLE,OH,AGL,CE,Combined TRACON& Tower with Radar,200,28,13,0,241,0,0,0,0,0,200,28,13,0,241,0,0,0,241
07/31/2022,CLE,OH,AGL,CE,Combined TRACON& Tower with Radar,213,27,5,2,247,0,2,5,0,7,213,29,10,2,254,0,0,0,254
08/01/2022,CLE,OH,AGL,CE,Combined TRACON& Tower with Radar,216,44,22,0,282,0,0,2,0,2,216,44,24,0,284,0,0,0,284
08/02/2022,CLE,OH,AGL,CE,Combined TRACON& Tower with Radar,235,31,11,1,278,0,2,0,0,2,235,33,11,1,280,0,0,0,280
08/03/2022,CLE,OH,AGL,CE,Combined TRACON& Tower with Radar,230,34,12,2,278,0,0,5,0,5,230,34,17,2,283,0,0,0,283
08/04/2022,CLE,OH,AGL,CE,Combined TRACON& Tower with Radar,225,43,18,1,287,0,4,1,0,5,225,47,19,1,292,0,0,0,292
08/05/2022,CLE,OH,AGL,CE,Combined TRACON& Tower with Radar,208,35,21,0,264,0,0,2,0,2,208,35,23,0,266,0,0,0,266
08/06/2022,CLE,OH,AGL,CE,Combined TRACON& Tower with Radar,190,35,12,0,237,0,4,2,0,6,190,39,14,0,243,0,0,0,243
08/07/2022,CLE,OH,AGL,CE,Combined TRACON& Tower with Radar,201,21,21,0,243,0,0,2,0,2,201,21,23,0,245,0,0,0,245
08/08/2022,CLE,OH,AGL,CE,Combined TRACON& Tower with Radar,215,26,12,0,253,0,2,2,0,4,215,28,14,0,257,0,0,0,257
08/09/2022,CLE,OH,AGL,CE,Combined TRACON& Tower with Radar,220,37,23,0,280,0,2,1,0,3,220,39,24,0,283,0,0,0,283
08/10/2022,CLE,OH,AGL,CE,Combined TRACON& Tower with Radar,223,26,10,0,259,0,0,4,0,4,223,26,14,0,263,0,0,0,263
08/11/2022,CLE,OH,AGL,CE,Combined TRACON& Tower with Radar,221,48,22,0,291,0,3,4,0,7,221,51,26,0,298,0,0,0,298
08/12/2022,CLE,OH,AGL,CE,Combined TRACON& Tower with Radar,216,34,18,0,268,0,2,5,0,7,216,36,23,0,275,0,0,0,275
08/13/2022,CLE,OH,AGL,CE,Combined TRACON& Tower with Radar,198,30,6,0,234,0,0,6,0,6,198,30,12,0,240,0,0,0,240
08/14/2022,CLE,OH,AGL,CE,Combined TRACON& Tower with Radar,215,34,10,0,259,0,0,5,0,5,215,34,15,0,264,0,0,0,264
08/15/2022,CLE,OH,AGL,CE,Combined TRACON& Tower with Radar,211,30,16,0,257,0,0,5,0,5,211,30,21,0,262,0,0,0,262
08/16/2022,CLE,OH,AGL,CE,Combined TRACON& Tower with Radar,224,34,23,0,281,0,0,0,0,0,224,34,23,0,281,0,0,0,281
08/17/2022,CLE,OH,AGL,CE,Combined TRACON& Tower with Radar,227,31,10,0,268,0,4,3,0,7,227,35,13,0,275,0,0,0,275
08/18/2022,CLE,OH,AGL,CE,Combined TRACON& Tower with Radar,226,32,33,2,293,0,0,0,0,0,226,32,33,2,293,0,0,0,293
08/19/2022,CLE,OH,AGL,CE,Combined TRACON& Tower with Radar,227,35,10,0,272,0,0,2,0,2,227,35,12,0,274,0,0,0,274
08/20/2022,CLE,OH,AGL,CE,Combined TRACON& Tower with Radar,191,27,7,0,225,0,0,4,0,4,191,27,11,0,229,0,0,0,229
08/21/2022,CLE,OH,AGL,CE,Combined TRACON& Tower with Radar,213,22,9,0,244,0,0,0,0,0,213,22,9,0,244,0,0,0,244
08/22/2022,CLE,OH,AGL,CE,Combined TRACON& Tower with Radar,198,21,25,0,244,0,0,2,0,2,198,21,27,0,246,0,0,0,246
08/23/2022,CLE,OH,AGL,CE,Combined TRACON& Tower with Radar,238,48,33,4,323,0,2,4,0,6,238,50,37,4,329,0,0,0,329
08/24/2022,CLE,OH,AGL,CE,Combined TRACON& Tower with Radar,226,42,15,0,283,0,6,8,0,14,226,48,23,0,297,0,0,0,297
08/25/2022,CLE,OH,AGL,CE,Combined TRACON& Tower with Radar,230,29,28,0,287,0,2,0,0,2,230,31,28,0,289,0,0,0,289
08/26/2022,CLE,OH,AGL,CE,Combined TRACON& Tower with Radar,227,30,27,2,286,0,0,0,0,0,227,30,27,2,286,0,0,0,286
08/27/2022,CLE,OH,AGL,CE,Combined TRACON& Tower with Radar,200,31,5,0,236,0,0,2,0,2,200,31,7,0,238,0,0,0,238
08/28/2022,CLE,OH,AGL,CE,Combined TRACON& Tower with Radar,207,30,12,0,249,0,2,0,0,2,207,32,12,0,251,0,0,0,251
08/29/2022,CLE,OH,AGL,CE,Combined TRACON& Tower with Radar,216,26,21,2,265,0,0,0,0,0,216,26,21,2,265,0,0,0,265
08/30/2022,CLE,OH,AGL,CE,Combined TRACON& Tower with Radar,214,32,24,0,270,0,3,0,0,3,214,35,24,0,273,0,0,0,273
08/31/2022,CLE,OH,AGL,CE,Combined TRACON& Tower with Radar,224,41,24,1,290,0,1,3,2,6,224,42,27,3,296,0,0,0,296
09/01/2022,CLE,OH,AGL,CE,Combined TRACON& Tower with Radar,225,57,27,1,310,0,6,1,1,8,225,63,28,2,318,0,0,0,318
09/02/2022,CLE,OH,AGL,CE,Combined TRACON& Tower with Radar,225,47,20,1,293,0,1,6,6,13,225,48,26,7,306,0,0,0,306
09/03/2022,CLE,OH,AGL,CE,Combined TRACON& Tower with Radar,189,35,9,1,234,0,6,1,5,12,189,41,10,6,246,0,0,0,246
09/04/2022,CLE,OH,AGL,CE,Combined TRACON& Tower with Radar,181,24,13,0,218,0,0,0,6,6,181,24,13,6,224,0,0,0,224
09/05/2022,CLE,OH,AGL,CE,Combined TRACON& Tower with Radar,207,41,13,0,261,0,0,0,0,0,207,41,13,0,261,0,0,0,261
09/06/2022,CLE,OH,AGL,CE,Combined TRACON& Tower with Radar,225,34,19,2,280,0,2,1,0,3,225,36,20,2,283,0,0,0,283
09/07/2022,CLE,OH,AGL,CE,Combined TRACON& Tower with Radar,221,37,21,0,279,0,0,2,0,2,221,37,23,0,281,0,0,0,281
09/08/2022,CLE,OH,AGL,CE,Combined TRACON& Tower with Radar,235,40,15,0,290,0,2,2,0,4,235,42,17,0,294,0,0,0,294
09/09/2022,CLE,OH,AGL,CE,Combined TRACON& Tower with Radar,233,31,17,0,281,0,0,3,0,3,233,31,20,0,284,0,0,0,284
09/10/2022,CLE,OH,AGL,CE,Combined TRACON& Tower with Radar,198,42,5,0,245,0,5,7,0,12,198,47,12,0,257,0,0,0,257
09/11/2022,CLE,OH,AGL,CE,Combined TRACON& Tower with Radar,224,34,23,1,282,0,2,0,0,2,224,36,23,1,284,0,0,0,284
09/12/2022,CLE,OH,AGL,CE,Combined TRACON& Tower with Radar,235,33,23,0,291,0,0,0,0,0,235,33,23,0,291,0,0,0,291
09/13/2022,CLE,OH,AGL,CE,Combined TRACON& Tower with Radar,228,59,20,0,307,0,2,2,0,4,228,61,22,0,311,0,0,0,311
09/14/2022,CLE,OH,AGL,CE,Combined TRACON& Tower with Radar,234,52,36,0,322,0,6,3,0,9,234,58,39,0,331,0,0,0,331
09/15/2022,CLE,OH,AGL,CE,Combined TRACON& Tower with Radar,239,53,25,0,317,0,0,4,0,4,239,53,29,0,321,0,0,0,321
09/16/2022,CLE,OH,AGL,CE,Combined TRACON& Tower with Radar,234,34,36,1,305,0,2,3,0,5,234,36,39,1,310,0,0,0,310
09/17/2022,CLE,OH,AGL,CE,Combined TRACON& Tower with Radar,191,33,10,0,234,0,0,2,0,2,191,33,12,0,236,0,0,0,236
09/18/2022,CLE,OH,AGL,CE,Combined TRACON& Tower with Radar,220,40,30,1,291,0,4,3,0,7,220,44,33,1,298,0,0,0,298
09/19/2022,CLE,OH,AGL,CE,Combined TRACON& Tower with Radar,225,31,20,0,276,0,8,0,0,8,225,39,20,0,284,0,0,0,284
09/20/2022,CLE,OH,AGL,CE,Combined TRACON& Tower with Radar,227,32,15,0,274,0,2,5,0,7,227,34,20,0,281,0,0,0,281
09/21/2022,CLE,OH,AGL,CE,Combined TRACON& Tower with Radar,225,37,27,0,289,0,4,5,0,9,225,41,32,0,298,0,0,0,298
09/22/2022,CLE,OH,AGL,CE,Combined TRACON& Tower with Radar,228,39,23,0,290,0,0,0,0,0,228,39,23,0,290,0,0,0,290
09/23/2022,CLE,OH,AGL,CE,Combined TRACON& Tower with Radar,238,51,24,0,313,0,0,3,0,3,238,51,27,0,316,0,0,0,316
09/24/2022,CLE,OH,AGL,CE,Combined TRACON& Tower with Radar,191,30,8,0,229,0,2,1,0,3,191,32,9,0,232,0,0,0,232
09/25/2022,CLE,OH,AGL,CE,Combined TRACON& Tower with Radar,214,34,15,0,263,0,0,0,0,0,214,34,15,0,263,0,0,0,263
09/26/2022,CLE,OH,AGL,CE,Combined TRACON& Tower with Radar,235,32,30,1,298,0,2,0,1,3,235,34,30,2,301,0,0,0,301
09/27/2022,CLE,OH,AGL,CE,Combined TRACON& Tower with Radar,228,44,30,1,303,0,2,0,0,2,228,46,30,1,305,0,0,0,305
09/28/2022,CLE,OH,AGL,CE,Combined TRACON& Tower with Radar,211,45,21,2,279,0,0,1,0,1,211,45,22,2,280,0,0,0,280
09/29/2022,CLE,OH,AGL,CE,Combined TRACON& Tower with Radar,226,42,20,0,288,0,3,0,0,3,226,45,20,0,291,0,0,0,291
09/30/2022,CLE,OH,AGL,CE,Combined TRACON& Tower with Radar,214,31,25,2,272,0,2,5,0,7,214,33,30,2,279,0,0,0,279
10/01/2022,CLE,OH,AGL,CE,Combined TRACON& Tower with Radar,180,22,6,0,208,0,0,0,0,0,180,22,6,0,208,0,0,0,208
10/02/2022,CLE,OH,AGL,CE,Combined TRACON& Tower with Radar,219,30,16,1,266,0,3,0,0,3,219,33,16,1,269,0,0,0,269
10/03/2022,CLE,OH,AGL,CE,Combined TRACON& Tower with Radar,232,42,27,2,303,0,0,3,0,3,232,42,30,2,306,0,0,0,306
10/04/2022,CLE,OH,AGL,CE,Combined TRACON& Tower with Radar,226,43,21,2,292,0,2,0,0,2,226,45,21,2,294,0,0,0,294
10/05/2022,CLE,OH,AGL,CE,Combined TRACON& Tower with Radar,236,36,27,0,299,0,5,0,0,5,236,41,27,0,304,0,0,0,304
10/06/2022,CLE,OH,AGL,CE,Combined TRACON& Tower with Radar,234,50,18,4,306,0,0,2,0,2,234,50,20,4,308,0,0,0,308
10/07/2022,CLE,OH,AGL,CE,Combined TRACON& Tower with Radar,231,39,21,0,291,0,2,1,0,3,231,41,22,0,294,0,0,0,294
10/08/2022,CLE,OH,AGL,CE,Combined TRACON& Tower with Radar,203,22,2,0,227,0,3,0,0,3,203,25,2,0,230,0,0,0,230
10/09/2022,CLE,OH,AGL,CE,Combined TRACON& Tower with Radar,228,31,18,0,277,0,2,4,0,6,228,33,22,0,283,0,0,0,283
10/10/2022,CLE,OH,AGL,CE,Combined TRACON& Tower with Radar,235,29,12,0,276,0,0,4,0,4,235,29,16,0,280,0,0,0,280
10/11/2022,CLE,OH,AGL,CE,Combined TRACON& Tower with Radar,228,38,16,0,282,0,0,0,0,0,228,38,16,0,282,0,0,0,282
10/12/2022,CLE,OH,AGL,CE,Combined TRACON& Tower with Radar,227,42,26,0,295,0,0,0,0,0,227,42,26,0,295,0,0,0,295
10/13/2022,CLE,OH,AGL,CE,Combined TRACON& Tower with Radar,242,32,18,0,292,0,2,0,0,2,242,34,18,0,294,0,0,0,294
10/14/2022,CLE,OH,AGL,CE,Combined TRACON& Tower with Radar,239,32,18,1,290,0,0,0,0,0,239,32,18,1,290,0,0,0,290
10/15/2022,CLE,OH,AGL,CE,Combined TRACON& Tower with Radar,201,26,4,1,232,0,2,0,0,2,201,28,4,1,234,0,0,0,234
10/16/2022,CLE,OH,AGL,CE,Combined TRACON& Tower with Radar,218,38,23,1,280,0,0,0,1,1,218,38,23,2,281,0,0,0,281
10/17/2022,CLE,OH,AGL,CE,Combined TRACON& Tower with Radar,227,44,25,1,297,0,2,2,0,4,227,46,27,1,301,0,0,0,301
10/18/2022,CLE,OH,AGL,CE,Combined TRACON& Tower with Radar,235,41,27,0,303,0,0,0,0,0,235,41,27,0,303,0,0,0,303
10/19/2022,CLE,OH,AGL,CE,Combined TRACON& Tower with Radar,227,26,16,0,269,0,2,0,0,2,227,28,16,0,271,0,0,0,271
10/20/2022,CLE,OH,AGL,CE,Combined TRACON& Tower with Radar,233,47,18,0,298,0,3,0,0,3,233,50,18,0,301,0,0,0,301
10/21/2022,CLE,OH,AGL,CE,Combined TRACON& Tower with Radar,229,39,19,0,287,0,2,0,0,2,229,41,19,0,289,0,0,0,289
10/22/2022,CLE,OH,AGL,CE,Combined TRACON& Tower with Radar,204,21,4,0,229,0,0,2,0,2,204,21,6,0,231,0,0,0,231
10/23/2022,CLE,OH,AGL,CE,Combined TRACON& Tower with Radar,215,46,14,0,275,0,0,1,0,1,215,46,15,0,276,0,0,0,276
10/24/2022,CLE,OH,AGL,CE,Combined TRACON& Tower with Radar,225,39,25,0,289,0,2,0,0,2,225,41,25,0,291,0,0,0,291
10/25/2022,CLE,OH,AGL,CE,Combined TRACON& Tower with Radar,210,40,33,0,283,0,0,2,0,2,210,40,35,0,285,0,0,0,285
10/26/2022,CLE,OH,AGL,CE,Combined TRACON& Tower with Radar,229,33,30,0,292,0,1,2,0,3,229,34,32,0,295,0,0,0,295
10/27/2022,CLE,OH,AGL,CE,Combined TRACON& Tower with Radar,237,31,21,2,291,0,1,1,0,2,237,32,22,2,293,0,0,0,293
10/28/2022,CLE,OH,AGL,CE,Combined TRACON& Tower with Radar,229,38,11,0,278,0,4,0,0,4,229,42,11,0,282,0,0,0,282
10/29/2022,CLE,OH,AGL,CE,Combined TRACON& Tower with Radar,211,25,4,0,240,0,4,1,0,5,211,29,5,0,245,0,0,0,245
10/30/2022,CLE,OH,AGL,CE,Combined TRACON& Tower with Radar,213,30,11,0,254,0,0,2,0,2,213,30,13,0,256,0,0,0,256
10/31/2022,CLE,OH,AGL,CE,Combined TRACON& Tower with Radar,209,27,15,0,251,0,0,0,0,0,209,27,15,0,251,0,0,0,251
11/01/2022,CLE,OH,AGL,CE,Combined TRACON& Tower with Radar,230,37,18,0,285,0,0,0,0,0,230,37,18,0,285,0,0,0,285
11/02/2022,CLE,OH,AGL,CE,Combined TRACON& Tower with Radar,236,34,32,0,302,0,1,2,0,3,236,35,34,0,305,0,0,0,305
11/03/2022,CLE,OH,AGL,CE,Combined TRACON& Tower with Radar,239,41,38,0,318,0,0,2,0,2,239,41,40,0,320,0,0,0,320
11/04/2022,CLE,OH,AGL,CE,Combined TRACON& Tower with Radar,227,41,16,0,284,0,2,0,0,2,227,43,16,0,286,0,0,0,286
11/05/2022,CLE,OH,AGL,CE,Combined TRACON& Tower with Radar,188,29,8,0,225,0,0,0,0,0,188,29,8,0,225,0,0,0,225
11/06/2022,CLE,OH,AGL,CE,Combined TRACON& Tower with Radar,208,28,17,0,253,0,0,0,0,0,208,28,17,0,253,0,0,0,253
11/07/2022,CLE,OH,AGL,CE,Combined TRACON& Tower with Radar,221,23,19,0,263,0,2,0,0,2,221,25,19,0,265,0,0,0,265
11/08/2022,CLE,OH,AGL,CE,Combined TRACON& Tower with Radar,225,27,39,0,291,0,2,6,0,8,225,29,45,0,299,0,0,0,299
11/09/2022,CLE,OH,AGL,CE,Combined TRACON& Tower with Radar,233,41,15,0,289,0,0,0,0,0,233,41,15,0,289,0,0,0,289
11/10/2022,CLE,OH,AGL,CE,Combined TRACON& Tower with Radar,219,42,19,2,282,0,0,1,0,1,219,42,20,2,283,0,0,0,283
11/11/2022,CLE,OH,AGL,CE,Combined TRACON& Tower with Radar,232,35,27,0,294,0,0,0,0,0,232,35,27,0,294,0,0,0,294
11/12/2022,CLE,OH,AGL,CE,Combined TRACON& Tower with Radar,202,29,5,0,236,0,0,0,0,0,202,29,5,0,236,0,0,0,236
11/13/2022,CLE,OH,AGL,CE,Combined TRACON& Tower with Radar,212,23,10,0,245,0,0,0,0,0,212,23,10,0,245,0,0,0,245
11/14/2022,CLE,OH,AGL,CE,Combined TRACON& Tower with Radar,225,50,17,0,292,0,2,1,0,3,225,52,18,0,295,0,0,0,295
11/15/2022,CLE,OH,AGL,CE,Combined TRACON& Tower with Radar,237,37,14,0,288,0,2,0,0,2,237,39,14,0,290,0,0,0,290
11/16/2022,CLE,OH,AGL,CE,Combined TRACON& Tower with Radar,236,31,25,0,292,0,4,0,0,4,236,35,25,0,296,0,0,0,296
11/17/2022,CLE,OH,AGL,CE,Combined TRACON& Tower with Radar,232,41,19,0,292,0,0,0,0,0,232,41,19,0,292,0,0,0,292
11/18/2022,CLE,OH,AGL,CE,Combined TRACON& Tower with Radar,236,41,11,0,288,0,2,0,0,2,236,43,11,0,290,0,0,0,290
11/19/2022,CLE,OH,AGL,CE,Combined TRACON& Tower with Radar,205,39,12,2,258,0,0,2,0,2,205,39,14,2,260,0,0,0,260
11/20/2022,CLE,OH,AGL,CE,Combined TRACON& Tower with Radar,219,30,14,0,263,0,2,0,0,2,219,32,14,0,265,0,0,0,265
11/21/2022,CLE,OH,AGL,CE,Combined TRACON& Tower with Radar,229,38,12,0,279,0,0,1,0,1,229,38,13,0,280,0,0,0,280
11/22/2022,CLE,OH,AGL,CE,Combined TRACON& Tower with Radar,240,45,12,0,297,0,2,0,0,2,240,47,12,0,299,0,0,0,299
11/23/2022,CLE,OH,AGL,CE,Combined TRACON& Tower with Radar,230,33,9,0,272,0,2,4,0,6,230,35,13,0,278,0,0,0,278
11/24/2022,CLE,OH,AGL,CE,Combined TRACON& Tower with Radar,163,13,0,0,176,0,2,0,0,2,163,15,0,0,178,0,0,0,178
11/25/2022,CLE,OH,AGL,CE,Combined TRACON& Tower with Radar,187,22,13,0,222,0,2,0,0,2,187,24,13,0,224,0,0,0,224
11/26/2022,CLE,OH,AGL,CE,Combined TRACON& Tower with Radar,207,36,11,0,254,0,0,3,0,3,207,36,14,0,257,0,0,0,257
11/27/2022,CLE,OH,AGL,CE,Combined TRACON& Tower with Radar,212,29,14,0,255,0,0,0,0,0,212,29,14,0,255,0,0,0,255
11/28/2022,CLE,OH,AGL,CE,Combined TRACON& Tower with Radar,226,35,18,0,279,0,2,0,1,3,226,37,18,1,282,0,0,0,282
11/29/2022,CLE,OH,AGL,CE,Combined TRACON& Tower with Radar,240,36,18,0,294,0,0,2,0,2,240,36,20,0,296,0,0,0,296
11/30/2022,CLE,OH,AGL,CE,Combined TRACON& Tower with Radar,238,30,14,0,282,0,0,0,0,0,238,30,14,0,282,0,0,0,282
12/01/2022,CLE,OH,AGL,CE,Combined TRACON& Tower with Radar,237,48,21,0,306,0,0,2,0,2,237,48,23,0,308,0,0,0,308
12/02/2022,CLE,OH,AGL,CE,Combined TRACON& Tower with Radar,233,23,13,0,269,0,0,2,0,2,233,23,15,0,271,0,0,0,271
12/03/2022,CLE,OH,AGL,CE,Combined TRACON& Tower with Radar,196,28,7,0,231,0,0,4,0,4,196,28,11,0,235,0,0,0,235
12/04/2022,CLE,OH,AGL,CE,Combined TRACON& Tower with Radar,220,40,16,0,276,0,0,4,0,4,220,40,20,0,280,0,0,0,280
12/05/2022,CLE,OH,AGL,CE,Combined TRACON& Tower with Radar,228,42,22,0,292,0,0,4,0,4,228,42,26,0,296,0,0,0,296
12/06/2022,CLE,OH,AGL,CE,Combined TRACON& Tower with Radar,235,42,23,0,300,0,0,0,0,0,235,42,23,0,300,0,0,0,300
12/07/2022,CLE,OH,AGL,CE,Combined TRACON& Tower with Radar,240,33,27,0,300,0,0,0,0,0,240,33,27,0,300,0,0,0,300
12/08/2022,CLE,OH,AGL,CE,Combined TRACON& Tower with Radar,241,31,26,0,298,0,0,0,0,0,241,31,26,0,298,0,0,0,298
12/09/2022,CLE,OH,AGL,CE,Combined TRACON& Tower with Radar,232,29,30,0,291,0,2,5,0,7,232,31,35,0,298,0,0,0,298
12/10/2022,CLE,OH,AGL,CE,Combined TRACON& Tower with Radar,198,27,4,0,229,0,0,3,0,3,198,27,7,0,232,0,0,0,232
12/11/2022,CLE,OH,AGL,CE,Combined TRACON& Tower with Radar,218,27,10,0,255,0,0,0,0,0,218,27,10,0,255,0,0,0,255
12/12/2022,CLE,OH,AGL,CE,Combined TRACON& Tower with Radar,222,32,19,0,273,0,0,0,0,0,222,32,19,0,273,0,0,0,273
12/13/2022,CLE,OH,AGL,CE,Combined TRACON& Tower with Radar,235,25,20,0,280,0,0,0,0,0,235,25,20,0,280,0,0,0,280
12/14/2022,CLE,OH,AGL,CE,Combined TRACON& Tower with Radar,230,41,14,0,285,0,2,2,0,4,230,43,16,0,289,0,0,0,289
12/15/2022,CLE,OH,AGL,CE,Combined TRACON& Tower with Radar,233,31,31,0,295,0,0,0,0,0,233,31,31,0,295,0,0,0,295
12/16/2022,CLE,OH,AGL,CE,Combined TRACON& Tower with Radar,233,44,33,0,310,0,2,0,0,2,233,46,33,0,312,0,0,0,312
12/17/2022,CLE,OH,AGL,CE,Combined TRACON& Tower with Radar,209,22,12,0,243,0,0,0,0,0,209,22,12,0,243,0,0,0,243
12/18/2022,CLE,OH,AGL,CE,Combined TRACON& Tower with Radar,208,22,13,0,243,0,0,0,0,0,208,22,13,0,243,0,0,0,243
12/19/2022,CLE,OH,AGL,CE,Combined TRACON& Tower with Radar,224,33,11,0,268,0,0,0,0,0,224,33,11,0,268,0,0,0,268
12/20/2022,CLE,OH,AGL,CE,Combined TRACON& Tower with Radar,224,20,15,0,259,0,0,5,0,5,224,20,20,0,264,0,0,0,264
12/21/2022,CLE,OH,AGL,CE,Combined TRACON& Tower with Radar,229,39,20,0,288,0,4,5,0,9,229,43,25,0,297,0,0,0,297
12/22/2022,CLE,OH,AGL,CE,Combined TRACON& Tower with Radar,193,54,16,0,263,0,0,0,0,0,193,54,16,0,263,0,0,0,263
12/23/2022,CLE,OH,AGL,CE,Combined TRACON& Tower with Radar,22,14,5,0,41,0,0,0,0,0,22,14,5,0,41,0,0,0,41
12/24/2022,CLE,OH,AGL,CE,Combined TRACON& Tower with Radar,87,22,19,0,128,0,0,0,0,0,87,22,19,0,128,0,0,0,128
12/25/2022,CLE,OH,AGL,CE,Combined TRACON& Tower with Radar,120,26,1,0,147,0,0,0,0,0,120,26,1,0,147,0,0,0,147
12/26/2022,CLE,OH,AGL,CE,Combined TRACON& Tower with Radar,156,49,9,0,214,0,4,0,0,4,156,53,9,0,218,0,0,0,218
12/27/2022,CLE,OH,AGL,CE,Combined TRACON& Tower with Radar,186,48,24,0,258,0,1,0,0,1,186,49,24,0,259,0,0,0,259
12/28/2022,CLE,OH,AGL,CE,Combined TRACON& Tower with Radar,182,36,14,0,232,0,0,0,0,0,182,36,14,0,232,0,0,0,232
12/29/2022,CLE,OH,AGL,CE,Combined TRACON& Tower with Radar,179,22,8,0,209,0,1,0,0,1,179,23,8,0,210,0,0,0,210
12/30/2022,CLE,OH,AGL,CE,Combined TRACON& Tower with Radar,195,25,9,0,229,0,2,0,0,2,195,27,9,0,231,0,0,0,231
12/31/2022,CLE,OH,AGL,CE,Combined TRACON& Tower with Radar,180,20,6,0,206,0,0,0,0,0,180,20,6,0,206,0,0,0,206
01/01/2023,CLE,OH,AGL,CE,Combined TRACON& Tower with Radar,170,20,3,0,193,0,0,0,0,0,170,20,3,0,193,0,0,0,193
01/02/2023,CLE,OH,AGL,CE,Combined TRACON& Tower with Radar,181,37,22,0,240,0,0,0,0,0,181,37,22,0,240,0,0,0,240
01/03/2023,CLE,OH,AGL,CE,Combined TRACON& Tower with Radar,194,45,12,0,251,0,0,0,0,0,194,45,12,0,251,0,0,0,251
01/04/2023,CLE,OH,AGL,CE,Combined TRACON& Tower with Radar,197,37,20,0,254,0,2,0,0,2,197,39,20,0,256,0,0,0,256
01/05/2023,CLE,OH,AGL,CE,Combined TRACON& Tower with Radar,198,30,12,0,240,0,0,3,0,3,198,30,15,0,243,0,0,0,243
01/06/2023,CLE,OH,AGL,CE,Combined TRACON& Tower with Radar,200,24,16,0,240,0,0,1,0,1,200,24,17,0,241,0,0,0,241
01/07/2023,CLE,OH,AGL,CE,Combined TRACON& Tower with Radar,184,32,3,0,219,0,0,0,0,0,184,32,3,0,219,0,0,0,219
01/08/2023,CLE,OH,AGL,CE,Combined TRACON& Tower with Radar,199,21,9,0,229,0,4,2,0,6,199,25,11,0,235,0,0,0,235
01/09/2023,CLE,OH,AGL,CE,Combined TRACON& Tower with Radar,217,17,14,0,248,0,0,0,0,0,217,17,14,0,248,0,0,0,248
01/10/2023,CLE,OH,AGL,CE,Combined TRACON& Tower with Radar,237,23,19,0,279,0,0,0,0,0,237,23,19,0,279,0,0,0,279
01/11/2023,CLE,OH,AGL,CE,Combined TRACON& Tower with Radar,212,30,12,0,254,0,2,2,0,4,212,32,14,0,258,0,0,0,258
01/12/2023,CLE,OH,AGL,CE,Combined TRACON& Tower with Radar,238,64,29,0,331,0,0,0,0,0,238,64,29,0,331,0,0,0,331
01/13/2023,CLE,OH,AGL,CE,Combined TRACON& Tower with Radar,241,41,18,0,300,0,0,0,0,0,241,41,18,0,300,0,0,0,300
01/14/2023,CLE,OH,AGL,CE,Combined TRACON& Tower with Radar,198,22,7,0,227,0,0,2,0,2,198,22,9,0,229,0,0,0,229
01/15/2023,CLE,OH,AGL,CE,Combined TRACON& Tower with Radar,205,26,11,0,242,0,0,2,0,2,205,26,13,0,244,0,0,0,244
01/16/2023,CLE,OH,AGL,CE,Combined TRACON& Tower with Radar,235,44,28,0,307,0,0,2,0,2,235,44,30,0,309,0,0,0,309
01/17/2023,CLE,OH,AGL,CE,Combined TRACON& Tower with Radar,242,41,25,0,308,0,0,0,0,0,242,41,25,0,308,0,0,0,308
01/18/2023,CLE,OH,AGL,CE,Combined TRACON& Tower with Radar,240,40,24,0,304,0,0,0,0,0,240,40,24,0,304,0,0,0,304
01/19/2023,CLE,OH,AGL,CE,Combined TRACON& Tower with Radar,239,38,23,0,300,0,2,0,0,2,239,40,23,0,302,0,0,0,302
01/20/2023,CLE,OH,AGL,CE,Combined TRACON& Tower with Radar,249,34,11,0,294,0,0,0,0,0,249,34,11,0,294,0,0,0,294
01/21/2023,CLE,OH,AGL,CE,Combined TRACON& Tower with Radar,201,29,11,0,241,0,0,0,0,0,201,29,11,0,241,0,0,0,241
01/22/2023,CLE,OH,AGL,CE,Combined TRACON& Tower with Radar,214,28,23,0,265,0,0,0,0,0,214,28,23,0,265,0,0,0,265
01/23/2023,CLE,OH,AGL,CE,Combined TRACON& Tower with Radar,230,27,18,0,275,0,0,0,0,0,230,27,18,0,275,0,0,0,275
01/24/2023,CLE,OH,AGL,CE,Combined TRACON& Tower with Radar,242,37,13,0,292,0,2,0,0,2,242,39,13,0,294,0,0,0,294
01/25/2023,CLE,OH,AGL,CE,Combined TRACON& Tower with Radar,224,42,30,0,296,0,0,0,0,0,224,42,30,0,296,0,0,0,296
01/26/2023,CLE,OH,AGL,CE,Combined TRACON& Tower with Radar,246,51,25,0,322,0,0,0,0,0,246,51,25,0,322,0,0,0,322
01/27/2023,CLE,OH,AGL,CE,Combined TRACON& Tower with Radar,240,43,12,0,295,0,0,0,0,0,240,43,12,0,295,0,0,0,295
01/28/2023,CLE,OH,AGL,CE,Combined TRACON& Tower with Radar,201,32,10,0,243,0,0,5,0,5,201,32,15,0,248,0,0,0,248
01/29/2023,CLE,OH,AGL,CE,Combined TRACON& Tower with Radar,228,29,9,0,266,0,0,0,0,0,228,29,9,0,266,0,0,0,266
01/30/2023,CLE,OH,AGL,CE,Combined TRACON& Tower with Radar,229,37,18,0,284,0,0,0,0,0,229,37,18,0,284,0,0,0,284
01/31/2023,CLE,OH,AGL,CE,Combined TRACON& Tower with Radar,228,22,20,0,270,0,2,3,0,5,228,24,23,0,275,0,0,0,275
02/01/2023,CLE,OH,AGL,CE,Combined TRACON& Tower with Radar,217,15,20,0,252,0,2,0,0,2,217,17,20,0,254,0,0,0,254
02/02/2023,CLE,OH,AGL,CE,Combined TRACON& Tower with Radar,235,19,18,0,272,0,0,0,0,0,235,19,18,0,272,0,0,0,272
02/03/2023,CLE,OH,AGL,CE,Combined TRACON& Tower with Radar,235,29,10,0,274,0,0,0,0,0,235,29,10,0,274,0,0,0,274
02/04/2023,CLE,OH,AGL,CE,Combined TRACON& Tower with Radar,200,29,5,0,234,0,2,2,0,4,200,31,7,0,238,0,0,0,238
02/05/2023,CLE,OH,AGL,CE,Combined TRACON& Tower with Radar,210,29,9,0,248,0,0,0,0,0,210,29,9,0,248,0,0,0,248
02/06/2023,CLE,OH,AGL,CE,Combined TRACON& Tower with Radar,234,32,14,0,280,0,0,2,0,2,234,32,16,0,282,0,0,0,282
02/07/2023,CLE,OH,AGL,CE,Combined TRACON& Tower with Radar,235,34,20,1,290,0,0,0,0,0,235,34,20,1,290,0,0,0,290
02/08/2023,CLE,OH,AGL,CE,Combined TRACON& Tower with Radar,228,37,17,0,282,0,4,2,0,6,228,41,19,0,288,0,0,0,288
02/09/2023,CLE,OH,AGL,CE,Combined TRACON& Tower with Radar,236,32,14,0,282,0,0,0,0,0,236,32,14,0,282,0,0,0,282
02/10/2023,CLE,OH,AGL,CE,Combined TRACON& Tower with Radar,230,31,20,0,281,0,0,0,0,0,230,31,20,0,281,0,0,0,281
02/11/2023,CLE,OH,AGL,CE,Combined TRACON& Tower with Radar,197,20,3,0,220,0,0,0,0,0,197,20,3,0,220,0,0,0,220
02/12/2023,CLE,OH,AGL,CE,Combined TRACON& Tower with Radar,212,19,3,0,234,0,0,2,0,2,212,19,5,0,236,0,0,0,236
02/13/2023,CLE,OH,AGL,CE,Combined TRACON& Tower with Radar,224,25,17,0,266,0,0,4,0,4,224,25,21,0,270,0,0,0,270
02/14/2023,CLE,OH,AGL,CE,Combined TRACON& Tower with Radar,232,29,21,0,282,0,0,2,0,2,232,29,23,0,284,0,0,0,284
02/15/2023,CLE,OH,AGL,CE,Combined TRACON& Tower with Radar,225,37,25,0,287,0,0,2,0,2,225,37,27,0,289,0,0,0,289
02/16/2023,CLE,OH,AGL,CE,Combined TRACON& Tower with Radar,232,47,26,0,305,0,0,0,0,0,232,47,26,0,305,0,0,0,305
02/17/2023,CLE,OH,AGL,CE,Combined TRACON& Tower with Radar,233,33,18,0,284,0,0,0,0,0,233,33,18,0,284,0,0,0,284
02/18/2023,CLE,OH,AGL,CE,Combined TRACON& Tower with Radar,191,25,5,0,221,0,0,4,0,4,191,25,9,0,225,0,0,0,225
02/19/2023,CLE,OH,AGL,CE,Combined TRACON& Tower with Radar,210,21,12,0,243,0,0,0,0,0,210,21,12,0,243,0,0,0,243
02/20/2023,CLE,OH,AGL,CE,Combined TRACON& Tower with Radar,228,40,24,0,292,0,0,3,0,3,228,40,27,0,295,0,0,0,295
02/21/2023,CLE,OH,AGL,CE,Combined TRACON& Tower with Radar,238,30,19,1,288,0,0,4,1,5,238,30,23,2,293,0,0,0,293
02/22/2023,CLE,OH,AGL,CE,Combined TRACON& Tower with Radar,220,41,11,1,273,0,0,0,0,0,220,41,11,1,273,0,0,0,273
02/23/2023,CLE,OH,AGL,CE,Combined TRACON& Tower with Radar,238,45,18,1,302,0,0,0,0,0,238,45,18,1,302,0,0,0,302
02/24/2023,CLE,OH,AGL,CE,Combined TRACON& Tower with Radar,235,28,15,0,278,0,0,3,0,3,235,28,18,0,281,0,0,0,281
02/25/2023,CLE,OH,AGL,CE,Combined TRACON& Tower with Radar,205,27,8,0,240,0,4,6,0,10,205,31,14,0,250,0,0,0,250
02/26/2023,CLE,OH,AGL,CE,Combined TRACON& Tower with Radar,217,14,10,0,241,0,0,0,0,0,217,14,10,0,241,0,0,0,241
02/27/2023,CLE,OH,AGL,CE,Combined TRACON& Tower with Radar,231,33,20,0,284,0,0,0,0,0,231,33,20,0,284,0,0,0,284
02/28/2023,CLE,OH,AGL,CE,Combined TRACON& Tower with Radar,239,33,27,0,299,0,2,5,0,7,239,35,32,0,306,0,0,0,306
03/01/2023,CLE,OH,AGL,CE,Combined TRACON& Tower with Radar,229,31,19,0,279,0,0,0,0,0,229,31,19,0,279,0,0,0,279
03/02/2023,CLE,OH,AGL,CE,Combined TRACON& Tower with Radar,243,31,30,0,304,0,0,0,0,0,243,31,30,0,304,0,0,0,304
03/03/2023,CLE,OH,AGL,CE,Combined TRACON& Tower with Radar,239,35,12,0,286,0,0,0,0,0,239,35,12,0,286,0,0,0,286
03/04/2023,CLE,OH,AGL,CE,Combined TRACON& Tower with Radar,203,26,1,2,232,0,0,1,0,1,203,26,2,2,233,0,0,0,233
03/05/2023,CLE,OH,AGL,CE,Combined TRACON& Tower with Radar,220,28,12,2,262,0,2,0,0,2,220,30,12,2,264,0,0,0,264
03/06/2023,CLE,OH,AGL,CE,Combined TRACON& Tower with Radar,238,22,13,0,273,0,0,0,0,0,238,22,13,0,273,0,0,0,273
03/07/2023,CLE,OH,AGL,CE,Combined TRACON& Tower with Radar,235,33,22,0,290,0,2,0,0,2,235,35,22,0,292,0,0,0,292
03/08/2023,CLE,OH,AGL,CE,Combined TRACON& Tower with Radar,237,28,17,0,282,0,0,3,0,3,237,28,20,0,285,0,0,0,285
03/09/2023,CLE,OH,AGL,CE,Combined TRACON& Tower with Radar,241,40,19,0,300,0,2,1,0,3,241,42,20,0,303,0,0,0,303
03/10/2023,CLE,OH,AGL,CE,Combined TRACON& Tower with Radar,241,21,15,0,277,0,0,0,0,0,241,21,15,0,277,0,0,0,277
03/11/2023,CLE,OH,AGL,CE,Combined TRACON& Tower with Radar,214,34,5,0,253,0,0,0,0,0,214,34,5,0,253,0,0,0,253
03/12/2023,CLE,OH,AGL,CE,Combined TRACON& Tower with Radar,217,30,8,0,255,0,0,0,0,0,217,30,8,0,255,0,0,0,255
03/13/2023,CLE,OH,AGL,CE,Combined TRACON& Tower with Radar,236,36,22,0,294,0,0,0,0,0,236,36,22,0,294,0,0,0,294
03/14/2023,CLE,OH,AGL,CE,Combined TRACON& Tower with Radar,228,61,11,0,300,0,2,0,0,2,228,63,11,0,302,0,0,0,302
03/15/2023,CLE,OH,AGL,CE,Combined TRACON& Tower with Radar,227,45,25,0,297,0,0,7,0,7,227,45,32,0,304,0,0,0,304
03/16/2023,CLE,OH,AGL,CE,Combined TRACON& Tower with Radar,252,33,24,0,309,0,4,4,0,8,252,37,28,0,317,0,0,0,317
03/17/2023,CLE,OH,AGL,CE,Combined TRACON& Tower with Radar,244,41,20,0,305,0,2,0,0,2,244,43,20,0,307,0,0,0,307
03/18/2023,CLE,OH,AGL,CE,Combined TRACON& Tower with Radar,216,36,9,0,261,0,0,0,0,0,216,36,9,0,261,0,0,0,261
03/19/2023,CLE,OH,AGL,CE,Combined TRACON& Tower with Radar,216,22,11,0,249,0,0,0,0,0,216,22,11,0,249,0,0,0,249
03/20/2023,CLE,OH,AGL,CE,Combined TRACON& Tower with Radar,243,34,16,0,293,0,0,1,0,1,243,34,17,0,294,0,0,0,294
03/21/2023,CLE,OH,AGL,CE,Combined TRACON& Tower with Radar,242,35,7,0,284,0,0,0,0,0,242,35,7,0,284,0,0,0,284
03/22/2023,CLE,OH,AGL,CE,Combined TRACON& Tower with Radar,243,32,11,0,286,0,2,0,0,2,243,34,11,0,288,0,0,0,288
03/23/2023,CLE,OH,AGL,CE,Combined TRACON& Tower with Radar,250,38,17,0,305,0,0,0,0,0,250,38,17,0,305,0,0,0,305
03/24/2023,CLE,OH,AGL,CE,Combined TRACON& Tower with Radar,247,44,7,0,298,0,6,0,0,6,247,50,7,0,304,0,0,0,304
03/25/2023,CLE,OH,AGL,CE,Combined TRACON& Tower with Radar,226,36,13,0,275,0,0,0,0,0,226,36,13,0,275,0,0,0,275
03/26/2023,CLE,OH,AGL,CE,Combined TRACON& Tower with Radar,224,28,21,0,273,0,4,1,0,5,224,32,22,0,278,0,0,0,278
03/27/2023,CLE,OH,AGL,CE,Combined TRACON& Tower with Radar,243,30,14,0,287,0,0,0,0,0,243,30,14,0,287,0,0,0,287
03/28/2023,CLE,OH,AGL,CE,Combined TRACON& Tower with Radar,237,47,20,0,304,0,0,4,0,4,237,47,24,0,308,0,0,0,308
03/29/2023,CLE,OH,AGL,CE,Combined TRACON& Tower with Radar,246,34,42,0,322,0,0,1,0,1,246,34,43,0,323,0,0,0,323
03/30/2023,CLE,OH,AGL,CE,Combined TRACON& Tower with Radar,250,37,17,0,304,0,0,0,0,0,250,37,17,0,304,0,0,0,304
03/31/2023,CLE,OH,AGL,CE,Combined TRACON& Tower with Radar,243,38,15,0,296,0,0,0,0,0,243,38,15,0,296,0,0,0,296
04/01/2023,CLE,OH,AGL,CE,Combined TRACON& Tower with Radar,221,52,12,0,285,0,0,0,0,0,221,52,12,0,285,0,0,0,285
04/02/2023,CLE,OH,AGL,CE,Combined TRACON& Tower with Radar,214,38,16,0,268,0,2,6,0,8,214,40,22,0,276,0,0,0,276
04/03/2023,CLE,OH,AGL,CE,Combined TRACON& Tower with Radar,245,33,11,0,289,0,4,4,0,8,245,37,15,0,297,0,0,0,297
04/04/2023,CLE,OH,AGL,CE,Combined TRACON& Tower with Radar,242,38,25,0,305,0,4,0,0,4,242,42,25,0,309,0,0,0,309
04/05/2023,CLE,OH,AGL,CE,Combined TRACON& Tower with Radar,226,41,17,0,284,0,0,2,0,2,226,41,19,0,286,0,0,0,286
04/06/2023,CLE,OH,AGL,CE,Combined TRACON& Tower with Radar,245,43,13,0,301,0,1,4,0,5,245,44,17,0,306,0,0,0,306
04/07/2023,CLE,OH,AGL,CE,Combined TRACON& Tower with Radar,251,24,10,0,285,0,0,3,0,3,251,24,13,0,288,0,0,0,288
04/08/2023,CLE,OH,AGL,CE,Combined TRACON& Tower with Radar,219,21,8,0,248,0,4,3,0,7,219,25,11,0,255,0,0,0,255
04/09/2023,CLE,OH,AGL,CE,Combined TRACON& Tower with Radar,217,21,2,0,240,0,1,2,0,3,217,22,4,0,243,0,0,0,243
04/10/2023,CLE,OH,AGL,CE,Combined TRACON& Tower with Radar,237,31,11,0,279,0,1,4,0,5,237,32,15,0,284,0,0,0,284
04/11/2023,CLE,OH,AGL,CE,Combined TRACON& Tower with Radar,241,32,8,0,281,0,2,1,0,3,241,34,9,0,284,0,0,0,284
04/12/2023,CLE,OH,AGL,CE,Combined TRACON& Tower with Radar,231,28,24,0,283,0,2,9,0,11,231,30,33,0,294,0,0,0,294
04/13/2023,CLE,OH,AGL,CE,Combined TRACON& Tower with Radar,239,31,9,0,279,0,2,2,0,4,239,33,11,0,283,0,0,0,283
04/14/2023,CLE,OH,AGL,CE,Combined TRACON& Tower with Radar,237,31,20,0,288,0,0,2,0,2,237,31,22,0,290,0,0,0,290
04/15/2023,CLE,OH,AGL,CE,Combined TRACON& Tower with Radar,201,25,7,0,233,0,0,0,0,0,201,25,7,0,233,0,0,0,233
04/16/2023,CLE,OH,AGL,CE,Combined TRACON& Tower with Radar,225,29,15,0,269,0,2,0,0,2,225,31,15,0,271,0,0,0,271
04/17/2023,CLE,OH,AGL,CE,Combined TRACON& Tower with Radar,238,36,28,0,302,0,0,0,0,0,238,36,28,0,302,0,0,0,302
04/18/2023,CLE,OH,AGL,CE,Combined TRACON& Tower with Radar,239,29,25,0,293,0,4,1,0,5,239,33,26,0,298,0,0,0,298
04/19/2023,CLE,OH,AGL,CE,Combined TRACON& Tower with Radar,237,33,30,1,301,0,2,6,1,9,237,35,36,2,310,0,0,0,310
04/20/2023,CLE,OH,AGL,CE,Combined TRACON& Tower with Radar,243,44,26,0,313,0,0,3,0,3,243,44,29,0,316,0,0,0,316
04/21/2023,CLE,OH,AGL,CE,Combined TRACON& Tower with Radar,253,33,11,0,297,0,0,1,3,4,253,33,12,3,301,0,0,0,301
04/22/2023,CLE,OH,AGL,CE,Combined TRACON& Tower with Radar,204,30,8,0,242,0,1,0,0,1,204,31,8,0,243,0,0,0,243
04/23/2023,CLE,OH,AGL,CE,Combined TRACON& Tower with Radar,246,32,6,0,284,0,3,2,0,5,246,35,8,0,289,0,0,0,289
04/24/2023,CLE,OH,AGL,CE,Combined TRACON& Tower with Radar,243,40,12,0,295,0,0,2,0,2,243,40,14,0,297,0,0,0,297
04/25/2023,CLE,OH,AGL,CE,Combined TRACON& Tower with Radar,243,31,29,0,303,0,2,2,0,4,243,33,31,0,307,0,0,0,307
04/26/2023,CLE,OH,AGL,CE,Combined TRACON& Tower with Radar,241,34,29,0,304,0,0,3,0,3,241,34,32,0,307,0,0,0,307
04/27/2023,CLE,OH,AGL,CE,Combined TRACON& Tower with Radar,256,40,28,0,324,0,0,1,0,1,256,40,29,0,325,0,0,0,325
04/28/2023,CLE,OH,AGL,CE,Combined TRACON& Tower with Radar,248,43,15,0,306,0,0,0,0,0,248,43,15,0,306,0,0,0,306
04/29/2023,CLE,OH,AGL,CE,Combined TRACON& Tower with Radar,205,29,11,0,245,0,0,0,0,0,205,29,11,0,245,0,0,0,245
04/30/2023,CLE,OH,AGL,CE,Combined TRACON& Tower with Radar,216,36,11,0,263,0,0,0,0,0,216,36,11,0,263,0,0,0,263
05/01/2023,CLE,OH,AGL,CE,Combined TRACON& Tower with Radar,234,29,24,0,287,0,0,0,0,0,234,29,24,0,287,0,0,0,287
05/02/2023,CLE,OH,AGL,CE,Combined TRACON& Tower with Radar,245,25,14,2,286,0,0,0,0,0,245,25,14,2,286,0,0,0,286
05/03/2023,CLE,OH,AGL,CE,Combined TRACON& Tower with Radar,240,41,38,0,319,0,0,2,0,2,240,41,40,0,321,0,0,0,321
05/04/2023,CLE,OH,AGL,CE,Combined TRACON& Tower with Radar,253,49,22,0,324,0,0,0,0,0,253,49,22,0,324,0,0,0,324
05/05/2023,CLE,OH,AGL,CE,Combined TRACON& Tower with Radar,247,40,33,2,322,0,4,4,0,8,247,44,37,2,330,0,0,0,330
05/06/2023,CLE,OH,AGL,CE,Combined TRACON& Tower with Radar,203,20,5,0,228,0,2,0,0,2,203,22,5,0,230,0,0,0,230
05/07/2023,CLE,OH,AGL,CE,Combined TRACON& Tower with Radar,224,40,16,2,282,0,2,1,0,3,224,42,17,2,285,0,0,0,285
05/08/2023,CLE,OH,AGL,CE,Combined TRACON& Tower with Radar,243,30,20,1,294,0,2,0,0,2,243,32,20,1,296,0,0,0,296
05/09/2023,CLE,OH,AGL,CE,Combined TRACON& Tower with Radar,243,44,23,1,311,0,2,0,0,2,243,46,23,1,313,0,0,0,313
05/10/2023,CLE,OH,AGL,CE,Combined TRACON& Tower with Radar,233,37,15,0,285,0,0,4,0,4,233,37,19,0,289,0,0,0,289
05/11/2023,CLE,OH,AGL,CE,Combined TRACON& Tower with Radar,251,28,22,0,301,0,0,5,0,5,251,28,27,0,306,0,0,0,306
05/12/2023,CLE,OH,AGL,CE,Combined TRACON& Tower with Radar,255,34,8,0,297,0,5,0,0,5,255,39,8,0,302,0,0,0,302
05/13/2023,CLE,OH,AGL,CE,Combined TRACON& Tower with Radar,209,26,6,0,241,0,0,0,0,0,209,26,6,0,241,0,0,0,241
05/14/2023,CLE,OH,AGL,CE,Combined TRACON& Tower with Radar,218,30,13,0,261,0,2,0,0,2,218,32,13,0,263,0,0,0,263
05/15/2023,CLE,OH,AGL,CE,Combined TRACON& Tower with Radar,243,23,16,0,282,0,4,4,0,8,243,27,20,0,290,0,0,0,290
05/16/2023,CLE,OH,AGL,CE,Combined TRACON& Tower with Radar,241,34,38,0,313,0,2,10,0,12,241,36,48,0,325,0,0,0,325
05/17/2023,CLE,OH,AGL,CE,Combined TRACON& Tower with Radar,243,50,33,0,326,0,4,6,0,10,243,54,39,0,336,0,0,0,336
05/18/2023,CLE,OH,AGL,CE,Combined TRACON& Tower with Radar,245,33,27,0,305,0,4,4,0,8,245,37,31,0,313,0,0,0,313
05/19/2023,CLE,OH,AGL,CE,Combined TRACON& Tower with Radar,248,42,21,0,311,0,0,0,0,0,248,42,21,0,311,0,0,0,311
05/20/2023,CLE,OH,AGL,CE,Combined TRACON& Tower with Radar,215,25,6,0,246,0,0,0,0,0,215,25,6,0,246,0,0,0,246
05/21/2023,CLE,OH,AGL,CE,Combined TRACON& Tower with Radar,223,48,18,0,289,0,0,2,0,2,223,48,20,0,291,0,0,0,291
05/22/2023,CLE,OH,AGL,CE,Combined TRACON& Tower with Radar,245,33,25,2,305,0,2,3,0,5,245,35,28,2,310,0,0,0,310
05/23/2023,CLE,OH,AGL,CE,Combined TRACON& Tower with Radar,237,37,20,0,294,0,0,0,0,0,237,37,20,0,294,0,0,0,294
05/24/2023,CLE,OH,AGL,CE,Combined TRACON& Tower with Radar,250,40,28,4,322,0,0,5,0,5,250,40,33,4,327,0,0,0,327
05/25/2023,CLE,OH,AGL,CE,Combined TRACON& Tower with Radar,249,34,19,0,302,0,0,9,0,9,249,34,28,0,311,0,0,0,311
05/26/2023,CLE,OH,AGL,CE,Combined TRACON& Tower with Radar,251,28,9,0,288,0,4,1,0,5,251,32,10,0,293,0,0,0,293
05/27/2023,CLE,OH,AGL,CE,Combined TRACON& Tower with Radar,210,19,8,0,237,0,2,6,0,8,210,21,14,0,245,0,0,0,245
05/28/2023,CLE,OH,AGL,CE,Combined TRACON& Tower with Radar,213,20,10,0,243,0,0,0,0,0,213,20,10,0,243,0,0,0,243
05/29/2023,CLE,OH,AGL,CE,Combined TRACON& Tower with Radar,236,20,6,0,262,0,4,1,2,7,236,24,7,2,269,0,0,0,269
05/30/2023,CLE,OH,AGL,CE,Combined TRACON& Tower with Radar,238,31,18,0,287,0,2,4,0,6,238,33,22,0,293,0,0,0,293
05/31/2023,CLE,OH,AGL,CE,Combined TRACON& Tower with Radar,252,42,24,0,318,0,4,3,0,7,252,46,27,0,325,0,0,0,325
06/01/2023,CLE,OH,AGL,CE,Combined TRACON& Tower with Radar,252,36,26,2,316,0,0,13,0,13,252,36,39,2,329,0,0,0,329
06/02/2023,CLE,OH,AGL,CE,Combined TRACON& Tower with Radar,244,39,14,0,297,0,4,2,0,6,244,43,16,0,303,0,0,0,303
06/03/2023,CLE,OH,AGL,CE,Combined TRACON& Tower with Radar,232,32,4,0,268,0,4,0,0,4,232,36,4,0,272,0,0,0,272
06/04/2023,CLE,OH,AGL,CE,Combined TRACON& Tower with Radar,238,27,12,0,277,0,0,4,0,4,238,27,16,0,281,0,0,0,281
06/05/2023,CLE,OH,AGL,CE,Combined TRACON& Tower with Radar,254,27,24,0,305,0,0,6,0,6,254,27,30,0,311,0,0,0,311
06/06/2023,CLE,OH,AGL,CE,Combined TRACON& Tower with Radar,251,43,15,0,309,0,4,4,1,9,251,47,19,1,318,0,0,0,318
06/07/2023,CLE,OH,AGL,CE,Combined TRACON& Tower with Radar,272,42,28,0,342,0,2,5,0,7,272,44,33,0,349,0,0,0,349
06/08/2023,CLE,OH,AGL,CE,Combined TRACON& Tower with Radar,262,28,26,0,316,0,2,7,0,9,262,30,33,0,325,0,0,0,325
06/09/2023,CLE,OH,AGL,CE,Combined TRACON& Tower with Radar,265,38,22,0,325,0,0,3,4,7,265,38,25,4,332,0,0,0,332
06/10/2023,CLE,OH,AGL,CE,Combined TRACON& Tower with Radar,224,23,7,0,254,0,2,5,0,7,224,25,12,0,261,0,0,0,261
06/11/2023,CLE,OH,AGL,CE,Combined TRACON& Tower with Radar,245,37,16,0,298,0,0,2,0,2,245,37,18,0,300,0,0,0,300
06/12/2023,CLE,OH,AGL,CE,Combined TRACON& Tower with Radar,252,25,22,0,299,0,0,2,0,2,252,25,24,0,301,0,0,0,301
06/13/2023,CLE,OH,AGL,CE,Combined TRACON& Tower with Radar,263,39,25,0,327,0,0,4,0,4,263,39,29,0,331,0,0,0,331
06/14/2023,CLE,OH,AGL,CE,Combined TRACON& Tower with Radar,261,48,28,0,337,0,2,1,2,5,261,50,29,2,342,0,0,0,342
06/15/2023,CLE,OH,AGL,CE,Combined TRACON& Tower with Radar,260,45,31,0,336,0,0,2,0,2,260,45,33,0,338,0,0,0,338
06/16/2023,CLE,OH,AGL,CE,Combined TRACON& Tower with Radar,266,28,15,0,309,0,2,2,0,4,266,30,17,0,313,0,0,0,313
06/17/2023,CLE,OH,AGL,CE,Combined TRACON& Tower with Radar,223,22,9,0,254,0,6,2,0,8,223,28,11,0,262,0,0,0,262
06/18/2023,CLE,OH,AGL,CE,Combined TRACON& Tower with Radar,251,26,14,0,291,0,2,0,0,2,251,28,14,0,293,0,0,0,293
06/19/2023,CLE,OH,AGL,CE,Combined TRACON& Tower with Radar,255,32,14,0,301,0,0,1,0,1,255,32,15,0,302,0,0,0,302
06/20/2023,CLE,OH,AGL,CE,Combined TRACON& Tower with Radar,261,42,17,0,320,0,2,4,0,6,261,44,21,0,326,0,0,0,326
06/21/2023,CLE,OH,AGL,CE,Combined TRACON& Tower with Radar,265,40,25,0,330,0,0,0,0,0,265,40,25,0,330,0,0,0,330
06/22/2023,CLE,OH,AGL,CE,Combined TRACON& Tower with Radar,263,45,30,7,345,0,0,0,2,2,263,45,30,9,347,0,0,0,347
06/23/2023,CLE,OH,AGL,CE,Combined TRACON& Tower with Radar,254,42,17,4,317,0,2,0,0,2,254,44,17,4,319,0,0,0,319
06/24/2023,CLE,OH,AGL,CE,Combined TRACON& Tower with Radar,228,34,10,0,272,0,2,1,0,3,228,36,11,0,275,0,0,0,275
06/25/2023,CLE,OH,AGL,CE,Combined TRACON& Tower with Radar,233,27,6,0,266,0,2,2,0,4,233,29,8,0,270,0,0,0,270
06/26/2023,CLE,OH,AGL,CE,Combined TRACON& Tower with Radar,235,32,12,0,279,0,0,2,0,2,235,32,14,0,281,0,0,0,281
06/27/2023,CLE,OH,AGL,CE,Combined TRACON& Tower with Radar,229,42,9,0,280,0,0,0,0,0,229,42,9,0,280,0,0,0,280
06/28/2023,CLE,OH,AGL,CE,Combined TRACON& Tower with Radar,260,36,17,0,313,0,0,0,0,0,260,36,17,0,313,0,0,0,313
06/29/2023,CLE,OH,AGL,CE,Combined TRACON& Tower with Radar,261,45,20,0,326,0,0,1,0,1,261,45,21,0,327,0,0,0,327
06/30/2023,CLE,OH,AGL,CE,Combined TRACON& Tower with Radar,261,40,23,0,324,0,8,0,0,8,261,48,23,0,332,0,0,0,332
07/01/2023,CLE,OH,AGL,CE,Combined TRACON& Tower with Radar,225,25,7,0,257,0,0,0,0,0,225,25,7,0,257,0,0,0,257
07/02/2023,CLE,OH,AGL,CE,Combined TRACON& Tower with Radar,225,22,10,0,257,0,0,0,0,0,225,22,10,0,257,0,0,0,257
07/03/2023,CLE,OH,AGL,CE,Combined TRACON& Tower with Radar,232,31,6,0,269,0,0,1,0,1,232,31,7,0,270,0,0,0,270
07/04/2023,CLE,OH,AGL,CE,Combined TRACON& Tower with Radar,201,13,5,0,219,0,0,4,0,4,201,13,9,0,223,0,0,0,223
07/05/2023,CLE,OH,AGL,CE,Combined TRACON& Tower with Radar,251,31,21,0,303,0,4,3,1,8,251,35,24,1,311,0,0,0,311
07/06/2023,CLE,OH,AGL,CE,Combined TRACON& Tower with Radar,255,31,17,0,303,0,4,0,0,4,255,35,17,0,307,0,0,0,307
07/07/2023,CLE,OH,AGL,CE,Combined TRACON& Tower with Radar,241,32,9,0,282,0,4,4,2,10,241,36,13,2,292,0,0,0,292
07/08/2023,CLE,OH,AGL,CE,Combined TRACON& Tower with Radar,221,22,14,0,257,0,0,2,0,2,221,22,16,0,259,0,0,0,259
07/09/2023,CLE,OH,AGL,CE,Combined TRACON& Tower with Radar,216,26,12,0,254,0,0,1,0,1,216,26,13,0,255,0,0,0,255
07/10/2023,CLE,OH,AGL,CE,Combined TRACON& Tower with Radar,246,40,21,0,307,0,2,2,0,4,246,42,23,0,311,0,0,0,311
07/11/2023,CLE,OH,AGL,CE,Combined TRACON& Tower with Radar,251,44,21,0,316,0,2,1,0,3,251,46,22,0,319,0,0,0,319
07/12/2023,CLE,OH,AGL,CE,Combined TRACON& Tower with Radar,260,43,13,0,316,0,0,1,0,1,260,43,14,0,317,0,0,0,317
07/13/2023,CLE,OH,AGL,CE,Combined TRACON& Tower with Radar,268,42,10,0,320,0,0,1,0,1,268,42,11,0,321,0,0,0,321
07/14/2023,CLE,OH,AGL,CE,Combined TRACON& Tower with Radar,266,37,11,0,314,0,2,6,0,8,266,39,17,0,322,0,0,0,322
07/15/2023,CLE,OH,AGL,CE,Combined TRACON& Tower with Radar,231,32,18,0,281,0,0,0,0,0,231,32,18,0,281,0,0,0,281
07/16/2023,CLE,OH,AGL,CE,Combined TRACON& Tower with Radar,213,38,12,0,263,0,0,1,0,1,213,38,13,0,264,0,0,0,264
07/17/2023,CLE,OH,AGL,CE,Combined TRACON& Tower with Radar,271,42,27,0,340,0,0,3,0,3,271,42,30,0,343,0,0,0,343
07/18/2023,CLE,OH,AGL,CE,Combined TRACON& Tower with Radar,254,34,23,0,311,0,0,0,0,0,254,34,23,0,311,0,0,0,311
07/19/2023,CLE,OH,AGL,CE,Combined TRACON& Tower with Radar,266,49,26,0,341,0,2,2,0,4,266,51,28,0,345,0,0,0,345
07/20/2023,CLE,OH,AGL,CE,Combined TRACON& Tower with Radar,255,29,14,4,302,0,0,2,0,2,255,29,16,4,304,0,0,0,304
07/21/2023,CLE,OH,AGL,CE,Combined TRACON& Tower with Radar,272,40,14,0,326,0,2,1,0,3,272,42,15,0,329,0,0,0,329
07/22/2023,CLE,OH,AGL,CE,Combined TRACON& Tower with Radar,248,25,10,0,283,0,0,3,0,3,248,25,13,0,286,0,0,0,286
07/23/2023,CLE,OH,AGL,CE,Combined TRACON& Tower with Radar,238,40,5,0,283,0,1,1,0,2,238,41,6,0,285,0,0,0,285
07/24/2023,CLE,OH,AGL,CE,Combined TRACON& Tower with Radar,269,37,17,0,323,0,3,2,0,5,269,40,19,0,328,0,0,0,328
07/25/2023,CLE,OH,AGL,CE,Combined TRACON& Tower with Radar,251,24,11,0,286,0,0,1,0,1,251,24,12,0,287,0,0,0,287
07/26/2023,CLE,OH,AGL,CE,Combined TRACON& Tower with Radar,259,32,16,0,307,0,3,0,0,3,259,35,16,0,310,0,0,0,310
07/27/2023,CLE,OH,AGL,CE,Combined TRACON& Tower with Radar,257,37,21,0,315,0,2,3,0,5,257,39,24,0,320,0,0,0,320
07/28/2023,CLE,OH,AGL,CE,Combined TRACON& Tower with Radar,264,37,23,0,324,0,4,3,0,7,264,41,26,0,331,0,0,0,331
07/29/2023,CLE,OH,AGL,CE,Combined TRACON& Tower with Radar,241,33,8,0,282,0,0,0,0,0,241,33,8,0,282,0,0,0,282
07/30/2023,CLE,OH,AGL,CE,Combined TRACON& Tower with Radar,252,30,14,0,296,0,2,1,0,3,252,32,15,0,299,0,0,0,299
07/31/2023,CLE,OH,AGL,CE,Combined TRACON& Tower with Radar,260,28,14,0,302,0,4,4,0,8,260,32,18,0,310,0,0,0,310
08/01/2023,CLE,OH,AGL,CE,Combined TRACON& Tower with Radar,263,48,11,2,324,0,2,1,0,3,263,50,12,2,327,0,0,0,327
08/02/2023,CLE,OH,AGL,CE,Combined TRACON& Tower with Radar,267,41,15,0,323,0,0,1,0,1,267,41,16,0,324,0,0,0,324
08/03/2023,CLE,OH,AGL,CE,Combined TRACON& Tower with Radar,263,29,24,0,316,0,2,1,0,3,263,31,25,0,319,0,0,0,319
08/04/2023,CLE,OH,AGL,CE,Combined TRACON& Tower with Radar,265,30,9,0,304,0,0,1,0,1,265,30,10,0,305,0,0,0,305
08/05/2023,CLE,OH,AGL,CE,Combined TRACON& Tower with Radar,241,26,6,0,273,0,2,3,0,5,241,28,9,0,278,0,0,0,278
08/06/2023,CLE,OH,AGL,CE,Combined TRACON& Tower with Radar,236,32,10,0,278,0,0,0,0,0,236,32,10,0,278,0,0,0,278
08/07/2023,CLE,OH,AGL,CE,Combined TRACON& Tower with Radar,232,23,18,0,273,0,0,0,0,0,232,23,18,0,273,0,0,0,273
08/08/2023,CLE,OH,AGL,CE,Combined TRACON& Tower with Radar,267,35,16,0,318,0,0,1,0,1,267,35,17,0,319,0,0,0,319
08/09/2023,CLE,OH,AGL,CE,Combined TRACON& Tower with Radar,292,37,23,0,352,0,6,0,0,6,292,43,23,0,358,0,0,0,358
08/10/2023,CLE,OH,AGL,CE,Combined TRACON& Tower with Radar,278,35,30,0,343,0,0,0,0,0,278,35,30,0,343,0,0,0,343
08/11/2023,CLE,OH,AGL,CE,Combined TRACON& Tower with Radar,273,32,17,0,322,0,0,3,0,3,273,32,20,0,325,0,0,0,325
08/12/2023,CLE,OH,AGL,CE,Combined TRACON& Tower with Radar,239,30,6,0,275,0,0,0,0,0,239,30,6,0,275,0,0,0,275
08/13/2023,CLE,OH,AGL,CE,Combined TRACON& Tower with Radar,250,35,9,0,294,0,2,1,0,3,250,37,10,0,297,0,0,0,297
08/14/2023,CLE,OH,AGL,CE,Combined TRACON& Tower with Radar,250,34,15,0,299,0,0,1,0,1,250,34,16,0,300,0,0,0,300
08/15/2023,CLE,OH,AGL,CE,Combined TRACON& Tower with Radar,269,40,32,0,341,0,0,0,0,0,269,40,32,0,341,0,0,0,341
08/16/2023,CLE,OH,AGL,CE,Combined TRACON& Tower with Radar,274,47,25,0,346,0,0,0,0,0,274,47,25,0,346,0,0,0,346
08/17/2023,CLE,OH,AGL,CE,Combined TRACON& Tower with Radar,261,42,21,0,324,0,2,2,0,4,261,44,23,0,328,0,0,0,328
08/18/2023,CLE,OH,AGL,CE,Combined TRACON& Tower with Radar,282,48,17,0,347,0,0,2,0,2,282,48,19,0,349,0,0,0,349
08/19/2023,CLE,OH,AGL,CE,Combined TRACON& Tower with Radar,252,37,7,0,296,0,4,0,0,4,252,41,7,0,300,0,0,0,300
08/20/2023,CLE,OH,AGL,CE,Combined TRACON& Tower with Radar,242,35,9,0,286,0,0,2,0,2,242,35,11,0,288,0,0,0,288
08/21/2023,CLE,OH,AGL,CE,Combined TRACON& Tower with Radar,272,31,23,2,328,0,2,1,0,3,272,33,24,2,331,0,0,0,331
08/22/2023,CLE,OH,AGL,CE,Combined TRACON& Tower with Radar,264,34,16,0,314,0,2,3,0,5,264,36,19,0,319,0,0,0,319
08/23/2023,CLE,OH,AGL,CE,Combined TRACON& Tower with Radar,231,32,9,0,272,0,0,8,0,8,231,32,17,0,280,0,0,0,280
08/24/2023,CLE,OH,AGL,CE,Combined TRACON& Tower with Radar,285,48,18,0,351,0,0,0,0,0,285,48,18,0,351,0,0,0,351
08/25/2023,CLE,OH,AGL,CE,Combined TRACON& Tower with Radar,275,38,18,0,331,0,2,0,0,2,275,40,18,0,333,0,0,0,333
08/26/2023,CLE,OH,AGL,CE,Combined TRACON& Tower with Radar,243,26,2,0,271,0,2,0,0,2,243,28,2,0,273,0,0,0,273
08/27/2023,CLE,OH,AGL,CE,Combined TRACON& Tower with Radar,246,38,10,0,294,0,2,4,0,6,246,40,14,0,300,0,0,0,300
08/28/2023,CLE,OH,AGL,CE,Combined TRACON& Tower with Radar,265,24,16,0,305,0,2,1,1,4,265,26,17,1,309,0,0,0,309
08/29/2023,CLE,OH,AGL,CE,Combined TRACON& Tower with Radar,255,34,13,2,304,0,2,5,1,8,255,36,18,3,312,0,0,0,312
08/30/2023,CLE,OH,AGL,CE,Combined TRACON& Tower with Radar,260,44,19,1,324,0,0,0,0,0,260,44,19,1,324,0,0,0,324
08/31/2023,CLE,OH,AGL,CE,Combined TRACON& Tower with Radar,257,45,24,6,332,0,4,3,3,10,257,49,27,9,342,0,0,0,342
