01/01/2020,CLL,TX,ASW,CE,Federal Contract Tower,0,9,7,0,16,0,0,4,0,4,0,9,11,0,20,4,0,4,24
01/02/2020,CLL,TX,ASW,CE,Federal Contract Tower,0,12,7,6,25,0,0,0,0,0,0,12,7,6,25,0,0,0,25
01/03/2020,CLL,TX,ASW,CE,Federal Contract Tower,2,13,34,20,69,0,2,23,0,25,2,15,57,20,94,38,0,38,132
01/04/2020,CLL,TX,ASW,CE,Federal Contract Tower,0,9,38,12,59,0,0,64,0,64,0,9,102,12,123,18,0,18,141
01/05/2020,CLL,TX,ASW,CE,Federal Contract Tower,2,10,9,19,40,0,7,35,3,45,2,17,44,22,85,22,6,28,113
01/06/2020,CLL,TX,ASW,CE,Federal Contract Tower,0,11,20,54,85,0,7,51,7,65,0,18,71,61,150,20,14,34,184
01/07/2020,CLL,TX,ASW,CE,Federal Contract Tower,0,12,27,31,70,0,15,66,8,89,0,27,93,39,159,0,2,2,161
01/08/2020,CLL,TX,ASW,CE,Federal Contract Tower,0,9,40,61,110,0,11,40,6,57,0,20,80,67,167,4,8,12,179
01/09/2020,CLL,TX,ASW,CE,Federal Contract Tower,0,11,26,39,76,0,0,3,7,10,0,11,29,46,86,0,6,6,92
01/10/2020,CLL,TX,ASW,CE,Federal Contract Tower,2,8,11,8,29,0,3,2,0,5,2,11,13,8,34,0,0,0,34
01/11/2020,CLL,TX,ASW,CE,Federal Contract Tower,1,10,10,65,86,0,6,33,5,44,1,16,43,70,130,8,36,44,174
01/12/2020,CLL,TX,ASW,CE,Federal Contract Tower,0,9,33,28,70,0,11,83,13,107,0,20,116,41,177,26,62,88,265
01/13/2020,CLL,TX,ASW,CE,Federal Contract Tower,2,12,24,28,66,0,2,6,2,10,2,14,30,30,76,22,10,32,108
01/14/2020,CLL,TX,ASW,CE,Federal Contract Tower,1,8,13,12,34,0,0,0,0,0,1,8,13,12,34,0,0,0,34
01/15/2020,CLL,TX,ASW,CE,Federal Contract Tower,1,8,13,12,34,0,0,0,0,0,1,8,13,12,34,0,0,0,34
01/16/2020,CLL,TX,ASW,CE,Federal Contract Tower,0,11,24,16,51,0,0,4,1,5,0,11,28,17,56,0,8,8,64
01/17/2020,CLL,TX,ASW,CE,Federal Contract Tower,0,16,28,14,58,0,2,7,0,9,0,18,35,14,67,10,0,10,77
01/18/2020,CLL,TX,ASW,CE,Federal Contract Tower,1,16,27,21,65,0,3,33,0,36,1,19,60,21,101,0,12,12,113
01/19/2020,CLL,TX,ASW,CE,Federal Contract Tower,1,9,20,13,43,0,0,85,3,88,1,9,105,16,131,10,24,34,165
01/20/2020,CLL,TX,ASW,CE,Federal Contract Tower,2,13,34,7,56,0,4,73,2,79,2,17,107,9,135,28,0,28,163
01/21/2020,CLL,TX,ASW,CE,Federal Contract Tower,0,8,24,64,96,0,4,66,11,81,0,12,90,75,177,18,20,38,215
01/22/2020,CLL,TX,ASW,CE,Federal Contract Tower,0,16,18,0,34,0,0,0,0,0,0,16,18,0,34,0,0,0,34
01/23/2020,CLL,TX,ASW,CE,Federal Contract Tower,0,15,54,23,92,0,0,17,5,22,0,15,71,28,114,18,0,18,132
01/24/2020,CLL,TX,ASW,CE,Federal Contract Tower,0,12,16,55,83,0,4,69,10,83,0,16,85,65,166,6,16,22,188
01/25/2020,CLL,TX,ASW,CE,Federal Contract Tower,0,11,11,33,55,0,7,54,9,70,0,18,65,42,125,12,14,26,151
01/26/2020,CLL,TX,ASW,CE,Federal Contract Tower,0,14,23,3,40,0,0,45,1,46,0,14,68,4,86,36,0,36,122
01/27/2020,CLL,TX,ASW,CE,Federal Contract Tower,3,10,10,11,34,0,0,6,0,6,3,10,16,11,40,0,0,0,40
01/28/2020,CLL,TX,ASW,CE,Federal Contract Tower,0,15,16,15,46,0,0,12,4,16,0,15,28,19,62,0,0,0,62
01/29/2020,CLL,TX,ASW,CE,Federal Contract Tower,0,14,26,66,106,0,6,24,8,38,0,20,50,74,144,22,12,34,178
01/30/2020,CLL,TX,ASW,CE,Federal Contract Tower,0,13,48,49,110,0,2,8,2,12,0,15,56,51,122,20,8,28,150
01/31/2020,CLL,TX,ASW,CE,Federal Contract Tower,1,10,48,27,86,0,0,38,9,47,1,10,86,36,133,0,2,2,135
02/01/2020,CLL,TX,ASW,CE,Federal Contract Tower,2,12,6,67,87,0,2,107,27,136,2,14,113,94,223,30,42,72,295
02/02/2020,CLL,TX,ASW,CE,Federal Contract Tower,0,13,19,6,38,0,4,77,4,85,0,17,96,10,123,30,10,40,163
02/03/2020,CLL,TX,ASW,CE,Federal Contract Tower,1,8,26,12,47,0,2,29,4,35,1,10,55,16,82,6,0,6,88
02/04/2020,CLL,TX,ASW,CE,Federal Contract Tower,1,12,37,24,74,0,2,29,4,35,1,14,66,28,109,20,0,20,129
02/05/2020,CLL,TX,ASW,CE,Federal Contract Tower,0,8,13,11,32,0,0,0,0,0,0,8,13,11,32,0,0,0,32
02/06/2020,CLL,TX,ASW,CE,Federal Contract Tower,0,9,50,25,84,0,7,28,3,38,0,16,78,28,122,24,2,26,148
02/07/2020,CLL,TX,ASW,CE,Federal Contract Tower,2,13,32,43,90,0,4,64,6,74,2,17,96,49,164,16,2,18,182
02/08/2020,CLL,TX,ASW,CE,Federal Contract Tower,2,9,31,17,59,0,2,65,11,78,2,11,96,28,137,28,28,56,193
02/09/2020,CLL,TX,ASW,CE,Federal Contract Tower,0,19,37,11,67,0,0,5,0,5,0,19,42,11,72,0,0,0,72
02/10/2020,CLL,TX,ASW,CE,Federal Contract Tower,0,19,6,0,25,0,0,0,0,0,0,19,6,0,25,0,0,0,25
02/11/2020,CLL,TX,ASW,CE,Federal Contract Tower,1,9,10,0,20,0,0,0,0,0,1,9,10,0,20,0,0,0,20
02/12/2020,CLL,TX,ASW,CE,Federal Contract Tower,1,10,18,31,60,0,1,0,0,1,1,11,18,31,61,0,0,0,61
02/13/2020,CLL,TX,ASW,CE,Federal Contract Tower,0,18,38,53,109,0,7,68,2,77,0,25,106,55,186,54,8,62,248
02/14/2020,CLL,TX,ASW,CE,Federal Contract Tower,0,18,22,33,73,0,2,103,0,105,0,20,125,33,178,46,0,46,224
02/15/2020,CLL,TX,ASW,CE,Federal Contract Tower,0,7,27,3,37,0,2,52,1,55,0,9,79,4,92,54,0,54,146
02/16/2020,CLL,TX,ASW,CE,Federal Contract Tower,1,25,17,2,45,0,0,30,1,31,1,25,47,3,76,12,0,12,88
02/17/2020,CLL,TX,ASW,CE,Federal Contract Tower,0,14,23,0,37,0,3,18,0,21,0,17,41,0,58,48,0,48,106
02/18/2020,CLL,TX,ASW,CE,Federal Contract Tower,2,17,26,27,72,0,1,13,1,15,2,18,39,28,87,4,0,4,91
02/19/2020,CLL,TX,ASW,CE,Federal Contract Tower,0,21,25,0,46,0,0,0,0,0,0,21,25,0,46,0,0,0,46
02/20/2020,CLL,TX,ASW,CE,Federal Contract Tower,0,18,19,11,48,0,1,0,0,1,0,19,19,11,49,0,4,4,53
02/21/2020,CLL,TX,ASW,CE,Federal Contract Tower,0,12,42,78,132,0,2,75,17,94,0,14,117,95,226,8,18,26,252
02/22/2020,CLL,TX,ASW,CE,Federal Contract Tower,0,12,22,72,106,0,2,95,23,120,0,14,117,95,226,34,54,88,314
02/23/2020,CLL,TX,ASW,CE,Federal Contract Tower,1,11,39,43,94,0,0,10,5,15,1,11,49,48,109,14,8,22,131
02/24/2020,CLL,TX,ASW,CE,Federal Contract Tower,1,13,31,41,86,0,6,50,13,69,1,19,81,54,155,22,10,32,187
02/25/2020,CLL,TX,ASW,CE,Federal Contract Tower,0,10,36,68,114,0,6,69,7,82,0,16,105,75,196,18,0,18,214
02/26/2020,CLL,TX,ASW,CE,Federal Contract Tower,10,17,11,25,63,0,2,40,11,53,10,19,51,36,116,38,8,46,162
02/27/2020,CLL,TX,ASW,CE,Federal Contract Tower,2,16,41,71,130,0,3,63,21,87,2,19,104,92,217,30,82,112,329
02/28/2020,CLL,TX,ASW,CE,Federal Contract Tower,4,22,32,27,85,0,0,55,5,60,4,22,87,32,145,22,18,40,185
02/29/2020,CLL,TX,ASW,CE,Federal Contract Tower,7,10,20,14,51,0,10,68,15,93,7,20,88,29,144,14,20,34,178
03/01/2020,CLL,TX,ASW,CE,Federal Contract Tower,2,15,13,24,54,0,2,24,0,26,2,17,37,24,80,12,0,12,92
03/02/2020,CLL,TX,ASW,CE,Federal Contract Tower,2,14,20,30,66,0,3,15,2,20,2,17,35,32,86,14,10,24,110
03/03/2020,CLL,TX,ASW,CE,Federal Contract Tower,4,8,30,36,78,0,2,20,0,22,4,10,50,36,100,16,0,16,116
03/04/2020,CLL,TX,ASW,CE,Federal Contract Tower,4,10,26,20,60,0,0,3,0,3,4,10,29,20,63,0,0,0,63
03/05/2020,CLL,TX,ASW,CE,Federal Contract Tower,2,15,31,62,110,0,2,71,4,77,2,17,102,66,187,40,10,50,237
03/06/2020,CLL,TX,ASW,CE,Federal Contract Tower,5,16,27,42,90,0,4,71,5,80,5,20,98,47,170,36,0,36,206
03/07/2020,CLL,TX,ASW,CE,Federal Contract Tower,6,10,40,48,104,0,2,64,20,86,6,12,104,68,190,40,20,60,250
03/08/2020,CLL,TX,ASW,CE,Federal Contract Tower,2,17,47,29,95,0,0,53,5,58,2,17,100,34,153,36,0,36,189
03/09/2020,CLL,TX,ASW,CE,Federal Contract Tower,2,10,24,9,45,0,0,8,0,8,2,10,32,9,53,20,0,20,73
03/10/2020,CLL,TX,ASW,CE,Federal Contract Tower,3,12,21,32,68,0,0,27,0,27,3,12,48,32,95,24,0,24,119
03/11/2020,CLL,TX,ASW,CE,Federal Contract Tower,2,13,34,23,72,0,0,27,9,36,2,13,61,32,108,24,42,66,174
03/12/2020,CLL,TX,ASW,CE,Federal Contract Tower,2,13,27,27,69,0,0,43,8,51,2,13,70,35,120,14,10,24,144
03/13/2020,CLL,TX,ASW,CE,Federal Contract Tower,4,15,30,55,104,0,0,18,1,19,4,15,48,56,123,12,0,12,135
03/14/2020,CLL,TX,ASW,CE,Federal Contract Tower,4,7,20,2,33,0,2,16,0,18,4,9,36,2,51,2,0,2,53
03/15/2020,CLL,TX,ASW,CE,Federal Contract Tower,2,14,19,8,43,0,0,1,0,1,2,14,20,8,44,0,0,0,44
03/16/2020,CLL,TX,ASW,CE,Federal Contract Tower,2,10,31,9,52,0,0,19,2,21,2,10,50,11,73,38,0,38,111
03/17/2020,CLL,TX,ASW,CE,Federal Contract Tower,0,10,20,4,34,0,0,16,4,20,0,10,36,8,54,0,0,0,54
03/19/2020,CLL,TX,ASW,CE,Federal Contract Tower,3,8,6,28,45,0,3,32,11,46,3,11,38,39,91,66,14,80,171
03/20/2020,CLL,TX,ASW,CE,Federal Contract Tower,2,8,3,0,13,0,0,0,0,0,2,8,3,0,13,0,0,0,13
03/21/2020,CLL,TX,ASW,CE,Federal Contract Tower,2,5,4,19,30,0,2,0,0,2,2,7,4,19,32,0,0,0,32
03/22/2020,CLL,TX,ASW,CE,Federal Contract Tower,0,6,7,9,22,0,0,0,0,0,0,6,7,9,22,0,0,0,22
03/23/2020,CLL,TX,ASW,CE,Federal Contract Tower,0,7,15,8,30,0,1,19,2,22,0,8,34,10,52,6,8,14,66
03/24/2020,CLL,TX,ASW,CE,Federal Contract Tower,0,4,19,4,27,0,4,37,0,41,0,8,56,4,68,2,0,2,70
03/25/2020,CLL,TX,ASW,CE,Federal Contract Tower,0,5,26,11,42,0,0,52,1,53,0,5,78,12,95,2,0,2,97
03/26/2020,CLL,TX,ASW,CE,Federal Contract Tower,0,7,14,11,32,0,2,15,1,18,0,9,29,12,50,10,0,10,60
03/27/2020,CLL,TX,ASW,CE,Federal Contract Tower,0,6,7,15,28,0,2,15,2,19,0,8,22,17,47,0,0,0,47
03/28/2020,CLL,TX,ASW,CE,Federal Contract Tower,0,2,0,0,2,0,2,6,0,8,0,4,6,0,10,0,0,0,10
03/29/2020,CLL,TX,ASW,CE,Federal Contract Tower,0,8,18,12,38,0,2,34,0,36,0,10,52,12,74,24,0,24,98
03/30/2020,CLL,TX,ASW,CE,Federal Contract Tower,0,1,0,0,1,0,0,6,3,9,0,1,6,3,10,16,4,20,30
03/31/2020,CLL,TX,ASW,CE,Federal Contract Tower,0,7,14,5,26,0,0,15,3,18,0,7,29,8,44,10,4,14,58
04/01/2020,CLL,TX,ASW,CE,Federal Contract Tower,0,3,17,12,32,0,3,30,1,34,0,6,47,13,66,6,0,6,72
04/02/2020,CLL,TX,ASW,CE,Federal Contract Tower,0,4,12,14,30,0,3,6,2,11,0,7,18,16,41,14,10,24,65
04/03/2020,CLL,TX,ASW,CE,Federal Contract Tower,0,5,10,4,19,0,3,5,0,8,0,8,15,4,27,4,0,4,31
04/04/2020,CLL,TX,ASW,CE,Federal Contract Tower,0,1,4,0,5,0,0,0,0,0,0,1,4,0,5,0,0,0,5
04/05/2020,CLL,TX,ASW,CE,Federal Contract Tower,0,3,17,0,20,0,1,6,0,7,0,4,23,0,27,0,0,0,27
04/06/2020,CLL,TX,ASW,CE,Federal Contract Tower,0,6,26,28,60,0,2,11,0,13,0,8,37,28,73,16,0,16,89
04/07/2020,CLL,TX,ASW,CE,Federal Contract Tower,0,5,11,27,43,0,2,4,2,8,0,7,15,29,51,0,0,0,51
04/08/2020,CLL,TX,ASW,CE,Federal Contract Tower,0,4,14,15,33,0,2,17,0,19,0,6,31,15,52,4,0,4,56
04/09/2020,CLL,TX,ASW,CE,Federal Contract Tower,0,3,9,10,22,0,4,15,0,19,0,7,24,10,41,0,0,0,41
04/10/2020,CLL,TX,ASW,CE,Federal Contract Tower,0,3,15,60,78,0,6,23,7,36,0,9,38,67,114,0,22,22,136
04/11/2020,CLL,TX,ASW,CE,Federal Contract Tower,2,3,3,12,20,0,0,4,1,5,2,3,7,13,25,2,0,2,27
04/12/2020,CLL,TX,ASW,CE,Federal Contract Tower,0,3,4,13,20,0,3,5,0,8,0,6,9,13,28,0,6,6,34
04/13/2020,CLL,TX,ASW,CE,Federal Contract Tower,0,6,11,4,21,0,4,24,4,32,0,10,35,8,53,10,0,10,63
04/14/2020,CLL,TX,ASW,CE,Federal Contract Tower,0,3,12,25,40,0,3,27,5,35,0,6,39,30,75,0,14,14,89
04/15/2020,CLL,TX,ASW,CE,Federal Contract Tower,0,5,7,18,30,0,5,44,10,59,0,10,51,28,89,10,10,20,109
04/16/2020,CLL,TX,ASW,CE,Federal Contract Tower,0,9,20,34,63,0,0,59,3,62,0,9,79,37,125,0,38,38,163
04/17/2020,CLL,TX,ASW,CE,Federal Contract Tower,0,6,17,41,64,0,2,4,0,6,0,8,21,41,70,4,0,4,74
04/18/2020,CLL,TX,ASW,CE,Federal Contract Tower,0,4,4,5,13,0,2,0,0,2,0,6,4,5,15,0,0,0,15
04/19/2020,CLL,TX,ASW,CE,Federal Contract Tower,0,1,10,10,21,0,3,6,4,13,0,4,16,14,34,16,10,26,60
04/20/2020,CLL,TX,ASW,CE,Federal Contract Tower,0,3,18,31,52,0,0,23,4,27,0,3,41,35,79,28,32,60,139
04/21/2020,CLL,TX,ASW,CE,Federal Contract Tower,0,4,26,42,72,0,2,52,12,66,0,6,78,54,138,26,28,54,192
04/22/2020,CLL,TX,ASW,CE,Federal Contract Tower,0,4,5,0,9,0,3,0,2,5,0,7,5,2,14,0,0,0,14
04/23/2020,CLL,TX,ASW,CE,Federal Contract Tower,0,2,20,30,52,0,2,54,10,66,0,4,74,40,118,6,56,62,180
04/24/2020,CLL,TX,ASW,CE,Federal Contract Tower,0,5,27,48,80,0,2,55,4,61,0,7,82,52,141,32,26,58,199
04/25/2020,CLL,TX,ASW,CE,Federal Contract Tower,0,1,18,14,33,0,4,38,5,47,0,5,56,19,80,20,2,22,102
04/26/2020,CLL,TX,ASW,CE,Federal Contract Tower,0,1,12,20,33,0,7,44,3,54,0,8,56,23,87,66,6,72,159
04/27/2020,CLL,TX,ASW,CE,Federal Contract Tower,0,2,21,41,64,0,28,3,0,31,0,30,24,41,95,2,42,44,139
04/28/2020,CLL,TX,ASW,CE,Federal Contract Tower,0,5,8,36,49,0,2,8,7,17,0,7,16,43,66,26,14,40,106
04/29/2020,CLL,TX,ASW,CE,Federal Contract Tower,0,2,13,58,73,0,1,42,8,51,0,3,55,66,124,42,52,94,218
04/30/2020,CLL,TX,ASW,CE,Federal Contract Tower,0,5,19,43,67,0,3,67,8,78,0,8,86,51,145,26,22,48,193
05/01/2020,CLL,TX,ASW,CE,Federal Contract Tower,0,4,14,20,38,0,0,55,8,63,0,4,69,28,101,14,6,20,121
05/02/2020,CLL,TX,ASW,CE,Federal Contract Tower,0,7,22,7,36,0,2,31,0,33,0,9,53,7,69,38,0,38,107
05/04/2020,CLL,TX,ASW,CE,Federal Contract Tower,0,8,17,41,66,0,4,32,17,53,0,12,49,58,119,22,66,88,207
05/05/2020,CLL,TX,ASW,CE,Federal Contract Tower,2,3,22,40,67,0,0,18,12,30,2,3,40,52,97,38,22,60,157
05/06/2020,CLL,TX,ASW,CE,Federal Contract Tower,0,5,20,62,87,0,5,47,7,59,0,10,67,69,146,16,52,68,214
05/07/2020,CLL,TX,ASW,CE,Federal Contract Tower,0,13,9,37,59,0,8,51,10,69,0,21,60,47,128,38,28,66,194
05/08/2020,CLL,TX,ASW,CE,Federal Contract Tower,0,5,17,33,55,0,6,27,4,37,0,11,44,37,92,4,0,4,96
05/09/2020,CLL,TX,ASW,CE,Federal Contract Tower,0,3,19,16,38,0,0,28,0,28,0,3,47,16,66,28,0,28,94
05/10/2020,CLL,TX,ASW,CE,Federal Contract Tower,0,4,8,38,50,0,5,59,10,74,0,9,67,48,124,68,30,98,222
05/11/2020,CLL,TX,ASW,CE,Federal Contract Tower,0,5,22,56,83,0,5,53,6,64,0,10,75,62,147,46,26,72,219
05/12/2020,CLL,TX,ASW,CE,Federal Contract Tower,0,4,9,0,13,0,2,11,0,13,0,6,20,0,26,14,0,14,40
05/13/2020,CLL,TX,ASW,CE,Federal Contract Tower,0,6,32,64,102,0,0,28,13,41,0,6,60,77,143,40,30,70,213
05/14/2020,CLL,TX,ASW,CE,Federal Contract Tower,0,10,15,60,85,0,5,29,3,37,0,15,44,63,122,18,30,48,170
05/15/2020,CLL,TX,ASW,CE,Federal Contract Tower,0,4,14,25,43,0,2,7,0,9,0,6,21,25,52,10,0,10,62
05/16/2020,CLL,TX,ASW,CE,Federal Contract Tower,0,3,3,22,28,0,1,7,2,10,0,4,10,24,38,4,0,4,42
05/17/2020,CLL,TX,ASW,CE,Federal Contract Tower,0,4,21,46,71,0,4,36,14,54,0,8,57,60,125,22,48,70,195
05/18/2020,CLL,TX,ASW,CE,Federal Contract Tower,0,7,16,23,46,0,5,48,7,60,0,12,64,30,106,60,6,66,172
05/19/2020,CLL,TX,ASW,CE,Federal Contract Tower,0,5,29,21,55,0,4,51,20,75,0,9,80,41,130,60,48,108,238
05/20/2020,CLL,TX,ASW,CE,Federal Contract Tower,0,6,40,27,73,0,4,41,5,50,0,10,81,32,123,58,34,92,215
05/21/2020,CLL,TX,ASW,CE,Federal Contract Tower,0,9,14,40,63,0,14,37,5,56,0,23,51,45,119,68,6,74,193
05/22/2020,CLL,TX,ASW,CE,Federal Contract Tower,0,7,33,7,47,0,6,41,2,49,0,13,74,9,96,68,10,78,174
05/23/2020,CLL,TX,ASW,CE,Federal Contract Tower,0,3,16,13,32,0,6,46,3,55,0,9,62,16,87,72,0,72,159
05/24/2020,CLL,TX,ASW,CE,Federal Contract Tower,0,3,2,0,5,0,0,3,0,3,0,3,5,0,8,14,0,14,22
05/25/2020,CLL,TX,ASW,CE,Federal Contract Tower,0,8,18,0,26,0,7,22,0,29,0,15,40,0,55,40,0,40,95
05/26/2020,CLL,TX,ASW,CE,Federal Contract Tower,0,4,29,43,76,0,8,36,9,53,0,12,65,52,129,88,10,98,227
05/27/2020,CLL,TX,ASW,CE,Federal Contract Tower,0,3,25,19,47,0,2,48,4,54,0,5,73,23,101,26,12,38,139
05/28/2020,CLL,TX,ASW,CE,Federal Contract Tower,0,7,15,1,23,0,6,54,6,66,0,13,69,7,89,76,10,86,175
05/29/2020,CLL,TX,ASW,CE,Federal Contract Tower,0,6,37,62,105,0,0,74,15,89,0,6,111,77,194,40,22,62,256
05/30/2020,CLL,TX,ASW,CE,Federal Contract Tower,0,5,17,39,61,0,1,52,4,57,0,6,69,43,118,60,2,62,180
05/31/2020,CLL,TX,ASW,CE,Federal Contract Tower,0,7,19,4,30,0,9,25,0,34,0,16,44,4,64,50,0,50,114
06/01/2020,CLL,TX,ASW,CE,Federal Contract Tower,0,6,27,4,37,0,2,39,5,46,0,8,66,9,83,34,0,34,117
06/02/2020,CLL,TX,ASW,CE,Federal Contract Tower,0,4,37,58,99,0,3,43,3,49,0,7,80,61,148,32,8,40,188
06/03/2020,CLL,TX,ASW,CE,Federal Contract Tower,0,3,15,8,26,0,2,30,2,34,0,5,45,10,60,38,24,62,122
06/04/2020,CLL,TX,ASW,CE,Federal Contract Tower,0,4,24,109,137,0,0,50,8,58,0,4,74,117,195,22,16,38,233
06/05/2020,CLL,TX,ASW,CE,Federal Contract Tower,0,6,31,72,109,0,5,45,8,58,0,11,76,80,167,48,32,80,247
06/06/2020,CLL,TX,ASW,CE,Federal Contract Tower,0,2,24,9,35,0,6,41,6,53,0,8,65,15,88,42,0,42,130
06/07/2020,CLL,TX,ASW,CE,Federal Contract Tower,0,1,14,30,45,0,8,61,3,72,0,9,75,33,117,38,6,44,161
06/08/2020,CLL,TX,ASW,CE,Federal Contract Tower,0,3,17,61,81,0,3,53,13,69,0,6,70,74,150,4,32,36,186
06/09/2020,CLL,TX,ASW,CE,Federal Contract Tower,0,4,13,55,72,0,0,43,16,59,0,4,56,71,131,72,36,108,239
06/10/2020,CLL,TX,ASW,CE,Federal Contract Tower,0,6,42,93,141,0,2,39,10,51,0,8,81,103,192,10,20,30,222
06/11/2020,CLL,TX,ASW,CE,Federal Contract Tower,0,5,27,75,107,0,10,53,9,72,0,15,80,84,179,22,26,48,227
06/12/2020,CLL,TX,ASW,CE,Federal Contract Tower,0,2,31,50,83,0,8,49,17,74,0,10,80,67,157,0,40,40,197
06/13/2020,CLL,TX,ASW,CE,Federal Contract Tower,0,3,12,38,53,0,2,48,3,53,0,5,60,41,106,24,16,40,146
06/14/2020,CLL,TX,ASW,CE,Federal Contract Tower,0,1,15,35,51,0,1,32,5,38,0,2,47,40,89,24,14,38,127
06/15/2020,CLL,TX,ASW,CE,Federal Contract Tower,0,3,19,43,65,0,2,29,9,40,0,5,48,52,105,16,6,22,127
06/16/2020,CLL,TX,ASW,CE,Federal Contract Tower,0,4,19,44,67,0,8,43,3,54,0,12,62,47,121,22,12,34,155
06/17/2020,CLL,TX,ASW,CE,Federal Contract Tower,0,4,37,36,77,0,0,31,20,51,0,4,68,56,128,44,24,68,196
06/18/2020,CLL,TX,ASW,CE,Federal Contract Tower,0,5,18,44,67,0,15,39,7,61,0,20,57,51,128,2,50,52,180
06/19/2020,CLL,TX,ASW,CE,Federal Contract Tower,0,6,26,9,41,0,0,25,6,31,0,6,51,15,72,8,6,14,86
06/20/2020,CLL,TX,ASW,CE,Federal Contract Tower,0,4,14,27,45,0,5,34,6,45,0,9,48,33,90,72,16,88,178
06/21/2020,CLL,TX,ASW,CE,Federal Contract Tower,0,3,10,9,22,0,1,15,0,16,0,4,25,9,38,14,0,14,52
06/22/2020,CLL,TX,ASW,CE,Federal Contract Tower,0,5,17,8,30,0,4,35,0,39,0,9,52,8,69,26,4,30,99
06/23/2020,CLL,TX,ASW,CE,Federal Contract Tower,0,5,11,1,17,0,3,20,1,24,0,8,31,2,41,50,0,50,91
06/24/2020,CLL,TX,ASW,CE,Federal Contract Tower,0,6,13,30,49,0,2,11,0,13,0,8,24,30,62,36,8,44,106
06/25/2020,CLL,TX,ASW,CE,Federal Contract Tower,0,5,13,4,22,0,3,13,2,18,0,8,26,6,40,4,0,4,44
06/26/2020,CLL,TX,ASW,CE,Federal Contract Tower,0,3,19,11,33,0,2,9,2,13,0,5,28,13,46,20,0,20,66
06/27/2020,CLL,TX,ASW,CE,Federal Contract Tower,0,2,29,46,77,0,0,22,15,37,0,2,51,61,114,10,22,32,146
06/28/2020,CLL,TX,ASW,CE,Federal Contract Tower,0,4,4,38,46,0,3,10,6,19,0,7,14,44,65,18,18,36,101
06/29/2020,CLL,TX,ASW,CE,Federal Contract Tower,0,3,21,68,92,0,0,25,8,33,0,3,46,76,125,4,0,4,129
06/30/2020,CLL,TX,ASW,CE,Federal Contract Tower,0,3,19,72,94,0,2,26,10,38,0,5,45,82,132,14,10,24,156
07/01/2020,CLL,TX,ASW,CE,Federal Contract Tower,0,4,26,85,115,0,4,48,16,68,0,8,74,101,183,22,14,36,219
07/02/2020,CLL,TX,ASW,CE,Federal Contract Tower,0,5,19,14,38,0,4,58,3,65,0,9,77,17,103,36,0,36,139
07/04/2020,CLL,TX,ASW,CE,Federal Contract Tower,0,4,13,0,17,0,3,26,0,29,0,7,39,0,46,38,0,38,84
07/05/2020,CLL,TX,ASW,CE,Federal Contract Tower,0,3,4,14,21,0,0,42,0,42,0,3,46,14,63,22,0,22,85
07/06/2020,CLL,TX,ASW,CE,Federal Contract Tower,0,3,19,0,22,0,2,42,2,46,0,5,61,2,68,44,0,44,112
07/07/2020,CLL,TX,ASW,CE,Federal Contract Tower,0,6,27,42,75,0,1,24,1,26,0,7,51,43,101,44,0,44,145
07/08/2020,CLL,TX,ASW,CE,Federal Contract Tower,0,6,27,110,143,0,2,62,14,78,0,8,89,124,221,26,18,44,265
07/09/2020,CLL,TX,ASW,CE,Federal Contract Tower,0,9,24,108,141,0,4,63,24,91,0,13,87,132,232,28,76,104,336
07/10/2020,CLL,TX,ASW,CE,Federal Contract Tower,0,7,16,52,75,0,4,68,9,81,0,11,84,61,156,24,12,36,192
07/11/2020,CLL,TX,ASW,CE,Federal Contract Tower,0,6,14,23,43,0,1,56,2,59,0,7,70,25,102,14,0,14,116
07/13/2020,CLL,TX,ASW,CE,Federal Contract Tower,0,13,20,78,111,0,2,33,17,52,0,15,53,95,163,44,36,80,243
07/14/2020,CLL,TX,ASW,CE,Federal Contract Tower,0,8,21,52,81,0,59,19,0,78,0,67,40,52,159,76,52,128,287
07/15/2020,CLL,TX,ASW,CE,Federal Contract Tower,0,13,27,31,71,0,4,60,20,84,0,17,87,51,155,56,32,88,243
07/16/2020,CLL,TX,ASW,CE,Federal Contract Tower,0,10,32,40,82,0,7,76,12,95,0,17,108,52,177,70,28,98,275
07/17/2020,CLL,TX,ASW,CE,Federal Contract Tower,0,10,11,18,39,0,7,45,2,54,0,17,56,20,93,34,0,34,127
07/19/2020,CLL,TX,ASW,CE,Federal Contract Tower,0,4,22,28,54,0,6,28,1,35,0,10,50,29,89,38,2,40,129
07/20/2020,CLL,TX,ASW,CE,Federal Contract Tower,0,10,20,49,79,0,0,41,11,52,0,10,61,60,131,64,20,84,215
07/21/2020,CLL,TX,ASW,CE,Federal Contract Tower,0,6,16,21,43,0,3,17,11,31,0,9,33,32,74,56,0,56,130
07/22/2020,CLL,TX,ASW,CE,Federal Contract Tower,0,7,20,14,41,0,5,28,7,40,0,12,48,21,81,24,2,26,107
07/23/2020,CLL,TX,ASW,CE,Federal Contract Tower,0,8,43,63,114,0,3,61,14,78,0,11,104,77,192,44,6,50,242
07/24/2020,CLL,TX,ASW,CE,Federal Contract Tower,0,6,27,8,41,0,6,38,2,46,0,12,65,10,87,28,0,28,115
07/25/2020,CLL,TX,ASW,CE,Federal Contract Tower,0,6,8,5,19,0,0,9,1,10,0,6,17,6,29,30,0,30,59
07/26/2020,CLL,TX,ASW,CE,Federal Contract Tower,0,8,8,0,16,0,0,8,0,8,0,8,16,0,24,8,0,8,32
07/27/2020,CLL,TX,ASW,CE,Federal Contract Tower,0,6,19,35,60,0,4,26,0,30,0,10,45,35,90,32,2,34,124
07/28/2020,CLL,TX,ASW,CE,Federal Contract Tower,0,7,33,10,50,0,1,12,2,15,0,8,45,12,65,32,0,32,97
07/29/2020,CLL,TX,ASW,CE,Federal Contract Tower,2,7,35,13,57,0,2,35,4,41,2,9,70,17,98,28,4,32,130
07/30/2020,CLL,TX,ASW,CE,Federal Contract Tower,0,12,29,74,115,0,0,67,19,86,0,12,96,93,201,36,0,36,237
07/31/2020,CLL,TX,ASW,CE,Federal Contract Tower,0,15,17,12,44,0,3,25,3,31,0,18,42,15,75,14,18,32,107
08/01/2020,CLL,TX,ASW,CE,Federal Contract Tower,0,4,30,24,58,0,3,57,6,66,0,7,87,30,124,38,22,60,184
08/03/2020,CLL,TX,ASW,CE,Federal Contract Tower,0,10,23,39,72,0,2,50,8,60,0,12,73,47,132,24,32,56,188
08/04/2020,CLL,TX,ASW,CE,Federal Contract Tower,0,9,39,53,101,0,2,59,22,83,0,11,98,75,184,38,56,94,278
08/05/2020,CLL,TX,ASW,CE,Federal Contract Tower,0,9,23,73,105,0,9,44,12,65,0,18,67,85,170,10,38,48,218
08/06/2020,CLL,TX,ASW,CE,Federal Contract Tower,0,10,37,50,97,0,7,59,9,75,0,17,96,59,172,28,14,42,214
08/07/2020,CLL,TX,ASW,CE,Federal Contract Tower,0,8,32,66,106,0,0,38,11,49,0,8,70,77,155,70,48,118,273
08/08/2020,CLL,TX,ASW,CE,Federal Contract Tower,0,8,10,39,57,0,4,54,4,62,0,12,64,43,119,36,8,44,163
08/09/2020,CLL,TX,ASW,CE,Federal Contract Tower,0,6,27,9,42,0,5,36,3,44,0,11,63,12,86,10,2,12,98
08/10/2020,CLL,TX,ASW,CE,Federal Contract Tower,0,9,21,37,67,0,0,44,10,54,0,9,65,47,121,58,32,90,211
08/11/2020,CLL,TX,ASW,CE,Federal Contract Tower,0,10,26,48,84,0,4,52,10,66,0,14,78,58,150,36,18,54,204
08/12/2020,CLL,TX,ASW,CE,Federal Contract Tower,0,10,37,75,122,0,2,61,20,83,0,12,98,95,205,48,80,128,333
08/13/2020,CLL,TX,ASW,CE,Federal Contract Tower,0,10,32,27,69,0,4,48,21,73,0,14,80,48,142,18,4,22,164
08/14/2020,CLL,TX,ASW,CE,Federal Contract Tower,0,7,36,17,60,0,2,71,4,77,0,9,107,21,137,32,4,36,173
08/15/2020,CLL,TX,ASW,CE,Federal Contract Tower,0,4,51,19,74,0,6,62,3,71,0,10,113,22,145,74,4,78,223
08/16/2020,CLL,TX,ASW,CE,Federal Contract Tower,0,8,18,27,53,0,3,40,2,45,0,11,58,29,98,54,0,54,152
08/17/2020,CLL,TX,ASW,CE,Federal Contract Tower,0,21,29,29,79,0,4,56,19,79,0,25,85,48,158,28,28,56,214
08/18/2020,CLL,TX,ASW,CE,Federal Contract Tower,0,8,23,60,91,0,0,61,16,77,0,8,84,76,168,48,14,62,230
08/19/2020,CLL,TX,ASW,CE,Federal Contract Tower,0,7,30,33,70,0,2,53,23,78,0,9,83,56,148,36,36,72,220
08/20/2020,CLL,TX,ASW,CE,Federal Contract Tower,0,7,28,58,93,0,6,70,11,87,0,13,98,69,180,26,36,62,242
08/21/2020,CLL,TX,ASW,CE,Federal Contract Tower,0,12,26,43,81,0,3,36,5,44,0,15,62,48,125,20,2,22,147
08/22/2020,CLL,TX,ASW,CE,Federal Contract Tower,0,5,11,16,32,0,4,35,1,40,0,9,46,17,72,62,4,66,138
08/23/2020,CLL,TX,ASW,CE,Federal Contract Tower,0,9,16,34,59,0,0,42,9,51,0,9,58,43,110,10,24,34,144
08/24/2020,CLL,TX,ASW,CE,Federal Contract Tower,0,11,20,56,87,0,2,53,3,58,0,13,73,59,145,58,0,58,203
08/25/2020,CLL,TX,ASW,CE,Federal Contract Tower,0,10,26,80,116,0,2,38,14,54,0,12,64,94,170,6,14,20,190
08/26/2020,CLL,TX,ASW,CE,Federal Contract Tower,0,5,12,0,17,0,5,8,5,18,0,10,20,5,35,48,0,48,83
08/27/2020,CLL,TX,ASW,CE,Federal Contract Tower,0,8,17,15,40,0,4,31,9,44,0,12,48,24,84,14,22,36,120
08/28/2020,CLL,TX,ASW,CE,Federal Contract Tower,0,7,23,39,69,0,2,39,4,45,0,9,62,43,114,42,8,50,164
08/29/2020,CLL,TX,ASW,CE,Federal Contract Tower,0,6,20,14,40,0,5,45,4,54,0,11,65,18,94,26,24,50,144
08/30/2020,CLL,TX,ASW,CE,Federal Contract Tower,0,6,25,50,81,0,1,47,4,52,0,7,72,54,133,22,30,52,185
08/31/2020,CLL,TX,ASW,CE,Federal Contract Tower,0,13,36,45,94,0,9,38,15,62,0,22,74,60,156,22,70,92,248
09/01/2020,CLL,TX,ASW,CE,Federal Contract Tower,0,8,35,74,117,0,2,31,17,50,0,10,66,91,167,8,18,26,193
09/02/2020,CLL,TX,ASW,CE,Federal Contract Tower,0,10,33,23,66,0,4,25,4,33,0,14,58,27,99,40,8,48,147
09/03/2020,CLL,TX,ASW,CE,Federal Contract Tower,0,9,12,6,27,0,5,12,0,17,0,14,24,6,44,54,0,54,98
09/04/2020,CLL,TX,ASW,CE,Federal Contract Tower,0,8,17,4,29,0,2,3,0,5,0,10,20,4,34,0,0,0,34
09/05/2020,CLL,TX,ASW,CE,Federal Contract Tower,0,3,34,12,49,0,1,22,4,27,0,4,56,16,76,36,0,36,112
09/06/2020,CLL,TX,ASW,CE,Federal Contract Tower,0,9,26,28,63,0,0,34,2,36,0,9,60,30,99,22,0,22,121
09/07/2020,CLL,TX,ASW,CE,Federal Contract Tower,0,8,18,2,28,0,0,59,0,59,0,8,77,2,87,30,0,30,117
09/08/2020,CLL,TX,ASW,CE,Federal Contract Tower,0,9,29,4,42,0,2,26,0,28,0,11,55,4,70,74,0,74,144
09/09/2020,CLL,TX,ASW,CE,Federal Contract Tower,0,6,12,8,26,0,5,36,2,43,0,11,48,10,69,72,0,72,141
09/10/2020,CLL,TX,ASW,CE,Federal Contract Tower,0,8,15,72,95,0,4,0,0,4,0,12,15,72,99,0,0,0,99
09/11/2020,CLL,TX,ASW,CE,Federal Contract Tower,0,12,36,87,135,0,4,42,8,54,0,16,78,95,189,50,8,58,247
09/12/2020,CLL,TX,ASW,CE,Federal Contract Tower,0,13,30,61,104,0,4,74,3,81,0,17,104,64,185,44,26,70,255
09/13/2020,CLL,TX,ASW,CE,Federal Contract Tower,0,7,26,19,52,0,5,36,0,41,0,12,62,19,93,4,8,12,105
09/14/2020,CLL,TX,ASW,CE,Federal Contract Tower,0,8,33,23,64,0,1,42,11,54,0,9,75,34,118,34,14,48,166
09/15/2020,CLL,TX,ASW,CE,Federal Contract Tower,0,11,18,43,72,0,0,41,13,54,0,11,59,56,126,88,14,102,228
09/16/2020,CLL,TX,ASW,CE,Federal Contract Tower,0,9,40,35,84,0,1,51,15,67,0,10,91,50,151,64,38,102,253
09/17/2020,CLL,TX,ASW,CE,Federal Contract Tower,0,8,12,11,31,0,2,48,0,50,0,10,60,11,81,36,0,36,117
09/18/2020,CLL,TX,ASW,CE,Federal Contract Tower,3,6,30,105,144,0,6,74,10,90,3,12,104,115,234,52,26,78,312
09/19/2020,CLL,TX,ASW,CE,Federal Contract Tower,0,6,18,22,46,0,4,43,1,48,0,10,61,23,94,26,12,38,132
09/21/2020,CLL,TX,ASW,CE,Federal Contract Tower,0,6,15,2,23,0,2,9,0,11,0,8,24,2,34,36,0,36,70
09/22/2020,CLL,TX,ASW,CE,Federal Contract Tower,0,12,21,4,37,0,0,0,0,0,0,12,21,4,37,0,0,0,37
09/23/2020,CLL,TX,ASW,CE,Federal Contract Tower,0,7,31,62,100,0,5,7,4,16,0,12,38,66,116,12,10,22,138
09/24/2020,CLL,TX,ASW,CE,Federal Contract Tower,0,6,42,82,130,0,4,50,18,72,0,10,92,100,202,68,16,84,286
09/25/2020,CLL,TX,ASW,CE,Federal Contract Tower,0,6,70,43,119,0,5,79,2,86,0,11,149,45,205,6,2,8,213
09/26/2020,CLL,TX,ASW,CE,Federal Contract Tower,2,9,46,4,61,0,3,49,4,56,2,12,95,8,117,26,0,26,143
09/27/2020,CLL,TX,ASW,CE,Federal Contract Tower,0,7,30,5,42,0,1,37,2,40,0,8,67,7,82,48,4,52,134
09/28/2020,CLL,TX,ASW,CE,Federal Contract Tower,0,8,23,33,64,0,4,39,5,48,0,12,62,38,112,38,14,52,164
09/29/2020,CLL,TX,ASW,CE,Federal Contract Tower,0,9,43,60,112,0,4,65,7,76,0,13,108,67,188,16,6,22,210
09/30/2020,CLL,TX,ASW,CE,Federal Contract Tower,0,16,16,42,74,0,4,77,20,101,0,20,93,62,175,50,12,62,237
10/01/2020,CLL,TX,ASW,CE,Federal Contract Tower,0,12,40,42,94,0,2,61,15,78,0,14,101,57,172,38,68,106,278
10/02/2020,CLL,TX,ASW,CE,Federal Contract Tower,2,13,38,28,81,0,7,86,17,110,2,20,124,45,191,58,10,68,259
10/03/2020,CLL,TX,ASW,CE,Federal Contract Tower,2,6,21,31,60,0,7,89,5,101,2,13,110,36,161,48,8,56,217
10/04/2020,CLL,TX,ASW,CE,Federal Contract Tower,2,9,13,12,36,0,2,67,2,71,2,11,80,14,107,60,4,64,171
10/05/2020,CLL,TX,ASW,CE,Federal Contract Tower,0,5,32,39,76,0,2,68,5,75,0,7,100,44,151,8,20,28,179
10/06/2020,CLL,TX,ASW,CE,Federal Contract Tower,0,7,18,53,78,0,4,68,27,99,0,11,86,80,177,80,54,134,311
10/07/2020,CLL,TX,ASW,CE,Federal Contract Tower,0,13,26,66,105,0,10,50,14,74,0,23,76,80,179,42,46,88,267
10/08/2020,CLL,TX,ASW,CE,Federal Contract Tower,0,20,29,31,80,0,7,55,23,85,0,27,84,54,165,10,20,30,195
10/09/2020,CLL,TX,ASW,CE,Federal Contract Tower,3,16,46,10,75,0,5,31,3,39,3,21,77,13,114,20,4,24,138
10/10/2020,CLL,TX,ASW,CE,Federal Contract Tower,1,11,47,10,69,0,2,35,6,43,1,13,82,16,112,0,0,0,112
10/11/2020,CLL,TX,ASW,CE,Federal Contract Tower,0,13,25,4,42,0,5,45,14,64,0,18,70,18,106,6,0,6,112
10/12/2020,CLL,TX,ASW,CE,Federal Contract Tower,0,10,16,10,36,0,2,34,0,36,0,12,50,10,72,32,0,32,104
10/13/2020,CLL,TX,ASW,CE,Federal Contract Tower,0,10,42,48,100,0,6,63,12,81,0,16,105,60,181,50,12,62,243
10/14/2020,CLL,TX,ASW,CE,Federal Contract Tower,0,11,37,69,117,0,5,53,23,81,0,16,90,92,198,0,10,10,208
10/15/2020,CLL,TX,ASW,CE,Federal Contract Tower,0,12,47,46,105,0,7,39,6,52,0,19,86,52,157,22,0,22,179
10/16/2020,CLL,TX,ASW,CE,Federal Contract Tower,2,12,39,32,85,0,4,74,10,88,2,16,113,42,173,56,48,104,277
10/17/2020,CLL,TX,ASW,CE,Federal Contract Tower,0,6,33,22,61,0,8,98,0,106,0,14,131,22,167,42,2,44,211
10/18/2020,CLL,TX,ASW,CE,Federal Contract Tower,0,10,24,24,58,0,2,52,9,63,0,12,76,33,121,2,32,34,155
10/19/2020,CLL,TX,ASW,CE,Federal Contract Tower,0,9,17,46,72,0,2,32,11,45,0,11,49,57,117,18,8,26,143
10/20/2020,CLL,TX,ASW,CE,Federal Contract Tower,0,10,40,68,118,0,5,42,19,66,0,15,82,87,184,44,44,88,272
10/21/2020,CLL,TX,ASW,CE,Federal Contract Tower,0,10,38,22,70,0,4,41,2,47,0,14,79,24,117,56,0,56,173
10/22/2020,CLL,TX,ASW,CE,Federal Contract Tower,2,14,26,52,94,0,3,53,8,64,2,17,79,60,158,80,2,82,240
10/23/2020,CLL,TX,ASW,CE,Federal Contract Tower,0,12,26,21,59,0,2,12,0,14,0,14,38,21,73,0,0,0,73
10/24/2020,CLL,TX,ASW,CE,Federal Contract Tower,0,4,21,61,86,0,2,58,10,70,0,6,79,71,156,26,14,40,196
10/25/2020,CLL,TX,ASW,CE,Federal Contract Tower,0,12,41,2,55,0,2,13,0,15,0,14,54,2,70,0,0,0,70
10/26/2020,CLL,TX,ASW,CE,Federal Contract Tower,0,14,16,7,37,0,1,11,1,13,0,15,27,8,50,34,2,36,86
10/27/2020,CLL,TX,ASW,CE,Federal Contract Tower,0,16,25,19,60,0,0,0,0,0,0,16,25,19,60,0,0,0,60
10/28/2020,CLL,TX,ASW,CE,Federal Contract Tower,0,15,28,32,75,0,0,8,6,14,0,15,36,38,89,8,6,14,103
10/29/2020,CLL,TX,ASW,CE,Federal Contract Tower,2,21,27,42,92,0,5,46,6,57,2,26,73,48,149,8,10,18,167
10/30/2020,CLL,TX,ASW,CE,Federal Contract Tower,2,18,48,54,122,0,4,109,10,123,2,22,157,64,245,28,42,70,315
10/31/2020,CLL,TX,ASW,CE,Federal Contract Tower,2,20,45,33,100,0,2,74,8,84,2,22,119,41,184,36,12,48,232
11/01/2020,CLL,TX,ASW,CE,Federal Contract Tower,0,11,44,39,94,0,0,53,1,54,0,11,97,40,148,38,0,38,186
11/02/2020,CLL,TX,ASW,CE,Federal Contract Tower,0,8,21,65,94,0,0,57,17,74,0,8,78,82,168,90,10,100,268
11/03/2020,CLL,TX,ASW,CE,Federal Contract Tower,0,8,34,39,81,0,2,83,10,95,0,10,117,49,176,44,32,76,252
11/04/2020,CLL,TX,ASW,CE,Federal Contract Tower,0,11,42,52,105,0,2,89,13,104,0,13,131,65,209,42,16,58,267
11/05/2020,CLL,TX,ASW,CE,Federal Contract Tower,0,13,24,51,88,0,2,77,10,89,0,15,101,61,177,46,38,84,261
11/06/2020,CLL,TX,ASW,CE,Federal Contract Tower,2,10,47,41,100,0,5,68,4,77,2,15,115,45,177,34,28,62,239
11/07/2020,CLL,TX,ASW,CE,Federal Contract Tower,0,6,3,15,24,0,0,53,8,61,0,6,56,23,85,80,68,148,233
11/08/2020,CLL,TX,ASW,CE,Federal Contract Tower,0,9,36,16,61,0,2,13,0,15,0,11,49,16,76,14,0,14,90
11/09/2020,CLL,TX,ASW,CE,Federal Contract Tower,0,10,35,85,130,0,2,47,14,63,0,12,82,99,193,42,12,54,247
11/10/2020,CLL,TX,ASW,CE,Federal Contract Tower,0,11,25,84,120,0,1,52,8,61,0,12,77,92,181,20,50,70,251
11/11/2020,CLL,TX,ASW,CE,Federal Contract Tower,0,10,38,4,52,0,0,84,0,84,0,10,122,4,136,68,0,68,204
11/12/2020,CLL,TX,ASW,CE,Federal Contract Tower,0,8,32,67,107,0,2,73,12,87,0,10,105,79,194,12,54,66,260
11/13/2020,CLL,TX,ASW,CE,Federal Contract Tower,0,13,30,117,160,0,1,40,5,46,0,14,70,122,206,6,26,32,238
11/14/2020,CLL,TX,ASW,CE,Federal Contract Tower,0,9,11,29,49,0,6,38,5,49,0,15,49,34,98,66,8,74,172
11/15/2020,CLL,TX,ASW,CE,Federal Contract Tower,2,9,17,31,59,0,0,50,3,53,2,9,67,34,112,26,0,26,138
11/16/2020,CLL,TX,ASW,CE,Federal Contract Tower,0,8,19,54,81,0,0,51,8,59,0,8,70,62,140,56,2,58,198
11/17/2020,CLL,TX,ASW,CE,Federal Contract Tower,0,13,20,48,81,0,2,83,17,102,0,15,103,65,183,28,34,62,245
11/18/2020,CLL,TX,ASW,CE,Federal Contract Tower,0,10,30,36,76,0,7,59,12,78,0,17,89,48,154,92,22,114,268
11/19/2020,CLL,TX,ASW,CE,Federal Contract Tower,0,9,34,63,106,0,0,52,6,58,0,9,86,69,164,10,0,10,174
11/20/2020,CLL,TX,ASW,CE,Federal Contract Tower,2,11,45,60,118,0,3,46,6,55,2,14,91,66,173,68,0,68,241
11/21/2020,CLL,TX,ASW,CE,Federal Contract Tower,0,15,39,55,109,0,3,50,10,63,0,18,89,65,172,30,10,40,212
11/22/2020,CLL,TX,ASW,CE,Federal Contract Tower,0,11,15,15,41,0,2,46,1,49,0,13,61,16,90,58,0,58,148
11/23/2020,CLL,TX,ASW,CE,Federal Contract Tower,0,11,58,55,124,0,1,15,8,24,0,12,73,63,148,18,18,36,184
11/24/2020,CLL,TX,ASW,CE,Federal Contract Tower,0,8,32,46,86,0,2,17,10,29,0,10,49,56,115,0,10,10,125
11/25/2020,CLL,TX,ASW,CE,Federal Contract Tower,0,15,20,13,48,0,4,47,1,52,0,19,67,14,100,52,0,52,152
11/26/2020,CLL,TX,ASW,CE,Federal Contract Tower,0,6,4,0,10,0,0,19,0,19,0,6,23,0,29,4,0,4,33
11/27/2020,CLL,TX,ASW,CE,Federal Contract Tower,3,12,13,0,28,0,0,0,0,0,3,12,13,0,28,0,0,0,28
11/28/2020,CLL,TX,ASW,CE,Federal Contract Tower,1,23,31,0,55,0,0,0,0,0,1,23,31,0,55,0,0,0,55
11/29/2020,CLL,TX,ASW,CE,Federal Contract Tower,0,20,52,11,83,0,3,10,0,13,0,23,62,11,96,18,0,18,114
11/30/2020,CLL,TX,ASW,CE,Federal Contract Tower,0,18,29,85,132,0,0,72,5,77,0,18,101,90,209,62,22,84,293
12/01/2020,CLL,TX,ASW,CE,Federal Contract Tower,0,8,30,84,122,0,0,57,27,84,0,8,87,111,206,32,68,100,306
12/02/2020,CLL,TX,ASW,CE,Federal Contract Tower,0,10,28,12,50,0,0,8,2,10,0,10,36,14,60,28,0,28,88
12/03/2020,CLL,TX,ASW,CE,Federal Contract Tower,0,12,47,59,118,0,8,77,14,99,0,20,124,73,217,68,24,92,309
12/04/2020,CLL,TX,ASW,CE,Federal Contract Tower,2,14,44,121,181,0,1,71,21,93,2,15,115,142,274,88,31,119,393
12/05/2020,CLL,TX,ASW,CE,Federal Contract Tower,2,5,28,52,87,0,6,61,2,69,2,11,89,54,156,48,28,76,232
12/06/2020,CLL,TX,ASW,CE,Federal Contract Tower,0,8,22,15,45,0,3,43,2,48,0,11,65,17,93,32,0,32,125
12/07/2020,CLL,TX,ASW,CE,Federal Contract Tower,0,14,16,50,80,0,1,54,15,70,0,15,70,65,150,62,28,90,240
12/08/2020,CLL,TX,ASW,CE,Federal Contract Tower,0,9,20,57,86,0,1,67,17,85,0,10,87,74,171,28,6,34,205
12/09/2020,CLL,TX,ASW,CE,Federal Contract Tower,2,13,25,59,99,0,2,52,10,64,2,15,77,69,163,62,56,118,281
12/10/2020,CLL,TX,ASW,CE,Federal Contract Tower,0,13,18,56,87,0,6,75,18,99,0,19,93,74,186,22,18,40,226
12/11/2020,CLL,TX,ASW,CE,Federal Contract Tower,0,20,23,28,71,0,0,7,2,9,0,20,30,30,80,22,4,26,106
12/12/2020,CLL,TX,ASW,CE,Federal Contract Tower,0,15,30,42,87,0,10,74,3,87,0,25,104,45,174,12,6,18,192
12/13/2020,CLL,TX,ASW,CE,Federal Contract Tower,0,5,4,26,35,0,0,0,0,0,0,5,4,26,35,0,0,0,35
12/14/2020,CLL,TX,ASW,CE,Federal Contract Tower,0,9,34,57,100,0,2,51,6,59,0,11,85,63,159,98,18,116,275
12/16/2020,CLL,TX,ASW,CE,Federal Contract Tower,0,8,28,91,127,0,0,57,11,68,0,8,85,102,195,34,48,82,277
12/17/2020,CLL,TX,ASW,CE,Federal Contract Tower,0,12,25,86,123,0,0,84,19,103,0,12,109,105,226,68,28,96,322
12/18/2020,CLL,TX,ASW,CE,Federal Contract Tower,2,17,34,54,107,0,0,61,5,66,2,17,95,59,173,56,8,64,237
12/19/2020,CLL,TX,ASW,CE,Federal Contract Tower,1,7,3,0,11,0,2,8,0,10,1,9,11,0,21,14,0,14,35
12/20/2020,CLL,TX,ASW,CE,Federal Contract Tower,1,8,21,6,36,0,2,49,2,53,1,10,70,8,89,34,0,34,123
12/21/2020,CLL,TX,ASW,CE,Federal Contract Tower,0,11,24,22,57,0,0,92,19,111,0,11,116,41,168,56,14,70,238
12/22/2020,CLL,TX,ASW,CE,Federal Contract Tower,0,8,17,10,35,0,2,48,6,56,0,10,65,16,91,60,6,66,157
12/23/2020,CLL,TX,ASW,CE,Federal Contract Tower,0,10,11,0,21,0,3,12,0,15,0,13,23,0,36,4,0,4,40
12/24/2020,CLL,TX,ASW,CE,Federal Contract Tower,0,4,13,0,17,0,8,34,0,42,0,12,47,0,59,2,0,2,61
12/25/2020,CLL,TX,ASW,CE,Federal Contract Tower,0,8,2,0,10,0,2,23,0,25,0,10,25,0,35,0,0,0,35
12/26/2020,CLL,TX,ASW,CE,Federal Contract Tower,0,13,21,0,34,0,0,42,0,42,0,13,63,0,76,14,0,14,90
12/27/2020,CLL,TX,ASW,CE,Federal Contract Tower,0,7,5,0,12,0,1,38,0,39,0,8,43,0,51,14,0,14,65
12/28/2020,CLL,TX,ASW,CE,Federal Contract Tower,0,9,24,19,52,0,14,57,0,71,0,23,81,19,123,6,4,10,133
12/29/2020,CLL,TX,ASW,CE,Federal Contract Tower,0,11,15,11,37,0,6,35,0,41,0,17,50,11,78,24,0,24,102
12/30/2020,CLL,TX,ASW,CE,Federal Contract Tower,0,8,5,4,17,0,2,2,0,4,0,10,7,4,21,0,0,0,21
12/31/2020,CLL,TX,ASW,CE,Federal Contract Tower,4,3,2,0,9,0,0,0,0,0,4,3,2,0,9,0,0,0,9
01/01/2021,CLL,TX,ASW,CE,Federal Contract Tower,0,10,10,0,20,0,8,25,0,33,0,18,35,0,53,24,0,24,77
01/02/2021,CLL,TX,ASW,CE,Federal Contract Tower,2,9,53,0,64,0,2,66,0,68,2,11,119,0,132,60,0,60,192
01/03/2021,CLL,TX,ASW,CE,Federal Contract Tower,6,12,15,0,33,0,0,49,0,49,6,12,64,0,82,32,0,32,114
01/04/2021,CLL,TX,ASW,CE,Federal Contract Tower,0,6,37,4,47,0,0,56,4,60,0,6,93,8,107,74,0,74,181
01/05/2021,CLL,TX,ASW,CE,Federal Contract Tower,2,7,25,38,72,0,0,65,12,77,2,7,90,50,149,58,36,94,243
01/06/2021,CLL,TX,ASW,CE,Federal Contract Tower,1,4,11,2,18,0,1,5,4,10,1,5,16,6,28,0,0,0,28
01/07/2021,CLL,TX,ASW,CE,Federal Contract Tower,0,7,20,31,58,0,6,61,7,74,0,13,81,38,132,38,0,38,170
01/08/2021,CLL,TX,ASW,CE,Federal Contract Tower,2,8,46,71,127,0,2,54,5,61,2,10,100,76,188,54,6,60,248
01/09/2021,CLL,TX,ASW,CE,Federal Contract Tower,3,5,29,14,51,0,2,109,4,115,3,7,138,18,166,90,0,90,256
01/10/2021,CLL,TX,ASW,CE,Federal Contract Tower,1,5,2,0,8,0,0,0,1,1,1,5,2,1,9,0,0,0,9
01/11/2021,CLL,TX,ASW,CE,Federal Contract Tower,1,9,15,10,35,0,0,10,5,15,1,9,25,15,50,0,0,0,50
01/12/2021,CLL,TX,ASW,CE,Federal Contract Tower,2,9,28,73,112,0,3,45,18,66,2,12,73,91,178,72,24,96,274
01/13/2021,CLL,TX,ASW,CE,Federal Contract Tower,0,7,24,46,77,0,2,88,14,104,0,9,112,60,181,110,26,136,317
01/14/2021,CLL,TX,ASW,CE,Federal Contract Tower,0,21,20,32,73,0,11,58,23,92,0,32,78,55,165,48,8,56,221
01/15/2021,CLL,TX,ASW,CE,Federal Contract Tower,1,11,18,34,64,0,0,44,8,52,1,11,62,42,116,24,24,48,164
01/16/2021,CLL,TX,ASW,CE,Federal Contract Tower,2,5,40,15,62,0,0,106,1,107,2,5,146,16,169,64,0,64,233
01/17/2021,CLL,TX,ASW,CE,Federal Contract Tower,0,13,15,27,55,0,4,88,4,96,0,17,103,31,151,92,0,92,243
01/18/2021,CLL,TX,ASW,CE,Federal Contract Tower,0,13,48,3,64,0,2,61,0,63,0,15,109,3,127,120,0,120,247
01/19/2021,CLL,TX,ASW,CE,Federal Contract Tower,0,8,23,33,64,0,1,26,0,27,0,9,49,33,91,26,0,26,117
01/20/2021,CLL,TX,ASW,CE,Federal Contract Tower,0,7,18,20,45,0,0,1,1,2,0,7,19,21,47,0,2,2,49
01/21/2021,CLL,TX,ASW,CE,Federal Contract Tower,2,12,24,55,93,0,0,1,5,6,2,12,25,60,99,0,46,46,145
01/22/2021,CLL,TX,ASW,CE,Federal Contract Tower,1,15,36,43,95,0,5,3,2,10,1,20,39,45,105,14,2,16,121
01/23/2021,CLL,TX,ASW,CE,Federal Contract Tower,3,4,48,31,86,0,0,2,0,2,3,4,50,31,88,2,0,2,90
01/24/2021,CLL,TX,ASW,CE,Federal Contract Tower,1,9,14,8,32,0,0,0,0,0,1,9,14,8,32,0,0,0,32
01/25/2021,CLL,TX,ASW,CE,Federal Contract Tower,1,12,27,54,94,0,0,60,15,75,1,12,87,69,169,30,26,56,225
01/26/2021,CLL,TX,ASW,CE,Federal Contract Tower,0,7,53,59,119,0,2,78,19,99,0,9,131,78,218,70,32,102,320
01/27/2021,CLL,TX,ASW,CE,Federal Contract Tower,2,8,35,57,102,0,0,64,22,86,2,8,99,79,188,48,18,66,254
01/28/2021,CLL,TX,ASW,CE,Federal Contract Tower,0,13,26,76,115,0,4,79,23,106,0,17,105,99,221,32,40,72,293
01/29/2021,CLL,TX,ASW,CE,Federal Contract Tower,1,12,35,62,110,0,2,59,20,81,1,14,94,82,191,24,72,96,287
01/30/2021,CLL,TX,ASW,CE,Federal Contract Tower,2,5,24,34,65,0,6,7,10,23,2,11,31,44,88,16,14,30,118
01/31/2021,CLL,TX,ASW,CE,Federal Contract Tower,0,11,23,21,55,0,0,57,6,63,0,11,80,27,118,48,4,52,170
02/01/2021,CLL,TX,ASW,CE,Federal Contract Tower,0,17,21,85,123,0,4,69,16,89,0,21,90,101,212,34,8,42,254
02/02/2021,CLL,TX,ASW,CE,Federal Contract Tower,0,6,37,58,101,0,7,79,17,103,0,13,116,75,204,62,56,118,322
02/03/2021,CLL,TX,ASW,CE,Federal Contract Tower,2,5,34,89,130,0,0,55,18,73,2,5,89,107,203,94,32,126,329
02/04/2021,CLL,TX,ASW,CE,Federal Contract Tower,1,12,28,90,131,0,2,31,10,43,1,14,59,100,174,10,24,34,208
02/05/2021,CLL,TX,ASW,CE,Federal Contract Tower,0,9,17,48,74,0,7,43,5,55,0,16,60,53,129,58,20,78,207
02/06/2021,CLL,TX,ASW,CE,Federal Contract Tower,0,7,37,60,104,0,6,18,6,30,0,13,55,66,134,0,20,20,154
02/07/2021,CLL,TX,ASW,CE,Federal Contract Tower,0,11,19,36,66,0,0,75,1,76,0,11,94,37,142,48,6,54,196
02/08/2021,CLL,TX,ASW,CE,Federal Contract Tower,0,10,35,20,65,0,11,48,1,60,0,21,83,21,125,20,0,20,145
02/09/2021,CLL,TX,ASW,CE,Federal Contract Tower,0,17,30,6,53,0,1,2,0,3,0,18,32,6,56,0,0,0,56
02/10/2021,CLL,TX,ASW,CE,Federal Contract Tower,0,6,12,4,22,0,0,0,0,0,0,6,12,4,22,0,0,0,22
02/11/2021,CLL,TX,ASW,CE,Federal Contract Tower,0,9,7,2,18,0,0,0,0,0,0,9,7,2,18,0,0,0,18
02/12/2021,CLL,TX,ASW,CE,Federal Contract Tower,0,7,10,4,21,0,2,1,0,3,0,9,11,4,24,0,0,0,24
02/13/2021,CLL,TX,ASW,CE,Federal Contract Tower,0,10,4,2,16,0,0,4,0,4,0,10,8,2,20,0,0,0,20
02/14/2021,CLL,TX,ASW,CE,Federal Contract Tower,0,0,0,0,0,0,0,0,0,0,0,0,0,0,0,0,0,0,0
02/15/2021,CLL,TX,ASW,CE,Federal Contract Tower,0,0,0,0,0,0,0,0,0,0,0,0,0,0,0,0,0,0,0
02/16/2021,CLL,TX,ASW,CE,Federal Contract Tower,0,2,0,0,2,0,5,0,0,5,0,7,0,0,7,0,0,0,7
02/17/2021,CLL,TX,ASW,CE,Federal Contract Tower,0,0,0,0,0,0,0,0,0,0,0,0,0,0,0,0,0,0,0
02/18/2021,CLL,TX,ASW,CE,Federal Contract Tower,0,0,0,0,0,0,0,0,0,0,0,0,0,0,0,0,0,0,0
02/19/2021,CLL,TX,ASW,CE,Federal Contract Tower,0,2,5,0,7,0,4,20,0,24,0,6,25,0,31,2,0,2,33
02/20/2021,CLL,TX,ASW,CE,Federal Contract Tower,2,10,36,6,54,0,7,70,1,78,2,17,106,7,132,14,16,30,162
02/21/2021,CLL,TX,ASW,CE,Federal Contract Tower,1,9,32,8,50,0,2,48,6,56,1,11,80,14,106,34,4,38,144
02/22/2021,CLL,TX,ASW,CE,Federal Contract Tower,0,12,18,17,47,0,2,73,11,86,0,14,91,28,133,62,12,74,207
02/23/2021,CLL,TX,ASW,CE,Federal Contract Tower,0,8,18,46,72,0,9,76,29,114,0,17,94,75,186,80,56,136,322
02/24/2021,CLL,TX,ASW,CE,Federal Contract Tower,2,8,48,45,103,0,5,51,27,83,2,13,99,72,186,36,0,36,222
02/25/2021,CLL,TX,ASW,CE,Federal Contract Tower,0,14,22,30,66,0,1,0,0,1,0,15,22,30,67,0,0,0,67
02/26/2021,CLL,TX,ASW,CE,Federal Contract Tower,0,11,35,27,73,0,2,15,2,19,0,13,50,29,92,6,4,10,102
02/27/2021,CLL,TX,ASW,CE,Federal Contract Tower,0,12,37,44,93,0,2,22,2,26,0,14,59,46,119,20,4,24,143
02/28/2021,CLL,TX,ASW,CE,Federal Contract Tower,1,14,37,53,105,0,1,30,1,32,1,15,67,54,137,56,0,56,193
03/01/2021,CLL,TX,ASW,CE,Federal Contract Tower,0,9,23,4,36,0,0,0,0,0,0,9,23,4,36,0,0,0,36
03/03/2021,CLL,TX,ASW,CE,Federal Contract Tower,2,10,49,38,99,0,2,93,17,112,2,12,142,55,211,106,10,116,327
03/04/2021,CLL,TX,ASW,CE,Federal Contract Tower,0,12,37,33,82,0,2,65,9,76,0,14,102,42,158,32,24,56,214
03/05/2021,CLL,TX,ASW,CE,Federal Contract Tower,2,14,38,49,103,0,5,56,6,67,2,19,94,55,170,64,4,68,238
03/06/2021,CLL,TX,ASW,CE,Federal Contract Tower,1,7,42,69,119,0,7,108,6,121,1,14,150,75,240,4,10,14,254
03/07/2021,CLL,TX,ASW,CE,Federal Contract Tower,3,12,15,14,44,0,6,82,5,93,3,18,97,19,137,26,14,40,177
03/08/2021,CLL,TX,ASW,CE,Federal Contract Tower,0,11,23,25,59,0,10,73,8,91,0,21,96,33,150,8,48,56,206
03/09/2021,CLL,TX,ASW,CE,Federal Contract Tower,1,9,44,55,109,0,0,38,18,56,1,9,82,73,165,44,26,70,235
03/10/2021,CLL,TX,ASW,CE,Federal Contract Tower,0,12,24,38,74,0,1,22,15,38,0,13,46,53,112,2,60,62,174
03/11/2021,CLL,TX,ASW,CE,Federal Contract Tower,1,15,41,74,131,0,0,52,10,62,1,15,93,84,193,10,12,22,215
03/12/2021,CLL,TX,ASW,CE,Federal Contract Tower,0,15,53,103,171,0,1,49,8,58,0,16,102,111,229,36,28,64,293
03/13/2021,CLL,TX,ASW,CE,Federal Contract Tower,0,11,31,29,71,0,4,40,1,45,0,15,71,30,116,48,10,58,174
03/14/2021,CLL,TX,ASW,CE,Federal Contract Tower,0,10,17,22,49,0,1,7,4,12,0,11,24,26,61,0,10,10,71
03/15/2021,CLL,TX,ASW,CE,Federal Contract Tower,0,12,32,30,74,0,7,71,9,87,0,19,103,39,161,70,40,110,271
03/16/2021,CLL,TX,ASW,CE,Federal Contract Tower,0,8,32,47,87,0,4,26,16,46,0,12,58,63,133,8,52,60,193
03/17/2021,CLL,TX,ASW,CE,Federal Contract Tower,2,8,14,35,59,0,0,51,12,63,2,8,65,47,122,34,58,92,214
03/18/2021,CLL,TX,ASW,CE,Federal Contract Tower,0,20,33,38,91,0,0,76,2,78,0,20,109,40,169,48,20,68,237
03/19/2021,CLL,TX,ASW,CE,Federal Contract Tower,0,17,24,63,104,0,2,96,14,112,0,19,120,77,216,50,32,82,298
03/20/2021,CLL,TX,ASW,CE,Federal Contract Tower,2,10,12,34,58,0,4,89,10,103,2,14,101,44,161,30,10,40,201
03/21/2021,CLL,TX,ASW,CE,Federal Contract Tower,0,14,24,23,61,0,5,101,6,112,0,19,125,29,173,50,12,62,235
03/22/2021,CLL,TX,ASW,CE,Federal Contract Tower,0,11,24,22,57,0,7,48,7,62,0,18,72,29,119,44,10,54,173
03/23/2021,CLL,TX,ASW,CE,Federal Contract Tower,0,10,31,67,108,0,15,66,16,97,0,25,97,83,205,60,16,76,281
03/24/2021,CLL,TX,ASW,CE,Federal Contract Tower,0,8,28,15,51,0,0,12,3,15,0,8,40,18,66,50,8,58,124
03/25/2021,CLL,TX,ASW,CE,Federal Contract Tower,0,18,40,38,96,0,2,51,5,58,0,20,91,43,154,14,14,28,182
03/26/2021,CLL,TX,ASW,CE,Federal Contract Tower,0,15,28,30,73,0,2,118,10,130,0,17,146,40,203,40,20,60,263
03/27/2021,CLL,TX,ASW,CE,Federal Contract Tower,0,11,21,22,54,0,3,16,1,20,0,14,37,23,74,0,0,0,74
03/28/2021,CLL,TX,ASW,CE,Federal Contract Tower,0,11,15,0,26,0,4,17,1,22,0,15,32,1,48,6,0,6,54
03/29/2021,CLL,TX,ASW,CE,Federal Contract Tower,0,13,30,11,54,0,3,48,3,54,0,16,78,14,108,48,0,48,156
03/30/2021,CLL,TX,ASW,CE,Federal Contract Tower,0,13,31,17,61,0,0,9,6,15,0,13,40,23,76,2,24,26,102
03/31/2021,CLL,TX,ASW,CE,Federal Contract Tower,2,10,24,12,48,0,6,17,6,29,2,16,41,18,77,0,0,0,77
04/01/2021,CLL,TX,ASW,CE,Federal Contract Tower,0,11,30,28,69,0,8,89,11,108,0,19,119,39,177,14,0,14,191
04/02/2021,CLL,TX,ASW,CE,Federal Contract Tower,0,11,16,12,39,0,0,111,6,117,0,11,127,18,156,30,16,46,202
04/03/2021,CLL,TX,ASW,CE,Federal Contract Tower,0,12,8,0,20,0,0,35,0,35,0,12,43,0,55,54,0,54,109
04/05/2021,CLL,TX,ASW,CE,Federal Contract Tower,0,10,24,26,60,0,5,29,3,37,0,15,53,29,97,2,18,20,117
04/06/2021,CLL,TX,ASW,CE,Federal Contract Tower,0,11,24,15,50,0,3,29,5,37,0,14,53,20,87,52,0,52,139
04/07/2021,CLL,TX,ASW,CE,Federal Contract Tower,0,10,16,8,34,0,2,25,3,30,0,12,41,11,64,16,0,16,80
04/08/2021,CLL,TX,ASW,CE,Federal Contract Tower,0,15,29,57,101,0,14,71,12,97,0,29,100,69,198,44,44,88,286
04/09/2021,CLL,TX,ASW,CE,Federal Contract Tower,2,20,38,38,98,0,9,31,6,46,2,29,69,44,144,12,4,16,160
04/10/2021,CLL,TX,ASW,CE,Federal Contract Tower,0,11,30,60,101,0,8,75,40,123,0,19,105,100,224,26,60,86,310
04/11/2021,CLL,TX,ASW,CE,Federal Contract Tower,0,17,22,27,66,0,5,97,12,114,0,22,119,39,180,48,18,66,246
04/12/2021,CLL,TX,ASW,CE,Federal Contract Tower,0,14,23,33,70,0,4,67,7,78,0,18,90,40,148,94,0,94,242
04/13/2021,CLL,TX,ASW,CE,Federal Contract Tower,0,9,34,4,47,0,6,32,2,40,0,15,66,6,87,50,0,50,137
04/14/2021,CLL,TX,ASW,CE,Federal Contract Tower,0,11,41,28,80,0,3,7,2,12,0,14,48,30,92,16,22,38,130
04/15/2021,CLL,TX,ASW,CE,Federal Contract Tower,2,19,51,2,74,0,2,9,2,13,2,21,60,4,87,24,0,24,111
04/16/2021,CLL,TX,ASW,CE,Federal Contract Tower,0,9,20,2,31,0,0,0,0,0,0,9,20,2,31,0,0,0,31
04/17/2021,CLL,TX,ASW,CE,Federal Contract Tower,0,16,21,11,48,0,7,44,0,51,0,23,65,11,99,28,12,40,139
04/18/2021,CLL,TX,ASW,CE,Federal Contract Tower,1,14,20,19,54,0,1,91,0,92,1,15,111,19,146,40,0,40,186
04/19/2021,CLL,TX,ASW,CE,Federal Contract Tower,0,10,33,37,80,0,6,75,15,96,0,16,108,52,176,68,10,78,254
04/20/2021,CLL,TX,ASW,CE,Federal Contract Tower,0,15,22,22,59,0,3,87,15,105,0,18,109,37,164,72,10,82,246
04/21/2021,CLL,TX,ASW,CE,Federal Contract Tower,0,15,38,27,80,0,4,66,14,84,0,19,104,41,164,24,34,58,222
04/22/2021,CLL,TX,ASW,CE,Federal Contract Tower,0,16,42,87,145,0,0,72,17,89,0,16,114,104,234,2,56,58,292
04/23/2021,CLL,TX,ASW,CE,Federal Contract Tower,0,12,15,0,27,0,0,0,0,0,0,12,15,0,27,0,0,0,27
04/24/2021,CLL,TX,ASW,CE,Federal Contract Tower,0,10,53,30,93,0,6,87,1,94,0,16,140,31,187,36,0,36,223
04/25/2021,CLL,TX,ASW,CE,Federal Contract Tower,0,18,29,30,77,0,3,80,4,87,0,21,109,34,164,22,8,30,194
04/26/2021,CLL,TX,ASW,CE,Federal Contract Tower,0,13,36,45,94,0,6,45,14,65,0,19,81,59,159,42,16,58,217
04/27/2021,CLL,TX,ASW,CE,Federal Contract Tower,0,11,59,28,98,0,0,30,1,31,0,11,89,29,129,62,0,62,191
04/28/2021,CLL,TX,ASW,CE,Federal Contract Tower,0,8,21,53,82,0,0,27,14,41,0,8,48,67,123,34,20,54,177
04/29/2021,CLL,TX,ASW,CE,Federal Contract Tower,2,14,30,14,60,0,6,6,2,14,2,20,36,16,74,14,0,14,88
04/30/2021,CLL,TX,ASW,CE,Federal Contract Tower,0,13,8,0,21,0,8,10,0,18,0,21,18,0,39,22,0,22,61
05/01/2021,CLL,TX,ASW,CE,Federal Contract Tower,0,9,14,0,23,0,0,21,0,21,0,9,35,0,44,54,0,54,98
05/02/2021,CLL,TX,ASW,CE,Federal Contract Tower,0,16,15,26,57,0,2,77,3,82,0,18,92,29,139,68,0,68,207
05/03/2021,CLL,TX,ASW,CE,Federal Contract Tower,0,12,26,31,69,0,2,69,12,83,0,14,95,43,152,22,2,24,176
05/04/2021,CLL,TX,ASW,CE,Federal Contract Tower,0,14,24,10,48,0,2,14,9,25,0,16,38,19,73,0,8,8,81
05/05/2021,CLL,TX,ASW,CE,Federal Contract Tower,0,13,24,37,74,0,3,95,12,110,0,16,119,49,184,34,12,46,230
05/06/2021,CLL,TX,ASW,CE,Federal Contract Tower,0,20,55,19,94,0,4,84,10,98,0,24,139,29,192,74,4,78,270
05/07/2021,CLL,TX,ASW,CE,Federal Contract Tower,1,14,26,20,61,0,11,104,9,124,1,25,130,29,185,40,22,62,247
05/08/2021,CLL,TX,ASW,CE,Federal Contract Tower,1,7,22,16,46,0,6,25,8,39,1,13,47,24,85,10,20,30,115
05/09/2021,CLL,TX,ASW,CE,Federal Contract Tower,0,18,13,8,39,0,4,22,7,33,0,22,35,15,72,28,24,52,124
05/10/2021,CLL,TX,ASW,CE,Federal Contract Tower,0,13,28,45,86,0,3,24,6,33,0,16,52,51,119,42,0,42,161
05/11/2021,CLL,TX,ASW,CE,Federal Contract Tower,4,10,12,0,26,0,2,5,0,7,4,12,17,0,33,0,0,0,33
05/12/2021,CLL,TX,ASW,CE,Federal Contract Tower,4,10,54,46,114,0,1,10,2,13,4,11,64,48,127,8,0,8,135
05/13/2021,CLL,TX,ASW,CE,Federal Contract Tower,0,17,41,64,122,0,5,65,20,90,0,22,106,84,212,76,14,90,302
05/14/2021,CLL,TX,ASW,CE,Federal Contract Tower,0,9,39,35,83,0,2,100,9,111,0,11,139,44,194,38,0,38,232
05/15/2021,CLL,TX,ASW,CE,Federal Contract Tower,6,8,42,4,60,0,6,57,0,63,6,14,99,4,123,44,0,44,167
05/16/2021,CLL,TX,ASW,CE,Federal Contract Tower,0,13,19,0,32,0,2,14,0,16,0,15,33,0,48,24,0,24,72
05/17/2021,CLL,TX,ASW,CE,Federal Contract Tower,0,11,12,4,27,0,2,10,0,12,0,13,22,4,39,2,0,2,41
05/18/2021,CLL,TX,ASW,CE,Federal Contract Tower,0,4,29,16,49,0,5,41,4,50,0,9,70,20,99,80,22,102,201
05/19/2021,CLL,TX,ASW,CE,Federal Contract Tower,2,11,27,1,41,0,6,25,0,31,2,17,52,1,72,86,0,86,158
05/20/2021,CLL,TX,ASW,CE,Federal Contract Tower,0,12,65,27,104,0,4,44,5,53,0,16,109,32,157,22,14,36,193
05/21/2021,CLL,TX,ASW,CE,Federal Contract Tower,0,9,19,2,30,0,2,37,2,41,0,11,56,4,71,50,0,50,121
05/22/2021,CLL,TX,ASW,CE,Federal Contract Tower,1,17,16,4,38,0,0,1,0,1,1,17,17,4,39,0,0,0,39
05/23/2021,CLL,TX,ASW,CE,Federal Contract Tower,0,13,19,0,32,0,0,4,3,7,0,13,23,3,39,12,0,12,51
05/24/2021,CLL,TX,ASW,CE,Federal Contract Tower,1,11,19,0,31,0,0,2,1,3,1,11,21,1,34,12,0,12,46
05/25/2021,CLL,TX,ASW,CE,Federal Contract Tower,4,16,22,16,58,0,4,8,3,15,4,20,30,19,73,20,0,20,93
05/26/2021,CLL,TX,ASW,CE,Federal Contract Tower,0,18,42,42,102,0,6,60,15,81,0,24,102,57,183,72,30,102,285
05/27/2021,CLL,TX,ASW,CE,Federal Contract Tower,0,20,71,28,119,0,7,58,17,82,0,27,129,45,201,50,4,54,255
05/28/2021,CLL,TX,ASW,CE,Federal Contract Tower,0,15,34,0,49,0,11,35,0,46,0,26,69,0,95,26,0,26,121
05/29/2021,CLL,TX,ASW,CE,Federal Contract Tower,1,8,15,0,24,0,2,40,0,42,1,10,55,0,66,60,0,60,126
05/30/2021,CLL,TX,ASW,CE,Federal Contract Tower,0,10,45,0,55,0,2,51,0,53,0,12,96,0,108,60,0,60,168
05/31/2021,CLL,TX,ASW,CE,Federal Contract Tower,7,9,38,6,60,0,8,60,0,68,7,17,98,6,128,104,0,104,232
06/01/2021,CLL,TX,ASW,CE,Federal Contract Tower,0,15,21,25,61,0,5,47,3,55,0,20,68,28,116,86,0,86,202
06/02/2021,CLL,TX,ASW,CE,Federal Contract Tower,0,15,43,42,100,0,5,50,1,56,0,20,93,43,156,46,18,64,220
06/03/2021,CLL,TX,ASW,CE,Federal Contract Tower,0,21,26,6,53,0,5,32,4,41,0,26,58,10,94,28,0,28,122
06/04/2021,CLL,TX,ASW,CE,Federal Contract Tower,0,16,22,7,45,0,6,5,1,12,0,22,27,8,57,0,0,0,57
06/05/2021,CLL,TX,ASW,CE,Federal Contract Tower,1,10,19,4,34,0,2,25,0,27,1,12,44,4,61,20,0,20,81
06/06/2021,CLL,TX,ASW,CE,Federal Contract Tower,1,11,36,22,70,0,0,43,0,43,1,11,79,22,113,40,0,40,153
06/07/2021,CLL,TX,ASW,CE,Federal Contract Tower,3,17,21,8,49,0,6,19,0,25,3,23,40,8,74,26,0,26,100
06/08/2021,CLL,TX,ASW,CE,Federal Contract Tower,0,17,32,47,96,0,4,47,3,54,0,21,79,50,150,28,14,42,192
06/09/2021,CLL,TX,ASW,CE,Federal Contract Tower,0,17,35,49,101,0,4,69,9,82,0,21,104,58,183,72,6,78,261
06/10/2021,CLL,TX,ASW,CE,Federal Contract Tower,0,16,37,48,101,0,11,70,15,96,0,27,107,63,197,90,20,110,307
06/11/2021,CLL,TX,ASW,CE,Federal Contract Tower,0,17,31,34,82,0,2,85,10,97,0,19,116,44,179,38,8,46,225
06/12/2021,CLL,TX,ASW,CE,Federal Contract Tower,0,10,33,27,70,0,0,50,7,57,0,10,83,34,127,14,16,30,157
06/13/2021,CLL,TX,ASW,CE,Federal Contract Tower,2,15,21,17,55,0,0,74,5,79,2,15,95,22,134,46,16,62,196
06/14/2021,CLL,TX,ASW,CE,Federal Contract Tower,0,14,21,18,53,0,7,52,6,65,0,21,73,24,118,82,8,90,208
06/15/2021,CLL,TX,ASW,CE,Federal Contract Tower,0,20,38,26,84,0,6,58,8,72,0,26,96,34,156,32,4,36,192
06/16/2021,CLL,TX,ASW,CE,Federal Contract Tower,0,14,67,32,113,0,1,84,9,94,0,15,151,41,207,78,16,94,301
06/17/2021,CLL,TX,ASW,CE,Federal Contract Tower,0,25,37,42,104,0,14,67,9,90,0,39,104,51,194,18,16,34,228
06/18/2021,CLL,TX,ASW,CE,Federal Contract Tower,0,27,20,25,72,0,7,79,2,88,0,34,99,27,160,70,6,76,236
06/19/2021,CLL,TX,ASW,CE,Federal Contract Tower,0,11,16,26,53,0,6,67,5,78,0,17,83,31,131,2,28,30,161
06/20/2021,CLL,TX,ASW,CE,Federal Contract Tower,0,17,22,30,69,0,2,32,2,36,0,19,54,32,105,6,0,6,111
06/21/2021,CLL,TX,ASW,CE,Federal Contract Tower,0,14,20,14,48,0,0,9,5,14,0,14,29,19,62,0,12,12,74
06/22/2021,CLL,TX,ASW,CE,Federal Contract Tower,0,19,28,28,75,0,0,37,7,44,0,19,65,35,119,61,2,63,182
06/23/2021,CLL,TX,ASW,CE,Federal Contract Tower,0,12,32,74,118,0,5,72,12,89,0,17,104,86,207,102,8,110,317
06/24/2021,CLL,TX,ASW,CE,Federal Contract Tower,2,20,26,22,70,0,4,45,7,56,2,24,71,29,126,26,2,28,154
06/25/2021,CLL,TX,ASW,CE,Federal Contract Tower,0,18,20,52,90,0,8,65,14,87,0,26,85,66,177,8,6,14,191
06/26/2021,CLL,TX,ASW,CE,Federal Contract Tower,0,11,16,60,87,0,2,77,12,91,0,13,93,72,178,70,34,104,282
06/27/2021,CLL,TX,ASW,CE,Federal Contract Tower,0,15,16,10,41,0,4,13,1,18,0,19,29,11,59,26,6,32,91
06/28/2021,CLL,TX,ASW,CE,Federal Contract Tower,0,9,8,14,31,0,2,8,4,14,0,11,16,18,45,24,0,24,69
06/29/2021,CLL,TX,ASW,CE,Federal Contract Tower,0,18,18,3,39,0,1,7,0,8,0,19,25,3,47,14,0,14,61
06/30/2021,CLL,TX,ASW,CE,Federal Contract Tower,0,14,28,43,85,0,9,44,1,54,0,23,72,44,139,50,0,50,189
07/01/2021,CLL,TX,ASW,CE,Federal Contract Tower,0,16,39,58,113,0,0,74,11,85,0,16,113,69,198,42,0,42,240
07/02/2021,CLL,TX,ASW,CE,Federal Contract Tower,2,16,13,10,41,2,0,44,2,48,4,16,57,12,89,28,0,28,117
07/03/2021,CLL,TX,ASW,CE,Federal Contract Tower,0,11,3,0,14,0,4,5,0,9,0,15,8,0,23,2,0,2,25
07/04/2021,CLL,TX,ASW,CE,Federal Contract Tower,0,15,7,0,22,0,1,11,0,12,0,16,18,0,34,0,0,0,34
07/05/2021,CLL,TX,ASW,CE,Federal Contract Tower,0,15,32,0,47,0,3,22,0,25,0,18,54,0,72,22,0,22,94
07/06/2021,CLL,TX,ASW,CE,Federal Contract Tower,0,17,11,3,31,0,3,31,3,37,0,20,42,6,68,4,0,4,72
07/07/2021,CLL,TX,ASW,CE,Federal Contract Tower,0,15,27,4,46,0,4,78,2,84,0,19,105,6,130,86,0,86,216
07/08/2021,CLL,TX,ASW,CE,Federal Contract Tower,0,14,21,4,39,0,6,59,1,66,0,20,80,5,105,36,18,54,159
07/09/2021,CLL,TX,ASW,CE,Federal Contract Tower,0,17,15,1,33,0,18,1,0,19,0,35,16,1,52,0,0,0,52
07/10/2021,CLL,TX,ASW,CE,Federal Contract Tower,0,12,16,60,88,0,4,55,10,69,0,16,71,70,157,38,28,66,223
07/11/2021,CLL,TX,ASW,CE,Federal Contract Tower,0,17,28,23,68,0,4,35,0,39,0,21,63,23,107,30,0,30,137
07/12/2021,CLL,TX,ASW,CE,Federal Contract Tower,0,14,10,8,32,0,12,3,0,15,0,26,13,8,47,20,2,22,69
07/13/2021,CLL,TX,ASW,CE,Federal Contract Tower,0,7,13,8,28,0,2,24,5,31,0,9,37,13,59,42,0,42,101
07/14/2021,CLL,TX,ASW,CE,Federal Contract Tower,2,12,28,22,64,0,0,32,2,34,2,12,60,24,98,93,0,93,191
07/15/2021,CLL,TX,ASW,CE,Federal Contract Tower,0,21,30,25,76,0,2,44,4,50,0,23,74,29,126,66,8,74,200
07/16/2021,CLL,TX,ASW,CE,Federal Contract Tower,0,19,29,43,91,0,4,55,3,62,0,23,84,46,153,22,12,34,187
07/17/2021,CLL,TX,ASW,CE,Federal Contract Tower,0,13,20,56,89,0,4,84,27,115,0,17,104,83,204,38,26,64,268
07/18/2021,CLL,TX,ASW,CE,Federal Contract Tower,0,16,27,32,75,0,2,55,9,66,0,18,82,41,141,52,6,58,199
07/19/2021,CLL,TX,ASW,CE,Federal Contract Tower,0,8,26,6,40,0,4,31,2,37,0,12,57,8,77,34,0,34,111
07/20/2021,CLL,TX,ASW,CE,Federal Contract Tower,0,21,15,25,61,0,2,53,7,62,0,23,68,32,123,50,0,50,173
07/21/2021,CLL,TX,ASW,CE,Federal Contract Tower,0,14,32,32,78,0,3,57,4,64,0,17,89,36,142,58,14,72,214
07/22/2021,CLL,TX,ASW,CE,Federal Contract Tower,0,15,40,21,76,0,10,39,3,52,0,25,79,24,128,34,6,40,168
07/23/2021,CLL,TX,ASW,CE,Federal Contract Tower,0,16,33,57,106,0,11,69,10,90,0,27,102,67,196,2,0,2,198
07/24/2021,CLL,TX,ASW,CE,Federal Contract Tower,0,13,23,67,103,0,2,84,21,107,0,15,107,88,210,52,60,112,322
07/25/2021,CLL,TX,ASW,CE,Federal Contract Tower,0,19,16,25,60,0,0,82,3,85,0,19,98,28,145,28,26,54,199
07/26/2021,CLL,TX,ASW,CE,Federal Contract Tower,0,16,5,52,73,0,2,67,8,77,0,18,72,60,150,70,2,72,222
07/27/2021,CLL,TX,ASW,CE,Federal Contract Tower,0,13,21,50,84,0,4,71,12,87,0,17,92,62,171,48,46,94,265
07/28/2021,CLL,TX,ASW,CE,Federal Contract Tower,0,23,37,46,106,0,10,76,5,91,0,33,113,51,197,96,16,112,309
07/29/2021,CLL,TX,ASW,CE,Federal Contract Tower,0,16,31,35,82,0,4,79,5,88,0,20,110,40,170,46,26,72,242
07/30/2021,CLL,TX,ASW,CE,Federal Contract Tower,0,15,32,27,74,0,4,65,4,73,0,19,97,31,147,64,8,72,219
07/31/2021,CLL,TX,ASW,CE,Federal Contract Tower,0,13,23,32,68,0,13,65,11,89,0,26,88,43,157,84,22,106,263
08/01/2021,CLL,TX,ASW,CE,Federal Contract Tower,5,11,13,27,56,0,0,51,3,54,5,11,64,30,110,58,0,58,168
08/02/2021,CLL,TX,ASW,CE,Federal Contract Tower,0,14,12,0,26,0,12,3,0,15,0,26,15,0,41,6,0,6,47
08/03/2021,CLL,TX,ASW,CE,Federal Contract Tower,0,11,44,29,84,0,0,37,7,44,0,11,81,36,128,48,14,62,190
08/04/2021,CLL,TX,ASW,CE,Federal Contract Tower,0,12,33,18,63,0,2,63,13,78,0,14,96,31,141,26,10,36,177
08/05/2021,CLL,TX,ASW,CE,Federal Contract Tower,0,9,16,8,33,0,4,55,4,63,0,13,71,12,96,28,0,28,124
08/06/2021,CLL,TX,ASW,CE,Federal Contract Tower,0,12,24,17,53,0,0,53,6,59,0,12,77,23,112,40,0,40,152
08/07/2021,CLL,TX,ASW,CE,Federal Contract Tower,0,18,16,5,39,0,5,53,7,65,0,23,69,12,104,72,2,74,178
08/08/2021,CLL,TX,ASW,CE,Federal Contract Tower,0,11,25,42,78,0,4,50,1,55,0,15,75,43,133,52,4,56,189
08/09/2021,CLL,TX,ASW,CE,Federal Contract Tower,0,16,44,74,134,0,2,38,7,47,0,18,82,81,181,30,4,34,215
08/10/2021,CLL,TX,ASW,CE,Federal Contract Tower,0,12,37,26,75,0,1,53,8,62,0,13,90,34,137,50,6,56,193
08/11/2021,CLL,TX,ASW,CE,Federal Contract Tower,0,20,28,43,91,0,2,49,9,60,0,22,77,52,151,74,30,104,255
08/12/2021,CLL,TX,ASW,CE,Federal Contract Tower,0,17,33,38,88,0,2,48,7,57,0,19,81,45,145,46,4,50,195
08/13/2021,CLL,TX,ASW,CE,Federal Contract Tower,0,15,33,36,84,0,4,55,11,70,0,19,88,47,154,68,14,82,236
08/14/2021,CLL,TX,ASW,CE,Federal Contract Tower,3,9,10,34,56,0,2,69,14,85,3,11,79,48,141,32,22,54,195
08/15/2021,CLL,TX,ASW,CE,Federal Contract Tower,1,13,16,0,30,0,4,20,0,24,1,17,36,0,54,18,0,18,72
08/16/2021,CLL,TX,ASW,CE,Federal Contract Tower,2,17,19,17,55,0,2,40,3,45,2,19,59,20,100,54,4,58,158
08/17/2021,CLL,TX,ASW,CE,Federal Contract Tower,0,11,37,24,72,0,4,29,1,34,0,15,66,25,106,24,8,32,138
08/18/2021,CLL,TX,ASW,CE,Federal Contract Tower,0,11,23,0,34,0,0,13,2,15,0,11,36,2,49,18,0,18,67
08/19/2021,CLL,TX,ASW,CE,Federal Contract Tower,0,21,29,53,103,0,0,63,9,72,0,21,92,62,175,40,16,56,231
08/20/2021,CLL,TX,ASW,CE,Federal Contract Tower,0,14,41,54,109,0,6,78,5,89,0,20,119,59,198,62,10,72,270
08/21/2021,CLL,TX,ASW,CE,Federal Contract Tower,0,10,24,6,40,0,2,54,10,66,0,12,78,16,106,22,4,26,132
08/22/2021,CLL,TX,ASW,CE,Federal Contract Tower,0,14,25,29,68,0,4,59,5,68,0,18,84,34,136,88,0,88,224
08/23/2021,CLL,TX,ASW,CE,Federal Contract Tower,0,12,18,53,83,0,10,45,9,64,0,22,63,62,147,34,18,52,199
08/24/2021,CLL,TX,ASW,CE,Federal Contract Tower,0,19,21,34,74,0,2,60,15,77,0,21,81,49,151,58,26,84,235
08/25/2021,CLL,TX,ASW,CE,Federal Contract Tower,0,12,28,50,90,0,3,31,12,46,0,15,59,62,136,26,12,38,174
08/26/2021,CLL,TX,ASW,CE,Federal Contract Tower,0,13,28,25,66,0,6,49,14,69,0,19,77,39,135,32,26,58,193
08/27/2021,CLL,TX,ASW,CE,Federal Contract Tower,0,10,40,12,62,0,2,27,2,31,0,12,67,14,93,8,4,12,105
08/28/2021,CLL,TX,ASW,CE,Federal Contract Tower,0,7,14,21,42,0,3,58,0,61,0,10,72,21,103,52,0,52,155
08/29/2021,CLL,TX,ASW,CE,Federal Contract Tower,0,15,35,52,102,0,0,36,2,38,0,15,71,54,140,12,4,16,156
08/30/2021,CLL,TX,ASW,CE,Federal Contract Tower,0,16,12,67,95,0,5,81,15,101,0,21,93,82,196,26,6,32,228
08/31/2021,CLL,TX,ASW,CE,Federal Contract Tower,0,10,20,47,77,0,7,46,7,60,0,17,66,54,137,60,12,72,209
09/01/2021,CLL,TX,ASW,CE,Federal Contract Tower,2,11,21,35,69,0,5,42,8,55,2,16,63,43,124,54,10,64,188
09/02/2021,CLL,TX,ASW,CE,Federal Contract Tower,0,13,15,18,46,0,9,53,18,80,0,22,68,36,126,54,6,60,186
09/03/2021,CLL,TX,ASW,CE,Federal Contract Tower,1,15,20,14,50,0,4,51,6,61,1,19,71,20,111,20,12,32,143
09/04/2021,CLL,TX,ASW,CE,Federal Contract Tower,1,12,44,0,57,0,4,69,10,83,1,16,113,10,140,58,0,58,198
09/05/2021,CLL,TX,ASW,CE,Federal Contract Tower,0,10,30,11,51,0,4,71,9,84,0,14,101,20,135,28,20,48,183
09/06/2021,CLL,TX,ASW,CE,Federal Contract Tower,2,14,27,2,45,0,8,66,1,75,2,22,93,3,120,14,0,14,134
09/07/2021,CLL,TX,ASW,CE,Federal Contract Tower,0,12,17,42,71,0,6,60,9,75,0,18,77,51,146,42,10,52,198
09/08/2021,CLL,TX,ASW,CE,Federal Contract Tower,0,16,39,43,98,0,5,59,7,71,0,21,98,50,169,22,10,32,201
09/09/2021,CLL,TX,ASW,CE,Federal Contract Tower,2,19,28,21,70,0,6,75,17,98,2,25,103,38,168,42,20,62,230
09/10/2021,CLL,TX,ASW,CE,Federal Contract Tower,5,18,32,8,63,0,6,82,8,96,5,24,114,16,159,50,8,58,217
09/11/2021,CLL,TX,ASW,CE,Federal Contract Tower,0,21,14,3,38,0,5,121,3,129,0,26,135,6,167,34,0,34,201
09/12/2021,CLL,TX,ASW,CE,Federal Contract Tower,0,16,24,11,51,0,8,97,6,111,0,24,121,17,162,26,2,28,190
09/13/2021,CLL,TX,ASW,CE,Federal Contract Tower,0,18,10,0,28,0,13,12,2,27,0,31,22,2,55,12,0,12,67
09/14/2021,CLL,TX,ASW,CE,Federal Contract Tower,0,16,21,22,59,0,0,7,0,7,0,16,28,22,66,12,0,12,78
09/15/2021,CLL,TX,ASW,CE,Federal Contract Tower,0,16,38,79,133,0,6,36,13,55,0,22,74,92,188,48,16,64,252
09/16/2021,CLL,TX,ASW,CE,Federal Contract Tower,0,28,57,63,148,0,3,49,17,69,0,31,106,80,217,32,18,50,267
09/17/2021,CLL,TX,ASW,CE,Federal Contract Tower,1,27,48,35,111,0,2,72,9,83,1,29,120,44,194,64,16,80,274
09/18/2021,CLL,TX,ASW,CE,Federal Contract Tower,1,24,47,7,79,0,8,60,3,71,1,32,107,10,150,0,6,6,156
09/19/2021,CLL,TX,ASW,CE,Federal Contract Tower,0,19,33,19,71,0,16,61,5,82,0,35,94,24,153,54,4,58,211
09/20/2021,CLL,TX,ASW,CE,Federal Contract Tower,0,17,30,32,79,0,5,53,7,65,0,22,83,39,144,10,8,18,162
09/21/2021,CLL,TX,ASW,CE,Federal Contract Tower,0,15,23,9,47,0,8,27,7,42,0,23,50,16,89,16,0,16,105
09/22/2021,CLL,TX,ASW,CE,Federal Contract Tower,0,14,41,31,86,0,17,76,9,102,0,31,117,40,188,38,16,54,242
09/23/2021,CLL,TX,ASW,CE,Federal Contract Tower,0,20,45,20,85,0,16,107,15,138,0,36,152,35,223,80,12,92,315
09/24/2021,CLL,TX,ASW,CE,Federal Contract Tower,0,14,30,10,54,0,6,80,9,95,0,20,110,19,149,78,6,84,233
09/25/2021,CLL,TX,ASW,CE,Federal Contract Tower,0,14,22,6,42,0,4,90,0,94,0,18,112,6,136,68,0,68,204
09/26/2021,CLL,TX,ASW,CE,Federal Contract Tower,0,19,25,0,44,0,16,102,0,118,0,35,127,0,162,0,0,0,162
09/27/2021,CLL,TX,ASW,CE,Federal Contract Tower,0,19,28,66,113,0,7,58,11,76,0,26,86,77,189,82,22,104,293
09/28/2021,CLL,TX,ASW,CE,Federal Contract Tower,2,20,36,55,113,0,6,44,8,58,2,26,80,63,171,78,14,92,263
09/29/2021,CLL,TX,ASW,CE,Federal Contract Tower,0,17,45,22,84,0,0,55,2,57,0,17,100,24,141,48,10,58,199
09/30/2021,CLL,TX,ASW,CE,Federal Contract Tower,0,17,53,0,70,0,6,33,1,40,0,23,86,1,110,56,6,62,172
10/01/2021,CLL,TX,ASW,CE,Federal Contract Tower,2,13,24,2,41,0,0,15,0,15,2,13,39,2,56,26,0,26,82
10/02/2021,CLL,TX,ASW,CE,Federal Contract Tower,2,23,42,7,74,0,18,16,8,42,2,41,58,15,116,0,0,0,116
10/03/2021,CLL,TX,ASW,CE,Federal Contract Tower,0,20,38,2,60,0,73,11,0,84,0,93,49,2,144,8,0,8,152
10/04/2021,CLL,TX,ASW,CE,Federal Contract Tower,0,18,39,42,99,0,3,61,2,66,0,21,100,44,165,32,20,52,217
10/05/2021,CLL,TX,ASW,CE,Federal Contract Tower,0,17,25,67,109,0,8,78,4,90,0,25,103,71,199,58,8,66,265
10/06/2021,CLL,TX,ASW,CE,Federal Contract Tower,0,19,22,19,60,0,6,79,13,98,0,25,101,32,158,46,18,64,222
10/07/2021,CLL,TX,ASW,CE,Federal Contract Tower,0,22,27,35,84,0,0,74,9,83,0,22,101,44,167,78,20,98,265
10/08/2021,CLL,TX,ASW,CE,Federal Contract Tower,2,15,61,30,108,0,5,107,9,121,2,20,168,39,229,28,8,36,265
10/09/2021,CLL,TX,ASW,CE,Federal Contract Tower,3,37,133,3,176,0,16,67,5,88,3,53,200,8,264,8,6,14,278
10/10/2021,CLL,TX,ASW,CE,Federal Contract Tower,2,26,88,2,118,0,0,58,1,59,2,26,146,3,177,0,0,0,177
10/12/2021,CLL,TX,ASW,CE,Federal Contract Tower,0,13,12,0,25,0,0,44,4,48,0,13,56,4,73,44,4,48,121
10/13/2021,CLL,TX,ASW,CE,Federal Contract Tower,0,17,30,46,93,0,2,45,10,57,0,19,75,56,150,72,12,84,234
10/14/2021,CLL,TX,ASW,CE,Federal Contract Tower,3,14,48,11,76,0,6,40,0,46,3,20,88,11,122,102,0,102,224
10/15/2021,CLL,TX,ASW,CE,Federal Contract Tower,0,14,43,59,116,0,2,42,1,45,0,16,85,60,161,52,26,78,239
10/16/2021,CLL,TX,ASW,CE,Federal Contract Tower,5,12,33,57,107,0,7,47,4,58,5,19,80,61,165,26,34,60,225
10/17/2021,CLL,TX,ASW,CE,Federal Contract Tower,1,15,42,41,99,0,4,90,3,97,1,19,132,44,196,56,4,60,256
10/18/2021,CLL,TX,ASW,CE,Federal Contract Tower,0,15,26,43,84,0,2,71,7,80,0,17,97,50,164,38,40,78,242
10/19/2021,CLL,TX,ASW,CE,Federal Contract Tower,0,18,23,76,117,0,1,65,9,75,0,19,88,85,192,70,36,106,298
10/20/2021,CLL,TX,ASW,CE,Federal Contract Tower,0,14,36,29,79,0,5,58,5,68,0,19,94,34,147,110,6,116,263
10/21/2021,CLL,TX,ASW,CE,Federal Contract Tower,0,15,37,69,121,0,8,42,15,65,0,23,79,84,186,20,38,58,244
10/22/2021,CLL,TX,ASW,CE,Federal Contract Tower,1,15,64,39,119,0,2,94,12,108,1,17,158,51,227,0,10,10,237
10/23/2021,CLL,TX,ASW,CE,Federal Contract Tower,1,24,82,0,107,0,10,44,2,56,1,34,126,2,163,6,0,6,169
10/24/2021,CLL,TX,ASW,CE,Federal Contract Tower,0,23,84,25,132,0,1,66,4,71,0,24,150,29,203,6,0,6,209
10/25/2021,CLL,TX,ASW,CE,Federal Contract Tower,0,17,34,32,83,0,3,62,7,72,0,20,96,39,155,36,10,46,201
10/26/2021,CLL,TX,ASW,CE,Federal Contract Tower,0,15,43,70,128,0,2,46,4,52,0,17,89,74,180,26,24,50,230
10/27/2021,CLL,TX,ASW,CE,Federal Contract Tower,0,25,37,29,91,0,3,33,5,41,0,28,70,34,132,14,28,42,174
10/28/2021,CLL,TX,ASW,CE,Federal Contract Tower,0,25,37,52,114,0,2,24,14,40,0,27,61,66,154,0,48,48,202
10/29/2021,CLL,TX,ASW,CE,Federal Contract Tower,0,20,25,74,119,0,8,41,11,60,0,28,66,85,179,20,26,46,225
10/30/2021,CLL,TX,ASW,CE,Federal Contract Tower,0,11,11,18,40,0,6,82,7,95,0,17,93,25,135,26,4,30,165
10/31/2021,CLL,TX,ASW,CE,Federal Contract Tower,0,13,18,4,35,0,6,80,9,95,0,19,98,13,130,32,12,44,174
11/01/2021,CLL,TX,ASW,CE,Federal Contract Tower,0,10,16,39,65,0,2,72,7,81,0,12,88,46,146,30,14,44,190
11/02/2021,CLL,TX,ASW,CE,Federal Contract Tower,0,14,17,63,94,0,2,42,8,52,0,16,59,71,146,38,28,66,212
11/03/2021,CLL,TX,ASW,CE,Federal Contract Tower,0,10,15,0,25,0,1,1,0,2,0,11,16,0,27,0,0,0,27
11/04/2021,CLL,TX,ASW,CE,Federal Contract Tower,0,13,67,32,112,0,1,30,0,31,0,14,97,32,143,22,0,22,165
11/05/2021,CLL,TX,ASW,CE,Federal Contract Tower,1,20,76,61,158,0,6,98,22,126,1,26,174,83,284,28,22,50,334
11/06/2021,CLL,TX,ASW,CE,Federal Contract Tower,0,17,123,4,144,0,3,80,6,89,0,20,203,10,233,6,0,6,239
11/07/2021,CLL,TX,ASW,CE,Federal Contract Tower,0,13,83,62,158,0,2,85,14,101,0,15,168,76,259,36,12,48,307
11/08/2021,CLL,TX,ASW,CE,Federal Contract Tower,0,18,14,44,76,0,4,75,4,83,0,22,89,48,159,64,18,82,241
11/09/2021,CLL,TX,ASW,CE,Federal Contract Tower,0,12,19,43,74,0,1,69,9,79,0,13,88,52,153,48,36,84,237
11/10/2021,CLL,TX,ASW,CE,Federal Contract Tower,0,17,35,23,75,0,0,50,4,54,0,17,85,27,129,20,12,32,161
11/11/2021,CLL,TX,ASW,CE,Federal Contract Tower,2,19,61,4,86,0,4,70,2,76,2,23,131,6,162,50,30,80,242
11/12/2021,CLL,TX,ASW,CE,Federal Contract Tower,1,12,46,35,94,0,0,96,16,112,1,12,142,51,206,20,14,34,240
11/13/2021,CLL,TX,ASW,CE,Federal Contract Tower,2,16,16,32,66,0,8,126,4,138,2,24,142,36,204,26,14,40,244
11/14/2021,CLL,TX,ASW,CE,Federal Contract Tower,0,13,34,18,65,0,6,102,6,114,0,19,136,24,179,30,12,42,221
11/16/2021,CLL,TX,ASW,CE,Federal Contract Tower,0,18,38,42,98,0,2,64,0,66,0,20,102,42,164,6,0,6,170
11/17/2021,CLL,TX,ASW,CE,Federal Contract Tower,0,16,38,39,93,0,4,54,8,66,0,20,92,47,159,54,8,62,221
11/18/2021,CLL,TX,ASW,CE,Federal Contract Tower,0,18,47,63,128,0,21,68,7,96,0,39,115,70,224,28,14,42,266
11/19/2021,CLL,TX,ASW,CE,Federal Contract Tower,0,18,39,42,99,0,4,83,13,100,0,22,122,55,199,50,28,78,277
11/20/2021,CLL,TX,ASW,CE,Federal Contract Tower,2,19,65,5,91,0,0,26,2,28,2,19,91,7,119,0,0,0,119
11/21/2021,CLL,TX,ASW,CE,Federal Contract Tower,0,16,45,14,75,0,2,23,2,27,0,18,68,16,102,30,0,30,132
11/22/2021,CLL,TX,ASW,CE,Federal Contract Tower,0,13,56,51,120,0,3,101,27,131,0,16,157,78,251,54,28,82,333
11/23/2021,CLL,TX,ASW,CE,Federal Contract Tower,0,17,43,41,101,0,4,85,15,104,0,21,128,56,205,52,46,98,303
11/24/2021,CLL,TX,ASW,CE,Federal Contract Tower,0,16,34,20,70,0,7,29,6,42,0,23,63,26,112,24,0,24,136
11/25/2021,CLL,TX,ASW,CE,Federal Contract Tower,2,10,9,0,21,0,1,1,0,2,2,11,10,0,23,0,0,0,23
11/26/2021,CLL,TX,ASW,CE,Federal Contract Tower,0,8,12,0,20,0,8,53,0,61,0,16,65,0,81,34,0,34,115
11/27/2021,CLL,TX,ASW,CE,Federal Contract Tower,0,22,39,0,61,0,2,9,0,11,0,24,48,0,72,24,0,24,96
11/28/2021,CLL,TX,ASW,CE,Federal Contract Tower,0,15,47,0,62,0,1,41,0,42,0,16,88,0,104,26,0,26,130
11/29/2021,CLL,TX,ASW,CE,Federal Contract Tower,0,15,25,32,72,0,2,52,5,59,0,17,77,37,131,40,16,56,187
11/30/2021,CLL,TX,ASW,CE,Federal Contract Tower,0,12,28,34,74,0,54,14,0,68,0,66,42,34,142,26,16,42,184
12/01/2021,CLL,TX,ASW,CE,Federal Contract Tower,0,15,29,64,108,0,2,71,8,81,0,17,100,72,189,58,8,66,255
12/02/2021,CLL,TX,ASW,CE,Federal Contract Tower,0,17,33,24,74,0,0,38,1,39,0,17,71,25,113,8,6,14,127
12/03/2021,CLL,TX,ASW,CE,Federal Contract Tower,1,16,37,13,67,0,4,26,1,31,1,20,63,14,98,48,6,54,152
12/04/2021,CLL,TX,ASW,CE,Federal Contract Tower,0,14,31,14,59,0,0,41,3,44,0,14,72,17,103,44,16,60,163
12/05/2021,CLL,TX,ASW,CE,Federal Contract Tower,0,9,33,17,59,0,3,25,0,28,0,12,58,17,87,30,0,30,117
12/06/2021,CLL,TX,ASW,CE,Federal Contract Tower,0,12,27,18,57,0,12,30,0,42,0,24,57,18,99,24,2,26,125
12/07/2021,CLL,TX,ASW,CE,Federal Contract Tower,0,14,18,65,97,0,4,75,19,98,0,18,93,84,195,68,38,106,301
12/08/2021,CLL,TX,ASW,CE,Federal Contract Tower,0,14,49,68,131,0,0,37,9,46,0,14,86,77,177,40,58,98,275
12/09/2021,CLL,TX,ASW,CE,Federal Contract Tower,0,15,54,42,111,0,1,39,11,51,0,16,93,53,162,62,36,98,260
12/10/2021,CLL,TX,ASW,CE,Federal Contract Tower,0,13,42,28,83,0,3,48,6,57,0,16,90,34,140,54,20,74,214
12/11/2021,CLL,TX,ASW,CE,Federal Contract Tower,0,11,34,30,75,0,6,51,2,59,0,17,85,32,134,16,2,18,152
12/12/2021,CLL,TX,ASW,CE,Federal Contract Tower,0,12,21,37,70,0,2,84,2,88,0,14,105,39,158,36,8,44,202
12/13/2021,CLL,TX,ASW,CE,Federal Contract Tower,0,11,29,34,74,0,4,35,5,44,0,15,64,39,118,54,12,66,184
12/14/2021,CLL,TX,ASW,CE,Federal Contract Tower,0,18,23,37,78,0,3,25,3,31,0,21,48,40,109,50,0,50,159
12/15/2021,CLL,TX,ASW,CE,Federal Contract Tower,0,15,48,40,103,0,4,30,4,38,0,19,78,44,141,18,18,36,177
12/16/2021,CLL,TX,ASW,CE,Federal Contract Tower,1,12,33,57,103,0,0,41,6,47,1,12,74,63,150,32,10,42,192
12/17/2021,CLL,TX,ASW,CE,Federal Contract Tower,0,14,27,33,74,0,0,39,2,41,0,14,66,35,115,68,14,82,197
12/18/2021,CLL,TX,ASW,CE,Federal Contract Tower,0,7,11,0,18,0,1,7,0,8,0,8,18,0,26,2,0,2,28
12/19/2021,CLL,TX,ASW,CE,Federal Contract Tower,0,12,12,21,45,0,2,63,2,67,0,14,75,23,112,12,0,12,124
12/20/2021,CLL,TX,ASW,CE,Federal Contract Tower,0,7,22,32,61,0,54,6,0,60,0,61,28,32,121,14,18,32,153
12/21/2021,CLL,TX,ASW,CE,Federal Contract Tower,0,9,19,42,70,0,4,78,12,94,0,13,97,54,164,26,22,48,212
12/22/2021,CLL,TX,ASW,CE,Federal Contract Tower,0,12,20,36,68,0,4,115,4,123,0,16,135,40,191,30,6,36,227
12/23/2021,CLL,TX,ASW,CE,Federal Contract Tower,0,15,32,0,47,0,4,34,0,38,0,19,66,0,85,16,0,16,101
12/24/2021,CLL,TX,ASW,CE,Federal Contract Tower,0,4,6,0,10,0,6,19,0,25,0,10,25,0,35,0,0,0,35
12/25/2021,CLL,TX,ASW,CE,Federal Contract Tower,0,6,0,0,6,0,3,6,0,9,0,9,6,0,15,4,0,4,19
12/26/2021,CLL,TX,ASW,CE,Federal Contract Tower,0,5,8,0,13,0,2,18,0,20,0,7,26,0,33,14,0,14,47
12/27/2021,CLL,TX,ASW,CE,Federal Contract Tower,0,7,32,20,59,0,7,30,0,37,0,14,62,20,96,18,0,18,114
12/28/2021,CLL,TX,ASW,CE,Federal Contract Tower,0,9,23,26,58,0,2,22,5,29,0,11,45,31,87,6,14,20,107
12/29/2021,CLL,TX,ASW,CE,Federal Contract Tower,0,7,24,23,54,0,1,33,1,35,0,8,57,24,89,78,0,78,167
12/30/2021,CLL,TX,ASW,CE,Federal Contract Tower,0,12,38,2,52,0,1,48,0,49,0,13,86,2,101,24,0,24,125
12/31/2021,CLL,TX,ASW,CE,Federal Contract Tower,0,4,14,0,18,0,12,21,0,33,0,16,35,0,51,34,0,34,85
01/01/2022,CLL,TX,ASW,CE,Federal Contract Tower,0,6,19,0,25,0,4,7,0,11,0,10,26,0,36,0,0,0,36
01/02/2022,CLL,TX,ASW,CE,Federal Contract Tower,0,9,6,0,15,0,0,15,0,15,0,9,21,0,30,6,0,6,36
01/03/2022,CLL,TX,ASW,CE,Federal Contract Tower,2,11,23,3,39,0,2,63,3,68,2,13,86,6,107,6,2,8,115
01/04/2022,CLL,TX,ASW,CE,Federal Contract Tower,0,11,22,18,51,0,2,77,4,83,0,13,99,22,134,18,14,32,166
01/05/2022,CLL,TX,ASW,CE,Federal Contract Tower,1,11,30,79,121,0,3,69,23,95,1,14,99,102,216,40,48,88,304
01/06/2022,CLL,TX,ASW,CE,Federal Contract Tower,0,22,37,50,109,0,1,85,4,90,0,23,122,54,199,16,26,42,241
01/07/2022,CLL,TX,ASW,CE,Federal Contract Tower,1,14,34,53,102,0,49,1,0,50,1,63,35,53,152,50,20,70,222
01/08/2022,CLL,TX,ASW,CE,Federal Contract Tower,3,7,18,0,28,0,0,1,0,1,3,7,19,0,29,0,0,0,29
01/09/2022,CLL,TX,ASW,CE,Federal Contract Tower,2,19,43,0,64,0,5,20,0,25,2,24,63,0,89,24,0,24,113
01/10/2022,CLL,TX,ASW,CE,Federal Contract Tower,0,10,23,35,68,0,5,55,20,80,0,15,78,55,148,36,22,58,206
01/11/2022,CLL,TX,ASW,CE,Federal Contract Tower,0,10,32,28,70,0,3,63,2,68,0,13,95,30,138,60,6,66,204
01/12/2022,CLL,TX,ASW,CE,Federal Contract Tower,0,11,35,49,95,0,3,69,7,79,0,14,104,56,174,106,12,118,292
01/13/2022,CLL,TX,ASW,CE,Federal Contract Tower,0,8,33,64,105,0,2,83,13,98,0,10,116,77,203,50,16,66,269
01/14/2022,CLL,TX,ASW,CE,Federal Contract Tower,1,8,21,54,84,0,4,84,10,98,1,12,105,64,182,40,20,60,242
01/15/2022,CLL,TX,ASW,CE,Federal Contract Tower,1,5,11,16,33,0,0,4,1,5,1,5,15,17,38,0,2,2,40
01/16/2022,CLL,TX,ASW,CE,Federal Contract Tower,0,9,21,24,54,0,7,92,0,99,0,16,113,24,153,40,0,40,193
01/17/2022,CLL,TX,ASW,CE,Federal Contract Tower,0,10,46,2,58,0,2,125,6,133,0,12,171,8,191,32,0,32,223
01/18/2022,CLL,TX,ASW,CE,Federal Contract Tower,1,7,22,52,82,0,4,66,6,76,1,11,88,58,158,52,36,88,246
01/19/2022,CLL,TX,ASW,CE,Federal Contract Tower,0,9,41,19,69,0,0,37,0,37,0,9,78,19,106,66,0,66,172
01/20/2022,CLL,TX,ASW,CE,Federal Contract Tower,0,20,15,4,39,0,0,12,0,12,0,20,27,4,51,0,0,0,51
01/21/2022,CLL,TX,ASW,CE,Federal Contract Tower,2,12,31,68,113,0,2,72,16,90,2,14,103,84,203,6,32,38,241
01/22/2022,CLL,TX,ASW,CE,Federal Contract Tower,0,6,22,67,95,0,1,118,6,125,0,7,140,73,220,66,32,98,318
01/23/2022,CLL,TX,ASW,CE,Federal Contract Tower,1,10,11,22,44,0,3,75,0,78,1,13,86,22,122,20,0,20,142
01/24/2022,CLL,TX,ASW,CE,Federal Contract Tower,0,7,17,22,46,0,1,1,0,2,0,8,18,22,48,0,0,0,48
01/25/2022,CLL,TX,ASW,CE,Federal Contract Tower,2,9,53,35,99,0,3,28,4,35,2,12,81,39,134,36,0,36,170
01/26/2022,CLL,TX,ASW,CE,Federal Contract Tower,0,14,34,69,117,0,0,74,10,84,0,14,108,79,201,32,22,54,255
01/27/2022,CLL,TX,ASW,CE,Federal Contract Tower,0,9,42,97,148,0,2,87,18,107,0,11,129,115,255,60,16,76,331
01/28/2022,CLL,TX,ASW,CE,Federal Contract Tower,0,15,31,85,131,0,3,96,11,110,0,18,127,96,241,40,36,76,317
01/29/2022,CLL,TX,ASW,CE,Federal Contract Tower,2,10,25,73,110,0,0,94,25,119,2,10,119,98,229,76,34,110,339
01/30/2022,CLL,TX,ASW,CE,Federal Contract Tower,1,13,26,34,74,0,2,89,4,95,1,15,115,38,169,38,4,42,211
01/31/2022,CLL,TX,ASW,CE,Federal Contract Tower,1,10,6,0,17,0,0,0,0,0,1,10,6,0,17,0,0,0,17
02/01/2022,CLL,TX,ASW,CE,Federal Contract Tower,0,8,61,42,111,0,0,29,3,32,0,8,90,45,143,2,6,8,151
02/02/2022,CLL,TX,ASW,CE,Federal Contract Tower,0,7,13,12,32,0,0,0,0,0,0,7,13,12,32,0,0,0,32
02/03/2022,CLL,TX,ASW,CE,Federal Contract Tower,0,1,5,0,6,0,0,0,0,0,0,1,5,0,6,0,0,0,6
02/04/2022,CLL,TX,ASW,CE,Federal Contract Tower,1,8,13,112,134,0,3,32,1,36,1,11,45,113,170,8,22,30,200
02/05/2022,CLL,TX,ASW,CE,Federal Contract Tower,1,8,21,38,68,0,8,110,13,131,1,16,131,51,199,62,72,134,333
02/06/2022,CLL,TX,ASW,CE,Federal Contract Tower,1,16,47,17,81,0,1,87,1,89,1,17,134,18,170,60,0,60,230
02/07/2022,CLL,TX,ASW,CE,Federal Contract Tower,2,19,30,53,104,0,8,78,11,97,2,27,108,64,201,38,28,66,267
02/08/2022,CLL,TX,ASW,CE,Federal Contract Tower,1,13,25,46,85,0,3,75,7,85,1,16,100,53,170,54,12,66,236
02/09/2022,CLL,TX,ASW,CE,Federal Contract Tower,1,10,25,48,84,0,7,60,13,80,1,17,85,61,164,54,18,72,236
02/10/2022,CLL,TX,ASW,CE,Federal Contract Tower,1,14,43,41,99,0,4,86,9,99,1,18,129,50,198,38,12,50,248
02/11/2022,CLL,TX,ASW,CE,Federal Contract Tower,2,13,32,48,95,0,3,89,17,109,2,16,121,65,204,42,38,80,284
02/12/2022,CLL,TX,ASW,CE,Federal Contract Tower,3,7,7,16,33,0,3,12,3,18,3,10,19,19,51,16,12,28,79
02/13/2022,CLL,TX,ASW,CE,Federal Contract Tower,4,13,16,46,79,0,8,100,9,117,4,21,116,55,196,56,2,58,254
02/14/2022,CLL,TX,ASW,CE,Federal Contract Tower,2,10,20,35,67,0,6,102,14,122,2,16,122,49,189,60,12,72,261
02/15/2022,CLL,TX,ASW,CE,Federal Contract Tower,1,11,28,47,87,0,10,49,7,66,1,21,77,54,153,18,0,18,171
02/16/2022,CLL,TX,ASW,CE,Federal Contract Tower,2,14,41,51,108,0,4,21,7,32,2,18,62,58,140,40,2,42,182
02/17/2022,CLL,TX,ASW,CE,Federal Contract Tower,1,8,30,39,78,0,7,43,5,55,1,15,73,44,133,15,10,25,158
02/18/2022,CLL,TX,ASW,CE,Federal Contract Tower,1,18,46,31,96,0,2,91,12,105,1,20,137,43,201,78,12,90,291
02/19/2022,CLL,TX,ASW,CE,Federal Contract Tower,0,8,11,29,48,0,2,98,0,100,0,10,109,29,148,22,0,22,170
02/20/2022,CLL,TX,ASW,CE,Federal Contract Tower,2,10,19,18,49,0,4,81,1,86,2,14,100,19,135,52,4,56,191
02/21/2022,CLL,TX,ASW,CE,Federal Contract Tower,0,12,27,16,55,0,1,22,6,29,0,13,49,22,84,4,24,28,112
02/22/2022,CLL,TX,ASW,CE,Federal Contract Tower,0,13,44,24,81,0,3,51,3,57,0,16,95,27,138,40,2,42,180
02/23/2022,CLL,TX,ASW,CE,Federal Contract Tower,5,4,22,22,53,0,0,13,1,14,5,4,35,23,67,28,6,34,101
02/24/2022,CLL,TX,ASW,CE,Federal Contract Tower,3,7,25,10,45,0,0,0,0,0,3,7,25,10,45,0,0,0,45
02/25/2022,CLL,TX,ASW,CE,Federal Contract Tower,3,14,59,74,150,0,2,12,8,22,3,16,71,82,172,24,10,34,206
02/26/2022,CLL,TX,ASW,CE,Federal Contract Tower,4,14,27,0,45,0,0,0,0,0,4,14,27,0,45,0,0,0,45
02/27/2022,CLL,TX,ASW,CE,Federal Contract Tower,0,11,41,31,83,0,1,87,10,98,0,12,128,41,181,62,16,78,259
02/28/2022,CLL,TX,ASW,CE,Federal Contract Tower,0,12,48,38,98,0,2,82,13,97,0,14,130,51,195,28,2,30,225
03/01/2022,CLL,TX,ASW,CE,Federal Contract Tower,2,7,22,36,67,0,1,116,5,122,2,8,138,41,189,76,18,94,283
03/02/2022,CLL,TX,ASW,CE,Federal Contract Tower,0,11,33,51,95,0,6,70,22,98,0,17,103,73,193,62,8,70,263
03/03/2022,CLL,TX,ASW,CE,Federal Contract Tower,1,10,45,34,90,0,12,83,22,117,1,22,128,56,207,66,16,82,289
03/04/2022,CLL,TX,ASW,CE,Federal Contract Tower,0,14,30,73,117,0,6,53,7,66,0,20,83,80,183,10,6,16,199
03/05/2022,CLL,TX,ASW,CE,Federal Contract Tower,0,5,30,35,70,0,3,47,1,51,0,8,77,36,121,12,12,24,145
03/06/2022,CLL,TX,ASW,CE,Federal Contract Tower,0,13,25,48,86,0,4,19,8,31,0,17,44,56,117,0,24,24,141
03/07/2022,CLL,TX,ASW,CE,Federal Contract Tower,0,11,27,68,106,0,0,52,7,59,0,11,79,75,165,56,28,84,249
03/08/2022,CLL,TX,ASW,CE,Federal Contract Tower,2,9,13,16,40,0,0,0,0,0,2,9,13,16,40,0,0,0,40
03/09/2022,CLL,TX,ASW,CE,Federal Contract Tower,0,12,70,86,168,0,4,73,14,91,0,16,143,100,259,26,36,62,321
03/10/2022,CLL,TX,ASW,CE,Federal Contract Tower,0,10,31,40,81,0,0,97,11,108,0,10,128,51,189,57,24,81,270
03/11/2022,CLL,TX,ASW,CE,Federal Contract Tower,0,13,37,61,111,0,2,27,1,30,0,15,64,62,141,18,24,42,183
03/12/2022,CLL,TX,ASW,CE,Federal Contract Tower,0,12,19,32,63,0,2,57,7,66,0,14,76,39,129,74,16,90,219
03/13/2022,CLL,TX,ASW,CE,Federal Contract Tower,0,11,19,8,38,0,8,63,3,74,0,19,82,11,112,32,2,34,146
03/14/2022,CLL,TX,ASW,CE,Federal Contract Tower,0,7,17,13,37,0,0,34,5,39,0,7,51,18,76,36,2,38,114
03/15/2022,CLL,TX,ASW,CE,Federal Contract Tower,0,38,38,3,79,0,2,71,12,85,0,40,109,15,164,48,6,54,218
03/16/2022,CLL,TX,ASW,CE,Federal Contract Tower,0,18,38,47,103,0,11,121,12,144,0,29,159,59,247,32,16,48,295
03/17/2022,CLL,TX,ASW,CE,Federal Contract Tower,1,14,42,16,73,0,10,24,1,35,1,24,66,17,108,12,6,18,126
03/18/2022,CLL,TX,ASW,CE,Federal Contract Tower,0,14,24,68,106,0,2,56,14,72,0,16,80,82,178,4,46,50,228
03/19/2022,CLL,TX,ASW,CE,Federal Contract Tower,0,14,25,20,59,0,10,106,5,121,0,24,131,25,180,25,18,43,223
03/20/2022,CLL,TX,ASW,CE,Federal Contract Tower,1,11,47,30,89,0,11,75,11,97,1,22,122,41,186,48,10,58,244
03/21/2022,CLL,TX,ASW,CE,Federal Contract Tower,0,8,7,0,15,0,0,0,0,0,0,8,7,0,15,0,0,0,15
03/22/2022,CLL,TX,ASW,CE,Federal Contract Tower,0,19,33,45,97,0,2,46,3,51,0,21,79,48,148,54,4,58,206
03/23/2022,CLL,TX,ASW,CE,Federal Contract Tower,0,14,57,63,134,0,5,89,11,105,0,19,146,74,239,58,8,66,305
03/24/2022,CLL,TX,ASW,CE,Federal Contract Tower,0,12,45,40,97,0,2,78,14,94,0,14,123,54,191,32,24,56,247
03/25/2022,CLL,TX,ASW,CE,Federal Contract Tower,0,13,38,72,123,0,4,95,23,122,0,17,133,95,245,118,22,140,385
03/26/2022,CLL,TX,ASW,CE,Federal Contract Tower,0,10,20,22,52,0,6,119,3,128,0,16,139,25,180,82,4,86,266
03/27/2022,CLL,TX,ASW,CE,Federal Contract Tower,3,8,22,6,39,0,5,92,0,97,3,13,114,6,136,22,0,22,158
03/28/2022,CLL,TX,ASW,CE,Federal Contract Tower,0,17,23,42,82,0,3,59,11,73,0,20,82,53,155,76,24,100,255
03/29/2022,CLL,TX,ASW,CE,Federal Contract Tower,0,13,24,25,62,0,0,39,4,43,0,13,63,29,105,18,4,22,127
03/30/2022,CLL,TX,ASW,CE,Federal Contract Tower,2,17,27,48,94,0,2,34,8,44,2,19,61,56,138,42,12,54,192
03/31/2022,CLL,TX,ASW,CE,Federal Contract Tower,2,9,50,59,120,0,6,106,14,126,2,15,156,73,246,26,8,34,280
04/01/2022,CLL,TX,ASW,CE,Federal Contract Tower,2,16,33,66,117,0,4,90,15,109,2,20,123,81,226,46,12,58,284
04/02/2022,CLL,TX,ASW,CE,Federal Contract Tower,0,11,26,32,69,0,4,85,21,110,0,15,111,53,179,34,8,42,221
04/03/2022,CLL,TX,ASW,CE,Federal Contract Tower,2,13,27,31,73,0,2,59,4,65,2,15,86,35,138,10,10,20,158
04/04/2022,CLL,TX,ASW,CE,Federal Contract Tower,0,12,23,26,61,0,3,7,1,11,0,15,30,27,72,12,0,12,84
04/05/2022,CLL,TX,ASW,CE,Federal Contract Tower,0,14,27,40,81,0,0,41,10,51,0,14,68,50,132,38,4,42,174
04/06/2022,CLL,TX,ASW,CE,Federal Contract Tower,0,13,35,47,95,0,0,64,9,73,0,13,99,56,168,6,28,34,202
04/07/2022,CLL,TX,ASW,CE,Federal Contract Tower,0,13,35,47,95,0,0,64,9,73,0,13,99,56,168,6,28,34,202
04/08/2022,CLL,TX,ASW,CE,Federal Contract Tower,0,13,34,43,90,0,11,81,12,104,0,24,115,55,194,46,18,64,258
04/09/2022,CLL,TX,ASW,CE,Federal Contract Tower,0,14,37,19,70,0,0,95,4,99,0,14,132,23,169,30,20,50,219
04/10/2022,CLL,TX,ASW,CE,Federal Contract Tower,0,8,30,4,42,0,2,23,0,25,0,10,53,4,67,8,1,9,76
04/11/2022,CLL,TX,ASW,CE,Federal Contract Tower,0,15,22,14,51,0,0,53,5,58,0,15,75,19,109,10,0,10,119
04/12/2022,CLL,TX,ASW,CE,Federal Contract Tower,0,11,20,9,40,0,3,23,0,26,0,14,43,9,66,32,0,32,98
04/13/2022,CLL,TX,ASW,CE,Federal Contract Tower,2,15,44,52,113,0,4,30,5,39,2,19,74,57,152,28,4,32,184
04/14/2022,CLL,TX,ASW,CE,Federal Contract Tower,0,11,52,39,102,0,5,94,12,111,0,16,146,51,213,38,40,78,291
04/15/2022,CLL,TX,ASW,CE,Federal Contract Tower,0,14,37,9,60,0,3,2,0,5,0,17,39,9,65,0,0,0,65
04/16/2022,CLL,TX,ASW,CE,Federal Contract Tower,0,10,41,6,57,0,4,34,0,38,0,14,75,6,95,14,0,14,109
04/17/2022,CLL,TX,ASW,CE,Federal Contract Tower,0,9,41,18,68,0,5,23,1,29,0,14,64,19,97,18,0,18,115
04/18/2022,CLL,TX,ASW,CE,Federal Contract Tower,0,13,40,23,76,0,0,68,5,73,0,13,108,28,149,90,18,108,257
04/19/2022,CLL,TX,ASW,CE,Federal Contract Tower,0,10,29,42,81,0,3,44,6,53,0,13,73,48,134,20,14,34,168
04/20/2022,CLL,TX,ASW,CE,Federal Contract Tower,0,10,54,39,103,0,2,30,2,34,0,12,84,41,137,0,12,12,149
04/21/2022,CLL,TX,ASW,CE,Federal Contract Tower,3,18,64,35,120,0,4,20,1,25,3,22,84,36,145,118,18,136,281
04/22/2022,CLL,TX,ASW,CE,Federal Contract Tower,0,11,56,56,123,0,6,45,3,54,0,17,101,59,177,54,2,56,233
04/23/2022,CLL,TX,ASW,CE,Federal Contract Tower,0,10,28,20,58,0,4,68,4,76,0,14,96,24,134,52,0,52,186
04/24/2022,CLL,TX,ASW,CE,Federal Contract Tower,0,14,44,26,84,0,0,46,4,50,0,14,90,30,134,16,8,24,158
04/25/2022,CLL,TX,ASW,CE,Federal Contract Tower,1,11,13,0,25,0,0,2,0,2,1,11,15,0,27,0,0,0,27
04/26/2022,CLL,TX,ASW,CE,Federal Contract Tower,0,12,24,32,68,0,2,69,7,78,0,14,93,39,146,72,30,102,248
04/27/2022,CLL,TX,ASW,CE,Federal Contract Tower,2,15,54,33,104,0,8,74,11,93,2,23,128,44,197,30,10,40,237
04/28/2022,CLL,TX,ASW,CE,Federal Contract Tower,0,15,46,13,74,0,0,51,7,58,0,15,97,20,132,34,0,34,166
04/29/2022,CLL,TX,ASW,CE,Federal Contract Tower,1,11,39,26,77,0,5,55,4,64,1,16,94,30,141,30,16,46,187
04/30/2022,CLL,TX,ASW,CE,Federal Contract Tower,1,9,15,8,33,0,6,56,1,63,1,15,71,9,96,72,0,72,168
05/01/2022,CLL,TX,ASW,CE,Federal Contract Tower,2,6,15,10,33,0,0,37,4,41,2,6,52,14,74,72,0,72,146
05/02/2022,CLL,TX,ASW,CE,Federal Contract Tower,0,11,22,18,51,0,0,45,7,52,0,11,67,25,103,0,0,0,103
05/03/2022,CLL,TX,ASW,CE,Federal Contract Tower,0,15,21,15,51,0,0,44,6,50,0,15,65,21,101,32,18,50,151
05/04/2022,CLL,TX,ASW,CE,Federal Contract Tower,0,14,42,7,63,0,3,46,0,49,0,17,88,7,112,12,10,22,134
05/05/2022,CLL,TX,ASW,CE,Federal Contract Tower,0,7,27,0,34,0,5,15,1,21,0,12,42,1,55,16,0,16,71
05/06/2022,CLL,TX,ASW,CE,Federal Contract Tower,0,19,28,17,64,0,5,127,1,133,0,24,155,18,197,90,0,90,287
05/07/2022,CLL,TX,ASW,CE,Federal Contract Tower,0,9,23,24,56,0,7,80,2,89,0,16,103,26,145,20,4,24,169
05/08/2022,CLL,TX,ASW,CE,Federal Contract Tower,0,13,15,2,30,0,10,54,3,67,0,23,69,5,97,20,0,20,117
05/09/2022,CLL,TX,ASW,CE,Federal Contract Tower,0,16,20,17,53,0,4,40,6,50,0,20,60,23,103,26,10,36,139
05/10/2022,CLL,TX,ASW,CE,Federal Contract Tower,0,9,12,36,57,0,1,51,6,58,0,10,63,42,115,52,6,58,173
05/11/2022,CLL,TX,ASW,CE,Federal Contract Tower,0,14,29,32,75,0,3,52,13,68,0,17,81,45,143,12,18,30,173
05/12/2022,CLL,TX,ASW,CE,Federal Contract Tower,2,11,37,20,70,0,5,83,13,101,2,16,120,33,171,84,10,94,265
05/13/2022,CLL,TX,ASW,CE,Federal Contract Tower,0,12,34,34,80,0,3,79,5,87,0,15,113,39,167,82,0,82,249
05/14/2022,CLL,TX,ASW,CE,Federal Contract Tower,0,8,25,40,73,0,4,76,6,86,0,12,101,46,159,22,22,44,203
05/15/2022,CLL,TX,ASW,CE,Federal Contract Tower,2,13,24,17,56,0,9,61,8,78,2,22,85,25,134,0,10,10,144
05/16/2022,CLL,TX,ASW,CE,Federal Contract Tower,0,14,28,26,68,0,6,61,6,73,0,20,89,32,141,64,8,72,213
05/17/2022,CLL,TX,ASW,CE,Federal Contract Tower,0,12,24,36,72,0,5,84,6,95,0,17,108,42,167,126,4,130,297
05/18/2022,CLL,TX,ASW,CE,Federal Contract Tower,2,20,41,44,107,0,5,42,15,62,2,25,83,59,169,54,20,74,243
05/19/2022,CLL,TX,ASW,CE,Federal Contract Tower,0,12,24,21,57,0,0,58,7,65,0,12,82,28,122,42,10,52,174
05/20/2022,CLL,TX,ASW,CE,Federal Contract Tower,0,15,28,37,80,0,2,35,12,49,0,17,63,49,129,12,10,22,151
05/21/2022,CLL,TX,ASW,CE,Federal Contract Tower,0,7,13,12,32,0,2,57,7,66,0,9,70,19,98,8,40,48,146
05/22/2022,CLL,TX,ASW,CE,Federal Contract Tower,0,6,26,26,58,0,5,17,4,26,0,11,43,30,84,16,10,26,110
05/23/2022,CLL,TX,ASW,CE,Federal Contract Tower,0,15,48,27,90,0,7,60,8,75,0,22,108,35,165,36,0,36,201
05/24/2022,CLL,TX,ASW,CE,Federal Contract Tower,0,8,15,30,53,0,4,25,1,30,0,12,40,31,83,54,0,54,137
05/25/2022,CLL,TX,ASW,CE,Federal Contract Tower,0,19,42,12,73,0,2,42,18,62,0,21,84,30,135,62,26,88,223
05/26/2022,CLL,TX,ASW,CE,Federal Contract Tower,0,12,16,17,45,0,0,85,11,96,0,12,101,28,141,56,0,56,197
05/27/2022,CLL,TX,ASW,CE,Federal Contract Tower,0,9,17,7,33,0,4,65,1,70,0,13,82,8,103,72,14,86,189
05/28/2022,CLL,TX,ASW,CE,Federal Contract Tower,0,6,17,2,25,0,6,74,0,80,0,12,91,2,105,38,0,38,143
05/29/2022,CLL,TX,ASW,CE,Federal Contract Tower,2,9,14,0,25,0,4,42,0,46,2,13,56,0,71,0,0,0,71
05/30/2022,CLL,TX,ASW,CE,Federal Contract Tower,0,7,24,3,34,0,11,46,0,57,0,18,70,3,91,30,0,30,121
05/31/2022,CLL,TX,ASW,CE,Federal Contract Tower,0,8,32,60,100,0,2,72,13,87,0,10,104,73,187,160,8,168,355
06/01/2022,CLL,TX,ASW,CE,Federal Contract Tower,2,7,22,16,47,0,1,24,5,30,2,8,46,21,77,44,0,44,121
06/02/2022,CLL,TX,ASW,CE,Federal Contract Tower,0,12,20,22,54,0,3,55,10,68,0,15,75,32,122,80,2,82,204
06/03/2022,CLL,TX,ASW,CE,Federal Contract Tower,0,7,39,34,80,0,2,82,3,87,0,9,121,37,167,66,2,68,235
06/04/2022,CLL,TX,ASW,CE,Federal Contract Tower,0,11,12,14,37,0,5,67,1,73,0,16,79,15,110,50,10,60,170
06/05/2022,CLL,TX,ASW,CE,Federal Contract Tower,2,12,30,19,63,0,4,85,9,98,2,16,115,28,161,10,0,10,171
06/06/2022,CLL,TX,ASW,CE,Federal Contract Tower,0,20,23,43,86,0,4,69,11,84,0,24,92,54,170,72,4,76,246
06/07/2022,CLL,TX,ASW,CE,Federal Contract Tower,0,9,24,26,59,0,2,53,13,68,0,11,77,39,127,58,16,74,201
06/08/2022,CLL,TX,ASW,CE,Federal Contract Tower,1,15,41,19,76,0,1,54,15,70,1,16,95,34,146,40,10,50,196
06/09/2022,CLL,TX,ASW,CE,Federal Contract Tower,1,12,37,22,72,0,15,70,14,99,1,27,107,36,171,76,4,80,251
06/10/2022,CLL,TX,ASW,CE,Federal Contract Tower,0,10,22,48,80,0,6,73,11,90,0,16,95,59,170,18,0,18,188
06/11/2022,CLL,TX,ASW,CE,Federal Contract Tower,0,9,32,31,72,0,7,75,4,86,0,16,107,35,158,74,0,74,232
06/12/2022,CLL,TX,ASW,CE,Federal Contract Tower,6,8,10,20,44,0,6,54,2,62,6,14,64,22,106,40,2,42,148
06/13/2022,CLL,TX,ASW,CE,Federal Contract Tower,0,10,16,30,56,0,6,50,6,62,0,16,66,36,118,6,4,10,128
06/14/2022,CLL,TX,ASW,CE,Federal Contract Tower,0,10,33,45,88,0,3,60,14,77,0,13,93,59,165,32,2,34,199
06/15/2022,CLL,TX,ASW,CE,Federal Contract Tower,2,11,24,19,56,0,83,71,95,249,2,94,95,114,305,4,0,4,309
06/16/2022,CLL,TX,ASW,CE,Federal Contract Tower,0,17,24,28,69,0,16,59,4,79,0,33,83,32,148,58,8,66,214
06/17/2022,CLL,TX,ASW,CE,Federal Contract Tower,0,12,42,35,89,0,0,78,6,84,0,12,120,41,173,34,0,34,207
06/18/2022,CLL,TX,ASW,CE,Federal Contract Tower,0,13,20,27,60,0,6,88,0,94,0,19,108,27,154,46,0,46,200
06/19/2022,CLL,TX,ASW,CE,Federal Contract Tower,0,10,32,17,59,0,0,69,4,73,0,10,101,21,132,10,12,22,154
06/20/2022,CLL,TX,ASW,CE,Federal Contract Tower,0,17,28,19,64,0,4,77,2,83,0,21,105,21,147,58,0,58,205
06/21/2022,CLL,TX,ASW,CE,Federal Contract Tower,0,10,34,45,89,0,2,51,11,64,0,12,85,56,153,42,12,54,207
06/22/2022,CLL,TX,ASW,CE,Federal Contract Tower,0,15,21,9,45,0,7,76,4,87,0,22,97,13,132,44,0,44,176
06/23/2022,CLL,TX,ASW,CE,Federal Contract Tower,2,10,29,23,64,0,3,72,9,84,2,13,101,32,148,20,14,34,182
06/24/2022,CLL,TX,ASW,CE,Federal Contract Tower,0,10,23,9,42,0,0,75,6,81,0,10,98,15,123,38,24,62,185
06/25/2022,CLL,TX,ASW,CE,Federal Contract Tower,0,11,14,14,39,0,7,86,6,99,0,18,100,20,138,10,10,20,158
06/26/2022,CLL,TX,ASW,CE,Federal Contract Tower,0,12,14,26,52,0,0,73,3,76,0,12,87,29,128,22,30,52,180
06/27/2022,CLL,TX,ASW,CE,Federal Contract Tower,0,16,14,8,38,0,4,49,6,59,0,20,63,14,97,22,8,30,127
06/28/2022,CLL,TX,ASW,CE,Federal Contract Tower,0,11,30,8,49,0,5,71,8,84,0,16,101,16,133,24,2,26,159
06/29/2022,CLL,TX,ASW,CE,Federal Contract Tower,0,14,33,31,78,0,0,67,5,72,0,14,100,36,150,20,2,22,172
06/30/2022,CLL,TX,ASW,CE,Federal Contract Tower,0,11,19,16,46,0,2,65,3,70,0,13,84,19,116,24,18,42,158
07/01/2022,CLL,TX,ASW,CE,Federal Contract Tower,0,13,21,0,34,0,2,48,0,50,0,15,69,0,84,38,0,38,122
07/02/2022,CLL,TX,ASW,CE,Federal Contract Tower,0,10,18,11,39,0,6,24,1,31,0,16,42,12,70,4,0,4,74
07/03/2022,CLL,TX,ASW,CE,Federal Contract Tower,0,4,6,6,16,0,6,50,1,57,0,10,56,7,73,16,0,16,89
07/04/2022,CLL,TX,ASW,CE,Federal Contract Tower,0,6,16,5,27,0,5,12,1,18,0,11,28,6,45,2,0,2,47
07/05/2022,CLL,TX,ASW,CE,Federal Contract Tower,0,8,17,10,35,0,0,52,11,63,0,8,69,21,98,46,0,46,144
07/06/2022,CLL,TX,ASW,CE,Federal Contract Tower,0,7,18,52,77,0,2,61,15,78,0,9,79,67,155,18,20,38,193
07/07/2022,CLL,TX,ASW,CE,Federal Contract Tower,0,6,30,23,59,0,7,72,16,95,0,13,102,39,154,32,10,42,196
07/08/2022,CLL,TX,ASW,CE,Federal Contract Tower,0,11,32,32,75,0,2,77,1,80,0,13,109,33,155,60,4,64,219
07/09/2022,CLL,TX,ASW,CE,Federal Contract Tower,0,10,13,28,51,0,14,77,6,97,0,24,90,34,148,24,2,26,174
07/10/2022,CLL,TX,ASW,CE,Federal Contract Tower,0,5,20,21,46,0,8,69,18,95,0,13,89,39,141,26,6,32,173
07/11/2022,CLL,TX,ASW,CE,Federal Contract Tower,0,7,16,39,62,0,2,45,8,55,0,9,61,47,117,42,22,64,181
07/12/2022,CLL,TX,ASW,CE,Federal Contract Tower,0,9,21,34,64,0,1,36,8,45,0,10,57,42,109,16,2,18,127
07/13/2022,CLL,TX,ASW,CE,Federal Contract Tower,0,7,36,16,59,0,4,70,6,80,0,11,106,22,139,36,0,36,175
07/14/2022,CLL,TX,ASW,CE,Federal Contract Tower,0,12,19,19,50,0,4,40,11,55,0,16,59,30,105,12,16,28,133
07/15/2022,CLL,TX,ASW,CE,Federal Contract Tower,0,8,34,35,77,0,5,45,3,53,0,13,79,38,130,14,0,14,144
07/16/2022,CLL,TX,ASW,CE,Federal Contract Tower,0,5,22,13,40,0,10,58,1,69,0,15,80,14,109,18,0,18,127
07/17/2022,CLL,TX,ASW,CE,Federal Contract Tower,0,10,11,42,63,0,10,52,6,68,0,20,63,48,131,22,12,34,165
07/18/2022,CLL,TX,ASW,CE,Federal Contract Tower,0,11,31,31,73,0,2,67,7,76,0,13,98,38,149,12,12,24,173
07/19/2022,CLL,TX,ASW,CE,Federal Contract Tower,0,12,22,31,65,0,14,53,11,78,0,26,75,42,143,24,8,32,175
07/20/2022,CLL,TX,ASW,CE,Federal Contract Tower,0,8,35,51,94,0,6,70,5,81,0,14,105,56,175,28,4,32,207
07/21/2022,CLL,TX,ASW,CE,Federal Contract Tower,0,6,33,20,59,0,18,71,9,98,0,24,104,29,157,14,0,14,171
07/22/2022,CLL,TX,ASW,CE,Federal Contract Tower,0,7,15,44,66,0,0,54,7,61,0,7,69,51,127,10,0,10,137
07/23/2022,CLL,TX,ASW,CE,Federal Contract Tower,0,6,11,42,59,0,0,58,6,64,0,6,69,48,123,42,40,82,205
07/24/2022,CLL,TX,ASW,CE,Federal Contract Tower,0,9,17,25,51,0,1,62,10,73,0,10,79,35,124,30,18,48,172
07/25/2022,CLL,TX,ASW,CE,Federal Contract Tower,0,9,27,24,60,0,4,68,10,82,0,13,95,34,142,30,6,36,178
07/26/2022,CLL,TX,ASW,CE,Federal Contract Tower,0,9,30,41,80,0,6,72,8,86,0,15,102,49,166,34,12,46,212
07/27/2022,CLL,TX,ASW,CE,Federal Contract Tower,0,7,27,16,50,0,1,44,11,56,0,8,71,27,106,22,14,36,142
07/28/2022,CLL,TX,ASW,CE,Federal Contract Tower,0,10,13,11,34,0,0,51,3,54,0,10,64,14,88,18,0,18,106
07/29/2022,CLL,TX,ASW,CE,Federal Contract Tower,0,9,39,20,68,0,6,66,8,80,0,15,105,28,148,4,0,4,152
07/30/2022,CLL,TX,ASW,CE,Federal Contract Tower,0,9,6,11,26,0,14,71,4,89,0,23,77,15,115,18,0,18,133
07/31/2022,CLL,TX,ASW,CE,Federal Contract Tower,0,9,25,27,61,0,4,64,1,69,0,13,89,28,130,30,0,30,160
08/01/2022,CLL,TX,ASW,CE,Federal Contract Tower,0,7,22,17,46,0,8,73,4,85,0,15,95,21,131,28,6,34,165
08/02/2022,CLL,TX,ASW,CE,Federal Contract Tower,0,9,24,35,68,0,11,47,6,64,0,20,71,41,132,6,2,8,140
08/03/2022,CLL,TX,ASW,CE,Federal Contract Tower,0,17,35,26,78,0,5,59,7,71,0,22,94,33,149,14,12,26,175
08/04/2022,CLL,TX,ASW,CE,Federal Contract Tower,0,14,17,9,40,0,14,61,6,81,0,28,78,15,121,6,0,6,127
08/05/2022,CLL,TX,ASW,CE,Federal Contract Tower,0,13,7,18,38,0,14,49,0,63,0,27,56,18,101,18,0,18,119
08/06/2022,CLL,TX,ASW,CE,Federal Contract Tower,0,9,14,7,30,0,4,70,4,78,0,13,84,11,108,16,16,32,140
08/07/2022,CLL,TX,ASW,CE,Federal Contract Tower,2,11,19,48,80,0,14,75,9,98,2,25,94,57,178,68,20,88,266
08/08/2022,CLL,TX,ASW,CE,Federal Contract Tower,0,8,25,4,37,0,4,73,3,80,0,12,98,7,117,18,0,18,135
08/09/2022,CLL,TX,ASW,CE,Federal Contract Tower,0,5,27,14,46,0,7,63,3,73,0,12,90,17,119,22,0,22,141
08/10/2022,CLL,TX,ASW,CE,Federal Contract Tower,1,9,23,0,33,0,0,49,0,49,1,9,72,0,82,26,0,26,108
08/11/2022,CLL,TX,ASW,CE,Federal Contract Tower,0,11,24,8,43,0,2,79,0,81,0,13,103,8,124,80,0,80,204
08/12/2022,CLL,TX,ASW,CE,Federal Contract Tower,0,12,26,29,67,0,4,80,7,91,0,16,106,36,158,50,12,62,220
08/13/2022,CLL,TX,ASW,CE,Federal Contract Tower,0,6,15,15,36,0,20,93,4,117,0,26,108,19,153,96,10,106,259
08/14/2022,CLL,TX,ASW,CE,Federal Contract Tower,0,7,19,47,73,0,2,61,6,69,0,9,80,53,142,30,28,58,200
08/15/2022,CLL,TX,ASW,CE,Federal Contract Tower,0,6,11,18,35,0,4,59,2,65,0,10,70,20,100,36,0,36,136
08/16/2022,CLL,TX,ASW,CE,Federal Contract Tower,0,9,16,34,59,0,6,68,8,82,0,15,84,42,141,56,18,74,215
08/17/2022,CLL,TX,ASW,CE,Federal Contract Tower,0,8,35,66,109,0,4,54,9,67,0,12,89,75,176,100,16,116,292
08/18/2022,CLL,TX,ASW,CE,Federal Contract Tower,0,9,21,6,36,0,4,46,0,50,0,13,67,6,86,12,0,12,98
08/19/2022,CLL,TX,ASW,CE,Federal Contract Tower,0,15,9,0,24,0,1,26,0,27,0,16,35,0,51,18,0,18,69
08/20/2022,CLL,TX,ASW,CE,Federal Contract Tower,0,6,32,10,48,0,0,52,2,54,0,6,84,12,102,32,6,38,140
08/21/2022,CLL,TX,ASW,CE,Federal Contract Tower,2,9,15,11,37,0,4,53,1,58,2,13,68,12,95,40,0,40,135
08/22/2022,CLL,TX,ASW,CE,Federal Contract Tower,0,4,30,5,39,0,1,22,4,27,0,5,52,9,66,8,0,8,74
08/23/2022,CLL,TX,ASW,CE,Federal Contract Tower,0,12,42,7,61,0,2,37,0,39,0,14,79,7,100,64,0,64,164
08/24/2022,CLL,TX,ASW,CE,Federal Contract Tower,2,9,29,6,46,0,6,37,1,44,2,15,66,7,90,50,0,50,140
08/25/2022,CLL,TX,ASW,CE,Federal Contract Tower,0,11,41,5,57,0,4,97,5,106,0,15,138,10,163,14,8,22,185
08/26/2022,CLL,TX,ASW,CE,Federal Contract Tower,0,9,31,41,81,0,6,79,15,100,0,15,110,56,181,32,8,40,221
08/27/2022,CLL,TX,ASW,CE,Federal Contract Tower,0,11,30,24,65,0,19,83,9,111,0,30,113,33,176,20,24,44,220
08/28/2022,CLL,TX,ASW,CE,Federal Contract Tower,0,10,20,20,50,0,12,72,0,84,0,22,92,20,134,54,0,54,188
08/29/2022,CLL,TX,ASW,CE,Federal Contract Tower,0,13,19,5,37,0,0,30,7,37,0,13,49,12,74,30,6,36,110
08/30/2022,CLL,TX,ASW,CE,Federal Contract Tower,0,5,17,0,22,0,2,2,0,4,0,7,19,0,26,22,0,22,48
08/31/2022,CLL,TX,ASW,CE,Federal Contract Tower,5,12,30,21,68,0,5,55,9,69,5,17,85,30,137,102,6,108,245
09/01/2022,CLL,TX,ASW,CE,Federal Contract Tower,0,8,42,15,65,0,8,64,7,79,0,16,106,22,144,24,18,42,186
09/02/2022,CLL,TX,ASW,CE,Federal Contract Tower,0,13,30,22,65,0,8,77,7,92,0,21,107,29,157,50,6,56,213
09/03/2022,CLL,TX,ASW,CE,Federal Contract Tower,0,16,44,0,60,0,10,24,4,38,0,26,68,4,98,0,0,0,98
09/04/2022,CLL,TX,ASW,CE,Federal Contract Tower,0,9,17,0,26,0,5,104,4,113,0,14,121,4,139,60,0,60,199
09/05/2022,CLL,TX,ASW,CE,Federal Contract Tower,0,13,20,2,35,0,6,79,1,86,0,19,99,3,121,38,0,38,159
09/06/2022,CLL,TX,ASW,CE,Federal Contract Tower,0,10,16,31,57,0,2,76,4,82,0,12,92,35,139,30,10,40,179
09/07/2022,CLL,TX,ASW,CE,Federal Contract Tower,0,6,29,20,55,0,3,60,7,70,0,9,89,27,125,56,0,56,181
09/08/2022,CLL,TX,ASW,CE,Federal Contract Tower,0,14,37,27,78,0,20,77,12,109,0,34,114,39,187,66,14,80,267
09/09/2022,CLL,TX,ASW,CE,Federal Contract Tower,0,16,41,26,83,0,7,110,6,123,0,23,151,32,206,62,34,96,302
09/10/2022,CLL,TX,ASW,CE,Federal Contract Tower,0,18,41,7,66,0,4,91,10,105,0,22,132,17,171,6,0,6,177
09/11/2022,CLL,TX,ASW,CE,Federal Contract Tower,1,14,41,33,89,0,10,110,4,124,1,24,151,37,213,10,0,10,223
09/12/2022,CLL,TX,ASW,CE,Federal Contract Tower,0,9,42,74,125,0,0,58,10,68,0,9,100,84,193,64,4,68,261
09/13/2022,CLL,TX,ASW,CE,Federal Contract Tower,0,11,39,34,84,0,6,71,4,81,0,17,110,38,165,54,0,54,219
09/14/2022,CLL,TX,ASW,CE,Federal Contract Tower,0,12,39,26,77,0,7,71,9,87,0,19,110,35,164,62,8,70,234
09/15/2022,CLL,TX,ASW,CE,Federal Contract Tower,0,14,44,56,114,0,21,99,13,133,0,35,143,69,247,26,28,54,301
09/16/2022,CLL,TX,ASW,CE,Federal Contract Tower,2,15,56,38,111,0,7,70,3,80,2,22,126,41,191,10,0,10,201
09/17/2022,CLL,TX,ASW,CE,Federal Contract Tower,1,35,114,14,164,0,6,46,0,52,1,41,160,14,216,2,0,2,218
09/18/2022,CLL,TX,ASW,CE,Federal Contract Tower,0,21,62,28,111,0,6,93,17,116,0,27,155,45,227,62,0,62,289
09/19/2022,CLL,TX,ASW,CE,Federal Contract Tower,0,8,38,30,76,0,10,60,6,76,0,18,98,36,152,76,0,76,228
09/20/2022,CLL,TX,ASW,CE,Federal Contract Tower,0,6,37,35,78,0,2,68,4,74,0,8,105,39,152,58,4,62,214
09/21/2022,CLL,TX,ASW,CE,Federal Contract Tower,0,9,36,26,71,0,0,57,7,64,0,9,93,33,135,68,6,74,209
09/22/2022,CLL,TX,ASW,CE,Federal Contract Tower,0,20,37,16,73,0,6,114,7,127,0,26,151,23,200,66,0,66,266
09/23/2022,CLL,TX,ASW,CE,Federal Contract Tower,0,13,30,31,74,0,4,115,4,123,0,17,145,35,197,34,4,38,235
09/24/2022,CLL,TX,ASW,CE,Federal Contract Tower,2,11,20,0,33,0,12,112,0,124,2,23,132,0,157,54,0,54,211
09/25/2022,CLL,TX,ASW,CE,Federal Contract Tower,0,10,27,34,71,0,10,72,5,87,0,20,99,39,158,66,20,86,244
09/26/2022,CLL,TX,ASW,CE,Federal Contract Tower,1,8,39,59,107,0,6,61,14,81,1,14,100,73,188,30,16,46,234
09/27/2022,CLL,TX,ASW,CE,Federal Contract Tower,0,14,26,25,65,0,2,96,10,108,0,16,122,35,173,12,24,36,209
09/28/2022,CLL,TX,ASW,CE,Federal Contract Tower,1,10,34,48,93,0,6,73,7,86,1,16,107,55,179,42,16,58,237
09/29/2022,CLL,TX,ASW,CE,Federal Contract Tower,2,11,33,31,77,0,8,126,11,145,2,19,159,42,222,72,4,76,298
09/30/2022,CLL,TX,ASW,CE,Federal Contract Tower,1,11,46,43,101,0,10,90,5,105,1,21,136,48,206,68,14,82,288
10/01/2022,CLL,TX,ASW,CE,Federal Contract Tower,0,13,26,5,44,0,8,124,2,134,0,21,150,7,178,40,0,40,218
10/02/2022,CLL,TX,ASW,CE,Federal Contract Tower,0,18,26,14,58,0,5,111,0,116,0,23,137,14,174,28,0,28,202
10/03/2022,CLL,TX,ASW,CE,Federal Contract Tower,0,11,30,17,58,0,0,66,5,71,0,11,96,22,129,32,2,34,163
10/04/2022,CLL,TX,ASW,CE,Federal Contract Tower,1,11,24,39,75,0,11,117,4,132,1,22,141,43,207,46,20,66,273
10/05/2022,CLL,TX,ASW,CE,Federal Contract Tower,0,12,46,49,107,0,4,79,17,100,0,16,125,66,207,54,16,70,277
10/06/2022,CLL,TX,ASW,CE,Federal Contract Tower,3,17,43,33,96,0,5,97,6,108,3,22,140,39,204,34,6,40,244
10/07/2022,CLL,TX,ASW,CE,Federal Contract Tower,1,17,31,47,96,0,8,95,5,108,1,25,126,52,204,36,0,36,240
10/08/2022,CLL,TX,ASW,CE,Federal Contract Tower,3,15,22,2,42,0,6,104,2,112,3,21,126,4,154,76,0,76,230
10/09/2022,CLL,TX,ASW,CE,Federal Contract Tower,1,17,28,16,62,0,6,85,6,97,1,23,113,22,159,18,0,18,177
10/10/2022,CLL,TX,ASW,CE,Federal Contract Tower,0,16,39,0,55,0,4,88,0,92,0,20,127,0,147,26,0,26,173
10/11/2022,CLL,TX,ASW,CE,Federal Contract Tower,0,9,34,19,62,0,12,82,5,99,0,21,116,24,161,102,10,112,273
10/12/2022,CLL,TX,ASW,CE,Federal Contract Tower,0,11,22,11,44,0,3,54,4,61,0,14,76,15,105,26,0,26,131
10/13/2022,CLL,TX,ASW,CE,Federal Contract Tower,0,26,51,54,131,0,2,81,7,90,0,28,132,61,221,44,12,56,277
10/14/2022,CLL,TX,ASW,CE,Federal Contract Tower,2,9,24,32,67,0,8,106,7,121,2,17,130,39,188,38,0,38,226
10/15/2022,CLL,TX,ASW,CE,Federal Contract Tower,0,9,31,6,46,0,17,85,0,102,0,26,116,6,148,24,0,24,172
10/16/2022,CLL,TX,ASW,CE,Federal Contract Tower,0,7,20,35,62,0,0,67,11,78,0,7,87,46,140,18,26,44,184
10/17/2022,CLL,TX,ASW,CE,Federal Contract Tower,0,10,22,18,50,0,2,59,1,62,0,12,81,19,112,14,2,16,128
10/18/2022,CLL,TX,ASW,CE,Federal Contract Tower,0,10,27,34,71,0,4,107,7,118,0,14,134,41,189,22,18,40,229
10/19/2022,CLL,TX,ASW,CE,Federal Contract Tower,2,19,27,33,81,0,21,104,10,135,2,40,131,43,216,50,28,78,294
10/20/2022,CLL,TX,ASW,CE,Federal Contract Tower,2,11,42,23,78,0,3,89,4,96,2,14,131,27,174,66,4,70,244
10/21/2022,CLL,TX,ASW,CE,Federal Contract Tower,3,18,34,32,87,0,7,91,6,104,3,25,125,38,191,16,4,20,211
10/22/2022,CLL,TX,ASW,CE,Federal Contract Tower,1,11,22,4,38,0,8,71,2,81,1,19,93,6,119,2,0,2,121
10/23/2022,CLL,TX,ASW,CE,Federal Contract Tower,0,15,27,21,63,0,4,54,10,68,0,19,81,31,131,6,26,32,163
10/24/2022,CLL,TX,ASW,CE,Federal Contract Tower,0,21,14,14,49,0,6,45,2,53,0,27,59,16,102,34,4,38,140
10/25/2022,CLL,TX,ASW,CE,Federal Contract Tower,0,12,21,30,63,0,4,51,9,64,0,16,72,39,127,32,28,60,187
10/26/2022,CLL,TX,ASW,CE,Federal Contract Tower,3,16,49,30,98,0,0,92,13,105,3,16,141,43,203,46,20,66,269
10/27/2022,CLL,TX,ASW,CE,Federal Contract Tower,0,14,46,34,94,0,9,109,23,141,0,23,155,57,235,52,10,62,297
10/28/2022,CLL,TX,ASW,CE,Federal Contract Tower,2,24,30,0,56,0,2,0,0,2,2,26,30,0,58,18,0,18,76
10/29/2022,CLL,TX,ASW,CE,Federal Contract Tower,0,23,125,26,174,0,1,7,3,11,0,24,132,29,185,0,0,0,185
10/31/2022,CLL,TX,ASW,CE,Federal Contract Tower,2,5,28,21,56,0,2,84,5,91,2,7,112,26,147,28,0,28,175
11/01/2022,CLL,TX,ASW,CE,Federal Contract Tower,0,13,32,28,73,0,2,34,3,39,0,15,66,31,112,36,2,38,150
11/02/2022,CLL,TX,ASW,CE,Federal Contract Tower,0,13,33,29,75,0,1,61,7,69,0,14,94,36,144,88,32,120,264
11/03/2022,CLL,TX,ASW,CE,Federal Contract Tower,0,14,58,13,85,0,4,33,0,37,0,18,91,13,122,30,2,32,154
11/04/2022,CLL,TX,ASW,CE,Federal Contract Tower,1,34,48,0,83,0,0,17,2,19,1,34,65,2,102,24,6,30,132
11/05/2022,CLL,TX,ASW,CE,Federal Contract Tower,2,23,67,10,102,0,6,72,9,87,2,29,139,19,189,2,32,34,223
11/06/2022,CLL,TX,ASW,CE,Federal Contract Tower,0,17,71,5,93,0,6,38,5,49,0,23,109,10,142,26,0,26,168
11/07/2022,CLL,TX,ASW,CE,Federal Contract Tower,0,6,32,30,68,0,4,59,6,69,0,10,91,36,137,12,18,30,167
11/08/2022,CLL,TX,ASW,CE,Federal Contract Tower,0,3,48,66,117,0,2,98,12,112,0,5,146,78,229,36,20,56,285
11/09/2022,CLL,TX,ASW,CE,Federal Contract Tower,0,10,49,59,118,0,4,92,11,107,0,14,141,70,225,100,16,116,341
11/10/2022,CLL,TX,ASW,CE,Federal Contract Tower,2,13,45,35,95,0,10,63,6,79,2,23,108,41,174,60,4,64,238
11/11/2022,CLL,TX,ASW,CE,Federal Contract Tower,4,13,20,0,37,0,2,8,0,10,4,15,28,0,47,2,0,2,49
11/12/2022,CLL,TX,ASW,CE,Federal Contract Tower,0,5,26,7,38,0,11,76,1,88,0,16,102,8,126,12,0,12,138
11/13/2022,CLL,TX,ASW,CE,Federal Contract Tower,0,16,25,6,47,0,2,101,4,107,0,18,126,10,154,56,2,58,212
11/14/2022,CLL,TX,ASW,CE,Federal Contract Tower,0,6,14,2,22,0,1,6,0,7,0,7,20,2,29,36,0,36,65
11/15/2022,CLL,TX,ASW,CE,Federal Contract Tower,2,10,29,41,82,0,56,6,0,62,2,66,35,41,144,112,16,128,272
11/16/2022,CLL,TX,ASW,CE,Federal Contract Tower,2,10,39,70,121,0,3,96,27,126,2,13,135,97,247,102,12,114,361
11/17/2022,CLL,TX,ASW,CE,Federal Contract Tower,0,12,38,39,89,0,13,109,9,131,0,25,147,48,220,62,16,78,298
11/18/2022,CLL,TX,ASW,CE,Federal Contract Tower,1,14,38,38,91,0,4,86,3,93,1,18,124,41,184,56,0,56,240
11/19/2022,CLL,TX,ASW,CE,Federal Contract Tower,2,9,17,2,30,0,1,0,5,6,2,10,17,7,36,0,0,0,36
11/20/2022,CLL,TX,ASW,CE,Federal Contract Tower,0,9,18,28,55,0,23,98,4,125,0,32,116,32,180,86,0,86,266
11/21/2022,CLL,TX,ASW,CE,Federal Contract Tower,0,9,36,7,52,0,11,3,0,14,0,20,39,7,66,48,6,54,120
11/22/2022,CLL,TX,ASW,CE,Federal Contract Tower,0,16,68,53,137,0,0,93,17,110,0,16,161,70,247,106,64,170,417
11/23/2022,CLL,TX,ASW,CE,Federal Contract Tower,0,6,24,11,41,0,9,73,19,101,0,15,97,30,142,14,24,38,180
11/24/2022,CLL,TX,ASW,CE,Federal Contract Tower,1,4,4,0,9,0,0,0,1,1,1,4,4,1,10,0,0,0,10
11/25/2022,CLL,TX,ASW,CE,Federal Contract Tower,2,6,44,0,52,0,4,3,1,8,2,10,47,1,60,0,0,0,60
11/26/2022,CLL,TX,ASW,CE,Federal Contract Tower,2,23,62,2,89,0,7,31,7,45,2,30,93,9,134,0,44,44,178
11/27/2022,CLL,TX,ASW,CE,Federal Contract Tower,0,19,33,0,52,0,8,139,4,151,0,27,172,4,203,26,0,26,229
11/28/2022,CLL,TX,ASW,CE,Federal Contract Tower,0,11,25,15,51,0,4,88,7,99,0,15,113,22,150,84,12,96,246
11/29/2022,CLL,TX,ASW,CE,Federal Contract Tower,2,9,44,22,77,0,8,39,2,49,2,17,83,24,126,34,0,34,160
11/30/2022,CLL,TX,ASW,CE,Federal Contract Tower,0,9,58,67,134,0,3,84,20,107,0,12,142,87,241,72,18,90,331
12/01/2022,CLL,TX,ASW,CE,Federal Contract Tower,0,6,37,19,62,0,9,65,4,78,0,15,102,23,140,48,24,72,212
12/02/2022,CLL,TX,ASW,CE,Federal Contract Tower,0,17,28,5,50,0,4,2,0,6,0,21,30,5,56,0,0,0,56
12/03/2022,CLL,TX,ASW,CE,Federal Contract Tower,0,15,35,9,59,0,5,34,0,39,0,20,69,9,98,14,0,14,112
12/04/2022,CLL,TX,ASW,CE,Federal Contract Tower,0,12,45,25,82,0,2,17,2,21,0,14,62,27,103,42,0,42,145
12/05/2022,CLL,TX,ASW,CE,Federal Contract Tower,2,10,31,25,68,0,8,43,2,53,2,18,74,27,121,22,0,22,143
12/06/2022,CLL,TX,ASW,CE,Federal Contract Tower,0,10,43,51,104,0,2,34,15,51,0,12,77,66,155,46,4,50,205
12/07/2022,CLL,TX,ASW,CE,Federal Contract Tower,2,8,56,36,102,0,19,62,12,93,2,27,118,48,195,30,10,40,235
12/08/2022,CLL,TX,ASW,CE,Federal Contract Tower,3,7,43,26,79,0,2,51,8,61,3,9,94,34,140,14,0,14,154
12/09/2022,CLL,TX,ASW,CE,Federal Contract Tower,5,11,31,6,53,0,10,33,4,47,5,21,64,10,100,0,0,0,100
12/10/2022,CLL,TX,ASW,CE,Federal Contract Tower,4,0,19,5,28,0,11,28,4,43,4,11,47,9,71,0,0,0,71
12/11/2022,CLL,TX,ASW,CE,Federal Contract Tower,6,2,45,10,63,0,6,2,0,8,6,8,47,10,71,12,0,12,83
12/12/2022,CLL,TX,ASW,CE,Federal Contract Tower,8,11,32,2,53,0,2,0,0,2,8,13,32,2,55,0,0,0,55
12/13/2022,CLL,TX,ASW,CE,Federal Contract Tower,4,5,22,10,41,0,0,3,0,3,4,5,25,10,44,8,0,8,52
12/14/2022,CLL,TX,ASW,CE,Federal Contract Tower,4,9,48,43,104,0,7,73,13,93,4,16,121,56,197,30,8,38,235
12/15/2022,CLL,TX,ASW,CE,Federal Contract Tower,4,4,24,3,35,0,10,132,15,157,4,14,156,18,192,70,14,84,276
12/16/2022,CLL,TX,ASW,CE,Federal Contract Tower,6,11,72,25,114,0,12,68,3,83,6,23,140,28,197,32,0,32,229
12/18/2022,CLL,TX,ASW,CE,Federal Contract Tower,4,3,17,25,49,0,6,77,10,93,4,9,94,35,142,54,46,100,242
12/19/2022,CLL,TX,ASW,CE,Federal Contract Tower,4,4,7,6,21,0,0,0,0,0,4,4,7,6,21,0,0,0,21
12/20/2022,CLL,TX,ASW,CE,Federal Contract Tower,4,11,41,15,71,0,4,3,8,15,4,15,44,23,86,0,0,0,86
12/21/2022,CLL,TX,ASW,CE,Federal Contract Tower,4,7,35,4,50,0,5,14,0,19,4,12,49,4,69,26,0,26,95
12/22/2022,CLL,TX,ASW,CE,Federal Contract Tower,4,5,19,10,38,0,1,3,2,6,4,6,22,12,44,0,0,0,44
12/23/2022,CLL,TX,ASW,CE,Federal Contract Tower,3,4,7,0,14,1,6,20,0,27,4,10,27,0,41,4,0,4,45
12/24/2022,CLL,TX,ASW,CE,Federal Contract Tower,3,0,7,0,10,0,12,24,0,36,3,12,31,0,46,0,0,0,46
12/25/2022,CLL,TX,ASW,CE,Federal Contract Tower,1,4,0,0,5,0,4,13,0,17,1,8,13,0,22,0,0,0,22
12/26/2022,CLL,TX,ASW,CE,Federal Contract Tower,4,3,14,0,21,0,2,49,0,51,4,5,63,0,72,24,0,24,96
12/27/2022,CLL,TX,ASW,CE,Federal Contract Tower,4,1,19,11,35,0,8,70,2,80,4,9,89,13,115,48,0,48,163
12/28/2022,CLL,TX,ASW,CE,Federal Contract Tower,5,3,34,3,45,0,5,44,4,53,5,8,78,7,98,14,18,32,130
12/29/2022,CLL,TX,ASW,CE,Federal Contract Tower,2,3,15,2,22,0,3,5,0,8,2,6,20,2,30,0,0,0,30
12/30/2022,CLL,TX,ASW,CE,Federal Contract Tower,4,6,29,0,39,0,26,21,0,47,4,32,50,0,86,6,0,6,92
12/31/2022,CLL,TX,ASW,CE,Federal Contract Tower,4,0,16,0,20,0,9,80,0,89,4,9,96,0,109,24,0,24,133
01/01/2023,CLL,TX,ASW,CE,Federal Contract Tower,3,2,5,0,10,0,5,8,0,13,3,7,13,0,23,0,0,0,23
01/02/2023,CLL,TX,ASW,CE,Federal Contract Tower,4,8,14,0,26,0,1,3,0,4,4,9,17,0,30,4,0,4,34
01/03/2023,CLL,TX,ASW,CE,Federal Contract Tower,5,4,32,3,44,0,3,67,0,70,5,7,99,3,114,82,0,82,196
01/04/2023,CLL,TX,ASW,CE,Federal Contract Tower,4,13,33,9,59,0,20,85,8,113,4,33,118,17,172,70,10,80,252
01/05/2023,CLL,TX,ASW,CE,Federal Contract Tower,5,4,30,18,57,0,8,86,5,99,5,12,116,23,156,38,12,50,206
01/06/2023,CLL,TX,ASW,CE,Federal Contract Tower,5,2,31,24,62,0,7,74,4,85,5,9,105,28,147,8,0,8,155
01/07/2023,CLL,TX,ASW,CE,Federal Contract Tower,6,3,20,4,33,0,0,12,0,12,6,3,32,4,45,12,0,12,57
01/08/2023,CLL,TX,ASW,CE,Federal Contract Tower,6,5,30,20,61,0,6,93,0,99,6,11,123,20,160,16,0,16,176
01/09/2023,CLL,TX,ASW,CE,Federal Contract Tower,4,3,32,8,47,0,7,79,3,89,4,10,111,11,136,46,26,72,208
01/10/2023,CLL,TX,ASW,CE,Federal Contract Tower,3,3,22,20,48,0,0,50,5,55,3,3,72,25,103,12,0,12,115
01/11/2023,CLL,TX,ASW,CE,Federal Contract Tower,5,2,32,17,56,0,15,44,11,70,5,17,76,28,126,42,0,42,168
01/12/2023,CLL,TX,ASW,CE,Federal Contract Tower,4,2,21,8,35,0,0,57,4,61,4,2,78,12,96,4,0,4,100
01/13/2023,CLL,TX,ASW,CE,Federal Contract Tower,6,7,24,15,52,0,6,119,2,127,6,13,143,17,179,48,0,48,227
01/14/2023,CLL,TX,ASW,CE,Federal Contract Tower,3,2,23,2,30,0,11,148,2,161,3,13,171,4,191,60,4,64,255
01/15/2023,CLL,TX,ASW,CE,Federal Contract Tower,3,8,19,15,45,0,0,64,3,67,3,8,83,18,112,32,12,44,156
01/16/2023,CLL,TX,ASW,CE,Federal Contract Tower,6,8,24,6,44,0,5,55,0,60,6,13,79,6,104,158,0,158,262
01/17/2023,CLL,TX,ASW,CE,Federal Contract Tower,5,5,17,8,35,0,4,24,3,31,5,9,41,11,66,2,0,2,68
01/18/2023,CLL,TX,ASW,CE,Federal Contract Tower,6,4,24,17,51,0,10,52,8,70,6,14,76,25,121,70,6,76,197
01/19/2023,CLL,TX,ASW,CE,Federal Contract Tower,5,11,38,8,62,0,1,103,11,115,5,12,141,19,177,72,0,72,249
01/20/2023,CLL,TX,ASW,CE,Federal Contract Tower,5,6,36,40,87,0,1,86,16,103,5,7,122,56,190,90,28,118,308
01/21/2023,CLL,TX,ASW,CE,Federal Contract Tower,5,6,25,14,50,0,2,33,4,39,5,8,58,18,89,82,14,96,185
01/22/2023,CLL,TX,ASW,CE,Federal Contract Tower,4,3,14,44,65,0,8,117,2,127,4,11,131,46,192,32,2,34,226
01/23/2023,CLL,TX,ASW,CE,Federal Contract Tower,5,7,14,29,55,0,10,90,12,112,5,17,104,41,167,48,20,68,235
01/24/2023,CLL,TX,ASW,CE,Federal Contract Tower,4,5,7,1,17,0,1,0,0,1,4,6,7,1,18,0,0,0,18
01/25/2023,CLL,TX,ASW,CE,Federal Contract Tower,4,17,33,26,80,0,4,68,12,84,4,21,101,38,164,24,4,28,192
01/26/2023,CLL,TX,ASW,CE,Federal Contract Tower,4,12,29,35,80,0,3,131,14,148,4,15,160,49,228,60,4,64,292
01/28/2023,CLL,TX,ASW,CE,Federal Contract Tower,7,3,19,0,29,0,0,0,0,0,7,3,19,0,29,0,0,0,29
01/29/2023,CLL,TX,ASW,CE,Federal Contract Tower,4,8,7,0,19,0,2,3,0,5,4,10,10,0,24,0,0,0,24
01/30/2023,CLL,TX,ASW,CE,Federal Contract Tower,5,3,5,6,19,0,0,0,0,0,5,3,5,6,19,0,0,0,19
01/31/2023,CLL,TX,ASW,CE,Federal Contract Tower,3,7,5,0,15,0,0,0,0,0,3,7,5,0,15,0,0,0,15
02/01/2023,CLL,TX,ASW,CE,Federal Contract Tower,0,7,3,0,10,0,0,0,0,0,0,7,3,0,10,0,0,0,10
02/02/2023,CLL,TX,ASW,CE,Federal Contract Tower,4,3,15,0,22,0,0,0,0,0,4,3,15,0,22,0,0,0,22
02/03/2023,CLL,TX,ASW,CE,Federal Contract Tower,5,8,50,30,93,0,2,58,4,64,5,10,108,34,157,8,0,8,165
02/04/2023,CLL,TX,ASW,CE,Federal Contract Tower,6,8,38,17,69,0,9,104,4,117,6,17,142,21,186,56,20,76,262
02/05/2023,CLL,TX,ASW,CE,Federal Contract Tower,6,7,29,38,80,0,2,125,7,134,6,9,154,45,214,52,18,70,284
02/06/2023,CLL,TX,ASW,CE,Federal Contract Tower,6,7,28,9,50,0,2,37,4,43,6,9,65,13,93,8,2,10,103
02/07/2023,CLL,TX,ASW,CE,Federal Contract Tower,2,3,27,19,51,0,0,18,2,20,2,3,45,21,71,32,0,32,103
02/08/2023,CLL,TX,ASW,CE,Federal Contract Tower,1,10,19,5,35,0,1,9,2,12,1,11,28,7,47,0,0,0,47
02/09/2023,CLL,TX,ASW,CE,Federal Contract Tower,4,2,36,38,80,0,6,97,14,117,4,8,133,52,197,70,10,80,277
02/10/2023,CLL,TX,ASW,CE,Federal Contract Tower,7,7,36,18,68,0,2,89,10,101,7,9,125,28,169,70,0,70,239
02/11/2023,CLL,TX,ASW,CE,Federal Contract Tower,4,10,32,33,79,0,14,77,12,103,4,24,109,45,182,50,10,60,242
02/12/2023,CLL,TX,ASW,CE,Federal Contract Tower,14,5,24,6,49,0,2,98,3,103,14,7,122,9,152,56,4,60,212
02/13/2023,CLL,TX,ASW,CE,Federal Contract Tower,5,7,30,28,70,0,2,80,12,94,5,9,110,40,164,40,0,40,204
02/14/2023,CLL,TX,ASW,CE,Federal Contract Tower,6,7,19,20,52,0,0,34,5,39,6,7,53,25,91,12,0,12,103
02/15/2023,CLL,TX,ASW,CE,Federal Contract Tower,4,10,53,17,84,0,16,13,0,29,4,26,66,17,113,0,0,0,113
02/16/2023,CLL,TX,ASW,CE,Federal Contract Tower,4,9,44,22,79,0,1,52,23,76,4,10,96,45,155,53,18,71,226
02/17/2023,CLL,TX,ASW,CE,Federal Contract Tower,7,7,40,7,61,0,13,120,3,136,7,20,160,10,197,38,0,38,235
02/18/2023,CLL,TX,ASW,CE,Federal Contract Tower,3,6,32,8,49,0,0,133,7,140,3,6,165,15,189,46,0,46,235
02/19/2023,CLL,TX,ASW,CE,Federal Contract Tower,4,10,31,1,46,0,8,75,1,84,4,18,106,2,130,72,0,72,202
02/20/2023,CLL,TX,ASW,CE,Federal Contract Tower,5,11,31,6,53,0,2,25,2,29,5,13,56,8,82,10,0,10,92
02/21/2023,CLL,TX,ASW,CE,Federal Contract Tower,4,4,41,9,58,0,6,28,11,45,4,10,69,20,103,10,6,16,119
02/22/2023,CLL,TX,ASW,CE,Federal Contract Tower,5,5,32,5,47,0,4,52,11,67,5,9,84,16,114,64,8,72,186
02/23/2023,CLL,TX,ASW,CE,Federal Contract Tower,4,4,35,10,53,0,14,61,4,79,4,18,96,14,132,8,6,14,146
02/24/2023,CLL,TX,ASW,CE,Federal Contract Tower,8,2,51,12,73,0,8,25,1,34,8,10,76,13,107,20,6,26,133
02/25/2023,CLL,TX,ASW,CE,Federal Contract Tower,7,3,29,16,55,0,4,32,0,36,7,7,61,16,91,34,0,34,125
02/26/2023,CLL,TX,ASW,CE,Federal Contract Tower,5,6,37,6,54,0,2,28,0,30,5,8,65,6,84,10,0,10,94
02/27/2023,CLL,TX,ASW,CE,Federal Contract Tower,6,3,33,12,54,0,8,99,11,118,6,11,132,23,172,46,6,52,224
02/28/2023,CLL,TX,ASW,CE,Federal Contract Tower,5,1,29,10,45,0,2,74,11,87,5,3,103,21,132,16,2,18,150
03/01/2023,CLL,TX,ASW,CE,Federal Contract Tower,4,5,56,16,81,0,4,49,8,61,4,9,105,24,142,44,0,44,186
03/02/2023,CLL,TX,ASW,CE,Federal Contract Tower,6,7,45,9,67,0,6,9,2,17,6,13,54,11,84,20,4,24,108
03/03/2023,CLL,TX,ASW,CE,Federal Contract Tower,5,9,41,18,73,0,6,88,13,107,5,15,129,31,180,16,20,36,216
03/04/2023,CLL,TX,ASW,CE,Federal Contract Tower,6,10,32,13,61,0,12,155,7,174,6,22,187,20,235,82,14,96,331
03/05/2023,CLL,TX,ASW,CE,Federal Contract Tower,5,4,24,21,54,0,10,123,3,136,5,14,147,24,190,104,0,104,294
03/06/2023,CLL,TX,ASW,CE,Federal Contract Tower,4,4,46,14,68,0,6,54,7,67,4,10,100,21,135,86,0,86,221
03/07/2023,CLL,TX,ASW,CE,Federal Contract Tower,4,2,45,44,95,0,2,42,11,55,4,4,87,55,150,48,18,66,216
03/08/2023,CLL,TX,ASW,CE,Federal Contract Tower,6,4,41,34,85,0,10,80,15,105,6,14,121,49,190,50,46,96,286
03/09/2023,CLL,TX,ASW,CE,Federal Contract Tower,10,8,39,24,81,0,8,74,9,91,10,16,113,33,172,40,8,48,220
03/10/2023,CLL,TX,ASW,CE,Federal Contract Tower,8,3,43,13,67,0,6,36,5,47,8,9,79,18,114,18,16,34,148
03/11/2023,CLL,TX,ASW,CE,Federal Contract Tower,4,9,37,42,92,0,4,61,8,73,4,13,98,50,165,24,26,50,215
03/12/2023,CLL,TX,ASW,CE,Federal Contract Tower,8,7,25,24,64,0,2,27,0,29,8,9,52,24,93,26,0,26,119
03/13/2023,CLL,TX,ASW,CE,Federal Contract Tower,8,8,26,8,50,0,18,69,4,91,8,26,95,12,141,44,8,52,193
03/14/2023,CLL,TX,ASW,CE,Federal Contract Tower,4,2,33,25,64,0,10,82,16,108,4,12,115,41,172,40,30,70,242
03/15/2023,CLL,TX,ASW,CE,Federal Contract Tower,3,13,39,43,98,0,4,92,14,110,3,17,131,57,208,14,10,24,232
03/16/2023,CLL,TX,ASW,CE,Federal Contract Tower,4,12,10,2,28,0,2,0,2,4,4,14,10,4,32,0,0,0,32
03/17/2023,CLL,TX,ASW,CE,Federal Contract Tower,7,10,15,47,79,0,2,44,12,58,7,12,59,59,137,36,0,36,173
03/18/2023,CLL,TX,ASW,CE,Federal Contract Tower,4,11,12,9,36,0,16,88,0,104,4,27,100,9,140,18,6,24,164
03/19/2023,CLL,TX,ASW,CE,Federal Contract Tower,7,12,18,16,53,0,8,142,4,154,7,20,160,20,207,28,0,28,235
03/20/2023,CLL,TX,ASW,CE,Federal Contract Tower,4,5,20,17,46,0,8,65,9,82,4,13,85,26,128,16,10,26,154
03/21/2023,CLL,TX,ASW,CE,Federal Contract Tower,4,5,30,36,75,0,4,0,10,14,4,9,30,46,89,0,0,0,89
03/22/2023,CLL,TX,ASW,CE,Federal Contract Tower,3,14,31,27,75,0,15,41,19,75,3,29,72,46,150,30,0,30,180
03/23/2023,CLL,TX,ASW,CE,Federal Contract Tower,8,5,39,23,75,0,12,54,5,71,8,17,93,28,146,12,6,18,164
03/24/2023,CLL,TX,ASW,CE,Federal Contract Tower,3,9,30,16,58,0,10,30,0,40,3,19,60,16,98,26,0,26,124
03/25/2023,CLL,TX,ASW,CE,Federal Contract Tower,4,3,23,14,44,0,8,154,37,199,4,11,177,51,243,12,28,40,283
03/26/2023,CLL,TX,ASW,CE,Federal Contract Tower,12,3,33,18,66,0,19,53,0,72,12,22,86,18,138,42,0,42,180
03/27/2023,CLL,TX,ASW,CE,Federal Contract Tower,4,5,33,24,66,0,15,88,5,108,4,20,121,29,174,58,2,60,234
03/28/2023,CLL,TX,ASW,CE,Federal Contract Tower,1,13,21,12,47,0,4,69,13,86,1,17,90,25,133,34,18,52,185
03/29/2023,CLL,TX,ASW,CE,Federal Contract Tower,3,18,32,27,80,0,32,119,9,160,3,50,151,36,240,50,12,62,302
03/30/2023,CLL,TX,ASW,CE,Federal Contract Tower,5,5,32,17,59,0,10,18,4,32,5,15,50,21,91,4,0,4,95
03/31/2023,CLL,TX,ASW,CE,Federal Contract Tower,4,18,28,54,104,0,5,19,8,32,4,23,47,62,136,0,14,14,150
04/01/2023,CLL,TX,ASW,CE,Federal Contract Tower,5,2,26,29,62,0,16,125,7,148,5,18,151,36,210,74,6,80,290
04/02/2023,CLL,TX,ASW,CE,Federal Contract Tower,4,6,29,32,71,0,3,28,6,37,4,9,57,38,108,60,0,60,168
04/03/2023,CLL,TX,ASW,CE,Federal Contract Tower,4,5,39,6,54,0,9,56,4,69,4,14,95,10,123,62,0,62,185
04/04/2023,CLL,TX,ASW,CE,Federal Contract Tower,6,6,31,38,81,0,3,24,4,31,6,9,55,42,112,6,24,30,142
04/05/2023,CLL,TX,ASW,CE,Federal Contract Tower,4,8,29,3,44,0,1,14,0,15,4,9,43,3,59,40,0,40,99
04/06/2023,CLL,TX,ASW,CE,Federal Contract Tower,5,7,6,0,18,0,0,0,0,0,5,7,6,0,18,0,0,0,18
04/07/2023,CLL,TX,ASW,CE,Federal Contract Tower,4,6,6,0,16,0,0,0,0,0,4,6,6,0,16,0,0,0,16
04/08/2023,CLL,TX,ASW,CE,Federal Contract Tower,7,8,33,15,63,0,1,9,0,10,7,9,42,15,73,24,0,24,97
04/09/2023,CLL,TX,ASW,CE,Federal Contract Tower,4,3,14,14,35,0,4,57,3,64,4,7,71,17,99,20,42,62,161
04/10/2023,CLL,TX,ASW,CE,Federal Contract Tower,4,16,27,8,55,0,10,52,2,64,4,26,79,10,119,12,6,18,137
04/11/2023,CLL,TX,ASW,CE,Federal Contract Tower,4,8,35,24,71,0,12,87,10,109,4,20,122,34,180,74,14,88,268
04/12/2023,CLL,TX,ASW,CE,Federal Contract Tower,4,18,38,18,78,0,5,94,13,112,4,23,132,31,190,86,20,106,296
04/13/2023,CLL,TX,ASW,CE,Federal Contract Tower,4,11,50,15,80,0,6,110,16,132,4,17,160,31,212,92,20,112,324
04/14/2023,CLL,TX,ASW,CE,Federal Contract Tower,4,16,54,29,103,0,4,52,2,58,4,20,106,31,161,44,0,44,205
04/15/2023,CLL,TX,ASW,CE,Federal Contract Tower,2,8,41,17,68,0,14,68,8,90,2,22,109,25,158,48,38,86,244
04/16/2023,CLL,TX,ASW,CE,Federal Contract Tower,6,8,35,19,68,0,9,94,4,107,6,17,129,23,175,46,4,50,225
04/17/2023,CLL,TX,ASW,CE,Federal Contract Tower,3,14,24,28,69,0,14,77,13,104,3,28,101,41,173,28,8,36,209
04/18/2023,CLL,TX,ASW,CE,Federal Contract Tower,4,7,33,20,64,0,2,36,9,47,4,9,69,29,111,20,18,38,149
04/19/2023,CLL,TX,ASW,CE,Federal Contract Tower,5,10,42,20,77,0,3,50,3,56,5,13,92,23,133,94,0,94,227
04/20/2023,CLL,TX,ASW,CE,Federal Contract Tower,5,5,38,6,54,0,1,2,2,5,5,6,40,8,59,0,0,0,59
04/21/2023,CLL,TX,ASW,CE,Federal Contract Tower,4,8,62,10,84,0,11,44,0,55,4,19,106,10,139,42,0,42,181
04/22/2023,CLL,TX,ASW,CE,Federal Contract Tower,4,5,9,9,27,0,22,123,3,148,4,27,132,12,175,52,0,52,227
04/23/2023,CLL,TX,ASW,CE,Federal Contract Tower,7,7,15,38,67,0,8,20,5,33,7,15,35,43,100,2,4,6,106
04/24/2023,CLL,TX,ASW,CE,Federal Contract Tower,4,17,45,67,133,0,2,74,19,95,4,19,119,86,228,80,22,102,330
04/25/2023,CLL,TX,ASW,CE,Federal Contract Tower,4,4,38,23,69,0,4,42,10,56,4,8,80,33,125,74,32,106,231
04/26/2023,CLL,TX,ASW,CE,Federal Contract Tower,3,9,24,12,48,0,0,18,6,24,3,9,42,18,72,54,2,56,128
04/27/2023,CLL,TX,ASW,CE,Federal Contract Tower,7,21,66,14,108,0,13,61,4,78,7,34,127,18,186,30,0,30,216
04/28/2023,CLL,TX,ASW,CE,Federal Contract Tower,4,27,78,25,134,0,7,43,3,53,4,34,121,28,187,32,24,56,243
04/29/2023,CLL,TX,ASW,CE,Federal Contract Tower,6,17,29,6,58,0,18,64,0,82,6,35,93,6,140,10,0,10,150
04/30/2023,CLL,TX,ASW,CE,Federal Contract Tower,5,11,44,12,72,0,16,134,5,155,5,27,178,17,227,84,16,100,327
05/01/2023,CLL,TX,ASW,CE,Federal Contract Tower,4,12,23,19,58,0,0,84,5,89,4,12,107,24,147,66,14,80,227
05/02/2023,CLL,TX,ASW,CE,Federal Contract Tower,4,6,58,14,82,0,2,67,3,72,4,8,125,17,154,78,2,80,234
05/03/2023,CLL,TX,ASW,CE,Federal Contract Tower,4,13,53,11,81,0,12,72,7,91,4,25,125,18,172,158,0,158,330
05/04/2023,CLL,TX,ASW,CE,Federal Contract Tower,6,11,46,15,78,0,2,18,1,21,6,13,64,16,99,66,8,74,173
05/05/2023,CLL,TX,ASW,CE,Federal Contract Tower,4,5,47,6,62,0,12,35,2,49,4,17,82,8,111,12,0,12,123
05/06/2023,CLL,TX,ASW,CE,Federal Contract Tower,3,12,39,2,56,0,16,45,3,64,3,28,84,5,120,44,10,54,174
05/07/2023,CLL,TX,ASW,CE,Federal Contract Tower,6,7,36,0,49,0,6,14,0,20,6,13,50,0,69,6,0,6,75
05/09/2023,CLL,TX,ASW,CE,Federal Contract Tower,3,8,18,2,31,0,4,13,2,19,3,12,31,4,50,0,0,0,50
05/10/2023,CLL,TX,ASW,CE,Federal Contract Tower,4,10,26,5,45,0,0,10,1,11,4,10,36,6,56,18,0,18,74
05/11/2023,CLL,TX,ASW,CE,Federal Contract Tower,7,7,25,24,63,0,6,28,6,40,7,13,53,30,103,90,4,94,197
05/12/2023,CLL,TX,ASW,CE,Federal Contract Tower,5,13,45,11,74,0,15,60,6,81,5,28,105,17,155,38,12,50,205
05/13/2023,CLL,TX,ASW,CE,Federal Contract Tower,5,2,7,0,14,0,0,14,0,14,5,2,21,0,28,16,0,16,44
05/14/2023,CLL,TX,ASW,CE,Federal Contract Tower,4,4,15,6,29,0,0,20,0,20,4,4,35,6,49,18,0,18,67
05/15/2023,CLL,TX,ASW,CE,Federal Contract Tower,5,10,22,13,50,0,2,27,2,31,5,12,49,15,81,52,2,54,135
05/16/2023,CLL,TX,ASW,CE,Federal Contract Tower,4,11,40,19,74,0,6,73,4,83,4,17,113,23,157,98,0,98,255
05/17/2023,CLL,TX,ASW,CE,Federal Contract Tower,6,10,45,43,104,0,11,93,9,113,6,21,138,52,217,80,0,80,297
05/18/2023,CLL,TX,ASW,CE,Federal Contract Tower,4,3,41,33,81,0,10,118,7,135,4,13,159,40,216,44,20,64,280
05/19/2023,CLL,TX,ASW,CE,Federal Contract Tower,2,18,35,14,69,0,32,95,7,134,2,50,130,21,203,18,0,18,221
05/20/2023,CLL,TX,ASW,CE,Federal Contract Tower,4,4,29,30,67,0,14,85,12,111,4,18,114,42,178,12,4,16,194
05/21/2023,CLL,TX,ASW,CE,Federal Contract Tower,4,12,32,42,90,0,11,37,7,55,4,23,69,49,145,18,0,18,163
05/22/2023,CLL,TX,ASW,CE,Federal Contract Tower,4,8,31,34,77,0,10,89,6,105,4,18,120,40,182,48,0,48,230
05/23/2023,CLL,TX,ASW,CE,Federal Contract Tower,7,14,28,30,79,0,11,91,10,112,7,25,119,40,191,44,2,46,237
05/24/2023,CLL,TX,ASW,CE,Federal Contract Tower,4,10,44,12,70,0,11,83,5,99,4,21,127,17,169,76,10,86,255
05/25/2023,CLL,TX,ASW,CE,Federal Contract Tower,4,22,33,15,74,0,9,114,11,134,4,31,147,26,208,10,24,34,242
05/26/2023,CLL,TX,ASW,CE,Federal Contract Tower,5,13,27,11,56,0,12,100,0,112,5,25,127,11,168,76,2,78,246
05/27/2023,CLL,TX,ASW,CE,Federal Contract Tower,3,6,18,0,27,0,8,101,0,109,3,14,119,0,136,24,0,24,160
05/28/2023,CLL,TX,ASW,CE,Federal Contract Tower,4,3,16,6,29,0,24,59,5,88,4,27,75,11,117,30,8,38,155
05/29/2023,CLL,TX,ASW,CE,Federal Contract Tower,6,6,20,2,34,0,2,44,0,46,6,8,64,2,80,50,0,50,130
05/30/2023,CLL,TX,ASW,CE,Federal Contract Tower,4,2,36,11,53,0,9,74,10,93,4,11,110,21,146,44,4,48,194
05/31/2023,CLL,TX,ASW,CE,Federal Contract Tower,6,5,37,21,69,0,14,84,6,104,6,19,121,27,173,44,6,50,223
06/01/2023,CLL,TX,ASW,CE,Federal Contract Tower,4,13,29,20,66,0,9,99,6,114,4,22,128,26,180,66,0,66,246
06/02/2023,CLL,TX,ASW,CE,Federal Contract Tower,4,5,31,8,48,0,8,102,3,113,4,13,133,11,161,50,0,50,211
06/03/2023,CLL,TX,ASW,CE,Federal Contract Tower,5,4,19,12,40,0,18,71,4,93,5,22,90,16,133,10,2,12,145
06/04/2023,CLL,TX,ASW,CE,Federal Contract Tower,4,10,15,21,50,0,1,41,8,50,4,11,56,29,100,2,18,20,120
06/05/2023,CLL,TX,ASW,CE,Federal Contract Tower,2,10,22,0,34,0,4,24,7,35,2,14,46,7,69,44,0,44,113
06/06/2023,CLL,TX,ASW,CE,Federal Contract Tower,3,8,33,14,58,0,4,54,1,59,3,12,87,15,117,72,0,72,189
06/07/2023,CLL,TX,ASW,CE,Federal Contract Tower,4,1,26,14,45,0,0,76,6,82,4,1,102,20,127,82,4,86,213
06/08/2023,CLL,TX,ASW,CE,Federal Contract Tower,2,8,17,7,34,0,11,58,4,73,2,19,75,11,107,6,6,12,119
06/09/2023,CLL,TX,ASW,CE,Federal Contract Tower,4,2,20,8,34,0,10,108,6,124,4,12,128,14,158,18,0,18,176
06/10/2023,CLL,TX,ASW,CE,Federal Contract Tower,4,3,16,5,28,0,8,54,1,63,4,11,70,6,91,28,0,28,119
06/11/2023,CLL,TX,ASW,CE,Federal Contract Tower,5,5,14,25,49,0,2,38,9,49,5,7,52,34,98,4,16,20,118
06/12/2023,CLL,TX,ASW,CE,Federal Contract Tower,4,5,14,9,32,0,3,39,8,50,4,8,53,17,82,40,10,50,132
06/13/2023,CLL,TX,ASW,CE,Federal Contract Tower,4,9,26,3,42,0,4,35,4,43,4,13,61,7,85,18,0,18,103
06/14/2023,CLL,TX,ASW,CE,Federal Contract Tower,4,6,48,13,71,0,5,36,4,45,4,11,84,17,116,20,0,20,136
06/15/2023,CLL,TX,ASW,CE,Federal Contract Tower,4,13,38,1,56,0,10,34,2,46,4,23,72,3,102,2,0,2,104
06/16/2023,CLL,TX,ASW,CE,Federal Contract Tower,5,9,20,13,47,0,15,46,5,66,5,24,66,18,113,70,8,78,191
06/17/2023,CLL,TX,ASW,CE,Federal Contract Tower,8,5,22,4,39,0,2,74,4,80,8,7,96,8,119,10,4,14,133
06/18/2023,CLL,TX,ASW,CE,Federal Contract Tower,4,5,10,14,33,0,4,41,3,48,4,9,51,17,81,14,4,18,99
06/19/2023,CLL,TX,ASW,CE,Federal Contract Tower,4,6,25,3,38,0,2,46,0,48,4,8,71,3,86,18,0,18,104
06/20/2023,CLL,TX,ASW,CE,Federal Contract Tower,4,8,26,11,49,0,13,47,9,69,4,21,73,20,118,44,10,54,172
06/21/2023,CLL,TX,ASW,CE,Federal Contract Tower,5,7,33,8,53,0,4,64,6,74,5,11,97,14,127,94,2,96,223
06/22/2023,CLL,TX,ASW,CE,Federal Contract Tower,4,8,16,15,43,0,4,63,17,84,4,12,79,32,127,32,10,42,169
06/23/2023,CLL,TX,ASW,CE,Federal Contract Tower,4,7,20,14,45,0,5,56,9,70,4,12,76,23,115,0,4,4,119
06/24/2023,CLL,TX,ASW,CE,Federal Contract Tower,4,8,20,9,41,0,4,41,8,53,4,12,61,17,94,86,44,130,224
06/25/2023,CLL,TX,ASW,CE,Federal Contract Tower,4,6,12,13,35,0,3,57,8,68,4,9,69,21,103,58,0,58,161
06/26/2023,CLL,TX,ASW,CE,Federal Contract Tower,6,11,16,2,35,0,12,66,6,84,6,23,82,8,119,72,0,72,191
06/27/2023,CLL,TX,ASW,CE,Federal Contract Tower,4,4,21,24,53,0,8,55,17,80,4,12,76,41,133,26,14,40,173
06/28/2023,CLL,TX,ASW,CE,Federal Contract Tower,8,7,19,3,37,0,3,73,5,81,8,10,92,8,118,36,8,44,162
06/29/2023,CLL,TX,ASW,CE,Federal Contract Tower,6,11,22,7,46,0,2,89,11,102,6,13,111,18,148,0,4,4,152
06/30/2023,CLL,TX,ASW,CE,Federal Contract Tower,4,8,28,10,50,0,6,68,1,75,4,14,96,11,125,30,0,30,155
07/01/2023,CLL,TX,ASW,CE,Federal Contract Tower,4,9,12,1,26,0,0,94,1,95,4,9,106,2,121,18,0,18,139
07/02/2023,CLL,TX,ASW,CE,Federal Contract Tower,12,4,5,11,32,0,6,38,2,46,12,10,43,13,78,20,0,20,98
07/03/2023,CLL,TX,ASW,CE,Federal Contract Tower,6,3,20,1,30,0,15,68,7,90,6,18,88,8,120,6,10,16,136
07/04/2023,CLL,TX,ASW,CE,Federal Contract Tower,4,0,19,0,23,0,0,10,0,10,4,0,29,0,33,8,0,8,41
07/05/2023,CLL,TX,ASW,CE,Federal Contract Tower,4,3,18,12,37,0,1,24,9,34,4,4,42,21,71,16,8,24,95
07/06/2023,CLL,TX,ASW,CE,Federal Contract Tower,4,4,12,6,26,0,1,4,2,7,4,5,16,8,33,4,0,4,37
07/07/2023,CLL,TX,ASW,CE,Federal Contract Tower,4,7,10,58,79,0,5,83,13,101,4,12,93,71,180,52,22,74,254
07/08/2023,CLL,TX,ASW,CE,Federal Contract Tower,4,10,26,15,55,0,18,74,12,104,4,28,100,27,159,30,22,52,211
07/09/2023,CLL,TX,ASW,CE,Federal Contract Tower,4,4,23,17,48,0,3,57,5,65,4,7,80,22,113,16,4,20,133
07/10/2023,CLL,TX,ASW,CE,Federal Contract Tower,3,9,4,14,30,0,19,61,3,83,3,28,65,17,113,72,8,80,193
07/11/2023,CLL,TX,ASW,CE,Federal Contract Tower,4,4,22,13,43,0,14,74,10,98,4,18,96,23,141,46,8,54,195
07/12/2023,CLL,TX,ASW,CE,Federal Contract Tower,4,4,28,9,45,0,4,61,8,73,4,8,89,17,118,38,14,52,170
07/13/2023,CLL,TX,ASW,CE,Federal Contract Tower,7,4,30,23,64,0,11,66,19,96,7,15,96,42,160,30,26,56,216
07/14/2023,CLL,TX,ASW,CE,Federal Contract Tower,4,4,26,42,76,0,17,57,16,90,4,21,83,58,166,34,16,50,216
07/15/2023,CLL,TX,ASW,CE,Federal Contract Tower,4,4,27,7,42,0,10,62,0,72,4,14,89,7,114,40,0,40,154
07/16/2023,CLL,TX,ASW,CE,Federal Contract Tower,4,30,22,28,84,0,0,70,12,82,4,30,92,40,166,34,4,38,204
07/17/2023,CLL,TX,ASW,CE,Federal Contract Tower,4,8,10,26,48,0,4,79,12,95,4,12,89,38,143,76,6,82,225
07/18/2023,CLL,TX,ASW,CE,Federal Contract Tower,4,7,18,9,38,0,3,66,6,75,4,10,84,15,113,64,4,68,181
07/19/2023,CLL,TX,ASW,CE,Federal Contract Tower,4,7,22,10,43,0,6,69,7,82,4,13,91,17,125,88,20,108,233
07/20/2023,CLL,TX,ASW,CE,Federal Contract Tower,4,8,27,11,50,0,3,67,17,87,4,11,94,28,137,22,20,42,179
07/21/2023,CLL,TX,ASW,CE,Federal Contract Tower,4,6,16,10,36,0,4,75,4,83,4,10,91,14,119,48,0,48,167
07/22/2023,CLL,TX,ASW,CE,Federal Contract Tower,2,7,16,0,25,0,12,62,0,74,2,19,78,0,99,34,0,34,133
07/23/2023,CLL,TX,ASW,CE,Federal Contract Tower,4,0,13,8,25,0,2,54,4,60,4,2,67,12,85,18,16,34,119
07/24/2023,CLL,TX,ASW,CE,Federal Contract Tower,4,7,21,15,47,0,11,50,6,67,4,18,71,21,114,40,10,50,164
07/25/2023,CLL,TX,ASW,CE,Federal Contract Tower,4,4,24,10,42,0,2,67,7,76,4,6,91,17,118,34,2,36,154
07/26/2023,CLL,TX,ASW,CE,Federal Contract Tower,5,6,32,26,69,0,11,73,11,95,5,17,105,37,164,30,26,56,220
07/27/2023,CLL,TX,ASW,CE,Federal Contract Tower,5,8,24,4,41,0,8,67,12,87,5,16,91,16,128,44,6,50,178
07/28/2023,CLL,TX,ASW,CE,Federal Contract Tower,4,10,26,13,53,0,11,73,5,89,4,21,99,18,142,32,4,36,178
07/29/2023,CLL,TX,ASW,CE,Federal Contract Tower,4,2,17,0,23,0,9,62,0,71,4,11,79,0,94,14,0,14,108
07/30/2023,CLL,TX,ASW,CE,Federal Contract Tower,4,4,15,10,33,0,8,72,0,80,4,12,87,10,113,30,0,30,143
07/31/2023,CLL,TX,ASW,CE,Federal Contract Tower,4,14,11,18,47,0,8,89,3,100,4,22,100,21,147,70,0,70,217
08/01/2023,CLL,TX,ASW,CE,Federal Contract Tower,4,0,25,19,48,0,4,108,10,122,4,4,133,29,170,106,2,108,278
08/02/2023,CLL,TX,ASW,CE,Federal Contract Tower,4,2,24,15,45,0,6,89,13,108,4,8,113,28,153,68,12,80,233
08/03/2023,CLL,TX,ASW,CE,Federal Contract Tower,4,9,23,7,43,0,21,70,11,102,4,30,93,18,145,46,6,52,197
08/04/2023,CLL,TX,ASW,CE,Federal Contract Tower,4,7,27,34,72,0,17,65,0,82,4,24,92,34,154,36,0,36,190
08/05/2023,CLL,TX,ASW,CE,Federal Contract Tower,4,9,9,5,27,0,13,96,3,112,4,22,105,8,139,24,0,24,163
08/06/2023,CLL,TX,ASW,CE,Federal Contract Tower,5,4,18,18,45,0,11,73,13,97,5,15,91,31,142,40,30,70,212
08/07/2023,CLL,TX,ASW,CE,Federal Contract Tower,4,8,32,23,67,0,8,53,3,64,4,16,85,26,131,66,2,68,199
08/08/2023,CLL,TX,ASW,CE,Federal Contract Tower,4,5,22,15,46,0,2,59,10,71,4,7,81,25,117,88,0,88,205
08/09/2023,CLL,TX,ASW,CE,Federal Contract Tower,4,10,27,19,60,0,7,58,6,71,4,17,85,25,131,78,0,78,209
08/10/2023,CLL,TX,ASW,CE,Federal Contract Tower,6,12,22,28,68,0,12,54,19,85,6,24,76,47,153,58,12,70,223
08/11/2023,CLL,TX,ASW,CE,Federal Contract Tower,4,4,39,12,59,0,0,47,3,50,4,4,86,15,109,2,0,2,111
08/12/2023,CLL,TX,ASW,CE,Federal Contract Tower,4,2,11,13,30,0,4,59,3,66,4,6,70,16,96,38,0,38,134
08/13/2023,CLL,TX,ASW,CE,Federal Contract Tower,4,5,18,17,44,0,14,43,1,58,4,19,61,18,102,56,0,56,158
08/14/2023,CLL,TX,ASW,CE,Federal Contract Tower,4,5,21,31,61,0,2,58,11,71,4,7,79,42,132,114,8,122,254
08/15/2023,CLL,TX,ASW,CE,Federal Contract Tower,5,6,27,23,61,0,8,76,5,89,5,14,103,28,150,106,2,108,258
08/16/2023,CLL,TX,ASW,CE,Federal Contract Tower,5,13,25,12,55,0,14,79,9,102,5,27,104,21,157,100,0,100,257
08/17/2023,CLL,TX,ASW,CE,Federal Contract Tower,6,8,25,28,67,0,1,89,6,96,6,9,114,34,163,64,2,66,229
08/18/2023,CLL,TX,ASW,CE,Federal Contract Tower,5,8,19,17,49,0,6,94,2,102,5,14,113,19,151,70,0,70,221
08/19/2023,CLL,TX,ASW,CE,Federal Contract Tower,6,0,12,3,21,0,10,83,5,98,6,10,95,8,119,38,0,38,157
08/20/2023,CLL,TX,ASW,CE,Federal Contract Tower,7,9,5,17,38,0,11,71,2,84,7,20,76,19,122,34,0,34,156
08/21/2023,CLL,TX,ASW,CE,Federal Contract Tower,6,7,16,2,31,0,15,72,7,94,6,22,88,9,125,78,0,78,203
08/22/2023,CLL,TX,ASW,CE,Federal Contract Tower,6,6,15,8,35,0,4,44,2,50,6,10,59,10,85,46,0,46,131
08/23/2023,CLL,TX,ASW,CE,Federal Contract Tower,5,3,22,44,74,0,9,70,12,91,5,12,92,56,165,38,14,52,217
08/24/2023,CLL,TX,ASW,CE,Federal Contract Tower,6,9,26,22,63,0,14,79,15,108,6,23,105,37,171,90,0,90,261
08/25/2023,CLL,TX,ASW,CE,Federal Contract Tower,6,4,20,36,66,0,14,87,9,110,6,18,107,45,176,68,8,76,252
08/26/2023,CLL,TX,ASW,CE,Federal Contract Tower,6,6,17,0,29,0,16,79,0,95,6,22,96,0,124,74,12,86,210
08/28/2023,CLL,TX,ASW,CE,Federal Contract Tower,6,3,28,44,81,0,14,47,3,64,6,17,75,47,145,48,0,48,193
08/29/2023,CLL,TX,ASW,CE,Federal Contract Tower,7,1,25,39,72,0,10,53,8,71,7,11,78,47,143,80,6,86,229
08/30/2023,CLL,TX,ASW,CE,Federal Contract Tower,6,7,31,46,90,0,6,78,13,97,6,13,109,59,187,60,30,90,277
08/31/2023,CLL,TX,ASW,CE,Federal Contract Tower,6,3,28,31,68,0,7,74,16,97,6,10,102,47,165,96,18,114,279
01/01/2020,CLL,TX,ASW,CE,Federal Contract Tower,0,9,7,0,16,0,0,4,0,4,0,9,11,0,20,4,0,4,24
01/02/2020,CLL,TX,ASW,CE,Federal Contract Tower,0,12,7,6,25,0,0,0,0,0,0,12,7,6,25,0,0,0,25
01/03/2020,CLL,TX,ASW,CE,Federal Contract Tower,2,13,34,20,69,0,2,23,0,25,2,15,57,20,94,38,0,38,132
01/04/2020,CLL,TX,ASW,CE,Federal Contract Tower,0,9,38,12,59,0,0,64,0,64,0,9,102,12,123,18,0,18,141
01/05/2020,CLL,TX,ASW,CE,Federal Contract Tower,2,10,9,19,40,0,7,35,3,45,2,17,44,22,85,22,6,28,113
01/06/2020,CLL,TX,ASW,CE,Federal Contract Tower,0,11,20,54,85,0,7,51,7,65,0,18,71,61,150,20,14,34,184
01/07/2020,CLL,TX,ASW,CE,Federal Contract Tower,0,12,27,31,70,0,15,66,8,89,0,27,93,39,159,0,2,2,161
01/08/2020,CLL,TX,ASW,CE,Federal Contract Tower,0,9,40,61,110,0,11,40,6,57,0,20,80,67,167,4,8,12,179
01/09/2020,CLL,TX,ASW,CE,Federal Contract Tower,0,11,26,39,76,0,0,3,7,10,0,11,29,46,86,0,6,6,92
01/10/2020,CLL,TX,ASW,CE,Federal Contract Tower,2,8,11,8,29,0,3,2,0,5,2,11,13,8,34,0,0,0,34
01/11/2020,CLL,TX,ASW,CE,Federal Contract Tower,1,10,10,65,86,0,6,33,5,44,1,16,43,70,130,8,36,44,174
01/12/2020,CLL,TX,ASW,CE,Federal Contract Tower,0,9,33,28,70,0,11,83,13,107,0,20,116,41,177,26,62,88,265
01/13/2020,CLL,TX,ASW,CE,Federal Contract Tower,2,12,24,28,66,0,2,6,2,10,2,14,30,30,76,22,10,32,108
01/14/2020,CLL,TX,ASW,CE,Federal Contract Tower,1,8,13,12,34,0,0,0,0,0,1,8,13,12,34,0,0,0,34
01/15/2020,CLL,TX,ASW,CE,Federal Contract Tower,1,8,13,12,34,0,0,0,0,0,1,8,13,12,34,0,0,0,34
01/16/2020,CLL,TX,ASW,CE,Federal Contract Tower,0,11,24,16,51,0,0,4,1,5,0,11,28,17,56,0,8,8,64
01/17/2020,CLL,TX,ASW,CE,Federal Contract Tower,0,16,28,14,58,0,2,7,0,9,0,18,35,14,67,10,0,10,77
01/18/2020,CLL,TX,ASW,CE,Federal Contract Tower,1,16,27,21,65,0,3,33,0,36,1,19,60,21,101,0,12,12,113
01/19/2020,CLL,TX,ASW,CE,Federal Contract Tower,1,9,20,13,43,0,0,85,3,88,1,9,105,16,131,10,24,34,165
01/20/2020,CLL,TX,ASW,CE,Federal Contract Tower,2,13,34,7,56,0,4,73,2,79,2,17,107,9,135,28,0,28,163
01/21/2020,CLL,TX,ASW,CE,Federal Contract Tower,0,8,24,64,96,0,4,66,11,81,0,12,90,75,177,18,20,38,215
01/22/2020,CLL,TX,ASW,CE,Federal Contract Tower,0,16,18,0,34,0,0,0,0,0,0,16,18,0,34,0,0,0,34
01/23/2020,CLL,TX,ASW,CE,Federal Contract Tower,0,15,54,23,92,0,0,17,5,22,0,15,71,28,114,18,0,18,132
01/24/2020,CLL,TX,ASW,CE,Federal Contract Tower,0,12,16,55,83,0,4,69,10,83,0,16,85,65,166,6,16,22,188
01/25/2020,CLL,TX,ASW,CE,Federal Contract Tower,0,11,11,33,55,0,7,54,9,70,0,18,65,42,125,12,14,26,151
01/26/2020,CLL,TX,ASW,CE,Federal Contract Tower,0,14,23,3,40,0,0,45,1,46,0,14,68,4,86,36,0,36,122
01/27/2020,CLL,TX,ASW,CE,Federal Contract Tower,3,10,10,11,34,0,0,6,0,6,3,10,16,11,40,0,0,0,40
01/28/2020,CLL,TX,ASW,CE,Federal Contract Tower,0,15,16,15,46,0,0,12,4,16,0,15,28,19,62,0,0,0,62
01/29/2020,CLL,TX,ASW,CE,Federal Contract Tower,0,14,26,66,106,0,6,24,8,38,0,20,50,74,144,22,12,34,178
01/30/2020,CLL,TX,ASW,CE,Federal Contract Tower,0,13,48,49,110,0,2,8,2,12,0,15,56,51,122,20,8,28,150
01/31/2020,CLL,TX,ASW,CE,Federal Contract Tower,1,10,48,27,86,0,0,38,9,47,1,10,86,36,133,0,2,2,135
02/01/2020,CLL,TX,ASW,CE,Federal Contract Tower,2,12,6,67,87,0,2,107,27,136,2,14,113,94,223,30,42,72,295
02/02/2020,CLL,TX,ASW,CE,Federal Contract Tower,0,13,19,6,38,0,4,77,4,85,0,17,96,10,123,30,10,40,163
02/03/2020,CLL,TX,ASW,CE,Federal Contract Tower,1,8,26,12,47,0,2,29,4,35,1,10,55,16,82,6,0,6,88
02/04/2020,CLL,TX,ASW,CE,Federal Contract Tower,1,12,37,24,74,0,2,29,4,35,1,14,66,28,109,20,0,20,129
02/05/2020,CLL,TX,ASW,CE,Federal Contract Tower,0,8,13,11,32,0,0,0,0,0,0,8,13,11,32,0,0,0,32
02/06/2020,CLL,TX,ASW,CE,Federal Contract Tower,0,9,50,25,84,0,7,28,3,38,0,16,78,28,122,24,2,26,148
02/07/2020,CLL,TX,ASW,CE,Federal Contract Tower,2,13,32,43,90,0,4,64,6,74,2,17,96,49,164,16,2,18,182
02/08/2020,CLL,TX,ASW,CE,Federal Contract Tower,2,9,31,17,59,0,2,65,11,78,2,11,96,28,137,28,28,56,193
02/09/2020,CLL,TX,ASW,CE,Federal Contract Tower,0,19,37,11,67,0,0,5,0,5,0,19,42,11,72,0,0,0,72
02/10/2020,CLL,TX,ASW,CE,Federal Contract Tower,0,19,6,0,25,0,0,0,0,0,0,19,6,0,25,0,0,0,25
02/11/2020,CLL,TX,ASW,CE,Federal Contract Tower,1,9,10,0,20,0,0,0,0,0,1,9,10,0,20,0,0,0,20
02/12/2020,CLL,TX,ASW,CE,Federal Contract Tower,1,10,18,31,60,0,1,0,0,1,1,11,18,31,61,0,0,0,61
02/13/2020,CLL,TX,ASW,CE,Federal Contract Tower,0,18,38,53,109,0,7,68,2,77,0,25,106,55,186,54,8,62,248
02/14/2020,CLL,TX,ASW,CE,Federal Contract Tower,0,18,22,33,73,0,2,103,0,105,0,20,125,33,178,46,0,46,224
02/15/2020,CLL,TX,ASW,CE,Federal Contract Tower,0,7,27,3,37,0,2,52,1,55,0,9,79,4,92,54,0,54,146
02/16/2020,CLL,TX,ASW,CE,Federal Contract Tower,1,25,17,2,45,0,0,30,1,31,1,25,47,3,76,12,0,12,88
02/17/2020,CLL,TX,ASW,CE,Federal Contract Tower,0,14,23,0,37,0,3,18,0,21,0,17,41,0,58,48,0,48,106
02/18/2020,CLL,TX,ASW,CE,Federal Contract Tower,2,17,26,27,72,0,1,13,1,15,2,18,39,28,87,4,0,4,91
02/19/2020,CLL,TX,ASW,CE,Federal Contract Tower,0,21,25,0,46,0,0,0,0,0,0,21,25,0,46,0,0,0,46
02/20/2020,CLL,TX,ASW,CE,Federal Contract Tower,0,18,19,11,48,0,1,0,0,1,0,19,19,11,49,0,4,4,53
02/21/2020,CLL,TX,ASW,CE,Federal Contract Tower,0,12,42,78,132,0,2,75,17,94,0,14,117,95,226,8,18,26,252
02/22/2020,CLL,TX,ASW,CE,Federal Contract Tower,0,12,22,72,106,0,2,95,23,120,0,14,117,95,226,34,54,88,314
02/23/2020,CLL,TX,ASW,CE,Federal Contract Tower,1,11,39,43,94,0,0,10,5,15,1,11,49,48,109,14,8,22,131
02/24/2020,CLL,TX,ASW,CE,Federal Contract Tower,1,13,31,41,86,0,6,50,13,69,1,19,81,54,155,22,10,32,187
02/25/2020,CLL,TX,ASW,CE,Federal Contract Tower,0,10,36,68,114,0,6,69,7,82,0,16,105,75,196,18,0,18,214
02/26/2020,CLL,TX,ASW,CE,Federal Contract Tower,10,17,11,25,63,0,2,40,11,53,10,19,51,36,116,38,8,46,162
02/27/2020,CLL,TX,ASW,CE,Federal Contract Tower,2,16,41,71,130,0,3,63,21,87,2,19,104,92,217,30,82,112,329
02/28/2020,CLL,TX,ASW,CE,Federal Contract Tower,4,22,32,27,85,0,0,55,5,60,4,22,87,32,145,22,18,40,185
02/29/2020,CLL,TX,ASW,CE,Federal Contract Tower,7,10,20,14,51,0,10,68,15,93,7,20,88,29,144,14,20,34,178
03/01/2020,CLL,TX,ASW,CE,Federal Contract Tower,2,15,13,24,54,0,2,24,0,26,2,17,37,24,80,12,0,12,92
03/02/2020,CLL,TX,ASW,CE,Federal Contract Tower,2,14,20,30,66,0,3,15,2,20,2,17,35,32,86,14,10,24,110
03/03/2020,CLL,TX,ASW,CE,Federal Contract Tower,4,8,30,36,78,0,2,20,0,22,4,10,50,36,100,16,0,16,116
03/04/2020,CLL,TX,ASW,CE,Federal Contract Tower,4,10,26,20,60,0,0,3,0,3,4,10,29,20,63,0,0,0,63
03/05/2020,CLL,TX,ASW,CE,Federal Contract Tower,2,15,31,62,110,0,2,71,4,77,2,17,102,66,187,40,10,50,237
03/06/2020,CLL,TX,ASW,CE,Federal Contract Tower,5,16,27,42,90,0,4,71,5,80,5,20,98,47,170,36,0,36,206
03/07/2020,CLL,TX,ASW,CE,Federal Contract Tower,6,10,40,48,104,0,2,64,20,86,6,12,104,68,190,40,20,60,250
03/08/2020,CLL,TX,ASW,CE,Federal Contract Tower,2,17,47,29,95,0,0,53,5,58,2,17,100,34,153,36,0,36,189
03/09/2020,CLL,TX,ASW,CE,Federal Contract Tower,2,10,24,9,45,0,0,8,0,8,2,10,32,9,53,20,0,20,73
03/10/2020,CLL,TX,ASW,CE,Federal Contract Tower,3,12,21,32,68,0,0,27,0,27,3,12,48,32,95,24,0,24,119
03/11/2020,CLL,TX,ASW,CE,Federal Contract Tower,2,13,34,23,72,0,0,27,9,36,2,13,61,32,108,24,42,66,174
03/12/2020,CLL,TX,ASW,CE,Federal Contract Tower,2,13,27,27,69,0,0,43,8,51,2,13,70,35,120,14,10,24,144
03/13/2020,CLL,TX,ASW,CE,Federal Contract Tower,4,15,30,55,104,0,0,18,1,19,4,15,48,56,123,12,0,12,135
03/14/2020,CLL,TX,ASW,CE,Federal Contract Tower,4,7,20,2,33,0,2,16,0,18,4,9,36,2,51,2,0,2,53
03/15/2020,CLL,TX,ASW,CE,Federal Contract Tower,2,14,19,8,43,0,0,1,0,1,2,14,20,8,44,0,0,0,44
03/16/2020,CLL,TX,ASW,CE,Federal Contract Tower,2,10,31,9,52,0,0,19,2,21,2,10,50,11,73,38,0,38,111
03/17/2020,CLL,TX,ASW,CE,Federal Contract Tower,0,10,20,4,34,0,0,16,4,20,0,10,36,8,54,0,0,0,54
03/19/2020,CLL,TX,ASW,CE,Federal Contract Tower,3,8,6,28,45,0,3,32,11,46,3,11,38,39,91,66,14,80,171
03/20/2020,CLL,TX,ASW,CE,Federal Contract Tower,2,8,3,0,13,0,0,0,0,0,2,8,3,0,13,0,0,0,13
03/21/2020,CLL,TX,ASW,CE,Federal Contract Tower,2,5,4,19,30,0,2,0,0,2,2,7,4,19,32,0,0,0,32
03/22/2020,CLL,TX,ASW,CE,Federal Contract Tower,0,6,7,9,22,0,0,0,0,0,0,6,7,9,22,0,0,0,22
03/23/2020,CLL,TX,ASW,CE,Federal Contract Tower,0,7,15,8,30,0,1,19,2,22,0,8,34,10,52,6,8,14,66
03/24/2020,CLL,TX,ASW,CE,Federal Contract Tower,0,4,19,4,27,0,4,37,0,41,0,8,56,4,68,2,0,2,70
03/25/2020,CLL,TX,ASW,CE,Federal Contract Tower,0,5,26,11,42,0,0,52,1,53,0,5,78,12,95,2,0,2,97
03/26/2020,CLL,TX,ASW,CE,Federal Contract Tower,0,7,14,11,32,0,2,15,1,18,0,9,29,12,50,10,0,10,60
03/27/2020,CLL,TX,ASW,CE,Federal Contract Tower,0,6,7,15,28,0,2,15,2,19,0,8,22,17,47,0,0,0,47
03/28/2020,CLL,TX,ASW,CE,Federal Contract Tower,0,2,0,0,2,0,2,6,0,8,0,4,6,0,10,0,0,0,10
03/29/2020,CLL,TX,ASW,CE,Federal Contract Tower,0,8,18,12,38,0,2,34,0,36,0,10,52,12,74,24,0,24,98
03/30/2020,CLL,TX,ASW,CE,Federal Contract Tower,0,1,0,0,1,0,0,6,3,9,0,1,6,3,10,16,4,20,30
03/31/2020,CLL,TX,ASW,CE,Federal Contract Tower,0,7,14,5,26,0,0,15,3,18,0,7,29,8,44,10,4,14,58
04/01/2020,CLL,TX,ASW,CE,Federal Contract Tower,0,3,17,12,32,0,3,30,1,34,0,6,47,13,66,6,0,6,72
04/02/2020,CLL,TX,ASW,CE,Federal Contract Tower,0,4,12,14,30,0,3,6,2,11,0,7,18,16,41,14,10,24,65
04/03/2020,CLL,TX,ASW,CE,Federal Contract Tower,0,5,10,4,19,0,3,5,0,8,0,8,15,4,27,4,0,4,31
04/04/2020,CLL,TX,ASW,CE,Federal Contract Tower,0,1,4,0,5,0,0,0,0,0,0,1,4,0,5,0,0,0,5
04/05/2020,CLL,TX,ASW,CE,Federal Contract Tower,0,3,17,0,20,0,1,6,0,7,0,4,23,0,27,0,0,0,27
04/06/2020,CLL,TX,ASW,CE,Federal Contract Tower,0,6,26,28,60,0,2,11,0,13,0,8,37,28,73,16,0,16,89
04/07/2020,CLL,TX,ASW,CE,Federal Contract Tower,0,5,11,27,43,0,2,4,2,8,0,7,15,29,51,0,0,0,51
04/08/2020,CLL,TX,ASW,CE,Federal Contract Tower,0,4,14,15,33,0,2,17,0,19,0,6,31,15,52,4,0,4,56
04/09/2020,CLL,TX,ASW,CE,Federal Contract Tower,0,3,9,10,22,0,4,15,0,19,0,7,24,10,41,0,0,0,41
04/10/2020,CLL,TX,ASW,CE,Federal Contract Tower,0,3,15,60,78,0,6,23,7,36,0,9,38,67,114,0,22,22,136
04/11/2020,CLL,TX,ASW,CE,Federal Contract Tower,2,3,3,12,20,0,0,4,1,5,2,3,7,13,25,2,0,2,27
04/12/2020,CLL,TX,ASW,CE,Federal Contract Tower,0,3,4,13,20,0,3,5,0,8,0,6,9,13,28,0,6,6,34
04/13/2020,CLL,TX,ASW,CE,Federal Contract Tower,0,6,11,4,21,0,4,24,4,32,0,10,35,8,53,10,0,10,63
04/14/2020,CLL,TX,ASW,CE,Federal Contract Tower,0,3,12,25,40,0,3,27,5,35,0,6,39,30,75,0,14,14,89
04/15/2020,CLL,TX,ASW,CE,Federal Contract Tower,0,5,7,18,30,0,5,44,10,59,0,10,51,28,89,10,10,20,109
04/16/2020,CLL,TX,ASW,CE,Federal Contract Tower,0,9,20,34,63,0,0,59,3,62,0,9,79,37,125,0,38,38,163
04/17/2020,CLL,TX,ASW,CE,Federal Contract Tower,0,6,17,41,64,0,2,4,0,6,0,8,21,41,70,4,0,4,74
04/18/2020,CLL,TX,ASW,CE,Federal Contract Tower,0,4,4,5,13,0,2,0,0,2,0,6,4,5,15,0,0,0,15
04/19/2020,CLL,TX,ASW,CE,Federal Contract Tower,0,1,10,10,21,0,3,6,4,13,0,4,16,14,34,16,10,26,60
04/20/2020,CLL,TX,ASW,CE,Federal Contract Tower,0,3,18,31,52,0,0,23,4,27,0,3,41,35,79,28,32,60,139
04/21/2020,CLL,TX,ASW,CE,Federal Contract Tower,0,4,26,42,72,0,2,52,12,66,0,6,78,54,138,26,28,54,192
04/22/2020,CLL,TX,ASW,CE,Federal Contract Tower,0,4,5,0,9,0,3,0,2,5,0,7,5,2,14,0,0,0,14
04/23/2020,CLL,TX,ASW,CE,Federal Contract Tower,0,2,20,30,52,0,2,54,10,66,0,4,74,40,118,6,56,62,180
04/24/2020,CLL,TX,ASW,CE,Federal Contract Tower,0,5,27,48,80,0,2,55,4,61,0,7,82,52,141,32,26,58,199
04/25/2020,CLL,TX,ASW,CE,Federal Contract Tower,0,1,18,14,33,0,4,38,5,47,0,5,56,19,80,20,2,22,102
04/26/2020,CLL,TX,ASW,CE,Federal Contract Tower,0,1,12,20,33,0,7,44,3,54,0,8,56,23,87,66,6,72,159
04/27/2020,CLL,TX,ASW,CE,Federal Contract Tower,0,2,21,41,64,0,28,3,0,31,0,30,24,41,95,2,42,44,139
04/28/2020,CLL,TX,ASW,CE,Federal Contract Tower,0,5,8,36,49,0,2,8,7,17,0,7,16,43,66,26,14,40,106
04/29/2020,CLL,TX,ASW,CE,Federal Contract Tower,0,2,13,58,73,0,1,42,8,51,0,3,55,66,124,42,52,94,218
04/30/2020,CLL,TX,ASW,CE,Federal Contract Tower,0,5,19,43,67,0,3,67,8,78,0,8,86,51,145,26,22,48,193
05/01/2020,CLL,TX,ASW,CE,Federal Contract Tower,0,4,14,20,38,0,0,55,8,63,0,4,69,28,101,14,6,20,121
05/02/2020,CLL,TX,ASW,CE,Federal Contract Tower,0,7,22,7,36,0,2,31,0,33,0,9,53,7,69,38,0,38,107
05/04/2020,CLL,TX,ASW,CE,Federal Contract Tower,0,8,17,41,66,0,4,32,17,53,0,12,49,58,119,22,66,88,207
05/05/2020,CLL,TX,ASW,CE,Federal Contract Tower,2,3,22,40,67,0,0,18,12,30,2,3,40,52,97,38,22,60,157
05/06/2020,CLL,TX,ASW,CE,Federal Contract Tower,0,5,20,62,87,0,5,47,7,59,0,10,67,69,146,16,52,68,214
05/07/2020,CLL,TX,ASW,CE,Federal Contract Tower,0,13,9,37,59,0,8,51,10,69,0,21,60,47,128,38,28,66,194
05/08/2020,CLL,TX,ASW,CE,Federal Contract Tower,0,5,17,33,55,0,6,27,4,37,0,11,44,37,92,4,0,4,96
05/09/2020,CLL,TX,ASW,CE,Federal Contract Tower,0,3,19,16,38,0,0,28,0,28,0,3,47,16,66,28,0,28,94
05/10/2020,CLL,TX,ASW,CE,Federal Contract Tower,0,4,8,38,50,0,5,59,10,74,0,9,67,48,124,68,30,98,222
05/11/2020,CLL,TX,ASW,CE,Federal Contract Tower,0,5,22,56,83,0,5,53,6,64,0,10,75,62,147,46,26,72,219
05/12/2020,CLL,TX,ASW,CE,Federal Contract Tower,0,4,9,0,13,0,2,11,0,13,0,6,20,0,26,14,0,14,40
05/13/2020,CLL,TX,ASW,CE,Federal Contract Tower,0,6,32,64,102,0,0,28,13,41,0,6,60,77,143,40,30,70,213
05/14/2020,CLL,TX,ASW,CE,Federal Contract Tower,0,10,15,60,85,0,5,29,3,37,0,15,44,63,122,18,30,48,170
05/15/2020,CLL,TX,ASW,CE,Federal Contract Tower,0,4,14,25,43,0,2,7,0,9,0,6,21,25,52,10,0,10,62
05/16/2020,CLL,TX,ASW,CE,Federal Contract Tower,0,3,3,22,28,0,1,7,2,10,0,4,10,24,38,4,0,4,42
05/17/2020,CLL,TX,ASW,CE,Federal Contract Tower,0,4,21,46,71,0,4,36,14,54,0,8,57,60,125,22,48,70,195
05/18/2020,CLL,TX,ASW,CE,Federal Contract Tower,0,7,16,23,46,0,5,48,7,60,0,12,64,30,106,60,6,66,172
05/19/2020,CLL,TX,ASW,CE,Federal Contract Tower,0,5,29,21,55,0,4,51,20,75,0,9,80,41,130,60,48,108,238
05/20/2020,CLL,TX,ASW,CE,Federal Contract Tower,0,6,40,27,73,0,4,41,5,50,0,10,81,32,123,58,34,92,215
05/21/2020,CLL,TX,ASW,CE,Federal Contract Tower,0,9,14,40,63,0,14,37,5,56,0,23,51,45,119,68,6,74,193
05/22/2020,CLL,TX,ASW,CE,Federal Contract Tower,0,7,33,7,47,0,6,41,2,49,0,13,74,9,96,68,10,78,174
05/23/2020,CLL,TX,ASW,CE,Federal Contract Tower,0,3,16,13,32,0,6,46,3,55,0,9,62,16,87,72,0,72,159
05/24/2020,CLL,TX,ASW,CE,Federal Contract Tower,0,3,2,0,5,0,0,3,0,3,0,3,5,0,8,14,0,14,22
05/25/2020,CLL,TX,ASW,CE,Federal Contract Tower,0,8,18,0,26,0,7,22,0,29,0,15,40,0,55,40,0,40,95
05/26/2020,CLL,TX,ASW,CE,Federal Contract Tower,0,4,29,43,76,0,8,36,9,53,0,12,65,52,129,88,10,98,227
05/27/2020,CLL,TX,ASW,CE,Federal Contract Tower,0,3,25,19,47,0,2,48,4,54,0,5,73,23,101,26,12,38,139
05/28/2020,CLL,TX,ASW,CE,Federal Contract Tower,0,7,15,1,23,0,6,54,6,66,0,13,69,7,89,76,10,86,175
05/29/2020,CLL,TX,ASW,CE,Federal Contract Tower,0,6,37,62,105,0,0,74,15,89,0,6,111,77,194,40,22,62,256
05/30/2020,CLL,TX,ASW,CE,Federal Contract Tower,0,5,17,39,61,0,1,52,4,57,0,6,69,43,118,60,2,62,180
05/31/2020,CLL,TX,ASW,CE,Federal Contract Tower,0,7,19,4,30,0,9,25,0,34,0,16,44,4,64,50,0,50,114
06/01/2020,CLL,TX,ASW,CE,Federal Contract Tower,0,6,27,4,37,0,2,39,5,46,0,8,66,9,83,34,0,34,117
06/02/2020,CLL,TX,ASW,CE,Federal Contract Tower,0,4,37,58,99,0,3,43,3,49,0,7,80,61,148,32,8,40,188
06/03/2020,CLL,TX,ASW,CE,Federal Contract Tower,0,3,15,8,26,0,2,30,2,34,0,5,45,10,60,38,24,62,122
06/04/2020,CLL,TX,ASW,CE,Federal Contract Tower,0,4,24,109,137,0,0,50,8,58,0,4,74,117,195,22,16,38,233
06/05/2020,CLL,TX,ASW,CE,Federal Contract Tower,0,6,31,72,109,0,5,45,8,58,0,11,76,80,167,48,32,80,247
06/06/2020,CLL,TX,ASW,CE,Federal Contract Tower,0,2,24,9,35,0,6,41,6,53,0,8,65,15,88,42,0,42,130
06/07/2020,CLL,TX,ASW,CE,Federal Contract Tower,0,1,14,30,45,0,8,61,3,72,0,9,75,33,117,38,6,44,161
06/08/2020,CLL,TX,ASW,CE,Federal Contract Tower,0,3,17,61,81,0,3,53,13,69,0,6,70,74,150,4,32,36,186
06/09/2020,CLL,TX,ASW,CE,Federal Contract Tower,0,4,13,55,72,0,0,43,16,59,0,4,56,71,131,72,36,108,239
06/10/2020,CLL,TX,ASW,CE,Federal Contract Tower,0,6,42,93,141,0,2,39,10,51,0,8,81,103,192,10,20,30,222
06/11/2020,CLL,TX,ASW,CE,Federal Contract Tower,0,5,27,75,107,0,10,53,9,72,0,15,80,84,179,22,26,48,227
06/12/2020,CLL,TX,ASW,CE,Federal Contract Tower,0,2,31,50,83,0,8,49,17,74,0,10,80,67,157,0,40,40,197
06/13/2020,CLL,TX,ASW,CE,Federal Contract Tower,0,3,12,38,53,0,2,48,3,53,0,5,60,41,106,24,16,40,146
06/14/2020,CLL,TX,ASW,CE,Federal Contract Tower,0,1,15,35,51,0,1,32,5,38,0,2,47,40,89,24,14,38,127
06/15/2020,CLL,TX,ASW,CE,Federal Contract Tower,0,3,19,43,65,0,2,29,9,40,0,5,48,52,105,16,6,22,127
06/16/2020,CLL,TX,ASW,CE,Federal Contract Tower,0,4,19,44,67,0,8,43,3,54,0,12,62,47,121,22,12,34,155
06/17/2020,CLL,TX,ASW,CE,Federal Contract Tower,0,4,37,36,77,0,0,31,20,51,0,4,68,56,128,44,24,68,196
06/18/2020,CLL,TX,ASW,CE,Federal Contract Tower,0,5,18,44,67,0,15,39,7,61,0,20,57,51,128,2,50,52,180
06/19/2020,CLL,TX,ASW,CE,Federal Contract Tower,0,6,26,9,41,0,0,25,6,31,0,6,51,15,72,8,6,14,86
06/20/2020,CLL,TX,ASW,CE,Federal Contract Tower,0,4,14,27,45,0,5,34,6,45,0,9,48,33,90,72,16,88,178
06/21/2020,CLL,TX,ASW,CE,Federal Contract Tower,0,3,10,9,22,0,1,15,0,16,0,4,25,9,38,14,0,14,52
06/22/2020,CLL,TX,ASW,CE,Federal Contract Tower,0,5,17,8,30,0,4,35,0,39,0,9,52,8,69,26,4,30,99
06/23/2020,CLL,TX,ASW,CE,Federal Contract Tower,0,5,11,1,17,0,3,20,1,24,0,8,31,2,41,50,0,50,91
06/24/2020,CLL,TX,ASW,CE,Federal Contract Tower,0,6,13,30,49,0,2,11,0,13,0,8,24,30,62,36,8,44,106
06/25/2020,CLL,TX,ASW,CE,Federal Contract Tower,0,5,13,4,22,0,3,13,2,18,0,8,26,6,40,4,0,4,44
06/26/2020,CLL,TX,ASW,CE,Federal Contract Tower,0,3,19,11,33,0,2,9,2,13,0,5,28,13,46,20,0,20,66
06/27/2020,CLL,TX,ASW,CE,Federal Contract Tower,0,2,29,46,77,0,0,22,15,37,0,2,51,61,114,10,22,32,146
06/28/2020,CLL,TX,ASW,CE,Federal Contract Tower,0,4,4,38,46,0,3,10,6,19,0,7,14,44,65,18,18,36,101
06/29/2020,CLL,TX,ASW,CE,Federal Contract Tower,0,3,21,68,92,0,0,25,8,33,0,3,46,76,125,4,0,4,129
06/30/2020,CLL,TX,ASW,CE,Federal Contract Tower,0,3,19,72,94,0,2,26,10,38,0,5,45,82,132,14,10,24,156
07/01/2020,CLL,TX,ASW,CE,Federal Contract Tower,0,4,26,85,115,0,4,48,16,68,0,8,74,101,183,22,14,36,219
07/02/2020,CLL,TX,ASW,CE,Federal Contract Tower,0,5,19,14,38,0,4,58,3,65,0,9,77,17,103,36,0,36,139
07/04/2020,CLL,TX,ASW,CE,Federal Contract Tower,0,4,13,0,17,0,3,26,0,29,0,7,39,0,46,38,0,38,84
07/05/2020,CLL,TX,ASW,CE,Federal Contract Tower,0,3,4,14,21,0,0,42,0,42,0,3,46,14,63,22,0,22,85
07/06/2020,CLL,TX,ASW,CE,Federal Contract Tower,0,3,19,0,22,0,2,42,2,46,0,5,61,2,68,44,0,44,112
07/07/2020,CLL,TX,ASW,CE,Federal Contract Tower,0,6,27,42,75,0,1,24,1,26,0,7,51,43,101,44,0,44,145
07/08/2020,CLL,TX,ASW,CE,Federal Contract Tower,0,6,27,110,143,0,2,62,14,78,0,8,89,124,221,26,18,44,265
07/09/2020,CLL,TX,ASW,CE,Federal Contract Tower,0,9,24,108,141,0,4,63,24,91,0,13,87,132,232,28,76,104,336
07/10/2020,CLL,TX,ASW,CE,Federal Contract Tower,0,7,16,52,75,0,4,68,9,81,0,11,84,61,156,24,12,36,192
07/11/2020,CLL,TX,ASW,CE,Federal Contract Tower,0,6,14,23,43,0,1,56,2,59,0,7,70,25,102,14,0,14,116
07/13/2020,CLL,TX,ASW,CE,Federal Contract Tower,0,13,20,78,111,0,2,33,17,52,0,15,53,95,163,44,36,80,243
07/14/2020,CLL,TX,ASW,CE,Federal Contract Tower,0,8,21,52,81,0,59,19,0,78,0,67,40,52,159,76,52,128,287
07/15/2020,CLL,TX,ASW,CE,Federal Contract Tower,0,13,27,31,71,0,4,60,20,84,0,17,87,51,155,56,32,88,243
07/16/2020,CLL,TX,ASW,CE,Federal Contract Tower,0,10,32,40,82,0,7,76,12,95,0,17,108,52,177,70,28,98,275
07/17/2020,CLL,TX,ASW,CE,Federal Contract Tower,0,10,11,18,39,0,7,45,2,54,0,17,56,20,93,34,0,34,127
07/19/2020,CLL,TX,ASW,CE,Federal Contract Tower,0,4,22,28,54,0,6,28,1,35,0,10,50,29,89,38,2,40,129
07/20/2020,CLL,TX,ASW,CE,Federal Contract Tower,0,10,20,49,79,0,0,41,11,52,0,10,61,60,131,64,20,84,215
07/21/2020,CLL,TX,ASW,CE,Federal Contract Tower,0,6,16,21,43,0,3,17,11,31,0,9,33,32,74,56,0,56,130
07/22/2020,CLL,TX,ASW,CE,Federal Contract Tower,0,7,20,14,41,0,5,28,7,40,0,12,48,21,81,24,2,26,107
07/23/2020,CLL,TX,ASW,CE,Federal Contract Tower,0,8,43,63,114,0,3,61,14,78,0,11,104,77,192,44,6,50,242
07/24/2020,CLL,TX,ASW,CE,Federal Contract Tower,0,6,27,8,41,0,6,38,2,46,0,12,65,10,87,28,0,28,115
07/25/2020,CLL,TX,ASW,CE,Federal Contract Tower,0,6,8,5,19,0,0,9,1,10,0,6,17,6,29,30,0,30,59
07/26/2020,CLL,TX,ASW,CE,Federal Contract Tower,0,8,8,0,16,0,0,8,0,8,0,8,16,0,24,8,0,8,32
07/27/2020,CLL,TX,ASW,CE,Federal Contract Tower,0,6,19,35,60,0,4,26,0,30,0,10,45,35,90,32,2,34,124
07/28/2020,CLL,TX,ASW,CE,Federal Contract Tower,0,7,33,10,50,0,1,12,2,15,0,8,45,12,65,32,0,32,97
07/29/2020,CLL,TX,ASW,CE,Federal Contract Tower,2,7,35,13,57,0,2,35,4,41,2,9,70,17,98,28,4,32,130
07/30/2020,CLL,TX,ASW,CE,Federal Contract Tower,0,12,29,74,115,0,0,67,19,86,0,12,96,93,201,36,0,36,237
07/31/2020,CLL,TX,ASW,CE,Federal Contract Tower,0,15,17,12,44,0,3,25,3,31,0,18,42,15,75,14,18,32,107
08/01/2020,CLL,TX,ASW,CE,Federal Contract Tower,0,4,30,24,58,0,3,57,6,66,0,7,87,30,124,38,22,60,184
08/03/2020,CLL,TX,ASW,CE,Federal Contract Tower,0,10,23,39,72,0,2,50,8,60,0,12,73,47,132,24,32,56,188
08/04/2020,CLL,TX,ASW,CE,Federal Contract Tower,0,9,39,53,101,0,2,59,22,83,0,11,98,75,184,38,56,94,278
08/05/2020,CLL,TX,ASW,CE,Federal Contract Tower,0,9,23,73,105,0,9,44,12,65,0,18,67,85,170,10,38,48,218
08/06/2020,CLL,TX,ASW,CE,Federal Contract Tower,0,10,37,50,97,0,7,59,9,75,0,17,96,59,172,28,14,42,214
08/07/2020,CLL,TX,ASW,CE,Federal Contract Tower,0,8,32,66,106,0,0,38,11,49,0,8,70,77,155,70,48,118,273
08/08/2020,CLL,TX,ASW,CE,Federal Contract Tower,0,8,10,39,57,0,4,54,4,62,0,12,64,43,119,36,8,44,163
08/09/2020,CLL,TX,ASW,CE,Federal Contract Tower,0,6,27,9,42,0,5,36,3,44,0,11,63,12,86,10,2,12,98
08/10/2020,CLL,TX,ASW,CE,Federal Contract Tower,0,9,21,37,67,0,0,44,10,54,0,9,65,47,121,58,32,90,211
08/11/2020,CLL,TX,ASW,CE,Federal Contract Tower,0,10,26,48,84,0,4,52,10,66,0,14,78,58,150,36,18,54,204
08/12/2020,CLL,TX,ASW,CE,Federal Contract Tower,0,10,37,75,122,0,2,61,20,83,0,12,98,95,205,48,80,128,333
08/13/2020,CLL,TX,ASW,CE,Federal Contract Tower,0,10,32,27,69,0,4,48,21,73,0,14,80,48,142,18,4,22,164
08/14/2020,CLL,TX,ASW,CE,Federal Contract Tower,0,7,36,17,60,0,2,71,4,77,0,9,107,21,137,32,4,36,173
08/15/2020,CLL,TX,ASW,CE,Federal Contract Tower,0,4,51,19,74,0,6,62,3,71,0,10,113,22,145,74,4,78,223
08/16/2020,CLL,TX,ASW,CE,Federal Contract Tower,0,8,18,27,53,0,3,40,2,45,0,11,58,29,98,54,0,54,152
08/17/2020,CLL,TX,ASW,CE,Federal Contract Tower,0,21,29,29,79,0,4,56,19,79,0,25,85,48,158,28,28,56,214
08/18/2020,CLL,TX,ASW,CE,Federal Contract Tower,0,8,23,60,91,0,0,61,16,77,0,8,84,76,168,48,14,62,230
08/19/2020,CLL,TX,ASW,CE,Federal Contract Tower,0,7,30,33,70,0,2,53,23,78,0,9,83,56,148,36,36,72,220
08/20/2020,CLL,TX,ASW,CE,Federal Contract Tower,0,7,28,58,93,0,6,70,11,87,0,13,98,69,180,26,36,62,242
08/21/2020,CLL,TX,ASW,CE,Federal Contract Tower,0,12,26,43,81,0,3,36,5,44,0,15,62,48,125,20,2,22,147
08/22/2020,CLL,TX,ASW,CE,Federal Contract Tower,0,5,11,16,32,0,4,35,1,40,0,9,46,17,72,62,4,66,138
08/23/2020,CLL,TX,ASW,CE,Federal Contract Tower,0,9,16,34,59,0,0,42,9,51,0,9,58,43,110,10,24,34,144
08/24/2020,CLL,TX,ASW,CE,Federal Contract Tower,0,11,20,56,87,0,2,53,3,58,0,13,73,59,145,58,0,58,203
08/25/2020,CLL,TX,ASW,CE,Federal Contract Tower,0,10,26,80,116,0,2,38,14,54,0,12,64,94,170,6,14,20,190
08/26/2020,CLL,TX,ASW,CE,Federal Contract Tower,0,5,12,0,17,0,5,8,5,18,0,10,20,5,35,48,0,48,83
08/27/2020,CLL,TX,ASW,CE,Federal Contract Tower,0,8,17,15,40,0,4,31,9,44,0,12,48,24,84,14,22,36,120
08/28/2020,CLL,TX,ASW,CE,Federal Contract Tower,0,7,23,39,69,0,2,39,4,45,0,9,62,43,114,42,8,50,164
08/29/2020,CLL,TX,ASW,CE,Federal Contract Tower,0,6,20,14,40,0,5,45,4,54,0,11,65,18,94,26,24,50,144
08/30/2020,CLL,TX,ASW,CE,Federal Contract Tower,0,6,25,50,81,0,1,47,4,52,0,7,72,54,133,22,30,52,185
08/31/2020,CLL,TX,ASW,CE,Federal Contract Tower,0,13,36,45,94,0,9,38,15,62,0,22,74,60,156,22,70,92,248
09/01/2020,CLL,TX,ASW,CE,Federal Contract Tower,0,8,35,74,117,0,2,31,17,50,0,10,66,91,167,8,18,26,193
09/02/2020,CLL,TX,ASW,CE,Federal Contract Tower,0,10,33,23,66,0,4,25,4,33,0,14,58,27,99,40,8,48,147
09/03/2020,CLL,TX,ASW,CE,Federal Contract Tower,0,9,12,6,27,0,5,12,0,17,0,14,24,6,44,54,0,54,98
09/04/2020,CLL,TX,ASW,CE,Federal Contract Tower,0,8,17,4,29,0,2,3,0,5,0,10,20,4,34,0,0,0,34
09/05/2020,CLL,TX,ASW,CE,Federal Contract Tower,0,3,34,12,49,0,1,22,4,27,0,4,56,16,76,36,0,36,112
09/06/2020,CLL,TX,ASW,CE,Federal Contract Tower,0,9,26,28,63,0,0,34,2,36,0,9,60,30,99,22,0,22,121
09/07/2020,CLL,TX,ASW,CE,Federal Contract Tower,0,8,18,2,28,0,0,59,0,59,0,8,77,2,87,30,0,30,117
09/08/2020,CLL,TX,ASW,CE,Federal Contract Tower,0,9,29,4,42,0,2,26,0,28,0,11,55,4,70,74,0,74,144
09/09/2020,CLL,TX,ASW,CE,Federal Contract Tower,0,6,12,8,26,0,5,36,2,43,0,11,48,10,69,72,0,72,141
09/10/2020,CLL,TX,ASW,CE,Federal Contract Tower,0,8,15,72,95,0,4,0,0,4,0,12,15,72,99,0,0,0,99
09/11/2020,CLL,TX,ASW,CE,Federal Contract Tower,0,12,36,87,135,0,4,42,8,54,0,16,78,95,189,50,8,58,247
09/12/2020,CLL,TX,ASW,CE,Federal Contract Tower,0,13,30,61,104,0,4,74,3,81,0,17,104,64,185,44,26,70,255
09/13/2020,CLL,TX,ASW,CE,Federal Contract Tower,0,7,26,19,52,0,5,36,0,41,0,12,62,19,93,4,8,12,105
09/14/2020,CLL,TX,ASW,CE,Federal Contract Tower,0,8,33,23,64,0,1,42,11,54,0,9,75,34,118,34,14,48,166
09/15/2020,CLL,TX,ASW,CE,Federal Contract Tower,0,11,18,43,72,0,0,41,13,54,0,11,59,56,126,88,14,102,228
09/16/2020,CLL,TX,ASW,CE,Federal Contract Tower,0,9,40,35,84,0,1,51,15,67,0,10,91,50,151,64,38,102,253
09/17/2020,CLL,TX,ASW,CE,Federal Contract Tower,0,8,12,11,31,0,2,48,0,50,0,10,60,11,81,36,0,36,117
09/18/2020,CLL,TX,ASW,CE,Federal Contract Tower,3,6,30,105,144,0,6,74,10,90,3,12,104,115,234,52,26,78,312
09/19/2020,CLL,TX,ASW,CE,Federal Contract Tower,0,6,18,22,46,0,4,43,1,48,0,10,61,23,94,26,12,38,132
09/21/2020,CLL,TX,ASW,CE,Federal Contract Tower,0,6,15,2,23,0,2,9,0,11,0,8,24,2,34,36,0,36,70
09/22/2020,CLL,TX,ASW,CE,Federal Contract Tower,0,12,21,4,37,0,0,0,0,0,0,12,21,4,37,0,0,0,37
09/23/2020,CLL,TX,ASW,CE,Federal Contract Tower,0,7,31,62,100,0,5,7,4,16,0,12,38,66,116,12,10,22,138
09/24/2020,CLL,TX,ASW,CE,Federal Contract Tower,0,6,42,82,130,0,4,50,18,72,0,10,92,100,202,68,16,84,286
09/25/2020,CLL,TX,ASW,CE,Federal Contract Tower,0,6,70,43,119,0,5,79,2,86,0,11,149,45,205,6,2,8,213
09/26/2020,CLL,TX,ASW,CE,Federal Contract Tower,2,9,46,4,61,0,3,49,4,56,2,12,95,8,117,26,0,26,143
09/27/2020,CLL,TX,ASW,CE,Federal Contract Tower,0,7,30,5,42,0,1,37,2,40,0,8,67,7,82,48,4,52,134
09/28/2020,CLL,TX,ASW,CE,Federal Contract Tower,0,8,23,33,64,0,4,39,5,48,0,12,62,38,112,38,14,52,164
09/29/2020,CLL,TX,ASW,CE,Federal Contract Tower,0,9,43,60,112,0,4,65,7,76,0,13,108,67,188,16,6,22,210
09/30/2020,CLL,TX,ASW,CE,Federal Contract Tower,0,16,16,42,74,0,4,77,20,101,0,20,93,62,175,50,12,62,237
10/01/2020,CLL,TX,ASW,CE,Federal Contract Tower,0,12,40,42,94,0,2,61,15,78,0,14,101,57,172,38,68,106,278
10/02/2020,CLL,TX,ASW,CE,Federal Contract Tower,2,13,38,28,81,0,7,86,17,110,2,20,124,45,191,58,10,68,259
10/03/2020,CLL,TX,ASW,CE,Federal Contract Tower,2,6,21,31,60,0,7,89,5,101,2,13,110,36,161,48,8,56,217
10/04/2020,CLL,TX,ASW,CE,Federal Contract Tower,2,9,13,12,36,0,2,67,2,71,2,11,80,14,107,60,4,64,171
10/05/2020,CLL,TX,ASW,CE,Federal Contract Tower,0,5,32,39,76,0,2,68,5,75,0,7,100,44,151,8,20,28,179
10/06/2020,CLL,TX,ASW,CE,Federal Contract Tower,0,7,18,53,78,0,4,68,27,99,0,11,86,80,177,80,54,134,311
10/07/2020,CLL,TX,ASW,CE,Federal Contract Tower,0,13,26,66,105,0,10,50,14,74,0,23,76,80,179,42,46,88,267
10/08/2020,CLL,TX,ASW,CE,Federal Contract Tower,0,20,29,31,80,0,7,55,23,85,0,27,84,54,165,10,20,30,195
10/09/2020,CLL,TX,ASW,CE,Federal Contract Tower,3,16,46,10,75,0,5,31,3,39,3,21,77,13,114,20,4,24,138
10/10/2020,CLL,TX,ASW,CE,Federal Contract Tower,1,11,47,10,69,0,2,35,6,43,1,13,82,16,112,0,0,0,112
10/11/2020,CLL,TX,ASW,CE,Federal Contract Tower,0,13,25,4,42,0,5,45,14,64,0,18,70,18,106,6,0,6,112
10/12/2020,CLL,TX,ASW,CE,Federal Contract Tower,0,10,16,10,36,0,2,34,0,36,0,12,50,10,72,32,0,32,104
10/13/2020,CLL,TX,ASW,CE,Federal Contract Tower,0,10,42,48,100,0,6,63,12,81,0,16,105,60,181,50,12,62,243
10/14/2020,CLL,TX,ASW,CE,Federal Contract Tower,0,11,37,69,117,0,5,53,23,81,0,16,90,92,198,0,10,10,208
10/15/2020,CLL,TX,ASW,CE,Federal Contract Tower,0,12,47,46,105,0,7,39,6,52,0,19,86,52,157,22,0,22,179
10/16/2020,CLL,TX,ASW,CE,Federal Contract Tower,2,12,39,32,85,0,4,74,10,88,2,16,113,42,173,56,48,104,277
10/17/2020,CLL,TX,ASW,CE,Federal Contract Tower,0,6,33,22,61,0,8,98,0,106,0,14,131,22,167,42,2,44,211
10/18/2020,CLL,TX,ASW,CE,Federal Contract Tower,0,10,24,24,58,0,2,52,9,63,0,12,76,33,121,2,32,34,155
10/19/2020,CLL,TX,ASW,CE,Federal Contract Tower,0,9,17,46,72,0,2,32,11,45,0,11,49,57,117,18,8,26,143
10/20/2020,CLL,TX,ASW,CE,Federal Contract Tower,0,10,40,68,118,0,5,42,19,66,0,15,82,87,184,44,44,88,272
10/21/2020,CLL,TX,ASW,CE,Federal Contract Tower,0,10,38,22,70,0,4,41,2,47,0,14,79,24,117,56,0,56,173
10/22/2020,CLL,TX,ASW,CE,Federal Contract Tower,2,14,26,52,94,0,3,53,8,64,2,17,79,60,158,80,2,82,240
10/23/2020,CLL,TX,ASW,CE,Federal Contract Tower,0,12,26,21,59,0,2,12,0,14,0,14,38,21,73,0,0,0,73
10/24/2020,CLL,TX,ASW,CE,Federal Contract Tower,0,4,21,61,86,0,2,58,10,70,0,6,79,71,156,26,14,40,196
10/25/2020,CLL,TX,ASW,CE,Federal Contract Tower,0,12,41,2,55,0,2,13,0,15,0,14,54,2,70,0,0,0,70
10/26/2020,CLL,TX,ASW,CE,Federal Contract Tower,0,14,16,7,37,0,1,11,1,13,0,15,27,8,50,34,2,36,86
10/27/2020,CLL,TX,ASW,CE,Federal Contract Tower,0,16,25,19,60,0,0,0,0,0,0,16,25,19,60,0,0,0,60
10/28/2020,CLL,TX,ASW,CE,Federal Contract Tower,0,15,28,32,75,0,0,8,6,14,0,15,36,38,89,8,6,14,103
10/29/2020,CLL,TX,ASW,CE,Federal Contract Tower,2,21,27,42,92,0,5,46,6,57,2,26,73,48,149,8,10,18,167
10/30/2020,CLL,TX,ASW,CE,Federal Contract Tower,2,18,48,54,122,0,4,109,10,123,2,22,157,64,245,28,42,70,315
10/31/2020,CLL,TX,ASW,CE,Federal Contract Tower,2,20,45,33,100,0,2,74,8,84,2,22,119,41,184,36,12,48,232
11/01/2020,CLL,TX,ASW,CE,Federal Contract Tower,0,11,44,39,94,0,0,53,1,54,0,11,97,40,148,38,0,38,186
11/02/2020,CLL,TX,ASW,CE,Federal Contract Tower,0,8,21,65,94,0,0,57,17,74,0,8,78,82,168,90,10,100,268
11/03/2020,CLL,TX,ASW,CE,Federal Contract Tower,0,8,34,39,81,0,2,83,10,95,0,10,117,49,176,44,32,76,252
11/04/2020,CLL,TX,ASW,CE,Federal Contract Tower,0,11,42,52,105,0,2,89,13,104,0,13,131,65,209,42,16,58,267
11/05/2020,CLL,TX,ASW,CE,Federal Contract Tower,0,13,24,51,88,0,2,77,10,89,0,15,101,61,177,46,38,84,261
11/06/2020,CLL,TX,ASW,CE,Federal Contract Tower,2,10,47,41,100,0,5,68,4,77,2,15,115,45,177,34,28,62,239
11/07/2020,CLL,TX,ASW,CE,Federal Contract Tower,0,6,3,15,24,0,0,53,8,61,0,6,56,23,85,80,68,148,233
11/08/2020,CLL,TX,ASW,CE,Federal Contract Tower,0,9,36,16,61,0,2,13,0,15,0,11,49,16,76,14,0,14,90
11/09/2020,CLL,TX,ASW,CE,Federal Contract Tower,0,10,35,85,130,0,2,47,14,63,0,12,82,99,193,42,12,54,247
11/10/2020,CLL,TX,ASW,CE,Federal Contract Tower,0,11,25,84,120,0,1,52,8,61,0,12,77,92,181,20,50,70,251
11/11/2020,CLL,TX,ASW,CE,Federal Contract Tower,0,10,38,4,52,0,0,84,0,84,0,10,122,4,136,68,0,68,204
11/12/2020,CLL,TX,ASW,CE,Federal Contract Tower,0,8,32,67,107,0,2,73,12,87,0,10,105,79,194,12,54,66,260
11/13/2020,CLL,TX,ASW,CE,Federal Contract Tower,0,13,30,117,160,0,1,40,5,46,0,14,70,122,206,6,26,32,238
11/14/2020,CLL,TX,ASW,CE,Federal Contract Tower,0,9,11,29,49,0,6,38,5,49,0,15,49,34,98,66,8,74,172
11/15/2020,CLL,TX,ASW,CE,Federal Contract Tower,2,9,17,31,59,0,0,50,3,53,2,9,67,34,112,26,0,26,138
11/16/2020,CLL,TX,ASW,CE,Federal Contract Tower,0,8,19,54,81,0,0,51,8,59,0,8,70,62,140,56,2,58,198
11/17/2020,CLL,TX,ASW,CE,Federal Contract Tower,0,13,20,48,81,0,2,83,17,102,0,15,103,65,183,28,34,62,245
11/18/2020,CLL,TX,ASW,CE,Federal Contract Tower,0,10,30,36,76,0,7,59,12,78,0,17,89,48,154,92,22,114,268
11/19/2020,CLL,TX,ASW,CE,Federal Contract Tower,0,9,34,63,106,0,0,52,6,58,0,9,86,69,164,10,0,10,174
11/20/2020,CLL,TX,ASW,CE,Federal Contract Tower,2,11,45,60,118,0,3,46,6,55,2,14,91,66,173,68,0,68,241
11/21/2020,CLL,TX,ASW,CE,Federal Contract Tower,0,15,39,55,109,0,3,50,10,63,0,18,89,65,172,30,10,40,212
11/22/2020,CLL,TX,ASW,CE,Federal Contract Tower,0,11,15,15,41,0,2,46,1,49,0,13,61,16,90,58,0,58,148
11/23/2020,CLL,TX,ASW,CE,Federal Contract Tower,0,11,58,55,124,0,1,15,8,24,0,12,73,63,148,18,18,36,184
11/24/2020,CLL,TX,ASW,CE,Federal Contract Tower,0,8,32,46,86,0,2,17,10,29,0,10,49,56,115,0,10,10,125
11/25/2020,CLL,TX,ASW,CE,Federal Contract Tower,0,15,20,13,48,0,4,47,1,52,0,19,67,14,100,52,0,52,152
11/26/2020,CLL,TX,ASW,CE,Federal Contract Tower,0,6,4,0,10,0,0,19,0,19,0,6,23,0,29,4,0,4,33
11/27/2020,CLL,TX,ASW,CE,Federal Contract Tower,3,12,13,0,28,0,0,0,0,0,3,12,13,0,28,0,0,0,28
11/28/2020,CLL,TX,ASW,CE,Federal Contract Tower,1,23,31,0,55,0,0,0,0,0,1,23,31,0,55,0,0,0,55
11/29/2020,CLL,TX,ASW,CE,Federal Contract Tower,0,20,52,11,83,0,3,10,0,13,0,23,62,11,96,18,0,18,114
11/30/2020,CLL,TX,ASW,CE,Federal Contract Tower,0,18,29,85,132,0,0,72,5,77,0,18,101,90,209,62,22,84,293
12/01/2020,CLL,TX,ASW,CE,Federal Contract Tower,0,8,30,84,122,0,0,57,27,84,0,8,87,111,206,32,68,100,306
12/02/2020,CLL,TX,ASW,CE,Federal Contract Tower,0,10,28,12,50,0,0,8,2,10,0,10,36,14,60,28,0,28,88
12/03/2020,CLL,TX,ASW,CE,Federal Contract Tower,0,12,47,59,118,0,8,77,14,99,0,20,124,73,217,68,24,92,309
12/04/2020,CLL,TX,ASW,CE,Federal Contract Tower,2,14,44,121,181,0,1,71,21,93,2,15,115,142,274,88,31,119,393
12/05/2020,CLL,TX,ASW,CE,Federal Contract Tower,2,5,28,52,87,0,6,61,2,69,2,11,89,54,156,48,28,76,232
12/06/2020,CLL,TX,ASW,CE,Federal Contract Tower,0,8,22,15,45,0,3,43,2,48,0,11,65,17,93,32,0,32,125
12/07/2020,CLL,TX,ASW,CE,Federal Contract Tower,0,14,16,50,80,0,1,54,15,70,0,15,70,65,150,62,28,90,240
12/08/2020,CLL,TX,ASW,CE,Federal Contract Tower,0,9,20,57,86,0,1,67,17,85,0,10,87,74,171,28,6,34,205
12/09/2020,CLL,TX,ASW,CE,Federal Contract Tower,2,13,25,59,99,0,2,52,10,64,2,15,77,69,163,62,56,118,281
12/10/2020,CLL,TX,ASW,CE,Federal Contract Tower,0,13,18,56,87,0,6,75,18,99,0,19,93,74,186,22,18,40,226
12/11/2020,CLL,TX,ASW,CE,Federal Contract Tower,0,20,23,28,71,0,0,7,2,9,0,20,30,30,80,22,4,26,106
12/12/2020,CLL,TX,ASW,CE,Federal Contract Tower,0,15,30,42,87,0,10,74,3,87,0,25,104,45,174,12,6,18,192
12/13/2020,CLL,TX,ASW,CE,Federal Contract Tower,0,5,4,26,35,0,0,0,0,0,0,5,4,26,35,0,0,0,35
12/14/2020,CLL,TX,ASW,CE,Federal Contract Tower,0,9,34,57,100,0,2,51,6,59,0,11,85,63,159,98,18,116,275
12/16/2020,CLL,TX,ASW,CE,Federal Contract Tower,0,8,28,91,127,0,0,57,11,68,0,8,85,102,195,34,48,82,277
12/17/2020,CLL,TX,ASW,CE,Federal Contract Tower,0,12,25,86,123,0,0,84,19,103,0,12,109,105,226,68,28,96,322
12/18/2020,CLL,TX,ASW,CE,Federal Contract Tower,2,17,34,54,107,0,0,61,5,66,2,17,95,59,173,56,8,64,237
12/19/2020,CLL,TX,ASW,CE,Federal Contract Tower,1,7,3,0,11,0,2,8,0,10,1,9,11,0,21,14,0,14,35
12/20/2020,CLL,TX,ASW,CE,Federal Contract Tower,1,8,21,6,36,0,2,49,2,53,1,10,70,8,89,34,0,34,123
12/21/2020,CLL,TX,ASW,CE,Federal Contract Tower,0,11,24,22,57,0,0,92,19,111,0,11,116,41,168,56,14,70,238
12/22/2020,CLL,TX,ASW,CE,Federal Contract Tower,0,8,17,10,35,0,2,48,6,56,0,10,65,16,91,60,6,66,157
12/23/2020,CLL,TX,ASW,CE,Federal Contract Tower,0,10,11,0,21,0,3,12,0,15,0,13,23,0,36,4,0,4,40
12/24/2020,CLL,TX,ASW,CE,Federal Contract Tower,0,4,13,0,17,0,8,34,0,42,0,12,47,0,59,2,0,2,61
12/25/2020,CLL,TX,ASW,CE,Federal Contract Tower,0,8,2,0,10,0,2,23,0,25,0,10,25,0,35,0,0,0,35
12/26/2020,CLL,TX,ASW,CE,Federal Contract Tower,0,13,21,0,34,0,0,42,0,42,0,13,63,0,76,14,0,14,90
12/27/2020,CLL,TX,ASW,CE,Federal Contract Tower,0,7,5,0,12,0,1,38,0,39,0,8,43,0,51,14,0,14,65
12/28/2020,CLL,TX,ASW,CE,Federal Contract Tower,0,9,24,19,52,0,14,57,0,71,0,23,81,19,123,6,4,10,133
12/29/2020,CLL,TX,ASW,CE,Federal Contract Tower,0,11,15,11,37,0,6,35,0,41,0,17,50,11,78,24,0,24,102
12/30/2020,CLL,TX,ASW,CE,Federal Contract Tower,0,8,5,4,17,0,2,2,0,4,0,10,7,4,21,0,0,0,21
12/31/2020,CLL,TX,ASW,CE,Federal Contract Tower,4,3,2,0,9,0,0,0,0,0,4,3,2,0,9,0,0,0,9
01/01/2021,CLL,TX,ASW,CE,Federal Contract Tower,0,10,10,0,20,0,8,25,0,33,0,18,35,0,53,24,0,24,77
01/02/2021,CLL,TX,ASW,CE,Federal Contract Tower,2,9,53,0,64,0,2,66,0,68,2,11,119,0,132,60,0,60,192
01/03/2021,CLL,TX,ASW,CE,Federal Contract Tower,6,12,15,0,33,0,0,49,0,49,6,12,64,0,82,32,0,32,114
01/04/2021,CLL,TX,ASW,CE,Federal Contract Tower,0,6,37,4,47,0,0,56,4,60,0,6,93,8,107,74,0,74,181
01/05/2021,CLL,TX,ASW,CE,Federal Contract Tower,2,7,25,38,72,0,0,65,12,77,2,7,90,50,149,58,36,94,243
01/06/2021,CLL,TX,ASW,CE,Federal Contract Tower,1,4,11,2,18,0,1,5,4,10,1,5,16,6,28,0,0,0,28
01/07/2021,CLL,TX,ASW,CE,Federal Contract Tower,0,7,20,31,58,0,6,61,7,74,0,13,81,38,132,38,0,38,170
01/08/2021,CLL,TX,ASW,CE,Federal Contract Tower,2,8,46,71,127,0,2,54,5,61,2,10,100,76,188,54,6,60,248
01/09/2021,CLL,TX,ASW,CE,Federal Contract Tower,3,5,29,14,51,0,2,109,4,115,3,7,138,18,166,90,0,90,256
01/10/2021,CLL,TX,ASW,CE,Federal Contract Tower,1,5,2,0,8,0,0,0,1,1,1,5,2,1,9,0,0,0,9
01/11/2021,CLL,TX,ASW,CE,Federal Contract Tower,1,9,15,10,35,0,0,10,5,15,1,9,25,15,50,0,0,0,50
01/12/2021,CLL,TX,ASW,CE,Federal Contract Tower,2,9,28,73,112,0,3,45,18,66,2,12,73,91,178,72,24,96,274
01/13/2021,CLL,TX,ASW,CE,Federal Contract Tower,0,7,24,46,77,0,2,88,14,104,0,9,112,60,181,110,26,136,317
01/14/2021,CLL,TX,ASW,CE,Federal Contract Tower,0,21,20,32,73,0,11,58,23,92,0,32,78,55,165,48,8,56,221
01/15/2021,CLL,TX,ASW,CE,Federal Contract Tower,1,11,18,34,64,0,0,44,8,52,1,11,62,42,116,24,24,48,164
01/16/2021,CLL,TX,ASW,CE,Federal Contract Tower,2,5,40,15,62,0,0,106,1,107,2,5,146,16,169,64,0,64,233
01/17/2021,CLL,TX,ASW,CE,Federal Contract Tower,0,13,15,27,55,0,4,88,4,96,0,17,103,31,151,92,0,92,243
01/18/2021,CLL,TX,ASW,CE,Federal Contract Tower,0,13,48,3,64,0,2,61,0,63,0,15,109,3,127,120,0,120,247
01/19/2021,CLL,TX,ASW,CE,Federal Contract Tower,0,8,23,33,64,0,1,26,0,27,0,9,49,33,91,26,0,26,117
01/20/2021,CLL,TX,ASW,CE,Federal Contract Tower,0,7,18,20,45,0,0,1,1,2,0,7,19,21,47,0,2,2,49
01/21/2021,CLL,TX,ASW,CE,Federal Contract Tower,2,12,24,55,93,0,0,1,5,6,2,12,25,60,99,0,46,46,145
01/22/2021,CLL,TX,ASW,CE,Federal Contract Tower,1,15,36,43,95,0,5,3,2,10,1,20,39,45,105,14,2,16,121
01/23/2021,CLL,TX,ASW,CE,Federal Contract Tower,3,4,48,31,86,0,0,2,0,2,3,4,50,31,88,2,0,2,90
01/24/2021,CLL,TX,ASW,CE,Federal Contract Tower,1,9,14,8,32,0,0,0,0,0,1,9,14,8,32,0,0,0,32
01/25/2021,CLL,TX,ASW,CE,Federal Contract Tower,1,12,27,54,94,0,0,60,15,75,1,12,87,69,169,30,26,56,225
01/26/2021,CLL,TX,ASW,CE,Federal Contract Tower,0,7,53,59,119,0,2,78,19,99,0,9,131,78,218,70,32,102,320
01/27/2021,CLL,TX,ASW,CE,Federal Contract Tower,2,8,35,57,102,0,0,64,22,86,2,8,99,79,188,48,18,66,254
01/28/2021,CLL,TX,ASW,CE,Federal Contract Tower,0,13,26,76,115,0,4,79,23,106,0,17,105,99,221,32,40,72,293
01/29/2021,CLL,TX,ASW,CE,Federal Contract Tower,1,12,35,62,110,0,2,59,20,81,1,14,94,82,191,24,72,96,287
01/30/2021,CLL,TX,ASW,CE,Federal Contract Tower,2,5,24,34,65,0,6,7,10,23,2,11,31,44,88,16,14,30,118
01/31/2021,CLL,TX,ASW,CE,Federal Contract Tower,0,11,23,21,55,0,0,57,6,63,0,11,80,27,118,48,4,52,170
02/01/2021,CLL,TX,ASW,CE,Federal Contract Tower,0,17,21,85,123,0,4,69,16,89,0,21,90,101,212,34,8,42,254
02/02/2021,CLL,TX,ASW,CE,Federal Contract Tower,0,6,37,58,101,0,7,79,17,103,0,13,116,75,204,62,56,118,322
02/03/2021,CLL,TX,ASW,CE,Federal Contract Tower,2,5,34,89,130,0,0,55,18,73,2,5,89,107,203,94,32,126,329
02/04/2021,CLL,TX,ASW,CE,Federal Contract Tower,1,12,28,90,131,0,2,31,10,43,1,14,59,100,174,10,24,34,208
02/05/2021,CLL,TX,ASW,CE,Federal Contract Tower,0,9,17,48,74,0,7,43,5,55,0,16,60,53,129,58,20,78,207
02/06/2021,CLL,TX,ASW,CE,Federal Contract Tower,0,7,37,60,104,0,6,18,6,30,0,13,55,66,134,0,20,20,154
02/07/2021,CLL,TX,ASW,CE,Federal Contract Tower,0,11,19,36,66,0,0,75,1,76,0,11,94,37,142,48,6,54,196
02/08/2021,CLL,TX,ASW,CE,Federal Contract Tower,0,10,35,20,65,0,11,48,1,60,0,21,83,21,125,20,0,20,145
02/09/2021,CLL,TX,ASW,CE,Federal Contract Tower,0,17,30,6,53,0,1,2,0,3,0,18,32,6,56,0,0,0,56
02/10/2021,CLL,TX,ASW,CE,Federal Contract Tower,0,6,12,4,22,0,0,0,0,0,0,6,12,4,22,0,0,0,22
02/11/2021,CLL,TX,ASW,CE,Federal Contract Tower,0,9,7,2,18,0,0,0,0,0,0,9,7,2,18,0,0,0,18
02/12/2021,CLL,TX,ASW,CE,Federal Contract Tower,0,7,10,4,21,0,2,1,0,3,0,9,11,4,24,0,0,0,24
02/13/2021,CLL,TX,ASW,CE,Federal Contract Tower,0,10,4,2,16,0,0,4,0,4,0,10,8,2,20,0,0,0,20
02/14/2021,CLL,TX,ASW,CE,Federal Contract Tower,0,0,0,0,0,0,0,0,0,0,0,0,0,0,0,0,0,0,0
02/15/2021,CLL,TX,ASW,CE,Federal Contract Tower,0,0,0,0,0,0,0,0,0,0,0,0,0,0,0,0,0,0,0
02/16/2021,CLL,TX,ASW,CE,Federal Contract Tower,0,2,0,0,2,0,5,0,0,5,0,7,0,0,7,0,0,0,7
02/17/2021,CLL,TX,ASW,CE,Federal Contract Tower,0,0,0,0,0,0,0,0,0,0,0,0,0,0,0,0,0,0,0
02/18/2021,CLL,TX,ASW,CE,Federal Contract Tower,0,0,0,0,0,0,0,0,0,0,0,0,0,0,0,0,0,0,0
02/19/2021,CLL,TX,ASW,CE,Federal Contract Tower,0,2,5,0,7,0,4,20,0,24,0,6,25,0,31,2,0,2,33
02/20/2021,CLL,TX,ASW,CE,Federal Contract Tower,2,10,36,6,54,0,7,70,1,78,2,17,106,7,132,14,16,30,162
02/21/2021,CLL,TX,ASW,CE,Federal Contract Tower,1,9,32,8,50,0,2,48,6,56,1,11,80,14,106,34,4,38,144
02/22/2021,CLL,TX,ASW,CE,Federal Contract Tower,0,12,18,17,47,0,2,73,11,86,0,14,91,28,133,62,12,74,207
02/23/2021,CLL,TX,ASW,CE,Federal Contract Tower,0,8,18,46,72,0,9,76,29,114,0,17,94,75,186,80,56,136,322
02/24/2021,CLL,TX,ASW,CE,Federal Contract Tower,2,8,48,45,103,0,5,51,27,83,2,13,99,72,186,36,0,36,222
02/25/2021,CLL,TX,ASW,CE,Federal Contract Tower,0,14,22,30,66,0,1,0,0,1,0,15,22,30,67,0,0,0,67
02/26/2021,CLL,TX,ASW,CE,Federal Contract Tower,0,11,35,27,73,0,2,15,2,19,0,13,50,29,92,6,4,10,102
02/27/2021,CLL,TX,ASW,CE,Federal Contract Tower,0,12,37,44,93,0,2,22,2,26,0,14,59,46,119,20,4,24,143
02/28/2021,CLL,TX,ASW,CE,Federal Contract Tower,1,14,37,53,105,0,1,30,1,32,1,15,67,54,137,56,0,56,193
03/01/2021,CLL,TX,ASW,CE,Federal Contract Tower,0,9,23,4,36,0,0,0,0,0,0,9,23,4,36,0,0,0,36
03/03/2021,CLL,TX,ASW,CE,Federal Contract Tower,2,10,49,38,99,0,2,93,17,112,2,12,142,55,211,106,10,116,327
03/04/2021,CLL,TX,ASW,CE,Federal Contract Tower,0,12,37,33,82,0,2,65,9,76,0,14,102,42,158,32,24,56,214
03/05/2021,CLL,TX,ASW,CE,Federal Contract Tower,2,14,38,49,103,0,5,56,6,67,2,19,94,55,170,64,4,68,238
03/06/2021,CLL,TX,ASW,CE,Federal Contract Tower,1,7,42,69,119,0,7,108,6,121,1,14,150,75,240,4,10,14,254
03/07/2021,CLL,TX,ASW,CE,Federal Contract Tower,3,12,15,14,44,0,6,82,5,93,3,18,97,19,137,26,14,40,177
03/08/2021,CLL,TX,ASW,CE,Federal Contract Tower,0,11,23,25,59,0,10,73,8,91,0,21,96,33,150,8,48,56,206
03/09/2021,CLL,TX,ASW,CE,Federal Contract Tower,1,9,44,55,109,0,0,38,18,56,1,9,82,73,165,44,26,70,235
03/10/2021,CLL,TX,ASW,CE,Federal Contract Tower,0,12,24,38,74,0,1,22,15,38,0,13,46,53,112,2,60,62,174
03/11/2021,CLL,TX,ASW,CE,Federal Contract Tower,1,15,41,74,131,0,0,52,10,62,1,15,93,84,193,10,12,22,215
03/12/2021,CLL,TX,ASW,CE,Federal Contract Tower,0,15,53,103,171,0,1,49,8,58,0,16,102,111,229,36,28,64,293
03/13/2021,CLL,TX,ASW,CE,Federal Contract Tower,0,11,31,29,71,0,4,40,1,45,0,15,71,30,116,48,10,58,174
03/14/2021,CLL,TX,ASW,CE,Federal Contract Tower,0,10,17,22,49,0,1,7,4,12,0,11,24,26,61,0,10,10,71
03/15/2021,CLL,TX,ASW,CE,Federal Contract Tower,0,12,32,30,74,0,7,71,9,87,0,19,103,39,161,70,40,110,271
03/16/2021,CLL,TX,ASW,CE,Federal Contract Tower,0,8,32,47,87,0,4,26,16,46,0,12,58,63,133,8,52,60,193
03/17/2021,CLL,TX,ASW,CE,Federal Contract Tower,2,8,14,35,59,0,0,51,12,63,2,8,65,47,122,34,58,92,214
03/18/2021,CLL,TX,ASW,CE,Federal Contract Tower,0,20,33,38,91,0,0,76,2,78,0,20,109,40,169,48,20,68,237
03/19/2021,CLL,TX,ASW,CE,Federal Contract Tower,0,17,24,63,104,0,2,96,14,112,0,19,120,77,216,50,32,82,298
03/20/2021,CLL,TX,ASW,CE,Federal Contract Tower,2,10,12,34,58,0,4,89,10,103,2,14,101,44,161,30,10,40,201
03/21/2021,CLL,TX,ASW,CE,Federal Contract Tower,0,14,24,23,61,0,5,101,6,112,0,19,125,29,173,50,12,62,235
03/22/2021,CLL,TX,ASW,CE,Federal Contract Tower,0,11,24,22,57,0,7,48,7,62,0,18,72,29,119,44,10,54,173
03/23/2021,CLL,TX,ASW,CE,Federal Contract Tower,0,10,31,67,108,0,15,66,16,97,0,25,97,83,205,60,16,76,281
03/24/2021,CLL,TX,ASW,CE,Federal Contract Tower,0,8,28,15,51,0,0,12,3,15,0,8,40,18,66,50,8,58,124
03/25/2021,CLL,TX,ASW,CE,Federal Contract Tower,0,18,40,38,96,0,2,51,5,58,0,20,91,43,154,14,14,28,182
03/26/2021,CLL,TX,ASW,CE,Federal Contract Tower,0,15,28,30,73,0,2,118,10,130,0,17,146,40,203,40,20,60,263
03/27/2021,CLL,TX,ASW,CE,Federal Contract Tower,0,11,21,22,54,0,3,16,1,20,0,14,37,23,74,0,0,0,74
03/28/2021,CLL,TX,ASW,CE,Federal Contract Tower,0,11,15,0,26,0,4,17,1,22,0,15,32,1,48,6,0,6,54
03/29/2021,CLL,TX,ASW,CE,Federal Contract Tower,0,13,30,11,54,0,3,48,3,54,0,16,78,14,108,48,0,48,156
03/30/2021,CLL,TX,ASW,CE,Federal Contract Tower,0,13,31,17,61,0,0,9,6,15,0,13,40,23,76,2,24,26,102
03/31/2021,CLL,TX,ASW,CE,Federal Contract Tower,2,10,24,12,48,0,6,17,6,29,2,16,41,18,77,0,0,0,77
04/01/2021,CLL,TX,ASW,CE,Federal Contract Tower,0,11,30,28,69,0,8,89,11,108,0,19,119,39,177,14,0,14,191
04/02/2021,CLL,TX,ASW,CE,Federal Contract Tower,0,11,16,12,39,0,0,111,6,117,0,11,127,18,156,30,16,46,202
04/03/2021,CLL,TX,ASW,CE,Federal Contract Tower,0,12,8,0,20,0,0,35,0,35,0,12,43,0,55,54,0,54,109
04/05/2021,CLL,TX,ASW,CE,Federal Contract Tower,0,10,24,26,60,0,5,29,3,37,0,15,53,29,97,2,18,20,117
04/06/2021,CLL,TX,ASW,CE,Federal Contract Tower,0,11,24,15,50,0,3,29,5,37,0,14,53,20,87,52,0,52,139
04/07/2021,CLL,TX,ASW,CE,Federal Contract Tower,0,10,16,8,34,0,2,25,3,30,0,12,41,11,64,16,0,16,80
04/08/2021,CLL,TX,ASW,CE,Federal Contract Tower,0,15,29,57,101,0,14,71,12,97,0,29,100,69,198,44,44,88,286
04/09/2021,CLL,TX,ASW,CE,Federal Contract Tower,2,20,38,38,98,0,9,31,6,46,2,29,69,44,144,12,4,16,160
04/10/2021,CLL,TX,ASW,CE,Federal Contract Tower,0,11,30,60,101,0,8,75,40,123,0,19,105,100,224,26,60,86,310
04/11/2021,CLL,TX,ASW,CE,Federal Contract Tower,0,17,22,27,66,0,5,97,12,114,0,22,119,39,180,48,18,66,246
04/12/2021,CLL,TX,ASW,CE,Federal Contract Tower,0,14,23,33,70,0,4,67,7,78,0,18,90,40,148,94,0,94,242
04/13/2021,CLL,TX,ASW,CE,Federal Contract Tower,0,9,34,4,47,0,6,32,2,40,0,15,66,6,87,50,0,50,137
04/14/2021,CLL,TX,ASW,CE,Federal Contract Tower,0,11,41,28,80,0,3,7,2,12,0,14,48,30,92,16,22,38,130
04/15/2021,CLL,TX,ASW,CE,Federal Contract Tower,2,19,51,2,74,0,2,9,2,13,2,21,60,4,87,24,0,24,111
04/16/2021,CLL,TX,ASW,CE,Federal Contract Tower,0,9,20,2,31,0,0,0,0,0,0,9,20,2,31,0,0,0,31
04/17/2021,CLL,TX,ASW,CE,Federal Contract Tower,0,16,21,11,48,0,7,44,0,51,0,23,65,11,99,28,12,40,139
04/18/2021,CLL,TX,ASW,CE,Federal Contract Tower,1,14,20,19,54,0,1,91,0,92,1,15,111,19,146,40,0,40,186
04/19/2021,CLL,TX,ASW,CE,Federal Contract Tower,0,10,33,37,80,0,6,75,15,96,0,16,108,52,176,68,10,78,254
04/20/2021,CLL,TX,ASW,CE,Federal Contract Tower,0,15,22,22,59,0,3,87,15,105,0,18,109,37,164,72,10,82,246
04/21/2021,CLL,TX,ASW,CE,Federal Contract Tower,0,15,38,27,80,0,4,66,14,84,0,19,104,41,164,24,34,58,222
04/22/2021,CLL,TX,ASW,CE,Federal Contract Tower,0,16,42,87,145,0,0,72,17,89,0,16,114,104,234,2,56,58,292
04/23/2021,CLL,TX,ASW,CE,Federal Contract Tower,0,12,15,0,27,0,0,0,0,0,0,12,15,0,27,0,0,0,27
04/24/2021,CLL,TX,ASW,CE,Federal Contract Tower,0,10,53,30,93,0,6,87,1,94,0,16,140,31,187,36,0,36,223
04/25/2021,CLL,TX,ASW,CE,Federal Contract Tower,0,18,29,30,77,0,3,80,4,87,0,21,109,34,164,22,8,30,194
04/26/2021,CLL,TX,ASW,CE,Federal Contract Tower,0,13,36,45,94,0,6,45,14,65,0,19,81,59,159,42,16,58,217
04/27/2021,CLL,TX,ASW,CE,Federal Contract Tower,0,11,59,28,98,0,0,30,1,31,0,11,89,29,129,62,0,62,191
04/28/2021,CLL,TX,ASW,CE,Federal Contract Tower,0,8,21,53,82,0,0,27,14,41,0,8,48,67,123,34,20,54,177
04/29/2021,CLL,TX,ASW,CE,Federal Contract Tower,2,14,30,14,60,0,6,6,2,14,2,20,36,16,74,14,0,14,88
04/30/2021,CLL,TX,ASW,CE,Federal Contract Tower,0,13,8,0,21,0,8,10,0,18,0,21,18,0,39,22,0,22,61
05/01/2021,CLL,TX,ASW,CE,Federal Contract Tower,0,9,14,0,23,0,0,21,0,21,0,9,35,0,44,54,0,54,98
05/02/2021,CLL,TX,ASW,CE,Federal Contract Tower,0,16,15,26,57,0,2,77,3,82,0,18,92,29,139,68,0,68,207
05/03/2021,CLL,TX,ASW,CE,Federal Contract Tower,0,12,26,31,69,0,2,69,12,83,0,14,95,43,152,22,2,24,176
05/04/2021,CLL,TX,ASW,CE,Federal Contract Tower,0,14,24,10,48,0,2,14,9,25,0,16,38,19,73,0,8,8,81
05/05/2021,CLL,TX,ASW,CE,Federal Contract Tower,0,13,24,37,74,0,3,95,12,110,0,16,119,49,184,34,12,46,230
05/06/2021,CLL,TX,ASW,CE,Federal Contract Tower,0,20,55,19,94,0,4,84,10,98,0,24,139,29,192,74,4,78,270
05/07/2021,CLL,TX,ASW,CE,Federal Contract Tower,1,14,26,20,61,0,11,104,9,124,1,25,130,29,185,40,22,62,247
05/08/2021,CLL,TX,ASW,CE,Federal Contract Tower,1,7,22,16,46,0,6,25,8,39,1,13,47,24,85,10,20,30,115
05/09/2021,CLL,TX,ASW,CE,Federal Contract Tower,0,18,13,8,39,0,4,22,7,33,0,22,35,15,72,28,24,52,124
05/10/2021,CLL,TX,ASW,CE,Federal Contract Tower,0,13,28,45,86,0,3,24,6,33,0,16,52,51,119,42,0,42,161
05/11/2021,CLL,TX,ASW,CE,Federal Contract Tower,4,10,12,0,26,0,2,5,0,7,4,12,17,0,33,0,0,0,33
05/12/2021,CLL,TX,ASW,CE,Federal Contract Tower,4,10,54,46,114,0,1,10,2,13,4,11,64,48,127,8,0,8,135
05/13/2021,CLL,TX,ASW,CE,Federal Contract Tower,0,17,41,64,122,0,5,65,20,90,0,22,106,84,212,76,14,90,302
05/14/2021,CLL,TX,ASW,CE,Federal Contract Tower,0,9,39,35,83,0,2,100,9,111,0,11,139,44,194,38,0,38,232
05/15/2021,CLL,TX,ASW,CE,Federal Contract Tower,6,8,42,4,60,0,6,57,0,63,6,14,99,4,123,44,0,44,167
05/16/2021,CLL,TX,ASW,CE,Federal Contract Tower,0,13,19,0,32,0,2,14,0,16,0,15,33,0,48,24,0,24,72
05/17/2021,CLL,TX,ASW,CE,Federal Contract Tower,0,11,12,4,27,0,2,10,0,12,0,13,22,4,39,2,0,2,41
05/18/2021,CLL,TX,ASW,CE,Federal Contract Tower,0,4,29,16,49,0,5,41,4,50,0,9,70,20,99,80,22,102,201
05/19/2021,CLL,TX,ASW,CE,Federal Contract Tower,2,11,27,1,41,0,6,25,0,31,2,17,52,1,72,86,0,86,158
05/20/2021,CLL,TX,ASW,CE,Federal Contract Tower,0,12,65,27,104,0,4,44,5,53,0,16,109,32,157,22,14,36,193
05/21/2021,CLL,TX,ASW,CE,Federal Contract Tower,0,9,19,2,30,0,2,37,2,41,0,11,56,4,71,50,0,50,121
05/22/2021,CLL,TX,ASW,CE,Federal Contract Tower,1,17,16,4,38,0,0,1,0,1,1,17,17,4,39,0,0,0,39
05/23/2021,CLL,TX,ASW,CE,Federal Contract Tower,0,13,19,0,32,0,0,4,3,7,0,13,23,3,39,12,0,12,51
05/24/2021,CLL,TX,ASW,CE,Federal Contract Tower,1,11,19,0,31,0,0,2,1,3,1,11,21,1,34,12,0,12,46
05/25/2021,CLL,TX,ASW,CE,Federal Contract Tower,4,16,22,16,58,0,4,8,3,15,4,20,30,19,73,20,0,20,93
05/26/2021,CLL,TX,ASW,CE,Federal Contract Tower,0,18,42,42,102,0,6,60,15,81,0,24,102,57,183,72,30,102,285
05/27/2021,CLL,TX,ASW,CE,Federal Contract Tower,0,20,71,28,119,0,7,58,17,82,0,27,129,45,201,50,4,54,255
05/28/2021,CLL,TX,ASW,CE,Federal Contract Tower,0,15,34,0,49,0,11,35,0,46,0,26,69,0,95,26,0,26,121
05/29/2021,CLL,TX,ASW,CE,Federal Contract Tower,1,8,15,0,24,0,2,40,0,42,1,10,55,0,66,60,0,60,126
05/30/2021,CLL,TX,ASW,CE,Federal Contract Tower,0,10,45,0,55,0,2,51,0,53,0,12,96,0,108,60,0,60,168
05/31/2021,CLL,TX,ASW,CE,Federal Contract Tower,7,9,38,6,60,0,8,60,0,68,7,17,98,6,128,104,0,104,232
06/01/2021,CLL,TX,ASW,CE,Federal Contract Tower,0,15,21,25,61,0,5,47,3,55,0,20,68,28,116,86,0,86,202
06/02/2021,CLL,TX,ASW,CE,Federal Contract Tower,0,15,43,42,100,0,5,50,1,56,0,20,93,43,156,46,18,64,220
06/03/2021,CLL,TX,ASW,CE,Federal Contract Tower,0,21,26,6,53,0,5,32,4,41,0,26,58,10,94,28,0,28,122
06/04/2021,CLL,TX,ASW,CE,Federal Contract Tower,0,16,22,7,45,0,6,5,1,12,0,22,27,8,57,0,0,0,57
06/05/2021,CLL,TX,ASW,CE,Federal Contract Tower,1,10,19,4,34,0,2,25,0,27,1,12,44,4,61,20,0,20,81
06/06/2021,CLL,TX,ASW,CE,Federal Contract Tower,1,11,36,22,70,0,0,43,0,43,1,11,79,22,113,40,0,40,153
06/07/2021,CLL,TX,ASW,CE,Federal Contract Tower,3,17,21,8,49,0,6,19,0,25,3,23,40,8,74,26,0,26,100
06/08/2021,CLL,TX,ASW,CE,Federal Contract Tower,0,17,32,47,96,0,4,47,3,54,0,21,79,50,150,28,14,42,192
06/09/2021,CLL,TX,ASW,CE,Federal Contract Tower,0,17,35,49,101,0,4,69,9,82,0,21,104,58,183,72,6,78,261
06/10/2021,CLL,TX,ASW,CE,Federal Contract Tower,0,16,37,48,101,0,11,70,15,96,0,27,107,63,197,90,20,110,307
06/11/2021,CLL,TX,ASW,CE,Federal Contract Tower,0,17,31,34,82,0,2,85,10,97,0,19,116,44,179,38,8,46,225
06/12/2021,CLL,TX,ASW,CE,Federal Contract Tower,0,10,33,27,70,0,0,50,7,57,0,10,83,34,127,14,16,30,157
06/13/2021,CLL,TX,ASW,CE,Federal Contract Tower,2,15,21,17,55,0,0,74,5,79,2,15,95,22,134,46,16,62,196
06/14/2021,CLL,TX,ASW,CE,Federal Contract Tower,0,14,21,18,53,0,7,52,6,65,0,21,73,24,118,82,8,90,208
06/15/2021,CLL,TX,ASW,CE,Federal Contract Tower,0,20,38,26,84,0,6,58,8,72,0,26,96,34,156,32,4,36,192
06/16/2021,CLL,TX,ASW,CE,Federal Contract Tower,0,14,67,32,113,0,1,84,9,94,0,15,151,41,207,78,16,94,301
06/17/2021,CLL,TX,ASW,CE,Federal Contract Tower,0,25,37,42,104,0,14,67,9,90,0,39,104,51,194,18,16,34,228
06/18/2021,CLL,TX,ASW,CE,Federal Contract Tower,0,27,20,25,72,0,7,79,2,88,0,34,99,27,160,70,6,76,236
06/19/2021,CLL,TX,ASW,CE,Federal Contract Tower,0,11,16,26,53,0,6,67,5,78,0,17,83,31,131,2,28,30,161
06/20/2021,CLL,TX,ASW,CE,Federal Contract Tower,0,17,22,30,69,0,2,32,2,36,0,19,54,32,105,6,0,6,111
06/21/2021,CLL,TX,ASW,CE,Federal Contract Tower,0,14,20,14,48,0,0,9,5,14,0,14,29,19,62,0,12,12,74
06/22/2021,CLL,TX,ASW,CE,Federal Contract Tower,0,19,28,28,75,0,0,37,7,44,0,19,65,35,119,61,2,63,182
06/23/2021,CLL,TX,ASW,CE,Federal Contract Tower,0,12,32,74,118,0,5,72,12,89,0,17,104,86,207,102,8,110,317
06/24/2021,CLL,TX,ASW,CE,Federal Contract Tower,2,20,26,22,70,0,4,45,7,56,2,24,71,29,126,26,2,28,154
06/25/2021,CLL,TX,ASW,CE,Federal Contract Tower,0,18,20,52,90,0,8,65,14,87,0,26,85,66,177,8,6,14,191
06/26/2021,CLL,TX,ASW,CE,Federal Contract Tower,0,11,16,60,87,0,2,77,12,91,0,13,93,72,178,70,34,104,282
06/27/2021,CLL,TX,ASW,CE,Federal Contract Tower,0,15,16,10,41,0,4,13,1,18,0,19,29,11,59,26,6,32,91
06/28/2021,CLL,TX,ASW,CE,Federal Contract Tower,0,9,8,14,31,0,2,8,4,14,0,11,16,18,45,24,0,24,69
06/29/2021,CLL,TX,ASW,CE,Federal Contract Tower,0,18,18,3,39,0,1,7,0,8,0,19,25,3,47,14,0,14,61
06/30/2021,CLL,TX,ASW,CE,Federal Contract Tower,0,14,28,43,85,0,9,44,1,54,0,23,72,44,139,50,0,50,189
07/01/2021,CLL,TX,ASW,CE,Federal Contract Tower,0,16,39,58,113,0,0,74,11,85,0,16,113,69,198,42,0,42,240
07/02/2021,CLL,TX,ASW,CE,Federal Contract Tower,2,16,13,10,41,2,0,44,2,48,4,16,57,12,89,28,0,28,117
07/03/2021,CLL,TX,ASW,CE,Federal Contract Tower,0,11,3,0,14,0,4,5,0,9,0,15,8,0,23,2,0,2,25
07/04/2021,CLL,TX,ASW,CE,Federal Contract Tower,0,15,7,0,22,0,1,11,0,12,0,16,18,0,34,0,0,0,34
07/05/2021,CLL,TX,ASW,CE,Federal Contract Tower,0,15,32,0,47,0,3,22,0,25,0,18,54,0,72,22,0,22,94
07/06/2021,CLL,TX,ASW,CE,Federal Contract Tower,0,17,11,3,31,0,3,31,3,37,0,20,42,6,68,4,0,4,72
07/07/2021,CLL,TX,ASW,CE,Federal Contract Tower,0,15,27,4,46,0,4,78,2,84,0,19,105,6,130,86,0,86,216
07/08/2021,CLL,TX,ASW,CE,Federal Contract Tower,0,14,21,4,39,0,6,59,1,66,0,20,80,5,105,36,18,54,159
07/09/2021,CLL,TX,ASW,CE,Federal Contract Tower,0,17,15,1,33,0,18,1,0,19,0,35,16,1,52,0,0,0,52
07/10/2021,CLL,TX,ASW,CE,Federal Contract Tower,0,12,16,60,88,0,4,55,10,69,0,16,71,70,157,38,28,66,223
07/11/2021,CLL,TX,ASW,CE,Federal Contract Tower,0,17,28,23,68,0,4,35,0,39,0,21,63,23,107,30,0,30,137
07/12/2021,CLL,TX,ASW,CE,Federal Contract Tower,0,14,10,8,32,0,12,3,0,15,0,26,13,8,47,20,2,22,69
07/13/2021,CLL,TX,ASW,CE,Federal Contract Tower,0,7,13,8,28,0,2,24,5,31,0,9,37,13,59,42,0,42,101
07/14/2021,CLL,TX,ASW,CE,Federal Contract Tower,2,12,28,22,64,0,0,32,2,34,2,12,60,24,98,93,0,93,191
07/15/2021,CLL,TX,ASW,CE,Federal Contract Tower,0,21,30,25,76,0,2,44,4,50,0,23,74,29,126,66,8,74,200
07/16/2021,CLL,TX,ASW,CE,Federal Contract Tower,0,19,29,43,91,0,4,55,3,62,0,23,84,46,153,22,12,34,187
07/17/2021,CLL,TX,ASW,CE,Federal Contract Tower,0,13,20,56,89,0,4,84,27,115,0,17,104,83,204,38,26,64,268
07/18/2021,CLL,TX,ASW,CE,Federal Contract Tower,0,16,27,32,75,0,2,55,9,66,0,18,82,41,141,52,6,58,199
07/19/2021,CLL,TX,ASW,CE,Federal Contract Tower,0,8,26,6,40,0,4,31,2,37,0,12,57,8,77,34,0,34,111
07/20/2021,CLL,TX,ASW,CE,Federal Contract Tower,0,21,15,25,61,0,2,53,7,62,0,23,68,32,123,50,0,50,173
07/21/2021,CLL,TX,ASW,CE,Federal Contract Tower,0,14,32,32,78,0,3,57,4,64,0,17,89,36,142,58,14,72,214
07/22/2021,CLL,TX,ASW,CE,Federal Contract Tower,0,15,40,21,76,0,10,39,3,52,0,25,79,24,128,34,6,40,168
07/23/2021,CLL,TX,ASW,CE,Federal Contract Tower,0,16,33,57,106,0,11,69,10,90,0,27,102,67,196,2,0,2,198
07/24/2021,CLL,TX,ASW,CE,Federal Contract Tower,0,13,23,67,103,0,2,84,21,107,0,15,107,88,210,52,60,112,322
07/25/2021,CLL,TX,ASW,CE,Federal Contract Tower,0,19,16,25,60,0,0,82,3,85,0,19,98,28,145,28,26,54,199
07/26/2021,CLL,TX,ASW,CE,Federal Contract Tower,0,16,5,52,73,0,2,67,8,77,0,18,72,60,150,70,2,72,222
07/27/2021,CLL,TX,ASW,CE,Federal Contract Tower,0,13,21,50,84,0,4,71,12,87,0,17,92,62,171,48,46,94,265
07/28/2021,CLL,TX,ASW,CE,Federal Contract Tower,0,23,37,46,106,0,10,76,5,91,0,33,113,51,197,96,16,112,309
07/29/2021,CLL,TX,ASW,CE,Federal Contract Tower,0,16,31,35,82,0,4,79,5,88,0,20,110,40,170,46,26,72,242
07/30/2021,CLL,TX,ASW,CE,Federal Contract Tower,0,15,32,27,74,0,4,65,4,73,0,19,97,31,147,64,8,72,219
07/31/2021,CLL,TX,ASW,CE,Federal Contract Tower,0,13,23,32,68,0,13,65,11,89,0,26,88,43,157,84,22,106,263
08/01/2021,CLL,TX,ASW,CE,Federal Contract Tower,5,11,13,27,56,0,0,51,3,54,5,11,64,30,110,58,0,58,168
08/02/2021,CLL,TX,ASW,CE,Federal Contract Tower,0,14,12,0,26,0,12,3,0,15,0,26,15,0,41,6,0,6,47
08/03/2021,CLL,TX,ASW,CE,Federal Contract Tower,0,11,44,29,84,0,0,37,7,44,0,11,81,36,128,48,14,62,190
08/04/2021,CLL,TX,ASW,CE,Federal Contract Tower,0,12,33,18,63,0,2,63,13,78,0,14,96,31,141,26,10,36,177
08/05/2021,CLL,TX,ASW,CE,Federal Contract Tower,0,9,16,8,33,0,4,55,4,63,0,13,71,12,96,28,0,28,124
08/06/2021,CLL,TX,ASW,CE,Federal Contract Tower,0,12,24,17,53,0,0,53,6,59,0,12,77,23,112,40,0,40,152
08/07/2021,CLL,TX,ASW,CE,Federal Contract Tower,0,18,16,5,39,0,5,53,7,65,0,23,69,12,104,72,2,74,178
08/08/2021,CLL,TX,ASW,CE,Federal Contract Tower,0,11,25,42,78,0,4,50,1,55,0,15,75,43,133,52,4,56,189
08/09/2021,CLL,TX,ASW,CE,Federal Contract Tower,0,16,44,74,134,0,2,38,7,47,0,18,82,81,181,30,4,34,215
08/10/2021,CLL,TX,ASW,CE,Federal Contract Tower,0,12,37,26,75,0,1,53,8,62,0,13,90,34,137,50,6,56,193
08/11/2021,CLL,TX,ASW,CE,Federal Contract Tower,0,20,28,43,91,0,2,49,9,60,0,22,77,52,151,74,30,104,255
08/12/2021,CLL,TX,ASW,CE,Federal Contract Tower,0,17,33,38,88,0,2,48,7,57,0,19,81,45,145,46,4,50,195
08/13/2021,CLL,TX,ASW,CE,Federal Contract Tower,0,15,33,36,84,0,4,55,11,70,0,19,88,47,154,68,14,82,236
08/14/2021,CLL,TX,ASW,CE,Federal Contract Tower,3,9,10,34,56,0,2,69,14,85,3,11,79,48,141,32,22,54,195
08/15/2021,CLL,TX,ASW,CE,Federal Contract Tower,1,13,16,0,30,0,4,20,0,24,1,17,36,0,54,18,0,18,72
08/16/2021,CLL,TX,ASW,CE,Federal Contract Tower,2,17,19,17,55,0,2,40,3,45,2,19,59,20,100,54,4,58,158
08/17/2021,CLL,TX,ASW,CE,Federal Contract Tower,0,11,37,24,72,0,4,29,1,34,0,15,66,25,106,24,8,32,138
08/18/2021,CLL,TX,ASW,CE,Federal Contract Tower,0,11,23,0,34,0,0,13,2,15,0,11,36,2,49,18,0,18,67
08/19/2021,CLL,TX,ASW,CE,Federal Contract Tower,0,21,29,53,103,0,0,63,9,72,0,21,92,62,175,40,16,56,231
08/20/2021,CLL,TX,ASW,CE,Federal Contract Tower,0,14,41,54,109,0,6,78,5,89,0,20,119,59,198,62,10,72,270
08/21/2021,CLL,TX,ASW,CE,Federal Contract Tower,0,10,24,6,40,0,2,54,10,66,0,12,78,16,106,22,4,26,132
08/22/2021,CLL,TX,ASW,CE,Federal Contract Tower,0,14,25,29,68,0,4,59,5,68,0,18,84,34,136,88,0,88,224
08/23/2021,CLL,TX,ASW,CE,Federal Contract Tower,0,12,18,53,83,0,10,45,9,64,0,22,63,62,147,34,18,52,199
08/24/2021,CLL,TX,ASW,CE,Federal Contract Tower,0,19,21,34,74,0,2,60,15,77,0,21,81,49,151,58,26,84,235
08/25/2021,CLL,TX,ASW,CE,Federal Contract Tower,0,12,28,50,90,0,3,31,12,46,0,15,59,62,136,26,12,38,174
08/26/2021,CLL,TX,ASW,CE,Federal Contract Tower,0,13,28,25,66,0,6,49,14,69,0,19,77,39,135,32,26,58,193
08/27/2021,CLL,TX,ASW,CE,Federal Contract Tower,0,10,40,12,62,0,2,27,2,31,0,12,67,14,93,8,4,12,105
08/28/2021,CLL,TX,ASW,CE,Federal Contract Tower,0,7,14,21,42,0,3,58,0,61,0,10,72,21,103,52,0,52,155
08/29/2021,CLL,TX,ASW,CE,Federal Contract Tower,0,15,35,52,102,0,0,36,2,38,0,15,71,54,140,12,4,16,156
08/30/2021,CLL,TX,ASW,CE,Federal Contract Tower,0,16,12,67,95,0,5,81,15,101,0,21,93,82,196,26,6,32,228
08/31/2021,CLL,TX,ASW,CE,Federal Contract Tower,0,10,20,47,77,0,7,46,7,60,0,17,66,54,137,60,12,72,209
09/01/2021,CLL,TX,ASW,CE,Federal Contract Tower,2,11,21,35,69,0,5,42,8,55,2,16,63,43,124,54,10,64,188
09/02/2021,CLL,TX,ASW,CE,Federal Contract Tower,0,13,15,18,46,0,9,53,18,80,0,22,68,36,126,54,6,60,186
09/03/2021,CLL,TX,ASW,CE,Federal Contract Tower,1,15,20,14,50,0,4,51,6,61,1,19,71,20,111,20,12,32,143
09/04/2021,CLL,TX,ASW,CE,Federal Contract Tower,1,12,44,0,57,0,4,69,10,83,1,16,113,10,140,58,0,58,198
09/05/2021,CLL,TX,ASW,CE,Federal Contract Tower,0,10,30,11,51,0,4,71,9,84,0,14,101,20,135,28,20,48,183
09/06/2021,CLL,TX,ASW,CE,Federal Contract Tower,2,14,27,2,45,0,8,66,1,75,2,22,93,3,120,14,0,14,134
09/07/2021,CLL,TX,ASW,CE,Federal Contract Tower,0,12,17,42,71,0,6,60,9,75,0,18,77,51,146,42,10,52,198
09/08/2021,CLL,TX,ASW,CE,Federal Contract Tower,0,16,39,43,98,0,5,59,7,71,0,21,98,50,169,22,10,32,201
09/09/2021,CLL,TX,ASW,CE,Federal Contract Tower,2,19,28,21,70,0,6,75,17,98,2,25,103,38,168,42,20,62,230
09/10/2021,CLL,TX,ASW,CE,Federal Contract Tower,5,18,32,8,63,0,6,82,8,96,5,24,114,16,159,50,8,58,217
09/11/2021,CLL,TX,ASW,CE,Federal Contract Tower,0,21,14,3,38,0,5,121,3,129,0,26,135,6,167,34,0,34,201
09/12/2021,CLL,TX,ASW,CE,Federal Contract Tower,0,16,24,11,51,0,8,97,6,111,0,24,121,17,162,26,2,28,190
09/13/2021,CLL,TX,ASW,CE,Federal Contract Tower,0,18,10,0,28,0,13,12,2,27,0,31,22,2,55,12,0,12,67
09/14/2021,CLL,TX,ASW,CE,Federal Contract Tower,0,16,21,22,59,0,0,7,0,7,0,16,28,22,66,12,0,12,78
09/15/2021,CLL,TX,ASW,CE,Federal Contract Tower,0,16,38,79,133,0,6,36,13,55,0,22,74,92,188,48,16,64,252
09/16/2021,CLL,TX,ASW,CE,Federal Contract Tower,0,28,57,63,148,0,3,49,17,69,0,31,106,80,217,32,18,50,267
09/17/2021,CLL,TX,ASW,CE,Federal Contract Tower,1,27,48,35,111,0,2,72,9,83,1,29,120,44,194,64,16,80,274
09/18/2021,CLL,TX,ASW,CE,Federal Contract Tower,1,24,47,7,79,0,8,60,3,71,1,32,107,10,150,0,6,6,156
09/19/2021,CLL,TX,ASW,CE,Federal Contract Tower,0,19,33,19,71,0,16,61,5,82,0,35,94,24,153,54,4,58,211
09/20/2021,CLL,TX,ASW,CE,Federal Contract Tower,0,17,30,32,79,0,5,53,7,65,0,22,83,39,144,10,8,18,162
09/21/2021,CLL,TX,ASW,CE,Federal Contract Tower,0,15,23,9,47,0,8,27,7,42,0,23,50,16,89,16,0,16,105
09/22/2021,CLL,TX,ASW,CE,Federal Contract Tower,0,14,41,31,86,0,17,76,9,102,0,31,117,40,188,38,16,54,242
09/23/2021,CLL,TX,ASW,CE,Federal Contract Tower,0,20,45,20,85,0,16,107,15,138,0,36,152,35,223,80,12,92,315
09/24/2021,CLL,TX,ASW,CE,Federal Contract Tower,0,14,30,10,54,0,6,80,9,95,0,20,110,19,149,78,6,84,233
09/25/2021,CLL,TX,ASW,CE,Federal Contract Tower,0,14,22,6,42,0,4,90,0,94,0,18,112,6,136,68,0,68,204
09/26/2021,CLL,TX,ASW,CE,Federal Contract Tower,0,19,25,0,44,0,16,102,0,118,0,35,127,0,162,0,0,0,162
09/27/2021,CLL,TX,ASW,CE,Federal Contract Tower,0,19,28,66,113,0,7,58,11,76,0,26,86,77,189,82,22,104,293
09/28/2021,CLL,TX,ASW,CE,Federal Contract Tower,2,20,36,55,113,0,6,44,8,58,2,26,80,63,171,78,14,92,263
09/29/2021,CLL,TX,ASW,CE,Federal Contract Tower,0,17,45,22,84,0,0,55,2,57,0,17,100,24,141,48,10,58,199
09/30/2021,CLL,TX,ASW,CE,Federal Contract Tower,0,17,53,0,70,0,6,33,1,40,0,23,86,1,110,56,6,62,172
10/01/2021,CLL,TX,ASW,CE,Federal Contract Tower,2,13,24,2,41,0,0,15,0,15,2,13,39,2,56,26,0,26,82
10/02/2021,CLL,TX,ASW,CE,Federal Contract Tower,2,23,42,7,74,0,18,16,8,42,2,41,58,15,116,0,0,0,116
10/03/2021,CLL,TX,ASW,CE,Federal Contract Tower,0,20,38,2,60,0,73,11,0,84,0,93,49,2,144,8,0,8,152
10/04/2021,CLL,TX,ASW,CE,Federal Contract Tower,0,18,39,42,99,0,3,61,2,66,0,21,100,44,165,32,20,52,217
10/05/2021,CLL,TX,ASW,CE,Federal Contract Tower,0,17,25,67,109,0,8,78,4,90,0,25,103,71,199,58,8,66,265
10/06/2021,CLL,TX,ASW,CE,Federal Contract Tower,0,19,22,19,60,0,6,79,13,98,0,25,101,32,158,46,18,64,222
10/07/2021,CLL,TX,ASW,CE,Federal Contract Tower,0,22,27,35,84,0,0,74,9,83,0,22,101,44,167,78,20,98,265
10/08/2021,CLL,TX,ASW,CE,Federal Contract Tower,2,15,61,30,108,0,5,107,9,121,2,20,168,39,229,28,8,36,265
10/09/2021,CLL,TX,ASW,CE,Federal Contract Tower,3,37,133,3,176,0,16,67,5,88,3,53,200,8,264,8,6,14,278
10/10/2021,CLL,TX,ASW,CE,Federal Contract Tower,2,26,88,2,118,0,0,58,1,59,2,26,146,3,177,0,0,0,177
10/12/2021,CLL,TX,ASW,CE,Federal Contract Tower,0,13,12,0,25,0,0,44,4,48,0,13,56,4,73,44,4,48,121
10/13/2021,CLL,TX,ASW,CE,Federal Contract Tower,0,17,30,46,93,0,2,45,10,57,0,19,75,56,150,72,12,84,234
10/14/2021,CLL,TX,ASW,CE,Federal Contract Tower,3,14,48,11,76,0,6,40,0,46,3,20,88,11,122,102,0,102,224
10/15/2021,CLL,TX,ASW,CE,Federal Contract Tower,0,14,43,59,116,0,2,42,1,45,0,16,85,60,161,52,26,78,239
10/16/2021,CLL,TX,ASW,CE,Federal Contract Tower,5,12,33,57,107,0,7,47,4,58,5,19,80,61,165,26,34,60,225
10/17/2021,CLL,TX,ASW,CE,Federal Contract Tower,1,15,42,41,99,0,4,90,3,97,1,19,132,44,196,56,4,60,256
10/18/2021,CLL,TX,ASW,CE,Federal Contract Tower,0,15,26,43,84,0,2,71,7,80,0,17,97,50,164,38,40,78,242
10/19/2021,CLL,TX,ASW,CE,Federal Contract Tower,0,18,23,76,117,0,1,65,9,75,0,19,88,85,192,70,36,106,298
10/20/2021,CLL,TX,ASW,CE,Federal Contract Tower,0,14,36,29,79,0,5,58,5,68,0,19,94,34,147,110,6,116,263
10/21/2021,CLL,TX,ASW,CE,Federal Contract Tower,0,15,37,69,121,0,8,42,15,65,0,23,79,84,186,20,38,58,244
10/22/2021,CLL,TX,ASW,CE,Federal Contract Tower,1,15,64,39,119,0,2,94,12,108,1,17,158,51,227,0,10,10,237
10/23/2021,CLL,TX,ASW,CE,Federal Contract Tower,1,24,82,0,107,0,10,44,2,56,1,34,126,2,163,6,0,6,169
10/24/2021,CLL,TX,ASW,CE,Federal Contract Tower,0,23,84,25,132,0,1,66,4,71,0,24,150,29,203,6,0,6,209
10/25/2021,CLL,TX,ASW,CE,Federal Contract Tower,0,17,34,32,83,0,3,62,7,72,0,20,96,39,155,36,10,46,201
10/26/2021,CLL,TX,ASW,CE,Federal Contract Tower,0,15,43,70,128,0,2,46,4,52,0,17,89,74,180,26,24,50,230
10/27/2021,CLL,TX,ASW,CE,Federal Contract Tower,0,25,37,29,91,0,3,33,5,41,0,28,70,34,132,14,28,42,174
10/28/2021,CLL,TX,ASW,CE,Federal Contract Tower,0,25,37,52,114,0,2,24,14,40,0,27,61,66,154,0,48,48,202
10/29/2021,CLL,TX,ASW,CE,Federal Contract Tower,0,20,25,74,119,0,8,41,11,60,0,28,66,85,179,20,26,46,225
10/30/2021,CLL,TX,ASW,CE,Federal Contract Tower,0,11,11,18,40,0,6,82,7,95,0,17,93,25,135,26,4,30,165
10/31/2021,CLL,TX,ASW,CE,Federal Contract Tower,0,13,18,4,35,0,6,80,9,95,0,19,98,13,130,32,12,44,174
11/01/2021,CLL,TX,ASW,CE,Federal Contract Tower,0,10,16,39,65,0,2,72,7,81,0,12,88,46,146,30,14,44,190
11/02/2021,CLL,TX,ASW,CE,Federal Contract Tower,0,14,17,63,94,0,2,42,8,52,0,16,59,71,146,38,28,66,212
11/03/2021,CLL,TX,ASW,CE,Federal Contract Tower,0,10,15,0,25,0,1,1,0,2,0,11,16,0,27,0,0,0,27
11/04/2021,CLL,TX,ASW,CE,Federal Contract Tower,0,13,67,32,112,0,1,30,0,31,0,14,97,32,143,22,0,22,165
11/05/2021,CLL,TX,ASW,CE,Federal Contract Tower,1,20,76,61,158,0,6,98,22,126,1,26,174,83,284,28,22,50,334
11/06/2021,CLL,TX,ASW,CE,Federal Contract Tower,0,17,123,4,144,0,3,80,6,89,0,20,203,10,233,6,0,6,239
11/07/2021,CLL,TX,ASW,CE,Federal Contract Tower,0,13,83,62,158,0,2,85,14,101,0,15,168,76,259,36,12,48,307
11/08/2021,CLL,TX,ASW,CE,Federal Contract Tower,0,18,14,44,76,0,4,75,4,83,0,22,89,48,159,64,18,82,241
11/09/2021,CLL,TX,ASW,CE,Federal Contract Tower,0,12,19,43,74,0,1,69,9,79,0,13,88,52,153,48,36,84,237
11/10/2021,CLL,TX,ASW,CE,Federal Contract Tower,0,17,35,23,75,0,0,50,4,54,0,17,85,27,129,20,12,32,161
11/11/2021,CLL,TX,ASW,CE,Federal Contract Tower,2,19,61,4,86,0,4,70,2,76,2,23,131,6,162,50,30,80,242
11/12/2021,CLL,TX,ASW,CE,Federal Contract Tower,1,12,46,35,94,0,0,96,16,112,1,12,142,51,206,20,14,34,240
11/13/2021,CLL,TX,ASW,CE,Federal Contract Tower,2,16,16,32,66,0,8,126,4,138,2,24,142,36,204,26,14,40,244
11/14/2021,CLL,TX,ASW,CE,Federal Contract Tower,0,13,34,18,65,0,6,102,6,114,0,19,136,24,179,30,12,42,221
11/16/2021,CLL,TX,ASW,CE,Federal Contract Tower,0,18,38,42,98,0,2,64,0,66,0,20,102,42,164,6,0,6,170
11/17/2021,CLL,TX,ASW,CE,Federal Contract Tower,0,16,38,39,93,0,4,54,8,66,0,20,92,47,159,54,8,62,221
11/18/2021,CLL,TX,ASW,CE,Federal Contract Tower,0,18,47,63,128,0,21,68,7,96,0,39,115,70,224,28,14,42,266
11/19/2021,CLL,TX,ASW,CE,Federal Contract Tower,0,18,39,42,99,0,4,83,13,100,0,22,122,55,199,50,28,78,277
11/20/2021,CLL,TX,ASW,CE,Federal Contract Tower,2,19,65,5,91,0,0,26,2,28,2,19,91,7,119,0,0,0,119
11/21/2021,CLL,TX,ASW,CE,Federal Contract Tower,0,16,45,14,75,0,2,23,2,27,0,18,68,16,102,30,0,30,132
11/22/2021,CLL,TX,ASW,CE,Federal Contract Tower,0,13,56,51,120,0,3,101,27,131,0,16,157,78,251,54,28,82,333
11/23/2021,CLL,TX,ASW,CE,Federal Contract Tower,0,17,43,41,101,0,4,85,15,104,0,21,128,56,205,52,46,98,303
11/24/2021,CLL,TX,ASW,CE,Federal Contract Tower,0,16,34,20,70,0,7,29,6,42,0,23,63,26,112,24,0,24,136
11/25/2021,CLL,TX,ASW,CE,Federal Contract Tower,2,10,9,0,21,0,1,1,0,2,2,11,10,0,23,0,0,0,23
11/26/2021,CLL,TX,ASW,CE,Federal Contract Tower,0,8,12,0,20,0,8,53,0,61,0,16,65,0,81,34,0,34,115
11/27/2021,CLL,TX,ASW,CE,Federal Contract Tower,0,22,39,0,61,0,2,9,0,11,0,24,48,0,72,24,0,24,96
11/28/2021,CLL,TX,ASW,CE,Federal Contract Tower,0,15,47,0,62,0,1,41,0,42,0,16,88,0,104,26,0,26,130
11/29/2021,CLL,TX,ASW,CE,Federal Contract Tower,0,15,25,32,72,0,2,52,5,59,0,17,77,37,131,40,16,56,187
11/30/2021,CLL,TX,ASW,CE,Federal Contract Tower,0,12,28,34,74,0,54,14,0,68,0,66,42,34,142,26,16,42,184
12/01/2021,CLL,TX,ASW,CE,Federal Contract Tower,0,15,29,64,108,0,2,71,8,81,0,17,100,72,189,58,8,66,255
12/02/2021,CLL,TX,ASW,CE,Federal Contract Tower,0,17,33,24,74,0,0,38,1,39,0,17,71,25,113,8,6,14,127
12/03/2021,CLL,TX,ASW,CE,Federal Contract Tower,1,16,37,13,67,0,4,26,1,31,1,20,63,14,98,48,6,54,152
12/04/2021,CLL,TX,ASW,CE,Federal Contract Tower,0,14,31,14,59,0,0,41,3,44,0,14,72,17,103,44,16,60,163
12/05/2021,CLL,TX,ASW,CE,Federal Contract Tower,0,9,33,17,59,0,3,25,0,28,0,12,58,17,87,30,0,30,117
12/06/2021,CLL,TX,ASW,CE,Federal Contract Tower,0,12,27,18,57,0,12,30,0,42,0,24,57,18,99,24,2,26,125
12/07/2021,CLL,TX,ASW,CE,Federal Contract Tower,0,14,18,65,97,0,4,75,19,98,0,18,93,84,195,68,38,106,301
12/08/2021,CLL,TX,ASW,CE,Federal Contract Tower,0,14,49,68,131,0,0,37,9,46,0,14,86,77,177,40,58,98,275
12/09/2021,CLL,TX,ASW,CE,Federal Contract Tower,0,15,54,42,111,0,1,39,11,51,0,16,93,53,162,62,36,98,260
12/10/2021,CLL,TX,ASW,CE,Federal Contract Tower,0,13,42,28,83,0,3,48,6,57,0,16,90,34,140,54,20,74,214
12/11/2021,CLL,TX,ASW,CE,Federal Contract Tower,0,11,34,30,75,0,6,51,2,59,0,17,85,32,134,16,2,18,152
12/12/2021,CLL,TX,ASW,CE,Federal Contract Tower,0,12,21,37,70,0,2,84,2,88,0,14,105,39,158,36,8,44,202
12/13/2021,CLL,TX,ASW,CE,Federal Contract Tower,0,11,29,34,74,0,4,35,5,44,0,15,64,39,118,54,12,66,184
12/14/2021,CLL,TX,ASW,CE,Federal Contract Tower,0,18,23,37,78,0,3,25,3,31,0,21,48,40,109,50,0,50,159
12/15/2021,CLL,TX,ASW,CE,Federal Contract Tower,0,15,48,40,103,0,4,30,4,38,0,19,78,44,141,18,18,36,177
12/16/2021,CLL,TX,ASW,CE,Federal Contract Tower,1,12,33,57,103,0,0,41,6,47,1,12,74,63,150,32,10,42,192
12/17/2021,CLL,TX,ASW,CE,Federal Contract Tower,0,14,27,33,74,0,0,39,2,41,0,14,66,35,115,68,14,82,197
12/18/2021,CLL,TX,ASW,CE,Federal Contract Tower,0,7,11,0,18,0,1,7,0,8,0,8,18,0,26,2,0,2,28
12/19/2021,CLL,TX,ASW,CE,Federal Contract Tower,0,12,12,21,45,0,2,63,2,67,0,14,75,23,112,12,0,12,124
12/20/2021,CLL,TX,ASW,CE,Federal Contract Tower,0,7,22,32,61,0,54,6,0,60,0,61,28,32,121,14,18,32,153
12/21/2021,CLL,TX,ASW,CE,Federal Contract Tower,0,9,19,42,70,0,4,78,12,94,0,13,97,54,164,26,22,48,212
12/22/2021,CLL,TX,ASW,CE,Federal Contract Tower,0,12,20,36,68,0,4,115,4,123,0,16,135,40,191,30,6,36,227
12/23/2021,CLL,TX,ASW,CE,Federal Contract Tower,0,15,32,0,47,0,4,34,0,38,0,19,66,0,85,16,0,16,101
12/24/2021,CLL,TX,ASW,CE,Federal Contract Tower,0,4,6,0,10,0,6,19,0,25,0,10,25,0,35,0,0,0,35
12/25/2021,CLL,TX,ASW,CE,Federal Contract Tower,0,6,0,0,6,0,3,6,0,9,0,9,6,0,15,4,0,4,19
12/26/2021,CLL,TX,ASW,CE,Federal Contract Tower,0,5,8,0,13,0,2,18,0,20,0,7,26,0,33,14,0,14,47
12/27/2021,CLL,TX,ASW,CE,Federal Contract Tower,0,7,32,20,59,0,7,30,0,37,0,14,62,20,96,18,0,18,114
12/28/2021,CLL,TX,ASW,CE,Federal Contract Tower,0,9,23,26,58,0,2,22,5,29,0,11,45,31,87,6,14,20,107
12/29/2021,CLL,TX,ASW,CE,Federal Contract Tower,0,7,24,23,54,0,1,33,1,35,0,8,57,24,89,78,0,78,167
12/30/2021,CLL,TX,ASW,CE,Federal Contract Tower,0,12,38,2,52,0,1,48,0,49,0,13,86,2,101,24,0,24,125
12/31/2021,CLL,TX,ASW,CE,Federal Contract Tower,0,4,14,0,18,0,12,21,0,33,0,16,35,0,51,34,0,34,85
01/01/2022,CLL,TX,ASW,CE,Federal Contract Tower,0,6,19,0,25,0,4,7,0,11,0,10,26,0,36,0,0,0,36
01/02/2022,CLL,TX,ASW,CE,Federal Contract Tower,0,9,6,0,15,0,0,15,0,15,0,9,21,0,30,6,0,6,36
01/03/2022,CLL,TX,ASW,CE,Federal Contract Tower,2,11,23,3,39,0,2,63,3,68,2,13,86,6,107,6,2,8,115
01/04/2022,CLL,TX,ASW,CE,Federal Contract Tower,0,11,22,18,51,0,2,77,4,83,0,13,99,22,134,18,14,32,166
01/05/2022,CLL,TX,ASW,CE,Federal Contract Tower,1,11,30,79,121,0,3,69,23,95,1,14,99,102,216,40,48,88,304
01/06/2022,CLL,TX,ASW,CE,Federal Contract Tower,0,22,37,50,109,0,1,85,4,90,0,23,122,54,199,16,26,42,241
01/07/2022,CLL,TX,ASW,CE,Federal Contract Tower,1,14,34,53,102,0,49,1,0,50,1,63,35,53,152,50,20,70,222
01/08/2022,CLL,TX,ASW,CE,Federal Contract Tower,3,7,18,0,28,0,0,1,0,1,3,7,19,0,29,0,0,0,29
01/09/2022,CLL,TX,ASW,CE,Federal Contract Tower,2,19,43,0,64,0,5,20,0,25,2,24,63,0,89,24,0,24,113
01/10/2022,CLL,TX,ASW,CE,Federal Contract Tower,0,10,23,35,68,0,5,55,20,80,0,15,78,55,148,36,22,58,206
01/11/2022,CLL,TX,ASW,CE,Federal Contract Tower,0,10,32,28,70,0,3,63,2,68,0,13,95,30,138,60,6,66,204
01/12/2022,CLL,TX,ASW,CE,Federal Contract Tower,0,11,35,49,95,0,3,69,7,79,0,14,104,56,174,106,12,118,292
01/13/2022,CLL,TX,ASW,CE,Federal Contract Tower,0,8,33,64,105,0,2,83,13,98,0,10,116,77,203,50,16,66,269
01/14/2022,CLL,TX,ASW,CE,Federal Contract Tower,1,8,21,54,84,0,4,84,10,98,1,12,105,64,182,40,20,60,242
01/15/2022,CLL,TX,ASW,CE,Federal Contract Tower,1,5,11,16,33,0,0,4,1,5,1,5,15,17,38,0,2,2,40
01/16/2022,CLL,TX,ASW,CE,Federal Contract Tower,0,9,21,24,54,0,7,92,0,99,0,16,113,24,153,40,0,40,193
01/17/2022,CLL,TX,ASW,CE,Federal Contract Tower,0,10,46,2,58,0,2,125,6,133,0,12,171,8,191,32,0,32,223
01/18/2022,CLL,TX,ASW,CE,Federal Contract Tower,1,7,22,52,82,0,4,66,6,76,1,11,88,58,158,52,36,88,246
01/19/2022,CLL,TX,ASW,CE,Federal Contract Tower,0,9,41,19,69,0,0,37,0,37,0,9,78,19,106,66,0,66,172
01/20/2022,CLL,TX,ASW,CE,Federal Contract Tower,0,20,15,4,39,0,0,12,0,12,0,20,27,4,51,0,0,0,51
01/21/2022,CLL,TX,ASW,CE,Federal Contract Tower,2,12,31,68,113,0,2,72,16,90,2,14,103,84,203,6,32,38,241
01/22/2022,CLL,TX,ASW,CE,Federal Contract Tower,0,6,22,67,95,0,1,118,6,125,0,7,140,73,220,66,32,98,318
01/23/2022,CLL,TX,ASW,CE,Federal Contract Tower,1,10,11,22,44,0,3,75,0,78,1,13,86,22,122,20,0,20,142
01/24/2022,CLL,TX,ASW,CE,Federal Contract Tower,0,7,17,22,46,0,1,1,0,2,0,8,18,22,48,0,0,0,48
01/25/2022,CLL,TX,ASW,CE,Federal Contract Tower,2,9,53,35,99,0,3,28,4,35,2,12,81,39,134,36,0,36,170
01/26/2022,CLL,TX,ASW,CE,Federal Contract Tower,0,14,34,69,117,0,0,74,10,84,0,14,108,79,201,32,22,54,255
01/27/2022,CLL,TX,ASW,CE,Federal Contract Tower,0,9,42,97,148,0,2,87,18,107,0,11,129,115,255,60,16,76,331
01/28/2022,CLL,TX,ASW,CE,Federal Contract Tower,0,15,31,85,131,0,3,96,11,110,0,18,127,96,241,40,36,76,317
01/29/2022,CLL,TX,ASW,CE,Federal Contract Tower,2,10,25,73,110,0,0,94,25,119,2,10,119,98,229,76,34,110,339
01/30/2022,CLL,TX,ASW,CE,Federal Contract Tower,1,13,26,34,74,0,2,89,4,95,1,15,115,38,169,38,4,42,211
01/31/2022,CLL,TX,ASW,CE,Federal Contract Tower,1,10,6,0,17,0,0,0,0,0,1,10,6,0,17,0,0,0,17
02/01/2022,CLL,TX,ASW,CE,Federal Contract Tower,0,8,61,42,111,0,0,29,3,32,0,8,90,45,143,2,6,8,151
02/02/2022,CLL,TX,ASW,CE,Federal Contract Tower,0,7,13,12,32,0,0,0,0,0,0,7,13,12,32,0,0,0,32
02/03/2022,CLL,TX,ASW,CE,Federal Contract Tower,0,1,5,0,6,0,0,0,0,0,0,1,5,0,6,0,0,0,6
02/04/2022,CLL,TX,ASW,CE,Federal Contract Tower,1,8,13,112,134,0,3,32,1,36,1,11,45,113,170,8,22,30,200
02/05/2022,CLL,TX,ASW,CE,Federal Contract Tower,1,8,21,38,68,0,8,110,13,131,1,16,131,51,199,62,72,134,333
02/06/2022,CLL,TX,ASW,CE,Federal Contract Tower,1,16,47,17,81,0,1,87,1,89,1,17,134,18,170,60,0,60,230
02/07/2022,CLL,TX,ASW,CE,Federal Contract Tower,2,19,30,53,104,0,8,78,11,97,2,27,108,64,201,38,28,66,267
02/08/2022,CLL,TX,ASW,CE,Federal Contract Tower,1,13,25,46,85,0,3,75,7,85,1,16,100,53,170,54,12,66,236
02/09/2022,CLL,TX,ASW,CE,Federal Contract Tower,1,10,25,48,84,0,7,60,13,80,1,17,85,61,164,54,18,72,236
02/10/2022,CLL,TX,ASW,CE,Federal Contract Tower,1,14,43,41,99,0,4,86,9,99,1,18,129,50,198,38,12,50,248
02/11/2022,CLL,TX,ASW,CE,Federal Contract Tower,2,13,32,48,95,0,3,89,17,109,2,16,121,65,204,42,38,80,284
02/12/2022,CLL,TX,ASW,CE,Federal Contract Tower,3,7,7,16,33,0,3,12,3,18,3,10,19,19,51,16,12,28,79
02/13/2022,CLL,TX,ASW,CE,Federal Contract Tower,4,13,16,46,79,0,8,100,9,117,4,21,116,55,196,56,2,58,254
02/14/2022,CLL,TX,ASW,CE,Federal Contract Tower,2,10,20,35,67,0,6,102,14,122,2,16,122,49,189,60,12,72,261
02/15/2022,CLL,TX,ASW,CE,Federal Contract Tower,1,11,28,47,87,0,10,49,7,66,1,21,77,54,153,18,0,18,171
02/16/2022,CLL,TX,ASW,CE,Federal Contract Tower,2,14,41,51,108,0,4,21,7,32,2,18,62,58,140,40,2,42,182
02/17/2022,CLL,TX,ASW,CE,Federal Contract Tower,1,8,30,39,78,0,7,43,5,55,1,15,73,44,133,15,10,25,158
02/18/2022,CLL,TX,ASW,CE,Federal Contract Tower,1,18,46,31,96,0,2,91,12,105,1,20,137,43,201,78,12,90,291
02/19/2022,CLL,TX,ASW,CE,Federal Contract Tower,0,8,11,29,48,0,2,98,0,100,0,10,109,29,148,22,0,22,170
02/20/2022,CLL,TX,ASW,CE,Federal Contract Tower,2,10,19,18,49,0,4,81,1,86,2,14,100,19,135,52,4,56,191
02/21/2022,CLL,TX,ASW,CE,Federal Contract Tower,0,12,27,16,55,0,1,22,6,29,0,13,49,22,84,4,24,28,112
02/22/2022,CLL,TX,ASW,CE,Federal Contract Tower,0,13,44,24,81,0,3,51,3,57,0,16,95,27,138,40,2,42,180
02/23/2022,CLL,TX,ASW,CE,Federal Contract Tower,5,4,22,22,53,0,0,13,1,14,5,4,35,23,67,28,6,34,101
02/24/2022,CLL,TX,ASW,CE,Federal Contract Tower,3,7,25,10,45,0,0,0,0,0,3,7,25,10,45,0,0,0,45
02/25/2022,CLL,TX,ASW,CE,Federal Contract Tower,3,14,59,74,150,0,2,12,8,22,3,16,71,82,172,24,10,34,206
02/26/2022,CLL,TX,ASW,CE,Federal Contract Tower,4,14,27,0,45,0,0,0,0,0,4,14,27,0,45,0,0,0,45
02/27/2022,CLL,TX,ASW,CE,Federal Contract Tower,0,11,41,31,83,0,1,87,10,98,0,12,128,41,181,62,16,78,259
02/28/2022,CLL,TX,ASW,CE,Federal Contract Tower,0,12,48,38,98,0,2,82,13,97,0,14,130,51,195,28,2,30,225
03/01/2022,CLL,TX,ASW,CE,Federal Contract Tower,2,7,22,36,67,0,1,116,5,122,2,8,138,41,189,76,18,94,283
03/02/2022,CLL,TX,ASW,CE,Federal Contract Tower,0,11,33,51,95,0,6,70,22,98,0,17,103,73,193,62,8,70,263
03/03/2022,CLL,TX,ASW,CE,Federal Contract Tower,1,10,45,34,90,0,12,83,22,117,1,22,128,56,207,66,16,82,289
03/04/2022,CLL,TX,ASW,CE,Federal Contract Tower,0,14,30,73,117,0,6,53,7,66,0,20,83,80,183,10,6,16,199
03/05/2022,CLL,TX,ASW,CE,Federal Contract Tower,0,5,30,35,70,0,3,47,1,51,0,8,77,36,121,12,12,24,145
03/06/2022,CLL,TX,ASW,CE,Federal Contract Tower,0,13,25,48,86,0,4,19,8,31,0,17,44,56,117,0,24,24,141
03/07/2022,CLL,TX,ASW,CE,Federal Contract Tower,0,11,27,68,106,0,0,52,7,59,0,11,79,75,165,56,28,84,249
03/08/2022,CLL,TX,ASW,CE,Federal Contract Tower,2,9,13,16,40,0,0,0,0,0,2,9,13,16,40,0,0,0,40
03/09/2022,CLL,TX,ASW,CE,Federal Contract Tower,0,12,70,86,168,0,4,73,14,91,0,16,143,100,259,26,36,62,321
03/10/2022,CLL,TX,ASW,CE,Federal Contract Tower,0,10,31,40,81,0,0,97,11,108,0,10,128,51,189,57,24,81,270
03/11/2022,CLL,TX,ASW,CE,Federal Contract Tower,0,13,37,61,111,0,2,27,1,30,0,15,64,62,141,18,24,42,183
03/12/2022,CLL,TX,ASW,CE,Federal Contract Tower,0,12,19,32,63,0,2,57,7,66,0,14,76,39,129,74,16,90,219
03/13/2022,CLL,TX,ASW,CE,Federal Contract Tower,0,11,19,8,38,0,8,63,3,74,0,19,82,11,112,32,2,34,146
03/14/2022,CLL,TX,ASW,CE,Federal Contract Tower,0,7,17,13,37,0,0,34,5,39,0,7,51,18,76,36,2,38,114
03/15/2022,CLL,TX,ASW,CE,Federal Contract Tower,0,38,38,3,79,0,2,71,12,85,0,40,109,15,164,48,6,54,218
03/16/2022,CLL,TX,ASW,CE,Federal Contract Tower,0,18,38,47,103,0,11,121,12,144,0,29,159,59,247,32,16,48,295
03/17/2022,CLL,TX,ASW,CE,Federal Contract Tower,1,14,42,16,73,0,10,24,1,35,1,24,66,17,108,12,6,18,126
03/18/2022,CLL,TX,ASW,CE,Federal Contract Tower,0,14,24,68,106,0,2,56,14,72,0,16,80,82,178,4,46,50,228
03/19/2022,CLL,TX,ASW,CE,Federal Contract Tower,0,14,25,20,59,0,10,106,5,121,0,24,131,25,180,25,18,43,223
03/20/2022,CLL,TX,ASW,CE,Federal Contract Tower,1,11,47,30,89,0,11,75,11,97,1,22,122,41,186,48,10,58,244
03/21/2022,CLL,TX,ASW,CE,Federal Contract Tower,0,8,7,0,15,0,0,0,0,0,0,8,7,0,15,0,0,0,15
03/22/2022,CLL,TX,ASW,CE,Federal Contract Tower,0,19,33,45,97,0,2,46,3,51,0,21,79,48,148,54,4,58,206
03/23/2022,CLL,TX,ASW,CE,Federal Contract Tower,0,14,57,63,134,0,5,89,11,105,0,19,146,74,239,58,8,66,305
03/24/2022,CLL,TX,ASW,CE,Federal Contract Tower,0,12,45,40,97,0,2,78,14,94,0,14,123,54,191,32,24,56,247
03/25/2022,CLL,TX,ASW,CE,Federal Contract Tower,0,13,38,72,123,0,4,95,23,122,0,17,133,95,245,118,22,140,385
03/26/2022,CLL,TX,ASW,CE,Federal Contract Tower,0,10,20,22,52,0,6,119,3,128,0,16,139,25,180,82,4,86,266
03/27/2022,CLL,TX,ASW,CE,Federal Contract Tower,3,8,22,6,39,0,5,92,0,97,3,13,114,6,136,22,0,22,158
03/28/2022,CLL,TX,ASW,CE,Federal Contract Tower,0,17,23,42,82,0,3,59,11,73,0,20,82,53,155,76,24,100,255
03/29/2022,CLL,TX,ASW,CE,Federal Contract Tower,0,13,24,25,62,0,0,39,4,43,0,13,63,29,105,18,4,22,127
03/30/2022,CLL,TX,ASW,CE,Federal Contract Tower,2,17,27,48,94,0,2,34,8,44,2,19,61,56,138,42,12,54,192
03/31/2022,CLL,TX,ASW,CE,Federal Contract Tower,2,9,50,59,120,0,6,106,14,126,2,15,156,73,246,26,8,34,280
04/01/2022,CLL,TX,ASW,CE,Federal Contract Tower,2,16,33,66,117,0,4,90,15,109,2,20,123,81,226,46,12,58,284
04/02/2022,CLL,TX,ASW,CE,Federal Contract Tower,0,11,26,32,69,0,4,85,21,110,0,15,111,53,179,34,8,42,221
04/03/2022,CLL,TX,ASW,CE,Federal Contract Tower,2,13,27,31,73,0,2,59,4,65,2,15,86,35,138,10,10,20,158
04/04/2022,CLL,TX,ASW,CE,Federal Contract Tower,0,12,23,26,61,0,3,7,1,11,0,15,30,27,72,12,0,12,84
04/05/2022,CLL,TX,ASW,CE,Federal Contract Tower,0,14,27,40,81,0,0,41,10,51,0,14,68,50,132,38,4,42,174
04/06/2022,CLL,TX,ASW,CE,Federal Contract Tower,0,13,35,47,95,0,0,64,9,73,0,13,99,56,168,6,28,34,202
04/07/2022,CLL,TX,ASW,CE,Federal Contract Tower,0,13,35,47,95,0,0,64,9,73,0,13,99,56,168,6,28,34,202
04/08/2022,CLL,TX,ASW,CE,Federal Contract Tower,0,13,34,43,90,0,11,81,12,104,0,24,115,55,194,46,18,64,258
04/09/2022,CLL,TX,ASW,CE,Federal Contract Tower,0,14,37,19,70,0,0,95,4,99,0,14,132,23,169,30,20,50,219
04/10/2022,CLL,TX,ASW,CE,Federal Contract Tower,0,8,30,4,42,0,2,23,0,25,0,10,53,4,67,8,1,9,76
04/11/2022,CLL,TX,ASW,CE,Federal Contract Tower,0,15,22,14,51,0,0,53,5,58,0,15,75,19,109,10,0,10,119
04/12/2022,CLL,TX,ASW,CE,Federal Contract Tower,0,11,20,9,40,0,3,23,0,26,0,14,43,9,66,32,0,32,98
04/13/2022,CLL,TX,ASW,CE,Federal Contract Tower,2,15,44,52,113,0,4,30,5,39,2,19,74,57,152,28,4,32,184
04/14/2022,CLL,TX,ASW,CE,Federal Contract Tower,0,11,52,39,102,0,5,94,12,111,0,16,146,51,213,38,40,78,291
04/15/2022,CLL,TX,ASW,CE,Federal Contract Tower,0,14,37,9,60,0,3,2,0,5,0,17,39,9,65,0,0,0,65
04/16/2022,CLL,TX,ASW,CE,Federal Contract Tower,0,10,41,6,57,0,4,34,0,38,0,14,75,6,95,14,0,14,109
04/17/2022,CLL,TX,ASW,CE,Federal Contract Tower,0,9,41,18,68,0,5,23,1,29,0,14,64,19,97,18,0,18,115
04/18/2022,CLL,TX,ASW,CE,Federal Contract Tower,0,13,40,23,76,0,0,68,5,73,0,13,108,28,149,90,18,108,257
04/19/2022,CLL,TX,ASW,CE,Federal Contract Tower,0,10,29,42,81,0,3,44,6,53,0,13,73,48,134,20,14,34,168
04/20/2022,CLL,TX,ASW,CE,Federal Contract Tower,0,10,54,39,103,0,2,30,2,34,0,12,84,41,137,0,12,12,149
04/21/2022,CLL,TX,ASW,CE,Federal Contract Tower,3,18,64,35,120,0,4,20,1,25,3,22,84,36,145,118,18,136,281
04/22/2022,CLL,TX,ASW,CE,Federal Contract Tower,0,11,56,56,123,0,6,45,3,54,0,17,101,59,177,54,2,56,233
04/23/2022,CLL,TX,ASW,CE,Federal Contract Tower,0,10,28,20,58,0,4,68,4,76,0,14,96,24,134,52,0,52,186
04/24/2022,CLL,TX,ASW,CE,Federal Contract Tower,0,14,44,26,84,0,0,46,4,50,0,14,90,30,134,16,8,24,158
04/25/2022,CLL,TX,ASW,CE,Federal Contract Tower,1,11,13,0,25,0,0,2,0,2,1,11,15,0,27,0,0,0,27
04/26/2022,CLL,TX,ASW,CE,Federal Contract Tower,0,12,24,32,68,0,2,69,7,78,0,14,93,39,146,72,30,102,248
04/27/2022,CLL,TX,ASW,CE,Federal Contract Tower,2,15,54,33,104,0,8,74,11,93,2,23,128,44,197,30,10,40,237
04/28/2022,CLL,TX,ASW,CE,Federal Contract Tower,0,15,46,13,74,0,0,51,7,58,0,15,97,20,132,34,0,34,166
04/29/2022,CLL,TX,ASW,CE,Federal Contract Tower,1,11,39,26,77,0,5,55,4,64,1,16,94,30,141,30,16,46,187
04/30/2022,CLL,TX,ASW,CE,Federal Contract Tower,1,9,15,8,33,0,6,56,1,63,1,15,71,9,96,72,0,72,168
05/01/2022,CLL,TX,ASW,CE,Federal Contract Tower,2,6,15,10,33,0,0,37,4,41,2,6,52,14,74,72,0,72,146
05/02/2022,CLL,TX,ASW,CE,Federal Contract Tower,0,11,22,18,51,0,0,45,7,52,0,11,67,25,103,0,0,0,103
05/03/2022,CLL,TX,ASW,CE,Federal Contract Tower,0,15,21,15,51,0,0,44,6,50,0,15,65,21,101,32,18,50,151
05/04/2022,CLL,TX,ASW,CE,Federal Contract Tower,0,14,42,7,63,0,3,46,0,49,0,17,88,7,112,12,10,22,134
05/05/2022,CLL,TX,ASW,CE,Federal Contract Tower,0,7,27,0,34,0,5,15,1,21,0,12,42,1,55,16,0,16,71
05/06/2022,CLL,TX,ASW,CE,Federal Contract Tower,0,19,28,17,64,0,5,127,1,133,0,24,155,18,197,90,0,90,287
05/07/2022,CLL,TX,ASW,CE,Federal Contract Tower,0,9,23,24,56,0,7,80,2,89,0,16,103,26,145,20,4,24,169
05/08/2022,CLL,TX,ASW,CE,Federal Contract Tower,0,13,15,2,30,0,10,54,3,67,0,23,69,5,97,20,0,20,117
05/09/2022,CLL,TX,ASW,CE,Federal Contract Tower,0,16,20,17,53,0,4,40,6,50,0,20,60,23,103,26,10,36,139
05/10/2022,CLL,TX,ASW,CE,Federal Contract Tower,0,9,12,36,57,0,1,51,6,58,0,10,63,42,115,52,6,58,173
05/11/2022,CLL,TX,ASW,CE,Federal Contract Tower,0,14,29,32,75,0,3,52,13,68,0,17,81,45,143,12,18,30,173
05/12/2022,CLL,TX,ASW,CE,Federal Contract Tower,2,11,37,20,70,0,5,83,13,101,2,16,120,33,171,84,10,94,265
05/13/2022,CLL,TX,ASW,CE,Federal Contract Tower,0,12,34,34,80,0,3,79,5,87,0,15,113,39,167,82,0,82,249
05/14/2022,CLL,TX,ASW,CE,Federal Contract Tower,0,8,25,40,73,0,4,76,6,86,0,12,101,46,159,22,22,44,203
05/15/2022,CLL,TX,ASW,CE,Federal Contract Tower,2,13,24,17,56,0,9,61,8,78,2,22,85,25,134,0,10,10,144
05/16/2022,CLL,TX,ASW,CE,Federal Contract Tower,0,14,28,26,68,0,6,61,6,73,0,20,89,32,141,64,8,72,213
05/17/2022,CLL,TX,ASW,CE,Federal Contract Tower,0,12,24,36,72,0,5,84,6,95,0,17,108,42,167,126,4,130,297
05/18/2022,CLL,TX,ASW,CE,Federal Contract Tower,2,20,41,44,107,0,5,42,15,62,2,25,83,59,169,54,20,74,243
05/19/2022,CLL,TX,ASW,CE,Federal Contract Tower,0,12,24,21,57,0,0,58,7,65,0,12,82,28,122,42,10,52,174
05/20/2022,CLL,TX,ASW,CE,Federal Contract Tower,0,15,28,37,80,0,2,35,12,49,0,17,63,49,129,12,10,22,151
05/21/2022,CLL,TX,ASW,CE,Federal Contract Tower,0,7,13,12,32,0,2,57,7,66,0,9,70,19,98,8,40,48,146
05/22/2022,CLL,TX,ASW,CE,Federal Contract Tower,0,6,26,26,58,0,5,17,4,26,0,11,43,30,84,16,10,26,110
05/23/2022,CLL,TX,ASW,CE,Federal Contract Tower,0,15,48,27,90,0,7,60,8,75,0,22,108,35,165,36,0,36,201
05/24/2022,CLL,TX,ASW,CE,Federal Contract Tower,0,8,15,30,53,0,4,25,1,30,0,12,40,31,83,54,0,54,137
05/25/2022,CLL,TX,ASW,CE,Federal Contract Tower,0,19,42,12,73,0,2,42,18,62,0,21,84,30,135,62,26,88,223
05/26/2022,CLL,TX,ASW,CE,Federal Contract Tower,0,12,16,17,45,0,0,85,11,96,0,12,101,28,141,56,0,56,197
05/27/2022,CLL,TX,ASW,CE,Federal Contract Tower,0,9,17,7,33,0,4,65,1,70,0,13,82,8,103,72,14,86,189
05/28/2022,CLL,TX,ASW,CE,Federal Contract Tower,0,6,17,2,25,0,6,74,0,80,0,12,91,2,105,38,0,38,143
05/29/2022,CLL,TX,ASW,CE,Federal Contract Tower,2,9,14,0,25,0,4,42,0,46,2,13,56,0,71,0,0,0,71
05/30/2022,CLL,TX,ASW,CE,Federal Contract Tower,0,7,24,3,34,0,11,46,0,57,0,18,70,3,91,30,0,30,121
05/31/2022,CLL,TX,ASW,CE,Federal Contract Tower,0,8,32,60,100,0,2,72,13,87,0,10,104,73,187,160,8,168,355
06/01/2022,CLL,TX,ASW,CE,Federal Contract Tower,2,7,22,16,47,0,1,24,5,30,2,8,46,21,77,44,0,44,121
06/02/2022,CLL,TX,ASW,CE,Federal Contract Tower,0,12,20,22,54,0,3,55,10,68,0,15,75,32,122,80,2,82,204
06/03/2022,CLL,TX,ASW,CE,Federal Contract Tower,0,7,39,34,80,0,2,82,3,87,0,9,121,37,167,66,2,68,235
06/04/2022,CLL,TX,ASW,CE,Federal Contract Tower,0,11,12,14,37,0,5,67,1,73,0,16,79,15,110,50,10,60,170
06/05/2022,CLL,TX,ASW,CE,Federal Contract Tower,2,12,30,19,63,0,4,85,9,98,2,16,115,28,161,10,0,10,171
06/06/2022,CLL,TX,ASW,CE,Federal Contract Tower,0,20,23,43,86,0,4,69,11,84,0,24,92,54,170,72,4,76,246
06/07/2022,CLL,TX,ASW,CE,Federal Contract Tower,0,9,24,26,59,0,2,53,13,68,0,11,77,39,127,58,16,74,201
06/08/2022,CLL,TX,ASW,CE,Federal Contract Tower,1,15,41,19,76,0,1,54,15,70,1,16,95,34,146,40,10,50,196
06/09/2022,CLL,TX,ASW,CE,Federal Contract Tower,1,12,37,22,72,0,15,70,14,99,1,27,107,36,171,76,4,80,251
06/10/2022,CLL,TX,ASW,CE,Federal Contract Tower,0,10,22,48,80,0,6,73,11,90,0,16,95,59,170,18,0,18,188
06/11/2022,CLL,TX,ASW,CE,Federal Contract Tower,0,9,32,31,72,0,7,75,4,86,0,16,107,35,158,74,0,74,232
06/12/2022,CLL,TX,ASW,CE,Federal Contract Tower,6,8,10,20,44,0,6,54,2,62,6,14,64,22,106,40,2,42,148
06/13/2022,CLL,TX,ASW,CE,Federal Contract Tower,0,10,16,30,56,0,6,50,6,62,0,16,66,36,118,6,4,10,128
06/14/2022,CLL,TX,ASW,CE,Federal Contract Tower,0,10,33,45,88,0,3,60,14,77,0,13,93,59,165,32,2,34,199
06/15/2022,CLL,TX,ASW,CE,Federal Contract Tower,2,11,24,19,56,0,83,71,95,249,2,94,95,114,305,4,0,4,309
06/16/2022,CLL,TX,ASW,CE,Federal Contract Tower,0,17,24,28,69,0,16,59,4,79,0,33,83,32,148,58,8,66,214
06/17/2022,CLL,TX,ASW,CE,Federal Contract Tower,0,12,42,35,89,0,0,78,6,84,0,12,120,41,173,34,0,34,207
06/18/2022,CLL,TX,ASW,CE,Federal Contract Tower,0,13,20,27,60,0,6,88,0,94,0,19,108,27,154,46,0,46,200
06/19/2022,CLL,TX,ASW,CE,Federal Contract Tower,0,10,32,17,59,0,0,69,4,73,0,10,101,21,132,10,12,22,154
06/20/2022,CLL,TX,ASW,CE,Federal Contract Tower,0,17,28,19,64,0,4,77,2,83,0,21,105,21,147,58,0,58,205
06/21/2022,CLL,TX,ASW,CE,Federal Contract Tower,0,10,34,45,89,0,2,51,11,64,0,12,85,56,153,42,12,54,207
06/22/2022,CLL,TX,ASW,CE,Federal Contract Tower,0,15,21,9,45,0,7,76,4,87,0,22,97,13,132,44,0,44,176
06/23/2022,CLL,TX,ASW,CE,Federal Contract Tower,2,10,29,23,64,0,3,72,9,84,2,13,101,32,148,20,14,34,182
06/24/2022,CLL,TX,ASW,CE,Federal Contract Tower,0,10,23,9,42,0,0,75,6,81,0,10,98,15,123,38,24,62,185
06/25/2022,CLL,TX,ASW,CE,Federal Contract Tower,0,11,14,14,39,0,7,86,6,99,0,18,100,20,138,10,10,20,158
06/26/2022,CLL,TX,ASW,CE,Federal Contract Tower,0,12,14,26,52,0,0,73,3,76,0,12,87,29,128,22,30,52,180
06/27/2022,CLL,TX,ASW,CE,Federal Contract Tower,0,16,14,8,38,0,4,49,6,59,0,20,63,14,97,22,8,30,127
06/28/2022,CLL,TX,ASW,CE,Federal Contract Tower,0,11,30,8,49,0,5,71,8,84,0,16,101,16,133,24,2,26,159
06/29/2022,CLL,TX,ASW,CE,Federal Contract Tower,0,14,33,31,78,0,0,67,5,72,0,14,100,36,150,20,2,22,172
06/30/2022,CLL,TX,ASW,CE,Federal Contract Tower,0,11,19,16,46,0,2,65,3,70,0,13,84,19,116,24,18,42,158
07/01/2022,CLL,TX,ASW,CE,Federal Contract Tower,0,13,21,0,34,0,2,48,0,50,0,15,69,0,84,38,0,38,122
07/02/2022,CLL,TX,ASW,CE,Federal Contract Tower,0,10,18,11,39,0,6,24,1,31,0,16,42,12,70,4,0,4,74
07/03/2022,CLL,TX,ASW,CE,Federal Contract Tower,0,4,6,6,16,0,6,50,1,57,0,10,56,7,73,16,0,16,89
07/04/2022,CLL,TX,ASW,CE,Federal Contract Tower,0,6,16,5,27,0,5,12,1,18,0,11,28,6,45,2,0,2,47
07/05/2022,CLL,TX,ASW,CE,Federal Contract Tower,0,8,17,10,35,0,0,52,11,63,0,8,69,21,98,46,0,46,144
07/06/2022,CLL,TX,ASW,CE,Federal Contract Tower,0,7,18,52,77,0,2,61,15,78,0,9,79,67,155,18,20,38,193
07/07/2022,CLL,TX,ASW,CE,Federal Contract Tower,0,6,30,23,59,0,7,72,16,95,0,13,102,39,154,32,10,42,196
07/08/2022,CLL,TX,ASW,CE,Federal Contract Tower,0,11,32,32,75,0,2,77,1,80,0,13,109,33,155,60,4,64,219
07/09/2022,CLL,TX,ASW,CE,Federal Contract Tower,0,10,13,28,51,0,14,77,6,97,0,24,90,34,148,24,2,26,174
07/10/2022,CLL,TX,ASW,CE,Federal Contract Tower,0,5,20,21,46,0,8,69,18,95,0,13,89,39,141,26,6,32,173
07/11/2022,CLL,TX,ASW,CE,Federal Contract Tower,0,7,16,39,62,0,2,45,8,55,0,9,61,47,117,42,22,64,181
07/12/2022,CLL,TX,ASW,CE,Federal Contract Tower,0,9,21,34,64,0,1,36,8,45,0,10,57,42,109,16,2,18,127
07/13/2022,CLL,TX,ASW,CE,Federal Contract Tower,0,7,36,16,59,0,4,70,6,80,0,11,106,22,139,36,0,36,175
07/14/2022,CLL,TX,ASW,CE,Federal Contract Tower,0,12,19,19,50,0,4,40,11,55,0,16,59,30,105,12,16,28,133
07/15/2022,CLL,TX,ASW,CE,Federal Contract Tower,0,8,34,35,77,0,5,45,3,53,0,13,79,38,130,14,0,14,144
07/16/2022,CLL,TX,ASW,CE,Federal Contract Tower,0,5,22,13,40,0,10,58,1,69,0,15,80,14,109,18,0,18,127
07/17/2022,CLL,TX,ASW,CE,Federal Contract Tower,0,10,11,42,63,0,10,52,6,68,0,20,63,48,131,22,12,34,165
07/18/2022,CLL,TX,ASW,CE,Federal Contract Tower,0,11,31,31,73,0,2,67,7,76,0,13,98,38,149,12,12,24,173
07/19/2022,CLL,TX,ASW,CE,Federal Contract Tower,0,12,22,31,65,0,14,53,11,78,0,26,75,42,143,24,8,32,175
07/20/2022,CLL,TX,ASW,CE,Federal Contract Tower,0,8,35,51,94,0,6,70,5,81,0,14,105,56,175,28,4,32,207
07/21/2022,CLL,TX,ASW,CE,Federal Contract Tower,0,6,33,20,59,0,18,71,9,98,0,24,104,29,157,14,0,14,171
07/22/2022,CLL,TX,ASW,CE,Federal Contract Tower,0,7,15,44,66,0,0,54,7,61,0,7,69,51,127,10,0,10,137
07/23/2022,CLL,TX,ASW,CE,Federal Contract Tower,0,6,11,42,59,0,0,58,6,64,0,6,69,48,123,42,40,82,205
07/24/2022,CLL,TX,ASW,CE,Federal Contract Tower,0,9,17,25,51,0,1,62,10,73,0,10,79,35,124,30,18,48,172
07/25/2022,CLL,TX,ASW,CE,Federal Contract Tower,0,9,27,24,60,0,4,68,10,82,0,13,95,34,142,30,6,36,178
07/26/2022,CLL,TX,ASW,CE,Federal Contract Tower,0,9,30,41,80,0,6,72,8,86,0,15,102,49,166,34,12,46,212
07/27/2022,CLL,TX,ASW,CE,Federal Contract Tower,0,7,27,16,50,0,1,44,11,56,0,8,71,27,106,22,14,36,142
07/28/2022,CLL,TX,ASW,CE,Federal Contract Tower,0,10,13,11,34,0,0,51,3,54,0,10,64,14,88,18,0,18,106
07/29/2022,CLL,TX,ASW,CE,Federal Contract Tower,0,9,39,20,68,0,6,66,8,80,0,15,105,28,148,4,0,4,152
07/30/2022,CLL,TX,ASW,CE,Federal Contract Tower,0,9,6,11,26,0,14,71,4,89,0,23,77,15,115,18,0,18,133
07/31/2022,CLL,TX,ASW,CE,Federal Contract Tower,0,9,25,27,61,0,4,64,1,69,0,13,89,28,130,30,0,30,160
08/01/2022,CLL,TX,ASW,CE,Federal Contract Tower,0,7,22,17,46,0,8,73,4,85,0,15,95,21,131,28,6,34,165
08/02/2022,CLL,TX,ASW,CE,Federal Contract Tower,0,9,24,35,68,0,11,47,6,64,0,20,71,41,132,6,2,8,140
08/03/2022,CLL,TX,ASW,CE,Federal Contract Tower,0,17,35,26,78,0,5,59,7,71,0,22,94,33,149,14,12,26,175
08/04/2022,CLL,TX,ASW,CE,Federal Contract Tower,0,14,17,9,40,0,14,61,6,81,0,28,78,15,121,6,0,6,127
08/05/2022,CLL,TX,ASW,CE,Federal Contract Tower,0,13,7,18,38,0,14,49,0,63,0,27,56,18,101,18,0,18,119
08/06/2022,CLL,TX,ASW,CE,Federal Contract Tower,0,9,14,7,30,0,4,70,4,78,0,13,84,11,108,16,16,32,140
08/07/2022,CLL,TX,ASW,CE,Federal Contract Tower,2,11,19,48,80,0,14,75,9,98,2,25,94,57,178,68,20,88,266
08/08/2022,CLL,TX,ASW,CE,Federal Contract Tower,0,8,25,4,37,0,4,73,3,80,0,12,98,7,117,18,0,18,135
08/09/2022,CLL,TX,ASW,CE,Federal Contract Tower,0,5,27,14,46,0,7,63,3,73,0,12,90,17,119,22,0,22,141
08/10/2022,CLL,TX,ASW,CE,Federal Contract Tower,1,9,23,0,33,0,0,49,0,49,1,9,72,0,82,26,0,26,108
08/11/2022,CLL,TX,ASW,CE,Federal Contract Tower,0,11,24,8,43,0,2,79,0,81,0,13,103,8,124,80,0,80,204
08/12/2022,CLL,TX,ASW,CE,Federal Contract Tower,0,12,26,29,67,0,4,80,7,91,0,16,106,36,158,50,12,62,220
08/13/2022,CLL,TX,ASW,CE,Federal Contract Tower,0,6,15,15,36,0,20,93,4,117,0,26,108,19,153,96,10,106,259
08/14/2022,CLL,TX,ASW,CE,Federal Contract Tower,0,7,19,47,73,0,2,61,6,69,0,9,80,53,142,30,28,58,200
08/15/2022,CLL,TX,ASW,CE,Federal Contract Tower,0,6,11,18,35,0,4,59,2,65,0,10,70,20,100,36,0,36,136
08/16/2022,CLL,TX,ASW,CE,Federal Contract Tower,0,9,16,34,59,0,6,68,8,82,0,15,84,42,141,56,18,74,215
08/17/2022,CLL,TX,ASW,CE,Federal Contract Tower,0,8,35,66,109,0,4,54,9,67,0,12,89,75,176,100,16,116,292
08/18/2022,CLL,TX,ASW,CE,Federal Contract Tower,0,9,21,6,36,0,4,46,0,50,0,13,67,6,86,12,0,12,98
08/19/2022,CLL,TX,ASW,CE,Federal Contract Tower,0,15,9,0,24,0,1,26,0,27,0,16,35,0,51,18,0,18,69
08/20/2022,CLL,TX,ASW,CE,Federal Contract Tower,0,6,32,10,48,0,0,52,2,54,0,6,84,12,102,32,6,38,140
08/21/2022,CLL,TX,ASW,CE,Federal Contract Tower,2,9,15,11,37,0,4,53,1,58,2,13,68,12,95,40,0,40,135
08/22/2022,CLL,TX,ASW,CE,Federal Contract Tower,0,4,30,5,39,0,1,22,4,27,0,5,52,9,66,8,0,8,74
08/23/2022,CLL,TX,ASW,CE,Federal Contract Tower,0,12,42,7,61,0,2,37,0,39,0,14,79,7,100,64,0,64,164
08/24/2022,CLL,TX,ASW,CE,Federal Contract Tower,2,9,29,6,46,0,6,37,1,44,2,15,66,7,90,50,0,50,140
08/25/2022,CLL,TX,ASW,CE,Federal Contract Tower,0,11,41,5,57,0,4,97,5,106,0,15,138,10,163,14,8,22,185
08/26/2022,CLL,TX,ASW,CE,Federal Contract Tower,0,9,31,41,81,0,6,79,15,100,0,15,110,56,181,32,8,40,221
08/27/2022,CLL,TX,ASW,CE,Federal Contract Tower,0,11,30,24,65,0,19,83,9,111,0,30,113,33,176,20,24,44,220
08/28/2022,CLL,TX,ASW,CE,Federal Contract Tower,0,10,20,20,50,0,12,72,0,84,0,22,92,20,134,54,0,54,188
08/29/2022,CLL,TX,ASW,CE,Federal Contract Tower,0,13,19,5,37,0,0,30,7,37,0,13,49,12,74,30,6,36,110
08/30/2022,CLL,TX,ASW,CE,Federal Contract Tower,0,5,17,0,22,0,2,2,0,4,0,7,19,0,26,22,0,22,48
08/31/2022,CLL,TX,ASW,CE,Federal Contract Tower,5,12,30,21,68,0,5,55,9,69,5,17,85,30,137,102,6,108,245
09/01/2022,CLL,TX,ASW,CE,Federal Contract Tower,0,8,42,15,65,0,8,64,7,79,0,16,106,22,144,24,18,42,186
09/02/2022,CLL,TX,ASW,CE,Federal Contract Tower,0,13,30,22,65,0,8,77,7,92,0,21,107,29,157,50,6,56,213
09/03/2022,CLL,TX,ASW,CE,Federal Contract Tower,0,16,44,0,60,0,10,24,4,38,0,26,68,4,98,0,0,0,98
09/04/2022,CLL,TX,ASW,CE,Federal Contract Tower,0,9,17,0,26,0,5,104,4,113,0,14,121,4,139,60,0,60,199
09/05/2022,CLL,TX,ASW,CE,Federal Contract Tower,0,13,20,2,35,0,6,79,1,86,0,19,99,3,121,38,0,38,159
09/06/2022,CLL,TX,ASW,CE,Federal Contract Tower,0,10,16,31,57,0,2,76,4,82,0,12,92,35,139,30,10,40,179
09/07/2022,CLL,TX,ASW,CE,Federal Contract Tower,0,6,29,20,55,0,3,60,7,70,0,9,89,27,125,56,0,56,181
09/08/2022,CLL,TX,ASW,CE,Federal Contract Tower,0,14,37,27,78,0,20,77,12,109,0,34,114,39,187,66,14,80,267
09/09/2022,CLL,TX,ASW,CE,Federal Contract Tower,0,16,41,26,83,0,7,110,6,123,0,23,151,32,206,62,34,96,302
09/10/2022,CLL,TX,ASW,CE,Federal Contract Tower,0,18,41,7,66,0,4,91,10,105,0,22,132,17,171,6,0,6,177
09/11/2022,CLL,TX,ASW,CE,Federal Contract Tower,1,14,41,33,89,0,10,110,4,124,1,24,151,37,213,10,0,10,223
09/12/2022,CLL,TX,ASW,CE,Federal Contract Tower,0,9,42,74,125,0,0,58,10,68,0,9,100,84,193,64,4,68,261
09/13/2022,CLL,TX,ASW,CE,Federal Contract Tower,0,11,39,34,84,0,6,71,4,81,0,17,110,38,165,54,0,54,219
09/14/2022,CLL,TX,ASW,CE,Federal Contract Tower,0,12,39,26,77,0,7,71,9,87,0,19,110,35,164,62,8,70,234
09/15/2022,CLL,TX,ASW,CE,Federal Contract Tower,0,14,44,56,114,0,21,99,13,133,0,35,143,69,247,26,28,54,301
09/16/2022,CLL,TX,ASW,CE,Federal Contract Tower,2,15,56,38,111,0,7,70,3,80,2,22,126,41,191,10,0,10,201
09/17/2022,CLL,TX,ASW,CE,Federal Contract Tower,1,35,114,14,164,0,6,46,0,52,1,41,160,14,216,2,0,2,218
09/18/2022,CLL,TX,ASW,CE,Federal Contract Tower,0,21,62,28,111,0,6,93,17,116,0,27,155,45,227,62,0,62,289
09/19/2022,CLL,TX,ASW,CE,Federal Contract Tower,0,8,38,30,76,0,10,60,6,76,0,18,98,36,152,76,0,76,228
09/20/2022,CLL,TX,ASW,CE,Federal Contract Tower,0,6,37,35,78,0,2,68,4,74,0,8,105,39,152,58,4,62,214
09/21/2022,CLL,TX,ASW,CE,Federal Contract Tower,0,9,36,26,71,0,0,57,7,64,0,9,93,33,135,68,6,74,209
09/22/2022,CLL,TX,ASW,CE,Federal Contract Tower,0,20,37,16,73,0,6,114,7,127,0,26,151,23,200,66,0,66,266
09/23/2022,CLL,TX,ASW,CE,Federal Contract Tower,0,13,30,31,74,0,4,115,4,123,0,17,145,35,197,34,4,38,235
09/24/2022,CLL,TX,ASW,CE,Federal Contract Tower,2,11,20,0,33,0,12,112,0,124,2,23,132,0,157,54,0,54,211
09/25/2022,CLL,TX,ASW,CE,Federal Contract Tower,0,10,27,34,71,0,10,72,5,87,0,20,99,39,158,66,20,86,244
09/26/2022,CLL,TX,ASW,CE,Federal Contract Tower,1,8,39,59,107,0,6,61,14,81,1,14,100,73,188,30,16,46,234
09/27/2022,CLL,TX,ASW,CE,Federal Contract Tower,0,14,26,25,65,0,2,96,10,108,0,16,122,35,173,12,24,36,209
09/28/2022,CLL,TX,ASW,CE,Federal Contract Tower,1,10,34,48,93,0,6,73,7,86,1,16,107,55,179,42,16,58,237
09/29/2022,CLL,TX,ASW,CE,Federal Contract Tower,2,11,33,31,77,0,8,126,11,145,2,19,159,42,222,72,4,76,298
09/30/2022,CLL,TX,ASW,CE,Federal Contract Tower,1,11,46,43,101,0,10,90,5,105,1,21,136,48,206,68,14,82,288
10/01/2022,CLL,TX,ASW,CE,Federal Contract Tower,0,13,26,5,44,0,8,124,2,134,0,21,150,7,178,40,0,40,218
10/02/2022,CLL,TX,ASW,CE,Federal Contract Tower,0,18,26,14,58,0,5,111,0,116,0,23,137,14,174,28,0,28,202
10/03/2022,CLL,TX,ASW,CE,Federal Contract Tower,0,11,30,17,58,0,0,66,5,71,0,11,96,22,129,32,2,34,163
10/04/2022,CLL,TX,ASW,CE,Federal Contract Tower,1,11,24,39,75,0,11,117,4,132,1,22,141,43,207,46,20,66,273
10/05/2022,CLL,TX,ASW,CE,Federal Contract Tower,0,12,46,49,107,0,4,79,17,100,0,16,125,66,207,54,16,70,277
10/06/2022,CLL,TX,ASW,CE,Federal Contract Tower,3,17,43,33,96,0,5,97,6,108,3,22,140,39,204,34,6,40,244
10/07/2022,CLL,TX,ASW,CE,Federal Contract Tower,1,17,31,47,96,0,8,95,5,108,1,25,126,52,204,36,0,36,240
10/08/2022,CLL,TX,ASW,CE,Federal Contract Tower,3,15,22,2,42,0,6,104,2,112,3,21,126,4,154,76,0,76,230
10/09/2022,CLL,TX,ASW,CE,Federal Contract Tower,1,17,28,16,62,0,6,85,6,97,1,23,113,22,159,18,0,18,177
10/10/2022,CLL,TX,ASW,CE,Federal Contract Tower,0,16,39,0,55,0,4,88,0,92,0,20,127,0,147,26,0,26,173
10/11/2022,CLL,TX,ASW,CE,Federal Contract Tower,0,9,34,19,62,0,12,82,5,99,0,21,116,24,161,102,10,112,273
10/12/2022,CLL,TX,ASW,CE,Federal Contract Tower,0,11,22,11,44,0,3,54,4,61,0,14,76,15,105,26,0,26,131
10/13/2022,CLL,TX,ASW,CE,Federal Contract Tower,0,26,51,54,131,0,2,81,7,90,0,28,132,61,221,44,12,56,277
10/14/2022,CLL,TX,ASW,CE,Federal Contract Tower,2,9,24,32,67,0,8,106,7,121,2,17,130,39,188,38,0,38,226
10/15/2022,CLL,TX,ASW,CE,Federal Contract Tower,0,9,31,6,46,0,17,85,0,102,0,26,116,6,148,24,0,24,172
10/16/2022,CLL,TX,ASW,CE,Federal Contract Tower,0,7,20,35,62,0,0,67,11,78,0,7,87,46,140,18,26,44,184
10/17/2022,CLL,TX,ASW,CE,Federal Contract Tower,0,10,22,18,50,0,2,59,1,62,0,12,81,19,112,14,2,16,128
10/18/2022,CLL,TX,ASW,CE,Federal Contract Tower,0,10,27,34,71,0,4,107,7,118,0,14,134,41,189,22,18,40,229
10/19/2022,CLL,TX,ASW,CE,Federal Contract Tower,2,19,27,33,81,0,21,104,10,135,2,40,131,43,216,50,28,78,294
10/20/2022,CLL,TX,ASW,CE,Federal Contract Tower,2,11,42,23,78,0,3,89,4,96,2,14,131,27,174,66,4,70,244
10/21/2022,CLL,TX,ASW,CE,Federal Contract Tower,3,18,34,32,87,0,7,91,6,104,3,25,125,38,191,16,4,20,211
10/22/2022,CLL,TX,ASW,CE,Federal Contract Tower,1,11,22,4,38,0,8,71,2,81,1,19,93,6,119,2,0,2,121
10/23/2022,CLL,TX,ASW,CE,Federal Contract Tower,0,15,27,21,63,0,4,54,10,68,0,19,81,31,131,6,26,32,163
10/24/2022,CLL,TX,ASW,CE,Federal Contract Tower,0,21,14,14,49,0,6,45,2,53,0,27,59,16,102,34,4,38,140
10/25/2022,CLL,TX,ASW,CE,Federal Contract Tower,0,12,21,30,63,0,4,51,9,64,0,16,72,39,127,32,28,60,187
10/26/2022,CLL,TX,ASW,CE,Federal Contract Tower,3,16,49,30,98,0,0,92,13,105,3,16,141,43,203,46,20,66,269
10/27/2022,CLL,TX,ASW,CE,Federal Contract Tower,0,14,46,34,94,0,9,109,23,141,0,23,155,57,235,52,10,62,297
10/28/2022,CLL,TX,ASW,CE,Federal Contract Tower,2,24,30,0,56,0,2,0,0,2,2,26,30,0,58,18,0,18,76
10/29/2022,CLL,TX,ASW,CE,Federal Contract Tower,0,23,125,26,174,0,1,7,3,11,0,24,132,29,185,0,0,0,185
10/31/2022,CLL,TX,ASW,CE,Federal Contract Tower,2,5,28,21,56,0,2,84,5,91,2,7,112,26,147,28,0,28,175
11/01/2022,CLL,TX,ASW,CE,Federal Contract Tower,0,13,32,28,73,0,2,34,3,39,0,15,66,31,112,36,2,38,150
11/02/2022,CLL,TX,ASW,CE,Federal Contract Tower,0,13,33,29,75,0,1,61,7,69,0,14,94,36,144,88,32,120,264
11/03/2022,CLL,TX,ASW,CE,Federal Contract Tower,0,14,58,13,85,0,4,33,0,37,0,18,91,13,122,30,2,32,154
11/04/2022,CLL,TX,ASW,CE,Federal Contract Tower,1,34,48,0,83,0,0,17,2,19,1,34,65,2,102,24,6,30,132
11/05/2022,CLL,TX,ASW,CE,Federal Contract Tower,2,23,67,10,102,0,6,72,9,87,2,29,139,19,189,2,32,34,223
11/06/2022,CLL,TX,ASW,CE,Federal Contract Tower,0,17,71,5,93,0,6,38,5,49,0,23,109,10,142,26,0,26,168
11/07/2022,CLL,TX,ASW,CE,Federal Contract Tower,0,6,32,30,68,0,4,59,6,69,0,10,91,36,137,12,18,30,167
11/08/2022,CLL,TX,ASW,CE,Federal Contract Tower,0,3,48,66,117,0,2,98,12,112,0,5,146,78,229,36,20,56,285
11/09/2022,CLL,TX,ASW,CE,Federal Contract Tower,0,10,49,59,118,0,4,92,11,107,0,14,141,70,225,100,16,116,341
11/10/2022,CLL,TX,ASW,CE,Federal Contract Tower,2,13,45,35,95,0,10,63,6,79,2,23,108,41,174,60,4,64,238
11/11/2022,CLL,TX,ASW,CE,Federal Contract Tower,4,13,20,0,37,0,2,8,0,10,4,15,28,0,47,2,0,2,49
11/12/2022,CLL,TX,ASW,CE,Federal Contract Tower,0,5,26,7,38,0,11,76,1,88,0,16,102,8,126,12,0,12,138
11/13/2022,CLL,TX,ASW,CE,Federal Contract Tower,0,16,25,6,47,0,2,101,4,107,0,18,126,10,154,56,2,58,212
11/14/2022,CLL,TX,ASW,CE,Federal Contract Tower,0,6,14,2,22,0,1,6,0,7,0,7,20,2,29,36,0,36,65
11/15/2022,CLL,TX,ASW,CE,Federal Contract Tower,2,10,29,41,82,0,56,6,0,62,2,66,35,41,144,112,16,128,272
11/16/2022,CLL,TX,ASW,CE,Federal Contract Tower,2,10,39,70,121,0,3,96,27,126,2,13,135,97,247,102,12,114,361
11/17/2022,CLL,TX,ASW,CE,Federal Contract Tower,0,12,38,39,89,0,13,109,9,131,0,25,147,48,220,62,16,78,298
11/18/2022,CLL,TX,ASW,CE,Federal Contract Tower,1,14,38,38,91,0,4,86,3,93,1,18,124,41,184,56,0,56,240
11/19/2022,CLL,TX,ASW,CE,Federal Contract Tower,2,9,17,2,30,0,1,0,5,6,2,10,17,7,36,0,0,0,36
11/20/2022,CLL,TX,ASW,CE,Federal Contract Tower,0,9,18,28,55,0,23,98,4,125,0,32,116,32,180,86,0,86,266
11/21/2022,CLL,TX,ASW,CE,Federal Contract Tower,0,9,36,7,52,0,11,3,0,14,0,20,39,7,66,48,6,54,120
11/22/2022,CLL,TX,ASW,CE,Federal Contract Tower,0,16,68,53,137,0,0,93,17,110,0,16,161,70,247,106,64,170,417
11/23/2022,CLL,TX,ASW,CE,Federal Contract Tower,0,6,24,11,41,0,9,73,19,101,0,15,97,30,142,14,24,38,180
11/24/2022,CLL,TX,ASW,CE,Federal Contract Tower,1,4,4,0,9,0,0,0,1,1,1,4,4,1,10,0,0,0,10
11/25/2022,CLL,TX,ASW,CE,Federal Contract Tower,2,6,44,0,52,0,4,3,1,8,2,10,47,1,60,0,0,0,60
11/26/2022,CLL,TX,ASW,CE,Federal Contract Tower,2,23,62,2,89,0,7,31,7,45,2,30,93,9,134,0,44,44,178
11/27/2022,CLL,TX,ASW,CE,Federal Contract Tower,0,19,33,0,52,0,8,139,4,151,0,27,172,4,203,26,0,26,229
11/28/2022,CLL,TX,ASW,CE,Federal Contract Tower,0,11,25,15,51,0,4,88,7,99,0,15,113,22,150,84,12,96,246
11/29/2022,CLL,TX,ASW,CE,Federal Contract Tower,2,9,44,22,77,0,8,39,2,49,2,17,83,24,126,34,0,34,160
11/30/2022,CLL,TX,ASW,CE,Federal Contract Tower,0,9,58,67,134,0,3,84,20,107,0,12,142,87,241,72,18,90,331
12/01/2022,CLL,TX,ASW,CE,Federal Contract Tower,0,6,37,19,62,0,9,65,4,78,0,15,102,23,140,48,24,72,212
12/02/2022,CLL,TX,ASW,CE,Federal Contract Tower,0,17,28,5,50,0,4,2,0,6,0,21,30,5,56,0,0,0,56
12/03/2022,CLL,TX,ASW,CE,Federal Contract Tower,0,15,35,9,59,0,5,34,0,39,0,20,69,9,98,14,0,14,112
12/04/2022,CLL,TX,ASW,CE,Federal Contract Tower,0,12,45,25,82,0,2,17,2,21,0,14,62,27,103,42,0,42,145
12/05/2022,CLL,TX,ASW,CE,Federal Contract Tower,2,10,31,25,68,0,8,43,2,53,2,18,74,27,121,22,0,22,143
12/06/2022,CLL,TX,ASW,CE,Federal Contract Tower,0,10,43,51,104,0,2,34,15,51,0,12,77,66,155,46,4,50,205
12/07/2022,CLL,TX,ASW,CE,Federal Contract Tower,2,8,56,36,102,0,19,62,12,93,2,27,118,48,195,30,10,40,235
12/08/2022,CLL,TX,ASW,CE,Federal Contract Tower,3,7,43,26,79,0,2,51,8,61,3,9,94,34,140,14,0,14,154
12/09/2022,CLL,TX,ASW,CE,Federal Contract Tower,5,11,31,6,53,0,10,33,4,47,5,21,64,10,100,0,0,0,100
12/10/2022,CLL,TX,ASW,CE,Federal Contract Tower,4,0,19,5,28,0,11,28,4,43,4,11,47,9,71,0,0,0,71
12/11/2022,CLL,TX,ASW,CE,Federal Contract Tower,6,2,45,10,63,0,6,2,0,8,6,8,47,10,71,12,0,12,83
12/12/2022,CLL,TX,ASW,CE,Federal Contract Tower,8,11,32,2,53,0,2,0,0,2,8,13,32,2,55,0,0,0,55
12/13/2022,CLL,TX,ASW,CE,Federal Contract Tower,4,5,22,10,41,0,0,3,0,3,4,5,25,10,44,8,0,8,52
12/14/2022,CLL,TX,ASW,CE,Federal Contract Tower,4,9,48,43,104,0,7,73,13,93,4,16,121,56,197,30,8,38,235
12/15/2022,CLL,TX,ASW,CE,Federal Contract Tower,4,4,24,3,35,0,10,132,15,157,4,14,156,18,192,70,14,84,276
12/16/2022,CLL,TX,ASW,CE,Federal Contract Tower,6,11,72,25,114,0,12,68,3,83,6,23,140,28,197,32,0,32,229
12/18/2022,CLL,TX,ASW,CE,Federal Contract Tower,4,3,17,25,49,0,6,77,10,93,4,9,94,35,142,54,46,100,242
12/19/2022,CLL,TX,ASW,CE,Federal Contract Tower,4,4,7,6,21,0,0,0,0,0,4,4,7,6,21,0,0,0,21
12/20/2022,CLL,TX,ASW,CE,Federal Contract Tower,4,11,41,15,71,0,4,3,8,15,4,15,44,23,86,0,0,0,86
12/21/2022,CLL,TX,ASW,CE,Federal Contract Tower,4,7,35,4,50,0,5,14,0,19,4,12,49,4,69,26,0,26,95
12/22/2022,CLL,TX,ASW,CE,Federal Contract Tower,4,5,19,10,38,0,1,3,2,6,4,6,22,12,44,0,0,0,44
12/23/2022,CLL,TX,ASW,CE,Federal Contract Tower,3,4,7,0,14,1,6,20,0,27,4,10,27,0,41,4,0,4,45
12/24/2022,CLL,TX,ASW,CE,Federal Contract Tower,3,0,7,0,10,0,12,24,0,36,3,12,31,0,46,0,0,0,46
12/25/2022,CLL,TX,ASW,CE,Federal Contract Tower,1,4,0,0,5,0,4,13,0,17,1,8,13,0,22,0,0,0,22
12/26/2022,CLL,TX,ASW,CE,Federal Contract Tower,4,3,14,0,21,0,2,49,0,51,4,5,63,0,72,24,0,24,96
12/27/2022,CLL,TX,ASW,CE,Federal Contract Tower,4,1,19,11,35,0,8,70,2,80,4,9,89,13,115,48,0,48,163
12/28/2022,CLL,TX,ASW,CE,Federal Contract Tower,5,3,34,3,45,0,5,44,4,53,5,8,78,7,98,14,18,32,130
12/29/2022,CLL,TX,ASW,CE,Federal Contract Tower,2,3,15,2,22,0,3,5,0,8,2,6,20,2,30,0,0,0,30
12/30/2022,CLL,TX,ASW,CE,Federal Contract Tower,4,6,29,0,39,0,26,21,0,47,4,32,50,0,86,6,0,6,92
12/31/2022,CLL,TX,ASW,CE,Federal Contract Tower,4,0,16,0,20,0,9,80,0,89,4,9,96,0,109,24,0,24,133
01/01/2023,CLL,TX,ASW,CE,Federal Contract Tower,3,2,5,0,10,0,5,8,0,13,3,7,13,0,23,0,0,0,23
01/02/2023,CLL,TX,ASW,CE,Federal Contract Tower,4,8,14,0,26,0,1,3,0,4,4,9,17,0,30,4,0,4,34
01/03/2023,CLL,TX,ASW,CE,Federal Contract Tower,5,4,32,3,44,0,3,67,0,70,5,7,99,3,114,82,0,82,196
01/04/2023,CLL,TX,ASW,CE,Federal Contract Tower,4,13,33,9,59,0,20,85,8,113,4,33,118,17,172,70,10,80,252
01/05/2023,CLL,TX,ASW,CE,Federal Contract Tower,5,4,30,18,57,0,8,86,5,99,5,12,116,23,156,38,12,50,206
01/06/2023,CLL,TX,ASW,CE,Federal Contract Tower,5,2,31,24,62,0,7,74,4,85,5,9,105,28,147,8,0,8,155
01/07/2023,CLL,TX,ASW,CE,Federal Contract Tower,6,3,20,4,33,0,0,12,0,12,6,3,32,4,45,12,0,12,57
01/08/2023,CLL,TX,ASW,CE,Federal Contract Tower,6,5,30,20,61,0,6,93,0,99,6,11,123,20,160,16,0,16,176
01/09/2023,CLL,TX,ASW,CE,Federal Contract Tower,4,3,32,8,47,0,7,79,3,89,4,10,111,11,136,46,26,72,208
01/10/2023,CLL,TX,ASW,CE,Federal Contract Tower,3,3,22,20,48,0,0,50,5,55,3,3,72,25,103,12,0,12,115
01/11/2023,CLL,TX,ASW,CE,Federal Contract Tower,5,2,32,17,56,0,15,44,11,70,5,17,76,28,126,42,0,42,168
01/12/2023,CLL,TX,ASW,CE,Federal Contract Tower,4,2,21,8,35,0,0,57,4,61,4,2,78,12,96,4,0,4,100
01/13/2023,CLL,TX,ASW,CE,Federal Contract Tower,6,7,24,15,52,0,6,119,2,127,6,13,143,17,179,48,0,48,227
01/14/2023,CLL,TX,ASW,CE,Federal Contract Tower,3,2,23,2,30,0,11,148,2,161,3,13,171,4,191,60,4,64,255
01/15/2023,CLL,TX,ASW,CE,Federal Contract Tower,3,8,19,15,45,0,0,64,3,67,3,8,83,18,112,32,12,44,156
01/16/2023,CLL,TX,ASW,CE,Federal Contract Tower,6,8,24,6,44,0,5,55,0,60,6,13,79,6,104,158,0,158,262
01/17/2023,CLL,TX,ASW,CE,Federal Contract Tower,5,5,17,8,35,0,4,24,3,31,5,9,41,11,66,2,0,2,68
01/18/2023,CLL,TX,ASW,CE,Federal Contract Tower,6,4,24,17,51,0,10,52,8,70,6,14,76,25,121,70,6,76,197
01/19/2023,CLL,TX,ASW,CE,Federal Contract Tower,5,11,38,8,62,0,1,103,11,115,5,12,141,19,177,72,0,72,249
01/20/2023,CLL,TX,ASW,CE,Federal Contract Tower,5,6,36,40,87,0,1,86,16,103,5,7,122,56,190,90,28,118,308
01/21/2023,CLL,TX,ASW,CE,Federal Contract Tower,5,6,25,14,50,0,2,33,4,39,5,8,58,18,89,82,14,96,185
01/22/2023,CLL,TX,ASW,CE,Federal Contract Tower,4,3,14,44,65,0,8,117,2,127,4,11,131,46,192,32,2,34,226
01/23/2023,CLL,TX,ASW,CE,Federal Contract Tower,5,7,14,29,55,0,10,90,12,112,5,17,104,41,167,48,20,68,235
01/24/2023,CLL,TX,ASW,CE,Federal Contract Tower,4,5,7,1,17,0,1,0,0,1,4,6,7,1,18,0,0,0,18
01/25/2023,CLL,TX,ASW,CE,Federal Contract Tower,4,17,33,26,80,0,4,68,12,84,4,21,101,38,164,24,4,28,192
01/26/2023,CLL,TX,ASW,CE,Federal Contract Tower,4,12,29,35,80,0,3,131,14,148,4,15,160,49,228,60,4,64,292
01/28/2023,CLL,TX,ASW,CE,Federal Contract Tower,7,3,19,0,29,0,0,0,0,0,7,3,19,0,29,0,0,0,29
01/29/2023,CLL,TX,ASW,CE,Federal Contract Tower,4,8,7,0,19,0,2,3,0,5,4,10,10,0,24,0,0,0,24
01/30/2023,CLL,TX,ASW,CE,Federal Contract Tower,5,3,5,6,19,0,0,0,0,0,5,3,5,6,19,0,0,0,19
01/31/2023,CLL,TX,ASW,CE,Federal Contract Tower,3,7,5,0,15,0,0,0,0,0,3,7,5,0,15,0,0,0,15
02/01/2023,CLL,TX,ASW,CE,Federal Contract Tower,0,7,3,0,10,0,0,0,0,0,0,7,3,0,10,0,0,0,10
02/02/2023,CLL,TX,ASW,CE,Federal Contract Tower,4,3,15,0,22,0,0,0,0,0,4,3,15,0,22,0,0,0,22
02/03/2023,CLL,TX,ASW,CE,Federal Contract Tower,5,8,50,30,93,0,2,58,4,64,5,10,108,34,157,8,0,8,165
02/04/2023,CLL,TX,ASW,CE,Federal Contract Tower,6,8,38,17,69,0,9,104,4,117,6,17,142,21,186,56,20,76,262
02/05/2023,CLL,TX,ASW,CE,Federal Contract Tower,6,7,29,38,80,0,2,125,7,134,6,9,154,45,214,52,18,70,284
02/06/2023,CLL,TX,ASW,CE,Federal Contract Tower,6,7,28,9,50,0,2,37,4,43,6,9,65,13,93,8,2,10,103
02/07/2023,CLL,TX,ASW,CE,Federal Contract Tower,2,3,27,19,51,0,0,18,2,20,2,3,45,21,71,32,0,32,103
02/08/2023,CLL,TX,ASW,CE,Federal Contract Tower,1,10,19,5,35,0,1,9,2,12,1,11,28,7,47,0,0,0,47
02/09/2023,CLL,TX,ASW,CE,Federal Contract Tower,4,2,36,38,80,0,6,97,14,117,4,8,133,52,197,70,10,80,277
02/10/2023,CLL,TX,ASW,CE,Federal Contract Tower,7,7,36,18,68,0,2,89,10,101,7,9,125,28,169,70,0,70,239
02/11/2023,CLL,TX,ASW,CE,Federal Contract Tower,4,10,32,33,79,0,14,77,12,103,4,24,109,45,182,50,10,60,242
02/12/2023,CLL,TX,ASW,CE,Federal Contract Tower,14,5,24,6,49,0,2,98,3,103,14,7,122,9,152,56,4,60,212
02/13/2023,CLL,TX,ASW,CE,Federal Contract Tower,5,7,30,28,70,0,2,80,12,94,5,9,110,40,164,40,0,40,204
02/14/2023,CLL,TX,ASW,CE,Federal Contract Tower,6,7,19,20,52,0,0,34,5,39,6,7,53,25,91,12,0,12,103
02/15/2023,CLL,TX,ASW,CE,Federal Contract Tower,4,10,53,17,84,0,16,13,0,29,4,26,66,17,113,0,0,0,113
02/16/2023,CLL,TX,ASW,CE,Federal Contract Tower,4,9,44,22,79,0,1,52,23,76,4,10,96,45,155,53,18,71,226
02/17/2023,CLL,TX,ASW,CE,Federal Contract Tower,7,7,40,7,61,0,13,120,3,136,7,20,160,10,197,38,0,38,235
02/18/2023,CLL,TX,ASW,CE,Federal Contract Tower,3,6,32,8,49,0,0,133,7,140,3,6,165,15,189,46,0,46,235
02/19/2023,CLL,TX,ASW,CE,Federal Contract Tower,4,10,31,1,46,0,8,75,1,84,4,18,106,2,130,72,0,72,202
02/20/2023,CLL,TX,ASW,CE,Federal Contract Tower,5,11,31,6,53,0,2,25,2,29,5,13,56,8,82,10,0,10,92
02/21/2023,CLL,TX,ASW,CE,Federal Contract Tower,4,4,41,9,58,0,6,28,11,45,4,10,69,20,103,10,6,16,119
02/22/2023,CLL,TX,ASW,CE,Federal Contract Tower,5,5,32,5,47,0,4,52,11,67,5,9,84,16,114,64,8,72,186
02/23/2023,CLL,TX,ASW,CE,Federal Contract Tower,4,4,35,10,53,0,14,61,4,79,4,18,96,14,132,8,6,14,146
02/24/2023,CLL,TX,ASW,CE,Federal Contract Tower,8,2,51,12,73,0,8,25,1,34,8,10,76,13,107,20,6,26,133
02/25/2023,CLL,TX,ASW,CE,Federal Contract Tower,7,3,29,16,55,0,4,32,0,36,7,7,61,16,91,34,0,34,125
02/26/2023,CLL,TX,ASW,CE,Federal Contract Tower,5,6,37,6,54,0,2,28,0,30,5,8,65,6,84,10,0,10,94
02/27/2023,CLL,TX,ASW,CE,Federal Contract Tower,6,3,33,12,54,0,8,99,11,118,6,11,132,23,172,46,6,52,224
02/28/2023,CLL,TX,ASW,CE,Federal Contract Tower,5,1,29,10,45,0,2,74,11,87,5,3,103,21,132,16,2,18,150
03/01/2023,CLL,TX,ASW,CE,Federal Contract Tower,4,5,56,16,81,0,4,49,8,61,4,9,105,24,142,44,0,44,186
03/02/2023,CLL,TX,ASW,CE,Federal Contract Tower,6,7,45,9,67,0,6,9,2,17,6,13,54,11,84,20,4,24,108
03/03/2023,CLL,TX,ASW,CE,Federal Contract Tower,5,9,41,18,73,0,6,88,13,107,5,15,129,31,180,16,20,36,216
03/04/2023,CLL,TX,ASW,CE,Federal Contract Tower,6,10,32,13,61,0,12,155,7,174,6,22,187,20,235,82,14,96,331
03/05/2023,CLL,TX,ASW,CE,Federal Contract Tower,5,4,24,21,54,0,10,123,3,136,5,14,147,24,190,104,0,104,294
03/06/2023,CLL,TX,ASW,CE,Federal Contract Tower,4,4,46,14,68,0,6,54,7,67,4,10,100,21,135,86,0,86,221
03/07/2023,CLL,TX,ASW,CE,Federal Contract Tower,4,2,45,44,95,0,2,42,11,55,4,4,87,55,150,48,18,66,216
03/08/2023,CLL,TX,ASW,CE,Federal Contract Tower,6,4,41,34,85,0,10,80,15,105,6,14,121,49,190,50,46,96,286
03/09/2023,CLL,TX,ASW,CE,Federal Contract Tower,10,8,39,24,81,0,8,74,9,91,10,16,113,33,172,40,8,48,220
03/10/2023,CLL,TX,ASW,CE,Federal Contract Tower,8,3,43,13,67,0,6,36,5,47,8,9,79,18,114,18,16,34,148
03/11/2023,CLL,TX,ASW,CE,Federal Contract Tower,4,9,37,42,92,0,4,61,8,73,4,13,98,50,165,24,26,50,215
03/12/2023,CLL,TX,ASW,CE,Federal Contract Tower,8,7,25,24,64,0,2,27,0,29,8,9,52,24,93,26,0,26,119
03/13/2023,CLL,TX,ASW,CE,Federal Contract Tower,8,8,26,8,50,0,18,69,4,91,8,26,95,12,141,44,8,52,193
03/14/2023,CLL,TX,ASW,CE,Federal Contract Tower,4,2,33,25,64,0,10,82,16,108,4,12,115,41,172,40,30,70,242
03/15/2023,CLL,TX,ASW,CE,Federal Contract Tower,3,13,39,43,98,0,4,92,14,110,3,17,131,57,208,14,10,24,232
03/16/2023,CLL,TX,ASW,CE,Federal Contract Tower,4,12,10,2,28,0,2,0,2,4,4,14,10,4,32,0,0,0,32
03/17/2023,CLL,TX,ASW,CE,Federal Contract Tower,7,10,15,47,79,0,2,44,12,58,7,12,59,59,137,36,0,36,173
03/18/2023,CLL,TX,ASW,CE,Federal Contract Tower,4,11,12,9,36,0,16,88,0,104,4,27,100,9,140,18,6,24,164
03/19/2023,CLL,TX,ASW,CE,Federal Contract Tower,7,12,18,16,53,0,8,142,4,154,7,20,160,20,207,28,0,28,235
03/20/2023,CLL,TX,ASW,CE,Federal Contract Tower,4,5,20,17,46,0,8,65,9,82,4,13,85,26,128,16,10,26,154
03/21/2023,CLL,TX,ASW,CE,Federal Contract Tower,4,5,30,36,75,0,4,0,10,14,4,9,30,46,89,0,0,0,89
03/22/2023,CLL,TX,ASW,CE,Federal Contract Tower,3,14,31,27,75,0,15,41,19,75,3,29,72,46,150,30,0,30,180
03/23/2023,CLL,TX,ASW,CE,Federal Contract Tower,8,5,39,23,75,0,12,54,5,71,8,17,93,28,146,12,6,18,164
03/24/2023,CLL,TX,ASW,CE,Federal Contract Tower,3,9,30,16,58,0,10,30,0,40,3,19,60,16,98,26,0,26,124
03/25/2023,CLL,TX,ASW,CE,Federal Contract Tower,4,3,23,14,44,0,8,154,37,199,4,11,177,51,243,12,28,40,283
03/26/2023,CLL,TX,ASW,CE,Federal Contract Tower,12,3,33,18,66,0,19,53,0,72,12,22,86,18,138,42,0,42,180
03/27/2023,CLL,TX,ASW,CE,Federal Contract Tower,4,5,33,24,66,0,15,88,5,108,4,20,121,29,174,58,2,60,234
03/28/2023,CLL,TX,ASW,CE,Federal Contract Tower,1,13,21,12,47,0,4,69,13,86,1,17,90,25,133,34,18,52,185
03/29/2023,CLL,TX,ASW,CE,Federal Contract Tower,3,18,32,27,80,0,32,119,9,160,3,50,151,36,240,50,12,62,302
03/30/2023,CLL,TX,ASW,CE,Federal Contract Tower,5,5,32,17,59,0,10,18,4,32,5,15,50,21,91,4,0,4,95
03/31/2023,CLL,TX,ASW,CE,Federal Contract Tower,4,18,28,54,104,0,5,19,8,32,4,23,47,62,136,0,14,14,150
04/01/2023,CLL,TX,ASW,CE,Federal Contract Tower,5,2,26,29,62,0,16,125,7,148,5,18,151,36,210,74,6,80,290
04/02/2023,CLL,TX,ASW,CE,Federal Contract Tower,4,6,29,32,71,0,3,28,6,37,4,9,57,38,108,60,0,60,168
04/03/2023,CLL,TX,ASW,CE,Federal Contract Tower,4,5,39,6,54,0,9,56,4,69,4,14,95,10,123,62,0,62,185
04/04/2023,CLL,TX,ASW,CE,Federal Contract Tower,6,6,31,38,81,0,3,24,4,31,6,9,55,42,112,6,24,30,142
04/05/2023,CLL,TX,ASW,CE,Federal Contract Tower,4,8,29,3,44,0,1,14,0,15,4,9,43,3,59,40,0,40,99
04/06/2023,CLL,TX,ASW,CE,Federal Contract Tower,5,7,6,0,18,0,0,0,0,0,5,7,6,0,18,0,0,0,18
04/07/2023,CLL,TX,ASW,CE,Federal Contract Tower,4,6,6,0,16,0,0,0,0,0,4,6,6,0,16,0,0,0,16
04/08/2023,CLL,TX,ASW,CE,Federal Contract Tower,7,8,33,15,63,0,1,9,0,10,7,9,42,15,73,24,0,24,97
04/09/2023,CLL,TX,ASW,CE,Federal Contract Tower,4,3,14,14,35,0,4,57,3,64,4,7,71,17,99,20,42,62,161
04/10/2023,CLL,TX,ASW,CE,Federal Contract Tower,4,16,27,8,55,0,10,52,2,64,4,26,79,10,119,12,6,18,137
04/11/2023,CLL,TX,ASW,CE,Federal Contract Tower,4,8,35,24,71,0,12,87,10,109,4,20,122,34,180,74,14,88,268
04/12/2023,CLL,TX,ASW,CE,Federal Contract Tower,4,18,38,18,78,0,5,94,13,112,4,23,132,31,190,86,20,106,296
04/13/2023,CLL,TX,ASW,CE,Federal Contract Tower,4,11,50,15,80,0,6,110,16,132,4,17,160,31,212,92,20,112,324
04/14/2023,CLL,TX,ASW,CE,Federal Contract Tower,4,16,54,29,103,0,4,52,2,58,4,20,106,31,161,44,0,44,205
04/15/2023,CLL,TX,ASW,CE,Federal Contract Tower,2,8,41,17,68,0,14,68,8,90,2,22,109,25,158,48,38,86,244
04/16/2023,CLL,TX,ASW,CE,Federal Contract Tower,6,8,35,19,68,0,9,94,4,107,6,17,129,23,175,46,4,50,225
04/17/2023,CLL,TX,ASW,CE,Federal Contract Tower,3,14,24,28,69,0,14,77,13,104,3,28,101,41,173,28,8,36,209
04/18/2023,CLL,TX,ASW,CE,Federal Contract Tower,4,7,33,20,64,0,2,36,9,47,4,9,69,29,111,20,18,38,149
04/19/2023,CLL,TX,ASW,CE,Federal Contract Tower,5,10,42,20,77,0,3,50,3,56,5,13,92,23,133,94,0,94,227
04/20/2023,CLL,TX,ASW,CE,Federal Contract Tower,5,5,38,6,54,0,1,2,2,5,5,6,40,8,59,0,0,0,59
04/21/2023,CLL,TX,ASW,CE,Federal Contract Tower,4,8,62,10,84,0,11,44,0,55,4,19,106,10,139,42,0,42,181
04/22/2023,CLL,TX,ASW,CE,Federal Contract Tower,4,5,9,9,27,0,22,123,3,148,4,27,132,12,175,52,0,52,227
04/23/2023,CLL,TX,ASW,CE,Federal Contract Tower,7,7,15,38,67,0,8,20,5,33,7,15,35,43,100,2,4,6,106
04/24/2023,CLL,TX,ASW,CE,Federal Contract Tower,4,17,45,67,133,0,2,74,19,95,4,19,119,86,228,80,22,102,330
04/25/2023,CLL,TX,ASW,CE,Federal Contract Tower,4,4,38,23,69,0,4,42,10,56,4,8,80,33,125,74,32,106,231
04/26/2023,CLL,TX,ASW,CE,Federal Contract Tower,3,9,24,12,48,0,0,18,6,24,3,9,42,18,72,54,2,56,128
04/27/2023,CLL,TX,ASW,CE,Federal Contract Tower,7,21,66,14,108,0,13,61,4,78,7,34,127,18,186,30,0,30,216
04/28/2023,CLL,TX,ASW,CE,Federal Contract Tower,4,27,78,25,134,0,7,43,3,53,4,34,121,28,187,32,24,56,243
04/29/2023,CLL,TX,ASW,CE,Federal Contract Tower,6,17,29,6,58,0,18,64,0,82,6,35,93,6,140,10,0,10,150
04/30/2023,CLL,TX,ASW,CE,Federal Contract Tower,5,11,44,12,72,0,16,134,5,155,5,27,178,17,227,84,16,100,327
05/01/2023,CLL,TX,ASW,CE,Federal Contract Tower,4,12,23,19,58,0,0,84,5,89,4,12,107,24,147,66,14,80,227
05/02/2023,CLL,TX,ASW,CE,Federal Contract Tower,4,6,58,14,82,0,2,67,3,72,4,8,125,17,154,78,2,80,234
05/03/2023,CLL,TX,ASW,CE,Federal Contract Tower,4,13,53,11,81,0,12,72,7,91,4,25,125,18,172,158,0,158,330
05/04/2023,CLL,TX,ASW,CE,Federal Contract Tower,6,11,46,15,78,0,2,18,1,21,6,13,64,16,99,66,8,74,173
05/05/2023,CLL,TX,ASW,CE,Federal Contract Tower,4,5,47,6,62,0,12,35,2,49,4,17,82,8,111,12,0,12,123
05/06/2023,CLL,TX,ASW,CE,Federal Contract Tower,3,12,39,2,56,0,16,45,3,64,3,28,84,5,120,44,10,54,174
05/07/2023,CLL,TX,ASW,CE,Federal Contract Tower,6,7,36,0,49,0,6,14,0,20,6,13,50,0,69,6,0,6,75
05/09/2023,CLL,TX,ASW,CE,Federal Contract Tower,3,8,18,2,31,0,4,13,2,19,3,12,31,4,50,0,0,0,50
05/10/2023,CLL,TX,ASW,CE,Federal Contract Tower,4,10,26,5,45,0,0,10,1,11,4,10,36,6,56,18,0,18,74
05/11/2023,CLL,TX,ASW,CE,Federal Contract Tower,7,7,25,24,63,0,6,28,6,40,7,13,53,30,103,90,4,94,197
05/12/2023,CLL,TX,ASW,CE,Federal Contract Tower,5,13,45,11,74,0,15,60,6,81,5,28,105,17,155,38,12,50,205
05/13/2023,CLL,TX,ASW,CE,Federal Contract Tower,5,2,7,0,14,0,0,14,0,14,5,2,21,0,28,16,0,16,44
05/14/2023,CLL,TX,ASW,CE,Federal Contract Tower,4,4,15,6,29,0,0,20,0,20,4,4,35,6,49,18,0,18,67
05/15/2023,CLL,TX,ASW,CE,Federal Contract Tower,5,10,22,13,50,0,2,27,2,31,5,12,49,15,81,52,2,54,135
05/16/2023,CLL,TX,ASW,CE,Federal Contract Tower,4,11,40,19,74,0,6,73,4,83,4,17,113,23,157,98,0,98,255
05/17/2023,CLL,TX,ASW,CE,Federal Contract Tower,6,10,45,43,104,0,11,93,9,113,6,21,138,52,217,80,0,80,297
05/18/2023,CLL,TX,ASW,CE,Federal Contract Tower,4,3,41,33,81,0,10,118,7,135,4,13,159,40,216,44,20,64,280
05/19/2023,CLL,TX,ASW,CE,Federal Contract Tower,2,18,35,14,69,0,32,95,7,134,2,50,130,21,203,18,0,18,221
05/20/2023,CLL,TX,ASW,CE,Federal Contract Tower,4,4,29,30,67,0,14,85,12,111,4,18,114,42,178,12,4,16,194
05/21/2023,CLL,TX,ASW,CE,Federal Contract Tower,4,12,32,42,90,0,11,37,7,55,4,23,69,49,145,18,0,18,163
05/22/2023,CLL,TX,ASW,CE,Federal Contract Tower,4,8,31,34,77,0,10,89,6,105,4,18,120,40,182,48,0,48,230
05/23/2023,CLL,TX,ASW,CE,Federal Contract Tower,7,14,28,30,79,0,11,91,10,112,7,25,119,40,191,44,2,46,237
05/24/2023,CLL,TX,ASW,CE,Federal Contract Tower,4,10,44,12,70,0,11,83,5,99,4,21,127,17,169,76,10,86,255
05/25/2023,CLL,TX,ASW,CE,Federal Contract Tower,4,22,33,15,74,0,9,114,11,134,4,31,147,26,208,10,24,34,242
05/26/2023,CLL,TX,ASW,CE,Federal Contract Tower,5,13,27,11,56,0,12,100,0,112,5,25,127,11,168,76,2,78,246
05/27/2023,CLL,TX,ASW,CE,Federal Contract Tower,3,6,18,0,27,0,8,101,0,109,3,14,119,0,136,24,0,24,160
05/28/2023,CLL,TX,ASW,CE,Federal Contract Tower,4,3,16,6,29,0,24,59,5,88,4,27,75,11,117,30,8,38,155
05/29/2023,CLL,TX,ASW,CE,Federal Contract Tower,6,6,20,2,34,0,2,44,0,46,6,8,64,2,80,50,0,50,130
05/30/2023,CLL,TX,ASW,CE,Federal Contract Tower,4,2,36,11,53,0,9,74,10,93,4,11,110,21,146,44,4,48,194
05/31/2023,CLL,TX,ASW,CE,Federal Contract Tower,6,5,37,21,69,0,14,84,6,104,6,19,121,27,173,44,6,50,223
06/01/2023,CLL,TX,ASW,CE,Federal Contract Tower,4,13,29,20,66,0,9,99,6,114,4,22,128,26,180,66,0,66,246
06/02/2023,CLL,TX,ASW,CE,Federal Contract Tower,4,5,31,8,48,0,8,102,3,113,4,13,133,11,161,50,0,50,211
06/03/2023,CLL,TX,ASW,CE,Federal Contract Tower,5,4,19,12,40,0,18,71,4,93,5,22,90,16,133,10,2,12,145
06/04/2023,CLL,TX,ASW,CE,Federal Contract Tower,4,10,15,21,50,0,1,41,8,50,4,11,56,29,100,2,18,20,120
06/05/2023,CLL,TX,ASW,CE,Federal Contract Tower,2,10,22,0,34,0,4,24,7,35,2,14,46,7,69,44,0,44,113
06/06/2023,CLL,TX,ASW,CE,Federal Contract Tower,3,8,33,14,58,0,4,54,1,59,3,12,87,15,117,72,0,72,189
06/07/2023,CLL,TX,ASW,CE,Federal Contract Tower,4,1,26,14,45,0,0,76,6,82,4,1,102,20,127,82,4,86,213
06/08/2023,CLL,TX,ASW,CE,Federal Contract Tower,2,8,17,7,34,0,11,58,4,73,2,19,75,11,107,6,6,12,119
06/09/2023,CLL,TX,ASW,CE,Federal Contract Tower,4,2,20,8,34,0,10,108,6,124,4,12,128,14,158,18,0,18,176
06/10/2023,CLL,TX,ASW,CE,Federal Contract Tower,4,3,16,5,28,0,8,54,1,63,4,11,70,6,91,28,0,28,119
06/11/2023,CLL,TX,ASW,CE,Federal Contract Tower,5,5,14,25,49,0,2,38,9,49,5,7,52,34,98,4,16,20,118
06/12/2023,CLL,TX,ASW,CE,Federal Contract Tower,4,5,14,9,32,0,3,39,8,50,4,8,53,17,82,40,10,50,132
06/13/2023,CLL,TX,ASW,CE,Federal Contract Tower,4,9,26,3,42,0,4,35,4,43,4,13,61,7,85,18,0,18,103
06/14/2023,CLL,TX,ASW,CE,Federal Contract Tower,4,6,48,13,71,0,5,36,4,45,4,11,84,17,116,20,0,20,136
06/15/2023,CLL,TX,ASW,CE,Federal Contract Tower,4,13,38,1,56,0,10,34,2,46,4,23,72,3,102,2,0,2,104
06/16/2023,CLL,TX,ASW,CE,Federal Contract Tower,5,9,20,13,47,0,15,46,5,66,5,24,66,18,113,70,8,78,191
06/17/2023,CLL,TX,ASW,CE,Federal Contract Tower,8,5,22,4,39,0,2,74,4,80,8,7,96,8,119,10,4,14,133
06/18/2023,CLL,TX,ASW,CE,Federal Contract Tower,4,5,10,14,33,0,4,41,3,48,4,9,51,17,81,14,4,18,99
06/19/2023,CLL,TX,ASW,CE,Federal Contract Tower,4,6,25,3,38,0,2,46,0,48,4,8,71,3,86,18,0,18,104
06/20/2023,CLL,TX,ASW,CE,Federal Contract Tower,4,8,26,11,49,0,13,47,9,69,4,21,73,20,118,44,10,54,172
06/21/2023,CLL,TX,ASW,CE,Federal Contract Tower,5,7,33,8,53,0,4,64,6,74,5,11,97,14,127,94,2,96,223
06/22/2023,CLL,TX,ASW,CE,Federal Contract Tower,4,8,16,15,43,0,4,63,17,84,4,12,79,32,127,32,10,42,169
06/23/2023,CLL,TX,ASW,CE,Federal Contract Tower,4,7,20,14,45,0,5,56,9,70,4,12,76,23,115,0,4,4,119
06/24/2023,CLL,TX,ASW,CE,Federal Contract Tower,4,8,20,9,41,0,4,41,8,53,4,12,61,17,94,86,44,130,224
06/25/2023,CLL,TX,ASW,CE,Federal Contract Tower,4,6,12,13,35,0,3,57,8,68,4,9,69,21,103,58,0,58,161
06/26/2023,CLL,TX,ASW,CE,Federal Contract Tower,6,11,16,2,35,0,12,66,6,84,6,23,82,8,119,72,0,72,191
06/27/2023,CLL,TX,ASW,CE,Federal Contract Tower,4,4,21,24,53,0,8,55,17,80,4,12,76,41,133,26,14,40,173
06/28/2023,CLL,TX,ASW,CE,Federal Contract Tower,8,7,19,3,37,0,3,73,5,81,8,10,92,8,118,36,8,44,162
06/29/2023,CLL,TX,ASW,CE,Federal Contract Tower,6,11,22,7,46,0,2,89,11,102,6,13,111,18,148,0,4,4,152
06/30/2023,CLL,TX,ASW,CE,Federal Contract Tower,4,8,28,10,50,0,6,68,1,75,4,14,96,11,125,30,0,30,155
07/01/2023,CLL,TX,ASW,CE,Federal Contract Tower,4,9,12,1,26,0,0,94,1,95,4,9,106,2,121,18,0,18,139
07/02/2023,CLL,TX,ASW,CE,Federal Contract Tower,12,4,5,11,32,0,6,38,2,46,12,10,43,13,78,20,0,20,98
07/03/2023,CLL,TX,ASW,CE,Federal Contract Tower,6,3,20,1,30,0,15,68,7,90,6,18,88,8,120,6,10,16,136
07/04/2023,CLL,TX,ASW,CE,Federal Contract Tower,4,0,19,0,23,0,0,10,0,10,4,0,29,0,33,8,0,8,41
07/05/2023,CLL,TX,ASW,CE,Federal Contract Tower,4,3,18,12,37,0,1,24,9,34,4,4,42,21,71,16,8,24,95
07/06/2023,CLL,TX,ASW,CE,Federal Contract Tower,4,4,12,6,26,0,1,4,2,7,4,5,16,8,33,4,0,4,37
07/07/2023,CLL,TX,ASW,CE,Federal Contract Tower,4,7,10,58,79,0,5,83,13,101,4,12,93,71,180,52,22,74,254
07/08/2023,CLL,TX,ASW,CE,Federal Contract Tower,4,10,26,15,55,0,18,74,12,104,4,28,100,27,159,30,22,52,211
07/09/2023,CLL,TX,ASW,CE,Federal Contract Tower,4,4,23,17,48,0,3,57,5,65,4,7,80,22,113,16,4,20,133
07/10/2023,CLL,TX,ASW,CE,Federal Contract Tower,3,9,4,14,30,0,19,61,3,83,3,28,65,17,113,72,8,80,193
07/11/2023,CLL,TX,ASW,CE,Federal Contract Tower,4,4,22,13,43,0,14,74,10,98,4,18,96,23,141,46,8,54,195
07/12/2023,CLL,TX,ASW,CE,Federal Contract Tower,4,4,28,9,45,0,4,61,8,73,4,8,89,17,118,38,14,52,170
07/13/2023,CLL,TX,ASW,CE,Federal Contract Tower,7,4,30,23,64,0,11,66,19,96,7,15,96,42,160,30,26,56,216
07/14/2023,CLL,TX,ASW,CE,Federal Contract Tower,4,4,26,42,76,0,17,57,16,90,4,21,83,58,166,34,16,50,216
07/15/2023,CLL,TX,ASW,CE,Federal Contract Tower,4,4,27,7,42,0,10,62,0,72,4,14,89,7,114,40,0,40,154
07/16/2023,CLL,TX,ASW,CE,Federal Contract Tower,4,30,22,28,84,0,0,70,12,82,4,30,92,40,166,34,4,38,204
07/17/2023,CLL,TX,ASW,CE,Federal Contract Tower,4,8,10,26,48,0,4,79,12,95,4,12,89,38,143,76,6,82,225
07/18/2023,CLL,TX,ASW,CE,Federal Contract Tower,4,7,18,9,38,0,3,66,6,75,4,10,84,15,113,64,4,68,181
07/19/2023,CLL,TX,ASW,CE,Federal Contract Tower,4,7,22,10,43,0,6,69,7,82,4,13,91,17,125,88,20,108,233
07/20/2023,CLL,TX,ASW,CE,Federal Contract Tower,4,8,27,11,50,0,3,67,17,87,4,11,94,28,137,22,20,42,179
07/21/2023,CLL,TX,ASW,CE,Federal Contract Tower,4,6,16,10,36,0,4,75,4,83,4,10,91,14,119,48,0,48,167
07/22/2023,CLL,TX,ASW,CE,Federal Contract Tower,2,7,16,0,25,0,12,62,0,74,2,19,78,0,99,34,0,34,133
07/23/2023,CLL,TX,ASW,CE,Federal Contract Tower,4,0,13,8,25,0,2,54,4,60,4,2,67,12,85,18,16,34,119
07/24/2023,CLL,TX,ASW,CE,Federal Contract Tower,4,7,21,15,47,0,11,50,6,67,4,18,71,21,114,40,10,50,164
07/25/2023,CLL,TX,ASW,CE,Federal Contract Tower,4,4,24,10,42,0,2,67,7,76,4,6,91,17,118,34,2,36,154
07/26/2023,CLL,TX,ASW,CE,Federal Contract Tower,5,6,32,26,69,0,11,73,11,95,5,17,105,37,164,30,26,56,220
07/27/2023,CLL,TX,ASW,CE,Federal Contract Tower,5,8,24,4,41,0,8,67,12,87,5,16,91,16,128,44,6,50,178
07/28/2023,CLL,TX,ASW,CE,Federal Contract Tower,4,10,26,13,53,0,11,73,5,89,4,21,99,18,142,32,4,36,178
07/29/2023,CLL,TX,ASW,CE,Federal Contract Tower,4,2,17,0,23,0,9,62,0,71,4,11,79,0,94,14,0,14,108
07/30/2023,CLL,TX,ASW,CE,Federal Contract Tower,4,4,15,10,33,0,8,72,0,80,4,12,87,10,113,30,0,30,143
07/31/2023,CLL,TX,ASW,CE,Federal Contract Tower,4,14,11,18,47,0,8,89,3,100,4,22,100,21,147,70,0,70,217
08/01/2023,CLL,TX,ASW,CE,Federal Contract Tower,4,0,25,19,48,0,4,108,10,122,4,4,133,29,170,106,2,108,278
08/02/2023,CLL,TX,ASW,CE,Federal Contract Tower,4,2,24,15,45,0,6,89,13,108,4,8,113,28,153,68,12,80,233
08/03/2023,CLL,TX,ASW,CE,Federal Contract Tower,4,9,23,7,43,0,21,70,11,102,4,30,93,18,145,46,6,52,197
08/04/2023,CLL,TX,ASW,CE,Federal Contract Tower,4,7,27,34,72,0,17,65,0,82,4,24,92,34,154,36,0,36,190
08/05/2023,CLL,TX,ASW,CE,Federal Contract Tower,4,9,9,5,27,0,13,96,3,112,4,22,105,8,139,24,0,24,163
08/06/2023,CLL,TX,ASW,CE,Federal Contract Tower,5,4,18,18,45,0,11,73,13,97,5,15,91,31,142,40,30,70,212
08/07/2023,CLL,TX,ASW,CE,Federal Contract Tower,4,8,32,23,67,0,8,53,3,64,4,16,85,26,131,66,2,68,199
08/08/2023,CLL,TX,ASW,CE,Federal Contract Tower,4,5,22,15,46,0,2,59,10,71,4,7,81,25,117,88,0,88,205
08/09/2023,CLL,TX,ASW,CE,Federal Contract Tower,4,10,27,19,60,0,7,58,6,71,4,17,85,25,131,78,0,78,209
08/10/2023,CLL,TX,ASW,CE,Federal Contract Tower,6,12,22,28,68,0,12,54,19,85,6,24,76,47,153,58,12,70,223
08/11/2023,CLL,TX,ASW,CE,Federal Contract Tower,4,4,39,12,59,0,0,47,3,50,4,4,86,15,109,2,0,2,111
08/12/2023,CLL,TX,ASW,CE,Federal Contract Tower,4,2,11,13,30,0,4,59,3,66,4,6,70,16,96,38,0,38,134
08/13/2023,CLL,TX,ASW,CE,Federal Contract Tower,4,5,18,17,44,0,14,43,1,58,4,19,61,18,102,56,0,56,158
08/14/2023,CLL,TX,ASW,CE,Federal Contract Tower,4,5,21,31,61,0,2,58,11,71,4,7,79,42,132,114,8,122,254
08/15/2023,CLL,TX,ASW,CE,Federal Contract Tower,5,6,27,23,61,0,8,76,5,89,5,14,103,28,150,106,2,108,258
08/16/2023,CLL,TX,ASW,CE,Federal Contract Tower,5,13,25,12,55,0,14,79,9,102,5,27,104,21,157,100,0,100,257
08/17/2023,CLL,TX,ASW,CE,Federal Contract Tower,6,8,25,28,67,0,1,89,6,96,6,9,114,34,163,64,2,66,229
08/18/2023,CLL,TX,ASW,CE,Federal Contract Tower,5,8,19,17,49,0,6,94,2,102,5,14,113,19,151,70,0,70,221
08/19/2023,CLL,TX,ASW,CE,Federal Contract Tower,6,0,12,3,21,0,10,83,5,98,6,10,95,8,119,38,0,38,157
08/20/2023,CLL,TX,ASW,CE,Federal Contract Tower,7,9,5,17,38,0,11,71,2,84,7,20,76,19,122,34,0,34,156
08/21/2023,CLL,TX,ASW,CE,Federal Contract Tower,6,7,16,2,31,0,15,72,7,94,6,22,88,9,125,78,0,78,203
08/22/2023,CLL,TX,ASW,CE,Federal Contract Tower,6,6,15,8,35,0,4,44,2,50,6,10,59,10,85,46,0,46,131
08/23/2023,CLL,TX,ASW,CE,Federal Contract Tower,5,3,22,44,74,0,9,70,12,91,5,12,92,56,165,38,14,52,217
08/24/2023,CLL,TX,ASW,CE,Federal Contract Tower,6,9,26,22,63,0,14,79,15,108,6,23,105,37,171,90,0,90,261
08/25/2023,CLL,TX,ASW,CE,Federal Contract Tower,6,4,20,36,66,0,14,87,9,110,6,18,107,45,176,68,8,76,252
08/26/2023,CLL,TX,ASW,CE,Federal Contract Tower,6,6,17,0,29,0,16,79,0,95,6,22,96,0,124,74,12,86,210
08/28/2023,CLL,TX,ASW,CE,Federal Contract Tower,6,3,28,44,81,0,14,47,3,64,6,17,75,47,145,48,0,48,193
08/29/2023,CLL,TX,ASW,CE,Federal Contract Tower,7,1,25,39,72,0,10,53,8,71,7,11,78,47,143,80,6,86,229
08/30/2023,CLL,TX,ASW,CE,Federal Contract Tower,6,7,31,46,90,0,6,78,13,97,6,13,109,59,187,60,30,90,277
08/31/2023,CLL,TX,ASW,CE,Federal Contract Tower,6,3,28,31,68,0,7,74,16,97,6,10,102,47,165,96,18,114,279
