01/01/2020,CLT,NC,ASO,ES,Combined TRACON& Tower with Radar,1220,186,20,0,1426,0,0,10,0,10,1220,186,30,0,1436,0,0,0,1436
01/02/2020,CLT,NC,ASO,ES,Combined TRACON& Tower with Radar,1376,202,33,2,1613,0,2,5,0,7,1376,204,38,2,1620,0,0,0,1620
01/03/2020,CLT,NC,ASO,ES,Combined TRACON& Tower with Radar,1408,212,28,2,1650,0,0,0,0,0,1408,212,28,2,1650,0,0,0,1650
01/04/2020,CLT,NC,ASO,ES,Combined TRACON& Tower with Radar,1345,221,25,0,1591,0,1,5,0,6,1345,222,30,0,1597,0,0,0,1597
01/05/2020,CLT,NC,ASO,ES,Combined TRACON& Tower with Radar,1386,215,31,1,1633,0,0,8,0,8,1386,215,39,1,1641,0,0,0,1641
01/06/2020,CLT,NC,ASO,ES,Combined TRACON& Tower with Radar,1414,216,42,0,1672,0,8,8,0,16,1414,224,50,0,1688,0,0,0,1688
01/07/2020,CLT,NC,ASO,ES,Combined TRACON& Tower with Radar,1197,206,53,9,1465,0,0,8,0,8,1197,206,61,9,1473,0,0,0,1473
01/08/2020,CLT,NC,ASO,ES,Combined TRACON& Tower with Radar,1378,241,70,4,1693,0,5,11,0,16,1378,246,81,4,1709,0,0,0,1709
01/09/2020,CLT,NC,ASO,ES,Combined TRACON& Tower with Radar,1387,243,70,1,1701,0,6,12,2,20,1387,249,82,3,1721,0,0,0,1721
01/10/2020,CLT,NC,ASO,ES,Combined TRACON& Tower with Radar,1380,229,46,0,1655,0,7,4,0,11,1380,236,50,0,1666,0,0,0,1666
01/11/2020,CLT,NC,ASO,ES,Combined TRACON& Tower with Radar,1167,163,7,0,1337,0,0,2,0,2,1167,163,9,0,1339,0,0,0,1339
01/12/2020,CLT,NC,ASO,ES,Combined TRACON& Tower with Radar,1328,222,34,0,1584,0,0,5,0,5,1328,222,39,0,1589,0,0,0,1589
01/13/2020,CLT,NC,ASO,ES,Combined TRACON& Tower with Radar,1372,228,41,2,1643,0,0,0,0,0,1372,228,41,2,1643,0,0,0,1643
01/14/2020,CLT,NC,ASO,ES,Combined TRACON& Tower with Radar,1209,186,59,3,1457,0,1,4,0,5,1209,187,63,3,1462,0,0,0,1462
01/15/2020,CLT,NC,ASO,ES,Combined TRACON& Tower with Radar,1370,233,55,0,1658,0,0,4,0,4,1370,233,59,0,1662,0,0,0,1662
01/16/2020,CLT,NC,ASO,ES,Combined TRACON& Tower with Radar,1387,231,62,1,1681,0,1,11,3,15,1387,232,73,4,1696,0,0,0,1696
01/17/2020,CLT,NC,ASO,ES,Combined TRACON& Tower with Radar,1357,236,56,1,1650,0,6,12,0,18,1357,242,68,1,1668,0,0,0,1668
01/18/2020,CLT,NC,ASO,ES,Combined TRACON& Tower with Radar,1169,183,24,1,1377,0,0,4,0,4,1169,183,28,1,1381,0,0,0,1381
01/19/2020,CLT,NC,ASO,ES,Combined TRACON& Tower with Radar,1193,189,31,0,1413,0,0,4,0,4,1193,189,35,0,1417,0,0,0,1417
01/20/2020,CLT,NC,ASO,ES,Combined TRACON& Tower with Radar,1369,225,54,1,1649,0,1,9,0,10,1369,226,63,1,1659,0,0,0,1659
01/21/2020,CLT,NC,ASO,ES,Combined TRACON& Tower with Radar,1195,223,65,4,1487,1,3,13,0,17,1196,226,78,4,1504,0,0,0,1504
01/22/2020,CLT,NC,ASO,ES,Combined TRACON& Tower with Radar,1363,238,84,5,1690,0,5,15,1,21,1363,243,99,6,1711,0,0,0,1711
01/23/2020,CLT,NC,ASO,ES,Combined TRACON& Tower with Radar,1379,235,81,2,1697,0,5,15,0,20,1379,240,96,2,1717,0,0,0,1717
01/24/2020,CLT,NC,ASO,ES,Combined TRACON& Tower with Radar,1390,224,55,2,1671,0,0,0,0,0,1390,224,55,2,1671,0,0,0,1671
01/25/2020,CLT,NC,ASO,ES,Combined TRACON& Tower with Radar,1218,177,23,0,1418,0,1,5,0,6,1218,178,28,0,1424,0,0,0,1424
01/26/2020,CLT,NC,ASO,ES,Combined TRACON& Tower with Radar,1355,218,52,0,1625,0,2,5,0,7,1355,220,57,0,1632,0,0,0,1632
01/27/2020,CLT,NC,ASO,ES,Combined TRACON& Tower with Radar,1365,236,74,0,1675,0,0,14,0,14,1365,236,88,0,1689,0,0,0,1689
01/28/2020,CLT,NC,ASO,ES,Combined TRACON& Tower with Radar,1199,220,66,1,1486,0,5,13,0,18,1199,225,79,1,1504,0,0,0,1504
01/29/2020,CLT,NC,ASO,ES,Combined TRACON& Tower with Radar,1373,250,71,6,1700,0,3,18,0,21,1373,253,89,6,1721,0,0,0,1721
01/30/2020,CLT,NC,ASO,ES,Combined TRACON& Tower with Radar,1379,250,66,4,1699,0,0,12,0,12,1379,250,78,4,1711,0,0,0,1711
01/31/2020,CLT,NC,ASO,ES,Combined TRACON& Tower with Radar,1382,234,69,0,1685,0,1,5,0,6,1382,235,74,0,1691,0,0,0,1691
02/01/2020,CLT,NC,ASO,ES,Combined TRACON& Tower with Radar,1205,182,34,0,1421,0,0,3,0,3,1205,182,37,0,1424,0,0,0,1424
02/02/2020,CLT,NC,ASO,ES,Combined TRACON& Tower with Radar,1331,225,18,3,1577,0,0,2,0,2,1331,225,20,3,1579,0,0,0,1579
02/03/2020,CLT,NC,ASO,ES,Combined TRACON& Tower with Radar,1378,244,72,2,1696,0,3,9,0,12,1378,247,81,2,1708,0,0,0,1708
02/04/2020,CLT,NC,ASO,ES,Combined TRACON& Tower with Radar,1195,213,56,4,1468,0,3,14,0,17,1195,216,70,4,1485,0,0,0,1485
02/05/2020,CLT,NC,ASO,ES,Combined TRACON& Tower with Radar,1363,240,63,7,1673,0,0,1,0,1,1363,240,64,7,1674,0,0,0,1674
02/06/2020,CLT,NC,ASO,ES,Combined TRACON& Tower with Radar,871,124,32,5,1032,0,0,0,0,0,871,124,32,5,1032,0,0,0,1032
02/07/2020,CLT,NC,ASO,ES,Combined TRACON& Tower with Radar,1242,190,41,4,1477,0,3,21,0,24,1242,193,62,4,1501,0,0,0,1501
02/08/2020,CLT,NC,ASO,ES,Combined TRACON& Tower with Radar,1193,177,21,3,1394,0,1,6,0,7,1193,178,27,3,1401,0,0,0,1401
02/09/2020,CLT,NC,ASO,ES,Combined TRACON& Tower with Radar,1331,233,38,0,1602,0,4,6,0,10,1331,237,44,0,1612,0,0,0,1612
02/10/2020,CLT,NC,ASO,ES,Combined TRACON& Tower with Radar,1370,227,62,3,1662,0,0,7,0,7,1370,227,69,3,1669,0,0,0,1669
02/11/2020,CLT,NC,ASO,ES,Combined TRACON& Tower with Radar,1196,202,76,3,1477,0,2,7,0,9,1196,204,83,3,1486,0,0,0,1486
02/12/2020,CLT,NC,ASO,ES,Combined TRACON& Tower with Radar,1367,230,73,3,1673,0,6,25,0,31,1367,236,98,3,1704,0,0,0,1704
02/13/2020,CLT,NC,ASO,ES,Combined TRACON& Tower with Radar,1280,204,93,5,1582,0,0,15,0,15,1280,204,108,5,1597,0,0,0,1597
02/14/2020,CLT,NC,ASO,ES,Combined TRACON& Tower with Radar,1419,235,59,2,1715,0,4,32,0,36,1419,239,91,2,1751,0,0,0,1751
02/15/2020,CLT,NC,ASO,ES,Combined TRACON& Tower with Radar,1265,199,37,1,1502,0,0,15,0,15,1265,199,52,1,1517,0,0,0,1517
02/16/2020,CLT,NC,ASO,ES,Combined TRACON& Tower with Radar,1330,213,37,2,1582,0,0,5,0,5,1330,213,42,2,1587,0,0,0,1587
02/17/2020,CLT,NC,ASO,ES,Combined TRACON& Tower with Radar,1387,244,58,0,1689,0,1,12,0,13,1387,245,70,0,1702,0,0,0,1702
02/18/2020,CLT,NC,ASO,ES,Combined TRACON& Tower with Radar,1342,204,65,6,1617,0,3,7,0,10,1342,207,72,6,1627,0,0,0,1627
02/19/2020,CLT,NC,ASO,ES,Combined TRACON& Tower with Radar,1369,225,70,5,1669,0,4,12,0,16,1369,229,82,5,1685,0,0,0,1685
02/20/2020,CLT,NC,ASO,ES,Combined TRACON& Tower with Radar,1185,182,75,2,1444,0,2,2,0,4,1185,184,77,2,1448,0,0,0,1448
02/21/2020,CLT,NC,ASO,ES,Combined TRACON& Tower with Radar,1400,219,64,3,1686,0,6,16,0,22,1400,225,80,3,1708,0,0,0,1708
02/22/2020,CLT,NC,ASO,ES,Combined TRACON& Tower with Radar,1264,206,17,2,1489,0,1,8,0,9,1264,207,25,2,1498,0,0,0,1498
02/23/2020,CLT,NC,ASO,ES,Combined TRACON& Tower with Radar,1351,229,38,2,1620,0,2,4,0,6,1351,231,42,2,1626,0,0,0,1626
02/24/2020,CLT,NC,ASO,ES,Combined TRACON& Tower with Radar,1401,217,67,1,1686,0,0,7,0,7,1401,217,74,1,1693,0,0,0,1693
02/25/2020,CLT,NC,ASO,ES,Combined TRACON& Tower with Radar,1350,201,79,4,1634,0,2,5,0,7,1350,203,84,4,1641,0,0,0,1641
02/26/2020,CLT,NC,ASO,ES,Combined TRACON& Tower with Radar,1373,217,77,3,1670,0,4,13,0,17,1373,221,90,3,1687,0,0,0,1687
02/27/2020,CLT,NC,ASO,ES,Combined TRACON& Tower with Radar,1405,230,77,10,1722,0,2,15,0,17,1405,232,92,10,1739,0,0,0,1739
02/28/2020,CLT,NC,ASO,ES,Combined TRACON& Tower with Radar,1401,225,68,0,1694,0,2,21,0,23,1401,227,89,0,1717,0,0,0,1717
02/29/2020,CLT,NC,ASO,ES,Combined TRACON& Tower with Radar,1278,194,12,1,1485,0,2,12,3,17,1278,196,24,4,1502,0,0,0,1502
03/01/2020,CLT,NC,ASO,ES,Combined TRACON& Tower with Radar,1362,215,40,4,1621,0,3,1,0,4,1362,218,41,4,1625,0,0,0,1625
03/02/2020,CLT,NC,ASO,ES,Combined TRACON& Tower with Radar,1389,210,50,3,1652,0,1,17,0,18,1389,211,67,3,1670,0,0,0,1670
03/03/2020,CLT,NC,ASO,ES,Combined TRACON& Tower with Radar,1345,197,60,12,1614,0,1,5,1,7,1345,198,65,13,1621,0,0,0,1621
03/04/2020,CLT,NC,ASO,ES,Combined TRACON& Tower with Radar,1374,223,102,5,1704,0,3,20,0,23,1374,226,122,5,1727,0,0,0,1727
03/05/2020,CLT,NC,ASO,ES,Combined TRACON& Tower with Radar,1379,209,75,4,1667,0,2,9,2,13,1379,211,84,6,1680,0,0,0,1680
03/06/2020,CLT,NC,ASO,ES,Combined TRACON& Tower with Radar,1447,201,43,1,1692,0,5,10,0,15,1447,206,53,1,1707,0,0,0,1707
03/07/2020,CLT,NC,ASO,ES,Combined TRACON& Tower with Radar,1311,182,24,0,1517,0,1,10,0,11,1311,183,34,0,1528,0,0,0,1528
03/08/2020,CLT,NC,ASO,ES,Combined TRACON& Tower with Radar,1368,222,37,1,1628,0,0,1,0,1,1368,222,38,1,1629,0,0,0,1629
03/09/2020,CLT,NC,ASO,ES,Combined TRACON& Tower with Radar,1389,213,69,3,1674,0,7,13,0,20,1389,220,82,3,1694,0,0,0,1694
03/10/2020,CLT,NC,ASO,ES,Combined TRACON& Tower with Radar,1353,201,76,6,1636,0,6,12,0,18,1353,207,88,6,1654,0,0,0,1654
03/11/2020,CLT,NC,ASO,ES,Combined TRACON& Tower with Radar,1386,208,66,3,1663,0,4,16,0,20,1386,212,82,3,1683,0,0,0,1683
03/12/2020,CLT,NC,ASO,ES,Combined TRACON& Tower with Radar,1403,224,65,6,1698,0,3,17,0,20,1403,227,82,6,1718,0,0,0,1718
03/13/2020,CLT,NC,ASO,ES,Combined TRACON& Tower with Radar,1398,212,60,1,1671,0,3,11,0,14,1398,215,71,1,1685,0,0,0,1685
03/14/2020,CLT,NC,ASO,ES,Combined TRACON& Tower with Radar,1317,195,34,0,1546,0,1,10,0,11,1317,196,44,0,1557,0,0,0,1557
03/15/2020,CLT,NC,ASO,ES,Combined TRACON& Tower with Radar,1353,207,39,0,1599,0,1,5,0,6,1353,208,44,0,1605,0,0,0,1605
03/16/2020,CLT,NC,ASO,ES,Combined TRACON& Tower with Radar,1353,199,42,2,1596,0,2,22,0,24,1353,201,64,2,1620,0,0,0,1620
03/17/2020,CLT,NC,ASO,ES,Combined TRACON& Tower with Radar,1271,179,30,6,1486,0,0,8,0,8,1271,179,38,6,1494,0,0,0,1494
03/18/2020,CLT,NC,ASO,ES,Combined TRACON& Tower with Radar,1217,165,28,0,1410,0,0,13,0,13,1217,165,41,0,1423,0,0,0,1423
03/19/2020,CLT,NC,ASO,ES,Combined TRACON& Tower with Radar,1311,201,34,4,1550,0,1,13,0,14,1311,202,47,4,1564,0,0,0,1564
03/20/2020,CLT,NC,ASO,ES,Combined TRACON& Tower with Radar,1283,200,45,0,1528,0,3,11,0,14,1283,203,56,0,1542,0,0,0,1542
03/21/2020,CLT,NC,ASO,ES,Combined TRACON& Tower with Radar,1146,182,22,0,1350,0,5,8,0,13,1146,187,30,0,1363,0,0,0,1363
03/22/2020,CLT,NC,ASO,ES,Combined TRACON& Tower with Radar,1191,169,19,0,1379,0,1,5,0,6,1191,170,24,0,1385,0,0,0,1385
03/23/2020,CLT,NC,ASO,ES,Combined TRACON& Tower with Radar,887,129,16,0,1032,0,0,0,0,0,887,129,16,0,1032,0,0,0,1032
03/24/2020,CLT,NC,ASO,ES,Combined TRACON& Tower with Radar,717,131,23,0,871,0,3,4,0,7,717,134,27,0,878,0,0,0,878
03/25/2020,CLT,NC,ASO,ES,Combined TRACON& Tower with Radar,557,104,14,0,675,0,2,12,0,14,557,106,26,0,689,0,0,0,689
03/26/2020,CLT,NC,ASO,ES,Combined TRACON& Tower with Radar,691,111,12,4,818,0,3,7,0,10,691,114,19,4,828,0,0,0,828
03/27/2020,CLT,NC,ASO,ES,Combined TRACON& Tower with Radar,621,95,17,0,733,0,1,9,0,10,621,96,26,0,743,0,0,0,743
03/28/2020,CLT,NC,ASO,ES,Combined TRACON& Tower with Radar,572,94,10,0,676,0,1,12,0,13,572,95,22,0,689,0,0,0,689
03/29/2020,CLT,NC,ASO,ES,Combined TRACON& Tower with Radar,624,123,9,0,756,0,0,1,0,1,624,123,10,0,757,0,0,0,757
03/30/2020,CLT,NC,ASO,ES,Combined TRACON& Tower with Radar,566,83,13,0,662,0,6,16,0,22,566,89,29,0,684,0,0,0,684
03/31/2020,CLT,NC,ASO,ES,Combined TRACON& Tower with Radar,547,88,6,0,641,0,0,14,0,14,547,88,20,0,655,0,0,0,655
04/01/2020,CLT,NC,ASO,ES,Combined TRACON& Tower with Radar,713,70,10,0,793,0,4,13,0,17,713,74,23,0,810,0,0,0,810
04/02/2020,CLT,NC,ASO,ES,Combined TRACON& Tower with Radar,634,91,18,4,747,0,3,13,1,17,634,94,31,5,764,0,0,0,764
04/03/2020,CLT,NC,ASO,ES,Combined TRACON& Tower with Radar,899,95,10,0,1004,0,0,16,0,16,899,95,26,0,1020,0,0,0,1020
04/04/2020,CLT,NC,ASO,ES,Combined TRACON& Tower with Radar,566,87,2,0,655,0,0,9,0,9,566,87,11,0,664,0,0,0,664
04/05/2020,CLT,NC,ASO,ES,Combined TRACON& Tower with Radar,671,85,11,0,767,0,0,1,0,1,671,85,12,0,768,0,0,0,768
04/06/2020,CLT,NC,ASO,ES,Combined TRACON& Tower with Radar,646,86,19,0,751,0,0,9,0,9,646,86,28,0,760,0,0,0,760
04/07/2020,CLT,NC,ASO,ES,Combined TRACON& Tower with Radar,520,57,11,0,588,0,5,12,3,20,520,62,23,3,608,0,0,0,608
04/08/2020,CLT,NC,ASO,ES,Combined TRACON& Tower with Radar,584,72,17,0,673,0,3,10,3,16,584,75,27,3,689,0,0,0,689
04/09/2020,CLT,NC,ASO,ES,Combined TRACON& Tower with Radar,642,84,13,0,739,0,4,14,0,18,642,88,27,0,757,0,0,0,757
04/10/2020,CLT,NC,ASO,ES,Combined TRACON& Tower with Radar,608,73,12,0,693,0,0,15,0,15,608,73,27,0,708,0,0,0,708
04/11/2020,CLT,NC,ASO,ES,Combined TRACON& Tower with Radar,541,45,2,0,588,0,0,3,0,3,541,45,5,0,591,0,0,0,591
04/12/2020,CLT,NC,ASO,ES,Combined TRACON& Tower with Radar,575,56,4,0,635,0,0,1,0,1,575,56,5,0,636,0,0,0,636
04/13/2020,CLT,NC,ASO,ES,Combined TRACON& Tower with Radar,665,62,12,0,739,0,4,8,0,12,665,66,20,0,751,0,0,0,751
04/14/2020,CLT,NC,ASO,ES,Combined TRACON& Tower with Radar,580,60,19,0,659,0,2,13,0,15,580,62,32,0,674,0,0,0,674
04/15/2020,CLT,NC,ASO,ES,Combined TRACON& Tower with Radar,566,53,9,11,639,0,3,10,1,14,566,56,19,12,653,0,0,0,653
04/16/2020,CLT,NC,ASO,ES,Combined TRACON& Tower with Radar,509,59,17,2,587,0,2,23,0,25,509,61,40,2,612,0,0,0,612
04/17/2020,CLT,NC,ASO,ES,Combined TRACON& Tower with Radar,542,48,16,0,606,0,4,12,0,16,542,52,28,0,622,0,0,0,622
04/18/2020,CLT,NC,ASO,ES,Combined TRACON& Tower with Radar,463,41,4,0,508,0,2,8,0,10,463,43,12,0,518,0,0,0,518
04/19/2020,CLT,NC,ASO,ES,Combined TRACON& Tower with Radar,446,68,17,0,531,0,2,6,1,9,446,70,23,1,540,0,0,0,540
04/20/2020,CLT,NC,ASO,ES,Combined TRACON& Tower with Radar,497,57,21,0,575,0,3,9,0,12,497,60,30,0,587,0,0,0,587
04/21/2020,CLT,NC,ASO,ES,Combined TRACON& Tower with Radar,499,60,20,1,580,0,0,13,0,13,499,60,33,1,593,0,0,0,593
04/22/2020,CLT,NC,ASO,ES,Combined TRACON& Tower with Radar,484,54,25,7,570,0,4,22,0,26,484,58,47,7,596,0,0,0,596
04/23/2020,CLT,NC,ASO,ES,Combined TRACON& Tower with Radar,460,50,15,3,528,0,3,5,1,9,460,53,20,4,537,0,0,0,537
04/24/2020,CLT,NC,ASO,ES,Combined TRACON& Tower with Radar,478,69,26,0,573,0,3,17,0,20,478,72,43,0,593,0,0,0,593
04/25/2020,CLT,NC,ASO,ES,Combined TRACON& Tower with Radar,418,49,6,0,473,0,0,8,0,8,418,49,14,0,481,0,0,0,481
04/26/2020,CLT,NC,ASO,ES,Combined TRACON& Tower with Radar,446,54,14,0,514,0,0,1,0,1,446,54,15,0,515,0,0,0,515
04/27/2020,CLT,NC,ASO,ES,Combined TRACON& Tower with Radar,425,68,25,0,518,0,1,14,0,15,425,69,39,0,533,0,0,0,533
04/28/2020,CLT,NC,ASO,ES,Combined TRACON& Tower with Radar,411,46,17,4,478,0,5,12,0,17,411,51,29,4,495,0,0,0,495
04/29/2020,CLT,NC,ASO,ES,Combined TRACON& Tower with Radar,437,56,25,2,520,0,4,7,0,11,437,60,32,2,531,0,0,0,531
04/30/2020,CLT,NC,ASO,ES,Combined TRACON& Tower with Radar,474,61,29,2,566,0,4,13,0,17,474,65,42,2,583,0,0,0,583
05/01/2020,CLT,NC,ASO,ES,Combined TRACON& Tower with Radar,594,105,24,2,725,0,2,21,1,24,594,107,45,3,749,0,0,0,749
05/02/2020,CLT,NC,ASO,ES,Combined TRACON& Tower with Radar,494,63,16,0,573,0,0,13,0,13,494,63,29,0,586,0,0,0,586
05/03/2020,CLT,NC,ASO,ES,Combined TRACON& Tower with Radar,630,75,20,0,725,0,0,9,0,9,630,75,29,0,734,0,0,0,734
05/04/2020,CLT,NC,ASO,ES,Combined TRACON& Tower with Radar,632,78,24,0,734,0,4,34,0,38,632,82,58,0,772,0,0,0,772
05/05/2020,CLT,NC,ASO,ES,Combined TRACON& Tower with Radar,618,67,22,2,709,0,1,3,0,4,618,68,25,2,713,0,0,0,713
05/06/2020,CLT,NC,ASO,ES,Combined TRACON& Tower with Radar,682,85,28,2,797,0,3,10,0,13,682,88,38,2,810,0,0,0,810
05/07/2020,CLT,NC,ASO,ES,Combined TRACON& Tower with Radar,526,78,19,1,624,0,0,21,1,22,526,78,40,2,646,0,0,0,646
05/08/2020,CLT,NC,ASO,ES,Combined TRACON& Tower with Radar,527,93,13,0,633,0,2,9,0,11,527,95,22,0,644,0,0,0,644
05/09/2020,CLT,NC,ASO,ES,Combined TRACON& Tower with Radar,518,86,9,2,615,0,1,17,0,18,518,87,26,2,633,0,0,0,633
05/10/2020,CLT,NC,ASO,ES,Combined TRACON& Tower with Radar,520,89,16,0,625,0,0,7,0,7,520,89,23,0,632,0,0,0,632
05/11/2020,CLT,NC,ASO,ES,Combined TRACON& Tower with Radar,527,94,21,2,644,0,3,9,1,13,527,97,30,3,657,0,0,0,657
05/12/2020,CLT,NC,ASO,ES,Combined TRACON& Tower with Radar,526,94,24,2,646,0,7,40,0,47,526,101,64,2,693,0,0,0,693
05/13/2020,CLT,NC,ASO,ES,Combined TRACON& Tower with Radar,520,85,28,4,637,0,4,24,0,28,520,89,52,4,665,0,0,0,665
05/14/2020,CLT,NC,ASO,ES,Combined TRACON& Tower with Radar,538,84,24,2,648,0,0,16,0,16,538,84,40,2,664,0,0,0,664
05/15/2020,CLT,NC,ASO,ES,Combined TRACON& Tower with Radar,534,88,23,2,647,0,5,14,0,19,534,93,37,2,666,0,0,0,666
05/16/2020,CLT,NC,ASO,ES,Combined TRACON& Tower with Radar,522,90,13,6,631,0,1,12,0,13,522,91,25,6,644,0,0,0,644
05/17/2020,CLT,NC,ASO,ES,Combined TRACON& Tower with Radar,515,89,29,0,633,0,2,12,0,14,515,91,41,0,647,0,0,0,647
05/18/2020,CLT,NC,ASO,ES,Combined TRACON& Tower with Radar,528,93,27,0,648,0,0,18,0,18,528,93,45,0,666,0,0,0,666
05/19/2020,CLT,NC,ASO,ES,Combined TRACON& Tower with Radar,532,93,23,2,650,0,0,1,0,1,532,93,24,2,651,0,0,0,651
05/20/2020,CLT,NC,ASO,ES,Combined TRACON& Tower with Radar,519,92,39,2,652,0,0,0,0,0,519,92,39,2,652,0,0,0,652
05/21/2020,CLT,NC,ASO,ES,Combined TRACON& Tower with Radar,528,95,44,2,669,0,0,0,0,0,528,95,44,2,669,0,0,0,669
05/22/2020,CLT,NC,ASO,ES,Combined TRACON& Tower with Radar,525,97,14,0,636,0,1,11,3,15,525,98,25,3,651,0,0,0,651
05/23/2020,CLT,NC,ASO,ES,Combined TRACON& Tower with Radar,522,93,6,0,621,0,0,6,0,6,522,93,12,0,627,0,0,0,627
05/24/2020,CLT,NC,ASO,ES,Combined TRACON& Tower with Radar,530,83,15,0,628,0,0,6,0,6,530,83,21,0,634,0,0,0,634
05/25/2020,CLT,NC,ASO,ES,Combined TRACON& Tower with Radar,521,89,23,0,633,0,1,4,0,5,521,90,27,0,638,0,0,0,638
05/26/2020,CLT,NC,ASO,ES,Combined TRACON& Tower with Radar,525,90,36,4,655,0,5,19,2,26,525,95,55,6,681,0,0,0,681
05/27/2020,CLT,NC,ASO,ES,Combined TRACON& Tower with Radar,532,94,24,2,652,0,0,3,0,3,532,94,27,2,655,0,0,0,655
05/28/2020,CLT,NC,ASO,ES,Combined TRACON& Tower with Radar,531,96,43,11,681,0,0,11,0,11,531,96,54,11,692,0,0,0,692
05/29/2020,CLT,NC,ASO,ES,Combined TRACON& Tower with Radar,518,86,25,1,630,0,1,9,0,10,518,87,34,1,640,0,0,0,640
05/30/2020,CLT,NC,ASO,ES,Combined TRACON& Tower with Radar,512,86,18,0,616,0,0,14,0,14,512,86,32,0,630,0,0,0,630
05/31/2020,CLT,NC,ASO,ES,Combined TRACON& Tower with Radar,514,87,32,0,633,0,9,16,2,27,514,96,48,2,660,0,0,0,660
06/01/2020,CLT,NC,ASO,ES,Combined TRACON& Tower with Radar,526,94,31,3,654,0,8,27,0,35,526,102,58,3,689,0,0,0,689
06/02/2020,CLT,NC,ASO,ES,Combined TRACON& Tower with Radar,532,91,28,0,651,0,5,18,0,23,532,96,46,0,674,0,0,0,674
06/03/2020,CLT,NC,ASO,ES,Combined TRACON& Tower with Radar,542,86,34,11,673,0,5,23,0,28,542,91,57,11,701,0,0,0,701
06/04/2020,CLT,NC,ASO,ES,Combined TRACON& Tower with Radar,614,86,51,1,752,0,6,23,0,29,614,92,74,1,781,0,0,0,781
06/05/2020,CLT,NC,ASO,ES,Combined TRACON& Tower with Radar,611,99,38,3,751,0,2,13,0,15,611,101,51,3,766,0,0,0,766
06/06/2020,CLT,NC,ASO,ES,Combined TRACON& Tower with Radar,612,81,13,0,706,0,1,12,0,13,612,82,25,0,719,0,0,0,719
06/07/2020,CLT,NC,ASO,ES,Combined TRACON& Tower with Radar,608,91,20,4,723,0,0,12,0,12,608,91,32,4,735,0,0,0,735
06/08/2020,CLT,NC,ASO,ES,Combined TRACON& Tower with Radar,605,93,40,1,739,0,1,33,0,34,605,94,73,1,773,0,0,0,773
06/09/2020,CLT,NC,ASO,ES,Combined TRACON& Tower with Radar,610,87,37,2,736,0,8,12,2,22,610,95,49,4,758,0,0,0,758
06/10/2020,CLT,NC,ASO,ES,Combined TRACON& Tower with Radar,623,92,40,6,761,0,9,14,0,23,623,101,54,6,784,0,0,0,784
06/11/2020,CLT,NC,ASO,ES,Combined TRACON& Tower with Radar,619,97,60,3,779,0,7,11,0,18,619,104,71,3,797,0,0,0,797
06/12/2020,CLT,NC,ASO,ES,Combined TRACON& Tower with Radar,621,98,50,0,769,0,2,18,2,22,621,100,68,2,791,0,0,0,791
06/13/2020,CLT,NC,ASO,ES,Combined TRACON& Tower with Radar,615,86,12,0,713,0,2,14,0,16,615,88,26,0,729,0,0,0,729
06/14/2020,CLT,NC,ASO,ES,Combined TRACON& Tower with Radar,607,104,25,0,736,0,0,9,0,9,607,104,34,0,745,0,0,0,745
06/15/2020,CLT,NC,ASO,ES,Combined TRACON& Tower with Radar,608,106,33,3,750,0,2,8,0,10,608,108,41,3,760,0,0,0,760
06/16/2020,CLT,NC,ASO,ES,Combined TRACON& Tower with Radar,611,90,31,4,736,0,0,0,0,0,611,90,31,4,736,0,0,0,736
06/17/2020,CLT,NC,ASO,ES,Combined TRACON& Tower with Radar,617,92,37,3,749,0,7,3,0,10,617,99,40,3,759,0,0,0,759
06/18/2020,CLT,NC,ASO,ES,Combined TRACON& Tower with Radar,629,91,48,3,771,0,2,7,0,9,629,93,55,3,780,0,0,0,780
06/19/2020,CLT,NC,ASO,ES,Combined TRACON& Tower with Radar,625,91,38,2,756,0,4,15,0,19,625,95,53,2,775,0,0,0,775
06/20/2020,CLT,NC,ASO,ES,Combined TRACON& Tower with Radar,631,92,15,0,738,0,0,14,0,14,631,92,29,0,752,0,0,0,752
06/21/2020,CLT,NC,ASO,ES,Combined TRACON& Tower with Radar,616,104,20,0,740,0,0,16,1,17,616,104,36,1,757,0,0,0,757
06/22/2020,CLT,NC,ASO,ES,Combined TRACON& Tower with Radar,619,101,38,3,761,0,6,8,1,15,619,107,46,4,776,0,0,0,776
06/23/2020,CLT,NC,ASO,ES,Combined TRACON& Tower with Radar,638,97,46,3,784,0,0,13,0,13,638,97,59,3,797,0,0,0,797
06/24/2020,CLT,NC,ASO,ES,Combined TRACON& Tower with Radar,638,110,29,4,781,0,2,14,0,16,638,112,43,4,797,0,0,0,797
06/25/2020,CLT,NC,ASO,ES,Combined TRACON& Tower with Radar,636,96,55,2,789,0,7,15,0,22,636,103,70,2,811,0,0,0,811
06/26/2020,CLT,NC,ASO,ES,Combined TRACON& Tower with Radar,636,92,40,1,769,0,4,11,2,17,636,96,51,3,786,0,0,0,786
06/27/2020,CLT,NC,ASO,ES,Combined TRACON& Tower with Radar,637,86,20,0,743,0,0,7,0,7,637,86,27,0,750,0,0,0,750
06/28/2020,CLT,NC,ASO,ES,Combined TRACON& Tower with Radar,627,85,21,0,733,0,0,6,0,6,627,85,27,0,739,0,0,0,739
06/29/2020,CLT,NC,ASO,ES,Combined TRACON& Tower with Radar,622,113,30,0,765,0,4,10,0,14,622,117,40,0,779,0,0,0,779
06/30/2020,CLT,NC,ASO,ES,Combined TRACON& Tower with Radar,622,112,42,2,778,0,4,11,0,15,622,116,53,2,793,0,0,0,793
07/01/2020,CLT,NC,ASO,ES,Combined TRACON& Tower with Radar,638,97,45,2,782,0,1,7,0,8,638,98,52,2,790,0,0,0,790
07/02/2020,CLT,NC,ASO,ES,Combined TRACON& Tower with Radar,662,96,31,2,791,0,0,28,0,28,662,96,59,2,819,0,0,0,819
07/03/2020,CLT,NC,ASO,ES,Combined TRACON& Tower with Radar,647,94,17,0,758,0,2,13,0,15,647,96,30,0,773,0,0,0,773
07/04/2020,CLT,NC,ASO,ES,Combined TRACON& Tower with Radar,641,80,7,0,728,0,0,7,0,7,641,80,14,0,735,0,0,0,735
07/05/2020,CLT,NC,ASO,ES,Combined TRACON& Tower with Radar,651,98,27,0,776,0,3,8,0,11,651,101,35,0,787,0,0,0,787
07/06/2020,CLT,NC,ASO,ES,Combined TRACON& Tower with Radar,641,93,24,0,758,0,3,14,0,17,641,96,38,0,775,0,0,0,775
07/07/2020,CLT,NC,ASO,ES,Combined TRACON& Tower with Radar,646,96,27,14,783,0,1,6,0,7,646,97,33,14,790,0,0,0,790
07/08/2020,CLT,NC,ASO,ES,Combined TRACON& Tower with Radar,692,97,48,13,850,0,4,8,0,12,692,101,56,13,862,0,0,0,862
07/09/2020,CLT,NC,ASO,ES,Combined TRACON& Tower with Radar,970,103,34,15,1122,0,6,23,0,29,970,109,57,15,1151,0,0,0,1151
07/10/2020,CLT,NC,ASO,ES,Combined TRACON& Tower with Radar,976,111,25,0,1112,0,1,18,0,19,976,112,43,0,1131,0,0,0,1131
07/11/2020,CLT,NC,ASO,ES,Combined TRACON& Tower with Radar,968,109,10,2,1089,0,0,8,0,8,968,109,18,2,1097,0,0,0,1097
07/12/2020,CLT,NC,ASO,ES,Combined TRACON& Tower with Radar,965,121,29,0,1115,0,3,6,0,9,965,124,35,0,1124,0,0,0,1124
07/13/2020,CLT,NC,ASO,ES,Combined TRACON& Tower with Radar,964,109,30,5,1108,0,2,9,0,11,964,111,39,5,1119,0,0,0,1119
07/14/2020,CLT,NC,ASO,ES,Combined TRACON& Tower with Radar,675,96,33,7,811,0,3,18,0,21,675,99,51,7,832,0,0,0,832
07/15/2020,CLT,NC,ASO,ES,Combined TRACON& Tower with Radar,690,95,38,2,825,0,7,8,0,15,690,102,46,2,840,0,0,0,840
07/16/2020,CLT,NC,ASO,ES,Combined TRACON& Tower with Radar,976,119,45,4,1144,0,5,8,0,13,976,124,53,4,1157,0,0,0,1157
07/17/2020,CLT,NC,ASO,ES,Combined TRACON& Tower with Radar,972,110,38,5,1125,0,4,22,0,26,972,114,60,5,1151,0,0,0,1151
07/18/2020,CLT,NC,ASO,ES,Combined TRACON& Tower with Radar,964,107,9,2,1082,0,1,6,0,7,964,108,15,2,1089,0,0,0,1089
07/19/2020,CLT,NC,ASO,ES,Combined TRACON& Tower with Radar,966,119,20,0,1105,0,1,7,0,8,966,120,27,0,1113,0,0,0,1113
07/20/2020,CLT,NC,ASO,ES,Combined TRACON& Tower with Radar,960,114,19,0,1093,0,2,10,0,12,960,116,29,0,1105,0,0,0,1105
07/21/2020,CLT,NC,ASO,ES,Combined TRACON& Tower with Radar,637,78,30,2,747,0,5,12,0,17,637,83,42,2,764,0,0,0,764
07/22/2020,CLT,NC,ASO,ES,Combined TRACON& Tower with Radar,663,95,45,2,805,0,9,10,0,19,663,104,55,2,824,0,0,0,824
07/23/2020,CLT,NC,ASO,ES,Combined TRACON& Tower with Radar,980,118,35,5,1138,0,5,8,0,13,980,123,43,5,1151,0,0,0,1151
07/24/2020,CLT,NC,ASO,ES,Combined TRACON& Tower with Radar,972,114,33,0,1119,0,2,9,0,11,972,116,42,0,1130,0,0,0,1130
07/25/2020,CLT,NC,ASO,ES,Combined TRACON& Tower with Radar,961,101,15,0,1077,0,1,7,0,8,961,102,22,0,1085,0,0,0,1085
07/26/2020,CLT,NC,ASO,ES,Combined TRACON& Tower with Radar,963,113,20,0,1096,0,0,1,0,1,963,113,21,0,1097,0,0,0,1097
07/27/2020,CLT,NC,ASO,ES,Combined TRACON& Tower with Radar,958,116,38,1,1113,0,2,9,0,11,958,118,47,1,1124,0,0,0,1124
07/28/2020,CLT,NC,ASO,ES,Combined TRACON& Tower with Radar,674,98,47,4,823,0,4,10,0,14,674,102,57,4,837,0,0,0,837
07/29/2020,CLT,NC,ASO,ES,Combined TRACON& Tower with Radar,683,82,40,2,807,0,0,9,0,9,683,82,49,2,816,0,0,0,816
07/30/2020,CLT,NC,ASO,ES,Combined TRACON& Tower with Radar,961,112,42,5,1120,0,8,26,1,35,961,120,68,6,1155,0,0,0,1155
07/31/2020,CLT,NC,ASO,ES,Combined TRACON& Tower with Radar,969,118,38,1,1126,0,11,14,0,25,969,129,52,1,1151,0,0,0,1151
08/01/2020,CLT,NC,ASO,ES,Combined TRACON& Tower with Radar,949,98,26,2,1075,0,2,14,0,16,949,100,40,2,1091,0,0,0,1091
08/02/2020,CLT,NC,ASO,ES,Combined TRACON& Tower with Radar,951,113,39,0,1103,0,0,10,0,10,951,113,49,0,1113,0,0,0,1113
08/03/2020,CLT,NC,ASO,ES,Combined TRACON& Tower with Radar,921,103,29,3,1056,0,0,5,0,5,921,103,34,3,1061,0,0,0,1061
08/04/2020,CLT,NC,ASO,ES,Combined TRACON& Tower with Radar,629,85,36,5,755,0,2,18,0,20,629,87,54,5,775,0,0,0,775
08/05/2020,CLT,NC,ASO,ES,Combined TRACON& Tower with Radar,680,95,46,2,823,0,3,20,0,23,680,98,66,2,846,0,0,0,846
08/06/2020,CLT,NC,ASO,ES,Combined TRACON& Tower with Radar,973,112,23,16,1124,0,0,15,0,15,973,112,38,16,1139,0,0,0,1139
08/07/2020,CLT,NC,ASO,ES,Combined TRACON& Tower with Radar,976,107,29,1,1113,0,3,11,0,14,976,110,40,1,1127,0,0,0,1127
08/08/2020,CLT,NC,ASO,ES,Combined TRACON& Tower with Radar,942,112,32,0,1086,0,1,11,0,12,942,113,43,0,1098,0,0,0,1098
08/09/2020,CLT,NC,ASO,ES,Combined TRACON& Tower with Radar,954,106,29,0,1089,0,0,3,0,3,954,106,32,0,1092,0,0,0,1092
08/10/2020,CLT,NC,ASO,ES,Combined TRACON& Tower with Radar,958,109,23,6,1096,0,2,13,2,17,958,111,36,8,1113,0,0,0,1113
08/11/2020,CLT,NC,ASO,ES,Combined TRACON& Tower with Radar,674,91,54,8,827,0,3,8,0,11,674,94,62,8,838,0,0,0,838
08/12/2020,CLT,NC,ASO,ES,Combined TRACON& Tower with Radar,682,86,54,2,824,0,2,15,0,17,682,88,69,2,841,0,0,0,841
08/13/2020,CLT,NC,ASO,ES,Combined TRACON& Tower with Radar,973,113,55,4,1145,0,0,12,0,12,973,113,67,4,1157,0,0,0,1157
08/14/2020,CLT,NC,ASO,ES,Combined TRACON& Tower with Radar,971,117,44,3,1135,0,3,17,0,20,971,120,61,3,1155,0,0,0,1155
08/15/2020,CLT,NC,ASO,ES,Combined TRACON& Tower with Radar,958,118,21,2,1099,0,0,0,0,0,958,118,21,2,1099,0,0,0,1099
08/16/2020,CLT,NC,ASO,ES,Combined TRACON& Tower with Radar,960,108,25,1,1094,0,0,0,0,0,960,108,25,1,1094,0,0,0,1094
08/17/2020,CLT,NC,ASO,ES,Combined TRACON& Tower with Radar,960,111,35,1,1107,0,3,10,0,13,960,114,45,1,1120,0,0,0,1120
08/18/2020,CLT,NC,ASO,ES,Combined TRACON& Tower with Radar,701,88,48,8,845,0,10,13,0,23,701,98,61,8,868,0,0,0,868
08/19/2020,CLT,NC,ASO,ES,Combined TRACON& Tower with Radar,724,102,33,0,859,0,1,12,0,13,724,103,45,0,872,0,0,0,872
08/20/2020,CLT,NC,ASO,ES,Combined TRACON& Tower with Radar,1006,129,53,6,1194,0,0,9,0,9,1006,129,62,6,1203,0,0,0,1203
08/21/2020,CLT,NC,ASO,ES,Combined TRACON& Tower with Radar,1011,111,32,0,1154,0,0,11,0,11,1011,111,43,0,1165,0,0,0,1165
08/22/2020,CLT,NC,ASO,ES,Combined TRACON& Tower with Radar,987,106,23,0,1116,0,3,9,2,14,987,109,32,2,1130,0,0,0,1130
08/23/2020,CLT,NC,ASO,ES,Combined TRACON& Tower with Radar,994,116,42,7,1159,0,0,24,0,24,994,116,66,7,1183,0,0,0,1183
08/24/2020,CLT,NC,ASO,ES,Combined TRACON& Tower with Radar,999,110,26,10,1145,0,6,13,2,21,999,116,39,12,1166,0,0,0,1166
08/25/2020,CLT,NC,ASO,ES,Combined TRACON& Tower with Radar,708,93,48,1,850,0,2,16,0,18,708,95,64,1,868,0,0,0,868
08/26/2020,CLT,NC,ASO,ES,Combined TRACON& Tower with Radar,716,96,64,4,880,0,6,18,2,26,716,102,82,6,906,0,0,0,906
08/27/2020,CLT,NC,ASO,ES,Combined TRACON& Tower with Radar,1002,118,53,3,1176,0,5,13,0,18,1002,123,66,3,1194,0,0,0,1194
08/28/2020,CLT,NC,ASO,ES,Combined TRACON& Tower with Radar,1000,109,48,3,1160,0,0,17,0,17,1000,109,65,3,1177,0,0,0,1177
08/29/2020,CLT,NC,ASO,ES,Combined TRACON& Tower with Radar,989,102,8,1,1100,0,2,4,0,6,989,104,12,1,1106,0,0,0,1106
08/30/2020,CLT,NC,ASO,ES,Combined TRACON& Tower with Radar,1004,125,22,2,1153,0,0,2,0,2,1004,125,24,2,1155,0,0,0,1155
08/31/2020,CLT,NC,ASO,ES,Combined TRACON& Tower with Radar,1006,121,37,6,1170,0,4,1,0,5,1006,125,38,6,1175,0,0,0,1175
09/01/2020,CLT,NC,ASO,ES,Combined TRACON& Tower with Radar,703,104,55,5,867,0,2,9,0,11,703,106,64,5,878,0,0,0,878
09/02/2020,CLT,NC,ASO,ES,Combined TRACON& Tower with Radar,716,99,62,3,880,0,5,18,0,23,716,104,80,3,903,0,0,0,903
09/03/2020,CLT,NC,ASO,ES,Combined TRACON& Tower with Radar,1010,115,54,5,1184,0,2,25,0,27,1010,117,79,5,1211,0,0,0,1211
09/04/2020,CLT,NC,ASO,ES,Combined TRACON& Tower with Radar,1006,126,48,2,1182,0,0,15,0,15,1006,126,63,2,1197,0,0,0,1197
09/05/2020,CLT,NC,ASO,ES,Combined TRACON& Tower with Radar,970,112,12,1,1095,0,1,6,0,7,970,113,18,1,1102,0,0,0,1102
09/06/2020,CLT,NC,ASO,ES,Combined TRACON& Tower with Radar,822,100,18,1,941,0,3,4,0,7,822,103,22,1,948,0,0,0,948
09/07/2020,CLT,NC,ASO,ES,Combined TRACON& Tower with Radar,835,111,29,1,976,0,2,2,0,4,835,113,31,1,980,0,0,0,980
09/08/2020,CLT,NC,ASO,ES,Combined TRACON& Tower with Radar,687,97,62,8,854,0,1,19,0,20,687,98,81,8,874,0,0,0,874
09/09/2020,CLT,NC,ASO,ES,Combined TRACON& Tower with Radar,914,104,45,3,1066,0,4,0,0,4,914,108,45,3,1070,0,0,0,1070
09/10/2020,CLT,NC,ASO,ES,Combined TRACON& Tower with Radar,956,113,54,4,1127,0,2,8,0,10,956,115,62,4,1137,0,0,0,1137
09/11/2020,CLT,NC,ASO,ES,Combined TRACON& Tower with Radar,947,113,41,0,1101,0,4,14,0,18,947,117,55,0,1119,0,0,0,1119
09/12/2020,CLT,NC,ASO,ES,Combined TRACON& Tower with Radar,931,100,15,1,1047,0,0,3,0,3,931,100,18,1,1050,0,0,0,1050
09/13/2020,CLT,NC,ASO,ES,Combined TRACON& Tower with Radar,937,108,26,3,1074,0,0,5,0,5,937,108,31,3,1079,0,0,0,1079
09/14/2020,CLT,NC,ASO,ES,Combined TRACON& Tower with Radar,935,112,24,0,1071,0,4,16,0,20,935,116,40,0,1091,0,0,0,1091
09/15/2020,CLT,NC,ASO,ES,Combined TRACON& Tower with Radar,898,114,44,8,1064,0,0,22,2,24,898,114,66,10,1088,0,0,0,1088
09/16/2020,CLT,NC,ASO,ES,Combined TRACON& Tower with Radar,904,102,44,3,1053,0,6,19,0,25,904,108,63,3,1078,0,0,0,1078
09/17/2020,CLT,NC,ASO,ES,Combined TRACON& Tower with Radar,939,111,27,3,1080,0,0,0,0,0,939,111,27,3,1080,0,0,0,1080
09/18/2020,CLT,NC,ASO,ES,Combined TRACON& Tower with Radar,942,119,28,5,1094,0,0,16,0,16,942,119,44,5,1110,0,0,0,1110
09/19/2020,CLT,NC,ASO,ES,Combined TRACON& Tower with Radar,934,117,20,3,1074,0,1,7,0,8,934,118,27,3,1082,0,0,0,1082
09/20/2020,CLT,NC,ASO,ES,Combined TRACON& Tower with Radar,935,110,23,2,1070,0,0,3,0,3,935,110,26,2,1073,0,0,0,1073
09/21/2020,CLT,NC,ASO,ES,Combined TRACON& Tower with Radar,939,116,35,2,1092,0,5,15,0,20,939,121,50,2,1112,0,0,0,1112
09/22/2020,CLT,NC,ASO,ES,Combined TRACON& Tower with Radar,928,116,62,7,1113,0,0,19,1,20,928,116,81,8,1133,0,0,0,1133
09/23/2020,CLT,NC,ASO,ES,Combined TRACON& Tower with Radar,938,129,48,3,1118,0,4,15,0,19,938,133,63,3,1137,0,0,0,1137
09/24/2020,CLT,NC,ASO,ES,Combined TRACON& Tower with Radar,951,103,46,7,1107,0,2,13,0,15,951,105,59,7,1122,0,0,0,1122
09/25/2020,CLT,NC,ASO,ES,Combined TRACON& Tower with Radar,949,123,49,2,1123,0,0,0,0,0,949,123,49,2,1123,0,0,0,1123
09/26/2020,CLT,NC,ASO,ES,Combined TRACON& Tower with Radar,929,108,17,1,1055,0,1,8,0,9,929,109,25,1,1064,0,0,0,1064
09/27/2020,CLT,NC,ASO,ES,Combined TRACON& Tower with Radar,935,122,32,0,1089,0,0,5,0,5,935,122,37,0,1094,0,0,0,1094
09/28/2020,CLT,NC,ASO,ES,Combined TRACON& Tower with Radar,937,118,41,0,1096,0,2,5,0,7,937,120,46,0,1103,0,0,0,1103
09/29/2020,CLT,NC,ASO,ES,Combined TRACON& Tower with Radar,928,112,39,5,1084,0,0,6,0,6,928,112,45,5,1090,0,0,0,1090
09/30/2020,CLT,NC,ASO,ES,Combined TRACON& Tower with Radar,936,119,49,3,1107,0,1,16,1,18,936,120,65,4,1125,0,0,0,1125
10/01/2020,CLT,NC,ASO,ES,Combined TRACON& Tower with Radar,961,110,57,7,1135,0,1,17,1,19,961,111,74,8,1154,0,0,0,1154
10/02/2020,CLT,NC,ASO,ES,Combined TRACON& Tower with Radar,949,122,48,6,1125,0,1,24,1,26,949,123,72,7,1151,0,0,0,1151
10/03/2020,CLT,NC,ASO,ES,Combined TRACON& Tower with Radar,939,104,23,0,1066,0,2,9,0,11,939,106,32,0,1077,0,0,0,1077
10/04/2020,CLT,NC,ASO,ES,Combined TRACON& Tower with Radar,940,117,40,1,1098,0,0,12,1,13,940,117,52,2,1111,0,0,0,1111
10/05/2020,CLT,NC,ASO,ES,Combined TRACON& Tower with Radar,943,119,39,2,1103,0,5,13,0,18,943,124,52,2,1121,0,0,0,1121
10/06/2020,CLT,NC,ASO,ES,Combined TRACON& Tower with Radar,932,116,35,5,1088,0,5,20,2,27,932,121,55,7,1115,0,0,0,1115
10/07/2020,CLT,NC,ASO,ES,Combined TRACON& Tower with Radar,842,83,40,3,968,0,2,15,0,17,842,85,55,3,985,0,0,0,985
10/08/2020,CLT,NC,ASO,ES,Combined TRACON& Tower with Radar,1035,94,64,7,1200,0,3,28,2,33,1035,97,92,9,1233,0,0,0,1233
10/09/2020,CLT,NC,ASO,ES,Combined TRACON& Tower with Radar,1040,94,58,0,1192,0,5,10,0,15,1040,99,68,0,1207,0,0,0,1207
10/10/2020,CLT,NC,ASO,ES,Combined TRACON& Tower with Radar,1030,68,8,1,1107,0,0,0,0,0,1030,68,8,1,1107,0,0,0,1107
10/11/2020,CLT,NC,ASO,ES,Combined TRACON& Tower with Radar,1044,82,28,0,1154,0,0,3,0,3,1044,82,31,0,1157,0,0,0,1157
10/12/2020,CLT,NC,ASO,ES,Combined TRACON& Tower with Radar,1032,85,37,0,1154,0,0,1,0,1,1032,85,38,0,1155,0,0,0,1155
10/13/2020,CLT,NC,ASO,ES,Combined TRACON& Tower with Radar,860,77,60,6,1003,0,4,13,0,17,860,81,73,6,1020,0,0,0,1020
10/14/2020,CLT,NC,ASO,ES,Combined TRACON& Tower with Radar,874,84,51,3,1012,0,2,21,0,23,874,86,72,3,1035,0,0,0,1035
10/15/2020,CLT,NC,ASO,ES,Combined TRACON& Tower with Radar,1041,102,45,5,1193,0,2,23,1,26,1041,104,68,6,1219,0,0,0,1219
10/16/2020,CLT,NC,ASO,ES,Combined TRACON& Tower with Radar,1039,76,67,1,1183,0,5,25,0,30,1039,81,92,1,1213,0,0,0,1213
10/17/2020,CLT,NC,ASO,ES,Combined TRACON& Tower with Radar,1016,65,27,0,1108,0,1,18,0,19,1016,66,45,0,1127,0,0,0,1127
10/18/2020,CLT,NC,ASO,ES,Combined TRACON& Tower with Radar,1030,84,32,0,1146,0,1,13,1,15,1030,85,45,1,1161,0,0,0,1161
10/19/2020,CLT,NC,ASO,ES,Combined TRACON& Tower with Radar,1028,87,44,3,1162,0,4,10,5,19,1028,91,54,8,1181,0,0,0,1181
10/20/2020,CLT,NC,ASO,ES,Combined TRACON& Tower with Radar,852,72,32,15,971,0,6,24,4,34,852,78,56,19,1005,0,0,0,1005
10/21/2020,CLT,NC,ASO,ES,Combined TRACON& Tower with Radar,871,79,47,3,1000,0,9,27,2,38,871,88,74,5,1038,0,0,0,1038
10/22/2020,CLT,NC,ASO,ES,Combined TRACON& Tower with Radar,1030,95,63,14,1202,0,2,35,0,37,1030,97,98,14,1239,0,0,0,1239
10/23/2020,CLT,NC,ASO,ES,Combined TRACON& Tower with Radar,1030,87,52,2,1171,0,0,19,0,19,1030,87,71,2,1190,0,0,0,1190
10/24/2020,CLT,NC,ASO,ES,Combined TRACON& Tower with Radar,1014,64,20,0,1098,0,1,3,0,4,1014,65,23,0,1102,0,0,0,1102
10/25/2020,CLT,NC,ASO,ES,Combined TRACON& Tower with Radar,1017,83,24,0,1124,0,0,1,0,1,1017,83,25,0,1125,0,0,0,1125
10/26/2020,CLT,NC,ASO,ES,Combined TRACON& Tower with Radar,1013,74,41,2,1130,0,1,14,0,15,1013,75,55,2,1145,0,0,0,1145
10/27/2020,CLT,NC,ASO,ES,Combined TRACON& Tower with Radar,845,67,62,1,975,0,3,8,0,11,845,70,70,1,986,0,0,0,986
10/28/2020,CLT,NC,ASO,ES,Combined TRACON& Tower with Radar,852,75,54,4,985,0,2,3,0,5,852,77,57,4,990,0,0,0,990
10/29/2020,CLT,NC,ASO,ES,Combined TRACON& Tower with Radar,1068,97,41,5,1211,0,0,6,2,8,1068,97,47,7,1219,0,0,0,1219
10/30/2020,CLT,NC,ASO,ES,Combined TRACON& Tower with Radar,1027,89,53,5,1174,0,4,13,2,19,1027,93,66,7,1193,0,0,0,1193
10/31/2020,CLT,NC,ASO,ES,Combined TRACON& Tower with Radar,680,62,27,5,774,0,1,13,10,24,680,63,40,15,798,0,0,0,798
11/01/2020,CLT,NC,ASO,ES,Combined TRACON& Tower with Radar,702,88,40,7,837,0,1,2,2,5,702,89,42,9,842,0,0,0,842
11/02/2020,CLT,NC,ASO,ES,Combined TRACON& Tower with Radar,1015,81,32,5,1133,0,7,15,4,26,1015,88,47,9,1159,0,0,0,1159
11/03/2020,CLT,NC,ASO,ES,Combined TRACON& Tower with Radar,838,71,32,5,946,0,6,25,0,31,838,77,57,5,977,0,0,0,977
11/04/2020,CLT,NC,ASO,ES,Combined TRACON& Tower with Radar,741,85,39,3,868,0,0,34,2,36,741,85,73,5,904,0,0,0,904
11/05/2020,CLT,NC,ASO,ES,Combined TRACON& Tower with Radar,1029,128,61,5,1223,0,0,23,0,23,1029,128,84,5,1246,0,0,0,1246
11/06/2020,CLT,NC,ASO,ES,Combined TRACON& Tower with Radar,1035,122,45,2,1204,0,0,22,0,22,1035,122,67,2,1226,0,0,0,1226
11/07/2020,CLT,NC,ASO,ES,Combined TRACON& Tower with Radar,997,111,23,5,1136,0,0,9,0,9,997,111,32,5,1145,0,0,0,1145
11/08/2020,CLT,NC,ASO,ES,Combined TRACON& Tower with Radar,1022,118,38,2,1180,0,0,2,0,2,1022,118,40,2,1182,0,0,0,1182
11/09/2020,CLT,NC,ASO,ES,Combined TRACON& Tower with Radar,1027,126,41,0,1194,0,3,12,3,18,1027,129,53,3,1212,0,0,0,1212
11/10/2020,CLT,NC,ASO,ES,Combined TRACON& Tower with Radar,761,104,32,4,901,0,2,10,0,12,761,106,42,4,913,0,0,0,913
11/11/2020,CLT,NC,ASO,ES,Combined TRACON& Tower with Radar,764,95,40,0,899,0,0,0,1,1,764,95,40,1,900,0,0,0,900
11/12/2020,CLT,NC,ASO,ES,Combined TRACON& Tower with Radar,1032,131,51,0,1214,0,0,0,0,0,1032,131,51,0,1214,0,0,0,1214
11/13/2020,CLT,NC,ASO,ES,Combined TRACON& Tower with Radar,1048,118,50,1,1217,0,0,11,0,11,1048,118,61,1,1228,0,0,0,1228
11/14/2020,CLT,NC,ASO,ES,Combined TRACON& Tower with Radar,1008,120,33,0,1161,0,0,9,0,9,1008,120,42,0,1170,0,0,0,1170
11/15/2020,CLT,NC,ASO,ES,Combined TRACON& Tower with Radar,1031,135,37,0,1203,0,0,5,0,5,1031,135,42,0,1208,0,0,0,1208
11/16/2020,CLT,NC,ASO,ES,Combined TRACON& Tower with Radar,1030,126,31,3,1190,0,2,7,2,11,1030,128,38,5,1201,0,0,0,1201
11/17/2020,CLT,NC,ASO,ES,Combined TRACON& Tower with Radar,764,93,31,5,893,0,0,21,1,22,764,93,52,6,915,0,0,0,915
11/18/2020,CLT,NC,ASO,ES,Combined TRACON& Tower with Radar,774,110,55,5,944,0,2,23,2,27,774,112,78,7,971,0,0,0,971
11/19/2020,CLT,NC,ASO,ES,Combined TRACON& Tower with Radar,1042,127,31,4,1204,0,3,19,1,23,1042,130,50,5,1227,0,0,0,1227
11/20/2020,CLT,NC,ASO,ES,Combined TRACON& Tower with Radar,1040,136,32,4,1212,0,6,17,1,24,1040,142,49,5,1236,0,0,0,1236
11/21/2020,CLT,NC,ASO,ES,Combined TRACON& Tower with Radar,1022,125,32,0,1179,0,1,16,2,19,1022,126,48,2,1198,0,0,0,1198
11/22/2020,CLT,NC,ASO,ES,Combined TRACON& Tower with Radar,1042,125,34,0,1201,0,0,5,0,5,1042,125,39,0,1206,0,0,0,1206
11/23/2020,CLT,NC,ASO,ES,Combined TRACON& Tower with Radar,637,93,22,0,752,0,3,11,0,14,637,96,33,0,766,0,0,0,766
11/24/2020,CLT,NC,ASO,ES,Combined TRACON& Tower with Radar,1037,132,43,5,1217,0,1,16,0,17,1037,133,59,5,1234,0,0,0,1234
11/25/2020,CLT,NC,ASO,ES,Combined TRACON& Tower with Radar,1056,135,42,1,1234,0,0,8,0,8,1056,135,50,1,1242,0,0,0,1242
11/26/2020,CLT,NC,ASO,ES,Combined TRACON& Tower with Radar,236,28,9,0,273,0,0,2,0,2,236,28,11,0,275,0,0,0,275
11/27/2020,CLT,NC,ASO,ES,Combined TRACON& Tower with Radar,853,100,14,0,967,0,1,4,0,5,853,101,18,0,972,0,0,0,972
11/28/2020,CLT,NC,ASO,ES,Combined TRACON& Tower with Radar,1036,136,43,1,1216,0,0,15,0,15,1036,136,58,1,1231,0,0,0,1231
11/29/2020,CLT,NC,ASO,ES,Combined TRACON& Tower with Radar,1054,126,30,0,1210,0,2,2,0,4,1054,128,32,0,1214,0,0,0,1214
11/30/2020,CLT,NC,ASO,ES,Combined TRACON& Tower with Radar,1049,128,44,7,1228,0,3,0,0,3,1049,131,44,7,1231,0,0,0,1231
12/01/2020,CLT,NC,ASO,ES,Combined TRACON& Tower with Radar,1028,114,52,4,1198,0,7,14,2,23,1028,121,66,6,1221,0,0,0,1221
12/02/2020,CLT,NC,ASO,ES,Combined TRACON& Tower with Radar,754,85,54,5,898,0,3,11,0,14,754,88,65,5,912,0,0,0,912
12/03/2020,CLT,NC,ASO,ES,Combined TRACON& Tower with Radar,1028,128,55,5,1216,0,3,17,0,20,1028,131,72,5,1236,0,0,0,1236
12/04/2020,CLT,NC,ASO,ES,Combined TRACON& Tower with Radar,1020,129,49,3,1201,0,0,11,0,11,1020,129,60,3,1212,0,0,0,1212
12/05/2020,CLT,NC,ASO,ES,Combined TRACON& Tower with Radar,747,93,14,3,857,0,1,5,0,6,747,94,19,3,863,0,0,0,863
12/06/2020,CLT,NC,ASO,ES,Combined TRACON& Tower with Radar,1017,130,26,3,1176,0,1,7,0,8,1017,131,33,3,1184,0,0,0,1184
12/07/2020,CLT,NC,ASO,ES,Combined TRACON& Tower with Radar,1017,139,25,5,1186,0,5,14,0,19,1017,144,39,5,1205,0,0,0,1205
12/08/2020,CLT,NC,ASO,ES,Combined TRACON& Tower with Radar,735,88,42,4,869,0,3,16,0,19,735,91,58,4,888,0,0,0,888
12/09/2020,CLT,NC,ASO,ES,Combined TRACON& Tower with Radar,757,85,45,3,890,0,6,18,0,24,757,91,63,3,914,0,0,0,914
12/10/2020,CLT,NC,ASO,ES,Combined TRACON& Tower with Radar,1026,118,49,3,1196,0,0,17,0,17,1026,118,66,3,1213,0,0,0,1213
12/11/2020,CLT,NC,ASO,ES,Combined TRACON& Tower with Radar,1028,124,38,2,1192,0,7,21,0,28,1028,131,59,2,1220,0,0,0,1220
12/12/2020,CLT,NC,ASO,ES,Combined TRACON& Tower with Radar,756,90,24,2,872,0,0,11,0,11,756,90,35,2,883,0,0,0,883
12/13/2020,CLT,NC,ASO,ES,Combined TRACON& Tower with Radar,1015,129,33,1,1178,0,1,1,0,2,1015,130,34,1,1180,0,0,0,1180
12/14/2020,CLT,NC,ASO,ES,Combined TRACON& Tower with Radar,1015,128,44,4,1191,0,1,5,1,7,1015,129,49,5,1198,0,0,0,1198
12/15/2020,CLT,NC,ASO,ES,Combined TRACON& Tower with Radar,752,84,72,5,913,0,3,19,0,22,752,87,91,5,935,0,0,0,935
12/16/2020,CLT,NC,ASO,ES,Combined TRACON& Tower with Radar,717,95,41,0,853,0,0,0,0,0,717,95,41,0,853,0,0,0,853
12/17/2020,CLT,NC,ASO,ES,Combined TRACON& Tower with Radar,983,137,57,4,1181,0,2,7,0,9,983,139,64,4,1190,0,0,0,1190
12/18/2020,CLT,NC,ASO,ES,Combined TRACON& Tower with Radar,1046,152,57,2,1257,0,2,19,0,21,1046,154,76,2,1278,0,0,0,1278
12/19/2020,CLT,NC,ASO,ES,Combined TRACON& Tower with Radar,1082,200,57,0,1339,0,0,15,0,15,1082,200,72,0,1354,0,0,0,1354
12/20/2020,CLT,NC,ASO,ES,Combined TRACON& Tower with Radar,1052,153,24,0,1229,0,0,1,0,1,1052,153,25,0,1230,0,0,0,1230
12/21/2020,CLT,NC,ASO,ES,Combined TRACON& Tower with Radar,1042,147,27,0,1216,0,3,7,0,10,1042,150,34,0,1226,0,0,0,1226
12/22/2020,CLT,NC,ASO,ES,Combined TRACON& Tower with Radar,1046,142,32,4,1224,1,5,26,2,34,1047,147,58,6,1258,0,0,0,1258
12/23/2020,CLT,NC,ASO,ES,Combined TRACON& Tower with Radar,1042,159,48,1,1250,0,2,19,0,21,1042,161,67,1,1271,0,0,0,1271
12/24/2020,CLT,NC,ASO,ES,Combined TRACON& Tower with Radar,828,119,12,1,960,0,0,0,0,0,828,119,12,1,960,0,0,0,960
12/25/2020,CLT,NC,ASO,ES,Combined TRACON& Tower with Radar,649,92,10,0,751,0,0,1,0,1,649,92,11,0,752,0,0,0,752
12/26/2020,CLT,NC,ASO,ES,Combined TRACON& Tower with Radar,1038,145,32,0,1215,0,3,12,0,15,1038,148,44,0,1230,0,0,0,1230
12/27/2020,CLT,NC,ASO,ES,Combined TRACON& Tower with Radar,1035,146,43,0,1224,0,2,13,0,15,1035,148,56,0,1239,0,0,0,1239
12/28/2020,CLT,NC,ASO,ES,Combined TRACON& Tower with Radar,1035,139,30,0,1204,0,3,8,0,11,1035,142,38,0,1215,0,0,0,1215
12/29/2020,CLT,NC,ASO,ES,Combined TRACON& Tower with Radar,1033,131,34,4,1202,0,0,13,0,13,1033,131,47,4,1215,0,0,0,1215
12/30/2020,CLT,NC,ASO,ES,Combined TRACON& Tower with Radar,1042,141,29,2,1214,0,2,9,0,11,1042,143,38,2,1225,0,0,0,1225
12/31/2020,CLT,NC,ASO,ES,Combined TRACON& Tower with Radar,836,121,8,0,965,0,0,0,0,0,836,121,8,0,965,0,0,0,965
01/01/2021,CLT,NC,ASO,ES,Combined TRACON& Tower with Radar,650,98,14,0,762,0,0,0,0,0,650,98,14,0,762,0,0,0,762
01/02/2021,CLT,NC,ASO,ES,Combined TRACON& Tower with Radar,1058,146,58,0,1262,0,0,4,0,4,1058,146,62,0,1266,0,0,0,1266
01/03/2021,CLT,NC,ASO,ES,Combined TRACON& Tower with Radar,1054,150,42,1,1247,0,0,0,0,0,1054,150,42,1,1247,0,0,0,1247
01/04/2021,CLT,NC,ASO,ES,Combined TRACON& Tower with Radar,1016,133,35,0,1184,0,0,11,0,11,1016,133,46,0,1195,0,0,0,1195
01/05/2021,CLT,NC,ASO,ES,Combined TRACON& Tower with Radar,796,104,34,6,940,0,5,30,0,35,796,109,64,6,975,0,0,0,975
01/06/2021,CLT,NC,ASO,ES,Combined TRACON& Tower with Radar,803,122,35,6,966,0,3,38,0,41,803,125,73,6,1007,0,0,0,1007
01/07/2021,CLT,NC,ASO,ES,Combined TRACON& Tower with Radar,1029,167,45,0,1241,0,0,12,0,12,1029,167,57,0,1253,0,0,0,1253
01/08/2021,CLT,NC,ASO,ES,Combined TRACON& Tower with Radar,966,130,32,1,1129,0,0,0,0,0,966,130,32,1,1129,0,0,0,1129
01/09/2021,CLT,NC,ASO,ES,Combined TRACON& Tower with Radar,795,106,16,0,917,0,0,8,0,8,795,106,24,0,925,0,0,0,925
01/10/2021,CLT,NC,ASO,ES,Combined TRACON& Tower with Radar,1018,153,22,2,1195,0,0,7,0,7,1018,153,29,2,1202,0,0,0,1202
01/11/2021,CLT,NC,ASO,ES,Combined TRACON& Tower with Radar,1021,157,32,5,1215,0,0,9,0,9,1021,157,41,5,1224,0,0,0,1224
01/12/2021,CLT,NC,ASO,ES,Combined TRACON& Tower with Radar,791,113,32,0,936,0,2,8,0,10,791,115,40,0,946,0,0,0,946
01/13/2021,CLT,NC,ASO,ES,Combined TRACON& Tower with Radar,811,119,48,2,980,0,2,17,0,19,811,121,65,2,999,0,0,0,999
01/14/2021,CLT,NC,ASO,ES,Combined TRACON& Tower with Radar,1031,156,42,5,1234,0,0,24,1,25,1031,156,66,6,1259,0,0,0,1259
01/15/2021,CLT,NC,ASO,ES,Combined TRACON& Tower with Radar,1030,148,31,4,1213,0,0,17,0,17,1030,148,48,4,1230,0,0,0,1230
01/16/2021,CLT,NC,ASO,ES,Combined TRACON& Tower with Radar,799,113,8,0,920,0,0,16,2,18,799,113,24,2,938,0,0,0,938
01/17/2021,CLT,NC,ASO,ES,Combined TRACON& Tower with Radar,1017,160,22,1,1200,0,0,0,2,2,1017,160,22,3,1202,0,0,0,1202
01/18/2021,CLT,NC,ASO,ES,Combined TRACON& Tower with Radar,1020,162,38,1,1221,0,2,4,2,8,1020,164,42,3,1229,0,0,0,1229
01/19/2021,CLT,NC,ASO,ES,Combined TRACON& Tower with Radar,803,112,30,7,952,0,1,44,2,47,803,113,74,9,999,0,0,0,999
01/20/2021,CLT,NC,ASO,ES,Combined TRACON& Tower with Radar,799,108,38,2,947,0,7,40,2,49,799,115,78,4,996,0,0,0,996
01/21/2021,CLT,NC,ASO,ES,Combined TRACON& Tower with Radar,1034,150,40,4,1228,0,5,37,2,44,1034,155,77,6,1272,0,0,0,1272
01/22/2021,CLT,NC,ASO,ES,Combined TRACON& Tower with Radar,1028,156,54,0,1238,0,3,42,0,45,1028,159,96,0,1283,0,0,0,1283
01/23/2021,CLT,NC,ASO,ES,Combined TRACON& Tower with Radar,790,109,26,0,925,0,1,9,0,10,790,110,35,0,935,0,0,0,935
01/24/2021,CLT,NC,ASO,ES,Combined TRACON& Tower with Radar,1023,156,31,3,1213,0,0,6,3,9,1023,156,37,6,1222,0,0,0,1222
01/25/2021,CLT,NC,ASO,ES,Combined TRACON& Tower with Radar,1012,160,20,6,1198,0,0,0,0,0,1012,160,20,6,1198,0,0,0,1198
01/26/2021,CLT,NC,ASO,ES,Combined TRACON& Tower with Radar,808,113,38,4,963,0,0,0,0,0,808,113,38,4,963,0,0,0,963
01/27/2021,CLT,NC,ASO,ES,Combined TRACON& Tower with Radar,798,123,43,3,967,0,0,9,2,11,798,123,52,5,978,0,0,0,978
01/28/2021,CLT,NC,ASO,ES,Combined TRACON& Tower with Radar,806,162,40,4,1012,0,10,29,3,42,806,172,69,7,1054,0,0,0,1054
01/29/2021,CLT,NC,ASO,ES,Combined TRACON& Tower with Radar,1018,144,28,4,1194,0,6,10,2,18,1018,150,38,6,1212,0,0,0,1212
01/30/2021,CLT,NC,ASO,ES,Combined TRACON& Tower with Radar,785,105,8,0,898,0,1,8,1,10,785,106,16,1,908,0,0,0,908
01/31/2021,CLT,NC,ASO,ES,Combined TRACON& Tower with Radar,1002,156,29,0,1187,0,0,1,0,1,1002,156,30,0,1188,0,0,0,1188
02/01/2021,CLT,NC,ASO,ES,Combined TRACON& Tower with Radar,942,141,23,4,1110,0,2,6,4,12,942,143,29,8,1122,0,0,0,1122
02/02/2021,CLT,NC,ASO,ES,Combined TRACON& Tower with Radar,767,118,46,5,936,0,4,15,3,22,767,122,61,8,958,0,0,0,958
02/03/2021,CLT,NC,ASO,ES,Combined TRACON& Tower with Radar,795,121,46,2,964,0,5,26,4,35,795,126,72,6,999,0,0,0,999
02/04/2021,CLT,NC,ASO,ES,Combined TRACON& Tower with Radar,1021,180,58,5,1264,0,1,14,3,18,1021,181,72,8,1282,0,0,0,1282
02/05/2021,CLT,NC,ASO,ES,Combined TRACON& Tower with Radar,1022,162,26,0,1210,0,0,9,0,9,1022,162,35,0,1219,0,0,0,1219
02/06/2021,CLT,NC,ASO,ES,Combined TRACON& Tower with Radar,788,120,33,0,941,0,2,5,0,7,788,122,38,0,948,0,0,0,948
02/07/2021,CLT,NC,ASO,ES,Combined TRACON& Tower with Radar,1005,164,27,0,1196,0,0,3,0,3,1005,164,30,0,1199,0,0,0,1199
02/08/2021,CLT,NC,ASO,ES,Combined TRACON& Tower with Radar,1012,158,49,3,1222,0,5,13,1,19,1012,163,62,4,1241,0,0,0,1241
02/09/2021,CLT,NC,ASO,ES,Combined TRACON& Tower with Radar,792,108,41,9,950,0,3,9,0,12,792,111,50,9,962,0,0,0,962
02/10/2021,CLT,NC,ASO,ES,Combined TRACON& Tower with Radar,791,110,51,3,955,0,3,6,1,10,791,113,57,4,965,0,0,0,965
02/11/2021,CLT,NC,ASO,ES,Combined TRACON& Tower with Radar,1034,157,40,0,1231,0,0,1,0,1,1034,157,41,0,1232,0,0,0,1232
02/12/2021,CLT,NC,ASO,ES,Combined TRACON& Tower with Radar,1049,149,34,0,1232,0,0,0,0,0,1049,149,34,0,1232,0,0,0,1232
02/13/2021,CLT,NC,ASO,ES,Combined TRACON& Tower with Radar,793,111,7,0,911,0,0,0,0,0,793,111,7,0,911,0,0,0,911
02/14/2021,CLT,NC,ASO,ES,Combined TRACON& Tower with Radar,984,155,18,0,1157,0,0,0,0,0,984,155,18,0,1157,0,0,0,1157
02/15/2021,CLT,NC,ASO,ES,Combined TRACON& Tower with Radar,916,139,36,1,1092,0,0,0,0,0,916,139,36,1,1092,0,0,0,1092
02/16/2021,CLT,NC,ASO,ES,Combined TRACON& Tower with Radar,731,100,39,6,876,0,0,11,2,13,731,100,50,8,889,0,0,0,889
02/17/2021,CLT,NC,ASO,ES,Combined TRACON& Tower with Radar,755,110,61,5,931,0,7,23,0,30,755,117,84,5,961,0,0,0,961
02/18/2021,CLT,NC,ASO,ES,Combined TRACON& Tower with Radar,944,116,36,4,1100,0,0,1,0,1,944,116,37,4,1101,0,0,0,1101
02/19/2021,CLT,NC,ASO,ES,Combined TRACON& Tower with Radar,1007,143,53,3,1206,0,3,8,2,13,1007,146,61,5,1219,0,0,0,1219
02/20/2021,CLT,NC,ASO,ES,Combined TRACON& Tower with Radar,804,103,21,0,928,0,1,17,0,18,804,104,38,0,946,0,0,0,946
02/21/2021,CLT,NC,ASO,ES,Combined TRACON& Tower with Radar,1035,151,40,2,1228,0,4,8,0,12,1035,155,48,2,1240,0,0,0,1240
02/22/2021,CLT,NC,ASO,ES,Combined TRACON& Tower with Radar,1039,148,32,0,1219,0,2,5,0,7,1039,150,37,0,1226,0,0,0,1226
02/23/2021,CLT,NC,ASO,ES,Combined TRACON& Tower with Radar,817,112,37,6,972,0,4,24,2,30,817,116,61,8,1002,0,0,0,1002
02/24/2021,CLT,NC,ASO,ES,Combined TRACON& Tower with Radar,814,116,43,5,978,0,4,23,2,29,814,120,66,7,1007,0,0,0,1007
02/25/2021,CLT,NC,ASO,ES,Combined TRACON& Tower with Radar,1051,151,87,4,1293,0,2,19,6,27,1051,153,106,10,1320,0,0,0,1320
02/26/2021,CLT,NC,ASO,ES,Combined TRACON& Tower with Radar,1055,147,41,2,1245,0,3,3,0,6,1055,150,44,2,1251,0,0,0,1251
02/27/2021,CLT,NC,ASO,ES,Combined TRACON& Tower with Radar,808,113,23,2,946,0,0,2,0,2,808,113,25,2,948,0,0,0,948
02/28/2021,CLT,NC,ASO,ES,Combined TRACON& Tower with Radar,1051,126,37,0,1214,0,2,3,1,6,1051,128,40,1,1220,0,0,0,1220
03/01/2021,CLT,NC,ASO,ES,Combined TRACON& Tower with Radar,1034,145,37,3,1219,0,0,5,0,5,1034,145,42,3,1224,0,0,0,1224
03/02/2021,CLT,NC,ASO,ES,Combined TRACON& Tower with Radar,810,107,50,12,979,0,3,12,0,15,810,110,62,12,994,0,0,0,994
03/03/2021,CLT,NC,ASO,ES,Combined TRACON& Tower with Radar,813,120,50,4,987,0,4,14,0,18,813,124,64,4,1005,0,0,0,1005
03/04/2021,CLT,NC,ASO,ES,Combined TRACON& Tower with Radar,1189,180,58,4,1431,0,3,17,0,20,1189,183,75,4,1451,0,0,0,1451
03/05/2021,CLT,NC,ASO,ES,Combined TRACON& Tower with Radar,1251,177,44,2,1474,0,4,14,2,20,1251,181,58,4,1494,0,0,0,1494
03/06/2021,CLT,NC,ASO,ES,Combined TRACON& Tower with Radar,1192,163,24,0,1379,0,1,15,2,18,1192,164,39,2,1397,0,0,0,1397
03/07/2021,CLT,NC,ASO,ES,Combined TRACON& Tower with Radar,1170,168,33,5,1376,0,3,5,1,9,1170,171,38,6,1385,0,0,0,1385
03/08/2021,CLT,NC,ASO,ES,Combined TRACON& Tower with Radar,1242,172,34,1,1449,0,6,15,0,21,1242,178,49,1,1470,0,0,0,1470
03/09/2021,CLT,NC,ASO,ES,Combined TRACON& Tower with Radar,1130,172,39,4,1345,0,7,16,0,23,1130,179,55,4,1368,0,0,0,1368
03/10/2021,CLT,NC,ASO,ES,Combined TRACON& Tower with Radar,1147,167,34,2,1350,0,5,13,0,18,1147,172,47,2,1368,0,0,0,1368
03/11/2021,CLT,NC,ASO,ES,Combined TRACON& Tower with Radar,1255,182,69,5,1511,0,7,18,0,25,1255,189,87,5,1536,0,0,0,1536
03/12/2021,CLT,NC,ASO,ES,Combined TRACON& Tower with Radar,1257,190,62,0,1509,0,6,13,1,20,1257,196,75,1,1529,0,0,0,1529
03/13/2021,CLT,NC,ASO,ES,Combined TRACON& Tower with Radar,1189,181,30,2,1402,0,1,10,0,11,1189,182,40,2,1413,0,0,0,1413
03/14/2021,CLT,NC,ASO,ES,Combined TRACON& Tower with Radar,1146,174,28,1,1349,0,2,6,0,8,1146,176,34,1,1357,0,0,0,1357
03/15/2021,CLT,NC,ASO,ES,Combined TRACON& Tower with Radar,1228,186,41,3,1458,0,2,18,2,22,1228,188,59,5,1480,0,0,0,1480
03/16/2021,CLT,NC,ASO,ES,Combined TRACON& Tower with Radar,1144,160,33,4,1341,0,0,0,0,0,1144,160,33,4,1341,0,0,0,1341
03/17/2021,CLT,NC,ASO,ES,Combined TRACON& Tower with Radar,1145,169,62,2,1378,0,0,4,2,6,1145,169,66,4,1384,0,0,0,1384
03/18/2021,CLT,NC,ASO,ES,Combined TRACON& Tower with Radar,1230,179,48,1,1458,0,0,6,0,6,1230,179,54,1,1464,0,0,0,1464
03/19/2021,CLT,NC,ASO,ES,Combined TRACON& Tower with Radar,1260,187,47,4,1498,0,3,9,2,14,1260,190,56,6,1512,0,0,0,1512
03/20/2021,CLT,NC,ASO,ES,Combined TRACON& Tower with Radar,1201,171,37,0,1409,0,3,18,1,22,1201,174,55,1,1431,0,0,0,1431
03/21/2021,CLT,NC,ASO,ES,Combined TRACON& Tower with Radar,1157,185,52,1,1395,0,4,3,0,7,1157,189,55,1,1402,0,0,0,1402
03/22/2021,CLT,NC,ASO,ES,Combined TRACON& Tower with Radar,1235,190,43,1,1469,0,2,13,3,18,1235,192,56,4,1487,0,0,0,1487
03/23/2021,CLT,NC,ASO,ES,Combined TRACON& Tower with Radar,1145,170,37,2,1354,0,4,7,2,13,1145,174,44,4,1367,0,0,0,1367
03/24/2021,CLT,NC,ASO,ES,Combined TRACON& Tower with Radar,1156,177,46,3,1382,0,2,6,0,8,1156,179,52,3,1390,0,0,0,1390
03/25/2021,CLT,NC,ASO,ES,Combined TRACON& Tower with Radar,1252,189,55,2,1498,0,1,8,2,11,1252,190,63,4,1509,0,0,0,1509
03/26/2021,CLT,NC,ASO,ES,Combined TRACON& Tower with Radar,1263,187,43,0,1493,0,0,12,1,13,1263,187,55,1,1506,0,0,0,1506
03/27/2021,CLT,NC,ASO,ES,Combined TRACON& Tower with Radar,1196,173,34,0,1403,0,0,9,0,9,1196,173,43,0,1412,0,0,0,1412
03/28/2021,CLT,NC,ASO,ES,Combined TRACON& Tower with Radar,1168,168,38,0,1374,0,0,2,4,6,1168,168,40,4,1380,0,0,0,1380
03/29/2021,CLT,NC,ASO,ES,Combined TRACON& Tower with Radar,1250,168,54,0,1472,0,5,11,2,18,1250,173,65,2,1490,0,0,0,1490
03/30/2021,CLT,NC,ASO,ES,Combined TRACON& Tower with Radar,1153,148,58,5,1364,0,0,24,5,29,1153,148,82,10,1393,0,0,0,1393
03/31/2021,CLT,NC,ASO,ES,Combined TRACON& Tower with Radar,1159,162,65,1,1387,0,0,3,0,3,1159,162,68,1,1390,0,0,0,1390
04/01/2021,CLT,NC,ASO,ES,Combined TRACON& Tower with Radar,1255,202,51,4,1512,0,4,9,0,13,1255,206,60,4,1525,0,0,0,1525
04/02/2021,CLT,NC,ASO,ES,Combined TRACON& Tower with Radar,1255,197,29,1,1482,0,2,14,0,16,1255,199,43,1,1498,0,0,0,1498
04/03/2021,CLT,NC,ASO,ES,Combined TRACON& Tower with Radar,1243,189,16,0,1448,0,2,3,0,5,1243,191,19,0,1453,0,0,0,1453
04/04/2021,CLT,NC,ASO,ES,Combined TRACON& Tower with Radar,1199,190,31,0,1420,0,2,4,0,6,1199,192,35,0,1426,0,0,0,1426
04/05/2021,CLT,NC,ASO,ES,Combined TRACON& Tower with Radar,1266,206,51,1,1524,0,7,17,2,26,1266,213,68,3,1550,0,0,0,1550
04/06/2021,CLT,NC,ASO,ES,Combined TRACON& Tower with Radar,1179,165,52,7,1403,0,5,15,0,20,1179,170,67,7,1423,0,0,0,1423
04/07/2021,CLT,NC,ASO,ES,Combined TRACON& Tower with Radar,1259,206,52,3,1520,0,2,21,2,25,1259,208,73,5,1545,0,0,0,1545
04/08/2021,CLT,NC,ASO,ES,Combined TRACON& Tower with Radar,1272,203,46,6,1527,0,6,18,5,29,1272,209,64,11,1556,0,0,0,1556
04/09/2021,CLT,NC,ASO,ES,Combined TRACON& Tower with Radar,1274,214,47,1,1536,0,5,17,3,25,1274,219,64,4,1561,0,0,0,1561
04/10/2021,CLT,NC,ASO,ES,Combined TRACON& Tower with Radar,1215,197,21,4,1437,0,0,5,0,5,1215,197,26,4,1442,0,0,0,1442
04/11/2021,CLT,NC,ASO,ES,Combined TRACON& Tower with Radar,1126,183,42,2,1353,0,0,5,0,5,1126,183,47,2,1358,0,0,0,1358
04/12/2021,CLT,NC,ASO,ES,Combined TRACON& Tower with Radar,1255,208,69,3,1535,0,2,11,0,13,1255,210,80,3,1548,0,0,0,1548
04/13/2021,CLT,NC,ASO,ES,Combined TRACON& Tower with Radar,1184,187,51,5,1427,0,10,17,4,31,1184,197,68,9,1458,0,0,0,1458
04/14/2021,CLT,NC,ASO,ES,Combined TRACON& Tower with Radar,1252,212,51,3,1518,0,1,14,2,17,1252,213,65,5,1535,0,0,0,1535
04/15/2021,CLT,NC,ASO,ES,Combined TRACON& Tower with Radar,1275,215,58,6,1554,0,4,19,2,25,1275,219,77,8,1579,0,0,0,1579
04/16/2021,CLT,NC,ASO,ES,Combined TRACON& Tower with Radar,1275,203,60,3,1541,0,6,20,0,26,1275,209,80,3,1567,0,0,0,1567
04/17/2021,CLT,NC,ASO,ES,Combined TRACON& Tower with Radar,1228,183,18,3,1432,0,1,6,0,7,1228,184,24,3,1439,0,0,0,1439
04/18/2021,CLT,NC,ASO,ES,Combined TRACON& Tower with Radar,1189,195,46,2,1432,0,1,1,0,2,1189,196,47,2,1434,0,0,0,1434
04/19/2021,CLT,NC,ASO,ES,Combined TRACON& Tower with Radar,1264,195,54,0,1513,0,3,15,0,18,1264,198,69,0,1531,0,0,0,1531
04/20/2021,CLT,NC,ASO,ES,Combined TRACON& Tower with Radar,1181,177,47,3,1408,0,5,11,0,16,1181,182,58,3,1424,0,0,0,1424
04/21/2021,CLT,NC,ASO,ES,Combined TRACON& Tower with Radar,1255,200,64,3,1522,0,3,9,0,12,1255,203,73,3,1534,0,0,0,1534
04/22/2021,CLT,NC,ASO,ES,Combined TRACON& Tower with Radar,1280,204,71,5,1560,0,7,13,3,23,1280,211,84,8,1583,0,0,0,1583
04/23/2021,CLT,NC,ASO,ES,Combined TRACON& Tower with Radar,1266,206,62,2,1536,0,0,13,4,17,1266,206,75,6,1553,0,0,0,1553
04/24/2021,CLT,NC,ASO,ES,Combined TRACON& Tower with Radar,1221,190,21,2,1434,0,0,0,0,0,1221,190,21,2,1434,0,0,0,1434
04/25/2021,CLT,NC,ASO,ES,Combined TRACON& Tower with Radar,1197,186,39,2,1424,0,1,7,0,8,1197,187,46,2,1432,0,0,0,1432
04/26/2021,CLT,NC,ASO,ES,Combined TRACON& Tower with Radar,1262,210,55,0,1527,0,2,4,0,6,1262,212,59,0,1533,0,0,0,1533
04/27/2021,CLT,NC,ASO,ES,Combined TRACON& Tower with Radar,1172,174,85,4,1435,0,0,4,0,4,1172,174,89,4,1439,0,0,0,1439
04/28/2021,CLT,NC,ASO,ES,Combined TRACON& Tower with Radar,1259,190,74,4,1527,0,9,12,0,21,1259,199,86,4,1548,0,0,0,1548
04/29/2021,CLT,NC,ASO,ES,Combined TRACON& Tower with Radar,1269,212,73,5,1559,0,4,9,0,13,1269,216,82,5,1572,0,0,0,1572
04/30/2021,CLT,NC,ASO,ES,Combined TRACON& Tower with Radar,1272,197,75,8,1552,0,3,19,0,22,1272,200,94,8,1574,0,0,0,1574
05/01/2021,CLT,NC,ASO,ES,Combined TRACON& Tower with Radar,1217,213,36,12,1478,0,3,12,0,15,1217,216,48,12,1493,0,0,0,1493
05/02/2021,CLT,NC,ASO,ES,Combined TRACON& Tower with Radar,1197,188,59,7,1451,0,2,3,0,5,1197,190,62,7,1456,0,0,0,1456
05/03/2021,CLT,NC,ASO,ES,Combined TRACON& Tower with Radar,1256,205,52,1,1514,0,0,2,0,2,1256,205,54,1,1516,0,0,0,1516
05/04/2021,CLT,NC,ASO,ES,Combined TRACON& Tower with Radar,1094,159,77,6,1336,0,0,4,0,4,1094,159,81,6,1340,0,0,0,1340
05/05/2021,CLT,NC,ASO,ES,Combined TRACON& Tower with Radar,1291,225,84,2,1602,0,3,17,0,20,1291,228,101,2,1622,0,0,0,1622
05/06/2021,CLT,NC,ASO,ES,Combined TRACON& Tower with Radar,1288,187,82,6,1563,0,2,16,0,18,1288,189,98,6,1581,0,0,0,1581
05/07/2021,CLT,NC,ASO,ES,Combined TRACON& Tower with Radar,1317,180,62,1,1560,0,7,13,0,20,1317,187,75,1,1580,0,0,0,1580
05/08/2021,CLT,NC,ASO,ES,Combined TRACON& Tower with Radar,1274,185,42,2,1503,0,2,10,0,12,1274,187,52,2,1515,0,0,0,1515
05/09/2021,CLT,NC,ASO,ES,Combined TRACON& Tower with Radar,1218,196,26,4,1444,0,7,6,0,13,1218,203,32,4,1457,0,0,0,1457
05/10/2021,CLT,NC,ASO,ES,Combined TRACON& Tower with Radar,1290,176,51,7,1524,0,7,11,0,18,1290,183,62,7,1542,0,0,0,1542
05/11/2021,CLT,NC,ASO,ES,Combined TRACON& Tower with Radar,1214,165,68,2,1449,0,2,10,0,12,1214,167,78,2,1461,0,0,0,1461
05/12/2021,CLT,NC,ASO,ES,Combined TRACON& Tower with Radar,1304,184,75,4,1567,0,1,13,0,14,1304,185,88,4,1581,0,0,0,1581
05/13/2021,CLT,NC,ASO,ES,Combined TRACON& Tower with Radar,1311,194,85,5,1595,0,3,11,0,14,1311,197,96,5,1609,0,0,0,1609
05/14/2021,CLT,NC,ASO,ES,Combined TRACON& Tower with Radar,1308,190,74,3,1575,0,6,24,0,30,1308,196,98,3,1605,0,0,0,1605
05/15/2021,CLT,NC,ASO,ES,Combined TRACON& Tower with Radar,1257,167,14,0,1438,2,7,14,0,23,1259,174,28,0,1461,0,0,0,1461
05/16/2021,CLT,NC,ASO,ES,Combined TRACON& Tower with Radar,1216,172,41,1,1430,0,0,7,0,7,1216,172,48,1,1437,0,0,0,1437
05/17/2021,CLT,NC,ASO,ES,Combined TRACON& Tower with Radar,1293,178,52,1,1524,0,7,15,0,22,1293,185,67,1,1546,0,0,0,1546
05/18/2021,CLT,NC,ASO,ES,Combined TRACON& Tower with Radar,1220,166,62,3,1451,0,4,13,2,19,1220,170,75,5,1470,0,0,0,1470
05/19/2021,CLT,NC,ASO,ES,Combined TRACON& Tower with Radar,1316,184,80,2,1582,0,2,7,0,9,1316,186,87,2,1591,0,0,0,1591
05/20/2021,CLT,NC,ASO,ES,Combined TRACON& Tower with Radar,1306,171,84,9,1570,0,13,19,0,32,1306,184,103,9,1602,0,0,0,1602
05/21/2021,CLT,NC,ASO,ES,Combined TRACON& Tower with Radar,1301,186,66,0,1553,0,12,15,0,27,1301,198,81,0,1580,0,0,0,1580
05/22/2021,CLT,NC,ASO,ES,Combined TRACON& Tower with Radar,1263,173,29,0,1465,0,1,11,0,12,1263,174,40,0,1477,0,0,0,1477
05/23/2021,CLT,NC,ASO,ES,Combined TRACON& Tower with Radar,1220,178,46,0,1444,0,3,7,0,10,1220,181,53,0,1454,0,0,0,1454
05/24/2021,CLT,NC,ASO,ES,Combined TRACON& Tower with Radar,1293,185,49,1,1528,0,7,23,0,30,1293,192,72,1,1558,0,0,0,1558
05/25/2021,CLT,NC,ASO,ES,Combined TRACON& Tower with Radar,1212,178,47,5,1442,0,5,15,0,20,1212,183,62,5,1462,0,0,0,1462
05/26/2021,CLT,NC,ASO,ES,Combined TRACON& Tower with Radar,1306,188,67,4,1565,0,6,13,0,19,1306,194,80,4,1584,0,0,0,1584
05/27/2021,CLT,NC,ASO,ES,Combined TRACON& Tower with Radar,1318,180,95,6,1599,0,8,23,1,32,1318,188,118,7,1631,0,0,0,1631
05/28/2021,CLT,NC,ASO,ES,Combined TRACON& Tower with Radar,1310,176,62,0,1548,0,3,8,1,12,1310,179,70,1,1560,0,0,0,1560
05/29/2021,CLT,NC,ASO,ES,Combined TRACON& Tower with Radar,1266,165,14,0,1445,0,1,14,1,16,1266,166,28,1,1461,0,0,0,1461
05/30/2021,CLT,NC,ASO,ES,Combined TRACON& Tower with Radar,1199,153,25,1,1378,0,2,5,1,8,1199,155,30,2,1386,0,0,0,1386
05/31/2021,CLT,NC,ASO,ES,Combined TRACON& Tower with Radar,1287,176,34,0,1497,0,0,7,0,7,1287,176,41,0,1504,0,0,0,1504
06/01/2021,CLT,NC,ASO,ES,Combined TRACON& Tower with Radar,1206,173,74,3,1456,0,0,16,2,18,1206,173,90,5,1474,0,0,0,1474
06/02/2021,CLT,NC,ASO,ES,Combined TRACON& Tower with Radar,1299,185,78,1,1563,0,8,6,0,14,1299,193,84,1,1577,0,0,0,1577
06/03/2021,CLT,NC,ASO,ES,Combined TRACON& Tower with Radar,1267,177,65,1,1510,0,0,9,0,9,1267,177,74,1,1519,0,0,0,1519
06/04/2021,CLT,NC,ASO,ES,Combined TRACON& Tower with Radar,1327,175,49,2,1553,0,0,9,1,10,1327,175,58,3,1563,0,0,0,1563
06/05/2021,CLT,NC,ASO,ES,Combined TRACON& Tower with Radar,1248,153,28,2,1431,0,1,6,0,7,1248,154,34,2,1438,0,0,0,1438
06/06/2021,CLT,NC,ASO,ES,Combined TRACON& Tower with Radar,1280,166,45,0,1491,0,2,7,0,9,1280,168,52,0,1500,0,0,0,1500
06/07/2021,CLT,NC,ASO,ES,Combined TRACON& Tower with Radar,1190,145,53,1,1389,0,0,4,0,4,1190,145,57,1,1393,0,0,0,1393
06/08/2021,CLT,NC,ASO,ES,Combined TRACON& Tower with Radar,1316,170,74,5,1565,0,0,13,0,13,1316,170,87,5,1578,0,0,0,1578
06/09/2021,CLT,NC,ASO,ES,Combined TRACON& Tower with Radar,1294,173,73,6,1546,0,0,13,0,13,1294,173,86,6,1559,0,0,0,1559
06/10/2021,CLT,NC,ASO,ES,Combined TRACON& Tower with Radar,1330,170,73,5,1578,0,1,11,0,12,1330,171,84,5,1590,0,0,0,1590
06/11/2021,CLT,NC,ASO,ES,Combined TRACON& Tower with Radar,1308,162,45,3,1518,0,2,13,0,15,1308,164,58,3,1533,0,0,0,1533
06/12/2021,CLT,NC,ASO,ES,Combined TRACON& Tower with Radar,1195,155,29,1,1380,0,0,4,0,4,1195,155,33,1,1384,0,0,0,1384
06/13/2021,CLT,NC,ASO,ES,Combined TRACON& Tower with Radar,1303,161,50,0,1514,0,2,3,0,5,1303,163,53,0,1519,0,0,0,1519
06/14/2021,CLT,NC,ASO,ES,Combined TRACON& Tower with Radar,1329,174,45,1,1549,0,5,9,0,14,1329,179,54,1,1563,0,0,0,1563
06/15/2021,CLT,NC,ASO,ES,Combined TRACON& Tower with Radar,1297,173,56,7,1533,0,1,12,5,18,1297,174,68,12,1551,0,0,0,1551
06/16/2021,CLT,NC,ASO,ES,Combined TRACON& Tower with Radar,1310,175,80,5,1570,0,4,18,2,24,1310,179,98,7,1594,0,0,0,1594
06/17/2021,CLT,NC,ASO,ES,Combined TRACON& Tower with Radar,1319,176,102,5,1602,0,6,14,0,20,1319,182,116,5,1622,0,0,0,1622
06/18/2021,CLT,NC,ASO,ES,Combined TRACON& Tower with Radar,1303,162,45,0,1510,0,5,10,0,15,1303,167,55,0,1525,0,0,0,1525
06/19/2021,CLT,NC,ASO,ES,Combined TRACON& Tower with Radar,1215,151,32,1,1399,0,2,9,0,11,1215,153,41,1,1410,0,0,0,1410
06/20/2021,CLT,NC,ASO,ES,Combined TRACON& Tower with Radar,1264,169,53,1,1487,0,0,1,0,1,1264,169,54,1,1488,0,0,0,1488
06/21/2021,CLT,NC,ASO,ES,Combined TRACON& Tower with Radar,1284,173,52,3,1512,0,1,12,2,15,1284,174,64,5,1527,0,0,0,1527
06/22/2021,CLT,NC,ASO,ES,Combined TRACON& Tower with Radar,1290,187,89,7,1573,0,1,4,0,5,1290,188,93,7,1578,0,0,0,1578
06/23/2021,CLT,NC,ASO,ES,Combined TRACON& Tower with Radar,1326,181,78,6,1591,0,3,17,0,20,1326,184,95,6,1611,0,0,0,1611
06/24/2021,CLT,NC,ASO,ES,Combined TRACON& Tower with Radar,1321,177,82,2,1582,0,11,14,3,28,1321,188,96,5,1610,0,0,0,1610
06/25/2021,CLT,NC,ASO,ES,Combined TRACON& Tower with Radar,1310,166,60,10,1546,0,5,17,0,22,1310,171,77,10,1568,0,0,0,1568
06/26/2021,CLT,NC,ASO,ES,Combined TRACON& Tower with Radar,1220,163,28,2,1413,0,3,12,1,16,1220,166,40,3,1429,0,0,0,1429
06/27/2021,CLT,NC,ASO,ES,Combined TRACON& Tower with Radar,1294,165,37,9,1505,0,3,6,0,9,1294,168,43,9,1514,0,0,0,1514
06/28/2021,CLT,NC,ASO,ES,Combined TRACON& Tower with Radar,1327,167,66,3,1563,0,5,10,0,15,1327,172,76,3,1578,0,0,0,1578
06/29/2021,CLT,NC,ASO,ES,Combined TRACON& Tower with Radar,1316,169,50,4,1539,0,0,16,0,16,1316,169,66,4,1555,0,0,0,1555
06/30/2021,CLT,NC,ASO,ES,Combined TRACON& Tower with Radar,1281,165,67,3,1516,0,1,7,0,8,1281,166,74,3,1524,0,0,0,1524
07/01/2021,CLT,NC,ASO,ES,Combined TRACON& Tower with Radar,1298,167,67,3,1535,0,9,7,0,16,1298,176,74,3,1551,0,0,0,1551
07/02/2021,CLT,NC,ASO,ES,Combined TRACON& Tower with Radar,1297,159,47,0,1503,0,0,7,0,7,1297,159,54,0,1510,0,0,0,1510
07/03/2021,CLT,NC,ASO,ES,Combined TRACON& Tower with Radar,1237,159,26,0,1422,0,0,9,0,9,1237,159,35,0,1431,0,0,0,1431
07/04/2021,CLT,NC,ASO,ES,Combined TRACON& Tower with Radar,1023,99,18,2,1142,0,1,4,2,7,1023,100,22,4,1149,0,0,0,1149
07/05/2021,CLT,NC,ASO,ES,Combined TRACON& Tower with Radar,1300,164,44,0,1508,0,0,6,0,6,1300,164,50,0,1514,0,0,0,1514
07/06/2021,CLT,NC,ASO,ES,Combined TRACON& Tower with Radar,1244,163,42,3,1452,0,5,11,0,16,1244,168,53,3,1468,0,0,0,1468
07/07/2021,CLT,NC,ASO,ES,Combined TRACON& Tower with Radar,1321,162,50,4,1537,0,3,24,2,29,1321,165,74,6,1566,0,0,0,1566
07/08/2021,CLT,NC,ASO,ES,Combined TRACON& Tower with Radar,1325,155,43,3,1526,0,1,14,0,15,1325,156,57,3,1541,0,0,0,1541
07/09/2021,CLT,NC,ASO,ES,Combined TRACON& Tower with Radar,1293,153,61,0,1507,0,4,14,2,20,1293,157,75,2,1527,0,0,0,1527
07/10/2021,CLT,NC,ASO,ES,Combined TRACON& Tower with Radar,1260,171,33,0,1464,0,0,6,0,6,1260,171,39,0,1470,0,0,0,1470
07/11/2021,CLT,NC,ASO,ES,Combined TRACON& Tower with Radar,1313,162,59,2,1536,0,2,2,0,4,1313,164,61,2,1540,0,0,0,1540
07/12/2021,CLT,NC,ASO,ES,Combined TRACON& Tower with Radar,1300,165,60,2,1527,0,3,13,0,16,1300,168,73,2,1543,0,0,0,1543
07/13/2021,CLT,NC,ASO,ES,Combined TRACON& Tower with Radar,1329,170,80,2,1581,0,6,12,5,23,1329,176,92,7,1604,0,0,0,1604
07/14/2021,CLT,NC,ASO,ES,Combined TRACON& Tower with Radar,1288,166,82,6,1542,0,4,7,2,13,1288,170,89,8,1555,0,0,0,1555
07/15/2021,CLT,NC,ASO,ES,Combined TRACON& Tower with Radar,1365,179,76,7,1627,0,5,10,1,16,1365,184,86,8,1643,0,0,0,1643
07/16/2021,CLT,NC,ASO,ES,Combined TRACON& Tower with Radar,1334,158,63,3,1558,0,0,18,0,18,1334,158,81,3,1576,0,0,0,1576
07/17/2021,CLT,NC,ASO,ES,Combined TRACON& Tower with Radar,1221,138,21,0,1380,0,0,4,0,4,1221,138,25,0,1384,0,0,0,1384
07/18/2021,CLT,NC,ASO,ES,Combined TRACON& Tower with Radar,1307,156,63,1,1527,0,0,1,0,1,1307,156,64,1,1528,0,0,0,1528
07/19/2021,CLT,NC,ASO,ES,Combined TRACON& Tower with Radar,1337,160,43,2,1542,0,0,1,0,1,1337,160,44,2,1543,0,0,0,1543
07/20/2021,CLT,NC,ASO,ES,Combined TRACON& Tower with Radar,1318,175,68,4,1565,0,6,8,2,16,1318,181,76,6,1581,0,0,0,1581
07/21/2021,CLT,NC,ASO,ES,Combined TRACON& Tower with Radar,1334,170,82,6,1592,0,0,20,3,23,1334,170,102,9,1615,0,0,0,1615
07/22/2021,CLT,NC,ASO,ES,Combined TRACON& Tower with Radar,1328,179,66,5,1578,0,3,27,1,31,1328,182,93,6,1609,0,0,0,1609
07/23/2021,CLT,NC,ASO,ES,Combined TRACON& Tower with Radar,1322,161,61,2,1546,0,1,14,0,15,1322,162,75,2,1561,0,0,0,1561
07/24/2021,CLT,NC,ASO,ES,Combined TRACON& Tower with Radar,1254,153,33,1,1441,0,2,7,0,9,1254,155,40,1,1450,0,0,0,1450
07/25/2021,CLT,NC,ASO,ES,Combined TRACON& Tower with Radar,1311,164,55,1,1531,0,0,6,0,6,1311,164,61,1,1537,0,0,0,1537
07/26/2021,CLT,NC,ASO,ES,Combined TRACON& Tower with Radar,1107,130,60,3,1300,0,1,5,0,6,1107,131,65,3,1306,0,0,0,1306
07/27/2021,CLT,NC,ASO,ES,Combined TRACON& Tower with Radar,1299,168,59,6,1532,0,1,13,0,14,1299,169,72,6,1546,0,0,0,1546
07/28/2021,CLT,NC,ASO,ES,Combined TRACON& Tower with Radar,1328,164,92,3,1587,0,6,22,0,28,1328,170,114,3,1615,0,0,0,1615
07/29/2021,CLT,NC,ASO,ES,Combined TRACON& Tower with Radar,1328,169,93,9,1599,0,4,28,0,32,1328,173,121,9,1631,0,0,0,1631
07/30/2021,CLT,NC,ASO,ES,Combined TRACON& Tower with Radar,1325,157,61,2,1545,0,4,13,1,18,1325,161,74,3,1563,0,0,0,1563
07/31/2021,CLT,NC,ASO,ES,Combined TRACON& Tower with Radar,1201,148,33,0,1382,0,1,13,0,14,1201,149,46,0,1396,0,0,0,1396
08/01/2021,CLT,NC,ASO,ES,Combined TRACON& Tower with Radar,1278,168,61,4,1511,0,1,1,0,2,1278,169,62,4,1513,0,0,0,1513
08/02/2021,CLT,NC,ASO,ES,Combined TRACON& Tower with Radar,1253,161,68,2,1484,0,6,8,4,18,1253,167,76,6,1502,0,0,0,1502
08/03/2021,CLT,NC,ASO,ES,Combined TRACON& Tower with Radar,1263,174,61,3,1501,0,0,11,0,11,1263,174,72,3,1512,0,0,0,1512
08/04/2021,CLT,NC,ASO,ES,Combined TRACON& Tower with Radar,1318,171,55,3,1547,0,4,19,1,24,1318,175,74,4,1571,0,0,0,1571
08/05/2021,CLT,NC,ASO,ES,Combined TRACON& Tower with Radar,1333,173,72,5,1583,0,1,26,0,27,1333,174,98,5,1610,0,0,0,1610
08/06/2021,CLT,NC,ASO,ES,Combined TRACON& Tower with Radar,1321,168,58,0,1547,0,5,14,0,19,1321,173,72,0,1566,0,0,0,1566
08/07/2021,CLT,NC,ASO,ES,Combined TRACON& Tower with Radar,1231,153,29,4,1417,0,1,11,0,12,1231,154,40,4,1429,0,0,0,1429
08/08/2021,CLT,NC,ASO,ES,Combined TRACON& Tower with Radar,1313,161,36,0,1510,0,3,4,2,9,1313,164,40,2,1519,0,0,0,1519
08/09/2021,CLT,NC,ASO,ES,Combined TRACON& Tower with Radar,1302,161,45,1,1509,0,1,6,0,7,1302,162,51,1,1516,0,0,0,1516
08/10/2021,CLT,NC,ASO,ES,Combined TRACON& Tower with Radar,1280,161,59,2,1502,0,3,17,0,20,1280,164,76,2,1522,0,0,0,1522
08/11/2021,CLT,NC,ASO,ES,Combined TRACON& Tower with Radar,1270,166,65,5,1506,0,0,13,0,13,1270,166,78,5,1519,0,0,0,1519
08/12/2021,CLT,NC,ASO,ES,Combined TRACON& Tower with Radar,1348,172,68,4,1592,0,2,13,1,16,1348,174,81,5,1608,0,0,0,1608
08/13/2021,CLT,NC,ASO,ES,Combined TRACON& Tower with Radar,1257,147,50,7,1461,0,3,13,5,21,1257,150,63,12,1482,0,0,0,1482
08/14/2021,CLT,NC,ASO,ES,Combined TRACON& Tower with Radar,1084,130,38,12,1264,0,0,3,0,3,1084,130,41,12,1267,0,0,0,1267
08/15/2021,CLT,NC,ASO,ES,Combined TRACON& Tower with Radar,1192,161,67,2,1422,0,0,4,0,4,1192,161,71,2,1426,0,0,0,1426
08/16/2021,CLT,NC,ASO,ES,Combined TRACON& Tower with Radar,1304,161,63,2,1530,0,1,3,0,4,1304,162,66,2,1534,0,0,0,1534
08/17/2021,CLT,NC,ASO,ES,Combined TRACON& Tower with Radar,1131,136,57,2,1326,0,0,0,0,0,1131,136,57,2,1326,0,0,0,1326
08/18/2021,CLT,NC,ASO,ES,Combined TRACON& Tower with Radar,1223,141,80,0,1444,0,6,6,5,17,1223,147,86,5,1461,0,0,0,1461
08/19/2021,CLT,NC,ASO,ES,Combined TRACON& Tower with Radar,1292,151,70,4,1517,0,7,8,2,17,1292,158,78,6,1534,0,0,0,1534
08/20/2021,CLT,NC,ASO,ES,Combined TRACON& Tower with Radar,1358,149,64,2,1573,0,3,8,0,11,1358,152,72,2,1584,0,0,0,1584
08/21/2021,CLT,NC,ASO,ES,Combined TRACON& Tower with Radar,1139,140,39,1,1319,0,0,13,1,14,1139,140,52,2,1333,0,0,0,1333
08/22/2021,CLT,NC,ASO,ES,Combined TRACON& Tower with Radar,1318,149,36,0,1503,0,0,5,0,5,1318,149,41,0,1508,0,0,0,1508
08/23/2021,CLT,NC,ASO,ES,Combined TRACON& Tower with Radar,1166,133,45,3,1347,0,4,10,1,15,1166,137,55,4,1362,0,0,0,1362
08/24/2021,CLT,NC,ASO,ES,Combined TRACON& Tower with Radar,1154,134,83,5,1376,0,5,18,1,24,1154,139,101,6,1400,0,0,0,1400
08/25/2021,CLT,NC,ASO,ES,Combined TRACON& Tower with Radar,1190,131,66,4,1391,0,7,16,2,25,1190,138,82,6,1416,0,0,0,1416
08/26/2021,CLT,NC,ASO,ES,Combined TRACON& Tower with Radar,1331,157,74,7,1569,0,4,12,2,18,1331,161,86,9,1587,0,0,0,1587
08/27/2021,CLT,NC,ASO,ES,Combined TRACON& Tower with Radar,1340,160,73,0,1573,0,6,16,3,25,1340,166,89,3,1598,0,0,0,1598
08/28/2021,CLT,NC,ASO,ES,Combined TRACON& Tower with Radar,1145,130,24,0,1299,0,1,12,0,13,1145,131,36,0,1312,0,0,0,1312
08/29/2021,CLT,NC,ASO,ES,Combined TRACON& Tower with Radar,1301,154,47,0,1502,0,0,5,0,5,1301,154,52,0,1507,0,0,0,1507
08/30/2021,CLT,NC,ASO,ES,Combined TRACON& Tower with Radar,1138,132,55,0,1325,0,5,12,0,17,1138,137,67,0,1342,0,0,0,1342
08/31/2021,CLT,NC,ASO,ES,Combined TRACON& Tower with Radar,1133,147,63,0,1343,0,0,8,1,9,1133,147,71,1,1352,0,0,0,1352
09/01/2021,CLT,NC,ASO,ES,Combined TRACON& Tower with Radar,1104,129,42,0,1275,0,0,11,0,11,1104,129,53,0,1286,0,0,0,1286
09/02/2021,CLT,NC,ASO,ES,Combined TRACON& Tower with Radar,1322,146,84,4,1556,0,11,20,0,31,1322,157,104,4,1587,0,0,0,1587
09/03/2021,CLT,NC,ASO,ES,Combined TRACON& Tower with Radar,1328,170,104,1,1603,0,8,25,1,34,1328,178,129,2,1637,0,0,0,1637
09/04/2021,CLT,NC,ASO,ES,Combined TRACON& Tower with Radar,1155,170,91,0,1416,0,1,15,0,16,1155,171,106,0,1432,0,0,0,1432
09/05/2021,CLT,NC,ASO,ES,Combined TRACON& Tower with Radar,838,141,118,0,1097,0,1,9,0,10,838,142,127,0,1107,0,0,0,1107
09/06/2021,CLT,NC,ASO,ES,Combined TRACON& Tower with Radar,1068,114,36,1,1219,0,0,6,0,6,1068,114,42,1,1225,0,0,0,1225
09/07/2021,CLT,NC,ASO,ES,Combined TRACON& Tower with Radar,1121,128,70,5,1324,0,4,18,2,24,1121,132,88,7,1348,0,0,0,1348
09/08/2021,CLT,NC,ASO,ES,Combined TRACON& Tower with Radar,1055,101,60,3,1219,0,4,15,0,19,1055,105,75,3,1238,0,0,0,1238
09/09/2021,CLT,NC,ASO,ES,Combined TRACON& Tower with Radar,1355,144,71,2,1572,0,0,13,0,13,1355,144,84,2,1585,0,0,0,1585
09/10/2021,CLT,NC,ASO,ES,Combined TRACON& Tower with Radar,1364,150,64,0,1578,0,4,17,0,21,1364,154,81,0,1599,0,0,0,1599
09/11/2021,CLT,NC,ASO,ES,Combined TRACON& Tower with Radar,1154,135,27,5,1321,0,1,15,0,16,1154,136,42,5,1337,0,0,0,1337
09/12/2021,CLT,NC,ASO,ES,Combined TRACON& Tower with Radar,1353,158,71,5,1587,0,0,5,1,6,1353,158,76,6,1593,0,0,0,1593
09/13/2021,CLT,NC,ASO,ES,Combined TRACON& Tower with Radar,1189,140,73,1,1403,0,6,11,1,18,1189,146,84,2,1421,0,0,0,1421
09/14/2021,CLT,NC,ASO,ES,Combined TRACON& Tower with Radar,1065,110,47,7,1229,0,1,18,1,20,1065,111,65,8,1249,0,0,0,1249
09/15/2021,CLT,NC,ASO,ES,Combined TRACON& Tower with Radar,1087,106,78,3,1274,0,0,10,0,10,1087,106,88,3,1284,0,0,0,1284
09/16/2021,CLT,NC,ASO,ES,Combined TRACON& Tower with Radar,1369,154,69,5,1597,0,3,16,1,20,1369,157,85,6,1617,0,0,0,1617
09/17/2021,CLT,NC,ASO,ES,Combined TRACON& Tower with Radar,1357,154,55,0,1566,0,1,12,0,13,1357,155,67,0,1579,0,0,0,1579
09/18/2021,CLT,NC,ASO,ES,Combined TRACON& Tower with Radar,1167,116,32,4,1319,0,3,15,0,18,1167,119,47,4,1337,0,0,0,1337
09/19/2021,CLT,NC,ASO,ES,Combined TRACON& Tower with Radar,1346,152,79,0,1577,0,3,6,2,11,1346,155,85,2,1588,0,0,0,1588
09/20/2021,CLT,NC,ASO,ES,Combined TRACON& Tower with Radar,1179,134,77,0,1390,0,0,9,0,9,1179,134,86,0,1399,0,0,0,1399
09/21/2021,CLT,NC,ASO,ES,Combined TRACON& Tower with Radar,1070,115,60,5,1250,0,0,0,0,0,1070,115,60,5,1250,0,0,0,1250
09/22/2021,CLT,NC,ASO,ES,Combined TRACON& Tower with Radar,1079,106,80,1,1266,0,1,0,0,1,1079,107,80,1,1267,0,0,0,1267
09/23/2021,CLT,NC,ASO,ES,Combined TRACON& Tower with Radar,1323,158,76,3,1560,0,5,29,3,37,1323,163,105,6,1597,0,0,0,1597
09/24/2021,CLT,NC,ASO,ES,Combined TRACON& Tower with Radar,1365,152,64,5,1586,0,5,28,0,33,1365,157,92,5,1619,0,0,0,1619
09/25/2021,CLT,NC,ASO,ES,Combined TRACON& Tower with Radar,1178,117,29,5,1329,0,0,12,0,12,1178,117,41,5,1341,0,0,0,1341
09/26/2021,CLT,NC,ASO,ES,Combined TRACON& Tower with Radar,1334,152,51,5,1542,0,2,10,0,12,1334,154,61,5,1554,0,0,0,1554
09/27/2021,CLT,NC,ASO,ES,Combined TRACON& Tower with Radar,1201,137,70,0,1408,0,6,6,0,12,1201,143,76,0,1420,0,0,0,1420
09/28/2021,CLT,NC,ASO,ES,Combined TRACON& Tower with Radar,1068,109,87,1,1265,0,0,20,0,20,1068,109,107,1,1285,0,0,0,1285
09/29/2021,CLT,NC,ASO,ES,Combined TRACON& Tower with Radar,1080,114,57,2,1253,0,4,23,0,27,1080,118,80,2,1280,0,0,0,1280
09/30/2021,CLT,NC,ASO,ES,Combined TRACON& Tower with Radar,1354,174,76,2,1606,0,2,18,0,20,1354,176,94,2,1626,0,0,0,1626
10/01/2021,CLT,NC,ASO,ES,Combined TRACON& Tower with Radar,1359,172,72,0,1603,0,2,29,1,32,1359,174,101,1,1635,0,0,0,1635
10/02/2021,CLT,NC,ASO,ES,Combined TRACON& Tower with Radar,1159,130,34,1,1324,0,1,14,0,15,1159,131,48,1,1339,0,0,0,1339
10/03/2021,CLT,NC,ASO,ES,Combined TRACON& Tower with Radar,1341,150,72,0,1563,0,1,9,0,10,1341,151,81,0,1573,0,0,0,1573
10/04/2021,CLT,NC,ASO,ES,Combined TRACON& Tower with Radar,1183,147,50,3,1383,0,2,13,3,18,1183,149,63,6,1401,0,0,0,1401
10/05/2021,CLT,NC,ASO,ES,Combined TRACON& Tower with Radar,1074,118,81,6,1279,0,3,14,0,17,1074,121,95,6,1296,0,0,0,1296
10/06/2021,CLT,NC,ASO,ES,Combined TRACON& Tower with Radar,1100,121,90,2,1313,0,4,10,4,18,1100,125,100,6,1331,0,0,0,1331
10/07/2021,CLT,NC,ASO,ES,Combined TRACON& Tower with Radar,1336,171,72,5,1584,0,1,6,0,7,1336,172,78,5,1591,0,0,0,1591
10/08/2021,CLT,NC,ASO,ES,Combined TRACON& Tower with Radar,1296,167,70,0,1533,0,0,0,1,1,1296,167,70,1,1534,0,0,0,1534
10/09/2021,CLT,NC,ASO,ES,Combined TRACON& Tower with Radar,1126,148,40,0,1314,0,2,4,0,6,1126,150,44,0,1320,0,0,0,1320
10/10/2021,CLT,NC,ASO,ES,Combined TRACON& Tower with Radar,1292,182,91,1,1566,0,2,8,1,11,1292,184,99,2,1577,0,0,0,1577
10/11/2021,CLT,NC,ASO,ES,Combined TRACON& Tower with Radar,1319,183,66,0,1568,0,1,6,2,9,1319,184,72,2,1577,0,0,0,1577
10/12/2021,CLT,NC,ASO,ES,Combined TRACON& Tower with Radar,1171,171,86,5,1433,0,7,17,1,25,1171,178,103,6,1458,0,0,0,1458
10/13/2021,CLT,NC,ASO,ES,Combined TRACON& Tower with Radar,1320,193,93,3,1609,0,4,17,2,23,1320,197,110,5,1632,0,0,0,1632
10/14/2021,CLT,NC,ASO,ES,Combined TRACON& Tower with Radar,1320,176,63,2,1561,0,2,19,0,21,1320,178,82,2,1582,0,0,0,1582
10/15/2021,CLT,NC,ASO,ES,Combined TRACON& Tower with Radar,1335,175,71,0,1581,0,4,19,0,23,1335,179,90,0,1604,0,0,0,1604
10/16/2021,CLT,NC,ASO,ES,Combined TRACON& Tower with Radar,1136,127,28,0,1291,0,3,7,0,10,1136,130,35,0,1301,0,0,0,1301
10/17/2021,CLT,NC,ASO,ES,Combined TRACON& Tower with Radar,1314,179,78,0,1571,0,4,7,0,11,1314,183,85,0,1582,0,0,0,1582
10/18/2021,CLT,NC,ASO,ES,Combined TRACON& Tower with Radar,1307,175,71,2,1555,0,8,13,0,21,1307,183,84,2,1576,0,0,0,1576
10/19/2021,CLT,NC,ASO,ES,Combined TRACON& Tower with Radar,1185,149,75,6,1415,0,4,14,0,18,1185,153,89,6,1433,0,0,0,1433
10/20/2021,CLT,NC,ASO,ES,Combined TRACON& Tower with Radar,1341,188,92,2,1623,0,1,18,2,21,1341,189,110,4,1644,0,0,0,1644
10/21/2021,CLT,NC,ASO,ES,Combined TRACON& Tower with Radar,1344,177,82,6,1609,0,4,15,0,19,1344,181,97,6,1628,0,0,0,1628
10/22/2021,CLT,NC,ASO,ES,Combined TRACON& Tower with Radar,1334,171,71,1,1577,0,2,14,0,16,1334,173,85,1,1593,0,0,0,1593
10/23/2021,CLT,NC,ASO,ES,Combined TRACON& Tower with Radar,1134,139,43,0,1316,0,5,7,0,12,1134,144,50,0,1328,0,0,0,1328
10/24/2021,CLT,NC,ASO,ES,Combined TRACON& Tower with Radar,1330,172,70,1,1573,0,0,2,0,2,1330,172,72,1,1575,0,0,0,1575
10/25/2021,CLT,NC,ASO,ES,Combined TRACON& Tower with Radar,1328,172,59,3,1562,0,0,6,4,10,1328,172,65,7,1572,0,0,0,1572
10/26/2021,CLT,NC,ASO,ES,Combined TRACON& Tower with Radar,1178,154,84,6,1422,0,8,14,2,24,1178,162,98,8,1446,0,0,0,1446
10/27/2021,CLT,NC,ASO,ES,Combined TRACON& Tower with Radar,1339,175,76,6,1596,0,7,13,4,24,1339,182,89,10,1620,0,0,0,1620
10/28/2021,CLT,NC,ASO,ES,Combined TRACON& Tower with Radar,1316,177,102,2,1597,0,0,6,2,8,1316,177,108,4,1605,0,0,0,1605
10/29/2021,CLT,NC,ASO,ES,Combined TRACON& Tower with Radar,1272,158,81,1,1512,0,2,10,0,12,1272,160,91,1,1524,0,0,0,1524
10/30/2021,CLT,NC,ASO,ES,Combined TRACON& Tower with Radar,981,138,50,0,1169,0,0,2,0,2,981,138,52,0,1171,0,0,0,1171
10/31/2021,CLT,NC,ASO,ES,Combined TRACON& Tower with Radar,867,160,64,1,1092,0,1,6,0,7,867,161,70,1,1099,0,0,0,1099
11/01/2021,CLT,NC,ASO,ES,Combined TRACON& Tower with Radar,1170,173,94,1,1438,0,4,8,2,14,1170,177,102,3,1452,0,0,0,1452
11/02/2021,CLT,NC,ASO,ES,Combined TRACON& Tower with Radar,958,145,79,4,1186,0,5,12,1,18,958,150,91,5,1204,0,0,0,1204
11/03/2021,CLT,NC,ASO,ES,Combined TRACON& Tower with Radar,1155,180,97,2,1434,0,3,22,0,25,1155,183,119,2,1459,0,0,0,1459
11/04/2021,CLT,NC,ASO,ES,Combined TRACON& Tower with Radar,1253,195,88,4,1540,0,0,7,0,7,1253,195,95,4,1547,0,0,0,1547
11/05/2021,CLT,NC,ASO,ES,Combined TRACON& Tower with Radar,1259,190,87,0,1536,0,8,23,0,31,1259,198,110,0,1567,0,0,0,1567
11/06/2021,CLT,NC,ASO,ES,Combined TRACON& Tower with Radar,1053,163,42,0,1258,0,0,7,0,7,1053,163,49,0,1265,0,0,0,1265
11/07/2021,CLT,NC,ASO,ES,Combined TRACON& Tower with Radar,1126,193,72,3,1394,0,4,12,0,16,1126,197,84,3,1410,0,0,0,1410
11/08/2021,CLT,NC,ASO,ES,Combined TRACON& Tower with Radar,1240,204,78,0,1522,0,1,10,2,13,1240,205,88,2,1535,0,0,0,1535
11/09/2021,CLT,NC,ASO,ES,Combined TRACON& Tower with Radar,983,156,82,4,1225,0,5,14,3,22,983,161,96,7,1247,0,0,0,1247
11/10/2021,CLT,NC,ASO,ES,Combined TRACON& Tower with Radar,1163,181,90,2,1436,0,3,19,2,24,1163,184,109,4,1460,0,0,0,1460
11/11/2021,CLT,NC,ASO,ES,Combined TRACON& Tower with Radar,1254,200,85,1,1540,0,5,15,2,22,1254,205,100,3,1562,0,0,0,1562
11/12/2021,CLT,NC,ASO,ES,Combined TRACON& Tower with Radar,1250,187,85,2,1524,0,2,16,1,19,1250,189,101,3,1543,0,0,0,1543
11/13/2021,CLT,NC,ASO,ES,Combined TRACON& Tower with Radar,1054,156,47,0,1257,0,0,8,0,8,1054,156,55,0,1265,0,0,0,1265
11/14/2021,CLT,NC,ASO,ES,Combined TRACON& Tower with Radar,1146,187,63,1,1397,0,1,6,0,7,1146,188,69,1,1404,0,0,0,1404
11/15/2021,CLT,NC,ASO,ES,Combined TRACON& Tower with Radar,1256,209,71,1,1537,0,6,12,1,19,1256,215,83,2,1556,0,0,0,1556
11/16/2021,CLT,NC,ASO,ES,Combined TRACON& Tower with Radar,994,154,89,4,1241,0,2,12,0,14,994,156,101,4,1255,0,0,0,1255
11/17/2021,CLT,NC,ASO,ES,Combined TRACON& Tower with Radar,1160,180,92,2,1434,0,5,11,2,18,1160,185,103,4,1452,0,0,0,1452
11/18/2021,CLT,NC,ASO,ES,Combined TRACON& Tower with Radar,1291,192,83,4,1570,0,5,14,0,19,1291,197,97,4,1589,0,0,0,1589
11/19/2021,CLT,NC,ASO,ES,Combined TRACON& Tower with Radar,1328,188,84,4,1604,0,4,13,1,18,1328,192,97,5,1622,0,0,0,1622
11/20/2021,CLT,NC,ASO,ES,Combined TRACON& Tower with Radar,1080,158,43,1,1282,0,0,7,0,7,1080,158,50,1,1289,0,0,0,1289
11/21/2021,CLT,NC,ASO,ES,Combined TRACON& Tower with Radar,1176,184,63,1,1424,0,0,4,3,7,1176,184,67,4,1431,0,0,0,1431
11/22/2021,CLT,NC,ASO,ES,Combined TRACON& Tower with Radar,1222,179,54,1,1456,0,1,8,1,10,1222,180,62,2,1466,0,0,0,1466
11/23/2021,CLT,NC,ASO,ES,Combined TRACON& Tower with Radar,1313,178,75,6,1572,0,5,10,0,15,1313,183,85,6,1587,0,0,0,1587
11/24/2021,CLT,NC,ASO,ES,Combined TRACON& Tower with Radar,1323,181,60,1,1565,0,7,9,0,16,1323,188,69,1,1581,0,0,0,1581
11/25/2021,CLT,NC,ASO,ES,Combined TRACON& Tower with Radar,548,65,20,0,633,0,3,4,0,7,548,68,24,0,640,0,0,0,640
11/26/2021,CLT,NC,ASO,ES,Combined TRACON& Tower with Radar,1102,151,39,0,1292,0,2,14,0,16,1102,153,53,0,1308,0,0,0,1308
11/27/2021,CLT,NC,ASO,ES,Combined TRACON& Tower with Radar,1336,188,37,0,1561,0,2,5,0,7,1336,190,42,0,1568,0,0,0,1568
11/28/2021,CLT,NC,ASO,ES,Combined TRACON& Tower with Radar,1417,210,65,2,1694,0,0,0,0,0,1417,210,65,2,1694,0,0,0,1694
11/29/2021,CLT,NC,ASO,ES,Combined TRACON& Tower with Radar,1369,188,61,4,1622,0,4,6,0,10,1369,192,67,4,1632,0,0,0,1632
11/30/2021,CLT,NC,ASO,ES,Combined TRACON& Tower with Radar,1314,186,93,6,1599,0,2,11,0,13,1314,188,104,6,1612,0,0,0,1612
12/01/2021,CLT,NC,ASO,ES,Combined TRACON& Tower with Radar,1173,178,100,5,1456,0,1,16,0,17,1173,179,116,5,1473,0,0,0,1473
12/02/2021,CLT,NC,ASO,ES,Combined TRACON& Tower with Radar,1281,216,90,4,1591,0,0,14,0,14,1281,216,104,4,1605,0,0,0,1605
12/03/2021,CLT,NC,ASO,ES,Combined TRACON& Tower with Radar,1279,208,63,0,1550,0,3,16,0,19,1279,211,79,0,1569,0,0,0,1569
12/04/2021,CLT,NC,ASO,ES,Combined TRACON& Tower with Radar,1067,180,47,5,1299,0,5,12,0,17,1067,185,59,5,1316,0,0,0,1316
12/05/2021,CLT,NC,ASO,ES,Combined TRACON& Tower with Radar,1175,208,65,4,1452,0,0,4,0,4,1175,208,69,4,1456,0,0,0,1456
12/06/2021,CLT,NC,ASO,ES,Combined TRACON& Tower with Radar,1099,191,66,0,1356,0,3,13,0,16,1099,194,79,0,1372,0,0,0,1372
12/07/2021,CLT,NC,ASO,ES,Combined TRACON& Tower with Radar,984,178,96,5,1263,0,3,9,0,12,984,181,105,5,1275,0,0,0,1275
12/08/2021,CLT,NC,ASO,ES,Combined TRACON& Tower with Radar,1152,210,96,4,1462,0,1,14,1,16,1152,211,110,5,1478,0,0,0,1478
12/09/2021,CLT,NC,ASO,ES,Combined TRACON& Tower with Radar,1263,228,76,5,1572,0,4,21,0,25,1263,232,97,5,1597,0,0,0,1597
12/10/2021,CLT,NC,ASO,ES,Combined TRACON& Tower with Radar,1266,190,76,1,1533,0,0,2,2,4,1266,190,78,3,1537,0,0,0,1537
12/11/2021,CLT,NC,ASO,ES,Combined TRACON& Tower with Radar,1039,162,18,1,1220,0,1,3,0,4,1039,163,21,1,1224,0,0,0,1224
12/12/2021,CLT,NC,ASO,ES,Combined TRACON& Tower with Radar,1142,188,64,0,1394,0,0,6,1,7,1142,188,70,1,1401,0,0,0,1401
12/13/2021,CLT,NC,ASO,ES,Combined TRACON& Tower with Radar,1116,186,61,2,1365,0,3,23,2,28,1116,189,84,4,1393,0,0,0,1393
12/14/2021,CLT,NC,ASO,ES,Combined TRACON& Tower with Radar,994,170,101,5,1270,0,7,13,1,21,994,177,114,6,1291,0,0,0,1291
12/15/2021,CLT,NC,ASO,ES,Combined TRACON& Tower with Radar,1151,198,91,5,1445,0,4,20,4,28,1151,202,111,9,1473,0,0,0,1473
12/16/2021,CLT,NC,ASO,ES,Combined TRACON& Tower with Radar,1217,198,91,5,1511,0,4,18,5,27,1217,202,109,10,1538,0,0,0,1538
12/17/2021,CLT,NC,ASO,ES,Combined TRACON& Tower with Radar,1222,198,83,4,1507,0,5,15,0,20,1222,203,98,4,1527,0,0,0,1527
12/18/2021,CLT,NC,ASO,ES,Combined TRACON& Tower with Radar,1129,172,48,0,1349,0,0,1,0,1,1129,172,49,0,1350,0,0,0,1350
12/19/2021,CLT,NC,ASO,ES,Combined TRACON& Tower with Radar,1211,193,34,0,1438,0,0,2,0,2,1211,193,36,0,1440,0,0,0,1440
12/20/2021,CLT,NC,ASO,ES,Combined TRACON& Tower with Radar,1219,193,48,4,1464,0,1,9,0,10,1219,194,57,4,1474,0,0,0,1474
12/21/2021,CLT,NC,ASO,ES,Combined TRACON& Tower with Radar,1214,185,62,4,1465,0,1,8,0,9,1214,186,70,4,1474,0,0,0,1474
12/22/2021,CLT,NC,ASO,ES,Combined TRACON& Tower with Radar,1225,192,37,0,1454,0,7,22,2,31,1225,199,59,2,1485,0,0,0,1485
12/23/2021,CLT,NC,ASO,ES,Combined TRACON& Tower with Radar,1214,188,42,0,1444,0,3,17,0,20,1214,191,59,0,1464,0,0,0,1464
12/24/2021,CLT,NC,ASO,ES,Combined TRACON& Tower with Radar,879,138,15,0,1032,0,0,3,0,3,879,138,18,0,1035,0,0,0,1035
12/25/2021,CLT,NC,ASO,ES,Combined TRACON& Tower with Radar,983,150,14,0,1147,0,0,3,0,3,983,150,17,0,1150,0,0,0,1150
12/26/2021,CLT,NC,ASO,ES,Combined TRACON& Tower with Radar,1152,203,62,0,1417,0,0,6,0,6,1152,203,68,0,1423,0,0,0,1423
12/27/2021,CLT,NC,ASO,ES,Combined TRACON& Tower with Radar,1162,199,55,0,1416,0,0,8,2,10,1162,199,63,2,1426,0,0,0,1426
12/28/2021,CLT,NC,ASO,ES,Combined TRACON& Tower with Radar,1180,180,40,4,1404,0,1,6,0,7,1180,181,46,4,1411,0,0,0,1411
12/29/2021,CLT,NC,ASO,ES,Combined TRACON& Tower with Radar,1186,191,45,1,1423,0,3,4,1,8,1186,194,49,2,1431,0,0,0,1431
12/30/2021,CLT,NC,ASO,ES,Combined TRACON& Tower with Radar,1184,198,44,2,1428,0,0,2,0,2,1184,198,46,2,1430,0,0,0,1430
12/31/2021,CLT,NC,ASO,ES,Combined TRACON& Tower with Radar,874,130,21,0,1025,0,0,8,0,8,874,130,29,0,1033,0,0,0,1033
01/01/2022,CLT,NC,ASO,ES,Combined TRACON& Tower with Radar,948,156,20,0,1124,0,2,2,0,4,948,158,22,0,1128,0,0,0,1128
01/02/2022,CLT,NC,ASO,ES,Combined TRACON& Tower with Radar,1154,190,49,0,1393,0,0,0,0,0,1154,190,49,0,1393,0,0,0,1393
01/03/2022,CLT,NC,ASO,ES,Combined TRACON& Tower with Radar,1154,152,42,1,1349,0,2,2,0,4,1154,154,44,1,1353,0,0,0,1353
01/04/2022,CLT,NC,ASO,ES,Combined TRACON& Tower with Radar,1010,138,43,4,1195,0,0,8,0,8,1010,138,51,4,1203,0,0,0,1203
01/05/2022,CLT,NC,ASO,ES,Combined TRACON& Tower with Radar,1146,159,50,3,1358,0,3,16,6,25,1146,162,66,9,1383,0,0,0,1383
01/06/2022,CLT,NC,ASO,ES,Combined TRACON& Tower with Radar,1199,164,50,4,1417,0,1,11,4,16,1199,165,61,8,1433,0,0,0,1433
01/07/2022,CLT,NC,ASO,ES,Combined TRACON& Tower with Radar,1174,169,37,1,1381,0,3,6,0,9,1174,172,43,1,1390,0,0,0,1390
01/08/2022,CLT,NC,ASO,ES,Combined TRACON& Tower with Radar,976,139,38,0,1153,0,0,6,0,6,976,139,44,0,1159,0,0,0,1159
01/09/2022,CLT,NC,ASO,ES,Combined TRACON& Tower with Radar,1117,165,45,1,1328,0,0,0,0,0,1117,165,45,1,1328,0,0,0,1328
01/10/2022,CLT,NC,ASO,ES,Combined TRACON& Tower with Radar,1062,151,51,1,1265,0,2,7,4,13,1062,153,58,5,1278,0,0,0,1278
01/11/2022,CLT,NC,ASO,ES,Combined TRACON& Tower with Radar,1016,130,67,4,1217,0,5,20,2,27,1016,135,87,6,1244,0,0,0,1244
01/12/2022,CLT,NC,ASO,ES,Combined TRACON& Tower with Radar,1154,170,53,3,1380,0,7,8,2,17,1154,177,61,5,1397,0,0,0,1397
01/13/2022,CLT,NC,ASO,ES,Combined TRACON& Tower with Radar,1235,183,75,8,1501,0,0,12,0,12,1235,183,87,8,1513,0,0,0,1513
01/14/2022,CLT,NC,ASO,ES,Combined TRACON& Tower with Radar,1225,174,51,1,1451,0,1,10,8,19,1225,175,61,9,1470,0,0,0,1470
01/15/2022,CLT,NC,ASO,ES,Combined TRACON& Tower with Radar,935,152,34,2,1123,0,0,2,0,2,935,152,36,2,1125,0,0,0,1125
01/16/2022,CLT,NC,ASO,ES,Combined TRACON& Tower with Radar,40,8,6,0,54,0,0,0,0,0,40,8,6,0,54,0,0,0,54
01/17/2022,CLT,NC,ASO,ES,Combined TRACON& Tower with Radar,713,109,57,0,879,0,6,9,2,17,713,115,66,2,896,0,0,0,896
01/18/2022,CLT,NC,ASO,ES,Combined TRACON& Tower with Radar,1012,138,59,4,1213,0,1,12,9,22,1012,139,71,13,1235,0,0,0,1235
01/19/2022,CLT,NC,ASO,ES,Combined TRACON& Tower with Radar,1141,159,70,6,1376,0,2,11,6,19,1141,161,81,12,1395,0,0,0,1395
01/20/2022,CLT,NC,ASO,ES,Combined TRACON& Tower with Radar,1213,170,72,2,1457,0,0,4,2,6,1213,170,76,4,1463,0,0,0,1463
01/21/2022,CLT,NC,ASO,ES,Combined TRACON& Tower with Radar,1090,150,37,0,1277,0,1,6,0,7,1090,151,43,0,1284,0,0,0,1284
01/22/2022,CLT,NC,ASO,ES,Combined TRACON& Tower with Radar,858,123,24,0,1005,0,3,3,1,7,858,126,27,1,1012,0,0,0,1012
01/23/2022,CLT,NC,ASO,ES,Combined TRACON& Tower with Radar,1136,163,58,0,1357,0,0,4,1,5,1136,163,62,1,1362,0,0,0,1362
01/24/2022,CLT,NC,ASO,ES,Combined TRACON& Tower with Radar,1097,162,31,1,1291,0,1,13,2,16,1097,163,44,3,1307,0,0,0,1307
01/25/2022,CLT,NC,ASO,ES,Combined TRACON& Tower with Radar,1021,137,34,5,1197,0,0,14,2,16,1021,137,48,7,1213,0,0,0,1213
01/26/2022,CLT,NC,ASO,ES,Combined TRACON& Tower with Radar,1157,180,60,6,1403,0,3,20,4,27,1157,183,80,10,1430,0,0,0,1430
01/27/2022,CLT,NC,ASO,ES,Combined TRACON& Tower with Radar,1243,177,73,5,1498,0,3,17,5,25,1243,180,90,10,1523,0,0,0,1523
01/28/2022,CLT,NC,ASO,ES,Combined TRACON& Tower with Radar,1185,162,50,0,1397,0,0,14,1,15,1185,162,64,1,1412,0,0,0,1412
01/29/2022,CLT,NC,ASO,ES,Combined TRACON& Tower with Radar,872,131,9,0,1012,0,2,5,0,7,872,133,14,0,1019,0,0,0,1019
01/30/2022,CLT,NC,ASO,ES,Combined TRACON& Tower with Radar,1073,168,40,1,1282,0,3,1,0,4,1073,171,41,1,1286,0,0,0,1286
01/31/2022,CLT,NC,ASO,ES,Combined TRACON& Tower with Radar,1090,153,49,0,1292,0,5,12,1,18,1090,158,61,1,1310,0,0,0,1310
02/01/2022,CLT,NC,ASO,ES,Combined TRACON& Tower with Radar,1015,137,67,5,1224,0,3,15,0,18,1015,140,82,5,1242,0,0,0,1242
02/02/2022,CLT,NC,ASO,ES,Combined TRACON& Tower with Radar,1088,161,80,4,1333,0,7,10,0,17,1088,168,90,4,1350,0,0,0,1350
02/03/2022,CLT,NC,ASO,ES,Combined TRACON& Tower with Radar,1037,143,52,4,1236,0,0,0,1,1,1037,143,52,5,1237,0,0,0,1237
02/04/2022,CLT,NC,ASO,ES,Combined TRACON& Tower with Radar,976,193,56,0,1225,0,0,9,0,9,976,193,65,0,1234,0,0,0,1234
02/05/2022,CLT,NC,ASO,ES,Combined TRACON& Tower with Radar,884,164,41,5,1094,0,0,10,0,10,884,164,51,5,1104,0,0,0,1104
02/06/2022,CLT,NC,ASO,ES,Combined TRACON& Tower with Radar,997,189,43,4,1233,0,3,4,0,7,997,192,47,4,1240,0,0,0,1240
02/07/2022,CLT,NC,ASO,ES,Combined TRACON& Tower with Radar,1162,206,69,1,1438,0,0,1,0,1,1162,206,70,1,1439,0,0,0,1439
02/08/2022,CLT,NC,ASO,ES,Combined TRACON& Tower with Radar,1086,163,83,5,1337,0,6,13,3,22,1086,169,96,8,1359,0,0,0,1359
02/09/2022,CLT,NC,ASO,ES,Combined TRACON& Tower with Radar,1124,190,58,4,1376,0,4,15,0,19,1124,194,73,4,1395,0,0,0,1395
02/10/2022,CLT,NC,ASO,ES,Combined TRACON& Tower with Radar,1196,196,82,4,1478,0,2,12,0,14,1196,198,94,4,1492,0,0,0,1492
02/11/2022,CLT,NC,ASO,ES,Combined TRACON& Tower with Radar,1216,202,66,1,1485,0,7,10,0,17,1216,209,76,1,1502,0,0,0,1502
02/12/2022,CLT,NC,ASO,ES,Combined TRACON& Tower with Radar,1036,174,34,0,1244,0,0,10,0,10,1036,174,44,0,1254,0,0,0,1254
02/13/2022,CLT,NC,ASO,ES,Combined TRACON& Tower with Radar,1073,187,39,2,1301,0,0,0,0,0,1073,187,39,2,1301,0,0,0,1301
02/14/2022,CLT,NC,ASO,ES,Combined TRACON& Tower with Radar,1203,210,69,1,1483,0,2,12,0,14,1203,212,81,1,1497,0,0,0,1497
02/15/2022,CLT,NC,ASO,ES,Combined TRACON& Tower with Radar,1078,165,68,4,1315,0,5,17,0,22,1078,170,85,4,1337,0,0,0,1337
02/16/2022,CLT,NC,ASO,ES,Combined TRACON& Tower with Radar,1127,192,66,4,1389,0,2,14,0,16,1127,194,80,4,1405,0,0,0,1405
02/17/2022,CLT,NC,ASO,ES,Combined TRACON& Tower with Radar,1180,190,88,5,1463,0,0,10,0,10,1180,190,98,5,1473,0,0,0,1473
02/18/2022,CLT,NC,ASO,ES,Combined TRACON& Tower with Radar,1184,194,84,1,1463,0,10,13,1,24,1184,204,97,2,1487,0,0,0,1487
02/19/2022,CLT,NC,ASO,ES,Combined TRACON& Tower with Radar,1035,169,34,0,1238,0,0,9,0,9,1035,169,43,0,1247,0,0,0,1247
02/20/2022,CLT,NC,ASO,ES,Combined TRACON& Tower with Radar,1098,188,42,0,1328,0,0,2,0,2,1098,188,44,0,1330,0,0,0,1330
02/21/2022,CLT,NC,ASO,ES,Combined TRACON& Tower with Radar,1204,205,68,0,1477,0,3,8,0,11,1204,208,76,0,1488,0,0,0,1488
02/22/2022,CLT,NC,ASO,ES,Combined TRACON& Tower with Radar,1079,161,63,6,1309,0,0,9,0,9,1079,161,72,6,1318,0,0,0,1318
02/23/2022,CLT,NC,ASO,ES,Combined TRACON& Tower with Radar,1111,200,82,5,1398,0,4,6,0,10,1111,204,88,5,1408,0,0,0,1408
02/24/2022,CLT,NC,ASO,ES,Combined TRACON& Tower with Radar,1162,197,71,4,1434,0,0,0,0,0,1162,197,71,4,1434,0,0,0,1434
02/25/2022,CLT,NC,ASO,ES,Combined TRACON& Tower with Radar,1162,191,78,1,1432,0,2,11,0,13,1162,193,89,1,1445,0,0,0,1445
02/26/2022,CLT,NC,ASO,ES,Combined TRACON& Tower with Radar,1039,166,41,2,1248,0,0,10,0,10,1039,166,51,2,1258,0,0,0,1258
02/27/2022,CLT,NC,ASO,ES,Combined TRACON& Tower with Radar,1116,184,43,1,1344,0,0,1,0,1,1116,184,44,1,1345,0,0,0,1345
02/28/2022,CLT,NC,ASO,ES,Combined TRACON& Tower with Radar,1221,196,49,1,1467,0,8,10,0,18,1221,204,59,1,1485,0,0,0,1485
03/01/2022,CLT,NC,ASO,ES,Combined TRACON& Tower with Radar,1086,176,68,5,1335,0,2,21,0,23,1086,178,89,5,1358,0,0,0,1358
03/02/2022,CLT,NC,ASO,ES,Combined TRACON& Tower with Radar,1137,192,75,5,1409,0,10,17,1,28,1137,202,92,6,1437,0,0,0,1437
03/03/2022,CLT,NC,ASO,ES,Combined TRACON& Tower with Radar,1205,168,82,4,1459,0,2,22,0,24,1205,170,104,4,1483,0,0,0,1483
03/04/2022,CLT,NC,ASO,ES,Combined TRACON& Tower with Radar,1213,178,79,0,1470,0,4,15,0,19,1213,182,94,0,1489,0,0,0,1489
03/05/2022,CLT,NC,ASO,ES,Combined TRACON& Tower with Radar,1142,166,36,0,1344,0,2,9,0,11,1142,168,45,0,1355,0,0,0,1355
03/06/2022,CLT,NC,ASO,ES,Combined TRACON& Tower with Radar,1189,163,66,1,1419,0,1,10,0,11,1189,164,76,1,1430,0,0,0,1430
03/07/2022,CLT,NC,ASO,ES,Combined TRACON& Tower with Radar,1217,185,84,2,1488,0,1,5,0,6,1217,186,89,2,1494,0,0,0,1494
03/08/2022,CLT,NC,ASO,ES,Combined TRACON& Tower with Radar,999,143,81,4,1227,0,5,13,0,18,999,148,94,4,1245,0,0,0,1245
03/09/2022,CLT,NC,ASO,ES,Combined TRACON& Tower with Radar,1010,157,82,3,1252,0,0,3,0,3,1010,157,85,3,1255,0,0,0,1255
03/10/2022,CLT,NC,ASO,ES,Combined TRACON& Tower with Radar,1204,181,68,4,1457,0,2,0,0,2,1204,183,68,4,1459,0,0,0,1459
03/11/2022,CLT,NC,ASO,ES,Combined TRACON& Tower with Radar,1148,175,57,1,1381,0,2,9,0,11,1148,177,66,1,1392,0,0,0,1392
03/12/2022,CLT,NC,ASO,ES,Combined TRACON& Tower with Radar,1063,169,46,0,1278,0,0,5,0,5,1063,169,51,0,1283,0,0,0,1283
03/13/2022,CLT,NC,ASO,ES,Combined TRACON& Tower with Radar,1192,177,69,1,1439,0,0,2,0,2,1192,177,71,1,1441,0,0,0,1441
03/14/2022,CLT,NC,ASO,ES,Combined TRACON& Tower with Radar,1198,171,62,0,1431,0,4,10,0,14,1198,175,72,0,1445,0,0,0,1445
03/15/2022,CLT,NC,ASO,ES,Combined TRACON& Tower with Radar,996,131,70,4,1201,0,2,9,0,11,996,133,79,4,1212,0,0,0,1212
03/16/2022,CLT,NC,ASO,ES,Combined TRACON& Tower with Radar,1025,140,60,2,1227,0,0,2,0,2,1025,140,62,2,1229,0,0,0,1229
03/17/2022,CLT,NC,ASO,ES,Combined TRACON& Tower with Radar,1191,169,75,6,1441,0,2,12,0,14,1191,171,87,6,1455,0,0,0,1455
03/18/2022,CLT,NC,ASO,ES,Combined TRACON& Tower with Radar,1197,155,54,0,1406,0,10,13,2,25,1197,165,67,2,1431,0,0,0,1431
03/19/2022,CLT,NC,ASO,ES,Combined TRACON& Tower with Radar,1165,169,42,0,1376,0,2,11,1,14,1165,171,53,1,1390,0,0,0,1390
03/20/2022,CLT,NC,ASO,ES,Combined TRACON& Tower with Radar,1177,164,68,0,1409,0,0,2,1,3,1177,164,70,1,1412,0,0,0,1412
03/21/2022,CLT,NC,ASO,ES,Combined TRACON& Tower with Radar,1189,169,71,1,1430,0,10,9,0,19,1189,179,80,1,1449,0,0,0,1449
03/22/2022,CLT,NC,ASO,ES,Combined TRACON& Tower with Radar,1000,137,98,5,1240,0,9,19,3,31,1000,146,117,8,1271,0,0,0,1271
03/23/2022,CLT,NC,ASO,ES,Combined TRACON& Tower with Radar,1019,136,95,5,1255,0,0,0,0,0,1019,136,95,5,1255,0,0,0,1255
03/24/2022,CLT,NC,ASO,ES,Combined TRACON& Tower with Radar,1205,173,84,5,1467,0,7,11,0,18,1205,180,95,5,1485,0,0,0,1485
03/25/2022,CLT,NC,ASO,ES,Combined TRACON& Tower with Radar,1231,171,78,1,1481,0,2,12,0,14,1231,173,90,1,1495,0,0,0,1495
03/26/2022,CLT,NC,ASO,ES,Combined TRACON& Tower with Radar,1171,161,23,1,1356,0,1,14,0,15,1171,162,37,1,1371,0,0,0,1371
03/27/2022,CLT,NC,ASO,ES,Combined TRACON& Tower with Radar,1208,179,63,2,1452,0,1,2,0,3,1208,180,65,2,1455,0,0,0,1455
03/28/2022,CLT,NC,ASO,ES,Combined TRACON& Tower with Radar,1211,185,52,1,1449,0,8,6,0,14,1211,193,58,1,1463,0,0,0,1463
03/29/2022,CLT,NC,ASO,ES,Combined TRACON& Tower with Radar,1021,156,68,5,1250,0,6,19,0,25,1021,162,87,5,1275,0,0,0,1275
03/30/2022,CLT,NC,ASO,ES,Combined TRACON& Tower with Radar,1016,148,91,4,1259,0,7,9,1,17,1016,155,100,5,1276,0,0,0,1276
03/31/2022,CLT,NC,ASO,ES,Combined TRACON& Tower with Radar,1183,177,78,5,1443,1,1,7,0,9,1184,178,85,5,1452,0,0,0,1452
04/01/2022,CLT,NC,ASO,ES,Combined TRACON& Tower with Radar,1208,184,85,2,1479,0,4,19,0,23,1208,188,104,2,1502,0,0,0,1502
04/02/2022,CLT,NC,ASO,ES,Combined TRACON& Tower with Radar,1012,162,67,2,1243,0,1,11,0,12,1012,163,78,2,1255,0,0,0,1255
04/03/2022,CLT,NC,ASO,ES,Combined TRACON& Tower with Radar,1128,185,84,2,1399,0,0,11,0,11,1128,185,95,2,1410,0,0,0,1410
04/04/2022,CLT,NC,ASO,ES,Combined TRACON& Tower with Radar,1180,192,83,0,1455,0,10,13,2,25,1180,202,96,2,1480,0,0,0,1480
04/05/2022,CLT,NC,ASO,ES,Combined TRACON& Tower with Radar,1047,163,115,3,1328,0,4,4,0,8,1047,167,119,3,1336,0,0,0,1336
04/06/2022,CLT,NC,ASO,ES,Combined TRACON& Tower with Radar,1082,169,101,4,1356,0,10,14,0,24,1082,179,115,4,1380,0,0,0,1380
04/07/2022,CLT,NC,ASO,ES,Combined TRACON& Tower with Radar,1071,163,79,4,1317,0,3,14,0,17,1071,166,93,4,1334,0,0,0,1334
04/08/2022,CLT,NC,ASO,ES,Combined TRACON& Tower with Radar,1082,174,88,1,1345,0,8,13,0,21,1082,182,101,1,1366,0,0,0,1366
04/09/2022,CLT,NC,ASO,ES,Combined TRACON& Tower with Radar,1026,148,29,0,1203,0,1,12,0,13,1026,149,41,0,1216,0,0,0,1216
04/10/2022,CLT,NC,ASO,ES,Combined TRACON& Tower with Radar,1071,163,57,0,1291,0,0,11,0,11,1071,163,68,0,1302,0,0,0,1302
04/11/2022,CLT,NC,ASO,ES,Combined TRACON& Tower with Radar,1071,148,96,2,1317,0,11,12,2,25,1071,159,108,4,1342,0,0,0,1342
04/12/2022,CLT,NC,ASO,ES,Combined TRACON& Tower with Radar,1065,152,82,2,1301,0,1,14,0,15,1065,153,96,2,1316,0,0,0,1316
04/13/2022,CLT,NC,ASO,ES,Combined TRACON& Tower with Radar,1071,160,116,2,1349,0,5,11,0,16,1071,165,127,2,1365,0,0,0,1365
04/14/2022,CLT,NC,ASO,ES,Combined TRACON& Tower with Radar,1090,168,96,3,1357,0,5,12,0,17,1090,173,108,3,1374,0,0,0,1374
04/15/2022,CLT,NC,ASO,ES,Combined TRACON& Tower with Radar,1076,147,60,0,1283,0,3,15,0,18,1076,150,75,0,1301,0,0,0,1301
04/16/2022,CLT,NC,ASO,ES,Combined TRACON& Tower with Radar,1007,140,23,0,1170,0,0,11,0,11,1007,140,34,0,1181,0,0,0,1181
04/17/2022,CLT,NC,ASO,ES,Combined TRACON& Tower with Radar,1049,153,42,0,1244,0,1,12,0,13,1049,154,54,0,1257,0,0,0,1257
04/18/2022,CLT,NC,ASO,ES,Combined TRACON& Tower with Radar,1059,162,105,2,1328,0,2,4,0,6,1059,164,109,2,1334,0,0,0,1334
04/19/2022,CLT,NC,ASO,ES,Combined TRACON& Tower with Radar,1068,156,86,8,1318,0,5,10,0,15,1068,161,96,8,1333,0,0,0,1333
04/20/2022,CLT,NC,ASO,ES,Combined TRACON& Tower with Radar,1082,169,91,4,1346,0,8,31,0,39,1082,177,122,4,1385,0,0,0,1385
04/21/2022,CLT,NC,ASO,ES,Combined TRACON& Tower with Radar,1093,161,90,5,1349,0,2,12,0,14,1093,163,102,5,1363,0,0,0,1363
04/22/2022,CLT,NC,ASO,ES,Combined TRACON& Tower with Radar,1080,155,91,2,1328,0,6,18,1,25,1080,161,109,3,1353,0,0,0,1353
04/23/2022,CLT,NC,ASO,ES,Combined TRACON& Tower with Radar,1014,151,33,1,1199,0,1,6,0,7,1014,152,39,1,1206,0,0,0,1206
04/24/2022,CLT,NC,ASO,ES,Combined TRACON& Tower with Radar,1046,161,79,1,1287,0,1,15,0,16,1046,162,94,1,1303,0,0,0,1303
04/25/2022,CLT,NC,ASO,ES,Combined TRACON& Tower with Radar,1060,160,69,2,1291,0,0,7,0,7,1060,160,76,2,1298,0,0,0,1298
04/26/2022,CLT,NC,ASO,ES,Combined TRACON& Tower with Radar,1076,152,69,4,1301,0,0,18,0,18,1076,152,87,4,1319,0,0,0,1319
04/27/2022,CLT,NC,ASO,ES,Combined TRACON& Tower with Radar,1085,157,80,1,1323,0,4,22,0,26,1085,161,102,1,1349,0,0,0,1349
04/28/2022,CLT,NC,ASO,ES,Combined TRACON& Tower with Radar,1089,156,101,9,1355,0,3,16,0,19,1089,159,117,9,1374,0,0,0,1374
04/29/2022,CLT,NC,ASO,ES,Combined TRACON& Tower with Radar,1087,167,74,2,1330,0,2,14,0,16,1087,169,88,2,1346,0,0,0,1346
04/30/2022,CLT,NC,ASO,ES,Combined TRACON& Tower with Radar,1015,152,50,1,1218,0,1,14,0,15,1015,153,64,1,1233,0,0,0,1233
05/01/2022,CLT,NC,ASO,ES,Combined TRACON& Tower with Radar,1047,173,60,0,1280,0,0,5,0,5,1047,173,65,0,1285,0,0,0,1285
05/02/2022,CLT,NC,ASO,ES,Combined TRACON& Tower with Radar,1065,175,77,5,1322,0,5,7,0,12,1065,180,84,5,1334,0,0,0,1334
05/03/2022,CLT,NC,ASO,ES,Combined TRACON& Tower with Radar,1058,194,87,4,1343,0,3,11,0,14,1058,197,98,4,1357,0,0,0,1357
05/04/2022,CLT,NC,ASO,ES,Combined TRACON& Tower with Radar,1061,180,92,5,1338,0,4,14,0,18,1061,184,106,5,1356,0,0,0,1356
05/05/2022,CLT,NC,ASO,ES,Combined TRACON& Tower with Radar,1232,163,107,7,1509,0,6,12,2,20,1232,169,119,9,1529,0,0,0,1529
05/06/2022,CLT,NC,ASO,ES,Combined TRACON& Tower with Radar,1171,151,61,6,1389,0,0,8,0,8,1171,151,69,6,1397,0,0,0,1397
05/07/2022,CLT,NC,ASO,ES,Combined TRACON& Tower with Radar,1014,126,45,4,1189,0,0,9,0,9,1014,126,54,4,1198,0,0,0,1198
05/08/2022,CLT,NC,ASO,ES,Combined TRACON& Tower with Radar,1245,161,57,0,1463,0,2,2,0,4,1245,163,59,0,1467,0,0,0,1467
05/09/2022,CLT,NC,ASO,ES,Combined TRACON& Tower with Radar,1235,158,97,3,1493,0,5,16,0,21,1235,163,113,3,1514,0,0,0,1514
05/10/2022,CLT,NC,ASO,ES,Combined TRACON& Tower with Radar,1043,133,82,7,1265,0,4,15,3,22,1043,137,97,10,1287,0,0,0,1287
05/11/2022,CLT,NC,ASO,ES,Combined TRACON& Tower with Radar,1055,129,92,5,1281,0,1,14,0,15,1055,130,106,5,1296,0,0,0,1296
05/12/2022,CLT,NC,ASO,ES,Combined TRACON& Tower with Radar,1280,159,83,5,1527,0,1,15,0,16,1280,160,98,5,1543,0,0,0,1543
05/13/2022,CLT,NC,ASO,ES,Combined TRACON& Tower with Radar,1253,151,72,1,1477,0,0,4,0,4,1253,151,76,1,1481,0,0,0,1481
05/14/2022,CLT,NC,ASO,ES,Combined TRACON& Tower with Radar,1004,110,36,6,1156,0,1,3,1,5,1004,111,39,7,1161,0,0,0,1161
05/15/2022,CLT,NC,ASO,ES,Combined TRACON& Tower with Radar,1218,158,61,0,1437,0,1,2,1,4,1218,159,63,1,1441,0,0,0,1441
05/16/2022,CLT,NC,ASO,ES,Combined TRACON& Tower with Radar,1211,154,65,1,1431,0,3,8,0,11,1211,157,73,1,1442,0,0,0,1442
05/17/2022,CLT,NC,ASO,ES,Combined TRACON& Tower with Radar,1047,138,72,5,1262,0,11,16,0,27,1047,149,88,5,1289,0,0,0,1289
05/18/2022,CLT,NC,ASO,ES,Combined TRACON& Tower with Radar,1053,138,84,6,1281,0,5,16,0,21,1053,143,100,6,1302,0,0,0,1302
05/19/2022,CLT,NC,ASO,ES,Combined TRACON& Tower with Radar,1256,163,81,2,1502,0,6,11,0,17,1256,169,92,2,1519,0,0,0,1519
05/20/2022,CLT,NC,ASO,ES,Combined TRACON& Tower with Radar,1231,148,88,4,1471,0,4,16,0,20,1231,152,104,4,1491,0,0,0,1491
05/21/2022,CLT,NC,ASO,ES,Combined TRACON& Tower with Radar,971,111,35,4,1121,0,0,8,0,8,971,111,43,4,1129,0,0,0,1129
05/22/2022,CLT,NC,ASO,ES,Combined TRACON& Tower with Radar,1192,156,55,0,1403,0,0,2,0,2,1192,156,57,0,1405,0,0,0,1405
05/23/2022,CLT,NC,ASO,ES,Combined TRACON& Tower with Radar,1172,138,53,0,1363,0,1,0,0,1,1172,139,53,0,1364,0,0,0,1364
05/24/2022,CLT,NC,ASO,ES,Combined TRACON& Tower with Radar,1068,132,75,5,1280,0,5,17,0,22,1068,137,92,5,1302,0,0,0,1302
05/25/2022,CLT,NC,ASO,ES,Combined TRACON& Tower with Radar,1043,134,66,4,1247,0,9,12,0,21,1043,143,78,4,1268,0,0,0,1268
05/26/2022,CLT,NC,ASO,ES,Combined TRACON& Tower with Radar,1179,154,111,2,1446,0,0,9,0,9,1179,154,120,2,1455,0,0,0,1455
05/27/2022,CLT,NC,ASO,ES,Combined TRACON& Tower with Radar,1278,159,59,1,1497,0,4,13,0,17,1278,163,72,1,1514,0,0,0,1514
05/28/2022,CLT,NC,ASO,ES,Combined TRACON& Tower with Radar,991,102,29,0,1122,0,3,17,0,20,991,105,46,0,1142,0,0,0,1142
05/29/2022,CLT,NC,ASO,ES,Combined TRACON& Tower with Radar,1153,130,24,0,1307,0,10,2,2,14,1153,140,26,2,1321,0,0,0,1321
05/30/2022,CLT,NC,ASO,ES,Combined TRACON& Tower with Radar,1236,149,48,0,1433,0,0,5,0,5,1236,149,53,0,1438,0,0,0,1438
05/31/2022,CLT,NC,ASO,ES,Combined TRACON& Tower with Radar,1035,122,55,4,1216,0,8,16,0,24,1035,130,71,4,1240,0,0,0,1240
06/01/2022,CLT,NC,ASO,ES,Combined TRACON& Tower with Radar,1024,136,57,2,1219,0,3,15,0,18,1024,139,72,2,1237,0,0,0,1237
06/02/2022,CLT,NC,ASO,ES,Combined TRACON& Tower with Radar,1173,177,88,4,1442,0,4,18,0,22,1173,181,106,4,1464,0,0,0,1464
06/03/2022,CLT,NC,ASO,ES,Combined TRACON& Tower with Radar,1174,153,66,0,1393,0,4,11,0,15,1174,157,77,0,1408,0,0,0,1408
06/04/2022,CLT,NC,ASO,ES,Combined TRACON& Tower with Radar,1165,156,32,2,1355,0,0,8,0,8,1165,156,40,2,1363,0,0,0,1363
06/05/2022,CLT,NC,ASO,ES,Combined TRACON& Tower with Radar,1244,176,53,1,1474,0,1,13,0,14,1244,177,66,1,1488,0,0,0,1488
06/06/2022,CLT,NC,ASO,ES,Combined TRACON& Tower with Radar,1265,172,58,3,1498,0,3,11,0,14,1265,175,69,3,1512,0,0,0,1512
06/07/2022,CLT,NC,ASO,ES,Combined TRACON& Tower with Radar,1260,166,74,5,1505,0,3,13,0,16,1260,169,87,5,1521,0,0,0,1521
06/08/2022,CLT,NC,ASO,ES,Combined TRACON& Tower with Radar,1236,171,69,2,1478,0,4,17,0,21,1236,175,86,2,1499,0,0,0,1499
06/09/2022,CLT,NC,ASO,ES,Combined TRACON& Tower with Radar,1258,170,83,9,1520,0,3,16,0,19,1258,173,99,9,1539,0,0,0,1539
06/10/2022,CLT,NC,ASO,ES,Combined TRACON& Tower with Radar,1236,169,55,1,1461,0,4,19,0,23,1236,173,74,1,1484,0,0,0,1484
06/11/2022,CLT,NC,ASO,ES,Combined TRACON& Tower with Radar,1170,158,9,1,1338,0,1,0,0,1,1170,159,9,1,1339,0,0,0,1339
06/12/2022,CLT,NC,ASO,ES,Combined TRACON& Tower with Radar,1211,185,52,0,1448,0,0,6,0,6,1211,185,58,0,1454,0,0,0,1454
06/13/2022,CLT,NC,ASO,ES,Combined TRACON& Tower with Radar,1243,164,67,2,1476,0,6,12,0,18,1243,170,79,2,1494,0,0,0,1494
06/14/2022,CLT,NC,ASO,ES,Combined TRACON& Tower with Radar,1172,158,67,4,1401,0,7,16,2,25,1172,165,83,6,1426,0,0,0,1426
06/15/2022,CLT,NC,ASO,ES,Combined TRACON& Tower with Radar,1252,166,87,2,1507,0,4,20,0,24,1252,170,107,2,1531,0,0,0,1531
06/16/2022,CLT,NC,ASO,ES,Combined TRACON& Tower with Radar,1014,136,83,2,1235,0,4,22,0,26,1014,140,105,2,1261,0,0,0,1261
06/17/2022,CLT,NC,ASO,ES,Combined TRACON& Tower with Radar,1009,153,90,1,1253,0,4,20,0,24,1009,157,110,1,1277,0,0,0,1277
06/18/2022,CLT,NC,ASO,ES,Combined TRACON& Tower with Radar,1130,165,34,0,1329,0,2,12,0,14,1130,167,46,0,1343,0,0,0,1343
06/19/2022,CLT,NC,ASO,ES,Combined TRACON& Tower with Radar,1243,157,40,1,1441,0,1,2,0,3,1243,158,42,1,1444,0,0,0,1444
06/20/2022,CLT,NC,ASO,ES,Combined TRACON& Tower with Radar,1248,187,64,0,1499,0,5,8,0,13,1248,192,72,0,1512,0,0,0,1512
06/21/2022,CLT,NC,ASO,ES,Combined TRACON& Tower with Radar,1258,176,73,5,1512,0,11,16,0,27,1258,187,89,5,1539,0,0,0,1539
06/22/2022,CLT,NC,ASO,ES,Combined TRACON& Tower with Radar,1201,185,106,2,1494,0,5,15,2,22,1201,190,121,4,1516,0,0,0,1516
06/23/2022,CLT,NC,ASO,ES,Combined TRACON& Tower with Radar,1231,188,110,5,1534,0,4,16,0,20,1231,192,126,5,1554,0,0,0,1554
06/24/2022,CLT,NC,ASO,ES,Combined TRACON& Tower with Radar,1222,162,71,2,1457,0,2,10,0,12,1222,164,81,2,1469,0,0,0,1469
06/25/2022,CLT,NC,ASO,ES,Combined TRACON& Tower with Radar,1186,170,32,0,1388,0,2,7,0,9,1186,172,39,0,1397,0,0,0,1397
06/26/2022,CLT,NC,ASO,ES,Combined TRACON& Tower with Radar,1228,172,49,1,1450,0,0,6,0,6,1228,172,55,1,1456,0,0,0,1456
06/27/2022,CLT,NC,ASO,ES,Combined TRACON& Tower with Radar,1183,156,67,1,1407,0,4,15,0,19,1183,160,82,1,1426,0,0,0,1426
06/28/2022,CLT,NC,ASO,ES,Combined TRACON& Tower with Radar,1171,165,78,5,1419,0,1,14,0,15,1171,166,92,5,1434,0,0,0,1434
06/29/2022,CLT,NC,ASO,ES,Combined TRACON& Tower with Radar,1209,178,74,2,1463,0,3,8,0,11,1209,181,82,2,1474,0,0,0,1474
06/30/2022,CLT,NC,ASO,ES,Combined TRACON& Tower with Radar,1252,172,92,4,1520,0,0,15,0,15,1252,172,107,4,1535,0,0,0,1535
07/01/2022,CLT,NC,ASO,ES,Combined TRACON& Tower with Radar,1222,148,44,1,1415,0,8,18,0,26,1222,156,62,1,1441,0,0,0,1441
07/02/2022,CLT,NC,ASO,ES,Combined TRACON& Tower with Radar,1159,161,29,0,1349,0,2,8,0,10,1159,163,37,0,1359,0,0,0,1359
07/03/2022,CLT,NC,ASO,ES,Combined TRACON& Tower with Radar,1044,117,14,0,1175,0,0,5,0,5,1044,117,19,0,1180,0,0,0,1180
07/04/2022,CLT,NC,ASO,ES,Combined TRACON& Tower with Radar,1219,139,12,0,1370,0,0,0,0,0,1219,139,12,0,1370,0,0,0,1370
07/05/2022,CLT,NC,ASO,ES,Combined TRACON& Tower with Radar,1079,128,52,5,1264,0,0,7,0,7,1079,128,59,5,1271,0,0,0,1271
07/06/2022,CLT,NC,ASO,ES,Combined TRACON& Tower with Radar,1069,145,56,4,1274,0,6,10,0,16,1069,151,66,4,1290,0,0,0,1290
07/07/2022,CLT,NC,ASO,ES,Combined TRACON& Tower with Radar,1209,168,59,4,1440,0,1,7,0,8,1209,169,66,4,1448,0,0,0,1448
07/08/2022,CLT,NC,ASO,ES,Combined TRACON& Tower with Radar,1225,148,50,2,1425,0,0,8,0,8,1225,148,58,2,1433,0,0,0,1433
07/09/2022,CLT,NC,ASO,ES,Combined TRACON& Tower with Radar,1176,162,36,0,1374,0,0,6,0,6,1176,162,42,0,1380,0,0,0,1380
07/10/2022,CLT,NC,ASO,ES,Combined TRACON& Tower with Radar,1239,158,42,0,1439,0,0,1,0,1,1239,158,43,0,1440,0,0,0,1440
07/11/2022,CLT,NC,ASO,ES,Combined TRACON& Tower with Radar,1248,164,64,1,1477,0,6,13,0,19,1248,170,77,1,1496,0,0,0,1496
07/12/2022,CLT,NC,ASO,ES,Combined TRACON& Tower with Radar,1102,141,62,6,1311,0,3,15,0,18,1102,144,77,6,1329,0,0,0,1329
07/13/2022,CLT,NC,ASO,ES,Combined TRACON& Tower with Radar,1087,158,53,0,1298,0,4,15,0,19,1087,162,68,0,1317,0,0,0,1317
07/14/2022,CLT,NC,ASO,ES,Combined TRACON& Tower with Radar,1253,177,68,0,1498,0,0,9,0,9,1253,177,77,0,1507,0,0,0,1507
07/15/2022,CLT,NC,ASO,ES,Combined TRACON& Tower with Radar,1249,175,59,1,1484,0,4,7,0,11,1249,179,66,1,1495,0,0,0,1495
07/16/2022,CLT,NC,ASO,ES,Combined TRACON& Tower with Radar,1047,141,25,0,1213,0,1,8,0,9,1047,142,33,0,1222,0,0,0,1222
07/17/2022,CLT,NC,ASO,ES,Combined TRACON& Tower with Radar,1219,163,34,2,1418,0,0,7,0,7,1219,163,41,2,1425,0,0,0,1425
07/18/2022,CLT,NC,ASO,ES,Combined TRACON& Tower with Radar,1250,155,75,2,1482,0,7,7,1,15,1250,162,82,3,1497,0,0,0,1497
07/19/2022,CLT,NC,ASO,ES,Combined TRACON& Tower with Radar,1131,158,68,5,1362,0,4,12,3,19,1131,162,80,8,1381,0,0,0,1381
07/20/2022,CLT,NC,ASO,ES,Combined TRACON& Tower with Radar,1114,160,84,6,1364,0,12,19,0,31,1114,172,103,6,1395,0,0,0,1395
07/21/2022,CLT,NC,ASO,ES,Combined TRACON& Tower with Radar,1235,177,92,11,1515,0,0,9,0,9,1235,177,101,11,1524,0,0,0,1524
07/22/2022,CLT,NC,ASO,ES,Combined TRACON& Tower with Radar,1259,174,63,2,1498,0,5,10,0,15,1259,179,73,2,1513,0,0,0,1513
07/23/2022,CLT,NC,ASO,ES,Combined TRACON& Tower with Radar,1168,156,23,3,1350,0,1,10,0,11,1168,157,33,3,1361,0,0,0,1361
07/24/2022,CLT,NC,ASO,ES,Combined TRACON& Tower with Radar,1247,159,51,1,1458,0,0,4,0,4,1247,159,55,1,1462,0,0,0,1462
07/25/2022,CLT,NC,ASO,ES,Combined TRACON& Tower with Radar,1113,162,75,2,1352,0,3,6,0,9,1113,165,81,2,1361,0,0,0,1361
07/26/2022,CLT,NC,ASO,ES,Combined TRACON& Tower with Radar,1105,154,85,0,1344,0,3,12,0,15,1105,157,97,0,1359,0,0,0,1359
07/27/2022,CLT,NC,ASO,ES,Combined TRACON& Tower with Radar,1108,152,74,4,1338,0,3,14,2,19,1108,155,88,6,1357,0,0,0,1357
07/28/2022,CLT,NC,ASO,ES,Combined TRACON& Tower with Radar,1227,162,100,2,1491,0,4,25,0,29,1227,166,125,2,1520,0,0,0,1520
07/29/2022,CLT,NC,ASO,ES,Combined TRACON& Tower with Radar,1258,156,61,2,1477,0,3,13,0,16,1258,159,74,2,1493,0,0,0,1493
07/30/2022,CLT,NC,ASO,ES,Combined TRACON& Tower with Radar,1095,142,34,0,1271,0,0,8,0,8,1095,142,42,0,1279,0,0,0,1279
07/31/2022,CLT,NC,ASO,ES,Combined TRACON& Tower with Radar,1206,183,45,1,1435,0,1,8,0,9,1206,184,53,1,1444,0,0,0,1444
08/01/2022,CLT,NC,ASO,ES,Combined TRACON& Tower with Radar,1242,160,66,0,1468,0,1,7,0,8,1242,161,73,0,1476,0,0,0,1476
08/02/2022,CLT,NC,ASO,ES,Combined TRACON& Tower with Radar,1118,154,70,5,1347,0,4,18,0,22,1118,158,88,5,1369,0,0,0,1369
08/03/2022,CLT,NC,ASO,ES,Combined TRACON& Tower with Radar,1106,145,72,2,1325,0,3,18,0,21,1106,148,90,2,1346,0,0,0,1346
08/04/2022,CLT,NC,ASO,ES,Combined TRACON& Tower with Radar,1114,168,76,4,1362,0,3,11,0,14,1114,171,87,4,1376,0,0,0,1376
08/05/2022,CLT,NC,ASO,ES,Combined TRACON& Tower with Radar,1085,170,71,0,1326,0,6,15,0,21,1085,176,86,0,1347,0,0,0,1347
08/06/2022,CLT,NC,ASO,ES,Combined TRACON& Tower with Radar,1098,150,30,0,1278,0,0,5,0,5,1098,150,35,0,1283,0,0,0,1283
08/07/2022,CLT,NC,ASO,ES,Combined TRACON& Tower with Radar,1147,165,32,1,1345,0,1,2,0,3,1147,166,34,1,1348,0,0,0,1348
08/08/2022,CLT,NC,ASO,ES,Combined TRACON& Tower with Radar,1191,166,68,0,1425,0,8,12,0,20,1191,174,80,0,1445,0,0,0,1445
08/09/2022,CLT,NC,ASO,ES,Combined TRACON& Tower with Radar,1163,173,66,5,1407,0,10,14,0,24,1163,183,80,5,1431,0,0,0,1431
08/10/2022,CLT,NC,ASO,ES,Combined TRACON& Tower with Radar,1142,166,87,0,1395,0,5,14,0,19,1142,171,101,0,1414,0,0,0,1414
08/11/2022,CLT,NC,ASO,ES,Combined TRACON& Tower with Radar,1151,177,74,1,1403,0,3,8,0,11,1151,180,82,1,1414,0,0,0,1414
08/12/2022,CLT,NC,ASO,ES,Combined TRACON& Tower with Radar,1201,177,62,5,1445,0,3,21,0,24,1201,180,83,5,1469,0,0,0,1469
08/13/2022,CLT,NC,ASO,ES,Combined TRACON& Tower with Radar,1153,160,31,1,1345,0,0,8,0,8,1153,160,39,1,1353,0,0,0,1353
08/14/2022,CLT,NC,ASO,ES,Combined TRACON& Tower with Radar,1206,163,46,0,1415,0,0,5,0,5,1206,163,51,0,1420,0,0,0,1420
08/15/2022,CLT,NC,ASO,ES,Combined TRACON& Tower with Radar,1176,168,60,1,1405,0,3,3,0,6,1176,171,63,1,1411,0,0,0,1411
08/16/2022,CLT,NC,ASO,ES,Combined TRACON& Tower with Radar,1177,165,69,4,1415,0,6,6,0,12,1177,171,75,4,1427,0,0,0,1427
08/17/2022,CLT,NC,ASO,ES,Combined TRACON& Tower with Radar,1168,164,78,5,1415,0,0,12,0,12,1168,164,90,5,1427,0,0,0,1427
08/18/2022,CLT,NC,ASO,ES,Combined TRACON& Tower with Radar,1153,174,77,4,1408,0,2,19,0,21,1153,176,96,4,1429,0,0,0,1429
08/19/2022,CLT,NC,ASO,ES,Combined TRACON& Tower with Radar,1184,154,54,4,1396,0,7,15,0,22,1184,161,69,4,1418,0,0,0,1418
08/20/2022,CLT,NC,ASO,ES,Combined TRACON& Tower with Radar,1145,153,30,2,1330,0,2,12,0,14,1145,155,42,2,1344,0,0,0,1344
08/21/2022,CLT,NC,ASO,ES,Combined TRACON& Tower with Radar,1131,158,39,0,1328,0,1,8,0,9,1131,159,47,0,1337,0,0,0,1337
08/22/2022,CLT,NC,ASO,ES,Combined TRACON& Tower with Radar,1134,174,59,0,1367,0,1,10,0,11,1134,175,69,0,1378,0,0,0,1378
08/23/2022,CLT,NC,ASO,ES,Combined TRACON& Tower with Radar,1121,178,97,4,1400,0,7,11,0,18,1121,185,108,4,1418,0,0,0,1418
08/24/2022,CLT,NC,ASO,ES,Combined TRACON& Tower with Radar,1174,179,83,4,1440,0,6,30,1,37,1174,185,113,5,1477,0,0,0,1477
08/25/2022,CLT,NC,ASO,ES,Combined TRACON& Tower with Radar,1185,184,84,2,1455,0,5,18,0,23,1185,189,102,2,1478,0,0,0,1478
08/26/2022,CLT,NC,ASO,ES,Combined TRACON& Tower with Radar,1167,173,76,2,1418,0,8,13,0,21,1167,181,89,2,1439,0,0,0,1439
08/27/2022,CLT,NC,ASO,ES,Combined TRACON& Tower with Radar,1148,154,33,2,1337,0,1,9,0,10,1148,155,42,2,1347,0,0,0,1347
08/28/2022,CLT,NC,ASO,ES,Combined TRACON& Tower with Radar,1159,171,42,2,1374,1,0,7,0,8,1160,171,49,2,1382,0,0,0,1382
08/29/2022,CLT,NC,ASO,ES,Combined TRACON& Tower with Radar,1157,176,64,4,1401,0,7,12,0,19,1157,183,76,4,1420,0,0,0,1420
08/30/2022,CLT,NC,ASO,ES,Combined TRACON& Tower with Radar,1135,159,81,6,1381,0,4,6,0,10,1135,163,87,6,1391,0,0,0,1391
08/31/2022,CLT,NC,ASO,ES,Combined TRACON& Tower with Radar,1171,194,71,2,1438,0,3,19,0,22,1171,197,90,2,1460,0,0,0,1460
09/01/2022,CLT,NC,ASO,ES,Combined TRACON& Tower with Radar,1183,186,103,7,1479,0,4,32,0,36,1183,190,135,7,1515,0,0,0,1515
09/02/2022,CLT,NC,ASO,ES,Combined TRACON& Tower with Radar,1186,164,63,0,1413,0,6,19,0,25,1186,170,82,0,1438,0,0,0,1438
09/03/2022,CLT,NC,ASO,ES,Combined TRACON& Tower with Radar,917,127,16,1,1061,0,2,12,0,14,917,129,28,1,1075,0,0,0,1075
09/04/2022,CLT,NC,ASO,ES,Combined TRACON& Tower with Radar,939,140,26,0,1105,0,0,1,0,1,939,140,27,0,1106,0,0,0,1106
09/05/2022,CLT,NC,ASO,ES,Combined TRACON& Tower with Radar,1177,165,42,0,1384,0,1,0,0,1,1177,166,42,0,1385,0,0,0,1385
09/06/2022,CLT,NC,ASO,ES,Combined TRACON& Tower with Radar,1151,167,52,5,1375,0,3,13,0,16,1151,170,65,5,1391,0,0,0,1391
09/07/2022,CLT,NC,ASO,ES,Combined TRACON& Tower with Radar,1001,173,59,4,1237,0,5,12,0,17,1001,178,71,4,1254,0,0,0,1254
09/08/2022,CLT,NC,ASO,ES,Combined TRACON& Tower with Radar,1177,190,72,7,1446,0,4,18,0,22,1177,194,90,7,1468,0,0,0,1468
09/09/2022,CLT,NC,ASO,ES,Combined TRACON& Tower with Radar,1188,208,71,1,1468,0,9,21,0,30,1188,217,92,1,1498,0,0,0,1498
09/10/2022,CLT,NC,ASO,ES,Combined TRACON& Tower with Radar,980,148,30,0,1158,0,0,0,0,0,980,148,30,0,1158,0,0,0,1158
09/11/2022,CLT,NC,ASO,ES,Combined TRACON& Tower with Radar,1165,216,80,3,1464,0,0,0,1,1,1165,216,80,4,1465,0,0,0,1465
09/12/2022,CLT,NC,ASO,ES,Combined TRACON& Tower with Radar,1161,218,67,2,1448,0,2,12,0,14,1161,220,79,2,1462,0,0,0,1462
09/13/2022,CLT,NC,ASO,ES,Combined TRACON& Tower with Radar,996,171,86,6,1259,0,5,19,0,24,996,176,105,6,1283,0,0,0,1283
09/14/2022,CLT,NC,ASO,ES,Combined TRACON& Tower with Radar,1003,174,94,3,1274,0,3,31,0,34,1003,177,125,3,1308,0,0,0,1308
09/15/2022,CLT,NC,ASO,ES,Combined TRACON& Tower with Radar,1208,205,92,6,1511,0,2,30,0,32,1208,207,122,6,1543,0,0,0,1543
09/16/2022,CLT,NC,ASO,ES,Combined TRACON& Tower with Radar,1211,196,70,2,1479,0,5,32,0,37,1211,201,102,2,1516,0,0,0,1516
09/17/2022,CLT,NC,ASO,ES,Combined TRACON& Tower with Radar,965,135,19,3,1122,0,1,18,0,19,965,136,37,3,1141,0,0,0,1141
09/18/2022,CLT,NC,ASO,ES,Combined TRACON& Tower with Radar,1175,200,68,3,1446,0,0,7,0,7,1175,200,75,3,1453,0,0,0,1453
09/19/2022,CLT,NC,ASO,ES,Combined TRACON& Tower with Radar,1175,208,60,4,1447,0,8,15,0,23,1175,216,75,4,1470,0,0,0,1470
09/20/2022,CLT,NC,ASO,ES,Combined TRACON& Tower with Radar,1000,167,98,4,1269,0,12,24,0,36,1000,179,122,4,1305,0,0,0,1305
09/21/2022,CLT,NC,ASO,ES,Combined TRACON& Tower with Radar,1009,202,81,4,1296,0,5,19,0,24,1009,207,100,4,1320,0,0,0,1320
09/22/2022,CLT,NC,ASO,ES,Combined TRACON& Tower with Radar,1181,234,122,7,1544,0,9,17,1,27,1181,243,139,8,1571,0,0,0,1571
09/23/2022,CLT,NC,ASO,ES,Combined TRACON& Tower with Radar,1190,230,114,5,1539,0,4,22,0,26,1190,234,136,5,1565,0,0,0,1565
09/24/2022,CLT,NC,ASO,ES,Combined TRACON& Tower with Radar,983,166,55,0,1204,0,4,11,0,15,983,170,66,0,1219,0,0,0,1219
09/25/2022,CLT,NC,ASO,ES,Combined TRACON& Tower with Radar,1171,240,85,0,1496,0,2,9,0,11,1171,242,94,0,1507,0,0,0,1507
09/26/2022,CLT,NC,ASO,ES,Combined TRACON& Tower with Radar,1203,243,83,1,1530,0,0,13,0,13,1203,243,96,1,1543,0,0,0,1543
09/27/2022,CLT,NC,ASO,ES,Combined TRACON& Tower with Radar,1003,178,76,6,1263,0,3,17,0,20,1003,181,93,6,1283,0,0,0,1283
09/28/2022,CLT,NC,ASO,ES,Combined TRACON& Tower with Radar,923,180,81,6,1190,0,5,25,0,30,923,185,106,6,1220,0,0,0,1220
09/29/2022,CLT,NC,ASO,ES,Combined TRACON& Tower with Radar,1073,206,76,4,1359,0,0,19,0,19,1073,206,95,4,1378,0,0,0,1378
09/30/2022,CLT,NC,ASO,ES,Combined TRACON& Tower with Radar,935,144,24,0,1103,0,0,2,0,2,935,144,26,0,1105,0,0,0,1105
10/01/2022,CLT,NC,ASO,ES,Combined TRACON& Tower with Radar,954,143,28,0,1125,0,1,5,0,6,954,144,33,0,1131,0,0,0,1131
10/02/2022,CLT,NC,ASO,ES,Combined TRACON& Tower with Radar,1164,178,50,0,1392,0,0,7,0,7,1164,178,57,0,1399,0,0,0,1399
10/03/2022,CLT,NC,ASO,ES,Combined TRACON& Tower with Radar,1183,197,56,1,1437,0,3,8,0,11,1183,200,64,1,1448,0,0,0,1448
10/04/2022,CLT,NC,ASO,ES,Combined TRACON& Tower with Radar,998,167,79,4,1248,0,7,18,0,25,998,174,97,4,1273,0,0,0,1273
10/05/2022,CLT,NC,ASO,ES,Combined TRACON& Tower with Radar,1007,166,72,2,1247,0,5,28,0,33,1007,171,100,2,1280,0,0,0,1280
10/06/2022,CLT,NC,ASO,ES,Combined TRACON& Tower with Radar,1190,209,76,5,1480,0,4,17,0,21,1190,213,93,5,1501,0,0,0,1501
10/07/2022,CLT,NC,ASO,ES,Combined TRACON& Tower with Radar,1201,209,61,0,1471,0,7,14,0,21,1201,216,75,0,1492,0,0,0,1492
10/08/2022,CLT,NC,ASO,ES,Combined TRACON& Tower with Radar,1064,184,26,0,1274,0,2,10,0,12,1064,186,36,0,1286,0,0,0,1286
10/09/2022,CLT,NC,ASO,ES,Combined TRACON& Tower with Radar,1198,223,43,0,1464,0,13,8,0,21,1198,236,51,0,1485,0,0,0,1485
10/10/2022,CLT,NC,ASO,ES,Combined TRACON& Tower with Radar,1198,219,85,0,1502,0,6,6,0,12,1198,225,91,0,1514,0,0,0,1514
10/11/2022,CLT,NC,ASO,ES,Combined TRACON& Tower with Radar,1043,178,97,4,1322,0,7,5,0,12,1043,185,102,4,1334,0,0,0,1334
10/12/2022,CLT,NC,ASO,ES,Combined TRACON& Tower with Radar,1040,191,91,2,1324,0,2,7,0,9,1040,193,98,2,1333,0,0,0,1333
10/13/2022,CLT,NC,ASO,ES,Combined TRACON& Tower with Radar,1210,216,99,5,1530,0,4,12,0,16,1210,220,111,5,1546,0,0,0,1546
10/14/2022,CLT,NC,ASO,ES,Combined TRACON& Tower with Radar,1207,212,78,5,1502,0,3,24,0,27,1207,215,102,5,1529,0,0,0,1529
10/15/2022,CLT,NC,ASO,ES,Combined TRACON& Tower with Radar,1069,174,41,1,1285,0,1,11,0,12,1069,175,52,1,1297,0,0,0,1297
10/16/2022,CLT,NC,ASO,ES,Combined TRACON& Tower with Radar,1192,202,54,4,1452,0,3,2,1,6,1192,205,56,5,1458,0,0,0,1458
10/17/2022,CLT,NC,ASO,ES,Combined TRACON& Tower with Radar,1200,229,67,5,1501,0,4,11,0,15,1200,233,78,5,1516,0,0,0,1516
10/18/2022,CLT,NC,ASO,ES,Combined TRACON& Tower with Radar,1053,182,84,4,1323,0,1,25,0,26,1053,183,109,4,1349,0,0,0,1349
10/19/2022,CLT,NC,ASO,ES,Combined TRACON& Tower with Radar,1055,194,85,4,1338,0,2,16,0,18,1055,196,101,4,1356,0,0,0,1356
10/20/2022,CLT,NC,ASO,ES,Combined TRACON& Tower with Radar,1216,215,84,5,1520,0,5,17,1,23,1216,220,101,6,1543,0,0,0,1543
10/21/2022,CLT,NC,ASO,ES,Combined TRACON& Tower with Radar,1220,218,56,2,1496,0,2,14,0,16,1220,220,70,2,1512,0,0,0,1512
10/22/2022,CLT,NC,ASO,ES,Combined TRACON& Tower with Radar,1066,184,38,0,1288,0,2,16,0,18,1066,186,54,0,1306,0,0,0,1306
10/23/2022,CLT,NC,ASO,ES,Combined TRACON& Tower with Radar,1197,228,72,0,1497,0,1,3,0,4,1197,229,75,0,1501,0,0,0,1501
10/24/2022,CLT,NC,ASO,ES,Combined TRACON& Tower with Radar,1198,203,97,0,1498,0,8,0,0,8,1198,211,97,0,1506,0,0,0,1506
10/25/2022,CLT,NC,ASO,ES,Combined TRACON& Tower with Radar,1033,176,83,4,1296,0,8,10,2,20,1033,184,93,6,1316,0,0,0,1316
10/26/2022,CLT,NC,ASO,ES,Combined TRACON& Tower with Radar,1045,177,80,2,1304,0,1,16,0,17,1045,178,96,2,1321,0,0,0,1321
10/27/2022,CLT,NC,ASO,ES,Combined TRACON& Tower with Radar,1213,211,77,4,1505,0,4,16,0,20,1213,215,93,4,1525,0,0,0,1525
10/28/2022,CLT,NC,ASO,ES,Combined TRACON& Tower with Radar,1211,214,64,1,1490,0,3,18,2,23,1211,217,82,3,1513,0,0,0,1513
10/29/2022,CLT,NC,ASO,ES,Combined TRACON& Tower with Radar,934,144,23,0,1101,0,0,8,0,8,934,144,31,0,1109,0,0,0,1109
10/30/2022,CLT,NC,ASO,ES,Combined TRACON& Tower with Radar,1195,208,48,0,1451,0,0,2,0,2,1195,208,50,0,1453,0,0,0,1453
10/31/2022,CLT,NC,ASO,ES,Combined TRACON& Tower with Radar,895,134,58,0,1087,0,0,2,0,2,895,134,60,0,1089,0,0,0,1089
11/01/2022,CLT,NC,ASO,ES,Combined TRACON& Tower with Radar,1029,200,86,9,1324,0,5,18,0,23,1029,205,104,9,1347,0,0,0,1347
11/02/2022,CLT,NC,ASO,ES,Combined TRACON& Tower with Radar,1037,200,81,3,1321,0,11,13,0,24,1037,211,94,3,1345,0,0,0,1345
11/03/2022,CLT,NC,ASO,ES,Combined TRACON& Tower with Radar,1152,172,108,9,1441,0,9,21,0,30,1152,181,129,9,1471,0,0,0,1471
11/04/2022,CLT,NC,ASO,ES,Combined TRACON& Tower with Radar,1149,170,93,1,1413,0,3,12,0,15,1149,173,105,1,1428,0,0,0,1428
11/05/2022,CLT,NC,ASO,ES,Combined TRACON& Tower with Radar,1084,155,37,0,1276,0,0,5,0,5,1084,155,42,0,1281,0,0,0,1281
11/06/2022,CLT,NC,ASO,ES,Combined TRACON& Tower with Radar,1138,179,54,4,1375,0,0,2,0,2,1138,179,56,4,1377,0,0,0,1377
11/07/2022,CLT,NC,ASO,ES,Combined TRACON& Tower with Radar,1156,187,65,1,1409,0,3,1,0,4,1156,190,66,1,1413,0,0,0,1413
11/08/2022,CLT,NC,ASO,ES,Combined TRACON& Tower with Radar,1136,181,65,5,1387,0,3,14,0,17,1136,184,79,5,1404,0,0,0,1404
11/09/2022,CLT,NC,ASO,ES,Combined TRACON& Tower with Radar,1116,181,91,3,1391,0,7,13,0,20,1116,188,104,3,1411,0,0,0,1411
11/10/2022,CLT,NC,ASO,ES,Combined TRACON& Tower with Radar,1093,188,99,3,1383,0,3,4,0,7,1093,191,103,3,1390,0,0,0,1390
11/11/2022,CLT,NC,ASO,ES,Combined TRACON& Tower with Radar,1122,166,51,0,1339,0,0,0,0,0,1122,166,51,0,1339,0,0,0,1339
11/12/2022,CLT,NC,ASO,ES,Combined TRACON& Tower with Radar,1105,160,50,0,1315,0,2,5,0,7,1105,162,55,0,1322,0,0,0,1322
11/13/2022,CLT,NC,ASO,ES,Combined TRACON& Tower with Radar,1137,191,45,0,1373,0,0,9,0,9,1137,191,54,0,1382,0,0,0,1382
11/14/2022,CLT,NC,ASO,ES,Combined TRACON& Tower with Radar,1152,185,65,2,1404,0,6,9,0,15,1152,191,74,2,1419,0,0,0,1419
11/15/2022,CLT,NC,ASO,ES,Combined TRACON& Tower with Radar,1156,176,88,3,1423,0,0,2,0,2,1156,176,90,3,1425,0,0,0,1425
11/16/2022,CLT,NC,ASO,ES,Combined TRACON& Tower with Radar,1170,175,87,5,1437,0,7,15,0,22,1170,182,102,5,1459,0,0,0,1459
11/17/2022,CLT,NC,ASO,ES,Combined TRACON& Tower with Radar,1160,191,91,7,1449,0,8,22,0,30,1160,199,113,7,1479,0,0,0,1479
11/18/2022,CLT,NC,ASO,ES,Combined TRACON& Tower with Radar,1152,173,71,0,1396,0,6,10,0,16,1152,179,81,0,1412,0,0,0,1412
11/19/2022,CLT,NC,ASO,ES,Combined TRACON& Tower with Radar,1092,157,32,5,1286,0,1,7,0,8,1092,158,39,5,1294,0,0,0,1294
11/20/2022,CLT,NC,ASO,ES,Combined TRACON& Tower with Radar,1155,179,47,1,1382,0,0,5,0,5,1155,179,52,1,1387,0,0,0,1387
11/21/2022,CLT,NC,ASO,ES,Combined TRACON& Tower with Radar,1167,165,59,0,1391,0,7,8,0,15,1167,172,67,0,1406,0,0,0,1406
11/22/2022,CLT,NC,ASO,ES,Combined TRACON& Tower with Radar,1152,182,68,4,1406,0,3,18,1,22,1152,185,86,5,1428,0,0,0,1428
11/23/2022,CLT,NC,ASO,ES,Combined TRACON& Tower with Radar,1166,180,49,0,1395,0,5,15,2,22,1166,185,64,2,1417,0,0,0,1417
11/24/2022,CLT,NC,ASO,ES,Combined TRACON& Tower with Radar,545,70,12,0,627,0,0,5,0,5,545,70,17,0,632,0,0,0,632
11/25/2022,CLT,NC,ASO,ES,Combined TRACON& Tower with Radar,1109,180,40,0,1329,0,0,7,0,7,1109,180,47,0,1336,0,0,0,1336
11/26/2022,CLT,NC,ASO,ES,Combined TRACON& Tower with Radar,1116,175,47,0,1338,0,1,8,0,9,1116,176,55,0,1347,0,0,0,1347
11/27/2022,CLT,NC,ASO,ES,Combined TRACON& Tower with Radar,1169,177,57,0,1403,0,0,0,0,0,1169,177,57,0,1403,0,0,0,1403
11/28/2022,CLT,NC,ASO,ES,Combined TRACON& Tower with Radar,1153,164,51,1,1369,0,3,6,1,10,1153,167,57,2,1379,0,0,0,1379
11/29/2022,CLT,NC,ASO,ES,Combined TRACON& Tower with Radar,1152,190,66,4,1412,0,1,10,2,13,1152,191,76,6,1425,0,0,0,1425
11/30/2022,CLT,NC,ASO,ES,Combined TRACON& Tower with Radar,1134,161,60,2,1357,0,2,3,0,5,1134,163,63,2,1362,0,0,0,1362
12/01/2022,CLT,NC,ASO,ES,Combined TRACON& Tower with Radar,1155,176,79,3,1413,0,0,15,0,15,1155,176,94,3,1428,0,0,0,1428
12/02/2022,CLT,NC,ASO,ES,Combined TRACON& Tower with Radar,1148,169,74,2,1393,0,5,8,0,13,1148,174,82,2,1406,0,0,0,1406
12/03/2022,CLT,NC,ASO,ES,Combined TRACON& Tower with Radar,1082,161,46,4,1293,0,0,2,0,2,1082,161,48,4,1295,0,0,0,1295
12/04/2022,CLT,NC,ASO,ES,Combined TRACON& Tower with Radar,1147,176,50,1,1374,0,2,2,0,4,1147,178,52,1,1378,0,0,0,1378
12/05/2022,CLT,NC,ASO,ES,Combined TRACON& Tower with Radar,1144,174,80,0,1398,0,5,5,0,10,1144,179,85,0,1408,0,0,0,1408
12/06/2022,CLT,NC,ASO,ES,Combined TRACON& Tower with Radar,1162,175,110,3,1450,0,0,0,0,0,1162,175,110,3,1450,0,0,0,1450
12/07/2022,CLT,NC,ASO,ES,Combined TRACON& Tower with Radar,1157,165,75,3,1400,0,0,0,0,0,1157,165,75,3,1400,0,0,0,1400
12/08/2022,CLT,NC,ASO,ES,Combined TRACON& Tower with Radar,1162,192,104,4,1462,0,5,16,0,21,1162,197,120,4,1483,0,0,0,1483
12/09/2022,CLT,NC,ASO,ES,Combined TRACON& Tower with Radar,1152,165,60,0,1377,0,4,6,0,10,1152,169,66,0,1387,0,0,0,1387
12/10/2022,CLT,NC,ASO,ES,Combined TRACON& Tower with Radar,1091,152,30,0,1273,0,2,6,0,8,1091,154,36,0,1281,0,0,0,1281
12/11/2022,CLT,NC,ASO,ES,Combined TRACON& Tower with Radar,1136,166,36,0,1338,0,0,0,0,0,1136,166,36,0,1338,0,0,0,1338
12/12/2022,CLT,NC,ASO,ES,Combined TRACON& Tower with Radar,1156,187,77,0,1420,0,6,12,0,18,1156,193,89,0,1438,0,0,0,1438
12/13/2022,CLT,NC,ASO,ES,Combined TRACON& Tower with Radar,1147,188,89,4,1428,0,8,14,0,22,1147,196,103,4,1450,0,0,0,1450
12/14/2022,CLT,NC,ASO,ES,Combined TRACON& Tower with Radar,1171,182,62,3,1418,0,8,6,0,14,1171,190,68,3,1432,0,0,0,1432
12/15/2022,CLT,NC,ASO,ES,Combined TRACON& Tower with Radar,1160,190,97,4,1451,0,0,2,0,2,1160,190,99,4,1453,0,0,0,1453
12/16/2022,CLT,NC,ASO,ES,Combined TRACON& Tower with Radar,1133,207,83,1,1424,0,4,14,0,18,1133,211,97,1,1442,0,0,0,1442
12/17/2022,CLT,NC,ASO,ES,Combined TRACON& Tower with Radar,1110,168,39,0,1317,0,0,9,2,11,1110,168,48,2,1328,0,0,0,1328
12/18/2022,CLT,NC,ASO,ES,Combined TRACON& Tower with Radar,1117,186,49,0,1352,0,0,5,0,5,1117,186,54,0,1357,0,0,0,1357
12/19/2022,CLT,NC,ASO,ES,Combined TRACON& Tower with Radar,1097,192,46,0,1335,0,3,6,0,9,1097,195,52,0,1344,0,0,0,1344
12/20/2022,CLT,NC,ASO,ES,Combined TRACON& Tower with Radar,1119,187,40,4,1350,0,1,17,0,18,1119,188,57,4,1368,0,0,0,1368
12/21/2022,CLT,NC,ASO,ES,Combined TRACON& Tower with Radar,1132,201,56,5,1394,0,1,11,2,14,1132,202,67,7,1408,0,0,0,1408
12/22/2022,CLT,NC,ASO,ES,Combined TRACON& Tower with Radar,1076,191,34,5,1306,0,0,0,0,0,1076,191,34,5,1306,0,0,0,1306
12/23/2022,CLT,NC,ASO,ES,Combined TRACON& Tower with Radar,978,148,30,0,1156,0,1,5,0,6,978,149,35,0,1162,0,0,0,1162
12/24/2022,CLT,NC,ASO,ES,Combined TRACON& Tower with Radar,768,143,27,0,938,0,0,4,0,4,768,143,31,0,942,0,0,0,942
12/25/2022,CLT,NC,ASO,ES,Combined TRACON& Tower with Radar,886,157,3,0,1046,0,1,5,2,8,886,158,8,2,1054,0,0,0,1054
12/26/2022,CLT,NC,ASO,ES,Combined TRACON& Tower with Radar,1054,204,46,0,1304,0,0,4,0,4,1054,204,50,0,1308,0,0,0,1308
12/27/2022,CLT,NC,ASO,ES,Combined TRACON& Tower with Radar,1094,197,58,2,1351,0,4,17,0,21,1094,201,75,2,1372,0,0,0,1372
12/28/2022,CLT,NC,ASO,ES,Combined TRACON& Tower with Radar,1106,183,44,3,1336,0,0,15,0,15,1106,183,59,3,1351,0,0,0,1351
12/29/2022,CLT,NC,ASO,ES,Combined TRACON& Tower with Radar,1110,197,29,2,1338,0,0,21,0,21,1110,197,50,2,1359,0,0,0,1359
12/30/2022,CLT,NC,ASO,ES,Combined TRACON& Tower with Radar,1123,212,46,0,1381,0,0,14,0,14,1123,212,60,0,1395,0,0,0,1395
12/31/2022,CLT,NC,ASO,ES,Combined TRACON& Tower with Radar,821,138,23,0,982,0,0,1,0,1,821,138,24,0,983,0,0,0,983
01/01/2023,CLT,NC,ASO,ES,Combined TRACON& Tower with Radar,923,155,25,2,1105,0,0,0,0,0,923,155,25,2,1105,0,0,0,1105
01/02/2023,CLT,NC,ASO,ES,Combined TRACON& Tower with Radar,1081,212,52,1,1346,0,0,4,0,4,1081,212,56,1,1350,0,0,0,1350
01/03/2023,CLT,NC,ASO,ES,Combined TRACON& Tower with Radar,1109,177,44,5,1335,0,1,2,0,3,1109,178,46,5,1338,0,0,0,1338
01/04/2023,CLT,NC,ASO,ES,Combined TRACON& Tower with Radar,1015,193,45,1,1254,0,0,2,0,2,1015,193,47,1,1256,0,0,0,1256
01/05/2023,CLT,NC,ASO,ES,Combined TRACON& Tower with Radar,955,161,42,5,1163,0,4,18,0,22,955,165,60,5,1185,0,0,0,1185
01/06/2023,CLT,NC,ASO,ES,Combined TRACON& Tower with Radar,973,174,48,0,1195,0,2,14,0,16,973,176,62,0,1211,0,0,0,1211
01/07/2023,CLT,NC,ASO,ES,Combined TRACON& Tower with Radar,1050,173,26,1,1250,0,1,16,2,19,1050,174,42,3,1269,0,0,0,1269
01/08/2023,CLT,NC,ASO,ES,Combined TRACON& Tower with Radar,1110,185,35,2,1332,0,0,1,0,1,1110,185,36,2,1333,0,0,0,1333
01/09/2023,CLT,NC,ASO,ES,Combined TRACON& Tower with Radar,1105,192,55,0,1352,0,0,13,0,13,1105,192,68,0,1365,0,0,0,1365
01/10/2023,CLT,NC,ASO,ES,Combined TRACON& Tower with Radar,1040,169,92,5,1306,0,1,19,2,22,1040,170,111,7,1328,0,0,0,1328
01/11/2023,CLT,NC,ASO,ES,Combined TRACON& Tower with Radar,921,158,80,3,1162,0,0,14,0,14,921,158,94,3,1176,0,0,0,1176
01/12/2023,CLT,NC,ASO,ES,Combined TRACON& Tower with Radar,1132,176,66,4,1378,0,0,6,0,6,1132,176,72,4,1384,0,0,0,1384
01/13/2023,CLT,NC,ASO,ES,Combined TRACON& Tower with Radar,1225,185,63,1,1474,0,3,17,0,20,1225,188,80,1,1494,0,0,0,1494
01/14/2023,CLT,NC,ASO,ES,Combined TRACON& Tower with Radar,868,127,34,0,1029,0,1,8,0,9,868,128,42,0,1038,0,0,0,1038
01/15/2023,CLT,NC,ASO,ES,Combined TRACON& Tower with Radar,1027,168,31,1,1227,0,1,1,0,2,1027,169,32,1,1229,0,0,0,1229
01/16/2023,CLT,NC,ASO,ES,Combined TRACON& Tower with Radar,1059,162,56,0,1277,0,0,4,0,4,1059,162,60,0,1281,0,0,0,1281
01/17/2023,CLT,NC,ASO,ES,Combined TRACON& Tower with Radar,1053,164,68,4,1289,0,0,2,0,2,1053,164,70,4,1291,0,0,0,1291
01/18/2023,CLT,NC,ASO,ES,Combined TRACON& Tower with Radar,1078,161,60,5,1304,0,3,11,0,14,1078,164,71,5,1318,0,0,0,1318
01/19/2023,CLT,NC,ASO,ES,Combined TRACON& Tower with Radar,1198,174,64,6,1442,0,2,7,2,11,1198,176,71,8,1453,0,0,0,1453
01/20/2023,CLT,NC,ASO,ES,Combined TRACON& Tower with Radar,1172,176,62,0,1410,0,8,27,1,36,1172,184,89,1,1446,0,0,0,1446
01/21/2023,CLT,NC,ASO,ES,Combined TRACON& Tower with Radar,1021,135,25,0,1181,0,0,15,0,15,1021,135,40,0,1196,0,0,0,1196
01/22/2023,CLT,NC,ASO,ES,Combined TRACON& Tower with Radar,1148,170,40,0,1358,0,0,0,0,0,1148,170,40,0,1358,0,0,0,1358
01/23/2023,CLT,NC,ASO,ES,Combined TRACON& Tower with Radar,1094,176,65,0,1335,0,3,9,0,12,1094,179,74,0,1347,0,0,0,1347
01/24/2023,CLT,NC,ASO,ES,Combined TRACON& Tower with Radar,1045,182,74,2,1303,0,5,24,0,29,1045,187,98,2,1332,0,0,0,1332
01/25/2023,CLT,NC,ASO,ES,Combined TRACON& Tower with Radar,1093,173,57,1,1324,0,0,0,0,0,1093,173,57,1,1324,0,0,0,1324
01/26/2023,CLT,NC,ASO,ES,Combined TRACON& Tower with Radar,1195,174,73,4,1446,0,3,12,0,15,1195,177,85,4,1461,0,0,0,1461
01/27/2023,CLT,NC,ASO,ES,Combined TRACON& Tower with Radar,1179,174,71,1,1425,0,3,16,0,19,1179,177,87,1,1444,0,0,0,1444
01/28/2023,CLT,NC,ASO,ES,Combined TRACON& Tower with Radar,1028,143,40,0,1211,0,1,9,0,10,1028,144,49,0,1221,0,0,0,1221
01/29/2023,CLT,NC,ASO,ES,Combined TRACON& Tower with Radar,1162,172,49,2,1385,0,0,0,0,0,1162,172,49,2,1385,0,0,0,1385
01/30/2023,CLT,NC,ASO,ES,Combined TRACON& Tower with Radar,1049,177,74,1,1301,0,2,7,0,9,1049,179,81,1,1310,0,0,0,1310
01/31/2023,CLT,NC,ASO,ES,Combined TRACON& Tower with Radar,1021,150,51,4,1226,0,0,2,0,2,1021,150,53,4,1228,0,0,0,1228
02/01/2023,CLT,NC,ASO,ES,Combined TRACON& Tower with Radar,1028,188,68,4,1288,0,0,2,0,2,1028,188,70,4,1290,0,0,0,1290
02/02/2023,CLT,NC,ASO,ES,Combined TRACON& Tower with Radar,1138,185,81,0,1404,0,0,0,0,0,1138,185,81,0,1404,0,0,0,1404
02/03/2023,CLT,NC,ASO,ES,Combined TRACON& Tower with Radar,1150,151,42,2,1345,0,8,19,0,27,1150,159,61,2,1372,0,0,0,1372
02/04/2023,CLT,NC,ASO,ES,Combined TRACON& Tower with Radar,1082,153,16,0,1251,0,0,16,0,16,1082,153,32,0,1267,0,0,0,1267
02/05/2023,CLT,NC,ASO,ES,Combined TRACON& Tower with Radar,1152,152,42,0,1346,0,2,8,0,10,1152,154,50,0,1356,0,0,0,1356
02/06/2023,CLT,NC,ASO,ES,Combined TRACON& Tower with Radar,1162,177,67,3,1409,0,5,8,0,13,1162,182,75,3,1422,0,0,0,1422
02/07/2023,CLT,NC,ASO,ES,Combined TRACON& Tower with Radar,1019,159,60,4,1242,0,2,20,0,22,1019,161,80,4,1264,0,0,0,1264
02/08/2023,CLT,NC,ASO,ES,Combined TRACON& Tower with Radar,1020,183,73,5,1281,0,10,18,0,28,1020,193,91,5,1309,0,0,0,1309
02/09/2023,CLT,NC,ASO,ES,Combined TRACON& Tower with Radar,1179,172,92,4,1447,0,0,16,0,16,1179,172,108,4,1463,0,0,0,1463
02/10/2023,CLT,NC,ASO,ES,Combined TRACON& Tower with Radar,1165,159,66,2,1392,0,1,14,0,15,1165,160,80,2,1407,0,0,0,1407
02/11/2023,CLT,NC,ASO,ES,Combined TRACON& Tower with Radar,1086,148,29,3,1266,0,0,10,0,10,1086,148,39,3,1276,0,0,0,1276
02/12/2023,CLT,NC,ASO,ES,Combined TRACON& Tower with Radar,1145,160,35,0,1340,0,0,0,0,0,1145,160,35,0,1340,0,0,0,1340
02/13/2023,CLT,NC,ASO,ES,Combined TRACON& Tower with Radar,1157,165,70,2,1394,0,4,9,0,13,1157,169,79,2,1407,0,0,0,1407
02/14/2023,CLT,NC,ASO,ES,Combined TRACON& Tower with Radar,1012,159,57,4,1232,0,2,11,0,13,1012,161,68,4,1245,0,0,0,1245
02/15/2023,CLT,NC,ASO,ES,Combined TRACON& Tower with Radar,1037,148,77,5,1267,0,2,15,0,17,1037,150,92,5,1284,0,0,0,1284
02/16/2023,CLT,NC,ASO,ES,Combined TRACON& Tower with Radar,1159,167,65,5,1396,0,1,14,0,15,1159,168,79,5,1411,0,0,0,1411
02/17/2023,CLT,NC,ASO,ES,Combined TRACON& Tower with Radar,1171,158,71,3,1403,0,1,8,0,9,1171,159,79,3,1412,0,0,0,1412
02/18/2023,CLT,NC,ASO,ES,Combined TRACON& Tower with Radar,982,126,28,0,1136,0,1,26,0,27,982,127,54,0,1163,0,0,0,1163
02/19/2023,CLT,NC,ASO,ES,Combined TRACON& Tower with Radar,1144,164,34,0,1342,0,3,2,0,5,1144,167,36,0,1347,0,0,0,1347
02/20/2023,CLT,NC,ASO,ES,Combined TRACON& Tower with Radar,1163,175,71,1,1410,0,1,8,0,9,1163,176,79,1,1419,0,0,0,1419
02/21/2023,CLT,NC,ASO,ES,Combined TRACON& Tower with Radar,1145,162,83,5,1395,0,0,17,0,17,1145,162,100,5,1412,0,0,0,1412
02/22/2023,CLT,NC,ASO,ES,Combined TRACON& Tower with Radar,1125,161,92,3,1381,0,2,17,0,19,1125,163,109,3,1400,0,0,0,1400
02/23/2023,CLT,NC,ASO,ES,Combined TRACON& Tower with Radar,1163,179,91,2,1435,0,2,16,0,18,1163,181,107,2,1453,0,0,0,1453
02/24/2023,CLT,NC,ASO,ES,Combined TRACON& Tower with Radar,1172,157,63,3,1395,0,0,24,0,24,1172,157,87,3,1419,0,0,0,1419
02/25/2023,CLT,NC,ASO,ES,Combined TRACON& Tower with Radar,1105,142,23,0,1270,0,0,1,0,1,1105,142,24,0,1271,0,0,0,1271
02/26/2023,CLT,NC,ASO,ES,Combined TRACON& Tower with Radar,1154,166,44,1,1365,0,0,1,0,1,1154,166,45,1,1366,0,0,0,1366
02/27/2023,CLT,NC,ASO,ES,Combined TRACON& Tower with Radar,1160,166,60,1,1387,0,3,14,0,17,1160,169,74,1,1404,0,0,0,1404
02/28/2023,CLT,NC,ASO,ES,Combined TRACON& Tower with Radar,1154,161,67,4,1386,0,0,16,0,16,1154,161,83,4,1402,0,0,0,1402
03/01/2023,CLT,NC,ASO,ES,Combined TRACON& Tower with Radar,1171,176,88,2,1437,0,1,11,0,12,1171,177,99,2,1449,0,0,0,1449
03/02/2023,CLT,NC,ASO,ES,Combined TRACON& Tower with Radar,1194,187,81,4,1466,0,0,17,0,17,1194,187,98,4,1483,0,0,0,1483
03/03/2023,CLT,NC,ASO,ES,Combined TRACON& Tower with Radar,1160,161,69,0,1390,0,0,4,0,4,1160,161,73,0,1394,0,0,0,1394
03/04/2023,CLT,NC,ASO,ES,Combined TRACON& Tower with Radar,1120,170,36,8,1334,0,1,7,0,8,1120,171,43,8,1342,0,0,0,1342
03/05/2023,CLT,NC,ASO,ES,Combined TRACON& Tower with Radar,1186,176,37,2,1401,0,1,2,0,3,1186,177,39,2,1404,0,0,0,1404
03/06/2023,CLT,NC,ASO,ES,Combined TRACON& Tower with Radar,1202,164,71,2,1439,0,1,8,0,9,1202,165,79,2,1448,0,0,0,1448
03/07/2023,CLT,NC,ASO,ES,Combined TRACON& Tower with Radar,1051,164,58,6,1279,0,1,23,0,24,1051,165,81,6,1303,0,0,0,1303
03/08/2023,CLT,NC,ASO,ES,Combined TRACON& Tower with Radar,1191,175,86,3,1455,0,0,14,0,14,1191,175,100,3,1469,0,0,0,1469
03/09/2023,CLT,NC,ASO,ES,Combined TRACON& Tower with Radar,1189,176,91,4,1460,0,1,19,0,20,1189,177,110,4,1480,0,0,0,1480
03/10/2023,CLT,NC,ASO,ES,Combined TRACON& Tower with Radar,1214,185,69,1,1469,0,2,6,0,8,1214,187,75,1,1477,0,0,0,1477
03/11/2023,CLT,NC,ASO,ES,Combined TRACON& Tower with Radar,1128,173,56,0,1357,0,0,15,0,15,1128,173,71,0,1372,0,0,0,1372
03/12/2023,CLT,NC,ASO,ES,Combined TRACON& Tower with Radar,1176,157,49,0,1382,0,0,0,0,0,1176,157,49,0,1382,0,0,0,1382
03/13/2023,CLT,NC,ASO,ES,Combined TRACON& Tower with Radar,1202,180,65,2,1449,0,1,5,2,8,1202,181,70,4,1457,0,0,0,1457
03/14/2023,CLT,NC,ASO,ES,Combined TRACON& Tower with Radar,1032,167,48,5,1252,0,3,18,0,21,1032,170,66,5,1273,0,0,0,1273
03/15/2023,CLT,NC,ASO,ES,Combined TRACON& Tower with Radar,1178,158,59,2,1397,0,1,12,0,13,1178,159,71,2,1410,0,0,0,1410
03/16/2023,CLT,NC,ASO,ES,Combined TRACON& Tower with Radar,1200,179,75,6,1460,0,2,12,0,14,1200,181,87,6,1474,0,0,0,1474
03/17/2023,CLT,NC,ASO,ES,Combined TRACON& Tower with Radar,1194,163,41,1,1399,0,0,2,0,2,1194,163,43,1,1401,0,0,0,1401
03/18/2023,CLT,NC,ASO,ES,Combined TRACON& Tower with Radar,1134,174,41,0,1349,0,1,5,0,6,1134,175,46,0,1355,0,0,0,1355
03/19/2023,CLT,NC,ASO,ES,Combined TRACON& Tower with Radar,1187,171,73,4,1435,0,0,9,0,9,1187,171,82,4,1444,0,0,0,1444
03/20/2023,CLT,NC,ASO,ES,Combined TRACON& Tower with Radar,1193,167,64,0,1424,0,1,13,0,14,1193,168,77,0,1438,0,0,0,1438
03/21/2023,CLT,NC,ASO,ES,Combined TRACON& Tower with Radar,1063,159,83,7,1312,0,2,21,0,23,1063,161,104,7,1335,0,0,0,1335
03/22/2023,CLT,NC,ASO,ES,Combined TRACON& Tower with Radar,1192,175,89,0,1456,0,6,9,0,15,1192,181,98,0,1471,0,0,0,1471
03/23/2023,CLT,NC,ASO,ES,Combined TRACON& Tower with Radar,1219,189,88,2,1498,0,4,12,0,16,1219,193,100,2,1514,0,0,0,1514
03/24/2023,CLT,NC,ASO,ES,Combined TRACON& Tower with Radar,1211,174,57,2,1444,0,2,15,0,17,1211,176,72,2,1461,0,0,0,1461
03/25/2023,CLT,NC,ASO,ES,Combined TRACON& Tower with Radar,1116,161,32,1,1310,0,1,17,0,18,1116,162,49,1,1328,0,0,0,1328
03/26/2023,CLT,NC,ASO,ES,Combined TRACON& Tower with Radar,1138,168,41,1,1348,0,0,2,0,2,1138,168,43,1,1350,0,0,0,1350
03/27/2023,CLT,NC,ASO,ES,Combined TRACON& Tower with Radar,1183,193,71,2,1449,0,5,11,0,16,1183,198,82,2,1465,0,0,0,1465
03/28/2023,CLT,NC,ASO,ES,Combined TRACON& Tower with Radar,1078,192,55,7,1332,0,2,10,0,12,1078,194,65,7,1344,0,0,0,1344
03/29/2023,CLT,NC,ASO,ES,Combined TRACON& Tower with Radar,1183,194,85,3,1465,0,6,5,0,11,1183,200,90,3,1476,0,0,0,1476
03/30/2023,CLT,NC,ASO,ES,Combined TRACON& Tower with Radar,1201,186,79,2,1468,0,2,15,0,17,1201,188,94,2,1485,0,0,0,1485
03/31/2023,CLT,NC,ASO,ES,Combined TRACON& Tower with Radar,1174,162,83,2,1421,0,0,10,0,10,1174,162,93,2,1431,0,0,0,1431
04/01/2023,CLT,NC,ASO,ES,Combined TRACON& Tower with Radar,1103,152,24,0,1279,0,1,5,0,6,1103,153,29,0,1285,0,0,0,1285
04/02/2023,CLT,NC,ASO,ES,Combined TRACON& Tower with Radar,1181,184,42,0,1407,0,2,3,0,5,1181,186,45,0,1412,0,0,0,1412
04/03/2023,CLT,NC,ASO,ES,Combined TRACON& Tower with Radar,1194,173,44,3,1414,0,2,12,0,14,1194,175,56,3,1428,0,0,0,1428
04/04/2023,CLT,NC,ASO,ES,Combined TRACON& Tower with Radar,1042,190,86,6,1324,0,5,18,0,23,1042,195,104,6,1347,0,0,0,1347
04/05/2023,CLT,NC,ASO,ES,Combined TRACON& Tower with Radar,1140,218,62,2,1422,0,2,15,0,17,1140,220,77,2,1439,0,0,0,1439
04/06/2023,CLT,NC,ASO,ES,Combined TRACON& Tower with Radar,1185,221,86,5,1497,0,3,12,0,15,1185,224,98,5,1512,0,0,0,1512
04/07/2023,CLT,NC,ASO,ES,Combined TRACON& Tower with Radar,1177,222,46,0,1445,0,0,2,0,2,1177,222,48,0,1447,0,0,0,1447
04/08/2023,CLT,NC,ASO,ES,Combined TRACON& Tower with Radar,1106,195,24,0,1325,0,0,0,0,0,1106,195,24,0,1325,0,0,0,1325
04/09/2023,CLT,NC,ASO,ES,Combined TRACON& Tower with Radar,1153,217,30,0,1400,0,1,2,0,3,1153,218,32,0,1403,0,0,0,1403
04/10/2023,CLT,NC,ASO,ES,Combined TRACON& Tower with Radar,1174,233,80,3,1490,0,1,12,0,13,1174,234,92,3,1503,0,0,0,1503
04/11/2023,CLT,NC,ASO,ES,Combined TRACON& Tower with Radar,1056,200,78,4,1338,0,2,25,0,27,1056,202,103,4,1365,0,0,0,1365
04/12/2023,CLT,NC,ASO,ES,Combined TRACON& Tower with Radar,1155,226,90,2,1473,0,2,13,0,15,1155,228,103,2,1488,0,0,0,1488
04/13/2023,CLT,NC,ASO,ES,Combined TRACON& Tower with Radar,1183,226,109,6,1524,0,1,16,0,17,1183,227,125,6,1541,0,0,0,1541
04/14/2023,CLT,NC,ASO,ES,Combined TRACON& Tower with Radar,1179,222,64,1,1466,0,0,10,0,10,1179,222,74,1,1476,0,0,0,1476
04/15/2023,CLT,NC,ASO,ES,Combined TRACON& Tower with Radar,1103,211,42,1,1357,0,2,6,0,8,1103,213,48,1,1365,0,0,0,1365
04/16/2023,CLT,NC,ASO,ES,Combined TRACON& Tower with Radar,1179,215,47,0,1441,0,1,6,0,7,1179,216,53,0,1448,0,0,0,1448
04/17/2023,CLT,NC,ASO,ES,Combined TRACON& Tower with Radar,1183,207,74,0,1464,0,1,8,0,9,1183,208,82,0,1473,0,0,0,1473
04/18/2023,CLT,NC,ASO,ES,Combined TRACON& Tower with Radar,1063,203,82,8,1356,0,1,25,1,27,1063,204,107,9,1383,0,0,0,1383
04/19/2023,CLT,NC,ASO,ES,Combined TRACON& Tower with Radar,1160,209,76,4,1449,0,0,18,0,18,1160,209,94,4,1467,0,0,0,1467
04/20/2023,CLT,NC,ASO,ES,Combined TRACON& Tower with Radar,1179,226,73,10,1488,0,3,17,0,20,1179,229,90,10,1508,0,0,0,1508
04/21/2023,CLT,NC,ASO,ES,Combined TRACON& Tower with Radar,1183,212,64,1,1460,0,0,16,0,16,1183,212,80,1,1476,0,0,0,1476
04/22/2023,CLT,NC,ASO,ES,Combined TRACON& Tower with Radar,1085,207,25,0,1317,0,0,17,0,17,1085,207,42,0,1334,0,0,0,1334
04/23/2023,CLT,NC,ASO,ES,Combined TRACON& Tower with Radar,1206,213,48,0,1467,0,0,6,0,6,1206,213,54,0,1473,0,0,0,1473
04/24/2023,CLT,NC,ASO,ES,Combined TRACON& Tower with Radar,1183,229,59,1,1472,0,0,6,0,6,1183,229,65,1,1478,0,0,0,1478
04/25/2023,CLT,NC,ASO,ES,Combined TRACON& Tower with Radar,1066,214,93,4,1377,0,0,16,0,16,1066,214,109,4,1393,0,0,0,1393
04/26/2023,CLT,NC,ASO,ES,Combined TRACON& Tower with Radar,1157,218,87,2,1464,0,0,8,0,8,1157,218,95,2,1472,0,0,0,1472
04/27/2023,CLT,NC,ASO,ES,Combined TRACON& Tower with Radar,1171,219,73,4,1467,0,0,0,0,0,1171,219,73,4,1467,0,0,0,1467
04/28/2023,CLT,NC,ASO,ES,Combined TRACON& Tower with Radar,1233,227,60,0,1520,0,1,12,0,13,1233,228,72,0,1533,0,0,0,1533
04/29/2023,CLT,NC,ASO,ES,Combined TRACON& Tower with Radar,1095,195,27,0,1317,0,0,4,0,4,1095,195,31,0,1321,0,0,0,1321
04/30/2023,CLT,NC,ASO,ES,Combined TRACON& Tower with Radar,1158,232,57,3,1450,0,0,1,0,1,1158,232,58,3,1451,0,0,0,1451
05/01/2023,CLT,NC,ASO,ES,Combined TRACON& Tower with Radar,1176,242,62,2,1482,0,2,10,0,12,1176,244,72,2,1494,0,0,0,1494
05/02/2023,CLT,NC,ASO,ES,Combined TRACON& Tower with Radar,1072,254,80,2,1408,0,2,9,0,11,1072,256,89,2,1419,0,0,0,1419
05/03/2023,CLT,NC,ASO,ES,Combined TRACON& Tower with Radar,1157,233,87,1,1478,0,2,18,0,20,1157,235,105,1,1498,0,0,0,1498
05/04/2023,CLT,NC,ASO,ES,Combined TRACON& Tower with Radar,1203,242,102,5,1552,0,1,22,0,23,1203,243,124,5,1575,0,0,0,1575
05/05/2023,CLT,NC,ASO,ES,Combined TRACON& Tower with Radar,1190,231,84,0,1505,0,1,17,0,18,1190,232,101,0,1523,0,0,0,1523
05/06/2023,CLT,NC,ASO,ES,Combined TRACON& Tower with Radar,1120,208,26,2,1356,0,1,6,0,7,1120,209,32,2,1363,0,0,0,1363
05/07/2023,CLT,NC,ASO,ES,Combined TRACON& Tower with Radar,1160,236,62,2,1460,0,1,7,0,8,1160,237,69,2,1468,0,0,0,1468
05/08/2023,CLT,NC,ASO,ES,Combined TRACON& Tower with Radar,1194,224,59,6,1483,0,1,9,0,10,1194,225,68,6,1493,0,0,0,1493
05/09/2023,CLT,NC,ASO,ES,Combined TRACON& Tower with Radar,1067,182,78,4,1331,0,3,13,1,17,1067,185,91,5,1348,0,0,0,1348
05/10/2023,CLT,NC,ASO,ES,Combined TRACON& Tower with Radar,1187,233,93,2,1515,0,0,8,0,8,1187,233,101,2,1523,0,0,0,1523
05/11/2023,CLT,NC,ASO,ES,Combined TRACON& Tower with Radar,1196,227,92,4,1519,0,3,19,0,22,1196,230,111,4,1541,0,0,0,1541
05/12/2023,CLT,NC,ASO,ES,Combined TRACON& Tower with Radar,1199,219,64,0,1482,0,1,13,0,14,1199,220,77,0,1496,0,0,0,1496
05/13/2023,CLT,NC,ASO,ES,Combined TRACON& Tower with Radar,1103,214,29,0,1346,0,0,6,0,6,1103,214,35,0,1352,0,0,0,1352
05/14/2023,CLT,NC,ASO,ES,Combined TRACON& Tower with Radar,1162,215,37,3,1417,0,0,7,0,7,1162,215,44,3,1424,0,0,0,1424
05/15/2023,CLT,NC,ASO,ES,Combined TRACON& Tower with Radar,1171,239,65,2,1477,0,4,18,0,22,1171,243,83,2,1499,0,0,0,1499
05/16/2023,CLT,NC,ASO,ES,Combined TRACON& Tower with Radar,1055,193,78,6,1332,0,7,14,0,21,1055,200,92,6,1353,0,0,0,1353
05/17/2023,CLT,NC,ASO,ES,Combined TRACON& Tower with Radar,1205,217,103,3,1528,0,2,16,0,18,1205,219,119,3,1546,0,0,0,1546
05/18/2023,CLT,NC,ASO,ES,Combined TRACON& Tower with Radar,1199,224,93,4,1520,0,3,13,0,16,1199,227,106,4,1536,0,0,0,1536
05/19/2023,CLT,NC,ASO,ES,Combined TRACON& Tower with Radar,1183,219,65,4,1471,0,0,12,0,12,1183,219,77,4,1483,0,0,0,1483
05/20/2023,CLT,NC,ASO,ES,Combined TRACON& Tower with Radar,1104,204,30,2,1340,0,0,7,0,7,1104,204,37,2,1347,0,0,0,1347
05/21/2023,CLT,NC,ASO,ES,Combined TRACON& Tower with Radar,1187,217,52,0,1456,0,0,5,0,5,1187,217,57,0,1461,0,0,0,1461
05/22/2023,CLT,NC,ASO,ES,Combined TRACON& Tower with Radar,1177,231,57,0,1465,0,4,47,0,51,1177,235,104,0,1516,0,0,0,1516
05/23/2023,CLT,NC,ASO,ES,Combined TRACON& Tower with Radar,1086,203,77,7,1373,0,1,16,0,17,1086,204,93,7,1390,0,0,0,1390
05/24/2023,CLT,NC,ASO,ES,Combined TRACON& Tower with Radar,1180,215,82,3,1480,0,0,12,3,15,1180,215,94,6,1495,0,0,0,1495
05/25/2023,CLT,NC,ASO,ES,Combined TRACON& Tower with Radar,1191,254,86,7,1538,0,3,29,3,35,1191,257,115,10,1573,0,0,0,1573
05/26/2023,CLT,NC,ASO,ES,Combined TRACON& Tower with Radar,1194,226,58,2,1480,0,0,35,0,35,1194,226,93,2,1515,0,0,0,1515
05/27/2023,CLT,NC,ASO,ES,Combined TRACON& Tower with Radar,1000,184,22,1,1207,0,0,3,0,3,1000,184,25,1,1210,0,0,0,1210
05/28/2023,CLT,NC,ASO,ES,Combined TRACON& Tower with Radar,1095,201,26,1,1323,0,0,0,0,0,1095,201,26,1,1323,0,0,0,1323
05/29/2023,CLT,NC,ASO,ES,Combined TRACON& Tower with Radar,1188,211,46,1,1446,0,0,2,0,2,1188,211,48,1,1448,0,0,0,1448
05/30/2023,CLT,NC,ASO,ES,Combined TRACON& Tower with Radar,1072,202,67,0,1341,0,2,10,0,12,1072,204,77,0,1353,0,0,0,1353
05/31/2023,CLT,NC,ASO,ES,Combined TRACON& Tower with Radar,1184,224,84,5,1497,0,0,17,0,17,1184,224,101,5,1514,0,0,0,1514
06/01/2023,CLT,NC,ASO,ES,Combined TRACON& Tower with Radar,1224,213,67,2,1506,0,2,22,0,24,1224,215,89,2,1530,0,0,0,1530
06/02/2023,CLT,NC,ASO,ES,Combined TRACON& Tower with Radar,1240,248,67,0,1555,0,1,19,0,20,1240,249,86,0,1575,0,0,0,1575
06/03/2023,CLT,NC,ASO,ES,Combined TRACON& Tower with Radar,1142,195,25,5,1367,0,0,13,0,13,1142,195,38,5,1380,0,0,0,1380
06/04/2023,CLT,NC,ASO,ES,Combined TRACON& Tower with Radar,1275,238,57,1,1571,0,0,2,0,2,1275,238,59,1,1573,0,0,0,1573
06/05/2023,CLT,NC,ASO,ES,Combined TRACON& Tower with Radar,1275,238,60,1,1574,0,1,9,0,10,1275,239,69,1,1584,0,0,0,1584
06/06/2023,CLT,NC,ASO,ES,Combined TRACON& Tower with Radar,1124,221,56,1,1402,0,4,16,0,20,1124,225,72,1,1422,0,0,0,1422
06/07/2023,CLT,NC,ASO,ES,Combined TRACON& Tower with Radar,1127,208,69,5,1409,0,0,16,0,16,1127,208,85,5,1425,0,0,0,1425
06/08/2023,CLT,NC,ASO,ES,Combined TRACON& Tower with Radar,1269,235,64,5,1573,0,2,31,0,33,1269,237,95,5,1606,0,0,0,1606
06/09/2023,CLT,NC,ASO,ES,Combined TRACON& Tower with Radar,1259,239,71,2,1571,0,5,27,0,32,1259,244,98,2,1603,0,0,0,1603
06/10/2023,CLT,NC,ASO,ES,Combined TRACON& Tower with Radar,1209,212,19,0,1440,0,3,6,0,9,1209,215,25,0,1449,0,0,0,1449
06/11/2023,CLT,NC,ASO,ES,Combined TRACON& Tower with Radar,1246,229,47,0,1522,0,0,6,0,6,1246,229,53,0,1528,0,0,0,1528
06/12/2023,CLT,NC,ASO,ES,Combined TRACON& Tower with Radar,1248,243,52,1,1544,0,3,13,0,16,1248,246,65,1,1560,0,0,0,1560
06/13/2023,CLT,NC,ASO,ES,Combined TRACON& Tower with Radar,1153,201,49,4,1407,0,2,22,0,24,1153,203,71,4,1431,0,0,0,1431
06/14/2023,CLT,NC,ASO,ES,Combined TRACON& Tower with Radar,1125,211,76,2,1414,0,2,15,0,17,1125,213,91,2,1431,0,0,0,1431
06/15/2023,CLT,NC,ASO,ES,Combined TRACON& Tower with Radar,1245,230,83,5,1563,0,2,19,0,21,1245,232,102,5,1584,0,0,0,1584
06/16/2023,CLT,NC,ASO,ES,Combined TRACON& Tower with Radar,1256,238,59,0,1553,0,0,18,0,18,1256,238,77,0,1571,0,0,0,1571
06/17/2023,CLT,NC,ASO,ES,Combined TRACON& Tower with Radar,1205,210,20,0,1435,0,1,6,0,7,1205,211,26,0,1442,0,0,0,1442
06/18/2023,CLT,NC,ASO,ES,Combined TRACON& Tower with Radar,1251,230,25,0,1506,1,0,6,0,7,1252,230,31,0,1513,0,0,0,1513
06/19/2023,CLT,NC,ASO,ES,Combined TRACON& Tower with Radar,1194,217,48,0,1459,0,0,4,0,4,1194,217,52,0,1463,0,0,0,1463
06/20/2023,CLT,NC,ASO,ES,Combined TRACON& Tower with Radar,1121,209,60,2,1392,0,0,2,0,2,1121,209,62,2,1394,0,0,0,1394
06/21/2023,CLT,NC,ASO,ES,Combined TRACON& Tower with Radar,1239,241,56,4,1540,0,0,4,0,4,1239,241,60,4,1544,0,0,0,1544
06/22/2023,CLT,NC,ASO,ES,Combined TRACON& Tower with Radar,1240,233,73,1,1547,0,0,0,0,0,1240,233,73,1,1547,0,0,0,1547
06/23/2023,CLT,NC,ASO,ES,Combined TRACON& Tower with Radar,1262,247,49,1,1559,0,1,9,0,10,1262,248,58,1,1569,0,0,0,1569
06/24/2023,CLT,NC,ASO,ES,Combined TRACON& Tower with Radar,1223,204,32,4,1463,0,0,12,0,12,1223,204,44,4,1475,0,0,0,1475
06/25/2023,CLT,NC,ASO,ES,Combined TRACON& Tower with Radar,1235,231,38,0,1504,0,1,8,0,9,1235,232,46,0,1513,0,0,0,1513
06/26/2023,CLT,NC,ASO,ES,Combined TRACON& Tower with Radar,1162,240,70,1,1473,0,1,8,0,9,1162,241,78,1,1482,0,0,0,1482
06/27/2023,CLT,NC,ASO,ES,Combined TRACON& Tower with Radar,1105,215,81,2,1403,0,0,19,0,19,1105,215,100,2,1422,0,0,0,1422
06/28/2023,CLT,NC,ASO,ES,Combined TRACON& Tower with Radar,1258,245,71,3,1577,0,0,23,0,23,1258,245,94,3,1600,0,0,0,1600
06/29/2023,CLT,NC,ASO,ES,Combined TRACON& Tower with Radar,1265,242,87,7,1601,0,0,25,0,25,1265,242,112,7,1626,0,0,0,1626
06/30/2023,CLT,NC,ASO,ES,Combined TRACON& Tower with Radar,1265,244,44,1,1554,0,1,21,0,22,1265,245,65,1,1576,0,0,0,1576
07/01/2023,CLT,NC,ASO,ES,Combined TRACON& Tower with Radar,1211,212,38,0,1461,0,0,8,0,8,1211,212,46,0,1469,0,0,0,1469
07/02/2023,CLT,NC,ASO,ES,Combined TRACON& Tower with Radar,1236,212,21,1,1470,0,0,1,0,1,1236,212,22,1,1471,0,0,0,1471
07/03/2023,CLT,NC,ASO,ES,Combined TRACON& Tower with Radar,1026,182,22,0,1230,0,0,4,0,4,1026,182,26,0,1234,0,0,0,1234
07/04/2023,CLT,NC,ASO,ES,Combined TRACON& Tower with Radar,889,149,10,1,1049,0,0,10,0,10,889,149,20,1,1059,0,0,0,1059
07/05/2023,CLT,NC,ASO,ES,Combined TRACON& Tower with Radar,1191,227,38,0,1456,0,3,17,2,22,1191,230,55,2,1478,0,0,0,1478
07/06/2023,CLT,NC,ASO,ES,Combined TRACON& Tower with Radar,1294,242,39,7,1582,0,2,16,1,19,1294,244,55,8,1601,0,0,0,1601
07/07/2023,CLT,NC,ASO,ES,Combined TRACON& Tower with Radar,1213,226,37,0,1476,0,0,22,0,22,1213,226,59,0,1498,0,0,0,1498
07/08/2023,CLT,NC,ASO,ES,Combined TRACON& Tower with Radar,1192,220,43,0,1455,0,0,14,0,14,1192,220,57,0,1469,0,0,0,1469
07/09/2023,CLT,NC,ASO,ES,Combined TRACON& Tower with Radar,1193,215,37,1,1446,0,0,0,0,0,1193,215,37,1,1446,0,0,0,1446
07/10/2023,CLT,NC,ASO,ES,Combined TRACON& Tower with Radar,1266,238,40,4,1548,0,0,14,2,16,1266,238,54,6,1564,0,0,0,1564
07/11/2023,CLT,NC,ASO,ES,Combined TRACON& Tower with Radar,1117,215,47,8,1387,0,1,27,0,28,1117,216,74,8,1415,0,0,0,1415
07/12/2023,CLT,NC,ASO,ES,Combined TRACON& Tower with Radar,1253,233,65,2,1553,0,0,22,0,22,1253,233,87,2,1575,0,0,0,1575
07/13/2023,CLT,NC,ASO,ES,Combined TRACON& Tower with Radar,1251,231,58,6,1546,0,2,17,0,19,1251,233,75,6,1565,0,0,0,1565
07/14/2023,CLT,NC,ASO,ES,Combined TRACON& Tower with Radar,1204,235,56,3,1498,0,0,12,0,12,1204,235,68,3,1510,0,0,0,1510
07/15/2023,CLT,NC,ASO,ES,Combined TRACON& Tower with Radar,1174,201,41,1,1417,0,0,2,0,2,1174,201,43,1,1419,0,0,0,1419
07/16/2023,CLT,NC,ASO,ES,Combined TRACON& Tower with Radar,1164,244,54,0,1462,0,0,7,0,7,1164,244,61,0,1469,0,0,0,1469
07/17/2023,CLT,NC,ASO,ES,Combined TRACON& Tower with Radar,1250,244,63,0,1557,0,1,12,0,13,1250,245,75,0,1570,0,0,0,1570
07/18/2023,CLT,NC,ASO,ES,Combined TRACON& Tower with Radar,1124,221,60,7,1412,0,1,21,2,24,1124,222,81,9,1436,0,0,0,1436
07/19/2023,CLT,NC,ASO,ES,Combined TRACON& Tower with Radar,1253,249,53,2,1557,0,1,16,0,17,1253,250,69,2,1574,0,0,0,1574
07/20/2023,CLT,NC,ASO,ES,Combined TRACON& Tower with Radar,1244,236,65,2,1547,0,2,21,0,23,1244,238,86,2,1570,0,0,0,1570
07/21/2023,CLT,NC,ASO,ES,Combined TRACON& Tower with Radar,1264,227,35,2,1528,0,1,11,2,14,1264,228,46,4,1542,0,0,0,1542
07/22/2023,CLT,NC,ASO,ES,Combined TRACON& Tower with Radar,1208,223,27,0,1458,0,1,17,0,18,1208,224,44,0,1476,0,0,0,1476
07/23/2023,CLT,NC,ASO,ES,Combined TRACON& Tower with Radar,1065,211,41,1,1318,0,0,3,0,3,1065,211,44,1,1321,0,0,0,1321
07/24/2023,CLT,NC,ASO,ES,Combined TRACON& Tower with Radar,1259,262,63,3,1587,0,0,20,0,20,1259,262,83,3,1607,0,0,0,1607
07/25/2023,CLT,NC,ASO,ES,Combined TRACON& Tower with Radar,1112,226,84,3,1425,0,0,10,0,10,1112,226,94,3,1435,0,0,0,1435
07/26/2023,CLT,NC,ASO,ES,Combined TRACON& Tower with Radar,1249,251,68,5,1573,0,1,13,2,16,1249,252,81,7,1589,0,0,0,1589
07/27/2023,CLT,NC,ASO,ES,Combined TRACON& Tower with Radar,1241,244,102,4,1591,0,5,17,0,22,1241,249,119,4,1613,0,0,0,1613
07/28/2023,CLT,NC,ASO,ES,Combined TRACON& Tower with Radar,1241,224,72,0,1537,0,0,9,0,9,1241,224,81,0,1546,0,0,0,1546
07/29/2023,CLT,NC,ASO,ES,Combined TRACON& Tower with Radar,1137,219,25,0,1381,0,0,8,0,8,1137,219,33,0,1389,0,0,0,1389
07/30/2023,CLT,NC,ASO,ES,Combined TRACON& Tower with Radar,1249,239,53,0,1541,0,0,9,0,9,1249,239,62,0,1550,0,0,0,1550
07/31/2023,CLT,NC,ASO,ES,Combined TRACON& Tower with Radar,1286,243,51,1,1581,0,0,17,0,17,1286,243,68,1,1598,0,0,0,1598
08/01/2023,CLT,NC,ASO,ES,Combined TRACON& Tower with Radar,1120,215,61,4,1400,0,1,16,0,17,1120,216,77,4,1417,0,0,0,1417
08/02/2023,CLT,NC,ASO,ES,Combined TRACON& Tower with Radar,1250,245,79,2,1576,0,0,10,0,10,1250,245,89,2,1586,0,0,0,1586
08/03/2023,CLT,NC,ASO,ES,Combined TRACON& Tower with Radar,1254,261,64,2,1581,0,0,1,0,1,1254,261,65,2,1582,0,0,0,1582
08/04/2023,CLT,NC,ASO,ES,Combined TRACON& Tower with Radar,1262,232,35,1,1530,0,0,14,0,14,1262,232,49,1,1544,0,0,0,1544
08/05/2023,CLT,NC,ASO,ES,Combined TRACON& Tower with Radar,1174,212,26,0,1412,0,0,6,0,6,1174,212,32,0,1418,0,0,0,1418
08/06/2023,CLT,NC,ASO,ES,Combined TRACON& Tower with Radar,1114,207,35,2,1358,0,0,3,4,7,1114,207,38,6,1365,0,0,0,1365
08/07/2023,CLT,NC,ASO,ES,Combined TRACON& Tower with Radar,1085,211,60,0,1356,0,0,5,0,5,1085,211,65,0,1361,0,0,0,1361
08/08/2023,CLT,NC,ASO,ES,Combined TRACON& Tower with Radar,1236,235,66,4,1541,0,0,13,0,13,1236,235,79,4,1554,0,0,0,1554
08/09/2023,CLT,NC,ASO,ES,Combined TRACON& Tower with Radar,1246,244,59,2,1551,0,2,14,0,16,1246,246,73,2,1567,0,0,0,1567
08/10/2023,CLT,NC,ASO,ES,Combined TRACON& Tower with Radar,1199,229,63,4,1495,0,0,10,0,10,1199,229,73,4,1505,0,0,0,1505
08/11/2023,CLT,NC,ASO,ES,Combined TRACON& Tower with Radar,1246,220,48,1,1515,0,2,12,0,14,1246,222,60,1,1529,0,0,0,1529
08/12/2023,CLT,NC,ASO,ES,Combined TRACON& Tower with Radar,1202,225,33,1,1461,0,0,10,0,10,1202,225,43,1,1471,0,0,0,1471
08/13/2023,CLT,NC,ASO,ES,Combined TRACON& Tower with Radar,1240,216,28,0,1484,0,1,8,0,9,1240,217,36,0,1493,0,0,0,1493
08/14/2023,CLT,NC,ASO,ES,Combined TRACON& Tower with Radar,1240,224,50,0,1514,0,2,13,0,15,1240,226,63,0,1529,0,0,0,1529
08/15/2023,CLT,NC,ASO,ES,Combined TRACON& Tower with Radar,1210,240,38,4,1492,0,0,14,0,14,1210,240,52,4,1506,0,0,0,1506
08/16/2023,CLT,NC,ASO,ES,Combined TRACON& Tower with Radar,1242,241,67,2,1552,0,6,21,0,27,1242,247,88,2,1579,0,0,0,1579
08/17/2023,CLT,NC,ASO,ES,Combined TRACON& Tower with Radar,1231,239,69,4,1543,0,2,13,0,15,1231,241,82,4,1558,0,0,0,1558
08/18/2023,CLT,NC,ASO,ES,Combined TRACON& Tower with Radar,1230,235,43,1,1509,0,1,9,0,10,1230,236,52,1,1519,0,0,0,1519
08/19/2023,CLT,NC,ASO,ES,Combined TRACON& Tower with Radar,1186,217,14,0,1417,0,0,12,0,12,1186,217,26,0,1429,0,0,0,1429
08/20/2023,CLT,NC,ASO,ES,Combined TRACON& Tower with Radar,1229,231,33,0,1493,0,0,11,0,11,1229,231,44,0,1504,0,0,0,1504
08/21/2023,CLT,NC,ASO,ES,Combined TRACON& Tower with Radar,1227,220,49,6,1502,0,3,14,0,17,1227,223,63,6,1519,0,0,0,1519
08/22/2023,CLT,NC,ASO,ES,Combined TRACON& Tower with Radar,1206,224,73,6,1509,0,4,18,0,22,1206,228,91,6,1531,0,0,0,1531
08/23/2023,CLT,NC,ASO,ES,Combined TRACON& Tower with Radar,1238,243,71,2,1554,0,3,13,0,16,1238,246,84,2,1570,0,0,0,1570
08/24/2023,CLT,NC,ASO,ES,Combined TRACON& Tower with Radar,1235,225,76,4,1540,0,3,11,0,14,1235,228,87,4,1554,0,0,0,1554
08/25/2023,CLT,NC,ASO,ES,Combined TRACON& Tower with Radar,1230,231,59,0,1520,0,2,14,0,16,1230,233,73,0,1536,0,0,0,1536
08/26/2023,CLT,NC,ASO,ES,Combined TRACON& Tower with Radar,1119,202,27,0,1348,0,3,8,0,11,1119,205,35,0,1359,0,0,0,1359
08/27/2023,CLT,NC,ASO,ES,Combined TRACON& Tower with Radar,1158,220,35,1,1414,0,0,4,0,4,1158,220,39,1,1418,0,0,0,1418
08/28/2023,CLT,NC,ASO,ES,Combined TRACON& Tower with Radar,1255,248,51,2,1556,0,6,6,0,12,1255,254,57,2,1568,0,0,0,1568
08/29/2023,CLT,NC,ASO,ES,Combined TRACON& Tower with Radar,1151,223,66,7,1447,0,2,4,0,6,1151,225,70,7,1453,0,0,0,1453
08/30/2023,CLT,NC,ASO,ES,Combined TRACON& Tower with Radar,1167,229,54,6,1456,0,0,3,0,3,1167,229,57,6,1459,0,0,0,1459
08/31/2023,CLT,NC,ASO,ES,Combined TRACON& Tower with Radar,1233,240,78,6,1557,0,4,24,0,28,1233,244,102,6,1585,0,0,0,1585
01/01/2020,CLT,NC,ASO,ES,Combined TRACON& Tower with Radar,1220,186,20,0,1426,0,0,10,0,10,1220,186,30,0,1436,0,0,0,1436
01/02/2020,CLT,NC,ASO,ES,Combined TRACON& Tower with Radar,1376,202,33,2,1613,0,2,5,0,7,1376,204,38,2,1620,0,0,0,1620
01/03/2020,CLT,NC,ASO,ES,Combined TRACON& Tower with Radar,1408,212,28,2,1650,0,0,0,0,0,1408,212,28,2,1650,0,0,0,1650
01/04/2020,CLT,NC,ASO,ES,Combined TRACON& Tower with Radar,1345,221,25,0,1591,0,1,5,0,6,1345,222,30,0,1597,0,0,0,1597
01/05/2020,CLT,NC,ASO,ES,Combined TRACON& Tower with Radar,1386,215,31,1,1633,0,0,8,0,8,1386,215,39,1,1641,0,0,0,1641
01/06/2020,CLT,NC,ASO,ES,Combined TRACON& Tower with Radar,1414,216,42,0,1672,0,8,8,0,16,1414,224,50,0,1688,0,0,0,1688
01/07/2020,CLT,NC,ASO,ES,Combined TRACON& Tower with Radar,1197,206,53,9,1465,0,0,8,0,8,1197,206,61,9,1473,0,0,0,1473
01/08/2020,CLT,NC,ASO,ES,Combined TRACON& Tower with Radar,1378,241,70,4,1693,0,5,11,0,16,1378,246,81,4,1709,0,0,0,1709
01/09/2020,CLT,NC,ASO,ES,Combined TRACON& Tower with Radar,1387,243,70,1,1701,0,6,12,2,20,1387,249,82,3,1721,0,0,0,1721
01/10/2020,CLT,NC,ASO,ES,Combined TRACON& Tower with Radar,1380,229,46,0,1655,0,7,4,0,11,1380,236,50,0,1666,0,0,0,1666
01/11/2020,CLT,NC,ASO,ES,Combined TRACON& Tower with Radar,1167,163,7,0,1337,0,0,2,0,2,1167,163,9,0,1339,0,0,0,1339
01/12/2020,CLT,NC,ASO,ES,Combined TRACON& Tower with Radar,1328,222,34,0,1584,0,0,5,0,5,1328,222,39,0,1589,0,0,0,1589
01/13/2020,CLT,NC,ASO,ES,Combined TRACON& Tower with Radar,1372,228,41,2,1643,0,0,0,0,0,1372,228,41,2,1643,0,0,0,1643
01/14/2020,CLT,NC,ASO,ES,Combined TRACON& Tower with Radar,1209,186,59,3,1457,0,1,4,0,5,1209,187,63,3,1462,0,0,0,1462
01/15/2020,CLT,NC,ASO,ES,Combined TRACON& Tower with Radar,1370,233,55,0,1658,0,0,4,0,4,1370,233,59,0,1662,0,0,0,1662
01/16/2020,CLT,NC,ASO,ES,Combined TRACON& Tower with Radar,1387,231,62,1,1681,0,1,11,3,15,1387,232,73,4,1696,0,0,0,1696
01/17/2020,CLT,NC,ASO,ES,Combined TRACON& Tower with Radar,1357,236,56,1,1650,0,6,12,0,18,1357,242,68,1,1668,0,0,0,1668
01/18/2020,CLT,NC,ASO,ES,Combined TRACON& Tower with Radar,1169,183,24,1,1377,0,0,4,0,4,1169,183,28,1,1381,0,0,0,1381
01/19/2020,CLT,NC,ASO,ES,Combined TRACON& Tower with Radar,1193,189,31,0,1413,0,0,4,0,4,1193,189,35,0,1417,0,0,0,1417
01/20/2020,CLT,NC,ASO,ES,Combined TRACON& Tower with Radar,1369,225,54,1,1649,0,1,9,0,10,1369,226,63,1,1659,0,0,0,1659
01/21/2020,CLT,NC,ASO,ES,Combined TRACON& Tower with Radar,1195,223,65,4,1487,1,3,13,0,17,1196,226,78,4,1504,0,0,0,1504
01/22/2020,CLT,NC,ASO,ES,Combined TRACON& Tower with Radar,1363,238,84,5,1690,0,5,15,1,21,1363,243,99,6,1711,0,0,0,1711
01/23/2020,CLT,NC,ASO,ES,Combined TRACON& Tower with Radar,1379,235,81,2,1697,0,5,15,0,20,1379,240,96,2,1717,0,0,0,1717
01/24/2020,CLT,NC,ASO,ES,Combined TRACON& Tower with Radar,1390,224,55,2,1671,0,0,0,0,0,1390,224,55,2,1671,0,0,0,1671
01/25/2020,CLT,NC,ASO,ES,Combined TRACON& Tower with Radar,1218,177,23,0,1418,0,1,5,0,6,1218,178,28,0,1424,0,0,0,1424
01/26/2020,CLT,NC,ASO,ES,Combined TRACON& Tower with Radar,1355,218,52,0,1625,0,2,5,0,7,1355,220,57,0,1632,0,0,0,1632
01/27/2020,CLT,NC,ASO,ES,Combined TRACON& Tower with Radar,1365,236,74,0,1675,0,0,14,0,14,1365,236,88,0,1689,0,0,0,1689
01/28/2020,CLT,NC,ASO,ES,Combined TRACON& Tower with Radar,1199,220,66,1,1486,0,5,13,0,18,1199,225,79,1,1504,0,0,0,1504
01/29/2020,CLT,NC,ASO,ES,Combined TRACON& Tower with Radar,1373,250,71,6,1700,0,3,18,0,21,1373,253,89,6,1721,0,0,0,1721
01/30/2020,CLT,NC,ASO,ES,Combined TRACON& Tower with Radar,1379,250,66,4,1699,0,0,12,0,12,1379,250,78,4,1711,0,0,0,1711
01/31/2020,CLT,NC,ASO,ES,Combined TRACON& Tower with Radar,1382,234,69,0,1685,0,1,5,0,6,1382,235,74,0,1691,0,0,0,1691
02/01/2020,CLT,NC,ASO,ES,Combined TRACON& Tower with Radar,1205,182,34,0,1421,0,0,3,0,3,1205,182,37,0,1424,0,0,0,1424
02/02/2020,CLT,NC,ASO,ES,Combined TRACON& Tower with Radar,1331,225,18,3,1577,0,0,2,0,2,1331,225,20,3,1579,0,0,0,1579
02/03/2020,CLT,NC,ASO,ES,Combined TRACON& Tower with Radar,1378,244,72,2,1696,0,3,9,0,12,1378,247,81,2,1708,0,0,0,1708
02/04/2020,CLT,NC,ASO,ES,Combined TRACON& Tower with Radar,1195,213,56,4,1468,0,3,14,0,17,1195,216,70,4,1485,0,0,0,1485
02/05/2020,CLT,NC,ASO,ES,Combined TRACON& Tower with Radar,1363,240,63,7,1673,0,0,1,0,1,1363,240,64,7,1674,0,0,0,1674
02/06/2020,CLT,NC,ASO,ES,Combined TRACON& Tower with Radar,871,124,32,5,1032,0,0,0,0,0,871,124,32,5,1032,0,0,0,1032
02/07/2020,CLT,NC,ASO,ES,Combined TRACON& Tower with Radar,1242,190,41,4,1477,0,3,21,0,24,1242,193,62,4,1501,0,0,0,1501
02/08/2020,CLT,NC,ASO,ES,Combined TRACON& Tower with Radar,1193,177,21,3,1394,0,1,6,0,7,1193,178,27,3,1401,0,0,0,1401
02/09/2020,CLT,NC,ASO,ES,Combined TRACON& Tower with Radar,1331,233,38,0,1602,0,4,6,0,10,1331,237,44,0,1612,0,0,0,1612
02/10/2020,CLT,NC,ASO,ES,Combined TRACON& Tower with Radar,1370,227,62,3,1662,0,0,7,0,7,1370,227,69,3,1669,0,0,0,1669
02/11/2020,CLT,NC,ASO,ES,Combined TRACON& Tower with Radar,1196,202,76,3,1477,0,2,7,0,9,1196,204,83,3,1486,0,0,0,1486
02/12/2020,CLT,NC,ASO,ES,Combined TRACON& Tower with Radar,1367,230,73,3,1673,0,6,25,0,31,1367,236,98,3,1704,0,0,0,1704
02/13/2020,CLT,NC,ASO,ES,Combined TRACON& Tower with Radar,1280,204,93,5,1582,0,0,15,0,15,1280,204,108,5,1597,0,0,0,1597
02/14/2020,CLT,NC,ASO,ES,Combined TRACON& Tower with Radar,1419,235,59,2,1715,0,4,32,0,36,1419,239,91,2,1751,0,0,0,1751
02/15/2020,CLT,NC,ASO,ES,Combined TRACON& Tower with Radar,1265,199,37,1,1502,0,0,15,0,15,1265,199,52,1,1517,0,0,0,1517
02/16/2020,CLT,NC,ASO,ES,Combined TRACON& Tower with Radar,1330,213,37,2,1582,0,0,5,0,5,1330,213,42,2,1587,0,0,0,1587
02/17/2020,CLT,NC,ASO,ES,Combined TRACON& Tower with Radar,1387,244,58,0,1689,0,1,12,0,13,1387,245,70,0,1702,0,0,0,1702
02/18/2020,CLT,NC,ASO,ES,Combined TRACON& Tower with Radar,1342,204,65,6,1617,0,3,7,0,10,1342,207,72,6,1627,0,0,0,1627
02/19/2020,CLT,NC,ASO,ES,Combined TRACON& Tower with Radar,1369,225,70,5,1669,0,4,12,0,16,1369,229,82,5,1685,0,0,0,1685
02/20/2020,CLT,NC,ASO,ES,Combined TRACON& Tower with Radar,1185,182,75,2,1444,0,2,2,0,4,1185,184,77,2,1448,0,0,0,1448
02/21/2020,CLT,NC,ASO,ES,Combined TRACON& Tower with Radar,1400,219,64,3,1686,0,6,16,0,22,1400,225,80,3,1708,0,0,0,1708
02/22/2020,CLT,NC,ASO,ES,Combined TRACON& Tower with Radar,1264,206,17,2,1489,0,1,8,0,9,1264,207,25,2,1498,0,0,0,1498
02/23/2020,CLT,NC,ASO,ES,Combined TRACON& Tower with Radar,1351,229,38,2,1620,0,2,4,0,6,1351,231,42,2,1626,0,0,0,1626
02/24/2020,CLT,NC,ASO,ES,Combined TRACON& Tower with Radar,1401,217,67,1,1686,0,0,7,0,7,1401,217,74,1,1693,0,0,0,1693
02/25/2020,CLT,NC,ASO,ES,Combined TRACON& Tower with Radar,1350,201,79,4,1634,0,2,5,0,7,1350,203,84,4,1641,0,0,0,1641
02/26/2020,CLT,NC,ASO,ES,Combined TRACON& Tower with Radar,1373,217,77,3,1670,0,4,13,0,17,1373,221,90,3,1687,0,0,0,1687
02/27/2020,CLT,NC,ASO,ES,Combined TRACON& Tower with Radar,1405,230,77,10,1722,0,2,15,0,17,1405,232,92,10,1739,0,0,0,1739
02/28/2020,CLT,NC,ASO,ES,Combined TRACON& Tower with Radar,1401,225,68,0,1694,0,2,21,0,23,1401,227,89,0,1717,0,0,0,1717
02/29/2020,CLT,NC,ASO,ES,Combined TRACON& Tower with Radar,1278,194,12,1,1485,0,2,12,3,17,1278,196,24,4,1502,0,0,0,1502
03/01/2020,CLT,NC,ASO,ES,Combined TRACON& Tower with Radar,1362,215,40,4,1621,0,3,1,0,4,1362,218,41,4,1625,0,0,0,1625
03/02/2020,CLT,NC,ASO,ES,Combined TRACON& Tower with Radar,1389,210,50,3,1652,0,1,17,0,18,1389,211,67,3,1670,0,0,0,1670
03/03/2020,CLT,NC,ASO,ES,Combined TRACON& Tower with Radar,1345,197,60,12,1614,0,1,5,1,7,1345,198,65,13,1621,0,0,0,1621
03/04/2020,CLT,NC,ASO,ES,Combined TRACON& Tower with Radar,1374,223,102,5,1704,0,3,20,0,23,1374,226,122,5,1727,0,0,0,1727
03/05/2020,CLT,NC,ASO,ES,Combined TRACON& Tower with Radar,1379,209,75,4,1667,0,2,9,2,13,1379,211,84,6,1680,0,0,0,1680
03/06/2020,CLT,NC,ASO,ES,Combined TRACON& Tower with Radar,1447,201,43,1,1692,0,5,10,0,15,1447,206,53,1,1707,0,0,0,1707
03/07/2020,CLT,NC,ASO,ES,Combined TRACON& Tower with Radar,1311,182,24,0,1517,0,1,10,0,11,1311,183,34,0,1528,0,0,0,1528
03/08/2020,CLT,NC,ASO,ES,Combined TRACON& Tower with Radar,1368,222,37,1,1628,0,0,1,0,1,1368,222,38,1,1629,0,0,0,1629
03/09/2020,CLT,NC,ASO,ES,Combined TRACON& Tower with Radar,1389,213,69,3,1674,0,7,13,0,20,1389,220,82,3,1694,0,0,0,1694
03/10/2020,CLT,NC,ASO,ES,Combined TRACON& Tower with Radar,1353,201,76,6,1636,0,6,12,0,18,1353,207,88,6,1654,0,0,0,1654
03/11/2020,CLT,NC,ASO,ES,Combined TRACON& Tower with Radar,1386,208,66,3,1663,0,4,16,0,20,1386,212,82,3,1683,0,0,0,1683
03/12/2020,CLT,NC,ASO,ES,Combined TRACON& Tower with Radar,1403,224,65,6,1698,0,3,17,0,20,1403,227,82,6,1718,0,0,0,1718
03/13/2020,CLT,NC,ASO,ES,Combined TRACON& Tower with Radar,1398,212,60,1,1671,0,3,11,0,14,1398,215,71,1,1685,0,0,0,1685
03/14/2020,CLT,NC,ASO,ES,Combined TRACON& Tower with Radar,1317,195,34,0,1546,0,1,10,0,11,1317,196,44,0,1557,0,0,0,1557
03/15/2020,CLT,NC,ASO,ES,Combined TRACON& Tower with Radar,1353,207,39,0,1599,0,1,5,0,6,1353,208,44,0,1605,0,0,0,1605
03/16/2020,CLT,NC,ASO,ES,Combined TRACON& Tower with Radar,1353,199,42,2,1596,0,2,22,0,24,1353,201,64,2,1620,0,0,0,1620
03/17/2020,CLT,NC,ASO,ES,Combined TRACON& Tower with Radar,1271,179,30,6,1486,0,0,8,0,8,1271,179,38,6,1494,0,0,0,1494
03/18/2020,CLT,NC,ASO,ES,Combined TRACON& Tower with Radar,1217,165,28,0,1410,0,0,13,0,13,1217,165,41,0,1423,0,0,0,1423
03/19/2020,CLT,NC,ASO,ES,Combined TRACON& Tower with Radar,1311,201,34,4,1550,0,1,13,0,14,1311,202,47,4,1564,0,0,0,1564
03/20/2020,CLT,NC,ASO,ES,Combined TRACON& Tower with Radar,1283,200,45,0,1528,0,3,11,0,14,1283,203,56,0,1542,0,0,0,1542
03/21/2020,CLT,NC,ASO,ES,Combined TRACON& Tower with Radar,1146,182,22,0,1350,0,5,8,0,13,1146,187,30,0,1363,0,0,0,1363
03/22/2020,CLT,NC,ASO,ES,Combined TRACON& Tower with Radar,1191,169,19,0,1379,0,1,5,0,6,1191,170,24,0,1385,0,0,0,1385
03/23/2020,CLT,NC,ASO,ES,Combined TRACON& Tower with Radar,887,129,16,0,1032,0,0,0,0,0,887,129,16,0,1032,0,0,0,1032
03/24/2020,CLT,NC,ASO,ES,Combined TRACON& Tower with Radar,717,131,23,0,871,0,3,4,0,7,717,134,27,0,878,0,0,0,878
03/25/2020,CLT,NC,ASO,ES,Combined TRACON& Tower with Radar,557,104,14,0,675,0,2,12,0,14,557,106,26,0,689,0,0,0,689
03/26/2020,CLT,NC,ASO,ES,Combined TRACON& Tower with Radar,691,111,12,4,818,0,3,7,0,10,691,114,19,4,828,0,0,0,828
03/27/2020,CLT,NC,ASO,ES,Combined TRACON& Tower with Radar,621,95,17,0,733,0,1,9,0,10,621,96,26,0,743,0,0,0,743
03/28/2020,CLT,NC,ASO,ES,Combined TRACON& Tower with Radar,572,94,10,0,676,0,1,12,0,13,572,95,22,0,689,0,0,0,689
03/29/2020,CLT,NC,ASO,ES,Combined TRACON& Tower with Radar,624,123,9,0,756,0,0,1,0,1,624,123,10,0,757,0,0,0,757
03/30/2020,CLT,NC,ASO,ES,Combined TRACON& Tower with Radar,566,83,13,0,662,0,6,16,0,22,566,89,29,0,684,0,0,0,684
03/31/2020,CLT,NC,ASO,ES,Combined TRACON& Tower with Radar,547,88,6,0,641,0,0,14,0,14,547,88,20,0,655,0,0,0,655
04/01/2020,CLT,NC,ASO,ES,Combined TRACON& Tower with Radar,713,70,10,0,793,0,4,13,0,17,713,74,23,0,810,0,0,0,810
04/02/2020,CLT,NC,ASO,ES,Combined TRACON& Tower with Radar,634,91,18,4,747,0,3,13,1,17,634,94,31,5,764,0,0,0,764
04/03/2020,CLT,NC,ASO,ES,Combined TRACON& Tower with Radar,899,95,10,0,1004,0,0,16,0,16,899,95,26,0,1020,0,0,0,1020
04/04/2020,CLT,NC,ASO,ES,Combined TRACON& Tower with Radar,566,87,2,0,655,0,0,9,0,9,566,87,11,0,664,0,0,0,664
04/05/2020,CLT,NC,ASO,ES,Combined TRACON& Tower with Radar,671,85,11,0,767,0,0,1,0,1,671,85,12,0,768,0,0,0,768
04/06/2020,CLT,NC,ASO,ES,Combined TRACON& Tower with Radar,646,86,19,0,751,0,0,9,0,9,646,86,28,0,760,0,0,0,760
04/07/2020,CLT,NC,ASO,ES,Combined TRACON& Tower with Radar,520,57,11,0,588,0,5,12,3,20,520,62,23,3,608,0,0,0,608
04/08/2020,CLT,NC,ASO,ES,Combined TRACON& Tower with Radar,584,72,17,0,673,0,3,10,3,16,584,75,27,3,689,0,0,0,689
04/09/2020,CLT,NC,ASO,ES,Combined TRACON& Tower with Radar,642,84,13,0,739,0,4,14,0,18,642,88,27,0,757,0,0,0,757
04/10/2020,CLT,NC,ASO,ES,Combined TRACON& Tower with Radar,608,73,12,0,693,0,0,15,0,15,608,73,27,0,708,0,0,0,708
04/11/2020,CLT,NC,ASO,ES,Combined TRACON& Tower with Radar,541,45,2,0,588,0,0,3,0,3,541,45,5,0,591,0,0,0,591
04/12/2020,CLT,NC,ASO,ES,Combined TRACON& Tower with Radar,575,56,4,0,635,0,0,1,0,1,575,56,5,0,636,0,0,0,636
04/13/2020,CLT,NC,ASO,ES,Combined TRACON& Tower with Radar,665,62,12,0,739,0,4,8,0,12,665,66,20,0,751,0,0,0,751
04/14/2020,CLT,NC,ASO,ES,Combined TRACON& Tower with Radar,580,60,19,0,659,0,2,13,0,15,580,62,32,0,674,0,0,0,674
04/15/2020,CLT,NC,ASO,ES,Combined TRACON& Tower with Radar,566,53,9,11,639,0,3,10,1,14,566,56,19,12,653,0,0,0,653
04/16/2020,CLT,NC,ASO,ES,Combined TRACON& Tower with Radar,509,59,17,2,587,0,2,23,0,25,509,61,40,2,612,0,0,0,612
04/17/2020,CLT,NC,ASO,ES,Combined TRACON& Tower with Radar,542,48,16,0,606,0,4,12,0,16,542,52,28,0,622,0,0,0,622
04/18/2020,CLT,NC,ASO,ES,Combined TRACON& Tower with Radar,463,41,4,0,508,0,2,8,0,10,463,43,12,0,518,0,0,0,518
04/19/2020,CLT,NC,ASO,ES,Combined TRACON& Tower with Radar,446,68,17,0,531,0,2,6,1,9,446,70,23,1,540,0,0,0,540
04/20/2020,CLT,NC,ASO,ES,Combined TRACON& Tower with Radar,497,57,21,0,575,0,3,9,0,12,497,60,30,0,587,0,0,0,587
04/21/2020,CLT,NC,ASO,ES,Combined TRACON& Tower with Radar,499,60,20,1,580,0,0,13,0,13,499,60,33,1,593,0,0,0,593
04/22/2020,CLT,NC,ASO,ES,Combined TRACON& Tower with Radar,484,54,25,7,570,0,4,22,0,26,484,58,47,7,596,0,0,0,596
04/23/2020,CLT,NC,ASO,ES,Combined TRACON& Tower with Radar,460,50,15,3,528,0,3,5,1,9,460,53,20,4,537,0,0,0,537
04/24/2020,CLT,NC,ASO,ES,Combined TRACON& Tower with Radar,478,69,26,0,573,0,3,17,0,20,478,72,43,0,593,0,0,0,593
04/25/2020,CLT,NC,ASO,ES,Combined TRACON& Tower with Radar,418,49,6,0,473,0,0,8,0,8,418,49,14,0,481,0,0,0,481
04/26/2020,CLT,NC,ASO,ES,Combined TRACON& Tower with Radar,446,54,14,0,514,0,0,1,0,1,446,54,15,0,515,0,0,0,515
04/27/2020,CLT,NC,ASO,ES,Combined TRACON& Tower with Radar,425,68,25,0,518,0,1,14,0,15,425,69,39,0,533,0,0,0,533
04/28/2020,CLT,NC,ASO,ES,Combined TRACON& Tower with Radar,411,46,17,4,478,0,5,12,0,17,411,51,29,4,495,0,0,0,495
04/29/2020,CLT,NC,ASO,ES,Combined TRACON& Tower with Radar,437,56,25,2,520,0,4,7,0,11,437,60,32,2,531,0,0,0,531
04/30/2020,CLT,NC,ASO,ES,Combined TRACON& Tower with Radar,474,61,29,2,566,0,4,13,0,17,474,65,42,2,583,0,0,0,583
05/01/2020,CLT,NC,ASO,ES,Combined TRACON& Tower with Radar,594,105,24,2,725,0,2,21,1,24,594,107,45,3,749,0,0,0,749
05/02/2020,CLT,NC,ASO,ES,Combined TRACON& Tower with Radar,494,63,16,0,573,0,0,13,0,13,494,63,29,0,586,0,0,0,586
05/03/2020,CLT,NC,ASO,ES,Combined TRACON& Tower with Radar,630,75,20,0,725,0,0,9,0,9,630,75,29,0,734,0,0,0,734
05/04/2020,CLT,NC,ASO,ES,Combined TRACON& Tower with Radar,632,78,24,0,734,0,4,34,0,38,632,82,58,0,772,0,0,0,772
05/05/2020,CLT,NC,ASO,ES,Combined TRACON& Tower with Radar,618,67,22,2,709,0,1,3,0,4,618,68,25,2,713,0,0,0,713
05/06/2020,CLT,NC,ASO,ES,Combined TRACON& Tower with Radar,682,85,28,2,797,0,3,10,0,13,682,88,38,2,810,0,0,0,810
05/07/2020,CLT,NC,ASO,ES,Combined TRACON& Tower with Radar,526,78,19,1,624,0,0,21,1,22,526,78,40,2,646,0,0,0,646
05/08/2020,CLT,NC,ASO,ES,Combined TRACON& Tower with Radar,527,93,13,0,633,0,2,9,0,11,527,95,22,0,644,0,0,0,644
05/09/2020,CLT,NC,ASO,ES,Combined TRACON& Tower with Radar,518,86,9,2,615,0,1,17,0,18,518,87,26,2,633,0,0,0,633
05/10/2020,CLT,NC,ASO,ES,Combined TRACON& Tower with Radar,520,89,16,0,625,0,0,7,0,7,520,89,23,0,632,0,0,0,632
05/11/2020,CLT,NC,ASO,ES,Combined TRACON& Tower with Radar,527,94,21,2,644,0,3,9,1,13,527,97,30,3,657,0,0,0,657
05/12/2020,CLT,NC,ASO,ES,Combined TRACON& Tower with Radar,526,94,24,2,646,0,7,40,0,47,526,101,64,2,693,0,0,0,693
05/13/2020,CLT,NC,ASO,ES,Combined TRACON& Tower with Radar,520,85,28,4,637,0,4,24,0,28,520,89,52,4,665,0,0,0,665
05/14/2020,CLT,NC,ASO,ES,Combined TRACON& Tower with Radar,538,84,24,2,648,0,0,16,0,16,538,84,40,2,664,0,0,0,664
05/15/2020,CLT,NC,ASO,ES,Combined TRACON& Tower with Radar,534,88,23,2,647,0,5,14,0,19,534,93,37,2,666,0,0,0,666
05/16/2020,CLT,NC,ASO,ES,Combined TRACON& Tower with Radar,522,90,13,6,631,0,1,12,0,13,522,91,25,6,644,0,0,0,644
05/17/2020,CLT,NC,ASO,ES,Combined TRACON& Tower with Radar,515,89,29,0,633,0,2,12,0,14,515,91,41,0,647,0,0,0,647
05/18/2020,CLT,NC,ASO,ES,Combined TRACON& Tower with Radar,528,93,27,0,648,0,0,18,0,18,528,93,45,0,666,0,0,0,666
05/19/2020,CLT,NC,ASO,ES,Combined TRACON& Tower with Radar,532,93,23,2,650,0,0,1,0,1,532,93,24,2,651,0,0,0,651
05/20/2020,CLT,NC,ASO,ES,Combined TRACON& Tower with Radar,519,92,39,2,652,0,0,0,0,0,519,92,39,2,652,0,0,0,652
05/21/2020,CLT,NC,ASO,ES,Combined TRACON& Tower with Radar,528,95,44,2,669,0,0,0,0,0,528,95,44,2,669,0,0,0,669
05/22/2020,CLT,NC,ASO,ES,Combined TRACON& Tower with Radar,525,97,14,0,636,0,1,11,3,15,525,98,25,3,651,0,0,0,651
05/23/2020,CLT,NC,ASO,ES,Combined TRACON& Tower with Radar,522,93,6,0,621,0,0,6,0,6,522,93,12,0,627,0,0,0,627
05/24/2020,CLT,NC,ASO,ES,Combined TRACON& Tower with Radar,530,83,15,0,628,0,0,6,0,6,530,83,21,0,634,0,0,0,634
05/25/2020,CLT,NC,ASO,ES,Combined TRACON& Tower with Radar,521,89,23,0,633,0,1,4,0,5,521,90,27,0,638,0,0,0,638
05/26/2020,CLT,NC,ASO,ES,Combined TRACON& Tower with Radar,525,90,36,4,655,0,5,19,2,26,525,95,55,6,681,0,0,0,681
05/27/2020,CLT,NC,ASO,ES,Combined TRACON& Tower with Radar,532,94,24,2,652,0,0,3,0,3,532,94,27,2,655,0,0,0,655
05/28/2020,CLT,NC,ASO,ES,Combined TRACON& Tower with Radar,531,96,43,11,681,0,0,11,0,11,531,96,54,11,692,0,0,0,692
05/29/2020,CLT,NC,ASO,ES,Combined TRACON& Tower with Radar,518,86,25,1,630,0,1,9,0,10,518,87,34,1,640,0,0,0,640
05/30/2020,CLT,NC,ASO,ES,Combined TRACON& Tower with Radar,512,86,18,0,616,0,0,14,0,14,512,86,32,0,630,0,0,0,630
05/31/2020,CLT,NC,ASO,ES,Combined TRACON& Tower with Radar,514,87,32,0,633,0,9,16,2,27,514,96,48,2,660,0,0,0,660
06/01/2020,CLT,NC,ASO,ES,Combined TRACON& Tower with Radar,526,94,31,3,654,0,8,27,0,35,526,102,58,3,689,0,0,0,689
06/02/2020,CLT,NC,ASO,ES,Combined TRACON& Tower with Radar,532,91,28,0,651,0,5,18,0,23,532,96,46,0,674,0,0,0,674
06/03/2020,CLT,NC,ASO,ES,Combined TRACON& Tower with Radar,542,86,34,11,673,0,5,23,0,28,542,91,57,11,701,0,0,0,701
06/04/2020,CLT,NC,ASO,ES,Combined TRACON& Tower with Radar,614,86,51,1,752,0,6,23,0,29,614,92,74,1,781,0,0,0,781
06/05/2020,CLT,NC,ASO,ES,Combined TRACON& Tower with Radar,611,99,38,3,751,0,2,13,0,15,611,101,51,3,766,0,0,0,766
06/06/2020,CLT,NC,ASO,ES,Combined TRACON& Tower with Radar,612,81,13,0,706,0,1,12,0,13,612,82,25,0,719,0,0,0,719
06/07/2020,CLT,NC,ASO,ES,Combined TRACON& Tower with Radar,608,91,20,4,723,0,0,12,0,12,608,91,32,4,735,0,0,0,735
06/08/2020,CLT,NC,ASO,ES,Combined TRACON& Tower with Radar,605,93,40,1,739,0,1,33,0,34,605,94,73,1,773,0,0,0,773
06/09/2020,CLT,NC,ASO,ES,Combined TRACON& Tower with Radar,610,87,37,2,736,0,8,12,2,22,610,95,49,4,758,0,0,0,758
06/10/2020,CLT,NC,ASO,ES,Combined TRACON& Tower with Radar,623,92,40,6,761,0,9,14,0,23,623,101,54,6,784,0,0,0,784
06/11/2020,CLT,NC,ASO,ES,Combined TRACON& Tower with Radar,619,97,60,3,779,0,7,11,0,18,619,104,71,3,797,0,0,0,797
06/12/2020,CLT,NC,ASO,ES,Combined TRACON& Tower with Radar,621,98,50,0,769,0,2,18,2,22,621,100,68,2,791,0,0,0,791
06/13/2020,CLT,NC,ASO,ES,Combined TRACON& Tower with Radar,615,86,12,0,713,0,2,14,0,16,615,88,26,0,729,0,0,0,729
06/14/2020,CLT,NC,ASO,ES,Combined TRACON& Tower with Radar,607,104,25,0,736,0,0,9,0,9,607,104,34,0,745,0,0,0,745
06/15/2020,CLT,NC,ASO,ES,Combined TRACON& Tower with Radar,608,106,33,3,750,0,2,8,0,10,608,108,41,3,760,0,0,0,760
06/16/2020,CLT,NC,ASO,ES,Combined TRACON& Tower with Radar,611,90,31,4,736,0,0,0,0,0,611,90,31,4,736,0,0,0,736
06/17/2020,CLT,NC,ASO,ES,Combined TRACON& Tower with Radar,617,92,37,3,749,0,7,3,0,10,617,99,40,3,759,0,0,0,759
06/18/2020,CLT,NC,ASO,ES,Combined TRACON& Tower with Radar,629,91,48,3,771,0,2,7,0,9,629,93,55,3,780,0,0,0,780
06/19/2020,CLT,NC,ASO,ES,Combined TRACON& Tower with Radar,625,91,38,2,756,0,4,15,0,19,625,95,53,2,775,0,0,0,775
06/20/2020,CLT,NC,ASO,ES,Combined TRACON& Tower with Radar,631,92,15,0,738,0,0,14,0,14,631,92,29,0,752,0,0,0,752
06/21/2020,CLT,NC,ASO,ES,Combined TRACON& Tower with Radar,616,104,20,0,740,0,0,16,1,17,616,104,36,1,757,0,0,0,757
06/22/2020,CLT,NC,ASO,ES,Combined TRACON& Tower with Radar,619,101,38,3,761,0,6,8,1,15,619,107,46,4,776,0,0,0,776
06/23/2020,CLT,NC,ASO,ES,Combined TRACON& Tower with Radar,638,97,46,3,784,0,0,13,0,13,638,97,59,3,797,0,0,0,797
06/24/2020,CLT,NC,ASO,ES,Combined TRACON& Tower with Radar,638,110,29,4,781,0,2,14,0,16,638,112,43,4,797,0,0,0,797
06/25/2020,CLT,NC,ASO,ES,Combined TRACON& Tower with Radar,636,96,55,2,789,0,7,15,0,22,636,103,70,2,811,0,0,0,811
06/26/2020,CLT,NC,ASO,ES,Combined TRACON& Tower with Radar,636,92,40,1,769,0,4,11,2,17,636,96,51,3,786,0,0,0,786
06/27/2020,CLT,NC,ASO,ES,Combined TRACON& Tower with Radar,637,86,20,0,743,0,0,7,0,7,637,86,27,0,750,0,0,0,750
06/28/2020,CLT,NC,ASO,ES,Combined TRACON& Tower with Radar,627,85,21,0,733,0,0,6,0,6,627,85,27,0,739,0,0,0,739
06/29/2020,CLT,NC,ASO,ES,Combined TRACON& Tower with Radar,622,113,30,0,765,0,4,10,0,14,622,117,40,0,779,0,0,0,779
06/30/2020,CLT,NC,ASO,ES,Combined TRACON& Tower with Radar,622,112,42,2,778,0,4,11,0,15,622,116,53,2,793,0,0,0,793
07/01/2020,CLT,NC,ASO,ES,Combined TRACON& Tower with Radar,638,97,45,2,782,0,1,7,0,8,638,98,52,2,790,0,0,0,790
07/02/2020,CLT,NC,ASO,ES,Combined TRACON& Tower with Radar,662,96,31,2,791,0,0,28,0,28,662,96,59,2,819,0,0,0,819
07/03/2020,CLT,NC,ASO,ES,Combined TRACON& Tower with Radar,647,94,17,0,758,0,2,13,0,15,647,96,30,0,773,0,0,0,773
07/04/2020,CLT,NC,ASO,ES,Combined TRACON& Tower with Radar,641,80,7,0,728,0,0,7,0,7,641,80,14,0,735,0,0,0,735
07/05/2020,CLT,NC,ASO,ES,Combined TRACON& Tower with Radar,651,98,27,0,776,0,3,8,0,11,651,101,35,0,787,0,0,0,787
07/06/2020,CLT,NC,ASO,ES,Combined TRACON& Tower with Radar,641,93,24,0,758,0,3,14,0,17,641,96,38,0,775,0,0,0,775
07/07/2020,CLT,NC,ASO,ES,Combined TRACON& Tower with Radar,646,96,27,14,783,0,1,6,0,7,646,97,33,14,790,0,0,0,790
07/08/2020,CLT,NC,ASO,ES,Combined TRACON& Tower with Radar,692,97,48,13,850,0,4,8,0,12,692,101,56,13,862,0,0,0,862
07/09/2020,CLT,NC,ASO,ES,Combined TRACON& Tower with Radar,970,103,34,15,1122,0,6,23,0,29,970,109,57,15,1151,0,0,0,1151
07/10/2020,CLT,NC,ASO,ES,Combined TRACON& Tower with Radar,976,111,25,0,1112,0,1,18,0,19,976,112,43,0,1131,0,0,0,1131
07/11/2020,CLT,NC,ASO,ES,Combined TRACON& Tower with Radar,968,109,10,2,1089,0,0,8,0,8,968,109,18,2,1097,0,0,0,1097
07/12/2020,CLT,NC,ASO,ES,Combined TRACON& Tower with Radar,965,121,29,0,1115,0,3,6,0,9,965,124,35,0,1124,0,0,0,1124
07/13/2020,CLT,NC,ASO,ES,Combined TRACON& Tower with Radar,964,109,30,5,1108,0,2,9,0,11,964,111,39,5,1119,0,0,0,1119
07/14/2020,CLT,NC,ASO,ES,Combined TRACON& Tower with Radar,675,96,33,7,811,0,3,18,0,21,675,99,51,7,832,0,0,0,832
07/15/2020,CLT,NC,ASO,ES,Combined TRACON& Tower with Radar,690,95,38,2,825,0,7,8,0,15,690,102,46,2,840,0,0,0,840
07/16/2020,CLT,NC,ASO,ES,Combined TRACON& Tower with Radar,976,119,45,4,1144,0,5,8,0,13,976,124,53,4,1157,0,0,0,1157
07/17/2020,CLT,NC,ASO,ES,Combined TRACON& Tower with Radar,972,110,38,5,1125,0,4,22,0,26,972,114,60,5,1151,0,0,0,1151
07/18/2020,CLT,NC,ASO,ES,Combined TRACON& Tower with Radar,964,107,9,2,1082,0,1,6,0,7,964,108,15,2,1089,0,0,0,1089
07/19/2020,CLT,NC,ASO,ES,Combined TRACON& Tower with Radar,966,119,20,0,1105,0,1,7,0,8,966,120,27,0,1113,0,0,0,1113
07/20/2020,CLT,NC,ASO,ES,Combined TRACON& Tower with Radar,960,114,19,0,1093,0,2,10,0,12,960,116,29,0,1105,0,0,0,1105
07/21/2020,CLT,NC,ASO,ES,Combined TRACON& Tower with Radar,637,78,30,2,747,0,5,12,0,17,637,83,42,2,764,0,0,0,764
07/22/2020,CLT,NC,ASO,ES,Combined TRACON& Tower with Radar,663,95,45,2,805,0,9,10,0,19,663,104,55,2,824,0,0,0,824
07/23/2020,CLT,NC,ASO,ES,Combined TRACON& Tower with Radar,980,118,35,5,1138,0,5,8,0,13,980,123,43,5,1151,0,0,0,1151
07/24/2020,CLT,NC,ASO,ES,Combined TRACON& Tower with Radar,972,114,33,0,1119,0,2,9,0,11,972,116,42,0,1130,0,0,0,1130
07/25/2020,CLT,NC,ASO,ES,Combined TRACON& Tower with Radar,961,101,15,0,1077,0,1,7,0,8,961,102,22,0,1085,0,0,0,1085
07/26/2020,CLT,NC,ASO,ES,Combined TRACON& Tower with Radar,963,113,20,0,1096,0,0,1,0,1,963,113,21,0,1097,0,0,0,1097
07/27/2020,CLT,NC,ASO,ES,Combined TRACON& Tower with Radar,958,116,38,1,1113,0,2,9,0,11,958,118,47,1,1124,0,0,0,1124
07/28/2020,CLT,NC,ASO,ES,Combined TRACON& Tower with Radar,674,98,47,4,823,0,4,10,0,14,674,102,57,4,837,0,0,0,837
07/29/2020,CLT,NC,ASO,ES,Combined TRACON& Tower with Radar,683,82,40,2,807,0,0,9,0,9,683,82,49,2,816,0,0,0,816
07/30/2020,CLT,NC,ASO,ES,Combined TRACON& Tower with Radar,961,112,42,5,1120,0,8,26,1,35,961,120,68,6,1155,0,0,0,1155
07/31/2020,CLT,NC,ASO,ES,Combined TRACON& Tower with Radar,969,118,38,1,1126,0,11,14,0,25,969,129,52,1,1151,0,0,0,1151
08/01/2020,CLT,NC,ASO,ES,Combined TRACON& Tower with Radar,949,98,26,2,1075,0,2,14,0,16,949,100,40,2,1091,0,0,0,1091
08/02/2020,CLT,NC,ASO,ES,Combined TRACON& Tower with Radar,951,113,39,0,1103,0,0,10,0,10,951,113,49,0,1113,0,0,0,1113
08/03/2020,CLT,NC,ASO,ES,Combined TRACON& Tower with Radar,921,103,29,3,1056,0,0,5,0,5,921,103,34,3,1061,0,0,0,1061
08/04/2020,CLT,NC,ASO,ES,Combined TRACON& Tower with Radar,629,85,36,5,755,0,2,18,0,20,629,87,54,5,775,0,0,0,775
08/05/2020,CLT,NC,ASO,ES,Combined TRACON& Tower with Radar,680,95,46,2,823,0,3,20,0,23,680,98,66,2,846,0,0,0,846
08/06/2020,CLT,NC,ASO,ES,Combined TRACON& Tower with Radar,973,112,23,16,1124,0,0,15,0,15,973,112,38,16,1139,0,0,0,1139
08/07/2020,CLT,NC,ASO,ES,Combined TRACON& Tower with Radar,976,107,29,1,1113,0,3,11,0,14,976,110,40,1,1127,0,0,0,1127
08/08/2020,CLT,NC,ASO,ES,Combined TRACON& Tower with Radar,942,112,32,0,1086,0,1,11,0,12,942,113,43,0,1098,0,0,0,1098
08/09/2020,CLT,NC,ASO,ES,Combined TRACON& Tower with Radar,954,106,29,0,1089,0,0,3,0,3,954,106,32,0,1092,0,0,0,1092
08/10/2020,CLT,NC,ASO,ES,Combined TRACON& Tower with Radar,958,109,23,6,1096,0,2,13,2,17,958,111,36,8,1113,0,0,0,1113
08/11/2020,CLT,NC,ASO,ES,Combined TRACON& Tower with Radar,674,91,54,8,827,0,3,8,0,11,674,94,62,8,838,0,0,0,838
08/12/2020,CLT,NC,ASO,ES,Combined TRACON& Tower with Radar,682,86,54,2,824,0,2,15,0,17,682,88,69,2,841,0,0,0,841
08/13/2020,CLT,NC,ASO,ES,Combined TRACON& Tower with Radar,973,113,55,4,1145,0,0,12,0,12,973,113,67,4,1157,0,0,0,1157
08/14/2020,CLT,NC,ASO,ES,Combined TRACON& Tower with Radar,971,117,44,3,1135,0,3,17,0,20,971,120,61,3,1155,0,0,0,1155
08/15/2020,CLT,NC,ASO,ES,Combined TRACON& Tower with Radar,958,118,21,2,1099,0,0,0,0,0,958,118,21,2,1099,0,0,0,1099
08/16/2020,CLT,NC,ASO,ES,Combined TRACON& Tower with Radar,960,108,25,1,1094,0,0,0,0,0,960,108,25,1,1094,0,0,0,1094
08/17/2020,CLT,NC,ASO,ES,Combined TRACON& Tower with Radar,960,111,35,1,1107,0,3,10,0,13,960,114,45,1,1120,0,0,0,1120
08/18/2020,CLT,NC,ASO,ES,Combined TRACON& Tower with Radar,701,88,48,8,845,0,10,13,0,23,701,98,61,8,868,0,0,0,868
08/19/2020,CLT,NC,ASO,ES,Combined TRACON& Tower with Radar,724,102,33,0,859,0,1,12,0,13,724,103,45,0,872,0,0,0,872
08/20/2020,CLT,NC,ASO,ES,Combined TRACON& Tower with Radar,1006,129,53,6,1194,0,0,9,0,9,1006,129,62,6,1203,0,0,0,1203
08/21/2020,CLT,NC,ASO,ES,Combined TRACON& Tower with Radar,1011,111,32,0,1154,0,0,11,0,11,1011,111,43,0,1165,0,0,0,1165
08/22/2020,CLT,NC,ASO,ES,Combined TRACON& Tower with Radar,987,106,23,0,1116,0,3,9,2,14,987,109,32,2,1130,0,0,0,1130
08/23/2020,CLT,NC,ASO,ES,Combined TRACON& Tower with Radar,994,116,42,7,1159,0,0,24,0,24,994,116,66,7,1183,0,0,0,1183
08/24/2020,CLT,NC,ASO,ES,Combined TRACON& Tower with Radar,999,110,26,10,1145,0,6,13,2,21,999,116,39,12,1166,0,0,0,1166
08/25/2020,CLT,NC,ASO,ES,Combined TRACON& Tower with Radar,708,93,48,1,850,0,2,16,0,18,708,95,64,1,868,0,0,0,868
08/26/2020,CLT,NC,ASO,ES,Combined TRACON& Tower with Radar,716,96,64,4,880,0,6,18,2,26,716,102,82,6,906,0,0,0,906
08/27/2020,CLT,NC,ASO,ES,Combined TRACON& Tower with Radar,1002,118,53,3,1176,0,5,13,0,18,1002,123,66,3,1194,0,0,0,1194
08/28/2020,CLT,NC,ASO,ES,Combined TRACON& Tower with Radar,1000,109,48,3,1160,0,0,17,0,17,1000,109,65,3,1177,0,0,0,1177
08/29/2020,CLT,NC,ASO,ES,Combined TRACON& Tower with Radar,989,102,8,1,1100,0,2,4,0,6,989,104,12,1,1106,0,0,0,1106
08/30/2020,CLT,NC,ASO,ES,Combined TRACON& Tower with Radar,1004,125,22,2,1153,0,0,2,0,2,1004,125,24,2,1155,0,0,0,1155
08/31/2020,CLT,NC,ASO,ES,Combined TRACON& Tower with Radar,1006,121,37,6,1170,0,4,1,0,5,1006,125,38,6,1175,0,0,0,1175
09/01/2020,CLT,NC,ASO,ES,Combined TRACON& Tower with Radar,703,104,55,5,867,0,2,9,0,11,703,106,64,5,878,0,0,0,878
09/02/2020,CLT,NC,ASO,ES,Combined TRACON& Tower with Radar,716,99,62,3,880,0,5,18,0,23,716,104,80,3,903,0,0,0,903
09/03/2020,CLT,NC,ASO,ES,Combined TRACON& Tower with Radar,1010,115,54,5,1184,0,2,25,0,27,1010,117,79,5,1211,0,0,0,1211
09/04/2020,CLT,NC,ASO,ES,Combined TRACON& Tower with Radar,1006,126,48,2,1182,0,0,15,0,15,1006,126,63,2,1197,0,0,0,1197
09/05/2020,CLT,NC,ASO,ES,Combined TRACON& Tower with Radar,970,112,12,1,1095,0,1,6,0,7,970,113,18,1,1102,0,0,0,1102
09/06/2020,CLT,NC,ASO,ES,Combined TRACON& Tower with Radar,822,100,18,1,941,0,3,4,0,7,822,103,22,1,948,0,0,0,948
09/07/2020,CLT,NC,ASO,ES,Combined TRACON& Tower with Radar,835,111,29,1,976,0,2,2,0,4,835,113,31,1,980,0,0,0,980
09/08/2020,CLT,NC,ASO,ES,Combined TRACON& Tower with Radar,687,97,62,8,854,0,1,19,0,20,687,98,81,8,874,0,0,0,874
09/09/2020,CLT,NC,ASO,ES,Combined TRACON& Tower with Radar,914,104,45,3,1066,0,4,0,0,4,914,108,45,3,1070,0,0,0,1070
09/10/2020,CLT,NC,ASO,ES,Combined TRACON& Tower with Radar,956,113,54,4,1127,0,2,8,0,10,956,115,62,4,1137,0,0,0,1137
09/11/2020,CLT,NC,ASO,ES,Combined TRACON& Tower with Radar,947,113,41,0,1101,0,4,14,0,18,947,117,55,0,1119,0,0,0,1119
09/12/2020,CLT,NC,ASO,ES,Combined TRACON& Tower with Radar,931,100,15,1,1047,0,0,3,0,3,931,100,18,1,1050,0,0,0,1050
09/13/2020,CLT,NC,ASO,ES,Combined TRACON& Tower with Radar,937,108,26,3,1074,0,0,5,0,5,937,108,31,3,1079,0,0,0,1079
09/14/2020,CLT,NC,ASO,ES,Combined TRACON& Tower with Radar,935,112,24,0,1071,0,4,16,0,20,935,116,40,0,1091,0,0,0,1091
09/15/2020,CLT,NC,ASO,ES,Combined TRACON& Tower with Radar,898,114,44,8,1064,0,0,22,2,24,898,114,66,10,1088,0,0,0,1088
09/16/2020,CLT,NC,ASO,ES,Combined TRACON& Tower with Radar,904,102,44,3,1053,0,6,19,0,25,904,108,63,3,1078,0,0,0,1078
09/17/2020,CLT,NC,ASO,ES,Combined TRACON& Tower with Radar,939,111,27,3,1080,0,0,0,0,0,939,111,27,3,1080,0,0,0,1080
09/18/2020,CLT,NC,ASO,ES,Combined TRACON& Tower with Radar,942,119,28,5,1094,0,0,16,0,16,942,119,44,5,1110,0,0,0,1110
09/19/2020,CLT,NC,ASO,ES,Combined TRACON& Tower with Radar,934,117,20,3,1074,0,1,7,0,8,934,118,27,3,1082,0,0,0,1082
09/20/2020,CLT,NC,ASO,ES,Combined TRACON& Tower with Radar,935,110,23,2,1070,0,0,3,0,3,935,110,26,2,1073,0,0,0,1073
09/21/2020,CLT,NC,ASO,ES,Combined TRACON& Tower with Radar,939,116,35,2,1092,0,5,15,0,20,939,121,50,2,1112,0,0,0,1112
09/22/2020,CLT,NC,ASO,ES,Combined TRACON& Tower with Radar,928,116,62,7,1113,0,0,19,1,20,928,116,81,8,1133,0,0,0,1133
09/23/2020,CLT,NC,ASO,ES,Combined TRACON& Tower with Radar,938,129,48,3,1118,0,4,15,0,19,938,133,63,3,1137,0,0,0,1137
09/24/2020,CLT,NC,ASO,ES,Combined TRACON& Tower with Radar,951,103,46,7,1107,0,2,13,0,15,951,105,59,7,1122,0,0,0,1122
09/25/2020,CLT,NC,ASO,ES,Combined TRACON& Tower with Radar,949,123,49,2,1123,0,0,0,0,0,949,123,49,2,1123,0,0,0,1123
09/26/2020,CLT,NC,ASO,ES,Combined TRACON& Tower with Radar,929,108,17,1,1055,0,1,8,0,9,929,109,25,1,1064,0,0,0,1064
09/27/2020,CLT,NC,ASO,ES,Combined TRACON& Tower with Radar,935,122,32,0,1089,0,0,5,0,5,935,122,37,0,1094,0,0,0,1094
09/28/2020,CLT,NC,ASO,ES,Combined TRACON& Tower with Radar,937,118,41,0,1096,0,2,5,0,7,937,120,46,0,1103,0,0,0,1103
09/29/2020,CLT,NC,ASO,ES,Combined TRACON& Tower with Radar,928,112,39,5,1084,0,0,6,0,6,928,112,45,5,1090,0,0,0,1090
09/30/2020,CLT,NC,ASO,ES,Combined TRACON& Tower with Radar,936,119,49,3,1107,0,1,16,1,18,936,120,65,4,1125,0,0,0,1125
10/01/2020,CLT,NC,ASO,ES,Combined TRACON& Tower with Radar,961,110,57,7,1135,0,1,17,1,19,961,111,74,8,1154,0,0,0,1154
10/02/2020,CLT,NC,ASO,ES,Combined TRACON& Tower with Radar,949,122,48,6,1125,0,1,24,1,26,949,123,72,7,1151,0,0,0,1151
10/03/2020,CLT,NC,ASO,ES,Combined TRACON& Tower with Radar,939,104,23,0,1066,0,2,9,0,11,939,106,32,0,1077,0,0,0,1077
10/04/2020,CLT,NC,ASO,ES,Combined TRACON& Tower with Radar,940,117,40,1,1098,0,0,12,1,13,940,117,52,2,1111,0,0,0,1111
10/05/2020,CLT,NC,ASO,ES,Combined TRACON& Tower with Radar,943,119,39,2,1103,0,5,13,0,18,943,124,52,2,1121,0,0,0,1121
10/06/2020,CLT,NC,ASO,ES,Combined TRACON& Tower with Radar,932,116,35,5,1088,0,5,20,2,27,932,121,55,7,1115,0,0,0,1115
10/07/2020,CLT,NC,ASO,ES,Combined TRACON& Tower with Radar,842,83,40,3,968,0,2,15,0,17,842,85,55,3,985,0,0,0,985
10/08/2020,CLT,NC,ASO,ES,Combined TRACON& Tower with Radar,1035,94,64,7,1200,0,3,28,2,33,1035,97,92,9,1233,0,0,0,1233
10/09/2020,CLT,NC,ASO,ES,Combined TRACON& Tower with Radar,1040,94,58,0,1192,0,5,10,0,15,1040,99,68,0,1207,0,0,0,1207
10/10/2020,CLT,NC,ASO,ES,Combined TRACON& Tower with Radar,1030,68,8,1,1107,0,0,0,0,0,1030,68,8,1,1107,0,0,0,1107
10/11/2020,CLT,NC,ASO,ES,Combined TRACON& Tower with Radar,1044,82,28,0,1154,0,0,3,0,3,1044,82,31,0,1157,0,0,0,1157
10/12/2020,CLT,NC,ASO,ES,Combined TRACON& Tower with Radar,1032,85,37,0,1154,0,0,1,0,1,1032,85,38,0,1155,0,0,0,1155
10/13/2020,CLT,NC,ASO,ES,Combined TRACON& Tower with Radar,860,77,60,6,1003,0,4,13,0,17,860,81,73,6,1020,0,0,0,1020
10/14/2020,CLT,NC,ASO,ES,Combined TRACON& Tower with Radar,874,84,51,3,1012,0,2,21,0,23,874,86,72,3,1035,0,0,0,1035
10/15/2020,CLT,NC,ASO,ES,Combined TRACON& Tower with Radar,1041,102,45,5,1193,0,2,23,1,26,1041,104,68,6,1219,0,0,0,1219
10/16/2020,CLT,NC,ASO,ES,Combined TRACON& Tower with Radar,1039,76,67,1,1183,0,5,25,0,30,1039,81,92,1,1213,0,0,0,1213
10/17/2020,CLT,NC,ASO,ES,Combined TRACON& Tower with Radar,1016,65,27,0,1108,0,1,18,0,19,1016,66,45,0,1127,0,0,0,1127
10/18/2020,CLT,NC,ASO,ES,Combined TRACON& Tower with Radar,1030,84,32,0,1146,0,1,13,1,15,1030,85,45,1,1161,0,0,0,1161
10/19/2020,CLT,NC,ASO,ES,Combined TRACON& Tower with Radar,1028,87,44,3,1162,0,4,10,5,19,1028,91,54,8,1181,0,0,0,1181
10/20/2020,CLT,NC,ASO,ES,Combined TRACON& Tower with Radar,852,72,32,15,971,0,6,24,4,34,852,78,56,19,1005,0,0,0,1005
10/21/2020,CLT,NC,ASO,ES,Combined TRACON& Tower with Radar,871,79,47,3,1000,0,9,27,2,38,871,88,74,5,1038,0,0,0,1038
10/22/2020,CLT,NC,ASO,ES,Combined TRACON& Tower with Radar,1030,95,63,14,1202,0,2,35,0,37,1030,97,98,14,1239,0,0,0,1239
10/23/2020,CLT,NC,ASO,ES,Combined TRACON& Tower with Radar,1030,87,52,2,1171,0,0,19,0,19,1030,87,71,2,1190,0,0,0,1190
10/24/2020,CLT,NC,ASO,ES,Combined TRACON& Tower with Radar,1014,64,20,0,1098,0,1,3,0,4,1014,65,23,0,1102,0,0,0,1102
10/25/2020,CLT,NC,ASO,ES,Combined TRACON& Tower with Radar,1017,83,24,0,1124,0,0,1,0,1,1017,83,25,0,1125,0,0,0,1125
10/26/2020,CLT,NC,ASO,ES,Combined TRACON& Tower with Radar,1013,74,41,2,1130,0,1,14,0,15,1013,75,55,2,1145,0,0,0,1145
10/27/2020,CLT,NC,ASO,ES,Combined TRACON& Tower with Radar,845,67,62,1,975,0,3,8,0,11,845,70,70,1,986,0,0,0,986
10/28/2020,CLT,NC,ASO,ES,Combined TRACON& Tower with Radar,852,75,54,4,985,0,2,3,0,5,852,77,57,4,990,0,0,0,990
10/29/2020,CLT,NC,ASO,ES,Combined TRACON& Tower with Radar,1068,97,41,5,1211,0,0,6,2,8,1068,97,47,7,1219,0,0,0,1219
10/30/2020,CLT,NC,ASO,ES,Combined TRACON& Tower with Radar,1027,89,53,5,1174,0,4,13,2,19,1027,93,66,7,1193,0,0,0,1193
10/31/2020,CLT,NC,ASO,ES,Combined TRACON& Tower with Radar,680,62,27,5,774,0,1,13,10,24,680,63,40,15,798,0,0,0,798
11/01/2020,CLT,NC,ASO,ES,Combined TRACON& Tower with Radar,702,88,40,7,837,0,1,2,2,5,702,89,42,9,842,0,0,0,842
11/02/2020,CLT,NC,ASO,ES,Combined TRACON& Tower with Radar,1015,81,32,5,1133,0,7,15,4,26,1015,88,47,9,1159,0,0,0,1159
11/03/2020,CLT,NC,ASO,ES,Combined TRACON& Tower with Radar,838,71,32,5,946,0,6,25,0,31,838,77,57,5,977,0,0,0,977
11/04/2020,CLT,NC,ASO,ES,Combined TRACON& Tower with Radar,741,85,39,3,868,0,0,34,2,36,741,85,73,5,904,0,0,0,904
11/05/2020,CLT,NC,ASO,ES,Combined TRACON& Tower with Radar,1029,128,61,5,1223,0,0,23,0,23,1029,128,84,5,1246,0,0,0,1246
11/06/2020,CLT,NC,ASO,ES,Combined TRACON& Tower with Radar,1035,122,45,2,1204,0,0,22,0,22,1035,122,67,2,1226,0,0,0,1226
11/07/2020,CLT,NC,ASO,ES,Combined TRACON& Tower with Radar,997,111,23,5,1136,0,0,9,0,9,997,111,32,5,1145,0,0,0,1145
11/08/2020,CLT,NC,ASO,ES,Combined TRACON& Tower with Radar,1022,118,38,2,1180,0,0,2,0,2,1022,118,40,2,1182,0,0,0,1182
11/09/2020,CLT,NC,ASO,ES,Combined TRACON& Tower with Radar,1027,126,41,0,1194,0,3,12,3,18,1027,129,53,3,1212,0,0,0,1212
11/10/2020,CLT,NC,ASO,ES,Combined TRACON& Tower with Radar,761,104,32,4,901,0,2,10,0,12,761,106,42,4,913,0,0,0,913
11/11/2020,CLT,NC,ASO,ES,Combined TRACON& Tower with Radar,764,95,40,0,899,0,0,0,1,1,764,95,40,1,900,0,0,0,900
11/12/2020,CLT,NC,ASO,ES,Combined TRACON& Tower with Radar,1032,131,51,0,1214,0,0,0,0,0,1032,131,51,0,1214,0,0,0,1214
11/13/2020,CLT,NC,ASO,ES,Combined TRACON& Tower with Radar,1048,118,50,1,1217,0,0,11,0,11,1048,118,61,1,1228,0,0,0,1228
11/14/2020,CLT,NC,ASO,ES,Combined TRACON& Tower with Radar,1008,120,33,0,1161,0,0,9,0,9,1008,120,42,0,1170,0,0,0,1170
11/15/2020,CLT,NC,ASO,ES,Combined TRACON& Tower with Radar,1031,135,37,0,1203,0,0,5,0,5,1031,135,42,0,1208,0,0,0,1208
11/16/2020,CLT,NC,ASO,ES,Combined TRACON& Tower with Radar,1030,126,31,3,1190,0,2,7,2,11,1030,128,38,5,1201,0,0,0,1201
11/17/2020,CLT,NC,ASO,ES,Combined TRACON& Tower with Radar,764,93,31,5,893,0,0,21,1,22,764,93,52,6,915,0,0,0,915
11/18/2020,CLT,NC,ASO,ES,Combined TRACON& Tower with Radar,774,110,55,5,944,0,2,23,2,27,774,112,78,7,971,0,0,0,971
11/19/2020,CLT,NC,ASO,ES,Combined TRACON& Tower with Radar,1042,127,31,4,1204,0,3,19,1,23,1042,130,50,5,1227,0,0,0,1227
11/20/2020,CLT,NC,ASO,ES,Combined TRACON& Tower with Radar,1040,136,32,4,1212,0,6,17,1,24,1040,142,49,5,1236,0,0,0,1236
11/21/2020,CLT,NC,ASO,ES,Combined TRACON& Tower with Radar,1022,125,32,0,1179,0,1,16,2,19,1022,126,48,2,1198,0,0,0,1198
11/22/2020,CLT,NC,ASO,ES,Combined TRACON& Tower with Radar,1042,125,34,0,1201,0,0,5,0,5,1042,125,39,0,1206,0,0,0,1206
11/23/2020,CLT,NC,ASO,ES,Combined TRACON& Tower with Radar,637,93,22,0,752,0,3,11,0,14,637,96,33,0,766,0,0,0,766
11/24/2020,CLT,NC,ASO,ES,Combined TRACON& Tower with Radar,1037,132,43,5,1217,0,1,16,0,17,1037,133,59,5,1234,0,0,0,1234
11/25/2020,CLT,NC,ASO,ES,Combined TRACON& Tower with Radar,1056,135,42,1,1234,0,0,8,0,8,1056,135,50,1,1242,0,0,0,1242
11/26/2020,CLT,NC,ASO,ES,Combined TRACON& Tower with Radar,236,28,9,0,273,0,0,2,0,2,236,28,11,0,275,0,0,0,275
11/27/2020,CLT,NC,ASO,ES,Combined TRACON& Tower with Radar,853,100,14,0,967,0,1,4,0,5,853,101,18,0,972,0,0,0,972
11/28/2020,CLT,NC,ASO,ES,Combined TRACON& Tower with Radar,1036,136,43,1,1216,0,0,15,0,15,1036,136,58,1,1231,0,0,0,1231
11/29/2020,CLT,NC,ASO,ES,Combined TRACON& Tower with Radar,1054,126,30,0,1210,0,2,2,0,4,1054,128,32,0,1214,0,0,0,1214
11/30/2020,CLT,NC,ASO,ES,Combined TRACON& Tower with Radar,1049,128,44,7,1228,0,3,0,0,3,1049,131,44,7,1231,0,0,0,1231
12/01/2020,CLT,NC,ASO,ES,Combined TRACON& Tower with Radar,1028,114,52,4,1198,0,7,14,2,23,1028,121,66,6,1221,0,0,0,1221
12/02/2020,CLT,NC,ASO,ES,Combined TRACON& Tower with Radar,754,85,54,5,898,0,3,11,0,14,754,88,65,5,912,0,0,0,912
12/03/2020,CLT,NC,ASO,ES,Combined TRACON& Tower with Radar,1028,128,55,5,1216,0,3,17,0,20,1028,131,72,5,1236,0,0,0,1236
12/04/2020,CLT,NC,ASO,ES,Combined TRACON& Tower with Radar,1020,129,49,3,1201,0,0,11,0,11,1020,129,60,3,1212,0,0,0,1212
12/05/2020,CLT,NC,ASO,ES,Combined TRACON& Tower with Radar,747,93,14,3,857,0,1,5,0,6,747,94,19,3,863,0,0,0,863
12/06/2020,CLT,NC,ASO,ES,Combined TRACON& Tower with Radar,1017,130,26,3,1176,0,1,7,0,8,1017,131,33,3,1184,0,0,0,1184
12/07/2020,CLT,NC,ASO,ES,Combined TRACON& Tower with Radar,1017,139,25,5,1186,0,5,14,0,19,1017,144,39,5,1205,0,0,0,1205
12/08/2020,CLT,NC,ASO,ES,Combined TRACON& Tower with Radar,735,88,42,4,869,0,3,16,0,19,735,91,58,4,888,0,0,0,888
12/09/2020,CLT,NC,ASO,ES,Combined TRACON& Tower with Radar,757,85,45,3,890,0,6,18,0,24,757,91,63,3,914,0,0,0,914
12/10/2020,CLT,NC,ASO,ES,Combined TRACON& Tower with Radar,1026,118,49,3,1196,0,0,17,0,17,1026,118,66,3,1213,0,0,0,1213
12/11/2020,CLT,NC,ASO,ES,Combined TRACON& Tower with Radar,1028,124,38,2,1192,0,7,21,0,28,1028,131,59,2,1220,0,0,0,1220
12/12/2020,CLT,NC,ASO,ES,Combined TRACON& Tower with Radar,756,90,24,2,872,0,0,11,0,11,756,90,35,2,883,0,0,0,883
12/13/2020,CLT,NC,ASO,ES,Combined TRACON& Tower with Radar,1015,129,33,1,1178,0,1,1,0,2,1015,130,34,1,1180,0,0,0,1180
12/14/2020,CLT,NC,ASO,ES,Combined TRACON& Tower with Radar,1015,128,44,4,1191,0,1,5,1,7,1015,129,49,5,1198,0,0,0,1198
12/15/2020,CLT,NC,ASO,ES,Combined TRACON& Tower with Radar,752,84,72,5,913,0,3,19,0,22,752,87,91,5,935,0,0,0,935
12/16/2020,CLT,NC,ASO,ES,Combined TRACON& Tower with Radar,717,95,41,0,853,0,0,0,0,0,717,95,41,0,853,0,0,0,853
12/17/2020,CLT,NC,ASO,ES,Combined TRACON& Tower with Radar,983,137,57,4,1181,0,2,7,0,9,983,139,64,4,1190,0,0,0,1190
12/18/2020,CLT,NC,ASO,ES,Combined TRACON& Tower with Radar,1046,152,57,2,1257,0,2,19,0,21,1046,154,76,2,1278,0,0,0,1278
12/19/2020,CLT,NC,ASO,ES,Combined TRACON& Tower with Radar,1082,200,57,0,1339,0,0,15,0,15,1082,200,72,0,1354,0,0,0,1354
12/20/2020,CLT,NC,ASO,ES,Combined TRACON& Tower with Radar,1052,153,24,0,1229,0,0,1,0,1,1052,153,25,0,1230,0,0,0,1230
12/21/2020,CLT,NC,ASO,ES,Combined TRACON& Tower with Radar,1042,147,27,0,1216,0,3,7,0,10,1042,150,34,0,1226,0,0,0,1226
12/22/2020,CLT,NC,ASO,ES,Combined TRACON& Tower with Radar,1046,142,32,4,1224,1,5,26,2,34,1047,147,58,6,1258,0,0,0,1258
12/23/2020,CLT,NC,ASO,ES,Combined TRACON& Tower with Radar,1042,159,48,1,1250,0,2,19,0,21,1042,161,67,1,1271,0,0,0,1271
12/24/2020,CLT,NC,ASO,ES,Combined TRACON& Tower with Radar,828,119,12,1,960,0,0,0,0,0,828,119,12,1,960,0,0,0,960
12/25/2020,CLT,NC,ASO,ES,Combined TRACON& Tower with Radar,649,92,10,0,751,0,0,1,0,1,649,92,11,0,752,0,0,0,752
12/26/2020,CLT,NC,ASO,ES,Combined TRACON& Tower with Radar,1038,145,32,0,1215,0,3,12,0,15,1038,148,44,0,1230,0,0,0,1230
12/27/2020,CLT,NC,ASO,ES,Combined TRACON& Tower with Radar,1035,146,43,0,1224,0,2,13,0,15,1035,148,56,0,1239,0,0,0,1239
12/28/2020,CLT,NC,ASO,ES,Combined TRACON& Tower with Radar,1035,139,30,0,1204,0,3,8,0,11,1035,142,38,0,1215,0,0,0,1215
12/29/2020,CLT,NC,ASO,ES,Combined TRACON& Tower with Radar,1033,131,34,4,1202,0,0,13,0,13,1033,131,47,4,1215,0,0,0,1215
12/30/2020,CLT,NC,ASO,ES,Combined TRACON& Tower with Radar,1042,141,29,2,1214,0,2,9,0,11,1042,143,38,2,1225,0,0,0,1225
12/31/2020,CLT,NC,ASO,ES,Combined TRACON& Tower with Radar,836,121,8,0,965,0,0,0,0,0,836,121,8,0,965,0,0,0,965
01/01/2021,CLT,NC,ASO,ES,Combined TRACON& Tower with Radar,650,98,14,0,762,0,0,0,0,0,650,98,14,0,762,0,0,0,762
01/02/2021,CLT,NC,ASO,ES,Combined TRACON& Tower with Radar,1058,146,58,0,1262,0,0,4,0,4,1058,146,62,0,1266,0,0,0,1266
01/03/2021,CLT,NC,ASO,ES,Combined TRACON& Tower with Radar,1054,150,42,1,1247,0,0,0,0,0,1054,150,42,1,1247,0,0,0,1247
01/04/2021,CLT,NC,ASO,ES,Combined TRACON& Tower with Radar,1016,133,35,0,1184,0,0,11,0,11,1016,133,46,0,1195,0,0,0,1195
01/05/2021,CLT,NC,ASO,ES,Combined TRACON& Tower with Radar,796,104,34,6,940,0,5,30,0,35,796,109,64,6,975,0,0,0,975
01/06/2021,CLT,NC,ASO,ES,Combined TRACON& Tower with Radar,803,122,35,6,966,0,3,38,0,41,803,125,73,6,1007,0,0,0,1007
01/07/2021,CLT,NC,ASO,ES,Combined TRACON& Tower with Radar,1029,167,45,0,1241,0,0,12,0,12,1029,167,57,0,1253,0,0,0,1253
01/08/2021,CLT,NC,ASO,ES,Combined TRACON& Tower with Radar,966,130,32,1,1129,0,0,0,0,0,966,130,32,1,1129,0,0,0,1129
01/09/2021,CLT,NC,ASO,ES,Combined TRACON& Tower with Radar,795,106,16,0,917,0,0,8,0,8,795,106,24,0,925,0,0,0,925
01/10/2021,CLT,NC,ASO,ES,Combined TRACON& Tower with Radar,1018,153,22,2,1195,0,0,7,0,7,1018,153,29,2,1202,0,0,0,1202
01/11/2021,CLT,NC,ASO,ES,Combined TRACON& Tower with Radar,1021,157,32,5,1215,0,0,9,0,9,1021,157,41,5,1224,0,0,0,1224
01/12/2021,CLT,NC,ASO,ES,Combined TRACON& Tower with Radar,791,113,32,0,936,0,2,8,0,10,791,115,40,0,946,0,0,0,946
01/13/2021,CLT,NC,ASO,ES,Combined TRACON& Tower with Radar,811,119,48,2,980,0,2,17,0,19,811,121,65,2,999,0,0,0,999
01/14/2021,CLT,NC,ASO,ES,Combined TRACON& Tower with Radar,1031,156,42,5,1234,0,0,24,1,25,1031,156,66,6,1259,0,0,0,1259
01/15/2021,CLT,NC,ASO,ES,Combined TRACON& Tower with Radar,1030,148,31,4,1213,0,0,17,0,17,1030,148,48,4,1230,0,0,0,1230
01/16/2021,CLT,NC,ASO,ES,Combined TRACON& Tower with Radar,799,113,8,0,920,0,0,16,2,18,799,113,24,2,938,0,0,0,938
01/17/2021,CLT,NC,ASO,ES,Combined TRACON& Tower with Radar,1017,160,22,1,1200,0,0,0,2,2,1017,160,22,3,1202,0,0,0,1202
01/18/2021,CLT,NC,ASO,ES,Combined TRACON& Tower with Radar,1020,162,38,1,1221,0,2,4,2,8,1020,164,42,3,1229,0,0,0,1229
01/19/2021,CLT,NC,ASO,ES,Combined TRACON& Tower with Radar,803,112,30,7,952,0,1,44,2,47,803,113,74,9,999,0,0,0,999
01/20/2021,CLT,NC,ASO,ES,Combined TRACON& Tower with Radar,799,108,38,2,947,0,7,40,2,49,799,115,78,4,996,0,0,0,996
01/21/2021,CLT,NC,ASO,ES,Combined TRACON& Tower with Radar,1034,150,40,4,1228,0,5,37,2,44,1034,155,77,6,1272,0,0,0,1272
01/22/2021,CLT,NC,ASO,ES,Combined TRACON& Tower with Radar,1028,156,54,0,1238,0,3,42,0,45,1028,159,96,0,1283,0,0,0,1283
01/23/2021,CLT,NC,ASO,ES,Combined TRACON& Tower with Radar,790,109,26,0,925,0,1,9,0,10,790,110,35,0,935,0,0,0,935
01/24/2021,CLT,NC,ASO,ES,Combined TRACON& Tower with Radar,1023,156,31,3,1213,0,0,6,3,9,1023,156,37,6,1222,0,0,0,1222
01/25/2021,CLT,NC,ASO,ES,Combined TRACON& Tower with Radar,1012,160,20,6,1198,0,0,0,0,0,1012,160,20,6,1198,0,0,0,1198
01/26/2021,CLT,NC,ASO,ES,Combined TRACON& Tower with Radar,808,113,38,4,963,0,0,0,0,0,808,113,38,4,963,0,0,0,963
01/27/2021,CLT,NC,ASO,ES,Combined TRACON& Tower with Radar,798,123,43,3,967,0,0,9,2,11,798,123,52,5,978,0,0,0,978
01/28/2021,CLT,NC,ASO,ES,Combined TRACON& Tower with Radar,806,162,40,4,1012,0,10,29,3,42,806,172,69,7,1054,0,0,0,1054
01/29/2021,CLT,NC,ASO,ES,Combined TRACON& Tower with Radar,1018,144,28,4,1194,0,6,10,2,18,1018,150,38,6,1212,0,0,0,1212
01/30/2021,CLT,NC,ASO,ES,Combined TRACON& Tower with Radar,785,105,8,0,898,0,1,8,1,10,785,106,16,1,908,0,0,0,908
01/31/2021,CLT,NC,ASO,ES,Combined TRACON& Tower with Radar,1002,156,29,0,1187,0,0,1,0,1,1002,156,30,0,1188,0,0,0,1188
02/01/2021,CLT,NC,ASO,ES,Combined TRACON& Tower with Radar,942,141,23,4,1110,0,2,6,4,12,942,143,29,8,1122,0,0,0,1122
02/02/2021,CLT,NC,ASO,ES,Combined TRACON& Tower with Radar,767,118,46,5,936,0,4,15,3,22,767,122,61,8,958,0,0,0,958
02/03/2021,CLT,NC,ASO,ES,Combined TRACON& Tower with Radar,795,121,46,2,964,0,5,26,4,35,795,126,72,6,999,0,0,0,999
02/04/2021,CLT,NC,ASO,ES,Combined TRACON& Tower with Radar,1021,180,58,5,1264,0,1,14,3,18,1021,181,72,8,1282,0,0,0,1282
02/05/2021,CLT,NC,ASO,ES,Combined TRACON& Tower with Radar,1022,162,26,0,1210,0,0,9,0,9,1022,162,35,0,1219,0,0,0,1219
02/06/2021,CLT,NC,ASO,ES,Combined TRACON& Tower with Radar,788,120,33,0,941,0,2,5,0,7,788,122,38,0,948,0,0,0,948
02/07/2021,CLT,NC,ASO,ES,Combined TRACON& Tower with Radar,1005,164,27,0,1196,0,0,3,0,3,1005,164,30,0,1199,0,0,0,1199
02/08/2021,CLT,NC,ASO,ES,Combined TRACON& Tower with Radar,1012,158,49,3,1222,0,5,13,1,19,1012,163,62,4,1241,0,0,0,1241
02/09/2021,CLT,NC,ASO,ES,Combined TRACON& Tower with Radar,792,108,41,9,950,0,3,9,0,12,792,111,50,9,962,0,0,0,962
02/10/2021,CLT,NC,ASO,ES,Combined TRACON& Tower with Radar,791,110,51,3,955,0,3,6,1,10,791,113,57,4,965,0,0,0,965
02/11/2021,CLT,NC,ASO,ES,Combined TRACON& Tower with Radar,1034,157,40,0,1231,0,0,1,0,1,1034,157,41,0,1232,0,0,0,1232
02/12/2021,CLT,NC,ASO,ES,Combined TRACON& Tower with Radar,1049,149,34,0,1232,0,0,0,0,0,1049,149,34,0,1232,0,0,0,1232
02/13/2021,CLT,NC,ASO,ES,Combined TRACON& Tower with Radar,793,111,7,0,911,0,0,0,0,0,793,111,7,0,911,0,0,0,911
02/14/2021,CLT,NC,ASO,ES,Combined TRACON& Tower with Radar,984,155,18,0,1157,0,0,0,0,0,984,155,18,0,1157,0,0,0,1157
02/15/2021,CLT,NC,ASO,ES,Combined TRACON& Tower with Radar,916,139,36,1,1092,0,0,0,0,0,916,139,36,1,1092,0,0,0,1092
02/16/2021,CLT,NC,ASO,ES,Combined TRACON& Tower with Radar,731,100,39,6,876,0,0,11,2,13,731,100,50,8,889,0,0,0,889
02/17/2021,CLT,NC,ASO,ES,Combined TRACON& Tower with Radar,755,110,61,5,931,0,7,23,0,30,755,117,84,5,961,0,0,0,961
02/18/2021,CLT,NC,ASO,ES,Combined TRACON& Tower with Radar,944,116,36,4,1100,0,0,1,0,1,944,116,37,4,1101,0,0,0,1101
02/19/2021,CLT,NC,ASO,ES,Combined TRACON& Tower with Radar,1007,143,53,3,1206,0,3,8,2,13,1007,146,61,5,1219,0,0,0,1219
02/20/2021,CLT,NC,ASO,ES,Combined TRACON& Tower with Radar,804,103,21,0,928,0,1,17,0,18,804,104,38,0,946,0,0,0,946
02/21/2021,CLT,NC,ASO,ES,Combined TRACON& Tower with Radar,1035,151,40,2,1228,0,4,8,0,12,1035,155,48,2,1240,0,0,0,1240
02/22/2021,CLT,NC,ASO,ES,Combined TRACON& Tower with Radar,1039,148,32,0,1219,0,2,5,0,7,1039,150,37,0,1226,0,0,0,1226
02/23/2021,CLT,NC,ASO,ES,Combined TRACON& Tower with Radar,817,112,37,6,972,0,4,24,2,30,817,116,61,8,1002,0,0,0,1002
02/24/2021,CLT,NC,ASO,ES,Combined TRACON& Tower with Radar,814,116,43,5,978,0,4,23,2,29,814,120,66,7,1007,0,0,0,1007
02/25/2021,CLT,NC,ASO,ES,Combined TRACON& Tower with Radar,1051,151,87,4,1293,0,2,19,6,27,1051,153,106,10,1320,0,0,0,1320
02/26/2021,CLT,NC,ASO,ES,Combined TRACON& Tower with Radar,1055,147,41,2,1245,0,3,3,0,6,1055,150,44,2,1251,0,0,0,1251
02/27/2021,CLT,NC,ASO,ES,Combined TRACON& Tower with Radar,808,113,23,2,946,0,0,2,0,2,808,113,25,2,948,0,0,0,948
02/28/2021,CLT,NC,ASO,ES,Combined TRACON& Tower with Radar,1051,126,37,0,1214,0,2,3,1,6,1051,128,40,1,1220,0,0,0,1220
03/01/2021,CLT,NC,ASO,ES,Combined TRACON& Tower with Radar,1034,145,37,3,1219,0,0,5,0,5,1034,145,42,3,1224,0,0,0,1224
03/02/2021,CLT,NC,ASO,ES,Combined TRACON& Tower with Radar,810,107,50,12,979,0,3,12,0,15,810,110,62,12,994,0,0,0,994
03/03/2021,CLT,NC,ASO,ES,Combined TRACON& Tower with Radar,813,120,50,4,987,0,4,14,0,18,813,124,64,4,1005,0,0,0,1005
03/04/2021,CLT,NC,ASO,ES,Combined TRACON& Tower with Radar,1189,180,58,4,1431,0,3,17,0,20,1189,183,75,4,1451,0,0,0,1451
03/05/2021,CLT,NC,ASO,ES,Combined TRACON& Tower with Radar,1251,177,44,2,1474,0,4,14,2,20,1251,181,58,4,1494,0,0,0,1494
03/06/2021,CLT,NC,ASO,ES,Combined TRACON& Tower with Radar,1192,163,24,0,1379,0,1,15,2,18,1192,164,39,2,1397,0,0,0,1397
03/07/2021,CLT,NC,ASO,ES,Combined TRACON& Tower with Radar,1170,168,33,5,1376,0,3,5,1,9,1170,171,38,6,1385,0,0,0,1385
03/08/2021,CLT,NC,ASO,ES,Combined TRACON& Tower with Radar,1242,172,34,1,1449,0,6,15,0,21,1242,178,49,1,1470,0,0,0,1470
03/09/2021,CLT,NC,ASO,ES,Combined TRACON& Tower with Radar,1130,172,39,4,1345,0,7,16,0,23,1130,179,55,4,1368,0,0,0,1368
03/10/2021,CLT,NC,ASO,ES,Combined TRACON& Tower with Radar,1147,167,34,2,1350,0,5,13,0,18,1147,172,47,2,1368,0,0,0,1368
03/11/2021,CLT,NC,ASO,ES,Combined TRACON& Tower with Radar,1255,182,69,5,1511,0,7,18,0,25,1255,189,87,5,1536,0,0,0,1536
03/12/2021,CLT,NC,ASO,ES,Combined TRACON& Tower with Radar,1257,190,62,0,1509,0,6,13,1,20,1257,196,75,1,1529,0,0,0,1529
03/13/2021,CLT,NC,ASO,ES,Combined TRACON& Tower with Radar,1189,181,30,2,1402,0,1,10,0,11,1189,182,40,2,1413,0,0,0,1413
03/14/2021,CLT,NC,ASO,ES,Combined TRACON& Tower with Radar,1146,174,28,1,1349,0,2,6,0,8,1146,176,34,1,1357,0,0,0,1357
03/15/2021,CLT,NC,ASO,ES,Combined TRACON& Tower with Radar,1228,186,41,3,1458,0,2,18,2,22,1228,188,59,5,1480,0,0,0,1480
03/16/2021,CLT,NC,ASO,ES,Combined TRACON& Tower with Radar,1144,160,33,4,1341,0,0,0,0,0,1144,160,33,4,1341,0,0,0,1341
03/17/2021,CLT,NC,ASO,ES,Combined TRACON& Tower with Radar,1145,169,62,2,1378,0,0,4,2,6,1145,169,66,4,1384,0,0,0,1384
03/18/2021,CLT,NC,ASO,ES,Combined TRACON& Tower with Radar,1230,179,48,1,1458,0,0,6,0,6,1230,179,54,1,1464,0,0,0,1464
03/19/2021,CLT,NC,ASO,ES,Combined TRACON& Tower with Radar,1260,187,47,4,1498,0,3,9,2,14,1260,190,56,6,1512,0,0,0,1512
03/20/2021,CLT,NC,ASO,ES,Combined TRACON& Tower with Radar,1201,171,37,0,1409,0,3,18,1,22,1201,174,55,1,1431,0,0,0,1431
03/21/2021,CLT,NC,ASO,ES,Combined TRACON& Tower with Radar,1157,185,52,1,1395,0,4,3,0,7,1157,189,55,1,1402,0,0,0,1402
03/22/2021,CLT,NC,ASO,ES,Combined TRACON& Tower with Radar,1235,190,43,1,1469,0,2,13,3,18,1235,192,56,4,1487,0,0,0,1487
03/23/2021,CLT,NC,ASO,ES,Combined TRACON& Tower with Radar,1145,170,37,2,1354,0,4,7,2,13,1145,174,44,4,1367,0,0,0,1367
03/24/2021,CLT,NC,ASO,ES,Combined TRACON& Tower with Radar,1156,177,46,3,1382,0,2,6,0,8,1156,179,52,3,1390,0,0,0,1390
03/25/2021,CLT,NC,ASO,ES,Combined TRACON& Tower with Radar,1252,189,55,2,1498,0,1,8,2,11,1252,190,63,4,1509,0,0,0,1509
03/26/2021,CLT,NC,ASO,ES,Combined TRACON& Tower with Radar,1263,187,43,0,1493,0,0,12,1,13,1263,187,55,1,1506,0,0,0,1506
03/27/2021,CLT,NC,ASO,ES,Combined TRACON& Tower with Radar,1196,173,34,0,1403,0,0,9,0,9,1196,173,43,0,1412,0,0,0,1412
03/28/2021,CLT,NC,ASO,ES,Combined TRACON& Tower with Radar,1168,168,38,0,1374,0,0,2,4,6,1168,168,40,4,1380,0,0,0,1380
03/29/2021,CLT,NC,ASO,ES,Combined TRACON& Tower with Radar,1250,168,54,0,1472,0,5,11,2,18,1250,173,65,2,1490,0,0,0,1490
03/30/2021,CLT,NC,ASO,ES,Combined TRACON& Tower with Radar,1153,148,58,5,1364,0,0,24,5,29,1153,148,82,10,1393,0,0,0,1393
03/31/2021,CLT,NC,ASO,ES,Combined TRACON& Tower with Radar,1159,162,65,1,1387,0,0,3,0,3,1159,162,68,1,1390,0,0,0,1390
04/01/2021,CLT,NC,ASO,ES,Combined TRACON& Tower with Radar,1255,202,51,4,1512,0,4,9,0,13,1255,206,60,4,1525,0,0,0,1525
04/02/2021,CLT,NC,ASO,ES,Combined TRACON& Tower with Radar,1255,197,29,1,1482,0,2,14,0,16,1255,199,43,1,1498,0,0,0,1498
04/03/2021,CLT,NC,ASO,ES,Combined TRACON& Tower with Radar,1243,189,16,0,1448,0,2,3,0,5,1243,191,19,0,1453,0,0,0,1453
04/04/2021,CLT,NC,ASO,ES,Combined TRACON& Tower with Radar,1199,190,31,0,1420,0,2,4,0,6,1199,192,35,0,1426,0,0,0,1426
04/05/2021,CLT,NC,ASO,ES,Combined TRACON& Tower with Radar,1266,206,51,1,1524,0,7,17,2,26,1266,213,68,3,1550,0,0,0,1550
04/06/2021,CLT,NC,ASO,ES,Combined TRACON& Tower with Radar,1179,165,52,7,1403,0,5,15,0,20,1179,170,67,7,1423,0,0,0,1423
04/07/2021,CLT,NC,ASO,ES,Combined TRACON& Tower with Radar,1259,206,52,3,1520,0,2,21,2,25,1259,208,73,5,1545,0,0,0,1545
04/08/2021,CLT,NC,ASO,ES,Combined TRACON& Tower with Radar,1272,203,46,6,1527,0,6,18,5,29,1272,209,64,11,1556,0,0,0,1556
04/09/2021,CLT,NC,ASO,ES,Combined TRACON& Tower with Radar,1274,214,47,1,1536,0,5,17,3,25,1274,219,64,4,1561,0,0,0,1561
04/10/2021,CLT,NC,ASO,ES,Combined TRACON& Tower with Radar,1215,197,21,4,1437,0,0,5,0,5,1215,197,26,4,1442,0,0,0,1442
04/11/2021,CLT,NC,ASO,ES,Combined TRACON& Tower with Radar,1126,183,42,2,1353,0,0,5,0,5,1126,183,47,2,1358,0,0,0,1358
04/12/2021,CLT,NC,ASO,ES,Combined TRACON& Tower with Radar,1255,208,69,3,1535,0,2,11,0,13,1255,210,80,3,1548,0,0,0,1548
04/13/2021,CLT,NC,ASO,ES,Combined TRACON& Tower with Radar,1184,187,51,5,1427,0,10,17,4,31,1184,197,68,9,1458,0,0,0,1458
04/14/2021,CLT,NC,ASO,ES,Combined TRACON& Tower with Radar,1252,212,51,3,1518,0,1,14,2,17,1252,213,65,5,1535,0,0,0,1535
04/15/2021,CLT,NC,ASO,ES,Combined TRACON& Tower with Radar,1275,215,58,6,1554,0,4,19,2,25,1275,219,77,8,1579,0,0,0,1579
04/16/2021,CLT,NC,ASO,ES,Combined TRACON& Tower with Radar,1275,203,60,3,1541,0,6,20,0,26,1275,209,80,3,1567,0,0,0,1567
04/17/2021,CLT,NC,ASO,ES,Combined TRACON& Tower with Radar,1228,183,18,3,1432,0,1,6,0,7,1228,184,24,3,1439,0,0,0,1439
04/18/2021,CLT,NC,ASO,ES,Combined TRACON& Tower with Radar,1189,195,46,2,1432,0,1,1,0,2,1189,196,47,2,1434,0,0,0,1434
04/19/2021,CLT,NC,ASO,ES,Combined TRACON& Tower with Radar,1264,195,54,0,1513,0,3,15,0,18,1264,198,69,0,1531,0,0,0,1531
04/20/2021,CLT,NC,ASO,ES,Combined TRACON& Tower with Radar,1181,177,47,3,1408,0,5,11,0,16,1181,182,58,3,1424,0,0,0,1424
04/21/2021,CLT,NC,ASO,ES,Combined TRACON& Tower with Radar,1255,200,64,3,1522,0,3,9,0,12,1255,203,73,3,1534,0,0,0,1534
04/22/2021,CLT,NC,ASO,ES,Combined TRACON& Tower with Radar,1280,204,71,5,1560,0,7,13,3,23,1280,211,84,8,1583,0,0,0,1583
04/23/2021,CLT,NC,ASO,ES,Combined TRACON& Tower with Radar,1266,206,62,2,1536,0,0,13,4,17,1266,206,75,6,1553,0,0,0,1553
04/24/2021,CLT,NC,ASO,ES,Combined TRACON& Tower with Radar,1221,190,21,2,1434,0,0,0,0,0,1221,190,21,2,1434,0,0,0,1434
04/25/2021,CLT,NC,ASO,ES,Combined TRACON& Tower with Radar,1197,186,39,2,1424,0,1,7,0,8,1197,187,46,2,1432,0,0,0,1432
04/26/2021,CLT,NC,ASO,ES,Combined TRACON& Tower with Radar,1262,210,55,0,1527,0,2,4,0,6,1262,212,59,0,1533,0,0,0,1533
04/27/2021,CLT,NC,ASO,ES,Combined TRACON& Tower with Radar,1172,174,85,4,1435,0,0,4,0,4,1172,174,89,4,1439,0,0,0,1439
04/28/2021,CLT,NC,ASO,ES,Combined TRACON& Tower with Radar,1259,190,74,4,1527,0,9,12,0,21,1259,199,86,4,1548,0,0,0,1548
04/29/2021,CLT,NC,ASO,ES,Combined TRACON& Tower with Radar,1269,212,73,5,1559,0,4,9,0,13,1269,216,82,5,1572,0,0,0,1572
04/30/2021,CLT,NC,ASO,ES,Combined TRACON& Tower with Radar,1272,197,75,8,1552,0,3,19,0,22,1272,200,94,8,1574,0,0,0,1574
05/01/2021,CLT,NC,ASO,ES,Combined TRACON& Tower with Radar,1217,213,36,12,1478,0,3,12,0,15,1217,216,48,12,1493,0,0,0,1493
05/02/2021,CLT,NC,ASO,ES,Combined TRACON& Tower with Radar,1197,188,59,7,1451,0,2,3,0,5,1197,190,62,7,1456,0,0,0,1456
05/03/2021,CLT,NC,ASO,ES,Combined TRACON& Tower with Radar,1256,205,52,1,1514,0,0,2,0,2,1256,205,54,1,1516,0,0,0,1516
05/04/2021,CLT,NC,ASO,ES,Combined TRACON& Tower with Radar,1094,159,77,6,1336,0,0,4,0,4,1094,159,81,6,1340,0,0,0,1340
05/05/2021,CLT,NC,ASO,ES,Combined TRACON& Tower with Radar,1291,225,84,2,1602,0,3,17,0,20,1291,228,101,2,1622,0,0,0,1622
05/06/2021,CLT,NC,ASO,ES,Combined TRACON& Tower with Radar,1288,187,82,6,1563,0,2,16,0,18,1288,189,98,6,1581,0,0,0,1581
05/07/2021,CLT,NC,ASO,ES,Combined TRACON& Tower with Radar,1317,180,62,1,1560,0,7,13,0,20,1317,187,75,1,1580,0,0,0,1580
05/08/2021,CLT,NC,ASO,ES,Combined TRACON& Tower with Radar,1274,185,42,2,1503,0,2,10,0,12,1274,187,52,2,1515,0,0,0,1515
05/09/2021,CLT,NC,ASO,ES,Combined TRACON& Tower with Radar,1218,196,26,4,1444,0,7,6,0,13,1218,203,32,4,1457,0,0,0,1457
05/10/2021,CLT,NC,ASO,ES,Combined TRACON& Tower with Radar,1290,176,51,7,1524,0,7,11,0,18,1290,183,62,7,1542,0,0,0,1542
05/11/2021,CLT,NC,ASO,ES,Combined TRACON& Tower with Radar,1214,165,68,2,1449,0,2,10,0,12,1214,167,78,2,1461,0,0,0,1461
05/12/2021,CLT,NC,ASO,ES,Combined TRACON& Tower with Radar,1304,184,75,4,1567,0,1,13,0,14,1304,185,88,4,1581,0,0,0,1581
05/13/2021,CLT,NC,ASO,ES,Combined TRACON& Tower with Radar,1311,194,85,5,1595,0,3,11,0,14,1311,197,96,5,1609,0,0,0,1609
05/14/2021,CLT,NC,ASO,ES,Combined TRACON& Tower with Radar,1308,190,74,3,1575,0,6,24,0,30,1308,196,98,3,1605,0,0,0,1605
05/15/2021,CLT,NC,ASO,ES,Combined TRACON& Tower with Radar,1257,167,14,0,1438,2,7,14,0,23,1259,174,28,0,1461,0,0,0,1461
05/16/2021,CLT,NC,ASO,ES,Combined TRACON& Tower with Radar,1216,172,41,1,1430,0,0,7,0,7,1216,172,48,1,1437,0,0,0,1437
05/17/2021,CLT,NC,ASO,ES,Combined TRACON& Tower with Radar,1293,178,52,1,1524,0,7,15,0,22,1293,185,67,1,1546,0,0,0,1546
05/18/2021,CLT,NC,ASO,ES,Combined TRACON& Tower with Radar,1220,166,62,3,1451,0,4,13,2,19,1220,170,75,5,1470,0,0,0,1470
05/19/2021,CLT,NC,ASO,ES,Combined TRACON& Tower with Radar,1316,184,80,2,1582,0,2,7,0,9,1316,186,87,2,1591,0,0,0,1591
05/20/2021,CLT,NC,ASO,ES,Combined TRACON& Tower with Radar,1306,171,84,9,1570,0,13,19,0,32,1306,184,103,9,1602,0,0,0,1602
05/21/2021,CLT,NC,ASO,ES,Combined TRACON& Tower with Radar,1301,186,66,0,1553,0,12,15,0,27,1301,198,81,0,1580,0,0,0,1580
05/22/2021,CLT,NC,ASO,ES,Combined TRACON& Tower with Radar,1263,173,29,0,1465,0,1,11,0,12,1263,174,40,0,1477,0,0,0,1477
05/23/2021,CLT,NC,ASO,ES,Combined TRACON& Tower with Radar,1220,178,46,0,1444,0,3,7,0,10,1220,181,53,0,1454,0,0,0,1454
05/24/2021,CLT,NC,ASO,ES,Combined TRACON& Tower with Radar,1293,185,49,1,1528,0,7,23,0,30,1293,192,72,1,1558,0,0,0,1558
05/25/2021,CLT,NC,ASO,ES,Combined TRACON& Tower with Radar,1212,178,47,5,1442,0,5,15,0,20,1212,183,62,5,1462,0,0,0,1462
05/26/2021,CLT,NC,ASO,ES,Combined TRACON& Tower with Radar,1306,188,67,4,1565,0,6,13,0,19,1306,194,80,4,1584,0,0,0,1584
05/27/2021,CLT,NC,ASO,ES,Combined TRACON& Tower with Radar,1318,180,95,6,1599,0,8,23,1,32,1318,188,118,7,1631,0,0,0,1631
05/28/2021,CLT,NC,ASO,ES,Combined TRACON& Tower with Radar,1310,176,62,0,1548,0,3,8,1,12,1310,179,70,1,1560,0,0,0,1560
05/29/2021,CLT,NC,ASO,ES,Combined TRACON& Tower with Radar,1266,165,14,0,1445,0,1,14,1,16,1266,166,28,1,1461,0,0,0,1461
05/30/2021,CLT,NC,ASO,ES,Combined TRACON& Tower with Radar,1199,153,25,1,1378,0,2,5,1,8,1199,155,30,2,1386,0,0,0,1386
05/31/2021,CLT,NC,ASO,ES,Combined TRACON& Tower with Radar,1287,176,34,0,1497,0,0,7,0,7,1287,176,41,0,1504,0,0,0,1504
06/01/2021,CLT,NC,ASO,ES,Combined TRACON& Tower with Radar,1206,173,74,3,1456,0,0,16,2,18,1206,173,90,5,1474,0,0,0,1474
06/02/2021,CLT,NC,ASO,ES,Combined TRACON& Tower with Radar,1299,185,78,1,1563,0,8,6,0,14,1299,193,84,1,1577,0,0,0,1577
06/03/2021,CLT,NC,ASO,ES,Combined TRACON& Tower with Radar,1267,177,65,1,1510,0,0,9,0,9,1267,177,74,1,1519,0,0,0,1519
06/04/2021,CLT,NC,ASO,ES,Combined TRACON& Tower with Radar,1327,175,49,2,1553,0,0,9,1,10,1327,175,58,3,1563,0,0,0,1563
06/05/2021,CLT,NC,ASO,ES,Combined TRACON& Tower with Radar,1248,153,28,2,1431,0,1,6,0,7,1248,154,34,2,1438,0,0,0,1438
06/06/2021,CLT,NC,ASO,ES,Combined TRACON& Tower with Radar,1280,166,45,0,1491,0,2,7,0,9,1280,168,52,0,1500,0,0,0,1500
06/07/2021,CLT,NC,ASO,ES,Combined TRACON& Tower with Radar,1190,145,53,1,1389,0,0,4,0,4,1190,145,57,1,1393,0,0,0,1393
06/08/2021,CLT,NC,ASO,ES,Combined TRACON& Tower with Radar,1316,170,74,5,1565,0,0,13,0,13,1316,170,87,5,1578,0,0,0,1578
06/09/2021,CLT,NC,ASO,ES,Combined TRACON& Tower with Radar,1294,173,73,6,1546,0,0,13,0,13,1294,173,86,6,1559,0,0,0,1559
06/10/2021,CLT,NC,ASO,ES,Combined TRACON& Tower with Radar,1330,170,73,5,1578,0,1,11,0,12,1330,171,84,5,1590,0,0,0,1590
06/11/2021,CLT,NC,ASO,ES,Combined TRACON& Tower with Radar,1308,162,45,3,1518,0,2,13,0,15,1308,164,58,3,1533,0,0,0,1533
06/12/2021,CLT,NC,ASO,ES,Combined TRACON& Tower with Radar,1195,155,29,1,1380,0,0,4,0,4,1195,155,33,1,1384,0,0,0,1384
06/13/2021,CLT,NC,ASO,ES,Combined TRACON& Tower with Radar,1303,161,50,0,1514,0,2,3,0,5,1303,163,53,0,1519,0,0,0,1519
06/14/2021,CLT,NC,ASO,ES,Combined TRACON& Tower with Radar,1329,174,45,1,1549,0,5,9,0,14,1329,179,54,1,1563,0,0,0,1563
06/15/2021,CLT,NC,ASO,ES,Combined TRACON& Tower with Radar,1297,173,56,7,1533,0,1,12,5,18,1297,174,68,12,1551,0,0,0,1551
06/16/2021,CLT,NC,ASO,ES,Combined TRACON& Tower with Radar,1310,175,80,5,1570,0,4,18,2,24,1310,179,98,7,1594,0,0,0,1594
06/17/2021,CLT,NC,ASO,ES,Combined TRACON& Tower with Radar,1319,176,102,5,1602,0,6,14,0,20,1319,182,116,5,1622,0,0,0,1622
06/18/2021,CLT,NC,ASO,ES,Combined TRACON& Tower with Radar,1303,162,45,0,1510,0,5,10,0,15,1303,167,55,0,1525,0,0,0,1525
06/19/2021,CLT,NC,ASO,ES,Combined TRACON& Tower with Radar,1215,151,32,1,1399,0,2,9,0,11,1215,153,41,1,1410,0,0,0,1410
06/20/2021,CLT,NC,ASO,ES,Combined TRACON& Tower with Radar,1264,169,53,1,1487,0,0,1,0,1,1264,169,54,1,1488,0,0,0,1488
06/21/2021,CLT,NC,ASO,ES,Combined TRACON& Tower with Radar,1284,173,52,3,1512,0,1,12,2,15,1284,174,64,5,1527,0,0,0,1527
06/22/2021,CLT,NC,ASO,ES,Combined TRACON& Tower with Radar,1290,187,89,7,1573,0,1,4,0,5,1290,188,93,7,1578,0,0,0,1578
06/23/2021,CLT,NC,ASO,ES,Combined TRACON& Tower with Radar,1326,181,78,6,1591,0,3,17,0,20,1326,184,95,6,1611,0,0,0,1611
06/24/2021,CLT,NC,ASO,ES,Combined TRACON& Tower with Radar,1321,177,82,2,1582,0,11,14,3,28,1321,188,96,5,1610,0,0,0,1610
06/25/2021,CLT,NC,ASO,ES,Combined TRACON& Tower with Radar,1310,166,60,10,1546,0,5,17,0,22,1310,171,77,10,1568,0,0,0,1568
06/26/2021,CLT,NC,ASO,ES,Combined TRACON& Tower with Radar,1220,163,28,2,1413,0,3,12,1,16,1220,166,40,3,1429,0,0,0,1429
06/27/2021,CLT,NC,ASO,ES,Combined TRACON& Tower with Radar,1294,165,37,9,1505,0,3,6,0,9,1294,168,43,9,1514,0,0,0,1514
06/28/2021,CLT,NC,ASO,ES,Combined TRACON& Tower with Radar,1327,167,66,3,1563,0,5,10,0,15,1327,172,76,3,1578,0,0,0,1578
06/29/2021,CLT,NC,ASO,ES,Combined TRACON& Tower with Radar,1316,169,50,4,1539,0,0,16,0,16,1316,169,66,4,1555,0,0,0,1555
06/30/2021,CLT,NC,ASO,ES,Combined TRACON& Tower with Radar,1281,165,67,3,1516,0,1,7,0,8,1281,166,74,3,1524,0,0,0,1524
07/01/2021,CLT,NC,ASO,ES,Combined TRACON& Tower with Radar,1298,167,67,3,1535,0,9,7,0,16,1298,176,74,3,1551,0,0,0,1551
07/02/2021,CLT,NC,ASO,ES,Combined TRACON& Tower with Radar,1297,159,47,0,1503,0,0,7,0,7,1297,159,54,0,1510,0,0,0,1510
07/03/2021,CLT,NC,ASO,ES,Combined TRACON& Tower with Radar,1237,159,26,0,1422,0,0,9,0,9,1237,159,35,0,1431,0,0,0,1431
07/04/2021,CLT,NC,ASO,ES,Combined TRACON& Tower with Radar,1023,99,18,2,1142,0,1,4,2,7,1023,100,22,4,1149,0,0,0,1149
07/05/2021,CLT,NC,ASO,ES,Combined TRACON& Tower with Radar,1300,164,44,0,1508,0,0,6,0,6,1300,164,50,0,1514,0,0,0,1514
07/06/2021,CLT,NC,ASO,ES,Combined TRACON& Tower with Radar,1244,163,42,3,1452,0,5,11,0,16,1244,168,53,3,1468,0,0,0,1468
07/07/2021,CLT,NC,ASO,ES,Combined TRACON& Tower with Radar,1321,162,50,4,1537,0,3,24,2,29,1321,165,74,6,1566,0,0,0,1566
07/08/2021,CLT,NC,ASO,ES,Combined TRACON& Tower with Radar,1325,155,43,3,1526,0,1,14,0,15,1325,156,57,3,1541,0,0,0,1541
07/09/2021,CLT,NC,ASO,ES,Combined TRACON& Tower with Radar,1293,153,61,0,1507,0,4,14,2,20,1293,157,75,2,1527,0,0,0,1527
07/10/2021,CLT,NC,ASO,ES,Combined TRACON& Tower with Radar,1260,171,33,0,1464,0,0,6,0,6,1260,171,39,0,1470,0,0,0,1470
07/11/2021,CLT,NC,ASO,ES,Combined TRACON& Tower with Radar,1313,162,59,2,1536,0,2,2,0,4,1313,164,61,2,1540,0,0,0,1540
07/12/2021,CLT,NC,ASO,ES,Combined TRACON& Tower with Radar,1300,165,60,2,1527,0,3,13,0,16,1300,168,73,2,1543,0,0,0,1543
07/13/2021,CLT,NC,ASO,ES,Combined TRACON& Tower with Radar,1329,170,80,2,1581,0,6,12,5,23,1329,176,92,7,1604,0,0,0,1604
07/14/2021,CLT,NC,ASO,ES,Combined TRACON& Tower with Radar,1288,166,82,6,1542,0,4,7,2,13,1288,170,89,8,1555,0,0,0,1555
07/15/2021,CLT,NC,ASO,ES,Combined TRACON& Tower with Radar,1365,179,76,7,1627,0,5,10,1,16,1365,184,86,8,1643,0,0,0,1643
07/16/2021,CLT,NC,ASO,ES,Combined TRACON& Tower with Radar,1334,158,63,3,1558,0,0,18,0,18,1334,158,81,3,1576,0,0,0,1576
07/17/2021,CLT,NC,ASO,ES,Combined TRACON& Tower with Radar,1221,138,21,0,1380,0,0,4,0,4,1221,138,25,0,1384,0,0,0,1384
07/18/2021,CLT,NC,ASO,ES,Combined TRACON& Tower with Radar,1307,156,63,1,1527,0,0,1,0,1,1307,156,64,1,1528,0,0,0,1528
07/19/2021,CLT,NC,ASO,ES,Combined TRACON& Tower with Radar,1337,160,43,2,1542,0,0,1,0,1,1337,160,44,2,1543,0,0,0,1543
07/20/2021,CLT,NC,ASO,ES,Combined TRACON& Tower with Radar,1318,175,68,4,1565,0,6,8,2,16,1318,181,76,6,1581,0,0,0,1581
07/21/2021,CLT,NC,ASO,ES,Combined TRACON& Tower with Radar,1334,170,82,6,1592,0,0,20,3,23,1334,170,102,9,1615,0,0,0,1615
07/22/2021,CLT,NC,ASO,ES,Combined TRACON& Tower with Radar,1328,179,66,5,1578,0,3,27,1,31,1328,182,93,6,1609,0,0,0,1609
07/23/2021,CLT,NC,ASO,ES,Combined TRACON& Tower with Radar,1322,161,61,2,1546,0,1,14,0,15,1322,162,75,2,1561,0,0,0,1561
07/24/2021,CLT,NC,ASO,ES,Combined TRACON& Tower with Radar,1254,153,33,1,1441,0,2,7,0,9,1254,155,40,1,1450,0,0,0,1450
07/25/2021,CLT,NC,ASO,ES,Combined TRACON& Tower with Radar,1311,164,55,1,1531,0,0,6,0,6,1311,164,61,1,1537,0,0,0,1537
07/26/2021,CLT,NC,ASO,ES,Combined TRACON& Tower with Radar,1107,130,60,3,1300,0,1,5,0,6,1107,131,65,3,1306,0,0,0,1306
07/27/2021,CLT,NC,ASO,ES,Combined TRACON& Tower with Radar,1299,168,59,6,1532,0,1,13,0,14,1299,169,72,6,1546,0,0,0,1546
07/28/2021,CLT,NC,ASO,ES,Combined TRACON& Tower with Radar,1328,164,92,3,1587,0,6,22,0,28,1328,170,114,3,1615,0,0,0,1615
07/29/2021,CLT,NC,ASO,ES,Combined TRACON& Tower with Radar,1328,169,93,9,1599,0,4,28,0,32,1328,173,121,9,1631,0,0,0,1631
07/30/2021,CLT,NC,ASO,ES,Combined TRACON& Tower with Radar,1325,157,61,2,1545,0,4,13,1,18,1325,161,74,3,1563,0,0,0,1563
07/31/2021,CLT,NC,ASO,ES,Combined TRACON& Tower with Radar,1201,148,33,0,1382,0,1,13,0,14,1201,149,46,0,1396,0,0,0,1396
08/01/2021,CLT,NC,ASO,ES,Combined TRACON& Tower with Radar,1278,168,61,4,1511,0,1,1,0,2,1278,169,62,4,1513,0,0,0,1513
08/02/2021,CLT,NC,ASO,ES,Combined TRACON& Tower with Radar,1253,161,68,2,1484,0,6,8,4,18,1253,167,76,6,1502,0,0,0,1502
08/03/2021,CLT,NC,ASO,ES,Combined TRACON& Tower with Radar,1263,174,61,3,1501,0,0,11,0,11,1263,174,72,3,1512,0,0,0,1512
08/04/2021,CLT,NC,ASO,ES,Combined TRACON& Tower with Radar,1318,171,55,3,1547,0,4,19,1,24,1318,175,74,4,1571,0,0,0,1571
08/05/2021,CLT,NC,ASO,ES,Combined TRACON& Tower with Radar,1333,173,72,5,1583,0,1,26,0,27,1333,174,98,5,1610,0,0,0,1610
08/06/2021,CLT,NC,ASO,ES,Combined TRACON& Tower with Radar,1321,168,58,0,1547,0,5,14,0,19,1321,173,72,0,1566,0,0,0,1566
08/07/2021,CLT,NC,ASO,ES,Combined TRACON& Tower with Radar,1231,153,29,4,1417,0,1,11,0,12,1231,154,40,4,1429,0,0,0,1429
08/08/2021,CLT,NC,ASO,ES,Combined TRACON& Tower with Radar,1313,161,36,0,1510,0,3,4,2,9,1313,164,40,2,1519,0,0,0,1519
08/09/2021,CLT,NC,ASO,ES,Combined TRACON& Tower with Radar,1302,161,45,1,1509,0,1,6,0,7,1302,162,51,1,1516,0,0,0,1516
08/10/2021,CLT,NC,ASO,ES,Combined TRACON& Tower with Radar,1280,161,59,2,1502,0,3,17,0,20,1280,164,76,2,1522,0,0,0,1522
08/11/2021,CLT,NC,ASO,ES,Combined TRACON& Tower with Radar,1270,166,65,5,1506,0,0,13,0,13,1270,166,78,5,1519,0,0,0,1519
08/12/2021,CLT,NC,ASO,ES,Combined TRACON& Tower with Radar,1348,172,68,4,1592,0,2,13,1,16,1348,174,81,5,1608,0,0,0,1608
08/13/2021,CLT,NC,ASO,ES,Combined TRACON& Tower with Radar,1257,147,50,7,1461,0,3,13,5,21,1257,150,63,12,1482,0,0,0,1482
08/14/2021,CLT,NC,ASO,ES,Combined TRACON& Tower with Radar,1084,130,38,12,1264,0,0,3,0,3,1084,130,41,12,1267,0,0,0,1267
08/15/2021,CLT,NC,ASO,ES,Combined TRACON& Tower with Radar,1192,161,67,2,1422,0,0,4,0,4,1192,161,71,2,1426,0,0,0,1426
08/16/2021,CLT,NC,ASO,ES,Combined TRACON& Tower with Radar,1304,161,63,2,1530,0,1,3,0,4,1304,162,66,2,1534,0,0,0,1534
08/17/2021,CLT,NC,ASO,ES,Combined TRACON& Tower with Radar,1131,136,57,2,1326,0,0,0,0,0,1131,136,57,2,1326,0,0,0,1326
08/18/2021,CLT,NC,ASO,ES,Combined TRACON& Tower with Radar,1223,141,80,0,1444,0,6,6,5,17,1223,147,86,5,1461,0,0,0,1461
08/19/2021,CLT,NC,ASO,ES,Combined TRACON& Tower with Radar,1292,151,70,4,1517,0,7,8,2,17,1292,158,78,6,1534,0,0,0,1534
08/20/2021,CLT,NC,ASO,ES,Combined TRACON& Tower with Radar,1358,149,64,2,1573,0,3,8,0,11,1358,152,72,2,1584,0,0,0,1584
08/21/2021,CLT,NC,ASO,ES,Combined TRACON& Tower with Radar,1139,140,39,1,1319,0,0,13,1,14,1139,140,52,2,1333,0,0,0,1333
08/22/2021,CLT,NC,ASO,ES,Combined TRACON& Tower with Radar,1318,149,36,0,1503,0,0,5,0,5,1318,149,41,0,1508,0,0,0,1508
08/23/2021,CLT,NC,ASO,ES,Combined TRACON& Tower with Radar,1166,133,45,3,1347,0,4,10,1,15,1166,137,55,4,1362,0,0,0,1362
08/24/2021,CLT,NC,ASO,ES,Combined TRACON& Tower with Radar,1154,134,83,5,1376,0,5,18,1,24,1154,139,101,6,1400,0,0,0,1400
08/25/2021,CLT,NC,ASO,ES,Combined TRACON& Tower with Radar,1190,131,66,4,1391,0,7,16,2,25,1190,138,82,6,1416,0,0,0,1416
08/26/2021,CLT,NC,ASO,ES,Combined TRACON& Tower with Radar,1331,157,74,7,1569,0,4,12,2,18,1331,161,86,9,1587,0,0,0,1587
08/27/2021,CLT,NC,ASO,ES,Combined TRACON& Tower with Radar,1340,160,73,0,1573,0,6,16,3,25,1340,166,89,3,1598,0,0,0,1598
08/28/2021,CLT,NC,ASO,ES,Combined TRACON& Tower with Radar,1145,130,24,0,1299,0,1,12,0,13,1145,131,36,0,1312,0,0,0,1312
08/29/2021,CLT,NC,ASO,ES,Combined TRACON& Tower with Radar,1301,154,47,0,1502,0,0,5,0,5,1301,154,52,0,1507,0,0,0,1507
08/30/2021,CLT,NC,ASO,ES,Combined TRACON& Tower with Radar,1138,132,55,0,1325,0,5,12,0,17,1138,137,67,0,1342,0,0,0,1342
08/31/2021,CLT,NC,ASO,ES,Combined TRACON& Tower with Radar,1133,147,63,0,1343,0,0,8,1,9,1133,147,71,1,1352,0,0,0,1352
09/01/2021,CLT,NC,ASO,ES,Combined TRACON& Tower with Radar,1104,129,42,0,1275,0,0,11,0,11,1104,129,53,0,1286,0,0,0,1286
09/02/2021,CLT,NC,ASO,ES,Combined TRACON& Tower with Radar,1322,146,84,4,1556,0,11,20,0,31,1322,157,104,4,1587,0,0,0,1587
09/03/2021,CLT,NC,ASO,ES,Combined TRACON& Tower with Radar,1328,170,104,1,1603,0,8,25,1,34,1328,178,129,2,1637,0,0,0,1637
09/04/2021,CLT,NC,ASO,ES,Combined TRACON& Tower with Radar,1155,170,91,0,1416,0,1,15,0,16,1155,171,106,0,1432,0,0,0,1432
09/05/2021,CLT,NC,ASO,ES,Combined TRACON& Tower with Radar,838,141,118,0,1097,0,1,9,0,10,838,142,127,0,1107,0,0,0,1107
09/06/2021,CLT,NC,ASO,ES,Combined TRACON& Tower with Radar,1068,114,36,1,1219,0,0,6,0,6,1068,114,42,1,1225,0,0,0,1225
09/07/2021,CLT,NC,ASO,ES,Combined TRACON& Tower with Radar,1121,128,70,5,1324,0,4,18,2,24,1121,132,88,7,1348,0,0,0,1348
09/08/2021,CLT,NC,ASO,ES,Combined TRACON& Tower with Radar,1055,101,60,3,1219,0,4,15,0,19,1055,105,75,3,1238,0,0,0,1238
09/09/2021,CLT,NC,ASO,ES,Combined TRACON& Tower with Radar,1355,144,71,2,1572,0,0,13,0,13,1355,144,84,2,1585,0,0,0,1585
09/10/2021,CLT,NC,ASO,ES,Combined TRACON& Tower with Radar,1364,150,64,0,1578,0,4,17,0,21,1364,154,81,0,1599,0,0,0,1599
09/11/2021,CLT,NC,ASO,ES,Combined TRACON& Tower with Radar,1154,135,27,5,1321,0,1,15,0,16,1154,136,42,5,1337,0,0,0,1337
09/12/2021,CLT,NC,ASO,ES,Combined TRACON& Tower with Radar,1353,158,71,5,1587,0,0,5,1,6,1353,158,76,6,1593,0,0,0,1593
09/13/2021,CLT,NC,ASO,ES,Combined TRACON& Tower with Radar,1189,140,73,1,1403,0,6,11,1,18,1189,146,84,2,1421,0,0,0,1421
09/14/2021,CLT,NC,ASO,ES,Combined TRACON& Tower with Radar,1065,110,47,7,1229,0,1,18,1,20,1065,111,65,8,1249,0,0,0,1249
09/15/2021,CLT,NC,ASO,ES,Combined TRACON& Tower with Radar,1087,106,78,3,1274,0,0,10,0,10,1087,106,88,3,1284,0,0,0,1284
09/16/2021,CLT,NC,ASO,ES,Combined TRACON& Tower with Radar,1369,154,69,5,1597,0,3,16,1,20,1369,157,85,6,1617,0,0,0,1617
09/17/2021,CLT,NC,ASO,ES,Combined TRACON& Tower with Radar,1357,154,55,0,1566,0,1,12,0,13,1357,155,67,0,1579,0,0,0,1579
09/18/2021,CLT,NC,ASO,ES,Combined TRACON& Tower with Radar,1167,116,32,4,1319,0,3,15,0,18,1167,119,47,4,1337,0,0,0,1337
09/19/2021,CLT,NC,ASO,ES,Combined TRACON& Tower with Radar,1346,152,79,0,1577,0,3,6,2,11,1346,155,85,2,1588,0,0,0,1588
09/20/2021,CLT,NC,ASO,ES,Combined TRACON& Tower with Radar,1179,134,77,0,1390,0,0,9,0,9,1179,134,86,0,1399,0,0,0,1399
09/21/2021,CLT,NC,ASO,ES,Combined TRACON& Tower with Radar,1070,115,60,5,1250,0,0,0,0,0,1070,115,60,5,1250,0,0,0,1250
09/22/2021,CLT,NC,ASO,ES,Combined TRACON& Tower with Radar,1079,106,80,1,1266,0,1,0,0,1,1079,107,80,1,1267,0,0,0,1267
09/23/2021,CLT,NC,ASO,ES,Combined TRACON& Tower with Radar,1323,158,76,3,1560,0,5,29,3,37,1323,163,105,6,1597,0,0,0,1597
09/24/2021,CLT,NC,ASO,ES,Combined TRACON& Tower with Radar,1365,152,64,5,1586,0,5,28,0,33,1365,157,92,5,1619,0,0,0,1619
09/25/2021,CLT,NC,ASO,ES,Combined TRACON& Tower with Radar,1178,117,29,5,1329,0,0,12,0,12,1178,117,41,5,1341,0,0,0,1341
09/26/2021,CLT,NC,ASO,ES,Combined TRACON& Tower with Radar,1334,152,51,5,1542,0,2,10,0,12,1334,154,61,5,1554,0,0,0,1554
09/27/2021,CLT,NC,ASO,ES,Combined TRACON& Tower with Radar,1201,137,70,0,1408,0,6,6,0,12,1201,143,76,0,1420,0,0,0,1420
09/28/2021,CLT,NC,ASO,ES,Combined TRACON& Tower with Radar,1068,109,87,1,1265,0,0,20,0,20,1068,109,107,1,1285,0,0,0,1285
09/29/2021,CLT,NC,ASO,ES,Combined TRACON& Tower with Radar,1080,114,57,2,1253,0,4,23,0,27,1080,118,80,2,1280,0,0,0,1280
09/30/2021,CLT,NC,ASO,ES,Combined TRACON& Tower with Radar,1354,174,76,2,1606,0,2,18,0,20,1354,176,94,2,1626,0,0,0,1626
10/01/2021,CLT,NC,ASO,ES,Combined TRACON& Tower with Radar,1359,172,72,0,1603,0,2,29,1,32,1359,174,101,1,1635,0,0,0,1635
10/02/2021,CLT,NC,ASO,ES,Combined TRACON& Tower with Radar,1159,130,34,1,1324,0,1,14,0,15,1159,131,48,1,1339,0,0,0,1339
10/03/2021,CLT,NC,ASO,ES,Combined TRACON& Tower with Radar,1341,150,72,0,1563,0,1,9,0,10,1341,151,81,0,1573,0,0,0,1573
10/04/2021,CLT,NC,ASO,ES,Combined TRACON& Tower with Radar,1183,147,50,3,1383,0,2,13,3,18,1183,149,63,6,1401,0,0,0,1401
10/05/2021,CLT,NC,ASO,ES,Combined TRACON& Tower with Radar,1074,118,81,6,1279,0,3,14,0,17,1074,121,95,6,1296,0,0,0,1296
10/06/2021,CLT,NC,ASO,ES,Combined TRACON& Tower with Radar,1100,121,90,2,1313,0,4,10,4,18,1100,125,100,6,1331,0,0,0,1331
10/07/2021,CLT,NC,ASO,ES,Combined TRACON& Tower with Radar,1336,171,72,5,1584,0,1,6,0,7,1336,172,78,5,1591,0,0,0,1591
10/08/2021,CLT,NC,ASO,ES,Combined TRACON& Tower with Radar,1296,167,70,0,1533,0,0,0,1,1,1296,167,70,1,1534,0,0,0,1534
10/09/2021,CLT,NC,ASO,ES,Combined TRACON& Tower with Radar,1126,148,40,0,1314,0,2,4,0,6,1126,150,44,0,1320,0,0,0,1320
10/10/2021,CLT,NC,ASO,ES,Combined TRACON& Tower with Radar,1292,182,91,1,1566,0,2,8,1,11,1292,184,99,2,1577,0,0,0,1577
10/11/2021,CLT,NC,ASO,ES,Combined TRACON& Tower with Radar,1319,183,66,0,1568,0,1,6,2,9,1319,184,72,2,1577,0,0,0,1577
10/12/2021,CLT,NC,ASO,ES,Combined TRACON& Tower with Radar,1171,171,86,5,1433,0,7,17,1,25,1171,178,103,6,1458,0,0,0,1458
10/13/2021,CLT,NC,ASO,ES,Combined TRACON& Tower with Radar,1320,193,93,3,1609,0,4,17,2,23,1320,197,110,5,1632,0,0,0,1632
10/14/2021,CLT,NC,ASO,ES,Combined TRACON& Tower with Radar,1320,176,63,2,1561,0,2,19,0,21,1320,178,82,2,1582,0,0,0,1582
10/15/2021,CLT,NC,ASO,ES,Combined TRACON& Tower with Radar,1335,175,71,0,1581,0,4,19,0,23,1335,179,90,0,1604,0,0,0,1604
10/16/2021,CLT,NC,ASO,ES,Combined TRACON& Tower with Radar,1136,127,28,0,1291,0,3,7,0,10,1136,130,35,0,1301,0,0,0,1301
10/17/2021,CLT,NC,ASO,ES,Combined TRACON& Tower with Radar,1314,179,78,0,1571,0,4,7,0,11,1314,183,85,0,1582,0,0,0,1582
10/18/2021,CLT,NC,ASO,ES,Combined TRACON& Tower with Radar,1307,175,71,2,1555,0,8,13,0,21,1307,183,84,2,1576,0,0,0,1576
10/19/2021,CLT,NC,ASO,ES,Combined TRACON& Tower with Radar,1185,149,75,6,1415,0,4,14,0,18,1185,153,89,6,1433,0,0,0,1433
10/20/2021,CLT,NC,ASO,ES,Combined TRACON& Tower with Radar,1341,188,92,2,1623,0,1,18,2,21,1341,189,110,4,1644,0,0,0,1644
10/21/2021,CLT,NC,ASO,ES,Combined TRACON& Tower with Radar,1344,177,82,6,1609,0,4,15,0,19,1344,181,97,6,1628,0,0,0,1628
10/22/2021,CLT,NC,ASO,ES,Combined TRACON& Tower with Radar,1334,171,71,1,1577,0,2,14,0,16,1334,173,85,1,1593,0,0,0,1593
10/23/2021,CLT,NC,ASO,ES,Combined TRACON& Tower with Radar,1134,139,43,0,1316,0,5,7,0,12,1134,144,50,0,1328,0,0,0,1328
10/24/2021,CLT,NC,ASO,ES,Combined TRACON& Tower with Radar,1330,172,70,1,1573,0,0,2,0,2,1330,172,72,1,1575,0,0,0,1575
10/25/2021,CLT,NC,ASO,ES,Combined TRACON& Tower with Radar,1328,172,59,3,1562,0,0,6,4,10,1328,172,65,7,1572,0,0,0,1572
10/26/2021,CLT,NC,ASO,ES,Combined TRACON& Tower with Radar,1178,154,84,6,1422,0,8,14,2,24,1178,162,98,8,1446,0,0,0,1446
10/27/2021,CLT,NC,ASO,ES,Combined TRACON& Tower with Radar,1339,175,76,6,1596,0,7,13,4,24,1339,182,89,10,1620,0,0,0,1620
10/28/2021,CLT,NC,ASO,ES,Combined TRACON& Tower with Radar,1316,177,102,2,1597,0,0,6,2,8,1316,177,108,4,1605,0,0,0,1605
10/29/2021,CLT,NC,ASO,ES,Combined TRACON& Tower with Radar,1272,158,81,1,1512,0,2,10,0,12,1272,160,91,1,1524,0,0,0,1524
10/30/2021,CLT,NC,ASO,ES,Combined TRACON& Tower with Radar,981,138,50,0,1169,0,0,2,0,2,981,138,52,0,1171,0,0,0,1171
10/31/2021,CLT,NC,ASO,ES,Combined TRACON& Tower with Radar,867,160,64,1,1092,0,1,6,0,7,867,161,70,1,1099,0,0,0,1099
11/01/2021,CLT,NC,ASO,ES,Combined TRACON& Tower with Radar,1170,173,94,1,1438,0,4,8,2,14,1170,177,102,3,1452,0,0,0,1452
11/02/2021,CLT,NC,ASO,ES,Combined TRACON& Tower with Radar,958,145,79,4,1186,0,5,12,1,18,958,150,91,5,1204,0,0,0,1204
11/03/2021,CLT,NC,ASO,ES,Combined TRACON& Tower with Radar,1155,180,97,2,1434,0,3,22,0,25,1155,183,119,2,1459,0,0,0,1459
11/04/2021,CLT,NC,ASO,ES,Combined TRACON& Tower with Radar,1253,195,88,4,1540,0,0,7,0,7,1253,195,95,4,1547,0,0,0,1547
11/05/2021,CLT,NC,ASO,ES,Combined TRACON& Tower with Radar,1259,190,87,0,1536,0,8,23,0,31,1259,198,110,0,1567,0,0,0,1567
11/06/2021,CLT,NC,ASO,ES,Combined TRACON& Tower with Radar,1053,163,42,0,1258,0,0,7,0,7,1053,163,49,0,1265,0,0,0,1265
11/07/2021,CLT,NC,ASO,ES,Combined TRACON& Tower with Radar,1126,193,72,3,1394,0,4,12,0,16,1126,197,84,3,1410,0,0,0,1410
11/08/2021,CLT,NC,ASO,ES,Combined TRACON& Tower with Radar,1240,204,78,0,1522,0,1,10,2,13,1240,205,88,2,1535,0,0,0,1535
11/09/2021,CLT,NC,ASO,ES,Combined TRACON& Tower with Radar,983,156,82,4,1225,0,5,14,3,22,983,161,96,7,1247,0,0,0,1247
11/10/2021,CLT,NC,ASO,ES,Combined TRACON& Tower with Radar,1163,181,90,2,1436,0,3,19,2,24,1163,184,109,4,1460,0,0,0,1460
11/11/2021,CLT,NC,ASO,ES,Combined TRACON& Tower with Radar,1254,200,85,1,1540,0,5,15,2,22,1254,205,100,3,1562,0,0,0,1562
11/12/2021,CLT,NC,ASO,ES,Combined TRACON& Tower with Radar,1250,187,85,2,1524,0,2,16,1,19,1250,189,101,3,1543,0,0,0,1543
11/13/2021,CLT,NC,ASO,ES,Combined TRACON& Tower with Radar,1054,156,47,0,1257,0,0,8,0,8,1054,156,55,0,1265,0,0,0,1265
11/14/2021,CLT,NC,ASO,ES,Combined TRACON& Tower with Radar,1146,187,63,1,1397,0,1,6,0,7,1146,188,69,1,1404,0,0,0,1404
11/15/2021,CLT,NC,ASO,ES,Combined TRACON& Tower with Radar,1256,209,71,1,1537,0,6,12,1,19,1256,215,83,2,1556,0,0,0,1556
11/16/2021,CLT,NC,ASO,ES,Combined TRACON& Tower with Radar,994,154,89,4,1241,0,2,12,0,14,994,156,101,4,1255,0,0,0,1255
11/17/2021,CLT,NC,ASO,ES,Combined TRACON& Tower with Radar,1160,180,92,2,1434,0,5,11,2,18,1160,185,103,4,1452,0,0,0,1452
11/18/2021,CLT,NC,ASO,ES,Combined TRACON& Tower with Radar,1291,192,83,4,1570,0,5,14,0,19,1291,197,97,4,1589,0,0,0,1589
11/19/2021,CLT,NC,ASO,ES,Combined TRACON& Tower with Radar,1328,188,84,4,1604,0,4,13,1,18,1328,192,97,5,1622,0,0,0,1622
11/20/2021,CLT,NC,ASO,ES,Combined TRACON& Tower with Radar,1080,158,43,1,1282,0,0,7,0,7,1080,158,50,1,1289,0,0,0,1289
11/21/2021,CLT,NC,ASO,ES,Combined TRACON& Tower with Radar,1176,184,63,1,1424,0,0,4,3,7,1176,184,67,4,1431,0,0,0,1431
11/22/2021,CLT,NC,ASO,ES,Combined TRACON& Tower with Radar,1222,179,54,1,1456,0,1,8,1,10,1222,180,62,2,1466,0,0,0,1466
11/23/2021,CLT,NC,ASO,ES,Combined TRACON& Tower with Radar,1313,178,75,6,1572,0,5,10,0,15,1313,183,85,6,1587,0,0,0,1587
11/24/2021,CLT,NC,ASO,ES,Combined TRACON& Tower with Radar,1323,181,60,1,1565,0,7,9,0,16,1323,188,69,1,1581,0,0,0,1581
11/25/2021,CLT,NC,ASO,ES,Combined TRACON& Tower with Radar,548,65,20,0,633,0,3,4,0,7,548,68,24,0,640,0,0,0,640
11/26/2021,CLT,NC,ASO,ES,Combined TRACON& Tower with Radar,1102,151,39,0,1292,0,2,14,0,16,1102,153,53,0,1308,0,0,0,1308
11/27/2021,CLT,NC,ASO,ES,Combined TRACON& Tower with Radar,1336,188,37,0,1561,0,2,5,0,7,1336,190,42,0,1568,0,0,0,1568
11/28/2021,CLT,NC,ASO,ES,Combined TRACON& Tower with Radar,1417,210,65,2,1694,0,0,0,0,0,1417,210,65,2,1694,0,0,0,1694
11/29/2021,CLT,NC,ASO,ES,Combined TRACON& Tower with Radar,1369,188,61,4,1622,0,4,6,0,10,1369,192,67,4,1632,0,0,0,1632
11/30/2021,CLT,NC,ASO,ES,Combined TRACON& Tower with Radar,1314,186,93,6,1599,0,2,11,0,13,1314,188,104,6,1612,0,0,0,1612
12/01/2021,CLT,NC,ASO,ES,Combined TRACON& Tower with Radar,1173,178,100,5,1456,0,1,16,0,17,1173,179,116,5,1473,0,0,0,1473
12/02/2021,CLT,NC,ASO,ES,Combined TRACON& Tower with Radar,1281,216,90,4,1591,0,0,14,0,14,1281,216,104,4,1605,0,0,0,1605
12/03/2021,CLT,NC,ASO,ES,Combined TRACON& Tower with Radar,1279,208,63,0,1550,0,3,16,0,19,1279,211,79,0,1569,0,0,0,1569
12/04/2021,CLT,NC,ASO,ES,Combined TRACON& Tower with Radar,1067,180,47,5,1299,0,5,12,0,17,1067,185,59,5,1316,0,0,0,1316
12/05/2021,CLT,NC,ASO,ES,Combined TRACON& Tower with Radar,1175,208,65,4,1452,0,0,4,0,4,1175,208,69,4,1456,0,0,0,1456
12/06/2021,CLT,NC,ASO,ES,Combined TRACON& Tower with Radar,1099,191,66,0,1356,0,3,13,0,16,1099,194,79,0,1372,0,0,0,1372
12/07/2021,CLT,NC,ASO,ES,Combined TRACON& Tower with Radar,984,178,96,5,1263,0,3,9,0,12,984,181,105,5,1275,0,0,0,1275
12/08/2021,CLT,NC,ASO,ES,Combined TRACON& Tower with Radar,1152,210,96,4,1462,0,1,14,1,16,1152,211,110,5,1478,0,0,0,1478
12/09/2021,CLT,NC,ASO,ES,Combined TRACON& Tower with Radar,1263,228,76,5,1572,0,4,21,0,25,1263,232,97,5,1597,0,0,0,1597
12/10/2021,CLT,NC,ASO,ES,Combined TRACON& Tower with Radar,1266,190,76,1,1533,0,0,2,2,4,1266,190,78,3,1537,0,0,0,1537
12/11/2021,CLT,NC,ASO,ES,Combined TRACON& Tower with Radar,1039,162,18,1,1220,0,1,3,0,4,1039,163,21,1,1224,0,0,0,1224
12/12/2021,CLT,NC,ASO,ES,Combined TRACON& Tower with Radar,1142,188,64,0,1394,0,0,6,1,7,1142,188,70,1,1401,0,0,0,1401
12/13/2021,CLT,NC,ASO,ES,Combined TRACON& Tower with Radar,1116,186,61,2,1365,0,3,23,2,28,1116,189,84,4,1393,0,0,0,1393
12/14/2021,CLT,NC,ASO,ES,Combined TRACON& Tower with Radar,994,170,101,5,1270,0,7,13,1,21,994,177,114,6,1291,0,0,0,1291
12/15/2021,CLT,NC,ASO,ES,Combined TRACON& Tower with Radar,1151,198,91,5,1445,0,4,20,4,28,1151,202,111,9,1473,0,0,0,1473
12/16/2021,CLT,NC,ASO,ES,Combined TRACON& Tower with Radar,1217,198,91,5,1511,0,4,18,5,27,1217,202,109,10,1538,0,0,0,1538
12/17/2021,CLT,NC,ASO,ES,Combined TRACON& Tower with Radar,1222,198,83,4,1507,0,5,15,0,20,1222,203,98,4,1527,0,0,0,1527
12/18/2021,CLT,NC,ASO,ES,Combined TRACON& Tower with Radar,1129,172,48,0,1349,0,0,1,0,1,1129,172,49,0,1350,0,0,0,1350
12/19/2021,CLT,NC,ASO,ES,Combined TRACON& Tower with Radar,1211,193,34,0,1438,0,0,2,0,2,1211,193,36,0,1440,0,0,0,1440
12/20/2021,CLT,NC,ASO,ES,Combined TRACON& Tower with Radar,1219,193,48,4,1464,0,1,9,0,10,1219,194,57,4,1474,0,0,0,1474
12/21/2021,CLT,NC,ASO,ES,Combined TRACON& Tower with Radar,1214,185,62,4,1465,0,1,8,0,9,1214,186,70,4,1474,0,0,0,1474
12/22/2021,CLT,NC,ASO,ES,Combined TRACON& Tower with Radar,1225,192,37,0,1454,0,7,22,2,31,1225,199,59,2,1485,0,0,0,1485
12/23/2021,CLT,NC,ASO,ES,Combined TRACON& Tower with Radar,1214,188,42,0,1444,0,3,17,0,20,1214,191,59,0,1464,0,0,0,1464
12/24/2021,CLT,NC,ASO,ES,Combined TRACON& Tower with Radar,879,138,15,0,1032,0,0,3,0,3,879,138,18,0,1035,0,0,0,1035
12/25/2021,CLT,NC,ASO,ES,Combined TRACON& Tower with Radar,983,150,14,0,1147,0,0,3,0,3,983,150,17,0,1150,0,0,0,1150
12/26/2021,CLT,NC,ASO,ES,Combined TRACON& Tower with Radar,1152,203,62,0,1417,0,0,6,0,6,1152,203,68,0,1423,0,0,0,1423
12/27/2021,CLT,NC,ASO,ES,Combined TRACON& Tower with Radar,1162,199,55,0,1416,0,0,8,2,10,1162,199,63,2,1426,0,0,0,1426
12/28/2021,CLT,NC,ASO,ES,Combined TRACON& Tower with Radar,1180,180,40,4,1404,0,1,6,0,7,1180,181,46,4,1411,0,0,0,1411
12/29/2021,CLT,NC,ASO,ES,Combined TRACON& Tower with Radar,1186,191,45,1,1423,0,3,4,1,8,1186,194,49,2,1431,0,0,0,1431
12/30/2021,CLT,NC,ASO,ES,Combined TRACON& Tower with Radar,1184,198,44,2,1428,0,0,2,0,2,1184,198,46,2,1430,0,0,0,1430
12/31/2021,CLT,NC,ASO,ES,Combined TRACON& Tower with Radar,874,130,21,0,1025,0,0,8,0,8,874,130,29,0,1033,0,0,0,1033
01/01/2022,CLT,NC,ASO,ES,Combined TRACON& Tower with Radar,948,156,20,0,1124,0,2,2,0,4,948,158,22,0,1128,0,0,0,1128
01/02/2022,CLT,NC,ASO,ES,Combined TRACON& Tower with Radar,1154,190,49,0,1393,0,0,0,0,0,1154,190,49,0,1393,0,0,0,1393
01/03/2022,CLT,NC,ASO,ES,Combined TRACON& Tower with Radar,1154,152,42,1,1349,0,2,2,0,4,1154,154,44,1,1353,0,0,0,1353
01/04/2022,CLT,NC,ASO,ES,Combined TRACON& Tower with Radar,1010,138,43,4,1195,0,0,8,0,8,1010,138,51,4,1203,0,0,0,1203
01/05/2022,CLT,NC,ASO,ES,Combined TRACON& Tower with Radar,1146,159,50,3,1358,0,3,16,6,25,1146,162,66,9,1383,0,0,0,1383
01/06/2022,CLT,NC,ASO,ES,Combined TRACON& Tower with Radar,1199,164,50,4,1417,0,1,11,4,16,1199,165,61,8,1433,0,0,0,1433
01/07/2022,CLT,NC,ASO,ES,Combined TRACON& Tower with Radar,1174,169,37,1,1381,0,3,6,0,9,1174,172,43,1,1390,0,0,0,1390
01/08/2022,CLT,NC,ASO,ES,Combined TRACON& Tower with Radar,976,139,38,0,1153,0,0,6,0,6,976,139,44,0,1159,0,0,0,1159
01/09/2022,CLT,NC,ASO,ES,Combined TRACON& Tower with Radar,1117,165,45,1,1328,0,0,0,0,0,1117,165,45,1,1328,0,0,0,1328
01/10/2022,CLT,NC,ASO,ES,Combined TRACON& Tower with Radar,1062,151,51,1,1265,0,2,7,4,13,1062,153,58,5,1278,0,0,0,1278
01/11/2022,CLT,NC,ASO,ES,Combined TRACON& Tower with Radar,1016,130,67,4,1217,0,5,20,2,27,1016,135,87,6,1244,0,0,0,1244
01/12/2022,CLT,NC,ASO,ES,Combined TRACON& Tower with Radar,1154,170,53,3,1380,0,7,8,2,17,1154,177,61,5,1397,0,0,0,1397
01/13/2022,CLT,NC,ASO,ES,Combined TRACON& Tower with Radar,1235,183,75,8,1501,0,0,12,0,12,1235,183,87,8,1513,0,0,0,1513
01/14/2022,CLT,NC,ASO,ES,Combined TRACON& Tower with Radar,1225,174,51,1,1451,0,1,10,8,19,1225,175,61,9,1470,0,0,0,1470
01/15/2022,CLT,NC,ASO,ES,Combined TRACON& Tower with Radar,935,152,34,2,1123,0,0,2,0,2,935,152,36,2,1125,0,0,0,1125
01/16/2022,CLT,NC,ASO,ES,Combined TRACON& Tower with Radar,40,8,6,0,54,0,0,0,0,0,40,8,6,0,54,0,0,0,54
01/17/2022,CLT,NC,ASO,ES,Combined TRACON& Tower with Radar,713,109,57,0,879,0,6,9,2,17,713,115,66,2,896,0,0,0,896
01/18/2022,CLT,NC,ASO,ES,Combined TRACON& Tower with Radar,1012,138,59,4,1213,0,1,12,9,22,1012,139,71,13,1235,0,0,0,1235
01/19/2022,CLT,NC,ASO,ES,Combined TRACON& Tower with Radar,1141,159,70,6,1376,0,2,11,6,19,1141,161,81,12,1395,0,0,0,1395
01/20/2022,CLT,NC,ASO,ES,Combined TRACON& Tower with Radar,1213,170,72,2,1457,0,0,4,2,6,1213,170,76,4,1463,0,0,0,1463
01/21/2022,CLT,NC,ASO,ES,Combined TRACON& Tower with Radar,1090,150,37,0,1277,0,1,6,0,7,1090,151,43,0,1284,0,0,0,1284
01/22/2022,CLT,NC,ASO,ES,Combined TRACON& Tower with Radar,858,123,24,0,1005,0,3,3,1,7,858,126,27,1,1012,0,0,0,1012
01/23/2022,CLT,NC,ASO,ES,Combined TRACON& Tower with Radar,1136,163,58,0,1357,0,0,4,1,5,1136,163,62,1,1362,0,0,0,1362
01/24/2022,CLT,NC,ASO,ES,Combined TRACON& Tower with Radar,1097,162,31,1,1291,0,1,13,2,16,1097,163,44,3,1307,0,0,0,1307
01/25/2022,CLT,NC,ASO,ES,Combined TRACON& Tower with Radar,1021,137,34,5,1197,0,0,14,2,16,1021,137,48,7,1213,0,0,0,1213
01/26/2022,CLT,NC,ASO,ES,Combined TRACON& Tower with Radar,1157,180,60,6,1403,0,3,20,4,27,1157,183,80,10,1430,0,0,0,1430
01/27/2022,CLT,NC,ASO,ES,Combined TRACON& Tower with Radar,1243,177,73,5,1498,0,3,17,5,25,1243,180,90,10,1523,0,0,0,1523
01/28/2022,CLT,NC,ASO,ES,Combined TRACON& Tower with Radar,1185,162,50,0,1397,0,0,14,1,15,1185,162,64,1,1412,0,0,0,1412
01/29/2022,CLT,NC,ASO,ES,Combined TRACON& Tower with Radar,872,131,9,0,1012,0,2,5,0,7,872,133,14,0,1019,0,0,0,1019
01/30/2022,CLT,NC,ASO,ES,Combined TRACON& Tower with Radar,1073,168,40,1,1282,0,3,1,0,4,1073,171,41,1,1286,0,0,0,1286
01/31/2022,CLT,NC,ASO,ES,Combined TRACON& Tower with Radar,1090,153,49,0,1292,0,5,12,1,18,1090,158,61,1,1310,0,0,0,1310
02/01/2022,CLT,NC,ASO,ES,Combined TRACON& Tower with Radar,1015,137,67,5,1224,0,3,15,0,18,1015,140,82,5,1242,0,0,0,1242
02/02/2022,CLT,NC,ASO,ES,Combined TRACON& Tower with Radar,1088,161,80,4,1333,0,7,10,0,17,1088,168,90,4,1350,0,0,0,1350
02/03/2022,CLT,NC,ASO,ES,Combined TRACON& Tower with Radar,1037,143,52,4,1236,0,0,0,1,1,1037,143,52,5,1237,0,0,0,1237
02/04/2022,CLT,NC,ASO,ES,Combined TRACON& Tower with Radar,976,193,56,0,1225,0,0,9,0,9,976,193,65,0,1234,0,0,0,1234
02/05/2022,CLT,NC,ASO,ES,Combined TRACON& Tower with Radar,884,164,41,5,1094,0,0,10,0,10,884,164,51,5,1104,0,0,0,1104
02/06/2022,CLT,NC,ASO,ES,Combined TRACON& Tower with Radar,997,189,43,4,1233,0,3,4,0,7,997,192,47,4,1240,0,0,0,1240
02/07/2022,CLT,NC,ASO,ES,Combined TRACON& Tower with Radar,1162,206,69,1,1438,0,0,1,0,1,1162,206,70,1,1439,0,0,0,1439
02/08/2022,CLT,NC,ASO,ES,Combined TRACON& Tower with Radar,1086,163,83,5,1337,0,6,13,3,22,1086,169,96,8,1359,0,0,0,1359
02/09/2022,CLT,NC,ASO,ES,Combined TRACON& Tower with Radar,1124,190,58,4,1376,0,4,15,0,19,1124,194,73,4,1395,0,0,0,1395
02/10/2022,CLT,NC,ASO,ES,Combined TRACON& Tower with Radar,1196,196,82,4,1478,0,2,12,0,14,1196,198,94,4,1492,0,0,0,1492
02/11/2022,CLT,NC,ASO,ES,Combined TRACON& Tower with Radar,1216,202,66,1,1485,0,7,10,0,17,1216,209,76,1,1502,0,0,0,1502
02/12/2022,CLT,NC,ASO,ES,Combined TRACON& Tower with Radar,1036,174,34,0,1244,0,0,10,0,10,1036,174,44,0,1254,0,0,0,1254
02/13/2022,CLT,NC,ASO,ES,Combined TRACON& Tower with Radar,1073,187,39,2,1301,0,0,0,0,0,1073,187,39,2,1301,0,0,0,1301
02/14/2022,CLT,NC,ASO,ES,Combined TRACON& Tower with Radar,1203,210,69,1,1483,0,2,12,0,14,1203,212,81,1,1497,0,0,0,1497
02/15/2022,CLT,NC,ASO,ES,Combined TRACON& Tower with Radar,1078,165,68,4,1315,0,5,17,0,22,1078,170,85,4,1337,0,0,0,1337
02/16/2022,CLT,NC,ASO,ES,Combined TRACON& Tower with Radar,1127,192,66,4,1389,0,2,14,0,16,1127,194,80,4,1405,0,0,0,1405
02/17/2022,CLT,NC,ASO,ES,Combined TRACON& Tower with Radar,1180,190,88,5,1463,0,0,10,0,10,1180,190,98,5,1473,0,0,0,1473
02/18/2022,CLT,NC,ASO,ES,Combined TRACON& Tower with Radar,1184,194,84,1,1463,0,10,13,1,24,1184,204,97,2,1487,0,0,0,1487
02/19/2022,CLT,NC,ASO,ES,Combined TRACON& Tower with Radar,1035,169,34,0,1238,0,0,9,0,9,1035,169,43,0,1247,0,0,0,1247
02/20/2022,CLT,NC,ASO,ES,Combined TRACON& Tower with Radar,1098,188,42,0,1328,0,0,2,0,2,1098,188,44,0,1330,0,0,0,1330
02/21/2022,CLT,NC,ASO,ES,Combined TRACON& Tower with Radar,1204,205,68,0,1477,0,3,8,0,11,1204,208,76,0,1488,0,0,0,1488
02/22/2022,CLT,NC,ASO,ES,Combined TRACON& Tower with Radar,1079,161,63,6,1309,0,0,9,0,9,1079,161,72,6,1318,0,0,0,1318
02/23/2022,CLT,NC,ASO,ES,Combined TRACON& Tower with Radar,1111,200,82,5,1398,0,4,6,0,10,1111,204,88,5,1408,0,0,0,1408
02/24/2022,CLT,NC,ASO,ES,Combined TRACON& Tower with Radar,1162,197,71,4,1434,0,0,0,0,0,1162,197,71,4,1434,0,0,0,1434
02/25/2022,CLT,NC,ASO,ES,Combined TRACON& Tower with Radar,1162,191,78,1,1432,0,2,11,0,13,1162,193,89,1,1445,0,0,0,1445
02/26/2022,CLT,NC,ASO,ES,Combined TRACON& Tower with Radar,1039,166,41,2,1248,0,0,10,0,10,1039,166,51,2,1258,0,0,0,1258
02/27/2022,CLT,NC,ASO,ES,Combined TRACON& Tower with Radar,1116,184,43,1,1344,0,0,1,0,1,1116,184,44,1,1345,0,0,0,1345
02/28/2022,CLT,NC,ASO,ES,Combined TRACON& Tower with Radar,1221,196,49,1,1467,0,8,10,0,18,1221,204,59,1,1485,0,0,0,1485
03/01/2022,CLT,NC,ASO,ES,Combined TRACON& Tower with Radar,1086,176,68,5,1335,0,2,21,0,23,1086,178,89,5,1358,0,0,0,1358
03/02/2022,CLT,NC,ASO,ES,Combined TRACON& Tower with Radar,1137,192,75,5,1409,0,10,17,1,28,1137,202,92,6,1437,0,0,0,1437
03/03/2022,CLT,NC,ASO,ES,Combined TRACON& Tower with Radar,1205,168,82,4,1459,0,2,22,0,24,1205,170,104,4,1483,0,0,0,1483
03/04/2022,CLT,NC,ASO,ES,Combined TRACON& Tower with Radar,1213,178,79,0,1470,0,4,15,0,19,1213,182,94,0,1489,0,0,0,1489
03/05/2022,CLT,NC,ASO,ES,Combined TRACON& Tower with Radar,1142,166,36,0,1344,0,2,9,0,11,1142,168,45,0,1355,0,0,0,1355
03/06/2022,CLT,NC,ASO,ES,Combined TRACON& Tower with Radar,1189,163,66,1,1419,0,1,10,0,11,1189,164,76,1,1430,0,0,0,1430
03/07/2022,CLT,NC,ASO,ES,Combined TRACON& Tower with Radar,1217,185,84,2,1488,0,1,5,0,6,1217,186,89,2,1494,0,0,0,1494
03/08/2022,CLT,NC,ASO,ES,Combined TRACON& Tower with Radar,999,143,81,4,1227,0,5,13,0,18,999,148,94,4,1245,0,0,0,1245
03/09/2022,CLT,NC,ASO,ES,Combined TRACON& Tower with Radar,1010,157,82,3,1252,0,0,3,0,3,1010,157,85,3,1255,0,0,0,1255
03/10/2022,CLT,NC,ASO,ES,Combined TRACON& Tower with Radar,1204,181,68,4,1457,0,2,0,0,2,1204,183,68,4,1459,0,0,0,1459
03/11/2022,CLT,NC,ASO,ES,Combined TRACON& Tower with Radar,1148,175,57,1,1381,0,2,9,0,11,1148,177,66,1,1392,0,0,0,1392
03/12/2022,CLT,NC,ASO,ES,Combined TRACON& Tower with Radar,1063,169,46,0,1278,0,0,5,0,5,1063,169,51,0,1283,0,0,0,1283
03/13/2022,CLT,NC,ASO,ES,Combined TRACON& Tower with Radar,1192,177,69,1,1439,0,0,2,0,2,1192,177,71,1,1441,0,0,0,1441
03/14/2022,CLT,NC,ASO,ES,Combined TRACON& Tower with Radar,1198,171,62,0,1431,0,4,10,0,14,1198,175,72,0,1445,0,0,0,1445
03/15/2022,CLT,NC,ASO,ES,Combined TRACON& Tower with Radar,996,131,70,4,1201,0,2,9,0,11,996,133,79,4,1212,0,0,0,1212
03/16/2022,CLT,NC,ASO,ES,Combined TRACON& Tower with Radar,1025,140,60,2,1227,0,0,2,0,2,1025,140,62,2,1229,0,0,0,1229
03/17/2022,CLT,NC,ASO,ES,Combined TRACON& Tower with Radar,1191,169,75,6,1441,0,2,12,0,14,1191,171,87,6,1455,0,0,0,1455
03/18/2022,CLT,NC,ASO,ES,Combined TRACON& Tower with Radar,1197,155,54,0,1406,0,10,13,2,25,1197,165,67,2,1431,0,0,0,1431
03/19/2022,CLT,NC,ASO,ES,Combined TRACON& Tower with Radar,1165,169,42,0,1376,0,2,11,1,14,1165,171,53,1,1390,0,0,0,1390
03/20/2022,CLT,NC,ASO,ES,Combined TRACON& Tower with Radar,1177,164,68,0,1409,0,0,2,1,3,1177,164,70,1,1412,0,0,0,1412
03/21/2022,CLT,NC,ASO,ES,Combined TRACON& Tower with Radar,1189,169,71,1,1430,0,10,9,0,19,1189,179,80,1,1449,0,0,0,1449
03/22/2022,CLT,NC,ASO,ES,Combined TRACON& Tower with Radar,1000,137,98,5,1240,0,9,19,3,31,1000,146,117,8,1271,0,0,0,1271
03/23/2022,CLT,NC,ASO,ES,Combined TRACON& Tower with Radar,1019,136,95,5,1255,0,0,0,0,0,1019,136,95,5,1255,0,0,0,1255
03/24/2022,CLT,NC,ASO,ES,Combined TRACON& Tower with Radar,1205,173,84,5,1467,0,7,11,0,18,1205,180,95,5,1485,0,0,0,1485
03/25/2022,CLT,NC,ASO,ES,Combined TRACON& Tower with Radar,1231,171,78,1,1481,0,2,12,0,14,1231,173,90,1,1495,0,0,0,1495
03/26/2022,CLT,NC,ASO,ES,Combined TRACON& Tower with Radar,1171,161,23,1,1356,0,1,14,0,15,1171,162,37,1,1371,0,0,0,1371
03/27/2022,CLT,NC,ASO,ES,Combined TRACON& Tower with Radar,1208,179,63,2,1452,0,1,2,0,3,1208,180,65,2,1455,0,0,0,1455
03/28/2022,CLT,NC,ASO,ES,Combined TRACON& Tower with Radar,1211,185,52,1,1449,0,8,6,0,14,1211,193,58,1,1463,0,0,0,1463
03/29/2022,CLT,NC,ASO,ES,Combined TRACON& Tower with Radar,1021,156,68,5,1250,0,6,19,0,25,1021,162,87,5,1275,0,0,0,1275
03/30/2022,CLT,NC,ASO,ES,Combined TRACON& Tower with Radar,1016,148,91,4,1259,0,7,9,1,17,1016,155,100,5,1276,0,0,0,1276
03/31/2022,CLT,NC,ASO,ES,Combined TRACON& Tower with Radar,1183,177,78,5,1443,1,1,7,0,9,1184,178,85,5,1452,0,0,0,1452
04/01/2022,CLT,NC,ASO,ES,Combined TRACON& Tower with Radar,1208,184,85,2,1479,0,4,19,0,23,1208,188,104,2,1502,0,0,0,1502
04/02/2022,CLT,NC,ASO,ES,Combined TRACON& Tower with Radar,1012,162,67,2,1243,0,1,11,0,12,1012,163,78,2,1255,0,0,0,1255
04/03/2022,CLT,NC,ASO,ES,Combined TRACON& Tower with Radar,1128,185,84,2,1399,0,0,11,0,11,1128,185,95,2,1410,0,0,0,1410
04/04/2022,CLT,NC,ASO,ES,Combined TRACON& Tower with Radar,1180,192,83,0,1455,0,10,13,2,25,1180,202,96,2,1480,0,0,0,1480
04/05/2022,CLT,NC,ASO,ES,Combined TRACON& Tower with Radar,1047,163,115,3,1328,0,4,4,0,8,1047,167,119,3,1336,0,0,0,1336
04/06/2022,CLT,NC,ASO,ES,Combined TRACON& Tower with Radar,1082,169,101,4,1356,0,10,14,0,24,1082,179,115,4,1380,0,0,0,1380
04/07/2022,CLT,NC,ASO,ES,Combined TRACON& Tower with Radar,1071,163,79,4,1317,0,3,14,0,17,1071,166,93,4,1334,0,0,0,1334
04/08/2022,CLT,NC,ASO,ES,Combined TRACON& Tower with Radar,1082,174,88,1,1345,0,8,13,0,21,1082,182,101,1,1366,0,0,0,1366
04/09/2022,CLT,NC,ASO,ES,Combined TRACON& Tower with Radar,1026,148,29,0,1203,0,1,12,0,13,1026,149,41,0,1216,0,0,0,1216
04/10/2022,CLT,NC,ASO,ES,Combined TRACON& Tower with Radar,1071,163,57,0,1291,0,0,11,0,11,1071,163,68,0,1302,0,0,0,1302
04/11/2022,CLT,NC,ASO,ES,Combined TRACON& Tower with Radar,1071,148,96,2,1317,0,11,12,2,25,1071,159,108,4,1342,0,0,0,1342
04/12/2022,CLT,NC,ASO,ES,Combined TRACON& Tower with Radar,1065,152,82,2,1301,0,1,14,0,15,1065,153,96,2,1316,0,0,0,1316
04/13/2022,CLT,NC,ASO,ES,Combined TRACON& Tower with Radar,1071,160,116,2,1349,0,5,11,0,16,1071,165,127,2,1365,0,0,0,1365
04/14/2022,CLT,NC,ASO,ES,Combined TRACON& Tower with Radar,1090,168,96,3,1357,0,5,12,0,17,1090,173,108,3,1374,0,0,0,1374
04/15/2022,CLT,NC,ASO,ES,Combined TRACON& Tower with Radar,1076,147,60,0,1283,0,3,15,0,18,1076,150,75,0,1301,0,0,0,1301
04/16/2022,CLT,NC,ASO,ES,Combined TRACON& Tower with Radar,1007,140,23,0,1170,0,0,11,0,11,1007,140,34,0,1181,0,0,0,1181
04/17/2022,CLT,NC,ASO,ES,Combined TRACON& Tower with Radar,1049,153,42,0,1244,0,1,12,0,13,1049,154,54,0,1257,0,0,0,1257
04/18/2022,CLT,NC,ASO,ES,Combined TRACON& Tower with Radar,1059,162,105,2,1328,0,2,4,0,6,1059,164,109,2,1334,0,0,0,1334
04/19/2022,CLT,NC,ASO,ES,Combined TRACON& Tower with Radar,1068,156,86,8,1318,0,5,10,0,15,1068,161,96,8,1333,0,0,0,1333
04/20/2022,CLT,NC,ASO,ES,Combined TRACON& Tower with Radar,1082,169,91,4,1346,0,8,31,0,39,1082,177,122,4,1385,0,0,0,1385
04/21/2022,CLT,NC,ASO,ES,Combined TRACON& Tower with Radar,1093,161,90,5,1349,0,2,12,0,14,1093,163,102,5,1363,0,0,0,1363
04/22/2022,CLT,NC,ASO,ES,Combined TRACON& Tower with Radar,1080,155,91,2,1328,0,6,18,1,25,1080,161,109,3,1353,0,0,0,1353
04/23/2022,CLT,NC,ASO,ES,Combined TRACON& Tower with Radar,1014,151,33,1,1199,0,1,6,0,7,1014,152,39,1,1206,0,0,0,1206
04/24/2022,CLT,NC,ASO,ES,Combined TRACON& Tower with Radar,1046,161,79,1,1287,0,1,15,0,16,1046,162,94,1,1303,0,0,0,1303
04/25/2022,CLT,NC,ASO,ES,Combined TRACON& Tower with Radar,1060,160,69,2,1291,0,0,7,0,7,1060,160,76,2,1298,0,0,0,1298
04/26/2022,CLT,NC,ASO,ES,Combined TRACON& Tower with Radar,1076,152,69,4,1301,0,0,18,0,18,1076,152,87,4,1319,0,0,0,1319
04/27/2022,CLT,NC,ASO,ES,Combined TRACON& Tower with Radar,1085,157,80,1,1323,0,4,22,0,26,1085,161,102,1,1349,0,0,0,1349
04/28/2022,CLT,NC,ASO,ES,Combined TRACON& Tower with Radar,1089,156,101,9,1355,0,3,16,0,19,1089,159,117,9,1374,0,0,0,1374
04/29/2022,CLT,NC,ASO,ES,Combined TRACON& Tower with Radar,1087,167,74,2,1330,0,2,14,0,16,1087,169,88,2,1346,0,0,0,1346
04/30/2022,CLT,NC,ASO,ES,Combined TRACON& Tower with Radar,1015,152,50,1,1218,0,1,14,0,15,1015,153,64,1,1233,0,0,0,1233
05/01/2022,CLT,NC,ASO,ES,Combined TRACON& Tower with Radar,1047,173,60,0,1280,0,0,5,0,5,1047,173,65,0,1285,0,0,0,1285
05/02/2022,CLT,NC,ASO,ES,Combined TRACON& Tower with Radar,1065,175,77,5,1322,0,5,7,0,12,1065,180,84,5,1334,0,0,0,1334
05/03/2022,CLT,NC,ASO,ES,Combined TRACON& Tower with Radar,1058,194,87,4,1343,0,3,11,0,14,1058,197,98,4,1357,0,0,0,1357
05/04/2022,CLT,NC,ASO,ES,Combined TRACON& Tower with Radar,1061,180,92,5,1338,0,4,14,0,18,1061,184,106,5,1356,0,0,0,1356
05/05/2022,CLT,NC,ASO,ES,Combined TRACON& Tower with Radar,1232,163,107,7,1509,0,6,12,2,20,1232,169,119,9,1529,0,0,0,1529
05/06/2022,CLT,NC,ASO,ES,Combined TRACON& Tower with Radar,1171,151,61,6,1389,0,0,8,0,8,1171,151,69,6,1397,0,0,0,1397
05/07/2022,CLT,NC,ASO,ES,Combined TRACON& Tower with Radar,1014,126,45,4,1189,0,0,9,0,9,1014,126,54,4,1198,0,0,0,1198
05/08/2022,CLT,NC,ASO,ES,Combined TRACON& Tower with Radar,1245,161,57,0,1463,0,2,2,0,4,1245,163,59,0,1467,0,0,0,1467
05/09/2022,CLT,NC,ASO,ES,Combined TRACON& Tower with Radar,1235,158,97,3,1493,0,5,16,0,21,1235,163,113,3,1514,0,0,0,1514
05/10/2022,CLT,NC,ASO,ES,Combined TRACON& Tower with Radar,1043,133,82,7,1265,0,4,15,3,22,1043,137,97,10,1287,0,0,0,1287
05/11/2022,CLT,NC,ASO,ES,Combined TRACON& Tower with Radar,1055,129,92,5,1281,0,1,14,0,15,1055,130,106,5,1296,0,0,0,1296
05/12/2022,CLT,NC,ASO,ES,Combined TRACON& Tower with Radar,1280,159,83,5,1527,0,1,15,0,16,1280,160,98,5,1543,0,0,0,1543
05/13/2022,CLT,NC,ASO,ES,Combined TRACON& Tower with Radar,1253,151,72,1,1477,0,0,4,0,4,1253,151,76,1,1481,0,0,0,1481
05/14/2022,CLT,NC,ASO,ES,Combined TRACON& Tower with Radar,1004,110,36,6,1156,0,1,3,1,5,1004,111,39,7,1161,0,0,0,1161
05/15/2022,CLT,NC,ASO,ES,Combined TRACON& Tower with Radar,1218,158,61,0,1437,0,1,2,1,4,1218,159,63,1,1441,0,0,0,1441
05/16/2022,CLT,NC,ASO,ES,Combined TRACON& Tower with Radar,1211,154,65,1,1431,0,3,8,0,11,1211,157,73,1,1442,0,0,0,1442
05/17/2022,CLT,NC,ASO,ES,Combined TRACON& Tower with Radar,1047,138,72,5,1262,0,11,16,0,27,1047,149,88,5,1289,0,0,0,1289
05/18/2022,CLT,NC,ASO,ES,Combined TRACON& Tower with Radar,1053,138,84,6,1281,0,5,16,0,21,1053,143,100,6,1302,0,0,0,1302
05/19/2022,CLT,NC,ASO,ES,Combined TRACON& Tower with Radar,1256,163,81,2,1502,0,6,11,0,17,1256,169,92,2,1519,0,0,0,1519
05/20/2022,CLT,NC,ASO,ES,Combined TRACON& Tower with Radar,1231,148,88,4,1471,0,4,16,0,20,1231,152,104,4,1491,0,0,0,1491
05/21/2022,CLT,NC,ASO,ES,Combined TRACON& Tower with Radar,971,111,35,4,1121,0,0,8,0,8,971,111,43,4,1129,0,0,0,1129
05/22/2022,CLT,NC,ASO,ES,Combined TRACON& Tower with Radar,1192,156,55,0,1403,0,0,2,0,2,1192,156,57,0,1405,0,0,0,1405
05/23/2022,CLT,NC,ASO,ES,Combined TRACON& Tower with Radar,1172,138,53,0,1363,0,1,0,0,1,1172,139,53,0,1364,0,0,0,1364
05/24/2022,CLT,NC,ASO,ES,Combined TRACON& Tower with Radar,1068,132,75,5,1280,0,5,17,0,22,1068,137,92,5,1302,0,0,0,1302
05/25/2022,CLT,NC,ASO,ES,Combined TRACON& Tower with Radar,1043,134,66,4,1247,0,9,12,0,21,1043,143,78,4,1268,0,0,0,1268
05/26/2022,CLT,NC,ASO,ES,Combined TRACON& Tower with Radar,1179,154,111,2,1446,0,0,9,0,9,1179,154,120,2,1455,0,0,0,1455
05/27/2022,CLT,NC,ASO,ES,Combined TRACON& Tower with Radar,1278,159,59,1,1497,0,4,13,0,17,1278,163,72,1,1514,0,0,0,1514
05/28/2022,CLT,NC,ASO,ES,Combined TRACON& Tower with Radar,991,102,29,0,1122,0,3,17,0,20,991,105,46,0,1142,0,0,0,1142
05/29/2022,CLT,NC,ASO,ES,Combined TRACON& Tower with Radar,1153,130,24,0,1307,0,10,2,2,14,1153,140,26,2,1321,0,0,0,1321
05/30/2022,CLT,NC,ASO,ES,Combined TRACON& Tower with Radar,1236,149,48,0,1433,0,0,5,0,5,1236,149,53,0,1438,0,0,0,1438
05/31/2022,CLT,NC,ASO,ES,Combined TRACON& Tower with Radar,1035,122,55,4,1216,0,8,16,0,24,1035,130,71,4,1240,0,0,0,1240
06/01/2022,CLT,NC,ASO,ES,Combined TRACON& Tower with Radar,1024,136,57,2,1219,0,3,15,0,18,1024,139,72,2,1237,0,0,0,1237
06/02/2022,CLT,NC,ASO,ES,Combined TRACON& Tower with Radar,1173,177,88,4,1442,0,4,18,0,22,1173,181,106,4,1464,0,0,0,1464
06/03/2022,CLT,NC,ASO,ES,Combined TRACON& Tower with Radar,1174,153,66,0,1393,0,4,11,0,15,1174,157,77,0,1408,0,0,0,1408
06/04/2022,CLT,NC,ASO,ES,Combined TRACON& Tower with Radar,1165,156,32,2,1355,0,0,8,0,8,1165,156,40,2,1363,0,0,0,1363
06/05/2022,CLT,NC,ASO,ES,Combined TRACON& Tower with Radar,1244,176,53,1,1474,0,1,13,0,14,1244,177,66,1,1488,0,0,0,1488
06/06/2022,CLT,NC,ASO,ES,Combined TRACON& Tower with Radar,1265,172,58,3,1498,0,3,11,0,14,1265,175,69,3,1512,0,0,0,1512
06/07/2022,CLT,NC,ASO,ES,Combined TRACON& Tower with Radar,1260,166,74,5,1505,0,3,13,0,16,1260,169,87,5,1521,0,0,0,1521
06/08/2022,CLT,NC,ASO,ES,Combined TRACON& Tower with Radar,1236,171,69,2,1478,0,4,17,0,21,1236,175,86,2,1499,0,0,0,1499
06/09/2022,CLT,NC,ASO,ES,Combined TRACON& Tower with Radar,1258,170,83,9,1520,0,3,16,0,19,1258,173,99,9,1539,0,0,0,1539
06/10/2022,CLT,NC,ASO,ES,Combined TRACON& Tower with Radar,1236,169,55,1,1461,0,4,19,0,23,1236,173,74,1,1484,0,0,0,1484
06/11/2022,CLT,NC,ASO,ES,Combined TRACON& Tower with Radar,1170,158,9,1,1338,0,1,0,0,1,1170,159,9,1,1339,0,0,0,1339
06/12/2022,CLT,NC,ASO,ES,Combined TRACON& Tower with Radar,1211,185,52,0,1448,0,0,6,0,6,1211,185,58,0,1454,0,0,0,1454
06/13/2022,CLT,NC,ASO,ES,Combined TRACON& Tower with Radar,1243,164,67,2,1476,0,6,12,0,18,1243,170,79,2,1494,0,0,0,1494
06/14/2022,CLT,NC,ASO,ES,Combined TRACON& Tower with Radar,1172,158,67,4,1401,0,7,16,2,25,1172,165,83,6,1426,0,0,0,1426
06/15/2022,CLT,NC,ASO,ES,Combined TRACON& Tower with Radar,1252,166,87,2,1507,0,4,20,0,24,1252,170,107,2,1531,0,0,0,1531
06/16/2022,CLT,NC,ASO,ES,Combined TRACON& Tower with Radar,1014,136,83,2,1235,0,4,22,0,26,1014,140,105,2,1261,0,0,0,1261
06/17/2022,CLT,NC,ASO,ES,Combined TRACON& Tower with Radar,1009,153,90,1,1253,0,4,20,0,24,1009,157,110,1,1277,0,0,0,1277
06/18/2022,CLT,NC,ASO,ES,Combined TRACON& Tower with Radar,1130,165,34,0,1329,0,2,12,0,14,1130,167,46,0,1343,0,0,0,1343
06/19/2022,CLT,NC,ASO,ES,Combined TRACON& Tower with Radar,1243,157,40,1,1441,0,1,2,0,3,1243,158,42,1,1444,0,0,0,1444
06/20/2022,CLT,NC,ASO,ES,Combined TRACON& Tower with Radar,1248,187,64,0,1499,0,5,8,0,13,1248,192,72,0,1512,0,0,0,1512
06/21/2022,CLT,NC,ASO,ES,Combined TRACON& Tower with Radar,1258,176,73,5,1512,0,11,16,0,27,1258,187,89,5,1539,0,0,0,1539
06/22/2022,CLT,NC,ASO,ES,Combined TRACON& Tower with Radar,1201,185,106,2,1494,0,5,15,2,22,1201,190,121,4,1516,0,0,0,1516
06/23/2022,CLT,NC,ASO,ES,Combined TRACON& Tower with Radar,1231,188,110,5,1534,0,4,16,0,20,1231,192,126,5,1554,0,0,0,1554
06/24/2022,CLT,NC,ASO,ES,Combined TRACON& Tower with Radar,1222,162,71,2,1457,0,2,10,0,12,1222,164,81,2,1469,0,0,0,1469
06/25/2022,CLT,NC,ASO,ES,Combined TRACON& Tower with Radar,1186,170,32,0,1388,0,2,7,0,9,1186,172,39,0,1397,0,0,0,1397
06/26/2022,CLT,NC,ASO,ES,Combined TRACON& Tower with Radar,1228,172,49,1,1450,0,0,6,0,6,1228,172,55,1,1456,0,0,0,1456
06/27/2022,CLT,NC,ASO,ES,Combined TRACON& Tower with Radar,1183,156,67,1,1407,0,4,15,0,19,1183,160,82,1,1426,0,0,0,1426
06/28/2022,CLT,NC,ASO,ES,Combined TRACON& Tower with Radar,1171,165,78,5,1419,0,1,14,0,15,1171,166,92,5,1434,0,0,0,1434
06/29/2022,CLT,NC,ASO,ES,Combined TRACON& Tower with Radar,1209,178,74,2,1463,0,3,8,0,11,1209,181,82,2,1474,0,0,0,1474
06/30/2022,CLT,NC,ASO,ES,Combined TRACON& Tower with Radar,1252,172,92,4,1520,0,0,15,0,15,1252,172,107,4,1535,0,0,0,1535
07/01/2022,CLT,NC,ASO,ES,Combined TRACON& Tower with Radar,1222,148,44,1,1415,0,8,18,0,26,1222,156,62,1,1441,0,0,0,1441
07/02/2022,CLT,NC,ASO,ES,Combined TRACON& Tower with Radar,1159,161,29,0,1349,0,2,8,0,10,1159,163,37,0,1359,0,0,0,1359
07/03/2022,CLT,NC,ASO,ES,Combined TRACON& Tower with Radar,1044,117,14,0,1175,0,0,5,0,5,1044,117,19,0,1180,0,0,0,1180
07/04/2022,CLT,NC,ASO,ES,Combined TRACON& Tower with Radar,1219,139,12,0,1370,0,0,0,0,0,1219,139,12,0,1370,0,0,0,1370
07/05/2022,CLT,NC,ASO,ES,Combined TRACON& Tower with Radar,1079,128,52,5,1264,0,0,7,0,7,1079,128,59,5,1271,0,0,0,1271
07/06/2022,CLT,NC,ASO,ES,Combined TRACON& Tower with Radar,1069,145,56,4,1274,0,6,10,0,16,1069,151,66,4,1290,0,0,0,1290
07/07/2022,CLT,NC,ASO,ES,Combined TRACON& Tower with Radar,1209,168,59,4,1440,0,1,7,0,8,1209,169,66,4,1448,0,0,0,1448
07/08/2022,CLT,NC,ASO,ES,Combined TRACON& Tower with Radar,1225,148,50,2,1425,0,0,8,0,8,1225,148,58,2,1433,0,0,0,1433
07/09/2022,CLT,NC,ASO,ES,Combined TRACON& Tower with Radar,1176,162,36,0,1374,0,0,6,0,6,1176,162,42,0,1380,0,0,0,1380
07/10/2022,CLT,NC,ASO,ES,Combined TRACON& Tower with Radar,1239,158,42,0,1439,0,0,1,0,1,1239,158,43,0,1440,0,0,0,1440
07/11/2022,CLT,NC,ASO,ES,Combined TRACON& Tower with Radar,1248,164,64,1,1477,0,6,13,0,19,1248,170,77,1,1496,0,0,0,1496
07/12/2022,CLT,NC,ASO,ES,Combined TRACON& Tower with Radar,1102,141,62,6,1311,0,3,15,0,18,1102,144,77,6,1329,0,0,0,1329
07/13/2022,CLT,NC,ASO,ES,Combined TRACON& Tower with Radar,1087,158,53,0,1298,0,4,15,0,19,1087,162,68,0,1317,0,0,0,1317
07/14/2022,CLT,NC,ASO,ES,Combined TRACON& Tower with Radar,1253,177,68,0,1498,0,0,9,0,9,1253,177,77,0,1507,0,0,0,1507
07/15/2022,CLT,NC,ASO,ES,Combined TRACON& Tower with Radar,1249,175,59,1,1484,0,4,7,0,11,1249,179,66,1,1495,0,0,0,1495
07/16/2022,CLT,NC,ASO,ES,Combined TRACON& Tower with Radar,1047,141,25,0,1213,0,1,8,0,9,1047,142,33,0,1222,0,0,0,1222
07/17/2022,CLT,NC,ASO,ES,Combined TRACON& Tower with Radar,1219,163,34,2,1418,0,0,7,0,7,1219,163,41,2,1425,0,0,0,1425
07/18/2022,CLT,NC,ASO,ES,Combined TRACON& Tower with Radar,1250,155,75,2,1482,0,7,7,1,15,1250,162,82,3,1497,0,0,0,1497
07/19/2022,CLT,NC,ASO,ES,Combined TRACON& Tower with Radar,1131,158,68,5,1362,0,4,12,3,19,1131,162,80,8,1381,0,0,0,1381
07/20/2022,CLT,NC,ASO,ES,Combined TRACON& Tower with Radar,1114,160,84,6,1364,0,12,19,0,31,1114,172,103,6,1395,0,0,0,1395
07/21/2022,CLT,NC,ASO,ES,Combined TRACON& Tower with Radar,1235,177,92,11,1515,0,0,9,0,9,1235,177,101,11,1524,0,0,0,1524
07/22/2022,CLT,NC,ASO,ES,Combined TRACON& Tower with Radar,1259,174,63,2,1498,0,5,10,0,15,1259,179,73,2,1513,0,0,0,1513
07/23/2022,CLT,NC,ASO,ES,Combined TRACON& Tower with Radar,1168,156,23,3,1350,0,1,10,0,11,1168,157,33,3,1361,0,0,0,1361
07/24/2022,CLT,NC,ASO,ES,Combined TRACON& Tower with Radar,1247,159,51,1,1458,0,0,4,0,4,1247,159,55,1,1462,0,0,0,1462
07/25/2022,CLT,NC,ASO,ES,Combined TRACON& Tower with Radar,1113,162,75,2,1352,0,3,6,0,9,1113,165,81,2,1361,0,0,0,1361
07/26/2022,CLT,NC,ASO,ES,Combined TRACON& Tower with Radar,1105,154,85,0,1344,0,3,12,0,15,1105,157,97,0,1359,0,0,0,1359
07/27/2022,CLT,NC,ASO,ES,Combined TRACON& Tower with Radar,1108,152,74,4,1338,0,3,14,2,19,1108,155,88,6,1357,0,0,0,1357
07/28/2022,CLT,NC,ASO,ES,Combined TRACON& Tower with Radar,1227,162,100,2,1491,0,4,25,0,29,1227,166,125,2,1520,0,0,0,1520
07/29/2022,CLT,NC,ASO,ES,Combined TRACON& Tower with Radar,1258,156,61,2,1477,0,3,13,0,16,1258,159,74,2,1493,0,0,0,1493
07/30/2022,CLT,NC,ASO,ES,Combined TRACON& Tower with Radar,1095,142,34,0,1271,0,0,8,0,8,1095,142,42,0,1279,0,0,0,1279
07/31/2022,CLT,NC,ASO,ES,Combined TRACON& Tower with Radar,1206,183,45,1,1435,0,1,8,0,9,1206,184,53,1,1444,0,0,0,1444
08/01/2022,CLT,NC,ASO,ES,Combined TRACON& Tower with Radar,1242,160,66,0,1468,0,1,7,0,8,1242,161,73,0,1476,0,0,0,1476
08/02/2022,CLT,NC,ASO,ES,Combined TRACON& Tower with Radar,1118,154,70,5,1347,0,4,18,0,22,1118,158,88,5,1369,0,0,0,1369
08/03/2022,CLT,NC,ASO,ES,Combined TRACON& Tower with Radar,1106,145,72,2,1325,0,3,18,0,21,1106,148,90,2,1346,0,0,0,1346
08/04/2022,CLT,NC,ASO,ES,Combined TRACON& Tower with Radar,1114,168,76,4,1362,0,3,11,0,14,1114,171,87,4,1376,0,0,0,1376
08/05/2022,CLT,NC,ASO,ES,Combined TRACON& Tower with Radar,1085,170,71,0,1326,0,6,15,0,21,1085,176,86,0,1347,0,0,0,1347
08/06/2022,CLT,NC,ASO,ES,Combined TRACON& Tower with Radar,1098,150,30,0,1278,0,0,5,0,5,1098,150,35,0,1283,0,0,0,1283
08/07/2022,CLT,NC,ASO,ES,Combined TRACON& Tower with Radar,1147,165,32,1,1345,0,1,2,0,3,1147,166,34,1,1348,0,0,0,1348
08/08/2022,CLT,NC,ASO,ES,Combined TRACON& Tower with Radar,1191,166,68,0,1425,0,8,12,0,20,1191,174,80,0,1445,0,0,0,1445
08/09/2022,CLT,NC,ASO,ES,Combined TRACON& Tower with Radar,1163,173,66,5,1407,0,10,14,0,24,1163,183,80,5,1431,0,0,0,1431
08/10/2022,CLT,NC,ASO,ES,Combined TRACON& Tower with Radar,1142,166,87,0,1395,0,5,14,0,19,1142,171,101,0,1414,0,0,0,1414
08/11/2022,CLT,NC,ASO,ES,Combined TRACON& Tower with Radar,1151,177,74,1,1403,0,3,8,0,11,1151,180,82,1,1414,0,0,0,1414
08/12/2022,CLT,NC,ASO,ES,Combined TRACON& Tower with Radar,1201,177,62,5,1445,0,3,21,0,24,1201,180,83,5,1469,0,0,0,1469
08/13/2022,CLT,NC,ASO,ES,Combined TRACON& Tower with Radar,1153,160,31,1,1345,0,0,8,0,8,1153,160,39,1,1353,0,0,0,1353
08/14/2022,CLT,NC,ASO,ES,Combined TRACON& Tower with Radar,1206,163,46,0,1415,0,0,5,0,5,1206,163,51,0,1420,0,0,0,1420
08/15/2022,CLT,NC,ASO,ES,Combined TRACON& Tower with Radar,1176,168,60,1,1405,0,3,3,0,6,1176,171,63,1,1411,0,0,0,1411
08/16/2022,CLT,NC,ASO,ES,Combined TRACON& Tower with Radar,1177,165,69,4,1415,0,6,6,0,12,1177,171,75,4,1427,0,0,0,1427
08/17/2022,CLT,NC,ASO,ES,Combined TRACON& Tower with Radar,1168,164,78,5,1415,0,0,12,0,12,1168,164,90,5,1427,0,0,0,1427
08/18/2022,CLT,NC,ASO,ES,Combined TRACON& Tower with Radar,1153,174,77,4,1408,0,2,19,0,21,1153,176,96,4,1429,0,0,0,1429
08/19/2022,CLT,NC,ASO,ES,Combined TRACON& Tower with Radar,1184,154,54,4,1396,0,7,15,0,22,1184,161,69,4,1418,0,0,0,1418
08/20/2022,CLT,NC,ASO,ES,Combined TRACON& Tower with Radar,1145,153,30,2,1330,0,2,12,0,14,1145,155,42,2,1344,0,0,0,1344
08/21/2022,CLT,NC,ASO,ES,Combined TRACON& Tower with Radar,1131,158,39,0,1328,0,1,8,0,9,1131,159,47,0,1337,0,0,0,1337
08/22/2022,CLT,NC,ASO,ES,Combined TRACON& Tower with Radar,1134,174,59,0,1367,0,1,10,0,11,1134,175,69,0,1378,0,0,0,1378
08/23/2022,CLT,NC,ASO,ES,Combined TRACON& Tower with Radar,1121,178,97,4,1400,0,7,11,0,18,1121,185,108,4,1418,0,0,0,1418
08/24/2022,CLT,NC,ASO,ES,Combined TRACON& Tower with Radar,1174,179,83,4,1440,0,6,30,1,37,1174,185,113,5,1477,0,0,0,1477
08/25/2022,CLT,NC,ASO,ES,Combined TRACON& Tower with Radar,1185,184,84,2,1455,0,5,18,0,23,1185,189,102,2,1478,0,0,0,1478
08/26/2022,CLT,NC,ASO,ES,Combined TRACON& Tower with Radar,1167,173,76,2,1418,0,8,13,0,21,1167,181,89,2,1439,0,0,0,1439
08/27/2022,CLT,NC,ASO,ES,Combined TRACON& Tower with Radar,1148,154,33,2,1337,0,1,9,0,10,1148,155,42,2,1347,0,0,0,1347
08/28/2022,CLT,NC,ASO,ES,Combined TRACON& Tower with Radar,1159,171,42,2,1374,1,0,7,0,8,1160,171,49,2,1382,0,0,0,1382
08/29/2022,CLT,NC,ASO,ES,Combined TRACON& Tower with Radar,1157,176,64,4,1401,0,7,12,0,19,1157,183,76,4,1420,0,0,0,1420
08/30/2022,CLT,NC,ASO,ES,Combined TRACON& Tower with Radar,1135,159,81,6,1381,0,4,6,0,10,1135,163,87,6,1391,0,0,0,1391
08/31/2022,CLT,NC,ASO,ES,Combined TRACON& Tower with Radar,1171,194,71,2,1438,0,3,19,0,22,1171,197,90,2,1460,0,0,0,1460
09/01/2022,CLT,NC,ASO,ES,Combined TRACON& Tower with Radar,1183,186,103,7,1479,0,4,32,0,36,1183,190,135,7,1515,0,0,0,1515
09/02/2022,CLT,NC,ASO,ES,Combined TRACON& Tower with Radar,1186,164,63,0,1413,0,6,19,0,25,1186,170,82,0,1438,0,0,0,1438
09/03/2022,CLT,NC,ASO,ES,Combined TRACON& Tower with Radar,917,127,16,1,1061,0,2,12,0,14,917,129,28,1,1075,0,0,0,1075
09/04/2022,CLT,NC,ASO,ES,Combined TRACON& Tower with Radar,939,140,26,0,1105,0,0,1,0,1,939,140,27,0,1106,0,0,0,1106
09/05/2022,CLT,NC,ASO,ES,Combined TRACON& Tower with Radar,1177,165,42,0,1384,0,1,0,0,1,1177,166,42,0,1385,0,0,0,1385
09/06/2022,CLT,NC,ASO,ES,Combined TRACON& Tower with Radar,1151,167,52,5,1375,0,3,13,0,16,1151,170,65,5,1391,0,0,0,1391
09/07/2022,CLT,NC,ASO,ES,Combined TRACON& Tower with Radar,1001,173,59,4,1237,0,5,12,0,17,1001,178,71,4,1254,0,0,0,1254
09/08/2022,CLT,NC,ASO,ES,Combined TRACON& Tower with Radar,1177,190,72,7,1446,0,4,18,0,22,1177,194,90,7,1468,0,0,0,1468
09/09/2022,CLT,NC,ASO,ES,Combined TRACON& Tower with Radar,1188,208,71,1,1468,0,9,21,0,30,1188,217,92,1,1498,0,0,0,1498
09/10/2022,CLT,NC,ASO,ES,Combined TRACON& Tower with Radar,980,148,30,0,1158,0,0,0,0,0,980,148,30,0,1158,0,0,0,1158
09/11/2022,CLT,NC,ASO,ES,Combined TRACON& Tower with Radar,1165,216,80,3,1464,0,0,0,1,1,1165,216,80,4,1465,0,0,0,1465
09/12/2022,CLT,NC,ASO,ES,Combined TRACON& Tower with Radar,1161,218,67,2,1448,0,2,12,0,14,1161,220,79,2,1462,0,0,0,1462
09/13/2022,CLT,NC,ASO,ES,Combined TRACON& Tower with Radar,996,171,86,6,1259,0,5,19,0,24,996,176,105,6,1283,0,0,0,1283
09/14/2022,CLT,NC,ASO,ES,Combined TRACON& Tower with Radar,1003,174,94,3,1274,0,3,31,0,34,1003,177,125,3,1308,0,0,0,1308
09/15/2022,CLT,NC,ASO,ES,Combined TRACON& Tower with Radar,1208,205,92,6,1511,0,2,30,0,32,1208,207,122,6,1543,0,0,0,1543
09/16/2022,CLT,NC,ASO,ES,Combined TRACON& Tower with Radar,1211,196,70,2,1479,0,5,32,0,37,1211,201,102,2,1516,0,0,0,1516
09/17/2022,CLT,NC,ASO,ES,Combined TRACON& Tower with Radar,965,135,19,3,1122,0,1,18,0,19,965,136,37,3,1141,0,0,0,1141
09/18/2022,CLT,NC,ASO,ES,Combined TRACON& Tower with Radar,1175,200,68,3,1446,0,0,7,0,7,1175,200,75,3,1453,0,0,0,1453
09/19/2022,CLT,NC,ASO,ES,Combined TRACON& Tower with Radar,1175,208,60,4,1447,0,8,15,0,23,1175,216,75,4,1470,0,0,0,1470
09/20/2022,CLT,NC,ASO,ES,Combined TRACON& Tower with Radar,1000,167,98,4,1269,0,12,24,0,36,1000,179,122,4,1305,0,0,0,1305
09/21/2022,CLT,NC,ASO,ES,Combined TRACON& Tower with Radar,1009,202,81,4,1296,0,5,19,0,24,1009,207,100,4,1320,0,0,0,1320
09/22/2022,CLT,NC,ASO,ES,Combined TRACON& Tower with Radar,1181,234,122,7,1544,0,9,17,1,27,1181,243,139,8,1571,0,0,0,1571
09/23/2022,CLT,NC,ASO,ES,Combined TRACON& Tower with Radar,1190,230,114,5,1539,0,4,22,0,26,1190,234,136,5,1565,0,0,0,1565
09/24/2022,CLT,NC,ASO,ES,Combined TRACON& Tower with Radar,983,166,55,0,1204,0,4,11,0,15,983,170,66,0,1219,0,0,0,1219
09/25/2022,CLT,NC,ASO,ES,Combined TRACON& Tower with Radar,1171,240,85,0,1496,0,2,9,0,11,1171,242,94,0,1507,0,0,0,1507
09/26/2022,CLT,NC,ASO,ES,Combined TRACON& Tower with Radar,1203,243,83,1,1530,0,0,13,0,13,1203,243,96,1,1543,0,0,0,1543
09/27/2022,CLT,NC,ASO,ES,Combined TRACON& Tower with Radar,1003,178,76,6,1263,0,3,17,0,20,1003,181,93,6,1283,0,0,0,1283
09/28/2022,CLT,NC,ASO,ES,Combined TRACON& Tower with Radar,923,180,81,6,1190,0,5,25,0,30,923,185,106,6,1220,0,0,0,1220
09/29/2022,CLT,NC,ASO,ES,Combined TRACON& Tower with Radar,1073,206,76,4,1359,0,0,19,0,19,1073,206,95,4,1378,0,0,0,1378
09/30/2022,CLT,NC,ASO,ES,Combined TRACON& Tower with Radar,935,144,24,0,1103,0,0,2,0,2,935,144,26,0,1105,0,0,0,1105
10/01/2022,CLT,NC,ASO,ES,Combined TRACON& Tower with Radar,954,143,28,0,1125,0,1,5,0,6,954,144,33,0,1131,0,0,0,1131
10/02/2022,CLT,NC,ASO,ES,Combined TRACON& Tower with Radar,1164,178,50,0,1392,0,0,7,0,7,1164,178,57,0,1399,0,0,0,1399
10/03/2022,CLT,NC,ASO,ES,Combined TRACON& Tower with Radar,1183,197,56,1,1437,0,3,8,0,11,1183,200,64,1,1448,0,0,0,1448
10/04/2022,CLT,NC,ASO,ES,Combined TRACON& Tower with Radar,998,167,79,4,1248,0,7,18,0,25,998,174,97,4,1273,0,0,0,1273
10/05/2022,CLT,NC,ASO,ES,Combined TRACON& Tower with Radar,1007,166,72,2,1247,0,5,28,0,33,1007,171,100,2,1280,0,0,0,1280
10/06/2022,CLT,NC,ASO,ES,Combined TRACON& Tower with Radar,1190,209,76,5,1480,0,4,17,0,21,1190,213,93,5,1501,0,0,0,1501
10/07/2022,CLT,NC,ASO,ES,Combined TRACON& Tower with Radar,1201,209,61,0,1471,0,7,14,0,21,1201,216,75,0,1492,0,0,0,1492
10/08/2022,CLT,NC,ASO,ES,Combined TRACON& Tower with Radar,1064,184,26,0,1274,0,2,10,0,12,1064,186,36,0,1286,0,0,0,1286
10/09/2022,CLT,NC,ASO,ES,Combined TRACON& Tower with Radar,1198,223,43,0,1464,0,13,8,0,21,1198,236,51,0,1485,0,0,0,1485
10/10/2022,CLT,NC,ASO,ES,Combined TRACON& Tower with Radar,1198,219,85,0,1502,0,6,6,0,12,1198,225,91,0,1514,0,0,0,1514
10/11/2022,CLT,NC,ASO,ES,Combined TRACON& Tower with Radar,1043,178,97,4,1322,0,7,5,0,12,1043,185,102,4,1334,0,0,0,1334
10/12/2022,CLT,NC,ASO,ES,Combined TRACON& Tower with Radar,1040,191,91,2,1324,0,2,7,0,9,1040,193,98,2,1333,0,0,0,1333
10/13/2022,CLT,NC,ASO,ES,Combined TRACON& Tower with Radar,1210,216,99,5,1530,0,4,12,0,16,1210,220,111,5,1546,0,0,0,1546
10/14/2022,CLT,NC,ASO,ES,Combined TRACON& Tower with Radar,1207,212,78,5,1502,0,3,24,0,27,1207,215,102,5,1529,0,0,0,1529
10/15/2022,CLT,NC,ASO,ES,Combined TRACON& Tower with Radar,1069,174,41,1,1285,0,1,11,0,12,1069,175,52,1,1297,0,0,0,1297
10/16/2022,CLT,NC,ASO,ES,Combined TRACON& Tower with Radar,1192,202,54,4,1452,0,3,2,1,6,1192,205,56,5,1458,0,0,0,1458
10/17/2022,CLT,NC,ASO,ES,Combined TRACON& Tower with Radar,1200,229,67,5,1501,0,4,11,0,15,1200,233,78,5,1516,0,0,0,1516
10/18/2022,CLT,NC,ASO,ES,Combined TRACON& Tower with Radar,1053,182,84,4,1323,0,1,25,0,26,1053,183,109,4,1349,0,0,0,1349
10/19/2022,CLT,NC,ASO,ES,Combined TRACON& Tower with Radar,1055,194,85,4,1338,0,2,16,0,18,1055,196,101,4,1356,0,0,0,1356
10/20/2022,CLT,NC,ASO,ES,Combined TRACON& Tower with Radar,1216,215,84,5,1520,0,5,17,1,23,1216,220,101,6,1543,0,0,0,1543
10/21/2022,CLT,NC,ASO,ES,Combined TRACON& Tower with Radar,1220,218,56,2,1496,0,2,14,0,16,1220,220,70,2,1512,0,0,0,1512
10/22/2022,CLT,NC,ASO,ES,Combined TRACON& Tower with Radar,1066,184,38,0,1288,0,2,16,0,18,1066,186,54,0,1306,0,0,0,1306
10/23/2022,CLT,NC,ASO,ES,Combined TRACON& Tower with Radar,1197,228,72,0,1497,0,1,3,0,4,1197,229,75,0,1501,0,0,0,1501
10/24/2022,CLT,NC,ASO,ES,Combined TRACON& Tower with Radar,1198,203,97,0,1498,0,8,0,0,8,1198,211,97,0,1506,0,0,0,1506
10/25/2022,CLT,NC,ASO,ES,Combined TRACON& Tower with Radar,1033,176,83,4,1296,0,8,10,2,20,1033,184,93,6,1316,0,0,0,1316
10/26/2022,CLT,NC,ASO,ES,Combined TRACON& Tower with Radar,1045,177,80,2,1304,0,1,16,0,17,1045,178,96,2,1321,0,0,0,1321
10/27/2022,CLT,NC,ASO,ES,Combined TRACON& Tower with Radar,1213,211,77,4,1505,0,4,16,0,20,1213,215,93,4,1525,0,0,0,1525
10/28/2022,CLT,NC,ASO,ES,Combined TRACON& Tower with Radar,1211,214,64,1,1490,0,3,18,2,23,1211,217,82,3,1513,0,0,0,1513
10/29/2022,CLT,NC,ASO,ES,Combined TRACON& Tower with Radar,934,144,23,0,1101,0,0,8,0,8,934,144,31,0,1109,0,0,0,1109
10/30/2022,CLT,NC,ASO,ES,Combined TRACON& Tower with Radar,1195,208,48,0,1451,0,0,2,0,2,1195,208,50,0,1453,0,0,0,1453
10/31/2022,CLT,NC,ASO,ES,Combined TRACON& Tower with Radar,895,134,58,0,1087,0,0,2,0,2,895,134,60,0,1089,0,0,0,1089
11/01/2022,CLT,NC,ASO,ES,Combined TRACON& Tower with Radar,1029,200,86,9,1324,0,5,18,0,23,1029,205,104,9,1347,0,0,0,1347
11/02/2022,CLT,NC,ASO,ES,Combined TRACON& Tower with Radar,1037,200,81,3,1321,0,11,13,0,24,1037,211,94,3,1345,0,0,0,1345
11/03/2022,CLT,NC,ASO,ES,Combined TRACON& Tower with Radar,1152,172,108,9,1441,0,9,21,0,30,1152,181,129,9,1471,0,0,0,1471
11/04/2022,CLT,NC,ASO,ES,Combined TRACON& Tower with Radar,1149,170,93,1,1413,0,3,12,0,15,1149,173,105,1,1428,0,0,0,1428
11/05/2022,CLT,NC,ASO,ES,Combined TRACON& Tower with Radar,1084,155,37,0,1276,0,0,5,0,5,1084,155,42,0,1281,0,0,0,1281
11/06/2022,CLT,NC,ASO,ES,Combined TRACON& Tower with Radar,1138,179,54,4,1375,0,0,2,0,2,1138,179,56,4,1377,0,0,0,1377
11/07/2022,CLT,NC,ASO,ES,Combined TRACON& Tower with Radar,1156,187,65,1,1409,0,3,1,0,4,1156,190,66,1,1413,0,0,0,1413
11/08/2022,CLT,NC,ASO,ES,Combined TRACON& Tower with Radar,1136,181,65,5,1387,0,3,14,0,17,1136,184,79,5,1404,0,0,0,1404
11/09/2022,CLT,NC,ASO,ES,Combined TRACON& Tower with Radar,1116,181,91,3,1391,0,7,13,0,20,1116,188,104,3,1411,0,0,0,1411
11/10/2022,CLT,NC,ASO,ES,Combined TRACON& Tower with Radar,1093,188,99,3,1383,0,3,4,0,7,1093,191,103,3,1390,0,0,0,1390
11/11/2022,CLT,NC,ASO,ES,Combined TRACON& Tower with Radar,1122,166,51,0,1339,0,0,0,0,0,1122,166,51,0,1339,0,0,0,1339
11/12/2022,CLT,NC,ASO,ES,Combined TRACON& Tower with Radar,1105,160,50,0,1315,0,2,5,0,7,1105,162,55,0,1322,0,0,0,1322
11/13/2022,CLT,NC,ASO,ES,Combined TRACON& Tower with Radar,1137,191,45,0,1373,0,0,9,0,9,1137,191,54,0,1382,0,0,0,1382
11/14/2022,CLT,NC,ASO,ES,Combined TRACON& Tower with Radar,1152,185,65,2,1404,0,6,9,0,15,1152,191,74,2,1419,0,0,0,1419
11/15/2022,CLT,NC,ASO,ES,Combined TRACON& Tower with Radar,1156,176,88,3,1423,0,0,2,0,2,1156,176,90,3,1425,0,0,0,1425
11/16/2022,CLT,NC,ASO,ES,Combined TRACON& Tower with Radar,1170,175,87,5,1437,0,7,15,0,22,1170,182,102,5,1459,0,0,0,1459
11/17/2022,CLT,NC,ASO,ES,Combined TRACON& Tower with Radar,1160,191,91,7,1449,0,8,22,0,30,1160,199,113,7,1479,0,0,0,1479
11/18/2022,CLT,NC,ASO,ES,Combined TRACON& Tower with Radar,1152,173,71,0,1396,0,6,10,0,16,1152,179,81,0,1412,0,0,0,1412
11/19/2022,CLT,NC,ASO,ES,Combined TRACON& Tower with Radar,1092,157,32,5,1286,0,1,7,0,8,1092,158,39,5,1294,0,0,0,1294
11/20/2022,CLT,NC,ASO,ES,Combined TRACON& Tower with Radar,1155,179,47,1,1382,0,0,5,0,5,1155,179,52,1,1387,0,0,0,1387
11/21/2022,CLT,NC,ASO,ES,Combined TRACON& Tower with Radar,1167,165,59,0,1391,0,7,8,0,15,1167,172,67,0,1406,0,0,0,1406
11/22/2022,CLT,NC,ASO,ES,Combined TRACON& Tower with Radar,1152,182,68,4,1406,0,3,18,1,22,1152,185,86,5,1428,0,0,0,1428
11/23/2022,CLT,NC,ASO,ES,Combined TRACON& Tower with Radar,1166,180,49,0,1395,0,5,15,2,22,1166,185,64,2,1417,0,0,0,1417
11/24/2022,CLT,NC,ASO,ES,Combined TRACON& Tower with Radar,545,70,12,0,627,0,0,5,0,5,545,70,17,0,632,0,0,0,632
11/25/2022,CLT,NC,ASO,ES,Combined TRACON& Tower with Radar,1109,180,40,0,1329,0,0,7,0,7,1109,180,47,0,1336,0,0,0,1336
11/26/2022,CLT,NC,ASO,ES,Combined TRACON& Tower with Radar,1116,175,47,0,1338,0,1,8,0,9,1116,176,55,0,1347,0,0,0,1347
11/27/2022,CLT,NC,ASO,ES,Combined TRACON& Tower with Radar,1169,177,57,0,1403,0,0,0,0,0,1169,177,57,0,1403,0,0,0,1403
11/28/2022,CLT,NC,ASO,ES,Combined TRACON& Tower with Radar,1153,164,51,1,1369,0,3,6,1,10,1153,167,57,2,1379,0,0,0,1379
11/29/2022,CLT,NC,ASO,ES,Combined TRACON& Tower with Radar,1152,190,66,4,1412,0,1,10,2,13,1152,191,76,6,1425,0,0,0,1425
11/30/2022,CLT,NC,ASO,ES,Combined TRACON& Tower with Radar,1134,161,60,2,1357,0,2,3,0,5,1134,163,63,2,1362,0,0,0,1362
12/01/2022,CLT,NC,ASO,ES,Combined TRACON& Tower with Radar,1155,176,79,3,1413,0,0,15,0,15,1155,176,94,3,1428,0,0,0,1428
12/02/2022,CLT,NC,ASO,ES,Combined TRACON& Tower with Radar,1148,169,74,2,1393,0,5,8,0,13,1148,174,82,2,1406,0,0,0,1406
12/03/2022,CLT,NC,ASO,ES,Combined TRACON& Tower with Radar,1082,161,46,4,1293,0,0,2,0,2,1082,161,48,4,1295,0,0,0,1295
12/04/2022,CLT,NC,ASO,ES,Combined TRACON& Tower with Radar,1147,176,50,1,1374,0,2,2,0,4,1147,178,52,1,1378,0,0,0,1378
12/05/2022,CLT,NC,ASO,ES,Combined TRACON& Tower with Radar,1144,174,80,0,1398,0,5,5,0,10,1144,179,85,0,1408,0,0,0,1408
12/06/2022,CLT,NC,ASO,ES,Combined TRACON& Tower with Radar,1162,175,110,3,1450,0,0,0,0,0,1162,175,110,3,1450,0,0,0,1450
12/07/2022,CLT,NC,ASO,ES,Combined TRACON& Tower with Radar,1157,165,75,3,1400,0,0,0,0,0,1157,165,75,3,1400,0,0,0,1400
12/08/2022,CLT,NC,ASO,ES,Combined TRACON& Tower with Radar,1162,192,104,4,1462,0,5,16,0,21,1162,197,120,4,1483,0,0,0,1483
12/09/2022,CLT,NC,ASO,ES,Combined TRACON& Tower with Radar,1152,165,60,0,1377,0,4,6,0,10,1152,169,66,0,1387,0,0,0,1387
12/10/2022,CLT,NC,ASO,ES,Combined TRACON& Tower with Radar,1091,152,30,0,1273,0,2,6,0,8,1091,154,36,0,1281,0,0,0,1281
12/11/2022,CLT,NC,ASO,ES,Combined TRACON& Tower with Radar,1136,166,36,0,1338,0,0,0,0,0,1136,166,36,0,1338,0,0,0,1338
12/12/2022,CLT,NC,ASO,ES,Combined TRACON& Tower with Radar,1156,187,77,0,1420,0,6,12,0,18,1156,193,89,0,1438,0,0,0,1438
12/13/2022,CLT,NC,ASO,ES,Combined TRACON& Tower with Radar,1147,188,89,4,1428,0,8,14,0,22,1147,196,103,4,1450,0,0,0,1450
12/14/2022,CLT,NC,ASO,ES,Combined TRACON& Tower with Radar,1171,182,62,3,1418,0,8,6,0,14,1171,190,68,3,1432,0,0,0,1432
12/15/2022,CLT,NC,ASO,ES,Combined TRACON& Tower with Radar,1160,190,97,4,1451,0,0,2,0,2,1160,190,99,4,1453,0,0,0,1453
12/16/2022,CLT,NC,ASO,ES,Combined TRACON& Tower with Radar,1133,207,83,1,1424,0,4,14,0,18,1133,211,97,1,1442,0,0,0,1442
12/17/2022,CLT,NC,ASO,ES,Combined TRACON& Tower with Radar,1110,168,39,0,1317,0,0,9,2,11,1110,168,48,2,1328,0,0,0,1328
12/18/2022,CLT,NC,ASO,ES,Combined TRACON& Tower with Radar,1117,186,49,0,1352,0,0,5,0,5,1117,186,54,0,1357,0,0,0,1357
12/19/2022,CLT,NC,ASO,ES,Combined TRACON& Tower with Radar,1097,192,46,0,1335,0,3,6,0,9,1097,195,52,0,1344,0,0,0,1344
12/20/2022,CLT,NC,ASO,ES,Combined TRACON& Tower with Radar,1119,187,40,4,1350,0,1,17,0,18,1119,188,57,4,1368,0,0,0,1368
12/21/2022,CLT,NC,ASO,ES,Combined TRACON& Tower with Radar,1132,201,56,5,1394,0,1,11,2,14,1132,202,67,7,1408,0,0,0,1408
12/22/2022,CLT,NC,ASO,ES,Combined TRACON& Tower with Radar,1076,191,34,5,1306,0,0,0,0,0,1076,191,34,5,1306,0,0,0,1306
12/23/2022,CLT,NC,ASO,ES,Combined TRACON& Tower with Radar,978,148,30,0,1156,0,1,5,0,6,978,149,35,0,1162,0,0,0,1162
12/24/2022,CLT,NC,ASO,ES,Combined TRACON& Tower with Radar,768,143,27,0,938,0,0,4,0,4,768,143,31,0,942,0,0,0,942
12/25/2022,CLT,NC,ASO,ES,Combined TRACON& Tower with Radar,886,157,3,0,1046,0,1,5,2,8,886,158,8,2,1054,0,0,0,1054
12/26/2022,CLT,NC,ASO,ES,Combined TRACON& Tower with Radar,1054,204,46,0,1304,0,0,4,0,4,1054,204,50,0,1308,0,0,0,1308
12/27/2022,CLT,NC,ASO,ES,Combined TRACON& Tower with Radar,1094,197,58,2,1351,0,4,17,0,21,1094,201,75,2,1372,0,0,0,1372
12/28/2022,CLT,NC,ASO,ES,Combined TRACON& Tower with Radar,1106,183,44,3,1336,0,0,15,0,15,1106,183,59,3,1351,0,0,0,1351
12/29/2022,CLT,NC,ASO,ES,Combined TRACON& Tower with Radar,1110,197,29,2,1338,0,0,21,0,21,1110,197,50,2,1359,0,0,0,1359
12/30/2022,CLT,NC,ASO,ES,Combined TRACON& Tower with Radar,1123,212,46,0,1381,0,0,14,0,14,1123,212,60,0,1395,0,0,0,1395
12/31/2022,CLT,NC,ASO,ES,Combined TRACON& Tower with Radar,821,138,23,0,982,0,0,1,0,1,821,138,24,0,983,0,0,0,983
01/01/2023,CLT,NC,ASO,ES,Combined TRACON& Tower with Radar,923,155,25,2,1105,0,0,0,0,0,923,155,25,2,1105,0,0,0,1105
01/02/2023,CLT,NC,ASO,ES,Combined TRACON& Tower with Radar,1081,212,52,1,1346,0,0,4,0,4,1081,212,56,1,1350,0,0,0,1350
01/03/2023,CLT,NC,ASO,ES,Combined TRACON& Tower with Radar,1109,177,44,5,1335,0,1,2,0,3,1109,178,46,5,1338,0,0,0,1338
01/04/2023,CLT,NC,ASO,ES,Combined TRACON& Tower with Radar,1015,193,45,1,1254,0,0,2,0,2,1015,193,47,1,1256,0,0,0,1256
01/05/2023,CLT,NC,ASO,ES,Combined TRACON& Tower with Radar,955,161,42,5,1163,0,4,18,0,22,955,165,60,5,1185,0,0,0,1185
01/06/2023,CLT,NC,ASO,ES,Combined TRACON& Tower with Radar,973,174,48,0,1195,0,2,14,0,16,973,176,62,0,1211,0,0,0,1211
01/07/2023,CLT,NC,ASO,ES,Combined TRACON& Tower with Radar,1050,173,26,1,1250,0,1,16,2,19,1050,174,42,3,1269,0,0,0,1269
01/08/2023,CLT,NC,ASO,ES,Combined TRACON& Tower with Radar,1110,185,35,2,1332,0,0,1,0,1,1110,185,36,2,1333,0,0,0,1333
01/09/2023,CLT,NC,ASO,ES,Combined TRACON& Tower with Radar,1105,192,55,0,1352,0,0,13,0,13,1105,192,68,0,1365,0,0,0,1365
01/10/2023,CLT,NC,ASO,ES,Combined TRACON& Tower with Radar,1040,169,92,5,1306,0,1,19,2,22,1040,170,111,7,1328,0,0,0,1328
01/11/2023,CLT,NC,ASO,ES,Combined TRACON& Tower with Radar,921,158,80,3,1162,0,0,14,0,14,921,158,94,3,1176,0,0,0,1176
01/12/2023,CLT,NC,ASO,ES,Combined TRACON& Tower with Radar,1132,176,66,4,1378,0,0,6,0,6,1132,176,72,4,1384,0,0,0,1384
01/13/2023,CLT,NC,ASO,ES,Combined TRACON& Tower with Radar,1225,185,63,1,1474,0,3,17,0,20,1225,188,80,1,1494,0,0,0,1494
01/14/2023,CLT,NC,ASO,ES,Combined TRACON& Tower with Radar,868,127,34,0,1029,0,1,8,0,9,868,128,42,0,1038,0,0,0,1038
01/15/2023,CLT,NC,ASO,ES,Combined TRACON& Tower with Radar,1027,168,31,1,1227,0,1,1,0,2,1027,169,32,1,1229,0,0,0,1229
01/16/2023,CLT,NC,ASO,ES,Combined TRACON& Tower with Radar,1059,162,56,0,1277,0,0,4,0,4,1059,162,60,0,1281,0,0,0,1281
01/17/2023,CLT,NC,ASO,ES,Combined TRACON& Tower with Radar,1053,164,68,4,1289,0,0,2,0,2,1053,164,70,4,1291,0,0,0,1291
01/18/2023,CLT,NC,ASO,ES,Combined TRACON& Tower with Radar,1078,161,60,5,1304,0,3,11,0,14,1078,164,71,5,1318,0,0,0,1318
01/19/2023,CLT,NC,ASO,ES,Combined TRACON& Tower with Radar,1198,174,64,6,1442,0,2,7,2,11,1198,176,71,8,1453,0,0,0,1453
01/20/2023,CLT,NC,ASO,ES,Combined TRACON& Tower with Radar,1172,176,62,0,1410,0,8,27,1,36,1172,184,89,1,1446,0,0,0,1446
01/21/2023,CLT,NC,ASO,ES,Combined TRACON& Tower with Radar,1021,135,25,0,1181,0,0,15,0,15,1021,135,40,0,1196,0,0,0,1196
01/22/2023,CLT,NC,ASO,ES,Combined TRACON& Tower with Radar,1148,170,40,0,1358,0,0,0,0,0,1148,170,40,0,1358,0,0,0,1358
01/23/2023,CLT,NC,ASO,ES,Combined TRACON& Tower with Radar,1094,176,65,0,1335,0,3,9,0,12,1094,179,74,0,1347,0,0,0,1347
01/24/2023,CLT,NC,ASO,ES,Combined TRACON& Tower with Radar,1045,182,74,2,1303,0,5,24,0,29,1045,187,98,2,1332,0,0,0,1332
01/25/2023,CLT,NC,ASO,ES,Combined TRACON& Tower with Radar,1093,173,57,1,1324,0,0,0,0,0,1093,173,57,1,1324,0,0,0,1324
01/26/2023,CLT,NC,ASO,ES,Combined TRACON& Tower with Radar,1195,174,73,4,1446,0,3,12,0,15,1195,177,85,4,1461,0,0,0,1461
01/27/2023,CLT,NC,ASO,ES,Combined TRACON& Tower with Radar,1179,174,71,1,1425,0,3,16,0,19,1179,177,87,1,1444,0,0,0,1444
01/28/2023,CLT,NC,ASO,ES,Combined TRACON& Tower with Radar,1028,143,40,0,1211,0,1,9,0,10,1028,144,49,0,1221,0,0,0,1221
01/29/2023,CLT,NC,ASO,ES,Combined TRACON& Tower with Radar,1162,172,49,2,1385,0,0,0,0,0,1162,172,49,2,1385,0,0,0,1385
01/30/2023,CLT,NC,ASO,ES,Combined TRACON& Tower with Radar,1049,177,74,1,1301,0,2,7,0,9,1049,179,81,1,1310,0,0,0,1310
01/31/2023,CLT,NC,ASO,ES,Combined TRACON& Tower with Radar,1021,150,51,4,1226,0,0,2,0,2,1021,150,53,4,1228,0,0,0,1228
02/01/2023,CLT,NC,ASO,ES,Combined TRACON& Tower with Radar,1028,188,68,4,1288,0,0,2,0,2,1028,188,70,4,1290,0,0,0,1290
02/02/2023,CLT,NC,ASO,ES,Combined TRACON& Tower with Radar,1138,185,81,0,1404,0,0,0,0,0,1138,185,81,0,1404,0,0,0,1404
02/03/2023,CLT,NC,ASO,ES,Combined TRACON& Tower with Radar,1150,151,42,2,1345,0,8,19,0,27,1150,159,61,2,1372,0,0,0,1372
02/04/2023,CLT,NC,ASO,ES,Combined TRACON& Tower with Radar,1082,153,16,0,1251,0,0,16,0,16,1082,153,32,0,1267,0,0,0,1267
02/05/2023,CLT,NC,ASO,ES,Combined TRACON& Tower with Radar,1152,152,42,0,1346,0,2,8,0,10,1152,154,50,0,1356,0,0,0,1356
02/06/2023,CLT,NC,ASO,ES,Combined TRACON& Tower with Radar,1162,177,67,3,1409,0,5,8,0,13,1162,182,75,3,1422,0,0,0,1422
02/07/2023,CLT,NC,ASO,ES,Combined TRACON& Tower with Radar,1019,159,60,4,1242,0,2,20,0,22,1019,161,80,4,1264,0,0,0,1264
02/08/2023,CLT,NC,ASO,ES,Combined TRACON& Tower with Radar,1020,183,73,5,1281,0,10,18,0,28,1020,193,91,5,1309,0,0,0,1309
02/09/2023,CLT,NC,ASO,ES,Combined TRACON& Tower with Radar,1179,172,92,4,1447,0,0,16,0,16,1179,172,108,4,1463,0,0,0,1463
02/10/2023,CLT,NC,ASO,ES,Combined TRACON& Tower with Radar,1165,159,66,2,1392,0,1,14,0,15,1165,160,80,2,1407,0,0,0,1407
02/11/2023,CLT,NC,ASO,ES,Combined TRACON& Tower with Radar,1086,148,29,3,1266,0,0,10,0,10,1086,148,39,3,1276,0,0,0,1276
02/12/2023,CLT,NC,ASO,ES,Combined TRACON& Tower with Radar,1145,160,35,0,1340,0,0,0,0,0,1145,160,35,0,1340,0,0,0,1340
02/13/2023,CLT,NC,ASO,ES,Combined TRACON& Tower with Radar,1157,165,70,2,1394,0,4,9,0,13,1157,169,79,2,1407,0,0,0,1407
02/14/2023,CLT,NC,ASO,ES,Combined TRACON& Tower with Radar,1012,159,57,4,1232,0,2,11,0,13,1012,161,68,4,1245,0,0,0,1245
02/15/2023,CLT,NC,ASO,ES,Combined TRACON& Tower with Radar,1037,148,77,5,1267,0,2,15,0,17,1037,150,92,5,1284,0,0,0,1284
02/16/2023,CLT,NC,ASO,ES,Combined TRACON& Tower with Radar,1159,167,65,5,1396,0,1,14,0,15,1159,168,79,5,1411,0,0,0,1411
02/17/2023,CLT,NC,ASO,ES,Combined TRACON& Tower with Radar,1171,158,71,3,1403,0,1,8,0,9,1171,159,79,3,1412,0,0,0,1412
02/18/2023,CLT,NC,ASO,ES,Combined TRACON& Tower with Radar,982,126,28,0,1136,0,1,26,0,27,982,127,54,0,1163,0,0,0,1163
02/19/2023,CLT,NC,ASO,ES,Combined TRACON& Tower with Radar,1144,164,34,0,1342,0,3,2,0,5,1144,167,36,0,1347,0,0,0,1347
02/20/2023,CLT,NC,ASO,ES,Combined TRACON& Tower with Radar,1163,175,71,1,1410,0,1,8,0,9,1163,176,79,1,1419,0,0,0,1419
02/21/2023,CLT,NC,ASO,ES,Combined TRACON& Tower with Radar,1145,162,83,5,1395,0,0,17,0,17,1145,162,100,5,1412,0,0,0,1412
02/22/2023,CLT,NC,ASO,ES,Combined TRACON& Tower with Radar,1125,161,92,3,1381,0,2,17,0,19,1125,163,109,3,1400,0,0,0,1400
02/23/2023,CLT,NC,ASO,ES,Combined TRACON& Tower with Radar,1163,179,91,2,1435,0,2,16,0,18,1163,181,107,2,1453,0,0,0,1453
02/24/2023,CLT,NC,ASO,ES,Combined TRACON& Tower with Radar,1172,157,63,3,1395,0,0,24,0,24,1172,157,87,3,1419,0,0,0,1419
02/25/2023,CLT,NC,ASO,ES,Combined TRACON& Tower with Radar,1105,142,23,0,1270,0,0,1,0,1,1105,142,24,0,1271,0,0,0,1271
02/26/2023,CLT,NC,ASO,ES,Combined TRACON& Tower with Radar,1154,166,44,1,1365,0,0,1,0,1,1154,166,45,1,1366,0,0,0,1366
02/27/2023,CLT,NC,ASO,ES,Combined TRACON& Tower with Radar,1160,166,60,1,1387,0,3,14,0,17,1160,169,74,1,1404,0,0,0,1404
02/28/2023,CLT,NC,ASO,ES,Combined TRACON& Tower with Radar,1154,161,67,4,1386,0,0,16,0,16,1154,161,83,4,1402,0,0,0,1402
03/01/2023,CLT,NC,ASO,ES,Combined TRACON& Tower with Radar,1171,176,88,2,1437,0,1,11,0,12,1171,177,99,2,1449,0,0,0,1449
03/02/2023,CLT,NC,ASO,ES,Combined TRACON& Tower with Radar,1194,187,81,4,1466,0,0,17,0,17,1194,187,98,4,1483,0,0,0,1483
03/03/2023,CLT,NC,ASO,ES,Combined TRACON& Tower with Radar,1160,161,69,0,1390,0,0,4,0,4,1160,161,73,0,1394,0,0,0,1394
03/04/2023,CLT,NC,ASO,ES,Combined TRACON& Tower with Radar,1120,170,36,8,1334,0,1,7,0,8,1120,171,43,8,1342,0,0,0,1342
03/05/2023,CLT,NC,ASO,ES,Combined TRACON& Tower with Radar,1186,176,37,2,1401,0,1,2,0,3,1186,177,39,2,1404,0,0,0,1404
03/06/2023,CLT,NC,ASO,ES,Combined TRACON& Tower with Radar,1202,164,71,2,1439,0,1,8,0,9,1202,165,79,2,1448,0,0,0,1448
03/07/2023,CLT,NC,ASO,ES,Combined TRACON& Tower with Radar,1051,164,58,6,1279,0,1,23,0,24,1051,165,81,6,1303,0,0,0,1303
03/08/2023,CLT,NC,ASO,ES,Combined TRACON& Tower with Radar,1191,175,86,3,1455,0,0,14,0,14,1191,175,100,3,1469,0,0,0,1469
03/09/2023,CLT,NC,ASO,ES,Combined TRACON& Tower with Radar,1189,176,91,4,1460,0,1,19,0,20,1189,177,110,4,1480,0,0,0,1480
03/10/2023,CLT,NC,ASO,ES,Combined TRACON& Tower with Radar,1214,185,69,1,1469,0,2,6,0,8,1214,187,75,1,1477,0,0,0,1477
03/11/2023,CLT,NC,ASO,ES,Combined TRACON& Tower with Radar,1128,173,56,0,1357,0,0,15,0,15,1128,173,71,0,1372,0,0,0,1372
03/12/2023,CLT,NC,ASO,ES,Combined TRACON& Tower with Radar,1176,157,49,0,1382,0,0,0,0,0,1176,157,49,0,1382,0,0,0,1382
03/13/2023,CLT,NC,ASO,ES,Combined TRACON& Tower with Radar,1202,180,65,2,1449,0,1,5,2,8,1202,181,70,4,1457,0,0,0,1457
03/14/2023,CLT,NC,ASO,ES,Combined TRACON& Tower with Radar,1032,167,48,5,1252,0,3,18,0,21,1032,170,66,5,1273,0,0,0,1273
03/15/2023,CLT,NC,ASO,ES,Combined TRACON& Tower with Radar,1178,158,59,2,1397,0,1,12,0,13,1178,159,71,2,1410,0,0,0,1410
03/16/2023,CLT,NC,ASO,ES,Combined TRACON& Tower with Radar,1200,179,75,6,1460,0,2,12,0,14,1200,181,87,6,1474,0,0,0,1474
03/17/2023,CLT,NC,ASO,ES,Combined TRACON& Tower with Radar,1194,163,41,1,1399,0,0,2,0,2,1194,163,43,1,1401,0,0,0,1401
03/18/2023,CLT,NC,ASO,ES,Combined TRACON& Tower with Radar,1134,174,41,0,1349,0,1,5,0,6,1134,175,46,0,1355,0,0,0,1355
03/19/2023,CLT,NC,ASO,ES,Combined TRACON& Tower with Radar,1187,171,73,4,1435,0,0,9,0,9,1187,171,82,4,1444,0,0,0,1444
03/20/2023,CLT,NC,ASO,ES,Combined TRACON& Tower with Radar,1193,167,64,0,1424,0,1,13,0,14,1193,168,77,0,1438,0,0,0,1438
03/21/2023,CLT,NC,ASO,ES,Combined TRACON& Tower with Radar,1063,159,83,7,1312,0,2,21,0,23,1063,161,104,7,1335,0,0,0,1335
03/22/2023,CLT,NC,ASO,ES,Combined TRACON& Tower with Radar,1192,175,89,0,1456,0,6,9,0,15,1192,181,98,0,1471,0,0,0,1471
03/23/2023,CLT,NC,ASO,ES,Combined TRACON& Tower with Radar,1219,189,88,2,1498,0,4,12,0,16,1219,193,100,2,1514,0,0,0,1514
03/24/2023,CLT,NC,ASO,ES,Combined TRACON& Tower with Radar,1211,174,57,2,1444,0,2,15,0,17,1211,176,72,2,1461,0,0,0,1461
03/25/2023,CLT,NC,ASO,ES,Combined TRACON& Tower with Radar,1116,161,32,1,1310,0,1,17,0,18,1116,162,49,1,1328,0,0,0,1328
03/26/2023,CLT,NC,ASO,ES,Combined TRACON& Tower with Radar,1138,168,41,1,1348,0,0,2,0,2,1138,168,43,1,1350,0,0,0,1350
03/27/2023,CLT,NC,ASO,ES,Combined TRACON& Tower with Radar,1183,193,71,2,1449,0,5,11,0,16,1183,198,82,2,1465,0,0,0,1465
03/28/2023,CLT,NC,ASO,ES,Combined TRACON& Tower with Radar,1078,192,55,7,1332,0,2,10,0,12,1078,194,65,7,1344,0,0,0,1344
03/29/2023,CLT,NC,ASO,ES,Combined TRACON& Tower with Radar,1183,194,85,3,1465,0,6,5,0,11,1183,200,90,3,1476,0,0,0,1476
03/30/2023,CLT,NC,ASO,ES,Combined TRACON& Tower with Radar,1201,186,79,2,1468,0,2,15,0,17,1201,188,94,2,1485,0,0,0,1485
03/31/2023,CLT,NC,ASO,ES,Combined TRACON& Tower with Radar,1174,162,83,2,1421,0,0,10,0,10,1174,162,93,2,1431,0,0,0,1431
04/01/2023,CLT,NC,ASO,ES,Combined TRACON& Tower with Radar,1103,152,24,0,1279,0,1,5,0,6,1103,153,29,0,1285,0,0,0,1285
04/02/2023,CLT,NC,ASO,ES,Combined TRACON& Tower with Radar,1181,184,42,0,1407,0,2,3,0,5,1181,186,45,0,1412,0,0,0,1412
04/03/2023,CLT,NC,ASO,ES,Combined TRACON& Tower with Radar,1194,173,44,3,1414,0,2,12,0,14,1194,175,56,3,1428,0,0,0,1428
04/04/2023,CLT,NC,ASO,ES,Combined TRACON& Tower with Radar,1042,190,86,6,1324,0,5,18,0,23,1042,195,104,6,1347,0,0,0,1347
04/05/2023,CLT,NC,ASO,ES,Combined TRACON& Tower with Radar,1140,218,62,2,1422,0,2,15,0,17,1140,220,77,2,1439,0,0,0,1439
04/06/2023,CLT,NC,ASO,ES,Combined TRACON& Tower with Radar,1185,221,86,5,1497,0,3,12,0,15,1185,224,98,5,1512,0,0,0,1512
04/07/2023,CLT,NC,ASO,ES,Combined TRACON& Tower with Radar,1177,222,46,0,1445,0,0,2,0,2,1177,222,48,0,1447,0,0,0,1447
04/08/2023,CLT,NC,ASO,ES,Combined TRACON& Tower with Radar,1106,195,24,0,1325,0,0,0,0,0,1106,195,24,0,1325,0,0,0,1325
04/09/2023,CLT,NC,ASO,ES,Combined TRACON& Tower with Radar,1153,217,30,0,1400,0,1,2,0,3,1153,218,32,0,1403,0,0,0,1403
04/10/2023,CLT,NC,ASO,ES,Combined TRACON& Tower with Radar,1174,233,80,3,1490,0,1,12,0,13,1174,234,92,3,1503,0,0,0,1503
04/11/2023,CLT,NC,ASO,ES,Combined TRACON& Tower with Radar,1056,200,78,4,1338,0,2,25,0,27,1056,202,103,4,1365,0,0,0,1365
04/12/2023,CLT,NC,ASO,ES,Combined TRACON& Tower with Radar,1155,226,90,2,1473,0,2,13,0,15,1155,228,103,2,1488,0,0,0,1488
04/13/2023,CLT,NC,ASO,ES,Combined TRACON& Tower with Radar,1183,226,109,6,1524,0,1,16,0,17,1183,227,125,6,1541,0,0,0,1541
04/14/2023,CLT,NC,ASO,ES,Combined TRACON& Tower with Radar,1179,222,64,1,1466,0,0,10,0,10,1179,222,74,1,1476,0,0,0,1476
04/15/2023,CLT,NC,ASO,ES,Combined TRACON& Tower with Radar,1103,211,42,1,1357,0,2,6,0,8,1103,213,48,1,1365,0,0,0,1365
04/16/2023,CLT,NC,ASO,ES,Combined TRACON& Tower with Radar,1179,215,47,0,1441,0,1,6,0,7,1179,216,53,0,1448,0,0,0,1448
04/17/2023,CLT,NC,ASO,ES,Combined TRACON& Tower with Radar,1183,207,74,0,1464,0,1,8,0,9,1183,208,82,0,1473,0,0,0,1473
04/18/2023,CLT,NC,ASO,ES,Combined TRACON& Tower with Radar,1063,203,82,8,1356,0,1,25,1,27,1063,204,107,9,1383,0,0,0,1383
04/19/2023,CLT,NC,ASO,ES,Combined TRACON& Tower with Radar,1160,209,76,4,1449,0,0,18,0,18,1160,209,94,4,1467,0,0,0,1467
04/20/2023,CLT,NC,ASO,ES,Combined TRACON& Tower with Radar,1179,226,73,10,1488,0,3,17,0,20,1179,229,90,10,1508,0,0,0,1508
04/21/2023,CLT,NC,ASO,ES,Combined TRACON& Tower with Radar,1183,212,64,1,1460,0,0,16,0,16,1183,212,80,1,1476,0,0,0,1476
04/22/2023,CLT,NC,ASO,ES,Combined TRACON& Tower with Radar,1085,207,25,0,1317,0,0,17,0,17,1085,207,42,0,1334,0,0,0,1334
04/23/2023,CLT,NC,ASO,ES,Combined TRACON& Tower with Radar,1206,213,48,0,1467,0,0,6,0,6,1206,213,54,0,1473,0,0,0,1473
04/24/2023,CLT,NC,ASO,ES,Combined TRACON& Tower with Radar,1183,229,59,1,1472,0,0,6,0,6,1183,229,65,1,1478,0,0,0,1478
04/25/2023,CLT,NC,ASO,ES,Combined TRACON& Tower with Radar,1066,214,93,4,1377,0,0,16,0,16,1066,214,109,4,1393,0,0,0,1393
04/26/2023,CLT,NC,ASO,ES,Combined TRACON& Tower with Radar,1157,218,87,2,1464,0,0,8,0,8,1157,218,95,2,1472,0,0,0,1472
04/27/2023,CLT,NC,ASO,ES,Combined TRACON& Tower with Radar,1171,219,73,4,1467,0,0,0,0,0,1171,219,73,4,1467,0,0,0,1467
04/28/2023,CLT,NC,ASO,ES,Combined TRACON& Tower with Radar,1233,227,60,0,1520,0,1,12,0,13,1233,228,72,0,1533,0,0,0,1533
04/29/2023,CLT,NC,ASO,ES,Combined TRACON& Tower with Radar,1095,195,27,0,1317,0,0,4,0,4,1095,195,31,0,1321,0,0,0,1321
04/30/2023,CLT,NC,ASO,ES,Combined TRACON& Tower with Radar,1158,232,57,3,1450,0,0,1,0,1,1158,232,58,3,1451,0,0,0,1451
05/01/2023,CLT,NC,ASO,ES,Combined TRACON& Tower with Radar,1176,242,62,2,1482,0,2,10,0,12,1176,244,72,2,1494,0,0,0,1494
05/02/2023,CLT,NC,ASO,ES,Combined TRACON& Tower with Radar,1072,254,80,2,1408,0,2,9,0,11,1072,256,89,2,1419,0,0,0,1419
05/03/2023,CLT,NC,ASO,ES,Combined TRACON& Tower with Radar,1157,233,87,1,1478,0,2,18,0,20,1157,235,105,1,1498,0,0,0,1498
05/04/2023,CLT,NC,ASO,ES,Combined TRACON& Tower with Radar,1203,242,102,5,1552,0,1,22,0,23,1203,243,124,5,1575,0,0,0,1575
05/05/2023,CLT,NC,ASO,ES,Combined TRACON& Tower with Radar,1190,231,84,0,1505,0,1,17,0,18,1190,232,101,0,1523,0,0,0,1523
05/06/2023,CLT,NC,ASO,ES,Combined TRACON& Tower with Radar,1120,208,26,2,1356,0,1,6,0,7,1120,209,32,2,1363,0,0,0,1363
05/07/2023,CLT,NC,ASO,ES,Combined TRACON& Tower with Radar,1160,236,62,2,1460,0,1,7,0,8,1160,237,69,2,1468,0,0,0,1468
05/08/2023,CLT,NC,ASO,ES,Combined TRACON& Tower with Radar,1194,224,59,6,1483,0,1,9,0,10,1194,225,68,6,1493,0,0,0,1493
05/09/2023,CLT,NC,ASO,ES,Combined TRACON& Tower with Radar,1067,182,78,4,1331,0,3,13,1,17,1067,185,91,5,1348,0,0,0,1348
05/10/2023,CLT,NC,ASO,ES,Combined TRACON& Tower with Radar,1187,233,93,2,1515,0,0,8,0,8,1187,233,101,2,1523,0,0,0,1523
05/11/2023,CLT,NC,ASO,ES,Combined TRACON& Tower with Radar,1196,227,92,4,1519,0,3,19,0,22,1196,230,111,4,1541,0,0,0,1541
05/12/2023,CLT,NC,ASO,ES,Combined TRACON& Tower with Radar,1199,219,64,0,1482,0,1,13,0,14,1199,220,77,0,1496,0,0,0,1496
05/13/2023,CLT,NC,ASO,ES,Combined TRACON& Tower with Radar,1103,214,29,0,1346,0,0,6,0,6,1103,214,35,0,1352,0,0,0,1352
05/14/2023,CLT,NC,ASO,ES,Combined TRACON& Tower with Radar,1162,215,37,3,1417,0,0,7,0,7,1162,215,44,3,1424,0,0,0,1424
05/15/2023,CLT,NC,ASO,ES,Combined TRACON& Tower with Radar,1171,239,65,2,1477,0,4,18,0,22,1171,243,83,2,1499,0,0,0,1499
05/16/2023,CLT,NC,ASO,ES,Combined TRACON& Tower with Radar,1055,193,78,6,1332,0,7,14,0,21,1055,200,92,6,1353,0,0,0,1353
05/17/2023,CLT,NC,ASO,ES,Combined TRACON& Tower with Radar,1205,217,103,3,1528,0,2,16,0,18,1205,219,119,3,1546,0,0,0,1546
05/18/2023,CLT,NC,ASO,ES,Combined TRACON& Tower with Radar,1199,224,93,4,1520,0,3,13,0,16,1199,227,106,4,1536,0,0,0,1536
05/19/2023,CLT,NC,ASO,ES,Combined TRACON& Tower with Radar,1183,219,65,4,1471,0,0,12,0,12,1183,219,77,4,1483,0,0,0,1483
05/20/2023,CLT,NC,ASO,ES,Combined TRACON& Tower with Radar,1104,204,30,2,1340,0,0,7,0,7,1104,204,37,2,1347,0,0,0,1347
05/21/2023,CLT,NC,ASO,ES,Combined TRACON& Tower with Radar,1187,217,52,0,1456,0,0,5,0,5,1187,217,57,0,1461,0,0,0,1461
05/22/2023,CLT,NC,ASO,ES,Combined TRACON& Tower with Radar,1177,231,57,0,1465,0,4,47,0,51,1177,235,104,0,1516,0,0,0,1516
05/23/2023,CLT,NC,ASO,ES,Combined TRACON& Tower with Radar,1086,203,77,7,1373,0,1,16,0,17,1086,204,93,7,1390,0,0,0,1390
05/24/2023,CLT,NC,ASO,ES,Combined TRACON& Tower with Radar,1180,215,82,3,1480,0,0,12,3,15,1180,215,94,6,1495,0,0,0,1495
05/25/2023,CLT,NC,ASO,ES,Combined TRACON& Tower with Radar,1191,254,86,7,1538,0,3,29,3,35,1191,257,115,10,1573,0,0,0,1573
05/26/2023,CLT,NC,ASO,ES,Combined TRACON& Tower with Radar,1194,226,58,2,1480,0,0,35,0,35,1194,226,93,2,1515,0,0,0,1515
05/27/2023,CLT,NC,ASO,ES,Combined TRACON& Tower with Radar,1000,184,22,1,1207,0,0,3,0,3,1000,184,25,1,1210,0,0,0,1210
05/28/2023,CLT,NC,ASO,ES,Combined TRACON& Tower with Radar,1095,201,26,1,1323,0,0,0,0,0,1095,201,26,1,1323,0,0,0,1323
05/29/2023,CLT,NC,ASO,ES,Combined TRACON& Tower with Radar,1188,211,46,1,1446,0,0,2,0,2,1188,211,48,1,1448,0,0,0,1448
05/30/2023,CLT,NC,ASO,ES,Combined TRACON& Tower with Radar,1072,202,67,0,1341,0,2,10,0,12,1072,204,77,0,1353,0,0,0,1353
05/31/2023,CLT,NC,ASO,ES,Combined TRACON& Tower with Radar,1184,224,84,5,1497,0,0,17,0,17,1184,224,101,5,1514,0,0,0,1514
06/01/2023,CLT,NC,ASO,ES,Combined TRACON& Tower with Radar,1224,213,67,2,1506,0,2,22,0,24,1224,215,89,2,1530,0,0,0,1530
06/02/2023,CLT,NC,ASO,ES,Combined TRACON& Tower with Radar,1240,248,67,0,1555,0,1,19,0,20,1240,249,86,0,1575,0,0,0,1575
06/03/2023,CLT,NC,ASO,ES,Combined TRACON& Tower with Radar,1142,195,25,5,1367,0,0,13,0,13,1142,195,38,5,1380,0,0,0,1380
06/04/2023,CLT,NC,ASO,ES,Combined TRACON& Tower with Radar,1275,238,57,1,1571,0,0,2,0,2,1275,238,59,1,1573,0,0,0,1573
06/05/2023,CLT,NC,ASO,ES,Combined TRACON& Tower with Radar,1275,238,60,1,1574,0,1,9,0,10,1275,239,69,1,1584,0,0,0,1584
06/06/2023,CLT,NC,ASO,ES,Combined TRACON& Tower with Radar,1124,221,56,1,1402,0,4,16,0,20,1124,225,72,1,1422,0,0,0,1422
06/07/2023,CLT,NC,ASO,ES,Combined TRACON& Tower with Radar,1127,208,69,5,1409,0,0,16,0,16,1127,208,85,5,1425,0,0,0,1425
06/08/2023,CLT,NC,ASO,ES,Combined TRACON& Tower with Radar,1269,235,64,5,1573,0,2,31,0,33,1269,237,95,5,1606,0,0,0,1606
06/09/2023,CLT,NC,ASO,ES,Combined TRACON& Tower with Radar,1259,239,71,2,1571,0,5,27,0,32,1259,244,98,2,1603,0,0,0,1603
06/10/2023,CLT,NC,ASO,ES,Combined TRACON& Tower with Radar,1209,212,19,0,1440,0,3,6,0,9,1209,215,25,0,1449,0,0,0,1449
06/11/2023,CLT,NC,ASO,ES,Combined TRACON& Tower with Radar,1246,229,47,0,1522,0,0,6,0,6,1246,229,53,0,1528,0,0,0,1528
06/12/2023,CLT,NC,ASO,ES,Combined TRACON& Tower with Radar,1248,243,52,1,1544,0,3,13,0,16,1248,246,65,1,1560,0,0,0,1560
06/13/2023,CLT,NC,ASO,ES,Combined TRACON& Tower with Radar,1153,201,49,4,1407,0,2,22,0,24,1153,203,71,4,1431,0,0,0,1431
06/14/2023,CLT,NC,ASO,ES,Combined TRACON& Tower with Radar,1125,211,76,2,1414,0,2,15,0,17,1125,213,91,2,1431,0,0,0,1431
06/15/2023,CLT,NC,ASO,ES,Combined TRACON& Tower with Radar,1245,230,83,5,1563,0,2,19,0,21,1245,232,102,5,1584,0,0,0,1584
06/16/2023,CLT,NC,ASO,ES,Combined TRACON& Tower with Radar,1256,238,59,0,1553,0,0,18,0,18,1256,238,77,0,1571,0,0,0,1571
06/17/2023,CLT,NC,ASO,ES,Combined TRACON& Tower with Radar,1205,210,20,0,1435,0,1,6,0,7,1205,211,26,0,1442,0,0,0,1442
06/18/2023,CLT,NC,ASO,ES,Combined TRACON& Tower with Radar,1251,230,25,0,1506,1,0,6,0,7,1252,230,31,0,1513,0,0,0,1513
06/19/2023,CLT,NC,ASO,ES,Combined TRACON& Tower with Radar,1194,217,48,0,1459,0,0,4,0,4,1194,217,52,0,1463,0,0,0,1463
06/20/2023,CLT,NC,ASO,ES,Combined TRACON& Tower with Radar,1121,209,60,2,1392,0,0,2,0,2,1121,209,62,2,1394,0,0,0,1394
06/21/2023,CLT,NC,ASO,ES,Combined TRACON& Tower with Radar,1239,241,56,4,1540,0,0,4,0,4,1239,241,60,4,1544,0,0,0,1544
06/22/2023,CLT,NC,ASO,ES,Combined TRACON& Tower with Radar,1240,233,73,1,1547,0,0,0,0,0,1240,233,73,1,1547,0,0,0,1547
06/23/2023,CLT,NC,ASO,ES,Combined TRACON& Tower with Radar,1262,247,49,1,1559,0,1,9,0,10,1262,248,58,1,1569,0,0,0,1569
06/24/2023,CLT,NC,ASO,ES,Combined TRACON& Tower with Radar,1223,204,32,4,1463,0,0,12,0,12,1223,204,44,4,1475,0,0,0,1475
06/25/2023,CLT,NC,ASO,ES,Combined TRACON& Tower with Radar,1235,231,38,0,1504,0,1,8,0,9,1235,232,46,0,1513,0,0,0,1513
06/26/2023,CLT,NC,ASO,ES,Combined TRACON& Tower with Radar,1162,240,70,1,1473,0,1,8,0,9,1162,241,78,1,1482,0,0,0,1482
06/27/2023,CLT,NC,ASO,ES,Combined TRACON& Tower with Radar,1105,215,81,2,1403,0,0,19,0,19,1105,215,100,2,1422,0,0,0,1422
06/28/2023,CLT,NC,ASO,ES,Combined TRACON& Tower with Radar,1258,245,71,3,1577,0,0,23,0,23,1258,245,94,3,1600,0,0,0,1600
06/29/2023,CLT,NC,ASO,ES,Combined TRACON& Tower with Radar,1265,242,87,7,1601,0,0,25,0,25,1265,242,112,7,1626,0,0,0,1626
06/30/2023,CLT,NC,ASO,ES,Combined TRACON& Tower with Radar,1265,244,44,1,1554,0,1,21,0,22,1265,245,65,1,1576,0,0,0,1576
07/01/2023,CLT,NC,ASO,ES,Combined TRACON& Tower with Radar,1211,212,38,0,1461,0,0,8,0,8,1211,212,46,0,1469,0,0,0,1469
07/02/2023,CLT,NC,ASO,ES,Combined TRACON& Tower with Radar,1236,212,21,1,1470,0,0,1,0,1,1236,212,22,1,1471,0,0,0,1471
07/03/2023,CLT,NC,ASO,ES,Combined TRACON& Tower with Radar,1026,182,22,0,1230,0,0,4,0,4,1026,182,26,0,1234,0,0,0,1234
07/04/2023,CLT,NC,ASO,ES,Combined TRACON& Tower with Radar,889,149,10,1,1049,0,0,10,0,10,889,149,20,1,1059,0,0,0,1059
07/05/2023,CLT,NC,ASO,ES,Combined TRACON& Tower with Radar,1191,227,38,0,1456,0,3,17,2,22,1191,230,55,2,1478,0,0,0,1478
07/06/2023,CLT,NC,ASO,ES,Combined TRACON& Tower with Radar,1294,242,39,7,1582,0,2,16,1,19,1294,244,55,8,1601,0,0,0,1601
07/07/2023,CLT,NC,ASO,ES,Combined TRACON& Tower with Radar,1213,226,37,0,1476,0,0,22,0,22,1213,226,59,0,1498,0,0,0,1498
07/08/2023,CLT,NC,ASO,ES,Combined TRACON& Tower with Radar,1192,220,43,0,1455,0,0,14,0,14,1192,220,57,0,1469,0,0,0,1469
07/09/2023,CLT,NC,ASO,ES,Combined TRACON& Tower with Radar,1193,215,37,1,1446,0,0,0,0,0,1193,215,37,1,1446,0,0,0,1446
07/10/2023,CLT,NC,ASO,ES,Combined TRACON& Tower with Radar,1266,238,40,4,1548,0,0,14,2,16,1266,238,54,6,1564,0,0,0,1564
07/11/2023,CLT,NC,ASO,ES,Combined TRACON& Tower with Radar,1117,215,47,8,1387,0,1,27,0,28,1117,216,74,8,1415,0,0,0,1415
07/12/2023,CLT,NC,ASO,ES,Combined TRACON& Tower with Radar,1253,233,65,2,1553,0,0,22,0,22,1253,233,87,2,1575,0,0,0,1575
07/13/2023,CLT,NC,ASO,ES,Combined TRACON& Tower with Radar,1251,231,58,6,1546,0,2,17,0,19,1251,233,75,6,1565,0,0,0,1565
07/14/2023,CLT,NC,ASO,ES,Combined TRACON& Tower with Radar,1204,235,56,3,1498,0,0,12,0,12,1204,235,68,3,1510,0,0,0,1510
07/15/2023,CLT,NC,ASO,ES,Combined TRACON& Tower with Radar,1174,201,41,1,1417,0,0,2,0,2,1174,201,43,1,1419,0,0,0,1419
07/16/2023,CLT,NC,ASO,ES,Combined TRACON& Tower with Radar,1164,244,54,0,1462,0,0,7,0,7,1164,244,61,0,1469,0,0,0,1469
07/17/2023,CLT,NC,ASO,ES,Combined TRACON& Tower with Radar,1250,244,63,0,1557,0,1,12,0,13,1250,245,75,0,1570,0,0,0,1570
07/18/2023,CLT,NC,ASO,ES,Combined TRACON& Tower with Radar,1124,221,60,7,1412,0,1,21,2,24,1124,222,81,9,1436,0,0,0,1436
07/19/2023,CLT,NC,ASO,ES,Combined TRACON& Tower with Radar,1253,249,53,2,1557,0,1,16,0,17,1253,250,69,2,1574,0,0,0,1574
07/20/2023,CLT,NC,ASO,ES,Combined TRACON& Tower with Radar,1244,236,65,2,1547,0,2,21,0,23,1244,238,86,2,1570,0,0,0,1570
07/21/2023,CLT,NC,ASO,ES,Combined TRACON& Tower with Radar,1264,227,35,2,1528,0,1,11,2,14,1264,228,46,4,1542,0,0,0,1542
07/22/2023,CLT,NC,ASO,ES,Combined TRACON& Tower with Radar,1208,223,27,0,1458,0,1,17,0,18,1208,224,44,0,1476,0,0,0,1476
07/23/2023,CLT,NC,ASO,ES,Combined TRACON& Tower with Radar,1065,211,41,1,1318,0,0,3,0,3,1065,211,44,1,1321,0,0,0,1321
07/24/2023,CLT,NC,ASO,ES,Combined TRACON& Tower with Radar,1259,262,63,3,1587,0,0,20,0,20,1259,262,83,3,1607,0,0,0,1607
07/25/2023,CLT,NC,ASO,ES,Combined TRACON& Tower with Radar,1112,226,84,3,1425,0,0,10,0,10,1112,226,94,3,1435,0,0,0,1435
07/26/2023,CLT,NC,ASO,ES,Combined TRACON& Tower with Radar,1249,251,68,5,1573,0,1,13,2,16,1249,252,81,7,1589,0,0,0,1589
07/27/2023,CLT,NC,ASO,ES,Combined TRACON& Tower with Radar,1241,244,102,4,1591,0,5,17,0,22,1241,249,119,4,1613,0,0,0,1613
07/28/2023,CLT,NC,ASO,ES,Combined TRACON& Tower with Radar,1241,224,72,0,1537,0,0,9,0,9,1241,224,81,0,1546,0,0,0,1546
07/29/2023,CLT,NC,ASO,ES,Combined TRACON& Tower with Radar,1137,219,25,0,1381,0,0,8,0,8,1137,219,33,0,1389,0,0,0,1389
07/30/2023,CLT,NC,ASO,ES,Combined TRACON& Tower with Radar,1249,239,53,0,1541,0,0,9,0,9,1249,239,62,0,1550,0,0,0,1550
07/31/2023,CLT,NC,ASO,ES,Combined TRACON& Tower with Radar,1286,243,51,1,1581,0,0,17,0,17,1286,243,68,1,1598,0,0,0,1598
08/01/2023,CLT,NC,ASO,ES,Combined TRACON& Tower with Radar,1120,215,61,4,1400,0,1,16,0,17,1120,216,77,4,1417,0,0,0,1417
08/02/2023,CLT,NC,ASO,ES,Combined TRACON& Tower with Radar,1250,245,79,2,1576,0,0,10,0,10,1250,245,89,2,1586,0,0,0,1586
08/03/2023,CLT,NC,ASO,ES,Combined TRACON& Tower with Radar,1254,261,64,2,1581,0,0,1,0,1,1254,261,65,2,1582,0,0,0,1582
08/04/2023,CLT,NC,ASO,ES,Combined TRACON& Tower with Radar,1262,232,35,1,1530,0,0,14,0,14,1262,232,49,1,1544,0,0,0,1544
08/05/2023,CLT,NC,ASO,ES,Combined TRACON& Tower with Radar,1174,212,26,0,1412,0,0,6,0,6,1174,212,32,0,1418,0,0,0,1418
08/06/2023,CLT,NC,ASO,ES,Combined TRACON& Tower with Radar,1114,207,35,2,1358,0,0,3,4,7,1114,207,38,6,1365,0,0,0,1365
08/07/2023,CLT,NC,ASO,ES,Combined TRACON& Tower with Radar,1085,211,60,0,1356,0,0,5,0,5,1085,211,65,0,1361,0,0,0,1361
08/08/2023,CLT,NC,ASO,ES,Combined TRACON& Tower with Radar,1236,235,66,4,1541,0,0,13,0,13,1236,235,79,4,1554,0,0,0,1554
08/09/2023,CLT,NC,ASO,ES,Combined TRACON& Tower with Radar,1246,244,59,2,1551,0,2,14,0,16,1246,246,73,2,1567,0,0,0,1567
08/10/2023,CLT,NC,ASO,ES,Combined TRACON& Tower with Radar,1199,229,63,4,1495,0,0,10,0,10,1199,229,73,4,1505,0,0,0,1505
08/11/2023,CLT,NC,ASO,ES,Combined TRACON& Tower with Radar,1246,220,48,1,1515,0,2,12,0,14,1246,222,60,1,1529,0,0,0,1529
08/12/2023,CLT,NC,ASO,ES,Combined TRACON& Tower with Radar,1202,225,33,1,1461,0,0,10,0,10,1202,225,43,1,1471,0,0,0,1471
08/13/2023,CLT,NC,ASO,ES,Combined TRACON& Tower with Radar,1240,216,28,0,1484,0,1,8,0,9,1240,217,36,0,1493,0,0,0,1493
08/14/2023,CLT,NC,ASO,ES,Combined TRACON& Tower with Radar,1240,224,50,0,1514,0,2,13,0,15,1240,226,63,0,1529,0,0,0,1529
08/15/2023,CLT,NC,ASO,ES,Combined TRACON& Tower with Radar,1210,240,38,4,1492,0,0,14,0,14,1210,240,52,4,1506,0,0,0,1506
08/16/2023,CLT,NC,ASO,ES,Combined TRACON& Tower with Radar,1242,241,67,2,1552,0,6,21,0,27,1242,247,88,2,1579,0,0,0,1579
08/17/2023,CLT,NC,ASO,ES,Combined TRACON& Tower with Radar,1231,239,69,4,1543,0,2,13,0,15,1231,241,82,4,1558,0,0,0,1558
08/18/2023,CLT,NC,ASO,ES,Combined TRACON& Tower with Radar,1230,235,43,1,1509,0,1,9,0,10,1230,236,52,1,1519,0,0,0,1519
08/19/2023,CLT,NC,ASO,ES,Combined TRACON& Tower with Radar,1186,217,14,0,1417,0,0,12,0,12,1186,217,26,0,1429,0,0,0,1429
08/20/2023,CLT,NC,ASO,ES,Combined TRACON& Tower with Radar,1229,231,33,0,1493,0,0,11,0,11,1229,231,44,0,1504,0,0,0,1504
08/21/2023,CLT,NC,ASO,ES,Combined TRACON& Tower with Radar,1227,220,49,6,1502,0,3,14,0,17,1227,223,63,6,1519,0,0,0,1519
08/22/2023,CLT,NC,ASO,ES,Combined TRACON& Tower with Radar,1206,224,73,6,1509,0,4,18,0,22,1206,228,91,6,1531,0,0,0,1531
08/23/2023,CLT,NC,ASO,ES,Combined TRACON& Tower with Radar,1238,243,71,2,1554,0,3,13,0,16,1238,246,84,2,1570,0,0,0,1570
08/24/2023,CLT,NC,ASO,ES,Combined TRACON& Tower with Radar,1235,225,76,4,1540,0,3,11,0,14,1235,228,87,4,1554,0,0,0,1554
08/25/2023,CLT,NC,ASO,ES,Combined TRACON& Tower with Radar,1230,231,59,0,1520,0,2,14,0,16,1230,233,73,0,1536,0,0,0,1536
08/26/2023,CLT,NC,ASO,ES,Combined TRACON& Tower with Radar,1119,202,27,0,1348,0,3,8,0,11,1119,205,35,0,1359,0,0,0,1359
08/27/2023,CLT,NC,ASO,ES,Combined TRACON& Tower with Radar,1158,220,35,1,1414,0,0,4,0,4,1158,220,39,1,1418,0,0,0,1418
08/28/2023,CLT,NC,ASO,ES,Combined TRACON& Tower with Radar,1255,248,51,2,1556,0,6,6,0,12,1255,254,57,2,1568,0,0,0,1568
08/29/2023,CLT,NC,ASO,ES,Combined TRACON& Tower with Radar,1151,223,66,7,1447,0,2,4,0,6,1151,225,70,7,1453,0,0,0,1453
08/30/2023,CLT,NC,ASO,ES,Combined TRACON& Tower with Radar,1167,229,54,6,1456,0,0,3,0,3,1167,229,57,6,1459,0,0,0,1459
08/31/2023,CLT,NC,ASO,ES,Combined TRACON& Tower with Radar,1233,240,78,6,1557,0,4,24,0,28,1233,244,102,6,1585,0,0,0,1585
