01/01/2020,CMA,CA,AWP,WE,Towers with Radar,0,3,9,1,13,0,3,116,1,120,0,6,125,2,133,88,0,88,221
01/02/2020,CMA,CA,AWP,WE,Towers with Radar,0,5,15,0,20,0,0,160,0,160,0,5,175,0,180,168,0,168,348
01/03/2020,CMA,CA,AWP,WE,Towers with Radar,0,6,29,1,36,0,0,185,1,186,0,6,214,2,222,276,0,276,498
01/04/2020,CMA,CA,AWP,WE,Towers with Radar,0,9,32,0,41,0,0,316,0,316,0,9,348,0,357,290,0,290,647
01/05/2020,CMA,CA,AWP,WE,Towers with Radar,0,9,27,1,37,0,0,205,0,205,0,9,232,1,242,244,0,244,486
01/06/2020,CMA,CA,AWP,WE,Towers with Radar,0,4,10,0,14,0,0,57,1,58,0,4,67,1,72,130,0,130,202
01/07/2020,CMA,CA,AWP,WE,Towers with Radar,0,6,31,1,38,0,1,203,0,204,0,7,234,1,242,272,10,282,524
01/08/2020,CMA,CA,AWP,WE,Towers with Radar,0,12,32,4,48,0,0,204,0,204,0,12,236,4,252,314,10,324,576
01/09/2020,CMA,CA,AWP,WE,Towers with Radar,0,7,29,1,37,0,0,102,5,107,0,7,131,6,144,243,18,261,405
01/10/2020,CMA,CA,AWP,WE,Towers with Radar,0,2,32,0,34,0,1,239,2,242,0,3,271,2,276,242,0,242,518
01/11/2020,CMA,CA,AWP,WE,Towers with Radar,0,4,28,0,32,0,0,224,0,224,0,4,252,0,256,264,0,264,520
01/12/2020,CMA,CA,AWP,WE,Towers with Radar,0,4,32,0,36,0,0,210,0,210,0,4,242,0,246,254,0,254,500
01/13/2020,CMA,CA,AWP,WE,Towers with Radar,0,5,26,1,32,0,0,187,3,190,0,5,213,4,222,182,0,182,404
01/14/2020,CMA,CA,AWP,WE,Towers with Radar,0,8,30,2,40,0,0,182,0,182,0,8,212,2,222,284,0,284,506
01/15/2020,CMA,CA,AWP,WE,Towers with Radar,0,12,28,3,43,0,1,184,1,186,0,13,212,4,229,314,14,328,557
01/16/2020,CMA,CA,AWP,WE,Towers with Radar,0,7,48,1,56,0,0,47,0,47,0,7,95,1,103,252,0,252,355
01/17/2020,CMA,CA,AWP,WE,Towers with Radar,0,5,36,1,42,0,1,199,1,201,0,6,235,2,243,306,0,306,549
01/18/2020,CMA,CA,AWP,WE,Towers with Radar,0,4,13,0,17,0,1,181,0,182,0,5,194,0,199,290,0,290,489
01/19/2020,CMA,CA,AWP,WE,Towers with Radar,0,4,29,0,33,0,1,179,4,184,0,5,208,4,217,216,4,220,437
01/20/2020,CMA,CA,AWP,WE,Towers with Radar,0,6,48,0,54,0,1,129,3,133,0,7,177,3,187,336,4,340,527
01/21/2020,CMA,CA,AWP,WE,Towers with Radar,0,8,40,4,52,0,1,146,0,147,0,9,186,4,199,308,0,308,507
01/22/2020,CMA,CA,AWP,WE,Towers with Radar,0,12,26,0,38,0,0,204,0,204,0,12,230,0,242,330,2,332,574
01/23/2020,CMA,CA,AWP,WE,Towers with Radar,0,6,18,0,24,0,0,230,0,230,0,6,248,0,254,246,0,246,500
01/24/2020,CMA,CA,AWP,WE,Towers with Radar,0,4,39,1,44,0,1,234,9,244,0,5,273,10,288,354,0,354,642
01/25/2020,CMA,CA,AWP,WE,Towers with Radar,0,5,32,0,37,0,1,138,0,139,0,6,170,0,176,190,0,190,366
01/26/2020,CMA,CA,AWP,WE,Towers with Radar,0,9,70,0,79,0,0,28,0,28,0,9,98,0,107,224,0,224,331
01/27/2020,CMA,CA,AWP,WE,Towers with Radar,0,5,34,0,39,0,1,158,3,162,0,6,192,3,201,276,0,276,477
01/28/2020,CMA,CA,AWP,WE,Towers with Radar,0,6,33,3,42,0,1,193,1,195,0,7,226,4,237,298,0,298,535
01/29/2020,CMA,CA,AWP,WE,Towers with Radar,0,5,23,0,28,0,0,70,0,70,0,5,93,0,98,122,0,122,220
01/30/2020,CMA,CA,AWP,WE,Towers with Radar,0,11,38,0,49,0,1,204,0,205,0,12,242,0,254,400,0,400,654
01/31/2020,CMA,CA,AWP,WE,Towers with Radar,0,12,24,0,36,0,0,179,0,179,0,12,203,0,215,316,0,316,531
02/01/2020,CMA,CA,AWP,WE,Towers with Radar,0,13,29,0,42,0,0,301,0,301,0,13,330,0,343,204,0,204,547
02/02/2020,CMA,CA,AWP,WE,Towers with Radar,0,1,23,0,24,0,0,121,0,121,0,1,144,0,145,182,0,182,327
02/03/2020,CMA,CA,AWP,WE,Towers with Radar,0,9,25,2,36,0,2,59,7,68,0,11,84,9,104,121,0,121,225
02/04/2020,CMA,CA,AWP,WE,Towers with Radar,0,8,15,2,25,0,0,55,0,55,0,8,70,2,80,50,0,50,130
02/05/2020,CMA,CA,AWP,WE,Towers with Radar,0,6,42,0,48,0,0,211,2,213,0,6,253,2,261,328,0,328,589
02/06/2020,CMA,CA,AWP,WE,Towers with Radar,0,10,32,0,42,0,0,270,2,272,0,10,302,2,314,402,0,402,716
02/07/2020,CMA,CA,AWP,WE,Towers with Radar,0,12,43,0,55,0,0,251,0,251,0,12,294,0,306,324,0,324,630
02/08/2020,CMA,CA,AWP,WE,Towers with Radar,0,3,49,0,52,0,0,255,0,255,0,3,304,0,307,224,0,224,531
02/09/2020,CMA,CA,AWP,WE,Towers with Radar,0,7,28,0,35,0,0,41,2,43,0,7,69,2,78,176,7,183,261
02/10/2020,CMA,CA,AWP,WE,Towers with Radar,0,6,14,2,22,0,1,41,1,43,0,7,55,3,65,16,0,16,81
02/11/2020,CMA,CA,AWP,WE,Towers with Radar,0,3,5,0,8,0,3,64,1,68,0,6,69,1,76,80,0,80,156
02/12/2020,CMA,CA,AWP,WE,Towers with Radar,0,5,40,0,45,0,1,255,0,256,0,6,295,0,301,424,0,424,725
02/13/2020,CMA,CA,AWP,WE,Towers with Radar,0,10,23,2,35,0,0,226,1,227,0,10,249,3,262,396,0,396,658
02/14/2020,CMA,CA,AWP,WE,Towers with Radar,0,13,39,0,52,0,0,189,0,189,0,13,228,0,241,220,0,220,461
02/15/2020,CMA,CA,AWP,WE,Towers with Radar,0,7,32,1,40,0,0,245,0,245,0,7,277,1,285,274,8,282,567
02/16/2020,CMA,CA,AWP,WE,Towers with Radar,0,11,32,0,43,0,0,256,0,256,0,11,288,0,299,330,0,330,629
02/17/2020,CMA,CA,AWP,WE,Towers with Radar,0,9,39,0,48,0,1,257,6,264,0,10,296,6,312,262,28,290,602
02/18/2020,CMA,CA,AWP,WE,Towers with Radar,0,6,39,2,47,0,0,133,1,134,0,6,172,3,181,380,0,380,561
02/19/2020,CMA,CA,AWP,WE,Towers with Radar,0,15,56,0,71,0,0,136,2,138,0,15,192,2,209,302,0,302,511
02/20/2020,CMA,CA,AWP,WE,Towers with Radar,0,19,41,0,60,0,3,239,2,244,0,22,280,2,304,240,4,244,548
02/21/2020,CMA,CA,AWP,WE,Towers with Radar,0,14,40,0,54,0,0,193,0,193,0,14,233,0,247,182,0,182,429
02/22/2020,CMA,CA,AWP,WE,Towers with Radar,0,6,25,1,32,0,1,73,0,74,0,7,98,1,106,276,0,276,382
02/23/2020,CMA,CA,AWP,WE,Towers with Radar,0,10,46,2,58,0,1,233,1,235,0,11,279,3,293,252,0,252,545
02/24/2020,CMA,CA,AWP,WE,Towers with Radar,0,11,34,0,45,0,2,176,0,178,0,13,210,0,223,306,0,306,529
02/25/2020,CMA,CA,AWP,WE,Towers with Radar,0,12,19,1,32,0,1,39,2,42,0,13,58,3,74,8,0,8,82
02/26/2020,CMA,CA,AWP,WE,Towers with Radar,0,7,33,0,40,0,0,145,0,145,0,7,178,0,185,112,0,112,297
02/27/2020,CMA,CA,AWP,WE,Towers with Radar,0,10,46,0,56,0,3,211,0,214,0,13,257,0,270,218,0,218,488
02/28/2020,CMA,CA,AWP,WE,Towers with Radar,0,13,47,0,60,0,1,223,0,224,0,14,270,0,284,364,0,364,648
02/29/2020,CMA,CA,AWP,WE,Towers with Radar,0,4,33,0,37,0,0,287,0,287,0,4,320,0,324,286,0,286,610
03/01/2020,CMA,CA,AWP,WE,Towers with Radar,0,12,26,0,38,0,1,100,0,101,0,13,126,0,139,186,0,186,325
03/02/2020,CMA,CA,AWP,WE,Towers with Radar,0,4,16,0,20,0,2,107,0,109,0,6,123,0,129,200,0,200,329
03/03/2020,CMA,CA,AWP,WE,Towers with Radar,0,10,36,0,46,0,2,206,4,212,0,12,242,4,258,368,0,368,626
03/04/2020,CMA,CA,AWP,WE,Towers with Radar,0,18,40,0,58,0,0,152,0,152,0,18,192,0,210,434,0,434,644
03/05/2020,CMA,CA,AWP,WE,Towers with Radar,0,14,35,0,49,0,0,174,0,174,0,14,209,0,223,268,0,268,491
03/06/2020,CMA,CA,AWP,WE,Towers with Radar,0,16,51,2,69,0,0,198,0,198,0,16,249,2,267,166,0,166,433
03/07/2020,CMA,CA,AWP,WE,Towers with Radar,0,2,67,0,69,0,0,75,0,75,0,2,142,0,144,296,0,296,440
03/08/2020,CMA,CA,AWP,WE,Towers with Radar,0,14,40,0,54,0,0,199,0,199,0,14,239,0,253,382,0,382,635
03/09/2020,CMA,CA,AWP,WE,Towers with Radar,0,9,33,2,44,0,3,116,1,120,0,12,149,3,164,234,0,234,398
03/10/2020,CMA,CA,AWP,WE,Towers with Radar,0,11,28,2,41,0,0,3,0,3,0,11,31,2,44,12,0,12,56
03/11/2020,CMA,CA,AWP,WE,Towers with Radar,0,6,31,0,37,0,0,63,2,65,0,6,94,2,102,250,0,250,352
03/12/2020,CMA,CA,AWP,WE,Towers with Radar,0,19,31,0,50,0,1,56,2,59,0,20,87,2,109,202,0,202,311
03/13/2020,CMA,CA,AWP,WE,Towers with Radar,0,17,56,0,73,0,0,7,0,7,0,17,63,0,80,12,0,12,92
03/14/2020,CMA,CA,AWP,WE,Towers with Radar,0,7,44,0,51,0,0,52,0,52,0,7,96,0,103,198,0,198,301
03/15/2020,CMA,CA,AWP,WE,Towers with Radar,0,14,49,0,63,0,0,79,1,80,0,14,128,1,143,302,0,302,445
03/16/2020,CMA,CA,AWP,WE,Towers with Radar,0,15,25,0,40,0,0,5,0,5,0,15,30,0,45,54,0,54,99
03/17/2020,CMA,CA,AWP,WE,Towers with Radar,0,4,25,2,31,0,0,83,0,83,0,4,108,2,114,288,0,288,402
03/18/2020,CMA,CA,AWP,WE,Towers with Radar,0,1,35,0,36,0,2,154,0,156,0,3,189,0,192,208,0,208,400
03/19/2020,CMA,CA,AWP,WE,Towers with Radar,0,0,18,1,19,0,0,82,0,82,0,0,100,1,101,260,0,260,361
03/20/2020,CMA,CA,AWP,WE,Towers with Radar,0,4,8,0,12,0,0,56,0,56,0,4,64,0,68,92,0,92,160
03/21/2020,CMA,CA,AWP,WE,Towers with Radar,0,0,20,0,20,0,0,153,0,153,0,0,173,0,173,164,0,164,337
03/22/2020,CMA,CA,AWP,WE,Towers with Radar,0,1,10,0,11,0,0,44,1,45,0,1,54,1,56,114,0,114,170
03/23/2020,CMA,CA,AWP,WE,Towers with Radar,0,1,29,0,30,0,0,62,0,62,0,1,91,0,92,234,0,234,326
03/24/2020,CMA,CA,AWP,WE,Towers with Radar,0,1,31,2,34,0,0,54,0,54,0,1,85,2,88,110,0,110,198
03/25/2020,CMA,CA,AWP,WE,Towers with Radar,0,4,23,0,27,0,0,79,0,79,0,4,102,0,106,230,0,230,336
03/26/2020,CMA,CA,AWP,WE,Towers with Radar,0,0,23,0,23,0,0,92,0,92,0,0,115,0,115,164,0,164,279
03/27/2020,CMA,CA,AWP,WE,Towers with Radar,0,2,22,0,24,0,0,139,0,139,0,2,161,0,163,266,0,266,429
03/28/2020,CMA,CA,AWP,WE,Towers with Radar,0,0,23,0,23,0,0,206,0,206,0,0,229,0,229,223,0,223,452
03/29/2020,CMA,CA,AWP,WE,Towers with Radar,0,4,24,0,28,0,0,110,0,110,0,4,134,0,138,136,0,136,274
03/30/2020,CMA,CA,AWP,WE,Towers with Radar,0,5,16,0,21,0,0,124,0,124,0,5,140,0,145,218,0,218,363
03/31/2020,CMA,CA,AWP,WE,Towers with Radar,0,3,10,0,13,0,0,124,1,125,0,3,134,1,138,288,0,288,426
04/01/2020,CMA,CA,AWP,WE,Towers with Radar,0,6,16,1,23,0,1,129,5,135,0,7,145,6,158,218,0,218,376
04/02/2020,CMA,CA,AWP,WE,Towers with Radar,0,3,25,1,29,0,0,96,1,97,0,3,121,2,126,112,0,112,238
04/03/2020,CMA,CA,AWP,WE,Towers with Radar,0,9,15,0,24,0,0,130,0,130,0,9,145,0,154,150,0,150,304
04/04/2020,CMA,CA,AWP,WE,Towers with Radar,0,0,36,0,36,0,0,78,0,78,0,0,114,0,114,156,0,156,270
04/05/2020,CMA,CA,AWP,WE,Towers with Radar,0,3,23,0,26,0,0,5,0,5,0,3,28,0,31,42,0,42,73
04/06/2020,CMA,CA,AWP,WE,Towers with Radar,0,1,11,0,12,0,0,32,0,32,0,1,43,0,44,54,0,54,98
04/07/2020,CMA,CA,AWP,WE,Towers with Radar,0,1,9,0,10,0,0,30,0,30,0,1,39,0,40,130,0,130,170
04/08/2020,CMA,CA,AWP,WE,Towers with Radar,0,1,12,0,13,0,0,38,0,38,0,1,50,0,51,96,0,96,147
04/09/2020,CMA,CA,AWP,WE,Towers with Radar,0,3,14,0,17,0,0,8,0,8,0,3,22,0,25,24,0,24,49
04/10/2020,CMA,CA,AWP,WE,Towers with Radar,0,2,16,0,18,0,0,65,0,65,0,2,81,0,83,102,0,102,185
04/11/2020,CMA,CA,AWP,WE,Towers with Radar,0,1,19,0,20,0,0,245,0,245,0,1,264,0,265,302,0,302,567
04/12/2020,CMA,CA,AWP,WE,Towers with Radar,0,3,28,0,31,0,0,10,0,10,0,3,38,0,41,74,0,74,115
04/13/2020,CMA,CA,AWP,WE,Towers with Radar,0,3,31,0,34,0,0,58,0,58,0,3,89,0,92,170,0,170,262
04/14/2020,CMA,CA,AWP,WE,Towers with Radar,0,1,10,2,13,0,0,87,3,90,0,1,97,5,103,96,0,96,199
04/15/2020,CMA,CA,AWP,WE,Towers with Radar,0,0,16,0,16,0,0,209,1,210,0,0,225,1,226,248,0,248,474
04/16/2020,CMA,CA,AWP,WE,Towers with Radar,0,0,35,0,35,0,0,171,0,171,0,0,206,0,206,246,0,246,452
04/17/2020,CMA,CA,AWP,WE,Towers with Radar,0,0,10,0,10,0,0,94,0,94,0,0,104,0,104,304,0,304,408
04/18/2020,CMA,CA,AWP,WE,Towers with Radar,0,2,21,0,23,0,0,59,0,59,0,2,80,0,82,98,0,98,180
04/19/2020,CMA,CA,AWP,WE,Towers with Radar,0,0,34,1,35,0,0,59,1,60,0,0,93,2,95,144,0,144,239
04/20/2020,CMA,CA,AWP,WE,Towers with Radar,0,3,19,0,22,0,0,45,0,45,0,3,64,0,67,102,0,102,169
04/21/2020,CMA,CA,AWP,WE,Towers with Radar,0,1,25,0,26,0,0,152,0,152,0,1,177,0,178,308,0,308,486
04/22/2020,CMA,CA,AWP,WE,Towers with Radar,0,0,25,0,25,0,0,176,0,176,0,0,201,0,201,320,0,320,521
04/23/2020,CMA,CA,AWP,WE,Towers with Radar,0,3,29,0,32,0,0,135,1,136,0,3,164,1,168,294,0,294,462
04/24/2020,CMA,CA,AWP,WE,Towers with Radar,0,3,14,0,17,0,0,146,0,146,0,3,160,0,163,242,0,242,405
04/25/2020,CMA,CA,AWP,WE,Towers with Radar,0,3,12,0,15,0,0,184,0,184,0,3,196,0,199,162,0,162,361
04/26/2020,CMA,CA,AWP,WE,Towers with Radar,0,1,12,0,13,0,0,188,0,188,0,1,200,0,201,106,0,106,307
04/27/2020,CMA,CA,AWP,WE,Towers with Radar,0,2,26,0,28,0,0,115,0,115,0,2,141,0,143,142,0,142,285
04/28/2020,CMA,CA,AWP,WE,Towers with Radar,0,0,39,0,39,0,0,137,2,139,0,0,176,2,178,274,0,274,452
04/29/2020,CMA,CA,AWP,WE,Towers with Radar,0,3,46,0,49,0,0,17,0,17,0,3,63,0,66,90,0,90,156
04/30/2020,CMA,CA,AWP,WE,Towers with Radar,0,2,40,0,42,0,0,96,4,100,0,2,136,4,142,206,0,206,348
05/01/2020,CMA,CA,AWP,WE,Towers with Radar,0,5,36,0,41,0,0,165,0,165,0,5,201,0,206,268,0,268,474
05/02/2020,CMA,CA,AWP,WE,Towers with Radar,0,4,20,0,24,0,0,167,0,167,0,4,187,0,191,194,0,194,385
05/03/2020,CMA,CA,AWP,WE,Towers with Radar,0,2,26,0,28,0,0,167,0,167,0,2,193,0,195,152,0,152,347
05/04/2020,CMA,CA,AWP,WE,Towers with Radar,0,0,22,0,22,0,0,122,0,122,0,0,144,0,144,170,0,170,314
05/05/2020,CMA,CA,AWP,WE,Towers with Radar,0,6,10,0,16,0,0,135,0,135,0,6,145,0,151,280,0,280,431
05/06/2020,CMA,CA,AWP,WE,Towers with Radar,0,2,17,2,21,0,0,118,0,118,0,2,135,2,139,224,0,224,363
05/07/2020,CMA,CA,AWP,WE,Towers with Radar,0,7,51,0,58,0,0,114,0,114,0,7,165,0,172,224,0,224,396
05/08/2020,CMA,CA,AWP,WE,Towers with Radar,0,4,32,0,36,0,0,154,0,154,0,4,186,0,190,312,0,312,502
05/09/2020,CMA,CA,AWP,WE,Towers with Radar,0,0,40,0,40,0,0,83,0,83,0,0,123,0,123,180,0,180,303
05/10/2020,CMA,CA,AWP,WE,Towers with Radar,0,2,34,0,36,0,0,6,0,6,0,2,40,0,42,14,0,14,56
05/11/2020,CMA,CA,AWP,WE,Towers with Radar,0,1,27,0,28,0,0,113,0,113,0,1,140,0,141,184,0,184,325
05/12/2020,CMA,CA,AWP,WE,Towers with Radar,0,2,34,0,36,0,0,46,2,48,0,2,80,2,84,180,0,180,264
05/13/2020,CMA,CA,AWP,WE,Towers with Radar,0,8,24,0,32,0,0,149,2,151,0,8,173,2,183,268,0,268,451
05/14/2020,CMA,CA,AWP,WE,Towers with Radar,0,0,23,0,23,0,0,144,0,144,0,0,167,0,167,222,0,222,389
05/15/2020,CMA,CA,AWP,WE,Towers with Radar,0,4,15,0,19,0,0,140,0,140,0,4,155,0,159,208,0,208,367
05/16/2020,CMA,CA,AWP,WE,Towers with Radar,0,3,14,0,17,0,0,168,0,168,0,3,182,0,185,240,0,240,425
05/17/2020,CMA,CA,AWP,WE,Towers with Radar,0,2,22,0,24,0,0,149,2,151,0,2,171,2,175,252,0,252,427
05/18/2020,CMA,CA,AWP,WE,Towers with Radar,0,3,32,4,39,0,0,27,0,27,0,3,59,4,66,58,24,82,148
05/19/2020,CMA,CA,AWP,WE,Towers with Radar,0,1,29,0,30,0,0,94,0,94,0,1,123,0,124,64,0,64,188
05/20/2020,CMA,CA,AWP,WE,Towers with Radar,0,13,21,0,34,0,0,164,0,164,0,13,185,0,198,160,0,160,358
05/21/2020,CMA,CA,AWP,WE,Towers with Radar,0,6,19,0,25,0,0,178,2,180,0,6,197,2,205,236,0,236,441
05/22/2020,CMA,CA,AWP,WE,Towers with Radar,0,8,26,0,34,0,0,154,0,154,0,8,180,0,188,250,0,250,438
05/23/2020,CMA,CA,AWP,WE,Towers with Radar,0,6,26,0,32,0,0,163,0,163,0,6,189,0,195,224,0,224,419
05/24/2020,CMA,CA,AWP,WE,Towers with Radar,0,6,12,0,18,0,0,125,0,125,0,6,137,0,143,176,0,176,319
05/25/2020,CMA,CA,AWP,WE,Towers with Radar,0,2,24,0,26,0,0,161,0,161,0,2,185,0,187,232,0,232,419
05/26/2020,CMA,CA,AWP,WE,Towers with Radar,0,2,24,0,26,0,0,107,0,107,0,2,131,0,133,220,0,220,353
05/27/2020,CMA,CA,AWP,WE,Towers with Radar,0,2,38,0,40,0,0,109,1,110,0,2,147,1,150,186,0,186,336
05/28/2020,CMA,CA,AWP,WE,Towers with Radar,0,3,45,0,48,0,0,84,0,84,0,3,129,0,132,168,0,168,300
05/29/2020,CMA,CA,AWP,WE,Towers with Radar,0,9,75,0,84,0,0,28,0,28,0,9,103,0,112,114,0,114,226
05/30/2020,CMA,CA,AWP,WE,Towers with Radar,0,2,26,0,28,0,0,131,0,131,0,2,157,0,159,320,0,320,479
05/31/2020,CMA,CA,AWP,WE,Towers with Radar,0,7,29,0,36,0,0,171,0,171,0,7,200,0,207,244,0,244,451
06/01/2020,CMA,CA,AWP,WE,Towers with Radar,0,10,23,0,33,0,0,113,0,113,0,10,136,0,146,204,0,204,350
06/02/2020,CMA,CA,AWP,WE,Towers with Radar,0,3,19,0,22,0,2,138,0,140,0,5,157,0,162,254,0,254,416
06/03/2020,CMA,CA,AWP,WE,Towers with Radar,0,3,22,1,26,0,1,165,1,167,0,4,187,2,193,266,0,266,459
06/04/2020,CMA,CA,AWP,WE,Towers with Radar,0,9,40,0,49,0,0,128,0,128,0,9,168,0,177,288,0,288,465
06/05/2020,CMA,CA,AWP,WE,Towers with Radar,0,11,70,0,81,0,0,71,0,71,0,11,141,0,152,308,0,308,460
06/06/2020,CMA,CA,AWP,WE,Towers with Radar,0,5,52,0,57,0,0,152,0,152,0,5,204,0,209,278,0,278,487
06/07/2020,CMA,CA,AWP,WE,Towers with Radar,0,6,31,0,37,0,3,273,0,276,0,9,304,0,313,230,0,230,543
06/08/2020,CMA,CA,AWP,WE,Towers with Radar,0,8,10,0,18,0,0,58,0,58,0,8,68,0,76,124,0,124,200
06/09/2020,CMA,CA,AWP,WE,Towers with Radar,0,6,22,0,28,0,1,174,1,176,0,7,196,1,204,264,0,264,468
06/10/2020,CMA,CA,AWP,WE,Towers with Radar,0,2,23,0,25,0,3,209,0,212,0,5,232,0,237,344,0,344,581
06/11/2020,CMA,CA,AWP,WE,Towers with Radar,0,1,25,0,26,0,0,212,0,212,0,1,237,0,238,312,0,312,550
06/12/2020,CMA,CA,AWP,WE,Towers with Radar,0,6,61,0,67,0,0,191,0,191,0,6,252,0,258,300,0,300,558
06/13/2020,CMA,CA,AWP,WE,Towers with Radar,0,5,34,0,39,0,0,249,0,249,0,5,283,0,288,262,0,262,550
06/14/2020,CMA,CA,AWP,WE,Towers with Radar,0,7,29,0,36,0,0,245,1,246,0,7,274,1,282,230,0,230,512
06/15/2020,CMA,CA,AWP,WE,Towers with Radar,0,9,40,0,49,0,0,187,1,188,0,9,227,1,237,236,0,236,473
06/16/2020,CMA,CA,AWP,WE,Towers with Radar,0,6,56,0,62,0,1,81,0,82,0,7,137,0,144,392,0,392,536
06/17/2020,CMA,CA,AWP,WE,Towers with Radar,0,6,59,0,65,0,0,118,1,119,0,6,177,1,184,308,0,308,492
06/18/2020,CMA,CA,AWP,WE,Towers with Radar,0,9,66,0,75,0,0,28,1,29,0,9,94,1,104,340,0,340,444
06/19/2020,CMA,CA,AWP,WE,Towers with Radar,0,3,85,0,88,0,0,92,0,92,0,3,177,0,180,444,0,444,624
06/20/2020,CMA,CA,AWP,WE,Towers with Radar,0,10,136,0,146,0,0,65,0,65,0,10,201,0,211,350,0,350,561
06/21/2020,CMA,CA,AWP,WE,Towers with Radar,0,9,66,0,75,0,0,56,0,56,0,9,122,0,131,181,0,181,312
06/22/2020,CMA,CA,AWP,WE,Towers with Radar,0,7,51,1,59,0,0,100,1,101,0,7,151,2,160,220,0,220,380
06/23/2020,CMA,CA,AWP,WE,Towers with Radar,0,6,58,0,64,0,1,131,2,134,0,7,189,2,198,240,0,240,438
06/24/2020,CMA,CA,AWP,WE,Towers with Radar,0,8,66,2,76,0,0,107,0,107,0,8,173,2,183,298,0,298,481
06/25/2020,CMA,CA,AWP,WE,Towers with Radar,0,4,56,0,60,0,0,142,0,142,0,4,198,0,202,274,0,274,476
06/26/2020,CMA,CA,AWP,WE,Towers with Radar,0,6,78,0,84,0,0,135,0,135,0,6,213,0,219,210,0,210,429
06/27/2020,CMA,CA,AWP,WE,Towers with Radar,0,2,58,1,61,0,0,153,0,153,0,2,211,1,214,254,0,254,468
06/28/2020,CMA,CA,AWP,WE,Towers with Radar,0,6,66,0,72,0,0,50,0,50,0,6,116,0,122,194,0,194,316
06/29/2020,CMA,CA,AWP,WE,Towers with Radar,0,9,22,0,31,0,0,154,0,154,0,9,176,0,185,356,0,356,541
06/30/2020,CMA,CA,AWP,WE,Towers with Radar,0,6,27,1,34,0,3,190,0,193,0,9,217,1,227,236,0,236,463
07/01/2020,CMA,CA,AWP,WE,Towers with Radar,0,14,47,0,61,0,1,124,0,125,0,15,171,0,186,330,0,330,516
07/02/2020,CMA,CA,AWP,WE,Towers with Radar,0,12,45,0,57,0,0,179,2,181,0,12,224,2,238,230,0,230,468
07/03/2020,CMA,CA,AWP,WE,Towers with Radar,0,10,37,0,47,0,0,279,0,279,0,10,316,0,326,254,0,254,580
07/04/2020,CMA,CA,AWP,WE,Towers with Radar,0,7,22,0,29,0,1,180,0,181,0,8,202,0,210,182,0,182,392
07/05/2020,CMA,CA,AWP,WE,Towers with Radar,0,11,34,0,45,0,1,210,0,211,0,12,244,0,256,146,0,146,402
07/06/2020,CMA,CA,AWP,WE,Towers with Radar,0,11,46,0,57,0,0,170,0,170,0,11,216,0,227,214,0,214,441
07/07/2020,CMA,CA,AWP,WE,Towers with Radar,0,8,21,0,29,0,2,158,0,160,0,10,179,0,189,226,0,226,415
07/08/2020,CMA,CA,AWP,WE,Towers with Radar,0,9,33,0,42,0,0,190,0,190,0,9,223,0,232,426,0,426,658
07/09/2020,CMA,CA,AWP,WE,Towers with Radar,0,6,37,0,43,0,0,228,0,228,0,6,265,0,271,218,0,218,489
07/10/2020,CMA,CA,AWP,WE,Towers with Radar,0,8,40,0,48,0,0,217,0,217,0,8,257,0,265,304,0,304,569
07/11/2020,CMA,CA,AWP,WE,Towers with Radar,0,12,33,0,45,0,0,254,0,254,0,12,287,0,299,294,0,294,593
07/12/2020,CMA,CA,AWP,WE,Towers with Radar,0,9,24,0,33,0,0,204,0,204,0,9,228,0,237,236,0,236,473
07/13/2020,CMA,CA,AWP,WE,Towers with Radar,0,3,40,0,43,0,0,156,0,156,0,3,196,0,199,296,0,296,495
07/14/2020,CMA,CA,AWP,WE,Towers with Radar,0,4,32,0,36,0,1,141,0,142,0,5,173,0,178,226,0,226,404
07/15/2020,CMA,CA,AWP,WE,Towers with Radar,0,12,66,0,78,0,0,163,0,163,0,12,229,0,241,270,0,270,511
07/16/2020,CMA,CA,AWP,WE,Towers with Radar,0,10,56,0,66,0,1,192,1,194,0,11,248,1,260,280,0,280,540
07/17/2020,CMA,CA,AWP,WE,Towers with Radar,0,6,31,0,37,0,0,245,0,245,0,6,276,0,282,296,0,296,578
07/18/2020,CMA,CA,AWP,WE,Towers with Radar,0,2,27,0,29,0,1,272,0,273,0,3,299,0,302,266,0,266,568
07/19/2020,CMA,CA,AWP,WE,Towers with Radar,0,7,52,0,59,0,1,181,0,182,0,8,233,0,241,226,0,226,467
07/20/2020,CMA,CA,AWP,WE,Towers with Radar,0,6,25,1,32,0,3,198,1,202,0,9,223,2,234,210,0,210,444
07/21/2020,CMA,CA,AWP,WE,Towers with Radar,0,6,29,0,35,0,1,195,0,196,0,7,224,0,231,324,0,324,555
07/22/2020,CMA,CA,AWP,WE,Towers with Radar,0,8,77,2,87,0,2,110,0,112,0,10,187,2,199,176,0,176,375
07/23/2020,CMA,CA,AWP,WE,Towers with Radar,0,8,47,0,55,0,1,182,0,183,0,9,229,0,238,440,0,440,678
07/24/2020,CMA,CA,AWP,WE,Towers with Radar,0,4,31,0,35,0,0,197,1,198,0,4,228,1,233,360,0,360,593
07/25/2020,CMA,CA,AWP,WE,Towers with Radar,0,8,44,0,52,0,1,202,0,203,0,9,246,0,255,258,0,258,513
07/26/2020,CMA,CA,AWP,WE,Towers with Radar,0,23,40,0,63,0,0,248,0,248,0,23,288,0,311,220,0,220,531
07/27/2020,CMA,CA,AWP,WE,Towers with Radar,0,6,40,0,46,0,0,71,0,71,0,6,111,0,117,240,0,240,357
07/28/2020,CMA,CA,AWP,WE,Towers with Radar,0,6,33,2,41,0,0,122,0,122,0,6,155,2,163,172,0,172,335
07/29/2020,CMA,CA,AWP,WE,Towers with Radar,0,8,77,0,85,0,0,120,2,122,0,8,197,2,207,272,0,272,479
07/30/2020,CMA,CA,AWP,WE,Towers with Radar,0,5,37,2,44,0,0,187,0,187,0,5,224,2,231,314,0,314,545
07/31/2020,CMA,CA,AWP,WE,Towers with Radar,0,5,27,0,32,0,0,253,0,253,0,5,280,0,285,324,0,324,609
08/01/2020,CMA,CA,AWP,WE,Towers with Radar,0,9,14,0,23,0,0,256,0,256,0,9,270,0,279,274,0,274,553
08/02/2020,CMA,CA,AWP,WE,Towers with Radar,0,11,32,0,43,0,0,240,1,241,0,11,272,1,284,244,0,244,528
08/03/2020,CMA,CA,AWP,WE,Towers with Radar,0,14,25,0,39,0,0,162,0,162,0,14,187,0,201,254,2,256,457
08/04/2020,CMA,CA,AWP,WE,Towers with Radar,0,7,48,0,55,0,0,81,0,81,0,7,129,0,136,366,0,366,502
08/05/2020,CMA,CA,AWP,WE,Towers with Radar,0,17,60,0,77,0,0,114,0,114,0,17,174,0,191,312,0,312,503
08/06/2020,CMA,CA,AWP,WE,Towers with Radar,0,5,44,0,49,0,0,154,0,154,0,5,198,0,203,314,0,314,517
08/07/2020,CMA,CA,AWP,WE,Towers with Radar,0,6,25,1,32,0,2,285,0,287,0,8,310,1,319,248,0,248,567
08/08/2020,CMA,CA,AWP,WE,Towers with Radar,0,3,23,0,26,0,0,213,0,213,0,3,236,0,239,384,0,384,623
08/09/2020,CMA,CA,AWP,WE,Towers with Radar,0,9,31,0,40,0,0,259,0,259,0,9,290,0,299,190,0,190,489
08/10/2020,CMA,CA,AWP,WE,Towers with Radar,0,10,45,1,56,0,0,181,2,183,0,10,226,3,239,318,0,318,557
08/11/2020,CMA,CA,AWP,WE,Towers with Radar,0,10,30,0,40,0,2,149,1,152,0,12,179,1,192,186,0,186,378
08/12/2020,CMA,CA,AWP,WE,Towers with Radar,0,18,24,0,42,0,1,183,0,184,0,19,207,0,226,190,0,190,416
08/13/2020,CMA,CA,AWP,WE,Towers with Radar,0,8,37,0,45,0,0,214,0,214,0,8,251,0,259,254,0,254,513
08/14/2020,CMA,CA,AWP,WE,Towers with Radar,0,12,31,0,43,0,0,235,0,235,0,12,266,0,278,408,0,408,686
08/15/2020,CMA,CA,AWP,WE,Towers with Radar,0,10,14,1,25,0,0,217,0,217,0,10,231,1,242,100,0,100,342
08/16/2020,CMA,CA,AWP,WE,Towers with Radar,0,8,24,0,32,0,0,194,1,195,0,8,218,1,227,212,0,212,439
08/17/2020,CMA,CA,AWP,WE,Towers with Radar,0,14,15,2,31,0,0,178,1,179,0,14,193,3,210,242,0,242,452
08/18/2020,CMA,CA,AWP,WE,Towers with Radar,0,6,21,0,27,0,0,164,1,165,0,6,185,1,192,374,0,374,566
08/19/2020,CMA,CA,AWP,WE,Towers with Radar,0,17,25,2,44,0,0,175,0,175,0,17,200,2,219,260,0,260,479
08/20/2020,CMA,CA,AWP,WE,Towers with Radar,0,9,40,0,49,0,4,143,0,147,0,13,183,0,196,282,0,282,478
08/21/2020,CMA,CA,AWP,WE,Towers with Radar,0,5,42,0,47,0,0,113,0,113,0,5,155,0,160,292,0,292,452
08/22/2020,CMA,CA,AWP,WE,Towers with Radar,0,5,31,0,36,0,0,139,0,139,0,5,170,0,175,182,0,182,357
08/23/2020,CMA,CA,AWP,WE,Towers with Radar,0,8,28,0,36,0,1,196,0,197,0,9,224,0,233,156,0,156,389
08/24/2020,CMA,CA,AWP,WE,Towers with Radar,0,3,37,0,40,0,0,107,0,107,0,3,144,0,147,174,0,174,321
08/25/2020,CMA,CA,AWP,WE,Towers with Radar,0,3,30,1,34,0,0,126,0,126,0,3,156,1,160,244,0,244,404
08/26/2020,CMA,CA,AWP,WE,Towers with Radar,0,7,21,0,28,0,0,170,0,170,0,7,191,0,198,270,0,270,468
08/27/2020,CMA,CA,AWP,WE,Towers with Radar,0,14,24,0,38,0,0,244,0,244,0,14,268,0,282,296,0,296,578
08/28/2020,CMA,CA,AWP,WE,Towers with Radar,0,6,32,0,38,0,0,204,0,204,0,6,236,0,242,294,0,294,536
08/29/2020,CMA,CA,AWP,WE,Towers with Radar,0,9,44,0,53,0,0,240,0,240,0,9,284,0,293,312,0,312,605
08/30/2020,CMA,CA,AWP,WE,Towers with Radar,0,8,52,0,60,0,0,234,2,236,0,8,286,2,296,258,0,258,554
08/31/2020,CMA,CA,AWP,WE,Towers with Radar,0,7,45,0,52,0,0,157,0,157,0,7,202,0,209,258,0,258,467
09/01/2020,CMA,CA,AWP,WE,Towers with Radar,0,7,46,0,53,0,0,163,0,163,0,7,209,0,216,280,0,280,496
09/02/2020,CMA,CA,AWP,WE,Towers with Radar,0,12,47,0,59,0,0,182,0,182,0,12,229,0,241,390,0,390,631
09/03/2020,CMA,CA,AWP,WE,Towers with Radar,0,6,41,0,47,0,0,199,0,199,0,6,240,0,246,320,0,320,566
09/04/2020,CMA,CA,AWP,WE,Towers with Radar,0,12,31,0,43,0,1,263,2,266,0,13,294,2,309,296,0,296,605
09/05/2020,CMA,CA,AWP,WE,Towers with Radar,0,4,27,3,34,0,0,198,0,198,0,4,225,3,232,192,0,192,424
09/06/2020,CMA,CA,AWP,WE,Towers with Radar,0,4,31,0,35,0,0,122,0,122,0,4,153,0,157,158,0,158,315
09/07/2020,CMA,CA,AWP,WE,Towers with Radar,0,5,35,2,42,0,0,105,0,105,0,5,140,2,147,138,0,138,285
09/08/2020,CMA,CA,AWP,WE,Towers with Radar,0,6,57,3,66,0,0,35,0,35,0,6,92,3,101,226,0,226,327
09/09/2020,CMA,CA,AWP,WE,Towers with Radar,0,8,33,3,44,0,0,110,3,113,0,8,143,6,157,250,0,250,407
09/10/2020,CMA,CA,AWP,WE,Towers with Radar,0,9,45,1,55,0,0,109,2,111,0,9,154,3,166,372,0,372,538
09/11/2020,CMA,CA,AWP,WE,Towers with Radar,0,8,56,1,65,0,0,132,0,132,0,8,188,1,197,272,0,272,469
09/12/2020,CMA,CA,AWP,WE,Towers with Radar,0,7,37,0,44,0,0,84,0,84,0,7,121,0,128,332,0,332,460
09/13/2020,CMA,CA,AWP,WE,Towers with Radar,0,8,61,0,69,0,0,71,0,71,0,8,132,0,140,110,0,110,250
09/14/2020,CMA,CA,AWP,WE,Towers with Radar,0,12,45,4,61,0,2,42,0,44,0,14,87,4,105,128,0,128,233
09/15/2020,CMA,CA,AWP,WE,Towers with Radar,0,6,49,0,55,0,1,73,0,74,0,7,122,0,129,130,0,130,259
09/16/2020,CMA,CA,AWP,WE,Towers with Radar,0,13,33,0,46,0,0,139,2,141,0,13,172,2,187,360,0,360,547
09/17/2020,CMA,CA,AWP,WE,Towers with Radar,0,7,31,0,38,0,2,204,0,206,0,9,235,0,244,312,0,312,556
09/18/2020,CMA,CA,AWP,WE,Towers with Radar,0,6,33,0,39,0,3,250,0,253,0,9,283,0,292,348,0,348,640
09/19/2020,CMA,CA,AWP,WE,Towers with Radar,0,9,29,0,38,0,2,274,1,277,0,11,303,1,315,182,0,182,497
09/20/2020,CMA,CA,AWP,WE,Towers with Radar,0,6,34,2,42,0,0,234,0,234,0,6,268,2,276,184,0,184,460
09/21/2020,CMA,CA,AWP,WE,Towers with Radar,0,4,33,3,40,0,0,140,0,140,0,4,173,3,180,176,2,178,358
09/22/2020,CMA,CA,AWP,WE,Towers with Radar,0,13,53,0,66,0,0,177,1,178,0,13,230,1,244,264,0,264,508
09/23/2020,CMA,CA,AWP,WE,Towers with Radar,0,5,27,1,33,0,0,192,0,192,0,5,219,1,225,238,0,238,463
09/24/2020,CMA,CA,AWP,WE,Towers with Radar,0,12,36,2,50,0,1,207,5,213,0,13,243,7,263,352,8,360,623
09/25/2020,CMA,CA,AWP,WE,Towers with Radar,0,10,66,1,77,0,1,205,13,219,0,11,271,14,296,296,12,308,604
09/26/2020,CMA,CA,AWP,WE,Towers with Radar,0,7,41,0,48,0,0,223,0,223,0,7,264,0,271,306,0,306,577
09/27/2020,CMA,CA,AWP,WE,Towers with Radar,0,7,50,0,57,0,0,172,0,172,0,7,222,0,229,268,0,268,497
09/28/2020,CMA,CA,AWP,WE,Towers with Radar,0,7,44,4,55,0,0,141,1,142,0,7,185,5,197,270,0,270,467
09/29/2020,CMA,CA,AWP,WE,Towers with Radar,0,5,44,0,49,0,2,165,0,167,0,7,209,0,216,334,0,334,550
09/30/2020,CMA,CA,AWP,WE,Towers with Radar,0,12,26,0,38,0,2,164,0,166,0,14,190,0,204,264,0,264,468
10/01/2020,CMA,CA,AWP,WE,Towers with Radar,0,10,25,0,35,0,0,172,3,175,0,10,197,3,210,232,0,232,442
10/02/2020,CMA,CA,AWP,WE,Towers with Radar,0,12,28,2,42,0,0,207,0,207,0,12,235,2,249,256,0,256,505
10/03/2020,CMA,CA,AWP,WE,Towers with Radar,0,1,27,0,28,0,0,225,3,228,0,1,252,3,256,284,0,284,540
10/04/2020,CMA,CA,AWP,WE,Towers with Radar,0,8,35,0,43,0,0,192,0,192,0,8,227,0,235,202,0,202,437
10/05/2020,CMA,CA,AWP,WE,Towers with Radar,0,6,43,0,49,0,1,142,0,143,0,7,185,0,192,328,0,328,520
10/06/2020,CMA,CA,AWP,WE,Towers with Radar,0,4,33,0,37,0,2,164,0,166,0,6,197,0,203,340,0,340,543
10/07/2020,CMA,CA,AWP,WE,Towers with Radar,0,5,51,2,58,0,0,211,0,211,0,5,262,2,269,248,4,252,521
10/08/2020,CMA,CA,AWP,WE,Towers with Radar,0,14,77,0,91,0,0,84,0,84,0,14,161,0,175,196,0,196,371
10/09/2020,CMA,CA,AWP,WE,Towers with Radar,0,12,84,0,96,0,0,75,1,76,0,12,159,1,172,208,0,208,380
10/10/2020,CMA,CA,AWP,WE,Towers with Radar,0,10,65,0,75,0,0,139,0,139,0,10,204,0,214,252,0,252,466
10/11/2020,CMA,CA,AWP,WE,Towers with Radar,0,8,44,0,52,0,1,248,0,249,0,9,292,0,301,260,0,260,561
10/12/2020,CMA,CA,AWP,WE,Towers with Radar,0,10,27,0,37,0,0,196,0,196,0,10,223,0,233,272,0,272,505
10/13/2020,CMA,CA,AWP,WE,Towers with Radar,0,7,26,0,33,0,2,207,0,209,0,9,233,0,242,324,0,324,566
10/14/2020,CMA,CA,AWP,WE,Towers with Radar,0,18,35,2,55,0,0,240,0,240,0,18,275,2,295,227,0,227,522
10/15/2020,CMA,CA,AWP,WE,Towers with Radar,0,10,36,0,46,0,0,212,1,213,0,10,248,1,259,326,0,326,585
10/16/2020,CMA,CA,AWP,WE,Towers with Radar,0,11,36,0,47,0,1,147,3,151,0,12,183,3,198,252,4,256,454
10/17/2020,CMA,CA,AWP,WE,Towers with Radar,0,13,25,0,38,0,2,266,1,269,0,15,291,1,307,276,0,276,583
10/18/2020,CMA,CA,AWP,WE,Towers with Radar,0,16,57,0,73,0,0,183,0,183,0,16,240,0,256,200,0,200,456
10/19/2020,CMA,CA,AWP,WE,Towers with Radar,0,19,49,1,69,0,0,146,0,146,0,19,195,1,215,182,0,182,397
10/20/2020,CMA,CA,AWP,WE,Towers with Radar,0,13,73,2,88,0,0,64,2,66,0,13,137,4,154,102,0,102,256
10/21/2020,CMA,CA,AWP,WE,Towers with Radar,0,16,76,0,92,0,0,42,0,42,0,16,118,0,134,222,0,222,356
10/22/2020,CMA,CA,AWP,WE,Towers with Radar,0,14,76,3,93,0,1,70,0,71,0,15,146,3,164,216,0,216,380
10/23/2020,CMA,CA,AWP,WE,Towers with Radar,0,16,79,2,97,0,0,79,1,80,0,16,158,3,177,376,0,376,553
10/24/2020,CMA,CA,AWP,WE,Towers with Radar,0,8,73,0,81,0,0,123,0,123,0,8,196,0,204,342,0,342,546
10/25/2020,CMA,CA,AWP,WE,Towers with Radar,0,14,58,1,73,0,0,81,0,81,0,14,139,1,154,230,0,230,384
10/26/2020,CMA,CA,AWP,WE,Towers with Radar,0,10,18,0,28,0,0,12,0,12,0,10,30,0,40,0,0,0,40
10/27/2020,CMA,CA,AWP,WE,Towers with Radar,0,6,28,2,36,0,2,108,3,113,0,8,136,5,149,164,0,164,313
10/28/2020,CMA,CA,AWP,WE,Towers with Radar,0,7,47,1,55,0,0,215,0,215,0,7,262,1,270,228,0,228,498
10/29/2020,CMA,CA,AWP,WE,Towers with Radar,0,13,31,0,44,0,0,212,0,212,0,13,243,0,256,318,0,318,574
10/30/2020,CMA,CA,AWP,WE,Towers with Radar,0,11,42,0,53,0,0,251,1,252,0,11,293,1,305,228,0,228,533
10/31/2020,CMA,CA,AWP,WE,Towers with Radar,0,1,28,0,29,0,1,254,0,255,0,2,282,0,284,236,0,236,520
11/01/2020,CMA,CA,AWP,WE,Towers with Radar,0,13,27,0,40,0,0,190,0,190,0,13,217,0,230,200,0,200,430
11/02/2020,CMA,CA,AWP,WE,Towers with Radar,0,15,32,2,49,0,0,108,0,108,0,15,140,2,157,228,0,228,385
11/03/2020,CMA,CA,AWP,WE,Towers with Radar,0,6,33,2,41,0,1,107,0,108,0,7,140,2,149,206,0,206,355
11/04/2020,CMA,CA,AWP,WE,Towers with Radar,0,6,29,0,35,0,0,167,0,167,0,6,196,0,202,266,0,266,468
11/05/2020,CMA,CA,AWP,WE,Towers with Radar,0,20,33,0,53,0,0,177,1,178,0,20,210,1,231,384,0,384,615
11/06/2020,CMA,CA,AWP,WE,Towers with Radar,0,7,65,0,72,0,0,115,4,119,0,7,180,4,191,266,0,266,457
11/07/2020,CMA,CA,AWP,WE,Towers with Radar,0,5,21,0,26,0,0,44,0,44,0,5,65,0,70,84,0,84,154
11/08/2020,CMA,CA,AWP,WE,Towers with Radar,0,13,19,0,32,0,0,24,0,24,0,13,43,0,56,0,0,0,56
11/09/2020,CMA,CA,AWP,WE,Towers with Radar,0,8,26,0,34,0,1,201,1,203,0,9,227,1,237,342,0,342,579
11/10/2020,CMA,CA,AWP,WE,Towers with Radar,0,9,27,2,38,0,3,184,0,187,0,12,211,2,225,348,0,348,573
11/11/2020,CMA,CA,AWP,WE,Towers with Radar,0,10,31,0,41,0,0,280,0,280,0,10,311,0,321,270,0,270,591
11/12/2020,CMA,CA,AWP,WE,Towers with Radar,0,4,27,0,31,0,0,227,0,227,0,4,254,0,258,302,0,302,560
11/13/2020,CMA,CA,AWP,WE,Towers with Radar,0,19,21,1,41,0,1,206,0,207,0,20,227,1,248,332,0,332,580
11/14/2020,CMA,CA,AWP,WE,Towers with Radar,0,5,18,0,23,0,2,256,0,258,0,7,274,0,281,280,0,280,561
11/15/2020,CMA,CA,AWP,WE,Towers with Radar,0,8,30,0,38,0,0,216,0,216,0,8,246,0,254,282,0,282,536
11/16/2020,CMA,CA,AWP,WE,Towers with Radar,0,13,32,0,45,0,0,140,0,140,0,13,172,0,185,196,0,196,381
11/17/2020,CMA,CA,AWP,WE,Towers with Radar,0,4,24,0,28,0,1,178,1,180,0,5,202,1,208,236,0,236,444
11/18/2020,CMA,CA,AWP,WE,Towers with Radar,0,12,59,0,71,0,0,90,0,90,0,12,149,0,161,186,0,186,347
11/19/2020,CMA,CA,AWP,WE,Towers with Radar,0,3,48,2,53,0,0,187,0,187,0,3,235,2,240,250,0,250,490
11/20/2020,CMA,CA,AWP,WE,Towers with Radar,0,12,31,0,43,0,1,236,0,237,0,13,267,0,280,256,0,256,536
11/21/2020,CMA,CA,AWP,WE,Towers with Radar,0,11,28,0,39,0,0,320,0,320,0,11,348,0,359,245,0,245,604
11/22/2020,CMA,CA,AWP,WE,Towers with Radar,0,8,35,0,43,0,0,243,0,243,0,8,278,0,286,232,0,232,518
11/23/2020,CMA,CA,AWP,WE,Towers with Radar,1,13,29,1,44,0,3,172,0,175,1,16,201,1,219,306,0,306,525
11/24/2020,CMA,CA,AWP,WE,Towers with Radar,0,6,41,2,49,0,3,215,2,220,0,9,256,4,269,244,0,244,513
11/25/2020,CMA,CA,AWP,WE,Towers with Radar,0,8,40,0,48,0,0,206,0,206,0,8,246,0,254,364,0,364,618
11/26/2020,CMA,CA,AWP,WE,Towers with Radar,0,2,9,0,11,0,0,33,0,33,0,2,42,0,44,60,0,60,104
11/27/2020,CMA,CA,AWP,WE,Towers with Radar,0,8,10,0,18,0,0,58,0,58,0,8,68,0,76,66,0,66,142
11/28/2020,CMA,CA,AWP,WE,Towers with Radar,0,2,24,0,26,0,0,201,1,202,0,2,225,1,228,204,0,204,432
11/29/2020,CMA,CA,AWP,WE,Towers with Radar,0,17,38,1,56,0,0,211,3,214,0,17,249,4,270,118,6,124,394
11/30/2020,CMA,CA,AWP,WE,Towers with Radar,0,8,23,0,31,0,0,173,0,173,0,8,196,0,204,299,0,299,503
12/01/2020,CMA,CA,AWP,WE,Towers with Radar,0,12,36,0,48,0,0,172,0,172,0,12,208,0,220,332,0,332,552
12/02/2020,CMA,CA,AWP,WE,Towers with Radar,0,9,22,0,31,0,0,154,0,154,0,9,176,0,185,158,0,158,343
12/03/2020,CMA,CA,AWP,WE,Towers with Radar,0,5,7,0,12,0,0,61,3,64,0,5,68,3,76,46,4,50,126
12/04/2020,CMA,CA,AWP,WE,Towers with Radar,0,12,30,0,42,0,1,177,0,178,0,13,207,0,220,338,0,338,558
12/05/2020,CMA,CA,AWP,WE,Towers with Radar,0,9,21,0,30,0,2,280,0,282,0,11,301,0,312,334,0,334,646
12/06/2020,CMA,CA,AWP,WE,Towers with Radar,0,5,42,0,47,0,0,279,1,280,0,5,321,1,327,300,0,300,627
12/07/2020,CMA,CA,AWP,WE,Towers with Radar,0,5,19,2,26,0,2,17,0,19,0,7,36,2,45,6,0,6,51
12/08/2020,CMA,CA,AWP,WE,Towers with Radar,0,9,14,2,25,0,0,54,1,55,0,9,68,3,80,98,0,98,178
12/09/2020,CMA,CA,AWP,WE,Towers with Radar,0,4,40,1,45,0,1,241,1,243,0,5,281,2,288,418,0,418,706
12/10/2020,CMA,CA,AWP,WE,Towers with Radar,0,10,32,0,42,0,0,210,1,211,0,10,242,1,253,370,0,370,623
12/11/2020,CMA,CA,AWP,WE,Towers with Radar,0,8,39,2,49,0,0,164,0,164,0,8,203,2,213,440,0,440,653
12/12/2020,CMA,CA,AWP,WE,Towers with Radar,0,7,43,0,50,0,3,113,0,116,0,10,156,0,166,350,0,350,516
12/13/2020,CMA,CA,AWP,WE,Towers with Radar,0,15,42,0,57,0,0,182,0,182,0,15,224,0,239,260,0,260,499
12/14/2020,CMA,CA,AWP,WE,Towers with Radar,0,2,20,0,22,0,0,135,0,135,0,2,155,0,157,354,0,354,511
12/15/2020,CMA,CA,AWP,WE,Towers with Radar,0,5,24,0,29,0,3,103,0,106,0,8,127,0,135,152,0,152,287
12/16/2020,CMA,CA,AWP,WE,Towers with Radar,0,12,25,1,38,0,0,221,0,221,0,12,246,1,259,386,0,386,645
12/17/2020,CMA,CA,AWP,WE,Towers with Radar,0,6,38,0,44,0,1,134,0,135,0,7,172,0,179,276,0,276,455
12/18/2020,CMA,CA,AWP,WE,Towers with Radar,0,6,34,0,40,0,0,113,0,113,0,6,147,0,153,112,0,112,265
12/19/2020,CMA,CA,AWP,WE,Towers with Radar,0,8,34,1,43,0,0,273,0,273,0,8,307,1,316,438,0,438,754
12/20/2020,CMA,CA,AWP,WE,Towers with Radar,0,8,28,2,38,0,0,211,0,211,0,8,239,2,249,274,0,274,523
12/21/2020,CMA,CA,AWP,WE,Towers with Radar,0,3,53,2,58,0,0,233,0,233,0,3,286,2,291,312,0,312,603
12/22/2020,CMA,CA,AWP,WE,Towers with Radar,0,6,50,3,59,0,1,206,0,207,0,7,256,3,266,216,0,216,482
12/23/2020,CMA,CA,AWP,WE,Towers with Radar,0,4,10,0,14,0,2,32,0,34,0,6,42,0,48,8,0,8,56
12/24/2020,CMA,CA,AWP,WE,Towers with Radar,0,3,6,0,9,0,0,41,0,41,0,3,47,0,50,62,0,62,112
12/25/2020,CMA,CA,AWP,WE,Towers with Radar,0,1,8,0,9,0,0,59,0,59,0,1,67,0,68,92,0,92,160
12/26/2020,CMA,CA,AWP,WE,Towers with Radar,0,9,28,0,37,0,0,232,0,232,0,9,260,0,269,164,0,164,433
12/27/2020,CMA,CA,AWP,WE,Towers with Radar,0,7,37,0,44,0,0,126,0,126,0,7,163,0,170,244,0,244,414
12/28/2020,CMA,CA,AWP,WE,Towers with Radar,0,8,10,0,18,0,0,3,0,3,0,8,13,0,21,34,0,34,55
12/29/2020,CMA,CA,AWP,WE,Towers with Radar,0,5,38,0,43,0,2,258,0,260,0,7,296,0,303,212,0,212,515
12/30/2020,CMA,CA,AWP,WE,Towers with Radar,0,7,20,0,27,0,1,243,0,244,0,8,263,0,271,218,0,218,489
12/31/2020,CMA,CA,AWP,WE,Towers with Radar,0,10,14,0,24,0,1,147,0,148,0,11,161,0,172,340,0,340,512
01/01/2021,CMA,CA,AWP,WE,Towers with Radar,0,5,3,0,8,0,0,66,0,66,0,5,69,0,74,114,0,114,188
01/02/2021,CMA,CA,AWP,WE,Towers with Radar,0,15,34,2,51,0,0,193,2,195,0,15,227,4,246,272,0,272,518
01/03/2021,CMA,CA,AWP,WE,Towers with Radar,0,12,41,2,55,0,0,131,0,131,0,12,172,2,186,187,0,187,373
01/04/2021,CMA,CA,AWP,WE,Towers with Radar,0,6,29,0,35,0,0,121,0,121,0,6,150,0,156,274,0,274,430
01/05/2021,CMA,CA,AWP,WE,Towers with Radar,0,11,26,2,39,0,2,140,0,142,0,13,166,2,181,266,0,266,447
01/06/2021,CMA,CA,AWP,WE,Towers with Radar,0,6,40,0,46,0,0,152,0,152,0,6,192,0,198,314,0,314,512
01/07/2021,CMA,CA,AWP,WE,Towers with Radar,0,14,26,0,40,0,0,176,1,177,0,14,202,1,217,228,8,236,453
01/08/2021,CMA,CA,AWP,WE,Towers with Radar,0,11,37,0,48,0,0,203,0,203,0,11,240,0,251,278,0,278,529
01/09/2021,CMA,CA,AWP,WE,Towers with Radar,0,6,4,0,10,0,1,84,2,87,0,7,88,2,97,192,0,192,289
01/10/2021,CMA,CA,AWP,WE,Towers with Radar,1,12,44,0,57,0,0,173,3,176,1,12,217,3,233,154,0,154,387
01/11/2021,CMA,CA,AWP,WE,Towers with Radar,0,5,31,0,36,0,1,122,0,123,0,6,153,0,159,214,0,214,373
01/12/2021,CMA,CA,AWP,WE,Towers with Radar,0,14,21,0,35,0,1,179,0,180,0,15,200,0,215,350,0,350,565
01/13/2021,CMA,CA,AWP,WE,Towers with Radar,0,2,21,0,23,0,0,165,0,165,0,2,186,0,188,340,0,340,528
01/14/2021,CMA,CA,AWP,WE,Towers with Radar,0,16,20,0,36,0,0,57,4,61,0,16,77,4,97,72,0,72,169
01/15/2021,CMA,CA,AWP,WE,Towers with Radar,0,9,35,2,46,0,3,103,0,106,0,12,138,2,152,100,0,100,252
01/16/2021,CMA,CA,AWP,WE,Towers with Radar,0,5,18,0,23,0,0,126,2,128,0,5,144,2,151,234,0,234,385
01/17/2021,CMA,CA,AWP,WE,Towers with Radar,0,11,24,0,35,0,1,176,0,177,0,12,200,0,212,160,0,160,372
01/18/2021,CMA,CA,AWP,WE,Towers with Radar,0,7,19,0,26,0,0,78,0,78,0,7,97,0,104,116,0,116,220
01/19/2021,CMA,CA,AWP,WE,Towers with Radar,0,6,4,0,10,0,0,11,0,11,0,6,15,0,21,2,0,2,23
01/20/2021,CMA,CA,AWP,WE,Towers with Radar,0,6,11,0,17,0,0,19,0,19,0,6,30,0,36,8,0,8,44
01/21/2021,CMA,CA,AWP,WE,Towers with Radar,0,9,44,0,53,0,0,222,0,222,0,9,266,0,275,326,0,326,601
01/22/2021,CMA,CA,AWP,WE,Towers with Radar,0,6,73,0,79,0,0,114,1,115,0,6,187,1,194,460,0,460,654
01/23/2021,CMA,CA,AWP,WE,Towers with Radar,0,8,43,0,51,0,0,47,2,49,0,8,90,2,100,306,0,306,406
01/24/2021,CMA,CA,AWP,WE,Towers with Radar,0,8,33,0,41,0,0,246,0,246,0,8,279,0,287,300,0,300,587
01/25/2021,CMA,CA,AWP,WE,Towers with Radar,0,7,13,0,20,0,0,4,0,4,0,7,17,0,24,0,0,0,24
01/26/2021,CMA,CA,AWP,WE,Towers with Radar,0,7,28,1,36,0,4,206,4,214,0,11,234,5,250,350,0,350,600
01/27/2021,CMA,CA,AWP,WE,Towers with Radar,0,2,11,0,13,0,0,8,0,8,0,2,19,0,21,44,0,44,65
01/28/2021,CMA,CA,AWP,WE,Towers with Radar,0,6,11,0,17,0,0,18,0,18,0,6,29,0,35,76,0,76,111
01/29/2021,CMA,CA,AWP,WE,Towers with Radar,0,10,33,0,43,0,0,32,0,32,0,10,65,0,75,222,0,222,297
01/30/2021,CMA,CA,AWP,WE,Towers with Radar,0,6,53,0,59,0,0,389,1,390,0,6,442,1,449,326,0,326,775
01/31/2021,CMA,CA,AWP,WE,Towers with Radar,0,10,20,0,30,0,0,178,0,178,0,10,198,0,208,242,0,242,450
02/01/2021,CMA,CA,AWP,WE,Towers with Radar,0,6,23,0,29,0,0,197,0,197,0,6,220,0,226,449,0,449,675
02/02/2021,CMA,CA,AWP,WE,Towers with Radar,0,5,31,0,36,0,2,199,0,201,0,7,230,0,237,362,0,362,599
02/03/2021,CMA,CA,AWP,WE,Towers with Radar,0,9,31,0,40,0,1,199,0,200,0,10,230,0,240,336,0,336,576
02/04/2021,CMA,CA,AWP,WE,Towers with Radar,0,7,59,0,66,0,1,169,0,170,0,8,228,0,236,244,0,244,480
02/05/2021,CMA,CA,AWP,WE,Towers with Radar,0,10,51,0,61,0,0,227,0,227,0,10,278,0,288,296,0,296,584
02/06/2021,CMA,CA,AWP,WE,Towers with Radar,0,10,31,0,41,0,1,236,1,238,0,11,267,1,279,216,0,216,495
02/07/2021,CMA,CA,AWP,WE,Towers with Radar,0,7,36,0,43,0,1,191,0,192,0,8,227,0,235,214,0,214,449
02/08/2021,CMA,CA,AWP,WE,Towers with Radar,0,12,40,0,52,0,0,71,0,71,0,12,111,0,123,128,0,128,251
02/09/2021,CMA,CA,AWP,WE,Towers with Radar,0,13,81,0,94,0,0,77,0,77,0,13,158,0,171,349,0,349,520
02/10/2021,CMA,CA,AWP,WE,Towers with Radar,0,18,32,0,50,0,2,211,0,213,0,20,243,0,263,286,0,286,549
02/11/2021,CMA,CA,AWP,WE,Towers with Radar,0,5,44,0,49,0,0,216,0,216,0,5,260,0,265,306,0,306,571
02/12/2021,CMA,CA,AWP,WE,Towers with Radar,0,15,36,0,51,0,0,145,0,145,0,15,181,0,196,216,0,216,412
02/13/2021,CMA,CA,AWP,WE,Towers with Radar,0,10,32,0,42,0,0,132,0,132,0,10,164,0,174,220,0,220,394
02/14/2021,CMA,CA,AWP,WE,Towers with Radar,0,10,23,0,33,0,0,153,0,153,0,10,176,0,186,252,0,252,438
02/15/2021,CMA,CA,AWP,WE,Towers with Radar,0,9,51,0,60,0,2,180,0,182,0,11,231,0,242,306,4,310,552
02/16/2021,CMA,CA,AWP,WE,Towers with Radar,0,9,30,0,39,0,1,104,0,105,0,10,134,0,144,300,0,300,444
02/17/2021,CMA,CA,AWP,WE,Towers with Radar,0,6,45,1,52,0,0,184,5,189,0,6,229,6,241,322,0,322,563
02/18/2021,CMA,CA,AWP,WE,Towers with Radar,0,18,32,0,50,0,0,134,0,134,0,18,166,0,184,200,0,200,384
02/19/2021,CMA,CA,AWP,WE,Towers with Radar,0,11,42,0,53,0,1,280,0,281,0,12,322,0,334,264,0,264,598
02/20/2021,CMA,CA,AWP,WE,Towers with Radar,0,5,16,0,21,0,0,136,1,137,0,5,152,1,158,148,0,148,306
02/21/2021,CMA,CA,AWP,WE,Towers with Radar,0,16,22,0,38,0,0,89,0,89,0,16,111,0,127,112,0,112,239
02/22/2021,CMA,CA,AWP,WE,Towers with Radar,0,10,14,0,24,0,1,54,0,55,0,11,68,0,79,94,0,94,173
02/23/2021,CMA,CA,AWP,WE,Towers with Radar,0,5,25,0,30,0,2,213,0,215,0,7,238,0,245,296,0,296,541
02/24/2021,CMA,CA,AWP,WE,Towers with Radar,0,2,36,1,39,0,0,192,2,194,0,2,228,3,233,290,0,290,523
02/25/2021,CMA,CA,AWP,WE,Towers with Radar,0,3,25,0,28,0,0,46,2,48,0,3,71,2,76,118,0,118,194
02/26/2021,CMA,CA,AWP,WE,Towers with Radar,0,5,54,1,60,0,0,293,2,295,0,5,347,3,355,300,0,300,655
02/27/2021,CMA,CA,AWP,WE,Towers with Radar,0,4,32,0,36,0,0,173,0,173,0,4,205,0,209,328,0,328,537
02/28/2021,CMA,CA,AWP,WE,Towers with Radar,0,11,11,0,22,0,0,36,0,36,0,11,47,0,58,12,0,12,70
03/01/2021,CMA,CA,AWP,WE,Towers with Radar,0,12,18,0,30,0,1,137,0,138,0,13,155,0,168,340,0,340,508
03/02/2021,CMA,CA,AWP,WE,Towers with Radar,0,0,0,0,0,0,2,210,3,215,0,2,210,3,215,344,0,344,559
03/03/2021,CMA,CA,AWP,WE,Towers with Radar,0,5,5,0,10,0,7,87,0,94,0,12,92,0,104,290,0,290,394
03/04/2021,CMA,CA,AWP,WE,Towers with Radar,0,5,8,0,13,0,3,264,2,269,0,8,272,2,282,306,0,306,588
03/05/2021,CMA,CA,AWP,WE,Towers with Radar,0,13,41,0,54,0,0,266,0,266,0,13,307,0,320,330,0,330,650
03/06/2021,CMA,CA,AWP,WE,Towers with Radar,0,5,27,0,32,0,2,290,1,293,0,7,317,1,325,252,0,252,577
03/07/2021,CMA,CA,AWP,WE,Towers with Radar,0,3,36,0,39,0,0,70,0,70,0,3,106,0,109,108,0,108,217
03/08/2021,CMA,CA,AWP,WE,Towers with Radar,0,7,36,1,44,0,0,182,0,182,0,7,218,1,226,202,0,202,428
03/09/2021,CMA,CA,AWP,WE,Towers with Radar,0,8,19,2,29,0,2,104,1,107,0,10,123,3,136,158,0,158,294
03/10/2021,CMA,CA,AWP,WE,Towers with Radar,0,6,24,0,30,0,0,39,1,40,0,6,63,1,70,146,0,146,216
03/11/2021,CMA,CA,AWP,WE,Towers with Radar,0,14,39,0,53,0,0,95,0,95,0,14,134,0,148,352,0,352,500
03/12/2021,CMA,CA,AWP,WE,Towers with Radar,0,9,38,0,47,0,0,175,2,177,0,9,213,2,224,312,0,312,536
03/13/2021,CMA,CA,AWP,WE,Towers with Radar,0,12,43,0,55,0,2,260,0,262,0,14,303,0,317,298,0,298,615
03/14/2021,CMA,CA,AWP,WE,Towers with Radar,1,15,74,0,90,0,0,130,1,131,1,15,204,1,221,292,0,292,513
03/15/2021,CMA,CA,AWP,WE,Towers with Radar,0,11,14,0,25,0,0,22,0,22,0,11,36,0,47,52,0,52,99
03/16/2021,CMA,CA,AWP,WE,Towers with Radar,0,6,33,0,39,0,3,240,0,243,0,9,273,0,282,326,0,326,608
03/17/2021,CMA,CA,AWP,WE,Towers with Radar,0,17,30,0,47,0,1,216,0,217,0,18,246,0,264,354,0,354,618
03/18/2021,CMA,CA,AWP,WE,Towers with Radar,0,25,20,0,45,0,0,199,0,199,0,25,219,0,244,297,0,297,541
03/19/2021,CMA,CA,AWP,WE,Towers with Radar,0,18,38,2,58,0,2,227,0,229,0,20,265,2,287,298,2,300,587
03/20/2021,CMA,CA,AWP,WE,Towers with Radar,0,9,42,0,51,0,0,224,0,224,0,9,266,0,275,310,0,310,585
03/21/2021,CMA,CA,AWP,WE,Towers with Radar,0,21,32,0,53,0,1,234,0,235,0,22,266,0,288,134,0,134,422
03/22/2021,CMA,CA,AWP,WE,Towers with Radar,0,6,26,0,32,0,0,195,0,195,0,6,221,0,227,362,0,362,589
03/23/2021,CMA,CA,AWP,WE,Towers with Radar,0,15,28,0,43,0,0,161,0,161,0,15,189,0,204,232,0,232,436
03/24/2021,CMA,CA,AWP,WE,Towers with Radar,0,16,23,0,39,0,0,114,2,116,0,16,137,2,155,218,0,218,373
03/25/2021,CMA,CA,AWP,WE,Towers with Radar,0,11,78,0,89,0,1,90,0,91,0,12,168,0,180,208,0,208,388
03/26/2021,CMA,CA,AWP,WE,Towers with Radar,0,12,29,0,41,0,0,217,0,217,0,12,246,0,258,250,0,250,508
03/27/2021,CMA,CA,AWP,WE,Towers with Radar,0,8,28,2,38,0,1,251,7,259,0,9,279,9,297,168,0,168,465
03/28/2021,CMA,CA,AWP,WE,Towers with Radar,0,17,37,0,54,0,0,266,0,266,0,17,303,0,320,210,0,210,530
03/29/2021,CMA,CA,AWP,WE,Towers with Radar,0,16,37,1,54,0,1,209,0,210,0,17,246,1,264,247,0,247,511
03/30/2021,CMA,CA,AWP,WE,Towers with Radar,0,16,36,1,53,0,2,173,0,175,0,18,209,1,228,188,0,188,416
03/31/2021,CMA,CA,AWP,WE,Towers with Radar,0,10,26,0,36,0,2,47,0,49,0,12,73,0,85,46,0,46,131
04/01/2021,CMA,CA,AWP,WE,Towers with Radar,0,22,26,0,48,0,0,199,1,200,0,22,225,1,248,244,0,244,492
04/02/2021,CMA,CA,AWP,WE,Towers with Radar,0,12,55,0,67,0,0,258,2,260,0,12,313,2,327,336,16,352,679
04/03/2021,CMA,CA,AWP,WE,Towers with Radar,0,12,42,0,54,0,0,225,0,225,0,12,267,0,279,146,0,146,425
04/04/2021,CMA,CA,AWP,WE,Towers with Radar,0,4,28,0,32,0,0,207,0,207,0,4,235,0,239,234,0,234,473
04/05/2021,CMA,CA,AWP,WE,Towers with Radar,0,11,43,0,54,0,0,137,0,137,0,11,180,0,191,186,0,186,377
04/06/2021,CMA,CA,AWP,WE,Towers with Radar,0,12,28,0,40,0,2,175,0,177,0,14,203,0,217,232,0,232,449
04/07/2021,CMA,CA,AWP,WE,Towers with Radar,0,9,35,0,44,0,1,145,0,146,0,10,180,0,190,250,0,250,440
04/08/2021,CMA,CA,AWP,WE,Towers with Radar,0,5,30,0,35,0,0,213,0,213,0,5,243,0,248,296,0,296,544
04/09/2021,CMA,CA,AWP,WE,Towers with Radar,0,7,36,2,45,0,2,209,1,212,0,9,245,3,257,317,0,317,574
04/10/2021,CMA,CA,AWP,WE,Towers with Radar,0,11,20,0,31,0,0,260,0,260,0,11,280,0,291,204,0,204,495
04/11/2021,CMA,CA,AWP,WE,Towers with Radar,0,11,50,0,61,0,1,192,0,193,0,12,242,0,254,216,0,216,470
04/12/2021,CMA,CA,AWP,WE,Towers with Radar,0,16,74,0,90,0,0,59,0,59,0,16,133,0,149,204,0,204,353
04/13/2021,CMA,CA,AWP,WE,Towers with Radar,0,8,80,0,88,0,0,56,0,56,0,8,136,0,144,368,0,368,512
04/14/2021,CMA,CA,AWP,WE,Towers with Radar,0,7,74,0,81,0,0,87,0,87,0,7,161,0,168,248,0,248,416
04/15/2021,CMA,CA,AWP,WE,Towers with Radar,0,11,42,2,55,0,0,193,0,193,0,11,235,2,248,268,0,268,516
04/16/2021,CMA,CA,AWP,WE,Towers with Radar,0,2,31,0,33,0,1,224,0,225,0,3,255,0,258,326,0,326,584
04/17/2021,CMA,CA,AWP,WE,Towers with Radar,0,3,36,0,39,0,0,233,2,235,0,3,269,2,274,224,0,224,498
04/18/2021,CMA,CA,AWP,WE,Towers with Radar,0,4,20,0,24,0,0,110,0,110,0,4,130,0,134,48,0,48,182
04/19/2021,CMA,CA,AWP,WE,Towers with Radar,0,5,29,0,34,0,0,170,0,170,0,5,199,0,204,270,0,270,474
04/20/2021,CMA,CA,AWP,WE,Towers with Radar,0,3,53,3,59,0,4,121,0,125,0,7,174,3,184,324,0,324,508
04/21/2021,CMA,CA,AWP,WE,Towers with Radar,0,13,64,0,77,0,0,89,0,89,0,13,153,0,166,238,0,238,404
04/22/2021,CMA,CA,AWP,WE,Towers with Radar,0,18,107,0,125,0,0,88,0,88,0,18,195,0,213,330,0,330,543
04/23/2021,CMA,CA,AWP,WE,Towers with Radar,0,9,101,0,110,0,1,111,0,112,0,10,212,0,222,344,0,344,566
04/24/2021,CMA,CA,AWP,WE,Towers with Radar,0,10,73,0,83,0,1,182,0,183,0,11,255,0,266,396,0,396,662
04/25/2021,CMA,CA,AWP,WE,Towers with Radar,0,8,74,0,82,0,0,107,0,107,0,8,181,0,189,202,0,202,391
04/26/2021,CMA,CA,AWP,WE,Towers with Radar,0,4,26,2,32,0,0,116,0,116,0,4,142,2,148,266,0,266,414
04/27/2021,CMA,CA,AWP,WE,Towers with Radar,0,12,42,6,60,0,2,196,0,198,0,14,238,6,258,328,0,328,586
04/28/2021,CMA,CA,AWP,WE,Towers with Radar,0,13,33,0,46,0,1,215,3,219,0,14,248,3,265,226,2,228,493
04/29/2021,CMA,CA,AWP,WE,Towers with Radar,0,14,34,0,48,0,1,266,0,267,0,15,300,0,315,252,0,252,567
04/30/2021,CMA,CA,AWP,WE,Towers with Radar,0,10,29,0,39,0,0,230,0,230,0,10,259,0,269,270,0,270,539
05/01/2021,CMA,CA,AWP,WE,Towers with Radar,0,8,19,0,27,0,0,244,2,246,0,8,263,2,273,308,0,308,581
05/02/2021,CMA,CA,AWP,WE,Towers with Radar,0,14,52,0,66,0,0,165,1,166,0,14,217,1,232,122,0,122,354
05/03/2021,CMA,CA,AWP,WE,Towers with Radar,0,8,22,0,30,0,0,187,0,187,0,8,209,0,217,260,0,260,477
05/04/2021,CMA,CA,AWP,WE,Towers with Radar,0,7,31,0,38,0,3,226,0,229,0,10,257,0,267,250,0,250,517
05/05/2021,CMA,CA,AWP,WE,Towers with Radar,0,12,40,1,53,0,0,171,5,176,0,12,211,6,229,254,0,254,483
05/06/2021,CMA,CA,AWP,WE,Towers with Radar,0,8,58,0,66,0,0,100,0,100,0,8,158,0,166,258,0,258,424
05/07/2021,CMA,CA,AWP,WE,Towers with Radar,0,14,78,0,92,0,2,112,0,114,0,16,190,0,206,298,0,298,504
05/08/2021,CMA,CA,AWP,WE,Towers with Radar,0,17,47,0,64,0,1,203,1,205,0,18,250,1,269,294,0,294,563
05/09/2021,CMA,CA,AWP,WE,Towers with Radar,0,12,64,0,76,0,0,107,0,107,0,12,171,0,183,226,0,226,409
05/10/2021,CMA,CA,AWP,WE,Towers with Radar,0,7,92,2,101,0,0,37,0,37,0,7,129,2,138,146,0,146,284
05/11/2021,CMA,CA,AWP,WE,Towers with Radar,0,14,82,0,96,0,0,122,0,122,0,14,204,0,218,278,0,278,496
05/12/2021,CMA,CA,AWP,WE,Towers with Radar,0,15,90,2,107,0,0,77,0,77,0,15,167,2,184,240,0,240,424
05/13/2021,CMA,CA,AWP,WE,Towers with Radar,0,12,87,0,99,0,0,77,0,77,0,12,164,0,176,236,0,236,412
05/14/2021,CMA,CA,AWP,WE,Towers with Radar,0,14,135,0,149,0,0,50,0,50,0,14,185,0,199,192,0,192,391
05/15/2021,CMA,CA,AWP,WE,Towers with Radar,0,7,79,0,86,0,0,107,0,107,0,7,186,0,193,310,0,310,503
05/16/2021,CMA,CA,AWP,WE,Towers with Radar,0,4,86,1,91,0,0,68,0,68,0,4,154,1,159,166,0,166,325
05/17/2021,CMA,CA,AWP,WE,Towers with Radar,0,13,57,0,70,0,0,90,0,90,0,13,147,0,160,372,0,372,532
05/18/2021,CMA,CA,AWP,WE,Towers with Radar,0,15,61,0,76,0,0,159,1,160,0,15,220,1,236,250,0,250,486
05/19/2021,CMA,CA,AWP,WE,Towers with Radar,0,6,38,2,46,0,0,202,2,204,0,6,240,4,250,356,0,356,606
05/20/2021,CMA,CA,AWP,WE,Towers with Radar,0,10,46,2,58,0,2,194,0,196,0,12,240,2,254,306,0,306,560
05/21/2021,CMA,CA,AWP,WE,Towers with Radar,0,9,26,0,35,0,2,87,0,89,0,11,113,0,124,172,0,172,296
05/22/2021,CMA,CA,AWP,WE,Towers with Radar,0,9,46,0,55,0,1,278,0,279,0,10,324,0,334,268,0,268,602
05/23/2021,CMA,CA,AWP,WE,Towers with Radar,0,9,35,0,44,0,0,321,0,321,0,9,356,0,365,252,0,252,617
05/24/2021,CMA,CA,AWP,WE,Towers with Radar,0,3,28,0,31,0,2,211,0,213,0,5,239,0,244,286,0,286,530
05/25/2021,CMA,CA,AWP,WE,Towers with Radar,0,12,34,0,46,0,0,183,0,183,0,12,217,0,229,168,0,168,397
05/26/2021,CMA,CA,AWP,WE,Towers with Radar,0,7,41,2,50,0,1,208,3,212,0,8,249,5,262,366,0,366,628
05/27/2021,CMA,CA,AWP,WE,Towers with Radar,0,16,75,1,92,0,0,170,0,170,0,16,245,1,262,248,0,248,510
05/28/2021,CMA,CA,AWP,WE,Towers with Radar,0,8,80,0,88,0,0,150,0,150,0,8,230,0,238,404,0,404,642
05/29/2021,CMA,CA,AWP,WE,Towers with Radar,0,14,54,2,70,0,0,111,1,112,0,14,165,3,182,372,0,372,554
05/30/2021,CMA,CA,AWP,WE,Towers with Radar,0,10,50,0,60,0,0,118,0,118,0,10,168,0,178,252,0,252,430
05/31/2021,CMA,CA,AWP,WE,Towers with Radar,0,14,55,0,69,0,0,130,0,130,0,14,185,0,199,272,0,272,471
06/01/2021,CMA,CA,AWP,WE,Towers with Radar,0,14,42,1,57,0,0,127,0,127,0,14,169,1,184,188,0,188,372
06/02/2021,CMA,CA,AWP,WE,Towers with Radar,0,6,51,0,57,0,0,110,3,113,0,6,161,3,170,184,0,184,354
06/03/2021,CMA,CA,AWP,WE,Towers with Radar,0,10,48,6,64,0,0,139,2,141,0,10,187,8,205,208,0,208,413
06/04/2021,CMA,CA,AWP,WE,Towers with Radar,0,19,71,0,90,0,1,150,0,151,0,20,221,0,241,297,0,297,538
06/05/2021,CMA,CA,AWP,WE,Towers with Radar,0,14,52,0,66,0,0,207,1,208,0,14,259,1,274,308,0,308,582
06/06/2021,CMA,CA,AWP,WE,Towers with Radar,0,10,45,0,55,0,0,118,0,118,0,10,163,0,173,204,0,204,377
06/07/2021,CMA,CA,AWP,WE,Towers with Radar,0,7,96,3,106,0,1,55,0,56,0,8,151,3,162,447,0,447,609
06/08/2021,CMA,CA,AWP,WE,Towers with Radar,0,13,39,1,53,0,2,177,1,180,0,15,216,2,233,320,0,320,553
06/09/2021,CMA,CA,AWP,WE,Towers with Radar,0,14,35,0,49,0,0,197,1,198,0,14,232,1,247,218,0,218,465
06/10/2021,CMA,CA,AWP,WE,Towers with Radar,0,15,22,0,37,0,1,206,0,207,0,16,228,0,244,290,0,290,534
06/11/2021,CMA,CA,AWP,WE,Towers with Radar,0,14,33,0,47,0,1,246,0,247,0,15,279,0,294,290,0,290,584
06/12/2021,CMA,CA,AWP,WE,Towers with Radar,0,9,30,0,39,0,2,258,1,261,0,11,288,1,300,390,0,390,690
06/13/2021,CMA,CA,AWP,WE,Towers with Radar,0,15,32,0,47,0,1,158,0,159,0,16,190,0,206,168,0,168,374
06/14/2021,CMA,CA,AWP,WE,Towers with Radar,0,12,33,0,45,0,0,173,0,173,0,12,206,0,218,300,0,300,518
06/15/2021,CMA,CA,AWP,WE,Towers with Radar,0,6,31,0,37,0,4,169,0,173,0,10,200,0,210,256,0,256,466
06/16/2021,CMA,CA,AWP,WE,Towers with Radar,0,14,34,1,49,0,3,177,2,182,0,17,211,3,231,292,0,292,523
06/17/2021,CMA,CA,AWP,WE,Towers with Radar,0,16,43,0,59,0,2,193,0,195,0,18,236,0,254,260,0,260,514
06/18/2021,CMA,CA,AWP,WE,Towers with Radar,0,6,119,1,126,0,0,113,0,113,0,6,232,1,239,206,0,206,445
06/19/2021,CMA,CA,AWP,WE,Towers with Radar,0,11,71,1,83,0,0,117,2,119,0,11,188,3,202,164,0,164,366
06/20/2021,CMA,CA,AWP,WE,Towers with Radar,0,10,59,0,69,0,0,107,0,107,0,10,166,0,176,112,0,112,288
06/21/2021,CMA,CA,AWP,WE,Towers with Radar,0,11,47,0,58,0,2,109,0,111,0,13,156,0,169,252,0,252,421
06/22/2021,CMA,CA,AWP,WE,Towers with Radar,0,10,80,2,92,0,1,179,1,181,0,11,259,3,273,338,0,338,611
06/23/2021,CMA,CA,AWP,WE,Towers with Radar,0,8,43,0,51,0,1,167,0,168,0,9,210,0,219,260,0,260,479
06/24/2021,CMA,CA,AWP,WE,Towers with Radar,0,10,51,2,63,0,5,220,3,228,0,15,271,5,291,308,0,308,599
06/25/2021,CMA,CA,AWP,WE,Towers with Radar,0,23,40,0,63,0,3,276,1,280,0,26,316,1,343,238,0,238,581
06/26/2021,CMA,CA,AWP,WE,Towers with Radar,0,12,38,0,50,0,2,242,1,245,0,14,280,1,295,224,0,224,519
06/27/2021,CMA,CA,AWP,WE,Towers with Radar,0,12,37,0,49,0,2,217,0,219,0,14,254,0,268,216,0,216,484
06/28/2021,CMA,CA,AWP,WE,Towers with Radar,0,5,32,0,37,0,0,193,0,193,0,5,225,0,230,404,0,404,634
06/29/2021,CMA,CA,AWP,WE,Towers with Radar,0,10,83,0,93,0,2,105,0,107,0,12,188,0,200,268,0,268,468
06/30/2021,CMA,CA,AWP,WE,Towers with Radar,0,12,61,0,73,0,0,151,2,153,0,12,212,2,226,214,0,214,440
07/01/2021,CMA,CA,AWP,WE,Towers with Radar,0,11,52,0,63,0,2,220,0,222,0,13,272,0,285,238,0,238,523
07/02/2021,CMA,CA,AWP,WE,Towers with Radar,0,10,60,0,70,0,2,233,0,235,0,12,293,0,305,252,0,252,557
07/03/2021,CMA,CA,AWP,WE,Towers with Radar,0,7,43,0,50,0,0,205,1,206,0,7,248,1,256,194,0,194,450
07/04/2021,CMA,CA,AWP,WE,Towers with Radar,0,9,23,0,32,0,1,134,0,135,0,10,157,0,167,110,0,110,277
07/05/2021,CMA,CA,AWP,WE,Towers with Radar,0,11,41,0,52,0,0,148,0,148,0,11,189,0,200,160,0,160,360
07/06/2021,CMA,CA,AWP,WE,Towers with Radar,0,13,38,2,53,0,1,201,0,202,0,14,239,2,255,396,0,396,651
07/07/2021,CMA,CA,AWP,WE,Towers with Radar,0,6,36,1,43,0,2,186,1,189,0,8,222,2,232,374,0,374,606
07/08/2021,CMA,CA,AWP,WE,Towers with Radar,0,13,27,0,40,0,1,195,1,197,0,14,222,1,237,234,0,234,471
07/09/2021,CMA,CA,AWP,WE,Towers with Radar,0,16,41,0,57,0,5,223,0,228,0,21,264,0,285,324,0,324,609
07/10/2021,CMA,CA,AWP,WE,Towers with Radar,0,19,40,0,59,0,3,303,2,308,0,22,343,2,367,336,0,336,703
07/11/2021,CMA,CA,AWP,WE,Towers with Radar,0,11,25,0,36,0,0,216,0,216,0,11,241,0,252,124,0,124,376
07/12/2021,CMA,CA,AWP,WE,Towers with Radar,0,8,61,0,69,0,2,164,0,166,0,10,225,0,235,366,0,366,601
07/13/2021,CMA,CA,AWP,WE,Towers with Radar,0,9,36,1,46,0,1,148,3,152,0,10,184,4,198,404,0,404,602
07/14/2021,CMA,CA,AWP,WE,Towers with Radar,0,19,56,0,75,0,1,160,1,162,0,20,216,1,237,358,0,358,595
07/15/2021,CMA,CA,AWP,WE,Towers with Radar,0,10,49,1,60,0,0,199,1,200,0,10,248,2,260,282,0,282,542
07/16/2021,CMA,CA,AWP,WE,Towers with Radar,0,16,52,1,69,0,1,211,3,215,0,17,263,4,284,418,0,418,702
07/17/2021,CMA,CA,AWP,WE,Towers with Radar,0,7,36,0,43,0,3,327,1,331,0,10,363,1,374,254,0,254,628
07/18/2021,CMA,CA,AWP,WE,Towers with Radar,0,16,36,0,52,0,0,171,0,171,0,16,207,0,223,164,0,164,387
07/19/2021,CMA,CA,AWP,WE,Towers with Radar,0,16,27,0,43,0,0,233,0,233,0,16,260,0,276,294,0,294,570
07/20/2021,CMA,CA,AWP,WE,Towers with Radar,0,9,33,0,42,0,0,244,0,244,0,9,277,0,286,402,0,402,688
07/21/2021,CMA,CA,AWP,WE,Towers with Radar,0,11,36,0,47,0,0,177,3,180,0,11,213,3,227,272,12,284,511
07/22/2021,CMA,CA,AWP,WE,Towers with Radar,0,14,45,2,61,0,0,247,0,247,0,14,292,2,308,330,0,330,638
07/23/2021,CMA,CA,AWP,WE,Towers with Radar,0,20,59,0,79,0,1,213,0,214,0,21,272,0,293,370,0,370,663
07/24/2021,CMA,CA,AWP,WE,Towers with Radar,0,8,67,0,75,0,0,136,0,136,0,8,203,0,211,182,0,182,393
07/25/2021,CMA,CA,AWP,WE,Towers with Radar,0,18,40,2,60,0,0,182,0,182,0,18,222,2,242,138,0,138,380
07/26/2021,CMA,CA,AWP,WE,Towers with Radar,0,7,55,0,62,0,0,104,0,104,0,7,159,0,166,318,0,318,484
07/27/2021,CMA,CA,AWP,WE,Towers with Radar,0,8,54,3,65,0,2,170,1,173,0,10,224,4,238,254,0,254,492
07/28/2021,CMA,CA,AWP,WE,Towers with Radar,0,10,35,0,45,0,3,181,2,186,0,13,216,2,231,286,0,286,517
07/29/2021,CMA,CA,AWP,WE,Towers with Radar,0,9,52,0,61,0,0,171,0,171,0,9,223,0,232,236,0,236,468
07/30/2021,CMA,CA,AWP,WE,Towers with Radar,0,13,60,0,73,0,1,200,0,201,0,14,260,0,274,274,0,274,548
07/31/2021,CMA,CA,AWP,WE,Towers with Radar,0,6,46,0,52,0,1,181,0,182,0,7,227,0,234,260,0,260,494
08/01/2021,CMA,CA,AWP,WE,Towers with Radar,0,7,36,0,43,0,0,267,0,267,0,7,303,0,310,190,0,190,500
08/02/2021,CMA,CA,AWP,WE,Towers with Radar,0,6,28,0,34,0,0,126,1,127,0,6,154,1,161,363,0,363,524
08/03/2021,CMA,CA,AWP,WE,Towers with Radar,0,10,34,0,44,0,0,228,1,229,0,10,262,1,273,408,0,408,681
08/04/2021,CMA,CA,AWP,WE,Towers with Radar,0,14,53,0,67,0,0,210,2,212,0,14,263,2,279,374,0,374,653
08/05/2021,CMA,CA,AWP,WE,Towers with Radar,0,7,38,0,45,0,1,264,1,266,0,8,302,1,311,416,0,416,727
08/06/2021,CMA,CA,AWP,WE,Towers with Radar,0,22,55,0,77,0,0,209,0,209,0,22,264,0,286,238,0,238,524
08/07/2021,CMA,CA,AWP,WE,Towers with Radar,0,14,100,0,114,0,0,179,0,179,0,14,279,0,293,194,0,194,487
08/08/2021,CMA,CA,AWP,WE,Towers with Radar,0,9,75,0,84,0,0,120,0,120,0,9,195,0,204,92,0,92,296
08/09/2021,CMA,CA,AWP,WE,Towers with Radar,0,10,68,1,79,0,0,148,0,148,0,10,216,1,227,217,0,217,444
08/10/2021,CMA,CA,AWP,WE,Towers with Radar,0,15,41,1,57,0,0,111,0,111,0,15,152,1,168,283,0,283,451
08/11/2021,CMA,CA,AWP,WE,Towers with Radar,0,11,55,0,66,0,2,208,5,215,0,13,263,5,281,350,0,350,631
08/12/2021,CMA,CA,AWP,WE,Towers with Radar,0,8,39,5,52,0,6,261,0,267,0,14,300,5,319,324,0,324,643
08/13/2021,CMA,CA,AWP,WE,Towers with Radar,0,14,31,0,45,0,0,190,0,190,0,14,221,0,235,362,0,362,597
08/14/2021,CMA,CA,AWP,WE,Towers with Radar,0,10,50,0,60,0,0,172,0,172,0,10,222,0,232,330,0,330,562
08/15/2021,CMA,CA,AWP,WE,Towers with Radar,0,20,34,0,54,0,0,196,0,196,0,20,230,0,250,296,0,296,546
08/16/2021,CMA,CA,AWP,WE,Towers with Radar,0,15,31,6,52,0,2,188,1,191,0,17,219,7,243,288,4,292,535
08/17/2021,CMA,CA,AWP,WE,Towers with Radar,0,22,62,0,84,0,0,100,0,100,0,22,162,0,184,222,0,222,406
08/18/2021,CMA,CA,AWP,WE,Towers with Radar,0,17,90,1,108,0,1,61,1,63,0,18,151,2,171,270,0,270,441
08/19/2021,CMA,CA,AWP,WE,Towers with Radar,0,12,58,0,70,0,6,154,3,163,0,18,212,3,233,238,2,240,473
08/20/2021,CMA,CA,AWP,WE,Towers with Radar,0,18,55,1,74,0,1,139,9,149,0,19,194,10,223,228,0,228,451
08/21/2021,CMA,CA,AWP,WE,Towers with Radar,0,10,32,0,42,0,0,37,2,39,0,10,69,2,81,134,0,134,215
08/22/2021,CMA,CA,AWP,WE,Towers with Radar,0,9,12,0,21,0,0,59,1,60,0,9,71,1,81,72,0,72,153
08/23/2021,CMA,CA,AWP,WE,Towers with Radar,0,29,44,3,76,0,1,137,3,141,0,30,181,6,217,300,0,300,517
08/24/2021,CMA,CA,AWP,WE,Towers with Radar,0,15,25,0,40,0,1,216,0,217,0,16,241,0,257,486,0,486,743
08/25/2021,CMA,CA,AWP,WE,Towers with Radar,0,17,44,1,62,0,5,191,5,201,0,22,235,6,263,334,0,334,597
08/26/2021,CMA,CA,AWP,WE,Towers with Radar,0,15,30,0,45,0,2,234,0,236,0,17,264,0,281,422,0,422,703
08/27/2021,CMA,CA,AWP,WE,Towers with Radar,0,22,45,0,67,0,3,253,1,257,0,25,298,1,324,464,0,464,788
08/28/2021,CMA,CA,AWP,WE,Towers with Radar,0,20,37,0,57,0,0,172,0,172,0,20,209,0,229,408,0,408,637
08/29/2021,CMA,CA,AWP,WE,Towers with Radar,0,12,54,2,68,0,0,210,0,210,0,12,264,2,278,180,0,180,458
08/30/2021,CMA,CA,AWP,WE,Towers with Radar,0,17,61,0,78,0,0,120,0,120,0,17,181,0,198,226,0,226,424
08/31/2021,CMA,CA,AWP,WE,Towers with Radar,0,22,50,0,72,0,0,99,0,99,0,22,149,0,171,325,0,325,496
09/01/2021,CMA,CA,AWP,WE,Towers with Radar,0,12,71,0,83,0,2,147,0,149,0,14,218,0,232,398,0,398,630
09/02/2021,CMA,CA,AWP,WE,Towers with Radar,0,21,68,1,90,0,0,164,0,164,0,21,232,1,254,488,0,488,742
09/03/2021,CMA,CA,AWP,WE,Towers with Radar,0,22,77,1,100,0,1,167,1,169,0,23,244,2,269,392,0,392,661
09/04/2021,CMA,CA,AWP,WE,Towers with Radar,0,6,30,0,36,0,0,220,0,220,0,6,250,0,256,229,0,229,485
09/05/2021,CMA,CA,AWP,WE,Towers with Radar,0,12,27,0,39,0,0,176,0,176,0,12,203,0,215,148,0,148,363
09/06/2021,CMA,CA,AWP,WE,Towers with Radar,0,18,55,0,73,0,1,192,0,193,0,19,247,0,266,200,0,200,466
09/07/2021,CMA,CA,AWP,WE,Towers with Radar,0,16,64,0,80,0,1,173,0,174,0,17,237,0,254,354,0,354,608
09/08/2021,CMA,CA,AWP,WE,Towers with Radar,0,9,104,0,113,0,0,135,0,135,0,9,239,0,248,206,0,206,454
09/09/2021,CMA,CA,AWP,WE,Towers with Radar,0,7,80,1,88,0,1,148,3,152,0,8,228,4,240,234,0,234,474
09/10/2021,CMA,CA,AWP,WE,Towers with Radar,0,21,53,0,74,0,1,234,0,235,0,22,287,0,309,336,0,336,645
09/11/2021,CMA,CA,AWP,WE,Towers with Radar,0,6,36,0,42,0,0,290,0,290,0,6,326,0,332,358,0,358,690
09/12/2021,CMA,CA,AWP,WE,Towers with Radar,0,9,72,0,81,0,1,195,0,196,0,10,267,0,277,170,0,170,447
09/13/2021,CMA,CA,AWP,WE,Towers with Radar,0,13,50,0,63,0,1,163,0,164,0,14,213,0,227,302,0,302,529
09/14/2021,CMA,CA,AWP,WE,Towers with Radar,0,12,34,0,46,0,1,190,0,191,0,13,224,0,237,398,0,398,635
09/15/2021,CMA,CA,AWP,WE,Towers with Radar,0,7,76,0,83,0,3,217,0,220,0,10,293,0,303,326,0,326,629
09/16/2021,CMA,CA,AWP,WE,Towers with Radar,0,15,96,0,111,0,1,144,0,145,0,16,240,0,256,362,0,362,618
09/17/2021,CMA,CA,AWP,WE,Towers with Radar,0,18,50,0,68,0,3,182,1,186,0,21,232,1,254,250,0,250,504
09/18/2021,CMA,CA,AWP,WE,Towers with Radar,0,6,51,0,57,0,0,175,0,175,0,6,226,0,232,301,0,301,533
09/19/2021,CMA,CA,AWP,WE,Towers with Radar,0,6,55,2,63,0,2,213,0,215,0,8,268,2,278,236,0,236,514
09/20/2021,CMA,CA,AWP,WE,Towers with Radar,0,17,32,0,49,0,1,146,0,147,0,18,178,0,196,377,0,377,573
09/21/2021,CMA,CA,AWP,WE,Towers with Radar,0,9,43,0,52,0,3,220,0,223,0,12,263,0,275,410,0,410,685
09/22/2021,CMA,CA,AWP,WE,Towers with Radar,0,13,38,2,53,0,2,249,0,251,0,15,287,2,304,404,0,404,708
09/23/2021,CMA,CA,AWP,WE,Towers with Radar,0,15,70,0,85,0,2,178,1,181,0,17,248,1,266,294,0,294,560
09/24/2021,CMA,CA,AWP,WE,Towers with Radar,0,14,71,0,85,0,2,141,0,143,0,16,212,0,228,312,0,312,540
09/25/2021,CMA,CA,AWP,WE,Towers with Radar,0,16,54,0,70,0,0,146,1,147,0,16,200,1,217,285,0,285,502
09/26/2021,CMA,CA,AWP,WE,Towers with Radar,0,24,92,0,116,0,0,46,0,46,0,24,138,0,162,242,0,242,404
09/27/2021,CMA,CA,AWP,WE,Towers with Radar,0,11,75,0,86,0,0,60,0,60,0,11,135,0,146,282,0,282,428
09/28/2021,CMA,CA,AWP,WE,Towers with Radar,0,16,112,0,128,0,3,88,0,91,0,19,200,0,219,364,0,364,583
09/29/2021,CMA,CA,AWP,WE,Towers with Radar,0,16,62,0,78,0,0,263,0,263,0,16,325,0,341,366,0,366,707
09/30/2021,CMA,CA,AWP,WE,Towers with Radar,0,10,52,0,62,0,4,206,2,212,0,14,258,2,274,244,0,244,518
10/01/2021,CMA,CA,AWP,WE,Towers with Radar,0,22,51,0,73,0,1,259,0,260,0,23,310,0,333,398,0,398,731
10/02/2021,CMA,CA,AWP,WE,Towers with Radar,0,9,25,0,34,0,0,290,0,290,0,9,315,0,324,298,0,298,622
10/03/2021,CMA,CA,AWP,WE,Towers with Radar,0,21,50,0,71,0,0,242,0,242,0,21,292,0,313,207,0,207,520
10/04/2021,CMA,CA,AWP,WE,Towers with Radar,0,14,37,0,51,0,0,156,0,156,0,14,193,0,207,366,0,366,573
10/05/2021,CMA,CA,AWP,WE,Towers with Radar,0,19,45,1,65,0,1,259,0,260,0,20,304,1,325,440,0,440,765
10/06/2021,CMA,CA,AWP,WE,Towers with Radar,0,9,64,3,76,0,5,160,0,165,0,14,224,3,241,270,0,270,511
10/07/2021,CMA,CA,AWP,WE,Towers with Radar,0,16,97,2,115,0,1,46,0,47,0,17,143,2,162,434,0,434,596
10/08/2021,CMA,CA,AWP,WE,Towers with Radar,0,21,97,1,119,0,1,140,0,141,0,22,237,1,260,282,0,282,542
10/09/2021,CMA,CA,AWP,WE,Towers with Radar,0,11,52,0,63,0,0,255,0,255,0,11,307,0,318,351,0,351,669
10/10/2021,CMA,CA,AWP,WE,Towers with Radar,0,15,20,0,35,0,0,190,0,190,0,15,210,0,225,252,0,252,477
10/11/2021,CMA,CA,AWP,WE,Towers with Radar,0,12,53,0,65,0,0,92,0,92,0,12,145,0,157,231,0,231,388
10/12/2021,CMA,CA,AWP,WE,Towers with Radar,0,18,33,1,52,0,0,155,0,155,0,18,188,1,207,358,0,358,565
10/13/2021,CMA,CA,AWP,WE,Towers with Radar,0,13,49,0,62,0,3,309,0,312,0,16,358,0,374,350,0,350,724
10/14/2021,CMA,CA,AWP,WE,Towers with Radar,0,19,45,2,66,0,3,212,0,215,0,22,257,2,281,354,0,354,635
10/15/2021,CMA,CA,AWP,WE,Towers with Radar,0,14,46,0,60,0,1,129,0,130,0,15,175,0,190,132,0,132,322
10/16/2021,CMA,CA,AWP,WE,Towers with Radar,0,14,26,0,40,0,0,211,0,211,0,14,237,0,251,342,0,342,593
10/17/2021,CMA,CA,AWP,WE,Towers with Radar,0,8,67,0,75,0,0,203,1,204,0,8,270,1,279,238,0,238,517
10/18/2021,CMA,CA,AWP,WE,Towers with Radar,0,5,58,1,64,0,0,135,0,135,0,5,193,1,199,212,0,212,411
10/19/2021,CMA,CA,AWP,WE,Towers with Radar,0,6,51,3,60,0,1,215,0,216,0,7,266,3,276,430,0,430,706
10/20/2021,CMA,CA,AWP,WE,Towers with Radar,0,18,57,0,75,0,2,241,0,243,0,20,298,0,318,334,0,334,652
10/21/2021,CMA,CA,AWP,WE,Towers with Radar,0,9,50,2,61,0,1,207,0,208,0,10,257,2,269,344,0,344,613
10/22/2021,CMA,CA,AWP,WE,Towers with Radar,0,20,107,2,129,0,2,49,3,54,0,22,156,5,183,138,0,138,321
10/23/2021,CMA,CA,AWP,WE,Towers with Radar,0,13,57,0,70,0,0,130,0,130,0,13,187,0,200,444,0,444,644
10/24/2021,CMA,CA,AWP,WE,Towers with Radar,0,4,52,0,56,0,0,178,0,178,0,4,230,0,234,288,0,288,522
10/25/2021,CMA,CA,AWP,WE,Towers with Radar,0,22,40,0,62,0,0,8,0,8,0,22,48,0,70,40,0,40,110
10/26/2021,CMA,CA,AWP,WE,Towers with Radar,0,18,63,0,81,0,2,237,0,239,0,20,300,0,320,352,0,352,672
10/27/2021,CMA,CA,AWP,WE,Towers with Radar,0,11,59,2,72,0,5,238,0,243,0,16,297,2,315,402,0,402,717
10/28/2021,CMA,CA,AWP,WE,Towers with Radar,0,4,46,2,52,0,2,153,0,155,0,6,199,2,207,278,0,278,485
10/29/2021,CMA,CA,AWP,WE,Towers with Radar,0,9,48,0,57,0,2,244,1,247,0,11,292,1,304,372,0,372,676
10/30/2021,CMA,CA,AWP,WE,Towers with Radar,0,7,99,1,107,0,0,9,0,9,0,7,108,1,116,30,0,30,146
10/31/2021,CMA,CA,AWP,WE,Towers with Radar,0,9,94,0,103,0,0,40,0,40,0,9,134,0,143,166,0,166,309
11/01/2021,CMA,CA,AWP,WE,Towers with Radar,0,9,50,0,59,0,1,141,0,142,0,10,191,0,201,512,0,512,713
11/02/2021,CMA,CA,AWP,WE,Towers with Radar,0,4,88,1,93,0,1,147,0,148,0,5,235,1,241,290,0,290,531
11/03/2021,CMA,CA,AWP,WE,Towers with Radar,0,6,80,0,86,0,6,96,3,105,0,12,176,3,191,240,0,240,431
11/04/2021,CMA,CA,AWP,WE,Towers with Radar,0,22,95,0,117,0,2,151,1,154,0,24,246,1,271,356,0,356,627
11/05/2021,CMA,CA,AWP,WE,Towers with Radar,0,15,92,3,110,0,1,155,2,158,0,16,247,5,268,248,0,248,516
11/06/2021,CMA,CA,AWP,WE,Towers with Radar,0,6,81,0,87,0,0,129,0,129,0,6,210,0,216,270,0,270,486
11/07/2021,CMA,CA,AWP,WE,Towers with Radar,0,9,76,0,85,0,0,63,2,65,0,9,139,2,150,76,0,76,226
11/08/2021,CMA,CA,AWP,WE,Towers with Radar,0,5,61,1,67,0,0,172,3,175,0,5,233,4,242,406,0,406,648
11/09/2021,CMA,CA,AWP,WE,Towers with Radar,0,16,78,0,94,0,2,55,1,58,0,18,133,1,152,216,0,216,368
11/10/2021,CMA,CA,AWP,WE,Towers with Radar,0,14,40,0,54,0,1,240,1,242,0,15,280,1,296,322,0,322,618
11/11/2021,CMA,CA,AWP,WE,Towers with Radar,0,17,30,0,47,0,1,157,0,158,0,18,187,0,205,346,0,346,551
11/12/2021,CMA,CA,AWP,WE,Towers with Radar,0,9,41,0,50,0,1,150,0,151,0,10,191,0,201,238,0,238,439
11/13/2021,CMA,CA,AWP,WE,Towers with Radar,0,6,36,0,42,0,0,219,1,220,0,6,255,1,262,275,0,275,537
11/14/2021,CMA,CA,AWP,WE,Towers with Radar,0,11,44,0,55,0,1,254,0,255,0,12,298,0,310,186,1,187,497
11/15/2021,CMA,CA,AWP,WE,Towers with Radar,0,9,32,3,44,0,0,174,1,175,0,9,206,4,219,280,0,280,499
11/16/2021,CMA,CA,AWP,WE,Towers with Radar,0,10,44,0,54,0,0,90,0,90,0,10,134,0,144,258,0,258,402
11/17/2021,CMA,CA,AWP,WE,Towers with Radar,0,8,71,1,80,0,0,99,3,102,0,8,170,4,182,202,0,202,384
11/18/2021,CMA,CA,AWP,WE,Towers with Radar,0,8,62,1,71,0,0,144,0,144,0,8,206,1,215,328,0,328,543
11/19/2021,CMA,CA,AWP,WE,Towers with Radar,0,7,58,2,67,0,2,156,0,158,0,9,214,2,225,298,0,298,523
11/20/2021,CMA,CA,AWP,WE,Towers with Radar,0,19,65,2,86,0,0,167,1,168,0,19,232,3,254,214,0,214,468
11/21/2021,CMA,CA,AWP,WE,Towers with Radar,0,5,17,0,22,0,5,74,0,79,0,10,91,0,101,24,0,24,125
11/22/2021,CMA,CA,AWP,WE,Towers with Radar,0,8,27,0,35,0,0,129,1,130,0,8,156,1,165,216,0,216,381
11/23/2021,CMA,CA,AWP,WE,Towers with Radar,0,21,31,2,54,0,0,191,1,192,0,21,222,3,246,270,0,270,516
11/24/2021,CMA,CA,AWP,WE,Towers with Radar,0,9,43,0,52,0,1,126,0,127,0,10,169,0,179,176,0,176,355
11/25/2021,CMA,CA,AWP,WE,Towers with Radar,0,1,6,0,7,0,0,13,0,13,0,1,19,0,20,50,0,50,70
11/26/2021,CMA,CA,AWP,WE,Towers with Radar,0,10,28,0,38,0,0,162,0,162,0,10,190,0,200,189,0,189,389
11/27/2021,CMA,CA,AWP,WE,Towers with Radar,0,8,39,0,47,0,0,268,0,268,0,8,307,0,315,188,0,188,503
11/28/2021,CMA,CA,AWP,WE,Towers with Radar,0,10,54,2,66,0,0,242,0,242,0,10,296,2,308,197,0,197,505
11/29/2021,CMA,CA,AWP,WE,Towers with Radar,0,8,46,0,54,0,0,215,3,218,0,8,261,3,272,316,0,316,588
11/30/2021,CMA,CA,AWP,WE,Towers with Radar,0,6,38,1,45,0,0,177,1,178,0,6,215,2,223,212,0,212,435
12/01/2021,CMA,CA,AWP,WE,Towers with Radar,0,11,73,1,85,0,1,54,0,55,0,12,127,1,140,90,0,90,230
12/02/2021,CMA,CA,AWP,WE,Towers with Radar,0,8,62,0,70,0,0,53,0,53,0,8,115,0,123,218,0,218,341
12/03/2021,CMA,CA,AWP,WE,Towers with Radar,0,16,87,3,106,0,0,78,0,78,0,16,165,3,184,214,0,214,398
12/04/2021,CMA,CA,AWP,WE,Towers with Radar,0,20,53,0,73,0,0,118,0,118,0,20,171,0,191,310,0,310,501
12/05/2021,CMA,CA,AWP,WE,Towers with Radar,0,11,27,0,38,0,1,200,0,201,0,12,227,0,239,262,1,263,502
12/06/2021,CMA,CA,AWP,WE,Towers with Radar,0,13,128,0,141,0,0,11,0,11,0,13,139,0,152,64,0,64,216
12/07/2021,CMA,CA,AWP,WE,Towers with Radar,0,16,56,1,73,0,0,55,0,55,0,16,111,1,128,244,0,244,372
12/08/2021,CMA,CA,AWP,WE,Towers with Radar,0,7,55,1,63,0,0,137,0,137,0,7,192,1,200,154,0,154,354
12/09/2021,CMA,CA,AWP,WE,Towers with Radar,0,17,38,0,55,0,0,43,0,43,0,17,81,0,98,162,0,162,260
12/10/2021,CMA,CA,AWP,WE,Towers with Radar,0,9,36,1,46,0,0,260,0,260,0,9,296,1,306,328,0,328,634
12/11/2021,CMA,CA,AWP,WE,Towers with Radar,0,9,18,0,27,0,2,252,0,254,0,11,270,0,281,200,0,200,481
12/12/2021,CMA,CA,AWP,WE,Towers with Radar,0,10,32,0,42,0,0,253,0,253,0,10,285,0,295,196,0,196,491
12/13/2021,CMA,CA,AWP,WE,Towers with Radar,0,7,16,2,25,0,0,47,0,47,0,7,63,2,72,288,0,288,360
12/14/2021,CMA,CA,AWP,WE,Towers with Radar,0,13,16,0,29,0,0,3,0,3,0,13,19,0,32,6,0,6,38
12/15/2021,CMA,CA,AWP,WE,Towers with Radar,0,12,38,1,51,0,1,150,0,151,0,13,188,1,202,430,0,430,632
12/16/2021,CMA,CA,AWP,WE,Towers with Radar,0,11,68,0,79,0,1,22,0,23,0,12,90,0,102,180,0,180,282
12/17/2021,CMA,CA,AWP,WE,Towers with Radar,0,11,50,0,61,0,0,195,2,197,0,11,245,2,258,204,0,204,462
12/18/2021,CMA,CA,AWP,WE,Towers with Radar,0,18,31,0,49,0,0,203,0,203,0,18,234,0,252,242,0,242,494
12/19/2021,CMA,CA,AWP,WE,Towers with Radar,0,11,34,0,45,0,0,215,0,215,0,11,249,0,260,254,0,254,514
12/20/2021,CMA,CA,AWP,WE,Towers with Radar,0,5,35,0,40,0,1,184,0,185,0,6,219,0,225,229,0,229,454
12/21/2021,CMA,CA,AWP,WE,Towers with Radar,0,6,26,0,32,0,0,155,0,155,0,6,181,0,187,303,0,303,490
12/22/2021,CMA,CA,AWP,WE,Towers with Radar,0,5,27,0,32,0,2,136,1,139,0,7,163,1,171,284,0,284,455
12/23/2021,CMA,CA,AWP,WE,Towers with Radar,0,7,30,0,37,0,0,0,0,0,0,7,30,0,37,0,0,0,37
12/24/2021,CMA,CA,AWP,WE,Towers with Radar,0,5,17,0,22,0,0,14,0,14,0,5,31,0,36,100,0,100,136
12/25/2021,CMA,CA,AWP,WE,Towers with Radar,0,6,14,0,20,0,0,9,0,9,0,6,23,0,29,22,0,22,51
12/26/2021,CMA,CA,AWP,WE,Towers with Radar,0,8,23,0,31,0,0,169,0,169,0,8,192,0,200,86,0,86,286
12/27/2021,CMA,CA,AWP,WE,Towers with Radar,0,10,18,0,28,0,0,18,0,18,0,10,36,0,46,80,0,80,126
12/28/2021,CMA,CA,AWP,WE,Towers with Radar,0,7,27,3,37,0,0,166,1,167,0,7,193,4,204,318,0,318,522
12/29/2021,CMA,CA,AWP,WE,Towers with Radar,0,4,16,1,21,0,0,0,0,0,0,4,16,1,21,0,0,0,21
12/30/2021,CMA,CA,AWP,WE,Towers with Radar,0,5,15,0,20,0,0,1,0,1,0,5,16,0,21,30,0,30,51
12/31/2021,CMA,CA,AWP,WE,Towers with Radar,0,6,44,0,50,0,0,103,0,103,0,6,147,0,153,158,0,158,311
01/01/2022,CMA,CA,AWP,WE,Towers with Radar,0,5,11,0,16,0,0,73,0,73,0,5,84,0,89,40,0,40,129
01/02/2022,CMA,CA,AWP,WE,Towers with Radar,0,6,36,0,42,0,1,200,0,201,0,7,236,0,243,172,0,172,415
01/03/2022,CMA,CA,AWP,WE,Towers with Radar,0,13,28,0,41,0,0,209,0,209,0,13,237,0,250,330,0,330,580
01/04/2022,CMA,CA,AWP,WE,Towers with Radar,0,10,47,0,57,0,0,154,0,154,0,10,201,0,211,288,0,288,499
01/05/2022,CMA,CA,AWP,WE,Towers with Radar,0,10,34,0,44,0,0,155,2,157,0,10,189,2,201,232,0,232,433
01/06/2022,CMA,CA,AWP,WE,Towers with Radar,0,7,33,2,42,0,1,179,0,180,0,8,212,2,222,296,0,296,518
01/07/2022,CMA,CA,AWP,WE,Towers with Radar,0,4,93,0,97,0,0,39,0,39,0,4,132,0,136,236,22,258,394
01/08/2022,CMA,CA,AWP,WE,Towers with Radar,0,9,31,0,40,0,1,199,3,203,0,10,230,3,243,242,0,242,485
01/09/2022,CMA,CA,AWP,WE,Towers with Radar,0,8,16,2,26,0,0,149,2,151,0,8,165,4,177,154,0,154,331
01/10/2022,CMA,CA,AWP,WE,Towers with Radar,0,5,14,1,20,0,0,58,5,63,0,5,72,6,83,52,0,52,135
01/11/2022,CMA,CA,AWP,WE,Towers with Radar,0,4,25,0,29,0,0,108,0,108,0,4,133,0,137,182,0,182,319
01/12/2022,CMA,CA,AWP,WE,Towers with Radar,0,3,31,0,34,0,0,193,3,196,0,3,224,3,230,234,0,234,464
01/13/2022,CMA,CA,AWP,WE,Towers with Radar,0,1,13,0,14,0,0,61,0,61,0,1,74,0,75,188,0,188,263
01/14/2022,CMA,CA,AWP,WE,Towers with Radar,0,5,13,1,19,0,0,61,0,61,0,5,74,1,80,100,0,100,180
01/15/2022,CMA,CA,AWP,WE,Towers with Radar,0,7,16,0,23,0,0,102,0,102,0,7,118,0,125,200,0,200,325
01/16/2022,CMA,CA,AWP,WE,Towers with Radar,0,6,40,2,48,0,0,169,0,169,0,6,209,2,217,254,0,254,471
01/17/2022,CMA,CA,AWP,WE,Towers with Radar,0,13,64,0,77,0,0,81,0,81,0,13,145,0,158,342,0,342,500
01/18/2022,CMA,CA,AWP,WE,Towers with Radar,0,5,85,2,92,0,0,83,0,83,0,5,168,2,175,220,0,220,395
01/19/2022,CMA,CA,AWP,WE,Towers with Radar,0,9,96,2,107,0,0,91,0,91,0,9,187,2,198,354,0,354,552
01/20/2022,CMA,CA,AWP,WE,Towers with Radar,0,13,26,0,39,0,0,213,2,215,0,13,239,2,254,352,0,352,606
01/21/2022,CMA,CA,AWP,WE,Towers with Radar,0,7,31,0,38,0,0,194,1,195,0,7,225,1,233,242,0,242,475
01/22/2022,CMA,CA,AWP,WE,Towers with Radar,0,3,10,0,13,0,0,32,0,32,0,3,42,0,45,16,0,16,61
01/23/2022,CMA,CA,AWP,WE,Towers with Radar,0,7,37,0,44,0,0,219,0,219,0,7,256,0,263,190,0,190,453
01/24/2022,CMA,CA,AWP,WE,Towers with Radar,0,4,21,0,25,0,0,249,1,250,0,4,270,1,275,364,0,364,639
01/25/2022,CMA,CA,AWP,WE,Towers with Radar,0,12,36,2,50,0,0,223,0,223,0,12,259,2,273,239,6,245,518
01/26/2022,CMA,CA,AWP,WE,Towers with Radar,0,6,30,3,39,0,0,131,1,132,0,6,161,4,171,190,0,190,361
01/27/2022,CMA,CA,AWP,WE,Towers with Radar,0,5,42,2,49,0,0,134,4,138,0,5,176,6,187,230,0,230,417
01/28/2022,CMA,CA,AWP,WE,Towers with Radar,0,6,16,0,22,0,0,55,4,59,0,6,71,4,81,10,2,12,93
01/29/2022,CMA,CA,AWP,WE,Towers with Radar,0,3,36,0,39,0,0,195,0,195,0,3,231,0,234,444,0,444,678
01/30/2022,CMA,CA,AWP,WE,Towers with Radar,0,6,30,0,36,0,0,265,0,265,0,6,295,0,301,193,0,193,494
01/31/2022,CMA,CA,AWP,WE,Towers with Radar,0,7,40,0,47,0,0,183,2,185,0,7,223,2,232,366,0,366,598
02/01/2022,CMA,CA,AWP,WE,Towers with Radar,0,8,28,0,36,0,0,141,0,141,0,8,169,0,177,336,0,336,513
02/02/2022,CMA,CA,AWP,WE,Towers with Radar,0,8,12,0,20,0,0,51,0,51,0,8,63,0,71,18,0,18,89
02/03/2022,CMA,CA,AWP,WE,Towers with Radar,0,10,32,0,42,0,0,183,3,186,0,10,215,3,228,336,0,336,564
02/04/2022,CMA,CA,AWP,WE,Towers with Radar,0,10,31,2,43,0,0,34,0,34,0,10,65,2,77,54,0,54,131
02/05/2022,CMA,CA,AWP,WE,Towers with Radar,0,11,22,0,33,0,0,162,1,163,0,11,184,1,196,266,0,266,462
02/06/2022,CMA,CA,AWP,WE,Towers with Radar,0,11,22,0,33,0,0,153,0,153,0,11,175,0,186,170,0,170,356
02/07/2022,CMA,CA,AWP,WE,Towers with Radar,0,5,20,0,25,0,0,150,0,150,0,5,170,0,175,194,0,194,369
02/08/2022,CMA,CA,AWP,WE,Towers with Radar,0,8,40,0,48,0,0,208,0,208,0,8,248,0,256,231,0,231,487
02/09/2022,CMA,CA,AWP,WE,Towers with Radar,0,11,41,0,52,0,0,121,1,122,0,11,162,1,174,84,0,84,258
02/10/2022,CMA,CA,AWP,WE,Towers with Radar,0,7,33,0,40,0,0,88,0,88,0,7,121,0,128,136,0,136,264
02/11/2022,CMA,CA,AWP,WE,Towers with Radar,0,34,71,0,105,0,1,289,4,294,0,35,360,4,399,374,2,376,775
02/12/2022,CMA,CA,AWP,WE,Towers with Radar,0,15,42,0,57,0,0,199,1,200,0,15,241,1,257,222,0,222,479
02/13/2022,CMA,CA,AWP,WE,Towers with Radar,0,13,29,0,42,0,0,149,0,149,0,13,178,0,191,382,1,383,574
02/14/2022,CMA,CA,AWP,WE,Towers with Radar,0,27,80,0,107,0,0,219,0,219,0,27,299,0,326,274,0,274,600
02/15/2022,CMA,CA,AWP,WE,Towers with Radar,0,10,66,0,76,0,0,63,0,63,0,10,129,0,139,332,0,332,471
02/16/2022,CMA,CA,AWP,WE,Towers with Radar,0,9,27,0,36,0,0,247,2,249,0,9,274,2,285,322,0,322,607
02/17/2022,CMA,CA,AWP,WE,Towers with Radar,0,9,35,0,44,0,0,77,1,78,0,9,112,1,122,112,0,112,234
02/18/2022,CMA,CA,AWP,WE,Towers with Radar,0,8,46,0,54,0,0,270,0,270,0,8,316,0,324,398,0,398,722
02/19/2022,CMA,CA,AWP,WE,Towers with Radar,0,10,19,0,29,0,0,294,0,294,0,10,313,0,323,380,0,380,703
02/20/2022,CMA,CA,AWP,WE,Towers with Radar,0,9,56,0,65,0,0,223,0,223,0,9,279,0,288,258,0,258,546
02/21/2022,CMA,CA,AWP,WE,Towers with Radar,0,12,58,0,70,0,2,122,0,124,0,14,180,0,194,372,0,372,566
02/22/2022,CMA,CA,AWP,WE,Towers with Radar,0,12,39,1,52,0,0,60,0,60,0,12,99,1,112,168,0,168,280
02/23/2022,CMA,CA,AWP,WE,Towers with Radar,0,6,31,0,37,0,0,112,1,113,0,6,143,1,150,170,0,170,320
02/24/2022,CMA,CA,AWP,WE,Towers with Radar,0,15,33,0,48,0,0,241,3,244,0,15,274,3,292,352,0,352,644
02/25/2022,CMA,CA,AWP,WE,Towers with Radar,0,15,62,0,77,0,0,229,2,231,0,15,291,2,308,286,0,286,594
02/26/2022,CMA,CA,AWP,WE,Towers with Radar,0,9,24,0,33,0,0,171,1,172,0,9,195,1,205,274,0,274,479
02/27/2022,CMA,CA,AWP,WE,Towers with Radar,0,3,55,0,58,0,0,191,0,191,0,3,246,0,249,178,0,178,427
02/28/2022,CMA,CA,AWP,WE,Towers with Radar,0,8,41,0,49,0,2,157,1,160,0,10,198,1,209,322,0,322,531
03/01/2022,CMA,CA,AWP,WE,Towers with Radar,0,16,45,2,63,0,1,217,2,220,0,17,262,4,283,246,0,246,529
03/02/2022,CMA,CA,AWP,WE,Towers with Radar,0,15,45,3,63,0,0,190,0,190,0,15,235,3,253,324,0,324,577
03/03/2022,CMA,CA,AWP,WE,Towers with Radar,0,14,64,0,78,0,1,110,2,113,0,15,174,2,191,350,0,350,541
03/04/2022,CMA,CA,AWP,WE,Towers with Radar,0,13,53,3,69,0,0,93,0,93,0,13,146,3,162,266,0,266,428
03/05/2022,CMA,CA,AWP,WE,Towers with Radar,0,4,24,0,28,0,0,53,2,55,0,4,77,2,83,166,0,166,249
03/06/2022,CMA,CA,AWP,WE,Towers with Radar,0,9,57,0,66,0,1,268,0,269,0,10,325,0,335,338,0,338,673
03/07/2022,CMA,CA,AWP,WE,Towers with Radar,0,13,21,0,34,0,0,105,0,105,0,13,126,0,139,196,0,196,335
03/08/2022,CMA,CA,AWP,WE,Towers with Radar,0,9,36,0,45,0,1,181,2,184,0,10,217,2,229,312,0,312,541
03/09/2022,CMA,CA,AWP,WE,Towers with Radar,0,9,56,3,68,0,0,217,1,218,0,9,273,4,286,338,0,338,624
03/10/2022,CMA,CA,AWP,WE,Towers with Radar,0,18,43,0,61,0,0,195,0,195,0,18,238,0,256,434,0,434,690
03/11/2022,CMA,CA,AWP,WE,Towers with Radar,0,15,61,1,77,0,2,184,1,187,0,17,245,2,264,281,0,281,545
03/12/2022,CMA,CA,AWP,WE,Towers with Radar,0,10,58,0,68,0,0,297,0,297,0,10,355,0,365,334,0,334,699
03/13/2022,CMA,CA,AWP,WE,Towers with Radar,0,12,79,0,91,0,1,236,1,238,0,13,315,1,329,336,0,336,665
03/14/2022,CMA,CA,AWP,WE,Towers with Radar,0,10,27,0,37,0,0,215,0,215,0,10,242,0,252,482,0,482,734
03/15/2022,CMA,CA,AWP,WE,Towers with Radar,0,7,47,0,54,0,1,248,0,249,0,8,295,0,303,580,0,580,883
03/16/2022,CMA,CA,AWP,WE,Towers with Radar,0,16,27,0,43,0,0,167,0,167,0,16,194,0,210,484,0,484,694
03/17/2022,CMA,CA,AWP,WE,Towers with Radar,0,13,29,2,44,0,0,210,0,210,0,13,239,2,254,478,0,478,732
03/18/2022,CMA,CA,AWP,WE,Towers with Radar,0,7,53,1,61,0,1,281,0,282,0,8,334,1,343,336,0,336,679
03/19/2022,CMA,CA,AWP,WE,Towers with Radar,0,4,60,0,64,0,2,128,0,130,0,6,188,0,194,418,0,418,612
03/20/2022,CMA,CA,AWP,WE,Towers with Radar,0,9,46,1,56,0,0,136,0,136,0,9,182,1,192,234,0,234,426
03/21/2022,CMA,CA,AWP,WE,Towers with Radar,0,16,37,0,53,0,0,184,0,184,0,16,221,0,237,462,0,462,699
03/22/2022,CMA,CA,AWP,WE,Towers with Radar,0,7,24,0,31,0,0,130,0,130,0,7,154,0,161,292,0,292,453
03/23/2022,CMA,CA,AWP,WE,Towers with Radar,0,12,36,0,48,0,0,197,0,197,0,12,233,0,245,409,0,409,654
03/24/2022,CMA,CA,AWP,WE,Towers with Radar,0,12,54,2,68,0,1,264,4,269,0,13,318,6,337,394,0,394,731
03/25/2022,CMA,CA,AWP,WE,Towers with Radar,0,11,40,4,55,0,0,180,3,183,0,11,220,7,238,370,1,371,609
03/26/2022,CMA,CA,AWP,WE,Towers with Radar,0,6,60,0,66,0,0,139,2,141,0,6,199,2,207,216,2,218,425
03/27/2022,CMA,CA,AWP,WE,Towers with Radar,0,14,57,0,71,0,1,107,0,108,0,15,164,0,179,230,0,230,409
03/28/2022,CMA,CA,AWP,WE,Towers with Radar,0,10,51,0,61,0,0,2,0,2,0,10,53,0,63,4,0,4,67
03/29/2022,CMA,CA,AWP,WE,Towers with Radar,0,16,40,1,57,0,4,192,1,197,0,20,232,2,254,562,0,562,816
03/30/2022,CMA,CA,AWP,WE,Towers with Radar,0,17,42,1,60,0,0,177,0,177,0,17,219,1,237,488,0,488,725
03/31/2022,CMA,CA,AWP,WE,Towers with Radar,0,9,84,1,94,0,0,76,0,76,0,9,160,1,170,620,0,620,790
04/01/2022,CMA,CA,AWP,WE,Towers with Radar,0,8,47,0,55,0,1,243,0,244,0,9,290,0,299,396,0,396,695
04/02/2022,CMA,CA,AWP,WE,Towers with Radar,0,13,130,0,143,0,0,18,0,18,0,13,148,0,161,152,0,152,313
04/03/2022,CMA,CA,AWP,WE,Towers with Radar,0,17,117,0,134,0,0,26,0,26,0,17,143,0,160,242,0,242,402
04/04/2022,CMA,CA,AWP,WE,Towers with Radar,0,13,46,0,59,0,0,110,0,110,0,13,156,0,169,328,0,328,497
04/05/2022,CMA,CA,AWP,WE,Towers with Radar,0,7,26,0,33,0,1,171,0,172,0,8,197,0,205,368,0,368,573
04/06/2022,CMA,CA,AWP,WE,Towers with Radar,0,15,49,1,65,0,0,186,0,186,0,15,235,1,251,436,0,436,687
04/07/2022,CMA,CA,AWP,WE,Towers with Radar,0,4,34,0,38,0,0,128,1,129,0,4,162,1,167,54,0,54,221
04/08/2022,CMA,CA,AWP,WE,Towers with Radar,0,12,38,0,50,0,0,226,0,226,0,12,264,0,276,436,0,436,712
04/09/2022,CMA,CA,AWP,WE,Towers with Radar,0,7,39,0,46,0,0,343,0,343,0,7,382,0,389,266,0,266,655
04/10/2022,CMA,CA,AWP,WE,Towers with Radar,0,11,67,0,78,0,0,126,0,126,0,11,193,0,204,312,0,312,516
04/11/2022,CMA,CA,AWP,WE,Towers with Radar,0,12,39,0,51,0,0,52,1,53,0,12,91,1,104,264,0,264,368
04/12/2022,CMA,CA,AWP,WE,Towers with Radar,0,9,24,0,33,0,0,89,0,89,0,9,113,0,122,362,0,362,484
04/13/2022,CMA,CA,AWP,WE,Towers with Radar,0,6,36,0,42,0,0,205,2,207,0,6,241,2,249,406,0,406,655
04/14/2022,CMA,CA,AWP,WE,Towers with Radar,0,6,34,0,40,0,0,268,1,269,0,6,302,1,309,446,0,446,755
04/15/2022,CMA,CA,AWP,WE,Towers with Radar,0,10,31,0,41,0,0,268,0,268,0,10,299,0,309,432,0,432,741
04/16/2022,CMA,CA,AWP,WE,Towers with Radar,0,3,90,1,94,0,0,152,2,154,0,3,242,3,248,254,0,254,502
04/17/2022,CMA,CA,AWP,WE,Towers with Radar,0,5,42,0,47,0,0,129,0,129,0,5,171,0,176,260,0,260,436
04/18/2022,CMA,CA,AWP,WE,Towers with Radar,0,9,40,2,51,0,0,229,0,229,0,9,269,2,280,484,0,484,764
04/19/2022,CMA,CA,AWP,WE,Towers with Radar,0,5,50,1,56,0,0,195,4,199,0,5,245,5,255,428,0,428,683
04/20/2022,CMA,CA,AWP,WE,Towers with Radar,0,15,84,1,100,0,0,216,0,216,0,15,300,1,316,378,0,378,694
04/21/2022,CMA,CA,AWP,WE,Towers with Radar,0,7,79,0,86,0,0,123,0,123,0,7,202,0,209,472,0,472,681
04/22/2022,CMA,CA,AWP,WE,Towers with Radar,0,8,40,2,50,0,0,85,2,87,0,8,125,4,137,320,1,321,458
04/23/2022,CMA,CA,AWP,WE,Towers with Radar,0,5,62,0,67,0,0,267,1,268,0,5,329,1,335,346,0,346,681
04/24/2022,CMA,CA,AWP,WE,Towers with Radar,0,13,56,0,69,0,1,152,0,153,0,14,208,0,222,182,0,182,404
04/25/2022,CMA,CA,AWP,WE,Towers with Radar,0,6,64,0,70,0,1,192,0,193,0,7,256,0,263,508,0,508,771
04/26/2022,CMA,CA,AWP,WE,Towers with Radar,0,5,81,0,86,0,0,206,1,207,0,5,287,1,293,454,0,454,747
04/27/2022,CMA,CA,AWP,WE,Towers with Radar,0,19,77,2,98,0,6,171,2,179,0,25,248,4,277,299,0,299,576
04/28/2022,CMA,CA,AWP,WE,Towers with Radar,0,6,75,1,82,0,0,151,2,153,0,6,226,3,235,514,0,514,749
04/29/2022,CMA,CA,AWP,WE,Towers with Radar,0,20,39,2,61,0,0,240,3,243,0,20,279,5,304,380,0,380,684
04/30/2022,CMA,CA,AWP,WE,Towers with Radar,0,9,75,0,84,0,0,242,1,243,0,9,317,1,327,350,0,350,677
05/01/2022,CMA,CA,AWP,WE,Towers with Radar,0,16,78,2,96,0,0,250,0,250,0,16,328,2,346,234,0,234,580
05/02/2022,CMA,CA,AWP,WE,Towers with Radar,0,12,81,0,93,0,1,103,1,105,0,13,184,1,198,294,0,294,492
05/03/2022,CMA,CA,AWP,WE,Towers with Radar,0,4,73,1,78,0,2,163,0,165,0,6,236,1,243,306,0,306,549
05/04/2022,CMA,CA,AWP,WE,Towers with Radar,0,14,59,3,76,0,1,208,2,211,0,15,267,5,287,380,0,380,667
05/05/2022,CMA,CA,AWP,WE,Towers with Radar,0,12,77,2,91,0,1,131,2,134,0,13,208,4,225,278,0,278,503
05/06/2022,CMA,CA,AWP,WE,Towers with Radar,0,11,62,0,73,0,0,268,0,268,0,11,330,0,341,284,0,284,625
05/07/2022,CMA,CA,AWP,WE,Towers with Radar,0,9,62,0,71,0,1,253,0,254,0,10,315,0,325,358,0,358,683
05/08/2022,CMA,CA,AWP,WE,Towers with Radar,0,10,64,0,74,0,0,110,0,110,0,10,174,0,184,180,0,180,364
05/09/2022,CMA,CA,AWP,WE,Towers with Radar,0,8,62,2,72,0,1,191,1,193,0,9,253,3,265,262,14,276,541
05/10/2022,CMA,CA,AWP,WE,Towers with Radar,0,5,57,0,62,0,0,144,0,144,0,5,201,0,206,244,12,256,462
05/11/2022,CMA,CA,AWP,WE,Towers with Radar,0,9,53,0,62,0,0,204,4,208,0,9,257,4,270,360,0,360,630
05/12/2022,CMA,CA,AWP,WE,Towers with Radar,0,11,54,0,65,0,0,195,1,196,0,11,249,1,261,348,0,348,609
05/13/2022,CMA,CA,AWP,WE,Towers with Radar,0,13,70,0,83,0,0,228,2,230,0,13,298,2,313,316,0,316,629
05/14/2022,CMA,CA,AWP,WE,Towers with Radar,0,6,62,4,72,0,0,222,1,223,0,6,284,5,295,224,0,224,519
05/15/2022,CMA,CA,AWP,WE,Towers with Radar,0,17,43,1,61,0,0,249,0,249,0,17,292,1,310,248,0,248,558
05/16/2022,CMA,CA,AWP,WE,Towers with Radar,0,17,59,3,79,0,0,104,1,105,0,17,163,4,184,230,0,230,414
05/17/2022,CMA,CA,AWP,WE,Towers with Radar,0,4,46,0,50,0,0,129,0,129,0,4,175,0,179,392,0,392,571
05/18/2022,CMA,CA,AWP,WE,Towers with Radar,0,10,70,0,80,0,0,152,0,152,0,10,222,0,232,354,0,354,586
05/19/2022,CMA,CA,AWP,WE,Towers with Radar,0,7,109,0,116,0,0,32,0,32,0,7,141,0,148,232,0,232,380
05/20/2022,CMA,CA,AWP,WE,Towers with Radar,0,10,88,1,99,0,5,55,0,60,0,15,143,1,159,448,0,448,607
05/21/2022,CMA,CA,AWP,WE,Towers with Radar,0,9,68,0,77,0,0,156,0,156,0,9,224,0,233,304,0,304,537
05/22/2022,CMA,CA,AWP,WE,Towers with Radar,0,15,49,1,65,0,0,178,0,178,0,15,227,1,243,272,0,272,515
05/23/2022,CMA,CA,AWP,WE,Towers with Radar,0,10,55,0,65,0,0,123,0,123,0,10,178,0,188,294,0,294,482
05/24/2022,CMA,CA,AWP,WE,Towers with Radar,0,9,71,1,81,0,0,135,1,136,0,9,206,2,217,332,0,332,549
05/25/2022,CMA,CA,AWP,WE,Towers with Radar,0,12,82,0,94,0,0,170,1,171,0,12,252,1,265,282,0,282,547
05/26/2022,CMA,CA,AWP,WE,Towers with Radar,0,6,120,1,127,0,2,108,0,110,0,8,228,1,237,300,0,300,537
05/27/2022,CMA,CA,AWP,WE,Towers with Radar,0,10,83,0,93,0,0,136,0,136,0,10,219,0,229,362,0,362,591
05/28/2022,CMA,CA,AWP,WE,Towers with Radar,0,4,75,0,79,0,0,87,1,88,0,4,162,1,167,292,0,292,459
05/29/2022,CMA,CA,AWP,WE,Towers with Radar,0,6,49,1,56,0,0,161,0,161,0,6,210,1,217,210,0,210,427
05/30/2022,CMA,CA,AWP,WE,Towers with Radar,0,16,61,0,77,0,0,213,0,213,0,16,274,0,290,290,0,290,580
05/31/2022,CMA,CA,AWP,WE,Towers with Radar,0,20,71,0,91,0,0,261,1,262,0,20,332,1,353,366,0,366,719
06/01/2022,CMA,CA,AWP,WE,Towers with Radar,0,17,65,1,83,0,0,197,0,197,0,17,262,1,280,270,0,270,550
06/02/2022,CMA,CA,AWP,WE,Towers with Radar,0,7,68,0,75,0,0,218,0,218,0,7,286,0,293,356,0,356,649
06/03/2022,CMA,CA,AWP,WE,Towers with Radar,0,15,111,0,126,0,0,69,0,69,0,15,180,0,195,212,0,212,407
06/04/2022,CMA,CA,AWP,WE,Towers with Radar,0,10,90,0,100,0,0,83,0,83,0,10,173,0,183,348,0,348,531
06/05/2022,CMA,CA,AWP,WE,Towers with Radar,0,7,56,0,63,0,0,219,0,219,0,7,275,0,282,206,0,206,488
06/06/2022,CMA,CA,AWP,WE,Towers with Radar,0,4,41,0,45,0,0,133,0,133,0,4,174,0,178,362,0,362,540
06/07/2022,CMA,CA,AWP,WE,Towers with Radar,0,4,75,1,80,0,0,108,0,108,0,4,183,1,188,274,0,274,462
06/08/2022,CMA,CA,AWP,WE,Towers with Radar,0,12,83,0,95,0,0,59,0,59,0,12,142,0,154,38,0,38,192
06/09/2022,CMA,CA,AWP,WE,Towers with Radar,0,9,44,2,55,0,0,68,0,68,0,9,112,2,123,22,0,22,145
06/10/2022,CMA,CA,AWP,WE,Towers with Radar,0,22,105,0,127,0,0,77,7,84,0,22,182,7,211,10,0,10,221
06/11/2022,CMA,CA,AWP,WE,Towers with Radar,0,6,58,0,64,0,0,182,2,184,0,6,240,2,248,292,0,292,540
06/12/2022,CMA,CA,AWP,WE,Towers with Radar,0,12,83,0,95,0,2,192,0,194,0,14,275,0,289,270,0,270,559
06/13/2022,CMA,CA,AWP,WE,Towers with Radar,0,5,73,0,78,0,0,142,0,142,0,5,215,0,220,370,0,370,590
06/14/2022,CMA,CA,AWP,WE,Towers with Radar,0,9,50,1,60,0,0,194,0,194,0,9,244,1,254,350,0,350,604
06/15/2022,CMA,CA,AWP,WE,Towers with Radar,0,4,66,0,70,0,0,220,0,220,0,4,286,0,290,350,0,350,640
06/16/2022,CMA,CA,AWP,WE,Towers with Radar,0,7,107,1,115,0,0,84,1,85,0,7,191,2,200,272,18,290,490
06/17/2022,CMA,CA,AWP,WE,Towers with Radar,0,11,65,0,76,0,0,199,0,199,0,11,264,0,275,364,0,364,639
06/18/2022,CMA,CA,AWP,WE,Towers with Radar,0,5,59,1,65,0,0,280,0,280,0,5,339,1,345,244,0,244,589
06/19/2022,CMA,CA,AWP,WE,Towers with Radar,0,10,52,1,63,0,0,225,2,227,0,10,277,3,290,208,0,208,498
06/20/2022,CMA,CA,AWP,WE,Towers with Radar,0,12,60,0,72,0,0,218,2,220,0,12,278,2,292,415,0,415,707
06/21/2022,CMA,CA,AWP,WE,Towers with Radar,0,6,55,1,62,0,0,207,0,207,0,6,262,1,269,426,0,426,695
06/22/2022,CMA,CA,AWP,WE,Towers with Radar,0,3,55,0,58,0,0,76,0,76,0,3,131,0,134,170,0,170,304
06/23/2022,CMA,CA,AWP,WE,Towers with Radar,0,9,38,0,47,0,0,227,0,227,0,9,265,0,274,300,0,300,574
06/24/2022,CMA,CA,AWP,WE,Towers with Radar,0,6,65,0,71,0,0,225,0,225,0,6,290,0,296,294,0,294,590
06/25/2022,CMA,CA,AWP,WE,Towers with Radar,0,7,42,0,49,0,0,252,1,253,0,7,294,1,302,352,0,352,654
06/26/2022,CMA,CA,AWP,WE,Towers with Radar,0,8,36,0,44,0,0,306,0,306,0,8,342,0,350,220,0,220,570
06/27/2022,CMA,CA,AWP,WE,Towers with Radar,0,9,51,2,62,0,0,231,0,231,0,9,282,2,293,402,0,402,695
06/28/2022,CMA,CA,AWP,WE,Towers with Radar,0,5,37,0,42,0,0,205,0,205,0,5,242,0,247,402,0,402,649
06/29/2022,CMA,CA,AWP,WE,Towers with Radar,0,7,56,0,63,0,0,178,0,178,0,7,234,0,241,318,0,318,559
06/30/2022,CMA,CA,AWP,WE,Towers with Radar,0,7,80,1,88,0,0,174,0,174,0,7,254,1,262,296,0,296,558
07/01/2022,CMA,CA,AWP,WE,Towers with Radar,0,13,68,0,81,0,0,199,0,199,0,13,267,0,280,268,0,268,548
07/02/2022,CMA,CA,AWP,WE,Towers with Radar,0,7,49,0,56,0,0,241,0,241,0,7,290,0,297,302,0,302,599
07/03/2022,CMA,CA,AWP,WE,Towers with Radar,0,5,54,0,59,0,0,196,1,197,0,5,250,1,256,208,0,208,464
07/04/2022,CMA,CA,AWP,WE,Towers with Radar,0,5,25,0,30,0,0,140,0,140,0,5,165,0,170,158,0,158,328
07/05/2022,CMA,CA,AWP,WE,Towers with Radar,0,14,48,1,63,0,0,160,0,160,0,14,208,1,223,348,0,348,571
07/06/2022,CMA,CA,AWP,WE,Towers with Radar,0,13,77,0,90,0,0,151,0,151,0,13,228,0,241,284,0,284,525
07/07/2022,CMA,CA,AWP,WE,Towers with Radar,0,9,58,0,67,0,0,186,0,186,0,9,244,0,253,366,0,366,619
07/08/2022,CMA,CA,AWP,WE,Towers with Radar,0,9,52,0,61,0,0,166,3,169,0,9,218,3,230,234,0,234,464
07/09/2022,CMA,CA,AWP,WE,Towers with Radar,0,2,46,0,48,0,0,155,0,155,0,2,201,0,203,306,0,306,509
07/10/2022,CMA,CA,AWP,WE,Towers with Radar,0,4,30,0,34,0,0,249,0,249,0,4,279,0,283,352,0,352,635
07/11/2022,CMA,CA,AWP,WE,Towers with Radar,0,8,78,0,86,0,0,139,0,139,0,8,217,0,225,184,0,184,409
07/12/2022,CMA,CA,AWP,WE,Towers with Radar,0,6,58,0,64,0,0,102,1,103,0,6,160,1,167,248,0,248,415
07/13/2022,CMA,CA,AWP,WE,Towers with Radar,0,2,94,0,96,0,0,141,0,141,0,2,235,0,237,298,0,298,535
07/14/2022,CMA,CA,AWP,WE,Towers with Radar,0,7,47,3,57,0,0,189,0,189,0,7,236,3,246,354,0,354,600
07/15/2022,CMA,CA,AWP,WE,Towers with Radar,0,8,64,0,72,0,0,271,0,271,0,8,335,0,343,328,0,328,671
07/16/2022,CMA,CA,AWP,WE,Towers with Radar,0,9,52,1,62,0,0,217,0,217,0,9,269,1,279,180,0,180,459
07/17/2022,CMA,CA,AWP,WE,Towers with Radar,0,12,60,0,72,0,1,204,0,205,0,13,264,0,277,258,0,258,535
07/18/2022,CMA,CA,AWP,WE,Towers with Radar,0,5,48,3,56,0,0,164,0,164,0,5,212,3,220,402,0,402,622
07/19/2022,CMA,CA,AWP,WE,Towers with Radar,0,7,44,0,51,0,0,193,0,193,0,7,237,0,244,448,0,448,692
07/20/2022,CMA,CA,AWP,WE,Towers with Radar,0,3,65,3,71,0,0,226,1,227,0,3,291,4,298,332,0,332,630
07/21/2022,CMA,CA,AWP,WE,Towers with Radar,0,5,56,1,62,0,0,168,1,169,0,5,224,2,231,292,0,292,523
07/22/2022,CMA,CA,AWP,WE,Towers with Radar,0,10,70,8,88,0,0,191,0,191,0,10,261,8,279,344,0,344,623
07/23/2022,CMA,CA,AWP,WE,Towers with Radar,0,4,73,0,77,0,0,161,0,161,0,4,234,0,238,358,0,358,596
07/24/2022,CMA,CA,AWP,WE,Towers with Radar,0,8,64,0,72,0,0,145,0,145,0,8,209,0,217,278,0,278,495
07/25/2022,CMA,CA,AWP,WE,Towers with Radar,0,12,83,0,95,0,0,123,0,123,0,12,206,0,218,202,0,202,420
07/26/2022,CMA,CA,AWP,WE,Towers with Radar,0,14,66,3,83,0,0,134,0,134,0,14,200,3,217,206,0,206,423
07/27/2022,CMA,CA,AWP,WE,Towers with Radar,0,15,77,1,93,0,0,154,1,155,0,15,231,2,248,318,0,318,566
07/28/2022,CMA,CA,AWP,WE,Towers with Radar,0,11,57,0,68,0,0,183,0,183,0,11,240,0,251,338,0,338,589
07/29/2022,CMA,CA,AWP,WE,Towers with Radar,0,4,55,2,61,0,0,187,0,187,0,4,242,2,248,384,0,384,632
07/30/2022,CMA,CA,AWP,WE,Towers with Radar,0,6,47,0,53,0,0,206,1,207,0,6,253,1,260,314,0,314,574
07/31/2022,CMA,CA,AWP,WE,Towers with Radar,0,5,53,1,59,0,0,190,0,190,0,5,243,1,249,266,0,266,515
08/01/2022,CMA,CA,AWP,WE,Towers with Radar,0,7,59,0,66,0,0,136,2,138,0,7,195,2,204,258,0,258,462
08/02/2022,CMA,CA,AWP,WE,Towers with Radar,0,15,51,0,66,0,0,196,3,199,0,15,247,3,265,374,0,374,639
08/03/2022,CMA,CA,AWP,WE,Towers with Radar,0,12,65,0,77,0,1,193,4,198,0,13,258,4,275,352,0,352,627
08/04/2022,CMA,CA,AWP,WE,Towers with Radar,0,13,58,1,72,0,0,206,1,207,0,13,264,2,279,240,0,240,519
08/05/2022,CMA,CA,AWP,WE,Towers with Radar,0,5,50,0,55,0,0,250,4,254,0,5,300,4,309,334,0,334,643
08/06/2022,CMA,CA,AWP,WE,Towers with Radar,0,6,60,1,67,0,0,248,0,248,0,6,308,1,315,207,0,207,522
08/07/2022,CMA,CA,AWP,WE,Towers with Radar,0,8,80,0,88,0,1,229,0,230,0,9,309,0,318,272,0,272,590
08/08/2022,CMA,CA,AWP,WE,Towers with Radar,0,16,56,3,75,0,0,222,1,223,0,16,278,4,298,324,0,324,622
08/09/2022,CMA,CA,AWP,WE,Towers with Radar,0,11,59,0,70,0,0,212,3,215,0,11,271,3,285,306,0,306,591
08/10/2022,CMA,CA,AWP,WE,Towers with Radar,0,4,62,1,67,0,0,211,6,217,0,4,273,7,284,306,0,306,590
08/11/2022,CMA,CA,AWP,WE,Towers with Radar,0,8,61,0,69,0,0,234,3,237,0,8,295,3,306,346,0,346,652
08/12/2022,CMA,CA,AWP,WE,Towers with Radar,0,4,67,2,73,0,0,238,0,238,0,4,305,2,311,294,0,294,605
08/13/2022,CMA,CA,AWP,WE,Towers with Radar,0,4,47,0,51,0,0,234,3,237,0,4,281,3,288,348,0,348,636
08/14/2022,CMA,CA,AWP,WE,Towers with Radar,0,10,48,0,58,0,1,230,0,231,0,11,278,0,289,318,0,318,607
08/15/2022,CMA,CA,AWP,WE,Towers with Radar,0,8,50,0,58,0,0,195,0,195,0,8,245,0,253,384,0,384,637
08/16/2022,CMA,CA,AWP,WE,Towers with Radar,0,9,56,1,66,0,2,208,1,211,0,11,264,2,277,422,0,422,699
08/17/2022,CMA,CA,AWP,WE,Towers with Radar,0,8,54,0,62,0,1,183,0,184,0,9,237,0,246,360,0,360,606
08/18/2022,CMA,CA,AWP,WE,Towers with Radar,0,9,70,3,82,0,0,174,1,175,0,9,244,4,257,224,0,224,481
08/19/2022,CMA,CA,AWP,WE,Towers with Radar,0,11,39,2,52,0,0,214,2,216,0,11,253,4,268,236,0,236,504
08/20/2022,CMA,CA,AWP,WE,Towers with Radar,0,3,25,1,29,0,0,79,0,79,0,3,104,1,108,118,2,120,228
08/21/2022,CMA,CA,AWP,WE,Towers with Radar,0,0,10,0,10,0,0,13,1,14,0,0,23,1,24,30,0,30,54
08/22/2022,CMA,CA,AWP,WE,Towers with Radar,0,7,56,3,66,0,0,122,0,122,0,7,178,3,188,300,0,300,488
08/23/2022,CMA,CA,AWP,WE,Towers with Radar,0,7,48,1,56,0,0,153,0,153,0,7,201,1,209,268,0,268,477
08/24/2022,CMA,CA,AWP,WE,Towers with Radar,0,14,81,1,96,0,0,185,4,189,0,14,266,5,285,342,0,342,627
08/25/2022,CMA,CA,AWP,WE,Towers with Radar,0,9,85,6,100,0,0,244,0,244,0,9,329,6,344,248,0,248,592
08/26/2022,CMA,CA,AWP,WE,Towers with Radar,0,8,74,0,82,0,0,214,4,218,0,8,288,4,300,292,0,292,592
08/27/2022,CMA,CA,AWP,WE,Towers with Radar,0,5,73,1,79,0,0,223,1,224,0,5,296,2,303,284,0,284,587
08/28/2022,CMA,CA,AWP,WE,Towers with Radar,0,7,57,0,64,0,0,199,0,199,0,7,256,0,263,184,0,184,447
08/29/2022,CMA,CA,AWP,WE,Towers with Radar,0,8,33,1,42,0,0,193,0,193,0,8,226,1,235,284,0,284,519
08/30/2022,CMA,CA,AWP,WE,Towers with Radar,0,5,49,1,55,0,2,200,0,202,0,7,249,1,257,370,0,370,627
08/31/2022,CMA,CA,AWP,WE,Towers with Radar,0,13,32,0,45,0,0,219,0,219,0,13,251,0,264,309,0,309,573
09/01/2022,CMA,CA,AWP,WE,Towers with Radar,0,14,69,0,83,0,0,180,2,182,0,14,249,2,265,250,0,250,515
09/02/2022,CMA,CA,AWP,WE,Towers with Radar,0,18,67,0,85,0,0,213,2,215,0,18,280,2,300,332,0,332,632
09/03/2022,CMA,CA,AWP,WE,Towers with Radar,0,12,36,1,49,0,0,223,1,224,0,12,259,2,273,222,0,222,495
09/04/2022,CMA,CA,AWP,WE,Towers with Radar,0,5,30,0,35,0,0,146,0,146,0,5,176,0,181,164,0,164,345
09/05/2022,CMA,CA,AWP,WE,Towers with Radar,0,11,46,0,57,0,0,182,0,182,0,11,228,0,239,244,0,244,483
09/06/2022,CMA,CA,AWP,WE,Towers with Radar,0,6,55,1,62,0,0,201,0,201,0,6,256,1,263,382,0,382,645
09/07/2022,CMA,CA,AWP,WE,Towers with Radar,0,12,68,1,81,0,13,165,1,179,0,25,233,2,260,330,0,330,590
09/08/2022,CMA,CA,AWP,WE,Towers with Radar,0,6,65,1,72,0,0,173,2,175,0,6,238,3,247,324,0,324,571
09/09/2022,CMA,CA,AWP,WE,Towers with Radar,0,11,46,0,57,0,0,167,0,167,0,11,213,0,224,302,0,302,526
09/10/2022,CMA,CA,AWP,WE,Towers with Radar,0,8,28,3,39,0,0,98,0,98,0,8,126,3,137,300,0,300,437
09/11/2022,CMA,CA,AWP,WE,Towers with Radar,0,9,43,0,52,0,0,124,2,126,0,9,167,2,178,256,0,256,434
09/12/2022,CMA,CA,AWP,WE,Towers with Radar,0,4,54,1,59,0,0,178,1,179,0,4,232,2,238,264,4,268,506
09/13/2022,CMA,CA,AWP,WE,Towers with Radar,0,3,76,1,80,0,0,201,2,203,0,3,277,3,283,370,0,370,653
09/14/2022,CMA,CA,AWP,WE,Towers with Radar,0,5,52,3,60,0,0,213,2,215,0,5,265,5,275,322,0,322,597
09/15/2022,CMA,CA,AWP,WE,Towers with Radar,0,8,63,1,72,0,0,200,2,202,0,8,263,3,274,204,0,204,478
09/16/2022,CMA,CA,AWP,WE,Towers with Radar,0,10,88,0,98,0,0,301,2,303,0,10,389,2,401,438,0,438,839
09/17/2022,CMA,CA,AWP,WE,Towers with Radar,0,2,71,1,74,0,0,151,0,151,0,2,222,1,225,386,0,386,611
09/18/2022,CMA,CA,AWP,WE,Towers with Radar,0,4,92,0,96,0,0,121,0,121,0,4,213,0,217,284,0,284,501
09/19/2022,CMA,CA,AWP,WE,Towers with Radar,0,5,71,0,76,0,0,151,0,151,0,5,222,0,227,332,0,332,559
09/20/2022,CMA,CA,AWP,WE,Towers with Radar,0,2,70,1,73,0,0,97,0,97,0,2,167,1,170,448,0,448,618
09/21/2022,CMA,CA,AWP,WE,Towers with Radar,0,10,60,0,70,0,0,183,0,183,0,10,243,0,253,350,0,350,603
09/22/2022,CMA,CA,AWP,WE,Towers with Radar,0,5,51,0,56,0,0,206,0,206,0,5,257,0,262,398,0,398,660
09/23/2022,CMA,CA,AWP,WE,Towers with Radar,0,5,51,0,56,0,0,234,1,235,0,5,285,1,291,502,0,502,793
09/24/2022,CMA,CA,AWP,WE,Towers with Radar,0,2,40,3,45,0,0,271,5,276,0,2,311,8,321,370,0,370,691
09/25/2022,CMA,CA,AWP,WE,Towers with Radar,0,11,65,0,76,0,0,207,1,208,0,11,272,1,284,202,0,202,486
09/26/2022,CMA,CA,AWP,WE,Towers with Radar,0,6,37,0,43,0,0,183,1,184,0,6,220,1,227,452,0,452,679
09/27/2022,CMA,CA,AWP,WE,Towers with Radar,0,7,47,0,54,0,0,207,0,207,0,7,254,0,261,524,0,524,785
09/28/2022,CMA,CA,AWP,WE,Towers with Radar,0,3,23,1,27,0,0,228,0,228,0,3,251,1,255,416,0,416,671
09/29/2022,CMA,CA,AWP,WE,Towers with Radar,0,14,70,0,84,0,0,187,1,188,0,14,257,1,272,452,0,452,724
09/30/2022,CMA,CA,AWP,WE,Towers with Radar,0,7,84,0,91,0,0,186,6,192,0,7,270,6,283,364,0,364,647
10/01/2022,CMA,CA,AWP,WE,Towers with Radar,0,6,45,0,51,0,0,187,0,187,0,6,232,0,238,314,0,314,552
10/02/2022,CMA,CA,AWP,WE,Towers with Radar,0,2,54,0,56,0,0,159,4,163,0,2,213,4,219,212,0,212,431
10/03/2022,CMA,CA,AWP,WE,Towers with Radar,0,8,34,1,43,0,0,184,0,184,0,8,218,1,227,314,0,314,541
10/04/2022,CMA,CA,AWP,WE,Towers with Radar,0,11,31,1,43,0,0,168,3,171,0,11,199,4,214,378,0,378,592
10/05/2022,CMA,CA,AWP,WE,Towers with Radar,0,9,81,0,90,0,0,133,0,133,0,9,214,0,223,187,10,197,420
10/06/2022,CMA,CA,AWP,WE,Towers with Radar,0,11,89,0,100,0,0,61,0,61,0,11,150,0,161,148,0,148,309
10/07/2022,CMA,CA,AWP,WE,Towers with Radar,0,17,70,0,87,0,0,151,0,151,0,17,221,0,238,360,0,360,598
10/08/2022,CMA,CA,AWP,WE,Towers with Radar,0,15,68,0,83,0,0,94,0,94,0,15,162,0,177,116,0,116,293
10/09/2022,CMA,CA,AWP,WE,Towers with Radar,0,8,64,0,72,0,0,113,0,113,0,8,177,0,185,126,0,126,311
10/10/2022,CMA,CA,AWP,WE,Towers with Radar,0,12,75,0,87,0,0,71,0,71,0,12,146,0,158,236,0,236,394
10/11/2022,CMA,CA,AWP,WE,Towers with Radar,0,12,101,4,117,0,0,83,0,83,0,12,184,4,200,400,0,400,600
10/12/2022,CMA,CA,AWP,WE,Towers with Radar,0,8,69,1,78,0,0,89,0,89,0,8,158,1,167,191,0,191,358
10/13/2022,CMA,CA,AWP,WE,Towers with Radar,0,12,96,4,112,0,0,43,0,43,0,12,139,4,155,0,0,0,155
10/14/2022,CMA,CA,AWP,WE,Towers with Radar,0,6,95,2,103,0,0,31,0,31,0,6,126,2,134,186,0,186,320
10/15/2022,CMA,CA,AWP,WE,Towers with Radar,0,7,63,0,70,0,0,38,0,38,0,7,101,0,108,328,0,328,436
10/16/2022,CMA,CA,AWP,WE,Towers with Radar,0,7,83,0,90,0,0,87,0,87,0,7,170,0,177,324,0,324,501
10/17/2022,CMA,CA,AWP,WE,Towers with Radar,0,4,60,1,65,0,0,194,0,194,0,4,254,1,259,386,0,386,645
10/18/2022,CMA,CA,AWP,WE,Towers with Radar,0,5,75,1,81,0,1,213,4,218,0,6,288,5,299,282,0,282,581
10/19/2022,CMA,CA,AWP,WE,Towers with Radar,0,13,40,2,55,0,1,206,0,207,0,14,246,2,262,330,0,330,592
10/20/2022,CMA,CA,AWP,WE,Towers with Radar,0,4,41,2,47,0,0,215,2,217,0,4,256,4,264,470,1,471,735
10/21/2022,CMA,CA,AWP,WE,Towers with Radar,0,20,58,3,81,0,1,233,0,234,0,21,291,3,315,250,0,250,565
10/22/2022,CMA,CA,AWP,WE,Towers with Radar,0,3,73,0,76,0,0,88,0,88,0,3,161,0,164,340,0,340,504
10/23/2022,CMA,CA,AWP,WE,Towers with Radar,0,13,45,2,60,0,0,201,0,201,0,13,246,2,261,122,0,122,383
10/24/2022,CMA,CA,AWP,WE,Towers with Radar,0,8,47,0,55,0,0,106,0,106,0,8,153,0,161,104,0,104,265
10/25/2022,CMA,CA,AWP,WE,Towers with Radar,0,4,65,0,69,0,1,160,2,163,0,5,225,2,232,246,0,246,478
10/26/2022,CMA,CA,AWP,WE,Towers with Radar,0,6,47,2,55,0,0,202,2,204,0,6,249,4,259,322,0,322,581
10/27/2022,CMA,CA,AWP,WE,Towers with Radar,0,5,52,2,59,0,0,208,2,210,0,5,260,4,269,320,0,320,589
10/28/2022,CMA,CA,AWP,WE,Towers with Radar,0,6,58,2,66,0,0,222,1,223,0,6,280,3,289,322,0,322,611
10/29/2022,CMA,CA,AWP,WE,Towers with Radar,0,6,52,0,58,0,0,233,2,235,0,6,285,2,293,198,0,198,491
10/30/2022,CMA,CA,AWP,WE,Towers with Radar,0,9,55,0,64,0,0,175,0,175,0,9,230,0,239,262,0,262,501
10/31/2022,CMA,CA,AWP,WE,Towers with Radar,0,5,44,0,49,0,0,127,0,127,0,5,171,0,176,326,0,326,502
11/01/2022,CMA,CA,AWP,WE,Towers with Radar,0,6,61,0,67,0,0,92,0,92,0,6,153,0,159,342,0,342,501
11/02/2022,CMA,CA,AWP,WE,Towers with Radar,0,2,35,0,37,0,0,76,1,77,0,2,111,1,114,261,0,261,375
11/03/2022,CMA,CA,AWP,WE,Towers with Radar,0,8,47,2,57,0,0,122,0,122,0,8,169,2,179,266,0,266,445
11/04/2022,CMA,CA,AWP,WE,Towers with Radar,0,6,80,3,89,0,0,251,0,251,0,6,331,3,340,328,0,328,668
11/05/2022,CMA,CA,AWP,WE,Towers with Radar,0,5,74,0,79,0,0,224,0,224,0,5,298,0,303,253,0,253,556
11/06/2022,CMA,CA,AWP,WE,Towers with Radar,0,4,93,0,97,0,0,133,0,133,0,4,226,0,230,130,0,130,360
11/07/2022,CMA,CA,AWP,WE,Towers with Radar,0,7,47,0,54,0,0,3,3,6,0,7,50,3,60,10,0,10,70
11/08/2022,CMA,CA,AWP,WE,Towers with Radar,0,4,34,0,38,0,0,5,2,7,0,4,39,2,45,8,0,8,53
11/09/2022,CMA,CA,AWP,WE,Towers with Radar,0,6,86,0,92,0,2,184,0,186,0,8,270,0,278,350,0,350,628
11/10/2022,CMA,CA,AWP,WE,Towers with Radar,0,1,54,3,58,0,0,233,1,234,0,1,287,4,292,252,0,252,544
11/11/2022,CMA,CA,AWP,WE,Towers with Radar,0,4,74,0,78,0,0,197,0,197,0,4,271,0,275,356,0,356,631
11/12/2022,CMA,CA,AWP,WE,Towers with Radar,0,4,61,0,65,0,0,213,0,213,0,4,274,0,278,226,0,226,504
11/13/2022,CMA,CA,AWP,WE,Towers with Radar,0,6,35,0,41,0,0,167,0,167,0,6,202,0,208,242,0,242,450
11/14/2022,CMA,CA,AWP,WE,Towers with Radar,0,9,54,2,65,0,0,181,1,182,0,9,235,3,247,409,0,409,656
11/15/2022,CMA,CA,AWP,WE,Towers with Radar,0,6,37,0,43,0,0,108,0,108,0,6,145,0,151,130,0,130,281
11/16/2022,CMA,CA,AWP,WE,Towers with Radar,0,12,28,5,45,0,0,32,0,32,0,12,60,5,77,26,0,26,103
11/17/2022,CMA,CA,AWP,WE,Towers with Radar,0,1,62,0,63,0,1,160,0,161,0,2,222,0,224,200,0,200,424
11/18/2022,CMA,CA,AWP,WE,Towers with Radar,0,6,67,2,75,0,0,214,2,216,0,6,281,4,291,234,0,234,525
11/19/2022,CMA,CA,AWP,WE,Towers with Radar,0,5,14,0,19,0,0,21,0,21,0,5,35,0,40,6,0,6,46
11/20/2022,CMA,CA,AWP,WE,Towers with Radar,0,1,31,0,32,0,0,148,0,148,0,1,179,0,180,184,0,184,364
11/21/2022,CMA,CA,AWP,WE,Towers with Radar,0,4,38,0,42,0,0,181,0,181,0,4,219,0,223,394,0,394,617
11/22/2022,CMA,CA,AWP,WE,Towers with Radar,0,19,44,1,64,0,0,202,0,202,0,19,246,1,266,332,0,332,598
11/23/2022,CMA,CA,AWP,WE,Towers with Radar,0,7,66,1,74,0,2,198,1,201,0,9,264,2,275,264,0,264,539
11/24/2022,CMA,CA,AWP,WE,Towers with Radar,0,2,4,0,6,0,0,14,0,14,0,2,18,0,20,0,0,0,20
11/25/2022,CMA,CA,AWP,WE,Towers with Radar,0,3,31,0,34,0,0,172,0,172,0,3,203,0,206,142,0,142,348
11/26/2022,CMA,CA,AWP,WE,Towers with Radar,0,10,42,0,52,0,0,233,0,233,0,10,275,0,285,236,0,236,521
11/27/2022,CMA,CA,AWP,WE,Towers with Radar,0,16,55,1,72,0,2,145,0,147,0,18,200,1,219,240,0,240,459
11/28/2022,CMA,CA,AWP,WE,Towers with Radar,0,13,71,0,84,0,0,93,0,93,0,13,164,0,177,302,0,302,479
11/29/2022,CMA,CA,AWP,WE,Towers with Radar,0,5,48,0,53,0,0,164,1,165,0,5,212,1,218,330,0,330,548
11/30/2022,CMA,CA,AWP,WE,Towers with Radar,0,10,66,1,77,0,0,86,0,86,0,10,152,1,163,300,0,300,463
12/01/2022,CMA,CA,AWP,WE,Towers with Radar,0,2,59,2,63,0,0,35,0,35,0,2,94,2,98,278,0,278,376
12/02/2022,CMA,CA,AWP,WE,Towers with Radar,0,8,61,0,69,0,4,5,0,9,0,12,66,0,78,70,0,70,148
12/03/2022,CMA,CA,AWP,WE,Towers with Radar,0,17,58,0,75,0,0,146,0,146,0,17,204,0,221,228,0,228,449
12/04/2022,CMA,CA,AWP,WE,Towers with Radar,0,2,69,1,72,0,0,3,0,3,0,2,72,1,75,12,0,12,87
12/05/2022,CMA,CA,AWP,WE,Towers with Radar,0,10,49,0,59,0,0,145,2,147,0,10,194,2,206,303,0,303,509
12/06/2022,CMA,CA,AWP,WE,Towers with Radar,0,5,58,0,63,0,0,130,0,130,0,5,188,0,193,390,0,390,583
12/07/2022,CMA,CA,AWP,WE,Towers with Radar,0,7,79,3,89,0,0,233,0,233,0,7,312,3,322,322,0,322,644
12/08/2022,CMA,CA,AWP,WE,Towers with Radar,0,5,49,0,54,0,1,261,0,262,0,6,310,0,316,296,0,296,612
12/09/2022,CMA,CA,AWP,WE,Towers with Radar,0,6,63,2,71,0,1,242,0,243,0,7,305,2,314,322,0,322,636
12/10/2022,CMA,CA,AWP,WE,Towers with Radar,0,0,33,0,33,0,0,10,0,10,0,0,43,0,43,132,0,132,175
12/11/2022,CMA,CA,AWP,WE,Towers with Radar,0,15,17,0,32,0,0,30,2,32,0,15,47,2,64,82,0,82,146
12/12/2022,CMA,CA,AWP,WE,Towers with Radar,0,9,39,1,49,0,13,88,0,101,0,22,127,1,150,364,0,364,514
12/13/2022,CMA,CA,AWP,WE,Towers with Radar,0,7,56,0,63,0,0,236,0,236,0,7,292,0,299,372,0,372,671
12/14/2022,CMA,CA,AWP,WE,Towers with Radar,0,2,75,1,78,0,0,175,0,175,0,2,250,1,253,334,0,334,587
12/15/2022,CMA,CA,AWP,WE,Towers with Radar,0,3,55,0,58,0,0,193,1,194,0,3,248,1,252,306,0,306,558
12/16/2022,CMA,CA,AWP,WE,Towers with Radar,0,11,39,0,50,0,0,153,0,153,0,11,192,0,203,230,0,230,433
12/17/2022,CMA,CA,AWP,WE,Towers with Radar,0,11,38,0,49,0,0,180,0,180,0,11,218,0,229,208,0,208,437
12/18/2022,CMA,CA,AWP,WE,Towers with Radar,0,12,55,0,67,0,0,225,0,225,0,12,280,0,292,194,0,194,486
12/19/2022,CMA,CA,AWP,WE,Towers with Radar,0,6,52,0,58,0,0,221,0,221,0,6,273,0,279,478,0,478,757
12/20/2022,CMA,CA,AWP,WE,Towers with Radar,0,7,52,0,59,0,0,228,0,228,0,7,280,0,287,430,0,430,717
12/21/2022,CMA,CA,AWP,WE,Towers with Radar,0,7,56,0,63,0,0,204,0,204,0,7,260,0,267,342,0,342,609
12/22/2022,CMA,CA,AWP,WE,Towers with Radar,0,12,71,0,83,0,0,205,0,205,0,12,276,0,288,222,0,222,510
12/23/2022,CMA,CA,AWP,WE,Towers with Radar,0,4,53,0,57,0,0,193,0,193,0,4,246,0,250,258,0,258,508
12/24/2022,CMA,CA,AWP,WE,Towers with Radar,0,3,26,0,29,0,0,130,0,130,0,3,156,0,159,132,0,132,291
12/25/2022,CMA,CA,AWP,WE,Towers with Radar,0,4,10,0,14,0,0,46,0,46,0,4,56,0,60,26,0,26,86
12/26/2022,CMA,CA,AWP,WE,Towers with Radar,0,11,80,0,91,0,0,194,2,196,0,11,274,2,287,228,20,248,535
12/27/2022,CMA,CA,AWP,WE,Towers with Radar,0,5,47,0,52,0,0,49,0,49,0,5,96,0,101,110,0,110,211
12/28/2022,CMA,CA,AWP,WE,Towers with Radar,0,0,57,0,57,0,1,132,0,133,0,1,189,0,190,303,0,303,493
12/29/2022,CMA,CA,AWP,WE,Towers with Radar,0,3,50,0,53,0,0,42,0,42,0,3,92,0,95,238,0,238,333
12/30/2022,CMA,CA,AWP,WE,Towers with Radar,0,9,87,0,96,0,0,0,0,0,0,9,87,0,96,0,0,0,96
12/31/2022,CMA,CA,AWP,WE,Towers with Radar,0,1,23,0,24,0,0,0,0,0,0,1,23,0,24,0,0,0,24
01/01/2023,CMA,CA,AWP,WE,Towers with Radar,0,11,21,0,32,0,0,27,0,27,0,11,48,0,59,40,0,40,99
01/02/2023,CMA,CA,AWP,WE,Towers with Radar,0,7,58,0,65,0,0,135,0,135,0,7,193,0,200,266,0,266,466
01/03/2023,CMA,CA,AWP,WE,Towers with Radar,0,9,58,0,67,0,0,36,0,36,0,9,94,0,103,212,0,212,315
01/04/2023,CMA,CA,AWP,WE,Towers with Radar,0,13,27,0,40,0,0,8,0,8,0,13,35,0,48,52,0,52,100
01/05/2023,CMA,CA,AWP,WE,Towers with Radar,0,0,19,0,19,0,0,25,0,25,0,0,44,0,44,48,0,48,92
01/06/2023,CMA,CA,AWP,WE,Towers with Radar,0,5,53,0,58,0,0,308,0,308,0,5,361,0,366,164,0,164,530
01/07/2023,CMA,CA,AWP,WE,Towers with Radar,0,2,42,0,44,0,0,280,0,280,0,2,322,0,324,246,1,247,571
01/08/2023,CMA,CA,AWP,WE,Towers with Radar,0,10,55,0,65,0,0,65,0,65,0,10,120,0,130,270,0,270,400
01/09/2023,CMA,CA,AWP,WE,Towers with Radar,0,1,25,0,26,0,0,3,0,3,0,1,28,0,29,0,0,0,29
01/10/2023,CMA,CA,AWP,WE,Towers with Radar,0,8,20,0,28,0,0,32,0,32,0,8,52,0,60,42,0,42,102
01/11/2023,CMA,CA,AWP,WE,Towers with Radar,0,17,42,0,59,0,0,160,0,160,0,17,202,0,219,423,0,423,642
01/12/2023,CMA,CA,AWP,WE,Towers with Radar,0,9,64,0,73,0,0,178,0,178,0,9,242,0,251,292,0,292,543
01/13/2023,CMA,CA,AWP,WE,Towers with Radar,0,5,80,0,85,0,0,210,0,210,0,5,290,0,295,372,0,372,667
01/14/2023,CMA,CA,AWP,WE,Towers with Radar,0,5,12,0,17,0,0,0,0,0,0,5,12,0,17,0,0,0,17
01/15/2023,CMA,CA,AWP,WE,Towers with Radar,0,2,55,0,57,0,0,32,0,32,0,2,87,0,89,170,0,170,259
01/16/2023,CMA,CA,AWP,WE,Towers with Radar,0,11,29,0,40,0,0,22,1,23,0,11,51,1,63,20,18,38,101
01/17/2023,CMA,CA,AWP,WE,Towers with Radar,0,7,52,0,59,0,0,200,1,201,0,7,252,1,260,230,0,230,490
01/18/2023,CMA,CA,AWP,WE,Towers with Radar,0,8,55,2,65,0,0,212,0,212,0,8,267,2,277,280,0,280,557
01/19/2023,CMA,CA,AWP,WE,Towers with Radar,0,10,80,0,90,0,0,116,0,116,0,10,196,0,206,242,0,242,448
01/20/2023,CMA,CA,AWP,WE,Towers with Radar,0,6,45,1,52,0,0,190,2,192,0,6,235,3,244,394,0,394,638
01/21/2023,CMA,CA,AWP,WE,Towers with Radar,0,4,32,0,36,0,0,277,0,277,0,4,309,0,313,268,0,268,581
01/22/2023,CMA,CA,AWP,WE,Towers with Radar,0,18,50,2,70,0,0,236,2,238,0,18,286,4,308,184,0,184,492
01/23/2023,CMA,CA,AWP,WE,Towers with Radar,0,9,25,0,34,0,0,102,1,103,0,9,127,1,137,192,0,192,329
01/24/2023,CMA,CA,AWP,WE,Towers with Radar,0,5,47,1,53,0,0,196,3,199,0,5,243,4,252,274,0,274,526
01/25/2023,CMA,CA,AWP,WE,Towers with Radar,0,10,31,3,44,0,0,157,0,157,0,10,188,3,201,92,0,92,293
01/26/2023,CMA,CA,AWP,WE,Towers with Radar,0,2,25,2,29,0,0,36,0,36,0,2,61,2,65,46,0,46,111
01/27/2023,CMA,CA,AWP,WE,Towers with Radar,0,8,70,0,78,0,0,285,0,285,0,8,355,0,363,330,0,330,693
01/28/2023,CMA,CA,AWP,WE,Towers with Radar,0,6,62,0,68,0,0,267,0,267,0,6,329,0,335,234,0,234,569
01/29/2023,CMA,CA,AWP,WE,Towers with Radar,0,8,62,1,71,0,0,44,0,44,0,8,106,1,115,270,0,270,385
01/30/2023,CMA,CA,AWP,WE,Towers with Radar,0,8,32,0,40,0,0,78,0,78,0,8,110,0,118,276,0,276,394
01/31/2023,CMA,CA,AWP,WE,Towers with Radar,0,17,21,0,38,0,0,54,0,54,0,17,75,0,92,0,0,0,92
02/01/2023,CMA,CA,AWP,WE,Towers with Radar,0,14,40,1,55,0,0,213,0,213,0,14,253,1,268,298,0,298,566
02/02/2023,CMA,CA,AWP,WE,Towers with Radar,0,8,71,0,79,0,0,185,0,185,0,8,256,0,264,299,0,299,563
02/03/2023,CMA,CA,AWP,WE,Towers with Radar,0,12,49,2,63,0,3,220,0,223,0,15,269,2,286,275,0,275,561
02/04/2023,CMA,CA,AWP,WE,Towers with Radar,0,6,50,1,57,0,1,358,0,359,0,7,408,1,416,198,0,198,614
02/05/2023,CMA,CA,AWP,WE,Towers with Radar,0,9,41,0,50,0,0,86,0,86,0,9,127,0,136,138,0,138,274
02/06/2023,CMA,CA,AWP,WE,Towers with Radar,0,11,53,0,64,0,0,151,0,151,0,11,204,0,215,404,0,404,619
02/07/2023,CMA,CA,AWP,WE,Towers with Radar,0,17,55,0,72,0,0,179,0,179,0,17,234,0,251,144,0,144,395
02/08/2023,CMA,CA,AWP,WE,Towers with Radar,0,6,43,0,49,0,0,214,3,217,0,6,257,3,266,334,0,334,600
02/09/2023,CMA,CA,AWP,WE,Towers with Radar,0,8,34,3,45,0,0,114,0,114,0,8,148,3,159,118,0,118,277
02/10/2023,CMA,CA,AWP,WE,Towers with Radar,0,11,66,0,77,0,0,229,1,230,0,11,295,1,307,262,0,262,569
02/11/2023,CMA,CA,AWP,WE,Towers with Radar,0,13,50,0,63,0,0,130,0,130,0,13,180,0,193,156,0,156,349
02/12/2023,CMA,CA,AWP,WE,Towers with Radar,0,7,39,0,46,0,0,177,0,177,0,7,216,0,223,212,0,212,435
02/13/2023,CMA,CA,AWP,WE,Towers with Radar,0,8,61,1,70,0,0,104,2,106,0,8,165,3,176,302,0,302,478
02/14/2023,CMA,CA,AWP,WE,Towers with Radar,0,7,26,0,33,0,0,85,0,85,0,7,111,0,118,150,0,150,268
02/15/2023,CMA,CA,AWP,WE,Towers with Radar,0,17,35,1,53,0,0,223,0,223,0,17,258,1,276,370,0,370,646
02/16/2023,CMA,CA,AWP,WE,Towers with Radar,0,11,41,2,54,0,0,117,1,118,0,11,158,3,172,182,0,182,354
02/17/2023,CMA,CA,AWP,WE,Towers with Radar,0,9,42,0,51,0,0,133,0,133,0,9,175,0,184,160,0,160,344
02/18/2023,CMA,CA,AWP,WE,Towers with Radar,0,3,28,1,32,0,1,255,0,256,0,4,283,1,288,306,0,306,594
02/19/2023,CMA,CA,AWP,WE,Towers with Radar,0,6,59,0,65,0,1,303,6,310,0,7,362,6,375,299,0,299,674
02/20/2023,CMA,CA,AWP,WE,Towers with Radar,0,11,74,0,85,0,0,231,0,231,0,11,305,0,316,234,0,234,550
02/21/2023,CMA,CA,AWP,WE,Towers with Radar,0,14,62,0,76,0,0,142,0,142,0,14,204,0,218,234,0,234,452
02/22/2023,CMA,CA,AWP,WE,Towers with Radar,0,17,16,0,33,0,0,30,5,35,0,17,46,5,68,40,4,44,112
02/23/2023,CMA,CA,AWP,WE,Towers with Radar,0,12,28,0,40,0,0,54,1,55,0,12,82,1,95,214,0,214,309
02/24/2023,CMA,CA,AWP,WE,Towers with Radar,0,2,3,0,5,0,0,0,0,0,0,2,3,0,5,0,0,0,5
02/25/2023,CMA,CA,AWP,WE,Towers with Radar,0,3,19,0,22,0,0,32,0,32,0,3,51,0,54,214,0,214,268
02/26/2023,CMA,CA,AWP,WE,Towers with Radar,0,6,64,0,70,0,0,204,0,204,0,6,268,0,274,326,0,326,600
02/27/2023,CMA,CA,AWP,WE,Towers with Radar,0,9,24,2,35,0,0,10,0,10,0,9,34,2,45,184,0,184,229
02/28/2023,CMA,CA,AWP,WE,Towers with Radar,0,10,49,3,62,0,0,125,1,126,0,10,174,4,188,288,0,288,476
03/01/2023,CMA,CA,AWP,WE,Towers with Radar,0,10,9,0,19,0,0,25,1,26,0,10,34,1,45,28,0,28,73
03/02/2023,CMA,CA,AWP,WE,Towers with Radar,0,8,78,0,86,0,0,325,0,325,0,8,403,0,411,200,0,200,611
03/03/2023,CMA,CA,AWP,WE,Towers with Radar,0,10,55,1,66,0,0,277,0,277,0,10,332,1,343,330,0,330,673
03/04/2023,CMA,CA,AWP,WE,Towers with Radar,0,2,66,0,68,0,0,97,0,97,0,2,163,0,165,352,0,352,517
03/05/2023,CMA,CA,AWP,WE,Towers with Radar,0,7,52,1,60,0,0,62,0,62,0,7,114,1,122,224,0,224,346
03/06/2023,CMA,CA,AWP,WE,Towers with Radar,0,4,61,0,65,0,0,152,0,152,0,4,213,0,217,312,0,312,529
03/07/2023,CMA,CA,AWP,WE,Towers with Radar,0,14,73,0,87,0,0,277,0,277,0,14,350,0,364,286,0,286,650
03/08/2023,CMA,CA,AWP,WE,Towers with Radar,0,3,76,0,79,0,0,200,0,200,0,3,276,0,279,338,0,338,617
03/09/2023,CMA,CA,AWP,WE,Towers with Radar,0,11,69,2,82,0,0,229,0,229,0,11,298,2,311,346,0,346,657
03/10/2023,CMA,CA,AWP,WE,Towers with Radar,0,8,19,0,27,0,0,0,0,0,0,8,19,0,27,0,0,0,27
03/11/2023,CMA,CA,AWP,WE,Towers with Radar,0,6,61,0,67,0,0,5,0,5,0,6,66,0,72,52,0,52,124
03/12/2023,CMA,CA,AWP,WE,Towers with Radar,0,18,113,2,133,0,0,83,0,83,0,18,196,2,216,172,0,172,388
03/13/2023,CMA,CA,AWP,WE,Towers with Radar,0,13,101,6,120,0,0,23,0,23,0,13,124,6,143,138,0,138,281
03/14/2023,CMA,CA,AWP,WE,Towers with Radar,0,6,14,0,20,0,0,0,0,0,0,6,14,0,20,0,0,0,20
03/15/2023,CMA,CA,AWP,WE,Towers with Radar,0,8,54,0,62,0,0,46,0,46,0,8,100,0,108,202,0,202,310
03/16/2023,CMA,CA,AWP,WE,Towers with Radar,0,14,89,4,107,0,0,103,0,103,0,14,192,4,210,142,0,142,352
03/17/2023,CMA,CA,AWP,WE,Towers with Radar,0,12,48,2,62,0,0,246,3,249,0,12,294,5,311,230,14,244,555
03/18/2023,CMA,CA,AWP,WE,Towers with Radar,0,6,38,2,46,0,0,219,0,219,0,6,257,2,265,186,0,186,451
03/19/2023,CMA,CA,AWP,WE,Towers with Radar,0,4,51,2,57,0,0,44,1,45,0,4,95,3,102,172,0,172,274
03/20/2023,CMA,CA,AWP,WE,Towers with Radar,0,10,70,2,82,0,0,46,0,46,0,10,116,2,128,284,0,284,412
03/21/2023,CMA,CA,AWP,WE,Towers with Radar,0,8,25,0,33,0,0,2,0,2,0,8,27,0,35,2,0,2,37
03/22/2023,CMA,CA,AWP,WE,Towers with Radar,0,5,25,0,30,0,0,14,0,14,0,5,39,0,44,178,0,178,222
03/23/2023,CMA,CA,AWP,WE,Towers with Radar,0,6,75,0,81,0,1,111,2,114,0,7,186,2,195,252,0,252,447
03/24/2023,CMA,CA,AWP,WE,Towers with Radar,0,15,109,0,124,0,0,288,0,288,0,15,397,0,412,276,0,276,688
03/25/2023,CMA,CA,AWP,WE,Towers with Radar,0,8,85,0,93,0,0,284,0,284,0,8,369,0,377,350,0,350,727
03/26/2023,CMA,CA,AWP,WE,Towers with Radar,0,14,83,0,97,0,1,161,0,162,0,15,244,0,259,198,0,198,457
03/27/2023,CMA,CA,AWP,WE,Towers with Radar,0,20,34,0,54,0,0,107,0,107,0,20,141,0,161,172,0,172,333
03/28/2023,CMA,CA,AWP,WE,Towers with Radar,0,12,46,1,59,0,0,243,1,244,0,12,289,2,303,296,0,296,599
03/29/2023,CMA,CA,AWP,WE,Towers with Radar,0,11,37,2,50,0,0,46,0,46,0,11,83,2,96,286,0,286,382
03/30/2023,CMA,CA,AWP,WE,Towers with Radar,0,9,34,3,46,0,0,109,1,110,0,9,143,4,156,330,16,346,502
03/31/2023,CMA,CA,AWP,WE,Towers with Radar,0,11,63,0,74,0,1,306,0,307,0,12,369,0,381,317,0,317,698
04/01/2023,CMA,CA,AWP,WE,Towers with Radar,0,9,54,0,63,0,0,312,1,313,0,9,366,1,376,336,0,336,712
04/02/2023,CMA,CA,AWP,WE,Towers with Radar,0,15,72,0,87,0,0,240,0,240,0,15,312,0,327,226,0,226,553
04/03/2023,CMA,CA,AWP,WE,Towers with Radar,0,4,28,0,32,0,0,63,0,63,0,4,91,0,95,182,0,182,277
04/04/2023,CMA,CA,AWP,WE,Towers with Radar,0,2,44,0,46,0,0,179,0,179,0,2,223,0,225,328,0,328,553
04/05/2023,CMA,CA,AWP,WE,Towers with Radar,0,5,45,0,50,0,0,190,0,190,0,5,235,0,240,252,0,252,492
04/06/2023,CMA,CA,AWP,WE,Towers with Radar,0,9,49,0,58,0,0,214,0,214,0,9,263,0,272,274,0,274,546
04/07/2023,CMA,CA,AWP,WE,Towers with Radar,0,11,52,1,64,0,0,283,1,284,0,11,335,2,348,308,0,308,656
04/08/2023,CMA,CA,AWP,WE,Towers with Radar,0,10,48,0,58,0,0,218,0,218,0,10,266,0,276,328,0,328,604
04/09/2023,CMA,CA,AWP,WE,Towers with Radar,0,19,50,0,69,0,10,108,0,118,0,29,158,0,187,152,0,152,339
04/10/2023,CMA,CA,AWP,WE,Towers with Radar,0,2,36,0,38,0,0,80,0,80,0,2,116,0,118,161,0,161,279
04/11/2023,CMA,CA,AWP,WE,Towers with Radar,0,10,59,1,70,0,0,62,0,62,0,10,121,1,132,266,0,266,398
04/12/2023,CMA,CA,AWP,WE,Towers with Radar,0,9,97,0,106,0,0,7,0,7,0,9,104,0,113,138,0,138,251
04/13/2023,CMA,CA,AWP,WE,Towers with Radar,0,2,104,2,108,0,0,85,1,86,0,2,189,3,194,318,0,318,512
04/14/2023,CMA,CA,AWP,WE,Towers with Radar,0,14,83,3,100,0,0,187,1,188,0,14,270,4,288,385,2,387,675
04/15/2023,CMA,CA,AWP,WE,Towers with Radar,0,12,55,1,68,0,0,288,1,289,0,12,343,2,357,268,2,270,627
04/16/2023,CMA,CA,AWP,WE,Towers with Radar,0,15,71,0,86,0,0,137,0,137,0,15,208,0,223,226,0,226,449
04/17/2023,CMA,CA,AWP,WE,Towers with Radar,0,5,102,0,107,0,0,23,0,23,0,5,125,0,130,276,0,276,406
04/18/2023,CMA,CA,AWP,WE,Towers with Radar,0,6,47,0,53,0,0,114,0,114,0,6,161,0,167,288,0,288,455
04/19/2023,CMA,CA,AWP,WE,Towers with Radar,0,8,54,1,63,0,0,172,0,172,0,8,226,1,235,388,0,388,623
04/20/2023,CMA,CA,AWP,WE,Towers with Radar,0,7,75,3,85,0,0,223,0,223,0,7,298,3,308,290,0,290,598
04/21/2023,CMA,CA,AWP,WE,Towers with Radar,0,6,31,0,37,0,0,263,0,263,0,6,294,0,300,272,0,272,572
04/22/2023,CMA,CA,AWP,WE,Towers with Radar,0,6,29,0,35,0,0,260,0,260,0,6,289,0,295,272,0,272,567
04/23/2023,CMA,CA,AWP,WE,Towers with Radar,0,11,58,0,69,0,0,182,0,182,0,11,240,0,251,187,0,187,438
04/24/2023,CMA,CA,AWP,WE,Towers with Radar,0,5,78,1,84,0,0,71,0,71,0,5,149,1,155,155,0,155,310
04/25/2023,CMA,CA,AWP,WE,Towers with Radar,0,12,79,0,91,0,0,90,0,90,0,12,169,0,181,302,0,302,483
04/26/2023,CMA,CA,AWP,WE,Towers with Radar,0,8,100,1,109,0,0,95,1,96,0,8,195,2,205,74,0,74,279
04/27/2023,CMA,CA,AWP,WE,Towers with Radar,0,15,73,0,88,0,0,110,0,110,0,15,183,0,198,236,0,236,434
04/28/2023,CMA,CA,AWP,WE,Towers with Radar,0,16,100,2,118,0,0,108,0,108,0,16,208,2,226,208,2,210,436
04/29/2023,CMA,CA,AWP,WE,Towers with Radar,0,8,83,0,91,0,0,110,0,110,0,8,193,0,201,224,0,224,425
04/30/2023,CMA,CA,AWP,WE,Towers with Radar,0,3,101,1,105,0,0,21,0,21,0,3,122,1,126,155,0,155,281
05/01/2023,CMA,CA,AWP,WE,Towers with Radar,0,3,66,0,69,0,0,111,0,111,0,3,177,0,180,357,1,358,538
05/02/2023,CMA,CA,AWP,WE,Towers with Radar,0,10,46,1,57,0,0,99,0,99,0,10,145,1,156,418,0,418,574
05/03/2023,CMA,CA,AWP,WE,Towers with Radar,0,14,60,0,74,0,0,99,0,99,0,14,159,0,173,310,0,310,483
05/04/2023,CMA,CA,AWP,WE,Towers with Radar,0,16,36,0,52,0,0,69,2,71,0,16,105,2,123,304,10,314,437
05/05/2023,CMA,CA,AWP,WE,Towers with Radar,0,9,64,0,73,0,0,169,0,169,0,9,233,0,242,418,0,418,660
05/06/2023,CMA,CA,AWP,WE,Towers with Radar,0,2,44,0,46,0,0,300,0,300,0,2,344,0,346,331,0,331,677
05/07/2023,CMA,CA,AWP,WE,Towers with Radar,0,8,64,0,72,0,0,257,0,257,0,8,321,0,329,186,0,186,515
05/08/2023,CMA,CA,AWP,WE,Towers with Radar,0,10,71,1,82,0,0,200,0,200,0,10,271,1,282,274,0,274,556
05/09/2023,CMA,CA,AWP,WE,Towers with Radar,0,9,89,0,98,0,0,81,1,82,0,9,170,1,180,378,0,378,558
05/10/2023,CMA,CA,AWP,WE,Towers with Radar,0,4,70,2,76,0,0,197,1,198,0,4,267,3,274,299,0,299,573
05/11/2023,CMA,CA,AWP,WE,Towers with Radar,0,9,55,0,64,0,0,196,1,197,0,9,251,1,261,306,0,306,567
05/12/2023,CMA,CA,AWP,WE,Towers with Radar,0,12,47,0,59,0,0,247,3,250,0,12,294,3,309,270,0,270,579
05/13/2023,CMA,CA,AWP,WE,Towers with Radar,0,4,88,0,92,0,0,154,2,156,0,4,242,2,248,124,0,124,372
05/14/2023,CMA,CA,AWP,WE,Towers with Radar,0,16,77,0,93,0,2,94,0,96,0,18,171,0,189,158,0,158,347
05/15/2023,CMA,CA,AWP,WE,Towers with Radar,0,6,84,4,94,0,0,30,0,30,0,6,114,4,124,100,2,102,226
05/16/2023,CMA,CA,AWP,WE,Towers with Radar,0,5,73,0,78,0,0,70,0,70,0,5,143,0,148,140,0,140,288
05/17/2023,CMA,CA,AWP,WE,Towers with Radar,0,11,100,0,111,0,0,54,0,54,0,11,154,0,165,130,0,130,295
05/18/2023,CMA,CA,AWP,WE,Towers with Radar,0,11,134,0,145,0,0,1,0,1,0,11,135,0,146,0,0,0,146
05/19/2023,CMA,CA,AWP,WE,Towers with Radar,0,9,121,0,130,0,0,29,0,29,0,9,150,0,159,372,0,372,531
05/20/2023,CMA,CA,AWP,WE,Towers with Radar,0,6,91,1,98,0,0,61,0,61,0,6,152,1,159,186,0,186,345
05/21/2023,CMA,CA,AWP,WE,Towers with Radar,0,5,100,0,105,0,0,35,0,35,0,5,135,0,140,70,0,70,210
05/22/2023,CMA,CA,AWP,WE,Towers with Radar,0,5,92,0,97,0,0,48,1,49,0,5,140,1,146,188,0,188,334
05/23/2023,CMA,CA,AWP,WE,Towers with Radar,0,17,127,0,144,0,0,7,0,7,0,17,134,0,151,82,0,82,233
05/24/2023,CMA,CA,AWP,WE,Towers with Radar,0,9,104,7,120,0,0,137,1,138,0,9,241,8,258,522,0,522,780
05/25/2023,CMA,CA,AWP,WE,Towers with Radar,0,14,119,4,137,0,0,108,0,108,0,14,227,4,245,310,0,310,555
05/26/2023,CMA,CA,AWP,WE,Towers with Radar,0,10,115,2,127,0,0,138,0,138,0,10,253,2,265,409,0,409,674
05/27/2023,CMA,CA,AWP,WE,Towers with Radar,0,5,68,0,73,0,0,143,0,143,0,5,211,0,216,342,0,342,558
05/28/2023,CMA,CA,AWP,WE,Towers with Radar,0,10,112,0,122,0,0,28,0,28,0,10,140,0,150,190,0,190,340
05/29/2023,CMA,CA,AWP,WE,Towers with Radar,0,13,93,1,107,0,0,72,0,72,0,13,165,1,179,366,0,366,545
05/30/2023,CMA,CA,AWP,WE,Towers with Radar,0,5,86,1,92,0,0,71,0,71,0,5,157,1,163,403,0,403,566
05/31/2023,CMA,CA,AWP,WE,Towers with Radar,0,6,111,1,118,0,0,88,0,88,0,6,199,1,206,276,0,276,482
06/01/2023,CMA,CA,AWP,WE,Towers with Radar,0,10,117,0,127,0,0,70,1,71,0,10,187,1,198,350,0,350,548
06/02/2023,CMA,CA,AWP,WE,Towers with Radar,0,4,84,2,90,0,0,221,0,221,0,4,305,2,311,372,0,372,683
06/03/2023,CMA,CA,AWP,WE,Towers with Radar,0,4,46,1,51,0,2,322,2,326,0,6,368,3,377,323,0,323,700
06/04/2023,CMA,CA,AWP,WE,Towers with Radar,0,6,98,0,104,0,0,40,0,40,0,6,138,0,144,162,0,162,306
06/05/2023,CMA,CA,AWP,WE,Towers with Radar,0,2,127,2,131,0,0,40,0,40,0,2,167,2,171,432,0,432,603
06/06/2023,CMA,CA,AWP,WE,Towers with Radar,0,12,63,3,78,0,0,95,0,95,0,12,158,3,173,264,0,264,437
06/07/2023,CMA,CA,AWP,WE,Towers with Radar,0,4,96,5,105,0,0,137,1,138,0,4,233,6,243,400,0,400,643
06/08/2023,CMA,CA,AWP,WE,Towers with Radar,0,7,54,1,62,0,0,144,4,148,0,7,198,5,210,432,0,432,642
06/09/2023,CMA,CA,AWP,WE,Towers with Radar,0,1,111,3,115,0,0,46,2,48,0,1,157,5,163,434,0,434,597
06/10/2023,CMA,CA,AWP,WE,Towers with Radar,0,9,87,1,97,0,0,33,0,33,0,9,120,1,130,282,0,282,412
06/11/2023,CMA,CA,AWP,WE,Towers with Radar,0,12,71,1,84,0,0,42,0,42,0,12,113,1,126,264,0,264,390
06/12/2023,CMA,CA,AWP,WE,Towers with Radar,0,5,87,0,92,0,0,91,0,91,0,5,178,0,183,376,0,376,559
06/13/2023,CMA,CA,AWP,WE,Towers with Radar,0,6,69,1,76,0,0,148,2,150,0,6,217,3,226,368,0,368,594
06/14/2023,CMA,CA,AWP,WE,Towers with Radar,0,6,129,1,136,0,0,78,1,79,0,6,207,2,215,400,8,408,623
06/15/2023,CMA,CA,AWP,WE,Towers with Radar,0,5,94,0,99,0,0,49,0,49,0,5,143,0,148,322,0,322,470
06/16/2023,CMA,CA,AWP,WE,Towers with Radar,0,9,90,0,99,0,0,125,0,125,0,9,215,0,224,330,0,330,554
06/17/2023,CMA,CA,AWP,WE,Towers with Radar,0,5,43,2,50,0,0,289,0,289,0,5,332,2,339,298,0,298,637
06/18/2023,CMA,CA,AWP,WE,Towers with Radar,0,8,64,1,73,0,0,5,0,5,0,8,69,1,78,53,0,53,131
06/19/2023,CMA,CA,AWP,WE,Towers with Radar,0,10,80,0,90,0,0,117,0,117,0,10,197,0,207,228,0,228,435
06/20/2023,CMA,CA,AWP,WE,Towers with Radar,0,11,47,0,58,0,0,262,2,264,0,11,309,2,322,320,0,320,642
06/21/2023,CMA,CA,AWP,WE,Towers with Radar,0,4,45,1,50,0,0,277,0,277,0,4,322,1,327,406,0,406,733
06/22/2023,CMA,CA,AWP,WE,Towers with Radar,0,2,73,0,75,0,0,207,1,208,0,2,280,1,283,297,12,309,592
06/23/2023,CMA,CA,AWP,WE,Towers with Radar,0,6,59,1,66,0,0,221,0,221,0,6,280,1,287,315,0,315,602
06/24/2023,CMA,CA,AWP,WE,Towers with Radar,0,2,40,0,42,0,0,290,0,290,0,2,330,0,332,270,0,270,602
06/25/2023,CMA,CA,AWP,WE,Towers with Radar,0,6,52,0,58,0,1,226,1,228,0,7,278,1,286,208,0,208,494
06/26/2023,CMA,CA,AWP,WE,Towers with Radar,0,7,48,0,55,0,0,185,0,185,0,7,233,0,240,312,0,312,552
06/27/2023,CMA,CA,AWP,WE,Towers with Radar,0,7,61,0,68,0,0,200,1,201,0,7,261,1,269,272,0,272,541
06/28/2023,CMA,CA,AWP,WE,Towers with Radar,0,8,48,0,56,0,0,137,0,137,0,8,185,0,193,222,0,222,415
06/29/2023,CMA,CA,AWP,WE,Towers with Radar,0,8,60,1,69,0,0,219,3,222,0,8,279,4,291,274,0,274,565
06/30/2023,CMA,CA,AWP,WE,Towers with Radar,0,11,74,0,85,0,0,164,1,165,0,11,238,1,250,318,0,318,568
07/01/2023,CMA,CA,AWP,WE,Towers with Radar,0,12,63,1,76,0,0,204,1,205,0,12,267,2,281,228,0,228,509
07/02/2023,CMA,CA,AWP,WE,Towers with Radar,0,8,80,0,88,0,0,127,0,127,0,8,207,0,215,238,0,238,453
07/03/2023,CMA,CA,AWP,WE,Towers with Radar,0,3,67,0,70,0,0,145,0,145,0,3,212,0,215,196,0,196,411
07/04/2023,CMA,CA,AWP,WE,Towers with Radar,0,7,62,1,70,0,0,125,0,125,0,7,187,1,195,136,0,136,331
07/05/2023,CMA,CA,AWP,WE,Towers with Radar,0,8,76,2,86,0,0,147,1,148,0,8,223,3,234,254,0,254,488
07/06/2023,CMA,CA,AWP,WE,Towers with Radar,0,14,82,0,96,0,0,210,0,210,0,14,292,0,306,290,0,290,596
07/07/2023,CMA,CA,AWP,WE,Towers with Radar,0,6,97,1,104,0,0,211,0,211,0,6,308,1,315,356,1,357,672
07/08/2023,CMA,CA,AWP,WE,Towers with Radar,0,5,71,0,76,0,0,225,0,225,0,5,296,0,301,228,0,228,529
07/09/2023,CMA,CA,AWP,WE,Towers with Radar,0,11,62,4,77,0,0,174,0,174,0,11,236,4,251,298,0,298,549
07/10/2023,CMA,CA,AWP,WE,Towers with Radar,0,7,56,2,65,0,0,225,1,226,0,7,281,3,291,326,0,326,617
07/11/2023,CMA,CA,AWP,WE,Towers with Radar,0,8,58,0,66,0,0,218,1,219,0,8,276,1,285,294,0,294,579
07/12/2023,CMA,CA,AWP,WE,Towers with Radar,0,1,51,3,55,0,0,227,0,227,0,1,278,3,282,374,0,374,656
07/13/2023,CMA,CA,AWP,WE,Towers with Radar,0,15,66,0,81,0,0,240,0,240,0,15,306,0,321,352,0,352,673
07/14/2023,CMA,CA,AWP,WE,Towers with Radar,0,8,62,6,76,0,0,248,2,250,0,8,310,8,326,310,0,310,636
07/15/2023,CMA,CA,AWP,WE,Towers with Radar,0,6,48,1,55,0,0,257,1,258,0,6,305,2,313,276,0,276,589
07/16/2023,CMA,CA,AWP,WE,Towers with Radar,0,5,51,2,58,0,0,202,2,204,0,5,253,4,262,263,0,263,525
07/17/2023,CMA,CA,AWP,WE,Towers with Radar,0,5,57,2,64,0,0,209,0,209,0,5,266,2,273,296,0,296,569
07/18/2023,CMA,CA,AWP,WE,Towers with Radar,0,8,85,1,94,0,0,249,2,251,0,8,334,3,345,406,0,406,751
07/19/2023,CMA,CA,AWP,WE,Towers with Radar,0,2,73,0,75,0,0,243,0,243,0,2,316,0,318,296,0,296,614
07/20/2023,CMA,CA,AWP,WE,Towers with Radar,0,5,38,0,43,0,0,226,0,226,0,5,264,0,269,404,0,404,673
07/21/2023,CMA,CA,AWP,WE,Towers with Radar,0,1,28,2,31,0,0,162,0,162,0,1,190,2,193,234,0,234,427
07/22/2023,CMA,CA,AWP,WE,Towers with Radar,0,0,0,0,0,0,0,0,0,0,0,0,0,0,0,0,0,0,0
07/23/2023,CMA,CA,AWP,WE,Towers with Radar,0,5,60,6,71,0,0,180,0,180,0,5,240,6,251,204,0,204,455
07/24/2023,CMA,CA,AWP,WE,Towers with Radar,0,11,44,1,56,0,0,162,0,162,0,11,206,1,218,310,0,310,528
07/25/2023,CMA,CA,AWP,WE,Towers with Radar,0,4,68,1,73,0,0,156,0,156,0,4,224,1,229,322,0,322,551
07/26/2023,CMA,CA,AWP,WE,Towers with Radar,0,9,71,0,80,0,1,190,5,196,0,10,261,5,276,370,0,370,646
07/27/2023,CMA,CA,AWP,WE,Towers with Radar,1,7,58,0,66,0,5,231,0,236,1,12,289,0,302,398,0,398,700
07/28/2023,CMA,CA,AWP,WE,Towers with Radar,0,6,44,0,50,0,0,268,0,268,0,6,312,0,318,540,0,540,858
07/29/2023,CMA,CA,AWP,WE,Towers with Radar,0,5,41,0,46,0,2,175,0,177,0,7,216,0,223,310,0,310,533
07/30/2023,CMA,CA,AWP,WE,Towers with Radar,0,0,85,0,85,0,1,126,1,128,0,1,211,1,213,210,0,210,423
07/31/2023,CMA,CA,AWP,WE,Towers with Radar,0,9,66,0,75,0,1,179,0,180,0,10,245,0,255,304,0,304,559
08/01/2023,CMA,CA,AWP,WE,Towers with Radar,0,12,74,0,86,0,0,188,0,188,0,12,262,0,274,348,0,348,622
08/02/2023,CMA,CA,AWP,WE,Towers with Radar,0,7,53,1,61,0,0,193,0,193,0,7,246,1,254,394,0,394,648
08/03/2023,CMA,CA,AWP,WE,Towers with Radar,0,6,62,0,68,0,0,244,0,244,0,6,306,0,312,236,0,236,548
08/04/2023,CMA,CA,AWP,WE,Towers with Radar,0,5,43,1,49,0,0,259,1,260,0,5,302,2,309,329,0,329,638
08/05/2023,CMA,CA,AWP,WE,Towers with Radar,0,9,53,0,62,0,0,259,0,259,0,9,312,0,321,258,0,258,579
08/06/2023,CMA,CA,AWP,WE,Towers with Radar,0,11,57,0,68,0,2,224,0,226,0,13,281,0,294,278,0,278,572
08/07/2023,CMA,CA,AWP,WE,Towers with Radar,0,6,51,3,60,0,1,152,0,153,0,7,203,3,213,228,0,228,441
08/08/2023,CMA,CA,AWP,WE,Towers with Radar,0,11,65,1,77,0,0,200,0,200,0,11,265,1,277,292,0,292,569
08/09/2023,CMA,CA,AWP,WE,Towers with Radar,0,6,45,0,51,0,0,90,0,90,0,6,135,0,141,204,0,204,345
08/10/2023,CMA,CA,AWP,WE,Towers with Radar,0,5,59,2,66,0,0,98,1,99,0,5,157,3,165,364,0,364,529
08/11/2023,CMA,CA,AWP,WE,Towers with Radar,0,5,95,2,102,0,0,111,0,111,0,5,206,2,213,336,0,336,549
08/12/2023,CMA,CA,AWP,WE,Towers with Radar,0,10,63,0,73,0,0,190,1,191,0,10,253,1,264,226,0,226,490
08/13/2023,CMA,CA,AWP,WE,Towers with Radar,0,6,72,1,79,0,0,205,0,205,0,6,277,1,284,124,0,124,408
08/14/2023,CMA,CA,AWP,WE,Towers with Radar,0,7,85,0,92,0,0,101,2,103,0,7,186,2,195,120,8,128,323
08/15/2023,CMA,CA,AWP,WE,Towers with Radar,0,7,78,3,88,0,0,124,3,127,0,7,202,6,215,272,0,272,487
08/16/2023,CMA,CA,AWP,WE,Towers with Radar,0,10,65,1,76,0,0,149,0,149,0,10,214,1,225,312,0,312,537
08/17/2023,CMA,CA,AWP,WE,Towers with Radar,0,6,74,1,81,0,0,122,1,123,0,6,196,2,204,188,0,188,392
08/18/2023,CMA,CA,AWP,WE,Towers with Radar,0,11,52,1,64,0,14,112,1,127,0,25,164,2,191,136,0,136,327
08/19/2023,CMA,CA,AWP,WE,Towers with Radar,0,4,27,0,31,0,0,92,0,92,0,4,119,0,123,98,0,98,221
08/20/2023,CMA,CA,AWP,WE,Towers with Radar,0,0,8,3,11,0,0,14,0,14,0,0,22,3,25,0,0,0,25
08/21/2023,CMA,CA,AWP,WE,Towers with Radar,0,4,47,0,51,0,0,69,0,69,0,4,116,0,120,208,0,208,328
08/22/2023,CMA,CA,AWP,WE,Towers with Radar,0,6,46,0,52,0,0,243,0,243,0,6,289,0,295,424,0,424,719
08/23/2023,CMA,CA,AWP,WE,Towers with Radar,0,2,61,0,63,0,0,206,1,207,0,2,267,1,270,210,0,210,480
08/24/2023,CMA,CA,AWP,WE,Towers with Radar,0,8,82,0,90,0,0,120,0,120,0,8,202,0,210,158,0,158,368
08/25/2023,CMA,CA,AWP,WE,Towers with Radar,0,7,45,0,52,0,32,162,0,194,0,39,207,0,246,250,0,250,496
08/26/2023,CMA,CA,AWP,WE,Towers with Radar,0,9,54,0,63,0,1,282,1,284,0,10,336,1,347,250,0,250,597
08/27/2023,CMA,CA,AWP,WE,Towers with Radar,0,9,62,0,71,0,0,215,0,215,0,9,277,0,286,362,0,362,648
08/28/2023,CMA,CA,AWP,WE,Towers with Radar,0,2,37,0,39,0,0,150,0,150,0,2,187,0,189,210,0,210,399
08/29/2023,CMA,CA,AWP,WE,Towers with Radar,0,9,55,1,65,0,0,198,2,200,0,9,253,3,265,222,0,222,487
08/30/2023,CMA,CA,AWP,WE,Towers with Radar,0,6,60,0,66,0,0,159,0,159,0,6,219,0,225,321,4,325,550
08/31/2023,CMA,CA,AWP,WE,Towers with Radar,0,24,76,0,100,0,1,150,0,151,0,25,226,0,251,122,0,122,373
01/01/2020,CMA,CA,AWP,WE,Towers with Radar,0,3,9,1,13,0,3,116,1,120,0,6,125,2,133,88,0,88,221
01/02/2020,CMA,CA,AWP,WE,Towers with Radar,0,5,15,0,20,0,0,160,0,160,0,5,175,0,180,168,0,168,348
01/03/2020,CMA,CA,AWP,WE,Towers with Radar,0,6,29,1,36,0,0,185,1,186,0,6,214,2,222,276,0,276,498
01/04/2020,CMA,CA,AWP,WE,Towers with Radar,0,9,32,0,41,0,0,316,0,316,0,9,348,0,357,290,0,290,647
01/05/2020,CMA,CA,AWP,WE,Towers with Radar,0,9,27,1,37,0,0,205,0,205,0,9,232,1,242,244,0,244,486
01/06/2020,CMA,CA,AWP,WE,Towers with Radar,0,4,10,0,14,0,0,57,1,58,0,4,67,1,72,130,0,130,202
01/07/2020,CMA,CA,AWP,WE,Towers with Radar,0,6,31,1,38,0,1,203,0,204,0,7,234,1,242,272,10,282,524
01/08/2020,CMA,CA,AWP,WE,Towers with Radar,0,12,32,4,48,0,0,204,0,204,0,12,236,4,252,314,10,324,576
01/09/2020,CMA,CA,AWP,WE,Towers with Radar,0,7,29,1,37,0,0,102,5,107,0,7,131,6,144,243,18,261,405
01/10/2020,CMA,CA,AWP,WE,Towers with Radar,0,2,32,0,34,0,1,239,2,242,0,3,271,2,276,242,0,242,518
01/11/2020,CMA,CA,AWP,WE,Towers with Radar,0,4,28,0,32,0,0,224,0,224,0,4,252,0,256,264,0,264,520
01/12/2020,CMA,CA,AWP,WE,Towers with Radar,0,4,32,0,36,0,0,210,0,210,0,4,242,0,246,254,0,254,500
01/13/2020,CMA,CA,AWP,WE,Towers with Radar,0,5,26,1,32,0,0,187,3,190,0,5,213,4,222,182,0,182,404
01/14/2020,CMA,CA,AWP,WE,Towers with Radar,0,8,30,2,40,0,0,182,0,182,0,8,212,2,222,284,0,284,506
01/15/2020,CMA,CA,AWP,WE,Towers with Radar,0,12,28,3,43,0,1,184,1,186,0,13,212,4,229,314,14,328,557
01/16/2020,CMA,CA,AWP,WE,Towers with Radar,0,7,48,1,56,0,0,47,0,47,0,7,95,1,103,252,0,252,355
01/17/2020,CMA,CA,AWP,WE,Towers with Radar,0,5,36,1,42,0,1,199,1,201,0,6,235,2,243,306,0,306,549
01/18/2020,CMA,CA,AWP,WE,Towers with Radar,0,4,13,0,17,0,1,181,0,182,0,5,194,0,199,290,0,290,489
01/19/2020,CMA,CA,AWP,WE,Towers with Radar,0,4,29,0,33,0,1,179,4,184,0,5,208,4,217,216,4,220,437
01/20/2020,CMA,CA,AWP,WE,Towers with Radar,0,6,48,0,54,0,1,129,3,133,0,7,177,3,187,336,4,340,527
01/21/2020,CMA,CA,AWP,WE,Towers with Radar,0,8,40,4,52,0,1,146,0,147,0,9,186,4,199,308,0,308,507
01/22/2020,CMA,CA,AWP,WE,Towers with Radar,0,12,26,0,38,0,0,204,0,204,0,12,230,0,242,330,2,332,574
01/23/2020,CMA,CA,AWP,WE,Towers with Radar,0,6,18,0,24,0,0,230,0,230,0,6,248,0,254,246,0,246,500
01/24/2020,CMA,CA,AWP,WE,Towers with Radar,0,4,39,1,44,0,1,234,9,244,0,5,273,10,288,354,0,354,642
01/25/2020,CMA,CA,AWP,WE,Towers with Radar,0,5,32,0,37,0,1,138,0,139,0,6,170,0,176,190,0,190,366
01/26/2020,CMA,CA,AWP,WE,Towers with Radar,0,9,70,0,79,0,0,28,0,28,0,9,98,0,107,224,0,224,331
01/27/2020,CMA,CA,AWP,WE,Towers with Radar,0,5,34,0,39,0,1,158,3,162,0,6,192,3,201,276,0,276,477
01/28/2020,CMA,CA,AWP,WE,Towers with Radar,0,6,33,3,42,0,1,193,1,195,0,7,226,4,237,298,0,298,535
01/29/2020,CMA,CA,AWP,WE,Towers with Radar,0,5,23,0,28,0,0,70,0,70,0,5,93,0,98,122,0,122,220
01/30/2020,CMA,CA,AWP,WE,Towers with Radar,0,11,38,0,49,0,1,204,0,205,0,12,242,0,254,400,0,400,654
01/31/2020,CMA,CA,AWP,WE,Towers with Radar,0,12,24,0,36,0,0,179,0,179,0,12,203,0,215,316,0,316,531
02/01/2020,CMA,CA,AWP,WE,Towers with Radar,0,13,29,0,42,0,0,301,0,301,0,13,330,0,343,204,0,204,547
02/02/2020,CMA,CA,AWP,WE,Towers with Radar,0,1,23,0,24,0,0,121,0,121,0,1,144,0,145,182,0,182,327
02/03/2020,CMA,CA,AWP,WE,Towers with Radar,0,9,25,2,36,0,2,59,7,68,0,11,84,9,104,121,0,121,225
02/04/2020,CMA,CA,AWP,WE,Towers with Radar,0,8,15,2,25,0,0,55,0,55,0,8,70,2,80,50,0,50,130
02/05/2020,CMA,CA,AWP,WE,Towers with Radar,0,6,42,0,48,0,0,211,2,213,0,6,253,2,261,328,0,328,589
02/06/2020,CMA,CA,AWP,WE,Towers with Radar,0,10,32,0,42,0,0,270,2,272,0,10,302,2,314,402,0,402,716
02/07/2020,CMA,CA,AWP,WE,Towers with Radar,0,12,43,0,55,0,0,251,0,251,0,12,294,0,306,324,0,324,630
02/08/2020,CMA,CA,AWP,WE,Towers with Radar,0,3,49,0,52,0,0,255,0,255,0,3,304,0,307,224,0,224,531
02/09/2020,CMA,CA,AWP,WE,Towers with Radar,0,7,28,0,35,0,0,41,2,43,0,7,69,2,78,176,7,183,261
02/10/2020,CMA,CA,AWP,WE,Towers with Radar,0,6,14,2,22,0,1,41,1,43,0,7,55,3,65,16,0,16,81
02/11/2020,CMA,CA,AWP,WE,Towers with Radar,0,3,5,0,8,0,3,64,1,68,0,6,69,1,76,80,0,80,156
02/12/2020,CMA,CA,AWP,WE,Towers with Radar,0,5,40,0,45,0,1,255,0,256,0,6,295,0,301,424,0,424,725
02/13/2020,CMA,CA,AWP,WE,Towers with Radar,0,10,23,2,35,0,0,226,1,227,0,10,249,3,262,396,0,396,658
02/14/2020,CMA,CA,AWP,WE,Towers with Radar,0,13,39,0,52,0,0,189,0,189,0,13,228,0,241,220,0,220,461
02/15/2020,CMA,CA,AWP,WE,Towers with Radar,0,7,32,1,40,0,0,245,0,245,0,7,277,1,285,274,8,282,567
02/16/2020,CMA,CA,AWP,WE,Towers with Radar,0,11,32,0,43,0,0,256,0,256,0,11,288,0,299,330,0,330,629
02/17/2020,CMA,CA,AWP,WE,Towers with Radar,0,9,39,0,48,0,1,257,6,264,0,10,296,6,312,262,28,290,602
02/18/2020,CMA,CA,AWP,WE,Towers with Radar,0,6,39,2,47,0,0,133,1,134,0,6,172,3,181,380,0,380,561
02/19/2020,CMA,CA,AWP,WE,Towers with Radar,0,15,56,0,71,0,0,136,2,138,0,15,192,2,209,302,0,302,511
02/20/2020,CMA,CA,AWP,WE,Towers with Radar,0,19,41,0,60,0,3,239,2,244,0,22,280,2,304,240,4,244,548
02/21/2020,CMA,CA,AWP,WE,Towers with Radar,0,14,40,0,54,0,0,193,0,193,0,14,233,0,247,182,0,182,429
02/22/2020,CMA,CA,AWP,WE,Towers with Radar,0,6,25,1,32,0,1,73,0,74,0,7,98,1,106,276,0,276,382
02/23/2020,CMA,CA,AWP,WE,Towers with Radar,0,10,46,2,58,0,1,233,1,235,0,11,279,3,293,252,0,252,545
02/24/2020,CMA,CA,AWP,WE,Towers with Radar,0,11,34,0,45,0,2,176,0,178,0,13,210,0,223,306,0,306,529
02/25/2020,CMA,CA,AWP,WE,Towers with Radar,0,12,19,1,32,0,1,39,2,42,0,13,58,3,74,8,0,8,82
02/26/2020,CMA,CA,AWP,WE,Towers with Radar,0,7,33,0,40,0,0,145,0,145,0,7,178,0,185,112,0,112,297
02/27/2020,CMA,CA,AWP,WE,Towers with Radar,0,10,46,0,56,0,3,211,0,214,0,13,257,0,270,218,0,218,488
02/28/2020,CMA,CA,AWP,WE,Towers with Radar,0,13,47,0,60,0,1,223,0,224,0,14,270,0,284,364,0,364,648
02/29/2020,CMA,CA,AWP,WE,Towers with Radar,0,4,33,0,37,0,0,287,0,287,0,4,320,0,324,286,0,286,610
03/01/2020,CMA,CA,AWP,WE,Towers with Radar,0,12,26,0,38,0,1,100,0,101,0,13,126,0,139,186,0,186,325
03/02/2020,CMA,CA,AWP,WE,Towers with Radar,0,4,16,0,20,0,2,107,0,109,0,6,123,0,129,200,0,200,329
03/03/2020,CMA,CA,AWP,WE,Towers with Radar,0,10,36,0,46,0,2,206,4,212,0,12,242,4,258,368,0,368,626
03/04/2020,CMA,CA,AWP,WE,Towers with Radar,0,18,40,0,58,0,0,152,0,152,0,18,192,0,210,434,0,434,644
03/05/2020,CMA,CA,AWP,WE,Towers with Radar,0,14,35,0,49,0,0,174,0,174,0,14,209,0,223,268,0,268,491
03/06/2020,CMA,CA,AWP,WE,Towers with Radar,0,16,51,2,69,0,0,198,0,198,0,16,249,2,267,166,0,166,433
03/07/2020,CMA,CA,AWP,WE,Towers with Radar,0,2,67,0,69,0,0,75,0,75,0,2,142,0,144,296,0,296,440
03/08/2020,CMA,CA,AWP,WE,Towers with Radar,0,14,40,0,54,0,0,199,0,199,0,14,239,0,253,382,0,382,635
03/09/2020,CMA,CA,AWP,WE,Towers with Radar,0,9,33,2,44,0,3,116,1,120,0,12,149,3,164,234,0,234,398
03/10/2020,CMA,CA,AWP,WE,Towers with Radar,0,11,28,2,41,0,0,3,0,3,0,11,31,2,44,12,0,12,56
03/11/2020,CMA,CA,AWP,WE,Towers with Radar,0,6,31,0,37,0,0,63,2,65,0,6,94,2,102,250,0,250,352
03/12/2020,CMA,CA,AWP,WE,Towers with Radar,0,19,31,0,50,0,1,56,2,59,0,20,87,2,109,202,0,202,311
03/13/2020,CMA,CA,AWP,WE,Towers with Radar,0,17,56,0,73,0,0,7,0,7,0,17,63,0,80,12,0,12,92
03/14/2020,CMA,CA,AWP,WE,Towers with Radar,0,7,44,0,51,0,0,52,0,52,0,7,96,0,103,198,0,198,301
03/15/2020,CMA,CA,AWP,WE,Towers with Radar,0,14,49,0,63,0,0,79,1,80,0,14,128,1,143,302,0,302,445
03/16/2020,CMA,CA,AWP,WE,Towers with Radar,0,15,25,0,40,0,0,5,0,5,0,15,30,0,45,54,0,54,99
03/17/2020,CMA,CA,AWP,WE,Towers with Radar,0,4,25,2,31,0,0,83,0,83,0,4,108,2,114,288,0,288,402
03/18/2020,CMA,CA,AWP,WE,Towers with Radar,0,1,35,0,36,0,2,154,0,156,0,3,189,0,192,208,0,208,400
03/19/2020,CMA,CA,AWP,WE,Towers with Radar,0,0,18,1,19,0,0,82,0,82,0,0,100,1,101,260,0,260,361
03/20/2020,CMA,CA,AWP,WE,Towers with Radar,0,4,8,0,12,0,0,56,0,56,0,4,64,0,68,92,0,92,160
03/21/2020,CMA,CA,AWP,WE,Towers with Radar,0,0,20,0,20,0,0,153,0,153,0,0,173,0,173,164,0,164,337
03/22/2020,CMA,CA,AWP,WE,Towers with Radar,0,1,10,0,11,0,0,44,1,45,0,1,54,1,56,114,0,114,170
03/23/2020,CMA,CA,AWP,WE,Towers with Radar,0,1,29,0,30,0,0,62,0,62,0,1,91,0,92,234,0,234,326
03/24/2020,CMA,CA,AWP,WE,Towers with Radar,0,1,31,2,34,0,0,54,0,54,0,1,85,2,88,110,0,110,198
03/25/2020,CMA,CA,AWP,WE,Towers with Radar,0,4,23,0,27,0,0,79,0,79,0,4,102,0,106,230,0,230,336
03/26/2020,CMA,CA,AWP,WE,Towers with Radar,0,0,23,0,23,0,0,92,0,92,0,0,115,0,115,164,0,164,279
03/27/2020,CMA,CA,AWP,WE,Towers with Radar,0,2,22,0,24,0,0,139,0,139,0,2,161,0,163,266,0,266,429
03/28/2020,CMA,CA,AWP,WE,Towers with Radar,0,0,23,0,23,0,0,206,0,206,0,0,229,0,229,223,0,223,452
03/29/2020,CMA,CA,AWP,WE,Towers with Radar,0,4,24,0,28,0,0,110,0,110,0,4,134,0,138,136,0,136,274
03/30/2020,CMA,CA,AWP,WE,Towers with Radar,0,5,16,0,21,0,0,124,0,124,0,5,140,0,145,218,0,218,363
03/31/2020,CMA,CA,AWP,WE,Towers with Radar,0,3,10,0,13,0,0,124,1,125,0,3,134,1,138,288,0,288,426
04/01/2020,CMA,CA,AWP,WE,Towers with Radar,0,6,16,1,23,0,1,129,5,135,0,7,145,6,158,218,0,218,376
04/02/2020,CMA,CA,AWP,WE,Towers with Radar,0,3,25,1,29,0,0,96,1,97,0,3,121,2,126,112,0,112,238
04/03/2020,CMA,CA,AWP,WE,Towers with Radar,0,9,15,0,24,0,0,130,0,130,0,9,145,0,154,150,0,150,304
04/04/2020,CMA,CA,AWP,WE,Towers with Radar,0,0,36,0,36,0,0,78,0,78,0,0,114,0,114,156,0,156,270
04/05/2020,CMA,CA,AWP,WE,Towers with Radar,0,3,23,0,26,0,0,5,0,5,0,3,28,0,31,42,0,42,73
04/06/2020,CMA,CA,AWP,WE,Towers with Radar,0,1,11,0,12,0,0,32,0,32,0,1,43,0,44,54,0,54,98
04/07/2020,CMA,CA,AWP,WE,Towers with Radar,0,1,9,0,10,0,0,30,0,30,0,1,39,0,40,130,0,130,170
04/08/2020,CMA,CA,AWP,WE,Towers with Radar,0,1,12,0,13,0,0,38,0,38,0,1,50,0,51,96,0,96,147
04/09/2020,CMA,CA,AWP,WE,Towers with Radar,0,3,14,0,17,0,0,8,0,8,0,3,22,0,25,24,0,24,49
04/10/2020,CMA,CA,AWP,WE,Towers with Radar,0,2,16,0,18,0,0,65,0,65,0,2,81,0,83,102,0,102,185
04/11/2020,CMA,CA,AWP,WE,Towers with Radar,0,1,19,0,20,0,0,245,0,245,0,1,264,0,265,302,0,302,567
04/12/2020,CMA,CA,AWP,WE,Towers with Radar,0,3,28,0,31,0,0,10,0,10,0,3,38,0,41,74,0,74,115
04/13/2020,CMA,CA,AWP,WE,Towers with Radar,0,3,31,0,34,0,0,58,0,58,0,3,89,0,92,170,0,170,262
04/14/2020,CMA,CA,AWP,WE,Towers with Radar,0,1,10,2,13,0,0,87,3,90,0,1,97,5,103,96,0,96,199
04/15/2020,CMA,CA,AWP,WE,Towers with Radar,0,0,16,0,16,0,0,209,1,210,0,0,225,1,226,248,0,248,474
04/16/2020,CMA,CA,AWP,WE,Towers with Radar,0,0,35,0,35,0,0,171,0,171,0,0,206,0,206,246,0,246,452
04/17/2020,CMA,CA,AWP,WE,Towers with Radar,0,0,10,0,10,0,0,94,0,94,0,0,104,0,104,304,0,304,408
04/18/2020,CMA,CA,AWP,WE,Towers with Radar,0,2,21,0,23,0,0,59,0,59,0,2,80,0,82,98,0,98,180
04/19/2020,CMA,CA,AWP,WE,Towers with Radar,0,0,34,1,35,0,0,59,1,60,0,0,93,2,95,144,0,144,239
04/20/2020,CMA,CA,AWP,WE,Towers with Radar,0,3,19,0,22,0,0,45,0,45,0,3,64,0,67,102,0,102,169
04/21/2020,CMA,CA,AWP,WE,Towers with Radar,0,1,25,0,26,0,0,152,0,152,0,1,177,0,178,308,0,308,486
04/22/2020,CMA,CA,AWP,WE,Towers with Radar,0,0,25,0,25,0,0,176,0,176,0,0,201,0,201,320,0,320,521
04/23/2020,CMA,CA,AWP,WE,Towers with Radar,0,3,29,0,32,0,0,135,1,136,0,3,164,1,168,294,0,294,462
04/24/2020,CMA,CA,AWP,WE,Towers with Radar,0,3,14,0,17,0,0,146,0,146,0,3,160,0,163,242,0,242,405
04/25/2020,CMA,CA,AWP,WE,Towers with Radar,0,3,12,0,15,0,0,184,0,184,0,3,196,0,199,162,0,162,361
04/26/2020,CMA,CA,AWP,WE,Towers with Radar,0,1,12,0,13,0,0,188,0,188,0,1,200,0,201,106,0,106,307
04/27/2020,CMA,CA,AWP,WE,Towers with Radar,0,2,26,0,28,0,0,115,0,115,0,2,141,0,143,142,0,142,285
04/28/2020,CMA,CA,AWP,WE,Towers with Radar,0,0,39,0,39,0,0,137,2,139,0,0,176,2,178,274,0,274,452
04/29/2020,CMA,CA,AWP,WE,Towers with Radar,0,3,46,0,49,0,0,17,0,17,0,3,63,0,66,90,0,90,156
04/30/2020,CMA,CA,AWP,WE,Towers with Radar,0,2,40,0,42,0,0,96,4,100,0,2,136,4,142,206,0,206,348
05/01/2020,CMA,CA,AWP,WE,Towers with Radar,0,5,36,0,41,0,0,165,0,165,0,5,201,0,206,268,0,268,474
05/02/2020,CMA,CA,AWP,WE,Towers with Radar,0,4,20,0,24,0,0,167,0,167,0,4,187,0,191,194,0,194,385
05/03/2020,CMA,CA,AWP,WE,Towers with Radar,0,2,26,0,28,0,0,167,0,167,0,2,193,0,195,152,0,152,347
05/04/2020,CMA,CA,AWP,WE,Towers with Radar,0,0,22,0,22,0,0,122,0,122,0,0,144,0,144,170,0,170,314
05/05/2020,CMA,CA,AWP,WE,Towers with Radar,0,6,10,0,16,0,0,135,0,135,0,6,145,0,151,280,0,280,431
05/06/2020,CMA,CA,AWP,WE,Towers with Radar,0,2,17,2,21,0,0,118,0,118,0,2,135,2,139,224,0,224,363
05/07/2020,CMA,CA,AWP,WE,Towers with Radar,0,7,51,0,58,0,0,114,0,114,0,7,165,0,172,224,0,224,396
05/08/2020,CMA,CA,AWP,WE,Towers with Radar,0,4,32,0,36,0,0,154,0,154,0,4,186,0,190,312,0,312,502
05/09/2020,CMA,CA,AWP,WE,Towers with Radar,0,0,40,0,40,0,0,83,0,83,0,0,123,0,123,180,0,180,303
05/10/2020,CMA,CA,AWP,WE,Towers with Radar,0,2,34,0,36,0,0,6,0,6,0,2,40,0,42,14,0,14,56
05/11/2020,CMA,CA,AWP,WE,Towers with Radar,0,1,27,0,28,0,0,113,0,113,0,1,140,0,141,184,0,184,325
05/12/2020,CMA,CA,AWP,WE,Towers with Radar,0,2,34,0,36,0,0,46,2,48,0,2,80,2,84,180,0,180,264
05/13/2020,CMA,CA,AWP,WE,Towers with Radar,0,8,24,0,32,0,0,149,2,151,0,8,173,2,183,268,0,268,451
05/14/2020,CMA,CA,AWP,WE,Towers with Radar,0,0,23,0,23,0,0,144,0,144,0,0,167,0,167,222,0,222,389
05/15/2020,CMA,CA,AWP,WE,Towers with Radar,0,4,15,0,19,0,0,140,0,140,0,4,155,0,159,208,0,208,367
05/16/2020,CMA,CA,AWP,WE,Towers with Radar,0,3,14,0,17,0,0,168,0,168,0,3,182,0,185,240,0,240,425
05/17/2020,CMA,CA,AWP,WE,Towers with Radar,0,2,22,0,24,0,0,149,2,151,0,2,171,2,175,252,0,252,427
05/18/2020,CMA,CA,AWP,WE,Towers with Radar,0,3,32,4,39,0,0,27,0,27,0,3,59,4,66,58,24,82,148
05/19/2020,CMA,CA,AWP,WE,Towers with Radar,0,1,29,0,30,0,0,94,0,94,0,1,123,0,124,64,0,64,188
05/20/2020,CMA,CA,AWP,WE,Towers with Radar,0,13,21,0,34,0,0,164,0,164,0,13,185,0,198,160,0,160,358
05/21/2020,CMA,CA,AWP,WE,Towers with Radar,0,6,19,0,25,0,0,178,2,180,0,6,197,2,205,236,0,236,441
05/22/2020,CMA,CA,AWP,WE,Towers with Radar,0,8,26,0,34,0,0,154,0,154,0,8,180,0,188,250,0,250,438
05/23/2020,CMA,CA,AWP,WE,Towers with Radar,0,6,26,0,32,0,0,163,0,163,0,6,189,0,195,224,0,224,419
05/24/2020,CMA,CA,AWP,WE,Towers with Radar,0,6,12,0,18,0,0,125,0,125,0,6,137,0,143,176,0,176,319
05/25/2020,CMA,CA,AWP,WE,Towers with Radar,0,2,24,0,26,0,0,161,0,161,0,2,185,0,187,232,0,232,419
05/26/2020,CMA,CA,AWP,WE,Towers with Radar,0,2,24,0,26,0,0,107,0,107,0,2,131,0,133,220,0,220,353
05/27/2020,CMA,CA,AWP,WE,Towers with Radar,0,2,38,0,40,0,0,109,1,110,0,2,147,1,150,186,0,186,336
05/28/2020,CMA,CA,AWP,WE,Towers with Radar,0,3,45,0,48,0,0,84,0,84,0,3,129,0,132,168,0,168,300
05/29/2020,CMA,CA,AWP,WE,Towers with Radar,0,9,75,0,84,0,0,28,0,28,0,9,103,0,112,114,0,114,226
05/30/2020,CMA,CA,AWP,WE,Towers with Radar,0,2,26,0,28,0,0,131,0,131,0,2,157,0,159,320,0,320,479
05/31/2020,CMA,CA,AWP,WE,Towers with Radar,0,7,29,0,36,0,0,171,0,171,0,7,200,0,207,244,0,244,451
06/01/2020,CMA,CA,AWP,WE,Towers with Radar,0,10,23,0,33,0,0,113,0,113,0,10,136,0,146,204,0,204,350
06/02/2020,CMA,CA,AWP,WE,Towers with Radar,0,3,19,0,22,0,2,138,0,140,0,5,157,0,162,254,0,254,416
06/03/2020,CMA,CA,AWP,WE,Towers with Radar,0,3,22,1,26,0,1,165,1,167,0,4,187,2,193,266,0,266,459
06/04/2020,CMA,CA,AWP,WE,Towers with Radar,0,9,40,0,49,0,0,128,0,128,0,9,168,0,177,288,0,288,465
06/05/2020,CMA,CA,AWP,WE,Towers with Radar,0,11,70,0,81,0,0,71,0,71,0,11,141,0,152,308,0,308,460
06/06/2020,CMA,CA,AWP,WE,Towers with Radar,0,5,52,0,57,0,0,152,0,152,0,5,204,0,209,278,0,278,487
06/07/2020,CMA,CA,AWP,WE,Towers with Radar,0,6,31,0,37,0,3,273,0,276,0,9,304,0,313,230,0,230,543
06/08/2020,CMA,CA,AWP,WE,Towers with Radar,0,8,10,0,18,0,0,58,0,58,0,8,68,0,76,124,0,124,200
06/09/2020,CMA,CA,AWP,WE,Towers with Radar,0,6,22,0,28,0,1,174,1,176,0,7,196,1,204,264,0,264,468
06/10/2020,CMA,CA,AWP,WE,Towers with Radar,0,2,23,0,25,0,3,209,0,212,0,5,232,0,237,344,0,344,581
06/11/2020,CMA,CA,AWP,WE,Towers with Radar,0,1,25,0,26,0,0,212,0,212,0,1,237,0,238,312,0,312,550
06/12/2020,CMA,CA,AWP,WE,Towers with Radar,0,6,61,0,67,0,0,191,0,191,0,6,252,0,258,300,0,300,558
06/13/2020,CMA,CA,AWP,WE,Towers with Radar,0,5,34,0,39,0,0,249,0,249,0,5,283,0,288,262,0,262,550
06/14/2020,CMA,CA,AWP,WE,Towers with Radar,0,7,29,0,36,0,0,245,1,246,0,7,274,1,282,230,0,230,512
06/15/2020,CMA,CA,AWP,WE,Towers with Radar,0,9,40,0,49,0,0,187,1,188,0,9,227,1,237,236,0,236,473
06/16/2020,CMA,CA,AWP,WE,Towers with Radar,0,6,56,0,62,0,1,81,0,82,0,7,137,0,144,392,0,392,536
06/17/2020,CMA,CA,AWP,WE,Towers with Radar,0,6,59,0,65,0,0,118,1,119,0,6,177,1,184,308,0,308,492
06/18/2020,CMA,CA,AWP,WE,Towers with Radar,0,9,66,0,75,0,0,28,1,29,0,9,94,1,104,340,0,340,444
06/19/2020,CMA,CA,AWP,WE,Towers with Radar,0,3,85,0,88,0,0,92,0,92,0,3,177,0,180,444,0,444,624
06/20/2020,CMA,CA,AWP,WE,Towers with Radar,0,10,136,0,146,0,0,65,0,65,0,10,201,0,211,350,0,350,561
06/21/2020,CMA,CA,AWP,WE,Towers with Radar,0,9,66,0,75,0,0,56,0,56,0,9,122,0,131,181,0,181,312
06/22/2020,CMA,CA,AWP,WE,Towers with Radar,0,7,51,1,59,0,0,100,1,101,0,7,151,2,160,220,0,220,380
06/23/2020,CMA,CA,AWP,WE,Towers with Radar,0,6,58,0,64,0,1,131,2,134,0,7,189,2,198,240,0,240,438
06/24/2020,CMA,CA,AWP,WE,Towers with Radar,0,8,66,2,76,0,0,107,0,107,0,8,173,2,183,298,0,298,481
06/25/2020,CMA,CA,AWP,WE,Towers with Radar,0,4,56,0,60,0,0,142,0,142,0,4,198,0,202,274,0,274,476
06/26/2020,CMA,CA,AWP,WE,Towers with Radar,0,6,78,0,84,0,0,135,0,135,0,6,213,0,219,210,0,210,429
06/27/2020,CMA,CA,AWP,WE,Towers with Radar,0,2,58,1,61,0,0,153,0,153,0,2,211,1,214,254,0,254,468
06/28/2020,CMA,CA,AWP,WE,Towers with Radar,0,6,66,0,72,0,0,50,0,50,0,6,116,0,122,194,0,194,316
06/29/2020,CMA,CA,AWP,WE,Towers with Radar,0,9,22,0,31,0,0,154,0,154,0,9,176,0,185,356,0,356,541
06/30/2020,CMA,CA,AWP,WE,Towers with Radar,0,6,27,1,34,0,3,190,0,193,0,9,217,1,227,236,0,236,463
07/01/2020,CMA,CA,AWP,WE,Towers with Radar,0,14,47,0,61,0,1,124,0,125,0,15,171,0,186,330,0,330,516
07/02/2020,CMA,CA,AWP,WE,Towers with Radar,0,12,45,0,57,0,0,179,2,181,0,12,224,2,238,230,0,230,468
07/03/2020,CMA,CA,AWP,WE,Towers with Radar,0,10,37,0,47,0,0,279,0,279,0,10,316,0,326,254,0,254,580
07/04/2020,CMA,CA,AWP,WE,Towers with Radar,0,7,22,0,29,0,1,180,0,181,0,8,202,0,210,182,0,182,392
07/05/2020,CMA,CA,AWP,WE,Towers with Radar,0,11,34,0,45,0,1,210,0,211,0,12,244,0,256,146,0,146,402
07/06/2020,CMA,CA,AWP,WE,Towers with Radar,0,11,46,0,57,0,0,170,0,170,0,11,216,0,227,214,0,214,441
07/07/2020,CMA,CA,AWP,WE,Towers with Radar,0,8,21,0,29,0,2,158,0,160,0,10,179,0,189,226,0,226,415
07/08/2020,CMA,CA,AWP,WE,Towers with Radar,0,9,33,0,42,0,0,190,0,190,0,9,223,0,232,426,0,426,658
07/09/2020,CMA,CA,AWP,WE,Towers with Radar,0,6,37,0,43,0,0,228,0,228,0,6,265,0,271,218,0,218,489
07/10/2020,CMA,CA,AWP,WE,Towers with Radar,0,8,40,0,48,0,0,217,0,217,0,8,257,0,265,304,0,304,569
07/11/2020,CMA,CA,AWP,WE,Towers with Radar,0,12,33,0,45,0,0,254,0,254,0,12,287,0,299,294,0,294,593
07/12/2020,CMA,CA,AWP,WE,Towers with Radar,0,9,24,0,33,0,0,204,0,204,0,9,228,0,237,236,0,236,473
07/13/2020,CMA,CA,AWP,WE,Towers with Radar,0,3,40,0,43,0,0,156,0,156,0,3,196,0,199,296,0,296,495
07/14/2020,CMA,CA,AWP,WE,Towers with Radar,0,4,32,0,36,0,1,141,0,142,0,5,173,0,178,226,0,226,404
07/15/2020,CMA,CA,AWP,WE,Towers with Radar,0,12,66,0,78,0,0,163,0,163,0,12,229,0,241,270,0,270,511
07/16/2020,CMA,CA,AWP,WE,Towers with Radar,0,10,56,0,66,0,1,192,1,194,0,11,248,1,260,280,0,280,540
07/17/2020,CMA,CA,AWP,WE,Towers with Radar,0,6,31,0,37,0,0,245,0,245,0,6,276,0,282,296,0,296,578
07/18/2020,CMA,CA,AWP,WE,Towers with Radar,0,2,27,0,29,0,1,272,0,273,0,3,299,0,302,266,0,266,568
07/19/2020,CMA,CA,AWP,WE,Towers with Radar,0,7,52,0,59,0,1,181,0,182,0,8,233,0,241,226,0,226,467
07/20/2020,CMA,CA,AWP,WE,Towers with Radar,0,6,25,1,32,0,3,198,1,202,0,9,223,2,234,210,0,210,444
07/21/2020,CMA,CA,AWP,WE,Towers with Radar,0,6,29,0,35,0,1,195,0,196,0,7,224,0,231,324,0,324,555
07/22/2020,CMA,CA,AWP,WE,Towers with Radar,0,8,77,2,87,0,2,110,0,112,0,10,187,2,199,176,0,176,375
07/23/2020,CMA,CA,AWP,WE,Towers with Radar,0,8,47,0,55,0,1,182,0,183,0,9,229,0,238,440,0,440,678
07/24/2020,CMA,CA,AWP,WE,Towers with Radar,0,4,31,0,35,0,0,197,1,198,0,4,228,1,233,360,0,360,593
07/25/2020,CMA,CA,AWP,WE,Towers with Radar,0,8,44,0,52,0,1,202,0,203,0,9,246,0,255,258,0,258,513
07/26/2020,CMA,CA,AWP,WE,Towers with Radar,0,23,40,0,63,0,0,248,0,248,0,23,288,0,311,220,0,220,531
07/27/2020,CMA,CA,AWP,WE,Towers with Radar,0,6,40,0,46,0,0,71,0,71,0,6,111,0,117,240,0,240,357
07/28/2020,CMA,CA,AWP,WE,Towers with Radar,0,6,33,2,41,0,0,122,0,122,0,6,155,2,163,172,0,172,335
07/29/2020,CMA,CA,AWP,WE,Towers with Radar,0,8,77,0,85,0,0,120,2,122,0,8,197,2,207,272,0,272,479
07/30/2020,CMA,CA,AWP,WE,Towers with Radar,0,5,37,2,44,0,0,187,0,187,0,5,224,2,231,314,0,314,545
07/31/2020,CMA,CA,AWP,WE,Towers with Radar,0,5,27,0,32,0,0,253,0,253,0,5,280,0,285,324,0,324,609
08/01/2020,CMA,CA,AWP,WE,Towers with Radar,0,9,14,0,23,0,0,256,0,256,0,9,270,0,279,274,0,274,553
08/02/2020,CMA,CA,AWP,WE,Towers with Radar,0,11,32,0,43,0,0,240,1,241,0,11,272,1,284,244,0,244,528
08/03/2020,CMA,CA,AWP,WE,Towers with Radar,0,14,25,0,39,0,0,162,0,162,0,14,187,0,201,254,2,256,457
08/04/2020,CMA,CA,AWP,WE,Towers with Radar,0,7,48,0,55,0,0,81,0,81,0,7,129,0,136,366,0,366,502
08/05/2020,CMA,CA,AWP,WE,Towers with Radar,0,17,60,0,77,0,0,114,0,114,0,17,174,0,191,312,0,312,503
08/06/2020,CMA,CA,AWP,WE,Towers with Radar,0,5,44,0,49,0,0,154,0,154,0,5,198,0,203,314,0,314,517
08/07/2020,CMA,CA,AWP,WE,Towers with Radar,0,6,25,1,32,0,2,285,0,287,0,8,310,1,319,248,0,248,567
08/08/2020,CMA,CA,AWP,WE,Towers with Radar,0,3,23,0,26,0,0,213,0,213,0,3,236,0,239,384,0,384,623
08/09/2020,CMA,CA,AWP,WE,Towers with Radar,0,9,31,0,40,0,0,259,0,259,0,9,290,0,299,190,0,190,489
08/10/2020,CMA,CA,AWP,WE,Towers with Radar,0,10,45,1,56,0,0,181,2,183,0,10,226,3,239,318,0,318,557
08/11/2020,CMA,CA,AWP,WE,Towers with Radar,0,10,30,0,40,0,2,149,1,152,0,12,179,1,192,186,0,186,378
08/12/2020,CMA,CA,AWP,WE,Towers with Radar,0,18,24,0,42,0,1,183,0,184,0,19,207,0,226,190,0,190,416
08/13/2020,CMA,CA,AWP,WE,Towers with Radar,0,8,37,0,45,0,0,214,0,214,0,8,251,0,259,254,0,254,513
08/14/2020,CMA,CA,AWP,WE,Towers with Radar,0,12,31,0,43,0,0,235,0,235,0,12,266,0,278,408,0,408,686
08/15/2020,CMA,CA,AWP,WE,Towers with Radar,0,10,14,1,25,0,0,217,0,217,0,10,231,1,242,100,0,100,342
08/16/2020,CMA,CA,AWP,WE,Towers with Radar,0,8,24,0,32,0,0,194,1,195,0,8,218,1,227,212,0,212,439
08/17/2020,CMA,CA,AWP,WE,Towers with Radar,0,14,15,2,31,0,0,178,1,179,0,14,193,3,210,242,0,242,452
08/18/2020,CMA,CA,AWP,WE,Towers with Radar,0,6,21,0,27,0,0,164,1,165,0,6,185,1,192,374,0,374,566
08/19/2020,CMA,CA,AWP,WE,Towers with Radar,0,17,25,2,44,0,0,175,0,175,0,17,200,2,219,260,0,260,479
08/20/2020,CMA,CA,AWP,WE,Towers with Radar,0,9,40,0,49,0,4,143,0,147,0,13,183,0,196,282,0,282,478
08/21/2020,CMA,CA,AWP,WE,Towers with Radar,0,5,42,0,47,0,0,113,0,113,0,5,155,0,160,292,0,292,452
08/22/2020,CMA,CA,AWP,WE,Towers with Radar,0,5,31,0,36,0,0,139,0,139,0,5,170,0,175,182,0,182,357
08/23/2020,CMA,CA,AWP,WE,Towers with Radar,0,8,28,0,36,0,1,196,0,197,0,9,224,0,233,156,0,156,389
08/24/2020,CMA,CA,AWP,WE,Towers with Radar,0,3,37,0,40,0,0,107,0,107,0,3,144,0,147,174,0,174,321
08/25/2020,CMA,CA,AWP,WE,Towers with Radar,0,3,30,1,34,0,0,126,0,126,0,3,156,1,160,244,0,244,404
08/26/2020,CMA,CA,AWP,WE,Towers with Radar,0,7,21,0,28,0,0,170,0,170,0,7,191,0,198,270,0,270,468
08/27/2020,CMA,CA,AWP,WE,Towers with Radar,0,14,24,0,38,0,0,244,0,244,0,14,268,0,282,296,0,296,578
08/28/2020,CMA,CA,AWP,WE,Towers with Radar,0,6,32,0,38,0,0,204,0,204,0,6,236,0,242,294,0,294,536
08/29/2020,CMA,CA,AWP,WE,Towers with Radar,0,9,44,0,53,0,0,240,0,240,0,9,284,0,293,312,0,312,605
08/30/2020,CMA,CA,AWP,WE,Towers with Radar,0,8,52,0,60,0,0,234,2,236,0,8,286,2,296,258,0,258,554
08/31/2020,CMA,CA,AWP,WE,Towers with Radar,0,7,45,0,52,0,0,157,0,157,0,7,202,0,209,258,0,258,467
09/01/2020,CMA,CA,AWP,WE,Towers with Radar,0,7,46,0,53,0,0,163,0,163,0,7,209,0,216,280,0,280,496
09/02/2020,CMA,CA,AWP,WE,Towers with Radar,0,12,47,0,59,0,0,182,0,182,0,12,229,0,241,390,0,390,631
09/03/2020,CMA,CA,AWP,WE,Towers with Radar,0,6,41,0,47,0,0,199,0,199,0,6,240,0,246,320,0,320,566
09/04/2020,CMA,CA,AWP,WE,Towers with Radar,0,12,31,0,43,0,1,263,2,266,0,13,294,2,309,296,0,296,605
09/05/2020,CMA,CA,AWP,WE,Towers with Radar,0,4,27,3,34,0,0,198,0,198,0,4,225,3,232,192,0,192,424
09/06/2020,CMA,CA,AWP,WE,Towers with Radar,0,4,31,0,35,0,0,122,0,122,0,4,153,0,157,158,0,158,315
09/07/2020,CMA,CA,AWP,WE,Towers with Radar,0,5,35,2,42,0,0,105,0,105,0,5,140,2,147,138,0,138,285
09/08/2020,CMA,CA,AWP,WE,Towers with Radar,0,6,57,3,66,0,0,35,0,35,0,6,92,3,101,226,0,226,327
09/09/2020,CMA,CA,AWP,WE,Towers with Radar,0,8,33,3,44,0,0,110,3,113,0,8,143,6,157,250,0,250,407
09/10/2020,CMA,CA,AWP,WE,Towers with Radar,0,9,45,1,55,0,0,109,2,111,0,9,154,3,166,372,0,372,538
09/11/2020,CMA,CA,AWP,WE,Towers with Radar,0,8,56,1,65,0,0,132,0,132,0,8,188,1,197,272,0,272,469
09/12/2020,CMA,CA,AWP,WE,Towers with Radar,0,7,37,0,44,0,0,84,0,84,0,7,121,0,128,332,0,332,460
09/13/2020,CMA,CA,AWP,WE,Towers with Radar,0,8,61,0,69,0,0,71,0,71,0,8,132,0,140,110,0,110,250
09/14/2020,CMA,CA,AWP,WE,Towers with Radar,0,12,45,4,61,0,2,42,0,44,0,14,87,4,105,128,0,128,233
09/15/2020,CMA,CA,AWP,WE,Towers with Radar,0,6,49,0,55,0,1,73,0,74,0,7,122,0,129,130,0,130,259
09/16/2020,CMA,CA,AWP,WE,Towers with Radar,0,13,33,0,46,0,0,139,2,141,0,13,172,2,187,360,0,360,547
09/17/2020,CMA,CA,AWP,WE,Towers with Radar,0,7,31,0,38,0,2,204,0,206,0,9,235,0,244,312,0,312,556
09/18/2020,CMA,CA,AWP,WE,Towers with Radar,0,6,33,0,39,0,3,250,0,253,0,9,283,0,292,348,0,348,640
09/19/2020,CMA,CA,AWP,WE,Towers with Radar,0,9,29,0,38,0,2,274,1,277,0,11,303,1,315,182,0,182,497
09/20/2020,CMA,CA,AWP,WE,Towers with Radar,0,6,34,2,42,0,0,234,0,234,0,6,268,2,276,184,0,184,460
09/21/2020,CMA,CA,AWP,WE,Towers with Radar,0,4,33,3,40,0,0,140,0,140,0,4,173,3,180,176,2,178,358
09/22/2020,CMA,CA,AWP,WE,Towers with Radar,0,13,53,0,66,0,0,177,1,178,0,13,230,1,244,264,0,264,508
09/23/2020,CMA,CA,AWP,WE,Towers with Radar,0,5,27,1,33,0,0,192,0,192,0,5,219,1,225,238,0,238,463
09/24/2020,CMA,CA,AWP,WE,Towers with Radar,0,12,36,2,50,0,1,207,5,213,0,13,243,7,263,352,8,360,623
09/25/2020,CMA,CA,AWP,WE,Towers with Radar,0,10,66,1,77,0,1,205,13,219,0,11,271,14,296,296,12,308,604
09/26/2020,CMA,CA,AWP,WE,Towers with Radar,0,7,41,0,48,0,0,223,0,223,0,7,264,0,271,306,0,306,577
09/27/2020,CMA,CA,AWP,WE,Towers with Radar,0,7,50,0,57,0,0,172,0,172,0,7,222,0,229,268,0,268,497
09/28/2020,CMA,CA,AWP,WE,Towers with Radar,0,7,44,4,55,0,0,141,1,142,0,7,185,5,197,270,0,270,467
09/29/2020,CMA,CA,AWP,WE,Towers with Radar,0,5,44,0,49,0,2,165,0,167,0,7,209,0,216,334,0,334,550
09/30/2020,CMA,CA,AWP,WE,Towers with Radar,0,12,26,0,38,0,2,164,0,166,0,14,190,0,204,264,0,264,468
10/01/2020,CMA,CA,AWP,WE,Towers with Radar,0,10,25,0,35,0,0,172,3,175,0,10,197,3,210,232,0,232,442
10/02/2020,CMA,CA,AWP,WE,Towers with Radar,0,12,28,2,42,0,0,207,0,207,0,12,235,2,249,256,0,256,505
10/03/2020,CMA,CA,AWP,WE,Towers with Radar,0,1,27,0,28,0,0,225,3,228,0,1,252,3,256,284,0,284,540
10/04/2020,CMA,CA,AWP,WE,Towers with Radar,0,8,35,0,43,0,0,192,0,192,0,8,227,0,235,202,0,202,437
10/05/2020,CMA,CA,AWP,WE,Towers with Radar,0,6,43,0,49,0,1,142,0,143,0,7,185,0,192,328,0,328,520
10/06/2020,CMA,CA,AWP,WE,Towers with Radar,0,4,33,0,37,0,2,164,0,166,0,6,197,0,203,340,0,340,543
10/07/2020,CMA,CA,AWP,WE,Towers with Radar,0,5,51,2,58,0,0,211,0,211,0,5,262,2,269,248,4,252,521
10/08/2020,CMA,CA,AWP,WE,Towers with Radar,0,14,77,0,91,0,0,84,0,84,0,14,161,0,175,196,0,196,371
10/09/2020,CMA,CA,AWP,WE,Towers with Radar,0,12,84,0,96,0,0,75,1,76,0,12,159,1,172,208,0,208,380
10/10/2020,CMA,CA,AWP,WE,Towers with Radar,0,10,65,0,75,0,0,139,0,139,0,10,204,0,214,252,0,252,466
10/11/2020,CMA,CA,AWP,WE,Towers with Radar,0,8,44,0,52,0,1,248,0,249,0,9,292,0,301,260,0,260,561
10/12/2020,CMA,CA,AWP,WE,Towers with Radar,0,10,27,0,37,0,0,196,0,196,0,10,223,0,233,272,0,272,505
10/13/2020,CMA,CA,AWP,WE,Towers with Radar,0,7,26,0,33,0,2,207,0,209,0,9,233,0,242,324,0,324,566
10/14/2020,CMA,CA,AWP,WE,Towers with Radar,0,18,35,2,55,0,0,240,0,240,0,18,275,2,295,227,0,227,522
10/15/2020,CMA,CA,AWP,WE,Towers with Radar,0,10,36,0,46,0,0,212,1,213,0,10,248,1,259,326,0,326,585
10/16/2020,CMA,CA,AWP,WE,Towers with Radar,0,11,36,0,47,0,1,147,3,151,0,12,183,3,198,252,4,256,454
10/17/2020,CMA,CA,AWP,WE,Towers with Radar,0,13,25,0,38,0,2,266,1,269,0,15,291,1,307,276,0,276,583
10/18/2020,CMA,CA,AWP,WE,Towers with Radar,0,16,57,0,73,0,0,183,0,183,0,16,240,0,256,200,0,200,456
10/19/2020,CMA,CA,AWP,WE,Towers with Radar,0,19,49,1,69,0,0,146,0,146,0,19,195,1,215,182,0,182,397
10/20/2020,CMA,CA,AWP,WE,Towers with Radar,0,13,73,2,88,0,0,64,2,66,0,13,137,4,154,102,0,102,256
10/21/2020,CMA,CA,AWP,WE,Towers with Radar,0,16,76,0,92,0,0,42,0,42,0,16,118,0,134,222,0,222,356
10/22/2020,CMA,CA,AWP,WE,Towers with Radar,0,14,76,3,93,0,1,70,0,71,0,15,146,3,164,216,0,216,380
10/23/2020,CMA,CA,AWP,WE,Towers with Radar,0,16,79,2,97,0,0,79,1,80,0,16,158,3,177,376,0,376,553
10/24/2020,CMA,CA,AWP,WE,Towers with Radar,0,8,73,0,81,0,0,123,0,123,0,8,196,0,204,342,0,342,546
10/25/2020,CMA,CA,AWP,WE,Towers with Radar,0,14,58,1,73,0,0,81,0,81,0,14,139,1,154,230,0,230,384
10/26/2020,CMA,CA,AWP,WE,Towers with Radar,0,10,18,0,28,0,0,12,0,12,0,10,30,0,40,0,0,0,40
10/27/2020,CMA,CA,AWP,WE,Towers with Radar,0,6,28,2,36,0,2,108,3,113,0,8,136,5,149,164,0,164,313
10/28/2020,CMA,CA,AWP,WE,Towers with Radar,0,7,47,1,55,0,0,215,0,215,0,7,262,1,270,228,0,228,498
10/29/2020,CMA,CA,AWP,WE,Towers with Radar,0,13,31,0,44,0,0,212,0,212,0,13,243,0,256,318,0,318,574
10/30/2020,CMA,CA,AWP,WE,Towers with Radar,0,11,42,0,53,0,0,251,1,252,0,11,293,1,305,228,0,228,533
10/31/2020,CMA,CA,AWP,WE,Towers with Radar,0,1,28,0,29,0,1,254,0,255,0,2,282,0,284,236,0,236,520
11/01/2020,CMA,CA,AWP,WE,Towers with Radar,0,13,27,0,40,0,0,190,0,190,0,13,217,0,230,200,0,200,430
11/02/2020,CMA,CA,AWP,WE,Towers with Radar,0,15,32,2,49,0,0,108,0,108,0,15,140,2,157,228,0,228,385
11/03/2020,CMA,CA,AWP,WE,Towers with Radar,0,6,33,2,41,0,1,107,0,108,0,7,140,2,149,206,0,206,355
11/04/2020,CMA,CA,AWP,WE,Towers with Radar,0,6,29,0,35,0,0,167,0,167,0,6,196,0,202,266,0,266,468
11/05/2020,CMA,CA,AWP,WE,Towers with Radar,0,20,33,0,53,0,0,177,1,178,0,20,210,1,231,384,0,384,615
11/06/2020,CMA,CA,AWP,WE,Towers with Radar,0,7,65,0,72,0,0,115,4,119,0,7,180,4,191,266,0,266,457
11/07/2020,CMA,CA,AWP,WE,Towers with Radar,0,5,21,0,26,0,0,44,0,44,0,5,65,0,70,84,0,84,154
11/08/2020,CMA,CA,AWP,WE,Towers with Radar,0,13,19,0,32,0,0,24,0,24,0,13,43,0,56,0,0,0,56
11/09/2020,CMA,CA,AWP,WE,Towers with Radar,0,8,26,0,34,0,1,201,1,203,0,9,227,1,237,342,0,342,579
11/10/2020,CMA,CA,AWP,WE,Towers with Radar,0,9,27,2,38,0,3,184,0,187,0,12,211,2,225,348,0,348,573
11/11/2020,CMA,CA,AWP,WE,Towers with Radar,0,10,31,0,41,0,0,280,0,280,0,10,311,0,321,270,0,270,591
11/12/2020,CMA,CA,AWP,WE,Towers with Radar,0,4,27,0,31,0,0,227,0,227,0,4,254,0,258,302,0,302,560
11/13/2020,CMA,CA,AWP,WE,Towers with Radar,0,19,21,1,41,0,1,206,0,207,0,20,227,1,248,332,0,332,580
11/14/2020,CMA,CA,AWP,WE,Towers with Radar,0,5,18,0,23,0,2,256,0,258,0,7,274,0,281,280,0,280,561
11/15/2020,CMA,CA,AWP,WE,Towers with Radar,0,8,30,0,38,0,0,216,0,216,0,8,246,0,254,282,0,282,536
11/16/2020,CMA,CA,AWP,WE,Towers with Radar,0,13,32,0,45,0,0,140,0,140,0,13,172,0,185,196,0,196,381
11/17/2020,CMA,CA,AWP,WE,Towers with Radar,0,4,24,0,28,0,1,178,1,180,0,5,202,1,208,236,0,236,444
11/18/2020,CMA,CA,AWP,WE,Towers with Radar,0,12,59,0,71,0,0,90,0,90,0,12,149,0,161,186,0,186,347
11/19/2020,CMA,CA,AWP,WE,Towers with Radar,0,3,48,2,53,0,0,187,0,187,0,3,235,2,240,250,0,250,490
11/20/2020,CMA,CA,AWP,WE,Towers with Radar,0,12,31,0,43,0,1,236,0,237,0,13,267,0,280,256,0,256,536
11/21/2020,CMA,CA,AWP,WE,Towers with Radar,0,11,28,0,39,0,0,320,0,320,0,11,348,0,359,245,0,245,604
11/22/2020,CMA,CA,AWP,WE,Towers with Radar,0,8,35,0,43,0,0,243,0,243,0,8,278,0,286,232,0,232,518
11/23/2020,CMA,CA,AWP,WE,Towers with Radar,1,13,29,1,44,0,3,172,0,175,1,16,201,1,219,306,0,306,525
11/24/2020,CMA,CA,AWP,WE,Towers with Radar,0,6,41,2,49,0,3,215,2,220,0,9,256,4,269,244,0,244,513
11/25/2020,CMA,CA,AWP,WE,Towers with Radar,0,8,40,0,48,0,0,206,0,206,0,8,246,0,254,364,0,364,618
11/26/2020,CMA,CA,AWP,WE,Towers with Radar,0,2,9,0,11,0,0,33,0,33,0,2,42,0,44,60,0,60,104
11/27/2020,CMA,CA,AWP,WE,Towers with Radar,0,8,10,0,18,0,0,58,0,58,0,8,68,0,76,66,0,66,142
11/28/2020,CMA,CA,AWP,WE,Towers with Radar,0,2,24,0,26,0,0,201,1,202,0,2,225,1,228,204,0,204,432
11/29/2020,CMA,CA,AWP,WE,Towers with Radar,0,17,38,1,56,0,0,211,3,214,0,17,249,4,270,118,6,124,394
11/30/2020,CMA,CA,AWP,WE,Towers with Radar,0,8,23,0,31,0,0,173,0,173,0,8,196,0,204,299,0,299,503
12/01/2020,CMA,CA,AWP,WE,Towers with Radar,0,12,36,0,48,0,0,172,0,172,0,12,208,0,220,332,0,332,552
12/02/2020,CMA,CA,AWP,WE,Towers with Radar,0,9,22,0,31,0,0,154,0,154,0,9,176,0,185,158,0,158,343
12/03/2020,CMA,CA,AWP,WE,Towers with Radar,0,5,7,0,12,0,0,61,3,64,0,5,68,3,76,46,4,50,126
12/04/2020,CMA,CA,AWP,WE,Towers with Radar,0,12,30,0,42,0,1,177,0,178,0,13,207,0,220,338,0,338,558
12/05/2020,CMA,CA,AWP,WE,Towers with Radar,0,9,21,0,30,0,2,280,0,282,0,11,301,0,312,334,0,334,646
12/06/2020,CMA,CA,AWP,WE,Towers with Radar,0,5,42,0,47,0,0,279,1,280,0,5,321,1,327,300,0,300,627
12/07/2020,CMA,CA,AWP,WE,Towers with Radar,0,5,19,2,26,0,2,17,0,19,0,7,36,2,45,6,0,6,51
12/08/2020,CMA,CA,AWP,WE,Towers with Radar,0,9,14,2,25,0,0,54,1,55,0,9,68,3,80,98,0,98,178
12/09/2020,CMA,CA,AWP,WE,Towers with Radar,0,4,40,1,45,0,1,241,1,243,0,5,281,2,288,418,0,418,706
12/10/2020,CMA,CA,AWP,WE,Towers with Radar,0,10,32,0,42,0,0,210,1,211,0,10,242,1,253,370,0,370,623
12/11/2020,CMA,CA,AWP,WE,Towers with Radar,0,8,39,2,49,0,0,164,0,164,0,8,203,2,213,440,0,440,653
12/12/2020,CMA,CA,AWP,WE,Towers with Radar,0,7,43,0,50,0,3,113,0,116,0,10,156,0,166,350,0,350,516
12/13/2020,CMA,CA,AWP,WE,Towers with Radar,0,15,42,0,57,0,0,182,0,182,0,15,224,0,239,260,0,260,499
12/14/2020,CMA,CA,AWP,WE,Towers with Radar,0,2,20,0,22,0,0,135,0,135,0,2,155,0,157,354,0,354,511
12/15/2020,CMA,CA,AWP,WE,Towers with Radar,0,5,24,0,29,0,3,103,0,106,0,8,127,0,135,152,0,152,287
12/16/2020,CMA,CA,AWP,WE,Towers with Radar,0,12,25,1,38,0,0,221,0,221,0,12,246,1,259,386,0,386,645
12/17/2020,CMA,CA,AWP,WE,Towers with Radar,0,6,38,0,44,0,1,134,0,135,0,7,172,0,179,276,0,276,455
12/18/2020,CMA,CA,AWP,WE,Towers with Radar,0,6,34,0,40,0,0,113,0,113,0,6,147,0,153,112,0,112,265
12/19/2020,CMA,CA,AWP,WE,Towers with Radar,0,8,34,1,43,0,0,273,0,273,0,8,307,1,316,438,0,438,754
12/20/2020,CMA,CA,AWP,WE,Towers with Radar,0,8,28,2,38,0,0,211,0,211,0,8,239,2,249,274,0,274,523
12/21/2020,CMA,CA,AWP,WE,Towers with Radar,0,3,53,2,58,0,0,233,0,233,0,3,286,2,291,312,0,312,603
12/22/2020,CMA,CA,AWP,WE,Towers with Radar,0,6,50,3,59,0,1,206,0,207,0,7,256,3,266,216,0,216,482
12/23/2020,CMA,CA,AWP,WE,Towers with Radar,0,4,10,0,14,0,2,32,0,34,0,6,42,0,48,8,0,8,56
12/24/2020,CMA,CA,AWP,WE,Towers with Radar,0,3,6,0,9,0,0,41,0,41,0,3,47,0,50,62,0,62,112
12/25/2020,CMA,CA,AWP,WE,Towers with Radar,0,1,8,0,9,0,0,59,0,59,0,1,67,0,68,92,0,92,160
12/26/2020,CMA,CA,AWP,WE,Towers with Radar,0,9,28,0,37,0,0,232,0,232,0,9,260,0,269,164,0,164,433
12/27/2020,CMA,CA,AWP,WE,Towers with Radar,0,7,37,0,44,0,0,126,0,126,0,7,163,0,170,244,0,244,414
12/28/2020,CMA,CA,AWP,WE,Towers with Radar,0,8,10,0,18,0,0,3,0,3,0,8,13,0,21,34,0,34,55
12/29/2020,CMA,CA,AWP,WE,Towers with Radar,0,5,38,0,43,0,2,258,0,260,0,7,296,0,303,212,0,212,515
12/30/2020,CMA,CA,AWP,WE,Towers with Radar,0,7,20,0,27,0,1,243,0,244,0,8,263,0,271,218,0,218,489
12/31/2020,CMA,CA,AWP,WE,Towers with Radar,0,10,14,0,24,0,1,147,0,148,0,11,161,0,172,340,0,340,512
01/01/2021,CMA,CA,AWP,WE,Towers with Radar,0,5,3,0,8,0,0,66,0,66,0,5,69,0,74,114,0,114,188
01/02/2021,CMA,CA,AWP,WE,Towers with Radar,0,15,34,2,51,0,0,193,2,195,0,15,227,4,246,272,0,272,518
01/03/2021,CMA,CA,AWP,WE,Towers with Radar,0,12,41,2,55,0,0,131,0,131,0,12,172,2,186,187,0,187,373
01/04/2021,CMA,CA,AWP,WE,Towers with Radar,0,6,29,0,35,0,0,121,0,121,0,6,150,0,156,274,0,274,430
01/05/2021,CMA,CA,AWP,WE,Towers with Radar,0,11,26,2,39,0,2,140,0,142,0,13,166,2,181,266,0,266,447
01/06/2021,CMA,CA,AWP,WE,Towers with Radar,0,6,40,0,46,0,0,152,0,152,0,6,192,0,198,314,0,314,512
01/07/2021,CMA,CA,AWP,WE,Towers with Radar,0,14,26,0,40,0,0,176,1,177,0,14,202,1,217,228,8,236,453
01/08/2021,CMA,CA,AWP,WE,Towers with Radar,0,11,37,0,48,0,0,203,0,203,0,11,240,0,251,278,0,278,529
01/09/2021,CMA,CA,AWP,WE,Towers with Radar,0,6,4,0,10,0,1,84,2,87,0,7,88,2,97,192,0,192,289
01/10/2021,CMA,CA,AWP,WE,Towers with Radar,1,12,44,0,57,0,0,173,3,176,1,12,217,3,233,154,0,154,387
01/11/2021,CMA,CA,AWP,WE,Towers with Radar,0,5,31,0,36,0,1,122,0,123,0,6,153,0,159,214,0,214,373
01/12/2021,CMA,CA,AWP,WE,Towers with Radar,0,14,21,0,35,0,1,179,0,180,0,15,200,0,215,350,0,350,565
01/13/2021,CMA,CA,AWP,WE,Towers with Radar,0,2,21,0,23,0,0,165,0,165,0,2,186,0,188,340,0,340,528
01/14/2021,CMA,CA,AWP,WE,Towers with Radar,0,16,20,0,36,0,0,57,4,61,0,16,77,4,97,72,0,72,169
01/15/2021,CMA,CA,AWP,WE,Towers with Radar,0,9,35,2,46,0,3,103,0,106,0,12,138,2,152,100,0,100,252
01/16/2021,CMA,CA,AWP,WE,Towers with Radar,0,5,18,0,23,0,0,126,2,128,0,5,144,2,151,234,0,234,385
01/17/2021,CMA,CA,AWP,WE,Towers with Radar,0,11,24,0,35,0,1,176,0,177,0,12,200,0,212,160,0,160,372
01/18/2021,CMA,CA,AWP,WE,Towers with Radar,0,7,19,0,26,0,0,78,0,78,0,7,97,0,104,116,0,116,220
01/19/2021,CMA,CA,AWP,WE,Towers with Radar,0,6,4,0,10,0,0,11,0,11,0,6,15,0,21,2,0,2,23
01/20/2021,CMA,CA,AWP,WE,Towers with Radar,0,6,11,0,17,0,0,19,0,19,0,6,30,0,36,8,0,8,44
01/21/2021,CMA,CA,AWP,WE,Towers with Radar,0,9,44,0,53,0,0,222,0,222,0,9,266,0,275,326,0,326,601
01/22/2021,CMA,CA,AWP,WE,Towers with Radar,0,6,73,0,79,0,0,114,1,115,0,6,187,1,194,460,0,460,654
01/23/2021,CMA,CA,AWP,WE,Towers with Radar,0,8,43,0,51,0,0,47,2,49,0,8,90,2,100,306,0,306,406
01/24/2021,CMA,CA,AWP,WE,Towers with Radar,0,8,33,0,41,0,0,246,0,246,0,8,279,0,287,300,0,300,587
01/25/2021,CMA,CA,AWP,WE,Towers with Radar,0,7,13,0,20,0,0,4,0,4,0,7,17,0,24,0,0,0,24
01/26/2021,CMA,CA,AWP,WE,Towers with Radar,0,7,28,1,36,0,4,206,4,214,0,11,234,5,250,350,0,350,600
01/27/2021,CMA,CA,AWP,WE,Towers with Radar,0,2,11,0,13,0,0,8,0,8,0,2,19,0,21,44,0,44,65
01/28/2021,CMA,CA,AWP,WE,Towers with Radar,0,6,11,0,17,0,0,18,0,18,0,6,29,0,35,76,0,76,111
01/29/2021,CMA,CA,AWP,WE,Towers with Radar,0,10,33,0,43,0,0,32,0,32,0,10,65,0,75,222,0,222,297
01/30/2021,CMA,CA,AWP,WE,Towers with Radar,0,6,53,0,59,0,0,389,1,390,0,6,442,1,449,326,0,326,775
01/31/2021,CMA,CA,AWP,WE,Towers with Radar,0,10,20,0,30,0,0,178,0,178,0,10,198,0,208,242,0,242,450
02/01/2021,CMA,CA,AWP,WE,Towers with Radar,0,6,23,0,29,0,0,197,0,197,0,6,220,0,226,449,0,449,675
02/02/2021,CMA,CA,AWP,WE,Towers with Radar,0,5,31,0,36,0,2,199,0,201,0,7,230,0,237,362,0,362,599
02/03/2021,CMA,CA,AWP,WE,Towers with Radar,0,9,31,0,40,0,1,199,0,200,0,10,230,0,240,336,0,336,576
02/04/2021,CMA,CA,AWP,WE,Towers with Radar,0,7,59,0,66,0,1,169,0,170,0,8,228,0,236,244,0,244,480
02/05/2021,CMA,CA,AWP,WE,Towers with Radar,0,10,51,0,61,0,0,227,0,227,0,10,278,0,288,296,0,296,584
02/06/2021,CMA,CA,AWP,WE,Towers with Radar,0,10,31,0,41,0,1,236,1,238,0,11,267,1,279,216,0,216,495
02/07/2021,CMA,CA,AWP,WE,Towers with Radar,0,7,36,0,43,0,1,191,0,192,0,8,227,0,235,214,0,214,449
02/08/2021,CMA,CA,AWP,WE,Towers with Radar,0,12,40,0,52,0,0,71,0,71,0,12,111,0,123,128,0,128,251
02/09/2021,CMA,CA,AWP,WE,Towers with Radar,0,13,81,0,94,0,0,77,0,77,0,13,158,0,171,349,0,349,520
02/10/2021,CMA,CA,AWP,WE,Towers with Radar,0,18,32,0,50,0,2,211,0,213,0,20,243,0,263,286,0,286,549
02/11/2021,CMA,CA,AWP,WE,Towers with Radar,0,5,44,0,49,0,0,216,0,216,0,5,260,0,265,306,0,306,571
02/12/2021,CMA,CA,AWP,WE,Towers with Radar,0,15,36,0,51,0,0,145,0,145,0,15,181,0,196,216,0,216,412
02/13/2021,CMA,CA,AWP,WE,Towers with Radar,0,10,32,0,42,0,0,132,0,132,0,10,164,0,174,220,0,220,394
02/14/2021,CMA,CA,AWP,WE,Towers with Radar,0,10,23,0,33,0,0,153,0,153,0,10,176,0,186,252,0,252,438
02/15/2021,CMA,CA,AWP,WE,Towers with Radar,0,9,51,0,60,0,2,180,0,182,0,11,231,0,242,306,4,310,552
02/16/2021,CMA,CA,AWP,WE,Towers with Radar,0,9,30,0,39,0,1,104,0,105,0,10,134,0,144,300,0,300,444
02/17/2021,CMA,CA,AWP,WE,Towers with Radar,0,6,45,1,52,0,0,184,5,189,0,6,229,6,241,322,0,322,563
02/18/2021,CMA,CA,AWP,WE,Towers with Radar,0,18,32,0,50,0,0,134,0,134,0,18,166,0,184,200,0,200,384
02/19/2021,CMA,CA,AWP,WE,Towers with Radar,0,11,42,0,53,0,1,280,0,281,0,12,322,0,334,264,0,264,598
02/20/2021,CMA,CA,AWP,WE,Towers with Radar,0,5,16,0,21,0,0,136,1,137,0,5,152,1,158,148,0,148,306
02/21/2021,CMA,CA,AWP,WE,Towers with Radar,0,16,22,0,38,0,0,89,0,89,0,16,111,0,127,112,0,112,239
02/22/2021,CMA,CA,AWP,WE,Towers with Radar,0,10,14,0,24,0,1,54,0,55,0,11,68,0,79,94,0,94,173
02/23/2021,CMA,CA,AWP,WE,Towers with Radar,0,5,25,0,30,0,2,213,0,215,0,7,238,0,245,296,0,296,541
02/24/2021,CMA,CA,AWP,WE,Towers with Radar,0,2,36,1,39,0,0,192,2,194,0,2,228,3,233,290,0,290,523
02/25/2021,CMA,CA,AWP,WE,Towers with Radar,0,3,25,0,28,0,0,46,2,48,0,3,71,2,76,118,0,118,194
02/26/2021,CMA,CA,AWP,WE,Towers with Radar,0,5,54,1,60,0,0,293,2,295,0,5,347,3,355,300,0,300,655
02/27/2021,CMA,CA,AWP,WE,Towers with Radar,0,4,32,0,36,0,0,173,0,173,0,4,205,0,209,328,0,328,537
02/28/2021,CMA,CA,AWP,WE,Towers with Radar,0,11,11,0,22,0,0,36,0,36,0,11,47,0,58,12,0,12,70
03/01/2021,CMA,CA,AWP,WE,Towers with Radar,0,12,18,0,30,0,1,137,0,138,0,13,155,0,168,340,0,340,508
03/02/2021,CMA,CA,AWP,WE,Towers with Radar,0,0,0,0,0,0,2,210,3,215,0,2,210,3,215,344,0,344,559
03/03/2021,CMA,CA,AWP,WE,Towers with Radar,0,5,5,0,10,0,7,87,0,94,0,12,92,0,104,290,0,290,394
03/04/2021,CMA,CA,AWP,WE,Towers with Radar,0,5,8,0,13,0,3,264,2,269,0,8,272,2,282,306,0,306,588
03/05/2021,CMA,CA,AWP,WE,Towers with Radar,0,13,41,0,54,0,0,266,0,266,0,13,307,0,320,330,0,330,650
03/06/2021,CMA,CA,AWP,WE,Towers with Radar,0,5,27,0,32,0,2,290,1,293,0,7,317,1,325,252,0,252,577
03/07/2021,CMA,CA,AWP,WE,Towers with Radar,0,3,36,0,39,0,0,70,0,70,0,3,106,0,109,108,0,108,217
03/08/2021,CMA,CA,AWP,WE,Towers with Radar,0,7,36,1,44,0,0,182,0,182,0,7,218,1,226,202,0,202,428
03/09/2021,CMA,CA,AWP,WE,Towers with Radar,0,8,19,2,29,0,2,104,1,107,0,10,123,3,136,158,0,158,294
03/10/2021,CMA,CA,AWP,WE,Towers with Radar,0,6,24,0,30,0,0,39,1,40,0,6,63,1,70,146,0,146,216
03/11/2021,CMA,CA,AWP,WE,Towers with Radar,0,14,39,0,53,0,0,95,0,95,0,14,134,0,148,352,0,352,500
03/12/2021,CMA,CA,AWP,WE,Towers with Radar,0,9,38,0,47,0,0,175,2,177,0,9,213,2,224,312,0,312,536
03/13/2021,CMA,CA,AWP,WE,Towers with Radar,0,12,43,0,55,0,2,260,0,262,0,14,303,0,317,298,0,298,615
03/14/2021,CMA,CA,AWP,WE,Towers with Radar,1,15,74,0,90,0,0,130,1,131,1,15,204,1,221,292,0,292,513
03/15/2021,CMA,CA,AWP,WE,Towers with Radar,0,11,14,0,25,0,0,22,0,22,0,11,36,0,47,52,0,52,99
03/16/2021,CMA,CA,AWP,WE,Towers with Radar,0,6,33,0,39,0,3,240,0,243,0,9,273,0,282,326,0,326,608
03/17/2021,CMA,CA,AWP,WE,Towers with Radar,0,17,30,0,47,0,1,216,0,217,0,18,246,0,264,354,0,354,618
03/18/2021,CMA,CA,AWP,WE,Towers with Radar,0,25,20,0,45,0,0,199,0,199,0,25,219,0,244,297,0,297,541
03/19/2021,CMA,CA,AWP,WE,Towers with Radar,0,18,38,2,58,0,2,227,0,229,0,20,265,2,287,298,2,300,587
03/20/2021,CMA,CA,AWP,WE,Towers with Radar,0,9,42,0,51,0,0,224,0,224,0,9,266,0,275,310,0,310,585
03/21/2021,CMA,CA,AWP,WE,Towers with Radar,0,21,32,0,53,0,1,234,0,235,0,22,266,0,288,134,0,134,422
03/22/2021,CMA,CA,AWP,WE,Towers with Radar,0,6,26,0,32,0,0,195,0,195,0,6,221,0,227,362,0,362,589
03/23/2021,CMA,CA,AWP,WE,Towers with Radar,0,15,28,0,43,0,0,161,0,161,0,15,189,0,204,232,0,232,436
03/24/2021,CMA,CA,AWP,WE,Towers with Radar,0,16,23,0,39,0,0,114,2,116,0,16,137,2,155,218,0,218,373
03/25/2021,CMA,CA,AWP,WE,Towers with Radar,0,11,78,0,89,0,1,90,0,91,0,12,168,0,180,208,0,208,388
03/26/2021,CMA,CA,AWP,WE,Towers with Radar,0,12,29,0,41,0,0,217,0,217,0,12,246,0,258,250,0,250,508
03/27/2021,CMA,CA,AWP,WE,Towers with Radar,0,8,28,2,38,0,1,251,7,259,0,9,279,9,297,168,0,168,465
03/28/2021,CMA,CA,AWP,WE,Towers with Radar,0,17,37,0,54,0,0,266,0,266,0,17,303,0,320,210,0,210,530
03/29/2021,CMA,CA,AWP,WE,Towers with Radar,0,16,37,1,54,0,1,209,0,210,0,17,246,1,264,247,0,247,511
03/30/2021,CMA,CA,AWP,WE,Towers with Radar,0,16,36,1,53,0,2,173,0,175,0,18,209,1,228,188,0,188,416
03/31/2021,CMA,CA,AWP,WE,Towers with Radar,0,10,26,0,36,0,2,47,0,49,0,12,73,0,85,46,0,46,131
04/01/2021,CMA,CA,AWP,WE,Towers with Radar,0,22,26,0,48,0,0,199,1,200,0,22,225,1,248,244,0,244,492
04/02/2021,CMA,CA,AWP,WE,Towers with Radar,0,12,55,0,67,0,0,258,2,260,0,12,313,2,327,336,16,352,679
04/03/2021,CMA,CA,AWP,WE,Towers with Radar,0,12,42,0,54,0,0,225,0,225,0,12,267,0,279,146,0,146,425
04/04/2021,CMA,CA,AWP,WE,Towers with Radar,0,4,28,0,32,0,0,207,0,207,0,4,235,0,239,234,0,234,473
04/05/2021,CMA,CA,AWP,WE,Towers with Radar,0,11,43,0,54,0,0,137,0,137,0,11,180,0,191,186,0,186,377
04/06/2021,CMA,CA,AWP,WE,Towers with Radar,0,12,28,0,40,0,2,175,0,177,0,14,203,0,217,232,0,232,449
04/07/2021,CMA,CA,AWP,WE,Towers with Radar,0,9,35,0,44,0,1,145,0,146,0,10,180,0,190,250,0,250,440
04/08/2021,CMA,CA,AWP,WE,Towers with Radar,0,5,30,0,35,0,0,213,0,213,0,5,243,0,248,296,0,296,544
04/09/2021,CMA,CA,AWP,WE,Towers with Radar,0,7,36,2,45,0,2,209,1,212,0,9,245,3,257,317,0,317,574
04/10/2021,CMA,CA,AWP,WE,Towers with Radar,0,11,20,0,31,0,0,260,0,260,0,11,280,0,291,204,0,204,495
04/11/2021,CMA,CA,AWP,WE,Towers with Radar,0,11,50,0,61,0,1,192,0,193,0,12,242,0,254,216,0,216,470
04/12/2021,CMA,CA,AWP,WE,Towers with Radar,0,16,74,0,90,0,0,59,0,59,0,16,133,0,149,204,0,204,353
04/13/2021,CMA,CA,AWP,WE,Towers with Radar,0,8,80,0,88,0,0,56,0,56,0,8,136,0,144,368,0,368,512
04/14/2021,CMA,CA,AWP,WE,Towers with Radar,0,7,74,0,81,0,0,87,0,87,0,7,161,0,168,248,0,248,416
04/15/2021,CMA,CA,AWP,WE,Towers with Radar,0,11,42,2,55,0,0,193,0,193,0,11,235,2,248,268,0,268,516
04/16/2021,CMA,CA,AWP,WE,Towers with Radar,0,2,31,0,33,0,1,224,0,225,0,3,255,0,258,326,0,326,584
04/17/2021,CMA,CA,AWP,WE,Towers with Radar,0,3,36,0,39,0,0,233,2,235,0,3,269,2,274,224,0,224,498
04/18/2021,CMA,CA,AWP,WE,Towers with Radar,0,4,20,0,24,0,0,110,0,110,0,4,130,0,134,48,0,48,182
04/19/2021,CMA,CA,AWP,WE,Towers with Radar,0,5,29,0,34,0,0,170,0,170,0,5,199,0,204,270,0,270,474
04/20/2021,CMA,CA,AWP,WE,Towers with Radar,0,3,53,3,59,0,4,121,0,125,0,7,174,3,184,324,0,324,508
04/21/2021,CMA,CA,AWP,WE,Towers with Radar,0,13,64,0,77,0,0,89,0,89,0,13,153,0,166,238,0,238,404
04/22/2021,CMA,CA,AWP,WE,Towers with Radar,0,18,107,0,125,0,0,88,0,88,0,18,195,0,213,330,0,330,543
04/23/2021,CMA,CA,AWP,WE,Towers with Radar,0,9,101,0,110,0,1,111,0,112,0,10,212,0,222,344,0,344,566
04/24/2021,CMA,CA,AWP,WE,Towers with Radar,0,10,73,0,83,0,1,182,0,183,0,11,255,0,266,396,0,396,662
04/25/2021,CMA,CA,AWP,WE,Towers with Radar,0,8,74,0,82,0,0,107,0,107,0,8,181,0,189,202,0,202,391
04/26/2021,CMA,CA,AWP,WE,Towers with Radar,0,4,26,2,32,0,0,116,0,116,0,4,142,2,148,266,0,266,414
04/27/2021,CMA,CA,AWP,WE,Towers with Radar,0,12,42,6,60,0,2,196,0,198,0,14,238,6,258,328,0,328,586
04/28/2021,CMA,CA,AWP,WE,Towers with Radar,0,13,33,0,46,0,1,215,3,219,0,14,248,3,265,226,2,228,493
04/29/2021,CMA,CA,AWP,WE,Towers with Radar,0,14,34,0,48,0,1,266,0,267,0,15,300,0,315,252,0,252,567
04/30/2021,CMA,CA,AWP,WE,Towers with Radar,0,10,29,0,39,0,0,230,0,230,0,10,259,0,269,270,0,270,539
05/01/2021,CMA,CA,AWP,WE,Towers with Radar,0,8,19,0,27,0,0,244,2,246,0,8,263,2,273,308,0,308,581
05/02/2021,CMA,CA,AWP,WE,Towers with Radar,0,14,52,0,66,0,0,165,1,166,0,14,217,1,232,122,0,122,354
05/03/2021,CMA,CA,AWP,WE,Towers with Radar,0,8,22,0,30,0,0,187,0,187,0,8,209,0,217,260,0,260,477
05/04/2021,CMA,CA,AWP,WE,Towers with Radar,0,7,31,0,38,0,3,226,0,229,0,10,257,0,267,250,0,250,517
05/05/2021,CMA,CA,AWP,WE,Towers with Radar,0,12,40,1,53,0,0,171,5,176,0,12,211,6,229,254,0,254,483
05/06/2021,CMA,CA,AWP,WE,Towers with Radar,0,8,58,0,66,0,0,100,0,100,0,8,158,0,166,258,0,258,424
05/07/2021,CMA,CA,AWP,WE,Towers with Radar,0,14,78,0,92,0,2,112,0,114,0,16,190,0,206,298,0,298,504
05/08/2021,CMA,CA,AWP,WE,Towers with Radar,0,17,47,0,64,0,1,203,1,205,0,18,250,1,269,294,0,294,563
05/09/2021,CMA,CA,AWP,WE,Towers with Radar,0,12,64,0,76,0,0,107,0,107,0,12,171,0,183,226,0,226,409
05/10/2021,CMA,CA,AWP,WE,Towers with Radar,0,7,92,2,101,0,0,37,0,37,0,7,129,2,138,146,0,146,284
05/11/2021,CMA,CA,AWP,WE,Towers with Radar,0,14,82,0,96,0,0,122,0,122,0,14,204,0,218,278,0,278,496
05/12/2021,CMA,CA,AWP,WE,Towers with Radar,0,15,90,2,107,0,0,77,0,77,0,15,167,2,184,240,0,240,424
05/13/2021,CMA,CA,AWP,WE,Towers with Radar,0,12,87,0,99,0,0,77,0,77,0,12,164,0,176,236,0,236,412
05/14/2021,CMA,CA,AWP,WE,Towers with Radar,0,14,135,0,149,0,0,50,0,50,0,14,185,0,199,192,0,192,391
05/15/2021,CMA,CA,AWP,WE,Towers with Radar,0,7,79,0,86,0,0,107,0,107,0,7,186,0,193,310,0,310,503
05/16/2021,CMA,CA,AWP,WE,Towers with Radar,0,4,86,1,91,0,0,68,0,68,0,4,154,1,159,166,0,166,325
05/17/2021,CMA,CA,AWP,WE,Towers with Radar,0,13,57,0,70,0,0,90,0,90,0,13,147,0,160,372,0,372,532
05/18/2021,CMA,CA,AWP,WE,Towers with Radar,0,15,61,0,76,0,0,159,1,160,0,15,220,1,236,250,0,250,486
05/19/2021,CMA,CA,AWP,WE,Towers with Radar,0,6,38,2,46,0,0,202,2,204,0,6,240,4,250,356,0,356,606
05/20/2021,CMA,CA,AWP,WE,Towers with Radar,0,10,46,2,58,0,2,194,0,196,0,12,240,2,254,306,0,306,560
05/21/2021,CMA,CA,AWP,WE,Towers with Radar,0,9,26,0,35,0,2,87,0,89,0,11,113,0,124,172,0,172,296
05/22/2021,CMA,CA,AWP,WE,Towers with Radar,0,9,46,0,55,0,1,278,0,279,0,10,324,0,334,268,0,268,602
05/23/2021,CMA,CA,AWP,WE,Towers with Radar,0,9,35,0,44,0,0,321,0,321,0,9,356,0,365,252,0,252,617
05/24/2021,CMA,CA,AWP,WE,Towers with Radar,0,3,28,0,31,0,2,211,0,213,0,5,239,0,244,286,0,286,530
05/25/2021,CMA,CA,AWP,WE,Towers with Radar,0,12,34,0,46,0,0,183,0,183,0,12,217,0,229,168,0,168,397
05/26/2021,CMA,CA,AWP,WE,Towers with Radar,0,7,41,2,50,0,1,208,3,212,0,8,249,5,262,366,0,366,628
05/27/2021,CMA,CA,AWP,WE,Towers with Radar,0,16,75,1,92,0,0,170,0,170,0,16,245,1,262,248,0,248,510
05/28/2021,CMA,CA,AWP,WE,Towers with Radar,0,8,80,0,88,0,0,150,0,150,0,8,230,0,238,404,0,404,642
05/29/2021,CMA,CA,AWP,WE,Towers with Radar,0,14,54,2,70,0,0,111,1,112,0,14,165,3,182,372,0,372,554
05/30/2021,CMA,CA,AWP,WE,Towers with Radar,0,10,50,0,60,0,0,118,0,118,0,10,168,0,178,252,0,252,430
05/31/2021,CMA,CA,AWP,WE,Towers with Radar,0,14,55,0,69,0,0,130,0,130,0,14,185,0,199,272,0,272,471
06/01/2021,CMA,CA,AWP,WE,Towers with Radar,0,14,42,1,57,0,0,127,0,127,0,14,169,1,184,188,0,188,372
06/02/2021,CMA,CA,AWP,WE,Towers with Radar,0,6,51,0,57,0,0,110,3,113,0,6,161,3,170,184,0,184,354
06/03/2021,CMA,CA,AWP,WE,Towers with Radar,0,10,48,6,64,0,0,139,2,141,0,10,187,8,205,208,0,208,413
06/04/2021,CMA,CA,AWP,WE,Towers with Radar,0,19,71,0,90,0,1,150,0,151,0,20,221,0,241,297,0,297,538
06/05/2021,CMA,CA,AWP,WE,Towers with Radar,0,14,52,0,66,0,0,207,1,208,0,14,259,1,274,308,0,308,582
06/06/2021,CMA,CA,AWP,WE,Towers with Radar,0,10,45,0,55,0,0,118,0,118,0,10,163,0,173,204,0,204,377
06/07/2021,CMA,CA,AWP,WE,Towers with Radar,0,7,96,3,106,0,1,55,0,56,0,8,151,3,162,447,0,447,609
06/08/2021,CMA,CA,AWP,WE,Towers with Radar,0,13,39,1,53,0,2,177,1,180,0,15,216,2,233,320,0,320,553
06/09/2021,CMA,CA,AWP,WE,Towers with Radar,0,14,35,0,49,0,0,197,1,198,0,14,232,1,247,218,0,218,465
06/10/2021,CMA,CA,AWP,WE,Towers with Radar,0,15,22,0,37,0,1,206,0,207,0,16,228,0,244,290,0,290,534
06/11/2021,CMA,CA,AWP,WE,Towers with Radar,0,14,33,0,47,0,1,246,0,247,0,15,279,0,294,290,0,290,584
06/12/2021,CMA,CA,AWP,WE,Towers with Radar,0,9,30,0,39,0,2,258,1,261,0,11,288,1,300,390,0,390,690
06/13/2021,CMA,CA,AWP,WE,Towers with Radar,0,15,32,0,47,0,1,158,0,159,0,16,190,0,206,168,0,168,374
06/14/2021,CMA,CA,AWP,WE,Towers with Radar,0,12,33,0,45,0,0,173,0,173,0,12,206,0,218,300,0,300,518
06/15/2021,CMA,CA,AWP,WE,Towers with Radar,0,6,31,0,37,0,4,169,0,173,0,10,200,0,210,256,0,256,466
06/16/2021,CMA,CA,AWP,WE,Towers with Radar,0,14,34,1,49,0,3,177,2,182,0,17,211,3,231,292,0,292,523
06/17/2021,CMA,CA,AWP,WE,Towers with Radar,0,16,43,0,59,0,2,193,0,195,0,18,236,0,254,260,0,260,514
06/18/2021,CMA,CA,AWP,WE,Towers with Radar,0,6,119,1,126,0,0,113,0,113,0,6,232,1,239,206,0,206,445
06/19/2021,CMA,CA,AWP,WE,Towers with Radar,0,11,71,1,83,0,0,117,2,119,0,11,188,3,202,164,0,164,366
06/20/2021,CMA,CA,AWP,WE,Towers with Radar,0,10,59,0,69,0,0,107,0,107,0,10,166,0,176,112,0,112,288
06/21/2021,CMA,CA,AWP,WE,Towers with Radar,0,11,47,0,58,0,2,109,0,111,0,13,156,0,169,252,0,252,421
06/22/2021,CMA,CA,AWP,WE,Towers with Radar,0,10,80,2,92,0,1,179,1,181,0,11,259,3,273,338,0,338,611
06/23/2021,CMA,CA,AWP,WE,Towers with Radar,0,8,43,0,51,0,1,167,0,168,0,9,210,0,219,260,0,260,479
06/24/2021,CMA,CA,AWP,WE,Towers with Radar,0,10,51,2,63,0,5,220,3,228,0,15,271,5,291,308,0,308,599
06/25/2021,CMA,CA,AWP,WE,Towers with Radar,0,23,40,0,63,0,3,276,1,280,0,26,316,1,343,238,0,238,581
06/26/2021,CMA,CA,AWP,WE,Towers with Radar,0,12,38,0,50,0,2,242,1,245,0,14,280,1,295,224,0,224,519
06/27/2021,CMA,CA,AWP,WE,Towers with Radar,0,12,37,0,49,0,2,217,0,219,0,14,254,0,268,216,0,216,484
06/28/2021,CMA,CA,AWP,WE,Towers with Radar,0,5,32,0,37,0,0,193,0,193,0,5,225,0,230,404,0,404,634
06/29/2021,CMA,CA,AWP,WE,Towers with Radar,0,10,83,0,93,0,2,105,0,107,0,12,188,0,200,268,0,268,468
06/30/2021,CMA,CA,AWP,WE,Towers with Radar,0,12,61,0,73,0,0,151,2,153,0,12,212,2,226,214,0,214,440
07/01/2021,CMA,CA,AWP,WE,Towers with Radar,0,11,52,0,63,0,2,220,0,222,0,13,272,0,285,238,0,238,523
07/02/2021,CMA,CA,AWP,WE,Towers with Radar,0,10,60,0,70,0,2,233,0,235,0,12,293,0,305,252,0,252,557
07/03/2021,CMA,CA,AWP,WE,Towers with Radar,0,7,43,0,50,0,0,205,1,206,0,7,248,1,256,194,0,194,450
07/04/2021,CMA,CA,AWP,WE,Towers with Radar,0,9,23,0,32,0,1,134,0,135,0,10,157,0,167,110,0,110,277
07/05/2021,CMA,CA,AWP,WE,Towers with Radar,0,11,41,0,52,0,0,148,0,148,0,11,189,0,200,160,0,160,360
07/06/2021,CMA,CA,AWP,WE,Towers with Radar,0,13,38,2,53,0,1,201,0,202,0,14,239,2,255,396,0,396,651
07/07/2021,CMA,CA,AWP,WE,Towers with Radar,0,6,36,1,43,0,2,186,1,189,0,8,222,2,232,374,0,374,606
07/08/2021,CMA,CA,AWP,WE,Towers with Radar,0,13,27,0,40,0,1,195,1,197,0,14,222,1,237,234,0,234,471
07/09/2021,CMA,CA,AWP,WE,Towers with Radar,0,16,41,0,57,0,5,223,0,228,0,21,264,0,285,324,0,324,609
07/10/2021,CMA,CA,AWP,WE,Towers with Radar,0,19,40,0,59,0,3,303,2,308,0,22,343,2,367,336,0,336,703
07/11/2021,CMA,CA,AWP,WE,Towers with Radar,0,11,25,0,36,0,0,216,0,216,0,11,241,0,252,124,0,124,376
07/12/2021,CMA,CA,AWP,WE,Towers with Radar,0,8,61,0,69,0,2,164,0,166,0,10,225,0,235,366,0,366,601
07/13/2021,CMA,CA,AWP,WE,Towers with Radar,0,9,36,1,46,0,1,148,3,152,0,10,184,4,198,404,0,404,602
07/14/2021,CMA,CA,AWP,WE,Towers with Radar,0,19,56,0,75,0,1,160,1,162,0,20,216,1,237,358,0,358,595
07/15/2021,CMA,CA,AWP,WE,Towers with Radar,0,10,49,1,60,0,0,199,1,200,0,10,248,2,260,282,0,282,542
07/16/2021,CMA,CA,AWP,WE,Towers with Radar,0,16,52,1,69,0,1,211,3,215,0,17,263,4,284,418,0,418,702
07/17/2021,CMA,CA,AWP,WE,Towers with Radar,0,7,36,0,43,0,3,327,1,331,0,10,363,1,374,254,0,254,628
07/18/2021,CMA,CA,AWP,WE,Towers with Radar,0,16,36,0,52,0,0,171,0,171,0,16,207,0,223,164,0,164,387
07/19/2021,CMA,CA,AWP,WE,Towers with Radar,0,16,27,0,43,0,0,233,0,233,0,16,260,0,276,294,0,294,570
07/20/2021,CMA,CA,AWP,WE,Towers with Radar,0,9,33,0,42,0,0,244,0,244,0,9,277,0,286,402,0,402,688
07/21/2021,CMA,CA,AWP,WE,Towers with Radar,0,11,36,0,47,0,0,177,3,180,0,11,213,3,227,272,12,284,511
07/22/2021,CMA,CA,AWP,WE,Towers with Radar,0,14,45,2,61,0,0,247,0,247,0,14,292,2,308,330,0,330,638
07/23/2021,CMA,CA,AWP,WE,Towers with Radar,0,20,59,0,79,0,1,213,0,214,0,21,272,0,293,370,0,370,663
07/24/2021,CMA,CA,AWP,WE,Towers with Radar,0,8,67,0,75,0,0,136,0,136,0,8,203,0,211,182,0,182,393
07/25/2021,CMA,CA,AWP,WE,Towers with Radar,0,18,40,2,60,0,0,182,0,182,0,18,222,2,242,138,0,138,380
07/26/2021,CMA,CA,AWP,WE,Towers with Radar,0,7,55,0,62,0,0,104,0,104,0,7,159,0,166,318,0,318,484
07/27/2021,CMA,CA,AWP,WE,Towers with Radar,0,8,54,3,65,0,2,170,1,173,0,10,224,4,238,254,0,254,492
07/28/2021,CMA,CA,AWP,WE,Towers with Radar,0,10,35,0,45,0,3,181,2,186,0,13,216,2,231,286,0,286,517
07/29/2021,CMA,CA,AWP,WE,Towers with Radar,0,9,52,0,61,0,0,171,0,171,0,9,223,0,232,236,0,236,468
07/30/2021,CMA,CA,AWP,WE,Towers with Radar,0,13,60,0,73,0,1,200,0,201,0,14,260,0,274,274,0,274,548
07/31/2021,CMA,CA,AWP,WE,Towers with Radar,0,6,46,0,52,0,1,181,0,182,0,7,227,0,234,260,0,260,494
08/01/2021,CMA,CA,AWP,WE,Towers with Radar,0,7,36,0,43,0,0,267,0,267,0,7,303,0,310,190,0,190,500
08/02/2021,CMA,CA,AWP,WE,Towers with Radar,0,6,28,0,34,0,0,126,1,127,0,6,154,1,161,363,0,363,524
08/03/2021,CMA,CA,AWP,WE,Towers with Radar,0,10,34,0,44,0,0,228,1,229,0,10,262,1,273,408,0,408,681
08/04/2021,CMA,CA,AWP,WE,Towers with Radar,0,14,53,0,67,0,0,210,2,212,0,14,263,2,279,374,0,374,653
08/05/2021,CMA,CA,AWP,WE,Towers with Radar,0,7,38,0,45,0,1,264,1,266,0,8,302,1,311,416,0,416,727
08/06/2021,CMA,CA,AWP,WE,Towers with Radar,0,22,55,0,77,0,0,209,0,209,0,22,264,0,286,238,0,238,524
08/07/2021,CMA,CA,AWP,WE,Towers with Radar,0,14,100,0,114,0,0,179,0,179,0,14,279,0,293,194,0,194,487
08/08/2021,CMA,CA,AWP,WE,Towers with Radar,0,9,75,0,84,0,0,120,0,120,0,9,195,0,204,92,0,92,296
08/09/2021,CMA,CA,AWP,WE,Towers with Radar,0,10,68,1,79,0,0,148,0,148,0,10,216,1,227,217,0,217,444
08/10/2021,CMA,CA,AWP,WE,Towers with Radar,0,15,41,1,57,0,0,111,0,111,0,15,152,1,168,283,0,283,451
08/11/2021,CMA,CA,AWP,WE,Towers with Radar,0,11,55,0,66,0,2,208,5,215,0,13,263,5,281,350,0,350,631
08/12/2021,CMA,CA,AWP,WE,Towers with Radar,0,8,39,5,52,0,6,261,0,267,0,14,300,5,319,324,0,324,643
08/13/2021,CMA,CA,AWP,WE,Towers with Radar,0,14,31,0,45,0,0,190,0,190,0,14,221,0,235,362,0,362,597
08/14/2021,CMA,CA,AWP,WE,Towers with Radar,0,10,50,0,60,0,0,172,0,172,0,10,222,0,232,330,0,330,562
08/15/2021,CMA,CA,AWP,WE,Towers with Radar,0,20,34,0,54,0,0,196,0,196,0,20,230,0,250,296,0,296,546
08/16/2021,CMA,CA,AWP,WE,Towers with Radar,0,15,31,6,52,0,2,188,1,191,0,17,219,7,243,288,4,292,535
08/17/2021,CMA,CA,AWP,WE,Towers with Radar,0,22,62,0,84,0,0,100,0,100,0,22,162,0,184,222,0,222,406
08/18/2021,CMA,CA,AWP,WE,Towers with Radar,0,17,90,1,108,0,1,61,1,63,0,18,151,2,171,270,0,270,441
08/19/2021,CMA,CA,AWP,WE,Towers with Radar,0,12,58,0,70,0,6,154,3,163,0,18,212,3,233,238,2,240,473
08/20/2021,CMA,CA,AWP,WE,Towers with Radar,0,18,55,1,74,0,1,139,9,149,0,19,194,10,223,228,0,228,451
08/21/2021,CMA,CA,AWP,WE,Towers with Radar,0,10,32,0,42,0,0,37,2,39,0,10,69,2,81,134,0,134,215
08/22/2021,CMA,CA,AWP,WE,Towers with Radar,0,9,12,0,21,0,0,59,1,60,0,9,71,1,81,72,0,72,153
08/23/2021,CMA,CA,AWP,WE,Towers with Radar,0,29,44,3,76,0,1,137,3,141,0,30,181,6,217,300,0,300,517
08/24/2021,CMA,CA,AWP,WE,Towers with Radar,0,15,25,0,40,0,1,216,0,217,0,16,241,0,257,486,0,486,743
08/25/2021,CMA,CA,AWP,WE,Towers with Radar,0,17,44,1,62,0,5,191,5,201,0,22,235,6,263,334,0,334,597
08/26/2021,CMA,CA,AWP,WE,Towers with Radar,0,15,30,0,45,0,2,234,0,236,0,17,264,0,281,422,0,422,703
08/27/2021,CMA,CA,AWP,WE,Towers with Radar,0,22,45,0,67,0,3,253,1,257,0,25,298,1,324,464,0,464,788
08/28/2021,CMA,CA,AWP,WE,Towers with Radar,0,20,37,0,57,0,0,172,0,172,0,20,209,0,229,408,0,408,637
08/29/2021,CMA,CA,AWP,WE,Towers with Radar,0,12,54,2,68,0,0,210,0,210,0,12,264,2,278,180,0,180,458
08/30/2021,CMA,CA,AWP,WE,Towers with Radar,0,17,61,0,78,0,0,120,0,120,0,17,181,0,198,226,0,226,424
08/31/2021,CMA,CA,AWP,WE,Towers with Radar,0,22,50,0,72,0,0,99,0,99,0,22,149,0,171,325,0,325,496
09/01/2021,CMA,CA,AWP,WE,Towers with Radar,0,12,71,0,83,0,2,147,0,149,0,14,218,0,232,398,0,398,630
09/02/2021,CMA,CA,AWP,WE,Towers with Radar,0,21,68,1,90,0,0,164,0,164,0,21,232,1,254,488,0,488,742
09/03/2021,CMA,CA,AWP,WE,Towers with Radar,0,22,77,1,100,0,1,167,1,169,0,23,244,2,269,392,0,392,661
09/04/2021,CMA,CA,AWP,WE,Towers with Radar,0,6,30,0,36,0,0,220,0,220,0,6,250,0,256,229,0,229,485
09/05/2021,CMA,CA,AWP,WE,Towers with Radar,0,12,27,0,39,0,0,176,0,176,0,12,203,0,215,148,0,148,363
09/06/2021,CMA,CA,AWP,WE,Towers with Radar,0,18,55,0,73,0,1,192,0,193,0,19,247,0,266,200,0,200,466
09/07/2021,CMA,CA,AWP,WE,Towers with Radar,0,16,64,0,80,0,1,173,0,174,0,17,237,0,254,354,0,354,608
09/08/2021,CMA,CA,AWP,WE,Towers with Radar,0,9,104,0,113,0,0,135,0,135,0,9,239,0,248,206,0,206,454
09/09/2021,CMA,CA,AWP,WE,Towers with Radar,0,7,80,1,88,0,1,148,3,152,0,8,228,4,240,234,0,234,474
09/10/2021,CMA,CA,AWP,WE,Towers with Radar,0,21,53,0,74,0,1,234,0,235,0,22,287,0,309,336,0,336,645
09/11/2021,CMA,CA,AWP,WE,Towers with Radar,0,6,36,0,42,0,0,290,0,290,0,6,326,0,332,358,0,358,690
09/12/2021,CMA,CA,AWP,WE,Towers with Radar,0,9,72,0,81,0,1,195,0,196,0,10,267,0,277,170,0,170,447
09/13/2021,CMA,CA,AWP,WE,Towers with Radar,0,13,50,0,63,0,1,163,0,164,0,14,213,0,227,302,0,302,529
09/14/2021,CMA,CA,AWP,WE,Towers with Radar,0,12,34,0,46,0,1,190,0,191,0,13,224,0,237,398,0,398,635
09/15/2021,CMA,CA,AWP,WE,Towers with Radar,0,7,76,0,83,0,3,217,0,220,0,10,293,0,303,326,0,326,629
09/16/2021,CMA,CA,AWP,WE,Towers with Radar,0,15,96,0,111,0,1,144,0,145,0,16,240,0,256,362,0,362,618
09/17/2021,CMA,CA,AWP,WE,Towers with Radar,0,18,50,0,68,0,3,182,1,186,0,21,232,1,254,250,0,250,504
09/18/2021,CMA,CA,AWP,WE,Towers with Radar,0,6,51,0,57,0,0,175,0,175,0,6,226,0,232,301,0,301,533
09/19/2021,CMA,CA,AWP,WE,Towers with Radar,0,6,55,2,63,0,2,213,0,215,0,8,268,2,278,236,0,236,514
09/20/2021,CMA,CA,AWP,WE,Towers with Radar,0,17,32,0,49,0,1,146,0,147,0,18,178,0,196,377,0,377,573
09/21/2021,CMA,CA,AWP,WE,Towers with Radar,0,9,43,0,52,0,3,220,0,223,0,12,263,0,275,410,0,410,685
09/22/2021,CMA,CA,AWP,WE,Towers with Radar,0,13,38,2,53,0,2,249,0,251,0,15,287,2,304,404,0,404,708
09/23/2021,CMA,CA,AWP,WE,Towers with Radar,0,15,70,0,85,0,2,178,1,181,0,17,248,1,266,294,0,294,560
09/24/2021,CMA,CA,AWP,WE,Towers with Radar,0,14,71,0,85,0,2,141,0,143,0,16,212,0,228,312,0,312,540
09/25/2021,CMA,CA,AWP,WE,Towers with Radar,0,16,54,0,70,0,0,146,1,147,0,16,200,1,217,285,0,285,502
09/26/2021,CMA,CA,AWP,WE,Towers with Radar,0,24,92,0,116,0,0,46,0,46,0,24,138,0,162,242,0,242,404
09/27/2021,CMA,CA,AWP,WE,Towers with Radar,0,11,75,0,86,0,0,60,0,60,0,11,135,0,146,282,0,282,428
09/28/2021,CMA,CA,AWP,WE,Towers with Radar,0,16,112,0,128,0,3,88,0,91,0,19,200,0,219,364,0,364,583
09/29/2021,CMA,CA,AWP,WE,Towers with Radar,0,16,62,0,78,0,0,263,0,263,0,16,325,0,341,366,0,366,707
09/30/2021,CMA,CA,AWP,WE,Towers with Radar,0,10,52,0,62,0,4,206,2,212,0,14,258,2,274,244,0,244,518
10/01/2021,CMA,CA,AWP,WE,Towers with Radar,0,22,51,0,73,0,1,259,0,260,0,23,310,0,333,398,0,398,731
10/02/2021,CMA,CA,AWP,WE,Towers with Radar,0,9,25,0,34,0,0,290,0,290,0,9,315,0,324,298,0,298,622
10/03/2021,CMA,CA,AWP,WE,Towers with Radar,0,21,50,0,71,0,0,242,0,242,0,21,292,0,313,207,0,207,520
10/04/2021,CMA,CA,AWP,WE,Towers with Radar,0,14,37,0,51,0,0,156,0,156,0,14,193,0,207,366,0,366,573
10/05/2021,CMA,CA,AWP,WE,Towers with Radar,0,19,45,1,65,0,1,259,0,260,0,20,304,1,325,440,0,440,765
10/06/2021,CMA,CA,AWP,WE,Towers with Radar,0,9,64,3,76,0,5,160,0,165,0,14,224,3,241,270,0,270,511
10/07/2021,CMA,CA,AWP,WE,Towers with Radar,0,16,97,2,115,0,1,46,0,47,0,17,143,2,162,434,0,434,596
10/08/2021,CMA,CA,AWP,WE,Towers with Radar,0,21,97,1,119,0,1,140,0,141,0,22,237,1,260,282,0,282,542
10/09/2021,CMA,CA,AWP,WE,Towers with Radar,0,11,52,0,63,0,0,255,0,255,0,11,307,0,318,351,0,351,669
10/10/2021,CMA,CA,AWP,WE,Towers with Radar,0,15,20,0,35,0,0,190,0,190,0,15,210,0,225,252,0,252,477
10/11/2021,CMA,CA,AWP,WE,Towers with Radar,0,12,53,0,65,0,0,92,0,92,0,12,145,0,157,231,0,231,388
10/12/2021,CMA,CA,AWP,WE,Towers with Radar,0,18,33,1,52,0,0,155,0,155,0,18,188,1,207,358,0,358,565
10/13/2021,CMA,CA,AWP,WE,Towers with Radar,0,13,49,0,62,0,3,309,0,312,0,16,358,0,374,350,0,350,724
10/14/2021,CMA,CA,AWP,WE,Towers with Radar,0,19,45,2,66,0,3,212,0,215,0,22,257,2,281,354,0,354,635
10/15/2021,CMA,CA,AWP,WE,Towers with Radar,0,14,46,0,60,0,1,129,0,130,0,15,175,0,190,132,0,132,322
10/16/2021,CMA,CA,AWP,WE,Towers with Radar,0,14,26,0,40,0,0,211,0,211,0,14,237,0,251,342,0,342,593
10/17/2021,CMA,CA,AWP,WE,Towers with Radar,0,8,67,0,75,0,0,203,1,204,0,8,270,1,279,238,0,238,517
10/18/2021,CMA,CA,AWP,WE,Towers with Radar,0,5,58,1,64,0,0,135,0,135,0,5,193,1,199,212,0,212,411
10/19/2021,CMA,CA,AWP,WE,Towers with Radar,0,6,51,3,60,0,1,215,0,216,0,7,266,3,276,430,0,430,706
10/20/2021,CMA,CA,AWP,WE,Towers with Radar,0,18,57,0,75,0,2,241,0,243,0,20,298,0,318,334,0,334,652
10/21/2021,CMA,CA,AWP,WE,Towers with Radar,0,9,50,2,61,0,1,207,0,208,0,10,257,2,269,344,0,344,613
10/22/2021,CMA,CA,AWP,WE,Towers with Radar,0,20,107,2,129,0,2,49,3,54,0,22,156,5,183,138,0,138,321
10/23/2021,CMA,CA,AWP,WE,Towers with Radar,0,13,57,0,70,0,0,130,0,130,0,13,187,0,200,444,0,444,644
10/24/2021,CMA,CA,AWP,WE,Towers with Radar,0,4,52,0,56,0,0,178,0,178,0,4,230,0,234,288,0,288,522
10/25/2021,CMA,CA,AWP,WE,Towers with Radar,0,22,40,0,62,0,0,8,0,8,0,22,48,0,70,40,0,40,110
10/26/2021,CMA,CA,AWP,WE,Towers with Radar,0,18,63,0,81,0,2,237,0,239,0,20,300,0,320,352,0,352,672
10/27/2021,CMA,CA,AWP,WE,Towers with Radar,0,11,59,2,72,0,5,238,0,243,0,16,297,2,315,402,0,402,717
10/28/2021,CMA,CA,AWP,WE,Towers with Radar,0,4,46,2,52,0,2,153,0,155,0,6,199,2,207,278,0,278,485
10/29/2021,CMA,CA,AWP,WE,Towers with Radar,0,9,48,0,57,0,2,244,1,247,0,11,292,1,304,372,0,372,676
10/30/2021,CMA,CA,AWP,WE,Towers with Radar,0,7,99,1,107,0,0,9,0,9,0,7,108,1,116,30,0,30,146
10/31/2021,CMA,CA,AWP,WE,Towers with Radar,0,9,94,0,103,0,0,40,0,40,0,9,134,0,143,166,0,166,309
11/01/2021,CMA,CA,AWP,WE,Towers with Radar,0,9,50,0,59,0,1,141,0,142,0,10,191,0,201,512,0,512,713
11/02/2021,CMA,CA,AWP,WE,Towers with Radar,0,4,88,1,93,0,1,147,0,148,0,5,235,1,241,290,0,290,531
11/03/2021,CMA,CA,AWP,WE,Towers with Radar,0,6,80,0,86,0,6,96,3,105,0,12,176,3,191,240,0,240,431
11/04/2021,CMA,CA,AWP,WE,Towers with Radar,0,22,95,0,117,0,2,151,1,154,0,24,246,1,271,356,0,356,627
11/05/2021,CMA,CA,AWP,WE,Towers with Radar,0,15,92,3,110,0,1,155,2,158,0,16,247,5,268,248,0,248,516
11/06/2021,CMA,CA,AWP,WE,Towers with Radar,0,6,81,0,87,0,0,129,0,129,0,6,210,0,216,270,0,270,486
11/07/2021,CMA,CA,AWP,WE,Towers with Radar,0,9,76,0,85,0,0,63,2,65,0,9,139,2,150,76,0,76,226
11/08/2021,CMA,CA,AWP,WE,Towers with Radar,0,5,61,1,67,0,0,172,3,175,0,5,233,4,242,406,0,406,648
11/09/2021,CMA,CA,AWP,WE,Towers with Radar,0,16,78,0,94,0,2,55,1,58,0,18,133,1,152,216,0,216,368
11/10/2021,CMA,CA,AWP,WE,Towers with Radar,0,14,40,0,54,0,1,240,1,242,0,15,280,1,296,322,0,322,618
11/11/2021,CMA,CA,AWP,WE,Towers with Radar,0,17,30,0,47,0,1,157,0,158,0,18,187,0,205,346,0,346,551
11/12/2021,CMA,CA,AWP,WE,Towers with Radar,0,9,41,0,50,0,1,150,0,151,0,10,191,0,201,238,0,238,439
11/13/2021,CMA,CA,AWP,WE,Towers with Radar,0,6,36,0,42,0,0,219,1,220,0,6,255,1,262,275,0,275,537
11/14/2021,CMA,CA,AWP,WE,Towers with Radar,0,11,44,0,55,0,1,254,0,255,0,12,298,0,310,186,1,187,497
11/15/2021,CMA,CA,AWP,WE,Towers with Radar,0,9,32,3,44,0,0,174,1,175,0,9,206,4,219,280,0,280,499
11/16/2021,CMA,CA,AWP,WE,Towers with Radar,0,10,44,0,54,0,0,90,0,90,0,10,134,0,144,258,0,258,402
11/17/2021,CMA,CA,AWP,WE,Towers with Radar,0,8,71,1,80,0,0,99,3,102,0,8,170,4,182,202,0,202,384
11/18/2021,CMA,CA,AWP,WE,Towers with Radar,0,8,62,1,71,0,0,144,0,144,0,8,206,1,215,328,0,328,543
11/19/2021,CMA,CA,AWP,WE,Towers with Radar,0,7,58,2,67,0,2,156,0,158,0,9,214,2,225,298,0,298,523
11/20/2021,CMA,CA,AWP,WE,Towers with Radar,0,19,65,2,86,0,0,167,1,168,0,19,232,3,254,214,0,214,468
11/21/2021,CMA,CA,AWP,WE,Towers with Radar,0,5,17,0,22,0,5,74,0,79,0,10,91,0,101,24,0,24,125
11/22/2021,CMA,CA,AWP,WE,Towers with Radar,0,8,27,0,35,0,0,129,1,130,0,8,156,1,165,216,0,216,381
11/23/2021,CMA,CA,AWP,WE,Towers with Radar,0,21,31,2,54,0,0,191,1,192,0,21,222,3,246,270,0,270,516
11/24/2021,CMA,CA,AWP,WE,Towers with Radar,0,9,43,0,52,0,1,126,0,127,0,10,169,0,179,176,0,176,355
11/25/2021,CMA,CA,AWP,WE,Towers with Radar,0,1,6,0,7,0,0,13,0,13,0,1,19,0,20,50,0,50,70
11/26/2021,CMA,CA,AWP,WE,Towers with Radar,0,10,28,0,38,0,0,162,0,162,0,10,190,0,200,189,0,189,389
11/27/2021,CMA,CA,AWP,WE,Towers with Radar,0,8,39,0,47,0,0,268,0,268,0,8,307,0,315,188,0,188,503
11/28/2021,CMA,CA,AWP,WE,Towers with Radar,0,10,54,2,66,0,0,242,0,242,0,10,296,2,308,197,0,197,505
11/29/2021,CMA,CA,AWP,WE,Towers with Radar,0,8,46,0,54,0,0,215,3,218,0,8,261,3,272,316,0,316,588
11/30/2021,CMA,CA,AWP,WE,Towers with Radar,0,6,38,1,45,0,0,177,1,178,0,6,215,2,223,212,0,212,435
12/01/2021,CMA,CA,AWP,WE,Towers with Radar,0,11,73,1,85,0,1,54,0,55,0,12,127,1,140,90,0,90,230
12/02/2021,CMA,CA,AWP,WE,Towers with Radar,0,8,62,0,70,0,0,53,0,53,0,8,115,0,123,218,0,218,341
12/03/2021,CMA,CA,AWP,WE,Towers with Radar,0,16,87,3,106,0,0,78,0,78,0,16,165,3,184,214,0,214,398
12/04/2021,CMA,CA,AWP,WE,Towers with Radar,0,20,53,0,73,0,0,118,0,118,0,20,171,0,191,310,0,310,501
12/05/2021,CMA,CA,AWP,WE,Towers with Radar,0,11,27,0,38,0,1,200,0,201,0,12,227,0,239,262,1,263,502
12/06/2021,CMA,CA,AWP,WE,Towers with Radar,0,13,128,0,141,0,0,11,0,11,0,13,139,0,152,64,0,64,216
12/07/2021,CMA,CA,AWP,WE,Towers with Radar,0,16,56,1,73,0,0,55,0,55,0,16,111,1,128,244,0,244,372
12/08/2021,CMA,CA,AWP,WE,Towers with Radar,0,7,55,1,63,0,0,137,0,137,0,7,192,1,200,154,0,154,354
12/09/2021,CMA,CA,AWP,WE,Towers with Radar,0,17,38,0,55,0,0,43,0,43,0,17,81,0,98,162,0,162,260
12/10/2021,CMA,CA,AWP,WE,Towers with Radar,0,9,36,1,46,0,0,260,0,260,0,9,296,1,306,328,0,328,634
12/11/2021,CMA,CA,AWP,WE,Towers with Radar,0,9,18,0,27,0,2,252,0,254,0,11,270,0,281,200,0,200,481
12/12/2021,CMA,CA,AWP,WE,Towers with Radar,0,10,32,0,42,0,0,253,0,253,0,10,285,0,295,196,0,196,491
12/13/2021,CMA,CA,AWP,WE,Towers with Radar,0,7,16,2,25,0,0,47,0,47,0,7,63,2,72,288,0,288,360
12/14/2021,CMA,CA,AWP,WE,Towers with Radar,0,13,16,0,29,0,0,3,0,3,0,13,19,0,32,6,0,6,38
12/15/2021,CMA,CA,AWP,WE,Towers with Radar,0,12,38,1,51,0,1,150,0,151,0,13,188,1,202,430,0,430,632
12/16/2021,CMA,CA,AWP,WE,Towers with Radar,0,11,68,0,79,0,1,22,0,23,0,12,90,0,102,180,0,180,282
12/17/2021,CMA,CA,AWP,WE,Towers with Radar,0,11,50,0,61,0,0,195,2,197,0,11,245,2,258,204,0,204,462
12/18/2021,CMA,CA,AWP,WE,Towers with Radar,0,18,31,0,49,0,0,203,0,203,0,18,234,0,252,242,0,242,494
12/19/2021,CMA,CA,AWP,WE,Towers with Radar,0,11,34,0,45,0,0,215,0,215,0,11,249,0,260,254,0,254,514
12/20/2021,CMA,CA,AWP,WE,Towers with Radar,0,5,35,0,40,0,1,184,0,185,0,6,219,0,225,229,0,229,454
12/21/2021,CMA,CA,AWP,WE,Towers with Radar,0,6,26,0,32,0,0,155,0,155,0,6,181,0,187,303,0,303,490
12/22/2021,CMA,CA,AWP,WE,Towers with Radar,0,5,27,0,32,0,2,136,1,139,0,7,163,1,171,284,0,284,455
12/23/2021,CMA,CA,AWP,WE,Towers with Radar,0,7,30,0,37,0,0,0,0,0,0,7,30,0,37,0,0,0,37
12/24/2021,CMA,CA,AWP,WE,Towers with Radar,0,5,17,0,22,0,0,14,0,14,0,5,31,0,36,100,0,100,136
12/25/2021,CMA,CA,AWP,WE,Towers with Radar,0,6,14,0,20,0,0,9,0,9,0,6,23,0,29,22,0,22,51
12/26/2021,CMA,CA,AWP,WE,Towers with Radar,0,8,23,0,31,0,0,169,0,169,0,8,192,0,200,86,0,86,286
12/27/2021,CMA,CA,AWP,WE,Towers with Radar,0,10,18,0,28,0,0,18,0,18,0,10,36,0,46,80,0,80,126
12/28/2021,CMA,CA,AWP,WE,Towers with Radar,0,7,27,3,37,0,0,166,1,167,0,7,193,4,204,318,0,318,522
12/29/2021,CMA,CA,AWP,WE,Towers with Radar,0,4,16,1,21,0,0,0,0,0,0,4,16,1,21,0,0,0,21
12/30/2021,CMA,CA,AWP,WE,Towers with Radar,0,5,15,0,20,0,0,1,0,1,0,5,16,0,21,30,0,30,51
12/31/2021,CMA,CA,AWP,WE,Towers with Radar,0,6,44,0,50,0,0,103,0,103,0,6,147,0,153,158,0,158,311
01/01/2022,CMA,CA,AWP,WE,Towers with Radar,0,5,11,0,16,0,0,73,0,73,0,5,84,0,89,40,0,40,129
01/02/2022,CMA,CA,AWP,WE,Towers with Radar,0,6,36,0,42,0,1,200,0,201,0,7,236,0,243,172,0,172,415
01/03/2022,CMA,CA,AWP,WE,Towers with Radar,0,13,28,0,41,0,0,209,0,209,0,13,237,0,250,330,0,330,580
01/04/2022,CMA,CA,AWP,WE,Towers with Radar,0,10,47,0,57,0,0,154,0,154,0,10,201,0,211,288,0,288,499
01/05/2022,CMA,CA,AWP,WE,Towers with Radar,0,10,34,0,44,0,0,155,2,157,0,10,189,2,201,232,0,232,433
01/06/2022,CMA,CA,AWP,WE,Towers with Radar,0,7,33,2,42,0,1,179,0,180,0,8,212,2,222,296,0,296,518
01/07/2022,CMA,CA,AWP,WE,Towers with Radar,0,4,93,0,97,0,0,39,0,39,0,4,132,0,136,236,22,258,394
01/08/2022,CMA,CA,AWP,WE,Towers with Radar,0,9,31,0,40,0,1,199,3,203,0,10,230,3,243,242,0,242,485
01/09/2022,CMA,CA,AWP,WE,Towers with Radar,0,8,16,2,26,0,0,149,2,151,0,8,165,4,177,154,0,154,331
01/10/2022,CMA,CA,AWP,WE,Towers with Radar,0,5,14,1,20,0,0,58,5,63,0,5,72,6,83,52,0,52,135
01/11/2022,CMA,CA,AWP,WE,Towers with Radar,0,4,25,0,29,0,0,108,0,108,0,4,133,0,137,182,0,182,319
01/12/2022,CMA,CA,AWP,WE,Towers with Radar,0,3,31,0,34,0,0,193,3,196,0,3,224,3,230,234,0,234,464
01/13/2022,CMA,CA,AWP,WE,Towers with Radar,0,1,13,0,14,0,0,61,0,61,0,1,74,0,75,188,0,188,263
01/14/2022,CMA,CA,AWP,WE,Towers with Radar,0,5,13,1,19,0,0,61,0,61,0,5,74,1,80,100,0,100,180
01/15/2022,CMA,CA,AWP,WE,Towers with Radar,0,7,16,0,23,0,0,102,0,102,0,7,118,0,125,200,0,200,325
01/16/2022,CMA,CA,AWP,WE,Towers with Radar,0,6,40,2,48,0,0,169,0,169,0,6,209,2,217,254,0,254,471
01/17/2022,CMA,CA,AWP,WE,Towers with Radar,0,13,64,0,77,0,0,81,0,81,0,13,145,0,158,342,0,342,500
01/18/2022,CMA,CA,AWP,WE,Towers with Radar,0,5,85,2,92,0,0,83,0,83,0,5,168,2,175,220,0,220,395
01/19/2022,CMA,CA,AWP,WE,Towers with Radar,0,9,96,2,107,0,0,91,0,91,0,9,187,2,198,354,0,354,552
01/20/2022,CMA,CA,AWP,WE,Towers with Radar,0,13,26,0,39,0,0,213,2,215,0,13,239,2,254,352,0,352,606
01/21/2022,CMA,CA,AWP,WE,Towers with Radar,0,7,31,0,38,0,0,194,1,195,0,7,225,1,233,242,0,242,475
01/22/2022,CMA,CA,AWP,WE,Towers with Radar,0,3,10,0,13,0,0,32,0,32,0,3,42,0,45,16,0,16,61
01/23/2022,CMA,CA,AWP,WE,Towers with Radar,0,7,37,0,44,0,0,219,0,219,0,7,256,0,263,190,0,190,453
01/24/2022,CMA,CA,AWP,WE,Towers with Radar,0,4,21,0,25,0,0,249,1,250,0,4,270,1,275,364,0,364,639
01/25/2022,CMA,CA,AWP,WE,Towers with Radar,0,12,36,2,50,0,0,223,0,223,0,12,259,2,273,239,6,245,518
01/26/2022,CMA,CA,AWP,WE,Towers with Radar,0,6,30,3,39,0,0,131,1,132,0,6,161,4,171,190,0,190,361
01/27/2022,CMA,CA,AWP,WE,Towers with Radar,0,5,42,2,49,0,0,134,4,138,0,5,176,6,187,230,0,230,417
01/28/2022,CMA,CA,AWP,WE,Towers with Radar,0,6,16,0,22,0,0,55,4,59,0,6,71,4,81,10,2,12,93
01/29/2022,CMA,CA,AWP,WE,Towers with Radar,0,3,36,0,39,0,0,195,0,195,0,3,231,0,234,444,0,444,678
01/30/2022,CMA,CA,AWP,WE,Towers with Radar,0,6,30,0,36,0,0,265,0,265,0,6,295,0,301,193,0,193,494
01/31/2022,CMA,CA,AWP,WE,Towers with Radar,0,7,40,0,47,0,0,183,2,185,0,7,223,2,232,366,0,366,598
02/01/2022,CMA,CA,AWP,WE,Towers with Radar,0,8,28,0,36,0,0,141,0,141,0,8,169,0,177,336,0,336,513
02/02/2022,CMA,CA,AWP,WE,Towers with Radar,0,8,12,0,20,0,0,51,0,51,0,8,63,0,71,18,0,18,89
02/03/2022,CMA,CA,AWP,WE,Towers with Radar,0,10,32,0,42,0,0,183,3,186,0,10,215,3,228,336,0,336,564
02/04/2022,CMA,CA,AWP,WE,Towers with Radar,0,10,31,2,43,0,0,34,0,34,0,10,65,2,77,54,0,54,131
02/05/2022,CMA,CA,AWP,WE,Towers with Radar,0,11,22,0,33,0,0,162,1,163,0,11,184,1,196,266,0,266,462
02/06/2022,CMA,CA,AWP,WE,Towers with Radar,0,11,22,0,33,0,0,153,0,153,0,11,175,0,186,170,0,170,356
02/07/2022,CMA,CA,AWP,WE,Towers with Radar,0,5,20,0,25,0,0,150,0,150,0,5,170,0,175,194,0,194,369
02/08/2022,CMA,CA,AWP,WE,Towers with Radar,0,8,40,0,48,0,0,208,0,208,0,8,248,0,256,231,0,231,487
02/09/2022,CMA,CA,AWP,WE,Towers with Radar,0,11,41,0,52,0,0,121,1,122,0,11,162,1,174,84,0,84,258
02/10/2022,CMA,CA,AWP,WE,Towers with Radar,0,7,33,0,40,0,0,88,0,88,0,7,121,0,128,136,0,136,264
02/11/2022,CMA,CA,AWP,WE,Towers with Radar,0,34,71,0,105,0,1,289,4,294,0,35,360,4,399,374,2,376,775
02/12/2022,CMA,CA,AWP,WE,Towers with Radar,0,15,42,0,57,0,0,199,1,200,0,15,241,1,257,222,0,222,479
02/13/2022,CMA,CA,AWP,WE,Towers with Radar,0,13,29,0,42,0,0,149,0,149,0,13,178,0,191,382,1,383,574
02/14/2022,CMA,CA,AWP,WE,Towers with Radar,0,27,80,0,107,0,0,219,0,219,0,27,299,0,326,274,0,274,600
02/15/2022,CMA,CA,AWP,WE,Towers with Radar,0,10,66,0,76,0,0,63,0,63,0,10,129,0,139,332,0,332,471
02/16/2022,CMA,CA,AWP,WE,Towers with Radar,0,9,27,0,36,0,0,247,2,249,0,9,274,2,285,322,0,322,607
02/17/2022,CMA,CA,AWP,WE,Towers with Radar,0,9,35,0,44,0,0,77,1,78,0,9,112,1,122,112,0,112,234
02/18/2022,CMA,CA,AWP,WE,Towers with Radar,0,8,46,0,54,0,0,270,0,270,0,8,316,0,324,398,0,398,722
02/19/2022,CMA,CA,AWP,WE,Towers with Radar,0,10,19,0,29,0,0,294,0,294,0,10,313,0,323,380,0,380,703
02/20/2022,CMA,CA,AWP,WE,Towers with Radar,0,9,56,0,65,0,0,223,0,223,0,9,279,0,288,258,0,258,546
02/21/2022,CMA,CA,AWP,WE,Towers with Radar,0,12,58,0,70,0,2,122,0,124,0,14,180,0,194,372,0,372,566
02/22/2022,CMA,CA,AWP,WE,Towers with Radar,0,12,39,1,52,0,0,60,0,60,0,12,99,1,112,168,0,168,280
02/23/2022,CMA,CA,AWP,WE,Towers with Radar,0,6,31,0,37,0,0,112,1,113,0,6,143,1,150,170,0,170,320
02/24/2022,CMA,CA,AWP,WE,Towers with Radar,0,15,33,0,48,0,0,241,3,244,0,15,274,3,292,352,0,352,644
02/25/2022,CMA,CA,AWP,WE,Towers with Radar,0,15,62,0,77,0,0,229,2,231,0,15,291,2,308,286,0,286,594
02/26/2022,CMA,CA,AWP,WE,Towers with Radar,0,9,24,0,33,0,0,171,1,172,0,9,195,1,205,274,0,274,479
02/27/2022,CMA,CA,AWP,WE,Towers with Radar,0,3,55,0,58,0,0,191,0,191,0,3,246,0,249,178,0,178,427
02/28/2022,CMA,CA,AWP,WE,Towers with Radar,0,8,41,0,49,0,2,157,1,160,0,10,198,1,209,322,0,322,531
03/01/2022,CMA,CA,AWP,WE,Towers with Radar,0,16,45,2,63,0,1,217,2,220,0,17,262,4,283,246,0,246,529
03/02/2022,CMA,CA,AWP,WE,Towers with Radar,0,15,45,3,63,0,0,190,0,190,0,15,235,3,253,324,0,324,577
03/03/2022,CMA,CA,AWP,WE,Towers with Radar,0,14,64,0,78,0,1,110,2,113,0,15,174,2,191,350,0,350,541
03/04/2022,CMA,CA,AWP,WE,Towers with Radar,0,13,53,3,69,0,0,93,0,93,0,13,146,3,162,266,0,266,428
03/05/2022,CMA,CA,AWP,WE,Towers with Radar,0,4,24,0,28,0,0,53,2,55,0,4,77,2,83,166,0,166,249
03/06/2022,CMA,CA,AWP,WE,Towers with Radar,0,9,57,0,66,0,1,268,0,269,0,10,325,0,335,338,0,338,673
03/07/2022,CMA,CA,AWP,WE,Towers with Radar,0,13,21,0,34,0,0,105,0,105,0,13,126,0,139,196,0,196,335
03/08/2022,CMA,CA,AWP,WE,Towers with Radar,0,9,36,0,45,0,1,181,2,184,0,10,217,2,229,312,0,312,541
03/09/2022,CMA,CA,AWP,WE,Towers with Radar,0,9,56,3,68,0,0,217,1,218,0,9,273,4,286,338,0,338,624
03/10/2022,CMA,CA,AWP,WE,Towers with Radar,0,18,43,0,61,0,0,195,0,195,0,18,238,0,256,434,0,434,690
03/11/2022,CMA,CA,AWP,WE,Towers with Radar,0,15,61,1,77,0,2,184,1,187,0,17,245,2,264,281,0,281,545
03/12/2022,CMA,CA,AWP,WE,Towers with Radar,0,10,58,0,68,0,0,297,0,297,0,10,355,0,365,334,0,334,699
03/13/2022,CMA,CA,AWP,WE,Towers with Radar,0,12,79,0,91,0,1,236,1,238,0,13,315,1,329,336,0,336,665
03/14/2022,CMA,CA,AWP,WE,Towers with Radar,0,10,27,0,37,0,0,215,0,215,0,10,242,0,252,482,0,482,734
03/15/2022,CMA,CA,AWP,WE,Towers with Radar,0,7,47,0,54,0,1,248,0,249,0,8,295,0,303,580,0,580,883
03/16/2022,CMA,CA,AWP,WE,Towers with Radar,0,16,27,0,43,0,0,167,0,167,0,16,194,0,210,484,0,484,694
03/17/2022,CMA,CA,AWP,WE,Towers with Radar,0,13,29,2,44,0,0,210,0,210,0,13,239,2,254,478,0,478,732
03/18/2022,CMA,CA,AWP,WE,Towers with Radar,0,7,53,1,61,0,1,281,0,282,0,8,334,1,343,336,0,336,679
03/19/2022,CMA,CA,AWP,WE,Towers with Radar,0,4,60,0,64,0,2,128,0,130,0,6,188,0,194,418,0,418,612
03/20/2022,CMA,CA,AWP,WE,Towers with Radar,0,9,46,1,56,0,0,136,0,136,0,9,182,1,192,234,0,234,426
03/21/2022,CMA,CA,AWP,WE,Towers with Radar,0,16,37,0,53,0,0,184,0,184,0,16,221,0,237,462,0,462,699
03/22/2022,CMA,CA,AWP,WE,Towers with Radar,0,7,24,0,31,0,0,130,0,130,0,7,154,0,161,292,0,292,453
03/23/2022,CMA,CA,AWP,WE,Towers with Radar,0,12,36,0,48,0,0,197,0,197,0,12,233,0,245,409,0,409,654
03/24/2022,CMA,CA,AWP,WE,Towers with Radar,0,12,54,2,68,0,1,264,4,269,0,13,318,6,337,394,0,394,731
03/25/2022,CMA,CA,AWP,WE,Towers with Radar,0,11,40,4,55,0,0,180,3,183,0,11,220,7,238,370,1,371,609
03/26/2022,CMA,CA,AWP,WE,Towers with Radar,0,6,60,0,66,0,0,139,2,141,0,6,199,2,207,216,2,218,425
03/27/2022,CMA,CA,AWP,WE,Towers with Radar,0,14,57,0,71,0,1,107,0,108,0,15,164,0,179,230,0,230,409
03/28/2022,CMA,CA,AWP,WE,Towers with Radar,0,10,51,0,61,0,0,2,0,2,0,10,53,0,63,4,0,4,67
03/29/2022,CMA,CA,AWP,WE,Towers with Radar,0,16,40,1,57,0,4,192,1,197,0,20,232,2,254,562,0,562,816
03/30/2022,CMA,CA,AWP,WE,Towers with Radar,0,17,42,1,60,0,0,177,0,177,0,17,219,1,237,488,0,488,725
03/31/2022,CMA,CA,AWP,WE,Towers with Radar,0,9,84,1,94,0,0,76,0,76,0,9,160,1,170,620,0,620,790
04/01/2022,CMA,CA,AWP,WE,Towers with Radar,0,8,47,0,55,0,1,243,0,244,0,9,290,0,299,396,0,396,695
04/02/2022,CMA,CA,AWP,WE,Towers with Radar,0,13,130,0,143,0,0,18,0,18,0,13,148,0,161,152,0,152,313
04/03/2022,CMA,CA,AWP,WE,Towers with Radar,0,17,117,0,134,0,0,26,0,26,0,17,143,0,160,242,0,242,402
04/04/2022,CMA,CA,AWP,WE,Towers with Radar,0,13,46,0,59,0,0,110,0,110,0,13,156,0,169,328,0,328,497
04/05/2022,CMA,CA,AWP,WE,Towers with Radar,0,7,26,0,33,0,1,171,0,172,0,8,197,0,205,368,0,368,573
04/06/2022,CMA,CA,AWP,WE,Towers with Radar,0,15,49,1,65,0,0,186,0,186,0,15,235,1,251,436,0,436,687
04/07/2022,CMA,CA,AWP,WE,Towers with Radar,0,4,34,0,38,0,0,128,1,129,0,4,162,1,167,54,0,54,221
04/08/2022,CMA,CA,AWP,WE,Towers with Radar,0,12,38,0,50,0,0,226,0,226,0,12,264,0,276,436,0,436,712
04/09/2022,CMA,CA,AWP,WE,Towers with Radar,0,7,39,0,46,0,0,343,0,343,0,7,382,0,389,266,0,266,655
04/10/2022,CMA,CA,AWP,WE,Towers with Radar,0,11,67,0,78,0,0,126,0,126,0,11,193,0,204,312,0,312,516
04/11/2022,CMA,CA,AWP,WE,Towers with Radar,0,12,39,0,51,0,0,52,1,53,0,12,91,1,104,264,0,264,368
04/12/2022,CMA,CA,AWP,WE,Towers with Radar,0,9,24,0,33,0,0,89,0,89,0,9,113,0,122,362,0,362,484
04/13/2022,CMA,CA,AWP,WE,Towers with Radar,0,6,36,0,42,0,0,205,2,207,0,6,241,2,249,406,0,406,655
04/14/2022,CMA,CA,AWP,WE,Towers with Radar,0,6,34,0,40,0,0,268,1,269,0,6,302,1,309,446,0,446,755
04/15/2022,CMA,CA,AWP,WE,Towers with Radar,0,10,31,0,41,0,0,268,0,268,0,10,299,0,309,432,0,432,741
04/16/2022,CMA,CA,AWP,WE,Towers with Radar,0,3,90,1,94,0,0,152,2,154,0,3,242,3,248,254,0,254,502
04/17/2022,CMA,CA,AWP,WE,Towers with Radar,0,5,42,0,47,0,0,129,0,129,0,5,171,0,176,260,0,260,436
04/18/2022,CMA,CA,AWP,WE,Towers with Radar,0,9,40,2,51,0,0,229,0,229,0,9,269,2,280,484,0,484,764
04/19/2022,CMA,CA,AWP,WE,Towers with Radar,0,5,50,1,56,0,0,195,4,199,0,5,245,5,255,428,0,428,683
04/20/2022,CMA,CA,AWP,WE,Towers with Radar,0,15,84,1,100,0,0,216,0,216,0,15,300,1,316,378,0,378,694
04/21/2022,CMA,CA,AWP,WE,Towers with Radar,0,7,79,0,86,0,0,123,0,123,0,7,202,0,209,472,0,472,681
04/22/2022,CMA,CA,AWP,WE,Towers with Radar,0,8,40,2,50,0,0,85,2,87,0,8,125,4,137,320,1,321,458
04/23/2022,CMA,CA,AWP,WE,Towers with Radar,0,5,62,0,67,0,0,267,1,268,0,5,329,1,335,346,0,346,681
04/24/2022,CMA,CA,AWP,WE,Towers with Radar,0,13,56,0,69,0,1,152,0,153,0,14,208,0,222,182,0,182,404
04/25/2022,CMA,CA,AWP,WE,Towers with Radar,0,6,64,0,70,0,1,192,0,193,0,7,256,0,263,508,0,508,771
04/26/2022,CMA,CA,AWP,WE,Towers with Radar,0,5,81,0,86,0,0,206,1,207,0,5,287,1,293,454,0,454,747
04/27/2022,CMA,CA,AWP,WE,Towers with Radar,0,19,77,2,98,0,6,171,2,179,0,25,248,4,277,299,0,299,576
04/28/2022,CMA,CA,AWP,WE,Towers with Radar,0,6,75,1,82,0,0,151,2,153,0,6,226,3,235,514,0,514,749
04/29/2022,CMA,CA,AWP,WE,Towers with Radar,0,20,39,2,61,0,0,240,3,243,0,20,279,5,304,380,0,380,684
04/30/2022,CMA,CA,AWP,WE,Towers with Radar,0,9,75,0,84,0,0,242,1,243,0,9,317,1,327,350,0,350,677
05/01/2022,CMA,CA,AWP,WE,Towers with Radar,0,16,78,2,96,0,0,250,0,250,0,16,328,2,346,234,0,234,580
05/02/2022,CMA,CA,AWP,WE,Towers with Radar,0,12,81,0,93,0,1,103,1,105,0,13,184,1,198,294,0,294,492
05/03/2022,CMA,CA,AWP,WE,Towers with Radar,0,4,73,1,78,0,2,163,0,165,0,6,236,1,243,306,0,306,549
05/04/2022,CMA,CA,AWP,WE,Towers with Radar,0,14,59,3,76,0,1,208,2,211,0,15,267,5,287,380,0,380,667
05/05/2022,CMA,CA,AWP,WE,Towers with Radar,0,12,77,2,91,0,1,131,2,134,0,13,208,4,225,278,0,278,503
05/06/2022,CMA,CA,AWP,WE,Towers with Radar,0,11,62,0,73,0,0,268,0,268,0,11,330,0,341,284,0,284,625
05/07/2022,CMA,CA,AWP,WE,Towers with Radar,0,9,62,0,71,0,1,253,0,254,0,10,315,0,325,358,0,358,683
05/08/2022,CMA,CA,AWP,WE,Towers with Radar,0,10,64,0,74,0,0,110,0,110,0,10,174,0,184,180,0,180,364
05/09/2022,CMA,CA,AWP,WE,Towers with Radar,0,8,62,2,72,0,1,191,1,193,0,9,253,3,265,262,14,276,541
05/10/2022,CMA,CA,AWP,WE,Towers with Radar,0,5,57,0,62,0,0,144,0,144,0,5,201,0,206,244,12,256,462
05/11/2022,CMA,CA,AWP,WE,Towers with Radar,0,9,53,0,62,0,0,204,4,208,0,9,257,4,270,360,0,360,630
05/12/2022,CMA,CA,AWP,WE,Towers with Radar,0,11,54,0,65,0,0,195,1,196,0,11,249,1,261,348,0,348,609
05/13/2022,CMA,CA,AWP,WE,Towers with Radar,0,13,70,0,83,0,0,228,2,230,0,13,298,2,313,316,0,316,629
05/14/2022,CMA,CA,AWP,WE,Towers with Radar,0,6,62,4,72,0,0,222,1,223,0,6,284,5,295,224,0,224,519
05/15/2022,CMA,CA,AWP,WE,Towers with Radar,0,17,43,1,61,0,0,249,0,249,0,17,292,1,310,248,0,248,558
05/16/2022,CMA,CA,AWP,WE,Towers with Radar,0,17,59,3,79,0,0,104,1,105,0,17,163,4,184,230,0,230,414
05/17/2022,CMA,CA,AWP,WE,Towers with Radar,0,4,46,0,50,0,0,129,0,129,0,4,175,0,179,392,0,392,571
05/18/2022,CMA,CA,AWP,WE,Towers with Radar,0,10,70,0,80,0,0,152,0,152,0,10,222,0,232,354,0,354,586
05/19/2022,CMA,CA,AWP,WE,Towers with Radar,0,7,109,0,116,0,0,32,0,32,0,7,141,0,148,232,0,232,380
05/20/2022,CMA,CA,AWP,WE,Towers with Radar,0,10,88,1,99,0,5,55,0,60,0,15,143,1,159,448,0,448,607
05/21/2022,CMA,CA,AWP,WE,Towers with Radar,0,9,68,0,77,0,0,156,0,156,0,9,224,0,233,304,0,304,537
05/22/2022,CMA,CA,AWP,WE,Towers with Radar,0,15,49,1,65,0,0,178,0,178,0,15,227,1,243,272,0,272,515
05/23/2022,CMA,CA,AWP,WE,Towers with Radar,0,10,55,0,65,0,0,123,0,123,0,10,178,0,188,294,0,294,482
05/24/2022,CMA,CA,AWP,WE,Towers with Radar,0,9,71,1,81,0,0,135,1,136,0,9,206,2,217,332,0,332,549
05/25/2022,CMA,CA,AWP,WE,Towers with Radar,0,12,82,0,94,0,0,170,1,171,0,12,252,1,265,282,0,282,547
05/26/2022,CMA,CA,AWP,WE,Towers with Radar,0,6,120,1,127,0,2,108,0,110,0,8,228,1,237,300,0,300,537
05/27/2022,CMA,CA,AWP,WE,Towers with Radar,0,10,83,0,93,0,0,136,0,136,0,10,219,0,229,362,0,362,591
05/28/2022,CMA,CA,AWP,WE,Towers with Radar,0,4,75,0,79,0,0,87,1,88,0,4,162,1,167,292,0,292,459
05/29/2022,CMA,CA,AWP,WE,Towers with Radar,0,6,49,1,56,0,0,161,0,161,0,6,210,1,217,210,0,210,427
05/30/2022,CMA,CA,AWP,WE,Towers with Radar,0,16,61,0,77,0,0,213,0,213,0,16,274,0,290,290,0,290,580
05/31/2022,CMA,CA,AWP,WE,Towers with Radar,0,20,71,0,91,0,0,261,1,262,0,20,332,1,353,366,0,366,719
06/01/2022,CMA,CA,AWP,WE,Towers with Radar,0,17,65,1,83,0,0,197,0,197,0,17,262,1,280,270,0,270,550
06/02/2022,CMA,CA,AWP,WE,Towers with Radar,0,7,68,0,75,0,0,218,0,218,0,7,286,0,293,356,0,356,649
06/03/2022,CMA,CA,AWP,WE,Towers with Radar,0,15,111,0,126,0,0,69,0,69,0,15,180,0,195,212,0,212,407
06/04/2022,CMA,CA,AWP,WE,Towers with Radar,0,10,90,0,100,0,0,83,0,83,0,10,173,0,183,348,0,348,531
06/05/2022,CMA,CA,AWP,WE,Towers with Radar,0,7,56,0,63,0,0,219,0,219,0,7,275,0,282,206,0,206,488
06/06/2022,CMA,CA,AWP,WE,Towers with Radar,0,4,41,0,45,0,0,133,0,133,0,4,174,0,178,362,0,362,540
06/07/2022,CMA,CA,AWP,WE,Towers with Radar,0,4,75,1,80,0,0,108,0,108,0,4,183,1,188,274,0,274,462
06/08/2022,CMA,CA,AWP,WE,Towers with Radar,0,12,83,0,95,0,0,59,0,59,0,12,142,0,154,38,0,38,192
06/09/2022,CMA,CA,AWP,WE,Towers with Radar,0,9,44,2,55,0,0,68,0,68,0,9,112,2,123,22,0,22,145
06/10/2022,CMA,CA,AWP,WE,Towers with Radar,0,22,105,0,127,0,0,77,7,84,0,22,182,7,211,10,0,10,221
06/11/2022,CMA,CA,AWP,WE,Towers with Radar,0,6,58,0,64,0,0,182,2,184,0,6,240,2,248,292,0,292,540
06/12/2022,CMA,CA,AWP,WE,Towers with Radar,0,12,83,0,95,0,2,192,0,194,0,14,275,0,289,270,0,270,559
06/13/2022,CMA,CA,AWP,WE,Towers with Radar,0,5,73,0,78,0,0,142,0,142,0,5,215,0,220,370,0,370,590
06/14/2022,CMA,CA,AWP,WE,Towers with Radar,0,9,50,1,60,0,0,194,0,194,0,9,244,1,254,350,0,350,604
06/15/2022,CMA,CA,AWP,WE,Towers with Radar,0,4,66,0,70,0,0,220,0,220,0,4,286,0,290,350,0,350,640
06/16/2022,CMA,CA,AWP,WE,Towers with Radar,0,7,107,1,115,0,0,84,1,85,0,7,191,2,200,272,18,290,490
06/17/2022,CMA,CA,AWP,WE,Towers with Radar,0,11,65,0,76,0,0,199,0,199,0,11,264,0,275,364,0,364,639
06/18/2022,CMA,CA,AWP,WE,Towers with Radar,0,5,59,1,65,0,0,280,0,280,0,5,339,1,345,244,0,244,589
06/19/2022,CMA,CA,AWP,WE,Towers with Radar,0,10,52,1,63,0,0,225,2,227,0,10,277,3,290,208,0,208,498
06/20/2022,CMA,CA,AWP,WE,Towers with Radar,0,12,60,0,72,0,0,218,2,220,0,12,278,2,292,415,0,415,707
06/21/2022,CMA,CA,AWP,WE,Towers with Radar,0,6,55,1,62,0,0,207,0,207,0,6,262,1,269,426,0,426,695
06/22/2022,CMA,CA,AWP,WE,Towers with Radar,0,3,55,0,58,0,0,76,0,76,0,3,131,0,134,170,0,170,304
06/23/2022,CMA,CA,AWP,WE,Towers with Radar,0,9,38,0,47,0,0,227,0,227,0,9,265,0,274,300,0,300,574
06/24/2022,CMA,CA,AWP,WE,Towers with Radar,0,6,65,0,71,0,0,225,0,225,0,6,290,0,296,294,0,294,590
06/25/2022,CMA,CA,AWP,WE,Towers with Radar,0,7,42,0,49,0,0,252,1,253,0,7,294,1,302,352,0,352,654
06/26/2022,CMA,CA,AWP,WE,Towers with Radar,0,8,36,0,44,0,0,306,0,306,0,8,342,0,350,220,0,220,570
06/27/2022,CMA,CA,AWP,WE,Towers with Radar,0,9,51,2,62,0,0,231,0,231,0,9,282,2,293,402,0,402,695
06/28/2022,CMA,CA,AWP,WE,Towers with Radar,0,5,37,0,42,0,0,205,0,205,0,5,242,0,247,402,0,402,649
06/29/2022,CMA,CA,AWP,WE,Towers with Radar,0,7,56,0,63,0,0,178,0,178,0,7,234,0,241,318,0,318,559
06/30/2022,CMA,CA,AWP,WE,Towers with Radar,0,7,80,1,88,0,0,174,0,174,0,7,254,1,262,296,0,296,558
07/01/2022,CMA,CA,AWP,WE,Towers with Radar,0,13,68,0,81,0,0,199,0,199,0,13,267,0,280,268,0,268,548
07/02/2022,CMA,CA,AWP,WE,Towers with Radar,0,7,49,0,56,0,0,241,0,241,0,7,290,0,297,302,0,302,599
07/03/2022,CMA,CA,AWP,WE,Towers with Radar,0,5,54,0,59,0,0,196,1,197,0,5,250,1,256,208,0,208,464
07/04/2022,CMA,CA,AWP,WE,Towers with Radar,0,5,25,0,30,0,0,140,0,140,0,5,165,0,170,158,0,158,328
07/05/2022,CMA,CA,AWP,WE,Towers with Radar,0,14,48,1,63,0,0,160,0,160,0,14,208,1,223,348,0,348,571
07/06/2022,CMA,CA,AWP,WE,Towers with Radar,0,13,77,0,90,0,0,151,0,151,0,13,228,0,241,284,0,284,525
07/07/2022,CMA,CA,AWP,WE,Towers with Radar,0,9,58,0,67,0,0,186,0,186,0,9,244,0,253,366,0,366,619
07/08/2022,CMA,CA,AWP,WE,Towers with Radar,0,9,52,0,61,0,0,166,3,169,0,9,218,3,230,234,0,234,464
07/09/2022,CMA,CA,AWP,WE,Towers with Radar,0,2,46,0,48,0,0,155,0,155,0,2,201,0,203,306,0,306,509
07/10/2022,CMA,CA,AWP,WE,Towers with Radar,0,4,30,0,34,0,0,249,0,249,0,4,279,0,283,352,0,352,635
07/11/2022,CMA,CA,AWP,WE,Towers with Radar,0,8,78,0,86,0,0,139,0,139,0,8,217,0,225,184,0,184,409
07/12/2022,CMA,CA,AWP,WE,Towers with Radar,0,6,58,0,64,0,0,102,1,103,0,6,160,1,167,248,0,248,415
07/13/2022,CMA,CA,AWP,WE,Towers with Radar,0,2,94,0,96,0,0,141,0,141,0,2,235,0,237,298,0,298,535
07/14/2022,CMA,CA,AWP,WE,Towers with Radar,0,7,47,3,57,0,0,189,0,189,0,7,236,3,246,354,0,354,600
07/15/2022,CMA,CA,AWP,WE,Towers with Radar,0,8,64,0,72,0,0,271,0,271,0,8,335,0,343,328,0,328,671
07/16/2022,CMA,CA,AWP,WE,Towers with Radar,0,9,52,1,62,0,0,217,0,217,0,9,269,1,279,180,0,180,459
07/17/2022,CMA,CA,AWP,WE,Towers with Radar,0,12,60,0,72,0,1,204,0,205,0,13,264,0,277,258,0,258,535
07/18/2022,CMA,CA,AWP,WE,Towers with Radar,0,5,48,3,56,0,0,164,0,164,0,5,212,3,220,402,0,402,622
07/19/2022,CMA,CA,AWP,WE,Towers with Radar,0,7,44,0,51,0,0,193,0,193,0,7,237,0,244,448,0,448,692
07/20/2022,CMA,CA,AWP,WE,Towers with Radar,0,3,65,3,71,0,0,226,1,227,0,3,291,4,298,332,0,332,630
07/21/2022,CMA,CA,AWP,WE,Towers with Radar,0,5,56,1,62,0,0,168,1,169,0,5,224,2,231,292,0,292,523
07/22/2022,CMA,CA,AWP,WE,Towers with Radar,0,10,70,8,88,0,0,191,0,191,0,10,261,8,279,344,0,344,623
07/23/2022,CMA,CA,AWP,WE,Towers with Radar,0,4,73,0,77,0,0,161,0,161,0,4,234,0,238,358,0,358,596
07/24/2022,CMA,CA,AWP,WE,Towers with Radar,0,8,64,0,72,0,0,145,0,145,0,8,209,0,217,278,0,278,495
07/25/2022,CMA,CA,AWP,WE,Towers with Radar,0,12,83,0,95,0,0,123,0,123,0,12,206,0,218,202,0,202,420
07/26/2022,CMA,CA,AWP,WE,Towers with Radar,0,14,66,3,83,0,0,134,0,134,0,14,200,3,217,206,0,206,423
07/27/2022,CMA,CA,AWP,WE,Towers with Radar,0,15,77,1,93,0,0,154,1,155,0,15,231,2,248,318,0,318,566
07/28/2022,CMA,CA,AWP,WE,Towers with Radar,0,11,57,0,68,0,0,183,0,183,0,11,240,0,251,338,0,338,589
07/29/2022,CMA,CA,AWP,WE,Towers with Radar,0,4,55,2,61,0,0,187,0,187,0,4,242,2,248,384,0,384,632
07/30/2022,CMA,CA,AWP,WE,Towers with Radar,0,6,47,0,53,0,0,206,1,207,0,6,253,1,260,314,0,314,574
07/31/2022,CMA,CA,AWP,WE,Towers with Radar,0,5,53,1,59,0,0,190,0,190,0,5,243,1,249,266,0,266,515
08/01/2022,CMA,CA,AWP,WE,Towers with Radar,0,7,59,0,66,0,0,136,2,138,0,7,195,2,204,258,0,258,462
08/02/2022,CMA,CA,AWP,WE,Towers with Radar,0,15,51,0,66,0,0,196,3,199,0,15,247,3,265,374,0,374,639
08/03/2022,CMA,CA,AWP,WE,Towers with Radar,0,12,65,0,77,0,1,193,4,198,0,13,258,4,275,352,0,352,627
08/04/2022,CMA,CA,AWP,WE,Towers with Radar,0,13,58,1,72,0,0,206,1,207,0,13,264,2,279,240,0,240,519
08/05/2022,CMA,CA,AWP,WE,Towers with Radar,0,5,50,0,55,0,0,250,4,254,0,5,300,4,309,334,0,334,643
08/06/2022,CMA,CA,AWP,WE,Towers with Radar,0,6,60,1,67,0,0,248,0,248,0,6,308,1,315,207,0,207,522
08/07/2022,CMA,CA,AWP,WE,Towers with Radar,0,8,80,0,88,0,1,229,0,230,0,9,309,0,318,272,0,272,590
08/08/2022,CMA,CA,AWP,WE,Towers with Radar,0,16,56,3,75,0,0,222,1,223,0,16,278,4,298,324,0,324,622
08/09/2022,CMA,CA,AWP,WE,Towers with Radar,0,11,59,0,70,0,0,212,3,215,0,11,271,3,285,306,0,306,591
08/10/2022,CMA,CA,AWP,WE,Towers with Radar,0,4,62,1,67,0,0,211,6,217,0,4,273,7,284,306,0,306,590
08/11/2022,CMA,CA,AWP,WE,Towers with Radar,0,8,61,0,69,0,0,234,3,237,0,8,295,3,306,346,0,346,652
08/12/2022,CMA,CA,AWP,WE,Towers with Radar,0,4,67,2,73,0,0,238,0,238,0,4,305,2,311,294,0,294,605
08/13/2022,CMA,CA,AWP,WE,Towers with Radar,0,4,47,0,51,0,0,234,3,237,0,4,281,3,288,348,0,348,636
08/14/2022,CMA,CA,AWP,WE,Towers with Radar,0,10,48,0,58,0,1,230,0,231,0,11,278,0,289,318,0,318,607
08/15/2022,CMA,CA,AWP,WE,Towers with Radar,0,8,50,0,58,0,0,195,0,195,0,8,245,0,253,384,0,384,637
08/16/2022,CMA,CA,AWP,WE,Towers with Radar,0,9,56,1,66,0,2,208,1,211,0,11,264,2,277,422,0,422,699
08/17/2022,CMA,CA,AWP,WE,Towers with Radar,0,8,54,0,62,0,1,183,0,184,0,9,237,0,246,360,0,360,606
08/18/2022,CMA,CA,AWP,WE,Towers with Radar,0,9,70,3,82,0,0,174,1,175,0,9,244,4,257,224,0,224,481
08/19/2022,CMA,CA,AWP,WE,Towers with Radar,0,11,39,2,52,0,0,214,2,216,0,11,253,4,268,236,0,236,504
08/20/2022,CMA,CA,AWP,WE,Towers with Radar,0,3,25,1,29,0,0,79,0,79,0,3,104,1,108,118,2,120,228
08/21/2022,CMA,CA,AWP,WE,Towers with Radar,0,0,10,0,10,0,0,13,1,14,0,0,23,1,24,30,0,30,54
08/22/2022,CMA,CA,AWP,WE,Towers with Radar,0,7,56,3,66,0,0,122,0,122,0,7,178,3,188,300,0,300,488
08/23/2022,CMA,CA,AWP,WE,Towers with Radar,0,7,48,1,56,0,0,153,0,153,0,7,201,1,209,268,0,268,477
08/24/2022,CMA,CA,AWP,WE,Towers with Radar,0,14,81,1,96,0,0,185,4,189,0,14,266,5,285,342,0,342,627
08/25/2022,CMA,CA,AWP,WE,Towers with Radar,0,9,85,6,100,0,0,244,0,244,0,9,329,6,344,248,0,248,592
08/26/2022,CMA,CA,AWP,WE,Towers with Radar,0,8,74,0,82,0,0,214,4,218,0,8,288,4,300,292,0,292,592
08/27/2022,CMA,CA,AWP,WE,Towers with Radar,0,5,73,1,79,0,0,223,1,224,0,5,296,2,303,284,0,284,587
08/28/2022,CMA,CA,AWP,WE,Towers with Radar,0,7,57,0,64,0,0,199,0,199,0,7,256,0,263,184,0,184,447
08/29/2022,CMA,CA,AWP,WE,Towers with Radar,0,8,33,1,42,0,0,193,0,193,0,8,226,1,235,284,0,284,519
08/30/2022,CMA,CA,AWP,WE,Towers with Radar,0,5,49,1,55,0,2,200,0,202,0,7,249,1,257,370,0,370,627
08/31/2022,CMA,CA,AWP,WE,Towers with Radar,0,13,32,0,45,0,0,219,0,219,0,13,251,0,264,309,0,309,573
09/01/2022,CMA,CA,AWP,WE,Towers with Radar,0,14,69,0,83,0,0,180,2,182,0,14,249,2,265,250,0,250,515
09/02/2022,CMA,CA,AWP,WE,Towers with Radar,0,18,67,0,85,0,0,213,2,215,0,18,280,2,300,332,0,332,632
09/03/2022,CMA,CA,AWP,WE,Towers with Radar,0,12,36,1,49,0,0,223,1,224,0,12,259,2,273,222,0,222,495
09/04/2022,CMA,CA,AWP,WE,Towers with Radar,0,5,30,0,35,0,0,146,0,146,0,5,176,0,181,164,0,164,345
09/05/2022,CMA,CA,AWP,WE,Towers with Radar,0,11,46,0,57,0,0,182,0,182,0,11,228,0,239,244,0,244,483
09/06/2022,CMA,CA,AWP,WE,Towers with Radar,0,6,55,1,62,0,0,201,0,201,0,6,256,1,263,382,0,382,645
09/07/2022,CMA,CA,AWP,WE,Towers with Radar,0,12,68,1,81,0,13,165,1,179,0,25,233,2,260,330,0,330,590
09/08/2022,CMA,CA,AWP,WE,Towers with Radar,0,6,65,1,72,0,0,173,2,175,0,6,238,3,247,324,0,324,571
09/09/2022,CMA,CA,AWP,WE,Towers with Radar,0,11,46,0,57,0,0,167,0,167,0,11,213,0,224,302,0,302,526
09/10/2022,CMA,CA,AWP,WE,Towers with Radar,0,8,28,3,39,0,0,98,0,98,0,8,126,3,137,300,0,300,437
09/11/2022,CMA,CA,AWP,WE,Towers with Radar,0,9,43,0,52,0,0,124,2,126,0,9,167,2,178,256,0,256,434
09/12/2022,CMA,CA,AWP,WE,Towers with Radar,0,4,54,1,59,0,0,178,1,179,0,4,232,2,238,264,4,268,506
09/13/2022,CMA,CA,AWP,WE,Towers with Radar,0,3,76,1,80,0,0,201,2,203,0,3,277,3,283,370,0,370,653
09/14/2022,CMA,CA,AWP,WE,Towers with Radar,0,5,52,3,60,0,0,213,2,215,0,5,265,5,275,322,0,322,597
09/15/2022,CMA,CA,AWP,WE,Towers with Radar,0,8,63,1,72,0,0,200,2,202,0,8,263,3,274,204,0,204,478
09/16/2022,CMA,CA,AWP,WE,Towers with Radar,0,10,88,0,98,0,0,301,2,303,0,10,389,2,401,438,0,438,839
09/17/2022,CMA,CA,AWP,WE,Towers with Radar,0,2,71,1,74,0,0,151,0,151,0,2,222,1,225,386,0,386,611
09/18/2022,CMA,CA,AWP,WE,Towers with Radar,0,4,92,0,96,0,0,121,0,121,0,4,213,0,217,284,0,284,501
09/19/2022,CMA,CA,AWP,WE,Towers with Radar,0,5,71,0,76,0,0,151,0,151,0,5,222,0,227,332,0,332,559
09/20/2022,CMA,CA,AWP,WE,Towers with Radar,0,2,70,1,73,0,0,97,0,97,0,2,167,1,170,448,0,448,618
09/21/2022,CMA,CA,AWP,WE,Towers with Radar,0,10,60,0,70,0,0,183,0,183,0,10,243,0,253,350,0,350,603
09/22/2022,CMA,CA,AWP,WE,Towers with Radar,0,5,51,0,56,0,0,206,0,206,0,5,257,0,262,398,0,398,660
09/23/2022,CMA,CA,AWP,WE,Towers with Radar,0,5,51,0,56,0,0,234,1,235,0,5,285,1,291,502,0,502,793
09/24/2022,CMA,CA,AWP,WE,Towers with Radar,0,2,40,3,45,0,0,271,5,276,0,2,311,8,321,370,0,370,691
09/25/2022,CMA,CA,AWP,WE,Towers with Radar,0,11,65,0,76,0,0,207,1,208,0,11,272,1,284,202,0,202,486
09/26/2022,CMA,CA,AWP,WE,Towers with Radar,0,6,37,0,43,0,0,183,1,184,0,6,220,1,227,452,0,452,679
09/27/2022,CMA,CA,AWP,WE,Towers with Radar,0,7,47,0,54,0,0,207,0,207,0,7,254,0,261,524,0,524,785
09/28/2022,CMA,CA,AWP,WE,Towers with Radar,0,3,23,1,27,0,0,228,0,228,0,3,251,1,255,416,0,416,671
09/29/2022,CMA,CA,AWP,WE,Towers with Radar,0,14,70,0,84,0,0,187,1,188,0,14,257,1,272,452,0,452,724
09/30/2022,CMA,CA,AWP,WE,Towers with Radar,0,7,84,0,91,0,0,186,6,192,0,7,270,6,283,364,0,364,647
10/01/2022,CMA,CA,AWP,WE,Towers with Radar,0,6,45,0,51,0,0,187,0,187,0,6,232,0,238,314,0,314,552
10/02/2022,CMA,CA,AWP,WE,Towers with Radar,0,2,54,0,56,0,0,159,4,163,0,2,213,4,219,212,0,212,431
10/03/2022,CMA,CA,AWP,WE,Towers with Radar,0,8,34,1,43,0,0,184,0,184,0,8,218,1,227,314,0,314,541
10/04/2022,CMA,CA,AWP,WE,Towers with Radar,0,11,31,1,43,0,0,168,3,171,0,11,199,4,214,378,0,378,592
10/05/2022,CMA,CA,AWP,WE,Towers with Radar,0,9,81,0,90,0,0,133,0,133,0,9,214,0,223,187,10,197,420
10/06/2022,CMA,CA,AWP,WE,Towers with Radar,0,11,89,0,100,0,0,61,0,61,0,11,150,0,161,148,0,148,309
10/07/2022,CMA,CA,AWP,WE,Towers with Radar,0,17,70,0,87,0,0,151,0,151,0,17,221,0,238,360,0,360,598
10/08/2022,CMA,CA,AWP,WE,Towers with Radar,0,15,68,0,83,0,0,94,0,94,0,15,162,0,177,116,0,116,293
10/09/2022,CMA,CA,AWP,WE,Towers with Radar,0,8,64,0,72,0,0,113,0,113,0,8,177,0,185,126,0,126,311
10/10/2022,CMA,CA,AWP,WE,Towers with Radar,0,12,75,0,87,0,0,71,0,71,0,12,146,0,158,236,0,236,394
10/11/2022,CMA,CA,AWP,WE,Towers with Radar,0,12,101,4,117,0,0,83,0,83,0,12,184,4,200,400,0,400,600
10/12/2022,CMA,CA,AWP,WE,Towers with Radar,0,8,69,1,78,0,0,89,0,89,0,8,158,1,167,191,0,191,358
10/13/2022,CMA,CA,AWP,WE,Towers with Radar,0,12,96,4,112,0,0,43,0,43,0,12,139,4,155,0,0,0,155
10/14/2022,CMA,CA,AWP,WE,Towers with Radar,0,6,95,2,103,0,0,31,0,31,0,6,126,2,134,186,0,186,320
10/15/2022,CMA,CA,AWP,WE,Towers with Radar,0,7,63,0,70,0,0,38,0,38,0,7,101,0,108,328,0,328,436
10/16/2022,CMA,CA,AWP,WE,Towers with Radar,0,7,83,0,90,0,0,87,0,87,0,7,170,0,177,324,0,324,501
10/17/2022,CMA,CA,AWP,WE,Towers with Radar,0,4,60,1,65,0,0,194,0,194,0,4,254,1,259,386,0,386,645
10/18/2022,CMA,CA,AWP,WE,Towers with Radar,0,5,75,1,81,0,1,213,4,218,0,6,288,5,299,282,0,282,581
10/19/2022,CMA,CA,AWP,WE,Towers with Radar,0,13,40,2,55,0,1,206,0,207,0,14,246,2,262,330,0,330,592
10/20/2022,CMA,CA,AWP,WE,Towers with Radar,0,4,41,2,47,0,0,215,2,217,0,4,256,4,264,470,1,471,735
10/21/2022,CMA,CA,AWP,WE,Towers with Radar,0,20,58,3,81,0,1,233,0,234,0,21,291,3,315,250,0,250,565
10/22/2022,CMA,CA,AWP,WE,Towers with Radar,0,3,73,0,76,0,0,88,0,88,0,3,161,0,164,340,0,340,504
10/23/2022,CMA,CA,AWP,WE,Towers with Radar,0,13,45,2,60,0,0,201,0,201,0,13,246,2,261,122,0,122,383
10/24/2022,CMA,CA,AWP,WE,Towers with Radar,0,8,47,0,55,0,0,106,0,106,0,8,153,0,161,104,0,104,265
10/25/2022,CMA,CA,AWP,WE,Towers with Radar,0,4,65,0,69,0,1,160,2,163,0,5,225,2,232,246,0,246,478
10/26/2022,CMA,CA,AWP,WE,Towers with Radar,0,6,47,2,55,0,0,202,2,204,0,6,249,4,259,322,0,322,581
10/27/2022,CMA,CA,AWP,WE,Towers with Radar,0,5,52,2,59,0,0,208,2,210,0,5,260,4,269,320,0,320,589
10/28/2022,CMA,CA,AWP,WE,Towers with Radar,0,6,58,2,66,0,0,222,1,223,0,6,280,3,289,322,0,322,611
10/29/2022,CMA,CA,AWP,WE,Towers with Radar,0,6,52,0,58,0,0,233,2,235,0,6,285,2,293,198,0,198,491
10/30/2022,CMA,CA,AWP,WE,Towers with Radar,0,9,55,0,64,0,0,175,0,175,0,9,230,0,239,262,0,262,501
10/31/2022,CMA,CA,AWP,WE,Towers with Radar,0,5,44,0,49,0,0,127,0,127,0,5,171,0,176,326,0,326,502
11/01/2022,CMA,CA,AWP,WE,Towers with Radar,0,6,61,0,67,0,0,92,0,92,0,6,153,0,159,342,0,342,501
11/02/2022,CMA,CA,AWP,WE,Towers with Radar,0,2,35,0,37,0,0,76,1,77,0,2,111,1,114,261,0,261,375
11/03/2022,CMA,CA,AWP,WE,Towers with Radar,0,8,47,2,57,0,0,122,0,122,0,8,169,2,179,266,0,266,445
11/04/2022,CMA,CA,AWP,WE,Towers with Radar,0,6,80,3,89,0,0,251,0,251,0,6,331,3,340,328,0,328,668
11/05/2022,CMA,CA,AWP,WE,Towers with Radar,0,5,74,0,79,0,0,224,0,224,0,5,298,0,303,253,0,253,556
11/06/2022,CMA,CA,AWP,WE,Towers with Radar,0,4,93,0,97,0,0,133,0,133,0,4,226,0,230,130,0,130,360
11/07/2022,CMA,CA,AWP,WE,Towers with Radar,0,7,47,0,54,0,0,3,3,6,0,7,50,3,60,10,0,10,70
11/08/2022,CMA,CA,AWP,WE,Towers with Radar,0,4,34,0,38,0,0,5,2,7,0,4,39,2,45,8,0,8,53
11/09/2022,CMA,CA,AWP,WE,Towers with Radar,0,6,86,0,92,0,2,184,0,186,0,8,270,0,278,350,0,350,628
11/10/2022,CMA,CA,AWP,WE,Towers with Radar,0,1,54,3,58,0,0,233,1,234,0,1,287,4,292,252,0,252,544
11/11/2022,CMA,CA,AWP,WE,Towers with Radar,0,4,74,0,78,0,0,197,0,197,0,4,271,0,275,356,0,356,631
11/12/2022,CMA,CA,AWP,WE,Towers with Radar,0,4,61,0,65,0,0,213,0,213,0,4,274,0,278,226,0,226,504
11/13/2022,CMA,CA,AWP,WE,Towers with Radar,0,6,35,0,41,0,0,167,0,167,0,6,202,0,208,242,0,242,450
11/14/2022,CMA,CA,AWP,WE,Towers with Radar,0,9,54,2,65,0,0,181,1,182,0,9,235,3,247,409,0,409,656
11/15/2022,CMA,CA,AWP,WE,Towers with Radar,0,6,37,0,43,0,0,108,0,108,0,6,145,0,151,130,0,130,281
11/16/2022,CMA,CA,AWP,WE,Towers with Radar,0,12,28,5,45,0,0,32,0,32,0,12,60,5,77,26,0,26,103
11/17/2022,CMA,CA,AWP,WE,Towers with Radar,0,1,62,0,63,0,1,160,0,161,0,2,222,0,224,200,0,200,424
11/18/2022,CMA,CA,AWP,WE,Towers with Radar,0,6,67,2,75,0,0,214,2,216,0,6,281,4,291,234,0,234,525
11/19/2022,CMA,CA,AWP,WE,Towers with Radar,0,5,14,0,19,0,0,21,0,21,0,5,35,0,40,6,0,6,46
11/20/2022,CMA,CA,AWP,WE,Towers with Radar,0,1,31,0,32,0,0,148,0,148,0,1,179,0,180,184,0,184,364
11/21/2022,CMA,CA,AWP,WE,Towers with Radar,0,4,38,0,42,0,0,181,0,181,0,4,219,0,223,394,0,394,617
11/22/2022,CMA,CA,AWP,WE,Towers with Radar,0,19,44,1,64,0,0,202,0,202,0,19,246,1,266,332,0,332,598
11/23/2022,CMA,CA,AWP,WE,Towers with Radar,0,7,66,1,74,0,2,198,1,201,0,9,264,2,275,264,0,264,539
11/24/2022,CMA,CA,AWP,WE,Towers with Radar,0,2,4,0,6,0,0,14,0,14,0,2,18,0,20,0,0,0,20
11/25/2022,CMA,CA,AWP,WE,Towers with Radar,0,3,31,0,34,0,0,172,0,172,0,3,203,0,206,142,0,142,348
11/26/2022,CMA,CA,AWP,WE,Towers with Radar,0,10,42,0,52,0,0,233,0,233,0,10,275,0,285,236,0,236,521
11/27/2022,CMA,CA,AWP,WE,Towers with Radar,0,16,55,1,72,0,2,145,0,147,0,18,200,1,219,240,0,240,459
11/28/2022,CMA,CA,AWP,WE,Towers with Radar,0,13,71,0,84,0,0,93,0,93,0,13,164,0,177,302,0,302,479
11/29/2022,CMA,CA,AWP,WE,Towers with Radar,0,5,48,0,53,0,0,164,1,165,0,5,212,1,218,330,0,330,548
11/30/2022,CMA,CA,AWP,WE,Towers with Radar,0,10,66,1,77,0,0,86,0,86,0,10,152,1,163,300,0,300,463
12/01/2022,CMA,CA,AWP,WE,Towers with Radar,0,2,59,2,63,0,0,35,0,35,0,2,94,2,98,278,0,278,376
12/02/2022,CMA,CA,AWP,WE,Towers with Radar,0,8,61,0,69,0,4,5,0,9,0,12,66,0,78,70,0,70,148
12/03/2022,CMA,CA,AWP,WE,Towers with Radar,0,17,58,0,75,0,0,146,0,146,0,17,204,0,221,228,0,228,449
12/04/2022,CMA,CA,AWP,WE,Towers with Radar,0,2,69,1,72,0,0,3,0,3,0,2,72,1,75,12,0,12,87
12/05/2022,CMA,CA,AWP,WE,Towers with Radar,0,10,49,0,59,0,0,145,2,147,0,10,194,2,206,303,0,303,509
12/06/2022,CMA,CA,AWP,WE,Towers with Radar,0,5,58,0,63,0,0,130,0,130,0,5,188,0,193,390,0,390,583
12/07/2022,CMA,CA,AWP,WE,Towers with Radar,0,7,79,3,89,0,0,233,0,233,0,7,312,3,322,322,0,322,644
12/08/2022,CMA,CA,AWP,WE,Towers with Radar,0,5,49,0,54,0,1,261,0,262,0,6,310,0,316,296,0,296,612
12/09/2022,CMA,CA,AWP,WE,Towers with Radar,0,6,63,2,71,0,1,242,0,243,0,7,305,2,314,322,0,322,636
12/10/2022,CMA,CA,AWP,WE,Towers with Radar,0,0,33,0,33,0,0,10,0,10,0,0,43,0,43,132,0,132,175
12/11/2022,CMA,CA,AWP,WE,Towers with Radar,0,15,17,0,32,0,0,30,2,32,0,15,47,2,64,82,0,82,146
12/12/2022,CMA,CA,AWP,WE,Towers with Radar,0,9,39,1,49,0,13,88,0,101,0,22,127,1,150,364,0,364,514
12/13/2022,CMA,CA,AWP,WE,Towers with Radar,0,7,56,0,63,0,0,236,0,236,0,7,292,0,299,372,0,372,671
12/14/2022,CMA,CA,AWP,WE,Towers with Radar,0,2,75,1,78,0,0,175,0,175,0,2,250,1,253,334,0,334,587
12/15/2022,CMA,CA,AWP,WE,Towers with Radar,0,3,55,0,58,0,0,193,1,194,0,3,248,1,252,306,0,306,558
12/16/2022,CMA,CA,AWP,WE,Towers with Radar,0,11,39,0,50,0,0,153,0,153,0,11,192,0,203,230,0,230,433
12/17/2022,CMA,CA,AWP,WE,Towers with Radar,0,11,38,0,49,0,0,180,0,180,0,11,218,0,229,208,0,208,437
12/18/2022,CMA,CA,AWP,WE,Towers with Radar,0,12,55,0,67,0,0,225,0,225,0,12,280,0,292,194,0,194,486
12/19/2022,CMA,CA,AWP,WE,Towers with Radar,0,6,52,0,58,0,0,221,0,221,0,6,273,0,279,478,0,478,757
12/20/2022,CMA,CA,AWP,WE,Towers with Radar,0,7,52,0,59,0,0,228,0,228,0,7,280,0,287,430,0,430,717
12/21/2022,CMA,CA,AWP,WE,Towers with Radar,0,7,56,0,63,0,0,204,0,204,0,7,260,0,267,342,0,342,609
12/22/2022,CMA,CA,AWP,WE,Towers with Radar,0,12,71,0,83,0,0,205,0,205,0,12,276,0,288,222,0,222,510
12/23/2022,CMA,CA,AWP,WE,Towers with Radar,0,4,53,0,57,0,0,193,0,193,0,4,246,0,250,258,0,258,508
12/24/2022,CMA,CA,AWP,WE,Towers with Radar,0,3,26,0,29,0,0,130,0,130,0,3,156,0,159,132,0,132,291
12/25/2022,CMA,CA,AWP,WE,Towers with Radar,0,4,10,0,14,0,0,46,0,46,0,4,56,0,60,26,0,26,86
12/26/2022,CMA,CA,AWP,WE,Towers with Radar,0,11,80,0,91,0,0,194,2,196,0,11,274,2,287,228,20,248,535
12/27/2022,CMA,CA,AWP,WE,Towers with Radar,0,5,47,0,52,0,0,49,0,49,0,5,96,0,101,110,0,110,211
12/28/2022,CMA,CA,AWP,WE,Towers with Radar,0,0,57,0,57,0,1,132,0,133,0,1,189,0,190,303,0,303,493
12/29/2022,CMA,CA,AWP,WE,Towers with Radar,0,3,50,0,53,0,0,42,0,42,0,3,92,0,95,238,0,238,333
12/30/2022,CMA,CA,AWP,WE,Towers with Radar,0,9,87,0,96,0,0,0,0,0,0,9,87,0,96,0,0,0,96
12/31/2022,CMA,CA,AWP,WE,Towers with Radar,0,1,23,0,24,0,0,0,0,0,0,1,23,0,24,0,0,0,24
01/01/2023,CMA,CA,AWP,WE,Towers with Radar,0,11,21,0,32,0,0,27,0,27,0,11,48,0,59,40,0,40,99
01/02/2023,CMA,CA,AWP,WE,Towers with Radar,0,7,58,0,65,0,0,135,0,135,0,7,193,0,200,266,0,266,466
01/03/2023,CMA,CA,AWP,WE,Towers with Radar,0,9,58,0,67,0,0,36,0,36,0,9,94,0,103,212,0,212,315
01/04/2023,CMA,CA,AWP,WE,Towers with Radar,0,13,27,0,40,0,0,8,0,8,0,13,35,0,48,52,0,52,100
01/05/2023,CMA,CA,AWP,WE,Towers with Radar,0,0,19,0,19,0,0,25,0,25,0,0,44,0,44,48,0,48,92
01/06/2023,CMA,CA,AWP,WE,Towers with Radar,0,5,53,0,58,0,0,308,0,308,0,5,361,0,366,164,0,164,530
01/07/2023,CMA,CA,AWP,WE,Towers with Radar,0,2,42,0,44,0,0,280,0,280,0,2,322,0,324,246,1,247,571
01/08/2023,CMA,CA,AWP,WE,Towers with Radar,0,10,55,0,65,0,0,65,0,65,0,10,120,0,130,270,0,270,400
01/09/2023,CMA,CA,AWP,WE,Towers with Radar,0,1,25,0,26,0,0,3,0,3,0,1,28,0,29,0,0,0,29
01/10/2023,CMA,CA,AWP,WE,Towers with Radar,0,8,20,0,28,0,0,32,0,32,0,8,52,0,60,42,0,42,102
01/11/2023,CMA,CA,AWP,WE,Towers with Radar,0,17,42,0,59,0,0,160,0,160,0,17,202,0,219,423,0,423,642
01/12/2023,CMA,CA,AWP,WE,Towers with Radar,0,9,64,0,73,0,0,178,0,178,0,9,242,0,251,292,0,292,543
01/13/2023,CMA,CA,AWP,WE,Towers with Radar,0,5,80,0,85,0,0,210,0,210,0,5,290,0,295,372,0,372,667
01/14/2023,CMA,CA,AWP,WE,Towers with Radar,0,5,12,0,17,0,0,0,0,0,0,5,12,0,17,0,0,0,17
01/15/2023,CMA,CA,AWP,WE,Towers with Radar,0,2,55,0,57,0,0,32,0,32,0,2,87,0,89,170,0,170,259
01/16/2023,CMA,CA,AWP,WE,Towers with Radar,0,11,29,0,40,0,0,22,1,23,0,11,51,1,63,20,18,38,101
01/17/2023,CMA,CA,AWP,WE,Towers with Radar,0,7,52,0,59,0,0,200,1,201,0,7,252,1,260,230,0,230,490
01/18/2023,CMA,CA,AWP,WE,Towers with Radar,0,8,55,2,65,0,0,212,0,212,0,8,267,2,277,280,0,280,557
01/19/2023,CMA,CA,AWP,WE,Towers with Radar,0,10,80,0,90,0,0,116,0,116,0,10,196,0,206,242,0,242,448
01/20/2023,CMA,CA,AWP,WE,Towers with Radar,0,6,45,1,52,0,0,190,2,192,0,6,235,3,244,394,0,394,638
01/21/2023,CMA,CA,AWP,WE,Towers with Radar,0,4,32,0,36,0,0,277,0,277,0,4,309,0,313,268,0,268,581
01/22/2023,CMA,CA,AWP,WE,Towers with Radar,0,18,50,2,70,0,0,236,2,238,0,18,286,4,308,184,0,184,492
01/23/2023,CMA,CA,AWP,WE,Towers with Radar,0,9,25,0,34,0,0,102,1,103,0,9,127,1,137,192,0,192,329
01/24/2023,CMA,CA,AWP,WE,Towers with Radar,0,5,47,1,53,0,0,196,3,199,0,5,243,4,252,274,0,274,526
01/25/2023,CMA,CA,AWP,WE,Towers with Radar,0,10,31,3,44,0,0,157,0,157,0,10,188,3,201,92,0,92,293
01/26/2023,CMA,CA,AWP,WE,Towers with Radar,0,2,25,2,29,0,0,36,0,36,0,2,61,2,65,46,0,46,111
01/27/2023,CMA,CA,AWP,WE,Towers with Radar,0,8,70,0,78,0,0,285,0,285,0,8,355,0,363,330,0,330,693
01/28/2023,CMA,CA,AWP,WE,Towers with Radar,0,6,62,0,68,0,0,267,0,267,0,6,329,0,335,234,0,234,569
01/29/2023,CMA,CA,AWP,WE,Towers with Radar,0,8,62,1,71,0,0,44,0,44,0,8,106,1,115,270,0,270,385
01/30/2023,CMA,CA,AWP,WE,Towers with Radar,0,8,32,0,40,0,0,78,0,78,0,8,110,0,118,276,0,276,394
01/31/2023,CMA,CA,AWP,WE,Towers with Radar,0,17,21,0,38,0,0,54,0,54,0,17,75,0,92,0,0,0,92
02/01/2023,CMA,CA,AWP,WE,Towers with Radar,0,14,40,1,55,0,0,213,0,213,0,14,253,1,268,298,0,298,566
02/02/2023,CMA,CA,AWP,WE,Towers with Radar,0,8,71,0,79,0,0,185,0,185,0,8,256,0,264,299,0,299,563
02/03/2023,CMA,CA,AWP,WE,Towers with Radar,0,12,49,2,63,0,3,220,0,223,0,15,269,2,286,275,0,275,561
02/04/2023,CMA,CA,AWP,WE,Towers with Radar,0,6,50,1,57,0,1,358,0,359,0,7,408,1,416,198,0,198,614
02/05/2023,CMA,CA,AWP,WE,Towers with Radar,0,9,41,0,50,0,0,86,0,86,0,9,127,0,136,138,0,138,274
02/06/2023,CMA,CA,AWP,WE,Towers with Radar,0,11,53,0,64,0,0,151,0,151,0,11,204,0,215,404,0,404,619
02/07/2023,CMA,CA,AWP,WE,Towers with Radar,0,17,55,0,72,0,0,179,0,179,0,17,234,0,251,144,0,144,395
02/08/2023,CMA,CA,AWP,WE,Towers with Radar,0,6,43,0,49,0,0,214,3,217,0,6,257,3,266,334,0,334,600
02/09/2023,CMA,CA,AWP,WE,Towers with Radar,0,8,34,3,45,0,0,114,0,114,0,8,148,3,159,118,0,118,277
02/10/2023,CMA,CA,AWP,WE,Towers with Radar,0,11,66,0,77,0,0,229,1,230,0,11,295,1,307,262,0,262,569
02/11/2023,CMA,CA,AWP,WE,Towers with Radar,0,13,50,0,63,0,0,130,0,130,0,13,180,0,193,156,0,156,349
02/12/2023,CMA,CA,AWP,WE,Towers with Radar,0,7,39,0,46,0,0,177,0,177,0,7,216,0,223,212,0,212,435
02/13/2023,CMA,CA,AWP,WE,Towers with Radar,0,8,61,1,70,0,0,104,2,106,0,8,165,3,176,302,0,302,478
02/14/2023,CMA,CA,AWP,WE,Towers with Radar,0,7,26,0,33,0,0,85,0,85,0,7,111,0,118,150,0,150,268
02/15/2023,CMA,CA,AWP,WE,Towers with Radar,0,17,35,1,53,0,0,223,0,223,0,17,258,1,276,370,0,370,646
02/16/2023,CMA,CA,AWP,WE,Towers with Radar,0,11,41,2,54,0,0,117,1,118,0,11,158,3,172,182,0,182,354
02/17/2023,CMA,CA,AWP,WE,Towers with Radar,0,9,42,0,51,0,0,133,0,133,0,9,175,0,184,160,0,160,344
02/18/2023,CMA,CA,AWP,WE,Towers with Radar,0,3,28,1,32,0,1,255,0,256,0,4,283,1,288,306,0,306,594
02/19/2023,CMA,CA,AWP,WE,Towers with Radar,0,6,59,0,65,0,1,303,6,310,0,7,362,6,375,299,0,299,674
02/20/2023,CMA,CA,AWP,WE,Towers with Radar,0,11,74,0,85,0,0,231,0,231,0,11,305,0,316,234,0,234,550
02/21/2023,CMA,CA,AWP,WE,Towers with Radar,0,14,62,0,76,0,0,142,0,142,0,14,204,0,218,234,0,234,452
02/22/2023,CMA,CA,AWP,WE,Towers with Radar,0,17,16,0,33,0,0,30,5,35,0,17,46,5,68,40,4,44,112
02/23/2023,CMA,CA,AWP,WE,Towers with Radar,0,12,28,0,40,0,0,54,1,55,0,12,82,1,95,214,0,214,309
02/24/2023,CMA,CA,AWP,WE,Towers with Radar,0,2,3,0,5,0,0,0,0,0,0,2,3,0,5,0,0,0,5
02/25/2023,CMA,CA,AWP,WE,Towers with Radar,0,3,19,0,22,0,0,32,0,32,0,3,51,0,54,214,0,214,268
02/26/2023,CMA,CA,AWP,WE,Towers with Radar,0,6,64,0,70,0,0,204,0,204,0,6,268,0,274,326,0,326,600
02/27/2023,CMA,CA,AWP,WE,Towers with Radar,0,9,24,2,35,0,0,10,0,10,0,9,34,2,45,184,0,184,229
02/28/2023,CMA,CA,AWP,WE,Towers with Radar,0,10,49,3,62,0,0,125,1,126,0,10,174,4,188,288,0,288,476
03/01/2023,CMA,CA,AWP,WE,Towers with Radar,0,10,9,0,19,0,0,25,1,26,0,10,34,1,45,28,0,28,73
03/02/2023,CMA,CA,AWP,WE,Towers with Radar,0,8,78,0,86,0,0,325,0,325,0,8,403,0,411,200,0,200,611
03/03/2023,CMA,CA,AWP,WE,Towers with Radar,0,10,55,1,66,0,0,277,0,277,0,10,332,1,343,330,0,330,673
03/04/2023,CMA,CA,AWP,WE,Towers with Radar,0,2,66,0,68,0,0,97,0,97,0,2,163,0,165,352,0,352,517
03/05/2023,CMA,CA,AWP,WE,Towers with Radar,0,7,52,1,60,0,0,62,0,62,0,7,114,1,122,224,0,224,346
03/06/2023,CMA,CA,AWP,WE,Towers with Radar,0,4,61,0,65,0,0,152,0,152,0,4,213,0,217,312,0,312,529
03/07/2023,CMA,CA,AWP,WE,Towers with Radar,0,14,73,0,87,0,0,277,0,277,0,14,350,0,364,286,0,286,650
03/08/2023,CMA,CA,AWP,WE,Towers with Radar,0,3,76,0,79,0,0,200,0,200,0,3,276,0,279,338,0,338,617
03/09/2023,CMA,CA,AWP,WE,Towers with Radar,0,11,69,2,82,0,0,229,0,229,0,11,298,2,311,346,0,346,657
03/10/2023,CMA,CA,AWP,WE,Towers with Radar,0,8,19,0,27,0,0,0,0,0,0,8,19,0,27,0,0,0,27
03/11/2023,CMA,CA,AWP,WE,Towers with Radar,0,6,61,0,67,0,0,5,0,5,0,6,66,0,72,52,0,52,124
03/12/2023,CMA,CA,AWP,WE,Towers with Radar,0,18,113,2,133,0,0,83,0,83,0,18,196,2,216,172,0,172,388
03/13/2023,CMA,CA,AWP,WE,Towers with Radar,0,13,101,6,120,0,0,23,0,23,0,13,124,6,143,138,0,138,281
03/14/2023,CMA,CA,AWP,WE,Towers with Radar,0,6,14,0,20,0,0,0,0,0,0,6,14,0,20,0,0,0,20
03/15/2023,CMA,CA,AWP,WE,Towers with Radar,0,8,54,0,62,0,0,46,0,46,0,8,100,0,108,202,0,202,310
03/16/2023,CMA,CA,AWP,WE,Towers with Radar,0,14,89,4,107,0,0,103,0,103,0,14,192,4,210,142,0,142,352
03/17/2023,CMA,CA,AWP,WE,Towers with Radar,0,12,48,2,62,0,0,246,3,249,0,12,294,5,311,230,14,244,555
03/18/2023,CMA,CA,AWP,WE,Towers with Radar,0,6,38,2,46,0,0,219,0,219,0,6,257,2,265,186,0,186,451
03/19/2023,CMA,CA,AWP,WE,Towers with Radar,0,4,51,2,57,0,0,44,1,45,0,4,95,3,102,172,0,172,274
03/20/2023,CMA,CA,AWP,WE,Towers with Radar,0,10,70,2,82,0,0,46,0,46,0,10,116,2,128,284,0,284,412
03/21/2023,CMA,CA,AWP,WE,Towers with Radar,0,8,25,0,33,0,0,2,0,2,0,8,27,0,35,2,0,2,37
03/22/2023,CMA,CA,AWP,WE,Towers with Radar,0,5,25,0,30,0,0,14,0,14,0,5,39,0,44,178,0,178,222
03/23/2023,CMA,CA,AWP,WE,Towers with Radar,0,6,75,0,81,0,1,111,2,114,0,7,186,2,195,252,0,252,447
03/24/2023,CMA,CA,AWP,WE,Towers with Radar,0,15,109,0,124,0,0,288,0,288,0,15,397,0,412,276,0,276,688
03/25/2023,CMA,CA,AWP,WE,Towers with Radar,0,8,85,0,93,0,0,284,0,284,0,8,369,0,377,350,0,350,727
03/26/2023,CMA,CA,AWP,WE,Towers with Radar,0,14,83,0,97,0,1,161,0,162,0,15,244,0,259,198,0,198,457
03/27/2023,CMA,CA,AWP,WE,Towers with Radar,0,20,34,0,54,0,0,107,0,107,0,20,141,0,161,172,0,172,333
03/28/2023,CMA,CA,AWP,WE,Towers with Radar,0,12,46,1,59,0,0,243,1,244,0,12,289,2,303,296,0,296,599
03/29/2023,CMA,CA,AWP,WE,Towers with Radar,0,11,37,2,50,0,0,46,0,46,0,11,83,2,96,286,0,286,382
03/30/2023,CMA,CA,AWP,WE,Towers with Radar,0,9,34,3,46,0,0,109,1,110,0,9,143,4,156,330,16,346,502
03/31/2023,CMA,CA,AWP,WE,Towers with Radar,0,11,63,0,74,0,1,306,0,307,0,12,369,0,381,317,0,317,698
04/01/2023,CMA,CA,AWP,WE,Towers with Radar,0,9,54,0,63,0,0,312,1,313,0,9,366,1,376,336,0,336,712
04/02/2023,CMA,CA,AWP,WE,Towers with Radar,0,15,72,0,87,0,0,240,0,240,0,15,312,0,327,226,0,226,553
04/03/2023,CMA,CA,AWP,WE,Towers with Radar,0,4,28,0,32,0,0,63,0,63,0,4,91,0,95,182,0,182,277
04/04/2023,CMA,CA,AWP,WE,Towers with Radar,0,2,44,0,46,0,0,179,0,179,0,2,223,0,225,328,0,328,553
04/05/2023,CMA,CA,AWP,WE,Towers with Radar,0,5,45,0,50,0,0,190,0,190,0,5,235,0,240,252,0,252,492
04/06/2023,CMA,CA,AWP,WE,Towers with Radar,0,9,49,0,58,0,0,214,0,214,0,9,263,0,272,274,0,274,546
04/07/2023,CMA,CA,AWP,WE,Towers with Radar,0,11,52,1,64,0,0,283,1,284,0,11,335,2,348,308,0,308,656
04/08/2023,CMA,CA,AWP,WE,Towers with Radar,0,10,48,0,58,0,0,218,0,218,0,10,266,0,276,328,0,328,604
04/09/2023,CMA,CA,AWP,WE,Towers with Radar,0,19,50,0,69,0,10,108,0,118,0,29,158,0,187,152,0,152,339
04/10/2023,CMA,CA,AWP,WE,Towers with Radar,0,2,36,0,38,0,0,80,0,80,0,2,116,0,118,161,0,161,279
04/11/2023,CMA,CA,AWP,WE,Towers with Radar,0,10,59,1,70,0,0,62,0,62,0,10,121,1,132,266,0,266,398
04/12/2023,CMA,CA,AWP,WE,Towers with Radar,0,9,97,0,106,0,0,7,0,7,0,9,104,0,113,138,0,138,251
04/13/2023,CMA,CA,AWP,WE,Towers with Radar,0,2,104,2,108,0,0,85,1,86,0,2,189,3,194,318,0,318,512
04/14/2023,CMA,CA,AWP,WE,Towers with Radar,0,14,83,3,100,0,0,187,1,188,0,14,270,4,288,385,2,387,675
04/15/2023,CMA,CA,AWP,WE,Towers with Radar,0,12,55,1,68,0,0,288,1,289,0,12,343,2,357,268,2,270,627
04/16/2023,CMA,CA,AWP,WE,Towers with Radar,0,15,71,0,86,0,0,137,0,137,0,15,208,0,223,226,0,226,449
04/17/2023,CMA,CA,AWP,WE,Towers with Radar,0,5,102,0,107,0,0,23,0,23,0,5,125,0,130,276,0,276,406
04/18/2023,CMA,CA,AWP,WE,Towers with Radar,0,6,47,0,53,0,0,114,0,114,0,6,161,0,167,288,0,288,455
04/19/2023,CMA,CA,AWP,WE,Towers with Radar,0,8,54,1,63,0,0,172,0,172,0,8,226,1,235,388,0,388,623
04/20/2023,CMA,CA,AWP,WE,Towers with Radar,0,7,75,3,85,0,0,223,0,223,0,7,298,3,308,290,0,290,598
04/21/2023,CMA,CA,AWP,WE,Towers with Radar,0,6,31,0,37,0,0,263,0,263,0,6,294,0,300,272,0,272,572
04/22/2023,CMA,CA,AWP,WE,Towers with Radar,0,6,29,0,35,0,0,260,0,260,0,6,289,0,295,272,0,272,567
04/23/2023,CMA,CA,AWP,WE,Towers with Radar,0,11,58,0,69,0,0,182,0,182,0,11,240,0,251,187,0,187,438
04/24/2023,CMA,CA,AWP,WE,Towers with Radar,0,5,78,1,84,0,0,71,0,71,0,5,149,1,155,155,0,155,310
04/25/2023,CMA,CA,AWP,WE,Towers with Radar,0,12,79,0,91,0,0,90,0,90,0,12,169,0,181,302,0,302,483
04/26/2023,CMA,CA,AWP,WE,Towers with Radar,0,8,100,1,109,0,0,95,1,96,0,8,195,2,205,74,0,74,279
04/27/2023,CMA,CA,AWP,WE,Towers with Radar,0,15,73,0,88,0,0,110,0,110,0,15,183,0,198,236,0,236,434
04/28/2023,CMA,CA,AWP,WE,Towers with Radar,0,16,100,2,118,0,0,108,0,108,0,16,208,2,226,208,2,210,436
04/29/2023,CMA,CA,AWP,WE,Towers with Radar,0,8,83,0,91,0,0,110,0,110,0,8,193,0,201,224,0,224,425
04/30/2023,CMA,CA,AWP,WE,Towers with Radar,0,3,101,1,105,0,0,21,0,21,0,3,122,1,126,155,0,155,281
05/01/2023,CMA,CA,AWP,WE,Towers with Radar,0,3,66,0,69,0,0,111,0,111,0,3,177,0,180,357,1,358,538
05/02/2023,CMA,CA,AWP,WE,Towers with Radar,0,10,46,1,57,0,0,99,0,99,0,10,145,1,156,418,0,418,574
05/03/2023,CMA,CA,AWP,WE,Towers with Radar,0,14,60,0,74,0,0,99,0,99,0,14,159,0,173,310,0,310,483
05/04/2023,CMA,CA,AWP,WE,Towers with Radar,0,16,36,0,52,0,0,69,2,71,0,16,105,2,123,304,10,314,437
05/05/2023,CMA,CA,AWP,WE,Towers with Radar,0,9,64,0,73,0,0,169,0,169,0,9,233,0,242,418,0,418,660
05/06/2023,CMA,CA,AWP,WE,Towers with Radar,0,2,44,0,46,0,0,300,0,300,0,2,344,0,346,331,0,331,677
05/07/2023,CMA,CA,AWP,WE,Towers with Radar,0,8,64,0,72,0,0,257,0,257,0,8,321,0,329,186,0,186,515
05/08/2023,CMA,CA,AWP,WE,Towers with Radar,0,10,71,1,82,0,0,200,0,200,0,10,271,1,282,274,0,274,556
05/09/2023,CMA,CA,AWP,WE,Towers with Radar,0,9,89,0,98,0,0,81,1,82,0,9,170,1,180,378,0,378,558
05/10/2023,CMA,CA,AWP,WE,Towers with Radar,0,4,70,2,76,0,0,197,1,198,0,4,267,3,274,299,0,299,573
05/11/2023,CMA,CA,AWP,WE,Towers with Radar,0,9,55,0,64,0,0,196,1,197,0,9,251,1,261,306,0,306,567
05/12/2023,CMA,CA,AWP,WE,Towers with Radar,0,12,47,0,59,0,0,247,3,250,0,12,294,3,309,270,0,270,579
05/13/2023,CMA,CA,AWP,WE,Towers with Radar,0,4,88,0,92,0,0,154,2,156,0,4,242,2,248,124,0,124,372
05/14/2023,CMA,CA,AWP,WE,Towers with Radar,0,16,77,0,93,0,2,94,0,96,0,18,171,0,189,158,0,158,347
05/15/2023,CMA,CA,AWP,WE,Towers with Radar,0,6,84,4,94,0,0,30,0,30,0,6,114,4,124,100,2,102,226
05/16/2023,CMA,CA,AWP,WE,Towers with Radar,0,5,73,0,78,0,0,70,0,70,0,5,143,0,148,140,0,140,288
05/17/2023,CMA,CA,AWP,WE,Towers with Radar,0,11,100,0,111,0,0,54,0,54,0,11,154,0,165,130,0,130,295
05/18/2023,CMA,CA,AWP,WE,Towers with Radar,0,11,134,0,145,0,0,1,0,1,0,11,135,0,146,0,0,0,146
05/19/2023,CMA,CA,AWP,WE,Towers with Radar,0,9,121,0,130,0,0,29,0,29,0,9,150,0,159,372,0,372,531
05/20/2023,CMA,CA,AWP,WE,Towers with Radar,0,6,91,1,98,0,0,61,0,61,0,6,152,1,159,186,0,186,345
05/21/2023,CMA,CA,AWP,WE,Towers with Radar,0,5,100,0,105,0,0,35,0,35,0,5,135,0,140,70,0,70,210
05/22/2023,CMA,CA,AWP,WE,Towers with Radar,0,5,92,0,97,0,0,48,1,49,0,5,140,1,146,188,0,188,334
05/23/2023,CMA,CA,AWP,WE,Towers with Radar,0,17,127,0,144,0,0,7,0,7,0,17,134,0,151,82,0,82,233
05/24/2023,CMA,CA,AWP,WE,Towers with Radar,0,9,104,7,120,0,0,137,1,138,0,9,241,8,258,522,0,522,780
05/25/2023,CMA,CA,AWP,WE,Towers with Radar,0,14,119,4,137,0,0,108,0,108,0,14,227,4,245,310,0,310,555
05/26/2023,CMA,CA,AWP,WE,Towers with Radar,0,10,115,2,127,0,0,138,0,138,0,10,253,2,265,409,0,409,674
05/27/2023,CMA,CA,AWP,WE,Towers with Radar,0,5,68,0,73,0,0,143,0,143,0,5,211,0,216,342,0,342,558
05/28/2023,CMA,CA,AWP,WE,Towers with Radar,0,10,112,0,122,0,0,28,0,28,0,10,140,0,150,190,0,190,340
05/29/2023,CMA,CA,AWP,WE,Towers with Radar,0,13,93,1,107,0,0,72,0,72,0,13,165,1,179,366,0,366,545
05/30/2023,CMA,CA,AWP,WE,Towers with Radar,0,5,86,1,92,0,0,71,0,71,0,5,157,1,163,403,0,403,566
05/31/2023,CMA,CA,AWP,WE,Towers with Radar,0,6,111,1,118,0,0,88,0,88,0,6,199,1,206,276,0,276,482
06/01/2023,CMA,CA,AWP,WE,Towers with Radar,0,10,117,0,127,0,0,70,1,71,0,10,187,1,198,350,0,350,548
06/02/2023,CMA,CA,AWP,WE,Towers with Radar,0,4,84,2,90,0,0,221,0,221,0,4,305,2,311,372,0,372,683
06/03/2023,CMA,CA,AWP,WE,Towers with Radar,0,4,46,1,51,0,2,322,2,326,0,6,368,3,377,323,0,323,700
06/04/2023,CMA,CA,AWP,WE,Towers with Radar,0,6,98,0,104,0,0,40,0,40,0,6,138,0,144,162,0,162,306
06/05/2023,CMA,CA,AWP,WE,Towers with Radar,0,2,127,2,131,0,0,40,0,40,0,2,167,2,171,432,0,432,603
06/06/2023,CMA,CA,AWP,WE,Towers with Radar,0,12,63,3,78,0,0,95,0,95,0,12,158,3,173,264,0,264,437
06/07/2023,CMA,CA,AWP,WE,Towers with Radar,0,4,96,5,105,0,0,137,1,138,0,4,233,6,243,400,0,400,643
06/08/2023,CMA,CA,AWP,WE,Towers with Radar,0,7,54,1,62,0,0,144,4,148,0,7,198,5,210,432,0,432,642
06/09/2023,CMA,CA,AWP,WE,Towers with Radar,0,1,111,3,115,0,0,46,2,48,0,1,157,5,163,434,0,434,597
06/10/2023,CMA,CA,AWP,WE,Towers with Radar,0,9,87,1,97,0,0,33,0,33,0,9,120,1,130,282,0,282,412
06/11/2023,CMA,CA,AWP,WE,Towers with Radar,0,12,71,1,84,0,0,42,0,42,0,12,113,1,126,264,0,264,390
06/12/2023,CMA,CA,AWP,WE,Towers with Radar,0,5,87,0,92,0,0,91,0,91,0,5,178,0,183,376,0,376,559
06/13/2023,CMA,CA,AWP,WE,Towers with Radar,0,6,69,1,76,0,0,148,2,150,0,6,217,3,226,368,0,368,594
06/14/2023,CMA,CA,AWP,WE,Towers with Radar,0,6,129,1,136,0,0,78,1,79,0,6,207,2,215,400,8,408,623
06/15/2023,CMA,CA,AWP,WE,Towers with Radar,0,5,94,0,99,0,0,49,0,49,0,5,143,0,148,322,0,322,470
06/16/2023,CMA,CA,AWP,WE,Towers with Radar,0,9,90,0,99,0,0,125,0,125,0,9,215,0,224,330,0,330,554
06/17/2023,CMA,CA,AWP,WE,Towers with Radar,0,5,43,2,50,0,0,289,0,289,0,5,332,2,339,298,0,298,637
06/18/2023,CMA,CA,AWP,WE,Towers with Radar,0,8,64,1,73,0,0,5,0,5,0,8,69,1,78,53,0,53,131
06/19/2023,CMA,CA,AWP,WE,Towers with Radar,0,10,80,0,90,0,0,117,0,117,0,10,197,0,207,228,0,228,435
06/20/2023,CMA,CA,AWP,WE,Towers with Radar,0,11,47,0,58,0,0,262,2,264,0,11,309,2,322,320,0,320,642
06/21/2023,CMA,CA,AWP,WE,Towers with Radar,0,4,45,1,50,0,0,277,0,277,0,4,322,1,327,406,0,406,733
06/22/2023,CMA,CA,AWP,WE,Towers with Radar,0,2,73,0,75,0,0,207,1,208,0,2,280,1,283,297,12,309,592
06/23/2023,CMA,CA,AWP,WE,Towers with Radar,0,6,59,1,66,0,0,221,0,221,0,6,280,1,287,315,0,315,602
06/24/2023,CMA,CA,AWP,WE,Towers with Radar,0,2,40,0,42,0,0,290,0,290,0,2,330,0,332,270,0,270,602
06/25/2023,CMA,CA,AWP,WE,Towers with Radar,0,6,52,0,58,0,1,226,1,228,0,7,278,1,286,208,0,208,494
06/26/2023,CMA,CA,AWP,WE,Towers with Radar,0,7,48,0,55,0,0,185,0,185,0,7,233,0,240,312,0,312,552
06/27/2023,CMA,CA,AWP,WE,Towers with Radar,0,7,61,0,68,0,0,200,1,201,0,7,261,1,269,272,0,272,541
06/28/2023,CMA,CA,AWP,WE,Towers with Radar,0,8,48,0,56,0,0,137,0,137,0,8,185,0,193,222,0,222,415
06/29/2023,CMA,CA,AWP,WE,Towers with Radar,0,8,60,1,69,0,0,219,3,222,0,8,279,4,291,274,0,274,565
06/30/2023,CMA,CA,AWP,WE,Towers with Radar,0,11,74,0,85,0,0,164,1,165,0,11,238,1,250,318,0,318,568
07/01/2023,CMA,CA,AWP,WE,Towers with Radar,0,12,63,1,76,0,0,204,1,205,0,12,267,2,281,228,0,228,509
07/02/2023,CMA,CA,AWP,WE,Towers with Radar,0,8,80,0,88,0,0,127,0,127,0,8,207,0,215,238,0,238,453
07/03/2023,CMA,CA,AWP,WE,Towers with Radar,0,3,67,0,70,0,0,145,0,145,0,3,212,0,215,196,0,196,411
07/04/2023,CMA,CA,AWP,WE,Towers with Radar,0,7,62,1,70,0,0,125,0,125,0,7,187,1,195,136,0,136,331
07/05/2023,CMA,CA,AWP,WE,Towers with Radar,0,8,76,2,86,0,0,147,1,148,0,8,223,3,234,254,0,254,488
07/06/2023,CMA,CA,AWP,WE,Towers with Radar,0,14,82,0,96,0,0,210,0,210,0,14,292,0,306,290,0,290,596
07/07/2023,CMA,CA,AWP,WE,Towers with Radar,0,6,97,1,104,0,0,211,0,211,0,6,308,1,315,356,1,357,672
07/08/2023,CMA,CA,AWP,WE,Towers with Radar,0,5,71,0,76,0,0,225,0,225,0,5,296,0,301,228,0,228,529
07/09/2023,CMA,CA,AWP,WE,Towers with Radar,0,11,62,4,77,0,0,174,0,174,0,11,236,4,251,298,0,298,549
07/10/2023,CMA,CA,AWP,WE,Towers with Radar,0,7,56,2,65,0,0,225,1,226,0,7,281,3,291,326,0,326,617
07/11/2023,CMA,CA,AWP,WE,Towers with Radar,0,8,58,0,66,0,0,218,1,219,0,8,276,1,285,294,0,294,579
07/12/2023,CMA,CA,AWP,WE,Towers with Radar,0,1,51,3,55,0,0,227,0,227,0,1,278,3,282,374,0,374,656
07/13/2023,CMA,CA,AWP,WE,Towers with Radar,0,15,66,0,81,0,0,240,0,240,0,15,306,0,321,352,0,352,673
07/14/2023,CMA,CA,AWP,WE,Towers with Radar,0,8,62,6,76,0,0,248,2,250,0,8,310,8,326,310,0,310,636
07/15/2023,CMA,CA,AWP,WE,Towers with Radar,0,6,48,1,55,0,0,257,1,258,0,6,305,2,313,276,0,276,589
07/16/2023,CMA,CA,AWP,WE,Towers with Radar,0,5,51,2,58,0,0,202,2,204,0,5,253,4,262,263,0,263,525
07/17/2023,CMA,CA,AWP,WE,Towers with Radar,0,5,57,2,64,0,0,209,0,209,0,5,266,2,273,296,0,296,569
07/18/2023,CMA,CA,AWP,WE,Towers with Radar,0,8,85,1,94,0,0,249,2,251,0,8,334,3,345,406,0,406,751
07/19/2023,CMA,CA,AWP,WE,Towers with Radar,0,2,73,0,75,0,0,243,0,243,0,2,316,0,318,296,0,296,614
07/20/2023,CMA,CA,AWP,WE,Towers with Radar,0,5,38,0,43,0,0,226,0,226,0,5,264,0,269,404,0,404,673
07/21/2023,CMA,CA,AWP,WE,Towers with Radar,0,1,28,2,31,0,0,162,0,162,0,1,190,2,193,234,0,234,427
07/22/2023,CMA,CA,AWP,WE,Towers with Radar,0,0,0,0,0,0,0,0,0,0,0,0,0,0,0,0,0,0,0
07/23/2023,CMA,CA,AWP,WE,Towers with Radar,0,5,60,6,71,0,0,180,0,180,0,5,240,6,251,204,0,204,455
07/24/2023,CMA,CA,AWP,WE,Towers with Radar,0,11,44,1,56,0,0,162,0,162,0,11,206,1,218,310,0,310,528
07/25/2023,CMA,CA,AWP,WE,Towers with Radar,0,4,68,1,73,0,0,156,0,156,0,4,224,1,229,322,0,322,551
07/26/2023,CMA,CA,AWP,WE,Towers with Radar,0,9,71,0,80,0,1,190,5,196,0,10,261,5,276,370,0,370,646
07/27/2023,CMA,CA,AWP,WE,Towers with Radar,1,7,58,0,66,0,5,231,0,236,1,12,289,0,302,398,0,398,700
07/28/2023,CMA,CA,AWP,WE,Towers with Radar,0,6,44,0,50,0,0,268,0,268,0,6,312,0,318,540,0,540,858
07/29/2023,CMA,CA,AWP,WE,Towers with Radar,0,5,41,0,46,0,2,175,0,177,0,7,216,0,223,310,0,310,533
07/30/2023,CMA,CA,AWP,WE,Towers with Radar,0,0,85,0,85,0,1,126,1,128,0,1,211,1,213,210,0,210,423
07/31/2023,CMA,CA,AWP,WE,Towers with Radar,0,9,66,0,75,0,1,179,0,180,0,10,245,0,255,304,0,304,559
08/01/2023,CMA,CA,AWP,WE,Towers with Radar,0,12,74,0,86,0,0,188,0,188,0,12,262,0,274,348,0,348,622
08/02/2023,CMA,CA,AWP,WE,Towers with Radar,0,7,53,1,61,0,0,193,0,193,0,7,246,1,254,394,0,394,648
08/03/2023,CMA,CA,AWP,WE,Towers with Radar,0,6,62,0,68,0,0,244,0,244,0,6,306,0,312,236,0,236,548
08/04/2023,CMA,CA,AWP,WE,Towers with Radar,0,5,43,1,49,0,0,259,1,260,0,5,302,2,309,329,0,329,638
08/05/2023,CMA,CA,AWP,WE,Towers with Radar,0,9,53,0,62,0,0,259,0,259,0,9,312,0,321,258,0,258,579
08/06/2023,CMA,CA,AWP,WE,Towers with Radar,0,11,57,0,68,0,2,224,0,226,0,13,281,0,294,278,0,278,572
08/07/2023,CMA,CA,AWP,WE,Towers with Radar,0,6,51,3,60,0,1,152,0,153,0,7,203,3,213,228,0,228,441
08/08/2023,CMA,CA,AWP,WE,Towers with Radar,0,11,65,1,77,0,0,200,0,200,0,11,265,1,277,292,0,292,569
08/09/2023,CMA,CA,AWP,WE,Towers with Radar,0,6,45,0,51,0,0,90,0,90,0,6,135,0,141,204,0,204,345
08/10/2023,CMA,CA,AWP,WE,Towers with Radar,0,5,59,2,66,0,0,98,1,99,0,5,157,3,165,364,0,364,529
08/11/2023,CMA,CA,AWP,WE,Towers with Radar,0,5,95,2,102,0,0,111,0,111,0,5,206,2,213,336,0,336,549
08/12/2023,CMA,CA,AWP,WE,Towers with Radar,0,10,63,0,73,0,0,190,1,191,0,10,253,1,264,226,0,226,490
08/13/2023,CMA,CA,AWP,WE,Towers with Radar,0,6,72,1,79,0,0,205,0,205,0,6,277,1,284,124,0,124,408
08/14/2023,CMA,CA,AWP,WE,Towers with Radar,0,7,85,0,92,0,0,101,2,103,0,7,186,2,195,120,8,128,323
08/15/2023,CMA,CA,AWP,WE,Towers with Radar,0,7,78,3,88,0,0,124,3,127,0,7,202,6,215,272,0,272,487
08/16/2023,CMA,CA,AWP,WE,Towers with Radar,0,10,65,1,76,0,0,149,0,149,0,10,214,1,225,312,0,312,537
08/17/2023,CMA,CA,AWP,WE,Towers with Radar,0,6,74,1,81,0,0,122,1,123,0,6,196,2,204,188,0,188,392
08/18/2023,CMA,CA,AWP,WE,Towers with Radar,0,11,52,1,64,0,14,112,1,127,0,25,164,2,191,136,0,136,327
08/19/2023,CMA,CA,AWP,WE,Towers with Radar,0,4,27,0,31,0,0,92,0,92,0,4,119,0,123,98,0,98,221
08/20/2023,CMA,CA,AWP,WE,Towers with Radar,0,0,8,3,11,0,0,14,0,14,0,0,22,3,25,0,0,0,25
08/21/2023,CMA,CA,AWP,WE,Towers with Radar,0,4,47,0,51,0,0,69,0,69,0,4,116,0,120,208,0,208,328
08/22/2023,CMA,CA,AWP,WE,Towers with Radar,0,6,46,0,52,0,0,243,0,243,0,6,289,0,295,424,0,424,719
08/23/2023,CMA,CA,AWP,WE,Towers with Radar,0,2,61,0,63,0,0,206,1,207,0,2,267,1,270,210,0,210,480
08/24/2023,CMA,CA,AWP,WE,Towers with Radar,0,8,82,0,90,0,0,120,0,120,0,8,202,0,210,158,0,158,368
08/25/2023,CMA,CA,AWP,WE,Towers with Radar,0,7,45,0,52,0,32,162,0,194,0,39,207,0,246,250,0,250,496
08/26/2023,CMA,CA,AWP,WE,Towers with Radar,0,9,54,0,63,0,1,282,1,284,0,10,336,1,347,250,0,250,597
08/27/2023,CMA,CA,AWP,WE,Towers with Radar,0,9,62,0,71,0,0,215,0,215,0,9,277,0,286,362,0,362,648
08/28/2023,CMA,CA,AWP,WE,Towers with Radar,0,2,37,0,39,0,0,150,0,150,0,2,187,0,189,210,0,210,399
08/29/2023,CMA,CA,AWP,WE,Towers with Radar,0,9,55,1,65,0,0,198,2,200,0,9,253,3,265,222,0,222,487
08/30/2023,CMA,CA,AWP,WE,Towers with Radar,0,6,60,0,66,0,0,159,0,159,0,6,219,0,225,321,4,325,550
08/31/2023,CMA,CA,AWP,WE,Towers with Radar,0,24,76,0,100,0,1,150,0,151,0,25,226,0,251,122,0,122,373
