01/01/2020,CMH,OH,AGL,CE,Combined TRACON& Tower with Radar,175,56,17,0,248,0,2,7,0,9,175,58,24,0,257,0,0,0,257
01/02/2020,CMH,OH,AGL,CE,Combined TRACON& Tower with Radar,246,63,30,0,339,0,1,4,0,5,246,64,34,0,344,0,0,0,344
01/03/2020,CMH,OH,AGL,CE,Combined TRACON& Tower with Radar,248,76,13,0,337,0,0,0,0,0,248,76,13,0,337,0,0,0,337
01/04/2020,CMH,OH,AGL,CE,Combined TRACON& Tower with Radar,193,66,12,0,271,0,0,0,0,0,193,66,12,0,271,0,0,0,271
01/05/2020,CMH,OH,AGL,CE,Combined TRACON& Tower with Radar,240,62,37,0,339,0,1,4,0,5,240,63,41,0,344,0,0,0,344
01/06/2020,CMH,OH,AGL,CE,Combined TRACON& Tower with Radar,246,75,26,0,347,0,1,19,0,20,246,76,45,0,367,0,0,0,367
01/07/2020,CMH,OH,AGL,CE,Combined TRACON& Tower with Radar,238,62,46,0,346,0,6,29,2,37,238,68,75,2,383,0,0,0,383
01/08/2020,CMH,OH,AGL,CE,Combined TRACON& Tower with Radar,227,74,39,4,344,0,4,2,2,8,227,78,41,6,352,0,0,0,352
01/09/2020,CMH,OH,AGL,CE,Combined TRACON& Tower with Radar,244,71,44,0,359,0,3,19,1,23,244,74,63,1,382,0,0,0,382
01/10/2020,CMH,OH,AGL,CE,Combined TRACON& Tower with Radar,239,68,34,5,346,0,2,2,2,6,239,70,36,7,352,0,0,0,352
01/11/2020,CMH,OH,AGL,CE,Combined TRACON& Tower with Radar,164,41,8,0,213,0,1,0,0,1,164,42,8,0,214,0,0,0,214
01/12/2020,CMH,OH,AGL,CE,Combined TRACON& Tower with Radar,226,77,27,2,332,0,0,10,0,10,226,77,37,2,342,0,0,0,342
01/13/2020,CMH,OH,AGL,CE,Combined TRACON& Tower with Radar,234,65,30,0,329,0,2,9,0,11,234,67,39,0,340,0,0,0,340
01/14/2020,CMH,OH,AGL,CE,Combined TRACON& Tower with Radar,232,69,55,0,356,0,1,0,0,1,232,70,55,0,357,0,0,0,357
01/15/2020,CMH,OH,AGL,CE,Combined TRACON& Tower with Radar,233,74,46,0,353,0,1,0,0,1,233,75,46,0,354,0,0,0,354
01/16/2020,CMH,OH,AGL,CE,Combined TRACON& Tower with Radar,239,55,72,0,366,0,0,3,0,3,239,55,75,0,369,0,0,0,369
01/17/2020,CMH,OH,AGL,CE,Combined TRACON& Tower with Radar,232,59,47,0,338,0,1,6,0,7,232,60,53,0,345,0,0,0,345
01/18/2020,CMH,OH,AGL,CE,Combined TRACON& Tower with Radar,176,51,14,0,241,0,1,0,0,1,176,52,14,0,242,0,0,0,242
01/19/2020,CMH,OH,AGL,CE,Combined TRACON& Tower with Radar,205,55,16,0,276,0,1,1,0,2,205,56,17,0,278,0,0,0,278
01/20/2020,CMH,OH,AGL,CE,Combined TRACON& Tower with Radar,242,54,30,0,326,0,5,5,0,10,242,59,35,0,336,0,0,0,336
01/21/2020,CMH,OH,AGL,CE,Combined TRACON& Tower with Radar,226,78,69,0,373,0,6,15,0,21,226,84,84,0,394,0,0,0,394
01/22/2020,CMH,OH,AGL,CE,Combined TRACON& Tower with Radar,230,76,53,1,360,0,2,7,0,9,230,78,60,1,369,0,0,0,369
01/23/2020,CMH,OH,AGL,CE,Combined TRACON& Tower with Radar,239,81,50,0,370,0,1,10,0,11,239,82,60,0,381,0,0,0,381
01/24/2020,CMH,OH,AGL,CE,Combined TRACON& Tower with Radar,246,77,30,0,353,0,2,0,0,2,246,79,30,0,355,0,0,0,355
01/25/2020,CMH,OH,AGL,CE,Combined TRACON& Tower with Radar,178,49,18,0,245,0,1,1,0,2,178,50,19,0,247,0,0,0,247
01/26/2020,CMH,OH,AGL,CE,Combined TRACON& Tower with Radar,224,71,11,0,306,0,0,0,0,0,224,71,11,0,306,0,0,0,306
01/27/2020,CMH,OH,AGL,CE,Combined TRACON& Tower with Radar,237,65,32,0,334,0,0,5,0,5,237,65,37,0,339,0,0,0,339
01/28/2020,CMH,OH,AGL,CE,Combined TRACON& Tower with Radar,230,74,55,2,361,0,1,0,0,1,230,75,55,2,362,0,0,0,362
01/29/2020,CMH,OH,AGL,CE,Combined TRACON& Tower with Radar,227,89,54,1,371,0,2,2,0,4,227,91,56,1,375,0,0,0,375
01/30/2020,CMH,OH,AGL,CE,Combined TRACON& Tower with Radar,242,74,58,4,378,0,2,2,0,4,242,76,60,4,382,0,0,0,382
01/31/2020,CMH,OH,AGL,CE,Combined TRACON& Tower with Radar,233,84,41,2,360,0,2,2,0,4,233,86,43,2,364,0,0,0,364
02/01/2020,CMH,OH,AGL,CE,Combined TRACON& Tower with Radar,175,58,5,0,238,0,0,0,0,0,175,58,5,0,238,0,0,0,238
02/02/2020,CMH,OH,AGL,CE,Combined TRACON& Tower with Radar,212,57,18,0,287,0,2,3,2,7,212,59,21,2,294,0,0,0,294
02/03/2020,CMH,OH,AGL,CE,Combined TRACON& Tower with Radar,237,56,36,0,329,0,2,8,0,10,237,58,44,0,339,0,0,0,339
02/04/2020,CMH,OH,AGL,CE,Combined TRACON& Tower with Radar,227,86,56,0,369,0,2,1,0,3,227,88,57,0,372,0,0,0,372
02/05/2020,CMH,OH,AGL,CE,Combined TRACON& Tower with Radar,231,69,48,0,348,0,2,1,0,3,231,71,49,0,351,0,0,0,351
02/06/2020,CMH,OH,AGL,CE,Combined TRACON& Tower with Radar,227,77,56,0,360,0,0,0,0,0,227,77,56,0,360,0,0,0,360
02/07/2020,CMH,OH,AGL,CE,Combined TRACON& Tower with Radar,242,87,40,0,369,0,0,1,1,2,242,87,41,1,371,0,0,0,371
02/08/2020,CMH,OH,AGL,CE,Combined TRACON& Tower with Radar,190,61,13,0,264,0,2,0,0,2,190,63,13,0,266,0,0,0,266
02/09/2020,CMH,OH,AGL,CE,Combined TRACON& Tower with Radar,214,61,26,0,301,0,0,3,1,4,214,61,29,1,305,0,0,0,305
02/10/2020,CMH,OH,AGL,CE,Combined TRACON& Tower with Radar,235,80,48,0,363,0,0,0,0,0,235,80,48,0,363,0,0,0,363
02/11/2020,CMH,OH,AGL,CE,Combined TRACON& Tower with Radar,232,76,51,0,359,0,4,6,0,10,232,80,57,0,369,0,0,0,369
02/12/2020,CMH,OH,AGL,CE,Combined TRACON& Tower with Radar,221,75,44,0,340,0,2,6,0,8,221,77,50,0,348,0,0,0,348
02/13/2020,CMH,OH,AGL,CE,Combined TRACON& Tower with Radar,237,93,52,1,383,0,0,0,4,4,237,93,52,5,387,0,0,0,387
02/14/2020,CMH,OH,AGL,CE,Combined TRACON& Tower with Radar,251,76,37,1,365,0,2,4,1,7,251,78,41,2,372,0,0,0,372
02/15/2020,CMH,OH,AGL,CE,Combined TRACON& Tower with Radar,175,50,10,0,235,0,1,5,0,6,175,51,15,0,241,0,0,0,241
02/16/2020,CMH,OH,AGL,CE,Combined TRACON& Tower with Radar,207,62,36,0,305,0,2,12,1,15,207,64,48,1,320,0,0,0,320
02/17/2020,CMH,OH,AGL,CE,Combined TRACON& Tower with Radar,240,70,55,0,365,0,0,6,2,8,240,70,61,2,373,0,0,0,373
02/18/2020,CMH,OH,AGL,CE,Combined TRACON& Tower with Radar,240,69,49,0,358,0,1,0,0,1,240,70,49,0,359,0,0,0,359
02/19/2020,CMH,OH,AGL,CE,Combined TRACON& Tower with Radar,243,83,63,0,389,0,2,11,0,13,243,85,74,0,402,0,0,0,402
02/20/2020,CMH,OH,AGL,CE,Combined TRACON& Tower with Radar,243,84,51,0,378,0,2,12,0,14,243,86,63,0,392,0,0,0,392
02/21/2020,CMH,OH,AGL,CE,Combined TRACON& Tower with Radar,247,75,57,1,380,0,5,6,3,14,247,80,63,4,394,0,0,0,394
02/22/2020,CMH,OH,AGL,CE,Combined TRACON& Tower with Radar,169,50,19,2,240,0,2,3,0,5,169,52,22,2,245,0,0,0,245
02/23/2020,CMH,OH,AGL,CE,Combined TRACON& Tower with Radar,228,59,31,1,319,0,0,8,0,8,228,59,39,1,327,0,0,0,327
02/24/2020,CMH,OH,AGL,CE,Combined TRACON& Tower with Radar,244,57,40,0,341,0,0,2,0,2,244,57,42,0,343,0,0,0,343
02/25/2020,CMH,OH,AGL,CE,Combined TRACON& Tower with Radar,234,85,67,0,386,0,0,0,0,0,234,85,67,0,386,0,0,0,386
02/26/2020,CMH,OH,AGL,CE,Combined TRACON& Tower with Radar,237,89,63,0,389,0,0,0,0,0,237,89,63,0,389,0,0,0,389
02/27/2020,CMH,OH,AGL,CE,Combined TRACON& Tower with Radar,247,90,75,0,412,0,0,1,0,1,247,90,76,0,413,0,0,0,413
02/28/2020,CMH,OH,AGL,CE,Combined TRACON& Tower with Radar,246,90,49,0,385,0,3,4,0,7,246,93,53,0,392,0,0,0,392
02/29/2020,CMH,OH,AGL,CE,Combined TRACON& Tower with Radar,175,60,11,0,246,0,3,12,1,16,175,63,23,1,262,0,0,0,262
03/01/2020,CMH,OH,AGL,CE,Combined TRACON& Tower with Radar,232,63,38,0,333,0,2,7,0,9,232,65,45,0,342,0,0,0,342
03/02/2020,CMH,OH,AGL,CE,Combined TRACON& Tower with Radar,245,67,34,0,346,0,0,0,0,0,245,67,34,0,346,0,0,0,346
03/03/2020,CMH,OH,AGL,CE,Combined TRACON& Tower with Radar,240,78,49,0,367,0,0,3,0,3,240,78,52,0,370,0,0,0,370
03/04/2020,CMH,OH,AGL,CE,Combined TRACON& Tower with Radar,242,101,45,0,388,0,0,7,0,7,242,101,52,0,395,0,0,0,395
03/05/2020,CMH,OH,AGL,CE,Combined TRACON& Tower with Radar,245,64,72,0,381,0,2,12,0,14,245,66,84,0,395,0,0,0,395
03/06/2020,CMH,OH,AGL,CE,Combined TRACON& Tower with Radar,241,61,59,6,367,0,1,0,0,1,241,62,59,6,368,0,0,0,368
03/07/2020,CMH,OH,AGL,CE,Combined TRACON& Tower with Radar,213,57,27,0,297,0,2,15,0,17,213,59,42,0,314,0,0,0,314
03/08/2020,CMH,OH,AGL,CE,Combined TRACON& Tower with Radar,233,61,32,0,326,0,2,6,0,8,233,63,38,0,334,0,0,0,334
03/09/2020,CMH,OH,AGL,CE,Combined TRACON& Tower with Radar,255,67,27,0,349,0,2,12,1,15,255,69,39,1,364,0,0,0,364
03/10/2020,CMH,OH,AGL,CE,Combined TRACON& Tower with Radar,247,77,44,1,369,0,2,0,3,5,247,79,44,4,374,0,0,0,374
03/11/2020,CMH,OH,AGL,CE,Combined TRACON& Tower with Radar,244,88,46,1,379,0,0,0,0,0,244,88,46,1,379,0,0,0,379
03/12/2020,CMH,OH,AGL,CE,Combined TRACON& Tower with Radar,254,69,44,2,369,0,1,5,0,6,254,70,49,2,375,0,0,0,375
03/13/2020,CMH,OH,AGL,CE,Combined TRACON& Tower with Radar,247,80,38,0,365,0,3,2,1,6,247,83,40,1,371,0,0,0,371
03/14/2020,CMH,OH,AGL,CE,Combined TRACON& Tower with Radar,230,50,14,0,294,0,1,4,0,5,230,51,18,0,299,0,0,0,299
03/15/2020,CMH,OH,AGL,CE,Combined TRACON& Tower with Radar,244,62,21,1,328,0,1,2,0,3,244,63,23,1,331,0,0,0,331
03/16/2020,CMH,OH,AGL,CE,Combined TRACON& Tower with Radar,248,79,26,0,353,0,3,0,0,3,248,82,26,0,356,0,0,0,356
03/17/2020,CMH,OH,AGL,CE,Combined TRACON& Tower with Radar,243,64,20,0,327,0,1,2,0,3,243,65,22,0,330,0,0,0,330
03/18/2020,CMH,OH,AGL,CE,Combined TRACON& Tower with Radar,235,76,15,0,326,0,2,0,0,2,235,78,15,0,328,0,0,0,328
03/19/2020,CMH,OH,AGL,CE,Combined TRACON& Tower with Radar,221,71,16,0,308,0,0,0,0,0,221,71,16,0,308,0,0,0,308
03/20/2020,CMH,OH,AGL,CE,Combined TRACON& Tower with Radar,212,59,13,0,284,0,1,0,0,1,212,60,13,0,285,0,0,0,285
03/21/2020,CMH,OH,AGL,CE,Combined TRACON& Tower with Radar,193,37,20,0,250,0,1,4,0,5,193,38,24,0,255,0,0,0,255
03/22/2020,CMH,OH,AGL,CE,Combined TRACON& Tower with Radar,202,42,10,0,254,0,0,7,0,7,202,42,17,0,261,0,0,0,261
03/23/2020,CMH,OH,AGL,CE,Combined TRACON& Tower with Radar,177,40,11,0,228,0,0,2,0,2,177,40,13,0,230,0,0,0,230
03/24/2020,CMH,OH,AGL,CE,Combined TRACON& Tower with Radar,164,29,10,0,203,0,3,12,0,15,164,32,22,0,218,0,0,0,218
03/25/2020,CMH,OH,AGL,CE,Combined TRACON& Tower with Radar,128,33,10,0,171,0,1,10,2,13,128,34,20,2,184,0,0,0,184
03/26/2020,CMH,OH,AGL,CE,Combined TRACON& Tower with Radar,129,26,15,0,170,0,2,9,0,11,129,28,24,0,181,0,0,0,181
03/27/2020,CMH,OH,AGL,CE,Combined TRACON& Tower with Radar,136,32,6,0,174,0,1,2,0,3,136,33,8,0,177,0,0,0,177
03/28/2020,CMH,OH,AGL,CE,Combined TRACON& Tower with Radar,124,22,10,0,156,0,0,1,0,1,124,22,11,0,157,0,0,0,157
03/29/2020,CMH,OH,AGL,CE,Combined TRACON& Tower with Radar,133,29,5,0,167,0,0,3,0,3,133,29,8,0,170,0,0,0,170
03/30/2020,CMH,OH,AGL,CE,Combined TRACON& Tower with Radar,125,30,7,0,162,0,0,3,0,3,125,30,10,0,165,0,0,0,165
03/31/2020,CMH,OH,AGL,CE,Combined TRACON& Tower with Radar,126,15,11,3,155,0,2,2,0,4,126,17,13,3,159,0,0,0,159
04/01/2020,CMH,OH,AGL,CE,Combined TRACON& Tower with Radar,120,21,18,0,159,0,1,2,0,3,120,22,20,0,162,0,0,0,162
04/02/2020,CMH,OH,AGL,CE,Combined TRACON& Tower with Radar,112,17,22,0,151,0,2,12,0,14,112,19,34,0,165,0,0,0,165
04/03/2020,CMH,OH,AGL,CE,Combined TRACON& Tower with Radar,112,18,18,0,148,0,4,10,0,14,112,22,28,0,162,0,0,0,162
04/04/2020,CMH,OH,AGL,CE,Combined TRACON& Tower with Radar,103,9,5,0,117,0,2,19,0,21,103,11,24,0,138,0,0,0,138
04/05/2020,CMH,OH,AGL,CE,Combined TRACON& Tower with Radar,103,15,9,0,127,0,0,3,1,4,103,15,12,1,131,0,0,0,131
04/06/2020,CMH,OH,AGL,CE,Combined TRACON& Tower with Radar,111,14,10,0,135,0,4,16,0,20,111,18,26,0,155,0,0,0,155
04/07/2020,CMH,OH,AGL,CE,Combined TRACON& Tower with Radar,88,12,5,0,105,0,2,12,0,14,88,14,17,0,119,0,0,0,119
04/08/2020,CMH,OH,AGL,CE,Combined TRACON& Tower with Radar,100,13,18,0,131,0,2,7,0,9,100,15,25,0,140,0,0,0,140
04/09/2020,CMH,OH,AGL,CE,Combined TRACON& Tower with Radar,96,16,12,0,124,0,2,1,0,3,96,18,13,0,127,0,0,0,127
04/10/2020,CMH,OH,AGL,CE,Combined TRACON& Tower with Radar,93,12,13,0,118,0,4,3,0,7,93,16,16,0,125,0,0,0,125
04/11/2020,CMH,OH,AGL,CE,Combined TRACON& Tower with Radar,87,6,7,0,100,0,2,11,2,15,87,8,18,2,115,0,0,0,115
04/12/2020,CMH,OH,AGL,CE,Combined TRACON& Tower with Radar,90,7,7,0,104,0,0,0,0,0,90,7,7,0,104,0,0,0,104
04/13/2020,CMH,OH,AGL,CE,Combined TRACON& Tower with Radar,86,11,1,0,98,0,0,0,0,0,86,11,1,0,98,0,0,0,98
04/14/2020,CMH,OH,AGL,CE,Combined TRACON& Tower with Radar,68,12,7,1,88,0,8,2,0,10,68,20,9,1,98,0,0,0,98
04/15/2020,CMH,OH,AGL,CE,Combined TRACON& Tower with Radar,74,14,12,1,101,0,2,1,0,3,74,16,13,1,104,0,0,0,104
04/16/2020,CMH,OH,AGL,CE,Combined TRACON& Tower with Radar,63,17,13,0,93,0,2,8,0,10,63,19,21,0,103,0,0,0,103
04/17/2020,CMH,OH,AGL,CE,Combined TRACON& Tower with Radar,54,14,9,0,77,0,2,0,0,2,54,16,9,0,79,0,0,0,79
04/18/2020,CMH,OH,AGL,CE,Combined TRACON& Tower with Radar,58,5,8,8,79,0,0,7,0,7,58,5,15,8,86,0,0,0,86
04/19/2020,CMH,OH,AGL,CE,Combined TRACON& Tower with Radar,62,8,6,0,76,0,0,6,1,7,62,8,12,1,83,0,0,0,83
04/20/2020,CMH,OH,AGL,CE,Combined TRACON& Tower with Radar,62,10,12,0,84,0,0,4,0,4,62,10,16,0,88,0,0,0,88
04/21/2020,CMH,OH,AGL,CE,Combined TRACON& Tower with Radar,62,17,8,0,87,0,0,3,0,3,62,17,11,0,90,0,0,0,90
04/22/2020,CMH,OH,AGL,CE,Combined TRACON& Tower with Radar,62,14,15,0,91,0,1,9,0,10,62,15,24,0,101,0,0,0,101
04/23/2020,CMH,OH,AGL,CE,Combined TRACON& Tower with Radar,63,13,11,0,87,0,2,0,0,2,63,15,11,0,89,0,0,0,89
04/24/2020,CMH,OH,AGL,CE,Combined TRACON& Tower with Radar,53,17,8,0,78,0,0,6,0,6,53,17,14,0,84,0,0,0,84
04/25/2020,CMH,OH,AGL,CE,Combined TRACON& Tower with Radar,53,9,7,0,69,0,3,4,0,7,53,12,11,0,76,0,0,0,76
04/26/2020,CMH,OH,AGL,CE,Combined TRACON& Tower with Radar,69,9,2,0,80,0,1,1,1,3,69,10,3,1,83,0,0,0,83
04/27/2020,CMH,OH,AGL,CE,Combined TRACON& Tower with Radar,55,17,18,2,92,0,4,9,0,13,55,21,27,2,105,0,0,0,105
04/28/2020,CMH,OH,AGL,CE,Combined TRACON& Tower with Radar,67,13,25,0,105,0,1,5,2,8,67,14,30,2,113,0,0,0,113
04/29/2020,CMH,OH,AGL,CE,Combined TRACON& Tower with Radar,58,11,12,2,83,0,1,5,0,6,58,12,17,2,89,0,0,0,89
04/30/2020,CMH,OH,AGL,CE,Combined TRACON& Tower with Radar,60,13,10,0,83,0,1,0,0,1,60,14,10,0,84,0,0,0,84
05/01/2020,CMH,OH,AGL,CE,Combined TRACON& Tower with Radar,72,14,26,0,112,0,0,7,0,7,72,14,33,0,119,0,0,0,119
05/02/2020,CMH,OH,AGL,CE,Combined TRACON& Tower with Radar,52,4,16,0,72,0,1,5,0,6,52,5,21,0,78,0,0,0,78
05/03/2020,CMH,OH,AGL,CE,Combined TRACON& Tower with Radar,73,9,11,2,95,0,2,2,0,4,73,11,13,2,99,0,0,0,99
05/04/2020,CMH,OH,AGL,CE,Combined TRACON& Tower with Radar,68,18,12,0,98,0,0,3,0,3,68,18,15,0,101,0,0,0,101
05/05/2020,CMH,OH,AGL,CE,Combined TRACON& Tower with Radar,63,13,10,2,88,0,1,9,0,10,63,14,19,2,98,0,0,0,98
05/06/2020,CMH,OH,AGL,CE,Combined TRACON& Tower with Radar,56,13,27,1,97,0,1,12,0,13,56,14,39,1,110,0,0,0,110
05/07/2020,CMH,OH,AGL,CE,Combined TRACON& Tower with Radar,63,17,45,5,130,0,3,12,1,16,63,20,57,6,146,0,0,0,146
05/08/2020,CMH,OH,AGL,CE,Combined TRACON& Tower with Radar,64,14,16,0,94,0,2,2,0,4,64,16,18,0,98,0,0,0,98
05/09/2020,CMH,OH,AGL,CE,Combined TRACON& Tower with Radar,51,10,5,0,66,0,2,26,0,28,51,12,31,0,94,0,0,0,94
05/10/2020,CMH,OH,AGL,CE,Combined TRACON& Tower with Radar,66,19,7,0,92,0,0,6,0,6,66,19,13,0,98,0,0,0,98
05/11/2020,CMH,OH,AGL,CE,Combined TRACON& Tower with Radar,62,23,18,0,103,0,4,5,0,9,62,27,23,0,112,0,0,0,112
05/12/2020,CMH,OH,AGL,CE,Combined TRACON& Tower with Radar,56,16,32,9,113,0,2,16,1,19,56,18,48,10,132,0,0,0,132
05/13/2020,CMH,OH,AGL,CE,Combined TRACON& Tower with Radar,62,15,32,1,110,0,3,12,1,16,62,18,44,2,126,0,0,0,126
05/14/2020,CMH,OH,AGL,CE,Combined TRACON& Tower with Radar,65,19,17,0,101,0,2,8,0,10,65,21,25,0,111,0,0,0,111
05/15/2020,CMH,OH,AGL,CE,Combined TRACON& Tower with Radar,64,23,13,0,100,0,1,1,0,2,64,24,14,0,102,0,0,0,102
05/16/2020,CMH,OH,AGL,CE,Combined TRACON& Tower with Radar,54,12,14,0,80,0,0,11,2,13,54,12,25,2,93,0,0,0,93
05/17/2020,CMH,OH,AGL,CE,Combined TRACON& Tower with Radar,69,15,9,0,93,0,0,5,0,5,69,15,14,0,98,0,0,0,98
05/18/2020,CMH,OH,AGL,CE,Combined TRACON& Tower with Radar,63,23,9,0,95,0,0,0,0,0,63,23,9,0,95,0,0,0,95
05/19/2020,CMH,OH,AGL,CE,Combined TRACON& Tower with Radar,58,38,18,0,114,0,0,0,0,0,58,38,18,0,114,0,0,0,114
05/20/2020,CMH,OH,AGL,CE,Combined TRACON& Tower with Radar,66,41,33,0,140,0,1,6,0,7,66,42,39,0,147,0,0,0,147
05/21/2020,CMH,OH,AGL,CE,Combined TRACON& Tower with Radar,75,31,21,0,127,0,2,2,0,4,75,33,23,0,131,0,0,0,131
05/22/2020,CMH,OH,AGL,CE,Combined TRACON& Tower with Radar,66,35,21,0,122,0,0,6,0,6,66,35,27,0,128,0,0,0,128
05/23/2020,CMH,OH,AGL,CE,Combined TRACON& Tower with Radar,60,24,5,0,89,0,5,5,0,10,60,29,10,0,99,0,0,0,99
05/24/2020,CMH,OH,AGL,CE,Combined TRACON& Tower with Radar,68,8,5,0,81,0,1,10,0,11,68,9,15,0,92,0,0,0,92
05/25/2020,CMH,OH,AGL,CE,Combined TRACON& Tower with Radar,66,14,10,0,90,0,0,9,2,11,66,14,19,2,101,0,0,0,101
05/26/2020,CMH,OH,AGL,CE,Combined TRACON& Tower with Radar,60,22,36,0,118,0,0,18,0,18,60,22,54,0,136,0,0,0,136
05/27/2020,CMH,OH,AGL,CE,Combined TRACON& Tower with Radar,63,29,30,0,122,0,3,6,4,13,63,32,36,4,135,0,0,0,135
05/28/2020,CMH,OH,AGL,CE,Combined TRACON& Tower with Radar,68,29,46,0,143,0,2,4,0,6,68,31,50,0,149,0,0,0,149
05/29/2020,CMH,OH,AGL,CE,Combined TRACON& Tower with Radar,70,26,35,1,132,0,2,8,0,10,70,28,43,1,142,0,0,0,142
05/30/2020,CMH,OH,AGL,CE,Combined TRACON& Tower with Radar,60,19,41,2,122,0,2,8,1,11,60,21,49,3,133,0,0,0,133
05/31/2020,CMH,OH,AGL,CE,Combined TRACON& Tower with Radar,71,25,23,0,119,0,0,21,1,22,71,25,44,1,141,0,0,0,141
06/01/2020,CMH,OH,AGL,CE,Combined TRACON& Tower with Radar,66,27,22,0,115,0,2,14,2,18,66,29,36,2,133,0,0,0,133
06/02/2020,CMH,OH,AGL,CE,Combined TRACON& Tower with Radar,58,26,29,0,113,0,2,13,1,16,58,28,42,1,129,0,0,0,129
06/03/2020,CMH,OH,AGL,CE,Combined TRACON& Tower with Radar,68,31,29,0,128,0,1,7,0,8,68,32,36,0,136,0,0,0,136
06/04/2020,CMH,OH,AGL,CE,Combined TRACON& Tower with Radar,84,36,23,0,143,0,2,1,0,3,84,38,24,0,146,0,0,0,146
06/05/2020,CMH,OH,AGL,CE,Combined TRACON& Tower with Radar,72,31,37,0,140,0,0,5,2,7,72,31,42,2,147,0,0,0,147
06/06/2020,CMH,OH,AGL,CE,Combined TRACON& Tower with Radar,69,17,20,0,106,0,0,18,0,18,69,17,38,0,124,0,0,0,124
06/07/2020,CMH,OH,AGL,CE,Combined TRACON& Tower with Radar,85,17,15,0,117,0,0,15,0,15,85,17,30,0,132,0,0,0,132
06/08/2020,CMH,OH,AGL,CE,Combined TRACON& Tower with Radar,80,33,31,0,144,0,2,17,0,19,80,35,48,0,163,0,0,0,163
06/09/2020,CMH,OH,AGL,CE,Combined TRACON& Tower with Radar,76,28,26,5,135,0,5,7,1,13,76,33,33,6,148,0,0,0,148
06/10/2020,CMH,OH,AGL,CE,Combined TRACON& Tower with Radar,79,34,23,0,136,0,3,5,0,8,79,37,28,0,144,0,0,0,144
06/11/2020,CMH,OH,AGL,CE,Combined TRACON& Tower with Radar,85,53,37,6,181,0,3,13,0,16,85,56,50,6,197,0,0,0,197
06/12/2020,CMH,OH,AGL,CE,Combined TRACON& Tower with Radar,87,38,34,0,159,0,5,14,4,23,87,43,48,4,182,0,0,0,182
06/13/2020,CMH,OH,AGL,CE,Combined TRACON& Tower with Radar,77,31,15,1,124,0,1,9,3,13,77,32,24,4,137,0,0,0,137
06/14/2020,CMH,OH,AGL,CE,Combined TRACON& Tower with Radar,89,30,11,0,130,0,0,8,2,10,89,30,19,2,140,0,0,0,140
06/15/2020,CMH,OH,AGL,CE,Combined TRACON& Tower with Radar,83,29,41,2,155,0,0,2,0,2,83,29,43,2,157,0,0,0,157
06/16/2020,CMH,OH,AGL,CE,Combined TRACON& Tower with Radar,76,44,36,1,157,0,3,10,0,13,76,47,46,1,170,0,0,0,170
06/17/2020,CMH,OH,AGL,CE,Combined TRACON& Tower with Radar,76,28,32,0,136,0,7,8,0,15,76,35,40,0,151,0,0,0,151
06/18/2020,CMH,OH,AGL,CE,Combined TRACON& Tower with Radar,88,42,22,0,152,0,1,9,2,12,88,43,31,2,164,0,0,0,164
06/19/2020,CMH,OH,AGL,CE,Combined TRACON& Tower with Radar,86,59,41,0,186,0,0,5,0,5,86,59,46,0,191,0,0,0,191
06/20/2020,CMH,OH,AGL,CE,Combined TRACON& Tower with Radar,83,18,20,0,121,0,3,10,1,14,83,21,30,1,135,0,0,0,135
06/21/2020,CMH,OH,AGL,CE,Combined TRACON& Tower with Radar,98,22,14,0,134,0,2,11,0,13,98,24,25,0,147,0,0,0,147
06/22/2020,CMH,OH,AGL,CE,Combined TRACON& Tower with Radar,96,49,30,0,175,0,0,4,0,4,96,49,34,0,179,0,0,0,179
06/23/2020,CMH,OH,AGL,CE,Combined TRACON& Tower with Radar,88,38,20,8,154,0,2,7,0,9,88,40,27,8,163,0,0,0,163
06/24/2020,CMH,OH,AGL,CE,Combined TRACON& Tower with Radar,85,40,33,2,160,0,0,12,2,14,85,40,45,4,174,0,0,0,174
06/25/2020,CMH,OH,AGL,CE,Combined TRACON& Tower with Radar,101,37,31,0,169,0,2,28,2,32,101,39,59,2,201,0,0,0,201
06/26/2020,CMH,OH,AGL,CE,Combined TRACON& Tower with Radar,93,31,48,2,174,0,2,34,0,36,93,33,82,2,210,0,0,0,210
06/27/2020,CMH,OH,AGL,CE,Combined TRACON& Tower with Radar,95,19,14,0,128,0,2,2,0,4,95,21,16,0,132,0,0,0,132
06/28/2020,CMH,OH,AGL,CE,Combined TRACON& Tower with Radar,105,28,17,0,150,0,0,7,0,7,105,28,24,0,157,0,0,0,157
06/29/2020,CMH,OH,AGL,CE,Combined TRACON& Tower with Radar,100,39,36,0,175,0,2,14,0,16,100,41,50,0,191,0,0,0,191
06/30/2020,CMH,OH,AGL,CE,Combined TRACON& Tower with Radar,89,33,28,0,150,0,1,12,0,13,89,34,40,0,163,0,0,0,163
07/01/2020,CMH,OH,AGL,CE,Combined TRACON& Tower with Radar,97,37,52,0,186,0,5,19,0,24,97,42,71,0,210,0,0,0,210
07/02/2020,CMH,OH,AGL,CE,Combined TRACON& Tower with Radar,117,36,35,0,188,0,1,27,1,29,117,37,62,1,217,0,0,0,217
07/03/2020,CMH,OH,AGL,CE,Combined TRACON& Tower with Radar,121,24,28,0,173,0,2,7,0,9,121,26,35,0,182,0,0,0,182
07/04/2020,CMH,OH,AGL,CE,Combined TRACON& Tower with Radar,100,16,11,0,127,0,2,4,1,7,100,18,15,1,134,0,0,0,134
07/05/2020,CMH,OH,AGL,CE,Combined TRACON& Tower with Radar,124,35,28,0,187,0,2,16,0,18,124,37,44,0,205,0,0,0,205
07/06/2020,CMH,OH,AGL,CE,Combined TRACON& Tower with Radar,135,33,48,8,224,0,0,10,2,12,135,33,58,10,236,0,0,0,236
07/07/2020,CMH,OH,AGL,CE,Combined TRACON& Tower with Radar,141,37,37,0,215,0,4,4,0,8,141,41,41,0,223,0,0,0,223
07/08/2020,CMH,OH,AGL,CE,Combined TRACON& Tower with Radar,127,35,31,0,193,0,3,15,0,18,127,38,46,0,211,0,0,0,211
07/09/2020,CMH,OH,AGL,CE,Combined TRACON& Tower with Radar,151,43,34,0,228,0,4,5,0,9,151,47,39,0,237,0,0,0,237
07/10/2020,CMH,OH,AGL,CE,Combined TRACON& Tower with Radar,148,25,29,1,203,0,2,5,2,9,148,27,34,3,212,0,0,0,212
07/11/2020,CMH,OH,AGL,CE,Combined TRACON& Tower with Radar,142,21,28,0,191,0,1,13,0,14,142,22,41,0,205,0,0,0,205
07/12/2020,CMH,OH,AGL,CE,Combined TRACON& Tower with Radar,143,34,28,1,206,0,2,8,3,13,143,36,36,4,219,0,0,0,219
07/13/2020,CMH,OH,AGL,CE,Combined TRACON& Tower with Radar,141,38,21,0,200,0,1,6,0,7,141,39,27,0,207,0,0,0,207
07/14/2020,CMH,OH,AGL,CE,Combined TRACON& Tower with Radar,127,32,36,1,196,0,7,17,0,24,127,39,53,1,220,0,0,0,220
07/15/2020,CMH,OH,AGL,CE,Combined TRACON& Tower with Radar,123,59,46,10,238,0,2,8,0,10,123,61,54,10,248,0,0,0,248
07/16/2020,CMH,OH,AGL,CE,Combined TRACON& Tower with Radar,142,41,31,3,217,0,2,7,0,9,142,43,38,3,226,0,0,0,226
07/17/2020,CMH,OH,AGL,CE,Combined TRACON& Tower with Radar,139,40,25,4,208,0,0,11,0,11,139,40,36,4,219,0,0,0,219
07/18/2020,CMH,OH,AGL,CE,Combined TRACON& Tower with Radar,133,33,24,0,190,0,3,17,0,20,133,36,41,0,210,0,0,0,210
07/19/2020,CMH,OH,AGL,CE,Combined TRACON& Tower with Radar,141,29,17,0,187,0,0,9,0,9,141,29,26,0,196,0,0,0,196
07/20/2020,CMH,OH,AGL,CE,Combined TRACON& Tower with Radar,142,34,28,0,204,0,2,6,0,8,142,36,34,0,212,0,0,0,212
07/21/2020,CMH,OH,AGL,CE,Combined TRACON& Tower with Radar,127,41,37,0,205,0,4,10,0,14,127,45,47,0,219,22,0,22,241
07/22/2020,CMH,OH,AGL,CE,Combined TRACON& Tower with Radar,125,26,30,0,181,0,1,3,1,5,125,27,33,1,186,0,0,0,186
07/23/2020,CMH,OH,AGL,CE,Combined TRACON& Tower with Radar,144,35,56,0,235,0,1,7,1,9,144,36,63,1,244,0,0,0,244
07/24/2020,CMH,OH,AGL,CE,Combined TRACON& Tower with Radar,147,42,31,0,220,0,1,6,0,7,147,43,37,0,227,0,0,0,227
07/25/2020,CMH,OH,AGL,CE,Combined TRACON& Tower with Radar,142,21,27,0,190,0,1,6,0,7,142,22,33,0,197,0,0,0,197
07/26/2020,CMH,OH,AGL,CE,Combined TRACON& Tower with Radar,149,22,20,0,191,0,0,3,0,3,149,22,23,0,194,0,0,0,194
07/27/2020,CMH,OH,AGL,CE,Combined TRACON& Tower with Radar,143,39,36,0,218,0,0,2,0,2,143,39,38,0,220,0,0,0,220
07/28/2020,CMH,OH,AGL,CE,Combined TRACON& Tower with Radar,126,47,48,0,221,0,0,9,0,9,126,47,57,0,230,0,0,0,230
07/29/2020,CMH,OH,AGL,CE,Combined TRACON& Tower with Radar,128,52,34,0,214,0,3,7,0,10,128,55,41,0,224,0,0,0,224
07/30/2020,CMH,OH,AGL,CE,Combined TRACON& Tower with Radar,142,49,25,0,216,0,2,4,0,6,142,51,29,0,222,0,0,0,222
07/31/2020,CMH,OH,AGL,CE,Combined TRACON& Tower with Radar,141,32,23,0,196,0,5,11,0,16,141,37,34,0,212,0,0,0,212
08/01/2020,CMH,OH,AGL,CE,Combined TRACON& Tower with Radar,144,23,14,0,181,0,2,0,0,2,144,25,14,0,183,0,0,0,183
08/02/2020,CMH,OH,AGL,CE,Combined TRACON& Tower with Radar,148,41,20,0,209,0,0,7,0,7,148,41,27,0,216,0,0,0,216
08/03/2020,CMH,OH,AGL,CE,Combined TRACON& Tower with Radar,159,30,27,0,216,0,0,3,0,3,159,30,30,0,219,0,0,0,219
08/04/2020,CMH,OH,AGL,CE,Combined TRACON& Tower with Radar,121,33,23,0,177,0,0,0,0,0,121,33,23,0,177,0,0,0,177
08/05/2020,CMH,OH,AGL,CE,Combined TRACON& Tower with Radar,134,31,56,0,221,0,2,7,0,9,134,33,63,0,230,0,0,0,230
08/06/2020,CMH,OH,AGL,CE,Combined TRACON& Tower with Radar,152,40,48,0,240,0,2,9,0,11,152,42,57,0,251,0,0,0,251
08/07/2020,CMH,OH,AGL,CE,Combined TRACON& Tower with Radar,149,23,45,0,217,0,3,11,0,14,149,26,56,0,231,0,0,0,231
08/08/2020,CMH,OH,AGL,CE,Combined TRACON& Tower with Radar,143,25,14,0,182,0,2,14,1,17,143,27,28,1,199,0,0,0,199
08/09/2020,CMH,OH,AGL,CE,Combined TRACON& Tower with Radar,150,26,29,0,205,0,0,11,0,11,150,26,40,0,216,0,0,0,216
08/10/2020,CMH,OH,AGL,CE,Combined TRACON& Tower with Radar,153,33,57,0,243,0,0,2,0,2,153,33,59,0,245,0,0,0,245
08/11/2020,CMH,OH,AGL,CE,Combined TRACON& Tower with Radar,135,30,54,0,219,0,4,6,0,10,135,34,60,0,229,0,0,0,229
08/12/2020,CMH,OH,AGL,CE,Combined TRACON& Tower with Radar,137,28,51,0,216,0,3,15,0,18,137,31,66,0,234,0,0,0,234
08/13/2020,CMH,OH,AGL,CE,Combined TRACON& Tower with Radar,156,40,42,4,242,0,0,2,0,2,156,40,44,4,244,0,0,0,244
08/14/2020,CMH,OH,AGL,CE,Combined TRACON& Tower with Radar,155,35,29,0,219,0,0,9,0,9,155,35,38,0,228,0,0,0,228
08/15/2020,CMH,OH,AGL,CE,Combined TRACON& Tower with Radar,142,27,22,0,191,0,0,7,0,7,142,27,29,0,198,0,0,0,198
08/16/2020,CMH,OH,AGL,CE,Combined TRACON& Tower with Radar,152,33,21,0,206,0,4,9,0,13,152,37,30,0,219,0,0,0,219
08/17/2020,CMH,OH,AGL,CE,Combined TRACON& Tower with Radar,158,35,43,0,236,0,0,8,0,8,158,35,51,0,244,0,0,0,244
08/18/2020,CMH,OH,AGL,CE,Combined TRACON& Tower with Radar,137,38,53,0,228,0,0,10,0,10,137,38,63,0,238,6,0,6,244
08/19/2020,CMH,OH,AGL,CE,Combined TRACON& Tower with Radar,137,28,37,0,202,0,2,7,0,9,137,30,44,0,211,0,0,0,211
08/20/2020,CMH,OH,AGL,CE,Combined TRACON& Tower with Radar,161,35,41,0,237,0,1,7,2,10,161,36,48,2,247,0,0,0,247
08/21/2020,CMH,OH,AGL,CE,Combined TRACON& Tower with Radar,155,25,17,0,197,0,0,12,0,12,155,25,29,0,209,0,0,0,209
08/22/2020,CMH,OH,AGL,CE,Combined TRACON& Tower with Radar,143,23,15,0,181,0,0,2,0,2,143,23,17,0,183,0,0,0,183
08/23/2020,CMH,OH,AGL,CE,Combined TRACON& Tower with Radar,154,28,31,0,213,0,0,4,0,4,154,28,35,0,217,0,0,0,217
08/24/2020,CMH,OH,AGL,CE,Combined TRACON& Tower with Radar,159,39,35,0,233,0,0,14,0,14,159,39,49,0,247,0,0,0,247
08/25/2020,CMH,OH,AGL,CE,Combined TRACON& Tower with Radar,137,43,35,0,215,0,3,5,0,8,137,46,40,0,223,0,0,0,223
08/26/2020,CMH,OH,AGL,CE,Combined TRACON& Tower with Radar,130,39,45,0,214,0,0,11,0,11,130,39,56,0,225,0,0,0,225
08/27/2020,CMH,OH,AGL,CE,Combined TRACON& Tower with Radar,165,29,56,0,250,0,2,4,0,6,165,31,60,0,256,0,0,0,256
08/28/2020,CMH,OH,AGL,CE,Combined TRACON& Tower with Radar,160,25,33,0,218,0,0,0,0,0,160,25,33,0,218,0,0,0,218
08/29/2020,CMH,OH,AGL,CE,Combined TRACON& Tower with Radar,140,21,17,0,178,0,0,1,0,1,140,21,18,0,179,0,0,0,179
08/30/2020,CMH,OH,AGL,CE,Combined TRACON& Tower with Radar,151,36,36,0,223,0,1,19,0,20,151,37,55,0,243,0,0,0,243
08/31/2020,CMH,OH,AGL,CE,Combined TRACON& Tower with Radar,164,43,33,0,240,0,0,8,0,8,164,43,41,0,248,0,0,0,248
09/01/2020,CMH,OH,AGL,CE,Combined TRACON& Tower with Radar,133,41,40,0,214,0,2,6,0,8,133,43,46,0,222,0,0,0,222
09/02/2020,CMH,OH,AGL,CE,Combined TRACON& Tower with Radar,136,35,42,0,213,0,0,0,0,0,136,35,42,0,213,0,0,0,213
09/03/2020,CMH,OH,AGL,CE,Combined TRACON& Tower with Radar,164,31,52,0,247,0,2,9,0,11,164,33,61,0,258,0,0,0,258
09/04/2020,CMH,OH,AGL,CE,Combined TRACON& Tower with Radar,154,26,46,0,226,0,0,15,0,15,154,26,61,0,241,0,0,0,241
09/05/2020,CMH,OH,AGL,CE,Combined TRACON& Tower with Radar,134,20,17,0,171,0,0,13,0,13,134,20,30,0,184,0,0,0,184
09/06/2020,CMH,OH,AGL,CE,Combined TRACON& Tower with Radar,106,27,33,0,166,0,4,15,1,20,106,31,48,1,186,0,0,0,186
09/07/2020,CMH,OH,AGL,CE,Combined TRACON& Tower with Radar,126,25,30,0,181,0,0,4,0,4,126,25,34,0,185,0,0,0,185
09/08/2020,CMH,OH,AGL,CE,Combined TRACON& Tower with Radar,103,39,47,0,189,0,4,10,0,14,103,43,57,0,203,0,0,0,203
09/09/2020,CMH,OH,AGL,CE,Combined TRACON& Tower with Radar,105,28,36,6,175,0,0,7,0,7,105,28,43,6,182,0,0,0,182
09/10/2020,CMH,OH,AGL,CE,Combined TRACON& Tower with Radar,126,28,56,0,210,0,0,6,0,6,126,28,62,0,216,0,0,0,216
09/11/2020,CMH,OH,AGL,CE,Combined TRACON& Tower with Radar,134,39,36,4,213,0,0,3,0,3,134,39,39,4,216,0,0,0,216
09/12/2020,CMH,OH,AGL,CE,Combined TRACON& Tower with Radar,113,33,14,0,160,0,0,5,0,5,113,33,19,0,165,0,0,0,165
09/13/2020,CMH,OH,AGL,CE,Combined TRACON& Tower with Radar,124,36,16,0,176,0,2,9,0,11,124,38,25,0,187,0,0,0,187
09/14/2020,CMH,OH,AGL,CE,Combined TRACON& Tower with Radar,127,39,34,0,200,0,1,13,1,15,127,40,47,1,215,0,0,0,215
09/15/2020,CMH,OH,AGL,CE,Combined TRACON& Tower with Radar,100,45,29,2,176,0,0,12,0,12,100,45,41,2,188,0,0,0,188
09/16/2020,CMH,OH,AGL,CE,Combined TRACON& Tower with Radar,103,39,43,1,186,0,0,19,0,19,103,39,62,1,205,0,0,0,205
09/17/2020,CMH,OH,AGL,CE,Combined TRACON& Tower with Radar,127,49,35,8,219,0,0,5,0,5,127,49,40,8,224,0,0,0,224
09/18/2020,CMH,OH,AGL,CE,Combined TRACON& Tower with Radar,128,38,39,1,206,0,0,10,0,10,128,38,49,1,216,0,0,0,216
09/19/2020,CMH,OH,AGL,CE,Combined TRACON& Tower with Radar,112,31,19,3,165,0,0,11,1,12,112,31,30,4,177,0,0,0,177
09/20/2020,CMH,OH,AGL,CE,Combined TRACON& Tower with Radar,125,31,24,1,181,0,0,9,0,9,125,31,33,1,190,0,0,0,190
09/21/2020,CMH,OH,AGL,CE,Combined TRACON& Tower with Radar,123,38,31,0,192,0,3,7,2,12,123,41,38,2,204,0,0,0,204
09/22/2020,CMH,OH,AGL,CE,Combined TRACON& Tower with Radar,100,35,44,4,183,0,0,8,0,8,100,35,52,4,191,0,0,0,191
09/23/2020,CMH,OH,AGL,CE,Combined TRACON& Tower with Radar,108,56,62,2,228,0,0,12,0,12,108,56,74,2,240,0,0,0,240
09/24/2020,CMH,OH,AGL,CE,Combined TRACON& Tower with Radar,126,37,51,2,216,0,2,13,0,15,126,39,64,2,231,0,0,0,231
09/25/2020,CMH,OH,AGL,CE,Combined TRACON& Tower with Radar,127,34,40,0,201,0,0,10,0,10,127,34,50,0,211,0,0,0,211
09/26/2020,CMH,OH,AGL,CE,Combined TRACON& Tower with Radar,110,31,18,2,161,0,0,19,4,23,110,31,37,6,184,0,0,0,184
09/27/2020,CMH,OH,AGL,CE,Combined TRACON& Tower with Radar,127,32,21,0,180,0,2,4,1,7,127,34,25,1,187,0,0,0,187
09/28/2020,CMH,OH,AGL,CE,Combined TRACON& Tower with Radar,125,46,36,0,207,0,0,2,0,2,125,46,38,0,209,0,0,0,209
09/29/2020,CMH,OH,AGL,CE,Combined TRACON& Tower with Radar,103,40,38,0,181,0,0,13,0,13,103,40,51,0,194,0,0,0,194
09/30/2020,CMH,OH,AGL,CE,Combined TRACON& Tower with Radar,106,28,20,0,154,0,1,8,0,9,106,29,28,0,163,0,0,0,163
10/01/2020,CMH,OH,AGL,CE,Combined TRACON& Tower with Radar,125,42,53,2,222,0,1,7,3,11,125,43,60,5,233,0,0,0,233
10/02/2020,CMH,OH,AGL,CE,Combined TRACON& Tower with Radar,126,45,46,0,217,0,0,3,0,3,126,45,49,0,220,0,0,0,220
10/03/2020,CMH,OH,AGL,CE,Combined TRACON& Tower with Radar,111,27,18,0,156,0,1,4,2,7,111,28,22,2,163,0,0,0,163
10/04/2020,CMH,OH,AGL,CE,Combined TRACON& Tower with Radar,130,30,21,0,181,0,0,9,0,9,130,30,30,0,190,0,0,0,190
10/05/2020,CMH,OH,AGL,CE,Combined TRACON& Tower with Radar,123,24,56,6,209,0,1,1,0,2,123,25,57,6,211,0,0,0,211
10/06/2020,CMH,OH,AGL,CE,Combined TRACON& Tower with Radar,98,36,51,4,189,0,2,10,0,12,98,38,61,4,201,0,0,0,201
10/07/2020,CMH,OH,AGL,CE,Combined TRACON& Tower with Radar,101,32,43,0,176,0,0,8,0,8,101,32,51,0,184,0,0,0,184
10/08/2020,CMH,OH,AGL,CE,Combined TRACON& Tower with Radar,150,32,44,0,226,0,0,24,0,24,150,32,68,0,250,0,0,0,250
10/09/2020,CMH,OH,AGL,CE,Combined TRACON& Tower with Radar,149,43,33,0,225,0,0,13,0,13,149,43,46,0,238,0,0,0,238
10/10/2020,CMH,OH,AGL,CE,Combined TRACON& Tower with Radar,122,19,22,0,163,0,0,12,0,12,122,19,34,0,175,0,0,0,175
10/11/2020,CMH,OH,AGL,CE,Combined TRACON& Tower with Radar,142,20,21,2,185,0,0,1,0,1,142,20,22,2,186,0,0,0,186
10/12/2020,CMH,OH,AGL,CE,Combined TRACON& Tower with Radar,142,32,35,2,211,0,0,4,0,4,142,32,39,2,215,0,0,0,215
10/13/2020,CMH,OH,AGL,CE,Combined TRACON& Tower with Radar,104,32,48,4,188,0,3,24,0,27,104,35,72,4,215,0,0,0,215
10/14/2020,CMH,OH,AGL,CE,Combined TRACON& Tower with Radar,110,41,35,0,186,0,2,13,1,16,110,43,48,1,202,0,0,0,202
10/15/2020,CMH,OH,AGL,CE,Combined TRACON& Tower with Radar,140,33,42,0,215,0,0,5,3,8,140,33,47,3,223,0,0,0,223
10/16/2020,CMH,OH,AGL,CE,Combined TRACON& Tower with Radar,140,35,34,2,211,0,1,13,0,14,140,36,47,2,225,0,0,0,225
10/17/2020,CMH,OH,AGL,CE,Combined TRACON& Tower with Radar,125,18,31,0,174,0,0,8,0,8,125,18,39,0,182,0,0,0,182
10/18/2020,CMH,OH,AGL,CE,Combined TRACON& Tower with Radar,149,30,31,1,211,0,0,4,0,4,149,30,35,1,215,0,0,0,215
10/19/2020,CMH,OH,AGL,CE,Combined TRACON& Tower with Radar,142,16,25,0,183,0,0,0,0,0,142,16,25,0,183,0,0,0,183
10/20/2020,CMH,OH,AGL,CE,Combined TRACON& Tower with Radar,104,39,38,1,182,0,0,0,0,0,104,39,38,1,182,0,0,0,182
10/21/2020,CMH,OH,AGL,CE,Combined TRACON& Tower with Radar,109,37,48,3,197,0,0,3,0,3,109,37,51,3,200,0,0,0,200
10/22/2020,CMH,OH,AGL,CE,Combined TRACON& Tower with Radar,136,40,40,0,216,0,1,18,0,19,136,41,58,0,235,0,0,0,235
10/23/2020,CMH,OH,AGL,CE,Combined TRACON& Tower with Radar,139,41,35,0,215,0,0,8,0,8,139,41,43,0,223,0,0,0,223
10/24/2020,CMH,OH,AGL,CE,Combined TRACON& Tower with Radar,116,12,14,0,142,0,0,1,0,1,116,12,15,0,143,0,0,0,143
10/25/2020,CMH,OH,AGL,CE,Combined TRACON& Tower with Radar,128,20,37,2,187,0,0,7,1,8,128,20,44,3,195,0,0,0,195
10/26/2020,CMH,OH,AGL,CE,Combined TRACON& Tower with Radar,128,26,51,1,206,0,0,0,0,0,128,26,51,1,206,0,0,0,206
10/27/2020,CMH,OH,AGL,CE,Combined TRACON& Tower with Radar,97,37,35,0,169,0,0,0,0,0,97,37,35,0,169,0,0,0,169
10/28/2020,CMH,OH,AGL,CE,Combined TRACON& Tower with Radar,98,30,41,0,169,0,0,4,0,4,98,30,45,0,173,0,0,0,173
10/29/2020,CMH,OH,AGL,CE,Combined TRACON& Tower with Radar,129,26,27,0,182,0,0,0,0,0,129,26,27,0,182,0,0,0,182
10/30/2020,CMH,OH,AGL,CE,Combined TRACON& Tower with Radar,126,26,37,0,189,0,2,7,0,9,126,28,44,0,198,0,0,0,198
10/31/2020,CMH,OH,AGL,CE,Combined TRACON& Tower with Radar,86,17,12,0,115,0,0,10,0,10,86,17,22,0,125,0,0,0,125
11/01/2020,CMH,OH,AGL,CE,Combined TRACON& Tower with Radar,124,26,23,0,173,0,0,0,0,0,124,26,23,0,173,0,0,0,173
11/02/2020,CMH,OH,AGL,CE,Combined TRACON& Tower with Radar,127,22,46,0,195,0,1,12,0,13,127,23,58,0,208,0,0,0,208
11/03/2020,CMH,OH,AGL,CE,Combined TRACON& Tower with Radar,91,28,29,0,148,0,3,10,0,13,91,31,39,0,161,0,0,0,161
11/04/2020,CMH,OH,AGL,CE,Combined TRACON& Tower with Radar,93,34,57,0,184,0,0,26,0,26,93,34,83,0,210,0,0,0,210
11/05/2020,CMH,OH,AGL,CE,Combined TRACON& Tower with Radar,142,32,42,0,216,0,4,29,1,34,142,36,71,1,250,0,0,0,250
11/06/2020,CMH,OH,AGL,CE,Combined TRACON& Tower with Radar,140,23,36,3,202,0,0,10,1,11,140,23,46,4,213,0,0,0,213
11/07/2020,CMH,OH,AGL,CE,Combined TRACON& Tower with Radar,118,19,13,0,150,0,2,14,0,16,118,21,27,0,166,0,0,0,166
11/08/2020,CMH,OH,AGL,CE,Combined TRACON& Tower with Radar,148,28,25,0,201,0,0,11,0,11,148,28,36,0,212,0,0,0,212
11/09/2020,CMH,OH,AGL,CE,Combined TRACON& Tower with Radar,152,27,34,0,213,0,3,16,0,19,152,30,50,0,232,0,0,0,232
11/10/2020,CMH,OH,AGL,CE,Combined TRACON& Tower with Radar,100,25,40,2,167,0,1,6,0,7,100,26,46,2,174,0,0,0,174
11/11/2020,CMH,OH,AGL,CE,Combined TRACON& Tower with Radar,106,35,45,0,186,0,0,5,0,5,106,35,50,0,191,0,0,0,191
11/12/2020,CMH,OH,AGL,CE,Combined TRACON& Tower with Radar,144,56,41,3,244,0,3,15,0,18,144,59,56,3,262,0,0,0,262
11/13/2020,CMH,OH,AGL,CE,Combined TRACON& Tower with Radar,146,27,21,0,194,0,3,14,0,17,146,30,35,0,211,0,0,0,211
11/14/2020,CMH,OH,AGL,CE,Combined TRACON& Tower with Radar,131,21,29,0,181,0,2,25,0,27,131,23,54,0,208,0,0,0,208
11/15/2020,CMH,OH,AGL,CE,Combined TRACON& Tower with Radar,153,15,21,0,189,0,0,2,0,2,153,15,23,0,191,0,0,0,191
11/16/2020,CMH,OH,AGL,CE,Combined TRACON& Tower with Radar,148,39,60,0,247,0,0,18,0,18,148,39,78,0,265,0,0,0,265
11/17/2020,CMH,OH,AGL,CE,Combined TRACON& Tower with Radar,101,31,40,6,178,0,0,10,0,10,101,31,50,6,188,0,0,0,188
11/18/2020,CMH,OH,AGL,CE,Combined TRACON& Tower with Radar,111,45,56,0,212,0,2,15,0,17,111,47,71,0,229,0,0,0,229
11/19/2020,CMH,OH,AGL,CE,Combined TRACON& Tower with Radar,162,31,21,0,214,0,4,8,0,12,162,35,29,0,226,0,0,0,226
11/20/2020,CMH,OH,AGL,CE,Combined TRACON& Tower with Radar,152,40,28,0,220,0,0,10,4,14,152,40,38,4,234,0,0,0,234
11/21/2020,CMH,OH,AGL,CE,Combined TRACON& Tower with Radar,161,36,24,0,221,0,0,3,0,3,161,36,27,0,224,0,0,0,224
11/22/2020,CMH,OH,AGL,CE,Combined TRACON& Tower with Radar,152,26,13,0,191,0,0,0,0,0,152,26,13,0,191,0,0,0,191
11/23/2020,CMH,OH,AGL,CE,Combined TRACON& Tower with Radar,144,23,13,0,180,0,2,6,0,8,144,25,19,0,188,0,0,0,188
11/24/2020,CMH,OH,AGL,CE,Combined TRACON& Tower with Radar,160,31,38,0,229,0,2,12,0,14,160,33,50,0,243,0,0,0,243
11/25/2020,CMH,OH,AGL,CE,Combined TRACON& Tower with Radar,167,22,23,0,212,0,0,0,0,0,167,22,23,0,212,0,0,0,212
11/26/2020,CMH,OH,AGL,CE,Combined TRACON& Tower with Radar,75,12,0,0,87,0,0,0,0,0,75,12,0,0,87,0,0,0,87
11/27/2020,CMH,OH,AGL,CE,Combined TRACON& Tower with Radar,125,22,24,0,171,0,2,5,4,11,125,24,29,4,182,0,0,0,182
11/28/2020,CMH,OH,AGL,CE,Combined TRACON& Tower with Radar,169,26,21,0,216,0,0,19,0,19,169,26,40,0,235,0,0,0,235
11/29/2020,CMH,OH,AGL,CE,Combined TRACON& Tower with Radar,182,21,44,0,247,0,0,10,2,12,182,21,54,2,259,0,0,0,259
11/30/2020,CMH,OH,AGL,CE,Combined TRACON& Tower with Radar,163,27,18,0,208,0,0,0,0,0,163,27,18,0,208,0,0,0,208
12/01/2020,CMH,OH,AGL,CE,Combined TRACON& Tower with Radar,131,34,29,2,196,0,0,0,0,0,131,34,29,2,196,0,0,0,196
12/02/2020,CMH,OH,AGL,CE,Combined TRACON& Tower with Radar,105,39,25,0,169,0,3,10,0,13,105,42,35,0,182,0,0,0,182
12/03/2020,CMH,OH,AGL,CE,Combined TRACON& Tower with Radar,117,41,28,6,192,0,3,14,0,17,117,44,42,6,209,0,0,0,209
12/04/2020,CMH,OH,AGL,CE,Combined TRACON& Tower with Radar,121,24,27,4,176,0,0,14,0,14,121,24,41,4,190,0,0,0,190
12/05/2020,CMH,OH,AGL,CE,Combined TRACON& Tower with Radar,108,16,12,0,136,0,0,3,0,3,108,16,15,0,139,0,0,0,139
12/06/2020,CMH,OH,AGL,CE,Combined TRACON& Tower with Radar,118,37,22,0,177,0,0,4,0,4,118,37,26,0,181,0,0,0,181
12/07/2020,CMH,OH,AGL,CE,Combined TRACON& Tower with Radar,121,26,28,0,175,0,0,0,0,0,121,26,28,0,175,0,0,0,175
12/08/2020,CMH,OH,AGL,CE,Combined TRACON& Tower with Radar,95,35,44,1,175,0,4,17,1,22,95,39,61,2,197,0,0,0,197
12/09/2020,CMH,OH,AGL,CE,Combined TRACON& Tower with Radar,101,32,43,0,176,0,0,12,0,12,101,32,55,0,188,0,0,0,188
12/10/2020,CMH,OH,AGL,CE,Combined TRACON& Tower with Radar,117,28,32,0,177,0,0,34,0,34,117,28,66,0,211,0,0,0,211
12/11/2020,CMH,OH,AGL,CE,Combined TRACON& Tower with Radar,123,32,39,0,194,0,3,18,2,23,123,35,57,2,217,0,0,0,217
12/12/2020,CMH,OH,AGL,CE,Combined TRACON& Tower with Radar,107,22,12,0,141,0,2,3,3,8,107,24,15,3,149,0,0,0,149
12/13/2020,CMH,OH,AGL,CE,Combined TRACON& Tower with Radar,120,20,17,0,157,0,0,3,0,3,120,20,20,0,160,0,0,0,160
12/14/2020,CMH,OH,AGL,CE,Combined TRACON& Tower with Radar,122,28,26,0,176,0,4,7,2,13,122,32,33,2,189,0,0,0,189
12/15/2020,CMH,OH,AGL,CE,Combined TRACON& Tower with Radar,94,24,44,0,162,0,4,31,0,35,94,28,75,0,197,0,0,0,197
12/16/2020,CMH,OH,AGL,CE,Combined TRACON& Tower with Radar,97,39,21,0,157,0,0,0,0,0,97,39,21,0,157,0,0,0,157
12/17/2020,CMH,OH,AGL,CE,Combined TRACON& Tower with Radar,144,39,32,0,215,0,0,0,0,0,144,39,32,0,215,0,0,0,215
12/18/2020,CMH,OH,AGL,CE,Combined TRACON& Tower with Radar,146,41,26,0,213,0,2,10,4,16,146,43,36,4,229,0,0,0,229
12/19/2020,CMH,OH,AGL,CE,Combined TRACON& Tower with Radar,150,42,26,0,218,0,0,14,0,14,150,42,40,0,232,0,0,0,232
12/20/2020,CMH,OH,AGL,CE,Combined TRACON& Tower with Radar,136,41,24,0,201,0,1,1,0,2,136,42,25,0,203,0,0,0,203
12/21/2020,CMH,OH,AGL,CE,Combined TRACON& Tower with Radar,146,29,27,0,202,0,0,0,0,0,146,29,27,0,202,0,0,0,202
12/22/2020,CMH,OH,AGL,CE,Combined TRACON& Tower with Radar,144,19,28,0,191,0,0,5,0,5,144,19,33,0,196,0,0,0,196
12/23/2020,CMH,OH,AGL,CE,Combined TRACON& Tower with Radar,145,30,29,0,204,0,0,2,0,2,145,30,31,0,206,0,0,0,206
12/24/2020,CMH,OH,AGL,CE,Combined TRACON& Tower with Radar,104,18,4,0,126,0,0,0,0,0,104,18,4,0,126,0,0,0,126
12/25/2020,CMH,OH,AGL,CE,Combined TRACON& Tower with Radar,86,34,6,0,126,0,0,0,0,0,86,34,6,0,126,0,0,0,126
12/26/2020,CMH,OH,AGL,CE,Combined TRACON& Tower with Radar,146,58,35,0,239,0,1,15,0,16,146,59,50,0,255,0,0,0,255
12/27/2020,CMH,OH,AGL,CE,Combined TRACON& Tower with Radar,157,34,27,0,218,0,4,16,0,20,157,38,43,0,238,0,0,0,238
12/28/2020,CMH,OH,AGL,CE,Combined TRACON& Tower with Radar,151,22,35,0,208,0,2,0,0,2,151,24,35,0,210,0,0,0,210
12/29/2020,CMH,OH,AGL,CE,Combined TRACON& Tower with Radar,146,29,31,0,206,0,2,15,0,17,146,31,46,0,223,0,0,0,223
12/30/2020,CMH,OH,AGL,CE,Combined TRACON& Tower with Radar,138,33,14,0,185,0,0,2,0,2,138,33,16,0,187,0,0,0,187
12/31/2020,CMH,OH,AGL,CE,Combined TRACON& Tower with Radar,100,22,11,0,133,0,0,3,0,3,100,22,14,0,136,0,0,0,136
01/01/2021,CMH,OH,AGL,CE,Combined TRACON& Tower with Radar,102,37,5,0,144,0,2,0,0,2,102,39,5,0,146,0,0,0,146
01/02/2021,CMH,OH,AGL,CE,Combined TRACON& Tower with Radar,151,36,31,0,218,0,4,0,0,4,151,40,31,0,222,0,0,0,222
01/03/2021,CMH,OH,AGL,CE,Combined TRACON& Tower with Radar,161,29,35,0,225,0,0,0,2,2,161,29,35,2,227,0,0,0,227
01/04/2021,CMH,OH,AGL,CE,Combined TRACON& Tower with Radar,143,31,20,0,194,0,0,2,0,2,143,31,22,0,196,0,0,0,196
01/05/2021,CMH,OH,AGL,CE,Combined TRACON& Tower with Radar,120,43,33,0,196,0,0,0,0,0,120,43,33,0,196,0,0,0,196
01/06/2021,CMH,OH,AGL,CE,Combined TRACON& Tower with Radar,118,20,38,0,176,0,0,0,2,2,118,20,38,2,178,0,0,0,178
01/07/2021,CMH,OH,AGL,CE,Combined TRACON& Tower with Radar,120,27,38,0,185,0,0,5,2,7,120,27,43,2,192,0,0,0,192
01/08/2021,CMH,OH,AGL,CE,Combined TRACON& Tower with Radar,120,22,20,0,162,0,0,0,0,0,120,22,20,0,162,0,0,0,162
01/09/2021,CMH,OH,AGL,CE,Combined TRACON& Tower with Radar,116,25,16,0,157,0,0,24,0,24,116,25,40,0,181,0,0,0,181
01/10/2021,CMH,OH,AGL,CE,Combined TRACON& Tower with Radar,119,31,18,3,171,0,3,28,0,31,119,34,46,3,202,0,0,0,202
01/11/2021,CMH,OH,AGL,CE,Combined TRACON& Tower with Radar,120,29,38,0,187,0,0,1,0,1,120,29,39,0,188,0,0,0,188
01/12/2021,CMH,OH,AGL,CE,Combined TRACON& Tower with Radar,96,48,49,0,193,0,0,0,0,0,96,48,49,0,193,0,0,0,193
01/13/2021,CMH,OH,AGL,CE,Combined TRACON& Tower with Radar,97,37,38,0,172,0,1,26,0,27,97,38,64,0,199,0,0,0,199
01/14/2021,CMH,OH,AGL,CE,Combined TRACON& Tower with Radar,120,28,41,0,189,0,2,19,0,21,120,30,60,0,210,0,0,0,210
01/15/2021,CMH,OH,AGL,CE,Combined TRACON& Tower with Radar,125,31,32,0,188,0,0,0,0,0,125,31,32,0,188,0,0,0,188
01/16/2021,CMH,OH,AGL,CE,Combined TRACON& Tower with Radar,115,25,14,0,154,0,0,0,0,0,115,25,14,0,154,0,0,0,154
01/17/2021,CMH,OH,AGL,CE,Combined TRACON& Tower with Radar,114,34,13,0,161,0,0,0,0,0,114,34,13,0,161,0,0,0,161
01/18/2021,CMH,OH,AGL,CE,Combined TRACON& Tower with Radar,119,25,30,0,174,0,0,0,0,0,119,25,30,0,174,0,0,0,174
01/19/2021,CMH,OH,AGL,CE,Combined TRACON& Tower with Radar,95,32,33,1,161,0,1,14,0,15,95,33,47,1,176,0,0,0,176
01/20/2021,CMH,OH,AGL,CE,Combined TRACON& Tower with Radar,97,30,36,0,163,0,2,11,3,16,97,32,47,3,179,0,0,0,179
01/21/2021,CMH,OH,AGL,CE,Combined TRACON& Tower with Radar,120,26,43,1,190,0,0,14,1,15,120,26,57,2,205,0,0,0,205
01/22/2021,CMH,OH,AGL,CE,Combined TRACON& Tower with Radar,121,33,25,2,181,0,2,14,0,16,121,35,39,2,197,0,0,0,197
01/23/2021,CMH,OH,AGL,CE,Combined TRACON& Tower with Radar,117,29,18,1,165,0,0,35,0,35,117,29,53,1,200,0,0,0,200
01/24/2021,CMH,OH,AGL,CE,Combined TRACON& Tower with Radar,119,18,18,0,155,0,1,10,0,11,119,19,28,0,166,0,0,0,166
01/25/2021,CMH,OH,AGL,CE,Combined TRACON& Tower with Radar,121,38,31,0,190,0,0,0,0,0,121,38,31,0,190,0,0,0,190
01/26/2021,CMH,OH,AGL,CE,Combined TRACON& Tower with Radar,87,31,31,0,149,0,0,0,0,0,87,31,31,0,149,0,0,0,149
01/27/2021,CMH,OH,AGL,CE,Combined TRACON& Tower with Radar,96,26,43,0,165,0,0,2,0,2,96,26,45,0,167,0,0,0,167
01/28/2021,CMH,OH,AGL,CE,Combined TRACON& Tower with Radar,118,31,38,0,187,0,0,7,0,7,118,31,45,0,194,0,0,0,194
01/29/2021,CMH,OH,AGL,CE,Combined TRACON& Tower with Radar,125,37,29,2,193,0,4,29,0,33,125,41,58,2,226,0,0,0,226
01/30/2021,CMH,OH,AGL,CE,Combined TRACON& Tower with Radar,111,27,36,0,174,0,0,16,1,17,111,27,52,1,191,0,0,0,191
01/31/2021,CMH,OH,AGL,CE,Combined TRACON& Tower with Radar,122,24,11,0,157,0,0,0,0,0,122,24,11,0,157,0,0,0,157
02/01/2021,CMH,OH,AGL,CE,Combined TRACON& Tower with Radar,111,22,18,0,151,0,0,0,0,0,111,22,18,0,151,0,0,0,151
02/02/2021,CMH,OH,AGL,CE,Combined TRACON& Tower with Radar,94,25,22,0,141,0,0,3,6,9,94,25,25,6,150,0,0,0,150
02/03/2021,CMH,OH,AGL,CE,Combined TRACON& Tower with Radar,97,39,58,0,194,0,0,8,0,8,97,39,66,0,202,0,0,0,202
02/04/2021,CMH,OH,AGL,CE,Combined TRACON& Tower with Radar,119,31,30,0,180,0,0,4,0,4,119,31,34,0,184,0,0,0,184
02/05/2021,CMH,OH,AGL,CE,Combined TRACON& Tower with Radar,121,24,36,2,183,0,0,2,0,2,121,24,38,2,185,0,0,0,185
02/06/2021,CMH,OH,AGL,CE,Combined TRACON& Tower with Radar,117,25,22,0,164,0,4,7,0,11,117,29,29,0,175,0,0,0,175
02/07/2021,CMH,OH,AGL,CE,Combined TRACON& Tower with Radar,124,21,19,0,164,0,0,10,0,10,124,21,29,0,174,0,0,0,174
02/08/2021,CMH,OH,AGL,CE,Combined TRACON& Tower with Radar,125,25,35,0,185,0,0,9,0,9,125,25,44,0,194,0,0,0,194
02/09/2021,CMH,OH,AGL,CE,Combined TRACON& Tower with Radar,94,39,34,0,167,0,0,0,0,0,94,39,34,0,167,0,0,0,167
02/10/2021,CMH,OH,AGL,CE,Combined TRACON& Tower with Radar,98,36,43,0,177,0,0,1,0,1,98,36,44,0,178,0,0,0,178
02/11/2021,CMH,OH,AGL,CE,Combined TRACON& Tower with Radar,131,38,59,0,228,0,0,6,0,6,131,38,65,0,234,0,0,0,234
02/12/2021,CMH,OH,AGL,CE,Combined TRACON& Tower with Radar,130,44,40,0,214,0,2,5,0,7,130,46,45,0,221,0,0,0,221
02/13/2021,CMH,OH,AGL,CE,Combined TRACON& Tower with Radar,114,23,16,0,153,0,0,0,0,0,114,23,16,0,153,0,0,0,153
02/14/2021,CMH,OH,AGL,CE,Combined TRACON& Tower with Radar,106,23,20,0,149,0,0,1,0,1,106,23,21,0,150,0,0,0,150
02/15/2021,CMH,OH,AGL,CE,Combined TRACON& Tower with Radar,105,31,27,0,163,0,0,0,0,0,105,31,27,0,163,0,0,0,163
02/16/2021,CMH,OH,AGL,CE,Combined TRACON& Tower with Radar,82,51,23,0,156,0,0,0,0,0,82,51,23,0,156,0,0,0,156
02/17/2021,CMH,OH,AGL,CE,Combined TRACON& Tower with Radar,83,46,49,0,178,0,2,4,0,6,83,48,53,0,184,0,0,0,184
02/18/2021,CMH,OH,AGL,CE,Combined TRACON& Tower with Radar,102,58,32,0,192,0,0,0,0,0,102,58,32,0,192,0,0,0,192
02/19/2021,CMH,OH,AGL,CE,Combined TRACON& Tower with Radar,121,39,33,2,195,0,0,3,0,3,121,39,36,2,198,0,0,0,198
02/20/2021,CMH,OH,AGL,CE,Combined TRACON& Tower with Radar,116,33,29,0,178,0,0,8,0,8,116,33,37,0,186,0,0,0,186
02/21/2021,CMH,OH,AGL,CE,Combined TRACON& Tower with Radar,119,33,41,3,196,0,0,14,1,15,119,33,55,4,211,0,0,0,211
02/22/2021,CMH,OH,AGL,CE,Combined TRACON& Tower with Radar,123,26,30,0,179,0,0,3,0,3,123,26,33,0,182,0,0,0,182
02/23/2021,CMH,OH,AGL,CE,Combined TRACON& Tower with Radar,93,36,35,0,164,0,2,10,0,12,93,38,45,0,176,0,0,0,176
02/24/2021,CMH,OH,AGL,CE,Combined TRACON& Tower with Radar,99,43,44,0,186,0,3,6,0,9,99,46,50,0,195,0,0,0,195
02/25/2021,CMH,OH,AGL,CE,Combined TRACON& Tower with Radar,120,39,62,0,221,0,4,43,0,47,120,43,105,0,268,0,0,0,268
02/26/2021,CMH,OH,AGL,CE,Combined TRACON& Tower with Radar,129,35,38,0,202,0,0,18,0,18,129,35,56,0,220,0,0,0,220
02/27/2021,CMH,OH,AGL,CE,Combined TRACON& Tower with Radar,116,31,27,1,175,0,2,12,2,16,116,33,39,3,191,0,0,0,191
02/28/2021,CMH,OH,AGL,CE,Combined TRACON& Tower with Radar,123,25,28,1,177,0,0,0,0,0,123,25,28,1,177,0,0,0,177
03/01/2021,CMH,OH,AGL,CE,Combined TRACON& Tower with Radar,126,35,30,0,191,0,0,8,2,10,126,35,38,2,201,0,0,0,201
03/02/2021,CMH,OH,AGL,CE,Combined TRACON& Tower with Radar,97,35,46,0,178,0,0,23,0,23,97,35,69,0,201,0,0,0,201
03/03/2021,CMH,OH,AGL,CE,Combined TRACON& Tower with Radar,100,41,38,0,179,0,5,13,0,18,100,46,51,0,197,0,0,0,197
03/04/2021,CMH,OH,AGL,CE,Combined TRACON& Tower with Radar,125,44,54,2,225,0,1,10,0,11,125,45,64,2,236,0,0,0,236
03/05/2021,CMH,OH,AGL,CE,Combined TRACON& Tower with Radar,134,39,24,1,198,0,4,11,0,15,134,43,35,1,213,0,0,0,213
03/06/2021,CMH,OH,AGL,CE,Combined TRACON& Tower with Radar,126,33,20,0,179,0,4,24,0,28,126,37,44,0,207,0,0,0,207
03/07/2021,CMH,OH,AGL,CE,Combined TRACON& Tower with Radar,142,40,23,0,205,0,3,18,0,21,142,43,41,0,226,0,0,0,226
03/08/2021,CMH,OH,AGL,CE,Combined TRACON& Tower with Radar,148,40,36,0,224,1,3,21,0,25,149,43,57,0,249,0,0,0,249
03/09/2021,CMH,OH,AGL,CE,Combined TRACON& Tower with Radar,106,45,49,8,208,0,1,21,0,22,106,46,70,8,230,0,0,0,230
03/10/2021,CMH,OH,AGL,CE,Combined TRACON& Tower with Radar,118,59,39,4,220,0,3,10,1,14,118,62,49,5,234,0,0,0,234
03/11/2021,CMH,OH,AGL,CE,Combined TRACON& Tower with Radar,158,33,47,4,242,0,0,6,0,6,158,33,53,4,248,0,0,0,248
03/12/2021,CMH,OH,AGL,CE,Combined TRACON& Tower with Radar,155,39,47,3,244,0,1,18,0,19,155,40,65,3,263,0,0,0,263
03/13/2021,CMH,OH,AGL,CE,Combined TRACON& Tower with Radar,151,28,17,0,196,0,0,24,1,25,151,28,41,1,221,0,0,0,221
03/14/2021,CMH,OH,AGL,CE,Combined TRACON& Tower with Radar,142,24,21,4,191,0,0,11,0,11,142,24,32,4,202,0,0,0,202
03/15/2021,CMH,OH,AGL,CE,Combined TRACON& Tower with Radar,161,37,29,2,229,0,0,18,0,18,161,37,47,2,247,0,0,0,247
03/16/2021,CMH,OH,AGL,CE,Combined TRACON& Tower with Radar,133,35,19,1,188,0,0,0,0,0,133,35,19,1,188,0,0,0,188
03/17/2021,CMH,OH,AGL,CE,Combined TRACON& Tower with Radar,134,49,40,0,223,0,0,14,0,14,134,49,54,0,237,0,0,0,237
03/18/2021,CMH,OH,AGL,CE,Combined TRACON& Tower with Radar,154,45,44,2,245,0,0,0,0,0,154,45,44,2,245,0,0,0,245
03/19/2021,CMH,OH,AGL,CE,Combined TRACON& Tower with Radar,158,41,44,2,245,0,1,2,0,3,158,42,46,2,248,0,0,0,248
03/20/2021,CMH,OH,AGL,CE,Combined TRACON& Tower with Radar,156,46,30,3,235,0,3,27,2,32,156,49,57,5,267,0,0,0,267
03/21/2021,CMH,OH,AGL,CE,Combined TRACON& Tower with Radar,162,29,22,0,213,0,2,12,0,14,162,31,34,0,227,0,0,0,227
03/22/2021,CMH,OH,AGL,CE,Combined TRACON& Tower with Radar,161,50,44,1,256,0,1,15,0,16,161,51,59,1,272,0,0,0,272
03/23/2021,CMH,OH,AGL,CE,Combined TRACON& Tower with Radar,141,42,44,3,230,0,1,6,0,7,141,43,50,3,237,0,0,0,237
03/24/2021,CMH,OH,AGL,CE,Combined TRACON& Tower with Radar,138,54,44,3,239,0,2,8,1,11,138,56,52,4,250,0,0,0,250
03/25/2021,CMH,OH,AGL,CE,Combined TRACON& Tower with Radar,162,37,40,1,240,0,0,6,2,8,162,37,46,3,248,0,0,0,248
03/26/2021,CMH,OH,AGL,CE,Combined TRACON& Tower with Radar,177,40,44,0,261,0,1,2,1,4,177,41,46,1,265,0,0,0,265
03/27/2021,CMH,OH,AGL,CE,Combined TRACON& Tower with Radar,166,43,16,0,225,0,4,7,1,12,166,47,23,1,237,0,0,0,237
03/28/2021,CMH,OH,AGL,CE,Combined TRACON& Tower with Radar,168,30,29,1,228,0,0,2,0,2,168,30,31,1,230,0,0,0,230
03/29/2021,CMH,OH,AGL,CE,Combined TRACON& Tower with Radar,163,28,42,0,233,0,8,10,0,18,163,36,52,0,251,0,0,0,251
03/30/2021,CMH,OH,AGL,CE,Combined TRACON& Tower with Radar,148,31,39,0,218,0,0,11,0,11,148,31,50,0,229,0,0,0,229
03/31/2021,CMH,OH,AGL,CE,Combined TRACON& Tower with Radar,141,27,34,0,202,0,0,4,0,4,141,27,38,0,206,0,0,0,206
04/01/2021,CMH,OH,AGL,CE,Combined TRACON& Tower with Radar,164,33,37,0,234,0,2,2,0,4,164,35,39,0,238,0,0,0,238
04/02/2021,CMH,OH,AGL,CE,Combined TRACON& Tower with Radar,178,40,37,0,255,0,2,15,0,17,178,42,52,0,272,0,0,0,272
04/03/2021,CMH,OH,AGL,CE,Combined TRACON& Tower with Radar,187,36,27,0,250,0,2,10,0,12,187,38,37,0,262,0,0,0,262
04/04/2021,CMH,OH,AGL,CE,Combined TRACON& Tower with Radar,181,38,29,0,248,0,2,11,0,13,181,40,40,0,261,0,0,0,261
04/05/2021,CMH,OH,AGL,CE,Combined TRACON& Tower with Radar,177,36,46,0,259,0,0,5,4,9,177,36,51,4,268,0,0,0,268
04/06/2021,CMH,OH,AGL,CE,Combined TRACON& Tower with Radar,147,39,43,0,229,0,0,14,0,14,147,39,57,0,243,0,0,0,243
04/07/2021,CMH,OH,AGL,CE,Combined TRACON& Tower with Radar,146,43,40,2,231,0,5,17,0,22,146,48,57,2,253,0,0,0,253
04/08/2021,CMH,OH,AGL,CE,Combined TRACON& Tower with Radar,171,42,41,0,254,0,0,3,0,3,171,42,44,0,257,0,0,0,257
04/09/2021,CMH,OH,AGL,CE,Combined TRACON& Tower with Radar,175,27,18,0,220,0,0,9,0,9,175,27,27,0,229,0,0,0,229
04/10/2021,CMH,OH,AGL,CE,Combined TRACON& Tower with Radar,159,37,17,0,213,0,2,14,2,18,159,39,31,2,231,0,0,0,231
04/11/2021,CMH,OH,AGL,CE,Combined TRACON& Tower with Radar,155,28,18,0,201,0,0,2,0,2,155,28,20,0,203,0,0,0,203
04/12/2021,CMH,OH,AGL,CE,Combined TRACON& Tower with Radar,163,40,53,0,256,0,1,2,0,3,163,41,55,0,259,0,0,0,259
04/13/2021,CMH,OH,AGL,CE,Combined TRACON& Tower with Radar,129,50,40,0,219,0,2,18,0,20,129,52,58,0,239,0,0,0,239
04/14/2021,CMH,OH,AGL,CE,Combined TRACON& Tower with Radar,126,55,32,0,213,0,2,5,0,7,126,57,37,0,220,0,0,0,220
04/15/2021,CMH,OH,AGL,CE,Combined TRACON& Tower with Radar,157,38,45,4,244,0,0,10,0,10,157,38,55,4,254,0,0,0,254
04/16/2021,CMH,OH,AGL,CE,Combined TRACON& Tower with Radar,158,37,37,4,236,0,2,12,0,14,158,39,49,4,250,0,0,0,250
04/17/2021,CMH,OH,AGL,CE,Combined TRACON& Tower with Radar,145,22,18,2,187,0,0,11,0,11,145,22,29,2,198,0,0,0,198
04/18/2021,CMH,OH,AGL,CE,Combined TRACON& Tower with Radar,158,41,21,0,220,0,0,9,0,9,158,41,30,0,229,0,0,0,229
04/19/2021,CMH,OH,AGL,CE,Combined TRACON& Tower with Radar,157,39,37,0,233,0,1,2,0,3,157,40,39,0,236,0,0,0,236
04/20/2021,CMH,OH,AGL,CE,Combined TRACON& Tower with Radar,124,50,41,0,215,0,2,7,0,9,124,52,48,0,224,0,0,0,224
04/21/2021,CMH,OH,AGL,CE,Combined TRACON& Tower with Radar,125,46,39,0,210,0,0,4,0,4,125,46,43,0,214,0,0,0,214
04/22/2021,CMH,OH,AGL,CE,Combined TRACON& Tower with Radar,160,27,44,4,235,0,2,14,0,16,160,29,58,4,251,0,0,0,251
04/23/2021,CMH,OH,AGL,CE,Combined TRACON& Tower with Radar,158,32,44,0,234,0,0,8,1,9,158,32,52,1,243,0,0,0,243
04/24/2021,CMH,OH,AGL,CE,Combined TRACON& Tower with Radar,133,28,19,1,181,0,1,6,0,7,133,29,25,1,188,0,0,0,188
04/25/2021,CMH,OH,AGL,CE,Combined TRACON& Tower with Radar,160,35,23,1,219,0,2,7,0,9,160,37,30,1,228,0,0,0,228
04/26/2021,CMH,OH,AGL,CE,Combined TRACON& Tower with Radar,160,34,59,0,253,0,0,10,0,10,160,34,69,0,263,0,0,0,263
04/27/2021,CMH,OH,AGL,CE,Combined TRACON& Tower with Radar,124,36,51,1,212,0,0,17,4,21,124,36,68,5,233,0,0,0,233
04/28/2021,CMH,OH,AGL,CE,Combined TRACON& Tower with Radar,127,37,39,0,203,0,3,0,0,3,127,40,39,0,206,0,0,0,206
04/29/2021,CMH,OH,AGL,CE,Combined TRACON& Tower with Radar,162,35,45,1,243,0,0,0,0,0,162,35,45,1,243,0,0,0,243
04/30/2021,CMH,OH,AGL,CE,Combined TRACON& Tower with Radar,158,33,41,1,233,0,3,11,0,14,158,36,52,1,247,0,0,0,247
05/01/2021,CMH,OH,AGL,CE,Combined TRACON& Tower with Radar,140,41,22,0,203,0,2,19,0,21,140,43,41,0,224,0,0,0,224
05/02/2021,CMH,OH,AGL,CE,Combined TRACON& Tower with Radar,164,48,33,0,245,0,0,20,0,20,164,48,53,0,265,0,0,0,265
05/03/2021,CMH,OH,AGL,CE,Combined TRACON& Tower with Radar,160,33,26,1,220,0,2,3,1,6,160,35,29,2,226,0,0,0,226
05/04/2021,CMH,OH,AGL,CE,Combined TRACON& Tower with Radar,127,42,48,0,217,0,0,1,0,1,127,42,49,0,218,0,0,0,218
05/05/2021,CMH,OH,AGL,CE,Combined TRACON& Tower with Radar,132,55,32,0,219,0,2,7,0,9,132,57,39,0,228,0,0,0,228
05/06/2021,CMH,OH,AGL,CE,Combined TRACON& Tower with Radar,169,55,54,2,280,0,0,17,0,17,169,55,71,2,297,0,0,0,297
05/07/2021,CMH,OH,AGL,CE,Combined TRACON& Tower with Radar,170,36,47,3,256,0,0,1,3,4,170,36,48,6,260,0,0,0,260
05/08/2021,CMH,OH,AGL,CE,Combined TRACON& Tower with Radar,154,21,29,2,206,0,4,20,1,25,154,25,49,3,231,0,0,0,231
05/09/2021,CMH,OH,AGL,CE,Combined TRACON& Tower with Radar,173,35,18,3,229,0,0,0,0,0,173,35,18,3,229,0,0,0,229
05/10/2021,CMH,OH,AGL,CE,Combined TRACON& Tower with Radar,170,44,35,0,249,0,2,4,0,6,170,46,39,0,255,0,0,0,255
05/11/2021,CMH,OH,AGL,CE,Combined TRACON& Tower with Radar,148,23,42,0,213,0,2,12,2,16,148,25,54,2,229,0,0,0,229
05/12/2021,CMH,OH,AGL,CE,Combined TRACON& Tower with Radar,157,54,58,0,269,0,1,10,0,11,157,55,68,0,280,0,0,0,280
05/13/2021,CMH,OH,AGL,CE,Combined TRACON& Tower with Radar,175,53,59,0,287,0,4,20,0,24,175,57,79,0,311,0,0,0,311
05/14/2021,CMH,OH,AGL,CE,Combined TRACON& Tower with Radar,172,38,36,0,246,0,1,18,0,19,172,39,54,0,265,0,0,0,265
05/15/2021,CMH,OH,AGL,CE,Combined TRACON& Tower with Radar,153,28,26,0,207,0,2,20,0,22,153,30,46,0,229,0,0,0,229
05/16/2021,CMH,OH,AGL,CE,Combined TRACON& Tower with Radar,172,33,38,0,243,0,2,11,0,13,172,35,49,0,256,0,0,0,256
05/17/2021,CMH,OH,AGL,CE,Combined TRACON& Tower with Radar,181,38,39,0,258,0,0,3,0,3,181,38,42,0,261,0,0,0,261
05/18/2021,CMH,OH,AGL,CE,Combined TRACON& Tower with Radar,156,50,43,0,249,0,2,9,0,11,156,52,52,0,260,0,0,0,260
05/19/2021,CMH,OH,AGL,CE,Combined TRACON& Tower with Radar,161,54,52,0,267,0,0,10,0,10,161,54,62,0,277,0,0,0,277
05/20/2021,CMH,OH,AGL,CE,Combined TRACON& Tower with Radar,179,35,61,0,275,0,3,13,0,16,179,38,74,0,291,0,0,0,291
05/21/2021,CMH,OH,AGL,CE,Combined TRACON& Tower with Radar,178,28,34,3,243,0,7,15,0,22,178,35,49,3,265,0,0,0,265
05/22/2021,CMH,OH,AGL,CE,Combined TRACON& Tower with Radar,163,33,21,3,220,0,6,11,0,17,163,39,32,3,237,0,0,0,237
05/23/2021,CMH,OH,AGL,CE,Combined TRACON& Tower with Radar,178,28,32,0,238,0,3,1,1,5,178,31,33,1,243,0,0,0,243
05/24/2021,CMH,OH,AGL,CE,Combined TRACON& Tower with Radar,182,38,44,0,264,0,1,17,0,18,182,39,61,0,282,0,0,0,282
05/25/2021,CMH,OH,AGL,CE,Combined TRACON& Tower with Radar,160,36,41,7,244,0,4,9,0,13,160,40,50,7,257,0,0,0,257
05/26/2021,CMH,OH,AGL,CE,Combined TRACON& Tower with Radar,159,42,61,10,272,0,1,7,1,9,159,43,68,11,281,10,0,10,291
05/27/2021,CMH,OH,AGL,CE,Combined TRACON& Tower with Radar,185,45,55,2,287,0,3,15,1,19,185,48,70,3,306,0,0,0,306
05/28/2021,CMH,OH,AGL,CE,Combined TRACON& Tower with Radar,193,25,38,0,256,0,0,1,0,1,193,25,39,0,257,0,0,0,257
05/29/2021,CMH,OH,AGL,CE,Combined TRACON& Tower with Radar,163,31,30,0,224,0,0,4,0,4,163,31,34,0,228,0,0,0,228
05/30/2021,CMH,OH,AGL,CE,Combined TRACON& Tower with Radar,167,17,25,0,209,0,3,8,4,15,167,20,33,4,224,0,0,0,224
05/31/2021,CMH,OH,AGL,CE,Combined TRACON& Tower with Radar,186,22,27,0,235,0,2,15,0,17,186,24,42,0,252,0,0,0,252
06/01/2021,CMH,OH,AGL,CE,Combined TRACON& Tower with Radar,166,39,51,0,256,0,0,8,1,9,166,39,59,1,265,0,0,0,265
06/02/2021,CMH,OH,AGL,CE,Combined TRACON& Tower with Radar,170,42,41,0,253,0,0,2,0,2,170,42,43,0,255,0,0,0,255
06/03/2021,CMH,OH,AGL,CE,Combined TRACON& Tower with Radar,179,34,50,0,263,0,0,2,0,2,179,34,52,0,265,0,0,0,265
06/04/2021,CMH,OH,AGL,CE,Combined TRACON& Tower with Radar,189,44,43,0,276,0,0,5,0,5,189,44,48,0,281,0,0,0,281
06/05/2021,CMH,OH,AGL,CE,Combined TRACON& Tower with Radar,175,36,29,0,240,0,2,13,0,15,175,38,42,0,255,0,0,0,255
06/06/2021,CMH,OH,AGL,CE,Combined TRACON& Tower with Radar,209,38,33,1,281,0,0,17,0,17,209,38,50,1,298,0,0,0,298
06/07/2021,CMH,OH,AGL,CE,Combined TRACON& Tower with Radar,189,33,41,2,265,0,6,6,1,13,189,39,47,3,278,0,0,0,278
06/08/2021,CMH,OH,AGL,CE,Combined TRACON& Tower with Radar,187,39,56,2,284,0,0,7,0,7,187,39,63,2,291,0,0,0,291
06/09/2021,CMH,OH,AGL,CE,Combined TRACON& Tower with Radar,184,49,59,0,292,0,0,0,0,0,184,49,59,0,292,0,0,0,292
06/10/2021,CMH,OH,AGL,CE,Combined TRACON& Tower with Radar,196,49,63,2,310,0,2,2,0,4,196,51,65,2,314,0,0,0,314
06/11/2021,CMH,OH,AGL,CE,Combined TRACON& Tower with Radar,203,46,46,0,295,0,0,5,0,5,203,46,51,0,300,0,0,0,300
06/12/2021,CMH,OH,AGL,CE,Combined TRACON& Tower with Radar,196,28,14,0,238,0,0,10,0,10,196,28,24,0,248,6,0,6,254
06/13/2021,CMH,OH,AGL,CE,Combined TRACON& Tower with Radar,203,31,41,1,276,0,2,10,0,12,203,33,51,1,288,0,0,0,288
06/14/2021,CMH,OH,AGL,CE,Combined TRACON& Tower with Radar,204,46,37,0,287,0,0,11,0,11,204,46,48,0,298,0,0,0,298
06/15/2021,CMH,OH,AGL,CE,Combined TRACON& Tower with Radar,186,46,62,0,294,0,2,11,0,13,186,48,73,0,307,0,0,0,307
06/16/2021,CMH,OH,AGL,CE,Combined TRACON& Tower with Radar,180,46,62,0,288,0,1,21,0,22,180,47,83,0,310,0,0,0,310
06/17/2021,CMH,OH,AGL,CE,Combined TRACON& Tower with Radar,199,55,43,0,297,0,0,12,0,12,199,55,55,0,309,0,0,0,309
06/18/2021,CMH,OH,AGL,CE,Combined TRACON& Tower with Radar,202,51,42,0,295,0,4,1,0,5,202,55,43,0,300,0,0,0,300
06/19/2021,CMH,OH,AGL,CE,Combined TRACON& Tower with Radar,194,44,18,0,256,0,0,2,0,2,194,44,20,0,258,0,0,0,258
06/20/2021,CMH,OH,AGL,CE,Combined TRACON& Tower with Radar,202,32,30,4,268,0,0,3,0,3,202,32,33,4,271,0,0,0,271
06/21/2021,CMH,OH,AGL,CE,Combined TRACON& Tower with Radar,195,32,39,1,267,0,0,3,0,3,195,32,42,1,270,0,0,0,270
06/22/2021,CMH,OH,AGL,CE,Combined TRACON& Tower with Radar,185,32,62,3,282,0,2,7,2,11,185,34,69,5,293,0,0,0,293
06/23/2021,CMH,OH,AGL,CE,Combined TRACON& Tower with Radar,186,44,66,2,298,0,0,5,0,5,186,44,71,2,303,0,0,0,303
06/24/2021,CMH,OH,AGL,CE,Combined TRACON& Tower with Radar,197,31,68,0,296,0,2,12,1,15,197,33,80,1,311,0,0,0,311
06/25/2021,CMH,OH,AGL,CE,Combined TRACON& Tower with Radar,202,37,54,0,293,0,0,2,1,3,202,37,56,1,296,0,0,0,296
06/26/2021,CMH,OH,AGL,CE,Combined TRACON& Tower with Radar,192,32,19,0,243,0,0,6,0,6,192,32,25,0,249,0,0,0,249
06/27/2021,CMH,OH,AGL,CE,Combined TRACON& Tower with Radar,207,27,32,0,266,0,3,8,0,11,207,30,40,0,277,0,0,0,277
06/28/2021,CMH,OH,AGL,CE,Combined TRACON& Tower with Radar,200,32,45,1,278,0,0,6,1,7,200,32,51,2,285,0,0,0,285
06/29/2021,CMH,OH,AGL,CE,Combined TRACON& Tower with Radar,186,49,47,2,284,0,5,5,0,10,186,54,52,2,294,0,0,0,294
06/30/2021,CMH,OH,AGL,CE,Combined TRACON& Tower with Radar,180,54,55,0,289,0,0,2,0,2,180,54,57,0,291,0,0,0,291
07/01/2021,CMH,OH,AGL,CE,Combined TRACON& Tower with Radar,199,56,43,4,302,0,0,2,0,2,199,56,45,4,304,0,0,0,304
07/02/2021,CMH,OH,AGL,CE,Combined TRACON& Tower with Radar,189,44,42,1,276,0,0,5,0,5,189,44,47,1,281,0,0,0,281
07/03/2021,CMH,OH,AGL,CE,Combined TRACON& Tower with Radar,197,40,19,0,256,0,2,11,2,15,197,42,30,2,271,0,0,0,271
07/04/2021,CMH,OH,AGL,CE,Combined TRACON& Tower with Radar,184,27,12,0,223,0,0,15,4,19,184,27,27,4,242,6,0,6,248
07/05/2021,CMH,OH,AGL,CE,Combined TRACON& Tower with Radar,197,33,27,3,260,0,1,9,0,10,197,34,36,3,270,0,0,0,270
07/06/2021,CMH,OH,AGL,CE,Combined TRACON& Tower with Radar,187,38,36,0,261,0,4,19,3,26,187,42,55,3,287,0,0,0,287
07/07/2021,CMH,OH,AGL,CE,Combined TRACON& Tower with Radar,187,33,41,0,261,0,3,4,0,7,187,36,45,0,268,0,0,0,268
07/08/2021,CMH,OH,AGL,CE,Combined TRACON& Tower with Radar,199,55,50,0,304,0,0,0,0,0,199,55,50,0,304,0,0,0,304
07/09/2021,CMH,OH,AGL,CE,Combined TRACON& Tower with Radar,206,46,42,4,298,0,1,9,0,10,206,47,51,4,308,0,0,0,308
07/10/2021,CMH,OH,AGL,CE,Combined TRACON& Tower with Radar,203,36,30,0,269,0,0,4,0,4,203,36,34,0,273,0,0,0,273
07/11/2021,CMH,OH,AGL,CE,Combined TRACON& Tower with Radar,217,31,43,0,291,0,0,2,0,2,217,31,45,0,293,0,0,0,293
07/12/2021,CMH,OH,AGL,CE,Combined TRACON& Tower with Radar,194,44,67,2,307,0,0,6,0,6,194,44,73,2,313,0,0,0,313
07/13/2021,CMH,OH,AGL,CE,Combined TRACON& Tower with Radar,199,52,61,0,312,0,0,4,0,4,199,52,65,0,316,0,0,0,316
07/14/2021,CMH,OH,AGL,CE,Combined TRACON& Tower with Radar,192,43,71,3,309,0,1,10,0,11,192,44,81,3,320,0,0,0,320
07/15/2021,CMH,OH,AGL,CE,Combined TRACON& Tower with Radar,203,45,73,0,321,0,0,12,0,12,203,45,85,0,333,0,0,0,333
07/16/2021,CMH,OH,AGL,CE,Combined TRACON& Tower with Radar,208,42,46,0,296,0,0,9,0,9,208,42,55,0,305,0,0,0,305
07/17/2021,CMH,OH,AGL,CE,Combined TRACON& Tower with Radar,206,29,33,0,268,0,0,4,0,4,206,29,37,0,272,0,0,0,272
07/18/2021,CMH,OH,AGL,CE,Combined TRACON& Tower with Radar,213,43,36,0,292,0,0,6,0,6,213,43,42,0,298,0,0,0,298
07/19/2021,CMH,OH,AGL,CE,Combined TRACON& Tower with Radar,209,45,41,0,295,0,4,4,0,8,209,49,45,0,303,0,0,0,303
07/20/2021,CMH,OH,AGL,CE,Combined TRACON& Tower with Radar,201,46,55,0,302,0,0,9,0,9,201,46,64,0,311,0,0,0,311
07/21/2021,CMH,OH,AGL,CE,Combined TRACON& Tower with Radar,196,41,71,8,316,0,2,8,0,10,196,43,79,8,326,0,0,0,326
07/22/2021,CMH,OH,AGL,CE,Combined TRACON& Tower with Radar,199,43,66,0,308,0,3,19,0,22,199,46,85,0,330,0,0,0,330
07/23/2021,CMH,OH,AGL,CE,Combined TRACON& Tower with Radar,214,52,47,0,313,0,0,19,0,19,214,52,66,0,332,0,0,0,332
07/24/2021,CMH,OH,AGL,CE,Combined TRACON& Tower with Radar,206,31,33,0,270,0,2,8,0,10,206,33,41,0,280,0,0,0,280
07/25/2021,CMH,OH,AGL,CE,Combined TRACON& Tower with Radar,219,34,39,0,292,0,2,5,0,7,219,36,44,0,299,0,0,0,299
07/26/2021,CMH,OH,AGL,CE,Combined TRACON& Tower with Radar,205,32,51,0,288,0,5,12,2,19,205,37,63,2,307,0,0,0,307
07/27/2021,CMH,OH,AGL,CE,Combined TRACON& Tower with Radar,189,37,50,0,276,0,4,13,0,17,189,41,63,0,293,0,0,0,293
07/28/2021,CMH,OH,AGL,CE,Combined TRACON& Tower with Radar,191,42,67,2,302,0,3,14,0,17,191,45,81,2,319,0,0,0,319
07/29/2021,CMH,OH,AGL,CE,Combined TRACON& Tower with Radar,211,48,53,0,312,0,1,5,2,8,211,49,58,2,320,0,0,0,320
07/30/2021,CMH,OH,AGL,CE,Combined TRACON& Tower with Radar,210,43,45,0,298,0,1,8,0,9,210,44,53,0,307,0,0,0,307
07/31/2021,CMH,OH,AGL,CE,Combined TRACON& Tower with Radar,198,37,25,0,260,0,3,12,2,17,198,40,37,2,277,0,0,0,277
08/01/2021,CMH,OH,AGL,CE,Combined TRACON& Tower with Radar,208,39,32,0,279,0,0,9,1,10,208,39,41,1,289,0,0,0,289
08/02/2021,CMH,OH,AGL,CE,Combined TRACON& Tower with Radar,203,31,44,1,279,0,0,16,1,17,203,31,60,2,296,0,0,0,296
08/03/2021,CMH,OH,AGL,CE,Combined TRACON& Tower with Radar,176,35,47,1,259,0,4,9,0,13,176,39,56,1,272,0,0,0,272
08/04/2021,CMH,OH,AGL,CE,Combined TRACON& Tower with Radar,172,40,50,0,262,0,2,13,0,15,172,42,63,0,277,0,0,0,277
08/05/2021,CMH,OH,AGL,CE,Combined TRACON& Tower with Radar,194,34,52,6,286,0,2,13,0,15,194,36,65,6,301,0,0,0,301
08/06/2021,CMH,OH,AGL,CE,Combined TRACON& Tower with Radar,195,42,43,8,288,0,0,15,0,15,195,42,58,8,303,0,0,0,303
08/07/2021,CMH,OH,AGL,CE,Combined TRACON& Tower with Radar,192,46,20,2,260,0,0,10,2,12,192,46,30,4,272,0,0,0,272
08/08/2021,CMH,OH,AGL,CE,Combined TRACON& Tower with Radar,209,30,30,1,270,0,1,9,1,11,209,31,39,2,281,0,0,0,281
08/09/2021,CMH,OH,AGL,CE,Combined TRACON& Tower with Radar,199,35,52,0,286,0,0,9,1,10,199,35,61,1,296,0,0,0,296
08/10/2021,CMH,OH,AGL,CE,Combined TRACON& Tower with Radar,179,42,55,0,276,0,0,7,1,8,179,42,62,1,284,0,0,0,284
08/11/2021,CMH,OH,AGL,CE,Combined TRACON& Tower with Radar,189,54,48,3,294,0,2,3,0,5,189,56,51,3,299,0,0,0,299
08/12/2021,CMH,OH,AGL,CE,Combined TRACON& Tower with Radar,197,45,57,0,299,0,1,2,1,4,197,46,59,1,303,0,0,0,303
08/13/2021,CMH,OH,AGL,CE,Combined TRACON& Tower with Radar,208,35,39,0,282,0,0,1,0,1,208,35,40,0,283,0,0,0,283
08/14/2021,CMH,OH,AGL,CE,Combined TRACON& Tower with Radar,188,20,32,0,240,0,2,7,0,9,188,22,39,0,249,0,0,0,249
08/15/2021,CMH,OH,AGL,CE,Combined TRACON& Tower with Radar,209,32,37,0,278,0,1,6,0,7,209,33,43,0,285,0,0,0,285
08/16/2021,CMH,OH,AGL,CE,Combined TRACON& Tower with Radar,209,55,54,0,318,0,0,0,0,0,209,55,54,0,318,0,0,0,318
08/17/2021,CMH,OH,AGL,CE,Combined TRACON& Tower with Radar,185,38,54,0,277,0,0,0,0,0,185,38,54,0,277,0,0,0,277
08/18/2021,CMH,OH,AGL,CE,Combined TRACON& Tower with Radar,179,56,65,0,300,0,2,6,0,8,179,58,71,0,308,0,0,0,308
08/19/2021,CMH,OH,AGL,CE,Combined TRACON& Tower with Radar,213,42,61,0,316,0,0,6,0,6,213,42,67,0,322,0,0,0,322
08/20/2021,CMH,OH,AGL,CE,Combined TRACON& Tower with Radar,210,34,50,0,294,0,0,14,0,14,210,34,64,0,308,0,0,0,308
08/21/2021,CMH,OH,AGL,CE,Combined TRACON& Tower with Radar,191,28,42,0,261,0,3,17,1,21,191,31,59,1,282,0,0,0,282
08/22/2021,CMH,OH,AGL,CE,Combined TRACON& Tower with Radar,205,33,30,0,268,0,2,12,0,14,205,35,42,0,282,0,0,0,282
08/23/2021,CMH,OH,AGL,CE,Combined TRACON& Tower with Radar,205,47,53,0,305,0,3,10,0,13,205,50,63,0,318,0,0,0,318
08/24/2021,CMH,OH,AGL,CE,Combined TRACON& Tower with Radar,180,58,68,0,306,0,11,17,0,28,180,69,85,0,334,0,0,0,334
08/25/2021,CMH,OH,AGL,CE,Combined TRACON& Tower with Radar,180,47,61,0,288,0,2,7,0,9,180,49,68,0,297,0,0,0,297
08/26/2021,CMH,OH,AGL,CE,Combined TRACON& Tower with Radar,205,48,69,0,322,0,0,2,0,2,205,48,71,0,324,0,0,0,324
08/27/2021,CMH,OH,AGL,CE,Combined TRACON& Tower with Radar,208,42,44,0,294,0,0,8,0,8,208,42,52,0,302,0,0,0,302
08/28/2021,CMH,OH,AGL,CE,Combined TRACON& Tower with Radar,194,38,45,0,277,0,1,9,1,11,194,39,54,1,288,0,0,0,288
08/29/2021,CMH,OH,AGL,CE,Combined TRACON& Tower with Radar,209,32,37,0,278,0,0,11,0,11,209,32,48,0,289,0,0,0,289
08/30/2021,CMH,OH,AGL,CE,Combined TRACON& Tower with Radar,204,42,54,0,300,0,0,5,0,5,204,42,59,0,305,0,0,0,305
08/31/2021,CMH,OH,AGL,CE,Combined TRACON& Tower with Radar,179,43,51,1,274,0,0,0,0,0,179,43,51,1,274,0,0,0,274
09/01/2021,CMH,OH,AGL,CE,Combined TRACON& Tower with Radar,179,46,42,0,267,0,5,2,1,8,179,51,44,1,275,0,0,0,275
09/02/2021,CMH,OH,AGL,CE,Combined TRACON& Tower with Radar,203,52,53,0,308,0,0,9,0,9,203,52,62,0,317,0,0,0,317
09/03/2021,CMH,OH,AGL,CE,Combined TRACON& Tower with Radar,206,36,52,0,294,0,2,14,0,16,206,38,66,0,310,0,0,0,310
09/04/2021,CMH,OH,AGL,CE,Combined TRACON& Tower with Radar,194,40,26,0,260,0,0,8,0,8,194,40,34,0,268,0,0,0,268
09/05/2021,CMH,OH,AGL,CE,Combined TRACON& Tower with Radar,188,25,10,0,223,0,1,5,2,8,188,26,15,2,231,0,0,0,231
09/06/2021,CMH,OH,AGL,CE,Combined TRACON& Tower with Radar,190,44,36,0,270,0,3,11,0,14,190,47,47,0,284,0,0,0,284
09/07/2021,CMH,OH,AGL,CE,Combined TRACON& Tower with Radar,164,40,49,0,253,0,1,8,1,10,164,41,57,1,263,0,0,0,263
09/08/2021,CMH,OH,AGL,CE,Combined TRACON& Tower with Radar,169,49,50,0,268,0,3,5,1,9,169,52,55,1,277,0,0,0,277
09/09/2021,CMH,OH,AGL,CE,Combined TRACON& Tower with Radar,204,46,71,0,321,0,0,12,0,12,204,46,83,0,333,0,0,0,333
09/10/2021,CMH,OH,AGL,CE,Combined TRACON& Tower with Radar,206,58,52,0,316,0,8,11,0,19,206,66,63,0,335,0,0,0,335
09/11/2021,CMH,OH,AGL,CE,Combined TRACON& Tower with Radar,182,49,37,0,268,0,7,12,0,19,182,56,49,0,287,0,0,0,287
09/12/2021,CMH,OH,AGL,CE,Combined TRACON& Tower with Radar,211,54,44,0,309,0,0,13,0,13,211,54,57,0,322,0,0,0,322
09/13/2021,CMH,OH,AGL,CE,Combined TRACON& Tower with Radar,210,41,41,0,292,0,0,5,0,5,210,41,46,0,297,0,0,0,297
09/14/2021,CMH,OH,AGL,CE,Combined TRACON& Tower with Radar,165,52,57,0,274,0,2,4,0,6,165,54,61,0,280,0,0,0,280
09/15/2021,CMH,OH,AGL,CE,Combined TRACON& Tower with Radar,171,46,81,0,298,0,2,5,0,7,171,48,86,0,305,0,0,0,305
09/16/2021,CMH,OH,AGL,CE,Combined TRACON& Tower with Radar,210,44,48,0,302,0,4,10,0,14,210,48,58,0,316,0,0,0,316
09/17/2021,CMH,OH,AGL,CE,Combined TRACON& Tower with Radar,213,53,51,0,317,0,2,16,0,18,213,55,67,0,335,0,0,0,335
09/18/2021,CMH,OH,AGL,CE,Combined TRACON& Tower with Radar,182,40,28,0,250,0,0,13,2,15,182,40,41,2,265,0,0,0,265
09/19/2021,CMH,OH,AGL,CE,Combined TRACON& Tower with Radar,220,45,33,0,298,0,4,16,0,20,220,49,49,0,318,0,0,0,318
09/20/2021,CMH,OH,AGL,CE,Combined TRACON& Tower with Radar,213,39,29,0,281,0,4,8,0,12,213,43,37,0,293,0,0,0,293
09/21/2021,CMH,OH,AGL,CE,Combined TRACON& Tower with Radar,177,35,62,2,276,0,0,1,0,1,177,35,63,2,277,0,0,0,277
09/22/2021,CMH,OH,AGL,CE,Combined TRACON& Tower with Radar,180,46,57,0,283,0,0,0,0,0,180,46,57,0,283,0,0,0,283
09/23/2021,CMH,OH,AGL,CE,Combined TRACON& Tower with Radar,212,57,60,0,329,0,0,3,0,3,212,57,63,0,332,0,0,0,332
09/24/2021,CMH,OH,AGL,CE,Combined TRACON& Tower with Radar,216,47,36,0,299,0,4,34,0,38,216,51,70,0,337,0,0,0,337
09/25/2021,CMH,OH,AGL,CE,Combined TRACON& Tower with Radar,180,31,34,0,245,0,0,12,0,12,180,31,46,0,257,0,0,0,257
09/26/2021,CMH,OH,AGL,CE,Combined TRACON& Tower with Radar,213,55,37,0,305,0,2,13,0,15,213,57,50,0,320,0,0,0,320
09/27/2021,CMH,OH,AGL,CE,Combined TRACON& Tower with Radar,215,57,57,0,329,0,0,4,0,4,215,57,61,0,333,0,0,0,333
09/28/2021,CMH,OH,AGL,CE,Combined TRACON& Tower with Radar,177,55,71,0,303,0,4,5,1,10,177,59,76,1,313,0,0,0,313
09/29/2021,CMH,OH,AGL,CE,Combined TRACON& Tower with Radar,174,58,48,0,280,0,4,11,1,16,174,62,59,1,296,0,0,0,296
09/30/2021,CMH,OH,AGL,CE,Combined TRACON& Tower with Radar,204,46,63,0,313,0,6,25,0,31,204,52,88,0,344,0,0,0,344
10/01/2021,CMH,OH,AGL,CE,Combined TRACON& Tower with Radar,216,52,51,0,319,0,4,14,0,18,216,56,65,0,337,0,0,0,337
10/02/2021,CMH,OH,AGL,CE,Combined TRACON& Tower with Radar,183,35,25,0,243,0,0,13,0,13,183,35,38,0,256,0,0,0,256
10/03/2021,CMH,OH,AGL,CE,Combined TRACON& Tower with Radar,213,36,31,0,280,0,0,0,0,0,213,36,31,0,280,0,0,0,280
10/04/2021,CMH,OH,AGL,CE,Combined TRACON& Tower with Radar,207,50,53,0,310,0,3,4,0,7,207,53,57,0,317,0,0,0,317
10/05/2021,CMH,OH,AGL,CE,Combined TRACON& Tower with Radar,189,55,47,0,291,0,0,9,0,9,189,55,56,0,300,0,0,0,300
10/06/2021,CMH,OH,AGL,CE,Combined TRACON& Tower with Radar,178,65,82,2,327,0,0,11,2,13,178,65,93,4,340,0,0,0,340
10/07/2021,CMH,OH,AGL,CE,Combined TRACON& Tower with Radar,222,50,86,4,362,0,2,8,0,10,222,52,94,4,372,0,0,0,372
10/08/2021,CMH,OH,AGL,CE,Combined TRACON& Tower with Radar,212,67,55,8,342,0,0,11,2,13,212,67,66,10,355,0,0,0,355
10/09/2021,CMH,OH,AGL,CE,Combined TRACON& Tower with Radar,189,33,29,0,251,0,0,8,0,8,189,33,37,0,259,0,0,0,259
10/10/2021,CMH,OH,AGL,CE,Combined TRACON& Tower with Radar,202,52,37,0,291,0,3,6,1,10,202,55,43,1,301,0,0,0,301
10/11/2021,CMH,OH,AGL,CE,Combined TRACON& Tower with Radar,210,57,42,0,309,0,0,20,0,20,210,57,62,0,329,0,0,0,329
10/12/2021,CMH,OH,AGL,CE,Combined TRACON& Tower with Radar,187,48,48,0,283,0,1,7,0,8,187,49,55,0,291,0,0,0,291
10/13/2021,CMH,OH,AGL,CE,Combined TRACON& Tower with Radar,190,37,74,18,319,0,0,7,0,7,190,37,81,18,326,0,0,0,326
10/14/2021,CMH,OH,AGL,CE,Combined TRACON& Tower with Radar,222,55,90,0,367,0,3,6,0,9,222,58,96,0,376,0,0,0,376
10/15/2021,CMH,OH,AGL,CE,Combined TRACON& Tower with Radar,223,49,40,0,312,0,1,6,0,7,223,50,46,0,319,0,0,0,319
10/16/2021,CMH,OH,AGL,CE,Combined TRACON& Tower with Radar,191,38,29,0,258,0,0,5,0,5,191,38,34,0,263,0,0,0,263
10/17/2021,CMH,OH,AGL,CE,Combined TRACON& Tower with Radar,210,48,48,0,306,0,0,8,0,8,210,48,56,0,314,0,0,0,314
10/18/2021,CMH,OH,AGL,CE,Combined TRACON& Tower with Radar,221,55,50,0,326,0,2,11,0,13,221,57,61,0,339,0,0,0,339
10/19/2021,CMH,OH,AGL,CE,Combined TRACON& Tower with Radar,196,58,49,0,303,0,0,17,0,17,196,58,66,0,320,0,0,0,320
10/20/2021,CMH,OH,AGL,CE,Combined TRACON& Tower with Radar,191,51,54,1,297,0,0,13,1,14,191,51,67,2,311,0,0,0,311
10/21/2021,CMH,OH,AGL,CE,Combined TRACON& Tower with Radar,222,53,58,0,333,0,2,3,0,5,222,55,61,0,338,0,0,0,338
10/22/2021,CMH,OH,AGL,CE,Combined TRACON& Tower with Radar,222,46,51,0,319,0,2,2,0,4,222,48,53,0,323,0,0,0,323
10/23/2021,CMH,OH,AGL,CE,Combined TRACON& Tower with Radar,186,43,27,0,256,0,0,0,0,0,186,43,27,0,256,0,0,0,256
10/24/2021,CMH,OH,AGL,CE,Combined TRACON& Tower with Radar,209,45,27,0,281,0,0,1,0,1,209,45,28,0,282,0,0,0,282
10/25/2021,CMH,OH,AGL,CE,Combined TRACON& Tower with Radar,196,42,30,0,268,0,2,1,0,3,196,44,31,0,271,0,0,0,271
10/26/2021,CMH,OH,AGL,CE,Combined TRACON& Tower with Radar,198,47,55,4,304,0,1,7,0,8,198,48,62,4,312,0,0,0,312
10/27/2021,CMH,OH,AGL,CE,Combined TRACON& Tower with Radar,193,52,62,0,307,0,0,0,2,2,193,52,62,2,309,0,0,0,309
10/28/2021,CMH,OH,AGL,CE,Combined TRACON& Tower with Radar,213,60,63,0,336,0,0,15,0,15,213,60,78,0,351,0,0,0,351
10/29/2021,CMH,OH,AGL,CE,Combined TRACON& Tower with Radar,224,69,52,1,346,0,0,1,0,1,224,69,53,1,347,0,0,0,347
10/30/2021,CMH,OH,AGL,CE,Combined TRACON& Tower with Radar,176,42,33,0,251,0,0,0,0,0,176,42,33,0,251,0,0,0,251
10/31/2021,CMH,OH,AGL,CE,Combined TRACON& Tower with Radar,175,69,57,0,301,0,0,6,0,6,175,69,63,0,307,0,0,0,307
11/01/2021,CMH,OH,AGL,CE,Combined TRACON& Tower with Radar,193,60,52,3,308,0,2,18,0,20,193,62,70,3,328,0,0,0,328
11/02/2021,CMH,OH,AGL,CE,Combined TRACON& Tower with Radar,198,56,52,5,311,0,3,14,0,17,198,59,66,5,328,0,0,0,328
11/03/2021,CMH,OH,AGL,CE,Combined TRACON& Tower with Radar,204,67,56,0,327,0,3,18,0,21,204,70,74,0,348,0,0,0,348
11/04/2021,CMH,OH,AGL,CE,Combined TRACON& Tower with Radar,242,65,75,0,382,0,0,14,0,14,242,65,89,0,396,0,0,0,396
11/05/2021,CMH,OH,AGL,CE,Combined TRACON& Tower with Radar,234,65,51,5,355,0,1,12,0,13,234,66,63,5,368,0,0,0,368
11/06/2021,CMH,OH,AGL,CE,Combined TRACON& Tower with Radar,199,38,23,6,266,0,0,20,0,20,199,38,43,6,286,0,0,0,286
11/07/2021,CMH,OH,AGL,CE,Combined TRACON& Tower with Radar,220,48,47,0,315,0,2,21,0,23,220,50,68,0,338,0,0,0,338
11/08/2021,CMH,OH,AGL,CE,Combined TRACON& Tower with Radar,224,47,43,2,316,0,3,23,0,26,224,50,66,2,342,0,0,0,342
11/09/2021,CMH,OH,AGL,CE,Combined TRACON& Tower with Radar,207,44,63,0,314,0,0,16,0,16,207,44,79,0,330,0,0,0,330
11/10/2021,CMH,OH,AGL,CE,Combined TRACON& Tower with Radar,213,59,61,0,333,0,3,21,0,24,213,62,82,0,357,0,0,0,357
11/11/2021,CMH,OH,AGL,CE,Combined TRACON& Tower with Radar,227,48,57,1,333,0,1,1,0,2,227,49,58,1,335,0,0,0,335
11/12/2021,CMH,OH,AGL,CE,Combined TRACON& Tower with Radar,232,44,52,0,328,0,0,3,0,3,232,44,55,0,331,0,0,0,331
11/13/2021,CMH,OH,AGL,CE,Combined TRACON& Tower with Radar,185,35,27,1,248,0,0,1,1,2,185,35,28,2,250,0,0,0,250
11/14/2021,CMH,OH,AGL,CE,Combined TRACON& Tower with Radar,219,42,47,3,311,0,0,0,0,0,219,42,47,3,311,0,0,0,311
11/15/2021,CMH,OH,AGL,CE,Combined TRACON& Tower with Radar,228,44,56,0,328,0,0,10,0,10,228,44,66,0,338,0,0,0,338
11/16/2021,CMH,OH,AGL,CE,Combined TRACON& Tower with Radar,210,52,45,0,307,1,3,27,0,31,211,55,72,0,338,0,0,0,338
11/17/2021,CMH,OH,AGL,CE,Combined TRACON& Tower with Radar,221,59,65,2,347,0,0,4,0,4,221,59,69,2,351,0,0,0,351
11/18/2021,CMH,OH,AGL,CE,Combined TRACON& Tower with Radar,231,63,67,2,363,0,0,13,0,13,231,63,80,2,376,0,0,0,376
11/19/2021,CMH,OH,AGL,CE,Combined TRACON& Tower with Radar,241,52,60,3,356,0,0,14,0,14,241,52,74,3,370,0,0,0,370
11/20/2021,CMH,OH,AGL,CE,Combined TRACON& Tower with Radar,211,52,41,1,305,0,4,18,0,22,211,56,59,1,327,0,0,0,327
11/21/2021,CMH,OH,AGL,CE,Combined TRACON& Tower with Radar,232,29,41,0,302,0,0,0,0,0,232,29,41,0,302,0,0,0,302
11/22/2021,CMH,OH,AGL,CE,Combined TRACON& Tower with Radar,223,45,47,0,315,0,8,24,0,32,223,53,71,0,347,0,0,0,347
11/23/2021,CMH,OH,AGL,CE,Combined TRACON& Tower with Radar,255,53,61,2,371,0,2,29,0,31,255,55,90,2,402,0,0,0,402
11/24/2021,CMH,OH,AGL,CE,Combined TRACON& Tower with Radar,267,49,30,0,346,0,2,27,2,31,267,51,57,2,377,0,0,0,377
11/25/2021,CMH,OH,AGL,CE,Combined TRACON& Tower with Radar,135,24,3,0,162,0,0,0,0,0,135,24,3,0,162,0,0,0,162
11/26/2021,CMH,OH,AGL,CE,Combined TRACON& Tower with Radar,170,48,17,0,235,0,0,1,0,1,170,48,18,0,236,0,0,0,236
11/27/2021,CMH,OH,AGL,CE,Combined TRACON& Tower with Radar,229,55,31,0,315,0,2,8,0,10,229,57,39,0,325,0,0,0,325
11/28/2021,CMH,OH,AGL,CE,Combined TRACON& Tower with Radar,254,40,43,0,337,0,1,2,0,3,254,41,45,0,340,0,0,0,340
11/29/2021,CMH,OH,AGL,CE,Combined TRACON& Tower with Radar,260,44,52,0,356,0,2,17,0,19,260,46,69,0,375,0,0,0,375
11/30/2021,CMH,OH,AGL,CE,Combined TRACON& Tower with Radar,225,53,59,4,341,0,1,19,0,20,225,54,78,4,361,0,0,0,361
12/01/2021,CMH,OH,AGL,CE,Combined TRACON& Tower with Radar,224,59,61,1,345,0,0,7,0,7,224,59,68,1,352,0,0,0,352
12/02/2021,CMH,OH,AGL,CE,Combined TRACON& Tower with Radar,231,57,55,0,343,0,0,6,0,6,231,57,61,0,349,0,0,0,349
12/03/2021,CMH,OH,AGL,CE,Combined TRACON& Tower with Radar,237,49,23,3,312,0,1,20,0,21,237,50,43,3,333,0,0,0,333
12/04/2021,CMH,OH,AGL,CE,Combined TRACON& Tower with Radar,176,42,20,0,238,0,0,17,4,21,176,42,37,4,259,0,0,0,259
12/05/2021,CMH,OH,AGL,CE,Combined TRACON& Tower with Radar,222,43,24,0,289,0,0,10,0,10,222,43,34,0,299,0,0,0,299
12/06/2021,CMH,OH,AGL,CE,Combined TRACON& Tower with Radar,232,53,37,0,322,0,0,0,0,0,232,53,37,0,322,0,0,0,322
12/07/2021,CMH,OH,AGL,CE,Combined TRACON& Tower with Radar,199,53,67,0,319,0,0,15,0,15,199,53,82,0,334,0,0,0,334
12/08/2021,CMH,OH,AGL,CE,Combined TRACON& Tower with Radar,218,71,71,2,362,0,1,4,0,5,218,72,75,2,367,0,0,0,367
12/09/2021,CMH,OH,AGL,CE,Combined TRACON& Tower with Radar,226,58,64,0,348,0,0,9,0,9,226,58,73,0,357,0,0,0,357
12/10/2021,CMH,OH,AGL,CE,Combined TRACON& Tower with Radar,236,51,47,0,334,0,0,3,0,3,236,51,50,0,337,0,0,0,337
12/11/2021,CMH,OH,AGL,CE,Combined TRACON& Tower with Radar,171,37,14,0,222,0,0,1,0,1,171,37,15,0,223,0,0,0,223
12/12/2021,CMH,OH,AGL,CE,Combined TRACON& Tower with Radar,225,55,26,0,306,0,0,19,0,19,225,55,45,0,325,0,0,0,325
12/13/2021,CMH,OH,AGL,CE,Combined TRACON& Tower with Radar,233,60,55,0,348,0,1,18,0,19,233,61,73,0,367,0,0,0,367
12/14/2021,CMH,OH,AGL,CE,Combined TRACON& Tower with Radar,206,63,71,4,344,0,3,19,1,23,206,66,90,5,367,0,0,0,367
12/15/2021,CMH,OH,AGL,CE,Combined TRACON& Tower with Radar,213,67,53,0,333,0,0,11,0,11,213,67,64,0,344,0,0,0,344
12/16/2021,CMH,OH,AGL,CE,Combined TRACON& Tower with Radar,213,60,64,0,337,1,0,1,0,2,214,60,65,0,339,0,0,0,339
12/17/2021,CMH,OH,AGL,CE,Combined TRACON& Tower with Radar,236,55,43,0,334,0,2,16,0,18,236,57,59,0,352,0,0,0,352
12/18/2021,CMH,OH,AGL,CE,Combined TRACON& Tower with Radar,201,47,32,0,280,0,0,0,0,0,201,47,32,0,280,0,0,0,280
12/19/2021,CMH,OH,AGL,CE,Combined TRACON& Tower with Radar,214,37,22,0,273,0,0,2,0,2,214,37,24,0,275,0,0,0,275
12/20/2021,CMH,OH,AGL,CE,Combined TRACON& Tower with Radar,221,38,55,0,314,0,2,23,0,25,221,40,78,0,339,0,0,0,339
12/21/2021,CMH,OH,AGL,CE,Combined TRACON& Tower with Radar,214,47,44,0,305,0,0,11,0,11,214,47,55,0,316,0,0,0,316
12/22/2021,CMH,OH,AGL,CE,Combined TRACON& Tower with Radar,219,46,29,0,294,0,0,11,0,11,219,46,40,0,305,0,0,0,305
12/23/2021,CMH,OH,AGL,CE,Combined TRACON& Tower with Radar,232,37,24,0,293,0,0,9,0,9,232,37,33,0,302,0,0,0,302
12/24/2021,CMH,OH,AGL,CE,Combined TRACON& Tower with Radar,182,29,15,0,226,0,0,2,0,2,182,29,17,0,228,0,0,0,228
12/25/2021,CMH,OH,AGL,CE,Combined TRACON& Tower with Radar,167,39,4,0,210,0,0,0,0,0,167,39,4,0,210,0,0,0,210
12/26/2021,CMH,OH,AGL,CE,Combined TRACON& Tower with Radar,214,31,43,0,288,0,0,7,0,7,214,31,50,0,295,0,0,0,295
12/27/2021,CMH,OH,AGL,CE,Combined TRACON& Tower with Radar,215,38,39,0,292,0,0,2,0,2,215,38,41,0,294,0,0,0,294
12/28/2021,CMH,OH,AGL,CE,Combined TRACON& Tower with Radar,214,44,27,0,285,0,0,4,0,4,214,44,31,0,289,0,0,0,289
12/29/2021,CMH,OH,AGL,CE,Combined TRACON& Tower with Radar,226,30,24,0,280,0,0,0,0,0,226,30,24,0,280,0,0,0,280
12/30/2021,CMH,OH,AGL,CE,Combined TRACON& Tower with Radar,230,39,17,0,286,0,0,0,0,0,230,39,17,0,286,0,0,0,286
12/31/2021,CMH,OH,AGL,CE,Combined TRACON& Tower with Radar,172,33,3,0,208,1,0,2,0,3,173,33,5,0,211,0,0,0,211
01/01/2022,CMH,OH,AGL,CE,Combined TRACON& Tower with Radar,178,28,22,0,228,0,0,0,0,0,178,28,22,0,228,0,0,0,228
01/02/2022,CMH,OH,AGL,CE,Combined TRACON& Tower with Radar,224,40,37,0,301,0,0,0,0,0,224,40,37,0,301,0,0,0,301
01/03/2022,CMH,OH,AGL,CE,Combined TRACON& Tower with Radar,213,42,34,0,289,0,1,7,1,9,213,43,41,1,298,0,0,0,298
01/04/2022,CMH,OH,AGL,CE,Combined TRACON& Tower with Radar,204,29,30,0,263,0,2,13,1,16,204,31,43,1,279,0,0,0,279
01/05/2022,CMH,OH,AGL,CE,Combined TRACON& Tower with Radar,209,19,26,0,254,0,0,0,0,0,209,19,26,0,254,0,0,0,254
01/06/2022,CMH,OH,AGL,CE,Combined TRACON& Tower with Radar,211,36,41,0,288,0,0,2,0,2,211,36,43,0,290,0,0,0,290
01/07/2022,CMH,OH,AGL,CE,Combined TRACON& Tower with Radar,209,34,22,0,265,0,0,1,0,1,209,34,23,0,266,0,0,0,266
01/08/2022,CMH,OH,AGL,CE,Combined TRACON& Tower with Radar,177,27,14,0,218,0,1,9,0,10,177,28,23,0,228,0,0,0,228
01/09/2022,CMH,OH,AGL,CE,Combined TRACON& Tower with Radar,216,30,18,2,266,0,1,0,0,1,216,31,18,2,267,0,0,0,267
01/10/2022,CMH,OH,AGL,CE,Combined TRACON& Tower with Radar,225,39,34,2,300,0,0,4,0,4,225,39,38,2,304,0,0,0,304
01/11/2022,CMH,OH,AGL,CE,Combined TRACON& Tower with Radar,201,18,48,2,269,0,5,10,0,15,201,23,58,2,284,0,0,0,284
01/12/2022,CMH,OH,AGL,CE,Combined TRACON& Tower with Radar,213,37,33,0,283,0,0,9,0,9,213,37,42,0,292,0,0,0,292
01/13/2022,CMH,OH,AGL,CE,Combined TRACON& Tower with Radar,220,29,39,1,289,0,0,4,0,4,220,29,43,1,293,0,0,0,293
01/14/2022,CMH,OH,AGL,CE,Combined TRACON& Tower with Radar,224,34,36,1,295,0,0,0,0,0,224,34,36,1,295,0,0,0,295
01/15/2022,CMH,OH,AGL,CE,Combined TRACON& Tower with Radar,173,31,21,0,225,0,0,9,0,9,173,31,30,0,234,0,0,0,234
01/16/2022,CMH,OH,AGL,CE,Combined TRACON& Tower with Radar,154,32,16,1,203,0,1,7,0,8,154,33,23,1,211,0,0,0,211
01/17/2022,CMH,OH,AGL,CE,Combined TRACON& Tower with Radar,212,27,34,0,273,0,0,0,0,0,212,27,34,0,273,0,0,0,273
01/18/2022,CMH,OH,AGL,CE,Combined TRACON& Tower with Radar,211,34,27,1,273,0,0,3,0,3,211,34,30,1,276,0,0,0,276
01/19/2022,CMH,OH,AGL,CE,Combined TRACON& Tower with Radar,215,24,28,0,267,0,0,6,0,6,215,24,34,0,273,0,0,0,273
01/20/2022,CMH,OH,AGL,CE,Combined TRACON& Tower with Radar,213,28,35,2,278,0,0,7,1,8,213,28,42,3,286,0,0,0,286
01/21/2022,CMH,OH,AGL,CE,Combined TRACON& Tower with Radar,238,31,25,2,296,0,6,15,0,21,238,37,40,2,317,0,0,0,317
01/22/2022,CMH,OH,AGL,CE,Combined TRACON& Tower with Radar,164,27,15,0,206,1,6,14,2,23,165,33,29,2,229,0,0,0,229
01/23/2022,CMH,OH,AGL,CE,Combined TRACON& Tower with Radar,212,34,30,0,276,0,0,1,0,1,212,34,31,0,277,0,0,0,277
01/24/2022,CMH,OH,AGL,CE,Combined TRACON& Tower with Radar,234,40,31,0,305,0,2,1,0,3,234,42,32,0,308,0,0,0,308
01/25/2022,CMH,OH,AGL,CE,Combined TRACON& Tower with Radar,207,39,42,0,288,0,0,7,0,7,207,39,49,0,295,0,0,0,295
01/26/2022,CMH,OH,AGL,CE,Combined TRACON& Tower with Radar,212,32,70,0,314,0,2,9,1,12,212,34,79,1,326,0,0,0,326
01/27/2022,CMH,OH,AGL,CE,Combined TRACON& Tower with Radar,233,48,64,0,345,0,0,3,0,3,233,48,67,0,348,0,0,0,348
01/28/2022,CMH,OH,AGL,CE,Combined TRACON& Tower with Radar,238,27,33,0,298,0,0,0,0,0,238,27,33,0,298,0,0,0,298
01/29/2022,CMH,OH,AGL,CE,Combined TRACON& Tower with Radar,135,20,21,0,176,0,1,11,0,12,135,21,32,0,188,0,0,0,188
01/30/2022,CMH,OH,AGL,CE,Combined TRACON& Tower with Radar,203,33,29,0,265,0,0,7,0,7,203,33,36,0,272,0,0,0,272
01/31/2022,CMH,OH,AGL,CE,Combined TRACON& Tower with Radar,233,46,31,0,310,0,1,16,1,18,233,47,47,1,328,0,0,0,328
02/01/2022,CMH,OH,AGL,CE,Combined TRACON& Tower with Radar,201,52,50,0,303,0,0,14,0,14,201,52,64,0,317,0,0,0,317
02/02/2022,CMH,OH,AGL,CE,Combined TRACON& Tower with Radar,172,45,47,1,265,0,0,0,1,1,172,45,47,2,266,0,0,0,266
02/03/2022,CMH,OH,AGL,CE,Combined TRACON& Tower with Radar,12,15,2,0,29,0,0,0,0,0,12,15,2,0,29,0,0,0,29
02/04/2022,CMH,OH,AGL,CE,Combined TRACON& Tower with Radar,148,51,31,0,230,0,0,0,0,0,148,51,31,0,230,0,0,0,230
02/05/2022,CMH,OH,AGL,CE,Combined TRACON& Tower with Radar,170,41,12,0,223,0,0,4,0,4,170,41,16,0,227,0,0,0,227
02/06/2022,CMH,OH,AGL,CE,Combined TRACON& Tower with Radar,222,28,27,0,277,0,1,10,0,11,222,29,37,0,288,0,0,0,288
02/07/2022,CMH,OH,AGL,CE,Combined TRACON& Tower with Radar,235,33,33,0,301,0,0,4,0,4,235,33,37,0,305,0,0,0,305
02/08/2022,CMH,OH,AGL,CE,Combined TRACON& Tower with Radar,213,38,50,0,301,0,1,5,0,6,213,39,55,0,307,0,0,0,307
02/09/2022,CMH,OH,AGL,CE,Combined TRACON& Tower with Radar,204,49,56,0,309,0,0,4,0,4,204,49,60,0,313,0,0,0,313
02/10/2022,CMH,OH,AGL,CE,Combined TRACON& Tower with Radar,239,57,56,0,352,0,0,6,0,6,239,57,62,0,358,0,0,0,358
02/11/2022,CMH,OH,AGL,CE,Combined TRACON& Tower with Radar,239,44,51,0,334,0,0,1,0,1,239,44,52,0,335,0,0,0,335
02/12/2022,CMH,OH,AGL,CE,Combined TRACON& Tower with Radar,173,32,21,0,226,0,0,0,0,0,173,32,21,0,226,0,0,0,226
02/13/2022,CMH,OH,AGL,CE,Combined TRACON& Tower with Radar,206,46,24,0,276,0,0,2,0,2,206,46,26,0,278,0,0,0,278
02/14/2022,CMH,OH,AGL,CE,Combined TRACON& Tower with Radar,245,33,38,0,316,0,1,14,0,15,245,34,52,0,331,0,0,0,331
02/15/2022,CMH,OH,AGL,CE,Combined TRACON& Tower with Radar,213,36,36,0,285,0,0,16,0,16,213,36,52,0,301,0,0,0,301
02/16/2022,CMH,OH,AGL,CE,Combined TRACON& Tower with Radar,211,32,31,0,274,0,2,1,0,3,211,34,32,0,277,0,0,0,277
02/17/2022,CMH,OH,AGL,CE,Combined TRACON& Tower with Radar,218,38,62,2,320,0,0,0,0,0,218,38,62,2,320,0,0,0,320
02/18/2022,CMH,OH,AGL,CE,Combined TRACON& Tower with Radar,233,47,33,0,313,0,0,10,0,10,233,47,43,0,323,0,0,0,323
02/19/2022,CMH,OH,AGL,CE,Combined TRACON& Tower with Radar,189,33,16,0,238,0,1,7,0,8,189,34,23,0,246,0,0,0,246
02/20/2022,CMH,OH,AGL,CE,Combined TRACON& Tower with Radar,210,23,28,0,261,0,1,9,1,11,210,24,37,1,272,0,0,0,272
02/21/2022,CMH,OH,AGL,CE,Combined TRACON& Tower with Radar,243,58,52,0,353,0,3,18,0,21,243,61,70,0,374,0,0,0,374
02/22/2022,CMH,OH,AGL,CE,Combined TRACON& Tower with Radar,218,50,48,0,316,0,0,1,0,1,218,50,49,0,317,0,0,0,317
02/23/2022,CMH,OH,AGL,CE,Combined TRACON& Tower with Radar,213,46,48,2,309,0,0,2,0,2,213,46,50,2,311,0,0,0,311
02/24/2022,CMH,OH,AGL,CE,Combined TRACON& Tower with Radar,214,60,58,0,332,0,1,1,0,2,214,61,59,0,334,0,0,0,334
02/25/2022,CMH,OH,AGL,CE,Combined TRACON& Tower with Radar,226,54,42,1,323,0,1,0,0,1,226,55,42,1,324,0,0,0,324
02/26/2022,CMH,OH,AGL,CE,Combined TRACON& Tower with Radar,194,47,13,1,255,0,0,6,0,6,194,47,19,1,261,0,0,0,261
02/27/2022,CMH,OH,AGL,CE,Combined TRACON& Tower with Radar,229,31,31,0,291,0,2,22,1,25,229,33,53,1,316,0,0,0,316
02/28/2022,CMH,OH,AGL,CE,Combined TRACON& Tower with Radar,239,46,58,0,343,0,3,15,0,18,239,49,73,0,361,0,0,0,361
03/01/2022,CMH,OH,AGL,CE,Combined TRACON& Tower with Radar,226,49,48,0,323,0,0,13,0,13,226,49,61,0,336,0,0,0,336
03/02/2022,CMH,OH,AGL,CE,Combined TRACON& Tower with Radar,223,41,57,0,321,0,2,9,0,11,223,43,66,0,332,0,0,0,332
03/03/2022,CMH,OH,AGL,CE,Combined TRACON& Tower with Radar,232,44,72,0,348,0,2,9,0,11,232,46,81,0,359,0,0,0,359
03/04/2022,CMH,OH,AGL,CE,Combined TRACON& Tower with Radar,235,37,29,0,301,0,1,15,0,16,235,38,44,0,317,0,0,0,317
03/05/2022,CMH,OH,AGL,CE,Combined TRACON& Tower with Radar,197,35,18,0,250,0,2,8,0,10,197,37,26,0,260,0,0,0,260
03/06/2022,CMH,OH,AGL,CE,Combined TRACON& Tower with Radar,218,50,25,0,293,0,2,6,0,8,218,52,31,0,301,0,0,0,301
03/07/2022,CMH,OH,AGL,CE,Combined TRACON& Tower with Radar,221,26,30,0,277,0,0,0,0,0,221,26,30,0,277,0,0,0,277
03/08/2022,CMH,OH,AGL,CE,Combined TRACON& Tower with Radar,210,40,43,0,293,0,0,12,0,12,210,40,55,0,305,0,0,0,305
03/09/2022,CMH,OH,AGL,CE,Combined TRACON& Tower with Radar,196,56,59,0,311,0,0,9,0,9,196,56,68,0,320,0,0,0,320
03/10/2022,CMH,OH,AGL,CE,Combined TRACON& Tower with Radar,231,53,47,0,331,0,0,14,0,14,231,53,61,0,345,0,0,0,345
03/11/2022,CMH,OH,AGL,CE,Combined TRACON& Tower with Radar,244,38,45,2,329,0,0,1,0,1,244,38,46,2,330,0,0,0,330
03/12/2022,CMH,OH,AGL,CE,Combined TRACON& Tower with Radar,200,39,24,0,263,0,0,0,0,0,200,39,24,0,263,0,0,0,263
03/13/2022,CMH,OH,AGL,CE,Combined TRACON& Tower with Radar,209,18,32,0,259,0,0,7,0,7,209,18,39,0,266,0,0,0,266
03/14/2022,CMH,OH,AGL,CE,Combined TRACON& Tower with Radar,234,37,47,0,318,0,2,10,0,12,234,39,57,0,330,0,0,0,330
03/15/2022,CMH,OH,AGL,CE,Combined TRACON& Tower with Radar,214,47,47,0,308,0,0,9,0,9,214,47,56,0,317,0,0,0,317
03/16/2022,CMH,OH,AGL,CE,Combined TRACON& Tower with Radar,216,46,65,4,331,0,2,21,0,23,216,48,86,4,354,0,0,0,354
03/17/2022,CMH,OH,AGL,CE,Combined TRACON& Tower with Radar,229,45,55,0,329,0,0,13,0,13,229,45,68,0,342,0,0,0,342
03/18/2022,CMH,OH,AGL,CE,Combined TRACON& Tower with Radar,238,54,49,0,341,0,0,6,0,6,238,54,55,0,347,0,0,0,347
03/19/2022,CMH,OH,AGL,CE,Combined TRACON& Tower with Radar,228,38,25,0,291,0,0,1,0,1,228,38,26,0,292,0,0,0,292
03/20/2022,CMH,OH,AGL,CE,Combined TRACON& Tower with Radar,232,43,41,0,316,0,1,13,0,14,232,44,54,0,330,0,0,0,330
03/21/2022,CMH,OH,AGL,CE,Combined TRACON& Tower with Radar,240,42,48,0,330,0,1,11,0,12,240,43,59,0,342,0,0,0,342
03/22/2022,CMH,OH,AGL,CE,Combined TRACON& Tower with Radar,214,33,57,4,308,0,0,7,2,9,214,33,64,6,317,0,0,0,317
03/23/2022,CMH,OH,AGL,CE,Combined TRACON& Tower with Radar,222,49,50,0,321,0,0,6,0,6,222,49,56,0,327,0,0,0,327
03/24/2022,CMH,OH,AGL,CE,Combined TRACON& Tower with Radar,231,49,45,0,325,0,2,5,0,7,231,51,50,0,332,0,0,0,332
03/25/2022,CMH,OH,AGL,CE,Combined TRACON& Tower with Radar,244,48,39,0,331,0,0,1,0,1,244,48,40,0,332,0,0,0,332
03/26/2022,CMH,OH,AGL,CE,Combined TRACON& Tower with Radar,229,36,28,0,293,0,0,0,1,1,229,36,28,1,294,0,0,0,294
03/27/2022,CMH,OH,AGL,CE,Combined TRACON& Tower with Radar,226,40,28,0,294,0,0,5,1,6,226,40,33,1,300,0,0,0,300
03/28/2022,CMH,OH,AGL,CE,Combined TRACON& Tower with Radar,244,36,22,2,304,0,1,8,0,9,244,37,30,2,313,0,0,0,313
03/29/2022,CMH,OH,AGL,CE,Combined TRACON& Tower with Radar,213,39,57,0,309,0,3,18,0,21,213,42,75,0,330,0,0,0,330
03/30/2022,CMH,OH,AGL,CE,Combined TRACON& Tower with Radar,215,36,54,0,305,0,0,1,0,1,215,36,55,0,306,0,0,0,306
03/31/2022,CMH,OH,AGL,CE,Combined TRACON& Tower with Radar,221,32,58,3,314,0,0,0,0,0,221,32,58,3,314,0,0,0,314
04/01/2022,CMH,OH,AGL,CE,Combined TRACON& Tower with Radar,229,41,36,0,306,0,0,5,0,5,229,41,41,0,311,0,0,0,311
04/02/2022,CMH,OH,AGL,CE,Combined TRACON& Tower with Radar,198,36,29,0,263,0,2,7,0,9,198,38,36,0,272,0,0,0,272
04/03/2022,CMH,OH,AGL,CE,Combined TRACON& Tower with Radar,207,56,55,0,318,0,0,7,0,7,207,56,62,0,325,0,0,0,325
04/04/2022,CMH,OH,AGL,CE,Combined TRACON& Tower with Radar,235,39,50,0,324,0,0,13,0,13,235,39,63,0,337,0,0,0,337
04/05/2022,CMH,OH,AGL,CE,Combined TRACON& Tower with Radar,216,40,52,0,308,0,0,3,0,3,216,40,55,0,311,0,0,0,311
04/06/2022,CMH,OH,AGL,CE,Combined TRACON& Tower with Radar,226,49,60,2,337,0,0,0,0,0,226,49,60,2,337,0,0,0,337
04/07/2022,CMH,OH,AGL,CE,Combined TRACON& Tower with Radar,214,51,62,5,332,0,0,7,0,7,214,51,69,5,339,0,0,0,339
04/08/2022,CMH,OH,AGL,CE,Combined TRACON& Tower with Radar,233,46,62,3,344,0,0,4,0,4,233,46,66,3,348,0,0,0,348
04/09/2022,CMH,OH,AGL,CE,Combined TRACON& Tower with Radar,190,40,25,0,255,0,0,1,0,1,190,40,26,0,256,0,0,0,256
04/10/2022,CMH,OH,AGL,CE,Combined TRACON& Tower with Radar,208,36,38,1,283,0,3,22,0,25,208,39,60,1,308,0,0,0,308
04/11/2022,CMH,OH,AGL,CE,Combined TRACON& Tower with Radar,234,46,38,3,321,0,0,5,0,5,234,46,43,3,326,0,0,0,326
04/12/2022,CMH,OH,AGL,CE,Combined TRACON& Tower with Radar,220,54,68,0,342,0,0,9,2,11,220,54,77,2,353,0,0,0,353
04/13/2022,CMH,OH,AGL,CE,Combined TRACON& Tower with Radar,220,40,42,0,302,0,0,6,0,6,220,40,48,0,308,0,0,0,308
04/14/2022,CMH,OH,AGL,CE,Combined TRACON& Tower with Radar,218,41,54,2,315,0,1,5,1,7,218,42,59,3,322,0,0,0,322
04/15/2022,CMH,OH,AGL,CE,Combined TRACON& Tower with Radar,239,22,45,1,307,0,0,5,0,5,239,22,50,1,312,0,0,0,312
04/16/2022,CMH,OH,AGL,CE,Combined TRACON& Tower with Radar,187,35,18,0,240,0,0,5,0,5,187,35,23,0,245,0,0,0,245
04/17/2022,CMH,OH,AGL,CE,Combined TRACON& Tower with Radar,204,38,19,0,261,0,0,22,0,22,204,38,41,0,283,0,0,0,283
04/18/2022,CMH,OH,AGL,CE,Combined TRACON& Tower with Radar,233,40,56,0,329,0,0,0,0,0,233,40,56,0,329,0,0,0,329
04/19/2022,CMH,OH,AGL,CE,Combined TRACON& Tower with Radar,222,63,51,0,336,0,0,7,0,7,222,63,58,0,343,0,0,0,343
04/20/2022,CMH,OH,AGL,CE,Combined TRACON& Tower with Radar,230,54,62,0,346,0,0,13,0,13,230,54,75,0,359,0,0,0,359
04/21/2022,CMH,OH,AGL,CE,Combined TRACON& Tower with Radar,227,38,59,0,324,0,0,3,0,3,227,38,62,0,327,0,0,0,327
04/22/2022,CMH,OH,AGL,CE,Combined TRACON& Tower with Radar,242,48,56,0,346,0,0,9,0,9,242,48,65,0,355,0,0,0,355
04/23/2022,CMH,OH,AGL,CE,Combined TRACON& Tower with Radar,186,40,27,0,253,0,1,12,0,13,186,41,39,0,266,0,0,0,266
04/24/2022,CMH,OH,AGL,CE,Combined TRACON& Tower with Radar,217,41,45,0,303,0,2,22,2,26,217,43,67,2,329,0,0,0,329
04/25/2022,CMH,OH,AGL,CE,Combined TRACON& Tower with Radar,242,37,56,0,335,0,3,3,0,6,242,40,59,0,341,0,0,0,341
04/26/2022,CMH,OH,AGL,CE,Combined TRACON& Tower with Radar,230,43,70,0,343,0,2,11,0,13,230,45,81,0,356,0,0,0,356
04/27/2022,CMH,OH,AGL,CE,Combined TRACON& Tower with Radar,227,39,71,2,339,1,2,18,0,21,228,41,89,2,360,0,0,0,360
04/28/2022,CMH,OH,AGL,CE,Combined TRACON& Tower with Radar,235,44,66,2,347,0,1,23,0,24,235,45,89,2,371,0,0,0,371
04/29/2022,CMH,OH,AGL,CE,Combined TRACON& Tower with Radar,235,41,49,3,328,0,0,16,0,16,235,41,65,3,344,0,0,0,344
04/30/2022,CMH,OH,AGL,CE,Combined TRACON& Tower with Radar,190,37,21,0,248,0,2,6,0,8,190,39,27,0,256,0,0,0,256
05/01/2022,CMH,OH,AGL,CE,Combined TRACON& Tower with Radar,224,37,45,0,306,0,2,8,0,10,224,39,53,0,316,0,0,0,316
05/02/2022,CMH,OH,AGL,CE,Combined TRACON& Tower with Radar,226,38,50,1,315,0,3,16,0,19,226,41,66,1,334,0,0,0,334
05/03/2022,CMH,OH,AGL,CE,Combined TRACON& Tower with Radar,229,46,42,0,317,0,0,4,0,4,229,46,46,0,321,0,0,0,321
05/04/2022,CMH,OH,AGL,CE,Combined TRACON& Tower with Radar,220,57,64,0,341,0,0,0,0,0,220,57,64,0,341,0,0,0,341
05/05/2022,CMH,OH,AGL,CE,Combined TRACON& Tower with Radar,229,55,71,2,357,0,0,1,0,1,229,55,72,2,358,0,0,0,358
05/06/2022,CMH,OH,AGL,CE,Combined TRACON& Tower with Radar,235,58,24,0,317,0,0,0,0,0,235,58,24,0,317,0,0,0,317
05/07/2022,CMH,OH,AGL,CE,Combined TRACON& Tower with Radar,189,40,23,0,252,0,0,11,0,11,189,40,34,0,263,0,0,0,263
05/08/2022,CMH,OH,AGL,CE,Combined TRACON& Tower with Radar,215,60,21,0,296,0,2,11,0,13,215,62,32,0,309,0,0,0,309
05/09/2022,CMH,OH,AGL,CE,Combined TRACON& Tower with Radar,240,58,43,0,341,0,0,16,0,16,240,58,59,0,357,0,0,0,357
05/10/2022,CMH,OH,AGL,CE,Combined TRACON& Tower with Radar,220,61,59,0,340,0,2,11,0,13,220,63,70,0,353,0,0,0,353
05/11/2022,CMH,OH,AGL,CE,Combined TRACON& Tower with Radar,213,54,70,0,337,0,0,11,0,11,213,54,81,0,348,0,0,0,348
05/12/2022,CMH,OH,AGL,CE,Combined TRACON& Tower with Radar,237,51,62,0,350,0,0,8,0,8,237,51,70,0,358,0,0,0,358
05/13/2022,CMH,OH,AGL,CE,Combined TRACON& Tower with Radar,230,47,46,0,323,0,5,15,0,20,230,52,61,0,343,0,0,0,343
05/14/2022,CMH,OH,AGL,CE,Combined TRACON& Tower with Radar,185,45,21,0,251,0,2,7,0,9,185,47,28,0,260,0,0,0,260
05/15/2022,CMH,OH,AGL,CE,Combined TRACON& Tower with Radar,216,61,37,0,314,0,2,12,0,14,216,63,49,0,328,0,0,0,328
05/16/2022,CMH,OH,AGL,CE,Combined TRACON& Tower with Radar,224,57,58,0,339,0,0,4,0,4,224,57,62,0,343,0,0,0,343
05/17/2022,CMH,OH,AGL,CE,Combined TRACON& Tower with Radar,212,72,65,0,349,0,0,16,0,16,212,72,81,0,365,0,0,0,365
05/18/2022,CMH,OH,AGL,CE,Combined TRACON& Tower with Radar,216,70,79,0,365,0,0,13,0,13,216,70,92,0,378,0,0,0,378
05/19/2022,CMH,OH,AGL,CE,Combined TRACON& Tower with Radar,233,51,61,3,348,0,0,7,0,7,233,51,68,3,355,0,0,0,355
05/20/2022,CMH,OH,AGL,CE,Combined TRACON& Tower with Radar,226,44,44,4,318,0,0,6,0,6,226,44,50,4,324,0,0,0,324
05/21/2022,CMH,OH,AGL,CE,Combined TRACON& Tower with Radar,177,38,32,1,248,0,1,4,0,5,177,39,36,1,253,0,0,0,253
05/22/2022,CMH,OH,AGL,CE,Combined TRACON& Tower with Radar,201,61,43,4,309,0,0,3,0,3,201,61,46,4,312,0,0,0,312
05/23/2022,CMH,OH,AGL,CE,Combined TRACON& Tower with Radar,229,60,37,0,326,0,1,7,0,8,229,61,44,0,334,0,0,0,334
05/24/2022,CMH,OH,AGL,CE,Combined TRACON& Tower with Radar,222,63,60,0,345,0,0,5,0,5,222,63,65,0,350,0,0,0,350
05/25/2022,CMH,OH,AGL,CE,Combined TRACON& Tower with Radar,215,61,57,0,333,0,2,8,0,10,215,63,65,0,343,0,0,0,343
05/26/2022,CMH,OH,AGL,CE,Combined TRACON& Tower with Radar,237,45,61,0,343,0,0,1,0,1,237,45,62,0,344,0,0,0,344
05/27/2022,CMH,OH,AGL,CE,Combined TRACON& Tower with Radar,240,45,31,0,316,0,0,4,0,4,240,45,35,0,320,0,0,0,320
05/28/2022,CMH,OH,AGL,CE,Combined TRACON& Tower with Radar,186,50,27,0,263,0,0,9,0,9,186,50,36,0,272,0,0,0,272
05/29/2022,CMH,OH,AGL,CE,Combined TRACON& Tower with Radar,222,33,8,0,263,0,1,13,0,14,222,34,21,0,277,0,0,0,277
05/30/2022,CMH,OH,AGL,CE,Combined TRACON& Tower with Radar,245,51,29,0,325,0,0,8,2,10,245,51,37,2,335,0,0,0,335
05/31/2022,CMH,OH,AGL,CE,Combined TRACON& Tower with Radar,219,42,41,0,302,0,4,8,0,12,219,46,49,0,314,0,0,0,314
06/01/2022,CMH,OH,AGL,CE,Combined TRACON& Tower with Radar,203,56,54,0,313,0,1,7,1,9,203,57,61,1,322,0,0,0,322
06/02/2022,CMH,OH,AGL,CE,Combined TRACON& Tower with Radar,231,48,70,2,351,0,0,3,0,3,231,48,73,2,354,0,0,0,354
06/03/2022,CMH,OH,AGL,CE,Combined TRACON& Tower with Radar,217,59,40,2,318,0,0,17,0,17,217,59,57,2,335,0,0,0,335
06/04/2022,CMH,OH,AGL,CE,Combined TRACON& Tower with Radar,188,51,24,6,269,0,7,15,0,22,188,58,39,6,291,0,0,0,291
06/05/2022,CMH,OH,AGL,CE,Combined TRACON& Tower with Radar,224,43,25,0,292,0,0,9,0,9,224,43,34,0,301,0,0,0,301
06/06/2022,CMH,OH,AGL,CE,Combined TRACON& Tower with Radar,231,50,43,0,324,0,0,9,1,10,231,50,52,1,334,0,0,0,334
06/07/2022,CMH,OH,AGL,CE,Combined TRACON& Tower with Radar,220,50,37,0,307,0,0,3,1,4,220,50,40,1,311,0,0,0,311
06/08/2022,CMH,OH,AGL,CE,Combined TRACON& Tower with Radar,221,44,44,1,310,0,1,7,0,8,221,45,51,1,318,0,0,0,318
06/09/2022,CMH,OH,AGL,CE,Combined TRACON& Tower with Radar,201,49,32,1,283,1,2,18,0,21,202,51,50,1,304,0,0,0,304
06/10/2022,CMH,OH,AGL,CE,Combined TRACON& Tower with Radar,234,43,53,0,330,0,2,8,1,11,234,45,61,1,341,0,0,0,341
06/11/2022,CMH,OH,AGL,CE,Combined TRACON& Tower with Radar,205,47,14,0,266,0,0,9,0,9,205,47,23,0,275,0,0,0,275
06/12/2022,CMH,OH,AGL,CE,Combined TRACON& Tower with Radar,224,50,45,6,325,0,0,10,0,10,224,50,55,6,335,0,0,0,335
06/13/2022,CMH,OH,AGL,CE,Combined TRACON& Tower with Radar,230,47,43,0,320,0,0,6,0,6,230,47,49,0,326,0,0,0,326
06/14/2022,CMH,OH,AGL,CE,Combined TRACON& Tower with Radar,235,50,65,0,350,0,0,12,0,12,235,50,77,0,362,0,0,0,362
06/15/2022,CMH,OH,AGL,CE,Combined TRACON& Tower with Radar,217,71,72,0,360,0,3,16,0,19,217,74,88,0,379,0,0,0,379
06/16/2022,CMH,OH,AGL,CE,Combined TRACON& Tower with Radar,207,53,54,0,314,0,0,4,0,4,207,53,58,0,318,0,0,0,318
06/17/2022,CMH,OH,AGL,CE,Combined TRACON& Tower with Radar,239,47,57,0,343,0,1,19,0,20,239,48,76,0,363,0,0,0,363
06/18/2022,CMH,OH,AGL,CE,Combined TRACON& Tower with Radar,203,30,14,0,247,0,1,8,1,10,203,31,22,1,257,0,0,0,257
06/19/2022,CMH,OH,AGL,CE,Combined TRACON& Tower with Radar,227,42,29,0,298,0,2,13,1,16,227,44,42,1,314,0,0,0,314
06/20/2022,CMH,OH,AGL,CE,Combined TRACON& Tower with Radar,230,45,52,0,327,0,2,11,0,13,230,47,63,0,340,0,0,0,340
06/21/2022,CMH,OH,AGL,CE,Combined TRACON& Tower with Radar,225,56,54,0,335,0,1,11,0,12,225,57,65,0,347,0,0,0,347
06/22/2022,CMH,OH,AGL,CE,Combined TRACON& Tower with Radar,202,38,54,0,294,0,1,9,0,10,202,39,63,0,304,0,0,0,304
06/23/2022,CMH,OH,AGL,CE,Combined TRACON& Tower with Radar,228,64,61,4,357,0,5,13,0,18,228,69,74,4,375,0,0,0,375
06/24/2022,CMH,OH,AGL,CE,Combined TRACON& Tower with Radar,229,61,47,0,337,0,4,10,0,14,229,65,57,0,351,0,0,0,351
06/25/2022,CMH,OH,AGL,CE,Combined TRACON& Tower with Radar,200,34,25,1,260,0,4,14,2,20,200,38,39,3,280,0,0,0,280
06/26/2022,CMH,OH,AGL,CE,Combined TRACON& Tower with Radar,217,64,32,4,317,0,0,8,1,9,217,64,40,5,326,0,0,0,326
06/27/2022,CMH,OH,AGL,CE,Combined TRACON& Tower with Radar,220,48,44,0,312,0,0,4,0,4,220,48,48,0,316,0,0,0,316
06/28/2022,CMH,OH,AGL,CE,Combined TRACON& Tower with Radar,225,60,56,8,349,0,0,15,0,15,225,60,71,8,364,0,0,0,364
06/29/2022,CMH,OH,AGL,CE,Combined TRACON& Tower with Radar,215,38,55,1,309,0,5,19,0,24,215,43,74,1,333,0,0,0,333
06/30/2022,CMH,OH,AGL,CE,Combined TRACON& Tower with Radar,232,55,55,0,342,0,1,16,1,18,232,56,71,1,360,0,0,0,360
07/01/2022,CMH,OH,AGL,CE,Combined TRACON& Tower with Radar,230,41,39,0,310,0,0,10,0,10,230,41,49,0,320,0,0,0,320
07/02/2022,CMH,OH,AGL,CE,Combined TRACON& Tower with Radar,204,35,16,1,256,0,2,11,2,15,204,37,27,3,271,0,0,0,271
07/03/2022,CMH,OH,AGL,CE,Combined TRACON& Tower with Radar,201,20,8,0,229,0,0,12,0,12,201,20,20,0,241,0,0,0,241
07/04/2022,CMH,OH,AGL,CE,Combined TRACON& Tower with Radar,218,33,9,0,260,0,0,4,0,4,218,33,13,0,264,0,0,0,264
07/05/2022,CMH,OH,AGL,CE,Combined TRACON& Tower with Radar,211,35,35,0,281,0,0,3,0,3,211,35,38,0,284,0,0,0,284
07/06/2022,CMH,OH,AGL,CE,Combined TRACON& Tower with Radar,211,38,42,0,291,0,0,3,0,3,211,38,45,0,294,0,0,0,294
07/07/2022,CMH,OH,AGL,CE,Combined TRACON& Tower with Radar,227,44,51,0,322,0,0,14,1,15,227,44,65,1,337,0,0,0,337
07/08/2022,CMH,OH,AGL,CE,Combined TRACON& Tower with Radar,225,37,41,0,303,0,0,2,0,2,225,37,43,0,305,0,0,0,305
07/09/2022,CMH,OH,AGL,CE,Combined TRACON& Tower with Radar,200,25,36,0,261,0,2,8,0,10,200,27,44,0,271,0,0,0,271
07/10/2022,CMH,OH,AGL,CE,Combined TRACON& Tower with Radar,218,38,54,0,310,0,0,23,0,23,218,38,77,0,333,0,0,0,333
07/11/2022,CMH,OH,AGL,CE,Combined TRACON& Tower with Radar,225,45,44,0,314,0,2,14,0,16,225,47,58,0,330,0,0,0,330
07/12/2022,CMH,OH,AGL,CE,Combined TRACON& Tower with Radar,202,50,57,0,309,0,0,13,0,13,202,50,70,0,322,0,0,0,322
07/13/2022,CMH,OH,AGL,CE,Combined TRACON& Tower with Radar,215,50,48,0,313,0,1,13,0,14,215,51,61,0,327,0,0,0,327
07/14/2022,CMH,OH,AGL,CE,Combined TRACON& Tower with Radar,225,54,66,0,345,0,5,10,0,15,225,59,76,0,360,0,0,0,360
07/15/2022,CMH,OH,AGL,CE,Combined TRACON& Tower with Radar,229,54,48,1,332,0,0,10,0,10,229,54,58,1,342,0,0,0,342
07/16/2022,CMH,OH,AGL,CE,Combined TRACON& Tower with Radar,191,27,22,0,240,0,0,7,0,7,191,27,29,0,247,0,0,0,247
07/17/2022,CMH,OH,AGL,CE,Combined TRACON& Tower with Radar,216,69,38,1,324,0,0,2,0,2,216,69,40,1,326,0,0,0,326
07/18/2022,CMH,OH,AGL,CE,Combined TRACON& Tower with Radar,211,64,75,6,356,0,0,7,0,7,211,64,82,6,363,0,0,0,363
07/19/2022,CMH,OH,AGL,CE,Combined TRACON& Tower with Radar,212,47,54,2,315,0,3,17,0,20,212,50,71,2,335,0,0,0,335
07/20/2022,CMH,OH,AGL,CE,Combined TRACON& Tower with Radar,209,54,57,0,320,0,1,8,0,9,209,55,65,0,329,0,0,0,329
07/21/2022,CMH,OH,AGL,CE,Combined TRACON& Tower with Radar,220,52,56,0,328,0,2,10,0,12,220,54,66,0,340,0,0,0,340
07/22/2022,CMH,OH,AGL,CE,Combined TRACON& Tower with Radar,237,42,31,2,312,0,3,11,0,14,237,45,42,2,326,0,0,0,326
07/23/2022,CMH,OH,AGL,CE,Combined TRACON& Tower with Radar,199,31,29,0,259,0,0,7,0,7,199,31,36,0,266,0,0,0,266
07/24/2022,CMH,OH,AGL,CE,Combined TRACON& Tower with Radar,209,46,34,0,289,0,2,6,0,8,209,48,40,0,297,0,0,0,297
07/25/2022,CMH,OH,AGL,CE,Combined TRACON& Tower with Radar,210,38,41,0,289,0,0,1,0,1,210,38,42,0,290,0,0,0,290
07/26/2022,CMH,OH,AGL,CE,Combined TRACON& Tower with Radar,205,44,49,0,298,0,0,4,0,4,205,44,53,0,302,0,0,0,302
07/27/2022,CMH,OH,AGL,CE,Combined TRACON& Tower with Radar,209,65,56,0,330,0,0,0,0,0,209,65,56,0,330,0,0,0,330
07/28/2022,CMH,OH,AGL,CE,Combined TRACON& Tower with Radar,225,57,50,3,335,0,4,13,0,17,225,61,63,3,352,0,0,0,352
07/29/2022,CMH,OH,AGL,CE,Combined TRACON& Tower with Radar,225,56,38,3,322,0,0,11,1,12,225,56,49,4,334,0,0,0,334
07/30/2022,CMH,OH,AGL,CE,Combined TRACON& Tower with Radar,194,30,22,6,252,0,0,17,0,17,194,30,39,6,269,0,0,0,269
07/31/2022,CMH,OH,AGL,CE,Combined TRACON& Tower with Radar,218,61,32,1,312,0,0,17,0,17,218,61,49,1,329,0,0,0,329
08/01/2022,CMH,OH,AGL,CE,Combined TRACON& Tower with Radar,226,53,40,0,319,0,1,5,0,6,226,54,45,0,325,0,0,0,325
08/02/2022,CMH,OH,AGL,CE,Combined TRACON& Tower with Radar,220,37,62,0,319,0,2,7,0,9,220,39,69,0,328,0,0,0,328
08/03/2022,CMH,OH,AGL,CE,Combined TRACON& Tower with Radar,212,50,62,0,324,0,0,4,0,4,212,50,66,0,328,0,0,0,328
08/04/2022,CMH,OH,AGL,CE,Combined TRACON& Tower with Radar,218,48,73,0,339,0,4,11,1,16,218,52,84,1,355,0,0,0,355
08/05/2022,CMH,OH,AGL,CE,Combined TRACON& Tower with Radar,203,43,41,2,289,0,1,11,2,14,203,44,52,4,303,0,0,0,303
08/06/2022,CMH,OH,AGL,CE,Combined TRACON& Tower with Radar,200,30,23,1,254,0,0,2,1,3,200,30,25,2,257,0,0,0,257
08/07/2022,CMH,OH,AGL,CE,Combined TRACON& Tower with Radar,217,52,39,1,309,0,0,11,1,12,217,52,50,2,321,0,0,0,321
08/08/2022,CMH,OH,AGL,CE,Combined TRACON& Tower with Radar,225,51,41,0,317,0,0,8,2,10,225,51,49,2,327,0,0,0,327
08/09/2022,CMH,OH,AGL,CE,Combined TRACON& Tower with Radar,211,72,47,0,330,0,0,1,0,1,211,72,48,0,331,0,0,0,331
08/10/2022,CMH,OH,AGL,CE,Combined TRACON& Tower with Radar,210,46,54,0,310,0,2,1,0,3,210,48,55,0,313,0,0,0,313
08/11/2022,CMH,OH,AGL,CE,Combined TRACON& Tower with Radar,220,50,69,0,339,0,0,17,0,17,220,50,86,0,356,0,0,0,356
08/12/2022,CMH,OH,AGL,CE,Combined TRACON& Tower with Radar,223,40,37,0,300,0,0,13,0,13,223,40,50,0,313,0,0,0,313
08/13/2022,CMH,OH,AGL,CE,Combined TRACON& Tower with Radar,199,31,14,0,244,0,1,8,0,9,199,32,22,0,253,0,0,0,253
08/14/2022,CMH,OH,AGL,CE,Combined TRACON& Tower with Radar,210,31,24,0,265,0,0,6,0,6,210,31,30,0,271,0,0,0,271
08/15/2022,CMH,OH,AGL,CE,Combined TRACON& Tower with Radar,217,56,48,1,322,0,0,17,0,17,217,56,65,1,339,0,0,0,339
08/16/2022,CMH,OH,AGL,CE,Combined TRACON& Tower with Radar,207,60,48,0,315,0,0,3,0,3,207,60,51,0,318,0,0,0,318
08/17/2022,CMH,OH,AGL,CE,Combined TRACON& Tower with Radar,208,58,64,0,330,0,0,7,0,7,208,58,71,0,337,0,0,0,337
08/18/2022,CMH,OH,AGL,CE,Combined TRACON& Tower with Radar,218,60,68,0,346,0,0,15,1,16,218,60,83,1,362,0,0,0,362
08/19/2022,CMH,OH,AGL,CE,Combined TRACON& Tower with Radar,219,53,32,0,304,0,0,13,0,13,219,53,45,0,317,0,0,0,317
08/20/2022,CMH,OH,AGL,CE,Combined TRACON& Tower with Radar,198,31,19,0,248,0,0,9,0,9,198,31,28,0,257,0,0,0,257
08/21/2022,CMH,OH,AGL,CE,Combined TRACON& Tower with Radar,206,38,31,0,275,0,0,0,0,0,206,38,31,0,275,0,0,0,275
08/22/2022,CMH,OH,AGL,CE,Combined TRACON& Tower with Radar,210,49,39,0,298,0,0,3,2,5,210,49,42,2,303,0,0,0,303
08/23/2022,CMH,OH,AGL,CE,Combined TRACON& Tower with Radar,212,48,36,0,296,1,4,15,0,20,213,52,51,0,316,0,0,0,316
08/24/2022,CMH,OH,AGL,CE,Combined TRACON& Tower with Radar,211,48,59,0,318,0,0,14,0,14,211,48,73,0,332,0,0,0,332
08/25/2022,CMH,OH,AGL,CE,Combined TRACON& Tower with Radar,221,69,72,0,362,0,1,9,0,10,221,70,81,0,372,0,0,0,372
08/26/2022,CMH,OH,AGL,CE,Combined TRACON& Tower with Radar,224,43,36,2,305,0,2,6,0,8,224,45,42,2,313,0,0,0,313
08/27/2022,CMH,OH,AGL,CE,Combined TRACON& Tower with Radar,188,33,24,4,249,0,2,12,0,14,188,35,36,4,263,0,0,0,263
08/28/2022,CMH,OH,AGL,CE,Combined TRACON& Tower with Radar,209,34,32,1,276,0,0,5,0,5,209,34,37,1,281,0,0,0,281
08/29/2022,CMH,OH,AGL,CE,Combined TRACON& Tower with Radar,209,51,46,4,310,0,1,6,0,7,209,52,52,4,317,0,0,0,317
08/30/2022,CMH,OH,AGL,CE,Combined TRACON& Tower with Radar,196,46,60,1,303,0,1,6,0,7,196,47,66,1,310,0,0,0,310
08/31/2022,CMH,OH,AGL,CE,Combined TRACON& Tower with Radar,211,52,77,0,340,0,2,19,2,23,211,54,96,2,363,0,0,0,363
09/01/2022,CMH,OH,AGL,CE,Combined TRACON& Tower with Radar,223,65,68,1,357,0,0,10,3,13,223,65,78,4,370,0,0,0,370
09/02/2022,CMH,OH,AGL,CE,Combined TRACON& Tower with Radar,225,51,50,6,332,0,0,14,3,17,225,51,64,9,349,0,0,0,349
09/03/2022,CMH,OH,AGL,CE,Combined TRACON& Tower with Radar,188,66,36,1,291,0,0,2,2,4,188,66,38,3,295,0,0,0,295
09/04/2022,CMH,OH,AGL,CE,Combined TRACON& Tower with Radar,192,68,32,1,293,0,0,4,0,4,192,68,36,1,297,0,0,0,297
09/05/2022,CMH,OH,AGL,CE,Combined TRACON& Tower with Radar,224,39,33,0,296,0,0,1,0,1,224,39,34,0,297,0,0,0,297
09/06/2022,CMH,OH,AGL,CE,Combined TRACON& Tower with Radar,215,46,45,2,308,0,0,4,2,6,215,46,49,4,314,0,0,0,314
09/07/2022,CMH,OH,AGL,CE,Combined TRACON& Tower with Radar,211,52,52,0,315,0,2,7,0,9,211,54,59,0,324,0,0,0,324
09/08/2022,CMH,OH,AGL,CE,Combined TRACON& Tower with Radar,230,46,51,1,328,0,2,12,0,14,230,48,63,1,342,0,0,0,342
09/09/2022,CMH,OH,AGL,CE,Combined TRACON& Tower with Radar,216,43,41,3,303,0,0,15,0,15,216,43,56,3,318,0,0,0,318
09/10/2022,CMH,OH,AGL,CE,Combined TRACON& Tower with Radar,196,30,23,2,251,0,0,17,2,19,196,30,40,4,270,0,0,0,270
09/11/2022,CMH,OH,AGL,CE,Combined TRACON& Tower with Radar,227,42,28,0,297,0,0,7,0,7,227,42,35,0,304,0,0,0,304
09/12/2022,CMH,OH,AGL,CE,Combined TRACON& Tower with Radar,233,51,50,0,334,0,0,6,0,6,233,51,56,0,340,0,0,0,340
09/13/2022,CMH,OH,AGL,CE,Combined TRACON& Tower with Radar,214,58,59,0,331,0,4,11,0,15,214,62,70,0,346,0,0,0,346
09/14/2022,CMH,OH,AGL,CE,Combined TRACON& Tower with Radar,222,67,55,0,344,0,0,14,0,14,222,67,69,0,358,0,0,0,358
09/15/2022,CMH,OH,AGL,CE,Combined TRACON& Tower with Radar,222,90,62,0,374,0,0,21,0,21,222,90,83,0,395,0,0,0,395
09/16/2022,CMH,OH,AGL,CE,Combined TRACON& Tower with Radar,223,48,61,0,332,0,0,17,0,17,223,48,78,0,349,0,0,0,349
09/17/2022,CMH,OH,AGL,CE,Combined TRACON& Tower with Radar,190,33,23,0,246,0,0,10,0,10,190,33,33,0,256,0,0,0,256
09/18/2022,CMH,OH,AGL,CE,Combined TRACON& Tower with Radar,222,47,26,0,295,0,0,10,1,11,222,47,36,1,306,0,0,0,306
09/19/2022,CMH,OH,AGL,CE,Combined TRACON& Tower with Radar,222,40,46,0,308,0,2,8,0,10,222,42,54,0,318,0,0,0,318
09/20/2022,CMH,OH,AGL,CE,Combined TRACON& Tower with Radar,215,58,63,0,336,0,0,14,0,14,215,58,77,0,350,0,0,0,350
09/21/2022,CMH,OH,AGL,CE,Combined TRACON& Tower with Radar,213,59,55,0,327,0,0,1,0,1,213,59,56,0,328,0,0,0,328
09/22/2022,CMH,OH,AGL,CE,Combined TRACON& Tower with Radar,215,69,65,2,351,0,0,7,0,7,215,69,72,2,358,0,0,0,358
09/23/2022,CMH,OH,AGL,CE,Combined TRACON& Tower with Radar,237,51,46,0,334,0,2,14,2,18,237,53,60,2,352,0,0,0,352
09/24/2022,CMH,OH,AGL,CE,Combined TRACON& Tower with Radar,193,39,29,2,263,0,0,15,1,16,193,39,44,3,279,0,0,0,279
09/25/2022,CMH,OH,AGL,CE,Combined TRACON& Tower with Radar,226,43,48,3,320,0,0,0,0,0,226,43,48,3,320,0,0,0,320
09/26/2022,CMH,OH,AGL,CE,Combined TRACON& Tower with Radar,232,38,43,2,315,0,0,13,0,13,232,38,56,2,328,0,0,0,328
09/27/2022,CMH,OH,AGL,CE,Combined TRACON& Tower with Radar,230,65,49,0,344,0,4,18,0,22,230,69,67,0,366,0,0,0,366
09/28/2022,CMH,OH,AGL,CE,Combined TRACON& Tower with Radar,205,53,73,0,331,0,0,4,0,4,205,53,77,0,335,0,0,0,335
09/29/2022,CMH,OH,AGL,CE,Combined TRACON& Tower with Radar,213,56,62,0,331,0,3,22,0,25,213,59,84,0,356,0,0,0,356
09/30/2022,CMH,OH,AGL,CE,Combined TRACON& Tower with Radar,223,44,52,2,321,0,0,21,2,23,223,44,73,4,344,0,0,0,344
10/01/2022,CMH,OH,AGL,CE,Combined TRACON& Tower with Radar,201,32,31,0,264,0,0,4,0,4,201,32,35,0,268,0,0,0,268
10/02/2022,CMH,OH,AGL,CE,Combined TRACON& Tower with Radar,224,42,27,3,296,0,0,9,0,9,224,42,36,3,305,0,0,0,305
10/03/2022,CMH,OH,AGL,CE,Combined TRACON& Tower with Radar,226,53,56,0,335,0,0,13,0,13,226,53,69,0,348,0,0,0,348
10/04/2022,CMH,OH,AGL,CE,Combined TRACON& Tower with Radar,222,50,43,0,315,0,0,22,0,22,222,50,65,0,337,0,0,0,337
10/05/2022,CMH,OH,AGL,CE,Combined TRACON& Tower with Radar,225,42,46,1,314,0,0,18,0,18,225,42,64,1,332,0,0,0,332
10/06/2022,CMH,OH,AGL,CE,Combined TRACON& Tower with Radar,243,44,61,0,348,0,2,14,0,16,243,46,75,0,364,0,0,0,364
10/07/2022,CMH,OH,AGL,CE,Combined TRACON& Tower with Radar,235,49,53,0,337,0,0,6,0,6,235,49,59,0,343,0,0,0,343
10/08/2022,CMH,OH,AGL,CE,Combined TRACON& Tower with Radar,196,46,28,0,270,0,2,12,0,14,196,48,40,0,284,0,0,0,284
10/09/2022,CMH,OH,AGL,CE,Combined TRACON& Tower with Radar,224,45,26,0,295,0,0,20,0,20,224,45,46,0,315,0,0,0,315
10/10/2022,CMH,OH,AGL,CE,Combined TRACON& Tower with Radar,228,49,34,0,311,0,1,16,0,17,228,50,50,0,328,0,0,0,328
10/11/2022,CMH,OH,AGL,CE,Combined TRACON& Tower with Radar,223,52,42,0,317,0,1,9,0,10,223,53,51,0,327,0,0,0,327
10/12/2022,CMH,OH,AGL,CE,Combined TRACON& Tower with Radar,219,56,57,0,332,0,0,2,0,2,219,56,59,0,334,0,0,0,334
10/13/2022,CMH,OH,AGL,CE,Combined TRACON& Tower with Radar,229,53,62,0,344,0,6,7,0,13,229,59,69,0,357,0,0,0,357
10/14/2022,CMH,OH,AGL,CE,Combined TRACON& Tower with Radar,232,49,49,0,330,0,0,13,0,13,232,49,62,0,343,0,0,0,343
10/15/2022,CMH,OH,AGL,CE,Combined TRACON& Tower with Radar,191,45,33,0,269,0,2,2,0,4,191,47,35,0,273,0,0,0,273
10/16/2022,CMH,OH,AGL,CE,Combined TRACON& Tower with Radar,219,56,37,0,312,0,2,8,0,10,219,58,45,0,322,0,0,0,322
10/17/2022,CMH,OH,AGL,CE,Combined TRACON& Tower with Radar,226,55,38,0,319,0,0,11,0,11,226,55,49,0,330,0,0,0,330
10/18/2022,CMH,OH,AGL,CE,Combined TRACON& Tower with Radar,223,58,56,0,337,0,0,4,0,4,223,58,60,0,341,0,0,0,341
10/19/2022,CMH,OH,AGL,CE,Combined TRACON& Tower with Radar,218,53,70,0,341,0,0,6,0,6,218,53,76,0,347,0,0,0,347
10/20/2022,CMH,OH,AGL,CE,Combined TRACON& Tower with Radar,225,66,64,0,355,0,3,11,0,14,225,69,75,0,369,0,0,0,369
10/21/2022,CMH,OH,AGL,CE,Combined TRACON& Tower with Radar,236,53,49,0,338,0,0,9,0,9,236,53,58,0,347,0,0,0,347
10/22/2022,CMH,OH,AGL,CE,Combined TRACON& Tower with Radar,187,44,19,0,250,0,1,9,0,10,187,45,28,0,260,0,0,0,260
10/23/2022,CMH,OH,AGL,CE,Combined TRACON& Tower with Radar,222,44,51,0,317,0,3,8,0,11,222,47,59,0,328,0,0,0,328
10/24/2022,CMH,OH,AGL,CE,Combined TRACON& Tower with Radar,226,59,52,0,337,0,0,12,0,12,226,59,64,0,349,0,0,0,349
10/25/2022,CMH,OH,AGL,CE,Combined TRACON& Tower with Radar,214,59,49,0,322,0,1,10,0,11,214,60,59,0,333,0,0,0,333
10/26/2022,CMH,OH,AGL,CE,Combined TRACON& Tower with Radar,219,55,46,0,320,0,2,0,0,2,219,57,46,0,322,0,0,0,322
10/27/2022,CMH,OH,AGL,CE,Combined TRACON& Tower with Radar,226,48,65,0,339,0,2,14,0,16,226,50,79,0,355,0,0,0,355
10/28/2022,CMH,OH,AGL,CE,Combined TRACON& Tower with Radar,233,61,44,1,339,0,1,9,0,10,233,62,53,1,349,0,0,0,349
10/29/2022,CMH,OH,AGL,CE,Combined TRACON& Tower with Radar,187,30,18,0,235,0,0,9,0,9,187,30,27,0,244,0,0,0,244
10/30/2022,CMH,OH,AGL,CE,Combined TRACON& Tower with Radar,205,45,21,1,272,0,0,7,0,7,205,45,28,1,279,0,0,0,279
10/31/2022,CMH,OH,AGL,CE,Combined TRACON& Tower with Radar,208,36,36,0,280,0,0,1,0,1,208,36,37,0,281,0,0,0,281
11/01/2022,CMH,OH,AGL,CE,Combined TRACON& Tower with Radar,214,47,64,0,325,0,0,3,0,3,214,47,67,0,328,0,0,0,328
11/02/2022,CMH,OH,AGL,CE,Combined TRACON& Tower with Radar,212,64,62,0,338,0,0,7,0,7,212,64,69,0,345,0,0,0,345
11/03/2022,CMH,OH,AGL,CE,Combined TRACON& Tower with Radar,233,54,69,0,356,0,0,11,0,11,233,54,80,0,367,0,0,0,367
11/04/2022,CMH,OH,AGL,CE,Combined TRACON& Tower with Radar,213,68,39,0,320,0,1,11,0,12,213,69,50,0,332,0,0,0,332
11/05/2022,CMH,OH,AGL,CE,Combined TRACON& Tower with Radar,187,36,20,0,243,0,0,0,0,0,187,36,20,0,243,0,0,0,243
11/06/2022,CMH,OH,AGL,CE,Combined TRACON& Tower with Radar,209,51,32,0,292,0,0,13,0,13,209,51,45,0,305,0,0,0,305
11/07/2022,CMH,OH,AGL,CE,Combined TRACON& Tower with Radar,225,49,40,0,314,0,0,10,0,10,225,49,50,0,324,0,0,0,324
11/08/2022,CMH,OH,AGL,CE,Combined TRACON& Tower with Radar,219,57,40,0,316,0,2,14,0,16,219,59,54,0,332,0,0,0,332
11/09/2022,CMH,OH,AGL,CE,Combined TRACON& Tower with Radar,222,64,60,0,346,0,2,14,1,17,222,66,74,1,363,0,0,0,363
11/10/2022,CMH,OH,AGL,CE,Combined TRACON& Tower with Radar,221,35,57,0,313,0,4,9,1,14,221,39,66,1,327,0,0,0,327
11/11/2022,CMH,OH,AGL,CE,Combined TRACON& Tower with Radar,218,45,39,2,304,0,0,0,0,0,218,45,39,2,304,0,0,0,304
11/12/2022,CMH,OH,AGL,CE,Combined TRACON& Tower with Radar,203,27,20,0,250,0,0,0,0,0,203,27,20,0,250,0,0,0,250
11/13/2022,CMH,OH,AGL,CE,Combined TRACON& Tower with Radar,221,34,36,0,291,0,0,1,0,1,221,34,37,0,292,0,0,0,292
11/14/2022,CMH,OH,AGL,CE,Combined TRACON& Tower with Radar,236,57,44,2,339,0,3,11,0,14,236,60,55,2,353,0,0,0,353
11/15/2022,CMH,OH,AGL,CE,Combined TRACON& Tower with Radar,223,56,49,0,328,0,0,3,0,3,223,56,52,0,331,0,0,0,331
11/16/2022,CMH,OH,AGL,CE,Combined TRACON& Tower with Radar,220,49,58,0,327,0,0,4,0,4,220,49,62,0,331,0,0,0,331
11/17/2022,CMH,OH,AGL,CE,Combined TRACON& Tower with Radar,233,47,51,1,332,0,0,1,0,1,233,47,52,1,333,0,0,0,333
11/18/2022,CMH,OH,AGL,CE,Combined TRACON& Tower with Radar,227,58,41,1,327,0,1,5,0,6,227,59,46,1,333,0,0,0,333
11/19/2022,CMH,OH,AGL,CE,Combined TRACON& Tower with Radar,202,50,14,0,266,0,1,5,0,6,202,51,19,0,272,0,0,0,272
11/20/2022,CMH,OH,AGL,CE,Combined TRACON& Tower with Radar,219,33,34,0,286,0,0,13,0,13,219,33,47,0,299,0,0,0,299
11/21/2022,CMH,OH,AGL,CE,Combined TRACON& Tower with Radar,228,32,30,0,290,0,0,12,0,12,228,32,42,0,302,0,0,0,302
11/22/2022,CMH,OH,AGL,CE,Combined TRACON& Tower with Radar,237,48,40,2,327,0,0,21,0,21,237,48,61,2,348,0,0,0,348
11/23/2022,CMH,OH,AGL,CE,Combined TRACON& Tower with Radar,242,47,23,2,314,0,3,20,0,23,242,50,43,2,337,0,0,0,337
11/24/2022,CMH,OH,AGL,CE,Combined TRACON& Tower with Radar,161,22,8,0,191,0,2,5,0,7,161,24,13,0,198,0,0,0,198
11/25/2022,CMH,OH,AGL,CE,Combined TRACON& Tower with Radar,202,45,33,0,280,0,1,4,0,5,202,46,37,0,285,0,0,0,285
11/26/2022,CMH,OH,AGL,CE,Combined TRACON& Tower with Radar,216,57,47,0,320,0,0,15,2,17,216,57,62,2,337,0,0,0,337
11/27/2022,CMH,OH,AGL,CE,Combined TRACON& Tower with Radar,237,63,55,0,355,0,0,0,0,0,237,63,55,0,355,0,0,0,355
11/28/2022,CMH,OH,AGL,CE,Combined TRACON& Tower with Radar,250,50,52,0,352,0,0,1,2,3,250,50,53,2,355,0,0,0,355
11/29/2022,CMH,OH,AGL,CE,Combined TRACON& Tower with Radar,224,49,47,2,322,0,0,4,0,4,224,49,51,2,326,0,0,0,326
11/30/2022,CMH,OH,AGL,CE,Combined TRACON& Tower with Radar,224,36,48,0,308,0,0,2,0,2,224,36,50,0,310,0,0,0,310
12/01/2022,CMH,OH,AGL,CE,Combined TRACON& Tower with Radar,230,45,63,0,338,0,1,15,1,17,230,46,78,1,355,0,0,0,355
12/02/2022,CMH,OH,AGL,CE,Combined TRACON& Tower with Radar,223,41,38,0,302,0,0,11,0,11,223,41,49,0,313,0,0,0,313
12/03/2022,CMH,OH,AGL,CE,Combined TRACON& Tower with Radar,201,32,22,0,255,0,0,3,0,3,201,32,25,0,258,0,0,0,258
12/04/2022,CMH,OH,AGL,CE,Combined TRACON& Tower with Radar,222,36,47,0,305,0,0,16,0,16,222,36,63,0,321,0,0,0,321
12/05/2022,CMH,OH,AGL,CE,Combined TRACON& Tower with Radar,230,38,39,0,307,0,1,10,2,13,230,39,49,2,320,0,0,0,320
12/06/2022,CMH,OH,AGL,CE,Combined TRACON& Tower with Radar,228,56,57,0,341,0,0,0,0,0,228,56,57,0,341,0,0,0,341
12/07/2022,CMH,OH,AGL,CE,Combined TRACON& Tower with Radar,224,61,69,0,354,0,0,0,0,0,224,61,69,0,354,0,0,0,354
12/08/2022,CMH,OH,AGL,CE,Combined TRACON& Tower with Radar,234,53,68,0,355,0,0,2,0,2,234,53,70,0,357,0,0,0,357
12/09/2022,CMH,OH,AGL,CE,Combined TRACON& Tower with Radar,229,42,39,0,310,0,0,3,0,3,229,42,42,0,313,0,0,0,313
12/10/2022,CMH,OH,AGL,CE,Combined TRACON& Tower with Radar,200,36,12,0,248,0,0,2,0,2,200,36,14,0,250,0,0,0,250
12/11/2022,CMH,OH,AGL,CE,Combined TRACON& Tower with Radar,221,42,20,0,283,0,2,2,0,4,221,44,22,0,287,0,0,0,287
12/12/2022,CMH,OH,AGL,CE,Combined TRACON& Tower with Radar,226,57,53,0,336,0,0,8,0,8,226,57,61,0,344,0,0,0,344
12/13/2022,CMH,OH,AGL,CE,Combined TRACON& Tower with Radar,223,63,46,0,332,0,2,13,0,15,223,65,59,0,347,0,0,0,347
12/14/2022,CMH,OH,AGL,CE,Combined TRACON& Tower with Radar,222,64,49,0,335,0,0,4,0,4,222,64,53,0,339,0,0,0,339
12/15/2022,CMH,OH,AGL,CE,Combined TRACON& Tower with Radar,226,58,48,0,332,0,0,0,0,0,226,58,48,0,332,0,0,0,332
12/16/2022,CMH,OH,AGL,CE,Combined TRACON& Tower with Radar,226,62,37,0,325,0,0,7,0,7,226,62,44,0,332,0,0,0,332
12/17/2022,CMH,OH,AGL,CE,Combined TRACON& Tower with Radar,212,37,28,0,277,0,0,2,0,2,212,37,30,0,279,0,0,0,279
12/18/2022,CMH,OH,AGL,CE,Combined TRACON& Tower with Radar,216,41,26,1,284,0,1,3,0,4,216,42,29,1,288,0,0,0,288
12/19/2022,CMH,OH,AGL,CE,Combined TRACON& Tower with Radar,214,46,37,12,309,0,2,13,0,15,214,48,50,12,324,0,0,0,324
12/20/2022,CMH,OH,AGL,CE,Combined TRACON& Tower with Radar,215,76,41,1,333,0,4,16,0,20,215,80,57,1,353,0,0,0,353
12/21/2022,CMH,OH,AGL,CE,Combined TRACON& Tower with Radar,221,61,26,0,308,0,1,13,0,14,221,62,39,0,322,0,0,0,322
12/22/2022,CMH,OH,AGL,CE,Combined TRACON& Tower with Radar,211,53,37,0,301,1,0,1,1,3,212,53,38,1,304,0,0,0,304
12/23/2022,CMH,OH,AGL,CE,Combined TRACON& Tower with Radar,78,29,3,0,110,0,0,0,0,0,78,29,3,0,110,0,0,0,110
12/24/2022,CMH,OH,AGL,CE,Combined TRACON& Tower with Radar,111,43,13,0,167,0,0,0,0,0,111,43,13,0,167,0,0,0,167
12/25/2022,CMH,OH,AGL,CE,Combined TRACON& Tower with Radar,126,32,3,0,161,0,1,6,0,7,126,33,9,0,168,0,0,0,168
12/26/2022,CMH,OH,AGL,CE,Combined TRACON& Tower with Radar,145,54,33,0,232,0,0,0,0,0,145,54,33,0,232,0,0,0,232
12/27/2022,CMH,OH,AGL,CE,Combined TRACON& Tower with Radar,159,40,36,0,235,0,0,1,0,1,159,40,37,0,236,0,0,0,236
12/28/2022,CMH,OH,AGL,CE,Combined TRACON& Tower with Radar,151,47,29,1,228,0,1,4,0,5,151,48,33,1,233,0,0,0,233
12/29/2022,CMH,OH,AGL,CE,Combined TRACON& Tower with Radar,163,49,17,0,229,0,0,2,0,2,163,49,19,0,231,0,0,0,231
12/30/2022,CMH,OH,AGL,CE,Combined TRACON& Tower with Radar,204,39,15,0,258,0,0,4,0,4,204,39,19,0,262,0,0,0,262
12/31/2022,CMH,OH,AGL,CE,Combined TRACON& Tower with Radar,187,24,31,0,242,0,0,0,0,0,187,24,31,0,242,0,0,0,242
01/01/2023,CMH,OH,AGL,CE,Combined TRACON& Tower with Radar,189,31,27,0,247,0,0,0,0,0,189,31,27,0,247,0,0,0,247
01/02/2023,CMH,OH,AGL,CE,Combined TRACON& Tower with Radar,206,33,31,0,270,0,0,0,0,0,206,33,31,0,270,0,0,0,270
01/03/2023,CMH,OH,AGL,CE,Combined TRACON& Tower with Radar,199,49,35,0,283,0,0,0,0,0,199,49,35,0,283,0,0,0,283
01/04/2023,CMH,OH,AGL,CE,Combined TRACON& Tower with Radar,194,54,33,0,281,0,0,4,0,4,194,54,37,0,285,0,0,0,285
01/05/2023,CMH,OH,AGL,CE,Combined TRACON& Tower with Radar,183,35,35,2,255,0,0,9,2,11,183,35,44,4,266,0,0,0,266
01/06/2023,CMH,OH,AGL,CE,Combined TRACON& Tower with Radar,194,21,27,0,242,0,0,0,0,0,194,21,27,0,242,0,0,0,242
01/07/2023,CMH,OH,AGL,CE,Combined TRACON& Tower with Radar,190,23,28,0,241,0,0,7,0,7,190,23,35,0,248,0,0,0,248
01/08/2023,CMH,OH,AGL,CE,Combined TRACON& Tower with Radar,218,28,17,0,263,0,0,4,0,4,218,28,21,0,267,0,0,0,267
01/09/2023,CMH,OH,AGL,CE,Combined TRACON& Tower with Radar,222,26,31,0,279,0,2,5,0,7,222,28,36,0,286,0,0,0,286
01/10/2023,CMH,OH,AGL,CE,Combined TRACON& Tower with Radar,224,51,62,0,337,0,2,6,0,8,224,53,68,0,345,0,0,0,345
01/11/2023,CMH,OH,AGL,CE,Combined TRACON& Tower with Radar,203,42,31,0,276,0,0,1,0,1,203,42,32,0,277,0,0,0,277
01/12/2023,CMH,OH,AGL,CE,Combined TRACON& Tower with Radar,234,48,36,0,318,0,0,0,0,0,234,48,36,0,318,0,0,0,318
01/13/2023,CMH,OH,AGL,CE,Combined TRACON& Tower with Radar,233,38,50,0,321,0,0,2,0,2,233,38,52,0,323,0,0,0,323
01/14/2023,CMH,OH,AGL,CE,Combined TRACON& Tower with Radar,182,26,13,0,221,0,0,13,1,14,182,26,26,1,235,0,0,0,235
01/15/2023,CMH,OH,AGL,CE,Combined TRACON& Tower with Radar,212,23,17,1,253,0,0,10,0,10,212,23,27,1,263,0,0,0,263
01/16/2023,CMH,OH,AGL,CE,Combined TRACON& Tower with Radar,228,39,38,1,306,0,0,3,0,3,228,39,41,1,309,0,0,0,309
01/17/2023,CMH,OH,AGL,CE,Combined TRACON& Tower with Radar,223,46,32,0,301,0,0,4,0,4,223,46,36,0,305,0,0,0,305
01/18/2023,CMH,OH,AGL,CE,Combined TRACON& Tower with Radar,225,41,39,0,305,0,0,0,0,0,225,41,39,0,305,0,0,0,305
01/19/2023,CMH,OH,AGL,CE,Combined TRACON& Tower with Radar,239,42,33,0,314,0,0,3,0,3,239,42,36,0,317,0,0,0,317
01/20/2023,CMH,OH,AGL,CE,Combined TRACON& Tower with Radar,233,51,41,0,325,0,0,1,0,1,233,51,42,0,326,0,0,0,326
01/21/2023,CMH,OH,AGL,CE,Combined TRACON& Tower with Radar,182,18,10,0,210,0,0,4,0,4,182,18,14,0,214,0,0,0,214
01/22/2023,CMH,OH,AGL,CE,Combined TRACON& Tower with Radar,228,23,15,0,266,0,0,0,0,0,228,23,15,0,266,0,0,0,266
01/23/2023,CMH,OH,AGL,CE,Combined TRACON& Tower with Radar,226,43,22,0,291,0,0,1,0,1,226,43,23,0,292,0,0,0,292
01/24/2023,CMH,OH,AGL,CE,Combined TRACON& Tower with Radar,220,56,41,3,320,0,2,12,0,14,220,58,53,3,334,0,0,0,334
01/25/2023,CMH,OH,AGL,CE,Combined TRACON& Tower with Radar,199,47,27,0,273,0,0,0,0,0,199,47,27,0,273,0,0,0,273
01/26/2023,CMH,OH,AGL,CE,Combined TRACON& Tower with Radar,232,39,41,0,312,0,0,0,0,0,232,39,41,0,312,0,0,0,312
01/27/2023,CMH,OH,AGL,CE,Combined TRACON& Tower with Radar,230,31,32,0,293,0,1,5,0,6,230,32,37,0,299,0,0,0,299
01/28/2023,CMH,OH,AGL,CE,Combined TRACON& Tower with Radar,181,22,25,0,228,0,0,16,0,16,181,22,41,0,244,0,0,0,244
01/29/2023,CMH,OH,AGL,CE,Combined TRACON& Tower with Radar,222,37,9,0,268,0,1,0,0,1,222,38,9,0,269,0,0,0,269
01/30/2023,CMH,OH,AGL,CE,Combined TRACON& Tower with Radar,222,28,27,0,277,0,0,0,0,0,222,28,27,0,277,0,0,0,277
01/31/2023,CMH,OH,AGL,CE,Combined TRACON& Tower with Radar,212,41,46,2,301,0,0,6,0,6,212,41,52,2,307,0,0,0,307
02/01/2023,CMH,OH,AGL,CE,Combined TRACON& Tower with Radar,210,51,42,3,306,0,0,14,0,14,210,51,56,3,320,0,0,0,320
02/02/2023,CMH,OH,AGL,CE,Combined TRACON& Tower with Radar,239,53,51,2,345,0,0,12,1,13,239,53,63,3,358,0,0,0,358
02/03/2023,CMH,OH,AGL,CE,Combined TRACON& Tower with Radar,222,42,29,2,295,0,2,8,1,11,222,44,37,3,306,0,0,0,306
02/04/2023,CMH,OH,AGL,CE,Combined TRACON& Tower with Radar,185,27,15,2,229,0,4,2,0,6,185,31,17,2,235,0,0,0,235
02/05/2023,CMH,OH,AGL,CE,Combined TRACON& Tower with Radar,224,42,21,1,288,0,0,3,0,3,224,42,24,1,291,0,0,0,291
02/06/2023,CMH,OH,AGL,CE,Combined TRACON& Tower with Radar,227,41,37,0,305,0,0,4,2,6,227,41,41,2,311,16,0,16,327
02/07/2023,CMH,OH,AGL,CE,Combined TRACON& Tower with Radar,222,40,44,0,306,0,2,6,1,9,222,42,50,1,315,0,0,0,315
02/08/2023,CMH,OH,AGL,CE,Combined TRACON& Tower with Radar,221,55,55,0,331,0,0,17,0,17,221,55,72,0,348,0,0,0,348
02/09/2023,CMH,OH,AGL,CE,Combined TRACON& Tower with Radar,233,48,40,1,322,0,3,0,0,3,233,51,40,1,325,0,0,0,325
02/10/2023,CMH,OH,AGL,CE,Combined TRACON& Tower with Radar,233,56,31,0,320,0,1,1,0,2,233,57,32,0,322,0,0,0,322
02/11/2023,CMH,OH,AGL,CE,Combined TRACON& Tower with Radar,186,29,16,0,231,0,0,18,0,18,186,29,34,0,249,0,0,0,249
02/12/2023,CMH,OH,AGL,CE,Combined TRACON& Tower with Radar,220,51,14,0,285,0,0,13,0,13,220,51,27,0,298,0,0,0,298
02/13/2023,CMH,OH,AGL,CE,Combined TRACON& Tower with Radar,229,48,32,0,309,0,0,8,3,11,229,48,40,3,320,0,0,0,320
02/14/2023,CMH,OH,AGL,CE,Combined TRACON& Tower with Radar,223,66,29,0,318,0,2,16,1,19,223,68,45,1,337,0,0,0,337
02/15/2023,CMH,OH,AGL,CE,Combined TRACON& Tower with Radar,221,53,35,0,309,0,0,4,0,4,221,53,39,0,313,0,0,0,313
02/16/2023,CMH,OH,AGL,CE,Combined TRACON& Tower with Radar,216,71,49,2,338,0,0,0,0,0,216,71,49,2,338,0,0,0,338
02/17/2023,CMH,OH,AGL,CE,Combined TRACON& Tower with Radar,230,57,27,0,314,0,0,0,0,0,230,57,27,0,314,0,0,0,314
02/18/2023,CMH,OH,AGL,CE,Combined TRACON& Tower with Radar,182,18,22,0,222,0,0,27,0,27,182,18,49,0,249,0,0,0,249
02/19/2023,CMH,OH,AGL,CE,Combined TRACON& Tower with Radar,216,40,18,0,274,0,2,9,0,11,216,42,27,0,285,0,0,0,285
02/20/2023,CMH,OH,AGL,CE,Combined TRACON& Tower with Radar,232,48,42,0,322,0,2,7,0,9,232,50,49,0,331,0,0,0,331
02/21/2023,CMH,OH,AGL,CE,Combined TRACON& Tower with Radar,228,54,69,0,351,0,0,7,0,7,228,54,76,0,358,0,0,0,358
02/22/2023,CMH,OH,AGL,CE,Combined TRACON& Tower with Radar,223,55,45,2,325,0,1,0,0,1,223,56,45,2,326,0,0,0,326
02/23/2023,CMH,OH,AGL,CE,Combined TRACON& Tower with Radar,240,71,59,5,375,0,8,9,0,17,240,79,68,5,392,0,0,0,392
02/24/2023,CMH,OH,AGL,CE,Combined TRACON& Tower with Radar,234,52,51,2,339,0,4,21,0,25,234,56,72,2,364,0,0,0,364
02/25/2023,CMH,OH,AGL,CE,Combined TRACON& Tower with Radar,187,45,21,0,253,0,1,17,0,18,187,46,38,0,271,0,0,0,271
02/26/2023,CMH,OH,AGL,CE,Combined TRACON& Tower with Radar,224,50,43,2,319,0,4,10,0,14,224,54,53,2,333,0,0,0,333
02/27/2023,CMH,OH,AGL,CE,Combined TRACON& Tower with Radar,230,56,43,0,329,0,0,0,0,0,230,56,43,0,329,0,0,0,329
02/28/2023,CMH,OH,AGL,CE,Combined TRACON& Tower with Radar,217,67,54,0,338,0,0,10,0,10,217,67,64,0,348,0,0,0,348
03/01/2023,CMH,OH,AGL,CE,Combined TRACON& Tower with Radar,228,64,39,0,331,0,1,13,1,15,228,65,52,1,346,0,0,0,346
03/02/2023,CMH,OH,AGL,CE,Combined TRACON& Tower with Radar,231,52,57,2,342,0,0,14,0,14,231,52,71,2,356,0,0,0,356
03/03/2023,CMH,OH,AGL,CE,Combined TRACON& Tower with Radar,237,35,33,1,306,0,0,0,0,0,237,35,33,1,306,0,0,0,306
03/04/2023,CMH,OH,AGL,CE,Combined TRACON& Tower with Radar,182,50,18,0,250,0,0,11,0,11,182,50,29,0,261,0,0,0,261
03/05/2023,CMH,OH,AGL,CE,Combined TRACON& Tower with Radar,219,35,26,0,280,0,1,18,0,19,219,36,44,0,299,0,0,0,299
03/06/2023,CMH,OH,AGL,CE,Combined TRACON& Tower with Radar,235,38,33,0,306,0,0,1,0,1,235,38,34,0,307,0,0,0,307
03/07/2023,CMH,OH,AGL,CE,Combined TRACON& Tower with Radar,227,46,57,0,330,0,0,8,0,8,227,46,65,0,338,0,0,0,338
03/08/2023,CMH,OH,AGL,CE,Combined TRACON& Tower with Radar,226,45,33,2,306,0,2,18,1,21,226,47,51,3,327,0,0,0,327
03/09/2023,CMH,OH,AGL,CE,Combined TRACON& Tower with Radar,238,69,67,0,374,0,3,19,1,23,238,72,86,1,397,0,0,0,397
03/10/2023,CMH,OH,AGL,CE,Combined TRACON& Tower with Radar,236,43,38,0,317,0,0,0,1,1,236,43,38,1,318,0,0,0,318
03/11/2023,CMH,OH,AGL,CE,Combined TRACON& Tower with Radar,216,36,24,0,276,0,0,6,1,7,216,36,30,1,283,0,0,0,283
03/12/2023,CMH,OH,AGL,CE,Combined TRACON& Tower with Radar,230,41,23,0,294,0,1,4,0,5,230,42,27,0,299,0,0,0,299
03/13/2023,CMH,OH,AGL,CE,Combined TRACON& Tower with Radar,242,42,41,0,325,0,0,0,0,0,242,42,41,0,325,0,0,0,325
03/14/2023,CMH,OH,AGL,CE,Combined TRACON& Tower with Radar,230,61,43,2,336,0,0,2,1,3,230,61,45,3,339,0,0,0,339
03/15/2023,CMH,OH,AGL,CE,Combined TRACON& Tower with Radar,242,57,42,2,343,0,1,12,2,15,242,58,54,4,358,0,0,0,358
03/16/2023,CMH,OH,AGL,CE,Combined TRACON& Tower with Radar,239,46,35,2,322,0,0,6,1,7,239,46,41,3,329,0,0,0,329
03/17/2023,CMH,OH,AGL,CE,Combined TRACON& Tower with Radar,251,37,52,0,340,0,0,0,0,0,251,37,52,0,340,0,0,0,340
03/18/2023,CMH,OH,AGL,CE,Combined TRACON& Tower with Radar,225,34,35,4,298,0,0,4,0,4,225,34,39,4,302,0,0,0,302
03/19/2023,CMH,OH,AGL,CE,Combined TRACON& Tower with Radar,239,63,50,0,352,0,0,16,0,16,239,63,66,0,368,0,0,0,368
03/20/2023,CMH,OH,AGL,CE,Combined TRACON& Tower with Radar,246,43,43,1,333,0,3,24,0,27,246,46,67,1,360,0,0,0,360
03/21/2023,CMH,OH,AGL,CE,Combined TRACON& Tower with Radar,230,52,56,0,338,0,4,41,0,45,230,56,97,0,383,0,0,0,383
03/22/2023,CMH,OH,AGL,CE,Combined TRACON& Tower with Radar,236,58,46,1,341,0,0,1,0,1,236,58,47,1,342,0,0,0,342
03/23/2023,CMH,OH,AGL,CE,Combined TRACON& Tower with Radar,243,53,44,0,340,0,0,1,0,1,243,53,45,0,341,0,0,0,341
03/24/2023,CMH,OH,AGL,CE,Combined TRACON& Tower with Radar,244,39,36,2,321,0,0,0,0,0,244,39,36,2,321,0,0,0,321
03/25/2023,CMH,OH,AGL,CE,Combined TRACON& Tower with Radar,225,37,8,0,270,0,0,0,0,0,225,37,8,0,270,0,0,0,270
03/26/2023,CMH,OH,AGL,CE,Combined TRACON& Tower with Radar,232,40,41,0,313,0,11,19,0,30,232,51,60,0,343,0,0,0,343
03/27/2023,CMH,OH,AGL,CE,Combined TRACON& Tower with Radar,247,24,19,0,290,0,2,0,0,2,247,26,19,0,292,0,0,0,292
03/28/2023,CMH,OH,AGL,CE,Combined TRACON& Tower with Radar,235,41,52,2,330,0,3,17,0,20,235,44,69,2,350,0,0,0,350
03/29/2023,CMH,OH,AGL,CE,Combined TRACON& Tower with Radar,234,37,42,0,313,0,1,7,1,9,234,38,49,1,322,0,0,0,322
03/30/2023,CMH,OH,AGL,CE,Combined TRACON& Tower with Radar,239,48,60,0,347,0,2,14,0,16,239,50,74,0,363,0,0,0,363
03/31/2023,CMH,OH,AGL,CE,Combined TRACON& Tower with Radar,234,46,27,2,309,0,0,1,0,1,234,46,28,2,310,0,0,0,310
04/01/2023,CMH,OH,AGL,CE,Combined TRACON& Tower with Radar,201,41,18,0,260,0,0,0,0,0,201,41,18,0,260,0,0,0,260
04/02/2023,CMH,OH,AGL,CE,Combined TRACON& Tower with Radar,235,42,28,0,305,0,0,9,0,9,235,42,37,0,314,0,0,0,314
04/03/2023,CMH,OH,AGL,CE,Combined TRACON& Tower with Radar,237,40,28,2,307,0,0,5,0,5,237,40,33,2,312,0,0,0,312
04/04/2023,CMH,OH,AGL,CE,Combined TRACON& Tower with Radar,236,39,40,0,315,0,0,7,2,9,236,39,47,2,324,0,0,0,324
04/05/2023,CMH,OH,AGL,CE,Combined TRACON& Tower with Radar,235,55,28,0,318,0,0,0,0,0,235,55,28,0,318,0,0,0,318
04/06/2023,CMH,OH,AGL,CE,Combined TRACON& Tower with Radar,241,42,48,0,331,0,0,8,0,8,241,42,56,0,339,0,0,0,339
04/07/2023,CMH,OH,AGL,CE,Combined TRACON& Tower with Radar,246,42,29,0,317,0,1,14,0,15,246,43,43,0,332,0,0,0,332
04/08/2023,CMH,OH,AGL,CE,Combined TRACON& Tower with Radar,225,34,15,0,274,0,0,18,0,18,225,34,33,0,292,0,0,0,292
04/09/2023,CMH,OH,AGL,CE,Combined TRACON& Tower with Radar,228,44,24,0,296,0,2,2,0,4,228,46,26,0,300,0,0,0,300
04/10/2023,CMH,OH,AGL,CE,Combined TRACON& Tower with Radar,246,51,48,0,345,0,0,13,0,13,246,51,61,0,358,0,0,0,358
04/11/2023,CMH,OH,AGL,CE,Combined TRACON& Tower with Radar,239,44,44,0,327,0,1,29,0,30,239,45,73,0,357,0,0,0,357
04/12/2023,CMH,OH,AGL,CE,Combined TRACON& Tower with Radar,242,38,48,0,328,0,2,10,0,12,242,40,58,0,340,0,0,0,340
04/13/2023,CMH,OH,AGL,CE,Combined TRACON& Tower with Radar,237,60,58,0,355,0,5,15,2,22,237,65,73,2,377,0,0,0,377
04/14/2023,CMH,OH,AGL,CE,Combined TRACON& Tower with Radar,241,23,49,2,315,0,6,6,0,12,241,29,55,2,327,0,0,0,327
04/15/2023,CMH,OH,AGL,CE,Combined TRACON& Tower with Radar,201,34,18,0,253,0,2,3,0,5,201,36,21,0,258,0,0,0,258
04/16/2023,CMH,OH,AGL,CE,Combined TRACON& Tower with Radar,224,34,20,0,278,0,0,5,0,5,224,34,25,0,283,0,0,0,283
04/17/2023,CMH,OH,AGL,CE,Combined TRACON& Tower with Radar,233,33,49,0,315,0,0,0,0,0,233,33,49,0,315,0,0,0,315
04/18/2023,CMH,OH,AGL,CE,Combined TRACON& Tower with Radar,236,49,49,0,334,0,0,8,0,8,236,49,57,0,342,0,0,0,342
04/19/2023,CMH,OH,AGL,CE,Combined TRACON& Tower with Radar,240,55,86,4,385,0,0,10,0,10,240,55,96,4,395,0,0,0,395
04/20/2023,CMH,OH,AGL,CE,Combined TRACON& Tower with Radar,234,50,51,0,335,0,0,4,0,4,234,50,55,0,339,0,0,0,339
04/21/2023,CMH,OH,AGL,CE,Combined TRACON& Tower with Radar,245,49,42,5,341,0,0,4,0,4,245,49,46,5,345,0,0,0,345
04/22/2023,CMH,OH,AGL,CE,Combined TRACON& Tower with Radar,209,27,13,2,251,0,0,3,0,3,209,27,16,2,254,0,0,0,254
04/23/2023,CMH,OH,AGL,CE,Combined TRACON& Tower with Radar,230,31,22,0,283,0,0,9,2,11,230,31,31,2,294,0,0,0,294
04/24/2023,CMH,OH,AGL,CE,Combined TRACON& Tower with Radar,245,30,36,0,311,0,0,7,0,7,245,30,43,0,318,0,0,0,318
04/25/2023,CMH,OH,AGL,CE,Combined TRACON& Tower with Radar,229,60,42,1,332,0,1,14,0,15,229,61,56,1,347,0,0,0,347
04/26/2023,CMH,OH,AGL,CE,Combined TRACON& Tower with Radar,238,67,58,1,364,0,3,20,1,24,238,70,78,2,388,0,0,0,388
04/27/2023,CMH,OH,AGL,CE,Combined TRACON& Tower with Radar,235,60,52,1,348,0,1,20,1,22,235,61,72,2,370,0,0,0,370
04/28/2023,CMH,OH,AGL,CE,Combined TRACON& Tower with Radar,241,39,32,0,312,0,0,4,0,4,241,39,36,0,316,0,0,0,316
04/29/2023,CMH,OH,AGL,CE,Combined TRACON& Tower with Radar,207,38,19,0,264,0,0,6,0,6,207,38,25,0,270,0,0,0,270
04/30/2023,CMH,OH,AGL,CE,Combined TRACON& Tower with Radar,219,52,23,0,294,0,2,2,0,4,219,54,25,0,298,0,0,0,298
05/01/2023,CMH,OH,AGL,CE,Combined TRACON& Tower with Radar,240,49,43,0,332,0,0,2,0,2,240,49,45,0,334,0,0,0,334
05/02/2023,CMH,OH,AGL,CE,Combined TRACON& Tower with Radar,241,27,41,6,315,0,0,2,0,2,241,27,43,6,317,0,0,0,317
05/03/2023,CMH,OH,AGL,CE,Combined TRACON& Tower with Radar,242,58,57,0,357,0,1,0,0,1,242,59,57,0,358,0,0,0,358
05/04/2023,CMH,OH,AGL,CE,Combined TRACON& Tower with Radar,249,73,51,1,374,0,0,14,0,14,249,73,65,1,388,0,0,0,388
05/05/2023,CMH,OH,AGL,CE,Combined TRACON& Tower with Radar,246,35,32,0,313,0,0,28,0,28,246,35,60,0,341,0,0,0,341
05/06/2023,CMH,OH,AGL,CE,Combined TRACON& Tower with Radar,211,33,25,0,269,0,4,8,0,12,211,37,33,0,281,0,0,0,281
05/07/2023,CMH,OH,AGL,CE,Combined TRACON& Tower with Radar,227,38,28,0,293,0,0,8,0,8,227,38,36,0,301,0,0,0,301
05/08/2023,CMH,OH,AGL,CE,Combined TRACON& Tower with Radar,255,41,41,0,337,0,0,4,0,4,255,41,45,0,341,0,0,0,341
05/09/2023,CMH,OH,AGL,CE,Combined TRACON& Tower with Radar,246,41,49,0,336,0,0,12,0,12,246,41,61,0,348,0,0,0,348
05/10/2023,CMH,OH,AGL,CE,Combined TRACON& Tower with Radar,245,55,62,2,364,0,2,13,0,15,245,57,75,2,379,0,0,0,379
05/11/2023,CMH,OH,AGL,CE,Combined TRACON& Tower with Radar,255,56,54,0,365,0,0,14,0,14,255,56,68,0,379,0,0,0,379
05/12/2023,CMH,OH,AGL,CE,Combined TRACON& Tower with Radar,252,33,36,3,324,0,5,7,0,12,252,38,43,3,336,0,0,0,336
05/13/2023,CMH,OH,AGL,CE,Combined TRACON& Tower with Radar,205,36,10,0,251,0,0,0,0,0,205,36,10,0,251,0,0,0,251
05/14/2023,CMH,OH,AGL,CE,Combined TRACON& Tower with Radar,237,56,21,1,315,0,1,9,0,10,237,57,30,1,325,0,0,0,325
05/15/2023,CMH,OH,AGL,CE,Combined TRACON& Tower with Radar,253,48,44,0,345,0,0,16,0,16,253,48,60,0,361,0,0,0,361
05/16/2023,CMH,OH,AGL,CE,Combined TRACON& Tower with Radar,241,38,48,0,327,0,2,9,0,11,241,40,57,0,338,0,0,0,338
05/17/2023,CMH,OH,AGL,CE,Combined TRACON& Tower with Radar,243,55,53,2,353,0,2,14,0,16,243,57,67,2,369,0,0,0,369
05/18/2023,CMH,OH,AGL,CE,Combined TRACON& Tower with Radar,249,41,65,2,357,0,3,23,0,26,249,44,88,2,383,0,0,0,383
05/19/2023,CMH,OH,AGL,CE,Combined TRACON& Tower with Radar,252,34,39,4,329,0,1,10,0,11,252,35,49,4,340,0,0,0,340
05/20/2023,CMH,OH,AGL,CE,Combined TRACON& Tower with Radar,211,33,12,0,256,0,0,8,0,8,211,33,20,0,264,0,0,0,264
05/21/2023,CMH,OH,AGL,CE,Combined TRACON& Tower with Radar,251,42,35,0,328,0,3,22,0,25,251,45,57,0,353,0,0,0,353
05/22/2023,CMH,OH,AGL,CE,Combined TRACON& Tower with Radar,254,38,37,0,329,0,3,21,0,24,254,41,58,0,353,10,0,10,363
05/23/2023,CMH,OH,AGL,CE,Combined TRACON& Tower with Radar,244,43,50,5,342,0,0,15,0,15,244,43,65,5,357,0,0,0,357
05/24/2023,CMH,OH,AGL,CE,Combined TRACON& Tower with Radar,243,46,47,2,338,0,0,19,0,19,243,46,66,2,357,0,0,0,357
05/25/2023,CMH,OH,AGL,CE,Combined TRACON& Tower with Radar,264,47,51,0,362,0,0,22,0,22,264,47,73,0,384,0,0,0,384
05/26/2023,CMH,OH,AGL,CE,Combined TRACON& Tower with Radar,252,25,44,0,321,0,4,14,0,18,252,29,58,0,339,0,0,0,339
05/27/2023,CMH,OH,AGL,CE,Combined TRACON& Tower with Radar,215,26,19,0,260,0,0,14,0,14,215,26,33,0,274,0,0,0,274
05/28/2023,CMH,OH,AGL,CE,Combined TRACON& Tower with Radar,226,15,27,0,268,0,2,12,0,14,226,17,39,0,282,0,0,0,282
05/29/2023,CMH,OH,AGL,CE,Combined TRACON& Tower with Radar,253,30,22,0,305,0,0,7,0,7,253,30,29,0,312,0,0,0,312
05/30/2023,CMH,OH,AGL,CE,Combined TRACON& Tower with Radar,245,51,56,0,352,0,4,10,0,14,245,55,66,0,366,0,0,0,366
05/31/2023,CMH,OH,AGL,CE,Combined TRACON& Tower with Radar,246,43,66,0,355,0,2,13,0,15,246,45,79,0,370,0,0,0,370
06/01/2023,CMH,OH,AGL,CE,Combined TRACON& Tower with Radar,250,50,56,0,356,0,1,22,0,23,250,51,78,0,379,0,0,0,379
06/02/2023,CMH,OH,AGL,CE,Combined TRACON& Tower with Radar,254,38,45,2,339,0,0,9,2,11,254,38,54,4,350,0,0,0,350
06/03/2023,CMH,OH,AGL,CE,Combined TRACON& Tower with Radar,219,28,16,0,263,0,0,9,0,9,219,28,25,0,272,0,0,0,272
06/04/2023,CMH,OH,AGL,CE,Combined TRACON& Tower with Radar,246,41,37,0,324,0,4,8,0,12,246,45,45,0,336,0,0,0,336
06/05/2023,CMH,OH,AGL,CE,Combined TRACON& Tower with Radar,264,42,44,0,350,0,1,5,0,6,264,43,49,0,356,0,0,0,356
06/06/2023,CMH,OH,AGL,CE,Combined TRACON& Tower with Radar,248,42,62,0,352,0,2,12,0,14,248,44,74,0,366,0,0,0,366
06/07/2023,CMH,OH,AGL,CE,Combined TRACON& Tower with Radar,254,54,43,0,351,0,0,16,0,16,254,54,59,0,367,0,0,0,367
06/08/2023,CMH,OH,AGL,CE,Combined TRACON& Tower with Radar,258,51,48,0,357,0,1,17,0,18,258,52,65,0,375,0,0,0,375
06/09/2023,CMH,OH,AGL,CE,Combined TRACON& Tower with Radar,263,38,27,0,328,0,0,6,7,13,263,38,33,7,341,0,0,0,341
06/10/2023,CMH,OH,AGL,CE,Combined TRACON& Tower with Radar,225,33,16,0,274,0,2,15,1,18,225,35,31,1,292,0,0,0,292
06/11/2023,CMH,OH,AGL,CE,Combined TRACON& Tower with Radar,253,37,26,1,317,0,0,5,1,6,253,37,31,2,323,0,0,0,323
06/12/2023,CMH,OH,AGL,CE,Combined TRACON& Tower with Radar,263,45,37,0,345,0,3,4,0,7,263,48,41,0,352,0,0,0,352
06/13/2023,CMH,OH,AGL,CE,Combined TRACON& Tower with Radar,250,44,55,0,349,0,0,6,0,6,250,44,61,0,355,0,0,0,355
06/14/2023,CMH,OH,AGL,CE,Combined TRACON& Tower with Radar,247,64,58,0,369,0,1,14,0,15,247,65,72,0,384,0,0,0,384
06/15/2023,CMH,OH,AGL,CE,Combined TRACON& Tower with Radar,262,55,63,2,382,0,1,8,0,9,262,56,71,2,391,0,0,0,391
06/16/2023,CMH,OH,AGL,CE,Combined TRACON& Tower with Radar,269,58,36,0,363,0,1,15,0,16,269,59,51,0,379,0,0,0,379
06/17/2023,CMH,OH,AGL,CE,Combined TRACON& Tower with Radar,223,54,16,0,293,0,0,20,2,22,223,54,36,2,315,0,0,0,315
06/18/2023,CMH,OH,AGL,CE,Combined TRACON& Tower with Radar,258,32,30,0,320,0,2,32,1,35,258,34,62,1,355,0,0,0,355
06/19/2023,CMH,OH,AGL,CE,Combined TRACON& Tower with Radar,264,53,41,3,361,1,0,11,0,12,265,53,52,3,373,0,0,0,373
06/20/2023,CMH,OH,AGL,CE,Combined TRACON& Tower with Radar,246,57,67,1,371,0,0,2,0,2,246,57,69,1,373,0,0,0,373
06/21/2023,CMH,OH,AGL,CE,Combined TRACON& Tower with Radar,253,52,45,0,350,0,0,26,0,26,253,52,71,0,376,0,0,0,376
06/22/2023,CMH,OH,AGL,CE,Combined TRACON& Tower with Radar,253,53,66,0,372,0,0,2,0,2,253,53,68,0,374,0,0,0,374
06/23/2023,CMH,OH,AGL,CE,Combined TRACON& Tower with Radar,260,52,40,1,353,0,0,0,0,0,260,52,40,1,353,0,0,0,353
06/24/2023,CMH,OH,AGL,CE,Combined TRACON& Tower with Radar,235,41,41,2,319,0,0,10,0,10,235,41,51,2,329,0,0,0,329
06/25/2023,CMH,OH,AGL,CE,Combined TRACON& Tower with Radar,262,39,20,1,322,0,5,3,0,8,262,44,23,1,330,0,0,0,330
06/26/2023,CMH,OH,AGL,CE,Combined TRACON& Tower with Radar,242,42,30,0,314,0,0,3,0,3,242,42,33,0,317,0,0,0,317
06/27/2023,CMH,OH,AGL,CE,Combined TRACON& Tower with Radar,226,58,51,1,336,0,0,1,1,2,226,58,52,2,338,0,0,0,338
06/28/2023,CMH,OH,AGL,CE,Combined TRACON& Tower with Radar,248,49,61,0,358,0,0,0,0,0,248,49,61,0,358,0,0,0,358
06/29/2023,CMH,OH,AGL,CE,Combined TRACON& Tower with Radar,261,59,45,0,365,0,0,2,0,2,261,59,47,0,367,0,0,0,367
06/30/2023,CMH,OH,AGL,CE,Combined TRACON& Tower with Radar,266,52,42,0,360,0,0,4,0,4,266,52,46,0,364,0,0,0,364
07/01/2023,CMH,OH,AGL,CE,Combined TRACON& Tower with Radar,233,33,27,0,293,0,0,2,0,2,233,33,29,0,295,0,0,0,295
07/02/2023,CMH,OH,AGL,CE,Combined TRACON& Tower with Radar,230,22,19,0,271,0,0,4,0,4,230,22,23,0,275,0,0,0,275
07/03/2023,CMH,OH,AGL,CE,Combined TRACON& Tower with Radar,227,20,20,0,267,0,0,2,0,2,227,20,22,0,269,0,0,0,269
07/04/2023,CMH,OH,AGL,CE,Combined TRACON& Tower with Radar,207,22,6,0,235,0,0,10,0,10,207,22,16,0,245,0,0,0,245
07/05/2023,CMH,OH,AGL,CE,Combined TRACON& Tower with Radar,245,32,22,0,299,0,0,15,0,15,245,32,37,0,314,0,0,0,314
07/06/2023,CMH,OH,AGL,CE,Combined TRACON& Tower with Radar,237,34,40,0,311,0,1,7,0,8,237,35,47,0,319,0,0,0,319
07/07/2023,CMH,OH,AGL,CE,Combined TRACON& Tower with Radar,241,33,44,2,320,0,0,17,0,17,241,33,61,2,337,0,0,0,337
07/08/2023,CMH,OH,AGL,CE,Combined TRACON& Tower with Radar,232,31,30,0,293,0,0,12,0,12,232,31,42,0,305,0,0,0,305
07/09/2023,CMH,OH,AGL,CE,Combined TRACON& Tower with Radar,235,31,38,0,304,0,0,10,0,10,235,31,48,0,314,0,0,0,314
07/10/2023,CMH,OH,AGL,CE,Combined TRACON& Tower with Radar,261,32,43,0,336,0,0,13,0,13,261,32,56,0,349,0,0,0,349
07/11/2023,CMH,OH,AGL,CE,Combined TRACON& Tower with Radar,254,50,43,1,348,0,0,8,0,8,254,50,51,1,356,0,0,0,356
07/12/2023,CMH,OH,AGL,CE,Combined TRACON& Tower with Radar,265,51,56,5,377,0,2,15,0,17,265,53,71,5,394,0,0,0,394
07/13/2023,CMH,OH,AGL,CE,Combined TRACON& Tower with Radar,261,41,57,0,359,0,2,16,0,18,261,43,73,0,377,0,0,0,377
07/14/2023,CMH,OH,AGL,CE,Combined TRACON& Tower with Radar,242,41,40,0,323,0,0,18,0,18,242,41,58,0,341,0,0,0,341
07/15/2023,CMH,OH,AGL,CE,Combined TRACON& Tower with Radar,246,45,22,0,313,0,0,9,0,9,246,45,31,0,322,0,0,0,322
07/16/2023,CMH,OH,AGL,CE,Combined TRACON& Tower with Radar,240,41,39,0,320,0,0,5,0,5,240,41,44,0,325,0,0,0,325
07/17/2023,CMH,OH,AGL,CE,Combined TRACON& Tower with Radar,264,40,59,0,363,0,0,7,0,7,264,40,66,0,370,0,0,0,370
07/18/2023,CMH,OH,AGL,CE,Combined TRACON& Tower with Radar,256,44,72,0,372,0,0,5,0,5,256,44,77,0,377,0,0,0,377
07/19/2023,CMH,OH,AGL,CE,Combined TRACON& Tower with Radar,261,42,74,4,381,0,1,17,0,18,261,43,91,4,399,0,0,0,399
07/20/2023,CMH,OH,AGL,CE,Combined TRACON& Tower with Radar,259,62,58,0,379,0,0,6,0,6,259,62,64,0,385,0,0,0,385
07/21/2023,CMH,OH,AGL,CE,Combined TRACON& Tower with Radar,263,33,47,8,351,0,0,7,0,7,263,33,54,8,358,0,0,0,358
07/22/2023,CMH,OH,AGL,CE,Combined TRACON& Tower with Radar,243,34,20,0,297,0,0,16,0,16,243,34,36,0,313,0,0,0,313
07/23/2023,CMH,OH,AGL,CE,Combined TRACON& Tower with Radar,251,20,31,0,302,0,0,9,0,9,251,20,40,0,311,0,0,0,311
07/24/2023,CMH,OH,AGL,CE,Combined TRACON& Tower with Radar,264,39,42,3,348,0,1,7,0,8,264,40,49,3,356,0,0,0,356
07/25/2023,CMH,OH,AGL,CE,Combined TRACON& Tower with Radar,258,33,60,3,354,0,0,9,0,9,258,33,69,3,363,0,0,0,363
07/26/2023,CMH,OH,AGL,CE,Combined TRACON& Tower with Radar,264,58,59,0,381,0,0,4,0,4,264,58,63,0,385,0,0,0,385
07/27/2023,CMH,OH,AGL,CE,Combined TRACON& Tower with Radar,257,41,59,0,357,0,0,6,0,6,257,41,65,0,363,0,0,0,363
07/28/2023,CMH,OH,AGL,CE,Combined TRACON& Tower with Radar,263,31,40,0,334,0,0,7,1,8,263,31,47,1,342,0,0,0,342
07/29/2023,CMH,OH,AGL,CE,Combined TRACON& Tower with Radar,228,33,15,2,278,0,1,8,2,11,228,34,23,4,289,0,0,0,289
07/30/2023,CMH,OH,AGL,CE,Combined TRACON& Tower with Radar,260,41,23,1,325,0,0,18,0,18,260,41,41,1,343,0,0,0,343
07/31/2023,CMH,OH,AGL,CE,Combined TRACON& Tower with Radar,264,38,51,0,353,0,0,14,0,14,264,38,65,0,367,0,0,0,367
08/01/2023,CMH,OH,AGL,CE,Combined TRACON& Tower with Radar,260,42,70,5,377,0,0,21,0,21,260,42,91,5,398,0,0,0,398
08/02/2023,CMH,OH,AGL,CE,Combined TRACON& Tower with Radar,259,53,42,2,356,0,0,36,2,38,259,53,78,4,394,0,0,0,394
08/03/2023,CMH,OH,AGL,CE,Combined TRACON& Tower with Radar,263,44,60,0,367,0,0,8,0,8,263,44,68,0,375,0,0,0,375
08/04/2023,CMH,OH,AGL,CE,Combined TRACON& Tower with Radar,273,38,53,3,367,0,0,15,0,15,273,38,68,3,382,0,0,0,382
08/05/2023,CMH,OH,AGL,CE,Combined TRACON& Tower with Radar,226,28,26,2,282,0,0,8,1,9,226,28,34,3,291,0,0,0,291
08/06/2023,CMH,OH,AGL,CE,Combined TRACON& Tower with Radar,249,53,47,5,354,0,2,8,0,10,249,55,55,5,364,0,0,0,364
08/07/2023,CMH,OH,AGL,CE,Combined TRACON& Tower with Radar,249,33,36,0,318,0,0,0,0,0,249,33,36,0,318,0,0,0,318
08/08/2023,CMH,OH,AGL,CE,Combined TRACON& Tower with Radar,260,50,69,10,389,0,0,5,0,5,260,50,74,10,394,0,0,0,394
08/09/2023,CMH,OH,AGL,CE,Combined TRACON& Tower with Radar,254,39,58,0,351,0,0,8,2,10,254,39,66,2,361,0,0,0,361
08/10/2023,CMH,OH,AGL,CE,Combined TRACON& Tower with Radar,257,47,57,0,361,0,0,14,2,16,257,47,71,2,377,0,0,0,377
08/11/2023,CMH,OH,AGL,CE,Combined TRACON& Tower with Radar,263,53,64,2,382,0,0,8,0,8,263,53,72,2,390,0,0,0,390
08/12/2023,CMH,OH,AGL,CE,Combined TRACON& Tower with Radar,225,41,38,0,304,0,0,6,0,6,225,41,44,0,310,0,0,0,310
08/13/2023,CMH,OH,AGL,CE,Combined TRACON& Tower with Radar,254,39,39,0,332,0,0,19,1,20,254,39,58,1,352,0,0,0,352
08/14/2023,CMH,OH,AGL,CE,Combined TRACON& Tower with Radar,250,37,35,0,322,0,0,0,0,0,250,37,35,0,322,0,0,0,322
08/15/2023,CMH,OH,AGL,CE,Combined TRACON& Tower with Radar,250,36,65,0,351,0,0,4,0,4,250,36,69,0,355,0,0,0,355
08/16/2023,CMH,OH,AGL,CE,Combined TRACON& Tower with Radar,249,44,58,0,351,0,1,6,0,7,249,45,64,0,358,0,0,0,358
08/17/2023,CMH,OH,AGL,CE,Combined TRACON& Tower with Radar,244,47,66,0,357,0,0,4,1,5,244,47,70,1,362,0,0,0,362
08/18/2023,CMH,OH,AGL,CE,Combined TRACON& Tower with Radar,274,42,41,0,357,0,2,23,2,27,274,44,64,2,384,0,0,0,384
08/19/2023,CMH,OH,AGL,CE,Combined TRACON& Tower with Radar,220,31,18,0,269,0,1,9,0,10,220,32,27,0,279,0,0,0,279
08/20/2023,CMH,OH,AGL,CE,Combined TRACON& Tower with Radar,229,42,41,1,313,0,0,8,2,10,229,42,49,3,323,0,0,0,323
08/21/2023,CMH,OH,AGL,CE,Combined TRACON& Tower with Radar,261,56,41,0,358,0,0,10,0,10,261,56,51,0,368,0,0,0,368
08/22/2023,CMH,OH,AGL,CE,Combined TRACON& Tower with Radar,249,53,62,1,365,0,1,12,1,14,249,54,74,2,379,0,0,0,379
08/23/2023,CMH,OH,AGL,CE,Combined TRACON& Tower with Radar,261,45,61,0,367,0,0,12,0,12,261,45,73,0,379,0,0,0,379
08/24/2023,CMH,OH,AGL,CE,Combined TRACON& Tower with Radar,258,46,62,1,367,0,0,10,2,12,258,46,72,3,379,0,0,0,379
08/25/2023,CMH,OH,AGL,CE,Combined TRACON& Tower with Radar,269,63,47,0,379,0,0,7,0,7,269,63,54,0,386,0,0,0,386
08/26/2023,CMH,OH,AGL,CE,Combined TRACON& Tower with Radar,228,37,22,1,288,0,0,7,0,7,228,37,29,1,295,0,0,0,295
08/27/2023,CMH,OH,AGL,CE,Combined TRACON& Tower with Radar,234,48,26,1,309,0,0,15,0,15,234,48,41,1,324,0,0,0,324
08/28/2023,CMH,OH,AGL,CE,Combined TRACON& Tower with Radar,258,50,43,3,354,0,0,10,0,10,258,50,53,3,364,0,0,0,364
08/29/2023,CMH,OH,AGL,CE,Combined TRACON& Tower with Radar,244,48,45,1,338,0,2,10,0,12,244,50,55,1,350,0,0,0,350
08/30/2023,CMH,OH,AGL,CE,Combined TRACON& Tower with Radar,243,45,45,0,333,0,0,9,0,9,243,45,54,0,342,0,0,0,342
08/31/2023,CMH,OH,AGL,CE,Combined TRACON& Tower with Radar,250,42,54,0,346,0,4,11,0,15,250,46,65,0,361,0,0,0,361
01/01/2020,CMH,OH,AGL,CE,Combined TRACON& Tower with Radar,175,56,17,0,248,0,2,7,0,9,175,58,24,0,257,0,0,0,257
01/02/2020,CMH,OH,AGL,CE,Combined TRACON& Tower with Radar,246,63,30,0,339,0,1,4,0,5,246,64,34,0,344,0,0,0,344
01/03/2020,CMH,OH,AGL,CE,Combined TRACON& Tower with Radar,248,76,13,0,337,0,0,0,0,0,248,76,13,0,337,0,0,0,337
01/04/2020,CMH,OH,AGL,CE,Combined TRACON& Tower with Radar,193,66,12,0,271,0,0,0,0,0,193,66,12,0,271,0,0,0,271
01/05/2020,CMH,OH,AGL,CE,Combined TRACON& Tower with Radar,240,62,37,0,339,0,1,4,0,5,240,63,41,0,344,0,0,0,344
01/06/2020,CMH,OH,AGL,CE,Combined TRACON& Tower with Radar,246,75,26,0,347,0,1,19,0,20,246,76,45,0,367,0,0,0,367
01/07/2020,CMH,OH,AGL,CE,Combined TRACON& Tower with Radar,238,62,46,0,346,0,6,29,2,37,238,68,75,2,383,0,0,0,383
01/08/2020,CMH,OH,AGL,CE,Combined TRACON& Tower with Radar,227,74,39,4,344,0,4,2,2,8,227,78,41,6,352,0,0,0,352
01/09/2020,CMH,OH,AGL,CE,Combined TRACON& Tower with Radar,244,71,44,0,359,0,3,19,1,23,244,74,63,1,382,0,0,0,382
01/10/2020,CMH,OH,AGL,CE,Combined TRACON& Tower with Radar,239,68,34,5,346,0,2,2,2,6,239,70,36,7,352,0,0,0,352
01/11/2020,CMH,OH,AGL,CE,Combined TRACON& Tower with Radar,164,41,8,0,213,0,1,0,0,1,164,42,8,0,214,0,0,0,214
01/12/2020,CMH,OH,AGL,CE,Combined TRACON& Tower with Radar,226,77,27,2,332,0,0,10,0,10,226,77,37,2,342,0,0,0,342
01/13/2020,CMH,OH,AGL,CE,Combined TRACON& Tower with Radar,234,65,30,0,329,0,2,9,0,11,234,67,39,0,340,0,0,0,340
01/14/2020,CMH,OH,AGL,CE,Combined TRACON& Tower with Radar,232,69,55,0,356,0,1,0,0,1,232,70,55,0,357,0,0,0,357
01/15/2020,CMH,OH,AGL,CE,Combined TRACON& Tower with Radar,233,74,46,0,353,0,1,0,0,1,233,75,46,0,354,0,0,0,354
01/16/2020,CMH,OH,AGL,CE,Combined TRACON& Tower with Radar,239,55,72,0,366,0,0,3,0,3,239,55,75,0,369,0,0,0,369
01/17/2020,CMH,OH,AGL,CE,Combined TRACON& Tower with Radar,232,59,47,0,338,0,1,6,0,7,232,60,53,0,345,0,0,0,345
01/18/2020,CMH,OH,AGL,CE,Combined TRACON& Tower with Radar,176,51,14,0,241,0,1,0,0,1,176,52,14,0,242,0,0,0,242
01/19/2020,CMH,OH,AGL,CE,Combined TRACON& Tower with Radar,205,55,16,0,276,0,1,1,0,2,205,56,17,0,278,0,0,0,278
01/20/2020,CMH,OH,AGL,CE,Combined TRACON& Tower with Radar,242,54,30,0,326,0,5,5,0,10,242,59,35,0,336,0,0,0,336
01/21/2020,CMH,OH,AGL,CE,Combined TRACON& Tower with Radar,226,78,69,0,373,0,6,15,0,21,226,84,84,0,394,0,0,0,394
01/22/2020,CMH,OH,AGL,CE,Combined TRACON& Tower with Radar,230,76,53,1,360,0,2,7,0,9,230,78,60,1,369,0,0,0,369
01/23/2020,CMH,OH,AGL,CE,Combined TRACON& Tower with Radar,239,81,50,0,370,0,1,10,0,11,239,82,60,0,381,0,0,0,381
01/24/2020,CMH,OH,AGL,CE,Combined TRACON& Tower with Radar,246,77,30,0,353,0,2,0,0,2,246,79,30,0,355,0,0,0,355
01/25/2020,CMH,OH,AGL,CE,Combined TRACON& Tower with Radar,178,49,18,0,245,0,1,1,0,2,178,50,19,0,247,0,0,0,247
01/26/2020,CMH,OH,AGL,CE,Combined TRACON& Tower with Radar,224,71,11,0,306,0,0,0,0,0,224,71,11,0,306,0,0,0,306
01/27/2020,CMH,OH,AGL,CE,Combined TRACON& Tower with Radar,237,65,32,0,334,0,0,5,0,5,237,65,37,0,339,0,0,0,339
01/28/2020,CMH,OH,AGL,CE,Combined TRACON& Tower with Radar,230,74,55,2,361,0,1,0,0,1,230,75,55,2,362,0,0,0,362
01/29/2020,CMH,OH,AGL,CE,Combined TRACON& Tower with Radar,227,89,54,1,371,0,2,2,0,4,227,91,56,1,375,0,0,0,375
01/30/2020,CMH,OH,AGL,CE,Combined TRACON& Tower with Radar,242,74,58,4,378,0,2,2,0,4,242,76,60,4,382,0,0,0,382
01/31/2020,CMH,OH,AGL,CE,Combined TRACON& Tower with Radar,233,84,41,2,360,0,2,2,0,4,233,86,43,2,364,0,0,0,364
02/01/2020,CMH,OH,AGL,CE,Combined TRACON& Tower with Radar,175,58,5,0,238,0,0,0,0,0,175,58,5,0,238,0,0,0,238
02/02/2020,CMH,OH,AGL,CE,Combined TRACON& Tower with Radar,212,57,18,0,287,0,2,3,2,7,212,59,21,2,294,0,0,0,294
02/03/2020,CMH,OH,AGL,CE,Combined TRACON& Tower with Radar,237,56,36,0,329,0,2,8,0,10,237,58,44,0,339,0,0,0,339
02/04/2020,CMH,OH,AGL,CE,Combined TRACON& Tower with Radar,227,86,56,0,369,0,2,1,0,3,227,88,57,0,372,0,0,0,372
02/05/2020,CMH,OH,AGL,CE,Combined TRACON& Tower with Radar,231,69,48,0,348,0,2,1,0,3,231,71,49,0,351,0,0,0,351
02/06/2020,CMH,OH,AGL,CE,Combined TRACON& Tower with Radar,227,77,56,0,360,0,0,0,0,0,227,77,56,0,360,0,0,0,360
02/07/2020,CMH,OH,AGL,CE,Combined TRACON& Tower with Radar,242,87,40,0,369,0,0,1,1,2,242,87,41,1,371,0,0,0,371
02/08/2020,CMH,OH,AGL,CE,Combined TRACON& Tower with Radar,190,61,13,0,264,0,2,0,0,2,190,63,13,0,266,0,0,0,266
02/09/2020,CMH,OH,AGL,CE,Combined TRACON& Tower with Radar,214,61,26,0,301,0,0,3,1,4,214,61,29,1,305,0,0,0,305
02/10/2020,CMH,OH,AGL,CE,Combined TRACON& Tower with Radar,235,80,48,0,363,0,0,0,0,0,235,80,48,0,363,0,0,0,363
02/11/2020,CMH,OH,AGL,CE,Combined TRACON& Tower with Radar,232,76,51,0,359,0,4,6,0,10,232,80,57,0,369,0,0,0,369
02/12/2020,CMH,OH,AGL,CE,Combined TRACON& Tower with Radar,221,75,44,0,340,0,2,6,0,8,221,77,50,0,348,0,0,0,348
02/13/2020,CMH,OH,AGL,CE,Combined TRACON& Tower with Radar,237,93,52,1,383,0,0,0,4,4,237,93,52,5,387,0,0,0,387
02/14/2020,CMH,OH,AGL,CE,Combined TRACON& Tower with Radar,251,76,37,1,365,0,2,4,1,7,251,78,41,2,372,0,0,0,372
02/15/2020,CMH,OH,AGL,CE,Combined TRACON& Tower with Radar,175,50,10,0,235,0,1,5,0,6,175,51,15,0,241,0,0,0,241
02/16/2020,CMH,OH,AGL,CE,Combined TRACON& Tower with Radar,207,62,36,0,305,0,2,12,1,15,207,64,48,1,320,0,0,0,320
02/17/2020,CMH,OH,AGL,CE,Combined TRACON& Tower with Radar,240,70,55,0,365,0,0,6,2,8,240,70,61,2,373,0,0,0,373
02/18/2020,CMH,OH,AGL,CE,Combined TRACON& Tower with Radar,240,69,49,0,358,0,1,0,0,1,240,70,49,0,359,0,0,0,359
02/19/2020,CMH,OH,AGL,CE,Combined TRACON& Tower with Radar,243,83,63,0,389,0,2,11,0,13,243,85,74,0,402,0,0,0,402
02/20/2020,CMH,OH,AGL,CE,Combined TRACON& Tower with Radar,243,84,51,0,378,0,2,12,0,14,243,86,63,0,392,0,0,0,392
02/21/2020,CMH,OH,AGL,CE,Combined TRACON& Tower with Radar,247,75,57,1,380,0,5,6,3,14,247,80,63,4,394,0,0,0,394
02/22/2020,CMH,OH,AGL,CE,Combined TRACON& Tower with Radar,169,50,19,2,240,0,2,3,0,5,169,52,22,2,245,0,0,0,245
02/23/2020,CMH,OH,AGL,CE,Combined TRACON& Tower with Radar,228,59,31,1,319,0,0,8,0,8,228,59,39,1,327,0,0,0,327
02/24/2020,CMH,OH,AGL,CE,Combined TRACON& Tower with Radar,244,57,40,0,341,0,0,2,0,2,244,57,42,0,343,0,0,0,343
02/25/2020,CMH,OH,AGL,CE,Combined TRACON& Tower with Radar,234,85,67,0,386,0,0,0,0,0,234,85,67,0,386,0,0,0,386
02/26/2020,CMH,OH,AGL,CE,Combined TRACON& Tower with Radar,237,89,63,0,389,0,0,0,0,0,237,89,63,0,389,0,0,0,389
02/27/2020,CMH,OH,AGL,CE,Combined TRACON& Tower with Radar,247,90,75,0,412,0,0,1,0,1,247,90,76,0,413,0,0,0,413
02/28/2020,CMH,OH,AGL,CE,Combined TRACON& Tower with Radar,246,90,49,0,385,0,3,4,0,7,246,93,53,0,392,0,0,0,392
02/29/2020,CMH,OH,AGL,CE,Combined TRACON& Tower with Radar,175,60,11,0,246,0,3,12,1,16,175,63,23,1,262,0,0,0,262
03/01/2020,CMH,OH,AGL,CE,Combined TRACON& Tower with Radar,232,63,38,0,333,0,2,7,0,9,232,65,45,0,342,0,0,0,342
03/02/2020,CMH,OH,AGL,CE,Combined TRACON& Tower with Radar,245,67,34,0,346,0,0,0,0,0,245,67,34,0,346,0,0,0,346
03/03/2020,CMH,OH,AGL,CE,Combined TRACON& Tower with Radar,240,78,49,0,367,0,0,3,0,3,240,78,52,0,370,0,0,0,370
03/04/2020,CMH,OH,AGL,CE,Combined TRACON& Tower with Radar,242,101,45,0,388,0,0,7,0,7,242,101,52,0,395,0,0,0,395
03/05/2020,CMH,OH,AGL,CE,Combined TRACON& Tower with Radar,245,64,72,0,381,0,2,12,0,14,245,66,84,0,395,0,0,0,395
03/06/2020,CMH,OH,AGL,CE,Combined TRACON& Tower with Radar,241,61,59,6,367,0,1,0,0,1,241,62,59,6,368,0,0,0,368
03/07/2020,CMH,OH,AGL,CE,Combined TRACON& Tower with Radar,213,57,27,0,297,0,2,15,0,17,213,59,42,0,314,0,0,0,314
03/08/2020,CMH,OH,AGL,CE,Combined TRACON& Tower with Radar,233,61,32,0,326,0,2,6,0,8,233,63,38,0,334,0,0,0,334
03/09/2020,CMH,OH,AGL,CE,Combined TRACON& Tower with Radar,255,67,27,0,349,0,2,12,1,15,255,69,39,1,364,0,0,0,364
03/10/2020,CMH,OH,AGL,CE,Combined TRACON& Tower with Radar,247,77,44,1,369,0,2,0,3,5,247,79,44,4,374,0,0,0,374
03/11/2020,CMH,OH,AGL,CE,Combined TRACON& Tower with Radar,244,88,46,1,379,0,0,0,0,0,244,88,46,1,379,0,0,0,379
03/12/2020,CMH,OH,AGL,CE,Combined TRACON& Tower with Radar,254,69,44,2,369,0,1,5,0,6,254,70,49,2,375,0,0,0,375
03/13/2020,CMH,OH,AGL,CE,Combined TRACON& Tower with Radar,247,80,38,0,365,0,3,2,1,6,247,83,40,1,371,0,0,0,371
03/14/2020,CMH,OH,AGL,CE,Combined TRACON& Tower with Radar,230,50,14,0,294,0,1,4,0,5,230,51,18,0,299,0,0,0,299
03/15/2020,CMH,OH,AGL,CE,Combined TRACON& Tower with Radar,244,62,21,1,328,0,1,2,0,3,244,63,23,1,331,0,0,0,331
03/16/2020,CMH,OH,AGL,CE,Combined TRACON& Tower with Radar,248,79,26,0,353,0,3,0,0,3,248,82,26,0,356,0,0,0,356
03/17/2020,CMH,OH,AGL,CE,Combined TRACON& Tower with Radar,243,64,20,0,327,0,1,2,0,3,243,65,22,0,330,0,0,0,330
03/18/2020,CMH,OH,AGL,CE,Combined TRACON& Tower with Radar,235,76,15,0,326,0,2,0,0,2,235,78,15,0,328,0,0,0,328
03/19/2020,CMH,OH,AGL,CE,Combined TRACON& Tower with Radar,221,71,16,0,308,0,0,0,0,0,221,71,16,0,308,0,0,0,308
03/20/2020,CMH,OH,AGL,CE,Combined TRACON& Tower with Radar,212,59,13,0,284,0,1,0,0,1,212,60,13,0,285,0,0,0,285
03/21/2020,CMH,OH,AGL,CE,Combined TRACON& Tower with Radar,193,37,20,0,250,0,1,4,0,5,193,38,24,0,255,0,0,0,255
03/22/2020,CMH,OH,AGL,CE,Combined TRACON& Tower with Radar,202,42,10,0,254,0,0,7,0,7,202,42,17,0,261,0,0,0,261
03/23/2020,CMH,OH,AGL,CE,Combined TRACON& Tower with Radar,177,40,11,0,228,0,0,2,0,2,177,40,13,0,230,0,0,0,230
03/24/2020,CMH,OH,AGL,CE,Combined TRACON& Tower with Radar,164,29,10,0,203,0,3,12,0,15,164,32,22,0,218,0,0,0,218
03/25/2020,CMH,OH,AGL,CE,Combined TRACON& Tower with Radar,128,33,10,0,171,0,1,10,2,13,128,34,20,2,184,0,0,0,184
03/26/2020,CMH,OH,AGL,CE,Combined TRACON& Tower with Radar,129,26,15,0,170,0,2,9,0,11,129,28,24,0,181,0,0,0,181
03/27/2020,CMH,OH,AGL,CE,Combined TRACON& Tower with Radar,136,32,6,0,174,0,1,2,0,3,136,33,8,0,177,0,0,0,177
03/28/2020,CMH,OH,AGL,CE,Combined TRACON& Tower with Radar,124,22,10,0,156,0,0,1,0,1,124,22,11,0,157,0,0,0,157
03/29/2020,CMH,OH,AGL,CE,Combined TRACON& Tower with Radar,133,29,5,0,167,0,0,3,0,3,133,29,8,0,170,0,0,0,170
03/30/2020,CMH,OH,AGL,CE,Combined TRACON& Tower with Radar,125,30,7,0,162,0,0,3,0,3,125,30,10,0,165,0,0,0,165
03/31/2020,CMH,OH,AGL,CE,Combined TRACON& Tower with Radar,126,15,11,3,155,0,2,2,0,4,126,17,13,3,159,0,0,0,159
04/01/2020,CMH,OH,AGL,CE,Combined TRACON& Tower with Radar,120,21,18,0,159,0,1,2,0,3,120,22,20,0,162,0,0,0,162
04/02/2020,CMH,OH,AGL,CE,Combined TRACON& Tower with Radar,112,17,22,0,151,0,2,12,0,14,112,19,34,0,165,0,0,0,165
04/03/2020,CMH,OH,AGL,CE,Combined TRACON& Tower with Radar,112,18,18,0,148,0,4,10,0,14,112,22,28,0,162,0,0,0,162
04/04/2020,CMH,OH,AGL,CE,Combined TRACON& Tower with Radar,103,9,5,0,117,0,2,19,0,21,103,11,24,0,138,0,0,0,138
04/05/2020,CMH,OH,AGL,CE,Combined TRACON& Tower with Radar,103,15,9,0,127,0,0,3,1,4,103,15,12,1,131,0,0,0,131
04/06/2020,CMH,OH,AGL,CE,Combined TRACON& Tower with Radar,111,14,10,0,135,0,4,16,0,20,111,18,26,0,155,0,0,0,155
04/07/2020,CMH,OH,AGL,CE,Combined TRACON& Tower with Radar,88,12,5,0,105,0,2,12,0,14,88,14,17,0,119,0,0,0,119
04/08/2020,CMH,OH,AGL,CE,Combined TRACON& Tower with Radar,100,13,18,0,131,0,2,7,0,9,100,15,25,0,140,0,0,0,140
04/09/2020,CMH,OH,AGL,CE,Combined TRACON& Tower with Radar,96,16,12,0,124,0,2,1,0,3,96,18,13,0,127,0,0,0,127
04/10/2020,CMH,OH,AGL,CE,Combined TRACON& Tower with Radar,93,12,13,0,118,0,4,3,0,7,93,16,16,0,125,0,0,0,125
04/11/2020,CMH,OH,AGL,CE,Combined TRACON& Tower with Radar,87,6,7,0,100,0,2,11,2,15,87,8,18,2,115,0,0,0,115
04/12/2020,CMH,OH,AGL,CE,Combined TRACON& Tower with Radar,90,7,7,0,104,0,0,0,0,0,90,7,7,0,104,0,0,0,104
04/13/2020,CMH,OH,AGL,CE,Combined TRACON& Tower with Radar,86,11,1,0,98,0,0,0,0,0,86,11,1,0,98,0,0,0,98
04/14/2020,CMH,OH,AGL,CE,Combined TRACON& Tower with Radar,68,12,7,1,88,0,8,2,0,10,68,20,9,1,98,0,0,0,98
04/15/2020,CMH,OH,AGL,CE,Combined TRACON& Tower with Radar,74,14,12,1,101,0,2,1,0,3,74,16,13,1,104,0,0,0,104
04/16/2020,CMH,OH,AGL,CE,Combined TRACON& Tower with Radar,63,17,13,0,93,0,2,8,0,10,63,19,21,0,103,0,0,0,103
04/17/2020,CMH,OH,AGL,CE,Combined TRACON& Tower with Radar,54,14,9,0,77,0,2,0,0,2,54,16,9,0,79,0,0,0,79
04/18/2020,CMH,OH,AGL,CE,Combined TRACON& Tower with Radar,58,5,8,8,79,0,0,7,0,7,58,5,15,8,86,0,0,0,86
04/19/2020,CMH,OH,AGL,CE,Combined TRACON& Tower with Radar,62,8,6,0,76,0,0,6,1,7,62,8,12,1,83,0,0,0,83
04/20/2020,CMH,OH,AGL,CE,Combined TRACON& Tower with Radar,62,10,12,0,84,0,0,4,0,4,62,10,16,0,88,0,0,0,88
04/21/2020,CMH,OH,AGL,CE,Combined TRACON& Tower with Radar,62,17,8,0,87,0,0,3,0,3,62,17,11,0,90,0,0,0,90
04/22/2020,CMH,OH,AGL,CE,Combined TRACON& Tower with Radar,62,14,15,0,91,0,1,9,0,10,62,15,24,0,101,0,0,0,101
04/23/2020,CMH,OH,AGL,CE,Combined TRACON& Tower with Radar,63,13,11,0,87,0,2,0,0,2,63,15,11,0,89,0,0,0,89
04/24/2020,CMH,OH,AGL,CE,Combined TRACON& Tower with Radar,53,17,8,0,78,0,0,6,0,6,53,17,14,0,84,0,0,0,84
04/25/2020,CMH,OH,AGL,CE,Combined TRACON& Tower with Radar,53,9,7,0,69,0,3,4,0,7,53,12,11,0,76,0,0,0,76
04/26/2020,CMH,OH,AGL,CE,Combined TRACON& Tower with Radar,69,9,2,0,80,0,1,1,1,3,69,10,3,1,83,0,0,0,83
04/27/2020,CMH,OH,AGL,CE,Combined TRACON& Tower with Radar,55,17,18,2,92,0,4,9,0,13,55,21,27,2,105,0,0,0,105
04/28/2020,CMH,OH,AGL,CE,Combined TRACON& Tower with Radar,67,13,25,0,105,0,1,5,2,8,67,14,30,2,113,0,0,0,113
04/29/2020,CMH,OH,AGL,CE,Combined TRACON& Tower with Radar,58,11,12,2,83,0,1,5,0,6,58,12,17,2,89,0,0,0,89
04/30/2020,CMH,OH,AGL,CE,Combined TRACON& Tower with Radar,60,13,10,0,83,0,1,0,0,1,60,14,10,0,84,0,0,0,84
05/01/2020,CMH,OH,AGL,CE,Combined TRACON& Tower with Radar,72,14,26,0,112,0,0,7,0,7,72,14,33,0,119,0,0,0,119
05/02/2020,CMH,OH,AGL,CE,Combined TRACON& Tower with Radar,52,4,16,0,72,0,1,5,0,6,52,5,21,0,78,0,0,0,78
05/03/2020,CMH,OH,AGL,CE,Combined TRACON& Tower with Radar,73,9,11,2,95,0,2,2,0,4,73,11,13,2,99,0,0,0,99
05/04/2020,CMH,OH,AGL,CE,Combined TRACON& Tower with Radar,68,18,12,0,98,0,0,3,0,3,68,18,15,0,101,0,0,0,101
05/05/2020,CMH,OH,AGL,CE,Combined TRACON& Tower with Radar,63,13,10,2,88,0,1,9,0,10,63,14,19,2,98,0,0,0,98
05/06/2020,CMH,OH,AGL,CE,Combined TRACON& Tower with Radar,56,13,27,1,97,0,1,12,0,13,56,14,39,1,110,0,0,0,110
05/07/2020,CMH,OH,AGL,CE,Combined TRACON& Tower with Radar,63,17,45,5,130,0,3,12,1,16,63,20,57,6,146,0,0,0,146
05/08/2020,CMH,OH,AGL,CE,Combined TRACON& Tower with Radar,64,14,16,0,94,0,2,2,0,4,64,16,18,0,98,0,0,0,98
05/09/2020,CMH,OH,AGL,CE,Combined TRACON& Tower with Radar,51,10,5,0,66,0,2,26,0,28,51,12,31,0,94,0,0,0,94
05/10/2020,CMH,OH,AGL,CE,Combined TRACON& Tower with Radar,66,19,7,0,92,0,0,6,0,6,66,19,13,0,98,0,0,0,98
05/11/2020,CMH,OH,AGL,CE,Combined TRACON& Tower with Radar,62,23,18,0,103,0,4,5,0,9,62,27,23,0,112,0,0,0,112
05/12/2020,CMH,OH,AGL,CE,Combined TRACON& Tower with Radar,56,16,32,9,113,0,2,16,1,19,56,18,48,10,132,0,0,0,132
05/13/2020,CMH,OH,AGL,CE,Combined TRACON& Tower with Radar,62,15,32,1,110,0,3,12,1,16,62,18,44,2,126,0,0,0,126
05/14/2020,CMH,OH,AGL,CE,Combined TRACON& Tower with Radar,65,19,17,0,101,0,2,8,0,10,65,21,25,0,111,0,0,0,111
05/15/2020,CMH,OH,AGL,CE,Combined TRACON& Tower with Radar,64,23,13,0,100,0,1,1,0,2,64,24,14,0,102,0,0,0,102
05/16/2020,CMH,OH,AGL,CE,Combined TRACON& Tower with Radar,54,12,14,0,80,0,0,11,2,13,54,12,25,2,93,0,0,0,93
05/17/2020,CMH,OH,AGL,CE,Combined TRACON& Tower with Radar,69,15,9,0,93,0,0,5,0,5,69,15,14,0,98,0,0,0,98
05/18/2020,CMH,OH,AGL,CE,Combined TRACON& Tower with Radar,63,23,9,0,95,0,0,0,0,0,63,23,9,0,95,0,0,0,95
05/19/2020,CMH,OH,AGL,CE,Combined TRACON& Tower with Radar,58,38,18,0,114,0,0,0,0,0,58,38,18,0,114,0,0,0,114
05/20/2020,CMH,OH,AGL,CE,Combined TRACON& Tower with Radar,66,41,33,0,140,0,1,6,0,7,66,42,39,0,147,0,0,0,147
05/21/2020,CMH,OH,AGL,CE,Combined TRACON& Tower with Radar,75,31,21,0,127,0,2,2,0,4,75,33,23,0,131,0,0,0,131
05/22/2020,CMH,OH,AGL,CE,Combined TRACON& Tower with Radar,66,35,21,0,122,0,0,6,0,6,66,35,27,0,128,0,0,0,128
05/23/2020,CMH,OH,AGL,CE,Combined TRACON& Tower with Radar,60,24,5,0,89,0,5,5,0,10,60,29,10,0,99,0,0,0,99
05/24/2020,CMH,OH,AGL,CE,Combined TRACON& Tower with Radar,68,8,5,0,81,0,1,10,0,11,68,9,15,0,92,0,0,0,92
05/25/2020,CMH,OH,AGL,CE,Combined TRACON& Tower with Radar,66,14,10,0,90,0,0,9,2,11,66,14,19,2,101,0,0,0,101
05/26/2020,CMH,OH,AGL,CE,Combined TRACON& Tower with Radar,60,22,36,0,118,0,0,18,0,18,60,22,54,0,136,0,0,0,136
05/27/2020,CMH,OH,AGL,CE,Combined TRACON& Tower with Radar,63,29,30,0,122,0,3,6,4,13,63,32,36,4,135,0,0,0,135
05/28/2020,CMH,OH,AGL,CE,Combined TRACON& Tower with Radar,68,29,46,0,143,0,2,4,0,6,68,31,50,0,149,0,0,0,149
05/29/2020,CMH,OH,AGL,CE,Combined TRACON& Tower with Radar,70,26,35,1,132,0,2,8,0,10,70,28,43,1,142,0,0,0,142
05/30/2020,CMH,OH,AGL,CE,Combined TRACON& Tower with Radar,60,19,41,2,122,0,2,8,1,11,60,21,49,3,133,0,0,0,133
05/31/2020,CMH,OH,AGL,CE,Combined TRACON& Tower with Radar,71,25,23,0,119,0,0,21,1,22,71,25,44,1,141,0,0,0,141
06/01/2020,CMH,OH,AGL,CE,Combined TRACON& Tower with Radar,66,27,22,0,115,0,2,14,2,18,66,29,36,2,133,0,0,0,133
06/02/2020,CMH,OH,AGL,CE,Combined TRACON& Tower with Radar,58,26,29,0,113,0,2,13,1,16,58,28,42,1,129,0,0,0,129
06/03/2020,CMH,OH,AGL,CE,Combined TRACON& Tower with Radar,68,31,29,0,128,0,1,7,0,8,68,32,36,0,136,0,0,0,136
06/04/2020,CMH,OH,AGL,CE,Combined TRACON& Tower with Radar,84,36,23,0,143,0,2,1,0,3,84,38,24,0,146,0,0,0,146
06/05/2020,CMH,OH,AGL,CE,Combined TRACON& Tower with Radar,72,31,37,0,140,0,0,5,2,7,72,31,42,2,147,0,0,0,147
06/06/2020,CMH,OH,AGL,CE,Combined TRACON& Tower with Radar,69,17,20,0,106,0,0,18,0,18,69,17,38,0,124,0,0,0,124
06/07/2020,CMH,OH,AGL,CE,Combined TRACON& Tower with Radar,85,17,15,0,117,0,0,15,0,15,85,17,30,0,132,0,0,0,132
06/08/2020,CMH,OH,AGL,CE,Combined TRACON& Tower with Radar,80,33,31,0,144,0,2,17,0,19,80,35,48,0,163,0,0,0,163
06/09/2020,CMH,OH,AGL,CE,Combined TRACON& Tower with Radar,76,28,26,5,135,0,5,7,1,13,76,33,33,6,148,0,0,0,148
06/10/2020,CMH,OH,AGL,CE,Combined TRACON& Tower with Radar,79,34,23,0,136,0,3,5,0,8,79,37,28,0,144,0,0,0,144
06/11/2020,CMH,OH,AGL,CE,Combined TRACON& Tower with Radar,85,53,37,6,181,0,3,13,0,16,85,56,50,6,197,0,0,0,197
06/12/2020,CMH,OH,AGL,CE,Combined TRACON& Tower with Radar,87,38,34,0,159,0,5,14,4,23,87,43,48,4,182,0,0,0,182
06/13/2020,CMH,OH,AGL,CE,Combined TRACON& Tower with Radar,77,31,15,1,124,0,1,9,3,13,77,32,24,4,137,0,0,0,137
06/14/2020,CMH,OH,AGL,CE,Combined TRACON& Tower with Radar,89,30,11,0,130,0,0,8,2,10,89,30,19,2,140,0,0,0,140
06/15/2020,CMH,OH,AGL,CE,Combined TRACON& Tower with Radar,83,29,41,2,155,0,0,2,0,2,83,29,43,2,157,0,0,0,157
06/16/2020,CMH,OH,AGL,CE,Combined TRACON& Tower with Radar,76,44,36,1,157,0,3,10,0,13,76,47,46,1,170,0,0,0,170
06/17/2020,CMH,OH,AGL,CE,Combined TRACON& Tower with Radar,76,28,32,0,136,0,7,8,0,15,76,35,40,0,151,0,0,0,151
06/18/2020,CMH,OH,AGL,CE,Combined TRACON& Tower with Radar,88,42,22,0,152,0,1,9,2,12,88,43,31,2,164,0,0,0,164
06/19/2020,CMH,OH,AGL,CE,Combined TRACON& Tower with Radar,86,59,41,0,186,0,0,5,0,5,86,59,46,0,191,0,0,0,191
06/20/2020,CMH,OH,AGL,CE,Combined TRACON& Tower with Radar,83,18,20,0,121,0,3,10,1,14,83,21,30,1,135,0,0,0,135
06/21/2020,CMH,OH,AGL,CE,Combined TRACON& Tower with Radar,98,22,14,0,134,0,2,11,0,13,98,24,25,0,147,0,0,0,147
06/22/2020,CMH,OH,AGL,CE,Combined TRACON& Tower with Radar,96,49,30,0,175,0,0,4,0,4,96,49,34,0,179,0,0,0,179
06/23/2020,CMH,OH,AGL,CE,Combined TRACON& Tower with Radar,88,38,20,8,154,0,2,7,0,9,88,40,27,8,163,0,0,0,163
06/24/2020,CMH,OH,AGL,CE,Combined TRACON& Tower with Radar,85,40,33,2,160,0,0,12,2,14,85,40,45,4,174,0,0,0,174
06/25/2020,CMH,OH,AGL,CE,Combined TRACON& Tower with Radar,101,37,31,0,169,0,2,28,2,32,101,39,59,2,201,0,0,0,201
06/26/2020,CMH,OH,AGL,CE,Combined TRACON& Tower with Radar,93,31,48,2,174,0,2,34,0,36,93,33,82,2,210,0,0,0,210
06/27/2020,CMH,OH,AGL,CE,Combined TRACON& Tower with Radar,95,19,14,0,128,0,2,2,0,4,95,21,16,0,132,0,0,0,132
06/28/2020,CMH,OH,AGL,CE,Combined TRACON& Tower with Radar,105,28,17,0,150,0,0,7,0,7,105,28,24,0,157,0,0,0,157
06/29/2020,CMH,OH,AGL,CE,Combined TRACON& Tower with Radar,100,39,36,0,175,0,2,14,0,16,100,41,50,0,191,0,0,0,191
06/30/2020,CMH,OH,AGL,CE,Combined TRACON& Tower with Radar,89,33,28,0,150,0,1,12,0,13,89,34,40,0,163,0,0,0,163
07/01/2020,CMH,OH,AGL,CE,Combined TRACON& Tower with Radar,97,37,52,0,186,0,5,19,0,24,97,42,71,0,210,0,0,0,210
07/02/2020,CMH,OH,AGL,CE,Combined TRACON& Tower with Radar,117,36,35,0,188,0,1,27,1,29,117,37,62,1,217,0,0,0,217
07/03/2020,CMH,OH,AGL,CE,Combined TRACON& Tower with Radar,121,24,28,0,173,0,2,7,0,9,121,26,35,0,182,0,0,0,182
07/04/2020,CMH,OH,AGL,CE,Combined TRACON& Tower with Radar,100,16,11,0,127,0,2,4,1,7,100,18,15,1,134,0,0,0,134
07/05/2020,CMH,OH,AGL,CE,Combined TRACON& Tower with Radar,124,35,28,0,187,0,2,16,0,18,124,37,44,0,205,0,0,0,205
07/06/2020,CMH,OH,AGL,CE,Combined TRACON& Tower with Radar,135,33,48,8,224,0,0,10,2,12,135,33,58,10,236,0,0,0,236
07/07/2020,CMH,OH,AGL,CE,Combined TRACON& Tower with Radar,141,37,37,0,215,0,4,4,0,8,141,41,41,0,223,0,0,0,223
07/08/2020,CMH,OH,AGL,CE,Combined TRACON& Tower with Radar,127,35,31,0,193,0,3,15,0,18,127,38,46,0,211,0,0,0,211
07/09/2020,CMH,OH,AGL,CE,Combined TRACON& Tower with Radar,151,43,34,0,228,0,4,5,0,9,151,47,39,0,237,0,0,0,237
07/10/2020,CMH,OH,AGL,CE,Combined TRACON& Tower with Radar,148,25,29,1,203,0,2,5,2,9,148,27,34,3,212,0,0,0,212
07/11/2020,CMH,OH,AGL,CE,Combined TRACON& Tower with Radar,142,21,28,0,191,0,1,13,0,14,142,22,41,0,205,0,0,0,205
07/12/2020,CMH,OH,AGL,CE,Combined TRACON& Tower with Radar,143,34,28,1,206,0,2,8,3,13,143,36,36,4,219,0,0,0,219
07/13/2020,CMH,OH,AGL,CE,Combined TRACON& Tower with Radar,141,38,21,0,200,0,1,6,0,7,141,39,27,0,207,0,0,0,207
07/14/2020,CMH,OH,AGL,CE,Combined TRACON& Tower with Radar,127,32,36,1,196,0,7,17,0,24,127,39,53,1,220,0,0,0,220
07/15/2020,CMH,OH,AGL,CE,Combined TRACON& Tower with Radar,123,59,46,10,238,0,2,8,0,10,123,61,54,10,248,0,0,0,248
07/16/2020,CMH,OH,AGL,CE,Combined TRACON& Tower with Radar,142,41,31,3,217,0,2,7,0,9,142,43,38,3,226,0,0,0,226
07/17/2020,CMH,OH,AGL,CE,Combined TRACON& Tower with Radar,139,40,25,4,208,0,0,11,0,11,139,40,36,4,219,0,0,0,219
07/18/2020,CMH,OH,AGL,CE,Combined TRACON& Tower with Radar,133,33,24,0,190,0,3,17,0,20,133,36,41,0,210,0,0,0,210
07/19/2020,CMH,OH,AGL,CE,Combined TRACON& Tower with Radar,141,29,17,0,187,0,0,9,0,9,141,29,26,0,196,0,0,0,196
07/20/2020,CMH,OH,AGL,CE,Combined TRACON& Tower with Radar,142,34,28,0,204,0,2,6,0,8,142,36,34,0,212,0,0,0,212
07/21/2020,CMH,OH,AGL,CE,Combined TRACON& Tower with Radar,127,41,37,0,205,0,4,10,0,14,127,45,47,0,219,22,0,22,241
07/22/2020,CMH,OH,AGL,CE,Combined TRACON& Tower with Radar,125,26,30,0,181,0,1,3,1,5,125,27,33,1,186,0,0,0,186
07/23/2020,CMH,OH,AGL,CE,Combined TRACON& Tower with Radar,144,35,56,0,235,0,1,7,1,9,144,36,63,1,244,0,0,0,244
07/24/2020,CMH,OH,AGL,CE,Combined TRACON& Tower with Radar,147,42,31,0,220,0,1,6,0,7,147,43,37,0,227,0,0,0,227
07/25/2020,CMH,OH,AGL,CE,Combined TRACON& Tower with Radar,142,21,27,0,190,0,1,6,0,7,142,22,33,0,197,0,0,0,197
07/26/2020,CMH,OH,AGL,CE,Combined TRACON& Tower with Radar,149,22,20,0,191,0,0,3,0,3,149,22,23,0,194,0,0,0,194
07/27/2020,CMH,OH,AGL,CE,Combined TRACON& Tower with Radar,143,39,36,0,218,0,0,2,0,2,143,39,38,0,220,0,0,0,220
07/28/2020,CMH,OH,AGL,CE,Combined TRACON& Tower with Radar,126,47,48,0,221,0,0,9,0,9,126,47,57,0,230,0,0,0,230
07/29/2020,CMH,OH,AGL,CE,Combined TRACON& Tower with Radar,128,52,34,0,214,0,3,7,0,10,128,55,41,0,224,0,0,0,224
07/30/2020,CMH,OH,AGL,CE,Combined TRACON& Tower with Radar,142,49,25,0,216,0,2,4,0,6,142,51,29,0,222,0,0,0,222
07/31/2020,CMH,OH,AGL,CE,Combined TRACON& Tower with Radar,141,32,23,0,196,0,5,11,0,16,141,37,34,0,212,0,0,0,212
08/01/2020,CMH,OH,AGL,CE,Combined TRACON& Tower with Radar,144,23,14,0,181,0,2,0,0,2,144,25,14,0,183,0,0,0,183
08/02/2020,CMH,OH,AGL,CE,Combined TRACON& Tower with Radar,148,41,20,0,209,0,0,7,0,7,148,41,27,0,216,0,0,0,216
08/03/2020,CMH,OH,AGL,CE,Combined TRACON& Tower with Radar,159,30,27,0,216,0,0,3,0,3,159,30,30,0,219,0,0,0,219
08/04/2020,CMH,OH,AGL,CE,Combined TRACON& Tower with Radar,121,33,23,0,177,0,0,0,0,0,121,33,23,0,177,0,0,0,177
08/05/2020,CMH,OH,AGL,CE,Combined TRACON& Tower with Radar,134,31,56,0,221,0,2,7,0,9,134,33,63,0,230,0,0,0,230
08/06/2020,CMH,OH,AGL,CE,Combined TRACON& Tower with Radar,152,40,48,0,240,0,2,9,0,11,152,42,57,0,251,0,0,0,251
08/07/2020,CMH,OH,AGL,CE,Combined TRACON& Tower with Radar,149,23,45,0,217,0,3,11,0,14,149,26,56,0,231,0,0,0,231
08/08/2020,CMH,OH,AGL,CE,Combined TRACON& Tower with Radar,143,25,14,0,182,0,2,14,1,17,143,27,28,1,199,0,0,0,199
08/09/2020,CMH,OH,AGL,CE,Combined TRACON& Tower with Radar,150,26,29,0,205,0,0,11,0,11,150,26,40,0,216,0,0,0,216
08/10/2020,CMH,OH,AGL,CE,Combined TRACON& Tower with Radar,153,33,57,0,243,0,0,2,0,2,153,33,59,0,245,0,0,0,245
08/11/2020,CMH,OH,AGL,CE,Combined TRACON& Tower with Radar,135,30,54,0,219,0,4,6,0,10,135,34,60,0,229,0,0,0,229
08/12/2020,CMH,OH,AGL,CE,Combined TRACON& Tower with Radar,137,28,51,0,216,0,3,15,0,18,137,31,66,0,234,0,0,0,234
08/13/2020,CMH,OH,AGL,CE,Combined TRACON& Tower with Radar,156,40,42,4,242,0,0,2,0,2,156,40,44,4,244,0,0,0,244
08/14/2020,CMH,OH,AGL,CE,Combined TRACON& Tower with Radar,155,35,29,0,219,0,0,9,0,9,155,35,38,0,228,0,0,0,228
08/15/2020,CMH,OH,AGL,CE,Combined TRACON& Tower with Radar,142,27,22,0,191,0,0,7,0,7,142,27,29,0,198,0,0,0,198
08/16/2020,CMH,OH,AGL,CE,Combined TRACON& Tower with Radar,152,33,21,0,206,0,4,9,0,13,152,37,30,0,219,0,0,0,219
08/17/2020,CMH,OH,AGL,CE,Combined TRACON& Tower with Radar,158,35,43,0,236,0,0,8,0,8,158,35,51,0,244,0,0,0,244
08/18/2020,CMH,OH,AGL,CE,Combined TRACON& Tower with Radar,137,38,53,0,228,0,0,10,0,10,137,38,63,0,238,6,0,6,244
08/19/2020,CMH,OH,AGL,CE,Combined TRACON& Tower with Radar,137,28,37,0,202,0,2,7,0,9,137,30,44,0,211,0,0,0,211
08/20/2020,CMH,OH,AGL,CE,Combined TRACON& Tower with Radar,161,35,41,0,237,0,1,7,2,10,161,36,48,2,247,0,0,0,247
08/21/2020,CMH,OH,AGL,CE,Combined TRACON& Tower with Radar,155,25,17,0,197,0,0,12,0,12,155,25,29,0,209,0,0,0,209
08/22/2020,CMH,OH,AGL,CE,Combined TRACON& Tower with Radar,143,23,15,0,181,0,0,2,0,2,143,23,17,0,183,0,0,0,183
08/23/2020,CMH,OH,AGL,CE,Combined TRACON& Tower with Radar,154,28,31,0,213,0,0,4,0,4,154,28,35,0,217,0,0,0,217
08/24/2020,CMH,OH,AGL,CE,Combined TRACON& Tower with Radar,159,39,35,0,233,0,0,14,0,14,159,39,49,0,247,0,0,0,247
08/25/2020,CMH,OH,AGL,CE,Combined TRACON& Tower with Radar,137,43,35,0,215,0,3,5,0,8,137,46,40,0,223,0,0,0,223
08/26/2020,CMH,OH,AGL,CE,Combined TRACON& Tower with Radar,130,39,45,0,214,0,0,11,0,11,130,39,56,0,225,0,0,0,225
08/27/2020,CMH,OH,AGL,CE,Combined TRACON& Tower with Radar,165,29,56,0,250,0,2,4,0,6,165,31,60,0,256,0,0,0,256
08/28/2020,CMH,OH,AGL,CE,Combined TRACON& Tower with Radar,160,25,33,0,218,0,0,0,0,0,160,25,33,0,218,0,0,0,218
08/29/2020,CMH,OH,AGL,CE,Combined TRACON& Tower with Radar,140,21,17,0,178,0,0,1,0,1,140,21,18,0,179,0,0,0,179
08/30/2020,CMH,OH,AGL,CE,Combined TRACON& Tower with Radar,151,36,36,0,223,0,1,19,0,20,151,37,55,0,243,0,0,0,243
08/31/2020,CMH,OH,AGL,CE,Combined TRACON& Tower with Radar,164,43,33,0,240,0,0,8,0,8,164,43,41,0,248,0,0,0,248
09/01/2020,CMH,OH,AGL,CE,Combined TRACON& Tower with Radar,133,41,40,0,214,0,2,6,0,8,133,43,46,0,222,0,0,0,222
09/02/2020,CMH,OH,AGL,CE,Combined TRACON& Tower with Radar,136,35,42,0,213,0,0,0,0,0,136,35,42,0,213,0,0,0,213
09/03/2020,CMH,OH,AGL,CE,Combined TRACON& Tower with Radar,164,31,52,0,247,0,2,9,0,11,164,33,61,0,258,0,0,0,258
09/04/2020,CMH,OH,AGL,CE,Combined TRACON& Tower with Radar,154,26,46,0,226,0,0,15,0,15,154,26,61,0,241,0,0,0,241
09/05/2020,CMH,OH,AGL,CE,Combined TRACON& Tower with Radar,134,20,17,0,171,0,0,13,0,13,134,20,30,0,184,0,0,0,184
09/06/2020,CMH,OH,AGL,CE,Combined TRACON& Tower with Radar,106,27,33,0,166,0,4,15,1,20,106,31,48,1,186,0,0,0,186
09/07/2020,CMH,OH,AGL,CE,Combined TRACON& Tower with Radar,126,25,30,0,181,0,0,4,0,4,126,25,34,0,185,0,0,0,185
09/08/2020,CMH,OH,AGL,CE,Combined TRACON& Tower with Radar,103,39,47,0,189,0,4,10,0,14,103,43,57,0,203,0,0,0,203
09/09/2020,CMH,OH,AGL,CE,Combined TRACON& Tower with Radar,105,28,36,6,175,0,0,7,0,7,105,28,43,6,182,0,0,0,182
09/10/2020,CMH,OH,AGL,CE,Combined TRACON& Tower with Radar,126,28,56,0,210,0,0,6,0,6,126,28,62,0,216,0,0,0,216
09/11/2020,CMH,OH,AGL,CE,Combined TRACON& Tower with Radar,134,39,36,4,213,0,0,3,0,3,134,39,39,4,216,0,0,0,216
09/12/2020,CMH,OH,AGL,CE,Combined TRACON& Tower with Radar,113,33,14,0,160,0,0,5,0,5,113,33,19,0,165,0,0,0,165
09/13/2020,CMH,OH,AGL,CE,Combined TRACON& Tower with Radar,124,36,16,0,176,0,2,9,0,11,124,38,25,0,187,0,0,0,187
09/14/2020,CMH,OH,AGL,CE,Combined TRACON& Tower with Radar,127,39,34,0,200,0,1,13,1,15,127,40,47,1,215,0,0,0,215
09/15/2020,CMH,OH,AGL,CE,Combined TRACON& Tower with Radar,100,45,29,2,176,0,0,12,0,12,100,45,41,2,188,0,0,0,188
09/16/2020,CMH,OH,AGL,CE,Combined TRACON& Tower with Radar,103,39,43,1,186,0,0,19,0,19,103,39,62,1,205,0,0,0,205
09/17/2020,CMH,OH,AGL,CE,Combined TRACON& Tower with Radar,127,49,35,8,219,0,0,5,0,5,127,49,40,8,224,0,0,0,224
09/18/2020,CMH,OH,AGL,CE,Combined TRACON& Tower with Radar,128,38,39,1,206,0,0,10,0,10,128,38,49,1,216,0,0,0,216
09/19/2020,CMH,OH,AGL,CE,Combined TRACON& Tower with Radar,112,31,19,3,165,0,0,11,1,12,112,31,30,4,177,0,0,0,177
09/20/2020,CMH,OH,AGL,CE,Combined TRACON& Tower with Radar,125,31,24,1,181,0,0,9,0,9,125,31,33,1,190,0,0,0,190
09/21/2020,CMH,OH,AGL,CE,Combined TRACON& Tower with Radar,123,38,31,0,192,0,3,7,2,12,123,41,38,2,204,0,0,0,204
09/22/2020,CMH,OH,AGL,CE,Combined TRACON& Tower with Radar,100,35,44,4,183,0,0,8,0,8,100,35,52,4,191,0,0,0,191
09/23/2020,CMH,OH,AGL,CE,Combined TRACON& Tower with Radar,108,56,62,2,228,0,0,12,0,12,108,56,74,2,240,0,0,0,240
09/24/2020,CMH,OH,AGL,CE,Combined TRACON& Tower with Radar,126,37,51,2,216,0,2,13,0,15,126,39,64,2,231,0,0,0,231
09/25/2020,CMH,OH,AGL,CE,Combined TRACON& Tower with Radar,127,34,40,0,201,0,0,10,0,10,127,34,50,0,211,0,0,0,211
09/26/2020,CMH,OH,AGL,CE,Combined TRACON& Tower with Radar,110,31,18,2,161,0,0,19,4,23,110,31,37,6,184,0,0,0,184
09/27/2020,CMH,OH,AGL,CE,Combined TRACON& Tower with Radar,127,32,21,0,180,0,2,4,1,7,127,34,25,1,187,0,0,0,187
09/28/2020,CMH,OH,AGL,CE,Combined TRACON& Tower with Radar,125,46,36,0,207,0,0,2,0,2,125,46,38,0,209,0,0,0,209
09/29/2020,CMH,OH,AGL,CE,Combined TRACON& Tower with Radar,103,40,38,0,181,0,0,13,0,13,103,40,51,0,194,0,0,0,194
09/30/2020,CMH,OH,AGL,CE,Combined TRACON& Tower with Radar,106,28,20,0,154,0,1,8,0,9,106,29,28,0,163,0,0,0,163
10/01/2020,CMH,OH,AGL,CE,Combined TRACON& Tower with Radar,125,42,53,2,222,0,1,7,3,11,125,43,60,5,233,0,0,0,233
10/02/2020,CMH,OH,AGL,CE,Combined TRACON& Tower with Radar,126,45,46,0,217,0,0,3,0,3,126,45,49,0,220,0,0,0,220
10/03/2020,CMH,OH,AGL,CE,Combined TRACON& Tower with Radar,111,27,18,0,156,0,1,4,2,7,111,28,22,2,163,0,0,0,163
10/04/2020,CMH,OH,AGL,CE,Combined TRACON& Tower with Radar,130,30,21,0,181,0,0,9,0,9,130,30,30,0,190,0,0,0,190
10/05/2020,CMH,OH,AGL,CE,Combined TRACON& Tower with Radar,123,24,56,6,209,0,1,1,0,2,123,25,57,6,211,0,0,0,211
10/06/2020,CMH,OH,AGL,CE,Combined TRACON& Tower with Radar,98,36,51,4,189,0,2,10,0,12,98,38,61,4,201,0,0,0,201
10/07/2020,CMH,OH,AGL,CE,Combined TRACON& Tower with Radar,101,32,43,0,176,0,0,8,0,8,101,32,51,0,184,0,0,0,184
10/08/2020,CMH,OH,AGL,CE,Combined TRACON& Tower with Radar,150,32,44,0,226,0,0,24,0,24,150,32,68,0,250,0,0,0,250
10/09/2020,CMH,OH,AGL,CE,Combined TRACON& Tower with Radar,149,43,33,0,225,0,0,13,0,13,149,43,46,0,238,0,0,0,238
10/10/2020,CMH,OH,AGL,CE,Combined TRACON& Tower with Radar,122,19,22,0,163,0,0,12,0,12,122,19,34,0,175,0,0,0,175
10/11/2020,CMH,OH,AGL,CE,Combined TRACON& Tower with Radar,142,20,21,2,185,0,0,1,0,1,142,20,22,2,186,0,0,0,186
10/12/2020,CMH,OH,AGL,CE,Combined TRACON& Tower with Radar,142,32,35,2,211,0,0,4,0,4,142,32,39,2,215,0,0,0,215
10/13/2020,CMH,OH,AGL,CE,Combined TRACON& Tower with Radar,104,32,48,4,188,0,3,24,0,27,104,35,72,4,215,0,0,0,215
10/14/2020,CMH,OH,AGL,CE,Combined TRACON& Tower with Radar,110,41,35,0,186,0,2,13,1,16,110,43,48,1,202,0,0,0,202
10/15/2020,CMH,OH,AGL,CE,Combined TRACON& Tower with Radar,140,33,42,0,215,0,0,5,3,8,140,33,47,3,223,0,0,0,223
10/16/2020,CMH,OH,AGL,CE,Combined TRACON& Tower with Radar,140,35,34,2,211,0,1,13,0,14,140,36,47,2,225,0,0,0,225
10/17/2020,CMH,OH,AGL,CE,Combined TRACON& Tower with Radar,125,18,31,0,174,0,0,8,0,8,125,18,39,0,182,0,0,0,182
10/18/2020,CMH,OH,AGL,CE,Combined TRACON& Tower with Radar,149,30,31,1,211,0,0,4,0,4,149,30,35,1,215,0,0,0,215
10/19/2020,CMH,OH,AGL,CE,Combined TRACON& Tower with Radar,142,16,25,0,183,0,0,0,0,0,142,16,25,0,183,0,0,0,183
10/20/2020,CMH,OH,AGL,CE,Combined TRACON& Tower with Radar,104,39,38,1,182,0,0,0,0,0,104,39,38,1,182,0,0,0,182
10/21/2020,CMH,OH,AGL,CE,Combined TRACON& Tower with Radar,109,37,48,3,197,0,0,3,0,3,109,37,51,3,200,0,0,0,200
10/22/2020,CMH,OH,AGL,CE,Combined TRACON& Tower with Radar,136,40,40,0,216,0,1,18,0,19,136,41,58,0,235,0,0,0,235
10/23/2020,CMH,OH,AGL,CE,Combined TRACON& Tower with Radar,139,41,35,0,215,0,0,8,0,8,139,41,43,0,223,0,0,0,223
10/24/2020,CMH,OH,AGL,CE,Combined TRACON& Tower with Radar,116,12,14,0,142,0,0,1,0,1,116,12,15,0,143,0,0,0,143
10/25/2020,CMH,OH,AGL,CE,Combined TRACON& Tower with Radar,128,20,37,2,187,0,0,7,1,8,128,20,44,3,195,0,0,0,195
10/26/2020,CMH,OH,AGL,CE,Combined TRACON& Tower with Radar,128,26,51,1,206,0,0,0,0,0,128,26,51,1,206,0,0,0,206
10/27/2020,CMH,OH,AGL,CE,Combined TRACON& Tower with Radar,97,37,35,0,169,0,0,0,0,0,97,37,35,0,169,0,0,0,169
10/28/2020,CMH,OH,AGL,CE,Combined TRACON& Tower with Radar,98,30,41,0,169,0,0,4,0,4,98,30,45,0,173,0,0,0,173
10/29/2020,CMH,OH,AGL,CE,Combined TRACON& Tower with Radar,129,26,27,0,182,0,0,0,0,0,129,26,27,0,182,0,0,0,182
10/30/2020,CMH,OH,AGL,CE,Combined TRACON& Tower with Radar,126,26,37,0,189,0,2,7,0,9,126,28,44,0,198,0,0,0,198
10/31/2020,CMH,OH,AGL,CE,Combined TRACON& Tower with Radar,86,17,12,0,115,0,0,10,0,10,86,17,22,0,125,0,0,0,125
11/01/2020,CMH,OH,AGL,CE,Combined TRACON& Tower with Radar,124,26,23,0,173,0,0,0,0,0,124,26,23,0,173,0,0,0,173
11/02/2020,CMH,OH,AGL,CE,Combined TRACON& Tower with Radar,127,22,46,0,195,0,1,12,0,13,127,23,58,0,208,0,0,0,208
11/03/2020,CMH,OH,AGL,CE,Combined TRACON& Tower with Radar,91,28,29,0,148,0,3,10,0,13,91,31,39,0,161,0,0,0,161
11/04/2020,CMH,OH,AGL,CE,Combined TRACON& Tower with Radar,93,34,57,0,184,0,0,26,0,26,93,34,83,0,210,0,0,0,210
11/05/2020,CMH,OH,AGL,CE,Combined TRACON& Tower with Radar,142,32,42,0,216,0,4,29,1,34,142,36,71,1,250,0,0,0,250
11/06/2020,CMH,OH,AGL,CE,Combined TRACON& Tower with Radar,140,23,36,3,202,0,0,10,1,11,140,23,46,4,213,0,0,0,213
11/07/2020,CMH,OH,AGL,CE,Combined TRACON& Tower with Radar,118,19,13,0,150,0,2,14,0,16,118,21,27,0,166,0,0,0,166
11/08/2020,CMH,OH,AGL,CE,Combined TRACON& Tower with Radar,148,28,25,0,201,0,0,11,0,11,148,28,36,0,212,0,0,0,212
11/09/2020,CMH,OH,AGL,CE,Combined TRACON& Tower with Radar,152,27,34,0,213,0,3,16,0,19,152,30,50,0,232,0,0,0,232
11/10/2020,CMH,OH,AGL,CE,Combined TRACON& Tower with Radar,100,25,40,2,167,0,1,6,0,7,100,26,46,2,174,0,0,0,174
11/11/2020,CMH,OH,AGL,CE,Combined TRACON& Tower with Radar,106,35,45,0,186,0,0,5,0,5,106,35,50,0,191,0,0,0,191
11/12/2020,CMH,OH,AGL,CE,Combined TRACON& Tower with Radar,144,56,41,3,244,0,3,15,0,18,144,59,56,3,262,0,0,0,262
11/13/2020,CMH,OH,AGL,CE,Combined TRACON& Tower with Radar,146,27,21,0,194,0,3,14,0,17,146,30,35,0,211,0,0,0,211
11/14/2020,CMH,OH,AGL,CE,Combined TRACON& Tower with Radar,131,21,29,0,181,0,2,25,0,27,131,23,54,0,208,0,0,0,208
11/15/2020,CMH,OH,AGL,CE,Combined TRACON& Tower with Radar,153,15,21,0,189,0,0,2,0,2,153,15,23,0,191,0,0,0,191
11/16/2020,CMH,OH,AGL,CE,Combined TRACON& Tower with Radar,148,39,60,0,247,0,0,18,0,18,148,39,78,0,265,0,0,0,265
11/17/2020,CMH,OH,AGL,CE,Combined TRACON& Tower with Radar,101,31,40,6,178,0,0,10,0,10,101,31,50,6,188,0,0,0,188
11/18/2020,CMH,OH,AGL,CE,Combined TRACON& Tower with Radar,111,45,56,0,212,0,2,15,0,17,111,47,71,0,229,0,0,0,229
11/19/2020,CMH,OH,AGL,CE,Combined TRACON& Tower with Radar,162,31,21,0,214,0,4,8,0,12,162,35,29,0,226,0,0,0,226
11/20/2020,CMH,OH,AGL,CE,Combined TRACON& Tower with Radar,152,40,28,0,220,0,0,10,4,14,152,40,38,4,234,0,0,0,234
11/21/2020,CMH,OH,AGL,CE,Combined TRACON& Tower with Radar,161,36,24,0,221,0,0,3,0,3,161,36,27,0,224,0,0,0,224
11/22/2020,CMH,OH,AGL,CE,Combined TRACON& Tower with Radar,152,26,13,0,191,0,0,0,0,0,152,26,13,0,191,0,0,0,191
11/23/2020,CMH,OH,AGL,CE,Combined TRACON& Tower with Radar,144,23,13,0,180,0,2,6,0,8,144,25,19,0,188,0,0,0,188
11/24/2020,CMH,OH,AGL,CE,Combined TRACON& Tower with Radar,160,31,38,0,229,0,2,12,0,14,160,33,50,0,243,0,0,0,243
11/25/2020,CMH,OH,AGL,CE,Combined TRACON& Tower with Radar,167,22,23,0,212,0,0,0,0,0,167,22,23,0,212,0,0,0,212
11/26/2020,CMH,OH,AGL,CE,Combined TRACON& Tower with Radar,75,12,0,0,87,0,0,0,0,0,75,12,0,0,87,0,0,0,87
11/27/2020,CMH,OH,AGL,CE,Combined TRACON& Tower with Radar,125,22,24,0,171,0,2,5,4,11,125,24,29,4,182,0,0,0,182
11/28/2020,CMH,OH,AGL,CE,Combined TRACON& Tower with Radar,169,26,21,0,216,0,0,19,0,19,169,26,40,0,235,0,0,0,235
11/29/2020,CMH,OH,AGL,CE,Combined TRACON& Tower with Radar,182,21,44,0,247,0,0,10,2,12,182,21,54,2,259,0,0,0,259
11/30/2020,CMH,OH,AGL,CE,Combined TRACON& Tower with Radar,163,27,18,0,208,0,0,0,0,0,163,27,18,0,208,0,0,0,208
12/01/2020,CMH,OH,AGL,CE,Combined TRACON& Tower with Radar,131,34,29,2,196,0,0,0,0,0,131,34,29,2,196,0,0,0,196
12/02/2020,CMH,OH,AGL,CE,Combined TRACON& Tower with Radar,105,39,25,0,169,0,3,10,0,13,105,42,35,0,182,0,0,0,182
12/03/2020,CMH,OH,AGL,CE,Combined TRACON& Tower with Radar,117,41,28,6,192,0,3,14,0,17,117,44,42,6,209,0,0,0,209
12/04/2020,CMH,OH,AGL,CE,Combined TRACON& Tower with Radar,121,24,27,4,176,0,0,14,0,14,121,24,41,4,190,0,0,0,190
12/05/2020,CMH,OH,AGL,CE,Combined TRACON& Tower with Radar,108,16,12,0,136,0,0,3,0,3,108,16,15,0,139,0,0,0,139
12/06/2020,CMH,OH,AGL,CE,Combined TRACON& Tower with Radar,118,37,22,0,177,0,0,4,0,4,118,37,26,0,181,0,0,0,181
12/07/2020,CMH,OH,AGL,CE,Combined TRACON& Tower with Radar,121,26,28,0,175,0,0,0,0,0,121,26,28,0,175,0,0,0,175
12/08/2020,CMH,OH,AGL,CE,Combined TRACON& Tower with Radar,95,35,44,1,175,0,4,17,1,22,95,39,61,2,197,0,0,0,197
12/09/2020,CMH,OH,AGL,CE,Combined TRACON& Tower with Radar,101,32,43,0,176,0,0,12,0,12,101,32,55,0,188,0,0,0,188
12/10/2020,CMH,OH,AGL,CE,Combined TRACON& Tower with Radar,117,28,32,0,177,0,0,34,0,34,117,28,66,0,211,0,0,0,211
12/11/2020,CMH,OH,AGL,CE,Combined TRACON& Tower with Radar,123,32,39,0,194,0,3,18,2,23,123,35,57,2,217,0,0,0,217
12/12/2020,CMH,OH,AGL,CE,Combined TRACON& Tower with Radar,107,22,12,0,141,0,2,3,3,8,107,24,15,3,149,0,0,0,149
12/13/2020,CMH,OH,AGL,CE,Combined TRACON& Tower with Radar,120,20,17,0,157,0,0,3,0,3,120,20,20,0,160,0,0,0,160
12/14/2020,CMH,OH,AGL,CE,Combined TRACON& Tower with Radar,122,28,26,0,176,0,4,7,2,13,122,32,33,2,189,0,0,0,189
12/15/2020,CMH,OH,AGL,CE,Combined TRACON& Tower with Radar,94,24,44,0,162,0,4,31,0,35,94,28,75,0,197,0,0,0,197
12/16/2020,CMH,OH,AGL,CE,Combined TRACON& Tower with Radar,97,39,21,0,157,0,0,0,0,0,97,39,21,0,157,0,0,0,157
12/17/2020,CMH,OH,AGL,CE,Combined TRACON& Tower with Radar,144,39,32,0,215,0,0,0,0,0,144,39,32,0,215,0,0,0,215
12/18/2020,CMH,OH,AGL,CE,Combined TRACON& Tower with Radar,146,41,26,0,213,0,2,10,4,16,146,43,36,4,229,0,0,0,229
12/19/2020,CMH,OH,AGL,CE,Combined TRACON& Tower with Radar,150,42,26,0,218,0,0,14,0,14,150,42,40,0,232,0,0,0,232
12/20/2020,CMH,OH,AGL,CE,Combined TRACON& Tower with Radar,136,41,24,0,201,0,1,1,0,2,136,42,25,0,203,0,0,0,203
12/21/2020,CMH,OH,AGL,CE,Combined TRACON& Tower with Radar,146,29,27,0,202,0,0,0,0,0,146,29,27,0,202,0,0,0,202
12/22/2020,CMH,OH,AGL,CE,Combined TRACON& Tower with Radar,144,19,28,0,191,0,0,5,0,5,144,19,33,0,196,0,0,0,196
12/23/2020,CMH,OH,AGL,CE,Combined TRACON& Tower with Radar,145,30,29,0,204,0,0,2,0,2,145,30,31,0,206,0,0,0,206
12/24/2020,CMH,OH,AGL,CE,Combined TRACON& Tower with Radar,104,18,4,0,126,0,0,0,0,0,104,18,4,0,126,0,0,0,126
12/25/2020,CMH,OH,AGL,CE,Combined TRACON& Tower with Radar,86,34,6,0,126,0,0,0,0,0,86,34,6,0,126,0,0,0,126
12/26/2020,CMH,OH,AGL,CE,Combined TRACON& Tower with Radar,146,58,35,0,239,0,1,15,0,16,146,59,50,0,255,0,0,0,255
12/27/2020,CMH,OH,AGL,CE,Combined TRACON& Tower with Radar,157,34,27,0,218,0,4,16,0,20,157,38,43,0,238,0,0,0,238
12/28/2020,CMH,OH,AGL,CE,Combined TRACON& Tower with Radar,151,22,35,0,208,0,2,0,0,2,151,24,35,0,210,0,0,0,210
12/29/2020,CMH,OH,AGL,CE,Combined TRACON& Tower with Radar,146,29,31,0,206,0,2,15,0,17,146,31,46,0,223,0,0,0,223
12/30/2020,CMH,OH,AGL,CE,Combined TRACON& Tower with Radar,138,33,14,0,185,0,0,2,0,2,138,33,16,0,187,0,0,0,187
12/31/2020,CMH,OH,AGL,CE,Combined TRACON& Tower with Radar,100,22,11,0,133,0,0,3,0,3,100,22,14,0,136,0,0,0,136
01/01/2021,CMH,OH,AGL,CE,Combined TRACON& Tower with Radar,102,37,5,0,144,0,2,0,0,2,102,39,5,0,146,0,0,0,146
01/02/2021,CMH,OH,AGL,CE,Combined TRACON& Tower with Radar,151,36,31,0,218,0,4,0,0,4,151,40,31,0,222,0,0,0,222
01/03/2021,CMH,OH,AGL,CE,Combined TRACON& Tower with Radar,161,29,35,0,225,0,0,0,2,2,161,29,35,2,227,0,0,0,227
01/04/2021,CMH,OH,AGL,CE,Combined TRACON& Tower with Radar,143,31,20,0,194,0,0,2,0,2,143,31,22,0,196,0,0,0,196
01/05/2021,CMH,OH,AGL,CE,Combined TRACON& Tower with Radar,120,43,33,0,196,0,0,0,0,0,120,43,33,0,196,0,0,0,196
01/06/2021,CMH,OH,AGL,CE,Combined TRACON& Tower with Radar,118,20,38,0,176,0,0,0,2,2,118,20,38,2,178,0,0,0,178
01/07/2021,CMH,OH,AGL,CE,Combined TRACON& Tower with Radar,120,27,38,0,185,0,0,5,2,7,120,27,43,2,192,0,0,0,192
01/08/2021,CMH,OH,AGL,CE,Combined TRACON& Tower with Radar,120,22,20,0,162,0,0,0,0,0,120,22,20,0,162,0,0,0,162
01/09/2021,CMH,OH,AGL,CE,Combined TRACON& Tower with Radar,116,25,16,0,157,0,0,24,0,24,116,25,40,0,181,0,0,0,181
01/10/2021,CMH,OH,AGL,CE,Combined TRACON& Tower with Radar,119,31,18,3,171,0,3,28,0,31,119,34,46,3,202,0,0,0,202
01/11/2021,CMH,OH,AGL,CE,Combined TRACON& Tower with Radar,120,29,38,0,187,0,0,1,0,1,120,29,39,0,188,0,0,0,188
01/12/2021,CMH,OH,AGL,CE,Combined TRACON& Tower with Radar,96,48,49,0,193,0,0,0,0,0,96,48,49,0,193,0,0,0,193
01/13/2021,CMH,OH,AGL,CE,Combined TRACON& Tower with Radar,97,37,38,0,172,0,1,26,0,27,97,38,64,0,199,0,0,0,199
01/14/2021,CMH,OH,AGL,CE,Combined TRACON& Tower with Radar,120,28,41,0,189,0,2,19,0,21,120,30,60,0,210,0,0,0,210
01/15/2021,CMH,OH,AGL,CE,Combined TRACON& Tower with Radar,125,31,32,0,188,0,0,0,0,0,125,31,32,0,188,0,0,0,188
01/16/2021,CMH,OH,AGL,CE,Combined TRACON& Tower with Radar,115,25,14,0,154,0,0,0,0,0,115,25,14,0,154,0,0,0,154
01/17/2021,CMH,OH,AGL,CE,Combined TRACON& Tower with Radar,114,34,13,0,161,0,0,0,0,0,114,34,13,0,161,0,0,0,161
01/18/2021,CMH,OH,AGL,CE,Combined TRACON& Tower with Radar,119,25,30,0,174,0,0,0,0,0,119,25,30,0,174,0,0,0,174
01/19/2021,CMH,OH,AGL,CE,Combined TRACON& Tower with Radar,95,32,33,1,161,0,1,14,0,15,95,33,47,1,176,0,0,0,176
01/20/2021,CMH,OH,AGL,CE,Combined TRACON& Tower with Radar,97,30,36,0,163,0,2,11,3,16,97,32,47,3,179,0,0,0,179
01/21/2021,CMH,OH,AGL,CE,Combined TRACON& Tower with Radar,120,26,43,1,190,0,0,14,1,15,120,26,57,2,205,0,0,0,205
01/22/2021,CMH,OH,AGL,CE,Combined TRACON& Tower with Radar,121,33,25,2,181,0,2,14,0,16,121,35,39,2,197,0,0,0,197
01/23/2021,CMH,OH,AGL,CE,Combined TRACON& Tower with Radar,117,29,18,1,165,0,0,35,0,35,117,29,53,1,200,0,0,0,200
01/24/2021,CMH,OH,AGL,CE,Combined TRACON& Tower with Radar,119,18,18,0,155,0,1,10,0,11,119,19,28,0,166,0,0,0,166
01/25/2021,CMH,OH,AGL,CE,Combined TRACON& Tower with Radar,121,38,31,0,190,0,0,0,0,0,121,38,31,0,190,0,0,0,190
01/26/2021,CMH,OH,AGL,CE,Combined TRACON& Tower with Radar,87,31,31,0,149,0,0,0,0,0,87,31,31,0,149,0,0,0,149
01/27/2021,CMH,OH,AGL,CE,Combined TRACON& Tower with Radar,96,26,43,0,165,0,0,2,0,2,96,26,45,0,167,0,0,0,167
01/28/2021,CMH,OH,AGL,CE,Combined TRACON& Tower with Radar,118,31,38,0,187,0,0,7,0,7,118,31,45,0,194,0,0,0,194
01/29/2021,CMH,OH,AGL,CE,Combined TRACON& Tower with Radar,125,37,29,2,193,0,4,29,0,33,125,41,58,2,226,0,0,0,226
01/30/2021,CMH,OH,AGL,CE,Combined TRACON& Tower with Radar,111,27,36,0,174,0,0,16,1,17,111,27,52,1,191,0,0,0,191
01/31/2021,CMH,OH,AGL,CE,Combined TRACON& Tower with Radar,122,24,11,0,157,0,0,0,0,0,122,24,11,0,157,0,0,0,157
02/01/2021,CMH,OH,AGL,CE,Combined TRACON& Tower with Radar,111,22,18,0,151,0,0,0,0,0,111,22,18,0,151,0,0,0,151
02/02/2021,CMH,OH,AGL,CE,Combined TRACON& Tower with Radar,94,25,22,0,141,0,0,3,6,9,94,25,25,6,150,0,0,0,150
02/03/2021,CMH,OH,AGL,CE,Combined TRACON& Tower with Radar,97,39,58,0,194,0,0,8,0,8,97,39,66,0,202,0,0,0,202
02/04/2021,CMH,OH,AGL,CE,Combined TRACON& Tower with Radar,119,31,30,0,180,0,0,4,0,4,119,31,34,0,184,0,0,0,184
02/05/2021,CMH,OH,AGL,CE,Combined TRACON& Tower with Radar,121,24,36,2,183,0,0,2,0,2,121,24,38,2,185,0,0,0,185
02/06/2021,CMH,OH,AGL,CE,Combined TRACON& Tower with Radar,117,25,22,0,164,0,4,7,0,11,117,29,29,0,175,0,0,0,175
02/07/2021,CMH,OH,AGL,CE,Combined TRACON& Tower with Radar,124,21,19,0,164,0,0,10,0,10,124,21,29,0,174,0,0,0,174
02/08/2021,CMH,OH,AGL,CE,Combined TRACON& Tower with Radar,125,25,35,0,185,0,0,9,0,9,125,25,44,0,194,0,0,0,194
02/09/2021,CMH,OH,AGL,CE,Combined TRACON& Tower with Radar,94,39,34,0,167,0,0,0,0,0,94,39,34,0,167,0,0,0,167
02/10/2021,CMH,OH,AGL,CE,Combined TRACON& Tower with Radar,98,36,43,0,177,0,0,1,0,1,98,36,44,0,178,0,0,0,178
02/11/2021,CMH,OH,AGL,CE,Combined TRACON& Tower with Radar,131,38,59,0,228,0,0,6,0,6,131,38,65,0,234,0,0,0,234
02/12/2021,CMH,OH,AGL,CE,Combined TRACON& Tower with Radar,130,44,40,0,214,0,2,5,0,7,130,46,45,0,221,0,0,0,221
02/13/2021,CMH,OH,AGL,CE,Combined TRACON& Tower with Radar,114,23,16,0,153,0,0,0,0,0,114,23,16,0,153,0,0,0,153
02/14/2021,CMH,OH,AGL,CE,Combined TRACON& Tower with Radar,106,23,20,0,149,0,0,1,0,1,106,23,21,0,150,0,0,0,150
02/15/2021,CMH,OH,AGL,CE,Combined TRACON& Tower with Radar,105,31,27,0,163,0,0,0,0,0,105,31,27,0,163,0,0,0,163
02/16/2021,CMH,OH,AGL,CE,Combined TRACON& Tower with Radar,82,51,23,0,156,0,0,0,0,0,82,51,23,0,156,0,0,0,156
02/17/2021,CMH,OH,AGL,CE,Combined TRACON& Tower with Radar,83,46,49,0,178,0,2,4,0,6,83,48,53,0,184,0,0,0,184
02/18/2021,CMH,OH,AGL,CE,Combined TRACON& Tower with Radar,102,58,32,0,192,0,0,0,0,0,102,58,32,0,192,0,0,0,192
02/19/2021,CMH,OH,AGL,CE,Combined TRACON& Tower with Radar,121,39,33,2,195,0,0,3,0,3,121,39,36,2,198,0,0,0,198
02/20/2021,CMH,OH,AGL,CE,Combined TRACON& Tower with Radar,116,33,29,0,178,0,0,8,0,8,116,33,37,0,186,0,0,0,186
02/21/2021,CMH,OH,AGL,CE,Combined TRACON& Tower with Radar,119,33,41,3,196,0,0,14,1,15,119,33,55,4,211,0,0,0,211
02/22/2021,CMH,OH,AGL,CE,Combined TRACON& Tower with Radar,123,26,30,0,179,0,0,3,0,3,123,26,33,0,182,0,0,0,182
02/23/2021,CMH,OH,AGL,CE,Combined TRACON& Tower with Radar,93,36,35,0,164,0,2,10,0,12,93,38,45,0,176,0,0,0,176
02/24/2021,CMH,OH,AGL,CE,Combined TRACON& Tower with Radar,99,43,44,0,186,0,3,6,0,9,99,46,50,0,195,0,0,0,195
02/25/2021,CMH,OH,AGL,CE,Combined TRACON& Tower with Radar,120,39,62,0,221,0,4,43,0,47,120,43,105,0,268,0,0,0,268
02/26/2021,CMH,OH,AGL,CE,Combined TRACON& Tower with Radar,129,35,38,0,202,0,0,18,0,18,129,35,56,0,220,0,0,0,220
02/27/2021,CMH,OH,AGL,CE,Combined TRACON& Tower with Radar,116,31,27,1,175,0,2,12,2,16,116,33,39,3,191,0,0,0,191
02/28/2021,CMH,OH,AGL,CE,Combined TRACON& Tower with Radar,123,25,28,1,177,0,0,0,0,0,123,25,28,1,177,0,0,0,177
03/01/2021,CMH,OH,AGL,CE,Combined TRACON& Tower with Radar,126,35,30,0,191,0,0,8,2,10,126,35,38,2,201,0,0,0,201
03/02/2021,CMH,OH,AGL,CE,Combined TRACON& Tower with Radar,97,35,46,0,178,0,0,23,0,23,97,35,69,0,201,0,0,0,201
03/03/2021,CMH,OH,AGL,CE,Combined TRACON& Tower with Radar,100,41,38,0,179,0,5,13,0,18,100,46,51,0,197,0,0,0,197
03/04/2021,CMH,OH,AGL,CE,Combined TRACON& Tower with Radar,125,44,54,2,225,0,1,10,0,11,125,45,64,2,236,0,0,0,236
03/05/2021,CMH,OH,AGL,CE,Combined TRACON& Tower with Radar,134,39,24,1,198,0,4,11,0,15,134,43,35,1,213,0,0,0,213
03/06/2021,CMH,OH,AGL,CE,Combined TRACON& Tower with Radar,126,33,20,0,179,0,4,24,0,28,126,37,44,0,207,0,0,0,207
03/07/2021,CMH,OH,AGL,CE,Combined TRACON& Tower with Radar,142,40,23,0,205,0,3,18,0,21,142,43,41,0,226,0,0,0,226
03/08/2021,CMH,OH,AGL,CE,Combined TRACON& Tower with Radar,148,40,36,0,224,1,3,21,0,25,149,43,57,0,249,0,0,0,249
03/09/2021,CMH,OH,AGL,CE,Combined TRACON& Tower with Radar,106,45,49,8,208,0,1,21,0,22,106,46,70,8,230,0,0,0,230
03/10/2021,CMH,OH,AGL,CE,Combined TRACON& Tower with Radar,118,59,39,4,220,0,3,10,1,14,118,62,49,5,234,0,0,0,234
03/11/2021,CMH,OH,AGL,CE,Combined TRACON& Tower with Radar,158,33,47,4,242,0,0,6,0,6,158,33,53,4,248,0,0,0,248
03/12/2021,CMH,OH,AGL,CE,Combined TRACON& Tower with Radar,155,39,47,3,244,0,1,18,0,19,155,40,65,3,263,0,0,0,263
03/13/2021,CMH,OH,AGL,CE,Combined TRACON& Tower with Radar,151,28,17,0,196,0,0,24,1,25,151,28,41,1,221,0,0,0,221
03/14/2021,CMH,OH,AGL,CE,Combined TRACON& Tower with Radar,142,24,21,4,191,0,0,11,0,11,142,24,32,4,202,0,0,0,202
03/15/2021,CMH,OH,AGL,CE,Combined TRACON& Tower with Radar,161,37,29,2,229,0,0,18,0,18,161,37,47,2,247,0,0,0,247
03/16/2021,CMH,OH,AGL,CE,Combined TRACON& Tower with Radar,133,35,19,1,188,0,0,0,0,0,133,35,19,1,188,0,0,0,188
03/17/2021,CMH,OH,AGL,CE,Combined TRACON& Tower with Radar,134,49,40,0,223,0,0,14,0,14,134,49,54,0,237,0,0,0,237
03/18/2021,CMH,OH,AGL,CE,Combined TRACON& Tower with Radar,154,45,44,2,245,0,0,0,0,0,154,45,44,2,245,0,0,0,245
03/19/2021,CMH,OH,AGL,CE,Combined TRACON& Tower with Radar,158,41,44,2,245,0,1,2,0,3,158,42,46,2,248,0,0,0,248
03/20/2021,CMH,OH,AGL,CE,Combined TRACON& Tower with Radar,156,46,30,3,235,0,3,27,2,32,156,49,57,5,267,0,0,0,267
03/21/2021,CMH,OH,AGL,CE,Combined TRACON& Tower with Radar,162,29,22,0,213,0,2,12,0,14,162,31,34,0,227,0,0,0,227
03/22/2021,CMH,OH,AGL,CE,Combined TRACON& Tower with Radar,161,50,44,1,256,0,1,15,0,16,161,51,59,1,272,0,0,0,272
03/23/2021,CMH,OH,AGL,CE,Combined TRACON& Tower with Radar,141,42,44,3,230,0,1,6,0,7,141,43,50,3,237,0,0,0,237
03/24/2021,CMH,OH,AGL,CE,Combined TRACON& Tower with Radar,138,54,44,3,239,0,2,8,1,11,138,56,52,4,250,0,0,0,250
03/25/2021,CMH,OH,AGL,CE,Combined TRACON& Tower with Radar,162,37,40,1,240,0,0,6,2,8,162,37,46,3,248,0,0,0,248
03/26/2021,CMH,OH,AGL,CE,Combined TRACON& Tower with Radar,177,40,44,0,261,0,1,2,1,4,177,41,46,1,265,0,0,0,265
03/27/2021,CMH,OH,AGL,CE,Combined TRACON& Tower with Radar,166,43,16,0,225,0,4,7,1,12,166,47,23,1,237,0,0,0,237
03/28/2021,CMH,OH,AGL,CE,Combined TRACON& Tower with Radar,168,30,29,1,228,0,0,2,0,2,168,30,31,1,230,0,0,0,230
03/29/2021,CMH,OH,AGL,CE,Combined TRACON& Tower with Radar,163,28,42,0,233,0,8,10,0,18,163,36,52,0,251,0,0,0,251
03/30/2021,CMH,OH,AGL,CE,Combined TRACON& Tower with Radar,148,31,39,0,218,0,0,11,0,11,148,31,50,0,229,0,0,0,229
03/31/2021,CMH,OH,AGL,CE,Combined TRACON& Tower with Radar,141,27,34,0,202,0,0,4,0,4,141,27,38,0,206,0,0,0,206
04/01/2021,CMH,OH,AGL,CE,Combined TRACON& Tower with Radar,164,33,37,0,234,0,2,2,0,4,164,35,39,0,238,0,0,0,238
04/02/2021,CMH,OH,AGL,CE,Combined TRACON& Tower with Radar,178,40,37,0,255,0,2,15,0,17,178,42,52,0,272,0,0,0,272
04/03/2021,CMH,OH,AGL,CE,Combined TRACON& Tower with Radar,187,36,27,0,250,0,2,10,0,12,187,38,37,0,262,0,0,0,262
04/04/2021,CMH,OH,AGL,CE,Combined TRACON& Tower with Radar,181,38,29,0,248,0,2,11,0,13,181,40,40,0,261,0,0,0,261
04/05/2021,CMH,OH,AGL,CE,Combined TRACON& Tower with Radar,177,36,46,0,259,0,0,5,4,9,177,36,51,4,268,0,0,0,268
04/06/2021,CMH,OH,AGL,CE,Combined TRACON& Tower with Radar,147,39,43,0,229,0,0,14,0,14,147,39,57,0,243,0,0,0,243
04/07/2021,CMH,OH,AGL,CE,Combined TRACON& Tower with Radar,146,43,40,2,231,0,5,17,0,22,146,48,57,2,253,0,0,0,253
04/08/2021,CMH,OH,AGL,CE,Combined TRACON& Tower with Radar,171,42,41,0,254,0,0,3,0,3,171,42,44,0,257,0,0,0,257
04/09/2021,CMH,OH,AGL,CE,Combined TRACON& Tower with Radar,175,27,18,0,220,0,0,9,0,9,175,27,27,0,229,0,0,0,229
04/10/2021,CMH,OH,AGL,CE,Combined TRACON& Tower with Radar,159,37,17,0,213,0,2,14,2,18,159,39,31,2,231,0,0,0,231
04/11/2021,CMH,OH,AGL,CE,Combined TRACON& Tower with Radar,155,28,18,0,201,0,0,2,0,2,155,28,20,0,203,0,0,0,203
04/12/2021,CMH,OH,AGL,CE,Combined TRACON& Tower with Radar,163,40,53,0,256,0,1,2,0,3,163,41,55,0,259,0,0,0,259
04/13/2021,CMH,OH,AGL,CE,Combined TRACON& Tower with Radar,129,50,40,0,219,0,2,18,0,20,129,52,58,0,239,0,0,0,239
04/14/2021,CMH,OH,AGL,CE,Combined TRACON& Tower with Radar,126,55,32,0,213,0,2,5,0,7,126,57,37,0,220,0,0,0,220
04/15/2021,CMH,OH,AGL,CE,Combined TRACON& Tower with Radar,157,38,45,4,244,0,0,10,0,10,157,38,55,4,254,0,0,0,254
04/16/2021,CMH,OH,AGL,CE,Combined TRACON& Tower with Radar,158,37,37,4,236,0,2,12,0,14,158,39,49,4,250,0,0,0,250
04/17/2021,CMH,OH,AGL,CE,Combined TRACON& Tower with Radar,145,22,18,2,187,0,0,11,0,11,145,22,29,2,198,0,0,0,198
04/18/2021,CMH,OH,AGL,CE,Combined TRACON& Tower with Radar,158,41,21,0,220,0,0,9,0,9,158,41,30,0,229,0,0,0,229
04/19/2021,CMH,OH,AGL,CE,Combined TRACON& Tower with Radar,157,39,37,0,233,0,1,2,0,3,157,40,39,0,236,0,0,0,236
04/20/2021,CMH,OH,AGL,CE,Combined TRACON& Tower with Radar,124,50,41,0,215,0,2,7,0,9,124,52,48,0,224,0,0,0,224
04/21/2021,CMH,OH,AGL,CE,Combined TRACON& Tower with Radar,125,46,39,0,210,0,0,4,0,4,125,46,43,0,214,0,0,0,214
04/22/2021,CMH,OH,AGL,CE,Combined TRACON& Tower with Radar,160,27,44,4,235,0,2,14,0,16,160,29,58,4,251,0,0,0,251
04/23/2021,CMH,OH,AGL,CE,Combined TRACON& Tower with Radar,158,32,44,0,234,0,0,8,1,9,158,32,52,1,243,0,0,0,243
04/24/2021,CMH,OH,AGL,CE,Combined TRACON& Tower with Radar,133,28,19,1,181,0,1,6,0,7,133,29,25,1,188,0,0,0,188
04/25/2021,CMH,OH,AGL,CE,Combined TRACON& Tower with Radar,160,35,23,1,219,0,2,7,0,9,160,37,30,1,228,0,0,0,228
04/26/2021,CMH,OH,AGL,CE,Combined TRACON& Tower with Radar,160,34,59,0,253,0,0,10,0,10,160,34,69,0,263,0,0,0,263
04/27/2021,CMH,OH,AGL,CE,Combined TRACON& Tower with Radar,124,36,51,1,212,0,0,17,4,21,124,36,68,5,233,0,0,0,233
04/28/2021,CMH,OH,AGL,CE,Combined TRACON& Tower with Radar,127,37,39,0,203,0,3,0,0,3,127,40,39,0,206,0,0,0,206
04/29/2021,CMH,OH,AGL,CE,Combined TRACON& Tower with Radar,162,35,45,1,243,0,0,0,0,0,162,35,45,1,243,0,0,0,243
04/30/2021,CMH,OH,AGL,CE,Combined TRACON& Tower with Radar,158,33,41,1,233,0,3,11,0,14,158,36,52,1,247,0,0,0,247
05/01/2021,CMH,OH,AGL,CE,Combined TRACON& Tower with Radar,140,41,22,0,203,0,2,19,0,21,140,43,41,0,224,0,0,0,224
05/02/2021,CMH,OH,AGL,CE,Combined TRACON& Tower with Radar,164,48,33,0,245,0,0,20,0,20,164,48,53,0,265,0,0,0,265
05/03/2021,CMH,OH,AGL,CE,Combined TRACON& Tower with Radar,160,33,26,1,220,0,2,3,1,6,160,35,29,2,226,0,0,0,226
05/04/2021,CMH,OH,AGL,CE,Combined TRACON& Tower with Radar,127,42,48,0,217,0,0,1,0,1,127,42,49,0,218,0,0,0,218
05/05/2021,CMH,OH,AGL,CE,Combined TRACON& Tower with Radar,132,55,32,0,219,0,2,7,0,9,132,57,39,0,228,0,0,0,228
05/06/2021,CMH,OH,AGL,CE,Combined TRACON& Tower with Radar,169,55,54,2,280,0,0,17,0,17,169,55,71,2,297,0,0,0,297
05/07/2021,CMH,OH,AGL,CE,Combined TRACON& Tower with Radar,170,36,47,3,256,0,0,1,3,4,170,36,48,6,260,0,0,0,260
05/08/2021,CMH,OH,AGL,CE,Combined TRACON& Tower with Radar,154,21,29,2,206,0,4,20,1,25,154,25,49,3,231,0,0,0,231
05/09/2021,CMH,OH,AGL,CE,Combined TRACON& Tower with Radar,173,35,18,3,229,0,0,0,0,0,173,35,18,3,229,0,0,0,229
05/10/2021,CMH,OH,AGL,CE,Combined TRACON& Tower with Radar,170,44,35,0,249,0,2,4,0,6,170,46,39,0,255,0,0,0,255
05/11/2021,CMH,OH,AGL,CE,Combined TRACON& Tower with Radar,148,23,42,0,213,0,2,12,2,16,148,25,54,2,229,0,0,0,229
05/12/2021,CMH,OH,AGL,CE,Combined TRACON& Tower with Radar,157,54,58,0,269,0,1,10,0,11,157,55,68,0,280,0,0,0,280
05/13/2021,CMH,OH,AGL,CE,Combined TRACON& Tower with Radar,175,53,59,0,287,0,4,20,0,24,175,57,79,0,311,0,0,0,311
05/14/2021,CMH,OH,AGL,CE,Combined TRACON& Tower with Radar,172,38,36,0,246,0,1,18,0,19,172,39,54,0,265,0,0,0,265
05/15/2021,CMH,OH,AGL,CE,Combined TRACON& Tower with Radar,153,28,26,0,207,0,2,20,0,22,153,30,46,0,229,0,0,0,229
05/16/2021,CMH,OH,AGL,CE,Combined TRACON& Tower with Radar,172,33,38,0,243,0,2,11,0,13,172,35,49,0,256,0,0,0,256
05/17/2021,CMH,OH,AGL,CE,Combined TRACON& Tower with Radar,181,38,39,0,258,0,0,3,0,3,181,38,42,0,261,0,0,0,261
05/18/2021,CMH,OH,AGL,CE,Combined TRACON& Tower with Radar,156,50,43,0,249,0,2,9,0,11,156,52,52,0,260,0,0,0,260
05/19/2021,CMH,OH,AGL,CE,Combined TRACON& Tower with Radar,161,54,52,0,267,0,0,10,0,10,161,54,62,0,277,0,0,0,277
05/20/2021,CMH,OH,AGL,CE,Combined TRACON& Tower with Radar,179,35,61,0,275,0,3,13,0,16,179,38,74,0,291,0,0,0,291
05/21/2021,CMH,OH,AGL,CE,Combined TRACON& Tower with Radar,178,28,34,3,243,0,7,15,0,22,178,35,49,3,265,0,0,0,265
05/22/2021,CMH,OH,AGL,CE,Combined TRACON& Tower with Radar,163,33,21,3,220,0,6,11,0,17,163,39,32,3,237,0,0,0,237
05/23/2021,CMH,OH,AGL,CE,Combined TRACON& Tower with Radar,178,28,32,0,238,0,3,1,1,5,178,31,33,1,243,0,0,0,243
05/24/2021,CMH,OH,AGL,CE,Combined TRACON& Tower with Radar,182,38,44,0,264,0,1,17,0,18,182,39,61,0,282,0,0,0,282
05/25/2021,CMH,OH,AGL,CE,Combined TRACON& Tower with Radar,160,36,41,7,244,0,4,9,0,13,160,40,50,7,257,0,0,0,257
05/26/2021,CMH,OH,AGL,CE,Combined TRACON& Tower with Radar,159,42,61,10,272,0,1,7,1,9,159,43,68,11,281,10,0,10,291
05/27/2021,CMH,OH,AGL,CE,Combined TRACON& Tower with Radar,185,45,55,2,287,0,3,15,1,19,185,48,70,3,306,0,0,0,306
05/28/2021,CMH,OH,AGL,CE,Combined TRACON& Tower with Radar,193,25,38,0,256,0,0,1,0,1,193,25,39,0,257,0,0,0,257
05/29/2021,CMH,OH,AGL,CE,Combined TRACON& Tower with Radar,163,31,30,0,224,0,0,4,0,4,163,31,34,0,228,0,0,0,228
05/30/2021,CMH,OH,AGL,CE,Combined TRACON& Tower with Radar,167,17,25,0,209,0,3,8,4,15,167,20,33,4,224,0,0,0,224
05/31/2021,CMH,OH,AGL,CE,Combined TRACON& Tower with Radar,186,22,27,0,235,0,2,15,0,17,186,24,42,0,252,0,0,0,252
06/01/2021,CMH,OH,AGL,CE,Combined TRACON& Tower with Radar,166,39,51,0,256,0,0,8,1,9,166,39,59,1,265,0,0,0,265
06/02/2021,CMH,OH,AGL,CE,Combined TRACON& Tower with Radar,170,42,41,0,253,0,0,2,0,2,170,42,43,0,255,0,0,0,255
06/03/2021,CMH,OH,AGL,CE,Combined TRACON& Tower with Radar,179,34,50,0,263,0,0,2,0,2,179,34,52,0,265,0,0,0,265
06/04/2021,CMH,OH,AGL,CE,Combined TRACON& Tower with Radar,189,44,43,0,276,0,0,5,0,5,189,44,48,0,281,0,0,0,281
06/05/2021,CMH,OH,AGL,CE,Combined TRACON& Tower with Radar,175,36,29,0,240,0,2,13,0,15,175,38,42,0,255,0,0,0,255
06/06/2021,CMH,OH,AGL,CE,Combined TRACON& Tower with Radar,209,38,33,1,281,0,0,17,0,17,209,38,50,1,298,0,0,0,298
06/07/2021,CMH,OH,AGL,CE,Combined TRACON& Tower with Radar,189,33,41,2,265,0,6,6,1,13,189,39,47,3,278,0,0,0,278
06/08/2021,CMH,OH,AGL,CE,Combined TRACON& Tower with Radar,187,39,56,2,284,0,0,7,0,7,187,39,63,2,291,0,0,0,291
06/09/2021,CMH,OH,AGL,CE,Combined TRACON& Tower with Radar,184,49,59,0,292,0,0,0,0,0,184,49,59,0,292,0,0,0,292
06/10/2021,CMH,OH,AGL,CE,Combined TRACON& Tower with Radar,196,49,63,2,310,0,2,2,0,4,196,51,65,2,314,0,0,0,314
06/11/2021,CMH,OH,AGL,CE,Combined TRACON& Tower with Radar,203,46,46,0,295,0,0,5,0,5,203,46,51,0,300,0,0,0,300
06/12/2021,CMH,OH,AGL,CE,Combined TRACON& Tower with Radar,196,28,14,0,238,0,0,10,0,10,196,28,24,0,248,6,0,6,254
06/13/2021,CMH,OH,AGL,CE,Combined TRACON& Tower with Radar,203,31,41,1,276,0,2,10,0,12,203,33,51,1,288,0,0,0,288
06/14/2021,CMH,OH,AGL,CE,Combined TRACON& Tower with Radar,204,46,37,0,287,0,0,11,0,11,204,46,48,0,298,0,0,0,298
06/15/2021,CMH,OH,AGL,CE,Combined TRACON& Tower with Radar,186,46,62,0,294,0,2,11,0,13,186,48,73,0,307,0,0,0,307
06/16/2021,CMH,OH,AGL,CE,Combined TRACON& Tower with Radar,180,46,62,0,288,0,1,21,0,22,180,47,83,0,310,0,0,0,310
06/17/2021,CMH,OH,AGL,CE,Combined TRACON& Tower with Radar,199,55,43,0,297,0,0,12,0,12,199,55,55,0,309,0,0,0,309
06/18/2021,CMH,OH,AGL,CE,Combined TRACON& Tower with Radar,202,51,42,0,295,0,4,1,0,5,202,55,43,0,300,0,0,0,300
06/19/2021,CMH,OH,AGL,CE,Combined TRACON& Tower with Radar,194,44,18,0,256,0,0,2,0,2,194,44,20,0,258,0,0,0,258
06/20/2021,CMH,OH,AGL,CE,Combined TRACON& Tower with Radar,202,32,30,4,268,0,0,3,0,3,202,32,33,4,271,0,0,0,271
06/21/2021,CMH,OH,AGL,CE,Combined TRACON& Tower with Radar,195,32,39,1,267,0,0,3,0,3,195,32,42,1,270,0,0,0,270
06/22/2021,CMH,OH,AGL,CE,Combined TRACON& Tower with Radar,185,32,62,3,282,0,2,7,2,11,185,34,69,5,293,0,0,0,293
06/23/2021,CMH,OH,AGL,CE,Combined TRACON& Tower with Radar,186,44,66,2,298,0,0,5,0,5,186,44,71,2,303,0,0,0,303
06/24/2021,CMH,OH,AGL,CE,Combined TRACON& Tower with Radar,197,31,68,0,296,0,2,12,1,15,197,33,80,1,311,0,0,0,311
06/25/2021,CMH,OH,AGL,CE,Combined TRACON& Tower with Radar,202,37,54,0,293,0,0,2,1,3,202,37,56,1,296,0,0,0,296
06/26/2021,CMH,OH,AGL,CE,Combined TRACON& Tower with Radar,192,32,19,0,243,0,0,6,0,6,192,32,25,0,249,0,0,0,249
06/27/2021,CMH,OH,AGL,CE,Combined TRACON& Tower with Radar,207,27,32,0,266,0,3,8,0,11,207,30,40,0,277,0,0,0,277
06/28/2021,CMH,OH,AGL,CE,Combined TRACON& Tower with Radar,200,32,45,1,278,0,0,6,1,7,200,32,51,2,285,0,0,0,285
06/29/2021,CMH,OH,AGL,CE,Combined TRACON& Tower with Radar,186,49,47,2,284,0,5,5,0,10,186,54,52,2,294,0,0,0,294
06/30/2021,CMH,OH,AGL,CE,Combined TRACON& Tower with Radar,180,54,55,0,289,0,0,2,0,2,180,54,57,0,291,0,0,0,291
07/01/2021,CMH,OH,AGL,CE,Combined TRACON& Tower with Radar,199,56,43,4,302,0,0,2,0,2,199,56,45,4,304,0,0,0,304
07/02/2021,CMH,OH,AGL,CE,Combined TRACON& Tower with Radar,189,44,42,1,276,0,0,5,0,5,189,44,47,1,281,0,0,0,281
07/03/2021,CMH,OH,AGL,CE,Combined TRACON& Tower with Radar,197,40,19,0,256,0,2,11,2,15,197,42,30,2,271,0,0,0,271
07/04/2021,CMH,OH,AGL,CE,Combined TRACON& Tower with Radar,184,27,12,0,223,0,0,15,4,19,184,27,27,4,242,6,0,6,248
07/05/2021,CMH,OH,AGL,CE,Combined TRACON& Tower with Radar,197,33,27,3,260,0,1,9,0,10,197,34,36,3,270,0,0,0,270
07/06/2021,CMH,OH,AGL,CE,Combined TRACON& Tower with Radar,187,38,36,0,261,0,4,19,3,26,187,42,55,3,287,0,0,0,287
07/07/2021,CMH,OH,AGL,CE,Combined TRACON& Tower with Radar,187,33,41,0,261,0,3,4,0,7,187,36,45,0,268,0,0,0,268
07/08/2021,CMH,OH,AGL,CE,Combined TRACON& Tower with Radar,199,55,50,0,304,0,0,0,0,0,199,55,50,0,304,0,0,0,304
07/09/2021,CMH,OH,AGL,CE,Combined TRACON& Tower with Radar,206,46,42,4,298,0,1,9,0,10,206,47,51,4,308,0,0,0,308
07/10/2021,CMH,OH,AGL,CE,Combined TRACON& Tower with Radar,203,36,30,0,269,0,0,4,0,4,203,36,34,0,273,0,0,0,273
07/11/2021,CMH,OH,AGL,CE,Combined TRACON& Tower with Radar,217,31,43,0,291,0,0,2,0,2,217,31,45,0,293,0,0,0,293
07/12/2021,CMH,OH,AGL,CE,Combined TRACON& Tower with Radar,194,44,67,2,307,0,0,6,0,6,194,44,73,2,313,0,0,0,313
07/13/2021,CMH,OH,AGL,CE,Combined TRACON& Tower with Radar,199,52,61,0,312,0,0,4,0,4,199,52,65,0,316,0,0,0,316
07/14/2021,CMH,OH,AGL,CE,Combined TRACON& Tower with Radar,192,43,71,3,309,0,1,10,0,11,192,44,81,3,320,0,0,0,320
07/15/2021,CMH,OH,AGL,CE,Combined TRACON& Tower with Radar,203,45,73,0,321,0,0,12,0,12,203,45,85,0,333,0,0,0,333
07/16/2021,CMH,OH,AGL,CE,Combined TRACON& Tower with Radar,208,42,46,0,296,0,0,9,0,9,208,42,55,0,305,0,0,0,305
07/17/2021,CMH,OH,AGL,CE,Combined TRACON& Tower with Radar,206,29,33,0,268,0,0,4,0,4,206,29,37,0,272,0,0,0,272
07/18/2021,CMH,OH,AGL,CE,Combined TRACON& Tower with Radar,213,43,36,0,292,0,0,6,0,6,213,43,42,0,298,0,0,0,298
07/19/2021,CMH,OH,AGL,CE,Combined TRACON& Tower with Radar,209,45,41,0,295,0,4,4,0,8,209,49,45,0,303,0,0,0,303
07/20/2021,CMH,OH,AGL,CE,Combined TRACON& Tower with Radar,201,46,55,0,302,0,0,9,0,9,201,46,64,0,311,0,0,0,311
07/21/2021,CMH,OH,AGL,CE,Combined TRACON& Tower with Radar,196,41,71,8,316,0,2,8,0,10,196,43,79,8,326,0,0,0,326
07/22/2021,CMH,OH,AGL,CE,Combined TRACON& Tower with Radar,199,43,66,0,308,0,3,19,0,22,199,46,85,0,330,0,0,0,330
07/23/2021,CMH,OH,AGL,CE,Combined TRACON& Tower with Radar,214,52,47,0,313,0,0,19,0,19,214,52,66,0,332,0,0,0,332
07/24/2021,CMH,OH,AGL,CE,Combined TRACON& Tower with Radar,206,31,33,0,270,0,2,8,0,10,206,33,41,0,280,0,0,0,280
07/25/2021,CMH,OH,AGL,CE,Combined TRACON& Tower with Radar,219,34,39,0,292,0,2,5,0,7,219,36,44,0,299,0,0,0,299
07/26/2021,CMH,OH,AGL,CE,Combined TRACON& Tower with Radar,205,32,51,0,288,0,5,12,2,19,205,37,63,2,307,0,0,0,307
07/27/2021,CMH,OH,AGL,CE,Combined TRACON& Tower with Radar,189,37,50,0,276,0,4,13,0,17,189,41,63,0,293,0,0,0,293
07/28/2021,CMH,OH,AGL,CE,Combined TRACON& Tower with Radar,191,42,67,2,302,0,3,14,0,17,191,45,81,2,319,0,0,0,319
07/29/2021,CMH,OH,AGL,CE,Combined TRACON& Tower with Radar,211,48,53,0,312,0,1,5,2,8,211,49,58,2,320,0,0,0,320
07/30/2021,CMH,OH,AGL,CE,Combined TRACON& Tower with Radar,210,43,45,0,298,0,1,8,0,9,210,44,53,0,307,0,0,0,307
07/31/2021,CMH,OH,AGL,CE,Combined TRACON& Tower with Radar,198,37,25,0,260,0,3,12,2,17,198,40,37,2,277,0,0,0,277
08/01/2021,CMH,OH,AGL,CE,Combined TRACON& Tower with Radar,208,39,32,0,279,0,0,9,1,10,208,39,41,1,289,0,0,0,289
08/02/2021,CMH,OH,AGL,CE,Combined TRACON& Tower with Radar,203,31,44,1,279,0,0,16,1,17,203,31,60,2,296,0,0,0,296
08/03/2021,CMH,OH,AGL,CE,Combined TRACON& Tower with Radar,176,35,47,1,259,0,4,9,0,13,176,39,56,1,272,0,0,0,272
08/04/2021,CMH,OH,AGL,CE,Combined TRACON& Tower with Radar,172,40,50,0,262,0,2,13,0,15,172,42,63,0,277,0,0,0,277
08/05/2021,CMH,OH,AGL,CE,Combined TRACON& Tower with Radar,194,34,52,6,286,0,2,13,0,15,194,36,65,6,301,0,0,0,301
08/06/2021,CMH,OH,AGL,CE,Combined TRACON& Tower with Radar,195,42,43,8,288,0,0,15,0,15,195,42,58,8,303,0,0,0,303
08/07/2021,CMH,OH,AGL,CE,Combined TRACON& Tower with Radar,192,46,20,2,260,0,0,10,2,12,192,46,30,4,272,0,0,0,272
08/08/2021,CMH,OH,AGL,CE,Combined TRACON& Tower with Radar,209,30,30,1,270,0,1,9,1,11,209,31,39,2,281,0,0,0,281
08/09/2021,CMH,OH,AGL,CE,Combined TRACON& Tower with Radar,199,35,52,0,286,0,0,9,1,10,199,35,61,1,296,0,0,0,296
08/10/2021,CMH,OH,AGL,CE,Combined TRACON& Tower with Radar,179,42,55,0,276,0,0,7,1,8,179,42,62,1,284,0,0,0,284
08/11/2021,CMH,OH,AGL,CE,Combined TRACON& Tower with Radar,189,54,48,3,294,0,2,3,0,5,189,56,51,3,299,0,0,0,299
08/12/2021,CMH,OH,AGL,CE,Combined TRACON& Tower with Radar,197,45,57,0,299,0,1,2,1,4,197,46,59,1,303,0,0,0,303
08/13/2021,CMH,OH,AGL,CE,Combined TRACON& Tower with Radar,208,35,39,0,282,0,0,1,0,1,208,35,40,0,283,0,0,0,283
08/14/2021,CMH,OH,AGL,CE,Combined TRACON& Tower with Radar,188,20,32,0,240,0,2,7,0,9,188,22,39,0,249,0,0,0,249
08/15/2021,CMH,OH,AGL,CE,Combined TRACON& Tower with Radar,209,32,37,0,278,0,1,6,0,7,209,33,43,0,285,0,0,0,285
08/16/2021,CMH,OH,AGL,CE,Combined TRACON& Tower with Radar,209,55,54,0,318,0,0,0,0,0,209,55,54,0,318,0,0,0,318
08/17/2021,CMH,OH,AGL,CE,Combined TRACON& Tower with Radar,185,38,54,0,277,0,0,0,0,0,185,38,54,0,277,0,0,0,277
08/18/2021,CMH,OH,AGL,CE,Combined TRACON& Tower with Radar,179,56,65,0,300,0,2,6,0,8,179,58,71,0,308,0,0,0,308
08/19/2021,CMH,OH,AGL,CE,Combined TRACON& Tower with Radar,213,42,61,0,316,0,0,6,0,6,213,42,67,0,322,0,0,0,322
08/20/2021,CMH,OH,AGL,CE,Combined TRACON& Tower with Radar,210,34,50,0,294,0,0,14,0,14,210,34,64,0,308,0,0,0,308
08/21/2021,CMH,OH,AGL,CE,Combined TRACON& Tower with Radar,191,28,42,0,261,0,3,17,1,21,191,31,59,1,282,0,0,0,282
08/22/2021,CMH,OH,AGL,CE,Combined TRACON& Tower with Radar,205,33,30,0,268,0,2,12,0,14,205,35,42,0,282,0,0,0,282
08/23/2021,CMH,OH,AGL,CE,Combined TRACON& Tower with Radar,205,47,53,0,305,0,3,10,0,13,205,50,63,0,318,0,0,0,318
08/24/2021,CMH,OH,AGL,CE,Combined TRACON& Tower with Radar,180,58,68,0,306,0,11,17,0,28,180,69,85,0,334,0,0,0,334
08/25/2021,CMH,OH,AGL,CE,Combined TRACON& Tower with Radar,180,47,61,0,288,0,2,7,0,9,180,49,68,0,297,0,0,0,297
08/26/2021,CMH,OH,AGL,CE,Combined TRACON& Tower with Radar,205,48,69,0,322,0,0,2,0,2,205,48,71,0,324,0,0,0,324
08/27/2021,CMH,OH,AGL,CE,Combined TRACON& Tower with Radar,208,42,44,0,294,0,0,8,0,8,208,42,52,0,302,0,0,0,302
08/28/2021,CMH,OH,AGL,CE,Combined TRACON& Tower with Radar,194,38,45,0,277,0,1,9,1,11,194,39,54,1,288,0,0,0,288
08/29/2021,CMH,OH,AGL,CE,Combined TRACON& Tower with Radar,209,32,37,0,278,0,0,11,0,11,209,32,48,0,289,0,0,0,289
08/30/2021,CMH,OH,AGL,CE,Combined TRACON& Tower with Radar,204,42,54,0,300,0,0,5,0,5,204,42,59,0,305,0,0,0,305
08/31/2021,CMH,OH,AGL,CE,Combined TRACON& Tower with Radar,179,43,51,1,274,0,0,0,0,0,179,43,51,1,274,0,0,0,274
09/01/2021,CMH,OH,AGL,CE,Combined TRACON& Tower with Radar,179,46,42,0,267,0,5,2,1,8,179,51,44,1,275,0,0,0,275
09/02/2021,CMH,OH,AGL,CE,Combined TRACON& Tower with Radar,203,52,53,0,308,0,0,9,0,9,203,52,62,0,317,0,0,0,317
09/03/2021,CMH,OH,AGL,CE,Combined TRACON& Tower with Radar,206,36,52,0,294,0,2,14,0,16,206,38,66,0,310,0,0,0,310
09/04/2021,CMH,OH,AGL,CE,Combined TRACON& Tower with Radar,194,40,26,0,260,0,0,8,0,8,194,40,34,0,268,0,0,0,268
09/05/2021,CMH,OH,AGL,CE,Combined TRACON& Tower with Radar,188,25,10,0,223,0,1,5,2,8,188,26,15,2,231,0,0,0,231
09/06/2021,CMH,OH,AGL,CE,Combined TRACON& Tower with Radar,190,44,36,0,270,0,3,11,0,14,190,47,47,0,284,0,0,0,284
09/07/2021,CMH,OH,AGL,CE,Combined TRACON& Tower with Radar,164,40,49,0,253,0,1,8,1,10,164,41,57,1,263,0,0,0,263
09/08/2021,CMH,OH,AGL,CE,Combined TRACON& Tower with Radar,169,49,50,0,268,0,3,5,1,9,169,52,55,1,277,0,0,0,277
09/09/2021,CMH,OH,AGL,CE,Combined TRACON& Tower with Radar,204,46,71,0,321,0,0,12,0,12,204,46,83,0,333,0,0,0,333
09/10/2021,CMH,OH,AGL,CE,Combined TRACON& Tower with Radar,206,58,52,0,316,0,8,11,0,19,206,66,63,0,335,0,0,0,335
09/11/2021,CMH,OH,AGL,CE,Combined TRACON& Tower with Radar,182,49,37,0,268,0,7,12,0,19,182,56,49,0,287,0,0,0,287
09/12/2021,CMH,OH,AGL,CE,Combined TRACON& Tower with Radar,211,54,44,0,309,0,0,13,0,13,211,54,57,0,322,0,0,0,322
09/13/2021,CMH,OH,AGL,CE,Combined TRACON& Tower with Radar,210,41,41,0,292,0,0,5,0,5,210,41,46,0,297,0,0,0,297
09/14/2021,CMH,OH,AGL,CE,Combined TRACON& Tower with Radar,165,52,57,0,274,0,2,4,0,6,165,54,61,0,280,0,0,0,280
09/15/2021,CMH,OH,AGL,CE,Combined TRACON& Tower with Radar,171,46,81,0,298,0,2,5,0,7,171,48,86,0,305,0,0,0,305
09/16/2021,CMH,OH,AGL,CE,Combined TRACON& Tower with Radar,210,44,48,0,302,0,4,10,0,14,210,48,58,0,316,0,0,0,316
09/17/2021,CMH,OH,AGL,CE,Combined TRACON& Tower with Radar,213,53,51,0,317,0,2,16,0,18,213,55,67,0,335,0,0,0,335
09/18/2021,CMH,OH,AGL,CE,Combined TRACON& Tower with Radar,182,40,28,0,250,0,0,13,2,15,182,40,41,2,265,0,0,0,265
09/19/2021,CMH,OH,AGL,CE,Combined TRACON& Tower with Radar,220,45,33,0,298,0,4,16,0,20,220,49,49,0,318,0,0,0,318
09/20/2021,CMH,OH,AGL,CE,Combined TRACON& Tower with Radar,213,39,29,0,281,0,4,8,0,12,213,43,37,0,293,0,0,0,293
09/21/2021,CMH,OH,AGL,CE,Combined TRACON& Tower with Radar,177,35,62,2,276,0,0,1,0,1,177,35,63,2,277,0,0,0,277
09/22/2021,CMH,OH,AGL,CE,Combined TRACON& Tower with Radar,180,46,57,0,283,0,0,0,0,0,180,46,57,0,283,0,0,0,283
09/23/2021,CMH,OH,AGL,CE,Combined TRACON& Tower with Radar,212,57,60,0,329,0,0,3,0,3,212,57,63,0,332,0,0,0,332
09/24/2021,CMH,OH,AGL,CE,Combined TRACON& Tower with Radar,216,47,36,0,299,0,4,34,0,38,216,51,70,0,337,0,0,0,337
09/25/2021,CMH,OH,AGL,CE,Combined TRACON& Tower with Radar,180,31,34,0,245,0,0,12,0,12,180,31,46,0,257,0,0,0,257
09/26/2021,CMH,OH,AGL,CE,Combined TRACON& Tower with Radar,213,55,37,0,305,0,2,13,0,15,213,57,50,0,320,0,0,0,320
09/27/2021,CMH,OH,AGL,CE,Combined TRACON& Tower with Radar,215,57,57,0,329,0,0,4,0,4,215,57,61,0,333,0,0,0,333
09/28/2021,CMH,OH,AGL,CE,Combined TRACON& Tower with Radar,177,55,71,0,303,0,4,5,1,10,177,59,76,1,313,0,0,0,313
09/29/2021,CMH,OH,AGL,CE,Combined TRACON& Tower with Radar,174,58,48,0,280,0,4,11,1,16,174,62,59,1,296,0,0,0,296
09/30/2021,CMH,OH,AGL,CE,Combined TRACON& Tower with Radar,204,46,63,0,313,0,6,25,0,31,204,52,88,0,344,0,0,0,344
10/01/2021,CMH,OH,AGL,CE,Combined TRACON& Tower with Radar,216,52,51,0,319,0,4,14,0,18,216,56,65,0,337,0,0,0,337
10/02/2021,CMH,OH,AGL,CE,Combined TRACON& Tower with Radar,183,35,25,0,243,0,0,13,0,13,183,35,38,0,256,0,0,0,256
10/03/2021,CMH,OH,AGL,CE,Combined TRACON& Tower with Radar,213,36,31,0,280,0,0,0,0,0,213,36,31,0,280,0,0,0,280
10/04/2021,CMH,OH,AGL,CE,Combined TRACON& Tower with Radar,207,50,53,0,310,0,3,4,0,7,207,53,57,0,317,0,0,0,317
10/05/2021,CMH,OH,AGL,CE,Combined TRACON& Tower with Radar,189,55,47,0,291,0,0,9,0,9,189,55,56,0,300,0,0,0,300
10/06/2021,CMH,OH,AGL,CE,Combined TRACON& Tower with Radar,178,65,82,2,327,0,0,11,2,13,178,65,93,4,340,0,0,0,340
10/07/2021,CMH,OH,AGL,CE,Combined TRACON& Tower with Radar,222,50,86,4,362,0,2,8,0,10,222,52,94,4,372,0,0,0,372
10/08/2021,CMH,OH,AGL,CE,Combined TRACON& Tower with Radar,212,67,55,8,342,0,0,11,2,13,212,67,66,10,355,0,0,0,355
10/09/2021,CMH,OH,AGL,CE,Combined TRACON& Tower with Radar,189,33,29,0,251,0,0,8,0,8,189,33,37,0,259,0,0,0,259
10/10/2021,CMH,OH,AGL,CE,Combined TRACON& Tower with Radar,202,52,37,0,291,0,3,6,1,10,202,55,43,1,301,0,0,0,301
10/11/2021,CMH,OH,AGL,CE,Combined TRACON& Tower with Radar,210,57,42,0,309,0,0,20,0,20,210,57,62,0,329,0,0,0,329
10/12/2021,CMH,OH,AGL,CE,Combined TRACON& Tower with Radar,187,48,48,0,283,0,1,7,0,8,187,49,55,0,291,0,0,0,291
10/13/2021,CMH,OH,AGL,CE,Combined TRACON& Tower with Radar,190,37,74,18,319,0,0,7,0,7,190,37,81,18,326,0,0,0,326
10/14/2021,CMH,OH,AGL,CE,Combined TRACON& Tower with Radar,222,55,90,0,367,0,3,6,0,9,222,58,96,0,376,0,0,0,376
10/15/2021,CMH,OH,AGL,CE,Combined TRACON& Tower with Radar,223,49,40,0,312,0,1,6,0,7,223,50,46,0,319,0,0,0,319
10/16/2021,CMH,OH,AGL,CE,Combined TRACON& Tower with Radar,191,38,29,0,258,0,0,5,0,5,191,38,34,0,263,0,0,0,263
10/17/2021,CMH,OH,AGL,CE,Combined TRACON& Tower with Radar,210,48,48,0,306,0,0,8,0,8,210,48,56,0,314,0,0,0,314
10/18/2021,CMH,OH,AGL,CE,Combined TRACON& Tower with Radar,221,55,50,0,326,0,2,11,0,13,221,57,61,0,339,0,0,0,339
10/19/2021,CMH,OH,AGL,CE,Combined TRACON& Tower with Radar,196,58,49,0,303,0,0,17,0,17,196,58,66,0,320,0,0,0,320
10/20/2021,CMH,OH,AGL,CE,Combined TRACON& Tower with Radar,191,51,54,1,297,0,0,13,1,14,191,51,67,2,311,0,0,0,311
10/21/2021,CMH,OH,AGL,CE,Combined TRACON& Tower with Radar,222,53,58,0,333,0,2,3,0,5,222,55,61,0,338,0,0,0,338
10/22/2021,CMH,OH,AGL,CE,Combined TRACON& Tower with Radar,222,46,51,0,319,0,2,2,0,4,222,48,53,0,323,0,0,0,323
10/23/2021,CMH,OH,AGL,CE,Combined TRACON& Tower with Radar,186,43,27,0,256,0,0,0,0,0,186,43,27,0,256,0,0,0,256
10/24/2021,CMH,OH,AGL,CE,Combined TRACON& Tower with Radar,209,45,27,0,281,0,0,1,0,1,209,45,28,0,282,0,0,0,282
10/25/2021,CMH,OH,AGL,CE,Combined TRACON& Tower with Radar,196,42,30,0,268,0,2,1,0,3,196,44,31,0,271,0,0,0,271
10/26/2021,CMH,OH,AGL,CE,Combined TRACON& Tower with Radar,198,47,55,4,304,0,1,7,0,8,198,48,62,4,312,0,0,0,312
10/27/2021,CMH,OH,AGL,CE,Combined TRACON& Tower with Radar,193,52,62,0,307,0,0,0,2,2,193,52,62,2,309,0,0,0,309
10/28/2021,CMH,OH,AGL,CE,Combined TRACON& Tower with Radar,213,60,63,0,336,0,0,15,0,15,213,60,78,0,351,0,0,0,351
10/29/2021,CMH,OH,AGL,CE,Combined TRACON& Tower with Radar,224,69,52,1,346,0,0,1,0,1,224,69,53,1,347,0,0,0,347
10/30/2021,CMH,OH,AGL,CE,Combined TRACON& Tower with Radar,176,42,33,0,251,0,0,0,0,0,176,42,33,0,251,0,0,0,251
10/31/2021,CMH,OH,AGL,CE,Combined TRACON& Tower with Radar,175,69,57,0,301,0,0,6,0,6,175,69,63,0,307,0,0,0,307
11/01/2021,CMH,OH,AGL,CE,Combined TRACON& Tower with Radar,193,60,52,3,308,0,2,18,0,20,193,62,70,3,328,0,0,0,328
11/02/2021,CMH,OH,AGL,CE,Combined TRACON& Tower with Radar,198,56,52,5,311,0,3,14,0,17,198,59,66,5,328,0,0,0,328
11/03/2021,CMH,OH,AGL,CE,Combined TRACON& Tower with Radar,204,67,56,0,327,0,3,18,0,21,204,70,74,0,348,0,0,0,348
11/04/2021,CMH,OH,AGL,CE,Combined TRACON& Tower with Radar,242,65,75,0,382,0,0,14,0,14,242,65,89,0,396,0,0,0,396
11/05/2021,CMH,OH,AGL,CE,Combined TRACON& Tower with Radar,234,65,51,5,355,0,1,12,0,13,234,66,63,5,368,0,0,0,368
11/06/2021,CMH,OH,AGL,CE,Combined TRACON& Tower with Radar,199,38,23,6,266,0,0,20,0,20,199,38,43,6,286,0,0,0,286
11/07/2021,CMH,OH,AGL,CE,Combined TRACON& Tower with Radar,220,48,47,0,315,0,2,21,0,23,220,50,68,0,338,0,0,0,338
11/08/2021,CMH,OH,AGL,CE,Combined TRACON& Tower with Radar,224,47,43,2,316,0,3,23,0,26,224,50,66,2,342,0,0,0,342
11/09/2021,CMH,OH,AGL,CE,Combined TRACON& Tower with Radar,207,44,63,0,314,0,0,16,0,16,207,44,79,0,330,0,0,0,330
11/10/2021,CMH,OH,AGL,CE,Combined TRACON& Tower with Radar,213,59,61,0,333,0,3,21,0,24,213,62,82,0,357,0,0,0,357
11/11/2021,CMH,OH,AGL,CE,Combined TRACON& Tower with Radar,227,48,57,1,333,0,1,1,0,2,227,49,58,1,335,0,0,0,335
11/12/2021,CMH,OH,AGL,CE,Combined TRACON& Tower with Radar,232,44,52,0,328,0,0,3,0,3,232,44,55,0,331,0,0,0,331
11/13/2021,CMH,OH,AGL,CE,Combined TRACON& Tower with Radar,185,35,27,1,248,0,0,1,1,2,185,35,28,2,250,0,0,0,250
11/14/2021,CMH,OH,AGL,CE,Combined TRACON& Tower with Radar,219,42,47,3,311,0,0,0,0,0,219,42,47,3,311,0,0,0,311
11/15/2021,CMH,OH,AGL,CE,Combined TRACON& Tower with Radar,228,44,56,0,328,0,0,10,0,10,228,44,66,0,338,0,0,0,338
11/16/2021,CMH,OH,AGL,CE,Combined TRACON& Tower with Radar,210,52,45,0,307,1,3,27,0,31,211,55,72,0,338,0,0,0,338
11/17/2021,CMH,OH,AGL,CE,Combined TRACON& Tower with Radar,221,59,65,2,347,0,0,4,0,4,221,59,69,2,351,0,0,0,351
11/18/2021,CMH,OH,AGL,CE,Combined TRACON& Tower with Radar,231,63,67,2,363,0,0,13,0,13,231,63,80,2,376,0,0,0,376
11/19/2021,CMH,OH,AGL,CE,Combined TRACON& Tower with Radar,241,52,60,3,356,0,0,14,0,14,241,52,74,3,370,0,0,0,370
11/20/2021,CMH,OH,AGL,CE,Combined TRACON& Tower with Radar,211,52,41,1,305,0,4,18,0,22,211,56,59,1,327,0,0,0,327
11/21/2021,CMH,OH,AGL,CE,Combined TRACON& Tower with Radar,232,29,41,0,302,0,0,0,0,0,232,29,41,0,302,0,0,0,302
11/22/2021,CMH,OH,AGL,CE,Combined TRACON& Tower with Radar,223,45,47,0,315,0,8,24,0,32,223,53,71,0,347,0,0,0,347
11/23/2021,CMH,OH,AGL,CE,Combined TRACON& Tower with Radar,255,53,61,2,371,0,2,29,0,31,255,55,90,2,402,0,0,0,402
11/24/2021,CMH,OH,AGL,CE,Combined TRACON& Tower with Radar,267,49,30,0,346,0,2,27,2,31,267,51,57,2,377,0,0,0,377
11/25/2021,CMH,OH,AGL,CE,Combined TRACON& Tower with Radar,135,24,3,0,162,0,0,0,0,0,135,24,3,0,162,0,0,0,162
11/26/2021,CMH,OH,AGL,CE,Combined TRACON& Tower with Radar,170,48,17,0,235,0,0,1,0,1,170,48,18,0,236,0,0,0,236
11/27/2021,CMH,OH,AGL,CE,Combined TRACON& Tower with Radar,229,55,31,0,315,0,2,8,0,10,229,57,39,0,325,0,0,0,325
11/28/2021,CMH,OH,AGL,CE,Combined TRACON& Tower with Radar,254,40,43,0,337,0,1,2,0,3,254,41,45,0,340,0,0,0,340
11/29/2021,CMH,OH,AGL,CE,Combined TRACON& Tower with Radar,260,44,52,0,356,0,2,17,0,19,260,46,69,0,375,0,0,0,375
11/30/2021,CMH,OH,AGL,CE,Combined TRACON& Tower with Radar,225,53,59,4,341,0,1,19,0,20,225,54,78,4,361,0,0,0,361
12/01/2021,CMH,OH,AGL,CE,Combined TRACON& Tower with Radar,224,59,61,1,345,0,0,7,0,7,224,59,68,1,352,0,0,0,352
12/02/2021,CMH,OH,AGL,CE,Combined TRACON& Tower with Radar,231,57,55,0,343,0,0,6,0,6,231,57,61,0,349,0,0,0,349
12/03/2021,CMH,OH,AGL,CE,Combined TRACON& Tower with Radar,237,49,23,3,312,0,1,20,0,21,237,50,43,3,333,0,0,0,333
12/04/2021,CMH,OH,AGL,CE,Combined TRACON& Tower with Radar,176,42,20,0,238,0,0,17,4,21,176,42,37,4,259,0,0,0,259
12/05/2021,CMH,OH,AGL,CE,Combined TRACON& Tower with Radar,222,43,24,0,289,0,0,10,0,10,222,43,34,0,299,0,0,0,299
12/06/2021,CMH,OH,AGL,CE,Combined TRACON& Tower with Radar,232,53,37,0,322,0,0,0,0,0,232,53,37,0,322,0,0,0,322
12/07/2021,CMH,OH,AGL,CE,Combined TRACON& Tower with Radar,199,53,67,0,319,0,0,15,0,15,199,53,82,0,334,0,0,0,334
12/08/2021,CMH,OH,AGL,CE,Combined TRACON& Tower with Radar,218,71,71,2,362,0,1,4,0,5,218,72,75,2,367,0,0,0,367
12/09/2021,CMH,OH,AGL,CE,Combined TRACON& Tower with Radar,226,58,64,0,348,0,0,9,0,9,226,58,73,0,357,0,0,0,357
12/10/2021,CMH,OH,AGL,CE,Combined TRACON& Tower with Radar,236,51,47,0,334,0,0,3,0,3,236,51,50,0,337,0,0,0,337
12/11/2021,CMH,OH,AGL,CE,Combined TRACON& Tower with Radar,171,37,14,0,222,0,0,1,0,1,171,37,15,0,223,0,0,0,223
12/12/2021,CMH,OH,AGL,CE,Combined TRACON& Tower with Radar,225,55,26,0,306,0,0,19,0,19,225,55,45,0,325,0,0,0,325
12/13/2021,CMH,OH,AGL,CE,Combined TRACON& Tower with Radar,233,60,55,0,348,0,1,18,0,19,233,61,73,0,367,0,0,0,367
12/14/2021,CMH,OH,AGL,CE,Combined TRACON& Tower with Radar,206,63,71,4,344,0,3,19,1,23,206,66,90,5,367,0,0,0,367
12/15/2021,CMH,OH,AGL,CE,Combined TRACON& Tower with Radar,213,67,53,0,333,0,0,11,0,11,213,67,64,0,344,0,0,0,344
12/16/2021,CMH,OH,AGL,CE,Combined TRACON& Tower with Radar,213,60,64,0,337,1,0,1,0,2,214,60,65,0,339,0,0,0,339
12/17/2021,CMH,OH,AGL,CE,Combined TRACON& Tower with Radar,236,55,43,0,334,0,2,16,0,18,236,57,59,0,352,0,0,0,352
12/18/2021,CMH,OH,AGL,CE,Combined TRACON& Tower with Radar,201,47,32,0,280,0,0,0,0,0,201,47,32,0,280,0,0,0,280
12/19/2021,CMH,OH,AGL,CE,Combined TRACON& Tower with Radar,214,37,22,0,273,0,0,2,0,2,214,37,24,0,275,0,0,0,275
12/20/2021,CMH,OH,AGL,CE,Combined TRACON& Tower with Radar,221,38,55,0,314,0,2,23,0,25,221,40,78,0,339,0,0,0,339
12/21/2021,CMH,OH,AGL,CE,Combined TRACON& Tower with Radar,214,47,44,0,305,0,0,11,0,11,214,47,55,0,316,0,0,0,316
12/22/2021,CMH,OH,AGL,CE,Combined TRACON& Tower with Radar,219,46,29,0,294,0,0,11,0,11,219,46,40,0,305,0,0,0,305
12/23/2021,CMH,OH,AGL,CE,Combined TRACON& Tower with Radar,232,37,24,0,293,0,0,9,0,9,232,37,33,0,302,0,0,0,302
12/24/2021,CMH,OH,AGL,CE,Combined TRACON& Tower with Radar,182,29,15,0,226,0,0,2,0,2,182,29,17,0,228,0,0,0,228
12/25/2021,CMH,OH,AGL,CE,Combined TRACON& Tower with Radar,167,39,4,0,210,0,0,0,0,0,167,39,4,0,210,0,0,0,210
12/26/2021,CMH,OH,AGL,CE,Combined TRACON& Tower with Radar,214,31,43,0,288,0,0,7,0,7,214,31,50,0,295,0,0,0,295
12/27/2021,CMH,OH,AGL,CE,Combined TRACON& Tower with Radar,215,38,39,0,292,0,0,2,0,2,215,38,41,0,294,0,0,0,294
12/28/2021,CMH,OH,AGL,CE,Combined TRACON& Tower with Radar,214,44,27,0,285,0,0,4,0,4,214,44,31,0,289,0,0,0,289
12/29/2021,CMH,OH,AGL,CE,Combined TRACON& Tower with Radar,226,30,24,0,280,0,0,0,0,0,226,30,24,0,280,0,0,0,280
12/30/2021,CMH,OH,AGL,CE,Combined TRACON& Tower with Radar,230,39,17,0,286,0,0,0,0,0,230,39,17,0,286,0,0,0,286
12/31/2021,CMH,OH,AGL,CE,Combined TRACON& Tower with Radar,172,33,3,0,208,1,0,2,0,3,173,33,5,0,211,0,0,0,211
01/01/2022,CMH,OH,AGL,CE,Combined TRACON& Tower with Radar,178,28,22,0,228,0,0,0,0,0,178,28,22,0,228,0,0,0,228
01/02/2022,CMH,OH,AGL,CE,Combined TRACON& Tower with Radar,224,40,37,0,301,0,0,0,0,0,224,40,37,0,301,0,0,0,301
01/03/2022,CMH,OH,AGL,CE,Combined TRACON& Tower with Radar,213,42,34,0,289,0,1,7,1,9,213,43,41,1,298,0,0,0,298
01/04/2022,CMH,OH,AGL,CE,Combined TRACON& Tower with Radar,204,29,30,0,263,0,2,13,1,16,204,31,43,1,279,0,0,0,279
01/05/2022,CMH,OH,AGL,CE,Combined TRACON& Tower with Radar,209,19,26,0,254,0,0,0,0,0,209,19,26,0,254,0,0,0,254
01/06/2022,CMH,OH,AGL,CE,Combined TRACON& Tower with Radar,211,36,41,0,288,0,0,2,0,2,211,36,43,0,290,0,0,0,290
01/07/2022,CMH,OH,AGL,CE,Combined TRACON& Tower with Radar,209,34,22,0,265,0,0,1,0,1,209,34,23,0,266,0,0,0,266
01/08/2022,CMH,OH,AGL,CE,Combined TRACON& Tower with Radar,177,27,14,0,218,0,1,9,0,10,177,28,23,0,228,0,0,0,228
01/09/2022,CMH,OH,AGL,CE,Combined TRACON& Tower with Radar,216,30,18,2,266,0,1,0,0,1,216,31,18,2,267,0,0,0,267
01/10/2022,CMH,OH,AGL,CE,Combined TRACON& Tower with Radar,225,39,34,2,300,0,0,4,0,4,225,39,38,2,304,0,0,0,304
01/11/2022,CMH,OH,AGL,CE,Combined TRACON& Tower with Radar,201,18,48,2,269,0,5,10,0,15,201,23,58,2,284,0,0,0,284
01/12/2022,CMH,OH,AGL,CE,Combined TRACON& Tower with Radar,213,37,33,0,283,0,0,9,0,9,213,37,42,0,292,0,0,0,292
01/13/2022,CMH,OH,AGL,CE,Combined TRACON& Tower with Radar,220,29,39,1,289,0,0,4,0,4,220,29,43,1,293,0,0,0,293
01/14/2022,CMH,OH,AGL,CE,Combined TRACON& Tower with Radar,224,34,36,1,295,0,0,0,0,0,224,34,36,1,295,0,0,0,295
01/15/2022,CMH,OH,AGL,CE,Combined TRACON& Tower with Radar,173,31,21,0,225,0,0,9,0,9,173,31,30,0,234,0,0,0,234
01/16/2022,CMH,OH,AGL,CE,Combined TRACON& Tower with Radar,154,32,16,1,203,0,1,7,0,8,154,33,23,1,211,0,0,0,211
01/17/2022,CMH,OH,AGL,CE,Combined TRACON& Tower with Radar,212,27,34,0,273,0,0,0,0,0,212,27,34,0,273,0,0,0,273
01/18/2022,CMH,OH,AGL,CE,Combined TRACON& Tower with Radar,211,34,27,1,273,0,0,3,0,3,211,34,30,1,276,0,0,0,276
01/19/2022,CMH,OH,AGL,CE,Combined TRACON& Tower with Radar,215,24,28,0,267,0,0,6,0,6,215,24,34,0,273,0,0,0,273
01/20/2022,CMH,OH,AGL,CE,Combined TRACON& Tower with Radar,213,28,35,2,278,0,0,7,1,8,213,28,42,3,286,0,0,0,286
01/21/2022,CMH,OH,AGL,CE,Combined TRACON& Tower with Radar,238,31,25,2,296,0,6,15,0,21,238,37,40,2,317,0,0,0,317
01/22/2022,CMH,OH,AGL,CE,Combined TRACON& Tower with Radar,164,27,15,0,206,1,6,14,2,23,165,33,29,2,229,0,0,0,229
01/23/2022,CMH,OH,AGL,CE,Combined TRACON& Tower with Radar,212,34,30,0,276,0,0,1,0,1,212,34,31,0,277,0,0,0,277
01/24/2022,CMH,OH,AGL,CE,Combined TRACON& Tower with Radar,234,40,31,0,305,0,2,1,0,3,234,42,32,0,308,0,0,0,308
01/25/2022,CMH,OH,AGL,CE,Combined TRACON& Tower with Radar,207,39,42,0,288,0,0,7,0,7,207,39,49,0,295,0,0,0,295
01/26/2022,CMH,OH,AGL,CE,Combined TRACON& Tower with Radar,212,32,70,0,314,0,2,9,1,12,212,34,79,1,326,0,0,0,326
01/27/2022,CMH,OH,AGL,CE,Combined TRACON& Tower with Radar,233,48,64,0,345,0,0,3,0,3,233,48,67,0,348,0,0,0,348
01/28/2022,CMH,OH,AGL,CE,Combined TRACON& Tower with Radar,238,27,33,0,298,0,0,0,0,0,238,27,33,0,298,0,0,0,298
01/29/2022,CMH,OH,AGL,CE,Combined TRACON& Tower with Radar,135,20,21,0,176,0,1,11,0,12,135,21,32,0,188,0,0,0,188
01/30/2022,CMH,OH,AGL,CE,Combined TRACON& Tower with Radar,203,33,29,0,265,0,0,7,0,7,203,33,36,0,272,0,0,0,272
01/31/2022,CMH,OH,AGL,CE,Combined TRACON& Tower with Radar,233,46,31,0,310,0,1,16,1,18,233,47,47,1,328,0,0,0,328
02/01/2022,CMH,OH,AGL,CE,Combined TRACON& Tower with Radar,201,52,50,0,303,0,0,14,0,14,201,52,64,0,317,0,0,0,317
02/02/2022,CMH,OH,AGL,CE,Combined TRACON& Tower with Radar,172,45,47,1,265,0,0,0,1,1,172,45,47,2,266,0,0,0,266
02/03/2022,CMH,OH,AGL,CE,Combined TRACON& Tower with Radar,12,15,2,0,29,0,0,0,0,0,12,15,2,0,29,0,0,0,29
02/04/2022,CMH,OH,AGL,CE,Combined TRACON& Tower with Radar,148,51,31,0,230,0,0,0,0,0,148,51,31,0,230,0,0,0,230
02/05/2022,CMH,OH,AGL,CE,Combined TRACON& Tower with Radar,170,41,12,0,223,0,0,4,0,4,170,41,16,0,227,0,0,0,227
02/06/2022,CMH,OH,AGL,CE,Combined TRACON& Tower with Radar,222,28,27,0,277,0,1,10,0,11,222,29,37,0,288,0,0,0,288
02/07/2022,CMH,OH,AGL,CE,Combined TRACON& Tower with Radar,235,33,33,0,301,0,0,4,0,4,235,33,37,0,305,0,0,0,305
02/08/2022,CMH,OH,AGL,CE,Combined TRACON& Tower with Radar,213,38,50,0,301,0,1,5,0,6,213,39,55,0,307,0,0,0,307
02/09/2022,CMH,OH,AGL,CE,Combined TRACON& Tower with Radar,204,49,56,0,309,0,0,4,0,4,204,49,60,0,313,0,0,0,313
02/10/2022,CMH,OH,AGL,CE,Combined TRACON& Tower with Radar,239,57,56,0,352,0,0,6,0,6,239,57,62,0,358,0,0,0,358
02/11/2022,CMH,OH,AGL,CE,Combined TRACON& Tower with Radar,239,44,51,0,334,0,0,1,0,1,239,44,52,0,335,0,0,0,335
02/12/2022,CMH,OH,AGL,CE,Combined TRACON& Tower with Radar,173,32,21,0,226,0,0,0,0,0,173,32,21,0,226,0,0,0,226
02/13/2022,CMH,OH,AGL,CE,Combined TRACON& Tower with Radar,206,46,24,0,276,0,0,2,0,2,206,46,26,0,278,0,0,0,278
02/14/2022,CMH,OH,AGL,CE,Combined TRACON& Tower with Radar,245,33,38,0,316,0,1,14,0,15,245,34,52,0,331,0,0,0,331
02/15/2022,CMH,OH,AGL,CE,Combined TRACON& Tower with Radar,213,36,36,0,285,0,0,16,0,16,213,36,52,0,301,0,0,0,301
02/16/2022,CMH,OH,AGL,CE,Combined TRACON& Tower with Radar,211,32,31,0,274,0,2,1,0,3,211,34,32,0,277,0,0,0,277
02/17/2022,CMH,OH,AGL,CE,Combined TRACON& Tower with Radar,218,38,62,2,320,0,0,0,0,0,218,38,62,2,320,0,0,0,320
02/18/2022,CMH,OH,AGL,CE,Combined TRACON& Tower with Radar,233,47,33,0,313,0,0,10,0,10,233,47,43,0,323,0,0,0,323
02/19/2022,CMH,OH,AGL,CE,Combined TRACON& Tower with Radar,189,33,16,0,238,0,1,7,0,8,189,34,23,0,246,0,0,0,246
02/20/2022,CMH,OH,AGL,CE,Combined TRACON& Tower with Radar,210,23,28,0,261,0,1,9,1,11,210,24,37,1,272,0,0,0,272
02/21/2022,CMH,OH,AGL,CE,Combined TRACON& Tower with Radar,243,58,52,0,353,0,3,18,0,21,243,61,70,0,374,0,0,0,374
02/22/2022,CMH,OH,AGL,CE,Combined TRACON& Tower with Radar,218,50,48,0,316,0,0,1,0,1,218,50,49,0,317,0,0,0,317
02/23/2022,CMH,OH,AGL,CE,Combined TRACON& Tower with Radar,213,46,48,2,309,0,0,2,0,2,213,46,50,2,311,0,0,0,311
02/24/2022,CMH,OH,AGL,CE,Combined TRACON& Tower with Radar,214,60,58,0,332,0,1,1,0,2,214,61,59,0,334,0,0,0,334
02/25/2022,CMH,OH,AGL,CE,Combined TRACON& Tower with Radar,226,54,42,1,323,0,1,0,0,1,226,55,42,1,324,0,0,0,324
02/26/2022,CMH,OH,AGL,CE,Combined TRACON& Tower with Radar,194,47,13,1,255,0,0,6,0,6,194,47,19,1,261,0,0,0,261
02/27/2022,CMH,OH,AGL,CE,Combined TRACON& Tower with Radar,229,31,31,0,291,0,2,22,1,25,229,33,53,1,316,0,0,0,316
02/28/2022,CMH,OH,AGL,CE,Combined TRACON& Tower with Radar,239,46,58,0,343,0,3,15,0,18,239,49,73,0,361,0,0,0,361
03/01/2022,CMH,OH,AGL,CE,Combined TRACON& Tower with Radar,226,49,48,0,323,0,0,13,0,13,226,49,61,0,336,0,0,0,336
03/02/2022,CMH,OH,AGL,CE,Combined TRACON& Tower with Radar,223,41,57,0,321,0,2,9,0,11,223,43,66,0,332,0,0,0,332
03/03/2022,CMH,OH,AGL,CE,Combined TRACON& Tower with Radar,232,44,72,0,348,0,2,9,0,11,232,46,81,0,359,0,0,0,359
03/04/2022,CMH,OH,AGL,CE,Combined TRACON& Tower with Radar,235,37,29,0,301,0,1,15,0,16,235,38,44,0,317,0,0,0,317
03/05/2022,CMH,OH,AGL,CE,Combined TRACON& Tower with Radar,197,35,18,0,250,0,2,8,0,10,197,37,26,0,260,0,0,0,260
03/06/2022,CMH,OH,AGL,CE,Combined TRACON& Tower with Radar,218,50,25,0,293,0,2,6,0,8,218,52,31,0,301,0,0,0,301
03/07/2022,CMH,OH,AGL,CE,Combined TRACON& Tower with Radar,221,26,30,0,277,0,0,0,0,0,221,26,30,0,277,0,0,0,277
03/08/2022,CMH,OH,AGL,CE,Combined TRACON& Tower with Radar,210,40,43,0,293,0,0,12,0,12,210,40,55,0,305,0,0,0,305
03/09/2022,CMH,OH,AGL,CE,Combined TRACON& Tower with Radar,196,56,59,0,311,0,0,9,0,9,196,56,68,0,320,0,0,0,320
03/10/2022,CMH,OH,AGL,CE,Combined TRACON& Tower with Radar,231,53,47,0,331,0,0,14,0,14,231,53,61,0,345,0,0,0,345
03/11/2022,CMH,OH,AGL,CE,Combined TRACON& Tower with Radar,244,38,45,2,329,0,0,1,0,1,244,38,46,2,330,0,0,0,330
03/12/2022,CMH,OH,AGL,CE,Combined TRACON& Tower with Radar,200,39,24,0,263,0,0,0,0,0,200,39,24,0,263,0,0,0,263
03/13/2022,CMH,OH,AGL,CE,Combined TRACON& Tower with Radar,209,18,32,0,259,0,0,7,0,7,209,18,39,0,266,0,0,0,266
03/14/2022,CMH,OH,AGL,CE,Combined TRACON& Tower with Radar,234,37,47,0,318,0,2,10,0,12,234,39,57,0,330,0,0,0,330
03/15/2022,CMH,OH,AGL,CE,Combined TRACON& Tower with Radar,214,47,47,0,308,0,0,9,0,9,214,47,56,0,317,0,0,0,317
03/16/2022,CMH,OH,AGL,CE,Combined TRACON& Tower with Radar,216,46,65,4,331,0,2,21,0,23,216,48,86,4,354,0,0,0,354
03/17/2022,CMH,OH,AGL,CE,Combined TRACON& Tower with Radar,229,45,55,0,329,0,0,13,0,13,229,45,68,0,342,0,0,0,342
03/18/2022,CMH,OH,AGL,CE,Combined TRACON& Tower with Radar,238,54,49,0,341,0,0,6,0,6,238,54,55,0,347,0,0,0,347
03/19/2022,CMH,OH,AGL,CE,Combined TRACON& Tower with Radar,228,38,25,0,291,0,0,1,0,1,228,38,26,0,292,0,0,0,292
03/20/2022,CMH,OH,AGL,CE,Combined TRACON& Tower with Radar,232,43,41,0,316,0,1,13,0,14,232,44,54,0,330,0,0,0,330
03/21/2022,CMH,OH,AGL,CE,Combined TRACON& Tower with Radar,240,42,48,0,330,0,1,11,0,12,240,43,59,0,342,0,0,0,342
03/22/2022,CMH,OH,AGL,CE,Combined TRACON& Tower with Radar,214,33,57,4,308,0,0,7,2,9,214,33,64,6,317,0,0,0,317
03/23/2022,CMH,OH,AGL,CE,Combined TRACON& Tower with Radar,222,49,50,0,321,0,0,6,0,6,222,49,56,0,327,0,0,0,327
03/24/2022,CMH,OH,AGL,CE,Combined TRACON& Tower with Radar,231,49,45,0,325,0,2,5,0,7,231,51,50,0,332,0,0,0,332
03/25/2022,CMH,OH,AGL,CE,Combined TRACON& Tower with Radar,244,48,39,0,331,0,0,1,0,1,244,48,40,0,332,0,0,0,332
03/26/2022,CMH,OH,AGL,CE,Combined TRACON& Tower with Radar,229,36,28,0,293,0,0,0,1,1,229,36,28,1,294,0,0,0,294
03/27/2022,CMH,OH,AGL,CE,Combined TRACON& Tower with Radar,226,40,28,0,294,0,0,5,1,6,226,40,33,1,300,0,0,0,300
03/28/2022,CMH,OH,AGL,CE,Combined TRACON& Tower with Radar,244,36,22,2,304,0,1,8,0,9,244,37,30,2,313,0,0,0,313
03/29/2022,CMH,OH,AGL,CE,Combined TRACON& Tower with Radar,213,39,57,0,309,0,3,18,0,21,213,42,75,0,330,0,0,0,330
03/30/2022,CMH,OH,AGL,CE,Combined TRACON& Tower with Radar,215,36,54,0,305,0,0,1,0,1,215,36,55,0,306,0,0,0,306
03/31/2022,CMH,OH,AGL,CE,Combined TRACON& Tower with Radar,221,32,58,3,314,0,0,0,0,0,221,32,58,3,314,0,0,0,314
04/01/2022,CMH,OH,AGL,CE,Combined TRACON& Tower with Radar,229,41,36,0,306,0,0,5,0,5,229,41,41,0,311,0,0,0,311
04/02/2022,CMH,OH,AGL,CE,Combined TRACON& Tower with Radar,198,36,29,0,263,0,2,7,0,9,198,38,36,0,272,0,0,0,272
04/03/2022,CMH,OH,AGL,CE,Combined TRACON& Tower with Radar,207,56,55,0,318,0,0,7,0,7,207,56,62,0,325,0,0,0,325
04/04/2022,CMH,OH,AGL,CE,Combined TRACON& Tower with Radar,235,39,50,0,324,0,0,13,0,13,235,39,63,0,337,0,0,0,337
04/05/2022,CMH,OH,AGL,CE,Combined TRACON& Tower with Radar,216,40,52,0,308,0,0,3,0,3,216,40,55,0,311,0,0,0,311
04/06/2022,CMH,OH,AGL,CE,Combined TRACON& Tower with Radar,226,49,60,2,337,0,0,0,0,0,226,49,60,2,337,0,0,0,337
04/07/2022,CMH,OH,AGL,CE,Combined TRACON& Tower with Radar,214,51,62,5,332,0,0,7,0,7,214,51,69,5,339,0,0,0,339
04/08/2022,CMH,OH,AGL,CE,Combined TRACON& Tower with Radar,233,46,62,3,344,0,0,4,0,4,233,46,66,3,348,0,0,0,348
04/09/2022,CMH,OH,AGL,CE,Combined TRACON& Tower with Radar,190,40,25,0,255,0,0,1,0,1,190,40,26,0,256,0,0,0,256
04/10/2022,CMH,OH,AGL,CE,Combined TRACON& Tower with Radar,208,36,38,1,283,0,3,22,0,25,208,39,60,1,308,0,0,0,308
04/11/2022,CMH,OH,AGL,CE,Combined TRACON& Tower with Radar,234,46,38,3,321,0,0,5,0,5,234,46,43,3,326,0,0,0,326
04/12/2022,CMH,OH,AGL,CE,Combined TRACON& Tower with Radar,220,54,68,0,342,0,0,9,2,11,220,54,77,2,353,0,0,0,353
04/13/2022,CMH,OH,AGL,CE,Combined TRACON& Tower with Radar,220,40,42,0,302,0,0,6,0,6,220,40,48,0,308,0,0,0,308
04/14/2022,CMH,OH,AGL,CE,Combined TRACON& Tower with Radar,218,41,54,2,315,0,1,5,1,7,218,42,59,3,322,0,0,0,322
04/15/2022,CMH,OH,AGL,CE,Combined TRACON& Tower with Radar,239,22,45,1,307,0,0,5,0,5,239,22,50,1,312,0,0,0,312
04/16/2022,CMH,OH,AGL,CE,Combined TRACON& Tower with Radar,187,35,18,0,240,0,0,5,0,5,187,35,23,0,245,0,0,0,245
04/17/2022,CMH,OH,AGL,CE,Combined TRACON& Tower with Radar,204,38,19,0,261,0,0,22,0,22,204,38,41,0,283,0,0,0,283
04/18/2022,CMH,OH,AGL,CE,Combined TRACON& Tower with Radar,233,40,56,0,329,0,0,0,0,0,233,40,56,0,329,0,0,0,329
04/19/2022,CMH,OH,AGL,CE,Combined TRACON& Tower with Radar,222,63,51,0,336,0,0,7,0,7,222,63,58,0,343,0,0,0,343
04/20/2022,CMH,OH,AGL,CE,Combined TRACON& Tower with Radar,230,54,62,0,346,0,0,13,0,13,230,54,75,0,359,0,0,0,359
04/21/2022,CMH,OH,AGL,CE,Combined TRACON& Tower with Radar,227,38,59,0,324,0,0,3,0,3,227,38,62,0,327,0,0,0,327
04/22/2022,CMH,OH,AGL,CE,Combined TRACON& Tower with Radar,242,48,56,0,346,0,0,9,0,9,242,48,65,0,355,0,0,0,355
04/23/2022,CMH,OH,AGL,CE,Combined TRACON& Tower with Radar,186,40,27,0,253,0,1,12,0,13,186,41,39,0,266,0,0,0,266
04/24/2022,CMH,OH,AGL,CE,Combined TRACON& Tower with Radar,217,41,45,0,303,0,2,22,2,26,217,43,67,2,329,0,0,0,329
04/25/2022,CMH,OH,AGL,CE,Combined TRACON& Tower with Radar,242,37,56,0,335,0,3,3,0,6,242,40,59,0,341,0,0,0,341
04/26/2022,CMH,OH,AGL,CE,Combined TRACON& Tower with Radar,230,43,70,0,343,0,2,11,0,13,230,45,81,0,356,0,0,0,356
04/27/2022,CMH,OH,AGL,CE,Combined TRACON& Tower with Radar,227,39,71,2,339,1,2,18,0,21,228,41,89,2,360,0,0,0,360
04/28/2022,CMH,OH,AGL,CE,Combined TRACON& Tower with Radar,235,44,66,2,347,0,1,23,0,24,235,45,89,2,371,0,0,0,371
04/29/2022,CMH,OH,AGL,CE,Combined TRACON& Tower with Radar,235,41,49,3,328,0,0,16,0,16,235,41,65,3,344,0,0,0,344
04/30/2022,CMH,OH,AGL,CE,Combined TRACON& Tower with Radar,190,37,21,0,248,0,2,6,0,8,190,39,27,0,256,0,0,0,256
05/01/2022,CMH,OH,AGL,CE,Combined TRACON& Tower with Radar,224,37,45,0,306,0,2,8,0,10,224,39,53,0,316,0,0,0,316
05/02/2022,CMH,OH,AGL,CE,Combined TRACON& Tower with Radar,226,38,50,1,315,0,3,16,0,19,226,41,66,1,334,0,0,0,334
05/03/2022,CMH,OH,AGL,CE,Combined TRACON& Tower with Radar,229,46,42,0,317,0,0,4,0,4,229,46,46,0,321,0,0,0,321
05/04/2022,CMH,OH,AGL,CE,Combined TRACON& Tower with Radar,220,57,64,0,341,0,0,0,0,0,220,57,64,0,341,0,0,0,341
05/05/2022,CMH,OH,AGL,CE,Combined TRACON& Tower with Radar,229,55,71,2,357,0,0,1,0,1,229,55,72,2,358,0,0,0,358
05/06/2022,CMH,OH,AGL,CE,Combined TRACON& Tower with Radar,235,58,24,0,317,0,0,0,0,0,235,58,24,0,317,0,0,0,317
05/07/2022,CMH,OH,AGL,CE,Combined TRACON& Tower with Radar,189,40,23,0,252,0,0,11,0,11,189,40,34,0,263,0,0,0,263
05/08/2022,CMH,OH,AGL,CE,Combined TRACON& Tower with Radar,215,60,21,0,296,0,2,11,0,13,215,62,32,0,309,0,0,0,309
05/09/2022,CMH,OH,AGL,CE,Combined TRACON& Tower with Radar,240,58,43,0,341,0,0,16,0,16,240,58,59,0,357,0,0,0,357
05/10/2022,CMH,OH,AGL,CE,Combined TRACON& Tower with Radar,220,61,59,0,340,0,2,11,0,13,220,63,70,0,353,0,0,0,353
05/11/2022,CMH,OH,AGL,CE,Combined TRACON& Tower with Radar,213,54,70,0,337,0,0,11,0,11,213,54,81,0,348,0,0,0,348
05/12/2022,CMH,OH,AGL,CE,Combined TRACON& Tower with Radar,237,51,62,0,350,0,0,8,0,8,237,51,70,0,358,0,0,0,358
05/13/2022,CMH,OH,AGL,CE,Combined TRACON& Tower with Radar,230,47,46,0,323,0,5,15,0,20,230,52,61,0,343,0,0,0,343
05/14/2022,CMH,OH,AGL,CE,Combined TRACON& Tower with Radar,185,45,21,0,251,0,2,7,0,9,185,47,28,0,260,0,0,0,260
05/15/2022,CMH,OH,AGL,CE,Combined TRACON& Tower with Radar,216,61,37,0,314,0,2,12,0,14,216,63,49,0,328,0,0,0,328
05/16/2022,CMH,OH,AGL,CE,Combined TRACON& Tower with Radar,224,57,58,0,339,0,0,4,0,4,224,57,62,0,343,0,0,0,343
05/17/2022,CMH,OH,AGL,CE,Combined TRACON& Tower with Radar,212,72,65,0,349,0,0,16,0,16,212,72,81,0,365,0,0,0,365
05/18/2022,CMH,OH,AGL,CE,Combined TRACON& Tower with Radar,216,70,79,0,365,0,0,13,0,13,216,70,92,0,378,0,0,0,378
05/19/2022,CMH,OH,AGL,CE,Combined TRACON& Tower with Radar,233,51,61,3,348,0,0,7,0,7,233,51,68,3,355,0,0,0,355
05/20/2022,CMH,OH,AGL,CE,Combined TRACON& Tower with Radar,226,44,44,4,318,0,0,6,0,6,226,44,50,4,324,0,0,0,324
05/21/2022,CMH,OH,AGL,CE,Combined TRACON& Tower with Radar,177,38,32,1,248,0,1,4,0,5,177,39,36,1,253,0,0,0,253
05/22/2022,CMH,OH,AGL,CE,Combined TRACON& Tower with Radar,201,61,43,4,309,0,0,3,0,3,201,61,46,4,312,0,0,0,312
05/23/2022,CMH,OH,AGL,CE,Combined TRACON& Tower with Radar,229,60,37,0,326,0,1,7,0,8,229,61,44,0,334,0,0,0,334
05/24/2022,CMH,OH,AGL,CE,Combined TRACON& Tower with Radar,222,63,60,0,345,0,0,5,0,5,222,63,65,0,350,0,0,0,350
05/25/2022,CMH,OH,AGL,CE,Combined TRACON& Tower with Radar,215,61,57,0,333,0,2,8,0,10,215,63,65,0,343,0,0,0,343
05/26/2022,CMH,OH,AGL,CE,Combined TRACON& Tower with Radar,237,45,61,0,343,0,0,1,0,1,237,45,62,0,344,0,0,0,344
05/27/2022,CMH,OH,AGL,CE,Combined TRACON& Tower with Radar,240,45,31,0,316,0,0,4,0,4,240,45,35,0,320,0,0,0,320
05/28/2022,CMH,OH,AGL,CE,Combined TRACON& Tower with Radar,186,50,27,0,263,0,0,9,0,9,186,50,36,0,272,0,0,0,272
05/29/2022,CMH,OH,AGL,CE,Combined TRACON& Tower with Radar,222,33,8,0,263,0,1,13,0,14,222,34,21,0,277,0,0,0,277
05/30/2022,CMH,OH,AGL,CE,Combined TRACON& Tower with Radar,245,51,29,0,325,0,0,8,2,10,245,51,37,2,335,0,0,0,335
05/31/2022,CMH,OH,AGL,CE,Combined TRACON& Tower with Radar,219,42,41,0,302,0,4,8,0,12,219,46,49,0,314,0,0,0,314
06/01/2022,CMH,OH,AGL,CE,Combined TRACON& Tower with Radar,203,56,54,0,313,0,1,7,1,9,203,57,61,1,322,0,0,0,322
06/02/2022,CMH,OH,AGL,CE,Combined TRACON& Tower with Radar,231,48,70,2,351,0,0,3,0,3,231,48,73,2,354,0,0,0,354
06/03/2022,CMH,OH,AGL,CE,Combined TRACON& Tower with Radar,217,59,40,2,318,0,0,17,0,17,217,59,57,2,335,0,0,0,335
06/04/2022,CMH,OH,AGL,CE,Combined TRACON& Tower with Radar,188,51,24,6,269,0,7,15,0,22,188,58,39,6,291,0,0,0,291
06/05/2022,CMH,OH,AGL,CE,Combined TRACON& Tower with Radar,224,43,25,0,292,0,0,9,0,9,224,43,34,0,301,0,0,0,301
06/06/2022,CMH,OH,AGL,CE,Combined TRACON& Tower with Radar,231,50,43,0,324,0,0,9,1,10,231,50,52,1,334,0,0,0,334
06/07/2022,CMH,OH,AGL,CE,Combined TRACON& Tower with Radar,220,50,37,0,307,0,0,3,1,4,220,50,40,1,311,0,0,0,311
06/08/2022,CMH,OH,AGL,CE,Combined TRACON& Tower with Radar,221,44,44,1,310,0,1,7,0,8,221,45,51,1,318,0,0,0,318
06/09/2022,CMH,OH,AGL,CE,Combined TRACON& Tower with Radar,201,49,32,1,283,1,2,18,0,21,202,51,50,1,304,0,0,0,304
06/10/2022,CMH,OH,AGL,CE,Combined TRACON& Tower with Radar,234,43,53,0,330,0,2,8,1,11,234,45,61,1,341,0,0,0,341
06/11/2022,CMH,OH,AGL,CE,Combined TRACON& Tower with Radar,205,47,14,0,266,0,0,9,0,9,205,47,23,0,275,0,0,0,275
06/12/2022,CMH,OH,AGL,CE,Combined TRACON& Tower with Radar,224,50,45,6,325,0,0,10,0,10,224,50,55,6,335,0,0,0,335
06/13/2022,CMH,OH,AGL,CE,Combined TRACON& Tower with Radar,230,47,43,0,320,0,0,6,0,6,230,47,49,0,326,0,0,0,326
06/14/2022,CMH,OH,AGL,CE,Combined TRACON& Tower with Radar,235,50,65,0,350,0,0,12,0,12,235,50,77,0,362,0,0,0,362
06/15/2022,CMH,OH,AGL,CE,Combined TRACON& Tower with Radar,217,71,72,0,360,0,3,16,0,19,217,74,88,0,379,0,0,0,379
06/16/2022,CMH,OH,AGL,CE,Combined TRACON& Tower with Radar,207,53,54,0,314,0,0,4,0,4,207,53,58,0,318,0,0,0,318
06/17/2022,CMH,OH,AGL,CE,Combined TRACON& Tower with Radar,239,47,57,0,343,0,1,19,0,20,239,48,76,0,363,0,0,0,363
06/18/2022,CMH,OH,AGL,CE,Combined TRACON& Tower with Radar,203,30,14,0,247,0,1,8,1,10,203,31,22,1,257,0,0,0,257
06/19/2022,CMH,OH,AGL,CE,Combined TRACON& Tower with Radar,227,42,29,0,298,0,2,13,1,16,227,44,42,1,314,0,0,0,314
06/20/2022,CMH,OH,AGL,CE,Combined TRACON& Tower with Radar,230,45,52,0,327,0,2,11,0,13,230,47,63,0,340,0,0,0,340
06/21/2022,CMH,OH,AGL,CE,Combined TRACON& Tower with Radar,225,56,54,0,335,0,1,11,0,12,225,57,65,0,347,0,0,0,347
06/22/2022,CMH,OH,AGL,CE,Combined TRACON& Tower with Radar,202,38,54,0,294,0,1,9,0,10,202,39,63,0,304,0,0,0,304
06/23/2022,CMH,OH,AGL,CE,Combined TRACON& Tower with Radar,228,64,61,4,357,0,5,13,0,18,228,69,74,4,375,0,0,0,375
06/24/2022,CMH,OH,AGL,CE,Combined TRACON& Tower with Radar,229,61,47,0,337,0,4,10,0,14,229,65,57,0,351,0,0,0,351
06/25/2022,CMH,OH,AGL,CE,Combined TRACON& Tower with Radar,200,34,25,1,260,0,4,14,2,20,200,38,39,3,280,0,0,0,280
06/26/2022,CMH,OH,AGL,CE,Combined TRACON& Tower with Radar,217,64,32,4,317,0,0,8,1,9,217,64,40,5,326,0,0,0,326
06/27/2022,CMH,OH,AGL,CE,Combined TRACON& Tower with Radar,220,48,44,0,312,0,0,4,0,4,220,48,48,0,316,0,0,0,316
06/28/2022,CMH,OH,AGL,CE,Combined TRACON& Tower with Radar,225,60,56,8,349,0,0,15,0,15,225,60,71,8,364,0,0,0,364
06/29/2022,CMH,OH,AGL,CE,Combined TRACON& Tower with Radar,215,38,55,1,309,0,5,19,0,24,215,43,74,1,333,0,0,0,333
06/30/2022,CMH,OH,AGL,CE,Combined TRACON& Tower with Radar,232,55,55,0,342,0,1,16,1,18,232,56,71,1,360,0,0,0,360
07/01/2022,CMH,OH,AGL,CE,Combined TRACON& Tower with Radar,230,41,39,0,310,0,0,10,0,10,230,41,49,0,320,0,0,0,320
07/02/2022,CMH,OH,AGL,CE,Combined TRACON& Tower with Radar,204,35,16,1,256,0,2,11,2,15,204,37,27,3,271,0,0,0,271
07/03/2022,CMH,OH,AGL,CE,Combined TRACON& Tower with Radar,201,20,8,0,229,0,0,12,0,12,201,20,20,0,241,0,0,0,241
07/04/2022,CMH,OH,AGL,CE,Combined TRACON& Tower with Radar,218,33,9,0,260,0,0,4,0,4,218,33,13,0,264,0,0,0,264
07/05/2022,CMH,OH,AGL,CE,Combined TRACON& Tower with Radar,211,35,35,0,281,0,0,3,0,3,211,35,38,0,284,0,0,0,284
07/06/2022,CMH,OH,AGL,CE,Combined TRACON& Tower with Radar,211,38,42,0,291,0,0,3,0,3,211,38,45,0,294,0,0,0,294
07/07/2022,CMH,OH,AGL,CE,Combined TRACON& Tower with Radar,227,44,51,0,322,0,0,14,1,15,227,44,65,1,337,0,0,0,337
07/08/2022,CMH,OH,AGL,CE,Combined TRACON& Tower with Radar,225,37,41,0,303,0,0,2,0,2,225,37,43,0,305,0,0,0,305
07/09/2022,CMH,OH,AGL,CE,Combined TRACON& Tower with Radar,200,25,36,0,261,0,2,8,0,10,200,27,44,0,271,0,0,0,271
07/10/2022,CMH,OH,AGL,CE,Combined TRACON& Tower with Radar,218,38,54,0,310,0,0,23,0,23,218,38,77,0,333,0,0,0,333
07/11/2022,CMH,OH,AGL,CE,Combined TRACON& Tower with Radar,225,45,44,0,314,0,2,14,0,16,225,47,58,0,330,0,0,0,330
07/12/2022,CMH,OH,AGL,CE,Combined TRACON& Tower with Radar,202,50,57,0,309,0,0,13,0,13,202,50,70,0,322,0,0,0,322
07/13/2022,CMH,OH,AGL,CE,Combined TRACON& Tower with Radar,215,50,48,0,313,0,1,13,0,14,215,51,61,0,327,0,0,0,327
07/14/2022,CMH,OH,AGL,CE,Combined TRACON& Tower with Radar,225,54,66,0,345,0,5,10,0,15,225,59,76,0,360,0,0,0,360
07/15/2022,CMH,OH,AGL,CE,Combined TRACON& Tower with Radar,229,54,48,1,332,0,0,10,0,10,229,54,58,1,342,0,0,0,342
07/16/2022,CMH,OH,AGL,CE,Combined TRACON& Tower with Radar,191,27,22,0,240,0,0,7,0,7,191,27,29,0,247,0,0,0,247
07/17/2022,CMH,OH,AGL,CE,Combined TRACON& Tower with Radar,216,69,38,1,324,0,0,2,0,2,216,69,40,1,326,0,0,0,326
07/18/2022,CMH,OH,AGL,CE,Combined TRACON& Tower with Radar,211,64,75,6,356,0,0,7,0,7,211,64,82,6,363,0,0,0,363
07/19/2022,CMH,OH,AGL,CE,Combined TRACON& Tower with Radar,212,47,54,2,315,0,3,17,0,20,212,50,71,2,335,0,0,0,335
07/20/2022,CMH,OH,AGL,CE,Combined TRACON& Tower with Radar,209,54,57,0,320,0,1,8,0,9,209,55,65,0,329,0,0,0,329
07/21/2022,CMH,OH,AGL,CE,Combined TRACON& Tower with Radar,220,52,56,0,328,0,2,10,0,12,220,54,66,0,340,0,0,0,340
07/22/2022,CMH,OH,AGL,CE,Combined TRACON& Tower with Radar,237,42,31,2,312,0,3,11,0,14,237,45,42,2,326,0,0,0,326
07/23/2022,CMH,OH,AGL,CE,Combined TRACON& Tower with Radar,199,31,29,0,259,0,0,7,0,7,199,31,36,0,266,0,0,0,266
07/24/2022,CMH,OH,AGL,CE,Combined TRACON& Tower with Radar,209,46,34,0,289,0,2,6,0,8,209,48,40,0,297,0,0,0,297
07/25/2022,CMH,OH,AGL,CE,Combined TRACON& Tower with Radar,210,38,41,0,289,0,0,1,0,1,210,38,42,0,290,0,0,0,290
07/26/2022,CMH,OH,AGL,CE,Combined TRACON& Tower with Radar,205,44,49,0,298,0,0,4,0,4,205,44,53,0,302,0,0,0,302
07/27/2022,CMH,OH,AGL,CE,Combined TRACON& Tower with Radar,209,65,56,0,330,0,0,0,0,0,209,65,56,0,330,0,0,0,330
07/28/2022,CMH,OH,AGL,CE,Combined TRACON& Tower with Radar,225,57,50,3,335,0,4,13,0,17,225,61,63,3,352,0,0,0,352
07/29/2022,CMH,OH,AGL,CE,Combined TRACON& Tower with Radar,225,56,38,3,322,0,0,11,1,12,225,56,49,4,334,0,0,0,334
07/30/2022,CMH,OH,AGL,CE,Combined TRACON& Tower with Radar,194,30,22,6,252,0,0,17,0,17,194,30,39,6,269,0,0,0,269
07/31/2022,CMH,OH,AGL,CE,Combined TRACON& Tower with Radar,218,61,32,1,312,0,0,17,0,17,218,61,49,1,329,0,0,0,329
08/01/2022,CMH,OH,AGL,CE,Combined TRACON& Tower with Radar,226,53,40,0,319,0,1,5,0,6,226,54,45,0,325,0,0,0,325
08/02/2022,CMH,OH,AGL,CE,Combined TRACON& Tower with Radar,220,37,62,0,319,0,2,7,0,9,220,39,69,0,328,0,0,0,328
08/03/2022,CMH,OH,AGL,CE,Combined TRACON& Tower with Radar,212,50,62,0,324,0,0,4,0,4,212,50,66,0,328,0,0,0,328
08/04/2022,CMH,OH,AGL,CE,Combined TRACON& Tower with Radar,218,48,73,0,339,0,4,11,1,16,218,52,84,1,355,0,0,0,355
08/05/2022,CMH,OH,AGL,CE,Combined TRACON& Tower with Radar,203,43,41,2,289,0,1,11,2,14,203,44,52,4,303,0,0,0,303
08/06/2022,CMH,OH,AGL,CE,Combined TRACON& Tower with Radar,200,30,23,1,254,0,0,2,1,3,200,30,25,2,257,0,0,0,257
08/07/2022,CMH,OH,AGL,CE,Combined TRACON& Tower with Radar,217,52,39,1,309,0,0,11,1,12,217,52,50,2,321,0,0,0,321
08/08/2022,CMH,OH,AGL,CE,Combined TRACON& Tower with Radar,225,51,41,0,317,0,0,8,2,10,225,51,49,2,327,0,0,0,327
08/09/2022,CMH,OH,AGL,CE,Combined TRACON& Tower with Radar,211,72,47,0,330,0,0,1,0,1,211,72,48,0,331,0,0,0,331
08/10/2022,CMH,OH,AGL,CE,Combined TRACON& Tower with Radar,210,46,54,0,310,0,2,1,0,3,210,48,55,0,313,0,0,0,313
08/11/2022,CMH,OH,AGL,CE,Combined TRACON& Tower with Radar,220,50,69,0,339,0,0,17,0,17,220,50,86,0,356,0,0,0,356
08/12/2022,CMH,OH,AGL,CE,Combined TRACON& Tower with Radar,223,40,37,0,300,0,0,13,0,13,223,40,50,0,313,0,0,0,313
08/13/2022,CMH,OH,AGL,CE,Combined TRACON& Tower with Radar,199,31,14,0,244,0,1,8,0,9,199,32,22,0,253,0,0,0,253
08/14/2022,CMH,OH,AGL,CE,Combined TRACON& Tower with Radar,210,31,24,0,265,0,0,6,0,6,210,31,30,0,271,0,0,0,271
08/15/2022,CMH,OH,AGL,CE,Combined TRACON& Tower with Radar,217,56,48,1,322,0,0,17,0,17,217,56,65,1,339,0,0,0,339
08/16/2022,CMH,OH,AGL,CE,Combined TRACON& Tower with Radar,207,60,48,0,315,0,0,3,0,3,207,60,51,0,318,0,0,0,318
08/17/2022,CMH,OH,AGL,CE,Combined TRACON& Tower with Radar,208,58,64,0,330,0,0,7,0,7,208,58,71,0,337,0,0,0,337
08/18/2022,CMH,OH,AGL,CE,Combined TRACON& Tower with Radar,218,60,68,0,346,0,0,15,1,16,218,60,83,1,362,0,0,0,362
08/19/2022,CMH,OH,AGL,CE,Combined TRACON& Tower with Radar,219,53,32,0,304,0,0,13,0,13,219,53,45,0,317,0,0,0,317
08/20/2022,CMH,OH,AGL,CE,Combined TRACON& Tower with Radar,198,31,19,0,248,0,0,9,0,9,198,31,28,0,257,0,0,0,257
08/21/2022,CMH,OH,AGL,CE,Combined TRACON& Tower with Radar,206,38,31,0,275,0,0,0,0,0,206,38,31,0,275,0,0,0,275
08/22/2022,CMH,OH,AGL,CE,Combined TRACON& Tower with Radar,210,49,39,0,298,0,0,3,2,5,210,49,42,2,303,0,0,0,303
08/23/2022,CMH,OH,AGL,CE,Combined TRACON& Tower with Radar,212,48,36,0,296,1,4,15,0,20,213,52,51,0,316,0,0,0,316
08/24/2022,CMH,OH,AGL,CE,Combined TRACON& Tower with Radar,211,48,59,0,318,0,0,14,0,14,211,48,73,0,332,0,0,0,332
08/25/2022,CMH,OH,AGL,CE,Combined TRACON& Tower with Radar,221,69,72,0,362,0,1,9,0,10,221,70,81,0,372,0,0,0,372
08/26/2022,CMH,OH,AGL,CE,Combined TRACON& Tower with Radar,224,43,36,2,305,0,2,6,0,8,224,45,42,2,313,0,0,0,313
08/27/2022,CMH,OH,AGL,CE,Combined TRACON& Tower with Radar,188,33,24,4,249,0,2,12,0,14,188,35,36,4,263,0,0,0,263
08/28/2022,CMH,OH,AGL,CE,Combined TRACON& Tower with Radar,209,34,32,1,276,0,0,5,0,5,209,34,37,1,281,0,0,0,281
08/29/2022,CMH,OH,AGL,CE,Combined TRACON& Tower with Radar,209,51,46,4,310,0,1,6,0,7,209,52,52,4,317,0,0,0,317
08/30/2022,CMH,OH,AGL,CE,Combined TRACON& Tower with Radar,196,46,60,1,303,0,1,6,0,7,196,47,66,1,310,0,0,0,310
08/31/2022,CMH,OH,AGL,CE,Combined TRACON& Tower with Radar,211,52,77,0,340,0,2,19,2,23,211,54,96,2,363,0,0,0,363
09/01/2022,CMH,OH,AGL,CE,Combined TRACON& Tower with Radar,223,65,68,1,357,0,0,10,3,13,223,65,78,4,370,0,0,0,370
09/02/2022,CMH,OH,AGL,CE,Combined TRACON& Tower with Radar,225,51,50,6,332,0,0,14,3,17,225,51,64,9,349,0,0,0,349
09/03/2022,CMH,OH,AGL,CE,Combined TRACON& Tower with Radar,188,66,36,1,291,0,0,2,2,4,188,66,38,3,295,0,0,0,295
09/04/2022,CMH,OH,AGL,CE,Combined TRACON& Tower with Radar,192,68,32,1,293,0,0,4,0,4,192,68,36,1,297,0,0,0,297
09/05/2022,CMH,OH,AGL,CE,Combined TRACON& Tower with Radar,224,39,33,0,296,0,0,1,0,1,224,39,34,0,297,0,0,0,297
09/06/2022,CMH,OH,AGL,CE,Combined TRACON& Tower with Radar,215,46,45,2,308,0,0,4,2,6,215,46,49,4,314,0,0,0,314
09/07/2022,CMH,OH,AGL,CE,Combined TRACON& Tower with Radar,211,52,52,0,315,0,2,7,0,9,211,54,59,0,324,0,0,0,324
09/08/2022,CMH,OH,AGL,CE,Combined TRACON& Tower with Radar,230,46,51,1,328,0,2,12,0,14,230,48,63,1,342,0,0,0,342
09/09/2022,CMH,OH,AGL,CE,Combined TRACON& Tower with Radar,216,43,41,3,303,0,0,15,0,15,216,43,56,3,318,0,0,0,318
09/10/2022,CMH,OH,AGL,CE,Combined TRACON& Tower with Radar,196,30,23,2,251,0,0,17,2,19,196,30,40,4,270,0,0,0,270
09/11/2022,CMH,OH,AGL,CE,Combined TRACON& Tower with Radar,227,42,28,0,297,0,0,7,0,7,227,42,35,0,304,0,0,0,304
09/12/2022,CMH,OH,AGL,CE,Combined TRACON& Tower with Radar,233,51,50,0,334,0,0,6,0,6,233,51,56,0,340,0,0,0,340
09/13/2022,CMH,OH,AGL,CE,Combined TRACON& Tower with Radar,214,58,59,0,331,0,4,11,0,15,214,62,70,0,346,0,0,0,346
09/14/2022,CMH,OH,AGL,CE,Combined TRACON& Tower with Radar,222,67,55,0,344,0,0,14,0,14,222,67,69,0,358,0,0,0,358
09/15/2022,CMH,OH,AGL,CE,Combined TRACON& Tower with Radar,222,90,62,0,374,0,0,21,0,21,222,90,83,0,395,0,0,0,395
09/16/2022,CMH,OH,AGL,CE,Combined TRACON& Tower with Radar,223,48,61,0,332,0,0,17,0,17,223,48,78,0,349,0,0,0,349
09/17/2022,CMH,OH,AGL,CE,Combined TRACON& Tower with Radar,190,33,23,0,246,0,0,10,0,10,190,33,33,0,256,0,0,0,256
09/18/2022,CMH,OH,AGL,CE,Combined TRACON& Tower with Radar,222,47,26,0,295,0,0,10,1,11,222,47,36,1,306,0,0,0,306
09/19/2022,CMH,OH,AGL,CE,Combined TRACON& Tower with Radar,222,40,46,0,308,0,2,8,0,10,222,42,54,0,318,0,0,0,318
09/20/2022,CMH,OH,AGL,CE,Combined TRACON& Tower with Radar,215,58,63,0,336,0,0,14,0,14,215,58,77,0,350,0,0,0,350
09/21/2022,CMH,OH,AGL,CE,Combined TRACON& Tower with Radar,213,59,55,0,327,0,0,1,0,1,213,59,56,0,328,0,0,0,328
09/22/2022,CMH,OH,AGL,CE,Combined TRACON& Tower with Radar,215,69,65,2,351,0,0,7,0,7,215,69,72,2,358,0,0,0,358
09/23/2022,CMH,OH,AGL,CE,Combined TRACON& Tower with Radar,237,51,46,0,334,0,2,14,2,18,237,53,60,2,352,0,0,0,352
09/24/2022,CMH,OH,AGL,CE,Combined TRACON& Tower with Radar,193,39,29,2,263,0,0,15,1,16,193,39,44,3,279,0,0,0,279
09/25/2022,CMH,OH,AGL,CE,Combined TRACON& Tower with Radar,226,43,48,3,320,0,0,0,0,0,226,43,48,3,320,0,0,0,320
09/26/2022,CMH,OH,AGL,CE,Combined TRACON& Tower with Radar,232,38,43,2,315,0,0,13,0,13,232,38,56,2,328,0,0,0,328
09/27/2022,CMH,OH,AGL,CE,Combined TRACON& Tower with Radar,230,65,49,0,344,0,4,18,0,22,230,69,67,0,366,0,0,0,366
09/28/2022,CMH,OH,AGL,CE,Combined TRACON& Tower with Radar,205,53,73,0,331,0,0,4,0,4,205,53,77,0,335,0,0,0,335
09/29/2022,CMH,OH,AGL,CE,Combined TRACON& Tower with Radar,213,56,62,0,331,0,3,22,0,25,213,59,84,0,356,0,0,0,356
09/30/2022,CMH,OH,AGL,CE,Combined TRACON& Tower with Radar,223,44,52,2,321,0,0,21,2,23,223,44,73,4,344,0,0,0,344
10/01/2022,CMH,OH,AGL,CE,Combined TRACON& Tower with Radar,201,32,31,0,264,0,0,4,0,4,201,32,35,0,268,0,0,0,268
10/02/2022,CMH,OH,AGL,CE,Combined TRACON& Tower with Radar,224,42,27,3,296,0,0,9,0,9,224,42,36,3,305,0,0,0,305
10/03/2022,CMH,OH,AGL,CE,Combined TRACON& Tower with Radar,226,53,56,0,335,0,0,13,0,13,226,53,69,0,348,0,0,0,348
10/04/2022,CMH,OH,AGL,CE,Combined TRACON& Tower with Radar,222,50,43,0,315,0,0,22,0,22,222,50,65,0,337,0,0,0,337
10/05/2022,CMH,OH,AGL,CE,Combined TRACON& Tower with Radar,225,42,46,1,314,0,0,18,0,18,225,42,64,1,332,0,0,0,332
10/06/2022,CMH,OH,AGL,CE,Combined TRACON& Tower with Radar,243,44,61,0,348,0,2,14,0,16,243,46,75,0,364,0,0,0,364
10/07/2022,CMH,OH,AGL,CE,Combined TRACON& Tower with Radar,235,49,53,0,337,0,0,6,0,6,235,49,59,0,343,0,0,0,343
10/08/2022,CMH,OH,AGL,CE,Combined TRACON& Tower with Radar,196,46,28,0,270,0,2,12,0,14,196,48,40,0,284,0,0,0,284
10/09/2022,CMH,OH,AGL,CE,Combined TRACON& Tower with Radar,224,45,26,0,295,0,0,20,0,20,224,45,46,0,315,0,0,0,315
10/10/2022,CMH,OH,AGL,CE,Combined TRACON& Tower with Radar,228,49,34,0,311,0,1,16,0,17,228,50,50,0,328,0,0,0,328
10/11/2022,CMH,OH,AGL,CE,Combined TRACON& Tower with Radar,223,52,42,0,317,0,1,9,0,10,223,53,51,0,327,0,0,0,327
10/12/2022,CMH,OH,AGL,CE,Combined TRACON& Tower with Radar,219,56,57,0,332,0,0,2,0,2,219,56,59,0,334,0,0,0,334
10/13/2022,CMH,OH,AGL,CE,Combined TRACON& Tower with Radar,229,53,62,0,344,0,6,7,0,13,229,59,69,0,357,0,0,0,357
10/14/2022,CMH,OH,AGL,CE,Combined TRACON& Tower with Radar,232,49,49,0,330,0,0,13,0,13,232,49,62,0,343,0,0,0,343
10/15/2022,CMH,OH,AGL,CE,Combined TRACON& Tower with Radar,191,45,33,0,269,0,2,2,0,4,191,47,35,0,273,0,0,0,273
10/16/2022,CMH,OH,AGL,CE,Combined TRACON& Tower with Radar,219,56,37,0,312,0,2,8,0,10,219,58,45,0,322,0,0,0,322
10/17/2022,CMH,OH,AGL,CE,Combined TRACON& Tower with Radar,226,55,38,0,319,0,0,11,0,11,226,55,49,0,330,0,0,0,330
10/18/2022,CMH,OH,AGL,CE,Combined TRACON& Tower with Radar,223,58,56,0,337,0,0,4,0,4,223,58,60,0,341,0,0,0,341
10/19/2022,CMH,OH,AGL,CE,Combined TRACON& Tower with Radar,218,53,70,0,341,0,0,6,0,6,218,53,76,0,347,0,0,0,347
10/20/2022,CMH,OH,AGL,CE,Combined TRACON& Tower with Radar,225,66,64,0,355,0,3,11,0,14,225,69,75,0,369,0,0,0,369
10/21/2022,CMH,OH,AGL,CE,Combined TRACON& Tower with Radar,236,53,49,0,338,0,0,9,0,9,236,53,58,0,347,0,0,0,347
10/22/2022,CMH,OH,AGL,CE,Combined TRACON& Tower with Radar,187,44,19,0,250,0,1,9,0,10,187,45,28,0,260,0,0,0,260
10/23/2022,CMH,OH,AGL,CE,Combined TRACON& Tower with Radar,222,44,51,0,317,0,3,8,0,11,222,47,59,0,328,0,0,0,328
10/24/2022,CMH,OH,AGL,CE,Combined TRACON& Tower with Radar,226,59,52,0,337,0,0,12,0,12,226,59,64,0,349,0,0,0,349
10/25/2022,CMH,OH,AGL,CE,Combined TRACON& Tower with Radar,214,59,49,0,322,0,1,10,0,11,214,60,59,0,333,0,0,0,333
10/26/2022,CMH,OH,AGL,CE,Combined TRACON& Tower with Radar,219,55,46,0,320,0,2,0,0,2,219,57,46,0,322,0,0,0,322
10/27/2022,CMH,OH,AGL,CE,Combined TRACON& Tower with Radar,226,48,65,0,339,0,2,14,0,16,226,50,79,0,355,0,0,0,355
10/28/2022,CMH,OH,AGL,CE,Combined TRACON& Tower with Radar,233,61,44,1,339,0,1,9,0,10,233,62,53,1,349,0,0,0,349
10/29/2022,CMH,OH,AGL,CE,Combined TRACON& Tower with Radar,187,30,18,0,235,0,0,9,0,9,187,30,27,0,244,0,0,0,244
10/30/2022,CMH,OH,AGL,CE,Combined TRACON& Tower with Radar,205,45,21,1,272,0,0,7,0,7,205,45,28,1,279,0,0,0,279
10/31/2022,CMH,OH,AGL,CE,Combined TRACON& Tower with Radar,208,36,36,0,280,0,0,1,0,1,208,36,37,0,281,0,0,0,281
11/01/2022,CMH,OH,AGL,CE,Combined TRACON& Tower with Radar,214,47,64,0,325,0,0,3,0,3,214,47,67,0,328,0,0,0,328
11/02/2022,CMH,OH,AGL,CE,Combined TRACON& Tower with Radar,212,64,62,0,338,0,0,7,0,7,212,64,69,0,345,0,0,0,345
11/03/2022,CMH,OH,AGL,CE,Combined TRACON& Tower with Radar,233,54,69,0,356,0,0,11,0,11,233,54,80,0,367,0,0,0,367
11/04/2022,CMH,OH,AGL,CE,Combined TRACON& Tower with Radar,213,68,39,0,320,0,1,11,0,12,213,69,50,0,332,0,0,0,332
11/05/2022,CMH,OH,AGL,CE,Combined TRACON& Tower with Radar,187,36,20,0,243,0,0,0,0,0,187,36,20,0,243,0,0,0,243
11/06/2022,CMH,OH,AGL,CE,Combined TRACON& Tower with Radar,209,51,32,0,292,0,0,13,0,13,209,51,45,0,305,0,0,0,305
11/07/2022,CMH,OH,AGL,CE,Combined TRACON& Tower with Radar,225,49,40,0,314,0,0,10,0,10,225,49,50,0,324,0,0,0,324
11/08/2022,CMH,OH,AGL,CE,Combined TRACON& Tower with Radar,219,57,40,0,316,0,2,14,0,16,219,59,54,0,332,0,0,0,332
11/09/2022,CMH,OH,AGL,CE,Combined TRACON& Tower with Radar,222,64,60,0,346,0,2,14,1,17,222,66,74,1,363,0,0,0,363
11/10/2022,CMH,OH,AGL,CE,Combined TRACON& Tower with Radar,221,35,57,0,313,0,4,9,1,14,221,39,66,1,327,0,0,0,327
11/11/2022,CMH,OH,AGL,CE,Combined TRACON& Tower with Radar,218,45,39,2,304,0,0,0,0,0,218,45,39,2,304,0,0,0,304
11/12/2022,CMH,OH,AGL,CE,Combined TRACON& Tower with Radar,203,27,20,0,250,0,0,0,0,0,203,27,20,0,250,0,0,0,250
11/13/2022,CMH,OH,AGL,CE,Combined TRACON& Tower with Radar,221,34,36,0,291,0,0,1,0,1,221,34,37,0,292,0,0,0,292
11/14/2022,CMH,OH,AGL,CE,Combined TRACON& Tower with Radar,236,57,44,2,339,0,3,11,0,14,236,60,55,2,353,0,0,0,353
11/15/2022,CMH,OH,AGL,CE,Combined TRACON& Tower with Radar,223,56,49,0,328,0,0,3,0,3,223,56,52,0,331,0,0,0,331
11/16/2022,CMH,OH,AGL,CE,Combined TRACON& Tower with Radar,220,49,58,0,327,0,0,4,0,4,220,49,62,0,331,0,0,0,331
11/17/2022,CMH,OH,AGL,CE,Combined TRACON& Tower with Radar,233,47,51,1,332,0,0,1,0,1,233,47,52,1,333,0,0,0,333
11/18/2022,CMH,OH,AGL,CE,Combined TRACON& Tower with Radar,227,58,41,1,327,0,1,5,0,6,227,59,46,1,333,0,0,0,333
11/19/2022,CMH,OH,AGL,CE,Combined TRACON& Tower with Radar,202,50,14,0,266,0,1,5,0,6,202,51,19,0,272,0,0,0,272
11/20/2022,CMH,OH,AGL,CE,Combined TRACON& Tower with Radar,219,33,34,0,286,0,0,13,0,13,219,33,47,0,299,0,0,0,299
11/21/2022,CMH,OH,AGL,CE,Combined TRACON& Tower with Radar,228,32,30,0,290,0,0,12,0,12,228,32,42,0,302,0,0,0,302
11/22/2022,CMH,OH,AGL,CE,Combined TRACON& Tower with Radar,237,48,40,2,327,0,0,21,0,21,237,48,61,2,348,0,0,0,348
11/23/2022,CMH,OH,AGL,CE,Combined TRACON& Tower with Radar,242,47,23,2,314,0,3,20,0,23,242,50,43,2,337,0,0,0,337
11/24/2022,CMH,OH,AGL,CE,Combined TRACON& Tower with Radar,161,22,8,0,191,0,2,5,0,7,161,24,13,0,198,0,0,0,198
11/25/2022,CMH,OH,AGL,CE,Combined TRACON& Tower with Radar,202,45,33,0,280,0,1,4,0,5,202,46,37,0,285,0,0,0,285
11/26/2022,CMH,OH,AGL,CE,Combined TRACON& Tower with Radar,216,57,47,0,320,0,0,15,2,17,216,57,62,2,337,0,0,0,337
11/27/2022,CMH,OH,AGL,CE,Combined TRACON& Tower with Radar,237,63,55,0,355,0,0,0,0,0,237,63,55,0,355,0,0,0,355
11/28/2022,CMH,OH,AGL,CE,Combined TRACON& Tower with Radar,250,50,52,0,352,0,0,1,2,3,250,50,53,2,355,0,0,0,355
11/29/2022,CMH,OH,AGL,CE,Combined TRACON& Tower with Radar,224,49,47,2,322,0,0,4,0,4,224,49,51,2,326,0,0,0,326
11/30/2022,CMH,OH,AGL,CE,Combined TRACON& Tower with Radar,224,36,48,0,308,0,0,2,0,2,224,36,50,0,310,0,0,0,310
12/01/2022,CMH,OH,AGL,CE,Combined TRACON& Tower with Radar,230,45,63,0,338,0,1,15,1,17,230,46,78,1,355,0,0,0,355
12/02/2022,CMH,OH,AGL,CE,Combined TRACON& Tower with Radar,223,41,38,0,302,0,0,11,0,11,223,41,49,0,313,0,0,0,313
12/03/2022,CMH,OH,AGL,CE,Combined TRACON& Tower with Radar,201,32,22,0,255,0,0,3,0,3,201,32,25,0,258,0,0,0,258
12/04/2022,CMH,OH,AGL,CE,Combined TRACON& Tower with Radar,222,36,47,0,305,0,0,16,0,16,222,36,63,0,321,0,0,0,321
12/05/2022,CMH,OH,AGL,CE,Combined TRACON& Tower with Radar,230,38,39,0,307,0,1,10,2,13,230,39,49,2,320,0,0,0,320
12/06/2022,CMH,OH,AGL,CE,Combined TRACON& Tower with Radar,228,56,57,0,341,0,0,0,0,0,228,56,57,0,341,0,0,0,341
12/07/2022,CMH,OH,AGL,CE,Combined TRACON& Tower with Radar,224,61,69,0,354,0,0,0,0,0,224,61,69,0,354,0,0,0,354
12/08/2022,CMH,OH,AGL,CE,Combined TRACON& Tower with Radar,234,53,68,0,355,0,0,2,0,2,234,53,70,0,357,0,0,0,357
12/09/2022,CMH,OH,AGL,CE,Combined TRACON& Tower with Radar,229,42,39,0,310,0,0,3,0,3,229,42,42,0,313,0,0,0,313
12/10/2022,CMH,OH,AGL,CE,Combined TRACON& Tower with Radar,200,36,12,0,248,0,0,2,0,2,200,36,14,0,250,0,0,0,250
12/11/2022,CMH,OH,AGL,CE,Combined TRACON& Tower with Radar,221,42,20,0,283,0,2,2,0,4,221,44,22,0,287,0,0,0,287
12/12/2022,CMH,OH,AGL,CE,Combined TRACON& Tower with Radar,226,57,53,0,336,0,0,8,0,8,226,57,61,0,344,0,0,0,344
12/13/2022,CMH,OH,AGL,CE,Combined TRACON& Tower with Radar,223,63,46,0,332,0,2,13,0,15,223,65,59,0,347,0,0,0,347
12/14/2022,CMH,OH,AGL,CE,Combined TRACON& Tower with Radar,222,64,49,0,335,0,0,4,0,4,222,64,53,0,339,0,0,0,339
12/15/2022,CMH,OH,AGL,CE,Combined TRACON& Tower with Radar,226,58,48,0,332,0,0,0,0,0,226,58,48,0,332,0,0,0,332
12/16/2022,CMH,OH,AGL,CE,Combined TRACON& Tower with Radar,226,62,37,0,325,0,0,7,0,7,226,62,44,0,332,0,0,0,332
12/17/2022,CMH,OH,AGL,CE,Combined TRACON& Tower with Radar,212,37,28,0,277,0,0,2,0,2,212,37,30,0,279,0,0,0,279
12/18/2022,CMH,OH,AGL,CE,Combined TRACON& Tower with Radar,216,41,26,1,284,0,1,3,0,4,216,42,29,1,288,0,0,0,288
12/19/2022,CMH,OH,AGL,CE,Combined TRACON& Tower with Radar,214,46,37,12,309,0,2,13,0,15,214,48,50,12,324,0,0,0,324
12/20/2022,CMH,OH,AGL,CE,Combined TRACON& Tower with Radar,215,76,41,1,333,0,4,16,0,20,215,80,57,1,353,0,0,0,353
12/21/2022,CMH,OH,AGL,CE,Combined TRACON& Tower with Radar,221,61,26,0,308,0,1,13,0,14,221,62,39,0,322,0,0,0,322
12/22/2022,CMH,OH,AGL,CE,Combined TRACON& Tower with Radar,211,53,37,0,301,1,0,1,1,3,212,53,38,1,304,0,0,0,304
12/23/2022,CMH,OH,AGL,CE,Combined TRACON& Tower with Radar,78,29,3,0,110,0,0,0,0,0,78,29,3,0,110,0,0,0,110
12/24/2022,CMH,OH,AGL,CE,Combined TRACON& Tower with Radar,111,43,13,0,167,0,0,0,0,0,111,43,13,0,167,0,0,0,167
12/25/2022,CMH,OH,AGL,CE,Combined TRACON& Tower with Radar,126,32,3,0,161,0,1,6,0,7,126,33,9,0,168,0,0,0,168
12/26/2022,CMH,OH,AGL,CE,Combined TRACON& Tower with Radar,145,54,33,0,232,0,0,0,0,0,145,54,33,0,232,0,0,0,232
12/27/2022,CMH,OH,AGL,CE,Combined TRACON& Tower with Radar,159,40,36,0,235,0,0,1,0,1,159,40,37,0,236,0,0,0,236
12/28/2022,CMH,OH,AGL,CE,Combined TRACON& Tower with Radar,151,47,29,1,228,0,1,4,0,5,151,48,33,1,233,0,0,0,233
12/29/2022,CMH,OH,AGL,CE,Combined TRACON& Tower with Radar,163,49,17,0,229,0,0,2,0,2,163,49,19,0,231,0,0,0,231
12/30/2022,CMH,OH,AGL,CE,Combined TRACON& Tower with Radar,204,39,15,0,258,0,0,4,0,4,204,39,19,0,262,0,0,0,262
12/31/2022,CMH,OH,AGL,CE,Combined TRACON& Tower with Radar,187,24,31,0,242,0,0,0,0,0,187,24,31,0,242,0,0,0,242
01/01/2023,CMH,OH,AGL,CE,Combined TRACON& Tower with Radar,189,31,27,0,247,0,0,0,0,0,189,31,27,0,247,0,0,0,247
01/02/2023,CMH,OH,AGL,CE,Combined TRACON& Tower with Radar,206,33,31,0,270,0,0,0,0,0,206,33,31,0,270,0,0,0,270
01/03/2023,CMH,OH,AGL,CE,Combined TRACON& Tower with Radar,199,49,35,0,283,0,0,0,0,0,199,49,35,0,283,0,0,0,283
01/04/2023,CMH,OH,AGL,CE,Combined TRACON& Tower with Radar,194,54,33,0,281,0,0,4,0,4,194,54,37,0,285,0,0,0,285
01/05/2023,CMH,OH,AGL,CE,Combined TRACON& Tower with Radar,183,35,35,2,255,0,0,9,2,11,183,35,44,4,266,0,0,0,266
01/06/2023,CMH,OH,AGL,CE,Combined TRACON& Tower with Radar,194,21,27,0,242,0,0,0,0,0,194,21,27,0,242,0,0,0,242
01/07/2023,CMH,OH,AGL,CE,Combined TRACON& Tower with Radar,190,23,28,0,241,0,0,7,0,7,190,23,35,0,248,0,0,0,248
01/08/2023,CMH,OH,AGL,CE,Combined TRACON& Tower with Radar,218,28,17,0,263,0,0,4,0,4,218,28,21,0,267,0,0,0,267
01/09/2023,CMH,OH,AGL,CE,Combined TRACON& Tower with Radar,222,26,31,0,279,0,2,5,0,7,222,28,36,0,286,0,0,0,286
01/10/2023,CMH,OH,AGL,CE,Combined TRACON& Tower with Radar,224,51,62,0,337,0,2,6,0,8,224,53,68,0,345,0,0,0,345
01/11/2023,CMH,OH,AGL,CE,Combined TRACON& Tower with Radar,203,42,31,0,276,0,0,1,0,1,203,42,32,0,277,0,0,0,277
01/12/2023,CMH,OH,AGL,CE,Combined TRACON& Tower with Radar,234,48,36,0,318,0,0,0,0,0,234,48,36,0,318,0,0,0,318
01/13/2023,CMH,OH,AGL,CE,Combined TRACON& Tower with Radar,233,38,50,0,321,0,0,2,0,2,233,38,52,0,323,0,0,0,323
01/14/2023,CMH,OH,AGL,CE,Combined TRACON& Tower with Radar,182,26,13,0,221,0,0,13,1,14,182,26,26,1,235,0,0,0,235
01/15/2023,CMH,OH,AGL,CE,Combined TRACON& Tower with Radar,212,23,17,1,253,0,0,10,0,10,212,23,27,1,263,0,0,0,263
01/16/2023,CMH,OH,AGL,CE,Combined TRACON& Tower with Radar,228,39,38,1,306,0,0,3,0,3,228,39,41,1,309,0,0,0,309
01/17/2023,CMH,OH,AGL,CE,Combined TRACON& Tower with Radar,223,46,32,0,301,0,0,4,0,4,223,46,36,0,305,0,0,0,305
01/18/2023,CMH,OH,AGL,CE,Combined TRACON& Tower with Radar,225,41,39,0,305,0,0,0,0,0,225,41,39,0,305,0,0,0,305
01/19/2023,CMH,OH,AGL,CE,Combined TRACON& Tower with Radar,239,42,33,0,314,0,0,3,0,3,239,42,36,0,317,0,0,0,317
01/20/2023,CMH,OH,AGL,CE,Combined TRACON& Tower with Radar,233,51,41,0,325,0,0,1,0,1,233,51,42,0,326,0,0,0,326
01/21/2023,CMH,OH,AGL,CE,Combined TRACON& Tower with Radar,182,18,10,0,210,0,0,4,0,4,182,18,14,0,214,0,0,0,214
01/22/2023,CMH,OH,AGL,CE,Combined TRACON& Tower with Radar,228,23,15,0,266,0,0,0,0,0,228,23,15,0,266,0,0,0,266
01/23/2023,CMH,OH,AGL,CE,Combined TRACON& Tower with Radar,226,43,22,0,291,0,0,1,0,1,226,43,23,0,292,0,0,0,292
01/24/2023,CMH,OH,AGL,CE,Combined TRACON& Tower with Radar,220,56,41,3,320,0,2,12,0,14,220,58,53,3,334,0,0,0,334
01/25/2023,CMH,OH,AGL,CE,Combined TRACON& Tower with Radar,199,47,27,0,273,0,0,0,0,0,199,47,27,0,273,0,0,0,273
01/26/2023,CMH,OH,AGL,CE,Combined TRACON& Tower with Radar,232,39,41,0,312,0,0,0,0,0,232,39,41,0,312,0,0,0,312
01/27/2023,CMH,OH,AGL,CE,Combined TRACON& Tower with Radar,230,31,32,0,293,0,1,5,0,6,230,32,37,0,299,0,0,0,299
01/28/2023,CMH,OH,AGL,CE,Combined TRACON& Tower with Radar,181,22,25,0,228,0,0,16,0,16,181,22,41,0,244,0,0,0,244
01/29/2023,CMH,OH,AGL,CE,Combined TRACON& Tower with Radar,222,37,9,0,268,0,1,0,0,1,222,38,9,0,269,0,0,0,269
01/30/2023,CMH,OH,AGL,CE,Combined TRACON& Tower with Radar,222,28,27,0,277,0,0,0,0,0,222,28,27,0,277,0,0,0,277
01/31/2023,CMH,OH,AGL,CE,Combined TRACON& Tower with Radar,212,41,46,2,301,0,0,6,0,6,212,41,52,2,307,0,0,0,307
02/01/2023,CMH,OH,AGL,CE,Combined TRACON& Tower with Radar,210,51,42,3,306,0,0,14,0,14,210,51,56,3,320,0,0,0,320
02/02/2023,CMH,OH,AGL,CE,Combined TRACON& Tower with Radar,239,53,51,2,345,0,0,12,1,13,239,53,63,3,358,0,0,0,358
02/03/2023,CMH,OH,AGL,CE,Combined TRACON& Tower with Radar,222,42,29,2,295,0,2,8,1,11,222,44,37,3,306,0,0,0,306
02/04/2023,CMH,OH,AGL,CE,Combined TRACON& Tower with Radar,185,27,15,2,229,0,4,2,0,6,185,31,17,2,235,0,0,0,235
02/05/2023,CMH,OH,AGL,CE,Combined TRACON& Tower with Radar,224,42,21,1,288,0,0,3,0,3,224,42,24,1,291,0,0,0,291
02/06/2023,CMH,OH,AGL,CE,Combined TRACON& Tower with Radar,227,41,37,0,305,0,0,4,2,6,227,41,41,2,311,16,0,16,327
02/07/2023,CMH,OH,AGL,CE,Combined TRACON& Tower with Radar,222,40,44,0,306,0,2,6,1,9,222,42,50,1,315,0,0,0,315
02/08/2023,CMH,OH,AGL,CE,Combined TRACON& Tower with Radar,221,55,55,0,331,0,0,17,0,17,221,55,72,0,348,0,0,0,348
02/09/2023,CMH,OH,AGL,CE,Combined TRACON& Tower with Radar,233,48,40,1,322,0,3,0,0,3,233,51,40,1,325,0,0,0,325
02/10/2023,CMH,OH,AGL,CE,Combined TRACON& Tower with Radar,233,56,31,0,320,0,1,1,0,2,233,57,32,0,322,0,0,0,322
02/11/2023,CMH,OH,AGL,CE,Combined TRACON& Tower with Radar,186,29,16,0,231,0,0,18,0,18,186,29,34,0,249,0,0,0,249
02/12/2023,CMH,OH,AGL,CE,Combined TRACON& Tower with Radar,220,51,14,0,285,0,0,13,0,13,220,51,27,0,298,0,0,0,298
02/13/2023,CMH,OH,AGL,CE,Combined TRACON& Tower with Radar,229,48,32,0,309,0,0,8,3,11,229,48,40,3,320,0,0,0,320
02/14/2023,CMH,OH,AGL,CE,Combined TRACON& Tower with Radar,223,66,29,0,318,0,2,16,1,19,223,68,45,1,337,0,0,0,337
02/15/2023,CMH,OH,AGL,CE,Combined TRACON& Tower with Radar,221,53,35,0,309,0,0,4,0,4,221,53,39,0,313,0,0,0,313
02/16/2023,CMH,OH,AGL,CE,Combined TRACON& Tower with Radar,216,71,49,2,338,0,0,0,0,0,216,71,49,2,338,0,0,0,338
02/17/2023,CMH,OH,AGL,CE,Combined TRACON& Tower with Radar,230,57,27,0,314,0,0,0,0,0,230,57,27,0,314,0,0,0,314
02/18/2023,CMH,OH,AGL,CE,Combined TRACON& Tower with Radar,182,18,22,0,222,0,0,27,0,27,182,18,49,0,249,0,0,0,249
02/19/2023,CMH,OH,AGL,CE,Combined TRACON& Tower with Radar,216,40,18,0,274,0,2,9,0,11,216,42,27,0,285,0,0,0,285
02/20/2023,CMH,OH,AGL,CE,Combined TRACON& Tower with Radar,232,48,42,0,322,0,2,7,0,9,232,50,49,0,331,0,0,0,331
02/21/2023,CMH,OH,AGL,CE,Combined TRACON& Tower with Radar,228,54,69,0,351,0,0,7,0,7,228,54,76,0,358,0,0,0,358
02/22/2023,CMH,OH,AGL,CE,Combined TRACON& Tower with Radar,223,55,45,2,325,0,1,0,0,1,223,56,45,2,326,0,0,0,326
02/23/2023,CMH,OH,AGL,CE,Combined TRACON& Tower with Radar,240,71,59,5,375,0,8,9,0,17,240,79,68,5,392,0,0,0,392
02/24/2023,CMH,OH,AGL,CE,Combined TRACON& Tower with Radar,234,52,51,2,339,0,4,21,0,25,234,56,72,2,364,0,0,0,364
02/25/2023,CMH,OH,AGL,CE,Combined TRACON& Tower with Radar,187,45,21,0,253,0,1,17,0,18,187,46,38,0,271,0,0,0,271
02/26/2023,CMH,OH,AGL,CE,Combined TRACON& Tower with Radar,224,50,43,2,319,0,4,10,0,14,224,54,53,2,333,0,0,0,333
02/27/2023,CMH,OH,AGL,CE,Combined TRACON& Tower with Radar,230,56,43,0,329,0,0,0,0,0,230,56,43,0,329,0,0,0,329
02/28/2023,CMH,OH,AGL,CE,Combined TRACON& Tower with Radar,217,67,54,0,338,0,0,10,0,10,217,67,64,0,348,0,0,0,348
03/01/2023,CMH,OH,AGL,CE,Combined TRACON& Tower with Radar,228,64,39,0,331,0,1,13,1,15,228,65,52,1,346,0,0,0,346
03/02/2023,CMH,OH,AGL,CE,Combined TRACON& Tower with Radar,231,52,57,2,342,0,0,14,0,14,231,52,71,2,356,0,0,0,356
03/03/2023,CMH,OH,AGL,CE,Combined TRACON& Tower with Radar,237,35,33,1,306,0,0,0,0,0,237,35,33,1,306,0,0,0,306
03/04/2023,CMH,OH,AGL,CE,Combined TRACON& Tower with Radar,182,50,18,0,250,0,0,11,0,11,182,50,29,0,261,0,0,0,261
03/05/2023,CMH,OH,AGL,CE,Combined TRACON& Tower with Radar,219,35,26,0,280,0,1,18,0,19,219,36,44,0,299,0,0,0,299
03/06/2023,CMH,OH,AGL,CE,Combined TRACON& Tower with Radar,235,38,33,0,306,0,0,1,0,1,235,38,34,0,307,0,0,0,307
03/07/2023,CMH,OH,AGL,CE,Combined TRACON& Tower with Radar,227,46,57,0,330,0,0,8,0,8,227,46,65,0,338,0,0,0,338
03/08/2023,CMH,OH,AGL,CE,Combined TRACON& Tower with Radar,226,45,33,2,306,0,2,18,1,21,226,47,51,3,327,0,0,0,327
03/09/2023,CMH,OH,AGL,CE,Combined TRACON& Tower with Radar,238,69,67,0,374,0,3,19,1,23,238,72,86,1,397,0,0,0,397
03/10/2023,CMH,OH,AGL,CE,Combined TRACON& Tower with Radar,236,43,38,0,317,0,0,0,1,1,236,43,38,1,318,0,0,0,318
03/11/2023,CMH,OH,AGL,CE,Combined TRACON& Tower with Radar,216,36,24,0,276,0,0,6,1,7,216,36,30,1,283,0,0,0,283
03/12/2023,CMH,OH,AGL,CE,Combined TRACON& Tower with Radar,230,41,23,0,294,0,1,4,0,5,230,42,27,0,299,0,0,0,299
03/13/2023,CMH,OH,AGL,CE,Combined TRACON& Tower with Radar,242,42,41,0,325,0,0,0,0,0,242,42,41,0,325,0,0,0,325
03/14/2023,CMH,OH,AGL,CE,Combined TRACON& Tower with Radar,230,61,43,2,336,0,0,2,1,3,230,61,45,3,339,0,0,0,339
03/15/2023,CMH,OH,AGL,CE,Combined TRACON& Tower with Radar,242,57,42,2,343,0,1,12,2,15,242,58,54,4,358,0,0,0,358
03/16/2023,CMH,OH,AGL,CE,Combined TRACON& Tower with Radar,239,46,35,2,322,0,0,6,1,7,239,46,41,3,329,0,0,0,329
03/17/2023,CMH,OH,AGL,CE,Combined TRACON& Tower with Radar,251,37,52,0,340,0,0,0,0,0,251,37,52,0,340,0,0,0,340
03/18/2023,CMH,OH,AGL,CE,Combined TRACON& Tower with Radar,225,34,35,4,298,0,0,4,0,4,225,34,39,4,302,0,0,0,302
03/19/2023,CMH,OH,AGL,CE,Combined TRACON& Tower with Radar,239,63,50,0,352,0,0,16,0,16,239,63,66,0,368,0,0,0,368
03/20/2023,CMH,OH,AGL,CE,Combined TRACON& Tower with Radar,246,43,43,1,333,0,3,24,0,27,246,46,67,1,360,0,0,0,360
03/21/2023,CMH,OH,AGL,CE,Combined TRACON& Tower with Radar,230,52,56,0,338,0,4,41,0,45,230,56,97,0,383,0,0,0,383
03/22/2023,CMH,OH,AGL,CE,Combined TRACON& Tower with Radar,236,58,46,1,341,0,0,1,0,1,236,58,47,1,342,0,0,0,342
03/23/2023,CMH,OH,AGL,CE,Combined TRACON& Tower with Radar,243,53,44,0,340,0,0,1,0,1,243,53,45,0,341,0,0,0,341
03/24/2023,CMH,OH,AGL,CE,Combined TRACON& Tower with Radar,244,39,36,2,321,0,0,0,0,0,244,39,36,2,321,0,0,0,321
03/25/2023,CMH,OH,AGL,CE,Combined TRACON& Tower with Radar,225,37,8,0,270,0,0,0,0,0,225,37,8,0,270,0,0,0,270
03/26/2023,CMH,OH,AGL,CE,Combined TRACON& Tower with Radar,232,40,41,0,313,0,11,19,0,30,232,51,60,0,343,0,0,0,343
03/27/2023,CMH,OH,AGL,CE,Combined TRACON& Tower with Radar,247,24,19,0,290,0,2,0,0,2,247,26,19,0,292,0,0,0,292
03/28/2023,CMH,OH,AGL,CE,Combined TRACON& Tower with Radar,235,41,52,2,330,0,3,17,0,20,235,44,69,2,350,0,0,0,350
03/29/2023,CMH,OH,AGL,CE,Combined TRACON& Tower with Radar,234,37,42,0,313,0,1,7,1,9,234,38,49,1,322,0,0,0,322
03/30/2023,CMH,OH,AGL,CE,Combined TRACON& Tower with Radar,239,48,60,0,347,0,2,14,0,16,239,50,74,0,363,0,0,0,363
03/31/2023,CMH,OH,AGL,CE,Combined TRACON& Tower with Radar,234,46,27,2,309,0,0,1,0,1,234,46,28,2,310,0,0,0,310
04/01/2023,CMH,OH,AGL,CE,Combined TRACON& Tower with Radar,201,41,18,0,260,0,0,0,0,0,201,41,18,0,260,0,0,0,260
04/02/2023,CMH,OH,AGL,CE,Combined TRACON& Tower with Radar,235,42,28,0,305,0,0,9,0,9,235,42,37,0,314,0,0,0,314
04/03/2023,CMH,OH,AGL,CE,Combined TRACON& Tower with Radar,237,40,28,2,307,0,0,5,0,5,237,40,33,2,312,0,0,0,312
04/04/2023,CMH,OH,AGL,CE,Combined TRACON& Tower with Radar,236,39,40,0,315,0,0,7,2,9,236,39,47,2,324,0,0,0,324
04/05/2023,CMH,OH,AGL,CE,Combined TRACON& Tower with Radar,235,55,28,0,318,0,0,0,0,0,235,55,28,0,318,0,0,0,318
04/06/2023,CMH,OH,AGL,CE,Combined TRACON& Tower with Radar,241,42,48,0,331,0,0,8,0,8,241,42,56,0,339,0,0,0,339
04/07/2023,CMH,OH,AGL,CE,Combined TRACON& Tower with Radar,246,42,29,0,317,0,1,14,0,15,246,43,43,0,332,0,0,0,332
04/08/2023,CMH,OH,AGL,CE,Combined TRACON& Tower with Radar,225,34,15,0,274,0,0,18,0,18,225,34,33,0,292,0,0,0,292
04/09/2023,CMH,OH,AGL,CE,Combined TRACON& Tower with Radar,228,44,24,0,296,0,2,2,0,4,228,46,26,0,300,0,0,0,300
04/10/2023,CMH,OH,AGL,CE,Combined TRACON& Tower with Radar,246,51,48,0,345,0,0,13,0,13,246,51,61,0,358,0,0,0,358
04/11/2023,CMH,OH,AGL,CE,Combined TRACON& Tower with Radar,239,44,44,0,327,0,1,29,0,30,239,45,73,0,357,0,0,0,357
04/12/2023,CMH,OH,AGL,CE,Combined TRACON& Tower with Radar,242,38,48,0,328,0,2,10,0,12,242,40,58,0,340,0,0,0,340
04/13/2023,CMH,OH,AGL,CE,Combined TRACON& Tower with Radar,237,60,58,0,355,0,5,15,2,22,237,65,73,2,377,0,0,0,377
04/14/2023,CMH,OH,AGL,CE,Combined TRACON& Tower with Radar,241,23,49,2,315,0,6,6,0,12,241,29,55,2,327,0,0,0,327
04/15/2023,CMH,OH,AGL,CE,Combined TRACON& Tower with Radar,201,34,18,0,253,0,2,3,0,5,201,36,21,0,258,0,0,0,258
04/16/2023,CMH,OH,AGL,CE,Combined TRACON& Tower with Radar,224,34,20,0,278,0,0,5,0,5,224,34,25,0,283,0,0,0,283
04/17/2023,CMH,OH,AGL,CE,Combined TRACON& Tower with Radar,233,33,49,0,315,0,0,0,0,0,233,33,49,0,315,0,0,0,315
04/18/2023,CMH,OH,AGL,CE,Combined TRACON& Tower with Radar,236,49,49,0,334,0,0,8,0,8,236,49,57,0,342,0,0,0,342
04/19/2023,CMH,OH,AGL,CE,Combined TRACON& Tower with Radar,240,55,86,4,385,0,0,10,0,10,240,55,96,4,395,0,0,0,395
04/20/2023,CMH,OH,AGL,CE,Combined TRACON& Tower with Radar,234,50,51,0,335,0,0,4,0,4,234,50,55,0,339,0,0,0,339
04/21/2023,CMH,OH,AGL,CE,Combined TRACON& Tower with Radar,245,49,42,5,341,0,0,4,0,4,245,49,46,5,345,0,0,0,345
04/22/2023,CMH,OH,AGL,CE,Combined TRACON& Tower with Radar,209,27,13,2,251,0,0,3,0,3,209,27,16,2,254,0,0,0,254
04/23/2023,CMH,OH,AGL,CE,Combined TRACON& Tower with Radar,230,31,22,0,283,0,0,9,2,11,230,31,31,2,294,0,0,0,294
04/24/2023,CMH,OH,AGL,CE,Combined TRACON& Tower with Radar,245,30,36,0,311,0,0,7,0,7,245,30,43,0,318,0,0,0,318
04/25/2023,CMH,OH,AGL,CE,Combined TRACON& Tower with Radar,229,60,42,1,332,0,1,14,0,15,229,61,56,1,347,0,0,0,347
04/26/2023,CMH,OH,AGL,CE,Combined TRACON& Tower with Radar,238,67,58,1,364,0,3,20,1,24,238,70,78,2,388,0,0,0,388
04/27/2023,CMH,OH,AGL,CE,Combined TRACON& Tower with Radar,235,60,52,1,348,0,1,20,1,22,235,61,72,2,370,0,0,0,370
04/28/2023,CMH,OH,AGL,CE,Combined TRACON& Tower with Radar,241,39,32,0,312,0,0,4,0,4,241,39,36,0,316,0,0,0,316
04/29/2023,CMH,OH,AGL,CE,Combined TRACON& Tower with Radar,207,38,19,0,264,0,0,6,0,6,207,38,25,0,270,0,0,0,270
04/30/2023,CMH,OH,AGL,CE,Combined TRACON& Tower with Radar,219,52,23,0,294,0,2,2,0,4,219,54,25,0,298,0,0,0,298
05/01/2023,CMH,OH,AGL,CE,Combined TRACON& Tower with Radar,240,49,43,0,332,0,0,2,0,2,240,49,45,0,334,0,0,0,334
05/02/2023,CMH,OH,AGL,CE,Combined TRACON& Tower with Radar,241,27,41,6,315,0,0,2,0,2,241,27,43,6,317,0,0,0,317
05/03/2023,CMH,OH,AGL,CE,Combined TRACON& Tower with Radar,242,58,57,0,357,0,1,0,0,1,242,59,57,0,358,0,0,0,358
05/04/2023,CMH,OH,AGL,CE,Combined TRACON& Tower with Radar,249,73,51,1,374,0,0,14,0,14,249,73,65,1,388,0,0,0,388
05/05/2023,CMH,OH,AGL,CE,Combined TRACON& Tower with Radar,246,35,32,0,313,0,0,28,0,28,246,35,60,0,341,0,0,0,341
05/06/2023,CMH,OH,AGL,CE,Combined TRACON& Tower with Radar,211,33,25,0,269,0,4,8,0,12,211,37,33,0,281,0,0,0,281
05/07/2023,CMH,OH,AGL,CE,Combined TRACON& Tower with Radar,227,38,28,0,293,0,0,8,0,8,227,38,36,0,301,0,0,0,301
05/08/2023,CMH,OH,AGL,CE,Combined TRACON& Tower with Radar,255,41,41,0,337,0,0,4,0,4,255,41,45,0,341,0,0,0,341
05/09/2023,CMH,OH,AGL,CE,Combined TRACON& Tower with Radar,246,41,49,0,336,0,0,12,0,12,246,41,61,0,348,0,0,0,348
05/10/2023,CMH,OH,AGL,CE,Combined TRACON& Tower with Radar,245,55,62,2,364,0,2,13,0,15,245,57,75,2,379,0,0,0,379
05/11/2023,CMH,OH,AGL,CE,Combined TRACON& Tower with Radar,255,56,54,0,365,0,0,14,0,14,255,56,68,0,379,0,0,0,379
05/12/2023,CMH,OH,AGL,CE,Combined TRACON& Tower with Radar,252,33,36,3,324,0,5,7,0,12,252,38,43,3,336,0,0,0,336
05/13/2023,CMH,OH,AGL,CE,Combined TRACON& Tower with Radar,205,36,10,0,251,0,0,0,0,0,205,36,10,0,251,0,0,0,251
05/14/2023,CMH,OH,AGL,CE,Combined TRACON& Tower with Radar,237,56,21,1,315,0,1,9,0,10,237,57,30,1,325,0,0,0,325
05/15/2023,CMH,OH,AGL,CE,Combined TRACON& Tower with Radar,253,48,44,0,345,0,0,16,0,16,253,48,60,0,361,0,0,0,361
05/16/2023,CMH,OH,AGL,CE,Combined TRACON& Tower with Radar,241,38,48,0,327,0,2,9,0,11,241,40,57,0,338,0,0,0,338
05/17/2023,CMH,OH,AGL,CE,Combined TRACON& Tower with Radar,243,55,53,2,353,0,2,14,0,16,243,57,67,2,369,0,0,0,369
05/18/2023,CMH,OH,AGL,CE,Combined TRACON& Tower with Radar,249,41,65,2,357,0,3,23,0,26,249,44,88,2,383,0,0,0,383
05/19/2023,CMH,OH,AGL,CE,Combined TRACON& Tower with Radar,252,34,39,4,329,0,1,10,0,11,252,35,49,4,340,0,0,0,340
05/20/2023,CMH,OH,AGL,CE,Combined TRACON& Tower with Radar,211,33,12,0,256,0,0,8,0,8,211,33,20,0,264,0,0,0,264
05/21/2023,CMH,OH,AGL,CE,Combined TRACON& Tower with Radar,251,42,35,0,328,0,3,22,0,25,251,45,57,0,353,0,0,0,353
05/22/2023,CMH,OH,AGL,CE,Combined TRACON& Tower with Radar,254,38,37,0,329,0,3,21,0,24,254,41,58,0,353,10,0,10,363
05/23/2023,CMH,OH,AGL,CE,Combined TRACON& Tower with Radar,244,43,50,5,342,0,0,15,0,15,244,43,65,5,357,0,0,0,357
05/24/2023,CMH,OH,AGL,CE,Combined TRACON& Tower with Radar,243,46,47,2,338,0,0,19,0,19,243,46,66,2,357,0,0,0,357
05/25/2023,CMH,OH,AGL,CE,Combined TRACON& Tower with Radar,264,47,51,0,362,0,0,22,0,22,264,47,73,0,384,0,0,0,384
05/26/2023,CMH,OH,AGL,CE,Combined TRACON& Tower with Radar,252,25,44,0,321,0,4,14,0,18,252,29,58,0,339,0,0,0,339
05/27/2023,CMH,OH,AGL,CE,Combined TRACON& Tower with Radar,215,26,19,0,260,0,0,14,0,14,215,26,33,0,274,0,0,0,274
05/28/2023,CMH,OH,AGL,CE,Combined TRACON& Tower with Radar,226,15,27,0,268,0,2,12,0,14,226,17,39,0,282,0,0,0,282
05/29/2023,CMH,OH,AGL,CE,Combined TRACON& Tower with Radar,253,30,22,0,305,0,0,7,0,7,253,30,29,0,312,0,0,0,312
05/30/2023,CMH,OH,AGL,CE,Combined TRACON& Tower with Radar,245,51,56,0,352,0,4,10,0,14,245,55,66,0,366,0,0,0,366
05/31/2023,CMH,OH,AGL,CE,Combined TRACON& Tower with Radar,246,43,66,0,355,0,2,13,0,15,246,45,79,0,370,0,0,0,370
06/01/2023,CMH,OH,AGL,CE,Combined TRACON& Tower with Radar,250,50,56,0,356,0,1,22,0,23,250,51,78,0,379,0,0,0,379
06/02/2023,CMH,OH,AGL,CE,Combined TRACON& Tower with Radar,254,38,45,2,339,0,0,9,2,11,254,38,54,4,350,0,0,0,350
06/03/2023,CMH,OH,AGL,CE,Combined TRACON& Tower with Radar,219,28,16,0,263,0,0,9,0,9,219,28,25,0,272,0,0,0,272
06/04/2023,CMH,OH,AGL,CE,Combined TRACON& Tower with Radar,246,41,37,0,324,0,4,8,0,12,246,45,45,0,336,0,0,0,336
06/05/2023,CMH,OH,AGL,CE,Combined TRACON& Tower with Radar,264,42,44,0,350,0,1,5,0,6,264,43,49,0,356,0,0,0,356
06/06/2023,CMH,OH,AGL,CE,Combined TRACON& Tower with Radar,248,42,62,0,352,0,2,12,0,14,248,44,74,0,366,0,0,0,366
06/07/2023,CMH,OH,AGL,CE,Combined TRACON& Tower with Radar,254,54,43,0,351,0,0,16,0,16,254,54,59,0,367,0,0,0,367
06/08/2023,CMH,OH,AGL,CE,Combined TRACON& Tower with Radar,258,51,48,0,357,0,1,17,0,18,258,52,65,0,375,0,0,0,375
06/09/2023,CMH,OH,AGL,CE,Combined TRACON& Tower with Radar,263,38,27,0,328,0,0,6,7,13,263,38,33,7,341,0,0,0,341
06/10/2023,CMH,OH,AGL,CE,Combined TRACON& Tower with Radar,225,33,16,0,274,0,2,15,1,18,225,35,31,1,292,0,0,0,292
06/11/2023,CMH,OH,AGL,CE,Combined TRACON& Tower with Radar,253,37,26,1,317,0,0,5,1,6,253,37,31,2,323,0,0,0,323
06/12/2023,CMH,OH,AGL,CE,Combined TRACON& Tower with Radar,263,45,37,0,345,0,3,4,0,7,263,48,41,0,352,0,0,0,352
06/13/2023,CMH,OH,AGL,CE,Combined TRACON& Tower with Radar,250,44,55,0,349,0,0,6,0,6,250,44,61,0,355,0,0,0,355
06/14/2023,CMH,OH,AGL,CE,Combined TRACON& Tower with Radar,247,64,58,0,369,0,1,14,0,15,247,65,72,0,384,0,0,0,384
06/15/2023,CMH,OH,AGL,CE,Combined TRACON& Tower with Radar,262,55,63,2,382,0,1,8,0,9,262,56,71,2,391,0,0,0,391
06/16/2023,CMH,OH,AGL,CE,Combined TRACON& Tower with Radar,269,58,36,0,363,0,1,15,0,16,269,59,51,0,379,0,0,0,379
06/17/2023,CMH,OH,AGL,CE,Combined TRACON& Tower with Radar,223,54,16,0,293,0,0,20,2,22,223,54,36,2,315,0,0,0,315
06/18/2023,CMH,OH,AGL,CE,Combined TRACON& Tower with Radar,258,32,30,0,320,0,2,32,1,35,258,34,62,1,355,0,0,0,355
06/19/2023,CMH,OH,AGL,CE,Combined TRACON& Tower with Radar,264,53,41,3,361,1,0,11,0,12,265,53,52,3,373,0,0,0,373
06/20/2023,CMH,OH,AGL,CE,Combined TRACON& Tower with Radar,246,57,67,1,371,0,0,2,0,2,246,57,69,1,373,0,0,0,373
06/21/2023,CMH,OH,AGL,CE,Combined TRACON& Tower with Radar,253,52,45,0,350,0,0,26,0,26,253,52,71,0,376,0,0,0,376
06/22/2023,CMH,OH,AGL,CE,Combined TRACON& Tower with Radar,253,53,66,0,372,0,0,2,0,2,253,53,68,0,374,0,0,0,374
06/23/2023,CMH,OH,AGL,CE,Combined TRACON& Tower with Radar,260,52,40,1,353,0,0,0,0,0,260,52,40,1,353,0,0,0,353
06/24/2023,CMH,OH,AGL,CE,Combined TRACON& Tower with Radar,235,41,41,2,319,0,0,10,0,10,235,41,51,2,329,0,0,0,329
06/25/2023,CMH,OH,AGL,CE,Combined TRACON& Tower with Radar,262,39,20,1,322,0,5,3,0,8,262,44,23,1,330,0,0,0,330
06/26/2023,CMH,OH,AGL,CE,Combined TRACON& Tower with Radar,242,42,30,0,314,0,0,3,0,3,242,42,33,0,317,0,0,0,317
06/27/2023,CMH,OH,AGL,CE,Combined TRACON& Tower with Radar,226,58,51,1,336,0,0,1,1,2,226,58,52,2,338,0,0,0,338
06/28/2023,CMH,OH,AGL,CE,Combined TRACON& Tower with Radar,248,49,61,0,358,0,0,0,0,0,248,49,61,0,358,0,0,0,358
06/29/2023,CMH,OH,AGL,CE,Combined TRACON& Tower with Radar,261,59,45,0,365,0,0,2,0,2,261,59,47,0,367,0,0,0,367
06/30/2023,CMH,OH,AGL,CE,Combined TRACON& Tower with Radar,266,52,42,0,360,0,0,4,0,4,266,52,46,0,364,0,0,0,364
07/01/2023,CMH,OH,AGL,CE,Combined TRACON& Tower with Radar,233,33,27,0,293,0,0,2,0,2,233,33,29,0,295,0,0,0,295
07/02/2023,CMH,OH,AGL,CE,Combined TRACON& Tower with Radar,230,22,19,0,271,0,0,4,0,4,230,22,23,0,275,0,0,0,275
07/03/2023,CMH,OH,AGL,CE,Combined TRACON& Tower with Radar,227,20,20,0,267,0,0,2,0,2,227,20,22,0,269,0,0,0,269
07/04/2023,CMH,OH,AGL,CE,Combined TRACON& Tower with Radar,207,22,6,0,235,0,0,10,0,10,207,22,16,0,245,0,0,0,245
07/05/2023,CMH,OH,AGL,CE,Combined TRACON& Tower with Radar,245,32,22,0,299,0,0,15,0,15,245,32,37,0,314,0,0,0,314
07/06/2023,CMH,OH,AGL,CE,Combined TRACON& Tower with Radar,237,34,40,0,311,0,1,7,0,8,237,35,47,0,319,0,0,0,319
07/07/2023,CMH,OH,AGL,CE,Combined TRACON& Tower with Radar,241,33,44,2,320,0,0,17,0,17,241,33,61,2,337,0,0,0,337
07/08/2023,CMH,OH,AGL,CE,Combined TRACON& Tower with Radar,232,31,30,0,293,0,0,12,0,12,232,31,42,0,305,0,0,0,305
07/09/2023,CMH,OH,AGL,CE,Combined TRACON& Tower with Radar,235,31,38,0,304,0,0,10,0,10,235,31,48,0,314,0,0,0,314
07/10/2023,CMH,OH,AGL,CE,Combined TRACON& Tower with Radar,261,32,43,0,336,0,0,13,0,13,261,32,56,0,349,0,0,0,349
07/11/2023,CMH,OH,AGL,CE,Combined TRACON& Tower with Radar,254,50,43,1,348,0,0,8,0,8,254,50,51,1,356,0,0,0,356
07/12/2023,CMH,OH,AGL,CE,Combined TRACON& Tower with Radar,265,51,56,5,377,0,2,15,0,17,265,53,71,5,394,0,0,0,394
07/13/2023,CMH,OH,AGL,CE,Combined TRACON& Tower with Radar,261,41,57,0,359,0,2,16,0,18,261,43,73,0,377,0,0,0,377
07/14/2023,CMH,OH,AGL,CE,Combined TRACON& Tower with Radar,242,41,40,0,323,0,0,18,0,18,242,41,58,0,341,0,0,0,341
07/15/2023,CMH,OH,AGL,CE,Combined TRACON& Tower with Radar,246,45,22,0,313,0,0,9,0,9,246,45,31,0,322,0,0,0,322
07/16/2023,CMH,OH,AGL,CE,Combined TRACON& Tower with Radar,240,41,39,0,320,0,0,5,0,5,240,41,44,0,325,0,0,0,325
07/17/2023,CMH,OH,AGL,CE,Combined TRACON& Tower with Radar,264,40,59,0,363,0,0,7,0,7,264,40,66,0,370,0,0,0,370
07/18/2023,CMH,OH,AGL,CE,Combined TRACON& Tower with Radar,256,44,72,0,372,0,0,5,0,5,256,44,77,0,377,0,0,0,377
07/19/2023,CMH,OH,AGL,CE,Combined TRACON& Tower with Radar,261,42,74,4,381,0,1,17,0,18,261,43,91,4,399,0,0,0,399
07/20/2023,CMH,OH,AGL,CE,Combined TRACON& Tower with Radar,259,62,58,0,379,0,0,6,0,6,259,62,64,0,385,0,0,0,385
07/21/2023,CMH,OH,AGL,CE,Combined TRACON& Tower with Radar,263,33,47,8,351,0,0,7,0,7,263,33,54,8,358,0,0,0,358
07/22/2023,CMH,OH,AGL,CE,Combined TRACON& Tower with Radar,243,34,20,0,297,0,0,16,0,16,243,34,36,0,313,0,0,0,313
07/23/2023,CMH,OH,AGL,CE,Combined TRACON& Tower with Radar,251,20,31,0,302,0,0,9,0,9,251,20,40,0,311,0,0,0,311
07/24/2023,CMH,OH,AGL,CE,Combined TRACON& Tower with Radar,264,39,42,3,348,0,1,7,0,8,264,40,49,3,356,0,0,0,356
07/25/2023,CMH,OH,AGL,CE,Combined TRACON& Tower with Radar,258,33,60,3,354,0,0,9,0,9,258,33,69,3,363,0,0,0,363
07/26/2023,CMH,OH,AGL,CE,Combined TRACON& Tower with Radar,264,58,59,0,381,0,0,4,0,4,264,58,63,0,385,0,0,0,385
07/27/2023,CMH,OH,AGL,CE,Combined TRACON& Tower with Radar,257,41,59,0,357,0,0,6,0,6,257,41,65,0,363,0,0,0,363
07/28/2023,CMH,OH,AGL,CE,Combined TRACON& Tower with Radar,263,31,40,0,334,0,0,7,1,8,263,31,47,1,342,0,0,0,342
07/29/2023,CMH,OH,AGL,CE,Combined TRACON& Tower with Radar,228,33,15,2,278,0,1,8,2,11,228,34,23,4,289,0,0,0,289
07/30/2023,CMH,OH,AGL,CE,Combined TRACON& Tower with Radar,260,41,23,1,325,0,0,18,0,18,260,41,41,1,343,0,0,0,343
07/31/2023,CMH,OH,AGL,CE,Combined TRACON& Tower with Radar,264,38,51,0,353,0,0,14,0,14,264,38,65,0,367,0,0,0,367
08/01/2023,CMH,OH,AGL,CE,Combined TRACON& Tower with Radar,260,42,70,5,377,0,0,21,0,21,260,42,91,5,398,0,0,0,398
08/02/2023,CMH,OH,AGL,CE,Combined TRACON& Tower with Radar,259,53,42,2,356,0,0,36,2,38,259,53,78,4,394,0,0,0,394
08/03/2023,CMH,OH,AGL,CE,Combined TRACON& Tower with Radar,263,44,60,0,367,0,0,8,0,8,263,44,68,0,375,0,0,0,375
08/04/2023,CMH,OH,AGL,CE,Combined TRACON& Tower with Radar,273,38,53,3,367,0,0,15,0,15,273,38,68,3,382,0,0,0,382
08/05/2023,CMH,OH,AGL,CE,Combined TRACON& Tower with Radar,226,28,26,2,282,0,0,8,1,9,226,28,34,3,291,0,0,0,291
08/06/2023,CMH,OH,AGL,CE,Combined TRACON& Tower with Radar,249,53,47,5,354,0,2,8,0,10,249,55,55,5,364,0,0,0,364
08/07/2023,CMH,OH,AGL,CE,Combined TRACON& Tower with Radar,249,33,36,0,318,0,0,0,0,0,249,33,36,0,318,0,0,0,318
08/08/2023,CMH,OH,AGL,CE,Combined TRACON& Tower with Radar,260,50,69,10,389,0,0,5,0,5,260,50,74,10,394,0,0,0,394
08/09/2023,CMH,OH,AGL,CE,Combined TRACON& Tower with Radar,254,39,58,0,351,0,0,8,2,10,254,39,66,2,361,0,0,0,361
08/10/2023,CMH,OH,AGL,CE,Combined TRACON& Tower with Radar,257,47,57,0,361,0,0,14,2,16,257,47,71,2,377,0,0,0,377
08/11/2023,CMH,OH,AGL,CE,Combined TRACON& Tower with Radar,263,53,64,2,382,0,0,8,0,8,263,53,72,2,390,0,0,0,390
08/12/2023,CMH,OH,AGL,CE,Combined TRACON& Tower with Radar,225,41,38,0,304,0,0,6,0,6,225,41,44,0,310,0,0,0,310
08/13/2023,CMH,OH,AGL,CE,Combined TRACON& Tower with Radar,254,39,39,0,332,0,0,19,1,20,254,39,58,1,352,0,0,0,352
08/14/2023,CMH,OH,AGL,CE,Combined TRACON& Tower with Radar,250,37,35,0,322,0,0,0,0,0,250,37,35,0,322,0,0,0,322
08/15/2023,CMH,OH,AGL,CE,Combined TRACON& Tower with Radar,250,36,65,0,351,0,0,4,0,4,250,36,69,0,355,0,0,0,355
08/16/2023,CMH,OH,AGL,CE,Combined TRACON& Tower with Radar,249,44,58,0,351,0,1,6,0,7,249,45,64,0,358,0,0,0,358
08/17/2023,CMH,OH,AGL,CE,Combined TRACON& Tower with Radar,244,47,66,0,357,0,0,4,1,5,244,47,70,1,362,0,0,0,362
08/18/2023,CMH,OH,AGL,CE,Combined TRACON& Tower with Radar,274,42,41,0,357,0,2,23,2,27,274,44,64,2,384,0,0,0,384
08/19/2023,CMH,OH,AGL,CE,Combined TRACON& Tower with Radar,220,31,18,0,269,0,1,9,0,10,220,32,27,0,279,0,0,0,279
08/20/2023,CMH,OH,AGL,CE,Combined TRACON& Tower with Radar,229,42,41,1,313,0,0,8,2,10,229,42,49,3,323,0,0,0,323
08/21/2023,CMH,OH,AGL,CE,Combined TRACON& Tower with Radar,261,56,41,0,358,0,0,10,0,10,261,56,51,0,368,0,0,0,368
08/22/2023,CMH,OH,AGL,CE,Combined TRACON& Tower with Radar,249,53,62,1,365,0,1,12,1,14,249,54,74,2,379,0,0,0,379
08/23/2023,CMH,OH,AGL,CE,Combined TRACON& Tower with Radar,261,45,61,0,367,0,0,12,0,12,261,45,73,0,379,0,0,0,379
08/24/2023,CMH,OH,AGL,CE,Combined TRACON& Tower with Radar,258,46,62,1,367,0,0,10,2,12,258,46,72,3,379,0,0,0,379
08/25/2023,CMH,OH,AGL,CE,Combined TRACON& Tower with Radar,269,63,47,0,379,0,0,7,0,7,269,63,54,0,386,0,0,0,386
08/26/2023,CMH,OH,AGL,CE,Combined TRACON& Tower with Radar,228,37,22,1,288,0,0,7,0,7,228,37,29,1,295,0,0,0,295
08/27/2023,CMH,OH,AGL,CE,Combined TRACON& Tower with Radar,234,48,26,1,309,0,0,15,0,15,234,48,41,1,324,0,0,0,324
08/28/2023,CMH,OH,AGL,CE,Combined TRACON& Tower with Radar,258,50,43,3,354,0,0,10,0,10,258,50,53,3,364,0,0,0,364
08/29/2023,CMH,OH,AGL,CE,Combined TRACON& Tower with Radar,244,48,45,1,338,0,2,10,0,12,244,50,55,1,350,0,0,0,350
08/30/2023,CMH,OH,AGL,CE,Combined TRACON& Tower with Radar,243,45,45,0,333,0,0,9,0,9,243,45,54,0,342,0,0,0,342
08/31/2023,CMH,OH,AGL,CE,Combined TRACON& Tower with Radar,250,42,54,0,346,0,4,11,0,15,250,46,65,0,361,0,0,0,361
