01/01/2020,CMI,IL,AGL,CE,Combined TRACON& Tower with Radar,1,20,2,0,23,0,2,8,0,10,1,22,10,0,33,12,0,12,45
01/02/2020,CMI,IL,AGL,CE,Combined TRACON& Tower with Radar,0,14,26,0,40,0,4,8,0,12,0,18,34,0,52,6,0,6,58
01/03/2020,CMI,IL,AGL,CE,Combined TRACON& Tower with Radar,0,13,9,0,22,0,0,0,0,0,0,13,9,0,22,0,0,0,22
01/04/2020,CMI,IL,AGL,CE,Combined TRACON& Tower with Radar,0,17,2,0,19,0,0,0,0,0,0,17,2,0,19,0,0,0,19
01/05/2020,CMI,IL,AGL,CE,Combined TRACON& Tower with Radar,0,15,5,0,20,0,0,11,0,11,0,15,16,0,31,0,0,0,31
01/06/2020,CMI,IL,AGL,CE,Combined TRACON& Tower with Radar,0,15,9,0,24,0,6,16,0,22,0,21,25,0,46,34,0,34,80
01/07/2020,CMI,IL,AGL,CE,Combined TRACON& Tower with Radar,1,17,10,0,28,0,4,14,0,18,1,21,24,0,46,22,0,22,68
01/08/2020,CMI,IL,AGL,CE,Combined TRACON& Tower with Radar,0,24,15,0,39,0,16,18,0,34,0,40,33,0,73,110,0,110,183
01/09/2020,CMI,IL,AGL,CE,Combined TRACON& Tower with Radar,2,21,11,0,34,0,0,6,0,6,2,21,17,0,40,2,0,2,42
01/10/2020,CMI,IL,AGL,CE,Combined TRACON& Tower with Radar,0,18,3,0,21,0,1,0,0,1,0,19,3,0,22,0,0,0,22
01/11/2020,CMI,IL,AGL,CE,Combined TRACON& Tower with Radar,2,6,0,0,8,0,0,0,0,0,2,6,0,0,8,0,0,0,8
01/12/2020,CMI,IL,AGL,CE,Combined TRACON& Tower with Radar,2,15,1,0,18,0,0,0,0,0,2,15,1,0,18,0,0,0,18
01/13/2020,CMI,IL,AGL,CE,Combined TRACON& Tower with Radar,0,18,6,0,24,0,0,1,0,1,0,18,7,0,25,0,0,0,25
01/14/2020,CMI,IL,AGL,CE,Combined TRACON& Tower with Radar,0,19,9,0,28,0,0,0,0,0,0,19,9,0,28,0,0,0,28
01/15/2020,CMI,IL,AGL,CE,Combined TRACON& Tower with Radar,0,23,6,0,29,0,0,0,0,0,0,23,6,0,29,0,0,0,29
01/16/2020,CMI,IL,AGL,CE,Combined TRACON& Tower with Radar,0,22,19,0,41,0,29,15,0,44,0,51,34,0,85,84,0,84,169
01/17/2020,CMI,IL,AGL,CE,Combined TRACON& Tower with Radar,1,19,11,0,31,0,23,2,0,25,1,42,13,0,56,80,0,80,136
01/18/2020,CMI,IL,AGL,CE,Combined TRACON& Tower with Radar,1,12,0,0,13,0,0,0,0,0,1,12,0,0,13,0,0,0,13
01/19/2020,CMI,IL,AGL,CE,Combined TRACON& Tower with Radar,2,20,12,0,34,0,0,0,0,0,2,20,12,0,34,0,0,0,34
01/20/2020,CMI,IL,AGL,CE,Combined TRACON& Tower with Radar,0,26,7,0,33,0,10,2,0,12,0,36,9,0,45,112,0,112,157
01/21/2020,CMI,IL,AGL,CE,Combined TRACON& Tower with Radar,0,25,25,6,56,0,43,18,0,61,0,68,43,6,117,118,0,118,235
01/22/2020,CMI,IL,AGL,CE,Combined TRACON& Tower with Radar,1,32,20,2,55,0,54,11,2,67,1,86,31,4,122,190,2,192,314
01/23/2020,CMI,IL,AGL,CE,Combined TRACON& Tower with Radar,1,18,8,0,27,0,0,0,0,0,1,18,8,0,27,0,0,0,27
01/24/2020,CMI,IL,AGL,CE,Combined TRACON& Tower with Radar,2,14,3,0,19,0,0,0,0,0,2,14,3,0,19,0,0,0,19
01/25/2020,CMI,IL,AGL,CE,Combined TRACON& Tower with Radar,1,17,1,0,19,0,0,0,0,0,1,17,1,0,19,0,0,0,19
01/26/2020,CMI,IL,AGL,CE,Combined TRACON& Tower with Radar,0,18,16,0,34,0,12,11,0,23,0,30,27,0,57,22,0,22,79
01/27/2020,CMI,IL,AGL,CE,Combined TRACON& Tower with Radar,5,19,8,0,32,0,1,0,0,1,5,20,8,0,33,0,0,0,33
01/28/2020,CMI,IL,AGL,CE,Combined TRACON& Tower with Radar,0,23,9,0,32,0,0,0,0,0,0,23,9,0,32,0,0,0,32
01/29/2020,CMI,IL,AGL,CE,Combined TRACON& Tower with Radar,3,19,3,0,25,0,0,2,0,2,3,19,5,0,27,140,0,140,167
01/30/2020,CMI,IL,AGL,CE,Combined TRACON& Tower with Radar,2,38,7,0,47,0,30,6,0,36,2,68,13,0,83,146,2,148,231
01/31/2020,CMI,IL,AGL,CE,Combined TRACON& Tower with Radar,2,18,7,0,27,0,1,0,0,1,2,19,7,0,28,18,0,18,46
02/01/2020,CMI,IL,AGL,CE,Combined TRACON& Tower with Radar,1,18,1,0,20,0,0,2,0,2,1,18,3,0,22,0,0,0,22
02/02/2020,CMI,IL,AGL,CE,Combined TRACON& Tower with Radar,1,19,5,0,25,0,16,36,0,52,1,35,41,0,77,80,0,80,157
02/03/2020,CMI,IL,AGL,CE,Combined TRACON& Tower with Radar,0,50,17,0,67,0,56,27,0,83,0,106,44,0,150,118,0,118,268
02/04/2020,CMI,IL,AGL,CE,Combined TRACON& Tower with Radar,1,19,8,0,28,0,0,0,0,0,1,19,8,0,28,0,0,0,28
02/05/2020,CMI,IL,AGL,CE,Combined TRACON& Tower with Radar,3,23,2,6,34,0,21,2,0,23,3,44,4,6,57,28,0,28,85
02/06/2020,CMI,IL,AGL,CE,Combined TRACON& Tower with Radar,1,18,4,0,23,0,1,0,0,1,1,19,4,0,24,0,0,0,24
02/07/2020,CMI,IL,AGL,CE,Combined TRACON& Tower with Radar,1,42,27,2,72,0,45,24,0,69,1,87,51,2,141,166,0,166,307
02/08/2020,CMI,IL,AGL,CE,Combined TRACON& Tower with Radar,3,10,1,0,14,0,0,1,0,1,3,10,2,0,15,0,0,0,15
02/09/2020,CMI,IL,AGL,CE,Combined TRACON& Tower with Radar,1,12,2,0,15,0,0,0,0,0,1,12,2,0,15,0,0,0,15
02/10/2020,CMI,IL,AGL,CE,Combined TRACON& Tower with Radar,2,23,13,2,40,0,0,0,0,0,2,23,13,2,40,144,0,144,184
02/11/2020,CMI,IL,AGL,CE,Combined TRACON& Tower with Radar,0,31,33,0,64,0,29,33,0,62,0,60,66,0,126,84,0,84,210
02/12/2020,CMI,IL,AGL,CE,Combined TRACON& Tower with Radar,0,20,9,0,29,0,15,3,0,18,0,35,12,0,47,92,0,92,139
02/13/2020,CMI,IL,AGL,CE,Combined TRACON& Tower with Radar,0,16,4,0,20,0,1,0,0,1,0,17,4,0,21,0,0,0,21
02/14/2020,CMI,IL,AGL,CE,Combined TRACON& Tower with Radar,1,21,19,0,41,0,10,22,0,32,1,31,41,0,73,68,0,68,141
02/15/2020,CMI,IL,AGL,CE,Combined TRACON& Tower with Radar,2,16,6,0,24,0,17,13,0,30,2,33,19,0,54,64,0,64,118
02/16/2020,CMI,IL,AGL,CE,Combined TRACON& Tower with Radar,0,17,16,0,33,0,4,48,2,54,0,21,64,2,87,46,0,46,133
02/17/2020,CMI,IL,AGL,CE,Combined TRACON& Tower with Radar,2,25,9,0,36,0,4,2,0,6,2,29,11,0,42,0,0,0,42
02/18/2020,CMI,IL,AGL,CE,Combined TRACON& Tower with Radar,3,21,26,0,50,0,12,13,0,25,3,33,39,0,75,106,0,106,181
02/19/2020,CMI,IL,AGL,CE,Combined TRACON& Tower with Radar,2,38,32,0,72,0,48,36,0,84,2,86,68,0,156,82,0,82,238
02/20/2020,CMI,IL,AGL,CE,Combined TRACON& Tower with Radar,0,26,21,0,47,0,35,23,4,62,0,61,44,4,109,50,0,50,159
02/21/2020,CMI,IL,AGL,CE,Combined TRACON& Tower with Radar,1,29,20,0,50,0,47,27,0,74,1,76,47,0,124,118,0,118,242
02/22/2020,CMI,IL,AGL,CE,Combined TRACON& Tower with Radar,1,19,17,0,37,0,17,48,0,65,1,36,65,0,102,82,0,82,184
02/23/2020,CMI,IL,AGL,CE,Combined TRACON& Tower with Radar,1,17,17,0,35,0,9,28,0,37,1,26,45,0,72,52,0,52,124
02/24/2020,CMI,IL,AGL,CE,Combined TRACON& Tower with Radar,0,22,2,0,24,0,0,0,0,0,0,22,2,0,24,0,0,0,24
02/25/2020,CMI,IL,AGL,CE,Combined TRACON& Tower with Radar,2,16,15,0,33,0,0,0,0,0,2,16,15,0,33,0,0,0,33
02/26/2020,CMI,IL,AGL,CE,Combined TRACON& Tower with Radar,0,17,0,0,17,0,0,0,0,0,0,17,0,0,17,0,0,0,17
02/27/2020,CMI,IL,AGL,CE,Combined TRACON& Tower with Radar,0,27,19,0,46,0,28,21,0,49,0,55,40,0,95,80,0,80,175
02/28/2020,CMI,IL,AGL,CE,Combined TRACON& Tower with Radar,0,40,13,0,53,0,5,6,0,11,0,45,19,0,64,154,0,154,218
02/29/2020,CMI,IL,AGL,CE,Combined TRACON& Tower with Radar,0,24,16,0,40,0,36,37,2,75,0,60,53,2,115,188,0,188,303
03/01/2020,CMI,IL,AGL,CE,Combined TRACON& Tower with Radar,0,16,23,0,39,0,2,11,0,13,0,18,34,0,52,10,0,10,62
03/02/2020,CMI,IL,AGL,CE,Combined TRACON& Tower with Radar,0,62,9,4,75,0,25,7,0,32,0,87,16,4,107,130,0,130,237
03/03/2020,CMI,IL,AGL,CE,Combined TRACON& Tower with Radar,0,19,16,0,35,0,9,14,4,27,0,28,30,4,62,36,0,36,98
03/04/2020,CMI,IL,AGL,CE,Combined TRACON& Tower with Radar,1,39,33,0,73,0,31,32,0,63,1,70,65,0,136,44,0,44,180
03/05/2020,CMI,IL,AGL,CE,Combined TRACON& Tower with Radar,1,27,10,0,38,0,13,15,0,28,1,40,25,0,66,64,0,64,130
03/06/2020,CMI,IL,AGL,CE,Combined TRACON& Tower with Radar,0,18,11,0,29,0,14,13,0,27,0,32,24,0,56,26,0,26,82
03/07/2020,CMI,IL,AGL,CE,Combined TRACON& Tower with Radar,0,20,10,0,30,0,21,39,0,60,0,41,49,0,90,130,0,130,220
03/08/2020,CMI,IL,AGL,CE,Combined TRACON& Tower with Radar,0,17,7,0,24,0,4,10,0,14,0,21,17,0,38,14,0,14,52
03/09/2020,CMI,IL,AGL,CE,Combined TRACON& Tower with Radar,0,22,9,0,31,0,11,2,0,13,0,33,11,0,44,36,0,36,80
03/10/2020,CMI,IL,AGL,CE,Combined TRACON& Tower with Radar,0,19,24,0,43,0,0,0,0,0,0,19,24,0,43,0,0,0,43
03/11/2020,CMI,IL,AGL,CE,Combined TRACON& Tower with Radar,0,27,15,0,42,0,1,1,0,2,0,28,16,0,44,0,0,0,44
03/12/2020,CMI,IL,AGL,CE,Combined TRACON& Tower with Radar,0,27,7,0,34,0,0,0,0,0,0,27,7,0,34,0,0,0,34
03/13/2020,CMI,IL,AGL,CE,Combined TRACON& Tower with Radar,0,42,30,2,74,0,36,31,0,67,0,78,61,2,141,176,0,176,317
03/14/2020,CMI,IL,AGL,CE,Combined TRACON& Tower with Radar,0,15,8,0,23,0,0,0,0,0,0,15,8,0,23,0,0,0,23
03/15/2020,CMI,IL,AGL,CE,Combined TRACON& Tower with Radar,0,14,6,0,20,0,3,7,0,10,0,17,13,0,30,20,0,20,50
03/16/2020,CMI,IL,AGL,CE,Combined TRACON& Tower with Radar,0,17,9,0,26,0,0,0,0,0,0,17,9,0,26,0,0,0,26
03/17/2020,CMI,IL,AGL,CE,Combined TRACON& Tower with Radar,0,16,13,2,31,0,4,11,0,15,0,20,24,2,46,24,0,24,70
03/18/2020,CMI,IL,AGL,CE,Combined TRACON& Tower with Radar,0,18,6,2,26,0,0,0,0,0,0,18,6,2,26,0,0,0,26
03/19/2020,CMI,IL,AGL,CE,Combined TRACON& Tower with Radar,0,17,7,0,24,0,0,2,1,3,0,17,9,1,27,6,0,6,33
03/20/2020,CMI,IL,AGL,CE,Combined TRACON& Tower with Radar,0,14,12,0,26,0,0,0,1,1,0,14,12,1,27,0,0,0,27
03/21/2020,CMI,IL,AGL,CE,Combined TRACON& Tower with Radar,0,13,7,0,20,0,2,8,0,10,0,15,15,0,30,0,0,0,30
03/22/2020,CMI,IL,AGL,CE,Combined TRACON& Tower with Radar,0,16,7,0,23,0,0,5,0,5,0,16,12,0,28,0,0,0,28
03/23/2020,CMI,IL,AGL,CE,Combined TRACON& Tower with Radar,0,16,2,0,18,0,0,1,0,1,0,16,3,0,19,0,0,0,19
03/24/2020,CMI,IL,AGL,CE,Combined TRACON& Tower with Radar,0,11,10,0,21,0,0,0,0,0,0,11,10,0,21,0,0,0,21
03/25/2020,CMI,IL,AGL,CE,Combined TRACON& Tower with Radar,0,8,7,0,15,0,0,8,0,8,0,8,15,0,23,2,0,2,25
03/26/2020,CMI,IL,AGL,CE,Combined TRACON& Tower with Radar,0,14,6,0,20,0,0,7,0,7,0,14,13,0,27,0,0,0,27
03/27/2020,CMI,IL,AGL,CE,Combined TRACON& Tower with Radar,0,10,5,0,15,0,0,0,0,0,0,10,5,0,15,0,0,0,15
03/28/2020,CMI,IL,AGL,CE,Combined TRACON& Tower with Radar,0,9,0,0,9,0,0,0,0,0,0,9,0,0,9,0,0,0,9
03/29/2020,CMI,IL,AGL,CE,Combined TRACON& Tower with Radar,0,8,2,0,10,0,0,0,0,0,0,8,2,0,10,0,0,0,10
03/30/2020,CMI,IL,AGL,CE,Combined TRACON& Tower with Radar,0,8,10,0,18,0,0,10,0,10,0,8,20,0,28,0,0,0,28
03/31/2020,CMI,IL,AGL,CE,Combined TRACON& Tower with Radar,0,7,10,0,17,0,0,6,0,6,0,7,16,0,23,0,0,0,23
04/01/2020,CMI,IL,AGL,CE,Combined TRACON& Tower with Radar,0,8,7,0,15,0,0,19,0,19,0,8,26,0,34,2,0,2,36
04/02/2020,CMI,IL,AGL,CE,Combined TRACON& Tower with Radar,0,8,3,0,11,0,2,16,0,18,0,10,19,0,29,10,0,10,39
04/03/2020,CMI,IL,AGL,CE,Combined TRACON& Tower with Radar,0,9,0,0,9,0,0,4,0,4,0,9,4,0,13,0,0,0,13
04/04/2020,CMI,IL,AGL,CE,Combined TRACON& Tower with Radar,0,10,10,0,20,0,0,0,0,0,0,10,10,0,20,0,0,0,20
04/05/2020,CMI,IL,AGL,CE,Combined TRACON& Tower with Radar,0,9,8,0,17,0,2,34,0,36,0,11,42,0,53,4,0,4,57
04/06/2020,CMI,IL,AGL,CE,Combined TRACON& Tower with Radar,0,13,5,0,18,0,0,12,2,14,0,13,17,2,32,4,0,4,36
04/07/2020,CMI,IL,AGL,CE,Combined TRACON& Tower with Radar,0,9,11,0,20,0,0,16,0,16,0,9,27,0,36,6,0,6,42
04/08/2020,CMI,IL,AGL,CE,Combined TRACON& Tower with Radar,0,7,5,0,12,0,2,13,0,15,0,9,18,0,27,0,0,0,27
04/09/2020,CMI,IL,AGL,CE,Combined TRACON& Tower with Radar,0,6,0,0,6,0,0,7,0,7,0,6,7,0,13,0,0,0,13
04/10/2020,CMI,IL,AGL,CE,Combined TRACON& Tower with Radar,0,7,3,0,10,0,4,9,0,13,0,11,12,0,23,2,0,2,25
04/11/2020,CMI,IL,AGL,CE,Combined TRACON& Tower with Radar,0,4,3,0,7,0,0,13,0,13,0,4,16,0,20,6,0,6,26
04/12/2020,CMI,IL,AGL,CE,Combined TRACON& Tower with Radar,0,4,6,0,10,0,0,0,0,0,0,4,6,0,10,0,0,0,10
04/13/2020,CMI,IL,AGL,CE,Combined TRACON& Tower with Radar,0,9,6,0,15,0,0,0,0,0,0,9,6,0,15,0,0,0,15
04/14/2020,CMI,IL,AGL,CE,Combined TRACON& Tower with Radar,0,4,14,0,18,0,2,11,0,13,0,6,25,0,31,2,0,2,33
04/15/2020,CMI,IL,AGL,CE,Combined TRACON& Tower with Radar,0,8,6,0,14,0,0,4,2,6,0,8,10,2,20,0,0,0,20
04/16/2020,CMI,IL,AGL,CE,Combined TRACON& Tower with Radar,0,4,5,0,9,0,2,4,0,6,0,6,9,0,15,0,0,0,15
04/17/2020,CMI,IL,AGL,CE,Combined TRACON& Tower with Radar,0,8,8,0,16,0,0,0,0,0,0,8,8,0,16,0,0,0,16
04/18/2020,CMI,IL,AGL,CE,Combined TRACON& Tower with Radar,0,2,13,0,15,0,0,28,0,28,0,2,41,0,43,34,0,34,77
04/19/2020,CMI,IL,AGL,CE,Combined TRACON& Tower with Radar,0,5,9,0,14,0,2,16,0,18,0,7,25,0,32,0,0,0,32
04/20/2020,CMI,IL,AGL,CE,Combined TRACON& Tower with Radar,0,5,12,0,17,0,0,16,0,16,0,5,28,0,33,10,0,10,43
04/21/2020,CMI,IL,AGL,CE,Combined TRACON& Tower with Radar,0,7,4,0,11,0,1,8,2,11,0,8,12,2,22,2,0,2,24
04/22/2020,CMI,IL,AGL,CE,Combined TRACON& Tower with Radar,0,7,7,0,14,0,0,12,0,12,0,7,19,0,26,0,0,0,26
04/23/2020,CMI,IL,AGL,CE,Combined TRACON& Tower with Radar,0,14,5,0,19,0,0,0,0,0,0,14,5,0,19,0,0,0,19
04/24/2020,CMI,IL,AGL,CE,Combined TRACON& Tower with Radar,0,6,6,0,12,0,2,0,0,2,0,8,6,0,14,14,0,14,28
04/25/2020,CMI,IL,AGL,CE,Combined TRACON& Tower with Radar,0,5,4,0,9,0,0,0,0,0,0,5,4,0,9,0,0,0,9
04/26/2020,CMI,IL,AGL,CE,Combined TRACON& Tower with Radar,0,6,11,0,17,0,0,15,0,15,0,6,26,0,32,8,0,8,40
04/27/2020,CMI,IL,AGL,CE,Combined TRACON& Tower with Radar,0,6,7,2,15,0,2,15,0,17,0,8,22,2,32,16,0,16,48
04/28/2020,CMI,IL,AGL,CE,Combined TRACON& Tower with Radar,0,7,11,0,18,0,3,9,0,12,0,10,20,0,30,0,0,0,30
04/29/2020,CMI,IL,AGL,CE,Combined TRACON& Tower with Radar,0,4,2,0,6,0,0,0,0,0,0,4,2,0,6,0,0,0,6
04/30/2020,CMI,IL,AGL,CE,Combined TRACON& Tower with Radar,0,5,10,0,15,0,2,12,0,14,0,7,22,0,29,10,0,10,39
05/01/2020,CMI,IL,AGL,CE,Combined TRACON& Tower with Radar,0,7,17,0,24,0,2,26,0,28,0,9,43,0,52,48,0,48,100
05/02/2020,CMI,IL,AGL,CE,Combined TRACON& Tower with Radar,0,2,11,0,13,0,4,18,0,22,0,6,29,0,35,14,0,14,49
05/03/2020,CMI,IL,AGL,CE,Combined TRACON& Tower with Radar,0,1,6,0,7,0,2,18,0,20,0,3,24,0,27,0,0,0,27
05/04/2020,CMI,IL,AGL,CE,Combined TRACON& Tower with Radar,0,6,6,0,12,0,2,9,0,11,0,8,15,0,23,10,0,10,33
05/05/2020,CMI,IL,AGL,CE,Combined TRACON& Tower with Radar,0,3,7,0,10,0,0,1,0,1,0,3,8,0,11,0,0,0,11
05/06/2020,CMI,IL,AGL,CE,Combined TRACON& Tower with Radar,0,2,9,2,13,0,0,14,0,14,0,2,23,2,27,12,0,12,39
05/07/2020,CMI,IL,AGL,CE,Combined TRACON& Tower with Radar,0,7,10,0,17,0,2,12,0,14,0,9,22,0,31,26,0,26,57
05/08/2020,CMI,IL,AGL,CE,Combined TRACON& Tower with Radar,0,3,5,0,8,0,0,4,0,4,0,3,9,0,12,16,0,16,28
05/09/2020,CMI,IL,AGL,CE,Combined TRACON& Tower with Radar,0,0,19,0,19,0,2,20,0,22,0,2,39,0,41,10,0,10,51
05/10/2020,CMI,IL,AGL,CE,Combined TRACON& Tower with Radar,0,5,8,0,13,0,0,4,0,4,0,5,12,0,17,0,0,0,17
05/11/2020,CMI,IL,AGL,CE,Combined TRACON& Tower with Radar,0,3,12,0,15,0,0,8,0,8,0,3,20,0,23,12,0,12,35
05/12/2020,CMI,IL,AGL,CE,Combined TRACON& Tower with Radar,0,0,20,2,22,0,2,29,0,31,0,2,49,2,53,6,0,6,59
05/13/2020,CMI,IL,AGL,CE,Combined TRACON& Tower with Radar,0,3,8,0,11,0,0,6,0,6,0,3,14,0,17,0,0,0,17
05/14/2020,CMI,IL,AGL,CE,Combined TRACON& Tower with Radar,0,9,9,0,18,0,0,1,0,1,0,9,10,0,19,0,0,0,19
05/15/2020,CMI,IL,AGL,CE,Combined TRACON& Tower with Radar,0,5,6,0,11,0,0,2,0,2,0,5,8,0,13,0,0,0,13
05/16/2020,CMI,IL,AGL,CE,Combined TRACON& Tower with Radar,0,0,6,0,6,0,3,19,0,22,0,3,25,0,28,28,0,28,56
05/17/2020,CMI,IL,AGL,CE,Combined TRACON& Tower with Radar,0,3,7,0,10,0,0,0,0,0,0,3,7,0,10,0,0,0,10
05/18/2020,CMI,IL,AGL,CE,Combined TRACON& Tower with Radar,0,3,5,0,8,0,0,2,0,2,0,3,7,0,10,6,0,6,16
05/19/2020,CMI,IL,AGL,CE,Combined TRACON& Tower with Radar,0,0,15,0,15,0,0,1,1,2,0,0,16,1,17,0,0,0,17
05/20/2020,CMI,IL,AGL,CE,Combined TRACON& Tower with Radar,0,5,17,2,24,0,2,0,2,4,0,7,17,4,28,0,0,0,28
05/21/2020,CMI,IL,AGL,CE,Combined TRACON& Tower with Radar,0,3,18,0,21,0,0,3,0,3,0,3,21,0,24,28,0,28,52
05/22/2020,CMI,IL,AGL,CE,Combined TRACON& Tower with Radar,0,7,9,0,16,0,8,11,0,19,0,15,20,0,35,24,0,24,59
05/23/2020,CMI,IL,AGL,CE,Combined TRACON& Tower with Radar,0,1,2,0,3,0,0,10,2,12,0,1,12,2,15,26,0,26,41
05/24/2020,CMI,IL,AGL,CE,Combined TRACON& Tower with Radar,0,4,10,0,14,0,4,18,0,22,0,8,28,0,36,14,0,14,50
05/25/2020,CMI,IL,AGL,CE,Combined TRACON& Tower with Radar,0,3,6,0,9,0,0,9,0,9,0,3,15,0,18,22,0,22,40
05/26/2020,CMI,IL,AGL,CE,Combined TRACON& Tower with Radar,0,0,9,0,9,0,7,11,0,18,0,7,20,0,27,16,0,16,43
05/27/2020,CMI,IL,AGL,CE,Combined TRACON& Tower with Radar,0,5,4,0,9,0,2,15,0,17,0,7,19,0,26,28,0,28,54
05/28/2020,CMI,IL,AGL,CE,Combined TRACON& Tower with Radar,0,4,9,0,13,0,4,10,0,14,0,8,19,0,27,4,0,4,31
05/29/2020,CMI,IL,AGL,CE,Combined TRACON& Tower with Radar,0,4,10,0,14,0,9,15,0,24,0,13,25,0,38,10,0,10,48
05/30/2020,CMI,IL,AGL,CE,Combined TRACON& Tower with Radar,0,3,6,0,9,0,6,21,0,27,0,9,27,0,36,30,0,30,66
05/31/2020,CMI,IL,AGL,CE,Combined TRACON& Tower with Radar,0,5,17,0,22,0,2,22,0,24,0,7,39,0,46,20,0,20,66
06/01/2020,CMI,IL,AGL,CE,Combined TRACON& Tower with Radar,0,14,9,0,23,0,29,16,0,45,0,43,25,0,68,86,0,86,154
06/02/2020,CMI,IL,AGL,CE,Combined TRACON& Tower with Radar,0,12,12,0,24,0,23,20,0,43,0,35,32,0,67,64,0,64,131
06/03/2020,CMI,IL,AGL,CE,Combined TRACON& Tower with Radar,0,23,8,0,31,0,27,11,0,38,0,50,19,0,69,94,0,94,163
06/04/2020,CMI,IL,AGL,CE,Combined TRACON& Tower with Radar,0,25,7,1,33,0,27,7,3,37,0,52,14,4,70,68,0,68,138
06/05/2020,CMI,IL,AGL,CE,Combined TRACON& Tower with Radar,0,11,16,0,27,0,28,16,0,44,0,39,32,0,71,160,0,160,231
06/06/2020,CMI,IL,AGL,CE,Combined TRACON& Tower with Radar,0,6,13,0,19,0,18,21,0,39,0,24,34,0,58,24,0,24,82
06/07/2020,CMI,IL,AGL,CE,Combined TRACON& Tower with Radar,0,3,15,0,18,0,2,19,0,21,0,5,34,0,39,10,0,10,49
06/08/2020,CMI,IL,AGL,CE,Combined TRACON& Tower with Radar,0,19,13,0,32,0,37,22,1,60,0,56,35,1,92,86,0,86,178
06/09/2020,CMI,IL,AGL,CE,Combined TRACON& Tower with Radar,0,3,8,0,11,0,0,0,0,0,0,3,8,0,11,0,0,0,11
06/10/2020,CMI,IL,AGL,CE,Combined TRACON& Tower with Radar,0,1,3,0,4,0,4,4,0,8,0,5,7,0,12,58,0,58,70
06/11/2020,CMI,IL,AGL,CE,Combined TRACON& Tower with Radar,0,10,17,0,27,0,26,29,2,57,0,36,46,2,84,122,0,122,206
06/12/2020,CMI,IL,AGL,CE,Combined TRACON& Tower with Radar,0,26,23,0,49,0,38,26,0,64,0,64,49,0,113,54,0,54,167
06/13/2020,CMI,IL,AGL,CE,Combined TRACON& Tower with Radar,0,6,9,0,15,0,12,21,0,33,0,18,30,0,48,64,0,64,112
06/14/2020,CMI,IL,AGL,CE,Combined TRACON& Tower with Radar,0,8,9,0,17,0,0,12,0,12,0,8,21,0,29,0,0,0,29
06/15/2020,CMI,IL,AGL,CE,Combined TRACON& Tower with Radar,0,18,10,0,28,0,38,36,0,74,0,56,46,0,102,122,0,122,224
06/16/2020,CMI,IL,AGL,CE,Combined TRACON& Tower with Radar,0,9,10,0,19,0,17,24,0,41,0,26,34,0,60,124,0,124,184
06/17/2020,CMI,IL,AGL,CE,Combined TRACON& Tower with Radar,0,10,16,0,26,0,21,17,0,38,0,31,33,0,64,216,0,216,280
06/18/2020,CMI,IL,AGL,CE,Combined TRACON& Tower with Radar,0,20,13,0,33,0,22,13,0,35,0,42,26,0,68,96,0,96,164
06/19/2020,CMI,IL,AGL,CE,Combined TRACON& Tower with Radar,0,15,14,0,29,0,16,23,0,39,0,31,37,0,68,130,0,130,198
06/20/2020,CMI,IL,AGL,CE,Combined TRACON& Tower with Radar,0,8,6,0,14,0,10,10,0,20,0,18,16,0,34,144,0,144,178
06/21/2020,CMI,IL,AGL,CE,Combined TRACON& Tower with Radar,0,5,11,0,16,0,0,10,0,10,0,5,21,0,26,36,0,36,62
06/22/2020,CMI,IL,AGL,CE,Combined TRACON& Tower with Radar,2,14,3,0,19,0,13,8,0,21,2,27,11,0,40,120,0,120,160
06/23/2020,CMI,IL,AGL,CE,Combined TRACON& Tower with Radar,0,22,17,0,39,0,18,11,0,29,0,40,28,0,68,90,0,90,158
06/24/2020,CMI,IL,AGL,CE,Combined TRACON& Tower with Radar,0,10,13,0,23,0,21,15,0,36,0,31,28,0,59,166,0,166,225
06/25/2020,CMI,IL,AGL,CE,Combined TRACON& Tower with Radar,0,10,17,0,27,0,25,20,0,45,0,35,37,0,72,126,0,126,198
06/26/2020,CMI,IL,AGL,CE,Combined TRACON& Tower with Radar,0,17,9,0,26,0,27,10,0,37,0,44,19,0,63,82,0,82,145
06/27/2020,CMI,IL,AGL,CE,Combined TRACON& Tower with Radar,0,5,10,0,15,0,0,2,0,2,0,5,12,0,17,46,0,46,63
06/28/2020,CMI,IL,AGL,CE,Combined TRACON& Tower with Radar,0,3,6,0,9,0,2,8,0,10,0,5,14,0,19,72,0,72,91
06/29/2020,CMI,IL,AGL,CE,Combined TRACON& Tower with Radar,0,5,11,0,16,0,5,11,0,16,0,10,22,0,32,44,0,44,76
06/30/2020,CMI,IL,AGL,CE,Combined TRACON& Tower with Radar,0,7,10,0,17,0,18,2,2,22,0,25,12,2,39,104,0,104,143
07/01/2020,CMI,IL,AGL,CE,Combined TRACON& Tower with Radar,0,15,16,0,31,0,10,12,0,22,0,25,28,0,53,52,0,52,105
07/02/2020,CMI,IL,AGL,CE,Combined TRACON& Tower with Radar,0,20,10,0,30,0,37,25,0,62,0,57,35,0,92,142,0,142,234
07/03/2020,CMI,IL,AGL,CE,Combined TRACON& Tower with Radar,0,7,22,0,29,0,9,26,0,35,0,16,48,0,64,104,0,104,168
07/04/2020,CMI,IL,AGL,CE,Combined TRACON& Tower with Radar,0,2,2,0,4,0,1,13,0,14,0,3,15,0,18,6,0,6,24
07/05/2020,CMI,IL,AGL,CE,Combined TRACON& Tower with Radar,0,3,14,0,17,0,0,11,0,11,0,3,25,0,28,0,0,0,28
07/06/2020,CMI,IL,AGL,CE,Combined TRACON& Tower with Radar,0,9,2,0,11,0,17,19,0,36,0,26,21,0,47,74,0,74,121
07/07/2020,CMI,IL,AGL,CE,Combined TRACON& Tower with Radar,0,10,9,0,19,0,19,10,0,29,0,29,19,0,48,84,0,84,132
07/08/2020,CMI,IL,AGL,CE,Combined TRACON& Tower with Radar,0,18,13,0,31,0,19,7,0,26,0,37,20,0,57,98,0,98,155
07/09/2020,CMI,IL,AGL,CE,Combined TRACON& Tower with Radar,0,9,19,0,28,0,17,1,0,18,0,26,20,0,46,94,0,94,140
07/10/2020,CMI,IL,AGL,CE,Combined TRACON& Tower with Radar,0,28,8,0,36,0,9,11,0,20,0,37,19,0,56,70,0,70,126
07/11/2020,CMI,IL,AGL,CE,Combined TRACON& Tower with Radar,0,14,4,0,18,0,17,24,0,41,0,31,28,0,59,42,0,42,101
07/12/2020,CMI,IL,AGL,CE,Combined TRACON& Tower with Radar,0,10,9,0,19,0,6,7,0,13,0,16,16,0,32,40,0,40,72
07/13/2020,CMI,IL,AGL,CE,Combined TRACON& Tower with Radar,0,16,4,0,20,0,30,24,0,54,0,46,28,0,74,118,0,118,192
07/14/2020,CMI,IL,AGL,CE,Combined TRACON& Tower with Radar,0,15,14,0,29,0,24,30,0,54,0,39,44,0,83,172,0,172,255
07/15/2020,CMI,IL,AGL,CE,Combined TRACON& Tower with Radar,0,20,8,0,28,0,33,14,0,47,0,53,22,0,75,76,0,76,151
07/16/2020,CMI,IL,AGL,CE,Combined TRACON& Tower with Radar,0,22,13,1,36,0,9,13,4,26,0,31,26,5,62,64,0,64,126
07/17/2020,CMI,IL,AGL,CE,Combined TRACON& Tower with Radar,0,31,8,0,39,0,23,20,2,45,0,54,28,2,84,50,0,50,134
07/18/2020,CMI,IL,AGL,CE,Combined TRACON& Tower with Radar,0,8,13,0,21,0,8,17,0,25,0,16,30,0,46,36,0,36,82
07/19/2020,CMI,IL,AGL,CE,Combined TRACON& Tower with Radar,0,8,5,0,13,0,0,6,0,6,0,8,11,0,19,0,0,0,19
07/20/2020,CMI,IL,AGL,CE,Combined TRACON& Tower with Radar,0,19,19,0,38,0,27,27,0,54,0,46,46,0,92,100,0,100,192
07/21/2020,CMI,IL,AGL,CE,Combined TRACON& Tower with Radar,0,11,13,0,24,0,6,3,0,9,0,17,16,0,33,32,0,32,65
07/22/2020,CMI,IL,AGL,CE,Combined TRACON& Tower with Radar,0,29,9,0,38,0,5,5,0,10,0,34,14,0,48,106,0,106,154
07/23/2020,CMI,IL,AGL,CE,Combined TRACON& Tower with Radar,0,20,9,0,29,0,20,22,0,42,0,40,31,0,71,162,0,162,233
07/24/2020,CMI,IL,AGL,CE,Combined TRACON& Tower with Radar,0,12,14,0,26,0,11,23,0,34,0,23,37,0,60,60,0,60,120
07/25/2020,CMI,IL,AGL,CE,Combined TRACON& Tower with Radar,0,12,7,0,19,0,7,25,0,32,0,19,32,0,51,10,0,10,61
07/26/2020,CMI,IL,AGL,CE,Combined TRACON& Tower with Radar,0,12,6,0,18,0,2,27,0,29,0,14,33,0,47,24,0,24,71
07/27/2020,CMI,IL,AGL,CE,Combined TRACON& Tower with Radar,0,8,0,0,8,0,10,4,0,14,0,18,4,0,22,0,0,0,22
07/28/2020,CMI,IL,AGL,CE,Combined TRACON& Tower with Radar,0,11,12,0,23,0,28,45,0,73,0,39,57,0,96,38,0,38,134
07/29/2020,CMI,IL,AGL,CE,Combined TRACON& Tower with Radar,0,13,4,0,17,0,24,16,0,40,0,37,20,0,57,118,0,118,175
07/30/2020,CMI,IL,AGL,CE,Combined TRACON& Tower with Radar,0,5,10,0,15,0,3,2,0,5,0,8,12,0,20,38,0,38,58
07/31/2020,CMI,IL,AGL,CE,Combined TRACON& Tower with Radar,0,9,7,0,16,0,21,8,1,30,0,30,15,1,46,72,0,72,118
08/01/2020,CMI,IL,AGL,CE,Combined TRACON& Tower with Radar,0,2,7,0,9,0,0,0,1,1,0,2,7,1,10,0,0,0,10
08/02/2020,CMI,IL,AGL,CE,Combined TRACON& Tower with Radar,1,3,4,0,8,0,0,11,0,11,1,3,15,0,19,18,0,18,37
08/03/2020,CMI,IL,AGL,CE,Combined TRACON& Tower with Radar,0,8,15,0,23,0,0,4,0,4,0,8,19,0,27,40,0,40,67
08/04/2020,CMI,IL,AGL,CE,Combined TRACON& Tower with Radar,0,4,9,0,13,0,21,22,0,43,0,25,31,0,56,48,0,48,104
08/05/2020,CMI,IL,AGL,CE,Combined TRACON& Tower with Radar,0,13,7,0,20,0,20,24,0,44,0,33,31,0,64,84,0,84,148
08/06/2020,CMI,IL,AGL,CE,Combined TRACON& Tower with Radar,0,5,6,0,11,0,9,32,0,41,0,14,38,0,52,78,0,78,130
08/07/2020,CMI,IL,AGL,CE,Combined TRACON& Tower with Radar,0,2,7,0,9,0,11,20,0,31,0,13,27,0,40,68,0,68,108
08/08/2020,CMI,IL,AGL,CE,Combined TRACON& Tower with Radar,0,3,5,0,8,0,4,15,0,19,0,7,20,0,27,6,0,6,33
08/09/2020,CMI,IL,AGL,CE,Combined TRACON& Tower with Radar,0,5,6,0,11,0,0,11,0,11,0,5,17,0,22,20,0,20,42
08/10/2020,CMI,IL,AGL,CE,Combined TRACON& Tower with Radar,0,3,6,0,9,0,4,9,0,13,0,7,15,0,22,28,0,28,50
08/11/2020,CMI,IL,AGL,CE,Combined TRACON& Tower with Radar,0,7,14,0,21,0,1,3,0,4,0,8,17,0,25,8,0,8,33
08/12/2020,CMI,IL,AGL,CE,Combined TRACON& Tower with Radar,0,9,4,3,16,0,8,16,0,24,0,17,20,3,40,40,0,40,80
08/13/2020,CMI,IL,AGL,CE,Combined TRACON& Tower with Radar,0,3,17,0,20,0,5,13,0,18,0,8,30,0,38,32,0,32,70
08/14/2020,CMI,IL,AGL,CE,Combined TRACON& Tower with Radar,0,7,11,0,18,0,6,17,0,23,0,13,28,0,41,14,0,14,55
08/15/2020,CMI,IL,AGL,CE,Combined TRACON& Tower with Radar,0,11,5,0,16,0,4,12,0,16,0,15,17,0,32,42,0,42,74
08/16/2020,CMI,IL,AGL,CE,Combined TRACON& Tower with Radar,0,10,10,0,20,0,4,17,0,21,0,14,27,0,41,30,0,30,71
08/17/2020,CMI,IL,AGL,CE,Combined TRACON& Tower with Radar,0,2,12,2,16,0,4,19,0,23,0,6,31,2,39,58,0,58,97
08/18/2020,CMI,IL,AGL,CE,Combined TRACON& Tower with Radar,0,9,14,0,23,0,4,14,0,18,0,13,28,0,41,18,0,18,59
08/19/2020,CMI,IL,AGL,CE,Combined TRACON& Tower with Radar,0,7,11,0,18,0,6,23,0,29,0,13,34,0,47,12,0,12,59
08/20/2020,CMI,IL,AGL,CE,Combined TRACON& Tower with Radar,0,9,6,0,15,0,11,20,0,31,0,20,26,0,46,56,0,56,102
08/21/2020,CMI,IL,AGL,CE,Combined TRACON& Tower with Radar,0,2,7,0,9,0,3,31,0,34,0,5,38,0,43,4,0,4,47
08/22/2020,CMI,IL,AGL,CE,Combined TRACON& Tower with Radar,0,5,27,0,32,0,5,27,0,32,0,10,54,0,64,32,0,32,96
08/23/2020,CMI,IL,AGL,CE,Combined TRACON& Tower with Radar,0,4,10,0,14,0,0,11,2,13,0,4,21,2,27,0,0,0,27
08/24/2020,CMI,IL,AGL,CE,Combined TRACON& Tower with Radar,0,1,14,0,15,0,6,22,0,28,0,7,36,0,43,14,0,14,57
08/25/2020,CMI,IL,AGL,CE,Combined TRACON& Tower with Radar,0,7,16,2,25,0,5,16,0,21,0,12,32,2,46,26,0,26,72
08/26/2020,CMI,IL,AGL,CE,Combined TRACON& Tower with Radar,0,7,15,0,22,0,35,20,2,57,0,42,35,2,79,70,0,70,149
08/27/2020,CMI,IL,AGL,CE,Combined TRACON& Tower with Radar,0,16,9,2,27,0,19,9,2,30,0,35,18,4,57,88,0,88,145
08/28/2020,CMI,IL,AGL,CE,Combined TRACON& Tower with Radar,0,24,21,0,45,0,31,12,0,43,0,55,33,0,88,90,0,90,178
08/29/2020,CMI,IL,AGL,CE,Combined TRACON& Tower with Radar,0,15,26,0,41,0,28,12,0,40,0,43,38,0,81,76,0,76,157
08/30/2020,CMI,IL,AGL,CE,Combined TRACON& Tower with Radar,0,5,15,0,20,0,4,24,2,30,0,9,39,2,50,30,0,30,80
08/31/2020,CMI,IL,AGL,CE,Combined TRACON& Tower with Radar,0,14,15,1,30,0,34,17,1,52,0,48,32,2,82,72,0,72,154
09/01/2020,CMI,IL,AGL,CE,Combined TRACON& Tower with Radar,0,4,16,0,20,0,0,1,0,1,0,4,17,0,21,0,0,0,21
09/02/2020,CMI,IL,AGL,CE,Combined TRACON& Tower with Radar,0,27,15,0,42,0,24,10,0,34,0,51,25,0,76,100,0,100,176
09/03/2020,CMI,IL,AGL,CE,Combined TRACON& Tower with Radar,0,26,13,0,39,0,29,9,0,38,0,55,22,0,77,48,0,48,125
09/04/2020,CMI,IL,AGL,CE,Combined TRACON& Tower with Radar,0,11,17,0,28,0,42,36,0,78,0,53,53,0,106,118,0,118,224
09/05/2020,CMI,IL,AGL,CE,Combined TRACON& Tower with Radar,0,12,10,0,22,0,22,24,0,46,0,34,34,0,68,68,0,68,136
09/06/2020,CMI,IL,AGL,CE,Combined TRACON& Tower with Radar,0,4,5,0,9,0,0,3,0,3,0,4,8,0,12,0,0,0,12
09/07/2020,CMI,IL,AGL,CE,Combined TRACON& Tower with Radar,0,7,19,0,26,0,9,6,0,15,0,16,25,0,41,8,0,8,49
09/08/2020,CMI,IL,AGL,CE,Combined TRACON& Tower with Radar,0,13,9,0,22,0,12,2,0,14,0,25,11,0,36,76,0,76,112
09/09/2020,CMI,IL,AGL,CE,Combined TRACON& Tower with Radar,0,11,9,0,20,0,5,6,0,11,0,16,15,0,31,102,0,102,133
09/10/2020,CMI,IL,AGL,CE,Combined TRACON& Tower with Radar,0,17,14,0,31,0,0,2,0,2,0,17,16,0,33,0,0,0,33
09/11/2020,CMI,IL,AGL,CE,Combined TRACON& Tower with Radar,0,28,11,0,39,0,5,8,0,13,0,33,19,0,52,62,0,62,114
09/12/2020,CMI,IL,AGL,CE,Combined TRACON& Tower with Radar,0,6,4,0,10,0,0,0,0,0,0,6,4,0,10,0,0,0,10
09/13/2020,CMI,IL,AGL,CE,Combined TRACON& Tower with Radar,0,5,17,0,22,0,2,8,0,10,0,7,25,0,32,54,0,54,86
09/14/2020,CMI,IL,AGL,CE,Combined TRACON& Tower with Radar,0,7,17,2,26,0,36,21,0,57,0,43,38,2,83,100,0,100,183
09/15/2020,CMI,IL,AGL,CE,Combined TRACON& Tower with Radar,0,16,13,0,29,0,41,33,0,74,0,57,46,0,103,166,0,166,269
09/16/2020,CMI,IL,AGL,CE,Combined TRACON& Tower with Radar,0,8,11,0,19,0,50,15,0,65,0,58,26,0,84,174,0,174,258
09/17/2020,CMI,IL,AGL,CE,Combined TRACON& Tower with Radar,0,25,24,0,49,0,11,13,0,24,0,36,37,0,73,60,0,60,133
09/18/2020,CMI,IL,AGL,CE,Combined TRACON& Tower with Radar,0,15,14,0,29,0,46,29,0,75,0,61,43,0,104,58,0,58,162
09/19/2020,CMI,IL,AGL,CE,Combined TRACON& Tower with Radar,0,8,18,0,26,0,16,29,0,45,0,24,47,0,71,46,0,46,117
09/20/2020,CMI,IL,AGL,CE,Combined TRACON& Tower with Radar,0,5,14,2,21,0,11,16,0,27,0,16,30,2,48,52,0,52,100
09/21/2020,CMI,IL,AGL,CE,Combined TRACON& Tower with Radar,0,19,9,0,28,0,43,28,0,71,0,62,37,0,99,198,0,198,297
09/22/2020,CMI,IL,AGL,CE,Combined TRACON& Tower with Radar,0,16,16,0,32,0,53,12,0,65,0,69,28,0,97,110,0,110,207
09/23/2020,CMI,IL,AGL,CE,Combined TRACON& Tower with Radar,0,17,12,0,29,0,38,22,0,60,0,55,34,0,89,146,0,146,235
09/24/2020,CMI,IL,AGL,CE,Combined TRACON& Tower with Radar,0,21,12,0,33,0,38,12,0,50,0,59,24,0,83,118,0,118,201
09/25/2020,CMI,IL,AGL,CE,Combined TRACON& Tower with Radar,0,11,14,0,25,0,30,29,0,59,0,41,43,0,84,138,8,146,230
09/26/2020,CMI,IL,AGL,CE,Combined TRACON& Tower with Radar,0,4,2,0,6,0,2,3,0,5,0,6,5,0,11,0,0,0,11
09/27/2020,CMI,IL,AGL,CE,Combined TRACON& Tower with Radar,0,9,14,0,23,0,6,6,0,12,0,15,20,0,35,30,0,30,65
09/28/2020,CMI,IL,AGL,CE,Combined TRACON& Tower with Radar,0,23,10,0,33,0,2,6,0,8,0,25,16,0,41,20,0,20,61
09/29/2020,CMI,IL,AGL,CE,Combined TRACON& Tower with Radar,0,29,12,0,41,0,18,12,0,30,0,47,24,0,71,40,0,40,111
09/30/2020,CMI,IL,AGL,CE,Combined TRACON& Tower with Radar,0,15,12,0,27,0,33,16,0,49,0,48,28,0,76,70,0,70,146
10/01/2020,CMI,IL,AGL,CE,Combined TRACON& Tower with Radar,0,12,21,0,33,0,32,14,0,46,0,44,35,0,79,42,0,42,121
10/02/2020,CMI,IL,AGL,CE,Combined TRACON& Tower with Radar,0,12,14,0,26,0,29,25,1,55,0,41,39,1,81,152,0,152,233
10/03/2020,CMI,IL,AGL,CE,Combined TRACON& Tower with Radar,0,4,7,0,11,0,27,23,0,50,0,31,30,0,61,90,0,90,151
10/04/2020,CMI,IL,AGL,CE,Combined TRACON& Tower with Radar,0,4,15,0,19,0,2,9,0,11,0,6,24,0,30,52,0,52,82
10/05/2020,CMI,IL,AGL,CE,Combined TRACON& Tower with Radar,0,10,11,0,21,0,42,14,2,58,0,52,25,2,79,160,0,160,239
10/06/2020,CMI,IL,AGL,CE,Combined TRACON& Tower with Radar,0,18,13,0,31,0,39,28,2,69,0,57,41,2,100,176,0,176,276
10/07/2020,CMI,IL,AGL,CE,Combined TRACON& Tower with Radar,0,12,12,0,24,0,25,14,3,42,0,37,26,3,66,218,0,218,284
10/08/2020,CMI,IL,AGL,CE,Combined TRACON& Tower with Radar,0,24,14,0,38,0,32,12,0,44,0,56,26,0,82,208,0,208,290
10/09/2020,CMI,IL,AGL,CE,Combined TRACON& Tower with Radar,0,16,9,0,25,0,19,19,0,38,0,35,28,0,63,118,0,118,181
10/10/2020,CMI,IL,AGL,CE,Combined TRACON& Tower with Radar,0,9,8,0,17,0,19,14,0,33,0,28,22,0,50,100,0,100,150
10/11/2020,CMI,IL,AGL,CE,Combined TRACON& Tower with Radar,0,8,11,0,19,0,8,31,0,39,0,16,42,0,58,36,0,36,94
10/12/2020,CMI,IL,AGL,CE,Combined TRACON& Tower with Radar,0,12,10,0,22,0,2,5,0,7,0,14,15,0,29,0,0,0,29
10/13/2020,CMI,IL,AGL,CE,Combined TRACON& Tower with Radar,0,22,10,0,32,0,30,29,0,59,0,52,39,0,91,166,0,166,257
10/14/2020,CMI,IL,AGL,CE,Combined TRACON& Tower with Radar,0,12,7,0,19,0,18,5,0,23,0,30,12,0,42,58,0,58,100
10/15/2020,CMI,IL,AGL,CE,Combined TRACON& Tower with Radar,0,15,14,2,31,0,28,24,0,52,0,43,38,2,83,186,0,186,269
10/16/2020,CMI,IL,AGL,CE,Combined TRACON& Tower with Radar,0,11,10,0,21,0,27,18,0,45,0,38,28,0,66,78,0,78,144
10/17/2020,CMI,IL,AGL,CE,Combined TRACON& Tower with Radar,0,5,1,0,6,0,2,8,0,10,0,7,9,0,16,48,0,48,64
10/18/2020,CMI,IL,AGL,CE,Combined TRACON& Tower with Radar,0,12,13,0,25,0,4,11,0,15,0,16,24,0,40,14,0,14,54
10/19/2020,CMI,IL,AGL,CE,Combined TRACON& Tower with Radar,0,26,6,0,32,0,22,3,0,25,0,48,9,0,57,170,0,170,227
10/20/2020,CMI,IL,AGL,CE,Combined TRACON& Tower with Radar,0,17,11,3,31,0,23,0,1,24,0,40,11,4,55,146,0,146,201
10/21/2020,CMI,IL,AGL,CE,Combined TRACON& Tower with Radar,0,36,29,0,65,0,0,0,0,0,0,36,29,0,65,6,0,6,71
10/22/2020,CMI,IL,AGL,CE,Combined TRACON& Tower with Radar,0,13,17,2,32,0,14,15,0,29,0,27,32,2,61,150,0,150,211
10/23/2020,CMI,IL,AGL,CE,Combined TRACON& Tower with Radar,0,11,9,0,20,0,1,3,0,4,0,12,12,0,24,24,0,24,48
10/24/2020,CMI,IL,AGL,CE,Combined TRACON& Tower with Radar,0,5,10,0,15,0,19,24,2,45,0,24,34,2,60,134,0,134,194
10/25/2020,CMI,IL,AGL,CE,Combined TRACON& Tower with Radar,0,11,14,0,25,0,12,24,0,36,0,23,38,0,61,26,0,26,87
10/26/2020,CMI,IL,AGL,CE,Combined TRACON& Tower with Radar,0,10,8,0,18,0,0,1,0,1,0,10,9,0,19,14,0,14,33
10/27/2020,CMI,IL,AGL,CE,Combined TRACON& Tower with Radar,0,12,12,0,24,0,0,0,0,0,0,12,12,0,24,0,0,0,24
10/28/2020,CMI,IL,AGL,CE,Combined TRACON& Tower with Radar,0,23,6,0,29,0,29,12,0,41,0,52,18,0,70,282,0,282,352
10/29/2020,CMI,IL,AGL,CE,Combined TRACON& Tower with Radar,0,15,4,0,19,0,18,5,0,23,0,33,9,0,42,92,0,92,134
10/30/2020,CMI,IL,AGL,CE,Combined TRACON& Tower with Radar,0,23,13,4,40,0,35,48,0,83,0,58,61,4,123,160,0,160,283
10/31/2020,CMI,IL,AGL,CE,Combined TRACON& Tower with Radar,0,9,6,0,15,0,22,30,0,52,0,31,36,0,67,96,0,96,163
11/01/2020,CMI,IL,AGL,CE,Combined TRACON& Tower with Radar,0,8,4,0,12,0,2,4,0,6,0,10,8,0,18,0,0,0,18
11/02/2020,CMI,IL,AGL,CE,Combined TRACON& Tower with Radar,0,23,11,0,34,0,34,14,0,48,0,57,25,0,82,96,0,96,178
11/03/2020,CMI,IL,AGL,CE,Combined TRACON& Tower with Radar,0,5,18,0,23,0,10,31,0,41,0,15,49,0,64,98,0,98,162
11/04/2020,CMI,IL,AGL,CE,Combined TRACON& Tower with Radar,0,19,11,0,30,0,22,24,0,46,0,41,35,0,76,132,0,132,208
11/05/2020,CMI,IL,AGL,CE,Combined TRACON& Tower with Radar,0,21,14,0,35,0,31,29,0,60,0,52,43,0,95,306,0,306,401
11/06/2020,CMI,IL,AGL,CE,Combined TRACON& Tower with Radar,1,16,8,4,29,0,28,24,0,52,1,44,32,4,81,214,0,214,295
11/07/2020,CMI,IL,AGL,CE,Combined TRACON& Tower with Radar,1,26,11,0,38,0,22,25,2,49,1,48,36,2,87,134,0,134,221
11/08/2020,CMI,IL,AGL,CE,Combined TRACON& Tower with Radar,0,12,10,0,22,0,5,14,0,19,0,17,24,0,41,62,0,62,103
11/09/2020,CMI,IL,AGL,CE,Combined TRACON& Tower with Radar,0,12,7,2,21,0,8,6,0,14,0,20,13,2,35,88,0,88,123
11/10/2020,CMI,IL,AGL,CE,Combined TRACON& Tower with Radar,0,9,8,4,21,0,0,1,0,1,0,9,9,4,22,0,0,0,22
11/11/2020,CMI,IL,AGL,CE,Combined TRACON& Tower with Radar,0,20,5,0,25,0,12,17,0,29,0,32,22,0,54,342,0,342,396
11/12/2020,CMI,IL,AGL,CE,Combined TRACON& Tower with Radar,0,24,12,0,36,0,42,31,0,73,0,66,43,0,109,176,0,176,285
11/13/2020,CMI,IL,AGL,CE,Combined TRACON& Tower with Radar,2,19,15,0,36,0,46,13,0,59,2,65,28,0,95,136,0,136,231
11/14/2020,CMI,IL,AGL,CE,Combined TRACON& Tower with Radar,2,8,0,0,10,0,2,0,0,2,2,10,0,0,12,10,0,10,22
11/15/2020,CMI,IL,AGL,CE,Combined TRACON& Tower with Radar,0,9,9,0,18,0,0,2,0,2,0,9,11,0,20,0,0,0,20
11/16/2020,CMI,IL,AGL,CE,Combined TRACON& Tower with Radar,0,16,7,0,23,0,26,8,0,34,0,42,15,0,57,118,0,118,175
11/17/2020,CMI,IL,AGL,CE,Combined TRACON& Tower with Radar,0,19,15,0,34,0,34,23,0,57,0,53,38,0,91,200,0,200,291
11/18/2020,CMI,IL,AGL,CE,Combined TRACON& Tower with Radar,0,12,11,0,23,0,16,11,0,27,0,28,22,0,50,20,0,20,70
11/19/2020,CMI,IL,AGL,CE,Combined TRACON& Tower with Radar,0,10,7,2,19,0,0,4,1,5,0,10,11,3,24,0,0,0,24
11/20/2020,CMI,IL,AGL,CE,Combined TRACON& Tower with Radar,2,19,12,0,33,0,29,12,0,41,2,48,24,0,74,158,0,158,232
11/21/2020,CMI,IL,AGL,CE,Combined TRACON& Tower with Radar,2,16,11,0,29,0,23,26,0,49,2,39,37,0,78,216,0,216,294
11/22/2020,CMI,IL,AGL,CE,Combined TRACON& Tower with Radar,0,15,11,0,26,0,0,1,0,1,0,15,12,0,27,0,0,0,27
11/23/2020,CMI,IL,AGL,CE,Combined TRACON& Tower with Radar,0,18,25,0,43,0,27,10,0,37,0,45,35,0,80,242,0,242,322
11/24/2020,CMI,IL,AGL,CE,Combined TRACON& Tower with Radar,0,11,4,0,15,0,13,2,0,15,0,24,6,0,30,102,0,102,132
11/25/2020,CMI,IL,AGL,CE,Combined TRACON& Tower with Radar,0,12,8,0,20,0,0,0,0,0,0,12,8,0,20,0,0,0,20
11/26/2020,CMI,IL,AGL,CE,Combined TRACON& Tower with Radar,0,0,8,0,8,0,0,2,0,2,0,0,10,0,10,0,0,0,10
11/27/2020,CMI,IL,AGL,CE,Combined TRACON& Tower with Radar,0,13,13,0,26,0,6,3,0,9,0,19,16,0,35,38,0,38,73
11/28/2020,CMI,IL,AGL,CE,Combined TRACON& Tower with Radar,0,15,13,0,28,0,16,33,0,49,0,31,46,0,77,84,0,84,161
11/29/2020,CMI,IL,AGL,CE,Combined TRACON& Tower with Radar,0,12,10,0,22,0,6,18,0,24,0,18,28,0,46,16,0,16,62
11/30/2020,CMI,IL,AGL,CE,Combined TRACON& Tower with Radar,0,13,5,0,18,0,1,2,0,3,0,14,7,0,21,0,0,0,21
12/01/2020,CMI,IL,AGL,CE,Combined TRACON& Tower with Radar,0,29,17,0,46,0,37,34,0,71,0,66,51,0,117,172,0,172,289
12/02/2020,CMI,IL,AGL,CE,Combined TRACON& Tower with Radar,0,10,7,0,17,0,32,21,2,55,0,42,28,2,72,194,0,194,266
12/03/2020,CMI,IL,AGL,CE,Combined TRACON& Tower with Radar,0,18,13,0,31,0,37,12,2,51,0,55,25,2,82,192,0,192,274
12/04/2020,CMI,IL,AGL,CE,Combined TRACON& Tower with Radar,0,21,14,0,35,0,21,17,0,38,0,42,31,0,73,70,0,70,143
12/05/2020,CMI,IL,AGL,CE,Combined TRACON& Tower with Radar,0,21,6,0,27,0,9,20,0,29,0,30,26,0,56,126,0,126,182
12/06/2020,CMI,IL,AGL,CE,Combined TRACON& Tower with Radar,2,10,8,0,20,0,0,3,2,5,2,10,11,2,25,30,0,30,55
12/07/2020,CMI,IL,AGL,CE,Combined TRACON& Tower with Radar,1,11,8,0,20,0,13,10,0,23,1,24,18,0,43,132,0,132,175
12/08/2020,CMI,IL,AGL,CE,Combined TRACON& Tower with Radar,0,8,12,0,20,0,2,7,0,9,0,10,19,0,29,150,0,150,179
12/09/2020,CMI,IL,AGL,CE,Combined TRACON& Tower with Radar,1,17,7,2,27,0,35,32,0,67,1,52,39,2,94,172,10,182,276
12/10/2020,CMI,IL,AGL,CE,Combined TRACON& Tower with Radar,0,19,19,2,40,0,41,27,0,68,0,60,46,2,108,172,0,172,280
12/11/2020,CMI,IL,AGL,CE,Combined TRACON& Tower with Radar,1,14,13,0,28,0,18,8,2,28,1,32,21,2,56,92,0,92,148
12/12/2020,CMI,IL,AGL,CE,Combined TRACON& Tower with Radar,0,16,9,0,25,0,0,0,0,0,0,16,9,0,25,0,0,0,25
12/13/2020,CMI,IL,AGL,CE,Combined TRACON& Tower with Radar,0,9,4,0,13,0,5,0,0,5,0,14,4,0,18,54,0,54,72
12/14/2020,CMI,IL,AGL,CE,Combined TRACON& Tower with Radar,0,18,16,0,34,0,14,13,0,27,0,32,29,0,61,72,0,72,133
12/15/2020,CMI,IL,AGL,CE,Combined TRACON& Tower with Radar,0,15,15,1,31,0,21,25,1,47,0,36,40,2,78,4,0,4,82
12/16/2020,CMI,IL,AGL,CE,Combined TRACON& Tower with Radar,1,13,9,0,23,0,0,1,0,1,1,13,10,0,24,0,0,0,24
12/17/2020,CMI,IL,AGL,CE,Combined TRACON& Tower with Radar,0,17,13,0,30,0,11,10,0,21,0,28,23,0,51,0,0,0,51
12/18/2020,CMI,IL,AGL,CE,Combined TRACON& Tower with Radar,2,14,5,2,23,0,27,10,2,39,2,41,15,4,62,90,0,90,152
12/19/2020,CMI,IL,AGL,CE,Combined TRACON& Tower with Radar,2,11,7,0,20,0,0,5,0,5,2,11,12,0,25,6,0,6,31
12/20/2020,CMI,IL,AGL,CE,Combined TRACON& Tower with Radar,2,8,18,0,28,0,6,14,0,20,2,14,32,0,48,76,0,76,124
12/21/2020,CMI,IL,AGL,CE,Combined TRACON& Tower with Radar,1,10,3,0,14,0,2,6,0,8,1,12,9,0,22,12,0,12,34
12/22/2020,CMI,IL,AGL,CE,Combined TRACON& Tower with Radar,1,12,9,0,22,0,4,35,2,41,1,16,44,2,63,30,0,30,93
12/23/2020,CMI,IL,AGL,CE,Combined TRACON& Tower with Radar,0,10,3,0,13,0,0,0,0,0,0,10,3,0,13,0,0,0,13
12/24/2020,CMI,IL,AGL,CE,Combined TRACON& Tower with Radar,1,8,2,0,11,0,0,2,0,2,1,8,4,0,13,18,0,18,31
12/25/2020,CMI,IL,AGL,CE,Combined TRACON& Tower with Radar,0,11,0,0,11,0,0,0,0,0,0,11,0,0,11,0,0,0,11
12/26/2020,CMI,IL,AGL,CE,Combined TRACON& Tower with Radar,0,12,5,0,17,0,4,23,0,27,0,16,28,0,44,34,0,34,78
12/27/2020,CMI,IL,AGL,CE,Combined TRACON& Tower with Radar,0,18,6,0,24,0,2,3,0,5,0,20,9,0,29,8,0,8,37
12/28/2020,CMI,IL,AGL,CE,Combined TRACON& Tower with Radar,0,14,11,0,25,0,1,4,0,5,0,15,15,0,30,2,0,2,32
12/29/2020,CMI,IL,AGL,CE,Combined TRACON& Tower with Radar,0,13,18,2,33,0,6,16,0,22,0,19,34,2,55,44,0,44,99
12/30/2020,CMI,IL,AGL,CE,Combined TRACON& Tower with Radar,0,11,5,0,16,0,0,0,0,0,0,11,5,0,16,4,0,4,20
12/31/2020,CMI,IL,AGL,CE,Combined TRACON& Tower with Radar,0,11,7,0,18,0,0,2,0,2,0,11,9,0,20,0,0,0,20
01/01/2021,CMI,IL,AGL,CE,Combined TRACON& Tower with Radar,0,8,0,0,8,0,0,0,0,0,0,8,0,0,8,0,0,0,8
01/02/2021,CMI,IL,AGL,CE,Combined TRACON& Tower with Radar,0,14,4,0,18,0,0,0,0,0,0,14,4,0,18,0,0,0,18
01/03/2021,CMI,IL,AGL,CE,Combined TRACON& Tower with Radar,0,8,7,0,15,0,0,0,0,0,0,8,7,0,15,0,0,0,15
01/04/2021,CMI,IL,AGL,CE,Combined TRACON& Tower with Radar,0,8,3,0,11,0,0,0,0,0,0,8,3,0,11,0,0,0,11
01/05/2021,CMI,IL,AGL,CE,Combined TRACON& Tower with Radar,0,9,11,0,20,0,0,0,0,0,0,9,11,0,20,46,0,46,66
01/06/2021,CMI,IL,AGL,CE,Combined TRACON& Tower with Radar,1,11,7,0,19,0,6,1,0,7,1,17,8,0,26,0,0,0,26
01/07/2021,CMI,IL,AGL,CE,Combined TRACON& Tower with Radar,1,12,5,0,18,0,7,6,0,13,1,19,11,0,31,34,0,34,65
01/08/2021,CMI,IL,AGL,CE,Combined TRACON& Tower with Radar,1,8,3,0,12,0,0,4,0,4,1,8,7,0,16,24,0,24,40
01/09/2021,CMI,IL,AGL,CE,Combined TRACON& Tower with Radar,2,8,6,0,16,0,0,3,0,3,2,8,9,0,19,14,0,14,33
01/10/2021,CMI,IL,AGL,CE,Combined TRACON& Tower with Radar,2,15,10,0,27,0,0,0,0,0,2,15,10,0,27,0,0,0,27
01/11/2021,CMI,IL,AGL,CE,Combined TRACON& Tower with Radar,0,8,7,0,15,0,0,1,0,1,0,8,8,0,16,0,0,0,16
01/12/2021,CMI,IL,AGL,CE,Combined TRACON& Tower with Radar,0,7,17,1,25,0,17,25,1,43,0,24,42,2,68,82,0,82,150
01/13/2021,CMI,IL,AGL,CE,Combined TRACON& Tower with Radar,0,13,20,0,33,0,36,28,0,64,0,49,48,0,97,118,0,118,215
01/14/2021,CMI,IL,AGL,CE,Combined TRACON& Tower with Radar,0,11,7,0,18,0,29,6,0,35,0,40,13,0,53,56,0,56,109
01/15/2021,CMI,IL,AGL,CE,Combined TRACON& Tower with Radar,1,8,2,0,11,0,0,1,0,1,1,8,3,0,12,0,0,0,12
01/16/2021,CMI,IL,AGL,CE,Combined TRACON& Tower with Radar,1,8,4,0,13,0,0,0,0,0,1,8,4,0,13,0,0,0,13
01/17/2021,CMI,IL,AGL,CE,Combined TRACON& Tower with Radar,0,11,2,0,13,0,0,0,0,0,0,11,2,0,13,0,0,0,13
01/18/2021,CMI,IL,AGL,CE,Combined TRACON& Tower with Radar,0,8,6,0,14,0,0,6,0,6,0,8,12,0,20,14,0,14,34
01/19/2021,CMI,IL,AGL,CE,Combined TRACON& Tower with Radar,0,4,9,0,13,0,31,10,0,41,0,35,19,0,54,152,0,152,206
01/20/2021,CMI,IL,AGL,CE,Combined TRACON& Tower with Radar,0,16,13,0,29,0,37,19,0,56,0,53,32,0,85,128,0,128,213
01/21/2021,CMI,IL,AGL,CE,Combined TRACON& Tower with Radar,0,22,34,0,56,0,34,24,3,61,0,56,58,3,117,216,0,216,333
01/22/2021,CMI,IL,AGL,CE,Combined TRACON& Tower with Radar,0,22,18,0,40,0,26,24,0,50,0,48,42,0,90,106,0,106,196
01/23/2021,CMI,IL,AGL,CE,Combined TRACON& Tower with Radar,0,15,20,0,35,0,36,38,0,74,0,51,58,0,109,134,0,134,243
01/24/2021,CMI,IL,AGL,CE,Combined TRACON& Tower with Radar,0,9,2,0,11,0,0,3,0,3,0,9,5,0,14,0,0,0,14
01/25/2021,CMI,IL,AGL,CE,Combined TRACON& Tower with Radar,0,6,2,0,8,0,0,0,0,0,0,6,2,0,8,0,0,0,8
01/26/2021,CMI,IL,AGL,CE,Combined TRACON& Tower with Radar,0,9,10,0,19,0,0,1,0,1,0,9,11,0,20,0,0,0,20
01/27/2021,CMI,IL,AGL,CE,Combined TRACON& Tower with Radar,0,12,6,0,18,0,0,2,0,2,0,12,8,0,20,0,0,0,20
01/28/2021,CMI,IL,AGL,CE,Combined TRACON& Tower with Radar,0,24,22,2,48,0,46,11,2,59,0,70,33,4,107,206,0,206,313
01/29/2021,CMI,IL,AGL,CE,Combined TRACON& Tower with Radar,0,29,20,0,49,0,46,15,0,61,0,75,35,0,110,166,0,166,276
01/30/2021,CMI,IL,AGL,CE,Combined TRACON& Tower with Radar,0,13,8,0,21,0,2,2,0,4,0,15,10,0,25,14,0,14,39
01/31/2021,CMI,IL,AGL,CE,Combined TRACON& Tower with Radar,0,9,5,0,14,0,0,0,0,0,0,9,5,0,14,4,0,4,18
02/01/2021,CMI,IL,AGL,CE,Combined TRACON& Tower with Radar,0,16,4,0,20,0,4,1,0,5,0,20,5,0,25,0,0,0,25
02/02/2021,CMI,IL,AGL,CE,Combined TRACON& Tower with Radar,0,7,22,10,39,0,26,22,0,48,0,33,44,10,87,122,0,122,209
02/03/2021,CMI,IL,AGL,CE,Combined TRACON& Tower with Radar,3,16,24,2,45,0,32,25,4,61,3,48,49,6,106,132,0,132,238
02/04/2021,CMI,IL,AGL,CE,Combined TRACON& Tower with Radar,1,16,1,0,18,0,5,0,0,5,1,21,1,0,23,0,0,0,23
02/05/2021,CMI,IL,AGL,CE,Combined TRACON& Tower with Radar,3,13,3,0,19,0,1,5,0,6,3,14,8,0,25,0,0,0,25
02/06/2021,CMI,IL,AGL,CE,Combined TRACON& Tower with Radar,0,16,9,0,25,0,16,1,0,17,0,32,10,0,42,112,0,112,154
02/07/2021,CMI,IL,AGL,CE,Combined TRACON& Tower with Radar,0,11,1,0,12,0,4,2,0,6,0,15,3,0,18,12,0,12,30
02/08/2021,CMI,IL,AGL,CE,Combined TRACON& Tower with Radar,0,16,5,6,27,0,0,1,0,1,0,16,6,6,28,6,0,6,34
02/09/2021,CMI,IL,AGL,CE,Combined TRACON& Tower with Radar,1,6,11,0,18,0,2,2,2,6,1,8,13,2,24,4,0,4,28
02/10/2021,CMI,IL,AGL,CE,Combined TRACON& Tower with Radar,0,8,5,0,13,0,0,0,0,0,0,8,5,0,13,0,0,0,13
02/11/2021,CMI,IL,AGL,CE,Combined TRACON& Tower with Radar,3,9,12,0,24,0,17,8,2,27,3,26,20,2,51,22,0,22,73
02/12/2021,CMI,IL,AGL,CE,Combined TRACON& Tower with Radar,0,31,10,0,41,0,11,8,0,19,0,42,18,0,60,76,0,76,136
02/13/2021,CMI,IL,AGL,CE,Combined TRACON& Tower with Radar,1,8,4,0,13,0,0,1,0,1,1,8,5,0,14,0,0,0,14
02/14/2021,CMI,IL,AGL,CE,Combined TRACON& Tower with Radar,0,7,12,0,19,0,0,7,0,7,0,7,19,0,26,18,0,18,44
02/15/2021,CMI,IL,AGL,CE,Combined TRACON& Tower with Radar,1,3,4,0,8,0,0,0,0,0,1,3,4,0,8,0,0,0,8
02/16/2021,CMI,IL,AGL,CE,Combined TRACON& Tower with Radar,1,5,6,0,12,0,4,0,0,4,1,9,6,0,16,4,0,4,20
02/17/2021,CMI,IL,AGL,CE,Combined TRACON& Tower with Radar,2,4,2,0,8,0,0,7,0,7,2,4,9,0,15,0,0,0,15
02/18/2021,CMI,IL,AGL,CE,Combined TRACON& Tower with Radar,0,9,4,0,13,0,7,4,0,11,0,16,8,0,24,58,0,58,82
02/19/2021,CMI,IL,AGL,CE,Combined TRACON& Tower with Radar,2,27,16,0,45,0,25,9,0,34,2,52,25,0,79,89,0,89,168
02/20/2021,CMI,IL,AGL,CE,Combined TRACON& Tower with Radar,3,15,13,0,31,0,33,28,0,61,3,48,41,0,92,110,0,110,202
02/21/2021,CMI,IL,AGL,CE,Combined TRACON& Tower with Radar,2,12,1,0,15,0,0,4,0,4,2,12,5,0,19,98,0,98,117
02/22/2021,CMI,IL,AGL,CE,Combined TRACON& Tower with Radar,1,13,10,0,24,0,14,7,0,21,1,27,17,0,45,115,0,115,160
02/23/2021,CMI,IL,AGL,CE,Combined TRACON& Tower with Radar,0,13,28,0,41,0,44,21,0,65,0,57,49,0,106,0,0,0,106
02/24/2021,CMI,IL,AGL,CE,Combined TRACON& Tower with Radar,0,33,16,2,51,0,20,14,2,36,0,53,30,4,87,110,0,110,197
02/25/2021,CMI,IL,AGL,CE,Combined TRACON& Tower with Radar,0,15,24,6,45,0,19,16,4,39,0,34,40,10,84,182,0,182,266
02/26/2021,CMI,IL,AGL,CE,Combined TRACON& Tower with Radar,2,16,14,6,38,0,25,34,0,59,2,41,48,6,97,70,0,70,167
02/27/2021,CMI,IL,AGL,CE,Combined TRACON& Tower with Radar,1,16,13,0,30,0,30,19,0,49,1,46,32,0,79,142,0,142,221
02/28/2021,CMI,IL,AGL,CE,Combined TRACON& Tower with Radar,1,10,12,0,23,0,0,0,0,0,1,10,12,0,23,0,0,0,23
03/01/2021,CMI,IL,AGL,CE,Combined TRACON& Tower with Radar,2,21,7,0,30,0,27,20,0,47,2,48,27,0,77,94,0,94,171
03/02/2021,CMI,IL,AGL,CE,Combined TRACON& Tower with Radar,0,14,16,0,30,0,22,23,1,46,0,36,39,1,76,86,0,86,162
03/03/2021,CMI,IL,AGL,CE,Combined TRACON& Tower with Radar,1,15,25,0,41,0,29,22,1,52,1,44,47,1,93,70,0,70,163
03/04/2021,CMI,IL,AGL,CE,Combined TRACON& Tower with Radar,0,27,12,2,41,0,18,10,2,30,0,45,22,4,71,106,0,106,177
03/05/2021,CMI,IL,AGL,CE,Combined TRACON& Tower with Radar,2,18,16,0,36,0,19,24,3,46,2,37,40,3,82,76,0,76,158
03/06/2021,CMI,IL,AGL,CE,Combined TRACON& Tower with Radar,2,17,17,0,36,0,14,37,0,51,2,31,54,0,87,56,34,90,177
03/07/2021,CMI,IL,AGL,CE,Combined TRACON& Tower with Radar,0,11,8,0,19,0,10,25,2,37,0,21,33,2,56,46,0,46,102
03/08/2021,CMI,IL,AGL,CE,Combined TRACON& Tower with Radar,0,20,12,0,32,0,29,18,0,47,0,49,30,0,79,88,0,88,167
03/09/2021,CMI,IL,AGL,CE,Combined TRACON& Tower with Radar,0,12,12,0,24,0,23,15,4,42,0,35,27,4,66,90,0,90,156
03/10/2021,CMI,IL,AGL,CE,Combined TRACON& Tower with Radar,0,10,7,0,17,0,0,0,2,2,0,10,7,2,19,0,0,0,19
03/11/2021,CMI,IL,AGL,CE,Combined TRACON& Tower with Radar,1,14,6,0,21,0,9,3,0,12,1,23,9,0,33,32,0,32,65
03/12/2021,CMI,IL,AGL,CE,Combined TRACON& Tower with Radar,0,23,17,2,42,0,28,20,0,48,0,51,37,2,90,106,0,106,196
03/13/2021,CMI,IL,AGL,CE,Combined TRACON& Tower with Radar,0,13,7,0,20,0,6,24,0,30,0,19,31,0,50,14,0,14,64
03/14/2021,CMI,IL,AGL,CE,Combined TRACON& Tower with Radar,0,12,20,0,32,0,4,12,0,16,0,16,32,0,48,22,0,22,70
03/15/2021,CMI,IL,AGL,CE,Combined TRACON& Tower with Radar,1,10,7,0,18,1,1,0,0,2,2,11,7,0,20,0,0,0,20
03/16/2021,CMI,IL,AGL,CE,Combined TRACON& Tower with Radar,0,12,16,0,28,0,0,0,0,0,0,12,16,0,28,0,0,0,28
03/17/2021,CMI,IL,AGL,CE,Combined TRACON& Tower with Radar,0,7,4,0,11,0,0,0,0,0,0,7,4,0,11,0,0,0,11
03/18/2021,CMI,IL,AGL,CE,Combined TRACON& Tower with Radar,0,8,7,0,15,0,1,0,0,1,0,9,7,0,16,0,0,0,16
03/19/2021,CMI,IL,AGL,CE,Combined TRACON& Tower with Radar,0,15,15,0,30,0,9,22,0,31,0,24,37,0,61,26,0,26,87
03/20/2021,CMI,IL,AGL,CE,Combined TRACON& Tower with Radar,0,9,18,0,27,0,18,29,0,47,0,27,47,0,74,20,0,20,94
03/21/2021,CMI,IL,AGL,CE,Combined TRACON& Tower with Radar,0,13,12,0,25,0,8,27,0,35,0,21,39,0,60,26,0,26,86
03/22/2021,CMI,IL,AGL,CE,Combined TRACON& Tower with Radar,0,18,7,0,25,0,30,16,0,46,0,48,23,0,71,62,0,62,133
03/23/2021,CMI,IL,AGL,CE,Combined TRACON& Tower with Radar,0,17,3,0,20,0,10,5,0,15,0,27,8,0,35,84,0,84,119
03/24/2021,CMI,IL,AGL,CE,Combined TRACON& Tower with Radar,0,17,16,0,33,0,11,2,0,13,0,28,18,0,46,24,0,24,70
03/25/2021,CMI,IL,AGL,CE,Combined TRACON& Tower with Radar,0,23,13,0,36,0,11,0,0,11,0,34,13,0,47,128,0,128,175
03/26/2021,CMI,IL,AGL,CE,Combined TRACON& Tower with Radar,0,26,24,0,50,0,1,3,0,4,0,27,27,0,54,36,0,36,90
03/27/2021,CMI,IL,AGL,CE,Combined TRACON& Tower with Radar,0,15,19,0,34,0,19,10,0,29,0,34,29,0,63,68,0,68,131
03/28/2021,CMI,IL,AGL,CE,Combined TRACON& Tower with Radar,0,12,16,0,28,0,2,4,2,8,0,14,20,2,36,0,0,0,36
03/29/2021,CMI,IL,AGL,CE,Combined TRACON& Tower with Radar,0,20,27,0,47,0,20,15,0,35,0,40,42,0,82,40,0,40,122
03/30/2021,CMI,IL,AGL,CE,Combined TRACON& Tower with Radar,0,8,24,0,32,0,6,6,0,12,0,14,30,0,44,22,0,22,66
03/31/2021,CMI,IL,AGL,CE,Combined TRACON& Tower with Radar,0,19,14,0,33,0,33,10,0,43,0,52,24,0,76,66,0,66,142
04/01/2021,CMI,IL,AGL,CE,Combined TRACON& Tower with Radar,2,18,22,0,42,0,29,21,5,55,2,47,43,5,97,80,0,80,177
04/02/2021,CMI,IL,AGL,CE,Combined TRACON& Tower with Radar,0,27,22,0,49,0,34,26,0,60,0,61,48,0,109,86,0,86,195
04/03/2021,CMI,IL,AGL,CE,Combined TRACON& Tower with Radar,0,19,9,0,28,0,14,16,0,30,0,33,25,0,58,52,0,52,110
04/04/2021,CMI,IL,AGL,CE,Combined TRACON& Tower with Radar,0,12,9,0,21,0,5,16,0,21,0,17,25,0,42,0,0,0,42
04/05/2021,CMI,IL,AGL,CE,Combined TRACON& Tower with Radar,0,24,20,0,44,0,27,28,0,55,0,51,48,0,99,167,0,167,266
04/06/2021,CMI,IL,AGL,CE,Combined TRACON& Tower with Radar,0,14,14,0,28,0,20,16,0,36,0,34,30,0,64,122,0,122,186
04/07/2021,CMI,IL,AGL,CE,Combined TRACON& Tower with Radar,0,17,4,0,21,0,8,9,0,17,0,25,13,0,38,66,0,66,104
04/08/2021,CMI,IL,AGL,CE,Combined TRACON& Tower with Radar,0,24,14,0,38,0,2,3,2,7,0,26,17,2,45,8,0,8,53
04/09/2021,CMI,IL,AGL,CE,Combined TRACON& Tower with Radar,0,25,6,2,33,0,26,15,0,41,0,51,21,2,74,110,0,110,184
04/10/2021,CMI,IL,AGL,CE,Combined TRACON& Tower with Radar,0,21,6,0,27,0,6,2,0,8,0,27,8,0,35,2,0,2,37
04/11/2021,CMI,IL,AGL,CE,Combined TRACON& Tower with Radar,0,14,16,0,30,0,1,0,0,1,0,15,16,0,31,0,0,0,31
04/12/2021,CMI,IL,AGL,CE,Combined TRACON& Tower with Radar,0,30,17,0,47,0,24,29,0,53,0,54,46,0,100,104,0,104,204
04/13/2021,CMI,IL,AGL,CE,Combined TRACON& Tower with Radar,0,19,9,2,30,0,20,44,0,64,0,39,53,2,94,188,8,196,290
04/14/2021,CMI,IL,AGL,CE,Combined TRACON& Tower with Radar,0,27,23,0,50,0,24,23,0,47,0,51,46,0,97,76,0,76,173
04/15/2021,CMI,IL,AGL,CE,Combined TRACON& Tower with Radar,0,17,14,0,31,0,19,23,2,44,0,36,37,2,75,76,0,76,151
04/16/2021,CMI,IL,AGL,CE,Combined TRACON& Tower with Radar,0,16,13,0,29,0,27,19,0,46,0,43,32,0,75,104,0,104,179
04/17/2021,CMI,IL,AGL,CE,Combined TRACON& Tower with Radar,0,24,7,0,31,0,19,24,0,43,0,43,31,0,74,120,0,120,194
04/18/2021,CMI,IL,AGL,CE,Combined TRACON& Tower with Radar,0,10,12,0,22,0,3,21,0,24,0,13,33,0,46,8,0,8,54
04/19/2021,CMI,IL,AGL,CE,Combined TRACON& Tower with Radar,0,20,11,0,31,0,19,17,0,36,0,39,28,0,67,98,0,98,165
04/20/2021,CMI,IL,AGL,CE,Combined TRACON& Tower with Radar,0,25,12,0,37,0,1,0,0,1,0,26,12,0,38,44,0,44,82
04/21/2021,CMI,IL,AGL,CE,Combined TRACON& Tower with Radar,0,20,10,2,32,0,10,14,0,24,0,30,24,2,56,32,0,32,88
04/22/2021,CMI,IL,AGL,CE,Combined TRACON& Tower with Radar,0,30,14,0,44,0,34,35,0,69,0,64,49,0,113,160,0,160,273
04/23/2021,CMI,IL,AGL,CE,Combined TRACON& Tower with Radar,0,31,8,0,39,0,26,12,0,38,0,57,20,0,77,134,0,134,211
04/24/2021,CMI,IL,AGL,CE,Combined TRACON& Tower with Radar,0,13,17,0,30,0,11,4,0,15,0,24,21,0,45,62,0,62,107
04/25/2021,CMI,IL,AGL,CE,Combined TRACON& Tower with Radar,0,21,10,0,31,0,11,35,0,46,0,32,45,0,77,96,0,96,173
04/26/2021,CMI,IL,AGL,CE,Combined TRACON& Tower with Radar,0,14,7,0,21,0,7,14,2,23,0,21,21,2,44,2,0,2,46
04/27/2021,CMI,IL,AGL,CE,Combined TRACON& Tower with Radar,0,15,13,2,30,0,8,15,0,23,0,23,28,2,53,4,0,4,57
04/28/2021,CMI,IL,AGL,CE,Combined TRACON& Tower with Radar,0,17,10,0,27,0,4,6,0,10,0,21,16,0,37,102,0,102,139
04/29/2021,CMI,IL,AGL,CE,Combined TRACON& Tower with Radar,0,41,16,4,61,0,8,7,0,15,0,49,23,4,76,128,0,128,204
04/30/2021,CMI,IL,AGL,CE,Combined TRACON& Tower with Radar,2,22,13,0,37,0,39,37,0,76,2,61,50,0,113,140,0,140,253
05/01/2021,CMI,IL,AGL,CE,Combined TRACON& Tower with Radar,0,21,5,0,26,0,23,15,0,38,0,44,20,0,64,28,0,28,92
05/02/2021,CMI,IL,AGL,CE,Combined TRACON& Tower with Radar,0,19,7,0,26,0,5,4,0,9,0,24,11,0,35,10,0,10,45
05/03/2021,CMI,IL,AGL,CE,Combined TRACON& Tower with Radar,0,18,11,0,29,0,2,0,0,2,0,20,11,0,31,34,0,34,65
05/04/2021,CMI,IL,AGL,CE,Combined TRACON& Tower with Radar,0,30,13,0,43,0,1,0,0,1,0,31,13,0,44,26,0,26,70
05/05/2021,CMI,IL,AGL,CE,Combined TRACON& Tower with Radar,0,46,14,0,60,0,68,31,0,99,0,114,45,0,159,224,0,224,383
05/06/2021,CMI,IL,AGL,CE,Combined TRACON& Tower with Radar,0,22,13,2,37,0,17,9,0,26,0,39,22,2,63,102,0,102,165
05/07/2021,CMI,IL,AGL,CE,Combined TRACON& Tower with Radar,0,25,7,0,32,0,28,30,0,58,0,53,37,0,90,68,0,68,158
05/08/2021,CMI,IL,AGL,CE,Combined TRACON& Tower with Radar,0,30,11,0,41,0,44,37,0,81,0,74,48,0,122,154,0,154,276
05/09/2021,CMI,IL,AGL,CE,Combined TRACON& Tower with Radar,0,18,8,0,26,0,0,0,0,0,0,18,8,0,26,6,0,6,32
05/10/2021,CMI,IL,AGL,CE,Combined TRACON& Tower with Radar,0,17,13,0,30,0,40,18,0,58,0,57,31,0,88,176,0,176,264
05/11/2021,CMI,IL,AGL,CE,Combined TRACON& Tower with Radar,0,17,17,0,34,0,45,21,0,66,0,62,38,0,100,76,0,76,176
05/12/2021,CMI,IL,AGL,CE,Combined TRACON& Tower with Radar,0,20,10,0,30,0,26,14,4,44,0,46,24,4,74,50,0,50,124
05/13/2021,CMI,IL,AGL,CE,Combined TRACON& Tower with Radar,0,34,6,1,41,0,33,21,5,59,0,67,27,6,100,112,0,112,212
05/14/2021,CMI,IL,AGL,CE,Combined TRACON& Tower with Radar,0,20,11,0,31,0,20,17,2,39,0,40,28,2,70,46,0,46,116
05/15/2021,CMI,IL,AGL,CE,Combined TRACON& Tower with Radar,0,15,16,0,31,0,0,18,0,18,0,15,34,0,49,6,0,6,55
05/16/2021,CMI,IL,AGL,CE,Combined TRACON& Tower with Radar,0,15,8,0,23,0,3,11,0,14,0,18,19,0,37,24,0,24,61
05/17/2021,CMI,IL,AGL,CE,Combined TRACON& Tower with Radar,0,16,16,0,32,0,0,0,0,0,0,16,16,0,32,0,0,0,32
05/18/2021,CMI,IL,AGL,CE,Combined TRACON& Tower with Radar,0,17,7,0,24,0,0,0,0,0,0,17,7,0,24,18,0,18,42
05/19/2021,CMI,IL,AGL,CE,Combined TRACON& Tower with Radar,0,18,9,0,27,0,3,15,0,18,0,21,24,0,45,0,0,0,45
05/20/2021,CMI,IL,AGL,CE,Combined TRACON& Tower with Radar,0,14,6,0,20,0,5,14,0,19,0,19,20,0,39,14,0,14,53
05/21/2021,CMI,IL,AGL,CE,Combined TRACON& Tower with Radar,0,16,2,0,18,0,0,23,0,23,0,16,25,0,41,24,0,24,65
05/22/2021,CMI,IL,AGL,CE,Combined TRACON& Tower with Radar,0,14,6,0,20,0,5,23,0,28,0,19,29,0,48,6,0,6,54
05/23/2021,CMI,IL,AGL,CE,Combined TRACON& Tower with Radar,0,12,9,4,25,0,1,18,0,19,0,13,27,4,44,0,0,0,44
05/24/2021,CMI,IL,AGL,CE,Combined TRACON& Tower with Radar,0,16,8,0,24,0,3,13,0,16,0,19,21,0,40,0,0,0,40
05/25/2021,CMI,IL,AGL,CE,Combined TRACON& Tower with Radar,0,10,10,0,20,0,4,10,0,14,0,14,20,0,34,9,0,9,43
05/26/2021,CMI,IL,AGL,CE,Combined TRACON& Tower with Radar,0,30,18,0,48,0,0,14,2,16,0,30,32,2,64,2,0,2,66
05/27/2021,CMI,IL,AGL,CE,Combined TRACON& Tower with Radar,0,15,9,0,24,0,4,16,2,22,0,19,25,2,46,26,0,26,72
05/28/2021,CMI,IL,AGL,CE,Combined TRACON& Tower with Radar,0,16,13,0,29,0,0,0,0,0,0,16,13,0,29,0,0,0,29
05/29/2021,CMI,IL,AGL,CE,Combined TRACON& Tower with Radar,0,11,7,0,18,0,7,14,0,21,0,18,21,0,39,4,0,4,43
05/30/2021,CMI,IL,AGL,CE,Combined TRACON& Tower with Radar,0,11,18,0,29,0,2,40,0,42,0,13,58,0,71,48,0,48,119
05/31/2021,CMI,IL,AGL,CE,Combined TRACON& Tower with Radar,0,13,9,0,22,0,2,25,0,27,0,15,34,0,49,0,0,0,49
06/01/2021,CMI,IL,AGL,CE,Combined TRACON& Tower with Radar,0,17,20,0,37,0,6,22,0,28,0,23,42,0,65,0,0,0,65
06/02/2021,CMI,IL,AGL,CE,Combined TRACON& Tower with Radar,0,21,6,0,27,0,7,11,0,18,0,28,17,0,45,24,0,24,69
06/03/2021,CMI,IL,AGL,CE,Combined TRACON& Tower with Radar,0,18,15,0,33,0,13,27,0,40,0,31,42,0,73,26,0,26,99
06/04/2021,CMI,IL,AGL,CE,Combined TRACON& Tower with Radar,0,14,7,0,21,0,17,22,0,39,0,31,29,0,60,74,0,74,134
06/05/2021,CMI,IL,AGL,CE,Combined TRACON& Tower with Radar,0,23,9,0,32,0,14,29,2,45,0,37,38,2,77,52,0,52,129
06/06/2021,CMI,IL,AGL,CE,Combined TRACON& Tower with Radar,0,13,5,4,22,0,1,9,0,10,0,14,14,4,32,6,0,6,38
06/07/2021,CMI,IL,AGL,CE,Combined TRACON& Tower with Radar,0,19,10,0,29,0,5,7,0,12,0,24,17,0,41,122,0,122,163
06/08/2021,CMI,IL,AGL,CE,Combined TRACON& Tower with Radar,0,27,10,0,37,0,13,7,0,20,0,40,17,0,57,78,0,78,135
06/09/2021,CMI,IL,AGL,CE,Combined TRACON& Tower with Radar,0,35,10,0,45,0,18,5,0,23,0,53,15,0,68,110,0,110,178
06/10/2021,CMI,IL,AGL,CE,Combined TRACON& Tower with Radar,0,28,23,0,51,0,51,25,0,76,0,79,48,0,127,173,0,173,300
06/11/2021,CMI,IL,AGL,CE,Combined TRACON& Tower with Radar,0,29,24,0,53,0,53,26,0,79,0,82,50,0,132,200,0,200,332
06/12/2021,CMI,IL,AGL,CE,Combined TRACON& Tower with Radar,2,14,13,0,29,0,26,52,0,78,2,40,65,0,107,34,0,34,141
06/13/2021,CMI,IL,AGL,CE,Combined TRACON& Tower with Radar,0,16,16,0,32,0,4,26,0,30,0,20,42,0,62,0,0,0,62
06/14/2021,CMI,IL,AGL,CE,Combined TRACON& Tower with Radar,0,35,4,0,39,0,29,32,0,61,0,64,36,0,100,172,0,172,272
06/15/2021,CMI,IL,AGL,CE,Combined TRACON& Tower with Radar,0,26,12,0,38,0,45,36,0,81,0,71,48,0,119,89,0,89,208
06/16/2021,CMI,IL,AGL,CE,Combined TRACON& Tower with Radar,0,17,11,0,28,0,26,41,0,67,0,43,52,0,95,156,0,156,251
06/17/2021,CMI,IL,AGL,CE,Combined TRACON& Tower with Radar,0,31,18,0,49,0,31,36,0,67,0,62,54,0,116,92,0,92,208
06/18/2021,CMI,IL,AGL,CE,Combined TRACON& Tower with Radar,2,22,4,0,28,0,6,12,0,18,2,28,16,0,46,34,0,34,80
06/19/2021,CMI,IL,AGL,CE,Combined TRACON& Tower with Radar,0,19,3,0,22,0,5,14,0,19,0,24,17,0,41,0,0,0,41
06/20/2021,CMI,IL,AGL,CE,Combined TRACON& Tower with Radar,0,14,16,0,30,0,2,15,0,17,0,16,31,0,47,0,0,0,47
06/21/2021,CMI,IL,AGL,CE,Combined TRACON& Tower with Radar,0,53,19,0,72,0,18,2,0,20,0,71,21,0,92,80,0,80,172
06/22/2021,CMI,IL,AGL,CE,Combined TRACON& Tower with Radar,0,29,14,0,43,0,33,30,0,63,0,62,44,0,106,150,0,150,256
06/23/2021,CMI,IL,AGL,CE,Combined TRACON& Tower with Radar,0,32,19,0,51,0,21,19,0,40,0,53,38,0,91,132,0,132,223
06/24/2021,CMI,IL,AGL,CE,Combined TRACON& Tower with Radar,0,19,1,0,20,0,15,2,0,17,0,34,3,0,37,22,0,22,59
06/25/2021,CMI,IL,AGL,CE,Combined TRACON& Tower with Radar,0,32,7,0,39,0,3,3,0,6,0,35,10,0,45,18,0,18,63
06/26/2021,CMI,IL,AGL,CE,Combined TRACON& Tower with Radar,0,13,6,0,19,0,0,0,0,0,0,13,6,0,19,0,0,0,19
06/27/2021,CMI,IL,AGL,CE,Combined TRACON& Tower with Radar,0,15,12,0,27,0,0,2,0,2,0,15,14,0,29,0,0,0,29
06/28/2021,CMI,IL,AGL,CE,Combined TRACON& Tower with Radar,0,44,15,0,59,0,27,19,0,46,0,71,34,0,105,162,0,162,267
06/29/2021,CMI,IL,AGL,CE,Combined TRACON& Tower with Radar,0,26,21,0,47,0,17,12,0,29,0,43,33,0,76,104,0,104,180
06/30/2021,CMI,IL,AGL,CE,Combined TRACON& Tower with Radar,0,23,14,0,37,0,0,8,0,8,0,23,22,0,45,70,0,70,115
07/01/2021,CMI,IL,AGL,CE,Combined TRACON& Tower with Radar,0,43,18,0,61,0,6,18,0,24,0,49,36,0,85,40,0,40,125
07/02/2021,CMI,IL,AGL,CE,Combined TRACON& Tower with Radar,0,42,29,0,71,0,34,49,0,83,0,76,78,0,154,188,0,188,342
07/03/2021,CMI,IL,AGL,CE,Combined TRACON& Tower with Radar,0,17,12,0,29,0,19,47,0,66,0,36,59,0,95,130,0,130,225
07/04/2021,CMI,IL,AGL,CE,Combined TRACON& Tower with Radar,0,11,5,0,16,0,2,10,0,12,0,13,15,0,28,0,0,0,28
07/05/2021,CMI,IL,AGL,CE,Combined TRACON& Tower with Radar,0,19,10,0,29,0,9,18,0,27,0,28,28,0,56,87,0,87,143
07/06/2021,CMI,IL,AGL,CE,Combined TRACON& Tower with Radar,0,28,23,0,51,0,33,32,0,65,0,61,55,0,116,185,0,185,301
07/07/2021,CMI,IL,AGL,CE,Combined TRACON& Tower with Radar,0,24,9,0,33,0,20,15,0,35,0,44,24,0,68,113,0,113,181
07/08/2021,CMI,IL,AGL,CE,Combined TRACON& Tower with Radar,0,31,14,1,46,0,12,2,1,15,0,43,16,2,61,74,0,74,135
07/09/2021,CMI,IL,AGL,CE,Combined TRACON& Tower with Radar,0,43,29,4,76,0,18,12,2,32,0,61,41,6,108,46,0,46,154
07/10/2021,CMI,IL,AGL,CE,Combined TRACON& Tower with Radar,0,22,10,0,32,0,0,1,0,1,0,22,11,0,33,4,0,4,37
07/11/2021,CMI,IL,AGL,CE,Combined TRACON& Tower with Radar,0,19,14,0,33,0,0,1,0,1,0,19,15,0,34,4,0,4,38
07/12/2021,CMI,IL,AGL,CE,Combined TRACON& Tower with Radar,0,17,9,0,26,0,1,4,0,5,0,18,13,0,31,10,0,10,41
07/13/2021,CMI,IL,AGL,CE,Combined TRACON& Tower with Radar,0,31,23,0,54,0,6,10,0,16,0,37,33,0,70,104,0,104,174
07/14/2021,CMI,IL,AGL,CE,Combined TRACON& Tower with Radar,0,40,11,0,51,0,39,40,0,79,0,79,51,0,130,146,0,146,276
07/15/2021,CMI,IL,AGL,CE,Combined TRACON& Tower with Radar,0,31,16,0,47,0,17,16,1,34,0,48,32,1,81,52,0,52,133
07/16/2021,CMI,IL,AGL,CE,Combined TRACON& Tower with Radar,0,32,6,0,38,0,0,2,0,2,0,32,8,0,40,0,0,0,40
07/17/2021,CMI,IL,AGL,CE,Combined TRACON& Tower with Radar,0,35,14,0,49,0,6,19,0,25,0,41,33,0,74,78,0,78,152
07/18/2021,CMI,IL,AGL,CE,Combined TRACON& Tower with Radar,0,27,9,0,36,0,5,7,0,12,0,32,16,0,48,50,0,50,98
07/19/2021,CMI,IL,AGL,CE,Combined TRACON& Tower with Radar,0,27,14,0,41,0,32,29,0,61,0,59,43,0,102,182,0,182,284
07/20/2021,CMI,IL,AGL,CE,Combined TRACON& Tower with Radar,0,44,12,0,56,0,27,55,2,84,0,71,67,2,140,139,0,139,279
07/21/2021,CMI,IL,AGL,CE,Combined TRACON& Tower with Radar,0,37,10,0,47,0,19,27,0,46,0,56,37,0,93,134,0,134,227
07/22/2021,CMI,IL,AGL,CE,Combined TRACON& Tower with Radar,0,33,15,0,48,0,1,19,0,20,0,34,34,0,68,36,0,36,104
07/23/2021,CMI,IL,AGL,CE,Combined TRACON& Tower with Radar,0,40,12,4,56,0,2,24,0,26,0,42,36,4,82,68,0,68,150
07/24/2021,CMI,IL,AGL,CE,Combined TRACON& Tower with Radar,0,28,10,0,38,0,13,7,2,22,0,41,17,2,60,34,0,34,94
07/25/2021,CMI,IL,AGL,CE,Combined TRACON& Tower with Radar,0,16,9,0,25,0,0,37,0,37,0,16,46,0,62,20,0,20,82
07/26/2021,CMI,IL,AGL,CE,Combined TRACON& Tower with Radar,0,31,12,0,43,0,31,29,0,60,0,62,41,0,103,101,0,101,204
07/27/2021,CMI,IL,AGL,CE,Combined TRACON& Tower with Radar,0,24,12,0,36,0,30,25,0,55,0,54,37,0,91,194,0,194,285
07/28/2021,CMI,IL,AGL,CE,Combined TRACON& Tower with Radar,0,21,21,0,42,0,5,24,0,29,0,26,45,0,71,44,0,44,115
07/29/2021,CMI,IL,AGL,CE,Combined TRACON& Tower with Radar,0,18,10,0,28,0,0,6,0,6,0,18,16,0,34,0,0,0,34
07/30/2021,CMI,IL,AGL,CE,Combined TRACON& Tower with Radar,0,21,18,0,39,0,4,31,0,35,0,25,49,0,74,22,0,22,96
07/31/2021,CMI,IL,AGL,CE,Combined TRACON& Tower with Radar,0,14,7,0,21,0,2,14,0,16,0,16,21,0,37,8,0,8,45
08/01/2021,CMI,IL,AGL,CE,Combined TRACON& Tower with Radar,0,21,23,0,44,0,5,29,0,34,0,26,52,0,78,0,0,0,78
08/02/2021,CMI,IL,AGL,CE,Combined TRACON& Tower with Radar,1,16,13,0,30,0,9,29,0,38,1,25,42,0,68,14,0,14,82
08/03/2021,CMI,IL,AGL,CE,Combined TRACON& Tower with Radar,1,13,12,0,26,0,4,33,0,37,1,17,45,0,63,10,0,10,73
08/04/2021,CMI,IL,AGL,CE,Combined TRACON& Tower with Radar,0,17,14,0,31,0,9,17,0,26,0,26,31,0,57,20,0,20,77
08/05/2021,CMI,IL,AGL,CE,Combined TRACON& Tower with Radar,0,24,13,2,39,0,7,12,0,19,0,31,25,2,58,4,0,4,62
08/06/2021,CMI,IL,AGL,CE,Combined TRACON& Tower with Radar,0,15,5,0,20,0,4,7,0,11,0,19,12,0,31,16,0,16,47
08/07/2021,CMI,IL,AGL,CE,Combined TRACON& Tower with Radar,0,17,5,0,22,0,4,15,0,19,0,21,20,0,41,12,0,12,53
08/08/2021,CMI,IL,AGL,CE,Combined TRACON& Tower with Radar,0,11,3,0,14,0,1,2,0,3,0,12,5,0,17,0,0,0,17
08/09/2021,CMI,IL,AGL,CE,Combined TRACON& Tower with Radar,0,12,7,0,19,0,1,3,0,4,0,13,10,0,23,4,0,4,27
08/10/2021,CMI,IL,AGL,CE,Combined TRACON& Tower with Radar,0,12,14,0,26,0,1,11,1,13,0,13,25,1,39,18,8,26,65
08/11/2021,CMI,IL,AGL,CE,Combined TRACON& Tower with Radar,0,9,12,0,21,0,7,20,0,27,0,16,32,0,48,0,0,0,48
08/12/2021,CMI,IL,AGL,CE,Combined TRACON& Tower with Radar,0,19,11,0,30,0,0,3,0,3,0,19,14,0,33,0,0,0,33
08/13/2021,CMI,IL,AGL,CE,Combined TRACON& Tower with Radar,0,13,24,0,37,0,0,17,0,17,0,13,41,0,54,2,0,2,56
08/14/2021,CMI,IL,AGL,CE,Combined TRACON& Tower with Radar,2,12,4,0,18,0,6,34,0,40,2,18,38,0,58,26,0,26,84
08/15/2021,CMI,IL,AGL,CE,Combined TRACON& Tower with Radar,0,15,13,0,28,0,5,27,0,32,0,20,40,0,60,30,0,30,90
08/16/2021,CMI,IL,AGL,CE,Combined TRACON& Tower with Radar,0,17,6,4,27,0,2,20,2,24,0,19,26,6,51,12,0,12,63
08/17/2021,CMI,IL,AGL,CE,Combined TRACON& Tower with Radar,0,15,14,0,29,0,5,9,0,14,0,20,23,0,43,0,0,0,43
08/18/2021,CMI,IL,AGL,CE,Combined TRACON& Tower with Radar,0,25,13,0,38,0,3,24,0,27,0,28,37,0,65,26,0,26,91
08/19/2021,CMI,IL,AGL,CE,Combined TRACON& Tower with Radar,0,27,15,0,42,0,11,10,0,21,0,38,25,0,63,28,0,28,91
08/20/2021,CMI,IL,AGL,CE,Combined TRACON& Tower with Radar,0,22,8,0,30,0,8,12,1,21,0,30,20,1,51,22,0,22,73
08/21/2021,CMI,IL,AGL,CE,Combined TRACON& Tower with Radar,4,13,13,0,30,0,3,6,0,9,4,16,19,0,39,34,0,34,73
08/22/2021,CMI,IL,AGL,CE,Combined TRACON& Tower with Radar,0,18,14,0,32,0,2,26,0,28,0,20,40,0,60,10,0,10,70
08/23/2021,CMI,IL,AGL,CE,Combined TRACON& Tower with Radar,2,15,8,0,25,0,3,9,0,12,2,18,17,0,37,4,0,4,41
08/24/2021,CMI,IL,AGL,CE,Combined TRACON& Tower with Radar,0,20,11,0,31,0,10,12,2,24,0,30,23,2,55,26,0,26,81
08/25/2021,CMI,IL,AGL,CE,Combined TRACON& Tower with Radar,0,19,10,0,29,0,37,15,0,52,0,56,25,0,81,88,0,88,169
08/26/2021,CMI,IL,AGL,CE,Combined TRACON& Tower with Radar,0,19,5,0,24,0,17,9,0,26,0,36,14,0,50,26,0,26,76
08/27/2021,CMI,IL,AGL,CE,Combined TRACON& Tower with Radar,2,24,15,0,41,0,54,24,1,79,2,78,39,1,120,172,0,172,292
08/28/2021,CMI,IL,AGL,CE,Combined TRACON& Tower with Radar,2,20,26,0,48,0,43,35,0,78,2,63,61,0,126,86,0,86,212
08/29/2021,CMI,IL,AGL,CE,Combined TRACON& Tower with Radar,0,16,9,0,25,0,3,8,0,11,0,19,17,0,36,8,0,8,44
08/30/2021,CMI,IL,AGL,CE,Combined TRACON& Tower with Radar,0,26,6,0,32,0,36,13,2,51,0,62,19,2,83,156,0,156,239
08/31/2021,CMI,IL,AGL,CE,Combined TRACON& Tower with Radar,0,28,25,2,55,0,20,13,2,35,0,48,38,4,90,78,0,78,168
09/01/2021,CMI,IL,AGL,CE,Combined TRACON& Tower with Radar,0,18,21,2,41,0,36,38,0,74,0,54,59,2,115,156,0,156,271
09/02/2021,CMI,IL,AGL,CE,Combined TRACON& Tower with Radar,0,21,22,0,43,0,41,31,0,72,0,62,53,0,115,108,0,108,223
09/03/2021,CMI,IL,AGL,CE,Combined TRACON& Tower with Radar,1,28,17,0,46,0,29,23,2,54,1,57,40,2,100,108,0,108,208
09/04/2021,CMI,IL,AGL,CE,Combined TRACON& Tower with Radar,0,18,16,0,34,0,0,0,0,0,0,18,16,0,34,0,0,0,34
09/05/2021,CMI,IL,AGL,CE,Combined TRACON& Tower with Radar,0,10,15,0,25,0,3,17,0,20,0,13,32,0,45,61,0,61,106
09/06/2021,CMI,IL,AGL,CE,Combined TRACON& Tower with Radar,0,15,15,0,30,0,8,19,0,27,0,23,34,0,57,0,0,0,57
09/07/2021,CMI,IL,AGL,CE,Combined TRACON& Tower with Radar,0,14,10,0,24,0,3,15,0,18,0,17,25,0,42,4,0,4,46
09/08/2021,CMI,IL,AGL,CE,Combined TRACON& Tower with Radar,0,33,13,0,46,0,48,19,0,67,0,81,32,0,113,160,0,160,273
09/09/2021,CMI,IL,AGL,CE,Combined TRACON& Tower with Radar,0,25,27,0,52,0,37,34,0,71,0,62,61,0,123,96,0,96,219
09/10/2021,CMI,IL,AGL,CE,Combined TRACON& Tower with Radar,2,32,19,0,53,0,50,35,0,85,2,82,54,0,138,64,0,64,202
09/11/2021,CMI,IL,AGL,CE,Combined TRACON& Tower with Radar,2,11,16,0,29,0,29,25,0,54,2,40,41,0,83,32,0,32,115
09/12/2021,CMI,IL,AGL,CE,Combined TRACON& Tower with Radar,0,13,9,0,22,0,4,4,0,8,0,17,13,0,30,0,0,0,30
09/13/2021,CMI,IL,AGL,CE,Combined TRACON& Tower with Radar,0,28,11,0,39,0,43,20,0,63,0,71,31,0,102,60,0,60,162
09/14/2021,CMI,IL,AGL,CE,Combined TRACON& Tower with Radar,0,16,11,0,27,0,6,10,0,16,0,22,21,0,43,46,0,46,89
09/15/2021,CMI,IL,AGL,CE,Combined TRACON& Tower with Radar,0,24,22,0,46,0,51,26,0,77,0,75,48,0,123,42,0,42,165
09/16/2021,CMI,IL,AGL,CE,Combined TRACON& Tower with Radar,1,33,30,0,64,0,35,31,0,66,1,68,61,0,130,78,0,78,208
09/17/2021,CMI,IL,AGL,CE,Combined TRACON& Tower with Radar,2,35,19,5,61,0,22,22,1,45,2,57,41,6,106,60,0,60,166
09/18/2021,CMI,IL,AGL,CE,Combined TRACON& Tower with Radar,2,16,10,0,28,0,34,20,0,54,2,50,30,0,82,30,0,30,112
09/19/2021,CMI,IL,AGL,CE,Combined TRACON& Tower with Radar,0,18,6,0,24,0,1,16,0,17,0,19,22,0,41,6,0,6,47
09/20/2021,CMI,IL,AGL,CE,Combined TRACON& Tower with Radar,0,28,12,2,42,0,3,2,0,5,0,31,14,2,47,0,0,0,47
09/21/2021,CMI,IL,AGL,CE,Combined TRACON& Tower with Radar,0,19,16,0,35,0,0,0,0,0,0,19,16,0,35,0,0,0,35
09/22/2021,CMI,IL,AGL,CE,Combined TRACON& Tower with Radar,0,44,19,0,63,0,0,7,0,7,0,44,26,0,70,0,0,0,70
09/23/2021,CMI,IL,AGL,CE,Combined TRACON& Tower with Radar,0,27,16,0,43,0,22,22,0,44,0,49,38,0,87,34,0,34,121
09/24/2021,CMI,IL,AGL,CE,Combined TRACON& Tower with Radar,0,23,21,0,44,0,38,24,2,64,0,61,45,2,108,86,0,86,194
09/25/2021,CMI,IL,AGL,CE,Combined TRACON& Tower with Radar,0,28,15,0,43,0,28,34,0,62,0,56,49,0,105,54,0,54,159
09/26/2021,CMI,IL,AGL,CE,Combined TRACON& Tower with Radar,0,18,10,0,28,0,0,12,0,12,0,18,22,0,40,14,0,14,54
09/27/2021,CMI,IL,AGL,CE,Combined TRACON& Tower with Radar,0,17,11,2,30,0,4,7,1,12,0,21,18,3,42,12,0,12,54
09/28/2021,CMI,IL,AGL,CE,Combined TRACON& Tower with Radar,0,24,29,0,53,0,34,19,0,53,0,58,48,0,106,72,0,72,178
09/29/2021,CMI,IL,AGL,CE,Combined TRACON& Tower with Radar,0,26,13,0,39,0,30,20,2,52,0,56,33,2,91,136,0,136,227
09/30/2021,CMI,IL,AGL,CE,Combined TRACON& Tower with Radar,0,30,12,0,42,0,47,20,0,67,0,77,32,0,109,126,0,126,235
10/01/2021,CMI,IL,AGL,CE,Combined TRACON& Tower with Radar,1,31,16,0,48,0,46,19,0,65,1,77,35,0,113,98,0,98,211
10/02/2021,CMI,IL,AGL,CE,Combined TRACON& Tower with Radar,1,28,8,0,37,0,1,1,0,2,1,29,9,0,39,6,0,6,45
10/03/2021,CMI,IL,AGL,CE,Combined TRACON& Tower with Radar,0,17,15,0,32,0,0,0,0,0,0,17,15,0,32,0,0,0,32
10/04/2021,CMI,IL,AGL,CE,Combined TRACON& Tower with Radar,0,44,17,0,61,0,3,5,0,8,0,47,22,0,69,37,0,37,106
10/05/2021,CMI,IL,AGL,CE,Combined TRACON& Tower with Radar,0,40,19,0,59,0,4,3,0,7,0,44,22,0,66,20,0,20,86
10/06/2021,CMI,IL,AGL,CE,Combined TRACON& Tower with Radar,0,39,18,0,57,0,6,3,0,9,0,45,21,0,66,2,0,2,68
10/07/2021,CMI,IL,AGL,CE,Combined TRACON& Tower with Radar,0,12,17,0,29,0,0,1,0,1,0,12,18,0,30,0,0,0,30
10/08/2021,CMI,IL,AGL,CE,Combined TRACON& Tower with Radar,2,29,20,0,51,0,10,9,1,20,2,39,29,1,71,86,0,86,157
10/09/2021,CMI,IL,AGL,CE,Combined TRACON& Tower with Radar,2,23,36,0,61,0,40,45,0,85,2,63,81,0,146,108,0,108,254
10/10/2021,CMI,IL,AGL,CE,Combined TRACON& Tower with Radar,0,18,14,0,32,0,6,23,0,29,0,24,37,0,61,0,0,0,61
10/11/2021,CMI,IL,AGL,CE,Combined TRACON& Tower with Radar,2,10,5,0,17,0,0,3,0,3,2,10,8,0,20,0,0,0,20
10/12/2021,CMI,IL,AGL,CE,Combined TRACON& Tower with Radar,0,42,26,0,68,0,26,19,0,45,0,68,45,0,113,96,0,96,209
10/13/2021,CMI,IL,AGL,CE,Combined TRACON& Tower with Radar,0,23,10,0,33,0,22,14,0,36,0,45,24,0,69,99,0,99,168
10/14/2021,CMI,IL,AGL,CE,Combined TRACON& Tower with Radar,0,28,10,0,38,0,2,3,0,5,0,30,13,0,43,0,0,0,43
10/15/2021,CMI,IL,AGL,CE,Combined TRACON& Tower with Radar,0,49,28,0,77,0,2,1,0,3,0,51,29,0,80,14,0,14,94
10/16/2021,CMI,IL,AGL,CE,Combined TRACON& Tower with Radar,0,14,18,0,32,0,36,24,1,61,0,50,42,1,93,54,0,54,147
10/17/2021,CMI,IL,AGL,CE,Combined TRACON& Tower with Radar,0,15,22,0,37,0,9,30,0,39,0,24,52,0,76,4,0,4,80
10/18/2021,CMI,IL,AGL,CE,Combined TRACON& Tower with Radar,0,27,16,0,43,0,47,23,0,70,0,74,39,0,113,180,0,180,293
10/19/2021,CMI,IL,AGL,CE,Combined TRACON& Tower with Radar,0,32,21,0,53,0,37,27,0,64,0,69,48,0,117,196,0,196,313
10/20/2021,CMI,IL,AGL,CE,Combined TRACON& Tower with Radar,0,34,13,0,47,0,44,5,2,51,0,78,18,2,98,136,0,136,234
10/21/2021,CMI,IL,AGL,CE,Combined TRACON& Tower with Radar,0,16,21,0,37,0,4,2,0,6,0,20,23,0,43,46,0,46,89
10/22/2021,CMI,IL,AGL,CE,Combined TRACON& Tower with Radar,2,17,10,0,29,0,0,2,2,4,2,17,12,2,33,0,0,0,33
10/23/2021,CMI,IL,AGL,CE,Combined TRACON& Tower with Radar,2,14,17,0,33,0,30,24,2,56,2,44,41,2,89,290,0,290,379
10/24/2021,CMI,IL,AGL,CE,Combined TRACON& Tower with Radar,0,15,4,0,19,0,0,0,0,0,0,15,4,0,19,0,0,0,19
10/25/2021,CMI,IL,AGL,CE,Combined TRACON& Tower with Radar,0,14,4,0,18,0,1,0,0,1,0,15,4,0,19,0,0,0,19
10/26/2021,CMI,IL,AGL,CE,Combined TRACON& Tower with Radar,0,14,25,0,39,0,51,23,0,74,0,65,48,0,113,260,0,260,373
10/27/2021,CMI,IL,AGL,CE,Combined TRACON& Tower with Radar,0,26,13,0,39,0,44,29,0,73,0,70,42,0,112,300,0,300,412
10/28/2021,CMI,IL,AGL,CE,Combined TRACON& Tower with Radar,0,21,20,0,41,0,0,0,0,0,0,21,20,0,41,0,0,0,41
10/29/2021,CMI,IL,AGL,CE,Combined TRACON& Tower with Radar,2,24,18,0,44,0,1,0,0,1,2,25,18,0,45,0,0,0,45
10/30/2021,CMI,IL,AGL,CE,Combined TRACON& Tower with Radar,2,21,22,1,46,0,0,2,2,4,2,21,24,3,50,0,0,0,50
10/31/2021,CMI,IL,AGL,CE,Combined TRACON& Tower with Radar,0,16,19,0,35,0,4,14,1,19,0,20,33,1,54,62,2,64,118
11/01/2021,CMI,IL,AGL,CE,Combined TRACON& Tower with Radar,0,17,14,3,34,0,30,15,0,45,0,47,29,3,79,162,0,162,241
11/02/2021,CMI,IL,AGL,CE,Combined TRACON& Tower with Radar,0,17,20,0,37,0,31,25,0,56,0,48,45,0,93,299,0,299,392
11/03/2021,CMI,IL,AGL,CE,Combined TRACON& Tower with Radar,0,24,17,0,41,0,46,17,0,63,0,70,34,0,104,180,0,180,284
11/04/2021,CMI,IL,AGL,CE,Combined TRACON& Tower with Radar,2,20,18,1,41,0,38,18,0,56,2,58,36,1,97,280,0,280,377
11/05/2021,CMI,IL,AGL,CE,Combined TRACON& Tower with Radar,2,24,20,0,46,0,47,27,0,74,2,71,47,0,120,114,0,114,234
11/06/2021,CMI,IL,AGL,CE,Combined TRACON& Tower with Radar,4,12,7,0,23,0,32,28,0,60,4,44,35,0,83,106,0,106,189
11/07/2021,CMI,IL,AGL,CE,Combined TRACON& Tower with Radar,0,14,11,0,25,0,8,20,0,28,0,22,31,0,53,14,0,14,67
11/08/2021,CMI,IL,AGL,CE,Combined TRACON& Tower with Radar,0,25,22,0,47,0,39,25,1,65,0,64,47,1,112,189,0,189,301
11/09/2021,CMI,IL,AGL,CE,Combined TRACON& Tower with Radar,0,22,18,0,40,0,22,12,0,34,0,44,30,0,74,324,0,324,398
11/10/2021,CMI,IL,AGL,CE,Combined TRACON& Tower with Radar,0,24,8,0,32,0,8,1,0,9,0,32,9,0,41,109,0,109,150
11/11/2021,CMI,IL,AGL,CE,Combined TRACON& Tower with Radar,0,14,13,0,27,0,5,14,0,19,0,19,27,0,46,8,0,8,54
11/12/2021,CMI,IL,AGL,CE,Combined TRACON& Tower with Radar,0,13,12,0,25,0,5,13,0,18,0,18,25,0,43,10,0,10,53
11/13/2021,CMI,IL,AGL,CE,Combined TRACON& Tower with Radar,0,17,7,0,24,0,0,4,0,4,0,17,11,0,28,0,0,0,28
11/14/2021,CMI,IL,AGL,CE,Combined TRACON& Tower with Radar,1,15,11,0,27,0,2,2,0,4,1,17,13,0,31,0,0,0,31
11/15/2021,CMI,IL,AGL,CE,Combined TRACON& Tower with Radar,1,35,9,0,45,0,28,17,0,45,1,63,26,0,90,122,0,122,212
11/16/2021,CMI,IL,AGL,CE,Combined TRACON& Tower with Radar,0,27,16,0,43,0,41,32,0,73,0,68,48,0,116,188,0,188,304
11/17/2021,CMI,IL,AGL,CE,Combined TRACON& Tower with Radar,0,22,10,0,32,0,2,2,0,4,0,24,12,0,36,10,0,10,46
11/18/2021,CMI,IL,AGL,CE,Combined TRACON& Tower with Radar,0,19,15,0,34,0,13,14,0,27,0,32,29,0,61,62,0,62,123
11/19/2021,CMI,IL,AGL,CE,Combined TRACON& Tower with Radar,0,33,18,0,51,0,72,32,0,104,0,105,50,0,155,222,0,222,377
11/20/2021,CMI,IL,AGL,CE,Combined TRACON& Tower with Radar,2,22,9,0,33,0,37,12,0,49,2,59,21,0,82,148,0,148,230
11/21/2021,CMI,IL,AGL,CE,Combined TRACON& Tower with Radar,0,17,18,0,35,0,4,1,0,5,0,21,19,0,40,0,0,0,40
11/22/2021,CMI,IL,AGL,CE,Combined TRACON& Tower with Radar,0,25,15,0,40,0,47,21,0,68,0,72,36,0,108,234,0,234,342
11/23/2021,CMI,IL,AGL,CE,Combined TRACON& Tower with Radar,3,20,16,0,39,0,37,17,0,54,3,57,33,0,93,110,0,110,203
11/24/2021,CMI,IL,AGL,CE,Combined TRACON& Tower with Radar,0,17,9,2,28,0,0,7,2,9,0,17,16,4,37,24,0,24,61
11/25/2021,CMI,IL,AGL,CE,Combined TRACON& Tower with Radar,0,4,6,0,10,0,2,1,0,3,0,6,7,0,13,0,0,0,13
11/26/2021,CMI,IL,AGL,CE,Combined TRACON& Tower with Radar,0,18,8,0,26,0,14,18,0,32,0,32,26,0,58,32,0,32,90
11/27/2021,CMI,IL,AGL,CE,Combined TRACON& Tower with Radar,2,15,22,0,39,0,10,16,0,26,2,25,38,0,65,58,0,58,123
11/28/2021,CMI,IL,AGL,CE,Combined TRACON& Tower with Radar,3,15,16,0,34,0,4,11,4,19,3,19,27,4,53,0,0,0,53
11/29/2021,CMI,IL,AGL,CE,Combined TRACON& Tower with Radar,0,27,10,0,37,0,40,10,0,50,0,67,20,0,87,70,0,70,157
11/30/2021,CMI,IL,AGL,CE,Combined TRACON& Tower with Radar,0,22,9,0,31,0,38,15,0,53,0,60,24,0,84,242,0,242,326
12/01/2021,CMI,IL,AGL,CE,Combined TRACON& Tower with Radar,2,28,10,0,40,0,8,9,0,17,2,36,19,0,57,50,0,50,107
12/02/2021,CMI,IL,AGL,CE,Combined TRACON& Tower with Radar,4,21,5,0,30,0,32,14,0,46,4,53,19,0,76,134,0,134,210
12/03/2021,CMI,IL,AGL,CE,Combined TRACON& Tower with Radar,2,24,5,0,31,0,43,28,0,71,2,67,33,0,102,196,0,196,298
12/04/2021,CMI,IL,AGL,CE,Combined TRACON& Tower with Radar,0,29,16,0,45,0,15,29,0,44,0,44,45,0,89,96,0,96,185
12/05/2021,CMI,IL,AGL,CE,Combined TRACON& Tower with Radar,2,15,7,0,24,0,0,0,0,0,2,15,7,0,24,0,0,0,24
12/06/2021,CMI,IL,AGL,CE,Combined TRACON& Tower with Radar,1,17,6,0,24,0,3,3,0,6,1,20,9,0,30,0,0,0,30
12/07/2021,CMI,IL,AGL,CE,Combined TRACON& Tower with Radar,1,24,11,0,36,0,41,17,0,58,1,65,28,0,94,190,0,190,284
12/08/2021,CMI,IL,AGL,CE,Combined TRACON& Tower with Radar,3,28,14,0,45,0,43,20,0,63,3,71,34,0,108,246,0,246,354
12/09/2021,CMI,IL,AGL,CE,Combined TRACON& Tower with Radar,2,17,8,0,27,0,10,8,2,20,2,27,16,2,47,30,0,30,77
12/10/2021,CMI,IL,AGL,CE,Combined TRACON& Tower with Radar,4,9,15,0,28,0,0,0,0,0,4,9,15,0,28,0,0,0,28
12/11/2021,CMI,IL,AGL,CE,Combined TRACON& Tower with Radar,2,20,6,0,28,0,5,0,0,5,2,25,6,0,33,0,0,0,33
12/12/2021,CMI,IL,AGL,CE,Combined TRACON& Tower with Radar,0,16,8,0,24,0,23,11,0,34,0,39,19,0,58,144,0,144,202
12/13/2021,CMI,IL,AGL,CE,Combined TRACON& Tower with Radar,0,30,20,0,50,0,49,26,0,75,0,79,46,0,125,174,0,174,299
12/14/2021,CMI,IL,AGL,CE,Combined TRACON& Tower with Radar,0,26,11,0,37,0,30,17,2,49,0,56,28,2,86,92,0,92,178
12/15/2021,CMI,IL,AGL,CE,Combined TRACON& Tower with Radar,0,15,10,2,27,0,0,0,0,0,0,15,10,2,27,0,0,0,27
12/16/2021,CMI,IL,AGL,CE,Combined TRACON& Tower with Radar,0,20,11,0,31,0,4,9,0,13,0,24,20,0,44,0,0,0,44
12/17/2021,CMI,IL,AGL,CE,Combined TRACON& Tower with Radar,0,21,8,2,31,0,23,16,4,43,0,44,24,6,74,84,0,84,158
12/18/2021,CMI,IL,AGL,CE,Combined TRACON& Tower with Radar,0,14,5,0,19,0,0,0,0,0,0,14,5,0,19,0,0,0,19
12/19/2021,CMI,IL,AGL,CE,Combined TRACON& Tower with Radar,0,14,18,0,32,0,4,18,0,22,0,18,36,0,54,24,0,24,78
12/20/2021,CMI,IL,AGL,CE,Combined TRACON& Tower with Radar,0,17,10,2,29,0,8,15,0,23,0,25,25,2,52,14,0,14,66
12/21/2021,CMI,IL,AGL,CE,Combined TRACON& Tower with Radar,0,14,14,0,28,0,4,13,0,17,0,18,27,0,45,22,0,22,67
12/22/2021,CMI,IL,AGL,CE,Combined TRACON& Tower with Radar,0,11,14,0,25,0,6,9,2,17,0,17,23,2,42,0,0,0,42
12/23/2021,CMI,IL,AGL,CE,Combined TRACON& Tower with Radar,0,20,15,0,35,0,4,15,0,19,0,24,30,0,54,18,0,18,72
12/24/2021,CMI,IL,AGL,CE,Combined TRACON& Tower with Radar,0,8,4,0,12,0,0,0,0,0,0,8,4,0,12,0,0,0,12
12/25/2021,CMI,IL,AGL,CE,Combined TRACON& Tower with Radar,0,11,13,0,24,0,0,0,0,0,0,11,13,0,24,0,0,0,24
12/26/2021,CMI,IL,AGL,CE,Combined TRACON& Tower with Radar,0,11,12,0,23,0,0,0,0,0,0,11,12,0,23,0,0,0,23
12/27/2021,CMI,IL,AGL,CE,Combined TRACON& Tower with Radar,0,17,13,0,30,0,0,3,0,3,0,17,16,0,33,26,0,26,59
12/28/2021,CMI,IL,AGL,CE,Combined TRACON& Tower with Radar,0,19,0,0,19,0,0,0,0,0,0,19,0,0,19,0,0,0,19
12/29/2021,CMI,IL,AGL,CE,Combined TRACON& Tower with Radar,0,16,3,0,19,0,0,0,0,0,0,16,3,0,19,0,0,0,19
12/30/2021,CMI,IL,AGL,CE,Combined TRACON& Tower with Radar,0,20,5,0,25,0,0,0,0,0,0,20,5,0,25,0,0,0,25
12/31/2021,CMI,IL,AGL,CE,Combined TRACON& Tower with Radar,0,6,11,0,17,0,0,0,0,0,0,6,11,0,17,0,0,0,17
01/01/2022,CMI,IL,AGL,CE,Combined TRACON& Tower with Radar,0,6,1,0,7,0,0,0,0,0,0,6,1,0,7,0,0,0,7
01/02/2022,CMI,IL,AGL,CE,Combined TRACON& Tower with Radar,0,13,7,0,20,0,2,0,0,2,0,15,7,0,22,0,0,0,22
01/03/2022,CMI,IL,AGL,CE,Combined TRACON& Tower with Radar,2,15,7,0,24,0,8,29,0,37,2,23,36,0,61,34,0,34,95
01/04/2022,CMI,IL,AGL,CE,Combined TRACON& Tower with Radar,3,11,5,0,19,0,0,11,0,11,3,11,16,0,30,16,0,16,46
01/05/2022,CMI,IL,AGL,CE,Combined TRACON& Tower with Radar,1,11,1,0,13,0,3,4,0,7,1,14,5,0,20,0,0,0,20
01/06/2022,CMI,IL,AGL,CE,Combined TRACON& Tower with Radar,3,15,8,0,26,0,4,3,0,7,3,19,11,0,33,20,0,20,53
01/07/2022,CMI,IL,AGL,CE,Combined TRACON& Tower with Radar,1,14,14,0,29,0,25,17,0,42,1,39,31,0,71,34,0,34,105
01/08/2022,CMI,IL,AGL,CE,Combined TRACON& Tower with Radar,0,3,3,0,6,0,0,0,0,0,0,3,3,0,6,0,0,0,6
01/09/2022,CMI,IL,AGL,CE,Combined TRACON& Tower with Radar,1,11,11,0,23,0,0,2,0,2,1,11,13,0,25,0,0,0,25
01/10/2022,CMI,IL,AGL,CE,Combined TRACON& Tower with Radar,1,23,3,0,27,0,7,11,0,18,1,30,14,0,45,48,0,48,93
01/11/2022,CMI,IL,AGL,CE,Combined TRACON& Tower with Radar,0,11,1,0,12,0,4,10,0,14,0,15,11,0,26,12,0,12,38
01/12/2022,CMI,IL,AGL,CE,Combined TRACON& Tower with Radar,0,15,12,0,27,0,49,9,0,58,0,64,21,0,85,200,0,200,285
01/13/2022,CMI,IL,AGL,CE,Combined TRACON& Tower with Radar,2,12,11,0,25,0,18,9,0,27,2,30,20,0,52,60,0,60,112
01/14/2022,CMI,IL,AGL,CE,Combined TRACON& Tower with Radar,1,23,6,0,30,0,0,1,0,1,1,23,7,0,31,56,0,56,87
01/15/2022,CMI,IL,AGL,CE,Combined TRACON& Tower with Radar,2,15,6,0,23,0,3,7,0,10,2,18,13,0,33,4,0,4,37
01/16/2022,CMI,IL,AGL,CE,Combined TRACON& Tower with Radar,2,12,13,0,27,0,2,25,0,27,2,14,38,0,54,40,0,40,94
01/17/2022,CMI,IL,AGL,CE,Combined TRACON& Tower with Radar,0,14,3,0,17,0,0,1,0,1,0,14,4,0,18,0,0,0,18
01/18/2022,CMI,IL,AGL,CE,Combined TRACON& Tower with Radar,0,17,10,0,27,0,31,20,0,51,0,48,30,0,78,54,0,54,132
01/19/2022,CMI,IL,AGL,CE,Combined TRACON& Tower with Radar,0,18,3,4,25,0,56,10,0,66,0,74,13,4,91,102,0,102,193
01/20/2022,CMI,IL,AGL,CE,Combined TRACON& Tower with Radar,2,19,13,0,34,0,52,10,0,62,2,71,23,0,96,172,0,172,268
01/21/2022,CMI,IL,AGL,CE,Combined TRACON& Tower with Radar,0,24,18,0,42,0,53,21,0,74,0,77,39,0,116,270,0,270,386
01/22/2022,CMI,IL,AGL,CE,Combined TRACON& Tower with Radar,1,13,11,0,25,0,25,6,0,31,1,38,17,0,56,90,0,90,146
01/23/2022,CMI,IL,AGL,CE,Combined TRACON& Tower with Radar,0,12,5,0,17,0,0,1,0,1,0,12,6,0,18,12,0,12,30
01/24/2022,CMI,IL,AGL,CE,Combined TRACON& Tower with Radar,2,9,8,0,19,0,7,5,0,12,2,16,13,0,31,58,0,58,89
01/25/2022,CMI,IL,AGL,CE,Combined TRACON& Tower with Radar,2,28,14,0,44,0,40,20,0,60,2,68,34,0,104,152,0,152,256
01/26/2022,CMI,IL,AGL,CE,Combined TRACON& Tower with Radar,0,24,11,0,35,0,40,10,0,50,0,64,21,0,85,182,0,182,267
01/27/2022,CMI,IL,AGL,CE,Combined TRACON& Tower with Radar,0,14,3,0,17,0,4,2,0,6,0,18,5,0,23,0,0,0,23
01/28/2022,CMI,IL,AGL,CE,Combined TRACON& Tower with Radar,0,14,6,0,20,0,2,4,0,6,0,16,10,0,26,100,0,100,126
01/29/2022,CMI,IL,AGL,CE,Combined TRACON& Tower with Radar,2,26,11,0,39,0,38,27,0,65,2,64,38,0,104,20,0,20,124
01/30/2022,CMI,IL,AGL,CE,Combined TRACON& Tower with Radar,0,15,16,0,31,0,12,18,0,30,0,27,34,0,61,0,0,0,61
01/31/2022,CMI,IL,AGL,CE,Combined TRACON& Tower with Radar,0,37,14,4,55,0,65,19,0,84,0,102,33,4,139,268,0,268,407
02/01/2022,CMI,IL,AGL,CE,Combined TRACON& Tower with Radar,2,17,9,0,28,0,14,0,0,14,2,31,9,0,42,4,0,4,46
02/02/2022,CMI,IL,AGL,CE,Combined TRACON& Tower with Radar,0,0,0,0,0,0,0,0,0,0,0,0,0,0,0,0,0,0,0
02/03/2022,CMI,IL,AGL,CE,Combined TRACON& Tower with Radar,0,0,0,0,0,0,0,0,0,0,0,0,0,0,0,0,0,0,0
02/04/2022,CMI,IL,AGL,CE,Combined TRACON& Tower with Radar,0,12,7,0,19,0,0,6,0,6,0,12,13,0,25,0,0,0,25
02/05/2022,CMI,IL,AGL,CE,Combined TRACON& Tower with Radar,2,19,2,0,23,0,24,8,0,32,2,43,10,0,55,54,0,54,109
02/06/2022,CMI,IL,AGL,CE,Combined TRACON& Tower with Radar,2,27,6,0,35,0,4,17,0,21,2,31,23,0,56,8,0,8,64
02/07/2022,CMI,IL,AGL,CE,Combined TRACON& Tower with Radar,0,28,11,0,39,0,43,15,0,58,0,71,26,0,97,174,0,174,271
02/08/2022,CMI,IL,AGL,CE,Combined TRACON& Tower with Radar,0,15,23,0,38,0,55,17,0,72,0,70,40,0,110,85,0,85,195
02/09/2022,CMI,IL,AGL,CE,Combined TRACON& Tower with Radar,0,25,9,0,34,0,45,9,0,54,0,70,18,0,88,168,0,168,256
02/10/2022,CMI,IL,AGL,CE,Combined TRACON& Tower with Radar,0,15,8,0,23,0,6,3,0,9,0,21,11,0,32,97,0,97,129
02/11/2022,CMI,IL,AGL,CE,Combined TRACON& Tower with Radar,0,17,7,0,24,0,3,2,0,5,0,20,9,0,29,2,0,2,31
02/12/2022,CMI,IL,AGL,CE,Combined TRACON& Tower with Radar,0,15,5,0,20,0,0,1,0,1,0,15,6,0,21,0,0,0,21
02/13/2022,CMI,IL,AGL,CE,Combined TRACON& Tower with Radar,0,20,3,0,23,0,0,0,0,0,0,20,3,0,23,0,0,0,23
02/14/2022,CMI,IL,AGL,CE,Combined TRACON& Tower with Radar,1,35,18,0,54,0,31,28,0,59,1,66,46,0,113,102,0,102,215
02/15/2022,CMI,IL,AGL,CE,Combined TRACON& Tower with Radar,1,20,10,0,31,0,43,16,0,59,1,63,26,0,90,222,0,222,312
02/16/2022,CMI,IL,AGL,CE,Combined TRACON& Tower with Radar,0,13,10,0,23,0,0,0,0,0,0,13,10,0,23,0,0,0,23
02/17/2022,CMI,IL,AGL,CE,Combined TRACON& Tower with Radar,0,2,0,0,2,0,0,1,0,1,0,2,1,0,3,0,0,0,3
02/18/2022,CMI,IL,AGL,CE,Combined TRACON& Tower with Radar,2,19,13,0,34,0,2,5,0,7,2,21,18,0,41,8,0,8,49
02/19/2022,CMI,IL,AGL,CE,Combined TRACON& Tower with Radar,2,22,11,0,35,0,28,23,0,51,2,50,34,0,86,104,0,104,190
02/20/2022,CMI,IL,AGL,CE,Combined TRACON& Tower with Radar,0,10,8,0,18,0,4,10,0,14,0,14,18,0,32,14,0,14,46
02/21/2022,CMI,IL,AGL,CE,Combined TRACON& Tower with Radar,0,29,20,0,49,0,46,8,0,54,0,75,28,0,103,194,0,194,297
02/22/2022,CMI,IL,AGL,CE,Combined TRACON& Tower with Radar,0,13,13,0,26,0,0,0,0,0,0,13,13,0,26,0,0,0,26
02/23/2022,CMI,IL,AGL,CE,Combined TRACON& Tower with Radar,5,5,4,0,14,0,2,3,0,5,5,7,7,0,19,68,0,68,87
02/24/2022,CMI,IL,AGL,CE,Combined TRACON& Tower with Radar,0,18,7,0,25,0,0,2,0,2,0,18,9,0,27,0,0,0,27
02/25/2022,CMI,IL,AGL,CE,Combined TRACON& Tower with Radar,2,9,11,0,22,0,3,4,0,7,2,12,15,0,29,44,0,44,73
02/26/2022,CMI,IL,AGL,CE,Combined TRACON& Tower with Radar,3,21,7,0,31,0,57,37,0,94,3,78,44,0,125,194,0,194,319
02/27/2022,CMI,IL,AGL,CE,Combined TRACON& Tower with Radar,4,21,17,0,42,0,13,23,0,36,4,34,40,0,78,52,0,52,130
02/28/2022,CMI,IL,AGL,CE,Combined TRACON& Tower with Radar,0,26,20,0,46,0,40,20,0,60,0,66,40,0,106,120,0,120,226
03/01/2022,CMI,IL,AGL,CE,Combined TRACON& Tower with Radar,0,27,20,0,47,0,47,41,0,88,0,74,61,0,135,180,0,180,315
03/02/2022,CMI,IL,AGL,CE,Combined TRACON& Tower with Radar,2,16,9,0,27,0,32,33,1,66,2,48,42,1,93,192,0,192,285
03/03/2022,CMI,IL,AGL,CE,Combined TRACON& Tower with Radar,2,36,15,0,53,0,43,10,1,54,2,79,25,1,107,106,0,106,213
03/04/2022,CMI,IL,AGL,CE,Combined TRACON& Tower with Radar,0,19,25,0,44,0,28,22,0,50,0,47,47,0,94,218,0,218,312
03/05/2022,CMI,IL,AGL,CE,Combined TRACON& Tower with Radar,0,17,13,0,30,0,13,6,0,19,0,30,19,0,49,0,0,0,49
03/06/2022,CMI,IL,AGL,CE,Combined TRACON& Tower with Radar,0,19,13,0,32,0,1,9,0,10,0,20,22,0,42,40,0,40,82
03/07/2022,CMI,IL,AGL,CE,Combined TRACON& Tower with Radar,0,24,12,0,36,0,0,0,0,0,0,24,12,0,36,0,0,0,36
03/08/2022,CMI,IL,AGL,CE,Combined TRACON& Tower with Radar,0,36,19,0,55,0,24,40,0,64,0,60,59,0,119,240,0,240,359
03/09/2022,CMI,IL,AGL,CE,Combined TRACON& Tower with Radar,0,23,20,0,43,0,43,28,0,71,0,66,48,0,114,142,0,142,256
03/10/2022,CMI,IL,AGL,CE,Combined TRACON& Tower with Radar,0,30,5,0,35,0,45,7,0,52,0,75,12,0,87,126,0,126,213
03/11/2022,CMI,IL,AGL,CE,Combined TRACON& Tower with Radar,0,13,9,0,22,0,10,2,0,12,0,23,11,0,34,57,0,57,91
03/12/2022,CMI,IL,AGL,CE,Combined TRACON& Tower with Radar,0,11,14,0,25,0,6,12,0,18,0,17,26,0,43,8,0,8,51
03/13/2022,CMI,IL,AGL,CE,Combined TRACON& Tower with Radar,0,15,6,0,21,0,7,7,0,14,0,22,13,0,35,0,0,0,35
03/14/2022,CMI,IL,AGL,CE,Combined TRACON& Tower with Radar,0,16,6,0,22,0,12,13,0,25,0,28,19,0,47,14,0,14,61
03/15/2022,CMI,IL,AGL,CE,Combined TRACON& Tower with Radar,0,16,13,0,29,0,4,27,2,33,0,20,40,2,62,24,0,24,86
03/16/2022,CMI,IL,AGL,CE,Combined TRACON& Tower with Radar,2,13,24,0,39,0,23,32,0,55,2,36,56,0,94,64,0,64,158
03/17/2022,CMI,IL,AGL,CE,Combined TRACON& Tower with Radar,0,21,10,0,31,0,29,19,0,48,0,50,29,0,79,70,0,70,149
03/18/2022,CMI,IL,AGL,CE,Combined TRACON& Tower with Radar,0,14,2,0,16,0,0,0,0,0,0,14,2,0,16,0,0,0,16
03/19/2022,CMI,IL,AGL,CE,Combined TRACON& Tower with Radar,0,11,3,0,14,0,0,3,0,3,0,11,6,0,17,0,0,0,17
03/20/2022,CMI,IL,AGL,CE,Combined TRACON& Tower with Radar,2,13,14,0,29,0,6,44,0,50,2,19,58,0,79,62,0,62,141
03/21/2022,CMI,IL,AGL,CE,Combined TRACON& Tower with Radar,0,29,21,4,54,0,43,24,0,67,0,72,45,4,121,130,0,130,251
03/22/2022,CMI,IL,AGL,CE,Combined TRACON& Tower with Radar,0,14,14,0,28,0,0,0,0,0,0,14,14,0,28,0,0,0,28
03/23/2022,CMI,IL,AGL,CE,Combined TRACON& Tower with Radar,0,11,6,0,17,0,2,1,0,3,0,13,7,0,20,0,0,0,20
03/24/2022,CMI,IL,AGL,CE,Combined TRACON& Tower with Radar,0,20,8,0,28,0,0,2,2,4,0,20,10,2,32,0,0,0,32
03/25/2022,CMI,IL,AGL,CE,Combined TRACON& Tower with Radar,0,20,8,0,28,0,0,4,0,4,0,20,12,0,32,0,0,0,32
03/26/2022,CMI,IL,AGL,CE,Combined TRACON& Tower with Radar,0,16,7,0,23,0,2,5,0,7,0,18,12,0,30,0,0,0,30
03/27/2022,CMI,IL,AGL,CE,Combined TRACON& Tower with Radar,0,19,12,0,31,0,30,37,0,67,0,49,49,0,98,50,0,50,148
03/28/2022,CMI,IL,AGL,CE,Combined TRACON& Tower with Radar,0,32,15,0,47,0,60,18,0,78,0,92,33,0,125,292,0,292,417
03/29/2022,CMI,IL,AGL,CE,Combined TRACON& Tower with Radar,0,16,7,0,23,0,23,6,0,29,0,39,13,0,52,10,0,10,62
03/30/2022,CMI,IL,AGL,CE,Combined TRACON& Tower with Radar,0,15,7,0,22,0,0,0,0,0,0,15,7,0,22,0,0,0,22
03/31/2022,CMI,IL,AGL,CE,Combined TRACON& Tower with Radar,0,14,5,0,19,0,0,0,0,0,0,14,5,0,19,0,0,0,19
04/01/2022,CMI,IL,AGL,CE,Combined TRACON& Tower with Radar,0,24,26,3,53,0,47,28,1,76,0,71,54,4,129,228,0,228,357
04/02/2022,CMI,IL,AGL,CE,Combined TRACON& Tower with Radar,0,19,5,0,24,0,13,5,0,18,0,32,10,0,42,24,0,24,66
04/03/2022,CMI,IL,AGL,CE,Combined TRACON& Tower with Radar,0,18,14,0,32,0,28,31,0,59,0,46,45,0,91,58,0,58,149
04/04/2022,CMI,IL,AGL,CE,Combined TRACON& Tower with Radar,0,31,7,0,38,0,39,10,0,49,0,70,17,0,87,156,0,156,243
04/05/2022,CMI,IL,AGL,CE,Combined TRACON& Tower with Radar,0,30,7,0,37,0,8,2,0,10,0,38,9,0,47,74,0,74,121
04/06/2022,CMI,IL,AGL,CE,Combined TRACON& Tower with Radar,0,15,12,0,27,0,3,1,0,4,0,18,13,0,31,28,0,28,59
04/07/2022,CMI,IL,AGL,CE,Combined TRACON& Tower with Radar,0,25,14,0,39,0,13,2,0,15,0,38,16,0,54,22,0,22,76
04/08/2022,CMI,IL,AGL,CE,Combined TRACON& Tower with Radar,0,9,12,2,23,0,0,0,0,0,0,9,12,2,23,6,0,6,29
04/09/2022,CMI,IL,AGL,CE,Combined TRACON& Tower with Radar,0,24,20,0,44,0,40,19,0,59,0,64,39,0,103,140,0,140,243
04/10/2022,CMI,IL,AGL,CE,Combined TRACON& Tower with Radar,0,18,8,2,28,0,1,10,0,11,0,19,18,2,39,0,0,0,39
04/11/2022,CMI,IL,AGL,CE,Combined TRACON& Tower with Radar,0,12,6,0,18,0,24,21,0,45,0,36,27,0,63,222,0,222,285
04/12/2022,CMI,IL,AGL,CE,Combined TRACON& Tower with Radar,0,50,16,0,66,0,21,5,0,26,0,71,21,0,92,134,0,134,226
04/13/2022,CMI,IL,AGL,CE,Combined TRACON& Tower with Radar,0,14,1,0,15,0,0,0,0,0,0,14,1,0,15,0,0,0,15
04/14/2022,CMI,IL,AGL,CE,Combined TRACON& Tower with Radar,0,24,7,0,31,0,7,19,0,26,0,31,26,0,57,6,0,6,63
04/15/2022,CMI,IL,AGL,CE,Combined TRACON& Tower with Radar,0,16,14,0,30,0,25,15,0,40,0,41,29,0,70,44,0,44,114
04/16/2022,CMI,IL,AGL,CE,Combined TRACON& Tower with Radar,0,20,16,0,36,0,32,40,0,72,0,52,56,0,108,182,0,182,290
04/17/2022,CMI,IL,AGL,CE,Combined TRACON& Tower with Radar,0,13,3,0,16,0,6,17,0,23,0,19,20,0,39,22,0,22,61
04/18/2022,CMI,IL,AGL,CE,Combined TRACON& Tower with Radar,0,10,6,0,16,0,1,1,0,2,0,11,7,0,18,0,0,0,18
04/19/2022,CMI,IL,AGL,CE,Combined TRACON& Tower with Radar,0,22,27,0,49,0,56,44,0,100,0,78,71,0,149,200,0,200,349
04/20/2022,CMI,IL,AGL,CE,Combined TRACON& Tower with Radar,0,16,11,0,27,0,2,2,0,4,0,18,13,0,31,0,0,0,31
04/21/2022,CMI,IL,AGL,CE,Combined TRACON& Tower with Radar,0,48,25,0,73,0,39,27,0,66,0,87,52,0,139,232,0,232,371
04/22/2022,CMI,IL,AGL,CE,Combined TRACON& Tower with Radar,0,32,13,0,45,0,14,5,0,19,0,46,18,0,64,124,0,124,188
04/23/2022,CMI,IL,AGL,CE,Combined TRACON& Tower with Radar,0,10,7,0,17,0,4,14,3,21,0,14,21,3,38,0,0,0,38
04/24/2022,CMI,IL,AGL,CE,Combined TRACON& Tower with Radar,0,15,10,0,25,0,0,0,0,0,0,15,10,0,25,0,0,0,25
04/25/2022,CMI,IL,AGL,CE,Combined TRACON& Tower with Radar,0,33,10,0,43,0,58,9,0,67,0,91,19,0,110,190,0,190,300
04/26/2022,CMI,IL,AGL,CE,Combined TRACON& Tower with Radar,0,24,17,0,41,0,43,30,0,73,0,67,47,0,114,230,0,230,344
04/27/2022,CMI,IL,AGL,CE,Combined TRACON& Tower with Radar,0,31,17,8,56,0,61,38,0,99,0,92,55,8,155,164,6,170,325
04/28/2022,CMI,IL,AGL,CE,Combined TRACON& Tower with Radar,0,30,12,0,42,0,41,7,0,48,0,71,19,0,90,168,0,168,258
04/29/2022,CMI,IL,AGL,CE,Combined TRACON& Tower with Radar,0,27,12,2,41,0,31,8,0,39,0,58,20,2,80,140,6,146,226
04/30/2022,CMI,IL,AGL,CE,Combined TRACON& Tower with Radar,0,13,3,0,16,0,2,1,0,3,0,15,4,0,19,0,0,0,19
05/01/2022,CMI,IL,AGL,CE,Combined TRACON& Tower with Radar,0,10,18,0,28,0,0,11,0,11,0,10,29,0,39,0,0,0,39
05/02/2022,CMI,IL,AGL,CE,Combined TRACON& Tower with Radar,0,33,15,0,48,0,70,47,0,117,0,103,62,0,165,250,0,250,415
05/03/2022,CMI,IL,AGL,CE,Combined TRACON& Tower with Radar,0,25,13,0,38,0,0,0,0,0,0,25,13,0,38,0,0,0,38
05/04/2022,CMI,IL,AGL,CE,Combined TRACON& Tower with Radar,0,59,23,0,82,0,4,4,0,8,0,63,27,0,90,140,0,140,230
05/05/2022,CMI,IL,AGL,CE,Combined TRACON& Tower with Radar,0,16,12,0,28,0,2,0,0,2,0,18,12,0,30,10,0,10,40
05/06/2022,CMI,IL,AGL,CE,Combined TRACON& Tower with Radar,0,14,16,0,30,0,1,0,0,1,0,15,16,0,31,0,0,0,31
05/07/2022,CMI,IL,AGL,CE,Combined TRACON& Tower with Radar,0,21,10,0,31,0,40,33,0,73,0,61,43,0,104,74,6,80,184
05/08/2022,CMI,IL,AGL,CE,Combined TRACON& Tower with Radar,0,17,7,0,24,0,12,27,0,39,0,29,34,0,63,52,0,52,115
05/09/2022,CMI,IL,AGL,CE,Combined TRACON& Tower with Radar,0,18,11,0,29,0,20,4,1,25,0,38,15,1,54,0,0,0,54
05/10/2022,CMI,IL,AGL,CE,Combined TRACON& Tower with Radar,0,18,14,2,34,0,39,19,0,58,0,57,33,2,92,241,0,241,333
05/11/2022,CMI,IL,AGL,CE,Combined TRACON& Tower with Radar,0,32,6,0,38,0,46,35,4,85,0,78,41,4,123,308,0,308,431
05/12/2022,CMI,IL,AGL,CE,Combined TRACON& Tower with Radar,0,26,10,0,36,0,44,30,0,74,0,70,40,0,110,165,0,165,275
05/13/2022,CMI,IL,AGL,CE,Combined TRACON& Tower with Radar,0,28,13,0,41,0,29,28,1,58,0,57,41,1,99,130,0,130,229
05/14/2022,CMI,IL,AGL,CE,Combined TRACON& Tower with Radar,0,17,13,0,30,0,9,20,0,29,0,26,33,0,59,36,0,36,95
05/15/2022,CMI,IL,AGL,CE,Combined TRACON& Tower with Radar,0,22,15,0,37,0,4,19,0,23,0,26,34,0,60,38,0,38,98
05/16/2022,CMI,IL,AGL,CE,Combined TRACON& Tower with Radar,0,18,14,0,32,0,21,13,0,34,0,39,27,0,66,136,0,136,202
05/17/2022,CMI,IL,AGL,CE,Combined TRACON& Tower with Radar,0,9,29,0,38,0,20,44,6,70,0,29,73,6,108,80,0,80,188
05/18/2022,CMI,IL,AGL,CE,Combined TRACON& Tower with Radar,0,20,11,0,31,0,2,1,0,3,0,22,12,0,34,0,0,0,34
05/19/2022,CMI,IL,AGL,CE,Combined TRACON& Tower with Radar,0,29,19,0,48,0,2,10,2,14,0,31,29,2,62,32,0,32,94
05/20/2022,CMI,IL,AGL,CE,Combined TRACON& Tower with Radar,0,15,14,0,29,0,2,3,0,5,0,17,17,0,34,6,0,6,40
05/21/2022,CMI,IL,AGL,CE,Combined TRACON& Tower with Radar,0,13,14,0,27,0,0,0,0,0,0,13,14,0,27,0,0,0,27
05/22/2022,CMI,IL,AGL,CE,Combined TRACON& Tower with Radar,0,21,16,0,37,0,10,20,0,30,0,31,36,0,67,54,0,54,121
05/23/2022,CMI,IL,AGL,CE,Combined TRACON& Tower with Radar,0,13,15,0,28,0,8,24,0,32,0,21,39,0,60,0,0,0,60
05/24/2022,CMI,IL,AGL,CE,Combined TRACON& Tower with Radar,0,16,17,2,35,0,5,23,0,28,0,21,40,2,63,14,0,14,77
05/25/2022,CMI,IL,AGL,CE,Combined TRACON& Tower with Radar,1,22,16,0,39,0,3,1,0,4,1,25,17,0,43,6,0,6,49
05/26/2022,CMI,IL,AGL,CE,Combined TRACON& Tower with Radar,1,19,15,2,37,0,0,1,0,1,1,19,16,2,38,0,0,0,38
05/27/2022,CMI,IL,AGL,CE,Combined TRACON& Tower with Radar,0,17,20,0,37,0,2,0,0,2,0,19,20,0,39,8,0,8,47
05/28/2022,CMI,IL,AGL,CE,Combined TRACON& Tower with Radar,0,10,8,0,18,0,4,36,0,40,0,14,44,0,58,42,0,42,100
05/29/2022,CMI,IL,AGL,CE,Combined TRACON& Tower with Radar,0,12,5,0,17,0,1,18,0,19,0,13,23,0,36,14,0,14,50
05/30/2022,CMI,IL,AGL,CE,Combined TRACON& Tower with Radar,0,11,5,0,16,0,2,13,0,15,0,13,18,0,31,2,0,2,33
05/31/2022,CMI,IL,AGL,CE,Combined TRACON& Tower with Radar,0,8,9,0,17,0,3,17,1,21,0,11,26,1,38,6,0,6,44
06/01/2022,CMI,IL,AGL,CE,Combined TRACON& Tower with Radar,0,22,7,0,29,0,7,5,0,12,0,29,12,0,41,8,0,8,49
06/02/2022,CMI,IL,AGL,CE,Combined TRACON& Tower with Radar,0,16,15,0,31,0,19,16,0,35,0,35,31,0,66,112,0,112,178
06/03/2022,CMI,IL,AGL,CE,Combined TRACON& Tower with Radar,0,21,14,0,35,0,32,28,0,60,0,53,42,0,95,70,0,70,165
06/04/2022,CMI,IL,AGL,CE,Combined TRACON& Tower with Radar,0,14,6,0,20,0,12,19,0,31,0,26,25,0,51,68,0,68,119
06/05/2022,CMI,IL,AGL,CE,Combined TRACON& Tower with Radar,0,14,6,0,20,0,4,41,0,45,0,18,47,0,65,28,0,28,93
06/06/2022,CMI,IL,AGL,CE,Combined TRACON& Tower with Radar,0,14,14,0,28,0,4,11,0,15,0,18,25,0,43,48,0,48,91
06/07/2022,CMI,IL,AGL,CE,Combined TRACON& Tower with Radar,0,36,31,5,72,0,15,9,1,25,0,51,40,6,97,190,16,206,303
06/08/2022,CMI,IL,AGL,CE,Combined TRACON& Tower with Radar,0,27,13,0,40,0,11,10,0,21,0,38,23,0,61,102,0,102,163
06/09/2022,CMI,IL,AGL,CE,Combined TRACON& Tower with Radar,0,27,18,1,46,0,87,32,0,119,0,114,50,1,165,242,0,242,407
06/10/2022,CMI,IL,AGL,CE,Combined TRACON& Tower with Radar,0,23,7,1,31,0,38,18,0,56,0,61,25,1,87,92,0,92,179
06/11/2022,CMI,IL,AGL,CE,Combined TRACON& Tower with Radar,0,18,22,0,40,0,10,16,0,26,0,28,38,0,66,166,0,166,232
06/12/2022,CMI,IL,AGL,CE,Combined TRACON& Tower with Radar,0,13,5,0,18,0,1,10,0,11,0,14,15,0,29,0,0,0,29
06/13/2022,CMI,IL,AGL,CE,Combined TRACON& Tower with Radar,2,16,13,0,31,0,9,13,0,22,2,25,26,0,53,52,0,52,105
06/14/2022,CMI,IL,AGL,CE,Combined TRACON& Tower with Radar,0,20,21,0,41,0,42,19,0,61,0,62,40,0,102,106,0,106,208
06/15/2022,CMI,IL,AGL,CE,Combined TRACON& Tower with Radar,0,18,19,1,38,0,33,15,3,51,0,51,34,4,89,62,0,62,151
06/16/2022,CMI,IL,AGL,CE,Combined TRACON& Tower with Radar,0,22,22,0,44,0,33,26,0,59,0,55,48,0,103,116,0,116,219
06/17/2022,CMI,IL,AGL,CE,Combined TRACON& Tower with Radar,0,20,18,4,42,0,24,41,0,65,0,44,59,4,107,64,0,64,171
06/18/2022,CMI,IL,AGL,CE,Combined TRACON& Tower with Radar,0,11,12,0,23,0,21,66,0,87,0,32,78,0,110,58,0,58,168
06/19/2022,CMI,IL,AGL,CE,Combined TRACON& Tower with Radar,0,14,10,0,24,0,1,34,0,35,0,15,44,0,59,14,0,14,73
06/20/2022,CMI,IL,AGL,CE,Combined TRACON& Tower with Radar,0,27,13,0,40,0,37,37,0,74,0,64,50,0,114,118,0,118,232
06/21/2022,CMI,IL,AGL,CE,Combined TRACON& Tower with Radar,0,25,14,2,41,0,30,20,0,50,0,55,34,2,91,116,0,116,207
06/22/2022,CMI,IL,AGL,CE,Combined TRACON& Tower with Radar,0,32,14,0,46,0,30,17,0,47,0,62,31,0,93,118,0,118,211
06/23/2022,CMI,IL,AGL,CE,Combined TRACON& Tower with Radar,0,42,17,0,59,0,35,31,0,66,0,77,48,0,125,154,0,154,279
06/24/2022,CMI,IL,AGL,CE,Combined TRACON& Tower with Radar,0,22,18,0,40,0,24,24,0,48,0,46,42,0,88,66,0,66,154
06/25/2022,CMI,IL,AGL,CE,Combined TRACON& Tower with Radar,0,6,10,0,16,0,2,10,0,12,0,8,20,0,28,34,0,34,62
06/26/2022,CMI,IL,AGL,CE,Combined TRACON& Tower with Radar,0,18,12,0,30,0,0,13,0,13,0,18,25,0,43,0,0,0,43
06/27/2022,CMI,IL,AGL,CE,Combined TRACON& Tower with Radar,0,31,20,10,61,0,35,34,0,69,0,66,54,10,130,146,0,146,276
06/28/2022,CMI,IL,AGL,CE,Combined TRACON& Tower with Radar,0,32,7,0,39,0,51,34,2,87,0,83,41,2,126,198,0,198,324
06/29/2022,CMI,IL,AGL,CE,Combined TRACON& Tower with Radar,0,18,13,0,31,0,24,43,0,67,0,42,56,0,98,140,0,140,238
06/30/2022,CMI,IL,AGL,CE,Combined TRACON& Tower with Radar,0,40,16,8,64,0,46,19,2,67,0,86,35,10,131,150,6,156,287
07/01/2022,CMI,IL,AGL,CE,Combined TRACON& Tower with Radar,0,32,11,0,43,0,24,8,0,32,0,56,19,0,75,52,0,52,127
07/02/2022,CMI,IL,AGL,CE,Combined TRACON& Tower with Radar,0,10,11,0,21,0,13,26,0,39,0,23,37,0,60,52,0,52,112
07/03/2022,CMI,IL,AGL,CE,Combined TRACON& Tower with Radar,0,10,7,0,17,0,7,20,0,27,0,17,27,0,44,22,0,22,66
07/04/2022,CMI,IL,AGL,CE,Combined TRACON& Tower with Radar,0,8,2,0,10,0,0,18,0,18,0,8,20,0,28,8,0,8,36
07/05/2022,CMI,IL,AGL,CE,Combined TRACON& Tower with Radar,0,24,9,0,33,0,25,27,0,52,0,49,36,0,85,116,0,116,201
07/06/2022,CMI,IL,AGL,CE,Combined TRACON& Tower with Radar,0,20,7,0,27,0,18,6,0,24,0,38,13,0,51,204,0,204,255
07/07/2022,CMI,IL,AGL,CE,Combined TRACON& Tower with Radar,0,20,3,0,23,0,5,1,0,6,0,25,4,0,29,26,0,26,55
07/08/2022,CMI,IL,AGL,CE,Combined TRACON& Tower with Radar,0,17,11,0,28,0,1,0,0,1,0,18,11,0,29,24,0,24,53
07/09/2022,CMI,IL,AGL,CE,Combined TRACON& Tower with Radar,0,27,17,0,44,0,10,19,0,29,0,37,36,0,73,120,0,120,193
07/10/2022,CMI,IL,AGL,CE,Combined TRACON& Tower with Radar,0,12,17,0,29,0,10,42,0,52,0,22,59,0,81,12,0,12,93
07/11/2022,CMI,IL,AGL,CE,Combined TRACON& Tower with Radar,0,28,19,0,47,0,42,18,4,64,0,70,37,4,111,104,0,104,215
07/12/2022,CMI,IL,AGL,CE,Combined TRACON& Tower with Radar,0,42,25,2,69,0,58,37,0,95,0,100,62,2,164,170,0,170,334
07/13/2022,CMI,IL,AGL,CE,Combined TRACON& Tower with Radar,0,25,3,0,28,0,32,35,0,67,0,57,38,0,95,318,0,318,413
07/14/2022,CMI,IL,AGL,CE,Combined TRACON& Tower with Radar,0,31,3,0,34,0,46,27,0,73,0,77,30,0,107,220,0,220,327
07/15/2022,CMI,IL,AGL,CE,Combined TRACON& Tower with Radar,0,21,7,0,28,0,9,12,0,21,0,30,19,0,49,80,0,80,129
07/16/2022,CMI,IL,AGL,CE,Combined TRACON& Tower with Radar,0,28,7,0,35,0,38,23,0,61,0,66,30,0,96,184,0,184,280
07/17/2022,CMI,IL,AGL,CE,Combined TRACON& Tower with Radar,0,17,13,0,30,0,0,1,0,1,0,17,14,0,31,0,0,0,31
07/18/2022,CMI,IL,AGL,CE,Combined TRACON& Tower with Radar,0,39,18,0,57,0,17,14,0,31,0,56,32,0,88,162,0,162,250
07/19/2022,CMI,IL,AGL,CE,Combined TRACON& Tower with Radar,0,46,15,4,65,0,52,32,0,84,0,98,47,4,149,166,0,166,315
07/20/2022,CMI,IL,AGL,CE,Combined TRACON& Tower with Radar,0,39,7,0,46,0,29,28,0,57,0,68,35,0,103,64,0,64,167
07/21/2022,CMI,IL,AGL,CE,Combined TRACON& Tower with Radar,0,41,8,0,49,0,49,35,0,84,0,90,43,0,133,172,0,172,305
07/22/2022,CMI,IL,AGL,CE,Combined TRACON& Tower with Radar,0,25,13,0,38,0,39,34,0,73,0,64,47,0,111,216,0,216,327
07/23/2022,CMI,IL,AGL,CE,Combined TRACON& Tower with Radar,0,18,11,0,29,0,13,26,0,39,0,31,37,0,68,86,0,86,154
07/24/2022,CMI,IL,AGL,CE,Combined TRACON& Tower with Radar,0,14,14,0,28,0,1,11,0,12,0,15,25,0,40,18,0,18,58
07/25/2022,CMI,IL,AGL,CE,Combined TRACON& Tower with Radar,0,31,6,0,37,0,34,22,0,56,0,65,28,0,93,120,0,120,213
07/26/2022,CMI,IL,AGL,CE,Combined TRACON& Tower with Radar,0,20,13,0,33,0,3,4,0,7,0,23,17,0,40,20,0,20,60
07/27/2022,CMI,IL,AGL,CE,Combined TRACON& Tower with Radar,0,20,14,2,36,0,0,11,0,11,0,20,25,2,47,18,0,18,65
07/28/2022,CMI,IL,AGL,CE,Combined TRACON& Tower with Radar,0,28,13,0,41,0,20,32,0,52,0,48,45,0,93,112,0,112,205
07/29/2022,CMI,IL,AGL,CE,Combined TRACON& Tower with Radar,0,24,20,8,52,0,18,35,0,53,0,42,55,8,105,56,0,56,161
07/30/2022,CMI,IL,AGL,CE,Combined TRACON& Tower with Radar,0,19,7,0,26,0,7,33,0,40,0,26,40,0,66,4,0,4,70
07/31/2022,CMI,IL,AGL,CE,Combined TRACON& Tower with Radar,0,18,14,4,36,0,3,27,0,30,0,21,41,4,66,66,0,66,132
08/01/2022,CMI,IL,AGL,CE,Combined TRACON& Tower with Radar,0,13,12,0,25,0,4,9,0,13,0,17,21,0,38,20,0,20,58
08/02/2022,CMI,IL,AGL,CE,Combined TRACON& Tower with Radar,0,11,4,0,15,0,1,12,0,13,0,12,16,0,28,0,0,0,28
08/03/2022,CMI,IL,AGL,CE,Combined TRACON& Tower with Radar,0,11,4,0,15,0,2,21,0,23,0,13,25,0,38,6,0,6,44
08/04/2022,CMI,IL,AGL,CE,Combined TRACON& Tower with Radar,0,12,11,0,23,0,1,15,0,16,0,13,26,0,39,8,0,8,47
08/05/2022,CMI,IL,AGL,CE,Combined TRACON& Tower with Radar,0,23,14,0,37,0,4,15,0,19,0,27,29,0,56,4,0,4,60
08/06/2022,CMI,IL,AGL,CE,Combined TRACON& Tower with Radar,0,8,16,0,24,0,5,13,0,18,0,13,29,0,42,18,0,18,60
08/07/2022,CMI,IL,AGL,CE,Combined TRACON& Tower with Radar,0,13,12,0,25,0,2,17,0,19,0,15,29,0,44,14,0,14,58
08/08/2022,CMI,IL,AGL,CE,Combined TRACON& Tower with Radar,0,12,13,0,25,0,7,16,0,23,0,19,29,0,48,0,0,0,48
08/09/2022,CMI,IL,AGL,CE,Combined TRACON& Tower with Radar,0,14,14,0,28,0,2,13,0,15,0,16,27,0,43,8,0,8,51
08/10/2022,CMI,IL,AGL,CE,Combined TRACON& Tower with Radar,0,13,7,0,20,0,8,29,0,37,0,21,36,0,57,36,0,36,93
08/11/2022,CMI,IL,AGL,CE,Combined TRACON& Tower with Radar,0,8,11,0,19,0,3,18,0,21,0,11,29,0,40,30,0,30,70
08/12/2022,CMI,IL,AGL,CE,Combined TRACON& Tower with Radar,0,15,23,0,38,0,5,25,0,30,0,20,48,0,68,26,0,26,94
08/13/2022,CMI,IL,AGL,CE,Combined TRACON& Tower with Radar,0,6,7,0,13,0,4,16,0,20,0,10,23,0,33,16,0,16,49
08/14/2022,CMI,IL,AGL,CE,Combined TRACON& Tower with Radar,0,13,17,4,34,0,0,1,0,1,0,13,18,4,35,32,0,32,67
08/15/2022,CMI,IL,AGL,CE,Combined TRACON& Tower with Radar,0,13,14,14,41,0,6,11,0,17,0,19,25,14,58,32,16,48,106
08/16/2022,CMI,IL,AGL,CE,Combined TRACON& Tower with Radar,0,18,15,0,33,0,13,17,0,30,0,31,32,0,63,34,0,34,97
08/17/2022,CMI,IL,AGL,CE,Combined TRACON& Tower with Radar,0,12,9,0,21,0,12,27,0,39,0,24,36,0,60,32,0,32,92
08/18/2022,CMI,IL,AGL,CE,Combined TRACON& Tower with Radar,0,17,19,0,36,0,14,28,0,42,0,31,47,0,78,52,0,52,130
08/19/2022,CMI,IL,AGL,CE,Combined TRACON& Tower with Radar,0,14,12,0,26,0,21,33,0,54,0,35,45,0,80,86,0,86,166
08/20/2022,CMI,IL,AGL,CE,Combined TRACON& Tower with Radar,0,10,6,0,16,0,2,4,0,6,0,12,10,0,22,28,0,28,50
08/21/2022,CMI,IL,AGL,CE,Combined TRACON& Tower with Radar,0,14,17,0,31,0,2,6,0,8,0,16,23,0,39,44,0,44,83
08/22/2022,CMI,IL,AGL,CE,Combined TRACON& Tower with Radar,0,26,23,0,49,0,7,15,0,22,0,33,38,0,71,82,0,82,153
08/23/2022,CMI,IL,AGL,CE,Combined TRACON& Tower with Radar,0,13,16,0,29,0,16,33,0,49,0,29,49,0,78,60,0,60,138
08/24/2022,CMI,IL,AGL,CE,Combined TRACON& Tower with Radar,0,18,10,0,28,0,65,41,0,106,0,83,51,0,134,192,0,192,326
08/25/2022,CMI,IL,AGL,CE,Combined TRACON& Tower with Radar,0,17,9,0,26,0,48,14,0,62,0,65,23,0,88,106,0,106,194
08/26/2022,CMI,IL,AGL,CE,Combined TRACON& Tower with Radar,1,34,26,0,61,0,36,14,0,50,1,70,40,0,111,94,0,94,205
08/27/2022,CMI,IL,AGL,CE,Combined TRACON& Tower with Radar,1,21,27,0,49,0,47,39,0,86,1,68,66,0,135,124,0,124,259
08/28/2022,CMI,IL,AGL,CE,Combined TRACON& Tower with Radar,0,15,15,0,30,0,2,12,0,14,0,17,27,0,44,10,0,10,54
08/29/2022,CMI,IL,AGL,CE,Combined TRACON& Tower with Radar,2,29,16,0,47,0,20,7,0,27,2,49,23,0,74,96,0,96,170
08/30/2022,CMI,IL,AGL,CE,Combined TRACON& Tower with Radar,0,23,20,2,45,0,57,29,0,86,0,80,49,2,131,150,0,150,281
08/31/2022,CMI,IL,AGL,CE,Combined TRACON& Tower with Radar,0,29,21,0,50,0,67,30,0,97,0,96,51,0,147,118,0,118,265
09/01/2022,CMI,IL,AGL,CE,Combined TRACON& Tower with Radar,0,29,16,0,45,0,54,27,0,81,0,83,43,0,126,226,0,226,352
09/02/2022,CMI,IL,AGL,CE,Combined TRACON& Tower with Radar,0,21,16,0,37,0,58,38,0,96,0,79,54,0,133,146,0,146,279
09/03/2022,CMI,IL,AGL,CE,Combined TRACON& Tower with Radar,0,26,9,0,35,0,30,21,0,51,0,56,30,0,86,144,0,144,230
09/04/2022,CMI,IL,AGL,CE,Combined TRACON& Tower with Radar,0,14,5,0,19,0,0,0,0,0,0,14,5,0,19,0,0,0,19
09/05/2022,CMI,IL,AGL,CE,Combined TRACON& Tower with Radar,0,20,27,0,47,0,0,0,0,0,0,20,27,0,47,0,0,0,47
09/06/2022,CMI,IL,AGL,CE,Combined TRACON& Tower with Radar,0,31,29,0,60,0,9,8,0,17,0,40,37,0,77,48,0,48,125
09/07/2022,CMI,IL,AGL,CE,Combined TRACON& Tower with Radar,0,21,16,2,39,0,31,29,0,60,0,52,45,2,99,158,0,158,257
09/08/2022,CMI,IL,AGL,CE,Combined TRACON& Tower with Radar,0,33,14,0,47,0,48,48,2,98,0,81,62,2,145,244,0,244,389
09/09/2022,CMI,IL,AGL,CE,Combined TRACON& Tower with Radar,1,28,18,0,47,0,43,47,0,90,1,71,65,0,137,228,0,228,365
09/10/2022,CMI,IL,AGL,CE,Combined TRACON& Tower with Radar,1,19,24,0,44,0,33,27,0,60,1,52,51,0,104,188,0,188,292
09/11/2022,CMI,IL,AGL,CE,Combined TRACON& Tower with Radar,0,11,6,0,17,0,0,3,0,3,0,11,9,0,20,0,0,0,20
09/12/2022,CMI,IL,AGL,CE,Combined TRACON& Tower with Radar,0,22,13,0,35,0,23,7,0,30,0,45,20,0,65,32,0,32,97
09/13/2022,CMI,IL,AGL,CE,Combined TRACON& Tower with Radar,0,22,25,0,47,0,56,25,2,83,0,78,50,2,130,156,0,156,286
09/14/2022,CMI,IL,AGL,CE,Combined TRACON& Tower with Radar,0,18,16,0,34,0,48,33,0,81,0,66,49,0,115,208,0,208,323
09/15/2022,CMI,IL,AGL,CE,Combined TRACON& Tower with Radar,0,36,24,0,60,0,59,25,0,84,0,95,49,0,144,196,0,196,340
09/16/2022,CMI,IL,AGL,CE,Combined TRACON& Tower with Radar,0,20,17,0,37,0,37,15,2,54,0,57,32,2,91,190,0,190,281
09/17/2022,CMI,IL,AGL,CE,Combined TRACON& Tower with Radar,0,18,8,0,26,0,18,38,2,58,0,36,46,2,84,32,0,32,116
09/18/2022,CMI,IL,AGL,CE,Combined TRACON& Tower with Radar,0,9,14,0,23,0,1,9,0,10,0,10,23,0,33,14,0,14,47
09/19/2022,CMI,IL,AGL,CE,Combined TRACON& Tower with Radar,0,29,18,0,47,0,10,7,0,17,0,39,25,0,64,152,0,152,216
09/20/2022,CMI,IL,AGL,CE,Combined TRACON& Tower with Radar,0,20,16,0,36,0,34,10,0,44,0,54,26,0,80,136,0,136,216
09/21/2022,CMI,IL,AGL,CE,Combined TRACON& Tower with Radar,2,27,15,0,44,0,18,10,0,28,2,45,25,0,72,82,0,82,154
09/22/2022,CMI,IL,AGL,CE,Combined TRACON& Tower with Radar,1,32,23,0,56,0,33,19,0,52,1,65,42,0,108,160,0,160,268
09/23/2022,CMI,IL,AGL,CE,Combined TRACON& Tower with Radar,0,17,19,0,36,0,38,21,0,59,0,55,40,0,95,170,0,170,265
09/24/2022,CMI,IL,AGL,CE,Combined TRACON& Tower with Radar,0,19,18,0,37,0,40,36,2,78,0,59,54,2,115,98,0,98,213
09/25/2022,CMI,IL,AGL,CE,Combined TRACON& Tower with Radar,0,18,7,0,25,0,6,14,0,20,0,24,21,0,45,12,0,12,57
09/26/2022,CMI,IL,AGL,CE,Combined TRACON& Tower with Radar,0,25,16,2,43,0,34,9,0,43,0,59,25,2,86,154,0,154,240
09/27/2022,CMI,IL,AGL,CE,Combined TRACON& Tower with Radar,0,27,21,0,48,0,50,14,0,64,0,77,35,0,112,114,0,114,226
09/28/2022,CMI,IL,AGL,CE,Combined TRACON& Tower with Radar,0,32,27,0,59,0,28,33,0,61,0,60,60,0,120,174,0,174,294
09/29/2022,CMI,IL,AGL,CE,Combined TRACON& Tower with Radar,0,23,14,0,37,0,45,31,1,77,0,68,45,1,114,260,0,260,374
09/30/2022,CMI,IL,AGL,CE,Combined TRACON& Tower with Radar,4,29,15,0,48,0,45,22,0,67,4,74,37,0,115,116,0,116,231
10/01/2022,CMI,IL,AGL,CE,Combined TRACON& Tower with Radar,2,23,12,0,37,0,22,23,0,45,2,45,35,0,82,88,0,88,170
10/02/2022,CMI,IL,AGL,CE,Combined TRACON& Tower with Radar,0,14,7,0,21,0,8,21,0,29,0,22,28,0,50,0,0,0,50
10/03/2022,CMI,IL,AGL,CE,Combined TRACON& Tower with Radar,0,20,15,0,35,0,31,6,0,37,0,51,21,0,72,136,0,136,208
10/04/2022,CMI,IL,AGL,CE,Combined TRACON& Tower with Radar,0,31,16,0,47,0,39,38,0,77,0,70,54,0,124,240,0,240,364
10/05/2022,CMI,IL,AGL,CE,Combined TRACON& Tower with Radar,0,29,14,2,45,0,42,22,0,64,0,71,36,2,109,144,0,144,253
10/06/2022,CMI,IL,AGL,CE,Combined TRACON& Tower with Radar,0,16,26,0,42,0,38,21,1,60,0,54,47,1,102,224,0,224,326
10/07/2022,CMI,IL,AGL,CE,Combined TRACON& Tower with Radar,1,21,23,0,45,0,16,22,0,38,1,37,45,0,83,132,0,132,215
10/08/2022,CMI,IL,AGL,CE,Combined TRACON& Tower with Radar,2,19,19,0,40,0,26,37,0,63,2,45,56,0,103,128,0,128,231
10/09/2022,CMI,IL,AGL,CE,Combined TRACON& Tower with Radar,0,17,21,1,39,0,10,23,0,33,0,27,44,1,72,50,0,50,122
10/10/2022,CMI,IL,AGL,CE,Combined TRACON& Tower with Radar,0,24,10,0,34,0,39,26,0,65,0,63,36,0,99,144,0,144,243
10/11/2022,CMI,IL,AGL,CE,Combined TRACON& Tower with Radar,0,11,11,0,22,0,0,2,0,2,0,11,13,0,24,16,0,16,40
10/12/2022,CMI,IL,AGL,CE,Combined TRACON& Tower with Radar,0,19,10,0,29,0,0,0,0,0,0,19,10,0,29,40,0,40,69
10/13/2022,CMI,IL,AGL,CE,Combined TRACON& Tower with Radar,0,20,8,0,28,0,13,7,0,20,0,33,15,0,48,72,0,72,120
10/14/2022,CMI,IL,AGL,CE,Combined TRACON& Tower with Radar,1,23,9,0,33,0,23,17,0,40,1,46,26,0,73,70,0,70,143
10/15/2022,CMI,IL,AGL,CE,Combined TRACON& Tower with Radar,1,27,25,0,53,0,23,67,0,90,1,50,92,0,143,186,0,186,329
10/16/2022,CMI,IL,AGL,CE,Combined TRACON& Tower with Radar,0,12,18,0,30,0,7,16,0,23,0,19,34,0,53,48,0,48,101
10/17/2022,CMI,IL,AGL,CE,Combined TRACON& Tower with Radar,0,19,8,2,29,0,23,3,0,26,0,42,11,2,55,94,0,94,149
10/18/2022,CMI,IL,AGL,CE,Combined TRACON& Tower with Radar,0,22,13,0,35,0,24,12,0,36,0,46,25,0,71,104,0,104,175
10/19/2022,CMI,IL,AGL,CE,Combined TRACON& Tower with Radar,0,18,29,0,47,0,27,26,0,53,0,45,55,0,100,162,0,162,262
10/20/2022,CMI,IL,AGL,CE,Combined TRACON& Tower with Radar,0,19,21,0,40,0,31,25,0,56,0,50,46,0,96,132,0,132,228
10/21/2022,CMI,IL,AGL,CE,Combined TRACON& Tower with Radar,0,17,16,0,33,0,31,23,2,56,0,48,39,2,89,136,0,136,225
10/22/2022,CMI,IL,AGL,CE,Combined TRACON& Tower with Radar,0,12,13,0,25,0,25,24,0,49,0,37,37,0,74,54,0,54,128
10/23/2022,CMI,IL,AGL,CE,Combined TRACON& Tower with Radar,0,12,14,0,26,0,0,11,0,11,0,12,25,0,37,0,0,0,37
10/24/2022,CMI,IL,AGL,CE,Combined TRACON& Tower with Radar,0,14,3,0,17,0,14,11,2,27,0,28,14,2,44,30,0,30,74
10/25/2022,CMI,IL,AGL,CE,Combined TRACON& Tower with Radar,0,9,18,0,27,0,2,0,0,2,0,11,18,0,29,28,0,28,57
10/26/2022,CMI,IL,AGL,CE,Combined TRACON& Tower with Radar,0,28,18,0,46,0,36,13,0,49,0,64,31,0,95,194,0,194,289
10/27/2022,CMI,IL,AGL,CE,Combined TRACON& Tower with Radar,0,24,11,0,35,0,42,30,0,72,0,66,41,0,107,292,0,292,399
10/28/2022,CMI,IL,AGL,CE,Combined TRACON& Tower with Radar,2,16,23,0,41,0,37,32,0,69,2,53,55,0,110,174,0,174,284
10/29/2022,CMI,IL,AGL,CE,Combined TRACON& Tower with Radar,2,21,9,0,32,0,26,42,0,68,2,47,51,0,100,118,0,118,218
10/30/2022,CMI,IL,AGL,CE,Combined TRACON& Tower with Radar,0,13,11,0,24,0,5,3,0,8,0,18,14,0,32,4,0,4,36
10/31/2022,CMI,IL,AGL,CE,Combined TRACON& Tower with Radar,0,18,10,0,28,0,1,0,0,1,0,19,10,0,29,0,0,0,29
11/01/2022,CMI,IL,AGL,CE,Combined TRACON& Tower with Radar,0,14,20,0,34,0,18,8,0,26,0,32,28,0,60,128,0,128,188
11/02/2022,CMI,IL,AGL,CE,Combined TRACON& Tower with Radar,0,16,11,0,27,0,46,26,0,72,0,62,37,0,99,188,0,188,287
11/03/2022,CMI,IL,AGL,CE,Combined TRACON& Tower with Radar,0,27,15,0,42,0,28,12,0,40,0,55,27,0,82,176,0,176,258
11/04/2022,CMI,IL,AGL,CE,Combined TRACON& Tower with Radar,1,10,17,0,28,0,4,2,0,6,1,14,19,0,34,4,0,4,38
11/05/2022,CMI,IL,AGL,CE,Combined TRACON& Tower with Radar,3,10,9,1,23,0,0,0,0,0,3,10,9,1,23,0,0,0,23
11/06/2022,CMI,IL,AGL,CE,Combined TRACON& Tower with Radar,2,12,11,1,26,0,6,20,0,26,2,18,31,1,52,56,0,56,108
11/07/2022,CMI,IL,AGL,CE,Combined TRACON& Tower with Radar,0,33,10,0,43,0,47,9,0,56,0,80,19,0,99,174,0,174,273
11/08/2022,CMI,IL,AGL,CE,Combined TRACON& Tower with Radar,0,32,23,2,57,0,44,26,0,70,0,76,49,2,127,106,0,106,233
11/09/2022,CMI,IL,AGL,CE,Combined TRACON& Tower with Radar,0,32,15,0,47,0,50,23,2,75,0,82,38,2,122,246,0,246,368
11/10/2022,CMI,IL,AGL,CE,Combined TRACON& Tower with Radar,0,21,11,0,32,0,31,18,0,49,0,52,29,0,81,86,0,86,167
11/11/2022,CMI,IL,AGL,CE,Combined TRACON& Tower with Radar,0,33,25,0,58,0,5,10,3,18,0,38,35,3,76,18,0,18,94
11/12/2022,CMI,IL,AGL,CE,Combined TRACON& Tower with Radar,0,10,18,0,28,0,3,0,1,4,0,13,18,1,32,90,0,90,122
11/13/2022,CMI,IL,AGL,CE,Combined TRACON& Tower with Radar,0,8,11,1,20,0,11,21,0,32,0,19,32,1,52,110,0,110,162
11/14/2022,CMI,IL,AGL,CE,Combined TRACON& Tower with Radar,0,40,17,0,57,0,56,25,0,81,0,96,42,0,138,228,0,228,366
11/15/2022,CMI,IL,AGL,CE,Combined TRACON& Tower with Radar,1,9,3,0,13,0,0,1,0,1,1,9,4,0,14,0,0,0,14
11/16/2022,CMI,IL,AGL,CE,Combined TRACON& Tower with Radar,1,12,5,0,18,0,1,0,0,1,1,13,5,0,19,0,0,0,19
11/17/2022,CMI,IL,AGL,CE,Combined TRACON& Tower with Radar,0,19,10,2,31,0,6,5,0,11,0,25,15,2,42,186,0,186,228
11/18/2022,CMI,IL,AGL,CE,Combined TRACON& Tower with Radar,3,16,10,2,31,0,1,5,0,6,3,17,15,2,37,0,0,0,37
11/19/2022,CMI,IL,AGL,CE,Combined TRACON& Tower with Radar,2,12,9,0,23,0,7,6,0,13,2,19,15,0,36,30,0,30,66
11/20/2022,CMI,IL,AGL,CE,Combined TRACON& Tower with Radar,2,21,11,0,34,0,28,35,0,63,2,49,46,0,97,132,0,132,229
11/21/2022,CMI,IL,AGL,CE,Combined TRACON& Tower with Radar,0,31,12,0,43,0,35,15,0,50,0,66,27,0,93,142,0,142,235
11/22/2022,CMI,IL,AGL,CE,Combined TRACON& Tower with Radar,0,25,21,0,46,0,64,22,0,86,0,89,43,0,132,205,0,205,337
11/23/2022,CMI,IL,AGL,CE,Combined TRACON& Tower with Radar,2,21,15,2,40,0,37,13,0,50,2,58,28,2,90,274,0,274,364
11/24/2022,CMI,IL,AGL,CE,Combined TRACON& Tower with Radar,0,4,8,0,12,0,0,1,0,1,0,4,9,0,13,0,0,0,13
11/25/2022,CMI,IL,AGL,CE,Combined TRACON& Tower with Radar,0,10,3,0,13,0,4,3,0,7,0,14,6,0,20,0,0,0,20
11/26/2022,CMI,IL,AGL,CE,Combined TRACON& Tower with Radar,2,20,7,0,29,0,8,13,0,21,2,28,20,0,50,38,0,38,88
11/27/2022,CMI,IL,AGL,CE,Combined TRACON& Tower with Radar,0,14,15,0,29,0,2,0,0,2,0,16,15,0,31,6,0,6,37
11/28/2022,CMI,IL,AGL,CE,Combined TRACON& Tower with Radar,3,13,7,2,25,0,4,3,0,7,3,17,10,2,32,232,0,232,264
11/29/2022,CMI,IL,AGL,CE,Combined TRACON& Tower with Radar,3,20,11,0,34,0,7,3,0,10,3,27,14,0,44,14,0,14,58
11/30/2022,CMI,IL,AGL,CE,Combined TRACON& Tower with Radar,5,13,6,0,24,0,7,2,0,9,5,20,8,0,33,14,0,14,47
12/01/2022,CMI,IL,AGL,CE,Combined TRACON& Tower with Radar,6,41,12,0,59,0,73,30,0,103,6,114,42,0,162,248,0,248,410
12/02/2022,CMI,IL,AGL,CE,Combined TRACON& Tower with Radar,3,8,9,0,20,1,0,6,0,7,4,8,15,0,27,160,0,160,187
12/03/2022,CMI,IL,AGL,CE,Combined TRACON& Tower with Radar,5,19,6,0,30,0,48,13,0,61,5,67,19,0,91,0,0,0,91
12/04/2022,CMI,IL,AGL,CE,Combined TRACON& Tower with Radar,4,17,6,0,27,0,46,25,0,71,4,63,31,0,98,186,0,186,284
12/05/2022,CMI,IL,AGL,CE,Combined TRACON& Tower with Radar,6,16,2,0,24,0,1,4,0,5,6,17,6,0,29,128,0,128,157
12/06/2022,CMI,IL,AGL,CE,Combined TRACON& Tower with Radar,5,9,17,0,31,0,0,0,0,0,5,9,17,0,31,0,0,0,31
12/07/2022,CMI,IL,AGL,CE,Combined TRACON& Tower with Radar,4,30,1,0,35,1,24,2,0,27,5,54,3,0,62,272,0,272,334
12/08/2022,CMI,IL,AGL,CE,Combined TRACON& Tower with Radar,4,62,12,2,80,0,12,2,0,14,4,74,14,2,94,96,0,96,190
12/09/2022,CMI,IL,AGL,CE,Combined TRACON& Tower with Radar,5,16,1,0,22,0,0,0,0,0,5,16,1,0,22,66,0,66,88
12/10/2022,CMI,IL,AGL,CE,Combined TRACON& Tower with Radar,7,7,3,0,17,0,0,0,0,0,7,7,3,0,17,0,0,0,17
12/11/2022,CMI,IL,AGL,CE,Combined TRACON& Tower with Radar,3,6,12,0,21,1,4,8,0,13,4,10,20,0,34,124,0,124,158
12/12/2022,CMI,IL,AGL,CE,Combined TRACON& Tower with Radar,4,24,8,0,36,0,35,12,0,47,4,59,20,0,83,186,0,186,269
12/13/2022,CMI,IL,AGL,CE,Combined TRACON& Tower with Radar,4,13,16,0,33,0,43,12,0,55,4,56,28,0,88,124,0,124,212
12/14/2022,CMI,IL,AGL,CE,Combined TRACON& Tower with Radar,5,12,10,0,27,1,0,0,0,1,6,12,10,0,28,0,0,0,28
12/15/2022,CMI,IL,AGL,CE,Combined TRACON& Tower with Radar,4,23,11,0,38,0,15,9,2,26,4,38,20,2,64,91,0,91,155
12/16/2022,CMI,IL,AGL,CE,Combined TRACON& Tower with Radar,4,13,7,0,24,0,3,2,0,5,4,16,9,0,29,14,0,14,43
12/17/2022,CMI,IL,AGL,CE,Combined TRACON& Tower with Radar,4,9,3,0,16,0,8,0,0,8,4,17,3,0,24,8,0,8,32
12/18/2022,CMI,IL,AGL,CE,Combined TRACON& Tower with Radar,4,13,15,0,32,0,22,19,0,41,4,35,34,0,73,76,0,76,149
12/19/2022,CMI,IL,AGL,CE,Combined TRACON& Tower with Radar,4,17,11,0,32,0,30,6,0,36,4,47,17,0,68,98,0,98,166
12/20/2022,CMI,IL,AGL,CE,Combined TRACON& Tower with Radar,4,13,17,0,34,0,15,12,0,27,4,28,29,0,61,70,0,70,131
12/21/2022,CMI,IL,AGL,CE,Combined TRACON& Tower with Radar,3,11,19,0,33,1,2,4,0,7,4,13,23,0,40,2,0,2,42
12/22/2022,CMI,IL,AGL,CE,Combined TRACON& Tower with Radar,4,5,1,0,10,0,2,0,0,2,4,7,1,0,12,8,0,8,20
12/23/2022,CMI,IL,AGL,CE,Combined TRACON& Tower with Radar,2,5,2,0,9,0,0,0,0,0,2,5,2,0,9,0,0,0,9
12/24/2022,CMI,IL,AGL,CE,Combined TRACON& Tower with Radar,4,7,6,0,17,0,0,0,0,0,4,7,6,0,17,0,0,0,17
12/25/2022,CMI,IL,AGL,CE,Combined TRACON& Tower with Radar,4,12,1,0,17,0,2,2,0,4,4,14,3,0,21,0,0,0,21
12/26/2022,CMI,IL,AGL,CE,Combined TRACON& Tower with Radar,6,9,6,0,21,0,0,0,0,0,6,9,6,0,21,0,0,0,21
12/27/2022,CMI,IL,AGL,CE,Combined TRACON& Tower with Radar,4,11,10,0,25,0,2,8,0,10,4,13,18,0,35,32,0,32,67
12/28/2022,CMI,IL,AGL,CE,Combined TRACON& Tower with Radar,3,8,2,0,13,1,2,4,0,7,4,10,6,0,20,2,0,2,22
12/29/2022,CMI,IL,AGL,CE,Combined TRACON& Tower with Radar,4,10,6,0,20,0,0,1,0,1,4,10,7,0,21,0,0,0,21
12/30/2022,CMI,IL,AGL,CE,Combined TRACON& Tower with Radar,4,9,7,0,20,0,0,2,0,2,4,9,9,0,22,0,0,0,22
12/31/2022,CMI,IL,AGL,CE,Combined TRACON& Tower with Radar,6,7,2,0,15,0,6,9,0,15,6,13,11,0,30,16,0,16,46
01/01/2023,CMI,IL,AGL,CE,Combined TRACON& Tower with Radar,4,7,11,0,22,0,0,1,0,1,4,7,12,0,23,0,0,0,23
01/02/2023,CMI,IL,AGL,CE,Combined TRACON& Tower with Radar,3,9,3,0,15,0,0,0,0,0,3,9,3,0,15,0,0,0,15
01/03/2023,CMI,IL,AGL,CE,Combined TRACON& Tower with Radar,7,8,19,0,34,0,0,0,0,0,7,8,19,0,34,0,0,0,34
01/04/2023,CMI,IL,AGL,CE,Combined TRACON& Tower with Radar,4,9,4,0,17,0,2,21,0,23,4,11,25,0,40,0,0,0,40
01/05/2023,CMI,IL,AGL,CE,Combined TRACON& Tower with Radar,3,13,7,2,25,1,0,0,0,1,4,13,7,2,26,0,0,0,26
01/06/2023,CMI,IL,AGL,CE,Combined TRACON& Tower with Radar,6,14,4,0,24,0,11,3,0,14,6,25,7,0,38,26,0,26,64
01/07/2023,CMI,IL,AGL,CE,Combined TRACON& Tower with Radar,8,12,16,0,36,0,6,2,0,8,8,18,18,0,44,6,0,6,50
01/08/2023,CMI,IL,AGL,CE,Combined TRACON& Tower with Radar,5,8,7,0,20,0,0,0,0,0,5,8,7,0,20,0,0,0,20
01/09/2023,CMI,IL,AGL,CE,Combined TRACON& Tower with Radar,5,14,8,0,27,0,14,17,0,31,5,28,25,0,58,40,0,40,98
01/10/2023,CMI,IL,AGL,CE,Combined TRACON& Tower with Radar,0,14,11,1,26,0,24,24,1,49,0,38,35,2,75,66,0,66,141
01/11/2023,CMI,IL,AGL,CE,Combined TRACON& Tower with Radar,0,15,14,0,29,0,1,1,0,2,0,16,15,0,31,0,0,0,31
01/12/2023,CMI,IL,AGL,CE,Combined TRACON& Tower with Radar,1,10,9,0,20,0,0,0,0,0,1,10,9,0,20,0,0,0,20
01/13/2023,CMI,IL,AGL,CE,Combined TRACON& Tower with Radar,0,9,14,0,23,0,0,0,0,0,0,9,14,0,23,353,0,353,376
01/14/2023,CMI,IL,AGL,CE,Combined TRACON& Tower with Radar,2,12,21,0,35,0,0,10,0,10,2,12,31,0,45,388,0,388,433
01/15/2023,CMI,IL,AGL,CE,Combined TRACON& Tower with Radar,3,11,13,0,27,0,8,14,0,22,3,19,27,0,49,14,0,14,63
01/16/2023,CMI,IL,AGL,CE,Combined TRACON& Tower with Radar,1,8,8,0,17,0,0,2,0,2,1,8,10,0,19,8,0,8,27
01/17/2023,CMI,IL,AGL,CE,Combined TRACON& Tower with Radar,0,12,4,0,16,0,1,5,0,6,0,13,9,0,22,56,0,56,78
01/18/2023,CMI,IL,AGL,CE,Combined TRACON& Tower with Radar,0,16,9,0,25,0,3,1,0,4,0,19,10,0,29,0,0,0,29
01/19/2023,CMI,IL,AGL,CE,Combined TRACON& Tower with Radar,0,17,6,0,23,0,1,0,0,1,0,18,6,0,24,0,0,0,24
01/20/2023,CMI,IL,AGL,CE,Combined TRACON& Tower with Radar,0,12,10,0,22,0,2,1,0,3,0,14,11,0,25,222,0,222,247
01/21/2023,CMI,IL,AGL,CE,Combined TRACON& Tower with Radar,0,8,6,0,14,0,2,5,0,7,0,10,11,0,21,178,0,178,199
01/22/2023,CMI,IL,AGL,CE,Combined TRACON& Tower with Radar,0,13,6,0,19,0,0,2,0,2,0,13,8,0,21,22,0,22,43
01/23/2023,CMI,IL,AGL,CE,Combined TRACON& Tower with Radar,2,8,6,0,16,0,8,4,0,12,2,16,10,0,28,86,0,86,114
01/24/2023,CMI,IL,AGL,CE,Combined TRACON& Tower with Radar,2,11,5,0,18,0,2,6,0,8,2,13,11,0,26,18,0,18,44
01/25/2023,CMI,IL,AGL,CE,Combined TRACON& Tower with Radar,0,8,0,0,8,0,0,0,0,0,0,8,0,0,8,0,0,0,8
01/26/2023,CMI,IL,AGL,CE,Combined TRACON& Tower with Radar,0,13,2,0,15,0,0,0,0,0,0,13,2,0,15,24,0,24,39
01/27/2023,CMI,IL,AGL,CE,Combined TRACON& Tower with Radar,2,18,12,0,32,0,28,7,2,37,2,46,19,2,69,64,0,64,133
01/28/2023,CMI,IL,AGL,CE,Combined TRACON& Tower with Radar,7,23,14,0,44,0,75,14,0,89,7,98,28,0,133,174,0,174,307
01/29/2023,CMI,IL,AGL,CE,Combined TRACON& Tower with Radar,2,9,2,0,13,0,0,0,0,0,2,9,2,0,13,0,0,0,13
01/30/2023,CMI,IL,AGL,CE,Combined TRACON& Tower with Radar,0,13,10,0,23,0,19,5,0,24,0,32,15,0,47,108,0,108,155
01/31/2023,CMI,IL,AGL,CE,Combined TRACON& Tower with Radar,1,29,11,0,41,0,48,8,0,56,1,77,19,0,97,166,0,166,263
02/01/2023,CMI,IL,AGL,CE,Combined TRACON& Tower with Radar,1,21,8,0,30,0,63,19,0,82,1,84,27,0,112,172,0,172,284
02/02/2023,CMI,IL,AGL,CE,Combined TRACON& Tower with Radar,1,36,13,0,50,0,63,15,0,78,1,99,28,0,128,216,0,216,344
02/03/2023,CMI,IL,AGL,CE,Combined TRACON& Tower with Radar,1,30,8,0,39,0,56,13,0,69,1,86,21,0,108,250,0,250,358
02/04/2023,CMI,IL,AGL,CE,Combined TRACON& Tower with Radar,3,13,6,0,22,0,7,6,0,13,3,20,12,0,35,16,0,16,51
02/05/2023,CMI,IL,AGL,CE,Combined TRACON& Tower with Radar,4,12,10,2,28,0,18,24,8,50,4,30,34,10,78,28,0,28,106
02/06/2023,CMI,IL,AGL,CE,Combined TRACON& Tower with Radar,1,26,12,0,39,0,50,12,0,62,1,76,24,0,101,86,0,86,187
02/07/2023,CMI,IL,AGL,CE,Combined TRACON& Tower with Radar,0,28,11,0,39,0,36,7,0,43,0,64,18,0,82,276,0,276,358
02/08/2023,CMI,IL,AGL,CE,Combined TRACON& Tower with Radar,1,24,13,0,38,0,51,1,2,54,1,75,14,2,92,130,2,132,224
02/09/2023,CMI,IL,AGL,CE,Combined TRACON& Tower with Radar,0,8,7,0,15,0,0,0,0,0,0,8,7,0,15,0,0,0,15
02/10/2023,CMI,IL,AGL,CE,Combined TRACON& Tower with Radar,1,39,14,0,54,0,15,18,0,33,1,54,32,0,87,150,0,150,237
02/11/2023,CMI,IL,AGL,CE,Combined TRACON& Tower with Radar,3,30,12,0,45,0,36,30,0,66,3,66,42,0,111,206,0,206,317
02/12/2023,CMI,IL,AGL,CE,Combined TRACON& Tower with Radar,1,14,14,0,29,0,19,23,0,42,1,33,37,0,71,24,0,24,95
02/13/2023,CMI,IL,AGL,CE,Combined TRACON& Tower with Radar,1,37,21,0,59,0,59,15,0,74,1,96,36,0,133,248,0,248,381
02/14/2023,CMI,IL,AGL,CE,Combined TRACON& Tower with Radar,0,17,6,0,23,0,13,11,0,24,0,30,17,0,47,20,0,20,67
02/15/2023,CMI,IL,AGL,CE,Combined TRACON& Tower with Radar,3,26,4,0,33,0,19,7,0,26,3,45,11,0,59,164,0,164,223
02/16/2023,CMI,IL,AGL,CE,Combined TRACON& Tower with Radar,3,20,15,0,38,0,0,0,0,0,3,20,15,0,38,0,0,0,38
02/17/2023,CMI,IL,AGL,CE,Combined TRACON& Tower with Radar,2,20,4,0,26,0,15,8,0,23,2,35,12,0,49,110,0,110,159
02/18/2023,CMI,IL,AGL,CE,Combined TRACON& Tower with Radar,2,37,2,0,41,0,47,12,0,59,2,84,14,0,100,152,0,152,252
02/19/2023,CMI,IL,AGL,CE,Combined TRACON& Tower with Radar,5,7,6,0,18,0,0,13,0,13,5,7,19,0,31,0,0,0,31
02/20/2023,CMI,IL,AGL,CE,Combined TRACON& Tower with Radar,0,28,17,0,45,0,69,20,0,89,0,97,37,0,134,270,0,270,404
02/21/2023,CMI,IL,AGL,CE,Combined TRACON& Tower with Radar,2,41,15,12,70,0,45,16,2,63,2,86,31,14,133,174,6,180,313
02/22/2023,CMI,IL,AGL,CE,Combined TRACON& Tower with Radar,0,10,6,0,16,0,0,0,0,0,0,10,6,0,16,0,0,0,16
02/23/2023,CMI,IL,AGL,CE,Combined TRACON& Tower with Radar,0,13,8,2,23,0,0,0,0,0,0,13,8,2,23,0,0,0,23
02/24/2023,CMI,IL,AGL,CE,Combined TRACON& Tower with Radar,0,33,6,0,39,0,49,30,0,79,0,82,36,0,118,264,0,264,382
02/25/2023,CMI,IL,AGL,CE,Combined TRACON& Tower with Radar,4,8,4,0,16,0,4,8,0,12,4,12,12,0,28,140,0,140,168
02/26/2023,CMI,IL,AGL,CE,Combined TRACON& Tower with Radar,3,15,23,0,41,0,17,26,0,43,3,32,49,0,84,88,0,88,172
02/27/2023,CMI,IL,AGL,CE,Combined TRACON& Tower with Radar,1,10,4,0,15,0,0,0,0,0,1,10,4,0,15,0,0,0,15
02/28/2023,CMI,IL,AGL,CE,Combined TRACON& Tower with Radar,2,54,14,2,72,0,8,11,3,22,2,62,25,5,94,120,6,126,220
03/01/2023,CMI,IL,AGL,CE,Combined TRACON& Tower with Radar,1,39,11,0,51,0,59,24,0,83,1,98,35,0,134,204,0,204,338
03/02/2023,CMI,IL,AGL,CE,Combined TRACON& Tower with Radar,2,26,24,2,54,0,59,24,0,83,2,85,48,2,137,124,0,124,261
03/03/2023,CMI,IL,AGL,CE,Combined TRACON& Tower with Radar,0,8,2,0,10,0,2,0,0,2,0,10,2,0,12,0,0,0,12
03/04/2023,CMI,IL,AGL,CE,Combined TRACON& Tower with Radar,2,27,13,0,42,0,36,25,0,61,2,63,38,0,103,168,0,168,271
03/05/2023,CMI,IL,AGL,CE,Combined TRACON& Tower with Radar,0,12,6,0,18,0,12,31,0,43,0,24,37,0,61,26,0,26,87
03/06/2023,CMI,IL,AGL,CE,Combined TRACON& Tower with Radar,0,31,7,0,38,0,45,13,0,58,0,76,20,0,96,106,0,106,202
03/07/2023,CMI,IL,AGL,CE,Combined TRACON& Tower with Radar,0,13,16,0,29,0,18,8,0,26,0,31,24,0,55,154,0,154,209
03/08/2023,CMI,IL,AGL,CE,Combined TRACON& Tower with Radar,0,21,11,0,32,0,29,17,2,48,0,50,28,2,80,166,0,166,246
03/09/2023,CMI,IL,AGL,CE,Combined TRACON& Tower with Radar,0,12,7,0,19,0,37,3,0,40,0,49,10,0,59,44,0,44,103
03/10/2023,CMI,IL,AGL,CE,Combined TRACON& Tower with Radar,0,10,9,0,19,0,0,0,0,0,0,10,9,0,19,36,0,36,55
03/11/2023,CMI,IL,AGL,CE,Combined TRACON& Tower with Radar,0,11,9,0,20,0,4,10,0,14,0,15,19,0,34,36,0,36,70
03/12/2023,CMI,IL,AGL,CE,Combined TRACON& Tower with Radar,0,8,0,0,8,0,1,0,0,1,0,9,0,0,9,0,0,0,9
03/13/2023,CMI,IL,AGL,CE,Combined TRACON& Tower with Radar,0,12,11,0,23,0,0,0,0,0,0,12,11,0,23,0,0,0,23
03/14/2023,CMI,IL,AGL,CE,Combined TRACON& Tower with Radar,2,12,9,5,28,0,9,28,1,38,2,21,37,6,66,14,0,14,80
03/15/2023,CMI,IL,AGL,CE,Combined TRACON& Tower with Radar,0,18,15,0,33,0,16,23,2,41,0,34,38,2,74,16,0,16,90
03/16/2023,CMI,IL,AGL,CE,Combined TRACON& Tower with Radar,0,15,6,0,21,0,1,1,0,2,0,16,7,0,23,0,0,0,23
03/17/2023,CMI,IL,AGL,CE,Combined TRACON& Tower with Radar,2,7,9,0,18,0,0,1,0,1,2,7,10,0,19,0,0,0,19
03/18/2023,CMI,IL,AGL,CE,Combined TRACON& Tower with Radar,0,10,3,0,13,0,0,1,0,1,0,10,4,0,14,0,0,0,14
03/19/2023,CMI,IL,AGL,CE,Combined TRACON& Tower with Radar,0,20,7,0,27,0,13,38,0,51,0,33,45,0,78,40,0,40,118
03/20/2023,CMI,IL,AGL,CE,Combined TRACON& Tower with Radar,0,24,8,0,32,0,27,8,0,35,0,51,16,0,67,144,0,144,211
03/21/2023,CMI,IL,AGL,CE,Combined TRACON& Tower with Radar,0,12,10,0,22,0,37,12,0,49,0,49,22,0,71,100,0,100,171
03/22/2023,CMI,IL,AGL,CE,Combined TRACON& Tower with Radar,0,17,10,0,27,0,0,0,0,0,0,17,10,0,27,0,0,0,27
03/23/2023,CMI,IL,AGL,CE,Combined TRACON& Tower with Radar,0,41,7,0,48,0,0,0,0,0,0,41,7,0,48,0,0,0,48
03/24/2023,CMI,IL,AGL,CE,Combined TRACON& Tower with Radar,0,11,12,0,23,0,0,0,0,0,0,11,12,0,23,0,0,0,23
03/25/2023,CMI,IL,AGL,CE,Combined TRACON& Tower with Radar,0,13,5,0,18,0,6,1,0,7,0,19,6,0,25,6,0,6,31
03/26/2023,CMI,IL,AGL,CE,Combined TRACON& Tower with Radar,0,18,5,0,23,0,16,23,0,39,0,34,28,0,62,22,0,22,84
03/27/2023,CMI,IL,AGL,CE,Combined TRACON& Tower with Radar,0,34,11,0,45,0,22,11,0,33,0,56,22,0,78,180,0,180,258
03/28/2023,CMI,IL,AGL,CE,Combined TRACON& Tower with Radar,0,29,11,0,40,0,50,29,2,81,0,79,40,2,121,274,0,274,395
03/29/2023,CMI,IL,AGL,CE,Combined TRACON& Tower with Radar,0,25,16,0,41,0,48,33,0,81,0,73,49,0,122,294,0,294,416
03/30/2023,CMI,IL,AGL,CE,Combined TRACON& Tower with Radar,0,25,13,0,38,0,52,26,0,78,0,77,39,0,116,214,0,214,330
03/31/2023,CMI,IL,AGL,CE,Combined TRACON& Tower with Radar,1,9,0,0,10,0,0,0,0,0,1,9,0,0,10,0,0,0,10
04/01/2023,CMI,IL,AGL,CE,Combined TRACON& Tower with Radar,0,9,3,0,12,0,0,4,2,6,0,9,7,2,18,0,0,0,18
04/02/2023,CMI,IL,AGL,CE,Combined TRACON& Tower with Radar,4,13,15,1,33,0,19,40,0,59,4,32,55,1,92,54,0,54,146
04/03/2023,CMI,IL,AGL,CE,Combined TRACON& Tower with Radar,0,20,14,0,34,0,55,31,0,86,0,75,45,0,120,408,0,408,528
04/04/2023,CMI,IL,AGL,CE,Combined TRACON& Tower with Radar,0,10,23,0,33,0,2,0,0,2,0,12,23,0,35,0,0,0,35
04/05/2023,CMI,IL,AGL,CE,Combined TRACON& Tower with Radar,0,11,5,0,16,0,2,0,0,2,0,13,5,0,18,14,0,14,32
04/06/2023,CMI,IL,AGL,CE,Combined TRACON& Tower with Radar,0,30,11,4,45,0,55,50,0,105,0,85,61,4,150,334,6,340,490
04/07/2023,CMI,IL,AGL,CE,Combined TRACON& Tower with Radar,0,31,9,0,40,0,46,30,0,76,0,77,39,0,116,204,0,204,320
04/08/2023,CMI,IL,AGL,CE,Combined TRACON& Tower with Radar,0,17,9,0,26,0,36,41,0,77,0,53,50,0,103,134,0,134,237
04/09/2023,CMI,IL,AGL,CE,Combined TRACON& Tower with Radar,0,14,14,0,28,0,5,27,0,32,0,19,41,0,60,84,0,84,144
04/10/2023,CMI,IL,AGL,CE,Combined TRACON& Tower with Radar,0,27,11,0,38,0,36,22,0,58,0,63,33,0,96,406,0,406,502
04/11/2023,CMI,IL,AGL,CE,Combined TRACON& Tower with Radar,0,28,11,0,39,0,43,31,0,74,0,71,42,0,113,170,0,170,283
04/12/2023,CMI,IL,AGL,CE,Combined TRACON& Tower with Radar,0,25,7,0,32,0,45,13,0,58,0,70,20,0,90,100,0,100,190
04/13/2023,CMI,IL,AGL,CE,Combined TRACON& Tower with Radar,0,22,18,0,40,0,42,24,0,66,0,64,42,0,106,220,0,220,326
04/14/2023,CMI,IL,AGL,CE,Combined TRACON& Tower with Radar,0,34,6,0,40,0,38,25,0,63,0,72,31,0,103,358,0,358,461
04/15/2023,CMI,IL,AGL,CE,Combined TRACON& Tower with Radar,0,15,13,0,28,0,20,18,0,38,0,35,31,0,66,148,0,148,214
04/16/2023,CMI,IL,AGL,CE,Combined TRACON& Tower with Radar,0,11,5,0,16,0,1,0,0,1,0,12,5,0,17,0,0,0,17
04/17/2023,CMI,IL,AGL,CE,Combined TRACON& Tower with Radar,0,14,3,0,17,0,2,5,0,7,0,16,8,0,24,14,0,14,38
04/18/2023,CMI,IL,AGL,CE,Combined TRACON& Tower with Radar,0,33,11,2,46,0,59,14,0,73,0,92,25,2,119,302,0,302,421
04/19/2023,CMI,IL,AGL,CE,Combined TRACON& Tower with Radar,0,24,3,0,27,0,15,3,1,19,0,39,6,1,46,100,0,100,146
04/20/2023,CMI,IL,AGL,CE,Combined TRACON& Tower with Radar,0,14,9,0,23,0,0,4,2,6,0,14,13,2,29,0,0,0,29
04/21/2023,CMI,IL,AGL,CE,Combined TRACON& Tower with Radar,0,34,6,0,40,0,54,24,1,79,0,88,30,1,119,268,0,268,387
04/22/2023,CMI,IL,AGL,CE,Combined TRACON& Tower with Radar,0,22,8,0,30,0,17,21,0,38,0,39,29,0,68,84,0,84,152
04/23/2023,CMI,IL,AGL,CE,Combined TRACON& Tower with Radar,0,18,16,0,34,0,9,23,0,32,0,27,39,0,66,46,0,46,112
04/24/2023,CMI,IL,AGL,CE,Combined TRACON& Tower with Radar,0,22,12,0,34,0,49,32,0,81,0,71,44,0,115,208,0,208,323
04/25/2023,CMI,IL,AGL,CE,Combined TRACON& Tower with Radar,0,26,17,0,43,0,45,12,0,57,0,71,29,0,100,244,0,244,344
04/26/2023,CMI,IL,AGL,CE,Combined TRACON& Tower with Radar,2,16,5,0,23,0,55,32,0,87,2,71,37,0,110,250,0,250,360
04/27/2023,CMI,IL,AGL,CE,Combined TRACON& Tower with Radar,0,35,4,0,39,0,43,16,0,59,0,78,20,0,98,250,0,250,348
04/28/2023,CMI,IL,AGL,CE,Combined TRACON& Tower with Radar,0,28,10,0,38,0,51,14,0,65,0,79,24,0,103,272,0,272,375
04/29/2023,CMI,IL,AGL,CE,Combined TRACON& Tower with Radar,0,20,5,0,25,0,33,19,0,52,0,53,24,0,77,140,0,140,217
04/30/2023,CMI,IL,AGL,CE,Combined TRACON& Tower with Radar,0,15,10,0,25,0,0,0,0,0,0,15,10,0,25,0,0,0,25
05/01/2023,CMI,IL,AGL,CE,Combined TRACON& Tower with Radar,0,13,8,0,21,0,0,3,0,3,0,13,11,0,24,0,0,0,24
05/02/2023,CMI,IL,AGL,CE,Combined TRACON& Tower with Radar,0,20,17,0,37,0,17,3,0,20,0,37,20,0,57,36,0,36,93
05/03/2023,CMI,IL,AGL,CE,Combined TRACON& Tower with Radar,0,32,19,0,51,0,61,28,0,89,0,93,47,0,140,234,0,234,374
05/04/2023,CMI,IL,AGL,CE,Combined TRACON& Tower with Radar,1,24,14,0,39,0,45,29,0,74,1,69,43,0,113,208,0,208,321
05/05/2023,CMI,IL,AGL,CE,Combined TRACON& Tower with Radar,7,19,10,0,36,0,34,18,0,52,7,53,28,0,88,130,0,130,218
05/06/2023,CMI,IL,AGL,CE,Combined TRACON& Tower with Radar,7,18,11,0,36,0,8,8,0,16,7,26,19,0,52,58,0,58,110
05/07/2023,CMI,IL,AGL,CE,Combined TRACON& Tower with Radar,6,6,7,0,19,0,0,6,0,6,6,6,13,0,25,8,0,8,33
05/08/2023,CMI,IL,AGL,CE,Combined TRACON& Tower with Radar,6,9,16,0,31,0,7,10,0,17,6,16,26,0,48,108,0,108,156
05/09/2023,CMI,IL,AGL,CE,Combined TRACON& Tower with Radar,6,21,23,0,50,0,19,24,0,43,6,40,47,0,93,116,0,116,209
05/10/2023,CMI,IL,AGL,CE,Combined TRACON& Tower with Radar,8,10,7,0,25,0,36,25,0,61,8,46,32,0,86,178,0,178,264
05/11/2023,CMI,IL,AGL,CE,Combined TRACON& Tower with Radar,10,10,9,0,29,0,25,39,0,64,10,35,48,0,93,132,0,132,225
05/12/2023,CMI,IL,AGL,CE,Combined TRACON& Tower with Radar,8,23,11,0,42,0,4,4,0,8,8,27,15,0,50,72,0,72,122
05/13/2023,CMI,IL,AGL,CE,Combined TRACON& Tower with Radar,8,10,13,0,31,0,2,2,0,4,8,12,15,0,35,16,0,16,51
05/14/2023,CMI,IL,AGL,CE,Combined TRACON& Tower with Radar,8,12,5,0,25,0,3,1,0,4,8,15,6,0,29,0,0,0,29
05/15/2023,CMI,IL,AGL,CE,Combined TRACON& Tower with Radar,7,10,11,8,36,0,20,18,0,38,7,30,29,8,74,40,8,48,122
05/16/2023,CMI,IL,AGL,CE,Combined TRACON& Tower with Radar,8,9,13,0,30,0,16,15,0,31,8,25,28,0,61,100,0,100,161
05/17/2023,CMI,IL,AGL,CE,Combined TRACON& Tower with Radar,8,9,13,0,30,0,8,28,0,36,8,17,41,0,66,28,0,28,94
05/18/2023,CMI,IL,AGL,CE,Combined TRACON& Tower with Radar,6,10,5,0,21,0,17,17,0,34,6,27,22,0,55,116,0,116,171
05/19/2023,CMI,IL,AGL,CE,Combined TRACON& Tower with Radar,7,6,15,0,28,0,3,8,0,11,7,9,23,0,39,0,0,0,39
05/20/2023,CMI,IL,AGL,CE,Combined TRACON& Tower with Radar,8,5,14,0,27,0,5,23,0,28,8,10,37,0,55,40,0,40,95
05/21/2023,CMI,IL,AGL,CE,Combined TRACON& Tower with Radar,8,5,9,0,22,0,4,26,2,32,8,9,35,2,54,4,0,4,58
05/22/2023,CMI,IL,AGL,CE,Combined TRACON& Tower with Radar,8,5,8,0,21,0,11,27,0,38,8,16,35,0,59,14,0,14,73
05/23/2023,CMI,IL,AGL,CE,Combined TRACON& Tower with Radar,7,4,6,0,17,0,6,19,0,25,7,10,25,0,42,64,0,64,106
05/24/2023,CMI,IL,AGL,CE,Combined TRACON& Tower with Radar,8,5,13,2,28,0,8,14,0,22,8,13,27,2,50,46,0,46,96
05/25/2023,CMI,IL,AGL,CE,Combined TRACON& Tower with Radar,8,9,12,0,29,0,15,18,2,35,8,24,30,2,64,32,0,32,96
05/26/2023,CMI,IL,AGL,CE,Combined TRACON& Tower with Radar,8,3,7,0,18,0,12,23,0,35,8,15,30,0,53,86,0,86,139
05/27/2023,CMI,IL,AGL,CE,Combined TRACON& Tower with Radar,8,2,8,0,18,0,6,68,0,74,8,8,76,0,92,6,0,6,98
05/28/2023,CMI,IL,AGL,CE,Combined TRACON& Tower with Radar,8,4,9,0,21,0,4,11,0,15,8,8,20,0,36,22,0,22,58
05/29/2023,CMI,IL,AGL,CE,Combined TRACON& Tower with Radar,8,2,2,0,12,0,6,12,0,18,8,8,14,0,30,24,0,24,54
05/30/2023,CMI,IL,AGL,CE,Combined TRACON& Tower with Radar,8,0,5,0,13,0,6,19,0,25,8,6,24,0,38,20,0,20,58
05/31/2023,CMI,IL,AGL,CE,Combined TRACON& Tower with Radar,8,6,8,0,22,0,8,25,2,35,8,14,33,2,57,40,0,40,97
06/01/2023,CMI,IL,AGL,CE,Combined TRACON& Tower with Radar,8,3,7,0,18,0,4,10,0,14,8,7,17,0,32,26,0,26,58
06/02/2023,CMI,IL,AGL,CE,Combined TRACON& Tower with Radar,8,2,21,0,31,0,9,22,0,31,8,11,43,0,62,64,0,64,126
06/03/2023,CMI,IL,AGL,CE,Combined TRACON& Tower with Radar,8,2,10,0,20,0,4,16,0,20,8,6,26,0,40,14,0,14,54
06/04/2023,CMI,IL,AGL,CE,Combined TRACON& Tower with Radar,8,9,17,0,34,0,11,11,1,23,8,20,28,1,57,8,0,8,65
06/05/2023,CMI,IL,AGL,CE,Combined TRACON& Tower with Radar,12,22,15,0,49,0,15,22,0,37,12,37,37,0,86,64,0,64,150
06/06/2023,CMI,IL,AGL,CE,Combined TRACON& Tower with Radar,8,18,15,0,41,0,31,25,0,56,8,49,40,0,97,138,0,138,235
06/07/2023,CMI,IL,AGL,CE,Combined TRACON& Tower with Radar,8,21,7,0,36,0,53,14,0,67,8,74,21,0,103,258,0,258,361
06/08/2023,CMI,IL,AGL,CE,Combined TRACON& Tower with Radar,8,23,6,4,41,0,46,23,0,69,8,69,29,4,110,158,0,158,268
06/09/2023,CMI,IL,AGL,CE,Combined TRACON& Tower with Radar,8,19,3,0,30,0,38,33,0,71,8,57,36,0,101,152,0,152,253
06/10/2023,CMI,IL,AGL,CE,Combined TRACON& Tower with Radar,6,14,6,0,26,0,42,20,0,62,6,56,26,0,88,172,0,172,260
06/11/2023,CMI,IL,AGL,CE,Combined TRACON& Tower with Radar,8,8,10,0,26,0,1,0,0,1,8,9,10,0,27,14,0,14,41
06/12/2023,CMI,IL,AGL,CE,Combined TRACON& Tower with Radar,8,39,5,0,52,0,40,33,0,73,8,79,38,0,125,160,0,160,285
06/13/2023,CMI,IL,AGL,CE,Combined TRACON& Tower with Radar,7,16,16,0,39,0,6,8,0,14,7,22,24,0,53,68,0,68,121
06/14/2023,CMI,IL,AGL,CE,Combined TRACON& Tower with Radar,8,34,15,0,57,0,43,13,4,60,8,77,28,4,117,318,0,318,435
06/15/2023,CMI,IL,AGL,CE,Combined TRACON& Tower with Radar,8,22,10,0,40,0,27,15,0,42,8,49,25,0,82,226,0,226,308
06/16/2023,CMI,IL,AGL,CE,Combined TRACON& Tower with Radar,8,49,18,0,75,0,29,16,0,45,8,78,34,0,120,96,0,96,216
06/17/2023,CMI,IL,AGL,CE,Combined TRACON& Tower with Radar,8,16,15,0,39,0,16,32,0,48,8,32,47,0,87,86,0,86,173
06/18/2023,CMI,IL,AGL,CE,Combined TRACON& Tower with Radar,8,2,8,0,18,0,8,17,0,25,8,10,25,0,43,0,0,0,43
06/19/2023,CMI,IL,AGL,CE,Combined TRACON& Tower with Radar,8,28,7,0,43,0,44,14,0,58,8,72,21,0,101,142,0,142,243
06/20/2023,CMI,IL,AGL,CE,Combined TRACON& Tower with Radar,8,20,4,0,32,0,27,32,0,59,8,47,36,0,91,164,0,164,255
06/21/2023,CMI,IL,AGL,CE,Combined TRACON& Tower with Radar,8,16,10,0,34,0,17,21,0,38,8,33,31,0,72,48,0,48,120
06/22/2023,CMI,IL,AGL,CE,Combined TRACON& Tower with Radar,8,10,10,0,28,0,41,66,0,107,8,51,76,0,135,160,0,160,295
06/23/2023,CMI,IL,AGL,CE,Combined TRACON& Tower with Radar,8,28,10,0,46,0,35,22,0,57,8,63,32,0,103,156,0,156,259
06/24/2023,CMI,IL,AGL,CE,Combined TRACON& Tower with Radar,8,3,6,0,17,0,10,24,0,34,8,13,30,0,51,44,0,44,95
06/25/2023,CMI,IL,AGL,CE,Combined TRACON& Tower with Radar,6,5,5,0,16,0,2,10,0,12,6,7,15,0,28,32,0,32,60
06/26/2023,CMI,IL,AGL,CE,Combined TRACON& Tower with Radar,8,20,11,0,39,0,3,9,0,12,8,23,20,0,51,76,0,76,127
06/27/2023,CMI,IL,AGL,CE,Combined TRACON& Tower with Radar,8,27,15,2,52,0,10,3,0,13,8,37,18,2,65,24,0,24,89
06/28/2023,CMI,IL,AGL,CE,Combined TRACON& Tower with Radar,10,9,9,0,28,0,0,0,0,0,10,9,9,0,28,0,0,0,28
06/29/2023,CMI,IL,AGL,CE,Combined TRACON& Tower with Radar,2,2,4,0,8,0,0,2,0,2,2,2,6,0,10,10,0,10,20
06/30/2023,CMI,IL,AGL,CE,Combined TRACON& Tower with Radar,6,12,19,0,37,0,23,22,0,45,6,35,41,0,82,52,0,52,134
07/01/2023,CMI,IL,AGL,CE,Combined TRACON& Tower with Radar,8,9,6,0,23,0,4,7,0,11,8,13,13,0,34,16,0,16,50
07/02/2023,CMI,IL,AGL,CE,Combined TRACON& Tower with Radar,8,1,9,0,18,0,0,4,0,4,8,1,13,0,22,0,0,0,22
07/03/2023,CMI,IL,AGL,CE,Combined TRACON& Tower with Radar,8,14,8,0,30,0,35,29,0,64,8,49,37,0,94,122,0,122,216
07/04/2023,CMI,IL,AGL,CE,Combined TRACON& Tower with Radar,8,7,12,0,27,0,2,15,0,17,8,9,27,0,44,18,0,18,62
07/05/2023,CMI,IL,AGL,CE,Combined TRACON& Tower with Radar,8,10,11,1,30,0,30,16,0,46,8,40,27,1,76,156,0,156,232
07/06/2023,CMI,IL,AGL,CE,Combined TRACON& Tower with Radar,8,36,11,0,55,0,18,12,0,30,8,54,23,0,85,112,0,112,197
07/07/2023,CMI,IL,AGL,CE,Combined TRACON& Tower with Radar,8,18,16,0,42,0,63,22,0,85,8,81,38,0,127,178,0,178,305
07/08/2023,CMI,IL,AGL,CE,Combined TRACON& Tower with Radar,8,45,7,0,60,0,0,9,0,9,8,45,16,0,69,38,0,38,107
07/09/2023,CMI,IL,AGL,CE,Combined TRACON& Tower with Radar,8,6,16,0,30,0,6,21,0,27,8,12,37,0,57,6,0,6,63
07/10/2023,CMI,IL,AGL,CE,Combined TRACON& Tower with Radar,8,20,9,0,37,0,53,26,0,79,8,73,35,0,116,316,0,316,432
07/11/2023,CMI,IL,AGL,CE,Combined TRACON& Tower with Radar,8,9,22,2,41,0,45,22,0,67,8,54,44,2,108,228,0,228,336
07/12/2023,CMI,IL,AGL,CE,Combined TRACON& Tower with Radar,5,10,3,0,18,0,13,7,0,20,5,23,10,0,38,304,0,304,342
07/13/2023,CMI,IL,AGL,CE,Combined TRACON& Tower with Radar,8,31,12,0,51,0,22,19,0,41,8,53,31,0,92,218,0,218,310
07/14/2023,CMI,IL,AGL,CE,Combined TRACON& Tower with Radar,8,24,10,0,42,0,37,25,3,65,8,61,35,3,107,190,4,194,301
07/15/2023,CMI,IL,AGL,CE,Combined TRACON& Tower with Radar,8,28,14,0,50,0,13,12,0,25,8,41,26,0,75,128,0,128,203
07/16/2023,CMI,IL,AGL,CE,Combined TRACON& Tower with Radar,8,1,7,0,16,0,2,7,0,9,8,3,14,0,25,0,0,0,25
07/17/2023,CMI,IL,AGL,CE,Combined TRACON& Tower with Radar,8,10,13,0,31,0,15,13,0,28,8,25,26,0,59,252,0,252,311
07/18/2023,CMI,IL,AGL,CE,Combined TRACON& Tower with Radar,8,25,9,0,42,0,51,36,0,87,8,76,45,0,129,226,0,226,355
07/19/2023,CMI,IL,AGL,CE,Combined TRACON& Tower with Radar,8,23,19,0,50,0,43,17,0,60,8,66,36,0,110,158,0,158,268
07/20/2023,CMI,IL,AGL,CE,Combined TRACON& Tower with Radar,8,8,20,0,36,0,7,14,0,21,8,15,34,0,57,82,0,82,139
07/21/2023,CMI,IL,AGL,CE,Combined TRACON& Tower with Radar,8,23,19,2,52,0,26,39,0,65,8,49,58,2,117,164,0,164,281
07/22/2023,CMI,IL,AGL,CE,Combined TRACON& Tower with Radar,8,17,6,0,31,0,37,35,0,72,8,54,41,0,103,148,0,148,251
07/23/2023,CMI,IL,AGL,CE,Combined TRACON& Tower with Radar,8,6,12,0,26,0,11,28,0,39,8,17,40,0,65,92,0,92,157
07/24/2023,CMI,IL,AGL,CE,Combined TRACON& Tower with Radar,8,14,8,0,30,0,35,37,0,72,8,49,45,0,102,322,0,322,424
07/25/2023,CMI,IL,AGL,CE,Combined TRACON& Tower with Radar,8,13,9,0,30,0,34,21,0,55,8,47,30,0,85,224,0,224,309
07/26/2023,CMI,IL,AGL,CE,Combined TRACON& Tower with Radar,8,4,20,0,32,0,2,12,0,14,8,6,32,0,46,24,0,24,70
07/27/2023,CMI,IL,AGL,CE,Combined TRACON& Tower with Radar,7,10,10,2,29,0,17,26,0,43,7,27,36,2,72,100,4,104,176
07/28/2023,CMI,IL,AGL,CE,Combined TRACON& Tower with Radar,7,9,14,0,30,0,12,10,0,22,7,21,24,0,52,16,0,16,68
07/29/2023,CMI,IL,AGL,CE,Combined TRACON& Tower with Radar,7,2,7,0,16,0,7,11,0,18,7,9,18,0,34,48,0,48,82
07/30/2023,CMI,IL,AGL,CE,Combined TRACON& Tower with Radar,8,3,15,0,26,0,3,29,1,33,8,6,44,1,59,50,0,50,109
07/31/2023,CMI,IL,AGL,CE,Combined TRACON& Tower with Radar,8,5,16,0,29,0,19,34,0,53,8,24,50,0,82,49,0,49,131
08/01/2023,CMI,IL,AGL,CE,Combined TRACON& Tower with Radar,8,12,11,0,31,0,14,13,2,29,8,26,24,2,60,92,0,92,152
08/02/2023,CMI,IL,AGL,CE,Combined TRACON& Tower with Radar,8,3,14,0,25,0,6,17,0,23,8,9,31,0,48,26,0,26,74
08/03/2023,CMI,IL,AGL,CE,Combined TRACON& Tower with Radar,8,9,17,0,34,0,0,9,0,9,8,9,26,0,43,26,0,26,69
08/04/2023,CMI,IL,AGL,CE,Combined TRACON& Tower with Radar,8,3,14,0,25,0,11,20,0,31,8,14,34,0,56,10,0,10,66
08/05/2023,CMI,IL,AGL,CE,Combined TRACON& Tower with Radar,5,3,4,0,12,0,0,0,0,0,5,3,4,0,12,0,0,0,12
08/06/2023,CMI,IL,AGL,CE,Combined TRACON& Tower with Radar,8,0,9,0,17,0,0,2,0,2,8,0,11,0,19,22,0,22,41
08/07/2023,CMI,IL,AGL,CE,Combined TRACON& Tower with Radar,8,12,21,0,41,0,2,6,0,8,8,14,27,0,49,8,0,8,57
08/08/2023,CMI,IL,AGL,CE,Combined TRACON& Tower with Radar,7,6,8,0,21,0,1,23,0,24,7,7,31,0,45,22,0,22,67
08/09/2023,CMI,IL,AGL,CE,Combined TRACON& Tower with Radar,8,5,7,0,20,0,2,7,0,9,8,7,14,0,29,0,0,0,29
08/10/2023,CMI,IL,AGL,CE,Combined TRACON& Tower with Radar,8,9,14,0,31,0,1,16,0,17,8,10,30,0,48,22,0,22,70
08/11/2023,CMI,IL,AGL,CE,Combined TRACON& Tower with Radar,8,9,11,0,28,0,2,10,0,12,8,11,21,0,40,0,0,0,40
08/12/2023,CMI,IL,AGL,CE,Combined TRACON& Tower with Radar,8,6,11,0,25,0,6,14,0,20,8,12,25,0,45,10,0,10,55
08/13/2023,CMI,IL,AGL,CE,Combined TRACON& Tower with Radar,8,3,12,0,23,0,2,19,0,21,8,5,31,0,44,16,0,16,60
08/14/2023,CMI,IL,AGL,CE,Combined TRACON& Tower with Radar,6,6,23,0,35,0,0,4,0,4,6,6,27,0,39,0,0,0,39
08/15/2023,CMI,IL,AGL,CE,Combined TRACON& Tower with Radar,6,9,12,0,27,0,3,7,0,10,6,12,19,0,37,18,0,18,55
08/16/2023,CMI,IL,AGL,CE,Combined TRACON& Tower with Radar,8,6,16,0,30,0,7,37,0,44,8,13,53,0,74,24,0,24,98
08/17/2023,CMI,IL,AGL,CE,Combined TRACON& Tower with Radar,8,16,12,0,36,0,2,4,0,6,8,18,16,0,42,12,0,12,54
08/18/2023,CMI,IL,AGL,CE,Combined TRACON& Tower with Radar,9,7,6,0,22,0,9,39,0,48,9,16,45,0,70,68,0,68,138
08/19/2023,CMI,IL,AGL,CE,Combined TRACON& Tower with Radar,9,6,9,0,24,0,6,31,0,37,9,12,40,0,61,0,0,0,61
08/20/2023,CMI,IL,AGL,CE,Combined TRACON& Tower with Radar,6,13,6,0,25,0,4,15,0,19,6,17,21,0,44,72,0,72,116
08/21/2023,CMI,IL,AGL,CE,Combined TRACON& Tower with Radar,8,20,11,0,39,0,4,18,0,22,8,24,29,0,61,40,0,40,101
08/22/2023,CMI,IL,AGL,CE,Combined TRACON& Tower with Radar,8,13,19,0,40,0,5,12,0,17,8,18,31,0,57,58,0,58,115
08/23/2023,CMI,IL,AGL,CE,Combined TRACON& Tower with Radar,6,19,14,1,40,0,22,9,1,32,6,41,23,2,72,76,0,76,148
08/24/2023,CMI,IL,AGL,CE,Combined TRACON& Tower with Radar,8,19,8,0,35,0,12,8,0,20,8,31,16,0,55,26,0,26,81
08/25/2023,CMI,IL,AGL,CE,Combined TRACON& Tower with Radar,6,6,9,0,21,0,7,16,0,23,6,13,25,0,44,84,0,84,128
08/26/2023,CMI,IL,AGL,CE,Combined TRACON& Tower with Radar,8,12,10,0,30,0,24,12,2,38,8,36,22,2,68,44,0,44,112
08/27/2023,CMI,IL,AGL,CE,Combined TRACON& Tower with Radar,8,2,9,0,19,0,3,11,0,14,8,5,20,0,33,30,0,30,63
08/28/2023,CMI,IL,AGL,CE,Combined TRACON& Tower with Radar,8,23,14,0,45,0,72,38,0,110,8,95,52,0,155,188,0,188,343
08/29/2023,CMI,IL,AGL,CE,Combined TRACON& Tower with Radar,5,20,18,0,43,0,72,18,0,90,5,92,36,0,133,114,0,114,247
08/30/2023,CMI,IL,AGL,CE,Combined TRACON& Tower with Radar,7,25,12,0,44,0,55,25,2,82,7,80,37,2,126,94,0,94,220
08/31/2023,CMI,IL,AGL,CE,Combined TRACON& Tower with Radar,8,10,19,0,37,0,63,34,0,97,8,73,53,0,134,148,0,148,282
01/01/2020,CMI,IL,AGL,CE,Combined TRACON& Tower with Radar,1,20,2,0,23,0,2,8,0,10,1,22,10,0,33,12,0,12,45
01/02/2020,CMI,IL,AGL,CE,Combined TRACON& Tower with Radar,0,14,26,0,40,0,4,8,0,12,0,18,34,0,52,6,0,6,58
01/03/2020,CMI,IL,AGL,CE,Combined TRACON& Tower with Radar,0,13,9,0,22,0,0,0,0,0,0,13,9,0,22,0,0,0,22
01/04/2020,CMI,IL,AGL,CE,Combined TRACON& Tower with Radar,0,17,2,0,19,0,0,0,0,0,0,17,2,0,19,0,0,0,19
01/05/2020,CMI,IL,AGL,CE,Combined TRACON& Tower with Radar,0,15,5,0,20,0,0,11,0,11,0,15,16,0,31,0,0,0,31
01/06/2020,CMI,IL,AGL,CE,Combined TRACON& Tower with Radar,0,15,9,0,24,0,6,16,0,22,0,21,25,0,46,34,0,34,80
01/07/2020,CMI,IL,AGL,CE,Combined TRACON& Tower with Radar,1,17,10,0,28,0,4,14,0,18,1,21,24,0,46,22,0,22,68
01/08/2020,CMI,IL,AGL,CE,Combined TRACON& Tower with Radar,0,24,15,0,39,0,16,18,0,34,0,40,33,0,73,110,0,110,183
01/09/2020,CMI,IL,AGL,CE,Combined TRACON& Tower with Radar,2,21,11,0,34,0,0,6,0,6,2,21,17,0,40,2,0,2,42
01/10/2020,CMI,IL,AGL,CE,Combined TRACON& Tower with Radar,0,18,3,0,21,0,1,0,0,1,0,19,3,0,22,0,0,0,22
01/11/2020,CMI,IL,AGL,CE,Combined TRACON& Tower with Radar,2,6,0,0,8,0,0,0,0,0,2,6,0,0,8,0,0,0,8
01/12/2020,CMI,IL,AGL,CE,Combined TRACON& Tower with Radar,2,15,1,0,18,0,0,0,0,0,2,15,1,0,18,0,0,0,18
01/13/2020,CMI,IL,AGL,CE,Combined TRACON& Tower with Radar,0,18,6,0,24,0,0,1,0,1,0,18,7,0,25,0,0,0,25
01/14/2020,CMI,IL,AGL,CE,Combined TRACON& Tower with Radar,0,19,9,0,28,0,0,0,0,0,0,19,9,0,28,0,0,0,28
01/15/2020,CMI,IL,AGL,CE,Combined TRACON& Tower with Radar,0,23,6,0,29,0,0,0,0,0,0,23,6,0,29,0,0,0,29
01/16/2020,CMI,IL,AGL,CE,Combined TRACON& Tower with Radar,0,22,19,0,41,0,29,15,0,44,0,51,34,0,85,84,0,84,169
01/17/2020,CMI,IL,AGL,CE,Combined TRACON& Tower with Radar,1,19,11,0,31,0,23,2,0,25,1,42,13,0,56,80,0,80,136
01/18/2020,CMI,IL,AGL,CE,Combined TRACON& Tower with Radar,1,12,0,0,13,0,0,0,0,0,1,12,0,0,13,0,0,0,13
01/19/2020,CMI,IL,AGL,CE,Combined TRACON& Tower with Radar,2,20,12,0,34,0,0,0,0,0,2,20,12,0,34,0,0,0,34
01/20/2020,CMI,IL,AGL,CE,Combined TRACON& Tower with Radar,0,26,7,0,33,0,10,2,0,12,0,36,9,0,45,112,0,112,157
01/21/2020,CMI,IL,AGL,CE,Combined TRACON& Tower with Radar,0,25,25,6,56,0,43,18,0,61,0,68,43,6,117,118,0,118,235
01/22/2020,CMI,IL,AGL,CE,Combined TRACON& Tower with Radar,1,32,20,2,55,0,54,11,2,67,1,86,31,4,122,190,2,192,314
01/23/2020,CMI,IL,AGL,CE,Combined TRACON& Tower with Radar,1,18,8,0,27,0,0,0,0,0,1,18,8,0,27,0,0,0,27
01/24/2020,CMI,IL,AGL,CE,Combined TRACON& Tower with Radar,2,14,3,0,19,0,0,0,0,0,2,14,3,0,19,0,0,0,19
01/25/2020,CMI,IL,AGL,CE,Combined TRACON& Tower with Radar,1,17,1,0,19,0,0,0,0,0,1,17,1,0,19,0,0,0,19
01/26/2020,CMI,IL,AGL,CE,Combined TRACON& Tower with Radar,0,18,16,0,34,0,12,11,0,23,0,30,27,0,57,22,0,22,79
01/27/2020,CMI,IL,AGL,CE,Combined TRACON& Tower with Radar,5,19,8,0,32,0,1,0,0,1,5,20,8,0,33,0,0,0,33
01/28/2020,CMI,IL,AGL,CE,Combined TRACON& Tower with Radar,0,23,9,0,32,0,0,0,0,0,0,23,9,0,32,0,0,0,32
01/29/2020,CMI,IL,AGL,CE,Combined TRACON& Tower with Radar,3,19,3,0,25,0,0,2,0,2,3,19,5,0,27,140,0,140,167
01/30/2020,CMI,IL,AGL,CE,Combined TRACON& Tower with Radar,2,38,7,0,47,0,30,6,0,36,2,68,13,0,83,146,2,148,231
01/31/2020,CMI,IL,AGL,CE,Combined TRACON& Tower with Radar,2,18,7,0,27,0,1,0,0,1,2,19,7,0,28,18,0,18,46
02/01/2020,CMI,IL,AGL,CE,Combined TRACON& Tower with Radar,1,18,1,0,20,0,0,2,0,2,1,18,3,0,22,0,0,0,22
02/02/2020,CMI,IL,AGL,CE,Combined TRACON& Tower with Radar,1,19,5,0,25,0,16,36,0,52,1,35,41,0,77,80,0,80,157
02/03/2020,CMI,IL,AGL,CE,Combined TRACON& Tower with Radar,0,50,17,0,67,0,56,27,0,83,0,106,44,0,150,118,0,118,268
02/04/2020,CMI,IL,AGL,CE,Combined TRACON& Tower with Radar,1,19,8,0,28,0,0,0,0,0,1,19,8,0,28,0,0,0,28
02/05/2020,CMI,IL,AGL,CE,Combined TRACON& Tower with Radar,3,23,2,6,34,0,21,2,0,23,3,44,4,6,57,28,0,28,85
02/06/2020,CMI,IL,AGL,CE,Combined TRACON& Tower with Radar,1,18,4,0,23,0,1,0,0,1,1,19,4,0,24,0,0,0,24
02/07/2020,CMI,IL,AGL,CE,Combined TRACON& Tower with Radar,1,42,27,2,72,0,45,24,0,69,1,87,51,2,141,166,0,166,307
02/08/2020,CMI,IL,AGL,CE,Combined TRACON& Tower with Radar,3,10,1,0,14,0,0,1,0,1,3,10,2,0,15,0,0,0,15
02/09/2020,CMI,IL,AGL,CE,Combined TRACON& Tower with Radar,1,12,2,0,15,0,0,0,0,0,1,12,2,0,15,0,0,0,15
02/10/2020,CMI,IL,AGL,CE,Combined TRACON& Tower with Radar,2,23,13,2,40,0,0,0,0,0,2,23,13,2,40,144,0,144,184
02/11/2020,CMI,IL,AGL,CE,Combined TRACON& Tower with Radar,0,31,33,0,64,0,29,33,0,62,0,60,66,0,126,84,0,84,210
02/12/2020,CMI,IL,AGL,CE,Combined TRACON& Tower with Radar,0,20,9,0,29,0,15,3,0,18,0,35,12,0,47,92,0,92,139
02/13/2020,CMI,IL,AGL,CE,Combined TRACON& Tower with Radar,0,16,4,0,20,0,1,0,0,1,0,17,4,0,21,0,0,0,21
02/14/2020,CMI,IL,AGL,CE,Combined TRACON& Tower with Radar,1,21,19,0,41,0,10,22,0,32,1,31,41,0,73,68,0,68,141
02/15/2020,CMI,IL,AGL,CE,Combined TRACON& Tower with Radar,2,16,6,0,24,0,17,13,0,30,2,33,19,0,54,64,0,64,118
02/16/2020,CMI,IL,AGL,CE,Combined TRACON& Tower with Radar,0,17,16,0,33,0,4,48,2,54,0,21,64,2,87,46,0,46,133
02/17/2020,CMI,IL,AGL,CE,Combined TRACON& Tower with Radar,2,25,9,0,36,0,4,2,0,6,2,29,11,0,42,0,0,0,42
02/18/2020,CMI,IL,AGL,CE,Combined TRACON& Tower with Radar,3,21,26,0,50,0,12,13,0,25,3,33,39,0,75,106,0,106,181
02/19/2020,CMI,IL,AGL,CE,Combined TRACON& Tower with Radar,2,38,32,0,72,0,48,36,0,84,2,86,68,0,156,82,0,82,238
02/20/2020,CMI,IL,AGL,CE,Combined TRACON& Tower with Radar,0,26,21,0,47,0,35,23,4,62,0,61,44,4,109,50,0,50,159
02/21/2020,CMI,IL,AGL,CE,Combined TRACON& Tower with Radar,1,29,20,0,50,0,47,27,0,74,1,76,47,0,124,118,0,118,242
02/22/2020,CMI,IL,AGL,CE,Combined TRACON& Tower with Radar,1,19,17,0,37,0,17,48,0,65,1,36,65,0,102,82,0,82,184
02/23/2020,CMI,IL,AGL,CE,Combined TRACON& Tower with Radar,1,17,17,0,35,0,9,28,0,37,1,26,45,0,72,52,0,52,124
02/24/2020,CMI,IL,AGL,CE,Combined TRACON& Tower with Radar,0,22,2,0,24,0,0,0,0,0,0,22,2,0,24,0,0,0,24
02/25/2020,CMI,IL,AGL,CE,Combined TRACON& Tower with Radar,2,16,15,0,33,0,0,0,0,0,2,16,15,0,33,0,0,0,33
02/26/2020,CMI,IL,AGL,CE,Combined TRACON& Tower with Radar,0,17,0,0,17,0,0,0,0,0,0,17,0,0,17,0,0,0,17
02/27/2020,CMI,IL,AGL,CE,Combined TRACON& Tower with Radar,0,27,19,0,46,0,28,21,0,49,0,55,40,0,95,80,0,80,175
02/28/2020,CMI,IL,AGL,CE,Combined TRACON& Tower with Radar,0,40,13,0,53,0,5,6,0,11,0,45,19,0,64,154,0,154,218
02/29/2020,CMI,IL,AGL,CE,Combined TRACON& Tower with Radar,0,24,16,0,40,0,36,37,2,75,0,60,53,2,115,188,0,188,303
03/01/2020,CMI,IL,AGL,CE,Combined TRACON& Tower with Radar,0,16,23,0,39,0,2,11,0,13,0,18,34,0,52,10,0,10,62
03/02/2020,CMI,IL,AGL,CE,Combined TRACON& Tower with Radar,0,62,9,4,75,0,25,7,0,32,0,87,16,4,107,130,0,130,237
03/03/2020,CMI,IL,AGL,CE,Combined TRACON& Tower with Radar,0,19,16,0,35,0,9,14,4,27,0,28,30,4,62,36,0,36,98
03/04/2020,CMI,IL,AGL,CE,Combined TRACON& Tower with Radar,1,39,33,0,73,0,31,32,0,63,1,70,65,0,136,44,0,44,180
03/05/2020,CMI,IL,AGL,CE,Combined TRACON& Tower with Radar,1,27,10,0,38,0,13,15,0,28,1,40,25,0,66,64,0,64,130
03/06/2020,CMI,IL,AGL,CE,Combined TRACON& Tower with Radar,0,18,11,0,29,0,14,13,0,27,0,32,24,0,56,26,0,26,82
03/07/2020,CMI,IL,AGL,CE,Combined TRACON& Tower with Radar,0,20,10,0,30,0,21,39,0,60,0,41,49,0,90,130,0,130,220
03/08/2020,CMI,IL,AGL,CE,Combined TRACON& Tower with Radar,0,17,7,0,24,0,4,10,0,14,0,21,17,0,38,14,0,14,52
03/09/2020,CMI,IL,AGL,CE,Combined TRACON& Tower with Radar,0,22,9,0,31,0,11,2,0,13,0,33,11,0,44,36,0,36,80
03/10/2020,CMI,IL,AGL,CE,Combined TRACON& Tower with Radar,0,19,24,0,43,0,0,0,0,0,0,19,24,0,43,0,0,0,43
03/11/2020,CMI,IL,AGL,CE,Combined TRACON& Tower with Radar,0,27,15,0,42,0,1,1,0,2,0,28,16,0,44,0,0,0,44
03/12/2020,CMI,IL,AGL,CE,Combined TRACON& Tower with Radar,0,27,7,0,34,0,0,0,0,0,0,27,7,0,34,0,0,0,34
03/13/2020,CMI,IL,AGL,CE,Combined TRACON& Tower with Radar,0,42,30,2,74,0,36,31,0,67,0,78,61,2,141,176,0,176,317
03/14/2020,CMI,IL,AGL,CE,Combined TRACON& Tower with Radar,0,15,8,0,23,0,0,0,0,0,0,15,8,0,23,0,0,0,23
03/15/2020,CMI,IL,AGL,CE,Combined TRACON& Tower with Radar,0,14,6,0,20,0,3,7,0,10,0,17,13,0,30,20,0,20,50
03/16/2020,CMI,IL,AGL,CE,Combined TRACON& Tower with Radar,0,17,9,0,26,0,0,0,0,0,0,17,9,0,26,0,0,0,26
03/17/2020,CMI,IL,AGL,CE,Combined TRACON& Tower with Radar,0,16,13,2,31,0,4,11,0,15,0,20,24,2,46,24,0,24,70
03/18/2020,CMI,IL,AGL,CE,Combined TRACON& Tower with Radar,0,18,6,2,26,0,0,0,0,0,0,18,6,2,26,0,0,0,26
03/19/2020,CMI,IL,AGL,CE,Combined TRACON& Tower with Radar,0,17,7,0,24,0,0,2,1,3,0,17,9,1,27,6,0,6,33
03/20/2020,CMI,IL,AGL,CE,Combined TRACON& Tower with Radar,0,14,12,0,26,0,0,0,1,1,0,14,12,1,27,0,0,0,27
03/21/2020,CMI,IL,AGL,CE,Combined TRACON& Tower with Radar,0,13,7,0,20,0,2,8,0,10,0,15,15,0,30,0,0,0,30
03/22/2020,CMI,IL,AGL,CE,Combined TRACON& Tower with Radar,0,16,7,0,23,0,0,5,0,5,0,16,12,0,28,0,0,0,28
03/23/2020,CMI,IL,AGL,CE,Combined TRACON& Tower with Radar,0,16,2,0,18,0,0,1,0,1,0,16,3,0,19,0,0,0,19
03/24/2020,CMI,IL,AGL,CE,Combined TRACON& Tower with Radar,0,11,10,0,21,0,0,0,0,0,0,11,10,0,21,0,0,0,21
03/25/2020,CMI,IL,AGL,CE,Combined TRACON& Tower with Radar,0,8,7,0,15,0,0,8,0,8,0,8,15,0,23,2,0,2,25
03/26/2020,CMI,IL,AGL,CE,Combined TRACON& Tower with Radar,0,14,6,0,20,0,0,7,0,7,0,14,13,0,27,0,0,0,27
03/27/2020,CMI,IL,AGL,CE,Combined TRACON& Tower with Radar,0,10,5,0,15,0,0,0,0,0,0,10,5,0,15,0,0,0,15
03/28/2020,CMI,IL,AGL,CE,Combined TRACON& Tower with Radar,0,9,0,0,9,0,0,0,0,0,0,9,0,0,9,0,0,0,9
03/29/2020,CMI,IL,AGL,CE,Combined TRACON& Tower with Radar,0,8,2,0,10,0,0,0,0,0,0,8,2,0,10,0,0,0,10
03/30/2020,CMI,IL,AGL,CE,Combined TRACON& Tower with Radar,0,8,10,0,18,0,0,10,0,10,0,8,20,0,28,0,0,0,28
03/31/2020,CMI,IL,AGL,CE,Combined TRACON& Tower with Radar,0,7,10,0,17,0,0,6,0,6,0,7,16,0,23,0,0,0,23
04/01/2020,CMI,IL,AGL,CE,Combined TRACON& Tower with Radar,0,8,7,0,15,0,0,19,0,19,0,8,26,0,34,2,0,2,36
04/02/2020,CMI,IL,AGL,CE,Combined TRACON& Tower with Radar,0,8,3,0,11,0,2,16,0,18,0,10,19,0,29,10,0,10,39
04/03/2020,CMI,IL,AGL,CE,Combined TRACON& Tower with Radar,0,9,0,0,9,0,0,4,0,4,0,9,4,0,13,0,0,0,13
04/04/2020,CMI,IL,AGL,CE,Combined TRACON& Tower with Radar,0,10,10,0,20,0,0,0,0,0,0,10,10,0,20,0,0,0,20
04/05/2020,CMI,IL,AGL,CE,Combined TRACON& Tower with Radar,0,9,8,0,17,0,2,34,0,36,0,11,42,0,53,4,0,4,57
04/06/2020,CMI,IL,AGL,CE,Combined TRACON& Tower with Radar,0,13,5,0,18,0,0,12,2,14,0,13,17,2,32,4,0,4,36
04/07/2020,CMI,IL,AGL,CE,Combined TRACON& Tower with Radar,0,9,11,0,20,0,0,16,0,16,0,9,27,0,36,6,0,6,42
04/08/2020,CMI,IL,AGL,CE,Combined TRACON& Tower with Radar,0,7,5,0,12,0,2,13,0,15,0,9,18,0,27,0,0,0,27
04/09/2020,CMI,IL,AGL,CE,Combined TRACON& Tower with Radar,0,6,0,0,6,0,0,7,0,7,0,6,7,0,13,0,0,0,13
04/10/2020,CMI,IL,AGL,CE,Combined TRACON& Tower with Radar,0,7,3,0,10,0,4,9,0,13,0,11,12,0,23,2,0,2,25
04/11/2020,CMI,IL,AGL,CE,Combined TRACON& Tower with Radar,0,4,3,0,7,0,0,13,0,13,0,4,16,0,20,6,0,6,26
04/12/2020,CMI,IL,AGL,CE,Combined TRACON& Tower with Radar,0,4,6,0,10,0,0,0,0,0,0,4,6,0,10,0,0,0,10
04/13/2020,CMI,IL,AGL,CE,Combined TRACON& Tower with Radar,0,9,6,0,15,0,0,0,0,0,0,9,6,0,15,0,0,0,15
04/14/2020,CMI,IL,AGL,CE,Combined TRACON& Tower with Radar,0,4,14,0,18,0,2,11,0,13,0,6,25,0,31,2,0,2,33
04/15/2020,CMI,IL,AGL,CE,Combined TRACON& Tower with Radar,0,8,6,0,14,0,0,4,2,6,0,8,10,2,20,0,0,0,20
04/16/2020,CMI,IL,AGL,CE,Combined TRACON& Tower with Radar,0,4,5,0,9,0,2,4,0,6,0,6,9,0,15,0,0,0,15
04/17/2020,CMI,IL,AGL,CE,Combined TRACON& Tower with Radar,0,8,8,0,16,0,0,0,0,0,0,8,8,0,16,0,0,0,16
04/18/2020,CMI,IL,AGL,CE,Combined TRACON& Tower with Radar,0,2,13,0,15,0,0,28,0,28,0,2,41,0,43,34,0,34,77
04/19/2020,CMI,IL,AGL,CE,Combined TRACON& Tower with Radar,0,5,9,0,14,0,2,16,0,18,0,7,25,0,32,0,0,0,32
04/20/2020,CMI,IL,AGL,CE,Combined TRACON& Tower with Radar,0,5,12,0,17,0,0,16,0,16,0,5,28,0,33,10,0,10,43
04/21/2020,CMI,IL,AGL,CE,Combined TRACON& Tower with Radar,0,7,4,0,11,0,1,8,2,11,0,8,12,2,22,2,0,2,24
04/22/2020,CMI,IL,AGL,CE,Combined TRACON& Tower with Radar,0,7,7,0,14,0,0,12,0,12,0,7,19,0,26,0,0,0,26
04/23/2020,CMI,IL,AGL,CE,Combined TRACON& Tower with Radar,0,14,5,0,19,0,0,0,0,0,0,14,5,0,19,0,0,0,19
04/24/2020,CMI,IL,AGL,CE,Combined TRACON& Tower with Radar,0,6,6,0,12,0,2,0,0,2,0,8,6,0,14,14,0,14,28
04/25/2020,CMI,IL,AGL,CE,Combined TRACON& Tower with Radar,0,5,4,0,9,0,0,0,0,0,0,5,4,0,9,0,0,0,9
04/26/2020,CMI,IL,AGL,CE,Combined TRACON& Tower with Radar,0,6,11,0,17,0,0,15,0,15,0,6,26,0,32,8,0,8,40
04/27/2020,CMI,IL,AGL,CE,Combined TRACON& Tower with Radar,0,6,7,2,15,0,2,15,0,17,0,8,22,2,32,16,0,16,48
04/28/2020,CMI,IL,AGL,CE,Combined TRACON& Tower with Radar,0,7,11,0,18,0,3,9,0,12,0,10,20,0,30,0,0,0,30
04/29/2020,CMI,IL,AGL,CE,Combined TRACON& Tower with Radar,0,4,2,0,6,0,0,0,0,0,0,4,2,0,6,0,0,0,6
04/30/2020,CMI,IL,AGL,CE,Combined TRACON& Tower with Radar,0,5,10,0,15,0,2,12,0,14,0,7,22,0,29,10,0,10,39
05/01/2020,CMI,IL,AGL,CE,Combined TRACON& Tower with Radar,0,7,17,0,24,0,2,26,0,28,0,9,43,0,52,48,0,48,100
05/02/2020,CMI,IL,AGL,CE,Combined TRACON& Tower with Radar,0,2,11,0,13,0,4,18,0,22,0,6,29,0,35,14,0,14,49
05/03/2020,CMI,IL,AGL,CE,Combined TRACON& Tower with Radar,0,1,6,0,7,0,2,18,0,20,0,3,24,0,27,0,0,0,27
05/04/2020,CMI,IL,AGL,CE,Combined TRACON& Tower with Radar,0,6,6,0,12,0,2,9,0,11,0,8,15,0,23,10,0,10,33
05/05/2020,CMI,IL,AGL,CE,Combined TRACON& Tower with Radar,0,3,7,0,10,0,0,1,0,1,0,3,8,0,11,0,0,0,11
05/06/2020,CMI,IL,AGL,CE,Combined TRACON& Tower with Radar,0,2,9,2,13,0,0,14,0,14,0,2,23,2,27,12,0,12,39
05/07/2020,CMI,IL,AGL,CE,Combined TRACON& Tower with Radar,0,7,10,0,17,0,2,12,0,14,0,9,22,0,31,26,0,26,57
05/08/2020,CMI,IL,AGL,CE,Combined TRACON& Tower with Radar,0,3,5,0,8,0,0,4,0,4,0,3,9,0,12,16,0,16,28
05/09/2020,CMI,IL,AGL,CE,Combined TRACON& Tower with Radar,0,0,19,0,19,0,2,20,0,22,0,2,39,0,41,10,0,10,51
05/10/2020,CMI,IL,AGL,CE,Combined TRACON& Tower with Radar,0,5,8,0,13,0,0,4,0,4,0,5,12,0,17,0,0,0,17
05/11/2020,CMI,IL,AGL,CE,Combined TRACON& Tower with Radar,0,3,12,0,15,0,0,8,0,8,0,3,20,0,23,12,0,12,35
05/12/2020,CMI,IL,AGL,CE,Combined TRACON& Tower with Radar,0,0,20,2,22,0,2,29,0,31,0,2,49,2,53,6,0,6,59
05/13/2020,CMI,IL,AGL,CE,Combined TRACON& Tower with Radar,0,3,8,0,11,0,0,6,0,6,0,3,14,0,17,0,0,0,17
05/14/2020,CMI,IL,AGL,CE,Combined TRACON& Tower with Radar,0,9,9,0,18,0,0,1,0,1,0,9,10,0,19,0,0,0,19
05/15/2020,CMI,IL,AGL,CE,Combined TRACON& Tower with Radar,0,5,6,0,11,0,0,2,0,2,0,5,8,0,13,0,0,0,13
05/16/2020,CMI,IL,AGL,CE,Combined TRACON& Tower with Radar,0,0,6,0,6,0,3,19,0,22,0,3,25,0,28,28,0,28,56
05/17/2020,CMI,IL,AGL,CE,Combined TRACON& Tower with Radar,0,3,7,0,10,0,0,0,0,0,0,3,7,0,10,0,0,0,10
05/18/2020,CMI,IL,AGL,CE,Combined TRACON& Tower with Radar,0,3,5,0,8,0,0,2,0,2,0,3,7,0,10,6,0,6,16
05/19/2020,CMI,IL,AGL,CE,Combined TRACON& Tower with Radar,0,0,15,0,15,0,0,1,1,2,0,0,16,1,17,0,0,0,17
05/20/2020,CMI,IL,AGL,CE,Combined TRACON& Tower with Radar,0,5,17,2,24,0,2,0,2,4,0,7,17,4,28,0,0,0,28
05/21/2020,CMI,IL,AGL,CE,Combined TRACON& Tower with Radar,0,3,18,0,21,0,0,3,0,3,0,3,21,0,24,28,0,28,52
05/22/2020,CMI,IL,AGL,CE,Combined TRACON& Tower with Radar,0,7,9,0,16,0,8,11,0,19,0,15,20,0,35,24,0,24,59
05/23/2020,CMI,IL,AGL,CE,Combined TRACON& Tower with Radar,0,1,2,0,3,0,0,10,2,12,0,1,12,2,15,26,0,26,41
05/24/2020,CMI,IL,AGL,CE,Combined TRACON& Tower with Radar,0,4,10,0,14,0,4,18,0,22,0,8,28,0,36,14,0,14,50
05/25/2020,CMI,IL,AGL,CE,Combined TRACON& Tower with Radar,0,3,6,0,9,0,0,9,0,9,0,3,15,0,18,22,0,22,40
05/26/2020,CMI,IL,AGL,CE,Combined TRACON& Tower with Radar,0,0,9,0,9,0,7,11,0,18,0,7,20,0,27,16,0,16,43
05/27/2020,CMI,IL,AGL,CE,Combined TRACON& Tower with Radar,0,5,4,0,9,0,2,15,0,17,0,7,19,0,26,28,0,28,54
05/28/2020,CMI,IL,AGL,CE,Combined TRACON& Tower with Radar,0,4,9,0,13,0,4,10,0,14,0,8,19,0,27,4,0,4,31
05/29/2020,CMI,IL,AGL,CE,Combined TRACON& Tower with Radar,0,4,10,0,14,0,9,15,0,24,0,13,25,0,38,10,0,10,48
05/30/2020,CMI,IL,AGL,CE,Combined TRACON& Tower with Radar,0,3,6,0,9,0,6,21,0,27,0,9,27,0,36,30,0,30,66
05/31/2020,CMI,IL,AGL,CE,Combined TRACON& Tower with Radar,0,5,17,0,22,0,2,22,0,24,0,7,39,0,46,20,0,20,66
06/01/2020,CMI,IL,AGL,CE,Combined TRACON& Tower with Radar,0,14,9,0,23,0,29,16,0,45,0,43,25,0,68,86,0,86,154
06/02/2020,CMI,IL,AGL,CE,Combined TRACON& Tower with Radar,0,12,12,0,24,0,23,20,0,43,0,35,32,0,67,64,0,64,131
06/03/2020,CMI,IL,AGL,CE,Combined TRACON& Tower with Radar,0,23,8,0,31,0,27,11,0,38,0,50,19,0,69,94,0,94,163
06/04/2020,CMI,IL,AGL,CE,Combined TRACON& Tower with Radar,0,25,7,1,33,0,27,7,3,37,0,52,14,4,70,68,0,68,138
06/05/2020,CMI,IL,AGL,CE,Combined TRACON& Tower with Radar,0,11,16,0,27,0,28,16,0,44,0,39,32,0,71,160,0,160,231
06/06/2020,CMI,IL,AGL,CE,Combined TRACON& Tower with Radar,0,6,13,0,19,0,18,21,0,39,0,24,34,0,58,24,0,24,82
06/07/2020,CMI,IL,AGL,CE,Combined TRACON& Tower with Radar,0,3,15,0,18,0,2,19,0,21,0,5,34,0,39,10,0,10,49
06/08/2020,CMI,IL,AGL,CE,Combined TRACON& Tower with Radar,0,19,13,0,32,0,37,22,1,60,0,56,35,1,92,86,0,86,178
06/09/2020,CMI,IL,AGL,CE,Combined TRACON& Tower with Radar,0,3,8,0,11,0,0,0,0,0,0,3,8,0,11,0,0,0,11
06/10/2020,CMI,IL,AGL,CE,Combined TRACON& Tower with Radar,0,1,3,0,4,0,4,4,0,8,0,5,7,0,12,58,0,58,70
06/11/2020,CMI,IL,AGL,CE,Combined TRACON& Tower with Radar,0,10,17,0,27,0,26,29,2,57,0,36,46,2,84,122,0,122,206
06/12/2020,CMI,IL,AGL,CE,Combined TRACON& Tower with Radar,0,26,23,0,49,0,38,26,0,64,0,64,49,0,113,54,0,54,167
06/13/2020,CMI,IL,AGL,CE,Combined TRACON& Tower with Radar,0,6,9,0,15,0,12,21,0,33,0,18,30,0,48,64,0,64,112
06/14/2020,CMI,IL,AGL,CE,Combined TRACON& Tower with Radar,0,8,9,0,17,0,0,12,0,12,0,8,21,0,29,0,0,0,29
06/15/2020,CMI,IL,AGL,CE,Combined TRACON& Tower with Radar,0,18,10,0,28,0,38,36,0,74,0,56,46,0,102,122,0,122,224
06/16/2020,CMI,IL,AGL,CE,Combined TRACON& Tower with Radar,0,9,10,0,19,0,17,24,0,41,0,26,34,0,60,124,0,124,184
06/17/2020,CMI,IL,AGL,CE,Combined TRACON& Tower with Radar,0,10,16,0,26,0,21,17,0,38,0,31,33,0,64,216,0,216,280
06/18/2020,CMI,IL,AGL,CE,Combined TRACON& Tower with Radar,0,20,13,0,33,0,22,13,0,35,0,42,26,0,68,96,0,96,164
06/19/2020,CMI,IL,AGL,CE,Combined TRACON& Tower with Radar,0,15,14,0,29,0,16,23,0,39,0,31,37,0,68,130,0,130,198
06/20/2020,CMI,IL,AGL,CE,Combined TRACON& Tower with Radar,0,8,6,0,14,0,10,10,0,20,0,18,16,0,34,144,0,144,178
06/21/2020,CMI,IL,AGL,CE,Combined TRACON& Tower with Radar,0,5,11,0,16,0,0,10,0,10,0,5,21,0,26,36,0,36,62
06/22/2020,CMI,IL,AGL,CE,Combined TRACON& Tower with Radar,2,14,3,0,19,0,13,8,0,21,2,27,11,0,40,120,0,120,160
06/23/2020,CMI,IL,AGL,CE,Combined TRACON& Tower with Radar,0,22,17,0,39,0,18,11,0,29,0,40,28,0,68,90,0,90,158
06/24/2020,CMI,IL,AGL,CE,Combined TRACON& Tower with Radar,0,10,13,0,23,0,21,15,0,36,0,31,28,0,59,166,0,166,225
06/25/2020,CMI,IL,AGL,CE,Combined TRACON& Tower with Radar,0,10,17,0,27,0,25,20,0,45,0,35,37,0,72,126,0,126,198
06/26/2020,CMI,IL,AGL,CE,Combined TRACON& Tower with Radar,0,17,9,0,26,0,27,10,0,37,0,44,19,0,63,82,0,82,145
06/27/2020,CMI,IL,AGL,CE,Combined TRACON& Tower with Radar,0,5,10,0,15,0,0,2,0,2,0,5,12,0,17,46,0,46,63
06/28/2020,CMI,IL,AGL,CE,Combined TRACON& Tower with Radar,0,3,6,0,9,0,2,8,0,10,0,5,14,0,19,72,0,72,91
06/29/2020,CMI,IL,AGL,CE,Combined TRACON& Tower with Radar,0,5,11,0,16,0,5,11,0,16,0,10,22,0,32,44,0,44,76
06/30/2020,CMI,IL,AGL,CE,Combined TRACON& Tower with Radar,0,7,10,0,17,0,18,2,2,22,0,25,12,2,39,104,0,104,143
07/01/2020,CMI,IL,AGL,CE,Combined TRACON& Tower with Radar,0,15,16,0,31,0,10,12,0,22,0,25,28,0,53,52,0,52,105
07/02/2020,CMI,IL,AGL,CE,Combined TRACON& Tower with Radar,0,20,10,0,30,0,37,25,0,62,0,57,35,0,92,142,0,142,234
07/03/2020,CMI,IL,AGL,CE,Combined TRACON& Tower with Radar,0,7,22,0,29,0,9,26,0,35,0,16,48,0,64,104,0,104,168
07/04/2020,CMI,IL,AGL,CE,Combined TRACON& Tower with Radar,0,2,2,0,4,0,1,13,0,14,0,3,15,0,18,6,0,6,24
07/05/2020,CMI,IL,AGL,CE,Combined TRACON& Tower with Radar,0,3,14,0,17,0,0,11,0,11,0,3,25,0,28,0,0,0,28
07/06/2020,CMI,IL,AGL,CE,Combined TRACON& Tower with Radar,0,9,2,0,11,0,17,19,0,36,0,26,21,0,47,74,0,74,121
07/07/2020,CMI,IL,AGL,CE,Combined TRACON& Tower with Radar,0,10,9,0,19,0,19,10,0,29,0,29,19,0,48,84,0,84,132
07/08/2020,CMI,IL,AGL,CE,Combined TRACON& Tower with Radar,0,18,13,0,31,0,19,7,0,26,0,37,20,0,57,98,0,98,155
07/09/2020,CMI,IL,AGL,CE,Combined TRACON& Tower with Radar,0,9,19,0,28,0,17,1,0,18,0,26,20,0,46,94,0,94,140
07/10/2020,CMI,IL,AGL,CE,Combined TRACON& Tower with Radar,0,28,8,0,36,0,9,11,0,20,0,37,19,0,56,70,0,70,126
07/11/2020,CMI,IL,AGL,CE,Combined TRACON& Tower with Radar,0,14,4,0,18,0,17,24,0,41,0,31,28,0,59,42,0,42,101
07/12/2020,CMI,IL,AGL,CE,Combined TRACON& Tower with Radar,0,10,9,0,19,0,6,7,0,13,0,16,16,0,32,40,0,40,72
07/13/2020,CMI,IL,AGL,CE,Combined TRACON& Tower with Radar,0,16,4,0,20,0,30,24,0,54,0,46,28,0,74,118,0,118,192
07/14/2020,CMI,IL,AGL,CE,Combined TRACON& Tower with Radar,0,15,14,0,29,0,24,30,0,54,0,39,44,0,83,172,0,172,255
07/15/2020,CMI,IL,AGL,CE,Combined TRACON& Tower with Radar,0,20,8,0,28,0,33,14,0,47,0,53,22,0,75,76,0,76,151
07/16/2020,CMI,IL,AGL,CE,Combined TRACON& Tower with Radar,0,22,13,1,36,0,9,13,4,26,0,31,26,5,62,64,0,64,126
07/17/2020,CMI,IL,AGL,CE,Combined TRACON& Tower with Radar,0,31,8,0,39,0,23,20,2,45,0,54,28,2,84,50,0,50,134
07/18/2020,CMI,IL,AGL,CE,Combined TRACON& Tower with Radar,0,8,13,0,21,0,8,17,0,25,0,16,30,0,46,36,0,36,82
07/19/2020,CMI,IL,AGL,CE,Combined TRACON& Tower with Radar,0,8,5,0,13,0,0,6,0,6,0,8,11,0,19,0,0,0,19
07/20/2020,CMI,IL,AGL,CE,Combined TRACON& Tower with Radar,0,19,19,0,38,0,27,27,0,54,0,46,46,0,92,100,0,100,192
07/21/2020,CMI,IL,AGL,CE,Combined TRACON& Tower with Radar,0,11,13,0,24,0,6,3,0,9,0,17,16,0,33,32,0,32,65
07/22/2020,CMI,IL,AGL,CE,Combined TRACON& Tower with Radar,0,29,9,0,38,0,5,5,0,10,0,34,14,0,48,106,0,106,154
07/23/2020,CMI,IL,AGL,CE,Combined TRACON& Tower with Radar,0,20,9,0,29,0,20,22,0,42,0,40,31,0,71,162,0,162,233
07/24/2020,CMI,IL,AGL,CE,Combined TRACON& Tower with Radar,0,12,14,0,26,0,11,23,0,34,0,23,37,0,60,60,0,60,120
07/25/2020,CMI,IL,AGL,CE,Combined TRACON& Tower with Radar,0,12,7,0,19,0,7,25,0,32,0,19,32,0,51,10,0,10,61
07/26/2020,CMI,IL,AGL,CE,Combined TRACON& Tower with Radar,0,12,6,0,18,0,2,27,0,29,0,14,33,0,47,24,0,24,71
07/27/2020,CMI,IL,AGL,CE,Combined TRACON& Tower with Radar,0,8,0,0,8,0,10,4,0,14,0,18,4,0,22,0,0,0,22
07/28/2020,CMI,IL,AGL,CE,Combined TRACON& Tower with Radar,0,11,12,0,23,0,28,45,0,73,0,39,57,0,96,38,0,38,134
07/29/2020,CMI,IL,AGL,CE,Combined TRACON& Tower with Radar,0,13,4,0,17,0,24,16,0,40,0,37,20,0,57,118,0,118,175
07/30/2020,CMI,IL,AGL,CE,Combined TRACON& Tower with Radar,0,5,10,0,15,0,3,2,0,5,0,8,12,0,20,38,0,38,58
07/31/2020,CMI,IL,AGL,CE,Combined TRACON& Tower with Radar,0,9,7,0,16,0,21,8,1,30,0,30,15,1,46,72,0,72,118
08/01/2020,CMI,IL,AGL,CE,Combined TRACON& Tower with Radar,0,2,7,0,9,0,0,0,1,1,0,2,7,1,10,0,0,0,10
08/02/2020,CMI,IL,AGL,CE,Combined TRACON& Tower with Radar,1,3,4,0,8,0,0,11,0,11,1,3,15,0,19,18,0,18,37
08/03/2020,CMI,IL,AGL,CE,Combined TRACON& Tower with Radar,0,8,15,0,23,0,0,4,0,4,0,8,19,0,27,40,0,40,67
08/04/2020,CMI,IL,AGL,CE,Combined TRACON& Tower with Radar,0,4,9,0,13,0,21,22,0,43,0,25,31,0,56,48,0,48,104
08/05/2020,CMI,IL,AGL,CE,Combined TRACON& Tower with Radar,0,13,7,0,20,0,20,24,0,44,0,33,31,0,64,84,0,84,148
08/06/2020,CMI,IL,AGL,CE,Combined TRACON& Tower with Radar,0,5,6,0,11,0,9,32,0,41,0,14,38,0,52,78,0,78,130
08/07/2020,CMI,IL,AGL,CE,Combined TRACON& Tower with Radar,0,2,7,0,9,0,11,20,0,31,0,13,27,0,40,68,0,68,108
08/08/2020,CMI,IL,AGL,CE,Combined TRACON& Tower with Radar,0,3,5,0,8,0,4,15,0,19,0,7,20,0,27,6,0,6,33
08/09/2020,CMI,IL,AGL,CE,Combined TRACON& Tower with Radar,0,5,6,0,11,0,0,11,0,11,0,5,17,0,22,20,0,20,42
08/10/2020,CMI,IL,AGL,CE,Combined TRACON& Tower with Radar,0,3,6,0,9,0,4,9,0,13,0,7,15,0,22,28,0,28,50
08/11/2020,CMI,IL,AGL,CE,Combined TRACON& Tower with Radar,0,7,14,0,21,0,1,3,0,4,0,8,17,0,25,8,0,8,33
08/12/2020,CMI,IL,AGL,CE,Combined TRACON& Tower with Radar,0,9,4,3,16,0,8,16,0,24,0,17,20,3,40,40,0,40,80
08/13/2020,CMI,IL,AGL,CE,Combined TRACON& Tower with Radar,0,3,17,0,20,0,5,13,0,18,0,8,30,0,38,32,0,32,70
08/14/2020,CMI,IL,AGL,CE,Combined TRACON& Tower with Radar,0,7,11,0,18,0,6,17,0,23,0,13,28,0,41,14,0,14,55
08/15/2020,CMI,IL,AGL,CE,Combined TRACON& Tower with Radar,0,11,5,0,16,0,4,12,0,16,0,15,17,0,32,42,0,42,74
08/16/2020,CMI,IL,AGL,CE,Combined TRACON& Tower with Radar,0,10,10,0,20,0,4,17,0,21,0,14,27,0,41,30,0,30,71
08/17/2020,CMI,IL,AGL,CE,Combined TRACON& Tower with Radar,0,2,12,2,16,0,4,19,0,23,0,6,31,2,39,58,0,58,97
08/18/2020,CMI,IL,AGL,CE,Combined TRACON& Tower with Radar,0,9,14,0,23,0,4,14,0,18,0,13,28,0,41,18,0,18,59
08/19/2020,CMI,IL,AGL,CE,Combined TRACON& Tower with Radar,0,7,11,0,18,0,6,23,0,29,0,13,34,0,47,12,0,12,59
08/20/2020,CMI,IL,AGL,CE,Combined TRACON& Tower with Radar,0,9,6,0,15,0,11,20,0,31,0,20,26,0,46,56,0,56,102
08/21/2020,CMI,IL,AGL,CE,Combined TRACON& Tower with Radar,0,2,7,0,9,0,3,31,0,34,0,5,38,0,43,4,0,4,47
08/22/2020,CMI,IL,AGL,CE,Combined TRACON& Tower with Radar,0,5,27,0,32,0,5,27,0,32,0,10,54,0,64,32,0,32,96
08/23/2020,CMI,IL,AGL,CE,Combined TRACON& Tower with Radar,0,4,10,0,14,0,0,11,2,13,0,4,21,2,27,0,0,0,27
08/24/2020,CMI,IL,AGL,CE,Combined TRACON& Tower with Radar,0,1,14,0,15,0,6,22,0,28,0,7,36,0,43,14,0,14,57
08/25/2020,CMI,IL,AGL,CE,Combined TRACON& Tower with Radar,0,7,16,2,25,0,5,16,0,21,0,12,32,2,46,26,0,26,72
08/26/2020,CMI,IL,AGL,CE,Combined TRACON& Tower with Radar,0,7,15,0,22,0,35,20,2,57,0,42,35,2,79,70,0,70,149
08/27/2020,CMI,IL,AGL,CE,Combined TRACON& Tower with Radar,0,16,9,2,27,0,19,9,2,30,0,35,18,4,57,88,0,88,145
08/28/2020,CMI,IL,AGL,CE,Combined TRACON& Tower with Radar,0,24,21,0,45,0,31,12,0,43,0,55,33,0,88,90,0,90,178
08/29/2020,CMI,IL,AGL,CE,Combined TRACON& Tower with Radar,0,15,26,0,41,0,28,12,0,40,0,43,38,0,81,76,0,76,157
08/30/2020,CMI,IL,AGL,CE,Combined TRACON& Tower with Radar,0,5,15,0,20,0,4,24,2,30,0,9,39,2,50,30,0,30,80
08/31/2020,CMI,IL,AGL,CE,Combined TRACON& Tower with Radar,0,14,15,1,30,0,34,17,1,52,0,48,32,2,82,72,0,72,154
09/01/2020,CMI,IL,AGL,CE,Combined TRACON& Tower with Radar,0,4,16,0,20,0,0,1,0,1,0,4,17,0,21,0,0,0,21
09/02/2020,CMI,IL,AGL,CE,Combined TRACON& Tower with Radar,0,27,15,0,42,0,24,10,0,34,0,51,25,0,76,100,0,100,176
09/03/2020,CMI,IL,AGL,CE,Combined TRACON& Tower with Radar,0,26,13,0,39,0,29,9,0,38,0,55,22,0,77,48,0,48,125
09/04/2020,CMI,IL,AGL,CE,Combined TRACON& Tower with Radar,0,11,17,0,28,0,42,36,0,78,0,53,53,0,106,118,0,118,224
09/05/2020,CMI,IL,AGL,CE,Combined TRACON& Tower with Radar,0,12,10,0,22,0,22,24,0,46,0,34,34,0,68,68,0,68,136
09/06/2020,CMI,IL,AGL,CE,Combined TRACON& Tower with Radar,0,4,5,0,9,0,0,3,0,3,0,4,8,0,12,0,0,0,12
09/07/2020,CMI,IL,AGL,CE,Combined TRACON& Tower with Radar,0,7,19,0,26,0,9,6,0,15,0,16,25,0,41,8,0,8,49
09/08/2020,CMI,IL,AGL,CE,Combined TRACON& Tower with Radar,0,13,9,0,22,0,12,2,0,14,0,25,11,0,36,76,0,76,112
09/09/2020,CMI,IL,AGL,CE,Combined TRACON& Tower with Radar,0,11,9,0,20,0,5,6,0,11,0,16,15,0,31,102,0,102,133
09/10/2020,CMI,IL,AGL,CE,Combined TRACON& Tower with Radar,0,17,14,0,31,0,0,2,0,2,0,17,16,0,33,0,0,0,33
09/11/2020,CMI,IL,AGL,CE,Combined TRACON& Tower with Radar,0,28,11,0,39,0,5,8,0,13,0,33,19,0,52,62,0,62,114
09/12/2020,CMI,IL,AGL,CE,Combined TRACON& Tower with Radar,0,6,4,0,10,0,0,0,0,0,0,6,4,0,10,0,0,0,10
09/13/2020,CMI,IL,AGL,CE,Combined TRACON& Tower with Radar,0,5,17,0,22,0,2,8,0,10,0,7,25,0,32,54,0,54,86
09/14/2020,CMI,IL,AGL,CE,Combined TRACON& Tower with Radar,0,7,17,2,26,0,36,21,0,57,0,43,38,2,83,100,0,100,183
09/15/2020,CMI,IL,AGL,CE,Combined TRACON& Tower with Radar,0,16,13,0,29,0,41,33,0,74,0,57,46,0,103,166,0,166,269
09/16/2020,CMI,IL,AGL,CE,Combined TRACON& Tower with Radar,0,8,11,0,19,0,50,15,0,65,0,58,26,0,84,174,0,174,258
09/17/2020,CMI,IL,AGL,CE,Combined TRACON& Tower with Radar,0,25,24,0,49,0,11,13,0,24,0,36,37,0,73,60,0,60,133
09/18/2020,CMI,IL,AGL,CE,Combined TRACON& Tower with Radar,0,15,14,0,29,0,46,29,0,75,0,61,43,0,104,58,0,58,162
09/19/2020,CMI,IL,AGL,CE,Combined TRACON& Tower with Radar,0,8,18,0,26,0,16,29,0,45,0,24,47,0,71,46,0,46,117
09/20/2020,CMI,IL,AGL,CE,Combined TRACON& Tower with Radar,0,5,14,2,21,0,11,16,0,27,0,16,30,2,48,52,0,52,100
09/21/2020,CMI,IL,AGL,CE,Combined TRACON& Tower with Radar,0,19,9,0,28,0,43,28,0,71,0,62,37,0,99,198,0,198,297
09/22/2020,CMI,IL,AGL,CE,Combined TRACON& Tower with Radar,0,16,16,0,32,0,53,12,0,65,0,69,28,0,97,110,0,110,207
09/23/2020,CMI,IL,AGL,CE,Combined TRACON& Tower with Radar,0,17,12,0,29,0,38,22,0,60,0,55,34,0,89,146,0,146,235
09/24/2020,CMI,IL,AGL,CE,Combined TRACON& Tower with Radar,0,21,12,0,33,0,38,12,0,50,0,59,24,0,83,118,0,118,201
09/25/2020,CMI,IL,AGL,CE,Combined TRACON& Tower with Radar,0,11,14,0,25,0,30,29,0,59,0,41,43,0,84,138,8,146,230
09/26/2020,CMI,IL,AGL,CE,Combined TRACON& Tower with Radar,0,4,2,0,6,0,2,3,0,5,0,6,5,0,11,0,0,0,11
09/27/2020,CMI,IL,AGL,CE,Combined TRACON& Tower with Radar,0,9,14,0,23,0,6,6,0,12,0,15,20,0,35,30,0,30,65
09/28/2020,CMI,IL,AGL,CE,Combined TRACON& Tower with Radar,0,23,10,0,33,0,2,6,0,8,0,25,16,0,41,20,0,20,61
09/29/2020,CMI,IL,AGL,CE,Combined TRACON& Tower with Radar,0,29,12,0,41,0,18,12,0,30,0,47,24,0,71,40,0,40,111
09/30/2020,CMI,IL,AGL,CE,Combined TRACON& Tower with Radar,0,15,12,0,27,0,33,16,0,49,0,48,28,0,76,70,0,70,146
10/01/2020,CMI,IL,AGL,CE,Combined TRACON& Tower with Radar,0,12,21,0,33,0,32,14,0,46,0,44,35,0,79,42,0,42,121
10/02/2020,CMI,IL,AGL,CE,Combined TRACON& Tower with Radar,0,12,14,0,26,0,29,25,1,55,0,41,39,1,81,152,0,152,233
10/03/2020,CMI,IL,AGL,CE,Combined TRACON& Tower with Radar,0,4,7,0,11,0,27,23,0,50,0,31,30,0,61,90,0,90,151
10/04/2020,CMI,IL,AGL,CE,Combined TRACON& Tower with Radar,0,4,15,0,19,0,2,9,0,11,0,6,24,0,30,52,0,52,82
10/05/2020,CMI,IL,AGL,CE,Combined TRACON& Tower with Radar,0,10,11,0,21,0,42,14,2,58,0,52,25,2,79,160,0,160,239
10/06/2020,CMI,IL,AGL,CE,Combined TRACON& Tower with Radar,0,18,13,0,31,0,39,28,2,69,0,57,41,2,100,176,0,176,276
10/07/2020,CMI,IL,AGL,CE,Combined TRACON& Tower with Radar,0,12,12,0,24,0,25,14,3,42,0,37,26,3,66,218,0,218,284
10/08/2020,CMI,IL,AGL,CE,Combined TRACON& Tower with Radar,0,24,14,0,38,0,32,12,0,44,0,56,26,0,82,208,0,208,290
10/09/2020,CMI,IL,AGL,CE,Combined TRACON& Tower with Radar,0,16,9,0,25,0,19,19,0,38,0,35,28,0,63,118,0,118,181
10/10/2020,CMI,IL,AGL,CE,Combined TRACON& Tower with Radar,0,9,8,0,17,0,19,14,0,33,0,28,22,0,50,100,0,100,150
10/11/2020,CMI,IL,AGL,CE,Combined TRACON& Tower with Radar,0,8,11,0,19,0,8,31,0,39,0,16,42,0,58,36,0,36,94
10/12/2020,CMI,IL,AGL,CE,Combined TRACON& Tower with Radar,0,12,10,0,22,0,2,5,0,7,0,14,15,0,29,0,0,0,29
10/13/2020,CMI,IL,AGL,CE,Combined TRACON& Tower with Radar,0,22,10,0,32,0,30,29,0,59,0,52,39,0,91,166,0,166,257
10/14/2020,CMI,IL,AGL,CE,Combined TRACON& Tower with Radar,0,12,7,0,19,0,18,5,0,23,0,30,12,0,42,58,0,58,100
10/15/2020,CMI,IL,AGL,CE,Combined TRACON& Tower with Radar,0,15,14,2,31,0,28,24,0,52,0,43,38,2,83,186,0,186,269
10/16/2020,CMI,IL,AGL,CE,Combined TRACON& Tower with Radar,0,11,10,0,21,0,27,18,0,45,0,38,28,0,66,78,0,78,144
10/17/2020,CMI,IL,AGL,CE,Combined TRACON& Tower with Radar,0,5,1,0,6,0,2,8,0,10,0,7,9,0,16,48,0,48,64
10/18/2020,CMI,IL,AGL,CE,Combined TRACON& Tower with Radar,0,12,13,0,25,0,4,11,0,15,0,16,24,0,40,14,0,14,54
10/19/2020,CMI,IL,AGL,CE,Combined TRACON& Tower with Radar,0,26,6,0,32,0,22,3,0,25,0,48,9,0,57,170,0,170,227
10/20/2020,CMI,IL,AGL,CE,Combined TRACON& Tower with Radar,0,17,11,3,31,0,23,0,1,24,0,40,11,4,55,146,0,146,201
10/21/2020,CMI,IL,AGL,CE,Combined TRACON& Tower with Radar,0,36,29,0,65,0,0,0,0,0,0,36,29,0,65,6,0,6,71
10/22/2020,CMI,IL,AGL,CE,Combined TRACON& Tower with Radar,0,13,17,2,32,0,14,15,0,29,0,27,32,2,61,150,0,150,211
10/23/2020,CMI,IL,AGL,CE,Combined TRACON& Tower with Radar,0,11,9,0,20,0,1,3,0,4,0,12,12,0,24,24,0,24,48
10/24/2020,CMI,IL,AGL,CE,Combined TRACON& Tower with Radar,0,5,10,0,15,0,19,24,2,45,0,24,34,2,60,134,0,134,194
10/25/2020,CMI,IL,AGL,CE,Combined TRACON& Tower with Radar,0,11,14,0,25,0,12,24,0,36,0,23,38,0,61,26,0,26,87
10/26/2020,CMI,IL,AGL,CE,Combined TRACON& Tower with Radar,0,10,8,0,18,0,0,1,0,1,0,10,9,0,19,14,0,14,33
10/27/2020,CMI,IL,AGL,CE,Combined TRACON& Tower with Radar,0,12,12,0,24,0,0,0,0,0,0,12,12,0,24,0,0,0,24
10/28/2020,CMI,IL,AGL,CE,Combined TRACON& Tower with Radar,0,23,6,0,29,0,29,12,0,41,0,52,18,0,70,282,0,282,352
10/29/2020,CMI,IL,AGL,CE,Combined TRACON& Tower with Radar,0,15,4,0,19,0,18,5,0,23,0,33,9,0,42,92,0,92,134
10/30/2020,CMI,IL,AGL,CE,Combined TRACON& Tower with Radar,0,23,13,4,40,0,35,48,0,83,0,58,61,4,123,160,0,160,283
10/31/2020,CMI,IL,AGL,CE,Combined TRACON& Tower with Radar,0,9,6,0,15,0,22,30,0,52,0,31,36,0,67,96,0,96,163
11/01/2020,CMI,IL,AGL,CE,Combined TRACON& Tower with Radar,0,8,4,0,12,0,2,4,0,6,0,10,8,0,18,0,0,0,18
11/02/2020,CMI,IL,AGL,CE,Combined TRACON& Tower with Radar,0,23,11,0,34,0,34,14,0,48,0,57,25,0,82,96,0,96,178
11/03/2020,CMI,IL,AGL,CE,Combined TRACON& Tower with Radar,0,5,18,0,23,0,10,31,0,41,0,15,49,0,64,98,0,98,162
11/04/2020,CMI,IL,AGL,CE,Combined TRACON& Tower with Radar,0,19,11,0,30,0,22,24,0,46,0,41,35,0,76,132,0,132,208
11/05/2020,CMI,IL,AGL,CE,Combined TRACON& Tower with Radar,0,21,14,0,35,0,31,29,0,60,0,52,43,0,95,306,0,306,401
11/06/2020,CMI,IL,AGL,CE,Combined TRACON& Tower with Radar,1,16,8,4,29,0,28,24,0,52,1,44,32,4,81,214,0,214,295
11/07/2020,CMI,IL,AGL,CE,Combined TRACON& Tower with Radar,1,26,11,0,38,0,22,25,2,49,1,48,36,2,87,134,0,134,221
11/08/2020,CMI,IL,AGL,CE,Combined TRACON& Tower with Radar,0,12,10,0,22,0,5,14,0,19,0,17,24,0,41,62,0,62,103
11/09/2020,CMI,IL,AGL,CE,Combined TRACON& Tower with Radar,0,12,7,2,21,0,8,6,0,14,0,20,13,2,35,88,0,88,123
11/10/2020,CMI,IL,AGL,CE,Combined TRACON& Tower with Radar,0,9,8,4,21,0,0,1,0,1,0,9,9,4,22,0,0,0,22
11/11/2020,CMI,IL,AGL,CE,Combined TRACON& Tower with Radar,0,20,5,0,25,0,12,17,0,29,0,32,22,0,54,342,0,342,396
11/12/2020,CMI,IL,AGL,CE,Combined TRACON& Tower with Radar,0,24,12,0,36,0,42,31,0,73,0,66,43,0,109,176,0,176,285
11/13/2020,CMI,IL,AGL,CE,Combined TRACON& Tower with Radar,2,19,15,0,36,0,46,13,0,59,2,65,28,0,95,136,0,136,231
11/14/2020,CMI,IL,AGL,CE,Combined TRACON& Tower with Radar,2,8,0,0,10,0,2,0,0,2,2,10,0,0,12,10,0,10,22
11/15/2020,CMI,IL,AGL,CE,Combined TRACON& Tower with Radar,0,9,9,0,18,0,0,2,0,2,0,9,11,0,20,0,0,0,20
11/16/2020,CMI,IL,AGL,CE,Combined TRACON& Tower with Radar,0,16,7,0,23,0,26,8,0,34,0,42,15,0,57,118,0,118,175
11/17/2020,CMI,IL,AGL,CE,Combined TRACON& Tower with Radar,0,19,15,0,34,0,34,23,0,57,0,53,38,0,91,200,0,200,291
11/18/2020,CMI,IL,AGL,CE,Combined TRACON& Tower with Radar,0,12,11,0,23,0,16,11,0,27,0,28,22,0,50,20,0,20,70
11/19/2020,CMI,IL,AGL,CE,Combined TRACON& Tower with Radar,0,10,7,2,19,0,0,4,1,5,0,10,11,3,24,0,0,0,24
11/20/2020,CMI,IL,AGL,CE,Combined TRACON& Tower with Radar,2,19,12,0,33,0,29,12,0,41,2,48,24,0,74,158,0,158,232
11/21/2020,CMI,IL,AGL,CE,Combined TRACON& Tower with Radar,2,16,11,0,29,0,23,26,0,49,2,39,37,0,78,216,0,216,294
11/22/2020,CMI,IL,AGL,CE,Combined TRACON& Tower with Radar,0,15,11,0,26,0,0,1,0,1,0,15,12,0,27,0,0,0,27
11/23/2020,CMI,IL,AGL,CE,Combined TRACON& Tower with Radar,0,18,25,0,43,0,27,10,0,37,0,45,35,0,80,242,0,242,322
11/24/2020,CMI,IL,AGL,CE,Combined TRACON& Tower with Radar,0,11,4,0,15,0,13,2,0,15,0,24,6,0,30,102,0,102,132
11/25/2020,CMI,IL,AGL,CE,Combined TRACON& Tower with Radar,0,12,8,0,20,0,0,0,0,0,0,12,8,0,20,0,0,0,20
11/26/2020,CMI,IL,AGL,CE,Combined TRACON& Tower with Radar,0,0,8,0,8,0,0,2,0,2,0,0,10,0,10,0,0,0,10
11/27/2020,CMI,IL,AGL,CE,Combined TRACON& Tower with Radar,0,13,13,0,26,0,6,3,0,9,0,19,16,0,35,38,0,38,73
11/28/2020,CMI,IL,AGL,CE,Combined TRACON& Tower with Radar,0,15,13,0,28,0,16,33,0,49,0,31,46,0,77,84,0,84,161
11/29/2020,CMI,IL,AGL,CE,Combined TRACON& Tower with Radar,0,12,10,0,22,0,6,18,0,24,0,18,28,0,46,16,0,16,62
11/30/2020,CMI,IL,AGL,CE,Combined TRACON& Tower with Radar,0,13,5,0,18,0,1,2,0,3,0,14,7,0,21,0,0,0,21
12/01/2020,CMI,IL,AGL,CE,Combined TRACON& Tower with Radar,0,29,17,0,46,0,37,34,0,71,0,66,51,0,117,172,0,172,289
12/02/2020,CMI,IL,AGL,CE,Combined TRACON& Tower with Radar,0,10,7,0,17,0,32,21,2,55,0,42,28,2,72,194,0,194,266
12/03/2020,CMI,IL,AGL,CE,Combined TRACON& Tower with Radar,0,18,13,0,31,0,37,12,2,51,0,55,25,2,82,192,0,192,274
12/04/2020,CMI,IL,AGL,CE,Combined TRACON& Tower with Radar,0,21,14,0,35,0,21,17,0,38,0,42,31,0,73,70,0,70,143
12/05/2020,CMI,IL,AGL,CE,Combined TRACON& Tower with Radar,0,21,6,0,27,0,9,20,0,29,0,30,26,0,56,126,0,126,182
12/06/2020,CMI,IL,AGL,CE,Combined TRACON& Tower with Radar,2,10,8,0,20,0,0,3,2,5,2,10,11,2,25,30,0,30,55
12/07/2020,CMI,IL,AGL,CE,Combined TRACON& Tower with Radar,1,11,8,0,20,0,13,10,0,23,1,24,18,0,43,132,0,132,175
12/08/2020,CMI,IL,AGL,CE,Combined TRACON& Tower with Radar,0,8,12,0,20,0,2,7,0,9,0,10,19,0,29,150,0,150,179
12/09/2020,CMI,IL,AGL,CE,Combined TRACON& Tower with Radar,1,17,7,2,27,0,35,32,0,67,1,52,39,2,94,172,10,182,276
12/10/2020,CMI,IL,AGL,CE,Combined TRACON& Tower with Radar,0,19,19,2,40,0,41,27,0,68,0,60,46,2,108,172,0,172,280
12/11/2020,CMI,IL,AGL,CE,Combined TRACON& Tower with Radar,1,14,13,0,28,0,18,8,2,28,1,32,21,2,56,92,0,92,148
12/12/2020,CMI,IL,AGL,CE,Combined TRACON& Tower with Radar,0,16,9,0,25,0,0,0,0,0,0,16,9,0,25,0,0,0,25
12/13/2020,CMI,IL,AGL,CE,Combined TRACON& Tower with Radar,0,9,4,0,13,0,5,0,0,5,0,14,4,0,18,54,0,54,72
12/14/2020,CMI,IL,AGL,CE,Combined TRACON& Tower with Radar,0,18,16,0,34,0,14,13,0,27,0,32,29,0,61,72,0,72,133
12/15/2020,CMI,IL,AGL,CE,Combined TRACON& Tower with Radar,0,15,15,1,31,0,21,25,1,47,0,36,40,2,78,4,0,4,82
12/16/2020,CMI,IL,AGL,CE,Combined TRACON& Tower with Radar,1,13,9,0,23,0,0,1,0,1,1,13,10,0,24,0,0,0,24
12/17/2020,CMI,IL,AGL,CE,Combined TRACON& Tower with Radar,0,17,13,0,30,0,11,10,0,21,0,28,23,0,51,0,0,0,51
12/18/2020,CMI,IL,AGL,CE,Combined TRACON& Tower with Radar,2,14,5,2,23,0,27,10,2,39,2,41,15,4,62,90,0,90,152
12/19/2020,CMI,IL,AGL,CE,Combined TRACON& Tower with Radar,2,11,7,0,20,0,0,5,0,5,2,11,12,0,25,6,0,6,31
12/20/2020,CMI,IL,AGL,CE,Combined TRACON& Tower with Radar,2,8,18,0,28,0,6,14,0,20,2,14,32,0,48,76,0,76,124
12/21/2020,CMI,IL,AGL,CE,Combined TRACON& Tower with Radar,1,10,3,0,14,0,2,6,0,8,1,12,9,0,22,12,0,12,34
12/22/2020,CMI,IL,AGL,CE,Combined TRACON& Tower with Radar,1,12,9,0,22,0,4,35,2,41,1,16,44,2,63,30,0,30,93
12/23/2020,CMI,IL,AGL,CE,Combined TRACON& Tower with Radar,0,10,3,0,13,0,0,0,0,0,0,10,3,0,13,0,0,0,13
12/24/2020,CMI,IL,AGL,CE,Combined TRACON& Tower with Radar,1,8,2,0,11,0,0,2,0,2,1,8,4,0,13,18,0,18,31
12/25/2020,CMI,IL,AGL,CE,Combined TRACON& Tower with Radar,0,11,0,0,11,0,0,0,0,0,0,11,0,0,11,0,0,0,11
12/26/2020,CMI,IL,AGL,CE,Combined TRACON& Tower with Radar,0,12,5,0,17,0,4,23,0,27,0,16,28,0,44,34,0,34,78
12/27/2020,CMI,IL,AGL,CE,Combined TRACON& Tower with Radar,0,18,6,0,24,0,2,3,0,5,0,20,9,0,29,8,0,8,37
12/28/2020,CMI,IL,AGL,CE,Combined TRACON& Tower with Radar,0,14,11,0,25,0,1,4,0,5,0,15,15,0,30,2,0,2,32
12/29/2020,CMI,IL,AGL,CE,Combined TRACON& Tower with Radar,0,13,18,2,33,0,6,16,0,22,0,19,34,2,55,44,0,44,99
12/30/2020,CMI,IL,AGL,CE,Combined TRACON& Tower with Radar,0,11,5,0,16,0,0,0,0,0,0,11,5,0,16,4,0,4,20
12/31/2020,CMI,IL,AGL,CE,Combined TRACON& Tower with Radar,0,11,7,0,18,0,0,2,0,2,0,11,9,0,20,0,0,0,20
01/01/2021,CMI,IL,AGL,CE,Combined TRACON& Tower with Radar,0,8,0,0,8,0,0,0,0,0,0,8,0,0,8,0,0,0,8
01/02/2021,CMI,IL,AGL,CE,Combined TRACON& Tower with Radar,0,14,4,0,18,0,0,0,0,0,0,14,4,0,18,0,0,0,18
01/03/2021,CMI,IL,AGL,CE,Combined TRACON& Tower with Radar,0,8,7,0,15,0,0,0,0,0,0,8,7,0,15,0,0,0,15
01/04/2021,CMI,IL,AGL,CE,Combined TRACON& Tower with Radar,0,8,3,0,11,0,0,0,0,0,0,8,3,0,11,0,0,0,11
01/05/2021,CMI,IL,AGL,CE,Combined TRACON& Tower with Radar,0,9,11,0,20,0,0,0,0,0,0,9,11,0,20,46,0,46,66
01/06/2021,CMI,IL,AGL,CE,Combined TRACON& Tower with Radar,1,11,7,0,19,0,6,1,0,7,1,17,8,0,26,0,0,0,26
01/07/2021,CMI,IL,AGL,CE,Combined TRACON& Tower with Radar,1,12,5,0,18,0,7,6,0,13,1,19,11,0,31,34,0,34,65
01/08/2021,CMI,IL,AGL,CE,Combined TRACON& Tower with Radar,1,8,3,0,12,0,0,4,0,4,1,8,7,0,16,24,0,24,40
01/09/2021,CMI,IL,AGL,CE,Combined TRACON& Tower with Radar,2,8,6,0,16,0,0,3,0,3,2,8,9,0,19,14,0,14,33
01/10/2021,CMI,IL,AGL,CE,Combined TRACON& Tower with Radar,2,15,10,0,27,0,0,0,0,0,2,15,10,0,27,0,0,0,27
01/11/2021,CMI,IL,AGL,CE,Combined TRACON& Tower with Radar,0,8,7,0,15,0,0,1,0,1,0,8,8,0,16,0,0,0,16
01/12/2021,CMI,IL,AGL,CE,Combined TRACON& Tower with Radar,0,7,17,1,25,0,17,25,1,43,0,24,42,2,68,82,0,82,150
01/13/2021,CMI,IL,AGL,CE,Combined TRACON& Tower with Radar,0,13,20,0,33,0,36,28,0,64,0,49,48,0,97,118,0,118,215
01/14/2021,CMI,IL,AGL,CE,Combined TRACON& Tower with Radar,0,11,7,0,18,0,29,6,0,35,0,40,13,0,53,56,0,56,109
01/15/2021,CMI,IL,AGL,CE,Combined TRACON& Tower with Radar,1,8,2,0,11,0,0,1,0,1,1,8,3,0,12,0,0,0,12
01/16/2021,CMI,IL,AGL,CE,Combined TRACON& Tower with Radar,1,8,4,0,13,0,0,0,0,0,1,8,4,0,13,0,0,0,13
01/17/2021,CMI,IL,AGL,CE,Combined TRACON& Tower with Radar,0,11,2,0,13,0,0,0,0,0,0,11,2,0,13,0,0,0,13
01/18/2021,CMI,IL,AGL,CE,Combined TRACON& Tower with Radar,0,8,6,0,14,0,0,6,0,6,0,8,12,0,20,14,0,14,34
01/19/2021,CMI,IL,AGL,CE,Combined TRACON& Tower with Radar,0,4,9,0,13,0,31,10,0,41,0,35,19,0,54,152,0,152,206
01/20/2021,CMI,IL,AGL,CE,Combined TRACON& Tower with Radar,0,16,13,0,29,0,37,19,0,56,0,53,32,0,85,128,0,128,213
01/21/2021,CMI,IL,AGL,CE,Combined TRACON& Tower with Radar,0,22,34,0,56,0,34,24,3,61,0,56,58,3,117,216,0,216,333
01/22/2021,CMI,IL,AGL,CE,Combined TRACON& Tower with Radar,0,22,18,0,40,0,26,24,0,50,0,48,42,0,90,106,0,106,196
01/23/2021,CMI,IL,AGL,CE,Combined TRACON& Tower with Radar,0,15,20,0,35,0,36,38,0,74,0,51,58,0,109,134,0,134,243
01/24/2021,CMI,IL,AGL,CE,Combined TRACON& Tower with Radar,0,9,2,0,11,0,0,3,0,3,0,9,5,0,14,0,0,0,14
01/25/2021,CMI,IL,AGL,CE,Combined TRACON& Tower with Radar,0,6,2,0,8,0,0,0,0,0,0,6,2,0,8,0,0,0,8
01/26/2021,CMI,IL,AGL,CE,Combined TRACON& Tower with Radar,0,9,10,0,19,0,0,1,0,1,0,9,11,0,20,0,0,0,20
01/27/2021,CMI,IL,AGL,CE,Combined TRACON& Tower with Radar,0,12,6,0,18,0,0,2,0,2,0,12,8,0,20,0,0,0,20
01/28/2021,CMI,IL,AGL,CE,Combined TRACON& Tower with Radar,0,24,22,2,48,0,46,11,2,59,0,70,33,4,107,206,0,206,313
01/29/2021,CMI,IL,AGL,CE,Combined TRACON& Tower with Radar,0,29,20,0,49,0,46,15,0,61,0,75,35,0,110,166,0,166,276
01/30/2021,CMI,IL,AGL,CE,Combined TRACON& Tower with Radar,0,13,8,0,21,0,2,2,0,4,0,15,10,0,25,14,0,14,39
01/31/2021,CMI,IL,AGL,CE,Combined TRACON& Tower with Radar,0,9,5,0,14,0,0,0,0,0,0,9,5,0,14,4,0,4,18
02/01/2021,CMI,IL,AGL,CE,Combined TRACON& Tower with Radar,0,16,4,0,20,0,4,1,0,5,0,20,5,0,25,0,0,0,25
02/02/2021,CMI,IL,AGL,CE,Combined TRACON& Tower with Radar,0,7,22,10,39,0,26,22,0,48,0,33,44,10,87,122,0,122,209
02/03/2021,CMI,IL,AGL,CE,Combined TRACON& Tower with Radar,3,16,24,2,45,0,32,25,4,61,3,48,49,6,106,132,0,132,238
02/04/2021,CMI,IL,AGL,CE,Combined TRACON& Tower with Radar,1,16,1,0,18,0,5,0,0,5,1,21,1,0,23,0,0,0,23
02/05/2021,CMI,IL,AGL,CE,Combined TRACON& Tower with Radar,3,13,3,0,19,0,1,5,0,6,3,14,8,0,25,0,0,0,25
02/06/2021,CMI,IL,AGL,CE,Combined TRACON& Tower with Radar,0,16,9,0,25,0,16,1,0,17,0,32,10,0,42,112,0,112,154
02/07/2021,CMI,IL,AGL,CE,Combined TRACON& Tower with Radar,0,11,1,0,12,0,4,2,0,6,0,15,3,0,18,12,0,12,30
02/08/2021,CMI,IL,AGL,CE,Combined TRACON& Tower with Radar,0,16,5,6,27,0,0,1,0,1,0,16,6,6,28,6,0,6,34
02/09/2021,CMI,IL,AGL,CE,Combined TRACON& Tower with Radar,1,6,11,0,18,0,2,2,2,6,1,8,13,2,24,4,0,4,28
02/10/2021,CMI,IL,AGL,CE,Combined TRACON& Tower with Radar,0,8,5,0,13,0,0,0,0,0,0,8,5,0,13,0,0,0,13
02/11/2021,CMI,IL,AGL,CE,Combined TRACON& Tower with Radar,3,9,12,0,24,0,17,8,2,27,3,26,20,2,51,22,0,22,73
02/12/2021,CMI,IL,AGL,CE,Combined TRACON& Tower with Radar,0,31,10,0,41,0,11,8,0,19,0,42,18,0,60,76,0,76,136
02/13/2021,CMI,IL,AGL,CE,Combined TRACON& Tower with Radar,1,8,4,0,13,0,0,1,0,1,1,8,5,0,14,0,0,0,14
02/14/2021,CMI,IL,AGL,CE,Combined TRACON& Tower with Radar,0,7,12,0,19,0,0,7,0,7,0,7,19,0,26,18,0,18,44
02/15/2021,CMI,IL,AGL,CE,Combined TRACON& Tower with Radar,1,3,4,0,8,0,0,0,0,0,1,3,4,0,8,0,0,0,8
02/16/2021,CMI,IL,AGL,CE,Combined TRACON& Tower with Radar,1,5,6,0,12,0,4,0,0,4,1,9,6,0,16,4,0,4,20
02/17/2021,CMI,IL,AGL,CE,Combined TRACON& Tower with Radar,2,4,2,0,8,0,0,7,0,7,2,4,9,0,15,0,0,0,15
02/18/2021,CMI,IL,AGL,CE,Combined TRACON& Tower with Radar,0,9,4,0,13,0,7,4,0,11,0,16,8,0,24,58,0,58,82
02/19/2021,CMI,IL,AGL,CE,Combined TRACON& Tower with Radar,2,27,16,0,45,0,25,9,0,34,2,52,25,0,79,89,0,89,168
02/20/2021,CMI,IL,AGL,CE,Combined TRACON& Tower with Radar,3,15,13,0,31,0,33,28,0,61,3,48,41,0,92,110,0,110,202
02/21/2021,CMI,IL,AGL,CE,Combined TRACON& Tower with Radar,2,12,1,0,15,0,0,4,0,4,2,12,5,0,19,98,0,98,117
02/22/2021,CMI,IL,AGL,CE,Combined TRACON& Tower with Radar,1,13,10,0,24,0,14,7,0,21,1,27,17,0,45,115,0,115,160
02/23/2021,CMI,IL,AGL,CE,Combined TRACON& Tower with Radar,0,13,28,0,41,0,44,21,0,65,0,57,49,0,106,0,0,0,106
02/24/2021,CMI,IL,AGL,CE,Combined TRACON& Tower with Radar,0,33,16,2,51,0,20,14,2,36,0,53,30,4,87,110,0,110,197
02/25/2021,CMI,IL,AGL,CE,Combined TRACON& Tower with Radar,0,15,24,6,45,0,19,16,4,39,0,34,40,10,84,182,0,182,266
02/26/2021,CMI,IL,AGL,CE,Combined TRACON& Tower with Radar,2,16,14,6,38,0,25,34,0,59,2,41,48,6,97,70,0,70,167
02/27/2021,CMI,IL,AGL,CE,Combined TRACON& Tower with Radar,1,16,13,0,30,0,30,19,0,49,1,46,32,0,79,142,0,142,221
02/28/2021,CMI,IL,AGL,CE,Combined TRACON& Tower with Radar,1,10,12,0,23,0,0,0,0,0,1,10,12,0,23,0,0,0,23
03/01/2021,CMI,IL,AGL,CE,Combined TRACON& Tower with Radar,2,21,7,0,30,0,27,20,0,47,2,48,27,0,77,94,0,94,171
03/02/2021,CMI,IL,AGL,CE,Combined TRACON& Tower with Radar,0,14,16,0,30,0,22,23,1,46,0,36,39,1,76,86,0,86,162
03/03/2021,CMI,IL,AGL,CE,Combined TRACON& Tower with Radar,1,15,25,0,41,0,29,22,1,52,1,44,47,1,93,70,0,70,163
03/04/2021,CMI,IL,AGL,CE,Combined TRACON& Tower with Radar,0,27,12,2,41,0,18,10,2,30,0,45,22,4,71,106,0,106,177
03/05/2021,CMI,IL,AGL,CE,Combined TRACON& Tower with Radar,2,18,16,0,36,0,19,24,3,46,2,37,40,3,82,76,0,76,158
03/06/2021,CMI,IL,AGL,CE,Combined TRACON& Tower with Radar,2,17,17,0,36,0,14,37,0,51,2,31,54,0,87,56,34,90,177
03/07/2021,CMI,IL,AGL,CE,Combined TRACON& Tower with Radar,0,11,8,0,19,0,10,25,2,37,0,21,33,2,56,46,0,46,102
03/08/2021,CMI,IL,AGL,CE,Combined TRACON& Tower with Radar,0,20,12,0,32,0,29,18,0,47,0,49,30,0,79,88,0,88,167
03/09/2021,CMI,IL,AGL,CE,Combined TRACON& Tower with Radar,0,12,12,0,24,0,23,15,4,42,0,35,27,4,66,90,0,90,156
03/10/2021,CMI,IL,AGL,CE,Combined TRACON& Tower with Radar,0,10,7,0,17,0,0,0,2,2,0,10,7,2,19,0,0,0,19
03/11/2021,CMI,IL,AGL,CE,Combined TRACON& Tower with Radar,1,14,6,0,21,0,9,3,0,12,1,23,9,0,33,32,0,32,65
03/12/2021,CMI,IL,AGL,CE,Combined TRACON& Tower with Radar,0,23,17,2,42,0,28,20,0,48,0,51,37,2,90,106,0,106,196
03/13/2021,CMI,IL,AGL,CE,Combined TRACON& Tower with Radar,0,13,7,0,20,0,6,24,0,30,0,19,31,0,50,14,0,14,64
03/14/2021,CMI,IL,AGL,CE,Combined TRACON& Tower with Radar,0,12,20,0,32,0,4,12,0,16,0,16,32,0,48,22,0,22,70
03/15/2021,CMI,IL,AGL,CE,Combined TRACON& Tower with Radar,1,10,7,0,18,1,1,0,0,2,2,11,7,0,20,0,0,0,20
03/16/2021,CMI,IL,AGL,CE,Combined TRACON& Tower with Radar,0,12,16,0,28,0,0,0,0,0,0,12,16,0,28,0,0,0,28
03/17/2021,CMI,IL,AGL,CE,Combined TRACON& Tower with Radar,0,7,4,0,11,0,0,0,0,0,0,7,4,0,11,0,0,0,11
03/18/2021,CMI,IL,AGL,CE,Combined TRACON& Tower with Radar,0,8,7,0,15,0,1,0,0,1,0,9,7,0,16,0,0,0,16
03/19/2021,CMI,IL,AGL,CE,Combined TRACON& Tower with Radar,0,15,15,0,30,0,9,22,0,31,0,24,37,0,61,26,0,26,87
03/20/2021,CMI,IL,AGL,CE,Combined TRACON& Tower with Radar,0,9,18,0,27,0,18,29,0,47,0,27,47,0,74,20,0,20,94
03/21/2021,CMI,IL,AGL,CE,Combined TRACON& Tower with Radar,0,13,12,0,25,0,8,27,0,35,0,21,39,0,60,26,0,26,86
03/22/2021,CMI,IL,AGL,CE,Combined TRACON& Tower with Radar,0,18,7,0,25,0,30,16,0,46,0,48,23,0,71,62,0,62,133
03/23/2021,CMI,IL,AGL,CE,Combined TRACON& Tower with Radar,0,17,3,0,20,0,10,5,0,15,0,27,8,0,35,84,0,84,119
03/24/2021,CMI,IL,AGL,CE,Combined TRACON& Tower with Radar,0,17,16,0,33,0,11,2,0,13,0,28,18,0,46,24,0,24,70
03/25/2021,CMI,IL,AGL,CE,Combined TRACON& Tower with Radar,0,23,13,0,36,0,11,0,0,11,0,34,13,0,47,128,0,128,175
03/26/2021,CMI,IL,AGL,CE,Combined TRACON& Tower with Radar,0,26,24,0,50,0,1,3,0,4,0,27,27,0,54,36,0,36,90
03/27/2021,CMI,IL,AGL,CE,Combined TRACON& Tower with Radar,0,15,19,0,34,0,19,10,0,29,0,34,29,0,63,68,0,68,131
03/28/2021,CMI,IL,AGL,CE,Combined TRACON& Tower with Radar,0,12,16,0,28,0,2,4,2,8,0,14,20,2,36,0,0,0,36
03/29/2021,CMI,IL,AGL,CE,Combined TRACON& Tower with Radar,0,20,27,0,47,0,20,15,0,35,0,40,42,0,82,40,0,40,122
03/30/2021,CMI,IL,AGL,CE,Combined TRACON& Tower with Radar,0,8,24,0,32,0,6,6,0,12,0,14,30,0,44,22,0,22,66
03/31/2021,CMI,IL,AGL,CE,Combined TRACON& Tower with Radar,0,19,14,0,33,0,33,10,0,43,0,52,24,0,76,66,0,66,142
04/01/2021,CMI,IL,AGL,CE,Combined TRACON& Tower with Radar,2,18,22,0,42,0,29,21,5,55,2,47,43,5,97,80,0,80,177
04/02/2021,CMI,IL,AGL,CE,Combined TRACON& Tower with Radar,0,27,22,0,49,0,34,26,0,60,0,61,48,0,109,86,0,86,195
04/03/2021,CMI,IL,AGL,CE,Combined TRACON& Tower with Radar,0,19,9,0,28,0,14,16,0,30,0,33,25,0,58,52,0,52,110
04/04/2021,CMI,IL,AGL,CE,Combined TRACON& Tower with Radar,0,12,9,0,21,0,5,16,0,21,0,17,25,0,42,0,0,0,42
04/05/2021,CMI,IL,AGL,CE,Combined TRACON& Tower with Radar,0,24,20,0,44,0,27,28,0,55,0,51,48,0,99,167,0,167,266
04/06/2021,CMI,IL,AGL,CE,Combined TRACON& Tower with Radar,0,14,14,0,28,0,20,16,0,36,0,34,30,0,64,122,0,122,186
04/07/2021,CMI,IL,AGL,CE,Combined TRACON& Tower with Radar,0,17,4,0,21,0,8,9,0,17,0,25,13,0,38,66,0,66,104
04/08/2021,CMI,IL,AGL,CE,Combined TRACON& Tower with Radar,0,24,14,0,38,0,2,3,2,7,0,26,17,2,45,8,0,8,53
04/09/2021,CMI,IL,AGL,CE,Combined TRACON& Tower with Radar,0,25,6,2,33,0,26,15,0,41,0,51,21,2,74,110,0,110,184
04/10/2021,CMI,IL,AGL,CE,Combined TRACON& Tower with Radar,0,21,6,0,27,0,6,2,0,8,0,27,8,0,35,2,0,2,37
04/11/2021,CMI,IL,AGL,CE,Combined TRACON& Tower with Radar,0,14,16,0,30,0,1,0,0,1,0,15,16,0,31,0,0,0,31
04/12/2021,CMI,IL,AGL,CE,Combined TRACON& Tower with Radar,0,30,17,0,47,0,24,29,0,53,0,54,46,0,100,104,0,104,204
04/13/2021,CMI,IL,AGL,CE,Combined TRACON& Tower with Radar,0,19,9,2,30,0,20,44,0,64,0,39,53,2,94,188,8,196,290
04/14/2021,CMI,IL,AGL,CE,Combined TRACON& Tower with Radar,0,27,23,0,50,0,24,23,0,47,0,51,46,0,97,76,0,76,173
04/15/2021,CMI,IL,AGL,CE,Combined TRACON& Tower with Radar,0,17,14,0,31,0,19,23,2,44,0,36,37,2,75,76,0,76,151
04/16/2021,CMI,IL,AGL,CE,Combined TRACON& Tower with Radar,0,16,13,0,29,0,27,19,0,46,0,43,32,0,75,104,0,104,179
04/17/2021,CMI,IL,AGL,CE,Combined TRACON& Tower with Radar,0,24,7,0,31,0,19,24,0,43,0,43,31,0,74,120,0,120,194
04/18/2021,CMI,IL,AGL,CE,Combined TRACON& Tower with Radar,0,10,12,0,22,0,3,21,0,24,0,13,33,0,46,8,0,8,54
04/19/2021,CMI,IL,AGL,CE,Combined TRACON& Tower with Radar,0,20,11,0,31,0,19,17,0,36,0,39,28,0,67,98,0,98,165
04/20/2021,CMI,IL,AGL,CE,Combined TRACON& Tower with Radar,0,25,12,0,37,0,1,0,0,1,0,26,12,0,38,44,0,44,82
04/21/2021,CMI,IL,AGL,CE,Combined TRACON& Tower with Radar,0,20,10,2,32,0,10,14,0,24,0,30,24,2,56,32,0,32,88
04/22/2021,CMI,IL,AGL,CE,Combined TRACON& Tower with Radar,0,30,14,0,44,0,34,35,0,69,0,64,49,0,113,160,0,160,273
04/23/2021,CMI,IL,AGL,CE,Combined TRACON& Tower with Radar,0,31,8,0,39,0,26,12,0,38,0,57,20,0,77,134,0,134,211
04/24/2021,CMI,IL,AGL,CE,Combined TRACON& Tower with Radar,0,13,17,0,30,0,11,4,0,15,0,24,21,0,45,62,0,62,107
04/25/2021,CMI,IL,AGL,CE,Combined TRACON& Tower with Radar,0,21,10,0,31,0,11,35,0,46,0,32,45,0,77,96,0,96,173
04/26/2021,CMI,IL,AGL,CE,Combined TRACON& Tower with Radar,0,14,7,0,21,0,7,14,2,23,0,21,21,2,44,2,0,2,46
04/27/2021,CMI,IL,AGL,CE,Combined TRACON& Tower with Radar,0,15,13,2,30,0,8,15,0,23,0,23,28,2,53,4,0,4,57
04/28/2021,CMI,IL,AGL,CE,Combined TRACON& Tower with Radar,0,17,10,0,27,0,4,6,0,10,0,21,16,0,37,102,0,102,139
04/29/2021,CMI,IL,AGL,CE,Combined TRACON& Tower with Radar,0,41,16,4,61,0,8,7,0,15,0,49,23,4,76,128,0,128,204
04/30/2021,CMI,IL,AGL,CE,Combined TRACON& Tower with Radar,2,22,13,0,37,0,39,37,0,76,2,61,50,0,113,140,0,140,253
05/01/2021,CMI,IL,AGL,CE,Combined TRACON& Tower with Radar,0,21,5,0,26,0,23,15,0,38,0,44,20,0,64,28,0,28,92
05/02/2021,CMI,IL,AGL,CE,Combined TRACON& Tower with Radar,0,19,7,0,26,0,5,4,0,9,0,24,11,0,35,10,0,10,45
05/03/2021,CMI,IL,AGL,CE,Combined TRACON& Tower with Radar,0,18,11,0,29,0,2,0,0,2,0,20,11,0,31,34,0,34,65
05/04/2021,CMI,IL,AGL,CE,Combined TRACON& Tower with Radar,0,30,13,0,43,0,1,0,0,1,0,31,13,0,44,26,0,26,70
05/05/2021,CMI,IL,AGL,CE,Combined TRACON& Tower with Radar,0,46,14,0,60,0,68,31,0,99,0,114,45,0,159,224,0,224,383
05/06/2021,CMI,IL,AGL,CE,Combined TRACON& Tower with Radar,0,22,13,2,37,0,17,9,0,26,0,39,22,2,63,102,0,102,165
05/07/2021,CMI,IL,AGL,CE,Combined TRACON& Tower with Radar,0,25,7,0,32,0,28,30,0,58,0,53,37,0,90,68,0,68,158
05/08/2021,CMI,IL,AGL,CE,Combined TRACON& Tower with Radar,0,30,11,0,41,0,44,37,0,81,0,74,48,0,122,154,0,154,276
05/09/2021,CMI,IL,AGL,CE,Combined TRACON& Tower with Radar,0,18,8,0,26,0,0,0,0,0,0,18,8,0,26,6,0,6,32
05/10/2021,CMI,IL,AGL,CE,Combined TRACON& Tower with Radar,0,17,13,0,30,0,40,18,0,58,0,57,31,0,88,176,0,176,264
05/11/2021,CMI,IL,AGL,CE,Combined TRACON& Tower with Radar,0,17,17,0,34,0,45,21,0,66,0,62,38,0,100,76,0,76,176
05/12/2021,CMI,IL,AGL,CE,Combined TRACON& Tower with Radar,0,20,10,0,30,0,26,14,4,44,0,46,24,4,74,50,0,50,124
05/13/2021,CMI,IL,AGL,CE,Combined TRACON& Tower with Radar,0,34,6,1,41,0,33,21,5,59,0,67,27,6,100,112,0,112,212
05/14/2021,CMI,IL,AGL,CE,Combined TRACON& Tower with Radar,0,20,11,0,31,0,20,17,2,39,0,40,28,2,70,46,0,46,116
05/15/2021,CMI,IL,AGL,CE,Combined TRACON& Tower with Radar,0,15,16,0,31,0,0,18,0,18,0,15,34,0,49,6,0,6,55
05/16/2021,CMI,IL,AGL,CE,Combined TRACON& Tower with Radar,0,15,8,0,23,0,3,11,0,14,0,18,19,0,37,24,0,24,61
05/17/2021,CMI,IL,AGL,CE,Combined TRACON& Tower with Radar,0,16,16,0,32,0,0,0,0,0,0,16,16,0,32,0,0,0,32
05/18/2021,CMI,IL,AGL,CE,Combined TRACON& Tower with Radar,0,17,7,0,24,0,0,0,0,0,0,17,7,0,24,18,0,18,42
05/19/2021,CMI,IL,AGL,CE,Combined TRACON& Tower with Radar,0,18,9,0,27,0,3,15,0,18,0,21,24,0,45,0,0,0,45
05/20/2021,CMI,IL,AGL,CE,Combined TRACON& Tower with Radar,0,14,6,0,20,0,5,14,0,19,0,19,20,0,39,14,0,14,53
05/21/2021,CMI,IL,AGL,CE,Combined TRACON& Tower with Radar,0,16,2,0,18,0,0,23,0,23,0,16,25,0,41,24,0,24,65
05/22/2021,CMI,IL,AGL,CE,Combined TRACON& Tower with Radar,0,14,6,0,20,0,5,23,0,28,0,19,29,0,48,6,0,6,54
05/23/2021,CMI,IL,AGL,CE,Combined TRACON& Tower with Radar,0,12,9,4,25,0,1,18,0,19,0,13,27,4,44,0,0,0,44
05/24/2021,CMI,IL,AGL,CE,Combined TRACON& Tower with Radar,0,16,8,0,24,0,3,13,0,16,0,19,21,0,40,0,0,0,40
05/25/2021,CMI,IL,AGL,CE,Combined TRACON& Tower with Radar,0,10,10,0,20,0,4,10,0,14,0,14,20,0,34,9,0,9,43
05/26/2021,CMI,IL,AGL,CE,Combined TRACON& Tower with Radar,0,30,18,0,48,0,0,14,2,16,0,30,32,2,64,2,0,2,66
05/27/2021,CMI,IL,AGL,CE,Combined TRACON& Tower with Radar,0,15,9,0,24,0,4,16,2,22,0,19,25,2,46,26,0,26,72
05/28/2021,CMI,IL,AGL,CE,Combined TRACON& Tower with Radar,0,16,13,0,29,0,0,0,0,0,0,16,13,0,29,0,0,0,29
05/29/2021,CMI,IL,AGL,CE,Combined TRACON& Tower with Radar,0,11,7,0,18,0,7,14,0,21,0,18,21,0,39,4,0,4,43
05/30/2021,CMI,IL,AGL,CE,Combined TRACON& Tower with Radar,0,11,18,0,29,0,2,40,0,42,0,13,58,0,71,48,0,48,119
05/31/2021,CMI,IL,AGL,CE,Combined TRACON& Tower with Radar,0,13,9,0,22,0,2,25,0,27,0,15,34,0,49,0,0,0,49
06/01/2021,CMI,IL,AGL,CE,Combined TRACON& Tower with Radar,0,17,20,0,37,0,6,22,0,28,0,23,42,0,65,0,0,0,65
06/02/2021,CMI,IL,AGL,CE,Combined TRACON& Tower with Radar,0,21,6,0,27,0,7,11,0,18,0,28,17,0,45,24,0,24,69
06/03/2021,CMI,IL,AGL,CE,Combined TRACON& Tower with Radar,0,18,15,0,33,0,13,27,0,40,0,31,42,0,73,26,0,26,99
06/04/2021,CMI,IL,AGL,CE,Combined TRACON& Tower with Radar,0,14,7,0,21,0,17,22,0,39,0,31,29,0,60,74,0,74,134
06/05/2021,CMI,IL,AGL,CE,Combined TRACON& Tower with Radar,0,23,9,0,32,0,14,29,2,45,0,37,38,2,77,52,0,52,129
06/06/2021,CMI,IL,AGL,CE,Combined TRACON& Tower with Radar,0,13,5,4,22,0,1,9,0,10,0,14,14,4,32,6,0,6,38
06/07/2021,CMI,IL,AGL,CE,Combined TRACON& Tower with Radar,0,19,10,0,29,0,5,7,0,12,0,24,17,0,41,122,0,122,163
06/08/2021,CMI,IL,AGL,CE,Combined TRACON& Tower with Radar,0,27,10,0,37,0,13,7,0,20,0,40,17,0,57,78,0,78,135
06/09/2021,CMI,IL,AGL,CE,Combined TRACON& Tower with Radar,0,35,10,0,45,0,18,5,0,23,0,53,15,0,68,110,0,110,178
06/10/2021,CMI,IL,AGL,CE,Combined TRACON& Tower with Radar,0,28,23,0,51,0,51,25,0,76,0,79,48,0,127,173,0,173,300
06/11/2021,CMI,IL,AGL,CE,Combined TRACON& Tower with Radar,0,29,24,0,53,0,53,26,0,79,0,82,50,0,132,200,0,200,332
06/12/2021,CMI,IL,AGL,CE,Combined TRACON& Tower with Radar,2,14,13,0,29,0,26,52,0,78,2,40,65,0,107,34,0,34,141
06/13/2021,CMI,IL,AGL,CE,Combined TRACON& Tower with Radar,0,16,16,0,32,0,4,26,0,30,0,20,42,0,62,0,0,0,62
06/14/2021,CMI,IL,AGL,CE,Combined TRACON& Tower with Radar,0,35,4,0,39,0,29,32,0,61,0,64,36,0,100,172,0,172,272
06/15/2021,CMI,IL,AGL,CE,Combined TRACON& Tower with Radar,0,26,12,0,38,0,45,36,0,81,0,71,48,0,119,89,0,89,208
06/16/2021,CMI,IL,AGL,CE,Combined TRACON& Tower with Radar,0,17,11,0,28,0,26,41,0,67,0,43,52,0,95,156,0,156,251
06/17/2021,CMI,IL,AGL,CE,Combined TRACON& Tower with Radar,0,31,18,0,49,0,31,36,0,67,0,62,54,0,116,92,0,92,208
06/18/2021,CMI,IL,AGL,CE,Combined TRACON& Tower with Radar,2,22,4,0,28,0,6,12,0,18,2,28,16,0,46,34,0,34,80
06/19/2021,CMI,IL,AGL,CE,Combined TRACON& Tower with Radar,0,19,3,0,22,0,5,14,0,19,0,24,17,0,41,0,0,0,41
06/20/2021,CMI,IL,AGL,CE,Combined TRACON& Tower with Radar,0,14,16,0,30,0,2,15,0,17,0,16,31,0,47,0,0,0,47
06/21/2021,CMI,IL,AGL,CE,Combined TRACON& Tower with Radar,0,53,19,0,72,0,18,2,0,20,0,71,21,0,92,80,0,80,172
06/22/2021,CMI,IL,AGL,CE,Combined TRACON& Tower with Radar,0,29,14,0,43,0,33,30,0,63,0,62,44,0,106,150,0,150,256
06/23/2021,CMI,IL,AGL,CE,Combined TRACON& Tower with Radar,0,32,19,0,51,0,21,19,0,40,0,53,38,0,91,132,0,132,223
06/24/2021,CMI,IL,AGL,CE,Combined TRACON& Tower with Radar,0,19,1,0,20,0,15,2,0,17,0,34,3,0,37,22,0,22,59
06/25/2021,CMI,IL,AGL,CE,Combined TRACON& Tower with Radar,0,32,7,0,39,0,3,3,0,6,0,35,10,0,45,18,0,18,63
06/26/2021,CMI,IL,AGL,CE,Combined TRACON& Tower with Radar,0,13,6,0,19,0,0,0,0,0,0,13,6,0,19,0,0,0,19
06/27/2021,CMI,IL,AGL,CE,Combined TRACON& Tower with Radar,0,15,12,0,27,0,0,2,0,2,0,15,14,0,29,0,0,0,29
06/28/2021,CMI,IL,AGL,CE,Combined TRACON& Tower with Radar,0,44,15,0,59,0,27,19,0,46,0,71,34,0,105,162,0,162,267
06/29/2021,CMI,IL,AGL,CE,Combined TRACON& Tower with Radar,0,26,21,0,47,0,17,12,0,29,0,43,33,0,76,104,0,104,180
06/30/2021,CMI,IL,AGL,CE,Combined TRACON& Tower with Radar,0,23,14,0,37,0,0,8,0,8,0,23,22,0,45,70,0,70,115
07/01/2021,CMI,IL,AGL,CE,Combined TRACON& Tower with Radar,0,43,18,0,61,0,6,18,0,24,0,49,36,0,85,40,0,40,125
07/02/2021,CMI,IL,AGL,CE,Combined TRACON& Tower with Radar,0,42,29,0,71,0,34,49,0,83,0,76,78,0,154,188,0,188,342
07/03/2021,CMI,IL,AGL,CE,Combined TRACON& Tower with Radar,0,17,12,0,29,0,19,47,0,66,0,36,59,0,95,130,0,130,225
07/04/2021,CMI,IL,AGL,CE,Combined TRACON& Tower with Radar,0,11,5,0,16,0,2,10,0,12,0,13,15,0,28,0,0,0,28
07/05/2021,CMI,IL,AGL,CE,Combined TRACON& Tower with Radar,0,19,10,0,29,0,9,18,0,27,0,28,28,0,56,87,0,87,143
07/06/2021,CMI,IL,AGL,CE,Combined TRACON& Tower with Radar,0,28,23,0,51,0,33,32,0,65,0,61,55,0,116,185,0,185,301
07/07/2021,CMI,IL,AGL,CE,Combined TRACON& Tower with Radar,0,24,9,0,33,0,20,15,0,35,0,44,24,0,68,113,0,113,181
07/08/2021,CMI,IL,AGL,CE,Combined TRACON& Tower with Radar,0,31,14,1,46,0,12,2,1,15,0,43,16,2,61,74,0,74,135
07/09/2021,CMI,IL,AGL,CE,Combined TRACON& Tower with Radar,0,43,29,4,76,0,18,12,2,32,0,61,41,6,108,46,0,46,154
07/10/2021,CMI,IL,AGL,CE,Combined TRACON& Tower with Radar,0,22,10,0,32,0,0,1,0,1,0,22,11,0,33,4,0,4,37
07/11/2021,CMI,IL,AGL,CE,Combined TRACON& Tower with Radar,0,19,14,0,33,0,0,1,0,1,0,19,15,0,34,4,0,4,38
07/12/2021,CMI,IL,AGL,CE,Combined TRACON& Tower with Radar,0,17,9,0,26,0,1,4,0,5,0,18,13,0,31,10,0,10,41
07/13/2021,CMI,IL,AGL,CE,Combined TRACON& Tower with Radar,0,31,23,0,54,0,6,10,0,16,0,37,33,0,70,104,0,104,174
07/14/2021,CMI,IL,AGL,CE,Combined TRACON& Tower with Radar,0,40,11,0,51,0,39,40,0,79,0,79,51,0,130,146,0,146,276
07/15/2021,CMI,IL,AGL,CE,Combined TRACON& Tower with Radar,0,31,16,0,47,0,17,16,1,34,0,48,32,1,81,52,0,52,133
07/16/2021,CMI,IL,AGL,CE,Combined TRACON& Tower with Radar,0,32,6,0,38,0,0,2,0,2,0,32,8,0,40,0,0,0,40
07/17/2021,CMI,IL,AGL,CE,Combined TRACON& Tower with Radar,0,35,14,0,49,0,6,19,0,25,0,41,33,0,74,78,0,78,152
07/18/2021,CMI,IL,AGL,CE,Combined TRACON& Tower with Radar,0,27,9,0,36,0,5,7,0,12,0,32,16,0,48,50,0,50,98
07/19/2021,CMI,IL,AGL,CE,Combined TRACON& Tower with Radar,0,27,14,0,41,0,32,29,0,61,0,59,43,0,102,182,0,182,284
07/20/2021,CMI,IL,AGL,CE,Combined TRACON& Tower with Radar,0,44,12,0,56,0,27,55,2,84,0,71,67,2,140,139,0,139,279
07/21/2021,CMI,IL,AGL,CE,Combined TRACON& Tower with Radar,0,37,10,0,47,0,19,27,0,46,0,56,37,0,93,134,0,134,227
07/22/2021,CMI,IL,AGL,CE,Combined TRACON& Tower with Radar,0,33,15,0,48,0,1,19,0,20,0,34,34,0,68,36,0,36,104
07/23/2021,CMI,IL,AGL,CE,Combined TRACON& Tower with Radar,0,40,12,4,56,0,2,24,0,26,0,42,36,4,82,68,0,68,150
07/24/2021,CMI,IL,AGL,CE,Combined TRACON& Tower with Radar,0,28,10,0,38,0,13,7,2,22,0,41,17,2,60,34,0,34,94
07/25/2021,CMI,IL,AGL,CE,Combined TRACON& Tower with Radar,0,16,9,0,25,0,0,37,0,37,0,16,46,0,62,20,0,20,82
07/26/2021,CMI,IL,AGL,CE,Combined TRACON& Tower with Radar,0,31,12,0,43,0,31,29,0,60,0,62,41,0,103,101,0,101,204
07/27/2021,CMI,IL,AGL,CE,Combined TRACON& Tower with Radar,0,24,12,0,36,0,30,25,0,55,0,54,37,0,91,194,0,194,285
07/28/2021,CMI,IL,AGL,CE,Combined TRACON& Tower with Radar,0,21,21,0,42,0,5,24,0,29,0,26,45,0,71,44,0,44,115
07/29/2021,CMI,IL,AGL,CE,Combined TRACON& Tower with Radar,0,18,10,0,28,0,0,6,0,6,0,18,16,0,34,0,0,0,34
07/30/2021,CMI,IL,AGL,CE,Combined TRACON& Tower with Radar,0,21,18,0,39,0,4,31,0,35,0,25,49,0,74,22,0,22,96
07/31/2021,CMI,IL,AGL,CE,Combined TRACON& Tower with Radar,0,14,7,0,21,0,2,14,0,16,0,16,21,0,37,8,0,8,45
08/01/2021,CMI,IL,AGL,CE,Combined TRACON& Tower with Radar,0,21,23,0,44,0,5,29,0,34,0,26,52,0,78,0,0,0,78
08/02/2021,CMI,IL,AGL,CE,Combined TRACON& Tower with Radar,1,16,13,0,30,0,9,29,0,38,1,25,42,0,68,14,0,14,82
08/03/2021,CMI,IL,AGL,CE,Combined TRACON& Tower with Radar,1,13,12,0,26,0,4,33,0,37,1,17,45,0,63,10,0,10,73
08/04/2021,CMI,IL,AGL,CE,Combined TRACON& Tower with Radar,0,17,14,0,31,0,9,17,0,26,0,26,31,0,57,20,0,20,77
08/05/2021,CMI,IL,AGL,CE,Combined TRACON& Tower with Radar,0,24,13,2,39,0,7,12,0,19,0,31,25,2,58,4,0,4,62
08/06/2021,CMI,IL,AGL,CE,Combined TRACON& Tower with Radar,0,15,5,0,20,0,4,7,0,11,0,19,12,0,31,16,0,16,47
08/07/2021,CMI,IL,AGL,CE,Combined TRACON& Tower with Radar,0,17,5,0,22,0,4,15,0,19,0,21,20,0,41,12,0,12,53
08/08/2021,CMI,IL,AGL,CE,Combined TRACON& Tower with Radar,0,11,3,0,14,0,1,2,0,3,0,12,5,0,17,0,0,0,17
08/09/2021,CMI,IL,AGL,CE,Combined TRACON& Tower with Radar,0,12,7,0,19,0,1,3,0,4,0,13,10,0,23,4,0,4,27
08/10/2021,CMI,IL,AGL,CE,Combined TRACON& Tower with Radar,0,12,14,0,26,0,1,11,1,13,0,13,25,1,39,18,8,26,65
08/11/2021,CMI,IL,AGL,CE,Combined TRACON& Tower with Radar,0,9,12,0,21,0,7,20,0,27,0,16,32,0,48,0,0,0,48
08/12/2021,CMI,IL,AGL,CE,Combined TRACON& Tower with Radar,0,19,11,0,30,0,0,3,0,3,0,19,14,0,33,0,0,0,33
08/13/2021,CMI,IL,AGL,CE,Combined TRACON& Tower with Radar,0,13,24,0,37,0,0,17,0,17,0,13,41,0,54,2,0,2,56
08/14/2021,CMI,IL,AGL,CE,Combined TRACON& Tower with Radar,2,12,4,0,18,0,6,34,0,40,2,18,38,0,58,26,0,26,84
08/15/2021,CMI,IL,AGL,CE,Combined TRACON& Tower with Radar,0,15,13,0,28,0,5,27,0,32,0,20,40,0,60,30,0,30,90
08/16/2021,CMI,IL,AGL,CE,Combined TRACON& Tower with Radar,0,17,6,4,27,0,2,20,2,24,0,19,26,6,51,12,0,12,63
08/17/2021,CMI,IL,AGL,CE,Combined TRACON& Tower with Radar,0,15,14,0,29,0,5,9,0,14,0,20,23,0,43,0,0,0,43
08/18/2021,CMI,IL,AGL,CE,Combined TRACON& Tower with Radar,0,25,13,0,38,0,3,24,0,27,0,28,37,0,65,26,0,26,91
08/19/2021,CMI,IL,AGL,CE,Combined TRACON& Tower with Radar,0,27,15,0,42,0,11,10,0,21,0,38,25,0,63,28,0,28,91
08/20/2021,CMI,IL,AGL,CE,Combined TRACON& Tower with Radar,0,22,8,0,30,0,8,12,1,21,0,30,20,1,51,22,0,22,73
08/21/2021,CMI,IL,AGL,CE,Combined TRACON& Tower with Radar,4,13,13,0,30,0,3,6,0,9,4,16,19,0,39,34,0,34,73
08/22/2021,CMI,IL,AGL,CE,Combined TRACON& Tower with Radar,0,18,14,0,32,0,2,26,0,28,0,20,40,0,60,10,0,10,70
08/23/2021,CMI,IL,AGL,CE,Combined TRACON& Tower with Radar,2,15,8,0,25,0,3,9,0,12,2,18,17,0,37,4,0,4,41
08/24/2021,CMI,IL,AGL,CE,Combined TRACON& Tower with Radar,0,20,11,0,31,0,10,12,2,24,0,30,23,2,55,26,0,26,81
08/25/2021,CMI,IL,AGL,CE,Combined TRACON& Tower with Radar,0,19,10,0,29,0,37,15,0,52,0,56,25,0,81,88,0,88,169
08/26/2021,CMI,IL,AGL,CE,Combined TRACON& Tower with Radar,0,19,5,0,24,0,17,9,0,26,0,36,14,0,50,26,0,26,76
08/27/2021,CMI,IL,AGL,CE,Combined TRACON& Tower with Radar,2,24,15,0,41,0,54,24,1,79,2,78,39,1,120,172,0,172,292
08/28/2021,CMI,IL,AGL,CE,Combined TRACON& Tower with Radar,2,20,26,0,48,0,43,35,0,78,2,63,61,0,126,86,0,86,212
08/29/2021,CMI,IL,AGL,CE,Combined TRACON& Tower with Radar,0,16,9,0,25,0,3,8,0,11,0,19,17,0,36,8,0,8,44
08/30/2021,CMI,IL,AGL,CE,Combined TRACON& Tower with Radar,0,26,6,0,32,0,36,13,2,51,0,62,19,2,83,156,0,156,239
08/31/2021,CMI,IL,AGL,CE,Combined TRACON& Tower with Radar,0,28,25,2,55,0,20,13,2,35,0,48,38,4,90,78,0,78,168
09/01/2021,CMI,IL,AGL,CE,Combined TRACON& Tower with Radar,0,18,21,2,41,0,36,38,0,74,0,54,59,2,115,156,0,156,271
09/02/2021,CMI,IL,AGL,CE,Combined TRACON& Tower with Radar,0,21,22,0,43,0,41,31,0,72,0,62,53,0,115,108,0,108,223
09/03/2021,CMI,IL,AGL,CE,Combined TRACON& Tower with Radar,1,28,17,0,46,0,29,23,2,54,1,57,40,2,100,108,0,108,208
09/04/2021,CMI,IL,AGL,CE,Combined TRACON& Tower with Radar,0,18,16,0,34,0,0,0,0,0,0,18,16,0,34,0,0,0,34
09/05/2021,CMI,IL,AGL,CE,Combined TRACON& Tower with Radar,0,10,15,0,25,0,3,17,0,20,0,13,32,0,45,61,0,61,106
09/06/2021,CMI,IL,AGL,CE,Combined TRACON& Tower with Radar,0,15,15,0,30,0,8,19,0,27,0,23,34,0,57,0,0,0,57
09/07/2021,CMI,IL,AGL,CE,Combined TRACON& Tower with Radar,0,14,10,0,24,0,3,15,0,18,0,17,25,0,42,4,0,4,46
09/08/2021,CMI,IL,AGL,CE,Combined TRACON& Tower with Radar,0,33,13,0,46,0,48,19,0,67,0,81,32,0,113,160,0,160,273
09/09/2021,CMI,IL,AGL,CE,Combined TRACON& Tower with Radar,0,25,27,0,52,0,37,34,0,71,0,62,61,0,123,96,0,96,219
09/10/2021,CMI,IL,AGL,CE,Combined TRACON& Tower with Radar,2,32,19,0,53,0,50,35,0,85,2,82,54,0,138,64,0,64,202
09/11/2021,CMI,IL,AGL,CE,Combined TRACON& Tower with Radar,2,11,16,0,29,0,29,25,0,54,2,40,41,0,83,32,0,32,115
09/12/2021,CMI,IL,AGL,CE,Combined TRACON& Tower with Radar,0,13,9,0,22,0,4,4,0,8,0,17,13,0,30,0,0,0,30
09/13/2021,CMI,IL,AGL,CE,Combined TRACON& Tower with Radar,0,28,11,0,39,0,43,20,0,63,0,71,31,0,102,60,0,60,162
09/14/2021,CMI,IL,AGL,CE,Combined TRACON& Tower with Radar,0,16,11,0,27,0,6,10,0,16,0,22,21,0,43,46,0,46,89
09/15/2021,CMI,IL,AGL,CE,Combined TRACON& Tower with Radar,0,24,22,0,46,0,51,26,0,77,0,75,48,0,123,42,0,42,165
09/16/2021,CMI,IL,AGL,CE,Combined TRACON& Tower with Radar,1,33,30,0,64,0,35,31,0,66,1,68,61,0,130,78,0,78,208
09/17/2021,CMI,IL,AGL,CE,Combined TRACON& Tower with Radar,2,35,19,5,61,0,22,22,1,45,2,57,41,6,106,60,0,60,166
09/18/2021,CMI,IL,AGL,CE,Combined TRACON& Tower with Radar,2,16,10,0,28,0,34,20,0,54,2,50,30,0,82,30,0,30,112
09/19/2021,CMI,IL,AGL,CE,Combined TRACON& Tower with Radar,0,18,6,0,24,0,1,16,0,17,0,19,22,0,41,6,0,6,47
09/20/2021,CMI,IL,AGL,CE,Combined TRACON& Tower with Radar,0,28,12,2,42,0,3,2,0,5,0,31,14,2,47,0,0,0,47
09/21/2021,CMI,IL,AGL,CE,Combined TRACON& Tower with Radar,0,19,16,0,35,0,0,0,0,0,0,19,16,0,35,0,0,0,35
09/22/2021,CMI,IL,AGL,CE,Combined TRACON& Tower with Radar,0,44,19,0,63,0,0,7,0,7,0,44,26,0,70,0,0,0,70
09/23/2021,CMI,IL,AGL,CE,Combined TRACON& Tower with Radar,0,27,16,0,43,0,22,22,0,44,0,49,38,0,87,34,0,34,121
09/24/2021,CMI,IL,AGL,CE,Combined TRACON& Tower with Radar,0,23,21,0,44,0,38,24,2,64,0,61,45,2,108,86,0,86,194
09/25/2021,CMI,IL,AGL,CE,Combined TRACON& Tower with Radar,0,28,15,0,43,0,28,34,0,62,0,56,49,0,105,54,0,54,159
09/26/2021,CMI,IL,AGL,CE,Combined TRACON& Tower with Radar,0,18,10,0,28,0,0,12,0,12,0,18,22,0,40,14,0,14,54
09/27/2021,CMI,IL,AGL,CE,Combined TRACON& Tower with Radar,0,17,11,2,30,0,4,7,1,12,0,21,18,3,42,12,0,12,54
09/28/2021,CMI,IL,AGL,CE,Combined TRACON& Tower with Radar,0,24,29,0,53,0,34,19,0,53,0,58,48,0,106,72,0,72,178
09/29/2021,CMI,IL,AGL,CE,Combined TRACON& Tower with Radar,0,26,13,0,39,0,30,20,2,52,0,56,33,2,91,136,0,136,227
09/30/2021,CMI,IL,AGL,CE,Combined TRACON& Tower with Radar,0,30,12,0,42,0,47,20,0,67,0,77,32,0,109,126,0,126,235
10/01/2021,CMI,IL,AGL,CE,Combined TRACON& Tower with Radar,1,31,16,0,48,0,46,19,0,65,1,77,35,0,113,98,0,98,211
10/02/2021,CMI,IL,AGL,CE,Combined TRACON& Tower with Radar,1,28,8,0,37,0,1,1,0,2,1,29,9,0,39,6,0,6,45
10/03/2021,CMI,IL,AGL,CE,Combined TRACON& Tower with Radar,0,17,15,0,32,0,0,0,0,0,0,17,15,0,32,0,0,0,32
10/04/2021,CMI,IL,AGL,CE,Combined TRACON& Tower with Radar,0,44,17,0,61,0,3,5,0,8,0,47,22,0,69,37,0,37,106
10/05/2021,CMI,IL,AGL,CE,Combined TRACON& Tower with Radar,0,40,19,0,59,0,4,3,0,7,0,44,22,0,66,20,0,20,86
10/06/2021,CMI,IL,AGL,CE,Combined TRACON& Tower with Radar,0,39,18,0,57,0,6,3,0,9,0,45,21,0,66,2,0,2,68
10/07/2021,CMI,IL,AGL,CE,Combined TRACON& Tower with Radar,0,12,17,0,29,0,0,1,0,1,0,12,18,0,30,0,0,0,30
10/08/2021,CMI,IL,AGL,CE,Combined TRACON& Tower with Radar,2,29,20,0,51,0,10,9,1,20,2,39,29,1,71,86,0,86,157
10/09/2021,CMI,IL,AGL,CE,Combined TRACON& Tower with Radar,2,23,36,0,61,0,40,45,0,85,2,63,81,0,146,108,0,108,254
10/10/2021,CMI,IL,AGL,CE,Combined TRACON& Tower with Radar,0,18,14,0,32,0,6,23,0,29,0,24,37,0,61,0,0,0,61
10/11/2021,CMI,IL,AGL,CE,Combined TRACON& Tower with Radar,2,10,5,0,17,0,0,3,0,3,2,10,8,0,20,0,0,0,20
10/12/2021,CMI,IL,AGL,CE,Combined TRACON& Tower with Radar,0,42,26,0,68,0,26,19,0,45,0,68,45,0,113,96,0,96,209
10/13/2021,CMI,IL,AGL,CE,Combined TRACON& Tower with Radar,0,23,10,0,33,0,22,14,0,36,0,45,24,0,69,99,0,99,168
10/14/2021,CMI,IL,AGL,CE,Combined TRACON& Tower with Radar,0,28,10,0,38,0,2,3,0,5,0,30,13,0,43,0,0,0,43
10/15/2021,CMI,IL,AGL,CE,Combined TRACON& Tower with Radar,0,49,28,0,77,0,2,1,0,3,0,51,29,0,80,14,0,14,94
10/16/2021,CMI,IL,AGL,CE,Combined TRACON& Tower with Radar,0,14,18,0,32,0,36,24,1,61,0,50,42,1,93,54,0,54,147
10/17/2021,CMI,IL,AGL,CE,Combined TRACON& Tower with Radar,0,15,22,0,37,0,9,30,0,39,0,24,52,0,76,4,0,4,80
10/18/2021,CMI,IL,AGL,CE,Combined TRACON& Tower with Radar,0,27,16,0,43,0,47,23,0,70,0,74,39,0,113,180,0,180,293
10/19/2021,CMI,IL,AGL,CE,Combined TRACON& Tower with Radar,0,32,21,0,53,0,37,27,0,64,0,69,48,0,117,196,0,196,313
10/20/2021,CMI,IL,AGL,CE,Combined TRACON& Tower with Radar,0,34,13,0,47,0,44,5,2,51,0,78,18,2,98,136,0,136,234
10/21/2021,CMI,IL,AGL,CE,Combined TRACON& Tower with Radar,0,16,21,0,37,0,4,2,0,6,0,20,23,0,43,46,0,46,89
10/22/2021,CMI,IL,AGL,CE,Combined TRACON& Tower with Radar,2,17,10,0,29,0,0,2,2,4,2,17,12,2,33,0,0,0,33
10/23/2021,CMI,IL,AGL,CE,Combined TRACON& Tower with Radar,2,14,17,0,33,0,30,24,2,56,2,44,41,2,89,290,0,290,379
10/24/2021,CMI,IL,AGL,CE,Combined TRACON& Tower with Radar,0,15,4,0,19,0,0,0,0,0,0,15,4,0,19,0,0,0,19
10/25/2021,CMI,IL,AGL,CE,Combined TRACON& Tower with Radar,0,14,4,0,18,0,1,0,0,1,0,15,4,0,19,0,0,0,19
10/26/2021,CMI,IL,AGL,CE,Combined TRACON& Tower with Radar,0,14,25,0,39,0,51,23,0,74,0,65,48,0,113,260,0,260,373
10/27/2021,CMI,IL,AGL,CE,Combined TRACON& Tower with Radar,0,26,13,0,39,0,44,29,0,73,0,70,42,0,112,300,0,300,412
10/28/2021,CMI,IL,AGL,CE,Combined TRACON& Tower with Radar,0,21,20,0,41,0,0,0,0,0,0,21,20,0,41,0,0,0,41
10/29/2021,CMI,IL,AGL,CE,Combined TRACON& Tower with Radar,2,24,18,0,44,0,1,0,0,1,2,25,18,0,45,0,0,0,45
10/30/2021,CMI,IL,AGL,CE,Combined TRACON& Tower with Radar,2,21,22,1,46,0,0,2,2,4,2,21,24,3,50,0,0,0,50
10/31/2021,CMI,IL,AGL,CE,Combined TRACON& Tower with Radar,0,16,19,0,35,0,4,14,1,19,0,20,33,1,54,62,2,64,118
11/01/2021,CMI,IL,AGL,CE,Combined TRACON& Tower with Radar,0,17,14,3,34,0,30,15,0,45,0,47,29,3,79,162,0,162,241
11/02/2021,CMI,IL,AGL,CE,Combined TRACON& Tower with Radar,0,17,20,0,37,0,31,25,0,56,0,48,45,0,93,299,0,299,392
11/03/2021,CMI,IL,AGL,CE,Combined TRACON& Tower with Radar,0,24,17,0,41,0,46,17,0,63,0,70,34,0,104,180,0,180,284
11/04/2021,CMI,IL,AGL,CE,Combined TRACON& Tower with Radar,2,20,18,1,41,0,38,18,0,56,2,58,36,1,97,280,0,280,377
11/05/2021,CMI,IL,AGL,CE,Combined TRACON& Tower with Radar,2,24,20,0,46,0,47,27,0,74,2,71,47,0,120,114,0,114,234
11/06/2021,CMI,IL,AGL,CE,Combined TRACON& Tower with Radar,4,12,7,0,23,0,32,28,0,60,4,44,35,0,83,106,0,106,189
11/07/2021,CMI,IL,AGL,CE,Combined TRACON& Tower with Radar,0,14,11,0,25,0,8,20,0,28,0,22,31,0,53,14,0,14,67
11/08/2021,CMI,IL,AGL,CE,Combined TRACON& Tower with Radar,0,25,22,0,47,0,39,25,1,65,0,64,47,1,112,189,0,189,301
11/09/2021,CMI,IL,AGL,CE,Combined TRACON& Tower with Radar,0,22,18,0,40,0,22,12,0,34,0,44,30,0,74,324,0,324,398
11/10/2021,CMI,IL,AGL,CE,Combined TRACON& Tower with Radar,0,24,8,0,32,0,8,1,0,9,0,32,9,0,41,109,0,109,150
11/11/2021,CMI,IL,AGL,CE,Combined TRACON& Tower with Radar,0,14,13,0,27,0,5,14,0,19,0,19,27,0,46,8,0,8,54
11/12/2021,CMI,IL,AGL,CE,Combined TRACON& Tower with Radar,0,13,12,0,25,0,5,13,0,18,0,18,25,0,43,10,0,10,53
11/13/2021,CMI,IL,AGL,CE,Combined TRACON& Tower with Radar,0,17,7,0,24,0,0,4,0,4,0,17,11,0,28,0,0,0,28
11/14/2021,CMI,IL,AGL,CE,Combined TRACON& Tower with Radar,1,15,11,0,27,0,2,2,0,4,1,17,13,0,31,0,0,0,31
11/15/2021,CMI,IL,AGL,CE,Combined TRACON& Tower with Radar,1,35,9,0,45,0,28,17,0,45,1,63,26,0,90,122,0,122,212
11/16/2021,CMI,IL,AGL,CE,Combined TRACON& Tower with Radar,0,27,16,0,43,0,41,32,0,73,0,68,48,0,116,188,0,188,304
11/17/2021,CMI,IL,AGL,CE,Combined TRACON& Tower with Radar,0,22,10,0,32,0,2,2,0,4,0,24,12,0,36,10,0,10,46
11/18/2021,CMI,IL,AGL,CE,Combined TRACON& Tower with Radar,0,19,15,0,34,0,13,14,0,27,0,32,29,0,61,62,0,62,123
11/19/2021,CMI,IL,AGL,CE,Combined TRACON& Tower with Radar,0,33,18,0,51,0,72,32,0,104,0,105,50,0,155,222,0,222,377
11/20/2021,CMI,IL,AGL,CE,Combined TRACON& Tower with Radar,2,22,9,0,33,0,37,12,0,49,2,59,21,0,82,148,0,148,230
11/21/2021,CMI,IL,AGL,CE,Combined TRACON& Tower with Radar,0,17,18,0,35,0,4,1,0,5,0,21,19,0,40,0,0,0,40
11/22/2021,CMI,IL,AGL,CE,Combined TRACON& Tower with Radar,0,25,15,0,40,0,47,21,0,68,0,72,36,0,108,234,0,234,342
11/23/2021,CMI,IL,AGL,CE,Combined TRACON& Tower with Radar,3,20,16,0,39,0,37,17,0,54,3,57,33,0,93,110,0,110,203
11/24/2021,CMI,IL,AGL,CE,Combined TRACON& Tower with Radar,0,17,9,2,28,0,0,7,2,9,0,17,16,4,37,24,0,24,61
11/25/2021,CMI,IL,AGL,CE,Combined TRACON& Tower with Radar,0,4,6,0,10,0,2,1,0,3,0,6,7,0,13,0,0,0,13
11/26/2021,CMI,IL,AGL,CE,Combined TRACON& Tower with Radar,0,18,8,0,26,0,14,18,0,32,0,32,26,0,58,32,0,32,90
11/27/2021,CMI,IL,AGL,CE,Combined TRACON& Tower with Radar,2,15,22,0,39,0,10,16,0,26,2,25,38,0,65,58,0,58,123
11/28/2021,CMI,IL,AGL,CE,Combined TRACON& Tower with Radar,3,15,16,0,34,0,4,11,4,19,3,19,27,4,53,0,0,0,53
11/29/2021,CMI,IL,AGL,CE,Combined TRACON& Tower with Radar,0,27,10,0,37,0,40,10,0,50,0,67,20,0,87,70,0,70,157
11/30/2021,CMI,IL,AGL,CE,Combined TRACON& Tower with Radar,0,22,9,0,31,0,38,15,0,53,0,60,24,0,84,242,0,242,326
12/01/2021,CMI,IL,AGL,CE,Combined TRACON& Tower with Radar,2,28,10,0,40,0,8,9,0,17,2,36,19,0,57,50,0,50,107
12/02/2021,CMI,IL,AGL,CE,Combined TRACON& Tower with Radar,4,21,5,0,30,0,32,14,0,46,4,53,19,0,76,134,0,134,210
12/03/2021,CMI,IL,AGL,CE,Combined TRACON& Tower with Radar,2,24,5,0,31,0,43,28,0,71,2,67,33,0,102,196,0,196,298
12/04/2021,CMI,IL,AGL,CE,Combined TRACON& Tower with Radar,0,29,16,0,45,0,15,29,0,44,0,44,45,0,89,96,0,96,185
12/05/2021,CMI,IL,AGL,CE,Combined TRACON& Tower with Radar,2,15,7,0,24,0,0,0,0,0,2,15,7,0,24,0,0,0,24
12/06/2021,CMI,IL,AGL,CE,Combined TRACON& Tower with Radar,1,17,6,0,24,0,3,3,0,6,1,20,9,0,30,0,0,0,30
12/07/2021,CMI,IL,AGL,CE,Combined TRACON& Tower with Radar,1,24,11,0,36,0,41,17,0,58,1,65,28,0,94,190,0,190,284
12/08/2021,CMI,IL,AGL,CE,Combined TRACON& Tower with Radar,3,28,14,0,45,0,43,20,0,63,3,71,34,0,108,246,0,246,354
12/09/2021,CMI,IL,AGL,CE,Combined TRACON& Tower with Radar,2,17,8,0,27,0,10,8,2,20,2,27,16,2,47,30,0,30,77
12/10/2021,CMI,IL,AGL,CE,Combined TRACON& Tower with Radar,4,9,15,0,28,0,0,0,0,0,4,9,15,0,28,0,0,0,28
12/11/2021,CMI,IL,AGL,CE,Combined TRACON& Tower with Radar,2,20,6,0,28,0,5,0,0,5,2,25,6,0,33,0,0,0,33
12/12/2021,CMI,IL,AGL,CE,Combined TRACON& Tower with Radar,0,16,8,0,24,0,23,11,0,34,0,39,19,0,58,144,0,144,202
12/13/2021,CMI,IL,AGL,CE,Combined TRACON& Tower with Radar,0,30,20,0,50,0,49,26,0,75,0,79,46,0,125,174,0,174,299
12/14/2021,CMI,IL,AGL,CE,Combined TRACON& Tower with Radar,0,26,11,0,37,0,30,17,2,49,0,56,28,2,86,92,0,92,178
12/15/2021,CMI,IL,AGL,CE,Combined TRACON& Tower with Radar,0,15,10,2,27,0,0,0,0,0,0,15,10,2,27,0,0,0,27
12/16/2021,CMI,IL,AGL,CE,Combined TRACON& Tower with Radar,0,20,11,0,31,0,4,9,0,13,0,24,20,0,44,0,0,0,44
12/17/2021,CMI,IL,AGL,CE,Combined TRACON& Tower with Radar,0,21,8,2,31,0,23,16,4,43,0,44,24,6,74,84,0,84,158
12/18/2021,CMI,IL,AGL,CE,Combined TRACON& Tower with Radar,0,14,5,0,19,0,0,0,0,0,0,14,5,0,19,0,0,0,19
12/19/2021,CMI,IL,AGL,CE,Combined TRACON& Tower with Radar,0,14,18,0,32,0,4,18,0,22,0,18,36,0,54,24,0,24,78
12/20/2021,CMI,IL,AGL,CE,Combined TRACON& Tower with Radar,0,17,10,2,29,0,8,15,0,23,0,25,25,2,52,14,0,14,66
12/21/2021,CMI,IL,AGL,CE,Combined TRACON& Tower with Radar,0,14,14,0,28,0,4,13,0,17,0,18,27,0,45,22,0,22,67
12/22/2021,CMI,IL,AGL,CE,Combined TRACON& Tower with Radar,0,11,14,0,25,0,6,9,2,17,0,17,23,2,42,0,0,0,42
12/23/2021,CMI,IL,AGL,CE,Combined TRACON& Tower with Radar,0,20,15,0,35,0,4,15,0,19,0,24,30,0,54,18,0,18,72
12/24/2021,CMI,IL,AGL,CE,Combined TRACON& Tower with Radar,0,8,4,0,12,0,0,0,0,0,0,8,4,0,12,0,0,0,12
12/25/2021,CMI,IL,AGL,CE,Combined TRACON& Tower with Radar,0,11,13,0,24,0,0,0,0,0,0,11,13,0,24,0,0,0,24
12/26/2021,CMI,IL,AGL,CE,Combined TRACON& Tower with Radar,0,11,12,0,23,0,0,0,0,0,0,11,12,0,23,0,0,0,23
12/27/2021,CMI,IL,AGL,CE,Combined TRACON& Tower with Radar,0,17,13,0,30,0,0,3,0,3,0,17,16,0,33,26,0,26,59
12/28/2021,CMI,IL,AGL,CE,Combined TRACON& Tower with Radar,0,19,0,0,19,0,0,0,0,0,0,19,0,0,19,0,0,0,19
12/29/2021,CMI,IL,AGL,CE,Combined TRACON& Tower with Radar,0,16,3,0,19,0,0,0,0,0,0,16,3,0,19,0,0,0,19
12/30/2021,CMI,IL,AGL,CE,Combined TRACON& Tower with Radar,0,20,5,0,25,0,0,0,0,0,0,20,5,0,25,0,0,0,25
12/31/2021,CMI,IL,AGL,CE,Combined TRACON& Tower with Radar,0,6,11,0,17,0,0,0,0,0,0,6,11,0,17,0,0,0,17
01/01/2022,CMI,IL,AGL,CE,Combined TRACON& Tower with Radar,0,6,1,0,7,0,0,0,0,0,0,6,1,0,7,0,0,0,7
01/02/2022,CMI,IL,AGL,CE,Combined TRACON& Tower with Radar,0,13,7,0,20,0,2,0,0,2,0,15,7,0,22,0,0,0,22
01/03/2022,CMI,IL,AGL,CE,Combined TRACON& Tower with Radar,2,15,7,0,24,0,8,29,0,37,2,23,36,0,61,34,0,34,95
01/04/2022,CMI,IL,AGL,CE,Combined TRACON& Tower with Radar,3,11,5,0,19,0,0,11,0,11,3,11,16,0,30,16,0,16,46
01/05/2022,CMI,IL,AGL,CE,Combined TRACON& Tower with Radar,1,11,1,0,13,0,3,4,0,7,1,14,5,0,20,0,0,0,20
01/06/2022,CMI,IL,AGL,CE,Combined TRACON& Tower with Radar,3,15,8,0,26,0,4,3,0,7,3,19,11,0,33,20,0,20,53
01/07/2022,CMI,IL,AGL,CE,Combined TRACON& Tower with Radar,1,14,14,0,29,0,25,17,0,42,1,39,31,0,71,34,0,34,105
01/08/2022,CMI,IL,AGL,CE,Combined TRACON& Tower with Radar,0,3,3,0,6,0,0,0,0,0,0,3,3,0,6,0,0,0,6
01/09/2022,CMI,IL,AGL,CE,Combined TRACON& Tower with Radar,1,11,11,0,23,0,0,2,0,2,1,11,13,0,25,0,0,0,25
01/10/2022,CMI,IL,AGL,CE,Combined TRACON& Tower with Radar,1,23,3,0,27,0,7,11,0,18,1,30,14,0,45,48,0,48,93
01/11/2022,CMI,IL,AGL,CE,Combined TRACON& Tower with Radar,0,11,1,0,12,0,4,10,0,14,0,15,11,0,26,12,0,12,38
01/12/2022,CMI,IL,AGL,CE,Combined TRACON& Tower with Radar,0,15,12,0,27,0,49,9,0,58,0,64,21,0,85,200,0,200,285
01/13/2022,CMI,IL,AGL,CE,Combined TRACON& Tower with Radar,2,12,11,0,25,0,18,9,0,27,2,30,20,0,52,60,0,60,112
01/14/2022,CMI,IL,AGL,CE,Combined TRACON& Tower with Radar,1,23,6,0,30,0,0,1,0,1,1,23,7,0,31,56,0,56,87
01/15/2022,CMI,IL,AGL,CE,Combined TRACON& Tower with Radar,2,15,6,0,23,0,3,7,0,10,2,18,13,0,33,4,0,4,37
01/16/2022,CMI,IL,AGL,CE,Combined TRACON& Tower with Radar,2,12,13,0,27,0,2,25,0,27,2,14,38,0,54,40,0,40,94
01/17/2022,CMI,IL,AGL,CE,Combined TRACON& Tower with Radar,0,14,3,0,17,0,0,1,0,1,0,14,4,0,18,0,0,0,18
01/18/2022,CMI,IL,AGL,CE,Combined TRACON& Tower with Radar,0,17,10,0,27,0,31,20,0,51,0,48,30,0,78,54,0,54,132
01/19/2022,CMI,IL,AGL,CE,Combined TRACON& Tower with Radar,0,18,3,4,25,0,56,10,0,66,0,74,13,4,91,102,0,102,193
01/20/2022,CMI,IL,AGL,CE,Combined TRACON& Tower with Radar,2,19,13,0,34,0,52,10,0,62,2,71,23,0,96,172,0,172,268
01/21/2022,CMI,IL,AGL,CE,Combined TRACON& Tower with Radar,0,24,18,0,42,0,53,21,0,74,0,77,39,0,116,270,0,270,386
01/22/2022,CMI,IL,AGL,CE,Combined TRACON& Tower with Radar,1,13,11,0,25,0,25,6,0,31,1,38,17,0,56,90,0,90,146
01/23/2022,CMI,IL,AGL,CE,Combined TRACON& Tower with Radar,0,12,5,0,17,0,0,1,0,1,0,12,6,0,18,12,0,12,30
01/24/2022,CMI,IL,AGL,CE,Combined TRACON& Tower with Radar,2,9,8,0,19,0,7,5,0,12,2,16,13,0,31,58,0,58,89
01/25/2022,CMI,IL,AGL,CE,Combined TRACON& Tower with Radar,2,28,14,0,44,0,40,20,0,60,2,68,34,0,104,152,0,152,256
01/26/2022,CMI,IL,AGL,CE,Combined TRACON& Tower with Radar,0,24,11,0,35,0,40,10,0,50,0,64,21,0,85,182,0,182,267
01/27/2022,CMI,IL,AGL,CE,Combined TRACON& Tower with Radar,0,14,3,0,17,0,4,2,0,6,0,18,5,0,23,0,0,0,23
01/28/2022,CMI,IL,AGL,CE,Combined TRACON& Tower with Radar,0,14,6,0,20,0,2,4,0,6,0,16,10,0,26,100,0,100,126
01/29/2022,CMI,IL,AGL,CE,Combined TRACON& Tower with Radar,2,26,11,0,39,0,38,27,0,65,2,64,38,0,104,20,0,20,124
01/30/2022,CMI,IL,AGL,CE,Combined TRACON& Tower with Radar,0,15,16,0,31,0,12,18,0,30,0,27,34,0,61,0,0,0,61
01/31/2022,CMI,IL,AGL,CE,Combined TRACON& Tower with Radar,0,37,14,4,55,0,65,19,0,84,0,102,33,4,139,268,0,268,407
02/01/2022,CMI,IL,AGL,CE,Combined TRACON& Tower with Radar,2,17,9,0,28,0,14,0,0,14,2,31,9,0,42,4,0,4,46
02/02/2022,CMI,IL,AGL,CE,Combined TRACON& Tower with Radar,0,0,0,0,0,0,0,0,0,0,0,0,0,0,0,0,0,0,0
02/03/2022,CMI,IL,AGL,CE,Combined TRACON& Tower with Radar,0,0,0,0,0,0,0,0,0,0,0,0,0,0,0,0,0,0,0
02/04/2022,CMI,IL,AGL,CE,Combined TRACON& Tower with Radar,0,12,7,0,19,0,0,6,0,6,0,12,13,0,25,0,0,0,25
02/05/2022,CMI,IL,AGL,CE,Combined TRACON& Tower with Radar,2,19,2,0,23,0,24,8,0,32,2,43,10,0,55,54,0,54,109
02/06/2022,CMI,IL,AGL,CE,Combined TRACON& Tower with Radar,2,27,6,0,35,0,4,17,0,21,2,31,23,0,56,8,0,8,64
02/07/2022,CMI,IL,AGL,CE,Combined TRACON& Tower with Radar,0,28,11,0,39,0,43,15,0,58,0,71,26,0,97,174,0,174,271
02/08/2022,CMI,IL,AGL,CE,Combined TRACON& Tower with Radar,0,15,23,0,38,0,55,17,0,72,0,70,40,0,110,85,0,85,195
02/09/2022,CMI,IL,AGL,CE,Combined TRACON& Tower with Radar,0,25,9,0,34,0,45,9,0,54,0,70,18,0,88,168,0,168,256
02/10/2022,CMI,IL,AGL,CE,Combined TRACON& Tower with Radar,0,15,8,0,23,0,6,3,0,9,0,21,11,0,32,97,0,97,129
02/11/2022,CMI,IL,AGL,CE,Combined TRACON& Tower with Radar,0,17,7,0,24,0,3,2,0,5,0,20,9,0,29,2,0,2,31
02/12/2022,CMI,IL,AGL,CE,Combined TRACON& Tower with Radar,0,15,5,0,20,0,0,1,0,1,0,15,6,0,21,0,0,0,21
02/13/2022,CMI,IL,AGL,CE,Combined TRACON& Tower with Radar,0,20,3,0,23,0,0,0,0,0,0,20,3,0,23,0,0,0,23
02/14/2022,CMI,IL,AGL,CE,Combined TRACON& Tower with Radar,1,35,18,0,54,0,31,28,0,59,1,66,46,0,113,102,0,102,215
02/15/2022,CMI,IL,AGL,CE,Combined TRACON& Tower with Radar,1,20,10,0,31,0,43,16,0,59,1,63,26,0,90,222,0,222,312
02/16/2022,CMI,IL,AGL,CE,Combined TRACON& Tower with Radar,0,13,10,0,23,0,0,0,0,0,0,13,10,0,23,0,0,0,23
02/17/2022,CMI,IL,AGL,CE,Combined TRACON& Tower with Radar,0,2,0,0,2,0,0,1,0,1,0,2,1,0,3,0,0,0,3
02/18/2022,CMI,IL,AGL,CE,Combined TRACON& Tower with Radar,2,19,13,0,34,0,2,5,0,7,2,21,18,0,41,8,0,8,49
02/19/2022,CMI,IL,AGL,CE,Combined TRACON& Tower with Radar,2,22,11,0,35,0,28,23,0,51,2,50,34,0,86,104,0,104,190
02/20/2022,CMI,IL,AGL,CE,Combined TRACON& Tower with Radar,0,10,8,0,18,0,4,10,0,14,0,14,18,0,32,14,0,14,46
02/21/2022,CMI,IL,AGL,CE,Combined TRACON& Tower with Radar,0,29,20,0,49,0,46,8,0,54,0,75,28,0,103,194,0,194,297
02/22/2022,CMI,IL,AGL,CE,Combined TRACON& Tower with Radar,0,13,13,0,26,0,0,0,0,0,0,13,13,0,26,0,0,0,26
02/23/2022,CMI,IL,AGL,CE,Combined TRACON& Tower with Radar,5,5,4,0,14,0,2,3,0,5,5,7,7,0,19,68,0,68,87
02/24/2022,CMI,IL,AGL,CE,Combined TRACON& Tower with Radar,0,18,7,0,25,0,0,2,0,2,0,18,9,0,27,0,0,0,27
02/25/2022,CMI,IL,AGL,CE,Combined TRACON& Tower with Radar,2,9,11,0,22,0,3,4,0,7,2,12,15,0,29,44,0,44,73
02/26/2022,CMI,IL,AGL,CE,Combined TRACON& Tower with Radar,3,21,7,0,31,0,57,37,0,94,3,78,44,0,125,194,0,194,319
02/27/2022,CMI,IL,AGL,CE,Combined TRACON& Tower with Radar,4,21,17,0,42,0,13,23,0,36,4,34,40,0,78,52,0,52,130
02/28/2022,CMI,IL,AGL,CE,Combined TRACON& Tower with Radar,0,26,20,0,46,0,40,20,0,60,0,66,40,0,106,120,0,120,226
03/01/2022,CMI,IL,AGL,CE,Combined TRACON& Tower with Radar,0,27,20,0,47,0,47,41,0,88,0,74,61,0,135,180,0,180,315
03/02/2022,CMI,IL,AGL,CE,Combined TRACON& Tower with Radar,2,16,9,0,27,0,32,33,1,66,2,48,42,1,93,192,0,192,285
03/03/2022,CMI,IL,AGL,CE,Combined TRACON& Tower with Radar,2,36,15,0,53,0,43,10,1,54,2,79,25,1,107,106,0,106,213
03/04/2022,CMI,IL,AGL,CE,Combined TRACON& Tower with Radar,0,19,25,0,44,0,28,22,0,50,0,47,47,0,94,218,0,218,312
03/05/2022,CMI,IL,AGL,CE,Combined TRACON& Tower with Radar,0,17,13,0,30,0,13,6,0,19,0,30,19,0,49,0,0,0,49
03/06/2022,CMI,IL,AGL,CE,Combined TRACON& Tower with Radar,0,19,13,0,32,0,1,9,0,10,0,20,22,0,42,40,0,40,82
03/07/2022,CMI,IL,AGL,CE,Combined TRACON& Tower with Radar,0,24,12,0,36,0,0,0,0,0,0,24,12,0,36,0,0,0,36
03/08/2022,CMI,IL,AGL,CE,Combined TRACON& Tower with Radar,0,36,19,0,55,0,24,40,0,64,0,60,59,0,119,240,0,240,359
03/09/2022,CMI,IL,AGL,CE,Combined TRACON& Tower with Radar,0,23,20,0,43,0,43,28,0,71,0,66,48,0,114,142,0,142,256
03/10/2022,CMI,IL,AGL,CE,Combined TRACON& Tower with Radar,0,30,5,0,35,0,45,7,0,52,0,75,12,0,87,126,0,126,213
03/11/2022,CMI,IL,AGL,CE,Combined TRACON& Tower with Radar,0,13,9,0,22,0,10,2,0,12,0,23,11,0,34,57,0,57,91
03/12/2022,CMI,IL,AGL,CE,Combined TRACON& Tower with Radar,0,11,14,0,25,0,6,12,0,18,0,17,26,0,43,8,0,8,51
03/13/2022,CMI,IL,AGL,CE,Combined TRACON& Tower with Radar,0,15,6,0,21,0,7,7,0,14,0,22,13,0,35,0,0,0,35
03/14/2022,CMI,IL,AGL,CE,Combined TRACON& Tower with Radar,0,16,6,0,22,0,12,13,0,25,0,28,19,0,47,14,0,14,61
03/15/2022,CMI,IL,AGL,CE,Combined TRACON& Tower with Radar,0,16,13,0,29,0,4,27,2,33,0,20,40,2,62,24,0,24,86
03/16/2022,CMI,IL,AGL,CE,Combined TRACON& Tower with Radar,2,13,24,0,39,0,23,32,0,55,2,36,56,0,94,64,0,64,158
03/17/2022,CMI,IL,AGL,CE,Combined TRACON& Tower with Radar,0,21,10,0,31,0,29,19,0,48,0,50,29,0,79,70,0,70,149
03/18/2022,CMI,IL,AGL,CE,Combined TRACON& Tower with Radar,0,14,2,0,16,0,0,0,0,0,0,14,2,0,16,0,0,0,16
03/19/2022,CMI,IL,AGL,CE,Combined TRACON& Tower with Radar,0,11,3,0,14,0,0,3,0,3,0,11,6,0,17,0,0,0,17
03/20/2022,CMI,IL,AGL,CE,Combined TRACON& Tower with Radar,2,13,14,0,29,0,6,44,0,50,2,19,58,0,79,62,0,62,141
03/21/2022,CMI,IL,AGL,CE,Combined TRACON& Tower with Radar,0,29,21,4,54,0,43,24,0,67,0,72,45,4,121,130,0,130,251
03/22/2022,CMI,IL,AGL,CE,Combined TRACON& Tower with Radar,0,14,14,0,28,0,0,0,0,0,0,14,14,0,28,0,0,0,28
03/23/2022,CMI,IL,AGL,CE,Combined TRACON& Tower with Radar,0,11,6,0,17,0,2,1,0,3,0,13,7,0,20,0,0,0,20
03/24/2022,CMI,IL,AGL,CE,Combined TRACON& Tower with Radar,0,20,8,0,28,0,0,2,2,4,0,20,10,2,32,0,0,0,32
03/25/2022,CMI,IL,AGL,CE,Combined TRACON& Tower with Radar,0,20,8,0,28,0,0,4,0,4,0,20,12,0,32,0,0,0,32
03/26/2022,CMI,IL,AGL,CE,Combined TRACON& Tower with Radar,0,16,7,0,23,0,2,5,0,7,0,18,12,0,30,0,0,0,30
03/27/2022,CMI,IL,AGL,CE,Combined TRACON& Tower with Radar,0,19,12,0,31,0,30,37,0,67,0,49,49,0,98,50,0,50,148
03/28/2022,CMI,IL,AGL,CE,Combined TRACON& Tower with Radar,0,32,15,0,47,0,60,18,0,78,0,92,33,0,125,292,0,292,417
03/29/2022,CMI,IL,AGL,CE,Combined TRACON& Tower with Radar,0,16,7,0,23,0,23,6,0,29,0,39,13,0,52,10,0,10,62
03/30/2022,CMI,IL,AGL,CE,Combined TRACON& Tower with Radar,0,15,7,0,22,0,0,0,0,0,0,15,7,0,22,0,0,0,22
03/31/2022,CMI,IL,AGL,CE,Combined TRACON& Tower with Radar,0,14,5,0,19,0,0,0,0,0,0,14,5,0,19,0,0,0,19
04/01/2022,CMI,IL,AGL,CE,Combined TRACON& Tower with Radar,0,24,26,3,53,0,47,28,1,76,0,71,54,4,129,228,0,228,357
04/02/2022,CMI,IL,AGL,CE,Combined TRACON& Tower with Radar,0,19,5,0,24,0,13,5,0,18,0,32,10,0,42,24,0,24,66
04/03/2022,CMI,IL,AGL,CE,Combined TRACON& Tower with Radar,0,18,14,0,32,0,28,31,0,59,0,46,45,0,91,58,0,58,149
04/04/2022,CMI,IL,AGL,CE,Combined TRACON& Tower with Radar,0,31,7,0,38,0,39,10,0,49,0,70,17,0,87,156,0,156,243
04/05/2022,CMI,IL,AGL,CE,Combined TRACON& Tower with Radar,0,30,7,0,37,0,8,2,0,10,0,38,9,0,47,74,0,74,121
04/06/2022,CMI,IL,AGL,CE,Combined TRACON& Tower with Radar,0,15,12,0,27,0,3,1,0,4,0,18,13,0,31,28,0,28,59
04/07/2022,CMI,IL,AGL,CE,Combined TRACON& Tower with Radar,0,25,14,0,39,0,13,2,0,15,0,38,16,0,54,22,0,22,76
04/08/2022,CMI,IL,AGL,CE,Combined TRACON& Tower with Radar,0,9,12,2,23,0,0,0,0,0,0,9,12,2,23,6,0,6,29
04/09/2022,CMI,IL,AGL,CE,Combined TRACON& Tower with Radar,0,24,20,0,44,0,40,19,0,59,0,64,39,0,103,140,0,140,243
04/10/2022,CMI,IL,AGL,CE,Combined TRACON& Tower with Radar,0,18,8,2,28,0,1,10,0,11,0,19,18,2,39,0,0,0,39
04/11/2022,CMI,IL,AGL,CE,Combined TRACON& Tower with Radar,0,12,6,0,18,0,24,21,0,45,0,36,27,0,63,222,0,222,285
04/12/2022,CMI,IL,AGL,CE,Combined TRACON& Tower with Radar,0,50,16,0,66,0,21,5,0,26,0,71,21,0,92,134,0,134,226
04/13/2022,CMI,IL,AGL,CE,Combined TRACON& Tower with Radar,0,14,1,0,15,0,0,0,0,0,0,14,1,0,15,0,0,0,15
04/14/2022,CMI,IL,AGL,CE,Combined TRACON& Tower with Radar,0,24,7,0,31,0,7,19,0,26,0,31,26,0,57,6,0,6,63
04/15/2022,CMI,IL,AGL,CE,Combined TRACON& Tower with Radar,0,16,14,0,30,0,25,15,0,40,0,41,29,0,70,44,0,44,114
04/16/2022,CMI,IL,AGL,CE,Combined TRACON& Tower with Radar,0,20,16,0,36,0,32,40,0,72,0,52,56,0,108,182,0,182,290
04/17/2022,CMI,IL,AGL,CE,Combined TRACON& Tower with Radar,0,13,3,0,16,0,6,17,0,23,0,19,20,0,39,22,0,22,61
04/18/2022,CMI,IL,AGL,CE,Combined TRACON& Tower with Radar,0,10,6,0,16,0,1,1,0,2,0,11,7,0,18,0,0,0,18
04/19/2022,CMI,IL,AGL,CE,Combined TRACON& Tower with Radar,0,22,27,0,49,0,56,44,0,100,0,78,71,0,149,200,0,200,349
04/20/2022,CMI,IL,AGL,CE,Combined TRACON& Tower with Radar,0,16,11,0,27,0,2,2,0,4,0,18,13,0,31,0,0,0,31
04/21/2022,CMI,IL,AGL,CE,Combined TRACON& Tower with Radar,0,48,25,0,73,0,39,27,0,66,0,87,52,0,139,232,0,232,371
04/22/2022,CMI,IL,AGL,CE,Combined TRACON& Tower with Radar,0,32,13,0,45,0,14,5,0,19,0,46,18,0,64,124,0,124,188
04/23/2022,CMI,IL,AGL,CE,Combined TRACON& Tower with Radar,0,10,7,0,17,0,4,14,3,21,0,14,21,3,38,0,0,0,38
04/24/2022,CMI,IL,AGL,CE,Combined TRACON& Tower with Radar,0,15,10,0,25,0,0,0,0,0,0,15,10,0,25,0,0,0,25
04/25/2022,CMI,IL,AGL,CE,Combined TRACON& Tower with Radar,0,33,10,0,43,0,58,9,0,67,0,91,19,0,110,190,0,190,300
04/26/2022,CMI,IL,AGL,CE,Combined TRACON& Tower with Radar,0,24,17,0,41,0,43,30,0,73,0,67,47,0,114,230,0,230,344
04/27/2022,CMI,IL,AGL,CE,Combined TRACON& Tower with Radar,0,31,17,8,56,0,61,38,0,99,0,92,55,8,155,164,6,170,325
04/28/2022,CMI,IL,AGL,CE,Combined TRACON& Tower with Radar,0,30,12,0,42,0,41,7,0,48,0,71,19,0,90,168,0,168,258
04/29/2022,CMI,IL,AGL,CE,Combined TRACON& Tower with Radar,0,27,12,2,41,0,31,8,0,39,0,58,20,2,80,140,6,146,226
04/30/2022,CMI,IL,AGL,CE,Combined TRACON& Tower with Radar,0,13,3,0,16,0,2,1,0,3,0,15,4,0,19,0,0,0,19
05/01/2022,CMI,IL,AGL,CE,Combined TRACON& Tower with Radar,0,10,18,0,28,0,0,11,0,11,0,10,29,0,39,0,0,0,39
05/02/2022,CMI,IL,AGL,CE,Combined TRACON& Tower with Radar,0,33,15,0,48,0,70,47,0,117,0,103,62,0,165,250,0,250,415
05/03/2022,CMI,IL,AGL,CE,Combined TRACON& Tower with Radar,0,25,13,0,38,0,0,0,0,0,0,25,13,0,38,0,0,0,38
05/04/2022,CMI,IL,AGL,CE,Combined TRACON& Tower with Radar,0,59,23,0,82,0,4,4,0,8,0,63,27,0,90,140,0,140,230
05/05/2022,CMI,IL,AGL,CE,Combined TRACON& Tower with Radar,0,16,12,0,28,0,2,0,0,2,0,18,12,0,30,10,0,10,40
05/06/2022,CMI,IL,AGL,CE,Combined TRACON& Tower with Radar,0,14,16,0,30,0,1,0,0,1,0,15,16,0,31,0,0,0,31
05/07/2022,CMI,IL,AGL,CE,Combined TRACON& Tower with Radar,0,21,10,0,31,0,40,33,0,73,0,61,43,0,104,74,6,80,184
05/08/2022,CMI,IL,AGL,CE,Combined TRACON& Tower with Radar,0,17,7,0,24,0,12,27,0,39,0,29,34,0,63,52,0,52,115
05/09/2022,CMI,IL,AGL,CE,Combined TRACON& Tower with Radar,0,18,11,0,29,0,20,4,1,25,0,38,15,1,54,0,0,0,54
05/10/2022,CMI,IL,AGL,CE,Combined TRACON& Tower with Radar,0,18,14,2,34,0,39,19,0,58,0,57,33,2,92,241,0,241,333
05/11/2022,CMI,IL,AGL,CE,Combined TRACON& Tower with Radar,0,32,6,0,38,0,46,35,4,85,0,78,41,4,123,308,0,308,431
05/12/2022,CMI,IL,AGL,CE,Combined TRACON& Tower with Radar,0,26,10,0,36,0,44,30,0,74,0,70,40,0,110,165,0,165,275
05/13/2022,CMI,IL,AGL,CE,Combined TRACON& Tower with Radar,0,28,13,0,41,0,29,28,1,58,0,57,41,1,99,130,0,130,229
05/14/2022,CMI,IL,AGL,CE,Combined TRACON& Tower with Radar,0,17,13,0,30,0,9,20,0,29,0,26,33,0,59,36,0,36,95
05/15/2022,CMI,IL,AGL,CE,Combined TRACON& Tower with Radar,0,22,15,0,37,0,4,19,0,23,0,26,34,0,60,38,0,38,98
05/16/2022,CMI,IL,AGL,CE,Combined TRACON& Tower with Radar,0,18,14,0,32,0,21,13,0,34,0,39,27,0,66,136,0,136,202
05/17/2022,CMI,IL,AGL,CE,Combined TRACON& Tower with Radar,0,9,29,0,38,0,20,44,6,70,0,29,73,6,108,80,0,80,188
05/18/2022,CMI,IL,AGL,CE,Combined TRACON& Tower with Radar,0,20,11,0,31,0,2,1,0,3,0,22,12,0,34,0,0,0,34
05/19/2022,CMI,IL,AGL,CE,Combined TRACON& Tower with Radar,0,29,19,0,48,0,2,10,2,14,0,31,29,2,62,32,0,32,94
05/20/2022,CMI,IL,AGL,CE,Combined TRACON& Tower with Radar,0,15,14,0,29,0,2,3,0,5,0,17,17,0,34,6,0,6,40
05/21/2022,CMI,IL,AGL,CE,Combined TRACON& Tower with Radar,0,13,14,0,27,0,0,0,0,0,0,13,14,0,27,0,0,0,27
05/22/2022,CMI,IL,AGL,CE,Combined TRACON& Tower with Radar,0,21,16,0,37,0,10,20,0,30,0,31,36,0,67,54,0,54,121
05/23/2022,CMI,IL,AGL,CE,Combined TRACON& Tower with Radar,0,13,15,0,28,0,8,24,0,32,0,21,39,0,60,0,0,0,60
05/24/2022,CMI,IL,AGL,CE,Combined TRACON& Tower with Radar,0,16,17,2,35,0,5,23,0,28,0,21,40,2,63,14,0,14,77
05/25/2022,CMI,IL,AGL,CE,Combined TRACON& Tower with Radar,1,22,16,0,39,0,3,1,0,4,1,25,17,0,43,6,0,6,49
05/26/2022,CMI,IL,AGL,CE,Combined TRACON& Tower with Radar,1,19,15,2,37,0,0,1,0,1,1,19,16,2,38,0,0,0,38
05/27/2022,CMI,IL,AGL,CE,Combined TRACON& Tower with Radar,0,17,20,0,37,0,2,0,0,2,0,19,20,0,39,8,0,8,47
05/28/2022,CMI,IL,AGL,CE,Combined TRACON& Tower with Radar,0,10,8,0,18,0,4,36,0,40,0,14,44,0,58,42,0,42,100
05/29/2022,CMI,IL,AGL,CE,Combined TRACON& Tower with Radar,0,12,5,0,17,0,1,18,0,19,0,13,23,0,36,14,0,14,50
05/30/2022,CMI,IL,AGL,CE,Combined TRACON& Tower with Radar,0,11,5,0,16,0,2,13,0,15,0,13,18,0,31,2,0,2,33
05/31/2022,CMI,IL,AGL,CE,Combined TRACON& Tower with Radar,0,8,9,0,17,0,3,17,1,21,0,11,26,1,38,6,0,6,44
06/01/2022,CMI,IL,AGL,CE,Combined TRACON& Tower with Radar,0,22,7,0,29,0,7,5,0,12,0,29,12,0,41,8,0,8,49
06/02/2022,CMI,IL,AGL,CE,Combined TRACON& Tower with Radar,0,16,15,0,31,0,19,16,0,35,0,35,31,0,66,112,0,112,178
06/03/2022,CMI,IL,AGL,CE,Combined TRACON& Tower with Radar,0,21,14,0,35,0,32,28,0,60,0,53,42,0,95,70,0,70,165
06/04/2022,CMI,IL,AGL,CE,Combined TRACON& Tower with Radar,0,14,6,0,20,0,12,19,0,31,0,26,25,0,51,68,0,68,119
06/05/2022,CMI,IL,AGL,CE,Combined TRACON& Tower with Radar,0,14,6,0,20,0,4,41,0,45,0,18,47,0,65,28,0,28,93
06/06/2022,CMI,IL,AGL,CE,Combined TRACON& Tower with Radar,0,14,14,0,28,0,4,11,0,15,0,18,25,0,43,48,0,48,91
06/07/2022,CMI,IL,AGL,CE,Combined TRACON& Tower with Radar,0,36,31,5,72,0,15,9,1,25,0,51,40,6,97,190,16,206,303
06/08/2022,CMI,IL,AGL,CE,Combined TRACON& Tower with Radar,0,27,13,0,40,0,11,10,0,21,0,38,23,0,61,102,0,102,163
06/09/2022,CMI,IL,AGL,CE,Combined TRACON& Tower with Radar,0,27,18,1,46,0,87,32,0,119,0,114,50,1,165,242,0,242,407
06/10/2022,CMI,IL,AGL,CE,Combined TRACON& Tower with Radar,0,23,7,1,31,0,38,18,0,56,0,61,25,1,87,92,0,92,179
06/11/2022,CMI,IL,AGL,CE,Combined TRACON& Tower with Radar,0,18,22,0,40,0,10,16,0,26,0,28,38,0,66,166,0,166,232
06/12/2022,CMI,IL,AGL,CE,Combined TRACON& Tower with Radar,0,13,5,0,18,0,1,10,0,11,0,14,15,0,29,0,0,0,29
06/13/2022,CMI,IL,AGL,CE,Combined TRACON& Tower with Radar,2,16,13,0,31,0,9,13,0,22,2,25,26,0,53,52,0,52,105
06/14/2022,CMI,IL,AGL,CE,Combined TRACON& Tower with Radar,0,20,21,0,41,0,42,19,0,61,0,62,40,0,102,106,0,106,208
06/15/2022,CMI,IL,AGL,CE,Combined TRACON& Tower with Radar,0,18,19,1,38,0,33,15,3,51,0,51,34,4,89,62,0,62,151
06/16/2022,CMI,IL,AGL,CE,Combined TRACON& Tower with Radar,0,22,22,0,44,0,33,26,0,59,0,55,48,0,103,116,0,116,219
06/17/2022,CMI,IL,AGL,CE,Combined TRACON& Tower with Radar,0,20,18,4,42,0,24,41,0,65,0,44,59,4,107,64,0,64,171
06/18/2022,CMI,IL,AGL,CE,Combined TRACON& Tower with Radar,0,11,12,0,23,0,21,66,0,87,0,32,78,0,110,58,0,58,168
06/19/2022,CMI,IL,AGL,CE,Combined TRACON& Tower with Radar,0,14,10,0,24,0,1,34,0,35,0,15,44,0,59,14,0,14,73
06/20/2022,CMI,IL,AGL,CE,Combined TRACON& Tower with Radar,0,27,13,0,40,0,37,37,0,74,0,64,50,0,114,118,0,118,232
06/21/2022,CMI,IL,AGL,CE,Combined TRACON& Tower with Radar,0,25,14,2,41,0,30,20,0,50,0,55,34,2,91,116,0,116,207
06/22/2022,CMI,IL,AGL,CE,Combined TRACON& Tower with Radar,0,32,14,0,46,0,30,17,0,47,0,62,31,0,93,118,0,118,211
06/23/2022,CMI,IL,AGL,CE,Combined TRACON& Tower with Radar,0,42,17,0,59,0,35,31,0,66,0,77,48,0,125,154,0,154,279
06/24/2022,CMI,IL,AGL,CE,Combined TRACON& Tower with Radar,0,22,18,0,40,0,24,24,0,48,0,46,42,0,88,66,0,66,154
06/25/2022,CMI,IL,AGL,CE,Combined TRACON& Tower with Radar,0,6,10,0,16,0,2,10,0,12,0,8,20,0,28,34,0,34,62
06/26/2022,CMI,IL,AGL,CE,Combined TRACON& Tower with Radar,0,18,12,0,30,0,0,13,0,13,0,18,25,0,43,0,0,0,43
06/27/2022,CMI,IL,AGL,CE,Combined TRACON& Tower with Radar,0,31,20,10,61,0,35,34,0,69,0,66,54,10,130,146,0,146,276
06/28/2022,CMI,IL,AGL,CE,Combined TRACON& Tower with Radar,0,32,7,0,39,0,51,34,2,87,0,83,41,2,126,198,0,198,324
06/29/2022,CMI,IL,AGL,CE,Combined TRACON& Tower with Radar,0,18,13,0,31,0,24,43,0,67,0,42,56,0,98,140,0,140,238
06/30/2022,CMI,IL,AGL,CE,Combined TRACON& Tower with Radar,0,40,16,8,64,0,46,19,2,67,0,86,35,10,131,150,6,156,287
07/01/2022,CMI,IL,AGL,CE,Combined TRACON& Tower with Radar,0,32,11,0,43,0,24,8,0,32,0,56,19,0,75,52,0,52,127
07/02/2022,CMI,IL,AGL,CE,Combined TRACON& Tower with Radar,0,10,11,0,21,0,13,26,0,39,0,23,37,0,60,52,0,52,112
07/03/2022,CMI,IL,AGL,CE,Combined TRACON& Tower with Radar,0,10,7,0,17,0,7,20,0,27,0,17,27,0,44,22,0,22,66
07/04/2022,CMI,IL,AGL,CE,Combined TRACON& Tower with Radar,0,8,2,0,10,0,0,18,0,18,0,8,20,0,28,8,0,8,36
07/05/2022,CMI,IL,AGL,CE,Combined TRACON& Tower with Radar,0,24,9,0,33,0,25,27,0,52,0,49,36,0,85,116,0,116,201
07/06/2022,CMI,IL,AGL,CE,Combined TRACON& Tower with Radar,0,20,7,0,27,0,18,6,0,24,0,38,13,0,51,204,0,204,255
07/07/2022,CMI,IL,AGL,CE,Combined TRACON& Tower with Radar,0,20,3,0,23,0,5,1,0,6,0,25,4,0,29,26,0,26,55
07/08/2022,CMI,IL,AGL,CE,Combined TRACON& Tower with Radar,0,17,11,0,28,0,1,0,0,1,0,18,11,0,29,24,0,24,53
07/09/2022,CMI,IL,AGL,CE,Combined TRACON& Tower with Radar,0,27,17,0,44,0,10,19,0,29,0,37,36,0,73,120,0,120,193
07/10/2022,CMI,IL,AGL,CE,Combined TRACON& Tower with Radar,0,12,17,0,29,0,10,42,0,52,0,22,59,0,81,12,0,12,93
07/11/2022,CMI,IL,AGL,CE,Combined TRACON& Tower with Radar,0,28,19,0,47,0,42,18,4,64,0,70,37,4,111,104,0,104,215
07/12/2022,CMI,IL,AGL,CE,Combined TRACON& Tower with Radar,0,42,25,2,69,0,58,37,0,95,0,100,62,2,164,170,0,170,334
07/13/2022,CMI,IL,AGL,CE,Combined TRACON& Tower with Radar,0,25,3,0,28,0,32,35,0,67,0,57,38,0,95,318,0,318,413
07/14/2022,CMI,IL,AGL,CE,Combined TRACON& Tower with Radar,0,31,3,0,34,0,46,27,0,73,0,77,30,0,107,220,0,220,327
07/15/2022,CMI,IL,AGL,CE,Combined TRACON& Tower with Radar,0,21,7,0,28,0,9,12,0,21,0,30,19,0,49,80,0,80,129
07/16/2022,CMI,IL,AGL,CE,Combined TRACON& Tower with Radar,0,28,7,0,35,0,38,23,0,61,0,66,30,0,96,184,0,184,280
07/17/2022,CMI,IL,AGL,CE,Combined TRACON& Tower with Radar,0,17,13,0,30,0,0,1,0,1,0,17,14,0,31,0,0,0,31
07/18/2022,CMI,IL,AGL,CE,Combined TRACON& Tower with Radar,0,39,18,0,57,0,17,14,0,31,0,56,32,0,88,162,0,162,250
07/19/2022,CMI,IL,AGL,CE,Combined TRACON& Tower with Radar,0,46,15,4,65,0,52,32,0,84,0,98,47,4,149,166,0,166,315
07/20/2022,CMI,IL,AGL,CE,Combined TRACON& Tower with Radar,0,39,7,0,46,0,29,28,0,57,0,68,35,0,103,64,0,64,167
07/21/2022,CMI,IL,AGL,CE,Combined TRACON& Tower with Radar,0,41,8,0,49,0,49,35,0,84,0,90,43,0,133,172,0,172,305
07/22/2022,CMI,IL,AGL,CE,Combined TRACON& Tower with Radar,0,25,13,0,38,0,39,34,0,73,0,64,47,0,111,216,0,216,327
07/23/2022,CMI,IL,AGL,CE,Combined TRACON& Tower with Radar,0,18,11,0,29,0,13,26,0,39,0,31,37,0,68,86,0,86,154
07/24/2022,CMI,IL,AGL,CE,Combined TRACON& Tower with Radar,0,14,14,0,28,0,1,11,0,12,0,15,25,0,40,18,0,18,58
07/25/2022,CMI,IL,AGL,CE,Combined TRACON& Tower with Radar,0,31,6,0,37,0,34,22,0,56,0,65,28,0,93,120,0,120,213
07/26/2022,CMI,IL,AGL,CE,Combined TRACON& Tower with Radar,0,20,13,0,33,0,3,4,0,7,0,23,17,0,40,20,0,20,60
07/27/2022,CMI,IL,AGL,CE,Combined TRACON& Tower with Radar,0,20,14,2,36,0,0,11,0,11,0,20,25,2,47,18,0,18,65
07/28/2022,CMI,IL,AGL,CE,Combined TRACON& Tower with Radar,0,28,13,0,41,0,20,32,0,52,0,48,45,0,93,112,0,112,205
07/29/2022,CMI,IL,AGL,CE,Combined TRACON& Tower with Radar,0,24,20,8,52,0,18,35,0,53,0,42,55,8,105,56,0,56,161
07/30/2022,CMI,IL,AGL,CE,Combined TRACON& Tower with Radar,0,19,7,0,26,0,7,33,0,40,0,26,40,0,66,4,0,4,70
07/31/2022,CMI,IL,AGL,CE,Combined TRACON& Tower with Radar,0,18,14,4,36,0,3,27,0,30,0,21,41,4,66,66,0,66,132
08/01/2022,CMI,IL,AGL,CE,Combined TRACON& Tower with Radar,0,13,12,0,25,0,4,9,0,13,0,17,21,0,38,20,0,20,58
08/02/2022,CMI,IL,AGL,CE,Combined TRACON& Tower with Radar,0,11,4,0,15,0,1,12,0,13,0,12,16,0,28,0,0,0,28
08/03/2022,CMI,IL,AGL,CE,Combined TRACON& Tower with Radar,0,11,4,0,15,0,2,21,0,23,0,13,25,0,38,6,0,6,44
08/04/2022,CMI,IL,AGL,CE,Combined TRACON& Tower with Radar,0,12,11,0,23,0,1,15,0,16,0,13,26,0,39,8,0,8,47
08/05/2022,CMI,IL,AGL,CE,Combined TRACON& Tower with Radar,0,23,14,0,37,0,4,15,0,19,0,27,29,0,56,4,0,4,60
08/06/2022,CMI,IL,AGL,CE,Combined TRACON& Tower with Radar,0,8,16,0,24,0,5,13,0,18,0,13,29,0,42,18,0,18,60
08/07/2022,CMI,IL,AGL,CE,Combined TRACON& Tower with Radar,0,13,12,0,25,0,2,17,0,19,0,15,29,0,44,14,0,14,58
08/08/2022,CMI,IL,AGL,CE,Combined TRACON& Tower with Radar,0,12,13,0,25,0,7,16,0,23,0,19,29,0,48,0,0,0,48
08/09/2022,CMI,IL,AGL,CE,Combined TRACON& Tower with Radar,0,14,14,0,28,0,2,13,0,15,0,16,27,0,43,8,0,8,51
08/10/2022,CMI,IL,AGL,CE,Combined TRACON& Tower with Radar,0,13,7,0,20,0,8,29,0,37,0,21,36,0,57,36,0,36,93
08/11/2022,CMI,IL,AGL,CE,Combined TRACON& Tower with Radar,0,8,11,0,19,0,3,18,0,21,0,11,29,0,40,30,0,30,70
08/12/2022,CMI,IL,AGL,CE,Combined TRACON& Tower with Radar,0,15,23,0,38,0,5,25,0,30,0,20,48,0,68,26,0,26,94
08/13/2022,CMI,IL,AGL,CE,Combined TRACON& Tower with Radar,0,6,7,0,13,0,4,16,0,20,0,10,23,0,33,16,0,16,49
08/14/2022,CMI,IL,AGL,CE,Combined TRACON& Tower with Radar,0,13,17,4,34,0,0,1,0,1,0,13,18,4,35,32,0,32,67
08/15/2022,CMI,IL,AGL,CE,Combined TRACON& Tower with Radar,0,13,14,14,41,0,6,11,0,17,0,19,25,14,58,32,16,48,106
08/16/2022,CMI,IL,AGL,CE,Combined TRACON& Tower with Radar,0,18,15,0,33,0,13,17,0,30,0,31,32,0,63,34,0,34,97
08/17/2022,CMI,IL,AGL,CE,Combined TRACON& Tower with Radar,0,12,9,0,21,0,12,27,0,39,0,24,36,0,60,32,0,32,92
08/18/2022,CMI,IL,AGL,CE,Combined TRACON& Tower with Radar,0,17,19,0,36,0,14,28,0,42,0,31,47,0,78,52,0,52,130
08/19/2022,CMI,IL,AGL,CE,Combined TRACON& Tower with Radar,0,14,12,0,26,0,21,33,0,54,0,35,45,0,80,86,0,86,166
08/20/2022,CMI,IL,AGL,CE,Combined TRACON& Tower with Radar,0,10,6,0,16,0,2,4,0,6,0,12,10,0,22,28,0,28,50
08/21/2022,CMI,IL,AGL,CE,Combined TRACON& Tower with Radar,0,14,17,0,31,0,2,6,0,8,0,16,23,0,39,44,0,44,83
08/22/2022,CMI,IL,AGL,CE,Combined TRACON& Tower with Radar,0,26,23,0,49,0,7,15,0,22,0,33,38,0,71,82,0,82,153
08/23/2022,CMI,IL,AGL,CE,Combined TRACON& Tower with Radar,0,13,16,0,29,0,16,33,0,49,0,29,49,0,78,60,0,60,138
08/24/2022,CMI,IL,AGL,CE,Combined TRACON& Tower with Radar,0,18,10,0,28,0,65,41,0,106,0,83,51,0,134,192,0,192,326
08/25/2022,CMI,IL,AGL,CE,Combined TRACON& Tower with Radar,0,17,9,0,26,0,48,14,0,62,0,65,23,0,88,106,0,106,194
08/26/2022,CMI,IL,AGL,CE,Combined TRACON& Tower with Radar,1,34,26,0,61,0,36,14,0,50,1,70,40,0,111,94,0,94,205
08/27/2022,CMI,IL,AGL,CE,Combined TRACON& Tower with Radar,1,21,27,0,49,0,47,39,0,86,1,68,66,0,135,124,0,124,259
08/28/2022,CMI,IL,AGL,CE,Combined TRACON& Tower with Radar,0,15,15,0,30,0,2,12,0,14,0,17,27,0,44,10,0,10,54
08/29/2022,CMI,IL,AGL,CE,Combined TRACON& Tower with Radar,2,29,16,0,47,0,20,7,0,27,2,49,23,0,74,96,0,96,170
08/30/2022,CMI,IL,AGL,CE,Combined TRACON& Tower with Radar,0,23,20,2,45,0,57,29,0,86,0,80,49,2,131,150,0,150,281
08/31/2022,CMI,IL,AGL,CE,Combined TRACON& Tower with Radar,0,29,21,0,50,0,67,30,0,97,0,96,51,0,147,118,0,118,265
09/01/2022,CMI,IL,AGL,CE,Combined TRACON& Tower with Radar,0,29,16,0,45,0,54,27,0,81,0,83,43,0,126,226,0,226,352
09/02/2022,CMI,IL,AGL,CE,Combined TRACON& Tower with Radar,0,21,16,0,37,0,58,38,0,96,0,79,54,0,133,146,0,146,279
09/03/2022,CMI,IL,AGL,CE,Combined TRACON& Tower with Radar,0,26,9,0,35,0,30,21,0,51,0,56,30,0,86,144,0,144,230
09/04/2022,CMI,IL,AGL,CE,Combined TRACON& Tower with Radar,0,14,5,0,19,0,0,0,0,0,0,14,5,0,19,0,0,0,19
09/05/2022,CMI,IL,AGL,CE,Combined TRACON& Tower with Radar,0,20,27,0,47,0,0,0,0,0,0,20,27,0,47,0,0,0,47
09/06/2022,CMI,IL,AGL,CE,Combined TRACON& Tower with Radar,0,31,29,0,60,0,9,8,0,17,0,40,37,0,77,48,0,48,125
09/07/2022,CMI,IL,AGL,CE,Combined TRACON& Tower with Radar,0,21,16,2,39,0,31,29,0,60,0,52,45,2,99,158,0,158,257
09/08/2022,CMI,IL,AGL,CE,Combined TRACON& Tower with Radar,0,33,14,0,47,0,48,48,2,98,0,81,62,2,145,244,0,244,389
09/09/2022,CMI,IL,AGL,CE,Combined TRACON& Tower with Radar,1,28,18,0,47,0,43,47,0,90,1,71,65,0,137,228,0,228,365
09/10/2022,CMI,IL,AGL,CE,Combined TRACON& Tower with Radar,1,19,24,0,44,0,33,27,0,60,1,52,51,0,104,188,0,188,292
09/11/2022,CMI,IL,AGL,CE,Combined TRACON& Tower with Radar,0,11,6,0,17,0,0,3,0,3,0,11,9,0,20,0,0,0,20
09/12/2022,CMI,IL,AGL,CE,Combined TRACON& Tower with Radar,0,22,13,0,35,0,23,7,0,30,0,45,20,0,65,32,0,32,97
09/13/2022,CMI,IL,AGL,CE,Combined TRACON& Tower with Radar,0,22,25,0,47,0,56,25,2,83,0,78,50,2,130,156,0,156,286
09/14/2022,CMI,IL,AGL,CE,Combined TRACON& Tower with Radar,0,18,16,0,34,0,48,33,0,81,0,66,49,0,115,208,0,208,323
09/15/2022,CMI,IL,AGL,CE,Combined TRACON& Tower with Radar,0,36,24,0,60,0,59,25,0,84,0,95,49,0,144,196,0,196,340
09/16/2022,CMI,IL,AGL,CE,Combined TRACON& Tower with Radar,0,20,17,0,37,0,37,15,2,54,0,57,32,2,91,190,0,190,281
09/17/2022,CMI,IL,AGL,CE,Combined TRACON& Tower with Radar,0,18,8,0,26,0,18,38,2,58,0,36,46,2,84,32,0,32,116
09/18/2022,CMI,IL,AGL,CE,Combined TRACON& Tower with Radar,0,9,14,0,23,0,1,9,0,10,0,10,23,0,33,14,0,14,47
09/19/2022,CMI,IL,AGL,CE,Combined TRACON& Tower with Radar,0,29,18,0,47,0,10,7,0,17,0,39,25,0,64,152,0,152,216
09/20/2022,CMI,IL,AGL,CE,Combined TRACON& Tower with Radar,0,20,16,0,36,0,34,10,0,44,0,54,26,0,80,136,0,136,216
09/21/2022,CMI,IL,AGL,CE,Combined TRACON& Tower with Radar,2,27,15,0,44,0,18,10,0,28,2,45,25,0,72,82,0,82,154
09/22/2022,CMI,IL,AGL,CE,Combined TRACON& Tower with Radar,1,32,23,0,56,0,33,19,0,52,1,65,42,0,108,160,0,160,268
09/23/2022,CMI,IL,AGL,CE,Combined TRACON& Tower with Radar,0,17,19,0,36,0,38,21,0,59,0,55,40,0,95,170,0,170,265
09/24/2022,CMI,IL,AGL,CE,Combined TRACON& Tower with Radar,0,19,18,0,37,0,40,36,2,78,0,59,54,2,115,98,0,98,213
09/25/2022,CMI,IL,AGL,CE,Combined TRACON& Tower with Radar,0,18,7,0,25,0,6,14,0,20,0,24,21,0,45,12,0,12,57
09/26/2022,CMI,IL,AGL,CE,Combined TRACON& Tower with Radar,0,25,16,2,43,0,34,9,0,43,0,59,25,2,86,154,0,154,240
09/27/2022,CMI,IL,AGL,CE,Combined TRACON& Tower with Radar,0,27,21,0,48,0,50,14,0,64,0,77,35,0,112,114,0,114,226
09/28/2022,CMI,IL,AGL,CE,Combined TRACON& Tower with Radar,0,32,27,0,59,0,28,33,0,61,0,60,60,0,120,174,0,174,294
09/29/2022,CMI,IL,AGL,CE,Combined TRACON& Tower with Radar,0,23,14,0,37,0,45,31,1,77,0,68,45,1,114,260,0,260,374
09/30/2022,CMI,IL,AGL,CE,Combined TRACON& Tower with Radar,4,29,15,0,48,0,45,22,0,67,4,74,37,0,115,116,0,116,231
10/01/2022,CMI,IL,AGL,CE,Combined TRACON& Tower with Radar,2,23,12,0,37,0,22,23,0,45,2,45,35,0,82,88,0,88,170
10/02/2022,CMI,IL,AGL,CE,Combined TRACON& Tower with Radar,0,14,7,0,21,0,8,21,0,29,0,22,28,0,50,0,0,0,50
10/03/2022,CMI,IL,AGL,CE,Combined TRACON& Tower with Radar,0,20,15,0,35,0,31,6,0,37,0,51,21,0,72,136,0,136,208
10/04/2022,CMI,IL,AGL,CE,Combined TRACON& Tower with Radar,0,31,16,0,47,0,39,38,0,77,0,70,54,0,124,240,0,240,364
10/05/2022,CMI,IL,AGL,CE,Combined TRACON& Tower with Radar,0,29,14,2,45,0,42,22,0,64,0,71,36,2,109,144,0,144,253
10/06/2022,CMI,IL,AGL,CE,Combined TRACON& Tower with Radar,0,16,26,0,42,0,38,21,1,60,0,54,47,1,102,224,0,224,326
10/07/2022,CMI,IL,AGL,CE,Combined TRACON& Tower with Radar,1,21,23,0,45,0,16,22,0,38,1,37,45,0,83,132,0,132,215
10/08/2022,CMI,IL,AGL,CE,Combined TRACON& Tower with Radar,2,19,19,0,40,0,26,37,0,63,2,45,56,0,103,128,0,128,231
10/09/2022,CMI,IL,AGL,CE,Combined TRACON& Tower with Radar,0,17,21,1,39,0,10,23,0,33,0,27,44,1,72,50,0,50,122
10/10/2022,CMI,IL,AGL,CE,Combined TRACON& Tower with Radar,0,24,10,0,34,0,39,26,0,65,0,63,36,0,99,144,0,144,243
10/11/2022,CMI,IL,AGL,CE,Combined TRACON& Tower with Radar,0,11,11,0,22,0,0,2,0,2,0,11,13,0,24,16,0,16,40
10/12/2022,CMI,IL,AGL,CE,Combined TRACON& Tower with Radar,0,19,10,0,29,0,0,0,0,0,0,19,10,0,29,40,0,40,69
10/13/2022,CMI,IL,AGL,CE,Combined TRACON& Tower with Radar,0,20,8,0,28,0,13,7,0,20,0,33,15,0,48,72,0,72,120
10/14/2022,CMI,IL,AGL,CE,Combined TRACON& Tower with Radar,1,23,9,0,33,0,23,17,0,40,1,46,26,0,73,70,0,70,143
10/15/2022,CMI,IL,AGL,CE,Combined TRACON& Tower with Radar,1,27,25,0,53,0,23,67,0,90,1,50,92,0,143,186,0,186,329
10/16/2022,CMI,IL,AGL,CE,Combined TRACON& Tower with Radar,0,12,18,0,30,0,7,16,0,23,0,19,34,0,53,48,0,48,101
10/17/2022,CMI,IL,AGL,CE,Combined TRACON& Tower with Radar,0,19,8,2,29,0,23,3,0,26,0,42,11,2,55,94,0,94,149
10/18/2022,CMI,IL,AGL,CE,Combined TRACON& Tower with Radar,0,22,13,0,35,0,24,12,0,36,0,46,25,0,71,104,0,104,175
10/19/2022,CMI,IL,AGL,CE,Combined TRACON& Tower with Radar,0,18,29,0,47,0,27,26,0,53,0,45,55,0,100,162,0,162,262
10/20/2022,CMI,IL,AGL,CE,Combined TRACON& Tower with Radar,0,19,21,0,40,0,31,25,0,56,0,50,46,0,96,132,0,132,228
10/21/2022,CMI,IL,AGL,CE,Combined TRACON& Tower with Radar,0,17,16,0,33,0,31,23,2,56,0,48,39,2,89,136,0,136,225
10/22/2022,CMI,IL,AGL,CE,Combined TRACON& Tower with Radar,0,12,13,0,25,0,25,24,0,49,0,37,37,0,74,54,0,54,128
10/23/2022,CMI,IL,AGL,CE,Combined TRACON& Tower with Radar,0,12,14,0,26,0,0,11,0,11,0,12,25,0,37,0,0,0,37
10/24/2022,CMI,IL,AGL,CE,Combined TRACON& Tower with Radar,0,14,3,0,17,0,14,11,2,27,0,28,14,2,44,30,0,30,74
10/25/2022,CMI,IL,AGL,CE,Combined TRACON& Tower with Radar,0,9,18,0,27,0,2,0,0,2,0,11,18,0,29,28,0,28,57
10/26/2022,CMI,IL,AGL,CE,Combined TRACON& Tower with Radar,0,28,18,0,46,0,36,13,0,49,0,64,31,0,95,194,0,194,289
10/27/2022,CMI,IL,AGL,CE,Combined TRACON& Tower with Radar,0,24,11,0,35,0,42,30,0,72,0,66,41,0,107,292,0,292,399
10/28/2022,CMI,IL,AGL,CE,Combined TRACON& Tower with Radar,2,16,23,0,41,0,37,32,0,69,2,53,55,0,110,174,0,174,284
10/29/2022,CMI,IL,AGL,CE,Combined TRACON& Tower with Radar,2,21,9,0,32,0,26,42,0,68,2,47,51,0,100,118,0,118,218
10/30/2022,CMI,IL,AGL,CE,Combined TRACON& Tower with Radar,0,13,11,0,24,0,5,3,0,8,0,18,14,0,32,4,0,4,36
10/31/2022,CMI,IL,AGL,CE,Combined TRACON& Tower with Radar,0,18,10,0,28,0,1,0,0,1,0,19,10,0,29,0,0,0,29
11/01/2022,CMI,IL,AGL,CE,Combined TRACON& Tower with Radar,0,14,20,0,34,0,18,8,0,26,0,32,28,0,60,128,0,128,188
11/02/2022,CMI,IL,AGL,CE,Combined TRACON& Tower with Radar,0,16,11,0,27,0,46,26,0,72,0,62,37,0,99,188,0,188,287
11/03/2022,CMI,IL,AGL,CE,Combined TRACON& Tower with Radar,0,27,15,0,42,0,28,12,0,40,0,55,27,0,82,176,0,176,258
11/04/2022,CMI,IL,AGL,CE,Combined TRACON& Tower with Radar,1,10,17,0,28,0,4,2,0,6,1,14,19,0,34,4,0,4,38
11/05/2022,CMI,IL,AGL,CE,Combined TRACON& Tower with Radar,3,10,9,1,23,0,0,0,0,0,3,10,9,1,23,0,0,0,23
11/06/2022,CMI,IL,AGL,CE,Combined TRACON& Tower with Radar,2,12,11,1,26,0,6,20,0,26,2,18,31,1,52,56,0,56,108
11/07/2022,CMI,IL,AGL,CE,Combined TRACON& Tower with Radar,0,33,10,0,43,0,47,9,0,56,0,80,19,0,99,174,0,174,273
11/08/2022,CMI,IL,AGL,CE,Combined TRACON& Tower with Radar,0,32,23,2,57,0,44,26,0,70,0,76,49,2,127,106,0,106,233
11/09/2022,CMI,IL,AGL,CE,Combined TRACON& Tower with Radar,0,32,15,0,47,0,50,23,2,75,0,82,38,2,122,246,0,246,368
11/10/2022,CMI,IL,AGL,CE,Combined TRACON& Tower with Radar,0,21,11,0,32,0,31,18,0,49,0,52,29,0,81,86,0,86,167
11/11/2022,CMI,IL,AGL,CE,Combined TRACON& Tower with Radar,0,33,25,0,58,0,5,10,3,18,0,38,35,3,76,18,0,18,94
11/12/2022,CMI,IL,AGL,CE,Combined TRACON& Tower with Radar,0,10,18,0,28,0,3,0,1,4,0,13,18,1,32,90,0,90,122
11/13/2022,CMI,IL,AGL,CE,Combined TRACON& Tower with Radar,0,8,11,1,20,0,11,21,0,32,0,19,32,1,52,110,0,110,162
11/14/2022,CMI,IL,AGL,CE,Combined TRACON& Tower with Radar,0,40,17,0,57,0,56,25,0,81,0,96,42,0,138,228,0,228,366
11/15/2022,CMI,IL,AGL,CE,Combined TRACON& Tower with Radar,1,9,3,0,13,0,0,1,0,1,1,9,4,0,14,0,0,0,14
11/16/2022,CMI,IL,AGL,CE,Combined TRACON& Tower with Radar,1,12,5,0,18,0,1,0,0,1,1,13,5,0,19,0,0,0,19
11/17/2022,CMI,IL,AGL,CE,Combined TRACON& Tower with Radar,0,19,10,2,31,0,6,5,0,11,0,25,15,2,42,186,0,186,228
11/18/2022,CMI,IL,AGL,CE,Combined TRACON& Tower with Radar,3,16,10,2,31,0,1,5,0,6,3,17,15,2,37,0,0,0,37
11/19/2022,CMI,IL,AGL,CE,Combined TRACON& Tower with Radar,2,12,9,0,23,0,7,6,0,13,2,19,15,0,36,30,0,30,66
11/20/2022,CMI,IL,AGL,CE,Combined TRACON& Tower with Radar,2,21,11,0,34,0,28,35,0,63,2,49,46,0,97,132,0,132,229
11/21/2022,CMI,IL,AGL,CE,Combined TRACON& Tower with Radar,0,31,12,0,43,0,35,15,0,50,0,66,27,0,93,142,0,142,235
11/22/2022,CMI,IL,AGL,CE,Combined TRACON& Tower with Radar,0,25,21,0,46,0,64,22,0,86,0,89,43,0,132,205,0,205,337
11/23/2022,CMI,IL,AGL,CE,Combined TRACON& Tower with Radar,2,21,15,2,40,0,37,13,0,50,2,58,28,2,90,274,0,274,364
11/24/2022,CMI,IL,AGL,CE,Combined TRACON& Tower with Radar,0,4,8,0,12,0,0,1,0,1,0,4,9,0,13,0,0,0,13
11/25/2022,CMI,IL,AGL,CE,Combined TRACON& Tower with Radar,0,10,3,0,13,0,4,3,0,7,0,14,6,0,20,0,0,0,20
11/26/2022,CMI,IL,AGL,CE,Combined TRACON& Tower with Radar,2,20,7,0,29,0,8,13,0,21,2,28,20,0,50,38,0,38,88
11/27/2022,CMI,IL,AGL,CE,Combined TRACON& Tower with Radar,0,14,15,0,29,0,2,0,0,2,0,16,15,0,31,6,0,6,37
11/28/2022,CMI,IL,AGL,CE,Combined TRACON& Tower with Radar,3,13,7,2,25,0,4,3,0,7,3,17,10,2,32,232,0,232,264
11/29/2022,CMI,IL,AGL,CE,Combined TRACON& Tower with Radar,3,20,11,0,34,0,7,3,0,10,3,27,14,0,44,14,0,14,58
11/30/2022,CMI,IL,AGL,CE,Combined TRACON& Tower with Radar,5,13,6,0,24,0,7,2,0,9,5,20,8,0,33,14,0,14,47
12/01/2022,CMI,IL,AGL,CE,Combined TRACON& Tower with Radar,6,41,12,0,59,0,73,30,0,103,6,114,42,0,162,248,0,248,410
12/02/2022,CMI,IL,AGL,CE,Combined TRACON& Tower with Radar,3,8,9,0,20,1,0,6,0,7,4,8,15,0,27,160,0,160,187
12/03/2022,CMI,IL,AGL,CE,Combined TRACON& Tower with Radar,5,19,6,0,30,0,48,13,0,61,5,67,19,0,91,0,0,0,91
12/04/2022,CMI,IL,AGL,CE,Combined TRACON& Tower with Radar,4,17,6,0,27,0,46,25,0,71,4,63,31,0,98,186,0,186,284
12/05/2022,CMI,IL,AGL,CE,Combined TRACON& Tower with Radar,6,16,2,0,24,0,1,4,0,5,6,17,6,0,29,128,0,128,157
12/06/2022,CMI,IL,AGL,CE,Combined TRACON& Tower with Radar,5,9,17,0,31,0,0,0,0,0,5,9,17,0,31,0,0,0,31
12/07/2022,CMI,IL,AGL,CE,Combined TRACON& Tower with Radar,4,30,1,0,35,1,24,2,0,27,5,54,3,0,62,272,0,272,334
12/08/2022,CMI,IL,AGL,CE,Combined TRACON& Tower with Radar,4,62,12,2,80,0,12,2,0,14,4,74,14,2,94,96,0,96,190
12/09/2022,CMI,IL,AGL,CE,Combined TRACON& Tower with Radar,5,16,1,0,22,0,0,0,0,0,5,16,1,0,22,66,0,66,88
12/10/2022,CMI,IL,AGL,CE,Combined TRACON& Tower with Radar,7,7,3,0,17,0,0,0,0,0,7,7,3,0,17,0,0,0,17
12/11/2022,CMI,IL,AGL,CE,Combined TRACON& Tower with Radar,3,6,12,0,21,1,4,8,0,13,4,10,20,0,34,124,0,124,158
12/12/2022,CMI,IL,AGL,CE,Combined TRACON& Tower with Radar,4,24,8,0,36,0,35,12,0,47,4,59,20,0,83,186,0,186,269
12/13/2022,CMI,IL,AGL,CE,Combined TRACON& Tower with Radar,4,13,16,0,33,0,43,12,0,55,4,56,28,0,88,124,0,124,212
12/14/2022,CMI,IL,AGL,CE,Combined TRACON& Tower with Radar,5,12,10,0,27,1,0,0,0,1,6,12,10,0,28,0,0,0,28
12/15/2022,CMI,IL,AGL,CE,Combined TRACON& Tower with Radar,4,23,11,0,38,0,15,9,2,26,4,38,20,2,64,91,0,91,155
12/16/2022,CMI,IL,AGL,CE,Combined TRACON& Tower with Radar,4,13,7,0,24,0,3,2,0,5,4,16,9,0,29,14,0,14,43
12/17/2022,CMI,IL,AGL,CE,Combined TRACON& Tower with Radar,4,9,3,0,16,0,8,0,0,8,4,17,3,0,24,8,0,8,32
12/18/2022,CMI,IL,AGL,CE,Combined TRACON& Tower with Radar,4,13,15,0,32,0,22,19,0,41,4,35,34,0,73,76,0,76,149
12/19/2022,CMI,IL,AGL,CE,Combined TRACON& Tower with Radar,4,17,11,0,32,0,30,6,0,36,4,47,17,0,68,98,0,98,166
12/20/2022,CMI,IL,AGL,CE,Combined TRACON& Tower with Radar,4,13,17,0,34,0,15,12,0,27,4,28,29,0,61,70,0,70,131
12/21/2022,CMI,IL,AGL,CE,Combined TRACON& Tower with Radar,3,11,19,0,33,1,2,4,0,7,4,13,23,0,40,2,0,2,42
12/22/2022,CMI,IL,AGL,CE,Combined TRACON& Tower with Radar,4,5,1,0,10,0,2,0,0,2,4,7,1,0,12,8,0,8,20
12/23/2022,CMI,IL,AGL,CE,Combined TRACON& Tower with Radar,2,5,2,0,9,0,0,0,0,0,2,5,2,0,9,0,0,0,9
12/24/2022,CMI,IL,AGL,CE,Combined TRACON& Tower with Radar,4,7,6,0,17,0,0,0,0,0,4,7,6,0,17,0,0,0,17
12/25/2022,CMI,IL,AGL,CE,Combined TRACON& Tower with Radar,4,12,1,0,17,0,2,2,0,4,4,14,3,0,21,0,0,0,21
12/26/2022,CMI,IL,AGL,CE,Combined TRACON& Tower with Radar,6,9,6,0,21,0,0,0,0,0,6,9,6,0,21,0,0,0,21
12/27/2022,CMI,IL,AGL,CE,Combined TRACON& Tower with Radar,4,11,10,0,25,0,2,8,0,10,4,13,18,0,35,32,0,32,67
12/28/2022,CMI,IL,AGL,CE,Combined TRACON& Tower with Radar,3,8,2,0,13,1,2,4,0,7,4,10,6,0,20,2,0,2,22
12/29/2022,CMI,IL,AGL,CE,Combined TRACON& Tower with Radar,4,10,6,0,20,0,0,1,0,1,4,10,7,0,21,0,0,0,21
12/30/2022,CMI,IL,AGL,CE,Combined TRACON& Tower with Radar,4,9,7,0,20,0,0,2,0,2,4,9,9,0,22,0,0,0,22
12/31/2022,CMI,IL,AGL,CE,Combined TRACON& Tower with Radar,6,7,2,0,15,0,6,9,0,15,6,13,11,0,30,16,0,16,46
01/01/2023,CMI,IL,AGL,CE,Combined TRACON& Tower with Radar,4,7,11,0,22,0,0,1,0,1,4,7,12,0,23,0,0,0,23
01/02/2023,CMI,IL,AGL,CE,Combined TRACON& Tower with Radar,3,9,3,0,15,0,0,0,0,0,3,9,3,0,15,0,0,0,15
01/03/2023,CMI,IL,AGL,CE,Combined TRACON& Tower with Radar,7,8,19,0,34,0,0,0,0,0,7,8,19,0,34,0,0,0,34
01/04/2023,CMI,IL,AGL,CE,Combined TRACON& Tower with Radar,4,9,4,0,17,0,2,21,0,23,4,11,25,0,40,0,0,0,40
01/05/2023,CMI,IL,AGL,CE,Combined TRACON& Tower with Radar,3,13,7,2,25,1,0,0,0,1,4,13,7,2,26,0,0,0,26
01/06/2023,CMI,IL,AGL,CE,Combined TRACON& Tower with Radar,6,14,4,0,24,0,11,3,0,14,6,25,7,0,38,26,0,26,64
01/07/2023,CMI,IL,AGL,CE,Combined TRACON& Tower with Radar,8,12,16,0,36,0,6,2,0,8,8,18,18,0,44,6,0,6,50
01/08/2023,CMI,IL,AGL,CE,Combined TRACON& Tower with Radar,5,8,7,0,20,0,0,0,0,0,5,8,7,0,20,0,0,0,20
01/09/2023,CMI,IL,AGL,CE,Combined TRACON& Tower with Radar,5,14,8,0,27,0,14,17,0,31,5,28,25,0,58,40,0,40,98
01/10/2023,CMI,IL,AGL,CE,Combined TRACON& Tower with Radar,0,14,11,1,26,0,24,24,1,49,0,38,35,2,75,66,0,66,141
01/11/2023,CMI,IL,AGL,CE,Combined TRACON& Tower with Radar,0,15,14,0,29,0,1,1,0,2,0,16,15,0,31,0,0,0,31
01/12/2023,CMI,IL,AGL,CE,Combined TRACON& Tower with Radar,1,10,9,0,20,0,0,0,0,0,1,10,9,0,20,0,0,0,20
01/13/2023,CMI,IL,AGL,CE,Combined TRACON& Tower with Radar,0,9,14,0,23,0,0,0,0,0,0,9,14,0,23,353,0,353,376
01/14/2023,CMI,IL,AGL,CE,Combined TRACON& Tower with Radar,2,12,21,0,35,0,0,10,0,10,2,12,31,0,45,388,0,388,433
01/15/2023,CMI,IL,AGL,CE,Combined TRACON& Tower with Radar,3,11,13,0,27,0,8,14,0,22,3,19,27,0,49,14,0,14,63
01/16/2023,CMI,IL,AGL,CE,Combined TRACON& Tower with Radar,1,8,8,0,17,0,0,2,0,2,1,8,10,0,19,8,0,8,27
01/17/2023,CMI,IL,AGL,CE,Combined TRACON& Tower with Radar,0,12,4,0,16,0,1,5,0,6,0,13,9,0,22,56,0,56,78
01/18/2023,CMI,IL,AGL,CE,Combined TRACON& Tower with Radar,0,16,9,0,25,0,3,1,0,4,0,19,10,0,29,0,0,0,29
01/19/2023,CMI,IL,AGL,CE,Combined TRACON& Tower with Radar,0,17,6,0,23,0,1,0,0,1,0,18,6,0,24,0,0,0,24
01/20/2023,CMI,IL,AGL,CE,Combined TRACON& Tower with Radar,0,12,10,0,22,0,2,1,0,3,0,14,11,0,25,222,0,222,247
01/21/2023,CMI,IL,AGL,CE,Combined TRACON& Tower with Radar,0,8,6,0,14,0,2,5,0,7,0,10,11,0,21,178,0,178,199
01/22/2023,CMI,IL,AGL,CE,Combined TRACON& Tower with Radar,0,13,6,0,19,0,0,2,0,2,0,13,8,0,21,22,0,22,43
01/23/2023,CMI,IL,AGL,CE,Combined TRACON& Tower with Radar,2,8,6,0,16,0,8,4,0,12,2,16,10,0,28,86,0,86,114
01/24/2023,CMI,IL,AGL,CE,Combined TRACON& Tower with Radar,2,11,5,0,18,0,2,6,0,8,2,13,11,0,26,18,0,18,44
01/25/2023,CMI,IL,AGL,CE,Combined TRACON& Tower with Radar,0,8,0,0,8,0,0,0,0,0,0,8,0,0,8,0,0,0,8
01/26/2023,CMI,IL,AGL,CE,Combined TRACON& Tower with Radar,0,13,2,0,15,0,0,0,0,0,0,13,2,0,15,24,0,24,39
01/27/2023,CMI,IL,AGL,CE,Combined TRACON& Tower with Radar,2,18,12,0,32,0,28,7,2,37,2,46,19,2,69,64,0,64,133
01/28/2023,CMI,IL,AGL,CE,Combined TRACON& Tower with Radar,7,23,14,0,44,0,75,14,0,89,7,98,28,0,133,174,0,174,307
01/29/2023,CMI,IL,AGL,CE,Combined TRACON& Tower with Radar,2,9,2,0,13,0,0,0,0,0,2,9,2,0,13,0,0,0,13
01/30/2023,CMI,IL,AGL,CE,Combined TRACON& Tower with Radar,0,13,10,0,23,0,19,5,0,24,0,32,15,0,47,108,0,108,155
01/31/2023,CMI,IL,AGL,CE,Combined TRACON& Tower with Radar,1,29,11,0,41,0,48,8,0,56,1,77,19,0,97,166,0,166,263
02/01/2023,CMI,IL,AGL,CE,Combined TRACON& Tower with Radar,1,21,8,0,30,0,63,19,0,82,1,84,27,0,112,172,0,172,284
02/02/2023,CMI,IL,AGL,CE,Combined TRACON& Tower with Radar,1,36,13,0,50,0,63,15,0,78,1,99,28,0,128,216,0,216,344
02/03/2023,CMI,IL,AGL,CE,Combined TRACON& Tower with Radar,1,30,8,0,39,0,56,13,0,69,1,86,21,0,108,250,0,250,358
02/04/2023,CMI,IL,AGL,CE,Combined TRACON& Tower with Radar,3,13,6,0,22,0,7,6,0,13,3,20,12,0,35,16,0,16,51
02/05/2023,CMI,IL,AGL,CE,Combined TRACON& Tower with Radar,4,12,10,2,28,0,18,24,8,50,4,30,34,10,78,28,0,28,106
02/06/2023,CMI,IL,AGL,CE,Combined TRACON& Tower with Radar,1,26,12,0,39,0,50,12,0,62,1,76,24,0,101,86,0,86,187
02/07/2023,CMI,IL,AGL,CE,Combined TRACON& Tower with Radar,0,28,11,0,39,0,36,7,0,43,0,64,18,0,82,276,0,276,358
02/08/2023,CMI,IL,AGL,CE,Combined TRACON& Tower with Radar,1,24,13,0,38,0,51,1,2,54,1,75,14,2,92,130,2,132,224
02/09/2023,CMI,IL,AGL,CE,Combined TRACON& Tower with Radar,0,8,7,0,15,0,0,0,0,0,0,8,7,0,15,0,0,0,15
02/10/2023,CMI,IL,AGL,CE,Combined TRACON& Tower with Radar,1,39,14,0,54,0,15,18,0,33,1,54,32,0,87,150,0,150,237
02/11/2023,CMI,IL,AGL,CE,Combined TRACON& Tower with Radar,3,30,12,0,45,0,36,30,0,66,3,66,42,0,111,206,0,206,317
02/12/2023,CMI,IL,AGL,CE,Combined TRACON& Tower with Radar,1,14,14,0,29,0,19,23,0,42,1,33,37,0,71,24,0,24,95
02/13/2023,CMI,IL,AGL,CE,Combined TRACON& Tower with Radar,1,37,21,0,59,0,59,15,0,74,1,96,36,0,133,248,0,248,381
02/14/2023,CMI,IL,AGL,CE,Combined TRACON& Tower with Radar,0,17,6,0,23,0,13,11,0,24,0,30,17,0,47,20,0,20,67
02/15/2023,CMI,IL,AGL,CE,Combined TRACON& Tower with Radar,3,26,4,0,33,0,19,7,0,26,3,45,11,0,59,164,0,164,223
02/16/2023,CMI,IL,AGL,CE,Combined TRACON& Tower with Radar,3,20,15,0,38,0,0,0,0,0,3,20,15,0,38,0,0,0,38
02/17/2023,CMI,IL,AGL,CE,Combined TRACON& Tower with Radar,2,20,4,0,26,0,15,8,0,23,2,35,12,0,49,110,0,110,159
02/18/2023,CMI,IL,AGL,CE,Combined TRACON& Tower with Radar,2,37,2,0,41,0,47,12,0,59,2,84,14,0,100,152,0,152,252
02/19/2023,CMI,IL,AGL,CE,Combined TRACON& Tower with Radar,5,7,6,0,18,0,0,13,0,13,5,7,19,0,31,0,0,0,31
02/20/2023,CMI,IL,AGL,CE,Combined TRACON& Tower with Radar,0,28,17,0,45,0,69,20,0,89,0,97,37,0,134,270,0,270,404
02/21/2023,CMI,IL,AGL,CE,Combined TRACON& Tower with Radar,2,41,15,12,70,0,45,16,2,63,2,86,31,14,133,174,6,180,313
02/22/2023,CMI,IL,AGL,CE,Combined TRACON& Tower with Radar,0,10,6,0,16,0,0,0,0,0,0,10,6,0,16,0,0,0,16
02/23/2023,CMI,IL,AGL,CE,Combined TRACON& Tower with Radar,0,13,8,2,23,0,0,0,0,0,0,13,8,2,23,0,0,0,23
02/24/2023,CMI,IL,AGL,CE,Combined TRACON& Tower with Radar,0,33,6,0,39,0,49,30,0,79,0,82,36,0,118,264,0,264,382
02/25/2023,CMI,IL,AGL,CE,Combined TRACON& Tower with Radar,4,8,4,0,16,0,4,8,0,12,4,12,12,0,28,140,0,140,168
02/26/2023,CMI,IL,AGL,CE,Combined TRACON& Tower with Radar,3,15,23,0,41,0,17,26,0,43,3,32,49,0,84,88,0,88,172
02/27/2023,CMI,IL,AGL,CE,Combined TRACON& Tower with Radar,1,10,4,0,15,0,0,0,0,0,1,10,4,0,15,0,0,0,15
02/28/2023,CMI,IL,AGL,CE,Combined TRACON& Tower with Radar,2,54,14,2,72,0,8,11,3,22,2,62,25,5,94,120,6,126,220
03/01/2023,CMI,IL,AGL,CE,Combined TRACON& Tower with Radar,1,39,11,0,51,0,59,24,0,83,1,98,35,0,134,204,0,204,338
03/02/2023,CMI,IL,AGL,CE,Combined TRACON& Tower with Radar,2,26,24,2,54,0,59,24,0,83,2,85,48,2,137,124,0,124,261
03/03/2023,CMI,IL,AGL,CE,Combined TRACON& Tower with Radar,0,8,2,0,10,0,2,0,0,2,0,10,2,0,12,0,0,0,12
03/04/2023,CMI,IL,AGL,CE,Combined TRACON& Tower with Radar,2,27,13,0,42,0,36,25,0,61,2,63,38,0,103,168,0,168,271
03/05/2023,CMI,IL,AGL,CE,Combined TRACON& Tower with Radar,0,12,6,0,18,0,12,31,0,43,0,24,37,0,61,26,0,26,87
03/06/2023,CMI,IL,AGL,CE,Combined TRACON& Tower with Radar,0,31,7,0,38,0,45,13,0,58,0,76,20,0,96,106,0,106,202
03/07/2023,CMI,IL,AGL,CE,Combined TRACON& Tower with Radar,0,13,16,0,29,0,18,8,0,26,0,31,24,0,55,154,0,154,209
03/08/2023,CMI,IL,AGL,CE,Combined TRACON& Tower with Radar,0,21,11,0,32,0,29,17,2,48,0,50,28,2,80,166,0,166,246
03/09/2023,CMI,IL,AGL,CE,Combined TRACON& Tower with Radar,0,12,7,0,19,0,37,3,0,40,0,49,10,0,59,44,0,44,103
03/10/2023,CMI,IL,AGL,CE,Combined TRACON& Tower with Radar,0,10,9,0,19,0,0,0,0,0,0,10,9,0,19,36,0,36,55
03/11/2023,CMI,IL,AGL,CE,Combined TRACON& Tower with Radar,0,11,9,0,20,0,4,10,0,14,0,15,19,0,34,36,0,36,70
03/12/2023,CMI,IL,AGL,CE,Combined TRACON& Tower with Radar,0,8,0,0,8,0,1,0,0,1,0,9,0,0,9,0,0,0,9
03/13/2023,CMI,IL,AGL,CE,Combined TRACON& Tower with Radar,0,12,11,0,23,0,0,0,0,0,0,12,11,0,23,0,0,0,23
03/14/2023,CMI,IL,AGL,CE,Combined TRACON& Tower with Radar,2,12,9,5,28,0,9,28,1,38,2,21,37,6,66,14,0,14,80
03/15/2023,CMI,IL,AGL,CE,Combined TRACON& Tower with Radar,0,18,15,0,33,0,16,23,2,41,0,34,38,2,74,16,0,16,90
03/16/2023,CMI,IL,AGL,CE,Combined TRACON& Tower with Radar,0,15,6,0,21,0,1,1,0,2,0,16,7,0,23,0,0,0,23
03/17/2023,CMI,IL,AGL,CE,Combined TRACON& Tower with Radar,2,7,9,0,18,0,0,1,0,1,2,7,10,0,19,0,0,0,19
03/18/2023,CMI,IL,AGL,CE,Combined TRACON& Tower with Radar,0,10,3,0,13,0,0,1,0,1,0,10,4,0,14,0,0,0,14
03/19/2023,CMI,IL,AGL,CE,Combined TRACON& Tower with Radar,0,20,7,0,27,0,13,38,0,51,0,33,45,0,78,40,0,40,118
03/20/2023,CMI,IL,AGL,CE,Combined TRACON& Tower with Radar,0,24,8,0,32,0,27,8,0,35,0,51,16,0,67,144,0,144,211
03/21/2023,CMI,IL,AGL,CE,Combined TRACON& Tower with Radar,0,12,10,0,22,0,37,12,0,49,0,49,22,0,71,100,0,100,171
03/22/2023,CMI,IL,AGL,CE,Combined TRACON& Tower with Radar,0,17,10,0,27,0,0,0,0,0,0,17,10,0,27,0,0,0,27
03/23/2023,CMI,IL,AGL,CE,Combined TRACON& Tower with Radar,0,41,7,0,48,0,0,0,0,0,0,41,7,0,48,0,0,0,48
03/24/2023,CMI,IL,AGL,CE,Combined TRACON& Tower with Radar,0,11,12,0,23,0,0,0,0,0,0,11,12,0,23,0,0,0,23
03/25/2023,CMI,IL,AGL,CE,Combined TRACON& Tower with Radar,0,13,5,0,18,0,6,1,0,7,0,19,6,0,25,6,0,6,31
03/26/2023,CMI,IL,AGL,CE,Combined TRACON& Tower with Radar,0,18,5,0,23,0,16,23,0,39,0,34,28,0,62,22,0,22,84
03/27/2023,CMI,IL,AGL,CE,Combined TRACON& Tower with Radar,0,34,11,0,45,0,22,11,0,33,0,56,22,0,78,180,0,180,258
03/28/2023,CMI,IL,AGL,CE,Combined TRACON& Tower with Radar,0,29,11,0,40,0,50,29,2,81,0,79,40,2,121,274,0,274,395
03/29/2023,CMI,IL,AGL,CE,Combined TRACON& Tower with Radar,0,25,16,0,41,0,48,33,0,81,0,73,49,0,122,294,0,294,416
03/30/2023,CMI,IL,AGL,CE,Combined TRACON& Tower with Radar,0,25,13,0,38,0,52,26,0,78,0,77,39,0,116,214,0,214,330
03/31/2023,CMI,IL,AGL,CE,Combined TRACON& Tower with Radar,1,9,0,0,10,0,0,0,0,0,1,9,0,0,10,0,0,0,10
04/01/2023,CMI,IL,AGL,CE,Combined TRACON& Tower with Radar,0,9,3,0,12,0,0,4,2,6,0,9,7,2,18,0,0,0,18
04/02/2023,CMI,IL,AGL,CE,Combined TRACON& Tower with Radar,4,13,15,1,33,0,19,40,0,59,4,32,55,1,92,54,0,54,146
04/03/2023,CMI,IL,AGL,CE,Combined TRACON& Tower with Radar,0,20,14,0,34,0,55,31,0,86,0,75,45,0,120,408,0,408,528
04/04/2023,CMI,IL,AGL,CE,Combined TRACON& Tower with Radar,0,10,23,0,33,0,2,0,0,2,0,12,23,0,35,0,0,0,35
04/05/2023,CMI,IL,AGL,CE,Combined TRACON& Tower with Radar,0,11,5,0,16,0,2,0,0,2,0,13,5,0,18,14,0,14,32
04/06/2023,CMI,IL,AGL,CE,Combined TRACON& Tower with Radar,0,30,11,4,45,0,55,50,0,105,0,85,61,4,150,334,6,340,490
04/07/2023,CMI,IL,AGL,CE,Combined TRACON& Tower with Radar,0,31,9,0,40,0,46,30,0,76,0,77,39,0,116,204,0,204,320
04/08/2023,CMI,IL,AGL,CE,Combined TRACON& Tower with Radar,0,17,9,0,26,0,36,41,0,77,0,53,50,0,103,134,0,134,237
04/09/2023,CMI,IL,AGL,CE,Combined TRACON& Tower with Radar,0,14,14,0,28,0,5,27,0,32,0,19,41,0,60,84,0,84,144
04/10/2023,CMI,IL,AGL,CE,Combined TRACON& Tower with Radar,0,27,11,0,38,0,36,22,0,58,0,63,33,0,96,406,0,406,502
04/11/2023,CMI,IL,AGL,CE,Combined TRACON& Tower with Radar,0,28,11,0,39,0,43,31,0,74,0,71,42,0,113,170,0,170,283
04/12/2023,CMI,IL,AGL,CE,Combined TRACON& Tower with Radar,0,25,7,0,32,0,45,13,0,58,0,70,20,0,90,100,0,100,190
04/13/2023,CMI,IL,AGL,CE,Combined TRACON& Tower with Radar,0,22,18,0,40,0,42,24,0,66,0,64,42,0,106,220,0,220,326
04/14/2023,CMI,IL,AGL,CE,Combined TRACON& Tower with Radar,0,34,6,0,40,0,38,25,0,63,0,72,31,0,103,358,0,358,461
04/15/2023,CMI,IL,AGL,CE,Combined TRACON& Tower with Radar,0,15,13,0,28,0,20,18,0,38,0,35,31,0,66,148,0,148,214
04/16/2023,CMI,IL,AGL,CE,Combined TRACON& Tower with Radar,0,11,5,0,16,0,1,0,0,1,0,12,5,0,17,0,0,0,17
04/17/2023,CMI,IL,AGL,CE,Combined TRACON& Tower with Radar,0,14,3,0,17,0,2,5,0,7,0,16,8,0,24,14,0,14,38
04/18/2023,CMI,IL,AGL,CE,Combined TRACON& Tower with Radar,0,33,11,2,46,0,59,14,0,73,0,92,25,2,119,302,0,302,421
04/19/2023,CMI,IL,AGL,CE,Combined TRACON& Tower with Radar,0,24,3,0,27,0,15,3,1,19,0,39,6,1,46,100,0,100,146
04/20/2023,CMI,IL,AGL,CE,Combined TRACON& Tower with Radar,0,14,9,0,23,0,0,4,2,6,0,14,13,2,29,0,0,0,29
04/21/2023,CMI,IL,AGL,CE,Combined TRACON& Tower with Radar,0,34,6,0,40,0,54,24,1,79,0,88,30,1,119,268,0,268,387
04/22/2023,CMI,IL,AGL,CE,Combined TRACON& Tower with Radar,0,22,8,0,30,0,17,21,0,38,0,39,29,0,68,84,0,84,152
04/23/2023,CMI,IL,AGL,CE,Combined TRACON& Tower with Radar,0,18,16,0,34,0,9,23,0,32,0,27,39,0,66,46,0,46,112
04/24/2023,CMI,IL,AGL,CE,Combined TRACON& Tower with Radar,0,22,12,0,34,0,49,32,0,81,0,71,44,0,115,208,0,208,323
04/25/2023,CMI,IL,AGL,CE,Combined TRACON& Tower with Radar,0,26,17,0,43,0,45,12,0,57,0,71,29,0,100,244,0,244,344
04/26/2023,CMI,IL,AGL,CE,Combined TRACON& Tower with Radar,2,16,5,0,23,0,55,32,0,87,2,71,37,0,110,250,0,250,360
04/27/2023,CMI,IL,AGL,CE,Combined TRACON& Tower with Radar,0,35,4,0,39,0,43,16,0,59,0,78,20,0,98,250,0,250,348
04/28/2023,CMI,IL,AGL,CE,Combined TRACON& Tower with Radar,0,28,10,0,38,0,51,14,0,65,0,79,24,0,103,272,0,272,375
04/29/2023,CMI,IL,AGL,CE,Combined TRACON& Tower with Radar,0,20,5,0,25,0,33,19,0,52,0,53,24,0,77,140,0,140,217
04/30/2023,CMI,IL,AGL,CE,Combined TRACON& Tower with Radar,0,15,10,0,25,0,0,0,0,0,0,15,10,0,25,0,0,0,25
05/01/2023,CMI,IL,AGL,CE,Combined TRACON& Tower with Radar,0,13,8,0,21,0,0,3,0,3,0,13,11,0,24,0,0,0,24
05/02/2023,CMI,IL,AGL,CE,Combined TRACON& Tower with Radar,0,20,17,0,37,0,17,3,0,20,0,37,20,0,57,36,0,36,93
05/03/2023,CMI,IL,AGL,CE,Combined TRACON& Tower with Radar,0,32,19,0,51,0,61,28,0,89,0,93,47,0,140,234,0,234,374
05/04/2023,CMI,IL,AGL,CE,Combined TRACON& Tower with Radar,1,24,14,0,39,0,45,29,0,74,1,69,43,0,113,208,0,208,321
05/05/2023,CMI,IL,AGL,CE,Combined TRACON& Tower with Radar,7,19,10,0,36,0,34,18,0,52,7,53,28,0,88,130,0,130,218
05/06/2023,CMI,IL,AGL,CE,Combined TRACON& Tower with Radar,7,18,11,0,36,0,8,8,0,16,7,26,19,0,52,58,0,58,110
05/07/2023,CMI,IL,AGL,CE,Combined TRACON& Tower with Radar,6,6,7,0,19,0,0,6,0,6,6,6,13,0,25,8,0,8,33
05/08/2023,CMI,IL,AGL,CE,Combined TRACON& Tower with Radar,6,9,16,0,31,0,7,10,0,17,6,16,26,0,48,108,0,108,156
05/09/2023,CMI,IL,AGL,CE,Combined TRACON& Tower with Radar,6,21,23,0,50,0,19,24,0,43,6,40,47,0,93,116,0,116,209
05/10/2023,CMI,IL,AGL,CE,Combined TRACON& Tower with Radar,8,10,7,0,25,0,36,25,0,61,8,46,32,0,86,178,0,178,264
05/11/2023,CMI,IL,AGL,CE,Combined TRACON& Tower with Radar,10,10,9,0,29,0,25,39,0,64,10,35,48,0,93,132,0,132,225
05/12/2023,CMI,IL,AGL,CE,Combined TRACON& Tower with Radar,8,23,11,0,42,0,4,4,0,8,8,27,15,0,50,72,0,72,122
05/13/2023,CMI,IL,AGL,CE,Combined TRACON& Tower with Radar,8,10,13,0,31,0,2,2,0,4,8,12,15,0,35,16,0,16,51
05/14/2023,CMI,IL,AGL,CE,Combined TRACON& Tower with Radar,8,12,5,0,25,0,3,1,0,4,8,15,6,0,29,0,0,0,29
05/15/2023,CMI,IL,AGL,CE,Combined TRACON& Tower with Radar,7,10,11,8,36,0,20,18,0,38,7,30,29,8,74,40,8,48,122
05/16/2023,CMI,IL,AGL,CE,Combined TRACON& Tower with Radar,8,9,13,0,30,0,16,15,0,31,8,25,28,0,61,100,0,100,161
05/17/2023,CMI,IL,AGL,CE,Combined TRACON& Tower with Radar,8,9,13,0,30,0,8,28,0,36,8,17,41,0,66,28,0,28,94
05/18/2023,CMI,IL,AGL,CE,Combined TRACON& Tower with Radar,6,10,5,0,21,0,17,17,0,34,6,27,22,0,55,116,0,116,171
05/19/2023,CMI,IL,AGL,CE,Combined TRACON& Tower with Radar,7,6,15,0,28,0,3,8,0,11,7,9,23,0,39,0,0,0,39
05/20/2023,CMI,IL,AGL,CE,Combined TRACON& Tower with Radar,8,5,14,0,27,0,5,23,0,28,8,10,37,0,55,40,0,40,95
05/21/2023,CMI,IL,AGL,CE,Combined TRACON& Tower with Radar,8,5,9,0,22,0,4,26,2,32,8,9,35,2,54,4,0,4,58
05/22/2023,CMI,IL,AGL,CE,Combined TRACON& Tower with Radar,8,5,8,0,21,0,11,27,0,38,8,16,35,0,59,14,0,14,73
05/23/2023,CMI,IL,AGL,CE,Combined TRACON& Tower with Radar,7,4,6,0,17,0,6,19,0,25,7,10,25,0,42,64,0,64,106
05/24/2023,CMI,IL,AGL,CE,Combined TRACON& Tower with Radar,8,5,13,2,28,0,8,14,0,22,8,13,27,2,50,46,0,46,96
05/25/2023,CMI,IL,AGL,CE,Combined TRACON& Tower with Radar,8,9,12,0,29,0,15,18,2,35,8,24,30,2,64,32,0,32,96
05/26/2023,CMI,IL,AGL,CE,Combined TRACON& Tower with Radar,8,3,7,0,18,0,12,23,0,35,8,15,30,0,53,86,0,86,139
05/27/2023,CMI,IL,AGL,CE,Combined TRACON& Tower with Radar,8,2,8,0,18,0,6,68,0,74,8,8,76,0,92,6,0,6,98
05/28/2023,CMI,IL,AGL,CE,Combined TRACON& Tower with Radar,8,4,9,0,21,0,4,11,0,15,8,8,20,0,36,22,0,22,58
05/29/2023,CMI,IL,AGL,CE,Combined TRACON& Tower with Radar,8,2,2,0,12,0,6,12,0,18,8,8,14,0,30,24,0,24,54
05/30/2023,CMI,IL,AGL,CE,Combined TRACON& Tower with Radar,8,0,5,0,13,0,6,19,0,25,8,6,24,0,38,20,0,20,58
05/31/2023,CMI,IL,AGL,CE,Combined TRACON& Tower with Radar,8,6,8,0,22,0,8,25,2,35,8,14,33,2,57,40,0,40,97
06/01/2023,CMI,IL,AGL,CE,Combined TRACON& Tower with Radar,8,3,7,0,18,0,4,10,0,14,8,7,17,0,32,26,0,26,58
06/02/2023,CMI,IL,AGL,CE,Combined TRACON& Tower with Radar,8,2,21,0,31,0,9,22,0,31,8,11,43,0,62,64,0,64,126
06/03/2023,CMI,IL,AGL,CE,Combined TRACON& Tower with Radar,8,2,10,0,20,0,4,16,0,20,8,6,26,0,40,14,0,14,54
06/04/2023,CMI,IL,AGL,CE,Combined TRACON& Tower with Radar,8,9,17,0,34,0,11,11,1,23,8,20,28,1,57,8,0,8,65
06/05/2023,CMI,IL,AGL,CE,Combined TRACON& Tower with Radar,12,22,15,0,49,0,15,22,0,37,12,37,37,0,86,64,0,64,150
06/06/2023,CMI,IL,AGL,CE,Combined TRACON& Tower with Radar,8,18,15,0,41,0,31,25,0,56,8,49,40,0,97,138,0,138,235
06/07/2023,CMI,IL,AGL,CE,Combined TRACON& Tower with Radar,8,21,7,0,36,0,53,14,0,67,8,74,21,0,103,258,0,258,361
06/08/2023,CMI,IL,AGL,CE,Combined TRACON& Tower with Radar,8,23,6,4,41,0,46,23,0,69,8,69,29,4,110,158,0,158,268
06/09/2023,CMI,IL,AGL,CE,Combined TRACON& Tower with Radar,8,19,3,0,30,0,38,33,0,71,8,57,36,0,101,152,0,152,253
06/10/2023,CMI,IL,AGL,CE,Combined TRACON& Tower with Radar,6,14,6,0,26,0,42,20,0,62,6,56,26,0,88,172,0,172,260
06/11/2023,CMI,IL,AGL,CE,Combined TRACON& Tower with Radar,8,8,10,0,26,0,1,0,0,1,8,9,10,0,27,14,0,14,41
06/12/2023,CMI,IL,AGL,CE,Combined TRACON& Tower with Radar,8,39,5,0,52,0,40,33,0,73,8,79,38,0,125,160,0,160,285
06/13/2023,CMI,IL,AGL,CE,Combined TRACON& Tower with Radar,7,16,16,0,39,0,6,8,0,14,7,22,24,0,53,68,0,68,121
06/14/2023,CMI,IL,AGL,CE,Combined TRACON& Tower with Radar,8,34,15,0,57,0,43,13,4,60,8,77,28,4,117,318,0,318,435
06/15/2023,CMI,IL,AGL,CE,Combined TRACON& Tower with Radar,8,22,10,0,40,0,27,15,0,42,8,49,25,0,82,226,0,226,308
06/16/2023,CMI,IL,AGL,CE,Combined TRACON& Tower with Radar,8,49,18,0,75,0,29,16,0,45,8,78,34,0,120,96,0,96,216
06/17/2023,CMI,IL,AGL,CE,Combined TRACON& Tower with Radar,8,16,15,0,39,0,16,32,0,48,8,32,47,0,87,86,0,86,173
06/18/2023,CMI,IL,AGL,CE,Combined TRACON& Tower with Radar,8,2,8,0,18,0,8,17,0,25,8,10,25,0,43,0,0,0,43
06/19/2023,CMI,IL,AGL,CE,Combined TRACON& Tower with Radar,8,28,7,0,43,0,44,14,0,58,8,72,21,0,101,142,0,142,243
06/20/2023,CMI,IL,AGL,CE,Combined TRACON& Tower with Radar,8,20,4,0,32,0,27,32,0,59,8,47,36,0,91,164,0,164,255
06/21/2023,CMI,IL,AGL,CE,Combined TRACON& Tower with Radar,8,16,10,0,34,0,17,21,0,38,8,33,31,0,72,48,0,48,120
06/22/2023,CMI,IL,AGL,CE,Combined TRACON& Tower with Radar,8,10,10,0,28,0,41,66,0,107,8,51,76,0,135,160,0,160,295
06/23/2023,CMI,IL,AGL,CE,Combined TRACON& Tower with Radar,8,28,10,0,46,0,35,22,0,57,8,63,32,0,103,156,0,156,259
06/24/2023,CMI,IL,AGL,CE,Combined TRACON& Tower with Radar,8,3,6,0,17,0,10,24,0,34,8,13,30,0,51,44,0,44,95
06/25/2023,CMI,IL,AGL,CE,Combined TRACON& Tower with Radar,6,5,5,0,16,0,2,10,0,12,6,7,15,0,28,32,0,32,60
06/26/2023,CMI,IL,AGL,CE,Combined TRACON& Tower with Radar,8,20,11,0,39,0,3,9,0,12,8,23,20,0,51,76,0,76,127
06/27/2023,CMI,IL,AGL,CE,Combined TRACON& Tower with Radar,8,27,15,2,52,0,10,3,0,13,8,37,18,2,65,24,0,24,89
06/28/2023,CMI,IL,AGL,CE,Combined TRACON& Tower with Radar,10,9,9,0,28,0,0,0,0,0,10,9,9,0,28,0,0,0,28
06/29/2023,CMI,IL,AGL,CE,Combined TRACON& Tower with Radar,2,2,4,0,8,0,0,2,0,2,2,2,6,0,10,10,0,10,20
06/30/2023,CMI,IL,AGL,CE,Combined TRACON& Tower with Radar,6,12,19,0,37,0,23,22,0,45,6,35,41,0,82,52,0,52,134
07/01/2023,CMI,IL,AGL,CE,Combined TRACON& Tower with Radar,8,9,6,0,23,0,4,7,0,11,8,13,13,0,34,16,0,16,50
07/02/2023,CMI,IL,AGL,CE,Combined TRACON& Tower with Radar,8,1,9,0,18,0,0,4,0,4,8,1,13,0,22,0,0,0,22
07/03/2023,CMI,IL,AGL,CE,Combined TRACON& Tower with Radar,8,14,8,0,30,0,35,29,0,64,8,49,37,0,94,122,0,122,216
07/04/2023,CMI,IL,AGL,CE,Combined TRACON& Tower with Radar,8,7,12,0,27,0,2,15,0,17,8,9,27,0,44,18,0,18,62
07/05/2023,CMI,IL,AGL,CE,Combined TRACON& Tower with Radar,8,10,11,1,30,0,30,16,0,46,8,40,27,1,76,156,0,156,232
07/06/2023,CMI,IL,AGL,CE,Combined TRACON& Tower with Radar,8,36,11,0,55,0,18,12,0,30,8,54,23,0,85,112,0,112,197
07/07/2023,CMI,IL,AGL,CE,Combined TRACON& Tower with Radar,8,18,16,0,42,0,63,22,0,85,8,81,38,0,127,178,0,178,305
07/08/2023,CMI,IL,AGL,CE,Combined TRACON& Tower with Radar,8,45,7,0,60,0,0,9,0,9,8,45,16,0,69,38,0,38,107
07/09/2023,CMI,IL,AGL,CE,Combined TRACON& Tower with Radar,8,6,16,0,30,0,6,21,0,27,8,12,37,0,57,6,0,6,63
07/10/2023,CMI,IL,AGL,CE,Combined TRACON& Tower with Radar,8,20,9,0,37,0,53,26,0,79,8,73,35,0,116,316,0,316,432
07/11/2023,CMI,IL,AGL,CE,Combined TRACON& Tower with Radar,8,9,22,2,41,0,45,22,0,67,8,54,44,2,108,228,0,228,336
07/12/2023,CMI,IL,AGL,CE,Combined TRACON& Tower with Radar,5,10,3,0,18,0,13,7,0,20,5,23,10,0,38,304,0,304,342
07/13/2023,CMI,IL,AGL,CE,Combined TRACON& Tower with Radar,8,31,12,0,51,0,22,19,0,41,8,53,31,0,92,218,0,218,310
07/14/2023,CMI,IL,AGL,CE,Combined TRACON& Tower with Radar,8,24,10,0,42,0,37,25,3,65,8,61,35,3,107,190,4,194,301
07/15/2023,CMI,IL,AGL,CE,Combined TRACON& Tower with Radar,8,28,14,0,50,0,13,12,0,25,8,41,26,0,75,128,0,128,203
07/16/2023,CMI,IL,AGL,CE,Combined TRACON& Tower with Radar,8,1,7,0,16,0,2,7,0,9,8,3,14,0,25,0,0,0,25
07/17/2023,CMI,IL,AGL,CE,Combined TRACON& Tower with Radar,8,10,13,0,31,0,15,13,0,28,8,25,26,0,59,252,0,252,311
07/18/2023,CMI,IL,AGL,CE,Combined TRACON& Tower with Radar,8,25,9,0,42,0,51,36,0,87,8,76,45,0,129,226,0,226,355
07/19/2023,CMI,IL,AGL,CE,Combined TRACON& Tower with Radar,8,23,19,0,50,0,43,17,0,60,8,66,36,0,110,158,0,158,268
07/20/2023,CMI,IL,AGL,CE,Combined TRACON& Tower with Radar,8,8,20,0,36,0,7,14,0,21,8,15,34,0,57,82,0,82,139
07/21/2023,CMI,IL,AGL,CE,Combined TRACON& Tower with Radar,8,23,19,2,52,0,26,39,0,65,8,49,58,2,117,164,0,164,281
07/22/2023,CMI,IL,AGL,CE,Combined TRACON& Tower with Radar,8,17,6,0,31,0,37,35,0,72,8,54,41,0,103,148,0,148,251
07/23/2023,CMI,IL,AGL,CE,Combined TRACON& Tower with Radar,8,6,12,0,26,0,11,28,0,39,8,17,40,0,65,92,0,92,157
07/24/2023,CMI,IL,AGL,CE,Combined TRACON& Tower with Radar,8,14,8,0,30,0,35,37,0,72,8,49,45,0,102,322,0,322,424
07/25/2023,CMI,IL,AGL,CE,Combined TRACON& Tower with Radar,8,13,9,0,30,0,34,21,0,55,8,47,30,0,85,224,0,224,309
07/26/2023,CMI,IL,AGL,CE,Combined TRACON& Tower with Radar,8,4,20,0,32,0,2,12,0,14,8,6,32,0,46,24,0,24,70
07/27/2023,CMI,IL,AGL,CE,Combined TRACON& Tower with Radar,7,10,10,2,29,0,17,26,0,43,7,27,36,2,72,100,4,104,176
07/28/2023,CMI,IL,AGL,CE,Combined TRACON& Tower with Radar,7,9,14,0,30,0,12,10,0,22,7,21,24,0,52,16,0,16,68
07/29/2023,CMI,IL,AGL,CE,Combined TRACON& Tower with Radar,7,2,7,0,16,0,7,11,0,18,7,9,18,0,34,48,0,48,82
07/30/2023,CMI,IL,AGL,CE,Combined TRACON& Tower with Radar,8,3,15,0,26,0,3,29,1,33,8,6,44,1,59,50,0,50,109
07/31/2023,CMI,IL,AGL,CE,Combined TRACON& Tower with Radar,8,5,16,0,29,0,19,34,0,53,8,24,50,0,82,49,0,49,131
08/01/2023,CMI,IL,AGL,CE,Combined TRACON& Tower with Radar,8,12,11,0,31,0,14,13,2,29,8,26,24,2,60,92,0,92,152
08/02/2023,CMI,IL,AGL,CE,Combined TRACON& Tower with Radar,8,3,14,0,25,0,6,17,0,23,8,9,31,0,48,26,0,26,74
08/03/2023,CMI,IL,AGL,CE,Combined TRACON& Tower with Radar,8,9,17,0,34,0,0,9,0,9,8,9,26,0,43,26,0,26,69
08/04/2023,CMI,IL,AGL,CE,Combined TRACON& Tower with Radar,8,3,14,0,25,0,11,20,0,31,8,14,34,0,56,10,0,10,66
08/05/2023,CMI,IL,AGL,CE,Combined TRACON& Tower with Radar,5,3,4,0,12,0,0,0,0,0,5,3,4,0,12,0,0,0,12
08/06/2023,CMI,IL,AGL,CE,Combined TRACON& Tower with Radar,8,0,9,0,17,0,0,2,0,2,8,0,11,0,19,22,0,22,41
08/07/2023,CMI,IL,AGL,CE,Combined TRACON& Tower with Radar,8,12,21,0,41,0,2,6,0,8,8,14,27,0,49,8,0,8,57
08/08/2023,CMI,IL,AGL,CE,Combined TRACON& Tower with Radar,7,6,8,0,21,0,1,23,0,24,7,7,31,0,45,22,0,22,67
08/09/2023,CMI,IL,AGL,CE,Combined TRACON& Tower with Radar,8,5,7,0,20,0,2,7,0,9,8,7,14,0,29,0,0,0,29
08/10/2023,CMI,IL,AGL,CE,Combined TRACON& Tower with Radar,8,9,14,0,31,0,1,16,0,17,8,10,30,0,48,22,0,22,70
08/11/2023,CMI,IL,AGL,CE,Combined TRACON& Tower with Radar,8,9,11,0,28,0,2,10,0,12,8,11,21,0,40,0,0,0,40
08/12/2023,CMI,IL,AGL,CE,Combined TRACON& Tower with Radar,8,6,11,0,25,0,6,14,0,20,8,12,25,0,45,10,0,10,55
08/13/2023,CMI,IL,AGL,CE,Combined TRACON& Tower with Radar,8,3,12,0,23,0,2,19,0,21,8,5,31,0,44,16,0,16,60
08/14/2023,CMI,IL,AGL,CE,Combined TRACON& Tower with Radar,6,6,23,0,35,0,0,4,0,4,6,6,27,0,39,0,0,0,39
08/15/2023,CMI,IL,AGL,CE,Combined TRACON& Tower with Radar,6,9,12,0,27,0,3,7,0,10,6,12,19,0,37,18,0,18,55
08/16/2023,CMI,IL,AGL,CE,Combined TRACON& Tower with Radar,8,6,16,0,30,0,7,37,0,44,8,13,53,0,74,24,0,24,98
08/17/2023,CMI,IL,AGL,CE,Combined TRACON& Tower with Radar,8,16,12,0,36,0,2,4,0,6,8,18,16,0,42,12,0,12,54
08/18/2023,CMI,IL,AGL,CE,Combined TRACON& Tower with Radar,9,7,6,0,22,0,9,39,0,48,9,16,45,0,70,68,0,68,138
08/19/2023,CMI,IL,AGL,CE,Combined TRACON& Tower with Radar,9,6,9,0,24,0,6,31,0,37,9,12,40,0,61,0,0,0,61
08/20/2023,CMI,IL,AGL,CE,Combined TRACON& Tower with Radar,6,13,6,0,25,0,4,15,0,19,6,17,21,0,44,72,0,72,116
08/21/2023,CMI,IL,AGL,CE,Combined TRACON& Tower with Radar,8,20,11,0,39,0,4,18,0,22,8,24,29,0,61,40,0,40,101
08/22/2023,CMI,IL,AGL,CE,Combined TRACON& Tower with Radar,8,13,19,0,40,0,5,12,0,17,8,18,31,0,57,58,0,58,115
08/23/2023,CMI,IL,AGL,CE,Combined TRACON& Tower with Radar,6,19,14,1,40,0,22,9,1,32,6,41,23,2,72,76,0,76,148
08/24/2023,CMI,IL,AGL,CE,Combined TRACON& Tower with Radar,8,19,8,0,35,0,12,8,0,20,8,31,16,0,55,26,0,26,81
08/25/2023,CMI,IL,AGL,CE,Combined TRACON& Tower with Radar,6,6,9,0,21,0,7,16,0,23,6,13,25,0,44,84,0,84,128
08/26/2023,CMI,IL,AGL,CE,Combined TRACON& Tower with Radar,8,12,10,0,30,0,24,12,2,38,8,36,22,2,68,44,0,44,112
08/27/2023,CMI,IL,AGL,CE,Combined TRACON& Tower with Radar,8,2,9,0,19,0,3,11,0,14,8,5,20,0,33,30,0,30,63
08/28/2023,CMI,IL,AGL,CE,Combined TRACON& Tower with Radar,8,23,14,0,45,0,72,38,0,110,8,95,52,0,155,188,0,188,343
08/29/2023,CMI,IL,AGL,CE,Combined TRACON& Tower with Radar,5,20,18,0,43,0,72,18,0,90,5,92,36,0,133,114,0,114,247
08/30/2023,CMI,IL,AGL,CE,Combined TRACON& Tower with Radar,7,25,12,0,44,0,55,25,2,82,7,80,37,2,126,94,0,94,220
08/31/2023,CMI,IL,AGL,CE,Combined TRACON& Tower with Radar,8,10,19,0,37,0,63,34,0,97,8,73,53,0,134,148,0,148,282
