01/01/2020,CNO,CA,AWP,WE,Towers with Radar,0,0,30,0,30,0,0,122,0,122,0,0,152,0,152,296,0,296,448
01/02/2020,CNO,CA,AWP,WE,Towers with Radar,0,1,40,0,41,0,0,143,0,143,0,1,183,0,184,365,0,365,549
01/03/2020,CNO,CA,AWP,WE,Towers with Radar,0,0,41,0,41,0,0,199,0,199,0,0,240,0,240,442,0,442,682
01/04/2020,CNO,CA,AWP,WE,Towers with Radar,0,3,57,1,61,0,2,256,0,258,0,5,313,1,319,398,0,398,717
01/05/2020,CNO,CA,AWP,WE,Towers with Radar,0,0,36,0,36,0,0,182,0,182,0,0,218,0,218,508,0,508,726
01/06/2020,CNO,CA,AWP,WE,Towers with Radar,0,1,16,0,17,0,0,107,1,108,0,1,123,1,125,397,0,397,522
01/07/2020,CNO,CA,AWP,WE,Towers with Radar,0,0,54,1,55,0,0,186,3,189,0,0,240,4,244,406,4,410,654
01/08/2020,CNO,CA,AWP,WE,Towers with Radar,0,0,59,0,59,0,7,197,4,208,0,7,256,4,267,620,0,620,887
01/09/2020,CNO,CA,AWP,WE,Towers with Radar,0,0,56,0,56,0,0,158,1,159,0,0,214,1,215,530,0,530,745
01/10/2020,CNO,CA,AWP,WE,Towers with Radar,0,1,45,0,46,0,2,278,0,280,0,3,323,0,326,532,0,532,858
01/11/2020,CNO,CA,AWP,WE,Towers with Radar,0,0,66,0,66,0,0,308,1,309,0,0,374,1,375,484,0,484,859
01/12/2020,CNO,CA,AWP,WE,Towers with Radar,0,0,47,0,47,0,0,199,0,199,0,0,246,0,246,410,0,410,656
01/13/2020,CNO,CA,AWP,WE,Towers with Radar,0,0,59,0,59,0,0,245,0,245,0,0,304,0,304,751,0,751,1055
01/14/2020,CNO,CA,AWP,WE,Towers with Radar,0,0,75,1,76,0,0,201,0,201,0,0,276,1,277,572,0,572,849
01/15/2020,CNO,CA,AWP,WE,Towers with Radar,0,4,71,7,82,0,2,129,1,132,0,6,200,8,214,325,0,325,539
01/16/2020,CNO,CA,AWP,WE,Towers with Radar,0,0,44,5,49,0,0,73,2,75,0,0,117,7,124,397,0,397,521
01/17/2020,CNO,CA,AWP,WE,Towers with Radar,0,0,71,0,71,0,4,237,0,241,0,4,308,0,312,586,0,586,898
01/18/2020,CNO,CA,AWP,WE,Towers with Radar,0,0,41,0,41,0,1,339,0,340,0,1,380,0,381,478,0,478,859
01/19/2020,CNO,CA,AWP,WE,Towers with Radar,0,0,19,0,19,0,2,183,0,185,0,2,202,0,204,344,0,344,548
01/20/2020,CNO,CA,AWP,WE,Towers with Radar,0,2,76,0,78,0,0,224,0,224,0,2,300,0,302,512,0,512,814
01/21/2020,CNO,CA,AWP,WE,Towers with Radar,0,0,42,1,43,0,0,135,3,138,0,0,177,4,181,624,0,624,805
01/22/2020,CNO,CA,AWP,WE,Towers with Radar,0,5,67,2,74,0,0,149,0,149,0,5,216,2,223,390,0,390,613
01/23/2020,CNO,CA,AWP,WE,Towers with Radar,0,2,68,0,70,0,0,228,5,233,0,2,296,5,303,552,0,552,855
01/24/2020,CNO,CA,AWP,WE,Towers with Radar,0,0,64,1,65,0,0,281,2,283,0,0,345,3,348,561,0,561,909
01/25/2020,CNO,CA,AWP,WE,Towers with Radar,0,1,55,0,56,0,0,246,0,246,0,1,301,0,302,427,0,427,729
01/26/2020,CNO,CA,AWP,WE,Towers with Radar,0,2,48,0,50,0,0,22,0,22,0,2,70,0,72,15,0,15,87
01/27/2020,CNO,CA,AWP,WE,Towers with Radar,0,0,68,0,68,0,0,134,0,134,0,0,202,0,202,451,0,451,653
01/28/2020,CNO,CA,AWP,WE,Towers with Radar,0,0,59,0,59,0,0,216,0,216,0,0,275,0,275,412,0,412,687
01/29/2020,CNO,CA,AWP,WE,Towers with Radar,0,3,17,0,20,0,1,32,0,33,0,4,49,0,53,141,0,141,194
01/30/2020,CNO,CA,AWP,WE,Towers with Radar,0,3,59,0,62,0,0,238,2,240,0,3,297,2,302,500,2,502,804
01/31/2020,CNO,CA,AWP,WE,Towers with Radar,1,0,53,0,54,0,0,299,0,299,1,0,352,0,353,532,0,532,885
02/01/2020,CNO,CA,AWP,WE,Towers with Radar,0,1,49,0,50,0,3,333,0,336,0,4,382,0,386,640,0,640,1026
02/02/2020,CNO,CA,AWP,WE,Towers with Radar,0,0,40,0,40,0,0,186,0,186,0,0,226,0,226,327,0,327,553
02/03/2020,CNO,CA,AWP,WE,Towers with Radar,0,3,8,0,11,0,0,54,0,54,0,3,62,0,65,127,0,127,192
02/04/2020,CNO,CA,AWP,WE,Towers with Radar,0,0,8,0,8,0,0,28,0,28,0,0,36,0,36,115,0,115,151
02/05/2020,CNO,CA,AWP,WE,Towers with Radar,0,3,74,2,79,0,0,251,1,252,0,3,325,3,331,608,0,608,939
02/06/2020,CNO,CA,AWP,WE,Towers with Radar,0,1,53,0,54,0,1,238,1,240,0,2,291,1,294,333,0,333,627
02/07/2020,CNO,CA,AWP,WE,Towers with Radar,0,1,53,0,54,0,4,279,1,284,0,5,332,1,338,539,0,539,877
02/08/2020,CNO,CA,AWP,WE,Towers with Radar,0,0,53,0,53,0,0,245,0,245,0,0,298,0,298,497,0,497,795
02/09/2020,CNO,CA,AWP,WE,Towers with Radar,0,2,18,0,20,0,0,21,0,21,0,2,39,0,41,145,0,145,186
02/10/2020,CNO,CA,AWP,WE,Towers with Radar,0,0,7,0,7,0,0,15,0,15,0,0,22,0,22,3,0,3,25
02/11/2020,CNO,CA,AWP,WE,Towers with Radar,0,1,19,0,20,0,1,61,3,65,0,2,80,3,85,201,0,201,286
02/12/2020,CNO,CA,AWP,WE,Towers with Radar,0,0,57,1,58,0,0,261,2,263,0,0,318,3,321,473,13,486,807
02/13/2020,CNO,CA,AWP,WE,Towers with Radar,0,2,67,2,71,0,0,270,1,271,0,2,337,3,342,531,6,537,879
02/14/2020,CNO,CA,AWP,WE,Towers with Radar,0,2,55,0,57,0,0,244,2,246,0,2,299,2,303,563,0,563,866
02/15/2020,CNO,CA,AWP,WE,Towers with Radar,0,0,50,0,50,0,0,217,0,217,0,0,267,0,267,534,0,534,801
02/16/2020,CNO,CA,AWP,WE,Towers with Radar,0,0,47,0,47,0,1,215,0,216,0,1,262,0,263,328,0,328,591
02/17/2020,CNO,CA,AWP,WE,Towers with Radar,2,2,69,0,73,0,0,224,0,224,2,2,293,0,297,535,0,535,832
02/18/2020,CNO,CA,AWP,WE,Towers with Radar,0,1,42,0,43,0,2,182,4,188,0,3,224,4,231,524,14,538,769
02/19/2020,CNO,CA,AWP,WE,Towers with Radar,0,1,67,0,68,0,1,140,2,143,0,2,207,2,211,426,10,436,647
02/20/2020,CNO,CA,AWP,WE,Towers with Radar,0,0,78,3,81,0,6,300,2,308,0,6,378,5,389,764,8,772,1161
02/21/2020,CNO,CA,AWP,WE,Towers with Radar,0,1,61,1,63,0,3,268,3,274,0,4,329,4,337,426,0,426,763
02/22/2020,CNO,CA,AWP,WE,Towers with Radar,0,0,11,0,11,0,2,50,0,52,0,2,61,0,63,630,0,630,693
02/23/2020,CNO,CA,AWP,WE,Towers with Radar,0,0,50,0,50,0,0,173,0,173,0,0,223,0,223,634,0,634,857
02/24/2020,CNO,CA,AWP,WE,Towers with Radar,0,2,29,0,31,0,0,179,2,181,0,2,208,2,212,501,0,501,713
02/25/2020,CNO,CA,AWP,WE,Towers with Radar,0,0,15,1,16,0,0,51,3,54,0,0,66,4,70,89,10,99,169
02/26/2020,CNO,CA,AWP,WE,Towers with Radar,0,2,31,0,33,0,0,188,5,193,0,2,219,5,226,539,22,561,787
02/27/2020,CNO,CA,AWP,WE,Towers with Radar,0,0,19,0,19,0,1,226,2,229,0,1,245,2,248,589,0,589,837
02/28/2020,CNO,CA,AWP,WE,Towers with Radar,0,2,79,0,81,0,0,261,0,261,0,2,340,0,342,443,0,443,785
02/29/2020,CNO,CA,AWP,WE,Towers with Radar,0,1,68,1,70,0,0,246,0,246,0,1,314,1,316,714,0,714,1030
03/01/2020,CNO,CA,AWP,WE,Towers with Radar,0,0,14,0,14,0,0,35,0,35,0,0,49,0,49,280,0,280,329
03/02/2020,CNO,CA,AWP,WE,Towers with Radar,0,0,16,0,16,0,0,65,0,65,0,0,81,0,81,196,0,196,277
03/03/2020,CNO,CA,AWP,WE,Towers with Radar,0,0,37,0,37,0,0,167,3,170,0,0,204,3,207,518,0,518,725
03/04/2020,CNO,CA,AWP,WE,Towers with Radar,0,6,61,2,69,0,0,249,0,249,0,6,310,2,318,655,0,655,973
03/05/2020,CNO,CA,AWP,WE,Towers with Radar,0,1,74,0,75,0,1,226,6,233,0,2,300,6,308,487,0,487,795
03/06/2020,CNO,CA,AWP,WE,Towers with Radar,0,2,68,0,70,0,1,216,0,217,0,3,284,0,287,512,0,512,799
03/07/2020,CNO,CA,AWP,WE,Towers with Radar,0,2,54,0,56,0,0,121,0,121,0,2,175,0,177,537,0,537,714
03/08/2020,CNO,CA,AWP,WE,Towers with Radar,0,0,49,0,49,0,0,136,0,136,0,0,185,0,185,469,0,469,654
03/09/2020,CNO,CA,AWP,WE,Towers with Radar,0,0,53,0,53,0,0,192,3,195,0,0,245,3,248,556,14,570,818
03/10/2020,CNO,CA,AWP,WE,Towers with Radar,0,1,25,0,26,0,0,5,0,5,0,1,30,0,31,62,0,62,93
03/11/2020,CNO,CA,AWP,WE,Towers with Radar,0,0,51,0,51,0,0,98,4,102,0,0,149,4,153,641,3,644,797
03/12/2020,CNO,CA,AWP,WE,Towers with Radar,2,0,15,0,17,0,0,17,0,17,2,0,32,0,34,98,0,98,132
03/13/2020,CNO,CA,AWP,WE,Towers with Radar,0,2,26,0,28,0,0,0,0,0,0,2,26,0,28,134,0,134,162
03/14/2020,CNO,CA,AWP,WE,Towers with Radar,0,1,23,0,24,0,0,65,0,65,0,1,88,0,89,380,0,380,469
03/15/2020,CNO,CA,AWP,WE,Towers with Radar,0,1,50,0,51,0,0,94,0,94,0,1,144,0,145,231,0,231,376
03/16/2020,CNO,CA,AWP,WE,Towers with Radar,0,0,18,0,18,0,0,46,0,46,0,0,64,0,64,302,0,302,366
03/17/2020,CNO,CA,AWP,WE,Towers with Radar,0,3,52,0,55,0,0,126,0,126,0,3,178,0,181,423,0,423,604
03/18/2020,CNO,CA,AWP,WE,Towers with Radar,0,2,18,0,20,0,0,118,2,120,0,2,136,2,140,466,9,475,615
03/19/2020,CNO,CA,AWP,WE,Towers with Radar,0,0,24,0,24,0,0,37,1,38,0,0,61,1,62,224,0,224,286
03/20/2020,CNO,CA,AWP,WE,Towers with Radar,0,2,17,0,19,0,0,71,1,72,0,2,88,1,91,175,7,182,273
03/21/2020,CNO,CA,AWP,WE,Towers with Radar,0,2,16,0,18,0,0,116,0,116,0,2,132,0,134,297,0,297,431
03/22/2020,CNO,CA,AWP,WE,Towers with Radar,0,0,14,0,14,0,0,72,0,72,0,0,86,0,86,121,0,121,207
03/23/2020,CNO,CA,AWP,WE,Towers with Radar,0,0,17,0,17,0,0,39,0,39,0,0,56,0,56,191,0,191,247
03/24/2020,CNO,CA,AWP,WE,Towers with Radar,0,3,11,2,16,0,0,37,1,38,0,3,48,3,54,211,12,223,277
03/25/2020,CNO,CA,AWP,WE,Towers with Radar,0,0,25,0,25,0,0,58,0,58,0,0,83,0,83,139,0,139,222
03/26/2020,CNO,CA,AWP,WE,Towers with Radar,4,0,22,1,27,0,0,74,1,75,4,0,96,2,102,104,0,104,206
03/27/2020,CNO,CA,AWP,WE,Towers with Radar,0,0,18,0,18,0,0,92,3,95,0,0,110,3,113,110,13,123,236
03/28/2020,CNO,CA,AWP,WE,Towers with Radar,0,0,35,0,35,0,0,139,5,144,0,0,174,5,179,227,14,241,420
03/29/2020,CNO,CA,AWP,WE,Towers with Radar,0,1,11,0,12,0,0,74,0,74,0,1,85,0,86,138,0,138,224
03/30/2020,CNO,CA,AWP,WE,Towers with Radar,1,0,14,0,15,0,0,100,0,100,1,0,114,0,115,198,0,198,313
03/31/2020,CNO,CA,AWP,WE,Towers with Radar,0,3,23,0,26,0,3,96,0,99,0,6,119,0,125,189,0,189,314
04/01/2020,CNO,CA,AWP,WE,Towers with Radar,0,0,17,0,17,0,0,84,2,86,0,0,101,2,103,194,2,196,299
04/02/2020,CNO,CA,AWP,WE,Towers with Radar,1,0,18,0,19,0,0,74,4,78,1,0,92,4,97,129,2,131,228
04/03/2020,CNO,CA,AWP,WE,Towers with Radar,0,0,19,6,25,0,0,85,2,87,0,0,104,8,112,96,7,103,215
04/04/2020,CNO,CA,AWP,WE,Towers with Radar,0,0,32,0,32,0,0,94,0,94,0,0,126,0,126,354,0,354,480
04/05/2020,CNO,CA,AWP,WE,Towers with Radar,0,0,8,0,8,0,1,33,0,34,0,1,41,0,42,117,0,117,159
04/06/2020,CNO,CA,AWP,WE,Towers with Radar,0,1,3,0,4,0,0,0,0,0,0,1,3,0,4,0,0,0,4
04/07/2020,CNO,CA,AWP,WE,Towers with Radar,0,0,11,0,11,0,0,10,0,10,0,0,21,0,21,30,0,30,51
04/08/2020,CNO,CA,AWP,WE,Towers with Radar,0,0,11,0,11,0,0,25,3,28,0,0,36,3,39,71,15,86,125
04/09/2020,CNO,CA,AWP,WE,Towers with Radar,0,0,2,0,2,0,0,2,0,2,0,0,4,0,4,6,0,6,10
04/10/2020,CNO,CA,AWP,WE,Towers with Radar,0,2,11,1,14,0,0,23,2,25,0,2,34,3,39,93,11,104,143
04/11/2020,CNO,CA,AWP,WE,Towers with Radar,0,0,33,0,33,0,0,134,0,134,0,0,167,0,167,300,0,300,467
04/12/2020,CNO,CA,AWP,WE,Towers with Radar,0,0,9,0,9,0,0,2,0,2,0,0,11,0,11,29,0,29,40
04/13/2020,CNO,CA,AWP,WE,Towers with Radar,0,0,14,0,14,0,0,37,5,42,0,0,51,5,56,97,18,115,171
04/14/2020,CNO,CA,AWP,WE,Towers with Radar,0,0,24,1,25,0,1,106,6,113,0,1,130,7,138,158,4,162,300
04/15/2020,CNO,CA,AWP,WE,Towers with Radar,0,0,30,0,30,0,0,133,4,137,0,0,163,4,167,205,0,205,372
04/16/2020,CNO,CA,AWP,WE,Towers with Radar,0,2,38,0,40,0,0,127,0,127,0,2,165,0,167,255,0,255,422
04/17/2020,CNO,CA,AWP,WE,Towers with Radar,0,1,37,0,38,0,0,84,0,84,0,1,121,0,122,147,0,147,269
04/18/2020,CNO,CA,AWP,WE,Towers with Radar,0,0,24,0,24,0,0,57,0,57,0,0,81,0,81,277,0,277,358
04/19/2020,CNO,CA,AWP,WE,Towers with Radar,0,2,20,0,22,0,0,62,0,62,0,2,82,0,84,240,0,240,324
04/20/2020,CNO,CA,AWP,WE,Towers with Radar,0,0,23,0,23,0,0,47,2,49,0,0,70,2,72,266,3,269,341
04/21/2020,CNO,CA,AWP,WE,Towers with Radar,0,0,21,1,22,0,0,80,9,89,0,0,101,10,111,319,2,321,432
04/22/2020,CNO,CA,AWP,WE,Towers with Radar,0,0,23,0,23,0,0,142,6,148,0,0,165,6,171,263,9,272,443
04/23/2020,CNO,CA,AWP,WE,Towers with Radar,0,1,25,0,26,0,1,106,0,107,0,2,131,0,133,246,0,246,379
04/24/2020,CNO,CA,AWP,WE,Towers with Radar,0,0,26,0,26,0,0,123,0,123,0,0,149,0,149,153,0,153,302
04/25/2020,CNO,CA,AWP,WE,Towers with Radar,0,1,19,0,20,0,1,142,0,143,0,2,161,0,163,199,0,199,362
04/26/2020,CNO,CA,AWP,WE,Towers with Radar,0,0,21,0,21,0,0,97,1,98,0,0,118,1,119,195,0,195,314
04/27/2020,CNO,CA,AWP,WE,Towers with Radar,0,1,28,0,29,0,1,105,5,111,0,2,133,5,140,172,8,180,320
04/28/2020,CNO,CA,AWP,WE,Towers with Radar,0,0,18,1,19,0,0,115,6,121,0,0,133,7,140,403,43,446,586
04/29/2020,CNO,CA,AWP,WE,Towers with Radar,0,0,24,4,28,0,0,75,2,77,0,0,99,6,105,225,8,233,338
04/30/2020,CNO,CA,AWP,WE,Towers with Radar,0,1,32,0,33,0,1,114,0,115,0,2,146,0,148,204,0,204,352
05/01/2020,CNO,CA,AWP,WE,Towers with Radar,0,1,41,2,44,0,1,90,0,91,0,2,131,2,135,207,0,207,342
05/02/2020,CNO,CA,AWP,WE,Towers with Radar,0,1,32,0,33,0,2,171,2,175,0,3,203,2,208,246,9,255,463
05/03/2020,CNO,CA,AWP,WE,Towers with Radar,0,0,17,0,17,0,1,132,0,133,0,1,149,0,150,250,0,250,400
05/04/2020,CNO,CA,AWP,WE,Towers with Radar,0,1,24,0,25,0,2,103,0,105,0,3,127,0,130,235,0,235,365
05/05/2020,CNO,CA,AWP,WE,Towers with Radar,0,1,38,2,41,0,1,121,3,125,0,2,159,5,166,232,11,243,409
05/06/2020,CNO,CA,AWP,WE,Towers with Radar,0,0,23,3,26,0,1,107,6,114,0,1,130,9,140,209,7,216,356
05/07/2020,CNO,CA,AWP,WE,Towers with Radar,0,1,40,0,41,0,2,141,1,144,0,3,181,1,185,290,0,290,475
05/08/2020,CNO,CA,AWP,WE,Towers with Radar,0,4,26,2,32,0,2,126,3,131,0,6,152,5,163,253,0,253,416
05/09/2020,CNO,CA,AWP,WE,Towers with Radar,0,3,45,0,48,0,2,170,0,172,0,5,215,0,220,212,0,212,432
05/10/2020,CNO,CA,AWP,WE,Towers with Radar,0,5,21,0,26,0,0,59,0,59,0,5,80,0,85,115,0,115,200
05/11/2020,CNO,CA,AWP,WE,Towers with Radar,0,3,42,0,45,0,1,91,2,94,0,4,133,2,139,181,13,194,333
05/12/2020,CNO,CA,AWP,WE,Towers with Radar,0,0,37,1,38,0,0,79,0,79,0,0,116,1,117,331,0,331,448
05/13/2020,CNO,CA,AWP,WE,Towers with Radar,0,2,31,1,34,0,2,108,0,110,0,4,139,1,144,213,0,213,357
05/14/2020,CNO,CA,AWP,WE,Towers with Radar,1,1,38,1,41,0,1,161,0,162,1,2,199,1,203,377,1,378,581
05/15/2020,CNO,CA,AWP,WE,Towers with Radar,1,0,44,0,45,0,0,150,0,150,1,0,194,0,195,260,0,260,455
05/16/2020,CNO,CA,AWP,WE,Towers with Radar,1,0,35,0,36,0,0,201,0,201,1,0,236,0,237,314,0,314,551
05/17/2020,CNO,CA,AWP,WE,Towers with Radar,0,0,45,0,45,0,0,148,0,148,0,0,193,0,193,208,0,208,401
05/18/2020,CNO,CA,AWP,WE,Towers with Radar,1,0,48,0,49,0,0,31,0,31,1,0,79,0,80,62,0,62,142
05/19/2020,CNO,CA,AWP,WE,Towers with Radar,0,1,47,0,48,0,1,134,0,135,0,2,181,0,183,202,0,202,385
05/20/2020,CNO,CA,AWP,WE,Towers with Radar,0,0,44,0,44,0,0,151,0,151,0,0,195,0,195,305,0,305,500
05/21/2020,CNO,CA,AWP,WE,Towers with Radar,1,0,45,0,46,0,2,161,0,163,1,2,206,0,209,225,0,225,434
05/22/2020,CNO,CA,AWP,WE,Towers with Radar,0,0,25,0,25,0,0,143,0,143,0,0,168,0,168,368,0,368,536
05/23/2020,CNO,CA,AWP,WE,Towers with Radar,0,0,26,0,26,0,0,130,1,131,0,0,156,1,157,321,0,321,478
05/24/2020,CNO,CA,AWP,WE,Towers with Radar,0,0,30,0,30,0,0,135,0,135,0,0,165,0,165,253,0,253,418
05/25/2020,CNO,CA,AWP,WE,Towers with Radar,1,5,49,0,55,0,3,182,1,186,1,8,231,1,241,274,0,274,515
05/26/2020,CNO,CA,AWP,WE,Towers with Radar,0,1,37,2,40,0,1,142,2,145,0,2,179,4,185,418,0,418,603
05/27/2020,CNO,CA,AWP,WE,Towers with Radar,0,1,50,0,51,0,1,176,2,179,0,2,226,2,230,336,24,360,590
05/28/2020,CNO,CA,AWP,WE,Towers with Radar,2,2,50,0,54,0,0,168,1,169,2,2,218,1,223,418,0,418,641
05/29/2020,CNO,CA,AWP,WE,Towers with Radar,0,2,41,0,43,0,0,119,2,121,0,2,160,2,164,265,10,275,439
05/30/2020,CNO,CA,AWP,WE,Towers with Radar,0,2,25,0,27,0,4,130,0,134,0,6,155,0,161,271,0,271,432
05/31/2020,CNO,CA,AWP,WE,Towers with Radar,0,0,27,0,27,0,0,139,0,139,0,0,166,0,166,308,0,308,474
06/01/2020,CNO,CA,AWP,WE,Towers with Radar,1,0,24,0,25,0,0,124,1,125,1,0,148,1,150,222,0,222,372
06/02/2020,CNO,CA,AWP,WE,Towers with Radar,0,3,41,1,45,0,0,180,0,180,0,3,221,1,225,416,1,417,642
06/03/2020,CNO,CA,AWP,WE,Towers with Radar,0,3,29,0,32,0,1,134,0,135,0,4,163,0,167,523,0,523,690
06/04/2020,CNO,CA,AWP,WE,Towers with Radar,1,2,32,0,35,0,0,129,1,130,1,2,161,1,165,464,0,464,629
06/05/2020,CNO,CA,AWP,WE,Towers with Radar,0,1,33,0,34,0,0,32,1,33,0,1,65,1,67,273,0,273,340
06/06/2020,CNO,CA,AWP,WE,Towers with Radar,0,0,39,1,40,0,0,64,0,64,0,0,103,1,104,277,0,277,381
06/07/2020,CNO,CA,AWP,WE,Towers with Radar,0,0,23,0,23,0,0,125,0,125,0,0,148,0,148,311,0,311,459
06/08/2020,CNO,CA,AWP,WE,Towers with Radar,0,0,14,0,14,0,0,42,0,42,0,0,56,0,56,72,0,72,128
06/09/2020,CNO,CA,AWP,WE,Towers with Radar,0,0,32,0,32,0,0,151,0,151,0,0,183,0,183,216,0,216,399
06/10/2020,CNO,CA,AWP,WE,Towers with Radar,0,2,36,0,38,0,0,183,2,185,0,2,219,2,223,380,0,380,603
06/11/2020,CNO,CA,AWP,WE,Towers with Radar,1,1,51,0,53,0,0,176,0,176,1,1,227,0,229,322,0,322,551
06/12/2020,CNO,CA,AWP,WE,Towers with Radar,0,2,47,0,49,0,2,172,0,174,0,4,219,0,223,267,0,267,490
06/13/2020,CNO,CA,AWP,WE,Towers with Radar,0,0,42,0,42,0,0,173,2,175,0,0,215,2,217,240,0,240,457
06/14/2020,CNO,CA,AWP,WE,Towers with Radar,0,0,26,0,26,0,1,143,1,145,0,1,169,1,171,127,0,127,298
06/15/2020,CNO,CA,AWP,WE,Towers with Radar,0,2,26,1,29,0,0,131,1,132,0,2,157,2,161,281,0,281,442
06/16/2020,CNO,CA,AWP,WE,Towers with Radar,0,0,48,0,48,0,0,96,3,99,0,0,144,3,147,412,10,422,569
06/17/2020,CNO,CA,AWP,WE,Towers with Radar,0,0,31,1,32,0,1,94,2,97,0,1,125,3,129,480,0,480,609
06/18/2020,CNO,CA,AWP,WE,Towers with Radar,1,0,53,0,54,0,0,110,0,110,1,0,163,0,164,228,0,228,392
06/19/2020,CNO,CA,AWP,WE,Towers with Radar,0,0,29,0,29,0,0,115,0,115,0,0,144,0,144,473,0,473,617
06/20/2020,CNO,CA,AWP,WE,Towers with Radar,0,2,41,1,44,0,0,106,0,106,0,2,147,1,150,350,0,350,500
06/21/2020,CNO,CA,AWP,WE,Towers with Radar,0,2,39,0,41,0,0,89,0,89,0,2,128,0,130,194,0,194,324
06/22/2020,CNO,CA,AWP,WE,Towers with Radar,1,2,36,1,40,0,0,135,0,135,1,2,171,1,175,264,0,264,439
06/23/2020,CNO,CA,AWP,WE,Towers with Radar,0,0,63,2,65,0,0,128,1,129,0,0,191,3,194,239,0,239,433
06/24/2020,CNO,CA,AWP,WE,Towers with Radar,0,0,49,2,51,0,0,127,0,127,0,0,176,2,178,265,0,265,443
06/25/2020,CNO,CA,AWP,WE,Towers with Radar,0,0,47,2,49,0,0,112,0,112,0,0,159,2,161,308,0,308,469
06/26/2020,CNO,CA,AWP,WE,Towers with Radar,0,0,46,0,46,0,0,158,0,158,0,0,204,0,204,275,0,275,479
06/27/2020,CNO,CA,AWP,WE,Towers with Radar,0,0,31,0,31,0,0,177,0,177,0,0,208,0,208,229,0,229,437
06/28/2020,CNO,CA,AWP,WE,Towers with Radar,0,0,31,0,31,0,1,76,0,77,0,1,107,0,108,212,0,212,320
06/29/2020,CNO,CA,AWP,WE,Towers with Radar,0,0,34,0,34,0,0,117,0,117,0,0,151,0,151,308,0,308,459
06/30/2020,CNO,CA,AWP,WE,Towers with Radar,0,1,34,0,35,0,0,127,0,127,0,1,161,0,162,348,0,348,510
07/01/2020,CNO,CA,AWP,WE,Towers with Radar,0,2,39,0,41,0,0,89,0,89,0,2,128,0,130,366,0,366,496
07/02/2020,CNO,CA,AWP,WE,Towers with Radar,1,3,37,2,43,0,1,126,0,127,1,4,163,2,170,329,0,329,499
07/03/2020,CNO,CA,AWP,WE,Towers with Radar,0,1,42,0,43,0,0,164,0,164,0,1,206,0,207,274,0,274,481
07/04/2020,CNO,CA,AWP,WE,Towers with Radar,0,0,17,0,17,0,0,107,0,107,0,0,124,0,124,198,0,198,322
07/05/2020,CNO,CA,AWP,WE,Towers with Radar,0,0,23,0,23,0,0,132,0,132,0,0,155,0,155,120,0,120,275
07/06/2020,CNO,CA,AWP,WE,Towers with Radar,0,2,29,0,31,0,0,153,1,154,0,2,182,1,185,296,0,296,481
07/07/2020,CNO,CA,AWP,WE,Towers with Radar,0,0,34,1,35,0,0,140,2,142,0,0,174,3,177,181,0,181,358
07/08/2020,CNO,CA,AWP,WE,Towers with Radar,0,3,29,0,32,0,0,147,0,147,0,3,176,0,179,408,0,408,587
07/09/2020,CNO,CA,AWP,WE,Towers with Radar,0,6,22,2,30,0,0,153,0,153,0,6,175,2,183,314,0,314,497
07/10/2020,CNO,CA,AWP,WE,Towers with Radar,0,0,35,0,35,0,0,163,0,163,0,0,198,0,198,426,0,426,624
07/11/2020,CNO,CA,AWP,WE,Towers with Radar,0,1,31,0,32,0,0,151,0,151,0,1,182,0,183,359,0,359,542
07/12/2020,CNO,CA,AWP,WE,Towers with Radar,0,0,26,0,26,0,1,116,0,117,0,1,142,0,143,225,0,225,368
07/13/2020,CNO,CA,AWP,WE,Towers with Radar,0,2,42,0,44,0,0,122,0,122,0,2,164,0,166,221,0,221,387
07/14/2020,CNO,CA,AWP,WE,Towers with Radar,0,2,34,1,37,0,0,100,0,100,0,2,134,1,137,422,0,422,559
07/15/2020,CNO,CA,AWP,WE,Towers with Radar,0,2,34,2,38,0,0,125,0,125,0,2,159,2,163,439,0,439,602
07/16/2020,CNO,CA,AWP,WE,Towers with Radar,0,1,40,0,41,0,0,153,1,154,0,1,193,1,195,315,0,315,510
07/17/2020,CNO,CA,AWP,WE,Towers with Radar,0,0,52,5,57,0,0,204,5,209,0,0,256,10,266,321,0,321,587
07/18/2020,CNO,CA,AWP,WE,Towers with Radar,0,1,44,3,48,0,2,169,0,171,0,3,213,3,219,307,0,307,526
07/19/2020,CNO,CA,AWP,WE,Towers with Radar,0,2,26,0,28,0,0,119,0,119,0,2,145,0,147,230,0,230,377
07/20/2020,CNO,CA,AWP,WE,Towers with Radar,1,3,22,0,26,0,1,111,0,112,1,4,133,0,138,367,0,367,505
07/21/2020,CNO,CA,AWP,WE,Towers with Radar,0,1,15,0,16,0,0,137,0,137,0,1,152,0,153,417,0,417,570
07/22/2020,CNO,CA,AWP,WE,Towers with Radar,1,3,30,4,38,0,0,139,5,144,1,3,169,9,182,398,0,398,580
07/23/2020,CNO,CA,AWP,WE,Towers with Radar,0,0,26,0,26,0,1,100,0,101,0,1,126,0,127,329,0,329,456
07/24/2020,CNO,CA,AWP,WE,Towers with Radar,0,0,28,0,28,0,0,136,0,136,0,0,164,0,164,321,0,321,485
07/25/2020,CNO,CA,AWP,WE,Towers with Radar,0,0,32,0,32,0,0,142,0,142,0,0,174,0,174,374,0,374,548
07/26/2020,CNO,CA,AWP,WE,Towers with Radar,0,0,26,0,26,0,1,129,0,130,0,1,155,0,156,272,0,272,428
07/27/2020,CNO,CA,AWP,WE,Towers with Radar,0,0,15,0,15,0,0,106,0,106,0,0,121,0,121,303,0,303,424
07/28/2020,CNO,CA,AWP,WE,Towers with Radar,0,0,12,0,12,0,1,141,1,143,0,1,153,1,155,318,0,318,473
07/29/2020,CNO,CA,AWP,WE,Towers with Radar,1,1,22,1,25,0,1,125,3,129,1,2,147,4,154,517,8,525,679
07/30/2020,CNO,CA,AWP,WE,Towers with Radar,0,0,25,0,25,0,0,139,2,141,0,0,164,2,166,330,0,330,496
07/31/2020,CNO,CA,AWP,WE,Towers with Radar,0,0,22,0,22,0,0,150,1,151,0,0,172,1,173,366,0,366,539
08/01/2020,CNO,CA,AWP,WE,Towers with Radar,0,0,22,0,22,0,0,145,0,145,0,0,167,0,167,257,0,257,424
08/02/2020,CNO,CA,AWP,WE,Towers with Radar,0,0,29,0,29,0,0,118,0,118,0,0,147,0,147,213,0,213,360
08/03/2020,CNO,CA,AWP,WE,Towers with Radar,0,2,26,0,28,0,0,101,0,101,0,2,127,0,129,304,0,304,433
08/04/2020,CNO,CA,AWP,WE,Towers with Radar,0,0,23,0,23,0,0,102,0,102,0,0,125,0,125,409,0,409,534
08/05/2020,CNO,CA,AWP,WE,Towers with Radar,0,2,24,0,26,0,0,111,0,111,0,2,135,0,137,319,0,319,456
08/06/2020,CNO,CA,AWP,WE,Towers with Radar,0,2,23,0,25,0,0,144,1,145,0,2,167,1,170,437,0,437,607
08/07/2020,CNO,CA,AWP,WE,Towers with Radar,0,0,22,0,22,0,0,165,0,165,0,0,187,0,187,402,0,402,589
08/08/2020,CNO,CA,AWP,WE,Towers with Radar,0,4,19,0,23,0,0,166,0,166,0,4,185,0,189,336,0,336,525
08/09/2020,CNO,CA,AWP,WE,Towers with Radar,0,0,19,0,19,0,0,109,0,109,0,0,128,0,128,169,0,169,297
08/10/2020,CNO,CA,AWP,WE,Towers with Radar,0,1,19,0,20,0,1,101,0,102,0,2,120,0,122,269,0,269,391
08/11/2020,CNO,CA,AWP,WE,Towers with Radar,0,3,29,0,32,0,0,111,0,111,0,3,140,0,143,356,0,356,499
08/12/2020,CNO,CA,AWP,WE,Towers with Radar,0,4,21,0,25,0,0,138,0,138,0,4,159,0,163,509,0,509,672
08/13/2020,CNO,CA,AWP,WE,Towers with Radar,1,0,34,0,35,0,0,112,5,117,1,0,146,5,152,308,6,314,466
08/14/2020,CNO,CA,AWP,WE,Towers with Radar,1,0,26,0,27,0,0,76,0,76,1,0,102,0,103,222,0,222,325
08/15/2020,CNO,CA,AWP,WE,Towers with Radar,0,0,27,0,27,0,0,85,1,86,0,0,112,1,113,203,0,203,316
08/16/2020,CNO,CA,AWP,WE,Towers with Radar,0,0,11,0,11,0,0,97,4,101,0,0,108,4,112,178,0,178,290
08/17/2020,CNO,CA,AWP,WE,Towers with Radar,0,0,24,0,24,0,0,117,5,122,0,0,141,5,146,295,34,329,475
08/18/2020,CNO,CA,AWP,WE,Towers with Radar,0,4,24,0,28,0,0,82,0,82,0,4,106,0,110,274,0,274,384
08/19/2020,CNO,CA,AWP,WE,Towers with Radar,0,1,20,0,21,0,2,99,0,101,0,3,119,0,122,332,0,332,454
08/20/2020,CNO,CA,AWP,WE,Towers with Radar,0,2,24,0,26,0,0,102,0,102,0,2,126,0,128,236,0,236,364
08/21/2020,CNO,CA,AWP,WE,Towers with Radar,0,2,16,0,18,0,0,129,0,129,0,2,145,0,147,288,0,288,435
08/22/2020,CNO,CA,AWP,WE,Towers with Radar,0,0,17,0,17,0,0,108,0,108,0,0,125,0,125,274,0,274,399
08/23/2020,CNO,CA,AWP,WE,Towers with Radar,0,0,20,0,20,0,0,130,0,130,0,0,150,0,150,193,0,193,343
08/24/2020,CNO,CA,AWP,WE,Towers with Radar,0,0,19,0,19,0,0,132,0,132,0,0,151,0,151,217,0,217,368
08/25/2020,CNO,CA,AWP,WE,Towers with Radar,0,1,35,0,36,0,0,126,0,126,0,1,161,0,162,424,0,424,586
08/26/2020,CNO,CA,AWP,WE,Towers with Radar,0,1,17,0,18,0,1,154,0,155,0,2,171,0,173,395,0,395,568
08/27/2020,CNO,CA,AWP,WE,Towers with Radar,0,4,17,0,21,0,0,137,3,140,0,4,154,3,161,363,0,363,524
08/28/2020,CNO,CA,AWP,WE,Towers with Radar,0,1,21,0,22,0,0,120,1,121,0,1,141,1,143,238,0,238,381
08/29/2020,CNO,CA,AWP,WE,Towers with Radar,2,1,34,0,37,0,1,164,0,165,2,2,198,0,202,306,0,306,508
08/30/2020,CNO,CA,AWP,WE,Towers with Radar,0,0,26,0,26,0,1,115,2,118,0,1,141,2,144,224,0,224,368
08/31/2020,CNO,CA,AWP,WE,Towers with Radar,0,3,28,0,31,0,0,132,0,132,0,3,160,0,163,336,0,336,499
09/01/2020,CNO,CA,AWP,WE,Towers with Radar,0,1,21,0,22,0,0,121,0,121,0,1,142,0,143,247,0,247,390
09/02/2020,CNO,CA,AWP,WE,Towers with Radar,0,6,13,0,19,0,0,179,1,180,0,6,192,1,199,509,0,509,708
09/03/2020,CNO,CA,AWP,WE,Towers with Radar,0,2,27,0,29,0,1,164,0,165,0,3,191,0,194,437,0,437,631
09/04/2020,CNO,CA,AWP,WE,Towers with Radar,0,0,21,0,21,0,0,139,0,139,0,0,160,0,160,344,0,344,504
09/05/2020,CNO,CA,AWP,WE,Towers with Radar,0,0,11,0,11,0,0,83,0,83,0,0,94,0,94,184,0,184,278
09/06/2020,CNO,CA,AWP,WE,Towers with Radar,0,0,6,0,6,0,0,50,0,50,0,0,56,0,56,78,0,78,134
09/07/2020,CNO,CA,AWP,WE,Towers with Radar,0,0,15,0,15,0,2,86,0,88,0,2,101,0,103,521,0,521,624
09/08/2020,CNO,CA,AWP,WE,Towers with Radar,0,3,21,1,25,0,0,40,0,40,0,3,61,1,65,413,0,413,478
09/09/2020,CNO,CA,AWP,WE,Towers with Radar,0,0,18,0,18,0,0,84,2,86,0,0,102,2,104,367,4,371,475
09/10/2020,CNO,CA,AWP,WE,Towers with Radar,0,0,30,5,35,0,0,144,0,144,0,0,174,5,179,321,0,321,500
09/11/2020,CNO,CA,AWP,WE,Towers with Radar,0,2,30,0,32,0,2,110,0,112,0,4,140,0,144,462,0,462,606
09/12/2020,CNO,CA,AWP,WE,Towers with Radar,0,0,31,0,31,0,0,46,1,47,0,0,77,1,78,220,0,220,298
09/13/2020,CNO,CA,AWP,WE,Towers with Radar,0,0,16,0,16,0,0,74,0,74,0,0,90,0,90,256,0,256,346
09/14/2020,CNO,CA,AWP,WE,Towers with Radar,0,3,28,0,31,0,0,103,0,103,0,3,131,0,134,379,0,379,513
09/15/2020,CNO,CA,AWP,WE,Towers with Radar,0,0,30,1,31,0,1,111,0,112,0,1,141,1,143,338,0,338,481
09/16/2020,CNO,CA,AWP,WE,Towers with Radar,0,5,33,0,38,0,0,94,0,94,0,5,127,0,132,361,0,361,493
09/17/2020,CNO,CA,AWP,WE,Towers with Radar,0,0,31,0,31,0,0,151,0,151,0,0,182,0,182,337,0,337,519
09/18/2020,CNO,CA,AWP,WE,Towers with Radar,0,0,30,0,30,0,0,150,0,150,0,0,180,0,180,372,0,372,552
09/19/2020,CNO,CA,AWP,WE,Towers with Radar,0,0,18,0,18,0,0,180,1,181,0,0,198,1,199,445,0,445,644
09/20/2020,CNO,CA,AWP,WE,Towers with Radar,0,0,26,0,26,0,0,150,0,150,0,0,176,0,176,292,0,292,468
09/21/2020,CNO,CA,AWP,WE,Towers with Radar,0,6,32,0,38,0,2,167,0,169,0,8,199,0,207,341,0,341,548
09/22/2020,CNO,CA,AWP,WE,Towers with Radar,2,3,29,0,34,0,0,152,0,152,2,3,181,0,186,406,0,406,592
09/23/2020,CNO,CA,AWP,WE,Towers with Radar,2,2,28,0,32,0,0,166,0,166,2,2,194,0,198,482,0,482,680
09/24/2020,CNO,CA,AWP,WE,Towers with Radar,0,7,27,0,34,0,0,192,2,194,0,7,219,2,228,372,10,382,610
09/25/2020,CNO,CA,AWP,WE,Towers with Radar,0,2,24,0,26,0,0,157,0,157,0,2,181,0,183,334,0,334,517
09/26/2020,CNO,CA,AWP,WE,Towers with Radar,0,0,17,0,17,0,0,138,0,138,0,0,155,0,155,274,0,274,429
09/27/2020,CNO,CA,AWP,WE,Towers with Radar,0,0,28,0,28,0,0,110,0,110,0,0,138,0,138,247,0,247,385
09/28/2020,CNO,CA,AWP,WE,Towers with Radar,0,2,27,0,29,0,0,126,0,126,0,2,153,0,155,199,0,199,354
09/29/2020,CNO,CA,AWP,WE,Towers with Radar,0,4,19,0,23,0,0,115,0,115,0,4,134,0,138,199,0,199,337
09/30/2020,CNO,CA,AWP,WE,Towers with Radar,0,3,13,0,16,0,0,114,0,114,0,3,127,0,130,120,0,120,250
10/01/2020,CNO,CA,AWP,WE,Towers with Radar,0,2,39,1,42,0,0,149,0,149,0,2,188,1,191,209,0,209,400
10/02/2020,CNO,CA,AWP,WE,Towers with Radar,0,2,49,0,51,0,0,162,0,162,0,2,211,0,213,205,0,205,418
10/03/2020,CNO,CA,AWP,WE,Towers with Radar,0,0,26,0,26,0,0,191,1,192,0,0,217,1,218,318,0,318,536
10/04/2020,CNO,CA,AWP,WE,Towers with Radar,0,3,34,0,37,0,0,159,0,159,0,3,193,0,196,187,0,187,383
10/05/2020,CNO,CA,AWP,WE,Towers with Radar,0,5,55,0,60,0,1,146,0,147,0,6,201,0,207,333,0,333,540
10/06/2020,CNO,CA,AWP,WE,Towers with Radar,1,10,48,0,59,0,0,149,0,149,1,10,197,0,208,367,0,367,575
10/07/2020,CNO,CA,AWP,WE,Towers with Radar,0,4,36,0,40,0,0,160,0,160,0,4,196,0,200,463,0,463,663
10/08/2020,CNO,CA,AWP,WE,Towers with Radar,0,2,44,0,46,0,0,128,0,128,0,2,172,0,174,288,0,288,462
10/09/2020,CNO,CA,AWP,WE,Towers with Radar,0,2,41,0,43,0,0,149,0,149,0,2,190,0,192,386,0,386,578
10/10/2020,CNO,CA,AWP,WE,Towers with Radar,0,2,43,0,45,0,0,119,0,119,0,2,162,0,164,482,0,482,646
10/11/2020,CNO,CA,AWP,WE,Towers with Radar,5,2,36,0,43,0,0,150,0,150,5,2,186,0,193,282,0,282,475
10/12/2020,CNO,CA,AWP,WE,Towers with Radar,0,0,42,0,42,1,0,149,0,150,1,0,191,0,192,298,0,298,490
10/13/2020,CNO,CA,AWP,WE,Towers with Radar,0,4,35,0,39,0,0,150,0,150,0,4,185,0,189,321,0,321,510
10/14/2020,CNO,CA,AWP,WE,Towers with Radar,0,5,33,0,38,0,0,161,0,161,0,5,194,0,199,464,0,464,663
10/15/2020,CNO,CA,AWP,WE,Towers with Radar,0,1,45,0,46,0,0,129,0,129,0,1,174,0,175,267,0,267,442
10/16/2020,CNO,CA,AWP,WE,Towers with Radar,4,2,42,0,48,0,0,174,0,174,4,2,216,0,222,302,0,302,524
10/17/2020,CNO,CA,AWP,WE,Towers with Radar,0,4,39,0,43,0,3,201,0,204,0,7,240,0,247,320,0,320,567
10/18/2020,CNO,CA,AWP,WE,Towers with Radar,0,2,19,0,21,0,0,74,0,74,0,2,93,0,95,134,0,134,229
10/19/2020,CNO,CA,AWP,WE,Towers with Radar,0,3,43,0,46,0,0,131,0,131,0,3,174,0,177,277,0,277,454
10/20/2020,CNO,CA,AWP,WE,Towers with Radar,2,8,66,0,76,0,3,111,0,114,2,11,177,0,190,205,0,205,395
10/21/2020,CNO,CA,AWP,WE,Towers with Radar,0,0,34,0,34,0,0,77,1,78,0,0,111,1,112,234,1,235,347
10/22/2020,CNO,CA,AWP,WE,Towers with Radar,0,2,53,2,57,0,0,128,0,128,0,2,181,2,185,393,0,393,578
10/23/2020,CNO,CA,AWP,WE,Towers with Radar,1,5,63,2,71,0,1,139,1,141,1,6,202,3,212,393,0,393,605
10/24/2020,CNO,CA,AWP,WE,Towers with Radar,0,2,42,0,44,0,0,94,0,94,0,2,136,0,138,399,0,399,537
10/25/2020,CNO,CA,AWP,WE,Towers with Radar,0,0,40,0,40,0,0,56,0,56,0,0,96,0,96,237,0,237,333
10/26/2020,CNO,CA,AWP,WE,Towers with Radar,2,3,2,0,7,0,0,3,0,3,2,3,5,0,10,0,0,0,10
10/27/2020,CNO,CA,AWP,WE,Towers with Radar,0,1,10,0,11,0,0,57,0,57,0,1,67,0,68,56,0,56,124
10/28/2020,CNO,CA,AWP,WE,Towers with Radar,0,8,63,0,71,0,0,183,2,185,0,8,246,2,256,359,0,359,615
10/29/2020,CNO,CA,AWP,WE,Towers with Radar,0,7,47,0,54,0,1,184,1,186,0,8,231,1,240,269,0,269,509
10/30/2020,CNO,CA,AWP,WE,Towers with Radar,0,1,49,2,52,0,0,194,0,194,0,1,243,2,246,289,0,289,535
10/31/2020,CNO,CA,AWP,WE,Towers with Radar,0,0,40,0,40,0,0,205,0,205,0,0,245,0,245,328,0,328,573
11/01/2020,CNO,CA,AWP,WE,Towers with Radar,0,1,40,0,41,0,0,148,0,148,0,1,188,0,189,228,0,228,417
11/02/2020,CNO,CA,AWP,WE,Towers with Radar,0,0,31,1,32,0,0,127,2,129,0,0,158,3,161,277,1,278,439
11/03/2020,CNO,CA,AWP,WE,Towers with Radar,0,3,55,0,58,0,0,153,0,153,0,3,208,0,211,256,0,256,467
11/04/2020,CNO,CA,AWP,WE,Towers with Radar,0,1,45,0,46,0,0,178,0,178,0,1,223,0,224,541,0,541,765
11/05/2020,CNO,CA,AWP,WE,Towers with Radar,0,0,54,0,54,0,0,177,0,177,0,0,231,0,231,444,0,444,675
11/06/2020,CNO,CA,AWP,WE,Towers with Radar,0,2,53,0,55,0,0,162,0,162,0,2,215,0,217,354,0,354,571
11/07/2020,CNO,CA,AWP,WE,Towers with Radar,0,2,22,0,24,0,0,19,0,19,0,2,41,0,43,62,0,62,105
11/08/2020,CNO,CA,AWP,WE,Towers with Radar,0,4,26,0,30,0,0,28,0,28,0,4,54,0,58,91,0,91,149
11/09/2020,CNO,CA,AWP,WE,Towers with Radar,0,3,51,0,54,0,0,152,0,152,0,3,203,0,206,424,0,424,630
11/10/2020,CNO,CA,AWP,WE,Towers with Radar,0,2,47,0,49,0,0,153,0,153,0,2,200,0,202,292,0,292,494
11/11/2020,CNO,CA,AWP,WE,Towers with Radar,0,9,46,0,55,0,3,229,0,232,0,12,275,0,287,616,0,616,903
11/12/2020,CNO,CA,AWP,WE,Towers with Radar,0,4,52,0,56,0,0,185,0,185,0,4,237,0,241,522,0,522,763
11/13/2020,CNO,CA,AWP,WE,Towers with Radar,0,3,49,0,52,0,0,190,0,190,0,3,239,0,242,366,0,366,608
11/14/2020,CNO,CA,AWP,WE,Towers with Radar,0,4,54,0,58,0,2,186,0,188,0,6,240,0,246,346,0,346,592
11/15/2020,CNO,CA,AWP,WE,Towers with Radar,0,4,48,0,52,0,2,137,0,139,0,6,185,0,191,245,0,245,436
11/16/2020,CNO,CA,AWP,WE,Towers with Radar,0,0,33,0,33,0,0,124,0,124,0,0,157,0,157,383,0,383,540
11/17/2020,CNO,CA,AWP,WE,Towers with Radar,0,1,57,0,58,0,0,186,2,188,0,1,243,2,246,322,0,322,568
11/18/2020,CNO,CA,AWP,WE,Towers with Radar,0,3,58,1,62,0,1,172,1,174,0,4,230,2,236,601,0,601,837
11/19/2020,CNO,CA,AWP,WE,Towers with Radar,0,0,50,0,50,0,0,164,0,164,0,0,214,0,214,417,0,417,631
11/20/2020,CNO,CA,AWP,WE,Towers with Radar,0,4,53,0,57,0,2,191,0,193,0,6,244,0,250,456,0,456,706
11/21/2020,CNO,CA,AWP,WE,Towers with Radar,1,2,40,0,43,0,0,210,0,210,1,2,250,0,253,381,0,381,634
11/22/2020,CNO,CA,AWP,WE,Towers with Radar,1,2,47,0,50,0,0,160,0,160,1,2,207,0,210,225,0,225,435
11/23/2020,CNO,CA,AWP,WE,Towers with Radar,1,5,41,0,47,0,0,129,3,132,1,5,170,3,179,365,14,379,558
11/24/2020,CNO,CA,AWP,WE,Towers with Radar,0,1,31,0,32,0,0,157,0,157,0,1,188,0,189,445,0,445,634
11/25/2020,CNO,CA,AWP,WE,Towers with Radar,0,5,34,0,39,0,0,163,0,163,0,5,197,0,202,420,0,420,622
11/26/2020,CNO,CA,AWP,WE,Towers with Radar,0,2,13,0,15,0,0,15,0,15,0,2,28,0,30,62,0,62,92
11/27/2020,CNO,CA,AWP,WE,Towers with Radar,0,0,20,0,20,0,0,75,0,75,0,0,95,0,95,129,0,129,224
11/28/2020,CNO,CA,AWP,WE,Towers with Radar,1,0,28,0,29,0,0,150,0,150,1,0,178,0,179,356,0,356,535
11/29/2020,CNO,CA,AWP,WE,Towers with Radar,0,0,28,0,28,0,0,157,0,157,0,0,185,0,185,326,0,326,511
11/30/2020,CNO,CA,AWP,WE,Towers with Radar,0,0,33,0,33,0,0,130,0,130,0,0,163,0,163,400,0,400,563
12/01/2020,CNO,CA,AWP,WE,Towers with Radar,0,0,36,0,36,0,0,131,0,131,0,0,167,0,167,479,0,479,646
12/02/2020,CNO,CA,AWP,WE,Towers with Radar,0,1,35,0,36,0,0,103,0,103,0,1,138,0,139,380,0,380,519
12/03/2020,CNO,CA,AWP,WE,Towers with Radar,0,2,12,0,14,0,0,28,0,28,0,2,40,0,42,88,0,88,130
12/04/2020,CNO,CA,AWP,WE,Towers with Radar,0,5,30,0,35,0,0,118,0,118,0,5,148,0,153,318,0,318,471
12/05/2020,CNO,CA,AWP,WE,Towers with Radar,0,0,20,0,20,0,0,153,0,153,0,0,173,0,173,425,0,425,598
12/06/2020,CNO,CA,AWP,WE,Towers with Radar,2,0,21,0,23,0,0,143,0,143,2,0,164,0,166,255,0,255,421
12/07/2020,CNO,CA,AWP,WE,Towers with Radar,2,2,18,0,22,0,1,64,0,65,2,3,82,0,87,143,0,143,230
12/08/2020,CNO,CA,AWP,WE,Towers with Radar,1,2,14,0,17,0,0,72,2,74,1,2,86,2,91,157,13,170,261
12/09/2020,CNO,CA,AWP,WE,Towers with Radar,0,4,43,0,47,0,0,165,0,165,0,4,208,0,212,349,0,349,561
12/10/2020,CNO,CA,AWP,WE,Towers with Radar,0,2,38,0,40,0,0,168,0,168,0,2,206,0,208,288,0,288,496
12/11/2020,CNO,CA,AWP,WE,Towers with Radar,0,1,39,0,40,0,0,171,0,171,0,1,210,0,211,426,0,426,637
12/12/2020,CNO,CA,AWP,WE,Towers with Radar,0,1,27,0,28,0,0,46,0,46,0,1,73,0,74,393,0,393,467
12/13/2020,CNO,CA,AWP,WE,Towers with Radar,0,2,18,0,20,0,0,110,0,110,0,2,128,0,130,184,0,184,314
12/14/2020,CNO,CA,AWP,WE,Towers with Radar,1,1,38,0,40,0,0,109,1,110,1,1,147,1,150,279,12,291,441
12/15/2020,CNO,CA,AWP,WE,Towers with Radar,2,1,23,3,29,0,0,93,2,95,2,1,116,5,124,90,9,99,223
12/16/2020,CNO,CA,AWP,WE,Towers with Radar,1,3,38,0,42,0,0,149,2,151,1,3,187,2,193,538,0,538,731
12/17/2020,CNO,CA,AWP,WE,Towers with Radar,0,4,44,0,48,0,0,123,3,126,0,4,167,3,174,405,5,410,584
12/18/2020,CNO,CA,AWP,WE,Towers with Radar,0,10,21,0,31,0,0,91,0,91,0,10,112,0,122,116,0,116,238
12/19/2020,CNO,CA,AWP,WE,Towers with Radar,0,0,25,0,25,0,0,193,0,193,0,0,218,0,218,319,0,319,537
12/20/2020,CNO,CA,AWP,WE,Towers with Radar,0,0,33,0,33,0,0,165,0,165,0,0,198,0,198,327,0,327,525
12/21/2020,CNO,CA,AWP,WE,Towers with Radar,2,5,18,2,27,0,0,145,4,149,2,5,163,6,176,298,14,312,488
12/22/2020,CNO,CA,AWP,WE,Towers with Radar,0,5,23,0,28,0,0,139,4,143,0,5,162,4,171,301,13,314,485
12/23/2020,CNO,CA,AWP,WE,Towers with Radar,2,2,6,0,10,0,1,56,3,60,2,3,62,3,70,54,0,54,124
12/24/2020,CNO,CA,AWP,WE,Towers with Radar,0,3,9,0,12,0,0,54,1,55,0,3,63,1,67,95,0,95,162
12/25/2020,CNO,CA,AWP,WE,Towers with Radar,0,0,5,0,5,0,0,58,2,60,0,0,63,2,65,56,0,56,121
12/26/2020,CNO,CA,AWP,WE,Towers with Radar,0,0,26,0,26,0,2,145,0,147,0,2,171,0,173,229,0,229,402
12/27/2020,CNO,CA,AWP,WE,Towers with Radar,0,1,27,0,28,0,0,41,0,41,0,1,68,0,69,206,0,206,275
12/28/2020,CNO,CA,AWP,WE,Towers with Radar,0,2,14,0,16,0,0,2,0,2,0,2,16,0,18,7,0,7,25
12/29/2020,CNO,CA,AWP,WE,Towers with Radar,0,0,10,0,10,0,0,60,0,60,0,0,70,0,70,84,0,84,154
12/30/2020,CNO,CA,AWP,WE,Towers with Radar,0,1,20,0,21,0,0,154,1,155,0,1,174,1,176,285,0,285,461
12/31/2020,CNO,CA,AWP,WE,Towers with Radar,0,0,25,0,25,0,0,126,0,126,0,0,151,0,151,185,0,185,336
01/01/2021,CNO,CA,AWP,WE,Towers with Radar,0,0,5,0,5,0,0,37,0,37,0,0,42,0,42,97,0,97,139
01/02/2021,CNO,CA,AWP,WE,Towers with Radar,0,0,24,0,24,0,0,174,0,174,0,0,198,0,198,228,0,228,426
01/03/2021,CNO,CA,AWP,WE,Towers with Radar,0,2,33,0,35,0,0,158,0,158,0,2,191,0,193,263,0,263,456
01/04/2021,CNO,CA,AWP,WE,Towers with Radar,0,2,22,0,24,0,0,114,0,114,0,2,136,0,138,373,0,373,511
01/05/2021,CNO,CA,AWP,WE,Towers with Radar,4,0,21,0,25,0,0,62,1,63,4,0,83,1,88,157,0,157,245
01/06/2021,CNO,CA,AWP,WE,Towers with Radar,0,4,13,0,17,0,0,149,2,151,0,4,162,2,168,423,7,430,598
01/07/2021,CNO,CA,AWP,WE,Towers with Radar,0,0,31,2,33,0,0,132,3,135,0,0,163,5,168,359,0,359,527
01/08/2021,CNO,CA,AWP,WE,Towers with Radar,0,0,29,0,29,0,0,146,1,147,0,0,175,1,176,344,0,344,520
01/09/2021,CNO,CA,AWP,WE,Towers with Radar,0,0,12,0,12,0,0,72,0,72,0,0,84,0,84,99,0,99,183
01/10/2021,CNO,CA,AWP,WE,Towers with Radar,0,0,17,0,17,0,1,137,0,138,0,1,154,0,155,318,0,318,473
01/11/2021,CNO,CA,AWP,WE,Towers with Radar,0,2,22,0,24,0,0,119,0,119,0,2,141,0,143,436,0,436,579
01/12/2021,CNO,CA,AWP,WE,Towers with Radar,0,1,29,0,30,0,1,176,1,178,0,2,205,1,208,387,0,387,595
01/13/2021,CNO,CA,AWP,WE,Towers with Radar,0,1,22,0,23,0,0,143,0,143,0,1,165,0,166,342,0,342,508
01/14/2021,CNO,CA,AWP,WE,Towers with Radar,0,0,20,0,20,0,3,77,0,80,0,3,97,0,100,161,0,161,261
01/15/2021,CNO,CA,AWP,WE,Towers with Radar,0,1,24,0,25,0,0,145,0,145,0,1,169,0,170,294,0,294,464
01/16/2021,CNO,CA,AWP,WE,Towers with Radar,0,1,18,0,19,0,0,126,0,126,0,1,144,0,145,81,0,81,226
01/17/2021,CNO,CA,AWP,WE,Towers with Radar,0,0,28,0,28,0,0,156,0,156,0,0,184,0,184,306,0,306,490
01/18/2021,CNO,CA,AWP,WE,Towers with Radar,0,2,22,0,24,0,0,105,0,105,0,2,127,0,129,109,0,109,238
01/19/2021,CNO,CA,AWP,WE,Towers with Radar,0,2,9,0,11,0,2,11,0,13,0,4,20,0,24,3,0,3,27
01/20/2021,CNO,CA,AWP,WE,Towers with Radar,2,1,15,1,19,0,0,54,1,55,2,1,69,2,74,144,0,144,218
01/21/2021,CNO,CA,AWP,WE,Towers with Radar,0,2,32,0,34,0,0,245,1,246,0,2,277,1,280,457,0,457,737
01/22/2021,CNO,CA,AWP,WE,Towers with Radar,0,6,39,0,45,0,0,121,1,122,0,6,160,1,167,384,0,384,551
01/23/2021,CNO,CA,AWP,WE,Towers with Radar,0,0,24,0,24,0,0,21,0,21,0,0,45,0,45,161,0,161,206
01/24/2021,CNO,CA,AWP,WE,Towers with Radar,0,4,30,0,34,0,0,81,0,81,0,4,111,0,115,217,0,217,332
01/25/2021,CNO,CA,AWP,WE,Towers with Radar,0,2,11,0,13,0,0,26,1,27,0,2,37,1,40,56,5,61,101
01/26/2021,CNO,CA,AWP,WE,Towers with Radar,0,5,33,0,38,0,0,211,3,214,0,5,244,3,252,441,12,453,705
01/27/2021,CNO,CA,AWP,WE,Towers with Radar,0,3,32,0,35,0,0,142,0,142,0,3,174,0,177,478,0,478,655
01/28/2021,CNO,CA,AWP,WE,Towers with Radar,0,2,31,0,33,0,0,106,2,108,0,2,137,2,141,449,11,460,601
01/29/2021,CNO,CA,AWP,WE,Towers with Radar,0,1,10,0,11,0,0,5,0,5,0,1,15,0,16,60,0,60,76
01/30/2021,CNO,CA,AWP,WE,Towers with Radar,0,0,39,0,39,0,0,191,0,191,0,0,230,0,230,422,0,422,652
01/31/2021,CNO,CA,AWP,WE,Towers with Radar,0,0,34,0,34,0,0,161,0,161,0,0,195,0,195,316,0,316,511
02/01/2021,CNO,CA,AWP,WE,Towers with Radar,0,2,23,1,26,0,0,124,4,128,0,2,147,5,154,485,14,499,653
02/02/2021,CNO,CA,AWP,WE,Towers with Radar,0,0,27,0,27,0,1,153,1,155,0,1,180,1,182,387,0,387,569
02/03/2021,CNO,CA,AWP,WE,Towers with Radar,0,1,26,0,27,0,0,143,3,146,0,1,169,3,173,478,11,489,662
02/04/2021,CNO,CA,AWP,WE,Towers with Radar,0,8,19,2,29,0,0,135,0,135,0,8,154,2,164,301,0,301,465
02/05/2021,CNO,CA,AWP,WE,Towers with Radar,0,3,45,2,50,0,0,207,0,207,0,3,252,2,257,431,0,431,688
02/06/2021,CNO,CA,AWP,WE,Towers with Radar,0,0,39,0,39,0,0,232,1,233,0,0,271,1,272,360,0,360,632
02/07/2021,CNO,CA,AWP,WE,Towers with Radar,0,0,24,0,24,0,0,131,0,131,0,0,155,0,155,284,0,284,439
02/08/2021,CNO,CA,AWP,WE,Towers with Radar,0,1,45,1,47,0,0,113,0,113,0,1,158,1,160,193,0,193,353
02/09/2021,CNO,CA,AWP,WE,Towers with Radar,0,2,39,1,42,0,0,76,1,77,0,2,115,2,119,195,0,195,314
02/10/2021,CNO,CA,AWP,WE,Towers with Radar,2,0,47,0,49,0,0,102,0,102,2,0,149,0,151,425,0,425,576
02/11/2021,CNO,CA,AWP,WE,Towers with Radar,0,2,47,0,49,0,0,137,2,139,0,2,184,2,188,362,0,362,550
02/12/2021,CNO,CA,AWP,WE,Towers with Radar,0,2,32,0,34,0,0,100,0,100,0,2,132,0,134,247,0,247,381
02/13/2021,CNO,CA,AWP,WE,Towers with Radar,0,0,34,0,34,0,0,136,0,136,0,0,170,0,170,339,0,339,509
02/14/2021,CNO,CA,AWP,WE,Towers with Radar,0,0,12,0,12,0,0,115,0,115,0,0,127,0,127,227,0,227,354
02/15/2021,CNO,CA,AWP,WE,Towers with Radar,1,2,44,0,47,0,0,149,0,149,1,2,193,0,196,314,0,314,510
02/16/2021,CNO,CA,AWP,WE,Towers with Radar,1,0,37,0,38,0,0,116,3,119,1,0,153,3,157,377,12,389,546
02/17/2021,CNO,CA,AWP,WE,Towers with Radar,0,1,43,1,45,0,0,180,3,183,0,1,223,4,228,538,0,538,766
02/18/2021,CNO,CA,AWP,WE,Towers with Radar,2,0,30,0,32,0,0,80,2,82,2,0,110,2,114,203,0,203,317
02/19/2021,CNO,CA,AWP,WE,Towers with Radar,1,1,28,0,30,0,0,211,2,213,1,1,239,2,243,456,0,456,699
02/20/2021,CNO,CA,AWP,WE,Towers with Radar,0,0,22,0,22,0,0,139,1,140,0,0,161,1,162,391,0,391,553
02/21/2021,CNO,CA,AWP,WE,Towers with Radar,0,0,15,0,15,0,0,81,2,83,0,0,96,2,98,141,0,141,239
02/22/2021,CNO,CA,AWP,WE,Towers with Radar,0,1,15,0,16,0,0,117,2,119,0,1,132,2,135,296,11,307,442
02/23/2021,CNO,CA,AWP,WE,Towers with Radar,0,0,34,0,34,0,1,150,2,153,0,1,184,2,187,408,11,419,606
02/24/2021,CNO,CA,AWP,WE,Towers with Radar,0,2,35,0,37,0,0,184,0,184,0,2,219,0,221,404,0,404,625
02/25/2021,CNO,CA,AWP,WE,Towers with Radar,0,0,21,0,21,0,0,105,0,105,0,0,126,0,126,308,0,308,434
02/26/2021,CNO,CA,AWP,WE,Towers with Radar,0,2,39,0,41,0,0,200,0,200,0,2,239,0,241,377,0,377,618
02/27/2021,CNO,CA,AWP,WE,Towers with Radar,0,2,35,0,37,0,0,210,0,210,0,2,245,0,247,327,0,327,574
02/28/2021,CNO,CA,AWP,WE,Towers with Radar,0,2,16,0,18,0,0,35,0,35,0,2,51,0,53,51,0,51,104
03/01/2021,CNO,CA,AWP,WE,Towers with Radar,0,0,14,0,14,0,0,145,0,145,0,0,159,0,159,310,0,310,469
03/02/2021,CNO,CA,AWP,WE,Towers with Radar,0,2,38,0,40,0,0,119,0,119,0,2,157,0,159,247,0,247,406
03/03/2021,CNO,CA,AWP,WE,Towers with Radar,2,1,23,0,26,0,1,34,2,37,2,2,57,2,63,159,2,161,224
03/04/2021,CNO,CA,AWP,WE,Towers with Radar,0,4,40,0,44,0,2,223,0,225,0,6,263,0,269,448,0,448,717
03/05/2021,CNO,CA,AWP,WE,Towers with Radar,0,1,36,0,37,0,0,198,0,198,0,1,234,0,235,413,0,413,648
03/06/2021,CNO,CA,AWP,WE,Towers with Radar,0,0,26,0,26,0,0,216,2,218,0,0,242,2,244,261,0,261,505
03/07/2021,CNO,CA,AWP,WE,Towers with Radar,0,1,34,0,35,0,0,93,0,93,0,1,127,0,128,392,0,392,520
03/08/2021,CNO,CA,AWP,WE,Towers with Radar,0,2,29,1,32,0,0,75,0,75,0,2,104,1,107,383,0,383,490
03/09/2021,CNO,CA,AWP,WE,Towers with Radar,0,0,21,0,21,0,0,85,0,85,0,0,106,0,106,290,0,290,396
03/10/2021,CNO,CA,AWP,WE,Towers with Radar,0,0,32,2,34,0,0,13,0,13,0,0,45,2,47,107,0,107,154
03/11/2021,CNO,CA,AWP,WE,Towers with Radar,0,1,18,1,20,0,0,87,1,88,0,1,105,2,108,385,5,390,498
03/12/2021,CNO,CA,AWP,WE,Towers with Radar,0,1,22,0,23,0,1,110,0,111,0,2,132,0,134,389,0,389,523
03/13/2021,CNO,CA,AWP,WE,Towers with Radar,0,0,31,0,31,0,0,146,0,146,0,0,177,0,177,504,0,504,681
03/14/2021,CNO,CA,AWP,WE,Towers with Radar,0,0,24,0,24,0,0,117,1,118,0,0,141,1,142,225,0,225,367
03/15/2021,CNO,CA,AWP,WE,Towers with Radar,0,1,30,0,31,0,0,22,0,22,0,1,52,0,53,184,0,184,237
03/16/2021,CNO,CA,AWP,WE,Towers with Radar,0,0,38,0,38,0,0,197,2,199,0,0,235,2,237,303,0,303,540
03/17/2021,CNO,CA,AWP,WE,Towers with Radar,0,2,38,0,40,0,0,160,1,161,0,2,198,1,201,348,0,348,549
03/18/2021,CNO,CA,AWP,WE,Towers with Radar,0,3,38,0,41,0,0,173,0,173,0,3,211,0,214,349,0,349,563
03/19/2021,CNO,CA,AWP,WE,Towers with Radar,0,3,32,1,36,0,0,168,1,169,0,3,200,2,205,296,0,296,501
03/20/2021,CNO,CA,AWP,WE,Towers with Radar,2,1,24,0,27,0,0,108,0,108,2,1,132,0,135,250,0,250,385
03/21/2021,CNO,CA,AWP,WE,Towers with Radar,2,2,26,1,31,0,0,168,0,168,2,2,194,1,199,280,0,280,479
03/22/2021,CNO,CA,AWP,WE,Towers with Radar,0,2,29,0,31,0,0,142,4,146,0,2,171,4,177,291,0,291,468
03/23/2021,CNO,CA,AWP,WE,Towers with Radar,1,1,31,0,33,0,0,133,0,133,1,1,164,0,166,401,0,401,567
03/24/2021,CNO,CA,AWP,WE,Towers with Radar,0,0,25,0,25,0,0,97,4,101,0,0,122,4,126,362,0,362,488
03/25/2021,CNO,CA,AWP,WE,Towers with Radar,0,0,25,2,27,0,0,82,0,82,0,0,107,2,109,317,0,317,426
03/26/2021,CNO,CA,AWP,WE,Towers with Radar,0,1,39,0,40,0,1,163,0,164,0,2,202,0,204,250,0,250,454
03/27/2021,CNO,CA,AWP,WE,Towers with Radar,0,0,44,0,44,0,0,189,0,189,0,0,233,0,233,318,0,318,551
03/28/2021,CNO,CA,AWP,WE,Towers with Radar,0,2,41,0,43,0,0,183,0,183,0,2,224,0,226,309,0,309,535
03/29/2021,CNO,CA,AWP,WE,Towers with Radar,0,0,40,0,40,0,0,163,0,163,0,0,203,0,203,391,0,391,594
03/30/2021,CNO,CA,AWP,WE,Towers with Radar,0,0,26,0,26,0,0,133,0,133,0,0,159,0,159,343,0,343,502
03/31/2021,CNO,CA,AWP,WE,Towers with Radar,0,0,17,0,17,0,0,105,1,106,0,0,122,1,123,156,5,161,284
04/01/2021,CNO,CA,AWP,WE,Towers with Radar,1,0,40,0,41,0,1,170,0,171,1,1,210,0,212,389,0,389,601
04/02/2021,CNO,CA,AWP,WE,Towers with Radar,0,3,31,0,34,0,1,189,0,190,0,4,220,0,224,357,0,357,581
04/03/2021,CNO,CA,AWP,WE,Towers with Radar,0,0,47,0,47,0,0,166,0,166,0,0,213,0,213,281,0,281,494
04/04/2021,CNO,CA,AWP,WE,Towers with Radar,0,0,16,0,16,0,0,133,0,133,0,0,149,0,149,131,0,131,280
04/05/2021,CNO,CA,AWP,WE,Towers with Radar,0,0,21,0,21,0,0,141,2,143,0,0,162,2,164,381,0,381,545
04/06/2021,CNO,CA,AWP,WE,Towers with Radar,0,1,41,0,42,0,0,148,0,148,0,1,189,0,190,441,0,441,631
04/07/2021,CNO,CA,AWP,WE,Towers with Radar,0,2,39,0,41,0,0,201,0,201,0,2,240,0,242,482,0,482,724
04/08/2021,CNO,CA,AWP,WE,Towers with Radar,0,0,45,0,45,0,0,205,1,206,0,0,250,1,251,384,0,384,635
04/09/2021,CNO,CA,AWP,WE,Towers with Radar,0,0,39,0,39,0,0,215,1,216,0,0,254,1,255,379,0,379,634
04/10/2021,CNO,CA,AWP,WE,Towers with Radar,0,0,23,0,23,0,0,202,0,202,0,0,225,0,225,305,0,305,530
04/11/2021,CNO,CA,AWP,WE,Towers with Radar,0,2,43,0,45,0,2,132,0,134,0,4,175,0,179,245,0,245,424
04/12/2021,CNO,CA,AWP,WE,Towers with Radar,1,0,40,0,41,0,0,97,0,97,1,0,137,0,138,482,0,482,620
04/13/2021,CNO,CA,AWP,WE,Towers with Radar,0,6,43,0,49,0,0,70,1,71,0,6,113,1,120,425,17,442,562
04/14/2021,CNO,CA,AWP,WE,Towers with Radar,0,3,66,0,69,0,0,124,2,126,0,3,190,2,195,426,7,433,628
04/15/2021,CNO,CA,AWP,WE,Towers with Radar,0,2,45,0,47,0,0,127,0,127,0,2,172,0,174,372,0,372,546
04/16/2021,CNO,CA,AWP,WE,Towers with Radar,0,1,41,0,42,0,0,215,0,215,0,1,256,0,257,452,0,452,709
04/17/2021,CNO,CA,AWP,WE,Towers with Radar,0,0,39,0,39,0,0,158,0,158,0,0,197,0,197,387,0,387,584
04/18/2021,CNO,CA,AWP,WE,Towers with Radar,0,0,10,0,10,0,0,57,0,57,0,0,67,0,67,41,0,41,108
04/19/2021,CNO,CA,AWP,WE,Towers with Radar,0,0,37,0,37,0,0,147,0,147,0,0,184,0,184,388,0,388,572
04/20/2021,CNO,CA,AWP,WE,Towers with Radar,0,5,35,0,40,0,0,180,1,181,0,5,215,1,221,555,8,563,784
04/21/2021,CNO,CA,AWP,WE,Towers with Radar,0,0,52,0,52,0,0,94,0,94,0,0,146,0,146,612,0,612,758
04/22/2021,CNO,CA,AWP,WE,Towers with Radar,0,0,39,0,39,0,1,84,0,85,0,1,123,0,124,496,0,496,620
04/23/2021,CNO,CA,AWP,WE,Towers with Radar,0,0,50,0,50,0,0,126,0,126,0,0,176,0,176,411,0,411,587
04/24/2021,CNO,CA,AWP,WE,Towers with Radar,0,0,57,0,57,0,0,132,1,133,0,0,189,1,190,350,0,350,540
04/25/2021,CNO,CA,AWP,WE,Towers with Radar,0,0,36,0,36,0,0,116,0,116,0,0,152,0,152,330,0,330,482
04/26/2021,CNO,CA,AWP,WE,Towers with Radar,0,0,41,0,41,0,0,95,0,95,0,0,136,0,136,204,0,204,340
04/27/2021,CNO,CA,AWP,WE,Towers with Radar,0,0,41,0,41,0,0,147,1,148,0,0,188,1,189,370,3,373,562
04/28/2021,CNO,CA,AWP,WE,Towers with Radar,0,1,37,0,38,0,0,184,0,184,0,1,221,0,222,397,0,397,619
04/29/2021,CNO,CA,AWP,WE,Towers with Radar,0,3,58,0,61,0,0,229,2,231,0,3,287,2,292,409,0,409,701
04/30/2021,CNO,CA,AWP,WE,Towers with Radar,0,0,28,0,28,0,0,234,0,234,0,0,262,0,262,366,0,366,628
05/01/2021,CNO,CA,AWP,WE,Towers with Radar,0,0,41,1,42,0,0,190,0,190,0,0,231,1,232,299,0,299,531
05/02/2021,CNO,CA,AWP,WE,Towers with Radar,0,1,29,0,30,0,0,122,1,123,0,1,151,1,153,190,0,190,343
05/03/2021,CNO,CA,AWP,WE,Towers with Radar,0,0,42,2,44,0,0,171,5,176,0,0,213,7,220,275,9,284,504
05/04/2021,CNO,CA,AWP,WE,Towers with Radar,0,0,56,0,56,0,0,183,5,188,0,0,239,5,244,272,6,278,522
05/05/2021,CNO,CA,AWP,WE,Towers with Radar,0,0,33,0,33,0,0,201,0,201,0,0,234,0,234,397,0,397,631
05/06/2021,CNO,CA,AWP,WE,Towers with Radar,0,1,43,1,45,0,0,135,3,138,0,1,178,4,183,219,11,230,413
05/07/2021,CNO,CA,AWP,WE,Towers with Radar,0,2,61,0,63,0,0,132,0,132,0,2,193,0,195,491,0,491,686
05/08/2021,CNO,CA,AWP,WE,Towers with Radar,0,0,29,0,29,0,0,170,0,170,0,0,199,0,199,252,0,252,451
05/09/2021,CNO,CA,AWP,WE,Towers with Radar,1,4,11,0,16,0,0,63,0,63,1,4,74,0,79,110,0,110,189
05/10/2021,CNO,CA,AWP,WE,Towers with Radar,0,3,46,2,51,0,0,85,0,85,0,3,131,2,136,489,0,489,625
05/11/2021,CNO,CA,AWP,WE,Towers with Radar,0,3,41,0,44,0,2,137,0,139,0,5,178,0,183,444,0,444,627
05/12/2021,CNO,CA,AWP,WE,Towers with Radar,0,3,46,3,52,0,0,138,0,138,0,3,184,3,190,381,0,381,571
05/13/2021,CNO,CA,AWP,WE,Towers with Radar,0,5,48,0,53,0,1,149,0,150,0,6,197,0,203,294,0,294,497
05/14/2021,CNO,CA,AWP,WE,Towers with Radar,0,2,43,0,45,0,0,130,0,130,0,2,173,0,175,313,0,313,488
05/15/2021,CNO,CA,AWP,WE,Towers with Radar,0,0,35,0,35,0,0,105,0,105,0,0,140,0,140,322,0,322,462
05/16/2021,CNO,CA,AWP,WE,Towers with Radar,1,0,47,0,48,0,0,63,0,63,1,0,110,0,111,248,0,248,359
05/17/2021,CNO,CA,AWP,WE,Towers with Radar,0,4,28,0,32,0,0,55,0,55,0,4,83,0,87,432,0,432,519
05/18/2021,CNO,CA,AWP,WE,Towers with Radar,2,2,42,0,46,0,0,156,1,157,2,2,198,1,203,365,5,370,573
05/19/2021,CNO,CA,AWP,WE,Towers with Radar,0,1,62,2,65,0,0,134,0,134,0,1,196,2,199,387,0,387,586
05/20/2021,CNO,CA,AWP,WE,Towers with Radar,1,1,34,0,36,0,0,120,3,123,1,1,154,3,159,529,0,529,688
05/21/2021,CNO,CA,AWP,WE,Towers with Radar,0,0,24,0,24,0,0,106,0,106,0,0,130,0,130,203,0,203,333
05/22/2021,CNO,CA,AWP,WE,Towers with Radar,0,0,38,0,38,0,0,199,0,199,0,0,237,0,237,387,0,387,624
05/23/2021,CNO,CA,AWP,WE,Towers with Radar,0,1,35,0,36,0,0,192,0,192,0,1,227,0,228,148,0,148,376
05/24/2021,CNO,CA,AWP,WE,Towers with Radar,0,0,37,1,38,0,0,141,0,141,0,0,178,1,179,418,0,418,597
05/25/2021,CNO,CA,AWP,WE,Towers with Radar,0,0,46,0,46,0,0,140,2,142,0,0,186,2,188,341,23,364,552
05/26/2021,CNO,CA,AWP,WE,Towers with Radar,0,1,44,0,45,0,0,184,0,184,0,1,228,0,229,426,0,426,655
05/27/2021,CNO,CA,AWP,WE,Towers with Radar,0,4,44,0,48,0,0,138,0,138,0,4,182,0,186,500,0,500,686
05/28/2021,CNO,CA,AWP,WE,Towers with Radar,0,2,50,0,52,0,0,148,0,148,0,2,198,0,200,481,0,481,681
05/29/2021,CNO,CA,AWP,WE,Towers with Radar,0,0,43,0,43,0,0,149,0,149,0,0,192,0,192,414,0,414,606
05/30/2021,CNO,CA,AWP,WE,Towers with Radar,0,4,24,0,28,0,3,127,0,130,0,7,151,0,158,219,0,219,377
05/31/2021,CNO,CA,AWP,WE,Towers with Radar,0,2,38,0,40,0,0,137,0,137,0,2,175,0,177,396,0,396,573
06/01/2021,CNO,CA,AWP,WE,Towers with Radar,0,0,56,0,56,0,0,162,0,162,0,0,218,0,218,249,0,249,467
06/02/2021,CNO,CA,AWP,WE,Towers with Radar,1,3,39,0,43,0,0,141,0,141,1,3,180,0,184,385,0,385,569
06/03/2021,CNO,CA,AWP,WE,Towers with Radar,0,7,48,0,55,0,1,165,4,170,0,8,213,4,225,451,6,457,682
06/04/2021,CNO,CA,AWP,WE,Towers with Radar,0,4,43,0,47,0,0,169,0,169,0,4,212,0,216,461,0,461,677
06/05/2021,CNO,CA,AWP,WE,Towers with Radar,0,1,45,0,46,0,1,204,0,205,0,2,249,0,251,388,0,388,639
06/06/2021,CNO,CA,AWP,WE,Towers with Radar,0,0,30,0,30,0,0,134,6,140,0,0,164,6,170,367,0,367,537
06/07/2021,CNO,CA,AWP,WE,Towers with Radar,0,0,29,0,29,0,0,60,0,60,0,0,89,0,89,409,0,409,498
06/08/2021,CNO,CA,AWP,WE,Towers with Radar,0,0,52,0,52,0,2,169,2,173,0,2,221,2,225,463,15,478,703
06/09/2021,CNO,CA,AWP,WE,Towers with Radar,0,2,36,0,38,0,0,162,0,162,0,2,198,0,200,393,0,393,593
06/10/2021,CNO,CA,AWP,WE,Towers with Radar,0,4,47,0,51,0,0,192,0,192,0,4,239,0,243,478,0,478,721
06/11/2021,CNO,CA,AWP,WE,Towers with Radar,0,1,58,0,59,0,0,179,0,179,0,1,237,0,238,458,0,458,696
06/12/2021,CNO,CA,AWP,WE,Towers with Radar,0,0,20,0,20,0,0,218,0,218,0,0,238,0,238,467,0,467,705
06/13/2021,CNO,CA,AWP,WE,Towers with Radar,0,0,31,0,31,0,1,146,0,147,0,1,177,0,178,366,0,366,544
06/14/2021,CNO,CA,AWP,WE,Towers with Radar,0,1,33,0,34,0,0,131,1,132,0,1,164,1,166,352,1,353,519
06/15/2021,CNO,CA,AWP,WE,Towers with Radar,0,4,28,0,32,0,2,101,0,103,0,6,129,0,135,269,0,269,404
06/16/2021,CNO,CA,AWP,WE,Towers with Radar,0,0,26,2,28,0,0,158,2,160,0,0,184,4,188,438,1,439,627
06/17/2021,CNO,CA,AWP,WE,Towers with Radar,1,3,34,0,38,0,0,157,0,157,1,3,191,0,195,482,0,482,677
06/18/2021,CNO,CA,AWP,WE,Towers with Radar,0,1,42,0,43,0,0,166,1,167,0,1,208,1,210,410,2,412,622
06/19/2021,CNO,CA,AWP,WE,Towers with Radar,0,0,18,0,18,0,0,215,0,215,0,0,233,0,233,375,0,375,608
06/20/2021,CNO,CA,AWP,WE,Towers with Radar,0,2,24,0,26,0,0,149,0,149,0,2,173,0,175,193,0,193,368
06/21/2021,CNO,CA,AWP,WE,Towers with Radar,0,0,31,2,33,0,2,156,0,158,0,2,187,2,191,442,0,442,633
06/22/2021,CNO,CA,AWP,WE,Towers with Radar,1,2,45,0,48,0,0,191,2,193,1,2,236,2,241,584,0,584,825
06/23/2021,CNO,CA,AWP,WE,Towers with Radar,0,3,47,0,50,0,1,177,0,178,0,4,224,0,228,495,0,495,723
06/24/2021,CNO,CA,AWP,WE,Towers with Radar,0,0,47,0,47,0,0,180,0,180,0,0,227,0,227,469,0,469,696
06/25/2021,CNO,CA,AWP,WE,Towers with Radar,0,2,36,0,38,0,0,207,0,207,0,2,243,0,245,427,0,427,672
06/26/2021,CNO,CA,AWP,WE,Towers with Radar,0,0,28,0,28,0,1,240,0,241,0,1,268,0,269,476,0,476,745
06/27/2021,CNO,CA,AWP,WE,Towers with Radar,0,0,24,0,24,0,0,226,0,226,0,0,250,0,250,331,0,331,581
06/28/2021,CNO,CA,AWP,WE,Towers with Radar,0,0,34,0,34,0,1,139,0,140,0,1,173,0,174,384,0,384,558
06/29/2021,CNO,CA,AWP,WE,Towers with Radar,0,0,47,1,48,0,0,178,0,178,0,0,225,1,226,513,0,513,739
06/30/2021,CNO,CA,AWP,WE,Towers with Radar,0,0,39,3,42,0,1,172,2,175,0,1,211,5,217,551,0,551,768
07/01/2021,CNO,CA,AWP,WE,Towers with Radar,0,6,28,0,34,0,0,151,0,151,0,6,179,0,185,519,0,519,704
07/02/2021,CNO,CA,AWP,WE,Towers with Radar,0,2,45,0,47,0,0,211,0,211,0,2,256,0,258,394,0,394,652
07/03/2021,CNO,CA,AWP,WE,Towers with Radar,0,2,37,0,39,0,2,208,0,210,0,4,245,0,249,341,0,341,590
07/04/2021,CNO,CA,AWP,WE,Towers with Radar,0,0,18,0,18,0,0,120,0,120,0,0,138,0,138,305,0,305,443
07/05/2021,CNO,CA,AWP,WE,Towers with Radar,0,0,40,0,40,0,0,138,0,138,0,0,178,0,178,297,0,297,475
07/06/2021,CNO,CA,AWP,WE,Towers with Radar,0,0,40,1,41,0,0,167,3,170,0,0,207,4,211,376,0,376,587
07/07/2021,CNO,CA,AWP,WE,Towers with Radar,0,4,36,0,40,0,0,144,4,148,0,4,180,4,188,479,3,482,670
07/08/2021,CNO,CA,AWP,WE,Towers with Radar,0,1,20,0,21,0,0,160,2,162,0,1,180,2,183,353,0,353,536
07/09/2021,CNO,CA,AWP,WE,Towers with Radar,0,2,33,0,35,0,0,137,0,137,0,2,170,0,172,345,0,345,517
07/10/2021,CNO,CA,AWP,WE,Towers with Radar,0,0,24,0,24,0,0,237,0,237,0,0,261,0,261,237,0,237,498
07/11/2021,CNO,CA,AWP,WE,Towers with Radar,0,3,35,0,38,0,0,155,0,155,0,3,190,0,193,409,0,409,602
07/12/2021,CNO,CA,AWP,WE,Towers with Radar,0,0,34,0,34,0,0,148,0,148,0,0,182,0,182,422,0,422,604
07/13/2021,CNO,CA,AWP,WE,Towers with Radar,0,6,34,0,40,0,1,159,3,163,0,7,193,3,203,443,15,458,661
07/14/2021,CNO,CA,AWP,WE,Towers with Radar,0,0,37,0,37,0,1,129,3,133,0,1,166,3,170,522,3,525,695
07/15/2021,CNO,CA,AWP,WE,Towers with Radar,0,0,56,0,56,0,2,156,3,161,0,2,212,3,217,459,13,472,689
07/16/2021,CNO,CA,AWP,WE,Towers with Radar,0,0,42,0,42,0,0,169,0,169,0,0,211,0,211,483,0,483,694
07/17/2021,CNO,CA,AWP,WE,Towers with Radar,0,0,28,0,28,0,0,195,0,195,0,0,223,0,223,394,0,394,617
07/18/2021,CNO,CA,AWP,WE,Towers with Radar,0,0,30,0,30,0,0,137,0,137,0,0,167,0,167,275,0,275,442
07/19/2021,CNO,CA,AWP,WE,Towers with Radar,0,1,23,0,24,0,1,147,0,148,0,2,170,0,172,385,0,385,557
07/20/2021,CNO,CA,AWP,WE,Towers with Radar,0,6,34,0,40,0,0,163,0,163,0,6,197,0,203,483,0,483,686
07/21/2021,CNO,CA,AWP,WE,Towers with Radar,0,0,30,0,30,0,0,127,0,127,0,0,157,0,157,532,0,532,689
07/22/2021,CNO,CA,AWP,WE,Towers with Radar,1,2,43,0,46,0,2,185,2,189,1,4,228,2,235,515,17,532,767
07/23/2021,CNO,CA,AWP,WE,Towers with Radar,0,0,28,1,29,0,1,180,1,182,0,1,208,2,211,417,0,417,628
07/24/2021,CNO,CA,AWP,WE,Towers with Radar,0,0,16,0,16,0,0,174,0,174,0,0,190,0,190,363,0,363,553
07/25/2021,CNO,CA,AWP,WE,Towers with Radar,0,0,31,0,31,0,0,154,0,154,0,0,185,0,185,283,0,283,468
07/26/2021,CNO,CA,AWP,WE,Towers with Radar,0,2,22,0,24,0,0,73,0,73,0,2,95,0,97,259,0,259,356
07/27/2021,CNO,CA,AWP,WE,Towers with Radar,0,2,30,0,32,0,0,153,0,153,0,2,183,0,185,370,0,370,555
07/28/2021,CNO,CA,AWP,WE,Towers with Radar,0,2,28,0,30,0,0,173,1,174,0,2,201,1,204,506,0,506,710
07/29/2021,CNO,CA,AWP,WE,Towers with Radar,0,0,37,0,37,0,0,148,1,149,0,0,185,1,186,437,0,437,623
07/30/2021,CNO,CA,AWP,WE,Towers with Radar,0,2,34,0,36,0,0,155,0,155,0,2,189,0,191,433,0,433,624
07/31/2021,CNO,CA,AWP,WE,Towers with Radar,0,0,29,0,29,0,0,163,0,163,0,0,192,0,192,283,0,283,475
08/01/2021,CNO,CA,AWP,WE,Towers with Radar,0,3,25,0,28,0,0,148,0,148,0,3,173,0,176,297,0,297,473
08/02/2021,CNO,CA,AWP,WE,Towers with Radar,0,2,23,0,25,0,0,122,2,124,0,2,145,2,149,351,0,351,500
08/03/2021,CNO,CA,AWP,WE,Towers with Radar,0,0,35,0,35,0,1,128,0,129,0,1,163,0,164,429,12,441,605
08/04/2021,CNO,CA,AWP,WE,Towers with Radar,0,2,38,1,41,0,0,154,1,155,0,2,192,2,196,459,0,459,655
08/05/2021,CNO,CA,AWP,WE,Towers with Radar,0,3,38,0,41,0,0,100,0,100,0,3,138,0,141,435,0,435,576
08/06/2021,CNO,CA,AWP,WE,Towers with Radar,0,0,37,0,37,0,2,157,2,161,0,2,194,2,198,541,0,541,739
08/07/2021,CNO,CA,AWP,WE,Towers with Radar,0,0,37,0,37,0,0,188,0,188,0,0,225,0,225,343,0,343,568
08/08/2021,CNO,CA,AWP,WE,Towers with Radar,0,0,26,0,26,0,0,122,0,122,0,0,148,0,148,303,0,303,451
08/09/2021,CNO,CA,AWP,WE,Towers with Radar,0,0,22,0,22,0,0,125,1,126,0,0,147,1,148,462,0,462,610
08/10/2021,CNO,CA,AWP,WE,Towers with Radar,0,0,26,0,26,0,1,149,4,154,0,1,175,4,180,592,0,592,772
08/11/2021,CNO,CA,AWP,WE,Towers with Radar,0,0,33,0,33,0,2,138,1,141,0,2,171,1,174,321,0,321,495
08/12/2021,CNO,CA,AWP,WE,Towers with Radar,3,2,37,0,42,0,0,121,3,124,3,2,158,3,166,526,11,537,703
08/13/2021,CNO,CA,AWP,WE,Towers with Radar,1,3,27,0,31,0,0,146,1,147,1,3,173,1,178,497,0,497,675
08/14/2021,CNO,CA,AWP,WE,Towers with Radar,2,1,27,0,30,0,0,183,4,187,2,1,210,4,217,245,0,245,462
08/15/2021,CNO,CA,AWP,WE,Towers with Radar,0,1,15,0,16,0,0,148,4,152,0,1,163,4,168,282,0,282,450
08/16/2021,CNO,CA,AWP,WE,Towers with Radar,0,2,27,0,29,0,1,134,0,135,0,3,161,0,164,344,0,344,508
08/17/2021,CNO,CA,AWP,WE,Towers with Radar,0,0,52,0,52,0,2,156,0,158,0,2,208,0,210,483,0,483,693
08/18/2021,CNO,CA,AWP,WE,Towers with Radar,0,0,46,1,47,0,0,83,2,85,0,0,129,3,132,486,0,486,618
08/19/2021,CNO,CA,AWP,WE,Towers with Radar,0,0,47,0,47,0,0,148,0,148,0,0,195,0,195,665,0,665,860
08/20/2021,CNO,CA,AWP,WE,Towers with Radar,0,1,38,0,39,0,0,123,0,123,0,1,161,0,162,518,0,518,680
08/21/2021,CNO,CA,AWP,WE,Towers with Radar,0,0,39,0,39,0,0,54,2,56,0,0,93,2,95,277,0,277,372
08/22/2021,CNO,CA,AWP,WE,Towers with Radar,0,1,52,1,54,0,0,109,0,109,0,1,161,1,163,295,0,295,458
08/23/2021,CNO,CA,AWP,WE,Towers with Radar,2,2,45,0,49,0,0,90,3,93,2,2,135,3,142,372,11,383,525
08/24/2021,CNO,CA,AWP,WE,Towers with Radar,0,8,52,0,60,0,0,144,4,148,0,8,196,4,208,568,0,568,776
08/25/2021,CNO,CA,AWP,WE,Towers with Radar,0,0,44,0,44,0,1,139,2,142,0,1,183,2,186,351,9,360,546
08/26/2021,CNO,CA,AWP,WE,Towers with Radar,0,4,26,0,30,0,1,161,0,162,0,5,187,0,192,531,0,531,723
08/27/2021,CNO,CA,AWP,WE,Towers with Radar,0,3,30,0,33,0,2,190,1,193,0,5,220,1,226,460,0,460,686
08/28/2021,CNO,CA,AWP,WE,Towers with Radar,0,0,31,0,31,0,1,184,0,185,0,1,215,0,216,384,0,384,600
08/29/2021,CNO,CA,AWP,WE,Towers with Radar,0,0,35,0,35,0,0,126,1,127,0,0,161,1,162,292,0,292,454
08/30/2021,CNO,CA,AWP,WE,Towers with Radar,0,4,18,0,22,0,0,147,2,149,0,4,165,2,171,440,0,440,611
08/31/2021,CNO,CA,AWP,WE,Towers with Radar,0,5,44,0,49,0,1,136,0,137,0,6,180,0,186,525,0,525,711
09/01/2021,CNO,CA,AWP,WE,Towers with Radar,1,5,36,2,44,0,0,100,0,100,1,5,136,2,144,549,0,549,693
09/02/2021,CNO,CA,AWP,WE,Towers with Radar,0,1,59,0,60,0,1,122,0,123,0,2,181,0,183,496,0,496,679
09/03/2021,CNO,CA,AWP,WE,Towers with Radar,0,0,47,0,47,0,0,154,0,154,0,0,201,0,201,409,0,409,610
09/04/2021,CNO,CA,AWP,WE,Towers with Radar,0,3,23,0,26,0,1,198,1,200,0,4,221,1,226,291,0,291,517
09/05/2021,CNO,CA,AWP,WE,Towers with Radar,0,0,26,0,26,0,0,115,1,116,0,0,141,1,142,165,0,165,307
09/06/2021,CNO,CA,AWP,WE,Towers with Radar,0,0,46,0,46,0,2,165,4,171,0,2,211,4,217,272,0,272,489
09/07/2021,CNO,CA,AWP,WE,Towers with Radar,0,2,32,0,34,0,1,137,1,139,0,3,169,1,173,441,8,449,622
09/08/2021,CNO,CA,AWP,WE,Towers with Radar,0,2,51,0,53,0,0,166,1,167,0,2,217,1,220,454,7,461,681
09/09/2021,CNO,CA,AWP,WE,Towers with Radar,0,2,44,0,46,0,2,132,0,134,0,4,176,0,180,408,0,408,588
09/10/2021,CNO,CA,AWP,WE,Towers with Radar,0,1,33,0,34,0,0,114,2,116,0,1,147,2,150,471,0,471,621
09/11/2021,CNO,CA,AWP,WE,Towers with Radar,0,0,31,0,31,0,0,182,2,184,0,0,213,2,215,309,0,309,524
09/12/2021,CNO,CA,AWP,WE,Towers with Radar,0,0,47,0,47,0,0,176,1,177,0,0,223,1,224,269,0,269,493
09/13/2021,CNO,CA,AWP,WE,Towers with Radar,0,1,34,0,35,0,0,117,0,117,0,1,151,0,152,375,0,375,527
09/14/2021,CNO,CA,AWP,WE,Towers with Radar,0,5,36,0,41,0,1,130,4,135,0,6,166,4,176,356,36,392,568
09/15/2021,CNO,CA,AWP,WE,Towers with Radar,0,1,63,0,64,0,1,137,1,139,0,2,200,1,203,323,0,323,526
09/16/2021,CNO,CA,AWP,WE,Towers with Radar,0,5,45,0,50,0,0,149,1,150,0,5,194,1,200,467,0,467,667
09/17/2021,CNO,CA,AWP,WE,Towers with Radar,0,2,45,0,47,0,0,136,1,137,0,2,181,1,184,419,0,419,603
09/18/2021,CNO,CA,AWP,WE,Towers with Radar,0,0,25,0,25,0,2,185,4,191,0,2,210,4,216,306,0,306,522
09/19/2021,CNO,CA,AWP,WE,Towers with Radar,2,2,35,0,39,0,0,140,1,141,2,2,175,1,180,217,0,217,397
09/20/2021,CNO,CA,AWP,WE,Towers with Radar,0,0,36,1,37,0,1,157,3,161,0,1,193,4,198,316,48,364,562
09/21/2021,CNO,CA,AWP,WE,Towers with Radar,0,2,55,0,57,0,0,177,1,178,0,2,232,1,235,346,13,359,594
09/22/2021,CNO,CA,AWP,WE,Towers with Radar,0,0,39,0,39,0,1,163,9,173,0,1,202,9,212,320,31,351,563
09/23/2021,CNO,CA,AWP,WE,Towers with Radar,0,1,38,1,40,0,1,150,3,154,0,2,188,4,194,375,3,378,572
09/24/2021,CNO,CA,AWP,WE,Towers with Radar,0,5,39,1,45,0,0,165,2,167,0,5,204,3,212,394,0,394,606
09/25/2021,CNO,CA,AWP,WE,Towers with Radar,0,0,36,1,37,0,0,188,2,190,0,0,224,3,227,425,0,425,652
09/26/2021,CNO,CA,AWP,WE,Towers with Radar,0,2,47,0,49,0,0,93,2,95,0,2,140,2,144,360,0,360,504
09/27/2021,CNO,CA,AWP,WE,Towers with Radar,0,0,34,1,35,0,0,67,5,72,0,0,101,6,107,363,26,389,496
09/28/2021,CNO,CA,AWP,WE,Towers with Radar,2,0,52,1,55,0,0,136,1,137,2,0,188,2,192,378,0,378,570
09/29/2021,CNO,CA,AWP,WE,Towers with Radar,0,2,50,0,52,0,0,196,3,199,0,2,246,3,251,495,2,497,748
09/30/2021,CNO,CA,AWP,WE,Towers with Radar,0,0,19,0,19,0,0,138,2,140,0,0,157,2,159,273,6,279,438
10/01/2021,CNO,CA,AWP,WE,Towers with Radar,0,0,37,0,37,0,2,183,1,186,0,2,220,1,223,388,0,388,611
10/02/2021,CNO,CA,AWP,WE,Towers with Radar,0,0,24,0,24,0,1,200,4,205,0,1,224,4,229,326,0,326,555
10/03/2021,CNO,CA,AWP,WE,Towers with Radar,0,0,22,0,22,0,0,184,5,189,0,0,206,5,211,250,0,250,461
10/04/2021,CNO,CA,AWP,WE,Towers with Radar,1,3,28,0,32,0,0,137,0,137,1,3,165,0,169,448,0,448,617
10/05/2021,CNO,CA,AWP,WE,Towers with Radar,0,0,47,0,47,0,2,159,9,170,0,2,206,9,217,436,16,452,669
10/06/2021,CNO,CA,AWP,WE,Towers with Radar,0,1,43,0,44,0,1,83,3,87,0,2,126,3,131,326,5,331,462
10/07/2021,CNO,CA,AWP,WE,Towers with Radar,0,2,51,0,53,0,0,74,0,74,0,2,125,0,127,468,0,468,595
10/08/2021,CNO,CA,AWP,WE,Towers with Radar,0,5,41,0,46,0,0,53,1,54,0,5,94,1,100,142,0,142,242
10/09/2021,CNO,CA,AWP,WE,Towers with Radar,1,4,37,0,42,0,0,165,2,167,1,4,202,2,209,441,0,441,650
10/10/2021,CNO,CA,AWP,WE,Towers with Radar,0,0,33,0,33,0,0,192,0,192,0,0,225,0,225,233,0,233,458
10/11/2021,CNO,CA,AWP,WE,Towers with Radar,0,1,38,0,39,0,0,120,2,122,0,1,158,2,161,176,0,176,337
10/12/2021,CNO,CA,AWP,WE,Towers with Radar,0,4,32,0,36,0,0,145,7,152,0,4,177,7,188,373,7,380,568
10/13/2021,CNO,CA,AWP,WE,Towers with Radar,0,1,39,0,40,0,0,183,0,183,0,1,222,0,223,455,0,455,678
10/14/2021,CNO,CA,AWP,WE,Towers with Radar,0,0,38,0,38,0,0,85,1,86,0,0,123,1,124,0,0,0,124
10/15/2021,CNO,CA,AWP,WE,Towers with Radar,0,3,19,0,22,0,0,92,0,92,0,3,111,0,114,260,0,260,374
10/16/2021,CNO,CA,AWP,WE,Towers with Radar,0,0,21,0,21,0,0,191,2,193,0,0,212,2,214,214,0,214,428
10/17/2021,CNO,CA,AWP,WE,Towers with Radar,0,0,39,0,39,0,0,208,0,208,0,0,247,0,247,174,0,174,421
10/18/2021,CNO,CA,AWP,WE,Towers with Radar,0,0,20,0,20,0,0,70,1,71,0,0,90,1,91,342,0,342,433
10/19/2021,CNO,CA,AWP,WE,Towers with Radar,0,0,36,2,38,0,0,189,0,189,0,0,225,2,227,478,0,478,705
10/20/2021,CNO,CA,AWP,WE,Towers with Radar,0,0,34,0,34,0,0,189,4,193,0,0,223,4,227,544,19,563,790
10/21/2021,CNO,CA,AWP,WE,Towers with Radar,0,0,43,0,43,0,0,201,2,203,0,0,244,2,246,398,0,398,644
10/22/2021,CNO,CA,AWP,WE,Towers with Radar,0,6,42,0,48,0,1,183,1,185,0,7,225,1,233,332,0,332,565
10/23/2021,CNO,CA,AWP,WE,Towers with Radar,0,1,48,0,49,0,0,61,0,61,0,1,109,0,110,319,0,319,429
10/24/2021,CNO,CA,AWP,WE,Towers with Radar,0,2,18,0,20,0,0,132,0,132,0,2,150,0,152,463,0,463,615
10/25/2021,CNO,CA,AWP,WE,Towers with Radar,0,0,36,0,36,0,0,4,0,4,0,0,40,0,40,8,0,8,48
10/26/2021,CNO,CA,AWP,WE,Towers with Radar,0,1,48,0,49,0,1,216,6,223,0,2,264,6,272,585,1,586,858
10/27/2021,CNO,CA,AWP,WE,Towers with Radar,0,2,41,0,43,0,0,172,2,174,0,2,213,2,217,752,0,752,969
10/28/2021,CNO,CA,AWP,WE,Towers with Radar,0,0,38,0,38,0,1,186,4,191,0,1,224,4,229,545,0,545,774
10/29/2021,CNO,CA,AWP,WE,Towers with Radar,0,1,74,0,75,0,0,167,2,169,0,1,241,2,244,528,3,531,775
10/30/2021,CNO,CA,AWP,WE,Towers with Radar,0,2,24,0,26,0,0,198,0,198,0,2,222,0,224,452,0,452,676
10/31/2021,CNO,CA,AWP,WE,Towers with Radar,0,0,38,0,38,0,0,63,0,63,0,0,101,0,101,259,0,259,360
11/01/2021,CNO,CA,AWP,WE,Towers with Radar,0,0,47,0,47,0,0,92,1,93,0,0,139,1,140,286,0,286,426
11/02/2021,CNO,CA,AWP,WE,Towers with Radar,0,0,30,0,30,0,0,113,1,114,0,0,143,1,144,235,0,235,379
11/03/2021,CNO,CA,AWP,WE,Towers with Radar,0,6,32,0,38,0,3,145,0,148,0,9,177,0,186,542,0,542,728
11/04/2021,CNO,CA,AWP,WE,Towers with Radar,0,1,46,0,47,0,1,162,1,164,0,2,208,1,211,531,0,531,742
11/05/2021,CNO,CA,AWP,WE,Towers with Radar,0,4,33,1,38,0,4,174,0,178,0,8,207,1,216,559,0,559,775
11/06/2021,CNO,CA,AWP,WE,Towers with Radar,0,1,25,0,26,0,0,97,0,97,0,1,122,0,123,220,0,220,343
11/07/2021,CNO,CA,AWP,WE,Towers with Radar,0,2,29,0,31,0,1,90,2,93,0,3,119,2,124,223,5,228,352
11/08/2021,CNO,CA,AWP,WE,Towers with Radar,0,0,46,0,46,0,0,109,2,111,0,0,155,2,157,330,0,330,487
11/09/2021,CNO,CA,AWP,WE,Towers with Radar,0,2,33,0,35,0,0,106,1,107,0,2,139,1,142,441,0,441,583
11/10/2021,CNO,CA,AWP,WE,Towers with Radar,0,0,61,0,61,0,0,184,4,188,0,0,245,4,249,512,30,542,791
11/11/2021,CNO,CA,AWP,WE,Towers with Radar,0,1,22,0,23,0,0,134,2,136,0,1,156,2,159,300,0,300,459
11/12/2021,CNO,CA,AWP,WE,Towers with Radar,0,3,31,1,35,0,1,178,2,181,0,4,209,3,216,398,0,398,614
11/13/2021,CNO,CA,AWP,WE,Towers with Radar,0,3,35,0,38,0,2,215,2,219,0,5,250,2,257,467,0,467,724
11/14/2021,CNO,CA,AWP,WE,Towers with Radar,0,2,34,0,36,0,0,189,2,191,0,2,223,2,227,333,0,333,560
11/15/2021,CNO,CA,AWP,WE,Towers with Radar,0,3,47,0,50,0,0,152,1,153,0,3,199,1,203,393,0,393,596
11/16/2021,CNO,CA,AWP,WE,Towers with Radar,0,1,40,0,41,0,1,145,6,152,0,2,185,6,193,574,33,607,800
11/17/2021,CNO,CA,AWP,WE,Towers with Radar,0,4,41,1,46,0,3,131,2,136,0,7,172,3,182,566,4,570,752
11/18/2021,CNO,CA,AWP,WE,Towers with Radar,0,2,31,0,33,0,1,152,3,156,0,3,183,3,189,530,5,535,724
11/19/2021,CNO,CA,AWP,WE,Towers with Radar,0,0,38,0,38,0,0,112,0,112,0,0,150,0,150,359,0,359,509
11/20/2021,CNO,CA,AWP,WE,Towers with Radar,0,1,41,0,42,0,0,115,5,120,0,1,156,5,162,15,0,15,177
11/21/2021,CNO,CA,AWP,WE,Towers with Radar,0,2,18,0,20,0,0,58,2,60,0,2,76,2,80,128,0,128,208
11/22/2021,CNO,CA,AWP,WE,Towers with Radar,0,0,22,0,22,0,0,146,1,147,0,0,168,1,169,496,3,499,668
11/23/2021,CNO,CA,AWP,WE,Towers with Radar,0,2,23,1,26,0,0,180,3,183,0,2,203,4,209,448,16,464,673
11/24/2021,CNO,CA,AWP,WE,Towers with Radar,0,4,19,0,23,0,0,130,0,130,0,4,149,0,153,359,0,359,512
11/25/2021,CNO,CA,AWP,WE,Towers with Radar,0,0,5,0,5,0,0,13,0,13,0,0,18,0,18,57,0,57,75
11/26/2021,CNO,CA,AWP,WE,Towers with Radar,0,0,19,0,19,0,0,138,0,138,0,0,157,0,157,310,0,310,467
11/27/2021,CNO,CA,AWP,WE,Towers with Radar,0,0,35,1,36,0,1,183,0,184,0,1,218,1,220,451,0,451,671
11/28/2021,CNO,CA,AWP,WE,Towers with Radar,0,2,27,0,29,0,0,179,0,179,0,2,206,0,208,261,0,261,469
11/29/2021,CNO,CA,AWP,WE,Towers with Radar,0,1,26,2,29,0,0,162,4,166,0,1,188,6,195,416,14,430,625
11/30/2021,CNO,CA,AWP,WE,Towers with Radar,0,0,46,1,47,0,0,157,4,161,0,0,203,5,208,594,33,627,835
12/01/2021,CNO,CA,AWP,WE,Towers with Radar,3,0,44,1,48,0,0,185,0,185,3,0,229,1,233,613,0,613,846
12/02/2021,CNO,CA,AWP,WE,Towers with Radar,0,2,36,1,39,0,0,148,1,149,0,2,184,2,188,607,18,625,813
12/03/2021,CNO,CA,AWP,WE,Towers with Radar,0,2,55,0,57,0,0,66,0,66,0,2,121,0,123,166,0,166,289
12/04/2021,CNO,CA,AWP,WE,Towers with Radar,0,0,85,0,85,0,0,9,0,9,0,0,94,0,94,0,0,0,94
12/05/2021,CNO,CA,AWP,WE,Towers with Radar,0,0,51,0,51,0,0,17,0,17,0,0,68,0,68,11,0,11,79
12/06/2021,CNO,CA,AWP,WE,Towers with Radar,0,7,39,0,46,0,0,115,0,115,0,7,154,0,161,376,0,376,537
12/07/2021,CNO,CA,AWP,WE,Towers with Radar,2,1,36,1,40,0,0,59,1,60,2,1,95,2,100,239,20,259,359
12/08/2021,CNO,CA,AWP,WE,Towers with Radar,0,1,39,0,40,0,0,89,8,97,0,1,128,8,137,257,48,305,442
12/09/2021,CNO,CA,AWP,WE,Towers with Radar,0,2,15,0,17,0,0,7,4,11,0,2,22,4,28,56,36,92,120
12/10/2021,CNO,CA,AWP,WE,Towers with Radar,0,0,30,0,30,0,0,165,1,166,0,0,195,1,196,511,0,511,707
12/11/2021,CNO,CA,AWP,WE,Towers with Radar,0,0,30,0,30,0,0,238,7,245,0,0,268,7,275,583,0,583,858
12/12/2021,CNO,CA,AWP,WE,Towers with Radar,0,4,21,0,25,0,0,176,0,176,0,4,197,0,201,328,0,328,529
12/13/2021,CNO,CA,AWP,WE,Towers with Radar,0,0,47,0,47,0,0,89,0,89,0,0,136,0,136,386,0,386,522
12/14/2021,CNO,CA,AWP,WE,Towers with Radar,0,0,14,0,14,0,0,5,0,5,0,0,19,0,19,61,0,61,80
12/15/2021,CNO,CA,AWP,WE,Towers with Radar,0,1,34,0,35,0,0,160,3,163,0,1,194,3,198,485,0,485,683
12/16/2021,CNO,CA,AWP,WE,Towers with Radar,0,1,36,1,38,0,1,133,0,134,0,2,169,1,172,513,0,513,685
12/17/2021,CNO,CA,AWP,WE,Towers with Radar,0,0,22,0,22,0,0,177,3,180,0,0,199,3,202,563,13,576,778
12/18/2021,CNO,CA,AWP,WE,Towers with Radar,0,1,25,0,26,0,0,192,0,192,0,1,217,0,218,493,0,493,711
12/19/2021,CNO,CA,AWP,WE,Towers with Radar,0,0,34,0,34,0,0,207,0,207,0,0,241,0,241,291,0,291,532
12/20/2021,CNO,CA,AWP,WE,Towers with Radar,0,0,40,2,42,0,0,187,2,189,0,0,227,4,231,414,8,422,653
12/21/2021,CNO,CA,AWP,WE,Towers with Radar,0,1,28,0,29,0,0,145,3,148,0,1,173,3,177,450,5,455,632
12/22/2021,CNO,CA,AWP,WE,Towers with Radar,0,2,34,2,38,0,0,128,0,128,0,2,162,2,166,419,0,419,585
12/23/2021,CNO,CA,AWP,WE,Towers with Radar,0,0,19,0,19,0,0,0,0,0,0,0,19,0,19,0,0,0,19
12/24/2021,CNO,CA,AWP,WE,Towers with Radar,0,0,7,0,7,0,0,14,0,14,0,0,21,0,21,69,0,69,90
12/25/2021,CNO,CA,AWP,WE,Towers with Radar,0,0,2,0,2,0,0,0,0,0,0,0,2,0,2,0,0,0,2
12/26/2021,CNO,CA,AWP,WE,Towers with Radar,0,2,25,0,27,0,1,96,0,97,0,3,121,0,124,119,0,119,243
12/27/2021,CNO,CA,AWP,WE,Towers with Radar,0,4,27,0,31,0,0,35,0,35,0,4,62,0,66,137,0,137,203
12/28/2021,CNO,CA,AWP,WE,Towers with Radar,0,0,19,0,19,0,0,64,0,64,0,0,83,0,83,254,0,254,337
12/29/2021,CNO,CA,AWP,WE,Towers with Radar,0,0,17,0,17,0,0,21,0,21,0,0,38,0,38,148,0,148,186
12/30/2021,CNO,CA,AWP,WE,Towers with Radar,0,2,22,0,24,0,0,13,0,13,0,2,35,0,37,44,0,44,81
12/31/2021,CNO,CA,AWP,WE,Towers with Radar,0,0,29,0,29,0,0,108,0,108,0,0,137,0,137,217,0,217,354
01/01/2022,CNO,CA,AWP,WE,Towers with Radar,0,4,18,0,22,0,4,135,1,140,0,8,153,1,162,173,0,173,335
01/02/2022,CNO,CA,AWP,WE,Towers with Radar,0,4,29,1,34,0,0,146,1,147,0,4,175,2,181,212,0,212,393
01/03/2022,CNO,CA,AWP,WE,Towers with Radar,0,0,28,0,28,0,0,164,2,166,0,0,192,2,194,294,0,294,488
01/04/2022,CNO,CA,AWP,WE,Towers with Radar,0,2,41,0,43,0,1,153,0,154,0,3,194,0,197,400,0,400,597
01/05/2022,CNO,CA,AWP,WE,Towers with Radar,0,5,37,0,42,0,0,132,0,132,0,5,169,0,174,376,0,376,550
01/06/2022,CNO,CA,AWP,WE,Towers with Radar,0,0,33,0,33,0,0,151,0,151,0,0,184,0,184,240,0,240,424
01/07/2022,CNO,CA,AWP,WE,Towers with Radar,0,0,45,0,45,0,0,141,0,141,0,0,186,0,186,270,0,270,456
01/08/2022,CNO,CA,AWP,WE,Towers with Radar,0,5,55,0,60,0,0,162,2,164,0,5,217,2,224,272,0,272,496
01/09/2022,CNO,CA,AWP,WE,Towers with Radar,0,1,15,0,16,0,0,159,0,159,0,1,174,0,175,271,0,271,446
01/10/2022,CNO,CA,AWP,WE,Towers with Radar,0,0,9,0,9,0,0,85,0,85,0,0,94,0,94,359,0,359,453
01/11/2022,CNO,CA,AWP,WE,Towers with Radar,0,5,19,0,24,0,0,152,5,157,0,5,171,5,181,365,15,380,561
01/12/2022,CNO,CA,AWP,WE,Towers with Radar,0,0,34,0,34,0,0,156,6,162,0,0,190,6,196,594,35,629,825
01/13/2022,CNO,CA,AWP,WE,Towers with Radar,0,1,44,1,46,0,0,155,3,158,0,1,199,4,204,403,10,413,617
01/14/2022,CNO,CA,AWP,WE,Towers with Radar,0,3,25,0,28,0,0,134,0,134,0,3,159,0,162,386,0,386,548
01/15/2022,CNO,CA,AWP,WE,Towers with Radar,0,0,25,0,25,0,0,130,2,132,0,0,155,2,157,269,0,269,426
01/16/2022,CNO,CA,AWP,WE,Towers with Radar,0,2,24,0,26,0,0,195,1,196,0,2,219,1,222,357,0,357,579
01/17/2022,CNO,CA,AWP,WE,Towers with Radar,0,2,38,0,40,0,1,54,0,55,0,3,92,0,95,307,0,307,402
01/18/2022,CNO,CA,AWP,WE,Towers with Radar,0,0,43,1,44,0,0,87,0,87,0,0,130,1,131,407,0,407,538
01/19/2022,CNO,CA,AWP,WE,Towers with Radar,0,0,43,0,43,0,1,107,4,112,0,1,150,4,155,348,6,354,509
01/20/2022,CNO,CA,AWP,WE,Towers with Radar,0,3,23,1,27,0,0,164,2,166,0,3,187,3,193,438,0,438,631
01/21/2022,CNO,CA,AWP,WE,Towers with Radar,0,0,17,0,17,0,0,127,0,127,0,0,144,0,144,321,25,346,490
01/22/2022,CNO,CA,AWP,WE,Towers with Radar,0,0,9,1,10,0,0,9,1,10,0,0,18,2,20,12,0,12,32
01/23/2022,CNO,CA,AWP,WE,Towers with Radar,0,0,26,0,26,0,0,155,2,157,0,0,181,2,183,227,0,227,410
01/24/2022,CNO,CA,AWP,WE,Towers with Radar,0,0,25,1,26,0,0,138,5,143,0,0,163,6,169,253,9,262,431
01/25/2022,CNO,CA,AWP,WE,Towers with Radar,0,0,24,3,27,0,0,192,7,199,0,0,216,10,226,447,4,451,677
01/26/2022,CNO,CA,AWP,WE,Towers with Radar,0,3,21,0,24,0,0,139,3,142,0,3,160,3,166,333,9,342,508
01/27/2022,CNO,CA,AWP,WE,Towers with Radar,0,2,26,1,29,0,0,132,7,139,0,2,158,8,168,369,12,381,549
01/28/2022,CNO,CA,AWP,WE,Towers with Radar,0,1,12,1,14,0,0,82,3,85,0,1,94,4,99,252,0,252,351
01/29/2022,CNO,CA,AWP,WE,Towers with Radar,0,0,27,0,27,0,0,160,2,162,0,0,187,2,189,379,0,379,568
01/30/2022,CNO,CA,AWP,WE,Towers with Radar,0,0,32,0,32,0,0,218,0,218,0,0,250,0,250,407,0,407,657
01/31/2022,CNO,CA,AWP,WE,Towers with Radar,0,0,36,0,36,0,0,140,5,145,0,0,176,5,181,395,3,398,579
02/01/2022,CNO,CA,AWP,WE,Towers with Radar,0,0,41,8,49,0,0,115,2,117,0,0,156,10,166,362,0,362,528
02/02/2022,CNO,CA,AWP,WE,Towers with Radar,0,2,6,0,8,0,0,41,0,41,0,2,47,0,49,118,0,118,167
02/03/2022,CNO,CA,AWP,WE,Towers with Radar,0,2,23,2,27,0,0,165,1,166,0,2,188,3,193,327,0,327,520
02/04/2022,CNO,CA,AWP,WE,Towers with Radar,0,0,19,1,20,0,0,75,1,76,0,0,94,2,96,102,0,102,198
02/05/2022,CNO,CA,AWP,WE,Towers with Radar,0,0,30,0,30,0,1,214,0,215,0,1,244,0,245,390,0,390,635
02/06/2022,CNO,CA,AWP,WE,Towers with Radar,0,1,28,0,29,0,0,110,0,110,0,1,138,0,139,152,0,152,291
02/07/2022,CNO,CA,AWP,WE,Towers with Radar,0,2,24,2,28,0,0,153,10,163,0,2,177,12,191,415,37,452,643
02/08/2022,CNO,CA,AWP,WE,Towers with Radar,0,2,17,3,22,0,0,163,3,166,0,2,180,6,188,339,0,339,527
02/09/2022,CNO,CA,AWP,WE,Towers with Radar,0,2,26,0,28,0,0,127,3,130,0,2,153,3,158,418,10,428,586
02/10/2022,CNO,CA,AWP,WE,Towers with Radar,0,5,15,0,20,0,0,75,3,78,0,5,90,3,98,102,5,107,205
02/11/2022,CNO,CA,AWP,WE,Towers with Radar,0,7,46,3,56,0,0,237,3,240,0,7,283,6,296,478,0,478,774
02/12/2022,CNO,CA,AWP,WE,Towers with Radar,0,4,26,0,30,0,1,184,0,185,0,5,210,0,215,333,0,333,548
02/13/2022,CNO,CA,AWP,WE,Towers with Radar,0,2,22,0,24,0,0,137,1,138,0,2,159,1,162,367,0,367,529
02/14/2022,CNO,CA,AWP,WE,Towers with Radar,0,7,38,2,47,0,0,124,7,131,0,7,162,9,178,401,0,401,579
02/15/2022,CNO,CA,AWP,WE,Towers with Radar,0,0,26,3,29,0,0,50,3,53,0,0,76,6,82,274,0,274,356
02/16/2022,CNO,CA,AWP,WE,Towers with Radar,0,2,32,2,36,0,0,193,4,197,0,2,225,6,233,436,0,436,669
02/17/2022,CNO,CA,AWP,WE,Towers with Radar,0,0,24,1,25,0,0,93,3,96,0,0,117,4,121,235,0,235,356
02/18/2022,CNO,CA,AWP,WE,Towers with Radar,1,1,36,3,41,0,0,214,4,218,1,1,250,7,259,431,0,431,690
02/19/2022,CNO,CA,AWP,WE,Towers with Radar,0,1,37,0,38,0,1,244,4,249,0,2,281,4,287,333,0,333,620
02/20/2022,CNO,CA,AWP,WE,Towers with Radar,0,0,34,1,35,0,0,178,5,183,0,0,212,6,218,243,0,243,461
02/21/2022,CNO,CA,AWP,WE,Towers with Radar,0,0,44,4,48,0,0,84,2,86,0,0,128,6,134,319,0,319,453
02/22/2022,CNO,CA,AWP,WE,Towers with Radar,0,0,26,7,33,0,0,38,5,43,0,0,64,12,76,143,4,147,223
02/23/2022,CNO,CA,AWP,WE,Towers with Radar,1,0,29,2,32,0,0,108,5,113,1,0,137,7,145,528,23,551,696
02/24/2022,CNO,CA,AWP,WE,Towers with Radar,1,0,33,3,37,0,0,224,7,231,1,0,257,10,268,516,12,528,796
02/25/2022,CNO,CA,AWP,WE,Towers with Radar,0,0,29,1,30,0,0,224,3,227,0,0,253,4,257,428,0,428,685
02/26/2022,CNO,CA,AWP,WE,Towers with Radar,0,1,27,0,28,0,0,194,2,196,0,1,221,2,224,348,0,348,572
02/27/2022,CNO,CA,AWP,WE,Towers with Radar,0,0,11,0,11,0,0,156,2,158,0,0,167,2,169,340,0,340,509
02/28/2022,CNO,CA,AWP,WE,Towers with Radar,0,0,16,2,18,0,0,148,4,152,0,0,164,6,170,387,0,387,557
03/01/2022,CNO,CA,AWP,WE,Towers with Radar,0,1,25,2,28,0,1,150,6,157,0,2,175,8,185,325,43,368,553
03/02/2022,CNO,CA,AWP,WE,Towers with Radar,0,2,36,3,41,0,0,174,3,177,0,2,210,6,218,537,9,546,764
03/03/2022,CNO,CA,AWP,WE,Towers with Radar,0,2,31,4,37,0,0,151,8,159,0,2,182,12,196,464,0,464,660
03/04/2022,CNO,CA,AWP,WE,Towers with Radar,0,0,23,1,24,0,0,51,1,52,0,0,74,2,76,265,0,265,341
03/05/2022,CNO,CA,AWP,WE,Towers with Radar,0,0,12,0,12,0,0,88,0,88,0,0,100,0,100,174,0,174,274
03/06/2022,CNO,CA,AWP,WE,Towers with Radar,0,2,33,0,35,0,0,180,0,180,0,2,213,0,215,397,0,397,612
03/07/2022,CNO,CA,AWP,WE,Towers with Radar,0,1,13,3,17,0,0,62,4,66,0,1,75,7,83,174,0,174,257
03/08/2022,CNO,CA,AWP,WE,Towers with Radar,0,0,36,6,42,0,0,195,7,202,0,0,231,13,244,404,0,404,648
03/09/2022,CNO,CA,AWP,WE,Towers with Radar,1,2,45,3,51,0,2,185,10,197,1,4,230,13,248,628,0,628,876
03/10/2022,CNO,CA,AWP,WE,Towers with Radar,0,3,22,2,27,0,2,123,2,127,0,5,145,4,154,542,0,542,696
03/11/2022,CNO,CA,AWP,WE,Towers with Radar,0,0,34,4,38,0,1,183,4,188,0,1,217,8,226,323,0,323,549
03/12/2022,CNO,CA,AWP,WE,Towers with Radar,0,1,24,0,25,0,4,188,4,196,0,5,212,4,221,276,0,276,497
03/13/2022,CNO,CA,AWP,WE,Towers with Radar,0,2,20,0,22,0,1,147,0,148,0,3,167,0,170,270,0,270,440
03/14/2022,CNO,CA,AWP,WE,Towers with Radar,2,3,34,2,41,0,0,138,9,147,2,3,172,11,188,302,18,320,508
03/15/2022,CNO,CA,AWP,WE,Towers with Radar,0,1,47,3,51,0,0,178,5,183,0,1,225,8,234,471,0,471,705
03/16/2022,CNO,CA,AWP,WE,Towers with Radar,0,0,50,3,53,0,0,189,5,194,0,0,239,8,247,281,6,287,534
03/17/2022,CNO,CA,AWP,WE,Towers with Radar,0,0,41,3,44,0,0,172,4,176,0,0,213,7,220,384,0,384,604
03/18/2022,CNO,CA,AWP,WE,Towers with Radar,1,2,31,4,38,0,0,208,9,217,1,2,239,13,255,378,7,385,640
03/19/2022,CNO,CA,AWP,WE,Towers with Radar,0,0,28,4,32,0,0,144,3,147,0,0,172,7,179,282,19,301,480
03/20/2022,CNO,CA,AWP,WE,Towers with Radar,0,0,32,0,32,0,0,130,2,132,0,0,162,2,164,194,0,194,358
03/21/2022,CNO,CA,AWP,WE,Towers with Radar,1,0,30,2,33,0,0,132,1,133,1,0,162,3,166,378,0,378,544
03/22/2022,CNO,CA,AWP,WE,Towers with Radar,0,0,16,2,18,0,0,100,4,104,0,0,116,6,122,206,7,213,335
03/23/2022,CNO,CA,AWP,WE,Towers with Radar,1,0,13,0,14,0,0,156,4,160,1,0,169,4,174,492,27,519,693
03/24/2022,CNO,CA,AWP,WE,Towers with Radar,0,1,31,4,36,0,0,201,7,208,0,1,232,11,244,402,0,402,646
03/25/2022,CNO,CA,AWP,WE,Towers with Radar,0,3,38,5,46,0,0,226,4,230,0,3,264,9,276,512,0,512,788
03/26/2022,CNO,CA,AWP,WE,Towers with Radar,0,0,27,1,28,0,0,194,1,195,0,0,221,2,223,411,0,411,634
03/27/2022,CNO,CA,AWP,WE,Towers with Radar,0,5,34,0,39,0,0,117,0,117,0,5,151,0,156,324,0,324,480
03/28/2022,CNO,CA,AWP,WE,Towers with Radar,2,0,27,2,31,0,0,23,0,23,2,0,50,2,54,125,0,125,179
03/29/2022,CNO,CA,AWP,WE,Towers with Radar,0,0,25,6,31,0,0,127,7,134,0,0,152,13,165,457,2,459,624
03/30/2022,CNO,CA,AWP,WE,Towers with Radar,2,1,42,3,48,0,0,169,6,175,2,1,211,9,223,474,0,474,697
03/31/2022,CNO,CA,AWP,WE,Towers with Radar,0,0,34,3,37,0,0,92,2,94,0,0,126,5,131,557,0,557,688
04/01/2022,CNO,CA,AWP,WE,Towers with Radar,1,0,28,5,34,0,0,129,3,132,1,0,157,8,166,606,0,606,772
04/02/2022,CNO,CA,AWP,WE,Towers with Radar,0,0,56,1,57,0,0,105,0,105,0,0,161,1,162,387,0,387,549
04/03/2022,CNO,CA,AWP,WE,Towers with Radar,0,2,42,0,44,0,0,32,0,32,0,2,74,0,76,167,0,167,243
04/04/2022,CNO,CA,AWP,WE,Towers with Radar,0,1,37,2,40,0,1,104,3,108,0,2,141,5,148,245,0,245,393
04/05/2022,CNO,CA,AWP,WE,Towers with Radar,3,3,25,4,35,0,0,153,8,161,3,3,178,12,196,349,18,367,563
04/06/2022,CNO,CA,AWP,WE,Towers with Radar,0,2,21,4,27,0,0,142,7,149,0,2,163,11,176,483,9,492,668
04/07/2022,CNO,CA,AWP,WE,Towers with Radar,2,0,16,1,19,0,0,64,5,69,2,0,80,6,88,83,4,87,175
04/08/2022,CNO,CA,AWP,WE,Towers with Radar,2,2,19,2,25,0,1,133,6,140,2,3,152,8,165,231,0,231,396
04/09/2022,CNO,CA,AWP,WE,Towers with Radar,0,2,26,0,28,0,3,194,0,197,0,5,220,0,225,319,0,319,544
04/10/2022,CNO,CA,AWP,WE,Towers with Radar,1,3,32,0,36,0,3,83,0,86,1,6,115,0,122,225,0,225,347
04/11/2022,CNO,CA,AWP,WE,Towers with Radar,1,0,33,0,34,0,0,58,5,63,1,0,91,5,97,394,8,402,499
04/12/2022,CNO,CA,AWP,WE,Towers with Radar,0,0,29,1,30,0,0,147,5,152,0,0,176,6,182,410,0,410,592
04/13/2022,CNO,CA,AWP,WE,Towers with Radar,0,0,26,1,27,0,0,181,9,190,0,0,207,10,217,531,10,541,758
04/14/2022,CNO,CA,AWP,WE,Towers with Radar,0,1,45,5,51,0,0,197,4,201,0,1,242,9,252,586,16,602,854
04/15/2022,CNO,CA,AWP,WE,Towers with Radar,4,0,31,0,35,0,0,194,2,196,4,0,225,2,231,577,0,577,808
04/16/2022,CNO,CA,AWP,WE,Towers with Radar,0,0,26,0,26,0,0,117,0,117,0,0,143,0,143,376,0,376,519
04/17/2022,CNO,CA,AWP,WE,Towers with Radar,0,0,18,0,18,0,0,114,2,116,0,0,132,2,134,236,0,236,370
04/18/2022,CNO,CA,AWP,WE,Towers with Radar,0,0,26,1,27,0,0,148,1,149,0,0,174,2,176,507,0,507,683
04/19/2022,CNO,CA,AWP,WE,Towers with Radar,0,2,47,3,52,0,0,176,8,184,0,2,223,11,236,519,7,526,762
04/20/2022,CNO,CA,AWP,WE,Towers with Radar,0,0,40,3,43,0,0,151,0,151,0,0,191,3,194,552,0,552,746
04/21/2022,CNO,CA,AWP,WE,Towers with Radar,0,0,34,3,37,0,0,163,2,165,0,0,197,5,202,494,0,494,696
04/22/2022,CNO,CA,AWP,WE,Towers with Radar,0,2,24,3,29,0,0,109,5,114,0,2,133,8,143,254,0,254,397
04/23/2022,CNO,CA,AWP,WE,Towers with Radar,0,0,37,1,38,0,0,169,4,173,0,0,206,5,211,453,0,453,664
04/24/2022,CNO,CA,AWP,WE,Towers with Radar,0,1,22,0,23,0,0,81,0,81,0,1,103,0,104,84,0,84,188
04/25/2022,CNO,CA,AWP,WE,Towers with Radar,0,0,25,2,27,0,1,153,3,157,0,1,178,5,184,193,9,202,386
04/26/2022,CNO,CA,AWP,WE,Towers with Radar,0,0,37,2,39,0,0,182,2,184,0,0,219,4,223,477,0,477,700
04/27/2022,CNO,CA,AWP,WE,Towers with Radar,0,0,41,2,43,0,0,197,2,199,0,0,238,4,242,486,0,486,728
04/28/2022,CNO,CA,AWP,WE,Towers with Radar,0,0,55,4,59,0,0,140,5,145,0,0,195,9,204,545,8,553,757
04/29/2022,CNO,CA,AWP,WE,Towers with Radar,2,2,43,0,47,0,0,177,1,178,2,2,220,1,225,380,0,380,605
04/30/2022,CNO,CA,AWP,WE,Towers with Radar,0,1,18,1,20,0,2,186,2,190,0,3,204,3,210,297,0,297,507
05/01/2022,CNO,CA,AWP,WE,Towers with Radar,0,0,19,0,19,0,0,199,0,199,0,0,218,0,218,315,0,315,533
05/02/2022,CNO,CA,AWP,WE,Towers with Radar,0,0,35,0,35,0,0,108,2,110,0,0,143,2,145,309,9,318,463
05/03/2022,CNO,CA,AWP,WE,Towers with Radar,0,1,27,6,34,0,0,138,8,146,0,1,165,14,180,368,7,375,555
05/04/2022,CNO,CA,AWP,WE,Towers with Radar,0,2,29,4,35,0,0,204,5,209,0,2,233,9,244,548,3,551,795
05/05/2022,CNO,CA,AWP,WE,Towers with Radar,0,0,43,1,44,0,0,198,4,202,0,0,241,5,246,481,5,486,732
05/06/2022,CNO,CA,AWP,WE,Towers with Radar,0,3,33,0,36,0,0,228,3,231,0,3,261,3,267,589,0,589,856
05/07/2022,CNO,CA,AWP,WE,Towers with Radar,0,0,22,0,22,0,0,195,2,197,0,0,217,2,219,250,0,250,469
05/08/2022,CNO,CA,AWP,WE,Towers with Radar,0,0,13,0,13,0,0,57,2,59,0,0,70,2,72,208,0,208,280
05/09/2022,CNO,CA,AWP,WE,Towers with Radar,0,2,32,0,34,0,0,149,3,152,0,2,181,3,186,465,6,471,657
05/10/2022,CNO,CA,AWP,WE,Towers with Radar,0,0,40,3,43,0,0,180,7,187,0,0,220,10,230,407,0,407,637
05/11/2022,CNO,CA,AWP,WE,Towers with Radar,0,0,38,4,42,0,0,168,5,173,0,0,206,9,215,534,0,534,749
05/12/2022,CNO,CA,AWP,WE,Towers with Radar,0,0,35,2,37,0,0,165,4,169,0,0,200,6,206,439,18,457,663
05/13/2022,CNO,CA,AWP,WE,Towers with Radar,3,0,31,0,34,0,0,236,4,240,3,0,267,4,274,482,0,482,756
05/14/2022,CNO,CA,AWP,WE,Towers with Radar,0,2,25,1,28,0,0,226,0,226,0,2,251,1,254,376,0,376,630
05/15/2022,CNO,CA,AWP,WE,Towers with Radar,0,0,35,0,35,0,0,179,4,183,0,0,214,4,218,300,0,300,518
05/16/2022,CNO,CA,AWP,WE,Towers with Radar,0,0,37,3,40,0,0,138,4,142,0,0,175,7,182,353,0,353,535
05/17/2022,CNO,CA,AWP,WE,Towers with Radar,0,3,42,4,49,0,0,108,9,117,0,3,150,13,166,320,0,320,486
05/18/2022,CNO,CA,AWP,WE,Towers with Radar,0,2,43,2,47,0,1,140,3,144,0,3,183,5,191,311,0,311,502
05/19/2022,CNO,CA,AWP,WE,Towers with Radar,0,5,29,6,40,0,2,122,6,130,0,7,151,12,170,265,0,265,435
05/20/2022,CNO,CA,AWP,WE,Towers with Radar,0,0,38,6,44,0,1,70,0,71,0,1,108,6,115,410,0,410,525
05/21/2022,CNO,CA,AWP,WE,Towers with Radar,0,2,37,2,41,0,0,162,0,162,0,2,199,2,203,396,0,396,599
05/22/2022,CNO,CA,AWP,WE,Towers with Radar,0,1,31,0,32,0,0,195,4,199,0,1,226,4,231,315,0,315,546
05/23/2022,CNO,CA,AWP,WE,Towers with Radar,1,1,47,1,50,0,0,152,1,153,1,1,199,2,203,487,0,487,690
05/24/2022,CNO,CA,AWP,WE,Towers with Radar,1,0,62,3,66,0,0,192,6,198,1,0,254,9,264,482,0,482,746
05/25/2022,CNO,CA,AWP,WE,Towers with Radar,2,4,35,4,45,0,0,193,4,197,2,4,228,8,242,456,0,456,698
05/26/2022,CNO,CA,AWP,WE,Towers with Radar,0,0,40,5,45,0,0,183,6,189,0,0,223,11,234,398,0,398,632
05/27/2022,CNO,CA,AWP,WE,Towers with Radar,0,0,38,1,39,0,0,168,1,169,0,0,206,2,208,397,0,397,605
05/28/2022,CNO,CA,AWP,WE,Towers with Radar,0,0,32,0,32,0,0,73,0,73,0,0,105,0,105,308,0,308,413
05/29/2022,CNO,CA,AWP,WE,Towers with Radar,1,0,26,0,27,0,0,100,0,100,1,0,126,0,127,213,0,213,340
05/30/2022,CNO,CA,AWP,WE,Towers with Radar,1,0,29,0,30,0,1,132,3,136,1,1,161,3,166,261,0,261,427
05/31/2022,CNO,CA,AWP,WE,Towers with Radar,0,2,45,5,52,0,1,171,7,179,0,3,216,12,231,375,0,375,606
06/01/2022,CNO,CA,AWP,WE,Towers with Radar,0,0,24,3,27,0,0,156,5,161,0,0,180,8,188,448,18,466,654
06/02/2022,CNO,CA,AWP,WE,Towers with Radar,2,2,39,4,47,0,1,200,4,205,2,3,239,8,252,626,0,626,878
06/03/2022,CNO,CA,AWP,WE,Towers with Radar,2,0,42,4,48,0,0,122,2,124,2,0,164,6,172,361,0,361,533
06/04/2022,CNO,CA,AWP,WE,Towers with Radar,0,2,42,0,44,0,2,143,0,145,0,4,185,0,189,299,0,299,488
06/05/2022,CNO,CA,AWP,WE,Towers with Radar,0,2,34,0,36,0,2,143,3,148,0,4,177,3,184,282,0,282,466
06/06/2022,CNO,CA,AWP,WE,Towers with Radar,0,1,46,2,49,0,1,169,5,175,0,2,215,7,224,463,0,463,687
06/07/2022,CNO,CA,AWP,WE,Towers with Radar,2,0,40,3,45,0,0,167,7,174,2,0,207,10,219,520,0,520,739
06/08/2022,CNO,CA,AWP,WE,Towers with Radar,0,2,44,6,52,0,0,66,8,74,0,2,110,14,126,184,5,189,315
06/09/2022,CNO,CA,AWP,WE,Towers with Radar,0,2,28,2,32,0,0,74,2,76,0,2,102,4,108,45,0,45,153
06/10/2022,CNO,CA,AWP,WE,Towers with Radar,3,0,28,2,33,0,0,92,5,97,3,0,120,7,130,154,0,154,284
06/11/2022,CNO,CA,AWP,WE,Towers with Radar,2,1,21,1,25,0,1,152,5,158,2,2,173,6,183,228,18,246,429
06/12/2022,CNO,CA,AWP,WE,Towers with Radar,0,4,47,0,51,0,4,170,8,182,0,8,217,8,233,367,0,367,600
06/13/2022,CNO,CA,AWP,WE,Towers with Radar,0,2,33,1,36,0,0,130,7,137,0,2,163,8,173,530,0,530,703
06/14/2022,CNO,CA,AWP,WE,Towers with Radar,4,0,40,4,48,0,0,207,4,211,4,0,247,8,259,467,19,486,745
06/15/2022,CNO,CA,AWP,WE,Towers with Radar,2,3,41,0,46,0,0,157,3,160,2,3,198,3,206,602,0,602,808
06/16/2022,CNO,CA,AWP,WE,Towers with Radar,2,4,29,2,37,0,1,156,1,158,2,5,185,3,195,451,0,451,646
06/17/2022,CNO,CA,AWP,WE,Towers with Radar,0,1,38,1,40,0,0,175,3,178,0,1,213,4,218,470,0,470,688
06/18/2022,CNO,CA,AWP,WE,Towers with Radar,0,1,29,1,31,0,1,209,3,213,0,2,238,4,244,324,0,324,568
06/19/2022,CNO,CA,AWP,WE,Towers with Radar,0,0,25,0,25,0,0,136,3,139,0,0,161,3,164,244,0,244,408
06/20/2022,CNO,CA,AWP,WE,Towers with Radar,2,0,32,1,35,0,0,184,4,188,2,0,216,5,223,423,0,423,646
06/21/2022,CNO,CA,AWP,WE,Towers with Radar,0,0,26,2,28,0,0,171,4,175,0,0,197,6,203,533,0,533,736
06/22/2022,CNO,CA,AWP,WE,Towers with Radar,0,0,16,0,16,0,0,91,4,95,0,0,107,4,111,463,0,463,574
06/23/2022,CNO,CA,AWP,WE,Towers with Radar,0,1,46,1,48,0,0,190,4,194,0,1,236,5,242,551,5,556,798
06/24/2022,CNO,CA,AWP,WE,Towers with Radar,0,0,33,3,36,0,0,194,4,198,0,0,227,7,234,370,0,370,604
06/25/2022,CNO,CA,AWP,WE,Towers with Radar,0,1,25,0,26,0,0,191,6,197,0,1,216,6,223,269,0,269,492
06/26/2022,CNO,CA,AWP,WE,Towers with Radar,0,2,6,0,8,0,0,146,2,148,0,2,152,2,156,377,0,377,533
06/27/2022,CNO,CA,AWP,WE,Towers with Radar,0,2,35,1,38,0,0,134,3,137,0,2,169,4,175,425,0,425,600
06/28/2022,CNO,CA,AWP,WE,Towers with Radar,0,0,36,2,38,0,0,143,7,150,0,0,179,9,188,559,30,589,777
06/29/2022,CNO,CA,AWP,WE,Towers with Radar,0,3,28,0,31,0,0,143,2,145,0,3,171,2,176,411,0,411,587
06/30/2022,CNO,CA,AWP,WE,Towers with Radar,2,2,45,1,50,0,0,190,4,194,2,2,235,5,244,472,0,472,716
07/01/2022,CNO,CA,AWP,WE,Towers with Radar,0,0,26,0,26,0,0,199,0,199,0,0,225,0,225,435,0,435,660
07/02/2022,CNO,CA,AWP,WE,Towers with Radar,0,0,34,0,34,0,2,178,3,183,0,2,212,3,217,377,0,377,594
07/03/2022,CNO,CA,AWP,WE,Towers with Radar,0,1,15,2,18,0,1,108,6,115,0,2,123,8,133,214,0,214,347
07/04/2022,CNO,CA,AWP,WE,Towers with Radar,0,0,18,0,18,0,0,132,0,132,0,0,150,0,150,228,0,228,378
07/05/2022,CNO,CA,AWP,WE,Towers with Radar,0,0,36,2,38,0,1,126,2,129,0,1,162,4,167,430,0,430,597
07/06/2022,CNO,CA,AWP,WE,Towers with Radar,0,1,33,2,36,0,0,158,3,161,0,1,191,5,197,618,1,619,816
07/07/2022,CNO,CA,AWP,WE,Towers with Radar,0,2,36,2,40,0,0,178,1,179,0,2,214,3,219,371,0,371,590
07/08/2022,CNO,CA,AWP,WE,Towers with Radar,0,0,32,1,33,0,0,182,3,185,0,0,214,4,218,464,0,464,682
07/09/2022,CNO,CA,AWP,WE,Towers with Radar,0,0,30,1,31,0,0,196,2,198,0,0,226,3,229,509,0,509,738
07/10/2022,CNO,CA,AWP,WE,Towers with Radar,0,0,23,1,24,0,0,168,1,169,0,0,191,2,193,468,0,468,661
07/11/2022,CNO,CA,AWP,WE,Towers with Radar,0,6,23,1,30,0,0,162,0,162,0,6,185,1,192,450,0,450,642
07/12/2022,CNO,CA,AWP,WE,Towers with Radar,0,1,34,1,36,0,0,182,1,183,0,1,216,2,219,551,0,551,770
07/13/2022,CNO,CA,AWP,WE,Towers with Radar,0,2,42,4,48,0,0,157,7,164,0,2,199,11,212,543,2,545,757
07/14/2022,CNO,CA,AWP,WE,Towers with Radar,0,1,33,1,35,0,0,131,3,134,0,1,164,4,169,469,0,469,638
07/15/2022,CNO,CA,AWP,WE,Towers with Radar,0,0,21,1,22,0,0,159,5,164,0,0,180,6,186,427,0,427,613
07/16/2022,CNO,CA,AWP,WE,Towers with Radar,0,0,23,1,24,0,0,172,2,174,0,0,195,3,198,441,0,441,639
07/17/2022,CNO,CA,AWP,WE,Towers with Radar,0,2,34,0,36,0,0,128,3,131,0,2,162,3,167,284,0,284,451
07/18/2022,CNO,CA,AWP,WE,Towers with Radar,0,2,22,1,25,0,0,130,2,132,0,2,152,3,157,283,0,283,440
07/19/2022,CNO,CA,AWP,WE,Towers with Radar,0,0,36,1,37,0,0,174,4,178,0,0,210,5,215,499,0,499,714
07/20/2022,CNO,CA,AWP,WE,Towers with Radar,0,0,24,1,25,0,0,173,3,176,0,0,197,4,201,467,0,467,668
07/21/2022,CNO,CA,AWP,WE,Towers with Radar,0,1,36,0,37,0,0,150,4,154,0,1,186,4,191,374,6,380,571
07/22/2022,CNO,CA,AWP,WE,Towers with Radar,0,0,28,0,28,0,4,183,4,191,0,4,211,4,219,293,0,293,512
07/23/2022,CNO,CA,AWP,WE,Towers with Radar,0,0,27,0,27,0,0,165,2,167,0,0,192,2,194,368,0,368,562
07/24/2022,CNO,CA,AWP,WE,Towers with Radar,0,2,23,0,25,0,0,103,2,105,0,2,126,2,130,117,0,117,247
07/25/2022,CNO,CA,AWP,WE,Towers with Radar,2,1,18,2,23,0,0,125,2,127,2,1,143,4,150,347,9,356,506
07/26/2022,CNO,CA,AWP,WE,Towers with Radar,0,2,27,1,30,0,0,187,5,192,0,2,214,6,222,438,19,457,679
07/27/2022,CNO,CA,AWP,WE,Towers with Radar,0,2,28,0,30,0,2,151,2,155,0,4,179,2,185,471,0,471,656
07/28/2022,CNO,CA,AWP,WE,Towers with Radar,0,0,31,3,34,0,0,151,4,155,0,0,182,7,189,555,4,559,748
07/29/2022,CNO,CA,AWP,WE,Towers with Radar,0,0,41,1,42,0,3,167,5,175,0,3,208,6,217,416,0,416,633
07/30/2022,CNO,CA,AWP,WE,Towers with Radar,0,0,32,0,32,0,0,183,4,187,0,0,215,4,219,277,0,277,496
07/31/2022,CNO,CA,AWP,WE,Towers with Radar,0,0,25,0,25,0,0,101,2,103,0,0,126,2,128,248,0,248,376
08/01/2022,CNO,CA,AWP,WE,Towers with Radar,0,3,43,0,46,0,0,161,0,161,0,3,204,0,207,429,0,429,636
08/02/2022,CNO,CA,AWP,WE,Towers with Radar,0,0,27,0,27,0,0,134,0,134,0,0,161,0,161,358,0,358,519
08/03/2022,CNO,CA,AWP,WE,Towers with Radar,0,3,39,2,44,0,0,164,4,168,0,3,203,6,212,380,8,388,600
08/04/2022,CNO,CA,AWP,WE,Towers with Radar,0,0,29,0,29,0,0,128,0,128,0,0,157,0,157,584,0,584,741
08/05/2022,CNO,CA,AWP,WE,Towers with Radar,0,0,33,0,33,0,0,170,0,170,0,0,203,0,203,413,0,413,616
08/06/2022,CNO,CA,AWP,WE,Towers with Radar,0,1,29,0,30,0,0,222,1,223,0,1,251,1,253,415,0,415,668
08/07/2022,CNO,CA,AWP,WE,Towers with Radar,0,1,40,0,41,0,0,159,2,161,0,1,199,2,202,354,0,354,556
08/08/2022,CNO,CA,AWP,WE,Towers with Radar,0,0,24,1,25,0,1,147,2,150,0,1,171,3,175,488,0,488,663
08/09/2022,CNO,CA,AWP,WE,Towers with Radar,0,1,20,1,22,0,0,160,2,162,0,1,180,3,184,445,0,445,629
08/10/2022,CNO,CA,AWP,WE,Towers with Radar,0,2,25,5,32,0,0,199,5,204,0,2,224,10,236,563,0,563,799
08/11/2022,CNO,CA,AWP,WE,Towers with Radar,0,2,33,2,37,0,0,161,2,163,0,2,194,4,200,612,14,626,826
08/12/2022,CNO,CA,AWP,WE,Towers with Radar,0,0,43,0,43,0,0,176,7,183,0,0,219,7,226,435,0,435,661
08/13/2022,CNO,CA,AWP,WE,Towers with Radar,0,1,32,1,34,0,0,177,2,179,0,1,209,3,213,359,0,359,572
08/14/2022,CNO,CA,AWP,WE,Towers with Radar,0,0,26,0,26,0,0,96,2,98,0,0,122,2,124,242,0,242,366
08/15/2022,CNO,CA,AWP,WE,Towers with Radar,0,2,31,1,34,0,0,131,7,138,0,2,162,8,172,453,30,483,655
08/16/2022,CNO,CA,AWP,WE,Towers with Radar,0,8,33,0,41,0,0,192,5,197,0,8,225,5,238,507,0,507,745
08/17/2022,CNO,CA,AWP,WE,Towers with Radar,0,1,40,1,42,0,2,191,8,201,0,3,231,9,243,368,36,404,647
08/18/2022,CNO,CA,AWP,WE,Towers with Radar,0,4,53,0,57,0,0,147,3,150,0,4,200,3,207,486,9,495,702
08/19/2022,CNO,CA,AWP,WE,Towers with Radar,0,2,40,1,43,0,0,200,2,202,0,2,240,3,245,445,0,445,690
08/20/2022,CNO,CA,AWP,WE,Towers with Radar,0,1,27,0,28,0,0,170,2,172,0,1,197,2,200,406,0,406,606
08/21/2022,CNO,CA,AWP,WE,Towers with Radar,0,0,20,0,20,0,0,121,0,121,0,0,141,0,141,245,0,245,386
08/22/2022,CNO,CA,AWP,WE,Towers with Radar,0,1,37,0,38,0,5,138,5,148,0,6,175,5,186,507,4,511,697
08/23/2022,CNO,CA,AWP,WE,Towers with Radar,0,0,38,2,40,0,1,178,2,181,0,1,216,4,221,570,0,570,791
08/24/2022,CNO,CA,AWP,WE,Towers with Radar,0,1,19,2,22,0,1,167,9,177,0,2,186,11,199,461,5,466,665
08/25/2022,CNO,CA,AWP,WE,Towers with Radar,0,0,42,2,44,0,0,213,11,224,0,0,255,13,268,605,11,616,884
08/26/2022,CNO,CA,AWP,WE,Towers with Radar,0,2,40,1,43,0,0,194,3,197,0,2,234,4,240,475,0,475,715
08/27/2022,CNO,CA,AWP,WE,Towers with Radar,0,2,37,1,40,0,0,191,3,194,0,2,228,4,234,438,0,438,672
08/28/2022,CNO,CA,AWP,WE,Towers with Radar,0,0,38,0,38,0,0,122,0,122,0,0,160,0,160,310,0,310,470
08/29/2022,CNO,CA,AWP,WE,Towers with Radar,0,1,30,2,33,0,0,175,8,183,0,1,205,10,216,467,1,468,684
08/30/2022,CNO,CA,AWP,WE,Towers with Radar,0,0,29,1,30,0,0,180,1,181,0,0,209,2,211,451,0,451,662
08/31/2022,CNO,CA,AWP,WE,Towers with Radar,0,2,36,3,41,0,1,129,11,141,0,3,165,14,182,335,3,338,520
09/01/2022,CNO,CA,AWP,WE,Towers with Radar,0,4,25,3,32,0,1,156,11,168,0,5,181,14,200,356,3,359,559
09/02/2022,CNO,CA,AWP,WE,Towers with Radar,0,0,31,1,32,0,0,138,4,142,0,0,169,5,174,304,7,311,485
09/03/2022,CNO,CA,AWP,WE,Towers with Radar,0,0,23,0,23,0,0,114,0,114,0,0,137,0,137,240,0,240,377
09/04/2022,CNO,CA,AWP,WE,Towers with Radar,0,0,28,0,28,0,0,86,5,91,0,0,114,5,119,149,0,149,268
09/05/2022,CNO,CA,AWP,WE,Towers with Radar,0,0,20,0,20,0,0,91,0,91,0,0,111,0,111,351,0,351,462
09/06/2022,CNO,CA,AWP,WE,Towers with Radar,0,2,33,1,36,0,0,123,6,129,0,2,156,7,165,208,0,208,373
09/07/2022,CNO,CA,AWP,WE,Towers with Radar,0,1,20,2,23,0,1,130,10,141,0,2,150,12,164,388,30,418,582
09/08/2022,CNO,CA,AWP,WE,Towers with Radar,0,2,21,2,25,0,0,100,7,107,0,2,121,9,132,289,0,289,421
09/09/2022,CNO,CA,AWP,WE,Towers with Radar,0,0,11,0,11,0,0,61,0,61,0,0,72,0,72,204,0,204,276
09/10/2022,CNO,CA,AWP,WE,Towers with Radar,0,0,15,0,15,0,0,49,0,49,0,0,64,0,64,205,0,205,269
09/11/2022,CNO,CA,AWP,WE,Towers with Radar,0,0,18,0,18,0,0,97,0,97,0,0,115,0,115,362,0,362,477
09/12/2022,CNO,CA,AWP,WE,Towers with Radar,0,0,9,0,9,0,1,133,2,136,0,1,142,2,145,404,0,404,549
09/13/2022,CNO,CA,AWP,WE,Towers with Radar,0,1,47,1,49,0,0,163,4,167,0,1,210,5,216,415,0,415,631
09/14/2022,CNO,CA,AWP,WE,Towers with Radar,0,1,33,3,37,0,0,154,3,157,0,1,187,6,194,496,0,496,690
09/15/2022,CNO,CA,AWP,WE,Towers with Radar,0,2,32,1,35,0,1,148,7,156,0,3,180,8,191,600,12,612,803
09/16/2022,CNO,CA,AWP,WE,Towers with Radar,0,0,33,1,34,0,2,198,0,200,0,2,231,1,234,551,0,551,785
09/17/2022,CNO,CA,AWP,WE,Towers with Radar,0,0,32,0,32,0,2,124,0,126,0,2,156,0,158,409,0,409,567
09/18/2022,CNO,CA,AWP,WE,Towers with Radar,0,0,41,1,42,0,0,122,1,123,0,0,163,2,165,252,0,252,417
09/19/2022,CNO,CA,AWP,WE,Towers with Radar,0,0,26,0,26,0,1,127,0,128,0,1,153,0,154,401,0,401,555
09/20/2022,CNO,CA,AWP,WE,Towers with Radar,0,0,27,1,28,0,0,162,8,170,0,0,189,9,198,519,4,523,721
09/21/2022,CNO,CA,AWP,WE,Towers with Radar,0,0,19,1,20,0,0,166,7,173,0,0,185,8,193,472,34,506,699
09/22/2022,CNO,CA,AWP,WE,Towers with Radar,0,1,27,1,29,0,1,181,0,182,0,2,208,1,211,462,0,462,673
09/23/2022,CNO,CA,AWP,WE,Towers with Radar,0,2,32,0,34,0,0,159,0,159,0,2,191,0,193,431,0,431,624
09/24/2022,CNO,CA,AWP,WE,Towers with Radar,0,0,19,3,22,0,0,173,2,175,0,0,192,5,197,462,0,462,659
09/25/2022,CNO,CA,AWP,WE,Towers with Radar,0,0,34,0,34,0,0,146,0,146,0,0,180,0,180,209,0,209,389
09/26/2022,CNO,CA,AWP,WE,Towers with Radar,0,1,18,3,22,0,0,135,11,146,0,1,153,14,168,392,40,432,600
09/27/2022,CNO,CA,AWP,WE,Towers with Radar,0,0,30,1,31,0,1,149,1,151,0,1,179,2,182,252,0,252,434
09/28/2022,CNO,CA,AWP,WE,Towers with Radar,0,5,34,3,42,0,0,148,6,154,0,5,182,9,196,399,17,416,612
09/29/2022,CNO,CA,AWP,WE,Towers with Radar,0,0,44,1,45,0,0,164,8,172,0,0,208,9,217,616,14,630,847
09/30/2022,CNO,CA,AWP,WE,Towers with Radar,0,0,38,1,39,0,0,129,0,129,0,0,167,1,168,313,0,313,481
10/01/2022,CNO,CA,AWP,WE,Towers with Radar,0,5,26,0,31,0,3,145,1,149,0,8,171,1,180,254,0,254,434
10/02/2022,CNO,CA,AWP,WE,Towers with Radar,1,13,42,0,56,0,0,101,0,101,1,13,143,0,157,252,0,252,409
10/03/2022,CNO,CA,AWP,WE,Towers with Radar,0,0,23,1,24,0,0,161,2,163,0,0,184,3,187,368,0,368,555
10/04/2022,CNO,CA,AWP,WE,Towers with Radar,0,2,29,1,32,0,0,160,4,164,0,2,189,5,196,425,3,428,624
10/05/2022,CNO,CA,AWP,WE,Towers with Radar,0,2,31,1,34,0,0,145,3,148,0,2,176,4,182,521,18,539,721
10/06/2022,CNO,CA,AWP,WE,Towers with Radar,0,2,57,1,60,0,0,91,2,93,0,2,148,3,153,319,0,319,472
10/07/2022,CNO,CA,AWP,WE,Towers with Radar,0,4,40,5,49,0,0,121,2,123,0,4,161,7,172,238,0,238,410
10/08/2022,CNO,CA,AWP,WE,Towers with Radar,0,0,19,0,19,0,0,149,5,154,0,0,168,5,173,361,2,363,536
10/09/2022,CNO,CA,AWP,WE,Towers with Radar,0,0,33,0,33,0,0,146,2,148,0,0,179,2,181,135,0,135,316
10/10/2022,CNO,CA,AWP,WE,Towers with Radar,0,0,56,1,57,0,0,123,1,124,0,0,179,2,181,358,0,358,539
10/11/2022,CNO,CA,AWP,WE,Towers with Radar,0,0,39,1,40,0,2,90,1,93,0,2,129,2,133,445,0,445,578
10/12/2022,CNO,CA,AWP,WE,Towers with Radar,0,0,22,3,25,0,0,115,1,116,0,0,137,4,141,494,4,498,639
10/13/2022,CNO,CA,AWP,WE,Towers with Radar,0,0,39,0,39,0,0,85,0,85,0,0,124,0,124,243,0,243,367
10/14/2022,CNO,CA,AWP,WE,Towers with Radar,0,0,26,5,31,0,0,22,2,24,0,0,48,7,55,63,0,63,118
10/15/2022,CNO,CA,AWP,WE,Towers with Radar,0,3,21,3,27,0,0,130,0,130,0,3,151,3,157,211,0,211,368
10/16/2022,CNO,CA,AWP,WE,Towers with Radar,0,0,43,0,43,0,0,73,7,80,0,0,116,7,123,279,0,279,402
10/17/2022,CNO,CA,AWP,WE,Towers with Radar,0,0,34,2,36,0,0,189,2,191,0,0,223,4,227,452,0,452,679
10/18/2022,CNO,CA,AWP,WE,Towers with Radar,0,1,28,0,29,0,0,150,3,153,0,1,178,3,182,427,0,427,609
10/19/2022,CNO,CA,AWP,WE,Towers with Radar,0,0,12,0,12,0,0,173,3,176,0,0,185,3,188,425,0,425,613
10/20/2022,CNO,CA,AWP,WE,Towers with Radar,2,0,30,0,32,0,0,157,0,157,2,0,187,0,189,473,0,473,662
10/21/2022,CNO,CA,AWP,WE,Towers with Radar,0,0,30,1,31,0,0,184,4,188,0,0,214,5,219,405,0,405,624
10/22/2022,CNO,CA,AWP,WE,Towers with Radar,0,0,24,1,25,0,0,88,2,90,0,0,112,3,115,346,0,346,461
10/23/2022,CNO,CA,AWP,WE,Towers with Radar,0,0,17,2,19,0,0,198,3,201,0,0,215,5,220,189,0,189,409
10/24/2022,CNO,CA,AWP,WE,Towers with Radar,0,0,24,0,24,0,0,132,3,135,0,0,156,3,159,382,2,384,543
10/25/2022,CNO,CA,AWP,WE,Towers with Radar,2,0,34,3,39,0,0,202,2,204,2,0,236,5,243,400,0,400,643
10/26/2022,CNO,CA,AWP,WE,Towers with Radar,2,0,39,0,41,0,0,211,4,215,2,0,250,4,256,623,21,644,900
10/27/2022,CNO,CA,AWP,WE,Towers with Radar,0,0,13,0,13,0,0,132,2,134,0,0,145,2,147,603,6,609,756
10/28/2022,CNO,CA,AWP,WE,Towers with Radar,0,0,41,1,42,0,1,203,0,204,0,1,244,1,246,380,0,380,626
10/29/2022,CNO,CA,AWP,WE,Towers with Radar,0,1,22,0,23,0,0,190,0,190,0,1,212,0,213,287,0,287,500
10/30/2022,CNO,CA,AWP,WE,Towers with Radar,0,0,32,0,32,0,0,149,2,151,0,0,181,2,183,277,0,277,460
10/31/2022,CNO,CA,AWP,WE,Towers with Radar,0,0,20,2,22,0,0,178,5,183,0,0,198,7,205,395,9,404,609
11/01/2022,CNO,CA,AWP,WE,Towers with Radar,0,0,31,2,33,0,0,159,3,162,0,0,190,5,195,492,0,492,687
11/02/2022,CNO,CA,AWP,WE,Towers with Radar,0,0,16,0,16,0,0,70,0,70,0,0,86,0,86,373,0,373,459
11/03/2022,CNO,CA,AWP,WE,Towers with Radar,0,0,36,1,37,0,0,172,4,176,0,0,208,5,213,638,6,644,857
11/04/2022,CNO,CA,AWP,WE,Towers with Radar,0,0,19,3,22,0,0,166,7,173,0,0,185,10,195,500,0,500,695
11/05/2022,CNO,CA,AWP,WE,Towers with Radar,0,1,29,2,32,0,0,235,7,242,0,1,264,9,274,420,0,420,694
11/06/2022,CNO,CA,AWP,WE,Towers with Radar,0,0,34,0,34,0,0,175,2,177,0,0,209,2,211,313,0,313,524
11/07/2022,CNO,CA,AWP,WE,Towers with Radar,0,0,26,2,28,0,0,23,0,23,0,0,49,2,51,156,0,156,207
11/08/2022,CNO,CA,AWP,WE,Towers with Radar,0,0,5,2,7,0,0,1,0,1,0,0,6,2,8,0,0,0,8
11/09/2022,CNO,CA,AWP,WE,Towers with Radar,0,1,27,2,30,0,0,152,2,154,0,1,179,4,184,449,0,449,633
11/10/2022,CNO,CA,AWP,WE,Towers with Radar,0,4,45,1,50,0,0,190,0,190,0,4,235,1,240,498,0,498,738
11/11/2022,CNO,CA,AWP,WE,Towers with Radar,0,1,17,1,19,0,0,181,1,182,0,1,198,2,201,408,0,408,609
11/12/2022,CNO,CA,AWP,WE,Towers with Radar,0,0,26,2,28,0,0,202,4,206,0,0,228,6,234,377,0,377,611
11/13/2022,CNO,CA,AWP,WE,Towers with Radar,0,1,23,0,24,0,3,137,3,143,0,4,160,3,167,343,0,343,510
11/14/2022,CNO,CA,AWP,WE,Towers with Radar,0,0,35,4,39,0,0,163,4,167,0,0,198,8,206,490,0,490,696
11/15/2022,CNO,CA,AWP,WE,Towers with Radar,0,2,18,0,20,0,0,139,2,141,0,2,157,2,161,298,0,298,459
11/16/2022,CNO,CA,AWP,WE,Towers with Radar,0,2,11,0,13,0,0,28,1,29,0,2,39,1,42,235,0,235,277
11/17/2022,CNO,CA,AWP,WE,Towers with Radar,0,2,21,2,25,0,0,201,9,210,0,2,222,11,235,473,14,487,722
11/18/2022,CNO,CA,AWP,WE,Towers with Radar,0,4,29,5,38,0,1,193,5,199,0,5,222,10,237,602,0,602,839
11/19/2022,CNO,CA,AWP,WE,Towers with Radar,0,3,12,0,15,0,0,76,0,76,0,3,88,0,91,128,0,128,219
11/20/2022,CNO,CA,AWP,WE,Towers with Radar,0,1,23,1,25,0,1,193,0,194,0,2,216,1,219,420,0,420,639
11/21/2022,CNO,CA,AWP,WE,Towers with Radar,0,0,18,2,20,0,0,165,3,168,0,0,183,5,188,435,0,435,623
11/22/2022,CNO,CA,AWP,WE,Towers with Radar,0,2,42,1,45,0,0,167,4,171,0,2,209,5,216,647,14,661,877
11/23/2022,CNO,CA,AWP,WE,Towers with Radar,0,1,37,0,38,0,0,220,1,221,0,1,257,1,259,455,0,455,714
11/24/2022,CNO,CA,AWP,WE,Towers with Radar,0,0,2,0,2,0,0,8,0,8,0,0,10,0,10,0,0,0,10
11/25/2022,CNO,CA,AWP,WE,Towers with Radar,0,0,14,0,14,0,0,143,1,144,0,0,157,1,158,235,0,235,393
11/26/2022,CNO,CA,AWP,WE,Towers with Radar,0,2,29,1,32,0,0,174,3,177,0,2,203,4,209,346,0,346,555
11/27/2022,CNO,CA,AWP,WE,Towers with Radar,0,0,31,1,32,0,0,130,1,131,0,0,161,2,163,288,0,288,451
11/28/2022,CNO,CA,AWP,WE,Towers with Radar,0,2,44,4,50,0,0,96,5,101,0,2,140,9,151,366,24,390,541
11/29/2022,CNO,CA,AWP,WE,Towers with Radar,1,0,43,4,48,0,2,173,8,183,1,2,216,12,231,316,0,316,547
11/30/2022,CNO,CA,AWP,WE,Towers with Radar,1,4,46,4,55,0,0,136,4,140,1,4,182,8,195,477,0,477,672
12/01/2022,CNO,CA,AWP,WE,Towers with Radar,0,0,22,2,24,0,0,113,0,113,0,0,135,2,137,480,0,480,617
12/02/2022,CNO,CA,AWP,WE,Towers with Radar,0,0,31,1,32,0,0,89,1,90,0,0,120,2,122,300,0,300,422
12/03/2022,CNO,CA,AWP,WE,Towers with Radar,0,0,28,0,28,0,0,218,0,218,0,0,246,0,246,526,0,526,772
12/04/2022,CNO,CA,AWP,WE,Towers with Radar,0,3,42,0,45,0,0,99,0,99,0,3,141,0,144,401,0,401,545
12/05/2022,CNO,CA,AWP,WE,Towers with Radar,2,0,34,3,39,0,0,108,3,111,2,0,142,6,150,525,0,525,675
12/06/2022,CNO,CA,AWP,WE,Towers with Radar,0,4,33,3,40,0,0,95,4,99,0,4,128,7,139,397,0,397,536
12/07/2022,CNO,CA,AWP,WE,Towers with Radar,0,1,23,3,27,0,1,161,1,163,0,2,184,4,190,563,0,563,753
12/08/2022,CNO,CA,AWP,WE,Towers with Radar,0,3,26,3,32,0,0,186,3,189,0,3,212,6,221,390,0,390,611
12/09/2022,CNO,CA,AWP,WE,Towers with Radar,0,3,29,3,35,0,1,207,4,212,0,4,236,7,247,410,0,410,657
12/10/2022,CNO,CA,AWP,WE,Towers with Radar,0,0,17,0,17,0,0,185,0,185,0,0,202,0,202,458,0,458,660
12/11/2022,CNO,CA,AWP,WE,Towers with Radar,0,0,7,0,7,0,0,20,0,20,0,0,27,0,27,59,0,59,86
12/12/2022,CNO,CA,AWP,WE,Towers with Radar,2,1,8,0,11,0,0,41,0,41,2,1,49,0,52,329,0,329,381
12/13/2022,CNO,CA,AWP,WE,Towers with Radar,0,2,40,4,46,0,0,220,7,227,0,2,260,11,273,643,0,643,916
12/14/2022,CNO,CA,AWP,WE,Towers with Radar,0,2,29,1,32,0,0,198,1,199,0,2,227,2,231,781,0,781,1012
12/15/2022,CNO,CA,AWP,WE,Towers with Radar,0,2,33,1,36,0,0,174,3,177,0,2,207,4,213,622,7,629,842
12/16/2022,CNO,CA,AWP,WE,Towers with Radar,0,0,20,1,21,0,0,163,1,164,0,0,183,2,185,276,0,276,461
12/17/2022,CNO,CA,AWP,WE,Towers with Radar,0,0,21,0,21,0,2,146,0,148,0,2,167,0,169,390,0,390,559
12/18/2022,CNO,CA,AWP,WE,Towers with Radar,0,1,25,0,26,0,0,169,0,169,0,1,194,0,195,298,0,298,493
12/19/2022,CNO,CA,AWP,WE,Towers with Radar,0,0,21,2,23,0,0,169,5,174,0,0,190,7,197,514,56,570,767
12/20/2022,CNO,CA,AWP,WE,Towers with Radar,0,1,36,1,38,0,0,139,1,140,0,1,175,2,178,328,0,328,506
12/21/2022,CNO,CA,AWP,WE,Towers with Radar,1,1,30,4,36,0,0,175,1,176,1,1,205,5,212,427,4,431,643
12/22/2022,CNO,CA,AWP,WE,Towers with Radar,0,1,24,0,25,0,0,166,0,166,0,1,190,0,191,443,0,443,634
12/23/2022,CNO,CA,AWP,WE,Towers with Radar,0,0,36,0,36,0,0,172,2,174,0,0,208,2,210,381,0,381,591
12/24/2022,CNO,CA,AWP,WE,Towers with Radar,0,0,12,0,12,0,0,99,0,99,0,0,111,0,111,215,0,215,326
12/25/2022,CNO,CA,AWP,WE,Towers with Radar,0,0,3,0,3,0,0,45,0,45,0,0,48,0,48,47,0,47,95
12/26/2022,CNO,CA,AWP,WE,Towers with Radar,0,0,36,0,36,0,0,145,0,145,0,0,181,0,181,398,0,398,579
12/27/2022,CNO,CA,AWP,WE,Towers with Radar,0,7,25,0,32,0,2,108,0,110,0,9,133,0,142,339,0,339,481
12/28/2022,CNO,CA,AWP,WE,Towers with Radar,0,0,12,0,12,0,0,84,2,86,0,0,96,2,98,291,3,294,392
12/29/2022,CNO,CA,AWP,WE,Towers with Radar,0,2,19,0,21,0,0,57,0,57,0,2,76,0,78,424,0,424,502
12/30/2022,CNO,CA,AWP,WE,Towers with Radar,0,0,32,0,32,0,0,17,0,17,0,0,49,0,49,243,0,243,292
12/31/2022,CNO,CA,AWP,WE,Towers with Radar,0,0,11,0,11,0,0,3,0,3,0,0,14,0,14,0,0,0,14
01/01/2023,CNO,CA,AWP,WE,Towers with Radar,0,0,10,1,11,0,0,25,4,29,0,0,35,5,40,103,0,103,143
01/02/2023,CNO,CA,AWP,WE,Towers with Radar,0,2,29,0,31,0,0,97,2,99,0,2,126,2,130,339,0,339,469
01/03/2023,CNO,CA,AWP,WE,Towers with Radar,0,1,16,0,17,0,0,5,0,5,0,1,21,0,22,70,0,70,92
01/04/2023,CNO,CA,AWP,WE,Towers with Radar,0,5,26,0,31,0,0,20,0,20,0,5,46,0,51,84,0,84,135
01/05/2023,CNO,CA,AWP,WE,Towers with Radar,0,1,9,0,10,0,0,13,1,14,0,1,22,1,24,118,0,118,142
01/06/2023,CNO,CA,AWP,WE,Towers with Radar,0,1,41,3,45,0,0,207,8,215,0,1,248,11,260,363,0,363,623
01/07/2023,CNO,CA,AWP,WE,Towers with Radar,0,4,28,0,32,0,5,262,2,269,0,9,290,2,301,422,0,422,723
01/08/2023,CNO,CA,AWP,WE,Towers with Radar,0,2,48,1,51,0,0,193,0,193,0,2,241,1,244,322,0,322,566
01/09/2023,CNO,CA,AWP,WE,Towers with Radar,0,0,15,1,16,0,0,27,1,28,0,0,42,2,44,236,0,236,280
01/10/2023,CNO,CA,AWP,WE,Towers with Radar,0,1,11,0,12,0,0,10,0,10,0,1,21,0,22,179,0,179,201
01/11/2023,CNO,CA,AWP,WE,Towers with Radar,0,4,21,0,25,0,0,185,5,190,0,4,206,5,215,468,24,492,707
01/12/2023,CNO,CA,AWP,WE,Towers with Radar,0,1,12,0,13,0,0,180,4,184,0,1,192,4,197,350,8,358,555
01/13/2023,CNO,CA,AWP,WE,Towers with Radar,0,2,36,2,40,0,0,202,3,205,0,2,238,5,245,477,0,477,722
01/14/2023,CNO,CA,AWP,WE,Towers with Radar,0,0,12,1,13,0,0,21,1,22,0,0,33,2,35,123,0,123,158
01/15/2023,CNO,CA,AWP,WE,Towers with Radar,0,1,16,0,17,0,0,6,0,6,0,1,22,0,23,19,0,19,42
01/16/2023,CNO,CA,AWP,WE,Towers with Radar,0,0,7,0,7,0,0,15,0,15,0,0,22,0,22,270,0,270,292
01/17/2023,CNO,CA,AWP,WE,Towers with Radar,0,0,19,0,19,0,1,181,0,182,0,1,200,0,201,288,0,288,489
01/18/2023,CNO,CA,AWP,WE,Towers with Radar,0,2,35,8,45,0,1,236,9,246,0,3,271,17,291,540,0,540,831
01/19/2023,CNO,CA,AWP,WE,Towers with Radar,0,0,46,1,47,0,0,179,1,180,0,0,225,2,227,468,0,468,695
01/20/2023,CNO,CA,AWP,WE,Towers with Radar,0,0,32,0,32,0,0,216,4,220,0,0,248,4,252,570,16,586,838
01/21/2023,CNO,CA,AWP,WE,Towers with Radar,0,0,25,1,26,0,0,254,4,258,0,0,279,5,284,562,0,562,846
01/22/2023,CNO,CA,AWP,WE,Towers with Radar,0,0,34,0,34,0,0,158,2,160,0,0,192,2,194,339,0,339,533
01/23/2023,CNO,CA,AWP,WE,Towers with Radar,0,1,8,0,9,0,0,46,0,46,0,1,54,0,55,276,0,276,331
01/24/2023,CNO,CA,AWP,WE,Towers with Radar,0,0,49,0,49,0,0,192,4,196,0,0,241,4,245,478,26,504,749
01/25/2023,CNO,CA,AWP,WE,Towers with Radar,0,0,22,2,24,0,0,142,8,150,0,0,164,10,174,398,18,416,590
01/26/2023,CNO,CA,AWP,WE,Towers with Radar,0,3,5,0,8,0,1,25,0,26,0,4,30,0,34,136,0,136,170
01/27/2023,CNO,CA,AWP,WE,Towers with Radar,0,1,40,1,42,0,0,257,1,258,0,1,297,2,300,455,0,455,755
01/28/2023,CNO,CA,AWP,WE,Towers with Radar,2,0,32,0,34,0,0,214,0,214,2,0,246,0,248,356,0,356,604
01/29/2023,CNO,CA,AWP,WE,Towers with Radar,0,0,15,2,17,0,0,23,0,23,0,0,38,2,40,167,0,167,207
01/30/2023,CNO,CA,AWP,WE,Towers with Radar,0,0,5,1,6,0,0,55,2,57,0,0,60,3,63,357,0,357,420
01/31/2023,CNO,CA,AWP,WE,Towers with Radar,0,0,15,1,16,0,0,77,1,78,0,0,92,2,94,355,0,355,449
02/01/2023,CNO,CA,AWP,WE,Towers with Radar,0,4,43,2,49,0,1,184,2,187,0,5,227,4,236,487,0,487,723
02/02/2023,CNO,CA,AWP,WE,Towers with Radar,0,0,36,1,37,0,0,248,7,255,0,0,284,8,292,627,0,627,919
02/03/2023,CNO,CA,AWP,WE,Towers with Radar,0,2,41,2,45,0,0,222,2,224,0,2,263,4,269,490,0,490,759
02/04/2023,CNO,CA,AWP,WE,Towers with Radar,0,0,31,0,31,0,0,260,0,260,0,0,291,0,291,563,0,563,854
02/05/2023,CNO,CA,AWP,WE,Towers with Radar,0,3,27,0,30,0,0,48,0,48,0,3,75,0,78,135,0,135,213
02/06/2023,CNO,CA,AWP,WE,Towers with Radar,0,0,20,0,20,0,0,136,2,138,0,0,156,2,158,492,16,508,666
02/07/2023,CNO,CA,AWP,WE,Towers with Radar,0,0,44,1,45,0,0,189,5,194,0,0,233,6,239,615,9,624,863
02/08/2023,CNO,CA,AWP,WE,Towers with Radar,0,0,47,4,51,0,0,227,7,234,0,0,274,11,285,573,16,589,874
02/09/2023,CNO,CA,AWP,WE,Towers with Radar,0,2,13,0,15,0,0,90,0,90,0,2,103,0,105,142,0,142,247
02/10/2023,CNO,CA,AWP,WE,Towers with Radar,0,0,10,1,11,0,0,178,5,183,0,0,188,6,194,367,0,367,561
02/11/2023,CNO,CA,AWP,WE,Towers with Radar,0,0,30,1,31,0,0,161,1,162,0,0,191,2,193,344,0,344,537
02/12/2023,CNO,CA,AWP,WE,Towers with Radar,0,2,28,0,30,0,0,88,0,88,0,2,116,0,118,227,0,227,345
02/13/2023,CNO,CA,AWP,WE,Towers with Radar,0,1,25,3,29,0,0,145,4,149,0,1,170,7,178,420,6,426,604
02/14/2023,CNO,CA,AWP,WE,Towers with Radar,0,0,12,2,14,0,0,41,0,41,0,0,53,2,55,297,0,297,352
02/15/2023,CNO,CA,AWP,WE,Towers with Radar,0,1,16,0,17,0,0,112,4,116,0,1,128,4,133,399,19,418,551
02/16/2023,CNO,CA,AWP,WE,Towers with Radar,0,0,20,1,21,0,0,142,4,146,0,0,162,5,167,354,0,354,521
02/17/2023,CNO,CA,AWP,WE,Towers with Radar,0,0,21,1,22,0,0,163,5,168,0,0,184,6,190,383,0,383,573
02/18/2023,CNO,CA,AWP,WE,Towers with Radar,0,1,40,2,43,0,1,180,2,183,0,2,220,4,226,489,0,489,715
02/19/2023,CNO,CA,AWP,WE,Towers with Radar,0,2,32,0,34,0,2,173,2,177,0,4,205,2,211,416,0,416,627
02/20/2023,CNO,CA,AWP,WE,Towers with Radar,0,3,44,2,49,0,0,251,2,253,0,3,295,4,302,448,0,448,750
02/21/2023,CNO,CA,AWP,WE,Towers with Radar,0,0,31,2,33,0,0,177,4,181,0,0,208,6,214,552,0,552,766
02/22/2023,CNO,CA,AWP,WE,Towers with Radar,0,2,23,0,25,0,0,60,0,60,0,2,83,0,85,321,0,321,406
02/23/2023,CNO,CA,AWP,WE,Towers with Radar,0,0,9,0,9,0,0,15,0,15,0,0,24,0,24,230,0,230,254
02/24/2023,CNO,CA,AWP,WE,Towers with Radar,0,0,5,0,5,0,0,6,0,6,0,0,11,0,11,117,0,117,128
02/25/2023,CNO,CA,AWP,WE,Towers with Radar,0,2,11,0,13,0,0,2,0,2,0,2,13,0,15,22,0,22,37
02/26/2023,CNO,CA,AWP,WE,Towers with Radar,0,1,19,0,20,0,1,74,0,75,0,2,93,0,95,313,0,313,408
02/27/2023,CNO,CA,AWP,WE,Towers with Radar,0,0,19,0,19,0,0,26,0,26,0,0,45,0,45,247,0,247,292
02/28/2023,CNO,CA,AWP,WE,Towers with Radar,0,1,30,1,32,0,0,72,3,75,0,1,102,4,107,465,11,476,583
03/01/2023,CNO,CA,AWP,WE,Towers with Radar,0,0,9,0,9,0,0,34,0,34,0,0,43,0,43,206,0,206,249
03/02/2023,CNO,CA,AWP,WE,Towers with Radar,0,1,37,2,40,0,1,275,4,280,0,2,312,6,320,536,0,536,856
03/03/2023,CNO,CA,AWP,WE,Towers with Radar,0,3,26,4,33,0,1,204,5,210,0,4,230,9,243,637,0,637,880
03/04/2023,CNO,CA,AWP,WE,Towers with Radar,0,2,27,2,31,0,0,144,5,149,0,2,171,7,180,547,0,547,727
03/05/2023,CNO,CA,AWP,WE,Towers with Radar,0,0,36,0,36,0,0,45,0,45,0,0,81,0,81,276,0,276,357
03/06/2023,CNO,CA,AWP,WE,Towers with Radar,0,0,40,0,40,0,0,160,4,164,0,0,200,4,204,456,11,467,671
03/07/2023,CNO,CA,AWP,WE,Towers with Radar,0,4,28,3,35,0,1,200,3,204,0,5,228,6,239,459,0,459,698
03/08/2023,CNO,CA,AWP,WE,Towers with Radar,0,2,36,1,39,0,3,165,2,170,0,5,201,3,209,604,0,604,813
03/09/2023,CNO,CA,AWP,WE,Towers with Radar,0,0,30,5,35,0,2,265,7,274,0,2,295,12,309,796,0,796,1105
03/10/2023,CNO,CA,AWP,WE,Towers with Radar,0,1,20,0,21,0,0,0,0,0,0,1,20,0,21,4,0,4,25
03/11/2023,CNO,CA,AWP,WE,Towers with Radar,0,0,17,6,23,0,0,4,0,4,0,0,21,6,27,43,0,43,70
03/12/2023,CNO,CA,AWP,WE,Towers with Radar,0,0,34,2,36,0,0,68,4,72,0,0,102,6,108,315,9,324,432
03/13/2023,CNO,CA,AWP,WE,Towers with Radar,0,3,34,6,43,0,0,65,3,68,0,3,99,9,111,472,9,481,592
03/14/2023,CNO,CA,AWP,WE,Towers with Radar,0,0,19,0,19,0,0,14,0,14,0,0,33,0,33,122,0,122,155
03/15/2023,CNO,CA,AWP,WE,Towers with Radar,0,1,11,1,13,0,0,0,0,0,0,1,11,1,13,0,0,0,13
03/16/2023,CNO,CA,AWP,WE,Towers with Radar,1,3,54,2,60,0,0,112,0,112,1,3,166,2,172,977,0,977,1149
03/17/2023,CNO,CA,AWP,WE,Towers with Radar,0,0,46,1,47,0,2,144,1,147,0,2,190,2,194,580,0,580,774
03/18/2023,CNO,CA,AWP,WE,Towers with Radar,0,0,20,0,20,0,2,252,1,255,0,2,272,1,275,529,0,529,804
03/19/2023,CNO,CA,AWP,WE,Towers with Radar,0,3,32,0,35,0,2,100,3,105,0,5,132,3,140,254,0,254,394
03/20/2023,CNO,CA,AWP,WE,Towers with Radar,0,0,23,2,25,0,0,39,4,43,0,0,62,6,68,224,9,233,301
03/21/2023,CNO,CA,AWP,WE,Towers with Radar,0,0,5,1,6,0,0,7,1,8,0,0,12,2,14,134,0,134,148
03/22/2023,CNO,CA,AWP,WE,Towers with Radar,0,3,16,0,19,0,0,36,0,36,0,3,52,0,55,519,0,519,574
03/23/2023,CNO,CA,AWP,WE,Towers with Radar,0,0,28,2,30,0,0,95,1,96,0,0,123,3,126,513,3,516,642
03/24/2023,CNO,CA,AWP,WE,Towers with Radar,1,1,54,1,57,0,3,207,1,211,1,4,261,2,268,531,0,531,799
03/25/2023,CNO,CA,AWP,WE,Towers with Radar,0,4,28,0,32,0,4,267,0,271,0,8,295,0,303,620,0,620,923
03/26/2023,CNO,CA,AWP,WE,Towers with Radar,0,3,40,0,43,0,5,188,0,193,0,8,228,0,236,333,0,333,569
03/27/2023,CNO,CA,AWP,WE,Towers with Radar,0,0,5,1,6,0,7,136,5,148,0,7,141,6,154,523,16,539,693
03/28/2023,CNO,CA,AWP,WE,Towers with Radar,0,2,25,1,28,0,7,230,3,240,0,9,255,4,268,618,0,618,886
03/29/2023,CNO,CA,AWP,WE,Towers with Radar,0,0,26,0,26,0,0,20,0,20,0,0,46,0,46,212,0,212,258
03/30/2023,CNO,CA,AWP,WE,Towers with Radar,0,0,16,0,16,0,0,89,2,91,0,0,105,2,107,424,4,428,535
03/31/2023,CNO,CA,AWP,WE,Towers with Radar,0,6,25,0,31,0,8,229,3,240,0,14,254,3,271,502,0,502,773
04/01/2023,CNO,CA,AWP,WE,Towers with Radar,0,2,38,1,41,0,6,236,2,244,0,8,274,3,285,455,0,455,740
04/02/2023,CNO,CA,AWP,WE,Towers with Radar,0,4,36,2,42,0,4,158,0,162,0,8,194,2,204,332,0,332,536
04/03/2023,CNO,CA,AWP,WE,Towers with Radar,0,0,22,1,23,0,0,40,0,40,0,0,62,1,63,211,0,211,274
04/04/2023,CNO,CA,AWP,WE,Towers with Radar,0,2,26,0,28,0,8,166,10,184,0,10,192,10,212,543,0,543,755
04/05/2023,CNO,CA,AWP,WE,Towers with Radar,0,3,17,4,24,0,10,216,6,232,0,13,233,10,256,581,1,582,838
04/06/2023,CNO,CA,AWP,WE,Towers with Radar,0,3,22,0,25,0,3,225,0,228,0,6,247,0,253,560,0,560,813
04/07/2023,CNO,CA,AWP,WE,Towers with Radar,0,3,32,2,37,0,4,214,3,221,0,7,246,5,258,495,0,495,753
04/08/2023,CNO,CA,AWP,WE,Towers with Radar,0,2,28,0,30,0,11,237,3,251,0,13,265,3,281,478,0,478,759
04/09/2023,CNO,CA,AWP,WE,Towers with Radar,0,1,24,0,25,0,1,103,1,105,0,2,127,1,130,188,0,188,318
04/10/2023,CNO,CA,AWP,WE,Towers with Radar,0,1,38,0,39,0,2,176,1,179,0,3,214,1,218,513,12,525,743
04/11/2023,CNO,CA,AWP,WE,Towers with Radar,0,2,27,0,29,0,3,161,2,166,0,5,188,2,195,626,0,626,821
04/12/2023,CNO,CA,AWP,WE,Towers with Radar,2,0,40,3,45,0,0,51,3,54,2,0,91,6,99,305,2,307,406
04/13/2023,CNO,CA,AWP,WE,Towers with Radar,0,0,27,2,29,0,0,41,0,41,0,0,68,2,70,477,0,477,547
04/14/2023,CNO,CA,AWP,WE,Towers with Radar,0,5,41,2,48,0,1,147,0,148,0,6,188,2,196,772,0,772,968
04/15/2023,CNO,CA,AWP,WE,Towers with Radar,0,3,26,0,29,0,6,222,1,229,0,9,248,1,258,571,0,571,829
04/16/2023,CNO,CA,AWP,WE,Towers with Radar,0,0,25,0,25,0,0,206,3,209,0,0,231,3,234,357,0,357,591
04/17/2023,CNO,CA,AWP,WE,Towers with Radar,0,0,33,1,34,0,0,71,1,72,0,0,104,2,106,309,0,309,415
04/18/2023,CNO,CA,AWP,WE,Towers with Radar,0,2,23,0,25,0,0,148,5,153,0,2,171,5,178,740,23,763,941
04/19/2023,CNO,CA,AWP,WE,Towers with Radar,0,2,23,4,29,0,6,224,5,235,0,8,247,9,264,689,0,689,953
04/20/2023,CNO,CA,AWP,WE,Towers with Radar,0,5,34,0,39,0,4,245,1,250,0,9,279,1,289,501,0,501,790
04/21/2023,CNO,CA,AWP,WE,Towers with Radar,0,1,23,0,24,0,2,201,0,203,0,3,224,0,227,427,0,427,654
04/22/2023,CNO,CA,AWP,WE,Towers with Radar,0,1,23,0,24,0,3,151,1,155,0,4,174,1,179,223,0,223,402
04/23/2023,CNO,CA,AWP,WE,Towers with Radar,0,2,28,0,30,0,1,154,0,155,0,3,182,0,185,314,0,314,499
04/24/2023,CNO,CA,AWP,WE,Towers with Radar,0,1,38,0,39,0,0,99,0,99,0,1,137,0,138,442,0,442,580
04/25/2023,CNO,CA,AWP,WE,Towers with Radar,0,1,37,2,40,0,2,110,1,113,0,3,147,3,153,310,24,334,487
04/26/2023,CNO,CA,AWP,WE,Towers with Radar,0,2,20,2,24,0,1,179,5,185,0,3,199,7,209,485,24,509,718
04/27/2023,CNO,CA,AWP,WE,Towers with Radar,0,2,44,2,48,0,3,180,5,188,0,5,224,7,236,434,0,434,670
04/28/2023,CNO,CA,AWP,WE,Towers with Radar,0,1,29,2,32,0,4,176,5,185,0,5,205,7,217,456,0,456,673
04/29/2023,CNO,CA,AWP,WE,Towers with Radar,1,2,24,1,28,0,2,141,1,144,1,4,165,2,172,346,0,346,518
04/30/2023,CNO,CA,AWP,WE,Towers with Radar,0,2,28,2,32,0,1,138,0,139,0,3,166,2,171,318,0,318,489
05/01/2023,CNO,CA,AWP,WE,Towers with Radar,1,1,31,3,36,0,0,59,2,61,1,1,90,5,97,266,0,266,363
05/02/2023,CNO,CA,AWP,WE,Towers with Radar,0,0,31,1,32,0,1,132,1,134,0,1,163,2,166,476,0,476,642
05/03/2023,CNO,CA,AWP,WE,Towers with Radar,0,3,29,5,37,0,2,150,2,154,0,5,179,7,191,654,0,654,845
05/04/2023,CNO,CA,AWP,WE,Towers with Radar,0,3,17,2,22,0,0,44,3,47,0,3,61,5,69,424,0,424,493
05/05/2023,CNO,CA,AWP,WE,Towers with Radar,0,3,31,2,36,0,0,115,3,118,0,3,146,5,154,627,0,627,781
05/06/2023,CNO,CA,AWP,WE,Towers with Radar,0,1,31,0,32,0,4,218,0,222,0,5,249,0,254,535,0,535,789
05/07/2023,CNO,CA,AWP,WE,Towers with Radar,0,1,24,0,25,0,0,128,2,130,0,1,152,2,155,360,0,360,515
05/08/2023,CNO,CA,AWP,WE,Towers with Radar,0,4,34,0,38,0,2,168,3,173,0,6,202,3,211,682,1,683,894
05/09/2023,CNO,CA,AWP,WE,Towers with Radar,0,0,31,1,32,0,3,110,1,114,0,3,141,2,146,554,0,554,700
05/10/2023,CNO,CA,AWP,WE,Towers with Radar,0,0,45,2,47,0,2,129,2,133,0,2,174,4,180,687,0,687,867
05/11/2023,CNO,CA,AWP,WE,Towers with Radar,0,4,38,1,43,0,8,157,0,165,0,12,195,1,208,754,0,754,962
05/12/2023,CNO,CA,AWP,WE,Towers with Radar,0,3,27,0,30,0,1,165,4,170,0,4,192,4,200,606,0,606,806
05/13/2023,CNO,CA,AWP,WE,Towers with Radar,0,1,30,2,33,0,2,222,6,230,0,3,252,8,263,410,0,410,673
05/14/2023,CNO,CA,AWP,WE,Towers with Radar,0,1,19,0,20,0,3,94,2,99,0,4,113,2,119,254,0,254,373
05/15/2023,CNO,CA,AWP,WE,Towers with Radar,0,3,51,3,57,0,1,133,5,139,0,4,184,8,196,454,0,454,650
05/16/2023,CNO,CA,AWP,WE,Towers with Radar,0,2,33,0,35,0,3,141,1,145,0,5,174,1,180,486,0,486,666
05/17/2023,CNO,CA,AWP,WE,Towers with Radar,0,3,50,2,55,0,2,197,2,201,0,5,247,4,256,500,0,500,756
05/18/2023,CNO,CA,AWP,WE,Towers with Radar,0,1,52,2,55,0,2,159,6,167,0,3,211,8,222,469,0,469,691
05/19/2023,CNO,CA,AWP,WE,Towers with Radar,0,9,34,1,44,0,0,81,3,84,0,9,115,4,128,474,0,474,602
05/20/2023,CNO,CA,AWP,WE,Towers with Radar,0,0,23,0,23,0,0,130,1,131,0,0,153,1,154,331,0,331,485
05/21/2023,CNO,CA,AWP,WE,Towers with Radar,0,2,35,0,37,0,0,120,0,120,0,2,155,0,157,414,0,414,571
05/22/2023,CNO,CA,AWP,WE,Towers with Radar,0,2,47,1,50,0,2,149,1,152,0,4,196,2,202,344,0,344,546
05/23/2023,CNO,CA,AWP,WE,Towers with Radar,0,2,37,1,40,0,0,46,0,46,0,2,83,1,86,625,0,625,711
05/24/2023,CNO,CA,AWP,WE,Towers with Radar,0,4,51,0,55,0,0,117,3,120,0,4,168,3,175,579,0,579,754
05/25/2023,CNO,CA,AWP,WE,Towers with Radar,0,2,42,1,45,0,0,160,3,163,0,2,202,4,208,603,0,603,811
05/26/2023,CNO,CA,AWP,WE,Towers with Radar,0,6,45,0,51,0,0,166,2,168,0,6,211,2,219,771,0,771,990
05/27/2023,CNO,CA,AWP,WE,Towers with Radar,0,1,32,1,34,0,1,129,0,130,0,2,161,1,164,483,0,483,647
05/28/2023,CNO,CA,AWP,WE,Towers with Radar,0,0,36,2,38,0,0,51,0,51,0,0,87,2,89,465,0,465,554
05/29/2023,CNO,CA,AWP,WE,Towers with Radar,0,3,24,0,27,0,0,81,0,81,0,3,105,0,108,413,0,413,521
05/30/2023,CNO,CA,AWP,WE,Towers with Radar,0,0,43,2,45,0,0,120,2,122,0,0,163,4,167,472,5,477,644
05/31/2023,CNO,CA,AWP,WE,Towers with Radar,0,3,27,1,31,0,0,125,5,130,0,3,152,6,161,471,0,471,632
06/01/2023,CNO,CA,AWP,WE,Towers with Radar,0,7,46,5,58,0,12,97,3,112,0,19,143,8,170,793,0,793,963
06/02/2023,CNO,CA,AWP,WE,Towers with Radar,0,2,37,1,40,0,2,145,2,149,0,4,182,3,189,560,0,560,749
06/03/2023,CNO,CA,AWP,WE,Towers with Radar,0,1,29,0,30,0,1,201,2,204,0,2,230,2,234,551,0,551,785
06/04/2023,CNO,CA,AWP,WE,Towers with Radar,0,2,33,0,35,0,0,127,3,130,0,2,160,3,165,191,0,191,356
06/05/2023,CNO,CA,AWP,WE,Towers with Radar,0,2,51,0,53,0,0,48,5,53,0,2,99,5,106,311,11,322,428
06/06/2023,CNO,CA,AWP,WE,Towers with Radar,0,1,35,1,37,0,0,154,3,157,0,1,189,4,194,551,36,587,781
06/07/2023,CNO,CA,AWP,WE,Towers with Radar,0,9,21,3,33,0,1,129,3,133,0,10,150,6,166,677,0,677,843
06/08/2023,CNO,CA,AWP,WE,Towers with Radar,0,1,39,2,42,0,0,129,0,129,0,1,168,2,171,462,0,462,633
06/09/2023,CNO,CA,AWP,WE,Towers with Radar,2,0,30,0,32,0,2,117,0,119,2,2,147,0,151,652,0,652,803
06/10/2023,CNO,CA,AWP,WE,Towers with Radar,0,0,33,0,33,0,2,65,0,67,0,2,98,0,100,403,0,403,503
06/11/2023,CNO,CA,AWP,WE,Towers with Radar,0,0,28,0,28,0,0,50,0,50,0,0,78,0,78,278,0,278,356
06/12/2023,CNO,CA,AWP,WE,Towers with Radar,0,2,51,2,55,0,0,99,0,99,0,2,150,2,154,391,0,391,545
06/13/2023,CNO,CA,AWP,WE,Towers with Radar,0,0,54,3,57,0,1,128,3,132,0,1,182,6,189,761,0,761,950
06/14/2023,CNO,CA,AWP,WE,Towers with Radar,0,0,36,2,38,0,5,72,1,78,0,5,108,3,116,563,0,563,679
06/15/2023,CNO,CA,AWP,WE,Towers with Radar,0,5,37,1,43,0,0,95,3,98,0,5,132,4,141,570,0,570,711
06/16/2023,CNO,CA,AWP,WE,Towers with Radar,0,1,43,2,46,0,3,164,7,174,0,4,207,9,220,676,0,676,896
06/17/2023,CNO,CA,AWP,WE,Towers with Radar,0,2,21,0,23,0,1,223,2,226,0,3,244,2,249,346,0,346,595
06/18/2023,CNO,CA,AWP,WE,Towers with Radar,0,1,20,0,21,0,0,105,2,107,0,1,125,2,128,247,0,247,375
06/19/2023,CNO,CA,AWP,WE,Towers with Radar,0,1,47,3,51,0,3,129,3,135,0,4,176,6,186,463,0,463,649
06/20/2023,CNO,CA,AWP,WE,Towers with Radar,0,4,33,2,39,0,2,199,6,207,0,6,232,8,246,429,0,429,675
06/21/2023,CNO,CA,AWP,WE,Towers with Radar,0,3,30,3,36,0,6,172,5,183,0,9,202,8,219,434,0,434,653
06/22/2023,CNO,CA,AWP,WE,Towers with Radar,0,0,31,0,31,0,2,151,0,153,0,2,182,0,184,300,0,300,484
06/23/2023,CNO,CA,AWP,WE,Towers with Radar,0,1,35,2,38,0,5,196,8,209,0,6,231,10,247,417,4,421,668
06/24/2023,CNO,CA,AWP,WE,Towers with Radar,0,0,32,1,33,0,0,251,3,254,0,0,283,4,287,447,0,447,734
06/25/2023,CNO,CA,AWP,WE,Towers with Radar,0,0,28,0,28,0,1,137,1,139,0,1,165,1,167,283,0,283,450
06/26/2023,CNO,CA,AWP,WE,Towers with Radar,0,1,35,3,39,0,4,179,1,184,0,5,214,4,223,409,0,409,632
06/27/2023,CNO,CA,AWP,WE,Towers with Radar,0,3,30,2,35,0,3,179,9,191,0,6,209,11,226,418,0,418,644
06/28/2023,CNO,CA,AWP,WE,Towers with Radar,0,4,24,2,30,0,0,179,3,182,0,4,203,5,212,490,0,490,702
06/29/2023,CNO,CA,AWP,WE,Towers with Radar,0,2,21,1,24,0,5,172,5,182,0,7,193,6,206,483,0,483,689
06/30/2023,CNO,CA,AWP,WE,Towers with Radar,0,0,29,3,32,0,5,176,5,186,0,5,205,8,218,493,0,493,711
07/01/2023,CNO,CA,AWP,WE,Towers with Radar,0,3,10,0,13,0,1,216,4,221,0,4,226,4,234,284,0,284,518
07/02/2023,CNO,CA,AWP,WE,Towers with Radar,0,7,21,0,28,0,4,117,4,125,0,11,138,4,153,247,0,247,400
07/03/2023,CNO,CA,AWP,WE,Towers with Radar,0,3,34,2,39,0,2,180,7,189,0,5,214,9,228,390,0,390,618
07/04/2023,CNO,CA,AWP,WE,Towers with Radar,0,0,20,0,20,0,2,127,4,133,0,2,147,4,153,222,0,222,375
07/05/2023,CNO,CA,AWP,WE,Towers with Radar,0,5,33,1,39,0,0,127,5,132,0,5,160,6,171,375,0,375,546
07/06/2023,CNO,CA,AWP,WE,Towers with Radar,0,2,30,2,34,0,4,147,5,156,0,6,177,7,190,604,11,615,805
07/07/2023,CNO,CA,AWP,WE,Towers with Radar,0,2,29,0,31,0,6,181,1,188,0,8,210,1,219,409,0,409,628
07/08/2023,CNO,CA,AWP,WE,Towers with Radar,0,0,28,0,28,0,2,163,4,169,0,2,191,4,197,427,0,427,624
07/09/2023,CNO,CA,AWP,WE,Towers with Radar,0,1,35,0,36,0,2,147,0,149,0,3,182,0,185,401,0,401,586
07/10/2023,CNO,CA,AWP,WE,Towers with Radar,0,9,34,0,43,0,7,164,4,175,0,16,198,4,218,538,0,538,756
07/11/2023,CNO,CA,AWP,WE,Towers with Radar,0,6,25,1,32,0,3,200,6,209,0,9,225,7,241,516,1,517,758
07/12/2023,CNO,CA,AWP,WE,Towers with Radar,0,0,29,1,30,0,9,161,10,180,0,9,190,11,210,684,28,712,922
07/13/2023,CNO,CA,AWP,WE,Towers with Radar,0,3,33,3,39,0,2,168,5,175,0,5,201,8,214,620,0,620,834
07/14/2023,CNO,CA,AWP,WE,Towers with Radar,1,4,16,1,22,0,6,170,9,185,1,10,186,10,207,585,17,602,809
07/15/2023,CNO,CA,AWP,WE,Towers with Radar,0,0,29,0,29,0,4,188,5,197,0,4,217,5,226,503,9,512,738
07/16/2023,CNO,CA,AWP,WE,Towers with Radar,0,4,17,0,21,0,2,134,0,136,0,6,151,0,157,309,0,309,466
07/17/2023,CNO,CA,AWP,WE,Towers with Radar,0,3,35,1,39,0,3,199,1,203,0,6,234,2,242,597,0,597,839
07/18/2023,CNO,CA,AWP,WE,Towers with Radar,0,1,47,2,50,0,3,163,7,173,0,4,210,9,223,401,0,401,624
07/19/2023,CNO,CA,AWP,WE,Towers with Radar,0,3,30,1,34,0,6,162,4,172,0,9,192,5,206,635,0,635,841
07/20/2023,CNO,CA,AWP,WE,Towers with Radar,0,5,22,1,28,0,4,154,6,164,0,9,176,7,192,598,1,599,791
07/21/2023,CNO,CA,AWP,WE,Towers with Radar,0,1,24,3,28,0,2,167,3,172,0,3,191,6,200,504,0,504,704
07/22/2023,CNO,CA,AWP,WE,Towers with Radar,0,0,26,1,27,0,0,147,3,150,0,0,173,4,177,490,0,490,667
07/23/2023,CNO,CA,AWP,WE,Towers with Radar,0,0,18,0,18,0,0,93,0,93,0,0,111,0,111,256,0,256,367
07/24/2023,CNO,CA,AWP,WE,Towers with Radar,0,0,33,0,33,0,0,114,8,122,0,0,147,8,155,339,30,369,524
07/25/2023,CNO,CA,AWP,WE,Towers with Radar,0,0,24,1,25,0,7,120,2,129,0,7,144,3,154,372,0,372,526
07/26/2023,CNO,CA,AWP,WE,Towers with Radar,0,2,25,0,27,0,3,152,5,160,0,5,177,5,187,405,0,405,592
07/27/2023,CNO,CA,AWP,WE,Towers with Radar,0,1,27,2,30,0,5,168,6,179,0,6,195,8,209,590,6,596,805
07/28/2023,CNO,CA,AWP,WE,Towers with Radar,0,1,27,0,28,0,5,229,6,240,0,6,256,6,268,525,0,525,793
07/29/2023,CNO,CA,AWP,WE,Towers with Radar,0,0,34,0,34,0,0,174,5,179,0,0,208,5,213,475,0,475,688
07/30/2023,CNO,CA,AWP,WE,Towers with Radar,0,2,20,0,22,0,0,125,4,129,0,2,145,4,151,347,0,347,498
07/31/2023,CNO,CA,AWP,WE,Towers with Radar,0,0,26,1,27,0,0,48,1,49,0,0,74,2,76,216,0,216,292
08/01/2023,CNO,CA,AWP,WE,Towers with Radar,0,3,33,2,38,0,1,156,7,164,0,4,189,9,202,412,18,430,632
08/02/2023,CNO,CA,AWP,WE,Towers with Radar,0,4,28,1,33,0,3,176,9,188,0,7,204,10,221,505,37,542,763
08/03/2023,CNO,CA,AWP,WE,Towers with Radar,0,11,37,2,50,0,9,188,5,202,0,20,225,7,252,648,0,648,900
08/04/2023,CNO,CA,AWP,WE,Towers with Radar,0,0,20,1,21,0,8,173,6,187,0,8,193,7,208,602,0,602,810
08/05/2023,CNO,CA,AWP,WE,Towers with Radar,0,0,26,0,26,0,2,198,2,202,0,2,224,2,228,418,0,418,646
08/06/2023,CNO,CA,AWP,WE,Towers with Radar,0,0,40,0,40,0,1,157,2,160,0,1,197,2,200,413,0,413,613
08/07/2023,CNO,CA,AWP,WE,Towers with Radar,0,3,30,3,36,0,4,133,7,144,0,7,163,10,180,328,11,339,519
08/08/2023,CNO,CA,AWP,WE,Towers with Radar,2,3,29,2,36,0,5,125,2,132,2,8,154,4,168,345,0,345,513
08/09/2023,CNO,CA,AWP,WE,Towers with Radar,0,4,14,0,18,0,4,118,5,127,0,8,132,5,145,390,0,390,535
08/10/2023,CNO,CA,AWP,WE,Towers with Radar,0,2,39,0,41,0,0,73,0,73,0,2,112,0,114,349,0,349,463
08/11/2023,CNO,CA,AWP,WE,Towers with Radar,0,4,26,4,34,0,0,137,3,140,0,4,163,7,174,452,0,452,626
08/12/2023,CNO,CA,AWP,WE,Towers with Radar,0,0,21,1,22,0,1,221,6,228,0,1,242,7,250,367,0,367,617
08/13/2023,CNO,CA,AWP,WE,Towers with Radar,0,2,31,0,33,0,4,149,2,155,0,6,180,2,188,337,0,337,525
08/14/2023,CNO,CA,AWP,WE,Towers with Radar,0,4,28,3,35,0,3,158,3,164,0,7,186,6,199,444,0,444,643
08/15/2023,CNO,CA,AWP,WE,Towers with Radar,0,2,40,0,42,0,1,170,0,171,0,3,210,0,213,503,0,503,716
08/16/2023,CNO,CA,AWP,WE,Towers with Radar,0,8,32,1,41,0,5,146,1,152,0,13,178,2,193,405,0,405,598
08/17/2023,CNO,CA,AWP,WE,Towers with Radar,0,3,42,0,45,0,5,223,0,228,0,8,265,0,273,557,0,557,830
08/18/2023,CNO,CA,AWP,WE,Towers with Radar,0,0,30,0,30,0,4,181,0,185,0,4,211,0,215,471,0,471,686
08/19/2023,CNO,CA,AWP,WE,Towers with Radar,0,1,27,1,29,0,0,159,6,165,0,1,186,7,194,468,8,476,670
08/20/2023,CNO,CA,AWP,WE,Towers with Radar,0,0,4,0,4,0,0,0,0,0,0,0,4,0,4,17,0,17,21
08/21/2023,CNO,CA,AWP,WE,Towers with Radar,0,0,13,2,15,0,1,52,6,59,0,1,65,8,74,112,16,128,202
08/22/2023,CNO,CA,AWP,WE,Towers with Radar,0,0,44,3,47,0,0,176,4,180,0,0,220,7,227,426,0,426,653
08/23/2023,CNO,CA,AWP,WE,Towers with Radar,0,1,43,0,44,0,4,176,0,180,0,5,219,0,224,421,0,421,645
08/24/2023,CNO,CA,AWP,WE,Towers with Radar,0,0,34,0,34,0,1,169,12,182,0,1,203,12,216,545,0,545,761
08/25/2023,CNO,CA,AWP,WE,Towers with Radar,0,0,38,1,39,0,4,207,3,214,0,4,245,4,253,407,1,408,661
08/26/2023,CNO,CA,AWP,WE,Towers with Radar,0,2,25,0,27,0,0,213,0,213,0,2,238,0,240,583,0,583,823
08/27/2023,CNO,CA,AWP,WE,Towers with Radar,0,1,29,0,30,0,1,153,2,156,0,2,182,2,186,387,0,387,573
08/28/2023,CNO,CA,AWP,WE,Towers with Radar,0,0,36,1,37,0,1,138,0,139,0,1,174,1,176,470,0,470,646
08/29/2023,CNO,CA,AWP,WE,Towers with Radar,0,0,28,1,29,0,7,159,3,169,0,7,187,4,198,504,10,514,712
08/30/2023,CNO,CA,AWP,WE,Towers with Radar,0,3,38,1,42,0,3,138,4,145,0,6,176,5,187,345,0,345,532
08/31/2023,CNO,CA,AWP,WE,Towers with Radar,0,6,45,2,53,0,6,179,3,188,0,12,224,5,241,688,0,688,929
01/01/2020,CNO,CA,AWP,WE,Towers with Radar,0,0,30,0,30,0,0,122,0,122,0,0,152,0,152,296,0,296,448
01/02/2020,CNO,CA,AWP,WE,Towers with Radar,0,1,40,0,41,0,0,143,0,143,0,1,183,0,184,365,0,365,549
01/03/2020,CNO,CA,AWP,WE,Towers with Radar,0,0,41,0,41,0,0,199,0,199,0,0,240,0,240,442,0,442,682
01/04/2020,CNO,CA,AWP,WE,Towers with Radar,0,3,57,1,61,0,2,256,0,258,0,5,313,1,319,398,0,398,717
01/05/2020,CNO,CA,AWP,WE,Towers with Radar,0,0,36,0,36,0,0,182,0,182,0,0,218,0,218,508,0,508,726
01/06/2020,CNO,CA,AWP,WE,Towers with Radar,0,1,16,0,17,0,0,107,1,108,0,1,123,1,125,397,0,397,522
01/07/2020,CNO,CA,AWP,WE,Towers with Radar,0,0,54,1,55,0,0,186,3,189,0,0,240,4,244,406,4,410,654
01/08/2020,CNO,CA,AWP,WE,Towers with Radar,0,0,59,0,59,0,7,197,4,208,0,7,256,4,267,620,0,620,887
01/09/2020,CNO,CA,AWP,WE,Towers with Radar,0,0,56,0,56,0,0,158,1,159,0,0,214,1,215,530,0,530,745
01/10/2020,CNO,CA,AWP,WE,Towers with Radar,0,1,45,0,46,0,2,278,0,280,0,3,323,0,326,532,0,532,858
01/11/2020,CNO,CA,AWP,WE,Towers with Radar,0,0,66,0,66,0,0,308,1,309,0,0,374,1,375,484,0,484,859
01/12/2020,CNO,CA,AWP,WE,Towers with Radar,0,0,47,0,47,0,0,199,0,199,0,0,246,0,246,410,0,410,656
01/13/2020,CNO,CA,AWP,WE,Towers with Radar,0,0,59,0,59,0,0,245,0,245,0,0,304,0,304,751,0,751,1055
01/14/2020,CNO,CA,AWP,WE,Towers with Radar,0,0,75,1,76,0,0,201,0,201,0,0,276,1,277,572,0,572,849
01/15/2020,CNO,CA,AWP,WE,Towers with Radar,0,4,71,7,82,0,2,129,1,132,0,6,200,8,214,325,0,325,539
01/16/2020,CNO,CA,AWP,WE,Towers with Radar,0,0,44,5,49,0,0,73,2,75,0,0,117,7,124,397,0,397,521
01/17/2020,CNO,CA,AWP,WE,Towers with Radar,0,0,71,0,71,0,4,237,0,241,0,4,308,0,312,586,0,586,898
01/18/2020,CNO,CA,AWP,WE,Towers with Radar,0,0,41,0,41,0,1,339,0,340,0,1,380,0,381,478,0,478,859
01/19/2020,CNO,CA,AWP,WE,Towers with Radar,0,0,19,0,19,0,2,183,0,185,0,2,202,0,204,344,0,344,548
01/20/2020,CNO,CA,AWP,WE,Towers with Radar,0,2,76,0,78,0,0,224,0,224,0,2,300,0,302,512,0,512,814
01/21/2020,CNO,CA,AWP,WE,Towers with Radar,0,0,42,1,43,0,0,135,3,138,0,0,177,4,181,624,0,624,805
01/22/2020,CNO,CA,AWP,WE,Towers with Radar,0,5,67,2,74,0,0,149,0,149,0,5,216,2,223,390,0,390,613
01/23/2020,CNO,CA,AWP,WE,Towers with Radar,0,2,68,0,70,0,0,228,5,233,0,2,296,5,303,552,0,552,855
01/24/2020,CNO,CA,AWP,WE,Towers with Radar,0,0,64,1,65,0,0,281,2,283,0,0,345,3,348,561,0,561,909
01/25/2020,CNO,CA,AWP,WE,Towers with Radar,0,1,55,0,56,0,0,246,0,246,0,1,301,0,302,427,0,427,729
01/26/2020,CNO,CA,AWP,WE,Towers with Radar,0,2,48,0,50,0,0,22,0,22,0,2,70,0,72,15,0,15,87
01/27/2020,CNO,CA,AWP,WE,Towers with Radar,0,0,68,0,68,0,0,134,0,134,0,0,202,0,202,451,0,451,653
01/28/2020,CNO,CA,AWP,WE,Towers with Radar,0,0,59,0,59,0,0,216,0,216,0,0,275,0,275,412,0,412,687
01/29/2020,CNO,CA,AWP,WE,Towers with Radar,0,3,17,0,20,0,1,32,0,33,0,4,49,0,53,141,0,141,194
01/30/2020,CNO,CA,AWP,WE,Towers with Radar,0,3,59,0,62,0,0,238,2,240,0,3,297,2,302,500,2,502,804
01/31/2020,CNO,CA,AWP,WE,Towers with Radar,1,0,53,0,54,0,0,299,0,299,1,0,352,0,353,532,0,532,885
02/01/2020,CNO,CA,AWP,WE,Towers with Radar,0,1,49,0,50,0,3,333,0,336,0,4,382,0,386,640,0,640,1026
02/02/2020,CNO,CA,AWP,WE,Towers with Radar,0,0,40,0,40,0,0,186,0,186,0,0,226,0,226,327,0,327,553
02/03/2020,CNO,CA,AWP,WE,Towers with Radar,0,3,8,0,11,0,0,54,0,54,0,3,62,0,65,127,0,127,192
02/04/2020,CNO,CA,AWP,WE,Towers with Radar,0,0,8,0,8,0,0,28,0,28,0,0,36,0,36,115,0,115,151
02/05/2020,CNO,CA,AWP,WE,Towers with Radar,0,3,74,2,79,0,0,251,1,252,0,3,325,3,331,608,0,608,939
02/06/2020,CNO,CA,AWP,WE,Towers with Radar,0,1,53,0,54,0,1,238,1,240,0,2,291,1,294,333,0,333,627
02/07/2020,CNO,CA,AWP,WE,Towers with Radar,0,1,53,0,54,0,4,279,1,284,0,5,332,1,338,539,0,539,877
02/08/2020,CNO,CA,AWP,WE,Towers with Radar,0,0,53,0,53,0,0,245,0,245,0,0,298,0,298,497,0,497,795
02/09/2020,CNO,CA,AWP,WE,Towers with Radar,0,2,18,0,20,0,0,21,0,21,0,2,39,0,41,145,0,145,186
02/10/2020,CNO,CA,AWP,WE,Towers with Radar,0,0,7,0,7,0,0,15,0,15,0,0,22,0,22,3,0,3,25
02/11/2020,CNO,CA,AWP,WE,Towers with Radar,0,1,19,0,20,0,1,61,3,65,0,2,80,3,85,201,0,201,286
02/12/2020,CNO,CA,AWP,WE,Towers with Radar,0,0,57,1,58,0,0,261,2,263,0,0,318,3,321,473,13,486,807
02/13/2020,CNO,CA,AWP,WE,Towers with Radar,0,2,67,2,71,0,0,270,1,271,0,2,337,3,342,531,6,537,879
02/14/2020,CNO,CA,AWP,WE,Towers with Radar,0,2,55,0,57,0,0,244,2,246,0,2,299,2,303,563,0,563,866
02/15/2020,CNO,CA,AWP,WE,Towers with Radar,0,0,50,0,50,0,0,217,0,217,0,0,267,0,267,534,0,534,801
02/16/2020,CNO,CA,AWP,WE,Towers with Radar,0,0,47,0,47,0,1,215,0,216,0,1,262,0,263,328,0,328,591
02/17/2020,CNO,CA,AWP,WE,Towers with Radar,2,2,69,0,73,0,0,224,0,224,2,2,293,0,297,535,0,535,832
02/18/2020,CNO,CA,AWP,WE,Towers with Radar,0,1,42,0,43,0,2,182,4,188,0,3,224,4,231,524,14,538,769
02/19/2020,CNO,CA,AWP,WE,Towers with Radar,0,1,67,0,68,0,1,140,2,143,0,2,207,2,211,426,10,436,647
02/20/2020,CNO,CA,AWP,WE,Towers with Radar,0,0,78,3,81,0,6,300,2,308,0,6,378,5,389,764,8,772,1161
02/21/2020,CNO,CA,AWP,WE,Towers with Radar,0,1,61,1,63,0,3,268,3,274,0,4,329,4,337,426,0,426,763
02/22/2020,CNO,CA,AWP,WE,Towers with Radar,0,0,11,0,11,0,2,50,0,52,0,2,61,0,63,630,0,630,693
02/23/2020,CNO,CA,AWP,WE,Towers with Radar,0,0,50,0,50,0,0,173,0,173,0,0,223,0,223,634,0,634,857
02/24/2020,CNO,CA,AWP,WE,Towers with Radar,0,2,29,0,31,0,0,179,2,181,0,2,208,2,212,501,0,501,713
02/25/2020,CNO,CA,AWP,WE,Towers with Radar,0,0,15,1,16,0,0,51,3,54,0,0,66,4,70,89,10,99,169
02/26/2020,CNO,CA,AWP,WE,Towers with Radar,0,2,31,0,33,0,0,188,5,193,0,2,219,5,226,539,22,561,787
02/27/2020,CNO,CA,AWP,WE,Towers with Radar,0,0,19,0,19,0,1,226,2,229,0,1,245,2,248,589,0,589,837
02/28/2020,CNO,CA,AWP,WE,Towers with Radar,0,2,79,0,81,0,0,261,0,261,0,2,340,0,342,443,0,443,785
02/29/2020,CNO,CA,AWP,WE,Towers with Radar,0,1,68,1,70,0,0,246,0,246,0,1,314,1,316,714,0,714,1030
03/01/2020,CNO,CA,AWP,WE,Towers with Radar,0,0,14,0,14,0,0,35,0,35,0,0,49,0,49,280,0,280,329
03/02/2020,CNO,CA,AWP,WE,Towers with Radar,0,0,16,0,16,0,0,65,0,65,0,0,81,0,81,196,0,196,277
03/03/2020,CNO,CA,AWP,WE,Towers with Radar,0,0,37,0,37,0,0,167,3,170,0,0,204,3,207,518,0,518,725
03/04/2020,CNO,CA,AWP,WE,Towers with Radar,0,6,61,2,69,0,0,249,0,249,0,6,310,2,318,655,0,655,973
03/05/2020,CNO,CA,AWP,WE,Towers with Radar,0,1,74,0,75,0,1,226,6,233,0,2,300,6,308,487,0,487,795
03/06/2020,CNO,CA,AWP,WE,Towers with Radar,0,2,68,0,70,0,1,216,0,217,0,3,284,0,287,512,0,512,799
03/07/2020,CNO,CA,AWP,WE,Towers with Radar,0,2,54,0,56,0,0,121,0,121,0,2,175,0,177,537,0,537,714
03/08/2020,CNO,CA,AWP,WE,Towers with Radar,0,0,49,0,49,0,0,136,0,136,0,0,185,0,185,469,0,469,654
03/09/2020,CNO,CA,AWP,WE,Towers with Radar,0,0,53,0,53,0,0,192,3,195,0,0,245,3,248,556,14,570,818
03/10/2020,CNO,CA,AWP,WE,Towers with Radar,0,1,25,0,26,0,0,5,0,5,0,1,30,0,31,62,0,62,93
03/11/2020,CNO,CA,AWP,WE,Towers with Radar,0,0,51,0,51,0,0,98,4,102,0,0,149,4,153,641,3,644,797
03/12/2020,CNO,CA,AWP,WE,Towers with Radar,2,0,15,0,17,0,0,17,0,17,2,0,32,0,34,98,0,98,132
03/13/2020,CNO,CA,AWP,WE,Towers with Radar,0,2,26,0,28,0,0,0,0,0,0,2,26,0,28,134,0,134,162
03/14/2020,CNO,CA,AWP,WE,Towers with Radar,0,1,23,0,24,0,0,65,0,65,0,1,88,0,89,380,0,380,469
03/15/2020,CNO,CA,AWP,WE,Towers with Radar,0,1,50,0,51,0,0,94,0,94,0,1,144,0,145,231,0,231,376
03/16/2020,CNO,CA,AWP,WE,Towers with Radar,0,0,18,0,18,0,0,46,0,46,0,0,64,0,64,302,0,302,366
03/17/2020,CNO,CA,AWP,WE,Towers with Radar,0,3,52,0,55,0,0,126,0,126,0,3,178,0,181,423,0,423,604
03/18/2020,CNO,CA,AWP,WE,Towers with Radar,0,2,18,0,20,0,0,118,2,120,0,2,136,2,140,466,9,475,615
03/19/2020,CNO,CA,AWP,WE,Towers with Radar,0,0,24,0,24,0,0,37,1,38,0,0,61,1,62,224,0,224,286
03/20/2020,CNO,CA,AWP,WE,Towers with Radar,0,2,17,0,19,0,0,71,1,72,0,2,88,1,91,175,7,182,273
03/21/2020,CNO,CA,AWP,WE,Towers with Radar,0,2,16,0,18,0,0,116,0,116,0,2,132,0,134,297,0,297,431
03/22/2020,CNO,CA,AWP,WE,Towers with Radar,0,0,14,0,14,0,0,72,0,72,0,0,86,0,86,121,0,121,207
03/23/2020,CNO,CA,AWP,WE,Towers with Radar,0,0,17,0,17,0,0,39,0,39,0,0,56,0,56,191,0,191,247
03/24/2020,CNO,CA,AWP,WE,Towers with Radar,0,3,11,2,16,0,0,37,1,38,0,3,48,3,54,211,12,223,277
03/25/2020,CNO,CA,AWP,WE,Towers with Radar,0,0,25,0,25,0,0,58,0,58,0,0,83,0,83,139,0,139,222
03/26/2020,CNO,CA,AWP,WE,Towers with Radar,4,0,22,1,27,0,0,74,1,75,4,0,96,2,102,104,0,104,206
03/27/2020,CNO,CA,AWP,WE,Towers with Radar,0,0,18,0,18,0,0,92,3,95,0,0,110,3,113,110,13,123,236
03/28/2020,CNO,CA,AWP,WE,Towers with Radar,0,0,35,0,35,0,0,139,5,144,0,0,174,5,179,227,14,241,420
03/29/2020,CNO,CA,AWP,WE,Towers with Radar,0,1,11,0,12,0,0,74,0,74,0,1,85,0,86,138,0,138,224
03/30/2020,CNO,CA,AWP,WE,Towers with Radar,1,0,14,0,15,0,0,100,0,100,1,0,114,0,115,198,0,198,313
03/31/2020,CNO,CA,AWP,WE,Towers with Radar,0,3,23,0,26,0,3,96,0,99,0,6,119,0,125,189,0,189,314
04/01/2020,CNO,CA,AWP,WE,Towers with Radar,0,0,17,0,17,0,0,84,2,86,0,0,101,2,103,194,2,196,299
04/02/2020,CNO,CA,AWP,WE,Towers with Radar,1,0,18,0,19,0,0,74,4,78,1,0,92,4,97,129,2,131,228
04/03/2020,CNO,CA,AWP,WE,Towers with Radar,0,0,19,6,25,0,0,85,2,87,0,0,104,8,112,96,7,103,215
04/04/2020,CNO,CA,AWP,WE,Towers with Radar,0,0,32,0,32,0,0,94,0,94,0,0,126,0,126,354,0,354,480
04/05/2020,CNO,CA,AWP,WE,Towers with Radar,0,0,8,0,8,0,1,33,0,34,0,1,41,0,42,117,0,117,159
04/06/2020,CNO,CA,AWP,WE,Towers with Radar,0,1,3,0,4,0,0,0,0,0,0,1,3,0,4,0,0,0,4
04/07/2020,CNO,CA,AWP,WE,Towers with Radar,0,0,11,0,11,0,0,10,0,10,0,0,21,0,21,30,0,30,51
04/08/2020,CNO,CA,AWP,WE,Towers with Radar,0,0,11,0,11,0,0,25,3,28,0,0,36,3,39,71,15,86,125
04/09/2020,CNO,CA,AWP,WE,Towers with Radar,0,0,2,0,2,0,0,2,0,2,0,0,4,0,4,6,0,6,10
04/10/2020,CNO,CA,AWP,WE,Towers with Radar,0,2,11,1,14,0,0,23,2,25,0,2,34,3,39,93,11,104,143
04/11/2020,CNO,CA,AWP,WE,Towers with Radar,0,0,33,0,33,0,0,134,0,134,0,0,167,0,167,300,0,300,467
04/12/2020,CNO,CA,AWP,WE,Towers with Radar,0,0,9,0,9,0,0,2,0,2,0,0,11,0,11,29,0,29,40
04/13/2020,CNO,CA,AWP,WE,Towers with Radar,0,0,14,0,14,0,0,37,5,42,0,0,51,5,56,97,18,115,171
04/14/2020,CNO,CA,AWP,WE,Towers with Radar,0,0,24,1,25,0,1,106,6,113,0,1,130,7,138,158,4,162,300
04/15/2020,CNO,CA,AWP,WE,Towers with Radar,0,0,30,0,30,0,0,133,4,137,0,0,163,4,167,205,0,205,372
04/16/2020,CNO,CA,AWP,WE,Towers with Radar,0,2,38,0,40,0,0,127,0,127,0,2,165,0,167,255,0,255,422
04/17/2020,CNO,CA,AWP,WE,Towers with Radar,0,1,37,0,38,0,0,84,0,84,0,1,121,0,122,147,0,147,269
04/18/2020,CNO,CA,AWP,WE,Towers with Radar,0,0,24,0,24,0,0,57,0,57,0,0,81,0,81,277,0,277,358
04/19/2020,CNO,CA,AWP,WE,Towers with Radar,0,2,20,0,22,0,0,62,0,62,0,2,82,0,84,240,0,240,324
04/20/2020,CNO,CA,AWP,WE,Towers with Radar,0,0,23,0,23,0,0,47,2,49,0,0,70,2,72,266,3,269,341
04/21/2020,CNO,CA,AWP,WE,Towers with Radar,0,0,21,1,22,0,0,80,9,89,0,0,101,10,111,319,2,321,432
04/22/2020,CNO,CA,AWP,WE,Towers with Radar,0,0,23,0,23,0,0,142,6,148,0,0,165,6,171,263,9,272,443
04/23/2020,CNO,CA,AWP,WE,Towers with Radar,0,1,25,0,26,0,1,106,0,107,0,2,131,0,133,246,0,246,379
04/24/2020,CNO,CA,AWP,WE,Towers with Radar,0,0,26,0,26,0,0,123,0,123,0,0,149,0,149,153,0,153,302
04/25/2020,CNO,CA,AWP,WE,Towers with Radar,0,1,19,0,20,0,1,142,0,143,0,2,161,0,163,199,0,199,362
04/26/2020,CNO,CA,AWP,WE,Towers with Radar,0,0,21,0,21,0,0,97,1,98,0,0,118,1,119,195,0,195,314
04/27/2020,CNO,CA,AWP,WE,Towers with Radar,0,1,28,0,29,0,1,105,5,111,0,2,133,5,140,172,8,180,320
04/28/2020,CNO,CA,AWP,WE,Towers with Radar,0,0,18,1,19,0,0,115,6,121,0,0,133,7,140,403,43,446,586
04/29/2020,CNO,CA,AWP,WE,Towers with Radar,0,0,24,4,28,0,0,75,2,77,0,0,99,6,105,225,8,233,338
04/30/2020,CNO,CA,AWP,WE,Towers with Radar,0,1,32,0,33,0,1,114,0,115,0,2,146,0,148,204,0,204,352
05/01/2020,CNO,CA,AWP,WE,Towers with Radar,0,1,41,2,44,0,1,90,0,91,0,2,131,2,135,207,0,207,342
05/02/2020,CNO,CA,AWP,WE,Towers with Radar,0,1,32,0,33,0,2,171,2,175,0,3,203,2,208,246,9,255,463
05/03/2020,CNO,CA,AWP,WE,Towers with Radar,0,0,17,0,17,0,1,132,0,133,0,1,149,0,150,250,0,250,400
05/04/2020,CNO,CA,AWP,WE,Towers with Radar,0,1,24,0,25,0,2,103,0,105,0,3,127,0,130,235,0,235,365
05/05/2020,CNO,CA,AWP,WE,Towers with Radar,0,1,38,2,41,0,1,121,3,125,0,2,159,5,166,232,11,243,409
05/06/2020,CNO,CA,AWP,WE,Towers with Radar,0,0,23,3,26,0,1,107,6,114,0,1,130,9,140,209,7,216,356
05/07/2020,CNO,CA,AWP,WE,Towers with Radar,0,1,40,0,41,0,2,141,1,144,0,3,181,1,185,290,0,290,475
05/08/2020,CNO,CA,AWP,WE,Towers with Radar,0,4,26,2,32,0,2,126,3,131,0,6,152,5,163,253,0,253,416
05/09/2020,CNO,CA,AWP,WE,Towers with Radar,0,3,45,0,48,0,2,170,0,172,0,5,215,0,220,212,0,212,432
05/10/2020,CNO,CA,AWP,WE,Towers with Radar,0,5,21,0,26,0,0,59,0,59,0,5,80,0,85,115,0,115,200
05/11/2020,CNO,CA,AWP,WE,Towers with Radar,0,3,42,0,45,0,1,91,2,94,0,4,133,2,139,181,13,194,333
05/12/2020,CNO,CA,AWP,WE,Towers with Radar,0,0,37,1,38,0,0,79,0,79,0,0,116,1,117,331,0,331,448
05/13/2020,CNO,CA,AWP,WE,Towers with Radar,0,2,31,1,34,0,2,108,0,110,0,4,139,1,144,213,0,213,357
05/14/2020,CNO,CA,AWP,WE,Towers with Radar,1,1,38,1,41,0,1,161,0,162,1,2,199,1,203,377,1,378,581
05/15/2020,CNO,CA,AWP,WE,Towers with Radar,1,0,44,0,45,0,0,150,0,150,1,0,194,0,195,260,0,260,455
05/16/2020,CNO,CA,AWP,WE,Towers with Radar,1,0,35,0,36,0,0,201,0,201,1,0,236,0,237,314,0,314,551
05/17/2020,CNO,CA,AWP,WE,Towers with Radar,0,0,45,0,45,0,0,148,0,148,0,0,193,0,193,208,0,208,401
05/18/2020,CNO,CA,AWP,WE,Towers with Radar,1,0,48,0,49,0,0,31,0,31,1,0,79,0,80,62,0,62,142
05/19/2020,CNO,CA,AWP,WE,Towers with Radar,0,1,47,0,48,0,1,134,0,135,0,2,181,0,183,202,0,202,385
05/20/2020,CNO,CA,AWP,WE,Towers with Radar,0,0,44,0,44,0,0,151,0,151,0,0,195,0,195,305,0,305,500
05/21/2020,CNO,CA,AWP,WE,Towers with Radar,1,0,45,0,46,0,2,161,0,163,1,2,206,0,209,225,0,225,434
05/22/2020,CNO,CA,AWP,WE,Towers with Radar,0,0,25,0,25,0,0,143,0,143,0,0,168,0,168,368,0,368,536
05/23/2020,CNO,CA,AWP,WE,Towers with Radar,0,0,26,0,26,0,0,130,1,131,0,0,156,1,157,321,0,321,478
05/24/2020,CNO,CA,AWP,WE,Towers with Radar,0,0,30,0,30,0,0,135,0,135,0,0,165,0,165,253,0,253,418
05/25/2020,CNO,CA,AWP,WE,Towers with Radar,1,5,49,0,55,0,3,182,1,186,1,8,231,1,241,274,0,274,515
05/26/2020,CNO,CA,AWP,WE,Towers with Radar,0,1,37,2,40,0,1,142,2,145,0,2,179,4,185,418,0,418,603
05/27/2020,CNO,CA,AWP,WE,Towers with Radar,0,1,50,0,51,0,1,176,2,179,0,2,226,2,230,336,24,360,590
05/28/2020,CNO,CA,AWP,WE,Towers with Radar,2,2,50,0,54,0,0,168,1,169,2,2,218,1,223,418,0,418,641
05/29/2020,CNO,CA,AWP,WE,Towers with Radar,0,2,41,0,43,0,0,119,2,121,0,2,160,2,164,265,10,275,439
05/30/2020,CNO,CA,AWP,WE,Towers with Radar,0,2,25,0,27,0,4,130,0,134,0,6,155,0,161,271,0,271,432
05/31/2020,CNO,CA,AWP,WE,Towers with Radar,0,0,27,0,27,0,0,139,0,139,0,0,166,0,166,308,0,308,474
06/01/2020,CNO,CA,AWP,WE,Towers with Radar,1,0,24,0,25,0,0,124,1,125,1,0,148,1,150,222,0,222,372
06/02/2020,CNO,CA,AWP,WE,Towers with Radar,0,3,41,1,45,0,0,180,0,180,0,3,221,1,225,416,1,417,642
06/03/2020,CNO,CA,AWP,WE,Towers with Radar,0,3,29,0,32,0,1,134,0,135,0,4,163,0,167,523,0,523,690
06/04/2020,CNO,CA,AWP,WE,Towers with Radar,1,2,32,0,35,0,0,129,1,130,1,2,161,1,165,464,0,464,629
06/05/2020,CNO,CA,AWP,WE,Towers with Radar,0,1,33,0,34,0,0,32,1,33,0,1,65,1,67,273,0,273,340
06/06/2020,CNO,CA,AWP,WE,Towers with Radar,0,0,39,1,40,0,0,64,0,64,0,0,103,1,104,277,0,277,381
06/07/2020,CNO,CA,AWP,WE,Towers with Radar,0,0,23,0,23,0,0,125,0,125,0,0,148,0,148,311,0,311,459
06/08/2020,CNO,CA,AWP,WE,Towers with Radar,0,0,14,0,14,0,0,42,0,42,0,0,56,0,56,72,0,72,128
06/09/2020,CNO,CA,AWP,WE,Towers with Radar,0,0,32,0,32,0,0,151,0,151,0,0,183,0,183,216,0,216,399
06/10/2020,CNO,CA,AWP,WE,Towers with Radar,0,2,36,0,38,0,0,183,2,185,0,2,219,2,223,380,0,380,603
06/11/2020,CNO,CA,AWP,WE,Towers with Radar,1,1,51,0,53,0,0,176,0,176,1,1,227,0,229,322,0,322,551
06/12/2020,CNO,CA,AWP,WE,Towers with Radar,0,2,47,0,49,0,2,172,0,174,0,4,219,0,223,267,0,267,490
06/13/2020,CNO,CA,AWP,WE,Towers with Radar,0,0,42,0,42,0,0,173,2,175,0,0,215,2,217,240,0,240,457
06/14/2020,CNO,CA,AWP,WE,Towers with Radar,0,0,26,0,26,0,1,143,1,145,0,1,169,1,171,127,0,127,298
06/15/2020,CNO,CA,AWP,WE,Towers with Radar,0,2,26,1,29,0,0,131,1,132,0,2,157,2,161,281,0,281,442
06/16/2020,CNO,CA,AWP,WE,Towers with Radar,0,0,48,0,48,0,0,96,3,99,0,0,144,3,147,412,10,422,569
06/17/2020,CNO,CA,AWP,WE,Towers with Radar,0,0,31,1,32,0,1,94,2,97,0,1,125,3,129,480,0,480,609
06/18/2020,CNO,CA,AWP,WE,Towers with Radar,1,0,53,0,54,0,0,110,0,110,1,0,163,0,164,228,0,228,392
06/19/2020,CNO,CA,AWP,WE,Towers with Radar,0,0,29,0,29,0,0,115,0,115,0,0,144,0,144,473,0,473,617
06/20/2020,CNO,CA,AWP,WE,Towers with Radar,0,2,41,1,44,0,0,106,0,106,0,2,147,1,150,350,0,350,500
06/21/2020,CNO,CA,AWP,WE,Towers with Radar,0,2,39,0,41,0,0,89,0,89,0,2,128,0,130,194,0,194,324
06/22/2020,CNO,CA,AWP,WE,Towers with Radar,1,2,36,1,40,0,0,135,0,135,1,2,171,1,175,264,0,264,439
06/23/2020,CNO,CA,AWP,WE,Towers with Radar,0,0,63,2,65,0,0,128,1,129,0,0,191,3,194,239,0,239,433
06/24/2020,CNO,CA,AWP,WE,Towers with Radar,0,0,49,2,51,0,0,127,0,127,0,0,176,2,178,265,0,265,443
06/25/2020,CNO,CA,AWP,WE,Towers with Radar,0,0,47,2,49,0,0,112,0,112,0,0,159,2,161,308,0,308,469
06/26/2020,CNO,CA,AWP,WE,Towers with Radar,0,0,46,0,46,0,0,158,0,158,0,0,204,0,204,275,0,275,479
06/27/2020,CNO,CA,AWP,WE,Towers with Radar,0,0,31,0,31,0,0,177,0,177,0,0,208,0,208,229,0,229,437
06/28/2020,CNO,CA,AWP,WE,Towers with Radar,0,0,31,0,31,0,1,76,0,77,0,1,107,0,108,212,0,212,320
06/29/2020,CNO,CA,AWP,WE,Towers with Radar,0,0,34,0,34,0,0,117,0,117,0,0,151,0,151,308,0,308,459
06/30/2020,CNO,CA,AWP,WE,Towers with Radar,0,1,34,0,35,0,0,127,0,127,0,1,161,0,162,348,0,348,510
07/01/2020,CNO,CA,AWP,WE,Towers with Radar,0,2,39,0,41,0,0,89,0,89,0,2,128,0,130,366,0,366,496
07/02/2020,CNO,CA,AWP,WE,Towers with Radar,1,3,37,2,43,0,1,126,0,127,1,4,163,2,170,329,0,329,499
07/03/2020,CNO,CA,AWP,WE,Towers with Radar,0,1,42,0,43,0,0,164,0,164,0,1,206,0,207,274,0,274,481
07/04/2020,CNO,CA,AWP,WE,Towers with Radar,0,0,17,0,17,0,0,107,0,107,0,0,124,0,124,198,0,198,322
07/05/2020,CNO,CA,AWP,WE,Towers with Radar,0,0,23,0,23,0,0,132,0,132,0,0,155,0,155,120,0,120,275
07/06/2020,CNO,CA,AWP,WE,Towers with Radar,0,2,29,0,31,0,0,153,1,154,0,2,182,1,185,296,0,296,481
07/07/2020,CNO,CA,AWP,WE,Towers with Radar,0,0,34,1,35,0,0,140,2,142,0,0,174,3,177,181,0,181,358
07/08/2020,CNO,CA,AWP,WE,Towers with Radar,0,3,29,0,32,0,0,147,0,147,0,3,176,0,179,408,0,408,587
07/09/2020,CNO,CA,AWP,WE,Towers with Radar,0,6,22,2,30,0,0,153,0,153,0,6,175,2,183,314,0,314,497
07/10/2020,CNO,CA,AWP,WE,Towers with Radar,0,0,35,0,35,0,0,163,0,163,0,0,198,0,198,426,0,426,624
07/11/2020,CNO,CA,AWP,WE,Towers with Radar,0,1,31,0,32,0,0,151,0,151,0,1,182,0,183,359,0,359,542
07/12/2020,CNO,CA,AWP,WE,Towers with Radar,0,0,26,0,26,0,1,116,0,117,0,1,142,0,143,225,0,225,368
07/13/2020,CNO,CA,AWP,WE,Towers with Radar,0,2,42,0,44,0,0,122,0,122,0,2,164,0,166,221,0,221,387
07/14/2020,CNO,CA,AWP,WE,Towers with Radar,0,2,34,1,37,0,0,100,0,100,0,2,134,1,137,422,0,422,559
07/15/2020,CNO,CA,AWP,WE,Towers with Radar,0,2,34,2,38,0,0,125,0,125,0,2,159,2,163,439,0,439,602
07/16/2020,CNO,CA,AWP,WE,Towers with Radar,0,1,40,0,41,0,0,153,1,154,0,1,193,1,195,315,0,315,510
07/17/2020,CNO,CA,AWP,WE,Towers with Radar,0,0,52,5,57,0,0,204,5,209,0,0,256,10,266,321,0,321,587
07/18/2020,CNO,CA,AWP,WE,Towers with Radar,0,1,44,3,48,0,2,169,0,171,0,3,213,3,219,307,0,307,526
07/19/2020,CNO,CA,AWP,WE,Towers with Radar,0,2,26,0,28,0,0,119,0,119,0,2,145,0,147,230,0,230,377
07/20/2020,CNO,CA,AWP,WE,Towers with Radar,1,3,22,0,26,0,1,111,0,112,1,4,133,0,138,367,0,367,505
07/21/2020,CNO,CA,AWP,WE,Towers with Radar,0,1,15,0,16,0,0,137,0,137,0,1,152,0,153,417,0,417,570
07/22/2020,CNO,CA,AWP,WE,Towers with Radar,1,3,30,4,38,0,0,139,5,144,1,3,169,9,182,398,0,398,580
07/23/2020,CNO,CA,AWP,WE,Towers with Radar,0,0,26,0,26,0,1,100,0,101,0,1,126,0,127,329,0,329,456
07/24/2020,CNO,CA,AWP,WE,Towers with Radar,0,0,28,0,28,0,0,136,0,136,0,0,164,0,164,321,0,321,485
07/25/2020,CNO,CA,AWP,WE,Towers with Radar,0,0,32,0,32,0,0,142,0,142,0,0,174,0,174,374,0,374,548
07/26/2020,CNO,CA,AWP,WE,Towers with Radar,0,0,26,0,26,0,1,129,0,130,0,1,155,0,156,272,0,272,428
07/27/2020,CNO,CA,AWP,WE,Towers with Radar,0,0,15,0,15,0,0,106,0,106,0,0,121,0,121,303,0,303,424
07/28/2020,CNO,CA,AWP,WE,Towers with Radar,0,0,12,0,12,0,1,141,1,143,0,1,153,1,155,318,0,318,473
07/29/2020,CNO,CA,AWP,WE,Towers with Radar,1,1,22,1,25,0,1,125,3,129,1,2,147,4,154,517,8,525,679
07/30/2020,CNO,CA,AWP,WE,Towers with Radar,0,0,25,0,25,0,0,139,2,141,0,0,164,2,166,330,0,330,496
07/31/2020,CNO,CA,AWP,WE,Towers with Radar,0,0,22,0,22,0,0,150,1,151,0,0,172,1,173,366,0,366,539
08/01/2020,CNO,CA,AWP,WE,Towers with Radar,0,0,22,0,22,0,0,145,0,145,0,0,167,0,167,257,0,257,424
08/02/2020,CNO,CA,AWP,WE,Towers with Radar,0,0,29,0,29,0,0,118,0,118,0,0,147,0,147,213,0,213,360
08/03/2020,CNO,CA,AWP,WE,Towers with Radar,0,2,26,0,28,0,0,101,0,101,0,2,127,0,129,304,0,304,433
08/04/2020,CNO,CA,AWP,WE,Towers with Radar,0,0,23,0,23,0,0,102,0,102,0,0,125,0,125,409,0,409,534
08/05/2020,CNO,CA,AWP,WE,Towers with Radar,0,2,24,0,26,0,0,111,0,111,0,2,135,0,137,319,0,319,456
08/06/2020,CNO,CA,AWP,WE,Towers with Radar,0,2,23,0,25,0,0,144,1,145,0,2,167,1,170,437,0,437,607
08/07/2020,CNO,CA,AWP,WE,Towers with Radar,0,0,22,0,22,0,0,165,0,165,0,0,187,0,187,402,0,402,589
08/08/2020,CNO,CA,AWP,WE,Towers with Radar,0,4,19,0,23,0,0,166,0,166,0,4,185,0,189,336,0,336,525
08/09/2020,CNO,CA,AWP,WE,Towers with Radar,0,0,19,0,19,0,0,109,0,109,0,0,128,0,128,169,0,169,297
08/10/2020,CNO,CA,AWP,WE,Towers with Radar,0,1,19,0,20,0,1,101,0,102,0,2,120,0,122,269,0,269,391
08/11/2020,CNO,CA,AWP,WE,Towers with Radar,0,3,29,0,32,0,0,111,0,111,0,3,140,0,143,356,0,356,499
08/12/2020,CNO,CA,AWP,WE,Towers with Radar,0,4,21,0,25,0,0,138,0,138,0,4,159,0,163,509,0,509,672
08/13/2020,CNO,CA,AWP,WE,Towers with Radar,1,0,34,0,35,0,0,112,5,117,1,0,146,5,152,308,6,314,466
08/14/2020,CNO,CA,AWP,WE,Towers with Radar,1,0,26,0,27,0,0,76,0,76,1,0,102,0,103,222,0,222,325
08/15/2020,CNO,CA,AWP,WE,Towers with Radar,0,0,27,0,27,0,0,85,1,86,0,0,112,1,113,203,0,203,316
08/16/2020,CNO,CA,AWP,WE,Towers with Radar,0,0,11,0,11,0,0,97,4,101,0,0,108,4,112,178,0,178,290
08/17/2020,CNO,CA,AWP,WE,Towers with Radar,0,0,24,0,24,0,0,117,5,122,0,0,141,5,146,295,34,329,475
08/18/2020,CNO,CA,AWP,WE,Towers with Radar,0,4,24,0,28,0,0,82,0,82,0,4,106,0,110,274,0,274,384
08/19/2020,CNO,CA,AWP,WE,Towers with Radar,0,1,20,0,21,0,2,99,0,101,0,3,119,0,122,332,0,332,454
08/20/2020,CNO,CA,AWP,WE,Towers with Radar,0,2,24,0,26,0,0,102,0,102,0,2,126,0,128,236,0,236,364
08/21/2020,CNO,CA,AWP,WE,Towers with Radar,0,2,16,0,18,0,0,129,0,129,0,2,145,0,147,288,0,288,435
08/22/2020,CNO,CA,AWP,WE,Towers with Radar,0,0,17,0,17,0,0,108,0,108,0,0,125,0,125,274,0,274,399
08/23/2020,CNO,CA,AWP,WE,Towers with Radar,0,0,20,0,20,0,0,130,0,130,0,0,150,0,150,193,0,193,343
08/24/2020,CNO,CA,AWP,WE,Towers with Radar,0,0,19,0,19,0,0,132,0,132,0,0,151,0,151,217,0,217,368
08/25/2020,CNO,CA,AWP,WE,Towers with Radar,0,1,35,0,36,0,0,126,0,126,0,1,161,0,162,424,0,424,586
08/26/2020,CNO,CA,AWP,WE,Towers with Radar,0,1,17,0,18,0,1,154,0,155,0,2,171,0,173,395,0,395,568
08/27/2020,CNO,CA,AWP,WE,Towers with Radar,0,4,17,0,21,0,0,137,3,140,0,4,154,3,161,363,0,363,524
08/28/2020,CNO,CA,AWP,WE,Towers with Radar,0,1,21,0,22,0,0,120,1,121,0,1,141,1,143,238,0,238,381
08/29/2020,CNO,CA,AWP,WE,Towers with Radar,2,1,34,0,37,0,1,164,0,165,2,2,198,0,202,306,0,306,508
08/30/2020,CNO,CA,AWP,WE,Towers with Radar,0,0,26,0,26,0,1,115,2,118,0,1,141,2,144,224,0,224,368
08/31/2020,CNO,CA,AWP,WE,Towers with Radar,0,3,28,0,31,0,0,132,0,132,0,3,160,0,163,336,0,336,499
09/01/2020,CNO,CA,AWP,WE,Towers with Radar,0,1,21,0,22,0,0,121,0,121,0,1,142,0,143,247,0,247,390
09/02/2020,CNO,CA,AWP,WE,Towers with Radar,0,6,13,0,19,0,0,179,1,180,0,6,192,1,199,509,0,509,708
09/03/2020,CNO,CA,AWP,WE,Towers with Radar,0,2,27,0,29,0,1,164,0,165,0,3,191,0,194,437,0,437,631
09/04/2020,CNO,CA,AWP,WE,Towers with Radar,0,0,21,0,21,0,0,139,0,139,0,0,160,0,160,344,0,344,504
09/05/2020,CNO,CA,AWP,WE,Towers with Radar,0,0,11,0,11,0,0,83,0,83,0,0,94,0,94,184,0,184,278
09/06/2020,CNO,CA,AWP,WE,Towers with Radar,0,0,6,0,6,0,0,50,0,50,0,0,56,0,56,78,0,78,134
09/07/2020,CNO,CA,AWP,WE,Towers with Radar,0,0,15,0,15,0,2,86,0,88,0,2,101,0,103,521,0,521,624
09/08/2020,CNO,CA,AWP,WE,Towers with Radar,0,3,21,1,25,0,0,40,0,40,0,3,61,1,65,413,0,413,478
09/09/2020,CNO,CA,AWP,WE,Towers with Radar,0,0,18,0,18,0,0,84,2,86,0,0,102,2,104,367,4,371,475
09/10/2020,CNO,CA,AWP,WE,Towers with Radar,0,0,30,5,35,0,0,144,0,144,0,0,174,5,179,321,0,321,500
09/11/2020,CNO,CA,AWP,WE,Towers with Radar,0,2,30,0,32,0,2,110,0,112,0,4,140,0,144,462,0,462,606
09/12/2020,CNO,CA,AWP,WE,Towers with Radar,0,0,31,0,31,0,0,46,1,47,0,0,77,1,78,220,0,220,298
09/13/2020,CNO,CA,AWP,WE,Towers with Radar,0,0,16,0,16,0,0,74,0,74,0,0,90,0,90,256,0,256,346
09/14/2020,CNO,CA,AWP,WE,Towers with Radar,0,3,28,0,31,0,0,103,0,103,0,3,131,0,134,379,0,379,513
09/15/2020,CNO,CA,AWP,WE,Towers with Radar,0,0,30,1,31,0,1,111,0,112,0,1,141,1,143,338,0,338,481
09/16/2020,CNO,CA,AWP,WE,Towers with Radar,0,5,33,0,38,0,0,94,0,94,0,5,127,0,132,361,0,361,493
09/17/2020,CNO,CA,AWP,WE,Towers with Radar,0,0,31,0,31,0,0,151,0,151,0,0,182,0,182,337,0,337,519
09/18/2020,CNO,CA,AWP,WE,Towers with Radar,0,0,30,0,30,0,0,150,0,150,0,0,180,0,180,372,0,372,552
09/19/2020,CNO,CA,AWP,WE,Towers with Radar,0,0,18,0,18,0,0,180,1,181,0,0,198,1,199,445,0,445,644
09/20/2020,CNO,CA,AWP,WE,Towers with Radar,0,0,26,0,26,0,0,150,0,150,0,0,176,0,176,292,0,292,468
09/21/2020,CNO,CA,AWP,WE,Towers with Radar,0,6,32,0,38,0,2,167,0,169,0,8,199,0,207,341,0,341,548
09/22/2020,CNO,CA,AWP,WE,Towers with Radar,2,3,29,0,34,0,0,152,0,152,2,3,181,0,186,406,0,406,592
09/23/2020,CNO,CA,AWP,WE,Towers with Radar,2,2,28,0,32,0,0,166,0,166,2,2,194,0,198,482,0,482,680
09/24/2020,CNO,CA,AWP,WE,Towers with Radar,0,7,27,0,34,0,0,192,2,194,0,7,219,2,228,372,10,382,610
09/25/2020,CNO,CA,AWP,WE,Towers with Radar,0,2,24,0,26,0,0,157,0,157,0,2,181,0,183,334,0,334,517
09/26/2020,CNO,CA,AWP,WE,Towers with Radar,0,0,17,0,17,0,0,138,0,138,0,0,155,0,155,274,0,274,429
09/27/2020,CNO,CA,AWP,WE,Towers with Radar,0,0,28,0,28,0,0,110,0,110,0,0,138,0,138,247,0,247,385
09/28/2020,CNO,CA,AWP,WE,Towers with Radar,0,2,27,0,29,0,0,126,0,126,0,2,153,0,155,199,0,199,354
09/29/2020,CNO,CA,AWP,WE,Towers with Radar,0,4,19,0,23,0,0,115,0,115,0,4,134,0,138,199,0,199,337
09/30/2020,CNO,CA,AWP,WE,Towers with Radar,0,3,13,0,16,0,0,114,0,114,0,3,127,0,130,120,0,120,250
10/01/2020,CNO,CA,AWP,WE,Towers with Radar,0,2,39,1,42,0,0,149,0,149,0,2,188,1,191,209,0,209,400
10/02/2020,CNO,CA,AWP,WE,Towers with Radar,0,2,49,0,51,0,0,162,0,162,0,2,211,0,213,205,0,205,418
10/03/2020,CNO,CA,AWP,WE,Towers with Radar,0,0,26,0,26,0,0,191,1,192,0,0,217,1,218,318,0,318,536
10/04/2020,CNO,CA,AWP,WE,Towers with Radar,0,3,34,0,37,0,0,159,0,159,0,3,193,0,196,187,0,187,383
10/05/2020,CNO,CA,AWP,WE,Towers with Radar,0,5,55,0,60,0,1,146,0,147,0,6,201,0,207,333,0,333,540
10/06/2020,CNO,CA,AWP,WE,Towers with Radar,1,10,48,0,59,0,0,149,0,149,1,10,197,0,208,367,0,367,575
10/07/2020,CNO,CA,AWP,WE,Towers with Radar,0,4,36,0,40,0,0,160,0,160,0,4,196,0,200,463,0,463,663
10/08/2020,CNO,CA,AWP,WE,Towers with Radar,0,2,44,0,46,0,0,128,0,128,0,2,172,0,174,288,0,288,462
10/09/2020,CNO,CA,AWP,WE,Towers with Radar,0,2,41,0,43,0,0,149,0,149,0,2,190,0,192,386,0,386,578
10/10/2020,CNO,CA,AWP,WE,Towers with Radar,0,2,43,0,45,0,0,119,0,119,0,2,162,0,164,482,0,482,646
10/11/2020,CNO,CA,AWP,WE,Towers with Radar,5,2,36,0,43,0,0,150,0,150,5,2,186,0,193,282,0,282,475
10/12/2020,CNO,CA,AWP,WE,Towers with Radar,0,0,42,0,42,1,0,149,0,150,1,0,191,0,192,298,0,298,490
10/13/2020,CNO,CA,AWP,WE,Towers with Radar,0,4,35,0,39,0,0,150,0,150,0,4,185,0,189,321,0,321,510
10/14/2020,CNO,CA,AWP,WE,Towers with Radar,0,5,33,0,38,0,0,161,0,161,0,5,194,0,199,464,0,464,663
10/15/2020,CNO,CA,AWP,WE,Towers with Radar,0,1,45,0,46,0,0,129,0,129,0,1,174,0,175,267,0,267,442
10/16/2020,CNO,CA,AWP,WE,Towers with Radar,4,2,42,0,48,0,0,174,0,174,4,2,216,0,222,302,0,302,524
10/17/2020,CNO,CA,AWP,WE,Towers with Radar,0,4,39,0,43,0,3,201,0,204,0,7,240,0,247,320,0,320,567
10/18/2020,CNO,CA,AWP,WE,Towers with Radar,0,2,19,0,21,0,0,74,0,74,0,2,93,0,95,134,0,134,229
10/19/2020,CNO,CA,AWP,WE,Towers with Radar,0,3,43,0,46,0,0,131,0,131,0,3,174,0,177,277,0,277,454
10/20/2020,CNO,CA,AWP,WE,Towers with Radar,2,8,66,0,76,0,3,111,0,114,2,11,177,0,190,205,0,205,395
10/21/2020,CNO,CA,AWP,WE,Towers with Radar,0,0,34,0,34,0,0,77,1,78,0,0,111,1,112,234,1,235,347
10/22/2020,CNO,CA,AWP,WE,Towers with Radar,0,2,53,2,57,0,0,128,0,128,0,2,181,2,185,393,0,393,578
10/23/2020,CNO,CA,AWP,WE,Towers with Radar,1,5,63,2,71,0,1,139,1,141,1,6,202,3,212,393,0,393,605
10/24/2020,CNO,CA,AWP,WE,Towers with Radar,0,2,42,0,44,0,0,94,0,94,0,2,136,0,138,399,0,399,537
10/25/2020,CNO,CA,AWP,WE,Towers with Radar,0,0,40,0,40,0,0,56,0,56,0,0,96,0,96,237,0,237,333
10/26/2020,CNO,CA,AWP,WE,Towers with Radar,2,3,2,0,7,0,0,3,0,3,2,3,5,0,10,0,0,0,10
10/27/2020,CNO,CA,AWP,WE,Towers with Radar,0,1,10,0,11,0,0,57,0,57,0,1,67,0,68,56,0,56,124
10/28/2020,CNO,CA,AWP,WE,Towers with Radar,0,8,63,0,71,0,0,183,2,185,0,8,246,2,256,359,0,359,615
10/29/2020,CNO,CA,AWP,WE,Towers with Radar,0,7,47,0,54,0,1,184,1,186,0,8,231,1,240,269,0,269,509
10/30/2020,CNO,CA,AWP,WE,Towers with Radar,0,1,49,2,52,0,0,194,0,194,0,1,243,2,246,289,0,289,535
10/31/2020,CNO,CA,AWP,WE,Towers with Radar,0,0,40,0,40,0,0,205,0,205,0,0,245,0,245,328,0,328,573
11/01/2020,CNO,CA,AWP,WE,Towers with Radar,0,1,40,0,41,0,0,148,0,148,0,1,188,0,189,228,0,228,417
11/02/2020,CNO,CA,AWP,WE,Towers with Radar,0,0,31,1,32,0,0,127,2,129,0,0,158,3,161,277,1,278,439
11/03/2020,CNO,CA,AWP,WE,Towers with Radar,0,3,55,0,58,0,0,153,0,153,0,3,208,0,211,256,0,256,467
11/04/2020,CNO,CA,AWP,WE,Towers with Radar,0,1,45,0,46,0,0,178,0,178,0,1,223,0,224,541,0,541,765
11/05/2020,CNO,CA,AWP,WE,Towers with Radar,0,0,54,0,54,0,0,177,0,177,0,0,231,0,231,444,0,444,675
11/06/2020,CNO,CA,AWP,WE,Towers with Radar,0,2,53,0,55,0,0,162,0,162,0,2,215,0,217,354,0,354,571
11/07/2020,CNO,CA,AWP,WE,Towers with Radar,0,2,22,0,24,0,0,19,0,19,0,2,41,0,43,62,0,62,105
11/08/2020,CNO,CA,AWP,WE,Towers with Radar,0,4,26,0,30,0,0,28,0,28,0,4,54,0,58,91,0,91,149
11/09/2020,CNO,CA,AWP,WE,Towers with Radar,0,3,51,0,54,0,0,152,0,152,0,3,203,0,206,424,0,424,630
11/10/2020,CNO,CA,AWP,WE,Towers with Radar,0,2,47,0,49,0,0,153,0,153,0,2,200,0,202,292,0,292,494
11/11/2020,CNO,CA,AWP,WE,Towers with Radar,0,9,46,0,55,0,3,229,0,232,0,12,275,0,287,616,0,616,903
11/12/2020,CNO,CA,AWP,WE,Towers with Radar,0,4,52,0,56,0,0,185,0,185,0,4,237,0,241,522,0,522,763
11/13/2020,CNO,CA,AWP,WE,Towers with Radar,0,3,49,0,52,0,0,190,0,190,0,3,239,0,242,366,0,366,608
11/14/2020,CNO,CA,AWP,WE,Towers with Radar,0,4,54,0,58,0,2,186,0,188,0,6,240,0,246,346,0,346,592
11/15/2020,CNO,CA,AWP,WE,Towers with Radar,0,4,48,0,52,0,2,137,0,139,0,6,185,0,191,245,0,245,436
11/16/2020,CNO,CA,AWP,WE,Towers with Radar,0,0,33,0,33,0,0,124,0,124,0,0,157,0,157,383,0,383,540
11/17/2020,CNO,CA,AWP,WE,Towers with Radar,0,1,57,0,58,0,0,186,2,188,0,1,243,2,246,322,0,322,568
11/18/2020,CNO,CA,AWP,WE,Towers with Radar,0,3,58,1,62,0,1,172,1,174,0,4,230,2,236,601,0,601,837
11/19/2020,CNO,CA,AWP,WE,Towers with Radar,0,0,50,0,50,0,0,164,0,164,0,0,214,0,214,417,0,417,631
11/20/2020,CNO,CA,AWP,WE,Towers with Radar,0,4,53,0,57,0,2,191,0,193,0,6,244,0,250,456,0,456,706
11/21/2020,CNO,CA,AWP,WE,Towers with Radar,1,2,40,0,43,0,0,210,0,210,1,2,250,0,253,381,0,381,634
11/22/2020,CNO,CA,AWP,WE,Towers with Radar,1,2,47,0,50,0,0,160,0,160,1,2,207,0,210,225,0,225,435
11/23/2020,CNO,CA,AWP,WE,Towers with Radar,1,5,41,0,47,0,0,129,3,132,1,5,170,3,179,365,14,379,558
11/24/2020,CNO,CA,AWP,WE,Towers with Radar,0,1,31,0,32,0,0,157,0,157,0,1,188,0,189,445,0,445,634
11/25/2020,CNO,CA,AWP,WE,Towers with Radar,0,5,34,0,39,0,0,163,0,163,0,5,197,0,202,420,0,420,622
11/26/2020,CNO,CA,AWP,WE,Towers with Radar,0,2,13,0,15,0,0,15,0,15,0,2,28,0,30,62,0,62,92
11/27/2020,CNO,CA,AWP,WE,Towers with Radar,0,0,20,0,20,0,0,75,0,75,0,0,95,0,95,129,0,129,224
11/28/2020,CNO,CA,AWP,WE,Towers with Radar,1,0,28,0,29,0,0,150,0,150,1,0,178,0,179,356,0,356,535
11/29/2020,CNO,CA,AWP,WE,Towers with Radar,0,0,28,0,28,0,0,157,0,157,0,0,185,0,185,326,0,326,511
11/30/2020,CNO,CA,AWP,WE,Towers with Radar,0,0,33,0,33,0,0,130,0,130,0,0,163,0,163,400,0,400,563
12/01/2020,CNO,CA,AWP,WE,Towers with Radar,0,0,36,0,36,0,0,131,0,131,0,0,167,0,167,479,0,479,646
12/02/2020,CNO,CA,AWP,WE,Towers with Radar,0,1,35,0,36,0,0,103,0,103,0,1,138,0,139,380,0,380,519
12/03/2020,CNO,CA,AWP,WE,Towers with Radar,0,2,12,0,14,0,0,28,0,28,0,2,40,0,42,88,0,88,130
12/04/2020,CNO,CA,AWP,WE,Towers with Radar,0,5,30,0,35,0,0,118,0,118,0,5,148,0,153,318,0,318,471
12/05/2020,CNO,CA,AWP,WE,Towers with Radar,0,0,20,0,20,0,0,153,0,153,0,0,173,0,173,425,0,425,598
12/06/2020,CNO,CA,AWP,WE,Towers with Radar,2,0,21,0,23,0,0,143,0,143,2,0,164,0,166,255,0,255,421
12/07/2020,CNO,CA,AWP,WE,Towers with Radar,2,2,18,0,22,0,1,64,0,65,2,3,82,0,87,143,0,143,230
12/08/2020,CNO,CA,AWP,WE,Towers with Radar,1,2,14,0,17,0,0,72,2,74,1,2,86,2,91,157,13,170,261
12/09/2020,CNO,CA,AWP,WE,Towers with Radar,0,4,43,0,47,0,0,165,0,165,0,4,208,0,212,349,0,349,561
12/10/2020,CNO,CA,AWP,WE,Towers with Radar,0,2,38,0,40,0,0,168,0,168,0,2,206,0,208,288,0,288,496
12/11/2020,CNO,CA,AWP,WE,Towers with Radar,0,1,39,0,40,0,0,171,0,171,0,1,210,0,211,426,0,426,637
12/12/2020,CNO,CA,AWP,WE,Towers with Radar,0,1,27,0,28,0,0,46,0,46,0,1,73,0,74,393,0,393,467
12/13/2020,CNO,CA,AWP,WE,Towers with Radar,0,2,18,0,20,0,0,110,0,110,0,2,128,0,130,184,0,184,314
12/14/2020,CNO,CA,AWP,WE,Towers with Radar,1,1,38,0,40,0,0,109,1,110,1,1,147,1,150,279,12,291,441
12/15/2020,CNO,CA,AWP,WE,Towers with Radar,2,1,23,3,29,0,0,93,2,95,2,1,116,5,124,90,9,99,223
12/16/2020,CNO,CA,AWP,WE,Towers with Radar,1,3,38,0,42,0,0,149,2,151,1,3,187,2,193,538,0,538,731
12/17/2020,CNO,CA,AWP,WE,Towers with Radar,0,4,44,0,48,0,0,123,3,126,0,4,167,3,174,405,5,410,584
12/18/2020,CNO,CA,AWP,WE,Towers with Radar,0,10,21,0,31,0,0,91,0,91,0,10,112,0,122,116,0,116,238
12/19/2020,CNO,CA,AWP,WE,Towers with Radar,0,0,25,0,25,0,0,193,0,193,0,0,218,0,218,319,0,319,537
12/20/2020,CNO,CA,AWP,WE,Towers with Radar,0,0,33,0,33,0,0,165,0,165,0,0,198,0,198,327,0,327,525
12/21/2020,CNO,CA,AWP,WE,Towers with Radar,2,5,18,2,27,0,0,145,4,149,2,5,163,6,176,298,14,312,488
12/22/2020,CNO,CA,AWP,WE,Towers with Radar,0,5,23,0,28,0,0,139,4,143,0,5,162,4,171,301,13,314,485
12/23/2020,CNO,CA,AWP,WE,Towers with Radar,2,2,6,0,10,0,1,56,3,60,2,3,62,3,70,54,0,54,124
12/24/2020,CNO,CA,AWP,WE,Towers with Radar,0,3,9,0,12,0,0,54,1,55,0,3,63,1,67,95,0,95,162
12/25/2020,CNO,CA,AWP,WE,Towers with Radar,0,0,5,0,5,0,0,58,2,60,0,0,63,2,65,56,0,56,121
12/26/2020,CNO,CA,AWP,WE,Towers with Radar,0,0,26,0,26,0,2,145,0,147,0,2,171,0,173,229,0,229,402
12/27/2020,CNO,CA,AWP,WE,Towers with Radar,0,1,27,0,28,0,0,41,0,41,0,1,68,0,69,206,0,206,275
12/28/2020,CNO,CA,AWP,WE,Towers with Radar,0,2,14,0,16,0,0,2,0,2,0,2,16,0,18,7,0,7,25
12/29/2020,CNO,CA,AWP,WE,Towers with Radar,0,0,10,0,10,0,0,60,0,60,0,0,70,0,70,84,0,84,154
12/30/2020,CNO,CA,AWP,WE,Towers with Radar,0,1,20,0,21,0,0,154,1,155,0,1,174,1,176,285,0,285,461
12/31/2020,CNO,CA,AWP,WE,Towers with Radar,0,0,25,0,25,0,0,126,0,126,0,0,151,0,151,185,0,185,336
01/01/2021,CNO,CA,AWP,WE,Towers with Radar,0,0,5,0,5,0,0,37,0,37,0,0,42,0,42,97,0,97,139
01/02/2021,CNO,CA,AWP,WE,Towers with Radar,0,0,24,0,24,0,0,174,0,174,0,0,198,0,198,228,0,228,426
01/03/2021,CNO,CA,AWP,WE,Towers with Radar,0,2,33,0,35,0,0,158,0,158,0,2,191,0,193,263,0,263,456
01/04/2021,CNO,CA,AWP,WE,Towers with Radar,0,2,22,0,24,0,0,114,0,114,0,2,136,0,138,373,0,373,511
01/05/2021,CNO,CA,AWP,WE,Towers with Radar,4,0,21,0,25,0,0,62,1,63,4,0,83,1,88,157,0,157,245
01/06/2021,CNO,CA,AWP,WE,Towers with Radar,0,4,13,0,17,0,0,149,2,151,0,4,162,2,168,423,7,430,598
01/07/2021,CNO,CA,AWP,WE,Towers with Radar,0,0,31,2,33,0,0,132,3,135,0,0,163,5,168,359,0,359,527
01/08/2021,CNO,CA,AWP,WE,Towers with Radar,0,0,29,0,29,0,0,146,1,147,0,0,175,1,176,344,0,344,520
01/09/2021,CNO,CA,AWP,WE,Towers with Radar,0,0,12,0,12,0,0,72,0,72,0,0,84,0,84,99,0,99,183
01/10/2021,CNO,CA,AWP,WE,Towers with Radar,0,0,17,0,17,0,1,137,0,138,0,1,154,0,155,318,0,318,473
01/11/2021,CNO,CA,AWP,WE,Towers with Radar,0,2,22,0,24,0,0,119,0,119,0,2,141,0,143,436,0,436,579
01/12/2021,CNO,CA,AWP,WE,Towers with Radar,0,1,29,0,30,0,1,176,1,178,0,2,205,1,208,387,0,387,595
01/13/2021,CNO,CA,AWP,WE,Towers with Radar,0,1,22,0,23,0,0,143,0,143,0,1,165,0,166,342,0,342,508
01/14/2021,CNO,CA,AWP,WE,Towers with Radar,0,0,20,0,20,0,3,77,0,80,0,3,97,0,100,161,0,161,261
01/15/2021,CNO,CA,AWP,WE,Towers with Radar,0,1,24,0,25,0,0,145,0,145,0,1,169,0,170,294,0,294,464
01/16/2021,CNO,CA,AWP,WE,Towers with Radar,0,1,18,0,19,0,0,126,0,126,0,1,144,0,145,81,0,81,226
01/17/2021,CNO,CA,AWP,WE,Towers with Radar,0,0,28,0,28,0,0,156,0,156,0,0,184,0,184,306,0,306,490
01/18/2021,CNO,CA,AWP,WE,Towers with Radar,0,2,22,0,24,0,0,105,0,105,0,2,127,0,129,109,0,109,238
01/19/2021,CNO,CA,AWP,WE,Towers with Radar,0,2,9,0,11,0,2,11,0,13,0,4,20,0,24,3,0,3,27
01/20/2021,CNO,CA,AWP,WE,Towers with Radar,2,1,15,1,19,0,0,54,1,55,2,1,69,2,74,144,0,144,218
01/21/2021,CNO,CA,AWP,WE,Towers with Radar,0,2,32,0,34,0,0,245,1,246,0,2,277,1,280,457,0,457,737
01/22/2021,CNO,CA,AWP,WE,Towers with Radar,0,6,39,0,45,0,0,121,1,122,0,6,160,1,167,384,0,384,551
01/23/2021,CNO,CA,AWP,WE,Towers with Radar,0,0,24,0,24,0,0,21,0,21,0,0,45,0,45,161,0,161,206
01/24/2021,CNO,CA,AWP,WE,Towers with Radar,0,4,30,0,34,0,0,81,0,81,0,4,111,0,115,217,0,217,332
01/25/2021,CNO,CA,AWP,WE,Towers with Radar,0,2,11,0,13,0,0,26,1,27,0,2,37,1,40,56,5,61,101
01/26/2021,CNO,CA,AWP,WE,Towers with Radar,0,5,33,0,38,0,0,211,3,214,0,5,244,3,252,441,12,453,705
01/27/2021,CNO,CA,AWP,WE,Towers with Radar,0,3,32,0,35,0,0,142,0,142,0,3,174,0,177,478,0,478,655
01/28/2021,CNO,CA,AWP,WE,Towers with Radar,0,2,31,0,33,0,0,106,2,108,0,2,137,2,141,449,11,460,601
01/29/2021,CNO,CA,AWP,WE,Towers with Radar,0,1,10,0,11,0,0,5,0,5,0,1,15,0,16,60,0,60,76
01/30/2021,CNO,CA,AWP,WE,Towers with Radar,0,0,39,0,39,0,0,191,0,191,0,0,230,0,230,422,0,422,652
01/31/2021,CNO,CA,AWP,WE,Towers with Radar,0,0,34,0,34,0,0,161,0,161,0,0,195,0,195,316,0,316,511
02/01/2021,CNO,CA,AWP,WE,Towers with Radar,0,2,23,1,26,0,0,124,4,128,0,2,147,5,154,485,14,499,653
02/02/2021,CNO,CA,AWP,WE,Towers with Radar,0,0,27,0,27,0,1,153,1,155,0,1,180,1,182,387,0,387,569
02/03/2021,CNO,CA,AWP,WE,Towers with Radar,0,1,26,0,27,0,0,143,3,146,0,1,169,3,173,478,11,489,662
02/04/2021,CNO,CA,AWP,WE,Towers with Radar,0,8,19,2,29,0,0,135,0,135,0,8,154,2,164,301,0,301,465
02/05/2021,CNO,CA,AWP,WE,Towers with Radar,0,3,45,2,50,0,0,207,0,207,0,3,252,2,257,431,0,431,688
02/06/2021,CNO,CA,AWP,WE,Towers with Radar,0,0,39,0,39,0,0,232,1,233,0,0,271,1,272,360,0,360,632
02/07/2021,CNO,CA,AWP,WE,Towers with Radar,0,0,24,0,24,0,0,131,0,131,0,0,155,0,155,284,0,284,439
02/08/2021,CNO,CA,AWP,WE,Towers with Radar,0,1,45,1,47,0,0,113,0,113,0,1,158,1,160,193,0,193,353
02/09/2021,CNO,CA,AWP,WE,Towers with Radar,0,2,39,1,42,0,0,76,1,77,0,2,115,2,119,195,0,195,314
02/10/2021,CNO,CA,AWP,WE,Towers with Radar,2,0,47,0,49,0,0,102,0,102,2,0,149,0,151,425,0,425,576
02/11/2021,CNO,CA,AWP,WE,Towers with Radar,0,2,47,0,49,0,0,137,2,139,0,2,184,2,188,362,0,362,550
02/12/2021,CNO,CA,AWP,WE,Towers with Radar,0,2,32,0,34,0,0,100,0,100,0,2,132,0,134,247,0,247,381
02/13/2021,CNO,CA,AWP,WE,Towers with Radar,0,0,34,0,34,0,0,136,0,136,0,0,170,0,170,339,0,339,509
02/14/2021,CNO,CA,AWP,WE,Towers with Radar,0,0,12,0,12,0,0,115,0,115,0,0,127,0,127,227,0,227,354
02/15/2021,CNO,CA,AWP,WE,Towers with Radar,1,2,44,0,47,0,0,149,0,149,1,2,193,0,196,314,0,314,510
02/16/2021,CNO,CA,AWP,WE,Towers with Radar,1,0,37,0,38,0,0,116,3,119,1,0,153,3,157,377,12,389,546
02/17/2021,CNO,CA,AWP,WE,Towers with Radar,0,1,43,1,45,0,0,180,3,183,0,1,223,4,228,538,0,538,766
02/18/2021,CNO,CA,AWP,WE,Towers with Radar,2,0,30,0,32,0,0,80,2,82,2,0,110,2,114,203,0,203,317
02/19/2021,CNO,CA,AWP,WE,Towers with Radar,1,1,28,0,30,0,0,211,2,213,1,1,239,2,243,456,0,456,699
02/20/2021,CNO,CA,AWP,WE,Towers with Radar,0,0,22,0,22,0,0,139,1,140,0,0,161,1,162,391,0,391,553
02/21/2021,CNO,CA,AWP,WE,Towers with Radar,0,0,15,0,15,0,0,81,2,83,0,0,96,2,98,141,0,141,239
02/22/2021,CNO,CA,AWP,WE,Towers with Radar,0,1,15,0,16,0,0,117,2,119,0,1,132,2,135,296,11,307,442
02/23/2021,CNO,CA,AWP,WE,Towers with Radar,0,0,34,0,34,0,1,150,2,153,0,1,184,2,187,408,11,419,606
02/24/2021,CNO,CA,AWP,WE,Towers with Radar,0,2,35,0,37,0,0,184,0,184,0,2,219,0,221,404,0,404,625
02/25/2021,CNO,CA,AWP,WE,Towers with Radar,0,0,21,0,21,0,0,105,0,105,0,0,126,0,126,308,0,308,434
02/26/2021,CNO,CA,AWP,WE,Towers with Radar,0,2,39,0,41,0,0,200,0,200,0,2,239,0,241,377,0,377,618
02/27/2021,CNO,CA,AWP,WE,Towers with Radar,0,2,35,0,37,0,0,210,0,210,0,2,245,0,247,327,0,327,574
02/28/2021,CNO,CA,AWP,WE,Towers with Radar,0,2,16,0,18,0,0,35,0,35,0,2,51,0,53,51,0,51,104
03/01/2021,CNO,CA,AWP,WE,Towers with Radar,0,0,14,0,14,0,0,145,0,145,0,0,159,0,159,310,0,310,469
03/02/2021,CNO,CA,AWP,WE,Towers with Radar,0,2,38,0,40,0,0,119,0,119,0,2,157,0,159,247,0,247,406
03/03/2021,CNO,CA,AWP,WE,Towers with Radar,2,1,23,0,26,0,1,34,2,37,2,2,57,2,63,159,2,161,224
03/04/2021,CNO,CA,AWP,WE,Towers with Radar,0,4,40,0,44,0,2,223,0,225,0,6,263,0,269,448,0,448,717
03/05/2021,CNO,CA,AWP,WE,Towers with Radar,0,1,36,0,37,0,0,198,0,198,0,1,234,0,235,413,0,413,648
03/06/2021,CNO,CA,AWP,WE,Towers with Radar,0,0,26,0,26,0,0,216,2,218,0,0,242,2,244,261,0,261,505
03/07/2021,CNO,CA,AWP,WE,Towers with Radar,0,1,34,0,35,0,0,93,0,93,0,1,127,0,128,392,0,392,520
03/08/2021,CNO,CA,AWP,WE,Towers with Radar,0,2,29,1,32,0,0,75,0,75,0,2,104,1,107,383,0,383,490
03/09/2021,CNO,CA,AWP,WE,Towers with Radar,0,0,21,0,21,0,0,85,0,85,0,0,106,0,106,290,0,290,396
03/10/2021,CNO,CA,AWP,WE,Towers with Radar,0,0,32,2,34,0,0,13,0,13,0,0,45,2,47,107,0,107,154
03/11/2021,CNO,CA,AWP,WE,Towers with Radar,0,1,18,1,20,0,0,87,1,88,0,1,105,2,108,385,5,390,498
03/12/2021,CNO,CA,AWP,WE,Towers with Radar,0,1,22,0,23,0,1,110,0,111,0,2,132,0,134,389,0,389,523
03/13/2021,CNO,CA,AWP,WE,Towers with Radar,0,0,31,0,31,0,0,146,0,146,0,0,177,0,177,504,0,504,681
03/14/2021,CNO,CA,AWP,WE,Towers with Radar,0,0,24,0,24,0,0,117,1,118,0,0,141,1,142,225,0,225,367
03/15/2021,CNO,CA,AWP,WE,Towers with Radar,0,1,30,0,31,0,0,22,0,22,0,1,52,0,53,184,0,184,237
03/16/2021,CNO,CA,AWP,WE,Towers with Radar,0,0,38,0,38,0,0,197,2,199,0,0,235,2,237,303,0,303,540
03/17/2021,CNO,CA,AWP,WE,Towers with Radar,0,2,38,0,40,0,0,160,1,161,0,2,198,1,201,348,0,348,549
03/18/2021,CNO,CA,AWP,WE,Towers with Radar,0,3,38,0,41,0,0,173,0,173,0,3,211,0,214,349,0,349,563
03/19/2021,CNO,CA,AWP,WE,Towers with Radar,0,3,32,1,36,0,0,168,1,169,0,3,200,2,205,296,0,296,501
03/20/2021,CNO,CA,AWP,WE,Towers with Radar,2,1,24,0,27,0,0,108,0,108,2,1,132,0,135,250,0,250,385
03/21/2021,CNO,CA,AWP,WE,Towers with Radar,2,2,26,1,31,0,0,168,0,168,2,2,194,1,199,280,0,280,479
03/22/2021,CNO,CA,AWP,WE,Towers with Radar,0,2,29,0,31,0,0,142,4,146,0,2,171,4,177,291,0,291,468
03/23/2021,CNO,CA,AWP,WE,Towers with Radar,1,1,31,0,33,0,0,133,0,133,1,1,164,0,166,401,0,401,567
03/24/2021,CNO,CA,AWP,WE,Towers with Radar,0,0,25,0,25,0,0,97,4,101,0,0,122,4,126,362,0,362,488
03/25/2021,CNO,CA,AWP,WE,Towers with Radar,0,0,25,2,27,0,0,82,0,82,0,0,107,2,109,317,0,317,426
03/26/2021,CNO,CA,AWP,WE,Towers with Radar,0,1,39,0,40,0,1,163,0,164,0,2,202,0,204,250,0,250,454
03/27/2021,CNO,CA,AWP,WE,Towers with Radar,0,0,44,0,44,0,0,189,0,189,0,0,233,0,233,318,0,318,551
03/28/2021,CNO,CA,AWP,WE,Towers with Radar,0,2,41,0,43,0,0,183,0,183,0,2,224,0,226,309,0,309,535
03/29/2021,CNO,CA,AWP,WE,Towers with Radar,0,0,40,0,40,0,0,163,0,163,0,0,203,0,203,391,0,391,594
03/30/2021,CNO,CA,AWP,WE,Towers with Radar,0,0,26,0,26,0,0,133,0,133,0,0,159,0,159,343,0,343,502
03/31/2021,CNO,CA,AWP,WE,Towers with Radar,0,0,17,0,17,0,0,105,1,106,0,0,122,1,123,156,5,161,284
04/01/2021,CNO,CA,AWP,WE,Towers with Radar,1,0,40,0,41,0,1,170,0,171,1,1,210,0,212,389,0,389,601
04/02/2021,CNO,CA,AWP,WE,Towers with Radar,0,3,31,0,34,0,1,189,0,190,0,4,220,0,224,357,0,357,581
04/03/2021,CNO,CA,AWP,WE,Towers with Radar,0,0,47,0,47,0,0,166,0,166,0,0,213,0,213,281,0,281,494
04/04/2021,CNO,CA,AWP,WE,Towers with Radar,0,0,16,0,16,0,0,133,0,133,0,0,149,0,149,131,0,131,280
04/05/2021,CNO,CA,AWP,WE,Towers with Radar,0,0,21,0,21,0,0,141,2,143,0,0,162,2,164,381,0,381,545
04/06/2021,CNO,CA,AWP,WE,Towers with Radar,0,1,41,0,42,0,0,148,0,148,0,1,189,0,190,441,0,441,631
04/07/2021,CNO,CA,AWP,WE,Towers with Radar,0,2,39,0,41,0,0,201,0,201,0,2,240,0,242,482,0,482,724
04/08/2021,CNO,CA,AWP,WE,Towers with Radar,0,0,45,0,45,0,0,205,1,206,0,0,250,1,251,384,0,384,635
04/09/2021,CNO,CA,AWP,WE,Towers with Radar,0,0,39,0,39,0,0,215,1,216,0,0,254,1,255,379,0,379,634
04/10/2021,CNO,CA,AWP,WE,Towers with Radar,0,0,23,0,23,0,0,202,0,202,0,0,225,0,225,305,0,305,530
04/11/2021,CNO,CA,AWP,WE,Towers with Radar,0,2,43,0,45,0,2,132,0,134,0,4,175,0,179,245,0,245,424
04/12/2021,CNO,CA,AWP,WE,Towers with Radar,1,0,40,0,41,0,0,97,0,97,1,0,137,0,138,482,0,482,620
04/13/2021,CNO,CA,AWP,WE,Towers with Radar,0,6,43,0,49,0,0,70,1,71,0,6,113,1,120,425,17,442,562
04/14/2021,CNO,CA,AWP,WE,Towers with Radar,0,3,66,0,69,0,0,124,2,126,0,3,190,2,195,426,7,433,628
04/15/2021,CNO,CA,AWP,WE,Towers with Radar,0,2,45,0,47,0,0,127,0,127,0,2,172,0,174,372,0,372,546
04/16/2021,CNO,CA,AWP,WE,Towers with Radar,0,1,41,0,42,0,0,215,0,215,0,1,256,0,257,452,0,452,709
04/17/2021,CNO,CA,AWP,WE,Towers with Radar,0,0,39,0,39,0,0,158,0,158,0,0,197,0,197,387,0,387,584
04/18/2021,CNO,CA,AWP,WE,Towers with Radar,0,0,10,0,10,0,0,57,0,57,0,0,67,0,67,41,0,41,108
04/19/2021,CNO,CA,AWP,WE,Towers with Radar,0,0,37,0,37,0,0,147,0,147,0,0,184,0,184,388,0,388,572
04/20/2021,CNO,CA,AWP,WE,Towers with Radar,0,5,35,0,40,0,0,180,1,181,0,5,215,1,221,555,8,563,784
04/21/2021,CNO,CA,AWP,WE,Towers with Radar,0,0,52,0,52,0,0,94,0,94,0,0,146,0,146,612,0,612,758
04/22/2021,CNO,CA,AWP,WE,Towers with Radar,0,0,39,0,39,0,1,84,0,85,0,1,123,0,124,496,0,496,620
04/23/2021,CNO,CA,AWP,WE,Towers with Radar,0,0,50,0,50,0,0,126,0,126,0,0,176,0,176,411,0,411,587
04/24/2021,CNO,CA,AWP,WE,Towers with Radar,0,0,57,0,57,0,0,132,1,133,0,0,189,1,190,350,0,350,540
04/25/2021,CNO,CA,AWP,WE,Towers with Radar,0,0,36,0,36,0,0,116,0,116,0,0,152,0,152,330,0,330,482
04/26/2021,CNO,CA,AWP,WE,Towers with Radar,0,0,41,0,41,0,0,95,0,95,0,0,136,0,136,204,0,204,340
04/27/2021,CNO,CA,AWP,WE,Towers with Radar,0,0,41,0,41,0,0,147,1,148,0,0,188,1,189,370,3,373,562
04/28/2021,CNO,CA,AWP,WE,Towers with Radar,0,1,37,0,38,0,0,184,0,184,0,1,221,0,222,397,0,397,619
04/29/2021,CNO,CA,AWP,WE,Towers with Radar,0,3,58,0,61,0,0,229,2,231,0,3,287,2,292,409,0,409,701
04/30/2021,CNO,CA,AWP,WE,Towers with Radar,0,0,28,0,28,0,0,234,0,234,0,0,262,0,262,366,0,366,628
05/01/2021,CNO,CA,AWP,WE,Towers with Radar,0,0,41,1,42,0,0,190,0,190,0,0,231,1,232,299,0,299,531
05/02/2021,CNO,CA,AWP,WE,Towers with Radar,0,1,29,0,30,0,0,122,1,123,0,1,151,1,153,190,0,190,343
05/03/2021,CNO,CA,AWP,WE,Towers with Radar,0,0,42,2,44,0,0,171,5,176,0,0,213,7,220,275,9,284,504
05/04/2021,CNO,CA,AWP,WE,Towers with Radar,0,0,56,0,56,0,0,183,5,188,0,0,239,5,244,272,6,278,522
05/05/2021,CNO,CA,AWP,WE,Towers with Radar,0,0,33,0,33,0,0,201,0,201,0,0,234,0,234,397,0,397,631
05/06/2021,CNO,CA,AWP,WE,Towers with Radar,0,1,43,1,45,0,0,135,3,138,0,1,178,4,183,219,11,230,413
05/07/2021,CNO,CA,AWP,WE,Towers with Radar,0,2,61,0,63,0,0,132,0,132,0,2,193,0,195,491,0,491,686
05/08/2021,CNO,CA,AWP,WE,Towers with Radar,0,0,29,0,29,0,0,170,0,170,0,0,199,0,199,252,0,252,451
05/09/2021,CNO,CA,AWP,WE,Towers with Radar,1,4,11,0,16,0,0,63,0,63,1,4,74,0,79,110,0,110,189
05/10/2021,CNO,CA,AWP,WE,Towers with Radar,0,3,46,2,51,0,0,85,0,85,0,3,131,2,136,489,0,489,625
05/11/2021,CNO,CA,AWP,WE,Towers with Radar,0,3,41,0,44,0,2,137,0,139,0,5,178,0,183,444,0,444,627
05/12/2021,CNO,CA,AWP,WE,Towers with Radar,0,3,46,3,52,0,0,138,0,138,0,3,184,3,190,381,0,381,571
05/13/2021,CNO,CA,AWP,WE,Towers with Radar,0,5,48,0,53,0,1,149,0,150,0,6,197,0,203,294,0,294,497
05/14/2021,CNO,CA,AWP,WE,Towers with Radar,0,2,43,0,45,0,0,130,0,130,0,2,173,0,175,313,0,313,488
05/15/2021,CNO,CA,AWP,WE,Towers with Radar,0,0,35,0,35,0,0,105,0,105,0,0,140,0,140,322,0,322,462
05/16/2021,CNO,CA,AWP,WE,Towers with Radar,1,0,47,0,48,0,0,63,0,63,1,0,110,0,111,248,0,248,359
05/17/2021,CNO,CA,AWP,WE,Towers with Radar,0,4,28,0,32,0,0,55,0,55,0,4,83,0,87,432,0,432,519
05/18/2021,CNO,CA,AWP,WE,Towers with Radar,2,2,42,0,46,0,0,156,1,157,2,2,198,1,203,365,5,370,573
05/19/2021,CNO,CA,AWP,WE,Towers with Radar,0,1,62,2,65,0,0,134,0,134,0,1,196,2,199,387,0,387,586
05/20/2021,CNO,CA,AWP,WE,Towers with Radar,1,1,34,0,36,0,0,120,3,123,1,1,154,3,159,529,0,529,688
05/21/2021,CNO,CA,AWP,WE,Towers with Radar,0,0,24,0,24,0,0,106,0,106,0,0,130,0,130,203,0,203,333
05/22/2021,CNO,CA,AWP,WE,Towers with Radar,0,0,38,0,38,0,0,199,0,199,0,0,237,0,237,387,0,387,624
05/23/2021,CNO,CA,AWP,WE,Towers with Radar,0,1,35,0,36,0,0,192,0,192,0,1,227,0,228,148,0,148,376
05/24/2021,CNO,CA,AWP,WE,Towers with Radar,0,0,37,1,38,0,0,141,0,141,0,0,178,1,179,418,0,418,597
05/25/2021,CNO,CA,AWP,WE,Towers with Radar,0,0,46,0,46,0,0,140,2,142,0,0,186,2,188,341,23,364,552
05/26/2021,CNO,CA,AWP,WE,Towers with Radar,0,1,44,0,45,0,0,184,0,184,0,1,228,0,229,426,0,426,655
05/27/2021,CNO,CA,AWP,WE,Towers with Radar,0,4,44,0,48,0,0,138,0,138,0,4,182,0,186,500,0,500,686
05/28/2021,CNO,CA,AWP,WE,Towers with Radar,0,2,50,0,52,0,0,148,0,148,0,2,198,0,200,481,0,481,681
05/29/2021,CNO,CA,AWP,WE,Towers with Radar,0,0,43,0,43,0,0,149,0,149,0,0,192,0,192,414,0,414,606
05/30/2021,CNO,CA,AWP,WE,Towers with Radar,0,4,24,0,28,0,3,127,0,130,0,7,151,0,158,219,0,219,377
05/31/2021,CNO,CA,AWP,WE,Towers with Radar,0,2,38,0,40,0,0,137,0,137,0,2,175,0,177,396,0,396,573
06/01/2021,CNO,CA,AWP,WE,Towers with Radar,0,0,56,0,56,0,0,162,0,162,0,0,218,0,218,249,0,249,467
06/02/2021,CNO,CA,AWP,WE,Towers with Radar,1,3,39,0,43,0,0,141,0,141,1,3,180,0,184,385,0,385,569
06/03/2021,CNO,CA,AWP,WE,Towers with Radar,0,7,48,0,55,0,1,165,4,170,0,8,213,4,225,451,6,457,682
06/04/2021,CNO,CA,AWP,WE,Towers with Radar,0,4,43,0,47,0,0,169,0,169,0,4,212,0,216,461,0,461,677
06/05/2021,CNO,CA,AWP,WE,Towers with Radar,0,1,45,0,46,0,1,204,0,205,0,2,249,0,251,388,0,388,639
06/06/2021,CNO,CA,AWP,WE,Towers with Radar,0,0,30,0,30,0,0,134,6,140,0,0,164,6,170,367,0,367,537
06/07/2021,CNO,CA,AWP,WE,Towers with Radar,0,0,29,0,29,0,0,60,0,60,0,0,89,0,89,409,0,409,498
06/08/2021,CNO,CA,AWP,WE,Towers with Radar,0,0,52,0,52,0,2,169,2,173,0,2,221,2,225,463,15,478,703
06/09/2021,CNO,CA,AWP,WE,Towers with Radar,0,2,36,0,38,0,0,162,0,162,0,2,198,0,200,393,0,393,593
06/10/2021,CNO,CA,AWP,WE,Towers with Radar,0,4,47,0,51,0,0,192,0,192,0,4,239,0,243,478,0,478,721
06/11/2021,CNO,CA,AWP,WE,Towers with Radar,0,1,58,0,59,0,0,179,0,179,0,1,237,0,238,458,0,458,696
06/12/2021,CNO,CA,AWP,WE,Towers with Radar,0,0,20,0,20,0,0,218,0,218,0,0,238,0,238,467,0,467,705
06/13/2021,CNO,CA,AWP,WE,Towers with Radar,0,0,31,0,31,0,1,146,0,147,0,1,177,0,178,366,0,366,544
06/14/2021,CNO,CA,AWP,WE,Towers with Radar,0,1,33,0,34,0,0,131,1,132,0,1,164,1,166,352,1,353,519
06/15/2021,CNO,CA,AWP,WE,Towers with Radar,0,4,28,0,32,0,2,101,0,103,0,6,129,0,135,269,0,269,404
06/16/2021,CNO,CA,AWP,WE,Towers with Radar,0,0,26,2,28,0,0,158,2,160,0,0,184,4,188,438,1,439,627
06/17/2021,CNO,CA,AWP,WE,Towers with Radar,1,3,34,0,38,0,0,157,0,157,1,3,191,0,195,482,0,482,677
06/18/2021,CNO,CA,AWP,WE,Towers with Radar,0,1,42,0,43,0,0,166,1,167,0,1,208,1,210,410,2,412,622
06/19/2021,CNO,CA,AWP,WE,Towers with Radar,0,0,18,0,18,0,0,215,0,215,0,0,233,0,233,375,0,375,608
06/20/2021,CNO,CA,AWP,WE,Towers with Radar,0,2,24,0,26,0,0,149,0,149,0,2,173,0,175,193,0,193,368
06/21/2021,CNO,CA,AWP,WE,Towers with Radar,0,0,31,2,33,0,2,156,0,158,0,2,187,2,191,442,0,442,633
06/22/2021,CNO,CA,AWP,WE,Towers with Radar,1,2,45,0,48,0,0,191,2,193,1,2,236,2,241,584,0,584,825
06/23/2021,CNO,CA,AWP,WE,Towers with Radar,0,3,47,0,50,0,1,177,0,178,0,4,224,0,228,495,0,495,723
06/24/2021,CNO,CA,AWP,WE,Towers with Radar,0,0,47,0,47,0,0,180,0,180,0,0,227,0,227,469,0,469,696
06/25/2021,CNO,CA,AWP,WE,Towers with Radar,0,2,36,0,38,0,0,207,0,207,0,2,243,0,245,427,0,427,672
06/26/2021,CNO,CA,AWP,WE,Towers with Radar,0,0,28,0,28,0,1,240,0,241,0,1,268,0,269,476,0,476,745
06/27/2021,CNO,CA,AWP,WE,Towers with Radar,0,0,24,0,24,0,0,226,0,226,0,0,250,0,250,331,0,331,581
06/28/2021,CNO,CA,AWP,WE,Towers with Radar,0,0,34,0,34,0,1,139,0,140,0,1,173,0,174,384,0,384,558
06/29/2021,CNO,CA,AWP,WE,Towers with Radar,0,0,47,1,48,0,0,178,0,178,0,0,225,1,226,513,0,513,739
06/30/2021,CNO,CA,AWP,WE,Towers with Radar,0,0,39,3,42,0,1,172,2,175,0,1,211,5,217,551,0,551,768
07/01/2021,CNO,CA,AWP,WE,Towers with Radar,0,6,28,0,34,0,0,151,0,151,0,6,179,0,185,519,0,519,704
07/02/2021,CNO,CA,AWP,WE,Towers with Radar,0,2,45,0,47,0,0,211,0,211,0,2,256,0,258,394,0,394,652
07/03/2021,CNO,CA,AWP,WE,Towers with Radar,0,2,37,0,39,0,2,208,0,210,0,4,245,0,249,341,0,341,590
07/04/2021,CNO,CA,AWP,WE,Towers with Radar,0,0,18,0,18,0,0,120,0,120,0,0,138,0,138,305,0,305,443
07/05/2021,CNO,CA,AWP,WE,Towers with Radar,0,0,40,0,40,0,0,138,0,138,0,0,178,0,178,297,0,297,475
07/06/2021,CNO,CA,AWP,WE,Towers with Radar,0,0,40,1,41,0,0,167,3,170,0,0,207,4,211,376,0,376,587
07/07/2021,CNO,CA,AWP,WE,Towers with Radar,0,4,36,0,40,0,0,144,4,148,0,4,180,4,188,479,3,482,670
07/08/2021,CNO,CA,AWP,WE,Towers with Radar,0,1,20,0,21,0,0,160,2,162,0,1,180,2,183,353,0,353,536
07/09/2021,CNO,CA,AWP,WE,Towers with Radar,0,2,33,0,35,0,0,137,0,137,0,2,170,0,172,345,0,345,517
07/10/2021,CNO,CA,AWP,WE,Towers with Radar,0,0,24,0,24,0,0,237,0,237,0,0,261,0,261,237,0,237,498
07/11/2021,CNO,CA,AWP,WE,Towers with Radar,0,3,35,0,38,0,0,155,0,155,0,3,190,0,193,409,0,409,602
07/12/2021,CNO,CA,AWP,WE,Towers with Radar,0,0,34,0,34,0,0,148,0,148,0,0,182,0,182,422,0,422,604
07/13/2021,CNO,CA,AWP,WE,Towers with Radar,0,6,34,0,40,0,1,159,3,163,0,7,193,3,203,443,15,458,661
07/14/2021,CNO,CA,AWP,WE,Towers with Radar,0,0,37,0,37,0,1,129,3,133,0,1,166,3,170,522,3,525,695
07/15/2021,CNO,CA,AWP,WE,Towers with Radar,0,0,56,0,56,0,2,156,3,161,0,2,212,3,217,459,13,472,689
07/16/2021,CNO,CA,AWP,WE,Towers with Radar,0,0,42,0,42,0,0,169,0,169,0,0,211,0,211,483,0,483,694
07/17/2021,CNO,CA,AWP,WE,Towers with Radar,0,0,28,0,28,0,0,195,0,195,0,0,223,0,223,394,0,394,617
07/18/2021,CNO,CA,AWP,WE,Towers with Radar,0,0,30,0,30,0,0,137,0,137,0,0,167,0,167,275,0,275,442
07/19/2021,CNO,CA,AWP,WE,Towers with Radar,0,1,23,0,24,0,1,147,0,148,0,2,170,0,172,385,0,385,557
07/20/2021,CNO,CA,AWP,WE,Towers with Radar,0,6,34,0,40,0,0,163,0,163,0,6,197,0,203,483,0,483,686
07/21/2021,CNO,CA,AWP,WE,Towers with Radar,0,0,30,0,30,0,0,127,0,127,0,0,157,0,157,532,0,532,689
07/22/2021,CNO,CA,AWP,WE,Towers with Radar,1,2,43,0,46,0,2,185,2,189,1,4,228,2,235,515,17,532,767
07/23/2021,CNO,CA,AWP,WE,Towers with Radar,0,0,28,1,29,0,1,180,1,182,0,1,208,2,211,417,0,417,628
07/24/2021,CNO,CA,AWP,WE,Towers with Radar,0,0,16,0,16,0,0,174,0,174,0,0,190,0,190,363,0,363,553
07/25/2021,CNO,CA,AWP,WE,Towers with Radar,0,0,31,0,31,0,0,154,0,154,0,0,185,0,185,283,0,283,468
07/26/2021,CNO,CA,AWP,WE,Towers with Radar,0,2,22,0,24,0,0,73,0,73,0,2,95,0,97,259,0,259,356
07/27/2021,CNO,CA,AWP,WE,Towers with Radar,0,2,30,0,32,0,0,153,0,153,0,2,183,0,185,370,0,370,555
07/28/2021,CNO,CA,AWP,WE,Towers with Radar,0,2,28,0,30,0,0,173,1,174,0,2,201,1,204,506,0,506,710
07/29/2021,CNO,CA,AWP,WE,Towers with Radar,0,0,37,0,37,0,0,148,1,149,0,0,185,1,186,437,0,437,623
07/30/2021,CNO,CA,AWP,WE,Towers with Radar,0,2,34,0,36,0,0,155,0,155,0,2,189,0,191,433,0,433,624
07/31/2021,CNO,CA,AWP,WE,Towers with Radar,0,0,29,0,29,0,0,163,0,163,0,0,192,0,192,283,0,283,475
08/01/2021,CNO,CA,AWP,WE,Towers with Radar,0,3,25,0,28,0,0,148,0,148,0,3,173,0,176,297,0,297,473
08/02/2021,CNO,CA,AWP,WE,Towers with Radar,0,2,23,0,25,0,0,122,2,124,0,2,145,2,149,351,0,351,500
08/03/2021,CNO,CA,AWP,WE,Towers with Radar,0,0,35,0,35,0,1,128,0,129,0,1,163,0,164,429,12,441,605
08/04/2021,CNO,CA,AWP,WE,Towers with Radar,0,2,38,1,41,0,0,154,1,155,0,2,192,2,196,459,0,459,655
08/05/2021,CNO,CA,AWP,WE,Towers with Radar,0,3,38,0,41,0,0,100,0,100,0,3,138,0,141,435,0,435,576
08/06/2021,CNO,CA,AWP,WE,Towers with Radar,0,0,37,0,37,0,2,157,2,161,0,2,194,2,198,541,0,541,739
08/07/2021,CNO,CA,AWP,WE,Towers with Radar,0,0,37,0,37,0,0,188,0,188,0,0,225,0,225,343,0,343,568
08/08/2021,CNO,CA,AWP,WE,Towers with Radar,0,0,26,0,26,0,0,122,0,122,0,0,148,0,148,303,0,303,451
08/09/2021,CNO,CA,AWP,WE,Towers with Radar,0,0,22,0,22,0,0,125,1,126,0,0,147,1,148,462,0,462,610
08/10/2021,CNO,CA,AWP,WE,Towers with Radar,0,0,26,0,26,0,1,149,4,154,0,1,175,4,180,592,0,592,772
08/11/2021,CNO,CA,AWP,WE,Towers with Radar,0,0,33,0,33,0,2,138,1,141,0,2,171,1,174,321,0,321,495
08/12/2021,CNO,CA,AWP,WE,Towers with Radar,3,2,37,0,42,0,0,121,3,124,3,2,158,3,166,526,11,537,703
08/13/2021,CNO,CA,AWP,WE,Towers with Radar,1,3,27,0,31,0,0,146,1,147,1,3,173,1,178,497,0,497,675
08/14/2021,CNO,CA,AWP,WE,Towers with Radar,2,1,27,0,30,0,0,183,4,187,2,1,210,4,217,245,0,245,462
08/15/2021,CNO,CA,AWP,WE,Towers with Radar,0,1,15,0,16,0,0,148,4,152,0,1,163,4,168,282,0,282,450
08/16/2021,CNO,CA,AWP,WE,Towers with Radar,0,2,27,0,29,0,1,134,0,135,0,3,161,0,164,344,0,344,508
08/17/2021,CNO,CA,AWP,WE,Towers with Radar,0,0,52,0,52,0,2,156,0,158,0,2,208,0,210,483,0,483,693
08/18/2021,CNO,CA,AWP,WE,Towers with Radar,0,0,46,1,47,0,0,83,2,85,0,0,129,3,132,486,0,486,618
08/19/2021,CNO,CA,AWP,WE,Towers with Radar,0,0,47,0,47,0,0,148,0,148,0,0,195,0,195,665,0,665,860
08/20/2021,CNO,CA,AWP,WE,Towers with Radar,0,1,38,0,39,0,0,123,0,123,0,1,161,0,162,518,0,518,680
08/21/2021,CNO,CA,AWP,WE,Towers with Radar,0,0,39,0,39,0,0,54,2,56,0,0,93,2,95,277,0,277,372
08/22/2021,CNO,CA,AWP,WE,Towers with Radar,0,1,52,1,54,0,0,109,0,109,0,1,161,1,163,295,0,295,458
08/23/2021,CNO,CA,AWP,WE,Towers with Radar,2,2,45,0,49,0,0,90,3,93,2,2,135,3,142,372,11,383,525
08/24/2021,CNO,CA,AWP,WE,Towers with Radar,0,8,52,0,60,0,0,144,4,148,0,8,196,4,208,568,0,568,776
08/25/2021,CNO,CA,AWP,WE,Towers with Radar,0,0,44,0,44,0,1,139,2,142,0,1,183,2,186,351,9,360,546
08/26/2021,CNO,CA,AWP,WE,Towers with Radar,0,4,26,0,30,0,1,161,0,162,0,5,187,0,192,531,0,531,723
08/27/2021,CNO,CA,AWP,WE,Towers with Radar,0,3,30,0,33,0,2,190,1,193,0,5,220,1,226,460,0,460,686
08/28/2021,CNO,CA,AWP,WE,Towers with Radar,0,0,31,0,31,0,1,184,0,185,0,1,215,0,216,384,0,384,600
08/29/2021,CNO,CA,AWP,WE,Towers with Radar,0,0,35,0,35,0,0,126,1,127,0,0,161,1,162,292,0,292,454
08/30/2021,CNO,CA,AWP,WE,Towers with Radar,0,4,18,0,22,0,0,147,2,149,0,4,165,2,171,440,0,440,611
08/31/2021,CNO,CA,AWP,WE,Towers with Radar,0,5,44,0,49,0,1,136,0,137,0,6,180,0,186,525,0,525,711
09/01/2021,CNO,CA,AWP,WE,Towers with Radar,1,5,36,2,44,0,0,100,0,100,1,5,136,2,144,549,0,549,693
09/02/2021,CNO,CA,AWP,WE,Towers with Radar,0,1,59,0,60,0,1,122,0,123,0,2,181,0,183,496,0,496,679
09/03/2021,CNO,CA,AWP,WE,Towers with Radar,0,0,47,0,47,0,0,154,0,154,0,0,201,0,201,409,0,409,610
09/04/2021,CNO,CA,AWP,WE,Towers with Radar,0,3,23,0,26,0,1,198,1,200,0,4,221,1,226,291,0,291,517
09/05/2021,CNO,CA,AWP,WE,Towers with Radar,0,0,26,0,26,0,0,115,1,116,0,0,141,1,142,165,0,165,307
09/06/2021,CNO,CA,AWP,WE,Towers with Radar,0,0,46,0,46,0,2,165,4,171,0,2,211,4,217,272,0,272,489
09/07/2021,CNO,CA,AWP,WE,Towers with Radar,0,2,32,0,34,0,1,137,1,139,0,3,169,1,173,441,8,449,622
09/08/2021,CNO,CA,AWP,WE,Towers with Radar,0,2,51,0,53,0,0,166,1,167,0,2,217,1,220,454,7,461,681
09/09/2021,CNO,CA,AWP,WE,Towers with Radar,0,2,44,0,46,0,2,132,0,134,0,4,176,0,180,408,0,408,588
09/10/2021,CNO,CA,AWP,WE,Towers with Radar,0,1,33,0,34,0,0,114,2,116,0,1,147,2,150,471,0,471,621
09/11/2021,CNO,CA,AWP,WE,Towers with Radar,0,0,31,0,31,0,0,182,2,184,0,0,213,2,215,309,0,309,524
09/12/2021,CNO,CA,AWP,WE,Towers with Radar,0,0,47,0,47,0,0,176,1,177,0,0,223,1,224,269,0,269,493
09/13/2021,CNO,CA,AWP,WE,Towers with Radar,0,1,34,0,35,0,0,117,0,117,0,1,151,0,152,375,0,375,527
09/14/2021,CNO,CA,AWP,WE,Towers with Radar,0,5,36,0,41,0,1,130,4,135,0,6,166,4,176,356,36,392,568
09/15/2021,CNO,CA,AWP,WE,Towers with Radar,0,1,63,0,64,0,1,137,1,139,0,2,200,1,203,323,0,323,526
09/16/2021,CNO,CA,AWP,WE,Towers with Radar,0,5,45,0,50,0,0,149,1,150,0,5,194,1,200,467,0,467,667
09/17/2021,CNO,CA,AWP,WE,Towers with Radar,0,2,45,0,47,0,0,136,1,137,0,2,181,1,184,419,0,419,603
09/18/2021,CNO,CA,AWP,WE,Towers with Radar,0,0,25,0,25,0,2,185,4,191,0,2,210,4,216,306,0,306,522
09/19/2021,CNO,CA,AWP,WE,Towers with Radar,2,2,35,0,39,0,0,140,1,141,2,2,175,1,180,217,0,217,397
09/20/2021,CNO,CA,AWP,WE,Towers with Radar,0,0,36,1,37,0,1,157,3,161,0,1,193,4,198,316,48,364,562
09/21/2021,CNO,CA,AWP,WE,Towers with Radar,0,2,55,0,57,0,0,177,1,178,0,2,232,1,235,346,13,359,594
09/22/2021,CNO,CA,AWP,WE,Towers with Radar,0,0,39,0,39,0,1,163,9,173,0,1,202,9,212,320,31,351,563
09/23/2021,CNO,CA,AWP,WE,Towers with Radar,0,1,38,1,40,0,1,150,3,154,0,2,188,4,194,375,3,378,572
09/24/2021,CNO,CA,AWP,WE,Towers with Radar,0,5,39,1,45,0,0,165,2,167,0,5,204,3,212,394,0,394,606
09/25/2021,CNO,CA,AWP,WE,Towers with Radar,0,0,36,1,37,0,0,188,2,190,0,0,224,3,227,425,0,425,652
09/26/2021,CNO,CA,AWP,WE,Towers with Radar,0,2,47,0,49,0,0,93,2,95,0,2,140,2,144,360,0,360,504
09/27/2021,CNO,CA,AWP,WE,Towers with Radar,0,0,34,1,35,0,0,67,5,72,0,0,101,6,107,363,26,389,496
09/28/2021,CNO,CA,AWP,WE,Towers with Radar,2,0,52,1,55,0,0,136,1,137,2,0,188,2,192,378,0,378,570
09/29/2021,CNO,CA,AWP,WE,Towers with Radar,0,2,50,0,52,0,0,196,3,199,0,2,246,3,251,495,2,497,748
09/30/2021,CNO,CA,AWP,WE,Towers with Radar,0,0,19,0,19,0,0,138,2,140,0,0,157,2,159,273,6,279,438
10/01/2021,CNO,CA,AWP,WE,Towers with Radar,0,0,37,0,37,0,2,183,1,186,0,2,220,1,223,388,0,388,611
10/02/2021,CNO,CA,AWP,WE,Towers with Radar,0,0,24,0,24,0,1,200,4,205,0,1,224,4,229,326,0,326,555
10/03/2021,CNO,CA,AWP,WE,Towers with Radar,0,0,22,0,22,0,0,184,5,189,0,0,206,5,211,250,0,250,461
10/04/2021,CNO,CA,AWP,WE,Towers with Radar,1,3,28,0,32,0,0,137,0,137,1,3,165,0,169,448,0,448,617
10/05/2021,CNO,CA,AWP,WE,Towers with Radar,0,0,47,0,47,0,2,159,9,170,0,2,206,9,217,436,16,452,669
10/06/2021,CNO,CA,AWP,WE,Towers with Radar,0,1,43,0,44,0,1,83,3,87,0,2,126,3,131,326,5,331,462
10/07/2021,CNO,CA,AWP,WE,Towers with Radar,0,2,51,0,53,0,0,74,0,74,0,2,125,0,127,468,0,468,595
10/08/2021,CNO,CA,AWP,WE,Towers with Radar,0,5,41,0,46,0,0,53,1,54,0,5,94,1,100,142,0,142,242
10/09/2021,CNO,CA,AWP,WE,Towers with Radar,1,4,37,0,42,0,0,165,2,167,1,4,202,2,209,441,0,441,650
10/10/2021,CNO,CA,AWP,WE,Towers with Radar,0,0,33,0,33,0,0,192,0,192,0,0,225,0,225,233,0,233,458
10/11/2021,CNO,CA,AWP,WE,Towers with Radar,0,1,38,0,39,0,0,120,2,122,0,1,158,2,161,176,0,176,337
10/12/2021,CNO,CA,AWP,WE,Towers with Radar,0,4,32,0,36,0,0,145,7,152,0,4,177,7,188,373,7,380,568
10/13/2021,CNO,CA,AWP,WE,Towers with Radar,0,1,39,0,40,0,0,183,0,183,0,1,222,0,223,455,0,455,678
10/14/2021,CNO,CA,AWP,WE,Towers with Radar,0,0,38,0,38,0,0,85,1,86,0,0,123,1,124,0,0,0,124
10/15/2021,CNO,CA,AWP,WE,Towers with Radar,0,3,19,0,22,0,0,92,0,92,0,3,111,0,114,260,0,260,374
10/16/2021,CNO,CA,AWP,WE,Towers with Radar,0,0,21,0,21,0,0,191,2,193,0,0,212,2,214,214,0,214,428
10/17/2021,CNO,CA,AWP,WE,Towers with Radar,0,0,39,0,39,0,0,208,0,208,0,0,247,0,247,174,0,174,421
10/18/2021,CNO,CA,AWP,WE,Towers with Radar,0,0,20,0,20,0,0,70,1,71,0,0,90,1,91,342,0,342,433
10/19/2021,CNO,CA,AWP,WE,Towers with Radar,0,0,36,2,38,0,0,189,0,189,0,0,225,2,227,478,0,478,705
10/20/2021,CNO,CA,AWP,WE,Towers with Radar,0,0,34,0,34,0,0,189,4,193,0,0,223,4,227,544,19,563,790
10/21/2021,CNO,CA,AWP,WE,Towers with Radar,0,0,43,0,43,0,0,201,2,203,0,0,244,2,246,398,0,398,644
10/22/2021,CNO,CA,AWP,WE,Towers with Radar,0,6,42,0,48,0,1,183,1,185,0,7,225,1,233,332,0,332,565
10/23/2021,CNO,CA,AWP,WE,Towers with Radar,0,1,48,0,49,0,0,61,0,61,0,1,109,0,110,319,0,319,429
10/24/2021,CNO,CA,AWP,WE,Towers with Radar,0,2,18,0,20,0,0,132,0,132,0,2,150,0,152,463,0,463,615
10/25/2021,CNO,CA,AWP,WE,Towers with Radar,0,0,36,0,36,0,0,4,0,4,0,0,40,0,40,8,0,8,48
10/26/2021,CNO,CA,AWP,WE,Towers with Radar,0,1,48,0,49,0,1,216,6,223,0,2,264,6,272,585,1,586,858
10/27/2021,CNO,CA,AWP,WE,Towers with Radar,0,2,41,0,43,0,0,172,2,174,0,2,213,2,217,752,0,752,969
10/28/2021,CNO,CA,AWP,WE,Towers with Radar,0,0,38,0,38,0,1,186,4,191,0,1,224,4,229,545,0,545,774
10/29/2021,CNO,CA,AWP,WE,Towers with Radar,0,1,74,0,75,0,0,167,2,169,0,1,241,2,244,528,3,531,775
10/30/2021,CNO,CA,AWP,WE,Towers with Radar,0,2,24,0,26,0,0,198,0,198,0,2,222,0,224,452,0,452,676
10/31/2021,CNO,CA,AWP,WE,Towers with Radar,0,0,38,0,38,0,0,63,0,63,0,0,101,0,101,259,0,259,360
11/01/2021,CNO,CA,AWP,WE,Towers with Radar,0,0,47,0,47,0,0,92,1,93,0,0,139,1,140,286,0,286,426
11/02/2021,CNO,CA,AWP,WE,Towers with Radar,0,0,30,0,30,0,0,113,1,114,0,0,143,1,144,235,0,235,379
11/03/2021,CNO,CA,AWP,WE,Towers with Radar,0,6,32,0,38,0,3,145,0,148,0,9,177,0,186,542,0,542,728
11/04/2021,CNO,CA,AWP,WE,Towers with Radar,0,1,46,0,47,0,1,162,1,164,0,2,208,1,211,531,0,531,742
11/05/2021,CNO,CA,AWP,WE,Towers with Radar,0,4,33,1,38,0,4,174,0,178,0,8,207,1,216,559,0,559,775
11/06/2021,CNO,CA,AWP,WE,Towers with Radar,0,1,25,0,26,0,0,97,0,97,0,1,122,0,123,220,0,220,343
11/07/2021,CNO,CA,AWP,WE,Towers with Radar,0,2,29,0,31,0,1,90,2,93,0,3,119,2,124,223,5,228,352
11/08/2021,CNO,CA,AWP,WE,Towers with Radar,0,0,46,0,46,0,0,109,2,111,0,0,155,2,157,330,0,330,487
11/09/2021,CNO,CA,AWP,WE,Towers with Radar,0,2,33,0,35,0,0,106,1,107,0,2,139,1,142,441,0,441,583
11/10/2021,CNO,CA,AWP,WE,Towers with Radar,0,0,61,0,61,0,0,184,4,188,0,0,245,4,249,512,30,542,791
11/11/2021,CNO,CA,AWP,WE,Towers with Radar,0,1,22,0,23,0,0,134,2,136,0,1,156,2,159,300,0,300,459
11/12/2021,CNO,CA,AWP,WE,Towers with Radar,0,3,31,1,35,0,1,178,2,181,0,4,209,3,216,398,0,398,614
11/13/2021,CNO,CA,AWP,WE,Towers with Radar,0,3,35,0,38,0,2,215,2,219,0,5,250,2,257,467,0,467,724
11/14/2021,CNO,CA,AWP,WE,Towers with Radar,0,2,34,0,36,0,0,189,2,191,0,2,223,2,227,333,0,333,560
11/15/2021,CNO,CA,AWP,WE,Towers with Radar,0,3,47,0,50,0,0,152,1,153,0,3,199,1,203,393,0,393,596
11/16/2021,CNO,CA,AWP,WE,Towers with Radar,0,1,40,0,41,0,1,145,6,152,0,2,185,6,193,574,33,607,800
11/17/2021,CNO,CA,AWP,WE,Towers with Radar,0,4,41,1,46,0,3,131,2,136,0,7,172,3,182,566,4,570,752
11/18/2021,CNO,CA,AWP,WE,Towers with Radar,0,2,31,0,33,0,1,152,3,156,0,3,183,3,189,530,5,535,724
11/19/2021,CNO,CA,AWP,WE,Towers with Radar,0,0,38,0,38,0,0,112,0,112,0,0,150,0,150,359,0,359,509
11/20/2021,CNO,CA,AWP,WE,Towers with Radar,0,1,41,0,42,0,0,115,5,120,0,1,156,5,162,15,0,15,177
11/21/2021,CNO,CA,AWP,WE,Towers with Radar,0,2,18,0,20,0,0,58,2,60,0,2,76,2,80,128,0,128,208
11/22/2021,CNO,CA,AWP,WE,Towers with Radar,0,0,22,0,22,0,0,146,1,147,0,0,168,1,169,496,3,499,668
11/23/2021,CNO,CA,AWP,WE,Towers with Radar,0,2,23,1,26,0,0,180,3,183,0,2,203,4,209,448,16,464,673
11/24/2021,CNO,CA,AWP,WE,Towers with Radar,0,4,19,0,23,0,0,130,0,130,0,4,149,0,153,359,0,359,512
11/25/2021,CNO,CA,AWP,WE,Towers with Radar,0,0,5,0,5,0,0,13,0,13,0,0,18,0,18,57,0,57,75
11/26/2021,CNO,CA,AWP,WE,Towers with Radar,0,0,19,0,19,0,0,138,0,138,0,0,157,0,157,310,0,310,467
11/27/2021,CNO,CA,AWP,WE,Towers with Radar,0,0,35,1,36,0,1,183,0,184,0,1,218,1,220,451,0,451,671
11/28/2021,CNO,CA,AWP,WE,Towers with Radar,0,2,27,0,29,0,0,179,0,179,0,2,206,0,208,261,0,261,469
11/29/2021,CNO,CA,AWP,WE,Towers with Radar,0,1,26,2,29,0,0,162,4,166,0,1,188,6,195,416,14,430,625
11/30/2021,CNO,CA,AWP,WE,Towers with Radar,0,0,46,1,47,0,0,157,4,161,0,0,203,5,208,594,33,627,835
12/01/2021,CNO,CA,AWP,WE,Towers with Radar,3,0,44,1,48,0,0,185,0,185,3,0,229,1,233,613,0,613,846
12/02/2021,CNO,CA,AWP,WE,Towers with Radar,0,2,36,1,39,0,0,148,1,149,0,2,184,2,188,607,18,625,813
12/03/2021,CNO,CA,AWP,WE,Towers with Radar,0,2,55,0,57,0,0,66,0,66,0,2,121,0,123,166,0,166,289
12/04/2021,CNO,CA,AWP,WE,Towers with Radar,0,0,85,0,85,0,0,9,0,9,0,0,94,0,94,0,0,0,94
12/05/2021,CNO,CA,AWP,WE,Towers with Radar,0,0,51,0,51,0,0,17,0,17,0,0,68,0,68,11,0,11,79
12/06/2021,CNO,CA,AWP,WE,Towers with Radar,0,7,39,0,46,0,0,115,0,115,0,7,154,0,161,376,0,376,537
12/07/2021,CNO,CA,AWP,WE,Towers with Radar,2,1,36,1,40,0,0,59,1,60,2,1,95,2,100,239,20,259,359
12/08/2021,CNO,CA,AWP,WE,Towers with Radar,0,1,39,0,40,0,0,89,8,97,0,1,128,8,137,257,48,305,442
12/09/2021,CNO,CA,AWP,WE,Towers with Radar,0,2,15,0,17,0,0,7,4,11,0,2,22,4,28,56,36,92,120
12/10/2021,CNO,CA,AWP,WE,Towers with Radar,0,0,30,0,30,0,0,165,1,166,0,0,195,1,196,511,0,511,707
12/11/2021,CNO,CA,AWP,WE,Towers with Radar,0,0,30,0,30,0,0,238,7,245,0,0,268,7,275,583,0,583,858
12/12/2021,CNO,CA,AWP,WE,Towers with Radar,0,4,21,0,25,0,0,176,0,176,0,4,197,0,201,328,0,328,529
12/13/2021,CNO,CA,AWP,WE,Towers with Radar,0,0,47,0,47,0,0,89,0,89,0,0,136,0,136,386,0,386,522
12/14/2021,CNO,CA,AWP,WE,Towers with Radar,0,0,14,0,14,0,0,5,0,5,0,0,19,0,19,61,0,61,80
12/15/2021,CNO,CA,AWP,WE,Towers with Radar,0,1,34,0,35,0,0,160,3,163,0,1,194,3,198,485,0,485,683
12/16/2021,CNO,CA,AWP,WE,Towers with Radar,0,1,36,1,38,0,1,133,0,134,0,2,169,1,172,513,0,513,685
12/17/2021,CNO,CA,AWP,WE,Towers with Radar,0,0,22,0,22,0,0,177,3,180,0,0,199,3,202,563,13,576,778
12/18/2021,CNO,CA,AWP,WE,Towers with Radar,0,1,25,0,26,0,0,192,0,192,0,1,217,0,218,493,0,493,711
12/19/2021,CNO,CA,AWP,WE,Towers with Radar,0,0,34,0,34,0,0,207,0,207,0,0,241,0,241,291,0,291,532
12/20/2021,CNO,CA,AWP,WE,Towers with Radar,0,0,40,2,42,0,0,187,2,189,0,0,227,4,231,414,8,422,653
12/21/2021,CNO,CA,AWP,WE,Towers with Radar,0,1,28,0,29,0,0,145,3,148,0,1,173,3,177,450,5,455,632
12/22/2021,CNO,CA,AWP,WE,Towers with Radar,0,2,34,2,38,0,0,128,0,128,0,2,162,2,166,419,0,419,585
12/23/2021,CNO,CA,AWP,WE,Towers with Radar,0,0,19,0,19,0,0,0,0,0,0,0,19,0,19,0,0,0,19
12/24/2021,CNO,CA,AWP,WE,Towers with Radar,0,0,7,0,7,0,0,14,0,14,0,0,21,0,21,69,0,69,90
12/25/2021,CNO,CA,AWP,WE,Towers with Radar,0,0,2,0,2,0,0,0,0,0,0,0,2,0,2,0,0,0,2
12/26/2021,CNO,CA,AWP,WE,Towers with Radar,0,2,25,0,27,0,1,96,0,97,0,3,121,0,124,119,0,119,243
12/27/2021,CNO,CA,AWP,WE,Towers with Radar,0,4,27,0,31,0,0,35,0,35,0,4,62,0,66,137,0,137,203
12/28/2021,CNO,CA,AWP,WE,Towers with Radar,0,0,19,0,19,0,0,64,0,64,0,0,83,0,83,254,0,254,337
12/29/2021,CNO,CA,AWP,WE,Towers with Radar,0,0,17,0,17,0,0,21,0,21,0,0,38,0,38,148,0,148,186
12/30/2021,CNO,CA,AWP,WE,Towers with Radar,0,2,22,0,24,0,0,13,0,13,0,2,35,0,37,44,0,44,81
12/31/2021,CNO,CA,AWP,WE,Towers with Radar,0,0,29,0,29,0,0,108,0,108,0,0,137,0,137,217,0,217,354
01/01/2022,CNO,CA,AWP,WE,Towers with Radar,0,4,18,0,22,0,4,135,1,140,0,8,153,1,162,173,0,173,335
01/02/2022,CNO,CA,AWP,WE,Towers with Radar,0,4,29,1,34,0,0,146,1,147,0,4,175,2,181,212,0,212,393
01/03/2022,CNO,CA,AWP,WE,Towers with Radar,0,0,28,0,28,0,0,164,2,166,0,0,192,2,194,294,0,294,488
01/04/2022,CNO,CA,AWP,WE,Towers with Radar,0,2,41,0,43,0,1,153,0,154,0,3,194,0,197,400,0,400,597
01/05/2022,CNO,CA,AWP,WE,Towers with Radar,0,5,37,0,42,0,0,132,0,132,0,5,169,0,174,376,0,376,550
01/06/2022,CNO,CA,AWP,WE,Towers with Radar,0,0,33,0,33,0,0,151,0,151,0,0,184,0,184,240,0,240,424
01/07/2022,CNO,CA,AWP,WE,Towers with Radar,0,0,45,0,45,0,0,141,0,141,0,0,186,0,186,270,0,270,456
01/08/2022,CNO,CA,AWP,WE,Towers with Radar,0,5,55,0,60,0,0,162,2,164,0,5,217,2,224,272,0,272,496
01/09/2022,CNO,CA,AWP,WE,Towers with Radar,0,1,15,0,16,0,0,159,0,159,0,1,174,0,175,271,0,271,446
01/10/2022,CNO,CA,AWP,WE,Towers with Radar,0,0,9,0,9,0,0,85,0,85,0,0,94,0,94,359,0,359,453
01/11/2022,CNO,CA,AWP,WE,Towers with Radar,0,5,19,0,24,0,0,152,5,157,0,5,171,5,181,365,15,380,561
01/12/2022,CNO,CA,AWP,WE,Towers with Radar,0,0,34,0,34,0,0,156,6,162,0,0,190,6,196,594,35,629,825
01/13/2022,CNO,CA,AWP,WE,Towers with Radar,0,1,44,1,46,0,0,155,3,158,0,1,199,4,204,403,10,413,617
01/14/2022,CNO,CA,AWP,WE,Towers with Radar,0,3,25,0,28,0,0,134,0,134,0,3,159,0,162,386,0,386,548
01/15/2022,CNO,CA,AWP,WE,Towers with Radar,0,0,25,0,25,0,0,130,2,132,0,0,155,2,157,269,0,269,426
01/16/2022,CNO,CA,AWP,WE,Towers with Radar,0,2,24,0,26,0,0,195,1,196,0,2,219,1,222,357,0,357,579
01/17/2022,CNO,CA,AWP,WE,Towers with Radar,0,2,38,0,40,0,1,54,0,55,0,3,92,0,95,307,0,307,402
01/18/2022,CNO,CA,AWP,WE,Towers with Radar,0,0,43,1,44,0,0,87,0,87,0,0,130,1,131,407,0,407,538
01/19/2022,CNO,CA,AWP,WE,Towers with Radar,0,0,43,0,43,0,1,107,4,112,0,1,150,4,155,348,6,354,509
01/20/2022,CNO,CA,AWP,WE,Towers with Radar,0,3,23,1,27,0,0,164,2,166,0,3,187,3,193,438,0,438,631
01/21/2022,CNO,CA,AWP,WE,Towers with Radar,0,0,17,0,17,0,0,127,0,127,0,0,144,0,144,321,25,346,490
01/22/2022,CNO,CA,AWP,WE,Towers with Radar,0,0,9,1,10,0,0,9,1,10,0,0,18,2,20,12,0,12,32
01/23/2022,CNO,CA,AWP,WE,Towers with Radar,0,0,26,0,26,0,0,155,2,157,0,0,181,2,183,227,0,227,410
01/24/2022,CNO,CA,AWP,WE,Towers with Radar,0,0,25,1,26,0,0,138,5,143,0,0,163,6,169,253,9,262,431
01/25/2022,CNO,CA,AWP,WE,Towers with Radar,0,0,24,3,27,0,0,192,7,199,0,0,216,10,226,447,4,451,677
01/26/2022,CNO,CA,AWP,WE,Towers with Radar,0,3,21,0,24,0,0,139,3,142,0,3,160,3,166,333,9,342,508
01/27/2022,CNO,CA,AWP,WE,Towers with Radar,0,2,26,1,29,0,0,132,7,139,0,2,158,8,168,369,12,381,549
01/28/2022,CNO,CA,AWP,WE,Towers with Radar,0,1,12,1,14,0,0,82,3,85,0,1,94,4,99,252,0,252,351
01/29/2022,CNO,CA,AWP,WE,Towers with Radar,0,0,27,0,27,0,0,160,2,162,0,0,187,2,189,379,0,379,568
01/30/2022,CNO,CA,AWP,WE,Towers with Radar,0,0,32,0,32,0,0,218,0,218,0,0,250,0,250,407,0,407,657
01/31/2022,CNO,CA,AWP,WE,Towers with Radar,0,0,36,0,36,0,0,140,5,145,0,0,176,5,181,395,3,398,579
02/01/2022,CNO,CA,AWP,WE,Towers with Radar,0,0,41,8,49,0,0,115,2,117,0,0,156,10,166,362,0,362,528
02/02/2022,CNO,CA,AWP,WE,Towers with Radar,0,2,6,0,8,0,0,41,0,41,0,2,47,0,49,118,0,118,167
02/03/2022,CNO,CA,AWP,WE,Towers with Radar,0,2,23,2,27,0,0,165,1,166,0,2,188,3,193,327,0,327,520
02/04/2022,CNO,CA,AWP,WE,Towers with Radar,0,0,19,1,20,0,0,75,1,76,0,0,94,2,96,102,0,102,198
02/05/2022,CNO,CA,AWP,WE,Towers with Radar,0,0,30,0,30,0,1,214,0,215,0,1,244,0,245,390,0,390,635
02/06/2022,CNO,CA,AWP,WE,Towers with Radar,0,1,28,0,29,0,0,110,0,110,0,1,138,0,139,152,0,152,291
02/07/2022,CNO,CA,AWP,WE,Towers with Radar,0,2,24,2,28,0,0,153,10,163,0,2,177,12,191,415,37,452,643
02/08/2022,CNO,CA,AWP,WE,Towers with Radar,0,2,17,3,22,0,0,163,3,166,0,2,180,6,188,339,0,339,527
02/09/2022,CNO,CA,AWP,WE,Towers with Radar,0,2,26,0,28,0,0,127,3,130,0,2,153,3,158,418,10,428,586
02/10/2022,CNO,CA,AWP,WE,Towers with Radar,0,5,15,0,20,0,0,75,3,78,0,5,90,3,98,102,5,107,205
02/11/2022,CNO,CA,AWP,WE,Towers with Radar,0,7,46,3,56,0,0,237,3,240,0,7,283,6,296,478,0,478,774
02/12/2022,CNO,CA,AWP,WE,Towers with Radar,0,4,26,0,30,0,1,184,0,185,0,5,210,0,215,333,0,333,548
02/13/2022,CNO,CA,AWP,WE,Towers with Radar,0,2,22,0,24,0,0,137,1,138,0,2,159,1,162,367,0,367,529
02/14/2022,CNO,CA,AWP,WE,Towers with Radar,0,7,38,2,47,0,0,124,7,131,0,7,162,9,178,401,0,401,579
02/15/2022,CNO,CA,AWP,WE,Towers with Radar,0,0,26,3,29,0,0,50,3,53,0,0,76,6,82,274,0,274,356
02/16/2022,CNO,CA,AWP,WE,Towers with Radar,0,2,32,2,36,0,0,193,4,197,0,2,225,6,233,436,0,436,669
02/17/2022,CNO,CA,AWP,WE,Towers with Radar,0,0,24,1,25,0,0,93,3,96,0,0,117,4,121,235,0,235,356
02/18/2022,CNO,CA,AWP,WE,Towers with Radar,1,1,36,3,41,0,0,214,4,218,1,1,250,7,259,431,0,431,690
02/19/2022,CNO,CA,AWP,WE,Towers with Radar,0,1,37,0,38,0,1,244,4,249,0,2,281,4,287,333,0,333,620
02/20/2022,CNO,CA,AWP,WE,Towers with Radar,0,0,34,1,35,0,0,178,5,183,0,0,212,6,218,243,0,243,461
02/21/2022,CNO,CA,AWP,WE,Towers with Radar,0,0,44,4,48,0,0,84,2,86,0,0,128,6,134,319,0,319,453
02/22/2022,CNO,CA,AWP,WE,Towers with Radar,0,0,26,7,33,0,0,38,5,43,0,0,64,12,76,143,4,147,223
02/23/2022,CNO,CA,AWP,WE,Towers with Radar,1,0,29,2,32,0,0,108,5,113,1,0,137,7,145,528,23,551,696
02/24/2022,CNO,CA,AWP,WE,Towers with Radar,1,0,33,3,37,0,0,224,7,231,1,0,257,10,268,516,12,528,796
02/25/2022,CNO,CA,AWP,WE,Towers with Radar,0,0,29,1,30,0,0,224,3,227,0,0,253,4,257,428,0,428,685
02/26/2022,CNO,CA,AWP,WE,Towers with Radar,0,1,27,0,28,0,0,194,2,196,0,1,221,2,224,348,0,348,572
02/27/2022,CNO,CA,AWP,WE,Towers with Radar,0,0,11,0,11,0,0,156,2,158,0,0,167,2,169,340,0,340,509
02/28/2022,CNO,CA,AWP,WE,Towers with Radar,0,0,16,2,18,0,0,148,4,152,0,0,164,6,170,387,0,387,557
03/01/2022,CNO,CA,AWP,WE,Towers with Radar,0,1,25,2,28,0,1,150,6,157,0,2,175,8,185,325,43,368,553
03/02/2022,CNO,CA,AWP,WE,Towers with Radar,0,2,36,3,41,0,0,174,3,177,0,2,210,6,218,537,9,546,764
03/03/2022,CNO,CA,AWP,WE,Towers with Radar,0,2,31,4,37,0,0,151,8,159,0,2,182,12,196,464,0,464,660
03/04/2022,CNO,CA,AWP,WE,Towers with Radar,0,0,23,1,24,0,0,51,1,52,0,0,74,2,76,265,0,265,341
03/05/2022,CNO,CA,AWP,WE,Towers with Radar,0,0,12,0,12,0,0,88,0,88,0,0,100,0,100,174,0,174,274
03/06/2022,CNO,CA,AWP,WE,Towers with Radar,0,2,33,0,35,0,0,180,0,180,0,2,213,0,215,397,0,397,612
03/07/2022,CNO,CA,AWP,WE,Towers with Radar,0,1,13,3,17,0,0,62,4,66,0,1,75,7,83,174,0,174,257
03/08/2022,CNO,CA,AWP,WE,Towers with Radar,0,0,36,6,42,0,0,195,7,202,0,0,231,13,244,404,0,404,648
03/09/2022,CNO,CA,AWP,WE,Towers with Radar,1,2,45,3,51,0,2,185,10,197,1,4,230,13,248,628,0,628,876
03/10/2022,CNO,CA,AWP,WE,Towers with Radar,0,3,22,2,27,0,2,123,2,127,0,5,145,4,154,542,0,542,696
03/11/2022,CNO,CA,AWP,WE,Towers with Radar,0,0,34,4,38,0,1,183,4,188,0,1,217,8,226,323,0,323,549
03/12/2022,CNO,CA,AWP,WE,Towers with Radar,0,1,24,0,25,0,4,188,4,196,0,5,212,4,221,276,0,276,497
03/13/2022,CNO,CA,AWP,WE,Towers with Radar,0,2,20,0,22,0,1,147,0,148,0,3,167,0,170,270,0,270,440
03/14/2022,CNO,CA,AWP,WE,Towers with Radar,2,3,34,2,41,0,0,138,9,147,2,3,172,11,188,302,18,320,508
03/15/2022,CNO,CA,AWP,WE,Towers with Radar,0,1,47,3,51,0,0,178,5,183,0,1,225,8,234,471,0,471,705
03/16/2022,CNO,CA,AWP,WE,Towers with Radar,0,0,50,3,53,0,0,189,5,194,0,0,239,8,247,281,6,287,534
03/17/2022,CNO,CA,AWP,WE,Towers with Radar,0,0,41,3,44,0,0,172,4,176,0,0,213,7,220,384,0,384,604
03/18/2022,CNO,CA,AWP,WE,Towers with Radar,1,2,31,4,38,0,0,208,9,217,1,2,239,13,255,378,7,385,640
03/19/2022,CNO,CA,AWP,WE,Towers with Radar,0,0,28,4,32,0,0,144,3,147,0,0,172,7,179,282,19,301,480
03/20/2022,CNO,CA,AWP,WE,Towers with Radar,0,0,32,0,32,0,0,130,2,132,0,0,162,2,164,194,0,194,358
03/21/2022,CNO,CA,AWP,WE,Towers with Radar,1,0,30,2,33,0,0,132,1,133,1,0,162,3,166,378,0,378,544
03/22/2022,CNO,CA,AWP,WE,Towers with Radar,0,0,16,2,18,0,0,100,4,104,0,0,116,6,122,206,7,213,335
03/23/2022,CNO,CA,AWP,WE,Towers with Radar,1,0,13,0,14,0,0,156,4,160,1,0,169,4,174,492,27,519,693
03/24/2022,CNO,CA,AWP,WE,Towers with Radar,0,1,31,4,36,0,0,201,7,208,0,1,232,11,244,402,0,402,646
03/25/2022,CNO,CA,AWP,WE,Towers with Radar,0,3,38,5,46,0,0,226,4,230,0,3,264,9,276,512,0,512,788
03/26/2022,CNO,CA,AWP,WE,Towers with Radar,0,0,27,1,28,0,0,194,1,195,0,0,221,2,223,411,0,411,634
03/27/2022,CNO,CA,AWP,WE,Towers with Radar,0,5,34,0,39,0,0,117,0,117,0,5,151,0,156,324,0,324,480
03/28/2022,CNO,CA,AWP,WE,Towers with Radar,2,0,27,2,31,0,0,23,0,23,2,0,50,2,54,125,0,125,179
03/29/2022,CNO,CA,AWP,WE,Towers with Radar,0,0,25,6,31,0,0,127,7,134,0,0,152,13,165,457,2,459,624
03/30/2022,CNO,CA,AWP,WE,Towers with Radar,2,1,42,3,48,0,0,169,6,175,2,1,211,9,223,474,0,474,697
03/31/2022,CNO,CA,AWP,WE,Towers with Radar,0,0,34,3,37,0,0,92,2,94,0,0,126,5,131,557,0,557,688
04/01/2022,CNO,CA,AWP,WE,Towers with Radar,1,0,28,5,34,0,0,129,3,132,1,0,157,8,166,606,0,606,772
04/02/2022,CNO,CA,AWP,WE,Towers with Radar,0,0,56,1,57,0,0,105,0,105,0,0,161,1,162,387,0,387,549
04/03/2022,CNO,CA,AWP,WE,Towers with Radar,0,2,42,0,44,0,0,32,0,32,0,2,74,0,76,167,0,167,243
04/04/2022,CNO,CA,AWP,WE,Towers with Radar,0,1,37,2,40,0,1,104,3,108,0,2,141,5,148,245,0,245,393
04/05/2022,CNO,CA,AWP,WE,Towers with Radar,3,3,25,4,35,0,0,153,8,161,3,3,178,12,196,349,18,367,563
04/06/2022,CNO,CA,AWP,WE,Towers with Radar,0,2,21,4,27,0,0,142,7,149,0,2,163,11,176,483,9,492,668
04/07/2022,CNO,CA,AWP,WE,Towers with Radar,2,0,16,1,19,0,0,64,5,69,2,0,80,6,88,83,4,87,175
04/08/2022,CNO,CA,AWP,WE,Towers with Radar,2,2,19,2,25,0,1,133,6,140,2,3,152,8,165,231,0,231,396
04/09/2022,CNO,CA,AWP,WE,Towers with Radar,0,2,26,0,28,0,3,194,0,197,0,5,220,0,225,319,0,319,544
04/10/2022,CNO,CA,AWP,WE,Towers with Radar,1,3,32,0,36,0,3,83,0,86,1,6,115,0,122,225,0,225,347
04/11/2022,CNO,CA,AWP,WE,Towers with Radar,1,0,33,0,34,0,0,58,5,63,1,0,91,5,97,394,8,402,499
04/12/2022,CNO,CA,AWP,WE,Towers with Radar,0,0,29,1,30,0,0,147,5,152,0,0,176,6,182,410,0,410,592
04/13/2022,CNO,CA,AWP,WE,Towers with Radar,0,0,26,1,27,0,0,181,9,190,0,0,207,10,217,531,10,541,758
04/14/2022,CNO,CA,AWP,WE,Towers with Radar,0,1,45,5,51,0,0,197,4,201,0,1,242,9,252,586,16,602,854
04/15/2022,CNO,CA,AWP,WE,Towers with Radar,4,0,31,0,35,0,0,194,2,196,4,0,225,2,231,577,0,577,808
04/16/2022,CNO,CA,AWP,WE,Towers with Radar,0,0,26,0,26,0,0,117,0,117,0,0,143,0,143,376,0,376,519
04/17/2022,CNO,CA,AWP,WE,Towers with Radar,0,0,18,0,18,0,0,114,2,116,0,0,132,2,134,236,0,236,370
04/18/2022,CNO,CA,AWP,WE,Towers with Radar,0,0,26,1,27,0,0,148,1,149,0,0,174,2,176,507,0,507,683
04/19/2022,CNO,CA,AWP,WE,Towers with Radar,0,2,47,3,52,0,0,176,8,184,0,2,223,11,236,519,7,526,762
04/20/2022,CNO,CA,AWP,WE,Towers with Radar,0,0,40,3,43,0,0,151,0,151,0,0,191,3,194,552,0,552,746
04/21/2022,CNO,CA,AWP,WE,Towers with Radar,0,0,34,3,37,0,0,163,2,165,0,0,197,5,202,494,0,494,696
04/22/2022,CNO,CA,AWP,WE,Towers with Radar,0,2,24,3,29,0,0,109,5,114,0,2,133,8,143,254,0,254,397
04/23/2022,CNO,CA,AWP,WE,Towers with Radar,0,0,37,1,38,0,0,169,4,173,0,0,206,5,211,453,0,453,664
04/24/2022,CNO,CA,AWP,WE,Towers with Radar,0,1,22,0,23,0,0,81,0,81,0,1,103,0,104,84,0,84,188
04/25/2022,CNO,CA,AWP,WE,Towers with Radar,0,0,25,2,27,0,1,153,3,157,0,1,178,5,184,193,9,202,386
04/26/2022,CNO,CA,AWP,WE,Towers with Radar,0,0,37,2,39,0,0,182,2,184,0,0,219,4,223,477,0,477,700
04/27/2022,CNO,CA,AWP,WE,Towers with Radar,0,0,41,2,43,0,0,197,2,199,0,0,238,4,242,486,0,486,728
04/28/2022,CNO,CA,AWP,WE,Towers with Radar,0,0,55,4,59,0,0,140,5,145,0,0,195,9,204,545,8,553,757
04/29/2022,CNO,CA,AWP,WE,Towers with Radar,2,2,43,0,47,0,0,177,1,178,2,2,220,1,225,380,0,380,605
04/30/2022,CNO,CA,AWP,WE,Towers with Radar,0,1,18,1,20,0,2,186,2,190,0,3,204,3,210,297,0,297,507
05/01/2022,CNO,CA,AWP,WE,Towers with Radar,0,0,19,0,19,0,0,199,0,199,0,0,218,0,218,315,0,315,533
05/02/2022,CNO,CA,AWP,WE,Towers with Radar,0,0,35,0,35,0,0,108,2,110,0,0,143,2,145,309,9,318,463
05/03/2022,CNO,CA,AWP,WE,Towers with Radar,0,1,27,6,34,0,0,138,8,146,0,1,165,14,180,368,7,375,555
05/04/2022,CNO,CA,AWP,WE,Towers with Radar,0,2,29,4,35,0,0,204,5,209,0,2,233,9,244,548,3,551,795
05/05/2022,CNO,CA,AWP,WE,Towers with Radar,0,0,43,1,44,0,0,198,4,202,0,0,241,5,246,481,5,486,732
05/06/2022,CNO,CA,AWP,WE,Towers with Radar,0,3,33,0,36,0,0,228,3,231,0,3,261,3,267,589,0,589,856
05/07/2022,CNO,CA,AWP,WE,Towers with Radar,0,0,22,0,22,0,0,195,2,197,0,0,217,2,219,250,0,250,469
05/08/2022,CNO,CA,AWP,WE,Towers with Radar,0,0,13,0,13,0,0,57,2,59,0,0,70,2,72,208,0,208,280
05/09/2022,CNO,CA,AWP,WE,Towers with Radar,0,2,32,0,34,0,0,149,3,152,0,2,181,3,186,465,6,471,657
05/10/2022,CNO,CA,AWP,WE,Towers with Radar,0,0,40,3,43,0,0,180,7,187,0,0,220,10,230,407,0,407,637
05/11/2022,CNO,CA,AWP,WE,Towers with Radar,0,0,38,4,42,0,0,168,5,173,0,0,206,9,215,534,0,534,749
05/12/2022,CNO,CA,AWP,WE,Towers with Radar,0,0,35,2,37,0,0,165,4,169,0,0,200,6,206,439,18,457,663
05/13/2022,CNO,CA,AWP,WE,Towers with Radar,3,0,31,0,34,0,0,236,4,240,3,0,267,4,274,482,0,482,756
05/14/2022,CNO,CA,AWP,WE,Towers with Radar,0,2,25,1,28,0,0,226,0,226,0,2,251,1,254,376,0,376,630
05/15/2022,CNO,CA,AWP,WE,Towers with Radar,0,0,35,0,35,0,0,179,4,183,0,0,214,4,218,300,0,300,518
05/16/2022,CNO,CA,AWP,WE,Towers with Radar,0,0,37,3,40,0,0,138,4,142,0,0,175,7,182,353,0,353,535
05/17/2022,CNO,CA,AWP,WE,Towers with Radar,0,3,42,4,49,0,0,108,9,117,0,3,150,13,166,320,0,320,486
05/18/2022,CNO,CA,AWP,WE,Towers with Radar,0,2,43,2,47,0,1,140,3,144,0,3,183,5,191,311,0,311,502
05/19/2022,CNO,CA,AWP,WE,Towers with Radar,0,5,29,6,40,0,2,122,6,130,0,7,151,12,170,265,0,265,435
05/20/2022,CNO,CA,AWP,WE,Towers with Radar,0,0,38,6,44,0,1,70,0,71,0,1,108,6,115,410,0,410,525
05/21/2022,CNO,CA,AWP,WE,Towers with Radar,0,2,37,2,41,0,0,162,0,162,0,2,199,2,203,396,0,396,599
05/22/2022,CNO,CA,AWP,WE,Towers with Radar,0,1,31,0,32,0,0,195,4,199,0,1,226,4,231,315,0,315,546
05/23/2022,CNO,CA,AWP,WE,Towers with Radar,1,1,47,1,50,0,0,152,1,153,1,1,199,2,203,487,0,487,690
05/24/2022,CNO,CA,AWP,WE,Towers with Radar,1,0,62,3,66,0,0,192,6,198,1,0,254,9,264,482,0,482,746
05/25/2022,CNO,CA,AWP,WE,Towers with Radar,2,4,35,4,45,0,0,193,4,197,2,4,228,8,242,456,0,456,698
05/26/2022,CNO,CA,AWP,WE,Towers with Radar,0,0,40,5,45,0,0,183,6,189,0,0,223,11,234,398,0,398,632
05/27/2022,CNO,CA,AWP,WE,Towers with Radar,0,0,38,1,39,0,0,168,1,169,0,0,206,2,208,397,0,397,605
05/28/2022,CNO,CA,AWP,WE,Towers with Radar,0,0,32,0,32,0,0,73,0,73,0,0,105,0,105,308,0,308,413
05/29/2022,CNO,CA,AWP,WE,Towers with Radar,1,0,26,0,27,0,0,100,0,100,1,0,126,0,127,213,0,213,340
05/30/2022,CNO,CA,AWP,WE,Towers with Radar,1,0,29,0,30,0,1,132,3,136,1,1,161,3,166,261,0,261,427
05/31/2022,CNO,CA,AWP,WE,Towers with Radar,0,2,45,5,52,0,1,171,7,179,0,3,216,12,231,375,0,375,606
06/01/2022,CNO,CA,AWP,WE,Towers with Radar,0,0,24,3,27,0,0,156,5,161,0,0,180,8,188,448,18,466,654
06/02/2022,CNO,CA,AWP,WE,Towers with Radar,2,2,39,4,47,0,1,200,4,205,2,3,239,8,252,626,0,626,878
06/03/2022,CNO,CA,AWP,WE,Towers with Radar,2,0,42,4,48,0,0,122,2,124,2,0,164,6,172,361,0,361,533
06/04/2022,CNO,CA,AWP,WE,Towers with Radar,0,2,42,0,44,0,2,143,0,145,0,4,185,0,189,299,0,299,488
06/05/2022,CNO,CA,AWP,WE,Towers with Radar,0,2,34,0,36,0,2,143,3,148,0,4,177,3,184,282,0,282,466
06/06/2022,CNO,CA,AWP,WE,Towers with Radar,0,1,46,2,49,0,1,169,5,175,0,2,215,7,224,463,0,463,687
06/07/2022,CNO,CA,AWP,WE,Towers with Radar,2,0,40,3,45,0,0,167,7,174,2,0,207,10,219,520,0,520,739
06/08/2022,CNO,CA,AWP,WE,Towers with Radar,0,2,44,6,52,0,0,66,8,74,0,2,110,14,126,184,5,189,315
06/09/2022,CNO,CA,AWP,WE,Towers with Radar,0,2,28,2,32,0,0,74,2,76,0,2,102,4,108,45,0,45,153
06/10/2022,CNO,CA,AWP,WE,Towers with Radar,3,0,28,2,33,0,0,92,5,97,3,0,120,7,130,154,0,154,284
06/11/2022,CNO,CA,AWP,WE,Towers with Radar,2,1,21,1,25,0,1,152,5,158,2,2,173,6,183,228,18,246,429
06/12/2022,CNO,CA,AWP,WE,Towers with Radar,0,4,47,0,51,0,4,170,8,182,0,8,217,8,233,367,0,367,600
06/13/2022,CNO,CA,AWP,WE,Towers with Radar,0,2,33,1,36,0,0,130,7,137,0,2,163,8,173,530,0,530,703
06/14/2022,CNO,CA,AWP,WE,Towers with Radar,4,0,40,4,48,0,0,207,4,211,4,0,247,8,259,467,19,486,745
06/15/2022,CNO,CA,AWP,WE,Towers with Radar,2,3,41,0,46,0,0,157,3,160,2,3,198,3,206,602,0,602,808
06/16/2022,CNO,CA,AWP,WE,Towers with Radar,2,4,29,2,37,0,1,156,1,158,2,5,185,3,195,451,0,451,646
06/17/2022,CNO,CA,AWP,WE,Towers with Radar,0,1,38,1,40,0,0,175,3,178,0,1,213,4,218,470,0,470,688
06/18/2022,CNO,CA,AWP,WE,Towers with Radar,0,1,29,1,31,0,1,209,3,213,0,2,238,4,244,324,0,324,568
06/19/2022,CNO,CA,AWP,WE,Towers with Radar,0,0,25,0,25,0,0,136,3,139,0,0,161,3,164,244,0,244,408
06/20/2022,CNO,CA,AWP,WE,Towers with Radar,2,0,32,1,35,0,0,184,4,188,2,0,216,5,223,423,0,423,646
06/21/2022,CNO,CA,AWP,WE,Towers with Radar,0,0,26,2,28,0,0,171,4,175,0,0,197,6,203,533,0,533,736
06/22/2022,CNO,CA,AWP,WE,Towers with Radar,0,0,16,0,16,0,0,91,4,95,0,0,107,4,111,463,0,463,574
06/23/2022,CNO,CA,AWP,WE,Towers with Radar,0,1,46,1,48,0,0,190,4,194,0,1,236,5,242,551,5,556,798
06/24/2022,CNO,CA,AWP,WE,Towers with Radar,0,0,33,3,36,0,0,194,4,198,0,0,227,7,234,370,0,370,604
06/25/2022,CNO,CA,AWP,WE,Towers with Radar,0,1,25,0,26,0,0,191,6,197,0,1,216,6,223,269,0,269,492
06/26/2022,CNO,CA,AWP,WE,Towers with Radar,0,2,6,0,8,0,0,146,2,148,0,2,152,2,156,377,0,377,533
06/27/2022,CNO,CA,AWP,WE,Towers with Radar,0,2,35,1,38,0,0,134,3,137,0,2,169,4,175,425,0,425,600
06/28/2022,CNO,CA,AWP,WE,Towers with Radar,0,0,36,2,38,0,0,143,7,150,0,0,179,9,188,559,30,589,777
06/29/2022,CNO,CA,AWP,WE,Towers with Radar,0,3,28,0,31,0,0,143,2,145,0,3,171,2,176,411,0,411,587
06/30/2022,CNO,CA,AWP,WE,Towers with Radar,2,2,45,1,50,0,0,190,4,194,2,2,235,5,244,472,0,472,716
07/01/2022,CNO,CA,AWP,WE,Towers with Radar,0,0,26,0,26,0,0,199,0,199,0,0,225,0,225,435,0,435,660
07/02/2022,CNO,CA,AWP,WE,Towers with Radar,0,0,34,0,34,0,2,178,3,183,0,2,212,3,217,377,0,377,594
07/03/2022,CNO,CA,AWP,WE,Towers with Radar,0,1,15,2,18,0,1,108,6,115,0,2,123,8,133,214,0,214,347
07/04/2022,CNO,CA,AWP,WE,Towers with Radar,0,0,18,0,18,0,0,132,0,132,0,0,150,0,150,228,0,228,378
07/05/2022,CNO,CA,AWP,WE,Towers with Radar,0,0,36,2,38,0,1,126,2,129,0,1,162,4,167,430,0,430,597
07/06/2022,CNO,CA,AWP,WE,Towers with Radar,0,1,33,2,36,0,0,158,3,161,0,1,191,5,197,618,1,619,816
07/07/2022,CNO,CA,AWP,WE,Towers with Radar,0,2,36,2,40,0,0,178,1,179,0,2,214,3,219,371,0,371,590
07/08/2022,CNO,CA,AWP,WE,Towers with Radar,0,0,32,1,33,0,0,182,3,185,0,0,214,4,218,464,0,464,682
07/09/2022,CNO,CA,AWP,WE,Towers with Radar,0,0,30,1,31,0,0,196,2,198,0,0,226,3,229,509,0,509,738
07/10/2022,CNO,CA,AWP,WE,Towers with Radar,0,0,23,1,24,0,0,168,1,169,0,0,191,2,193,468,0,468,661
07/11/2022,CNO,CA,AWP,WE,Towers with Radar,0,6,23,1,30,0,0,162,0,162,0,6,185,1,192,450,0,450,642
07/12/2022,CNO,CA,AWP,WE,Towers with Radar,0,1,34,1,36,0,0,182,1,183,0,1,216,2,219,551,0,551,770
07/13/2022,CNO,CA,AWP,WE,Towers with Radar,0,2,42,4,48,0,0,157,7,164,0,2,199,11,212,543,2,545,757
07/14/2022,CNO,CA,AWP,WE,Towers with Radar,0,1,33,1,35,0,0,131,3,134,0,1,164,4,169,469,0,469,638
07/15/2022,CNO,CA,AWP,WE,Towers with Radar,0,0,21,1,22,0,0,159,5,164,0,0,180,6,186,427,0,427,613
07/16/2022,CNO,CA,AWP,WE,Towers with Radar,0,0,23,1,24,0,0,172,2,174,0,0,195,3,198,441,0,441,639
07/17/2022,CNO,CA,AWP,WE,Towers with Radar,0,2,34,0,36,0,0,128,3,131,0,2,162,3,167,284,0,284,451
07/18/2022,CNO,CA,AWP,WE,Towers with Radar,0,2,22,1,25,0,0,130,2,132,0,2,152,3,157,283,0,283,440
07/19/2022,CNO,CA,AWP,WE,Towers with Radar,0,0,36,1,37,0,0,174,4,178,0,0,210,5,215,499,0,499,714
07/20/2022,CNO,CA,AWP,WE,Towers with Radar,0,0,24,1,25,0,0,173,3,176,0,0,197,4,201,467,0,467,668
07/21/2022,CNO,CA,AWP,WE,Towers with Radar,0,1,36,0,37,0,0,150,4,154,0,1,186,4,191,374,6,380,571
07/22/2022,CNO,CA,AWP,WE,Towers with Radar,0,0,28,0,28,0,4,183,4,191,0,4,211,4,219,293,0,293,512
07/23/2022,CNO,CA,AWP,WE,Towers with Radar,0,0,27,0,27,0,0,165,2,167,0,0,192,2,194,368,0,368,562
07/24/2022,CNO,CA,AWP,WE,Towers with Radar,0,2,23,0,25,0,0,103,2,105,0,2,126,2,130,117,0,117,247
07/25/2022,CNO,CA,AWP,WE,Towers with Radar,2,1,18,2,23,0,0,125,2,127,2,1,143,4,150,347,9,356,506
07/26/2022,CNO,CA,AWP,WE,Towers with Radar,0,2,27,1,30,0,0,187,5,192,0,2,214,6,222,438,19,457,679
07/27/2022,CNO,CA,AWP,WE,Towers with Radar,0,2,28,0,30,0,2,151,2,155,0,4,179,2,185,471,0,471,656
07/28/2022,CNO,CA,AWP,WE,Towers with Radar,0,0,31,3,34,0,0,151,4,155,0,0,182,7,189,555,4,559,748
07/29/2022,CNO,CA,AWP,WE,Towers with Radar,0,0,41,1,42,0,3,167,5,175,0,3,208,6,217,416,0,416,633
07/30/2022,CNO,CA,AWP,WE,Towers with Radar,0,0,32,0,32,0,0,183,4,187,0,0,215,4,219,277,0,277,496
07/31/2022,CNO,CA,AWP,WE,Towers with Radar,0,0,25,0,25,0,0,101,2,103,0,0,126,2,128,248,0,248,376
08/01/2022,CNO,CA,AWP,WE,Towers with Radar,0,3,43,0,46,0,0,161,0,161,0,3,204,0,207,429,0,429,636
08/02/2022,CNO,CA,AWP,WE,Towers with Radar,0,0,27,0,27,0,0,134,0,134,0,0,161,0,161,358,0,358,519
08/03/2022,CNO,CA,AWP,WE,Towers with Radar,0,3,39,2,44,0,0,164,4,168,0,3,203,6,212,380,8,388,600
08/04/2022,CNO,CA,AWP,WE,Towers with Radar,0,0,29,0,29,0,0,128,0,128,0,0,157,0,157,584,0,584,741
08/05/2022,CNO,CA,AWP,WE,Towers with Radar,0,0,33,0,33,0,0,170,0,170,0,0,203,0,203,413,0,413,616
08/06/2022,CNO,CA,AWP,WE,Towers with Radar,0,1,29,0,30,0,0,222,1,223,0,1,251,1,253,415,0,415,668
08/07/2022,CNO,CA,AWP,WE,Towers with Radar,0,1,40,0,41,0,0,159,2,161,0,1,199,2,202,354,0,354,556
08/08/2022,CNO,CA,AWP,WE,Towers with Radar,0,0,24,1,25,0,1,147,2,150,0,1,171,3,175,488,0,488,663
08/09/2022,CNO,CA,AWP,WE,Towers with Radar,0,1,20,1,22,0,0,160,2,162,0,1,180,3,184,445,0,445,629
08/10/2022,CNO,CA,AWP,WE,Towers with Radar,0,2,25,5,32,0,0,199,5,204,0,2,224,10,236,563,0,563,799
08/11/2022,CNO,CA,AWP,WE,Towers with Radar,0,2,33,2,37,0,0,161,2,163,0,2,194,4,200,612,14,626,826
08/12/2022,CNO,CA,AWP,WE,Towers with Radar,0,0,43,0,43,0,0,176,7,183,0,0,219,7,226,435,0,435,661
08/13/2022,CNO,CA,AWP,WE,Towers with Radar,0,1,32,1,34,0,0,177,2,179,0,1,209,3,213,359,0,359,572
08/14/2022,CNO,CA,AWP,WE,Towers with Radar,0,0,26,0,26,0,0,96,2,98,0,0,122,2,124,242,0,242,366
08/15/2022,CNO,CA,AWP,WE,Towers with Radar,0,2,31,1,34,0,0,131,7,138,0,2,162,8,172,453,30,483,655
08/16/2022,CNO,CA,AWP,WE,Towers with Radar,0,8,33,0,41,0,0,192,5,197,0,8,225,5,238,507,0,507,745
08/17/2022,CNO,CA,AWP,WE,Towers with Radar,0,1,40,1,42,0,2,191,8,201,0,3,231,9,243,368,36,404,647
08/18/2022,CNO,CA,AWP,WE,Towers with Radar,0,4,53,0,57,0,0,147,3,150,0,4,200,3,207,486,9,495,702
08/19/2022,CNO,CA,AWP,WE,Towers with Radar,0,2,40,1,43,0,0,200,2,202,0,2,240,3,245,445,0,445,690
08/20/2022,CNO,CA,AWP,WE,Towers with Radar,0,1,27,0,28,0,0,170,2,172,0,1,197,2,200,406,0,406,606
08/21/2022,CNO,CA,AWP,WE,Towers with Radar,0,0,20,0,20,0,0,121,0,121,0,0,141,0,141,245,0,245,386
08/22/2022,CNO,CA,AWP,WE,Towers with Radar,0,1,37,0,38,0,5,138,5,148,0,6,175,5,186,507,4,511,697
08/23/2022,CNO,CA,AWP,WE,Towers with Radar,0,0,38,2,40,0,1,178,2,181,0,1,216,4,221,570,0,570,791
08/24/2022,CNO,CA,AWP,WE,Towers with Radar,0,1,19,2,22,0,1,167,9,177,0,2,186,11,199,461,5,466,665
08/25/2022,CNO,CA,AWP,WE,Towers with Radar,0,0,42,2,44,0,0,213,11,224,0,0,255,13,268,605,11,616,884
08/26/2022,CNO,CA,AWP,WE,Towers with Radar,0,2,40,1,43,0,0,194,3,197,0,2,234,4,240,475,0,475,715
08/27/2022,CNO,CA,AWP,WE,Towers with Radar,0,2,37,1,40,0,0,191,3,194,0,2,228,4,234,438,0,438,672
08/28/2022,CNO,CA,AWP,WE,Towers with Radar,0,0,38,0,38,0,0,122,0,122,0,0,160,0,160,310,0,310,470
08/29/2022,CNO,CA,AWP,WE,Towers with Radar,0,1,30,2,33,0,0,175,8,183,0,1,205,10,216,467,1,468,684
08/30/2022,CNO,CA,AWP,WE,Towers with Radar,0,0,29,1,30,0,0,180,1,181,0,0,209,2,211,451,0,451,662
08/31/2022,CNO,CA,AWP,WE,Towers with Radar,0,2,36,3,41,0,1,129,11,141,0,3,165,14,182,335,3,338,520
09/01/2022,CNO,CA,AWP,WE,Towers with Radar,0,4,25,3,32,0,1,156,11,168,0,5,181,14,200,356,3,359,559
09/02/2022,CNO,CA,AWP,WE,Towers with Radar,0,0,31,1,32,0,0,138,4,142,0,0,169,5,174,304,7,311,485
09/03/2022,CNO,CA,AWP,WE,Towers with Radar,0,0,23,0,23,0,0,114,0,114,0,0,137,0,137,240,0,240,377
09/04/2022,CNO,CA,AWP,WE,Towers with Radar,0,0,28,0,28,0,0,86,5,91,0,0,114,5,119,149,0,149,268
09/05/2022,CNO,CA,AWP,WE,Towers with Radar,0,0,20,0,20,0,0,91,0,91,0,0,111,0,111,351,0,351,462
09/06/2022,CNO,CA,AWP,WE,Towers with Radar,0,2,33,1,36,0,0,123,6,129,0,2,156,7,165,208,0,208,373
09/07/2022,CNO,CA,AWP,WE,Towers with Radar,0,1,20,2,23,0,1,130,10,141,0,2,150,12,164,388,30,418,582
09/08/2022,CNO,CA,AWP,WE,Towers with Radar,0,2,21,2,25,0,0,100,7,107,0,2,121,9,132,289,0,289,421
09/09/2022,CNO,CA,AWP,WE,Towers with Radar,0,0,11,0,11,0,0,61,0,61,0,0,72,0,72,204,0,204,276
09/10/2022,CNO,CA,AWP,WE,Towers with Radar,0,0,15,0,15,0,0,49,0,49,0,0,64,0,64,205,0,205,269
09/11/2022,CNO,CA,AWP,WE,Towers with Radar,0,0,18,0,18,0,0,97,0,97,0,0,115,0,115,362,0,362,477
09/12/2022,CNO,CA,AWP,WE,Towers with Radar,0,0,9,0,9,0,1,133,2,136,0,1,142,2,145,404,0,404,549
09/13/2022,CNO,CA,AWP,WE,Towers with Radar,0,1,47,1,49,0,0,163,4,167,0,1,210,5,216,415,0,415,631
09/14/2022,CNO,CA,AWP,WE,Towers with Radar,0,1,33,3,37,0,0,154,3,157,0,1,187,6,194,496,0,496,690
09/15/2022,CNO,CA,AWP,WE,Towers with Radar,0,2,32,1,35,0,1,148,7,156,0,3,180,8,191,600,12,612,803
09/16/2022,CNO,CA,AWP,WE,Towers with Radar,0,0,33,1,34,0,2,198,0,200,0,2,231,1,234,551,0,551,785
09/17/2022,CNO,CA,AWP,WE,Towers with Radar,0,0,32,0,32,0,2,124,0,126,0,2,156,0,158,409,0,409,567
09/18/2022,CNO,CA,AWP,WE,Towers with Radar,0,0,41,1,42,0,0,122,1,123,0,0,163,2,165,252,0,252,417
09/19/2022,CNO,CA,AWP,WE,Towers with Radar,0,0,26,0,26,0,1,127,0,128,0,1,153,0,154,401,0,401,555
09/20/2022,CNO,CA,AWP,WE,Towers with Radar,0,0,27,1,28,0,0,162,8,170,0,0,189,9,198,519,4,523,721
09/21/2022,CNO,CA,AWP,WE,Towers with Radar,0,0,19,1,20,0,0,166,7,173,0,0,185,8,193,472,34,506,699
09/22/2022,CNO,CA,AWP,WE,Towers with Radar,0,1,27,1,29,0,1,181,0,182,0,2,208,1,211,462,0,462,673
09/23/2022,CNO,CA,AWP,WE,Towers with Radar,0,2,32,0,34,0,0,159,0,159,0,2,191,0,193,431,0,431,624
09/24/2022,CNO,CA,AWP,WE,Towers with Radar,0,0,19,3,22,0,0,173,2,175,0,0,192,5,197,462,0,462,659
09/25/2022,CNO,CA,AWP,WE,Towers with Radar,0,0,34,0,34,0,0,146,0,146,0,0,180,0,180,209,0,209,389
09/26/2022,CNO,CA,AWP,WE,Towers with Radar,0,1,18,3,22,0,0,135,11,146,0,1,153,14,168,392,40,432,600
09/27/2022,CNO,CA,AWP,WE,Towers with Radar,0,0,30,1,31,0,1,149,1,151,0,1,179,2,182,252,0,252,434
09/28/2022,CNO,CA,AWP,WE,Towers with Radar,0,5,34,3,42,0,0,148,6,154,0,5,182,9,196,399,17,416,612
09/29/2022,CNO,CA,AWP,WE,Towers with Radar,0,0,44,1,45,0,0,164,8,172,0,0,208,9,217,616,14,630,847
09/30/2022,CNO,CA,AWP,WE,Towers with Radar,0,0,38,1,39,0,0,129,0,129,0,0,167,1,168,313,0,313,481
10/01/2022,CNO,CA,AWP,WE,Towers with Radar,0,5,26,0,31,0,3,145,1,149,0,8,171,1,180,254,0,254,434
10/02/2022,CNO,CA,AWP,WE,Towers with Radar,1,13,42,0,56,0,0,101,0,101,1,13,143,0,157,252,0,252,409
10/03/2022,CNO,CA,AWP,WE,Towers with Radar,0,0,23,1,24,0,0,161,2,163,0,0,184,3,187,368,0,368,555
10/04/2022,CNO,CA,AWP,WE,Towers with Radar,0,2,29,1,32,0,0,160,4,164,0,2,189,5,196,425,3,428,624
10/05/2022,CNO,CA,AWP,WE,Towers with Radar,0,2,31,1,34,0,0,145,3,148,0,2,176,4,182,521,18,539,721
10/06/2022,CNO,CA,AWP,WE,Towers with Radar,0,2,57,1,60,0,0,91,2,93,0,2,148,3,153,319,0,319,472
10/07/2022,CNO,CA,AWP,WE,Towers with Radar,0,4,40,5,49,0,0,121,2,123,0,4,161,7,172,238,0,238,410
10/08/2022,CNO,CA,AWP,WE,Towers with Radar,0,0,19,0,19,0,0,149,5,154,0,0,168,5,173,361,2,363,536
10/09/2022,CNO,CA,AWP,WE,Towers with Radar,0,0,33,0,33,0,0,146,2,148,0,0,179,2,181,135,0,135,316
10/10/2022,CNO,CA,AWP,WE,Towers with Radar,0,0,56,1,57,0,0,123,1,124,0,0,179,2,181,358,0,358,539
10/11/2022,CNO,CA,AWP,WE,Towers with Radar,0,0,39,1,40,0,2,90,1,93,0,2,129,2,133,445,0,445,578
10/12/2022,CNO,CA,AWP,WE,Towers with Radar,0,0,22,3,25,0,0,115,1,116,0,0,137,4,141,494,4,498,639
10/13/2022,CNO,CA,AWP,WE,Towers with Radar,0,0,39,0,39,0,0,85,0,85,0,0,124,0,124,243,0,243,367
10/14/2022,CNO,CA,AWP,WE,Towers with Radar,0,0,26,5,31,0,0,22,2,24,0,0,48,7,55,63,0,63,118
10/15/2022,CNO,CA,AWP,WE,Towers with Radar,0,3,21,3,27,0,0,130,0,130,0,3,151,3,157,211,0,211,368
10/16/2022,CNO,CA,AWP,WE,Towers with Radar,0,0,43,0,43,0,0,73,7,80,0,0,116,7,123,279,0,279,402
10/17/2022,CNO,CA,AWP,WE,Towers with Radar,0,0,34,2,36,0,0,189,2,191,0,0,223,4,227,452,0,452,679
10/18/2022,CNO,CA,AWP,WE,Towers with Radar,0,1,28,0,29,0,0,150,3,153,0,1,178,3,182,427,0,427,609
10/19/2022,CNO,CA,AWP,WE,Towers with Radar,0,0,12,0,12,0,0,173,3,176,0,0,185,3,188,425,0,425,613
10/20/2022,CNO,CA,AWP,WE,Towers with Radar,2,0,30,0,32,0,0,157,0,157,2,0,187,0,189,473,0,473,662
10/21/2022,CNO,CA,AWP,WE,Towers with Radar,0,0,30,1,31,0,0,184,4,188,0,0,214,5,219,405,0,405,624
10/22/2022,CNO,CA,AWP,WE,Towers with Radar,0,0,24,1,25,0,0,88,2,90,0,0,112,3,115,346,0,346,461
10/23/2022,CNO,CA,AWP,WE,Towers with Radar,0,0,17,2,19,0,0,198,3,201,0,0,215,5,220,189,0,189,409
10/24/2022,CNO,CA,AWP,WE,Towers with Radar,0,0,24,0,24,0,0,132,3,135,0,0,156,3,159,382,2,384,543
10/25/2022,CNO,CA,AWP,WE,Towers with Radar,2,0,34,3,39,0,0,202,2,204,2,0,236,5,243,400,0,400,643
10/26/2022,CNO,CA,AWP,WE,Towers with Radar,2,0,39,0,41,0,0,211,4,215,2,0,250,4,256,623,21,644,900
10/27/2022,CNO,CA,AWP,WE,Towers with Radar,0,0,13,0,13,0,0,132,2,134,0,0,145,2,147,603,6,609,756
10/28/2022,CNO,CA,AWP,WE,Towers with Radar,0,0,41,1,42,0,1,203,0,204,0,1,244,1,246,380,0,380,626
10/29/2022,CNO,CA,AWP,WE,Towers with Radar,0,1,22,0,23,0,0,190,0,190,0,1,212,0,213,287,0,287,500
10/30/2022,CNO,CA,AWP,WE,Towers with Radar,0,0,32,0,32,0,0,149,2,151,0,0,181,2,183,277,0,277,460
10/31/2022,CNO,CA,AWP,WE,Towers with Radar,0,0,20,2,22,0,0,178,5,183,0,0,198,7,205,395,9,404,609
11/01/2022,CNO,CA,AWP,WE,Towers with Radar,0,0,31,2,33,0,0,159,3,162,0,0,190,5,195,492,0,492,687
11/02/2022,CNO,CA,AWP,WE,Towers with Radar,0,0,16,0,16,0,0,70,0,70,0,0,86,0,86,373,0,373,459
11/03/2022,CNO,CA,AWP,WE,Towers with Radar,0,0,36,1,37,0,0,172,4,176,0,0,208,5,213,638,6,644,857
11/04/2022,CNO,CA,AWP,WE,Towers with Radar,0,0,19,3,22,0,0,166,7,173,0,0,185,10,195,500,0,500,695
11/05/2022,CNO,CA,AWP,WE,Towers with Radar,0,1,29,2,32,0,0,235,7,242,0,1,264,9,274,420,0,420,694
11/06/2022,CNO,CA,AWP,WE,Towers with Radar,0,0,34,0,34,0,0,175,2,177,0,0,209,2,211,313,0,313,524
11/07/2022,CNO,CA,AWP,WE,Towers with Radar,0,0,26,2,28,0,0,23,0,23,0,0,49,2,51,156,0,156,207
11/08/2022,CNO,CA,AWP,WE,Towers with Radar,0,0,5,2,7,0,0,1,0,1,0,0,6,2,8,0,0,0,8
11/09/2022,CNO,CA,AWP,WE,Towers with Radar,0,1,27,2,30,0,0,152,2,154,0,1,179,4,184,449,0,449,633
11/10/2022,CNO,CA,AWP,WE,Towers with Radar,0,4,45,1,50,0,0,190,0,190,0,4,235,1,240,498,0,498,738
11/11/2022,CNO,CA,AWP,WE,Towers with Radar,0,1,17,1,19,0,0,181,1,182,0,1,198,2,201,408,0,408,609
11/12/2022,CNO,CA,AWP,WE,Towers with Radar,0,0,26,2,28,0,0,202,4,206,0,0,228,6,234,377,0,377,611
11/13/2022,CNO,CA,AWP,WE,Towers with Radar,0,1,23,0,24,0,3,137,3,143,0,4,160,3,167,343,0,343,510
11/14/2022,CNO,CA,AWP,WE,Towers with Radar,0,0,35,4,39,0,0,163,4,167,0,0,198,8,206,490,0,490,696
11/15/2022,CNO,CA,AWP,WE,Towers with Radar,0,2,18,0,20,0,0,139,2,141,0,2,157,2,161,298,0,298,459
11/16/2022,CNO,CA,AWP,WE,Towers with Radar,0,2,11,0,13,0,0,28,1,29,0,2,39,1,42,235,0,235,277
11/17/2022,CNO,CA,AWP,WE,Towers with Radar,0,2,21,2,25,0,0,201,9,210,0,2,222,11,235,473,14,487,722
11/18/2022,CNO,CA,AWP,WE,Towers with Radar,0,4,29,5,38,0,1,193,5,199,0,5,222,10,237,602,0,602,839
11/19/2022,CNO,CA,AWP,WE,Towers with Radar,0,3,12,0,15,0,0,76,0,76,0,3,88,0,91,128,0,128,219
11/20/2022,CNO,CA,AWP,WE,Towers with Radar,0,1,23,1,25,0,1,193,0,194,0,2,216,1,219,420,0,420,639
11/21/2022,CNO,CA,AWP,WE,Towers with Radar,0,0,18,2,20,0,0,165,3,168,0,0,183,5,188,435,0,435,623
11/22/2022,CNO,CA,AWP,WE,Towers with Radar,0,2,42,1,45,0,0,167,4,171,0,2,209,5,216,647,14,661,877
11/23/2022,CNO,CA,AWP,WE,Towers with Radar,0,1,37,0,38,0,0,220,1,221,0,1,257,1,259,455,0,455,714
11/24/2022,CNO,CA,AWP,WE,Towers with Radar,0,0,2,0,2,0,0,8,0,8,0,0,10,0,10,0,0,0,10
11/25/2022,CNO,CA,AWP,WE,Towers with Radar,0,0,14,0,14,0,0,143,1,144,0,0,157,1,158,235,0,235,393
11/26/2022,CNO,CA,AWP,WE,Towers with Radar,0,2,29,1,32,0,0,174,3,177,0,2,203,4,209,346,0,346,555
11/27/2022,CNO,CA,AWP,WE,Towers with Radar,0,0,31,1,32,0,0,130,1,131,0,0,161,2,163,288,0,288,451
11/28/2022,CNO,CA,AWP,WE,Towers with Radar,0,2,44,4,50,0,0,96,5,101,0,2,140,9,151,366,24,390,541
11/29/2022,CNO,CA,AWP,WE,Towers with Radar,1,0,43,4,48,0,2,173,8,183,1,2,216,12,231,316,0,316,547
11/30/2022,CNO,CA,AWP,WE,Towers with Radar,1,4,46,4,55,0,0,136,4,140,1,4,182,8,195,477,0,477,672
12/01/2022,CNO,CA,AWP,WE,Towers with Radar,0,0,22,2,24,0,0,113,0,113,0,0,135,2,137,480,0,480,617
12/02/2022,CNO,CA,AWP,WE,Towers with Radar,0,0,31,1,32,0,0,89,1,90,0,0,120,2,122,300,0,300,422
12/03/2022,CNO,CA,AWP,WE,Towers with Radar,0,0,28,0,28,0,0,218,0,218,0,0,246,0,246,526,0,526,772
12/04/2022,CNO,CA,AWP,WE,Towers with Radar,0,3,42,0,45,0,0,99,0,99,0,3,141,0,144,401,0,401,545
12/05/2022,CNO,CA,AWP,WE,Towers with Radar,2,0,34,3,39,0,0,108,3,111,2,0,142,6,150,525,0,525,675
12/06/2022,CNO,CA,AWP,WE,Towers with Radar,0,4,33,3,40,0,0,95,4,99,0,4,128,7,139,397,0,397,536
12/07/2022,CNO,CA,AWP,WE,Towers with Radar,0,1,23,3,27,0,1,161,1,163,0,2,184,4,190,563,0,563,753
12/08/2022,CNO,CA,AWP,WE,Towers with Radar,0,3,26,3,32,0,0,186,3,189,0,3,212,6,221,390,0,390,611
12/09/2022,CNO,CA,AWP,WE,Towers with Radar,0,3,29,3,35,0,1,207,4,212,0,4,236,7,247,410,0,410,657
12/10/2022,CNO,CA,AWP,WE,Towers with Radar,0,0,17,0,17,0,0,185,0,185,0,0,202,0,202,458,0,458,660
12/11/2022,CNO,CA,AWP,WE,Towers with Radar,0,0,7,0,7,0,0,20,0,20,0,0,27,0,27,59,0,59,86
12/12/2022,CNO,CA,AWP,WE,Towers with Radar,2,1,8,0,11,0,0,41,0,41,2,1,49,0,52,329,0,329,381
12/13/2022,CNO,CA,AWP,WE,Towers with Radar,0,2,40,4,46,0,0,220,7,227,0,2,260,11,273,643,0,643,916
12/14/2022,CNO,CA,AWP,WE,Towers with Radar,0,2,29,1,32,0,0,198,1,199,0,2,227,2,231,781,0,781,1012
12/15/2022,CNO,CA,AWP,WE,Towers with Radar,0,2,33,1,36,0,0,174,3,177,0,2,207,4,213,622,7,629,842
12/16/2022,CNO,CA,AWP,WE,Towers with Radar,0,0,20,1,21,0,0,163,1,164,0,0,183,2,185,276,0,276,461
12/17/2022,CNO,CA,AWP,WE,Towers with Radar,0,0,21,0,21,0,2,146,0,148,0,2,167,0,169,390,0,390,559
12/18/2022,CNO,CA,AWP,WE,Towers with Radar,0,1,25,0,26,0,0,169,0,169,0,1,194,0,195,298,0,298,493
12/19/2022,CNO,CA,AWP,WE,Towers with Radar,0,0,21,2,23,0,0,169,5,174,0,0,190,7,197,514,56,570,767
12/20/2022,CNO,CA,AWP,WE,Towers with Radar,0,1,36,1,38,0,0,139,1,140,0,1,175,2,178,328,0,328,506
12/21/2022,CNO,CA,AWP,WE,Towers with Radar,1,1,30,4,36,0,0,175,1,176,1,1,205,5,212,427,4,431,643
12/22/2022,CNO,CA,AWP,WE,Towers with Radar,0,1,24,0,25,0,0,166,0,166,0,1,190,0,191,443,0,443,634
12/23/2022,CNO,CA,AWP,WE,Towers with Radar,0,0,36,0,36,0,0,172,2,174,0,0,208,2,210,381,0,381,591
12/24/2022,CNO,CA,AWP,WE,Towers with Radar,0,0,12,0,12,0,0,99,0,99,0,0,111,0,111,215,0,215,326
12/25/2022,CNO,CA,AWP,WE,Towers with Radar,0,0,3,0,3,0,0,45,0,45,0,0,48,0,48,47,0,47,95
12/26/2022,CNO,CA,AWP,WE,Towers with Radar,0,0,36,0,36,0,0,145,0,145,0,0,181,0,181,398,0,398,579
12/27/2022,CNO,CA,AWP,WE,Towers with Radar,0,7,25,0,32,0,2,108,0,110,0,9,133,0,142,339,0,339,481
12/28/2022,CNO,CA,AWP,WE,Towers with Radar,0,0,12,0,12,0,0,84,2,86,0,0,96,2,98,291,3,294,392
12/29/2022,CNO,CA,AWP,WE,Towers with Radar,0,2,19,0,21,0,0,57,0,57,0,2,76,0,78,424,0,424,502
12/30/2022,CNO,CA,AWP,WE,Towers with Radar,0,0,32,0,32,0,0,17,0,17,0,0,49,0,49,243,0,243,292
12/31/2022,CNO,CA,AWP,WE,Towers with Radar,0,0,11,0,11,0,0,3,0,3,0,0,14,0,14,0,0,0,14
01/01/2023,CNO,CA,AWP,WE,Towers with Radar,0,0,10,1,11,0,0,25,4,29,0,0,35,5,40,103,0,103,143
01/02/2023,CNO,CA,AWP,WE,Towers with Radar,0,2,29,0,31,0,0,97,2,99,0,2,126,2,130,339,0,339,469
01/03/2023,CNO,CA,AWP,WE,Towers with Radar,0,1,16,0,17,0,0,5,0,5,0,1,21,0,22,70,0,70,92
01/04/2023,CNO,CA,AWP,WE,Towers with Radar,0,5,26,0,31,0,0,20,0,20,0,5,46,0,51,84,0,84,135
01/05/2023,CNO,CA,AWP,WE,Towers with Radar,0,1,9,0,10,0,0,13,1,14,0,1,22,1,24,118,0,118,142
01/06/2023,CNO,CA,AWP,WE,Towers with Radar,0,1,41,3,45,0,0,207,8,215,0,1,248,11,260,363,0,363,623
01/07/2023,CNO,CA,AWP,WE,Towers with Radar,0,4,28,0,32,0,5,262,2,269,0,9,290,2,301,422,0,422,723
01/08/2023,CNO,CA,AWP,WE,Towers with Radar,0,2,48,1,51,0,0,193,0,193,0,2,241,1,244,322,0,322,566
01/09/2023,CNO,CA,AWP,WE,Towers with Radar,0,0,15,1,16,0,0,27,1,28,0,0,42,2,44,236,0,236,280
01/10/2023,CNO,CA,AWP,WE,Towers with Radar,0,1,11,0,12,0,0,10,0,10,0,1,21,0,22,179,0,179,201
01/11/2023,CNO,CA,AWP,WE,Towers with Radar,0,4,21,0,25,0,0,185,5,190,0,4,206,5,215,468,24,492,707
01/12/2023,CNO,CA,AWP,WE,Towers with Radar,0,1,12,0,13,0,0,180,4,184,0,1,192,4,197,350,8,358,555
01/13/2023,CNO,CA,AWP,WE,Towers with Radar,0,2,36,2,40,0,0,202,3,205,0,2,238,5,245,477,0,477,722
01/14/2023,CNO,CA,AWP,WE,Towers with Radar,0,0,12,1,13,0,0,21,1,22,0,0,33,2,35,123,0,123,158
01/15/2023,CNO,CA,AWP,WE,Towers with Radar,0,1,16,0,17,0,0,6,0,6,0,1,22,0,23,19,0,19,42
01/16/2023,CNO,CA,AWP,WE,Towers with Radar,0,0,7,0,7,0,0,15,0,15,0,0,22,0,22,270,0,270,292
01/17/2023,CNO,CA,AWP,WE,Towers with Radar,0,0,19,0,19,0,1,181,0,182,0,1,200,0,201,288,0,288,489
01/18/2023,CNO,CA,AWP,WE,Towers with Radar,0,2,35,8,45,0,1,236,9,246,0,3,271,17,291,540,0,540,831
01/19/2023,CNO,CA,AWP,WE,Towers with Radar,0,0,46,1,47,0,0,179,1,180,0,0,225,2,227,468,0,468,695
01/20/2023,CNO,CA,AWP,WE,Towers with Radar,0,0,32,0,32,0,0,216,4,220,0,0,248,4,252,570,16,586,838
01/21/2023,CNO,CA,AWP,WE,Towers with Radar,0,0,25,1,26,0,0,254,4,258,0,0,279,5,284,562,0,562,846
01/22/2023,CNO,CA,AWP,WE,Towers with Radar,0,0,34,0,34,0,0,158,2,160,0,0,192,2,194,339,0,339,533
01/23/2023,CNO,CA,AWP,WE,Towers with Radar,0,1,8,0,9,0,0,46,0,46,0,1,54,0,55,276,0,276,331
01/24/2023,CNO,CA,AWP,WE,Towers with Radar,0,0,49,0,49,0,0,192,4,196,0,0,241,4,245,478,26,504,749
01/25/2023,CNO,CA,AWP,WE,Towers with Radar,0,0,22,2,24,0,0,142,8,150,0,0,164,10,174,398,18,416,590
01/26/2023,CNO,CA,AWP,WE,Towers with Radar,0,3,5,0,8,0,1,25,0,26,0,4,30,0,34,136,0,136,170
01/27/2023,CNO,CA,AWP,WE,Towers with Radar,0,1,40,1,42,0,0,257,1,258,0,1,297,2,300,455,0,455,755
01/28/2023,CNO,CA,AWP,WE,Towers with Radar,2,0,32,0,34,0,0,214,0,214,2,0,246,0,248,356,0,356,604
01/29/2023,CNO,CA,AWP,WE,Towers with Radar,0,0,15,2,17,0,0,23,0,23,0,0,38,2,40,167,0,167,207
01/30/2023,CNO,CA,AWP,WE,Towers with Radar,0,0,5,1,6,0,0,55,2,57,0,0,60,3,63,357,0,357,420
01/31/2023,CNO,CA,AWP,WE,Towers with Radar,0,0,15,1,16,0,0,77,1,78,0,0,92,2,94,355,0,355,449
02/01/2023,CNO,CA,AWP,WE,Towers with Radar,0,4,43,2,49,0,1,184,2,187,0,5,227,4,236,487,0,487,723
02/02/2023,CNO,CA,AWP,WE,Towers with Radar,0,0,36,1,37,0,0,248,7,255,0,0,284,8,292,627,0,627,919
02/03/2023,CNO,CA,AWP,WE,Towers with Radar,0,2,41,2,45,0,0,222,2,224,0,2,263,4,269,490,0,490,759
02/04/2023,CNO,CA,AWP,WE,Towers with Radar,0,0,31,0,31,0,0,260,0,260,0,0,291,0,291,563,0,563,854
02/05/2023,CNO,CA,AWP,WE,Towers with Radar,0,3,27,0,30,0,0,48,0,48,0,3,75,0,78,135,0,135,213
02/06/2023,CNO,CA,AWP,WE,Towers with Radar,0,0,20,0,20,0,0,136,2,138,0,0,156,2,158,492,16,508,666
02/07/2023,CNO,CA,AWP,WE,Towers with Radar,0,0,44,1,45,0,0,189,5,194,0,0,233,6,239,615,9,624,863
02/08/2023,CNO,CA,AWP,WE,Towers with Radar,0,0,47,4,51,0,0,227,7,234,0,0,274,11,285,573,16,589,874
02/09/2023,CNO,CA,AWP,WE,Towers with Radar,0,2,13,0,15,0,0,90,0,90,0,2,103,0,105,142,0,142,247
02/10/2023,CNO,CA,AWP,WE,Towers with Radar,0,0,10,1,11,0,0,178,5,183,0,0,188,6,194,367,0,367,561
02/11/2023,CNO,CA,AWP,WE,Towers with Radar,0,0,30,1,31,0,0,161,1,162,0,0,191,2,193,344,0,344,537
02/12/2023,CNO,CA,AWP,WE,Towers with Radar,0,2,28,0,30,0,0,88,0,88,0,2,116,0,118,227,0,227,345
02/13/2023,CNO,CA,AWP,WE,Towers with Radar,0,1,25,3,29,0,0,145,4,149,0,1,170,7,178,420,6,426,604
02/14/2023,CNO,CA,AWP,WE,Towers with Radar,0,0,12,2,14,0,0,41,0,41,0,0,53,2,55,297,0,297,352
02/15/2023,CNO,CA,AWP,WE,Towers with Radar,0,1,16,0,17,0,0,112,4,116,0,1,128,4,133,399,19,418,551
02/16/2023,CNO,CA,AWP,WE,Towers with Radar,0,0,20,1,21,0,0,142,4,146,0,0,162,5,167,354,0,354,521
02/17/2023,CNO,CA,AWP,WE,Towers with Radar,0,0,21,1,22,0,0,163,5,168,0,0,184,6,190,383,0,383,573
02/18/2023,CNO,CA,AWP,WE,Towers with Radar,0,1,40,2,43,0,1,180,2,183,0,2,220,4,226,489,0,489,715
02/19/2023,CNO,CA,AWP,WE,Towers with Radar,0,2,32,0,34,0,2,173,2,177,0,4,205,2,211,416,0,416,627
02/20/2023,CNO,CA,AWP,WE,Towers with Radar,0,3,44,2,49,0,0,251,2,253,0,3,295,4,302,448,0,448,750
02/21/2023,CNO,CA,AWP,WE,Towers with Radar,0,0,31,2,33,0,0,177,4,181,0,0,208,6,214,552,0,552,766
02/22/2023,CNO,CA,AWP,WE,Towers with Radar,0,2,23,0,25,0,0,60,0,60,0,2,83,0,85,321,0,321,406
02/23/2023,CNO,CA,AWP,WE,Towers with Radar,0,0,9,0,9,0,0,15,0,15,0,0,24,0,24,230,0,230,254
02/24/2023,CNO,CA,AWP,WE,Towers with Radar,0,0,5,0,5,0,0,6,0,6,0,0,11,0,11,117,0,117,128
02/25/2023,CNO,CA,AWP,WE,Towers with Radar,0,2,11,0,13,0,0,2,0,2,0,2,13,0,15,22,0,22,37
02/26/2023,CNO,CA,AWP,WE,Towers with Radar,0,1,19,0,20,0,1,74,0,75,0,2,93,0,95,313,0,313,408
02/27/2023,CNO,CA,AWP,WE,Towers with Radar,0,0,19,0,19,0,0,26,0,26,0,0,45,0,45,247,0,247,292
02/28/2023,CNO,CA,AWP,WE,Towers with Radar,0,1,30,1,32,0,0,72,3,75,0,1,102,4,107,465,11,476,583
03/01/2023,CNO,CA,AWP,WE,Towers with Radar,0,0,9,0,9,0,0,34,0,34,0,0,43,0,43,206,0,206,249
03/02/2023,CNO,CA,AWP,WE,Towers with Radar,0,1,37,2,40,0,1,275,4,280,0,2,312,6,320,536,0,536,856
03/03/2023,CNO,CA,AWP,WE,Towers with Radar,0,3,26,4,33,0,1,204,5,210,0,4,230,9,243,637,0,637,880
03/04/2023,CNO,CA,AWP,WE,Towers with Radar,0,2,27,2,31,0,0,144,5,149,0,2,171,7,180,547,0,547,727
03/05/2023,CNO,CA,AWP,WE,Towers with Radar,0,0,36,0,36,0,0,45,0,45,0,0,81,0,81,276,0,276,357
03/06/2023,CNO,CA,AWP,WE,Towers with Radar,0,0,40,0,40,0,0,160,4,164,0,0,200,4,204,456,11,467,671
03/07/2023,CNO,CA,AWP,WE,Towers with Radar,0,4,28,3,35,0,1,200,3,204,0,5,228,6,239,459,0,459,698
03/08/2023,CNO,CA,AWP,WE,Towers with Radar,0,2,36,1,39,0,3,165,2,170,0,5,201,3,209,604,0,604,813
03/09/2023,CNO,CA,AWP,WE,Towers with Radar,0,0,30,5,35,0,2,265,7,274,0,2,295,12,309,796,0,796,1105
03/10/2023,CNO,CA,AWP,WE,Towers with Radar,0,1,20,0,21,0,0,0,0,0,0,1,20,0,21,4,0,4,25
03/11/2023,CNO,CA,AWP,WE,Towers with Radar,0,0,17,6,23,0,0,4,0,4,0,0,21,6,27,43,0,43,70
03/12/2023,CNO,CA,AWP,WE,Towers with Radar,0,0,34,2,36,0,0,68,4,72,0,0,102,6,108,315,9,324,432
03/13/2023,CNO,CA,AWP,WE,Towers with Radar,0,3,34,6,43,0,0,65,3,68,0,3,99,9,111,472,9,481,592
03/14/2023,CNO,CA,AWP,WE,Towers with Radar,0,0,19,0,19,0,0,14,0,14,0,0,33,0,33,122,0,122,155
03/15/2023,CNO,CA,AWP,WE,Towers with Radar,0,1,11,1,13,0,0,0,0,0,0,1,11,1,13,0,0,0,13
03/16/2023,CNO,CA,AWP,WE,Towers with Radar,1,3,54,2,60,0,0,112,0,112,1,3,166,2,172,977,0,977,1149
03/17/2023,CNO,CA,AWP,WE,Towers with Radar,0,0,46,1,47,0,2,144,1,147,0,2,190,2,194,580,0,580,774
03/18/2023,CNO,CA,AWP,WE,Towers with Radar,0,0,20,0,20,0,2,252,1,255,0,2,272,1,275,529,0,529,804
03/19/2023,CNO,CA,AWP,WE,Towers with Radar,0,3,32,0,35,0,2,100,3,105,0,5,132,3,140,254,0,254,394
03/20/2023,CNO,CA,AWP,WE,Towers with Radar,0,0,23,2,25,0,0,39,4,43,0,0,62,6,68,224,9,233,301
03/21/2023,CNO,CA,AWP,WE,Towers with Radar,0,0,5,1,6,0,0,7,1,8,0,0,12,2,14,134,0,134,148
03/22/2023,CNO,CA,AWP,WE,Towers with Radar,0,3,16,0,19,0,0,36,0,36,0,3,52,0,55,519,0,519,574
03/23/2023,CNO,CA,AWP,WE,Towers with Radar,0,0,28,2,30,0,0,95,1,96,0,0,123,3,126,513,3,516,642
03/24/2023,CNO,CA,AWP,WE,Towers with Radar,1,1,54,1,57,0,3,207,1,211,1,4,261,2,268,531,0,531,799
03/25/2023,CNO,CA,AWP,WE,Towers with Radar,0,4,28,0,32,0,4,267,0,271,0,8,295,0,303,620,0,620,923
03/26/2023,CNO,CA,AWP,WE,Towers with Radar,0,3,40,0,43,0,5,188,0,193,0,8,228,0,236,333,0,333,569
03/27/2023,CNO,CA,AWP,WE,Towers with Radar,0,0,5,1,6,0,7,136,5,148,0,7,141,6,154,523,16,539,693
03/28/2023,CNO,CA,AWP,WE,Towers with Radar,0,2,25,1,28,0,7,230,3,240,0,9,255,4,268,618,0,618,886
03/29/2023,CNO,CA,AWP,WE,Towers with Radar,0,0,26,0,26,0,0,20,0,20,0,0,46,0,46,212,0,212,258
03/30/2023,CNO,CA,AWP,WE,Towers with Radar,0,0,16,0,16,0,0,89,2,91,0,0,105,2,107,424,4,428,535
03/31/2023,CNO,CA,AWP,WE,Towers with Radar,0,6,25,0,31,0,8,229,3,240,0,14,254,3,271,502,0,502,773
04/01/2023,CNO,CA,AWP,WE,Towers with Radar,0,2,38,1,41,0,6,236,2,244,0,8,274,3,285,455,0,455,740
04/02/2023,CNO,CA,AWP,WE,Towers with Radar,0,4,36,2,42,0,4,158,0,162,0,8,194,2,204,332,0,332,536
04/03/2023,CNO,CA,AWP,WE,Towers with Radar,0,0,22,1,23,0,0,40,0,40,0,0,62,1,63,211,0,211,274
04/04/2023,CNO,CA,AWP,WE,Towers with Radar,0,2,26,0,28,0,8,166,10,184,0,10,192,10,212,543,0,543,755
04/05/2023,CNO,CA,AWP,WE,Towers with Radar,0,3,17,4,24,0,10,216,6,232,0,13,233,10,256,581,1,582,838
04/06/2023,CNO,CA,AWP,WE,Towers with Radar,0,3,22,0,25,0,3,225,0,228,0,6,247,0,253,560,0,560,813
04/07/2023,CNO,CA,AWP,WE,Towers with Radar,0,3,32,2,37,0,4,214,3,221,0,7,246,5,258,495,0,495,753
04/08/2023,CNO,CA,AWP,WE,Towers with Radar,0,2,28,0,30,0,11,237,3,251,0,13,265,3,281,478,0,478,759
04/09/2023,CNO,CA,AWP,WE,Towers with Radar,0,1,24,0,25,0,1,103,1,105,0,2,127,1,130,188,0,188,318
04/10/2023,CNO,CA,AWP,WE,Towers with Radar,0,1,38,0,39,0,2,176,1,179,0,3,214,1,218,513,12,525,743
04/11/2023,CNO,CA,AWP,WE,Towers with Radar,0,2,27,0,29,0,3,161,2,166,0,5,188,2,195,626,0,626,821
04/12/2023,CNO,CA,AWP,WE,Towers with Radar,2,0,40,3,45,0,0,51,3,54,2,0,91,6,99,305,2,307,406
04/13/2023,CNO,CA,AWP,WE,Towers with Radar,0,0,27,2,29,0,0,41,0,41,0,0,68,2,70,477,0,477,547
04/14/2023,CNO,CA,AWP,WE,Towers with Radar,0,5,41,2,48,0,1,147,0,148,0,6,188,2,196,772,0,772,968
04/15/2023,CNO,CA,AWP,WE,Towers with Radar,0,3,26,0,29,0,6,222,1,229,0,9,248,1,258,571,0,571,829
04/16/2023,CNO,CA,AWP,WE,Towers with Radar,0,0,25,0,25,0,0,206,3,209,0,0,231,3,234,357,0,357,591
04/17/2023,CNO,CA,AWP,WE,Towers with Radar,0,0,33,1,34,0,0,71,1,72,0,0,104,2,106,309,0,309,415
04/18/2023,CNO,CA,AWP,WE,Towers with Radar,0,2,23,0,25,0,0,148,5,153,0,2,171,5,178,740,23,763,941
04/19/2023,CNO,CA,AWP,WE,Towers with Radar,0,2,23,4,29,0,6,224,5,235,0,8,247,9,264,689,0,689,953
04/20/2023,CNO,CA,AWP,WE,Towers with Radar,0,5,34,0,39,0,4,245,1,250,0,9,279,1,289,501,0,501,790
04/21/2023,CNO,CA,AWP,WE,Towers with Radar,0,1,23,0,24,0,2,201,0,203,0,3,224,0,227,427,0,427,654
04/22/2023,CNO,CA,AWP,WE,Towers with Radar,0,1,23,0,24,0,3,151,1,155,0,4,174,1,179,223,0,223,402
04/23/2023,CNO,CA,AWP,WE,Towers with Radar,0,2,28,0,30,0,1,154,0,155,0,3,182,0,185,314,0,314,499
04/24/2023,CNO,CA,AWP,WE,Towers with Radar,0,1,38,0,39,0,0,99,0,99,0,1,137,0,138,442,0,442,580
04/25/2023,CNO,CA,AWP,WE,Towers with Radar,0,1,37,2,40,0,2,110,1,113,0,3,147,3,153,310,24,334,487
04/26/2023,CNO,CA,AWP,WE,Towers with Radar,0,2,20,2,24,0,1,179,5,185,0,3,199,7,209,485,24,509,718
04/27/2023,CNO,CA,AWP,WE,Towers with Radar,0,2,44,2,48,0,3,180,5,188,0,5,224,7,236,434,0,434,670
04/28/2023,CNO,CA,AWP,WE,Towers with Radar,0,1,29,2,32,0,4,176,5,185,0,5,205,7,217,456,0,456,673
04/29/2023,CNO,CA,AWP,WE,Towers with Radar,1,2,24,1,28,0,2,141,1,144,1,4,165,2,172,346,0,346,518
04/30/2023,CNO,CA,AWP,WE,Towers with Radar,0,2,28,2,32,0,1,138,0,139,0,3,166,2,171,318,0,318,489
05/01/2023,CNO,CA,AWP,WE,Towers with Radar,1,1,31,3,36,0,0,59,2,61,1,1,90,5,97,266,0,266,363
05/02/2023,CNO,CA,AWP,WE,Towers with Radar,0,0,31,1,32,0,1,132,1,134,0,1,163,2,166,476,0,476,642
05/03/2023,CNO,CA,AWP,WE,Towers with Radar,0,3,29,5,37,0,2,150,2,154,0,5,179,7,191,654,0,654,845
05/04/2023,CNO,CA,AWP,WE,Towers with Radar,0,3,17,2,22,0,0,44,3,47,0,3,61,5,69,424,0,424,493
05/05/2023,CNO,CA,AWP,WE,Towers with Radar,0,3,31,2,36,0,0,115,3,118,0,3,146,5,154,627,0,627,781
05/06/2023,CNO,CA,AWP,WE,Towers with Radar,0,1,31,0,32,0,4,218,0,222,0,5,249,0,254,535,0,535,789
05/07/2023,CNO,CA,AWP,WE,Towers with Radar,0,1,24,0,25,0,0,128,2,130,0,1,152,2,155,360,0,360,515
05/08/2023,CNO,CA,AWP,WE,Towers with Radar,0,4,34,0,38,0,2,168,3,173,0,6,202,3,211,682,1,683,894
05/09/2023,CNO,CA,AWP,WE,Towers with Radar,0,0,31,1,32,0,3,110,1,114,0,3,141,2,146,554,0,554,700
05/10/2023,CNO,CA,AWP,WE,Towers with Radar,0,0,45,2,47,0,2,129,2,133,0,2,174,4,180,687,0,687,867
05/11/2023,CNO,CA,AWP,WE,Towers with Radar,0,4,38,1,43,0,8,157,0,165,0,12,195,1,208,754,0,754,962
05/12/2023,CNO,CA,AWP,WE,Towers with Radar,0,3,27,0,30,0,1,165,4,170,0,4,192,4,200,606,0,606,806
05/13/2023,CNO,CA,AWP,WE,Towers with Radar,0,1,30,2,33,0,2,222,6,230,0,3,252,8,263,410,0,410,673
05/14/2023,CNO,CA,AWP,WE,Towers with Radar,0,1,19,0,20,0,3,94,2,99,0,4,113,2,119,254,0,254,373
05/15/2023,CNO,CA,AWP,WE,Towers with Radar,0,3,51,3,57,0,1,133,5,139,0,4,184,8,196,454,0,454,650
05/16/2023,CNO,CA,AWP,WE,Towers with Radar,0,2,33,0,35,0,3,141,1,145,0,5,174,1,180,486,0,486,666
05/17/2023,CNO,CA,AWP,WE,Towers with Radar,0,3,50,2,55,0,2,197,2,201,0,5,247,4,256,500,0,500,756
05/18/2023,CNO,CA,AWP,WE,Towers with Radar,0,1,52,2,55,0,2,159,6,167,0,3,211,8,222,469,0,469,691
05/19/2023,CNO,CA,AWP,WE,Towers with Radar,0,9,34,1,44,0,0,81,3,84,0,9,115,4,128,474,0,474,602
05/20/2023,CNO,CA,AWP,WE,Towers with Radar,0,0,23,0,23,0,0,130,1,131,0,0,153,1,154,331,0,331,485
05/21/2023,CNO,CA,AWP,WE,Towers with Radar,0,2,35,0,37,0,0,120,0,120,0,2,155,0,157,414,0,414,571
05/22/2023,CNO,CA,AWP,WE,Towers with Radar,0,2,47,1,50,0,2,149,1,152,0,4,196,2,202,344,0,344,546
05/23/2023,CNO,CA,AWP,WE,Towers with Radar,0,2,37,1,40,0,0,46,0,46,0,2,83,1,86,625,0,625,711
05/24/2023,CNO,CA,AWP,WE,Towers with Radar,0,4,51,0,55,0,0,117,3,120,0,4,168,3,175,579,0,579,754
05/25/2023,CNO,CA,AWP,WE,Towers with Radar,0,2,42,1,45,0,0,160,3,163,0,2,202,4,208,603,0,603,811
05/26/2023,CNO,CA,AWP,WE,Towers with Radar,0,6,45,0,51,0,0,166,2,168,0,6,211,2,219,771,0,771,990
05/27/2023,CNO,CA,AWP,WE,Towers with Radar,0,1,32,1,34,0,1,129,0,130,0,2,161,1,164,483,0,483,647
05/28/2023,CNO,CA,AWP,WE,Towers with Radar,0,0,36,2,38,0,0,51,0,51,0,0,87,2,89,465,0,465,554
05/29/2023,CNO,CA,AWP,WE,Towers with Radar,0,3,24,0,27,0,0,81,0,81,0,3,105,0,108,413,0,413,521
05/30/2023,CNO,CA,AWP,WE,Towers with Radar,0,0,43,2,45,0,0,120,2,122,0,0,163,4,167,472,5,477,644
05/31/2023,CNO,CA,AWP,WE,Towers with Radar,0,3,27,1,31,0,0,125,5,130,0,3,152,6,161,471,0,471,632
06/01/2023,CNO,CA,AWP,WE,Towers with Radar,0,7,46,5,58,0,12,97,3,112,0,19,143,8,170,793,0,793,963
06/02/2023,CNO,CA,AWP,WE,Towers with Radar,0,2,37,1,40,0,2,145,2,149,0,4,182,3,189,560,0,560,749
06/03/2023,CNO,CA,AWP,WE,Towers with Radar,0,1,29,0,30,0,1,201,2,204,0,2,230,2,234,551,0,551,785
06/04/2023,CNO,CA,AWP,WE,Towers with Radar,0,2,33,0,35,0,0,127,3,130,0,2,160,3,165,191,0,191,356
06/05/2023,CNO,CA,AWP,WE,Towers with Radar,0,2,51,0,53,0,0,48,5,53,0,2,99,5,106,311,11,322,428
06/06/2023,CNO,CA,AWP,WE,Towers with Radar,0,1,35,1,37,0,0,154,3,157,0,1,189,4,194,551,36,587,781
06/07/2023,CNO,CA,AWP,WE,Towers with Radar,0,9,21,3,33,0,1,129,3,133,0,10,150,6,166,677,0,677,843
06/08/2023,CNO,CA,AWP,WE,Towers with Radar,0,1,39,2,42,0,0,129,0,129,0,1,168,2,171,462,0,462,633
06/09/2023,CNO,CA,AWP,WE,Towers with Radar,2,0,30,0,32,0,2,117,0,119,2,2,147,0,151,652,0,652,803
06/10/2023,CNO,CA,AWP,WE,Towers with Radar,0,0,33,0,33,0,2,65,0,67,0,2,98,0,100,403,0,403,503
06/11/2023,CNO,CA,AWP,WE,Towers with Radar,0,0,28,0,28,0,0,50,0,50,0,0,78,0,78,278,0,278,356
06/12/2023,CNO,CA,AWP,WE,Towers with Radar,0,2,51,2,55,0,0,99,0,99,0,2,150,2,154,391,0,391,545
06/13/2023,CNO,CA,AWP,WE,Towers with Radar,0,0,54,3,57,0,1,128,3,132,0,1,182,6,189,761,0,761,950
06/14/2023,CNO,CA,AWP,WE,Towers with Radar,0,0,36,2,38,0,5,72,1,78,0,5,108,3,116,563,0,563,679
06/15/2023,CNO,CA,AWP,WE,Towers with Radar,0,5,37,1,43,0,0,95,3,98,0,5,132,4,141,570,0,570,711
06/16/2023,CNO,CA,AWP,WE,Towers with Radar,0,1,43,2,46,0,3,164,7,174,0,4,207,9,220,676,0,676,896
06/17/2023,CNO,CA,AWP,WE,Towers with Radar,0,2,21,0,23,0,1,223,2,226,0,3,244,2,249,346,0,346,595
06/18/2023,CNO,CA,AWP,WE,Towers with Radar,0,1,20,0,21,0,0,105,2,107,0,1,125,2,128,247,0,247,375
06/19/2023,CNO,CA,AWP,WE,Towers with Radar,0,1,47,3,51,0,3,129,3,135,0,4,176,6,186,463,0,463,649
06/20/2023,CNO,CA,AWP,WE,Towers with Radar,0,4,33,2,39,0,2,199,6,207,0,6,232,8,246,429,0,429,675
06/21/2023,CNO,CA,AWP,WE,Towers with Radar,0,3,30,3,36,0,6,172,5,183,0,9,202,8,219,434,0,434,653
06/22/2023,CNO,CA,AWP,WE,Towers with Radar,0,0,31,0,31,0,2,151,0,153,0,2,182,0,184,300,0,300,484
06/23/2023,CNO,CA,AWP,WE,Towers with Radar,0,1,35,2,38,0,5,196,8,209,0,6,231,10,247,417,4,421,668
06/24/2023,CNO,CA,AWP,WE,Towers with Radar,0,0,32,1,33,0,0,251,3,254,0,0,283,4,287,447,0,447,734
06/25/2023,CNO,CA,AWP,WE,Towers with Radar,0,0,28,0,28,0,1,137,1,139,0,1,165,1,167,283,0,283,450
06/26/2023,CNO,CA,AWP,WE,Towers with Radar,0,1,35,3,39,0,4,179,1,184,0,5,214,4,223,409,0,409,632
06/27/2023,CNO,CA,AWP,WE,Towers with Radar,0,3,30,2,35,0,3,179,9,191,0,6,209,11,226,418,0,418,644
06/28/2023,CNO,CA,AWP,WE,Towers with Radar,0,4,24,2,30,0,0,179,3,182,0,4,203,5,212,490,0,490,702
06/29/2023,CNO,CA,AWP,WE,Towers with Radar,0,2,21,1,24,0,5,172,5,182,0,7,193,6,206,483,0,483,689
06/30/2023,CNO,CA,AWP,WE,Towers with Radar,0,0,29,3,32,0,5,176,5,186,0,5,205,8,218,493,0,493,711
07/01/2023,CNO,CA,AWP,WE,Towers with Radar,0,3,10,0,13,0,1,216,4,221,0,4,226,4,234,284,0,284,518
07/02/2023,CNO,CA,AWP,WE,Towers with Radar,0,7,21,0,28,0,4,117,4,125,0,11,138,4,153,247,0,247,400
07/03/2023,CNO,CA,AWP,WE,Towers with Radar,0,3,34,2,39,0,2,180,7,189,0,5,214,9,228,390,0,390,618
07/04/2023,CNO,CA,AWP,WE,Towers with Radar,0,0,20,0,20,0,2,127,4,133,0,2,147,4,153,222,0,222,375
07/05/2023,CNO,CA,AWP,WE,Towers with Radar,0,5,33,1,39,0,0,127,5,132,0,5,160,6,171,375,0,375,546
07/06/2023,CNO,CA,AWP,WE,Towers with Radar,0,2,30,2,34,0,4,147,5,156,0,6,177,7,190,604,11,615,805
07/07/2023,CNO,CA,AWP,WE,Towers with Radar,0,2,29,0,31,0,6,181,1,188,0,8,210,1,219,409,0,409,628
07/08/2023,CNO,CA,AWP,WE,Towers with Radar,0,0,28,0,28,0,2,163,4,169,0,2,191,4,197,427,0,427,624
07/09/2023,CNO,CA,AWP,WE,Towers with Radar,0,1,35,0,36,0,2,147,0,149,0,3,182,0,185,401,0,401,586
07/10/2023,CNO,CA,AWP,WE,Towers with Radar,0,9,34,0,43,0,7,164,4,175,0,16,198,4,218,538,0,538,756
07/11/2023,CNO,CA,AWP,WE,Towers with Radar,0,6,25,1,32,0,3,200,6,209,0,9,225,7,241,516,1,517,758
07/12/2023,CNO,CA,AWP,WE,Towers with Radar,0,0,29,1,30,0,9,161,10,180,0,9,190,11,210,684,28,712,922
07/13/2023,CNO,CA,AWP,WE,Towers with Radar,0,3,33,3,39,0,2,168,5,175,0,5,201,8,214,620,0,620,834
07/14/2023,CNO,CA,AWP,WE,Towers with Radar,1,4,16,1,22,0,6,170,9,185,1,10,186,10,207,585,17,602,809
07/15/2023,CNO,CA,AWP,WE,Towers with Radar,0,0,29,0,29,0,4,188,5,197,0,4,217,5,226,503,9,512,738
07/16/2023,CNO,CA,AWP,WE,Towers with Radar,0,4,17,0,21,0,2,134,0,136,0,6,151,0,157,309,0,309,466
07/17/2023,CNO,CA,AWP,WE,Towers with Radar,0,3,35,1,39,0,3,199,1,203,0,6,234,2,242,597,0,597,839
07/18/2023,CNO,CA,AWP,WE,Towers with Radar,0,1,47,2,50,0,3,163,7,173,0,4,210,9,223,401,0,401,624
07/19/2023,CNO,CA,AWP,WE,Towers with Radar,0,3,30,1,34,0,6,162,4,172,0,9,192,5,206,635,0,635,841
07/20/2023,CNO,CA,AWP,WE,Towers with Radar,0,5,22,1,28,0,4,154,6,164,0,9,176,7,192,598,1,599,791
07/21/2023,CNO,CA,AWP,WE,Towers with Radar,0,1,24,3,28,0,2,167,3,172,0,3,191,6,200,504,0,504,704
07/22/2023,CNO,CA,AWP,WE,Towers with Radar,0,0,26,1,27,0,0,147,3,150,0,0,173,4,177,490,0,490,667
07/23/2023,CNO,CA,AWP,WE,Towers with Radar,0,0,18,0,18,0,0,93,0,93,0,0,111,0,111,256,0,256,367
07/24/2023,CNO,CA,AWP,WE,Towers with Radar,0,0,33,0,33,0,0,114,8,122,0,0,147,8,155,339,30,369,524
07/25/2023,CNO,CA,AWP,WE,Towers with Radar,0,0,24,1,25,0,7,120,2,129,0,7,144,3,154,372,0,372,526
07/26/2023,CNO,CA,AWP,WE,Towers with Radar,0,2,25,0,27,0,3,152,5,160,0,5,177,5,187,405,0,405,592
07/27/2023,CNO,CA,AWP,WE,Towers with Radar,0,1,27,2,30,0,5,168,6,179,0,6,195,8,209,590,6,596,805
07/28/2023,CNO,CA,AWP,WE,Towers with Radar,0,1,27,0,28,0,5,229,6,240,0,6,256,6,268,525,0,525,793
07/29/2023,CNO,CA,AWP,WE,Towers with Radar,0,0,34,0,34,0,0,174,5,179,0,0,208,5,213,475,0,475,688
07/30/2023,CNO,CA,AWP,WE,Towers with Radar,0,2,20,0,22,0,0,125,4,129,0,2,145,4,151,347,0,347,498
07/31/2023,CNO,CA,AWP,WE,Towers with Radar,0,0,26,1,27,0,0,48,1,49,0,0,74,2,76,216,0,216,292
08/01/2023,CNO,CA,AWP,WE,Towers with Radar,0,3,33,2,38,0,1,156,7,164,0,4,189,9,202,412,18,430,632
08/02/2023,CNO,CA,AWP,WE,Towers with Radar,0,4,28,1,33,0,3,176,9,188,0,7,204,10,221,505,37,542,763
08/03/2023,CNO,CA,AWP,WE,Towers with Radar,0,11,37,2,50,0,9,188,5,202,0,20,225,7,252,648,0,648,900
08/04/2023,CNO,CA,AWP,WE,Towers with Radar,0,0,20,1,21,0,8,173,6,187,0,8,193,7,208,602,0,602,810
08/05/2023,CNO,CA,AWP,WE,Towers with Radar,0,0,26,0,26,0,2,198,2,202,0,2,224,2,228,418,0,418,646
08/06/2023,CNO,CA,AWP,WE,Towers with Radar,0,0,40,0,40,0,1,157,2,160,0,1,197,2,200,413,0,413,613
08/07/2023,CNO,CA,AWP,WE,Towers with Radar,0,3,30,3,36,0,4,133,7,144,0,7,163,10,180,328,11,339,519
08/08/2023,CNO,CA,AWP,WE,Towers with Radar,2,3,29,2,36,0,5,125,2,132,2,8,154,4,168,345,0,345,513
08/09/2023,CNO,CA,AWP,WE,Towers with Radar,0,4,14,0,18,0,4,118,5,127,0,8,132,5,145,390,0,390,535
08/10/2023,CNO,CA,AWP,WE,Towers with Radar,0,2,39,0,41,0,0,73,0,73,0,2,112,0,114,349,0,349,463
08/11/2023,CNO,CA,AWP,WE,Towers with Radar,0,4,26,4,34,0,0,137,3,140,0,4,163,7,174,452,0,452,626
08/12/2023,CNO,CA,AWP,WE,Towers with Radar,0,0,21,1,22,0,1,221,6,228,0,1,242,7,250,367,0,367,617
08/13/2023,CNO,CA,AWP,WE,Towers with Radar,0,2,31,0,33,0,4,149,2,155,0,6,180,2,188,337,0,337,525
08/14/2023,CNO,CA,AWP,WE,Towers with Radar,0,4,28,3,35,0,3,158,3,164,0,7,186,6,199,444,0,444,643
08/15/2023,CNO,CA,AWP,WE,Towers with Radar,0,2,40,0,42,0,1,170,0,171,0,3,210,0,213,503,0,503,716
08/16/2023,CNO,CA,AWP,WE,Towers with Radar,0,8,32,1,41,0,5,146,1,152,0,13,178,2,193,405,0,405,598
08/17/2023,CNO,CA,AWP,WE,Towers with Radar,0,3,42,0,45,0,5,223,0,228,0,8,265,0,273,557,0,557,830
08/18/2023,CNO,CA,AWP,WE,Towers with Radar,0,0,30,0,30,0,4,181,0,185,0,4,211,0,215,471,0,471,686
08/19/2023,CNO,CA,AWP,WE,Towers with Radar,0,1,27,1,29,0,0,159,6,165,0,1,186,7,194,468,8,476,670
08/20/2023,CNO,CA,AWP,WE,Towers with Radar,0,0,4,0,4,0,0,0,0,0,0,0,4,0,4,17,0,17,21
08/21/2023,CNO,CA,AWP,WE,Towers with Radar,0,0,13,2,15,0,1,52,6,59,0,1,65,8,74,112,16,128,202
08/22/2023,CNO,CA,AWP,WE,Towers with Radar,0,0,44,3,47,0,0,176,4,180,0,0,220,7,227,426,0,426,653
08/23/2023,CNO,CA,AWP,WE,Towers with Radar,0,1,43,0,44,0,4,176,0,180,0,5,219,0,224,421,0,421,645
08/24/2023,CNO,CA,AWP,WE,Towers with Radar,0,0,34,0,34,0,1,169,12,182,0,1,203,12,216,545,0,545,761
08/25/2023,CNO,CA,AWP,WE,Towers with Radar,0,0,38,1,39,0,4,207,3,214,0,4,245,4,253,407,1,408,661
08/26/2023,CNO,CA,AWP,WE,Towers with Radar,0,2,25,0,27,0,0,213,0,213,0,2,238,0,240,583,0,583,823
08/27/2023,CNO,CA,AWP,WE,Towers with Radar,0,1,29,0,30,0,1,153,2,156,0,2,182,2,186,387,0,387,573
08/28/2023,CNO,CA,AWP,WE,Towers with Radar,0,0,36,1,37,0,1,138,0,139,0,1,174,1,176,470,0,470,646
08/29/2023,CNO,CA,AWP,WE,Towers with Radar,0,0,28,1,29,0,7,159,3,169,0,7,187,4,198,504,10,514,712
08/30/2023,CNO,CA,AWP,WE,Towers with Radar,0,3,38,1,42,0,3,138,4,145,0,6,176,5,187,345,0,345,532
08/31/2023,CNO,CA,AWP,WE,Towers with Radar,0,6,45,2,53,0,6,179,3,188,0,12,224,5,241,688,0,688,929
