01/01/2020,CNW,TX,ASW,CE,Federal Contract Tower,0,0,0,0,0,0,0,0,0,0,0,0,0,0,0,0,0,0,0
01/02/2020,CNW,TX,ASW,CE,Federal Contract Tower,0,0,3,0,3,0,0,12,0,12,0,0,15,0,15,20,0,20,35
01/03/2020,CNW,TX,ASW,CE,Federal Contract Tower,0,0,6,0,6,0,0,4,0,4,0,0,10,0,10,4,0,4,14
01/04/2020,CNW,TX,ASW,CE,Federal Contract Tower,0,0,2,0,2,0,0,7,0,7,0,0,9,0,9,4,0,4,13
01/05/2020,CNW,TX,ASW,CE,Federal Contract Tower,0,0,0,0,0,0,0,11,0,11,0,0,11,0,11,8,0,8,19
01/06/2020,CNW,TX,ASW,CE,Federal Contract Tower,0,0,9,7,16,0,0,36,2,38,0,0,45,9,54,54,40,94,148
01/07/2020,CNW,TX,ASW,CE,Federal Contract Tower,0,0,6,2,8,0,0,40,0,40,0,0,46,2,48,82,36,118,166
01/08/2020,CNW,TX,ASW,CE,Federal Contract Tower,0,0,10,12,22,0,0,28,20,48,0,0,38,32,70,42,132,174,244
01/09/2020,CNW,TX,ASW,CE,Federal Contract Tower,0,0,7,0,7,0,0,3,4,7,0,0,10,4,14,0,18,18,32
01/10/2020,CNW,TX,ASW,CE,Federal Contract Tower,0,0,2,2,4,0,0,1,0,1,0,0,3,2,5,8,12,20,25
01/11/2020,CNW,TX,ASW,CE,Federal Contract Tower,0,0,0,7,7,0,0,4,8,12,0,0,4,15,19,0,0,0,19
01/12/2020,CNW,TX,ASW,CE,Federal Contract Tower,0,0,1,2,3,0,0,12,0,12,0,0,13,2,15,0,12,12,27
01/13/2020,CNW,TX,ASW,CE,Federal Contract Tower,0,0,10,2,12,0,0,4,0,4,0,0,14,2,16,54,0,54,70
01/14/2020,CNW,TX,ASW,CE,Federal Contract Tower,0,0,3,2,5,0,0,11,3,14,0,0,14,5,19,114,20,134,153
01/16/2020,CNW,TX,ASW,CE,Federal Contract Tower,0,0,4,0,4,0,0,0,0,0,0,0,4,0,4,0,0,0,4
01/17/2020,CNW,TX,ASW,CE,Federal Contract Tower,0,0,0,0,0,0,0,0,0,0,0,0,0,0,0,0,0,0,0
01/18/2020,CNW,TX,ASW,CE,Federal Contract Tower,0,0,9,0,9,0,0,25,0,25,0,0,34,0,34,22,0,22,56
01/19/2020,CNW,TX,ASW,CE,Federal Contract Tower,0,0,6,0,6,0,0,38,0,38,0,0,44,0,44,68,0,68,112
01/20/2020,CNW,TX,ASW,CE,Federal Contract Tower,0,0,11,0,11,0,0,65,0,65,0,0,76,0,76,150,0,150,226
01/21/2020,CNW,TX,ASW,CE,Federal Contract Tower,0,0,14,31,45,0,0,63,17,80,0,0,77,48,125,192,238,430,555
01/22/2020,CNW,TX,ASW,CE,Federal Contract Tower,0,0,0,0,0,0,0,0,0,0,0,0,0,0,0,0,0,0,0
01/23/2020,CNW,TX,ASW,CE,Federal Contract Tower,0,0,28,4,32,0,0,15,7,22,0,0,43,11,54,78,48,126,180
01/24/2020,CNW,TX,ASW,CE,Federal Contract Tower,0,0,19,26,45,0,0,60,20,80,0,0,79,46,125,102,206,308,433
01/25/2020,CNW,TX,ASW,CE,Federal Contract Tower,0,0,13,16,29,0,0,11,0,11,0,0,24,16,40,34,0,34,74
01/26/2020,CNW,TX,ASW,CE,Federal Contract Tower,0,0,1,0,1,0,0,9,0,9,0,0,10,0,10,18,0,18,28
01/27/2020,CNW,TX,ASW,CE,Federal Contract Tower,0,0,6,1,7,0,0,27,9,36,0,0,33,10,43,38,56,94,137
01/28/2020,CNW,TX,ASW,CE,Federal Contract Tower,0,0,9,5,14,0,0,1,0,1,0,0,10,5,15,30,14,44,59
01/29/2020,CNW,TX,ASW,CE,Federal Contract Tower,0,0,14,13,27,0,0,23,1,24,0,0,37,14,51,80,0,80,131
01/30/2020,CNW,TX,ASW,CE,Federal Contract Tower,0,0,3,9,12,0,0,0,0,0,0,0,3,9,12,0,0,0,12
01/31/2020,CNW,TX,ASW,CE,Federal Contract Tower,0,0,13,8,21,0,0,52,10,62,0,0,65,18,83,112,36,148,231
02/01/2020,CNW,TX,ASW,CE,Federal Contract Tower,0,0,17,0,17,0,0,27,0,27,0,0,44,0,44,4,0,4,48
02/02/2020,CNW,TX,ASW,CE,Federal Contract Tower,0,0,5,4,9,0,0,12,0,12,0,0,17,4,21,4,0,4,25
02/03/2020,CNW,TX,ASW,CE,Federal Contract Tower,0,0,13,11,24,0,0,25,1,26,0,0,38,12,50,38,68,106,156
02/04/2020,CNW,TX,ASW,CE,Federal Contract Tower,0,0,13,40,53,0,0,2,3,5,0,0,15,43,58,24,0,24,82
02/05/2020,CNW,TX,ASW,CE,Federal Contract Tower,0,0,0,8,8,0,0,2,0,2,0,0,2,8,10,30,0,30,40
02/06/2020,CNW,TX,ASW,CE,Federal Contract Tower,0,0,7,3,10,0,0,46,26,72,0,0,53,29,82,64,108,172,254
02/07/2020,CNW,TX,ASW,CE,Federal Contract Tower,0,0,9,15,24,0,0,66,14,80,0,0,75,29,104,64,44,108,212
02/08/2020,CNW,TX,ASW,CE,Federal Contract Tower,0,0,2,4,6,0,0,20,0,20,0,0,22,4,26,20,0,20,46
02/09/2020,CNW,TX,ASW,CE,Federal Contract Tower,0,0,1,0,1,0,0,0,0,0,0,0,1,0,1,0,0,0,1
02/10/2020,CNW,TX,ASW,CE,Federal Contract Tower,0,0,8,5,13,0,0,1,0,1,0,0,9,5,14,8,36,44,58
02/11/2020,CNW,TX,ASW,CE,Federal Contract Tower,0,0,0,9,9,0,0,0,0,0,0,0,0,9,9,0,0,0,9
02/12/2020,CNW,TX,ASW,CE,Federal Contract Tower,0,0,14,5,19,0,0,6,0,6,0,0,20,5,25,24,6,30,55
02/13/2020,CNW,TX,ASW,CE,Federal Contract Tower,0,0,12,8,20,0,0,49,8,57,0,0,61,16,77,124,40,164,241
02/14/2020,CNW,TX,ASW,CE,Federal Contract Tower,0,0,20,36,56,0,0,56,9,65,0,0,76,45,121,122,140,262,383
02/15/2020,CNW,TX,ASW,CE,Federal Contract Tower,0,0,10,0,10,0,0,10,0,10,0,0,20,0,20,16,0,16,36
02/16/2020,CNW,TX,ASW,CE,Federal Contract Tower,0,0,2,0,2,0,0,7,0,7,0,0,9,0,9,0,0,0,9
02/17/2020,CNW,TX,ASW,CE,Federal Contract Tower,0,16,10,0,26,0,0,27,8,35,0,16,37,8,61,138,8,146,207
02/18/2020,CNW,TX,ASW,CE,Federal Contract Tower,0,0,9,5,14,0,0,0,0,0,0,0,9,5,14,0,0,0,14
02/19/2020,CNW,TX,ASW,CE,Federal Contract Tower,0,0,6,0,6,0,0,0,0,0,0,0,6,0,6,0,0,0,6
02/20/2020,CNW,TX,ASW,CE,Federal Contract Tower,0,0,10,2,12,0,0,6,7,13,0,0,16,9,25,12,72,84,109
02/21/2020,CNW,TX,ASW,CE,Federal Contract Tower,0,0,18,3,21,0,0,74,16,90,0,0,92,19,111,74,88,162,273
02/22/2020,CNW,TX,ASW,CE,Federal Contract Tower,0,22,19,0,41,0,0,14,0,14,0,22,33,0,55,8,0,8,63
02/23/2020,CNW,TX,ASW,CE,Federal Contract Tower,0,0,1,2,3,0,0,0,0,0,0,0,1,2,3,0,0,0,3
02/24/2020,CNW,TX,ASW,CE,Federal Contract Tower,0,0,7,2,9,0,0,51,9,60,0,0,58,11,69,50,70,120,189
02/25/2020,CNW,TX,ASW,CE,Federal Contract Tower,0,0,21,5,26,0,0,52,5,57,0,0,73,10,83,140,52,192,275
02/26/2020,CNW,TX,ASW,CE,Federal Contract Tower,0,0,2,11,13,0,0,7,18,25,0,0,9,29,38,10,110,120,158
02/27/2020,CNW,TX,ASW,CE,Federal Contract Tower,0,0,19,27,46,0,0,57,5,62,0,0,76,32,108,154,64,218,326
02/28/2020,CNW,TX,ASW,CE,Federal Contract Tower,0,0,15,7,22,0,0,58,5,63,0,0,73,12,85,142,108,250,335
02/29/2020,CNW,TX,ASW,CE,Federal Contract Tower,0,0,1,2,3,0,0,4,0,4,0,0,5,2,7,0,0,0,7
03/01/2020,CNW,TX,ASW,CE,Federal Contract Tower,0,0,2,4,6,0,0,7,0,7,0,0,9,4,13,34,0,34,47
03/02/2020,CNW,TX,ASW,CE,Federal Contract Tower,0,0,10,24,34,0,0,13,0,13,0,0,23,24,47,106,0,106,153
03/03/2020,CNW,TX,ASW,CE,Federal Contract Tower,0,0,6,11,17,0,0,21,10,31,0,0,27,21,48,56,124,180,228
03/04/2020,CNW,TX,ASW,CE,Federal Contract Tower,0,0,0,0,0,0,0,0,0,0,0,0,0,0,0,0,0,0,0
03/05/2020,CNW,TX,ASW,CE,Federal Contract Tower,0,0,9,9,18,0,0,56,3,59,0,0,65,12,77,188,48,236,313
03/06/2020,CNW,TX,ASW,CE,Federal Contract Tower,0,0,8,6,14,0,0,34,10,44,0,0,42,16,58,94,84,178,236
03/07/2020,CNW,TX,ASW,CE,Federal Contract Tower,0,0,9,11,20,0,2,10,2,14,0,2,19,13,34,16,18,34,68
03/08/2020,CNW,TX,ASW,CE,Federal Contract Tower,0,0,0,7,7,0,0,1,0,1,0,0,1,7,8,0,6,6,14
03/09/2020,CNW,TX,ASW,CE,Federal Contract Tower,0,0,0,8,8,0,0,0,0,0,0,0,0,8,8,0,0,0,8
03/10/2020,CNW,TX,ASW,CE,Federal Contract Tower,0,0,13,21,34,0,0,3,0,3,0,0,16,21,37,38,0,38,75
03/11/2020,CNW,TX,ASW,CE,Federal Contract Tower,0,0,7,5,12,0,0,32,5,37,0,0,39,10,49,98,114,212,261
03/12/2020,CNW,TX,ASW,CE,Federal Contract Tower,0,0,14,15,29,0,0,24,8,32,0,0,38,23,61,82,46,128,189
03/13/2020,CNW,TX,ASW,CE,Federal Contract Tower,0,2,2,24,28,0,0,0,4,4,0,2,2,28,32,0,46,46,78
03/14/2020,CNW,TX,ASW,CE,Federal Contract Tower,0,0,0,0,0,0,0,4,0,4,0,0,4,0,4,0,0,0,4
03/15/2020,CNW,TX,ASW,CE,Federal Contract Tower,0,0,0,0,0,0,0,1,0,1,0,0,1,0,1,0,0,0,1
03/16/2020,CNW,TX,ASW,CE,Federal Contract Tower,0,16,4,26,46,0,0,0,7,7,0,16,4,33,53,0,46,46,99
03/17/2020,CNW,TX,ASW,CE,Federal Contract Tower,0,0,2,6,8,0,0,0,5,5,0,0,2,11,13,0,10,10,23
03/18/2020,CNW,TX,ASW,CE,Federal Contract Tower,0,0,2,20,22,0,0,4,3,7,0,0,6,23,29,0,42,42,71
03/19/2020,CNW,TX,ASW,CE,Federal Contract Tower,0,0,0,0,0,0,0,0,9,9,0,0,0,9,9,0,26,26,35
03/20/2020,CNW,TX,ASW,CE,Federal Contract Tower,0,0,0,3,3,0,0,0,0,0,0,0,0,3,3,0,0,0,3
03/21/2020,CNW,TX,ASW,CE,Federal Contract Tower,0,0,4,0,4,0,0,0,0,0,0,0,4,0,4,0,0,0,4
03/22/2020,CNW,TX,ASW,CE,Federal Contract Tower,0,0,0,0,0,0,0,0,0,0,0,0,0,0,0,0,0,0,0
03/23/2020,CNW,TX,ASW,CE,Federal Contract Tower,0,0,0,14,14,0,0,0,1,1,0,0,0,15,15,0,22,22,37
03/24/2020,CNW,TX,ASW,CE,Federal Contract Tower,0,0,0,7,7,0,0,13,1,14,0,0,13,8,21,46,14,60,81
03/25/2020,CNW,TX,ASW,CE,Federal Contract Tower,0,0,0,10,10,0,0,3,13,16,0,0,3,23,26,0,74,74,100
03/26/2020,CNW,TX,ASW,CE,Federal Contract Tower,0,0,0,6,6,0,0,2,5,7,0,0,2,11,13,0,26,26,39
03/27/2020,CNW,TX,ASW,CE,Federal Contract Tower,0,0,0,22,22,0,0,0,2,2,0,0,0,24,24,0,82,82,106
03/28/2020,CNW,TX,ASW,CE,Federal Contract Tower,0,0,0,0,0,0,0,0,0,0,0,0,0,0,0,0,0,0,0
03/29/2020,CNW,TX,ASW,CE,Federal Contract Tower,0,0,0,0,0,0,0,8,0,8,0,0,8,0,8,0,0,0,8
03/30/2020,CNW,TX,ASW,CE,Federal Contract Tower,0,0,0,0,0,0,0,0,0,0,0,0,0,0,0,0,0,0,0
03/31/2020,CNW,TX,ASW,CE,Federal Contract Tower,0,12,0,5,17,0,0,7,11,18,0,12,7,16,35,0,76,76,111
04/02/2020,CNW,TX,ASW,CE,Federal Contract Tower,0,0,0,4,4,0,0,2,0,2,0,0,2,4,6,0,0,0,6
04/03/2020,CNW,TX,ASW,CE,Federal Contract Tower,0,0,0,0,0,0,0,0,0,0,0,0,0,0,0,0,0,0,0
04/04/2020,CNW,TX,ASW,CE,Federal Contract Tower,0,0,0,0,0,0,0,0,0,0,0,0,0,0,0,0,0,0,0
04/05/2020,CNW,TX,ASW,CE,Federal Contract Tower,0,0,0,0,0,0,0,0,0,0,0,0,0,0,0,0,0,0,0
04/06/2020,CNW,TX,ASW,CE,Federal Contract Tower,0,0,0,0,0,0,0,0,7,7,0,0,0,7,7,0,42,42,49
04/07/2020,CNW,TX,ASW,CE,Federal Contract Tower,0,0,2,2,4,0,0,4,6,10,0,0,6,8,14,0,28,28,42
04/08/2020,CNW,TX,ASW,CE,Federal Contract Tower,0,0,0,0,0,0,0,22,8,30,0,0,22,8,30,98,44,142,172
04/09/2020,CNW,TX,ASW,CE,Federal Contract Tower,0,0,4,6,10,0,2,0,0,2,0,2,4,6,12,0,12,12,24
04/10/2020,CNW,TX,ASW,CE,Federal Contract Tower,0,0,2,3,5,0,0,5,6,11,0,0,7,9,16,0,36,36,52
04/11/2020,CNW,TX,ASW,CE,Federal Contract Tower,0,0,0,0,0,0,0,0,0,0,0,0,0,0,0,0,0,0,0
04/12/2020,CNW,TX,ASW,CE,Federal Contract Tower,0,0,2,0,2,0,0,7,0,7,0,0,9,0,9,10,0,10,19
04/13/2020,CNW,TX,ASW,CE,Federal Contract Tower,0,1,2,16,19,0,0,9,13,22,0,1,11,29,41,0,118,118,159
04/14/2020,CNW,TX,ASW,CE,Federal Contract Tower,0,0,2,1,3,0,0,5,9,14,0,0,7,10,17,0,36,36,53
04/15/2020,CNW,TX,ASW,CE,Federal Contract Tower,0,1,2,7,10,0,2,12,6,20,0,3,14,13,30,46,50,96,126
04/16/2020,CNW,TX,ASW,CE,Federal Contract Tower,0,0,0,26,26,0,0,8,0,8,0,0,8,26,34,20,70,90,124
04/17/2020,CNW,TX,ASW,CE,Federal Contract Tower,0,1,3,0,4,0,0,0,0,0,0,1,3,0,4,0,0,0,4
04/18/2020,CNW,TX,ASW,CE,Federal Contract Tower,0,0,3,14,17,0,0,2,4,6,0,0,5,18,23,4,104,108,131
04/19/2020,CNW,TX,ASW,CE,Federal Contract Tower,0,0,0,0,0,0,0,0,0,0,0,0,0,0,0,0,0,0,0
04/20/2020,CNW,TX,ASW,CE,Federal Contract Tower,0,0,4,13,17,0,0,9,8,17,0,0,13,21,34,0,100,100,134
04/21/2020,CNW,TX,ASW,CE,Federal Contract Tower,0,0,8,14,22,0,0,6,16,22,0,0,14,30,44,6,72,78,122
04/22/2020,CNW,TX,ASW,CE,Federal Contract Tower,0,0,2,6,8,0,0,0,2,2,0,0,2,8,10,0,20,20,30
04/23/2020,CNW,TX,ASW,CE,Federal Contract Tower,0,0,1,6,7,0,0,8,9,17,0,0,9,15,24,4,108,112,136
04/24/2020,CNW,TX,ASW,CE,Federal Contract Tower,0,0,4,14,18,0,0,8,2,10,0,0,12,16,28,6,76,82,110
04/25/2020,CNW,TX,ASW,CE,Federal Contract Tower,0,0,1,0,1,0,0,2,0,2,0,0,3,0,3,4,0,4,7
04/26/2020,CNW,TX,ASW,CE,Federal Contract Tower,0,0,1,0,1,0,0,9,0,9,0,0,10,0,10,0,0,0,10
04/27/2020,CNW,TX,ASW,CE,Federal Contract Tower,0,0,0,12,12,0,0,2,5,7,0,0,2,17,19,0,38,38,57
04/28/2020,CNW,TX,ASW,CE,Federal Contract Tower,0,0,1,40,41,0,0,1,11,12,0,0,2,51,53,0,82,82,135
04/29/2020,CNW,TX,ASW,CE,Federal Contract Tower,0,0,3,16,19,0,0,3,0,3,0,0,6,16,22,14,104,118,140
04/30/2020,CNW,TX,ASW,CE,Federal Contract Tower,0,0,2,4,6,0,0,23,6,29,0,0,25,10,35,34,56,90,125
05/01/2020,CNW,TX,ASW,CE,Federal Contract Tower,0,0,2,29,31,0,0,0,0,0,0,0,2,29,31,10,48,58,89
05/02/2020,CNW,TX,ASW,CE,Federal Contract Tower,0,0,2,39,41,0,0,0,3,3,0,0,2,42,44,0,34,34,78
05/03/2020,CNW,TX,ASW,CE,Federal Contract Tower,0,0,2,0,2,0,0,9,0,9,0,0,11,0,11,0,0,0,11
05/04/2020,CNW,TX,ASW,CE,Federal Contract Tower,0,0,6,14,20,0,0,17,11,28,0,0,23,25,48,0,124,124,172
05/05/2020,CNW,TX,ASW,CE,Federal Contract Tower,0,0,1,0,1,0,0,3,4,7,0,0,4,4,8,0,34,34,42
05/06/2020,CNW,TX,ASW,CE,Federal Contract Tower,0,0,2,0,2,0,0,4,9,13,0,0,6,9,15,0,92,92,107
05/07/2020,CNW,TX,ASW,CE,Federal Contract Tower,0,0,3,25,28,0,0,3,3,6,0,0,6,28,34,0,62,62,96
05/08/2020,CNW,TX,ASW,CE,Federal Contract Tower,0,0,4,10,14,0,0,3,0,3,0,0,7,10,17,0,66,66,83
05/09/2020,CNW,TX,ASW,CE,Federal Contract Tower,0,0,2,8,10,0,0,2,3,5,0,0,4,11,15,0,48,48,63
05/10/2020,CNW,TX,ASW,CE,Federal Contract Tower,0,0,0,0,0,0,0,4,0,4,0,0,4,0,4,10,0,10,14
05/11/2020,CNW,TX,ASW,CE,Federal Contract Tower,0,0,8,8,16,0,0,41,9,50,0,0,49,17,66,80,78,158,224
05/12/2020,CNW,TX,ASW,CE,Federal Contract Tower,0,0,0,0,0,0,0,8,0,8,0,0,8,0,8,34,0,34,42
05/13/2020,CNW,TX,ASW,CE,Federal Contract Tower,0,0,6,44,50,0,0,13,8,21,0,0,19,52,71,68,52,120,191
05/14/2020,CNW,TX,ASW,CE,Federal Contract Tower,0,0,8,15,23,0,0,23,9,32,0,0,31,24,55,98,82,180,235
05/15/2020,CNW,TX,ASW,CE,Federal Contract Tower,0,0,9,2,11,0,0,3,3,6,0,0,12,5,17,6,56,62,79
05/16/2020,CNW,TX,ASW,CE,Federal Contract Tower,0,0,0,0,0,0,0,0,0,0,0,0,0,0,0,0,0,0,0
05/17/2020,CNW,TX,ASW,CE,Federal Contract Tower,0,0,2,2,4,0,0,11,0,11,0,0,13,2,15,0,0,0,15
05/18/2020,CNW,TX,ASW,CE,Federal Contract Tower,0,0,4,11,15,0,0,45,10,55,0,0,49,21,70,186,86,272,342
05/19/2020,CNW,TX,ASW,CE,Federal Contract Tower,0,0,3,8,11,0,2,36,7,45,0,2,39,15,56,92,136,228,284
05/20/2020,CNW,TX,ASW,CE,Federal Contract Tower,0,0,15,4,19,0,0,19,7,26,0,0,34,11,45,88,56,144,189
05/21/2020,CNW,TX,ASW,CE,Federal Contract Tower,0,0,8,0,8,0,0,15,4,19,0,0,23,4,27,64,20,84,111
05/22/2020,CNW,TX,ASW,CE,Federal Contract Tower,0,0,8,0,8,0,0,31,4,35,0,0,39,4,43,122,12,134,177
05/23/2020,CNW,TX,ASW,CE,Federal Contract Tower,0,0,4,0,4,0,0,0,0,0,0,0,4,0,4,0,0,0,4
05/24/2020,CNW,TX,ASW,CE,Federal Contract Tower,0,0,0,0,0,0,0,0,0,0,0,0,0,0,0,0,0,0,0
05/25/2020,CNW,TX,ASW,CE,Federal Contract Tower,0,0,0,0,0,0,0,7,0,7,0,0,7,0,7,12,0,12,19
05/26/2020,CNW,TX,ASW,CE,Federal Contract Tower,0,0,13,0,13,0,0,50,5,55,0,0,63,5,68,190,28,218,286
05/27/2020,CNW,TX,ASW,CE,Federal Contract Tower,0,0,5,2,7,0,0,34,2,36,0,0,39,4,43,102,0,102,145
05/28/2020,CNW,TX,ASW,CE,Federal Contract Tower,0,0,13,7,20,0,0,48,2,50,0,0,61,9,70,170,18,188,258
05/29/2020,CNW,TX,ASW,CE,Federal Contract Tower,0,0,10,16,26,0,0,43,8,51,0,0,53,24,77,148,72,220,297
05/30/2020,CNW,TX,ASW,CE,Federal Contract Tower,0,0,0,1,1,0,0,16,2,18,0,0,16,3,19,94,10,104,123
05/31/2020,CNW,TX,ASW,CE,Federal Contract Tower,0,0,0,0,0,0,0,14,0,14,0,0,14,0,14,56,0,56,70
06/01/2020,CNW,TX,ASW,CE,Federal Contract Tower,0,0,9,17,26,0,0,58,5,63,0,0,67,22,89,212,94,306,395
06/02/2020,CNW,TX,ASW,CE,Federal Contract Tower,0,0,7,11,18,0,0,36,5,41,0,0,43,16,59,136,160,296,355
06/03/2020,CNW,TX,ASW,CE,Federal Contract Tower,0,0,17,25,42,0,2,83,9,94,0,2,100,34,136,196,84,280,416
06/04/2020,CNW,TX,ASW,CE,Federal Contract Tower,0,0,11,19,30,0,0,45,8,53,0,0,56,27,83,158,84,242,325
06/05/2020,CNW,TX,ASW,CE,Federal Contract Tower,0,0,9,22,31,0,0,47,5,52,0,0,56,27,83,192,50,242,325
06/06/2020,CNW,TX,ASW,CE,Federal Contract Tower,0,0,13,2,15,0,0,9,0,9,0,0,22,2,24,12,10,22,46
06/07/2020,CNW,TX,ASW,CE,Federal Contract Tower,0,0,4,5,9,0,0,6,1,7,0,0,10,6,16,10,28,38,54
06/08/2020,CNW,TX,ASW,CE,Federal Contract Tower,0,0,8,16,24,0,0,29,9,38,0,0,37,25,62,60,114,174,236
06/09/2020,CNW,TX,ASW,CE,Federal Contract Tower,0,0,3,19,22,0,0,41,10,51,0,0,44,29,73,144,84,228,301
06/10/2020,CNW,TX,ASW,CE,Federal Contract Tower,0,0,13,10,23,0,0,62,10,72,0,0,75,20,95,200,66,266,361
06/11/2020,CNW,TX,ASW,CE,Federal Contract Tower,0,0,14,6,20,0,0,47,2,49,0,0,61,8,69,136,78,214,283
06/12/2020,CNW,TX,ASW,CE,Federal Contract Tower,0,0,10,8,18,0,0,33,4,37,0,0,43,12,55,96,56,152,207
06/13/2020,CNW,TX,ASW,CE,Federal Contract Tower,0,0,17,4,21,0,0,7,2,9,0,0,24,6,30,14,0,14,44
06/14/2020,CNW,TX,ASW,CE,Federal Contract Tower,0,0,2,12,14,0,0,4,0,4,0,0,6,12,18,0,0,0,18
06/15/2020,CNW,TX,ASW,CE,Federal Contract Tower,0,0,20,13,33,0,0,48,20,68,0,0,68,33,101,110,174,284,385
06/16/2020,CNW,TX,ASW,CE,Federal Contract Tower,0,0,22,27,49,0,0,26,5,31,0,0,48,32,80,86,116,202,282
06/17/2020,CNW,TX,ASW,CE,Federal Contract Tower,0,0,16,33,49,0,0,42,8,50,0,0,58,41,99,84,100,184,283
06/18/2020,CNW,TX,ASW,CE,Federal Contract Tower,0,0,23,6,29,0,0,38,10,48,0,0,61,16,77,88,68,156,233
06/19/2020,CNW,TX,ASW,CE,Federal Contract Tower,0,0,11,24,35,0,0,15,2,17,0,0,26,26,52,66,36,102,154
06/20/2020,CNW,TX,ASW,CE,Federal Contract Tower,0,0,5,6,11,0,0,0,0,0,0,0,5,6,11,0,16,16,27
06/21/2020,CNW,TX,ASW,CE,Federal Contract Tower,0,0,1,4,5,0,0,2,0,2,0,0,3,4,7,10,0,10,17
06/22/2020,CNW,TX,ASW,CE,Federal Contract Tower,0,0,8,26,34,0,0,12,18,30,0,0,20,44,64,96,162,258,322
06/23/2020,CNW,TX,ASW,CE,Federal Contract Tower,0,0,4,4,8,0,0,11,2,13,0,0,15,6,21,26,8,34,55
06/24/2020,CNW,TX,ASW,CE,Federal Contract Tower,0,0,11,0,11,0,0,14,5,19,0,0,25,5,30,84,24,108,138
06/25/2020,CNW,TX,ASW,CE,Federal Contract Tower,0,0,13,4,17,0,0,12,2,14,0,0,25,6,31,74,20,94,125
06/26/2020,CNW,TX,ASW,CE,Federal Contract Tower,0,0,2,0,2,0,0,5,2,7,0,0,7,2,9,36,16,52,61
06/27/2020,CNW,TX,ASW,CE,Federal Contract Tower,0,0,10,0,10,0,0,2,0,2,0,0,12,0,12,4,0,4,16
06/28/2020,CNW,TX,ASW,CE,Federal Contract Tower,0,0,1,0,1,0,0,6,0,6,0,0,7,0,7,8,0,8,15
06/29/2020,CNW,TX,ASW,CE,Federal Contract Tower,0,0,6,2,8,0,0,24,5,29,0,0,30,7,37,44,90,134,171
06/30/2020,CNW,TX,ASW,CE,Federal Contract Tower,0,0,11,10,21,0,0,12,5,17,0,0,23,15,38,40,70,110,148
07/01/2020,CNW,TX,ASW,CE,Federal Contract Tower,0,0,22,42,64,0,0,33,4,37,0,0,55,46,101,64,56,120,221
07/02/2020,CNW,TX,ASW,CE,Federal Contract Tower,0,0,9,6,15,0,0,24,5,29,0,0,33,11,44,136,54,190,234
07/03/2020,CNW,TX,ASW,CE,Federal Contract Tower,0,0,10,0,10,0,0,21,0,21,0,0,31,0,31,20,0,20,51
07/04/2020,CNW,TX,ASW,CE,Federal Contract Tower,0,0,2,0,2,0,0,8,0,8,0,0,10,0,10,12,0,12,22
07/05/2020,CNW,TX,ASW,CE,Federal Contract Tower,0,0,0,0,0,0,0,0,0,0,0,0,0,0,0,0,0,0,0
07/06/2020,CNW,TX,ASW,CE,Federal Contract Tower,0,0,7,0,7,0,0,16,0,16,0,0,23,0,23,36,0,36,59
07/07/2020,CNW,TX,ASW,CE,Federal Contract Tower,0,0,3,0,3,0,0,6,2,8,0,0,9,2,11,12,54,66,77
07/08/2020,CNW,TX,ASW,CE,Federal Contract Tower,0,0,17,4,21,0,0,39,5,44,0,0,56,9,65,90,22,112,177
07/09/2020,CNW,TX,ASW,CE,Federal Contract Tower,0,0,7,11,18,0,0,40,3,43,0,0,47,14,61,102,22,124,185
07/10/2020,CNW,TX,ASW,CE,Federal Contract Tower,0,1,20,20,41,0,1,49,4,54,0,2,69,24,95,168,46,214,309
07/11/2020,CNW,TX,ASW,CE,Federal Contract Tower,0,0,8,0,8,0,0,19,0,19,0,0,27,0,27,32,0,32,59
07/12/2020,CNW,TX,ASW,CE,Federal Contract Tower,0,0,2,0,2,0,2,13,0,15,0,2,15,0,17,26,0,26,43
07/13/2020,CNW,TX,ASW,CE,Federal Contract Tower,0,0,24,8,32,0,0,52,2,54,0,0,76,10,86,94,24,118,204
07/14/2020,CNW,TX,ASW,CE,Federal Contract Tower,0,0,10,7,17,0,0,42,7,49,0,0,52,14,66,124,48,172,238
07/15/2020,CNW,TX,ASW,CE,Federal Contract Tower,0,0,13,2,15,0,0,70,7,77,0,0,83,9,92,142,30,172,264
07/16/2020,CNW,TX,ASW,CE,Federal Contract Tower,0,0,13,11,24,0,0,47,3,50,0,0,60,14,74,158,34,192,266
07/17/2020,CNW,TX,ASW,CE,Federal Contract Tower,0,0,10,24,34,0,0,51,0,51,0,0,61,24,85,112,16,128,213
07/18/2020,CNW,TX,ASW,CE,Federal Contract Tower,0,0,9,0,9,0,0,10,0,10,0,0,19,0,19,42,0,42,61
07/19/2020,CNW,TX,ASW,CE,Federal Contract Tower,0,0,0,2,2,0,0,11,0,11,0,0,11,2,13,0,0,0,13
07/20/2020,CNW,TX,ASW,CE,Federal Contract Tower,0,0,4,8,12,0,0,54,6,60,0,0,58,14,72,124,96,220,292
07/21/2020,CNW,TX,ASW,CE,Federal Contract Tower,0,0,7,8,15,0,0,12,6,18,0,0,19,14,33,34,60,94,127
07/22/2020,CNW,TX,ASW,CE,Federal Contract Tower,0,0,16,56,72,0,0,21,9,30,0,0,37,65,102,110,64,174,276
07/23/2020,CNW,TX,ASW,CE,Federal Contract Tower,0,0,7,16,23,0,0,42,9,51,0,0,49,25,74,72,78,150,224
07/24/2020,CNW,TX,ASW,CE,Federal Contract Tower,0,0,12,6,18,0,0,35,3,38,0,0,47,9,56,80,12,92,148
07/25/2020,CNW,TX,ASW,CE,Federal Contract Tower,0,0,12,0,12,0,0,3,0,3,0,0,15,0,15,0,0,0,15
07/26/2020,CNW,TX,ASW,CE,Federal Contract Tower,0,0,0,8,8,0,0,3,2,5,0,0,3,10,13,0,0,0,13
07/27/2020,CNW,TX,ASW,CE,Federal Contract Tower,0,0,14,6,20,0,0,17,5,22,0,0,31,11,42,58,40,98,140
07/28/2020,CNW,TX,ASW,CE,Federal Contract Tower,0,0,1,8,9,0,0,31,7,38,0,0,32,15,47,50,48,98,145
07/29/2020,CNW,TX,ASW,CE,Federal Contract Tower,0,0,19,29,48,0,0,49,2,51,0,0,68,31,99,96,76,172,271
07/30/2020,CNW,TX,ASW,CE,Federal Contract Tower,0,0,12,11,23,0,0,37,11,48,0,0,49,22,71,36,42,78,149
07/31/2020,CNW,TX,ASW,CE,Federal Contract Tower,0,0,13,0,13,0,0,28,0,28,0,0,41,0,41,60,0,60,101
08/01/2020,CNW,TX,ASW,CE,Federal Contract Tower,0,0,9,0,9,0,0,3,0,3,0,0,12,0,12,38,0,38,50
08/02/2020,CNW,TX,ASW,CE,Federal Contract Tower,0,0,4,4,8,0,0,10,0,10,0,0,14,4,18,50,0,50,68
08/03/2020,CNW,TX,ASW,CE,Federal Contract Tower,0,0,8,7,15,0,2,30,5,37,0,2,38,12,52,66,46,112,164
08/04/2020,CNW,TX,ASW,CE,Federal Contract Tower,0,0,11,5,16,0,0,49,7,56,0,0,60,12,72,160,44,204,276
08/05/2020,CNW,TX,ASW,CE,Federal Contract Tower,0,0,14,25,39,0,0,51,7,58,0,0,65,32,97,166,48,214,311
08/06/2020,CNW,TX,ASW,CE,Federal Contract Tower,0,0,16,17,33,0,0,32,8,40,0,0,48,25,73,44,84,128,201
08/07/2020,CNW,TX,ASW,CE,Federal Contract Tower,0,0,31,30,61,0,0,25,2,27,0,0,56,32,88,50,44,94,182
08/08/2020,CNW,TX,ASW,CE,Federal Contract Tower,0,0,3,0,3,0,0,5,0,5,0,0,8,0,8,2,0,2,10
08/09/2020,CNW,TX,ASW,CE,Federal Contract Tower,0,0,1,0,1,0,0,13,0,13,0,0,14,0,14,16,0,16,30
08/10/2020,CNW,TX,ASW,CE,Federal Contract Tower,0,0,9,27,36,0,0,43,5,48,0,0,52,32,84,182,112,294,378
08/12/2020,CNW,TX,ASW,CE,Federal Contract Tower,0,0,17,17,34,0,0,62,26,88,0,0,79,43,122,132,92,224,346
08/13/2020,CNW,TX,ASW,CE,Federal Contract Tower,0,0,18,32,50,0,0,35,11,46,0,0,53,43,96,100,106,206,302
08/14/2020,CNW,TX,ASW,CE,Federal Contract Tower,0,8,15,23,46,0,0,39,7,46,0,8,54,30,92,30,68,98,190
08/15/2020,CNW,TX,ASW,CE,Federal Contract Tower,0,0,10,0,10,0,0,6,0,6,0,0,16,0,16,12,0,12,28
08/16/2020,CNW,TX,ASW,CE,Federal Contract Tower,0,0,0,2,2,0,0,10,0,10,0,0,10,2,12,38,0,38,50
08/17/2020,CNW,TX,ASW,CE,Federal Contract Tower,0,0,16,7,23,0,0,39,13,52,0,0,55,20,75,172,120,292,367
08/18/2020,CNW,TX,ASW,CE,Federal Contract Tower,0,0,12,2,14,0,0,46,4,50,0,0,58,6,64,102,72,174,238
08/19/2020,CNW,TX,ASW,CE,Federal Contract Tower,0,0,21,8,29,0,0,54,5,59,0,0,75,13,88,76,44,120,208
08/20/2020,CNW,TX,ASW,CE,Federal Contract Tower,0,0,12,20,32,0,0,44,7,51,0,0,56,27,83,114,6,120,203
08/21/2020,CNW,TX,ASW,CE,Federal Contract Tower,0,0,7,31,38,0,0,37,9,46,0,0,44,40,84,82,42,124,208
08/22/2020,CNW,TX,ASW,CE,Federal Contract Tower,0,0,10,6,16,0,0,8,0,8,0,0,18,6,24,10,10,20,44
08/23/2020,CNW,TX,ASW,CE,Federal Contract Tower,0,0,2,6,8,0,0,19,0,19,0,0,21,6,27,18,0,18,45
08/24/2020,CNW,TX,ASW,CE,Federal Contract Tower,0,0,30,12,42,0,0,48,7,55,0,0,78,19,97,130,68,198,295
08/25/2020,CNW,TX,ASW,CE,Federal Contract Tower,0,0,12,14,26,0,0,44,7,51,0,0,56,21,77,122,82,204,281
08/26/2020,CNW,TX,ASW,CE,Federal Contract Tower,0,0,6,3,9,0,0,5,4,9,0,0,11,7,18,20,12,32,50
08/27/2020,CNW,TX,ASW,CE,Federal Contract Tower,0,0,12,11,23,0,0,35,4,39,0,0,47,15,62,114,32,146,208
08/28/2020,CNW,TX,ASW,CE,Federal Contract Tower,0,0,11,47,58,0,0,25,9,34,0,0,36,56,92,66,86,152,244
08/29/2020,CNW,TX,ASW,CE,Federal Contract Tower,0,0,9,0,9,0,0,6,0,6,0,0,15,0,15,16,0,16,31
08/30/2020,CNW,TX,ASW,CE,Federal Contract Tower,0,0,2,0,2,0,0,4,0,4,0,0,6,0,6,0,0,0,6
08/31/2020,CNW,TX,ASW,CE,Federal Contract Tower,0,0,10,8,18,0,0,47,6,53,0,0,57,14,71,152,90,242,313
09/01/2020,CNW,TX,ASW,CE,Federal Contract Tower,0,1,14,14,29,0,1,9,5,15,0,2,23,19,44,78,90,168,212
09/02/2020,CNW,TX,ASW,CE,Federal Contract Tower,0,0,0,0,0,0,0,6,4,10,0,0,6,4,10,12,12,24,34
09/03/2020,CNW,TX,ASW,CE,Federal Contract Tower,0,0,3,0,3,0,0,2,4,6,0,0,5,4,9,16,10,26,35
09/04/2020,CNW,TX,ASW,CE,Federal Contract Tower,0,0,2,0,2,0,0,8,3,11,0,0,10,3,13,20,0,20,33
09/05/2020,CNW,TX,ASW,CE,Federal Contract Tower,0,0,5,0,5,0,0,11,0,11,0,0,16,0,16,88,0,88,104
09/06/2020,CNW,TX,ASW,CE,Federal Contract Tower,0,0,1,0,1,0,0,5,0,5,0,0,6,0,6,10,0,10,16
09/07/2020,CNW,TX,ASW,CE,Federal Contract Tower,0,0,2,0,2,0,0,20,0,20,0,0,22,0,22,58,0,58,80
09/08/2020,CNW,TX,ASW,CE,Federal Contract Tower,0,0,15,13,28,0,0,14,2,16,0,0,29,15,44,72,44,116,160
09/09/2020,CNW,TX,ASW,CE,Federal Contract Tower,0,0,7,4,11,0,0,10,0,10,0,0,17,4,21,56,0,56,77
09/10/2020,CNW,TX,ASW,CE,Federal Contract Tower,0,2,14,6,22,0,0,3,0,3,0,2,17,6,25,32,0,32,57
09/11/2020,CNW,TX,ASW,CE,Federal Contract Tower,0,0,22,20,42,0,0,15,12,27,0,0,37,32,69,70,82,152,221
09/12/2020,CNW,TX,ASW,CE,Federal Contract Tower,0,0,10,20,30,0,0,25,10,35,0,0,35,30,65,24,0,24,89
09/13/2020,CNW,TX,ASW,CE,Federal Contract Tower,0,0,1,0,1,0,0,20,0,20,0,0,21,0,21,24,0,24,45
09/14/2020,CNW,TX,ASW,CE,Federal Contract Tower,0,0,3,4,7,0,0,49,8,57,0,0,52,12,64,162,22,184,248
09/15/2020,CNW,TX,ASW,CE,Federal Contract Tower,0,0,11,8,19,0,0,34,8,42,0,0,45,16,61,226,106,332,393
09/16/2020,CNW,TX,ASW,CE,Federal Contract Tower,0,0,12,0,12,0,0,46,9,55,0,0,58,9,67,88,12,100,167
09/17/2020,CNW,TX,ASW,CE,Federal Contract Tower,0,0,10,14,24,0,0,38,2,40,0,0,48,16,64,60,44,104,168
09/18/2020,CNW,TX,ASW,CE,Federal Contract Tower,0,0,8,11,19,0,0,69,0,69,0,0,77,11,88,88,8,96,184
09/19/2020,CNW,TX,ASW,CE,Federal Contract Tower,0,0,7,7,14,0,0,7,7,14,0,0,14,14,28,8,24,32,60
09/20/2020,CNW,TX,ASW,CE,Federal Contract Tower,0,0,5,9,14,0,0,16,2,18,0,0,21,11,32,114,14,128,160
09/21/2020,CNW,TX,ASW,CE,Federal Contract Tower,0,0,0,0,0,0,0,3,0,3,0,0,3,0,3,0,0,0,3
09/22/2020,CNW,TX,ASW,CE,Federal Contract Tower,0,0,5,0,5,0,0,0,0,0,0,0,5,0,5,0,0,0,5
09/23/2020,CNW,TX,ASW,CE,Federal Contract Tower,0,0,18,2,20,0,0,35,0,35,0,0,53,2,55,66,12,78,133
09/24/2020,CNW,TX,ASW,CE,Federal Contract Tower,0,0,33,0,33,0,0,34,7,41,0,0,67,7,74,292,52,344,418
09/25/2020,CNW,TX,ASW,CE,Federal Contract Tower,0,0,10,14,24,0,0,39,15,54,0,0,49,29,78,58,60,118,196
09/26/2020,CNW,TX,ASW,CE,Federal Contract Tower,0,0,7,4,11,0,0,19,0,19,0,0,26,4,30,22,0,22,52
09/27/2020,CNW,TX,ASW,CE,Federal Contract Tower,0,0,5,8,13,0,0,9,0,9,0,0,14,8,22,0,0,0,22
09/28/2020,CNW,TX,ASW,CE,Federal Contract Tower,0,0,11,2,13,0,0,42,5,47,0,0,53,7,60,106,42,148,208
09/29/2020,CNW,TX,ASW,CE,Federal Contract Tower,0,0,18,4,22,0,0,74,16,90,0,0,92,20,112,204,104,308,420
09/30/2020,CNW,TX,ASW,CE,Federal Contract Tower,0,0,21,15,36,0,0,72,16,88,0,0,93,31,124,132,202,334,458
10/01/2020,CNW,TX,ASW,CE,Federal Contract Tower,0,0,9,7,16,0,0,53,3,56,0,0,62,10,72,186,62,248,320
10/02/2020,CNW,TX,ASW,CE,Federal Contract Tower,0,0,14,3,17,0,0,57,6,63,0,0,71,9,80,94,22,116,196
10/03/2020,CNW,TX,ASW,CE,Federal Contract Tower,0,0,6,2,8,0,0,23,3,26,0,0,29,5,34,14,14,28,62
10/04/2020,CNW,TX,ASW,CE,Federal Contract Tower,0,0,6,6,12,0,0,17,0,17,0,0,23,6,29,52,0,52,81
10/05/2020,CNW,TX,ASW,CE,Federal Contract Tower,0,0,9,20,29,0,0,73,6,79,0,0,82,26,108,122,38,160,268
10/06/2020,CNW,TX,ASW,CE,Federal Contract Tower,0,2,29,39,70,0,0,44,13,57,0,2,73,52,127,232,118,350,477
10/07/2020,CNW,TX,ASW,CE,Federal Contract Tower,0,0,13,26,39,0,0,83,13,96,0,0,96,39,135,308,54,362,497
10/08/2020,CNW,TX,ASW,CE,Federal Contract Tower,0,0,26,34,60,0,0,47,7,54,0,0,73,41,114,246,94,340,454
10/09/2020,CNW,TX,ASW,CE,Federal Contract Tower,0,0,12,16,28,0,0,9,4,13,0,0,21,20,41,34,68,102,143
10/10/2020,CNW,TX,ASW,CE,Federal Contract Tower,0,0,5,20,25,0,0,61,0,61,0,0,66,20,86,28,16,44,130
10/11/2020,CNW,TX,ASW,CE,Federal Contract Tower,0,0,1,13,14,0,0,14,1,15,0,0,15,14,29,36,0,36,65
10/12/2020,CNW,TX,ASW,CE,Federal Contract Tower,0,0,6,0,6,0,0,39,0,39,0,0,45,0,45,134,0,134,179
10/13/2020,CNW,TX,ASW,CE,Federal Contract Tower,0,0,15,11,26,0,0,63,11,74,0,0,78,22,100,196,96,292,392
10/14/2020,CNW,TX,ASW,CE,Federal Contract Tower,0,0,29,36,65,0,0,55,12,67,0,0,84,48,132,110,108,218,350
10/15/2020,CNW,TX,ASW,CE,Federal Contract Tower,0,0,12,4,16,0,0,29,15,44,0,0,41,19,60,142,38,180,240
10/16/2020,CNW,TX,ASW,CE,Federal Contract Tower,0,0,11,26,37,0,0,59,6,65,0,0,70,32,102,122,52,174,276
10/17/2020,CNW,TX,ASW,CE,Federal Contract Tower,0,0,2,41,43,0,0,7,2,9,0,0,9,43,52,50,22,72,124
10/18/2020,CNW,TX,ASW,CE,Federal Contract Tower,0,0,3,12,15,0,0,10,0,10,0,0,13,12,25,40,0,40,65
10/19/2020,CNW,TX,ASW,CE,Federal Contract Tower,0,0,16,12,28,0,0,21,9,30,0,0,37,21,58,34,40,74,132
10/20/2020,CNW,TX,ASW,CE,Federal Contract Tower,0,0,22,40,62,0,0,44,8,52,0,0,66,48,114,158,46,204,318
10/21/2020,CNW,TX,ASW,CE,Federal Contract Tower,0,0,24,23,47,0,0,43,5,48,0,0,67,28,95,192,76,268,363
10/22/2020,CNW,TX,ASW,CE,Federal Contract Tower,0,0,25,19,44,0,0,26,9,35,0,0,51,28,79,56,56,112,191
10/23/2020,CNW,TX,ASW,CE,Federal Contract Tower,0,0,2,2,4,0,0,0,1,1,0,0,2,3,5,0,0,0,5
10/24/2020,CNW,TX,ASW,CE,Federal Contract Tower,0,0,4,7,11,0,0,13,7,20,0,0,17,14,31,4,34,38,69
10/25/2020,CNW,TX,ASW,CE,Federal Contract Tower,0,0,4,2,6,0,0,4,0,4,0,0,8,2,10,32,0,32,42
10/26/2020,CNW,TX,ASW,CE,Federal Contract Tower,0,0,5,0,5,0,0,1,0,1,0,0,6,0,6,0,0,0,6
10/27/2020,CNW,TX,ASW,CE,Federal Contract Tower,0,0,2,0,2,0,0,0,0,0,0,0,2,0,2,0,0,0,2
10/28/2020,CNW,TX,ASW,CE,Federal Contract Tower,0,0,16,2,18,0,0,3,4,7,0,0,19,6,25,20,28,48,73
10/29/2020,CNW,TX,ASW,CE,Federal Contract Tower,0,0,8,7,15,0,0,10,5,15,0,0,18,12,30,26,22,48,78
10/30/2020,CNW,TX,ASW,CE,Federal Contract Tower,0,0,13,14,27,0,0,40,3,43,0,0,53,17,70,176,46,222,292
10/31/2020,CNW,TX,ASW,CE,Federal Contract Tower,0,0,6,0,6,0,0,15,0,15,0,0,21,0,21,60,0,60,81
11/01/2020,CNW,TX,ASW,CE,Federal Contract Tower,0,0,0,0,0,0,0,15,0,15,0,0,15,0,15,32,0,32,47
11/02/2020,CNW,TX,ASW,CE,Federal Contract Tower,0,0,14,28,42,0,0,53,12,65,0,0,67,40,107,92,110,202,309
11/03/2020,CNW,TX,ASW,CE,Federal Contract Tower,0,0,25,13,38,0,0,58,5,63,0,0,83,18,101,182,88,270,371
11/04/2020,CNW,TX,ASW,CE,Federal Contract Tower,0,0,24,5,29,0,0,52,6,58,0,0,76,11,87,128,60,188,275
11/05/2020,CNW,TX,ASW,CE,Federal Contract Tower,0,0,11,18,29,0,0,30,5,35,0,0,41,23,64,54,24,78,142
11/06/2020,CNW,TX,ASW,CE,Federal Contract Tower,0,0,13,14,27,0,0,35,0,35,0,0,48,14,62,134,12,146,208
11/07/2020,CNW,TX,ASW,CE,Federal Contract Tower,0,0,2,7,9,0,0,15,3,18,0,0,17,10,27,62,0,62,89
11/08/2020,CNW,TX,ASW,CE,Federal Contract Tower,0,0,3,0,3,0,0,7,0,7,0,0,10,0,10,24,0,24,34
11/09/2020,CNW,TX,ASW,CE,Federal Contract Tower,0,0,12,13,25,0,0,22,7,29,0,0,34,20,54,44,58,102,156
11/10/2020,CNW,TX,ASW,CE,Federal Contract Tower,0,0,12,23,35,0,0,40,10,50,0,0,52,33,85,202,38,240,325
11/11/2020,CNW,TX,ASW,CE,Federal Contract Tower,0,0,11,0,11,0,0,64,0,64,0,0,75,0,75,178,0,178,253
11/12/2020,CNW,TX,ASW,CE,Federal Contract Tower,0,0,24,6,30,0,0,35,1,36,0,0,59,7,66,129,12,141,207
11/13/2020,CNW,TX,ASW,CE,Federal Contract Tower,0,0,14,6,20,0,0,19,0,19,0,0,33,6,39,132,0,132,171
11/14/2020,CNW,TX,ASW,CE,Federal Contract Tower,0,0,0,11,11,0,0,11,4,15,0,0,11,15,26,32,40,72,98
11/15/2020,CNW,TX,ASW,CE,Federal Contract Tower,0,0,2,0,2,0,0,16,0,16,0,0,18,0,18,34,0,34,52
11/16/2020,CNW,TX,ASW,CE,Federal Contract Tower,0,0,9,18,27,0,0,57,16,73,0,0,66,34,100,222,50,272,372
11/17/2020,CNW,TX,ASW,CE,Federal Contract Tower,0,1,15,15,31,0,0,42,14,56,0,1,57,29,87,204,122,326,413
11/18/2020,CNW,TX,ASW,CE,Federal Contract Tower,0,0,15,18,33,0,0,61,6,67,0,0,76,24,100,228,46,274,374
11/19/2020,CNW,TX,ASW,CE,Federal Contract Tower,0,0,14,16,30,0,0,26,6,32,0,0,40,22,62,72,52,124,186
11/20/2020,CNW,TX,ASW,CE,Federal Contract Tower,0,0,10,26,36,0,0,23,0,23,0,0,33,26,59,60,20,80,139
11/21/2020,CNW,TX,ASW,CE,Federal Contract Tower,0,0,4,18,22,0,0,12,2,14,0,0,16,20,36,8,20,28,64
11/22/2020,CNW,TX,ASW,CE,Federal Contract Tower,0,0,3,0,3,0,0,7,0,7,0,0,10,0,10,10,0,10,20
11/23/2020,CNW,TX,ASW,CE,Federal Contract Tower,0,0,18,4,22,0,0,10,0,10,0,0,28,4,32,82,0,82,114
11/24/2020,CNW,TX,ASW,CE,Federal Contract Tower,0,0,1,0,1,0,0,1,6,7,0,0,2,6,8,0,26,26,34
11/26/2020,CNW,TX,ASW,CE,Federal Contract Tower,0,0,2,0,2,0,0,5,0,5,0,0,7,0,7,0,0,0,7
11/27/2020,CNW,TX,ASW,CE,Federal Contract Tower,0,0,4,0,4,0,0,0,0,0,0,0,4,0,4,0,0,0,4
11/28/2020,CNW,TX,ASW,CE,Federal Contract Tower,0,0,0,0,0,0,0,0,0,0,0,0,0,0,0,0,0,0,0
11/29/2020,CNW,TX,ASW,CE,Federal Contract Tower,0,0,2,0,2,0,0,2,0,2,0,0,4,0,4,14,0,14,18
11/30/2020,CNW,TX,ASW,CE,Federal Contract Tower,0,0,20,10,30,0,0,49,3,52,0,0,69,13,82,138,72,210,292
12/01/2020,CNW,TX,ASW,CE,Federal Contract Tower,0,0,13,30,43,0,0,47,3,50,0,0,60,33,93,144,78,222,315
12/02/2020,CNW,TX,ASW,CE,Federal Contract Tower,0,0,13,1,14,0,0,22,4,26,0,0,35,5,40,22,36,58,98
12/03/2020,CNW,TX,ASW,CE,Federal Contract Tower,0,0,7,2,9,0,0,37,0,37,0,0,44,2,46,120,0,120,166
12/04/2020,CNW,TX,ASW,CE,Federal Contract Tower,0,0,7,3,10,0,0,57,7,64,0,0,64,10,74,94,56,150,224
12/05/2020,CNW,TX,ASW,CE,Federal Contract Tower,0,0,5,16,21,0,0,12,4,16,0,0,17,20,37,24,4,28,65
12/06/2020,CNW,TX,ASW,CE,Federal Contract Tower,0,0,2,0,2,0,0,22,0,22,0,0,24,0,24,32,0,32,56
12/07/2020,CNW,TX,ASW,CE,Federal Contract Tower,0,0,12,4,16,0,6,39,5,50,0,6,51,9,66,70,30,100,166
12/08/2020,CNW,TX,ASW,CE,Federal Contract Tower,0,0,12,28,40,0,0,46,9,55,0,0,58,37,95,114,60,174,269
12/09/2020,CNW,TX,ASW,CE,Federal Contract Tower,0,0,13,6,19,0,0,51,4,55,0,0,64,10,74,42,82,124,198
12/10/2020,CNW,TX,ASW,CE,Federal Contract Tower,0,0,17,29,46,0,0,32,0,32,0,0,49,29,78,52,22,74,152
12/11/2020,CNW,TX,ASW,CE,Federal Contract Tower,0,0,4,4,8,0,0,0,0,0,0,0,4,4,8,0,0,0,8
12/12/2020,CNW,TX,ASW,CE,Federal Contract Tower,0,0,4,2,6,0,0,18,0,18,0,0,22,2,24,20,0,20,44
12/13/2020,CNW,TX,ASW,CE,Federal Contract Tower,0,0,0,0,0,0,0,0,0,0,0,0,0,0,0,0,0,0,0
12/14/2020,CNW,TX,ASW,CE,Federal Contract Tower,0,0,9,8,17,0,0,45,6,51,0,0,54,14,68,124,32,156,224
12/15/2020,CNW,TX,ASW,CE,Federal Contract Tower,0,0,5,16,21,0,0,0,0,0,0,0,5,16,21,0,0,0,21
12/17/2020,CNW,TX,ASW,CE,Federal Contract Tower,0,0,10,6,16,0,0,54,6,60,0,0,64,12,76,74,60,134,210
12/18/2020,CNW,TX,ASW,CE,Federal Contract Tower,0,0,7,22,29,0,0,21,4,25,0,0,28,26,54,40,168,208,262
12/19/2020,CNW,TX,ASW,CE,Federal Contract Tower,0,0,2,0,2,0,0,6,0,6,0,0,8,0,8,0,0,0,8
12/20/2020,CNW,TX,ASW,CE,Federal Contract Tower,0,0,5,0,5,0,0,30,0,30,0,0,35,0,35,56,0,56,91
12/21/2020,CNW,TX,ASW,CE,Federal Contract Tower,0,0,3,20,23,0,0,18,7,25,0,0,21,27,48,10,74,84,132
12/22/2020,CNW,TX,ASW,CE,Federal Contract Tower,0,0,1,20,21,0,0,7,8,15,0,0,8,28,36,0,70,70,106
12/23/2020,CNW,TX,ASW,CE,Federal Contract Tower,0,0,0,0,0,0,0,9,0,9,0,0,9,0,9,46,0,46,55
12/24/2020,CNW,TX,ASW,CE,Federal Contract Tower,0,0,0,0,0,0,0,0,0,0,0,0,0,0,0,0,0,0,0
12/25/2020,CNW,TX,ASW,CE,Federal Contract Tower,0,0,0,0,0,0,0,2,0,2,0,0,2,0,2,2,0,2,4
12/26/2020,CNW,TX,ASW,CE,Federal Contract Tower,0,0,0,0,0,0,0,5,0,5,0,0,5,0,5,0,0,0,5
12/27/2020,CNW,TX,ASW,CE,Federal Contract Tower,0,0,0,0,0,0,0,5,0,5,0,0,5,0,5,0,0,0,5
12/28/2020,CNW,TX,ASW,CE,Federal Contract Tower,0,0,2,0,2,0,0,0,0,0,0,0,2,0,2,0,0,0,2
12/29/2020,CNW,TX,ASW,CE,Federal Contract Tower,0,0,3,0,3,0,0,2,2,4,0,0,5,2,7,0,6,6,13
12/30/2020,CNW,TX,ASW,CE,Federal Contract Tower,0,0,0,0,0,0,0,0,0,0,0,0,0,0,0,0,0,0,0
12/31/2020,CNW,TX,ASW,CE,Federal Contract Tower,0,0,0,0,0,0,0,0,0,0,0,0,0,0,0,0,0,0,0
01/01/2021,CNW,TX,ASW,CE,Federal Contract Tower,0,0,0,0,0,0,0,0,0,0,0,0,0,0,0,0,0,0,0
01/02/2021,CNW,TX,ASW,CE,Federal Contract Tower,0,0,2,0,2,0,0,9,0,9,0,0,11,0,11,10,0,10,21
01/03/2021,CNW,TX,ASW,CE,Federal Contract Tower,0,0,2,0,2,0,0,7,0,7,0,0,9,0,9,0,0,0,9
01/04/2021,CNW,TX,ASW,CE,Federal Contract Tower,0,0,10,0,10,0,0,32,0,32,0,0,42,0,42,42,0,42,84
01/05/2021,CNW,TX,ASW,CE,Federal Contract Tower,0,0,6,2,8,0,0,36,8,44,0,0,42,10,52,120,58,178,230
01/07/2021,CNW,TX,ASW,CE,Federal Contract Tower,0,0,10,4,14,0,0,15,11,26,0,0,25,15,40,38,60,98,138
01/08/2021,CNW,TX,ASW,CE,Federal Contract Tower,0,0,5,13,18,0,0,12,2,14,0,0,17,15,32,12,36,48,80
01/09/2021,CNW,TX,ASW,CE,Federal Contract Tower,0,2,0,8,10,0,0,6,0,6,0,2,6,8,16,0,14,14,30
01/10/2021,CNW,TX,ASW,CE,Federal Contract Tower,0,0,0,0,0,0,0,0,0,0,0,0,0,0,0,0,0,0,0
01/11/2021,CNW,TX,ASW,CE,Federal Contract Tower,0,0,2,4,6,0,0,14,9,23,0,0,16,13,29,0,58,58,87
01/12/2021,CNW,TX,ASW,CE,Federal Contract Tower,0,0,8,8,16,0,0,25,6,31,0,0,33,14,47,72,78,150,197
01/14/2021,CNW,TX,ASW,CE,Federal Contract Tower,0,0,7,0,7,0,0,29,4,33,0,0,36,4,40,40,38,78,118
01/15/2021,CNW,TX,ASW,CE,Federal Contract Tower,0,0,5,0,5,0,0,6,2,8,0,0,11,2,13,12,0,12,25
01/16/2021,CNW,TX,ASW,CE,Federal Contract Tower,0,0,7,0,7,0,0,11,0,11,0,0,18,0,18,16,0,16,34
01/17/2021,CNW,TX,ASW,CE,Federal Contract Tower,0,0,1,2,3,0,0,17,0,17,0,0,18,2,20,20,0,20,40
01/18/2021,CNW,TX,ASW,CE,Federal Contract Tower,0,0,10,0,10,0,0,31,0,31,0,0,41,0,41,100,0,100,141
01/19/2021,CNW,TX,ASW,CE,Federal Contract Tower,0,0,8,0,8,0,0,4,0,4,0,0,12,0,12,28,0,28,40
01/20/2021,CNW,TX,ASW,CE,Federal Contract Tower,0,0,16,8,24,0,0,1,0,1,0,0,17,8,25,8,0,8,33
01/21/2021,CNW,TX,ASW,CE,Federal Contract Tower,0,0,19,1,20,0,0,33,6,39,0,0,52,7,59,76,12,88,147
01/22/2021,CNW,TX,ASW,CE,Federal Contract Tower,0,0,4,4,8,0,0,0,0,0,0,0,4,4,8,0,0,0,8
01/23/2021,CNW,TX,ASW,CE,Federal Contract Tower,0,0,0,0,0,0,0,0,0,0,0,0,0,0,0,0,0,0,0
01/24/2021,CNW,TX,ASW,CE,Federal Contract Tower,0,0,0,0,0,0,0,0,0,0,0,0,0,0,0,0,0,0,0
01/25/2021,CNW,TX,ASW,CE,Federal Contract Tower,0,0,10,10,20,0,0,20,10,30,0,0,30,20,50,26,64,90,140
01/26/2021,CNW,TX,ASW,CE,Federal Contract Tower,0,0,11,6,17,0,0,59,11,70,0,0,70,17,87,160,98,258,345
01/27/2021,CNW,TX,ASW,CE,Federal Contract Tower,0,0,5,12,17,0,0,49,7,56,0,0,54,19,73,118,112,230,303
01/28/2021,CNW,TX,ASW,CE,Federal Contract Tower,0,0,7,19,26,0,0,49,3,52,0,0,56,22,78,108,52,160,238
01/29/2021,CNW,TX,ASW,CE,Federal Contract Tower,0,0,21,6,27,0,0,40,7,47,0,0,61,13,74,70,46,116,190
01/30/2021,CNW,TX,ASW,CE,Federal Contract Tower,0,0,0,4,4,0,0,2,0,2,0,0,2,4,6,0,0,0,6
01/31/2021,CNW,TX,ASW,CE,Federal Contract Tower,0,0,3,0,3,0,0,21,0,21,0,0,24,0,24,28,0,28,52
02/01/2021,CNW,TX,ASW,CE,Federal Contract Tower,0,0,3,4,7,0,0,38,14,52,0,0,41,18,59,102,94,196,255
02/02/2021,CNW,TX,ASW,CE,Federal Contract Tower,0,0,16,8,24,0,0,40,8,48,0,0,56,16,72,72,88,160,232
02/03/2021,CNW,TX,ASW,CE,Federal Contract Tower,0,0,10,27,37,0,0,41,6,47,0,0,51,33,84,64,66,130,214
02/04/2021,CNW,TX,ASW,CE,Federal Contract Tower,0,0,5,15,20,0,0,23,12,35,0,0,28,27,55,102,60,162,217
02/05/2021,CNW,TX,ASW,CE,Federal Contract Tower,0,0,9,13,22,0,0,39,4,43,0,0,48,17,65,126,26,152,217
02/06/2021,CNW,TX,ASW,CE,Federal Contract Tower,0,0,5,14,19,0,0,5,0,5,0,0,10,14,24,20,12,32,56
02/07/2021,CNW,TX,ASW,CE,Federal Contract Tower,0,0,3,4,7,0,0,22,0,22,0,0,25,4,29,46,0,46,75
02/08/2021,CNW,TX,ASW,CE,Federal Contract Tower,0,0,2,14,16,0,0,5,7,12,0,0,7,21,28,24,34,58,86
02/09/2021,CNW,TX,ASW,CE,Federal Contract Tower,0,0,10,14,24,0,0,14,6,20,0,0,24,20,44,58,28,86,130
02/10/2021,CNW,TX,ASW,CE,Federal Contract Tower,0,0,18,1,19,0,0,0,0,0,0,0,18,1,19,0,0,0,19
02/11/2021,CNW,TX,ASW,CE,Federal Contract Tower,0,0,1,0,1,0,0,0,0,0,0,0,1,0,1,0,0,0,1
02/12/2021,CNW,TX,ASW,CE,Federal Contract Tower,0,0,2,1,3,0,0,0,2,2,0,0,2,3,5,0,0,0,5
02/13/2021,CNW,TX,ASW,CE,Federal Contract Tower,0,0,0,0,0,0,0,2,0,2,0,0,2,0,2,0,0,0,2
02/14/2021,CNW,TX,ASW,CE,Federal Contract Tower,0,0,0,0,0,0,0,0,0,0,0,0,0,0,0,0,0,0,0
02/15/2021,CNW,TX,ASW,CE,Federal Contract Tower,0,0,0,0,0,0,0,0,0,0,0,0,0,0,0,0,0,0,0
02/16/2021,CNW,TX,ASW,CE,Federal Contract Tower,0,0,0,0,0,0,0,1,0,1,0,0,1,0,1,0,0,0,1
02/17/2021,CNW,TX,ASW,CE,Federal Contract Tower,0,0,0,0,0,0,0,0,0,0,0,0,0,0,0,0,0,0,0
02/18/2021,CNW,TX,ASW,CE,Federal Contract Tower,0,0,0,0,0,0,0,1,0,1,0,0,1,0,1,0,0,0,1
02/19/2021,CNW,TX,ASW,CE,Federal Contract Tower,0,0,0,0,0,0,0,1,0,1,0,0,1,0,1,0,0,0,1
02/20/2021,CNW,TX,ASW,CE,Federal Contract Tower,0,0,0,1,1,0,0,2,0,2,0,0,2,1,3,0,0,0,3
02/21/2021,CNW,TX,ASW,CE,Federal Contract Tower,0,0,2,0,2,0,0,4,0,4,0,0,6,0,6,6,0,6,12
02/22/2021,CNW,TX,ASW,CE,Federal Contract Tower,0,0,5,48,53,0,0,69,13,82,0,0,74,61,135,227,158,385,520
02/23/2021,CNW,TX,ASW,CE,Federal Contract Tower,0,0,18,42,60,0,0,46,13,59,0,0,64,55,119,114,52,166,285
02/24/2021,CNW,TX,ASW,CE,Federal Contract Tower,0,0,15,3,18,0,0,52,8,60,0,0,67,11,78,190,50,240,318
02/25/2021,CNW,TX,ASW,CE,Federal Contract Tower,0,0,13,13,26,0,0,33,1,34,0,0,46,14,60,112,146,258,318
02/26/2021,CNW,TX,ASW,CE,Federal Contract Tower,0,0,10,9,19,0,0,0,0,0,0,0,10,9,19,0,0,0,19
02/27/2021,CNW,TX,ASW,CE,Federal Contract Tower,0,0,0,4,4,0,0,0,0,0,0,0,0,4,4,0,0,0,4
02/28/2021,CNW,TX,ASW,CE,Federal Contract Tower,0,0,4,0,4,0,0,0,0,0,0,0,4,0,4,0,0,0,4
03/01/2021,CNW,TX,ASW,CE,Federal Contract Tower,0,2,11,2,15,0,0,6,1,7,0,2,17,3,22,64,16,80,102
03/02/2021,CNW,TX,ASW,CE,Federal Contract Tower,0,2,17,7,26,0,0,67,5,72,0,2,84,12,98,184,52,236,334
03/03/2021,CNW,TX,ASW,CE,Federal Contract Tower,0,0,16,22,38,0,0,70,13,83,0,0,86,35,121,226,142,368,489
03/04/2021,CNW,TX,ASW,CE,Federal Contract Tower,0,0,10,29,39,0,0,54,10,64,0,0,64,39,103,146,120,266,369
03/05/2021,CNW,TX,ASW,CE,Federal Contract Tower,0,0,10,6,16,0,0,34,7,41,0,0,44,13,57,64,86,150,207
03/06/2021,CNW,TX,ASW,CE,Federal Contract Tower,0,0,2,0,2,0,0,5,0,5,0,0,7,0,7,12,0,12,19
03/07/2021,CNW,TX,ASW,CE,Federal Contract Tower,0,0,0,0,0,0,0,13,0,13,0,0,13,0,13,20,0,20,33
03/08/2021,CNW,TX,ASW,CE,Federal Contract Tower,0,0,6,22,28,0,0,50,5,55,0,0,56,27,83,138,196,334,417
03/09/2021,CNW,TX,ASW,CE,Federal Contract Tower,0,0,13,7,20,0,0,16,9,25,0,0,29,16,45,88,50,138,183
03/10/2021,CNW,TX,ASW,CE,Federal Contract Tower,0,0,13,9,22,0,0,16,3,19,0,0,29,12,41,60,20,80,121
03/11/2021,CNW,TX,ASW,CE,Federal Contract Tower,0,0,7,6,13,0,0,24,7,31,0,0,31,13,44,54,46,100,144
03/12/2021,CNW,TX,ASW,CE,Federal Contract Tower,0,0,5,10,15,0,0,9,1,10,0,0,14,11,25,36,32,68,93
03/13/2021,CNW,TX,ASW,CE,Federal Contract Tower,0,1,0,28,29,0,0,5,1,6,0,1,5,29,35,6,14,20,55
03/14/2021,CNW,TX,ASW,CE,Federal Contract Tower,0,1,0,0,1,0,0,7,0,7,0,1,7,0,8,12,0,12,20
03/15/2021,CNW,TX,ASW,CE,Federal Contract Tower,0,0,6,8,14,0,0,26,6,32,0,0,32,14,46,126,48,174,220
03/16/2021,CNW,TX,ASW,CE,Federal Contract Tower,0,0,12,6,18,0,0,31,6,37,0,0,43,12,55,168,128,296,351
03/17/2021,CNW,TX,ASW,CE,Federal Contract Tower,0,0,0,0,0,0,0,3,0,3,0,0,3,0,3,14,0,14,17
03/18/2021,CNW,TX,ASW,CE,Federal Contract Tower,0,0,2,2,4,0,0,11,6,17,0,0,13,8,21,8,36,44,65
03/19/2021,CNW,TX,ASW,CE,Federal Contract Tower,0,0,12,4,16,0,0,55,5,60,0,0,67,9,76,166,30,196,272
03/20/2021,CNW,TX,ASW,CE,Federal Contract Tower,0,0,5,10,15,0,0,29,2,31,0,0,34,12,46,68,0,68,114
03/21/2021,CNW,TX,ASW,CE,Federal Contract Tower,0,0,1,2,3,0,0,10,0,10,0,0,11,2,13,20,0,20,33
03/22/2021,CNW,TX,ASW,CE,Federal Contract Tower,0,0,10,4,14,0,0,9,0,9,0,0,19,4,23,96,0,96,119
03/23/2021,CNW,TX,ASW,CE,Federal Contract Tower,0,0,15,6,21,0,0,64,9,73,0,0,79,15,94,186,78,264,358
03/24/2021,CNW,TX,ASW,CE,Federal Contract Tower,0,0,3,13,16,0,0,31,14,45,0,0,34,27,61,78,38,116,177
03/25/2021,CNW,TX,ASW,CE,Federal Contract Tower,0,0,7,3,10,0,0,27,17,44,0,0,34,20,54,52,42,94,148
03/26/2021,CNW,TX,ASW,CE,Federal Contract Tower,0,2,10,18,30,0,0,49,3,52,0,2,59,21,82,130,34,164,246
03/27/2021,CNW,TX,ASW,CE,Federal Contract Tower,0,0,3,10,13,0,0,5,2,7,0,0,8,12,20,4,0,4,24
03/28/2021,CNW,TX,ASW,CE,Federal Contract Tower,0,0,0,0,0,0,0,2,2,4,0,0,2,2,4,0,12,12,16
03/29/2021,CNW,TX,ASW,CE,Federal Contract Tower,0,0,18,18,36,0,0,46,12,58,0,0,64,30,94,160,60,220,314
03/30/2021,CNW,TX,ASW,CE,Federal Contract Tower,0,0,3,2,5,0,0,7,7,14,0,0,10,9,19,30,30,60,79
03/31/2021,CNW,TX,ASW,CE,Federal Contract Tower,0,0,2,23,25,0,0,20,5,25,0,0,22,28,50,38,106,144,194
04/01/2021,CNW,TX,ASW,CE,Federal Contract Tower,0,0,11,7,18,0,0,71,7,78,0,0,82,14,96,158,34,192,288
04/02/2021,CNW,TX,ASW,CE,Federal Contract Tower,0,2,6,3,11,0,2,34,0,36,0,4,40,3,47,98,0,98,145
04/03/2021,CNW,TX,ASW,CE,Federal Contract Tower,0,0,7,0,7,0,6,5,0,11,0,6,12,0,18,4,0,4,22
04/04/2021,CNW,TX,ASW,CE,Federal Contract Tower,0,1,2,0,3,0,1,10,0,11,0,2,12,0,14,0,0,0,14
04/05/2021,CNW,TX,ASW,CE,Federal Contract Tower,0,0,19,14,33,0,1,22,7,30,0,1,41,21,63,22,28,50,113
04/06/2021,CNW,TX,ASW,CE,Federal Contract Tower,0,0,9,4,13,0,5,10,6,21,0,5,19,10,34,40,30,70,104
04/07/2021,CNW,TX,ASW,CE,Federal Contract Tower,0,0,10,0,10,0,4,22,13,39,0,4,32,13,49,62,56,118,167
04/08/2021,CNW,TX,ASW,CE,Federal Contract Tower,0,0,15,17,32,0,0,63,5,68,0,0,78,22,100,140,90,230,330
04/09/2021,CNW,TX,ASW,CE,Federal Contract Tower,0,0,11,28,39,0,0,8,7,15,0,0,19,35,54,48,88,136,190
04/10/2021,CNW,TX,ASW,CE,Federal Contract Tower,0,0,5,12,17,0,0,14,4,18,0,0,19,16,35,30,12,42,77
04/11/2021,CNW,TX,ASW,CE,Federal Contract Tower,0,0,0,7,7,0,2,19,1,22,0,2,19,8,29,6,0,6,35
04/12/2021,CNW,TX,ASW,CE,Federal Contract Tower,0,0,14,3,17,0,0,47,9,56,0,0,61,12,73,110,58,168,241
04/13/2021,CNW,TX,ASW,CE,Federal Contract Tower,0,0,12,13,25,0,1,54,16,71,0,1,66,29,96,130,150,280,376
04/15/2021,CNW,TX,ASW,CE,Federal Contract Tower,0,0,4,4,8,0,0,0,0,0,0,0,4,4,8,0,16,16,24
04/16/2021,CNW,TX,ASW,CE,Federal Contract Tower,0,0,1,0,1,0,0,0,0,0,0,0,1,0,1,0,0,0,1
04/17/2021,CNW,TX,ASW,CE,Federal Contract Tower,0,0,6,6,12,0,0,4,0,4,0,0,10,6,16,0,8,8,24
04/18/2021,CNW,TX,ASW,CE,Federal Contract Tower,0,0,10,4,14,0,0,16,0,16,0,0,26,4,30,34,20,54,84
04/19/2021,CNW,TX,ASW,CE,Federal Contract Tower,0,1,11,8,20,0,3,65,15,83,0,4,76,23,103,80,122,202,305
04/20/2021,CNW,TX,ASW,CE,Federal Contract Tower,0,0,16,6,22,0,2,50,7,59,0,2,66,13,81,162,70,232,313
04/21/2021,CNW,TX,ASW,CE,Federal Contract Tower,0,0,10,9,19,0,0,56,18,74,0,0,66,27,93,148,188,336,429
04/22/2021,CNW,TX,ASW,CE,Federal Contract Tower,0,2,19,46,67,0,0,41,16,57,0,2,60,62,124,188,114,302,426
04/23/2021,CNW,TX,ASW,CE,Federal Contract Tower,0,0,0,0,0,0,0,0,0,0,0,0,0,0,0,0,0,0,0
04/24/2021,CNW,TX,ASW,CE,Federal Contract Tower,0,0,9,8,17,0,0,22,0,22,0,0,31,8,39,74,0,74,113
04/25/2021,CNW,TX,ASW,CE,Federal Contract Tower,0,0,1,0,1,0,1,22,4,27,0,1,23,4,28,54,0,54,82
04/26/2021,CNW,TX,ASW,CE,Federal Contract Tower,0,0,12,22,34,0,0,34,7,41,0,0,46,29,75,126,102,228,303
04/27/2021,CNW,TX,ASW,CE,Federal Contract Tower,0,0,7,0,7,0,0,5,0,5,0,0,12,0,12,32,0,32,44
04/28/2021,CNW,TX,ASW,CE,Federal Contract Tower,0,0,2,8,10,0,1,26,8,35,0,1,28,16,45,134,62,196,241
04/29/2021,CNW,TX,ASW,CE,Federal Contract Tower,0,0,0,1,1,0,0,0,0,0,0,0,0,1,1,0,0,0,1
04/30/2021,CNW,TX,ASW,CE,Federal Contract Tower,0,0,0,2,2,0,0,0,0,0,0,0,0,2,2,0,0,0,2
05/01/2021,CNW,TX,ASW,CE,Federal Contract Tower,0,0,2,0,2,0,0,13,0,13,0,0,15,0,15,22,0,22,37
05/02/2021,CNW,TX,ASW,CE,Federal Contract Tower,0,0,0,10,10,0,0,12,0,12,0,0,12,10,22,84,0,84,106
05/03/2021,CNW,TX,ASW,CE,Federal Contract Tower,0,0,11,35,46,0,0,43,0,43,0,0,54,35,89,62,52,114,203
05/04/2021,CNW,TX,ASW,CE,Federal Contract Tower,0,0,15,28,43,0,0,29,9,38,0,0,44,37,81,56,104,160,241
05/06/2021,CNW,TX,ASW,CE,Federal Contract Tower,0,0,14,3,17,0,0,61,12,73,0,0,75,15,90,128,74,202,292
05/07/2021,CNW,TX,ASW,CE,Federal Contract Tower,0,0,9,4,13,0,0,35,3,38,0,0,44,7,51,178,34,212,263
05/08/2021,CNW,TX,ASW,CE,Federal Contract Tower,0,0,6,11,17,0,1,1,4,6,0,1,7,15,23,12,10,22,45
05/09/2021,CNW,TX,ASW,CE,Federal Contract Tower,0,0,0,1,1,0,0,3,0,3,0,0,3,1,4,10,0,10,14
05/10/2021,CNW,TX,ASW,CE,Federal Contract Tower,0,0,12,0,12,0,0,1,0,1,0,0,13,0,13,40,0,40,53
05/11/2021,CNW,TX,ASW,CE,Federal Contract Tower,0,0,0,0,0,0,0,0,0,0,0,0,0,0,0,0,0,0,0
05/12/2021,CNW,TX,ASW,CE,Federal Contract Tower,0,0,8,0,8,0,0,4,4,8,0,0,12,4,16,20,22,42,58
05/13/2021,CNW,TX,ASW,CE,Federal Contract Tower,0,0,12,4,16,0,2,45,10,57,0,2,57,14,73,118,72,190,263
05/14/2021,CNW,TX,ASW,CE,Federal Contract Tower,0,0,7,51,58,0,0,32,2,34,0,0,39,53,92,104,52,156,248
05/15/2021,CNW,TX,ASW,CE,Federal Contract Tower,0,0,0,0,0,0,2,4,0,6,0,2,4,0,6,0,0,0,6
05/16/2021,CNW,TX,ASW,CE,Federal Contract Tower,0,0,2,0,2,0,0,0,0,0,0,0,2,0,2,0,0,0,2
05/17/2021,CNW,TX,ASW,CE,Federal Contract Tower,0,0,2,0,2,0,2,7,7,16,0,2,9,7,18,18,42,60,78
05/18/2021,CNW,TX,ASW,CE,Federal Contract Tower,0,0,0,0,0,0,0,5,1,6,0,0,5,1,6,14,8,22,28
05/19/2021,CNW,TX,ASW,CE,Federal Contract Tower,0,0,13,4,17,0,1,24,6,31,0,1,37,10,48,118,50,168,216
05/20/2021,CNW,TX,ASW,CE,Federal Contract Tower,0,0,20,14,34,0,0,17,4,21,0,0,37,18,55,84,14,98,153
05/21/2021,CNW,TX,ASW,CE,Federal Contract Tower,0,0,10,7,17,0,0,4,3,7,0,0,14,10,24,10,0,10,34
05/22/2021,CNW,TX,ASW,CE,Federal Contract Tower,0,2,0,1,3,0,0,0,3,3,0,2,0,4,6,0,12,12,18
05/23/2021,CNW,TX,ASW,CE,Federal Contract Tower,0,0,1,0,1,0,0,2,0,2,0,0,3,0,3,10,0,10,13
05/24/2021,CNW,TX,ASW,CE,Federal Contract Tower,0,0,6,3,9,0,0,0,0,0,0,0,6,3,9,0,0,0,9
05/25/2021,CNW,TX,ASW,CE,Federal Contract Tower,0,0,3,2,5,0,0,16,7,23,0,0,19,9,28,112,54,166,194
05/27/2021,CNW,TX,ASW,CE,Federal Contract Tower,0,0,14,12,26,0,0,36,0,36,0,0,50,12,62,102,46,148,210
05/28/2021,CNW,TX,ASW,CE,Federal Contract Tower,0,0,3,1,4,0,0,0,0,0,0,0,3,1,4,0,0,0,4
05/29/2021,CNW,TX,ASW,CE,Federal Contract Tower,0,0,4,0,4,0,1,2,0,3,0,1,6,0,7,10,0,10,17
05/30/2021,CNW,TX,ASW,CE,Federal Contract Tower,0,0,3,0,3,0,0,7,0,7,0,0,10,0,10,36,0,36,46
05/31/2021,CNW,TX,ASW,CE,Federal Contract Tower,0,0,0,0,0,0,0,1,0,1,0,0,1,0,1,0,0,0,1
06/01/2021,CNW,TX,ASW,CE,Federal Contract Tower,0,0,9,2,11,0,5,12,1,18,0,5,21,3,29,86,20,106,135
06/02/2021,CNW,TX,ASW,CE,Federal Contract Tower,0,0,11,5,16,0,2,47,0,49,0,2,58,5,65,158,80,238,303
06/03/2021,CNW,TX,ASW,CE,Federal Contract Tower,0,0,5,11,16,0,2,33,0,35,0,2,38,11,51,122,4,126,177
06/04/2021,CNW,TX,ASW,CE,Federal Contract Tower,0,0,4,4,8,0,0,15,0,15,0,0,19,4,23,108,0,108,131
06/05/2021,CNW,TX,ASW,CE,Federal Contract Tower,0,0,0,0,0,0,0,2,1,3,0,0,2,1,3,0,0,0,3
06/06/2021,CNW,TX,ASW,CE,Federal Contract Tower,0,0,4,0,4,0,0,6,0,6,0,0,10,0,10,0,0,0,10
06/07/2021,CNW,TX,ASW,CE,Federal Contract Tower,0,0,3,0,3,0,0,6,3,9,0,0,9,3,12,10,24,34,46
06/08/2021,CNW,TX,ASW,CE,Federal Contract Tower,0,0,6,6,12,0,3,17,4,24,0,3,23,10,36,42,34,76,112
06/09/2021,CNW,TX,ASW,CE,Federal Contract Tower,0,0,3,32,35,0,0,23,5,28,0,0,26,37,63,70,86,156,219
06/10/2021,CNW,TX,ASW,CE,Federal Contract Tower,0,0,21,14,35,0,6,30,0,36,0,6,51,14,71,114,0,114,185
06/11/2021,CNW,TX,ASW,CE,Federal Contract Tower,0,0,1,16,17,0,3,19,0,22,0,3,20,16,39,50,12,62,101
06/12/2021,CNW,TX,ASW,CE,Federal Contract Tower,0,0,5,10,15,0,4,16,1,21,0,4,21,11,36,28,0,28,64
06/13/2021,CNW,TX,ASW,CE,Federal Contract Tower,0,0,1,2,3,0,1,17,0,18,0,1,18,2,21,12,0,12,33
06/14/2021,CNW,TX,ASW,CE,Federal Contract Tower,0,0,8,11,19,0,2,52,3,57,0,2,60,14,76,140,36,176,252
06/15/2021,CNW,TX,ASW,CE,Federal Contract Tower,0,0,6,16,22,0,2,70,9,81,0,2,76,25,103,184,96,280,383
06/16/2021,CNW,TX,ASW,CE,Federal Contract Tower,0,0,8,4,12,0,1,46,6,53,0,1,54,10,65,120,32,152,217
06/17/2021,CNW,TX,ASW,CE,Federal Contract Tower,0,0,7,14,21,0,1,43,0,44,0,1,50,14,65,174,56,230,295
06/18/2021,CNW,TX,ASW,CE,Federal Contract Tower,0,0,8,6,14,0,0,42,4,46,0,0,50,10,60,68,30,98,158
06/19/2021,CNW,TX,ASW,CE,Federal Contract Tower,0,0,1,16,17,0,2,15,2,19,0,2,16,18,36,10,0,10,46
06/20/2021,CNW,TX,ASW,CE,Federal Contract Tower,0,0,6,0,6,0,0,15,0,15,0,0,21,0,21,0,0,0,21
06/21/2021,CNW,TX,ASW,CE,Federal Contract Tower,0,0,3,8,11,0,0,27,5,32,0,0,30,13,43,96,56,152,195
06/22/2021,CNW,TX,ASW,CE,Federal Contract Tower,0,0,12,13,25,0,0,10,3,13,0,0,22,16,38,56,6,62,100
06/23/2021,CNW,TX,ASW,CE,Federal Contract Tower,0,0,9,38,47,0,2,23,0,25,0,2,32,38,72,90,16,106,178
06/24/2021,CNW,TX,ASW,CE,Federal Contract Tower,0,0,7,31,38,0,1,26,3,30,0,1,33,34,68,64,20,84,152
06/25/2021,CNW,TX,ASW,CE,Federal Contract Tower,0,1,11,55,67,0,2,18,4,24,0,3,29,59,91,72,40,112,203
06/26/2021,CNW,TX,ASW,CE,Federal Contract Tower,0,0,7,20,27,0,2,3,6,11,0,2,10,26,38,10,14,24,62
06/27/2021,CNW,TX,ASW,CE,Federal Contract Tower,0,0,1,4,5,0,2,1,0,3,0,2,2,4,8,0,0,0,8
06/28/2021,CNW,TX,ASW,CE,Federal Contract Tower,0,0,3,1,4,0,4,0,3,7,0,4,3,4,11,0,20,20,31
06/29/2021,CNW,TX,ASW,CE,Federal Contract Tower,0,0,7,2,9,0,1,11,0,12,0,1,18,2,21,6,12,18,39
07/01/2021,CNW,TX,ASW,CE,Federal Contract Tower,0,0,8,5,13,0,3,58,5,66,0,3,66,10,79,86,66,152,231
07/02/2021,CNW,TX,ASW,CE,Federal Contract Tower,0,0,5,0,5,0,1,23,0,24,0,1,28,0,29,36,0,36,65
07/03/2021,CNW,TX,ASW,CE,Federal Contract Tower,0,0,3,0,3,0,0,0,0,0,0,0,3,0,3,0,0,0,3
07/04/2021,CNW,TX,ASW,CE,Federal Contract Tower,0,0,1,0,1,0,0,0,0,0,0,0,1,0,1,0,0,0,1
07/05/2021,CNW,TX,ASW,CE,Federal Contract Tower,0,0,2,0,2,0,0,2,0,2,0,0,4,0,4,0,0,0,4
07/06/2021,CNW,TX,ASW,CE,Federal Contract Tower,0,0,13,2,15,0,5,17,2,24,0,5,30,4,39,36,24,60,99
07/07/2021,CNW,TX,ASW,CE,Federal Contract Tower,0,0,11,0,11,0,7,28,2,37,0,7,39,2,48,72,0,72,120
07/08/2021,CNW,TX,ASW,CE,Federal Contract Tower,0,6,17,16,39,0,1,58,2,61,0,7,75,18,100,164,56,220,320
07/09/2021,CNW,TX,ASW,CE,Federal Contract Tower,0,0,7,4,11,0,2,4,0,6,0,2,11,4,17,6,0,6,23
07/10/2021,CNW,TX,ASW,CE,Federal Contract Tower,0,0,8,42,50,0,2,0,2,4,0,2,8,44,54,0,12,12,66
07/11/2021,CNW,TX,ASW,CE,Federal Contract Tower,0,0,2,6,8,0,0,0,2,2,0,0,2,8,10,0,0,0,10
07/12/2021,CNW,TX,ASW,CE,Federal Contract Tower,0,0,3,4,7,0,2,10,1,13,0,2,13,5,20,16,30,46,66
07/13/2021,CNW,TX,ASW,CE,Federal Contract Tower,0,0,32,27,59,0,6,47,6,59,0,6,79,33,118,178,10,188,306
07/14/2021,CNW,TX,ASW,CE,Federal Contract Tower,0,0,22,35,57,0,0,51,3,54,0,0,73,38,111,148,16,164,275
07/15/2021,CNW,TX,ASW,CE,Federal Contract Tower,0,0,11,17,28,0,0,37,2,39,0,0,48,19,67,104,20,124,191
07/16/2021,CNW,TX,ASW,CE,Federal Contract Tower,0,0,14,29,43,0,3,25,1,29,0,3,39,30,72,62,46,108,180
07/17/2021,CNW,TX,ASW,CE,Federal Contract Tower,0,0,16,5,21,0,0,9,0,9,0,0,25,5,30,12,20,32,62
07/18/2021,CNW,TX,ASW,CE,Federal Contract Tower,0,0,9,2,11,0,2,5,0,7,0,2,14,2,18,0,0,0,18
07/19/2021,CNW,TX,ASW,CE,Federal Contract Tower,0,0,2,0,2,0,0,16,3,19,0,0,18,3,21,64,36,100,121
07/20/2021,CNW,TX,ASW,CE,Federal Contract Tower,0,0,9,16,25,0,3,19,3,25,0,3,28,19,50,62,64,126,176
07/22/2021,CNW,TX,ASW,CE,Federal Contract Tower,0,0,15,19,34,0,2,47,0,49,0,2,62,19,83,168,16,184,267
07/23/2021,CNW,TX,ASW,CE,Federal Contract Tower,0,0,11,17,28,0,1,40,4,45,0,1,51,21,73,109,34,143,216
07/24/2021,CNW,TX,ASW,CE,Federal Contract Tower,0,0,0,4,4,0,3,12,0,15,0,3,12,4,19,16,0,16,35
07/25/2021,CNW,TX,ASW,CE,Federal Contract Tower,0,0,2,23,25,0,0,8,0,8,0,0,10,23,33,16,10,26,59
07/26/2021,CNW,TX,ASW,CE,Federal Contract Tower,0,0,9,12,21,0,4,50,6,60,0,4,59,18,81,130,62,192,273
07/27/2021,CNW,TX,ASW,CE,Federal Contract Tower,0,0,10,18,28,0,1,59,5,65,0,1,69,23,93,128,102,230,323
07/28/2021,CNW,TX,ASW,CE,Federal Contract Tower,0,0,8,15,23,0,2,39,7,48,0,2,47,22,71,144,68,212,283
07/29/2021,CNW,TX,ASW,CE,Federal Contract Tower,0,0,18,9,27,0,0,36,6,42,0,0,54,15,69,98,20,118,187
07/30/2021,CNW,TX,ASW,CE,Federal Contract Tower,0,0,7,0,7,0,0,30,2,32,0,0,37,2,39,100,0,100,139
07/31/2021,CNW,TX,ASW,CE,Federal Contract Tower,0,0,2,14,16,0,5,7,0,12,0,5,9,14,28,42,0,42,70
08/01/2021,CNW,TX,ASW,CE,Federal Contract Tower,0,0,1,0,1,0,0,7,0,7,0,0,8,0,8,32,0,32,40
08/02/2021,CNW,TX,ASW,CE,Federal Contract Tower,0,0,3,0,3,0,0,3,0,3,0,0,6,0,6,0,0,0,6
08/03/2021,CNW,TX,ASW,CE,Federal Contract Tower,0,0,21,1,22,0,0,37,6,43,0,0,58,7,65,136,48,184,249
08/04/2021,CNW,TX,ASW,CE,Federal Contract Tower,0,0,20,7,27,0,1,36,3,40,0,1,56,10,67,124,62,186,253
08/05/2021,CNW,TX,ASW,CE,Federal Contract Tower,0,0,6,8,14,0,0,33,2,35,0,0,39,10,49,126,66,192,241
08/06/2021,CNW,TX,ASW,CE,Federal Contract Tower,0,0,12,8,20,0,2,16,0,18,0,2,28,8,38,64,12,76,114
08/07/2021,CNW,TX,ASW,CE,Federal Contract Tower,0,0,1,0,1,0,1,6,0,7,0,1,7,0,8,6,0,6,14
08/08/2021,CNW,TX,ASW,CE,Federal Contract Tower,0,0,3,4,7,0,0,8,0,8,0,0,11,4,15,24,16,40,55
08/09/2021,CNW,TX,ASW,CE,Federal Contract Tower,0,1,5,13,19,0,0,34,5,39,0,1,39,18,58,82,54,136,194
08/10/2021,CNW,TX,ASW,CE,Federal Contract Tower,0,0,7,17,24,0,4,33,12,49,0,4,40,29,73,146,88,234,307
08/11/2021,CNW,TX,ASW,CE,Federal Contract Tower,0,0,10,12,22,0,0,35,3,38,0,0,45,15,60,90,50,140,200
08/12/2021,CNW,TX,ASW,CE,Federal Contract Tower,0,0,9,8,17,0,0,31,1,32,0,0,40,9,49,60,28,88,137
08/13/2021,CNW,TX,ASW,CE,Federal Contract Tower,0,0,13,82,95,0,0,31,9,40,0,0,44,91,135,62,178,240,375
08/14/2021,CNW,TX,ASW,CE,Federal Contract Tower,0,0,3,0,3,0,4,13,0,17,0,4,16,0,20,12,0,12,32
08/15/2021,CNW,TX,ASW,CE,Federal Contract Tower,0,2,2,0,4,0,0,0,0,0,0,2,2,0,4,0,0,0,4
08/16/2021,CNW,TX,ASW,CE,Federal Contract Tower,0,0,10,1,11,0,0,45,3,48,0,0,55,4,59,166,72,238,297
08/17/2021,CNW,TX,ASW,CE,Federal Contract Tower,0,0,9,20,29,0,0,23,0,23,0,0,32,20,52,38,74,112,164
08/18/2021,CNW,TX,ASW,CE,Federal Contract Tower,0,0,2,0,2,0,0,0,0,0,0,0,2,0,2,0,0,0,2
08/19/2021,CNW,TX,ASW,CE,Federal Contract Tower,0,0,12,2,14,0,0,32,3,35,0,0,44,5,49,106,4,110,159
08/20/2021,CNW,TX,ASW,CE,Federal Contract Tower,0,1,4,59,64,0,0,28,3,31,0,1,32,62,95,50,64,114,209
08/21/2021,CNW,TX,ASW,CE,Federal Contract Tower,0,1,2,21,24,0,1,8,1,10,0,2,10,22,34,14,18,32,66
08/22/2021,CNW,TX,ASW,CE,Federal Contract Tower,0,0,1,2,3,0,4,11,0,15,0,4,12,2,18,14,0,14,32
08/23/2021,CNW,TX,ASW,CE,Federal Contract Tower,0,1,1,7,9,0,0,32,8,40,0,1,33,15,49,46,88,134,183
08/24/2021,CNW,TX,ASW,CE,Federal Contract Tower,0,0,11,18,29,0,0,54,7,61,0,0,65,25,90,158,58,216,306
08/25/2021,CNW,TX,ASW,CE,Federal Contract Tower,0,0,8,17,25,0,0,39,1,40,0,0,47,18,65,64,14,78,143
08/26/2021,CNW,TX,ASW,CE,Federal Contract Tower,0,0,5,30,35,0,0,8,0,8,0,0,13,30,43,40,96,136,179
08/27/2021,CNW,TX,ASW,CE,Federal Contract Tower,0,0,12,44,56,0,0,5,0,5,0,0,17,44,61,6,24,30,91
08/28/2021,CNW,TX,ASW,CE,Federal Contract Tower,0,0,7,6,13,0,0,9,0,9,0,0,16,6,22,8,0,8,30
08/29/2021,CNW,TX,ASW,CE,Federal Contract Tower,0,0,2,0,2,0,0,1,0,1,0,0,3,0,3,0,0,0,3
08/30/2021,CNW,TX,ASW,CE,Federal Contract Tower,0,0,7,12,19,0,0,28,10,38,0,0,35,22,57,40,84,124,181
08/31/2021,CNW,TX,ASW,CE,Federal Contract Tower,0,0,9,15,24,0,0,22,6,28,0,0,31,21,52,32,68,100,152
09/01/2021,CNW,TX,ASW,CE,Federal Contract Tower,0,0,26,7,33,0,2,36,6,44,0,2,62,13,77,81,18,99,176
09/02/2021,CNW,TX,ASW,CE,Federal Contract Tower,0,0,28,25,53,0,0,11,2,13,0,0,39,27,66,14,0,14,80
09/03/2021,CNW,TX,ASW,CE,Federal Contract Tower,0,0,8,0,8,0,2,19,0,21,0,2,27,0,29,54,0,54,83
09/04/2021,CNW,TX,ASW,CE,Federal Contract Tower,0,0,4,0,4,0,2,6,0,8,0,2,10,0,12,10,0,10,22
09/05/2021,CNW,TX,ASW,CE,Federal Contract Tower,0,0,0,0,0,0,4,4,0,8,0,4,4,0,8,0,0,0,8
09/06/2021,CNW,TX,ASW,CE,Federal Contract Tower,0,0,1,0,1,0,2,10,0,12,0,2,11,0,13,38,0,38,51
09/07/2021,CNW,TX,ASW,CE,Federal Contract Tower,0,1,10,34,45,0,5,37,4,46,0,6,47,38,91,46,14,60,151
09/08/2021,CNW,TX,ASW,CE,Federal Contract Tower,0,1,3,17,21,0,0,51,8,59,0,1,54,25,80,114,14,128,208
09/09/2021,CNW,TX,ASW,CE,Federal Contract Tower,0,0,4,8,12,0,0,32,0,32,0,0,36,8,44,76,4,80,124
09/10/2021,CNW,TX,ASW,CE,Federal Contract Tower,0,0,3,14,17,0,0,50,0,50,0,0,53,14,67,94,6,100,167
09/11/2021,CNW,TX,ASW,CE,Federal Contract Tower,0,0,1,0,1,0,2,9,0,11,0,2,10,0,12,0,0,0,12
09/12/2021,CNW,TX,ASW,CE,Federal Contract Tower,0,0,1,2,3,0,0,8,0,8,0,0,9,2,11,0,0,0,11
09/13/2021,CNW,TX,ASW,CE,Federal Contract Tower,0,0,10,3,13,0,4,25,3,32,0,4,35,6,45,66,36,102,147
09/14/2021,CNW,TX,ASW,CE,Federal Contract Tower,0,0,5,1,6,0,0,25,3,28,0,0,30,4,34,136,56,192,226
09/15/2021,CNW,TX,ASW,CE,Federal Contract Tower,0,0,13,10,23,0,2,28,4,34,0,2,41,14,57,102,32,134,191
09/16/2021,CNW,TX,ASW,CE,Federal Contract Tower,0,0,6,12,18,0,2,59,0,61,0,2,65,12,79,122,12,134,213
09/17/2021,CNW,TX,ASW,CE,Federal Contract Tower,0,0,9,22,31,0,1,33,1,35,0,1,42,23,66,52,4,56,122
09/18/2021,CNW,TX,ASW,CE,Federal Contract Tower,0,0,2,4,6,0,0,15,0,15,0,0,17,4,21,40,28,68,89
09/19/2021,CNW,TX,ASW,CE,Federal Contract Tower,0,0,1,2,3,0,0,16,0,16,0,0,17,2,19,32,16,48,67
09/20/2021,CNW,TX,ASW,CE,Federal Contract Tower,0,0,15,6,21,0,2,53,4,59,0,2,68,10,80,70,38,108,188
09/21/2021,CNW,TX,ASW,CE,Federal Contract Tower,0,0,13,2,15,0,8,35,6,49,0,8,48,8,64,182,36,218,282
09/22/2021,CNW,TX,ASW,CE,Federal Contract Tower,0,2,19,9,30,0,2,42,3,47,0,4,61,12,77,98,72,170,247
09/23/2021,CNW,TX,ASW,CE,Federal Contract Tower,0,0,22,5,27,0,1,71,5,77,0,1,93,10,104,148,50,198,302
09/24/2021,CNW,TX,ASW,CE,Federal Contract Tower,0,1,8,0,9,0,1,51,0,52,0,2,59,0,61,84,0,84,145
09/25/2021,CNW,TX,ASW,CE,Federal Contract Tower,0,1,1,0,2,0,2,15,0,17,0,3,16,0,19,28,0,28,47
09/26/2021,CNW,TX,ASW,CE,Federal Contract Tower,0,0,3,0,3,0,0,18,0,18,0,0,21,0,21,20,0,20,41
09/27/2021,CNW,TX,ASW,CE,Federal Contract Tower,0,0,3,12,15,0,1,57,8,66,0,1,60,20,81,136,42,178,259
09/28/2021,CNW,TX,ASW,CE,Federal Contract Tower,0,0,4,2,6,0,0,38,1,39,0,0,42,3,45,178,20,198,243
09/29/2021,CNW,TX,ASW,CE,Federal Contract Tower,0,0,8,0,8,0,0,49,0,49,0,0,57,0,57,172,0,172,229
09/30/2021,CNW,TX,ASW,CE,Federal Contract Tower,0,0,3,13,16,0,1,20,0,21,0,1,23,13,37,92,0,92,129
10/01/2021,CNW,TX,ASW,CE,Federal Contract Tower,0,0,3,0,3,0,2,0,0,2,0,2,3,0,5,0,0,0,5
10/02/2021,CNW,TX,ASW,CE,Federal Contract Tower,0,0,2,0,2,0,0,0,0,0,0,0,2,0,2,0,0,0,2
10/03/2021,CNW,TX,ASW,CE,Federal Contract Tower,0,0,3,0,3,0,2,13,0,15,0,2,16,0,18,26,0,26,44
10/04/2021,CNW,TX,ASW,CE,Federal Contract Tower,0,0,1,1,2,0,3,43,6,52,0,3,44,7,54,124,38,162,216
10/05/2021,CNW,TX,ASW,CE,Federal Contract Tower,0,0,0,6,6,0,4,39,3,46,0,4,39,9,52,106,12,118,170
10/06/2021,CNW,TX,ASW,CE,Federal Contract Tower,0,0,4,8,12,0,0,58,0,58,0,0,62,8,70,198,10,208,278
10/07/2021,CNW,TX,ASW,CE,Federal Contract Tower,0,0,5,21,26,0,2,49,3,54,0,2,54,24,80,156,40,196,276
10/08/2021,CNW,TX,ASW,CE,Federal Contract Tower,0,0,5,1,6,0,0,36,1,37,0,0,41,2,43,194,0,194,237
10/09/2021,CNW,TX,ASW,CE,Federal Contract Tower,0,0,2,0,2,0,1,13,0,14,0,1,15,0,16,0,0,0,16
10/10/2021,CNW,TX,ASW,CE,Federal Contract Tower,0,0,2,0,2,0,0,2,0,2,0,0,4,0,4,0,0,0,4
10/11/2021,CNW,TX,ASW,CE,Federal Contract Tower,0,0,11,0,11,0,2,52,0,54,0,2,63,0,65,190,0,190,255
10/12/2021,CNW,TX,ASW,CE,Federal Contract Tower,0,0,6,0,6,0,0,0,0,0,0,0,6,0,6,0,0,0,6
10/13/2021,CNW,TX,ASW,CE,Federal Contract Tower,0,1,3,1,5,0,0,9,6,15,0,1,12,7,20,18,10,28,48
10/14/2021,CNW,TX,ASW,CE,Federal Contract Tower,0,0,10,0,10,0,3,36,0,39,0,3,46,0,49,140,0,140,189
10/15/2021,CNW,TX,ASW,CE,Federal Contract Tower,0,2,6,6,14,0,0,9,0,9,0,2,15,6,23,42,14,56,79
10/16/2021,CNW,TX,ASW,CE,Federal Contract Tower,0,0,5,21,26,0,2,15,3,20,0,2,20,24,46,34,14,48,94
10/17/2021,CNW,TX,ASW,CE,Federal Contract Tower,0,0,0,6,6,0,1,7,0,8,0,1,7,6,14,0,18,18,32
10/18/2021,CNW,TX,ASW,CE,Federal Contract Tower,0,0,7,5,12,0,4,59,10,73,0,4,66,15,85,210,42,252,337
10/19/2021,CNW,TX,ASW,CE,Federal Contract Tower,0,0,8,23,31,0,2,52,5,59,0,2,60,28,90,145,130,275,365
10/20/2021,CNW,TX,ASW,CE,Federal Contract Tower,0,0,10,5,15,0,0,32,8,40,0,0,42,13,55,139,46,185,240
10/22/2021,CNW,TX,ASW,CE,Federal Contract Tower,0,0,4,8,12,0,1,47,2,50,0,1,51,10,62,106,6,112,174
10/23/2021,CNW,TX,ASW,CE,Federal Contract Tower,0,0,6,1,7,0,2,57,7,66,0,2,63,8,73,10,6,16,89
10/24/2021,CNW,TX,ASW,CE,Federal Contract Tower,0,0,0,12,12,0,2,8,0,10,0,2,8,12,22,0,0,0,22
10/25/2021,CNW,TX,ASW,CE,Federal Contract Tower,0,0,15,7,22,0,1,30,3,34,0,1,45,10,56,46,18,64,120
10/26/2021,CNW,TX,ASW,CE,Federal Contract Tower,0,1,9,21,31,0,2,12,3,17,0,3,21,24,48,60,34,94,142
10/27/2021,CNW,TX,ASW,CE,Federal Contract Tower,0,0,2,1,3,0,2,0,0,2,0,2,2,1,5,0,0,0,5
10/28/2021,CNW,TX,ASW,CE,Federal Contract Tower,0,0,0,0,0,0,0,2,0,2,0,0,2,0,2,0,0,0,2
10/29/2021,CNW,TX,ASW,CE,Federal Contract Tower,0,0,4,4,8,0,3,11,5,19,0,3,15,9,27,18,30,48,75
10/30/2021,CNW,TX,ASW,CE,Federal Contract Tower,0,0,7,13,20,0,1,25,3,29,0,1,32,16,49,102,4,106,155
10/31/2021,CNW,TX,ASW,CE,Federal Contract Tower,0,0,1,0,1,0,2,8,0,10,0,2,9,0,11,26,0,26,37
11/01/2021,CNW,TX,ASW,CE,Federal Contract Tower,0,0,9,13,22,0,2,53,5,60,0,2,62,18,82,154,74,228,310
11/02/2021,CNW,TX,ASW,CE,Federal Contract Tower,0,0,21,2,23,0,0,10,0,10,0,0,31,2,33,60,0,60,93
11/03/2021,CNW,TX,ASW,CE,Federal Contract Tower,0,0,5,2,7,0,0,0,0,0,0,0,5,2,7,4,0,4,11
11/04/2021,CNW,TX,ASW,CE,Federal Contract Tower,0,0,9,6,15,0,4,36,14,54,0,4,45,20,69,122,50,172,241
11/05/2021,CNW,TX,ASW,CE,Federal Contract Tower,0,0,6,5,11,0,2,58,2,62,0,2,64,7,73,156,66,222,295
11/06/2021,CNW,TX,ASW,CE,Federal Contract Tower,0,0,0,2,2,0,4,24,2,30,0,4,24,4,32,58,0,58,90
11/07/2021,CNW,TX,ASW,CE,Federal Contract Tower,0,2,6,2,10,0,2,5,0,7,0,4,11,2,17,8,0,8,25
11/08/2021,CNW,TX,ASW,CE,Federal Contract Tower,0,0,11,3,14,0,1,28,8,37,0,1,39,11,51,90,54,144,195
11/09/2021,CNW,TX,ASW,CE,Federal Contract Tower,0,0,7,12,19,0,5,40,6,51,0,5,47,18,70,122,16,138,208
11/10/2021,CNW,TX,ASW,CE,Federal Contract Tower,0,0,10,0,10,0,0,38,4,42,0,0,48,4,52,72,4,76,128
11/11/2021,CNW,TX,ASW,CE,Federal Contract Tower,0,0,9,0,9,0,1,47,2,50,0,1,56,2,59,136,14,150,209
11/12/2021,CNW,TX,ASW,CE,Federal Contract Tower,0,0,10,1,11,0,0,46,8,54,0,0,56,9,65,140,16,156,221
11/13/2021,CNW,TX,ASW,CE,Federal Contract Tower,0,0,5,2,7,0,2,22,8,32,0,2,27,10,39,0,0,0,39
11/14/2021,CNW,TX,ASW,CE,Federal Contract Tower,0,0,5,3,8,0,0,17,0,17,0,0,22,3,25,44,0,44,69
11/15/2021,CNW,TX,ASW,CE,Federal Contract Tower,0,0,12,5,17,0,3,45,7,55,0,3,57,12,72,92,76,168,240
11/16/2021,CNW,TX,ASW,CE,Federal Contract Tower,0,0,12,5,17,0,3,45,7,55,0,3,57,12,72,92,76,168,240
11/17/2021,CNW,TX,ASW,CE,Federal Contract Tower,0,0,24,10,34,0,2,49,3,54,0,2,73,13,88,106,68,174,262
11/18/2021,CNW,TX,ASW,CE,Federal Contract Tower,0,0,5,9,14,0,6,57,3,66,0,6,62,12,80,110,22,132,212
11/19/2021,CNW,TX,ASW,CE,Federal Contract Tower,0,0,17,10,27,0,1,62,0,63,0,1,79,10,90,218,0,218,308
11/20/2021,CNW,TX,ASW,CE,Federal Contract Tower,0,0,6,0,6,0,2,12,0,14,0,2,18,0,20,22,0,22,42
11/21/2021,CNW,TX,ASW,CE,Federal Contract Tower,0,0,9,0,9,0,0,7,0,7,0,0,16,0,16,0,0,0,16
11/22/2021,CNW,TX,ASW,CE,Federal Contract Tower,0,0,16,4,20,0,3,39,5,47,0,3,55,9,67,228,14,242,309
11/23/2021,CNW,TX,ASW,CE,Federal Contract Tower,0,0,7,6,13,0,4,57,2,63,0,4,64,8,76,226,24,250,326
11/24/2021,CNW,TX,ASW,CE,Federal Contract Tower,0,0,7,2,9,0,2,34,0,36,0,2,41,2,45,138,20,158,203
11/25/2021,CNW,TX,ASW,CE,Federal Contract Tower,0,0,2,0,2,0,0,4,0,4,0,0,6,0,6,0,0,0,6
11/26/2021,CNW,TX,ASW,CE,Federal Contract Tower,0,0,0,0,0,0,4,5,0,9,0,4,5,0,9,6,0,6,15
11/27/2021,CNW,TX,ASW,CE,Federal Contract Tower,0,0,2,0,2,0,2,2,0,4,0,2,4,0,6,0,0,0,6
11/28/2021,CNW,TX,ASW,CE,Federal Contract Tower,0,0,8,0,8,0,0,12,0,12,0,0,20,0,20,6,0,6,26
11/29/2021,CNW,TX,ASW,CE,Federal Contract Tower,0,0,13,8,21,0,3,43,3,49,0,3,56,11,70,138,50,188,258
11/30/2021,CNW,TX,ASW,CE,Federal Contract Tower,0,0,23,5,28,0,1,45,6,52,0,1,68,11,80,128,44,172,252
12/01/2021,CNW,TX,ASW,CE,Federal Contract Tower,0,0,9,4,13,0,0,26,1,27,0,0,35,5,40,130,0,130,170
12/02/2021,CNW,TX,ASW,CE,Federal Contract Tower,0,0,8,0,8,0,1,35,0,36,0,1,43,0,44,128,0,128,172
12/03/2021,CNW,TX,ASW,CE,Federal Contract Tower,0,0,5,3,8,0,2,23,0,25,0,2,28,3,33,84,0,84,117
12/04/2021,CNW,TX,ASW,CE,Federal Contract Tower,0,0,4,20,24,0,1,13,0,14,0,1,17,20,38,54,42,96,134
12/05/2021,CNW,TX,ASW,CE,Federal Contract Tower,0,0,0,0,0,0,0,7,0,7,0,0,7,0,7,32,0,32,39
12/06/2021,CNW,TX,ASW,CE,Federal Contract Tower,0,0,4,4,8,0,2,26,5,33,0,2,30,9,41,78,104,182,223
12/07/2021,CNW,TX,ASW,CE,Federal Contract Tower,0,0,15,3,18,0,0,49,5,54,0,0,64,8,72,82,34,116,188
12/08/2021,CNW,TX,ASW,CE,Federal Contract Tower,0,0,6,20,26,0,4,49,1,54,0,4,55,21,80,70,36,106,186
12/09/2021,CNW,TX,ASW,CE,Federal Contract Tower,0,0,8,10,18,0,0,37,0,37,0,0,45,10,55,40,0,40,95
12/10/2021,CNW,TX,ASW,CE,Federal Contract Tower,0,2,13,15,30,0,3,16,2,21,0,5,29,17,51,28,66,94,145
12/11/2021,CNW,TX,ASW,CE,Federal Contract Tower,0,0,3,6,9,0,3,6,0,9,0,3,9,6,18,6,0,6,24
12/12/2021,CNW,TX,ASW,CE,Federal Contract Tower,0,0,1,6,7,0,2,19,0,21,0,2,20,6,28,16,10,26,54
12/13/2021,CNW,TX,ASW,CE,Federal Contract Tower,0,0,5,26,31,0,0,35,0,35,0,0,40,26,66,94,62,156,222
12/14/2021,CNW,TX,ASW,CE,Federal Contract Tower,0,0,6,1,7,0,0,0,0,0,0,0,6,1,7,0,0,0,7
12/15/2021,CNW,TX,ASW,CE,Federal Contract Tower,0,0,18,15,33,0,2,30,8,40,0,2,48,23,73,110,98,208,281
12/16/2021,CNW,TX,ASW,CE,Federal Contract Tower,0,0,15,1,16,0,0,20,0,20,0,0,35,1,36,50,0,50,86
12/17/2021,CNW,TX,ASW,CE,Federal Contract Tower,0,2,9,0,11,0,4,7,0,11,0,6,16,0,22,14,0,14,36
12/18/2021,CNW,TX,ASW,CE,Federal Contract Tower,0,0,1,0,1,0,0,2,0,2,0,0,3,0,3,10,0,10,13
12/19/2021,CNW,TX,ASW,CE,Federal Contract Tower,0,0,5,2,7,0,0,19,0,19,0,0,24,2,26,14,0,14,40
12/20/2021,CNW,TX,ASW,CE,Federal Contract Tower,0,0,15,10,25,0,0,36,6,42,0,0,51,16,67,46,72,118,185
12/21/2021,CNW,TX,ASW,CE,Federal Contract Tower,0,0,9,2,11,0,0,41,3,44,0,0,50,5,55,72,66,138,193
12/22/2021,CNW,TX,ASW,CE,Federal Contract Tower,0,0,12,6,18,0,2,23,2,27,0,2,35,8,45,58,10,68,113
12/23/2021,CNW,TX,ASW,CE,Federal Contract Tower,0,0,3,0,3,0,0,11,0,11,0,0,14,0,14,28,0,28,42
12/24/2021,CNW,TX,ASW,CE,Federal Contract Tower,0,0,0,0,0,0,0,4,0,4,0,0,4,0,4,0,0,0,4
12/25/2021,CNW,TX,ASW,CE,Federal Contract Tower,0,0,0,0,0,0,1,2,0,3,0,1,2,0,3,0,0,0,3
12/26/2021,CNW,TX,ASW,CE,Federal Contract Tower,0,0,1,0,1,0,0,2,0,2,0,0,3,0,3,0,0,0,3
12/27/2021,CNW,TX,ASW,CE,Federal Contract Tower,0,0,7,0,7,0,2,9,0,11,0,2,16,0,18,0,0,0,18
12/29/2021,CNW,TX,ASW,CE,Federal Contract Tower,0,0,6,0,6,0,1,11,0,12,0,1,17,0,18,14,0,14,32
12/30/2021,CNW,TX,ASW,CE,Federal Contract Tower,0,0,3,1,4,0,0,13,0,13,0,0,16,1,17,58,0,58,75
12/31/2021,CNW,TX,ASW,CE,Federal Contract Tower,0,0,3,0,3,0,0,1,0,1,0,0,4,0,4,0,0,0,4
01/01/2022,CNW,TX,ASW,CE,Federal Contract Tower,0,0,1,0,1,0,0,2,0,2,0,0,3,0,3,0,0,0,3
01/02/2022,CNW,TX,ASW,CE,Federal Contract Tower,0,0,0,0,0,0,2,4,0,6,0,2,4,0,6,0,0,0,6
01/03/2022,CNW,TX,ASW,CE,Federal Contract Tower,0,0,0,0,0,0,4,42,0,46,0,4,42,0,46,116,0,116,162
01/04/2022,CNW,TX,ASW,CE,Federal Contract Tower,0,0,4,2,6,0,2,30,6,38,0,2,34,8,44,150,30,180,224
01/05/2022,CNW,TX,ASW,CE,Federal Contract Tower,0,0,11,6,17,0,0,36,3,39,0,0,47,9,56,106,44,150,206
01/06/2022,CNW,TX,ASW,CE,Federal Contract Tower,0,0,6,1,7,0,0,37,3,40,0,0,43,4,47,106,32,138,185
01/07/2022,CNW,TX,ASW,CE,Federal Contract Tower,0,0,3,22,25,0,4,26,0,30,0,4,29,22,55,102,28,130,185
01/08/2022,CNW,TX,ASW,CE,Federal Contract Tower,0,0,2,0,2,0,0,0,0,0,0,0,2,0,2,0,0,0,2
01/09/2022,CNW,TX,ASW,CE,Federal Contract Tower,0,0,0,1,1,0,2,4,1,7,0,2,4,2,8,0,0,0,8
01/10/2022,CNW,TX,ASW,CE,Federal Contract Tower,0,0,6,9,15,0,3,41,0,44,0,3,47,9,59,156,40,196,255
01/11/2022,CNW,TX,ASW,CE,Federal Contract Tower,0,0,6,5,11,0,2,44,2,48,0,2,50,7,59,234,2,236,295
01/12/2022,CNW,TX,ASW,CE,Federal Contract Tower,0,1,15,12,28,0,1,62,0,63,0,2,77,12,91,148,0,148,239
01/13/2022,CNW,TX,ASW,CE,Federal Contract Tower,0,0,5,8,13,0,3,55,4,62,0,3,60,12,75,194,28,222,297
01/14/2022,CNW,TX,ASW,CE,Federal Contract Tower,0,0,4,26,30,0,2,34,4,40,0,2,38,30,70,58,64,122,192
01/15/2022,CNW,TX,ASW,CE,Federal Contract Tower,0,0,0,0,0,0,0,0,0,0,0,0,0,0,0,0,0,0,0
01/16/2022,CNW,TX,ASW,CE,Federal Contract Tower,0,0,0,1,1,0,0,17,1,18,0,0,17,2,19,32,0,32,51
01/17/2022,CNW,TX,ASW,CE,Federal Contract Tower,0,0,4,3,7,0,0,46,1,47,0,0,50,4,54,98,4,102,156
01/18/2022,CNW,TX,ASW,CE,Federal Contract Tower,0,0,3,30,33,0,2,44,3,49,0,2,47,33,82,132,114,246,328
01/19/2022,CNW,TX,ASW,CE,Federal Contract Tower,0,0,3,6,9,0,0,42,4,46,0,0,45,10,55,212,22,234,289
01/20/2022,CNW,TX,ASW,CE,Federal Contract Tower,0,0,2,0,2,0,0,26,0,26,0,0,28,0,28,108,0,108,136
01/21/2022,CNW,TX,ASW,CE,Federal Contract Tower,0,0,6,33,39,0,2,43,0,45,0,2,49,33,84,88,22,110,194
01/22/2022,CNW,TX,ASW,CE,Federal Contract Tower,0,0,3,4,7,0,0,17,2,19,0,0,20,6,26,72,0,72,98
01/23/2022,CNW,TX,ASW,CE,Federal Contract Tower,0,0,2,12,14,0,0,15,0,15,0,0,17,12,29,16,0,16,45
01/24/2022,CNW,TX,ASW,CE,Federal Contract Tower,0,0,1,2,3,0,0,6,0,6,0,0,7,2,9,10,0,10,19
01/25/2022,CNW,TX,ASW,CE,Federal Contract Tower,0,0,10,0,10,0,1,16,2,19,0,1,26,2,29,42,0,42,71
01/26/2022,CNW,TX,ASW,CE,Federal Contract Tower,0,0,7,12,19,0,2,69,10,81,0,2,76,22,100,178,58,236,336
01/27/2022,CNW,TX,ASW,CE,Federal Contract Tower,0,0,7,28,35,0,1,58,3,62,0,1,65,31,97,172,64,236,333
01/28/2022,CNW,TX,ASW,CE,Federal Contract Tower,0,0,8,29,37,0,2,23,4,29,0,2,31,33,66,96,92,188,254
01/29/2022,CNW,TX,ASW,CE,Federal Contract Tower,0,0,2,42,44,0,0,12,0,12,0,0,14,42,56,30,24,54,110
01/30/2022,CNW,TX,ASW,CE,Federal Contract Tower,0,0,1,10,11,0,5,6,0,11,0,5,7,10,22,16,4,20,42
01/31/2022,CNW,TX,ASW,CE,Federal Contract Tower,0,0,3,3,6,0,0,1,0,1,0,0,4,3,7,20,0,20,27
02/01/2022,CNW,TX,ASW,CE,Federal Contract Tower,0,0,11,8,19,0,2,48,9,59,0,2,59,17,78,140,38,178,256
02/02/2022,CNW,TX,ASW,CE,Federal Contract Tower,0,0,9,1,10,0,0,11,0,11,0,0,20,1,21,60,0,60,81
02/03/2022,CNW,TX,ASW,CE,Federal Contract Tower,0,0,0,0,0,0,0,0,0,0,0,0,0,0,0,0,0,0,0
02/04/2022,CNW,TX,ASW,CE,Federal Contract Tower,0,0,0,0,0,0,2,0,0,2,0,2,0,0,2,0,0,0,2
02/05/2022,CNW,TX,ASW,CE,Federal Contract Tower,0,0,3,18,21,0,2,4,4,10,0,2,7,22,31,18,36,54,85
02/06/2022,CNW,TX,ASW,CE,Federal Contract Tower,0,0,4,0,4,0,4,13,0,17,0,4,17,0,21,38,0,38,59
02/07/2022,CNW,TX,ASW,CE,Federal Contract Tower,0,0,9,12,21,0,2,57,11,70,0,2,66,23,91,224,66,290,381
02/08/2022,CNW,TX,ASW,CE,Federal Contract Tower,0,0,8,6,14,0,0,80,8,88,0,0,88,14,102,310,54,364,466
02/09/2022,CNW,TX,ASW,CE,Federal Contract Tower,0,0,4,2,6,0,1,58,3,62,0,1,62,5,68,234,28,262,330
02/10/2022,CNW,TX,ASW,CE,Federal Contract Tower,0,0,6,22,28,0,0,63,4,67,0,0,69,26,95,218,54,272,367
02/11/2022,CNW,TX,ASW,CE,Federal Contract Tower,0,0,7,30,37,0,4,64,4,72,0,4,71,34,109,232,106,338,447
02/12/2022,CNW,TX,ASW,CE,Federal Contract Tower,0,0,1,15,16,0,2,2,0,4,0,2,3,15,20,0,6,6,26
02/13/2022,CNW,TX,ASW,CE,Federal Contract Tower,0,0,4,0,4,0,1,17,0,18,0,1,21,0,22,72,0,72,94
02/14/2022,CNW,TX,ASW,CE,Federal Contract Tower,0,0,3,13,16,0,0,55,3,58,0,0,58,16,74,178,62,240,314
02/15/2022,CNW,TX,ASW,CE,Federal Contract Tower,0,0,11,16,27,0,0,32,6,38,0,0,43,22,65,76,74,150,215
02/16/2022,CNW,TX,ASW,CE,Federal Contract Tower,0,0,7,17,24,0,0,1,0,1,0,0,8,17,25,0,10,10,35
02/17/2022,CNW,TX,ASW,CE,Federal Contract Tower,0,0,1,2,3,0,4,7,3,14,0,4,8,5,17,48,24,72,89
02/18/2022,CNW,TX,ASW,CE,Federal Contract Tower,0,0,6,8,14,0,3,79,3,85,0,3,85,11,99,266,2,268,367
02/19/2022,CNW,TX,ASW,CE,Federal Contract Tower,0,0,1,4,5,0,0,28,1,29,0,0,29,5,34,136,0,136,170
02/20/2022,CNW,TX,ASW,CE,Federal Contract Tower,0,0,0,6,6,0,4,9,3,16,0,4,9,9,22,118,4,122,144
02/21/2022,CNW,TX,ASW,CE,Federal Contract Tower,0,0,5,2,7,0,0,11,0,11,0,0,16,2,18,32,0,32,50
02/22/2022,CNW,TX,ASW,CE,Federal Contract Tower,0,0,7,38,45,0,4,56,3,63,0,4,63,41,108,194,150,344,452
02/23/2022,CNW,TX,ASW,CE,Federal Contract Tower,0,0,0,3,3,0,0,0,0,0,0,0,0,3,3,0,0,0,3
02/24/2022,CNW,TX,ASW,CE,Federal Contract Tower,0,0,0,0,0,0,0,0,0,0,0,0,0,0,0,0,0,0,0
02/25/2022,CNW,TX,ASW,CE,Federal Contract Tower,0,0,1,3,4,0,2,16,10,28,0,2,17,13,32,58,62,120,152
02/26/2022,CNW,TX,ASW,CE,Federal Contract Tower,0,0,0,0,0,0,0,0,0,0,0,0,0,0,0,0,0,0,0
02/27/2022,CNW,TX,ASW,CE,Federal Contract Tower,0,0,8,8,16,0,1,17,0,18,0,1,25,8,34,38,0,38,72
02/28/2022,CNW,TX,ASW,CE,Federal Contract Tower,0,1,4,4,9,0,1,75,5,81,0,2,79,9,90,314,52,366,456
03/01/2022,CNW,TX,ASW,CE,Federal Contract Tower,0,0,3,12,15,0,2,55,8,65,0,2,58,20,80,278,142,420,500
03/02/2022,CNW,TX,ASW,CE,Federal Contract Tower,0,0,14,12,26,0,0,69,5,74,0,0,83,17,100,194,40,234,334
03/03/2022,CNW,TX,ASW,CE,Federal Contract Tower,0,0,9,19,28,0,0,89,16,105,0,0,98,35,133,271,100,371,504
03/04/2022,CNW,TX,ASW,CE,Federal Contract Tower,0,0,6,39,45,0,0,6,1,7,0,0,12,40,52,40,28,68,120
03/05/2022,CNW,TX,ASW,CE,Federal Contract Tower,0,0,7,4,11,0,0,7,0,7,0,0,14,4,18,32,0,32,50
03/06/2022,CNW,TX,ASW,CE,Federal Contract Tower,0,0,7,0,7,0,0,5,0,5,0,0,12,0,12,14,0,14,26
03/07/2022,CNW,TX,ASW,CE,Federal Contract Tower,0,0,9,18,27,0,0,53,10,63,0,0,62,28,90,218,84,302,392
03/08/2022,CNW,TX,ASW,CE,Federal Contract Tower,0,0,7,2,9,0,2,44,9,55,0,2,51,11,64,200,30,230,294
03/09/2022,CNW,TX,ASW,CE,Federal Contract Tower,0,0,4,3,7,0,4,71,7,82,0,4,75,10,89,238,36,274,363
03/10/2022,CNW,TX,ASW,CE,Federal Contract Tower,0,0,10,4,14,0,0,70,2,72,0,0,80,6,86,186,88,274,360
03/11/2022,CNW,TX,ASW,CE,Federal Contract Tower,0,0,2,0,2,0,2,0,0,2,0,2,2,0,4,0,0,0,4
03/12/2022,CNW,TX,ASW,CE,Federal Contract Tower,0,0,4,1,5,0,2,17,2,21,0,2,21,3,26,40,0,40,66
03/13/2022,CNW,TX,ASW,CE,Federal Contract Tower,0,0,2,0,2,0,0,17,0,17,0,0,19,0,19,42,0,42,61
03/14/2022,CNW,TX,ASW,CE,Federal Contract Tower,0,0,11,2,13,0,5,8,2,15,0,5,19,4,28,4,22,26,54
03/15/2022,CNW,TX,ASW,CE,Federal Contract Tower,0,0,14,9,23,0,3,50,3,56,0,3,64,12,79,168,26,194,273
03/16/2022,CNW,TX,ASW,CE,Federal Contract Tower,0,0,17,6,23,0,1,76,10,87,0,1,93,16,110,276,50,326,436
03/17/2022,CNW,TX,ASW,CE,Federal Contract Tower,0,0,17,5,22,0,1,10,4,15,0,1,27,9,37,6,70,76,113
03/18/2022,CNW,TX,ASW,CE,Federal Contract Tower,0,0,6,9,15,0,2,7,0,9,0,2,13,9,24,12,30,42,66
03/19/2022,CNW,TX,ASW,CE,Federal Contract Tower,0,0,5,3,8,0,3,19,2,24,0,3,24,5,32,32,12,44,76
03/20/2022,CNW,TX,ASW,CE,Federal Contract Tower,0,0,19,2,21,0,4,18,0,22,0,4,37,2,43,20,0,20,63
03/21/2022,CNW,TX,ASW,CE,Federal Contract Tower,0,0,0,0,0,0,0,0,0,0,0,0,0,0,0,0,0,0,0
03/22/2022,CNW,TX,ASW,CE,Federal Contract Tower,0,0,3,13,16,0,5,16,5,26,0,5,19,18,42,36,22,58,100
03/23/2022,CNW,TX,ASW,CE,Federal Contract Tower,0,1,12,6,19,0,0,36,1,37,0,1,48,7,56,138,18,156,212
03/24/2022,CNW,TX,ASW,CE,Federal Contract Tower,0,0,6,4,10,0,3,49,4,56,0,3,55,8,66,146,0,146,212
03/25/2022,CNW,TX,ASW,CE,Federal Contract Tower,0,0,17,12,29,0,4,74,0,78,0,4,91,12,107,162,0,162,269
03/26/2022,CNW,TX,ASW,CE,Federal Contract Tower,0,0,9,27,36,0,2,14,0,16,0,2,23,27,52,32,20,52,104
03/27/2022,CNW,TX,ASW,CE,Federal Contract Tower,0,0,0,0,0,0,2,6,0,8,0,2,6,0,8,10,0,10,18
03/28/2022,CNW,TX,ASW,CE,Federal Contract Tower,0,2,15,19,36,0,2,40,4,46,0,4,55,23,82,116,88,204,286
03/29/2022,CNW,TX,ASW,CE,Federal Contract Tower,0,0,3,14,17,0,0,9,0,9,0,0,12,14,26,32,0,32,58
03/30/2022,CNW,TX,ASW,CE,Federal Contract Tower,0,0,2,1,3,0,5,4,3,12,0,5,6,4,15,0,18,18,33
03/31/2022,CNW,TX,ASW,CE,Federal Contract Tower,0,0,8,18,26,0,1,76,6,83,0,1,84,24,109,208,94,302,411
04/01/2022,CNW,TX,ASW,CE,Federal Contract Tower,0,1,23,40,64,0,6,52,9,67,0,7,75,49,131,166,80,246,377
04/02/2022,CNW,TX,ASW,CE,Federal Contract Tower,0,1,9,2,12,0,5,17,0,22,0,6,26,2,34,76,0,76,110
04/03/2022,CNW,TX,ASW,CE,Federal Contract Tower,0,0,5,0,5,0,0,25,0,25,0,0,30,0,30,88,0,88,118
04/04/2022,CNW,TX,ASW,CE,Federal Contract Tower,0,0,22,10,32,0,1,7,0,8,0,1,29,10,40,28,0,28,68
04/05/2022,CNW,TX,ASW,CE,Federal Contract Tower,0,0,14,19,33,0,4,29,5,38,0,4,43,24,71,46,54,100,171
04/06/2022,CNW,TX,ASW,CE,Federal Contract Tower,0,0,9,17,26,0,1,42,11,54,0,1,51,28,80,88,50,138,218
04/07/2022,CNW,TX,ASW,CE,Federal Contract Tower,0,0,5,4,9,0,2,40,2,44,0,2,45,6,53,66,4,70,123
04/08/2022,CNW,TX,ASW,CE,Federal Contract Tower,0,0,4,5,9,0,4,35,2,41,0,4,39,7,50,106,10,116,166
04/09/2022,CNW,TX,ASW,CE,Federal Contract Tower,0,0,10,6,16,0,1,20,0,21,0,1,30,6,37,10,0,10,47
04/10/2022,CNW,TX,ASW,CE,Federal Contract Tower,0,0,2,4,6,0,5,3,0,8,0,5,5,4,14,4,0,4,18
04/11/2022,CNW,TX,ASW,CE,Federal Contract Tower,0,0,20,30,50,0,6,22,7,35,0,6,42,37,85,102,118,220,305
04/12/2022,CNW,TX,ASW,CE,Federal Contract Tower,0,0,8,5,13,0,2,10,0,12,0,2,18,5,25,66,0,66,91
04/13/2022,CNW,TX,ASW,CE,Federal Contract Tower,0,0,17,6,23,0,4,18,5,27,0,4,35,11,50,28,30,58,108
04/14/2022,CNW,TX,ASW,CE,Federal Contract Tower,0,0,17,12,29,0,0,59,7,66,0,0,76,19,95,138,68,206,301
04/15/2022,CNW,TX,ASW,CE,Federal Contract Tower,0,0,14,23,37,0,0,18,0,18,0,0,32,23,55,88,6,94,149
04/16/2022,CNW,TX,ASW,CE,Federal Contract Tower,0,1,4,0,5,0,4,8,0,12,0,5,12,0,17,24,0,24,41
04/17/2022,CNW,TX,ASW,CE,Federal Contract Tower,0,0,0,0,0,0,2,2,0,4,0,2,2,0,4,6,0,6,10
04/18/2022,CNW,TX,ASW,CE,Federal Contract Tower,0,3,7,2,12,0,4,19,5,28,0,7,26,7,40,66,48,114,154
04/19/2022,CNW,TX,ASW,CE,Federal Contract Tower,0,0,10,11,21,0,4,36,3,43,0,4,46,14,64,114,62,176,240
04/20/2022,CNW,TX,ASW,CE,Federal Contract Tower,0,0,6,34,40,0,1,24,4,29,0,1,30,38,69,112,26,138,207
04/21/2022,CNW,TX,ASW,CE,Federal Contract Tower,0,0,22,4,26,0,6,20,3,29,0,6,42,7,55,142,52,194,249
04/22/2022,CNW,TX,ASW,CE,Federal Contract Tower,0,1,10,8,19,0,4,20,0,24,0,5,30,8,43,142,0,142,185
04/23/2022,CNW,TX,ASW,CE,Federal Contract Tower,0,0,4,12,16,0,4,8,0,12,0,4,12,12,28,44,0,44,72
04/24/2022,CNW,TX,ASW,CE,Federal Contract Tower,0,2,3,0,5,0,2,12,0,14,0,4,15,0,19,60,0,60,79
04/25/2022,CNW,TX,ASW,CE,Federal Contract Tower,0,0,0,2,2,0,1,0,0,1,0,1,0,2,3,0,0,0,3
04/26/2022,CNW,TX,ASW,CE,Federal Contract Tower,0,0,9,5,14,0,5,83,12,100,0,5,92,17,114,272,46,318,432
04/27/2022,CNW,TX,ASW,CE,Federal Contract Tower,0,0,15,44,59,0,4,40,9,53,0,4,55,53,112,80,40,120,232
04/28/2022,CNW,TX,ASW,CE,Federal Contract Tower,0,0,15,12,27,0,1,35,0,36,0,1,50,12,63,130,4,134,197
04/29/2022,CNW,TX,ASW,CE,Federal Contract Tower,0,0,9,12,21,0,3,11,0,14,0,3,20,12,35,62,0,62,97
04/30/2022,CNW,TX,ASW,CE,Federal Contract Tower,0,0,1,0,1,0,2,3,0,5,0,2,4,0,6,14,0,14,20
05/01/2022,CNW,TX,ASW,CE,Federal Contract Tower,0,0,1,0,1,0,2,5,0,7,0,2,6,0,8,0,0,0,8
05/02/2022,CNW,TX,ASW,CE,Federal Contract Tower,0,0,0,4,4,0,4,7,1,12,0,4,7,5,16,32,18,50,66
05/03/2022,CNW,TX,ASW,CE,Federal Contract Tower,0,0,7,16,23,0,0,4,6,10,0,0,11,22,33,12,32,44,77
05/04/2022,CNW,TX,ASW,CE,Federal Contract Tower,0,0,21,15,36,0,0,16,5,21,0,0,37,20,57,60,36,96,153
05/05/2022,CNW,TX,ASW,CE,Federal Contract Tower,0,0,0,0,0,0,3,3,0,6,0,3,3,0,6,16,0,16,22
05/06/2022,CNW,TX,ASW,CE,Federal Contract Tower,0,0,3,4,7,0,1,48,8,57,0,1,51,12,64,38,10,48,112
05/07/2022,CNW,TX,ASW,CE,Federal Contract Tower,0,0,2,0,2,0,4,0,0,4,0,4,2,0,6,0,0,0,6
05/08/2022,CNW,TX,ASW,CE,Federal Contract Tower,0,0,0,0,0,0,0,2,2,4,0,0,2,2,4,0,0,0,4
05/09/2022,CNW,TX,ASW,CE,Federal Contract Tower,0,0,2,37,39,0,3,24,5,32,0,3,26,42,71,34,50,84,155
05/10/2022,CNW,TX,ASW,CE,Federal Contract Tower,0,0,13,16,29,0,0,16,9,25,0,0,29,25,54,66,46,112,166
05/11/2022,CNW,TX,ASW,CE,Federal Contract Tower,0,0,15,8,23,0,4,28,8,40,0,4,43,16,63,56,38,94,157
05/12/2022,CNW,TX,ASW,CE,Federal Contract Tower,0,0,11,0,11,0,3,38,5,46,0,3,49,5,57,44,0,44,101
05/13/2022,CNW,TX,ASW,CE,Federal Contract Tower,0,0,4,23,27,0,2,36,5,43,0,2,40,28,70,70,50,120,190
05/14/2022,CNW,TX,ASW,CE,Federal Contract Tower,0,0,0,18,18,0,3,15,3,21,0,3,15,21,39,22,10,32,71
05/15/2022,CNW,TX,ASW,CE,Federal Contract Tower,0,0,3,10,13,0,0,18,1,19,0,0,21,11,32,44,0,44,76
05/16/2022,CNW,TX,ASW,CE,Federal Contract Tower,0,0,11,7,18,0,3,54,2,59,0,3,65,9,77,104,4,108,185
05/17/2022,CNW,TX,ASW,CE,Federal Contract Tower,0,0,14,17,31,0,5,58,7,70,0,5,72,24,101,122,0,122,223
05/18/2022,CNW,TX,ASW,CE,Federal Contract Tower,0,3,9,19,31,0,6,52,3,61,0,9,61,22,92,102,56,158,250
05/19/2022,CNW,TX,ASW,CE,Federal Contract Tower,0,0,14,38,52,0,4,34,8,46,0,4,48,46,98,46,52,98,196
05/20/2022,CNW,TX,ASW,CE,Federal Contract Tower,0,0,4,44,48,0,0,18,43,61,0,0,22,87,109,26,56,82,191
05/21/2022,CNW,TX,ASW,CE,Federal Contract Tower,0,0,1,1,2,0,0,6,0,6,0,0,7,1,8,10,0,10,18
05/22/2022,CNW,TX,ASW,CE,Federal Contract Tower,0,0,1,0,1,0,4,11,0,15,0,4,12,0,16,30,0,30,46
05/23/2022,CNW,TX,ASW,CE,Federal Contract Tower,0,0,0,8,8,0,4,16,2,22,0,4,16,10,30,80,46,126,156
05/24/2022,CNW,TX,ASW,CE,Federal Contract Tower,0,1,7,9,17,0,0,13,8,21,0,1,20,17,38,50,14,64,102
05/25/2022,CNW,TX,ASW,CE,Federal Contract Tower,0,0,6,9,15,0,0,27,3,30,0,0,33,12,45,78,0,78,123
05/26/2022,CNW,TX,ASW,CE,Federal Contract Tower,0,0,5,11,16,0,1,38,9,48,0,1,43,20,64,30,78,108,172
05/27/2022,CNW,TX,ASW,CE,Federal Contract Tower,0,0,3,0,3,0,3,60,5,68,0,3,63,5,71,80,22,102,173
05/28/2022,CNW,TX,ASW,CE,Federal Contract Tower,0,0,2,0,2,0,4,14,0,18,0,4,16,0,20,34,0,34,54
05/29/2022,CNW,TX,ASW,CE,Federal Contract Tower,0,0,2,0,2,0,3,12,0,15,0,3,14,0,17,36,0,36,53
05/30/2022,CNW,TX,ASW,CE,Federal Contract Tower,0,0,3,0,3,0,2,9,0,11,0,2,12,0,14,6,0,6,20
05/31/2022,CNW,TX,ASW,CE,Federal Contract Tower,0,0,8,35,43,0,0,45,8,53,0,0,53,43,96,150,206,356,452
06/01/2022,CNW,TX,ASW,CE,Federal Contract Tower,0,0,11,31,42,0,2,22,5,29,0,2,33,36,71,114,86,200,271
06/02/2022,CNW,TX,ASW,CE,Federal Contract Tower,0,0,4,0,4,0,4,28,2,34,0,4,32,2,38,102,10,112,150
06/03/2022,CNW,TX,ASW,CE,Federal Contract Tower,0,0,8,0,8,0,2,34,3,39,0,2,42,3,47,146,24,170,217
06/04/2022,CNW,TX,ASW,CE,Federal Contract Tower,0,0,2,0,2,0,2,6,0,8,0,2,8,0,10,30,0,30,40
06/05/2022,CNW,TX,ASW,CE,Federal Contract Tower,0,0,1,12,13,0,4,12,0,16,0,4,13,12,29,52,0,52,81
06/06/2022,CNW,TX,ASW,CE,Federal Contract Tower,0,0,22,30,52,0,0,27,2,29,0,0,49,32,81,74,56,130,211
06/07/2022,CNW,TX,ASW,CE,Federal Contract Tower,0,0,9,27,36,0,0,40,5,45,0,0,49,32,81,134,110,244,325
06/08/2022,CNW,TX,ASW,CE,Federal Contract Tower,0,0,6,16,22,0,6,43,9,58,0,6,49,25,80,190,80,270,350
06/09/2022,CNW,TX,ASW,CE,Federal Contract Tower,0,0,6,10,16,0,0,35,10,45,0,0,41,20,61,136,86,222,283
06/10/2022,CNW,TX,ASW,CE,Federal Contract Tower,0,0,7,42,49,0,2,34,8,44,0,2,41,50,93,116,86,202,295
06/11/2022,CNW,TX,ASW,CE,Federal Contract Tower,0,2,2,0,4,0,4,7,4,15,0,6,9,4,19,8,0,8,27
06/12/2022,CNW,TX,ASW,CE,Federal Contract Tower,0,1,0,0,1,0,1,15,2,18,0,2,15,2,19,16,0,16,35
06/13/2022,CNW,TX,ASW,CE,Federal Contract Tower,0,0,13,22,35,0,2,42,10,54,0,2,55,32,89,102,54,156,245
06/14/2022,CNW,TX,ASW,CE,Federal Contract Tower,0,0,5,27,32,0,2,27,8,37,0,2,32,35,69,28,80,108,177
06/15/2022,CNW,TX,ASW,CE,Federal Contract Tower,0,0,3,3,6,0,3,50,4,57,0,3,53,7,63,198,16,214,277
06/16/2022,CNW,TX,ASW,CE,Federal Contract Tower,0,0,16,45,61,0,2,44,5,51,0,2,60,50,112,156,36,192,304
06/17/2022,CNW,TX,ASW,CE,Federal Contract Tower,0,0,15,38,53,0,2,36,2,40,0,2,51,40,93,108,62,170,263
06/18/2022,CNW,TX,ASW,CE,Federal Contract Tower,0,2,3,10,15,0,0,9,1,10,0,2,12,11,25,34,14,48,73
06/19/2022,CNW,TX,ASW,CE,Federal Contract Tower,0,0,2,6,8,0,0,11,0,11,0,0,13,6,19,44,0,44,63
06/20/2022,CNW,TX,ASW,CE,Federal Contract Tower,0,0,0,2,2,0,4,15,0,19,0,4,15,2,21,22,0,22,43
06/21/2022,CNW,TX,ASW,CE,Federal Contract Tower,0,0,8,29,37,0,2,35,2,39,0,2,43,31,76,168,78,246,322
06/22/2022,CNW,TX,ASW,CE,Federal Contract Tower,0,0,13,14,27,0,4,32,2,38,0,4,45,16,65,64,0,64,129
06/23/2022,CNW,TX,ASW,CE,Federal Contract Tower,0,0,13,15,28,0,3,57,4,64,0,3,70,19,92,134,30,164,256
06/24/2022,CNW,TX,ASW,CE,Federal Contract Tower,0,0,4,54,58,0,2,43,12,57,0,2,47,66,115,128,136,264,379
06/25/2022,CNW,TX,ASW,CE,Federal Contract Tower,0,0,0,0,0,0,0,10,2,12,0,0,10,2,12,30,0,30,42
06/26/2022,CNW,TX,ASW,CE,Federal Contract Tower,0,0,5,1,6,0,0,8,0,8,0,0,13,1,14,2,0,2,16
06/27/2022,CNW,TX,ASW,CE,Federal Contract Tower,0,1,10,2,13,0,2,30,3,35,0,3,40,5,48,12,24,36,84
06/28/2022,CNW,TX,ASW,CE,Federal Contract Tower,0,0,7,9,16,0,2,38,2,42,0,2,45,11,58,168,42,210,268
06/29/2022,CNW,TX,ASW,CE,Federal Contract Tower,0,0,5,11,16,0,0,61,3,64,0,0,66,14,80,150,40,190,270
06/30/2022,CNW,TX,ASW,CE,Federal Contract Tower,0,0,12,27,39,0,0,40,2,42,0,0,52,29,81,132,30,162,243
07/01/2022,CNW,TX,ASW,CE,Federal Contract Tower,0,0,13,0,13,0,4,20,0,24,0,4,33,0,37,46,0,46,83
07/02/2022,CNW,TX,ASW,CE,Federal Contract Tower,0,0,1,0,1,0,5,12,0,17,0,5,13,0,18,60,0,60,78
07/03/2022,CNW,TX,ASW,CE,Federal Contract Tower,0,0,0,0,0,0,0,10,0,10,0,0,10,0,10,16,0,16,26
07/04/2022,CNW,TX,ASW,CE,Federal Contract Tower,0,0,1,0,1,0,2,6,0,8,0,2,7,0,9,8,0,8,17
07/05/2022,CNW,TX,ASW,CE,Federal Contract Tower,0,0,12,16,28,0,4,31,7,42,0,4,43,23,70,86,48,134,204
07/06/2022,CNW,TX,ASW,CE,Federal Contract Tower,0,0,9,34,43,0,0,51,6,57,0,0,60,40,100,112,92,204,304
07/07/2022,CNW,TX,ASW,CE,Federal Contract Tower,0,2,10,10,22,0,0,40,3,43,0,2,50,13,65,142,36,178,243
07/08/2022,CNW,TX,ASW,CE,Federal Contract Tower,0,0,8,28,36,0,4,17,7,28,0,4,25,35,64,28,32,60,124
07/09/2022,CNW,TX,ASW,CE,Federal Contract Tower,0,0,0,8,8,0,0,0,2,2,0,0,0,10,10,0,0,0,10
07/10/2022,CNW,TX,ASW,CE,Federal Contract Tower,0,0,2,2,4,0,2,10,0,12,0,2,12,2,16,0,0,0,16
07/11/2022,CNW,TX,ASW,CE,Federal Contract Tower,0,0,5,10,15,0,3,31,5,39,0,3,36,15,54,90,64,154,208
07/12/2022,CNW,TX,ASW,CE,Federal Contract Tower,0,0,11,29,40,0,2,34,10,46,0,2,45,39,86,164,102,266,352
07/13/2022,CNW,TX,ASW,CE,Federal Contract Tower,198,0,20,0,218,0,0,34,0,34,198,0,54,0,252,0,0,0,252
07/14/2022,CNW,TX,ASW,CE,Federal Contract Tower,0,0,3,0,3,0,0,26,1,27,0,0,29,1,30,80,12,92,122
07/15/2022,CNW,TX,ASW,CE,Federal Contract Tower,0,0,4,51,55,0,1,23,4,28,0,1,27,55,83,140,100,240,323
07/16/2022,CNW,TX,ASW,CE,Federal Contract Tower,0,0,8,25,33,0,0,10,1,11,0,0,18,26,44,44,0,44,88
07/17/2022,CNW,TX,ASW,CE,Federal Contract Tower,0,0,0,6,6,0,0,1,0,1,0,0,1,6,7,0,14,14,21
07/18/2022,CNW,TX,ASW,CE,Federal Contract Tower,0,2,16,17,35,0,0,37,6,43,0,2,53,23,78,76,28,104,182
07/19/2022,CNW,TX,ASW,CE,Federal Contract Tower,0,0,14,11,25,0,0,45,6,51,0,0,59,17,76,114,44,158,234
07/20/2022,CNW,TX,ASW,CE,Federal Contract Tower,0,0,9,8,17,0,0,39,1,40,0,0,48,9,57,74,0,74,131
07/21/2022,CNW,TX,ASW,CE,Federal Contract Tower,0,0,10,28,38,0,0,39,0,39,0,0,49,28,77,114,64,178,255
07/22/2022,CNW,TX,ASW,CE,Federal Contract Tower,0,0,11,63,74,0,1,35,4,40,0,1,46,67,114,30,98,128,242
07/23/2022,CNW,TX,ASW,CE,Federal Contract Tower,0,0,3,4,7,0,1,7,2,10,0,1,10,6,17,86,0,86,103
07/24/2022,CNW,TX,ASW,CE,Federal Contract Tower,0,0,0,17,17,0,0,3,0,3,0,0,3,17,20,0,0,0,20
07/25/2022,CNW,TX,ASW,CE,Federal Contract Tower,0,0,7,7,14,0,4,31,12,47,0,4,38,19,61,76,68,144,205
07/26/2022,CNW,TX,ASW,CE,Federal Contract Tower,0,0,11,16,27,0,4,43,6,53,0,4,54,22,80,206,48,254,334
07/27/2022,CNW,TX,ASW,CE,Federal Contract Tower,0,0,14,34,48,0,0,32,8,40,0,0,46,42,88,106,68,174,262
07/28/2022,CNW,TX,ASW,CE,Federal Contract Tower,0,0,21,20,41,0,0,32,3,35,0,0,53,23,76,116,50,166,242
07/29/2022,CNW,TX,ASW,CE,Federal Contract Tower,0,0,8,39,47,0,0,20,6,26,0,0,28,45,73,94,46,140,213
07/30/2022,CNW,TX,ASW,CE,Federal Contract Tower,0,0,3,4,7,0,1,10,0,11,0,1,13,4,18,24,16,40,58
07/31/2022,CNW,TX,ASW,CE,Federal Contract Tower,0,0,2,2,4,0,4,2,0,6,0,4,4,2,10,0,0,0,10
08/01/2022,CNW,TX,ASW,CE,Federal Contract Tower,0,0,15,16,31,0,0,32,5,37,0,0,47,21,68,134,44,178,246
08/02/2022,CNW,TX,ASW,CE,Federal Contract Tower,0,0,16,18,34,0,3,31,3,37,0,3,47,21,71,130,52,182,253
08/03/2022,CNW,TX,ASW,CE,Federal Contract Tower,0,0,20,15,35,0,2,19,3,24,0,2,39,18,59,44,32,76,135
08/04/2022,CNW,TX,ASW,CE,Federal Contract Tower,0,0,23,19,42,0,1,37,3,41,0,1,60,22,83,92,22,114,197
08/05/2022,CNW,TX,ASW,CE,Federal Contract Tower,0,0,9,37,46,0,0,26,3,29,0,0,35,40,75,70,62,132,207
08/06/2022,CNW,TX,ASW,CE,Federal Contract Tower,0,0,5,15,20,0,2,12,0,14,0,2,17,15,34,94,2,96,130
08/07/2022,CNW,TX,ASW,CE,Federal Contract Tower,0,0,1,18,19,0,0,3,1,4,0,0,4,19,23,0,6,6,29
08/08/2022,CNW,TX,ASW,CE,Federal Contract Tower,0,0,7,35,42,0,4,21,3,28,0,4,28,38,70,58,66,124,194
08/09/2022,CNW,TX,ASW,CE,Federal Contract Tower,0,3,10,23,36,0,2,30,5,37,0,5,40,28,73,66,78,144,217
08/10/2022,CNW,TX,ASW,CE,Federal Contract Tower,0,2,13,3,18,0,0,14,0,14,0,2,27,3,32,66,0,66,98
08/11/2022,CNW,TX,ASW,CE,Federal Contract Tower,0,0,3,10,13,0,2,50,6,58,0,2,53,16,71,176,70,246,317
08/12/2022,CNW,TX,ASW,CE,Federal Contract Tower,0,2,8,12,22,0,2,23,2,27,0,4,31,14,49,60,8,68,117
08/13/2022,CNW,TX,ASW,CE,Federal Contract Tower,0,0,1,4,5,0,1,10,0,11,0,1,11,4,16,100,0,100,116
08/14/2022,CNW,TX,ASW,CE,Federal Contract Tower,0,0,2,6,8,0,0,7,0,7,0,0,9,6,15,16,16,32,47
08/15/2022,CNW,TX,ASW,CE,Federal Contract Tower,0,0,3,6,9,0,4,26,6,36,0,4,29,12,45,202,52,254,299
08/16/2022,CNW,TX,ASW,CE,Federal Contract Tower,0,0,6,4,10,0,1,16,5,22,0,1,22,9,32,28,40,68,100
08/17/2022,CNW,TX,ASW,CE,Federal Contract Tower,0,0,9,2,11,0,3,19,0,22,0,3,28,2,33,56,0,56,89
08/18/2022,CNW,TX,ASW,CE,Federal Contract Tower,0,0,4,0,4,0,2,27,2,31,0,2,31,2,35,94,0,94,129
08/19/2022,CNW,TX,ASW,CE,Federal Contract Tower,0,0,3,1,4,0,0,8,4,12,0,0,11,5,16,54,0,54,70
08/20/2022,CNW,TX,ASW,CE,Federal Contract Tower,0,0,5,2,7,0,2,1,0,3,0,2,6,2,10,0,0,0,10
08/21/2022,CNW,TX,ASW,CE,Federal Contract Tower,0,0,0,6,6,0,0,2,0,2,0,0,2,6,8,4,0,4,12
08/22/2022,CNW,TX,ASW,CE,Federal Contract Tower,0,0,0,0,0,0,0,1,0,1,0,0,1,0,1,12,0,12,13
08/23/2022,CNW,TX,ASW,CE,Federal Contract Tower,0,0,2,7,9,0,2,5,3,10,0,2,7,10,19,16,48,64,83
08/24/2022,CNW,TX,ASW,CE,Federal Contract Tower,0,0,8,4,12,0,1,11,5,17,0,1,19,9,29,30,30,60,89
08/25/2022,CNW,TX,ASW,CE,Federal Contract Tower,0,0,9,0,9,0,3,24,0,27,0,3,33,0,36,62,0,62,98
08/26/2022,CNW,TX,ASW,CE,Federal Contract Tower,0,0,7,14,21,0,6,26,1,33,0,6,33,15,54,80,38,118,172
08/27/2022,CNW,TX,ASW,CE,Federal Contract Tower,0,0,3,12,15,0,2,11,4,17,0,2,14,16,32,6,16,22,54
08/28/2022,CNW,TX,ASW,CE,Federal Contract Tower,0,0,4,2,6,0,0,9,0,9,0,0,13,2,15,1,28,29,44
08/29/2022,CNW,TX,ASW,CE,Federal Contract Tower,0,0,4,6,10,0,2,9,0,11,0,2,13,6,21,50,26,76,97
08/30/2022,CNW,TX,ASW,CE,Federal Contract Tower,0,0,3,0,3,0,0,2,0,2,0,0,5,0,5,12,0,12,17
08/31/2022,CNW,TX,ASW,CE,Federal Contract Tower,0,0,2,12,14,0,2,19,1,22,0,2,21,13,36,98,14,112,148
09/01/2022,CNW,TX,ASW,CE,Federal Contract Tower,0,0,1,35,36,0,0,25,4,29,0,0,26,39,65,46,34,80,145
09/02/2022,CNW,TX,ASW,CE,Federal Contract Tower,0,0,2,1,3,0,2,2,0,4,0,2,4,1,7,20,0,20,27
09/03/2022,CNW,TX,ASW,CE,Federal Contract Tower,0,0,4,0,4,0,0,8,0,8,0,0,12,0,12,18,0,18,30
09/04/2022,CNW,TX,ASW,CE,Federal Contract Tower,0,0,0,4,4,0,4,2,0,6,0,4,2,4,10,0,0,0,10
09/05/2022,CNW,TX,ASW,CE,Federal Contract Tower,0,0,0,0,0,0,0,22,0,22,0,0,22,0,22,14,0,14,36
09/06/2022,CNW,TX,ASW,CE,Federal Contract Tower,0,0,2,17,19,0,1,37,1,39,0,1,39,18,58,46,46,92,150
09/07/2022,CNW,TX,ASW,CE,Federal Contract Tower,0,0,8,4,12,0,1,39,1,41,0,1,47,5,53,88,24,112,165
09/08/2022,CNW,TX,ASW,CE,Federal Contract Tower,0,0,6,2,8,0,0,73,0,73,0,0,79,2,81,220,0,220,301
09/09/2022,CNW,TX,ASW,CE,Federal Contract Tower,0,0,3,9,12,0,0,49,1,50,0,0,52,10,62,76,2,78,140
09/10/2022,CNW,TX,ASW,CE,Federal Contract Tower,0,0,0,8,8,0,1,11,0,12,0,1,11,8,20,22,14,36,56
09/11/2022,CNW,TX,ASW,CE,Federal Contract Tower,0,0,0,0,0,0,2,3,0,5,0,2,3,0,5,6,0,6,11
09/12/2022,CNW,TX,ASW,CE,Federal Contract Tower,0,0,2,2,4,0,2,71,2,75,0,2,73,4,79,202,18,220,299
09/13/2022,CNW,TX,ASW,CE,Federal Contract Tower,0,0,11,10,21,0,0,77,2,79,0,0,88,12,100,236,40,276,376
09/14/2022,CNW,TX,ASW,CE,Federal Contract Tower,0,0,1,18,19,0,5,47,4,56,0,5,48,22,75,142,28,170,245
09/15/2022,CNW,TX,ASW,CE,Federal Contract Tower,0,0,3,2,5,0,1,69,0,70,0,1,72,2,75,124,0,124,199
09/16/2022,CNW,TX,ASW,CE,Federal Contract Tower,0,0,5,6,11,0,4,61,1,66,0,4,66,7,77,184,6,190,267
09/17/2022,CNW,TX,ASW,CE,Federal Contract Tower,0,0,1,2,3,0,3,9,0,12,0,3,10,2,15,12,0,12,27
09/18/2022,CNW,TX,ASW,CE,Federal Contract Tower,0,0,1,9,10,0,0,13,0,13,0,0,14,9,23,6,0,6,29
09/19/2022,CNW,TX,ASW,CE,Federal Contract Tower,0,0,7,23,30,0,2,71,4,77,0,2,78,27,107,190,0,190,297
09/20/2022,CNW,TX,ASW,CE,Federal Contract Tower,0,0,11,3,14,0,1,58,5,64,0,1,69,8,78,242,14,256,334
09/21/2022,CNW,TX,ASW,CE,Federal Contract Tower,0,0,5,46,51,0,0,69,2,71,0,0,74,48,122,228,10,238,360
09/22/2022,CNW,TX,ASW,CE,Federal Contract Tower,0,0,2,4,6,0,0,62,1,63,0,0,64,5,69,194,20,214,283
09/23/2022,CNW,TX,ASW,CE,Federal Contract Tower,0,0,3,22,25,0,0,42,5,47,0,0,45,27,72,356,22,378,450
09/24/2022,CNW,TX,ASW,CE,Federal Contract Tower,0,0,6,6,12,0,0,21,0,21,0,0,27,6,33,36,0,36,69
09/25/2022,CNW,TX,ASW,CE,Federal Contract Tower,0,0,2,3,5,0,0,8,1,9,0,0,10,4,14,8,12,20,34
09/26/2022,CNW,TX,ASW,CE,Federal Contract Tower,0,0,7,8,15,0,0,33,3,36,0,0,40,11,51,130,30,160,211
09/27/2022,CNW,TX,ASW,CE,Federal Contract Tower,0,0,1,17,18,0,0,51,3,54,0,0,52,20,72,235,46,281,353
09/28/2022,CNW,TX,ASW,CE,Federal Contract Tower,0,0,1,21,22,0,0,48,9,57,0,0,49,30,79,284,8,292,371
09/29/2022,CNW,TX,ASW,CE,Federal Contract Tower,0,0,6,7,13,0,0,57,0,57,0,0,63,7,70,218,0,218,288
09/30/2022,CNW,TX,ASW,CE,Federal Contract Tower,0,0,5,2,7,0,2,55,0,57,0,2,60,2,64,192,6,198,262
10/01/2022,CNW,TX,ASW,CE,Federal Contract Tower,0,0,2,0,2,0,0,14,0,14,0,0,16,0,16,14,0,14,30
10/02/2022,CNW,TX,ASW,CE,Federal Contract Tower,0,0,14,0,14,0,0,13,0,13,0,0,27,0,27,40,0,40,67
10/03/2022,CNW,TX,ASW,CE,Federal Contract Tower,0,0,3,2,5,0,0,48,0,48,0,0,51,2,53,194,4,198,251
10/04/2022,CNW,TX,ASW,CE,Federal Contract Tower,0,0,9,28,37,0,0,69,0,69,0,0,78,28,106,394,0,394,500
10/05/2022,CNW,TX,ASW,CE,Federal Contract Tower,14,0,9,31,54,0,0,67,1,68,14,0,76,32,122,102,4,106,228
10/06/2022,CNW,TX,ASW,CE,Federal Contract Tower,0,0,4,7,11,0,0,54,0,54,0,0,58,7,65,168,14,182,247
10/07/2022,CNW,TX,ASW,CE,Federal Contract Tower,0,0,5,4,9,0,2,40,0,42,0,2,45,4,51,118,12,130,181
10/08/2022,CNW,TX,ASW,CE,Federal Contract Tower,0,0,2,0,2,0,0,8,0,8,0,0,10,0,10,2,0,2,12
10/09/2022,CNW,TX,ASW,CE,Federal Contract Tower,0,0,0,1,1,0,2,12,0,14,0,2,12,1,15,26,0,26,41
10/10/2022,CNW,TX,ASW,CE,Federal Contract Tower,0,0,9,0,9,0,4,57,0,61,0,4,66,0,70,350,0,350,420
10/11/2022,CNW,TX,ASW,CE,Federal Contract Tower,0,0,2,21,23,0,3,48,2,53,0,3,50,23,76,200,52,252,328
10/12/2022,CNW,TX,ASW,CE,Federal Contract Tower,0,0,8,17,25,0,0,57,0,57,0,0,65,17,82,248,54,302,384
10/13/2022,CNW,TX,ASW,CE,Federal Contract Tower,0,0,6,16,22,0,1,26,2,29,0,1,32,18,51,106,50,156,207
10/14/2022,CNW,TX,ASW,CE,Federal Contract Tower,0,0,8,63,71,0,0,37,4,41,0,0,45,67,112,224,0,224,336
10/15/2022,CNW,TX,ASW,CE,Federal Contract Tower,0,0,0,2,2,0,0,11,0,11,0,0,11,2,13,6,0,6,19
10/16/2022,CNW,TX,ASW,CE,Federal Contract Tower,0,0,0,0,0,0,0,3,0,3,0,0,3,0,3,0,0,0,3
10/17/2022,CNW,TX,ASW,CE,Federal Contract Tower,0,0,3,3,6,0,0,27,0,27,0,0,30,3,33,80,14,94,127
10/18/2022,CNW,TX,ASW,CE,Federal Contract Tower,0,0,2,14,16,0,0,46,2,48,0,0,48,16,64,132,84,216,280
10/19/2022,CNW,TX,ASW,CE,Federal Contract Tower,0,0,12,8,20,0,0,59,0,59,0,0,71,8,79,150,22,172,251
10/21/2022,CNW,TX,ASW,CE,Federal Contract Tower,0,0,11,35,46,0,0,39,8,47,0,0,50,43,93,206,16,222,315
10/22/2022,CNW,TX,ASW,CE,Federal Contract Tower,0,0,0,0,0,0,4,5,8,17,0,4,5,8,17,0,0,0,17
10/23/2022,CNW,TX,ASW,CE,Federal Contract Tower,0,0,1,4,5,0,2,3,1,6,0,2,4,5,11,6,6,12,23
10/24/2022,CNW,TX,ASW,CE,Federal Contract Tower,0,0,0,1,1,0,0,1,0,1,0,0,1,1,2,4,0,4,6
10/25/2022,CNW,TX,ASW,CE,Federal Contract Tower,0,0,2,2,4,0,4,18,0,22,0,4,20,2,26,20,4,24,50
10/26/2022,CNW,TX,ASW,CE,Federal Contract Tower,0,0,14,6,20,0,1,71,4,76,0,1,85,10,96,328,34,362,458
10/27/2022,CNW,TX,ASW,CE,Federal Contract Tower,0,0,5,9,14,0,2,63,1,66,0,2,68,10,80,260,38,298,378
10/28/2022,CNW,TX,ASW,CE,Federal Contract Tower,0,0,0,0,0,0,0,0,0,0,0,0,0,0,0,0,0,0,0
10/29/2022,CNW,TX,ASW,CE,Federal Contract Tower,0,0,6,0,6,0,2,2,0,4,0,2,8,0,10,0,0,0,10
10/30/2022,CNW,TX,ASW,CE,Federal Contract Tower,0,0,3,9,12,0,0,14,1,15,0,0,17,10,27,12,12,24,51
10/31/2022,CNW,TX,ASW,CE,Federal Contract Tower,0,0,13,11,24,0,0,53,0,53,0,0,66,11,77,212,60,272,349
11/01/2022,CNW,TX,ASW,CE,Federal Contract Tower,0,0,9,31,40,0,5,75,9,89,0,5,84,40,129,392,82,474,603
11/02/2022,CNW,TX,ASW,CE,Federal Contract Tower,0,0,8,18,26,0,0,33,1,34,0,0,41,19,60,122,20,142,202
11/03/2022,CNW,TX,ASW,CE,Federal Contract Tower,0,0,21,12,33,0,2,6,4,12,0,2,27,16,45,56,28,84,129
11/04/2022,CNW,TX,ASW,CE,Federal Contract Tower,0,0,0,1,1,0,2,0,0,2,0,2,0,1,3,0,0,0,3
11/05/2022,CNW,TX,ASW,CE,Federal Contract Tower,0,0,7,1,8,0,2,30,2,34,0,2,37,3,42,110,0,110,152
11/06/2022,CNW,TX,ASW,CE,Federal Contract Tower,0,0,14,10,24,0,2,18,4,24,0,2,32,14,48,86,0,86,134
11/07/2022,CNW,TX,ASW,CE,Federal Contract Tower,0,0,0,4,4,0,2,6,1,9,0,2,6,5,13,22,6,28,41
11/08/2022,CNW,TX,ASW,CE,Federal Contract Tower,0,0,9,1,10,0,4,29,1,34,0,4,38,2,44,228,40,268,312
11/09/2022,CNW,TX,ASW,CE,Federal Contract Tower,0,0,13,20,33,0,0,36,2,38,0,0,49,22,71,148,42,190,261
11/10/2022,CNW,TX,ASW,CE,Federal Contract Tower,0,2,9,2,13,0,0,22,4,26,0,2,31,6,39,106,16,122,161
11/11/2022,CNW,TX,ASW,CE,Federal Contract Tower,0,0,0,0,0,0,0,0,0,0,0,0,0,0,0,0,0,0,0
11/12/2022,CNW,TX,ASW,CE,Federal Contract Tower,0,0,7,1,8,0,0,18,2,20,0,0,25,3,28,14,2,16,44
11/13/2022,CNW,TX,ASW,CE,Federal Contract Tower,0,0,11,3,14,0,0,26,2,28,0,0,37,5,42,14,0,14,56
11/14/2022,CNW,TX,ASW,CE,Federal Contract Tower,0,0,2,1,3,0,0,4,0,4,0,0,6,1,7,20,0,20,27
11/15/2022,CNW,TX,ASW,CE,Federal Contract Tower,0,0,1,4,5,0,3,37,0,40,0,3,38,4,45,242,10,252,297
11/16/2022,CNW,TX,ASW,CE,Federal Contract Tower,0,0,7,10,17,0,1,66,3,70,0,1,73,13,87,120,48,168,255
11/17/2022,CNW,TX,ASW,CE,Federal Contract Tower,0,0,11,4,15,0,0,67,1,68,0,0,78,5,83,198,32,230,313
11/18/2022,CNW,TX,ASW,CE,Federal Contract Tower,0,0,11,9,20,0,1,58,0,59,0,1,69,9,79,222,0,222,301
11/19/2022,CNW,TX,ASW,CE,Federal Contract Tower,0,0,2,0,2,0,0,9,0,9,0,0,11,0,11,56,0,56,67
11/20/2022,CNW,TX,ASW,CE,Federal Contract Tower,0,0,0,0,0,0,0,5,0,5,0,0,5,0,5,8,0,8,13
11/21/2022,CNW,TX,ASW,CE,Federal Contract Tower,0,0,9,20,29,0,0,15,2,17,0,0,24,22,46,124,38,162,208
11/22/2022,CNW,TX,ASW,CE,Federal Contract Tower,0,0,7,15,22,0,2,44,2,48,0,2,51,17,70,160,10,170,240
11/23/2022,CNW,TX,ASW,CE,Federal Contract Tower,0,0,9,8,17,0,2,8,0,10,0,2,17,8,27,26,58,84,111
11/24/2022,CNW,TX,ASW,CE,Federal Contract Tower,0,0,0,0,0,0,0,0,0,0,0,0,0,0,0,0,0,0,0
11/25/2022,CNW,TX,ASW,CE,Federal Contract Tower,0,0,2,0,2,0,0,0,0,0,0,0,2,0,2,0,0,0,2
11/26/2022,CNW,TX,ASW,CE,Federal Contract Tower,0,0,2,0,2,0,0,3,0,3,0,0,5,0,5,28,0,28,33
11/27/2022,CNW,TX,ASW,CE,Federal Contract Tower,0,0,10,0,10,0,4,16,0,20,0,4,26,0,30,26,0,26,56
11/28/2022,CNW,TX,ASW,CE,Federal Contract Tower,0,0,7,26,33,0,2,72,2,76,0,2,79,28,109,238,42,280,389
11/29/2022,CNW,TX,ASW,CE,Federal Contract Tower,0,0,5,20,25,0,2,38,1,41,0,2,43,21,66,169,76,245,311
11/30/2022,CNW,TX,ASW,CE,Federal Contract Tower,0,0,10,11,21,0,2,70,2,74,0,2,80,13,95,190,26,216,311
12/01/2022,CNW,TX,ASW,CE,Federal Contract Tower,0,0,20,20,40,0,0,50,2,52,0,0,70,22,92,156,46,202,294
12/02/2022,CNW,TX,ASW,CE,Federal Contract Tower,0,0,7,2,9,0,0,2,0,2,0,0,9,2,11,16,0,16,27
12/03/2022,CNW,TX,ASW,CE,Federal Contract Tower,0,0,6,0,6,0,2,9,0,11,0,2,15,0,17,54,0,54,71
12/04/2022,CNW,TX,ASW,CE,Federal Contract Tower,0,0,2,5,7,0,0,7,0,7,0,0,9,5,14,4,0,4,18
12/05/2022,CNW,TX,ASW,CE,Federal Contract Tower,0,0,3,11,14,0,2,24,4,30,0,2,27,15,44,70,88,158,202
12/06/2022,CNW,TX,ASW,CE,Federal Contract Tower,0,2,15,13,30,0,0,38,0,38,0,2,53,13,68,228,44,272,340
12/07/2022,CNW,TX,ASW,CE,Federal Contract Tower,0,0,5,17,22,0,4,31,1,36,0,4,36,18,58,76,18,94,152
12/08/2022,CNW,TX,ASW,CE,Federal Contract Tower,0,0,15,20,35,0,0,19,0,19,0,0,34,20,54,70,24,94,148
12/09/2022,CNW,TX,ASW,CE,Federal Contract Tower,0,0,5,48,53,0,1,16,0,17,0,1,21,48,70,44,28,72,142
12/10/2022,CNW,TX,ASW,CE,Federal Contract Tower,0,0,0,0,0,0,0,2,0,2,0,0,2,0,2,0,0,0,2
12/11/2022,CNW,TX,ASW,CE,Federal Contract Tower,0,0,6,0,6,0,1,5,0,6,0,1,11,0,12,6,0,6,18
12/12/2022,CNW,TX,ASW,CE,Federal Contract Tower,0,0,7,6,13,0,0,0,0,0,0,0,7,6,13,0,0,0,13
12/13/2022,CNW,TX,ASW,CE,Federal Contract Tower,0,0,5,7,12,0,2,15,0,17,0,2,20,7,29,28,8,36,65
12/14/2022,CNW,TX,ASW,CE,Federal Contract Tower,0,2,5,5,12,0,2,22,3,27,0,4,27,8,39,38,26,64,103
12/15/2022,CNW,TX,ASW,CE,Federal Contract Tower,0,0,6,5,11,0,2,54,2,58,0,2,60,7,69,78,6,84,153
12/16/2022,CNW,TX,ASW,CE,Federal Contract Tower,0,0,4,1,5,0,0,3,0,3,0,0,7,1,8,14,0,14,22
12/17/2022,CNW,TX,ASW,CE,Federal Contract Tower,0,0,2,0,2,0,5,6,0,11,0,5,8,0,13,0,0,0,13
12/18/2022,CNW,TX,ASW,CE,Federal Contract Tower,0,0,3,1,4,0,0,9,0,9,0,0,12,1,13,0,0,0,13
12/19/2022,CNW,TX,ASW,CE,Federal Contract Tower,0,0,0,0,0,0,0,0,0,0,0,0,0,0,0,0,0,0,0
12/20/2022,CNW,TX,ASW,CE,Federal Contract Tower,0,0,3,8,11,0,0,1,1,2,0,0,4,9,13,0,0,0,13
12/21/2022,CNW,TX,ASW,CE,Federal Contract Tower,0,0,0,37,37,0,0,4,2,6,0,0,4,39,43,0,98,98,141
12/22/2022,CNW,TX,ASW,CE,Federal Contract Tower,0,0,0,2,2,0,0,0,0,0,0,0,0,2,2,0,0,0,2
12/23/2022,CNW,TX,ASW,CE,Federal Contract Tower,0,0,2,0,2,0,2,2,0,4,0,2,4,0,6,0,4,4,10
12/24/2022,CNW,TX,ASW,CE,Federal Contract Tower,0,0,1,0,1,0,0,4,0,4,0,0,5,0,5,4,0,4,9
12/25/2022,CNW,TX,ASW,CE,Federal Contract Tower,0,0,0,0,0,0,0,2,0,2,0,0,2,0,2,0,0,0,2
12/26/2022,CNW,TX,ASW,CE,Federal Contract Tower,0,0,0,0,0,0,0,6,0,6,0,0,6,0,6,6,0,6,12
12/27/2022,CNW,TX,ASW,CE,Federal Contract Tower,0,0,0,2,2,0,4,6,0,10,0,4,6,2,12,0,0,0,12
12/28/2022,CNW,TX,ASW,CE,Federal Contract Tower,0,0,2,0,2,0,0,8,0,8,0,0,10,0,10,0,0,0,10
12/29/2022,CNW,TX,ASW,CE,Federal Contract Tower,0,0,2,0,2,0,0,15,0,15,0,0,17,0,17,30,0,30,47
12/30/2022,CNW,TX,ASW,CE,Federal Contract Tower,0,0,4,0,4,0,3,11,0,14,0,3,15,0,18,22,0,22,40
12/31/2022,CNW,TX,ASW,CE,Federal Contract Tower,0,0,0,0,0,0,3,2,0,5,0,3,2,0,5,0,0,0,5
01/01/2023,CNW,TX,ASW,CE,Federal Contract Tower,0,0,0,0,0,0,0,0,0,0,0,0,0,0,0,0,0,0,0
01/02/2023,CNW,TX,ASW,CE,Federal Contract Tower,0,0,0,0,0,0,2,2,0,4,0,2,2,0,4,0,0,0,4
01/03/2023,CNW,TX,ASW,CE,Federal Contract Tower,0,0,0,1,1,0,4,18,0,22,0,4,18,1,23,44,0,44,67
01/04/2023,CNW,TX,ASW,CE,Federal Contract Tower,0,0,5,5,10,0,5,23,0,28,0,5,28,5,38,44,0,44,82
01/05/2023,CNW,TX,ASW,CE,Federal Contract Tower,0,0,6,8,14,0,5,41,1,47,0,5,47,9,61,132,24,156,217
01/06/2023,CNW,TX,ASW,CE,Federal Contract Tower,0,0,10,33,43,0,4,4,0,8,0,4,14,33,51,10,34,44,95
01/07/2023,CNW,TX,ASW,CE,Federal Contract Tower,0,0,6,2,8,0,2,1,0,3,0,2,7,2,11,8,0,8,19
01/08/2023,CNW,TX,ASW,CE,Federal Contract Tower,0,0,6,0,6,0,0,17,0,17,0,0,23,0,23,70,0,70,93
01/09/2023,CNW,TX,ASW,CE,Federal Contract Tower,0,0,6,18,24,0,4,52,1,57,0,4,58,19,81,176,66,242,323
01/10/2023,CNW,TX,ASW,CE,Federal Contract Tower,0,0,6,18,24,0,0,38,13,51,0,0,44,31,75,112,64,176,251
01/11/2023,CNW,TX,ASW,CE,Federal Contract Tower,0,0,6,45,51,0,1,54,0,55,0,1,60,45,106,68,30,98,204
01/12/2023,CNW,TX,ASW,CE,Federal Contract Tower,0,0,1,14,15,0,4,14,1,19,0,4,15,15,34,22,8,30,64
01/13/2023,CNW,TX,ASW,CE,Federal Contract Tower,0,0,8,5,13,0,2,64,2,68,0,2,72,7,81,178,18,196,277
01/14/2023,CNW,TX,ASW,CE,Federal Contract Tower,0,0,6,0,6,0,5,24,0,29,0,5,30,0,35,46,0,46,81
01/15/2023,CNW,TX,ASW,CE,Federal Contract Tower,0,0,2,0,2,0,0,4,0,4,0,0,6,0,6,0,0,0,6
01/16/2023,CNW,TX,ASW,CE,Federal Contract Tower,0,0,9,0,9,0,0,52,0,52,0,0,61,0,61,174,0,174,235
01/17/2023,CNW,TX,ASW,CE,Federal Contract Tower,0,0,4,10,14,0,0,49,2,51,0,0,53,12,65,232,30,262,327
01/18/2023,CNW,TX,ASW,CE,Federal Contract Tower,0,0,1,19,20,0,2,6,7,15,0,2,7,26,35,0,156,156,191
01/19/2023,CNW,TX,ASW,CE,Federal Contract Tower,0,0,4,8,12,0,1,81,4,86,0,1,85,12,98,194,40,234,332
01/20/2023,CNW,TX,ASW,CE,Federal Contract Tower,0,0,4,24,28,0,1,61,2,64,0,1,65,26,92,164,66,230,322
01/21/2023,CNW,TX,ASW,CE,Federal Contract Tower,0,0,5,2,7,0,1,8,0,9,0,1,13,2,16,8,0,8,24
01/22/2023,CNW,TX,ASW,CE,Federal Contract Tower,0,0,2,0,2,0,4,18,0,22,0,4,20,0,24,46,0,46,70
01/23/2023,CNW,TX,ASW,CE,Federal Contract Tower,0,0,4,6,10,0,2,81,1,84,0,2,85,7,94,172,42,214,308
01/24/2023,CNW,TX,ASW,CE,Federal Contract Tower,0,0,0,0,0,0,0,0,0,0,0,0,0,0,0,0,0,0,0
01/25/2023,CNW,TX,ASW,CE,Federal Contract Tower,0,0,5,3,8,0,0,46,0,46,0,0,51,3,54,158,16,174,228
01/26/2023,CNW,TX,ASW,CE,Federal Contract Tower,0,0,2,12,14,0,0,77,2,79,0,0,79,14,93,212,8,220,313
01/27/2023,CNW,TX,ASW,CE,Federal Contract Tower,0,0,20,28,48,0,2,52,7,61,0,2,72,35,109,62,98,160,269
01/28/2023,CNW,TX,ASW,CE,Federal Contract Tower,0,0,4,0,4,0,0,0,0,0,0,0,4,0,4,0,0,0,4
01/29/2023,CNW,TX,ASW,CE,Federal Contract Tower,0,0,0,1,1,0,0,0,0,0,0,0,0,1,1,0,0,0,1
01/30/2023,CNW,TX,ASW,CE,Federal Contract Tower,0,0,0,1,1,0,0,0,0,0,0,0,0,1,1,0,0,0,1
01/31/2023,CNW,TX,ASW,CE,Federal Contract Tower,0,0,0,0,0,0,0,0,0,0,0,0,0,0,0,0,0,0,0
02/01/2023,CNW,TX,ASW,CE,Federal Contract Tower,0,0,0,0,0,0,0,0,0,0,0,0,0,0,0,0,0,0,0
02/02/2023,CNW,TX,ASW,CE,Federal Contract Tower,0,0,0,0,0,0,0,0,0,0,0,0,0,0,0,0,0,0,0
02/03/2023,CNW,TX,ASW,CE,Federal Contract Tower,0,0,3,9,12,0,0,33,5,38,0,0,36,14,50,152,38,190,240
02/04/2023,CNW,TX,ASW,CE,Federal Contract Tower,0,0,7,0,7,0,2,16,0,18,0,2,23,0,25,24,0,24,49
02/05/2023,CNW,TX,ASW,CE,Federal Contract Tower,0,0,6,1,7,0,0,37,3,40,0,0,43,4,47,118,20,138,185
02/06/2023,CNW,TX,ASW,CE,Federal Contract Tower,0,0,7,2,9,0,0,10,0,10,0,0,17,2,19,32,22,54,73
02/07/2023,CNW,TX,ASW,CE,Federal Contract Tower,0,0,0,0,0,0,0,0,0,0,0,0,0,0,0,0,0,0,0
02/08/2023,CNW,TX,ASW,CE,Federal Contract Tower,0,0,0,7,7,0,2,2,0,4,0,2,2,7,11,20,0,20,31
02/09/2023,CNW,TX,ASW,CE,Federal Contract Tower,0,0,4,0,4,0,2,42,0,44,0,2,46,0,48,70,0,70,118
02/10/2023,CNW,TX,ASW,CE,Federal Contract Tower,0,0,2,5,7,0,1,18,1,20,0,1,20,6,27,68,0,68,95
02/11/2023,CNW,TX,ASW,CE,Federal Contract Tower,0,0,3,0,3,0,0,42,0,42,0,0,45,0,45,142,0,142,187
02/12/2023,CNW,TX,ASW,CE,Federal Contract Tower,0,0,8,1,9,0,4,15,1,20,0,4,23,2,29,64,18,82,111
02/13/2023,CNW,TX,ASW,CE,Federal Contract Tower,0,0,7,12,19,0,1,59,3,63,0,1,66,15,82,136,16,152,234
02/14/2023,CNW,TX,ASW,CE,Federal Contract Tower,0,0,0,12,12,0,3,2,1,6,0,3,2,13,18,0,2,2,20
02/15/2023,CNW,TX,ASW,CE,Federal Contract Tower,0,0,6,7,13,0,2,14,1,17,0,2,20,8,30,26,0,26,56
02/16/2023,CNW,TX,ASW,CE,Federal Contract Tower,0,0,7,10,17,0,0,19,1,20,0,0,26,11,37,0,0,0,37
02/17/2023,CNW,TX,ASW,CE,Federal Contract Tower,0,1,6,2,9,0,2,67,0,69,0,3,73,2,78,298,0,298,376
02/18/2023,CNW,TX,ASW,CE,Federal Contract Tower,0,0,6,0,6,0,3,20,0,23,0,3,26,0,29,102,0,102,131
02/19/2023,CNW,TX,ASW,CE,Federal Contract Tower,0,0,5,0,5,0,0,17,0,17,0,0,22,0,22,4,0,4,26
02/20/2023,CNW,TX,ASW,CE,Federal Contract Tower,0,0,8,0,8,0,2,29,0,31,0,2,37,0,39,30,0,30,69
02/22/2023,CNW,TX,ASW,CE,Federal Contract Tower,0,0,5,2,7,0,1,37,7,45,0,1,42,9,52,112,8,120,172
02/23/2023,CNW,TX,ASW,CE,Federal Contract Tower,0,0,5,6,11,0,2,30,2,34,0,2,35,8,45,108,10,118,163
02/24/2023,CNW,TX,ASW,CE,Federal Contract Tower,0,0,12,0,12,0,0,0,0,0,0,0,12,0,12,0,0,0,12
02/25/2023,CNW,TX,ASW,CE,Federal Contract Tower,0,0,1,0,1,0,0,0,0,0,0,0,1,0,1,0,0,0,1
02/26/2023,CNW,TX,ASW,CE,Federal Contract Tower,0,0,2,0,2,0,2,2,1,5,0,2,4,1,7,0,0,0,7
02/27/2023,CNW,TX,ASW,CE,Federal Contract Tower,0,0,4,29,33,0,0,54,26,80,0,0,58,55,113,182,54,236,349
02/28/2023,CNW,TX,ASW,CE,Federal Contract Tower,0,0,7,15,22,0,4,68,5,77,0,4,75,20,99,282,30,312,411
03/01/2023,CNW,TX,ASW,CE,Federal Contract Tower,0,0,6,0,6,0,1,16,2,19,0,1,22,2,25,76,0,76,101
03/02/2023,CNW,TX,ASW,CE,Federal Contract Tower,0,0,2,0,2,0,0,0,0,0,0,0,2,0,2,0,0,0,2
03/03/2023,CNW,TX,ASW,CE,Federal Contract Tower,0,0,1,2,3,0,0,18,0,18,0,0,19,2,21,0,10,10,31
03/04/2023,CNW,TX,ASW,CE,Federal Contract Tower,0,0,4,6,10,0,3,36,1,40,0,3,40,7,50,72,0,72,122
03/05/2023,CNW,TX,ASW,CE,Federal Contract Tower,0,0,2,11,13,0,0,1,1,2,0,0,3,12,15,20,62,82,97
03/06/2023,CNW,TX,ASW,CE,Federal Contract Tower,0,0,11,18,29,0,0,18,0,18,0,0,29,18,47,72,6,78,125
03/07/2023,CNW,TX,ASW,CE,Federal Contract Tower,0,0,10,1,11,0,2,5,0,7,0,2,15,1,18,26,0,26,44
03/08/2023,CNW,TX,ASW,CE,Federal Contract Tower,0,0,8,4,12,0,0,15,0,15,0,0,23,4,27,106,0,106,133
03/10/2023,CNW,TX,ASW,CE,Federal Contract Tower,0,2,11,35,48,0,2,23,3,28,0,4,34,38,76,106,88,194,270
03/11/2023,CNW,TX,ASW,CE,Federal Contract Tower,0,0,4,32,36,0,4,8,3,15,0,4,12,35,51,42,26,68,119
03/12/2023,CNW,TX,ASW,CE,Federal Contract Tower,0,0,5,11,16,0,1,8,1,10,0,1,13,12,26,0,20,20,46
03/13/2023,CNW,TX,ASW,CE,Federal Contract Tower,0,0,5,9,14,0,2,43,0,45,0,2,48,9,59,162,50,212,271
03/14/2023,CNW,TX,ASW,CE,Federal Contract Tower,0,0,6,12,18,0,0,32,7,39,0,0,38,19,57,164,50,214,271
03/15/2023,CNW,TX,ASW,CE,Federal Contract Tower,0,0,12,5,17,0,0,49,3,52,0,0,61,8,69,130,26,156,225
03/16/2023,CNW,TX,ASW,CE,Federal Contract Tower,0,0,0,4,4,0,0,0,0,0,0,0,0,4,4,0,0,0,4
03/17/2023,CNW,TX,ASW,CE,Federal Contract Tower,0,0,5,14,19,0,3,24,5,32,0,3,29,19,51,16,66,82,133
03/18/2023,CNW,TX,ASW,CE,Federal Contract Tower,0,0,5,0,5,0,2,19,0,21,0,2,24,0,26,26,0,26,52
03/19/2023,CNW,TX,ASW,CE,Federal Contract Tower,0,0,5,4,9,0,2,19,0,21,0,2,24,4,30,88,0,88,118
03/20/2023,CNW,TX,ASW,CE,Federal Contract Tower,0,0,11,8,19,0,0,51,4,55,0,0,62,12,74,204,36,240,314
03/21/2023,CNW,TX,ASW,CE,Federal Contract Tower,0,0,4,0,4,0,0,0,0,0,0,0,4,0,4,0,0,0,4
03/22/2023,CNW,TX,ASW,CE,Federal Contract Tower,0,0,22,3,25,0,0,17,2,19,0,0,39,5,44,48,0,48,92
03/23/2023,CNW,TX,ASW,CE,Federal Contract Tower,0,0,14,1,15,0,0,26,1,27,0,0,40,2,42,128,4,132,174
03/24/2023,CNW,TX,ASW,CE,Federal Contract Tower,0,0,10,0,10,0,0,4,0,4,0,0,14,0,14,0,0,0,14
03/25/2023,CNW,TX,ASW,CE,Federal Contract Tower,0,0,9,0,9,0,2,47,0,49,0,2,56,0,58,148,0,148,206
03/26/2023,CNW,TX,ASW,CE,Federal Contract Tower,0,0,13,0,13,0,0,31,0,31,0,0,44,0,44,264,0,264,308
03/27/2023,CNW,TX,ASW,CE,Federal Contract Tower,0,0,14,4,18,0,4,53,0,57,0,4,67,4,75,230,0,230,305
03/28/2023,CNW,TX,ASW,CE,Federal Contract Tower,0,2,10,18,30,0,0,28,2,30,0,2,38,20,60,86,58,144,204
03/29/2023,CNW,TX,ASW,CE,Federal Contract Tower,0,0,8,22,30,0,2,63,1,66,0,2,71,23,96,248,10,258,354
03/30/2023,CNW,TX,ASW,CE,Federal Contract Tower,0,0,4,0,4,0,0,2,0,2,0,0,6,0,6,0,0,0,6
03/31/2023,CNW,TX,ASW,CE,Federal Contract Tower,0,0,1,2,3,0,8,5,0,13,0,8,6,2,16,32,0,32,48
04/01/2023,CNW,TX,ASW,CE,Federal Contract Tower,0,2,10,0,12,0,2,32,0,34,0,4,42,0,46,94,0,94,140
04/02/2023,CNW,TX,ASW,CE,Federal Contract Tower,0,0,10,0,10,0,0,6,0,6,0,0,16,0,16,0,0,0,16
04/03/2023,CNW,TX,ASW,CE,Federal Contract Tower,0,0,27,4,31,0,4,23,11,38,0,4,50,15,69,94,12,106,175
04/04/2023,CNW,TX,ASW,CE,Federal Contract Tower,0,2,31,17,50,0,0,17,2,19,0,2,48,19,69,44,26,70,139
04/05/2023,CNW,TX,ASW,CE,Federal Contract Tower,0,0,12,10,22,0,2,49,2,53,0,2,61,12,75,48,48,96,171
04/06/2023,CNW,TX,ASW,CE,Federal Contract Tower,0,0,0,0,0,0,0,5,0,5,0,0,5,0,5,44,0,44,49
04/07/2023,CNW,TX,ASW,CE,Federal Contract Tower,0,0,3,1,4,0,0,1,0,1,0,0,4,1,5,20,0,20,25
04/08/2023,CNW,TX,ASW,CE,Federal Contract Tower,0,0,6,0,6,0,1,0,0,1,0,1,6,0,7,0,0,0,7
04/09/2023,CNW,TX,ASW,CE,Federal Contract Tower,0,0,8,0,8,0,2,6,0,8,0,2,14,0,16,0,0,0,16
04/10/2023,CNW,TX,ASW,CE,Federal Contract Tower,0,0,29,32,61,0,1,43,8,52,0,1,72,40,113,128,108,236,349
04/11/2023,CNW,TX,ASW,CE,Federal Contract Tower,0,0,15,11,26,0,1,44,2,47,0,1,59,13,73,118,10,128,201
04/12/2023,CNW,TX,ASW,CE,Federal Contract Tower,0,0,26,8,34,0,0,51,4,55,0,0,77,12,89,140,58,198,287
04/14/2023,CNW,TX,ASW,CE,Federal Contract Tower,0,0,21,3,24,0,0,13,4,17,0,0,34,7,41,66,46,112,153
04/15/2023,CNW,TX,ASW,CE,Federal Contract Tower,0,0,3,0,3,0,0,5,0,5,0,0,8,0,8,0,0,0,8
04/16/2023,CNW,TX,ASW,CE,Federal Contract Tower,0,0,12,0,12,0,0,27,0,27,0,0,39,0,39,70,0,70,109
04/17/2023,CNW,TX,ASW,CE,Federal Contract Tower,0,0,19,23,42,0,1,35,1,37,0,1,54,24,79,86,12,98,177
04/18/2023,CNW,TX,ASW,CE,Federal Contract Tower,0,0,15,16,31,0,2,24,2,28,0,2,39,18,59,109,66,175,234
04/19/2023,CNW,TX,ASW,CE,Federal Contract Tower,0,0,17,5,22,0,3,4,0,7,0,3,21,5,29,12,4,16,45
04/20/2023,CNW,TX,ASW,CE,Federal Contract Tower,0,0,2,0,2,0,0,0,0,0,0,0,2,0,2,0,0,0,2
04/21/2023,CNW,TX,ASW,CE,Federal Contract Tower,0,0,18,0,18,0,4,33,4,41,0,4,51,4,59,132,0,132,191
04/22/2023,CNW,TX,ASW,CE,Federal Contract Tower,0,0,10,2,12,0,0,29,2,31,0,0,39,4,43,96,12,108,151
04/23/2023,CNW,TX,ASW,CE,Federal Contract Tower,0,0,11,6,17,0,0,1,0,1,0,0,12,6,18,0,0,0,18
04/24/2023,CNW,TX,ASW,CE,Federal Contract Tower,0,0,27,11,38,0,2,35,3,40,0,2,62,14,78,134,38,172,250
04/26/2023,CNW,TX,ASW,CE,Federal Contract Tower,0,2,4,0,6,0,0,0,0,0,0,2,4,0,6,0,0,0,6
04/27/2023,CNW,TX,ASW,CE,Federal Contract Tower,0,0,19,12,31,0,4,19,2,25,0,4,38,14,56,40,0,40,96
04/28/2023,CNW,TX,ASW,CE,Federal Contract Tower,0,2,10,12,24,0,4,3,0,7,0,6,13,12,31,12,0,12,43
04/29/2023,CNW,TX,ASW,CE,Federal Contract Tower,0,0,2,0,2,0,4,1,1,6,0,4,3,1,8,0,0,0,8
04/30/2023,CNW,TX,ASW,CE,Federal Contract Tower,0,2,6,4,12,0,0,34,0,34,0,2,40,4,46,48,0,48,94
05/01/2023,CNW,TX,ASW,CE,Federal Contract Tower,0,0,9,2,11,0,0,43,2,45,0,0,52,4,56,56,4,60,116
05/02/2023,CNW,TX,ASW,CE,Federal Contract Tower,0,2,27,8,37,0,2,30,2,34,0,4,57,10,71,60,2,62,133
05/03/2023,CNW,TX,ASW,CE,Federal Contract Tower,0,0,8,12,20,0,4,46,3,53,0,4,54,15,73,134,58,192,265
05/04/2023,CNW,TX,ASW,CE,Federal Contract Tower,0,0,9,1,10,0,0,3,0,3,0,0,12,1,13,0,0,0,13
05/05/2023,CNW,TX,ASW,CE,Federal Contract Tower,0,0,13,5,18,0,2,13,0,15,0,2,26,5,33,26,16,42,75
05/06/2023,CNW,TX,ASW,CE,Federal Contract Tower,0,0,0,0,0,0,2,0,0,2,0,2,0,0,2,0,0,0,2
05/07/2023,CNW,TX,ASW,CE,Federal Contract Tower,0,0,0,0,0,0,2,2,6,10,0,2,2,6,10,0,0,0,10
05/08/2023,CNW,TX,ASW,CE,Federal Contract Tower,0,0,9,7,16,0,6,23,2,31,0,6,32,9,47,78,0,78,125
05/09/2023,CNW,TX,ASW,CE,Federal Contract Tower,0,0,6,8,14,0,2,21,0,23,0,2,27,8,37,128,10,138,175
05/10/2023,CNW,TX,ASW,CE,Federal Contract Tower,0,0,0,0,0,0,0,0,0,0,0,0,0,0,0,0,0,0,0
05/11/2023,CNW,TX,ASW,CE,Federal Contract Tower,0,0,20,1,21,0,0,28,1,29,0,0,48,2,50,102,0,102,152
05/12/2023,CNW,TX,ASW,CE,Federal Contract Tower,0,0,6,0,6,0,6,2,0,8,0,6,8,0,14,48,0,48,62
05/13/2023,CNW,TX,ASW,CE,Federal Contract Tower,0,0,0,0,0,0,0,4,0,4,0,0,4,0,4,10,0,10,14
05/14/2023,CNW,TX,ASW,CE,Federal Contract Tower,0,0,2,0,2,0,0,0,0,0,0,0,2,0,2,0,0,0,2
05/15/2023,CNW,TX,ASW,CE,Federal Contract Tower,0,0,2,0,2,0,0,23,3,26,0,0,25,3,28,78,14,92,120
05/16/2023,CNW,TX,ASW,CE,Federal Contract Tower,0,0,10,0,10,0,3,21,2,26,0,3,31,2,36,66,38,104,140
05/17/2023,CNW,TX,ASW,CE,Federal Contract Tower,0,0,9,4,13,0,0,59,2,61,0,0,68,6,74,136,6,142,216
05/18/2023,CNW,TX,ASW,CE,Federal Contract Tower,0,0,11,17,28,0,1,53,2,56,0,1,64,19,84,120,32,152,236
05/19/2023,CNW,TX,ASW,CE,Federal Contract Tower,0,1,8,15,24,0,4,50,4,58,0,5,58,19,82,62,14,76,158
05/20/2023,CNW,TX,ASW,CE,Federal Contract Tower,0,1,3,5,9,0,0,7,1,8,0,1,10,6,17,102,10,112,129
05/21/2023,CNW,TX,ASW,CE,Federal Contract Tower,0,0,7,1,8,0,2,6,0,8,0,2,13,1,16,12,0,12,28
05/22/2023,CNW,TX,ASW,CE,Federal Contract Tower,0,0,17,28,45,0,3,43,5,51,0,3,60,33,96,134,98,232,328
05/23/2023,CNW,TX,ASW,CE,Federal Contract Tower,0,0,13,3,16,0,1,42,2,45,0,1,55,5,61,164,26,190,251
05/24/2023,CNW,TX,ASW,CE,Federal Contract Tower,0,0,7,1,8,0,0,52,0,52,0,0,59,1,60,118,4,122,182
05/25/2023,CNW,TX,ASW,CE,Federal Contract Tower,0,0,8,1,9,0,0,64,0,64,0,0,72,1,73,106,6,112,185
05/26/2023,CNW,TX,ASW,CE,Federal Contract Tower,0,0,15,0,15,0,2,34,1,37,0,2,49,1,52,78,0,78,130
05/27/2023,CNW,TX,ASW,CE,Federal Contract Tower,0,0,7,0,7,0,0,13,0,13,0,0,20,0,20,24,0,24,44
05/28/2023,CNW,TX,ASW,CE,Federal Contract Tower,0,0,6,0,6,0,2,6,0,8,0,2,12,0,14,2,0,2,16
05/29/2023,CNW,TX,ASW,CE,Federal Contract Tower,0,0,5,0,5,0,4,13,0,17,0,4,18,0,22,32,0,32,54
05/30/2023,CNW,TX,ASW,CE,Federal Contract Tower,0,0,4,13,17,0,6,35,1,42,0,6,39,14,59,150,36,186,245
05/31/2023,CNW,TX,ASW,CE,Federal Contract Tower,0,0,14,4,18,0,1,45,0,46,0,1,59,4,64,136,14,150,214
06/01/2023,CNW,TX,ASW,CE,Federal Contract Tower,0,0,11,41,52,0,0,42,4,46,0,0,53,45,98,145,48,193,291
06/02/2023,CNW,TX,ASW,CE,Federal Contract Tower,0,0,3,5,8,0,2,44,0,46,0,2,47,5,54,88,6,94,148
06/03/2023,CNW,TX,ASW,CE,Federal Contract Tower,0,0,3,3,6,0,0,6,1,7,0,0,9,4,13,18,2,20,33
06/04/2023,CNW,TX,ASW,CE,Federal Contract Tower,0,0,4,2,6,0,0,3,0,3,0,0,7,2,9,24,12,36,45
06/05/2023,CNW,TX,ASW,CE,Federal Contract Tower,0,0,6,2,8,0,2,35,0,37,0,2,41,2,45,180,0,180,225
06/06/2023,CNW,TX,ASW,CE,Federal Contract Tower,0,0,6,2,8,0,0,38,1,39,0,0,44,3,47,100,4,104,151
06/07/2023,CNW,TX,ASW,CE,Federal Contract Tower,0,0,16,3,19,0,0,35,0,35,0,0,51,3,54,96,10,106,160
06/08/2023,CNW,TX,ASW,CE,Federal Contract Tower,0,0,11,11,22,0,0,25,0,25,0,0,36,11,47,78,10,88,135
06/09/2023,CNW,TX,ASW,CE,Federal Contract Tower,0,0,20,4,24,0,4,51,2,57,0,4,71,6,81,134,0,134,215
06/10/2023,CNW,TX,ASW,CE,Federal Contract Tower,0,0,4,2,6,0,0,18,0,18,0,0,22,2,24,66,0,66,90
06/11/2023,CNW,TX,ASW,CE,Federal Contract Tower,0,0,1,0,1,0,0,7,0,7,0,0,8,0,8,26,0,26,34
06/12/2023,CNW,TX,ASW,CE,Federal Contract Tower,0,0,14,2,16,0,0,19,0,19,0,0,33,2,35,54,0,54,89
06/13/2023,CNW,TX,ASW,CE,Federal Contract Tower,0,0,26,4,30,0,2,12,1,15,0,2,38,5,45,142,38,180,225
06/14/2023,CNW,TX,ASW,CE,Federal Contract Tower,0,0,5,2,7,0,1,34,0,35,0,1,39,2,42,78,0,78,120
06/15/2023,CNW,TX,ASW,CE,Federal Contract Tower,0,0,9,10,19,0,1,21,1,23,0,1,30,11,42,74,10,84,126
06/16/2023,CNW,TX,ASW,CE,Federal Contract Tower,0,0,5,3,8,0,6,11,0,17,0,6,16,3,25,88,10,98,123
06/17/2023,CNW,TX,ASW,CE,Federal Contract Tower,0,0,3,2,5,0,4,3,0,7,0,4,6,2,12,0,2,2,14
06/18/2023,CNW,TX,ASW,CE,Federal Contract Tower,0,0,2,0,2,0,6,7,0,13,0,6,9,0,15,4,0,4,19
06/19/2023,CNW,TX,ASW,CE,Federal Contract Tower,0,0,12,0,12,0,0,25,0,25,0,0,37,0,37,58,0,58,95
06/20/2023,CNW,TX,ASW,CE,Federal Contract Tower,0,0,17,2,19,0,0,40,0,40,0,0,57,2,59,126,20,146,205
06/21/2023,CNW,TX,ASW,CE,Federal Contract Tower,0,0,13,5,18,0,0,12,2,14,0,0,25,7,32,42,0,42,74
06/22/2023,CNW,TX,ASW,CE,Federal Contract Tower,0,0,11,8,19,0,1,39,5,45,0,1,50,13,64,190,24,214,278
06/23/2023,CNW,TX,ASW,CE,Federal Contract Tower,0,0,6,38,44,0,0,19,0,19,0,0,25,38,63,50,52,102,165
06/24/2023,CNW,TX,ASW,CE,Federal Contract Tower,0,0,0,1,1,0,0,13,1,14,0,0,13,2,15,6,14,20,35
06/25/2023,CNW,TX,ASW,CE,Federal Contract Tower,0,0,7,6,13,0,3,12,0,15,0,3,19,6,28,18,6,24,52
06/26/2023,CNW,TX,ASW,CE,Federal Contract Tower,0,0,12,2,14,0,0,40,0,40,0,0,52,2,54,88,0,88,142
06/27/2023,CNW,TX,ASW,CE,Federal Contract Tower,0,0,19,5,24,0,0,31,2,33,0,0,50,7,57,46,32,78,135
06/28/2023,CNW,TX,ASW,CE,Federal Contract Tower,0,0,14,4,18,0,1,35,2,38,0,1,49,6,56,88,20,108,164
06/29/2023,CNW,TX,ASW,CE,Federal Contract Tower,0,0,11,3,14,0,0,49,0,49,0,0,60,3,63,116,40,156,219
06/30/2023,CNW,TX,ASW,CE,Federal Contract Tower,0,0,7,6,13,0,0,20,2,22,0,0,27,8,35,30,6,36,71
07/01/2023,CNW,TX,ASW,CE,Federal Contract Tower,0,0,6,0,6,0,3,9,0,12,0,3,15,0,18,44,0,44,62
07/02/2023,CNW,TX,ASW,CE,Federal Contract Tower,0,0,3,0,3,0,1,9,0,10,0,1,12,0,13,4,0,4,17
07/03/2023,CNW,TX,ASW,CE,Federal Contract Tower,0,0,5,0,5,0,0,19,0,19,0,0,24,0,24,30,0,30,54
07/04/2023,CNW,TX,ASW,CE,Federal Contract Tower,0,0,0,0,0,0,0,7,0,7,0,0,7,0,7,0,0,0,7
07/05/2023,CNW,TX,ASW,CE,Federal Contract Tower,0,0,9,9,18,0,2,26,1,29,0,2,35,10,47,58,32,90,137
07/06/2023,CNW,TX,ASW,CE,Federal Contract Tower,0,0,12,24,36,0,0,30,0,30,0,0,42,24,66,34,56,90,156
07/07/2023,CNW,TX,ASW,CE,Federal Contract Tower,0,0,17,9,26,0,0,39,0,39,0,0,56,9,65,102,18,120,185
07/08/2023,CNW,TX,ASW,CE,Federal Contract Tower,0,0,6,4,10,0,0,13,0,13,0,0,19,4,23,66,0,66,89
07/09/2023,CNW,TX,ASW,CE,Federal Contract Tower,0,2,8,0,10,0,6,7,0,13,0,8,15,0,23,6,0,6,29
07/10/2023,CNW,TX,ASW,CE,Federal Contract Tower,0,0,22,6,28,0,2,26,1,29,0,2,48,7,57,44,26,70,127
07/11/2023,CNW,TX,ASW,CE,Federal Contract Tower,0,0,20,5,25,0,2,34,3,39,0,2,54,8,64,84,14,98,162
07/12/2023,CNW,TX,ASW,CE,Federal Contract Tower,0,0,14,2,16,0,4,42,10,56,0,4,56,12,72,104,14,118,190
07/13/2023,CNW,TX,ASW,CE,Federal Contract Tower,0,0,12,11,23,0,1,36,6,43,0,1,48,17,66,66,40,106,172
07/14/2023,CNW,TX,ASW,CE,Federal Contract Tower,0,0,5,7,12,0,2,30,2,34,0,2,35,9,46,104,46,150,196
07/15/2023,CNW,TX,ASW,CE,Federal Contract Tower,0,0,0,1,1,0,1,8,0,9,0,1,8,1,10,36,0,36,46
07/16/2023,CNW,TX,ASW,CE,Federal Contract Tower,0,0,1,0,1,0,5,7,2,14,0,5,8,2,15,24,0,24,39
07/17/2023,CNW,TX,ASW,CE,Federal Contract Tower,0,0,4,5,9,0,4,28,4,36,0,4,32,9,45,82,26,108,153
07/18/2023,CNW,TX,ASW,CE,Federal Contract Tower,0,0,9,0,9,0,3,49,2,54,0,3,58,2,63,138,0,138,201
07/19/2023,CNW,TX,ASW,CE,Federal Contract Tower,0,0,12,11,23,0,2,40,5,47,0,2,52,16,70,104,32,136,206
07/20/2023,CNW,TX,ASW,CE,Federal Contract Tower,0,0,13,8,21,0,0,36,4,40,0,0,49,12,61,172,24,196,257
07/21/2023,CNW,TX,ASW,CE,Federal Contract Tower,0,0,12,12,24,0,2,27,3,32,0,2,39,15,56,66,14,80,136
07/22/2023,CNW,TX,ASW,CE,Federal Contract Tower,0,0,4,2,6,0,4,4,0,8,0,4,8,2,14,6,10,16,30
07/23/2023,CNW,TX,ASW,CE,Federal Contract Tower,0,0,2,8,10,0,2,2,4,8,0,2,4,12,18,2,16,18,36
07/24/2023,CNW,TX,ASW,CE,Federal Contract Tower,0,0,10,0,10,0,2,32,2,36,0,2,42,2,46,122,0,122,168
07/25/2023,CNW,TX,ASW,CE,Federal Contract Tower,0,0,17,6,23,0,3,33,2,38,0,3,50,8,61,24,6,30,91
07/26/2023,CNW,TX,ASW,CE,Federal Contract Tower,0,0,7,0,7,0,0,37,0,37,0,0,44,0,44,60,0,60,104
07/27/2023,CNW,TX,ASW,CE,Federal Contract Tower,0,0,10,6,16,0,1,30,0,31,0,1,40,6,47,78,0,78,125
07/28/2023,CNW,TX,ASW,CE,Federal Contract Tower,0,0,7,6,13,0,4,36,0,40,0,4,43,6,53,76,34,110,163
07/29/2023,CNW,TX,ASW,CE,Federal Contract Tower,0,0,2,8,10,0,0,11,0,11,0,0,13,8,21,22,0,22,43
07/30/2023,CNW,TX,ASW,CE,Federal Contract Tower,0,0,6,2,8,0,4,12,0,16,0,4,18,2,24,22,0,22,46
07/31/2023,CNW,TX,ASW,CE,Federal Contract Tower,0,0,5,9,14,0,3,26,2,31,0,3,31,11,45,14,28,42,87
08/01/2023,CNW,TX,ASW,CE,Federal Contract Tower,0,0,12,2,14,0,0,50,1,51,0,0,62,3,65,108,34,142,207
08/02/2023,CNW,TX,ASW,CE,Federal Contract Tower,0,1,9,11,21,0,4,37,0,41,0,5,46,11,62,59,56,115,177
08/03/2023,CNW,TX,ASW,CE,Federal Contract Tower,0,1,4,10,15,0,2,25,2,29,0,3,29,12,44,110,38,148,192
08/04/2023,CNW,TX,ASW,CE,Federal Contract Tower,0,0,10,15,25,0,0,21,0,21,0,0,31,15,46,26,28,54,100
08/05/2023,CNW,TX,ASW,CE,Federal Contract Tower,0,0,0,1,1,0,0,10,0,10,0,0,10,1,11,18,0,18,29
08/06/2023,CNW,TX,ASW,CE,Federal Contract Tower,0,0,1,0,1,0,2,10,2,14,0,2,11,2,15,14,0,14,29
08/07/2023,CNW,TX,ASW,CE,Federal Contract Tower,0,0,6,11,17,0,0,30,0,30,0,0,36,11,47,8,22,30,77
08/08/2023,CNW,TX,ASW,CE,Federal Contract Tower,0,0,8,7,15,0,2,22,2,26,0,2,30,9,41,32,12,44,85
08/09/2023,CNW,TX,ASW,CE,Federal Contract Tower,0,0,9,1,10,0,1,17,2,20,0,1,26,3,30,12,8,20,50
08/10/2023,CNW,TX,ASW,CE,Federal Contract Tower,0,0,8,8,16,0,2,22,0,24,0,2,30,8,40,86,30,116,156
08/11/2023,CNW,TX,ASW,CE,Federal Contract Tower,0,0,11,6,17,0,2,39,2,43,0,2,50,8,60,38,8,46,106
08/12/2023,CNW,TX,ASW,CE,Federal Contract Tower,0,0,10,7,17,0,2,16,1,19,0,2,26,8,36,88,0,88,124
08/13/2023,CNW,TX,ASW,CE,Federal Contract Tower,0,0,4,0,4,0,2,6,0,8,0,2,10,0,12,54,0,54,66
08/14/2023,CNW,TX,ASW,CE,Federal Contract Tower,0,0,13,6,19,0,5,24,0,29,0,5,37,6,48,50,16,66,114
08/15/2023,CNW,TX,ASW,CE,Federal Contract Tower,0,0,8,5,13,0,0,21,1,22,0,0,29,6,35,56,16,72,107
08/16/2023,CNW,TX,ASW,CE,Federal Contract Tower,0,0,6,11,17,0,2,34,2,38,0,2,40,13,55,54,44,98,153
08/17/2023,CNW,TX,ASW,CE,Federal Contract Tower,0,0,6,7,13,0,0,38,3,41,0,0,44,10,54,82,10,92,146
08/18/2023,CNW,TX,ASW,CE,Federal Contract Tower,0,0,7,58,65,0,0,22,4,26,0,0,29,62,91,42,80,122,213
08/19/2023,CNW,TX,ASW,CE,Federal Contract Tower,0,0,0,6,6,0,5,10,0,15,0,5,10,6,21,8,12,20,41
08/20/2023,CNW,TX,ASW,CE,Federal Contract Tower,0,0,2,0,2,0,4,6,0,10,0,4,8,0,12,0,0,0,12
08/21/2023,CNW,TX,ASW,CE,Federal Contract Tower,0,0,11,8,19,0,2,22,1,25,0,2,33,9,44,46,18,64,108
08/22/2023,CNW,TX,ASW,CE,Federal Contract Tower,0,0,5,19,24,0,0,21,2,23,0,0,26,21,47,54,38,92,139
08/23/2023,CNW,TX,ASW,CE,Federal Contract Tower,0,0,9,28,37,0,1,15,8,24,0,1,24,36,61,48,46,94,155
08/24/2023,CNW,TX,ASW,CE,Federal Contract Tower,0,0,7,4,11,0,0,18,0,18,0,0,25,4,29,82,0,82,111
08/25/2023,CNW,TX,ASW,CE,Federal Contract Tower,0,0,3,1,4,0,4,12,0,16,0,4,15,1,20,42,0,42,62
08/26/2023,CNW,TX,ASW,CE,Federal Contract Tower,0,0,4,0,4,0,3,7,0,10,0,3,11,0,14,106,0,106,120
08/27/2023,CNW,TX,ASW,CE,Federal Contract Tower,0,0,2,18,20,0,2,2,0,4,0,2,4,18,24,0,0,0,24
08/28/2023,CNW,TX,ASW,CE,Federal Contract Tower,0,0,1,7,8,0,4,43,0,47,0,4,44,7,55,76,12,88,143
08/29/2023,CNW,TX,ASW,CE,Federal Contract Tower,0,0,5,6,11,0,0,39,3,42,0,0,44,9,53,124,10,134,187
08/30/2023,CNW,TX,ASW,CE,Federal Contract Tower,0,0,2,8,10,0,1,33,0,34,0,1,35,8,44,102,24,126,170
08/31/2023,CNW,TX,ASW,CE,Federal Contract Tower,0,0,11,0,11,0,3,39,0,42,0,3,50,0,53,82,0,82,135
01/01/2020,CNW,TX,ASW,CE,Federal Contract Tower,0,0,0,0,0,0,0,0,0,0,0,0,0,0,0,0,0,0,0
01/02/2020,CNW,TX,ASW,CE,Federal Contract Tower,0,0,3,0,3,0,0,12,0,12,0,0,15,0,15,20,0,20,35
01/03/2020,CNW,TX,ASW,CE,Federal Contract Tower,0,0,6,0,6,0,0,4,0,4,0,0,10,0,10,4,0,4,14
01/04/2020,CNW,TX,ASW,CE,Federal Contract Tower,0,0,2,0,2,0,0,7,0,7,0,0,9,0,9,4,0,4,13
01/05/2020,CNW,TX,ASW,CE,Federal Contract Tower,0,0,0,0,0,0,0,11,0,11,0,0,11,0,11,8,0,8,19
01/06/2020,CNW,TX,ASW,CE,Federal Contract Tower,0,0,9,7,16,0,0,36,2,38,0,0,45,9,54,54,40,94,148
01/07/2020,CNW,TX,ASW,CE,Federal Contract Tower,0,0,6,2,8,0,0,40,0,40,0,0,46,2,48,82,36,118,166
01/08/2020,CNW,TX,ASW,CE,Federal Contract Tower,0,0,10,12,22,0,0,28,20,48,0,0,38,32,70,42,132,174,244
01/09/2020,CNW,TX,ASW,CE,Federal Contract Tower,0,0,7,0,7,0,0,3,4,7,0,0,10,4,14,0,18,18,32
01/10/2020,CNW,TX,ASW,CE,Federal Contract Tower,0,0,2,2,4,0,0,1,0,1,0,0,3,2,5,8,12,20,25
01/11/2020,CNW,TX,ASW,CE,Federal Contract Tower,0,0,0,7,7,0,0,4,8,12,0,0,4,15,19,0,0,0,19
01/12/2020,CNW,TX,ASW,CE,Federal Contract Tower,0,0,1,2,3,0,0,12,0,12,0,0,13,2,15,0,12,12,27
01/13/2020,CNW,TX,ASW,CE,Federal Contract Tower,0,0,10,2,12,0,0,4,0,4,0,0,14,2,16,54,0,54,70
01/14/2020,CNW,TX,ASW,CE,Federal Contract Tower,0,0,3,2,5,0,0,11,3,14,0,0,14,5,19,114,20,134,153
01/16/2020,CNW,TX,ASW,CE,Federal Contract Tower,0,0,4,0,4,0,0,0,0,0,0,0,4,0,4,0,0,0,4
01/17/2020,CNW,TX,ASW,CE,Federal Contract Tower,0,0,0,0,0,0,0,0,0,0,0,0,0,0,0,0,0,0,0
01/18/2020,CNW,TX,ASW,CE,Federal Contract Tower,0,0,9,0,9,0,0,25,0,25,0,0,34,0,34,22,0,22,56
01/19/2020,CNW,TX,ASW,CE,Federal Contract Tower,0,0,6,0,6,0,0,38,0,38,0,0,44,0,44,68,0,68,112
01/20/2020,CNW,TX,ASW,CE,Federal Contract Tower,0,0,11,0,11,0,0,65,0,65,0,0,76,0,76,150,0,150,226
01/21/2020,CNW,TX,ASW,CE,Federal Contract Tower,0,0,14,31,45,0,0,63,17,80,0,0,77,48,125,192,238,430,555
01/22/2020,CNW,TX,ASW,CE,Federal Contract Tower,0,0,0,0,0,0,0,0,0,0,0,0,0,0,0,0,0,0,0
01/23/2020,CNW,TX,ASW,CE,Federal Contract Tower,0,0,28,4,32,0,0,15,7,22,0,0,43,11,54,78,48,126,180
01/24/2020,CNW,TX,ASW,CE,Federal Contract Tower,0,0,19,26,45,0,0,60,20,80,0,0,79,46,125,102,206,308,433
01/25/2020,CNW,TX,ASW,CE,Federal Contract Tower,0,0,13,16,29,0,0,11,0,11,0,0,24,16,40,34,0,34,74
01/26/2020,CNW,TX,ASW,CE,Federal Contract Tower,0,0,1,0,1,0,0,9,0,9,0,0,10,0,10,18,0,18,28
01/27/2020,CNW,TX,ASW,CE,Federal Contract Tower,0,0,6,1,7,0,0,27,9,36,0,0,33,10,43,38,56,94,137
01/28/2020,CNW,TX,ASW,CE,Federal Contract Tower,0,0,9,5,14,0,0,1,0,1,0,0,10,5,15,30,14,44,59
01/29/2020,CNW,TX,ASW,CE,Federal Contract Tower,0,0,14,13,27,0,0,23,1,24,0,0,37,14,51,80,0,80,131
01/30/2020,CNW,TX,ASW,CE,Federal Contract Tower,0,0,3,9,12,0,0,0,0,0,0,0,3,9,12,0,0,0,12
01/31/2020,CNW,TX,ASW,CE,Federal Contract Tower,0,0,13,8,21,0,0,52,10,62,0,0,65,18,83,112,36,148,231
02/01/2020,CNW,TX,ASW,CE,Federal Contract Tower,0,0,17,0,17,0,0,27,0,27,0,0,44,0,44,4,0,4,48
02/02/2020,CNW,TX,ASW,CE,Federal Contract Tower,0,0,5,4,9,0,0,12,0,12,0,0,17,4,21,4,0,4,25
02/03/2020,CNW,TX,ASW,CE,Federal Contract Tower,0,0,13,11,24,0,0,25,1,26,0,0,38,12,50,38,68,106,156
02/04/2020,CNW,TX,ASW,CE,Federal Contract Tower,0,0,13,40,53,0,0,2,3,5,0,0,15,43,58,24,0,24,82
02/05/2020,CNW,TX,ASW,CE,Federal Contract Tower,0,0,0,8,8,0,0,2,0,2,0,0,2,8,10,30,0,30,40
02/06/2020,CNW,TX,ASW,CE,Federal Contract Tower,0,0,7,3,10,0,0,46,26,72,0,0,53,29,82,64,108,172,254
02/07/2020,CNW,TX,ASW,CE,Federal Contract Tower,0,0,9,15,24,0,0,66,14,80,0,0,75,29,104,64,44,108,212
02/08/2020,CNW,TX,ASW,CE,Federal Contract Tower,0,0,2,4,6,0,0,20,0,20,0,0,22,4,26,20,0,20,46
02/09/2020,CNW,TX,ASW,CE,Federal Contract Tower,0,0,1,0,1,0,0,0,0,0,0,0,1,0,1,0,0,0,1
02/10/2020,CNW,TX,ASW,CE,Federal Contract Tower,0,0,8,5,13,0,0,1,0,1,0,0,9,5,14,8,36,44,58
02/11/2020,CNW,TX,ASW,CE,Federal Contract Tower,0,0,0,9,9,0,0,0,0,0,0,0,0,9,9,0,0,0,9
02/12/2020,CNW,TX,ASW,CE,Federal Contract Tower,0,0,14,5,19,0,0,6,0,6,0,0,20,5,25,24,6,30,55
02/13/2020,CNW,TX,ASW,CE,Federal Contract Tower,0,0,12,8,20,0,0,49,8,57,0,0,61,16,77,124,40,164,241
02/14/2020,CNW,TX,ASW,CE,Federal Contract Tower,0,0,20,36,56,0,0,56,9,65,0,0,76,45,121,122,140,262,383
02/15/2020,CNW,TX,ASW,CE,Federal Contract Tower,0,0,10,0,10,0,0,10,0,10,0,0,20,0,20,16,0,16,36
02/16/2020,CNW,TX,ASW,CE,Federal Contract Tower,0,0,2,0,2,0,0,7,0,7,0,0,9,0,9,0,0,0,9
02/17/2020,CNW,TX,ASW,CE,Federal Contract Tower,0,16,10,0,26,0,0,27,8,35,0,16,37,8,61,138,8,146,207
02/18/2020,CNW,TX,ASW,CE,Federal Contract Tower,0,0,9,5,14,0,0,0,0,0,0,0,9,5,14,0,0,0,14
02/19/2020,CNW,TX,ASW,CE,Federal Contract Tower,0,0,6,0,6,0,0,0,0,0,0,0,6,0,6,0,0,0,6
02/20/2020,CNW,TX,ASW,CE,Federal Contract Tower,0,0,10,2,12,0,0,6,7,13,0,0,16,9,25,12,72,84,109
02/21/2020,CNW,TX,ASW,CE,Federal Contract Tower,0,0,18,3,21,0,0,74,16,90,0,0,92,19,111,74,88,162,273
02/22/2020,CNW,TX,ASW,CE,Federal Contract Tower,0,22,19,0,41,0,0,14,0,14,0,22,33,0,55,8,0,8,63
02/23/2020,CNW,TX,ASW,CE,Federal Contract Tower,0,0,1,2,3,0,0,0,0,0,0,0,1,2,3,0,0,0,3
02/24/2020,CNW,TX,ASW,CE,Federal Contract Tower,0,0,7,2,9,0,0,51,9,60,0,0,58,11,69,50,70,120,189
02/25/2020,CNW,TX,ASW,CE,Federal Contract Tower,0,0,21,5,26,0,0,52,5,57,0,0,73,10,83,140,52,192,275
02/26/2020,CNW,TX,ASW,CE,Federal Contract Tower,0,0,2,11,13,0,0,7,18,25,0,0,9,29,38,10,110,120,158
02/27/2020,CNW,TX,ASW,CE,Federal Contract Tower,0,0,19,27,46,0,0,57,5,62,0,0,76,32,108,154,64,218,326
02/28/2020,CNW,TX,ASW,CE,Federal Contract Tower,0,0,15,7,22,0,0,58,5,63,0,0,73,12,85,142,108,250,335
02/29/2020,CNW,TX,ASW,CE,Federal Contract Tower,0,0,1,2,3,0,0,4,0,4,0,0,5,2,7,0,0,0,7
03/01/2020,CNW,TX,ASW,CE,Federal Contract Tower,0,0,2,4,6,0,0,7,0,7,0,0,9,4,13,34,0,34,47
03/02/2020,CNW,TX,ASW,CE,Federal Contract Tower,0,0,10,24,34,0,0,13,0,13,0,0,23,24,47,106,0,106,153
03/03/2020,CNW,TX,ASW,CE,Federal Contract Tower,0,0,6,11,17,0,0,21,10,31,0,0,27,21,48,56,124,180,228
03/04/2020,CNW,TX,ASW,CE,Federal Contract Tower,0,0,0,0,0,0,0,0,0,0,0,0,0,0,0,0,0,0,0
03/05/2020,CNW,TX,ASW,CE,Federal Contract Tower,0,0,9,9,18,0,0,56,3,59,0,0,65,12,77,188,48,236,313
03/06/2020,CNW,TX,ASW,CE,Federal Contract Tower,0,0,8,6,14,0,0,34,10,44,0,0,42,16,58,94,84,178,236
03/07/2020,CNW,TX,ASW,CE,Federal Contract Tower,0,0,9,11,20,0,2,10,2,14,0,2,19,13,34,16,18,34,68
03/08/2020,CNW,TX,ASW,CE,Federal Contract Tower,0,0,0,7,7,0,0,1,0,1,0,0,1,7,8,0,6,6,14
03/09/2020,CNW,TX,ASW,CE,Federal Contract Tower,0,0,0,8,8,0,0,0,0,0,0,0,0,8,8,0,0,0,8
03/10/2020,CNW,TX,ASW,CE,Federal Contract Tower,0,0,13,21,34,0,0,3,0,3,0,0,16,21,37,38,0,38,75
03/11/2020,CNW,TX,ASW,CE,Federal Contract Tower,0,0,7,5,12,0,0,32,5,37,0,0,39,10,49,98,114,212,261
03/12/2020,CNW,TX,ASW,CE,Federal Contract Tower,0,0,14,15,29,0,0,24,8,32,0,0,38,23,61,82,46,128,189
03/13/2020,CNW,TX,ASW,CE,Federal Contract Tower,0,2,2,24,28,0,0,0,4,4,0,2,2,28,32,0,46,46,78
03/14/2020,CNW,TX,ASW,CE,Federal Contract Tower,0,0,0,0,0,0,0,4,0,4,0,0,4,0,4,0,0,0,4
03/15/2020,CNW,TX,ASW,CE,Federal Contract Tower,0,0,0,0,0,0,0,1,0,1,0,0,1,0,1,0,0,0,1
03/16/2020,CNW,TX,ASW,CE,Federal Contract Tower,0,16,4,26,46,0,0,0,7,7,0,16,4,33,53,0,46,46,99
03/17/2020,CNW,TX,ASW,CE,Federal Contract Tower,0,0,2,6,8,0,0,0,5,5,0,0,2,11,13,0,10,10,23
03/18/2020,CNW,TX,ASW,CE,Federal Contract Tower,0,0,2,20,22,0,0,4,3,7,0,0,6,23,29,0,42,42,71
03/19/2020,CNW,TX,ASW,CE,Federal Contract Tower,0,0,0,0,0,0,0,0,9,9,0,0,0,9,9,0,26,26,35
03/20/2020,CNW,TX,ASW,CE,Federal Contract Tower,0,0,0,3,3,0,0,0,0,0,0,0,0,3,3,0,0,0,3
03/21/2020,CNW,TX,ASW,CE,Federal Contract Tower,0,0,4,0,4,0,0,0,0,0,0,0,4,0,4,0,0,0,4
03/22/2020,CNW,TX,ASW,CE,Federal Contract Tower,0,0,0,0,0,0,0,0,0,0,0,0,0,0,0,0,0,0,0
03/23/2020,CNW,TX,ASW,CE,Federal Contract Tower,0,0,0,14,14,0,0,0,1,1,0,0,0,15,15,0,22,22,37
03/24/2020,CNW,TX,ASW,CE,Federal Contract Tower,0,0,0,7,7,0,0,13,1,14,0,0,13,8,21,46,14,60,81
03/25/2020,CNW,TX,ASW,CE,Federal Contract Tower,0,0,0,10,10,0,0,3,13,16,0,0,3,23,26,0,74,74,100
03/26/2020,CNW,TX,ASW,CE,Federal Contract Tower,0,0,0,6,6,0,0,2,5,7,0,0,2,11,13,0,26,26,39
03/27/2020,CNW,TX,ASW,CE,Federal Contract Tower,0,0,0,22,22,0,0,0,2,2,0,0,0,24,24,0,82,82,106
03/28/2020,CNW,TX,ASW,CE,Federal Contract Tower,0,0,0,0,0,0,0,0,0,0,0,0,0,0,0,0,0,0,0
03/29/2020,CNW,TX,ASW,CE,Federal Contract Tower,0,0,0,0,0,0,0,8,0,8,0,0,8,0,8,0,0,0,8
03/30/2020,CNW,TX,ASW,CE,Federal Contract Tower,0,0,0,0,0,0,0,0,0,0,0,0,0,0,0,0,0,0,0
03/31/2020,CNW,TX,ASW,CE,Federal Contract Tower,0,12,0,5,17,0,0,7,11,18,0,12,7,16,35,0,76,76,111
04/02/2020,CNW,TX,ASW,CE,Federal Contract Tower,0,0,0,4,4,0,0,2,0,2,0,0,2,4,6,0,0,0,6
04/03/2020,CNW,TX,ASW,CE,Federal Contract Tower,0,0,0,0,0,0,0,0,0,0,0,0,0,0,0,0,0,0,0
04/04/2020,CNW,TX,ASW,CE,Federal Contract Tower,0,0,0,0,0,0,0,0,0,0,0,0,0,0,0,0,0,0,0
04/05/2020,CNW,TX,ASW,CE,Federal Contract Tower,0,0,0,0,0,0,0,0,0,0,0,0,0,0,0,0,0,0,0
04/06/2020,CNW,TX,ASW,CE,Federal Contract Tower,0,0,0,0,0,0,0,0,7,7,0,0,0,7,7,0,42,42,49
04/07/2020,CNW,TX,ASW,CE,Federal Contract Tower,0,0,2,2,4,0,0,4,6,10,0,0,6,8,14,0,28,28,42
04/08/2020,CNW,TX,ASW,CE,Federal Contract Tower,0,0,0,0,0,0,0,22,8,30,0,0,22,8,30,98,44,142,172
04/09/2020,CNW,TX,ASW,CE,Federal Contract Tower,0,0,4,6,10,0,2,0,0,2,0,2,4,6,12,0,12,12,24
04/10/2020,CNW,TX,ASW,CE,Federal Contract Tower,0,0,2,3,5,0,0,5,6,11,0,0,7,9,16,0,36,36,52
04/11/2020,CNW,TX,ASW,CE,Federal Contract Tower,0,0,0,0,0,0,0,0,0,0,0,0,0,0,0,0,0,0,0
04/12/2020,CNW,TX,ASW,CE,Federal Contract Tower,0,0,2,0,2,0,0,7,0,7,0,0,9,0,9,10,0,10,19
04/13/2020,CNW,TX,ASW,CE,Federal Contract Tower,0,1,2,16,19,0,0,9,13,22,0,1,11,29,41,0,118,118,159
04/14/2020,CNW,TX,ASW,CE,Federal Contract Tower,0,0,2,1,3,0,0,5,9,14,0,0,7,10,17,0,36,36,53
04/15/2020,CNW,TX,ASW,CE,Federal Contract Tower,0,1,2,7,10,0,2,12,6,20,0,3,14,13,30,46,50,96,126
04/16/2020,CNW,TX,ASW,CE,Federal Contract Tower,0,0,0,26,26,0,0,8,0,8,0,0,8,26,34,20,70,90,124
04/17/2020,CNW,TX,ASW,CE,Federal Contract Tower,0,1,3,0,4,0,0,0,0,0,0,1,3,0,4,0,0,0,4
04/18/2020,CNW,TX,ASW,CE,Federal Contract Tower,0,0,3,14,17,0,0,2,4,6,0,0,5,18,23,4,104,108,131
04/19/2020,CNW,TX,ASW,CE,Federal Contract Tower,0,0,0,0,0,0,0,0,0,0,0,0,0,0,0,0,0,0,0
04/20/2020,CNW,TX,ASW,CE,Federal Contract Tower,0,0,4,13,17,0,0,9,8,17,0,0,13,21,34,0,100,100,134
04/21/2020,CNW,TX,ASW,CE,Federal Contract Tower,0,0,8,14,22,0,0,6,16,22,0,0,14,30,44,6,72,78,122
04/22/2020,CNW,TX,ASW,CE,Federal Contract Tower,0,0,2,6,8,0,0,0,2,2,0,0,2,8,10,0,20,20,30
04/23/2020,CNW,TX,ASW,CE,Federal Contract Tower,0,0,1,6,7,0,0,8,9,17,0,0,9,15,24,4,108,112,136
04/24/2020,CNW,TX,ASW,CE,Federal Contract Tower,0,0,4,14,18,0,0,8,2,10,0,0,12,16,28,6,76,82,110
04/25/2020,CNW,TX,ASW,CE,Federal Contract Tower,0,0,1,0,1,0,0,2,0,2,0,0,3,0,3,4,0,4,7
04/26/2020,CNW,TX,ASW,CE,Federal Contract Tower,0,0,1,0,1,0,0,9,0,9,0,0,10,0,10,0,0,0,10
04/27/2020,CNW,TX,ASW,CE,Federal Contract Tower,0,0,0,12,12,0,0,2,5,7,0,0,2,17,19,0,38,38,57
04/28/2020,CNW,TX,ASW,CE,Federal Contract Tower,0,0,1,40,41,0,0,1,11,12,0,0,2,51,53,0,82,82,135
04/29/2020,CNW,TX,ASW,CE,Federal Contract Tower,0,0,3,16,19,0,0,3,0,3,0,0,6,16,22,14,104,118,140
04/30/2020,CNW,TX,ASW,CE,Federal Contract Tower,0,0,2,4,6,0,0,23,6,29,0,0,25,10,35,34,56,90,125
05/01/2020,CNW,TX,ASW,CE,Federal Contract Tower,0,0,2,29,31,0,0,0,0,0,0,0,2,29,31,10,48,58,89
05/02/2020,CNW,TX,ASW,CE,Federal Contract Tower,0,0,2,39,41,0,0,0,3,3,0,0,2,42,44,0,34,34,78
05/03/2020,CNW,TX,ASW,CE,Federal Contract Tower,0,0,2,0,2,0,0,9,0,9,0,0,11,0,11,0,0,0,11
05/04/2020,CNW,TX,ASW,CE,Federal Contract Tower,0,0,6,14,20,0,0,17,11,28,0,0,23,25,48,0,124,124,172
05/05/2020,CNW,TX,ASW,CE,Federal Contract Tower,0,0,1,0,1,0,0,3,4,7,0,0,4,4,8,0,34,34,42
05/06/2020,CNW,TX,ASW,CE,Federal Contract Tower,0,0,2,0,2,0,0,4,9,13,0,0,6,9,15,0,92,92,107
05/07/2020,CNW,TX,ASW,CE,Federal Contract Tower,0,0,3,25,28,0,0,3,3,6,0,0,6,28,34,0,62,62,96
05/08/2020,CNW,TX,ASW,CE,Federal Contract Tower,0,0,4,10,14,0,0,3,0,3,0,0,7,10,17,0,66,66,83
05/09/2020,CNW,TX,ASW,CE,Federal Contract Tower,0,0,2,8,10,0,0,2,3,5,0,0,4,11,15,0,48,48,63
05/10/2020,CNW,TX,ASW,CE,Federal Contract Tower,0,0,0,0,0,0,0,4,0,4,0,0,4,0,4,10,0,10,14
05/11/2020,CNW,TX,ASW,CE,Federal Contract Tower,0,0,8,8,16,0,0,41,9,50,0,0,49,17,66,80,78,158,224
05/12/2020,CNW,TX,ASW,CE,Federal Contract Tower,0,0,0,0,0,0,0,8,0,8,0,0,8,0,8,34,0,34,42
05/13/2020,CNW,TX,ASW,CE,Federal Contract Tower,0,0,6,44,50,0,0,13,8,21,0,0,19,52,71,68,52,120,191
05/14/2020,CNW,TX,ASW,CE,Federal Contract Tower,0,0,8,15,23,0,0,23,9,32,0,0,31,24,55,98,82,180,235
05/15/2020,CNW,TX,ASW,CE,Federal Contract Tower,0,0,9,2,11,0,0,3,3,6,0,0,12,5,17,6,56,62,79
05/16/2020,CNW,TX,ASW,CE,Federal Contract Tower,0,0,0,0,0,0,0,0,0,0,0,0,0,0,0,0,0,0,0
05/17/2020,CNW,TX,ASW,CE,Federal Contract Tower,0,0,2,2,4,0,0,11,0,11,0,0,13,2,15,0,0,0,15
05/18/2020,CNW,TX,ASW,CE,Federal Contract Tower,0,0,4,11,15,0,0,45,10,55,0,0,49,21,70,186,86,272,342
05/19/2020,CNW,TX,ASW,CE,Federal Contract Tower,0,0,3,8,11,0,2,36,7,45,0,2,39,15,56,92,136,228,284
05/20/2020,CNW,TX,ASW,CE,Federal Contract Tower,0,0,15,4,19,0,0,19,7,26,0,0,34,11,45,88,56,144,189
05/21/2020,CNW,TX,ASW,CE,Federal Contract Tower,0,0,8,0,8,0,0,15,4,19,0,0,23,4,27,64,20,84,111
05/22/2020,CNW,TX,ASW,CE,Federal Contract Tower,0,0,8,0,8,0,0,31,4,35,0,0,39,4,43,122,12,134,177
05/23/2020,CNW,TX,ASW,CE,Federal Contract Tower,0,0,4,0,4,0,0,0,0,0,0,0,4,0,4,0,0,0,4
05/24/2020,CNW,TX,ASW,CE,Federal Contract Tower,0,0,0,0,0,0,0,0,0,0,0,0,0,0,0,0,0,0,0
05/25/2020,CNW,TX,ASW,CE,Federal Contract Tower,0,0,0,0,0,0,0,7,0,7,0,0,7,0,7,12,0,12,19
05/26/2020,CNW,TX,ASW,CE,Federal Contract Tower,0,0,13,0,13,0,0,50,5,55,0,0,63,5,68,190,28,218,286
05/27/2020,CNW,TX,ASW,CE,Federal Contract Tower,0,0,5,2,7,0,0,34,2,36,0,0,39,4,43,102,0,102,145
05/28/2020,CNW,TX,ASW,CE,Federal Contract Tower,0,0,13,7,20,0,0,48,2,50,0,0,61,9,70,170,18,188,258
05/29/2020,CNW,TX,ASW,CE,Federal Contract Tower,0,0,10,16,26,0,0,43,8,51,0,0,53,24,77,148,72,220,297
05/30/2020,CNW,TX,ASW,CE,Federal Contract Tower,0,0,0,1,1,0,0,16,2,18,0,0,16,3,19,94,10,104,123
05/31/2020,CNW,TX,ASW,CE,Federal Contract Tower,0,0,0,0,0,0,0,14,0,14,0,0,14,0,14,56,0,56,70
06/01/2020,CNW,TX,ASW,CE,Federal Contract Tower,0,0,9,17,26,0,0,58,5,63,0,0,67,22,89,212,94,306,395
06/02/2020,CNW,TX,ASW,CE,Federal Contract Tower,0,0,7,11,18,0,0,36,5,41,0,0,43,16,59,136,160,296,355
06/03/2020,CNW,TX,ASW,CE,Federal Contract Tower,0,0,17,25,42,0,2,83,9,94,0,2,100,34,136,196,84,280,416
06/04/2020,CNW,TX,ASW,CE,Federal Contract Tower,0,0,11,19,30,0,0,45,8,53,0,0,56,27,83,158,84,242,325
06/05/2020,CNW,TX,ASW,CE,Federal Contract Tower,0,0,9,22,31,0,0,47,5,52,0,0,56,27,83,192,50,242,325
06/06/2020,CNW,TX,ASW,CE,Federal Contract Tower,0,0,13,2,15,0,0,9,0,9,0,0,22,2,24,12,10,22,46
06/07/2020,CNW,TX,ASW,CE,Federal Contract Tower,0,0,4,5,9,0,0,6,1,7,0,0,10,6,16,10,28,38,54
06/08/2020,CNW,TX,ASW,CE,Federal Contract Tower,0,0,8,16,24,0,0,29,9,38,0,0,37,25,62,60,114,174,236
06/09/2020,CNW,TX,ASW,CE,Federal Contract Tower,0,0,3,19,22,0,0,41,10,51,0,0,44,29,73,144,84,228,301
06/10/2020,CNW,TX,ASW,CE,Federal Contract Tower,0,0,13,10,23,0,0,62,10,72,0,0,75,20,95,200,66,266,361
06/11/2020,CNW,TX,ASW,CE,Federal Contract Tower,0,0,14,6,20,0,0,47,2,49,0,0,61,8,69,136,78,214,283
06/12/2020,CNW,TX,ASW,CE,Federal Contract Tower,0,0,10,8,18,0,0,33,4,37,0,0,43,12,55,96,56,152,207
06/13/2020,CNW,TX,ASW,CE,Federal Contract Tower,0,0,17,4,21,0,0,7,2,9,0,0,24,6,30,14,0,14,44
06/14/2020,CNW,TX,ASW,CE,Federal Contract Tower,0,0,2,12,14,0,0,4,0,4,0,0,6,12,18,0,0,0,18
06/15/2020,CNW,TX,ASW,CE,Federal Contract Tower,0,0,20,13,33,0,0,48,20,68,0,0,68,33,101,110,174,284,385
06/16/2020,CNW,TX,ASW,CE,Federal Contract Tower,0,0,22,27,49,0,0,26,5,31,0,0,48,32,80,86,116,202,282
06/17/2020,CNW,TX,ASW,CE,Federal Contract Tower,0,0,16,33,49,0,0,42,8,50,0,0,58,41,99,84,100,184,283
06/18/2020,CNW,TX,ASW,CE,Federal Contract Tower,0,0,23,6,29,0,0,38,10,48,0,0,61,16,77,88,68,156,233
06/19/2020,CNW,TX,ASW,CE,Federal Contract Tower,0,0,11,24,35,0,0,15,2,17,0,0,26,26,52,66,36,102,154
06/20/2020,CNW,TX,ASW,CE,Federal Contract Tower,0,0,5,6,11,0,0,0,0,0,0,0,5,6,11,0,16,16,27
06/21/2020,CNW,TX,ASW,CE,Federal Contract Tower,0,0,1,4,5,0,0,2,0,2,0,0,3,4,7,10,0,10,17
06/22/2020,CNW,TX,ASW,CE,Federal Contract Tower,0,0,8,26,34,0,0,12,18,30,0,0,20,44,64,96,162,258,322
06/23/2020,CNW,TX,ASW,CE,Federal Contract Tower,0,0,4,4,8,0,0,11,2,13,0,0,15,6,21,26,8,34,55
06/24/2020,CNW,TX,ASW,CE,Federal Contract Tower,0,0,11,0,11,0,0,14,5,19,0,0,25,5,30,84,24,108,138
06/25/2020,CNW,TX,ASW,CE,Federal Contract Tower,0,0,13,4,17,0,0,12,2,14,0,0,25,6,31,74,20,94,125
06/26/2020,CNW,TX,ASW,CE,Federal Contract Tower,0,0,2,0,2,0,0,5,2,7,0,0,7,2,9,36,16,52,61
06/27/2020,CNW,TX,ASW,CE,Federal Contract Tower,0,0,10,0,10,0,0,2,0,2,0,0,12,0,12,4,0,4,16
06/28/2020,CNW,TX,ASW,CE,Federal Contract Tower,0,0,1,0,1,0,0,6,0,6,0,0,7,0,7,8,0,8,15
06/29/2020,CNW,TX,ASW,CE,Federal Contract Tower,0,0,6,2,8,0,0,24,5,29,0,0,30,7,37,44,90,134,171
06/30/2020,CNW,TX,ASW,CE,Federal Contract Tower,0,0,11,10,21,0,0,12,5,17,0,0,23,15,38,40,70,110,148
07/01/2020,CNW,TX,ASW,CE,Federal Contract Tower,0,0,22,42,64,0,0,33,4,37,0,0,55,46,101,64,56,120,221
07/02/2020,CNW,TX,ASW,CE,Federal Contract Tower,0,0,9,6,15,0,0,24,5,29,0,0,33,11,44,136,54,190,234
07/03/2020,CNW,TX,ASW,CE,Federal Contract Tower,0,0,10,0,10,0,0,21,0,21,0,0,31,0,31,20,0,20,51
07/04/2020,CNW,TX,ASW,CE,Federal Contract Tower,0,0,2,0,2,0,0,8,0,8,0,0,10,0,10,12,0,12,22
07/05/2020,CNW,TX,ASW,CE,Federal Contract Tower,0,0,0,0,0,0,0,0,0,0,0,0,0,0,0,0,0,0,0
07/06/2020,CNW,TX,ASW,CE,Federal Contract Tower,0,0,7,0,7,0,0,16,0,16,0,0,23,0,23,36,0,36,59
07/07/2020,CNW,TX,ASW,CE,Federal Contract Tower,0,0,3,0,3,0,0,6,2,8,0,0,9,2,11,12,54,66,77
07/08/2020,CNW,TX,ASW,CE,Federal Contract Tower,0,0,17,4,21,0,0,39,5,44,0,0,56,9,65,90,22,112,177
07/09/2020,CNW,TX,ASW,CE,Federal Contract Tower,0,0,7,11,18,0,0,40,3,43,0,0,47,14,61,102,22,124,185
07/10/2020,CNW,TX,ASW,CE,Federal Contract Tower,0,1,20,20,41,0,1,49,4,54,0,2,69,24,95,168,46,214,309
07/11/2020,CNW,TX,ASW,CE,Federal Contract Tower,0,0,8,0,8,0,0,19,0,19,0,0,27,0,27,32,0,32,59
07/12/2020,CNW,TX,ASW,CE,Federal Contract Tower,0,0,2,0,2,0,2,13,0,15,0,2,15,0,17,26,0,26,43
07/13/2020,CNW,TX,ASW,CE,Federal Contract Tower,0,0,24,8,32,0,0,52,2,54,0,0,76,10,86,94,24,118,204
07/14/2020,CNW,TX,ASW,CE,Federal Contract Tower,0,0,10,7,17,0,0,42,7,49,0,0,52,14,66,124,48,172,238
07/15/2020,CNW,TX,ASW,CE,Federal Contract Tower,0,0,13,2,15,0,0,70,7,77,0,0,83,9,92,142,30,172,264
07/16/2020,CNW,TX,ASW,CE,Federal Contract Tower,0,0,13,11,24,0,0,47,3,50,0,0,60,14,74,158,34,192,266
07/17/2020,CNW,TX,ASW,CE,Federal Contract Tower,0,0,10,24,34,0,0,51,0,51,0,0,61,24,85,112,16,128,213
07/18/2020,CNW,TX,ASW,CE,Federal Contract Tower,0,0,9,0,9,0,0,10,0,10,0,0,19,0,19,42,0,42,61
07/19/2020,CNW,TX,ASW,CE,Federal Contract Tower,0,0,0,2,2,0,0,11,0,11,0,0,11,2,13,0,0,0,13
07/20/2020,CNW,TX,ASW,CE,Federal Contract Tower,0,0,4,8,12,0,0,54,6,60,0,0,58,14,72,124,96,220,292
07/21/2020,CNW,TX,ASW,CE,Federal Contract Tower,0,0,7,8,15,0,0,12,6,18,0,0,19,14,33,34,60,94,127
07/22/2020,CNW,TX,ASW,CE,Federal Contract Tower,0,0,16,56,72,0,0,21,9,30,0,0,37,65,102,110,64,174,276
07/23/2020,CNW,TX,ASW,CE,Federal Contract Tower,0,0,7,16,23,0,0,42,9,51,0,0,49,25,74,72,78,150,224
07/24/2020,CNW,TX,ASW,CE,Federal Contract Tower,0,0,12,6,18,0,0,35,3,38,0,0,47,9,56,80,12,92,148
07/25/2020,CNW,TX,ASW,CE,Federal Contract Tower,0,0,12,0,12,0,0,3,0,3,0,0,15,0,15,0,0,0,15
07/26/2020,CNW,TX,ASW,CE,Federal Contract Tower,0,0,0,8,8,0,0,3,2,5,0,0,3,10,13,0,0,0,13
07/27/2020,CNW,TX,ASW,CE,Federal Contract Tower,0,0,14,6,20,0,0,17,5,22,0,0,31,11,42,58,40,98,140
07/28/2020,CNW,TX,ASW,CE,Federal Contract Tower,0,0,1,8,9,0,0,31,7,38,0,0,32,15,47,50,48,98,145
07/29/2020,CNW,TX,ASW,CE,Federal Contract Tower,0,0,19,29,48,0,0,49,2,51,0,0,68,31,99,96,76,172,271
07/30/2020,CNW,TX,ASW,CE,Federal Contract Tower,0,0,12,11,23,0,0,37,11,48,0,0,49,22,71,36,42,78,149
07/31/2020,CNW,TX,ASW,CE,Federal Contract Tower,0,0,13,0,13,0,0,28,0,28,0,0,41,0,41,60,0,60,101
08/01/2020,CNW,TX,ASW,CE,Federal Contract Tower,0,0,9,0,9,0,0,3,0,3,0,0,12,0,12,38,0,38,50
08/02/2020,CNW,TX,ASW,CE,Federal Contract Tower,0,0,4,4,8,0,0,10,0,10,0,0,14,4,18,50,0,50,68
08/03/2020,CNW,TX,ASW,CE,Federal Contract Tower,0,0,8,7,15,0,2,30,5,37,0,2,38,12,52,66,46,112,164
08/04/2020,CNW,TX,ASW,CE,Federal Contract Tower,0,0,11,5,16,0,0,49,7,56,0,0,60,12,72,160,44,204,276
08/05/2020,CNW,TX,ASW,CE,Federal Contract Tower,0,0,14,25,39,0,0,51,7,58,0,0,65,32,97,166,48,214,311
08/06/2020,CNW,TX,ASW,CE,Federal Contract Tower,0,0,16,17,33,0,0,32,8,40,0,0,48,25,73,44,84,128,201
08/07/2020,CNW,TX,ASW,CE,Federal Contract Tower,0,0,31,30,61,0,0,25,2,27,0,0,56,32,88,50,44,94,182
08/08/2020,CNW,TX,ASW,CE,Federal Contract Tower,0,0,3,0,3,0,0,5,0,5,0,0,8,0,8,2,0,2,10
08/09/2020,CNW,TX,ASW,CE,Federal Contract Tower,0,0,1,0,1,0,0,13,0,13,0,0,14,0,14,16,0,16,30
08/10/2020,CNW,TX,ASW,CE,Federal Contract Tower,0,0,9,27,36,0,0,43,5,48,0,0,52,32,84,182,112,294,378
08/12/2020,CNW,TX,ASW,CE,Federal Contract Tower,0,0,17,17,34,0,0,62,26,88,0,0,79,43,122,132,92,224,346
08/13/2020,CNW,TX,ASW,CE,Federal Contract Tower,0,0,18,32,50,0,0,35,11,46,0,0,53,43,96,100,106,206,302
08/14/2020,CNW,TX,ASW,CE,Federal Contract Tower,0,8,15,23,46,0,0,39,7,46,0,8,54,30,92,30,68,98,190
08/15/2020,CNW,TX,ASW,CE,Federal Contract Tower,0,0,10,0,10,0,0,6,0,6,0,0,16,0,16,12,0,12,28
08/16/2020,CNW,TX,ASW,CE,Federal Contract Tower,0,0,0,2,2,0,0,10,0,10,0,0,10,2,12,38,0,38,50
08/17/2020,CNW,TX,ASW,CE,Federal Contract Tower,0,0,16,7,23,0,0,39,13,52,0,0,55,20,75,172,120,292,367
08/18/2020,CNW,TX,ASW,CE,Federal Contract Tower,0,0,12,2,14,0,0,46,4,50,0,0,58,6,64,102,72,174,238
08/19/2020,CNW,TX,ASW,CE,Federal Contract Tower,0,0,21,8,29,0,0,54,5,59,0,0,75,13,88,76,44,120,208
08/20/2020,CNW,TX,ASW,CE,Federal Contract Tower,0,0,12,20,32,0,0,44,7,51,0,0,56,27,83,114,6,120,203
08/21/2020,CNW,TX,ASW,CE,Federal Contract Tower,0,0,7,31,38,0,0,37,9,46,0,0,44,40,84,82,42,124,208
08/22/2020,CNW,TX,ASW,CE,Federal Contract Tower,0,0,10,6,16,0,0,8,0,8,0,0,18,6,24,10,10,20,44
08/23/2020,CNW,TX,ASW,CE,Federal Contract Tower,0,0,2,6,8,0,0,19,0,19,0,0,21,6,27,18,0,18,45
08/24/2020,CNW,TX,ASW,CE,Federal Contract Tower,0,0,30,12,42,0,0,48,7,55,0,0,78,19,97,130,68,198,295
08/25/2020,CNW,TX,ASW,CE,Federal Contract Tower,0,0,12,14,26,0,0,44,7,51,0,0,56,21,77,122,82,204,281
08/26/2020,CNW,TX,ASW,CE,Federal Contract Tower,0,0,6,3,9,0,0,5,4,9,0,0,11,7,18,20,12,32,50
08/27/2020,CNW,TX,ASW,CE,Federal Contract Tower,0,0,12,11,23,0,0,35,4,39,0,0,47,15,62,114,32,146,208
08/28/2020,CNW,TX,ASW,CE,Federal Contract Tower,0,0,11,47,58,0,0,25,9,34,0,0,36,56,92,66,86,152,244
08/29/2020,CNW,TX,ASW,CE,Federal Contract Tower,0,0,9,0,9,0,0,6,0,6,0,0,15,0,15,16,0,16,31
08/30/2020,CNW,TX,ASW,CE,Federal Contract Tower,0,0,2,0,2,0,0,4,0,4,0,0,6,0,6,0,0,0,6
08/31/2020,CNW,TX,ASW,CE,Federal Contract Tower,0,0,10,8,18,0,0,47,6,53,0,0,57,14,71,152,90,242,313
09/01/2020,CNW,TX,ASW,CE,Federal Contract Tower,0,1,14,14,29,0,1,9,5,15,0,2,23,19,44,78,90,168,212
09/02/2020,CNW,TX,ASW,CE,Federal Contract Tower,0,0,0,0,0,0,0,6,4,10,0,0,6,4,10,12,12,24,34
09/03/2020,CNW,TX,ASW,CE,Federal Contract Tower,0,0,3,0,3,0,0,2,4,6,0,0,5,4,9,16,10,26,35
09/04/2020,CNW,TX,ASW,CE,Federal Contract Tower,0,0,2,0,2,0,0,8,3,11,0,0,10,3,13,20,0,20,33
09/05/2020,CNW,TX,ASW,CE,Federal Contract Tower,0,0,5,0,5,0,0,11,0,11,0,0,16,0,16,88,0,88,104
09/06/2020,CNW,TX,ASW,CE,Federal Contract Tower,0,0,1,0,1,0,0,5,0,5,0,0,6,0,6,10,0,10,16
09/07/2020,CNW,TX,ASW,CE,Federal Contract Tower,0,0,2,0,2,0,0,20,0,20,0,0,22,0,22,58,0,58,80
09/08/2020,CNW,TX,ASW,CE,Federal Contract Tower,0,0,15,13,28,0,0,14,2,16,0,0,29,15,44,72,44,116,160
09/09/2020,CNW,TX,ASW,CE,Federal Contract Tower,0,0,7,4,11,0,0,10,0,10,0,0,17,4,21,56,0,56,77
09/10/2020,CNW,TX,ASW,CE,Federal Contract Tower,0,2,14,6,22,0,0,3,0,3,0,2,17,6,25,32,0,32,57
09/11/2020,CNW,TX,ASW,CE,Federal Contract Tower,0,0,22,20,42,0,0,15,12,27,0,0,37,32,69,70,82,152,221
09/12/2020,CNW,TX,ASW,CE,Federal Contract Tower,0,0,10,20,30,0,0,25,10,35,0,0,35,30,65,24,0,24,89
09/13/2020,CNW,TX,ASW,CE,Federal Contract Tower,0,0,1,0,1,0,0,20,0,20,0,0,21,0,21,24,0,24,45
09/14/2020,CNW,TX,ASW,CE,Federal Contract Tower,0,0,3,4,7,0,0,49,8,57,0,0,52,12,64,162,22,184,248
09/15/2020,CNW,TX,ASW,CE,Federal Contract Tower,0,0,11,8,19,0,0,34,8,42,0,0,45,16,61,226,106,332,393
09/16/2020,CNW,TX,ASW,CE,Federal Contract Tower,0,0,12,0,12,0,0,46,9,55,0,0,58,9,67,88,12,100,167
09/17/2020,CNW,TX,ASW,CE,Federal Contract Tower,0,0,10,14,24,0,0,38,2,40,0,0,48,16,64,60,44,104,168
09/18/2020,CNW,TX,ASW,CE,Federal Contract Tower,0,0,8,11,19,0,0,69,0,69,0,0,77,11,88,88,8,96,184
09/19/2020,CNW,TX,ASW,CE,Federal Contract Tower,0,0,7,7,14,0,0,7,7,14,0,0,14,14,28,8,24,32,60
09/20/2020,CNW,TX,ASW,CE,Federal Contract Tower,0,0,5,9,14,0,0,16,2,18,0,0,21,11,32,114,14,128,160
09/21/2020,CNW,TX,ASW,CE,Federal Contract Tower,0,0,0,0,0,0,0,3,0,3,0,0,3,0,3,0,0,0,3
09/22/2020,CNW,TX,ASW,CE,Federal Contract Tower,0,0,5,0,5,0,0,0,0,0,0,0,5,0,5,0,0,0,5
09/23/2020,CNW,TX,ASW,CE,Federal Contract Tower,0,0,18,2,20,0,0,35,0,35,0,0,53,2,55,66,12,78,133
09/24/2020,CNW,TX,ASW,CE,Federal Contract Tower,0,0,33,0,33,0,0,34,7,41,0,0,67,7,74,292,52,344,418
09/25/2020,CNW,TX,ASW,CE,Federal Contract Tower,0,0,10,14,24,0,0,39,15,54,0,0,49,29,78,58,60,118,196
09/26/2020,CNW,TX,ASW,CE,Federal Contract Tower,0,0,7,4,11,0,0,19,0,19,0,0,26,4,30,22,0,22,52
09/27/2020,CNW,TX,ASW,CE,Federal Contract Tower,0,0,5,8,13,0,0,9,0,9,0,0,14,8,22,0,0,0,22
09/28/2020,CNW,TX,ASW,CE,Federal Contract Tower,0,0,11,2,13,0,0,42,5,47,0,0,53,7,60,106,42,148,208
09/29/2020,CNW,TX,ASW,CE,Federal Contract Tower,0,0,18,4,22,0,0,74,16,90,0,0,92,20,112,204,104,308,420
09/30/2020,CNW,TX,ASW,CE,Federal Contract Tower,0,0,21,15,36,0,0,72,16,88,0,0,93,31,124,132,202,334,458
10/01/2020,CNW,TX,ASW,CE,Federal Contract Tower,0,0,9,7,16,0,0,53,3,56,0,0,62,10,72,186,62,248,320
10/02/2020,CNW,TX,ASW,CE,Federal Contract Tower,0,0,14,3,17,0,0,57,6,63,0,0,71,9,80,94,22,116,196
10/03/2020,CNW,TX,ASW,CE,Federal Contract Tower,0,0,6,2,8,0,0,23,3,26,0,0,29,5,34,14,14,28,62
10/04/2020,CNW,TX,ASW,CE,Federal Contract Tower,0,0,6,6,12,0,0,17,0,17,0,0,23,6,29,52,0,52,81
10/05/2020,CNW,TX,ASW,CE,Federal Contract Tower,0,0,9,20,29,0,0,73,6,79,0,0,82,26,108,122,38,160,268
10/06/2020,CNW,TX,ASW,CE,Federal Contract Tower,0,2,29,39,70,0,0,44,13,57,0,2,73,52,127,232,118,350,477
10/07/2020,CNW,TX,ASW,CE,Federal Contract Tower,0,0,13,26,39,0,0,83,13,96,0,0,96,39,135,308,54,362,497
10/08/2020,CNW,TX,ASW,CE,Federal Contract Tower,0,0,26,34,60,0,0,47,7,54,0,0,73,41,114,246,94,340,454
10/09/2020,CNW,TX,ASW,CE,Federal Contract Tower,0,0,12,16,28,0,0,9,4,13,0,0,21,20,41,34,68,102,143
10/10/2020,CNW,TX,ASW,CE,Federal Contract Tower,0,0,5,20,25,0,0,61,0,61,0,0,66,20,86,28,16,44,130
10/11/2020,CNW,TX,ASW,CE,Federal Contract Tower,0,0,1,13,14,0,0,14,1,15,0,0,15,14,29,36,0,36,65
10/12/2020,CNW,TX,ASW,CE,Federal Contract Tower,0,0,6,0,6,0,0,39,0,39,0,0,45,0,45,134,0,134,179
10/13/2020,CNW,TX,ASW,CE,Federal Contract Tower,0,0,15,11,26,0,0,63,11,74,0,0,78,22,100,196,96,292,392
10/14/2020,CNW,TX,ASW,CE,Federal Contract Tower,0,0,29,36,65,0,0,55,12,67,0,0,84,48,132,110,108,218,350
10/15/2020,CNW,TX,ASW,CE,Federal Contract Tower,0,0,12,4,16,0,0,29,15,44,0,0,41,19,60,142,38,180,240
10/16/2020,CNW,TX,ASW,CE,Federal Contract Tower,0,0,11,26,37,0,0,59,6,65,0,0,70,32,102,122,52,174,276
10/17/2020,CNW,TX,ASW,CE,Federal Contract Tower,0,0,2,41,43,0,0,7,2,9,0,0,9,43,52,50,22,72,124
10/18/2020,CNW,TX,ASW,CE,Federal Contract Tower,0,0,3,12,15,0,0,10,0,10,0,0,13,12,25,40,0,40,65
10/19/2020,CNW,TX,ASW,CE,Federal Contract Tower,0,0,16,12,28,0,0,21,9,30,0,0,37,21,58,34,40,74,132
10/20/2020,CNW,TX,ASW,CE,Federal Contract Tower,0,0,22,40,62,0,0,44,8,52,0,0,66,48,114,158,46,204,318
10/21/2020,CNW,TX,ASW,CE,Federal Contract Tower,0,0,24,23,47,0,0,43,5,48,0,0,67,28,95,192,76,268,363
10/22/2020,CNW,TX,ASW,CE,Federal Contract Tower,0,0,25,19,44,0,0,26,9,35,0,0,51,28,79,56,56,112,191
10/23/2020,CNW,TX,ASW,CE,Federal Contract Tower,0,0,2,2,4,0,0,0,1,1,0,0,2,3,5,0,0,0,5
10/24/2020,CNW,TX,ASW,CE,Federal Contract Tower,0,0,4,7,11,0,0,13,7,20,0,0,17,14,31,4,34,38,69
10/25/2020,CNW,TX,ASW,CE,Federal Contract Tower,0,0,4,2,6,0,0,4,0,4,0,0,8,2,10,32,0,32,42
10/26/2020,CNW,TX,ASW,CE,Federal Contract Tower,0,0,5,0,5,0,0,1,0,1,0,0,6,0,6,0,0,0,6
10/27/2020,CNW,TX,ASW,CE,Federal Contract Tower,0,0,2,0,2,0,0,0,0,0,0,0,2,0,2,0,0,0,2
10/28/2020,CNW,TX,ASW,CE,Federal Contract Tower,0,0,16,2,18,0,0,3,4,7,0,0,19,6,25,20,28,48,73
10/29/2020,CNW,TX,ASW,CE,Federal Contract Tower,0,0,8,7,15,0,0,10,5,15,0,0,18,12,30,26,22,48,78
10/30/2020,CNW,TX,ASW,CE,Federal Contract Tower,0,0,13,14,27,0,0,40,3,43,0,0,53,17,70,176,46,222,292
10/31/2020,CNW,TX,ASW,CE,Federal Contract Tower,0,0,6,0,6,0,0,15,0,15,0,0,21,0,21,60,0,60,81
11/01/2020,CNW,TX,ASW,CE,Federal Contract Tower,0,0,0,0,0,0,0,15,0,15,0,0,15,0,15,32,0,32,47
11/02/2020,CNW,TX,ASW,CE,Federal Contract Tower,0,0,14,28,42,0,0,53,12,65,0,0,67,40,107,92,110,202,309
11/03/2020,CNW,TX,ASW,CE,Federal Contract Tower,0,0,25,13,38,0,0,58,5,63,0,0,83,18,101,182,88,270,371
11/04/2020,CNW,TX,ASW,CE,Federal Contract Tower,0,0,24,5,29,0,0,52,6,58,0,0,76,11,87,128,60,188,275
11/05/2020,CNW,TX,ASW,CE,Federal Contract Tower,0,0,11,18,29,0,0,30,5,35,0,0,41,23,64,54,24,78,142
11/06/2020,CNW,TX,ASW,CE,Federal Contract Tower,0,0,13,14,27,0,0,35,0,35,0,0,48,14,62,134,12,146,208
11/07/2020,CNW,TX,ASW,CE,Federal Contract Tower,0,0,2,7,9,0,0,15,3,18,0,0,17,10,27,62,0,62,89
11/08/2020,CNW,TX,ASW,CE,Federal Contract Tower,0,0,3,0,3,0,0,7,0,7,0,0,10,0,10,24,0,24,34
11/09/2020,CNW,TX,ASW,CE,Federal Contract Tower,0,0,12,13,25,0,0,22,7,29,0,0,34,20,54,44,58,102,156
11/10/2020,CNW,TX,ASW,CE,Federal Contract Tower,0,0,12,23,35,0,0,40,10,50,0,0,52,33,85,202,38,240,325
11/11/2020,CNW,TX,ASW,CE,Federal Contract Tower,0,0,11,0,11,0,0,64,0,64,0,0,75,0,75,178,0,178,253
11/12/2020,CNW,TX,ASW,CE,Federal Contract Tower,0,0,24,6,30,0,0,35,1,36,0,0,59,7,66,129,12,141,207
11/13/2020,CNW,TX,ASW,CE,Federal Contract Tower,0,0,14,6,20,0,0,19,0,19,0,0,33,6,39,132,0,132,171
11/14/2020,CNW,TX,ASW,CE,Federal Contract Tower,0,0,0,11,11,0,0,11,4,15,0,0,11,15,26,32,40,72,98
11/15/2020,CNW,TX,ASW,CE,Federal Contract Tower,0,0,2,0,2,0,0,16,0,16,0,0,18,0,18,34,0,34,52
11/16/2020,CNW,TX,ASW,CE,Federal Contract Tower,0,0,9,18,27,0,0,57,16,73,0,0,66,34,100,222,50,272,372
11/17/2020,CNW,TX,ASW,CE,Federal Contract Tower,0,1,15,15,31,0,0,42,14,56,0,1,57,29,87,204,122,326,413
11/18/2020,CNW,TX,ASW,CE,Federal Contract Tower,0,0,15,18,33,0,0,61,6,67,0,0,76,24,100,228,46,274,374
11/19/2020,CNW,TX,ASW,CE,Federal Contract Tower,0,0,14,16,30,0,0,26,6,32,0,0,40,22,62,72,52,124,186
11/20/2020,CNW,TX,ASW,CE,Federal Contract Tower,0,0,10,26,36,0,0,23,0,23,0,0,33,26,59,60,20,80,139
11/21/2020,CNW,TX,ASW,CE,Federal Contract Tower,0,0,4,18,22,0,0,12,2,14,0,0,16,20,36,8,20,28,64
11/22/2020,CNW,TX,ASW,CE,Federal Contract Tower,0,0,3,0,3,0,0,7,0,7,0,0,10,0,10,10,0,10,20
11/23/2020,CNW,TX,ASW,CE,Federal Contract Tower,0,0,18,4,22,0,0,10,0,10,0,0,28,4,32,82,0,82,114
11/24/2020,CNW,TX,ASW,CE,Federal Contract Tower,0,0,1,0,1,0,0,1,6,7,0,0,2,6,8,0,26,26,34
11/26/2020,CNW,TX,ASW,CE,Federal Contract Tower,0,0,2,0,2,0,0,5,0,5,0,0,7,0,7,0,0,0,7
11/27/2020,CNW,TX,ASW,CE,Federal Contract Tower,0,0,4,0,4,0,0,0,0,0,0,0,4,0,4,0,0,0,4
11/28/2020,CNW,TX,ASW,CE,Federal Contract Tower,0,0,0,0,0,0,0,0,0,0,0,0,0,0,0,0,0,0,0
11/29/2020,CNW,TX,ASW,CE,Federal Contract Tower,0,0,2,0,2,0,0,2,0,2,0,0,4,0,4,14,0,14,18
11/30/2020,CNW,TX,ASW,CE,Federal Contract Tower,0,0,20,10,30,0,0,49,3,52,0,0,69,13,82,138,72,210,292
12/01/2020,CNW,TX,ASW,CE,Federal Contract Tower,0,0,13,30,43,0,0,47,3,50,0,0,60,33,93,144,78,222,315
12/02/2020,CNW,TX,ASW,CE,Federal Contract Tower,0,0,13,1,14,0,0,22,4,26,0,0,35,5,40,22,36,58,98
12/03/2020,CNW,TX,ASW,CE,Federal Contract Tower,0,0,7,2,9,0,0,37,0,37,0,0,44,2,46,120,0,120,166
12/04/2020,CNW,TX,ASW,CE,Federal Contract Tower,0,0,7,3,10,0,0,57,7,64,0,0,64,10,74,94,56,150,224
12/05/2020,CNW,TX,ASW,CE,Federal Contract Tower,0,0,5,16,21,0,0,12,4,16,0,0,17,20,37,24,4,28,65
12/06/2020,CNW,TX,ASW,CE,Federal Contract Tower,0,0,2,0,2,0,0,22,0,22,0,0,24,0,24,32,0,32,56
12/07/2020,CNW,TX,ASW,CE,Federal Contract Tower,0,0,12,4,16,0,6,39,5,50,0,6,51,9,66,70,30,100,166
12/08/2020,CNW,TX,ASW,CE,Federal Contract Tower,0,0,12,28,40,0,0,46,9,55,0,0,58,37,95,114,60,174,269
12/09/2020,CNW,TX,ASW,CE,Federal Contract Tower,0,0,13,6,19,0,0,51,4,55,0,0,64,10,74,42,82,124,198
12/10/2020,CNW,TX,ASW,CE,Federal Contract Tower,0,0,17,29,46,0,0,32,0,32,0,0,49,29,78,52,22,74,152
12/11/2020,CNW,TX,ASW,CE,Federal Contract Tower,0,0,4,4,8,0,0,0,0,0,0,0,4,4,8,0,0,0,8
12/12/2020,CNW,TX,ASW,CE,Federal Contract Tower,0,0,4,2,6,0,0,18,0,18,0,0,22,2,24,20,0,20,44
12/13/2020,CNW,TX,ASW,CE,Federal Contract Tower,0,0,0,0,0,0,0,0,0,0,0,0,0,0,0,0,0,0,0
12/14/2020,CNW,TX,ASW,CE,Federal Contract Tower,0,0,9,8,17,0,0,45,6,51,0,0,54,14,68,124,32,156,224
12/15/2020,CNW,TX,ASW,CE,Federal Contract Tower,0,0,5,16,21,0,0,0,0,0,0,0,5,16,21,0,0,0,21
12/17/2020,CNW,TX,ASW,CE,Federal Contract Tower,0,0,10,6,16,0,0,54,6,60,0,0,64,12,76,74,60,134,210
12/18/2020,CNW,TX,ASW,CE,Federal Contract Tower,0,0,7,22,29,0,0,21,4,25,0,0,28,26,54,40,168,208,262
12/19/2020,CNW,TX,ASW,CE,Federal Contract Tower,0,0,2,0,2,0,0,6,0,6,0,0,8,0,8,0,0,0,8
12/20/2020,CNW,TX,ASW,CE,Federal Contract Tower,0,0,5,0,5,0,0,30,0,30,0,0,35,0,35,56,0,56,91
12/21/2020,CNW,TX,ASW,CE,Federal Contract Tower,0,0,3,20,23,0,0,18,7,25,0,0,21,27,48,10,74,84,132
12/22/2020,CNW,TX,ASW,CE,Federal Contract Tower,0,0,1,20,21,0,0,7,8,15,0,0,8,28,36,0,70,70,106
12/23/2020,CNW,TX,ASW,CE,Federal Contract Tower,0,0,0,0,0,0,0,9,0,9,0,0,9,0,9,46,0,46,55
12/24/2020,CNW,TX,ASW,CE,Federal Contract Tower,0,0,0,0,0,0,0,0,0,0,0,0,0,0,0,0,0,0,0
12/25/2020,CNW,TX,ASW,CE,Federal Contract Tower,0,0,0,0,0,0,0,2,0,2,0,0,2,0,2,2,0,2,4
12/26/2020,CNW,TX,ASW,CE,Federal Contract Tower,0,0,0,0,0,0,0,5,0,5,0,0,5,0,5,0,0,0,5
12/27/2020,CNW,TX,ASW,CE,Federal Contract Tower,0,0,0,0,0,0,0,5,0,5,0,0,5,0,5,0,0,0,5
12/28/2020,CNW,TX,ASW,CE,Federal Contract Tower,0,0,2,0,2,0,0,0,0,0,0,0,2,0,2,0,0,0,2
12/29/2020,CNW,TX,ASW,CE,Federal Contract Tower,0,0,3,0,3,0,0,2,2,4,0,0,5,2,7,0,6,6,13
12/30/2020,CNW,TX,ASW,CE,Federal Contract Tower,0,0,0,0,0,0,0,0,0,0,0,0,0,0,0,0,0,0,0
12/31/2020,CNW,TX,ASW,CE,Federal Contract Tower,0,0,0,0,0,0,0,0,0,0,0,0,0,0,0,0,0,0,0
01/01/2021,CNW,TX,ASW,CE,Federal Contract Tower,0,0,0,0,0,0,0,0,0,0,0,0,0,0,0,0,0,0,0
01/02/2021,CNW,TX,ASW,CE,Federal Contract Tower,0,0,2,0,2,0,0,9,0,9,0,0,11,0,11,10,0,10,21
01/03/2021,CNW,TX,ASW,CE,Federal Contract Tower,0,0,2,0,2,0,0,7,0,7,0,0,9,0,9,0,0,0,9
01/04/2021,CNW,TX,ASW,CE,Federal Contract Tower,0,0,10,0,10,0,0,32,0,32,0,0,42,0,42,42,0,42,84
01/05/2021,CNW,TX,ASW,CE,Federal Contract Tower,0,0,6,2,8,0,0,36,8,44,0,0,42,10,52,120,58,178,230
01/07/2021,CNW,TX,ASW,CE,Federal Contract Tower,0,0,10,4,14,0,0,15,11,26,0,0,25,15,40,38,60,98,138
01/08/2021,CNW,TX,ASW,CE,Federal Contract Tower,0,0,5,13,18,0,0,12,2,14,0,0,17,15,32,12,36,48,80
01/09/2021,CNW,TX,ASW,CE,Federal Contract Tower,0,2,0,8,10,0,0,6,0,6,0,2,6,8,16,0,14,14,30
01/10/2021,CNW,TX,ASW,CE,Federal Contract Tower,0,0,0,0,0,0,0,0,0,0,0,0,0,0,0,0,0,0,0
01/11/2021,CNW,TX,ASW,CE,Federal Contract Tower,0,0,2,4,6,0,0,14,9,23,0,0,16,13,29,0,58,58,87
01/12/2021,CNW,TX,ASW,CE,Federal Contract Tower,0,0,8,8,16,0,0,25,6,31,0,0,33,14,47,72,78,150,197
01/14/2021,CNW,TX,ASW,CE,Federal Contract Tower,0,0,7,0,7,0,0,29,4,33,0,0,36,4,40,40,38,78,118
01/15/2021,CNW,TX,ASW,CE,Federal Contract Tower,0,0,5,0,5,0,0,6,2,8,0,0,11,2,13,12,0,12,25
01/16/2021,CNW,TX,ASW,CE,Federal Contract Tower,0,0,7,0,7,0,0,11,0,11,0,0,18,0,18,16,0,16,34
01/17/2021,CNW,TX,ASW,CE,Federal Contract Tower,0,0,1,2,3,0,0,17,0,17,0,0,18,2,20,20,0,20,40
01/18/2021,CNW,TX,ASW,CE,Federal Contract Tower,0,0,10,0,10,0,0,31,0,31,0,0,41,0,41,100,0,100,141
01/19/2021,CNW,TX,ASW,CE,Federal Contract Tower,0,0,8,0,8,0,0,4,0,4,0,0,12,0,12,28,0,28,40
01/20/2021,CNW,TX,ASW,CE,Federal Contract Tower,0,0,16,8,24,0,0,1,0,1,0,0,17,8,25,8,0,8,33
01/21/2021,CNW,TX,ASW,CE,Federal Contract Tower,0,0,19,1,20,0,0,33,6,39,0,0,52,7,59,76,12,88,147
01/22/2021,CNW,TX,ASW,CE,Federal Contract Tower,0,0,4,4,8,0,0,0,0,0,0,0,4,4,8,0,0,0,8
01/23/2021,CNW,TX,ASW,CE,Federal Contract Tower,0,0,0,0,0,0,0,0,0,0,0,0,0,0,0,0,0,0,0
01/24/2021,CNW,TX,ASW,CE,Federal Contract Tower,0,0,0,0,0,0,0,0,0,0,0,0,0,0,0,0,0,0,0
01/25/2021,CNW,TX,ASW,CE,Federal Contract Tower,0,0,10,10,20,0,0,20,10,30,0,0,30,20,50,26,64,90,140
01/26/2021,CNW,TX,ASW,CE,Federal Contract Tower,0,0,11,6,17,0,0,59,11,70,0,0,70,17,87,160,98,258,345
01/27/2021,CNW,TX,ASW,CE,Federal Contract Tower,0,0,5,12,17,0,0,49,7,56,0,0,54,19,73,118,112,230,303
01/28/2021,CNW,TX,ASW,CE,Federal Contract Tower,0,0,7,19,26,0,0,49,3,52,0,0,56,22,78,108,52,160,238
01/29/2021,CNW,TX,ASW,CE,Federal Contract Tower,0,0,21,6,27,0,0,40,7,47,0,0,61,13,74,70,46,116,190
01/30/2021,CNW,TX,ASW,CE,Federal Contract Tower,0,0,0,4,4,0,0,2,0,2,0,0,2,4,6,0,0,0,6
01/31/2021,CNW,TX,ASW,CE,Federal Contract Tower,0,0,3,0,3,0,0,21,0,21,0,0,24,0,24,28,0,28,52
02/01/2021,CNW,TX,ASW,CE,Federal Contract Tower,0,0,3,4,7,0,0,38,14,52,0,0,41,18,59,102,94,196,255
02/02/2021,CNW,TX,ASW,CE,Federal Contract Tower,0,0,16,8,24,0,0,40,8,48,0,0,56,16,72,72,88,160,232
02/03/2021,CNW,TX,ASW,CE,Federal Contract Tower,0,0,10,27,37,0,0,41,6,47,0,0,51,33,84,64,66,130,214
02/04/2021,CNW,TX,ASW,CE,Federal Contract Tower,0,0,5,15,20,0,0,23,12,35,0,0,28,27,55,102,60,162,217
02/05/2021,CNW,TX,ASW,CE,Federal Contract Tower,0,0,9,13,22,0,0,39,4,43,0,0,48,17,65,126,26,152,217
02/06/2021,CNW,TX,ASW,CE,Federal Contract Tower,0,0,5,14,19,0,0,5,0,5,0,0,10,14,24,20,12,32,56
02/07/2021,CNW,TX,ASW,CE,Federal Contract Tower,0,0,3,4,7,0,0,22,0,22,0,0,25,4,29,46,0,46,75
02/08/2021,CNW,TX,ASW,CE,Federal Contract Tower,0,0,2,14,16,0,0,5,7,12,0,0,7,21,28,24,34,58,86
02/09/2021,CNW,TX,ASW,CE,Federal Contract Tower,0,0,10,14,24,0,0,14,6,20,0,0,24,20,44,58,28,86,130
02/10/2021,CNW,TX,ASW,CE,Federal Contract Tower,0,0,18,1,19,0,0,0,0,0,0,0,18,1,19,0,0,0,19
02/11/2021,CNW,TX,ASW,CE,Federal Contract Tower,0,0,1,0,1,0,0,0,0,0,0,0,1,0,1,0,0,0,1
02/12/2021,CNW,TX,ASW,CE,Federal Contract Tower,0,0,2,1,3,0,0,0,2,2,0,0,2,3,5,0,0,0,5
02/13/2021,CNW,TX,ASW,CE,Federal Contract Tower,0,0,0,0,0,0,0,2,0,2,0,0,2,0,2,0,0,0,2
02/14/2021,CNW,TX,ASW,CE,Federal Contract Tower,0,0,0,0,0,0,0,0,0,0,0,0,0,0,0,0,0,0,0
02/15/2021,CNW,TX,ASW,CE,Federal Contract Tower,0,0,0,0,0,0,0,0,0,0,0,0,0,0,0,0,0,0,0
02/16/2021,CNW,TX,ASW,CE,Federal Contract Tower,0,0,0,0,0,0,0,1,0,1,0,0,1,0,1,0,0,0,1
02/17/2021,CNW,TX,ASW,CE,Federal Contract Tower,0,0,0,0,0,0,0,0,0,0,0,0,0,0,0,0,0,0,0
02/18/2021,CNW,TX,ASW,CE,Federal Contract Tower,0,0,0,0,0,0,0,1,0,1,0,0,1,0,1,0,0,0,1
02/19/2021,CNW,TX,ASW,CE,Federal Contract Tower,0,0,0,0,0,0,0,1,0,1,0,0,1,0,1,0,0,0,1
02/20/2021,CNW,TX,ASW,CE,Federal Contract Tower,0,0,0,1,1,0,0,2,0,2,0,0,2,1,3,0,0,0,3
02/21/2021,CNW,TX,ASW,CE,Federal Contract Tower,0,0,2,0,2,0,0,4,0,4,0,0,6,0,6,6,0,6,12
02/22/2021,CNW,TX,ASW,CE,Federal Contract Tower,0,0,5,48,53,0,0,69,13,82,0,0,74,61,135,227,158,385,520
02/23/2021,CNW,TX,ASW,CE,Federal Contract Tower,0,0,18,42,60,0,0,46,13,59,0,0,64,55,119,114,52,166,285
02/24/2021,CNW,TX,ASW,CE,Federal Contract Tower,0,0,15,3,18,0,0,52,8,60,0,0,67,11,78,190,50,240,318
02/25/2021,CNW,TX,ASW,CE,Federal Contract Tower,0,0,13,13,26,0,0,33,1,34,0,0,46,14,60,112,146,258,318
02/26/2021,CNW,TX,ASW,CE,Federal Contract Tower,0,0,10,9,19,0,0,0,0,0,0,0,10,9,19,0,0,0,19
02/27/2021,CNW,TX,ASW,CE,Federal Contract Tower,0,0,0,4,4,0,0,0,0,0,0,0,0,4,4,0,0,0,4
02/28/2021,CNW,TX,ASW,CE,Federal Contract Tower,0,0,4,0,4,0,0,0,0,0,0,0,4,0,4,0,0,0,4
03/01/2021,CNW,TX,ASW,CE,Federal Contract Tower,0,2,11,2,15,0,0,6,1,7,0,2,17,3,22,64,16,80,102
03/02/2021,CNW,TX,ASW,CE,Federal Contract Tower,0,2,17,7,26,0,0,67,5,72,0,2,84,12,98,184,52,236,334
03/03/2021,CNW,TX,ASW,CE,Federal Contract Tower,0,0,16,22,38,0,0,70,13,83,0,0,86,35,121,226,142,368,489
03/04/2021,CNW,TX,ASW,CE,Federal Contract Tower,0,0,10,29,39,0,0,54,10,64,0,0,64,39,103,146,120,266,369
03/05/2021,CNW,TX,ASW,CE,Federal Contract Tower,0,0,10,6,16,0,0,34,7,41,0,0,44,13,57,64,86,150,207
03/06/2021,CNW,TX,ASW,CE,Federal Contract Tower,0,0,2,0,2,0,0,5,0,5,0,0,7,0,7,12,0,12,19
03/07/2021,CNW,TX,ASW,CE,Federal Contract Tower,0,0,0,0,0,0,0,13,0,13,0,0,13,0,13,20,0,20,33
03/08/2021,CNW,TX,ASW,CE,Federal Contract Tower,0,0,6,22,28,0,0,50,5,55,0,0,56,27,83,138,196,334,417
03/09/2021,CNW,TX,ASW,CE,Federal Contract Tower,0,0,13,7,20,0,0,16,9,25,0,0,29,16,45,88,50,138,183
03/10/2021,CNW,TX,ASW,CE,Federal Contract Tower,0,0,13,9,22,0,0,16,3,19,0,0,29,12,41,60,20,80,121
03/11/2021,CNW,TX,ASW,CE,Federal Contract Tower,0,0,7,6,13,0,0,24,7,31,0,0,31,13,44,54,46,100,144
03/12/2021,CNW,TX,ASW,CE,Federal Contract Tower,0,0,5,10,15,0,0,9,1,10,0,0,14,11,25,36,32,68,93
03/13/2021,CNW,TX,ASW,CE,Federal Contract Tower,0,1,0,28,29,0,0,5,1,6,0,1,5,29,35,6,14,20,55
03/14/2021,CNW,TX,ASW,CE,Federal Contract Tower,0,1,0,0,1,0,0,7,0,7,0,1,7,0,8,12,0,12,20
03/15/2021,CNW,TX,ASW,CE,Federal Contract Tower,0,0,6,8,14,0,0,26,6,32,0,0,32,14,46,126,48,174,220
03/16/2021,CNW,TX,ASW,CE,Federal Contract Tower,0,0,12,6,18,0,0,31,6,37,0,0,43,12,55,168,128,296,351
03/17/2021,CNW,TX,ASW,CE,Federal Contract Tower,0,0,0,0,0,0,0,3,0,3,0,0,3,0,3,14,0,14,17
03/18/2021,CNW,TX,ASW,CE,Federal Contract Tower,0,0,2,2,4,0,0,11,6,17,0,0,13,8,21,8,36,44,65
03/19/2021,CNW,TX,ASW,CE,Federal Contract Tower,0,0,12,4,16,0,0,55,5,60,0,0,67,9,76,166,30,196,272
03/20/2021,CNW,TX,ASW,CE,Federal Contract Tower,0,0,5,10,15,0,0,29,2,31,0,0,34,12,46,68,0,68,114
03/21/2021,CNW,TX,ASW,CE,Federal Contract Tower,0,0,1,2,3,0,0,10,0,10,0,0,11,2,13,20,0,20,33
03/22/2021,CNW,TX,ASW,CE,Federal Contract Tower,0,0,10,4,14,0,0,9,0,9,0,0,19,4,23,96,0,96,119
03/23/2021,CNW,TX,ASW,CE,Federal Contract Tower,0,0,15,6,21,0,0,64,9,73,0,0,79,15,94,186,78,264,358
03/24/2021,CNW,TX,ASW,CE,Federal Contract Tower,0,0,3,13,16,0,0,31,14,45,0,0,34,27,61,78,38,116,177
03/25/2021,CNW,TX,ASW,CE,Federal Contract Tower,0,0,7,3,10,0,0,27,17,44,0,0,34,20,54,52,42,94,148
03/26/2021,CNW,TX,ASW,CE,Federal Contract Tower,0,2,10,18,30,0,0,49,3,52,0,2,59,21,82,130,34,164,246
03/27/2021,CNW,TX,ASW,CE,Federal Contract Tower,0,0,3,10,13,0,0,5,2,7,0,0,8,12,20,4,0,4,24
03/28/2021,CNW,TX,ASW,CE,Federal Contract Tower,0,0,0,0,0,0,0,2,2,4,0,0,2,2,4,0,12,12,16
03/29/2021,CNW,TX,ASW,CE,Federal Contract Tower,0,0,18,18,36,0,0,46,12,58,0,0,64,30,94,160,60,220,314
03/30/2021,CNW,TX,ASW,CE,Federal Contract Tower,0,0,3,2,5,0,0,7,7,14,0,0,10,9,19,30,30,60,79
03/31/2021,CNW,TX,ASW,CE,Federal Contract Tower,0,0,2,23,25,0,0,20,5,25,0,0,22,28,50,38,106,144,194
04/01/2021,CNW,TX,ASW,CE,Federal Contract Tower,0,0,11,7,18,0,0,71,7,78,0,0,82,14,96,158,34,192,288
04/02/2021,CNW,TX,ASW,CE,Federal Contract Tower,0,2,6,3,11,0,2,34,0,36,0,4,40,3,47,98,0,98,145
04/03/2021,CNW,TX,ASW,CE,Federal Contract Tower,0,0,7,0,7,0,6,5,0,11,0,6,12,0,18,4,0,4,22
04/04/2021,CNW,TX,ASW,CE,Federal Contract Tower,0,1,2,0,3,0,1,10,0,11,0,2,12,0,14,0,0,0,14
04/05/2021,CNW,TX,ASW,CE,Federal Contract Tower,0,0,19,14,33,0,1,22,7,30,0,1,41,21,63,22,28,50,113
04/06/2021,CNW,TX,ASW,CE,Federal Contract Tower,0,0,9,4,13,0,5,10,6,21,0,5,19,10,34,40,30,70,104
04/07/2021,CNW,TX,ASW,CE,Federal Contract Tower,0,0,10,0,10,0,4,22,13,39,0,4,32,13,49,62,56,118,167
04/08/2021,CNW,TX,ASW,CE,Federal Contract Tower,0,0,15,17,32,0,0,63,5,68,0,0,78,22,100,140,90,230,330
04/09/2021,CNW,TX,ASW,CE,Federal Contract Tower,0,0,11,28,39,0,0,8,7,15,0,0,19,35,54,48,88,136,190
04/10/2021,CNW,TX,ASW,CE,Federal Contract Tower,0,0,5,12,17,0,0,14,4,18,0,0,19,16,35,30,12,42,77
04/11/2021,CNW,TX,ASW,CE,Federal Contract Tower,0,0,0,7,7,0,2,19,1,22,0,2,19,8,29,6,0,6,35
04/12/2021,CNW,TX,ASW,CE,Federal Contract Tower,0,0,14,3,17,0,0,47,9,56,0,0,61,12,73,110,58,168,241
04/13/2021,CNW,TX,ASW,CE,Federal Contract Tower,0,0,12,13,25,0,1,54,16,71,0,1,66,29,96,130,150,280,376
04/15/2021,CNW,TX,ASW,CE,Federal Contract Tower,0,0,4,4,8,0,0,0,0,0,0,0,4,4,8,0,16,16,24
04/16/2021,CNW,TX,ASW,CE,Federal Contract Tower,0,0,1,0,1,0,0,0,0,0,0,0,1,0,1,0,0,0,1
04/17/2021,CNW,TX,ASW,CE,Federal Contract Tower,0,0,6,6,12,0,0,4,0,4,0,0,10,6,16,0,8,8,24
04/18/2021,CNW,TX,ASW,CE,Federal Contract Tower,0,0,10,4,14,0,0,16,0,16,0,0,26,4,30,34,20,54,84
04/19/2021,CNW,TX,ASW,CE,Federal Contract Tower,0,1,11,8,20,0,3,65,15,83,0,4,76,23,103,80,122,202,305
04/20/2021,CNW,TX,ASW,CE,Federal Contract Tower,0,0,16,6,22,0,2,50,7,59,0,2,66,13,81,162,70,232,313
04/21/2021,CNW,TX,ASW,CE,Federal Contract Tower,0,0,10,9,19,0,0,56,18,74,0,0,66,27,93,148,188,336,429
04/22/2021,CNW,TX,ASW,CE,Federal Contract Tower,0,2,19,46,67,0,0,41,16,57,0,2,60,62,124,188,114,302,426
04/23/2021,CNW,TX,ASW,CE,Federal Contract Tower,0,0,0,0,0,0,0,0,0,0,0,0,0,0,0,0,0,0,0
04/24/2021,CNW,TX,ASW,CE,Federal Contract Tower,0,0,9,8,17,0,0,22,0,22,0,0,31,8,39,74,0,74,113
04/25/2021,CNW,TX,ASW,CE,Federal Contract Tower,0,0,1,0,1,0,1,22,4,27,0,1,23,4,28,54,0,54,82
04/26/2021,CNW,TX,ASW,CE,Federal Contract Tower,0,0,12,22,34,0,0,34,7,41,0,0,46,29,75,126,102,228,303
04/27/2021,CNW,TX,ASW,CE,Federal Contract Tower,0,0,7,0,7,0,0,5,0,5,0,0,12,0,12,32,0,32,44
04/28/2021,CNW,TX,ASW,CE,Federal Contract Tower,0,0,2,8,10,0,1,26,8,35,0,1,28,16,45,134,62,196,241
04/29/2021,CNW,TX,ASW,CE,Federal Contract Tower,0,0,0,1,1,0,0,0,0,0,0,0,0,1,1,0,0,0,1
04/30/2021,CNW,TX,ASW,CE,Federal Contract Tower,0,0,0,2,2,0,0,0,0,0,0,0,0,2,2,0,0,0,2
05/01/2021,CNW,TX,ASW,CE,Federal Contract Tower,0,0,2,0,2,0,0,13,0,13,0,0,15,0,15,22,0,22,37
05/02/2021,CNW,TX,ASW,CE,Federal Contract Tower,0,0,0,10,10,0,0,12,0,12,0,0,12,10,22,84,0,84,106
05/03/2021,CNW,TX,ASW,CE,Federal Contract Tower,0,0,11,35,46,0,0,43,0,43,0,0,54,35,89,62,52,114,203
05/04/2021,CNW,TX,ASW,CE,Federal Contract Tower,0,0,15,28,43,0,0,29,9,38,0,0,44,37,81,56,104,160,241
05/06/2021,CNW,TX,ASW,CE,Federal Contract Tower,0,0,14,3,17,0,0,61,12,73,0,0,75,15,90,128,74,202,292
05/07/2021,CNW,TX,ASW,CE,Federal Contract Tower,0,0,9,4,13,0,0,35,3,38,0,0,44,7,51,178,34,212,263
05/08/2021,CNW,TX,ASW,CE,Federal Contract Tower,0,0,6,11,17,0,1,1,4,6,0,1,7,15,23,12,10,22,45
05/09/2021,CNW,TX,ASW,CE,Federal Contract Tower,0,0,0,1,1,0,0,3,0,3,0,0,3,1,4,10,0,10,14
05/10/2021,CNW,TX,ASW,CE,Federal Contract Tower,0,0,12,0,12,0,0,1,0,1,0,0,13,0,13,40,0,40,53
05/11/2021,CNW,TX,ASW,CE,Federal Contract Tower,0,0,0,0,0,0,0,0,0,0,0,0,0,0,0,0,0,0,0
05/12/2021,CNW,TX,ASW,CE,Federal Contract Tower,0,0,8,0,8,0,0,4,4,8,0,0,12,4,16,20,22,42,58
05/13/2021,CNW,TX,ASW,CE,Federal Contract Tower,0,0,12,4,16,0,2,45,10,57,0,2,57,14,73,118,72,190,263
05/14/2021,CNW,TX,ASW,CE,Federal Contract Tower,0,0,7,51,58,0,0,32,2,34,0,0,39,53,92,104,52,156,248
05/15/2021,CNW,TX,ASW,CE,Federal Contract Tower,0,0,0,0,0,0,2,4,0,6,0,2,4,0,6,0,0,0,6
05/16/2021,CNW,TX,ASW,CE,Federal Contract Tower,0,0,2,0,2,0,0,0,0,0,0,0,2,0,2,0,0,0,2
05/17/2021,CNW,TX,ASW,CE,Federal Contract Tower,0,0,2,0,2,0,2,7,7,16,0,2,9,7,18,18,42,60,78
05/18/2021,CNW,TX,ASW,CE,Federal Contract Tower,0,0,0,0,0,0,0,5,1,6,0,0,5,1,6,14,8,22,28
05/19/2021,CNW,TX,ASW,CE,Federal Contract Tower,0,0,13,4,17,0,1,24,6,31,0,1,37,10,48,118,50,168,216
05/20/2021,CNW,TX,ASW,CE,Federal Contract Tower,0,0,20,14,34,0,0,17,4,21,0,0,37,18,55,84,14,98,153
05/21/2021,CNW,TX,ASW,CE,Federal Contract Tower,0,0,10,7,17,0,0,4,3,7,0,0,14,10,24,10,0,10,34
05/22/2021,CNW,TX,ASW,CE,Federal Contract Tower,0,2,0,1,3,0,0,0,3,3,0,2,0,4,6,0,12,12,18
05/23/2021,CNW,TX,ASW,CE,Federal Contract Tower,0,0,1,0,1,0,0,2,0,2,0,0,3,0,3,10,0,10,13
05/24/2021,CNW,TX,ASW,CE,Federal Contract Tower,0,0,6,3,9,0,0,0,0,0,0,0,6,3,9,0,0,0,9
05/25/2021,CNW,TX,ASW,CE,Federal Contract Tower,0,0,3,2,5,0,0,16,7,23,0,0,19,9,28,112,54,166,194
05/27/2021,CNW,TX,ASW,CE,Federal Contract Tower,0,0,14,12,26,0,0,36,0,36,0,0,50,12,62,102,46,148,210
05/28/2021,CNW,TX,ASW,CE,Federal Contract Tower,0,0,3,1,4,0,0,0,0,0,0,0,3,1,4,0,0,0,4
05/29/2021,CNW,TX,ASW,CE,Federal Contract Tower,0,0,4,0,4,0,1,2,0,3,0,1,6,0,7,10,0,10,17
05/30/2021,CNW,TX,ASW,CE,Federal Contract Tower,0,0,3,0,3,0,0,7,0,7,0,0,10,0,10,36,0,36,46
05/31/2021,CNW,TX,ASW,CE,Federal Contract Tower,0,0,0,0,0,0,0,1,0,1,0,0,1,0,1,0,0,0,1
06/01/2021,CNW,TX,ASW,CE,Federal Contract Tower,0,0,9,2,11,0,5,12,1,18,0,5,21,3,29,86,20,106,135
06/02/2021,CNW,TX,ASW,CE,Federal Contract Tower,0,0,11,5,16,0,2,47,0,49,0,2,58,5,65,158,80,238,303
06/03/2021,CNW,TX,ASW,CE,Federal Contract Tower,0,0,5,11,16,0,2,33,0,35,0,2,38,11,51,122,4,126,177
06/04/2021,CNW,TX,ASW,CE,Federal Contract Tower,0,0,4,4,8,0,0,15,0,15,0,0,19,4,23,108,0,108,131
06/05/2021,CNW,TX,ASW,CE,Federal Contract Tower,0,0,0,0,0,0,0,2,1,3,0,0,2,1,3,0,0,0,3
06/06/2021,CNW,TX,ASW,CE,Federal Contract Tower,0,0,4,0,4,0,0,6,0,6,0,0,10,0,10,0,0,0,10
06/07/2021,CNW,TX,ASW,CE,Federal Contract Tower,0,0,3,0,3,0,0,6,3,9,0,0,9,3,12,10,24,34,46
06/08/2021,CNW,TX,ASW,CE,Federal Contract Tower,0,0,6,6,12,0,3,17,4,24,0,3,23,10,36,42,34,76,112
06/09/2021,CNW,TX,ASW,CE,Federal Contract Tower,0,0,3,32,35,0,0,23,5,28,0,0,26,37,63,70,86,156,219
06/10/2021,CNW,TX,ASW,CE,Federal Contract Tower,0,0,21,14,35,0,6,30,0,36,0,6,51,14,71,114,0,114,185
06/11/2021,CNW,TX,ASW,CE,Federal Contract Tower,0,0,1,16,17,0,3,19,0,22,0,3,20,16,39,50,12,62,101
06/12/2021,CNW,TX,ASW,CE,Federal Contract Tower,0,0,5,10,15,0,4,16,1,21,0,4,21,11,36,28,0,28,64
06/13/2021,CNW,TX,ASW,CE,Federal Contract Tower,0,0,1,2,3,0,1,17,0,18,0,1,18,2,21,12,0,12,33
06/14/2021,CNW,TX,ASW,CE,Federal Contract Tower,0,0,8,11,19,0,2,52,3,57,0,2,60,14,76,140,36,176,252
06/15/2021,CNW,TX,ASW,CE,Federal Contract Tower,0,0,6,16,22,0,2,70,9,81,0,2,76,25,103,184,96,280,383
06/16/2021,CNW,TX,ASW,CE,Federal Contract Tower,0,0,8,4,12,0,1,46,6,53,0,1,54,10,65,120,32,152,217
06/17/2021,CNW,TX,ASW,CE,Federal Contract Tower,0,0,7,14,21,0,1,43,0,44,0,1,50,14,65,174,56,230,295
06/18/2021,CNW,TX,ASW,CE,Federal Contract Tower,0,0,8,6,14,0,0,42,4,46,0,0,50,10,60,68,30,98,158
06/19/2021,CNW,TX,ASW,CE,Federal Contract Tower,0,0,1,16,17,0,2,15,2,19,0,2,16,18,36,10,0,10,46
06/20/2021,CNW,TX,ASW,CE,Federal Contract Tower,0,0,6,0,6,0,0,15,0,15,0,0,21,0,21,0,0,0,21
06/21/2021,CNW,TX,ASW,CE,Federal Contract Tower,0,0,3,8,11,0,0,27,5,32,0,0,30,13,43,96,56,152,195
06/22/2021,CNW,TX,ASW,CE,Federal Contract Tower,0,0,12,13,25,0,0,10,3,13,0,0,22,16,38,56,6,62,100
06/23/2021,CNW,TX,ASW,CE,Federal Contract Tower,0,0,9,38,47,0,2,23,0,25,0,2,32,38,72,90,16,106,178
06/24/2021,CNW,TX,ASW,CE,Federal Contract Tower,0,0,7,31,38,0,1,26,3,30,0,1,33,34,68,64,20,84,152
06/25/2021,CNW,TX,ASW,CE,Federal Contract Tower,0,1,11,55,67,0,2,18,4,24,0,3,29,59,91,72,40,112,203
06/26/2021,CNW,TX,ASW,CE,Federal Contract Tower,0,0,7,20,27,0,2,3,6,11,0,2,10,26,38,10,14,24,62
06/27/2021,CNW,TX,ASW,CE,Federal Contract Tower,0,0,1,4,5,0,2,1,0,3,0,2,2,4,8,0,0,0,8
06/28/2021,CNW,TX,ASW,CE,Federal Contract Tower,0,0,3,1,4,0,4,0,3,7,0,4,3,4,11,0,20,20,31
06/29/2021,CNW,TX,ASW,CE,Federal Contract Tower,0,0,7,2,9,0,1,11,0,12,0,1,18,2,21,6,12,18,39
07/01/2021,CNW,TX,ASW,CE,Federal Contract Tower,0,0,8,5,13,0,3,58,5,66,0,3,66,10,79,86,66,152,231
07/02/2021,CNW,TX,ASW,CE,Federal Contract Tower,0,0,5,0,5,0,1,23,0,24,0,1,28,0,29,36,0,36,65
07/03/2021,CNW,TX,ASW,CE,Federal Contract Tower,0,0,3,0,3,0,0,0,0,0,0,0,3,0,3,0,0,0,3
07/04/2021,CNW,TX,ASW,CE,Federal Contract Tower,0,0,1,0,1,0,0,0,0,0,0,0,1,0,1,0,0,0,1
07/05/2021,CNW,TX,ASW,CE,Federal Contract Tower,0,0,2,0,2,0,0,2,0,2,0,0,4,0,4,0,0,0,4
07/06/2021,CNW,TX,ASW,CE,Federal Contract Tower,0,0,13,2,15,0,5,17,2,24,0,5,30,4,39,36,24,60,99
07/07/2021,CNW,TX,ASW,CE,Federal Contract Tower,0,0,11,0,11,0,7,28,2,37,0,7,39,2,48,72,0,72,120
07/08/2021,CNW,TX,ASW,CE,Federal Contract Tower,0,6,17,16,39,0,1,58,2,61,0,7,75,18,100,164,56,220,320
07/09/2021,CNW,TX,ASW,CE,Federal Contract Tower,0,0,7,4,11,0,2,4,0,6,0,2,11,4,17,6,0,6,23
07/10/2021,CNW,TX,ASW,CE,Federal Contract Tower,0,0,8,42,50,0,2,0,2,4,0,2,8,44,54,0,12,12,66
07/11/2021,CNW,TX,ASW,CE,Federal Contract Tower,0,0,2,6,8,0,0,0,2,2,0,0,2,8,10,0,0,0,10
07/12/2021,CNW,TX,ASW,CE,Federal Contract Tower,0,0,3,4,7,0,2,10,1,13,0,2,13,5,20,16,30,46,66
07/13/2021,CNW,TX,ASW,CE,Federal Contract Tower,0,0,32,27,59,0,6,47,6,59,0,6,79,33,118,178,10,188,306
07/14/2021,CNW,TX,ASW,CE,Federal Contract Tower,0,0,22,35,57,0,0,51,3,54,0,0,73,38,111,148,16,164,275
07/15/2021,CNW,TX,ASW,CE,Federal Contract Tower,0,0,11,17,28,0,0,37,2,39,0,0,48,19,67,104,20,124,191
07/16/2021,CNW,TX,ASW,CE,Federal Contract Tower,0,0,14,29,43,0,3,25,1,29,0,3,39,30,72,62,46,108,180
07/17/2021,CNW,TX,ASW,CE,Federal Contract Tower,0,0,16,5,21,0,0,9,0,9,0,0,25,5,30,12,20,32,62
07/18/2021,CNW,TX,ASW,CE,Federal Contract Tower,0,0,9,2,11,0,2,5,0,7,0,2,14,2,18,0,0,0,18
07/19/2021,CNW,TX,ASW,CE,Federal Contract Tower,0,0,2,0,2,0,0,16,3,19,0,0,18,3,21,64,36,100,121
07/20/2021,CNW,TX,ASW,CE,Federal Contract Tower,0,0,9,16,25,0,3,19,3,25,0,3,28,19,50,62,64,126,176
07/22/2021,CNW,TX,ASW,CE,Federal Contract Tower,0,0,15,19,34,0,2,47,0,49,0,2,62,19,83,168,16,184,267
07/23/2021,CNW,TX,ASW,CE,Federal Contract Tower,0,0,11,17,28,0,1,40,4,45,0,1,51,21,73,109,34,143,216
07/24/2021,CNW,TX,ASW,CE,Federal Contract Tower,0,0,0,4,4,0,3,12,0,15,0,3,12,4,19,16,0,16,35
07/25/2021,CNW,TX,ASW,CE,Federal Contract Tower,0,0,2,23,25,0,0,8,0,8,0,0,10,23,33,16,10,26,59
07/26/2021,CNW,TX,ASW,CE,Federal Contract Tower,0,0,9,12,21,0,4,50,6,60,0,4,59,18,81,130,62,192,273
07/27/2021,CNW,TX,ASW,CE,Federal Contract Tower,0,0,10,18,28,0,1,59,5,65,0,1,69,23,93,128,102,230,323
07/28/2021,CNW,TX,ASW,CE,Federal Contract Tower,0,0,8,15,23,0,2,39,7,48,0,2,47,22,71,144,68,212,283
07/29/2021,CNW,TX,ASW,CE,Federal Contract Tower,0,0,18,9,27,0,0,36,6,42,0,0,54,15,69,98,20,118,187
07/30/2021,CNW,TX,ASW,CE,Federal Contract Tower,0,0,7,0,7,0,0,30,2,32,0,0,37,2,39,100,0,100,139
07/31/2021,CNW,TX,ASW,CE,Federal Contract Tower,0,0,2,14,16,0,5,7,0,12,0,5,9,14,28,42,0,42,70
08/01/2021,CNW,TX,ASW,CE,Federal Contract Tower,0,0,1,0,1,0,0,7,0,7,0,0,8,0,8,32,0,32,40
08/02/2021,CNW,TX,ASW,CE,Federal Contract Tower,0,0,3,0,3,0,0,3,0,3,0,0,6,0,6,0,0,0,6
08/03/2021,CNW,TX,ASW,CE,Federal Contract Tower,0,0,21,1,22,0,0,37,6,43,0,0,58,7,65,136,48,184,249
08/04/2021,CNW,TX,ASW,CE,Federal Contract Tower,0,0,20,7,27,0,1,36,3,40,0,1,56,10,67,124,62,186,253
08/05/2021,CNW,TX,ASW,CE,Federal Contract Tower,0,0,6,8,14,0,0,33,2,35,0,0,39,10,49,126,66,192,241
08/06/2021,CNW,TX,ASW,CE,Federal Contract Tower,0,0,12,8,20,0,2,16,0,18,0,2,28,8,38,64,12,76,114
08/07/2021,CNW,TX,ASW,CE,Federal Contract Tower,0,0,1,0,1,0,1,6,0,7,0,1,7,0,8,6,0,6,14
08/08/2021,CNW,TX,ASW,CE,Federal Contract Tower,0,0,3,4,7,0,0,8,0,8,0,0,11,4,15,24,16,40,55
08/09/2021,CNW,TX,ASW,CE,Federal Contract Tower,0,1,5,13,19,0,0,34,5,39,0,1,39,18,58,82,54,136,194
08/10/2021,CNW,TX,ASW,CE,Federal Contract Tower,0,0,7,17,24,0,4,33,12,49,0,4,40,29,73,146,88,234,307
08/11/2021,CNW,TX,ASW,CE,Federal Contract Tower,0,0,10,12,22,0,0,35,3,38,0,0,45,15,60,90,50,140,200
08/12/2021,CNW,TX,ASW,CE,Federal Contract Tower,0,0,9,8,17,0,0,31,1,32,0,0,40,9,49,60,28,88,137
08/13/2021,CNW,TX,ASW,CE,Federal Contract Tower,0,0,13,82,95,0,0,31,9,40,0,0,44,91,135,62,178,240,375
08/14/2021,CNW,TX,ASW,CE,Federal Contract Tower,0,0,3,0,3,0,4,13,0,17,0,4,16,0,20,12,0,12,32
08/15/2021,CNW,TX,ASW,CE,Federal Contract Tower,0,2,2,0,4,0,0,0,0,0,0,2,2,0,4,0,0,0,4
08/16/2021,CNW,TX,ASW,CE,Federal Contract Tower,0,0,10,1,11,0,0,45,3,48,0,0,55,4,59,166,72,238,297
08/17/2021,CNW,TX,ASW,CE,Federal Contract Tower,0,0,9,20,29,0,0,23,0,23,0,0,32,20,52,38,74,112,164
08/18/2021,CNW,TX,ASW,CE,Federal Contract Tower,0,0,2,0,2,0,0,0,0,0,0,0,2,0,2,0,0,0,2
08/19/2021,CNW,TX,ASW,CE,Federal Contract Tower,0,0,12,2,14,0,0,32,3,35,0,0,44,5,49,106,4,110,159
08/20/2021,CNW,TX,ASW,CE,Federal Contract Tower,0,1,4,59,64,0,0,28,3,31,0,1,32,62,95,50,64,114,209
08/21/2021,CNW,TX,ASW,CE,Federal Contract Tower,0,1,2,21,24,0,1,8,1,10,0,2,10,22,34,14,18,32,66
08/22/2021,CNW,TX,ASW,CE,Federal Contract Tower,0,0,1,2,3,0,4,11,0,15,0,4,12,2,18,14,0,14,32
08/23/2021,CNW,TX,ASW,CE,Federal Contract Tower,0,1,1,7,9,0,0,32,8,40,0,1,33,15,49,46,88,134,183
08/24/2021,CNW,TX,ASW,CE,Federal Contract Tower,0,0,11,18,29,0,0,54,7,61,0,0,65,25,90,158,58,216,306
08/25/2021,CNW,TX,ASW,CE,Federal Contract Tower,0,0,8,17,25,0,0,39,1,40,0,0,47,18,65,64,14,78,143
08/26/2021,CNW,TX,ASW,CE,Federal Contract Tower,0,0,5,30,35,0,0,8,0,8,0,0,13,30,43,40,96,136,179
08/27/2021,CNW,TX,ASW,CE,Federal Contract Tower,0,0,12,44,56,0,0,5,0,5,0,0,17,44,61,6,24,30,91
08/28/2021,CNW,TX,ASW,CE,Federal Contract Tower,0,0,7,6,13,0,0,9,0,9,0,0,16,6,22,8,0,8,30
08/29/2021,CNW,TX,ASW,CE,Federal Contract Tower,0,0,2,0,2,0,0,1,0,1,0,0,3,0,3,0,0,0,3
08/30/2021,CNW,TX,ASW,CE,Federal Contract Tower,0,0,7,12,19,0,0,28,10,38,0,0,35,22,57,40,84,124,181
08/31/2021,CNW,TX,ASW,CE,Federal Contract Tower,0,0,9,15,24,0,0,22,6,28,0,0,31,21,52,32,68,100,152
09/01/2021,CNW,TX,ASW,CE,Federal Contract Tower,0,0,26,7,33,0,2,36,6,44,0,2,62,13,77,81,18,99,176
09/02/2021,CNW,TX,ASW,CE,Federal Contract Tower,0,0,28,25,53,0,0,11,2,13,0,0,39,27,66,14,0,14,80
09/03/2021,CNW,TX,ASW,CE,Federal Contract Tower,0,0,8,0,8,0,2,19,0,21,0,2,27,0,29,54,0,54,83
09/04/2021,CNW,TX,ASW,CE,Federal Contract Tower,0,0,4,0,4,0,2,6,0,8,0,2,10,0,12,10,0,10,22
09/05/2021,CNW,TX,ASW,CE,Federal Contract Tower,0,0,0,0,0,0,4,4,0,8,0,4,4,0,8,0,0,0,8
09/06/2021,CNW,TX,ASW,CE,Federal Contract Tower,0,0,1,0,1,0,2,10,0,12,0,2,11,0,13,38,0,38,51
09/07/2021,CNW,TX,ASW,CE,Federal Contract Tower,0,1,10,34,45,0,5,37,4,46,0,6,47,38,91,46,14,60,151
09/08/2021,CNW,TX,ASW,CE,Federal Contract Tower,0,1,3,17,21,0,0,51,8,59,0,1,54,25,80,114,14,128,208
09/09/2021,CNW,TX,ASW,CE,Federal Contract Tower,0,0,4,8,12,0,0,32,0,32,0,0,36,8,44,76,4,80,124
09/10/2021,CNW,TX,ASW,CE,Federal Contract Tower,0,0,3,14,17,0,0,50,0,50,0,0,53,14,67,94,6,100,167
09/11/2021,CNW,TX,ASW,CE,Federal Contract Tower,0,0,1,0,1,0,2,9,0,11,0,2,10,0,12,0,0,0,12
09/12/2021,CNW,TX,ASW,CE,Federal Contract Tower,0,0,1,2,3,0,0,8,0,8,0,0,9,2,11,0,0,0,11
09/13/2021,CNW,TX,ASW,CE,Federal Contract Tower,0,0,10,3,13,0,4,25,3,32,0,4,35,6,45,66,36,102,147
09/14/2021,CNW,TX,ASW,CE,Federal Contract Tower,0,0,5,1,6,0,0,25,3,28,0,0,30,4,34,136,56,192,226
09/15/2021,CNW,TX,ASW,CE,Federal Contract Tower,0,0,13,10,23,0,2,28,4,34,0,2,41,14,57,102,32,134,191
09/16/2021,CNW,TX,ASW,CE,Federal Contract Tower,0,0,6,12,18,0,2,59,0,61,0,2,65,12,79,122,12,134,213
09/17/2021,CNW,TX,ASW,CE,Federal Contract Tower,0,0,9,22,31,0,1,33,1,35,0,1,42,23,66,52,4,56,122
09/18/2021,CNW,TX,ASW,CE,Federal Contract Tower,0,0,2,4,6,0,0,15,0,15,0,0,17,4,21,40,28,68,89
09/19/2021,CNW,TX,ASW,CE,Federal Contract Tower,0,0,1,2,3,0,0,16,0,16,0,0,17,2,19,32,16,48,67
09/20/2021,CNW,TX,ASW,CE,Federal Contract Tower,0,0,15,6,21,0,2,53,4,59,0,2,68,10,80,70,38,108,188
09/21/2021,CNW,TX,ASW,CE,Federal Contract Tower,0,0,13,2,15,0,8,35,6,49,0,8,48,8,64,182,36,218,282
09/22/2021,CNW,TX,ASW,CE,Federal Contract Tower,0,2,19,9,30,0,2,42,3,47,0,4,61,12,77,98,72,170,247
09/23/2021,CNW,TX,ASW,CE,Federal Contract Tower,0,0,22,5,27,0,1,71,5,77,0,1,93,10,104,148,50,198,302
09/24/2021,CNW,TX,ASW,CE,Federal Contract Tower,0,1,8,0,9,0,1,51,0,52,0,2,59,0,61,84,0,84,145
09/25/2021,CNW,TX,ASW,CE,Federal Contract Tower,0,1,1,0,2,0,2,15,0,17,0,3,16,0,19,28,0,28,47
09/26/2021,CNW,TX,ASW,CE,Federal Contract Tower,0,0,3,0,3,0,0,18,0,18,0,0,21,0,21,20,0,20,41
09/27/2021,CNW,TX,ASW,CE,Federal Contract Tower,0,0,3,12,15,0,1,57,8,66,0,1,60,20,81,136,42,178,259
09/28/2021,CNW,TX,ASW,CE,Federal Contract Tower,0,0,4,2,6,0,0,38,1,39,0,0,42,3,45,178,20,198,243
09/29/2021,CNW,TX,ASW,CE,Federal Contract Tower,0,0,8,0,8,0,0,49,0,49,0,0,57,0,57,172,0,172,229
09/30/2021,CNW,TX,ASW,CE,Federal Contract Tower,0,0,3,13,16,0,1,20,0,21,0,1,23,13,37,92,0,92,129
10/01/2021,CNW,TX,ASW,CE,Federal Contract Tower,0,0,3,0,3,0,2,0,0,2,0,2,3,0,5,0,0,0,5
10/02/2021,CNW,TX,ASW,CE,Federal Contract Tower,0,0,2,0,2,0,0,0,0,0,0,0,2,0,2,0,0,0,2
10/03/2021,CNW,TX,ASW,CE,Federal Contract Tower,0,0,3,0,3,0,2,13,0,15,0,2,16,0,18,26,0,26,44
10/04/2021,CNW,TX,ASW,CE,Federal Contract Tower,0,0,1,1,2,0,3,43,6,52,0,3,44,7,54,124,38,162,216
10/05/2021,CNW,TX,ASW,CE,Federal Contract Tower,0,0,0,6,6,0,4,39,3,46,0,4,39,9,52,106,12,118,170
10/06/2021,CNW,TX,ASW,CE,Federal Contract Tower,0,0,4,8,12,0,0,58,0,58,0,0,62,8,70,198,10,208,278
10/07/2021,CNW,TX,ASW,CE,Federal Contract Tower,0,0,5,21,26,0,2,49,3,54,0,2,54,24,80,156,40,196,276
10/08/2021,CNW,TX,ASW,CE,Federal Contract Tower,0,0,5,1,6,0,0,36,1,37,0,0,41,2,43,194,0,194,237
10/09/2021,CNW,TX,ASW,CE,Federal Contract Tower,0,0,2,0,2,0,1,13,0,14,0,1,15,0,16,0,0,0,16
10/10/2021,CNW,TX,ASW,CE,Federal Contract Tower,0,0,2,0,2,0,0,2,0,2,0,0,4,0,4,0,0,0,4
10/11/2021,CNW,TX,ASW,CE,Federal Contract Tower,0,0,11,0,11,0,2,52,0,54,0,2,63,0,65,190,0,190,255
10/12/2021,CNW,TX,ASW,CE,Federal Contract Tower,0,0,6,0,6,0,0,0,0,0,0,0,6,0,6,0,0,0,6
10/13/2021,CNW,TX,ASW,CE,Federal Contract Tower,0,1,3,1,5,0,0,9,6,15,0,1,12,7,20,18,10,28,48
10/14/2021,CNW,TX,ASW,CE,Federal Contract Tower,0,0,10,0,10,0,3,36,0,39,0,3,46,0,49,140,0,140,189
10/15/2021,CNW,TX,ASW,CE,Federal Contract Tower,0,2,6,6,14,0,0,9,0,9,0,2,15,6,23,42,14,56,79
10/16/2021,CNW,TX,ASW,CE,Federal Contract Tower,0,0,5,21,26,0,2,15,3,20,0,2,20,24,46,34,14,48,94
10/17/2021,CNW,TX,ASW,CE,Federal Contract Tower,0,0,0,6,6,0,1,7,0,8,0,1,7,6,14,0,18,18,32
10/18/2021,CNW,TX,ASW,CE,Federal Contract Tower,0,0,7,5,12,0,4,59,10,73,0,4,66,15,85,210,42,252,337
10/19/2021,CNW,TX,ASW,CE,Federal Contract Tower,0,0,8,23,31,0,2,52,5,59,0,2,60,28,90,145,130,275,365
10/20/2021,CNW,TX,ASW,CE,Federal Contract Tower,0,0,10,5,15,0,0,32,8,40,0,0,42,13,55,139,46,185,240
10/22/2021,CNW,TX,ASW,CE,Federal Contract Tower,0,0,4,8,12,0,1,47,2,50,0,1,51,10,62,106,6,112,174
10/23/2021,CNW,TX,ASW,CE,Federal Contract Tower,0,0,6,1,7,0,2,57,7,66,0,2,63,8,73,10,6,16,89
10/24/2021,CNW,TX,ASW,CE,Federal Contract Tower,0,0,0,12,12,0,2,8,0,10,0,2,8,12,22,0,0,0,22
10/25/2021,CNW,TX,ASW,CE,Federal Contract Tower,0,0,15,7,22,0,1,30,3,34,0,1,45,10,56,46,18,64,120
10/26/2021,CNW,TX,ASW,CE,Federal Contract Tower,0,1,9,21,31,0,2,12,3,17,0,3,21,24,48,60,34,94,142
10/27/2021,CNW,TX,ASW,CE,Federal Contract Tower,0,0,2,1,3,0,2,0,0,2,0,2,2,1,5,0,0,0,5
10/28/2021,CNW,TX,ASW,CE,Federal Contract Tower,0,0,0,0,0,0,0,2,0,2,0,0,2,0,2,0,0,0,2
10/29/2021,CNW,TX,ASW,CE,Federal Contract Tower,0,0,4,4,8,0,3,11,5,19,0,3,15,9,27,18,30,48,75
10/30/2021,CNW,TX,ASW,CE,Federal Contract Tower,0,0,7,13,20,0,1,25,3,29,0,1,32,16,49,102,4,106,155
10/31/2021,CNW,TX,ASW,CE,Federal Contract Tower,0,0,1,0,1,0,2,8,0,10,0,2,9,0,11,26,0,26,37
11/01/2021,CNW,TX,ASW,CE,Federal Contract Tower,0,0,9,13,22,0,2,53,5,60,0,2,62,18,82,154,74,228,310
11/02/2021,CNW,TX,ASW,CE,Federal Contract Tower,0,0,21,2,23,0,0,10,0,10,0,0,31,2,33,60,0,60,93
11/03/2021,CNW,TX,ASW,CE,Federal Contract Tower,0,0,5,2,7,0,0,0,0,0,0,0,5,2,7,4,0,4,11
11/04/2021,CNW,TX,ASW,CE,Federal Contract Tower,0,0,9,6,15,0,4,36,14,54,0,4,45,20,69,122,50,172,241
11/05/2021,CNW,TX,ASW,CE,Federal Contract Tower,0,0,6,5,11,0,2,58,2,62,0,2,64,7,73,156,66,222,295
11/06/2021,CNW,TX,ASW,CE,Federal Contract Tower,0,0,0,2,2,0,4,24,2,30,0,4,24,4,32,58,0,58,90
11/07/2021,CNW,TX,ASW,CE,Federal Contract Tower,0,2,6,2,10,0,2,5,0,7,0,4,11,2,17,8,0,8,25
11/08/2021,CNW,TX,ASW,CE,Federal Contract Tower,0,0,11,3,14,0,1,28,8,37,0,1,39,11,51,90,54,144,195
11/09/2021,CNW,TX,ASW,CE,Federal Contract Tower,0,0,7,12,19,0,5,40,6,51,0,5,47,18,70,122,16,138,208
11/10/2021,CNW,TX,ASW,CE,Federal Contract Tower,0,0,10,0,10,0,0,38,4,42,0,0,48,4,52,72,4,76,128
11/11/2021,CNW,TX,ASW,CE,Federal Contract Tower,0,0,9,0,9,0,1,47,2,50,0,1,56,2,59,136,14,150,209
11/12/2021,CNW,TX,ASW,CE,Federal Contract Tower,0,0,10,1,11,0,0,46,8,54,0,0,56,9,65,140,16,156,221
11/13/2021,CNW,TX,ASW,CE,Federal Contract Tower,0,0,5,2,7,0,2,22,8,32,0,2,27,10,39,0,0,0,39
11/14/2021,CNW,TX,ASW,CE,Federal Contract Tower,0,0,5,3,8,0,0,17,0,17,0,0,22,3,25,44,0,44,69
11/15/2021,CNW,TX,ASW,CE,Federal Contract Tower,0,0,12,5,17,0,3,45,7,55,0,3,57,12,72,92,76,168,240
11/16/2021,CNW,TX,ASW,CE,Federal Contract Tower,0,0,12,5,17,0,3,45,7,55,0,3,57,12,72,92,76,168,240
11/17/2021,CNW,TX,ASW,CE,Federal Contract Tower,0,0,24,10,34,0,2,49,3,54,0,2,73,13,88,106,68,174,262
11/18/2021,CNW,TX,ASW,CE,Federal Contract Tower,0,0,5,9,14,0,6,57,3,66,0,6,62,12,80,110,22,132,212
11/19/2021,CNW,TX,ASW,CE,Federal Contract Tower,0,0,17,10,27,0,1,62,0,63,0,1,79,10,90,218,0,218,308
11/20/2021,CNW,TX,ASW,CE,Federal Contract Tower,0,0,6,0,6,0,2,12,0,14,0,2,18,0,20,22,0,22,42
11/21/2021,CNW,TX,ASW,CE,Federal Contract Tower,0,0,9,0,9,0,0,7,0,7,0,0,16,0,16,0,0,0,16
11/22/2021,CNW,TX,ASW,CE,Federal Contract Tower,0,0,16,4,20,0,3,39,5,47,0,3,55,9,67,228,14,242,309
11/23/2021,CNW,TX,ASW,CE,Federal Contract Tower,0,0,7,6,13,0,4,57,2,63,0,4,64,8,76,226,24,250,326
11/24/2021,CNW,TX,ASW,CE,Federal Contract Tower,0,0,7,2,9,0,2,34,0,36,0,2,41,2,45,138,20,158,203
11/25/2021,CNW,TX,ASW,CE,Federal Contract Tower,0,0,2,0,2,0,0,4,0,4,0,0,6,0,6,0,0,0,6
11/26/2021,CNW,TX,ASW,CE,Federal Contract Tower,0,0,0,0,0,0,4,5,0,9,0,4,5,0,9,6,0,6,15
11/27/2021,CNW,TX,ASW,CE,Federal Contract Tower,0,0,2,0,2,0,2,2,0,4,0,2,4,0,6,0,0,0,6
11/28/2021,CNW,TX,ASW,CE,Federal Contract Tower,0,0,8,0,8,0,0,12,0,12,0,0,20,0,20,6,0,6,26
11/29/2021,CNW,TX,ASW,CE,Federal Contract Tower,0,0,13,8,21,0,3,43,3,49,0,3,56,11,70,138,50,188,258
11/30/2021,CNW,TX,ASW,CE,Federal Contract Tower,0,0,23,5,28,0,1,45,6,52,0,1,68,11,80,128,44,172,252
12/01/2021,CNW,TX,ASW,CE,Federal Contract Tower,0,0,9,4,13,0,0,26,1,27,0,0,35,5,40,130,0,130,170
12/02/2021,CNW,TX,ASW,CE,Federal Contract Tower,0,0,8,0,8,0,1,35,0,36,0,1,43,0,44,128,0,128,172
12/03/2021,CNW,TX,ASW,CE,Federal Contract Tower,0,0,5,3,8,0,2,23,0,25,0,2,28,3,33,84,0,84,117
12/04/2021,CNW,TX,ASW,CE,Federal Contract Tower,0,0,4,20,24,0,1,13,0,14,0,1,17,20,38,54,42,96,134
12/05/2021,CNW,TX,ASW,CE,Federal Contract Tower,0,0,0,0,0,0,0,7,0,7,0,0,7,0,7,32,0,32,39
12/06/2021,CNW,TX,ASW,CE,Federal Contract Tower,0,0,4,4,8,0,2,26,5,33,0,2,30,9,41,78,104,182,223
12/07/2021,CNW,TX,ASW,CE,Federal Contract Tower,0,0,15,3,18,0,0,49,5,54,0,0,64,8,72,82,34,116,188
12/08/2021,CNW,TX,ASW,CE,Federal Contract Tower,0,0,6,20,26,0,4,49,1,54,0,4,55,21,80,70,36,106,186
12/09/2021,CNW,TX,ASW,CE,Federal Contract Tower,0,0,8,10,18,0,0,37,0,37,0,0,45,10,55,40,0,40,95
12/10/2021,CNW,TX,ASW,CE,Federal Contract Tower,0,2,13,15,30,0,3,16,2,21,0,5,29,17,51,28,66,94,145
12/11/2021,CNW,TX,ASW,CE,Federal Contract Tower,0,0,3,6,9,0,3,6,0,9,0,3,9,6,18,6,0,6,24
12/12/2021,CNW,TX,ASW,CE,Federal Contract Tower,0,0,1,6,7,0,2,19,0,21,0,2,20,6,28,16,10,26,54
12/13/2021,CNW,TX,ASW,CE,Federal Contract Tower,0,0,5,26,31,0,0,35,0,35,0,0,40,26,66,94,62,156,222
12/14/2021,CNW,TX,ASW,CE,Federal Contract Tower,0,0,6,1,7,0,0,0,0,0,0,0,6,1,7,0,0,0,7
12/15/2021,CNW,TX,ASW,CE,Federal Contract Tower,0,0,18,15,33,0,2,30,8,40,0,2,48,23,73,110,98,208,281
12/16/2021,CNW,TX,ASW,CE,Federal Contract Tower,0,0,15,1,16,0,0,20,0,20,0,0,35,1,36,50,0,50,86
12/17/2021,CNW,TX,ASW,CE,Federal Contract Tower,0,2,9,0,11,0,4,7,0,11,0,6,16,0,22,14,0,14,36
12/18/2021,CNW,TX,ASW,CE,Federal Contract Tower,0,0,1,0,1,0,0,2,0,2,0,0,3,0,3,10,0,10,13
12/19/2021,CNW,TX,ASW,CE,Federal Contract Tower,0,0,5,2,7,0,0,19,0,19,0,0,24,2,26,14,0,14,40
12/20/2021,CNW,TX,ASW,CE,Federal Contract Tower,0,0,15,10,25,0,0,36,6,42,0,0,51,16,67,46,72,118,185
12/21/2021,CNW,TX,ASW,CE,Federal Contract Tower,0,0,9,2,11,0,0,41,3,44,0,0,50,5,55,72,66,138,193
12/22/2021,CNW,TX,ASW,CE,Federal Contract Tower,0,0,12,6,18,0,2,23,2,27,0,2,35,8,45,58,10,68,113
12/23/2021,CNW,TX,ASW,CE,Federal Contract Tower,0,0,3,0,3,0,0,11,0,11,0,0,14,0,14,28,0,28,42
12/24/2021,CNW,TX,ASW,CE,Federal Contract Tower,0,0,0,0,0,0,0,4,0,4,0,0,4,0,4,0,0,0,4
12/25/2021,CNW,TX,ASW,CE,Federal Contract Tower,0,0,0,0,0,0,1,2,0,3,0,1,2,0,3,0,0,0,3
12/26/2021,CNW,TX,ASW,CE,Federal Contract Tower,0,0,1,0,1,0,0,2,0,2,0,0,3,0,3,0,0,0,3
12/27/2021,CNW,TX,ASW,CE,Federal Contract Tower,0,0,7,0,7,0,2,9,0,11,0,2,16,0,18,0,0,0,18
12/29/2021,CNW,TX,ASW,CE,Federal Contract Tower,0,0,6,0,6,0,1,11,0,12,0,1,17,0,18,14,0,14,32
12/30/2021,CNW,TX,ASW,CE,Federal Contract Tower,0,0,3,1,4,0,0,13,0,13,0,0,16,1,17,58,0,58,75
12/31/2021,CNW,TX,ASW,CE,Federal Contract Tower,0,0,3,0,3,0,0,1,0,1,0,0,4,0,4,0,0,0,4
01/01/2022,CNW,TX,ASW,CE,Federal Contract Tower,0,0,1,0,1,0,0,2,0,2,0,0,3,0,3,0,0,0,3
01/02/2022,CNW,TX,ASW,CE,Federal Contract Tower,0,0,0,0,0,0,2,4,0,6,0,2,4,0,6,0,0,0,6
01/03/2022,CNW,TX,ASW,CE,Federal Contract Tower,0,0,0,0,0,0,4,42,0,46,0,4,42,0,46,116,0,116,162
01/04/2022,CNW,TX,ASW,CE,Federal Contract Tower,0,0,4,2,6,0,2,30,6,38,0,2,34,8,44,150,30,180,224
01/05/2022,CNW,TX,ASW,CE,Federal Contract Tower,0,0,11,6,17,0,0,36,3,39,0,0,47,9,56,106,44,150,206
01/06/2022,CNW,TX,ASW,CE,Federal Contract Tower,0,0,6,1,7,0,0,37,3,40,0,0,43,4,47,106,32,138,185
01/07/2022,CNW,TX,ASW,CE,Federal Contract Tower,0,0,3,22,25,0,4,26,0,30,0,4,29,22,55,102,28,130,185
01/08/2022,CNW,TX,ASW,CE,Federal Contract Tower,0,0,2,0,2,0,0,0,0,0,0,0,2,0,2,0,0,0,2
01/09/2022,CNW,TX,ASW,CE,Federal Contract Tower,0,0,0,1,1,0,2,4,1,7,0,2,4,2,8,0,0,0,8
01/10/2022,CNW,TX,ASW,CE,Federal Contract Tower,0,0,6,9,15,0,3,41,0,44,0,3,47,9,59,156,40,196,255
01/11/2022,CNW,TX,ASW,CE,Federal Contract Tower,0,0,6,5,11,0,2,44,2,48,0,2,50,7,59,234,2,236,295
01/12/2022,CNW,TX,ASW,CE,Federal Contract Tower,0,1,15,12,28,0,1,62,0,63,0,2,77,12,91,148,0,148,239
01/13/2022,CNW,TX,ASW,CE,Federal Contract Tower,0,0,5,8,13,0,3,55,4,62,0,3,60,12,75,194,28,222,297
01/14/2022,CNW,TX,ASW,CE,Federal Contract Tower,0,0,4,26,30,0,2,34,4,40,0,2,38,30,70,58,64,122,192
01/15/2022,CNW,TX,ASW,CE,Federal Contract Tower,0,0,0,0,0,0,0,0,0,0,0,0,0,0,0,0,0,0,0
01/16/2022,CNW,TX,ASW,CE,Federal Contract Tower,0,0,0,1,1,0,0,17,1,18,0,0,17,2,19,32,0,32,51
01/17/2022,CNW,TX,ASW,CE,Federal Contract Tower,0,0,4,3,7,0,0,46,1,47,0,0,50,4,54,98,4,102,156
01/18/2022,CNW,TX,ASW,CE,Federal Contract Tower,0,0,3,30,33,0,2,44,3,49,0,2,47,33,82,132,114,246,328
01/19/2022,CNW,TX,ASW,CE,Federal Contract Tower,0,0,3,6,9,0,0,42,4,46,0,0,45,10,55,212,22,234,289
01/20/2022,CNW,TX,ASW,CE,Federal Contract Tower,0,0,2,0,2,0,0,26,0,26,0,0,28,0,28,108,0,108,136
01/21/2022,CNW,TX,ASW,CE,Federal Contract Tower,0,0,6,33,39,0,2,43,0,45,0,2,49,33,84,88,22,110,194
01/22/2022,CNW,TX,ASW,CE,Federal Contract Tower,0,0,3,4,7,0,0,17,2,19,0,0,20,6,26,72,0,72,98
01/23/2022,CNW,TX,ASW,CE,Federal Contract Tower,0,0,2,12,14,0,0,15,0,15,0,0,17,12,29,16,0,16,45
01/24/2022,CNW,TX,ASW,CE,Federal Contract Tower,0,0,1,2,3,0,0,6,0,6,0,0,7,2,9,10,0,10,19
01/25/2022,CNW,TX,ASW,CE,Federal Contract Tower,0,0,10,0,10,0,1,16,2,19,0,1,26,2,29,42,0,42,71
01/26/2022,CNW,TX,ASW,CE,Federal Contract Tower,0,0,7,12,19,0,2,69,10,81,0,2,76,22,100,178,58,236,336
01/27/2022,CNW,TX,ASW,CE,Federal Contract Tower,0,0,7,28,35,0,1,58,3,62,0,1,65,31,97,172,64,236,333
01/28/2022,CNW,TX,ASW,CE,Federal Contract Tower,0,0,8,29,37,0,2,23,4,29,0,2,31,33,66,96,92,188,254
01/29/2022,CNW,TX,ASW,CE,Federal Contract Tower,0,0,2,42,44,0,0,12,0,12,0,0,14,42,56,30,24,54,110
01/30/2022,CNW,TX,ASW,CE,Federal Contract Tower,0,0,1,10,11,0,5,6,0,11,0,5,7,10,22,16,4,20,42
01/31/2022,CNW,TX,ASW,CE,Federal Contract Tower,0,0,3,3,6,0,0,1,0,1,0,0,4,3,7,20,0,20,27
02/01/2022,CNW,TX,ASW,CE,Federal Contract Tower,0,0,11,8,19,0,2,48,9,59,0,2,59,17,78,140,38,178,256
02/02/2022,CNW,TX,ASW,CE,Federal Contract Tower,0,0,9,1,10,0,0,11,0,11,0,0,20,1,21,60,0,60,81
02/03/2022,CNW,TX,ASW,CE,Federal Contract Tower,0,0,0,0,0,0,0,0,0,0,0,0,0,0,0,0,0,0,0
02/04/2022,CNW,TX,ASW,CE,Federal Contract Tower,0,0,0,0,0,0,2,0,0,2,0,2,0,0,2,0,0,0,2
02/05/2022,CNW,TX,ASW,CE,Federal Contract Tower,0,0,3,18,21,0,2,4,4,10,0,2,7,22,31,18,36,54,85
02/06/2022,CNW,TX,ASW,CE,Federal Contract Tower,0,0,4,0,4,0,4,13,0,17,0,4,17,0,21,38,0,38,59
02/07/2022,CNW,TX,ASW,CE,Federal Contract Tower,0,0,9,12,21,0,2,57,11,70,0,2,66,23,91,224,66,290,381
02/08/2022,CNW,TX,ASW,CE,Federal Contract Tower,0,0,8,6,14,0,0,80,8,88,0,0,88,14,102,310,54,364,466
02/09/2022,CNW,TX,ASW,CE,Federal Contract Tower,0,0,4,2,6,0,1,58,3,62,0,1,62,5,68,234,28,262,330
02/10/2022,CNW,TX,ASW,CE,Federal Contract Tower,0,0,6,22,28,0,0,63,4,67,0,0,69,26,95,218,54,272,367
02/11/2022,CNW,TX,ASW,CE,Federal Contract Tower,0,0,7,30,37,0,4,64,4,72,0,4,71,34,109,232,106,338,447
02/12/2022,CNW,TX,ASW,CE,Federal Contract Tower,0,0,1,15,16,0,2,2,0,4,0,2,3,15,20,0,6,6,26
02/13/2022,CNW,TX,ASW,CE,Federal Contract Tower,0,0,4,0,4,0,1,17,0,18,0,1,21,0,22,72,0,72,94
02/14/2022,CNW,TX,ASW,CE,Federal Contract Tower,0,0,3,13,16,0,0,55,3,58,0,0,58,16,74,178,62,240,314
02/15/2022,CNW,TX,ASW,CE,Federal Contract Tower,0,0,11,16,27,0,0,32,6,38,0,0,43,22,65,76,74,150,215
02/16/2022,CNW,TX,ASW,CE,Federal Contract Tower,0,0,7,17,24,0,0,1,0,1,0,0,8,17,25,0,10,10,35
02/17/2022,CNW,TX,ASW,CE,Federal Contract Tower,0,0,1,2,3,0,4,7,3,14,0,4,8,5,17,48,24,72,89
02/18/2022,CNW,TX,ASW,CE,Federal Contract Tower,0,0,6,8,14,0,3,79,3,85,0,3,85,11,99,266,2,268,367
02/19/2022,CNW,TX,ASW,CE,Federal Contract Tower,0,0,1,4,5,0,0,28,1,29,0,0,29,5,34,136,0,136,170
02/20/2022,CNW,TX,ASW,CE,Federal Contract Tower,0,0,0,6,6,0,4,9,3,16,0,4,9,9,22,118,4,122,144
02/21/2022,CNW,TX,ASW,CE,Federal Contract Tower,0,0,5,2,7,0,0,11,0,11,0,0,16,2,18,32,0,32,50
02/22/2022,CNW,TX,ASW,CE,Federal Contract Tower,0,0,7,38,45,0,4,56,3,63,0,4,63,41,108,194,150,344,452
02/23/2022,CNW,TX,ASW,CE,Federal Contract Tower,0,0,0,3,3,0,0,0,0,0,0,0,0,3,3,0,0,0,3
02/24/2022,CNW,TX,ASW,CE,Federal Contract Tower,0,0,0,0,0,0,0,0,0,0,0,0,0,0,0,0,0,0,0
02/25/2022,CNW,TX,ASW,CE,Federal Contract Tower,0,0,1,3,4,0,2,16,10,28,0,2,17,13,32,58,62,120,152
02/26/2022,CNW,TX,ASW,CE,Federal Contract Tower,0,0,0,0,0,0,0,0,0,0,0,0,0,0,0,0,0,0,0
02/27/2022,CNW,TX,ASW,CE,Federal Contract Tower,0,0,8,8,16,0,1,17,0,18,0,1,25,8,34,38,0,38,72
02/28/2022,CNW,TX,ASW,CE,Federal Contract Tower,0,1,4,4,9,0,1,75,5,81,0,2,79,9,90,314,52,366,456
03/01/2022,CNW,TX,ASW,CE,Federal Contract Tower,0,0,3,12,15,0,2,55,8,65,0,2,58,20,80,278,142,420,500
03/02/2022,CNW,TX,ASW,CE,Federal Contract Tower,0,0,14,12,26,0,0,69,5,74,0,0,83,17,100,194,40,234,334
03/03/2022,CNW,TX,ASW,CE,Federal Contract Tower,0,0,9,19,28,0,0,89,16,105,0,0,98,35,133,271,100,371,504
03/04/2022,CNW,TX,ASW,CE,Federal Contract Tower,0,0,6,39,45,0,0,6,1,7,0,0,12,40,52,40,28,68,120
03/05/2022,CNW,TX,ASW,CE,Federal Contract Tower,0,0,7,4,11,0,0,7,0,7,0,0,14,4,18,32,0,32,50
03/06/2022,CNW,TX,ASW,CE,Federal Contract Tower,0,0,7,0,7,0,0,5,0,5,0,0,12,0,12,14,0,14,26
03/07/2022,CNW,TX,ASW,CE,Federal Contract Tower,0,0,9,18,27,0,0,53,10,63,0,0,62,28,90,218,84,302,392
03/08/2022,CNW,TX,ASW,CE,Federal Contract Tower,0,0,7,2,9,0,2,44,9,55,0,2,51,11,64,200,30,230,294
03/09/2022,CNW,TX,ASW,CE,Federal Contract Tower,0,0,4,3,7,0,4,71,7,82,0,4,75,10,89,238,36,274,363
03/10/2022,CNW,TX,ASW,CE,Federal Contract Tower,0,0,10,4,14,0,0,70,2,72,0,0,80,6,86,186,88,274,360
03/11/2022,CNW,TX,ASW,CE,Federal Contract Tower,0,0,2,0,2,0,2,0,0,2,0,2,2,0,4,0,0,0,4
03/12/2022,CNW,TX,ASW,CE,Federal Contract Tower,0,0,4,1,5,0,2,17,2,21,0,2,21,3,26,40,0,40,66
03/13/2022,CNW,TX,ASW,CE,Federal Contract Tower,0,0,2,0,2,0,0,17,0,17,0,0,19,0,19,42,0,42,61
03/14/2022,CNW,TX,ASW,CE,Federal Contract Tower,0,0,11,2,13,0,5,8,2,15,0,5,19,4,28,4,22,26,54
03/15/2022,CNW,TX,ASW,CE,Federal Contract Tower,0,0,14,9,23,0,3,50,3,56,0,3,64,12,79,168,26,194,273
03/16/2022,CNW,TX,ASW,CE,Federal Contract Tower,0,0,17,6,23,0,1,76,10,87,0,1,93,16,110,276,50,326,436
03/17/2022,CNW,TX,ASW,CE,Federal Contract Tower,0,0,17,5,22,0,1,10,4,15,0,1,27,9,37,6,70,76,113
03/18/2022,CNW,TX,ASW,CE,Federal Contract Tower,0,0,6,9,15,0,2,7,0,9,0,2,13,9,24,12,30,42,66
03/19/2022,CNW,TX,ASW,CE,Federal Contract Tower,0,0,5,3,8,0,3,19,2,24,0,3,24,5,32,32,12,44,76
03/20/2022,CNW,TX,ASW,CE,Federal Contract Tower,0,0,19,2,21,0,4,18,0,22,0,4,37,2,43,20,0,20,63
03/21/2022,CNW,TX,ASW,CE,Federal Contract Tower,0,0,0,0,0,0,0,0,0,0,0,0,0,0,0,0,0,0,0
03/22/2022,CNW,TX,ASW,CE,Federal Contract Tower,0,0,3,13,16,0,5,16,5,26,0,5,19,18,42,36,22,58,100
03/23/2022,CNW,TX,ASW,CE,Federal Contract Tower,0,1,12,6,19,0,0,36,1,37,0,1,48,7,56,138,18,156,212
03/24/2022,CNW,TX,ASW,CE,Federal Contract Tower,0,0,6,4,10,0,3,49,4,56,0,3,55,8,66,146,0,146,212
03/25/2022,CNW,TX,ASW,CE,Federal Contract Tower,0,0,17,12,29,0,4,74,0,78,0,4,91,12,107,162,0,162,269
03/26/2022,CNW,TX,ASW,CE,Federal Contract Tower,0,0,9,27,36,0,2,14,0,16,0,2,23,27,52,32,20,52,104
03/27/2022,CNW,TX,ASW,CE,Federal Contract Tower,0,0,0,0,0,0,2,6,0,8,0,2,6,0,8,10,0,10,18
03/28/2022,CNW,TX,ASW,CE,Federal Contract Tower,0,2,15,19,36,0,2,40,4,46,0,4,55,23,82,116,88,204,286
03/29/2022,CNW,TX,ASW,CE,Federal Contract Tower,0,0,3,14,17,0,0,9,0,9,0,0,12,14,26,32,0,32,58
03/30/2022,CNW,TX,ASW,CE,Federal Contract Tower,0,0,2,1,3,0,5,4,3,12,0,5,6,4,15,0,18,18,33
03/31/2022,CNW,TX,ASW,CE,Federal Contract Tower,0,0,8,18,26,0,1,76,6,83,0,1,84,24,109,208,94,302,411
04/01/2022,CNW,TX,ASW,CE,Federal Contract Tower,0,1,23,40,64,0,6,52,9,67,0,7,75,49,131,166,80,246,377
04/02/2022,CNW,TX,ASW,CE,Federal Contract Tower,0,1,9,2,12,0,5,17,0,22,0,6,26,2,34,76,0,76,110
04/03/2022,CNW,TX,ASW,CE,Federal Contract Tower,0,0,5,0,5,0,0,25,0,25,0,0,30,0,30,88,0,88,118
04/04/2022,CNW,TX,ASW,CE,Federal Contract Tower,0,0,22,10,32,0,1,7,0,8,0,1,29,10,40,28,0,28,68
04/05/2022,CNW,TX,ASW,CE,Federal Contract Tower,0,0,14,19,33,0,4,29,5,38,0,4,43,24,71,46,54,100,171
04/06/2022,CNW,TX,ASW,CE,Federal Contract Tower,0,0,9,17,26,0,1,42,11,54,0,1,51,28,80,88,50,138,218
04/07/2022,CNW,TX,ASW,CE,Federal Contract Tower,0,0,5,4,9,0,2,40,2,44,0,2,45,6,53,66,4,70,123
04/08/2022,CNW,TX,ASW,CE,Federal Contract Tower,0,0,4,5,9,0,4,35,2,41,0,4,39,7,50,106,10,116,166
04/09/2022,CNW,TX,ASW,CE,Federal Contract Tower,0,0,10,6,16,0,1,20,0,21,0,1,30,6,37,10,0,10,47
04/10/2022,CNW,TX,ASW,CE,Federal Contract Tower,0,0,2,4,6,0,5,3,0,8,0,5,5,4,14,4,0,4,18
04/11/2022,CNW,TX,ASW,CE,Federal Contract Tower,0,0,20,30,50,0,6,22,7,35,0,6,42,37,85,102,118,220,305
04/12/2022,CNW,TX,ASW,CE,Federal Contract Tower,0,0,8,5,13,0,2,10,0,12,0,2,18,5,25,66,0,66,91
04/13/2022,CNW,TX,ASW,CE,Federal Contract Tower,0,0,17,6,23,0,4,18,5,27,0,4,35,11,50,28,30,58,108
04/14/2022,CNW,TX,ASW,CE,Federal Contract Tower,0,0,17,12,29,0,0,59,7,66,0,0,76,19,95,138,68,206,301
04/15/2022,CNW,TX,ASW,CE,Federal Contract Tower,0,0,14,23,37,0,0,18,0,18,0,0,32,23,55,88,6,94,149
04/16/2022,CNW,TX,ASW,CE,Federal Contract Tower,0,1,4,0,5,0,4,8,0,12,0,5,12,0,17,24,0,24,41
04/17/2022,CNW,TX,ASW,CE,Federal Contract Tower,0,0,0,0,0,0,2,2,0,4,0,2,2,0,4,6,0,6,10
04/18/2022,CNW,TX,ASW,CE,Federal Contract Tower,0,3,7,2,12,0,4,19,5,28,0,7,26,7,40,66,48,114,154
04/19/2022,CNW,TX,ASW,CE,Federal Contract Tower,0,0,10,11,21,0,4,36,3,43,0,4,46,14,64,114,62,176,240
04/20/2022,CNW,TX,ASW,CE,Federal Contract Tower,0,0,6,34,40,0,1,24,4,29,0,1,30,38,69,112,26,138,207
04/21/2022,CNW,TX,ASW,CE,Federal Contract Tower,0,0,22,4,26,0,6,20,3,29,0,6,42,7,55,142,52,194,249
04/22/2022,CNW,TX,ASW,CE,Federal Contract Tower,0,1,10,8,19,0,4,20,0,24,0,5,30,8,43,142,0,142,185
04/23/2022,CNW,TX,ASW,CE,Federal Contract Tower,0,0,4,12,16,0,4,8,0,12,0,4,12,12,28,44,0,44,72
04/24/2022,CNW,TX,ASW,CE,Federal Contract Tower,0,2,3,0,5,0,2,12,0,14,0,4,15,0,19,60,0,60,79
04/25/2022,CNW,TX,ASW,CE,Federal Contract Tower,0,0,0,2,2,0,1,0,0,1,0,1,0,2,3,0,0,0,3
04/26/2022,CNW,TX,ASW,CE,Federal Contract Tower,0,0,9,5,14,0,5,83,12,100,0,5,92,17,114,272,46,318,432
04/27/2022,CNW,TX,ASW,CE,Federal Contract Tower,0,0,15,44,59,0,4,40,9,53,0,4,55,53,112,80,40,120,232
04/28/2022,CNW,TX,ASW,CE,Federal Contract Tower,0,0,15,12,27,0,1,35,0,36,0,1,50,12,63,130,4,134,197
04/29/2022,CNW,TX,ASW,CE,Federal Contract Tower,0,0,9,12,21,0,3,11,0,14,0,3,20,12,35,62,0,62,97
04/30/2022,CNW,TX,ASW,CE,Federal Contract Tower,0,0,1,0,1,0,2,3,0,5,0,2,4,0,6,14,0,14,20
05/01/2022,CNW,TX,ASW,CE,Federal Contract Tower,0,0,1,0,1,0,2,5,0,7,0,2,6,0,8,0,0,0,8
05/02/2022,CNW,TX,ASW,CE,Federal Contract Tower,0,0,0,4,4,0,4,7,1,12,0,4,7,5,16,32,18,50,66
05/03/2022,CNW,TX,ASW,CE,Federal Contract Tower,0,0,7,16,23,0,0,4,6,10,0,0,11,22,33,12,32,44,77
05/04/2022,CNW,TX,ASW,CE,Federal Contract Tower,0,0,21,15,36,0,0,16,5,21,0,0,37,20,57,60,36,96,153
05/05/2022,CNW,TX,ASW,CE,Federal Contract Tower,0,0,0,0,0,0,3,3,0,6,0,3,3,0,6,16,0,16,22
05/06/2022,CNW,TX,ASW,CE,Federal Contract Tower,0,0,3,4,7,0,1,48,8,57,0,1,51,12,64,38,10,48,112
05/07/2022,CNW,TX,ASW,CE,Federal Contract Tower,0,0,2,0,2,0,4,0,0,4,0,4,2,0,6,0,0,0,6
05/08/2022,CNW,TX,ASW,CE,Federal Contract Tower,0,0,0,0,0,0,0,2,2,4,0,0,2,2,4,0,0,0,4
05/09/2022,CNW,TX,ASW,CE,Federal Contract Tower,0,0,2,37,39,0,3,24,5,32,0,3,26,42,71,34,50,84,155
05/10/2022,CNW,TX,ASW,CE,Federal Contract Tower,0,0,13,16,29,0,0,16,9,25,0,0,29,25,54,66,46,112,166
05/11/2022,CNW,TX,ASW,CE,Federal Contract Tower,0,0,15,8,23,0,4,28,8,40,0,4,43,16,63,56,38,94,157
05/12/2022,CNW,TX,ASW,CE,Federal Contract Tower,0,0,11,0,11,0,3,38,5,46,0,3,49,5,57,44,0,44,101
05/13/2022,CNW,TX,ASW,CE,Federal Contract Tower,0,0,4,23,27,0,2,36,5,43,0,2,40,28,70,70,50,120,190
05/14/2022,CNW,TX,ASW,CE,Federal Contract Tower,0,0,0,18,18,0,3,15,3,21,0,3,15,21,39,22,10,32,71
05/15/2022,CNW,TX,ASW,CE,Federal Contract Tower,0,0,3,10,13,0,0,18,1,19,0,0,21,11,32,44,0,44,76
05/16/2022,CNW,TX,ASW,CE,Federal Contract Tower,0,0,11,7,18,0,3,54,2,59,0,3,65,9,77,104,4,108,185
05/17/2022,CNW,TX,ASW,CE,Federal Contract Tower,0,0,14,17,31,0,5,58,7,70,0,5,72,24,101,122,0,122,223
05/18/2022,CNW,TX,ASW,CE,Federal Contract Tower,0,3,9,19,31,0,6,52,3,61,0,9,61,22,92,102,56,158,250
05/19/2022,CNW,TX,ASW,CE,Federal Contract Tower,0,0,14,38,52,0,4,34,8,46,0,4,48,46,98,46,52,98,196
05/20/2022,CNW,TX,ASW,CE,Federal Contract Tower,0,0,4,44,48,0,0,18,43,61,0,0,22,87,109,26,56,82,191
05/21/2022,CNW,TX,ASW,CE,Federal Contract Tower,0,0,1,1,2,0,0,6,0,6,0,0,7,1,8,10,0,10,18
05/22/2022,CNW,TX,ASW,CE,Federal Contract Tower,0,0,1,0,1,0,4,11,0,15,0,4,12,0,16,30,0,30,46
05/23/2022,CNW,TX,ASW,CE,Federal Contract Tower,0,0,0,8,8,0,4,16,2,22,0,4,16,10,30,80,46,126,156
05/24/2022,CNW,TX,ASW,CE,Federal Contract Tower,0,1,7,9,17,0,0,13,8,21,0,1,20,17,38,50,14,64,102
05/25/2022,CNW,TX,ASW,CE,Federal Contract Tower,0,0,6,9,15,0,0,27,3,30,0,0,33,12,45,78,0,78,123
05/26/2022,CNW,TX,ASW,CE,Federal Contract Tower,0,0,5,11,16,0,1,38,9,48,0,1,43,20,64,30,78,108,172
05/27/2022,CNW,TX,ASW,CE,Federal Contract Tower,0,0,3,0,3,0,3,60,5,68,0,3,63,5,71,80,22,102,173
05/28/2022,CNW,TX,ASW,CE,Federal Contract Tower,0,0,2,0,2,0,4,14,0,18,0,4,16,0,20,34,0,34,54
05/29/2022,CNW,TX,ASW,CE,Federal Contract Tower,0,0,2,0,2,0,3,12,0,15,0,3,14,0,17,36,0,36,53
05/30/2022,CNW,TX,ASW,CE,Federal Contract Tower,0,0,3,0,3,0,2,9,0,11,0,2,12,0,14,6,0,6,20
05/31/2022,CNW,TX,ASW,CE,Federal Contract Tower,0,0,8,35,43,0,0,45,8,53,0,0,53,43,96,150,206,356,452
06/01/2022,CNW,TX,ASW,CE,Federal Contract Tower,0,0,11,31,42,0,2,22,5,29,0,2,33,36,71,114,86,200,271
06/02/2022,CNW,TX,ASW,CE,Federal Contract Tower,0,0,4,0,4,0,4,28,2,34,0,4,32,2,38,102,10,112,150
06/03/2022,CNW,TX,ASW,CE,Federal Contract Tower,0,0,8,0,8,0,2,34,3,39,0,2,42,3,47,146,24,170,217
06/04/2022,CNW,TX,ASW,CE,Federal Contract Tower,0,0,2,0,2,0,2,6,0,8,0,2,8,0,10,30,0,30,40
06/05/2022,CNW,TX,ASW,CE,Federal Contract Tower,0,0,1,12,13,0,4,12,0,16,0,4,13,12,29,52,0,52,81
06/06/2022,CNW,TX,ASW,CE,Federal Contract Tower,0,0,22,30,52,0,0,27,2,29,0,0,49,32,81,74,56,130,211
06/07/2022,CNW,TX,ASW,CE,Federal Contract Tower,0,0,9,27,36,0,0,40,5,45,0,0,49,32,81,134,110,244,325
06/08/2022,CNW,TX,ASW,CE,Federal Contract Tower,0,0,6,16,22,0,6,43,9,58,0,6,49,25,80,190,80,270,350
06/09/2022,CNW,TX,ASW,CE,Federal Contract Tower,0,0,6,10,16,0,0,35,10,45,0,0,41,20,61,136,86,222,283
06/10/2022,CNW,TX,ASW,CE,Federal Contract Tower,0,0,7,42,49,0,2,34,8,44,0,2,41,50,93,116,86,202,295
06/11/2022,CNW,TX,ASW,CE,Federal Contract Tower,0,2,2,0,4,0,4,7,4,15,0,6,9,4,19,8,0,8,27
06/12/2022,CNW,TX,ASW,CE,Federal Contract Tower,0,1,0,0,1,0,1,15,2,18,0,2,15,2,19,16,0,16,35
06/13/2022,CNW,TX,ASW,CE,Federal Contract Tower,0,0,13,22,35,0,2,42,10,54,0,2,55,32,89,102,54,156,245
06/14/2022,CNW,TX,ASW,CE,Federal Contract Tower,0,0,5,27,32,0,2,27,8,37,0,2,32,35,69,28,80,108,177
06/15/2022,CNW,TX,ASW,CE,Federal Contract Tower,0,0,3,3,6,0,3,50,4,57,0,3,53,7,63,198,16,214,277
06/16/2022,CNW,TX,ASW,CE,Federal Contract Tower,0,0,16,45,61,0,2,44,5,51,0,2,60,50,112,156,36,192,304
06/17/2022,CNW,TX,ASW,CE,Federal Contract Tower,0,0,15,38,53,0,2,36,2,40,0,2,51,40,93,108,62,170,263
06/18/2022,CNW,TX,ASW,CE,Federal Contract Tower,0,2,3,10,15,0,0,9,1,10,0,2,12,11,25,34,14,48,73
06/19/2022,CNW,TX,ASW,CE,Federal Contract Tower,0,0,2,6,8,0,0,11,0,11,0,0,13,6,19,44,0,44,63
06/20/2022,CNW,TX,ASW,CE,Federal Contract Tower,0,0,0,2,2,0,4,15,0,19,0,4,15,2,21,22,0,22,43
06/21/2022,CNW,TX,ASW,CE,Federal Contract Tower,0,0,8,29,37,0,2,35,2,39,0,2,43,31,76,168,78,246,322
06/22/2022,CNW,TX,ASW,CE,Federal Contract Tower,0,0,13,14,27,0,4,32,2,38,0,4,45,16,65,64,0,64,129
06/23/2022,CNW,TX,ASW,CE,Federal Contract Tower,0,0,13,15,28,0,3,57,4,64,0,3,70,19,92,134,30,164,256
06/24/2022,CNW,TX,ASW,CE,Federal Contract Tower,0,0,4,54,58,0,2,43,12,57,0,2,47,66,115,128,136,264,379
06/25/2022,CNW,TX,ASW,CE,Federal Contract Tower,0,0,0,0,0,0,0,10,2,12,0,0,10,2,12,30,0,30,42
06/26/2022,CNW,TX,ASW,CE,Federal Contract Tower,0,0,5,1,6,0,0,8,0,8,0,0,13,1,14,2,0,2,16
06/27/2022,CNW,TX,ASW,CE,Federal Contract Tower,0,1,10,2,13,0,2,30,3,35,0,3,40,5,48,12,24,36,84
06/28/2022,CNW,TX,ASW,CE,Federal Contract Tower,0,0,7,9,16,0,2,38,2,42,0,2,45,11,58,168,42,210,268
06/29/2022,CNW,TX,ASW,CE,Federal Contract Tower,0,0,5,11,16,0,0,61,3,64,0,0,66,14,80,150,40,190,270
06/30/2022,CNW,TX,ASW,CE,Federal Contract Tower,0,0,12,27,39,0,0,40,2,42,0,0,52,29,81,132,30,162,243
07/01/2022,CNW,TX,ASW,CE,Federal Contract Tower,0,0,13,0,13,0,4,20,0,24,0,4,33,0,37,46,0,46,83
07/02/2022,CNW,TX,ASW,CE,Federal Contract Tower,0,0,1,0,1,0,5,12,0,17,0,5,13,0,18,60,0,60,78
07/03/2022,CNW,TX,ASW,CE,Federal Contract Tower,0,0,0,0,0,0,0,10,0,10,0,0,10,0,10,16,0,16,26
07/04/2022,CNW,TX,ASW,CE,Federal Contract Tower,0,0,1,0,1,0,2,6,0,8,0,2,7,0,9,8,0,8,17
07/05/2022,CNW,TX,ASW,CE,Federal Contract Tower,0,0,12,16,28,0,4,31,7,42,0,4,43,23,70,86,48,134,204
07/06/2022,CNW,TX,ASW,CE,Federal Contract Tower,0,0,9,34,43,0,0,51,6,57,0,0,60,40,100,112,92,204,304
07/07/2022,CNW,TX,ASW,CE,Federal Contract Tower,0,2,10,10,22,0,0,40,3,43,0,2,50,13,65,142,36,178,243
07/08/2022,CNW,TX,ASW,CE,Federal Contract Tower,0,0,8,28,36,0,4,17,7,28,0,4,25,35,64,28,32,60,124
07/09/2022,CNW,TX,ASW,CE,Federal Contract Tower,0,0,0,8,8,0,0,0,2,2,0,0,0,10,10,0,0,0,10
07/10/2022,CNW,TX,ASW,CE,Federal Contract Tower,0,0,2,2,4,0,2,10,0,12,0,2,12,2,16,0,0,0,16
07/11/2022,CNW,TX,ASW,CE,Federal Contract Tower,0,0,5,10,15,0,3,31,5,39,0,3,36,15,54,90,64,154,208
07/12/2022,CNW,TX,ASW,CE,Federal Contract Tower,0,0,11,29,40,0,2,34,10,46,0,2,45,39,86,164,102,266,352
07/13/2022,CNW,TX,ASW,CE,Federal Contract Tower,198,0,20,0,218,0,0,34,0,34,198,0,54,0,252,0,0,0,252
07/14/2022,CNW,TX,ASW,CE,Federal Contract Tower,0,0,3,0,3,0,0,26,1,27,0,0,29,1,30,80,12,92,122
07/15/2022,CNW,TX,ASW,CE,Federal Contract Tower,0,0,4,51,55,0,1,23,4,28,0,1,27,55,83,140,100,240,323
07/16/2022,CNW,TX,ASW,CE,Federal Contract Tower,0,0,8,25,33,0,0,10,1,11,0,0,18,26,44,44,0,44,88
07/17/2022,CNW,TX,ASW,CE,Federal Contract Tower,0,0,0,6,6,0,0,1,0,1,0,0,1,6,7,0,14,14,21
07/18/2022,CNW,TX,ASW,CE,Federal Contract Tower,0,2,16,17,35,0,0,37,6,43,0,2,53,23,78,76,28,104,182
07/19/2022,CNW,TX,ASW,CE,Federal Contract Tower,0,0,14,11,25,0,0,45,6,51,0,0,59,17,76,114,44,158,234
07/20/2022,CNW,TX,ASW,CE,Federal Contract Tower,0,0,9,8,17,0,0,39,1,40,0,0,48,9,57,74,0,74,131
07/21/2022,CNW,TX,ASW,CE,Federal Contract Tower,0,0,10,28,38,0,0,39,0,39,0,0,49,28,77,114,64,178,255
07/22/2022,CNW,TX,ASW,CE,Federal Contract Tower,0,0,11,63,74,0,1,35,4,40,0,1,46,67,114,30,98,128,242
07/23/2022,CNW,TX,ASW,CE,Federal Contract Tower,0,0,3,4,7,0,1,7,2,10,0,1,10,6,17,86,0,86,103
07/24/2022,CNW,TX,ASW,CE,Federal Contract Tower,0,0,0,17,17,0,0,3,0,3,0,0,3,17,20,0,0,0,20
07/25/2022,CNW,TX,ASW,CE,Federal Contract Tower,0,0,7,7,14,0,4,31,12,47,0,4,38,19,61,76,68,144,205
07/26/2022,CNW,TX,ASW,CE,Federal Contract Tower,0,0,11,16,27,0,4,43,6,53,0,4,54,22,80,206,48,254,334
07/27/2022,CNW,TX,ASW,CE,Federal Contract Tower,0,0,14,34,48,0,0,32,8,40,0,0,46,42,88,106,68,174,262
07/28/2022,CNW,TX,ASW,CE,Federal Contract Tower,0,0,21,20,41,0,0,32,3,35,0,0,53,23,76,116,50,166,242
07/29/2022,CNW,TX,ASW,CE,Federal Contract Tower,0,0,8,39,47,0,0,20,6,26,0,0,28,45,73,94,46,140,213
07/30/2022,CNW,TX,ASW,CE,Federal Contract Tower,0,0,3,4,7,0,1,10,0,11,0,1,13,4,18,24,16,40,58
07/31/2022,CNW,TX,ASW,CE,Federal Contract Tower,0,0,2,2,4,0,4,2,0,6,0,4,4,2,10,0,0,0,10
08/01/2022,CNW,TX,ASW,CE,Federal Contract Tower,0,0,15,16,31,0,0,32,5,37,0,0,47,21,68,134,44,178,246
08/02/2022,CNW,TX,ASW,CE,Federal Contract Tower,0,0,16,18,34,0,3,31,3,37,0,3,47,21,71,130,52,182,253
08/03/2022,CNW,TX,ASW,CE,Federal Contract Tower,0,0,20,15,35,0,2,19,3,24,0,2,39,18,59,44,32,76,135
08/04/2022,CNW,TX,ASW,CE,Federal Contract Tower,0,0,23,19,42,0,1,37,3,41,0,1,60,22,83,92,22,114,197
08/05/2022,CNW,TX,ASW,CE,Federal Contract Tower,0,0,9,37,46,0,0,26,3,29,0,0,35,40,75,70,62,132,207
08/06/2022,CNW,TX,ASW,CE,Federal Contract Tower,0,0,5,15,20,0,2,12,0,14,0,2,17,15,34,94,2,96,130
08/07/2022,CNW,TX,ASW,CE,Federal Contract Tower,0,0,1,18,19,0,0,3,1,4,0,0,4,19,23,0,6,6,29
08/08/2022,CNW,TX,ASW,CE,Federal Contract Tower,0,0,7,35,42,0,4,21,3,28,0,4,28,38,70,58,66,124,194
08/09/2022,CNW,TX,ASW,CE,Federal Contract Tower,0,3,10,23,36,0,2,30,5,37,0,5,40,28,73,66,78,144,217
08/10/2022,CNW,TX,ASW,CE,Federal Contract Tower,0,2,13,3,18,0,0,14,0,14,0,2,27,3,32,66,0,66,98
08/11/2022,CNW,TX,ASW,CE,Federal Contract Tower,0,0,3,10,13,0,2,50,6,58,0,2,53,16,71,176,70,246,317
08/12/2022,CNW,TX,ASW,CE,Federal Contract Tower,0,2,8,12,22,0,2,23,2,27,0,4,31,14,49,60,8,68,117
08/13/2022,CNW,TX,ASW,CE,Federal Contract Tower,0,0,1,4,5,0,1,10,0,11,0,1,11,4,16,100,0,100,116
08/14/2022,CNW,TX,ASW,CE,Federal Contract Tower,0,0,2,6,8,0,0,7,0,7,0,0,9,6,15,16,16,32,47
08/15/2022,CNW,TX,ASW,CE,Federal Contract Tower,0,0,3,6,9,0,4,26,6,36,0,4,29,12,45,202,52,254,299
08/16/2022,CNW,TX,ASW,CE,Federal Contract Tower,0,0,6,4,10,0,1,16,5,22,0,1,22,9,32,28,40,68,100
08/17/2022,CNW,TX,ASW,CE,Federal Contract Tower,0,0,9,2,11,0,3,19,0,22,0,3,28,2,33,56,0,56,89
08/18/2022,CNW,TX,ASW,CE,Federal Contract Tower,0,0,4,0,4,0,2,27,2,31,0,2,31,2,35,94,0,94,129
08/19/2022,CNW,TX,ASW,CE,Federal Contract Tower,0,0,3,1,4,0,0,8,4,12,0,0,11,5,16,54,0,54,70
08/20/2022,CNW,TX,ASW,CE,Federal Contract Tower,0,0,5,2,7,0,2,1,0,3,0,2,6,2,10,0,0,0,10
08/21/2022,CNW,TX,ASW,CE,Federal Contract Tower,0,0,0,6,6,0,0,2,0,2,0,0,2,6,8,4,0,4,12
08/22/2022,CNW,TX,ASW,CE,Federal Contract Tower,0,0,0,0,0,0,0,1,0,1,0,0,1,0,1,12,0,12,13
08/23/2022,CNW,TX,ASW,CE,Federal Contract Tower,0,0,2,7,9,0,2,5,3,10,0,2,7,10,19,16,48,64,83
08/24/2022,CNW,TX,ASW,CE,Federal Contract Tower,0,0,8,4,12,0,1,11,5,17,0,1,19,9,29,30,30,60,89
08/25/2022,CNW,TX,ASW,CE,Federal Contract Tower,0,0,9,0,9,0,3,24,0,27,0,3,33,0,36,62,0,62,98
08/26/2022,CNW,TX,ASW,CE,Federal Contract Tower,0,0,7,14,21,0,6,26,1,33,0,6,33,15,54,80,38,118,172
08/27/2022,CNW,TX,ASW,CE,Federal Contract Tower,0,0,3,12,15,0,2,11,4,17,0,2,14,16,32,6,16,22,54
08/28/2022,CNW,TX,ASW,CE,Federal Contract Tower,0,0,4,2,6,0,0,9,0,9,0,0,13,2,15,1,28,29,44
08/29/2022,CNW,TX,ASW,CE,Federal Contract Tower,0,0,4,6,10,0,2,9,0,11,0,2,13,6,21,50,26,76,97
08/30/2022,CNW,TX,ASW,CE,Federal Contract Tower,0,0,3,0,3,0,0,2,0,2,0,0,5,0,5,12,0,12,17
08/31/2022,CNW,TX,ASW,CE,Federal Contract Tower,0,0,2,12,14,0,2,19,1,22,0,2,21,13,36,98,14,112,148
09/01/2022,CNW,TX,ASW,CE,Federal Contract Tower,0,0,1,35,36,0,0,25,4,29,0,0,26,39,65,46,34,80,145
09/02/2022,CNW,TX,ASW,CE,Federal Contract Tower,0,0,2,1,3,0,2,2,0,4,0,2,4,1,7,20,0,20,27
09/03/2022,CNW,TX,ASW,CE,Federal Contract Tower,0,0,4,0,4,0,0,8,0,8,0,0,12,0,12,18,0,18,30
09/04/2022,CNW,TX,ASW,CE,Federal Contract Tower,0,0,0,4,4,0,4,2,0,6,0,4,2,4,10,0,0,0,10
09/05/2022,CNW,TX,ASW,CE,Federal Contract Tower,0,0,0,0,0,0,0,22,0,22,0,0,22,0,22,14,0,14,36
09/06/2022,CNW,TX,ASW,CE,Federal Contract Tower,0,0,2,17,19,0,1,37,1,39,0,1,39,18,58,46,46,92,150
09/07/2022,CNW,TX,ASW,CE,Federal Contract Tower,0,0,8,4,12,0,1,39,1,41,0,1,47,5,53,88,24,112,165
09/08/2022,CNW,TX,ASW,CE,Federal Contract Tower,0,0,6,2,8,0,0,73,0,73,0,0,79,2,81,220,0,220,301
09/09/2022,CNW,TX,ASW,CE,Federal Contract Tower,0,0,3,9,12,0,0,49,1,50,0,0,52,10,62,76,2,78,140
09/10/2022,CNW,TX,ASW,CE,Federal Contract Tower,0,0,0,8,8,0,1,11,0,12,0,1,11,8,20,22,14,36,56
09/11/2022,CNW,TX,ASW,CE,Federal Contract Tower,0,0,0,0,0,0,2,3,0,5,0,2,3,0,5,6,0,6,11
09/12/2022,CNW,TX,ASW,CE,Federal Contract Tower,0,0,2,2,4,0,2,71,2,75,0,2,73,4,79,202,18,220,299
09/13/2022,CNW,TX,ASW,CE,Federal Contract Tower,0,0,11,10,21,0,0,77,2,79,0,0,88,12,100,236,40,276,376
09/14/2022,CNW,TX,ASW,CE,Federal Contract Tower,0,0,1,18,19,0,5,47,4,56,0,5,48,22,75,142,28,170,245
09/15/2022,CNW,TX,ASW,CE,Federal Contract Tower,0,0,3,2,5,0,1,69,0,70,0,1,72,2,75,124,0,124,199
09/16/2022,CNW,TX,ASW,CE,Federal Contract Tower,0,0,5,6,11,0,4,61,1,66,0,4,66,7,77,184,6,190,267
09/17/2022,CNW,TX,ASW,CE,Federal Contract Tower,0,0,1,2,3,0,3,9,0,12,0,3,10,2,15,12,0,12,27
09/18/2022,CNW,TX,ASW,CE,Federal Contract Tower,0,0,1,9,10,0,0,13,0,13,0,0,14,9,23,6,0,6,29
09/19/2022,CNW,TX,ASW,CE,Federal Contract Tower,0,0,7,23,30,0,2,71,4,77,0,2,78,27,107,190,0,190,297
09/20/2022,CNW,TX,ASW,CE,Federal Contract Tower,0,0,11,3,14,0,1,58,5,64,0,1,69,8,78,242,14,256,334
09/21/2022,CNW,TX,ASW,CE,Federal Contract Tower,0,0,5,46,51,0,0,69,2,71,0,0,74,48,122,228,10,238,360
09/22/2022,CNW,TX,ASW,CE,Federal Contract Tower,0,0,2,4,6,0,0,62,1,63,0,0,64,5,69,194,20,214,283
09/23/2022,CNW,TX,ASW,CE,Federal Contract Tower,0,0,3,22,25,0,0,42,5,47,0,0,45,27,72,356,22,378,450
09/24/2022,CNW,TX,ASW,CE,Federal Contract Tower,0,0,6,6,12,0,0,21,0,21,0,0,27,6,33,36,0,36,69
09/25/2022,CNW,TX,ASW,CE,Federal Contract Tower,0,0,2,3,5,0,0,8,1,9,0,0,10,4,14,8,12,20,34
09/26/2022,CNW,TX,ASW,CE,Federal Contract Tower,0,0,7,8,15,0,0,33,3,36,0,0,40,11,51,130,30,160,211
09/27/2022,CNW,TX,ASW,CE,Federal Contract Tower,0,0,1,17,18,0,0,51,3,54,0,0,52,20,72,235,46,281,353
09/28/2022,CNW,TX,ASW,CE,Federal Contract Tower,0,0,1,21,22,0,0,48,9,57,0,0,49,30,79,284,8,292,371
09/29/2022,CNW,TX,ASW,CE,Federal Contract Tower,0,0,6,7,13,0,0,57,0,57,0,0,63,7,70,218,0,218,288
09/30/2022,CNW,TX,ASW,CE,Federal Contract Tower,0,0,5,2,7,0,2,55,0,57,0,2,60,2,64,192,6,198,262
10/01/2022,CNW,TX,ASW,CE,Federal Contract Tower,0,0,2,0,2,0,0,14,0,14,0,0,16,0,16,14,0,14,30
10/02/2022,CNW,TX,ASW,CE,Federal Contract Tower,0,0,14,0,14,0,0,13,0,13,0,0,27,0,27,40,0,40,67
10/03/2022,CNW,TX,ASW,CE,Federal Contract Tower,0,0,3,2,5,0,0,48,0,48,0,0,51,2,53,194,4,198,251
10/04/2022,CNW,TX,ASW,CE,Federal Contract Tower,0,0,9,28,37,0,0,69,0,69,0,0,78,28,106,394,0,394,500
10/05/2022,CNW,TX,ASW,CE,Federal Contract Tower,14,0,9,31,54,0,0,67,1,68,14,0,76,32,122,102,4,106,228
10/06/2022,CNW,TX,ASW,CE,Federal Contract Tower,0,0,4,7,11,0,0,54,0,54,0,0,58,7,65,168,14,182,247
10/07/2022,CNW,TX,ASW,CE,Federal Contract Tower,0,0,5,4,9,0,2,40,0,42,0,2,45,4,51,118,12,130,181
10/08/2022,CNW,TX,ASW,CE,Federal Contract Tower,0,0,2,0,2,0,0,8,0,8,0,0,10,0,10,2,0,2,12
10/09/2022,CNW,TX,ASW,CE,Federal Contract Tower,0,0,0,1,1,0,2,12,0,14,0,2,12,1,15,26,0,26,41
10/10/2022,CNW,TX,ASW,CE,Federal Contract Tower,0,0,9,0,9,0,4,57,0,61,0,4,66,0,70,350,0,350,420
10/11/2022,CNW,TX,ASW,CE,Federal Contract Tower,0,0,2,21,23,0,3,48,2,53,0,3,50,23,76,200,52,252,328
10/12/2022,CNW,TX,ASW,CE,Federal Contract Tower,0,0,8,17,25,0,0,57,0,57,0,0,65,17,82,248,54,302,384
10/13/2022,CNW,TX,ASW,CE,Federal Contract Tower,0,0,6,16,22,0,1,26,2,29,0,1,32,18,51,106,50,156,207
10/14/2022,CNW,TX,ASW,CE,Federal Contract Tower,0,0,8,63,71,0,0,37,4,41,0,0,45,67,112,224,0,224,336
10/15/2022,CNW,TX,ASW,CE,Federal Contract Tower,0,0,0,2,2,0,0,11,0,11,0,0,11,2,13,6,0,6,19
10/16/2022,CNW,TX,ASW,CE,Federal Contract Tower,0,0,0,0,0,0,0,3,0,3,0,0,3,0,3,0,0,0,3
10/17/2022,CNW,TX,ASW,CE,Federal Contract Tower,0,0,3,3,6,0,0,27,0,27,0,0,30,3,33,80,14,94,127
10/18/2022,CNW,TX,ASW,CE,Federal Contract Tower,0,0,2,14,16,0,0,46,2,48,0,0,48,16,64,132,84,216,280
10/19/2022,CNW,TX,ASW,CE,Federal Contract Tower,0,0,12,8,20,0,0,59,0,59,0,0,71,8,79,150,22,172,251
10/21/2022,CNW,TX,ASW,CE,Federal Contract Tower,0,0,11,35,46,0,0,39,8,47,0,0,50,43,93,206,16,222,315
10/22/2022,CNW,TX,ASW,CE,Federal Contract Tower,0,0,0,0,0,0,4,5,8,17,0,4,5,8,17,0,0,0,17
10/23/2022,CNW,TX,ASW,CE,Federal Contract Tower,0,0,1,4,5,0,2,3,1,6,0,2,4,5,11,6,6,12,23
10/24/2022,CNW,TX,ASW,CE,Federal Contract Tower,0,0,0,1,1,0,0,1,0,1,0,0,1,1,2,4,0,4,6
10/25/2022,CNW,TX,ASW,CE,Federal Contract Tower,0,0,2,2,4,0,4,18,0,22,0,4,20,2,26,20,4,24,50
10/26/2022,CNW,TX,ASW,CE,Federal Contract Tower,0,0,14,6,20,0,1,71,4,76,0,1,85,10,96,328,34,362,458
10/27/2022,CNW,TX,ASW,CE,Federal Contract Tower,0,0,5,9,14,0,2,63,1,66,0,2,68,10,80,260,38,298,378
10/28/2022,CNW,TX,ASW,CE,Federal Contract Tower,0,0,0,0,0,0,0,0,0,0,0,0,0,0,0,0,0,0,0
10/29/2022,CNW,TX,ASW,CE,Federal Contract Tower,0,0,6,0,6,0,2,2,0,4,0,2,8,0,10,0,0,0,10
10/30/2022,CNW,TX,ASW,CE,Federal Contract Tower,0,0,3,9,12,0,0,14,1,15,0,0,17,10,27,12,12,24,51
10/31/2022,CNW,TX,ASW,CE,Federal Contract Tower,0,0,13,11,24,0,0,53,0,53,0,0,66,11,77,212,60,272,349
11/01/2022,CNW,TX,ASW,CE,Federal Contract Tower,0,0,9,31,40,0,5,75,9,89,0,5,84,40,129,392,82,474,603
11/02/2022,CNW,TX,ASW,CE,Federal Contract Tower,0,0,8,18,26,0,0,33,1,34,0,0,41,19,60,122,20,142,202
11/03/2022,CNW,TX,ASW,CE,Federal Contract Tower,0,0,21,12,33,0,2,6,4,12,0,2,27,16,45,56,28,84,129
11/04/2022,CNW,TX,ASW,CE,Federal Contract Tower,0,0,0,1,1,0,2,0,0,2,0,2,0,1,3,0,0,0,3
11/05/2022,CNW,TX,ASW,CE,Federal Contract Tower,0,0,7,1,8,0,2,30,2,34,0,2,37,3,42,110,0,110,152
11/06/2022,CNW,TX,ASW,CE,Federal Contract Tower,0,0,14,10,24,0,2,18,4,24,0,2,32,14,48,86,0,86,134
11/07/2022,CNW,TX,ASW,CE,Federal Contract Tower,0,0,0,4,4,0,2,6,1,9,0,2,6,5,13,22,6,28,41
11/08/2022,CNW,TX,ASW,CE,Federal Contract Tower,0,0,9,1,10,0,4,29,1,34,0,4,38,2,44,228,40,268,312
11/09/2022,CNW,TX,ASW,CE,Federal Contract Tower,0,0,13,20,33,0,0,36,2,38,0,0,49,22,71,148,42,190,261
11/10/2022,CNW,TX,ASW,CE,Federal Contract Tower,0,2,9,2,13,0,0,22,4,26,0,2,31,6,39,106,16,122,161
11/11/2022,CNW,TX,ASW,CE,Federal Contract Tower,0,0,0,0,0,0,0,0,0,0,0,0,0,0,0,0,0,0,0
11/12/2022,CNW,TX,ASW,CE,Federal Contract Tower,0,0,7,1,8,0,0,18,2,20,0,0,25,3,28,14,2,16,44
11/13/2022,CNW,TX,ASW,CE,Federal Contract Tower,0,0,11,3,14,0,0,26,2,28,0,0,37,5,42,14,0,14,56
11/14/2022,CNW,TX,ASW,CE,Federal Contract Tower,0,0,2,1,3,0,0,4,0,4,0,0,6,1,7,20,0,20,27
11/15/2022,CNW,TX,ASW,CE,Federal Contract Tower,0,0,1,4,5,0,3,37,0,40,0,3,38,4,45,242,10,252,297
11/16/2022,CNW,TX,ASW,CE,Federal Contract Tower,0,0,7,10,17,0,1,66,3,70,0,1,73,13,87,120,48,168,255
11/17/2022,CNW,TX,ASW,CE,Federal Contract Tower,0,0,11,4,15,0,0,67,1,68,0,0,78,5,83,198,32,230,313
11/18/2022,CNW,TX,ASW,CE,Federal Contract Tower,0,0,11,9,20,0,1,58,0,59,0,1,69,9,79,222,0,222,301
11/19/2022,CNW,TX,ASW,CE,Federal Contract Tower,0,0,2,0,2,0,0,9,0,9,0,0,11,0,11,56,0,56,67
11/20/2022,CNW,TX,ASW,CE,Federal Contract Tower,0,0,0,0,0,0,0,5,0,5,0,0,5,0,5,8,0,8,13
11/21/2022,CNW,TX,ASW,CE,Federal Contract Tower,0,0,9,20,29,0,0,15,2,17,0,0,24,22,46,124,38,162,208
11/22/2022,CNW,TX,ASW,CE,Federal Contract Tower,0,0,7,15,22,0,2,44,2,48,0,2,51,17,70,160,10,170,240
11/23/2022,CNW,TX,ASW,CE,Federal Contract Tower,0,0,9,8,17,0,2,8,0,10,0,2,17,8,27,26,58,84,111
11/24/2022,CNW,TX,ASW,CE,Federal Contract Tower,0,0,0,0,0,0,0,0,0,0,0,0,0,0,0,0,0,0,0
11/25/2022,CNW,TX,ASW,CE,Federal Contract Tower,0,0,2,0,2,0,0,0,0,0,0,0,2,0,2,0,0,0,2
11/26/2022,CNW,TX,ASW,CE,Federal Contract Tower,0,0,2,0,2,0,0,3,0,3,0,0,5,0,5,28,0,28,33
11/27/2022,CNW,TX,ASW,CE,Federal Contract Tower,0,0,10,0,10,0,4,16,0,20,0,4,26,0,30,26,0,26,56
11/28/2022,CNW,TX,ASW,CE,Federal Contract Tower,0,0,7,26,33,0,2,72,2,76,0,2,79,28,109,238,42,280,389
11/29/2022,CNW,TX,ASW,CE,Federal Contract Tower,0,0,5,20,25,0,2,38,1,41,0,2,43,21,66,169,76,245,311
11/30/2022,CNW,TX,ASW,CE,Federal Contract Tower,0,0,10,11,21,0,2,70,2,74,0,2,80,13,95,190,26,216,311
12/01/2022,CNW,TX,ASW,CE,Federal Contract Tower,0,0,20,20,40,0,0,50,2,52,0,0,70,22,92,156,46,202,294
12/02/2022,CNW,TX,ASW,CE,Federal Contract Tower,0,0,7,2,9,0,0,2,0,2,0,0,9,2,11,16,0,16,27
12/03/2022,CNW,TX,ASW,CE,Federal Contract Tower,0,0,6,0,6,0,2,9,0,11,0,2,15,0,17,54,0,54,71
12/04/2022,CNW,TX,ASW,CE,Federal Contract Tower,0,0,2,5,7,0,0,7,0,7,0,0,9,5,14,4,0,4,18
12/05/2022,CNW,TX,ASW,CE,Federal Contract Tower,0,0,3,11,14,0,2,24,4,30,0,2,27,15,44,70,88,158,202
12/06/2022,CNW,TX,ASW,CE,Federal Contract Tower,0,2,15,13,30,0,0,38,0,38,0,2,53,13,68,228,44,272,340
12/07/2022,CNW,TX,ASW,CE,Federal Contract Tower,0,0,5,17,22,0,4,31,1,36,0,4,36,18,58,76,18,94,152
12/08/2022,CNW,TX,ASW,CE,Federal Contract Tower,0,0,15,20,35,0,0,19,0,19,0,0,34,20,54,70,24,94,148
12/09/2022,CNW,TX,ASW,CE,Federal Contract Tower,0,0,5,48,53,0,1,16,0,17,0,1,21,48,70,44,28,72,142
12/10/2022,CNW,TX,ASW,CE,Federal Contract Tower,0,0,0,0,0,0,0,2,0,2,0,0,2,0,2,0,0,0,2
12/11/2022,CNW,TX,ASW,CE,Federal Contract Tower,0,0,6,0,6,0,1,5,0,6,0,1,11,0,12,6,0,6,18
12/12/2022,CNW,TX,ASW,CE,Federal Contract Tower,0,0,7,6,13,0,0,0,0,0,0,0,7,6,13,0,0,0,13
12/13/2022,CNW,TX,ASW,CE,Federal Contract Tower,0,0,5,7,12,0,2,15,0,17,0,2,20,7,29,28,8,36,65
12/14/2022,CNW,TX,ASW,CE,Federal Contract Tower,0,2,5,5,12,0,2,22,3,27,0,4,27,8,39,38,26,64,103
12/15/2022,CNW,TX,ASW,CE,Federal Contract Tower,0,0,6,5,11,0,2,54,2,58,0,2,60,7,69,78,6,84,153
12/16/2022,CNW,TX,ASW,CE,Federal Contract Tower,0,0,4,1,5,0,0,3,0,3,0,0,7,1,8,14,0,14,22
12/17/2022,CNW,TX,ASW,CE,Federal Contract Tower,0,0,2,0,2,0,5,6,0,11,0,5,8,0,13,0,0,0,13
12/18/2022,CNW,TX,ASW,CE,Federal Contract Tower,0,0,3,1,4,0,0,9,0,9,0,0,12,1,13,0,0,0,13
12/19/2022,CNW,TX,ASW,CE,Federal Contract Tower,0,0,0,0,0,0,0,0,0,0,0,0,0,0,0,0,0,0,0
12/20/2022,CNW,TX,ASW,CE,Federal Contract Tower,0,0,3,8,11,0,0,1,1,2,0,0,4,9,13,0,0,0,13
12/21/2022,CNW,TX,ASW,CE,Federal Contract Tower,0,0,0,37,37,0,0,4,2,6,0,0,4,39,43,0,98,98,141
12/22/2022,CNW,TX,ASW,CE,Federal Contract Tower,0,0,0,2,2,0,0,0,0,0,0,0,0,2,2,0,0,0,2
12/23/2022,CNW,TX,ASW,CE,Federal Contract Tower,0,0,2,0,2,0,2,2,0,4,0,2,4,0,6,0,4,4,10
12/24/2022,CNW,TX,ASW,CE,Federal Contract Tower,0,0,1,0,1,0,0,4,0,4,0,0,5,0,5,4,0,4,9
12/25/2022,CNW,TX,ASW,CE,Federal Contract Tower,0,0,0,0,0,0,0,2,0,2,0,0,2,0,2,0,0,0,2
12/26/2022,CNW,TX,ASW,CE,Federal Contract Tower,0,0,0,0,0,0,0,6,0,6,0,0,6,0,6,6,0,6,12
12/27/2022,CNW,TX,ASW,CE,Federal Contract Tower,0,0,0,2,2,0,4,6,0,10,0,4,6,2,12,0,0,0,12
12/28/2022,CNW,TX,ASW,CE,Federal Contract Tower,0,0,2,0,2,0,0,8,0,8,0,0,10,0,10,0,0,0,10
12/29/2022,CNW,TX,ASW,CE,Federal Contract Tower,0,0,2,0,2,0,0,15,0,15,0,0,17,0,17,30,0,30,47
12/30/2022,CNW,TX,ASW,CE,Federal Contract Tower,0,0,4,0,4,0,3,11,0,14,0,3,15,0,18,22,0,22,40
12/31/2022,CNW,TX,ASW,CE,Federal Contract Tower,0,0,0,0,0,0,3,2,0,5,0,3,2,0,5,0,0,0,5
01/01/2023,CNW,TX,ASW,CE,Federal Contract Tower,0,0,0,0,0,0,0,0,0,0,0,0,0,0,0,0,0,0,0
01/02/2023,CNW,TX,ASW,CE,Federal Contract Tower,0,0,0,0,0,0,2,2,0,4,0,2,2,0,4,0,0,0,4
01/03/2023,CNW,TX,ASW,CE,Federal Contract Tower,0,0,0,1,1,0,4,18,0,22,0,4,18,1,23,44,0,44,67
01/04/2023,CNW,TX,ASW,CE,Federal Contract Tower,0,0,5,5,10,0,5,23,0,28,0,5,28,5,38,44,0,44,82
01/05/2023,CNW,TX,ASW,CE,Federal Contract Tower,0,0,6,8,14,0,5,41,1,47,0,5,47,9,61,132,24,156,217
01/06/2023,CNW,TX,ASW,CE,Federal Contract Tower,0,0,10,33,43,0,4,4,0,8,0,4,14,33,51,10,34,44,95
01/07/2023,CNW,TX,ASW,CE,Federal Contract Tower,0,0,6,2,8,0,2,1,0,3,0,2,7,2,11,8,0,8,19
01/08/2023,CNW,TX,ASW,CE,Federal Contract Tower,0,0,6,0,6,0,0,17,0,17,0,0,23,0,23,70,0,70,93
01/09/2023,CNW,TX,ASW,CE,Federal Contract Tower,0,0,6,18,24,0,4,52,1,57,0,4,58,19,81,176,66,242,323
01/10/2023,CNW,TX,ASW,CE,Federal Contract Tower,0,0,6,18,24,0,0,38,13,51,0,0,44,31,75,112,64,176,251
01/11/2023,CNW,TX,ASW,CE,Federal Contract Tower,0,0,6,45,51,0,1,54,0,55,0,1,60,45,106,68,30,98,204
01/12/2023,CNW,TX,ASW,CE,Federal Contract Tower,0,0,1,14,15,0,4,14,1,19,0,4,15,15,34,22,8,30,64
01/13/2023,CNW,TX,ASW,CE,Federal Contract Tower,0,0,8,5,13,0,2,64,2,68,0,2,72,7,81,178,18,196,277
01/14/2023,CNW,TX,ASW,CE,Federal Contract Tower,0,0,6,0,6,0,5,24,0,29,0,5,30,0,35,46,0,46,81
01/15/2023,CNW,TX,ASW,CE,Federal Contract Tower,0,0,2,0,2,0,0,4,0,4,0,0,6,0,6,0,0,0,6
01/16/2023,CNW,TX,ASW,CE,Federal Contract Tower,0,0,9,0,9,0,0,52,0,52,0,0,61,0,61,174,0,174,235
01/17/2023,CNW,TX,ASW,CE,Federal Contract Tower,0,0,4,10,14,0,0,49,2,51,0,0,53,12,65,232,30,262,327
01/18/2023,CNW,TX,ASW,CE,Federal Contract Tower,0,0,1,19,20,0,2,6,7,15,0,2,7,26,35,0,156,156,191
01/19/2023,CNW,TX,ASW,CE,Federal Contract Tower,0,0,4,8,12,0,1,81,4,86,0,1,85,12,98,194,40,234,332
01/20/2023,CNW,TX,ASW,CE,Federal Contract Tower,0,0,4,24,28,0,1,61,2,64,0,1,65,26,92,164,66,230,322
01/21/2023,CNW,TX,ASW,CE,Federal Contract Tower,0,0,5,2,7,0,1,8,0,9,0,1,13,2,16,8,0,8,24
01/22/2023,CNW,TX,ASW,CE,Federal Contract Tower,0,0,2,0,2,0,4,18,0,22,0,4,20,0,24,46,0,46,70
01/23/2023,CNW,TX,ASW,CE,Federal Contract Tower,0,0,4,6,10,0,2,81,1,84,0,2,85,7,94,172,42,214,308
01/24/2023,CNW,TX,ASW,CE,Federal Contract Tower,0,0,0,0,0,0,0,0,0,0,0,0,0,0,0,0,0,0,0
01/25/2023,CNW,TX,ASW,CE,Federal Contract Tower,0,0,5,3,8,0,0,46,0,46,0,0,51,3,54,158,16,174,228
01/26/2023,CNW,TX,ASW,CE,Federal Contract Tower,0,0,2,12,14,0,0,77,2,79,0,0,79,14,93,212,8,220,313
01/27/2023,CNW,TX,ASW,CE,Federal Contract Tower,0,0,20,28,48,0,2,52,7,61,0,2,72,35,109,62,98,160,269
01/28/2023,CNW,TX,ASW,CE,Federal Contract Tower,0,0,4,0,4,0,0,0,0,0,0,0,4,0,4,0,0,0,4
01/29/2023,CNW,TX,ASW,CE,Federal Contract Tower,0,0,0,1,1,0,0,0,0,0,0,0,0,1,1,0,0,0,1
01/30/2023,CNW,TX,ASW,CE,Federal Contract Tower,0,0,0,1,1,0,0,0,0,0,0,0,0,1,1,0,0,0,1
01/31/2023,CNW,TX,ASW,CE,Federal Contract Tower,0,0,0,0,0,0,0,0,0,0,0,0,0,0,0,0,0,0,0
02/01/2023,CNW,TX,ASW,CE,Federal Contract Tower,0,0,0,0,0,0,0,0,0,0,0,0,0,0,0,0,0,0,0
02/02/2023,CNW,TX,ASW,CE,Federal Contract Tower,0,0,0,0,0,0,0,0,0,0,0,0,0,0,0,0,0,0,0
02/03/2023,CNW,TX,ASW,CE,Federal Contract Tower,0,0,3,9,12,0,0,33,5,38,0,0,36,14,50,152,38,190,240
02/04/2023,CNW,TX,ASW,CE,Federal Contract Tower,0,0,7,0,7,0,2,16,0,18,0,2,23,0,25,24,0,24,49
02/05/2023,CNW,TX,ASW,CE,Federal Contract Tower,0,0,6,1,7,0,0,37,3,40,0,0,43,4,47,118,20,138,185
02/06/2023,CNW,TX,ASW,CE,Federal Contract Tower,0,0,7,2,9,0,0,10,0,10,0,0,17,2,19,32,22,54,73
02/07/2023,CNW,TX,ASW,CE,Federal Contract Tower,0,0,0,0,0,0,0,0,0,0,0,0,0,0,0,0,0,0,0
02/08/2023,CNW,TX,ASW,CE,Federal Contract Tower,0,0,0,7,7,0,2,2,0,4,0,2,2,7,11,20,0,20,31
02/09/2023,CNW,TX,ASW,CE,Federal Contract Tower,0,0,4,0,4,0,2,42,0,44,0,2,46,0,48,70,0,70,118
02/10/2023,CNW,TX,ASW,CE,Federal Contract Tower,0,0,2,5,7,0,1,18,1,20,0,1,20,6,27,68,0,68,95
02/11/2023,CNW,TX,ASW,CE,Federal Contract Tower,0,0,3,0,3,0,0,42,0,42,0,0,45,0,45,142,0,142,187
02/12/2023,CNW,TX,ASW,CE,Federal Contract Tower,0,0,8,1,9,0,4,15,1,20,0,4,23,2,29,64,18,82,111
02/13/2023,CNW,TX,ASW,CE,Federal Contract Tower,0,0,7,12,19,0,1,59,3,63,0,1,66,15,82,136,16,152,234
02/14/2023,CNW,TX,ASW,CE,Federal Contract Tower,0,0,0,12,12,0,3,2,1,6,0,3,2,13,18,0,2,2,20
02/15/2023,CNW,TX,ASW,CE,Federal Contract Tower,0,0,6,7,13,0,2,14,1,17,0,2,20,8,30,26,0,26,56
02/16/2023,CNW,TX,ASW,CE,Federal Contract Tower,0,0,7,10,17,0,0,19,1,20,0,0,26,11,37,0,0,0,37
02/17/2023,CNW,TX,ASW,CE,Federal Contract Tower,0,1,6,2,9,0,2,67,0,69,0,3,73,2,78,298,0,298,376
02/18/2023,CNW,TX,ASW,CE,Federal Contract Tower,0,0,6,0,6,0,3,20,0,23,0,3,26,0,29,102,0,102,131
02/19/2023,CNW,TX,ASW,CE,Federal Contract Tower,0,0,5,0,5,0,0,17,0,17,0,0,22,0,22,4,0,4,26
02/20/2023,CNW,TX,ASW,CE,Federal Contract Tower,0,0,8,0,8,0,2,29,0,31,0,2,37,0,39,30,0,30,69
02/22/2023,CNW,TX,ASW,CE,Federal Contract Tower,0,0,5,2,7,0,1,37,7,45,0,1,42,9,52,112,8,120,172
02/23/2023,CNW,TX,ASW,CE,Federal Contract Tower,0,0,5,6,11,0,2,30,2,34,0,2,35,8,45,108,10,118,163
02/24/2023,CNW,TX,ASW,CE,Federal Contract Tower,0,0,12,0,12,0,0,0,0,0,0,0,12,0,12,0,0,0,12
02/25/2023,CNW,TX,ASW,CE,Federal Contract Tower,0,0,1,0,1,0,0,0,0,0,0,0,1,0,1,0,0,0,1
02/26/2023,CNW,TX,ASW,CE,Federal Contract Tower,0,0,2,0,2,0,2,2,1,5,0,2,4,1,7,0,0,0,7
02/27/2023,CNW,TX,ASW,CE,Federal Contract Tower,0,0,4,29,33,0,0,54,26,80,0,0,58,55,113,182,54,236,349
02/28/2023,CNW,TX,ASW,CE,Federal Contract Tower,0,0,7,15,22,0,4,68,5,77,0,4,75,20,99,282,30,312,411
03/01/2023,CNW,TX,ASW,CE,Federal Contract Tower,0,0,6,0,6,0,1,16,2,19,0,1,22,2,25,76,0,76,101
03/02/2023,CNW,TX,ASW,CE,Federal Contract Tower,0,0,2,0,2,0,0,0,0,0,0,0,2,0,2,0,0,0,2
03/03/2023,CNW,TX,ASW,CE,Federal Contract Tower,0,0,1,2,3,0,0,18,0,18,0,0,19,2,21,0,10,10,31
03/04/2023,CNW,TX,ASW,CE,Federal Contract Tower,0,0,4,6,10,0,3,36,1,40,0,3,40,7,50,72,0,72,122
03/05/2023,CNW,TX,ASW,CE,Federal Contract Tower,0,0,2,11,13,0,0,1,1,2,0,0,3,12,15,20,62,82,97
03/06/2023,CNW,TX,ASW,CE,Federal Contract Tower,0,0,11,18,29,0,0,18,0,18,0,0,29,18,47,72,6,78,125
03/07/2023,CNW,TX,ASW,CE,Federal Contract Tower,0,0,10,1,11,0,2,5,0,7,0,2,15,1,18,26,0,26,44
03/08/2023,CNW,TX,ASW,CE,Federal Contract Tower,0,0,8,4,12,0,0,15,0,15,0,0,23,4,27,106,0,106,133
03/10/2023,CNW,TX,ASW,CE,Federal Contract Tower,0,2,11,35,48,0,2,23,3,28,0,4,34,38,76,106,88,194,270
03/11/2023,CNW,TX,ASW,CE,Federal Contract Tower,0,0,4,32,36,0,4,8,3,15,0,4,12,35,51,42,26,68,119
03/12/2023,CNW,TX,ASW,CE,Federal Contract Tower,0,0,5,11,16,0,1,8,1,10,0,1,13,12,26,0,20,20,46
03/13/2023,CNW,TX,ASW,CE,Federal Contract Tower,0,0,5,9,14,0,2,43,0,45,0,2,48,9,59,162,50,212,271
03/14/2023,CNW,TX,ASW,CE,Federal Contract Tower,0,0,6,12,18,0,0,32,7,39,0,0,38,19,57,164,50,214,271
03/15/2023,CNW,TX,ASW,CE,Federal Contract Tower,0,0,12,5,17,0,0,49,3,52,0,0,61,8,69,130,26,156,225
03/16/2023,CNW,TX,ASW,CE,Federal Contract Tower,0,0,0,4,4,0,0,0,0,0,0,0,0,4,4,0,0,0,4
03/17/2023,CNW,TX,ASW,CE,Federal Contract Tower,0,0,5,14,19,0,3,24,5,32,0,3,29,19,51,16,66,82,133
03/18/2023,CNW,TX,ASW,CE,Federal Contract Tower,0,0,5,0,5,0,2,19,0,21,0,2,24,0,26,26,0,26,52
03/19/2023,CNW,TX,ASW,CE,Federal Contract Tower,0,0,5,4,9,0,2,19,0,21,0,2,24,4,30,88,0,88,118
03/20/2023,CNW,TX,ASW,CE,Federal Contract Tower,0,0,11,8,19,0,0,51,4,55,0,0,62,12,74,204,36,240,314
03/21/2023,CNW,TX,ASW,CE,Federal Contract Tower,0,0,4,0,4,0,0,0,0,0,0,0,4,0,4,0,0,0,4
03/22/2023,CNW,TX,ASW,CE,Federal Contract Tower,0,0,22,3,25,0,0,17,2,19,0,0,39,5,44,48,0,48,92
03/23/2023,CNW,TX,ASW,CE,Federal Contract Tower,0,0,14,1,15,0,0,26,1,27,0,0,40,2,42,128,4,132,174
03/24/2023,CNW,TX,ASW,CE,Federal Contract Tower,0,0,10,0,10,0,0,4,0,4,0,0,14,0,14,0,0,0,14
03/25/2023,CNW,TX,ASW,CE,Federal Contract Tower,0,0,9,0,9,0,2,47,0,49,0,2,56,0,58,148,0,148,206
03/26/2023,CNW,TX,ASW,CE,Federal Contract Tower,0,0,13,0,13,0,0,31,0,31,0,0,44,0,44,264,0,264,308
03/27/2023,CNW,TX,ASW,CE,Federal Contract Tower,0,0,14,4,18,0,4,53,0,57,0,4,67,4,75,230,0,230,305
03/28/2023,CNW,TX,ASW,CE,Federal Contract Tower,0,2,10,18,30,0,0,28,2,30,0,2,38,20,60,86,58,144,204
03/29/2023,CNW,TX,ASW,CE,Federal Contract Tower,0,0,8,22,30,0,2,63,1,66,0,2,71,23,96,248,10,258,354
03/30/2023,CNW,TX,ASW,CE,Federal Contract Tower,0,0,4,0,4,0,0,2,0,2,0,0,6,0,6,0,0,0,6
03/31/2023,CNW,TX,ASW,CE,Federal Contract Tower,0,0,1,2,3,0,8,5,0,13,0,8,6,2,16,32,0,32,48
04/01/2023,CNW,TX,ASW,CE,Federal Contract Tower,0,2,10,0,12,0,2,32,0,34,0,4,42,0,46,94,0,94,140
04/02/2023,CNW,TX,ASW,CE,Federal Contract Tower,0,0,10,0,10,0,0,6,0,6,0,0,16,0,16,0,0,0,16
04/03/2023,CNW,TX,ASW,CE,Federal Contract Tower,0,0,27,4,31,0,4,23,11,38,0,4,50,15,69,94,12,106,175
04/04/2023,CNW,TX,ASW,CE,Federal Contract Tower,0,2,31,17,50,0,0,17,2,19,0,2,48,19,69,44,26,70,139
04/05/2023,CNW,TX,ASW,CE,Federal Contract Tower,0,0,12,10,22,0,2,49,2,53,0,2,61,12,75,48,48,96,171
04/06/2023,CNW,TX,ASW,CE,Federal Contract Tower,0,0,0,0,0,0,0,5,0,5,0,0,5,0,5,44,0,44,49
04/07/2023,CNW,TX,ASW,CE,Federal Contract Tower,0,0,3,1,4,0,0,1,0,1,0,0,4,1,5,20,0,20,25
04/08/2023,CNW,TX,ASW,CE,Federal Contract Tower,0,0,6,0,6,0,1,0,0,1,0,1,6,0,7,0,0,0,7
04/09/2023,CNW,TX,ASW,CE,Federal Contract Tower,0,0,8,0,8,0,2,6,0,8,0,2,14,0,16,0,0,0,16
04/10/2023,CNW,TX,ASW,CE,Federal Contract Tower,0,0,29,32,61,0,1,43,8,52,0,1,72,40,113,128,108,236,349
04/11/2023,CNW,TX,ASW,CE,Federal Contract Tower,0,0,15,11,26,0,1,44,2,47,0,1,59,13,73,118,10,128,201
04/12/2023,CNW,TX,ASW,CE,Federal Contract Tower,0,0,26,8,34,0,0,51,4,55,0,0,77,12,89,140,58,198,287
04/14/2023,CNW,TX,ASW,CE,Federal Contract Tower,0,0,21,3,24,0,0,13,4,17,0,0,34,7,41,66,46,112,153
04/15/2023,CNW,TX,ASW,CE,Federal Contract Tower,0,0,3,0,3,0,0,5,0,5,0,0,8,0,8,0,0,0,8
04/16/2023,CNW,TX,ASW,CE,Federal Contract Tower,0,0,12,0,12,0,0,27,0,27,0,0,39,0,39,70,0,70,109
04/17/2023,CNW,TX,ASW,CE,Federal Contract Tower,0,0,19,23,42,0,1,35,1,37,0,1,54,24,79,86,12,98,177
04/18/2023,CNW,TX,ASW,CE,Federal Contract Tower,0,0,15,16,31,0,2,24,2,28,0,2,39,18,59,109,66,175,234
04/19/2023,CNW,TX,ASW,CE,Federal Contract Tower,0,0,17,5,22,0,3,4,0,7,0,3,21,5,29,12,4,16,45
04/20/2023,CNW,TX,ASW,CE,Federal Contract Tower,0,0,2,0,2,0,0,0,0,0,0,0,2,0,2,0,0,0,2
04/21/2023,CNW,TX,ASW,CE,Federal Contract Tower,0,0,18,0,18,0,4,33,4,41,0,4,51,4,59,132,0,132,191
04/22/2023,CNW,TX,ASW,CE,Federal Contract Tower,0,0,10,2,12,0,0,29,2,31,0,0,39,4,43,96,12,108,151
04/23/2023,CNW,TX,ASW,CE,Federal Contract Tower,0,0,11,6,17,0,0,1,0,1,0,0,12,6,18,0,0,0,18
04/24/2023,CNW,TX,ASW,CE,Federal Contract Tower,0,0,27,11,38,0,2,35,3,40,0,2,62,14,78,134,38,172,250
04/26/2023,CNW,TX,ASW,CE,Federal Contract Tower,0,2,4,0,6,0,0,0,0,0,0,2,4,0,6,0,0,0,6
04/27/2023,CNW,TX,ASW,CE,Federal Contract Tower,0,0,19,12,31,0,4,19,2,25,0,4,38,14,56,40,0,40,96
04/28/2023,CNW,TX,ASW,CE,Federal Contract Tower,0,2,10,12,24,0,4,3,0,7,0,6,13,12,31,12,0,12,43
04/29/2023,CNW,TX,ASW,CE,Federal Contract Tower,0,0,2,0,2,0,4,1,1,6,0,4,3,1,8,0,0,0,8
04/30/2023,CNW,TX,ASW,CE,Federal Contract Tower,0,2,6,4,12,0,0,34,0,34,0,2,40,4,46,48,0,48,94
05/01/2023,CNW,TX,ASW,CE,Federal Contract Tower,0,0,9,2,11,0,0,43,2,45,0,0,52,4,56,56,4,60,116
05/02/2023,CNW,TX,ASW,CE,Federal Contract Tower,0,2,27,8,37,0,2,30,2,34,0,4,57,10,71,60,2,62,133
05/03/2023,CNW,TX,ASW,CE,Federal Contract Tower,0,0,8,12,20,0,4,46,3,53,0,4,54,15,73,134,58,192,265
05/04/2023,CNW,TX,ASW,CE,Federal Contract Tower,0,0,9,1,10,0,0,3,0,3,0,0,12,1,13,0,0,0,13
05/05/2023,CNW,TX,ASW,CE,Federal Contract Tower,0,0,13,5,18,0,2,13,0,15,0,2,26,5,33,26,16,42,75
05/06/2023,CNW,TX,ASW,CE,Federal Contract Tower,0,0,0,0,0,0,2,0,0,2,0,2,0,0,2,0,0,0,2
05/07/2023,CNW,TX,ASW,CE,Federal Contract Tower,0,0,0,0,0,0,2,2,6,10,0,2,2,6,10,0,0,0,10
05/08/2023,CNW,TX,ASW,CE,Federal Contract Tower,0,0,9,7,16,0,6,23,2,31,0,6,32,9,47,78,0,78,125
05/09/2023,CNW,TX,ASW,CE,Federal Contract Tower,0,0,6,8,14,0,2,21,0,23,0,2,27,8,37,128,10,138,175
05/10/2023,CNW,TX,ASW,CE,Federal Contract Tower,0,0,0,0,0,0,0,0,0,0,0,0,0,0,0,0,0,0,0
05/11/2023,CNW,TX,ASW,CE,Federal Contract Tower,0,0,20,1,21,0,0,28,1,29,0,0,48,2,50,102,0,102,152
05/12/2023,CNW,TX,ASW,CE,Federal Contract Tower,0,0,6,0,6,0,6,2,0,8,0,6,8,0,14,48,0,48,62
05/13/2023,CNW,TX,ASW,CE,Federal Contract Tower,0,0,0,0,0,0,0,4,0,4,0,0,4,0,4,10,0,10,14
05/14/2023,CNW,TX,ASW,CE,Federal Contract Tower,0,0,2,0,2,0,0,0,0,0,0,0,2,0,2,0,0,0,2
05/15/2023,CNW,TX,ASW,CE,Federal Contract Tower,0,0,2,0,2,0,0,23,3,26,0,0,25,3,28,78,14,92,120
05/16/2023,CNW,TX,ASW,CE,Federal Contract Tower,0,0,10,0,10,0,3,21,2,26,0,3,31,2,36,66,38,104,140
05/17/2023,CNW,TX,ASW,CE,Federal Contract Tower,0,0,9,4,13,0,0,59,2,61,0,0,68,6,74,136,6,142,216
05/18/2023,CNW,TX,ASW,CE,Federal Contract Tower,0,0,11,17,28,0,1,53,2,56,0,1,64,19,84,120,32,152,236
05/19/2023,CNW,TX,ASW,CE,Federal Contract Tower,0,1,8,15,24,0,4,50,4,58,0,5,58,19,82,62,14,76,158
05/20/2023,CNW,TX,ASW,CE,Federal Contract Tower,0,1,3,5,9,0,0,7,1,8,0,1,10,6,17,102,10,112,129
05/21/2023,CNW,TX,ASW,CE,Federal Contract Tower,0,0,7,1,8,0,2,6,0,8,0,2,13,1,16,12,0,12,28
05/22/2023,CNW,TX,ASW,CE,Federal Contract Tower,0,0,17,28,45,0,3,43,5,51,0,3,60,33,96,134,98,232,328
05/23/2023,CNW,TX,ASW,CE,Federal Contract Tower,0,0,13,3,16,0,1,42,2,45,0,1,55,5,61,164,26,190,251
05/24/2023,CNW,TX,ASW,CE,Federal Contract Tower,0,0,7,1,8,0,0,52,0,52,0,0,59,1,60,118,4,122,182
05/25/2023,CNW,TX,ASW,CE,Federal Contract Tower,0,0,8,1,9,0,0,64,0,64,0,0,72,1,73,106,6,112,185
05/26/2023,CNW,TX,ASW,CE,Federal Contract Tower,0,0,15,0,15,0,2,34,1,37,0,2,49,1,52,78,0,78,130
05/27/2023,CNW,TX,ASW,CE,Federal Contract Tower,0,0,7,0,7,0,0,13,0,13,0,0,20,0,20,24,0,24,44
05/28/2023,CNW,TX,ASW,CE,Federal Contract Tower,0,0,6,0,6,0,2,6,0,8,0,2,12,0,14,2,0,2,16
05/29/2023,CNW,TX,ASW,CE,Federal Contract Tower,0,0,5,0,5,0,4,13,0,17,0,4,18,0,22,32,0,32,54
05/30/2023,CNW,TX,ASW,CE,Federal Contract Tower,0,0,4,13,17,0,6,35,1,42,0,6,39,14,59,150,36,186,245
05/31/2023,CNW,TX,ASW,CE,Federal Contract Tower,0,0,14,4,18,0,1,45,0,46,0,1,59,4,64,136,14,150,214
06/01/2023,CNW,TX,ASW,CE,Federal Contract Tower,0,0,11,41,52,0,0,42,4,46,0,0,53,45,98,145,48,193,291
06/02/2023,CNW,TX,ASW,CE,Federal Contract Tower,0,0,3,5,8,0,2,44,0,46,0,2,47,5,54,88,6,94,148
06/03/2023,CNW,TX,ASW,CE,Federal Contract Tower,0,0,3,3,6,0,0,6,1,7,0,0,9,4,13,18,2,20,33
06/04/2023,CNW,TX,ASW,CE,Federal Contract Tower,0,0,4,2,6,0,0,3,0,3,0,0,7,2,9,24,12,36,45
06/05/2023,CNW,TX,ASW,CE,Federal Contract Tower,0,0,6,2,8,0,2,35,0,37,0,2,41,2,45,180,0,180,225
06/06/2023,CNW,TX,ASW,CE,Federal Contract Tower,0,0,6,2,8,0,0,38,1,39,0,0,44,3,47,100,4,104,151
06/07/2023,CNW,TX,ASW,CE,Federal Contract Tower,0,0,16,3,19,0,0,35,0,35,0,0,51,3,54,96,10,106,160
06/08/2023,CNW,TX,ASW,CE,Federal Contract Tower,0,0,11,11,22,0,0,25,0,25,0,0,36,11,47,78,10,88,135
06/09/2023,CNW,TX,ASW,CE,Federal Contract Tower,0,0,20,4,24,0,4,51,2,57,0,4,71,6,81,134,0,134,215
06/10/2023,CNW,TX,ASW,CE,Federal Contract Tower,0,0,4,2,6,0,0,18,0,18,0,0,22,2,24,66,0,66,90
06/11/2023,CNW,TX,ASW,CE,Federal Contract Tower,0,0,1,0,1,0,0,7,0,7,0,0,8,0,8,26,0,26,34
06/12/2023,CNW,TX,ASW,CE,Federal Contract Tower,0,0,14,2,16,0,0,19,0,19,0,0,33,2,35,54,0,54,89
06/13/2023,CNW,TX,ASW,CE,Federal Contract Tower,0,0,26,4,30,0,2,12,1,15,0,2,38,5,45,142,38,180,225
06/14/2023,CNW,TX,ASW,CE,Federal Contract Tower,0,0,5,2,7,0,1,34,0,35,0,1,39,2,42,78,0,78,120
06/15/2023,CNW,TX,ASW,CE,Federal Contract Tower,0,0,9,10,19,0,1,21,1,23,0,1,30,11,42,74,10,84,126
06/16/2023,CNW,TX,ASW,CE,Federal Contract Tower,0,0,5,3,8,0,6,11,0,17,0,6,16,3,25,88,10,98,123
06/17/2023,CNW,TX,ASW,CE,Federal Contract Tower,0,0,3,2,5,0,4,3,0,7,0,4,6,2,12,0,2,2,14
06/18/2023,CNW,TX,ASW,CE,Federal Contract Tower,0,0,2,0,2,0,6,7,0,13,0,6,9,0,15,4,0,4,19
06/19/2023,CNW,TX,ASW,CE,Federal Contract Tower,0,0,12,0,12,0,0,25,0,25,0,0,37,0,37,58,0,58,95
06/20/2023,CNW,TX,ASW,CE,Federal Contract Tower,0,0,17,2,19,0,0,40,0,40,0,0,57,2,59,126,20,146,205
06/21/2023,CNW,TX,ASW,CE,Federal Contract Tower,0,0,13,5,18,0,0,12,2,14,0,0,25,7,32,42,0,42,74
06/22/2023,CNW,TX,ASW,CE,Federal Contract Tower,0,0,11,8,19,0,1,39,5,45,0,1,50,13,64,190,24,214,278
06/23/2023,CNW,TX,ASW,CE,Federal Contract Tower,0,0,6,38,44,0,0,19,0,19,0,0,25,38,63,50,52,102,165
06/24/2023,CNW,TX,ASW,CE,Federal Contract Tower,0,0,0,1,1,0,0,13,1,14,0,0,13,2,15,6,14,20,35
06/25/2023,CNW,TX,ASW,CE,Federal Contract Tower,0,0,7,6,13,0,3,12,0,15,0,3,19,6,28,18,6,24,52
06/26/2023,CNW,TX,ASW,CE,Federal Contract Tower,0,0,12,2,14,0,0,40,0,40,0,0,52,2,54,88,0,88,142
06/27/2023,CNW,TX,ASW,CE,Federal Contract Tower,0,0,19,5,24,0,0,31,2,33,0,0,50,7,57,46,32,78,135
06/28/2023,CNW,TX,ASW,CE,Federal Contract Tower,0,0,14,4,18,0,1,35,2,38,0,1,49,6,56,88,20,108,164
06/29/2023,CNW,TX,ASW,CE,Federal Contract Tower,0,0,11,3,14,0,0,49,0,49,0,0,60,3,63,116,40,156,219
06/30/2023,CNW,TX,ASW,CE,Federal Contract Tower,0,0,7,6,13,0,0,20,2,22,0,0,27,8,35,30,6,36,71
07/01/2023,CNW,TX,ASW,CE,Federal Contract Tower,0,0,6,0,6,0,3,9,0,12,0,3,15,0,18,44,0,44,62
07/02/2023,CNW,TX,ASW,CE,Federal Contract Tower,0,0,3,0,3,0,1,9,0,10,0,1,12,0,13,4,0,4,17
07/03/2023,CNW,TX,ASW,CE,Federal Contract Tower,0,0,5,0,5,0,0,19,0,19,0,0,24,0,24,30,0,30,54
07/04/2023,CNW,TX,ASW,CE,Federal Contract Tower,0,0,0,0,0,0,0,7,0,7,0,0,7,0,7,0,0,0,7
07/05/2023,CNW,TX,ASW,CE,Federal Contract Tower,0,0,9,9,18,0,2,26,1,29,0,2,35,10,47,58,32,90,137
07/06/2023,CNW,TX,ASW,CE,Federal Contract Tower,0,0,12,24,36,0,0,30,0,30,0,0,42,24,66,34,56,90,156
07/07/2023,CNW,TX,ASW,CE,Federal Contract Tower,0,0,17,9,26,0,0,39,0,39,0,0,56,9,65,102,18,120,185
07/08/2023,CNW,TX,ASW,CE,Federal Contract Tower,0,0,6,4,10,0,0,13,0,13,0,0,19,4,23,66,0,66,89
07/09/2023,CNW,TX,ASW,CE,Federal Contract Tower,0,2,8,0,10,0,6,7,0,13,0,8,15,0,23,6,0,6,29
07/10/2023,CNW,TX,ASW,CE,Federal Contract Tower,0,0,22,6,28,0,2,26,1,29,0,2,48,7,57,44,26,70,127
07/11/2023,CNW,TX,ASW,CE,Federal Contract Tower,0,0,20,5,25,0,2,34,3,39,0,2,54,8,64,84,14,98,162
07/12/2023,CNW,TX,ASW,CE,Federal Contract Tower,0,0,14,2,16,0,4,42,10,56,0,4,56,12,72,104,14,118,190
07/13/2023,CNW,TX,ASW,CE,Federal Contract Tower,0,0,12,11,23,0,1,36,6,43,0,1,48,17,66,66,40,106,172
07/14/2023,CNW,TX,ASW,CE,Federal Contract Tower,0,0,5,7,12,0,2,30,2,34,0,2,35,9,46,104,46,150,196
07/15/2023,CNW,TX,ASW,CE,Federal Contract Tower,0,0,0,1,1,0,1,8,0,9,0,1,8,1,10,36,0,36,46
07/16/2023,CNW,TX,ASW,CE,Federal Contract Tower,0,0,1,0,1,0,5,7,2,14,0,5,8,2,15,24,0,24,39
07/17/2023,CNW,TX,ASW,CE,Federal Contract Tower,0,0,4,5,9,0,4,28,4,36,0,4,32,9,45,82,26,108,153
07/18/2023,CNW,TX,ASW,CE,Federal Contract Tower,0,0,9,0,9,0,3,49,2,54,0,3,58,2,63,138,0,138,201
07/19/2023,CNW,TX,ASW,CE,Federal Contract Tower,0,0,12,11,23,0,2,40,5,47,0,2,52,16,70,104,32,136,206
07/20/2023,CNW,TX,ASW,CE,Federal Contract Tower,0,0,13,8,21,0,0,36,4,40,0,0,49,12,61,172,24,196,257
07/21/2023,CNW,TX,ASW,CE,Federal Contract Tower,0,0,12,12,24,0,2,27,3,32,0,2,39,15,56,66,14,80,136
07/22/2023,CNW,TX,ASW,CE,Federal Contract Tower,0,0,4,2,6,0,4,4,0,8,0,4,8,2,14,6,10,16,30
07/23/2023,CNW,TX,ASW,CE,Federal Contract Tower,0,0,2,8,10,0,2,2,4,8,0,2,4,12,18,2,16,18,36
07/24/2023,CNW,TX,ASW,CE,Federal Contract Tower,0,0,10,0,10,0,2,32,2,36,0,2,42,2,46,122,0,122,168
07/25/2023,CNW,TX,ASW,CE,Federal Contract Tower,0,0,17,6,23,0,3,33,2,38,0,3,50,8,61,24,6,30,91
07/26/2023,CNW,TX,ASW,CE,Federal Contract Tower,0,0,7,0,7,0,0,37,0,37,0,0,44,0,44,60,0,60,104
07/27/2023,CNW,TX,ASW,CE,Federal Contract Tower,0,0,10,6,16,0,1,30,0,31,0,1,40,6,47,78,0,78,125
07/28/2023,CNW,TX,ASW,CE,Federal Contract Tower,0,0,7,6,13,0,4,36,0,40,0,4,43,6,53,76,34,110,163
07/29/2023,CNW,TX,ASW,CE,Federal Contract Tower,0,0,2,8,10,0,0,11,0,11,0,0,13,8,21,22,0,22,43
07/30/2023,CNW,TX,ASW,CE,Federal Contract Tower,0,0,6,2,8,0,4,12,0,16,0,4,18,2,24,22,0,22,46
07/31/2023,CNW,TX,ASW,CE,Federal Contract Tower,0,0,5,9,14,0,3,26,2,31,0,3,31,11,45,14,28,42,87
08/01/2023,CNW,TX,ASW,CE,Federal Contract Tower,0,0,12,2,14,0,0,50,1,51,0,0,62,3,65,108,34,142,207
08/02/2023,CNW,TX,ASW,CE,Federal Contract Tower,0,1,9,11,21,0,4,37,0,41,0,5,46,11,62,59,56,115,177
08/03/2023,CNW,TX,ASW,CE,Federal Contract Tower,0,1,4,10,15,0,2,25,2,29,0,3,29,12,44,110,38,148,192
08/04/2023,CNW,TX,ASW,CE,Federal Contract Tower,0,0,10,15,25,0,0,21,0,21,0,0,31,15,46,26,28,54,100
08/05/2023,CNW,TX,ASW,CE,Federal Contract Tower,0,0,0,1,1,0,0,10,0,10,0,0,10,1,11,18,0,18,29
08/06/2023,CNW,TX,ASW,CE,Federal Contract Tower,0,0,1,0,1,0,2,10,2,14,0,2,11,2,15,14,0,14,29
08/07/2023,CNW,TX,ASW,CE,Federal Contract Tower,0,0,6,11,17,0,0,30,0,30,0,0,36,11,47,8,22,30,77
08/08/2023,CNW,TX,ASW,CE,Federal Contract Tower,0,0,8,7,15,0,2,22,2,26,0,2,30,9,41,32,12,44,85
08/09/2023,CNW,TX,ASW,CE,Federal Contract Tower,0,0,9,1,10,0,1,17,2,20,0,1,26,3,30,12,8,20,50
08/10/2023,CNW,TX,ASW,CE,Federal Contract Tower,0,0,8,8,16,0,2,22,0,24,0,2,30,8,40,86,30,116,156
08/11/2023,CNW,TX,ASW,CE,Federal Contract Tower,0,0,11,6,17,0,2,39,2,43,0,2,50,8,60,38,8,46,106
08/12/2023,CNW,TX,ASW,CE,Federal Contract Tower,0,0,10,7,17,0,2,16,1,19,0,2,26,8,36,88,0,88,124
08/13/2023,CNW,TX,ASW,CE,Federal Contract Tower,0,0,4,0,4,0,2,6,0,8,0,2,10,0,12,54,0,54,66
08/14/2023,CNW,TX,ASW,CE,Federal Contract Tower,0,0,13,6,19,0,5,24,0,29,0,5,37,6,48,50,16,66,114
08/15/2023,CNW,TX,ASW,CE,Federal Contract Tower,0,0,8,5,13,0,0,21,1,22,0,0,29,6,35,56,16,72,107
08/16/2023,CNW,TX,ASW,CE,Federal Contract Tower,0,0,6,11,17,0,2,34,2,38,0,2,40,13,55,54,44,98,153
08/17/2023,CNW,TX,ASW,CE,Federal Contract Tower,0,0,6,7,13,0,0,38,3,41,0,0,44,10,54,82,10,92,146
08/18/2023,CNW,TX,ASW,CE,Federal Contract Tower,0,0,7,58,65,0,0,22,4,26,0,0,29,62,91,42,80,122,213
08/19/2023,CNW,TX,ASW,CE,Federal Contract Tower,0,0,0,6,6,0,5,10,0,15,0,5,10,6,21,8,12,20,41
08/20/2023,CNW,TX,ASW,CE,Federal Contract Tower,0,0,2,0,2,0,4,6,0,10,0,4,8,0,12,0,0,0,12
08/21/2023,CNW,TX,ASW,CE,Federal Contract Tower,0,0,11,8,19,0,2,22,1,25,0,2,33,9,44,46,18,64,108
08/22/2023,CNW,TX,ASW,CE,Federal Contract Tower,0,0,5,19,24,0,0,21,2,23,0,0,26,21,47,54,38,92,139
08/23/2023,CNW,TX,ASW,CE,Federal Contract Tower,0,0,9,28,37,0,1,15,8,24,0,1,24,36,61,48,46,94,155
08/24/2023,CNW,TX,ASW,CE,Federal Contract Tower,0,0,7,4,11,0,0,18,0,18,0,0,25,4,29,82,0,82,111
08/25/2023,CNW,TX,ASW,CE,Federal Contract Tower,0,0,3,1,4,0,4,12,0,16,0,4,15,1,20,42,0,42,62
08/26/2023,CNW,TX,ASW,CE,Federal Contract Tower,0,0,4,0,4,0,3,7,0,10,0,3,11,0,14,106,0,106,120
08/27/2023,CNW,TX,ASW,CE,Federal Contract Tower,0,0,2,18,20,0,2,2,0,4,0,2,4,18,24,0,0,0,24
08/28/2023,CNW,TX,ASW,CE,Federal Contract Tower,0,0,1,7,8,0,4,43,0,47,0,4,44,7,55,76,12,88,143
08/29/2023,CNW,TX,ASW,CE,Federal Contract Tower,0,0,5,6,11,0,0,39,3,42,0,0,44,9,53,124,10,134,187
08/30/2023,CNW,TX,ASW,CE,Federal Contract Tower,0,0,2,8,10,0,1,33,0,34,0,1,35,8,44,102,24,126,170
08/31/2023,CNW,TX,ASW,CE,Federal Contract Tower,0,0,11,0,11,0,3,39,0,42,0,3,50,0,53,82,0,82,135
