01/01/2020,COS,CO,ANM,WE,Combined TRACON& Tower with Radar,28,37,17,2,84,0,2,32,1,35,28,39,49,3,119,52,0,52,171
01/02/2020,COS,CO,ANM,WE,Combined TRACON& Tower with Radar,40,49,25,16,130,0,1,45,12,58,40,50,70,28,188,170,34,204,392
01/03/2020,COS,CO,ANM,WE,Combined TRACON& Tower with Radar,36,43,33,8,120,0,2,71,13,86,36,45,104,21,206,108,118,226,432
01/04/2020,COS,CO,ANM,WE,Combined TRACON& Tower with Radar,30,43,37,4,114,0,0,88,6,94,30,43,125,10,208,114,44,158,366
01/05/2020,COS,CO,ANM,WE,Combined TRACON& Tower with Radar,34,41,25,3,103,0,0,27,9,36,34,41,52,12,139,32,20,52,191
01/06/2020,COS,CO,ANM,WE,Combined TRACON& Tower with Radar,33,37,16,4,90,0,6,15,10,31,33,43,31,14,121,26,18,44,165
01/07/2020,COS,CO,ANM,WE,Combined TRACON& Tower with Radar,41,38,26,28,133,0,4,87,32,123,41,42,113,60,256,110,88,198,454
01/08/2020,COS,CO,ANM,WE,Combined TRACON& Tower with Radar,51,36,29,10,126,0,3,52,22,77,51,39,81,32,203,116,44,160,363
01/09/2020,COS,CO,ANM,WE,Combined TRACON& Tower with Radar,41,36,31,14,122,0,0,66,30,96,41,36,97,44,218,136,172,308,526
01/10/2020,COS,CO,ANM,WE,Combined TRACON& Tower with Radar,30,52,18,18,118,0,1,16,50,67,30,53,34,68,185,94,92,186,371
01/11/2020,COS,CO,ANM,WE,Combined TRACON& Tower with Radar,28,30,29,7,94,0,2,86,17,105,28,32,115,24,199,118,48,166,365
01/12/2020,COS,CO,ANM,WE,Combined TRACON& Tower with Radar,37,38,25,9,109,0,0,57,23,80,37,38,82,32,189,146,36,182,371
01/13/2020,COS,CO,ANM,WE,Combined TRACON& Tower with Radar,33,34,21,28,116,0,2,55,21,78,33,36,76,49,194,68,60,128,322
01/14/2020,COS,CO,ANM,WE,Combined TRACON& Tower with Radar,37,41,20,23,121,0,7,51,32,90,37,48,71,55,211,96,54,150,361
01/15/2020,COS,CO,ANM,WE,Combined TRACON& Tower with Radar,31,39,20,19,109,0,5,54,62,121,31,44,74,81,230,196,148,344,574
01/16/2020,COS,CO,ANM,WE,Combined TRACON& Tower with Radar,42,38,39,19,138,0,2,61,44,107,42,40,100,63,245,220,192,412,657
01/17/2020,COS,CO,ANM,WE,Combined TRACON& Tower with Radar,33,39,15,8,95,0,0,7,7,14,33,39,22,15,109,24,30,54,163
01/18/2020,COS,CO,ANM,WE,Combined TRACON& Tower with Radar,26,31,27,25,109,0,2,116,17,135,26,33,143,42,244,152,12,164,408
01/19/2020,COS,CO,ANM,WE,Combined TRACON& Tower with Radar,31,38,17,13,99,0,5,60,9,74,31,43,77,22,173,138,8,146,319
01/20/2020,COS,CO,ANM,WE,Combined TRACON& Tower with Radar,29,45,44,11,129,0,3,127,11,141,29,48,171,22,270,130,14,144,414
01/21/2020,COS,CO,ANM,WE,Combined TRACON& Tower with Radar,40,34,31,8,113,0,6,68,45,119,40,40,99,53,232,174,174,348,580
01/22/2020,COS,CO,ANM,WE,Combined TRACON& Tower with Radar,36,41,41,28,146,0,2,74,60,136,36,43,115,88,282,184,276,460,742
01/23/2020,COS,CO,ANM,WE,Combined TRACON& Tower with Radar,43,45,48,26,162,0,3,77,49,129,43,48,125,75,291,104,146,250,541
01/24/2020,COS,CO,ANM,WE,Combined TRACON& Tower with Radar,34,40,31,35,140,0,0,108,28,136,34,40,139,63,276,200,96,296,572
01/25/2020,COS,CO,ANM,WE,Combined TRACON& Tower with Radar,25,34,26,44,129,0,3,98,28,129,25,37,124,72,258,172,90,262,520
01/26/2020,COS,CO,ANM,WE,Combined TRACON& Tower with Radar,35,34,37,22,128,0,8,91,15,114,35,42,128,37,242,138,46,184,426
01/27/2020,COS,CO,ANM,WE,Combined TRACON& Tower with Radar,34,46,23,6,109,0,3,40,15,58,34,49,63,21,167,86,80,166,333
01/28/2020,COS,CO,ANM,WE,Combined TRACON& Tower with Radar,43,35,41,48,167,0,2,66,30,98,43,37,107,78,265,222,78,300,565
01/29/2020,COS,CO,ANM,WE,Combined TRACON& Tower with Radar,32,29,19,30,110,0,1,35,18,54,32,30,54,48,164,156,48,204,368
01/30/2020,COS,CO,ANM,WE,Combined TRACON& Tower with Radar,38,36,24,19,117,0,0,74,27,101,38,36,98,46,218,114,84,198,416
01/31/2020,COS,CO,ANM,WE,Combined TRACON& Tower with Radar,32,33,35,8,108,0,2,57,8,67,32,35,92,16,175,108,40,148,323
02/01/2020,COS,CO,ANM,WE,Combined TRACON& Tower with Radar,28,33,39,9,109,0,4,77,19,100,28,37,116,28,209,162,12,174,383
02/02/2020,COS,CO,ANM,WE,Combined TRACON& Tower with Radar,39,36,20,1,96,0,5,51,4,60,39,41,71,5,156,64,0,64,220
02/03/2020,COS,CO,ANM,WE,Combined TRACON& Tower with Radar,32,33,18,3,86,0,0,0,1,1,32,33,18,4,87,0,0,0,87
02/04/2020,COS,CO,ANM,WE,Combined TRACON& Tower with Radar,39,48,18,5,110,0,2,1,4,7,39,50,19,9,117,4,0,4,121
02/05/2020,COS,CO,ANM,WE,Combined TRACON& Tower with Radar,35,41,33,19,128,0,0,68,22,90,35,41,101,41,218,0,0,0,218
02/06/2020,COS,CO,ANM,WE,Combined TRACON& Tower with Radar,38,30,22,32,122,0,4,36,29,69,38,34,58,61,191,106,116,222,413
02/07/2020,COS,CO,ANM,WE,Combined TRACON& Tower with Radar,30,31,12,4,77,0,0,0,0,0,30,31,12,4,77,0,0,0,77
02/08/2020,COS,CO,ANM,WE,Combined TRACON& Tower with Radar,28,36,28,5,97,0,0,57,7,64,28,36,85,12,161,128,28,156,317
02/09/2020,COS,CO,ANM,WE,Combined TRACON& Tower with Radar,35,32,14,19,100,0,0,2,2,4,35,32,16,21,104,0,0,0,104
02/10/2020,COS,CO,ANM,WE,Combined TRACON& Tower with Radar,36,39,39,11,125,0,0,44,25,69,36,39,83,36,194,64,78,142,336
02/11/2020,COS,CO,ANM,WE,Combined TRACON& Tower with Radar,38,40,20,19,117,0,0,35,12,47,38,40,55,31,164,128,31,159,323
02/12/2020,COS,CO,ANM,WE,Combined TRACON& Tower with Radar,41,45,34,18,138,0,2,28,14,44,41,47,62,32,182,0,0,0,182
02/13/2020,COS,CO,ANM,WE,Combined TRACON& Tower with Radar,36,50,42,12,140,0,0,16,5,21,36,50,58,17,161,0,0,0,161
02/14/2020,COS,CO,ANM,WE,Combined TRACON& Tower with Radar,30,50,44,14,138,0,2,104,43,149,30,52,148,57,287,210,62,272,559
02/15/2020,COS,CO,ANM,WE,Combined TRACON& Tower with Radar,30,44,38,6,118,0,0,108,10,118,30,44,146,16,236,158,0,158,394
02/16/2020,COS,CO,ANM,WE,Combined TRACON& Tower with Radar,31,49,38,2,120,0,2,92,9,103,31,51,130,11,223,146,22,168,391
02/17/2020,COS,CO,ANM,WE,Combined TRACON& Tower with Radar,28,44,36,5,113,0,0,27,4,31,28,44,63,9,144,120,0,120,264
02/18/2020,COS,CO,ANM,WE,Combined TRACON& Tower with Radar,32,39,19,1,91,0,0,1,0,1,32,39,20,1,92,0,0,0,92
02/19/2020,COS,CO,ANM,WE,Combined TRACON& Tower with Radar,26,47,21,18,112,0,1,6,11,18,26,48,27,29,130,30,26,56,186
02/20/2020,COS,CO,ANM,WE,Combined TRACON& Tower with Radar,34,45,27,27,133,0,0,2,13,15,34,45,29,40,148,4,6,10,158
02/21/2020,COS,CO,ANM,WE,Combined TRACON& Tower with Radar,29,50,53,18,150,0,3,150,19,172,29,53,203,37,322,146,106,252,574
02/22/2020,COS,CO,ANM,WE,Combined TRACON& Tower with Radar,25,41,49,6,121,0,1,125,7,133,25,42,174,13,254,208,6,214,468
02/23/2020,COS,CO,ANM,WE,Combined TRACON& Tower with Radar,31,37,16,6,90,0,4,2,4,10,31,41,18,10,100,0,0,0,100
02/24/2020,COS,CO,ANM,WE,Combined TRACON& Tower with Radar,29,43,23,10,105,0,0,16,10,26,29,43,39,20,131,0,20,20,151
02/25/2020,COS,CO,ANM,WE,Combined TRACON& Tower with Radar,32,37,15,8,92,0,0,1,1,2,32,37,16,9,94,0,18,18,112
02/26/2020,COS,CO,ANM,WE,Combined TRACON& Tower with Radar,26,40,39,23,128,0,0,100,41,141,26,40,139,64,269,142,62,204,473
02/27/2020,COS,CO,ANM,WE,Combined TRACON& Tower with Radar,34,40,24,24,122,0,3,59,65,127,34,43,83,89,249,120,160,280,529
02/28/2020,COS,CO,ANM,WE,Combined TRACON& Tower with Radar,27,45,33,29,134,0,7,95,38,140,27,52,128,67,274,210,86,296,570
02/29/2020,COS,CO,ANM,WE,Combined TRACON& Tower with Radar,25,37,29,9,100,0,0,128,18,146,25,37,157,27,246,141,30,171,417
03/01/2020,COS,CO,ANM,WE,Combined TRACON& Tower with Radar,33,40,26,7,106,0,3,46,0,49,33,43,72,7,155,56,0,56,211
03/02/2020,COS,CO,ANM,WE,Combined TRACON& Tower with Radar,27,37,10,10,84,0,1,23,6,30,27,38,33,16,114,48,16,64,178
03/03/2020,COS,CO,ANM,WE,Combined TRACON& Tower with Radar,32,49,33,15,129,0,4,111,39,154,32,53,144,54,283,276,110,386,669
03/04/2020,COS,CO,ANM,WE,Combined TRACON& Tower with Radar,28,44,38,16,126,0,1,84,29,114,28,45,122,45,240,98,36,134,374
03/05/2020,COS,CO,ANM,WE,Combined TRACON& Tower with Radar,32,43,36,18,129,0,0,110,36,146,32,43,146,54,275,0,0,0,275
03/06/2020,COS,CO,ANM,WE,Combined TRACON& Tower with Radar,29,48,42,19,138,0,0,121,31,152,29,48,163,50,290,122,83,205,495
03/07/2020,COS,CO,ANM,WE,Combined TRACON& Tower with Radar,25,42,25,10,102,0,7,84,3,94,25,49,109,13,196,138,60,198,394
03/08/2020,COS,CO,ANM,WE,Combined TRACON& Tower with Radar,39,46,18,8,111,0,4,49,5,58,39,50,67,13,169,96,0,96,265
03/09/2020,COS,CO,ANM,WE,Combined TRACON& Tower with Radar,31,49,51,20,151,0,0,68,38,106,31,49,119,58,257,290,56,346,603
03/10/2020,COS,CO,ANM,WE,Combined TRACON& Tower with Radar,30,46,18,22,116,0,0,62,30,92,30,46,80,52,208,110,53,163,371
03/11/2020,COS,CO,ANM,WE,Combined TRACON& Tower with Radar,27,46,39,16,128,0,13,89,49,151,27,59,128,65,279,232,88,320,599
03/12/2020,COS,CO,ANM,WE,Combined TRACON& Tower with Radar,33,54,21,38,146,0,6,42,34,82,33,60,63,72,228,128,60,188,416
03/13/2020,COS,CO,ANM,WE,Combined TRACON& Tower with Radar,26,49,10,6,91,0,1,0,0,1,26,50,10,6,92,0,0,0,92
03/14/2020,COS,CO,ANM,WE,Combined TRACON& Tower with Radar,33,35,21,2,91,0,0,1,0,1,33,35,22,2,92,0,0,0,92
03/15/2020,COS,CO,ANM,WE,Combined TRACON& Tower with Radar,29,46,29,1,105,0,1,1,0,2,29,47,30,1,107,12,0,12,119
03/16/2020,COS,CO,ANM,WE,Combined TRACON& Tower with Radar,25,54,33,16,128,0,3,104,12,119,25,57,137,28,247,122,24,146,393
03/17/2020,COS,CO,ANM,WE,Combined TRACON& Tower with Radar,28,43,6,9,86,0,1,7,7,15,28,44,13,16,101,0,22,22,123
03/18/2020,COS,CO,ANM,WE,Combined TRACON& Tower with Radar,36,54,31,13,134,0,3,75,21,99,36,57,106,34,233,126,36,162,395
03/19/2020,COS,CO,ANM,WE,Combined TRACON& Tower with Radar,28,32,4,2,66,0,1,1,0,2,28,33,5,2,68,0,0,0,68
03/20/2020,COS,CO,ANM,WE,Combined TRACON& Tower with Radar,25,38,10,2,75,0,1,0,2,3,25,39,10,4,78,0,0,0,78
03/21/2020,COS,CO,ANM,WE,Combined TRACON& Tower with Radar,27,41,29,0,97,0,0,65,2,67,27,41,94,2,164,194,0,194,358
03/22/2020,COS,CO,ANM,WE,Combined TRACON& Tower with Radar,30,36,15,0,81,0,0,45,3,48,30,36,60,3,129,102,0,102,231
03/23/2020,COS,CO,ANM,WE,Combined TRACON& Tower with Radar,17,31,15,7,70,0,2,55,17,74,17,33,70,24,144,158,30,188,332
03/24/2020,COS,CO,ANM,WE,Combined TRACON& Tower with Radar,26,29,15,9,79,0,0,61,56,117,26,29,76,65,196,158,178,336,532
03/25/2020,COS,CO,ANM,WE,Combined TRACON& Tower with Radar,18,29,8,14,69,0,0,23,14,37,18,29,31,28,106,40,0,40,146
03/26/2020,COS,CO,ANM,WE,Combined TRACON& Tower with Radar,18,28,5,0,51,0,8,2,2,12,18,36,7,2,63,0,0,0,63
03/27/2020,COS,CO,ANM,WE,Combined TRACON& Tower with Radar,20,24,10,4,58,0,3,19,0,22,20,27,29,4,80,88,0,88,168
03/28/2020,COS,CO,ANM,WE,Combined TRACON& Tower with Radar,11,33,14,0,58,0,7,15,2,24,11,40,29,2,82,14,0,14,96
03/29/2020,COS,CO,ANM,WE,Combined TRACON& Tower with Radar,8,26,31,0,65,0,3,51,0,54,8,29,82,0,119,6,0,6,125
03/30/2020,COS,CO,ANM,WE,Combined TRACON& Tower with Radar,12,37,15,3,67,0,6,28,2,36,12,43,43,5,103,34,2,36,139
03/31/2020,COS,CO,ANM,WE,Combined TRACON& Tower with Radar,17,23,18,10,68,0,4,51,15,70,17,27,69,25,138,46,44,90,228
04/01/2020,COS,CO,ANM,WE,Combined TRACON& Tower with Radar,19,18,12,8,57,0,4,37,13,54,19,22,49,21,111,66,28,94,205
04/02/2020,COS,CO,ANM,WE,Combined TRACON& Tower with Radar,16,17,1,32,66,0,3,0,0,3,16,20,1,32,69,0,0,0,69
04/03/2020,COS,CO,ANM,WE,Combined TRACON& Tower with Radar,14,20,19,25,78,0,1,11,1,13,14,21,30,26,91,24,16,40,131
04/04/2020,COS,CO,ANM,WE,Combined TRACON& Tower with Radar,16,17,30,0,63,0,11,38,0,49,16,28,68,0,112,50,0,50,162
04/05/2020,COS,CO,ANM,WE,Combined TRACON& Tower with Radar,15,15,10,0,40,0,0,39,2,41,15,15,49,2,81,40,0,40,121
04/06/2020,COS,CO,ANM,WE,Combined TRACON& Tower with Radar,19,17,15,11,62,0,2,29,9,40,19,19,44,20,102,28,36,64,166
04/07/2020,COS,CO,ANM,WE,Combined TRACON& Tower with Radar,14,16,6,10,46,0,6,30,4,40,14,22,36,14,86,26,12,38,124
04/08/2020,COS,CO,ANM,WE,Combined TRACON& Tower with Radar,18,22,14,2,56,0,2,42,2,46,18,24,56,4,102,46,6,52,154
04/09/2020,COS,CO,ANM,WE,Combined TRACON& Tower with Radar,23,14,17,8,62,0,0,34,2,36,23,14,51,10,98,24,18,42,140
04/10/2020,COS,CO,ANM,WE,Combined TRACON& Tower with Radar,18,13,9,2,42,0,2,38,2,42,18,15,47,4,84,52,0,52,136
04/11/2020,COS,CO,ANM,WE,Combined TRACON& Tower with Radar,16,13,18,3,50,0,2,54,7,63,16,15,72,10,113,42,4,46,159
04/12/2020,COS,CO,ANM,WE,Combined TRACON& Tower with Radar,11,8,1,0,20,0,1,0,0,1,11,9,1,0,21,0,0,0,21
04/13/2020,COS,CO,ANM,WE,Combined TRACON& Tower with Radar,14,12,3,1,30,0,0,0,0,0,14,12,3,1,30,0,0,0,30
04/14/2020,COS,CO,ANM,WE,Combined TRACON& Tower with Radar,19,12,12,9,52,0,3,13,4,20,19,15,25,13,72,34,6,40,112
04/15/2020,COS,CO,ANM,WE,Combined TRACON& Tower with Radar,15,15,10,15,55,0,12,36,14,62,15,27,46,29,117,106,22,128,245
04/16/2020,COS,CO,ANM,WE,Combined TRACON& Tower with Radar,19,19,2,1,41,0,1,1,1,3,19,20,3,2,44,0,16,16,60
04/17/2020,COS,CO,ANM,WE,Combined TRACON& Tower with Radar,12,15,18,6,51,0,5,34,20,59,12,20,52,26,110,42,104,146,256
04/18/2020,COS,CO,ANM,WE,Combined TRACON& Tower with Radar,11,12,6,6,35,0,0,15,3,18,11,12,21,9,53,30,0,30,83
04/19/2020,COS,CO,ANM,WE,Combined TRACON& Tower with Radar,17,7,12,0,36,0,0,31,0,31,17,7,43,0,67,34,0,34,101
04/20/2020,COS,CO,ANM,WE,Combined TRACON& Tower with Radar,18,11,18,5,52,0,2,24,14,40,18,13,42,19,92,34,46,80,172
04/21/2020,COS,CO,ANM,WE,Combined TRACON& Tower with Radar,12,9,8,14,43,0,6,18,22,46,12,15,26,36,89,12,78,90,179
04/22/2020,COS,CO,ANM,WE,Combined TRACON& Tower with Radar,17,13,13,12,55,0,2,27,28,57,17,15,40,40,112,50,62,112,224
04/23/2020,COS,CO,ANM,WE,Combined TRACON& Tower with Radar,12,17,22,8,59,0,4,34,16,54,12,21,56,24,113,100,76,176,289
04/24/2020,COS,CO,ANM,WE,Combined TRACON& Tower with Radar,18,13,16,2,49,0,2,15,4,21,18,15,31,6,70,10,0,10,80
04/25/2020,COS,CO,ANM,WE,Combined TRACON& Tower with Radar,14,12,7,0,33,0,1,50,1,52,14,13,57,1,85,80,10,90,175
04/26/2020,COS,CO,ANM,WE,Combined TRACON& Tower with Radar,9,10,16,0,35,0,0,41,0,41,9,10,57,0,76,62,0,62,138
04/27/2020,COS,CO,ANM,WE,Combined TRACON& Tower with Radar,14,15,11,23,63,0,0,72,39,111,14,15,83,62,174,145,118,263,437
04/28/2020,COS,CO,ANM,WE,Combined TRACON& Tower with Radar,14,13,7,13,47,0,0,38,27,65,14,13,45,40,112,74,68,142,254
04/29/2020,COS,CO,ANM,WE,Combined TRACON& Tower with Radar,20,10,21,4,55,0,4,118,20,142,20,14,139,24,197,204,26,230,427
04/30/2020,COS,CO,ANM,WE,Combined TRACON& Tower with Radar,18,14,18,14,64,0,2,49,25,76,18,16,67,39,140,166,125,291,431
05/01/2020,COS,CO,ANM,WE,Combined TRACON& Tower with Radar,21,19,30,11,81,0,1,76,23,100,21,20,106,34,181,164,54,218,399
05/02/2020,COS,CO,ANM,WE,Combined TRACON& Tower with Radar,14,15,21,0,50,0,3,19,0,22,14,18,40,0,72,150,0,150,222
05/03/2020,COS,CO,ANM,WE,Combined TRACON& Tower with Radar,8,14,17,0,39,0,0,57,0,57,8,14,74,0,96,58,0,58,154
05/04/2020,COS,CO,ANM,WE,Combined TRACON& Tower with Radar,11,15,29,7,62,0,4,17,12,33,11,19,46,19,95,62,78,140,235
05/05/2020,COS,CO,ANM,WE,Combined TRACON& Tower with Radar,12,14,24,13,63,0,0,74,32,106,12,14,98,45,169,176,108,284,453
05/06/2020,COS,CO,ANM,WE,Combined TRACON& Tower with Radar,16,8,34,12,70,0,1,75,21,97,16,9,109,33,167,196,106,302,469
05/07/2020,COS,CO,ANM,WE,Combined TRACON& Tower with Radar,14,19,18,8,59,0,1,34,11,46,14,20,52,19,105,96,18,114,219
05/08/2020,COS,CO,ANM,WE,Combined TRACON& Tower with Radar,12,19,42,8,81,0,5,75,8,88,12,24,117,16,169,264,10,274,443
05/09/2020,COS,CO,ANM,WE,Combined TRACON& Tower with Radar,8,14,10,0,32,0,2,8,0,10,8,16,18,0,42,0,0,0,42
05/10/2020,COS,CO,ANM,WE,Combined TRACON& Tower with Radar,8,7,18,4,37,0,3,96,0,99,8,10,114,4,136,128,0,128,264
05/11/2020,COS,CO,ANM,WE,Combined TRACON& Tower with Radar,9,8,18,20,55,0,1,49,9,59,9,9,67,29,114,224,30,254,368
05/12/2020,COS,CO,ANM,WE,Combined TRACON& Tower with Radar,12,12,29,24,77,0,5,20,9,34,12,17,49,33,111,24,32,56,167
05/13/2020,COS,CO,ANM,WE,Combined TRACON& Tower with Radar,11,13,39,26,89,0,2,96,32,130,11,15,135,58,219,150,112,262,481
05/14/2020,COS,CO,ANM,WE,Combined TRACON& Tower with Radar,17,8,25,8,58,0,2,64,19,85,17,10,89,27,143,120,32,152,295
05/15/2020,COS,CO,ANM,WE,Combined TRACON& Tower with Radar,15,8,36,7,66,0,2,64,17,83,15,10,100,24,149,132,32,164,313
05/16/2020,COS,CO,ANM,WE,Combined TRACON& Tower with Radar,9,7,21,0,37,0,0,84,4,88,9,7,105,4,125,140,0,140,265
05/17/2020,COS,CO,ANM,WE,Combined TRACON& Tower with Radar,11,5,26,0,42,0,0,89,4,93,11,5,115,4,135,168,0,168,303
05/18/2020,COS,CO,ANM,WE,Combined TRACON& Tower with Radar,12,12,41,5,70,0,3,92,16,111,12,15,133,21,181,174,68,242,423
05/19/2020,COS,CO,ANM,WE,Combined TRACON& Tower with Radar,13,11,27,28,79,0,2,99,25,126,13,13,126,53,205,186,74,260,465
05/20/2020,COS,CO,ANM,WE,Combined TRACON& Tower with Radar,12,13,35,15,75,0,1,37,13,51,12,14,72,28,126,132,38,170,296
05/21/2020,COS,CO,ANM,WE,Combined TRACON& Tower with Radar,14,14,50,14,92,0,8,119,14,141,14,22,169,28,233,244,50,294,527
05/22/2020,COS,CO,ANM,WE,Combined TRACON& Tower with Radar,16,9,38,0,63,0,2,85,8,95,16,11,123,8,158,139,14,153,311
05/23/2020,COS,CO,ANM,WE,Combined TRACON& Tower with Radar,12,9,36,3,60,0,0,60,5,65,12,9,96,8,125,78,0,78,203
05/24/2020,COS,CO,ANM,WE,Combined TRACON& Tower with Radar,8,6,18,3,35,0,2,19,2,23,8,8,37,5,58,66,14,80,138
05/25/2020,COS,CO,ANM,WE,Combined TRACON& Tower with Radar,14,5,29,1,49,0,2,79,1,82,14,7,108,2,131,104,34,138,269
05/26/2020,COS,CO,ANM,WE,Combined TRACON& Tower with Radar,12,14,29,18,73,0,2,109,33,144,12,16,138,51,217,240,106,346,563
05/27/2020,COS,CO,ANM,WE,Combined TRACON& Tower with Radar,12,11,28,29,80,0,2,80,30,112,12,13,108,59,192,204,174,378,570
05/28/2020,COS,CO,ANM,WE,Combined TRACON& Tower with Radar,14,13,28,9,64,0,2,51,22,75,14,15,79,31,139,118,80,198,337
05/29/2020,COS,CO,ANM,WE,Combined TRACON& Tower with Radar,19,7,35,18,79,0,9,106,18,133,19,16,141,36,212,196,84,280,492
05/30/2020,COS,CO,ANM,WE,Combined TRACON& Tower with Radar,11,13,21,2,47,0,5,80,1,86,11,18,101,3,133,146,2,148,281
05/31/2020,COS,CO,ANM,WE,Combined TRACON& Tower with Radar,6,11,21,1,39,0,2,79,4,85,6,13,100,5,124,112,0,112,236
06/01/2020,COS,CO,ANM,WE,Combined TRACON& Tower with Radar,17,9,23,15,64,0,4,55,17,76,17,13,78,32,140,208,86,294,434
06/02/2020,COS,CO,ANM,WE,Combined TRACON& Tower with Radar,11,13,16,13,53,0,6,35,9,50,11,19,51,22,103,120,54,174,277
06/03/2020,COS,CO,ANM,WE,Combined TRACON& Tower with Radar,12,23,27,13,75,0,0,93,19,112,12,23,120,32,187,190,72,262,449
06/04/2020,COS,CO,ANM,WE,Combined TRACON& Tower with Radar,19,11,35,8,73,0,4,73,23,100,19,15,108,31,173,220,148,368,541
06/05/2020,COS,CO,ANM,WE,Combined TRACON& Tower with Radar,18,17,43,13,91,0,4,84,23,111,18,21,127,36,202,102,154,256,458
06/06/2020,COS,CO,ANM,WE,Combined TRACON& Tower with Radar,11,10,10,3,34,0,2,12,2,16,11,12,22,5,50,8,0,8,58
06/07/2020,COS,CO,ANM,WE,Combined TRACON& Tower with Radar,9,12,11,4,36,0,0,30,0,30,9,12,41,4,66,84,0,84,150
06/08/2020,COS,CO,ANM,WE,Combined TRACON& Tower with Radar,17,10,40,2,69,0,2,87,17,106,17,12,127,19,175,90,48,138,313
06/09/2020,COS,CO,ANM,WE,Combined TRACON& Tower with Radar,10,14,13,9,46,0,3,11,6,20,10,17,24,15,66,0,34,34,100
06/10/2020,COS,CO,ANM,WE,Combined TRACON& Tower with Radar,14,9,35,13,71,0,11,153,27,191,14,20,188,40,262,448,100,548,810
06/11/2020,COS,CO,ANM,WE,Combined TRACON& Tower with Radar,12,18,46,14,90,0,4,121,28,153,12,22,167,42,243,145,76,221,464
06/12/2020,COS,CO,ANM,WE,Combined TRACON& Tower with Radar,18,26,43,2,89,0,4,98,15,117,18,30,141,17,206,111,64,175,381
06/13/2020,COS,CO,ANM,WE,Combined TRACON& Tower with Radar,9,15,25,6,55,0,1,59,2,62,9,16,84,8,117,132,0,132,249
06/14/2020,COS,CO,ANM,WE,Combined TRACON& Tower with Radar,7,16,20,4,47,0,4,51,5,60,7,20,71,9,107,68,26,94,201
06/15/2020,COS,CO,ANM,WE,Combined TRACON& Tower with Radar,14,17,44,5,80,0,4,97,18,119,14,21,141,23,199,160,44,204,403
06/16/2020,COS,CO,ANM,WE,Combined TRACON& Tower with Radar,10,15,19,17,61,0,4,75,20,99,10,19,94,37,160,94,38,132,292
06/17/2020,COS,CO,ANM,WE,Combined TRACON& Tower with Radar,18,23,36,26,103,0,3,55,31,89,18,26,91,57,192,42,80,122,314
06/18/2020,COS,CO,ANM,WE,Combined TRACON& Tower with Radar,13,23,44,14,94,0,0,53,33,86,13,23,97,47,180,46,44,90,270
06/19/2020,COS,CO,ANM,WE,Combined TRACON& Tower with Radar,17,19,57,6,99,0,7,69,6,82,17,26,126,12,181,172,20,192,373
06/20/2020,COS,CO,ANM,WE,Combined TRACON& Tower with Radar,13,17,34,10,74,0,6,133,15,154,13,23,167,25,228,218,4,222,450
06/21/2020,COS,CO,ANM,WE,Combined TRACON& Tower with Radar,9,16,35,0,60,0,3,92,4,99,9,19,127,4,159,0,0,0,159
06/22/2020,COS,CO,ANM,WE,Combined TRACON& Tower with Radar,7,32,29,9,77,0,4,86,23,113,7,36,115,32,190,156,58,214,404
06/23/2020,COS,CO,ANM,WE,Combined TRACON& Tower with Radar,11,17,30,9,67,0,2,76,28,106,11,19,106,37,173,156,50,206,379
06/24/2020,COS,CO,ANM,WE,Combined TRACON& Tower with Radar,17,15,33,34,99,0,2,102,29,133,17,17,135,63,232,252,130,382,614
06/25/2020,COS,CO,ANM,WE,Combined TRACON& Tower with Radar,26,16,33,13,88,0,7,70,23,100,26,23,103,36,188,168,65,233,421
06/26/2020,COS,CO,ANM,WE,Combined TRACON& Tower with Radar,25,22,45,5,97,0,4,67,25,96,25,26,112,30,193,102,70,172,365
06/27/2020,COS,CO,ANM,WE,Combined TRACON& Tower with Radar,13,17,39,0,69,0,2,83,1,86,13,19,122,1,155,190,0,190,345
06/28/2020,COS,CO,ANM,WE,Combined TRACON& Tower with Radar,15,20,37,0,72,0,0,82,0,82,15,20,119,0,154,158,10,168,322
06/29/2020,COS,CO,ANM,WE,Combined TRACON& Tower with Radar,16,16,38,7,77,0,5,79,4,88,16,21,117,11,165,176,2,178,343
06/30/2020,COS,CO,ANM,WE,Combined TRACON& Tower with Radar,11,25,34,22,92,0,0,76,24,100,11,25,110,46,192,72,72,144,336
07/01/2020,COS,CO,ANM,WE,Combined TRACON& Tower with Radar,11,28,66,22,127,0,4,111,33,148,11,32,177,55,275,250,94,344,619
07/02/2020,COS,CO,ANM,WE,Combined TRACON& Tower with Radar,18,24,60,23,125,0,4,92,38,134,18,28,152,61,259,174,158,332,591
07/03/2020,COS,CO,ANM,WE,Combined TRACON& Tower with Radar,18,15,37,5,75,0,2,93,6,101,18,17,130,11,176,174,158,332,508
07/04/2020,COS,CO,ANM,WE,Combined TRACON& Tower with Radar,8,11,14,7,40,0,2,41,9,52,8,13,55,16,92,182,6,188,280
07/05/2020,COS,CO,ANM,WE,Combined TRACON& Tower with Radar,16,20,45,1,82,0,0,69,2,71,16,20,114,3,153,142,22,164,317
07/06/2020,COS,CO,ANM,WE,Combined TRACON& Tower with Radar,20,28,39,6,93,0,4,131,28,163,20,32,170,34,256,290,158,448,704
07/07/2020,COS,CO,ANM,WE,Combined TRACON& Tower with Radar,24,20,43,7,94,0,2,86,33,121,24,22,129,40,215,222,118,340,555
07/08/2020,COS,CO,ANM,WE,Combined TRACON& Tower with Radar,24,25,53,18,120,0,8,109,20,137,24,33,162,38,257,242,76,318,575
07/09/2020,COS,CO,ANM,WE,Combined TRACON& Tower with Radar,37,11,53,28,129,0,1,89,46,136,37,12,142,74,265,154,116,270,535
07/10/2020,COS,CO,ANM,WE,Combined TRACON& Tower with Radar,32,15,61,37,145,0,6,59,18,83,32,21,120,55,228,204,148,352,580
07/11/2020,COS,CO,ANM,WE,Combined TRACON& Tower with Radar,24,20,42,3,89,0,7,57,1,65,24,27,99,4,154,84,8,92,246
07/12/2020,COS,CO,ANM,WE,Combined TRACON& Tower with Radar,27,20,57,7,111,0,4,33,11,48,27,24,90,18,159,98,18,116,275
07/13/2020,COS,CO,ANM,WE,Combined TRACON& Tower with Radar,30,19,48,8,105,0,6,67,18,91,30,25,115,26,196,102,40,142,338
07/14/2020,COS,CO,ANM,WE,Combined TRACON& Tower with Radar,22,16,36,16,90,0,0,56,24,80,22,16,92,40,170,174,57,231,401
07/15/2020,COS,CO,ANM,WE,Combined TRACON& Tower with Radar,24,19,37,4,84,0,6,91,33,130,24,25,128,37,214,154,138,292,506
07/16/2020,COS,CO,ANM,WE,Combined TRACON& Tower with Radar,35,21,43,8,107,0,2,140,29,171,35,23,183,37,278,228,84,312,590
07/17/2020,COS,CO,ANM,WE,Combined TRACON& Tower with Radar,35,20,59,11,125,0,6,101,30,137,35,26,160,41,262,286,170,456,718
07/18/2020,COS,CO,ANM,WE,Combined TRACON& Tower with Radar,36,20,55,5,116,0,0,89,13,102,36,20,144,18,218,145,62,207,425
07/19/2020,COS,CO,ANM,WE,Combined TRACON& Tower with Radar,29,14,37,3,83,0,6,56,1,63,29,20,93,4,146,90,0,90,236
07/20/2020,COS,CO,ANM,WE,Combined TRACON& Tower with Radar,35,15,62,13,125,0,4,88,20,112,35,19,150,33,237,188,58,246,483
07/21/2020,COS,CO,ANM,WE,Combined TRACON& Tower with Radar,22,22,56,12,112,0,5,80,37,122,22,27,136,49,234,262,118,380,614
07/22/2020,COS,CO,ANM,WE,Combined TRACON& Tower with Radar,22,28,66,17,133,0,9,118,37,164,22,37,184,54,297,294,112,406,703
07/23/2020,COS,CO,ANM,WE,Combined TRACON& Tower with Radar,32,21,69,26,148,0,3,106,28,137,32,24,175,54,285,204,126,330,615
07/24/2020,COS,CO,ANM,WE,Combined TRACON& Tower with Radar,36,19,65,29,149,0,4,74,30,108,36,23,139,59,257,178,124,302,559
07/25/2020,COS,CO,ANM,WE,Combined TRACON& Tower with Radar,24,11,31,47,113,0,0,78,7,85,24,11,109,54,198,188,10,198,396
07/26/2020,COS,CO,ANM,WE,Combined TRACON& Tower with Radar,27,27,44,13,111,0,2,54,5,61,27,29,98,18,172,104,0,104,276
07/27/2020,COS,CO,ANM,WE,Combined TRACON& Tower with Radar,30,27,49,19,125,0,2,74,17,93,30,29,123,36,218,220,72,292,510
07/28/2020,COS,CO,ANM,WE,Combined TRACON& Tower with Radar,16,23,62,10,111,0,2,16,10,28,16,25,78,20,139,62,10,72,211
07/29/2020,COS,CO,ANM,WE,Combined TRACON& Tower with Radar,19,19,52,18,108,0,9,123,21,153,19,28,175,39,261,144,74,218,479
07/30/2020,COS,CO,ANM,WE,Combined TRACON& Tower with Radar,32,23,43,15,113,0,4,63,26,93,32,27,106,41,206,152,36,188,394
07/31/2020,COS,CO,ANM,WE,Combined TRACON& Tower with Radar,38,23,57,24,142,0,9,128,13,150,38,32,185,37,292,278,46,324,616
08/01/2020,COS,CO,ANM,WE,Combined TRACON& Tower with Radar,22,25,40,1,88,0,5,60,16,81,22,30,100,17,169,104,36,140,309
08/02/2020,COS,CO,ANM,WE,Combined TRACON& Tower with Radar,28,18,48,8,102,0,4,77,5,86,28,22,125,13,188,142,42,184,372
08/03/2020,COS,CO,ANM,WE,Combined TRACON& Tower with Radar,32,15,57,33,137,0,7,10,12,29,32,22,67,45,166,54,36,90,256
08/04/2020,COS,CO,ANM,WE,Combined TRACON& Tower with Radar,18,32,37,36,123,0,3,94,49,146,18,35,131,85,269,270,172,442,711
08/05/2020,COS,CO,ANM,WE,Combined TRACON& Tower with Radar,18,25,30,20,93,0,5,86,21,112,18,30,116,41,205,140,14,154,359
08/06/2020,COS,CO,ANM,WE,Combined TRACON& Tower with Radar,27,27,51,22,127,0,8,86,39,133,27,35,137,61,260,204,62,266,526
08/07/2020,COS,CO,ANM,WE,Combined TRACON& Tower with Radar,31,28,42,24,125,0,11,115,21,147,31,39,157,45,272,271,92,363,635
08/08/2020,COS,CO,ANM,WE,Combined TRACON& Tower with Radar,22,26,33,26,107,0,4,75,18,97,22,30,108,44,204,96,52,148,352
08/09/2020,COS,CO,ANM,WE,Combined TRACON& Tower with Radar,25,30,41,16,112,0,3,82,19,104,25,33,123,35,216,169,21,190,406
08/10/2020,COS,CO,ANM,WE,Combined TRACON& Tower with Radar,28,31,36,7,102,0,4,51,15,70,28,35,87,22,172,196,56,252,424
08/11/2020,COS,CO,ANM,WE,Combined TRACON& Tower with Radar,17,33,32,22,104,2,8,103,29,142,19,41,135,51,246,232,38,270,516
08/12/2020,COS,CO,ANM,WE,Combined TRACON& Tower with Radar,31,50,47,22,150,3,2,46,34,85,34,52,93,56,235,278,52,330,565
08/13/2020,COS,CO,ANM,WE,Combined TRACON& Tower with Radar,24,34,57,8,123,0,4,97,59,160,24,38,154,67,283,246,92,338,621
08/14/2020,COS,CO,ANM,WE,Combined TRACON& Tower with Radar,26,41,49,46,162,0,4,99,50,153,26,45,148,96,315,278,168,446,761
08/15/2020,COS,CO,ANM,WE,Combined TRACON& Tower with Radar,22,27,48,18,115,0,2,75,25,102,22,29,123,43,217,170,66,236,453
08/16/2020,COS,CO,ANM,WE,Combined TRACON& Tower with Radar,25,32,48,4,109,0,0,85,21,106,25,32,133,25,215,150,0,150,365
08/17/2020,COS,CO,ANM,WE,Combined TRACON& Tower with Radar,23,28,37,19,107,2,0,102,35,139,25,28,139,54,246,150,88,238,484
08/18/2020,COS,CO,ANM,WE,Combined TRACON& Tower with Radar,18,38,38,19,113,0,4,101,35,140,18,42,139,54,253,250,84,334,587
08/19/2020,COS,CO,ANM,WE,Combined TRACON& Tower with Radar,15,36,44,20,115,0,10,79,44,133,15,46,123,64,248,158,118,276,524
08/20/2020,COS,CO,ANM,WE,Combined TRACON& Tower with Radar,29,35,44,19,127,0,4,85,25,114,29,39,129,44,241,70,52,122,363
08/21/2020,COS,CO,ANM,WE,Combined TRACON& Tower with Radar,23,36,63,51,173,0,12,142,40,194,23,48,205,91,367,206,172,378,745
08/22/2020,COS,CO,ANM,WE,Combined TRACON& Tower with Radar,21,30,48,26,125,0,4,73,8,85,21,34,121,34,210,152,22,174,384
08/23/2020,COS,CO,ANM,WE,Combined TRACON& Tower with Radar,25,24,65,16,130,0,6,43,21,70,25,30,108,37,200,80,46,126,326
08/24/2020,COS,CO,ANM,WE,Combined TRACON& Tower with Radar,25,20,49,6,100,0,0,69,21,90,25,20,118,27,190,196,82,278,468
08/25/2020,COS,CO,ANM,WE,Combined TRACON& Tower with Radar,16,34,41,9,100,1,8,80,41,130,17,42,121,50,230,234,116,350,580
08/26/2020,COS,CO,ANM,WE,Combined TRACON& Tower with Radar,21,30,37,23,111,0,0,97,17,114,21,30,134,40,225,138,56,194,419
08/27/2020,COS,CO,ANM,WE,Combined TRACON& Tower with Radar,29,26,53,19,127,0,6,115,19,140,29,32,168,38,267,217,48,265,532
08/28/2020,COS,CO,ANM,WE,Combined TRACON& Tower with Radar,32,33,39,18,122,0,0,32,18,50,32,33,71,36,172,10,26,36,208
08/29/2020,COS,CO,ANM,WE,Combined TRACON& Tower with Radar,24,24,40,13,101,0,3,94,11,108,24,27,134,24,209,131,34,165,374
08/30/2020,COS,CO,ANM,WE,Combined TRACON& Tower with Radar,26,24,40,11,101,0,2,92,3,97,26,26,132,14,198,212,20,232,430
08/31/2020,COS,CO,ANM,WE,Combined TRACON& Tower with Radar,33,17,30,13,93,0,6,70,33,109,33,23,100,46,202,86,116,202,404
09/01/2020,COS,CO,ANM,WE,Combined TRACON& Tower with Radar,18,29,36,25,108,0,7,111,22,140,18,36,147,47,248,250,42,292,540
09/02/2020,COS,CO,ANM,WE,Combined TRACON& Tower with Radar,19,29,43,24,115,0,5,134,22,161,19,34,177,46,276,0,0,0,276
09/03/2020,COS,CO,ANM,WE,Combined TRACON& Tower with Radar,29,41,41,25,136,0,3,89,26,118,29,44,130,51,254,142,58,200,454
09/04/2020,COS,CO,ANM,WE,Combined TRACON& Tower with Radar,29,38,66,9,142,0,1,110,15,126,29,39,176,24,268,256,48,304,572
09/05/2020,COS,CO,ANM,WE,Combined TRACON& Tower with Radar,22,15,30,3,70,0,6,88,3,97,22,21,118,6,167,132,4,136,303
09/06/2020,COS,CO,ANM,WE,Combined TRACON& Tower with Radar,20,21,23,4,68,0,1,58,0,59,20,22,81,4,127,106,0,106,233
09/07/2020,COS,CO,ANM,WE,Combined TRACON& Tower with Radar,28,37,82,3,150,0,6,107,0,113,28,43,189,3,263,204,10,214,477
09/08/2020,COS,CO,ANM,WE,Combined TRACON& Tower with Radar,23,20,20,5,68,0,0,1,0,1,23,20,21,5,69,0,0,0,69
09/09/2020,COS,CO,ANM,WE,Combined TRACON& Tower with Radar,17,32,29,10,88,0,0,2,0,2,17,32,31,10,90,0,0,0,90
09/10/2020,COS,CO,ANM,WE,Combined TRACON& Tower with Radar,28,38,38,4,108,0,1,1,7,9,28,39,39,11,117,36,0,36,153
09/11/2020,COS,CO,ANM,WE,Combined TRACON& Tower with Radar,30,28,50,26,134,0,2,110,27,139,30,30,160,53,273,224,62,286,559
09/12/2020,COS,CO,ANM,WE,Combined TRACON& Tower with Radar,26,31,46,8,111,0,1,139,18,158,26,32,185,26,269,210,56,266,535
09/13/2020,COS,CO,ANM,WE,Combined TRACON& Tower with Radar,32,25,45,11,113,0,6,107,14,127,32,31,152,25,240,191,58,249,489
09/14/2020,COS,CO,ANM,WE,Combined TRACON& Tower with Radar,27,27,43,37,134,0,0,103,38,141,27,27,146,75,275,126,108,234,509
09/15/2020,COS,CO,ANM,WE,Combined TRACON& Tower with Radar,18,20,46,11,95,0,6,100,38,144,18,26,146,49,239,238,48,286,525
09/16/2020,COS,CO,ANM,WE,Combined TRACON& Tower with Radar,26,34,43,7,110,0,2,49,57,108,26,36,92,64,218,40,76,116,334
09/17/2020,COS,CO,ANM,WE,Combined TRACON& Tower with Radar,26,28,53,37,144,0,5,82,56,143,26,33,135,93,287,169,144,313,600
09/18/2020,COS,CO,ANM,WE,Combined TRACON& Tower with Radar,29,27,66,44,166,0,2,103,41,146,29,29,169,85,312,204,128,332,644
09/19/2020,COS,CO,ANM,WE,Combined TRACON& Tower with Radar,28,22,41,44,135,0,4,96,7,107,28,26,137,51,242,222,52,274,516
09/20/2020,COS,CO,ANM,WE,Combined TRACON& Tower with Radar,36,39,58,18,151,0,4,82,10,96,36,43,140,28,247,158,38,196,443
09/21/2020,COS,CO,ANM,WE,Combined TRACON& Tower with Radar,26,31,35,31,123,0,6,114,34,154,26,37,149,65,277,122,120,242,519
09/22/2020,COS,CO,ANM,WE,Combined TRACON& Tower with Radar,17,36,42,23,118,0,2,90,42,134,17,38,132,65,252,263,51,314,566
09/23/2020,COS,CO,ANM,WE,Combined TRACON& Tower with Radar,20,43,38,26,127,0,1,103,34,138,20,44,141,60,265,180,50,230,495
09/24/2020,COS,CO,ANM,WE,Combined TRACON& Tower with Radar,28,42,58,24,152,0,3,115,33,151,28,45,173,57,303,86,54,140,443
09/25/2020,COS,CO,ANM,WE,Combined TRACON& Tower with Radar,29,32,51,28,140,0,4,100,34,138,29,36,151,62,278,156,126,282,560
09/26/2020,COS,CO,ANM,WE,Combined TRACON& Tower with Radar,26,24,24,5,79,0,6,80,5,91,26,30,104,10,170,100,44,144,314
09/27/2020,COS,CO,ANM,WE,Combined TRACON& Tower with Radar,27,40,44,20,131,0,0,59,6,65,27,40,103,26,196,76,8,84,280
09/28/2020,COS,CO,ANM,WE,Combined TRACON& Tower with Radar,28,28,37,37,130,0,3,56,20,79,28,31,93,57,209,126,82,208,417
09/29/2020,COS,CO,ANM,WE,Combined TRACON& Tower with Radar,18,22,38,17,95,0,2,90,17,109,18,24,128,34,204,163,58,221,425
09/30/2020,COS,CO,ANM,WE,Combined TRACON& Tower with Radar,23,29,51,12,115,0,0,62,31,93,23,29,113,43,208,146,156,302,510
10/01/2020,COS,CO,ANM,WE,Combined TRACON& Tower with Radar,27,22,32,11,92,0,4,104,39,147,27,26,136,50,239,146,100,246,485
10/02/2020,COS,CO,ANM,WE,Combined TRACON& Tower with Radar,33,22,38,33,126,0,0,99,12,111,33,22,137,45,237,228,128,356,593
10/03/2020,COS,CO,ANM,WE,Combined TRACON& Tower with Radar,30,24,47,10,111,0,1,128,14,143,30,25,175,24,254,258,4,262,516
10/04/2020,COS,CO,ANM,WE,Combined TRACON& Tower with Radar,24,26,37,10,97,0,5,97,15,117,24,31,134,25,214,250,4,254,468
10/05/2020,COS,CO,ANM,WE,Combined TRACON& Tower with Radar,25,38,30,14,107,0,6,97,45,148,25,44,127,59,255,108,74,182,437
10/06/2020,COS,CO,ANM,WE,Combined TRACON& Tower with Radar,22,32,51,20,125,0,4,141,17,162,22,36,192,37,287,313,78,391,678
10/07/2020,COS,CO,ANM,WE,Combined TRACON& Tower with Radar,26,25,36,20,107,0,11,92,25,128,26,36,128,45,235,236,54,290,525
10/08/2020,COS,CO,ANM,WE,Combined TRACON& Tower with Radar,27,39,60,28,154,0,5,99,21,125,27,44,159,49,279,258,98,356,635
10/09/2020,COS,CO,ANM,WE,Combined TRACON& Tower with Radar,33,32,53,17,135,0,4,96,18,118,33,36,149,35,253,126,74,200,453
10/10/2020,COS,CO,ANM,WE,Combined TRACON& Tower with Radar,30,28,35,7,100,0,0,76,6,82,30,28,111,13,182,134,32,166,348
10/11/2020,COS,CO,ANM,WE,Combined TRACON& Tower with Radar,31,27,19,4,81,0,2,13,1,16,31,29,32,5,97,0,0,0,97
10/12/2020,COS,CO,ANM,WE,Combined TRACON& Tower with Radar,35,44,37,8,124,0,4,61,13,78,35,48,98,21,202,130,0,130,332
10/13/2020,COS,CO,ANM,WE,Combined TRACON& Tower with Radar,30,27,46,25,128,0,8,93,48,149,30,35,139,73,277,160,153,313,590
10/14/2020,COS,CO,ANM,WE,Combined TRACON& Tower with Radar,27,29,28,9,93,0,2,23,8,33,27,31,51,17,126,18,16,34,160
10/15/2020,COS,CO,ANM,WE,Combined TRACON& Tower with Radar,28,38,37,12,115,0,0,62,31,93,28,38,99,43,208,282,87,369,577
10/16/2020,COS,CO,ANM,WE,Combined TRACON& Tower with Radar,31,31,57,32,151,0,5,100,55,160,31,36,157,87,311,390,130,520,831
10/17/2020,COS,CO,ANM,WE,Combined TRACON& Tower with Radar,30,24,33,32,119,0,2,96,12,110,30,26,129,44,229,222,24,246,475
10/18/2020,COS,CO,ANM,WE,Combined TRACON& Tower with Radar,28,26,41,15,110,0,0,1,0,1,28,26,42,15,111,0,0,0,111
10/19/2020,COS,CO,ANM,WE,Combined TRACON& Tower with Radar,27,33,27,20,107,0,3,82,41,126,27,36,109,61,233,246,142,388,621
10/20/2020,COS,CO,ANM,WE,Combined TRACON& Tower with Radar,24,32,38,21,115,0,7,78,47,132,24,39,116,68,247,292,160,452,699
10/21/2020,COS,CO,ANM,WE,Combined TRACON& Tower with Radar,23,29,39,14,105,4,3,94,45,146,27,32,133,59,251,262,62,324,575
10/22/2020,COS,CO,ANM,WE,Combined TRACON& Tower with Radar,30,46,63,15,154,0,6,71,23,100,30,52,134,38,254,130,58,188,442
10/23/2020,COS,CO,ANM,WE,Combined TRACON& Tower with Radar,38,47,29,23,137,0,1,13,0,14,38,48,42,23,151,80,22,102,253
10/24/2020,COS,CO,ANM,WE,Combined TRACON& Tower with Radar,31,29,29,0,89,0,6,99,17,122,31,35,128,17,211,176,0,176,387
10/25/2020,COS,CO,ANM,WE,Combined TRACON& Tower with Radar,32,25,18,7,82,0,1,0,0,1,32,26,18,7,83,0,0,0,83
10/26/2020,COS,CO,ANM,WE,Combined TRACON& Tower with Radar,30,21,17,2,70,0,1,0,0,1,30,22,17,2,71,0,0,0,71
10/27/2020,COS,CO,ANM,WE,Combined TRACON& Tower with Radar,27,31,33,16,107,0,3,69,23,95,27,34,102,39,202,164,48,212,414
10/28/2020,COS,CO,ANM,WE,Combined TRACON& Tower with Radar,29,27,37,31,124,0,1,77,40,118,29,28,114,71,242,82,58,140,382
10/29/2020,COS,CO,ANM,WE,Combined TRACON& Tower with Radar,26,45,45,34,150,0,0,132,76,208,26,45,177,110,358,300,116,416,774
10/30/2020,COS,CO,ANM,WE,Combined TRACON& Tower with Radar,28,31,35,28,122,0,1,107,39,147,28,32,142,67,269,201,136,337,606
10/31/2020,COS,CO,ANM,WE,Combined TRACON& Tower with Radar,20,27,27,2,76,0,2,69,9,80,20,29,96,11,156,66,4,70,226
11/01/2020,COS,CO,ANM,WE,Combined TRACON& Tower with Radar,24,26,24,0,74,0,3,114,11,128,24,29,138,11,202,142,16,158,360
11/02/2020,COS,CO,ANM,WE,Combined TRACON& Tower with Radar,25,31,34,6,96,0,0,107,24,131,25,31,141,30,227,178,28,206,433
11/03/2020,COS,CO,ANM,WE,Combined TRACON& Tower with Radar,22,33,44,25,124,0,1,89,16,106,22,34,133,41,230,160,46,206,436
11/04/2020,COS,CO,ANM,WE,Combined TRACON& Tower with Radar,23,30,35,19,107,0,4,94,17,115,23,34,129,36,222,160,48,208,430
11/05/2020,COS,CO,ANM,WE,Combined TRACON& Tower with Radar,32,35,46,13,126,0,2,91,18,111,32,37,137,31,237,274,6,280,517
11/06/2020,COS,CO,ANM,WE,Combined TRACON& Tower with Radar,33,32,35,24,124,0,0,96,29,125,33,32,131,53,249,288,90,378,627
11/07/2020,COS,CO,ANM,WE,Combined TRACON& Tower with Radar,27,27,17,8,79,0,7,30,9,46,27,34,47,17,125,142,20,162,287
11/08/2020,COS,CO,ANM,WE,Combined TRACON& Tower with Radar,33,28,18,4,83,0,7,13,1,21,33,35,31,5,104,0,0,0,104
11/09/2020,COS,CO,ANM,WE,Combined TRACON& Tower with Radar,28,21,15,13,77,0,4,9,8,21,28,25,24,21,98,84,22,106,204
11/10/2020,COS,CO,ANM,WE,Combined TRACON& Tower with Radar,25,25,30,32,112,0,1,85,12,98,25,26,115,44,210,212,72,284,494
11/11/2020,COS,CO,ANM,WE,Combined TRACON& Tower with Radar,18,32,21,1,72,0,6,71,5,82,18,38,92,6,154,142,10,152,306
11/12/2020,COS,CO,ANM,WE,Combined TRACON& Tower with Radar,32,25,33,6,96,0,4,37,11,52,32,29,70,17,148,252,32,284,432
11/13/2020,COS,CO,ANM,WE,Combined TRACON& Tower with Radar,31,30,30,10,101,0,2,14,5,21,31,32,44,15,122,172,34,206,328
11/14/2020,COS,CO,ANM,WE,Combined TRACON& Tower with Radar,30,24,6,1,61,0,4,0,3,7,30,28,6,4,68,0,0,0,68
11/15/2020,COS,CO,ANM,WE,Combined TRACON& Tower with Radar,27,22,16,9,74,0,0,20,5,25,27,22,36,14,99,88,0,88,187
11/16/2020,COS,CO,ANM,WE,Combined TRACON& Tower with Radar,28,31,19,12,90,0,2,45,8,55,28,33,64,20,145,290,6,296,441
11/17/2020,COS,CO,ANM,WE,Combined TRACON& Tower with Radar,22,24,17,7,70,0,5,41,11,57,22,29,58,18,127,290,38,328,455
11/18/2020,COS,CO,ANM,WE,Combined TRACON& Tower with Radar,23,40,26,3,92,0,4,36,8,48,23,44,62,11,140,184,24,208,348
11/19/2020,COS,CO,ANM,WE,Combined TRACON& Tower with Radar,30,33,16,8,87,0,2,13,7,22,30,35,29,15,109,23,4,27,136
11/20/2020,COS,CO,ANM,WE,Combined TRACON& Tower with Radar,32,29,23,12,96,0,4,21,10,35,32,33,44,22,131,166,20,186,317
11/21/2020,COS,CO,ANM,WE,Combined TRACON& Tower with Radar,35,25,13,5,78,0,2,15,2,19,35,27,28,7,97,170,20,190,287
11/22/2020,COS,CO,ANM,WE,Combined TRACON& Tower with Radar,30,33,9,4,76,0,2,25,2,29,30,35,34,6,105,160,0,160,265
11/23/2020,COS,CO,ANM,WE,Combined TRACON& Tower with Radar,26,29,21,8,84,0,7,37,12,56,26,36,58,20,140,154,12,166,306
11/24/2020,COS,CO,ANM,WE,Combined TRACON& Tower with Radar,35,40,20,4,99,0,2,2,6,10,35,42,22,10,109,0,16,16,125
11/25/2020,COS,CO,ANM,WE,Combined TRACON& Tower with Radar,38,24,31,5,98,0,4,72,10,86,38,28,103,15,184,176,12,188,372
11/26/2020,COS,CO,ANM,WE,Combined TRACON& Tower with Radar,11,18,2,0,31,0,2,13,4,19,11,20,15,4,50,28,0,28,78
11/27/2020,COS,CO,ANM,WE,Combined TRACON& Tower with Radar,28,16,18,2,64,0,4,59,9,72,28,20,77,11,136,114,10,124,260
11/28/2020,COS,CO,ANM,WE,Combined TRACON& Tower with Radar,34,33,33,0,100,0,0,88,0,88,34,33,121,0,188,178,0,178,366
11/29/2020,COS,CO,ANM,WE,Combined TRACON& Tower with Radar,33,37,26,5,101,0,2,46,8,56,33,39,72,13,157,139,0,139,296
11/30/2020,COS,CO,ANM,WE,Combined TRACON& Tower with Radar,33,28,37,13,111,0,4,83,16,103,33,32,120,29,214,288,102,390,604
12/01/2020,COS,CO,ANM,WE,Combined TRACON& Tower with Radar,26,34,17,25,102,0,4,1,12,17,26,38,18,37,119,0,54,54,173
12/02/2020,COS,CO,ANM,WE,Combined TRACON& Tower with Radar,19,32,14,20,85,0,2,10,12,24,19,34,24,32,109,0,0,0,109
12/03/2020,COS,CO,ANM,WE,Combined TRACON& Tower with Radar,27,28,54,29,138,0,1,64,37,102,27,29,118,66,240,8,52,60,300
12/04/2020,COS,CO,ANM,WE,Combined TRACON& Tower with Radar,28,29,42,53,152,0,4,120,17,141,28,33,162,70,293,226,106,332,625
12/05/2020,COS,CO,ANM,WE,Combined TRACON& Tower with Radar,21,28,34,29,112,0,2,98,15,115,21,30,132,44,227,126,46,172,399
12/06/2020,COS,CO,ANM,WE,Combined TRACON& Tower with Radar,22,32,38,10,102,0,7,103,6,116,22,39,141,16,218,120,18,138,356
12/07/2020,COS,CO,ANM,WE,Combined TRACON& Tower with Radar,25,41,37,11,114,0,0,88,16,104,25,41,125,27,218,116,38,154,372
12/08/2020,COS,CO,ANM,WE,Combined TRACON& Tower with Radar,18,31,40,10,99,0,8,115,13,136,18,39,155,23,235,270,108,378,613
12/09/2020,COS,CO,ANM,WE,Combined TRACON& Tower with Radar,20,36,46,18,120,0,2,133,22,157,20,38,179,40,277,246,40,286,563
12/10/2020,COS,CO,ANM,WE,Combined TRACON& Tower with Radar,27,31,34,19,111,0,2,63,17,82,27,33,97,36,193,176,48,224,417
12/11/2020,COS,CO,ANM,WE,Combined TRACON& Tower with Radar,29,37,15,4,85,0,0,0,0,0,29,37,15,4,85,0,0,0,85
12/12/2020,COS,CO,ANM,WE,Combined TRACON& Tower with Radar,22,29,11,6,68,0,0,0,0,0,22,29,11,6,68,0,0,0,68
12/13/2020,COS,CO,ANM,WE,Combined TRACON& Tower with Radar,24,27,19,2,72,0,9,74,5,88,24,36,93,7,160,180,6,186,346
12/14/2020,COS,CO,ANM,WE,Combined TRACON& Tower with Radar,25,31,43,10,109,0,5,69,9,83,25,36,112,19,192,194,26,220,412
12/15/2020,COS,CO,ANM,WE,Combined TRACON& Tower with Radar,17,33,17,27,94,0,1,15,4,20,17,34,32,31,114,34,22,56,170
12/16/2020,COS,CO,ANM,WE,Combined TRACON& Tower with Radar,22,45,50,16,133,0,5,124,22,151,22,50,174,38,284,226,60,286,570
12/17/2020,COS,CO,ANM,WE,Combined TRACON& Tower with Radar,33,36,43,19,131,0,3,96,18,117,33,39,139,37,248,260,90,350,598
12/18/2020,COS,CO,ANM,WE,Combined TRACON& Tower with Radar,32,43,35,10,120,0,2,23,0,25,32,45,58,10,145,42,0,42,187
12/19/2020,COS,CO,ANM,WE,Combined TRACON& Tower with Radar,28,40,39,4,111,0,4,85,8,97,28,44,124,12,208,84,34,118,326
12/20/2020,COS,CO,ANM,WE,Combined TRACON& Tower with Radar,26,33,23,14,96,0,0,86,5,91,26,33,109,19,187,118,12,130,317
12/21/2020,COS,CO,ANM,WE,Combined TRACON& Tower with Radar,29,36,38,13,116,0,8,150,14,172,29,44,188,27,288,280,20,300,588
12/22/2020,COS,CO,ANM,WE,Combined TRACON& Tower with Radar,36,35,40,11,122,0,7,64,10,81,36,42,104,21,203,58,20,78,281
12/23/2020,COS,CO,ANM,WE,Combined TRACON& Tower with Radar,32,37,22,17,108,0,1,23,7,31,32,38,45,24,139,6,16,22,161
12/24/2020,COS,CO,ANM,WE,Combined TRACON& Tower with Radar,20,26,19,1,66,0,2,26,4,32,20,28,45,5,98,48,10,58,156
12/25/2020,COS,CO,ANM,WE,Combined TRACON& Tower with Radar,17,21,7,0,45,0,0,23,2,25,17,21,30,2,70,30,0,30,100
12/26/2020,COS,CO,ANM,WE,Combined TRACON& Tower with Radar,26,36,38,0,100,0,4,86,3,93,26,40,124,3,193,90,0,90,283
12/27/2020,COS,CO,ANM,WE,Combined TRACON& Tower with Radar,26,33,35,1,95,0,3,50,5,58,26,36,85,6,153,88,0,88,241
12/28/2020,COS,CO,ANM,WE,Combined TRACON& Tower with Radar,27,35,15,1,78,0,2,4,1,7,27,37,19,2,85,96,0,96,181
12/29/2020,COS,CO,ANM,WE,Combined TRACON& Tower with Radar,36,28,16,7,87,0,2,11,5,18,36,30,27,12,105,26,6,32,137
12/30/2020,COS,CO,ANM,WE,Combined TRACON& Tower with Radar,35,28,21,11,95,0,1,51,11,63,35,29,72,22,158,198,38,236,394
12/31/2020,COS,CO,ANM,WE,Combined TRACON& Tower with Radar,17,31,26,0,74,0,0,111,4,115,17,31,137,4,189,130,0,130,319
01/01/2021,COS,CO,ANM,WE,Combined TRACON& Tower with Radar,22,21,17,0,60,0,6,52,2,60,22,27,69,2,120,66,18,84,204
01/02/2021,COS,CO,ANM,WE,Combined TRACON& Tower with Radar,27,37,42,0,106,0,2,81,0,83,27,39,123,0,189,202,0,202,391
01/03/2021,COS,CO,ANM,WE,Combined TRACON& Tower with Radar,31,31,44,4,110,0,4,74,3,81,31,35,118,7,191,96,20,116,307
01/04/2021,COS,CO,ANM,WE,Combined TRACON& Tower with Radar,32,34,22,5,93,0,7,97,3,107,32,41,119,8,200,248,2,250,450
01/05/2021,COS,CO,ANM,WE,Combined TRACON& Tower with Radar,18,37,23,17,95,0,3,25,9,37,18,40,48,26,132,12,42,54,186
01/06/2021,COS,CO,ANM,WE,Combined TRACON& Tower with Radar,19,33,47,25,124,0,2,83,22,107,19,35,130,47,231,226,104,330,561
01/07/2021,COS,CO,ANM,WE,Combined TRACON& Tower with Radar,26,37,34,14,111,0,1,92,23,116,26,38,126,37,227,136,58,194,421
01/08/2021,COS,CO,ANM,WE,Combined TRACON& Tower with Radar,20,27,50,24,121,0,5,118,27,150,20,32,168,51,271,117,22,139,410
01/09/2021,COS,CO,ANM,WE,Combined TRACON& Tower with Radar,18,26,7,3,54,0,1,0,0,1,18,27,7,3,55,10,4,14,69
01/10/2021,COS,CO,ANM,WE,Combined TRACON& Tower with Radar,22,24,15,2,63,0,0,0,0,0,22,24,15,2,63,0,0,0,63
01/11/2021,COS,CO,ANM,WE,Combined TRACON& Tower with Radar,23,28,28,15,94,0,7,102,19,128,23,35,130,34,222,210,60,270,492
01/12/2021,COS,CO,ANM,WE,Combined TRACON& Tower with Radar,14,34,32,16,96,0,10,114,25,149,14,44,146,41,245,332,60,392,637
01/13/2021,COS,CO,ANM,WE,Combined TRACON& Tower with Radar,14,27,24,20,85,0,0,80,29,109,14,27,104,49,194,271,72,343,537
01/14/2021,COS,CO,ANM,WE,Combined TRACON& Tower with Radar,20,35,22,6,83,0,7,21,10,38,20,42,43,16,121,16,10,26,147
01/15/2021,COS,CO,ANM,WE,Combined TRACON& Tower with Radar,19,31,38,37,125,0,1,47,13,61,19,32,85,50,186,82,96,178,364
01/16/2021,COS,CO,ANM,WE,Combined TRACON& Tower with Radar,18,24,37,1,80,0,2,74,12,88,18,26,111,13,168,228,12,240,408
01/17/2021,COS,CO,ANM,WE,Combined TRACON& Tower with Radar,16,29,36,10,91,0,0,101,13,114,16,29,137,23,205,240,24,264,469
01/18/2021,COS,CO,ANM,WE,Combined TRACON& Tower with Radar,19,33,34,5,91,0,2,39,2,43,19,35,73,7,134,120,10,130,264
01/19/2021,COS,CO,ANM,WE,Combined TRACON& Tower with Radar,14,26,29,23,92,0,1,82,31,114,14,27,111,54,206,252,42,294,500
01/20/2021,COS,CO,ANM,WE,Combined TRACON& Tower with Radar,14,37,43,48,142,0,7,63,36,106,14,44,106,84,248,156,86,242,490
01/21/2021,COS,CO,ANM,WE,Combined TRACON& Tower with Radar,19,40,35,17,111,0,5,101,32,138,19,45,136,49,249,224,88,312,561
01/22/2021,COS,CO,ANM,WE,Combined TRACON& Tower with Radar,20,29,43,42,134,0,2,124,49,175,20,31,167,91,309,258,262,520,829
01/23/2021,COS,CO,ANM,WE,Combined TRACON& Tower with Radar,17,27,27,28,99,0,8,102,22,132,17,35,129,50,231,172,38,210,441
01/24/2021,COS,CO,ANM,WE,Combined TRACON& Tower with Radar,16,28,7,15,66,0,0,0,0,0,16,28,7,15,66,0,0,0,66
01/25/2021,COS,CO,ANM,WE,Combined TRACON& Tower with Radar,17,27,11,0,55,0,2,2,2,6,17,29,13,2,61,0,0,0,61
01/26/2021,COS,CO,ANM,WE,Combined TRACON& Tower with Radar,14,33,11,1,59,0,0,0,0,0,14,33,11,1,59,0,0,0,59
01/27/2021,COS,CO,ANM,WE,Combined TRACON& Tower with Radar,14,36,49,18,117,0,3,66,21,90,14,39,115,39,207,148,62,210,417
01/28/2021,COS,CO,ANM,WE,Combined TRACON& Tower with Radar,18,39,32,15,104,0,2,90,40,132,18,41,122,55,236,260,156,416,652
01/29/2021,COS,CO,ANM,WE,Combined TRACON& Tower with Radar,23,36,31,19,109,0,5,46,8,59,23,41,77,27,168,64,34,98,266
01/30/2021,COS,CO,ANM,WE,Combined TRACON& Tower with Radar,16,27,26,24,93,0,7,37,27,71,16,34,63,51,164,108,176,284,448
01/31/2021,COS,CO,ANM,WE,Combined TRACON& Tower with Radar,16,30,50,4,100,0,7,135,4,146,16,37,185,8,246,156,32,188,434
02/01/2021,COS,CO,ANM,WE,Combined TRACON& Tower with Radar,17,33,44,20,114,0,0,85,22,107,17,33,129,42,221,258,36,294,515
02/02/2021,COS,CO,ANM,WE,Combined TRACON& Tower with Radar,14,29,49,22,114,0,2,119,29,150,14,31,168,51,264,244,70,314,578
02/03/2021,COS,CO,ANM,WE,Combined TRACON& Tower with Radar,15,32,23,16,86,0,2,43,11,56,15,34,66,27,142,0,0,0,142
02/04/2021,COS,CO,ANM,WE,Combined TRACON& Tower with Radar,21,38,33,20,112,0,0,43,25,68,21,38,76,45,180,50,38,88,268
02/05/2021,COS,CO,ANM,WE,Combined TRACON& Tower with Radar,19,29,41,26,115,1,5,110,31,147,20,34,151,57,262,238,98,336,598
02/06/2021,COS,CO,ANM,WE,Combined TRACON& Tower with Radar,17,31,38,10,96,0,2,61,15,78,17,33,99,25,174,86,0,86,260
02/07/2021,COS,CO,ANM,WE,Combined TRACON& Tower with Radar,20,27,20,7,74,0,0,25,1,26,20,27,45,8,100,14,6,20,120
02/08/2021,COS,CO,ANM,WE,Combined TRACON& Tower with Radar,19,31,20,16,86,0,2,28,8,38,19,33,48,24,124,74,0,74,198
02/09/2021,COS,CO,ANM,WE,Combined TRACON& Tower with Radar,20,38,33,20,111,0,3,16,19,38,20,41,49,39,149,20,36,56,205
02/10/2021,COS,CO,ANM,WE,Combined TRACON& Tower with Radar,18,37,23,21,99,0,0,0,0,0,18,37,23,21,99,0,6,6,105
02/11/2021,COS,CO,ANM,WE,Combined TRACON& Tower with Radar,36,30,40,26,132,0,2,45,9,56,36,32,85,35,188,222,18,240,428
02/12/2021,COS,CO,ANM,WE,Combined TRACON& Tower with Radar,37,33,14,9,93,0,0,0,0,0,37,33,14,9,93,0,0,0,93
02/13/2021,COS,CO,ANM,WE,Combined TRACON& Tower with Radar,26,22,15,7,70,0,0,0,0,0,26,22,15,7,70,0,0,0,70
02/14/2021,COS,CO,ANM,WE,Combined TRACON& Tower with Radar,28,18,4,0,50,0,1,0,0,1,28,19,4,0,51,0,0,0,51
02/15/2021,COS,CO,ANM,WE,Combined TRACON& Tower with Radar,22,20,25,1,68,0,5,85,2,92,22,25,110,3,160,83,0,83,243
02/16/2021,COS,CO,ANM,WE,Combined TRACON& Tower with Radar,17,27,30,27,101,0,4,54,31,89,17,31,84,58,190,212,26,238,428
02/17/2021,COS,CO,ANM,WE,Combined TRACON& Tower with Radar,16,43,26,11,96,0,2,20,12,34,16,45,46,23,130,140,14,154,284
02/18/2021,COS,CO,ANM,WE,Combined TRACON& Tower with Radar,24,33,30,16,103,0,4,6,1,11,24,37,36,17,114,20,0,20,134
02/19/2021,COS,CO,ANM,WE,Combined TRACON& Tower with Radar,28,29,29,28,114,0,6,68,25,99,28,35,97,53,213,102,28,130,343
02/20/2021,COS,CO,ANM,WE,Combined TRACON& Tower with Radar,24,20,37,5,86,0,2,128,14,144,24,22,165,19,230,230,20,250,480
02/21/2021,COS,CO,ANM,WE,Combined TRACON& Tower with Radar,31,26,39,9,105,0,0,73,4,77,31,26,112,13,182,168,6,174,356
02/22/2021,COS,CO,ANM,WE,Combined TRACON& Tower with Radar,29,27,57,23,136,0,6,118,31,155,29,33,175,54,291,376,90,466,757
02/23/2021,COS,CO,ANM,WE,Combined TRACON& Tower with Radar,27,32,34,13,106,0,2,72,22,96,27,34,106,35,202,129,38,167,369
02/24/2021,COS,CO,ANM,WE,Combined TRACON& Tower with Radar,25,34,18,10,87,0,4,13,13,30,25,38,31,23,117,86,4,90,207
02/25/2021,COS,CO,ANM,WE,Combined TRACON& Tower with Radar,30,32,23,8,93,0,1,3,0,4,30,33,26,8,97,0,0,0,97
02/26/2021,COS,CO,ANM,WE,Combined TRACON& Tower with Radar,30,29,59,15,133,0,6,81,9,96,30,35,140,24,229,192,28,220,449
02/27/2021,COS,CO,ANM,WE,Combined TRACON& Tower with Radar,31,28,18,3,80,0,2,41,5,48,31,30,59,8,128,54,4,58,186
02/28/2021,COS,CO,ANM,WE,Combined TRACON& Tower with Radar,29,27,30,5,91,0,0,88,3,91,29,27,118,8,182,172,54,226,408
03/01/2021,COS,CO,ANM,WE,Combined TRACON& Tower with Radar,29,32,48,18,127,0,6,104,39,149,29,38,152,57,276,0,0,0,276
03/02/2021,COS,CO,ANM,WE,Combined TRACON& Tower with Radar,31,33,54,25,143,0,9,121,30,160,31,42,175,55,303,264,154,418,721
03/03/2021,COS,CO,ANM,WE,Combined TRACON& Tower with Radar,29,31,50,28,138,0,0,146,40,186,29,31,196,68,324,214,62,276,600
03/04/2021,COS,CO,ANM,WE,Combined TRACON& Tower with Radar,30,46,29,11,116,0,1,17,4,22,30,47,46,15,138,142,12,154,292
03/05/2021,COS,CO,ANM,WE,Combined TRACON& Tower with Radar,26,32,50,15,123,0,5,97,28,130,26,37,147,43,253,306,84,390,643
03/06/2021,COS,CO,ANM,WE,Combined TRACON& Tower with Radar,22,31,40,8,101,0,8,86,13,107,22,39,126,21,208,191,0,191,399
03/07/2021,COS,CO,ANM,WE,Combined TRACON& Tower with Radar,20,30,35,18,103,0,0,88,18,106,20,30,123,36,209,167,39,206,415
03/08/2021,COS,CO,ANM,WE,Combined TRACON& Tower with Radar,27,36,35,15,113,0,4,57,37,98,27,40,92,52,211,234,80,314,525
03/09/2021,COS,CO,ANM,WE,Combined TRACON& Tower with Radar,34,26,38,25,123,0,2,100,37,139,34,28,138,62,262,196,180,376,638
03/10/2021,COS,CO,ANM,WE,Combined TRACON& Tower with Radar,28,36,25,7,96,0,0,24,5,29,28,36,49,12,125,10,0,10,135
03/11/2021,COS,CO,ANM,WE,Combined TRACON& Tower with Radar,54,46,34,18,152,0,3,27,16,46,54,49,61,34,198,76,30,106,304
03/12/2021,COS,CO,ANM,WE,Combined TRACON& Tower with Radar,53,33,38,9,133,0,0,0,2,2,53,33,38,11,135,6,0,6,141
03/13/2021,COS,CO,ANM,WE,Combined TRACON& Tower with Radar,21,21,0,1,43,0,0,0,0,0,21,21,0,1,43,0,0,0,43
03/14/2021,COS,CO,ANM,WE,Combined TRACON& Tower with Radar,5,16,6,0,27,0,0,0,0,0,5,16,6,0,27,0,0,0,27
03/15/2021,COS,CO,ANM,WE,Combined TRACON& Tower with Radar,39,25,33,10,107,0,3,38,1,42,39,28,71,11,149,68,0,68,217
03/16/2021,COS,CO,ANM,WE,Combined TRACON& Tower with Radar,54,32,27,17,130,0,1,24,7,32,54,33,51,24,162,68,10,78,240
03/17/2021,COS,CO,ANM,WE,Combined TRACON& Tower with Radar,53,37,35,31,156,0,1,9,27,37,53,38,44,58,193,70,22,92,285
03/18/2021,COS,CO,ANM,WE,Combined TRACON& Tower with Radar,51,36,55,40,182,0,2,122,39,163,51,38,177,79,345,140,148,288,633
03/19/2021,COS,CO,ANM,WE,Combined TRACON& Tower with Radar,53,28,54,23,158,0,0,134,33,167,53,28,188,56,325,376,94,470,795
03/20/2021,COS,CO,ANM,WE,Combined TRACON& Tower with Radar,52,36,50,7,145,0,4,69,7,80,52,40,119,14,225,202,16,218,443
03/21/2021,COS,CO,ANM,WE,Combined TRACON& Tower with Radar,50,27,45,4,126,0,1,33,2,36,50,28,78,6,162,40,12,52,214
03/22/2021,COS,CO,ANM,WE,Combined TRACON& Tower with Radar,50,29,21,3,103,0,9,4,10,23,50,38,25,13,126,0,0,0,126
03/23/2021,COS,CO,ANM,WE,Combined TRACON& Tower with Radar,61,26,35,22,144,0,1,54,42,97,61,27,89,64,241,146,110,256,497
03/24/2021,COS,CO,ANM,WE,Combined TRACON& Tower with Radar,54,28,26,13,121,0,5,9,10,24,54,33,35,23,145,102,56,158,303
03/25/2021,COS,CO,ANM,WE,Combined TRACON& Tower with Radar,55,40,41,37,173,0,6,128,43,177,55,46,169,80,350,259,152,411,761
03/26/2021,COS,CO,ANM,WE,Combined TRACON& Tower with Radar,52,36,26,11,125,0,1,51,5,57,52,37,77,16,182,122,82,204,386
03/27/2021,COS,CO,ANM,WE,Combined TRACON& Tower with Radar,49,37,50,22,158,0,0,90,5,95,49,37,140,27,253,114,20,134,387
03/28/2021,COS,CO,ANM,WE,Combined TRACON& Tower with Radar,54,29,35,11,129,0,4,123,7,134,54,33,158,18,263,278,54,332,595
03/29/2021,COS,CO,ANM,WE,Combined TRACON& Tower with Radar,57,27,22,4,110,0,2,15,2,19,57,29,37,6,129,14,2,16,145
03/30/2021,COS,CO,ANM,WE,Combined TRACON& Tower with Radar,67,26,17,15,125,0,6,3,2,11,67,32,20,17,136,36,4,40,176
03/31/2021,COS,CO,ANM,WE,Combined TRACON& Tower with Radar,59,28,42,18,147,0,9,118,25,152,59,37,160,43,299,262,42,304,603
04/01/2021,COS,CO,ANM,WE,Combined TRACON& Tower with Radar,66,35,37,38,176,0,10,115,43,168,66,45,152,81,344,208,88,296,640
04/02/2021,COS,CO,ANM,WE,Combined TRACON& Tower with Radar,60,34,57,26,177,0,10,121,23,154,60,44,178,49,331,238,28,266,597
04/03/2021,COS,CO,ANM,WE,Combined TRACON& Tower with Radar,54,23,30,8,115,0,3,122,18,143,54,26,152,26,258,174,12,186,444
04/04/2021,COS,CO,ANM,WE,Combined TRACON& Tower with Radar,62,32,23,16,133,0,3,56,9,68,62,35,79,25,201,36,20,56,257
04/05/2021,COS,CO,ANM,WE,Combined TRACON& Tower with Radar,57,33,33,14,137,0,4,67,34,105,57,37,100,48,242,0,0,0,242
04/06/2021,COS,CO,ANM,WE,Combined TRACON& Tower with Radar,54,29,39,22,144,0,0,41,6,47,54,29,80,28,191,170,120,290,481
04/07/2021,COS,CO,ANM,WE,Combined TRACON& Tower with Radar,54,25,23,42,144,0,2,33,42,77,54,27,56,84,221,126,100,226,447
04/08/2021,COS,CO,ANM,WE,Combined TRACON& Tower with Radar,58,26,40,38,162,0,6,69,32,107,58,32,109,70,269,140,78,218,487
04/09/2021,COS,CO,ANM,WE,Combined TRACON& Tower with Radar,57,36,29,13,135,0,0,16,7,23,57,36,45,20,158,0,0,0,158
04/10/2021,COS,CO,ANM,WE,Combined TRACON& Tower with Radar,52,24,27,11,114,0,8,139,11,158,52,32,166,22,272,246,0,246,518
04/11/2021,COS,CO,ANM,WE,Combined TRACON& Tower with Radar,55,26,21,7,109,0,5,42,5,52,55,31,63,12,161,52,16,68,229
04/12/2021,COS,CO,ANM,WE,Combined TRACON& Tower with Radar,57,30,48,25,160,0,4,102,20,126,57,34,150,45,286,163,30,193,479
04/13/2021,COS,CO,ANM,WE,Combined TRACON& Tower with Radar,56,23,32,7,118,0,5,23,22,50,56,28,55,29,168,122,84,206,374
04/14/2021,COS,CO,ANM,WE,Combined TRACON& Tower with Radar,54,31,32,31,148,0,2,48,47,97,54,33,80,78,245,138,114,252,497
04/15/2021,COS,CO,ANM,WE,Combined TRACON& Tower with Radar,58,27,20,33,138,0,0,0,0,0,58,27,20,33,138,0,0,0,138
04/16/2021,COS,CO,ANM,WE,Combined TRACON& Tower with Radar,59,32,15,34,140,0,4,5,6,15,59,36,20,40,155,40,54,94,249
04/17/2021,COS,CO,ANM,WE,Combined TRACON& Tower with Radar,52,24,31,8,115,0,2,26,3,31,52,26,57,11,146,186,14,200,346
04/18/2021,COS,CO,ANM,WE,Combined TRACON& Tower with Radar,54,32,41,22,149,0,2,136,16,154,54,34,177,38,303,230,8,238,541
04/19/2021,COS,CO,ANM,WE,Combined TRACON& Tower with Radar,66,50,36,21,173,0,6,42,18,66,66,56,78,39,239,100,6,106,345
04/20/2021,COS,CO,ANM,WE,Combined TRACON& Tower with Radar,54,30,30,21,135,0,5,77,38,120,54,35,107,59,255,166,186,352,607
04/21/2021,COS,CO,ANM,WE,Combined TRACON& Tower with Radar,52,43,17,27,139,0,4,38,39,81,52,47,55,66,220,170,154,324,544
04/22/2021,COS,CO,ANM,WE,Combined TRACON& Tower with Radar,60,36,34,37,167,0,0,78,56,134,60,36,112,93,301,172,164,336,637
04/23/2021,COS,CO,ANM,WE,Combined TRACON& Tower with Radar,62,37,42,26,167,0,6,60,17,83,62,43,102,43,250,222,54,276,526
04/24/2021,COS,CO,ANM,WE,Combined TRACON& Tower with Radar,59,39,44,23,165,0,2,153,18,173,59,41,197,41,338,234,6,240,578
04/25/2021,COS,CO,ANM,WE,Combined TRACON& Tower with Radar,58,32,25,15,130,0,4,69,17,90,58,36,94,32,220,94,46,140,360
04/26/2021,COS,CO,ANM,WE,Combined TRACON& Tower with Radar,59,25,17,14,115,0,1,28,15,44,59,26,45,29,159,44,14,58,217
04/27/2021,COS,CO,ANM,WE,Combined TRACON& Tower with Radar,55,29,32,16,132,0,3,33,29,65,55,32,65,45,197,192,88,280,477
04/28/2021,COS,CO,ANM,WE,Combined TRACON& Tower with Radar,57,36,38,13,144,0,3,30,33,66,57,39,68,46,210,90,76,166,376
04/29/2021,COS,CO,ANM,WE,Combined TRACON& Tower with Radar,62,29,39,50,180,0,3,118,46,167,62,32,157,96,347,400,110,510,857
04/30/2021,COS,CO,ANM,WE,Combined TRACON& Tower with Radar,64,23,43,43,173,0,2,160,38,200,64,25,203,81,373,248,92,340,713
05/01/2021,COS,CO,ANM,WE,Combined TRACON& Tower with Radar,61,35,42,14,152,0,10,114,24,148,61,45,156,38,300,170,16,186,486
05/02/2021,COS,CO,ANM,WE,Combined TRACON& Tower with Radar,66,41,22,10,139,0,7,25,4,36,66,48,47,14,175,86,0,86,261
05/03/2021,COS,CO,ANM,WE,Combined TRACON& Tower with Radar,60,31,12,6,109,0,0,0,0,0,60,31,12,6,109,0,0,0,109
05/04/2021,COS,CO,ANM,WE,Combined TRACON& Tower with Radar,58,28,33,16,135,0,1,22,16,39,58,29,55,32,174,168,14,182,356
05/05/2021,COS,CO,ANM,WE,Combined TRACON& Tower with Radar,72,37,33,14,156,0,2,87,24,113,72,39,120,38,269,234,48,282,551
05/06/2021,COS,CO,ANM,WE,Combined TRACON& Tower with Radar,62,46,50,16,174,0,10,143,24,177,62,56,193,40,351,282,32,314,665
05/07/2021,COS,CO,ANM,WE,Combined TRACON& Tower with Radar,63,36,53,19,171,0,4,81,22,107,63,40,134,41,278,200,26,226,504
05/08/2021,COS,CO,ANM,WE,Combined TRACON& Tower with Radar,60,30,31,10,131,0,1,61,3,65,60,31,92,13,196,180,0,180,376
05/09/2021,COS,CO,ANM,WE,Combined TRACON& Tower with Radar,56,30,20,2,108,0,1,15,1,17,56,31,35,3,125,46,0,46,171
05/10/2021,COS,CO,ANM,WE,Combined TRACON& Tower with Radar,64,28,12,4,108,0,0,0,0,0,64,28,12,4,108,0,0,0,108
05/11/2021,COS,CO,ANM,WE,Combined TRACON& Tower with Radar,53,36,16,0,105,0,0,0,0,0,53,36,16,0,105,0,0,0,105
05/12/2021,COS,CO,ANM,WE,Combined TRACON& Tower with Radar,58,34,41,11,144,0,3,72,23,98,58,37,113,34,242,78,64,142,384
05/13/2021,COS,CO,ANM,WE,Combined TRACON& Tower with Radar,60,36,50,19,165,0,5,113,25,143,60,41,163,44,308,114,18,132,440
05/14/2021,COS,CO,ANM,WE,Combined TRACON& Tower with Radar,62,35,40,14,151,0,0,79,24,103,62,35,119,38,254,40,6,46,300
05/15/2021,COS,CO,ANM,WE,Combined TRACON& Tower with Radar,56,36,41,18,151,0,5,45,4,54,56,41,86,22,205,18,0,18,223
05/16/2021,COS,CO,ANM,WE,Combined TRACON& Tower with Radar,52,32,44,14,142,0,0,40,2,42,52,32,84,16,184,18,2,20,204
05/17/2021,COS,CO,ANM,WE,Combined TRACON& Tower with Radar,62,33,47,8,150,0,2,19,14,35,62,35,66,22,185,30,26,56,241
05/18/2021,COS,CO,ANM,WE,Combined TRACON& Tower with Radar,59,31,29,42,161,0,0,6,3,9,59,31,35,45,170,10,2,12,182
05/19/2021,COS,CO,ANM,WE,Combined TRACON& Tower with Radar,58,29,43,26,156,0,3,99,12,114,58,32,142,38,270,112,4,116,386
05/20/2021,COS,CO,ANM,WE,Combined TRACON& Tower with Radar,90,48,48,25,211,0,2,114,22,138,90,50,162,47,349,138,34,172,521
05/21/2021,COS,CO,ANM,WE,Combined TRACON& Tower with Radar,60,34,34,26,154,0,0,41,10,51,60,34,75,36,205,0,0,0,205
05/22/2021,COS,CO,ANM,WE,Combined TRACON& Tower with Radar,61,26,31,1,119,10,4,63,3,80,71,30,94,4,199,48,0,48,247
05/23/2021,COS,CO,ANM,WE,Combined TRACON& Tower with Radar,60,31,40,4,135,0,1,6,0,7,60,32,46,4,142,0,0,0,142
05/24/2021,COS,CO,ANM,WE,Combined TRACON& Tower with Radar,59,41,36,36,172,8,6,119,12,145,67,47,155,48,317,86,8,94,411
05/25/2021,COS,CO,ANM,WE,Combined TRACON& Tower with Radar,60,30,34,14,138,0,2,108,26,136,60,32,142,40,274,96,8,104,378
05/26/2021,COS,CO,ANM,WE,Combined TRACON& Tower with Radar,66,31,50,33,180,0,1,37,9,47,66,32,87,42,227,106,18,124,351
05/27/2021,COS,CO,ANM,WE,Combined TRACON& Tower with Radar,62,28,50,11,151,0,7,110,26,143,62,35,160,37,294,168,102,270,564
05/28/2021,COS,CO,ANM,WE,Combined TRACON& Tower with Radar,60,32,66,19,177,0,0,94,5,99,60,32,160,24,276,132,6,138,414
05/29/2021,COS,CO,ANM,WE,Combined TRACON& Tower with Radar,57,22,16,2,97,0,0,59,3,62,57,22,75,5,159,146,0,146,305
05/30/2021,COS,CO,ANM,WE,Combined TRACON& Tower with Radar,57,49,19,2,127,0,0,12,0,12,57,49,31,2,139,38,18,56,195
05/31/2021,COS,CO,ANM,WE,Combined TRACON& Tower with Radar,57,40,57,0,154,0,0,0,0,0,57,40,57,0,154,0,0,0,154
06/01/2021,COS,CO,ANM,WE,Combined TRACON& Tower with Radar,60,32,50,14,156,0,0,65,17,82,60,32,115,31,238,24,10,34,272
06/02/2021,COS,CO,ANM,WE,Combined TRACON& Tower with Radar,62,30,45,24,161,0,8,119,19,146,62,38,164,43,307,226,26,252,559
06/03/2021,COS,CO,ANM,WE,Combined TRACON& Tower with Radar,62,43,49,13,167,0,3,100,19,122,62,46,149,32,289,200,10,210,499
06/04/2021,COS,CO,ANM,WE,Combined TRACON& Tower with Radar,64,30,56,26,176,0,4,136,24,164,64,34,192,50,340,60,26,86,426
06/05/2021,COS,CO,ANM,WE,Combined TRACON& Tower with Radar,60,40,45,25,170,0,10,120,3,133,60,50,165,28,303,72,0,72,375
06/06/2021,COS,CO,ANM,WE,Combined TRACON& Tower with Radar,67,37,31,8,143,0,2,52,3,57,67,39,83,11,200,62,8,70,270
06/07/2021,COS,CO,ANM,WE,Combined TRACON& Tower with Radar,64,46,35,13,158,0,4,76,24,104,64,50,111,37,262,112,18,130,392
06/08/2021,COS,CO,ANM,WE,Combined TRACON& Tower with Radar,65,48,54,31,198,0,1,129,29,159,65,49,183,60,357,160,58,218,575
06/09/2021,COS,CO,ANM,WE,Combined TRACON& Tower with Radar,66,48,49,37,200,0,6,111,29,146,66,54,160,66,346,160,32,192,538
06/10/2021,COS,CO,ANM,WE,Combined TRACON& Tower with Radar,59,41,43,32,175,0,3,76,39,118,59,44,119,71,293,84,38,122,415
06/11/2021,COS,CO,ANM,WE,Combined TRACON& Tower with Radar,60,42,49,15,166,0,1,59,32,92,60,43,108,47,258,66,16,82,340
06/12/2021,COS,CO,ANM,WE,Combined TRACON& Tower with Radar,49,39,35,26,149,0,2,119,10,131,49,41,154,36,280,54,26,80,360
06/13/2021,COS,CO,ANM,WE,Combined TRACON& Tower with Radar,48,39,60,2,149,0,0,77,14,91,48,39,137,16,240,58,20,78,318
06/14/2021,COS,CO,ANM,WE,Combined TRACON& Tower with Radar,56,47,41,21,165,0,3,93,27,123,56,50,134,48,288,216,30,246,534
06/15/2021,COS,CO,ANM,WE,Combined TRACON& Tower with Radar,52,40,50,15,157,0,12,116,23,151,52,52,166,38,308,154,8,162,470
06/16/2021,COS,CO,ANM,WE,Combined TRACON& Tower with Radar,61,43,45,21,170,0,7,98,31,136,61,50,143,52,306,86,44,130,436
06/17/2021,COS,CO,ANM,WE,Combined TRACON& Tower with Radar,71,62,38,10,181,0,7,98,16,121,71,69,136,26,302,96,18,114,416
06/18/2021,COS,CO,ANM,WE,Combined TRACON& Tower with Radar,61,53,40,27,181,0,7,92,7,106,61,60,132,34,287,74,14,88,375
06/19/2021,COS,CO,ANM,WE,Combined TRACON& Tower with Radar,57,46,47,3,153,0,6,99,10,115,57,52,146,13,268,78,2,80,348
06/20/2021,COS,CO,ANM,WE,Combined TRACON& Tower with Radar,54,53,33,8,148,0,5,57,6,68,54,58,90,14,216,46,12,58,274
06/21/2021,COS,CO,ANM,WE,Combined TRACON& Tower with Radar,58,34,78,9,179,0,2,25,8,35,58,36,103,17,214,110,24,134,348
06/22/2021,COS,CO,ANM,WE,Combined TRACON& Tower with Radar,64,35,46,24,169,0,3,117,21,141,64,38,163,45,310,132,26,158,468
06/23/2021,COS,CO,ANM,WE,Combined TRACON& Tower with Radar,63,52,50,13,178,3,10,94,30,137,66,62,144,43,315,126,34,160,475
06/24/2021,COS,CO,ANM,WE,Combined TRACON& Tower with Radar,70,56,47,16,189,0,11,64,26,101,70,67,111,42,290,58,16,74,364
06/25/2021,COS,CO,ANM,WE,Combined TRACON& Tower with Radar,85,41,49,31,206,0,0,94,15,109,85,41,143,46,315,110,10,120,435
06/26/2021,COS,CO,ANM,WE,Combined TRACON& Tower with Radar,64,46,40,10,160,0,2,34,5,41,64,48,74,15,201,82,8,90,291
06/27/2021,COS,CO,ANM,WE,Combined TRACON& Tower with Radar,54,39,40,5,138,0,2,46,6,54,54,41,86,11,192,88,46,134,326
06/28/2021,COS,CO,ANM,WE,Combined TRACON& Tower with Radar,61,46,60,16,183,0,8,72,14,94,61,54,132,30,277,158,56,214,491
06/29/2021,COS,CO,ANM,WE,Combined TRACON& Tower with Radar,60,42,40,36,178,0,0,86,18,104,60,42,126,54,282,258,18,276,558
06/30/2021,COS,CO,ANM,WE,Combined TRACON& Tower with Radar,58,48,72,20,198,0,6,117,23,146,58,54,189,43,344,54,12,66,410
07/01/2021,COS,CO,ANM,WE,Combined TRACON& Tower with Radar,68,40,52,11,171,0,2,64,15,81,68,42,116,26,252,30,0,30,282
07/02/2021,COS,CO,ANM,WE,Combined TRACON& Tower with Radar,63,46,60,4,173,0,0,16,3,19,63,46,76,7,192,52,0,52,244
07/03/2021,COS,CO,ANM,WE,Combined TRACON& Tower with Radar,54,41,39,7,141,0,10,101,3,114,54,51,140,10,255,158,0,158,413
07/04/2021,COS,CO,ANM,WE,Combined TRACON& Tower with Radar,53,30,14,0,97,0,12,47,0,59,53,42,61,0,156,96,10,106,262
07/05/2021,COS,CO,ANM,WE,Combined TRACON& Tower with Radar,59,40,48,1,148,0,3,81,16,100,59,43,129,17,248,106,36,142,390
07/06/2021,COS,CO,ANM,WE,Combined TRACON& Tower with Radar,64,40,37,13,154,0,5,54,10,69,64,45,91,23,223,62,12,74,297
07/07/2021,COS,CO,ANM,WE,Combined TRACON& Tower with Radar,62,44,47,25,178,0,4,121,10,135,62,48,168,35,313,256,8,264,577
07/08/2021,COS,CO,ANM,WE,Combined TRACON& Tower with Radar,66,56,56,31,209,0,12,71,21,104,66,68,127,52,313,120,12,132,445
07/09/2021,COS,CO,ANM,WE,Combined TRACON& Tower with Radar,63,44,78,22,207,0,4,102,11,117,63,48,180,33,324,120,30,150,474
07/10/2021,COS,CO,ANM,WE,Combined TRACON& Tower with Radar,54,44,44,13,155,1,3,70,3,77,55,47,114,16,232,36,0,36,268
07/11/2021,COS,CO,ANM,WE,Combined TRACON& Tower with Radar,55,39,54,5,153,0,5,90,1,96,55,44,144,6,249,138,28,166,415
07/12/2021,COS,CO,ANM,WE,Combined TRACON& Tower with Radar,63,41,55,9,168,0,6,92,13,111,63,47,147,22,279,102,14,116,395
07/13/2021,COS,CO,ANM,WE,Combined TRACON& Tower with Radar,64,45,47,14,170,0,6,85,12,103,64,51,132,26,273,76,8,84,357
07/14/2021,COS,CO,ANM,WE,Combined TRACON& Tower with Radar,57,50,69,8,184,0,7,73,22,102,57,57,142,30,286,70,12,82,368
07/15/2021,COS,CO,ANM,WE,Combined TRACON& Tower with Radar,56,48,57,14,175,0,5,102,18,125,56,53,159,32,300,92,16,108,408
07/16/2021,COS,CO,ANM,WE,Combined TRACON& Tower with Radar,64,55,48,18,185,0,9,77,9,95,64,64,125,27,280,118,20,138,418
07/17/2021,COS,CO,ANM,WE,Combined TRACON& Tower with Radar,58,41,39,6,144,0,3,84,10,97,58,44,123,16,241,84,38,122,363
07/18/2021,COS,CO,ANM,WE,Combined TRACON& Tower with Radar,52,45,56,6,159,0,4,80,2,86,52,49,136,8,245,84,0,84,329
07/19/2021,COS,CO,ANM,WE,Combined TRACON& Tower with Radar,63,47,45,16,171,0,2,83,23,108,63,49,128,39,279,170,64,234,513
07/20/2021,COS,CO,ANM,WE,Combined TRACON& Tower with Radar,65,46,56,34,201,0,16,105,30,151,65,62,161,64,352,154,62,216,568
07/21/2021,COS,CO,ANM,WE,Combined TRACON& Tower with Radar,62,46,52,14,174,0,14,80,14,108,62,60,132,28,282,172,24,196,478
07/22/2021,COS,CO,ANM,WE,Combined TRACON& Tower with Radar,81,39,51,31,202,0,6,64,9,79,81,45,115,40,281,112,2,114,395
07/23/2021,COS,CO,ANM,WE,Combined TRACON& Tower with Radar,60,47,35,36,178,0,4,75,11,90,60,51,110,47,268,132,36,168,436
07/24/2021,COS,CO,ANM,WE,Combined TRACON& Tower with Radar,55,48,42,3,148,0,2,57,2,61,55,50,99,5,209,144,0,144,353
07/25/2021,COS,CO,ANM,WE,Combined TRACON& Tower with Radar,55,44,54,1,154,0,4,38,2,44,55,48,92,3,198,82,22,104,302
07/26/2021,COS,CO,ANM,WE,Combined TRACON& Tower with Radar,62,46,40,11,159,0,4,87,18,109,62,50,127,29,268,176,22,198,466
07/27/2021,COS,CO,ANM,WE,Combined TRACON& Tower with Radar,64,39,37,17,157,0,9,77,16,102,64,48,114,33,259,156,4,160,419
07/28/2021,COS,CO,ANM,WE,Combined TRACON& Tower with Radar,64,54,62,13,193,0,8,74,15,97,64,62,136,28,290,70,2,72,362
07/29/2021,COS,CO,ANM,WE,Combined TRACON& Tower with Radar,60,45,50,26,181,0,5,81,27,113,60,50,131,53,294,166,6,172,466
07/30/2021,COS,CO,ANM,WE,Combined TRACON& Tower with Radar,76,67,77,18,238,0,6,82,15,103,76,73,159,33,341,74,12,86,427
07/31/2021,COS,CO,ANM,WE,Combined TRACON& Tower with Radar,53,47,38,4,142,0,4,30,9,43,53,51,68,13,185,26,0,26,211
08/01/2021,COS,CO,ANM,WE,Combined TRACON& Tower with Radar,44,91,82,5,222,0,4,12,6,22,44,95,94,11,244,94,0,94,338
08/02/2021,COS,CO,ANM,WE,Combined TRACON& Tower with Radar,61,56,44,10,171,0,6,67,5,78,61,62,111,15,249,92,0,92,341
08/03/2021,COS,CO,ANM,WE,Combined TRACON& Tower with Radar,58,54,34,23,169,0,2,44,20,66,58,56,78,43,235,124,8,132,367
08/04/2021,COS,CO,ANM,WE,Combined TRACON& Tower with Radar,61,43,57,24,185,0,10,66,19,95,61,53,123,43,280,88,28,116,396
08/05/2021,COS,CO,ANM,WE,Combined TRACON& Tower with Radar,63,48,57,17,185,0,2,105,13,120,63,50,162,30,305,146,42,188,493
08/06/2021,COS,CO,ANM,WE,Combined TRACON& Tower with Radar,80,68,51,19,218,0,13,84,11,108,80,81,135,30,326,158,16,174,500
08/07/2021,COS,CO,ANM,WE,Combined TRACON& Tower with Radar,51,52,57,12,172,0,6,72,8,86,51,58,129,20,258,70,12,82,340
08/08/2021,COS,CO,ANM,WE,Combined TRACON& Tower with Radar,49,64,83,6,202,0,1,47,4,52,49,65,130,10,254,92,30,122,376
08/09/2021,COS,CO,ANM,WE,Combined TRACON& Tower with Radar,55,61,53,15,184,0,9,65,9,83,55,70,118,24,267,114,8,122,389
08/10/2021,COS,CO,ANM,WE,Combined TRACON& Tower with Radar,69,52,61,24,206,0,4,107,16,127,69,56,168,40,333,128,10,138,471
08/11/2021,COS,CO,ANM,WE,Combined TRACON& Tower with Radar,64,53,58,22,197,0,1,100,36,137,64,54,158,58,334,190,46,236,570
08/12/2021,COS,CO,ANM,WE,Combined TRACON& Tower with Radar,58,54,54,20,186,0,5,81,31,117,58,59,135,51,303,142,54,196,499
08/13/2021,COS,CO,ANM,WE,Combined TRACON& Tower with Radar,65,53,60,33,211,0,4,89,27,120,65,57,149,60,331,137,101,238,569
08/14/2021,COS,CO,ANM,WE,Combined TRACON& Tower with Radar,50,38,43,7,138,0,14,98,13,125,50,52,141,20,263,130,10,140,403
08/15/2021,COS,CO,ANM,WE,Combined TRACON& Tower with Radar,47,53,55,2,157,0,9,63,3,75,47,62,118,5,232,64,18,82,314
08/16/2021,COS,CO,ANM,WE,Combined TRACON& Tower with Radar,60,42,63,12,177,0,12,81,21,114,60,54,144,33,291,248,6,254,545
08/17/2021,COS,CO,ANM,WE,Combined TRACON& Tower with Radar,50,43,31,22,146,0,7,57,19,83,50,50,88,41,229,210,25,235,464
08/18/2021,COS,CO,ANM,WE,Combined TRACON& Tower with Radar,55,52,58,33,198,0,7,85,32,124,55,59,143,65,322,158,36,194,516
08/19/2021,COS,CO,ANM,WE,Combined TRACON& Tower with Radar,86,59,57,37,239,0,8,62,36,106,86,67,119,73,345,144,44,188,533
08/20/2021,COS,CO,ANM,WE,Combined TRACON& Tower with Radar,58,53,61,9,181,0,12,105,15,132,58,65,166,24,313,144,36,180,493
08/21/2021,COS,CO,ANM,WE,Combined TRACON& Tower with Radar,54,54,43,8,159,0,16,82,7,105,54,70,125,15,264,134,6,140,404
08/22/2021,COS,CO,ANM,WE,Combined TRACON& Tower with Radar,49,66,67,4,186,0,7,94,8,109,49,73,161,12,295,96,24,120,415
08/23/2021,COS,CO,ANM,WE,Combined TRACON& Tower with Radar,56,49,61,16,182,0,7,87,17,111,56,56,148,33,293,188,18,206,499
08/24/2021,COS,CO,ANM,WE,Combined TRACON& Tower with Radar,58,45,49,15,167,0,5,96,26,127,58,50,145,41,294,112,12,124,418
08/25/2021,COS,CO,ANM,WE,Combined TRACON& Tower with Radar,61,47,66,19,193,3,11,105,24,143,64,58,171,43,336,164,48,212,548
08/26/2021,COS,CO,ANM,WE,Combined TRACON& Tower with Radar,63,40,49,20,172,0,0,72,18,90,63,40,121,38,262,204,54,258,520
08/27/2021,COS,CO,ANM,WE,Combined TRACON& Tower with Radar,60,50,52,38,200,0,10,98,28,136,60,60,150,66,336,126,88,214,550
08/28/2021,COS,CO,ANM,WE,Combined TRACON& Tower with Radar,54,43,33,6,136,0,4,94,10,108,54,47,127,16,244,157,0,157,401
08/29/2021,COS,CO,ANM,WE,Combined TRACON& Tower with Radar,46,47,40,8,141,0,3,53,6,62,46,50,93,14,203,182,16,198,401
08/30/2021,COS,CO,ANM,WE,Combined TRACON& Tower with Radar,66,57,54,36,213,7,15,104,22,148,73,72,158,58,361,208,56,264,625
08/31/2021,COS,CO,ANM,WE,Combined TRACON& Tower with Radar,60,41,40,27,168,0,19,78,31,128,60,60,118,58,296,208,66,274,570
09/01/2021,COS,CO,ANM,WE,Combined TRACON& Tower with Radar,60,54,45,27,186,0,5,87,37,129,60,59,132,64,315,188,48,236,551
09/02/2021,COS,CO,ANM,WE,Combined TRACON& Tower with Radar,72,53,65,18,208,2,6,70,29,107,74,59,135,47,315,118,52,170,485
09/03/2021,COS,CO,ANM,WE,Combined TRACON& Tower with Radar,101,68,57,9,235,0,2,84,19,105,101,70,141,28,340,188,28,216,556
09/04/2021,COS,CO,ANM,WE,Combined TRACON& Tower with Radar,49,40,45,4,138,0,4,117,16,137,49,44,162,20,275,128,20,148,423
09/05/2021,COS,CO,ANM,WE,Combined TRACON& Tower with Radar,44,41,41,0,126,0,16,96,13,125,44,57,137,13,251,122,28,150,401
09/06/2021,COS,CO,ANM,WE,Combined TRACON& Tower with Radar,57,43,51,5,156,0,6,104,13,123,57,49,155,18,279,118,0,118,397
09/07/2021,COS,CO,ANM,WE,Combined TRACON& Tower with Radar,56,55,72,24,207,0,7,85,22,114,56,62,157,46,321,212,6,218,539
09/08/2021,COS,CO,ANM,WE,Combined TRACON& Tower with Radar,63,62,46,26,197,0,6,88,17,111,63,68,134,43,308,216,28,244,552
09/09/2021,COS,CO,ANM,WE,Combined TRACON& Tower with Radar,62,53,73,24,212,0,9,84,31,124,62,62,157,55,336,142,50,192,528
09/10/2021,COS,CO,ANM,WE,Combined TRACON& Tower with Radar,59,60,69,31,219,0,7,99,17,123,59,67,168,48,342,114,70,184,526
09/11/2021,COS,CO,ANM,WE,Combined TRACON& Tower with Radar,50,51,41,14,156,0,3,87,12,102,50,54,128,26,258,66,0,66,324
09/12/2021,COS,CO,ANM,WE,Combined TRACON& Tower with Radar,56,44,58,25,183,0,4,81,12,97,56,48,139,37,280,75,16,91,371
09/13/2021,COS,CO,ANM,WE,Combined TRACON& Tower with Radar,62,51,46,32,191,0,7,72,30,109,62,58,118,62,300,136,82,218,518
09/14/2021,COS,CO,ANM,WE,Combined TRACON& Tower with Radar,60,47,45,30,182,0,7,65,33,105,60,54,110,63,287,0,0,0,287
09/15/2021,COS,CO,ANM,WE,Combined TRACON& Tower with Radar,60,42,54,28,184,0,5,142,41,188,60,47,196,69,372,284,76,360,732
09/16/2021,COS,CO,ANM,WE,Combined TRACON& Tower with Radar,65,37,61,29,192,0,9,97,40,146,65,46,158,69,338,106,24,130,468
09/17/2021,COS,CO,ANM,WE,Combined TRACON& Tower with Radar,62,33,50,58,203,0,8,76,17,101,62,41,126,75,304,0,0,0,304
09/18/2021,COS,CO,ANM,WE,Combined TRACON& Tower with Radar,47,38,52,22,159,0,8,103,24,135,47,46,155,46,294,130,36,166,460
09/19/2021,COS,CO,ANM,WE,Combined TRACON& Tower with Radar,54,45,43,27,169,0,6,37,9,52,54,51,80,36,221,56,30,86,307
09/20/2021,COS,CO,ANM,WE,Combined TRACON& Tower with Radar,58,39,57,49,203,0,9,73,17,99,58,48,130,66,302,90,38,128,430
09/21/2021,COS,CO,ANM,WE,Combined TRACON& Tower with Radar,59,34,63,25,181,2,4,93,21,120,61,38,156,46,301,222,22,244,545
09/22/2021,COS,CO,ANM,WE,Combined TRACON& Tower with Radar,63,47,42,28,180,0,11,120,34,165,63,58,162,62,345,186,64,250,595
09/23/2021,COS,CO,ANM,WE,Combined TRACON& Tower with Radar,64,53,70,46,233,0,6,104,32,142,64,59,174,78,375,304,56,360,735
09/24/2021,COS,CO,ANM,WE,Combined TRACON& Tower with Radar,60,43,59,10,172,0,8,114,20,142,60,51,173,30,314,223,22,245,559
09/25/2021,COS,CO,ANM,WE,Combined TRACON& Tower with Radar,47,40,40,9,136,0,13,118,29,160,47,53,158,38,296,247,26,273,569
09/26/2021,COS,CO,ANM,WE,Combined TRACON& Tower with Radar,49,60,59,13,181,0,11,70,26,107,49,71,129,39,288,128,16,144,432
09/27/2021,COS,CO,ANM,WE,Combined TRACON& Tower with Radar,57,46,60,8,171,0,8,63,13,84,57,54,123,21,255,126,22,148,403
09/28/2021,COS,CO,ANM,WE,Combined TRACON& Tower with Radar,57,42,62,8,169,0,6,68,8,82,57,48,130,16,251,184,0,184,435
09/29/2021,COS,CO,ANM,WE,Combined TRACON& Tower with Radar,61,41,62,13,177,0,0,61,22,83,61,41,123,35,260,224,38,262,522
09/30/2021,COS,CO,ANM,WE,Combined TRACON& Tower with Radar,56,54,73,14,197,0,2,46,39,87,56,56,119,53,284,222,184,406,690
10/01/2021,COS,CO,ANM,WE,Combined TRACON& Tower with Radar,61,57,52,37,207,0,10,52,12,74,61,67,104,49,281,180,120,300,581
10/02/2021,COS,CO,ANM,WE,Combined TRACON& Tower with Radar,48,71,57,9,185,0,12,92,16,120,48,83,149,25,305,182,22,204,509
10/03/2021,COS,CO,ANM,WE,Combined TRACON& Tower with Radar,45,48,49,12,154,0,4,73,16,93,45,52,122,28,247,40,18,58,305
10/04/2021,COS,CO,ANM,WE,Combined TRACON& Tower with Radar,60,66,57,3,186,0,0,105,8,113,60,66,162,11,299,154,20,174,473
10/05/2021,COS,CO,ANM,WE,Combined TRACON& Tower with Radar,55,64,53,27,199,0,6,126,26,158,55,70,179,53,357,154,46,200,557
10/06/2021,COS,CO,ANM,WE,Combined TRACON& Tower with Radar,57,41,80,18,196,0,8,94,10,112,57,49,174,28,308,152,26,178,486
10/07/2021,COS,CO,ANM,WE,Combined TRACON& Tower with Radar,60,40,63,20,183,0,7,103,19,129,60,47,166,39,312,230,98,328,640
10/08/2021,COS,CO,ANM,WE,Combined TRACON& Tower with Radar,56,46,86,9,197,0,3,87,40,130,56,49,173,49,327,0,0,0,327
10/09/2021,COS,CO,ANM,WE,Combined TRACON& Tower with Radar,41,43,27,0,111,0,6,22,5,33,41,49,49,5,144,20,0,20,164
10/10/2021,COS,CO,ANM,WE,Combined TRACON& Tower with Radar,36,37,71,5,149,0,4,123,15,142,36,41,194,20,291,156,18,174,465
10/11/2021,COS,CO,ANM,WE,Combined TRACON& Tower with Radar,50,40,49,0,139,0,5,64,5,74,50,45,113,5,213,176,12,188,401
10/12/2021,COS,CO,ANM,WE,Combined TRACON& Tower with Radar,59,42,21,25,147,0,0,17,17,34,59,42,38,42,181,18,48,66,247
10/13/2021,COS,CO,ANM,WE,Combined TRACON& Tower with Radar,60,51,69,22,202,0,10,89,22,121,60,61,158,44,323,228,40,268,591
10/14/2021,COS,CO,ANM,WE,Combined TRACON& Tower with Radar,58,41,36,20,155,0,1,36,23,60,58,42,72,43,215,164,60,224,439
10/15/2021,COS,CO,ANM,WE,Combined TRACON& Tower with Radar,61,43,51,22,177,0,9,136,31,176,61,52,187,53,353,272,138,410,763
10/16/2021,COS,CO,ANM,WE,Combined TRACON& Tower with Radar,49,34,27,9,119,0,10,136,8,154,49,44,163,17,273,178,2,180,453
10/17/2021,COS,CO,ANM,WE,Combined TRACON& Tower with Radar,48,39,40,17,144,0,4,128,5,137,48,43,168,22,281,190,32,222,503
10/18/2021,COS,CO,ANM,WE,Combined TRACON& Tower with Radar,64,34,42,40,180,0,3,116,19,138,64,37,158,59,318,204,64,268,586
10/19/2021,COS,CO,ANM,WE,Combined TRACON& Tower with Radar,56,43,34,10,143,0,5,37,5,47,56,48,71,15,190,54,14,68,258
10/20/2021,COS,CO,ANM,WE,Combined TRACON& Tower with Radar,58,49,41,14,162,0,4,109,26,139,58,53,150,40,301,230,110,340,641
10/21/2021,COS,CO,ANM,WE,Combined TRACON& Tower with Radar,55,43,51,14,163,0,7,97,50,154,55,50,148,64,317,166,144,310,627
10/22/2021,COS,CO,ANM,WE,Combined TRACON& Tower with Radar,57,33,47,28,165,0,12,91,25,128,57,45,138,53,293,282,194,476,769
10/23/2021,COS,CO,ANM,WE,Combined TRACON& Tower with Radar,49,36,45,19,149,0,9,84,13,106,49,45,129,32,255,122,4,126,381
10/24/2021,COS,CO,ANM,WE,Combined TRACON& Tower with Radar,48,40,58,21,167,0,9,56,4,69,48,49,114,25,236,32,4,36,272
10/25/2021,COS,CO,ANM,WE,Combined TRACON& Tower with Radar,65,51,38,17,171,0,16,62,32,110,65,67,100,49,281,184,96,280,561
10/26/2021,COS,CO,ANM,WE,Combined TRACON& Tower with Radar,57,31,19,12,119,0,3,22,7,32,57,34,41,19,151,38,20,58,209
10/27/2021,COS,CO,ANM,WE,Combined TRACON& Tower with Radar,61,40,40,29,170,0,10,31,22,63,61,50,71,51,233,78,78,156,389
10/28/2021,COS,CO,ANM,WE,Combined TRACON& Tower with Radar,56,38,41,26,161,0,6,92,35,133,56,44,133,61,294,262,80,342,636
10/29/2021,COS,CO,ANM,WE,Combined TRACON& Tower with Radar,58,35,50,14,157,0,10,119,21,150,58,45,169,35,307,234,118,352,659
10/30/2021,COS,CO,ANM,WE,Combined TRACON& Tower with Radar,48,27,48,6,129,0,13,109,9,131,48,40,157,15,260,192,28,220,480
10/31/2021,COS,CO,ANM,WE,Combined TRACON& Tower with Radar,36,47,62,6,151,0,2,0,0,2,36,49,62,6,153,0,0,0,153
11/01/2021,COS,CO,ANM,WE,Combined TRACON& Tower with Radar,54,47,46,19,166,0,2,39,4,45,54,49,85,23,211,258,10,268,479
11/02/2021,COS,CO,ANM,WE,Combined TRACON& Tower with Radar,52,47,23,15,137,0,2,0,5,7,52,49,23,20,144,68,18,86,230
11/03/2021,COS,CO,ANM,WE,Combined TRACON& Tower with Radar,53,57,73,15,198,0,8,122,13,143,53,65,195,28,341,260,36,296,637
11/04/2021,COS,CO,ANM,WE,Combined TRACON& Tower with Radar,56,36,52,29,173,0,6,149,33,188,56,42,201,62,361,194,108,302,663
11/05/2021,COS,CO,ANM,WE,Combined TRACON& Tower with Radar,55,52,53,37,197,0,9,107,10,126,55,61,160,47,323,209,36,245,568
11/06/2021,COS,CO,ANM,WE,Combined TRACON& Tower with Radar,44,43,36,9,132,0,11,111,19,141,44,54,147,28,273,219,10,229,502
11/07/2021,COS,CO,ANM,WE,Combined TRACON& Tower with Radar,39,36,39,14,128,0,3,73,7,83,39,39,112,21,211,178,2,180,391
11/08/2021,COS,CO,ANM,WE,Combined TRACON& Tower with Radar,51,42,50,21,164,0,14,80,28,122,51,56,130,49,286,274,32,306,592
11/09/2021,COS,CO,ANM,WE,Combined TRACON& Tower with Radar,47,33,38,28,146,0,10,100,40,150,47,43,138,68,296,248,114,362,658
11/10/2021,COS,CO,ANM,WE,Combined TRACON& Tower with Radar,48,35,40,40,163,0,2,46,26,74,48,37,86,66,237,98,56,154,391
11/11/2021,COS,CO,ANM,WE,Combined TRACON& Tower with Radar,47,39,45,0,131,0,6,69,30,105,47,45,114,30,236,131,20,151,387
11/12/2021,COS,CO,ANM,WE,Combined TRACON& Tower with Radar,50,33,54,19,156,0,8,110,44,162,50,41,164,63,318,284,102,386,704
11/13/2021,COS,CO,ANM,WE,Combined TRACON& Tower with Radar,39,39,23,9,110,0,2,70,30,102,39,41,93,39,212,214,48,262,474
11/14/2021,COS,CO,ANM,WE,Combined TRACON& Tower with Radar,43,38,41,13,135,0,11,59,21,91,43,49,100,34,226,172,54,226,452
11/15/2021,COS,CO,ANM,WE,Combined TRACON& Tower with Radar,55,36,55,15,161,0,5,120,33,158,55,41,175,48,319,280,120,400,719
11/16/2021,COS,CO,ANM,WE,Combined TRACON& Tower with Radar,46,31,32,15,124,0,5,53,21,79,46,36,85,36,203,96,26,122,325
11/17/2021,COS,CO,ANM,WE,Combined TRACON& Tower with Radar,49,43,37,25,154,0,13,93,25,131,49,56,130,50,285,300,74,374,659
11/18/2021,COS,CO,ANM,WE,Combined TRACON& Tower with Radar,46,39,43,18,146,0,11,106,31,148,46,50,149,49,294,152,54,206,500
11/19/2021,COS,CO,ANM,WE,Combined TRACON& Tower with Radar,52,42,46,14,154,0,5,82,24,111,52,47,128,38,265,66,40,106,371
11/20/2021,COS,CO,ANM,WE,Combined TRACON& Tower with Radar,44,33,27,9,113,0,6,67,14,87,44,39,94,23,200,186,42,228,428
11/21/2021,COS,CO,ANM,WE,Combined TRACON& Tower with Radar,41,36,38,13,128,0,6,88,0,94,41,42,126,13,222,298,0,298,520
11/22/2021,COS,CO,ANM,WE,Combined TRACON& Tower with Radar,52,39,37,32,160,0,12,89,28,129,52,51,126,60,289,318,56,374,663
11/23/2021,COS,CO,ANM,WE,Combined TRACON& Tower with Radar,55,44,63,22,184,0,4,62,18,84,55,48,125,40,268,132,84,216,484
11/24/2021,COS,CO,ANM,WE,Combined TRACON& Tower with Radar,60,31,35,0,126,0,6,7,1,14,60,37,42,1,140,6,0,6,146
11/25/2021,COS,CO,ANM,WE,Combined TRACON& Tower with Radar,33,23,11,0,67,0,9,13,3,25,33,32,24,3,92,0,0,0,92
11/26/2021,COS,CO,ANM,WE,Combined TRACON& Tower with Radar,53,39,31,1,124,0,8,73,7,88,53,47,104,8,212,206,42,248,460
11/27/2021,COS,CO,ANM,WE,Combined TRACON& Tower with Radar,47,37,32,3,119,0,6,74,8,88,47,43,106,11,207,204,10,214,421
11/28/2021,COS,CO,ANM,WE,Combined TRACON& Tower with Radar,55,43,58,3,159,0,9,115,12,136,55,52,173,15,295,234,24,258,553
11/29/2021,COS,CO,ANM,WE,Combined TRACON& Tower with Radar,63,32,40,18,153,0,3,95,18,116,63,35,135,36,269,258,24,282,551
11/30/2021,COS,CO,ANM,WE,Combined TRACON& Tower with Radar,45,34,36,34,149,0,14,91,21,126,45,48,127,55,275,138,50,188,463
12/01/2021,COS,CO,ANM,WE,Combined TRACON& Tower with Radar,50,34,47,21,152,0,11,122,20,153,50,45,169,41,305,302,64,366,671
12/02/2021,COS,CO,ANM,WE,Combined TRACON& Tower with Radar,48,42,37,12,139,0,7,127,20,154,48,49,164,32,293,204,36,240,533
12/03/2021,COS,CO,ANM,WE,Combined TRACON& Tower with Radar,54,39,38,43,174,0,6,118,13,137,54,45,156,56,311,230,94,324,635
12/04/2021,COS,CO,ANM,WE,Combined TRACON& Tower with Radar,40,37,42,10,129,0,11,128,14,153,40,48,170,24,282,204,8,212,494
12/05/2021,COS,CO,ANM,WE,Combined TRACON& Tower with Radar,41,30,24,10,105,0,2,23,0,25,41,32,47,10,130,11,10,21,151
12/06/2021,COS,CO,ANM,WE,Combined TRACON& Tower with Radar,50,35,31,15,131,0,4,65,13,82,50,39,96,28,213,174,16,190,403
12/07/2021,COS,CO,ANM,WE,Combined TRACON& Tower with Radar,52,36,42,13,143,0,2,69,24,95,52,38,111,37,238,206,34,240,478
12/08/2021,COS,CO,ANM,WE,Combined TRACON& Tower with Radar,52,40,44,11,147,0,6,102,14,122,52,46,146,25,269,236,6,242,511
12/09/2021,COS,CO,ANM,WE,Combined TRACON& Tower with Radar,50,40,26,15,131,0,12,68,14,94,50,52,94,29,225,144,34,178,403
12/10/2021,COS,CO,ANM,WE,Combined TRACON& Tower with Radar,53,44,19,12,128,0,4,1,10,15,53,48,20,22,143,4,24,28,171
12/11/2021,COS,CO,ANM,WE,Combined TRACON& Tower with Radar,41,40,18,8,107,0,6,72,7,85,41,46,90,15,192,150,26,176,368
12/12/2021,COS,CO,ANM,WE,Combined TRACON& Tower with Radar,43,38,47,7,135,0,6,74,3,83,43,44,121,10,218,114,0,114,332
12/13/2021,COS,CO,ANM,WE,Combined TRACON& Tower with Radar,51,44,47,7,149,0,16,124,12,152,51,60,171,19,301,224,16,240,541
12/14/2021,COS,CO,ANM,WE,Combined TRACON& Tower with Radar,46,36,29,28,139,0,6,70,14,90,46,42,99,42,229,182,54,236,465
12/15/2021,COS,CO,ANM,WE,Combined TRACON& Tower with Radar,32,27,5,4,68,0,1,2,0,3,32,28,7,4,71,0,0,0,71
12/16/2021,COS,CO,ANM,WE,Combined TRACON& Tower with Radar,41,41,65,17,164,0,10,130,19,159,41,51,195,36,323,204,44,248,571
12/17/2021,COS,CO,ANM,WE,Combined TRACON& Tower with Radar,48,50,60,31,189,0,11,111,8,130,48,61,171,39,319,250,96,346,665
12/18/2021,COS,CO,ANM,WE,Combined TRACON& Tower with Radar,37,27,38,30,132,0,2,124,11,137,37,29,162,41,269,153,0,153,422
12/19/2021,COS,CO,ANM,WE,Combined TRACON& Tower with Radar,37,44,38,17,136,0,15,84,7,106,37,59,122,24,242,128,50,178,420
12/20/2021,COS,CO,ANM,WE,Combined TRACON& Tower with Radar,50,36,41,31,158,0,4,156,7,167,50,40,197,38,325,202,6,208,533
12/21/2021,COS,CO,ANM,WE,Combined TRACON& Tower with Radar,46,39,55,19,159,0,9,80,9,98,46,48,135,28,257,98,36,134,391
12/22/2021,COS,CO,ANM,WE,Combined TRACON& Tower with Radar,46,48,37,12,143,0,13,112,5,130,46,61,149,17,273,180,61,241,514
12/23/2021,COS,CO,ANM,WE,Combined TRACON& Tower with Radar,46,37,43,0,126,0,2,57,0,59,46,39,100,0,185,62,0,62,247
12/24/2021,COS,CO,ANM,WE,Combined TRACON& Tower with Radar,52,37,13,0,102,0,0,3,0,3,52,37,16,0,105,0,0,0,105
12/25/2021,COS,CO,ANM,WE,Combined TRACON& Tower with Radar,33,44,14,0,91,0,0,5,0,5,33,44,19,0,96,0,0,0,96
12/26/2021,COS,CO,ANM,WE,Combined TRACON& Tower with Radar,39,39,27,2,107,0,1,12,0,13,39,40,39,2,120,46,0,46,166
12/27/2021,COS,CO,ANM,WE,Combined TRACON& Tower with Radar,50,48,54,8,160,0,9,87,8,104,50,57,141,16,264,146,2,148,412
12/28/2021,COS,CO,ANM,WE,Combined TRACON& Tower with Radar,47,51,38,11,147,0,9,72,13,94,47,60,110,24,241,44,14,58,299
12/29/2021,COS,CO,ANM,WE,Combined TRACON& Tower with Radar,51,44,33,12,140,0,6,106,12,124,51,50,139,24,264,0,0,0,264
12/30/2021,COS,CO,ANM,WE,Combined TRACON& Tower with Radar,58,37,18,2,115,0,5,14,11,30,58,42,32,13,145,0,12,12,157
12/31/2021,COS,CO,ANM,WE,Combined TRACON& Tower with Radar,43,32,18,2,95,0,1,10,8,19,43,33,28,10,114,0,6,6,120
01/01/2022,COS,CO,ANM,WE,Combined TRACON& Tower with Radar,32,44,13,0,89,0,2,4,0,6,32,46,17,0,95,0,0,0,95
01/02/2022,COS,CO,ANM,WE,Combined TRACON& Tower with Radar,41,45,45,6,137,0,9,59,12,80,41,54,104,18,217,74,0,74,291
01/03/2022,COS,CO,ANM,WE,Combined TRACON& Tower with Radar,45,40,57,12,154,0,6,94,9,109,45,46,151,21,263,108,0,108,371
01/04/2022,COS,CO,ANM,WE,Combined TRACON& Tower with Radar,51,36,28,8,123,0,1,8,4,13,51,37,36,12,136,6,0,6,142
01/05/2022,COS,CO,ANM,WE,Combined TRACON& Tower with Radar,43,34,19,12,108,0,0,11,3,14,43,34,30,15,122,36,30,66,188
01/06/2022,COS,CO,ANM,WE,Combined TRACON& Tower with Radar,46,33,34,18,131,0,6,48,12,66,46,39,82,30,197,98,122,220,417
01/07/2022,COS,CO,ANM,WE,Combined TRACON& Tower with Radar,42,35,46,28,151,0,2,105,24,131,42,37,151,52,282,166,86,252,534
01/08/2022,COS,CO,ANM,WE,Combined TRACON& Tower with Radar,34,35,33,6,108,0,2,82,11,95,34,37,115,17,203,96,30,126,329
01/09/2022,COS,CO,ANM,WE,Combined TRACON& Tower with Radar,40,28,29,9,106,0,0,28,0,28,40,28,57,9,134,28,0,28,162
01/10/2022,COS,CO,ANM,WE,Combined TRACON& Tower with Radar,39,31,39,31,140,0,0,121,35,156,39,31,160,66,296,258,72,330,626
01/11/2022,COS,CO,ANM,WE,Combined TRACON& Tower with Radar,37,35,39,16,127,0,3,82,28,113,37,38,121,44,240,193,114,307,547
01/12/2022,COS,CO,ANM,WE,Combined TRACON& Tower with Radar,49,24,44,11,128,0,2,114,16,132,49,26,158,27,260,236,32,268,528
01/13/2022,COS,CO,ANM,WE,Combined TRACON& Tower with Radar,45,35,57,9,146,0,4,111,25,140,45,39,168,34,286,180,54,234,520
01/14/2022,COS,CO,ANM,WE,Combined TRACON& Tower with Radar,43,31,17,0,91,0,1,0,19,20,43,32,17,19,111,0,12,12,123
01/15/2022,COS,CO,ANM,WE,Combined TRACON& Tower with Radar,42,32,44,2,120,0,6,85,12,103,42,38,129,14,223,230,8,238,461
01/16/2022,COS,CO,ANM,WE,Combined TRACON& Tower with Radar,39,21,38,2,100,0,0,96,9,105,39,21,134,11,205,0,0,0,205
01/17/2022,COS,CO,ANM,WE,Combined TRACON& Tower with Radar,51,32,40,3,126,0,0,118,8,126,51,32,158,11,252,282,22,304,556
01/18/2022,COS,CO,ANM,WE,Combined TRACON& Tower with Radar,43,27,38,43,151,0,3,83,31,117,43,30,121,74,268,166,96,262,530
01/19/2022,COS,CO,ANM,WE,Combined TRACON& Tower with Radar,48,25,10,1,84,0,1,1,0,2,48,26,11,1,86,0,0,0,86
01/20/2022,COS,CO,ANM,WE,Combined TRACON& Tower with Radar,50,38,38,11,137,0,0,5,5,10,50,38,43,16,147,10,10,20,167
01/21/2022,COS,CO,ANM,WE,Combined TRACON& Tower with Radar,57,36,32,15,140,0,3,38,21,62,57,39,70,36,202,44,26,70,272
01/22/2022,COS,CO,ANM,WE,Combined TRACON& Tower with Radar,40,27,27,7,101,0,0,49,17,66,40,27,76,24,167,38,4,42,209
01/23/2022,COS,CO,ANM,WE,Combined TRACON& Tower with Radar,44,28,50,11,133,0,0,114,14,128,44,28,164,25,261,184,32,216,477
01/24/2022,COS,CO,ANM,WE,Combined TRACON& Tower with Radar,45,26,55,10,136,0,4,107,26,137,45,30,162,36,273,168,12,180,453
01/25/2022,COS,CO,ANM,WE,Combined TRACON& Tower with Radar,42,38,18,23,121,0,2,4,10,16,42,40,22,33,137,0,0,0,137
01/26/2022,COS,CO,ANM,WE,Combined TRACON& Tower with Radar,45,33,47,19,144,0,2,87,22,111,45,35,134,41,255,166,42,208,463
01/27/2022,COS,CO,ANM,WE,Combined TRACON& Tower with Radar,47,31,12,11,101,0,0,4,5,9,47,31,16,16,110,4,16,20,130
01/28/2022,COS,CO,ANM,WE,Combined TRACON& Tower with Radar,49,41,42,12,144,0,4,94,19,117,49,45,136,31,261,112,36,148,409
01/29/2022,COS,CO,ANM,WE,Combined TRACON& Tower with Radar,41,31,63,8,143,0,7,161,15,183,41,38,224,23,326,294,0,294,620
01/30/2022,COS,CO,ANM,WE,Combined TRACON& Tower with Radar,45,34,52,7,138,0,9,115,9,133,45,43,167,16,271,270,20,290,561
01/31/2022,COS,CO,ANM,WE,Combined TRACON& Tower with Radar,47,34,45,7,133,0,0,102,10,112,47,34,147,17,245,140,48,188,433
02/01/2022,COS,CO,ANM,WE,Combined TRACON& Tower with Radar,44,45,17,19,125,0,4,47,21,72,44,49,64,40,197,208,56,264,461
02/02/2022,COS,CO,ANM,WE,Combined TRACON& Tower with Radar,44,40,10,2,96,0,0,0,0,0,44,40,10,2,96,0,0,0,96
02/03/2022,COS,CO,ANM,WE,Combined TRACON& Tower with Radar,33,33,30,4,100,0,3,20,11,34,33,36,50,15,134,48,8,56,190
02/04/2022,COS,CO,ANM,WE,Combined TRACON& Tower with Radar,46,36,53,17,152,0,4,83,12,99,46,40,136,29,251,152,14,166,417
02/05/2022,COS,CO,ANM,WE,Combined TRACON& Tower with Radar,37,24,45,5,111,0,7,94,21,122,37,31,139,26,233,200,6,206,439
02/06/2022,COS,CO,ANM,WE,Combined TRACON& Tower with Radar,42,40,28,7,117,0,0,42,8,50,42,40,70,15,167,198,38,236,403
02/07/2022,COS,CO,ANM,WE,Combined TRACON& Tower with Radar,47,37,30,10,124,0,9,73,10,92,47,46,103,20,216,218,0,218,434
02/08/2022,COS,CO,ANM,WE,Combined TRACON& Tower with Radar,44,35,46,14,139,0,3,81,28,112,44,38,127,42,251,252,54,306,557
02/09/2022,COS,CO,ANM,WE,Combined TRACON& Tower with Radar,47,29,36,19,131,0,10,106,31,147,47,39,142,50,278,282,64,346,624
02/10/2022,COS,CO,ANM,WE,Combined TRACON& Tower with Radar,51,41,66,12,170,0,4,110,25,139,51,45,176,37,309,342,114,456,765
02/11/2022,COS,CO,ANM,WE,Combined TRACON& Tower with Radar,50,32,26,9,117,0,2,8,8,18,50,34,34,17,135,40,30,70,205
02/12/2022,COS,CO,ANM,WE,Combined TRACON& Tower with Radar,44,28,41,1,114,0,8,77,13,98,44,36,118,14,212,176,0,176,388
02/13/2022,COS,CO,ANM,WE,Combined TRACON& Tower with Radar,49,27,34,5,115,0,0,99,13,112,49,27,133,18,227,176,6,182,409
02/14/2022,COS,CO,ANM,WE,Combined TRACON& Tower with Radar,52,33,36,9,130,0,4,87,17,108,52,37,123,26,238,190,36,226,464
02/15/2022,COS,CO,ANM,WE,Combined TRACON& Tower with Radar,55,33,55,17,160,0,12,108,31,151,55,45,163,48,311,200,118,318,629
02/16/2022,COS,CO,ANM,WE,Combined TRACON& Tower with Radar,56,31,47,20,154,0,0,40,32,72,56,31,87,52,226,172,92,264,490
02/17/2022,COS,CO,ANM,WE,Combined TRACON& Tower with Radar,52,29,41,25,147,0,6,73,22,101,52,35,114,47,248,168,96,264,512
02/18/2022,COS,CO,ANM,WE,Combined TRACON& Tower with Radar,53,33,53,18,157,0,2,147,22,171,53,35,200,40,328,362,69,431,759
02/19/2022,COS,CO,ANM,WE,Combined TRACON& Tower with Radar,48,34,32,9,123,0,9,147,10,166,48,43,179,19,289,218,50,268,557
02/20/2022,COS,CO,ANM,WE,Combined TRACON& Tower with Radar,47,25,35,7,114,0,5,86,8,99,47,30,121,15,213,97,6,103,316
02/21/2022,COS,CO,ANM,WE,Combined TRACON& Tower with Radar,55,32,47,5,139,0,5,46,14,65,55,37,93,19,204,98,0,98,302
02/22/2022,COS,CO,ANM,WE,Combined TRACON& Tower with Radar,53,32,12,3,100,0,0,2,0,2,53,32,14,3,102,0,0,0,102
02/23/2022,COS,CO,ANM,WE,Combined TRACON& Tower with Radar,51,20,12,4,87,0,0,0,0,0,51,20,12,4,87,0,0,0,87
02/24/2022,COS,CO,ANM,WE,Combined TRACON& Tower with Radar,52,27,43,23,145,0,2,64,16,82,52,29,107,39,227,182,62,244,471
02/25/2022,COS,CO,ANM,WE,Combined TRACON& Tower with Radar,52,39,40,29,160,0,13,94,12,119,52,52,134,41,279,306,54,360,639
02/26/2022,COS,CO,ANM,WE,Combined TRACON& Tower with Radar,45,27,42,7,121,0,5,110,13,128,45,32,152,20,249,276,42,318,567
02/27/2022,COS,CO,ANM,WE,Combined TRACON& Tower with Radar,47,38,44,12,141,0,15,116,13,144,47,53,160,25,285,252,40,292,577
02/28/2022,COS,CO,ANM,WE,Combined TRACON& Tower with Radar,55,28,32,14,129,0,11,119,30,160,55,39,151,44,289,226,30,256,545
03/01/2022,COS,CO,ANM,WE,Combined TRACON& Tower with Radar,48,32,34,29,143,0,4,135,41,180,48,36,169,70,323,156,110,266,589
03/02/2022,COS,CO,ANM,WE,Combined TRACON& Tower with Radar,55,32,50,33,170,0,10,139,20,169,55,42,189,53,339,261,62,323,662
03/03/2022,COS,CO,ANM,WE,Combined TRACON& Tower with Radar,48,31,41,20,140,0,0,117,33,150,48,31,158,53,290,262,152,414,704
03/04/2022,COS,CO,ANM,WE,Combined TRACON& Tower with Radar,61,25,39,12,137,0,0,86,10,96,61,25,125,22,233,179,6,185,418
03/05/2022,COS,CO,ANM,WE,Combined TRACON& Tower with Radar,42,32,30,2,106,0,2,36,4,42,42,34,66,6,148,126,24,150,298
03/06/2022,COS,CO,ANM,WE,Combined TRACON& Tower with Radar,49,24,9,1,83,0,0,0,0,0,49,24,9,1,83,0,0,0,83
03/07/2022,COS,CO,ANM,WE,Combined TRACON& Tower with Radar,58,35,28,10,131,0,0,1,0,1,58,35,29,10,132,0,0,0,132
03/08/2022,COS,CO,ANM,WE,Combined TRACON& Tower with Radar,52,37,31,18,138,0,3,94,25,122,52,40,125,43,260,136,106,242,502
03/09/2022,COS,CO,ANM,WE,Combined TRACON& Tower with Radar,59,22,28,4,113,0,1,22,5,28,59,23,50,9,141,118,40,158,299
03/10/2022,COS,CO,ANM,WE,Combined TRACON& Tower with Radar,58,27,22,10,117,0,0,0,0,0,58,27,22,10,117,0,0,0,117
03/11/2022,COS,CO,ANM,WE,Combined TRACON& Tower with Radar,52,28,43,7,130,0,3,112,10,125,52,31,155,17,255,189,16,205,460
03/12/2022,COS,CO,ANM,WE,Combined TRACON& Tower with Radar,47,22,32,6,107,0,3,134,15,152,47,25,166,21,259,190,26,216,475
03/13/2022,COS,CO,ANM,WE,Combined TRACON& Tower with Radar,47,22,48,14,131,0,4,118,8,130,47,26,166,22,261,204,0,204,465
03/14/2022,COS,CO,ANM,WE,Combined TRACON& Tower with Radar,54,43,34,16,147,0,11,47,10,68,54,54,81,26,215,20,0,20,235
03/15/2022,COS,CO,ANM,WE,Combined TRACON& Tower with Radar,55,26,55,17,153,0,9,135,30,174,55,35,190,47,327,292,98,390,717
03/16/2022,COS,CO,ANM,WE,Combined TRACON& Tower with Radar,58,30,43,22,153,0,4,54,38,96,58,34,97,60,249,202,86,288,537
03/17/2022,COS,CO,ANM,WE,Combined TRACON& Tower with Radar,56,28,25,8,117,0,2,2,3,7,56,30,27,11,124,2,6,8,132
03/18/2022,COS,CO,ANM,WE,Combined TRACON& Tower with Radar,57,30,58,14,159,0,2,135,26,163,57,32,193,40,322,378,38,416,738
03/19/2022,COS,CO,ANM,WE,Combined TRACON& Tower with Radar,49,23,50,10,132,0,7,151,17,175,49,30,201,27,307,310,4,314,621
03/20/2022,COS,CO,ANM,WE,Combined TRACON& Tower with Radar,46,24,43,4,117,0,3,57,16,76,46,27,100,20,193,116,38,154,347
03/21/2022,COS,CO,ANM,WE,Combined TRACON& Tower with Radar,53,22,13,1,89,0,0,0,1,1,53,22,13,2,90,0,0,0,90
03/22/2022,COS,CO,ANM,WE,Combined TRACON& Tower with Radar,55,29,16,7,107,0,2,2,2,6,55,31,18,9,113,0,9,9,122
03/23/2022,COS,CO,ANM,WE,Combined TRACON& Tower with Radar,56,28,10,13,107,0,1,12,11,24,56,29,22,24,131,4,52,56,187
03/24/2022,COS,CO,ANM,WE,Combined TRACON& Tower with Radar,56,29,34,19,138,0,5,83,14,102,56,34,117,33,240,134,18,152,392
03/25/2022,COS,CO,ANM,WE,Combined TRACON& Tower with Radar,52,28,42,8,130,0,1,99,13,113,52,29,141,21,243,306,12,318,561
03/26/2022,COS,CO,ANM,WE,Combined TRACON& Tower with Radar,49,25,33,7,114,0,2,102,12,116,49,27,135,19,230,206,32,238,468
03/27/2022,COS,CO,ANM,WE,Combined TRACON& Tower with Radar,52,24,58,5,139,0,7,100,5,112,52,31,158,10,251,120,8,128,379
03/28/2022,COS,CO,ANM,WE,Combined TRACON& Tower with Radar,51,40,41,12,144,0,0,82,18,100,51,40,123,30,244,220,76,296,540
03/29/2022,COS,CO,ANM,WE,Combined TRACON& Tower with Radar,58,38,18,3,117,0,0,9,8,17,58,38,27,11,134,52,38,90,224
03/30/2022,COS,CO,ANM,WE,Combined TRACON& Tower with Radar,59,29,19,15,122,0,0,4,8,12,59,29,23,23,134,34,0,34,168
03/31/2022,COS,CO,ANM,WE,Combined TRACON& Tower with Radar,52,38,56,19,165,0,2,115,27,144,52,40,171,46,309,266,110,376,685
04/01/2022,COS,CO,ANM,WE,Combined TRACON& Tower with Radar,52,32,45,32,161,0,12,74,10,96,52,44,119,42,257,170,24,194,451
04/02/2022,COS,CO,ANM,WE,Combined TRACON& Tower with Radar,43,26,44,6,119,0,8,111,18,137,43,34,155,24,256,166,32,198,454
04/03/2022,COS,CO,ANM,WE,Combined TRACON& Tower with Radar,43,26,33,11,113,0,3,22,9,34,43,29,55,20,147,54,36,90,237
04/04/2022,COS,CO,ANM,WE,Combined TRACON& Tower with Radar,55,33,44,40,172,0,2,47,10,59,55,35,91,50,231,72,64,136,367
04/05/2022,COS,CO,ANM,WE,Combined TRACON& Tower with Radar,60,37,18,2,117,0,0,5,0,5,60,37,23,2,122,0,0,0,122
04/06/2022,COS,CO,ANM,WE,Combined TRACON& Tower with Radar,63,38,30,11,142,0,1,15,2,18,63,39,45,13,160,0,0,0,160
04/07/2022,COS,CO,ANM,WE,Combined TRACON& Tower with Radar,58,28,40,23,149,0,7,42,18,67,58,35,82,41,216,94,52,146,362
04/08/2022,COS,CO,ANM,WE,Combined TRACON& Tower with Radar,57,29,74,34,194,0,3,196,48,247,57,32,270,82,441,252,92,344,785
04/09/2022,COS,CO,ANM,WE,Combined TRACON& Tower with Radar,49,23,39,5,116,0,4,116,26,146,49,27,155,31,262,132,12,144,406
04/10/2022,COS,CO,ANM,WE,Combined TRACON& Tower with Radar,57,25,26,5,113,0,2,26,16,44,57,27,52,21,157,42,8,50,207
04/11/2022,COS,CO,ANM,WE,Combined TRACON& Tower with Radar,60,37,27,26,150,0,4,63,7,74,60,41,90,33,224,104,20,124,348
04/12/2022,COS,CO,ANM,WE,Combined TRACON& Tower with Radar,59,31,10,6,106,0,0,1,8,9,59,31,11,14,115,0,16,16,131
04/13/2022,COS,CO,ANM,WE,Combined TRACON& Tower with Radar,64,33,37,14,148,0,4,32,20,56,64,37,69,34,204,92,32,124,328
04/14/2022,COS,CO,ANM,WE,Combined TRACON& Tower with Radar,60,29,30,13,132,0,6,66,11,83,60,35,96,24,215,214,26,240,455
04/15/2022,COS,CO,ANM,WE,Combined TRACON& Tower with Radar,57,29,40,9,135,0,4,52,20,76,57,33,92,29,211,122,82,204,415
04/16/2022,COS,CO,ANM,WE,Combined TRACON& Tower with Radar,49,27,30,8,114,0,2,79,6,87,49,29,109,14,201,124,0,124,325
04/17/2022,COS,CO,ANM,WE,Combined TRACON& Tower with Radar,56,23,24,2,105,0,0,30,2,32,56,23,54,4,137,20,4,24,161
04/18/2022,COS,CO,ANM,WE,Combined TRACON& Tower with Radar,59,29,40,7,135,0,5,97,29,131,59,34,137,36,266,220,38,258,524
04/19/2022,COS,CO,ANM,WE,Combined TRACON& Tower with Radar,56,33,42,39,170,0,2,93,33,128,56,35,135,72,298,186,80,266,564
04/20/2022,COS,CO,ANM,WE,Combined TRACON& Tower with Radar,62,34,49,25,170,0,9,83,41,133,62,43,132,66,303,168,68,236,539
04/21/2022,COS,CO,ANM,WE,Combined TRACON& Tower with Radar,58,29,43,33,163,0,3,78,53,134,58,32,121,86,297,308,98,406,703
04/22/2022,COS,CO,ANM,WE,Combined TRACON& Tower with Radar,60,31,22,13,126,0,0,21,13,34,60,31,43,26,160,0,0,0,160
04/23/2022,COS,CO,ANM,WE,Combined TRACON& Tower with Radar,48,26,18,9,101,4,3,9,10,26,52,29,27,19,127,10,0,10,137
04/24/2022,COS,CO,ANM,WE,Combined TRACON& Tower with Radar,51,27,32,23,133,0,0,54,9,63,51,27,86,32,196,234,18,252,448
04/25/2022,COS,CO,ANM,WE,Combined TRACON& Tower with Radar,60,32,49,11,152,0,5,118,23,146,60,37,167,34,298,286,16,302,600
04/26/2022,COS,CO,ANM,WE,Combined TRACON& Tower with Radar,61,27,36,9,133,1,6,125,37,169,62,33,161,46,302,288,86,374,676
04/27/2022,COS,CO,ANM,WE,Combined TRACON& Tower with Radar,73,33,34,15,155,0,4,89,20,113,73,37,123,35,268,102,30,132,400
04/28/2022,COS,CO,ANM,WE,Combined TRACON& Tower with Radar,61,32,56,9,158,0,7,121,24,152,61,39,177,33,310,275,24,299,609
04/29/2022,COS,CO,ANM,WE,Combined TRACON& Tower with Radar,65,33,33,11,142,0,5,12,9,26,65,38,45,20,168,80,6,86,254
04/30/2022,COS,CO,ANM,WE,Combined TRACON& Tower with Radar,48,31,26,11,116,0,4,124,20,148,48,35,150,31,264,224,22,246,510
05/01/2022,COS,CO,ANM,WE,Combined TRACON& Tower with Radar,56,24,26,12,118,0,2,77,11,90,56,26,103,23,208,160,40,200,408
05/02/2022,COS,CO,ANM,WE,Combined TRACON& Tower with Radar,55,36,14,10,115,0,0,7,17,24,55,36,21,27,139,14,0,14,153
05/03/2022,COS,CO,ANM,WE,Combined TRACON& Tower with Radar,59,39,20,27,145,0,5,54,26,85,59,44,74,53,230,140,46,186,416
05/04/2022,COS,CO,ANM,WE,Combined TRACON& Tower with Radar,58,31,60,22,171,0,0,17,24,41,58,31,77,46,212,62,48,110,322
05/05/2022,COS,CO,ANM,WE,Combined TRACON& Tower with Radar,60,29,34,26,149,0,5,138,56,199,60,34,172,82,348,220,132,352,700
05/06/2022,COS,CO,ANM,WE,Combined TRACON& Tower with Radar,66,31,46,34,177,0,4,108,43,155,66,35,154,77,332,308,106,414,746
05/07/2022,COS,CO,ANM,WE,Combined TRACON& Tower with Radar,56,29,18,9,112,0,9,56,24,89,56,38,74,33,201,68,34,102,303
05/08/2022,COS,CO,ANM,WE,Combined TRACON& Tower with Radar,54,23,30,5,112,0,3,41,5,49,54,26,71,10,161,58,30,88,249
05/09/2022,COS,CO,ANM,WE,Combined TRACON& Tower with Radar,58,29,11,3,101,0,3,7,10,20,58,32,18,13,121,0,0,0,121
05/10/2022,COS,CO,ANM,WE,Combined TRACON& Tower with Radar,66,39,38,20,163,0,3,97,27,127,66,42,135,47,290,214,55,269,559
05/11/2022,COS,CO,ANM,WE,Combined TRACON& Tower with Radar,59,28,40,18,145,0,7,64,32,103,59,35,104,50,248,220,52,272,520
05/12/2022,COS,CO,ANM,WE,Combined TRACON& Tower with Radar,55,44,22,4,125,0,2,14,11,27,55,46,36,15,152,0,0,0,152
05/13/2022,COS,CO,ANM,WE,Combined TRACON& Tower with Radar,52,25,26,22,125,1,7,121,22,151,53,32,147,44,276,240,12,252,528
05/14/2022,COS,CO,ANM,WE,Combined TRACON& Tower with Radar,48,30,38,5,121,0,8,116,27,151,48,38,154,32,272,154,30,184,456
05/15/2022,COS,CO,ANM,WE,Combined TRACON& Tower with Radar,53,36,34,14,137,8,7,92,34,141,61,43,126,48,278,56,44,100,378
05/16/2022,COS,CO,ANM,WE,Combined TRACON& Tower with Radar,56,49,28,27,160,0,4,90,41,135,56,53,118,68,295,244,114,358,653
05/17/2022,COS,CO,ANM,WE,Combined TRACON& Tower with Radar,74,36,45,37,192,0,0,90,65,155,74,36,135,102,347,148,52,200,547
05/18/2022,COS,CO,ANM,WE,Combined TRACON& Tower with Radar,62,26,39,18,145,0,4,85,48,137,62,30,124,66,282,196,82,278,560
05/19/2022,COS,CO,ANM,WE,Combined TRACON& Tower with Radar,63,34,39,27,163,1,2,66,43,112,64,36,105,70,275,228,80,308,583
05/20/2022,COS,CO,ANM,WE,Combined TRACON& Tower with Radar,50,61,36,10,157,0,0,1,4,5,50,61,37,14,162,0,0,0,162
05/21/2022,COS,CO,ANM,WE,Combined TRACON& Tower with Radar,46,35,25,2,108,0,0,0,0,0,46,35,25,2,108,0,0,0,108
05/22/2022,COS,CO,ANM,WE,Combined TRACON& Tower with Radar,59,42,39,7,147,0,0,2,1,3,59,42,41,8,150,0,0,0,150
05/23/2022,COS,CO,ANM,WE,Combined TRACON& Tower with Radar,55,42,50,19,166,0,0,30,11,41,55,42,80,30,207,180,8,188,395
05/24/2022,COS,CO,ANM,WE,Combined TRACON& Tower with Radar,58,42,24,34,158,0,0,0,18,18,58,42,24,52,176,60,18,78,254
05/25/2022,COS,CO,ANM,WE,Combined TRACON& Tower with Radar,59,37,50,28,174,0,1,117,20,138,59,38,167,48,312,280,38,318,630
05/26/2022,COS,CO,ANM,WE,Combined TRACON& Tower with Radar,62,45,38,16,161,0,2,172,12,186,62,47,210,28,347,306,0,306,653
05/27/2022,COS,CO,ANM,WE,Combined TRACON& Tower with Radar,71,46,41,0,158,0,2,104,7,113,71,48,145,7,271,166,20,186,457
05/28/2022,COS,CO,ANM,WE,Combined TRACON& Tower with Radar,58,31,44,6,139,0,2,97,13,112,58,33,141,19,251,132,4,136,387
05/29/2022,COS,CO,ANM,WE,Combined TRACON& Tower with Radar,83,51,21,7,162,0,0,68,13,81,83,51,89,20,243,126,44,170,413
05/30/2022,COS,CO,ANM,WE,Combined TRACON& Tower with Radar,54,39,24,0,117,0,2,22,7,31,54,41,46,7,148,12,0,12,160
05/31/2022,COS,CO,ANM,WE,Combined TRACON& Tower with Radar,60,37,49,28,174,0,2,85,41,128,60,39,134,69,302,118,76,194,496
06/01/2022,COS,CO,ANM,WE,Combined TRACON& Tower with Radar,53,33,67,23,176,0,0,9,4,13,53,33,76,27,189,0,0,0,189
06/02/2022,COS,CO,ANM,WE,Combined TRACON& Tower with Radar,58,36,66,13,173,0,0,60,9,69,58,36,126,22,242,214,48,262,504
06/03/2022,COS,CO,ANM,WE,Combined TRACON& Tower with Radar,55,38,69,19,181,0,0,26,10,36,55,38,95,29,217,82,4,86,303
06/04/2022,COS,CO,ANM,WE,Combined TRACON& Tower with Radar,51,21,35,7,114,0,1,103,25,129,51,22,138,32,243,174,12,186,429
06/05/2022,COS,CO,ANM,WE,Combined TRACON& Tower with Radar,58,35,66,15,174,0,1,105,11,117,58,36,171,26,291,134,36,170,461
06/06/2022,COS,CO,ANM,WE,Combined TRACON& Tower with Radar,60,44,47,28,179,0,0,97,40,137,60,44,144,68,316,240,94,334,650
06/07/2022,COS,CO,ANM,WE,Combined TRACON& Tower with Radar,65,37,44,34,180,0,2,81,61,144,65,39,125,95,324,210,178,388,712
06/08/2022,COS,CO,ANM,WE,Combined TRACON& Tower with Radar,57,40,68,32,197,0,0,138,51,189,57,40,206,83,386,180,68,248,634
06/09/2022,COS,CO,ANM,WE,Combined TRACON& Tower with Radar,58,32,46,14,150,1,2,121,35,159,59,34,167,49,309,0,0,0,309
06/10/2022,COS,CO,ANM,WE,Combined TRACON& Tower with Radar,56,35,70,16,177,0,5,139,46,190,56,40,209,62,367,0,0,0,367
06/11/2022,COS,CO,ANM,WE,Combined TRACON& Tower with Radar,69,37,40,8,154,5,3,124,39,171,74,40,164,47,325,120,28,148,473
06/12/2022,COS,CO,ANM,WE,Combined TRACON& Tower with Radar,99,38,51,2,190,0,8,90,7,105,99,46,141,9,295,119,0,119,414
06/13/2022,COS,CO,ANM,WE,Combined TRACON& Tower with Radar,64,37,42,14,157,0,2,49,11,62,64,39,91,25,219,52,10,62,281
06/14/2022,COS,CO,ANM,WE,Combined TRACON& Tower with Radar,62,28,33,21,144,0,0,106,46,152,62,28,139,67,296,220,76,296,592
06/15/2022,COS,CO,ANM,WE,Combined TRACON& Tower with Radar,60,28,58,16,162,0,1,123,52,176,60,29,181,68,338,126,62,188,526
06/16/2022,COS,CO,ANM,WE,Combined TRACON& Tower with Radar,61,35,57,30,183,0,0,127,41,168,61,35,184,71,351,222,54,276,627
06/17/2022,COS,CO,ANM,WE,Combined TRACON& Tower with Radar,76,39,47,20,182,0,9,74,29,112,76,48,121,49,294,224,0,224,518
06/18/2022,COS,CO,ANM,WE,Combined TRACON& Tower with Radar,55,28,26,6,115,3,7,72,59,141,58,35,98,65,256,112,18,130,386
06/19/2022,COS,CO,ANM,WE,Combined TRACON& Tower with Radar,61,39,30,3,133,0,0,47,16,63,61,39,77,19,196,52,30,82,278
06/20/2022,COS,CO,ANM,WE,Combined TRACON& Tower with Radar,59,34,35,6,134,0,7,71,18,96,59,41,106,24,230,168,14,182,412
06/21/2022,COS,CO,ANM,WE,Combined TRACON& Tower with Radar,57,35,53,18,163,0,4,116,23,143,57,39,169,41,306,302,18,320,626
06/22/2022,COS,CO,ANM,WE,Combined TRACON& Tower with Radar,57,38,35,24,154,0,1,125,35,161,57,39,160,59,315,320,93,413,728
06/23/2022,COS,CO,ANM,WE,Combined TRACON& Tower with Radar,55,43,49,16,163,0,1,113,47,161,55,44,162,63,324,0,0,0,324
06/24/2022,COS,CO,ANM,WE,Combined TRACON& Tower with Radar,56,42,55,29,182,0,3,109,37,149,56,45,164,66,331,256,102,358,689
06/25/2022,COS,CO,ANM,WE,Combined TRACON& Tower with Radar,59,22,32,2,115,0,0,25,15,40,59,22,57,17,155,60,4,64,219
06/26/2022,COS,CO,ANM,WE,Combined TRACON& Tower with Radar,59,29,79,8,175,0,0,7,2,9,59,29,86,10,184,42,6,48,232
06/27/2022,COS,CO,ANM,WE,Combined TRACON& Tower with Radar,65,33,65,32,195,0,4,54,28,86,65,37,119,60,281,206,80,286,567
06/28/2022,COS,CO,ANM,WE,Combined TRACON& Tower with Radar,62,41,54,29,186,0,6,116,43,165,62,47,170,72,351,456,68,524,875
06/29/2022,COS,CO,ANM,WE,Combined TRACON& Tower with Radar,71,38,44,23,176,0,6,99,39,144,71,44,143,62,320,204,74,278,598
06/30/2022,COS,CO,ANM,WE,Combined TRACON& Tower with Radar,65,23,42,15,145,0,0,53,32,85,65,23,95,47,230,144,130,274,504
07/01/2022,COS,CO,ANM,WE,Combined TRACON& Tower with Radar,63,30,63,19,175,0,1,106,19,126,63,31,169,38,301,192,26,218,519
07/02/2022,COS,CO,ANM,WE,Combined TRACON& Tower with Radar,52,21,40,7,120,0,0,78,16,94,52,21,118,23,214,168,38,206,420
07/03/2022,COS,CO,ANM,WE,Combined TRACON& Tower with Radar,62,20,25,4,111,0,1,79,8,88,62,21,104,12,199,130,42,172,371
07/04/2022,COS,CO,ANM,WE,Combined TRACON& Tower with Radar,59,31,24,1,115,0,6,83,16,105,59,37,107,17,220,94,0,94,314
07/05/2022,COS,CO,ANM,WE,Combined TRACON& Tower with Radar,67,38,48,10,163,0,1,103,23,127,67,39,151,33,290,206,18,224,514
07/06/2022,COS,CO,ANM,WE,Combined TRACON& Tower with Radar,76,40,47,10,173,0,3,68,30,101,76,43,115,40,274,216,42,258,532
07/07/2022,COS,CO,ANM,WE,Combined TRACON& Tower with Radar,72,26,39,11,148,0,3,90,31,124,72,29,129,42,272,0,0,0,272
07/08/2022,COS,CO,ANM,WE,Combined TRACON& Tower with Radar,68,40,67,10,185,0,0,104,31,135,68,40,171,41,320,170,58,228,548
07/09/2022,COS,CO,ANM,WE,Combined TRACON& Tower with Radar,56,31,50,6,143,0,5,92,26,123,56,36,142,32,266,254,8,262,528
07/10/2022,COS,CO,ANM,WE,Combined TRACON& Tower with Radar,61,30,59,9,159,0,1,64,11,76,61,31,123,20,235,95,22,117,352
07/11/2022,COS,CO,ANM,WE,Combined TRACON& Tower with Radar,64,40,35,11,150,0,2,33,16,51,64,42,68,27,201,46,14,60,261
07/12/2022,COS,CO,ANM,WE,Combined TRACON& Tower with Radar,75,43,42,21,181,0,2,104,34,140,75,45,146,55,321,304,104,408,729
07/13/2022,COS,CO,ANM,WE,Combined TRACON& Tower with Radar,66,40,52,15,173,0,0,101,73,174,66,40,153,88,347,282,66,348,695
07/14/2022,COS,CO,ANM,WE,Combined TRACON& Tower with Radar,82,29,41,14,166,0,0,84,30,114,82,29,125,44,280,138,28,166,446
07/15/2022,COS,CO,ANM,WE,Combined TRACON& Tower with Radar,71,25,69,17,182,0,0,80,44,124,71,25,149,61,306,212,82,294,600
07/16/2022,COS,CO,ANM,WE,Combined TRACON& Tower with Radar,55,33,41,6,135,0,1,106,10,117,55,34,147,16,252,150,6,156,408
07/17/2022,COS,CO,ANM,WE,Combined TRACON& Tower with Radar,62,37,78,13,190,0,1,87,25,113,62,38,165,38,303,180,16,196,499
07/18/2022,COS,CO,ANM,WE,Combined TRACON& Tower with Radar,66,32,37,12,147,0,3,88,40,131,66,35,125,52,278,236,26,262,540
07/19/2022,COS,CO,ANM,WE,Combined TRACON& Tower with Radar,69,24,52,16,161,2,4,59,30,95,71,28,111,46,256,216,114,330,586
07/20/2022,COS,CO,ANM,WE,Combined TRACON& Tower with Radar,79,48,69,10,206,0,4,87,44,135,79,52,156,54,341,172,78,250,591
07/21/2022,COS,CO,ANM,WE,Combined TRACON& Tower with Radar,66,38,51,17,172,0,6,117,29,152,66,44,168,46,324,0,0,0,324
07/22/2022,COS,CO,ANM,WE,Combined TRACON& Tower with Radar,64,31,61,18,174,0,5,115,25,145,64,36,176,43,319,289,60,349,668
07/23/2022,COS,CO,ANM,WE,Combined TRACON& Tower with Radar,56,33,49,6,144,0,2,108,12,122,56,35,157,18,266,84,20,104,370
07/24/2022,COS,CO,ANM,WE,Combined TRACON& Tower with Radar,81,43,79,10,213,0,0,83,12,95,81,43,162,22,308,136,4,140,448
07/25/2022,COS,CO,ANM,WE,Combined TRACON& Tower with Radar,58,27,44,9,138,0,1,70,23,94,58,28,114,32,232,108,28,136,368
07/26/2022,COS,CO,ANM,WE,Combined TRACON& Tower with Radar,64,26,50,13,153,0,0,66,22,88,64,26,116,35,241,76,48,124,365
07/27/2022,COS,CO,ANM,WE,Combined TRACON& Tower with Radar,63,43,70,22,198,0,6,104,34,144,63,49,174,56,342,226,60,286,628
07/28/2022,COS,CO,ANM,WE,Combined TRACON& Tower with Radar,64,46,61,3,174,0,2,34,16,52,64,48,95,19,226,170,50,220,446
07/29/2022,COS,CO,ANM,WE,Combined TRACON& Tower with Radar,70,56,100,7,233,0,0,21,9,30,70,56,121,16,263,126,0,126,389
07/30/2022,COS,CO,ANM,WE,Combined TRACON& Tower with Radar,57,41,52,8,158,0,2,81,10,93,57,43,133,18,251,200,26,226,477
07/31/2022,COS,CO,ANM,WE,Combined TRACON& Tower with Radar,68,45,74,7,194,0,2,101,11,114,68,47,175,18,308,154,10,164,472
08/01/2022,COS,CO,ANM,WE,Combined TRACON& Tower with Radar,62,50,64,11,187,0,2,93,14,109,62,52,157,25,296,170,0,170,466
08/02/2022,COS,CO,ANM,WE,Combined TRACON& Tower with Radar,65,28,41,16,150,0,2,99,19,120,65,30,140,35,270,242,52,294,564
08/03/2022,COS,CO,ANM,WE,Combined TRACON& Tower with Radar,61,35,46,17,159,0,4,88,34,126,61,39,134,51,285,160,58,218,503
08/04/2022,COS,CO,ANM,WE,Combined TRACON& Tower with Radar,60,30,58,8,156,0,4,109,22,135,60,34,167,30,291,0,0,0,291
08/05/2022,COS,CO,ANM,WE,Combined TRACON& Tower with Radar,66,35,55,15,171,0,2,103,13,118,66,37,158,28,289,130,20,150,439
08/06/2022,COS,CO,ANM,WE,Combined TRACON& Tower with Radar,67,41,55,11,174,0,1,69,29,99,67,42,124,40,273,82,22,104,377
08/07/2022,COS,CO,ANM,WE,Combined TRACON& Tower with Radar,65,40,43,18,166,0,0,52,9,61,65,40,95,27,227,58,6,64,291
08/08/2022,COS,CO,ANM,WE,Combined TRACON& Tower with Radar,67,40,58,5,170,0,5,73,26,104,67,45,131,31,274,170,16,186,460
08/09/2022,COS,CO,ANM,WE,Combined TRACON& Tower with Radar,62,22,45,17,146,0,2,123,41,166,62,24,168,58,312,276,112,388,700
08/10/2022,COS,CO,ANM,WE,Combined TRACON& Tower with Radar,59,44,65,14,182,0,2,125,24,151,59,46,190,38,333,210,38,248,581
08/11/2022,COS,CO,ANM,WE,Combined TRACON& Tower with Radar,65,30,53,34,182,0,2,115,24,141,65,32,168,58,323,142,80,222,545
08/12/2022,COS,CO,ANM,WE,Combined TRACON& Tower with Radar,62,35,61,50,208,0,1,127,59,187,62,36,188,109,395,292,100,392,787
08/13/2022,COS,CO,ANM,WE,Combined TRACON& Tower with Radar,55,29,32,5,121,0,1,94,32,127,55,30,126,37,248,98,26,124,372
08/14/2022,COS,CO,ANM,WE,Combined TRACON& Tower with Radar,65,32,51,13,161,0,2,115,17,134,65,34,166,30,295,158,0,158,453
08/15/2022,COS,CO,ANM,WE,Combined TRACON& Tower with Radar,64,40,60,15,179,0,3,83,12,98,64,43,143,27,277,202,24,226,503
08/16/2022,COS,CO,ANM,WE,Combined TRACON& Tower with Radar,64,44,59,12,179,0,6,37,13,56,64,50,96,25,235,180,48,228,463
08/17/2022,COS,CO,ANM,WE,Combined TRACON& Tower with Radar,62,35,70,19,186,0,8,136,50,194,62,43,206,69,380,336,78,414,794
08/18/2022,COS,CO,ANM,WE,Combined TRACON& Tower with Radar,65,28,46,25,164,0,3,78,50,131,65,31,124,75,295,174,98,272,567
08/19/2022,COS,CO,ANM,WE,Combined TRACON& Tower with Radar,67,32,55,15,169,0,1,100,22,123,67,33,155,37,292,272,14,286,578
08/20/2022,COS,CO,ANM,WE,Combined TRACON& Tower with Radar,51,28,33,6,118,0,0,40,8,48,51,28,73,14,166,186,28,214,380
08/21/2022,COS,CO,ANM,WE,Combined TRACON& Tower with Radar,85,46,37,18,186,0,1,80,36,117,85,47,117,54,303,96,50,146,449
08/22/2022,COS,CO,ANM,WE,Combined TRACON& Tower with Radar,61,39,52,16,168,0,3,71,29,103,61,42,123,45,271,254,56,310,581
08/23/2022,COS,CO,ANM,WE,Combined TRACON& Tower with Radar,66,21,44,26,157,0,0,127,46,173,66,21,171,72,330,200,110,310,640
08/24/2022,COS,CO,ANM,WE,Combined TRACON& Tower with Radar,62,29,56,24,171,0,1,117,27,145,62,30,173,51,316,252,62,314,630
08/25/2022,COS,CO,ANM,WE,Combined TRACON& Tower with Radar,64,21,51,19,155,0,4,87,30,121,64,25,138,49,276,192,80,272,548
08/26/2022,COS,CO,ANM,WE,Combined TRACON& Tower with Radar,65,38,57,7,167,0,3,73,24,100,65,41,130,31,267,250,12,262,529
08/27/2022,COS,CO,ANM,WE,Combined TRACON& Tower with Radar,51,25,37,13,126,0,0,118,24,142,51,25,155,37,268,78,18,96,364
08/28/2022,COS,CO,ANM,WE,Combined TRACON& Tower with Radar,88,58,39,8,193,0,1,64,11,76,88,59,103,19,269,60,6,66,335
08/29/2022,COS,CO,ANM,WE,Combined TRACON& Tower with Radar,63,28,38,18,147,0,4,104,19,127,63,32,142,37,274,82,22,104,378
08/30/2022,COS,CO,ANM,WE,Combined TRACON& Tower with Radar,63,37,56,12,168,0,6,129,17,152,63,43,185,29,320,154,14,168,488
08/31/2022,COS,CO,ANM,WE,Combined TRACON& Tower with Radar,64,32,44,14,154,0,0,96,24,120,64,32,140,38,274,92,12,104,378
09/01/2022,COS,CO,ANM,WE,Combined TRACON& Tower with Radar,63,36,65,14,178,0,1,118,20,139,63,37,183,34,317,115,8,123,440
09/02/2022,COS,CO,ANM,WE,Combined TRACON& Tower with Radar,82,37,57,12,188,0,4,118,8,130,82,41,175,20,318,76,25,101,419
09/03/2022,COS,CO,ANM,WE,Combined TRACON& Tower with Radar,68,35,45,0,148,0,4,96,13,113,68,39,141,13,261,182,24,206,467
09/04/2022,COS,CO,ANM,WE,Combined TRACON& Tower with Radar,54,24,33,2,113,0,2,74,17,93,54,26,107,19,206,116,38,154,360
09/05/2022,COS,CO,ANM,WE,Combined TRACON& Tower with Radar,62,30,54,6,152,0,0,111,18,129,62,30,165,24,281,232,0,232,513
09/06/2022,COS,CO,ANM,WE,Combined TRACON& Tower with Radar,61,41,78,18,198,0,2,108,21,131,61,43,186,39,329,100,32,132,461
09/07/2022,COS,CO,ANM,WE,Combined TRACON& Tower with Radar,58,36,49,14,157,0,1,105,18,124,58,37,154,32,281,196,26,222,503
09/08/2022,COS,CO,ANM,WE,Combined TRACON& Tower with Radar,65,38,54,14,171,0,0,98,26,124,65,38,152,40,295,228,50,278,573
09/09/2022,COS,CO,ANM,WE,Combined TRACON& Tower with Radar,66,29,60,10,165,0,2,73,20,95,66,31,133,30,260,152,102,254,514
09/10/2022,COS,CO,ANM,WE,Combined TRACON& Tower with Radar,57,25,43,9,134,0,0,0,0,0,57,25,43,9,134,0,0,0,134
09/11/2022,COS,CO,ANM,WE,Combined TRACON& Tower with Radar,55,30,64,28,177,0,0,61,15,76,55,30,125,43,253,120,12,132,385
09/12/2022,COS,CO,ANM,WE,Combined TRACON& Tower with Radar,64,28,53,38,183,0,2,93,34,129,64,30,146,72,312,272,50,322,634
09/13/2022,COS,CO,ANM,WE,Combined TRACON& Tower with Radar,62,14,41,11,128,0,2,111,37,150,62,16,152,48,278,326,76,402,680
09/14/2022,COS,CO,ANM,WE,Combined TRACON& Tower with Radar,56,29,46,12,143,0,2,97,30,129,56,31,143,42,272,222,50,272,544
09/15/2022,COS,CO,ANM,WE,Combined TRACON& Tower with Radar,62,44,55,21,182,0,0,101,18,119,62,44,156,39,301,216,32,248,549
09/16/2022,COS,CO,ANM,WE,Combined TRACON& Tower with Radar,65,26,59,25,175,0,3,125,33,161,65,29,184,58,336,130,64,194,530
09/17/2022,COS,CO,ANM,WE,Combined TRACON& Tower with Radar,52,33,45,5,135,0,7,79,21,107,52,40,124,26,242,130,18,148,390
09/18/2022,COS,CO,ANM,WE,Combined TRACON& Tower with Radar,53,32,56,14,155,0,1,94,20,115,53,33,150,34,270,80,28,108,378
09/19/2022,COS,CO,ANM,WE,Combined TRACON& Tower with Radar,65,29,41,24,159,0,2,118,42,162,65,31,159,66,321,192,56,248,569
09/20/2022,COS,CO,ANM,WE,Combined TRACON& Tower with Radar,65,36,48,18,167,0,1,132,34,167,65,37,180,52,334,126,28,154,488
09/21/2022,COS,CO,ANM,WE,Combined TRACON& Tower with Radar,58,43,41,28,170,0,4,26,26,56,58,47,67,54,226,62,76,138,364
09/22/2022,COS,CO,ANM,WE,Combined TRACON& Tower with Radar,62,30,55,14,161,0,0,1,1,2,62,30,56,15,163,10,0,10,173
09/23/2022,COS,CO,ANM,WE,Combined TRACON& Tower with Radar,67,37,56,7,167,0,1,116,22,139,67,38,172,29,306,165,70,235,541
09/24/2022,COS,CO,ANM,WE,Combined TRACON& Tower with Radar,54,22,21,2,99,0,0,69,20,89,54,22,90,22,188,174,0,174,362
09/25/2022,COS,CO,ANM,WE,Combined TRACON& Tower with Radar,51,29,27,3,110,0,2,81,16,99,51,31,108,19,209,42,22,64,273
09/26/2022,COS,CO,ANM,WE,Combined TRACON& Tower with Radar,67,31,36,17,151,0,4,114,23,141,67,35,150,40,292,210,26,236,528
09/27/2022,COS,CO,ANM,WE,Combined TRACON& Tower with Radar,67,41,33,18,159,0,3,95,32,130,67,44,128,50,289,188,72,260,549
09/28/2022,COS,CO,ANM,WE,Combined TRACON& Tower with Radar,61,35,65,19,180,0,3,113,25,141,61,38,178,44,321,0,0,0,321
09/29/2022,COS,CO,ANM,WE,Combined TRACON& Tower with Radar,66,43,62,14,185,0,3,103,20,126,66,46,165,34,311,226,30,256,567
09/30/2022,COS,CO,ANM,WE,Combined TRACON& Tower with Radar,59,40,64,12,175,0,3,91,22,116,59,43,155,34,291,0,0,0,291
10/01/2022,COS,CO,ANM,WE,Combined TRACON& Tower with Radar,68,45,53,9,175,0,2,73,21,96,68,47,126,30,271,216,16,232,503
10/02/2022,COS,CO,ANM,WE,Combined TRACON& Tower with Radar,56,36,49,14,155,0,0,66,30,96,56,36,115,44,251,92,26,118,369
10/03/2022,COS,CO,ANM,WE,Combined TRACON& Tower with Radar,65,25,30,13,133,0,0,90,39,129,65,25,120,52,262,0,0,0,262
10/04/2022,COS,CO,ANM,WE,Combined TRACON& Tower with Radar,65,31,45,7,148,0,0,84,23,107,65,31,129,30,255,0,0,0,255
10/05/2022,COS,CO,ANM,WE,Combined TRACON& Tower with Radar,59,36,74,19,188,0,1,61,28,90,59,37,135,47,278,0,0,0,278
10/06/2022,COS,CO,ANM,WE,Combined TRACON& Tower with Radar,69,33,49,42,193,0,2,131,26,159,69,35,180,68,352,0,0,0,352
10/07/2022,COS,CO,ANM,WE,Combined TRACON& Tower with Radar,82,60,51,1,194,0,0,2,0,2,82,60,53,1,196,0,0,0,196
10/08/2022,COS,CO,ANM,WE,Combined TRACON& Tower with Radar,57,52,73,7,189,0,3,58,10,71,57,55,131,17,260,0,0,0,260
10/09/2022,COS,CO,ANM,WE,Combined TRACON& Tower with Radar,59,44,51,8,162,0,4,141,18,163,59,48,192,26,325,0,0,0,325
10/10/2022,COS,CO,ANM,WE,Combined TRACON& Tower with Radar,65,56,73,3,197,0,3,126,12,141,65,59,199,15,338,0,0,0,338
10/11/2022,COS,CO,ANM,WE,Combined TRACON& Tower with Radar,75,81,76,13,245,0,0,82,13,95,75,81,158,26,340,0,0,0,340
10/12/2022,COS,CO,ANM,WE,Combined TRACON& Tower with Radar,63,27,68,31,189,0,2,115,28,145,63,29,183,59,334,0,0,0,334
10/13/2022,COS,CO,ANM,WE,Combined TRACON& Tower with Radar,70,21,47,29,167,0,0,107,22,129,70,21,154,51,296,0,0,0,296
10/14/2022,COS,CO,ANM,WE,Combined TRACON& Tower with Radar,65,30,74,38,207,0,0,138,24,162,65,30,212,62,369,0,0,0,369
10/15/2022,COS,CO,ANM,WE,Combined TRACON& Tower with Radar,55,28,32,46,161,0,0,89,37,126,55,28,121,83,287,0,0,0,287
10/16/2022,COS,CO,ANM,WE,Combined TRACON& Tower with Radar,60,23,47,34,164,0,2,59,17,78,60,25,106,51,242,0,0,0,242
10/17/2022,COS,CO,ANM,WE,Combined TRACON& Tower with Radar,66,33,52,37,188,0,1,106,36,143,66,34,158,73,331,0,0,0,331
10/18/2022,COS,CO,ANM,WE,Combined TRACON& Tower with Radar,62,20,45,20,147,0,3,132,27,162,62,23,177,47,309,0,0,0,309
10/19/2022,COS,CO,ANM,WE,Combined TRACON& Tower with Radar,63,30,63,16,172,0,0,142,46,188,63,30,205,62,360,0,0,0,360
10/20/2022,COS,CO,ANM,WE,Combined TRACON& Tower with Radar,70,25,59,17,171,0,2,126,56,184,70,27,185,73,355,310,112,422,777
10/21/2022,COS,CO,ANM,WE,Combined TRACON& Tower with Radar,66,42,39,30,177,0,10,105,28,143,66,52,144,58,320,162,32,194,514
10/22/2022,COS,CO,ANM,WE,Combined TRACON& Tower with Radar,57,32,36,22,147,0,0,64,15,79,57,32,100,37,226,226,0,226,452
10/23/2022,COS,CO,ANM,WE,Combined TRACON& Tower with Radar,61,29,44,13,147,0,0,7,4,11,61,29,51,17,158,6,0,6,164
10/24/2022,COS,CO,ANM,WE,Combined TRACON& Tower with Radar,64,42,56,39,201,0,0,78,23,101,64,42,134,62,302,0,0,0,302
10/25/2022,COS,CO,ANM,WE,Combined TRACON& Tower with Radar,65,20,55,20,160,0,0,113,42,155,65,20,168,62,315,307,66,373,688
10/26/2022,COS,CO,ANM,WE,Combined TRACON& Tower with Radar,61,21,70,20,172,0,0,116,41,157,61,21,186,61,329,150,84,234,563
10/27/2022,COS,CO,ANM,WE,Combined TRACON& Tower with Radar,64,33,23,15,135,0,0,3,2,5,64,33,26,17,140,0,0,0,140
10/28/2022,COS,CO,ANM,WE,Combined TRACON& Tower with Radar,65,31,54,45,195,0,3,137,32,172,65,34,191,77,367,394,88,482,849
10/29/2022,COS,CO,ANM,WE,Combined TRACON& Tower with Radar,53,24,40,11,128,0,3,105,18,126,53,27,145,29,254,0,0,0,254
10/30/2022,COS,CO,ANM,WE,Combined TRACON& Tower with Radar,56,28,31,18,133,0,5,109,13,127,56,33,140,31,260,244,30,274,534
10/31/2022,COS,CO,ANM,WE,Combined TRACON& Tower with Radar,59,20,39,19,137,0,0,101,19,120,59,20,140,38,257,310,70,380,637
11/01/2022,COS,CO,ANM,WE,Combined TRACON& Tower with Radar,60,23,46,15,144,0,0,104,28,132,60,23,150,43,276,174,76,250,526
11/02/2022,COS,CO,ANM,WE,Combined TRACON& Tower with Radar,63,32,54,15,164,0,0,58,9,67,63,32,112,24,231,40,4,44,275
11/03/2022,COS,CO,ANM,WE,Combined TRACON& Tower with Radar,67,21,19,10,117,0,0,28,14,42,67,21,47,24,159,0,0,0,159
11/04/2022,COS,CO,ANM,WE,Combined TRACON& Tower with Radar,64,34,42,21,161,0,2,103,21,126,64,36,145,42,287,310,72,382,669
11/05/2022,COS,CO,ANM,WE,Combined TRACON& Tower with Radar,55,26,12,7,100,0,1,44,12,57,55,27,56,19,157,32,14,46,203
11/06/2022,COS,CO,ANM,WE,Combined TRACON& Tower with Radar,58,23,30,11,122,0,3,83,22,108,58,26,113,33,230,130,26,156,386
11/07/2022,COS,CO,ANM,WE,Combined TRACON& Tower with Radar,56,31,25,24,136,0,0,36,21,57,56,31,61,45,193,98,52,150,343
11/08/2022,COS,CO,ANM,WE,Combined TRACON& Tower with Radar,58,31,39,17,145,0,1,86,29,116,58,32,125,46,261,260,77,337,598
11/09/2022,COS,CO,ANM,WE,Combined TRACON& Tower with Radar,63,27,27,6,123,0,0,47,16,63,63,27,74,22,186,106,2,108,294
11/10/2022,COS,CO,ANM,WE,Combined TRACON& Tower with Radar,59,22,57,10,148,0,0,104,22,126,59,22,161,32,274,0,0,0,274
11/11/2022,COS,CO,ANM,WE,Combined TRACON& Tower with Radar,59,28,42,6,135,0,1,39,3,43,59,29,81,9,178,103,10,113,291
11/12/2022,COS,CO,ANM,WE,Combined TRACON& Tower with Radar,53,32,46,10,141,0,1,152,22,175,53,33,198,32,316,316,4,320,636
11/13/2022,COS,CO,ANM,WE,Combined TRACON& Tower with Radar,56,25,37,8,126,0,0,116,16,132,56,25,153,24,258,186,18,204,462
11/14/2022,COS,CO,ANM,WE,Combined TRACON& Tower with Radar,60,24,47,26,157,0,1,105,15,121,60,25,152,41,278,204,26,230,508
11/15/2022,COS,CO,ANM,WE,Combined TRACON& Tower with Radar,63,26,38,17,144,0,0,43,14,57,63,26,81,31,201,298,18,316,517
11/16/2022,COS,CO,ANM,WE,Combined TRACON& Tower with Radar,69,24,63,23,179,0,4,178,39,221,69,28,241,62,400,344,128,472,872
11/17/2022,COS,CO,ANM,WE,Combined TRACON& Tower with Radar,60,30,30,22,142,0,0,41,29,70,60,30,71,51,212,0,0,0,212
11/18/2022,COS,CO,ANM,WE,Combined TRACON& Tower with Radar,60,27,38,19,144,0,1,4,2,7,60,28,42,21,151,0,0,0,151
11/19/2022,COS,CO,ANM,WE,Combined TRACON& Tower with Radar,54,26,43,9,132,0,0,126,26,152,54,26,169,35,284,350,6,356,640
11/20/2022,COS,CO,ANM,WE,Combined TRACON& Tower with Radar,60,21,46,11,138,0,2,141,8,151,60,23,187,19,289,232,26,258,547
11/21/2022,COS,CO,ANM,WE,Combined TRACON& Tower with Radar,59,24,50,20,153,0,2,135,37,174,59,26,185,57,327,270,68,338,665
11/22/2022,COS,CO,ANM,WE,Combined TRACON& Tower with Radar,62,29,65,11,167,0,1,121,52,174,62,30,186,63,341,214,70,284,625
11/23/2022,COS,CO,ANM,WE,Combined TRACON& Tower with Radar,67,21,51,10,149,0,0,102,22,124,67,21,153,32,273,240,6,246,519
11/24/2022,COS,CO,ANM,WE,Combined TRACON& Tower with Radar,47,9,4,0,60,0,0,0,3,3,47,9,4,3,63,0,0,0,63
11/25/2022,COS,CO,ANM,WE,Combined TRACON& Tower with Radar,60,19,51,2,132,0,0,97,12,109,60,19,148,14,241,321,28,349,590
11/26/2022,COS,CO,ANM,WE,Combined TRACON& Tower with Radar,57,25,36,9,127,0,0,103,21,124,57,25,139,30,251,128,6,134,385
11/27/2022,COS,CO,ANM,WE,Combined TRACON& Tower with Radar,65,28,43,7,143,0,0,36,9,45,65,28,79,16,188,110,0,110,298
11/28/2022,COS,CO,ANM,WE,Combined TRACON& Tower with Radar,71,27,61,12,171,0,1,80,6,87,71,28,141,18,258,278,16,294,552
11/29/2022,COS,CO,ANM,WE,Combined TRACON& Tower with Radar,57,20,12,8,97,0,2,5,7,14,57,22,17,15,111,28,14,42,153
11/30/2022,COS,CO,ANM,WE,Combined TRACON& Tower with Radar,66,15,61,35,177,0,2,135,26,163,66,17,196,61,340,400,72,472,812
12/01/2022,COS,CO,ANM,WE,Combined TRACON& Tower with Radar,61,20,33,30,144,0,1,52,16,69,61,21,85,46,213,0,0,0,213
12/02/2022,COS,CO,ANM,WE,Combined TRACON& Tower with Radar,71,21,16,4,112,0,0,2,6,8,71,21,18,10,120,12,6,18,138
12/03/2022,COS,CO,ANM,WE,Combined TRACON& Tower with Radar,52,24,53,14,143,0,1,112,18,131,52,25,165,32,274,298,22,320,594
12/04/2022,COS,CO,ANM,WE,Combined TRACON& Tower with Radar,59,18,43,9,129,0,0,108,25,133,59,18,151,34,262,192,28,220,482
12/05/2022,COS,CO,ANM,WE,Combined TRACON& Tower with Radar,69,19,37,8,133,0,1,69,21,91,69,20,106,29,224,169,6,175,399
12/06/2022,COS,CO,ANM,WE,Combined TRACON& Tower with Radar,63,23,76,35,197,0,4,96,50,150,63,27,172,85,347,214,106,320,667
12/07/2022,COS,CO,ANM,WE,Combined TRACON& Tower with Radar,68,30,55,20,173,0,4,106,28,138,68,34,161,48,311,318,42,360,671
12/08/2022,COS,CO,ANM,WE,Combined TRACON& Tower with Radar,72,35,27,8,142,0,0,22,9,31,72,35,49,17,173,0,0,0,173
12/09/2022,COS,CO,ANM,WE,Combined TRACON& Tower with Radar,66,32,48,33,179,0,3,131,20,154,66,35,179,53,333,336,48,384,717
12/10/2022,COS,CO,ANM,WE,Combined TRACON& Tower with Radar,51,26,39,23,139,0,1,99,28,128,51,27,138,51,267,194,16,210,477
12/11/2022,COS,CO,ANM,WE,Combined TRACON& Tower with Radar,58,17,47,19,141,0,0,96,9,105,58,17,143,28,246,144,32,176,422
12/12/2022,COS,CO,ANM,WE,Combined TRACON& Tower with Radar,65,30,47,19,161,0,0,85,23,108,65,30,132,42,269,280,84,364,633
12/13/2022,COS,CO,ANM,WE,Combined TRACON& Tower with Radar,61,23,21,25,130,0,1,24,24,49,61,24,45,49,179,212,20,232,411
12/14/2022,COS,CO,ANM,WE,Combined TRACON& Tower with Radar,59,14,40,20,133,0,0,117,34,151,59,14,157,54,284,306,140,446,730
12/15/2022,COS,CO,ANM,WE,Combined TRACON& Tower with Radar,57,22,31,21,131,0,0,72,22,94,57,22,103,43,225,0,0,0,225
12/16/2022,COS,CO,ANM,WE,Combined TRACON& Tower with Radar,53,29,43,11,136,0,3,88,17,108,53,32,131,28,244,234,26,260,504
12/17/2022,COS,CO,ANM,WE,Combined TRACON& Tower with Radar,50,24,43,11,128,0,4,168,2,174,50,28,211,13,302,242,24,266,568
12/18/2022,COS,CO,ANM,WE,Combined TRACON& Tower with Radar,54,22,50,2,128,0,0,87,17,104,54,22,137,19,232,126,26,152,384
12/19/2022,COS,CO,ANM,WE,Combined TRACON& Tower with Radar,55,24,48,7,134,0,6,159,17,182,55,30,207,24,316,290,0,290,606
12/20/2022,COS,CO,ANM,WE,Combined TRACON& Tower with Radar,52,27,60,22,161,0,0,135,31,166,52,27,195,53,327,346,38,384,711
12/21/2022,COS,CO,ANM,WE,Combined TRACON& Tower with Radar,56,26,30,12,124,0,0,8,11,19,56,26,38,23,143,0,0,0,143
12/22/2022,COS,CO,ANM,WE,Combined TRACON& Tower with Radar,49,24,31,0,104,0,0,5,1,6,49,24,36,1,110,0,0,0,110
12/23/2022,COS,CO,ANM,WE,Combined TRACON& Tower with Radar,54,18,32,3,107,0,0,93,9,102,54,18,125,12,209,198,2,200,409
12/24/2022,COS,CO,ANM,WE,Combined TRACON& Tower with Radar,35,17,20,0,72,0,0,57,9,66,35,17,77,9,138,66,0,66,204
12/25/2022,COS,CO,ANM,WE,Combined TRACON& Tower with Radar,30,29,7,0,66,0,0,15,9,24,30,29,22,9,90,2,0,2,92
12/26/2022,COS,CO,ANM,WE,Combined TRACON& Tower with Radar,33,26,51,6,116,0,0,146,7,153,33,26,197,13,269,146,0,146,415
12/27/2022,COS,CO,ANM,WE,Combined TRACON& Tower with Radar,38,30,63,12,143,0,2,111,20,133,38,32,174,32,276,322,36,358,634
12/28/2022,COS,CO,ANM,WE,Combined TRACON& Tower with Radar,37,38,56,12,143,0,2,61,11,74,37,40,117,23,217,154,44,198,415
12/29/2022,COS,CO,ANM,WE,Combined TRACON& Tower with Radar,41,36,32,3,112,0,1,27,10,38,41,37,59,13,150,0,0,0,150
12/30/2022,COS,CO,ANM,WE,Combined TRACON& Tower with Radar,59,33,53,6,151,0,4,147,13,164,59,37,200,19,315,306,48,354,669
12/31/2022,COS,CO,ANM,WE,Combined TRACON& Tower with Radar,46,26,31,3,106,0,3,81,18,102,46,29,112,21,208,0,0,0,208
01/01/2023,COS,CO,ANM,WE,Combined TRACON& Tower with Radar,55,31,27,1,114,0,0,38,7,45,55,31,65,8,159,36,10,46,205
01/02/2023,COS,CO,ANM,WE,Combined TRACON& Tower with Radar,79,61,25,0,165,0,0,1,0,1,79,61,26,0,166,0,0,0,166
01/03/2023,COS,CO,ANM,WE,Combined TRACON& Tower with Radar,54,32,28,14,128,0,0,29,18,47,54,32,57,32,175,154,4,158,333
01/04/2023,COS,CO,ANM,WE,Combined TRACON& Tower with Radar,64,36,61,25,186,0,1,111,16,128,64,37,172,41,314,286,34,320,634
01/05/2023,COS,CO,ANM,WE,Combined TRACON& Tower with Radar,59,27,42,21,149,0,0,116,37,153,59,27,158,58,302,0,0,0,302
01/06/2023,COS,CO,ANM,WE,Combined TRACON& Tower with Radar,62,19,55,16,152,0,1,116,37,154,62,20,171,53,306,380,34,414,720
01/07/2023,COS,CO,ANM,WE,Combined TRACON& Tower with Radar,47,12,32,10,101,0,4,124,27,155,47,16,156,37,256,235,12,247,503
01/08/2023,COS,CO,ANM,WE,Combined TRACON& Tower with Radar,53,21,39,14,127,0,0,109,16,125,53,21,148,30,252,202,14,216,468
01/09/2023,COS,CO,ANM,WE,Combined TRACON& Tower with Radar,56,25,42,19,142,0,0,103,20,123,56,25,145,39,265,252,26,278,543
01/10/2023,COS,CO,ANM,WE,Combined TRACON& Tower with Radar,60,29,18,8,115,0,0,62,21,83,60,29,80,29,198,72,12,84,282
01/11/2023,COS,CO,ANM,WE,Combined TRACON& Tower with Radar,66,40,47,12,165,0,1,8,6,15,66,41,55,18,180,10,16,26,206
01/12/2023,COS,CO,ANM,WE,Combined TRACON& Tower with Radar,60,35,58,30,183,0,0,140,34,174,60,35,198,64,357,0,0,0,357
01/13/2023,COS,CO,ANM,WE,Combined TRACON& Tower with Radar,58,24,65,8,155,0,3,158,48,209,58,27,223,56,364,224,90,314,678
01/14/2023,COS,CO,ANM,WE,Combined TRACON& Tower with Radar,48,15,48,2,113,0,0,125,13,138,48,15,173,15,251,292,2,294,545
01/15/2023,COS,CO,ANM,WE,Combined TRACON& Tower with Radar,51,22,19,4,96,0,1,60,6,67,51,23,79,10,163,174,26,200,363
01/16/2023,COS,CO,ANM,WE,Combined TRACON& Tower with Radar,57,20,41,8,126,0,0,138,10,148,57,20,179,18,274,328,10,338,612
01/17/2023,COS,CO,ANM,WE,Combined TRACON& Tower with Radar,56,28,34,17,135,0,0,83,21,104,56,28,117,38,239,266,60,326,565
01/18/2023,COS,CO,ANM,WE,Combined TRACON& Tower with Radar,63,19,11,8,101,0,2,1,8,11,63,21,12,16,112,0,42,42,154
01/19/2023,COS,CO,ANM,WE,Combined TRACON& Tower with Radar,61,24,47,21,153,0,0,108,10,118,61,24,155,31,271,338,44,382,653
01/20/2023,COS,CO,ANM,WE,Combined TRACON& Tower with Radar,60,24,23,10,117,0,0,63,12,75,60,24,86,22,192,248,20,268,460
01/21/2023,COS,CO,ANM,WE,Combined TRACON& Tower with Radar,45,20,18,10,93,0,0,8,10,18,45,20,26,20,111,24,24,48,159
01/22/2023,COS,CO,ANM,WE,Combined TRACON& Tower with Radar,52,15,41,8,116,0,0,106,6,112,52,15,147,14,228,258,0,258,486
01/23/2023,COS,CO,ANM,WE,Combined TRACON& Tower with Radar,59,16,9,6,90,0,1,11,2,14,59,17,20,8,104,44,6,50,154
01/24/2023,COS,CO,ANM,WE,Combined TRACON& Tower with Radar,61,24,40,31,156,0,0,87,28,115,61,24,127,59,271,222,44,266,537
01/25/2023,COS,CO,ANM,WE,Combined TRACON& Tower with Radar,60,24,29,9,122,0,2,48,24,74,60,26,77,33,196,136,80,216,412
01/26/2023,COS,CO,ANM,WE,Combined TRACON& Tower with Radar,58,23,64,14,159,1,3,128,23,155,59,26,192,37,314,0,0,0,314
01/27/2023,COS,CO,ANM,WE,Combined TRACON& Tower with Radar,56,28,68,21,173,0,0,167,39,206,56,28,235,60,379,172,64,236,615
01/28/2023,COS,CO,ANM,WE,Combined TRACON& Tower with Radar,58,24,27,10,119,0,0,79,20,99,58,24,106,30,218,252,8,260,478
01/29/2023,COS,CO,ANM,WE,Combined TRACON& Tower with Radar,52,22,22,2,98,0,0,0,0,0,52,22,22,2,98,0,0,0,98
01/30/2023,COS,CO,ANM,WE,Combined TRACON& Tower with Radar,44,21,19,4,88,0,0,0,2,2,44,21,19,6,90,0,0,0,90
01/31/2023,COS,CO,ANM,WE,Combined TRACON& Tower with Radar,45,27,45,6,123,0,0,84,13,97,45,27,129,19,220,30,0,30,250
02/01/2023,COS,CO,ANM,WE,Combined TRACON& Tower with Radar,43,18,49,17,127,0,0,148,27,175,43,18,197,44,302,378,102,480,782
02/02/2023,COS,CO,ANM,WE,Combined TRACON& Tower with Radar,51,25,50,20,146,0,3,162,63,228,51,28,212,83,374,0,0,0,374
02/03/2023,COS,CO,ANM,WE,Combined TRACON& Tower with Radar,63,24,46,16,149,0,4,130,19,153,63,28,176,35,302,382,62,444,746
02/04/2023,COS,CO,ANM,WE,Combined TRACON& Tower with Radar,47,26,31,3,107,0,1,76,14,91,47,27,107,17,198,88,0,88,286
02/05/2023,COS,CO,ANM,WE,Combined TRACON& Tower with Radar,54,19,53,1,127,0,1,129,12,142,54,20,182,13,269,198,0,198,467
02/06/2023,COS,CO,ANM,WE,Combined TRACON& Tower with Radar,57,21,40,15,133,0,0,41,28,69,57,21,81,43,202,98,34,132,334
02/07/2023,COS,CO,ANM,WE,Combined TRACON& Tower with Radar,58,28,61,22,169,0,1,134,59,194,58,29,195,81,363,314,84,398,761
02/08/2023,COS,CO,ANM,WE,Combined TRACON& Tower with Radar,60,26,53,36,175,0,0,99,39,138,60,26,152,75,313,306,62,368,681
02/09/2023,COS,CO,ANM,WE,Combined TRACON& Tower with Radar,58,26,26,7,117,0,0,12,2,14,58,26,38,9,131,0,0,0,131
02/10/2023,COS,CO,ANM,WE,Combined TRACON& Tower with Radar,58,18,57,23,156,0,0,144,36,180,58,18,201,59,336,372,48,420,756
02/11/2023,COS,CO,ANM,WE,Combined TRACON& Tower with Radar,46,30,48,11,135,0,2,184,25,211,46,32,232,36,346,342,20,362,708
02/12/2023,COS,CO,ANM,WE,Combined TRACON& Tower with Radar,48,22,28,8,106,0,0,104,15,119,48,22,132,23,225,0,0,0,225
02/13/2023,COS,CO,ANM,WE,Combined TRACON& Tower with Radar,56,29,44,9,138,0,1,102,26,129,56,30,146,35,267,176,4,180,447
02/14/2023,COS,CO,ANM,WE,Combined TRACON& Tower with Radar,52,23,21,14,110,0,2,10,4,16,52,25,31,18,126,6,38,44,170
02/15/2023,COS,CO,ANM,WE,Combined TRACON& Tower with Radar,44,14,8,1,67,0,0,0,0,0,44,14,8,1,67,0,0,0,67
02/16/2023,COS,CO,ANM,WE,Combined TRACON& Tower with Radar,59,42,43,5,149,0,2,45,6,53,59,44,88,11,202,82,2,84,286
02/17/2023,COS,CO,ANM,WE,Combined TRACON& Tower with Radar,60,28,64,17,169,0,12,139,22,173,60,40,203,39,342,411,50,461,803
02/18/2023,COS,CO,ANM,WE,Combined TRACON& Tower with Radar,42,36,52,9,139,0,22,135,11,168,42,58,187,20,307,246,6,252,559
02/19/2023,COS,CO,ANM,WE,Combined TRACON& Tower with Radar,50,23,23,8,104,0,0,15,8,23,50,23,38,16,127,12,0,12,139
02/20/2023,COS,CO,ANM,WE,Combined TRACON& Tower with Radar,58,25,36,6,125,0,0,42,2,44,58,25,78,8,169,8,0,8,177
02/21/2023,COS,CO,ANM,WE,Combined TRACON& Tower with Radar,57,31,47,11,146,0,0,72,17,89,57,31,119,28,235,252,50,302,537
02/22/2023,COS,CO,ANM,WE,Combined TRACON& Tower with Radar,49,23,9,1,82,0,0,1,0,1,49,23,10,1,83,0,0,0,83
02/23/2023,COS,CO,ANM,WE,Combined TRACON& Tower with Radar,57,39,45,16,157,0,2,206,10,218,57,41,251,26,375,0,0,0,375
02/24/2023,COS,CO,ANM,WE,Combined TRACON& Tower with Radar,59,29,42,25,155,0,2,101,27,130,59,31,143,52,285,0,0,0,285
02/25/2023,COS,CO,ANM,WE,Combined TRACON& Tower with Radar,51,37,33,7,128,0,18,98,20,136,51,55,131,27,264,206,2,208,472
02/26/2023,COS,CO,ANM,WE,Combined TRACON& Tower with Radar,48,19,26,11,104,0,5,25,15,45,48,24,51,26,149,68,2,70,219
02/27/2023,COS,CO,ANM,WE,Combined TRACON& Tower with Radar,53,29,23,14,119,0,3,53,31,87,53,32,76,45,206,196,4,200,406
02/28/2023,COS,CO,ANM,WE,Combined TRACON& Tower with Radar,57,28,24,11,120,0,5,5,19,29,57,33,29,30,149,16,10,26,175
03/01/2023,COS,CO,ANM,WE,Combined TRACON& Tower with Radar,53,30,35,21,139,0,7,41,13,61,53,37,76,34,200,140,40,180,380
03/02/2023,COS,CO,ANM,WE,Combined TRACON& Tower with Radar,53,29,57,20,159,0,11,102,38,151,53,40,159,58,310,0,0,0,310
03/03/2023,COS,CO,ANM,WE,Combined TRACON& Tower with Radar,68,29,54,21,172,0,16,123,38,177,68,45,177,59,349,241,28,269,618
03/04/2023,COS,CO,ANM,WE,Combined TRACON& Tower with Radar,51,17,21,4,93,0,0,24,4,28,51,17,45,8,121,110,0,110,231
03/05/2023,COS,CO,ANM,WE,Combined TRACON& Tower with Radar,53,14,17,4,88,0,0,21,9,30,53,14,38,13,118,28,0,28,146
03/06/2023,COS,CO,ANM,WE,Combined TRACON& Tower with Radar,61,22,56,17,156,0,15,129,21,165,61,37,185,38,321,232,16,248,569
03/07/2023,COS,CO,ANM,WE,Combined TRACON& Tower with Radar,61,19,13,7,100,0,0,0,0,0,61,19,13,7,100,0,0,0,100
03/08/2023,COS,CO,ANM,WE,Combined TRACON& Tower with Radar,57,17,23,6,103,0,0,4,3,7,57,17,27,9,110,30,0,30,140
03/09/2023,COS,CO,ANM,WE,Combined TRACON& Tower with Radar,59,34,61,18,172,0,5,109,14,128,59,39,170,32,300,404,24,428,728
03/10/2023,COS,CO,ANM,WE,Combined TRACON& Tower with Radar,62,34,48,8,152,0,20,94,12,126,62,54,142,20,278,268,8,276,554
03/11/2023,COS,CO,ANM,WE,Combined TRACON& Tower with Radar,48,34,52,5,139,0,4,63,11,78,48,38,115,16,217,222,0,222,439
03/12/2023,COS,CO,ANM,WE,Combined TRACON& Tower with Radar,49,25,48,9,131,0,10,68,3,81,49,35,116,12,212,198,4,202,414
03/13/2023,COS,CO,ANM,WE,Combined TRACON& Tower with Radar,65,49,49,13,176,0,25,137,15,177,65,74,186,28,353,430,2,432,785
03/14/2023,COS,CO,ANM,WE,Combined TRACON& Tower with Radar,60,29,45,23,157,0,12,138,28,178,60,41,183,51,335,0,0,0,335
03/15/2023,COS,CO,ANM,WE,Combined TRACON& Tower with Radar,58,32,40,21,151,0,12,86,18,116,58,44,126,39,267,170,42,212,479
03/16/2023,COS,CO,ANM,WE,Combined TRACON& Tower with Radar,59,28,16,11,114,0,1,0,9,10,59,29,16,20,124,0,0,0,124
03/17/2023,COS,CO,ANM,WE,Combined TRACON& Tower with Radar,60,41,49,8,158,0,8,45,11,64,60,49,94,19,222,154,24,178,400
03/18/2023,COS,CO,ANM,WE,Combined TRACON& Tower with Radar,47,24,44,1,116,0,25,138,26,189,47,49,182,27,305,230,20,250,555
03/19/2023,COS,CO,ANM,WE,Combined TRACON& Tower with Radar,49,23,28,6,106,0,19,100,7,126,49,42,128,13,232,264,0,264,496
03/20/2023,COS,CO,ANM,WE,Combined TRACON& Tower with Radar,61,14,44,6,125,0,15,84,36,135,61,29,128,42,260,260,122,382,642
03/21/2023,COS,CO,ANM,WE,Combined TRACON& Tower with Radar,58,23,29,21,131,0,16,97,17,130,58,39,126,38,261,332,38,370,631
03/22/2023,COS,CO,ANM,WE,Combined TRACON& Tower with Radar,63,15,16,13,107,0,4,20,2,26,63,19,36,15,133,56,0,56,189
03/23/2023,COS,CO,ANM,WE,Combined TRACON& Tower with Radar,68,37,37,25,167,0,20,94,35,149,68,57,131,60,316,0,0,0,316
03/24/2023,COS,CO,ANM,WE,Combined TRACON& Tower with Radar,63,25,49,26,163,0,12,69,26,107,63,37,118,52,270,196,42,238,508
03/25/2023,COS,CO,ANM,WE,Combined TRACON& Tower with Radar,50,26,26,3,105,0,2,4,8,14,50,28,30,11,119,0,0,0,119
03/26/2023,COS,CO,ANM,WE,Combined TRACON& Tower with Radar,45,23,37,2,107,0,11,99,17,127,45,34,136,19,234,208,18,226,460
03/27/2023,COS,CO,ANM,WE,Combined TRACON& Tower with Radar,59,21,20,13,113,0,6,8,8,22,59,27,28,21,135,48,0,48,183
03/28/2023,COS,CO,ANM,WE,Combined TRACON& Tower with Radar,58,46,41,12,157,0,19,126,19,164,58,65,167,31,321,374,0,374,695
03/29/2023,COS,CO,ANM,WE,Combined TRACON& Tower with Radar,57,48,34,18,157,0,30,102,21,153,57,78,136,39,310,280,26,306,616
03/30/2023,COS,CO,ANM,WE,Combined TRACON& Tower with Radar,68,35,17,4,124,0,6,22,8,36,68,41,39,12,160,156,0,156,316
03/31/2023,COS,CO,ANM,WE,Combined TRACON& Tower with Radar,59,14,21,5,99,0,0,3,6,9,59,14,24,11,108,12,0,12,120
04/01/2023,COS,CO,ANM,WE,Combined TRACON& Tower with Radar,49,38,35,3,125,0,22,84,17,123,49,60,119,20,248,162,12,174,422
04/02/2023,COS,CO,ANM,WE,Combined TRACON& Tower with Radar,48,26,29,11,114,0,5,50,11,66,48,31,79,22,180,150,28,178,358
04/03/2023,COS,CO,ANM,WE,Combined TRACON& Tower with Radar,62,30,30,14,136,0,14,61,17,92,62,44,91,31,228,106,10,116,344
04/04/2023,COS,CO,ANM,WE,Combined TRACON& Tower with Radar,65,21,16,29,131,0,0,5,11,16,65,21,21,40,147,14,26,40,187
04/05/2023,COS,CO,ANM,WE,Combined TRACON& Tower with Radar,57,28,42,29,156,0,14,85,19,118,57,42,127,48,274,362,26,388,662
04/06/2023,COS,CO,ANM,WE,Combined TRACON& Tower with Radar,60,46,40,20,166,0,17,121,22,160,60,63,161,42,326,322,44,366,692
04/07/2023,COS,CO,ANM,WE,Combined TRACON& Tower with Radar,65,22,30,6,123,0,23,121,35,179,65,45,151,41,302,162,48,210,512
04/08/2023,COS,CO,ANM,WE,Combined TRACON& Tower with Radar,93,34,27,20,174,0,22,120,22,164,93,56,147,42,338,268,58,326,664
04/09/2023,COS,CO,ANM,WE,Combined TRACON& Tower with Radar,52,25,31,10,118,0,21,92,14,127,52,46,123,24,245,206,48,254,499
04/10/2023,COS,CO,ANM,WE,Combined TRACON& Tower with Radar,62,36,57,7,162,0,23,139,12,174,62,59,196,19,336,326,0,326,662
04/11/2023,COS,CO,ANM,WE,Combined TRACON& Tower with Radar,59,34,39,28,160,0,12,134,38,184,59,46,173,66,344,432,34,466,810
04/12/2023,COS,CO,ANM,WE,Combined TRACON& Tower with Radar,60,29,43,14,146,0,18,78,13,109,60,47,121,27,255,104,24,128,383
04/13/2023,COS,CO,ANM,WE,Combined TRACON& Tower with Radar,60,34,34,18,146,0,0,37,17,54,60,34,71,35,200,0,0,0,200
04/14/2023,COS,CO,ANM,WE,Combined TRACON& Tower with Radar,63,30,26,11,130,0,7,33,19,59,63,37,59,30,189,128,22,150,339
04/15/2023,COS,CO,ANM,WE,Combined TRACON& Tower with Radar,49,33,32,19,133,0,12,58,33,103,49,45,90,52,236,90,14,104,340
04/16/2023,COS,CO,ANM,WE,Combined TRACON& Tower with Radar,54,38,43,14,149,0,35,125,12,172,54,73,168,26,321,389,20,409,730
04/17/2023,COS,CO,ANM,WE,Combined TRACON& Tower with Radar,61,25,45,28,159,0,27,134,35,196,61,52,179,63,355,558,32,590,945
04/18/2023,COS,CO,ANM,WE,Combined TRACON& Tower with Radar,70,30,50,21,171,1,12,58,31,102,71,42,108,52,273,182,18,200,473
04/19/2023,COS,CO,ANM,WE,Combined TRACON& Tower with Radar,95,30,27,19,171,0,3,40,18,61,95,33,67,37,232,72,44,116,348
04/20/2023,COS,CO,ANM,WE,Combined TRACON& Tower with Radar,56,23,39,15,133,0,8,55,25,88,56,31,94,40,221,98,26,124,345
04/21/2023,COS,CO,ANM,WE,Combined TRACON& Tower with Radar,64,33,45,20,162,0,26,159,29,214,64,59,204,49,376,332,76,408,784
04/22/2023,COS,CO,ANM,WE,Combined TRACON& Tower with Radar,48,29,9,5,91,0,0,3,6,9,48,29,12,11,100,0,0,0,100
04/23/2023,COS,CO,ANM,WE,Combined TRACON& Tower with Radar,50,31,35,10,126,0,21,104,13,138,50,52,139,23,264,310,18,328,592
04/24/2023,COS,CO,ANM,WE,Combined TRACON& Tower with Radar,61,27,36,22,146,0,21,119,28,168,61,48,155,50,314,220,10,230,544
04/25/2023,COS,CO,ANM,WE,Combined TRACON& Tower with Radar,91,22,28,19,160,0,0,9,2,11,91,22,37,21,171,14,10,24,195
04/26/2023,COS,CO,ANM,WE,Combined TRACON& Tower with Radar,65,22,26,13,126,0,0,13,0,13,65,22,39,13,139,150,0,150,289
04/27/2023,COS,CO,ANM,WE,Combined TRACON& Tower with Radar,64,28,52,15,159,0,12,106,33,151,64,40,158,48,310,416,98,514,824
04/28/2023,COS,CO,ANM,WE,Combined TRACON& Tower with Radar,67,26,39,17,149,0,5,44,27,76,67,31,83,44,225,76,62,138,363
04/29/2023,COS,CO,ANM,WE,Combined TRACON& Tower with Radar,48,25,36,7,116,0,27,160,18,205,48,52,196,25,321,430,22,452,773
04/30/2023,COS,CO,ANM,WE,Combined TRACON& Tower with Radar,51,27,44,13,135,0,31,116,8,155,51,58,160,21,290,288,2,290,580
05/01/2023,COS,CO,ANM,WE,Combined TRACON& Tower with Radar,62,26,34,21,143,0,15,91,10,116,62,41,125,31,259,308,2,310,569
05/02/2023,COS,CO,ANM,WE,Combined TRACON& Tower with Radar,60,23,38,9,130,1,19,109,20,149,61,42,147,29,279,416,20,436,715
05/03/2023,COS,CO,ANM,WE,Combined TRACON& Tower with Radar,65,24,35,22,146,0,25,110,11,146,65,49,145,33,292,342,6,348,640
05/04/2023,COS,CO,ANM,WE,Combined TRACON& Tower with Radar,67,24,35,28,154,0,15,50,22,87,67,39,85,50,241,166,50,216,457
05/05/2023,COS,CO,ANM,WE,Combined TRACON& Tower with Radar,98,31,46,45,220,0,25,80,22,127,98,56,126,67,347,198,32,230,577
05/06/2023,COS,CO,ANM,WE,Combined TRACON& Tower with Radar,57,36,33,12,138,0,19,100,24,143,57,55,133,36,281,238,12,250,531
05/07/2023,COS,CO,ANM,WE,Combined TRACON& Tower with Radar,47,26,43,17,133,0,8,93,26,127,47,34,136,43,260,172,0,172,432
05/08/2023,COS,CO,ANM,WE,Combined TRACON& Tower with Radar,58,39,46,6,149,0,14,62,26,102,58,53,108,32,251,218,66,284,535
05/09/2023,COS,CO,ANM,WE,Combined TRACON& Tower with Radar,57,37,42,33,169,0,11,153,10,174,57,48,195,43,343,372,26,398,741
05/10/2023,COS,CO,ANM,WE,Combined TRACON& Tower with Radar,63,42,65,11,181,0,3,48,20,71,63,45,113,31,252,174,14,188,440
05/11/2023,COS,CO,ANM,WE,Combined TRACON& Tower with Radar,61,43,17,9,130,0,0,0,0,0,61,43,17,9,130,0,0,0,130
05/12/2023,COS,CO,ANM,WE,Combined TRACON& Tower with Radar,59,42,33,26,160,0,0,11,18,29,59,42,44,44,189,18,50,68,257
05/13/2023,COS,CO,ANM,WE,Combined TRACON& Tower with Radar,48,42,43,4,137,0,23,87,8,118,48,65,130,12,255,306,62,368,623
05/14/2023,COS,CO,ANM,WE,Combined TRACON& Tower with Radar,46,34,41,9,130,0,3,21,2,26,46,37,62,11,156,114,0,114,270
05/15/2023,COS,CO,ANM,WE,Combined TRACON& Tower with Radar,58,41,79,10,188,0,10,60,19,89,58,51,139,29,277,464,72,536,813
05/16/2023,COS,CO,ANM,WE,Combined TRACON& Tower with Radar,59,27,66,19,171,0,22,117,32,171,59,49,183,51,342,360,30,390,732
05/17/2023,COS,CO,ANM,WE,Combined TRACON& Tower with Radar,61,39,44,12,156,0,25,110,23,158,61,64,154,35,314,322,40,362,676
05/18/2023,COS,CO,ANM,WE,Combined TRACON& Tower with Radar,61,36,64,7,168,0,12,60,19,91,61,48,124,26,259,224,46,270,529
05/19/2023,COS,CO,ANM,WE,Combined TRACON& Tower with Radar,57,36,64,12,169,0,1,0,1,2,57,37,64,13,171,36,0,36,207
05/20/2023,COS,CO,ANM,WE,Combined TRACON& Tower with Radar,51,25,45,5,126,0,1,7,0,8,51,26,52,5,134,38,0,38,172
05/21/2023,COS,CO,ANM,WE,Combined TRACON& Tower with Radar,51,35,38,11,135,0,30,106,13,149,51,65,144,24,284,0,0,0,284
05/22/2023,COS,CO,ANM,WE,Combined TRACON& Tower with Radar,57,31,60,7,155,0,15,98,36,149,57,46,158,43,304,432,60,492,796
05/23/2023,COS,CO,ANM,WE,Combined TRACON& Tower with Radar,58,38,42,11,149,0,5,66,12,83,58,43,108,23,232,318,12,330,562
05/24/2023,COS,CO,ANM,WE,Combined TRACON& Tower with Radar,53,29,47,15,144,1,1,20,5,27,54,30,67,20,171,120,4,124,295
05/25/2023,COS,CO,ANM,WE,Combined TRACON& Tower with Radar,71,52,83,24,230,0,15,50,8,73,71,67,133,32,303,142,0,142,445
05/26/2023,COS,CO,ANM,WE,Combined TRACON& Tower with Radar,62,42,59,2,165,0,15,123,11,149,62,57,182,13,314,366,12,378,692
05/27/2023,COS,CO,ANM,WE,Combined TRACON& Tower with Radar,68,34,64,5,171,0,3,57,17,77,68,37,121,22,248,108,6,114,362
05/28/2023,COS,CO,ANM,WE,Combined TRACON& Tower with Radar,49,46,68,1,164,0,31,98,13,142,49,77,166,14,306,0,0,0,306
05/29/2023,COS,CO,ANM,WE,Combined TRACON& Tower with Radar,71,40,48,5,164,0,22,135,18,175,71,62,183,23,339,426,0,426,765
05/30/2023,COS,CO,ANM,WE,Combined TRACON& Tower with Radar,77,38,37,14,166,0,11,76,19,106,77,49,113,33,272,208,10,218,490
05/31/2023,COS,CO,ANM,WE,Combined TRACON& Tower with Radar,62,33,35,11,141,0,10,60,23,93,62,43,95,34,234,398,38,436,670
06/01/2023,COS,CO,ANM,WE,Combined TRACON& Tower with Radar,61,29,20,22,132,0,1,5,9,15,61,30,25,31,147,10,0,10,157
06/02/2023,COS,CO,ANM,WE,Combined TRACON& Tower with Radar,58,39,62,22,181,0,25,129,24,178,58,64,191,46,359,260,28,288,647
06/03/2023,COS,CO,ANM,WE,Combined TRACON& Tower with Radar,48,42,44,0,134,0,0,16,0,16,48,42,60,0,150,104,0,104,254
06/04/2023,COS,CO,ANM,WE,Combined TRACON& Tower with Radar,53,44,81,5,183,0,1,11,4,16,53,45,92,9,199,130,10,140,339
06/05/2023,COS,CO,ANM,WE,Combined TRACON& Tower with Radar,61,46,47,19,173,0,1,10,19,30,61,47,57,38,203,50,14,64,267
06/06/2023,COS,CO,ANM,WE,Combined TRACON& Tower with Radar,75,44,61,32,212,0,30,82,37,149,75,74,143,69,361,348,42,390,751
06/07/2023,COS,CO,ANM,WE,Combined TRACON& Tower with Radar,65,46,58,13,182,0,16,110,32,158,65,62,168,45,340,282,60,342,682
06/08/2023,COS,CO,ANM,WE,Combined TRACON& Tower with Radar,76,30,60,11,177,0,26,119,41,186,76,56,179,52,363,348,62,410,773
06/09/2023,COS,CO,ANM,WE,Combined TRACON& Tower with Radar,83,37,35,13,168,0,23,114,30,167,83,60,149,43,335,0,0,0,335
06/10/2023,COS,CO,ANM,WE,Combined TRACON& Tower with Radar,55,38,45,2,140,0,24,113,15,152,55,62,158,17,292,228,10,238,530
06/11/2023,COS,CO,ANM,WE,Combined TRACON& Tower with Radar,52,48,59,3,162,0,10,72,10,92,52,58,131,13,254,160,14,174,428
06/12/2023,COS,CO,ANM,WE,Combined TRACON& Tower with Radar,60,14,17,1,92,0,1,5,1,7,60,15,22,2,99,0,0,0,99
06/13/2023,COS,CO,ANM,WE,Combined TRACON& Tower with Radar,67,33,50,25,175,0,4,20,15,39,67,37,70,40,214,52,26,78,292
06/14/2023,COS,CO,ANM,WE,Combined TRACON& Tower with Radar,65,36,39,12,152,0,23,119,43,185,65,59,158,55,337,376,146,522,859
06/15/2023,COS,CO,ANM,WE,Combined TRACON& Tower with Radar,68,33,40,13,154,0,22,70,24,116,68,55,110,37,270,222,22,244,514
06/16/2023,COS,CO,ANM,WE,Combined TRACON& Tower with Radar,66,31,54,2,153,1,12,70,18,101,67,43,124,20,254,86,0,86,340
06/17/2023,COS,CO,ANM,WE,Combined TRACON& Tower with Radar,58,34,29,4,125,0,17,60,8,85,58,51,89,12,210,232,0,232,442
06/18/2023,COS,CO,ANM,WE,Combined TRACON& Tower with Radar,54,35,49,8,146,0,32,113,23,168,54,67,162,31,314,226,22,248,562
06/19/2023,COS,CO,ANM,WE,Combined TRACON& Tower with Radar,67,22,55,4,148,0,27,129,14,170,67,49,184,18,318,0,0,0,318
06/20/2023,COS,CO,ANM,WE,Combined TRACON& Tower with Radar,66,25,35,11,137,0,32,127,34,193,66,57,162,45,330,296,100,396,726
06/21/2023,COS,CO,ANM,WE,Combined TRACON& Tower with Radar,66,26,48,13,153,0,25,88,18,131,66,51,136,31,284,0,0,0,284
06/22/2023,COS,CO,ANM,WE,Combined TRACON& Tower with Radar,69,32,50,29,180,0,14,85,22,121,69,46,135,51,301,272,18,290,591
06/23/2023,COS,CO,ANM,WE,Combined TRACON& Tower with Radar,67,38,56,8,169,0,14,83,39,136,67,52,139,47,305,0,0,0,305
06/24/2023,COS,CO,ANM,WE,Combined TRACON& Tower with Radar,62,30,42,16,150,0,26,120,14,160,62,56,162,30,310,268,122,390,700
06/25/2023,COS,CO,ANM,WE,Combined TRACON& Tower with Radar,57,46,67,12,182,0,22,84,10,116,57,68,151,22,298,178,0,178,476
06/26/2023,COS,CO,ANM,WE,Combined TRACON& Tower with Radar,64,23,45,16,148,0,17,95,30,142,64,40,140,46,290,0,0,0,290
06/27/2023,COS,CO,ANM,WE,Combined TRACON& Tower with Radar,72,33,25,7,137,0,8,16,17,41,72,41,41,24,178,0,0,0,178
06/28/2023,COS,CO,ANM,WE,Combined TRACON& Tower with Radar,68,36,47,28,179,0,18,100,44,162,68,54,147,72,341,0,0,0,341
06/29/2023,COS,CO,ANM,WE,Combined TRACON& Tower with Radar,102,42,60,23,227,1,14,72,38,125,103,56,132,61,352,199,28,227,579
06/30/2023,COS,CO,ANM,WE,Combined TRACON& Tower with Radar,72,43,68,3,186,0,3,51,14,68,72,46,119,17,254,222,48,270,524
07/01/2023,COS,CO,ANM,WE,Combined TRACON& Tower with Radar,61,37,59,1,158,0,26,146,22,194,61,63,205,23,352,240,0,240,592
07/02/2023,COS,CO,ANM,WE,Combined TRACON& Tower with Radar,54,22,33,2,111,0,9,81,6,96,54,31,114,8,207,0,0,0,207
07/03/2023,COS,CO,ANM,WE,Combined TRACON& Tower with Radar,70,18,59,3,150,0,13,139,22,174,70,31,198,25,324,0,0,0,324
07/04/2023,COS,CO,ANM,WE,Combined TRACON& Tower with Radar,66,25,17,1,109,0,9,83,12,104,66,34,100,13,213,194,20,214,427
07/05/2023,COS,CO,ANM,WE,Combined TRACON& Tower with Radar,75,31,67,24,197,0,0,0,7,7,75,31,67,31,204,0,0,0,204
07/06/2023,COS,CO,ANM,WE,Combined TRACON& Tower with Radar,100,33,41,18,192,0,3,6,9,18,100,36,47,27,210,72,12,84,294
07/07/2023,COS,CO,ANM,WE,Combined TRACON& Tower with Radar,74,35,55,8,172,0,7,59,19,85,74,42,114,27,257,94,32,126,383
07/08/2023,COS,CO,ANM,WE,Combined TRACON& Tower with Radar,60,43,53,7,163,0,10,34,8,52,60,53,87,15,215,194,38,232,447
07/09/2023,COS,CO,ANM,WE,Combined TRACON& Tower with Radar,62,38,74,5,179,0,12,64,14,90,62,50,138,19,269,148,36,184,453
07/10/2023,COS,CO,ANM,WE,Combined TRACON& Tower with Radar,66,26,55,9,156,0,9,78,20,107,66,35,133,29,263,0,0,0,263
07/11/2023,COS,CO,ANM,WE,Combined TRACON& Tower with Radar,74,30,48,30,182,1,27,129,43,200,75,57,177,73,382,512,84,596,978
07/12/2023,COS,CO,ANM,WE,Combined TRACON& Tower with Radar,68,36,63,19,186,0,24,101,44,169,68,60,164,63,355,0,0,0,355
07/13/2023,COS,CO,ANM,WE,Combined TRACON& Tower with Radar,83,22,61,27,193,0,21,97,37,155,83,43,158,64,348,0,0,0,348
07/14/2023,COS,CO,ANM,WE,Combined TRACON& Tower with Radar,73,49,71,37,230,0,21,93,32,146,73,70,164,69,376,180,66,246,622
07/15/2023,COS,CO,ANM,WE,Combined TRACON& Tower with Radar,63,38,51,3,155,0,20,71,18,109,63,58,122,21,264,228,0,228,492
07/16/2023,COS,CO,ANM,WE,Combined TRACON& Tower with Radar,66,41,37,2,146,0,29,116,16,161,66,70,153,18,307,216,0,216,523
07/17/2023,COS,CO,ANM,WE,Combined TRACON& Tower with Radar,76,29,41,16,162,0,18,94,21,133,76,47,135,37,295,0,0,0,295
07/18/2023,COS,CO,ANM,WE,Combined TRACON& Tower with Radar,74,25,56,33,188,0,19,94,31,144,74,44,150,64,332,388,78,466,798
07/19/2023,COS,CO,ANM,WE,Combined TRACON& Tower with Radar,74,39,46,15,174,0,10,109,40,159,74,49,155,55,333,0,0,0,333
07/20/2023,COS,CO,ANM,WE,Combined TRACON& Tower with Radar,83,23,45,20,171,0,3,70,41,114,83,26,115,61,285,0,0,0,285
07/21/2023,COS,CO,ANM,WE,Combined TRACON& Tower with Radar,80,59,69,21,229,0,17,71,17,105,80,76,140,38,334,0,0,0,334
07/22/2023,COS,CO,ANM,WE,Combined TRACON& Tower with Radar,63,26,57,1,147,0,31,108,31,170,63,57,165,32,317,220,52,272,589
07/23/2023,COS,CO,ANM,WE,Combined TRACON& Tower with Radar,82,34,47,4,167,0,25,66,16,107,82,59,113,20,274,158,0,158,432
07/24/2023,COS,CO,ANM,WE,Combined TRACON& Tower with Radar,78,41,94,32,245,0,16,35,14,65,78,57,129,46,310,0,0,0,310
07/25/2023,COS,CO,ANM,WE,Combined TRACON& Tower with Radar,80,44,80,27,231,0,12,38,10,60,80,56,118,37,291,260,40,300,591
07/26/2023,COS,CO,ANM,WE,Combined TRACON& Tower with Radar,88,38,82,45,253,0,13,38,18,69,88,51,120,63,322,0,0,0,322
07/27/2023,COS,CO,ANM,WE,Combined TRACON& Tower with Radar,74,37,80,36,227,0,10,31,18,59,74,47,111,54,286,138,104,242,528
07/28/2023,COS,CO,ANM,WE,Combined TRACON& Tower with Radar,74,63,106,36,279,0,11,53,12,76,74,74,159,48,355,242,98,340,695
07/29/2023,COS,CO,ANM,WE,Combined TRACON& Tower with Radar,63,50,66,3,182,0,5,37,5,47,63,55,103,8,229,116,0,116,345
07/30/2023,COS,CO,ANM,WE,Combined TRACON& Tower with Radar,64,53,111,12,240,0,12,39,4,55,64,65,150,16,295,258,0,258,553
07/31/2023,COS,CO,ANM,WE,Combined TRACON& Tower with Radar,68,47,76,16,207,0,11,35,11,57,68,58,111,27,264,0,0,0,264
08/01/2023,COS,CO,ANM,WE,Combined TRACON& Tower with Radar,71,35,76,16,198,0,6,42,10,58,71,41,118,26,256,370,54,424,680
08/02/2023,COS,CO,ANM,WE,Combined TRACON& Tower with Radar,70,30,78,42,220,0,7,51,13,71,70,37,129,55,291,340,92,432,723
08/03/2023,COS,CO,ANM,WE,Combined TRACON& Tower with Radar,80,39,100,25,244,0,12,60,22,94,80,51,160,47,338,304,86,390,728
08/04/2023,COS,CO,ANM,WE,Combined TRACON& Tower with Radar,70,47,109,38,264,0,13,57,16,86,70,60,166,54,350,300,74,374,724
08/05/2023,COS,CO,ANM,WE,Combined TRACON& Tower with Radar,65,37,73,5,180,0,6,38,11,55,65,43,111,16,235,162,50,212,447
08/06/2023,COS,CO,ANM,WE,Combined TRACON& Tower with Radar,85,66,108,11,270,2,2,20,7,31,87,68,128,18,301,84,8,92,393
08/07/2023,COS,CO,ANM,WE,Combined TRACON& Tower with Radar,70,51,79,17,217,0,5,28,8,41,70,56,107,25,258,274,24,298,556
08/08/2023,COS,CO,ANM,WE,Combined TRACON& Tower with Radar,77,48,87,33,245,0,4,21,4,29,77,52,108,37,274,142,26,168,442
08/09/2023,COS,CO,ANM,WE,Combined TRACON& Tower with Radar,68,65,135,52,320,0,10,56,36,102,68,75,191,88,422,512,104,616,1038
08/10/2023,COS,CO,ANM,WE,Combined TRACON& Tower with Radar,79,75,68,19,241,0,22,118,22,162,79,97,186,41,403,352,52,404,807
08/11/2023,COS,CO,ANM,WE,Combined TRACON& Tower with Radar,73,34,41,33,181,0,18,140,16,174,73,52,181,49,355,328,22,350,705
08/12/2023,COS,CO,ANM,WE,Combined TRACON& Tower with Radar,61,34,43,1,139,0,8,68,9,85,61,42,111,10,224,124,0,124,348
08/13/2023,COS,CO,ANM,WE,Combined TRACON& Tower with Radar,61,48,43,4,156,0,6,43,9,58,61,54,86,13,214,72,12,84,298
08/14/2023,COS,CO,ANM,WE,Combined TRACON& Tower with Radar,65,38,61,8,172,0,16,114,18,148,65,54,175,26,320,448,68,516,836
08/15/2023,COS,CO,ANM,WE,Combined TRACON& Tower with Radar,72,38,83,31,224,0,29,153,48,230,72,67,236,79,454,364,90,454,908
08/16/2023,COS,CO,ANM,WE,Combined TRACON& Tower with Radar,73,44,56,9,182,0,13,88,28,129,73,57,144,37,311,324,40,364,675
08/17/2023,COS,CO,ANM,WE,Combined TRACON& Tower with Radar,75,50,68,19,212,0,24,127,54,205,75,74,195,73,417,380,88,468,885
08/18/2023,COS,CO,ANM,WE,Combined TRACON& Tower with Radar,90,41,43,25,199,0,18,132,34,184,90,59,175,59,383,210,106,316,699
08/19/2023,COS,CO,ANM,WE,Combined TRACON& Tower with Radar,76,52,34,19,181,0,29,119,24,172,76,81,153,43,353,242,62,304,657
08/20/2023,COS,CO,ANM,WE,Combined TRACON& Tower with Radar,64,41,58,3,166,0,13,82,13,108,64,54,140,16,274,150,0,150,424
08/21/2023,COS,CO,ANM,WE,Combined TRACON& Tower with Radar,80,52,56,16,204,0,19,72,29,120,80,71,128,45,324,104,22,126,450
08/22/2023,COS,CO,ANM,WE,Combined TRACON& Tower with Radar,82,48,42,11,183,0,21,86,28,135,82,69,128,39,318,246,60,306,624
08/23/2023,COS,CO,ANM,WE,Combined TRACON& Tower with Radar,67,35,55,16,173,0,18,122,37,177,67,53,177,53,350,248,88,336,686
08/24/2023,COS,CO,ANM,WE,Combined TRACON& Tower with Radar,80,42,57,30,209,0,16,91,26,133,80,58,148,56,342,318,68,386,728
08/25/2023,COS,CO,ANM,WE,Combined TRACON& Tower with Radar,78,47,59,13,197,0,5,45,13,63,78,52,104,26,260,54,56,110,370
08/26/2023,COS,CO,ANM,WE,Combined TRACON& Tower with Radar,64,31,53,9,157,0,1,92,12,105,64,32,145,21,262,224,4,228,490
08/27/2023,COS,CO,ANM,WE,Combined TRACON& Tower with Radar,70,30,47,2,149,0,10,94,6,110,70,40,141,8,259,128,2,130,389
08/28/2023,COS,CO,ANM,WE,Combined TRACON& Tower with Radar,69,35,31,16,151,0,13,66,13,92,69,48,97,29,243,0,0,0,243
08/29/2023,COS,CO,ANM,WE,Combined TRACON& Tower with Radar,70,37,54,24,185,0,27,120,25,172,70,64,174,49,357,358,62,420,777
08/30/2023,COS,CO,ANM,WE,Combined TRACON& Tower with Radar,71,34,103,40,248,0,34,151,38,223,71,68,254,78,471,336,110,446,917
08/31/2023,COS,CO,ANM,WE,Combined TRACON& Tower with Radar,75,37,131,15,258,0,23,112,20,155,75,60,243,35,413,278,102,380,793
01/01/2020,COS,CO,ANM,WE,Combined TRACON& Tower with Radar,28,37,17,2,84,0,2,32,1,35,28,39,49,3,119,52,0,52,171
01/02/2020,COS,CO,ANM,WE,Combined TRACON& Tower with Radar,40,49,25,16,130,0,1,45,12,58,40,50,70,28,188,170,34,204,392
01/03/2020,COS,CO,ANM,WE,Combined TRACON& Tower with Radar,36,43,33,8,120,0,2,71,13,86,36,45,104,21,206,108,118,226,432
01/04/2020,COS,CO,ANM,WE,Combined TRACON& Tower with Radar,30,43,37,4,114,0,0,88,6,94,30,43,125,10,208,114,44,158,366
01/05/2020,COS,CO,ANM,WE,Combined TRACON& Tower with Radar,34,41,25,3,103,0,0,27,9,36,34,41,52,12,139,32,20,52,191
01/06/2020,COS,CO,ANM,WE,Combined TRACON& Tower with Radar,33,37,16,4,90,0,6,15,10,31,33,43,31,14,121,26,18,44,165
01/07/2020,COS,CO,ANM,WE,Combined TRACON& Tower with Radar,41,38,26,28,133,0,4,87,32,123,41,42,113,60,256,110,88,198,454
01/08/2020,COS,CO,ANM,WE,Combined TRACON& Tower with Radar,51,36,29,10,126,0,3,52,22,77,51,39,81,32,203,116,44,160,363
01/09/2020,COS,CO,ANM,WE,Combined TRACON& Tower with Radar,41,36,31,14,122,0,0,66,30,96,41,36,97,44,218,136,172,308,526
01/10/2020,COS,CO,ANM,WE,Combined TRACON& Tower with Radar,30,52,18,18,118,0,1,16,50,67,30,53,34,68,185,94,92,186,371
01/11/2020,COS,CO,ANM,WE,Combined TRACON& Tower with Radar,28,30,29,7,94,0,2,86,17,105,28,32,115,24,199,118,48,166,365
01/12/2020,COS,CO,ANM,WE,Combined TRACON& Tower with Radar,37,38,25,9,109,0,0,57,23,80,37,38,82,32,189,146,36,182,371
01/13/2020,COS,CO,ANM,WE,Combined TRACON& Tower with Radar,33,34,21,28,116,0,2,55,21,78,33,36,76,49,194,68,60,128,322
01/14/2020,COS,CO,ANM,WE,Combined TRACON& Tower with Radar,37,41,20,23,121,0,7,51,32,90,37,48,71,55,211,96,54,150,361
01/15/2020,COS,CO,ANM,WE,Combined TRACON& Tower with Radar,31,39,20,19,109,0,5,54,62,121,31,44,74,81,230,196,148,344,574
01/16/2020,COS,CO,ANM,WE,Combined TRACON& Tower with Radar,42,38,39,19,138,0,2,61,44,107,42,40,100,63,245,220,192,412,657
01/17/2020,COS,CO,ANM,WE,Combined TRACON& Tower with Radar,33,39,15,8,95,0,0,7,7,14,33,39,22,15,109,24,30,54,163
01/18/2020,COS,CO,ANM,WE,Combined TRACON& Tower with Radar,26,31,27,25,109,0,2,116,17,135,26,33,143,42,244,152,12,164,408
01/19/2020,COS,CO,ANM,WE,Combined TRACON& Tower with Radar,31,38,17,13,99,0,5,60,9,74,31,43,77,22,173,138,8,146,319
01/20/2020,COS,CO,ANM,WE,Combined TRACON& Tower with Radar,29,45,44,11,129,0,3,127,11,141,29,48,171,22,270,130,14,144,414
01/21/2020,COS,CO,ANM,WE,Combined TRACON& Tower with Radar,40,34,31,8,113,0,6,68,45,119,40,40,99,53,232,174,174,348,580
01/22/2020,COS,CO,ANM,WE,Combined TRACON& Tower with Radar,36,41,41,28,146,0,2,74,60,136,36,43,115,88,282,184,276,460,742
01/23/2020,COS,CO,ANM,WE,Combined TRACON& Tower with Radar,43,45,48,26,162,0,3,77,49,129,43,48,125,75,291,104,146,250,541
01/24/2020,COS,CO,ANM,WE,Combined TRACON& Tower with Radar,34,40,31,35,140,0,0,108,28,136,34,40,139,63,276,200,96,296,572
01/25/2020,COS,CO,ANM,WE,Combined TRACON& Tower with Radar,25,34,26,44,129,0,3,98,28,129,25,37,124,72,258,172,90,262,520
01/26/2020,COS,CO,ANM,WE,Combined TRACON& Tower with Radar,35,34,37,22,128,0,8,91,15,114,35,42,128,37,242,138,46,184,426
01/27/2020,COS,CO,ANM,WE,Combined TRACON& Tower with Radar,34,46,23,6,109,0,3,40,15,58,34,49,63,21,167,86,80,166,333
01/28/2020,COS,CO,ANM,WE,Combined TRACON& Tower with Radar,43,35,41,48,167,0,2,66,30,98,43,37,107,78,265,222,78,300,565
01/29/2020,COS,CO,ANM,WE,Combined TRACON& Tower with Radar,32,29,19,30,110,0,1,35,18,54,32,30,54,48,164,156,48,204,368
01/30/2020,COS,CO,ANM,WE,Combined TRACON& Tower with Radar,38,36,24,19,117,0,0,74,27,101,38,36,98,46,218,114,84,198,416
01/31/2020,COS,CO,ANM,WE,Combined TRACON& Tower with Radar,32,33,35,8,108,0,2,57,8,67,32,35,92,16,175,108,40,148,323
02/01/2020,COS,CO,ANM,WE,Combined TRACON& Tower with Radar,28,33,39,9,109,0,4,77,19,100,28,37,116,28,209,162,12,174,383
02/02/2020,COS,CO,ANM,WE,Combined TRACON& Tower with Radar,39,36,20,1,96,0,5,51,4,60,39,41,71,5,156,64,0,64,220
02/03/2020,COS,CO,ANM,WE,Combined TRACON& Tower with Radar,32,33,18,3,86,0,0,0,1,1,32,33,18,4,87,0,0,0,87
02/04/2020,COS,CO,ANM,WE,Combined TRACON& Tower with Radar,39,48,18,5,110,0,2,1,4,7,39,50,19,9,117,4,0,4,121
02/05/2020,COS,CO,ANM,WE,Combined TRACON& Tower with Radar,35,41,33,19,128,0,0,68,22,90,35,41,101,41,218,0,0,0,218
02/06/2020,COS,CO,ANM,WE,Combined TRACON& Tower with Radar,38,30,22,32,122,0,4,36,29,69,38,34,58,61,191,106,116,222,413
02/07/2020,COS,CO,ANM,WE,Combined TRACON& Tower with Radar,30,31,12,4,77,0,0,0,0,0,30,31,12,4,77,0,0,0,77
02/08/2020,COS,CO,ANM,WE,Combined TRACON& Tower with Radar,28,36,28,5,97,0,0,57,7,64,28,36,85,12,161,128,28,156,317
02/09/2020,COS,CO,ANM,WE,Combined TRACON& Tower with Radar,35,32,14,19,100,0,0,2,2,4,35,32,16,21,104,0,0,0,104
02/10/2020,COS,CO,ANM,WE,Combined TRACON& Tower with Radar,36,39,39,11,125,0,0,44,25,69,36,39,83,36,194,64,78,142,336
02/11/2020,COS,CO,ANM,WE,Combined TRACON& Tower with Radar,38,40,20,19,117,0,0,35,12,47,38,40,55,31,164,128,31,159,323
02/12/2020,COS,CO,ANM,WE,Combined TRACON& Tower with Radar,41,45,34,18,138,0,2,28,14,44,41,47,62,32,182,0,0,0,182
02/13/2020,COS,CO,ANM,WE,Combined TRACON& Tower with Radar,36,50,42,12,140,0,0,16,5,21,36,50,58,17,161,0,0,0,161
02/14/2020,COS,CO,ANM,WE,Combined TRACON& Tower with Radar,30,50,44,14,138,0,2,104,43,149,30,52,148,57,287,210,62,272,559
02/15/2020,COS,CO,ANM,WE,Combined TRACON& Tower with Radar,30,44,38,6,118,0,0,108,10,118,30,44,146,16,236,158,0,158,394
02/16/2020,COS,CO,ANM,WE,Combined TRACON& Tower with Radar,31,49,38,2,120,0,2,92,9,103,31,51,130,11,223,146,22,168,391
02/17/2020,COS,CO,ANM,WE,Combined TRACON& Tower with Radar,28,44,36,5,113,0,0,27,4,31,28,44,63,9,144,120,0,120,264
02/18/2020,COS,CO,ANM,WE,Combined TRACON& Tower with Radar,32,39,19,1,91,0,0,1,0,1,32,39,20,1,92,0,0,0,92
02/19/2020,COS,CO,ANM,WE,Combined TRACON& Tower with Radar,26,47,21,18,112,0,1,6,11,18,26,48,27,29,130,30,26,56,186
02/20/2020,COS,CO,ANM,WE,Combined TRACON& Tower with Radar,34,45,27,27,133,0,0,2,13,15,34,45,29,40,148,4,6,10,158
02/21/2020,COS,CO,ANM,WE,Combined TRACON& Tower with Radar,29,50,53,18,150,0,3,150,19,172,29,53,203,37,322,146,106,252,574
02/22/2020,COS,CO,ANM,WE,Combined TRACON& Tower with Radar,25,41,49,6,121,0,1,125,7,133,25,42,174,13,254,208,6,214,468
02/23/2020,COS,CO,ANM,WE,Combined TRACON& Tower with Radar,31,37,16,6,90,0,4,2,4,10,31,41,18,10,100,0,0,0,100
02/24/2020,COS,CO,ANM,WE,Combined TRACON& Tower with Radar,29,43,23,10,105,0,0,16,10,26,29,43,39,20,131,0,20,20,151
02/25/2020,COS,CO,ANM,WE,Combined TRACON& Tower with Radar,32,37,15,8,92,0,0,1,1,2,32,37,16,9,94,0,18,18,112
02/26/2020,COS,CO,ANM,WE,Combined TRACON& Tower with Radar,26,40,39,23,128,0,0,100,41,141,26,40,139,64,269,142,62,204,473
02/27/2020,COS,CO,ANM,WE,Combined TRACON& Tower with Radar,34,40,24,24,122,0,3,59,65,127,34,43,83,89,249,120,160,280,529
02/28/2020,COS,CO,ANM,WE,Combined TRACON& Tower with Radar,27,45,33,29,134,0,7,95,38,140,27,52,128,67,274,210,86,296,570
02/29/2020,COS,CO,ANM,WE,Combined TRACON& Tower with Radar,25,37,29,9,100,0,0,128,18,146,25,37,157,27,246,141,30,171,417
03/01/2020,COS,CO,ANM,WE,Combined TRACON& Tower with Radar,33,40,26,7,106,0,3,46,0,49,33,43,72,7,155,56,0,56,211
03/02/2020,COS,CO,ANM,WE,Combined TRACON& Tower with Radar,27,37,10,10,84,0,1,23,6,30,27,38,33,16,114,48,16,64,178
03/03/2020,COS,CO,ANM,WE,Combined TRACON& Tower with Radar,32,49,33,15,129,0,4,111,39,154,32,53,144,54,283,276,110,386,669
03/04/2020,COS,CO,ANM,WE,Combined TRACON& Tower with Radar,28,44,38,16,126,0,1,84,29,114,28,45,122,45,240,98,36,134,374
03/05/2020,COS,CO,ANM,WE,Combined TRACON& Tower with Radar,32,43,36,18,129,0,0,110,36,146,32,43,146,54,275,0,0,0,275
03/06/2020,COS,CO,ANM,WE,Combined TRACON& Tower with Radar,29,48,42,19,138,0,0,121,31,152,29,48,163,50,290,122,83,205,495
03/07/2020,COS,CO,ANM,WE,Combined TRACON& Tower with Radar,25,42,25,10,102,0,7,84,3,94,25,49,109,13,196,138,60,198,394
03/08/2020,COS,CO,ANM,WE,Combined TRACON& Tower with Radar,39,46,18,8,111,0,4,49,5,58,39,50,67,13,169,96,0,96,265
03/09/2020,COS,CO,ANM,WE,Combined TRACON& Tower with Radar,31,49,51,20,151,0,0,68,38,106,31,49,119,58,257,290,56,346,603
03/10/2020,COS,CO,ANM,WE,Combined TRACON& Tower with Radar,30,46,18,22,116,0,0,62,30,92,30,46,80,52,208,110,53,163,371
03/11/2020,COS,CO,ANM,WE,Combined TRACON& Tower with Radar,27,46,39,16,128,0,13,89,49,151,27,59,128,65,279,232,88,320,599
03/12/2020,COS,CO,ANM,WE,Combined TRACON& Tower with Radar,33,54,21,38,146,0,6,42,34,82,33,60,63,72,228,128,60,188,416
03/13/2020,COS,CO,ANM,WE,Combined TRACON& Tower with Radar,26,49,10,6,91,0,1,0,0,1,26,50,10,6,92,0,0,0,92
03/14/2020,COS,CO,ANM,WE,Combined TRACON& Tower with Radar,33,35,21,2,91,0,0,1,0,1,33,35,22,2,92,0,0,0,92
03/15/2020,COS,CO,ANM,WE,Combined TRACON& Tower with Radar,29,46,29,1,105,0,1,1,0,2,29,47,30,1,107,12,0,12,119
03/16/2020,COS,CO,ANM,WE,Combined TRACON& Tower with Radar,25,54,33,16,128,0,3,104,12,119,25,57,137,28,247,122,24,146,393
03/17/2020,COS,CO,ANM,WE,Combined TRACON& Tower with Radar,28,43,6,9,86,0,1,7,7,15,28,44,13,16,101,0,22,22,123
03/18/2020,COS,CO,ANM,WE,Combined TRACON& Tower with Radar,36,54,31,13,134,0,3,75,21,99,36,57,106,34,233,126,36,162,395
03/19/2020,COS,CO,ANM,WE,Combined TRACON& Tower with Radar,28,32,4,2,66,0,1,1,0,2,28,33,5,2,68,0,0,0,68
03/20/2020,COS,CO,ANM,WE,Combined TRACON& Tower with Radar,25,38,10,2,75,0,1,0,2,3,25,39,10,4,78,0,0,0,78
03/21/2020,COS,CO,ANM,WE,Combined TRACON& Tower with Radar,27,41,29,0,97,0,0,65,2,67,27,41,94,2,164,194,0,194,358
03/22/2020,COS,CO,ANM,WE,Combined TRACON& Tower with Radar,30,36,15,0,81,0,0,45,3,48,30,36,60,3,129,102,0,102,231
03/23/2020,COS,CO,ANM,WE,Combined TRACON& Tower with Radar,17,31,15,7,70,0,2,55,17,74,17,33,70,24,144,158,30,188,332
03/24/2020,COS,CO,ANM,WE,Combined TRACON& Tower with Radar,26,29,15,9,79,0,0,61,56,117,26,29,76,65,196,158,178,336,532
03/25/2020,COS,CO,ANM,WE,Combined TRACON& Tower with Radar,18,29,8,14,69,0,0,23,14,37,18,29,31,28,106,40,0,40,146
03/26/2020,COS,CO,ANM,WE,Combined TRACON& Tower with Radar,18,28,5,0,51,0,8,2,2,12,18,36,7,2,63,0,0,0,63
03/27/2020,COS,CO,ANM,WE,Combined TRACON& Tower with Radar,20,24,10,4,58,0,3,19,0,22,20,27,29,4,80,88,0,88,168
03/28/2020,COS,CO,ANM,WE,Combined TRACON& Tower with Radar,11,33,14,0,58,0,7,15,2,24,11,40,29,2,82,14,0,14,96
03/29/2020,COS,CO,ANM,WE,Combined TRACON& Tower with Radar,8,26,31,0,65,0,3,51,0,54,8,29,82,0,119,6,0,6,125
03/30/2020,COS,CO,ANM,WE,Combined TRACON& Tower with Radar,12,37,15,3,67,0,6,28,2,36,12,43,43,5,103,34,2,36,139
03/31/2020,COS,CO,ANM,WE,Combined TRACON& Tower with Radar,17,23,18,10,68,0,4,51,15,70,17,27,69,25,138,46,44,90,228
04/01/2020,COS,CO,ANM,WE,Combined TRACON& Tower with Radar,19,18,12,8,57,0,4,37,13,54,19,22,49,21,111,66,28,94,205
04/02/2020,COS,CO,ANM,WE,Combined TRACON& Tower with Radar,16,17,1,32,66,0,3,0,0,3,16,20,1,32,69,0,0,0,69
04/03/2020,COS,CO,ANM,WE,Combined TRACON& Tower with Radar,14,20,19,25,78,0,1,11,1,13,14,21,30,26,91,24,16,40,131
04/04/2020,COS,CO,ANM,WE,Combined TRACON& Tower with Radar,16,17,30,0,63,0,11,38,0,49,16,28,68,0,112,50,0,50,162
04/05/2020,COS,CO,ANM,WE,Combined TRACON& Tower with Radar,15,15,10,0,40,0,0,39,2,41,15,15,49,2,81,40,0,40,121
04/06/2020,COS,CO,ANM,WE,Combined TRACON& Tower with Radar,19,17,15,11,62,0,2,29,9,40,19,19,44,20,102,28,36,64,166
04/07/2020,COS,CO,ANM,WE,Combined TRACON& Tower with Radar,14,16,6,10,46,0,6,30,4,40,14,22,36,14,86,26,12,38,124
04/08/2020,COS,CO,ANM,WE,Combined TRACON& Tower with Radar,18,22,14,2,56,0,2,42,2,46,18,24,56,4,102,46,6,52,154
04/09/2020,COS,CO,ANM,WE,Combined TRACON& Tower with Radar,23,14,17,8,62,0,0,34,2,36,23,14,51,10,98,24,18,42,140
04/10/2020,COS,CO,ANM,WE,Combined TRACON& Tower with Radar,18,13,9,2,42,0,2,38,2,42,18,15,47,4,84,52,0,52,136
04/11/2020,COS,CO,ANM,WE,Combined TRACON& Tower with Radar,16,13,18,3,50,0,2,54,7,63,16,15,72,10,113,42,4,46,159
04/12/2020,COS,CO,ANM,WE,Combined TRACON& Tower with Radar,11,8,1,0,20,0,1,0,0,1,11,9,1,0,21,0,0,0,21
04/13/2020,COS,CO,ANM,WE,Combined TRACON& Tower with Radar,14,12,3,1,30,0,0,0,0,0,14,12,3,1,30,0,0,0,30
04/14/2020,COS,CO,ANM,WE,Combined TRACON& Tower with Radar,19,12,12,9,52,0,3,13,4,20,19,15,25,13,72,34,6,40,112
04/15/2020,COS,CO,ANM,WE,Combined TRACON& Tower with Radar,15,15,10,15,55,0,12,36,14,62,15,27,46,29,117,106,22,128,245
04/16/2020,COS,CO,ANM,WE,Combined TRACON& Tower with Radar,19,19,2,1,41,0,1,1,1,3,19,20,3,2,44,0,16,16,60
04/17/2020,COS,CO,ANM,WE,Combined TRACON& Tower with Radar,12,15,18,6,51,0,5,34,20,59,12,20,52,26,110,42,104,146,256
04/18/2020,COS,CO,ANM,WE,Combined TRACON& Tower with Radar,11,12,6,6,35,0,0,15,3,18,11,12,21,9,53,30,0,30,83
04/19/2020,COS,CO,ANM,WE,Combined TRACON& Tower with Radar,17,7,12,0,36,0,0,31,0,31,17,7,43,0,67,34,0,34,101
04/20/2020,COS,CO,ANM,WE,Combined TRACON& Tower with Radar,18,11,18,5,52,0,2,24,14,40,18,13,42,19,92,34,46,80,172
04/21/2020,COS,CO,ANM,WE,Combined TRACON& Tower with Radar,12,9,8,14,43,0,6,18,22,46,12,15,26,36,89,12,78,90,179
04/22/2020,COS,CO,ANM,WE,Combined TRACON& Tower with Radar,17,13,13,12,55,0,2,27,28,57,17,15,40,40,112,50,62,112,224
04/23/2020,COS,CO,ANM,WE,Combined TRACON& Tower with Radar,12,17,22,8,59,0,4,34,16,54,12,21,56,24,113,100,76,176,289
04/24/2020,COS,CO,ANM,WE,Combined TRACON& Tower with Radar,18,13,16,2,49,0,2,15,4,21,18,15,31,6,70,10,0,10,80
04/25/2020,COS,CO,ANM,WE,Combined TRACON& Tower with Radar,14,12,7,0,33,0,1,50,1,52,14,13,57,1,85,80,10,90,175
04/26/2020,COS,CO,ANM,WE,Combined TRACON& Tower with Radar,9,10,16,0,35,0,0,41,0,41,9,10,57,0,76,62,0,62,138
04/27/2020,COS,CO,ANM,WE,Combined TRACON& Tower with Radar,14,15,11,23,63,0,0,72,39,111,14,15,83,62,174,145,118,263,437
04/28/2020,COS,CO,ANM,WE,Combined TRACON& Tower with Radar,14,13,7,13,47,0,0,38,27,65,14,13,45,40,112,74,68,142,254
04/29/2020,COS,CO,ANM,WE,Combined TRACON& Tower with Radar,20,10,21,4,55,0,4,118,20,142,20,14,139,24,197,204,26,230,427
04/30/2020,COS,CO,ANM,WE,Combined TRACON& Tower with Radar,18,14,18,14,64,0,2,49,25,76,18,16,67,39,140,166,125,291,431
05/01/2020,COS,CO,ANM,WE,Combined TRACON& Tower with Radar,21,19,30,11,81,0,1,76,23,100,21,20,106,34,181,164,54,218,399
05/02/2020,COS,CO,ANM,WE,Combined TRACON& Tower with Radar,14,15,21,0,50,0,3,19,0,22,14,18,40,0,72,150,0,150,222
05/03/2020,COS,CO,ANM,WE,Combined TRACON& Tower with Radar,8,14,17,0,39,0,0,57,0,57,8,14,74,0,96,58,0,58,154
05/04/2020,COS,CO,ANM,WE,Combined TRACON& Tower with Radar,11,15,29,7,62,0,4,17,12,33,11,19,46,19,95,62,78,140,235
05/05/2020,COS,CO,ANM,WE,Combined TRACON& Tower with Radar,12,14,24,13,63,0,0,74,32,106,12,14,98,45,169,176,108,284,453
05/06/2020,COS,CO,ANM,WE,Combined TRACON& Tower with Radar,16,8,34,12,70,0,1,75,21,97,16,9,109,33,167,196,106,302,469
05/07/2020,COS,CO,ANM,WE,Combined TRACON& Tower with Radar,14,19,18,8,59,0,1,34,11,46,14,20,52,19,105,96,18,114,219
05/08/2020,COS,CO,ANM,WE,Combined TRACON& Tower with Radar,12,19,42,8,81,0,5,75,8,88,12,24,117,16,169,264,10,274,443
05/09/2020,COS,CO,ANM,WE,Combined TRACON& Tower with Radar,8,14,10,0,32,0,2,8,0,10,8,16,18,0,42,0,0,0,42
05/10/2020,COS,CO,ANM,WE,Combined TRACON& Tower with Radar,8,7,18,4,37,0,3,96,0,99,8,10,114,4,136,128,0,128,264
05/11/2020,COS,CO,ANM,WE,Combined TRACON& Tower with Radar,9,8,18,20,55,0,1,49,9,59,9,9,67,29,114,224,30,254,368
05/12/2020,COS,CO,ANM,WE,Combined TRACON& Tower with Radar,12,12,29,24,77,0,5,20,9,34,12,17,49,33,111,24,32,56,167
05/13/2020,COS,CO,ANM,WE,Combined TRACON& Tower with Radar,11,13,39,26,89,0,2,96,32,130,11,15,135,58,219,150,112,262,481
05/14/2020,COS,CO,ANM,WE,Combined TRACON& Tower with Radar,17,8,25,8,58,0,2,64,19,85,17,10,89,27,143,120,32,152,295
05/15/2020,COS,CO,ANM,WE,Combined TRACON& Tower with Radar,15,8,36,7,66,0,2,64,17,83,15,10,100,24,149,132,32,164,313
05/16/2020,COS,CO,ANM,WE,Combined TRACON& Tower with Radar,9,7,21,0,37,0,0,84,4,88,9,7,105,4,125,140,0,140,265
05/17/2020,COS,CO,ANM,WE,Combined TRACON& Tower with Radar,11,5,26,0,42,0,0,89,4,93,11,5,115,4,135,168,0,168,303
05/18/2020,COS,CO,ANM,WE,Combined TRACON& Tower with Radar,12,12,41,5,70,0,3,92,16,111,12,15,133,21,181,174,68,242,423
05/19/2020,COS,CO,ANM,WE,Combined TRACON& Tower with Radar,13,11,27,28,79,0,2,99,25,126,13,13,126,53,205,186,74,260,465
05/20/2020,COS,CO,ANM,WE,Combined TRACON& Tower with Radar,12,13,35,15,75,0,1,37,13,51,12,14,72,28,126,132,38,170,296
05/21/2020,COS,CO,ANM,WE,Combined TRACON& Tower with Radar,14,14,50,14,92,0,8,119,14,141,14,22,169,28,233,244,50,294,527
05/22/2020,COS,CO,ANM,WE,Combined TRACON& Tower with Radar,16,9,38,0,63,0,2,85,8,95,16,11,123,8,158,139,14,153,311
05/23/2020,COS,CO,ANM,WE,Combined TRACON& Tower with Radar,12,9,36,3,60,0,0,60,5,65,12,9,96,8,125,78,0,78,203
05/24/2020,COS,CO,ANM,WE,Combined TRACON& Tower with Radar,8,6,18,3,35,0,2,19,2,23,8,8,37,5,58,66,14,80,138
05/25/2020,COS,CO,ANM,WE,Combined TRACON& Tower with Radar,14,5,29,1,49,0,2,79,1,82,14,7,108,2,131,104,34,138,269
05/26/2020,COS,CO,ANM,WE,Combined TRACON& Tower with Radar,12,14,29,18,73,0,2,109,33,144,12,16,138,51,217,240,106,346,563
05/27/2020,COS,CO,ANM,WE,Combined TRACON& Tower with Radar,12,11,28,29,80,0,2,80,30,112,12,13,108,59,192,204,174,378,570
05/28/2020,COS,CO,ANM,WE,Combined TRACON& Tower with Radar,14,13,28,9,64,0,2,51,22,75,14,15,79,31,139,118,80,198,337
05/29/2020,COS,CO,ANM,WE,Combined TRACON& Tower with Radar,19,7,35,18,79,0,9,106,18,133,19,16,141,36,212,196,84,280,492
05/30/2020,COS,CO,ANM,WE,Combined TRACON& Tower with Radar,11,13,21,2,47,0,5,80,1,86,11,18,101,3,133,146,2,148,281
05/31/2020,COS,CO,ANM,WE,Combined TRACON& Tower with Radar,6,11,21,1,39,0,2,79,4,85,6,13,100,5,124,112,0,112,236
06/01/2020,COS,CO,ANM,WE,Combined TRACON& Tower with Radar,17,9,23,15,64,0,4,55,17,76,17,13,78,32,140,208,86,294,434
06/02/2020,COS,CO,ANM,WE,Combined TRACON& Tower with Radar,11,13,16,13,53,0,6,35,9,50,11,19,51,22,103,120,54,174,277
06/03/2020,COS,CO,ANM,WE,Combined TRACON& Tower with Radar,12,23,27,13,75,0,0,93,19,112,12,23,120,32,187,190,72,262,449
06/04/2020,COS,CO,ANM,WE,Combined TRACON& Tower with Radar,19,11,35,8,73,0,4,73,23,100,19,15,108,31,173,220,148,368,541
06/05/2020,COS,CO,ANM,WE,Combined TRACON& Tower with Radar,18,17,43,13,91,0,4,84,23,111,18,21,127,36,202,102,154,256,458
06/06/2020,COS,CO,ANM,WE,Combined TRACON& Tower with Radar,11,10,10,3,34,0,2,12,2,16,11,12,22,5,50,8,0,8,58
06/07/2020,COS,CO,ANM,WE,Combined TRACON& Tower with Radar,9,12,11,4,36,0,0,30,0,30,9,12,41,4,66,84,0,84,150
06/08/2020,COS,CO,ANM,WE,Combined TRACON& Tower with Radar,17,10,40,2,69,0,2,87,17,106,17,12,127,19,175,90,48,138,313
06/09/2020,COS,CO,ANM,WE,Combined TRACON& Tower with Radar,10,14,13,9,46,0,3,11,6,20,10,17,24,15,66,0,34,34,100
06/10/2020,COS,CO,ANM,WE,Combined TRACON& Tower with Radar,14,9,35,13,71,0,11,153,27,191,14,20,188,40,262,448,100,548,810
06/11/2020,COS,CO,ANM,WE,Combined TRACON& Tower with Radar,12,18,46,14,90,0,4,121,28,153,12,22,167,42,243,145,76,221,464
06/12/2020,COS,CO,ANM,WE,Combined TRACON& Tower with Radar,18,26,43,2,89,0,4,98,15,117,18,30,141,17,206,111,64,175,381
06/13/2020,COS,CO,ANM,WE,Combined TRACON& Tower with Radar,9,15,25,6,55,0,1,59,2,62,9,16,84,8,117,132,0,132,249
06/14/2020,COS,CO,ANM,WE,Combined TRACON& Tower with Radar,7,16,20,4,47,0,4,51,5,60,7,20,71,9,107,68,26,94,201
06/15/2020,COS,CO,ANM,WE,Combined TRACON& Tower with Radar,14,17,44,5,80,0,4,97,18,119,14,21,141,23,199,160,44,204,403
06/16/2020,COS,CO,ANM,WE,Combined TRACON& Tower with Radar,10,15,19,17,61,0,4,75,20,99,10,19,94,37,160,94,38,132,292
06/17/2020,COS,CO,ANM,WE,Combined TRACON& Tower with Radar,18,23,36,26,103,0,3,55,31,89,18,26,91,57,192,42,80,122,314
06/18/2020,COS,CO,ANM,WE,Combined TRACON& Tower with Radar,13,23,44,14,94,0,0,53,33,86,13,23,97,47,180,46,44,90,270
06/19/2020,COS,CO,ANM,WE,Combined TRACON& Tower with Radar,17,19,57,6,99,0,7,69,6,82,17,26,126,12,181,172,20,192,373
06/20/2020,COS,CO,ANM,WE,Combined TRACON& Tower with Radar,13,17,34,10,74,0,6,133,15,154,13,23,167,25,228,218,4,222,450
06/21/2020,COS,CO,ANM,WE,Combined TRACON& Tower with Radar,9,16,35,0,60,0,3,92,4,99,9,19,127,4,159,0,0,0,159
06/22/2020,COS,CO,ANM,WE,Combined TRACON& Tower with Radar,7,32,29,9,77,0,4,86,23,113,7,36,115,32,190,156,58,214,404
06/23/2020,COS,CO,ANM,WE,Combined TRACON& Tower with Radar,11,17,30,9,67,0,2,76,28,106,11,19,106,37,173,156,50,206,379
06/24/2020,COS,CO,ANM,WE,Combined TRACON& Tower with Radar,17,15,33,34,99,0,2,102,29,133,17,17,135,63,232,252,130,382,614
06/25/2020,COS,CO,ANM,WE,Combined TRACON& Tower with Radar,26,16,33,13,88,0,7,70,23,100,26,23,103,36,188,168,65,233,421
06/26/2020,COS,CO,ANM,WE,Combined TRACON& Tower with Radar,25,22,45,5,97,0,4,67,25,96,25,26,112,30,193,102,70,172,365
06/27/2020,COS,CO,ANM,WE,Combined TRACON& Tower with Radar,13,17,39,0,69,0,2,83,1,86,13,19,122,1,155,190,0,190,345
06/28/2020,COS,CO,ANM,WE,Combined TRACON& Tower with Radar,15,20,37,0,72,0,0,82,0,82,15,20,119,0,154,158,10,168,322
06/29/2020,COS,CO,ANM,WE,Combined TRACON& Tower with Radar,16,16,38,7,77,0,5,79,4,88,16,21,117,11,165,176,2,178,343
06/30/2020,COS,CO,ANM,WE,Combined TRACON& Tower with Radar,11,25,34,22,92,0,0,76,24,100,11,25,110,46,192,72,72,144,336
07/01/2020,COS,CO,ANM,WE,Combined TRACON& Tower with Radar,11,28,66,22,127,0,4,111,33,148,11,32,177,55,275,250,94,344,619
07/02/2020,COS,CO,ANM,WE,Combined TRACON& Tower with Radar,18,24,60,23,125,0,4,92,38,134,18,28,152,61,259,174,158,332,591
07/03/2020,COS,CO,ANM,WE,Combined TRACON& Tower with Radar,18,15,37,5,75,0,2,93,6,101,18,17,130,11,176,174,158,332,508
07/04/2020,COS,CO,ANM,WE,Combined TRACON& Tower with Radar,8,11,14,7,40,0,2,41,9,52,8,13,55,16,92,182,6,188,280
07/05/2020,COS,CO,ANM,WE,Combined TRACON& Tower with Radar,16,20,45,1,82,0,0,69,2,71,16,20,114,3,153,142,22,164,317
07/06/2020,COS,CO,ANM,WE,Combined TRACON& Tower with Radar,20,28,39,6,93,0,4,131,28,163,20,32,170,34,256,290,158,448,704
07/07/2020,COS,CO,ANM,WE,Combined TRACON& Tower with Radar,24,20,43,7,94,0,2,86,33,121,24,22,129,40,215,222,118,340,555
07/08/2020,COS,CO,ANM,WE,Combined TRACON& Tower with Radar,24,25,53,18,120,0,8,109,20,137,24,33,162,38,257,242,76,318,575
07/09/2020,COS,CO,ANM,WE,Combined TRACON& Tower with Radar,37,11,53,28,129,0,1,89,46,136,37,12,142,74,265,154,116,270,535
07/10/2020,COS,CO,ANM,WE,Combined TRACON& Tower with Radar,32,15,61,37,145,0,6,59,18,83,32,21,120,55,228,204,148,352,580
07/11/2020,COS,CO,ANM,WE,Combined TRACON& Tower with Radar,24,20,42,3,89,0,7,57,1,65,24,27,99,4,154,84,8,92,246
07/12/2020,COS,CO,ANM,WE,Combined TRACON& Tower with Radar,27,20,57,7,111,0,4,33,11,48,27,24,90,18,159,98,18,116,275
07/13/2020,COS,CO,ANM,WE,Combined TRACON& Tower with Radar,30,19,48,8,105,0,6,67,18,91,30,25,115,26,196,102,40,142,338
07/14/2020,COS,CO,ANM,WE,Combined TRACON& Tower with Radar,22,16,36,16,90,0,0,56,24,80,22,16,92,40,170,174,57,231,401
07/15/2020,COS,CO,ANM,WE,Combined TRACON& Tower with Radar,24,19,37,4,84,0,6,91,33,130,24,25,128,37,214,154,138,292,506
07/16/2020,COS,CO,ANM,WE,Combined TRACON& Tower with Radar,35,21,43,8,107,0,2,140,29,171,35,23,183,37,278,228,84,312,590
07/17/2020,COS,CO,ANM,WE,Combined TRACON& Tower with Radar,35,20,59,11,125,0,6,101,30,137,35,26,160,41,262,286,170,456,718
07/18/2020,COS,CO,ANM,WE,Combined TRACON& Tower with Radar,36,20,55,5,116,0,0,89,13,102,36,20,144,18,218,145,62,207,425
07/19/2020,COS,CO,ANM,WE,Combined TRACON& Tower with Radar,29,14,37,3,83,0,6,56,1,63,29,20,93,4,146,90,0,90,236
07/20/2020,COS,CO,ANM,WE,Combined TRACON& Tower with Radar,35,15,62,13,125,0,4,88,20,112,35,19,150,33,237,188,58,246,483
07/21/2020,COS,CO,ANM,WE,Combined TRACON& Tower with Radar,22,22,56,12,112,0,5,80,37,122,22,27,136,49,234,262,118,380,614
07/22/2020,COS,CO,ANM,WE,Combined TRACON& Tower with Radar,22,28,66,17,133,0,9,118,37,164,22,37,184,54,297,294,112,406,703
07/23/2020,COS,CO,ANM,WE,Combined TRACON& Tower with Radar,32,21,69,26,148,0,3,106,28,137,32,24,175,54,285,204,126,330,615
07/24/2020,COS,CO,ANM,WE,Combined TRACON& Tower with Radar,36,19,65,29,149,0,4,74,30,108,36,23,139,59,257,178,124,302,559
07/25/2020,COS,CO,ANM,WE,Combined TRACON& Tower with Radar,24,11,31,47,113,0,0,78,7,85,24,11,109,54,198,188,10,198,396
07/26/2020,COS,CO,ANM,WE,Combined TRACON& Tower with Radar,27,27,44,13,111,0,2,54,5,61,27,29,98,18,172,104,0,104,276
07/27/2020,COS,CO,ANM,WE,Combined TRACON& Tower with Radar,30,27,49,19,125,0,2,74,17,93,30,29,123,36,218,220,72,292,510
07/28/2020,COS,CO,ANM,WE,Combined TRACON& Tower with Radar,16,23,62,10,111,0,2,16,10,28,16,25,78,20,139,62,10,72,211
07/29/2020,COS,CO,ANM,WE,Combined TRACON& Tower with Radar,19,19,52,18,108,0,9,123,21,153,19,28,175,39,261,144,74,218,479
07/30/2020,COS,CO,ANM,WE,Combined TRACON& Tower with Radar,32,23,43,15,113,0,4,63,26,93,32,27,106,41,206,152,36,188,394
07/31/2020,COS,CO,ANM,WE,Combined TRACON& Tower with Radar,38,23,57,24,142,0,9,128,13,150,38,32,185,37,292,278,46,324,616
08/01/2020,COS,CO,ANM,WE,Combined TRACON& Tower with Radar,22,25,40,1,88,0,5,60,16,81,22,30,100,17,169,104,36,140,309
08/02/2020,COS,CO,ANM,WE,Combined TRACON& Tower with Radar,28,18,48,8,102,0,4,77,5,86,28,22,125,13,188,142,42,184,372
08/03/2020,COS,CO,ANM,WE,Combined TRACON& Tower with Radar,32,15,57,33,137,0,7,10,12,29,32,22,67,45,166,54,36,90,256
08/04/2020,COS,CO,ANM,WE,Combined TRACON& Tower with Radar,18,32,37,36,123,0,3,94,49,146,18,35,131,85,269,270,172,442,711
08/05/2020,COS,CO,ANM,WE,Combined TRACON& Tower with Radar,18,25,30,20,93,0,5,86,21,112,18,30,116,41,205,140,14,154,359
08/06/2020,COS,CO,ANM,WE,Combined TRACON& Tower with Radar,27,27,51,22,127,0,8,86,39,133,27,35,137,61,260,204,62,266,526
08/07/2020,COS,CO,ANM,WE,Combined TRACON& Tower with Radar,31,28,42,24,125,0,11,115,21,147,31,39,157,45,272,271,92,363,635
08/08/2020,COS,CO,ANM,WE,Combined TRACON& Tower with Radar,22,26,33,26,107,0,4,75,18,97,22,30,108,44,204,96,52,148,352
08/09/2020,COS,CO,ANM,WE,Combined TRACON& Tower with Radar,25,30,41,16,112,0,3,82,19,104,25,33,123,35,216,169,21,190,406
08/10/2020,COS,CO,ANM,WE,Combined TRACON& Tower with Radar,28,31,36,7,102,0,4,51,15,70,28,35,87,22,172,196,56,252,424
08/11/2020,COS,CO,ANM,WE,Combined TRACON& Tower with Radar,17,33,32,22,104,2,8,103,29,142,19,41,135,51,246,232,38,270,516
08/12/2020,COS,CO,ANM,WE,Combined TRACON& Tower with Radar,31,50,47,22,150,3,2,46,34,85,34,52,93,56,235,278,52,330,565
08/13/2020,COS,CO,ANM,WE,Combined TRACON& Tower with Radar,24,34,57,8,123,0,4,97,59,160,24,38,154,67,283,246,92,338,621
08/14/2020,COS,CO,ANM,WE,Combined TRACON& Tower with Radar,26,41,49,46,162,0,4,99,50,153,26,45,148,96,315,278,168,446,761
08/15/2020,COS,CO,ANM,WE,Combined TRACON& Tower with Radar,22,27,48,18,115,0,2,75,25,102,22,29,123,43,217,170,66,236,453
08/16/2020,COS,CO,ANM,WE,Combined TRACON& Tower with Radar,25,32,48,4,109,0,0,85,21,106,25,32,133,25,215,150,0,150,365
08/17/2020,COS,CO,ANM,WE,Combined TRACON& Tower with Radar,23,28,37,19,107,2,0,102,35,139,25,28,139,54,246,150,88,238,484
08/18/2020,COS,CO,ANM,WE,Combined TRACON& Tower with Radar,18,38,38,19,113,0,4,101,35,140,18,42,139,54,253,250,84,334,587
08/19/2020,COS,CO,ANM,WE,Combined TRACON& Tower with Radar,15,36,44,20,115,0,10,79,44,133,15,46,123,64,248,158,118,276,524
08/20/2020,COS,CO,ANM,WE,Combined TRACON& Tower with Radar,29,35,44,19,127,0,4,85,25,114,29,39,129,44,241,70,52,122,363
08/21/2020,COS,CO,ANM,WE,Combined TRACON& Tower with Radar,23,36,63,51,173,0,12,142,40,194,23,48,205,91,367,206,172,378,745
08/22/2020,COS,CO,ANM,WE,Combined TRACON& Tower with Radar,21,30,48,26,125,0,4,73,8,85,21,34,121,34,210,152,22,174,384
08/23/2020,COS,CO,ANM,WE,Combined TRACON& Tower with Radar,25,24,65,16,130,0,6,43,21,70,25,30,108,37,200,80,46,126,326
08/24/2020,COS,CO,ANM,WE,Combined TRACON& Tower with Radar,25,20,49,6,100,0,0,69,21,90,25,20,118,27,190,196,82,278,468
08/25/2020,COS,CO,ANM,WE,Combined TRACON& Tower with Radar,16,34,41,9,100,1,8,80,41,130,17,42,121,50,230,234,116,350,580
08/26/2020,COS,CO,ANM,WE,Combined TRACON& Tower with Radar,21,30,37,23,111,0,0,97,17,114,21,30,134,40,225,138,56,194,419
08/27/2020,COS,CO,ANM,WE,Combined TRACON& Tower with Radar,29,26,53,19,127,0,6,115,19,140,29,32,168,38,267,217,48,265,532
08/28/2020,COS,CO,ANM,WE,Combined TRACON& Tower with Radar,32,33,39,18,122,0,0,32,18,50,32,33,71,36,172,10,26,36,208
08/29/2020,COS,CO,ANM,WE,Combined TRACON& Tower with Radar,24,24,40,13,101,0,3,94,11,108,24,27,134,24,209,131,34,165,374
08/30/2020,COS,CO,ANM,WE,Combined TRACON& Tower with Radar,26,24,40,11,101,0,2,92,3,97,26,26,132,14,198,212,20,232,430
08/31/2020,COS,CO,ANM,WE,Combined TRACON& Tower with Radar,33,17,30,13,93,0,6,70,33,109,33,23,100,46,202,86,116,202,404
09/01/2020,COS,CO,ANM,WE,Combined TRACON& Tower with Radar,18,29,36,25,108,0,7,111,22,140,18,36,147,47,248,250,42,292,540
09/02/2020,COS,CO,ANM,WE,Combined TRACON& Tower with Radar,19,29,43,24,115,0,5,134,22,161,19,34,177,46,276,0,0,0,276
09/03/2020,COS,CO,ANM,WE,Combined TRACON& Tower with Radar,29,41,41,25,136,0,3,89,26,118,29,44,130,51,254,142,58,200,454
09/04/2020,COS,CO,ANM,WE,Combined TRACON& Tower with Radar,29,38,66,9,142,0,1,110,15,126,29,39,176,24,268,256,48,304,572
09/05/2020,COS,CO,ANM,WE,Combined TRACON& Tower with Radar,22,15,30,3,70,0,6,88,3,97,22,21,118,6,167,132,4,136,303
09/06/2020,COS,CO,ANM,WE,Combined TRACON& Tower with Radar,20,21,23,4,68,0,1,58,0,59,20,22,81,4,127,106,0,106,233
09/07/2020,COS,CO,ANM,WE,Combined TRACON& Tower with Radar,28,37,82,3,150,0,6,107,0,113,28,43,189,3,263,204,10,214,477
09/08/2020,COS,CO,ANM,WE,Combined TRACON& Tower with Radar,23,20,20,5,68,0,0,1,0,1,23,20,21,5,69,0,0,0,69
09/09/2020,COS,CO,ANM,WE,Combined TRACON& Tower with Radar,17,32,29,10,88,0,0,2,0,2,17,32,31,10,90,0,0,0,90
09/10/2020,COS,CO,ANM,WE,Combined TRACON& Tower with Radar,28,38,38,4,108,0,1,1,7,9,28,39,39,11,117,36,0,36,153
09/11/2020,COS,CO,ANM,WE,Combined TRACON& Tower with Radar,30,28,50,26,134,0,2,110,27,139,30,30,160,53,273,224,62,286,559
09/12/2020,COS,CO,ANM,WE,Combined TRACON& Tower with Radar,26,31,46,8,111,0,1,139,18,158,26,32,185,26,269,210,56,266,535
09/13/2020,COS,CO,ANM,WE,Combined TRACON& Tower with Radar,32,25,45,11,113,0,6,107,14,127,32,31,152,25,240,191,58,249,489
09/14/2020,COS,CO,ANM,WE,Combined TRACON& Tower with Radar,27,27,43,37,134,0,0,103,38,141,27,27,146,75,275,126,108,234,509
09/15/2020,COS,CO,ANM,WE,Combined TRACON& Tower with Radar,18,20,46,11,95,0,6,100,38,144,18,26,146,49,239,238,48,286,525
09/16/2020,COS,CO,ANM,WE,Combined TRACON& Tower with Radar,26,34,43,7,110,0,2,49,57,108,26,36,92,64,218,40,76,116,334
09/17/2020,COS,CO,ANM,WE,Combined TRACON& Tower with Radar,26,28,53,37,144,0,5,82,56,143,26,33,135,93,287,169,144,313,600
09/18/2020,COS,CO,ANM,WE,Combined TRACON& Tower with Radar,29,27,66,44,166,0,2,103,41,146,29,29,169,85,312,204,128,332,644
09/19/2020,COS,CO,ANM,WE,Combined TRACON& Tower with Radar,28,22,41,44,135,0,4,96,7,107,28,26,137,51,242,222,52,274,516
09/20/2020,COS,CO,ANM,WE,Combined TRACON& Tower with Radar,36,39,58,18,151,0,4,82,10,96,36,43,140,28,247,158,38,196,443
09/21/2020,COS,CO,ANM,WE,Combined TRACON& Tower with Radar,26,31,35,31,123,0,6,114,34,154,26,37,149,65,277,122,120,242,519
09/22/2020,COS,CO,ANM,WE,Combined TRACON& Tower with Radar,17,36,42,23,118,0,2,90,42,134,17,38,132,65,252,263,51,314,566
09/23/2020,COS,CO,ANM,WE,Combined TRACON& Tower with Radar,20,43,38,26,127,0,1,103,34,138,20,44,141,60,265,180,50,230,495
09/24/2020,COS,CO,ANM,WE,Combined TRACON& Tower with Radar,28,42,58,24,152,0,3,115,33,151,28,45,173,57,303,86,54,140,443
09/25/2020,COS,CO,ANM,WE,Combined TRACON& Tower with Radar,29,32,51,28,140,0,4,100,34,138,29,36,151,62,278,156,126,282,560
09/26/2020,COS,CO,ANM,WE,Combined TRACON& Tower with Radar,26,24,24,5,79,0,6,80,5,91,26,30,104,10,170,100,44,144,314
09/27/2020,COS,CO,ANM,WE,Combined TRACON& Tower with Radar,27,40,44,20,131,0,0,59,6,65,27,40,103,26,196,76,8,84,280
09/28/2020,COS,CO,ANM,WE,Combined TRACON& Tower with Radar,28,28,37,37,130,0,3,56,20,79,28,31,93,57,209,126,82,208,417
09/29/2020,COS,CO,ANM,WE,Combined TRACON& Tower with Radar,18,22,38,17,95,0,2,90,17,109,18,24,128,34,204,163,58,221,425
09/30/2020,COS,CO,ANM,WE,Combined TRACON& Tower with Radar,23,29,51,12,115,0,0,62,31,93,23,29,113,43,208,146,156,302,510
10/01/2020,COS,CO,ANM,WE,Combined TRACON& Tower with Radar,27,22,32,11,92,0,4,104,39,147,27,26,136,50,239,146,100,246,485
10/02/2020,COS,CO,ANM,WE,Combined TRACON& Tower with Radar,33,22,38,33,126,0,0,99,12,111,33,22,137,45,237,228,128,356,593
10/03/2020,COS,CO,ANM,WE,Combined TRACON& Tower with Radar,30,24,47,10,111,0,1,128,14,143,30,25,175,24,254,258,4,262,516
10/04/2020,COS,CO,ANM,WE,Combined TRACON& Tower with Radar,24,26,37,10,97,0,5,97,15,117,24,31,134,25,214,250,4,254,468
10/05/2020,COS,CO,ANM,WE,Combined TRACON& Tower with Radar,25,38,30,14,107,0,6,97,45,148,25,44,127,59,255,108,74,182,437
10/06/2020,COS,CO,ANM,WE,Combined TRACON& Tower with Radar,22,32,51,20,125,0,4,141,17,162,22,36,192,37,287,313,78,391,678
10/07/2020,COS,CO,ANM,WE,Combined TRACON& Tower with Radar,26,25,36,20,107,0,11,92,25,128,26,36,128,45,235,236,54,290,525
10/08/2020,COS,CO,ANM,WE,Combined TRACON& Tower with Radar,27,39,60,28,154,0,5,99,21,125,27,44,159,49,279,258,98,356,635
10/09/2020,COS,CO,ANM,WE,Combined TRACON& Tower with Radar,33,32,53,17,135,0,4,96,18,118,33,36,149,35,253,126,74,200,453
10/10/2020,COS,CO,ANM,WE,Combined TRACON& Tower with Radar,30,28,35,7,100,0,0,76,6,82,30,28,111,13,182,134,32,166,348
10/11/2020,COS,CO,ANM,WE,Combined TRACON& Tower with Radar,31,27,19,4,81,0,2,13,1,16,31,29,32,5,97,0,0,0,97
10/12/2020,COS,CO,ANM,WE,Combined TRACON& Tower with Radar,35,44,37,8,124,0,4,61,13,78,35,48,98,21,202,130,0,130,332
10/13/2020,COS,CO,ANM,WE,Combined TRACON& Tower with Radar,30,27,46,25,128,0,8,93,48,149,30,35,139,73,277,160,153,313,590
10/14/2020,COS,CO,ANM,WE,Combined TRACON& Tower with Radar,27,29,28,9,93,0,2,23,8,33,27,31,51,17,126,18,16,34,160
10/15/2020,COS,CO,ANM,WE,Combined TRACON& Tower with Radar,28,38,37,12,115,0,0,62,31,93,28,38,99,43,208,282,87,369,577
10/16/2020,COS,CO,ANM,WE,Combined TRACON& Tower with Radar,31,31,57,32,151,0,5,100,55,160,31,36,157,87,311,390,130,520,831
10/17/2020,COS,CO,ANM,WE,Combined TRACON& Tower with Radar,30,24,33,32,119,0,2,96,12,110,30,26,129,44,229,222,24,246,475
10/18/2020,COS,CO,ANM,WE,Combined TRACON& Tower with Radar,28,26,41,15,110,0,0,1,0,1,28,26,42,15,111,0,0,0,111
10/19/2020,COS,CO,ANM,WE,Combined TRACON& Tower with Radar,27,33,27,20,107,0,3,82,41,126,27,36,109,61,233,246,142,388,621
10/20/2020,COS,CO,ANM,WE,Combined TRACON& Tower with Radar,24,32,38,21,115,0,7,78,47,132,24,39,116,68,247,292,160,452,699
10/21/2020,COS,CO,ANM,WE,Combined TRACON& Tower with Radar,23,29,39,14,105,4,3,94,45,146,27,32,133,59,251,262,62,324,575
10/22/2020,COS,CO,ANM,WE,Combined TRACON& Tower with Radar,30,46,63,15,154,0,6,71,23,100,30,52,134,38,254,130,58,188,442
10/23/2020,COS,CO,ANM,WE,Combined TRACON& Tower with Radar,38,47,29,23,137,0,1,13,0,14,38,48,42,23,151,80,22,102,253
10/24/2020,COS,CO,ANM,WE,Combined TRACON& Tower with Radar,31,29,29,0,89,0,6,99,17,122,31,35,128,17,211,176,0,176,387
10/25/2020,COS,CO,ANM,WE,Combined TRACON& Tower with Radar,32,25,18,7,82,0,1,0,0,1,32,26,18,7,83,0,0,0,83
10/26/2020,COS,CO,ANM,WE,Combined TRACON& Tower with Radar,30,21,17,2,70,0,1,0,0,1,30,22,17,2,71,0,0,0,71
10/27/2020,COS,CO,ANM,WE,Combined TRACON& Tower with Radar,27,31,33,16,107,0,3,69,23,95,27,34,102,39,202,164,48,212,414
10/28/2020,COS,CO,ANM,WE,Combined TRACON& Tower with Radar,29,27,37,31,124,0,1,77,40,118,29,28,114,71,242,82,58,140,382
10/29/2020,COS,CO,ANM,WE,Combined TRACON& Tower with Radar,26,45,45,34,150,0,0,132,76,208,26,45,177,110,358,300,116,416,774
10/30/2020,COS,CO,ANM,WE,Combined TRACON& Tower with Radar,28,31,35,28,122,0,1,107,39,147,28,32,142,67,269,201,136,337,606
10/31/2020,COS,CO,ANM,WE,Combined TRACON& Tower with Radar,20,27,27,2,76,0,2,69,9,80,20,29,96,11,156,66,4,70,226
11/01/2020,COS,CO,ANM,WE,Combined TRACON& Tower with Radar,24,26,24,0,74,0,3,114,11,128,24,29,138,11,202,142,16,158,360
11/02/2020,COS,CO,ANM,WE,Combined TRACON& Tower with Radar,25,31,34,6,96,0,0,107,24,131,25,31,141,30,227,178,28,206,433
11/03/2020,COS,CO,ANM,WE,Combined TRACON& Tower with Radar,22,33,44,25,124,0,1,89,16,106,22,34,133,41,230,160,46,206,436
11/04/2020,COS,CO,ANM,WE,Combined TRACON& Tower with Radar,23,30,35,19,107,0,4,94,17,115,23,34,129,36,222,160,48,208,430
11/05/2020,COS,CO,ANM,WE,Combined TRACON& Tower with Radar,32,35,46,13,126,0,2,91,18,111,32,37,137,31,237,274,6,280,517
11/06/2020,COS,CO,ANM,WE,Combined TRACON& Tower with Radar,33,32,35,24,124,0,0,96,29,125,33,32,131,53,249,288,90,378,627
11/07/2020,COS,CO,ANM,WE,Combined TRACON& Tower with Radar,27,27,17,8,79,0,7,30,9,46,27,34,47,17,125,142,20,162,287
11/08/2020,COS,CO,ANM,WE,Combined TRACON& Tower with Radar,33,28,18,4,83,0,7,13,1,21,33,35,31,5,104,0,0,0,104
11/09/2020,COS,CO,ANM,WE,Combined TRACON& Tower with Radar,28,21,15,13,77,0,4,9,8,21,28,25,24,21,98,84,22,106,204
11/10/2020,COS,CO,ANM,WE,Combined TRACON& Tower with Radar,25,25,30,32,112,0,1,85,12,98,25,26,115,44,210,212,72,284,494
11/11/2020,COS,CO,ANM,WE,Combined TRACON& Tower with Radar,18,32,21,1,72,0,6,71,5,82,18,38,92,6,154,142,10,152,306
11/12/2020,COS,CO,ANM,WE,Combined TRACON& Tower with Radar,32,25,33,6,96,0,4,37,11,52,32,29,70,17,148,252,32,284,432
11/13/2020,COS,CO,ANM,WE,Combined TRACON& Tower with Radar,31,30,30,10,101,0,2,14,5,21,31,32,44,15,122,172,34,206,328
11/14/2020,COS,CO,ANM,WE,Combined TRACON& Tower with Radar,30,24,6,1,61,0,4,0,3,7,30,28,6,4,68,0,0,0,68
11/15/2020,COS,CO,ANM,WE,Combined TRACON& Tower with Radar,27,22,16,9,74,0,0,20,5,25,27,22,36,14,99,88,0,88,187
11/16/2020,COS,CO,ANM,WE,Combined TRACON& Tower with Radar,28,31,19,12,90,0,2,45,8,55,28,33,64,20,145,290,6,296,441
11/17/2020,COS,CO,ANM,WE,Combined TRACON& Tower with Radar,22,24,17,7,70,0,5,41,11,57,22,29,58,18,127,290,38,328,455
11/18/2020,COS,CO,ANM,WE,Combined TRACON& Tower with Radar,23,40,26,3,92,0,4,36,8,48,23,44,62,11,140,184,24,208,348
11/19/2020,COS,CO,ANM,WE,Combined TRACON& Tower with Radar,30,33,16,8,87,0,2,13,7,22,30,35,29,15,109,23,4,27,136
11/20/2020,COS,CO,ANM,WE,Combined TRACON& Tower with Radar,32,29,23,12,96,0,4,21,10,35,32,33,44,22,131,166,20,186,317
11/21/2020,COS,CO,ANM,WE,Combined TRACON& Tower with Radar,35,25,13,5,78,0,2,15,2,19,35,27,28,7,97,170,20,190,287
11/22/2020,COS,CO,ANM,WE,Combined TRACON& Tower with Radar,30,33,9,4,76,0,2,25,2,29,30,35,34,6,105,160,0,160,265
11/23/2020,COS,CO,ANM,WE,Combined TRACON& Tower with Radar,26,29,21,8,84,0,7,37,12,56,26,36,58,20,140,154,12,166,306
11/24/2020,COS,CO,ANM,WE,Combined TRACON& Tower with Radar,35,40,20,4,99,0,2,2,6,10,35,42,22,10,109,0,16,16,125
11/25/2020,COS,CO,ANM,WE,Combined TRACON& Tower with Radar,38,24,31,5,98,0,4,72,10,86,38,28,103,15,184,176,12,188,372
11/26/2020,COS,CO,ANM,WE,Combined TRACON& Tower with Radar,11,18,2,0,31,0,2,13,4,19,11,20,15,4,50,28,0,28,78
11/27/2020,COS,CO,ANM,WE,Combined TRACON& Tower with Radar,28,16,18,2,64,0,4,59,9,72,28,20,77,11,136,114,10,124,260
11/28/2020,COS,CO,ANM,WE,Combined TRACON& Tower with Radar,34,33,33,0,100,0,0,88,0,88,34,33,121,0,188,178,0,178,366
11/29/2020,COS,CO,ANM,WE,Combined TRACON& Tower with Radar,33,37,26,5,101,0,2,46,8,56,33,39,72,13,157,139,0,139,296
11/30/2020,COS,CO,ANM,WE,Combined TRACON& Tower with Radar,33,28,37,13,111,0,4,83,16,103,33,32,120,29,214,288,102,390,604
12/01/2020,COS,CO,ANM,WE,Combined TRACON& Tower with Radar,26,34,17,25,102,0,4,1,12,17,26,38,18,37,119,0,54,54,173
12/02/2020,COS,CO,ANM,WE,Combined TRACON& Tower with Radar,19,32,14,20,85,0,2,10,12,24,19,34,24,32,109,0,0,0,109
12/03/2020,COS,CO,ANM,WE,Combined TRACON& Tower with Radar,27,28,54,29,138,0,1,64,37,102,27,29,118,66,240,8,52,60,300
12/04/2020,COS,CO,ANM,WE,Combined TRACON& Tower with Radar,28,29,42,53,152,0,4,120,17,141,28,33,162,70,293,226,106,332,625
12/05/2020,COS,CO,ANM,WE,Combined TRACON& Tower with Radar,21,28,34,29,112,0,2,98,15,115,21,30,132,44,227,126,46,172,399
12/06/2020,COS,CO,ANM,WE,Combined TRACON& Tower with Radar,22,32,38,10,102,0,7,103,6,116,22,39,141,16,218,120,18,138,356
12/07/2020,COS,CO,ANM,WE,Combined TRACON& Tower with Radar,25,41,37,11,114,0,0,88,16,104,25,41,125,27,218,116,38,154,372
12/08/2020,COS,CO,ANM,WE,Combined TRACON& Tower with Radar,18,31,40,10,99,0,8,115,13,136,18,39,155,23,235,270,108,378,613
12/09/2020,COS,CO,ANM,WE,Combined TRACON& Tower with Radar,20,36,46,18,120,0,2,133,22,157,20,38,179,40,277,246,40,286,563
12/10/2020,COS,CO,ANM,WE,Combined TRACON& Tower with Radar,27,31,34,19,111,0,2,63,17,82,27,33,97,36,193,176,48,224,417
12/11/2020,COS,CO,ANM,WE,Combined TRACON& Tower with Radar,29,37,15,4,85,0,0,0,0,0,29,37,15,4,85,0,0,0,85
12/12/2020,COS,CO,ANM,WE,Combined TRACON& Tower with Radar,22,29,11,6,68,0,0,0,0,0,22,29,11,6,68,0,0,0,68
12/13/2020,COS,CO,ANM,WE,Combined TRACON& Tower with Radar,24,27,19,2,72,0,9,74,5,88,24,36,93,7,160,180,6,186,346
12/14/2020,COS,CO,ANM,WE,Combined TRACON& Tower with Radar,25,31,43,10,109,0,5,69,9,83,25,36,112,19,192,194,26,220,412
12/15/2020,COS,CO,ANM,WE,Combined TRACON& Tower with Radar,17,33,17,27,94,0,1,15,4,20,17,34,32,31,114,34,22,56,170
12/16/2020,COS,CO,ANM,WE,Combined TRACON& Tower with Radar,22,45,50,16,133,0,5,124,22,151,22,50,174,38,284,226,60,286,570
12/17/2020,COS,CO,ANM,WE,Combined TRACON& Tower with Radar,33,36,43,19,131,0,3,96,18,117,33,39,139,37,248,260,90,350,598
12/18/2020,COS,CO,ANM,WE,Combined TRACON& Tower with Radar,32,43,35,10,120,0,2,23,0,25,32,45,58,10,145,42,0,42,187
12/19/2020,COS,CO,ANM,WE,Combined TRACON& Tower with Radar,28,40,39,4,111,0,4,85,8,97,28,44,124,12,208,84,34,118,326
12/20/2020,COS,CO,ANM,WE,Combined TRACON& Tower with Radar,26,33,23,14,96,0,0,86,5,91,26,33,109,19,187,118,12,130,317
12/21/2020,COS,CO,ANM,WE,Combined TRACON& Tower with Radar,29,36,38,13,116,0,8,150,14,172,29,44,188,27,288,280,20,300,588
12/22/2020,COS,CO,ANM,WE,Combined TRACON& Tower with Radar,36,35,40,11,122,0,7,64,10,81,36,42,104,21,203,58,20,78,281
12/23/2020,COS,CO,ANM,WE,Combined TRACON& Tower with Radar,32,37,22,17,108,0,1,23,7,31,32,38,45,24,139,6,16,22,161
12/24/2020,COS,CO,ANM,WE,Combined TRACON& Tower with Radar,20,26,19,1,66,0,2,26,4,32,20,28,45,5,98,48,10,58,156
12/25/2020,COS,CO,ANM,WE,Combined TRACON& Tower with Radar,17,21,7,0,45,0,0,23,2,25,17,21,30,2,70,30,0,30,100
12/26/2020,COS,CO,ANM,WE,Combined TRACON& Tower with Radar,26,36,38,0,100,0,4,86,3,93,26,40,124,3,193,90,0,90,283
12/27/2020,COS,CO,ANM,WE,Combined TRACON& Tower with Radar,26,33,35,1,95,0,3,50,5,58,26,36,85,6,153,88,0,88,241
12/28/2020,COS,CO,ANM,WE,Combined TRACON& Tower with Radar,27,35,15,1,78,0,2,4,1,7,27,37,19,2,85,96,0,96,181
12/29/2020,COS,CO,ANM,WE,Combined TRACON& Tower with Radar,36,28,16,7,87,0,2,11,5,18,36,30,27,12,105,26,6,32,137
12/30/2020,COS,CO,ANM,WE,Combined TRACON& Tower with Radar,35,28,21,11,95,0,1,51,11,63,35,29,72,22,158,198,38,236,394
12/31/2020,COS,CO,ANM,WE,Combined TRACON& Tower with Radar,17,31,26,0,74,0,0,111,4,115,17,31,137,4,189,130,0,130,319
01/01/2021,COS,CO,ANM,WE,Combined TRACON& Tower with Radar,22,21,17,0,60,0,6,52,2,60,22,27,69,2,120,66,18,84,204
01/02/2021,COS,CO,ANM,WE,Combined TRACON& Tower with Radar,27,37,42,0,106,0,2,81,0,83,27,39,123,0,189,202,0,202,391
01/03/2021,COS,CO,ANM,WE,Combined TRACON& Tower with Radar,31,31,44,4,110,0,4,74,3,81,31,35,118,7,191,96,20,116,307
01/04/2021,COS,CO,ANM,WE,Combined TRACON& Tower with Radar,32,34,22,5,93,0,7,97,3,107,32,41,119,8,200,248,2,250,450
01/05/2021,COS,CO,ANM,WE,Combined TRACON& Tower with Radar,18,37,23,17,95,0,3,25,9,37,18,40,48,26,132,12,42,54,186
01/06/2021,COS,CO,ANM,WE,Combined TRACON& Tower with Radar,19,33,47,25,124,0,2,83,22,107,19,35,130,47,231,226,104,330,561
01/07/2021,COS,CO,ANM,WE,Combined TRACON& Tower with Radar,26,37,34,14,111,0,1,92,23,116,26,38,126,37,227,136,58,194,421
01/08/2021,COS,CO,ANM,WE,Combined TRACON& Tower with Radar,20,27,50,24,121,0,5,118,27,150,20,32,168,51,271,117,22,139,410
01/09/2021,COS,CO,ANM,WE,Combined TRACON& Tower with Radar,18,26,7,3,54,0,1,0,0,1,18,27,7,3,55,10,4,14,69
01/10/2021,COS,CO,ANM,WE,Combined TRACON& Tower with Radar,22,24,15,2,63,0,0,0,0,0,22,24,15,2,63,0,0,0,63
01/11/2021,COS,CO,ANM,WE,Combined TRACON& Tower with Radar,23,28,28,15,94,0,7,102,19,128,23,35,130,34,222,210,60,270,492
01/12/2021,COS,CO,ANM,WE,Combined TRACON& Tower with Radar,14,34,32,16,96,0,10,114,25,149,14,44,146,41,245,332,60,392,637
01/13/2021,COS,CO,ANM,WE,Combined TRACON& Tower with Radar,14,27,24,20,85,0,0,80,29,109,14,27,104,49,194,271,72,343,537
01/14/2021,COS,CO,ANM,WE,Combined TRACON& Tower with Radar,20,35,22,6,83,0,7,21,10,38,20,42,43,16,121,16,10,26,147
01/15/2021,COS,CO,ANM,WE,Combined TRACON& Tower with Radar,19,31,38,37,125,0,1,47,13,61,19,32,85,50,186,82,96,178,364
01/16/2021,COS,CO,ANM,WE,Combined TRACON& Tower with Radar,18,24,37,1,80,0,2,74,12,88,18,26,111,13,168,228,12,240,408
01/17/2021,COS,CO,ANM,WE,Combined TRACON& Tower with Radar,16,29,36,10,91,0,0,101,13,114,16,29,137,23,205,240,24,264,469
01/18/2021,COS,CO,ANM,WE,Combined TRACON& Tower with Radar,19,33,34,5,91,0,2,39,2,43,19,35,73,7,134,120,10,130,264
01/19/2021,COS,CO,ANM,WE,Combined TRACON& Tower with Radar,14,26,29,23,92,0,1,82,31,114,14,27,111,54,206,252,42,294,500
01/20/2021,COS,CO,ANM,WE,Combined TRACON& Tower with Radar,14,37,43,48,142,0,7,63,36,106,14,44,106,84,248,156,86,242,490
01/21/2021,COS,CO,ANM,WE,Combined TRACON& Tower with Radar,19,40,35,17,111,0,5,101,32,138,19,45,136,49,249,224,88,312,561
01/22/2021,COS,CO,ANM,WE,Combined TRACON& Tower with Radar,20,29,43,42,134,0,2,124,49,175,20,31,167,91,309,258,262,520,829
01/23/2021,COS,CO,ANM,WE,Combined TRACON& Tower with Radar,17,27,27,28,99,0,8,102,22,132,17,35,129,50,231,172,38,210,441
01/24/2021,COS,CO,ANM,WE,Combined TRACON& Tower with Radar,16,28,7,15,66,0,0,0,0,0,16,28,7,15,66,0,0,0,66
01/25/2021,COS,CO,ANM,WE,Combined TRACON& Tower with Radar,17,27,11,0,55,0,2,2,2,6,17,29,13,2,61,0,0,0,61
01/26/2021,COS,CO,ANM,WE,Combined TRACON& Tower with Radar,14,33,11,1,59,0,0,0,0,0,14,33,11,1,59,0,0,0,59
01/27/2021,COS,CO,ANM,WE,Combined TRACON& Tower with Radar,14,36,49,18,117,0,3,66,21,90,14,39,115,39,207,148,62,210,417
01/28/2021,COS,CO,ANM,WE,Combined TRACON& Tower with Radar,18,39,32,15,104,0,2,90,40,132,18,41,122,55,236,260,156,416,652
01/29/2021,COS,CO,ANM,WE,Combined TRACON& Tower with Radar,23,36,31,19,109,0,5,46,8,59,23,41,77,27,168,64,34,98,266
01/30/2021,COS,CO,ANM,WE,Combined TRACON& Tower with Radar,16,27,26,24,93,0,7,37,27,71,16,34,63,51,164,108,176,284,448
01/31/2021,COS,CO,ANM,WE,Combined TRACON& Tower with Radar,16,30,50,4,100,0,7,135,4,146,16,37,185,8,246,156,32,188,434
02/01/2021,COS,CO,ANM,WE,Combined TRACON& Tower with Radar,17,33,44,20,114,0,0,85,22,107,17,33,129,42,221,258,36,294,515
02/02/2021,COS,CO,ANM,WE,Combined TRACON& Tower with Radar,14,29,49,22,114,0,2,119,29,150,14,31,168,51,264,244,70,314,578
02/03/2021,COS,CO,ANM,WE,Combined TRACON& Tower with Radar,15,32,23,16,86,0,2,43,11,56,15,34,66,27,142,0,0,0,142
02/04/2021,COS,CO,ANM,WE,Combined TRACON& Tower with Radar,21,38,33,20,112,0,0,43,25,68,21,38,76,45,180,50,38,88,268
02/05/2021,COS,CO,ANM,WE,Combined TRACON& Tower with Radar,19,29,41,26,115,1,5,110,31,147,20,34,151,57,262,238,98,336,598
02/06/2021,COS,CO,ANM,WE,Combined TRACON& Tower with Radar,17,31,38,10,96,0,2,61,15,78,17,33,99,25,174,86,0,86,260
02/07/2021,COS,CO,ANM,WE,Combined TRACON& Tower with Radar,20,27,20,7,74,0,0,25,1,26,20,27,45,8,100,14,6,20,120
02/08/2021,COS,CO,ANM,WE,Combined TRACON& Tower with Radar,19,31,20,16,86,0,2,28,8,38,19,33,48,24,124,74,0,74,198
02/09/2021,COS,CO,ANM,WE,Combined TRACON& Tower with Radar,20,38,33,20,111,0,3,16,19,38,20,41,49,39,149,20,36,56,205
02/10/2021,COS,CO,ANM,WE,Combined TRACON& Tower with Radar,18,37,23,21,99,0,0,0,0,0,18,37,23,21,99,0,6,6,105
02/11/2021,COS,CO,ANM,WE,Combined TRACON& Tower with Radar,36,30,40,26,132,0,2,45,9,56,36,32,85,35,188,222,18,240,428
02/12/2021,COS,CO,ANM,WE,Combined TRACON& Tower with Radar,37,33,14,9,93,0,0,0,0,0,37,33,14,9,93,0,0,0,93
02/13/2021,COS,CO,ANM,WE,Combined TRACON& Tower with Radar,26,22,15,7,70,0,0,0,0,0,26,22,15,7,70,0,0,0,70
02/14/2021,COS,CO,ANM,WE,Combined TRACON& Tower with Radar,28,18,4,0,50,0,1,0,0,1,28,19,4,0,51,0,0,0,51
02/15/2021,COS,CO,ANM,WE,Combined TRACON& Tower with Radar,22,20,25,1,68,0,5,85,2,92,22,25,110,3,160,83,0,83,243
02/16/2021,COS,CO,ANM,WE,Combined TRACON& Tower with Radar,17,27,30,27,101,0,4,54,31,89,17,31,84,58,190,212,26,238,428
02/17/2021,COS,CO,ANM,WE,Combined TRACON& Tower with Radar,16,43,26,11,96,0,2,20,12,34,16,45,46,23,130,140,14,154,284
02/18/2021,COS,CO,ANM,WE,Combined TRACON& Tower with Radar,24,33,30,16,103,0,4,6,1,11,24,37,36,17,114,20,0,20,134
02/19/2021,COS,CO,ANM,WE,Combined TRACON& Tower with Radar,28,29,29,28,114,0,6,68,25,99,28,35,97,53,213,102,28,130,343
02/20/2021,COS,CO,ANM,WE,Combined TRACON& Tower with Radar,24,20,37,5,86,0,2,128,14,144,24,22,165,19,230,230,20,250,480
02/21/2021,COS,CO,ANM,WE,Combined TRACON& Tower with Radar,31,26,39,9,105,0,0,73,4,77,31,26,112,13,182,168,6,174,356
02/22/2021,COS,CO,ANM,WE,Combined TRACON& Tower with Radar,29,27,57,23,136,0,6,118,31,155,29,33,175,54,291,376,90,466,757
02/23/2021,COS,CO,ANM,WE,Combined TRACON& Tower with Radar,27,32,34,13,106,0,2,72,22,96,27,34,106,35,202,129,38,167,369
02/24/2021,COS,CO,ANM,WE,Combined TRACON& Tower with Radar,25,34,18,10,87,0,4,13,13,30,25,38,31,23,117,86,4,90,207
02/25/2021,COS,CO,ANM,WE,Combined TRACON& Tower with Radar,30,32,23,8,93,0,1,3,0,4,30,33,26,8,97,0,0,0,97
02/26/2021,COS,CO,ANM,WE,Combined TRACON& Tower with Radar,30,29,59,15,133,0,6,81,9,96,30,35,140,24,229,192,28,220,449
02/27/2021,COS,CO,ANM,WE,Combined TRACON& Tower with Radar,31,28,18,3,80,0,2,41,5,48,31,30,59,8,128,54,4,58,186
02/28/2021,COS,CO,ANM,WE,Combined TRACON& Tower with Radar,29,27,30,5,91,0,0,88,3,91,29,27,118,8,182,172,54,226,408
03/01/2021,COS,CO,ANM,WE,Combined TRACON& Tower with Radar,29,32,48,18,127,0,6,104,39,149,29,38,152,57,276,0,0,0,276
03/02/2021,COS,CO,ANM,WE,Combined TRACON& Tower with Radar,31,33,54,25,143,0,9,121,30,160,31,42,175,55,303,264,154,418,721
03/03/2021,COS,CO,ANM,WE,Combined TRACON& Tower with Radar,29,31,50,28,138,0,0,146,40,186,29,31,196,68,324,214,62,276,600
03/04/2021,COS,CO,ANM,WE,Combined TRACON& Tower with Radar,30,46,29,11,116,0,1,17,4,22,30,47,46,15,138,142,12,154,292
03/05/2021,COS,CO,ANM,WE,Combined TRACON& Tower with Radar,26,32,50,15,123,0,5,97,28,130,26,37,147,43,253,306,84,390,643
03/06/2021,COS,CO,ANM,WE,Combined TRACON& Tower with Radar,22,31,40,8,101,0,8,86,13,107,22,39,126,21,208,191,0,191,399
03/07/2021,COS,CO,ANM,WE,Combined TRACON& Tower with Radar,20,30,35,18,103,0,0,88,18,106,20,30,123,36,209,167,39,206,415
03/08/2021,COS,CO,ANM,WE,Combined TRACON& Tower with Radar,27,36,35,15,113,0,4,57,37,98,27,40,92,52,211,234,80,314,525
03/09/2021,COS,CO,ANM,WE,Combined TRACON& Tower with Radar,34,26,38,25,123,0,2,100,37,139,34,28,138,62,262,196,180,376,638
03/10/2021,COS,CO,ANM,WE,Combined TRACON& Tower with Radar,28,36,25,7,96,0,0,24,5,29,28,36,49,12,125,10,0,10,135
03/11/2021,COS,CO,ANM,WE,Combined TRACON& Tower with Radar,54,46,34,18,152,0,3,27,16,46,54,49,61,34,198,76,30,106,304
03/12/2021,COS,CO,ANM,WE,Combined TRACON& Tower with Radar,53,33,38,9,133,0,0,0,2,2,53,33,38,11,135,6,0,6,141
03/13/2021,COS,CO,ANM,WE,Combined TRACON& Tower with Radar,21,21,0,1,43,0,0,0,0,0,21,21,0,1,43,0,0,0,43
03/14/2021,COS,CO,ANM,WE,Combined TRACON& Tower with Radar,5,16,6,0,27,0,0,0,0,0,5,16,6,0,27,0,0,0,27
03/15/2021,COS,CO,ANM,WE,Combined TRACON& Tower with Radar,39,25,33,10,107,0,3,38,1,42,39,28,71,11,149,68,0,68,217
03/16/2021,COS,CO,ANM,WE,Combined TRACON& Tower with Radar,54,32,27,17,130,0,1,24,7,32,54,33,51,24,162,68,10,78,240
03/17/2021,COS,CO,ANM,WE,Combined TRACON& Tower with Radar,53,37,35,31,156,0,1,9,27,37,53,38,44,58,193,70,22,92,285
03/18/2021,COS,CO,ANM,WE,Combined TRACON& Tower with Radar,51,36,55,40,182,0,2,122,39,163,51,38,177,79,345,140,148,288,633
03/19/2021,COS,CO,ANM,WE,Combined TRACON& Tower with Radar,53,28,54,23,158,0,0,134,33,167,53,28,188,56,325,376,94,470,795
03/20/2021,COS,CO,ANM,WE,Combined TRACON& Tower with Radar,52,36,50,7,145,0,4,69,7,80,52,40,119,14,225,202,16,218,443
03/21/2021,COS,CO,ANM,WE,Combined TRACON& Tower with Radar,50,27,45,4,126,0,1,33,2,36,50,28,78,6,162,40,12,52,214
03/22/2021,COS,CO,ANM,WE,Combined TRACON& Tower with Radar,50,29,21,3,103,0,9,4,10,23,50,38,25,13,126,0,0,0,126
03/23/2021,COS,CO,ANM,WE,Combined TRACON& Tower with Radar,61,26,35,22,144,0,1,54,42,97,61,27,89,64,241,146,110,256,497
03/24/2021,COS,CO,ANM,WE,Combined TRACON& Tower with Radar,54,28,26,13,121,0,5,9,10,24,54,33,35,23,145,102,56,158,303
03/25/2021,COS,CO,ANM,WE,Combined TRACON& Tower with Radar,55,40,41,37,173,0,6,128,43,177,55,46,169,80,350,259,152,411,761
03/26/2021,COS,CO,ANM,WE,Combined TRACON& Tower with Radar,52,36,26,11,125,0,1,51,5,57,52,37,77,16,182,122,82,204,386
03/27/2021,COS,CO,ANM,WE,Combined TRACON& Tower with Radar,49,37,50,22,158,0,0,90,5,95,49,37,140,27,253,114,20,134,387
03/28/2021,COS,CO,ANM,WE,Combined TRACON& Tower with Radar,54,29,35,11,129,0,4,123,7,134,54,33,158,18,263,278,54,332,595
03/29/2021,COS,CO,ANM,WE,Combined TRACON& Tower with Radar,57,27,22,4,110,0,2,15,2,19,57,29,37,6,129,14,2,16,145
03/30/2021,COS,CO,ANM,WE,Combined TRACON& Tower with Radar,67,26,17,15,125,0,6,3,2,11,67,32,20,17,136,36,4,40,176
03/31/2021,COS,CO,ANM,WE,Combined TRACON& Tower with Radar,59,28,42,18,147,0,9,118,25,152,59,37,160,43,299,262,42,304,603
04/01/2021,COS,CO,ANM,WE,Combined TRACON& Tower with Radar,66,35,37,38,176,0,10,115,43,168,66,45,152,81,344,208,88,296,640
04/02/2021,COS,CO,ANM,WE,Combined TRACON& Tower with Radar,60,34,57,26,177,0,10,121,23,154,60,44,178,49,331,238,28,266,597
04/03/2021,COS,CO,ANM,WE,Combined TRACON& Tower with Radar,54,23,30,8,115,0,3,122,18,143,54,26,152,26,258,174,12,186,444
04/04/2021,COS,CO,ANM,WE,Combined TRACON& Tower with Radar,62,32,23,16,133,0,3,56,9,68,62,35,79,25,201,36,20,56,257
04/05/2021,COS,CO,ANM,WE,Combined TRACON& Tower with Radar,57,33,33,14,137,0,4,67,34,105,57,37,100,48,242,0,0,0,242
04/06/2021,COS,CO,ANM,WE,Combined TRACON& Tower with Radar,54,29,39,22,144,0,0,41,6,47,54,29,80,28,191,170,120,290,481
04/07/2021,COS,CO,ANM,WE,Combined TRACON& Tower with Radar,54,25,23,42,144,0,2,33,42,77,54,27,56,84,221,126,100,226,447
04/08/2021,COS,CO,ANM,WE,Combined TRACON& Tower with Radar,58,26,40,38,162,0,6,69,32,107,58,32,109,70,269,140,78,218,487
04/09/2021,COS,CO,ANM,WE,Combined TRACON& Tower with Radar,57,36,29,13,135,0,0,16,7,23,57,36,45,20,158,0,0,0,158
04/10/2021,COS,CO,ANM,WE,Combined TRACON& Tower with Radar,52,24,27,11,114,0,8,139,11,158,52,32,166,22,272,246,0,246,518
04/11/2021,COS,CO,ANM,WE,Combined TRACON& Tower with Radar,55,26,21,7,109,0,5,42,5,52,55,31,63,12,161,52,16,68,229
04/12/2021,COS,CO,ANM,WE,Combined TRACON& Tower with Radar,57,30,48,25,160,0,4,102,20,126,57,34,150,45,286,163,30,193,479
04/13/2021,COS,CO,ANM,WE,Combined TRACON& Tower with Radar,56,23,32,7,118,0,5,23,22,50,56,28,55,29,168,122,84,206,374
04/14/2021,COS,CO,ANM,WE,Combined TRACON& Tower with Radar,54,31,32,31,148,0,2,48,47,97,54,33,80,78,245,138,114,252,497
04/15/2021,COS,CO,ANM,WE,Combined TRACON& Tower with Radar,58,27,20,33,138,0,0,0,0,0,58,27,20,33,138,0,0,0,138
04/16/2021,COS,CO,ANM,WE,Combined TRACON& Tower with Radar,59,32,15,34,140,0,4,5,6,15,59,36,20,40,155,40,54,94,249
04/17/2021,COS,CO,ANM,WE,Combined TRACON& Tower with Radar,52,24,31,8,115,0,2,26,3,31,52,26,57,11,146,186,14,200,346
04/18/2021,COS,CO,ANM,WE,Combined TRACON& Tower with Radar,54,32,41,22,149,0,2,136,16,154,54,34,177,38,303,230,8,238,541
04/19/2021,COS,CO,ANM,WE,Combined TRACON& Tower with Radar,66,50,36,21,173,0,6,42,18,66,66,56,78,39,239,100,6,106,345
04/20/2021,COS,CO,ANM,WE,Combined TRACON& Tower with Radar,54,30,30,21,135,0,5,77,38,120,54,35,107,59,255,166,186,352,607
04/21/2021,COS,CO,ANM,WE,Combined TRACON& Tower with Radar,52,43,17,27,139,0,4,38,39,81,52,47,55,66,220,170,154,324,544
04/22/2021,COS,CO,ANM,WE,Combined TRACON& Tower with Radar,60,36,34,37,167,0,0,78,56,134,60,36,112,93,301,172,164,336,637
04/23/2021,COS,CO,ANM,WE,Combined TRACON& Tower with Radar,62,37,42,26,167,0,6,60,17,83,62,43,102,43,250,222,54,276,526
04/24/2021,COS,CO,ANM,WE,Combined TRACON& Tower with Radar,59,39,44,23,165,0,2,153,18,173,59,41,197,41,338,234,6,240,578
04/25/2021,COS,CO,ANM,WE,Combined TRACON& Tower with Radar,58,32,25,15,130,0,4,69,17,90,58,36,94,32,220,94,46,140,360
04/26/2021,COS,CO,ANM,WE,Combined TRACON& Tower with Radar,59,25,17,14,115,0,1,28,15,44,59,26,45,29,159,44,14,58,217
04/27/2021,COS,CO,ANM,WE,Combined TRACON& Tower with Radar,55,29,32,16,132,0,3,33,29,65,55,32,65,45,197,192,88,280,477
04/28/2021,COS,CO,ANM,WE,Combined TRACON& Tower with Radar,57,36,38,13,144,0,3,30,33,66,57,39,68,46,210,90,76,166,376
04/29/2021,COS,CO,ANM,WE,Combined TRACON& Tower with Radar,62,29,39,50,180,0,3,118,46,167,62,32,157,96,347,400,110,510,857
04/30/2021,COS,CO,ANM,WE,Combined TRACON& Tower with Radar,64,23,43,43,173,0,2,160,38,200,64,25,203,81,373,248,92,340,713
05/01/2021,COS,CO,ANM,WE,Combined TRACON& Tower with Radar,61,35,42,14,152,0,10,114,24,148,61,45,156,38,300,170,16,186,486
05/02/2021,COS,CO,ANM,WE,Combined TRACON& Tower with Radar,66,41,22,10,139,0,7,25,4,36,66,48,47,14,175,86,0,86,261
05/03/2021,COS,CO,ANM,WE,Combined TRACON& Tower with Radar,60,31,12,6,109,0,0,0,0,0,60,31,12,6,109,0,0,0,109
05/04/2021,COS,CO,ANM,WE,Combined TRACON& Tower with Radar,58,28,33,16,135,0,1,22,16,39,58,29,55,32,174,168,14,182,356
05/05/2021,COS,CO,ANM,WE,Combined TRACON& Tower with Radar,72,37,33,14,156,0,2,87,24,113,72,39,120,38,269,234,48,282,551
05/06/2021,COS,CO,ANM,WE,Combined TRACON& Tower with Radar,62,46,50,16,174,0,10,143,24,177,62,56,193,40,351,282,32,314,665
05/07/2021,COS,CO,ANM,WE,Combined TRACON& Tower with Radar,63,36,53,19,171,0,4,81,22,107,63,40,134,41,278,200,26,226,504
05/08/2021,COS,CO,ANM,WE,Combined TRACON& Tower with Radar,60,30,31,10,131,0,1,61,3,65,60,31,92,13,196,180,0,180,376
05/09/2021,COS,CO,ANM,WE,Combined TRACON& Tower with Radar,56,30,20,2,108,0,1,15,1,17,56,31,35,3,125,46,0,46,171
05/10/2021,COS,CO,ANM,WE,Combined TRACON& Tower with Radar,64,28,12,4,108,0,0,0,0,0,64,28,12,4,108,0,0,0,108
05/11/2021,COS,CO,ANM,WE,Combined TRACON& Tower with Radar,53,36,16,0,105,0,0,0,0,0,53,36,16,0,105,0,0,0,105
05/12/2021,COS,CO,ANM,WE,Combined TRACON& Tower with Radar,58,34,41,11,144,0,3,72,23,98,58,37,113,34,242,78,64,142,384
05/13/2021,COS,CO,ANM,WE,Combined TRACON& Tower with Radar,60,36,50,19,165,0,5,113,25,143,60,41,163,44,308,114,18,132,440
05/14/2021,COS,CO,ANM,WE,Combined TRACON& Tower with Radar,62,35,40,14,151,0,0,79,24,103,62,35,119,38,254,40,6,46,300
05/15/2021,COS,CO,ANM,WE,Combined TRACON& Tower with Radar,56,36,41,18,151,0,5,45,4,54,56,41,86,22,205,18,0,18,223
05/16/2021,COS,CO,ANM,WE,Combined TRACON& Tower with Radar,52,32,44,14,142,0,0,40,2,42,52,32,84,16,184,18,2,20,204
05/17/2021,COS,CO,ANM,WE,Combined TRACON& Tower with Radar,62,33,47,8,150,0,2,19,14,35,62,35,66,22,185,30,26,56,241
05/18/2021,COS,CO,ANM,WE,Combined TRACON& Tower with Radar,59,31,29,42,161,0,0,6,3,9,59,31,35,45,170,10,2,12,182
05/19/2021,COS,CO,ANM,WE,Combined TRACON& Tower with Radar,58,29,43,26,156,0,3,99,12,114,58,32,142,38,270,112,4,116,386
05/20/2021,COS,CO,ANM,WE,Combined TRACON& Tower with Radar,90,48,48,25,211,0,2,114,22,138,90,50,162,47,349,138,34,172,521
05/21/2021,COS,CO,ANM,WE,Combined TRACON& Tower with Radar,60,34,34,26,154,0,0,41,10,51,60,34,75,36,205,0,0,0,205
05/22/2021,COS,CO,ANM,WE,Combined TRACON& Tower with Radar,61,26,31,1,119,10,4,63,3,80,71,30,94,4,199,48,0,48,247
05/23/2021,COS,CO,ANM,WE,Combined TRACON& Tower with Radar,60,31,40,4,135,0,1,6,0,7,60,32,46,4,142,0,0,0,142
05/24/2021,COS,CO,ANM,WE,Combined TRACON& Tower with Radar,59,41,36,36,172,8,6,119,12,145,67,47,155,48,317,86,8,94,411
05/25/2021,COS,CO,ANM,WE,Combined TRACON& Tower with Radar,60,30,34,14,138,0,2,108,26,136,60,32,142,40,274,96,8,104,378
05/26/2021,COS,CO,ANM,WE,Combined TRACON& Tower with Radar,66,31,50,33,180,0,1,37,9,47,66,32,87,42,227,106,18,124,351
05/27/2021,COS,CO,ANM,WE,Combined TRACON& Tower with Radar,62,28,50,11,151,0,7,110,26,143,62,35,160,37,294,168,102,270,564
05/28/2021,COS,CO,ANM,WE,Combined TRACON& Tower with Radar,60,32,66,19,177,0,0,94,5,99,60,32,160,24,276,132,6,138,414
05/29/2021,COS,CO,ANM,WE,Combined TRACON& Tower with Radar,57,22,16,2,97,0,0,59,3,62,57,22,75,5,159,146,0,146,305
05/30/2021,COS,CO,ANM,WE,Combined TRACON& Tower with Radar,57,49,19,2,127,0,0,12,0,12,57,49,31,2,139,38,18,56,195
05/31/2021,COS,CO,ANM,WE,Combined TRACON& Tower with Radar,57,40,57,0,154,0,0,0,0,0,57,40,57,0,154,0,0,0,154
06/01/2021,COS,CO,ANM,WE,Combined TRACON& Tower with Radar,60,32,50,14,156,0,0,65,17,82,60,32,115,31,238,24,10,34,272
06/02/2021,COS,CO,ANM,WE,Combined TRACON& Tower with Radar,62,30,45,24,161,0,8,119,19,146,62,38,164,43,307,226,26,252,559
06/03/2021,COS,CO,ANM,WE,Combined TRACON& Tower with Radar,62,43,49,13,167,0,3,100,19,122,62,46,149,32,289,200,10,210,499
06/04/2021,COS,CO,ANM,WE,Combined TRACON& Tower with Radar,64,30,56,26,176,0,4,136,24,164,64,34,192,50,340,60,26,86,426
06/05/2021,COS,CO,ANM,WE,Combined TRACON& Tower with Radar,60,40,45,25,170,0,10,120,3,133,60,50,165,28,303,72,0,72,375
06/06/2021,COS,CO,ANM,WE,Combined TRACON& Tower with Radar,67,37,31,8,143,0,2,52,3,57,67,39,83,11,200,62,8,70,270
06/07/2021,COS,CO,ANM,WE,Combined TRACON& Tower with Radar,64,46,35,13,158,0,4,76,24,104,64,50,111,37,262,112,18,130,392
06/08/2021,COS,CO,ANM,WE,Combined TRACON& Tower with Radar,65,48,54,31,198,0,1,129,29,159,65,49,183,60,357,160,58,218,575
06/09/2021,COS,CO,ANM,WE,Combined TRACON& Tower with Radar,66,48,49,37,200,0,6,111,29,146,66,54,160,66,346,160,32,192,538
06/10/2021,COS,CO,ANM,WE,Combined TRACON& Tower with Radar,59,41,43,32,175,0,3,76,39,118,59,44,119,71,293,84,38,122,415
06/11/2021,COS,CO,ANM,WE,Combined TRACON& Tower with Radar,60,42,49,15,166,0,1,59,32,92,60,43,108,47,258,66,16,82,340
06/12/2021,COS,CO,ANM,WE,Combined TRACON& Tower with Radar,49,39,35,26,149,0,2,119,10,131,49,41,154,36,280,54,26,80,360
06/13/2021,COS,CO,ANM,WE,Combined TRACON& Tower with Radar,48,39,60,2,149,0,0,77,14,91,48,39,137,16,240,58,20,78,318
06/14/2021,COS,CO,ANM,WE,Combined TRACON& Tower with Radar,56,47,41,21,165,0,3,93,27,123,56,50,134,48,288,216,30,246,534
06/15/2021,COS,CO,ANM,WE,Combined TRACON& Tower with Radar,52,40,50,15,157,0,12,116,23,151,52,52,166,38,308,154,8,162,470
06/16/2021,COS,CO,ANM,WE,Combined TRACON& Tower with Radar,61,43,45,21,170,0,7,98,31,136,61,50,143,52,306,86,44,130,436
06/17/2021,COS,CO,ANM,WE,Combined TRACON& Tower with Radar,71,62,38,10,181,0,7,98,16,121,71,69,136,26,302,96,18,114,416
06/18/2021,COS,CO,ANM,WE,Combined TRACON& Tower with Radar,61,53,40,27,181,0,7,92,7,106,61,60,132,34,287,74,14,88,375
06/19/2021,COS,CO,ANM,WE,Combined TRACON& Tower with Radar,57,46,47,3,153,0,6,99,10,115,57,52,146,13,268,78,2,80,348
06/20/2021,COS,CO,ANM,WE,Combined TRACON& Tower with Radar,54,53,33,8,148,0,5,57,6,68,54,58,90,14,216,46,12,58,274
06/21/2021,COS,CO,ANM,WE,Combined TRACON& Tower with Radar,58,34,78,9,179,0,2,25,8,35,58,36,103,17,214,110,24,134,348
06/22/2021,COS,CO,ANM,WE,Combined TRACON& Tower with Radar,64,35,46,24,169,0,3,117,21,141,64,38,163,45,310,132,26,158,468
06/23/2021,COS,CO,ANM,WE,Combined TRACON& Tower with Radar,63,52,50,13,178,3,10,94,30,137,66,62,144,43,315,126,34,160,475
06/24/2021,COS,CO,ANM,WE,Combined TRACON& Tower with Radar,70,56,47,16,189,0,11,64,26,101,70,67,111,42,290,58,16,74,364
06/25/2021,COS,CO,ANM,WE,Combined TRACON& Tower with Radar,85,41,49,31,206,0,0,94,15,109,85,41,143,46,315,110,10,120,435
06/26/2021,COS,CO,ANM,WE,Combined TRACON& Tower with Radar,64,46,40,10,160,0,2,34,5,41,64,48,74,15,201,82,8,90,291
06/27/2021,COS,CO,ANM,WE,Combined TRACON& Tower with Radar,54,39,40,5,138,0,2,46,6,54,54,41,86,11,192,88,46,134,326
06/28/2021,COS,CO,ANM,WE,Combined TRACON& Tower with Radar,61,46,60,16,183,0,8,72,14,94,61,54,132,30,277,158,56,214,491
06/29/2021,COS,CO,ANM,WE,Combined TRACON& Tower with Radar,60,42,40,36,178,0,0,86,18,104,60,42,126,54,282,258,18,276,558
06/30/2021,COS,CO,ANM,WE,Combined TRACON& Tower with Radar,58,48,72,20,198,0,6,117,23,146,58,54,189,43,344,54,12,66,410
07/01/2021,COS,CO,ANM,WE,Combined TRACON& Tower with Radar,68,40,52,11,171,0,2,64,15,81,68,42,116,26,252,30,0,30,282
07/02/2021,COS,CO,ANM,WE,Combined TRACON& Tower with Radar,63,46,60,4,173,0,0,16,3,19,63,46,76,7,192,52,0,52,244
07/03/2021,COS,CO,ANM,WE,Combined TRACON& Tower with Radar,54,41,39,7,141,0,10,101,3,114,54,51,140,10,255,158,0,158,413
07/04/2021,COS,CO,ANM,WE,Combined TRACON& Tower with Radar,53,30,14,0,97,0,12,47,0,59,53,42,61,0,156,96,10,106,262
07/05/2021,COS,CO,ANM,WE,Combined TRACON& Tower with Radar,59,40,48,1,148,0,3,81,16,100,59,43,129,17,248,106,36,142,390
07/06/2021,COS,CO,ANM,WE,Combined TRACON& Tower with Radar,64,40,37,13,154,0,5,54,10,69,64,45,91,23,223,62,12,74,297
07/07/2021,COS,CO,ANM,WE,Combined TRACON& Tower with Radar,62,44,47,25,178,0,4,121,10,135,62,48,168,35,313,256,8,264,577
07/08/2021,COS,CO,ANM,WE,Combined TRACON& Tower with Radar,66,56,56,31,209,0,12,71,21,104,66,68,127,52,313,120,12,132,445
07/09/2021,COS,CO,ANM,WE,Combined TRACON& Tower with Radar,63,44,78,22,207,0,4,102,11,117,63,48,180,33,324,120,30,150,474
07/10/2021,COS,CO,ANM,WE,Combined TRACON& Tower with Radar,54,44,44,13,155,1,3,70,3,77,55,47,114,16,232,36,0,36,268
07/11/2021,COS,CO,ANM,WE,Combined TRACON& Tower with Radar,55,39,54,5,153,0,5,90,1,96,55,44,144,6,249,138,28,166,415
07/12/2021,COS,CO,ANM,WE,Combined TRACON& Tower with Radar,63,41,55,9,168,0,6,92,13,111,63,47,147,22,279,102,14,116,395
07/13/2021,COS,CO,ANM,WE,Combined TRACON& Tower with Radar,64,45,47,14,170,0,6,85,12,103,64,51,132,26,273,76,8,84,357
07/14/2021,COS,CO,ANM,WE,Combined TRACON& Tower with Radar,57,50,69,8,184,0,7,73,22,102,57,57,142,30,286,70,12,82,368
07/15/2021,COS,CO,ANM,WE,Combined TRACON& Tower with Radar,56,48,57,14,175,0,5,102,18,125,56,53,159,32,300,92,16,108,408
07/16/2021,COS,CO,ANM,WE,Combined TRACON& Tower with Radar,64,55,48,18,185,0,9,77,9,95,64,64,125,27,280,118,20,138,418
07/17/2021,COS,CO,ANM,WE,Combined TRACON& Tower with Radar,58,41,39,6,144,0,3,84,10,97,58,44,123,16,241,84,38,122,363
07/18/2021,COS,CO,ANM,WE,Combined TRACON& Tower with Radar,52,45,56,6,159,0,4,80,2,86,52,49,136,8,245,84,0,84,329
07/19/2021,COS,CO,ANM,WE,Combined TRACON& Tower with Radar,63,47,45,16,171,0,2,83,23,108,63,49,128,39,279,170,64,234,513
07/20/2021,COS,CO,ANM,WE,Combined TRACON& Tower with Radar,65,46,56,34,201,0,16,105,30,151,65,62,161,64,352,154,62,216,568
07/21/2021,COS,CO,ANM,WE,Combined TRACON& Tower with Radar,62,46,52,14,174,0,14,80,14,108,62,60,132,28,282,172,24,196,478
07/22/2021,COS,CO,ANM,WE,Combined TRACON& Tower with Radar,81,39,51,31,202,0,6,64,9,79,81,45,115,40,281,112,2,114,395
07/23/2021,COS,CO,ANM,WE,Combined TRACON& Tower with Radar,60,47,35,36,178,0,4,75,11,90,60,51,110,47,268,132,36,168,436
07/24/2021,COS,CO,ANM,WE,Combined TRACON& Tower with Radar,55,48,42,3,148,0,2,57,2,61,55,50,99,5,209,144,0,144,353
07/25/2021,COS,CO,ANM,WE,Combined TRACON& Tower with Radar,55,44,54,1,154,0,4,38,2,44,55,48,92,3,198,82,22,104,302
07/26/2021,COS,CO,ANM,WE,Combined TRACON& Tower with Radar,62,46,40,11,159,0,4,87,18,109,62,50,127,29,268,176,22,198,466
07/27/2021,COS,CO,ANM,WE,Combined TRACON& Tower with Radar,64,39,37,17,157,0,9,77,16,102,64,48,114,33,259,156,4,160,419
07/28/2021,COS,CO,ANM,WE,Combined TRACON& Tower with Radar,64,54,62,13,193,0,8,74,15,97,64,62,136,28,290,70,2,72,362
07/29/2021,COS,CO,ANM,WE,Combined TRACON& Tower with Radar,60,45,50,26,181,0,5,81,27,113,60,50,131,53,294,166,6,172,466
07/30/2021,COS,CO,ANM,WE,Combined TRACON& Tower with Radar,76,67,77,18,238,0,6,82,15,103,76,73,159,33,341,74,12,86,427
07/31/2021,COS,CO,ANM,WE,Combined TRACON& Tower with Radar,53,47,38,4,142,0,4,30,9,43,53,51,68,13,185,26,0,26,211
08/01/2021,COS,CO,ANM,WE,Combined TRACON& Tower with Radar,44,91,82,5,222,0,4,12,6,22,44,95,94,11,244,94,0,94,338
08/02/2021,COS,CO,ANM,WE,Combined TRACON& Tower with Radar,61,56,44,10,171,0,6,67,5,78,61,62,111,15,249,92,0,92,341
08/03/2021,COS,CO,ANM,WE,Combined TRACON& Tower with Radar,58,54,34,23,169,0,2,44,20,66,58,56,78,43,235,124,8,132,367
08/04/2021,COS,CO,ANM,WE,Combined TRACON& Tower with Radar,61,43,57,24,185,0,10,66,19,95,61,53,123,43,280,88,28,116,396
08/05/2021,COS,CO,ANM,WE,Combined TRACON& Tower with Radar,63,48,57,17,185,0,2,105,13,120,63,50,162,30,305,146,42,188,493
08/06/2021,COS,CO,ANM,WE,Combined TRACON& Tower with Radar,80,68,51,19,218,0,13,84,11,108,80,81,135,30,326,158,16,174,500
08/07/2021,COS,CO,ANM,WE,Combined TRACON& Tower with Radar,51,52,57,12,172,0,6,72,8,86,51,58,129,20,258,70,12,82,340
08/08/2021,COS,CO,ANM,WE,Combined TRACON& Tower with Radar,49,64,83,6,202,0,1,47,4,52,49,65,130,10,254,92,30,122,376
08/09/2021,COS,CO,ANM,WE,Combined TRACON& Tower with Radar,55,61,53,15,184,0,9,65,9,83,55,70,118,24,267,114,8,122,389
08/10/2021,COS,CO,ANM,WE,Combined TRACON& Tower with Radar,69,52,61,24,206,0,4,107,16,127,69,56,168,40,333,128,10,138,471
08/11/2021,COS,CO,ANM,WE,Combined TRACON& Tower with Radar,64,53,58,22,197,0,1,100,36,137,64,54,158,58,334,190,46,236,570
08/12/2021,COS,CO,ANM,WE,Combined TRACON& Tower with Radar,58,54,54,20,186,0,5,81,31,117,58,59,135,51,303,142,54,196,499
08/13/2021,COS,CO,ANM,WE,Combined TRACON& Tower with Radar,65,53,60,33,211,0,4,89,27,120,65,57,149,60,331,137,101,238,569
08/14/2021,COS,CO,ANM,WE,Combined TRACON& Tower with Radar,50,38,43,7,138,0,14,98,13,125,50,52,141,20,263,130,10,140,403
08/15/2021,COS,CO,ANM,WE,Combined TRACON& Tower with Radar,47,53,55,2,157,0,9,63,3,75,47,62,118,5,232,64,18,82,314
08/16/2021,COS,CO,ANM,WE,Combined TRACON& Tower with Radar,60,42,63,12,177,0,12,81,21,114,60,54,144,33,291,248,6,254,545
08/17/2021,COS,CO,ANM,WE,Combined TRACON& Tower with Radar,50,43,31,22,146,0,7,57,19,83,50,50,88,41,229,210,25,235,464
08/18/2021,COS,CO,ANM,WE,Combined TRACON& Tower with Radar,55,52,58,33,198,0,7,85,32,124,55,59,143,65,322,158,36,194,516
08/19/2021,COS,CO,ANM,WE,Combined TRACON& Tower with Radar,86,59,57,37,239,0,8,62,36,106,86,67,119,73,345,144,44,188,533
08/20/2021,COS,CO,ANM,WE,Combined TRACON& Tower with Radar,58,53,61,9,181,0,12,105,15,132,58,65,166,24,313,144,36,180,493
08/21/2021,COS,CO,ANM,WE,Combined TRACON& Tower with Radar,54,54,43,8,159,0,16,82,7,105,54,70,125,15,264,134,6,140,404
08/22/2021,COS,CO,ANM,WE,Combined TRACON& Tower with Radar,49,66,67,4,186,0,7,94,8,109,49,73,161,12,295,96,24,120,415
08/23/2021,COS,CO,ANM,WE,Combined TRACON& Tower with Radar,56,49,61,16,182,0,7,87,17,111,56,56,148,33,293,188,18,206,499
08/24/2021,COS,CO,ANM,WE,Combined TRACON& Tower with Radar,58,45,49,15,167,0,5,96,26,127,58,50,145,41,294,112,12,124,418
08/25/2021,COS,CO,ANM,WE,Combined TRACON& Tower with Radar,61,47,66,19,193,3,11,105,24,143,64,58,171,43,336,164,48,212,548
08/26/2021,COS,CO,ANM,WE,Combined TRACON& Tower with Radar,63,40,49,20,172,0,0,72,18,90,63,40,121,38,262,204,54,258,520
08/27/2021,COS,CO,ANM,WE,Combined TRACON& Tower with Radar,60,50,52,38,200,0,10,98,28,136,60,60,150,66,336,126,88,214,550
08/28/2021,COS,CO,ANM,WE,Combined TRACON& Tower with Radar,54,43,33,6,136,0,4,94,10,108,54,47,127,16,244,157,0,157,401
08/29/2021,COS,CO,ANM,WE,Combined TRACON& Tower with Radar,46,47,40,8,141,0,3,53,6,62,46,50,93,14,203,182,16,198,401
08/30/2021,COS,CO,ANM,WE,Combined TRACON& Tower with Radar,66,57,54,36,213,7,15,104,22,148,73,72,158,58,361,208,56,264,625
08/31/2021,COS,CO,ANM,WE,Combined TRACON& Tower with Radar,60,41,40,27,168,0,19,78,31,128,60,60,118,58,296,208,66,274,570
09/01/2021,COS,CO,ANM,WE,Combined TRACON& Tower with Radar,60,54,45,27,186,0,5,87,37,129,60,59,132,64,315,188,48,236,551
09/02/2021,COS,CO,ANM,WE,Combined TRACON& Tower with Radar,72,53,65,18,208,2,6,70,29,107,74,59,135,47,315,118,52,170,485
09/03/2021,COS,CO,ANM,WE,Combined TRACON& Tower with Radar,101,68,57,9,235,0,2,84,19,105,101,70,141,28,340,188,28,216,556
09/04/2021,COS,CO,ANM,WE,Combined TRACON& Tower with Radar,49,40,45,4,138,0,4,117,16,137,49,44,162,20,275,128,20,148,423
09/05/2021,COS,CO,ANM,WE,Combined TRACON& Tower with Radar,44,41,41,0,126,0,16,96,13,125,44,57,137,13,251,122,28,150,401
09/06/2021,COS,CO,ANM,WE,Combined TRACON& Tower with Radar,57,43,51,5,156,0,6,104,13,123,57,49,155,18,279,118,0,118,397
09/07/2021,COS,CO,ANM,WE,Combined TRACON& Tower with Radar,56,55,72,24,207,0,7,85,22,114,56,62,157,46,321,212,6,218,539
09/08/2021,COS,CO,ANM,WE,Combined TRACON& Tower with Radar,63,62,46,26,197,0,6,88,17,111,63,68,134,43,308,216,28,244,552
09/09/2021,COS,CO,ANM,WE,Combined TRACON& Tower with Radar,62,53,73,24,212,0,9,84,31,124,62,62,157,55,336,142,50,192,528
09/10/2021,COS,CO,ANM,WE,Combined TRACON& Tower with Radar,59,60,69,31,219,0,7,99,17,123,59,67,168,48,342,114,70,184,526
09/11/2021,COS,CO,ANM,WE,Combined TRACON& Tower with Radar,50,51,41,14,156,0,3,87,12,102,50,54,128,26,258,66,0,66,324
09/12/2021,COS,CO,ANM,WE,Combined TRACON& Tower with Radar,56,44,58,25,183,0,4,81,12,97,56,48,139,37,280,75,16,91,371
09/13/2021,COS,CO,ANM,WE,Combined TRACON& Tower with Radar,62,51,46,32,191,0,7,72,30,109,62,58,118,62,300,136,82,218,518
09/14/2021,COS,CO,ANM,WE,Combined TRACON& Tower with Radar,60,47,45,30,182,0,7,65,33,105,60,54,110,63,287,0,0,0,287
09/15/2021,COS,CO,ANM,WE,Combined TRACON& Tower with Radar,60,42,54,28,184,0,5,142,41,188,60,47,196,69,372,284,76,360,732
09/16/2021,COS,CO,ANM,WE,Combined TRACON& Tower with Radar,65,37,61,29,192,0,9,97,40,146,65,46,158,69,338,106,24,130,468
09/17/2021,COS,CO,ANM,WE,Combined TRACON& Tower with Radar,62,33,50,58,203,0,8,76,17,101,62,41,126,75,304,0,0,0,304
09/18/2021,COS,CO,ANM,WE,Combined TRACON& Tower with Radar,47,38,52,22,159,0,8,103,24,135,47,46,155,46,294,130,36,166,460
09/19/2021,COS,CO,ANM,WE,Combined TRACON& Tower with Radar,54,45,43,27,169,0,6,37,9,52,54,51,80,36,221,56,30,86,307
09/20/2021,COS,CO,ANM,WE,Combined TRACON& Tower with Radar,58,39,57,49,203,0,9,73,17,99,58,48,130,66,302,90,38,128,430
09/21/2021,COS,CO,ANM,WE,Combined TRACON& Tower with Radar,59,34,63,25,181,2,4,93,21,120,61,38,156,46,301,222,22,244,545
09/22/2021,COS,CO,ANM,WE,Combined TRACON& Tower with Radar,63,47,42,28,180,0,11,120,34,165,63,58,162,62,345,186,64,250,595
09/23/2021,COS,CO,ANM,WE,Combined TRACON& Tower with Radar,64,53,70,46,233,0,6,104,32,142,64,59,174,78,375,304,56,360,735
09/24/2021,COS,CO,ANM,WE,Combined TRACON& Tower with Radar,60,43,59,10,172,0,8,114,20,142,60,51,173,30,314,223,22,245,559
09/25/2021,COS,CO,ANM,WE,Combined TRACON& Tower with Radar,47,40,40,9,136,0,13,118,29,160,47,53,158,38,296,247,26,273,569
09/26/2021,COS,CO,ANM,WE,Combined TRACON& Tower with Radar,49,60,59,13,181,0,11,70,26,107,49,71,129,39,288,128,16,144,432
09/27/2021,COS,CO,ANM,WE,Combined TRACON& Tower with Radar,57,46,60,8,171,0,8,63,13,84,57,54,123,21,255,126,22,148,403
09/28/2021,COS,CO,ANM,WE,Combined TRACON& Tower with Radar,57,42,62,8,169,0,6,68,8,82,57,48,130,16,251,184,0,184,435
09/29/2021,COS,CO,ANM,WE,Combined TRACON& Tower with Radar,61,41,62,13,177,0,0,61,22,83,61,41,123,35,260,224,38,262,522
09/30/2021,COS,CO,ANM,WE,Combined TRACON& Tower with Radar,56,54,73,14,197,0,2,46,39,87,56,56,119,53,284,222,184,406,690
10/01/2021,COS,CO,ANM,WE,Combined TRACON& Tower with Radar,61,57,52,37,207,0,10,52,12,74,61,67,104,49,281,180,120,300,581
10/02/2021,COS,CO,ANM,WE,Combined TRACON& Tower with Radar,48,71,57,9,185,0,12,92,16,120,48,83,149,25,305,182,22,204,509
10/03/2021,COS,CO,ANM,WE,Combined TRACON& Tower with Radar,45,48,49,12,154,0,4,73,16,93,45,52,122,28,247,40,18,58,305
10/04/2021,COS,CO,ANM,WE,Combined TRACON& Tower with Radar,60,66,57,3,186,0,0,105,8,113,60,66,162,11,299,154,20,174,473
10/05/2021,COS,CO,ANM,WE,Combined TRACON& Tower with Radar,55,64,53,27,199,0,6,126,26,158,55,70,179,53,357,154,46,200,557
10/06/2021,COS,CO,ANM,WE,Combined TRACON& Tower with Radar,57,41,80,18,196,0,8,94,10,112,57,49,174,28,308,152,26,178,486
10/07/2021,COS,CO,ANM,WE,Combined TRACON& Tower with Radar,60,40,63,20,183,0,7,103,19,129,60,47,166,39,312,230,98,328,640
10/08/2021,COS,CO,ANM,WE,Combined TRACON& Tower with Radar,56,46,86,9,197,0,3,87,40,130,56,49,173,49,327,0,0,0,327
10/09/2021,COS,CO,ANM,WE,Combined TRACON& Tower with Radar,41,43,27,0,111,0,6,22,5,33,41,49,49,5,144,20,0,20,164
10/10/2021,COS,CO,ANM,WE,Combined TRACON& Tower with Radar,36,37,71,5,149,0,4,123,15,142,36,41,194,20,291,156,18,174,465
10/11/2021,COS,CO,ANM,WE,Combined TRACON& Tower with Radar,50,40,49,0,139,0,5,64,5,74,50,45,113,5,213,176,12,188,401
10/12/2021,COS,CO,ANM,WE,Combined TRACON& Tower with Radar,59,42,21,25,147,0,0,17,17,34,59,42,38,42,181,18,48,66,247
10/13/2021,COS,CO,ANM,WE,Combined TRACON& Tower with Radar,60,51,69,22,202,0,10,89,22,121,60,61,158,44,323,228,40,268,591
10/14/2021,COS,CO,ANM,WE,Combined TRACON& Tower with Radar,58,41,36,20,155,0,1,36,23,60,58,42,72,43,215,164,60,224,439
10/15/2021,COS,CO,ANM,WE,Combined TRACON& Tower with Radar,61,43,51,22,177,0,9,136,31,176,61,52,187,53,353,272,138,410,763
10/16/2021,COS,CO,ANM,WE,Combined TRACON& Tower with Radar,49,34,27,9,119,0,10,136,8,154,49,44,163,17,273,178,2,180,453
10/17/2021,COS,CO,ANM,WE,Combined TRACON& Tower with Radar,48,39,40,17,144,0,4,128,5,137,48,43,168,22,281,190,32,222,503
10/18/2021,COS,CO,ANM,WE,Combined TRACON& Tower with Radar,64,34,42,40,180,0,3,116,19,138,64,37,158,59,318,204,64,268,586
10/19/2021,COS,CO,ANM,WE,Combined TRACON& Tower with Radar,56,43,34,10,143,0,5,37,5,47,56,48,71,15,190,54,14,68,258
10/20/2021,COS,CO,ANM,WE,Combined TRACON& Tower with Radar,58,49,41,14,162,0,4,109,26,139,58,53,150,40,301,230,110,340,641
10/21/2021,COS,CO,ANM,WE,Combined TRACON& Tower with Radar,55,43,51,14,163,0,7,97,50,154,55,50,148,64,317,166,144,310,627
10/22/2021,COS,CO,ANM,WE,Combined TRACON& Tower with Radar,57,33,47,28,165,0,12,91,25,128,57,45,138,53,293,282,194,476,769
10/23/2021,COS,CO,ANM,WE,Combined TRACON& Tower with Radar,49,36,45,19,149,0,9,84,13,106,49,45,129,32,255,122,4,126,381
10/24/2021,COS,CO,ANM,WE,Combined TRACON& Tower with Radar,48,40,58,21,167,0,9,56,4,69,48,49,114,25,236,32,4,36,272
10/25/2021,COS,CO,ANM,WE,Combined TRACON& Tower with Radar,65,51,38,17,171,0,16,62,32,110,65,67,100,49,281,184,96,280,561
10/26/2021,COS,CO,ANM,WE,Combined TRACON& Tower with Radar,57,31,19,12,119,0,3,22,7,32,57,34,41,19,151,38,20,58,209
10/27/2021,COS,CO,ANM,WE,Combined TRACON& Tower with Radar,61,40,40,29,170,0,10,31,22,63,61,50,71,51,233,78,78,156,389
10/28/2021,COS,CO,ANM,WE,Combined TRACON& Tower with Radar,56,38,41,26,161,0,6,92,35,133,56,44,133,61,294,262,80,342,636
10/29/2021,COS,CO,ANM,WE,Combined TRACON& Tower with Radar,58,35,50,14,157,0,10,119,21,150,58,45,169,35,307,234,118,352,659
10/30/2021,COS,CO,ANM,WE,Combined TRACON& Tower with Radar,48,27,48,6,129,0,13,109,9,131,48,40,157,15,260,192,28,220,480
10/31/2021,COS,CO,ANM,WE,Combined TRACON& Tower with Radar,36,47,62,6,151,0,2,0,0,2,36,49,62,6,153,0,0,0,153
11/01/2021,COS,CO,ANM,WE,Combined TRACON& Tower with Radar,54,47,46,19,166,0,2,39,4,45,54,49,85,23,211,258,10,268,479
11/02/2021,COS,CO,ANM,WE,Combined TRACON& Tower with Radar,52,47,23,15,137,0,2,0,5,7,52,49,23,20,144,68,18,86,230
11/03/2021,COS,CO,ANM,WE,Combined TRACON& Tower with Radar,53,57,73,15,198,0,8,122,13,143,53,65,195,28,341,260,36,296,637
11/04/2021,COS,CO,ANM,WE,Combined TRACON& Tower with Radar,56,36,52,29,173,0,6,149,33,188,56,42,201,62,361,194,108,302,663
11/05/2021,COS,CO,ANM,WE,Combined TRACON& Tower with Radar,55,52,53,37,197,0,9,107,10,126,55,61,160,47,323,209,36,245,568
11/06/2021,COS,CO,ANM,WE,Combined TRACON& Tower with Radar,44,43,36,9,132,0,11,111,19,141,44,54,147,28,273,219,10,229,502
11/07/2021,COS,CO,ANM,WE,Combined TRACON& Tower with Radar,39,36,39,14,128,0,3,73,7,83,39,39,112,21,211,178,2,180,391
11/08/2021,COS,CO,ANM,WE,Combined TRACON& Tower with Radar,51,42,50,21,164,0,14,80,28,122,51,56,130,49,286,274,32,306,592
11/09/2021,COS,CO,ANM,WE,Combined TRACON& Tower with Radar,47,33,38,28,146,0,10,100,40,150,47,43,138,68,296,248,114,362,658
11/10/2021,COS,CO,ANM,WE,Combined TRACON& Tower with Radar,48,35,40,40,163,0,2,46,26,74,48,37,86,66,237,98,56,154,391
11/11/2021,COS,CO,ANM,WE,Combined TRACON& Tower with Radar,47,39,45,0,131,0,6,69,30,105,47,45,114,30,236,131,20,151,387
11/12/2021,COS,CO,ANM,WE,Combined TRACON& Tower with Radar,50,33,54,19,156,0,8,110,44,162,50,41,164,63,318,284,102,386,704
11/13/2021,COS,CO,ANM,WE,Combined TRACON& Tower with Radar,39,39,23,9,110,0,2,70,30,102,39,41,93,39,212,214,48,262,474
11/14/2021,COS,CO,ANM,WE,Combined TRACON& Tower with Radar,43,38,41,13,135,0,11,59,21,91,43,49,100,34,226,172,54,226,452
11/15/2021,COS,CO,ANM,WE,Combined TRACON& Tower with Radar,55,36,55,15,161,0,5,120,33,158,55,41,175,48,319,280,120,400,719
11/16/2021,COS,CO,ANM,WE,Combined TRACON& Tower with Radar,46,31,32,15,124,0,5,53,21,79,46,36,85,36,203,96,26,122,325
11/17/2021,COS,CO,ANM,WE,Combined TRACON& Tower with Radar,49,43,37,25,154,0,13,93,25,131,49,56,130,50,285,300,74,374,659
11/18/2021,COS,CO,ANM,WE,Combined TRACON& Tower with Radar,46,39,43,18,146,0,11,106,31,148,46,50,149,49,294,152,54,206,500
11/19/2021,COS,CO,ANM,WE,Combined TRACON& Tower with Radar,52,42,46,14,154,0,5,82,24,111,52,47,128,38,265,66,40,106,371
11/20/2021,COS,CO,ANM,WE,Combined TRACON& Tower with Radar,44,33,27,9,113,0,6,67,14,87,44,39,94,23,200,186,42,228,428
11/21/2021,COS,CO,ANM,WE,Combined TRACON& Tower with Radar,41,36,38,13,128,0,6,88,0,94,41,42,126,13,222,298,0,298,520
11/22/2021,COS,CO,ANM,WE,Combined TRACON& Tower with Radar,52,39,37,32,160,0,12,89,28,129,52,51,126,60,289,318,56,374,663
11/23/2021,COS,CO,ANM,WE,Combined TRACON& Tower with Radar,55,44,63,22,184,0,4,62,18,84,55,48,125,40,268,132,84,216,484
11/24/2021,COS,CO,ANM,WE,Combined TRACON& Tower with Radar,60,31,35,0,126,0,6,7,1,14,60,37,42,1,140,6,0,6,146
11/25/2021,COS,CO,ANM,WE,Combined TRACON& Tower with Radar,33,23,11,0,67,0,9,13,3,25,33,32,24,3,92,0,0,0,92
11/26/2021,COS,CO,ANM,WE,Combined TRACON& Tower with Radar,53,39,31,1,124,0,8,73,7,88,53,47,104,8,212,206,42,248,460
11/27/2021,COS,CO,ANM,WE,Combined TRACON& Tower with Radar,47,37,32,3,119,0,6,74,8,88,47,43,106,11,207,204,10,214,421
11/28/2021,COS,CO,ANM,WE,Combined TRACON& Tower with Radar,55,43,58,3,159,0,9,115,12,136,55,52,173,15,295,234,24,258,553
11/29/2021,COS,CO,ANM,WE,Combined TRACON& Tower with Radar,63,32,40,18,153,0,3,95,18,116,63,35,135,36,269,258,24,282,551
11/30/2021,COS,CO,ANM,WE,Combined TRACON& Tower with Radar,45,34,36,34,149,0,14,91,21,126,45,48,127,55,275,138,50,188,463
12/01/2021,COS,CO,ANM,WE,Combined TRACON& Tower with Radar,50,34,47,21,152,0,11,122,20,153,50,45,169,41,305,302,64,366,671
12/02/2021,COS,CO,ANM,WE,Combined TRACON& Tower with Radar,48,42,37,12,139,0,7,127,20,154,48,49,164,32,293,204,36,240,533
12/03/2021,COS,CO,ANM,WE,Combined TRACON& Tower with Radar,54,39,38,43,174,0,6,118,13,137,54,45,156,56,311,230,94,324,635
12/04/2021,COS,CO,ANM,WE,Combined TRACON& Tower with Radar,40,37,42,10,129,0,11,128,14,153,40,48,170,24,282,204,8,212,494
12/05/2021,COS,CO,ANM,WE,Combined TRACON& Tower with Radar,41,30,24,10,105,0,2,23,0,25,41,32,47,10,130,11,10,21,151
12/06/2021,COS,CO,ANM,WE,Combined TRACON& Tower with Radar,50,35,31,15,131,0,4,65,13,82,50,39,96,28,213,174,16,190,403
12/07/2021,COS,CO,ANM,WE,Combined TRACON& Tower with Radar,52,36,42,13,143,0,2,69,24,95,52,38,111,37,238,206,34,240,478
12/08/2021,COS,CO,ANM,WE,Combined TRACON& Tower with Radar,52,40,44,11,147,0,6,102,14,122,52,46,146,25,269,236,6,242,511
12/09/2021,COS,CO,ANM,WE,Combined TRACON& Tower with Radar,50,40,26,15,131,0,12,68,14,94,50,52,94,29,225,144,34,178,403
12/10/2021,COS,CO,ANM,WE,Combined TRACON& Tower with Radar,53,44,19,12,128,0,4,1,10,15,53,48,20,22,143,4,24,28,171
12/11/2021,COS,CO,ANM,WE,Combined TRACON& Tower with Radar,41,40,18,8,107,0,6,72,7,85,41,46,90,15,192,150,26,176,368
12/12/2021,COS,CO,ANM,WE,Combined TRACON& Tower with Radar,43,38,47,7,135,0,6,74,3,83,43,44,121,10,218,114,0,114,332
12/13/2021,COS,CO,ANM,WE,Combined TRACON& Tower with Radar,51,44,47,7,149,0,16,124,12,152,51,60,171,19,301,224,16,240,541
12/14/2021,COS,CO,ANM,WE,Combined TRACON& Tower with Radar,46,36,29,28,139,0,6,70,14,90,46,42,99,42,229,182,54,236,465
12/15/2021,COS,CO,ANM,WE,Combined TRACON& Tower with Radar,32,27,5,4,68,0,1,2,0,3,32,28,7,4,71,0,0,0,71
12/16/2021,COS,CO,ANM,WE,Combined TRACON& Tower with Radar,41,41,65,17,164,0,10,130,19,159,41,51,195,36,323,204,44,248,571
12/17/2021,COS,CO,ANM,WE,Combined TRACON& Tower with Radar,48,50,60,31,189,0,11,111,8,130,48,61,171,39,319,250,96,346,665
12/18/2021,COS,CO,ANM,WE,Combined TRACON& Tower with Radar,37,27,38,30,132,0,2,124,11,137,37,29,162,41,269,153,0,153,422
12/19/2021,COS,CO,ANM,WE,Combined TRACON& Tower with Radar,37,44,38,17,136,0,15,84,7,106,37,59,122,24,242,128,50,178,420
12/20/2021,COS,CO,ANM,WE,Combined TRACON& Tower with Radar,50,36,41,31,158,0,4,156,7,167,50,40,197,38,325,202,6,208,533
12/21/2021,COS,CO,ANM,WE,Combined TRACON& Tower with Radar,46,39,55,19,159,0,9,80,9,98,46,48,135,28,257,98,36,134,391
12/22/2021,COS,CO,ANM,WE,Combined TRACON& Tower with Radar,46,48,37,12,143,0,13,112,5,130,46,61,149,17,273,180,61,241,514
12/23/2021,COS,CO,ANM,WE,Combined TRACON& Tower with Radar,46,37,43,0,126,0,2,57,0,59,46,39,100,0,185,62,0,62,247
12/24/2021,COS,CO,ANM,WE,Combined TRACON& Tower with Radar,52,37,13,0,102,0,0,3,0,3,52,37,16,0,105,0,0,0,105
12/25/2021,COS,CO,ANM,WE,Combined TRACON& Tower with Radar,33,44,14,0,91,0,0,5,0,5,33,44,19,0,96,0,0,0,96
12/26/2021,COS,CO,ANM,WE,Combined TRACON& Tower with Radar,39,39,27,2,107,0,1,12,0,13,39,40,39,2,120,46,0,46,166
12/27/2021,COS,CO,ANM,WE,Combined TRACON& Tower with Radar,50,48,54,8,160,0,9,87,8,104,50,57,141,16,264,146,2,148,412
12/28/2021,COS,CO,ANM,WE,Combined TRACON& Tower with Radar,47,51,38,11,147,0,9,72,13,94,47,60,110,24,241,44,14,58,299
12/29/2021,COS,CO,ANM,WE,Combined TRACON& Tower with Radar,51,44,33,12,140,0,6,106,12,124,51,50,139,24,264,0,0,0,264
12/30/2021,COS,CO,ANM,WE,Combined TRACON& Tower with Radar,58,37,18,2,115,0,5,14,11,30,58,42,32,13,145,0,12,12,157
12/31/2021,COS,CO,ANM,WE,Combined TRACON& Tower with Radar,43,32,18,2,95,0,1,10,8,19,43,33,28,10,114,0,6,6,120
01/01/2022,COS,CO,ANM,WE,Combined TRACON& Tower with Radar,32,44,13,0,89,0,2,4,0,6,32,46,17,0,95,0,0,0,95
01/02/2022,COS,CO,ANM,WE,Combined TRACON& Tower with Radar,41,45,45,6,137,0,9,59,12,80,41,54,104,18,217,74,0,74,291
01/03/2022,COS,CO,ANM,WE,Combined TRACON& Tower with Radar,45,40,57,12,154,0,6,94,9,109,45,46,151,21,263,108,0,108,371
01/04/2022,COS,CO,ANM,WE,Combined TRACON& Tower with Radar,51,36,28,8,123,0,1,8,4,13,51,37,36,12,136,6,0,6,142
01/05/2022,COS,CO,ANM,WE,Combined TRACON& Tower with Radar,43,34,19,12,108,0,0,11,3,14,43,34,30,15,122,36,30,66,188
01/06/2022,COS,CO,ANM,WE,Combined TRACON& Tower with Radar,46,33,34,18,131,0,6,48,12,66,46,39,82,30,197,98,122,220,417
01/07/2022,COS,CO,ANM,WE,Combined TRACON& Tower with Radar,42,35,46,28,151,0,2,105,24,131,42,37,151,52,282,166,86,252,534
01/08/2022,COS,CO,ANM,WE,Combined TRACON& Tower with Radar,34,35,33,6,108,0,2,82,11,95,34,37,115,17,203,96,30,126,329
01/09/2022,COS,CO,ANM,WE,Combined TRACON& Tower with Radar,40,28,29,9,106,0,0,28,0,28,40,28,57,9,134,28,0,28,162
01/10/2022,COS,CO,ANM,WE,Combined TRACON& Tower with Radar,39,31,39,31,140,0,0,121,35,156,39,31,160,66,296,258,72,330,626
01/11/2022,COS,CO,ANM,WE,Combined TRACON& Tower with Radar,37,35,39,16,127,0,3,82,28,113,37,38,121,44,240,193,114,307,547
01/12/2022,COS,CO,ANM,WE,Combined TRACON& Tower with Radar,49,24,44,11,128,0,2,114,16,132,49,26,158,27,260,236,32,268,528
01/13/2022,COS,CO,ANM,WE,Combined TRACON& Tower with Radar,45,35,57,9,146,0,4,111,25,140,45,39,168,34,286,180,54,234,520
01/14/2022,COS,CO,ANM,WE,Combined TRACON& Tower with Radar,43,31,17,0,91,0,1,0,19,20,43,32,17,19,111,0,12,12,123
01/15/2022,COS,CO,ANM,WE,Combined TRACON& Tower with Radar,42,32,44,2,120,0,6,85,12,103,42,38,129,14,223,230,8,238,461
01/16/2022,COS,CO,ANM,WE,Combined TRACON& Tower with Radar,39,21,38,2,100,0,0,96,9,105,39,21,134,11,205,0,0,0,205
01/17/2022,COS,CO,ANM,WE,Combined TRACON& Tower with Radar,51,32,40,3,126,0,0,118,8,126,51,32,158,11,252,282,22,304,556
01/18/2022,COS,CO,ANM,WE,Combined TRACON& Tower with Radar,43,27,38,43,151,0,3,83,31,117,43,30,121,74,268,166,96,262,530
01/19/2022,COS,CO,ANM,WE,Combined TRACON& Tower with Radar,48,25,10,1,84,0,1,1,0,2,48,26,11,1,86,0,0,0,86
01/20/2022,COS,CO,ANM,WE,Combined TRACON& Tower with Radar,50,38,38,11,137,0,0,5,5,10,50,38,43,16,147,10,10,20,167
01/21/2022,COS,CO,ANM,WE,Combined TRACON& Tower with Radar,57,36,32,15,140,0,3,38,21,62,57,39,70,36,202,44,26,70,272
01/22/2022,COS,CO,ANM,WE,Combined TRACON& Tower with Radar,40,27,27,7,101,0,0,49,17,66,40,27,76,24,167,38,4,42,209
01/23/2022,COS,CO,ANM,WE,Combined TRACON& Tower with Radar,44,28,50,11,133,0,0,114,14,128,44,28,164,25,261,184,32,216,477
01/24/2022,COS,CO,ANM,WE,Combined TRACON& Tower with Radar,45,26,55,10,136,0,4,107,26,137,45,30,162,36,273,168,12,180,453
01/25/2022,COS,CO,ANM,WE,Combined TRACON& Tower with Radar,42,38,18,23,121,0,2,4,10,16,42,40,22,33,137,0,0,0,137
01/26/2022,COS,CO,ANM,WE,Combined TRACON& Tower with Radar,45,33,47,19,144,0,2,87,22,111,45,35,134,41,255,166,42,208,463
01/27/2022,COS,CO,ANM,WE,Combined TRACON& Tower with Radar,47,31,12,11,101,0,0,4,5,9,47,31,16,16,110,4,16,20,130
01/28/2022,COS,CO,ANM,WE,Combined TRACON& Tower with Radar,49,41,42,12,144,0,4,94,19,117,49,45,136,31,261,112,36,148,409
01/29/2022,COS,CO,ANM,WE,Combined TRACON& Tower with Radar,41,31,63,8,143,0,7,161,15,183,41,38,224,23,326,294,0,294,620
01/30/2022,COS,CO,ANM,WE,Combined TRACON& Tower with Radar,45,34,52,7,138,0,9,115,9,133,45,43,167,16,271,270,20,290,561
01/31/2022,COS,CO,ANM,WE,Combined TRACON& Tower with Radar,47,34,45,7,133,0,0,102,10,112,47,34,147,17,245,140,48,188,433
02/01/2022,COS,CO,ANM,WE,Combined TRACON& Tower with Radar,44,45,17,19,125,0,4,47,21,72,44,49,64,40,197,208,56,264,461
02/02/2022,COS,CO,ANM,WE,Combined TRACON& Tower with Radar,44,40,10,2,96,0,0,0,0,0,44,40,10,2,96,0,0,0,96
02/03/2022,COS,CO,ANM,WE,Combined TRACON& Tower with Radar,33,33,30,4,100,0,3,20,11,34,33,36,50,15,134,48,8,56,190
02/04/2022,COS,CO,ANM,WE,Combined TRACON& Tower with Radar,46,36,53,17,152,0,4,83,12,99,46,40,136,29,251,152,14,166,417
02/05/2022,COS,CO,ANM,WE,Combined TRACON& Tower with Radar,37,24,45,5,111,0,7,94,21,122,37,31,139,26,233,200,6,206,439
02/06/2022,COS,CO,ANM,WE,Combined TRACON& Tower with Radar,42,40,28,7,117,0,0,42,8,50,42,40,70,15,167,198,38,236,403
02/07/2022,COS,CO,ANM,WE,Combined TRACON& Tower with Radar,47,37,30,10,124,0,9,73,10,92,47,46,103,20,216,218,0,218,434
02/08/2022,COS,CO,ANM,WE,Combined TRACON& Tower with Radar,44,35,46,14,139,0,3,81,28,112,44,38,127,42,251,252,54,306,557
02/09/2022,COS,CO,ANM,WE,Combined TRACON& Tower with Radar,47,29,36,19,131,0,10,106,31,147,47,39,142,50,278,282,64,346,624
02/10/2022,COS,CO,ANM,WE,Combined TRACON& Tower with Radar,51,41,66,12,170,0,4,110,25,139,51,45,176,37,309,342,114,456,765
02/11/2022,COS,CO,ANM,WE,Combined TRACON& Tower with Radar,50,32,26,9,117,0,2,8,8,18,50,34,34,17,135,40,30,70,205
02/12/2022,COS,CO,ANM,WE,Combined TRACON& Tower with Radar,44,28,41,1,114,0,8,77,13,98,44,36,118,14,212,176,0,176,388
02/13/2022,COS,CO,ANM,WE,Combined TRACON& Tower with Radar,49,27,34,5,115,0,0,99,13,112,49,27,133,18,227,176,6,182,409
02/14/2022,COS,CO,ANM,WE,Combined TRACON& Tower with Radar,52,33,36,9,130,0,4,87,17,108,52,37,123,26,238,190,36,226,464
02/15/2022,COS,CO,ANM,WE,Combined TRACON& Tower with Radar,55,33,55,17,160,0,12,108,31,151,55,45,163,48,311,200,118,318,629
02/16/2022,COS,CO,ANM,WE,Combined TRACON& Tower with Radar,56,31,47,20,154,0,0,40,32,72,56,31,87,52,226,172,92,264,490
02/17/2022,COS,CO,ANM,WE,Combined TRACON& Tower with Radar,52,29,41,25,147,0,6,73,22,101,52,35,114,47,248,168,96,264,512
02/18/2022,COS,CO,ANM,WE,Combined TRACON& Tower with Radar,53,33,53,18,157,0,2,147,22,171,53,35,200,40,328,362,69,431,759
02/19/2022,COS,CO,ANM,WE,Combined TRACON& Tower with Radar,48,34,32,9,123,0,9,147,10,166,48,43,179,19,289,218,50,268,557
02/20/2022,COS,CO,ANM,WE,Combined TRACON& Tower with Radar,47,25,35,7,114,0,5,86,8,99,47,30,121,15,213,97,6,103,316
02/21/2022,COS,CO,ANM,WE,Combined TRACON& Tower with Radar,55,32,47,5,139,0,5,46,14,65,55,37,93,19,204,98,0,98,302
02/22/2022,COS,CO,ANM,WE,Combined TRACON& Tower with Radar,53,32,12,3,100,0,0,2,0,2,53,32,14,3,102,0,0,0,102
02/23/2022,COS,CO,ANM,WE,Combined TRACON& Tower with Radar,51,20,12,4,87,0,0,0,0,0,51,20,12,4,87,0,0,0,87
02/24/2022,COS,CO,ANM,WE,Combined TRACON& Tower with Radar,52,27,43,23,145,0,2,64,16,82,52,29,107,39,227,182,62,244,471
02/25/2022,COS,CO,ANM,WE,Combined TRACON& Tower with Radar,52,39,40,29,160,0,13,94,12,119,52,52,134,41,279,306,54,360,639
02/26/2022,COS,CO,ANM,WE,Combined TRACON& Tower with Radar,45,27,42,7,121,0,5,110,13,128,45,32,152,20,249,276,42,318,567
02/27/2022,COS,CO,ANM,WE,Combined TRACON& Tower with Radar,47,38,44,12,141,0,15,116,13,144,47,53,160,25,285,252,40,292,577
02/28/2022,COS,CO,ANM,WE,Combined TRACON& Tower with Radar,55,28,32,14,129,0,11,119,30,160,55,39,151,44,289,226,30,256,545
03/01/2022,COS,CO,ANM,WE,Combined TRACON& Tower with Radar,48,32,34,29,143,0,4,135,41,180,48,36,169,70,323,156,110,266,589
03/02/2022,COS,CO,ANM,WE,Combined TRACON& Tower with Radar,55,32,50,33,170,0,10,139,20,169,55,42,189,53,339,261,62,323,662
03/03/2022,COS,CO,ANM,WE,Combined TRACON& Tower with Radar,48,31,41,20,140,0,0,117,33,150,48,31,158,53,290,262,152,414,704
03/04/2022,COS,CO,ANM,WE,Combined TRACON& Tower with Radar,61,25,39,12,137,0,0,86,10,96,61,25,125,22,233,179,6,185,418
03/05/2022,COS,CO,ANM,WE,Combined TRACON& Tower with Radar,42,32,30,2,106,0,2,36,4,42,42,34,66,6,148,126,24,150,298
03/06/2022,COS,CO,ANM,WE,Combined TRACON& Tower with Radar,49,24,9,1,83,0,0,0,0,0,49,24,9,1,83,0,0,0,83
03/07/2022,COS,CO,ANM,WE,Combined TRACON& Tower with Radar,58,35,28,10,131,0,0,1,0,1,58,35,29,10,132,0,0,0,132
03/08/2022,COS,CO,ANM,WE,Combined TRACON& Tower with Radar,52,37,31,18,138,0,3,94,25,122,52,40,125,43,260,136,106,242,502
03/09/2022,COS,CO,ANM,WE,Combined TRACON& Tower with Radar,59,22,28,4,113,0,1,22,5,28,59,23,50,9,141,118,40,158,299
03/10/2022,COS,CO,ANM,WE,Combined TRACON& Tower with Radar,58,27,22,10,117,0,0,0,0,0,58,27,22,10,117,0,0,0,117
03/11/2022,COS,CO,ANM,WE,Combined TRACON& Tower with Radar,52,28,43,7,130,0,3,112,10,125,52,31,155,17,255,189,16,205,460
03/12/2022,COS,CO,ANM,WE,Combined TRACON& Tower with Radar,47,22,32,6,107,0,3,134,15,152,47,25,166,21,259,190,26,216,475
03/13/2022,COS,CO,ANM,WE,Combined TRACON& Tower with Radar,47,22,48,14,131,0,4,118,8,130,47,26,166,22,261,204,0,204,465
03/14/2022,COS,CO,ANM,WE,Combined TRACON& Tower with Radar,54,43,34,16,147,0,11,47,10,68,54,54,81,26,215,20,0,20,235
03/15/2022,COS,CO,ANM,WE,Combined TRACON& Tower with Radar,55,26,55,17,153,0,9,135,30,174,55,35,190,47,327,292,98,390,717
03/16/2022,COS,CO,ANM,WE,Combined TRACON& Tower with Radar,58,30,43,22,153,0,4,54,38,96,58,34,97,60,249,202,86,288,537
03/17/2022,COS,CO,ANM,WE,Combined TRACON& Tower with Radar,56,28,25,8,117,0,2,2,3,7,56,30,27,11,124,2,6,8,132
03/18/2022,COS,CO,ANM,WE,Combined TRACON& Tower with Radar,57,30,58,14,159,0,2,135,26,163,57,32,193,40,322,378,38,416,738
03/19/2022,COS,CO,ANM,WE,Combined TRACON& Tower with Radar,49,23,50,10,132,0,7,151,17,175,49,30,201,27,307,310,4,314,621
03/20/2022,COS,CO,ANM,WE,Combined TRACON& Tower with Radar,46,24,43,4,117,0,3,57,16,76,46,27,100,20,193,116,38,154,347
03/21/2022,COS,CO,ANM,WE,Combined TRACON& Tower with Radar,53,22,13,1,89,0,0,0,1,1,53,22,13,2,90,0,0,0,90
03/22/2022,COS,CO,ANM,WE,Combined TRACON& Tower with Radar,55,29,16,7,107,0,2,2,2,6,55,31,18,9,113,0,9,9,122
03/23/2022,COS,CO,ANM,WE,Combined TRACON& Tower with Radar,56,28,10,13,107,0,1,12,11,24,56,29,22,24,131,4,52,56,187
03/24/2022,COS,CO,ANM,WE,Combined TRACON& Tower with Radar,56,29,34,19,138,0,5,83,14,102,56,34,117,33,240,134,18,152,392
03/25/2022,COS,CO,ANM,WE,Combined TRACON& Tower with Radar,52,28,42,8,130,0,1,99,13,113,52,29,141,21,243,306,12,318,561
03/26/2022,COS,CO,ANM,WE,Combined TRACON& Tower with Radar,49,25,33,7,114,0,2,102,12,116,49,27,135,19,230,206,32,238,468
03/27/2022,COS,CO,ANM,WE,Combined TRACON& Tower with Radar,52,24,58,5,139,0,7,100,5,112,52,31,158,10,251,120,8,128,379
03/28/2022,COS,CO,ANM,WE,Combined TRACON& Tower with Radar,51,40,41,12,144,0,0,82,18,100,51,40,123,30,244,220,76,296,540
03/29/2022,COS,CO,ANM,WE,Combined TRACON& Tower with Radar,58,38,18,3,117,0,0,9,8,17,58,38,27,11,134,52,38,90,224
03/30/2022,COS,CO,ANM,WE,Combined TRACON& Tower with Radar,59,29,19,15,122,0,0,4,8,12,59,29,23,23,134,34,0,34,168
03/31/2022,COS,CO,ANM,WE,Combined TRACON& Tower with Radar,52,38,56,19,165,0,2,115,27,144,52,40,171,46,309,266,110,376,685
04/01/2022,COS,CO,ANM,WE,Combined TRACON& Tower with Radar,52,32,45,32,161,0,12,74,10,96,52,44,119,42,257,170,24,194,451
04/02/2022,COS,CO,ANM,WE,Combined TRACON& Tower with Radar,43,26,44,6,119,0,8,111,18,137,43,34,155,24,256,166,32,198,454
04/03/2022,COS,CO,ANM,WE,Combined TRACON& Tower with Radar,43,26,33,11,113,0,3,22,9,34,43,29,55,20,147,54,36,90,237
04/04/2022,COS,CO,ANM,WE,Combined TRACON& Tower with Radar,55,33,44,40,172,0,2,47,10,59,55,35,91,50,231,72,64,136,367
04/05/2022,COS,CO,ANM,WE,Combined TRACON& Tower with Radar,60,37,18,2,117,0,0,5,0,5,60,37,23,2,122,0,0,0,122
04/06/2022,COS,CO,ANM,WE,Combined TRACON& Tower with Radar,63,38,30,11,142,0,1,15,2,18,63,39,45,13,160,0,0,0,160
04/07/2022,COS,CO,ANM,WE,Combined TRACON& Tower with Radar,58,28,40,23,149,0,7,42,18,67,58,35,82,41,216,94,52,146,362
04/08/2022,COS,CO,ANM,WE,Combined TRACON& Tower with Radar,57,29,74,34,194,0,3,196,48,247,57,32,270,82,441,252,92,344,785
04/09/2022,COS,CO,ANM,WE,Combined TRACON& Tower with Radar,49,23,39,5,116,0,4,116,26,146,49,27,155,31,262,132,12,144,406
04/10/2022,COS,CO,ANM,WE,Combined TRACON& Tower with Radar,57,25,26,5,113,0,2,26,16,44,57,27,52,21,157,42,8,50,207
04/11/2022,COS,CO,ANM,WE,Combined TRACON& Tower with Radar,60,37,27,26,150,0,4,63,7,74,60,41,90,33,224,104,20,124,348
04/12/2022,COS,CO,ANM,WE,Combined TRACON& Tower with Radar,59,31,10,6,106,0,0,1,8,9,59,31,11,14,115,0,16,16,131
04/13/2022,COS,CO,ANM,WE,Combined TRACON& Tower with Radar,64,33,37,14,148,0,4,32,20,56,64,37,69,34,204,92,32,124,328
04/14/2022,COS,CO,ANM,WE,Combined TRACON& Tower with Radar,60,29,30,13,132,0,6,66,11,83,60,35,96,24,215,214,26,240,455
04/15/2022,COS,CO,ANM,WE,Combined TRACON& Tower with Radar,57,29,40,9,135,0,4,52,20,76,57,33,92,29,211,122,82,204,415
04/16/2022,COS,CO,ANM,WE,Combined TRACON& Tower with Radar,49,27,30,8,114,0,2,79,6,87,49,29,109,14,201,124,0,124,325
04/17/2022,COS,CO,ANM,WE,Combined TRACON& Tower with Radar,56,23,24,2,105,0,0,30,2,32,56,23,54,4,137,20,4,24,161
04/18/2022,COS,CO,ANM,WE,Combined TRACON& Tower with Radar,59,29,40,7,135,0,5,97,29,131,59,34,137,36,266,220,38,258,524
04/19/2022,COS,CO,ANM,WE,Combined TRACON& Tower with Radar,56,33,42,39,170,0,2,93,33,128,56,35,135,72,298,186,80,266,564
04/20/2022,COS,CO,ANM,WE,Combined TRACON& Tower with Radar,62,34,49,25,170,0,9,83,41,133,62,43,132,66,303,168,68,236,539
04/21/2022,COS,CO,ANM,WE,Combined TRACON& Tower with Radar,58,29,43,33,163,0,3,78,53,134,58,32,121,86,297,308,98,406,703
04/22/2022,COS,CO,ANM,WE,Combined TRACON& Tower with Radar,60,31,22,13,126,0,0,21,13,34,60,31,43,26,160,0,0,0,160
04/23/2022,COS,CO,ANM,WE,Combined TRACON& Tower with Radar,48,26,18,9,101,4,3,9,10,26,52,29,27,19,127,10,0,10,137
04/24/2022,COS,CO,ANM,WE,Combined TRACON& Tower with Radar,51,27,32,23,133,0,0,54,9,63,51,27,86,32,196,234,18,252,448
04/25/2022,COS,CO,ANM,WE,Combined TRACON& Tower with Radar,60,32,49,11,152,0,5,118,23,146,60,37,167,34,298,286,16,302,600
04/26/2022,COS,CO,ANM,WE,Combined TRACON& Tower with Radar,61,27,36,9,133,1,6,125,37,169,62,33,161,46,302,288,86,374,676
04/27/2022,COS,CO,ANM,WE,Combined TRACON& Tower with Radar,73,33,34,15,155,0,4,89,20,113,73,37,123,35,268,102,30,132,400
04/28/2022,COS,CO,ANM,WE,Combined TRACON& Tower with Radar,61,32,56,9,158,0,7,121,24,152,61,39,177,33,310,275,24,299,609
04/29/2022,COS,CO,ANM,WE,Combined TRACON& Tower with Radar,65,33,33,11,142,0,5,12,9,26,65,38,45,20,168,80,6,86,254
04/30/2022,COS,CO,ANM,WE,Combined TRACON& Tower with Radar,48,31,26,11,116,0,4,124,20,148,48,35,150,31,264,224,22,246,510
05/01/2022,COS,CO,ANM,WE,Combined TRACON& Tower with Radar,56,24,26,12,118,0,2,77,11,90,56,26,103,23,208,160,40,200,408
05/02/2022,COS,CO,ANM,WE,Combined TRACON& Tower with Radar,55,36,14,10,115,0,0,7,17,24,55,36,21,27,139,14,0,14,153
05/03/2022,COS,CO,ANM,WE,Combined TRACON& Tower with Radar,59,39,20,27,145,0,5,54,26,85,59,44,74,53,230,140,46,186,416
05/04/2022,COS,CO,ANM,WE,Combined TRACON& Tower with Radar,58,31,60,22,171,0,0,17,24,41,58,31,77,46,212,62,48,110,322
05/05/2022,COS,CO,ANM,WE,Combined TRACON& Tower with Radar,60,29,34,26,149,0,5,138,56,199,60,34,172,82,348,220,132,352,700
05/06/2022,COS,CO,ANM,WE,Combined TRACON& Tower with Radar,66,31,46,34,177,0,4,108,43,155,66,35,154,77,332,308,106,414,746
05/07/2022,COS,CO,ANM,WE,Combined TRACON& Tower with Radar,56,29,18,9,112,0,9,56,24,89,56,38,74,33,201,68,34,102,303
05/08/2022,COS,CO,ANM,WE,Combined TRACON& Tower with Radar,54,23,30,5,112,0,3,41,5,49,54,26,71,10,161,58,30,88,249
05/09/2022,COS,CO,ANM,WE,Combined TRACON& Tower with Radar,58,29,11,3,101,0,3,7,10,20,58,32,18,13,121,0,0,0,121
05/10/2022,COS,CO,ANM,WE,Combined TRACON& Tower with Radar,66,39,38,20,163,0,3,97,27,127,66,42,135,47,290,214,55,269,559
05/11/2022,COS,CO,ANM,WE,Combined TRACON& Tower with Radar,59,28,40,18,145,0,7,64,32,103,59,35,104,50,248,220,52,272,520
05/12/2022,COS,CO,ANM,WE,Combined TRACON& Tower with Radar,55,44,22,4,125,0,2,14,11,27,55,46,36,15,152,0,0,0,152
05/13/2022,COS,CO,ANM,WE,Combined TRACON& Tower with Radar,52,25,26,22,125,1,7,121,22,151,53,32,147,44,276,240,12,252,528
05/14/2022,COS,CO,ANM,WE,Combined TRACON& Tower with Radar,48,30,38,5,121,0,8,116,27,151,48,38,154,32,272,154,30,184,456
05/15/2022,COS,CO,ANM,WE,Combined TRACON& Tower with Radar,53,36,34,14,137,8,7,92,34,141,61,43,126,48,278,56,44,100,378
05/16/2022,COS,CO,ANM,WE,Combined TRACON& Tower with Radar,56,49,28,27,160,0,4,90,41,135,56,53,118,68,295,244,114,358,653
05/17/2022,COS,CO,ANM,WE,Combined TRACON& Tower with Radar,74,36,45,37,192,0,0,90,65,155,74,36,135,102,347,148,52,200,547
05/18/2022,COS,CO,ANM,WE,Combined TRACON& Tower with Radar,62,26,39,18,145,0,4,85,48,137,62,30,124,66,282,196,82,278,560
05/19/2022,COS,CO,ANM,WE,Combined TRACON& Tower with Radar,63,34,39,27,163,1,2,66,43,112,64,36,105,70,275,228,80,308,583
05/20/2022,COS,CO,ANM,WE,Combined TRACON& Tower with Radar,50,61,36,10,157,0,0,1,4,5,50,61,37,14,162,0,0,0,162
05/21/2022,COS,CO,ANM,WE,Combined TRACON& Tower with Radar,46,35,25,2,108,0,0,0,0,0,46,35,25,2,108,0,0,0,108
05/22/2022,COS,CO,ANM,WE,Combined TRACON& Tower with Radar,59,42,39,7,147,0,0,2,1,3,59,42,41,8,150,0,0,0,150
05/23/2022,COS,CO,ANM,WE,Combined TRACON& Tower with Radar,55,42,50,19,166,0,0,30,11,41,55,42,80,30,207,180,8,188,395
05/24/2022,COS,CO,ANM,WE,Combined TRACON& Tower with Radar,58,42,24,34,158,0,0,0,18,18,58,42,24,52,176,60,18,78,254
05/25/2022,COS,CO,ANM,WE,Combined TRACON& Tower with Radar,59,37,50,28,174,0,1,117,20,138,59,38,167,48,312,280,38,318,630
05/26/2022,COS,CO,ANM,WE,Combined TRACON& Tower with Radar,62,45,38,16,161,0,2,172,12,186,62,47,210,28,347,306,0,306,653
05/27/2022,COS,CO,ANM,WE,Combined TRACON& Tower with Radar,71,46,41,0,158,0,2,104,7,113,71,48,145,7,271,166,20,186,457
05/28/2022,COS,CO,ANM,WE,Combined TRACON& Tower with Radar,58,31,44,6,139,0,2,97,13,112,58,33,141,19,251,132,4,136,387
05/29/2022,COS,CO,ANM,WE,Combined TRACON& Tower with Radar,83,51,21,7,162,0,0,68,13,81,83,51,89,20,243,126,44,170,413
05/30/2022,COS,CO,ANM,WE,Combined TRACON& Tower with Radar,54,39,24,0,117,0,2,22,7,31,54,41,46,7,148,12,0,12,160
05/31/2022,COS,CO,ANM,WE,Combined TRACON& Tower with Radar,60,37,49,28,174,0,2,85,41,128,60,39,134,69,302,118,76,194,496
06/01/2022,COS,CO,ANM,WE,Combined TRACON& Tower with Radar,53,33,67,23,176,0,0,9,4,13,53,33,76,27,189,0,0,0,189
06/02/2022,COS,CO,ANM,WE,Combined TRACON& Tower with Radar,58,36,66,13,173,0,0,60,9,69,58,36,126,22,242,214,48,262,504
06/03/2022,COS,CO,ANM,WE,Combined TRACON& Tower with Radar,55,38,69,19,181,0,0,26,10,36,55,38,95,29,217,82,4,86,303
06/04/2022,COS,CO,ANM,WE,Combined TRACON& Tower with Radar,51,21,35,7,114,0,1,103,25,129,51,22,138,32,243,174,12,186,429
06/05/2022,COS,CO,ANM,WE,Combined TRACON& Tower with Radar,58,35,66,15,174,0,1,105,11,117,58,36,171,26,291,134,36,170,461
06/06/2022,COS,CO,ANM,WE,Combined TRACON& Tower with Radar,60,44,47,28,179,0,0,97,40,137,60,44,144,68,316,240,94,334,650
06/07/2022,COS,CO,ANM,WE,Combined TRACON& Tower with Radar,65,37,44,34,180,0,2,81,61,144,65,39,125,95,324,210,178,388,712
06/08/2022,COS,CO,ANM,WE,Combined TRACON& Tower with Radar,57,40,68,32,197,0,0,138,51,189,57,40,206,83,386,180,68,248,634
06/09/2022,COS,CO,ANM,WE,Combined TRACON& Tower with Radar,58,32,46,14,150,1,2,121,35,159,59,34,167,49,309,0,0,0,309
06/10/2022,COS,CO,ANM,WE,Combined TRACON& Tower with Radar,56,35,70,16,177,0,5,139,46,190,56,40,209,62,367,0,0,0,367
06/11/2022,COS,CO,ANM,WE,Combined TRACON& Tower with Radar,69,37,40,8,154,5,3,124,39,171,74,40,164,47,325,120,28,148,473
06/12/2022,COS,CO,ANM,WE,Combined TRACON& Tower with Radar,99,38,51,2,190,0,8,90,7,105,99,46,141,9,295,119,0,119,414
06/13/2022,COS,CO,ANM,WE,Combined TRACON& Tower with Radar,64,37,42,14,157,0,2,49,11,62,64,39,91,25,219,52,10,62,281
06/14/2022,COS,CO,ANM,WE,Combined TRACON& Tower with Radar,62,28,33,21,144,0,0,106,46,152,62,28,139,67,296,220,76,296,592
06/15/2022,COS,CO,ANM,WE,Combined TRACON& Tower with Radar,60,28,58,16,162,0,1,123,52,176,60,29,181,68,338,126,62,188,526
06/16/2022,COS,CO,ANM,WE,Combined TRACON& Tower with Radar,61,35,57,30,183,0,0,127,41,168,61,35,184,71,351,222,54,276,627
06/17/2022,COS,CO,ANM,WE,Combined TRACON& Tower with Radar,76,39,47,20,182,0,9,74,29,112,76,48,121,49,294,224,0,224,518
06/18/2022,COS,CO,ANM,WE,Combined TRACON& Tower with Radar,55,28,26,6,115,3,7,72,59,141,58,35,98,65,256,112,18,130,386
06/19/2022,COS,CO,ANM,WE,Combined TRACON& Tower with Radar,61,39,30,3,133,0,0,47,16,63,61,39,77,19,196,52,30,82,278
06/20/2022,COS,CO,ANM,WE,Combined TRACON& Tower with Radar,59,34,35,6,134,0,7,71,18,96,59,41,106,24,230,168,14,182,412
06/21/2022,COS,CO,ANM,WE,Combined TRACON& Tower with Radar,57,35,53,18,163,0,4,116,23,143,57,39,169,41,306,302,18,320,626
06/22/2022,COS,CO,ANM,WE,Combined TRACON& Tower with Radar,57,38,35,24,154,0,1,125,35,161,57,39,160,59,315,320,93,413,728
06/23/2022,COS,CO,ANM,WE,Combined TRACON& Tower with Radar,55,43,49,16,163,0,1,113,47,161,55,44,162,63,324,0,0,0,324
06/24/2022,COS,CO,ANM,WE,Combined TRACON& Tower with Radar,56,42,55,29,182,0,3,109,37,149,56,45,164,66,331,256,102,358,689
06/25/2022,COS,CO,ANM,WE,Combined TRACON& Tower with Radar,59,22,32,2,115,0,0,25,15,40,59,22,57,17,155,60,4,64,219
06/26/2022,COS,CO,ANM,WE,Combined TRACON& Tower with Radar,59,29,79,8,175,0,0,7,2,9,59,29,86,10,184,42,6,48,232
06/27/2022,COS,CO,ANM,WE,Combined TRACON& Tower with Radar,65,33,65,32,195,0,4,54,28,86,65,37,119,60,281,206,80,286,567
06/28/2022,COS,CO,ANM,WE,Combined TRACON& Tower with Radar,62,41,54,29,186,0,6,116,43,165,62,47,170,72,351,456,68,524,875
06/29/2022,COS,CO,ANM,WE,Combined TRACON& Tower with Radar,71,38,44,23,176,0,6,99,39,144,71,44,143,62,320,204,74,278,598
06/30/2022,COS,CO,ANM,WE,Combined TRACON& Tower with Radar,65,23,42,15,145,0,0,53,32,85,65,23,95,47,230,144,130,274,504
07/01/2022,COS,CO,ANM,WE,Combined TRACON& Tower with Radar,63,30,63,19,175,0,1,106,19,126,63,31,169,38,301,192,26,218,519
07/02/2022,COS,CO,ANM,WE,Combined TRACON& Tower with Radar,52,21,40,7,120,0,0,78,16,94,52,21,118,23,214,168,38,206,420
07/03/2022,COS,CO,ANM,WE,Combined TRACON& Tower with Radar,62,20,25,4,111,0,1,79,8,88,62,21,104,12,199,130,42,172,371
07/04/2022,COS,CO,ANM,WE,Combined TRACON& Tower with Radar,59,31,24,1,115,0,6,83,16,105,59,37,107,17,220,94,0,94,314
07/05/2022,COS,CO,ANM,WE,Combined TRACON& Tower with Radar,67,38,48,10,163,0,1,103,23,127,67,39,151,33,290,206,18,224,514
07/06/2022,COS,CO,ANM,WE,Combined TRACON& Tower with Radar,76,40,47,10,173,0,3,68,30,101,76,43,115,40,274,216,42,258,532
07/07/2022,COS,CO,ANM,WE,Combined TRACON& Tower with Radar,72,26,39,11,148,0,3,90,31,124,72,29,129,42,272,0,0,0,272
07/08/2022,COS,CO,ANM,WE,Combined TRACON& Tower with Radar,68,40,67,10,185,0,0,104,31,135,68,40,171,41,320,170,58,228,548
07/09/2022,COS,CO,ANM,WE,Combined TRACON& Tower with Radar,56,31,50,6,143,0,5,92,26,123,56,36,142,32,266,254,8,262,528
07/10/2022,COS,CO,ANM,WE,Combined TRACON& Tower with Radar,61,30,59,9,159,0,1,64,11,76,61,31,123,20,235,95,22,117,352
07/11/2022,COS,CO,ANM,WE,Combined TRACON& Tower with Radar,64,40,35,11,150,0,2,33,16,51,64,42,68,27,201,46,14,60,261
07/12/2022,COS,CO,ANM,WE,Combined TRACON& Tower with Radar,75,43,42,21,181,0,2,104,34,140,75,45,146,55,321,304,104,408,729
07/13/2022,COS,CO,ANM,WE,Combined TRACON& Tower with Radar,66,40,52,15,173,0,0,101,73,174,66,40,153,88,347,282,66,348,695
07/14/2022,COS,CO,ANM,WE,Combined TRACON& Tower with Radar,82,29,41,14,166,0,0,84,30,114,82,29,125,44,280,138,28,166,446
07/15/2022,COS,CO,ANM,WE,Combined TRACON& Tower with Radar,71,25,69,17,182,0,0,80,44,124,71,25,149,61,306,212,82,294,600
07/16/2022,COS,CO,ANM,WE,Combined TRACON& Tower with Radar,55,33,41,6,135,0,1,106,10,117,55,34,147,16,252,150,6,156,408
07/17/2022,COS,CO,ANM,WE,Combined TRACON& Tower with Radar,62,37,78,13,190,0,1,87,25,113,62,38,165,38,303,180,16,196,499
07/18/2022,COS,CO,ANM,WE,Combined TRACON& Tower with Radar,66,32,37,12,147,0,3,88,40,131,66,35,125,52,278,236,26,262,540
07/19/2022,COS,CO,ANM,WE,Combined TRACON& Tower with Radar,69,24,52,16,161,2,4,59,30,95,71,28,111,46,256,216,114,330,586
07/20/2022,COS,CO,ANM,WE,Combined TRACON& Tower with Radar,79,48,69,10,206,0,4,87,44,135,79,52,156,54,341,172,78,250,591
07/21/2022,COS,CO,ANM,WE,Combined TRACON& Tower with Radar,66,38,51,17,172,0,6,117,29,152,66,44,168,46,324,0,0,0,324
07/22/2022,COS,CO,ANM,WE,Combined TRACON& Tower with Radar,64,31,61,18,174,0,5,115,25,145,64,36,176,43,319,289,60,349,668
07/23/2022,COS,CO,ANM,WE,Combined TRACON& Tower with Radar,56,33,49,6,144,0,2,108,12,122,56,35,157,18,266,84,20,104,370
07/24/2022,COS,CO,ANM,WE,Combined TRACON& Tower with Radar,81,43,79,10,213,0,0,83,12,95,81,43,162,22,308,136,4,140,448
07/25/2022,COS,CO,ANM,WE,Combined TRACON& Tower with Radar,58,27,44,9,138,0,1,70,23,94,58,28,114,32,232,108,28,136,368
07/26/2022,COS,CO,ANM,WE,Combined TRACON& Tower with Radar,64,26,50,13,153,0,0,66,22,88,64,26,116,35,241,76,48,124,365
07/27/2022,COS,CO,ANM,WE,Combined TRACON& Tower with Radar,63,43,70,22,198,0,6,104,34,144,63,49,174,56,342,226,60,286,628
07/28/2022,COS,CO,ANM,WE,Combined TRACON& Tower with Radar,64,46,61,3,174,0,2,34,16,52,64,48,95,19,226,170,50,220,446
07/29/2022,COS,CO,ANM,WE,Combined TRACON& Tower with Radar,70,56,100,7,233,0,0,21,9,30,70,56,121,16,263,126,0,126,389
07/30/2022,COS,CO,ANM,WE,Combined TRACON& Tower with Radar,57,41,52,8,158,0,2,81,10,93,57,43,133,18,251,200,26,226,477
07/31/2022,COS,CO,ANM,WE,Combined TRACON& Tower with Radar,68,45,74,7,194,0,2,101,11,114,68,47,175,18,308,154,10,164,472
08/01/2022,COS,CO,ANM,WE,Combined TRACON& Tower with Radar,62,50,64,11,187,0,2,93,14,109,62,52,157,25,296,170,0,170,466
08/02/2022,COS,CO,ANM,WE,Combined TRACON& Tower with Radar,65,28,41,16,150,0,2,99,19,120,65,30,140,35,270,242,52,294,564
08/03/2022,COS,CO,ANM,WE,Combined TRACON& Tower with Radar,61,35,46,17,159,0,4,88,34,126,61,39,134,51,285,160,58,218,503
08/04/2022,COS,CO,ANM,WE,Combined TRACON& Tower with Radar,60,30,58,8,156,0,4,109,22,135,60,34,167,30,291,0,0,0,291
08/05/2022,COS,CO,ANM,WE,Combined TRACON& Tower with Radar,66,35,55,15,171,0,2,103,13,118,66,37,158,28,289,130,20,150,439
08/06/2022,COS,CO,ANM,WE,Combined TRACON& Tower with Radar,67,41,55,11,174,0,1,69,29,99,67,42,124,40,273,82,22,104,377
08/07/2022,COS,CO,ANM,WE,Combined TRACON& Tower with Radar,65,40,43,18,166,0,0,52,9,61,65,40,95,27,227,58,6,64,291
08/08/2022,COS,CO,ANM,WE,Combined TRACON& Tower with Radar,67,40,58,5,170,0,5,73,26,104,67,45,131,31,274,170,16,186,460
08/09/2022,COS,CO,ANM,WE,Combined TRACON& Tower with Radar,62,22,45,17,146,0,2,123,41,166,62,24,168,58,312,276,112,388,700
08/10/2022,COS,CO,ANM,WE,Combined TRACON& Tower with Radar,59,44,65,14,182,0,2,125,24,151,59,46,190,38,333,210,38,248,581
08/11/2022,COS,CO,ANM,WE,Combined TRACON& Tower with Radar,65,30,53,34,182,0,2,115,24,141,65,32,168,58,323,142,80,222,545
08/12/2022,COS,CO,ANM,WE,Combined TRACON& Tower with Radar,62,35,61,50,208,0,1,127,59,187,62,36,188,109,395,292,100,392,787
08/13/2022,COS,CO,ANM,WE,Combined TRACON& Tower with Radar,55,29,32,5,121,0,1,94,32,127,55,30,126,37,248,98,26,124,372
08/14/2022,COS,CO,ANM,WE,Combined TRACON& Tower with Radar,65,32,51,13,161,0,2,115,17,134,65,34,166,30,295,158,0,158,453
08/15/2022,COS,CO,ANM,WE,Combined TRACON& Tower with Radar,64,40,60,15,179,0,3,83,12,98,64,43,143,27,277,202,24,226,503
08/16/2022,COS,CO,ANM,WE,Combined TRACON& Tower with Radar,64,44,59,12,179,0,6,37,13,56,64,50,96,25,235,180,48,228,463
08/17/2022,COS,CO,ANM,WE,Combined TRACON& Tower with Radar,62,35,70,19,186,0,8,136,50,194,62,43,206,69,380,336,78,414,794
08/18/2022,COS,CO,ANM,WE,Combined TRACON& Tower with Radar,65,28,46,25,164,0,3,78,50,131,65,31,124,75,295,174,98,272,567
08/19/2022,COS,CO,ANM,WE,Combined TRACON& Tower with Radar,67,32,55,15,169,0,1,100,22,123,67,33,155,37,292,272,14,286,578
08/20/2022,COS,CO,ANM,WE,Combined TRACON& Tower with Radar,51,28,33,6,118,0,0,40,8,48,51,28,73,14,166,186,28,214,380
08/21/2022,COS,CO,ANM,WE,Combined TRACON& Tower with Radar,85,46,37,18,186,0,1,80,36,117,85,47,117,54,303,96,50,146,449
08/22/2022,COS,CO,ANM,WE,Combined TRACON& Tower with Radar,61,39,52,16,168,0,3,71,29,103,61,42,123,45,271,254,56,310,581
08/23/2022,COS,CO,ANM,WE,Combined TRACON& Tower with Radar,66,21,44,26,157,0,0,127,46,173,66,21,171,72,330,200,110,310,640
08/24/2022,COS,CO,ANM,WE,Combined TRACON& Tower with Radar,62,29,56,24,171,0,1,117,27,145,62,30,173,51,316,252,62,314,630
08/25/2022,COS,CO,ANM,WE,Combined TRACON& Tower with Radar,64,21,51,19,155,0,4,87,30,121,64,25,138,49,276,192,80,272,548
08/26/2022,COS,CO,ANM,WE,Combined TRACON& Tower with Radar,65,38,57,7,167,0,3,73,24,100,65,41,130,31,267,250,12,262,529
08/27/2022,COS,CO,ANM,WE,Combined TRACON& Tower with Radar,51,25,37,13,126,0,0,118,24,142,51,25,155,37,268,78,18,96,364
08/28/2022,COS,CO,ANM,WE,Combined TRACON& Tower with Radar,88,58,39,8,193,0,1,64,11,76,88,59,103,19,269,60,6,66,335
08/29/2022,COS,CO,ANM,WE,Combined TRACON& Tower with Radar,63,28,38,18,147,0,4,104,19,127,63,32,142,37,274,82,22,104,378
08/30/2022,COS,CO,ANM,WE,Combined TRACON& Tower with Radar,63,37,56,12,168,0,6,129,17,152,63,43,185,29,320,154,14,168,488
08/31/2022,COS,CO,ANM,WE,Combined TRACON& Tower with Radar,64,32,44,14,154,0,0,96,24,120,64,32,140,38,274,92,12,104,378
09/01/2022,COS,CO,ANM,WE,Combined TRACON& Tower with Radar,63,36,65,14,178,0,1,118,20,139,63,37,183,34,317,115,8,123,440
09/02/2022,COS,CO,ANM,WE,Combined TRACON& Tower with Radar,82,37,57,12,188,0,4,118,8,130,82,41,175,20,318,76,25,101,419
09/03/2022,COS,CO,ANM,WE,Combined TRACON& Tower with Radar,68,35,45,0,148,0,4,96,13,113,68,39,141,13,261,182,24,206,467
09/04/2022,COS,CO,ANM,WE,Combined TRACON& Tower with Radar,54,24,33,2,113,0,2,74,17,93,54,26,107,19,206,116,38,154,360
09/05/2022,COS,CO,ANM,WE,Combined TRACON& Tower with Radar,62,30,54,6,152,0,0,111,18,129,62,30,165,24,281,232,0,232,513
09/06/2022,COS,CO,ANM,WE,Combined TRACON& Tower with Radar,61,41,78,18,198,0,2,108,21,131,61,43,186,39,329,100,32,132,461
09/07/2022,COS,CO,ANM,WE,Combined TRACON& Tower with Radar,58,36,49,14,157,0,1,105,18,124,58,37,154,32,281,196,26,222,503
09/08/2022,COS,CO,ANM,WE,Combined TRACON& Tower with Radar,65,38,54,14,171,0,0,98,26,124,65,38,152,40,295,228,50,278,573
09/09/2022,COS,CO,ANM,WE,Combined TRACON& Tower with Radar,66,29,60,10,165,0,2,73,20,95,66,31,133,30,260,152,102,254,514
09/10/2022,COS,CO,ANM,WE,Combined TRACON& Tower with Radar,57,25,43,9,134,0,0,0,0,0,57,25,43,9,134,0,0,0,134
09/11/2022,COS,CO,ANM,WE,Combined TRACON& Tower with Radar,55,30,64,28,177,0,0,61,15,76,55,30,125,43,253,120,12,132,385
09/12/2022,COS,CO,ANM,WE,Combined TRACON& Tower with Radar,64,28,53,38,183,0,2,93,34,129,64,30,146,72,312,272,50,322,634
09/13/2022,COS,CO,ANM,WE,Combined TRACON& Tower with Radar,62,14,41,11,128,0,2,111,37,150,62,16,152,48,278,326,76,402,680
09/14/2022,COS,CO,ANM,WE,Combined TRACON& Tower with Radar,56,29,46,12,143,0,2,97,30,129,56,31,143,42,272,222,50,272,544
09/15/2022,COS,CO,ANM,WE,Combined TRACON& Tower with Radar,62,44,55,21,182,0,0,101,18,119,62,44,156,39,301,216,32,248,549
09/16/2022,COS,CO,ANM,WE,Combined TRACON& Tower with Radar,65,26,59,25,175,0,3,125,33,161,65,29,184,58,336,130,64,194,530
09/17/2022,COS,CO,ANM,WE,Combined TRACON& Tower with Radar,52,33,45,5,135,0,7,79,21,107,52,40,124,26,242,130,18,148,390
09/18/2022,COS,CO,ANM,WE,Combined TRACON& Tower with Radar,53,32,56,14,155,0,1,94,20,115,53,33,150,34,270,80,28,108,378
09/19/2022,COS,CO,ANM,WE,Combined TRACON& Tower with Radar,65,29,41,24,159,0,2,118,42,162,65,31,159,66,321,192,56,248,569
09/20/2022,COS,CO,ANM,WE,Combined TRACON& Tower with Radar,65,36,48,18,167,0,1,132,34,167,65,37,180,52,334,126,28,154,488
09/21/2022,COS,CO,ANM,WE,Combined TRACON& Tower with Radar,58,43,41,28,170,0,4,26,26,56,58,47,67,54,226,62,76,138,364
09/22/2022,COS,CO,ANM,WE,Combined TRACON& Tower with Radar,62,30,55,14,161,0,0,1,1,2,62,30,56,15,163,10,0,10,173
09/23/2022,COS,CO,ANM,WE,Combined TRACON& Tower with Radar,67,37,56,7,167,0,1,116,22,139,67,38,172,29,306,165,70,235,541
09/24/2022,COS,CO,ANM,WE,Combined TRACON& Tower with Radar,54,22,21,2,99,0,0,69,20,89,54,22,90,22,188,174,0,174,362
09/25/2022,COS,CO,ANM,WE,Combined TRACON& Tower with Radar,51,29,27,3,110,0,2,81,16,99,51,31,108,19,209,42,22,64,273
09/26/2022,COS,CO,ANM,WE,Combined TRACON& Tower with Radar,67,31,36,17,151,0,4,114,23,141,67,35,150,40,292,210,26,236,528
09/27/2022,COS,CO,ANM,WE,Combined TRACON& Tower with Radar,67,41,33,18,159,0,3,95,32,130,67,44,128,50,289,188,72,260,549
09/28/2022,COS,CO,ANM,WE,Combined TRACON& Tower with Radar,61,35,65,19,180,0,3,113,25,141,61,38,178,44,321,0,0,0,321
09/29/2022,COS,CO,ANM,WE,Combined TRACON& Tower with Radar,66,43,62,14,185,0,3,103,20,126,66,46,165,34,311,226,30,256,567
09/30/2022,COS,CO,ANM,WE,Combined TRACON& Tower with Radar,59,40,64,12,175,0,3,91,22,116,59,43,155,34,291,0,0,0,291
10/01/2022,COS,CO,ANM,WE,Combined TRACON& Tower with Radar,68,45,53,9,175,0,2,73,21,96,68,47,126,30,271,216,16,232,503
10/02/2022,COS,CO,ANM,WE,Combined TRACON& Tower with Radar,56,36,49,14,155,0,0,66,30,96,56,36,115,44,251,92,26,118,369
10/03/2022,COS,CO,ANM,WE,Combined TRACON& Tower with Radar,65,25,30,13,133,0,0,90,39,129,65,25,120,52,262,0,0,0,262
10/04/2022,COS,CO,ANM,WE,Combined TRACON& Tower with Radar,65,31,45,7,148,0,0,84,23,107,65,31,129,30,255,0,0,0,255
10/05/2022,COS,CO,ANM,WE,Combined TRACON& Tower with Radar,59,36,74,19,188,0,1,61,28,90,59,37,135,47,278,0,0,0,278
10/06/2022,COS,CO,ANM,WE,Combined TRACON& Tower with Radar,69,33,49,42,193,0,2,131,26,159,69,35,180,68,352,0,0,0,352
10/07/2022,COS,CO,ANM,WE,Combined TRACON& Tower with Radar,82,60,51,1,194,0,0,2,0,2,82,60,53,1,196,0,0,0,196
10/08/2022,COS,CO,ANM,WE,Combined TRACON& Tower with Radar,57,52,73,7,189,0,3,58,10,71,57,55,131,17,260,0,0,0,260
10/09/2022,COS,CO,ANM,WE,Combined TRACON& Tower with Radar,59,44,51,8,162,0,4,141,18,163,59,48,192,26,325,0,0,0,325
10/10/2022,COS,CO,ANM,WE,Combined TRACON& Tower with Radar,65,56,73,3,197,0,3,126,12,141,65,59,199,15,338,0,0,0,338
10/11/2022,COS,CO,ANM,WE,Combined TRACON& Tower with Radar,75,81,76,13,245,0,0,82,13,95,75,81,158,26,340,0,0,0,340
10/12/2022,COS,CO,ANM,WE,Combined TRACON& Tower with Radar,63,27,68,31,189,0,2,115,28,145,63,29,183,59,334,0,0,0,334
10/13/2022,COS,CO,ANM,WE,Combined TRACON& Tower with Radar,70,21,47,29,167,0,0,107,22,129,70,21,154,51,296,0,0,0,296
10/14/2022,COS,CO,ANM,WE,Combined TRACON& Tower with Radar,65,30,74,38,207,0,0,138,24,162,65,30,212,62,369,0,0,0,369
10/15/2022,COS,CO,ANM,WE,Combined TRACON& Tower with Radar,55,28,32,46,161,0,0,89,37,126,55,28,121,83,287,0,0,0,287
10/16/2022,COS,CO,ANM,WE,Combined TRACON& Tower with Radar,60,23,47,34,164,0,2,59,17,78,60,25,106,51,242,0,0,0,242
10/17/2022,COS,CO,ANM,WE,Combined TRACON& Tower with Radar,66,33,52,37,188,0,1,106,36,143,66,34,158,73,331,0,0,0,331
10/18/2022,COS,CO,ANM,WE,Combined TRACON& Tower with Radar,62,20,45,20,147,0,3,132,27,162,62,23,177,47,309,0,0,0,309
10/19/2022,COS,CO,ANM,WE,Combined TRACON& Tower with Radar,63,30,63,16,172,0,0,142,46,188,63,30,205,62,360,0,0,0,360
10/20/2022,COS,CO,ANM,WE,Combined TRACON& Tower with Radar,70,25,59,17,171,0,2,126,56,184,70,27,185,73,355,310,112,422,777
10/21/2022,COS,CO,ANM,WE,Combined TRACON& Tower with Radar,66,42,39,30,177,0,10,105,28,143,66,52,144,58,320,162,32,194,514
10/22/2022,COS,CO,ANM,WE,Combined TRACON& Tower with Radar,57,32,36,22,147,0,0,64,15,79,57,32,100,37,226,226,0,226,452
10/23/2022,COS,CO,ANM,WE,Combined TRACON& Tower with Radar,61,29,44,13,147,0,0,7,4,11,61,29,51,17,158,6,0,6,164
10/24/2022,COS,CO,ANM,WE,Combined TRACON& Tower with Radar,64,42,56,39,201,0,0,78,23,101,64,42,134,62,302,0,0,0,302
10/25/2022,COS,CO,ANM,WE,Combined TRACON& Tower with Radar,65,20,55,20,160,0,0,113,42,155,65,20,168,62,315,307,66,373,688
10/26/2022,COS,CO,ANM,WE,Combined TRACON& Tower with Radar,61,21,70,20,172,0,0,116,41,157,61,21,186,61,329,150,84,234,563
10/27/2022,COS,CO,ANM,WE,Combined TRACON& Tower with Radar,64,33,23,15,135,0,0,3,2,5,64,33,26,17,140,0,0,0,140
10/28/2022,COS,CO,ANM,WE,Combined TRACON& Tower with Radar,65,31,54,45,195,0,3,137,32,172,65,34,191,77,367,394,88,482,849
10/29/2022,COS,CO,ANM,WE,Combined TRACON& Tower with Radar,53,24,40,11,128,0,3,105,18,126,53,27,145,29,254,0,0,0,254
10/30/2022,COS,CO,ANM,WE,Combined TRACON& Tower with Radar,56,28,31,18,133,0,5,109,13,127,56,33,140,31,260,244,30,274,534
10/31/2022,COS,CO,ANM,WE,Combined TRACON& Tower with Radar,59,20,39,19,137,0,0,101,19,120,59,20,140,38,257,310,70,380,637
11/01/2022,COS,CO,ANM,WE,Combined TRACON& Tower with Radar,60,23,46,15,144,0,0,104,28,132,60,23,150,43,276,174,76,250,526
11/02/2022,COS,CO,ANM,WE,Combined TRACON& Tower with Radar,63,32,54,15,164,0,0,58,9,67,63,32,112,24,231,40,4,44,275
11/03/2022,COS,CO,ANM,WE,Combined TRACON& Tower with Radar,67,21,19,10,117,0,0,28,14,42,67,21,47,24,159,0,0,0,159
11/04/2022,COS,CO,ANM,WE,Combined TRACON& Tower with Radar,64,34,42,21,161,0,2,103,21,126,64,36,145,42,287,310,72,382,669
11/05/2022,COS,CO,ANM,WE,Combined TRACON& Tower with Radar,55,26,12,7,100,0,1,44,12,57,55,27,56,19,157,32,14,46,203
11/06/2022,COS,CO,ANM,WE,Combined TRACON& Tower with Radar,58,23,30,11,122,0,3,83,22,108,58,26,113,33,230,130,26,156,386
11/07/2022,COS,CO,ANM,WE,Combined TRACON& Tower with Radar,56,31,25,24,136,0,0,36,21,57,56,31,61,45,193,98,52,150,343
11/08/2022,COS,CO,ANM,WE,Combined TRACON& Tower with Radar,58,31,39,17,145,0,1,86,29,116,58,32,125,46,261,260,77,337,598
11/09/2022,COS,CO,ANM,WE,Combined TRACON& Tower with Radar,63,27,27,6,123,0,0,47,16,63,63,27,74,22,186,106,2,108,294
11/10/2022,COS,CO,ANM,WE,Combined TRACON& Tower with Radar,59,22,57,10,148,0,0,104,22,126,59,22,161,32,274,0,0,0,274
11/11/2022,COS,CO,ANM,WE,Combined TRACON& Tower with Radar,59,28,42,6,135,0,1,39,3,43,59,29,81,9,178,103,10,113,291
11/12/2022,COS,CO,ANM,WE,Combined TRACON& Tower with Radar,53,32,46,10,141,0,1,152,22,175,53,33,198,32,316,316,4,320,636
11/13/2022,COS,CO,ANM,WE,Combined TRACON& Tower with Radar,56,25,37,8,126,0,0,116,16,132,56,25,153,24,258,186,18,204,462
11/14/2022,COS,CO,ANM,WE,Combined TRACON& Tower with Radar,60,24,47,26,157,0,1,105,15,121,60,25,152,41,278,204,26,230,508
11/15/2022,COS,CO,ANM,WE,Combined TRACON& Tower with Radar,63,26,38,17,144,0,0,43,14,57,63,26,81,31,201,298,18,316,517
11/16/2022,COS,CO,ANM,WE,Combined TRACON& Tower with Radar,69,24,63,23,179,0,4,178,39,221,69,28,241,62,400,344,128,472,872
11/17/2022,COS,CO,ANM,WE,Combined TRACON& Tower with Radar,60,30,30,22,142,0,0,41,29,70,60,30,71,51,212,0,0,0,212
11/18/2022,COS,CO,ANM,WE,Combined TRACON& Tower with Radar,60,27,38,19,144,0,1,4,2,7,60,28,42,21,151,0,0,0,151
11/19/2022,COS,CO,ANM,WE,Combined TRACON& Tower with Radar,54,26,43,9,132,0,0,126,26,152,54,26,169,35,284,350,6,356,640
11/20/2022,COS,CO,ANM,WE,Combined TRACON& Tower with Radar,60,21,46,11,138,0,2,141,8,151,60,23,187,19,289,232,26,258,547
11/21/2022,COS,CO,ANM,WE,Combined TRACON& Tower with Radar,59,24,50,20,153,0,2,135,37,174,59,26,185,57,327,270,68,338,665
11/22/2022,COS,CO,ANM,WE,Combined TRACON& Tower with Radar,62,29,65,11,167,0,1,121,52,174,62,30,186,63,341,214,70,284,625
11/23/2022,COS,CO,ANM,WE,Combined TRACON& Tower with Radar,67,21,51,10,149,0,0,102,22,124,67,21,153,32,273,240,6,246,519
11/24/2022,COS,CO,ANM,WE,Combined TRACON& Tower with Radar,47,9,4,0,60,0,0,0,3,3,47,9,4,3,63,0,0,0,63
11/25/2022,COS,CO,ANM,WE,Combined TRACON& Tower with Radar,60,19,51,2,132,0,0,97,12,109,60,19,148,14,241,321,28,349,590
11/26/2022,COS,CO,ANM,WE,Combined TRACON& Tower with Radar,57,25,36,9,127,0,0,103,21,124,57,25,139,30,251,128,6,134,385
11/27/2022,COS,CO,ANM,WE,Combined TRACON& Tower with Radar,65,28,43,7,143,0,0,36,9,45,65,28,79,16,188,110,0,110,298
11/28/2022,COS,CO,ANM,WE,Combined TRACON& Tower with Radar,71,27,61,12,171,0,1,80,6,87,71,28,141,18,258,278,16,294,552
11/29/2022,COS,CO,ANM,WE,Combined TRACON& Tower with Radar,57,20,12,8,97,0,2,5,7,14,57,22,17,15,111,28,14,42,153
11/30/2022,COS,CO,ANM,WE,Combined TRACON& Tower with Radar,66,15,61,35,177,0,2,135,26,163,66,17,196,61,340,400,72,472,812
12/01/2022,COS,CO,ANM,WE,Combined TRACON& Tower with Radar,61,20,33,30,144,0,1,52,16,69,61,21,85,46,213,0,0,0,213
12/02/2022,COS,CO,ANM,WE,Combined TRACON& Tower with Radar,71,21,16,4,112,0,0,2,6,8,71,21,18,10,120,12,6,18,138
12/03/2022,COS,CO,ANM,WE,Combined TRACON& Tower with Radar,52,24,53,14,143,0,1,112,18,131,52,25,165,32,274,298,22,320,594
12/04/2022,COS,CO,ANM,WE,Combined TRACON& Tower with Radar,59,18,43,9,129,0,0,108,25,133,59,18,151,34,262,192,28,220,482
12/05/2022,COS,CO,ANM,WE,Combined TRACON& Tower with Radar,69,19,37,8,133,0,1,69,21,91,69,20,106,29,224,169,6,175,399
12/06/2022,COS,CO,ANM,WE,Combined TRACON& Tower with Radar,63,23,76,35,197,0,4,96,50,150,63,27,172,85,347,214,106,320,667
12/07/2022,COS,CO,ANM,WE,Combined TRACON& Tower with Radar,68,30,55,20,173,0,4,106,28,138,68,34,161,48,311,318,42,360,671
12/08/2022,COS,CO,ANM,WE,Combined TRACON& Tower with Radar,72,35,27,8,142,0,0,22,9,31,72,35,49,17,173,0,0,0,173
12/09/2022,COS,CO,ANM,WE,Combined TRACON& Tower with Radar,66,32,48,33,179,0,3,131,20,154,66,35,179,53,333,336,48,384,717
12/10/2022,COS,CO,ANM,WE,Combined TRACON& Tower with Radar,51,26,39,23,139,0,1,99,28,128,51,27,138,51,267,194,16,210,477
12/11/2022,COS,CO,ANM,WE,Combined TRACON& Tower with Radar,58,17,47,19,141,0,0,96,9,105,58,17,143,28,246,144,32,176,422
12/12/2022,COS,CO,ANM,WE,Combined TRACON& Tower with Radar,65,30,47,19,161,0,0,85,23,108,65,30,132,42,269,280,84,364,633
12/13/2022,COS,CO,ANM,WE,Combined TRACON& Tower with Radar,61,23,21,25,130,0,1,24,24,49,61,24,45,49,179,212,20,232,411
12/14/2022,COS,CO,ANM,WE,Combined TRACON& Tower with Radar,59,14,40,20,133,0,0,117,34,151,59,14,157,54,284,306,140,446,730
12/15/2022,COS,CO,ANM,WE,Combined TRACON& Tower with Radar,57,22,31,21,131,0,0,72,22,94,57,22,103,43,225,0,0,0,225
12/16/2022,COS,CO,ANM,WE,Combined TRACON& Tower with Radar,53,29,43,11,136,0,3,88,17,108,53,32,131,28,244,234,26,260,504
12/17/2022,COS,CO,ANM,WE,Combined TRACON& Tower with Radar,50,24,43,11,128,0,4,168,2,174,50,28,211,13,302,242,24,266,568
12/18/2022,COS,CO,ANM,WE,Combined TRACON& Tower with Radar,54,22,50,2,128,0,0,87,17,104,54,22,137,19,232,126,26,152,384
12/19/2022,COS,CO,ANM,WE,Combined TRACON& Tower with Radar,55,24,48,7,134,0,6,159,17,182,55,30,207,24,316,290,0,290,606
12/20/2022,COS,CO,ANM,WE,Combined TRACON& Tower with Radar,52,27,60,22,161,0,0,135,31,166,52,27,195,53,327,346,38,384,711
12/21/2022,COS,CO,ANM,WE,Combined TRACON& Tower with Radar,56,26,30,12,124,0,0,8,11,19,56,26,38,23,143,0,0,0,143
12/22/2022,COS,CO,ANM,WE,Combined TRACON& Tower with Radar,49,24,31,0,104,0,0,5,1,6,49,24,36,1,110,0,0,0,110
12/23/2022,COS,CO,ANM,WE,Combined TRACON& Tower with Radar,54,18,32,3,107,0,0,93,9,102,54,18,125,12,209,198,2,200,409
12/24/2022,COS,CO,ANM,WE,Combined TRACON& Tower with Radar,35,17,20,0,72,0,0,57,9,66,35,17,77,9,138,66,0,66,204
12/25/2022,COS,CO,ANM,WE,Combined TRACON& Tower with Radar,30,29,7,0,66,0,0,15,9,24,30,29,22,9,90,2,0,2,92
12/26/2022,COS,CO,ANM,WE,Combined TRACON& Tower with Radar,33,26,51,6,116,0,0,146,7,153,33,26,197,13,269,146,0,146,415
12/27/2022,COS,CO,ANM,WE,Combined TRACON& Tower with Radar,38,30,63,12,143,0,2,111,20,133,38,32,174,32,276,322,36,358,634
12/28/2022,COS,CO,ANM,WE,Combined TRACON& Tower with Radar,37,38,56,12,143,0,2,61,11,74,37,40,117,23,217,154,44,198,415
12/29/2022,COS,CO,ANM,WE,Combined TRACON& Tower with Radar,41,36,32,3,112,0,1,27,10,38,41,37,59,13,150,0,0,0,150
12/30/2022,COS,CO,ANM,WE,Combined TRACON& Tower with Radar,59,33,53,6,151,0,4,147,13,164,59,37,200,19,315,306,48,354,669
12/31/2022,COS,CO,ANM,WE,Combined TRACON& Tower with Radar,46,26,31,3,106,0,3,81,18,102,46,29,112,21,208,0,0,0,208
01/01/2023,COS,CO,ANM,WE,Combined TRACON& Tower with Radar,55,31,27,1,114,0,0,38,7,45,55,31,65,8,159,36,10,46,205
01/02/2023,COS,CO,ANM,WE,Combined TRACON& Tower with Radar,79,61,25,0,165,0,0,1,0,1,79,61,26,0,166,0,0,0,166
01/03/2023,COS,CO,ANM,WE,Combined TRACON& Tower with Radar,54,32,28,14,128,0,0,29,18,47,54,32,57,32,175,154,4,158,333
01/04/2023,COS,CO,ANM,WE,Combined TRACON& Tower with Radar,64,36,61,25,186,0,1,111,16,128,64,37,172,41,314,286,34,320,634
01/05/2023,COS,CO,ANM,WE,Combined TRACON& Tower with Radar,59,27,42,21,149,0,0,116,37,153,59,27,158,58,302,0,0,0,302
01/06/2023,COS,CO,ANM,WE,Combined TRACON& Tower with Radar,62,19,55,16,152,0,1,116,37,154,62,20,171,53,306,380,34,414,720
01/07/2023,COS,CO,ANM,WE,Combined TRACON& Tower with Radar,47,12,32,10,101,0,4,124,27,155,47,16,156,37,256,235,12,247,503
01/08/2023,COS,CO,ANM,WE,Combined TRACON& Tower with Radar,53,21,39,14,127,0,0,109,16,125,53,21,148,30,252,202,14,216,468
01/09/2023,COS,CO,ANM,WE,Combined TRACON& Tower with Radar,56,25,42,19,142,0,0,103,20,123,56,25,145,39,265,252,26,278,543
01/10/2023,COS,CO,ANM,WE,Combined TRACON& Tower with Radar,60,29,18,8,115,0,0,62,21,83,60,29,80,29,198,72,12,84,282
01/11/2023,COS,CO,ANM,WE,Combined TRACON& Tower with Radar,66,40,47,12,165,0,1,8,6,15,66,41,55,18,180,10,16,26,206
01/12/2023,COS,CO,ANM,WE,Combined TRACON& Tower with Radar,60,35,58,30,183,0,0,140,34,174,60,35,198,64,357,0,0,0,357
01/13/2023,COS,CO,ANM,WE,Combined TRACON& Tower with Radar,58,24,65,8,155,0,3,158,48,209,58,27,223,56,364,224,90,314,678
01/14/2023,COS,CO,ANM,WE,Combined TRACON& Tower with Radar,48,15,48,2,113,0,0,125,13,138,48,15,173,15,251,292,2,294,545
01/15/2023,COS,CO,ANM,WE,Combined TRACON& Tower with Radar,51,22,19,4,96,0,1,60,6,67,51,23,79,10,163,174,26,200,363
01/16/2023,COS,CO,ANM,WE,Combined TRACON& Tower with Radar,57,20,41,8,126,0,0,138,10,148,57,20,179,18,274,328,10,338,612
01/17/2023,COS,CO,ANM,WE,Combined TRACON& Tower with Radar,56,28,34,17,135,0,0,83,21,104,56,28,117,38,239,266,60,326,565
01/18/2023,COS,CO,ANM,WE,Combined TRACON& Tower with Radar,63,19,11,8,101,0,2,1,8,11,63,21,12,16,112,0,42,42,154
01/19/2023,COS,CO,ANM,WE,Combined TRACON& Tower with Radar,61,24,47,21,153,0,0,108,10,118,61,24,155,31,271,338,44,382,653
01/20/2023,COS,CO,ANM,WE,Combined TRACON& Tower with Radar,60,24,23,10,117,0,0,63,12,75,60,24,86,22,192,248,20,268,460
01/21/2023,COS,CO,ANM,WE,Combined TRACON& Tower with Radar,45,20,18,10,93,0,0,8,10,18,45,20,26,20,111,24,24,48,159
01/22/2023,COS,CO,ANM,WE,Combined TRACON& Tower with Radar,52,15,41,8,116,0,0,106,6,112,52,15,147,14,228,258,0,258,486
01/23/2023,COS,CO,ANM,WE,Combined TRACON& Tower with Radar,59,16,9,6,90,0,1,11,2,14,59,17,20,8,104,44,6,50,154
01/24/2023,COS,CO,ANM,WE,Combined TRACON& Tower with Radar,61,24,40,31,156,0,0,87,28,115,61,24,127,59,271,222,44,266,537
01/25/2023,COS,CO,ANM,WE,Combined TRACON& Tower with Radar,60,24,29,9,122,0,2,48,24,74,60,26,77,33,196,136,80,216,412
01/26/2023,COS,CO,ANM,WE,Combined TRACON& Tower with Radar,58,23,64,14,159,1,3,128,23,155,59,26,192,37,314,0,0,0,314
01/27/2023,COS,CO,ANM,WE,Combined TRACON& Tower with Radar,56,28,68,21,173,0,0,167,39,206,56,28,235,60,379,172,64,236,615
01/28/2023,COS,CO,ANM,WE,Combined TRACON& Tower with Radar,58,24,27,10,119,0,0,79,20,99,58,24,106,30,218,252,8,260,478
01/29/2023,COS,CO,ANM,WE,Combined TRACON& Tower with Radar,52,22,22,2,98,0,0,0,0,0,52,22,22,2,98,0,0,0,98
01/30/2023,COS,CO,ANM,WE,Combined TRACON& Tower with Radar,44,21,19,4,88,0,0,0,2,2,44,21,19,6,90,0,0,0,90
01/31/2023,COS,CO,ANM,WE,Combined TRACON& Tower with Radar,45,27,45,6,123,0,0,84,13,97,45,27,129,19,220,30,0,30,250
02/01/2023,COS,CO,ANM,WE,Combined TRACON& Tower with Radar,43,18,49,17,127,0,0,148,27,175,43,18,197,44,302,378,102,480,782
02/02/2023,COS,CO,ANM,WE,Combined TRACON& Tower with Radar,51,25,50,20,146,0,3,162,63,228,51,28,212,83,374,0,0,0,374
02/03/2023,COS,CO,ANM,WE,Combined TRACON& Tower with Radar,63,24,46,16,149,0,4,130,19,153,63,28,176,35,302,382,62,444,746
02/04/2023,COS,CO,ANM,WE,Combined TRACON& Tower with Radar,47,26,31,3,107,0,1,76,14,91,47,27,107,17,198,88,0,88,286
02/05/2023,COS,CO,ANM,WE,Combined TRACON& Tower with Radar,54,19,53,1,127,0,1,129,12,142,54,20,182,13,269,198,0,198,467
02/06/2023,COS,CO,ANM,WE,Combined TRACON& Tower with Radar,57,21,40,15,133,0,0,41,28,69,57,21,81,43,202,98,34,132,334
02/07/2023,COS,CO,ANM,WE,Combined TRACON& Tower with Radar,58,28,61,22,169,0,1,134,59,194,58,29,195,81,363,314,84,398,761
02/08/2023,COS,CO,ANM,WE,Combined TRACON& Tower with Radar,60,26,53,36,175,0,0,99,39,138,60,26,152,75,313,306,62,368,681
02/09/2023,COS,CO,ANM,WE,Combined TRACON& Tower with Radar,58,26,26,7,117,0,0,12,2,14,58,26,38,9,131,0,0,0,131
02/10/2023,COS,CO,ANM,WE,Combined TRACON& Tower with Radar,58,18,57,23,156,0,0,144,36,180,58,18,201,59,336,372,48,420,756
02/11/2023,COS,CO,ANM,WE,Combined TRACON& Tower with Radar,46,30,48,11,135,0,2,184,25,211,46,32,232,36,346,342,20,362,708
02/12/2023,COS,CO,ANM,WE,Combined TRACON& Tower with Radar,48,22,28,8,106,0,0,104,15,119,48,22,132,23,225,0,0,0,225
02/13/2023,COS,CO,ANM,WE,Combined TRACON& Tower with Radar,56,29,44,9,138,0,1,102,26,129,56,30,146,35,267,176,4,180,447
02/14/2023,COS,CO,ANM,WE,Combined TRACON& Tower with Radar,52,23,21,14,110,0,2,10,4,16,52,25,31,18,126,6,38,44,170
02/15/2023,COS,CO,ANM,WE,Combined TRACON& Tower with Radar,44,14,8,1,67,0,0,0,0,0,44,14,8,1,67,0,0,0,67
02/16/2023,COS,CO,ANM,WE,Combined TRACON& Tower with Radar,59,42,43,5,149,0,2,45,6,53,59,44,88,11,202,82,2,84,286
02/17/2023,COS,CO,ANM,WE,Combined TRACON& Tower with Radar,60,28,64,17,169,0,12,139,22,173,60,40,203,39,342,411,50,461,803
02/18/2023,COS,CO,ANM,WE,Combined TRACON& Tower with Radar,42,36,52,9,139,0,22,135,11,168,42,58,187,20,307,246,6,252,559
02/19/2023,COS,CO,ANM,WE,Combined TRACON& Tower with Radar,50,23,23,8,104,0,0,15,8,23,50,23,38,16,127,12,0,12,139
02/20/2023,COS,CO,ANM,WE,Combined TRACON& Tower with Radar,58,25,36,6,125,0,0,42,2,44,58,25,78,8,169,8,0,8,177
02/21/2023,COS,CO,ANM,WE,Combined TRACON& Tower with Radar,57,31,47,11,146,0,0,72,17,89,57,31,119,28,235,252,50,302,537
02/22/2023,COS,CO,ANM,WE,Combined TRACON& Tower with Radar,49,23,9,1,82,0,0,1,0,1,49,23,10,1,83,0,0,0,83
02/23/2023,COS,CO,ANM,WE,Combined TRACON& Tower with Radar,57,39,45,16,157,0,2,206,10,218,57,41,251,26,375,0,0,0,375
02/24/2023,COS,CO,ANM,WE,Combined TRACON& Tower with Radar,59,29,42,25,155,0,2,101,27,130,59,31,143,52,285,0,0,0,285
02/25/2023,COS,CO,ANM,WE,Combined TRACON& Tower with Radar,51,37,33,7,128,0,18,98,20,136,51,55,131,27,264,206,2,208,472
02/26/2023,COS,CO,ANM,WE,Combined TRACON& Tower with Radar,48,19,26,11,104,0,5,25,15,45,48,24,51,26,149,68,2,70,219
02/27/2023,COS,CO,ANM,WE,Combined TRACON& Tower with Radar,53,29,23,14,119,0,3,53,31,87,53,32,76,45,206,196,4,200,406
02/28/2023,COS,CO,ANM,WE,Combined TRACON& Tower with Radar,57,28,24,11,120,0,5,5,19,29,57,33,29,30,149,16,10,26,175
03/01/2023,COS,CO,ANM,WE,Combined TRACON& Tower with Radar,53,30,35,21,139,0,7,41,13,61,53,37,76,34,200,140,40,180,380
03/02/2023,COS,CO,ANM,WE,Combined TRACON& Tower with Radar,53,29,57,20,159,0,11,102,38,151,53,40,159,58,310,0,0,0,310
03/03/2023,COS,CO,ANM,WE,Combined TRACON& Tower with Radar,68,29,54,21,172,0,16,123,38,177,68,45,177,59,349,241,28,269,618
03/04/2023,COS,CO,ANM,WE,Combined TRACON& Tower with Radar,51,17,21,4,93,0,0,24,4,28,51,17,45,8,121,110,0,110,231
03/05/2023,COS,CO,ANM,WE,Combined TRACON& Tower with Radar,53,14,17,4,88,0,0,21,9,30,53,14,38,13,118,28,0,28,146
03/06/2023,COS,CO,ANM,WE,Combined TRACON& Tower with Radar,61,22,56,17,156,0,15,129,21,165,61,37,185,38,321,232,16,248,569
03/07/2023,COS,CO,ANM,WE,Combined TRACON& Tower with Radar,61,19,13,7,100,0,0,0,0,0,61,19,13,7,100,0,0,0,100
03/08/2023,COS,CO,ANM,WE,Combined TRACON& Tower with Radar,57,17,23,6,103,0,0,4,3,7,57,17,27,9,110,30,0,30,140
03/09/2023,COS,CO,ANM,WE,Combined TRACON& Tower with Radar,59,34,61,18,172,0,5,109,14,128,59,39,170,32,300,404,24,428,728
03/10/2023,COS,CO,ANM,WE,Combined TRACON& Tower with Radar,62,34,48,8,152,0,20,94,12,126,62,54,142,20,278,268,8,276,554
03/11/2023,COS,CO,ANM,WE,Combined TRACON& Tower with Radar,48,34,52,5,139,0,4,63,11,78,48,38,115,16,217,222,0,222,439
03/12/2023,COS,CO,ANM,WE,Combined TRACON& Tower with Radar,49,25,48,9,131,0,10,68,3,81,49,35,116,12,212,198,4,202,414
03/13/2023,COS,CO,ANM,WE,Combined TRACON& Tower with Radar,65,49,49,13,176,0,25,137,15,177,65,74,186,28,353,430,2,432,785
03/14/2023,COS,CO,ANM,WE,Combined TRACON& Tower with Radar,60,29,45,23,157,0,12,138,28,178,60,41,183,51,335,0,0,0,335
03/15/2023,COS,CO,ANM,WE,Combined TRACON& Tower with Radar,58,32,40,21,151,0,12,86,18,116,58,44,126,39,267,170,42,212,479
03/16/2023,COS,CO,ANM,WE,Combined TRACON& Tower with Radar,59,28,16,11,114,0,1,0,9,10,59,29,16,20,124,0,0,0,124
03/17/2023,COS,CO,ANM,WE,Combined TRACON& Tower with Radar,60,41,49,8,158,0,8,45,11,64,60,49,94,19,222,154,24,178,400
03/18/2023,COS,CO,ANM,WE,Combined TRACON& Tower with Radar,47,24,44,1,116,0,25,138,26,189,47,49,182,27,305,230,20,250,555
03/19/2023,COS,CO,ANM,WE,Combined TRACON& Tower with Radar,49,23,28,6,106,0,19,100,7,126,49,42,128,13,232,264,0,264,496
03/20/2023,COS,CO,ANM,WE,Combined TRACON& Tower with Radar,61,14,44,6,125,0,15,84,36,135,61,29,128,42,260,260,122,382,642
03/21/2023,COS,CO,ANM,WE,Combined TRACON& Tower with Radar,58,23,29,21,131,0,16,97,17,130,58,39,126,38,261,332,38,370,631
03/22/2023,COS,CO,ANM,WE,Combined TRACON& Tower with Radar,63,15,16,13,107,0,4,20,2,26,63,19,36,15,133,56,0,56,189
03/23/2023,COS,CO,ANM,WE,Combined TRACON& Tower with Radar,68,37,37,25,167,0,20,94,35,149,68,57,131,60,316,0,0,0,316
03/24/2023,COS,CO,ANM,WE,Combined TRACON& Tower with Radar,63,25,49,26,163,0,12,69,26,107,63,37,118,52,270,196,42,238,508
03/25/2023,COS,CO,ANM,WE,Combined TRACON& Tower with Radar,50,26,26,3,105,0,2,4,8,14,50,28,30,11,119,0,0,0,119
03/26/2023,COS,CO,ANM,WE,Combined TRACON& Tower with Radar,45,23,37,2,107,0,11,99,17,127,45,34,136,19,234,208,18,226,460
03/27/2023,COS,CO,ANM,WE,Combined TRACON& Tower with Radar,59,21,20,13,113,0,6,8,8,22,59,27,28,21,135,48,0,48,183
03/28/2023,COS,CO,ANM,WE,Combined TRACON& Tower with Radar,58,46,41,12,157,0,19,126,19,164,58,65,167,31,321,374,0,374,695
03/29/2023,COS,CO,ANM,WE,Combined TRACON& Tower with Radar,57,48,34,18,157,0,30,102,21,153,57,78,136,39,310,280,26,306,616
03/30/2023,COS,CO,ANM,WE,Combined TRACON& Tower with Radar,68,35,17,4,124,0,6,22,8,36,68,41,39,12,160,156,0,156,316
03/31/2023,COS,CO,ANM,WE,Combined TRACON& Tower with Radar,59,14,21,5,99,0,0,3,6,9,59,14,24,11,108,12,0,12,120
04/01/2023,COS,CO,ANM,WE,Combined TRACON& Tower with Radar,49,38,35,3,125,0,22,84,17,123,49,60,119,20,248,162,12,174,422
04/02/2023,COS,CO,ANM,WE,Combined TRACON& Tower with Radar,48,26,29,11,114,0,5,50,11,66,48,31,79,22,180,150,28,178,358
04/03/2023,COS,CO,ANM,WE,Combined TRACON& Tower with Radar,62,30,30,14,136,0,14,61,17,92,62,44,91,31,228,106,10,116,344
04/04/2023,COS,CO,ANM,WE,Combined TRACON& Tower with Radar,65,21,16,29,131,0,0,5,11,16,65,21,21,40,147,14,26,40,187
04/05/2023,COS,CO,ANM,WE,Combined TRACON& Tower with Radar,57,28,42,29,156,0,14,85,19,118,57,42,127,48,274,362,26,388,662
04/06/2023,COS,CO,ANM,WE,Combined TRACON& Tower with Radar,60,46,40,20,166,0,17,121,22,160,60,63,161,42,326,322,44,366,692
04/07/2023,COS,CO,ANM,WE,Combined TRACON& Tower with Radar,65,22,30,6,123,0,23,121,35,179,65,45,151,41,302,162,48,210,512
04/08/2023,COS,CO,ANM,WE,Combined TRACON& Tower with Radar,93,34,27,20,174,0,22,120,22,164,93,56,147,42,338,268,58,326,664
04/09/2023,COS,CO,ANM,WE,Combined TRACON& Tower with Radar,52,25,31,10,118,0,21,92,14,127,52,46,123,24,245,206,48,254,499
04/10/2023,COS,CO,ANM,WE,Combined TRACON& Tower with Radar,62,36,57,7,162,0,23,139,12,174,62,59,196,19,336,326,0,326,662
04/11/2023,COS,CO,ANM,WE,Combined TRACON& Tower with Radar,59,34,39,28,160,0,12,134,38,184,59,46,173,66,344,432,34,466,810
04/12/2023,COS,CO,ANM,WE,Combined TRACON& Tower with Radar,60,29,43,14,146,0,18,78,13,109,60,47,121,27,255,104,24,128,383
04/13/2023,COS,CO,ANM,WE,Combined TRACON& Tower with Radar,60,34,34,18,146,0,0,37,17,54,60,34,71,35,200,0,0,0,200
04/14/2023,COS,CO,ANM,WE,Combined TRACON& Tower with Radar,63,30,26,11,130,0,7,33,19,59,63,37,59,30,189,128,22,150,339
04/15/2023,COS,CO,ANM,WE,Combined TRACON& Tower with Radar,49,33,32,19,133,0,12,58,33,103,49,45,90,52,236,90,14,104,340
04/16/2023,COS,CO,ANM,WE,Combined TRACON& Tower with Radar,54,38,43,14,149,0,35,125,12,172,54,73,168,26,321,389,20,409,730
04/17/2023,COS,CO,ANM,WE,Combined TRACON& Tower with Radar,61,25,45,28,159,0,27,134,35,196,61,52,179,63,355,558,32,590,945
04/18/2023,COS,CO,ANM,WE,Combined TRACON& Tower with Radar,70,30,50,21,171,1,12,58,31,102,71,42,108,52,273,182,18,200,473
04/19/2023,COS,CO,ANM,WE,Combined TRACON& Tower with Radar,95,30,27,19,171,0,3,40,18,61,95,33,67,37,232,72,44,116,348
04/20/2023,COS,CO,ANM,WE,Combined TRACON& Tower with Radar,56,23,39,15,133,0,8,55,25,88,56,31,94,40,221,98,26,124,345
04/21/2023,COS,CO,ANM,WE,Combined TRACON& Tower with Radar,64,33,45,20,162,0,26,159,29,214,64,59,204,49,376,332,76,408,784
04/22/2023,COS,CO,ANM,WE,Combined TRACON& Tower with Radar,48,29,9,5,91,0,0,3,6,9,48,29,12,11,100,0,0,0,100
04/23/2023,COS,CO,ANM,WE,Combined TRACON& Tower with Radar,50,31,35,10,126,0,21,104,13,138,50,52,139,23,264,310,18,328,592
04/24/2023,COS,CO,ANM,WE,Combined TRACON& Tower with Radar,61,27,36,22,146,0,21,119,28,168,61,48,155,50,314,220,10,230,544
04/25/2023,COS,CO,ANM,WE,Combined TRACON& Tower with Radar,91,22,28,19,160,0,0,9,2,11,91,22,37,21,171,14,10,24,195
04/26/2023,COS,CO,ANM,WE,Combined TRACON& Tower with Radar,65,22,26,13,126,0,0,13,0,13,65,22,39,13,139,150,0,150,289
04/27/2023,COS,CO,ANM,WE,Combined TRACON& Tower with Radar,64,28,52,15,159,0,12,106,33,151,64,40,158,48,310,416,98,514,824
04/28/2023,COS,CO,ANM,WE,Combined TRACON& Tower with Radar,67,26,39,17,149,0,5,44,27,76,67,31,83,44,225,76,62,138,363
04/29/2023,COS,CO,ANM,WE,Combined TRACON& Tower with Radar,48,25,36,7,116,0,27,160,18,205,48,52,196,25,321,430,22,452,773
04/30/2023,COS,CO,ANM,WE,Combined TRACON& Tower with Radar,51,27,44,13,135,0,31,116,8,155,51,58,160,21,290,288,2,290,580
05/01/2023,COS,CO,ANM,WE,Combined TRACON& Tower with Radar,62,26,34,21,143,0,15,91,10,116,62,41,125,31,259,308,2,310,569
05/02/2023,COS,CO,ANM,WE,Combined TRACON& Tower with Radar,60,23,38,9,130,1,19,109,20,149,61,42,147,29,279,416,20,436,715
05/03/2023,COS,CO,ANM,WE,Combined TRACON& Tower with Radar,65,24,35,22,146,0,25,110,11,146,65,49,145,33,292,342,6,348,640
05/04/2023,COS,CO,ANM,WE,Combined TRACON& Tower with Radar,67,24,35,28,154,0,15,50,22,87,67,39,85,50,241,166,50,216,457
05/05/2023,COS,CO,ANM,WE,Combined TRACON& Tower with Radar,98,31,46,45,220,0,25,80,22,127,98,56,126,67,347,198,32,230,577
05/06/2023,COS,CO,ANM,WE,Combined TRACON& Tower with Radar,57,36,33,12,138,0,19,100,24,143,57,55,133,36,281,238,12,250,531
05/07/2023,COS,CO,ANM,WE,Combined TRACON& Tower with Radar,47,26,43,17,133,0,8,93,26,127,47,34,136,43,260,172,0,172,432
05/08/2023,COS,CO,ANM,WE,Combined TRACON& Tower with Radar,58,39,46,6,149,0,14,62,26,102,58,53,108,32,251,218,66,284,535
05/09/2023,COS,CO,ANM,WE,Combined TRACON& Tower with Radar,57,37,42,33,169,0,11,153,10,174,57,48,195,43,343,372,26,398,741
05/10/2023,COS,CO,ANM,WE,Combined TRACON& Tower with Radar,63,42,65,11,181,0,3,48,20,71,63,45,113,31,252,174,14,188,440
05/11/2023,COS,CO,ANM,WE,Combined TRACON& Tower with Radar,61,43,17,9,130,0,0,0,0,0,61,43,17,9,130,0,0,0,130
05/12/2023,COS,CO,ANM,WE,Combined TRACON& Tower with Radar,59,42,33,26,160,0,0,11,18,29,59,42,44,44,189,18,50,68,257
05/13/2023,COS,CO,ANM,WE,Combined TRACON& Tower with Radar,48,42,43,4,137,0,23,87,8,118,48,65,130,12,255,306,62,368,623
05/14/2023,COS,CO,ANM,WE,Combined TRACON& Tower with Radar,46,34,41,9,130,0,3,21,2,26,46,37,62,11,156,114,0,114,270
05/15/2023,COS,CO,ANM,WE,Combined TRACON& Tower with Radar,58,41,79,10,188,0,10,60,19,89,58,51,139,29,277,464,72,536,813
05/16/2023,COS,CO,ANM,WE,Combined TRACON& Tower with Radar,59,27,66,19,171,0,22,117,32,171,59,49,183,51,342,360,30,390,732
05/17/2023,COS,CO,ANM,WE,Combined TRACON& Tower with Radar,61,39,44,12,156,0,25,110,23,158,61,64,154,35,314,322,40,362,676
05/18/2023,COS,CO,ANM,WE,Combined TRACON& Tower with Radar,61,36,64,7,168,0,12,60,19,91,61,48,124,26,259,224,46,270,529
05/19/2023,COS,CO,ANM,WE,Combined TRACON& Tower with Radar,57,36,64,12,169,0,1,0,1,2,57,37,64,13,171,36,0,36,207
05/20/2023,COS,CO,ANM,WE,Combined TRACON& Tower with Radar,51,25,45,5,126,0,1,7,0,8,51,26,52,5,134,38,0,38,172
05/21/2023,COS,CO,ANM,WE,Combined TRACON& Tower with Radar,51,35,38,11,135,0,30,106,13,149,51,65,144,24,284,0,0,0,284
05/22/2023,COS,CO,ANM,WE,Combined TRACON& Tower with Radar,57,31,60,7,155,0,15,98,36,149,57,46,158,43,304,432,60,492,796
05/23/2023,COS,CO,ANM,WE,Combined TRACON& Tower with Radar,58,38,42,11,149,0,5,66,12,83,58,43,108,23,232,318,12,330,562
05/24/2023,COS,CO,ANM,WE,Combined TRACON& Tower with Radar,53,29,47,15,144,1,1,20,5,27,54,30,67,20,171,120,4,124,295
05/25/2023,COS,CO,ANM,WE,Combined TRACON& Tower with Radar,71,52,83,24,230,0,15,50,8,73,71,67,133,32,303,142,0,142,445
05/26/2023,COS,CO,ANM,WE,Combined TRACON& Tower with Radar,62,42,59,2,165,0,15,123,11,149,62,57,182,13,314,366,12,378,692
05/27/2023,COS,CO,ANM,WE,Combined TRACON& Tower with Radar,68,34,64,5,171,0,3,57,17,77,68,37,121,22,248,108,6,114,362
05/28/2023,COS,CO,ANM,WE,Combined TRACON& Tower with Radar,49,46,68,1,164,0,31,98,13,142,49,77,166,14,306,0,0,0,306
05/29/2023,COS,CO,ANM,WE,Combined TRACON& Tower with Radar,71,40,48,5,164,0,22,135,18,175,71,62,183,23,339,426,0,426,765
05/30/2023,COS,CO,ANM,WE,Combined TRACON& Tower with Radar,77,38,37,14,166,0,11,76,19,106,77,49,113,33,272,208,10,218,490
05/31/2023,COS,CO,ANM,WE,Combined TRACON& Tower with Radar,62,33,35,11,141,0,10,60,23,93,62,43,95,34,234,398,38,436,670
06/01/2023,COS,CO,ANM,WE,Combined TRACON& Tower with Radar,61,29,20,22,132,0,1,5,9,15,61,30,25,31,147,10,0,10,157
06/02/2023,COS,CO,ANM,WE,Combined TRACON& Tower with Radar,58,39,62,22,181,0,25,129,24,178,58,64,191,46,359,260,28,288,647
06/03/2023,COS,CO,ANM,WE,Combined TRACON& Tower with Radar,48,42,44,0,134,0,0,16,0,16,48,42,60,0,150,104,0,104,254
06/04/2023,COS,CO,ANM,WE,Combined TRACON& Tower with Radar,53,44,81,5,183,0,1,11,4,16,53,45,92,9,199,130,10,140,339
06/05/2023,COS,CO,ANM,WE,Combined TRACON& Tower with Radar,61,46,47,19,173,0,1,10,19,30,61,47,57,38,203,50,14,64,267
06/06/2023,COS,CO,ANM,WE,Combined TRACON& Tower with Radar,75,44,61,32,212,0,30,82,37,149,75,74,143,69,361,348,42,390,751
06/07/2023,COS,CO,ANM,WE,Combined TRACON& Tower with Radar,65,46,58,13,182,0,16,110,32,158,65,62,168,45,340,282,60,342,682
06/08/2023,COS,CO,ANM,WE,Combined TRACON& Tower with Radar,76,30,60,11,177,0,26,119,41,186,76,56,179,52,363,348,62,410,773
06/09/2023,COS,CO,ANM,WE,Combined TRACON& Tower with Radar,83,37,35,13,168,0,23,114,30,167,83,60,149,43,335,0,0,0,335
06/10/2023,COS,CO,ANM,WE,Combined TRACON& Tower with Radar,55,38,45,2,140,0,24,113,15,152,55,62,158,17,292,228,10,238,530
06/11/2023,COS,CO,ANM,WE,Combined TRACON& Tower with Radar,52,48,59,3,162,0,10,72,10,92,52,58,131,13,254,160,14,174,428
06/12/2023,COS,CO,ANM,WE,Combined TRACON& Tower with Radar,60,14,17,1,92,0,1,5,1,7,60,15,22,2,99,0,0,0,99
06/13/2023,COS,CO,ANM,WE,Combined TRACON& Tower with Radar,67,33,50,25,175,0,4,20,15,39,67,37,70,40,214,52,26,78,292
06/14/2023,COS,CO,ANM,WE,Combined TRACON& Tower with Radar,65,36,39,12,152,0,23,119,43,185,65,59,158,55,337,376,146,522,859
06/15/2023,COS,CO,ANM,WE,Combined TRACON& Tower with Radar,68,33,40,13,154,0,22,70,24,116,68,55,110,37,270,222,22,244,514
06/16/2023,COS,CO,ANM,WE,Combined TRACON& Tower with Radar,66,31,54,2,153,1,12,70,18,101,67,43,124,20,254,86,0,86,340
06/17/2023,COS,CO,ANM,WE,Combined TRACON& Tower with Radar,58,34,29,4,125,0,17,60,8,85,58,51,89,12,210,232,0,232,442
06/18/2023,COS,CO,ANM,WE,Combined TRACON& Tower with Radar,54,35,49,8,146,0,32,113,23,168,54,67,162,31,314,226,22,248,562
06/19/2023,COS,CO,ANM,WE,Combined TRACON& Tower with Radar,67,22,55,4,148,0,27,129,14,170,67,49,184,18,318,0,0,0,318
06/20/2023,COS,CO,ANM,WE,Combined TRACON& Tower with Radar,66,25,35,11,137,0,32,127,34,193,66,57,162,45,330,296,100,396,726
06/21/2023,COS,CO,ANM,WE,Combined TRACON& Tower with Radar,66,26,48,13,153,0,25,88,18,131,66,51,136,31,284,0,0,0,284
06/22/2023,COS,CO,ANM,WE,Combined TRACON& Tower with Radar,69,32,50,29,180,0,14,85,22,121,69,46,135,51,301,272,18,290,591
06/23/2023,COS,CO,ANM,WE,Combined TRACON& Tower with Radar,67,38,56,8,169,0,14,83,39,136,67,52,139,47,305,0,0,0,305
06/24/2023,COS,CO,ANM,WE,Combined TRACON& Tower with Radar,62,30,42,16,150,0,26,120,14,160,62,56,162,30,310,268,122,390,700
06/25/2023,COS,CO,ANM,WE,Combined TRACON& Tower with Radar,57,46,67,12,182,0,22,84,10,116,57,68,151,22,298,178,0,178,476
06/26/2023,COS,CO,ANM,WE,Combined TRACON& Tower with Radar,64,23,45,16,148,0,17,95,30,142,64,40,140,46,290,0,0,0,290
06/27/2023,COS,CO,ANM,WE,Combined TRACON& Tower with Radar,72,33,25,7,137,0,8,16,17,41,72,41,41,24,178,0,0,0,178
06/28/2023,COS,CO,ANM,WE,Combined TRACON& Tower with Radar,68,36,47,28,179,0,18,100,44,162,68,54,147,72,341,0,0,0,341
06/29/2023,COS,CO,ANM,WE,Combined TRACON& Tower with Radar,102,42,60,23,227,1,14,72,38,125,103,56,132,61,352,199,28,227,579
06/30/2023,COS,CO,ANM,WE,Combined TRACON& Tower with Radar,72,43,68,3,186,0,3,51,14,68,72,46,119,17,254,222,48,270,524
07/01/2023,COS,CO,ANM,WE,Combined TRACON& Tower with Radar,61,37,59,1,158,0,26,146,22,194,61,63,205,23,352,240,0,240,592
07/02/2023,COS,CO,ANM,WE,Combined TRACON& Tower with Radar,54,22,33,2,111,0,9,81,6,96,54,31,114,8,207,0,0,0,207
07/03/2023,COS,CO,ANM,WE,Combined TRACON& Tower with Radar,70,18,59,3,150,0,13,139,22,174,70,31,198,25,324,0,0,0,324
07/04/2023,COS,CO,ANM,WE,Combined TRACON& Tower with Radar,66,25,17,1,109,0,9,83,12,104,66,34,100,13,213,194,20,214,427
07/05/2023,COS,CO,ANM,WE,Combined TRACON& Tower with Radar,75,31,67,24,197,0,0,0,7,7,75,31,67,31,204,0,0,0,204
07/06/2023,COS,CO,ANM,WE,Combined TRACON& Tower with Radar,100,33,41,18,192,0,3,6,9,18,100,36,47,27,210,72,12,84,294
07/07/2023,COS,CO,ANM,WE,Combined TRACON& Tower with Radar,74,35,55,8,172,0,7,59,19,85,74,42,114,27,257,94,32,126,383
07/08/2023,COS,CO,ANM,WE,Combined TRACON& Tower with Radar,60,43,53,7,163,0,10,34,8,52,60,53,87,15,215,194,38,232,447
07/09/2023,COS,CO,ANM,WE,Combined TRACON& Tower with Radar,62,38,74,5,179,0,12,64,14,90,62,50,138,19,269,148,36,184,453
07/10/2023,COS,CO,ANM,WE,Combined TRACON& Tower with Radar,66,26,55,9,156,0,9,78,20,107,66,35,133,29,263,0,0,0,263
07/11/2023,COS,CO,ANM,WE,Combined TRACON& Tower with Radar,74,30,48,30,182,1,27,129,43,200,75,57,177,73,382,512,84,596,978
07/12/2023,COS,CO,ANM,WE,Combined TRACON& Tower with Radar,68,36,63,19,186,0,24,101,44,169,68,60,164,63,355,0,0,0,355
07/13/2023,COS,CO,ANM,WE,Combined TRACON& Tower with Radar,83,22,61,27,193,0,21,97,37,155,83,43,158,64,348,0,0,0,348
07/14/2023,COS,CO,ANM,WE,Combined TRACON& Tower with Radar,73,49,71,37,230,0,21,93,32,146,73,70,164,69,376,180,66,246,622
07/15/2023,COS,CO,ANM,WE,Combined TRACON& Tower with Radar,63,38,51,3,155,0,20,71,18,109,63,58,122,21,264,228,0,228,492
07/16/2023,COS,CO,ANM,WE,Combined TRACON& Tower with Radar,66,41,37,2,146,0,29,116,16,161,66,70,153,18,307,216,0,216,523
07/17/2023,COS,CO,ANM,WE,Combined TRACON& Tower with Radar,76,29,41,16,162,0,18,94,21,133,76,47,135,37,295,0,0,0,295
07/18/2023,COS,CO,ANM,WE,Combined TRACON& Tower with Radar,74,25,56,33,188,0,19,94,31,144,74,44,150,64,332,388,78,466,798
07/19/2023,COS,CO,ANM,WE,Combined TRACON& Tower with Radar,74,39,46,15,174,0,10,109,40,159,74,49,155,55,333,0,0,0,333
07/20/2023,COS,CO,ANM,WE,Combined TRACON& Tower with Radar,83,23,45,20,171,0,3,70,41,114,83,26,115,61,285,0,0,0,285
07/21/2023,COS,CO,ANM,WE,Combined TRACON& Tower with Radar,80,59,69,21,229,0,17,71,17,105,80,76,140,38,334,0,0,0,334
07/22/2023,COS,CO,ANM,WE,Combined TRACON& Tower with Radar,63,26,57,1,147,0,31,108,31,170,63,57,165,32,317,220,52,272,589
07/23/2023,COS,CO,ANM,WE,Combined TRACON& Tower with Radar,82,34,47,4,167,0,25,66,16,107,82,59,113,20,274,158,0,158,432
07/24/2023,COS,CO,ANM,WE,Combined TRACON& Tower with Radar,78,41,94,32,245,0,16,35,14,65,78,57,129,46,310,0,0,0,310
07/25/2023,COS,CO,ANM,WE,Combined TRACON& Tower with Radar,80,44,80,27,231,0,12,38,10,60,80,56,118,37,291,260,40,300,591
07/26/2023,COS,CO,ANM,WE,Combined TRACON& Tower with Radar,88,38,82,45,253,0,13,38,18,69,88,51,120,63,322,0,0,0,322
07/27/2023,COS,CO,ANM,WE,Combined TRACON& Tower with Radar,74,37,80,36,227,0,10,31,18,59,74,47,111,54,286,138,104,242,528
07/28/2023,COS,CO,ANM,WE,Combined TRACON& Tower with Radar,74,63,106,36,279,0,11,53,12,76,74,74,159,48,355,242,98,340,695
07/29/2023,COS,CO,ANM,WE,Combined TRACON& Tower with Radar,63,50,66,3,182,0,5,37,5,47,63,55,103,8,229,116,0,116,345
07/30/2023,COS,CO,ANM,WE,Combined TRACON& Tower with Radar,64,53,111,12,240,0,12,39,4,55,64,65,150,16,295,258,0,258,553
07/31/2023,COS,CO,ANM,WE,Combined TRACON& Tower with Radar,68,47,76,16,207,0,11,35,11,57,68,58,111,27,264,0,0,0,264
08/01/2023,COS,CO,ANM,WE,Combined TRACON& Tower with Radar,71,35,76,16,198,0,6,42,10,58,71,41,118,26,256,370,54,424,680
08/02/2023,COS,CO,ANM,WE,Combined TRACON& Tower with Radar,70,30,78,42,220,0,7,51,13,71,70,37,129,55,291,340,92,432,723
08/03/2023,COS,CO,ANM,WE,Combined TRACON& Tower with Radar,80,39,100,25,244,0,12,60,22,94,80,51,160,47,338,304,86,390,728
08/04/2023,COS,CO,ANM,WE,Combined TRACON& Tower with Radar,70,47,109,38,264,0,13,57,16,86,70,60,166,54,350,300,74,374,724
08/05/2023,COS,CO,ANM,WE,Combined TRACON& Tower with Radar,65,37,73,5,180,0,6,38,11,55,65,43,111,16,235,162,50,212,447
08/06/2023,COS,CO,ANM,WE,Combined TRACON& Tower with Radar,85,66,108,11,270,2,2,20,7,31,87,68,128,18,301,84,8,92,393
08/07/2023,COS,CO,ANM,WE,Combined TRACON& Tower with Radar,70,51,79,17,217,0,5,28,8,41,70,56,107,25,258,274,24,298,556
08/08/2023,COS,CO,ANM,WE,Combined TRACON& Tower with Radar,77,48,87,33,245,0,4,21,4,29,77,52,108,37,274,142,26,168,442
08/09/2023,COS,CO,ANM,WE,Combined TRACON& Tower with Radar,68,65,135,52,320,0,10,56,36,102,68,75,191,88,422,512,104,616,1038
08/10/2023,COS,CO,ANM,WE,Combined TRACON& Tower with Radar,79,75,68,19,241,0,22,118,22,162,79,97,186,41,403,352,52,404,807
08/11/2023,COS,CO,ANM,WE,Combined TRACON& Tower with Radar,73,34,41,33,181,0,18,140,16,174,73,52,181,49,355,328,22,350,705
08/12/2023,COS,CO,ANM,WE,Combined TRACON& Tower with Radar,61,34,43,1,139,0,8,68,9,85,61,42,111,10,224,124,0,124,348
08/13/2023,COS,CO,ANM,WE,Combined TRACON& Tower with Radar,61,48,43,4,156,0,6,43,9,58,61,54,86,13,214,72,12,84,298
08/14/2023,COS,CO,ANM,WE,Combined TRACON& Tower with Radar,65,38,61,8,172,0,16,114,18,148,65,54,175,26,320,448,68,516,836
08/15/2023,COS,CO,ANM,WE,Combined TRACON& Tower with Radar,72,38,83,31,224,0,29,153,48,230,72,67,236,79,454,364,90,454,908
08/16/2023,COS,CO,ANM,WE,Combined TRACON& Tower with Radar,73,44,56,9,182,0,13,88,28,129,73,57,144,37,311,324,40,364,675
08/17/2023,COS,CO,ANM,WE,Combined TRACON& Tower with Radar,75,50,68,19,212,0,24,127,54,205,75,74,195,73,417,380,88,468,885
08/18/2023,COS,CO,ANM,WE,Combined TRACON& Tower with Radar,90,41,43,25,199,0,18,132,34,184,90,59,175,59,383,210,106,316,699
08/19/2023,COS,CO,ANM,WE,Combined TRACON& Tower with Radar,76,52,34,19,181,0,29,119,24,172,76,81,153,43,353,242,62,304,657
08/20/2023,COS,CO,ANM,WE,Combined TRACON& Tower with Radar,64,41,58,3,166,0,13,82,13,108,64,54,140,16,274,150,0,150,424
08/21/2023,COS,CO,ANM,WE,Combined TRACON& Tower with Radar,80,52,56,16,204,0,19,72,29,120,80,71,128,45,324,104,22,126,450
08/22/2023,COS,CO,ANM,WE,Combined TRACON& Tower with Radar,82,48,42,11,183,0,21,86,28,135,82,69,128,39,318,246,60,306,624
08/23/2023,COS,CO,ANM,WE,Combined TRACON& Tower with Radar,67,35,55,16,173,0,18,122,37,177,67,53,177,53,350,248,88,336,686
08/24/2023,COS,CO,ANM,WE,Combined TRACON& Tower with Radar,80,42,57,30,209,0,16,91,26,133,80,58,148,56,342,318,68,386,728
08/25/2023,COS,CO,ANM,WE,Combined TRACON& Tower with Radar,78,47,59,13,197,0,5,45,13,63,78,52,104,26,260,54,56,110,370
08/26/2023,COS,CO,ANM,WE,Combined TRACON& Tower with Radar,64,31,53,9,157,0,1,92,12,105,64,32,145,21,262,224,4,228,490
08/27/2023,COS,CO,ANM,WE,Combined TRACON& Tower with Radar,70,30,47,2,149,0,10,94,6,110,70,40,141,8,259,128,2,130,389
08/28/2023,COS,CO,ANM,WE,Combined TRACON& Tower with Radar,69,35,31,16,151,0,13,66,13,92,69,48,97,29,243,0,0,0,243
08/29/2023,COS,CO,ANM,WE,Combined TRACON& Tower with Radar,70,37,54,24,185,0,27,120,25,172,70,64,174,49,357,358,62,420,777
08/30/2023,COS,CO,ANM,WE,Combined TRACON& Tower with Radar,71,34,103,40,248,0,34,151,38,223,71,68,254,78,471,336,110,446,917
08/31/2023,COS,CO,ANM,WE,Combined TRACON& Tower with Radar,75,37,131,15,258,0,23,112,20,155,75,60,243,35,413,278,102,380,793
