01/01/2020,COU,MO,ACE,CE,Federal Contract Tower,9,7,8,0,24,0,4,16,0,20,9,11,24,0,44,0,0,0,44
01/02/2020,COU,MO,ACE,CE,Federal Contract Tower,6,10,17,0,33,0,0,17,0,17,6,10,34,0,50,4,0,4,54
01/03/2020,COU,MO,ACE,CE,Federal Contract Tower,7,7,4,0,18,0,0,3,0,3,7,7,7,0,21,0,0,0,21
01/04/2020,COU,MO,ACE,CE,Federal Contract Tower,8,12,7,0,27,0,4,15,0,19,8,16,22,0,46,8,0,8,54
01/05/2020,COU,MO,ACE,CE,Federal Contract Tower,9,11,12,0,32,0,4,17,0,21,9,15,29,0,53,4,0,4,57
01/06/2020,COU,MO,ACE,CE,Federal Contract Tower,8,15,15,0,38,0,6,11,0,17,8,21,26,0,55,12,0,12,67
01/07/2020,COU,MO,ACE,CE,Federal Contract Tower,7,7,20,0,34,0,6,14,2,22,7,13,34,2,56,44,0,44,100
01/08/2020,COU,MO,ACE,CE,Federal Contract Tower,6,7,15,0,28,0,4,17,0,21,6,11,32,0,49,28,0,28,77
01/09/2020,COU,MO,ACE,CE,Federal Contract Tower,6,6,11,0,23,0,0,2,0,2,6,6,13,0,25,0,0,0,25
01/10/2020,COU,MO,ACE,CE,Federal Contract Tower,6,6,10,0,22,0,0,0,0,0,6,6,10,0,22,0,0,0,22
01/11/2020,COU,MO,ACE,CE,Federal Contract Tower,4,1,3,0,8,0,0,0,0,0,4,1,3,0,8,0,0,0,8
01/12/2020,COU,MO,ACE,CE,Federal Contract Tower,10,8,12,0,30,0,0,0,0,0,10,8,12,0,30,0,0,0,30
01/13/2020,COU,MO,ACE,CE,Federal Contract Tower,8,13,13,0,34,0,0,1,0,1,8,13,14,0,35,0,0,0,35
01/14/2020,COU,MO,ACE,CE,Federal Contract Tower,4,7,16,0,27,0,4,11,0,15,4,11,27,0,42,18,0,18,60
01/15/2020,COU,MO,ACE,CE,Federal Contract Tower,7,7,37,6,57,0,0,4,0,4,7,7,41,6,61,4,0,4,65
01/16/2020,COU,MO,ACE,CE,Federal Contract Tower,6,8,19,2,35,0,0,21,6,27,6,8,40,8,62,12,4,16,78
01/17/2020,COU,MO,ACE,CE,Federal Contract Tower,0,3,3,0,6,0,0,0,0,0,0,3,3,0,6,0,0,0,6
01/18/2020,COU,MO,ACE,CE,Federal Contract Tower,3,8,14,0,25,0,3,1,0,4,3,11,15,0,29,0,0,0,29
01/19/2020,COU,MO,ACE,CE,Federal Contract Tower,7,7,13,0,27,0,2,10,0,12,7,9,23,0,39,28,0,28,67
01/20/2020,COU,MO,ACE,CE,Federal Contract Tower,7,17,20,0,44,0,0,0,0,0,7,17,20,0,44,0,0,0,44
01/21/2020,COU,MO,ACE,CE,Federal Contract Tower,4,12,18,1,35,0,4,15,0,19,4,16,33,1,54,12,0,12,66
01/22/2020,COU,MO,ACE,CE,Federal Contract Tower,5,14,19,0,38,0,1,3,0,4,5,15,22,0,42,0,0,0,42
01/23/2020,COU,MO,ACE,CE,Federal Contract Tower,5,9,7,0,21,0,0,1,0,1,5,9,8,0,22,0,0,0,22
01/24/2020,COU,MO,ACE,CE,Federal Contract Tower,7,4,7,0,18,0,0,0,0,0,7,4,7,0,18,0,0,0,18
01/25/2020,COU,MO,ACE,CE,Federal Contract Tower,4,11,3,0,18,0,0,5,0,5,4,11,8,0,23,0,0,0,23
01/26/2020,COU,MO,ACE,CE,Federal Contract Tower,6,13,12,0,31,0,0,17,0,17,6,13,29,0,48,6,0,6,54
01/27/2020,COU,MO,ACE,CE,Federal Contract Tower,4,13,19,0,36,0,0,0,0,0,4,13,19,0,36,0,0,0,36
01/28/2020,COU,MO,ACE,CE,Federal Contract Tower,4,7,11,0,22,0,0,0,0,0,4,7,11,0,22,0,0,0,22
01/29/2020,COU,MO,ACE,CE,Federal Contract Tower,5,8,4,0,17,0,0,0,0,0,5,8,4,0,17,0,0,0,17
01/30/2020,COU,MO,ACE,CE,Federal Contract Tower,6,6,18,0,30,0,0,11,0,11,6,6,29,0,41,32,0,32,73
01/31/2020,COU,MO,ACE,CE,Federal Contract Tower,7,10,23,0,40,0,0,5,0,5,7,10,28,0,45,0,0,0,45
02/01/2020,COU,MO,ACE,CE,Federal Contract Tower,4,10,13,0,27,0,2,22,0,24,4,12,35,0,51,104,0,104,155
02/02/2020,COU,MO,ACE,CE,Federal Contract Tower,6,7,8,0,21,0,2,41,0,43,6,9,49,0,64,58,0,58,122
02/03/2020,COU,MO,ACE,CE,Federal Contract Tower,6,15,11,0,32,0,6,20,0,26,6,21,31,0,58,6,0,6,64
02/04/2020,COU,MO,ACE,CE,Federal Contract Tower,4,7,14,0,25,0,0,2,0,2,4,7,16,0,27,0,0,0,27
02/05/2020,COU,MO,ACE,CE,Federal Contract Tower,0,5,7,5,17,0,0,0,0,0,0,5,7,5,17,0,0,0,17
02/06/2020,COU,MO,ACE,CE,Federal Contract Tower,6,12,13,0,31,0,0,9,0,9,6,12,22,0,40,0,0,0,40
02/07/2020,COU,MO,ACE,CE,Federal Contract Tower,6,12,11,0,29,0,0,9,0,9,6,12,20,0,38,22,0,22,60
02/08/2020,COU,MO,ACE,CE,Federal Contract Tower,5,10,9,1,25,0,4,41,0,45,5,14,50,1,70,16,0,16,86
02/09/2020,COU,MO,ACE,CE,Federal Contract Tower,8,13,2,0,23,0,0,2,0,2,8,13,4,0,25,0,0,0,25
02/10/2020,COU,MO,ACE,CE,Federal Contract Tower,6,12,10,0,28,0,4,3,0,7,6,16,13,0,35,11,0,11,46
02/11/2020,COU,MO,ACE,CE,Federal Contract Tower,4,18,19,0,41,0,4,26,5,35,4,22,45,5,76,34,6,40,116
02/12/2020,COU,MO,ACE,CE,Federal Contract Tower,5,7,6,0,18,0,0,1,0,1,5,7,7,0,19,0,0,0,19
02/13/2020,COU,MO,ACE,CE,Federal Contract Tower,7,18,11,0,36,0,0,14,0,14,7,18,25,0,50,24,0,24,74
02/14/2020,COU,MO,ACE,CE,Federal Contract Tower,6,11,24,0,41,0,0,26,0,26,6,11,50,0,67,18,0,18,85
02/15/2020,COU,MO,ACE,CE,Federal Contract Tower,7,9,13,0,29,0,2,19,0,21,7,11,32,0,50,14,0,14,64
02/16/2020,COU,MO,ACE,CE,Federal Contract Tower,7,13,15,0,35,0,4,19,0,23,7,17,34,0,58,46,0,46,104
02/17/2020,COU,MO,ACE,CE,Federal Contract Tower,4,22,19,0,45,0,0,0,0,0,4,22,19,0,45,0,0,0,45
02/18/2020,COU,MO,ACE,CE,Federal Contract Tower,4,15,28,0,47,0,4,15,0,19,4,19,43,0,66,10,0,10,76
02/19/2020,COU,MO,ACE,CE,Federal Contract Tower,8,16,30,6,60,0,0,10,0,10,8,16,40,6,70,6,0,6,76
02/20/2020,COU,MO,ACE,CE,Federal Contract Tower,7,15,29,0,51,0,0,24,0,24,7,15,53,0,75,0,0,0,75
02/21/2020,COU,MO,ACE,CE,Federal Contract Tower,7,13,29,0,49,0,0,22,0,22,7,13,51,0,71,8,0,8,79
02/22/2020,COU,MO,ACE,CE,Federal Contract Tower,10,5,15,0,30,0,2,20,0,22,10,7,35,0,52,8,0,8,60
02/23/2020,COU,MO,ACE,CE,Federal Contract Tower,6,9,7,2,24,0,7,13,0,20,6,16,20,2,44,6,0,6,50
02/24/2020,COU,MO,ACE,CE,Federal Contract Tower,8,8,11,0,27,0,0,0,0,0,8,8,11,0,27,0,0,0,27
02/25/2020,COU,MO,ACE,CE,Federal Contract Tower,5,11,11,0,27,0,0,0,0,0,5,11,11,0,27,0,0,0,27
02/26/2020,COU,MO,ACE,CE,Federal Contract Tower,5,9,17,0,31,0,9,12,2,23,5,18,29,2,54,6,14,20,74
02/27/2020,COU,MO,ACE,CE,Federal Contract Tower,7,12,13,0,32,0,0,8,0,8,7,12,21,0,40,6,0,6,46
02/28/2020,COU,MO,ACE,CE,Federal Contract Tower,6,11,17,2,36,0,0,18,0,18,6,11,35,2,54,22,0,22,76
02/29/2020,COU,MO,ACE,CE,Federal Contract Tower,6,15,11,0,32,0,7,40,0,47,6,22,51,0,79,32,0,32,111
03/01/2020,COU,MO,ACE,CE,Federal Contract Tower,6,12,13,0,31,0,4,16,0,20,6,16,29,0,51,14,0,14,65
03/02/2020,COU,MO,ACE,CE,Federal Contract Tower,6,15,9,0,30,0,4,14,0,18,6,19,23,0,48,14,0,14,62
03/03/2020,COU,MO,ACE,CE,Federal Contract Tower,7,14,18,0,39,0,4,26,2,32,7,18,44,2,71,16,0,16,87
03/04/2020,COU,MO,ACE,CE,Federal Contract Tower,6,9,13,0,28,0,6,21,0,27,6,15,34,0,55,18,0,18,73
03/05/2020,COU,MO,ACE,CE,Federal Contract Tower,7,13,20,0,40,0,0,8,0,8,7,13,28,0,48,0,0,0,48
03/06/2020,COU,MO,ACE,CE,Federal Contract Tower,9,9,11,0,29,0,0,10,3,13,9,9,21,3,42,0,0,0,42
03/07/2020,COU,MO,ACE,CE,Federal Contract Tower,7,14,11,0,32,0,6,27,4,37,7,20,38,4,69,12,0,12,81
03/08/2020,COU,MO,ACE,CE,Federal Contract Tower,6,12,14,2,34,0,4,19,2,25,6,16,33,4,59,10,0,10,69
03/09/2020,COU,MO,ACE,CE,Federal Contract Tower,6,14,19,0,39,0,0,0,0,0,6,14,19,0,39,0,0,0,39
03/10/2020,COU,MO,ACE,CE,Federal Contract Tower,6,12,16,0,34,0,0,2,2,4,6,12,18,2,38,0,0,0,38
03/11/2020,COU,MO,ACE,CE,Federal Contract Tower,5,10,16,0,31,0,4,14,0,18,5,14,30,0,49,14,0,14,63
03/12/2020,COU,MO,ACE,CE,Federal Contract Tower,9,14,17,0,40,0,0,1,0,1,9,14,18,0,41,0,0,0,41
03/13/2020,COU,MO,ACE,CE,Federal Contract Tower,6,9,6,0,21,0,0,9,0,9,6,9,15,0,30,12,0,12,42
03/14/2020,COU,MO,ACE,CE,Federal Contract Tower,4,11,3,0,18,0,0,0,0,0,4,11,3,0,18,0,0,0,18
03/15/2020,COU,MO,ACE,CE,Federal Contract Tower,6,8,8,0,22,0,2,3,0,5,6,10,11,0,27,18,0,18,45
03/16/2020,COU,MO,ACE,CE,Federal Contract Tower,5,17,9,0,31,0,0,0,0,0,5,17,9,0,31,0,0,0,31
03/17/2020,COU,MO,ACE,CE,Federal Contract Tower,5,11,21,0,37,0,4,3,0,7,5,15,24,0,44,0,0,0,44
03/18/2020,COU,MO,ACE,CE,Federal Contract Tower,5,9,6,0,20,0,0,4,0,4,5,9,10,0,24,0,0,0,24
03/19/2020,COU,MO,ACE,CE,Federal Contract Tower,6,5,6,0,17,0,0,2,0,2,6,5,8,0,19,0,0,0,19
03/20/2020,COU,MO,ACE,CE,Federal Contract Tower,6,11,5,0,22,0,0,1,0,1,6,11,6,0,23,0,0,0,23
03/21/2020,COU,MO,ACE,CE,Federal Contract Tower,4,9,10,0,23,0,0,27,0,27,4,9,37,0,50,6,0,6,56
03/22/2020,COU,MO,ACE,CE,Federal Contract Tower,4,4,0,0,8,0,0,0,0,0,4,4,0,0,8,0,0,0,8
03/23/2020,COU,MO,ACE,CE,Federal Contract Tower,7,18,5,0,30,0,4,4,0,8,7,22,9,0,38,0,0,0,38
03/24/2020,COU,MO,ACE,CE,Federal Contract Tower,3,9,2,0,14,0,0,0,0,0,3,9,2,0,14,0,0,0,14
03/25/2020,COU,MO,ACE,CE,Federal Contract Tower,3,4,15,0,22,0,0,9,0,9,3,4,24,0,31,0,0,0,31
03/26/2020,COU,MO,ACE,CE,Federal Contract Tower,4,2,3,0,9,0,0,33,0,33,4,2,36,0,42,10,0,10,52
03/27/2020,COU,MO,ACE,CE,Federal Contract Tower,4,5,0,0,9,0,0,6,0,6,4,5,6,0,15,0,0,0,15
03/28/2020,COU,MO,ACE,CE,Federal Contract Tower,4,0,2,0,6,0,0,0,0,0,4,0,2,0,6,0,0,0,6
03/29/2020,COU,MO,ACE,CE,Federal Contract Tower,4,2,2,0,8,0,0,5,0,5,4,2,7,0,13,20,0,20,33
03/30/2020,COU,MO,ACE,CE,Federal Contract Tower,4,8,13,0,25,0,0,27,0,27,4,8,40,0,52,14,0,14,66
03/31/2020,COU,MO,ACE,CE,Federal Contract Tower,4,5,8,1,18,0,4,3,3,10,4,9,11,4,28,0,0,0,28
04/01/2020,COU,MO,ACE,CE,Federal Contract Tower,4,7,4,0,15,0,2,20,4,26,4,9,24,4,41,34,0,34,75
04/02/2020,COU,MO,ACE,CE,Federal Contract Tower,4,5,5,0,14,0,0,7,0,7,4,5,12,0,21,22,0,22,43
04/03/2020,COU,MO,ACE,CE,Federal Contract Tower,6,4,0,0,10,0,0,2,0,2,6,4,2,0,12,46,0,46,58
04/04/2020,COU,MO,ACE,CE,Federal Contract Tower,4,5,0,0,9,0,0,1,0,1,4,5,1,0,10,0,0,0,10
04/05/2020,COU,MO,ACE,CE,Federal Contract Tower,7,3,4,0,14,0,0,0,0,0,7,3,4,0,14,0,0,0,14
04/06/2020,COU,MO,ACE,CE,Federal Contract Tower,4,9,3,0,16,0,2,5,0,7,4,11,8,0,23,0,0,0,23
04/07/2020,COU,MO,ACE,CE,Federal Contract Tower,1,8,8,0,17,0,2,8,0,10,1,10,16,0,27,0,0,0,27
04/08/2020,COU,MO,ACE,CE,Federal Contract Tower,1,7,4,0,12,0,0,5,0,5,1,7,9,0,17,0,0,0,17
04/09/2020,COU,MO,ACE,CE,Federal Contract Tower,0,6,3,3,12,0,2,4,1,7,0,8,7,4,19,0,0,0,19
04/10/2020,COU,MO,ACE,CE,Federal Contract Tower,0,10,6,0,16,0,0,10,0,10,0,10,16,0,26,0,0,0,26
04/11/2020,COU,MO,ACE,CE,Federal Contract Tower,0,5,3,0,8,0,0,6,0,6,0,5,9,0,14,0,0,0,14
04/12/2020,COU,MO,ACE,CE,Federal Contract Tower,1,8,0,0,9,0,0,0,0,0,1,8,0,0,9,0,0,0,9
04/13/2020,COU,MO,ACE,CE,Federal Contract Tower,1,13,0,0,14,0,2,4,0,6,1,15,4,0,20,0,0,0,20
04/14/2020,COU,MO,ACE,CE,Federal Contract Tower,1,8,5,3,17,0,0,18,4,22,1,8,23,7,39,36,6,42,81
04/15/2020,COU,MO,ACE,CE,Federal Contract Tower,1,8,0,0,9,0,0,39,0,39,1,8,39,0,48,12,0,12,60
04/16/2020,COU,MO,ACE,CE,Federal Contract Tower,0,9,1,0,10,0,0,4,0,4,0,9,5,0,14,0,0,0,14
04/17/2020,COU,MO,ACE,CE,Federal Contract Tower,1,10,0,0,11,0,0,2,0,2,1,10,2,0,13,30,0,30,43
04/18/2020,COU,MO,ACE,CE,Federal Contract Tower,1,6,15,0,22,0,0,19,0,19,1,6,34,0,41,14,0,14,55
04/19/2020,COU,MO,ACE,CE,Federal Contract Tower,0,7,3,0,10,0,2,13,0,15,0,9,16,0,25,4,0,4,29
04/20/2020,COU,MO,ACE,CE,Federal Contract Tower,0,17,6,0,23,0,0,31,0,31,0,17,37,0,54,18,0,18,72
04/21/2020,COU,MO,ACE,CE,Federal Contract Tower,0,8,6,0,14,0,2,23,0,25,0,10,29,0,39,24,0,24,63
04/22/2020,COU,MO,ACE,CE,Federal Contract Tower,0,7,10,0,17,0,0,11,2,13,0,7,21,2,30,6,0,6,36
04/23/2020,COU,MO,ACE,CE,Federal Contract Tower,0,7,10,0,17,0,0,9,0,9,0,7,19,0,26,26,0,26,52
04/24/2020,COU,MO,ACE,CE,Federal Contract Tower,2,8,3,0,13,0,0,4,2,6,2,8,7,2,19,0,0,0,19
04/25/2020,COU,MO,ACE,CE,Federal Contract Tower,0,4,5,0,9,0,0,2,0,2,0,4,7,0,11,16,0,16,27
04/26/2020,COU,MO,ACE,CE,Federal Contract Tower,0,4,6,0,10,0,4,40,0,44,0,8,46,0,54,48,0,48,102
04/27/2020,COU,MO,ACE,CE,Federal Contract Tower,0,11,3,0,14,0,2,8,0,10,0,13,11,0,24,10,0,10,34
04/28/2020,COU,MO,ACE,CE,Federal Contract Tower,1,4,1,0,6,0,3,6,0,9,1,7,7,0,15,0,0,0,15
04/29/2020,COU,MO,ACE,CE,Federal Contract Tower,0,8,3,0,11,0,0,3,0,3,0,8,6,0,14,0,0,0,14
04/30/2020,COU,MO,ACE,CE,Federal Contract Tower,0,6,11,0,17,0,2,7,4,13,0,8,18,4,30,4,0,4,34
05/01/2020,COU,MO,ACE,CE,Federal Contract Tower,2,7,9,0,18,0,0,25,0,25,2,7,34,0,43,22,0,22,65
05/02/2020,COU,MO,ACE,CE,Federal Contract Tower,1,3,4,0,8,0,4,14,0,18,1,7,18,0,26,30,0,30,56
05/03/2020,COU,MO,ACE,CE,Federal Contract Tower,0,7,1,0,8,0,2,9,0,11,0,9,10,0,19,32,0,32,51
05/04/2020,COU,MO,ACE,CE,Federal Contract Tower,0,14,4,0,18,0,2,2,0,4,0,16,6,0,22,2,0,2,24
05/05/2020,COU,MO,ACE,CE,Federal Contract Tower,1,3,10,0,14,0,2,7,2,11,1,5,17,2,25,18,0,18,43
05/06/2020,COU,MO,ACE,CE,Federal Contract Tower,1,2,10,2,15,0,4,16,0,20,1,6,26,2,35,34,0,34,69
05/07/2020,COU,MO,ACE,CE,Federal Contract Tower,1,6,10,0,17,0,0,15,0,15,1,6,25,0,32,36,0,36,68
05/08/2020,COU,MO,ACE,CE,Federal Contract Tower,0,7,13,0,20,0,0,16,0,16,0,7,29,0,36,2,0,2,38
05/09/2020,COU,MO,ACE,CE,Federal Contract Tower,0,8,5,0,13,0,0,27,0,27,0,8,32,0,40,28,0,28,68
05/10/2020,COU,MO,ACE,CE,Federal Contract Tower,0,8,7,0,15,0,2,5,0,7,0,10,12,0,22,0,0,0,22
05/11/2020,COU,MO,ACE,CE,Federal Contract Tower,0,17,9,0,26,0,2,22,0,24,0,19,31,0,50,22,0,22,72
05/12/2020,COU,MO,ACE,CE,Federal Contract Tower,0,7,11,0,18,0,3,15,0,18,0,10,26,0,36,4,0,4,40
05/13/2020,COU,MO,ACE,CE,Federal Contract Tower,0,6,14,0,20,0,0,0,0,0,0,6,14,0,20,0,0,0,20
05/14/2020,COU,MO,ACE,CE,Federal Contract Tower,0,6,11,0,17,0,0,11,0,11,0,6,22,0,28,14,0,14,42
05/15/2020,COU,MO,ACE,CE,Federal Contract Tower,0,11,14,0,25,0,0,3,0,3,0,11,17,0,28,0,0,0,28
05/16/2020,COU,MO,ACE,CE,Federal Contract Tower,0,7,7,0,14,0,0,0,0,0,0,7,7,0,14,0,0,0,14
05/17/2020,COU,MO,ACE,CE,Federal Contract Tower,0,7,5,0,12,0,0,0,0,0,0,7,5,0,12,0,0,0,12
05/18/2020,COU,MO,ACE,CE,Federal Contract Tower,0,12,13,0,25,0,0,0,0,0,0,12,13,0,25,0,0,0,25
05/19/2020,COU,MO,ACE,CE,Federal Contract Tower,0,8,9,4,21,0,4,5,11,20,0,12,14,15,41,10,0,10,51
05/20/2020,COU,MO,ACE,CE,Federal Contract Tower,0,10,22,2,34,0,4,2,10,16,0,14,24,12,50,0,0,0,50
05/21/2020,COU,MO,ACE,CE,Federal Contract Tower,0,8,27,0,35,0,0,4,0,4,0,8,31,0,39,0,0,0,39
05/22/2020,COU,MO,ACE,CE,Federal Contract Tower,0,11,16,0,27,0,0,10,0,10,0,11,26,0,37,0,0,0,37
05/23/2020,COU,MO,ACE,CE,Federal Contract Tower,0,5,5,0,10,0,0,4,8,12,0,5,9,8,22,8,0,8,30
05/24/2020,COU,MO,ACE,CE,Federal Contract Tower,0,7,1,0,8,0,0,14,0,14,0,7,15,0,22,4,0,4,26
05/25/2020,COU,MO,ACE,CE,Federal Contract Tower,0,15,3,0,18,0,4,8,0,12,0,19,11,0,30,0,0,0,30
05/26/2020,COU,MO,ACE,CE,Federal Contract Tower,0,6,12,0,18,0,0,3,0,3,0,6,15,0,21,0,0,0,21
05/27/2020,COU,MO,ACE,CE,Federal Contract Tower,0,6,8,0,14,0,0,2,0,2,0,6,10,0,16,0,0,0,16
05/28/2020,COU,MO,ACE,CE,Federal Contract Tower,0,7,14,8,29,0,0,4,0,4,0,7,18,8,33,0,0,0,33
05/29/2020,COU,MO,ACE,CE,Federal Contract Tower,0,10,18,0,28,0,5,33,4,42,0,15,51,4,70,0,12,12,82
05/30/2020,COU,MO,ACE,CE,Federal Contract Tower,0,4,4,0,8,0,2,26,0,28,0,6,30,0,36,8,0,8,44
05/31/2020,COU,MO,ACE,CE,Federal Contract Tower,0,6,3,0,9,0,0,14,0,14,0,6,17,0,23,6,0,6,29
06/01/2020,COU,MO,ACE,CE,Federal Contract Tower,0,13,13,0,26,0,4,25,0,29,0,17,38,0,55,20,0,20,75
06/02/2020,COU,MO,ACE,CE,Federal Contract Tower,0,5,6,4,15,0,2,10,0,12,0,7,16,4,27,6,0,6,33
06/03/2020,COU,MO,ACE,CE,Federal Contract Tower,0,7,9,0,16,0,4,18,0,22,0,11,27,0,38,8,0,8,46
06/04/2020,COU,MO,ACE,CE,Federal Contract Tower,0,10,5,0,15,0,0,13,0,13,0,10,18,0,28,14,0,14,42
06/05/2020,COU,MO,ACE,CE,Federal Contract Tower,0,4,10,0,14,0,1,17,2,20,0,5,27,2,34,0,8,8,42
06/06/2020,COU,MO,ACE,CE,Federal Contract Tower,0,4,9,0,13,0,0,17,0,17,0,4,26,0,30,8,0,8,38
06/07/2020,COU,MO,ACE,CE,Federal Contract Tower,0,7,6,0,13,0,0,17,0,17,0,7,23,0,30,8,0,8,38
06/08/2020,COU,MO,ACE,CE,Federal Contract Tower,0,11,9,0,20,0,2,8,0,10,0,13,17,0,30,0,0,0,30
06/09/2020,COU,MO,ACE,CE,Federal Contract Tower,0,4,5,0,9,0,0,0,0,0,0,4,5,0,9,0,0,0,9
06/10/2020,COU,MO,ACE,CE,Federal Contract Tower,0,4,9,0,13,0,1,7,4,12,0,5,16,4,25,0,0,0,25
06/11/2020,COU,MO,ACE,CE,Federal Contract Tower,0,7,12,0,19,0,0,21,1,22,0,7,33,1,41,4,0,4,45
06/12/2020,COU,MO,ACE,CE,Federal Contract Tower,0,6,17,0,23,0,0,32,0,32,0,6,49,0,55,8,0,8,63
06/13/2020,COU,MO,ACE,CE,Federal Contract Tower,0,4,7,0,11,0,2,40,0,42,0,6,47,0,53,52,0,52,105
06/14/2020,COU,MO,ACE,CE,Federal Contract Tower,0,10,20,0,30,0,4,39,0,43,0,14,59,0,73,30,0,30,103
06/15/2020,COU,MO,ACE,CE,Federal Contract Tower,0,14,16,0,30,0,4,24,0,28,0,18,40,0,58,16,0,16,74
06/16/2020,COU,MO,ACE,CE,Federal Contract Tower,0,6,19,0,25,0,4,24,0,28,0,10,43,0,53,34,0,34,87
06/17/2020,COU,MO,ACE,CE,Federal Contract Tower,0,6,21,0,27,0,4,17,0,21,0,10,38,0,48,18,0,18,66
06/18/2020,COU,MO,ACE,CE,Federal Contract Tower,0,10,25,0,35,0,1,30,2,33,0,11,55,2,68,16,6,22,90
06/19/2020,COU,MO,ACE,CE,Federal Contract Tower,0,6,9,0,15,0,0,12,0,12,0,6,21,0,27,24,0,24,51
06/20/2020,COU,MO,ACE,CE,Federal Contract Tower,0,3,9,0,12,0,4,6,2,12,0,7,15,2,24,8,0,8,32
06/21/2020,COU,MO,ACE,CE,Federal Contract Tower,0,16,9,0,25,0,2,19,0,21,0,18,28,0,46,30,0,30,76
06/22/2020,COU,MO,ACE,CE,Federal Contract Tower,0,15,17,0,32,0,8,29,0,37,0,23,46,0,69,46,0,46,115
06/23/2020,COU,MO,ACE,CE,Federal Contract Tower,0,8,16,0,24,0,4,36,2,42,0,12,52,2,66,50,2,52,118
06/24/2020,COU,MO,ACE,CE,Federal Contract Tower,0,4,15,0,19,0,3,40,0,43,0,7,55,0,62,36,0,36,98
06/25/2020,COU,MO,ACE,CE,Federal Contract Tower,0,7,9,0,16,0,0,40,0,40,0,7,49,0,56,20,0,20,76
06/26/2020,COU,MO,ACE,CE,Federal Contract Tower,0,7,18,0,25,0,0,24,0,24,0,7,42,0,49,10,0,10,59
06/27/2020,COU,MO,ACE,CE,Federal Contract Tower,0,5,12,0,17,0,2,7,0,9,0,7,19,0,26,0,0,0,26
06/28/2020,COU,MO,ACE,CE,Federal Contract Tower,0,10,9,0,19,0,2,12,0,14,0,12,21,0,33,8,0,8,41
06/29/2020,COU,MO,ACE,CE,Federal Contract Tower,0,13,9,0,22,0,0,4,0,4,0,13,13,0,26,0,0,0,26
06/30/2020,COU,MO,ACE,CE,Federal Contract Tower,0,7,11,0,18,0,2,8,0,10,0,9,19,0,28,14,0,14,42
07/01/2020,COU,MO,ACE,CE,Federal Contract Tower,0,4,17,0,21,0,1,20,0,21,0,5,37,0,42,16,0,16,58
07/02/2020,COU,MO,ACE,CE,Federal Contract Tower,0,8,8,0,16,0,0,32,2,34,0,8,40,2,50,12,0,12,62
07/03/2020,COU,MO,ACE,CE,Federal Contract Tower,0,6,5,0,11,0,0,6,0,6,0,6,11,0,17,22,0,22,39
07/04/2020,COU,MO,ACE,CE,Federal Contract Tower,0,3,4,0,7,0,2,5,0,7,0,5,9,0,14,8,0,8,22
07/05/2020,COU,MO,ACE,CE,Federal Contract Tower,0,7,12,0,19,0,4,16,0,20,0,11,28,0,39,10,0,10,49
07/06/2020,COU,MO,ACE,CE,Federal Contract Tower,0,18,9,0,27,0,4,31,0,35,0,22,40,0,62,36,0,36,98
07/07/2020,COU,MO,ACE,CE,Federal Contract Tower,2,12,14,0,28,0,2,18,2,22,2,14,32,2,50,34,0,34,84
07/08/2020,COU,MO,ACE,CE,Federal Contract Tower,5,10,8,0,23,0,2,20,0,22,5,12,28,0,45,22,0,22,67
07/09/2020,COU,MO,ACE,CE,Federal Contract Tower,6,9,20,0,35,0,0,24,4,28,6,9,44,4,63,40,0,40,103
07/10/2020,COU,MO,ACE,CE,Federal Contract Tower,5,8,11,0,24,0,1,22,0,23,5,9,33,0,47,2,0,2,49
07/11/2020,COU,MO,ACE,CE,Federal Contract Tower,5,3,5,0,13,0,2,11,0,13,5,5,16,0,26,0,0,0,26
07/12/2020,COU,MO,ACE,CE,Federal Contract Tower,4,6,5,0,15,0,2,18,0,20,4,8,23,0,35,8,0,8,43
07/13/2020,COU,MO,ACE,CE,Federal Contract Tower,5,14,13,0,32,0,2,10,0,12,5,16,23,0,44,0,0,0,44
07/14/2020,COU,MO,ACE,CE,Federal Contract Tower,6,5,16,0,27,0,0,3,0,3,6,5,19,0,30,0,0,0,30
07/15/2020,COU,MO,ACE,CE,Federal Contract Tower,6,7,11,0,24,0,0,3,0,3,6,7,14,0,27,0,0,0,27
07/16/2020,COU,MO,ACE,CE,Federal Contract Tower,5,12,10,0,27,0,4,17,0,21,5,16,27,0,48,0,0,0,48
07/17/2020,COU,MO,ACE,CE,Federal Contract Tower,5,8,8,0,21,0,0,8,0,8,5,8,16,0,29,6,0,6,35
07/18/2020,COU,MO,ACE,CE,Federal Contract Tower,4,10,3,0,17,0,2,8,0,10,4,12,11,0,27,0,0,0,27
07/19/2020,COU,MO,ACE,CE,Federal Contract Tower,4,7,13,0,24,0,0,4,0,4,4,7,17,0,28,0,0,0,28
07/20/2020,COU,MO,ACE,CE,Federal Contract Tower,3,16,9,0,28,0,4,5,0,9,3,20,14,0,37,4,0,4,41
07/21/2020,COU,MO,ACE,CE,Federal Contract Tower,5,6,15,0,26,0,3,4,0,7,5,9,19,0,33,0,0,0,33
07/22/2020,COU,MO,ACE,CE,Federal Contract Tower,6,4,17,0,27,0,4,16,0,20,6,8,33,0,47,20,0,20,67
07/23/2020,COU,MO,ACE,CE,Federal Contract Tower,5,8,10,0,23,0,0,23,0,23,5,8,33,0,46,0,0,0,46
07/24/2020,COU,MO,ACE,CE,Federal Contract Tower,5,14,7,0,26,0,0,35,2,37,5,14,42,2,63,0,0,0,63
07/25/2020,COU,MO,ACE,CE,Federal Contract Tower,4,16,3,0,23,0,4,36,0,40,4,20,39,0,63,12,0,12,75
07/26/2020,COU,MO,ACE,CE,Federal Contract Tower,3,15,11,0,29,0,4,29,10,43,3,19,40,10,72,34,0,34,106
07/27/2020,COU,MO,ACE,CE,Federal Contract Tower,8,19,6,0,33,0,2,13,0,15,8,21,19,0,48,20,0,20,68
07/28/2020,COU,MO,ACE,CE,Federal Contract Tower,6,8,8,1,23,0,4,30,8,42,6,12,38,9,65,30,0,30,95
07/29/2020,COU,MO,ACE,CE,Federal Contract Tower,6,9,14,0,29,0,0,13,0,13,6,9,27,0,42,18,0,18,60
07/30/2020,COU,MO,ACE,CE,Federal Contract Tower,3,6,9,0,18,0,1,0,0,1,3,7,9,0,19,0,0,0,19
07/31/2020,COU,MO,ACE,CE,Federal Contract Tower,3,13,13,0,29,0,0,6,0,6,3,13,19,0,35,22,0,22,57
08/01/2020,COU,MO,ACE,CE,Federal Contract Tower,3,4,6,0,13,0,4,32,0,36,3,8,38,0,49,34,0,34,83
08/02/2020,COU,MO,ACE,CE,Federal Contract Tower,2,12,3,0,17,0,2,10,0,12,2,14,13,0,29,0,0,0,29
08/03/2020,COU,MO,ACE,CE,Federal Contract Tower,2,19,15,0,36,0,4,20,0,24,2,23,35,0,60,26,0,26,86
08/04/2020,COU,MO,ACE,CE,Federal Contract Tower,4,8,9,0,21,0,4,26,0,30,4,12,35,0,51,14,0,14,65
08/05/2020,COU,MO,ACE,CE,Federal Contract Tower,5,7,13,1,26,0,6,33,0,39,5,13,46,1,65,58,0,58,123
08/06/2020,COU,MO,ACE,CE,Federal Contract Tower,3,11,6,0,20,0,0,18,2,20,3,11,24,2,40,10,0,10,50
08/07/2020,COU,MO,ACE,CE,Federal Contract Tower,3,7,14,0,24,0,0,16,0,16,3,7,30,0,40,0,0,0,40
08/08/2020,COU,MO,ACE,CE,Federal Contract Tower,3,3,10,0,16,0,4,18,0,22,3,7,28,0,38,34,0,34,72
08/09/2020,COU,MO,ACE,CE,Federal Contract Tower,2,9,10,0,21,0,2,19,0,21,2,11,29,0,42,26,0,26,68
08/10/2020,COU,MO,ACE,CE,Federal Contract Tower,4,13,9,0,26,0,0,10,0,10,4,13,19,0,36,14,0,14,50
08/11/2020,COU,MO,ACE,CE,Federal Contract Tower,5,6,18,0,29,0,0,3,2,5,5,6,21,2,34,6,0,6,40
08/12/2020,COU,MO,ACE,CE,Federal Contract Tower,4,6,17,2,29,0,0,7,4,11,4,6,24,6,40,0,0,0,40
08/13/2020,COU,MO,ACE,CE,Federal Contract Tower,3,16,15,0,34,0,2,12,0,14,3,18,27,0,48,6,0,6,54
08/14/2020,COU,MO,ACE,CE,Federal Contract Tower,3,19,23,0,45,0,0,14,0,14,3,19,37,0,59,0,0,0,59
08/15/2020,COU,MO,ACE,CE,Federal Contract Tower,3,5,10,0,18,0,4,17,0,21,3,9,27,0,39,14,0,14,53
08/16/2020,COU,MO,ACE,CE,Federal Contract Tower,3,11,11,0,25,0,4,24,0,28,3,15,35,0,53,30,0,30,83
08/17/2020,COU,MO,ACE,CE,Federal Contract Tower,3,14,10,2,29,0,6,20,0,26,3,20,30,2,55,22,0,22,77
08/18/2020,COU,MO,ACE,CE,Federal Contract Tower,4,14,19,2,39,0,4,22,0,26,4,18,41,2,65,34,0,34,99
08/19/2020,COU,MO,ACE,CE,Federal Contract Tower,4,11,18,0,33,0,2,45,0,47,4,13,63,0,80,16,0,16,96
08/20/2020,COU,MO,ACE,CE,Federal Contract Tower,2,10,12,0,24,0,0,38,4,42,2,10,50,4,66,0,0,0,66
08/21/2020,COU,MO,ACE,CE,Federal Contract Tower,2,10,9,2,23,0,0,23,0,23,2,10,32,2,46,8,8,16,62
08/22/2020,COU,MO,ACE,CE,Federal Contract Tower,2,8,3,0,13,0,4,30,0,34,2,12,33,0,47,20,0,20,67
08/23/2020,COU,MO,ACE,CE,Federal Contract Tower,3,11,8,0,22,0,4,19,0,23,3,15,27,0,45,10,0,10,55
08/24/2020,COU,MO,ACE,CE,Federal Contract Tower,2,15,9,0,26,0,4,27,0,31,2,19,36,0,57,8,0,8,65
08/25/2020,COU,MO,ACE,CE,Federal Contract Tower,5,5,12,0,22,0,4,28,0,32,5,9,40,0,54,4,0,4,58
08/26/2020,COU,MO,ACE,CE,Federal Contract Tower,4,7,17,0,28,0,0,20,0,20,4,7,37,0,48,6,0,6,54
08/27/2020,COU,MO,ACE,CE,Federal Contract Tower,1,7,14,0,22,0,0,20,0,20,1,7,34,0,42,56,0,56,98
08/28/2020,COU,MO,ACE,CE,Federal Contract Tower,2,6,15,0,23,0,0,11,2,13,2,6,26,2,36,16,0,16,52
08/29/2020,COU,MO,ACE,CE,Federal Contract Tower,2,3,7,0,12,0,2,14,0,16,2,5,21,0,28,6,0,6,34
08/30/2020,COU,MO,ACE,CE,Federal Contract Tower,2,10,4,0,16,0,0,22,0,22,2,10,26,0,38,22,0,22,60
08/31/2020,COU,MO,ACE,CE,Federal Contract Tower,2,15,6,0,23,0,2,5,0,7,2,17,11,0,30,8,0,8,38
09/01/2020,COU,MO,ACE,CE,Federal Contract Tower,2,4,10,0,16,0,2,5,0,7,2,6,15,0,23,0,0,0,23
09/03/2020,COU,MO,ACE,CE,Federal Contract Tower,2,8,35,5,50,0,0,24,5,29,2,8,59,10,79,8,0,8,87
09/04/2020,COU,MO,ACE,CE,Federal Contract Tower,2,7,5,0,14,0,0,29,0,29,2,7,34,0,43,26,0,26,69
09/05/2020,COU,MO,ACE,CE,Federal Contract Tower,1,1,6,0,8,0,5,38,0,43,1,6,44,0,51,26,0,26,77
09/06/2020,COU,MO,ACE,CE,Federal Contract Tower,2,8,6,0,16,0,4,10,0,14,2,12,16,0,30,4,0,4,34
09/07/2020,COU,MO,ACE,CE,Federal Contract Tower,2,21,7,0,30,0,4,30,0,34,2,25,37,0,64,44,0,44,108
09/08/2020,COU,MO,ACE,CE,Federal Contract Tower,3,10,12,4,29,0,2,22,0,24,3,12,34,4,53,12,10,22,75
09/09/2020,COU,MO,ACE,CE,Federal Contract Tower,1,10,20,2,33,0,2,6,0,8,1,12,26,2,41,0,0,0,41
09/10/2020,COU,MO,ACE,CE,Federal Contract Tower,0,14,16,0,30,0,0,0,0,0,0,14,16,0,30,0,0,0,30
09/11/2020,COU,MO,ACE,CE,Federal Contract Tower,0,11,11,0,22,0,0,4,0,4,0,11,15,0,26,0,0,0,26
09/12/2020,COU,MO,ACE,CE,Federal Contract Tower,0,8,12,0,20,0,0,11,0,11,0,8,23,0,31,36,0,36,67
09/13/2020,COU,MO,ACE,CE,Federal Contract Tower,0,9,10,0,19,0,0,25,0,25,0,9,35,0,44,6,0,6,50
09/14/2020,COU,MO,ACE,CE,Federal Contract Tower,0,17,7,0,24,0,2,24,0,26,0,19,31,0,50,2,0,2,52
09/15/2020,COU,MO,ACE,CE,Federal Contract Tower,0,13,12,0,25,0,0,28,0,28,0,13,40,0,53,30,0,30,83
09/16/2020,COU,MO,ACE,CE,Federal Contract Tower,0,8,14,2,24,0,2,21,0,23,0,10,35,2,47,32,0,32,79
09/17/2020,COU,MO,ACE,CE,Federal Contract Tower,0,7,15,3,25,0,2,28,3,33,0,9,43,6,58,10,0,10,68
09/18/2020,COU,MO,ACE,CE,Federal Contract Tower,0,10,14,2,26,0,0,41,0,41,0,10,55,2,67,56,0,56,123
09/19/2020,COU,MO,ACE,CE,Federal Contract Tower,1,7,3,0,11,0,2,24,0,26,1,9,27,0,37,0,0,0,37
09/20/2020,COU,MO,ACE,CE,Federal Contract Tower,1,7,12,0,20,0,2,28,0,30,1,9,40,0,50,0,0,0,50
09/21/2020,COU,MO,ACE,CE,Federal Contract Tower,0,16,8,0,24,0,4,24,0,28,0,20,32,0,52,10,0,10,62
09/22/2020,COU,MO,ACE,CE,Federal Contract Tower,0,12,8,0,20,0,4,26,0,30,0,16,34,0,50,18,0,18,68
09/23/2020,COU,MO,ACE,CE,Federal Contract Tower,0,7,19,0,26,0,2,10,0,12,0,9,29,0,38,6,0,6,44
09/24/2020,COU,MO,ACE,CE,Federal Contract Tower,0,9,17,2,28,0,0,7,6,13,0,9,24,8,41,0,0,0,41
09/25/2020,COU,MO,ACE,CE,Federal Contract Tower,2,9,10,0,21,0,4,12,0,16,2,13,22,0,37,0,0,0,37
09/26/2020,COU,MO,ACE,CE,Federal Contract Tower,0,11,18,0,29,0,7,32,0,39,0,18,50,0,68,20,0,20,88
09/27/2020,COU,MO,ACE,CE,Federal Contract Tower,0,12,7,0,19,0,0,2,0,2,0,12,9,0,21,0,0,0,21
09/28/2020,COU,MO,ACE,CE,Federal Contract Tower,0,16,13,0,29,0,2,30,0,32,0,18,43,0,61,20,0,20,81
09/29/2020,COU,MO,ACE,CE,Federal Contract Tower,0,10,26,0,36,0,0,31,0,31,0,10,57,0,67,16,0,16,83
09/30/2020,COU,MO,ACE,CE,Federal Contract Tower,0,15,14,0,29,0,2,26,0,28,0,17,40,0,57,14,0,14,71
10/01/2020,COU,MO,ACE,CE,Federal Contract Tower,0,8,11,0,19,0,0,28,0,28,0,8,39,0,47,34,0,34,81
10/02/2020,COU,MO,ACE,CE,Federal Contract Tower,2,9,12,0,23,0,2,29,0,31,2,11,41,0,54,14,0,14,68
10/03/2020,COU,MO,ACE,CE,Federal Contract Tower,3,8,8,0,19,0,4,9,0,13,3,12,17,0,32,0,0,0,32
10/04/2020,COU,MO,ACE,CE,Federal Contract Tower,1,11,12,0,24,0,2,17,0,19,1,13,29,0,43,18,0,18,61
10/05/2020,COU,MO,ACE,CE,Federal Contract Tower,0,19,11,0,30,0,4,25,0,29,0,23,36,0,59,34,0,34,93
10/06/2020,COU,MO,ACE,CE,Federal Contract Tower,0,10,9,0,19,0,5,22,2,29,0,15,31,2,48,24,0,24,72
10/07/2020,COU,MO,ACE,CE,Federal Contract Tower,0,8,23,0,31,0,4,28,0,32,0,12,51,0,63,50,0,50,113
10/08/2020,COU,MO,ACE,CE,Federal Contract Tower,2,10,25,0,37,0,0,16,2,18,2,10,41,2,55,6,6,12,67
10/09/2020,COU,MO,ACE,CE,Federal Contract Tower,0,10,5,0,15,0,18,22,0,40,0,28,27,0,55,2,0,2,57
10/10/2020,COU,MO,ACE,CE,Federal Contract Tower,2,10,16,0,28,0,2,39,0,41,2,12,55,0,69,22,0,22,91
10/11/2020,COU,MO,ACE,CE,Federal Contract Tower,0,13,14,0,27,0,2,31,0,33,0,15,45,0,60,18,0,18,78
10/12/2020,COU,MO,ACE,CE,Federal Contract Tower,0,17,13,0,30,0,2,12,0,14,0,19,25,0,44,14,0,14,58
10/13/2020,COU,MO,ACE,CE,Federal Contract Tower,0,13,9,0,22,0,6,33,0,39,0,19,42,0,61,26,0,26,87
10/14/2020,COU,MO,ACE,CE,Federal Contract Tower,0,10,13,0,23,0,2,26,0,28,0,12,39,0,51,50,0,50,101
10/15/2020,COU,MO,ACE,CE,Federal Contract Tower,1,12,13,0,26,0,2,23,0,25,1,14,36,0,51,24,0,24,75
10/16/2020,COU,MO,ACE,CE,Federal Contract Tower,1,8,11,13,33,0,4,35,8,47,1,12,46,21,80,32,26,58,138
10/17/2020,COU,MO,ACE,CE,Federal Contract Tower,0,7,4,9,20,0,2,14,0,16,0,9,18,9,36,8,8,16,52
10/18/2020,COU,MO,ACE,CE,Federal Contract Tower,0,12,11,0,23,0,2,7,0,9,0,14,18,0,32,4,0,4,36
10/19/2020,COU,MO,ACE,CE,Federal Contract Tower,0,17,12,0,29,0,0,10,0,10,0,17,22,0,39,0,0,0,39
10/20/2020,COU,MO,ACE,CE,Federal Contract Tower,0,9,14,0,23,0,0,0,0,0,0,9,14,0,23,0,0,0,23
10/21/2020,COU,MO,ACE,CE,Federal Contract Tower,0,15,19,0,34,0,0,0,0,0,0,15,19,0,34,0,0,0,34
10/22/2020,COU,MO,ACE,CE,Federal Contract Tower,0,7,13,0,20,0,7,27,0,34,0,14,40,0,54,28,0,28,82
10/23/2020,COU,MO,ACE,CE,Federal Contract Tower,2,9,14,0,25,0,0,0,0,0,2,9,14,0,25,22,0,22,47
10/24/2020,COU,MO,ACE,CE,Federal Contract Tower,2,10,11,0,23,0,6,18,0,24,2,16,29,0,47,22,0,22,69
10/25/2020,COU,MO,ACE,CE,Federal Contract Tower,0,8,16,0,24,0,0,6,0,6,0,8,22,0,30,0,0,0,30
10/26/2020,COU,MO,ACE,CE,Federal Contract Tower,0,14,5,0,19,0,0,0,0,0,0,14,5,0,19,0,0,0,19
10/27/2020,COU,MO,ACE,CE,Federal Contract Tower,0,9,8,0,17,0,0,0,0,0,0,9,8,0,17,0,0,0,17
10/28/2020,COU,MO,ACE,CE,Federal Contract Tower,0,10,17,2,29,0,0,0,0,0,0,10,17,2,29,0,0,0,29
10/29/2020,COU,MO,ACE,CE,Federal Contract Tower,1,7,5,0,13,0,1,2,0,3,1,8,7,0,16,0,0,0,16
10/30/2020,COU,MO,ACE,CE,Federal Contract Tower,1,16,19,0,36,0,0,24,0,24,1,16,43,0,60,12,0,12,72
10/31/2020,COU,MO,ACE,CE,Federal Contract Tower,0,9,10,5,24,0,2,24,0,26,0,11,34,5,50,2,0,2,52
11/01/2020,COU,MO,ACE,CE,Federal Contract Tower,0,7,10,0,17,0,3,17,0,20,0,10,27,0,37,6,0,6,43
11/02/2020,COU,MO,ACE,CE,Federal Contract Tower,4,11,15,0,30,0,2,30,0,32,4,13,45,0,62,66,0,66,128
11/03/2020,COU,MO,ACE,CE,Federal Contract Tower,2,6,8,0,16,0,4,28,0,32,2,10,36,0,48,42,0,42,90
11/04/2020,COU,MO,ACE,CE,Federal Contract Tower,0,12,21,0,33,0,2,26,0,28,0,14,47,0,61,36,0,36,97
11/05/2020,COU,MO,ACE,CE,Federal Contract Tower,0,7,26,0,33,0,0,53,8,61,0,7,79,8,94,76,0,76,170
11/06/2020,COU,MO,ACE,CE,Federal Contract Tower,0,9,17,0,26,0,0,21,0,21,0,9,38,0,47,28,0,28,75
11/07/2020,COU,MO,ACE,CE,Federal Contract Tower,0,5,4,0,9,0,4,20,4,28,0,9,24,4,37,26,0,26,63
11/08/2020,COU,MO,ACE,CE,Federal Contract Tower,0,7,13,0,20,0,2,7,2,11,0,9,20,2,31,8,0,8,39
11/09/2020,COU,MO,ACE,CE,Federal Contract Tower,0,17,7,0,24,0,4,7,0,11,0,21,14,0,35,16,0,16,51
11/10/2020,COU,MO,ACE,CE,Federal Contract Tower,0,10,14,0,24,0,0,1,0,1,0,10,15,0,25,0,0,0,25
11/11/2020,COU,MO,ACE,CE,Federal Contract Tower,0,11,11,0,22,0,2,22,0,24,0,13,33,0,46,38,0,38,84
11/12/2020,COU,MO,ACE,CE,Federal Contract Tower,1,6,7,0,14,0,0,42,0,42,1,6,49,0,56,78,0,78,134
11/13/2020,COU,MO,ACE,CE,Federal Contract Tower,1,8,22,1,32,0,0,27,0,27,1,8,49,1,59,34,2,36,95
11/14/2020,COU,MO,ACE,CE,Federal Contract Tower,0,11,5,0,16,0,2,1,0,3,0,13,6,0,19,0,0,0,19
11/15/2020,COU,MO,ACE,CE,Federal Contract Tower,1,8,6,0,15,0,7,11,0,18,1,15,17,0,33,0,0,0,33
11/16/2020,COU,MO,ACE,CE,Federal Contract Tower,1,19,3,2,25,0,2,18,0,20,1,21,21,2,45,44,0,44,89
11/17/2020,COU,MO,ACE,CE,Federal Contract Tower,1,6,30,4,41,0,4,29,0,33,1,10,59,4,74,40,0,40,114
11/18/2020,COU,MO,ACE,CE,Federal Contract Tower,1,9,18,0,28,0,2,19,0,21,1,11,37,0,49,10,0,10,59
11/19/2020,COU,MO,ACE,CE,Federal Contract Tower,2,6,19,0,27,0,1,13,3,17,2,7,32,3,44,18,0,18,62
11/20/2020,COU,MO,ACE,CE,Federal Contract Tower,4,8,6,0,18,0,0,18,3,21,4,8,24,3,39,72,0,72,111
11/21/2020,COU,MO,ACE,CE,Federal Contract Tower,1,8,16,0,25,0,0,1,0,1,1,8,17,0,26,0,0,0,26
11/22/2020,COU,MO,ACE,CE,Federal Contract Tower,2,8,14,0,24,0,0,4,0,4,2,8,18,0,28,16,0,16,44
11/23/2020,COU,MO,ACE,CE,Federal Contract Tower,3,13,16,0,32,0,2,26,0,28,3,15,42,0,60,18,0,18,78
11/24/2020,COU,MO,ACE,CE,Federal Contract Tower,0,10,6,0,16,0,1,6,1,8,0,11,12,1,24,4,0,4,28
11/25/2020,COU,MO,ACE,CE,Federal Contract Tower,1,11,10,0,22,0,0,0,0,0,1,11,10,0,22,0,0,0,22
11/26/2020,COU,MO,ACE,CE,Federal Contract Tower,1,2,3,0,6,0,1,10,0,11,1,3,13,0,17,0,0,0,17
11/27/2020,COU,MO,ACE,CE,Federal Contract Tower,2,11,8,0,21,0,0,43,0,43,2,11,51,0,64,26,0,26,90
11/28/2020,COU,MO,ACE,CE,Federal Contract Tower,0,10,16,2,28,0,2,46,0,48,0,12,62,2,76,6,0,6,82
11/29/2020,COU,MO,ACE,CE,Federal Contract Tower,2,7,7,0,16,0,4,22,1,27,2,11,29,1,43,4,0,4,47
11/30/2020,COU,MO,ACE,CE,Federal Contract Tower,1,18,4,1,24,0,1,19,0,20,1,19,23,1,44,10,0,10,54
12/01/2020,COU,MO,ACE,CE,Federal Contract Tower,0,11,16,0,27,0,5,23,2,30,0,16,39,2,57,0,0,0,57
12/02/2020,COU,MO,ACE,CE,Federal Contract Tower,0,8,17,2,27,0,2,15,0,17,0,10,32,2,44,0,0,0,44
12/03/2020,COU,MO,ACE,CE,Federal Contract Tower,0,7,5,0,12,0,0,2,0,2,0,7,7,0,14,42,0,42,56
12/04/2020,COU,MO,ACE,CE,Federal Contract Tower,0,6,17,1,24,0,0,16,1,17,0,6,33,2,41,0,0,0,41
12/05/2020,COU,MO,ACE,CE,Federal Contract Tower,0,8,20,14,42,0,2,26,0,28,0,10,46,14,70,12,0,12,82
12/06/2020,COU,MO,ACE,CE,Federal Contract Tower,0,11,14,0,25,0,4,22,0,26,0,15,36,0,51,10,0,10,61
12/07/2020,COU,MO,ACE,CE,Federal Contract Tower,0,20,10,0,30,0,4,15,0,19,0,24,25,0,49,10,0,10,59
12/08/2020,COU,MO,ACE,CE,Federal Contract Tower,0,10,18,1,29,0,2,19,2,23,0,12,37,3,52,19,0,19,71
12/09/2020,COU,MO,ACE,CE,Federal Contract Tower,0,11,12,0,23,0,4,34,7,45,0,15,46,7,68,10,0,10,78
12/10/2020,COU,MO,ACE,CE,Federal Contract Tower,0,9,18,0,27,0,0,35,0,35,0,9,53,0,62,0,0,0,62
12/11/2020,COU,MO,ACE,CE,Federal Contract Tower,5,24,4,0,33,0,0,0,0,0,5,24,4,0,33,0,0,0,33
12/12/2020,COU,MO,ACE,CE,Federal Contract Tower,6,14,22,0,42,0,0,0,0,0,6,14,22,0,42,0,0,0,42
12/13/2020,COU,MO,ACE,CE,Federal Contract Tower,0,7,7,0,14,0,0,3,0,3,0,7,10,0,17,12,0,12,29
12/14/2020,COU,MO,ACE,CE,Federal Contract Tower,0,14,11,0,25,0,2,35,0,37,0,16,46,0,62,6,0,6,68
12/15/2020,COU,MO,ACE,CE,Federal Contract Tower,0,13,14,0,27,0,2,27,0,29,0,15,41,0,56,38,0,38,94
12/16/2020,COU,MO,ACE,CE,Federal Contract Tower,0,4,17,0,21,0,4,27,0,31,0,8,44,0,52,126,0,126,178
12/17/2020,COU,MO,ACE,CE,Federal Contract Tower,0,10,19,0,29,0,0,19,0,19,0,10,38,0,48,14,0,14,62
12/18/2020,COU,MO,ACE,CE,Federal Contract Tower,2,8,11,0,21,0,0,12,0,12,2,8,23,0,33,36,0,36,69
12/19/2020,COU,MO,ACE,CE,Federal Contract Tower,1,12,10,0,23,0,0,1,0,1,1,12,11,0,24,0,0,0,24
12/20/2020,COU,MO,ACE,CE,Federal Contract Tower,0,14,8,0,22,0,0,24,0,24,0,14,32,0,46,30,0,30,76
12/21/2020,COU,MO,ACE,CE,Federal Contract Tower,0,15,10,0,25,0,0,14,0,14,0,15,24,0,39,0,0,0,39
12/22/2020,COU,MO,ACE,CE,Federal Contract Tower,0,8,12,0,20,0,4,28,6,38,0,12,40,6,58,4,0,4,62
12/23/2020,COU,MO,ACE,CE,Federal Contract Tower,0,11,4,0,15,0,0,6,0,6,0,11,10,0,21,10,0,10,31
12/24/2020,COU,MO,ACE,CE,Federal Contract Tower,0,4,6,0,10,0,0,2,0,2,0,4,8,0,12,0,0,0,12
12/25/2020,COU,MO,ACE,CE,Federal Contract Tower,0,2,0,0,2,0,0,2,0,2,0,2,2,0,4,0,0,0,4
12/26/2020,COU,MO,ACE,CE,Federal Contract Tower,0,12,8,0,20,0,2,27,0,29,0,14,35,0,49,60,0,60,109
12/27/2020,COU,MO,ACE,CE,Federal Contract Tower,0,10,9,0,19,0,0,4,0,4,0,10,13,0,23,26,0,26,49
12/28/2020,COU,MO,ACE,CE,Federal Contract Tower,0,15,9,0,24,0,6,15,0,21,0,21,24,0,45,74,0,74,119
12/29/2020,COU,MO,ACE,CE,Federal Contract Tower,1,7,4,0,12,0,0,2,0,2,1,7,6,0,14,16,0,16,30
12/30/2020,COU,MO,ACE,CE,Federal Contract Tower,1,10,5,0,16,0,2,14,0,16,1,12,19,0,32,18,0,18,50
12/31/2020,COU,MO,ACE,CE,Federal Contract Tower,0,8,4,0,12,0,0,13,0,13,0,8,17,0,25,6,0,6,31
01/01/2021,COU,MO,ACE,CE,Federal Contract Tower,0,4,2,0,6,0,0,0,0,0,0,4,2,0,6,0,0,0,6
01/02/2021,COU,MO,ACE,CE,Federal Contract Tower,0,10,5,0,15,0,0,0,0,0,0,10,5,0,15,0,0,0,15
01/03/2021,COU,MO,ACE,CE,Federal Contract Tower,0,5,5,0,10,0,0,0,0,0,0,5,5,0,10,0,0,0,10
01/04/2021,COU,MO,ACE,CE,Federal Contract Tower,0,17,6,0,23,0,0,0,0,0,0,17,6,0,23,0,0,0,23
01/05/2021,COU,MO,ACE,CE,Federal Contract Tower,0,4,14,0,18,0,4,27,0,31,0,8,41,0,49,16,0,16,65
01/06/2021,COU,MO,ACE,CE,Federal Contract Tower,0,8,8,0,16,0,4,19,0,23,0,12,27,0,39,56,0,56,95
01/07/2021,COU,MO,ACE,CE,Federal Contract Tower,0,7,7,0,14,0,0,0,0,0,0,7,7,0,14,0,0,0,14
01/08/2021,COU,MO,ACE,CE,Federal Contract Tower,0,7,4,0,11,0,0,10,0,10,0,7,14,0,21,22,0,22,43
01/09/2021,COU,MO,ACE,CE,Federal Contract Tower,0,6,6,0,12,0,0,5,0,5,0,6,11,0,17,12,0,12,29
01/10/2021,COU,MO,ACE,CE,Federal Contract Tower,0,12,2,0,14,0,0,4,0,4,0,12,6,0,18,24,0,24,42
01/11/2021,COU,MO,ACE,CE,Federal Contract Tower,0,8,10,0,18,0,4,18,0,22,0,12,28,0,40,44,0,44,84
01/12/2021,COU,MO,ACE,CE,Federal Contract Tower,0,4,12,0,16,0,2,29,0,31,0,6,41,0,47,36,0,36,83
01/13/2021,COU,MO,ACE,CE,Federal Contract Tower,0,5,20,0,25,0,4,25,0,29,0,9,45,0,54,14,0,14,68
01/14/2021,COU,MO,ACE,CE,Federal Contract Tower,1,7,5,0,13,0,0,3,0,3,1,7,8,0,16,0,0,0,16
01/15/2021,COU,MO,ACE,CE,Federal Contract Tower,1,5,0,0,6,0,0,0,0,0,1,5,0,0,6,0,0,0,6
01/16/2021,COU,MO,ACE,CE,Federal Contract Tower,2,13,3,0,18,0,1,0,0,1,2,14,3,0,19,0,0,0,19
01/17/2021,COU,MO,ACE,CE,Federal Contract Tower,2,14,4,0,20,0,0,0,0,0,2,14,4,0,20,0,0,0,20
01/18/2021,COU,MO,ACE,CE,Federal Contract Tower,1,15,10,0,26,0,4,21,0,25,1,19,31,0,51,10,0,10,61
01/19/2021,COU,MO,ACE,CE,Federal Contract Tower,0,6,10,2,18,0,4,18,0,22,0,10,28,2,40,6,0,6,46
01/21/2021,COU,MO,ACE,CE,Federal Contract Tower,0,7,17,0,24,0,0,25,0,25,0,7,42,0,49,0,0,0,49
01/22/2021,COU,MO,ACE,CE,Federal Contract Tower,2,12,9,0,23,0,0,13,4,17,2,12,22,4,40,12,0,12,52
01/23/2021,COU,MO,ACE,CE,Federal Contract Tower,1,9,7,2,19,0,0,24,0,24,1,9,31,2,43,0,0,0,43
01/24/2021,COU,MO,ACE,CE,Federal Contract Tower,1,13,2,0,16,0,0,0,0,0,1,13,2,0,16,0,0,0,16
01/25/2021,COU,MO,ACE,CE,Federal Contract Tower,0,21,10,0,31,0,0,0,0,0,0,21,10,0,31,0,0,0,31
01/26/2021,COU,MO,ACE,CE,Federal Contract Tower,0,4,18,0,22,0,2,1,0,3,0,6,19,0,25,0,0,0,25
01/27/2021,COU,MO,ACE,CE,Federal Contract Tower,0,6,9,0,15,0,0,0,0,0,0,6,9,0,15,0,0,0,15
01/28/2021,COU,MO,ACE,CE,Federal Contract Tower,0,12,7,0,19,0,0,8,0,8,0,12,15,0,27,6,0,6,33
01/29/2021,COU,MO,ACE,CE,Federal Contract Tower,0,9,8,0,17,0,0,15,0,15,0,9,23,0,32,0,0,0,32
01/30/2021,COU,MO,ACE,CE,Federal Contract Tower,2,6,7,0,15,0,0,0,0,0,2,6,7,0,15,0,0,0,15
01/31/2021,COU,MO,ACE,CE,Federal Contract Tower,0,7,6,0,13,0,0,0,0,0,0,7,6,0,13,0,0,0,13
02/01/2021,COU,MO,ACE,CE,Federal Contract Tower,0,15,8,0,23,0,0,1,0,1,0,15,9,0,24,0,0,0,24
02/02/2021,COU,MO,ACE,CE,Federal Contract Tower,1,4,17,0,22,0,4,24,0,28,1,8,41,0,50,14,0,14,64
02/03/2021,COU,MO,ACE,CE,Federal Contract Tower,0,6,13,0,19,0,2,25,2,29,0,8,38,2,48,14,0,14,62
02/04/2021,COU,MO,ACE,CE,Federal Contract Tower,0,11,13,0,24,0,0,2,2,4,0,11,15,2,28,0,0,0,28
02/05/2021,COU,MO,ACE,CE,Federal Contract Tower,1,10,7,0,18,0,0,6,2,8,1,10,13,2,26,0,2,2,28
02/06/2021,COU,MO,ACE,CE,Federal Contract Tower,3,8,2,0,13,0,2,3,0,5,3,10,5,0,18,2,0,2,20
02/07/2021,COU,MO,ACE,CE,Federal Contract Tower,0,8,4,0,12,0,1,2,0,3,0,9,6,0,15,0,0,0,15
02/08/2021,COU,MO,ACE,CE,Federal Contract Tower,0,13,4,0,17,0,0,0,0,0,0,13,4,0,17,0,0,0,17
02/09/2021,COU,MO,ACE,CE,Federal Contract Tower,2,12,10,0,24,0,3,10,0,13,2,15,20,0,37,0,0,0,37
02/10/2021,COU,MO,ACE,CE,Federal Contract Tower,0,10,18,0,28,0,0,1,0,1,0,10,19,0,29,0,0,0,29
02/11/2021,COU,MO,ACE,CE,Federal Contract Tower,0,7,3,2,12,0,0,2,2,4,0,7,5,4,16,0,0,0,16
02/12/2021,COU,MO,ACE,CE,Federal Contract Tower,1,13,16,0,30,0,0,8,0,8,1,13,24,0,38,0,0,0,38
02/13/2021,COU,MO,ACE,CE,Federal Contract Tower,1,8,7,0,16,0,0,1,0,1,1,8,8,0,17,0,0,0,17
02/14/2021,COU,MO,ACE,CE,Federal Contract Tower,0,1,1,0,2,0,0,0,0,0,0,1,1,0,2,0,0,0,2
02/15/2021,COU,MO,ACE,CE,Federal Contract Tower,0,1,1,0,2,0,0,0,0,0,0,1,1,0,2,0,0,0,2
02/16/2021,COU,MO,ACE,CE,Federal Contract Tower,0,8,12,0,20,0,3,1,0,4,0,11,13,0,24,0,0,0,24
02/17/2021,COU,MO,ACE,CE,Federal Contract Tower,0,8,6,0,14,0,0,0,0,0,0,8,6,0,14,0,0,0,14
02/18/2021,COU,MO,ACE,CE,Federal Contract Tower,0,7,6,0,13,0,2,6,6,14,0,9,12,6,27,0,4,4,31
02/19/2021,COU,MO,ACE,CE,Federal Contract Tower,2,10,8,0,20,0,2,13,0,15,2,12,21,0,35,0,0,0,35
02/20/2021,COU,MO,ACE,CE,Federal Contract Tower,3,9,10,0,22,0,2,32,0,34,3,11,42,0,56,38,0,38,94
02/21/2021,COU,MO,ACE,CE,Federal Contract Tower,1,10,1,0,12,0,0,0,0,0,1,10,1,0,12,0,0,0,12
02/22/2021,COU,MO,ACE,CE,Federal Contract Tower,0,22,11,0,33,0,4,24,0,28,0,26,35,0,61,18,0,18,79
02/23/2021,COU,MO,ACE,CE,Federal Contract Tower,0,4,14,0,18,0,2,29,2,33,0,6,43,2,51,28,0,28,79
02/24/2021,COU,MO,ACE,CE,Federal Contract Tower,1,7,20,2,30,0,2,29,0,31,1,9,49,2,61,8,0,8,69
02/25/2021,COU,MO,ACE,CE,Federal Contract Tower,0,9,21,0,30,0,2,28,2,32,0,11,49,2,62,0,0,0,62
02/26/2021,COU,MO,ACE,CE,Federal Contract Tower,0,14,8,0,22,0,0,18,0,18,0,14,26,0,40,0,0,0,40
02/27/2021,COU,MO,ACE,CE,Federal Contract Tower,2,10,2,0,14,0,2,27,0,29,2,12,29,0,43,14,0,14,57
02/28/2021,COU,MO,ACE,CE,Federal Contract Tower,0,11,10,2,23,0,4,14,0,18,0,15,24,2,41,6,0,6,47
03/01/2021,COU,MO,ACE,CE,Federal Contract Tower,0,20,11,0,31,0,4,33,0,37,0,24,44,0,68,10,0,10,78
03/02/2021,COU,MO,ACE,CE,Federal Contract Tower,1,9,11,0,21,0,4,20,0,24,1,13,31,0,45,12,0,12,57
03/03/2021,COU,MO,ACE,CE,Federal Contract Tower,0,6,19,0,25,0,0,31,0,31,0,6,50,0,56,28,0,28,84
03/04/2021,COU,MO,ACE,CE,Federal Contract Tower,0,11,13,0,24,0,0,20,0,20,0,11,33,0,44,20,0,20,64
03/05/2021,COU,MO,ACE,CE,Federal Contract Tower,2,10,17,0,29,0,0,19,0,19,2,10,36,0,48,34,0,34,82
03/06/2021,COU,MO,ACE,CE,Federal Contract Tower,2,6,8,0,16,0,4,29,0,33,2,10,37,0,49,10,0,10,59
03/07/2021,COU,MO,ACE,CE,Federal Contract Tower,0,7,5,0,12,0,4,27,0,31,0,11,32,0,43,18,0,18,61
03/08/2021,COU,MO,ACE,CE,Federal Contract Tower,0,15,9,0,24,0,1,29,0,30,0,16,38,0,54,24,0,24,78
03/09/2021,COU,MO,ACE,CE,Federal Contract Tower,2,5,9,0,16,0,2,13,0,15,2,7,22,0,31,0,0,0,31
03/10/2021,COU,MO,ACE,CE,Federal Contract Tower,0,7,18,0,25,0,0,8,0,8,0,7,26,0,33,0,0,0,33
03/11/2021,COU,MO,ACE,CE,Federal Contract Tower,0,8,19,0,27,0,0,9,2,11,0,8,28,2,38,8,6,14,52
03/12/2021,COU,MO,ACE,CE,Federal Contract Tower,0,8,13,4,25,0,0,2,4,6,0,8,15,8,31,0,0,0,31
03/13/2021,COU,MO,ACE,CE,Federal Contract Tower,0,12,10,0,22,0,0,2,0,2,0,12,12,0,24,0,0,0,24
03/14/2021,COU,MO,ACE,CE,Federal Contract Tower,0,7,17,0,24,0,0,0,0,0,0,7,17,0,24,0,0,0,24
03/15/2021,COU,MO,ACE,CE,Federal Contract Tower,0,13,5,0,18,0,0,0,0,0,0,13,5,0,18,0,0,0,18
03/16/2021,COU,MO,ACE,CE,Federal Contract Tower,0,7,14,0,21,0,0,0,0,0,0,7,14,0,21,0,0,0,21
03/17/2021,COU,MO,ACE,CE,Federal Contract Tower,0,6,14,0,20,0,0,0,0,0,0,6,14,0,20,0,0,0,20
03/18/2021,COU,MO,ACE,CE,Federal Contract Tower,0,14,10,0,24,0,0,0,0,0,0,14,10,0,24,0,0,0,24
03/19/2021,COU,MO,ACE,CE,Federal Contract Tower,0,13,16,0,29,0,2,16,0,18,0,15,32,0,47,0,0,0,47
03/20/2021,COU,MO,ACE,CE,Federal Contract Tower,0,11,18,0,29,0,2,43,0,45,0,13,61,0,74,60,0,60,134
03/21/2021,COU,MO,ACE,CE,Federal Contract Tower,0,7,14,18,39,0,4,32,0,36,0,11,46,18,75,0,0,0,75
03/22/2021,COU,MO,ACE,CE,Federal Contract Tower,0,18,10,0,28,0,0,9,0,9,0,18,19,0,37,28,0,28,65
03/23/2021,COU,MO,ACE,CE,Federal Contract Tower,2,5,8,0,15,0,1,5,0,6,2,6,13,0,21,0,0,0,21
03/24/2021,COU,MO,ACE,CE,Federal Contract Tower,2,15,25,19,61,0,0,8,10,18,2,15,33,29,79,0,0,0,79
03/25/2021,COU,MO,ACE,CE,Federal Contract Tower,0,11,8,0,19,0,0,0,0,0,0,11,8,0,19,0,0,0,19
03/26/2021,COU,MO,ACE,CE,Federal Contract Tower,1,11,20,18,50,0,0,20,4,24,1,11,40,22,74,12,0,12,86
03/27/2021,COU,MO,ACE,CE,Federal Contract Tower,0,19,17,0,36,0,4,16,0,20,0,23,33,0,56,12,0,12,68
03/28/2021,COU,MO,ACE,CE,Federal Contract Tower,0,6,10,2,18,0,4,11,0,15,0,10,21,2,33,0,0,0,33
03/29/2021,COU,MO,ACE,CE,Federal Contract Tower,0,21,13,0,34,0,2,13,0,15,0,23,26,0,49,0,0,0,49
03/30/2021,COU,MO,ACE,CE,Federal Contract Tower,0,9,11,2,22,0,4,20,0,24,0,13,31,2,46,16,0,16,62
03/31/2021,COU,MO,ACE,CE,Federal Contract Tower,1,11,24,3,39,0,4,20,0,24,1,15,44,3,63,0,0,0,63
04/01/2021,COU,MO,ACE,CE,Federal Contract Tower,0,10,15,1,26,0,6,23,0,29,0,16,38,1,55,10,0,10,65
04/02/2021,COU,MO,ACE,CE,Federal Contract Tower,2,7,6,0,15,0,0,25,0,25,2,7,31,0,40,8,0,8,48
04/03/2021,COU,MO,ACE,CE,Federal Contract Tower,1,14,9,0,24,0,4,27,0,31,1,18,36,0,55,4,0,4,59
04/04/2021,COU,MO,ACE,CE,Federal Contract Tower,1,10,6,0,17,0,3,10,0,13,1,13,16,0,30,8,0,8,38
04/05/2021,COU,MO,ACE,CE,Federal Contract Tower,2,13,14,0,29,0,2,22,0,24,2,15,36,0,53,38,0,38,91
04/06/2021,COU,MO,ACE,CE,Federal Contract Tower,0,8,8,0,16,0,2,22,0,24,0,10,30,0,40,0,0,0,40
04/07/2021,COU,MO,ACE,CE,Federal Contract Tower,2,8,2,0,12,0,0,0,0,0,2,8,2,0,12,0,0,0,12
04/08/2021,COU,MO,ACE,CE,Federal Contract Tower,3,12,20,0,35,0,0,0,0,0,3,12,20,0,35,0,0,0,35
04/09/2021,COU,MO,ACE,CE,Federal Contract Tower,2,5,12,2,21,0,3,50,2,55,2,8,62,4,76,42,0,42,118
04/10/2021,COU,MO,ACE,CE,Federal Contract Tower,3,4,1,0,8,0,1,0,0,1,3,5,1,0,9,0,0,0,9
04/11/2021,COU,MO,ACE,CE,Federal Contract Tower,5,4,7,0,16,0,2,28,0,30,5,6,35,0,46,48,0,48,94
04/12/2021,COU,MO,ACE,CE,Federal Contract Tower,4,14,10,0,28,0,2,27,4,33,4,16,37,4,61,48,0,48,109
04/13/2021,COU,MO,ACE,CE,Federal Contract Tower,3,7,12,0,22,0,2,40,0,42,3,9,52,0,64,32,0,32,96
04/14/2021,COU,MO,ACE,CE,Federal Contract Tower,3,19,20,0,42,0,2,38,2,42,3,21,58,2,84,64,0,64,148
04/15/2021,COU,MO,ACE,CE,Federal Contract Tower,2,4,16,7,29,0,1,37,1,39,2,5,53,8,68,14,16,30,98
04/16/2021,COU,MO,ACE,CE,Federal Contract Tower,4,8,8,0,20,0,0,14,0,14,4,8,22,0,34,12,0,12,46
04/17/2021,COU,MO,ACE,CE,Federal Contract Tower,4,2,1,0,7,0,0,10,0,10,4,2,11,0,17,12,0,12,29
04/18/2021,COU,MO,ACE,CE,Federal Contract Tower,4,4,7,0,15,0,2,33,0,35,4,6,40,0,50,56,0,56,106
04/19/2021,COU,MO,ACE,CE,Federal Contract Tower,3,17,13,0,33,0,2,34,0,36,3,19,47,0,69,14,0,14,83
04/20/2021,COU,MO,ACE,CE,Federal Contract Tower,1,8,8,0,17,0,0,0,0,0,1,8,8,0,17,0,0,0,17
04/21/2021,COU,MO,ACE,CE,Federal Contract Tower,2,9,11,0,22,0,2,25,0,27,2,11,36,0,49,28,0,28,77
04/22/2021,COU,MO,ACE,CE,Federal Contract Tower,4,7,16,0,27,0,0,22,0,22,4,7,38,0,49,0,0,0,49
04/23/2021,COU,MO,ACE,CE,Federal Contract Tower,4,8,18,1,31,0,0,19,0,19,4,8,37,1,50,0,0,0,50
04/24/2021,COU,MO,ACE,CE,Federal Contract Tower,4,2,2,0,8,0,2,3,4,9,4,4,5,4,17,0,0,0,17
04/25/2021,COU,MO,ACE,CE,Federal Contract Tower,4,9,15,0,28,0,4,24,0,28,4,13,39,0,56,0,0,0,56
04/26/2021,COU,MO,ACE,CE,Federal Contract Tower,3,15,12,0,30,0,2,9,0,11,3,17,21,0,41,0,0,0,41
04/27/2021,COU,MO,ACE,CE,Federal Contract Tower,4,5,10,0,19,0,2,10,0,12,4,7,20,0,31,0,0,0,31
04/28/2021,COU,MO,ACE,CE,Federal Contract Tower,1,5,10,2,18,0,2,7,0,9,1,7,17,2,27,12,0,12,39
04/29/2021,COU,MO,ACE,CE,Federal Contract Tower,4,9,13,0,26,0,0,8,0,8,4,9,21,0,34,6,0,6,40
04/30/2021,COU,MO,ACE,CE,Federal Contract Tower,4,4,9,0,17,0,0,20,0,20,4,4,29,0,37,18,0,18,55
05/01/2021,COU,MO,ACE,CE,Federal Contract Tower,4,7,3,0,14,0,0,15,0,15,4,7,18,0,29,8,0,8,37
05/02/2021,COU,MO,ACE,CE,Federal Contract Tower,3,6,8,0,17,0,0,6,0,6,3,6,14,0,23,8,0,8,31
05/03/2021,COU,MO,ACE,CE,Federal Contract Tower,4,12,13,0,29,0,4,13,0,17,4,16,26,0,46,16,0,16,62
05/04/2021,COU,MO,ACE,CE,Federal Contract Tower,3,5,18,0,26,0,2,7,0,9,3,7,25,0,35,8,0,8,43
05/05/2021,COU,MO,ACE,CE,Federal Contract Tower,4,8,27,0,39,0,2,34,0,36,4,10,61,0,75,26,0,26,101
05/06/2021,COU,MO,ACE,CE,Federal Contract Tower,7,7,18,0,32,0,0,27,0,27,7,7,45,0,59,4,0,4,63
05/07/2021,COU,MO,ACE,CE,Federal Contract Tower,7,8,16,0,31,0,0,15,0,15,7,8,31,0,46,12,0,12,58
05/08/2021,COU,MO,ACE,CE,Federal Contract Tower,5,4,5,0,14,0,0,4,0,4,5,4,9,0,18,0,0,0,18
05/09/2021,COU,MO,ACE,CE,Federal Contract Tower,6,3,7,0,16,0,0,4,0,4,6,3,11,0,20,0,0,0,20
05/10/2021,COU,MO,ACE,CE,Federal Contract Tower,7,14,22,0,43,0,4,23,0,27,7,18,45,0,70,22,0,22,92
05/11/2021,COU,MO,ACE,CE,Federal Contract Tower,3,9,24,0,36,0,4,17,0,21,3,13,41,0,57,6,0,6,63
05/12/2021,COU,MO,ACE,CE,Federal Contract Tower,4,7,24,0,35,0,2,27,0,29,4,9,51,0,64,12,0,12,76
05/13/2021,COU,MO,ACE,CE,Federal Contract Tower,7,6,12,0,25,0,0,27,0,27,7,6,39,0,52,42,0,42,94
05/14/2021,COU,MO,ACE,CE,Federal Contract Tower,7,9,19,0,35,0,14,25,1,40,7,23,44,1,75,14,0,14,89
05/15/2021,COU,MO,ACE,CE,Federal Contract Tower,5,5,10,0,20,0,2,9,0,11,5,7,19,0,31,34,0,34,65
05/16/2021,COU,MO,ACE,CE,Federal Contract Tower,6,5,14,0,25,0,2,6,0,8,6,7,20,0,33,8,0,8,41
05/17/2021,COU,MO,ACE,CE,Federal Contract Tower,5,16,14,0,35,0,0,0,0,0,5,16,14,0,35,0,0,0,35
05/18/2021,COU,MO,ACE,CE,Federal Contract Tower,5,12,25,0,42,0,1,5,2,8,5,13,30,2,50,0,0,0,50
05/19/2021,COU,MO,ACE,CE,Federal Contract Tower,5,7,18,0,30,0,0,7,0,7,5,7,25,0,37,8,0,8,45
05/20/2021,COU,MO,ACE,CE,Federal Contract Tower,7,6,18,0,31,0,0,12,0,12,7,6,30,0,43,10,0,10,53
05/21/2021,COU,MO,ACE,CE,Federal Contract Tower,7,6,14,0,27,0,0,11,0,11,7,6,25,0,38,68,0,68,106
05/22/2021,COU,MO,ACE,CE,Federal Contract Tower,5,13,9,0,27,0,2,5,0,7,5,15,14,0,34,16,0,16,50
05/23/2021,COU,MO,ACE,CE,Federal Contract Tower,6,5,10,0,21,0,2,21,0,23,6,7,31,0,44,24,0,24,68
05/24/2021,COU,MO,ACE,CE,Federal Contract Tower,7,16,20,0,43,0,2,30,0,32,7,18,50,0,75,60,0,60,135
05/25/2021,COU,MO,ACE,CE,Federal Contract Tower,4,8,14,0,26,0,0,7,0,7,4,8,21,0,33,0,0,0,33
05/26/2021,COU,MO,ACE,CE,Federal Contract Tower,4,2,18,1,25,0,2,17,0,19,4,4,35,1,44,20,0,20,64
05/27/2021,COU,MO,ACE,CE,Federal Contract Tower,7,3,12,0,22,0,0,3,0,3,7,3,15,0,25,0,0,0,25
05/28/2021,COU,MO,ACE,CE,Federal Contract Tower,7,2,13,0,22,0,0,1,0,1,7,2,14,0,23,0,0,0,23
05/29/2021,COU,MO,ACE,CE,Federal Contract Tower,6,11,13,0,30,0,4,25,0,29,6,15,38,0,59,6,0,6,65
05/30/2021,COU,MO,ACE,CE,Federal Contract Tower,8,8,5,0,21,0,6,23,0,29,8,14,28,0,50,20,0,20,70
05/31/2021,COU,MO,ACE,CE,Federal Contract Tower,6,20,6,0,32,0,0,10,0,10,6,20,16,0,42,0,0,0,42
06/01/2021,COU,MO,ACE,CE,Federal Contract Tower,5,6,18,0,29,0,2,21,0,23,5,8,39,0,52,0,0,0,52
06/02/2021,COU,MO,ACE,CE,Federal Contract Tower,6,6,22,0,34,0,2,19,0,21,6,8,41,0,55,26,0,26,81
06/03/2021,COU,MO,ACE,CE,Federal Contract Tower,7,5,12,0,24,0,0,16,0,16,7,5,28,0,40,26,0,26,66
06/04/2021,COU,MO,ACE,CE,Federal Contract Tower,8,4,14,0,26,0,1,29,0,30,8,5,43,0,56,40,0,40,96
06/05/2021,COU,MO,ACE,CE,Federal Contract Tower,7,5,9,0,21,0,0,30,0,30,7,5,39,0,51,28,0,28,79
06/06/2021,COU,MO,ACE,CE,Federal Contract Tower,8,7,17,0,32,0,0,5,0,5,8,7,22,0,37,38,0,38,75
06/07/2021,COU,MO,ACE,CE,Federal Contract Tower,6,9,11,0,26,0,0,7,0,7,6,9,18,0,33,4,0,4,37
06/08/2021,COU,MO,ACE,CE,Federal Contract Tower,8,4,13,4,29,0,0,10,0,10,8,4,23,4,39,28,0,28,67
06/09/2021,COU,MO,ACE,CE,Federal Contract Tower,8,9,24,0,41,0,0,23,0,23,8,9,47,0,64,16,0,16,80
06/10/2021,COU,MO,ACE,CE,Federal Contract Tower,8,5,18,0,31,0,0,18,0,18,8,5,36,0,49,38,0,38,87
06/11/2021,COU,MO,ACE,CE,Federal Contract Tower,8,14,10,0,32,0,0,24,0,24,8,14,34,0,56,30,0,30,86
06/12/2021,COU,MO,ACE,CE,Federal Contract Tower,6,2,6,0,14,0,6,41,0,47,6,8,47,0,61,16,0,16,77
06/13/2021,COU,MO,ACE,CE,Federal Contract Tower,9,13,6,0,28,0,2,46,0,48,9,15,52,0,76,48,0,48,124
06/14/2021,COU,MO,ACE,CE,Federal Contract Tower,9,15,16,0,40,0,2,37,0,39,9,17,53,0,79,28,0,28,107
06/15/2021,COU,MO,ACE,CE,Federal Contract Tower,8,3,17,0,28,0,4,40,0,44,8,7,57,0,72,28,0,28,100
06/16/2021,COU,MO,ACE,CE,Federal Contract Tower,8,3,8,0,19,0,4,37,0,41,8,7,45,0,60,38,0,38,98
06/17/2021,COU,MO,ACE,CE,Federal Contract Tower,10,8,9,0,27,0,0,16,0,16,10,8,25,0,43,48,0,48,91
06/18/2021,COU,MO,ACE,CE,Federal Contract Tower,7,7,19,0,33,0,2,23,0,25,7,9,42,0,58,0,0,0,58
06/19/2021,COU,MO,ACE,CE,Federal Contract Tower,9,3,8,0,20,0,4,39,0,43,9,7,47,0,63,6,0,6,69
06/20/2021,COU,MO,ACE,CE,Federal Contract Tower,11,2,12,0,25,0,6,15,0,21,11,8,27,0,46,24,0,24,70
06/21/2021,COU,MO,ACE,CE,Federal Contract Tower,9,12,15,2,38,0,2,27,2,31,9,14,42,4,69,16,0,16,85
06/22/2021,COU,MO,ACE,CE,Federal Contract Tower,8,2,13,0,23,0,4,28,0,32,8,6,41,0,55,46,0,46,101
06/23/2021,COU,MO,ACE,CE,Federal Contract Tower,8,4,24,0,36,0,4,30,0,34,8,8,54,0,70,12,0,12,82
06/24/2021,COU,MO,ACE,CE,Federal Contract Tower,6,5,8,0,19,0,0,9,0,9,6,5,17,0,28,0,0,0,28
06/25/2021,COU,MO,ACE,CE,Federal Contract Tower,4,8,15,1,28,0,2,20,0,22,4,10,35,1,50,0,0,0,50
06/26/2021,COU,MO,ACE,CE,Federal Contract Tower,10,5,9,0,24,0,0,4,0,4,10,5,13,0,28,0,0,0,28
06/27/2021,COU,MO,ACE,CE,Federal Contract Tower,4,11,16,0,31,0,0,2,0,2,4,11,18,0,33,0,0,0,33
06/28/2021,COU,MO,ACE,CE,Federal Contract Tower,6,10,13,1,30,0,0,7,0,7,6,10,20,1,37,56,0,56,93
06/29/2021,COU,MO,ACE,CE,Federal Contract Tower,6,4,9,0,19,0,0,10,2,12,6,4,19,2,31,18,0,18,49
06/30/2021,COU,MO,ACE,CE,Federal Contract Tower,8,9,16,0,33,0,0,9,0,9,8,9,25,0,42,0,0,0,42
07/01/2021,COU,MO,ACE,CE,Federal Contract Tower,6,10,6,0,22,0,0,10,0,10,6,10,16,0,32,8,0,8,40
07/02/2021,COU,MO,ACE,CE,Federal Contract Tower,4,6,16,0,26,0,7,34,0,41,4,13,50,0,67,14,0,14,81
07/03/2021,COU,MO,ACE,CE,Federal Contract Tower,10,9,7,0,26,0,6,24,0,30,10,15,31,0,56,8,0,8,64
07/04/2021,COU,MO,ACE,CE,Federal Contract Tower,5,5,4,0,14,0,4,20,0,24,5,9,24,0,38,54,0,54,92
07/05/2021,COU,MO,ACE,CE,Federal Contract Tower,9,24,14,0,47,0,4,33,0,37,9,28,47,0,84,38,0,38,122
07/06/2021,COU,MO,ACE,CE,Federal Contract Tower,9,6,16,0,31,0,4,28,0,32,9,10,44,0,63,32,0,32,95
07/07/2021,COU,MO,ACE,CE,Federal Contract Tower,8,10,5,0,23,0,4,24,2,30,8,14,29,2,53,32,4,36,89
07/08/2021,COU,MO,ACE,CE,Federal Contract Tower,6,11,21,0,38,0,0,13,0,13,6,11,34,0,51,8,0,8,59
07/09/2021,COU,MO,ACE,CE,Federal Contract Tower,7,14,8,5,34,0,0,25,0,25,7,14,33,5,59,20,0,20,79
07/10/2021,COU,MO,ACE,CE,Federal Contract Tower,9,5,6,0,20,0,1,0,0,1,9,6,6,0,21,0,0,0,21
07/11/2021,COU,MO,ACE,CE,Federal Contract Tower,8,10,15,0,33,0,1,1,0,2,8,11,16,0,35,0,0,0,35
07/12/2021,COU,MO,ACE,CE,Federal Contract Tower,7,20,11,0,38,0,0,0,0,0,7,20,11,0,38,0,0,0,38
07/13/2021,COU,MO,ACE,CE,Federal Contract Tower,7,5,4,0,16,0,4,31,0,35,7,9,35,0,51,22,0,22,73
07/14/2021,COU,MO,ACE,CE,Federal Contract Tower,9,7,15,0,31,0,2,20,0,22,9,9,35,0,53,0,0,0,53
07/15/2021,COU,MO,ACE,CE,Federal Contract Tower,6,10,8,0,24,0,0,15,0,15,6,10,23,0,39,28,0,28,67
07/16/2021,COU,MO,ACE,CE,Federal Contract Tower,5,8,10,0,23,0,0,12,0,12,5,8,22,0,35,38,0,38,73
07/17/2021,COU,MO,ACE,CE,Federal Contract Tower,7,8,15,0,30,0,0,6,0,6,7,8,21,0,36,0,0,0,36
07/18/2021,COU,MO,ACE,CE,Federal Contract Tower,7,9,14,0,30,0,2,25,0,27,7,11,39,0,57,6,0,6,63
07/19/2021,COU,MO,ACE,CE,Federal Contract Tower,7,17,18,0,42,0,2,26,0,28,7,19,44,0,70,24,0,24,94
07/20/2021,COU,MO,ACE,CE,Federal Contract Tower,9,7,12,0,28,0,4,24,0,28,9,11,36,0,56,14,0,14,70
07/21/2021,COU,MO,ACE,CE,Federal Contract Tower,11,5,9,0,25,0,6,34,0,40,11,11,43,0,65,22,0,22,87
07/22/2021,COU,MO,ACE,CE,Federal Contract Tower,7,8,28,0,43,0,0,13,0,13,7,8,41,0,56,0,0,0,56
07/23/2021,COU,MO,ACE,CE,Federal Contract Tower,7,13,19,0,39,0,0,20,2,22,7,13,39,2,61,62,0,62,123
07/24/2021,COU,MO,ACE,CE,Federal Contract Tower,7,2,25,0,34,0,6,11,0,17,7,8,36,0,51,0,0,0,51
07/25/2021,COU,MO,ACE,CE,Federal Contract Tower,8,8,18,0,34,0,4,18,2,24,8,12,36,2,58,0,0,0,58
07/26/2021,COU,MO,ACE,CE,Federal Contract Tower,5,22,16,0,43,0,2,21,0,23,5,24,37,0,66,32,0,32,98
07/27/2021,COU,MO,ACE,CE,Federal Contract Tower,9,8,15,0,32,0,4,30,0,34,9,12,45,0,66,8,0,8,74
07/28/2021,COU,MO,ACE,CE,Federal Contract Tower,7,14,8,0,29,0,3,31,0,34,7,17,39,0,63,42,0,42,105
07/29/2021,COU,MO,ACE,CE,Federal Contract Tower,7,8,16,0,31,0,1,25,0,26,7,9,41,0,57,0,0,0,57
07/30/2021,COU,MO,ACE,CE,Federal Contract Tower,8,6,16,2,32,0,0,17,2,19,8,6,33,4,51,12,6,18,69
07/31/2021,COU,MO,ACE,CE,Federal Contract Tower,7,9,14,0,30,0,0,3,0,3,7,9,17,0,33,0,0,0,33
08/01/2021,COU,MO,ACE,CE,Federal Contract Tower,7,13,19,0,39,0,4,21,0,25,7,17,40,0,64,12,0,12,76
08/02/2021,COU,MO,ACE,CE,Federal Contract Tower,7,18,10,0,35,0,4,21,8,33,7,22,31,8,68,50,0,50,118
08/03/2021,COU,MO,ACE,CE,Federal Contract Tower,7,9,11,1,28,0,4,30,0,34,7,13,41,1,62,24,0,24,86
08/04/2021,COU,MO,ACE,CE,Federal Contract Tower,7,9,10,0,26,0,6,40,0,46,7,15,50,0,72,40,0,40,112
08/05/2021,COU,MO,ACE,CE,Federal Contract Tower,6,5,8,0,19,0,0,11,0,11,6,5,19,0,30,8,0,8,38
08/06/2021,COU,MO,ACE,CE,Federal Contract Tower,8,8,12,0,28,0,0,31,0,31,8,8,43,0,59,72,0,72,131
08/07/2021,COU,MO,ACE,CE,Federal Contract Tower,6,6,7,0,19,0,4,20,0,24,6,10,27,0,43,26,0,26,69
08/08/2021,COU,MO,ACE,CE,Federal Contract Tower,2,10,16,0,28,0,4,9,2,15,2,14,25,2,43,0,0,0,43
08/09/2021,COU,MO,ACE,CE,Federal Contract Tower,5,13,11,0,29,0,2,15,2,19,5,15,26,2,48,10,0,10,58
08/10/2021,COU,MO,ACE,CE,Federal Contract Tower,5,13,15,0,33,0,2,12,0,14,5,15,27,0,47,0,0,0,47
08/11/2021,COU,MO,ACE,CE,Federal Contract Tower,7,10,14,0,31,0,2,19,0,21,7,12,33,0,52,0,0,0,52
08/12/2021,COU,MO,ACE,CE,Federal Contract Tower,3,6,17,0,26,0,0,16,0,16,3,6,33,0,42,0,0,0,42
08/13/2021,COU,MO,ACE,CE,Federal Contract Tower,5,5,11,0,21,0,0,11,0,11,5,5,22,0,32,12,0,12,44
08/14/2021,COU,MO,ACE,CE,Federal Contract Tower,6,2,6,6,20,0,0,26,2,28,6,2,32,8,48,6,0,6,54
08/15/2021,COU,MO,ACE,CE,Federal Contract Tower,6,6,18,0,30,0,0,15,0,15,6,6,33,0,45,16,0,16,61
08/16/2021,COU,MO,ACE,CE,Federal Contract Tower,7,16,9,0,32,0,2,32,0,34,7,18,41,0,66,24,0,24,90
08/17/2021,COU,MO,ACE,CE,Federal Contract Tower,8,4,17,0,29,0,2,13,2,17,8,6,30,2,46,18,0,18,64
08/18/2021,COU,MO,ACE,CE,Federal Contract Tower,8,4,9,0,21,0,0,24,0,24,8,4,33,0,45,54,0,54,99
08/19/2021,COU,MO,ACE,CE,Federal Contract Tower,8,9,28,0,45,0,0,15,0,15,8,9,43,0,60,18,0,18,78
08/20/2021,COU,MO,ACE,CE,Federal Contract Tower,6,3,4,0,13,0,2,26,0,28,6,5,30,0,41,4,0,4,45
08/21/2021,COU,MO,ACE,CE,Federal Contract Tower,6,7,3,1,17,0,4,15,0,19,6,11,18,1,36,54,0,54,90
08/22/2021,COU,MO,ACE,CE,Federal Contract Tower,7,11,4,0,22,0,2,16,0,18,7,13,20,0,40,48,0,48,88
08/23/2021,COU,MO,ACE,CE,Federal Contract Tower,8,16,7,0,31,0,4,28,0,32,8,20,35,0,63,18,0,18,81
08/24/2021,COU,MO,ACE,CE,Federal Contract Tower,6,21,15,0,42,0,4,24,0,28,6,25,39,0,70,22,0,22,92
08/25/2021,COU,MO,ACE,CE,Federal Contract Tower,7,9,8,0,24,0,6,28,0,34,7,15,36,0,58,12,0,12,70
08/26/2021,COU,MO,ACE,CE,Federal Contract Tower,6,9,15,0,30,0,4,16,0,20,6,13,31,0,50,0,0,0,50
08/27/2021,COU,MO,ACE,CE,Federal Contract Tower,8,7,18,0,33,0,0,21,0,21,8,7,39,0,54,14,0,14,68
08/28/2021,COU,MO,ACE,CE,Federal Contract Tower,6,6,8,0,20,0,2,32,2,36,6,8,40,2,56,14,0,14,70
08/29/2021,COU,MO,ACE,CE,Federal Contract Tower,5,5,3,0,13,0,4,14,0,18,5,9,17,0,31,20,0,20,51
08/30/2021,COU,MO,ACE,CE,Federal Contract Tower,4,14,17,0,35,0,4,13,0,17,4,18,30,0,52,0,0,0,52
08/31/2021,COU,MO,ACE,CE,Federal Contract Tower,4,12,13,0,29,0,0,0,0,0,4,12,13,0,29,0,0,0,29
09/01/2021,COU,MO,ACE,CE,Federal Contract Tower,8,4,11,0,23,0,4,24,0,28,8,8,35,0,51,12,0,12,63
09/02/2021,COU,MO,ACE,CE,Federal Contract Tower,7,24,16,0,47,0,2,8,0,10,7,26,24,0,57,0,14,14,71
09/03/2021,COU,MO,ACE,CE,Federal Contract Tower,5,11,18,0,34,0,0,9,0,9,5,11,27,0,43,28,0,28,71
09/04/2021,COU,MO,ACE,CE,Federal Contract Tower,2,6,4,0,12,0,0,0,0,0,2,6,4,0,12,0,0,0,12
09/05/2021,COU,MO,ACE,CE,Federal Contract Tower,4,12,3,0,19,0,4,13,0,17,4,16,16,0,36,22,0,22,58
09/06/2021,COU,MO,ACE,CE,Federal Contract Tower,4,15,9,0,28,0,2,38,0,40,4,17,47,0,68,52,0,52,120
09/07/2021,COU,MO,ACE,CE,Federal Contract Tower,8,9,21,0,38,0,4,21,2,27,8,13,42,2,65,12,0,12,77
09/08/2021,COU,MO,ACE,CE,Federal Contract Tower,9,3,12,0,24,0,2,14,0,16,9,5,26,0,40,36,0,36,76
09/09/2021,COU,MO,ACE,CE,Federal Contract Tower,10,10,9,0,29,0,0,12,0,12,10,10,21,0,41,0,0,0,41
09/10/2021,COU,MO,ACE,CE,Federal Contract Tower,9,7,11,0,27,0,0,21,0,21,9,7,32,0,48,12,0,12,60
09/11/2021,COU,MO,ACE,CE,Federal Contract Tower,5,7,16,0,28,0,4,40,0,44,5,11,56,0,72,30,0,30,102
09/12/2021,COU,MO,ACE,CE,Federal Contract Tower,8,3,10,0,21,0,4,31,0,35,8,7,41,0,56,6,0,6,62
09/13/2021,COU,MO,ACE,CE,Federal Contract Tower,6,15,11,0,32,0,4,18,0,22,6,19,29,0,54,10,0,10,64
09/14/2021,COU,MO,ACE,CE,Federal Contract Tower,3,7,12,0,22,0,4,24,0,28,3,11,36,0,50,14,0,14,64
09/15/2021,COU,MO,ACE,CE,Federal Contract Tower,8,11,19,0,38,0,2,36,0,38,8,13,55,0,76,30,0,30,106
09/16/2021,COU,MO,ACE,CE,Federal Contract Tower,7,5,17,0,29,0,2,25,0,27,7,7,42,0,56,36,0,36,92
09/17/2021,COU,MO,ACE,CE,Federal Contract Tower,7,11,31,0,49,0,0,31,0,31,7,11,62,0,80,0,0,0,80
09/18/2021,COU,MO,ACE,CE,Federal Contract Tower,6,10,18,0,34,0,6,36,0,42,6,16,54,0,76,22,0,22,98
09/19/2021,COU,MO,ACE,CE,Federal Contract Tower,7,11,26,0,44,0,4,30,0,34,7,15,56,0,78,12,0,12,90
09/20/2021,COU,MO,ACE,CE,Federal Contract Tower,6,14,20,0,40,0,4,15,0,19,6,18,35,0,59,20,0,20,79
09/21/2021,COU,MO,ACE,CE,Federal Contract Tower,6,13,22,0,41,0,4,8,0,12,6,17,30,0,53,16,0,16,69
09/22/2021,COU,MO,ACE,CE,Federal Contract Tower,8,8,15,0,31,0,4,19,0,23,8,12,34,0,54,32,0,32,86
09/23/2021,COU,MO,ACE,CE,Federal Contract Tower,10,9,18,0,37,0,0,20,0,20,10,9,38,0,57,8,0,8,65
09/24/2021,COU,MO,ACE,CE,Federal Contract Tower,6,6,13,0,25,0,2,13,0,15,6,8,26,0,40,0,0,0,40
09/25/2021,COU,MO,ACE,CE,Federal Contract Tower,9,13,7,0,29,0,4,32,0,36,9,17,39,0,65,20,0,20,85
09/26/2021,COU,MO,ACE,CE,Federal Contract Tower,8,15,18,0,41,0,2,29,0,31,8,17,47,0,72,0,0,0,72
09/27/2021,COU,MO,ACE,CE,Federal Contract Tower,6,14,14,0,34,0,2,28,0,30,6,16,42,0,64,18,0,18,82
09/28/2021,COU,MO,ACE,CE,Federal Contract Tower,4,6,13,0,23,0,4,22,0,26,4,10,35,0,49,18,0,18,67
09/29/2021,COU,MO,ACE,CE,Federal Contract Tower,10,8,9,0,27,0,2,19,0,21,10,10,28,0,48,8,4,12,60
09/30/2021,COU,MO,ACE,CE,Federal Contract Tower,5,8,12,0,25,0,3,7,0,10,5,11,19,0,35,36,0,36,71
10/01/2021,COU,MO,ACE,CE,Federal Contract Tower,7,9,24,0,40,0,0,2,0,2,7,9,26,0,42,0,0,0,42
10/02/2021,COU,MO,ACE,CE,Federal Contract Tower,1,8,15,0,24,0,0,3,0,3,1,8,18,0,27,0,0,0,27
10/03/2021,COU,MO,ACE,CE,Federal Contract Tower,10,4,24,0,38,0,4,0,0,4,10,8,24,0,42,0,0,0,42
10/04/2021,COU,MO,ACE,CE,Federal Contract Tower,12,19,23,0,54,0,2,34,0,36,12,21,57,0,90,22,0,22,112
10/05/2021,COU,MO,ACE,CE,Federal Contract Tower,4,15,15,0,34,0,2,8,0,10,4,17,23,0,44,0,0,0,44
10/06/2021,COU,MO,ACE,CE,Federal Contract Tower,6,29,19,2,56,0,0,1,0,1,6,29,20,2,57,0,0,0,57
10/07/2021,COU,MO,ACE,CE,Federal Contract Tower,9,16,19,0,44,0,0,12,0,12,9,16,31,0,56,20,0,20,76
10/08/2021,COU,MO,ACE,CE,Federal Contract Tower,7,4,21,2,34,0,0,29,8,37,7,4,50,10,71,6,0,6,77
10/09/2021,COU,MO,ACE,CE,Federal Contract Tower,5,2,13,4,24,0,2,35,4,41,5,4,48,8,65,32,0,32,97
10/10/2021,COU,MO,ACE,CE,Federal Contract Tower,8,9,21,0,38,0,4,22,0,26,8,13,43,0,64,50,0,50,114
10/11/2021,COU,MO,ACE,CE,Federal Contract Tower,2,10,11,0,23,0,0,0,0,0,2,10,11,0,23,0,0,0,23
10/12/2021,COU,MO,ACE,CE,Federal Contract Tower,6,5,10,0,21,0,4,32,0,36,6,9,42,0,57,24,0,24,81
10/13/2021,COU,MO,ACE,CE,Federal Contract Tower,3,8,11,0,22,0,0,11,0,11,3,8,22,0,33,12,0,12,45
10/14/2021,COU,MO,ACE,CE,Federal Contract Tower,7,10,18,0,35,0,1,11,0,12,7,11,29,0,47,22,0,22,69
10/15/2021,COU,MO,ACE,CE,Federal Contract Tower,4,18,28,0,50,0,0,10,0,10,4,18,38,0,60,0,0,0,60
10/16/2021,COU,MO,ACE,CE,Federal Contract Tower,13,8,14,0,35,0,2,30,0,32,13,10,44,0,67,54,0,54,121
10/17/2021,COU,MO,ACE,CE,Federal Contract Tower,7,16,26,0,49,0,1,36,0,37,7,17,62,0,86,36,0,36,122
10/18/2021,COU,MO,ACE,CE,Federal Contract Tower,4,16,9,0,29,0,2,18,0,20,4,18,27,0,49,2,0,2,51
10/19/2021,COU,MO,ACE,CE,Federal Contract Tower,7,6,15,2,30,0,0,19,0,19,7,6,34,2,49,36,0,36,85
10/20/2021,COU,MO,ACE,CE,Federal Contract Tower,11,7,18,0,36,0,25,0,0,25,11,32,18,0,61,8,0,8,69
10/21/2021,COU,MO,ACE,CE,Federal Contract Tower,3,13,14,0,30,0,0,22,0,22,3,13,36,0,52,44,0,44,96
10/22/2021,COU,MO,ACE,CE,Federal Contract Tower,2,5,16,0,23,0,0,12,0,12,2,5,28,0,35,0,0,0,35
10/23/2021,COU,MO,ACE,CE,Federal Contract Tower,3,8,4,0,15,0,0,1,0,1,3,8,5,0,16,0,0,0,16
10/24/2021,COU,MO,ACE,CE,Federal Contract Tower,3,14,7,0,24,0,0,0,0,0,3,14,7,0,24,0,0,0,24
10/25/2021,COU,MO,ACE,CE,Federal Contract Tower,2,19,15,0,36,0,0,1,0,1,2,19,16,0,37,0,0,0,37
10/26/2021,COU,MO,ACE,CE,Federal Contract Tower,8,9,18,0,35,0,2,28,0,30,8,11,46,0,65,18,0,18,83
10/27/2021,COU,MO,ACE,CE,Federal Contract Tower,8,7,16,0,31,0,0,21,0,21,8,7,37,0,52,10,0,10,62
10/28/2021,COU,MO,ACE,CE,Federal Contract Tower,3,13,9,0,25,0,0,0,0,0,3,13,9,0,25,0,0,0,25
10/29/2021,COU,MO,ACE,CE,Federal Contract Tower,11,7,26,0,44,0,0,0,0,0,11,7,26,0,44,0,0,0,44
10/30/2021,COU,MO,ACE,CE,Federal Contract Tower,6,6,8,0,20,0,4,28,0,32,6,10,36,0,52,0,0,0,52
10/31/2021,COU,MO,ACE,CE,Federal Contract Tower,8,6,8,0,22,0,4,20,0,24,8,10,28,0,46,4,0,4,50
11/01/2021,COU,MO,ACE,CE,Federal Contract Tower,7,12,22,0,41,0,0,10,0,10,7,12,32,0,51,4,0,4,55
11/02/2021,COU,MO,ACE,CE,Federal Contract Tower,4,11,12,0,27,0,4,25,0,29,4,15,37,0,56,16,0,16,72
11/03/2021,COU,MO,ACE,CE,Federal Contract Tower,6,6,10,0,22,0,4,27,4,35,6,10,37,4,57,18,0,18,75
11/04/2021,COU,MO,ACE,CE,Federal Contract Tower,6,6,20,0,32,0,0,13,0,13,6,6,33,0,45,0,0,0,45
11/05/2021,COU,MO,ACE,CE,Federal Contract Tower,10,10,21,0,41,0,0,22,2,24,10,10,43,2,65,46,0,46,111
11/06/2021,COU,MO,ACE,CE,Federal Contract Tower,9,6,8,0,23,0,2,18,0,20,9,8,26,0,43,40,0,40,83
11/07/2021,COU,MO,ACE,CE,Federal Contract Tower,7,9,28,0,44,0,4,27,0,31,7,13,55,0,75,20,0,20,95
11/08/2021,COU,MO,ACE,CE,Federal Contract Tower,4,16,11,0,31,0,4,19,0,23,4,20,30,0,54,14,0,14,68
11/09/2021,COU,MO,ACE,CE,Federal Contract Tower,6,12,5,0,23,0,3,5,0,8,6,15,10,0,31,0,0,0,31
11/10/2021,COU,MO,ACE,CE,Federal Contract Tower,7,11,15,0,33,0,0,2,0,2,7,11,17,0,35,0,0,0,35
11/11/2021,COU,MO,ACE,CE,Federal Contract Tower,6,7,17,0,30,0,0,12,0,12,6,7,29,0,42,6,0,6,48
11/12/2021,COU,MO,ACE,CE,Federal Contract Tower,6,17,17,0,40,0,0,2,0,2,6,17,19,0,42,0,0,0,42
11/13/2021,COU,MO,ACE,CE,Federal Contract Tower,5,20,12,0,37,0,4,15,0,19,5,24,27,0,56,6,0,6,62
11/14/2021,COU,MO,ACE,CE,Federal Contract Tower,6,8,11,0,25,0,4,11,0,15,6,12,22,0,40,4,0,4,44
11/15/2021,COU,MO,ACE,CE,Federal Contract Tower,5,22,14,0,41,0,4,22,0,26,5,26,36,0,67,16,0,16,83
11/16/2021,COU,MO,ACE,CE,Federal Contract Tower,4,10,16,0,30,0,4,12,1,17,4,14,28,1,47,0,0,0,47
11/17/2021,COU,MO,ACE,CE,Federal Contract Tower,6,9,15,0,30,0,4,14,3,21,6,13,29,3,51,4,0,4,55
11/18/2021,COU,MO,ACE,CE,Federal Contract Tower,6,13,25,0,44,0,0,14,0,14,6,13,39,0,58,24,0,24,82
11/19/2021,COU,MO,ACE,CE,Federal Contract Tower,6,7,19,2,34,0,0,25,0,25,6,7,44,2,59,40,0,40,99
11/20/2021,COU,MO,ACE,CE,Federal Contract Tower,8,11,9,0,28,0,6,25,0,31,8,17,34,0,59,42,0,42,101
11/21/2021,COU,MO,ACE,CE,Federal Contract Tower,4,11,18,0,33,0,6,26,0,32,4,17,44,0,65,36,0,36,101
11/22/2021,COU,MO,ACE,CE,Federal Contract Tower,5,14,13,0,32,0,4,28,0,32,5,18,41,0,64,18,0,18,82
11/23/2021,COU,MO,ACE,CE,Federal Contract Tower,6,6,12,0,24,0,4,21,0,25,6,10,33,0,49,0,0,0,49
11/24/2021,COU,MO,ACE,CE,Federal Contract Tower,6,10,14,0,30,0,4,13,0,17,6,14,27,0,47,0,0,0,47
11/25/2021,COU,MO,ACE,CE,Federal Contract Tower,9,7,2,0,18,0,0,0,0,0,9,7,2,0,18,0,0,0,18
11/26/2021,COU,MO,ACE,CE,Federal Contract Tower,4,3,18,0,25,0,0,6,0,6,4,3,24,0,31,0,0,0,31
11/27/2021,COU,MO,ACE,CE,Federal Contract Tower,6,10,10,0,26,0,4,13,0,17,6,14,23,0,43,0,0,0,43
11/28/2021,COU,MO,ACE,CE,Federal Contract Tower,8,12,18,0,38,0,6,29,0,35,8,18,47,0,73,26,0,26,99
11/29/2021,COU,MO,ACE,CE,Federal Contract Tower,6,21,12,0,39,0,2,10,0,12,6,23,22,0,51,0,0,0,51
11/30/2021,COU,MO,ACE,CE,Federal Contract Tower,5,8,8,0,21,0,0,16,0,16,5,8,24,0,37,0,0,0,37
12/01/2021,COU,MO,ACE,CE,Federal Contract Tower,6,5,16,0,27,0,3,32,0,35,6,8,48,0,62,0,0,0,62
12/02/2021,COU,MO,ACE,CE,Federal Contract Tower,7,3,17,0,27,0,0,22,0,22,7,3,39,0,49,32,0,32,81
12/03/2021,COU,MO,ACE,CE,Federal Contract Tower,8,5,23,0,36,0,0,27,0,27,8,5,50,0,63,34,0,34,97
12/04/2021,COU,MO,ACE,CE,Federal Contract Tower,6,3,7,0,16,0,1,16,0,17,6,4,23,0,33,22,0,22,55
12/05/2021,COU,MO,ACE,CE,Federal Contract Tower,7,10,10,0,27,0,4,7,0,11,7,14,17,0,38,0,0,0,38
12/06/2021,COU,MO,ACE,CE,Federal Contract Tower,6,16,15,0,37,0,6,13,0,19,6,22,28,0,56,12,0,12,68
12/07/2021,COU,MO,ACE,CE,Federal Contract Tower,6,4,11,0,21,0,2,10,0,12,6,6,21,0,33,18,0,18,51
12/08/2021,COU,MO,ACE,CE,Federal Contract Tower,6,9,18,0,33,0,2,16,2,20,6,11,34,2,53,30,0,30,83
12/09/2021,COU,MO,ACE,CE,Federal Contract Tower,7,7,17,0,31,0,17,3,0,20,7,24,20,0,51,0,0,0,51
12/10/2021,COU,MO,ACE,CE,Federal Contract Tower,5,10,9,0,24,0,0,1,0,1,5,10,10,0,25,0,0,0,25
12/11/2021,COU,MO,ACE,CE,Federal Contract Tower,6,3,7,0,16,0,4,12,0,16,6,7,19,0,32,6,0,6,38
12/12/2021,COU,MO,ACE,CE,Federal Contract Tower,8,6,6,0,20,0,4,18,0,22,8,10,24,0,42,2,0,2,44
12/13/2021,COU,MO,ACE,CE,Federal Contract Tower,5,21,15,0,41,0,4,27,0,31,5,25,42,0,72,20,0,20,92
12/14/2021,COU,MO,ACE,CE,Federal Contract Tower,6,10,12,0,28,0,4,18,0,22,6,14,30,0,50,44,0,44,94
12/15/2021,COU,MO,ACE,CE,Federal Contract Tower,6,3,19,0,28,0,0,3,0,3,6,3,22,0,31,0,0,0,31
12/16/2021,COU,MO,ACE,CE,Federal Contract Tower,7,5,14,0,26,0,2,24,2,28,7,7,38,2,54,22,0,22,76
12/17/2021,COU,MO,ACE,CE,Federal Contract Tower,10,6,7,0,23,0,0,4,0,4,10,6,11,0,27,16,0,16,43
12/18/2021,COU,MO,ACE,CE,Federal Contract Tower,7,10,9,0,26,0,4,8,0,12,7,14,17,0,38,0,0,0,38
12/19/2021,COU,MO,ACE,CE,Federal Contract Tower,7,4,6,0,17,0,2,13,0,15,7,6,19,0,32,22,0,22,54
12/20/2021,COU,MO,ACE,CE,Federal Contract Tower,8,12,9,0,29,0,4,22,0,26,8,16,31,0,55,36,0,36,91
12/21/2021,COU,MO,ACE,CE,Federal Contract Tower,8,8,14,0,30,0,4,11,0,15,8,12,25,0,45,28,0,28,73
12/22/2021,COU,MO,ACE,CE,Federal Contract Tower,9,7,6,0,22,0,4,21,0,25,9,11,27,0,47,26,0,26,73
12/23/2021,COU,MO,ACE,CE,Federal Contract Tower,9,11,10,0,30,0,0,16,1,17,9,11,26,1,47,20,0,20,67
12/24/2021,COU,MO,ACE,CE,Federal Contract Tower,2,2,1,0,5,0,4,9,0,13,2,6,10,0,18,16,0,16,34
12/25/2021,COU,MO,ACE,CE,Federal Contract Tower,3,8,2,0,13,0,0,4,0,4,3,8,6,0,17,0,0,0,17
12/26/2021,COU,MO,ACE,CE,Federal Contract Tower,6,15,16,0,37,0,0,2,0,2,6,15,18,0,39,0,0,0,39
12/27/2021,COU,MO,ACE,CE,Federal Contract Tower,6,15,11,0,32,0,2,7,0,9,6,17,18,0,41,18,0,18,59
12/28/2021,COU,MO,ACE,CE,Federal Contract Tower,8,2,15,0,25,0,0,0,0,0,8,2,15,0,25,0,0,0,25
12/29/2021,COU,MO,ACE,CE,Federal Contract Tower,9,8,20,0,37,0,0,0,0,0,9,8,20,0,37,0,0,0,37
12/30/2021,COU,MO,ACE,CE,Federal Contract Tower,7,8,4,0,19,0,0,2,0,2,7,8,6,0,21,0,0,0,21
12/31/2021,COU,MO,ACE,CE,Federal Contract Tower,2,2,1,0,5,0,11,0,0,11,2,13,1,0,16,6,0,6,22
01/01/2022,COU,MO,ACE,CE,Federal Contract Tower,0,2,3,0,5,0,0,0,0,0,0,2,3,0,5,0,0,0,5
01/02/2022,COU,MO,ACE,CE,Federal Contract Tower,8,2,2,0,12,0,0,10,0,10,8,2,12,0,22,8,0,8,30
01/03/2022,COU,MO,ACE,CE,Federal Contract Tower,5,8,9,0,22,0,2,20,0,22,5,10,29,0,44,4,0,4,48
01/04/2022,COU,MO,ACE,CE,Federal Contract Tower,7,6,16,0,29,0,5,19,1,25,7,11,35,1,54,18,0,18,72
01/05/2022,COU,MO,ACE,CE,Federal Contract Tower,7,6,9,2,24,0,10,19,0,29,7,16,28,2,53,8,0,8,61
01/06/2022,COU,MO,ACE,CE,Federal Contract Tower,7,8,13,0,28,0,0,6,0,6,7,8,19,0,34,0,0,0,34
01/07/2022,COU,MO,ACE,CE,Federal Contract Tower,7,1,10,0,18,0,0,17,0,17,7,1,27,0,35,16,0,16,51
01/08/2022,COU,MO,ACE,CE,Federal Contract Tower,5,4,3,0,12,0,0,0,0,0,5,4,3,0,12,0,0,0,12
01/09/2022,COU,MO,ACE,CE,Federal Contract Tower,3,6,6,0,15,0,2,12,0,14,3,8,18,0,29,14,0,14,43
01/10/2022,COU,MO,ACE,CE,Federal Contract Tower,8,15,8,0,31,0,4,32,0,36,8,19,40,0,67,20,0,20,87
01/11/2022,COU,MO,ACE,CE,Federal Contract Tower,6,7,9,0,22,0,4,28,0,32,6,11,37,0,54,38,0,38,92
01/12/2022,COU,MO,ACE,CE,Federal Contract Tower,6,6,16,0,28,0,2,31,0,33,6,8,47,0,61,0,0,0,61
01/13/2022,COU,MO,ACE,CE,Federal Contract Tower,5,0,15,2,22,0,0,18,0,18,5,0,33,2,40,0,0,0,40
01/14/2022,COU,MO,ACE,CE,Federal Contract Tower,7,10,11,0,28,0,0,10,0,10,7,10,21,0,38,0,0,0,38
01/15/2022,COU,MO,ACE,CE,Federal Contract Tower,6,1,1,0,8,0,0,0,0,0,6,1,1,0,8,0,0,0,8
01/16/2022,COU,MO,ACE,CE,Federal Contract Tower,6,4,0,0,10,0,0,0,0,0,6,4,0,0,10,0,0,0,10
01/17/2022,COU,MO,ACE,CE,Federal Contract Tower,5,17,3,0,25,0,2,20,0,22,5,19,23,0,47,8,0,8,55
01/18/2022,COU,MO,ACE,CE,Federal Contract Tower,3,4,17,0,24,0,2,23,0,25,3,6,40,0,49,38,0,38,87
01/19/2022,COU,MO,ACE,CE,Federal Contract Tower,5,4,10,4,23,0,0,2,0,2,5,4,12,4,25,0,0,0,25
01/20/2022,COU,MO,ACE,CE,Federal Contract Tower,5,9,15,0,29,0,0,8,0,8,5,9,23,0,37,0,0,0,37
01/21/2022,COU,MO,ACE,CE,Federal Contract Tower,6,6,7,1,20,0,0,29,2,31,6,6,36,3,51,28,0,28,79
01/22/2022,COU,MO,ACE,CE,Federal Contract Tower,6,7,4,0,17,0,0,26,0,26,6,7,30,0,43,18,0,18,61
01/23/2022,COU,MO,ACE,CE,Federal Contract Tower,6,8,5,0,19,0,0,2,0,2,6,8,7,0,21,0,0,0,21
01/24/2022,COU,MO,ACE,CE,Federal Contract Tower,7,13,14,0,34,0,4,17,0,21,7,17,31,0,55,0,0,0,55
01/25/2022,COU,MO,ACE,CE,Federal Contract Tower,7,2,18,0,27,0,10,21,0,31,7,12,39,0,58,32,0,32,90
01/26/2022,COU,MO,ACE,CE,Federal Contract Tower,6,8,16,0,30,0,4,20,0,24,6,12,36,0,54,10,0,10,64
01/27/2022,COU,MO,ACE,CE,Federal Contract Tower,4,5,14,0,23,0,0,10,2,12,4,5,24,2,35,10,0,10,45
01/28/2022,COU,MO,ACE,CE,Federal Contract Tower,7,5,19,0,31,0,0,21,0,21,7,5,40,0,52,16,0,16,68
01/29/2022,COU,MO,ACE,CE,Federal Contract Tower,7,3,14,0,24,0,4,38,0,42,7,7,52,0,66,22,0,22,88
01/30/2022,COU,MO,ACE,CE,Federal Contract Tower,4,3,14,0,21,0,2,16,0,18,4,5,30,0,39,2,0,2,41
01/31/2022,COU,MO,ACE,CE,Federal Contract Tower,4,14,17,0,35,0,2,25,3,30,4,16,42,3,65,46,0,46,111
02/01/2022,COU,MO,ACE,CE,Federal Contract Tower,8,5,13,0,26,0,0,2,1,3,8,5,15,1,29,6,0,6,35
02/02/2022,COU,MO,ACE,CE,Federal Contract Tower,1,2,1,0,4,0,0,0,0,0,1,2,1,0,4,0,0,0,4
02/03/2022,COU,MO,ACE,CE,Federal Contract Tower,2,8,3,0,13,0,0,0,0,0,2,8,3,0,13,0,0,0,13
02/04/2022,COU,MO,ACE,CE,Federal Contract Tower,7,6,8,0,21,0,0,7,0,7,7,6,15,0,28,0,0,0,28
02/05/2022,COU,MO,ACE,CE,Federal Contract Tower,4,5,7,0,16,0,2,20,0,22,4,7,27,0,38,16,0,16,54
02/06/2022,COU,MO,ACE,CE,Federal Contract Tower,5,9,6,0,20,0,2,18,0,20,5,11,24,0,40,18,0,18,58
02/07/2022,COU,MO,ACE,CE,Federal Contract Tower,3,14,11,0,28,0,4,31,0,35,3,18,42,0,63,22,0,22,85
02/08/2022,COU,MO,ACE,CE,Federal Contract Tower,7,11,20,0,38,0,4,18,0,22,7,15,38,0,60,0,0,0,60
02/09/2022,COU,MO,ACE,CE,Federal Contract Tower,4,9,18,0,31,0,3,25,0,28,4,12,43,0,59,0,0,0,59
02/10/2022,COU,MO,ACE,CE,Federal Contract Tower,7,4,14,0,25,0,0,21,0,21,7,4,35,0,46,4,0,4,50
02/11/2022,COU,MO,ACE,CE,Federal Contract Tower,5,9,18,0,32,0,0,7,0,7,5,9,25,0,39,16,0,16,55
02/12/2022,COU,MO,ACE,CE,Federal Contract Tower,5,11,10,0,26,0,2,32,0,34,5,13,42,0,60,2,0,2,62
02/13/2022,COU,MO,ACE,CE,Federal Contract Tower,3,4,6,0,13,0,2,18,0,20,3,6,24,0,33,10,0,10,43
02/14/2022,COU,MO,ACE,CE,Federal Contract Tower,6,18,7,0,31,0,4,26,0,30,6,22,33,0,61,18,0,18,79
02/15/2022,COU,MO,ACE,CE,Federal Contract Tower,6,9,18,0,33,0,0,16,1,17,6,9,34,1,50,0,0,0,50
02/16/2022,COU,MO,ACE,CE,Federal Contract Tower,6,5,17,1,29,0,0,2,0,2,6,5,19,1,31,0,0,0,31
02/17/2022,COU,MO,ACE,CE,Federal Contract Tower,0,0,1,0,1,0,0,0,0,0,0,0,1,0,1,0,0,0,1
02/18/2022,COU,MO,ACE,CE,Federal Contract Tower,8,9,8,0,25,0,0,11,0,11,8,9,19,0,36,12,0,12,48
02/19/2022,COU,MO,ACE,CE,Federal Contract Tower,4,2,10,0,16,0,4,36,0,40,4,6,46,0,56,18,0,18,74
02/20/2022,COU,MO,ACE,CE,Federal Contract Tower,2,6,9,0,17,0,2,25,0,27,2,8,34,0,44,10,0,10,54
02/21/2022,COU,MO,ACE,CE,Federal Contract Tower,5,18,11,0,34,0,2,30,0,32,5,20,41,0,66,4,0,4,70
02/22/2022,COU,MO,ACE,CE,Federal Contract Tower,9,7,16,0,32,0,0,0,0,0,9,7,16,0,32,0,0,0,32
02/23/2022,COU,MO,ACE,CE,Federal Contract Tower,4,10,28,0,42,0,0,4,0,4,4,10,32,0,46,0,0,0,46
02/24/2022,COU,MO,ACE,CE,Federal Contract Tower,0,3,6,0,9,0,0,0,0,0,0,3,6,0,9,0,0,0,9
02/25/2022,COU,MO,ACE,CE,Federal Contract Tower,4,2,14,0,20,0,0,3,0,3,4,2,17,0,23,0,0,0,23
02/26/2022,COU,MO,ACE,CE,Federal Contract Tower,4,6,9,0,19,0,2,28,0,30,4,8,37,0,49,18,0,18,67
02/27/2022,COU,MO,ACE,CE,Federal Contract Tower,5,7,16,0,28,0,2,47,0,49,5,9,63,0,77,62,0,62,139
02/28/2022,COU,MO,ACE,CE,Federal Contract Tower,5,12,21,0,38,0,2,34,0,36,5,14,55,0,74,8,0,8,82
03/01/2022,COU,MO,ACE,CE,Federal Contract Tower,2,1,14,0,17,0,4,23,0,27,2,5,37,0,44,30,0,30,74
03/02/2022,COU,MO,ACE,CE,Federal Contract Tower,7,1,15,0,23,0,4,35,0,39,7,5,50,0,62,24,0,24,86
03/03/2022,COU,MO,ACE,CE,Federal Contract Tower,4,4,17,0,25,0,0,40,2,42,4,4,57,2,67,14,0,14,81
03/04/2022,COU,MO,ACE,CE,Federal Contract Tower,5,8,11,0,24,0,0,33,0,33,5,8,44,0,57,20,0,20,77
03/05/2022,COU,MO,ACE,CE,Federal Contract Tower,5,5,11,0,21,0,2,9,3,14,5,7,20,3,35,0,0,0,35
03/06/2022,COU,MO,ACE,CE,Federal Contract Tower,3,3,17,0,23,0,2,26,0,28,3,5,43,0,51,12,0,12,63
03/07/2022,COU,MO,ACE,CE,Federal Contract Tower,8,16,13,2,39,0,0,0,0,0,8,16,13,2,39,0,0,0,39
03/08/2022,COU,MO,ACE,CE,Federal Contract Tower,7,9,11,0,27,0,4,27,0,31,7,13,38,0,58,32,0,32,90
03/09/2022,COU,MO,ACE,CE,Federal Contract Tower,7,4,19,0,30,0,2,29,0,31,7,6,48,0,61,0,0,0,61
03/10/2022,COU,MO,ACE,CE,Federal Contract Tower,7,2,12,0,21,0,0,0,0,0,7,2,12,0,21,0,0,0,21
03/11/2022,COU,MO,ACE,CE,Federal Contract Tower,9,6,6,0,21,0,0,8,0,8,9,6,14,0,29,6,0,6,35
03/12/2022,COU,MO,ACE,CE,Federal Contract Tower,5,13,5,0,23,0,4,11,0,15,5,17,16,0,38,6,0,6,44
03/13/2022,COU,MO,ACE,CE,Federal Contract Tower,7,1,14,0,22,0,2,16,0,18,7,3,30,0,40,8,0,8,48
03/14/2022,COU,MO,ACE,CE,Federal Contract Tower,6,16,17,0,39,0,4,32,0,36,6,20,49,0,75,18,0,18,93
03/15/2022,COU,MO,ACE,CE,Federal Contract Tower,6,6,17,0,29,0,2,31,0,33,6,8,48,0,62,50,0,50,112
03/16/2022,COU,MO,ACE,CE,Federal Contract Tower,7,7,21,0,35,0,4,31,0,35,7,11,52,0,70,42,0,42,112
03/17/2022,COU,MO,ACE,CE,Federal Contract Tower,7,4,14,0,25,0,0,29,0,29,7,4,43,0,54,32,0,32,86
03/18/2022,COU,MO,ACE,CE,Federal Contract Tower,7,3,10,0,20,0,0,0,0,0,7,3,10,0,20,0,0,0,20
03/19/2022,COU,MO,ACE,CE,Federal Contract Tower,5,5,11,0,21,0,2,40,0,42,5,7,51,0,63,20,0,20,83
03/20/2022,COU,MO,ACE,CE,Federal Contract Tower,4,9,15,0,28,0,2,32,0,34,4,11,47,0,62,0,0,0,62
03/21/2022,COU,MO,ACE,CE,Federal Contract Tower,3,10,14,0,27,0,2,17,0,19,3,12,31,0,46,66,0,66,112
03/22/2022,COU,MO,ACE,CE,Federal Contract Tower,6,7,19,0,32,0,0,7,0,7,6,7,26,0,39,0,0,0,39
03/23/2022,COU,MO,ACE,CE,Federal Contract Tower,6,3,7,0,16,0,0,0,0,0,6,3,7,0,16,0,0,0,16
03/24/2022,COU,MO,ACE,CE,Federal Contract Tower,4,12,12,0,28,0,0,2,0,2,4,12,14,0,30,0,0,0,30
03/25/2022,COU,MO,ACE,CE,Federal Contract Tower,5,6,14,0,25,0,0,10,0,10,5,6,24,0,35,2,0,2,37
03/26/2022,COU,MO,ACE,CE,Federal Contract Tower,5,8,10,0,23,0,0,15,0,15,5,8,25,0,38,0,0,0,38
03/27/2022,COU,MO,ACE,CE,Federal Contract Tower,7,11,7,0,25,0,2,17,0,19,7,13,24,0,44,16,0,16,60
03/28/2022,COU,MO,ACE,CE,Federal Contract Tower,5,14,10,0,29,0,4,24,0,28,5,18,34,0,57,12,0,12,69
03/29/2022,COU,MO,ACE,CE,Federal Contract Tower,6,2,13,0,21,0,2,16,0,18,6,4,29,0,39,0,0,0,39
03/30/2022,COU,MO,ACE,CE,Federal Contract Tower,6,8,8,2,24,0,0,0,0,0,6,8,8,2,24,0,0,0,24
03/31/2022,COU,MO,ACE,CE,Federal Contract Tower,6,5,19,0,30,0,0,4,0,4,6,5,23,0,34,36,0,36,70
04/01/2022,COU,MO,ACE,CE,Federal Contract Tower,6,3,11,0,20,0,0,25,0,25,6,3,36,0,45,10,0,10,55
04/02/2022,COU,MO,ACE,CE,Federal Contract Tower,5,4,6,4,19,0,2,18,0,20,5,6,24,4,39,16,0,16,55
04/03/2022,COU,MO,ACE,CE,Federal Contract Tower,7,11,25,1,44,0,2,33,0,35,7,13,58,1,79,12,0,12,91
04/04/2022,COU,MO,ACE,CE,Federal Contract Tower,5,18,16,0,39,0,2,27,0,29,5,20,43,0,68,22,0,22,90
04/05/2022,COU,MO,ACE,CE,Federal Contract Tower,6,4,19,0,29,0,4,10,0,14,6,8,29,0,43,0,0,0,43
04/06/2022,COU,MO,ACE,CE,Federal Contract Tower,7,2,7,0,16,0,2,8,0,10,7,4,15,0,26,0,0,0,26
04/07/2022,COU,MO,ACE,CE,Federal Contract Tower,5,6,17,0,28,0,0,2,0,2,5,6,19,0,30,0,0,0,30
04/08/2022,COU,MO,ACE,CE,Federal Contract Tower,5,3,17,0,25,0,0,2,0,2,5,3,19,0,27,4,0,4,31
04/09/2022,COU,MO,ACE,CE,Federal Contract Tower,10,1,12,0,23,0,2,15,0,17,10,3,27,0,40,14,0,14,54
04/10/2022,COU,MO,ACE,CE,Federal Contract Tower,8,6,4,0,18,0,0,2,0,2,8,6,6,0,20,0,0,0,20
04/11/2022,COU,MO,ACE,CE,Federal Contract Tower,7,19,13,4,43,0,2,11,0,13,7,21,24,4,56,18,0,18,74
04/12/2022,COU,MO,ACE,CE,Federal Contract Tower,7,4,19,0,30,0,0,6,1,7,7,4,25,1,37,0,0,0,37
04/13/2022,COU,MO,ACE,CE,Federal Contract Tower,4,4,9,0,17,0,0,0,0,0,4,4,9,0,17,0,0,0,17
04/14/2022,COU,MO,ACE,CE,Federal Contract Tower,5,14,26,0,45,0,0,16,1,17,5,14,42,1,62,24,0,24,86
04/15/2022,COU,MO,ACE,CE,Federal Contract Tower,5,2,15,0,22,0,0,15,0,15,5,2,30,0,37,10,0,10,47
04/16/2022,COU,MO,ACE,CE,Federal Contract Tower,7,10,9,0,26,0,2,19,0,21,7,12,28,0,47,2,0,2,49
04/17/2022,COU,MO,ACE,CE,Federal Contract Tower,8,3,3,0,14,0,0,0,0,0,8,3,3,0,14,0,0,0,14
04/18/2022,COU,MO,ACE,CE,Federal Contract Tower,6,28,19,0,53,0,2,15,0,17,6,30,34,0,70,42,0,42,112
04/19/2022,COU,MO,ACE,CE,Federal Contract Tower,6,9,15,2,32,0,0,19,0,19,6,9,34,2,51,4,0,4,55
04/20/2022,COU,MO,ACE,CE,Federal Contract Tower,7,1,15,0,23,0,0,0,0,0,7,1,15,0,23,0,0,0,23
04/21/2022,COU,MO,ACE,CE,Federal Contract Tower,5,8,15,0,28,0,0,19,0,19,5,8,34,0,47,26,0,26,73
04/22/2022,COU,MO,ACE,CE,Federal Contract Tower,5,11,18,0,34,0,0,10,0,10,5,11,28,0,44,8,0,8,52
04/23/2022,COU,MO,ACE,CE,Federal Contract Tower,9,0,6,0,15,0,0,0,0,0,9,0,6,0,15,0,0,0,15
04/24/2022,COU,MO,ACE,CE,Federal Contract Tower,7,5,15,0,27,0,0,3,0,3,7,5,18,0,30,16,0,16,46
04/25/2022,COU,MO,ACE,CE,Federal Contract Tower,6,11,25,0,42,0,2,34,0,36,6,13,59,0,78,74,0,74,152
04/26/2022,COU,MO,ACE,CE,Federal Contract Tower,6,3,17,0,26,0,2,31,0,33,6,5,48,0,59,60,0,60,119
04/27/2022,COU,MO,ACE,CE,Federal Contract Tower,6,5,24,0,35,0,2,22,0,24,6,7,46,0,59,30,0,30,89
04/28/2022,COU,MO,ACE,CE,Federal Contract Tower,6,4,19,0,29,0,0,9,0,9,6,4,28,0,38,30,0,30,68
04/29/2022,COU,MO,ACE,CE,Federal Contract Tower,6,8,5,0,19,0,0,2,0,2,6,8,7,0,21,20,0,20,41
04/30/2022,COU,MO,ACE,CE,Federal Contract Tower,8,2,8,0,18,0,2,15,0,17,8,4,23,0,35,8,0,8,43
05/01/2022,COU,MO,ACE,CE,Federal Contract Tower,9,0,6,0,15,0,0,26,0,26,9,0,32,0,41,6,0,6,47
05/02/2022,COU,MO,ACE,CE,Federal Contract Tower,7,21,8,0,36,0,0,10,0,10,7,21,18,0,46,4,0,4,50
05/03/2022,COU,MO,ACE,CE,Federal Contract Tower,8,6,32,4,50,0,0,9,0,9,8,6,41,4,59,18,0,18,77
05/04/2022,COU,MO,ACE,CE,Federal Contract Tower,7,11,23,0,41,0,0,0,0,0,7,11,23,0,41,0,0,0,41
05/05/2022,COU,MO,ACE,CE,Federal Contract Tower,6,11,14,0,31,0,0,2,0,2,6,11,16,0,33,0,0,0,33
05/06/2022,COU,MO,ACE,CE,Federal Contract Tower,4,3,28,2,37,0,0,8,0,8,4,3,36,2,45,0,0,0,45
05/07/2022,COU,MO,ACE,CE,Federal Contract Tower,7,8,19,0,34,0,4,65,0,69,7,12,84,0,103,26,0,26,129
05/08/2022,COU,MO,ACE,CE,Federal Contract Tower,7,6,15,0,28,0,0,8,0,8,7,6,23,0,36,4,0,4,40
05/09/2022,COU,MO,ACE,CE,Federal Contract Tower,6,13,18,0,37,0,2,15,0,17,6,15,33,0,54,10,0,10,64
05/10/2022,COU,MO,ACE,CE,Federal Contract Tower,7,4,20,0,31,0,4,26,0,30,7,8,46,0,61,28,0,28,89
05/11/2022,COU,MO,ACE,CE,Federal Contract Tower,6,10,23,0,39,0,6,22,2,30,6,16,45,2,69,28,8,36,105
05/12/2022,COU,MO,ACE,CE,Federal Contract Tower,4,8,21,2,35,0,0,22,0,22,4,8,43,2,57,40,0,40,97
05/13/2022,COU,MO,ACE,CE,Federal Contract Tower,4,7,20,0,31,0,0,24,0,24,4,7,44,0,55,2,0,2,57
05/14/2022,COU,MO,ACE,CE,Federal Contract Tower,6,4,11,0,21,0,4,24,0,28,6,8,35,0,49,38,0,38,87
05/15/2022,COU,MO,ACE,CE,Federal Contract Tower,4,9,8,0,21,0,2,16,0,18,4,11,24,0,39,0,0,0,39
05/16/2022,COU,MO,ACE,CE,Federal Contract Tower,6,17,15,0,38,0,2,38,0,40,6,19,53,0,78,40,0,40,118
05/17/2022,COU,MO,ACE,CE,Federal Contract Tower,6,3,31,0,40,0,4,23,0,27,6,7,54,0,67,26,0,26,93
05/18/2022,COU,MO,ACE,CE,Federal Contract Tower,5,7,20,2,34,0,4,22,0,26,5,11,42,2,60,22,0,22,82
05/19/2022,COU,MO,ACE,CE,Federal Contract Tower,6,9,17,0,32,0,0,9,0,9,6,9,26,0,41,42,0,42,83
05/20/2022,COU,MO,ACE,CE,Federal Contract Tower,6,2,23,2,33,0,0,22,0,22,6,2,45,2,55,38,0,38,93
05/21/2022,COU,MO,ACE,CE,Federal Contract Tower,6,1,2,0,9,0,0,3,0,3,6,1,5,0,12,0,0,0,12
05/22/2022,COU,MO,ACE,CE,Federal Contract Tower,6,2,27,0,35,0,2,26,0,28,6,4,53,0,63,8,0,8,71
05/23/2022,COU,MO,ACE,CE,Federal Contract Tower,4,14,21,0,39,0,4,53,0,57,4,18,74,0,96,128,0,128,224
05/24/2022,COU,MO,ACE,CE,Federal Contract Tower,5,30,18,2,55,0,0,22,0,22,5,30,40,2,77,26,0,26,103
05/25/2022,COU,MO,ACE,CE,Federal Contract Tower,6,6,26,0,38,0,0,0,0,0,6,6,26,0,38,0,0,0,38
05/26/2022,COU,MO,ACE,CE,Federal Contract Tower,4,8,13,2,27,0,0,4,0,4,4,8,17,2,31,14,4,18,49
05/27/2022,COU,MO,ACE,CE,Federal Contract Tower,6,7,19,0,32,0,0,8,0,8,6,7,27,0,40,8,0,8,48
05/28/2022,COU,MO,ACE,CE,Federal Contract Tower,4,3,1,0,8,0,0,16,0,16,4,3,17,0,24,0,0,0,24
05/29/2022,COU,MO,ACE,CE,Federal Contract Tower,4,0,8,0,12,0,0,1,0,1,4,0,9,0,13,0,0,0,13
05/30/2022,COU,MO,ACE,CE,Federal Contract Tower,7,11,7,0,25,0,0,3,0,3,7,11,10,0,28,0,0,0,28
05/31/2022,COU,MO,ACE,CE,Federal Contract Tower,7,0,22,0,29,0,2,19,0,21,7,2,41,0,50,22,0,22,72
06/01/2022,COU,MO,ACE,CE,Federal Contract Tower,4,4,7,0,15,0,0,1,0,1,4,4,8,0,16,0,0,0,16
06/02/2022,COU,MO,ACE,CE,Federal Contract Tower,4,2,19,0,25,0,4,36,0,40,4,6,55,0,65,64,0,64,129
06/03/2022,COU,MO,ACE,CE,Federal Contract Tower,3,2,20,0,25,0,0,40,0,40,3,2,60,0,65,24,0,24,89
06/04/2022,COU,MO,ACE,CE,Federal Contract Tower,2,9,14,0,25,0,2,25,0,27,2,11,39,0,52,58,0,58,110
06/05/2022,COU,MO,ACE,CE,Federal Contract Tower,4,2,4,6,16,0,2,21,0,23,4,4,25,6,39,16,0,16,55
06/06/2022,COU,MO,ACE,CE,Federal Contract Tower,7,13,14,0,34,0,4,19,0,23,7,17,33,0,57,14,0,14,71
06/07/2022,COU,MO,ACE,CE,Federal Contract Tower,5,4,19,0,28,0,2,33,4,39,5,6,52,4,67,56,0,56,123
06/08/2022,COU,MO,ACE,CE,Federal Contract Tower,7,0,20,0,27,0,2,10,0,12,7,2,30,0,39,8,0,8,47
06/09/2022,COU,MO,ACE,CE,Federal Contract Tower,6,0,13,0,19,0,0,50,0,50,6,0,63,0,69,20,0,20,89
06/10/2022,COU,MO,ACE,CE,Federal Contract Tower,6,5,14,2,27,0,2,16,2,20,6,7,30,4,47,52,8,60,107
06/11/2022,COU,MO,ACE,CE,Federal Contract Tower,2,4,20,0,26,0,3,12,0,15,2,7,32,0,41,40,0,40,81
06/12/2022,COU,MO,ACE,CE,Federal Contract Tower,4,15,17,0,36,0,0,20,0,20,4,15,37,0,56,18,0,18,74
06/13/2022,COU,MO,ACE,CE,Federal Contract Tower,4,16,9,0,29,0,2,38,1,41,4,18,47,1,70,38,0,38,108
06/14/2022,COU,MO,ACE,CE,Federal Contract Tower,4,2,11,0,17,0,4,23,2,29,4,6,34,2,46,34,0,34,80
06/15/2022,COU,MO,ACE,CE,Federal Contract Tower,4,2,18,0,24,0,4,42,4,50,4,6,60,4,74,22,10,32,106
06/16/2022,COU,MO,ACE,CE,Federal Contract Tower,6,3,12,0,21,0,6,25,2,33,6,9,37,2,54,0,0,0,54
06/17/2022,COU,MO,ACE,CE,Federal Contract Tower,4,2,21,0,27,0,1,20,0,21,4,3,41,0,48,24,0,24,72
06/18/2022,COU,MO,ACE,CE,Federal Contract Tower,2,8,6,0,16,0,2,23,0,25,2,10,29,0,41,28,0,28,69
06/19/2022,COU,MO,ACE,CE,Federal Contract Tower,6,5,5,0,16,0,2,32,0,34,6,7,37,0,50,30,0,30,80
06/20/2022,COU,MO,ACE,CE,Federal Contract Tower,4,16,9,0,29,0,4,33,0,37,4,20,42,0,66,50,0,50,116
06/21/2022,COU,MO,ACE,CE,Federal Contract Tower,7,1,20,0,28,0,0,22,0,22,7,1,42,0,50,36,0,36,86
06/22/2022,COU,MO,ACE,CE,Federal Contract Tower,4,5,24,0,33,0,2,35,0,37,4,7,59,0,70,102,0,102,172
06/23/2022,COU,MO,ACE,CE,Federal Contract Tower,3,8,15,0,26,0,1,29,0,30,3,9,44,0,56,56,0,56,112
06/24/2022,COU,MO,ACE,CE,Federal Contract Tower,5,4,12,0,21,0,0,14,0,14,5,4,26,0,35,14,0,14,49
06/25/2022,COU,MO,ACE,CE,Federal Contract Tower,6,2,11,0,19,0,0,4,0,4,6,2,15,0,23,0,0,0,23
06/26/2022,COU,MO,ACE,CE,Federal Contract Tower,4,2,7,0,13,0,2,33,0,35,4,4,40,0,48,20,0,20,68
06/27/2022,COU,MO,ACE,CE,Federal Contract Tower,5,20,12,0,37,0,20,38,0,58,5,40,50,0,95,24,0,24,119
06/28/2022,COU,MO,ACE,CE,Federal Contract Tower,4,8,26,2,40,0,4,44,0,48,4,12,70,2,88,42,0,42,130
06/29/2022,COU,MO,ACE,CE,Federal Contract Tower,4,10,17,0,31,0,4,32,0,36,4,14,49,0,67,50,0,50,117
06/30/2022,COU,MO,ACE,CE,Federal Contract Tower,6,7,17,0,30,0,0,24,0,24,6,7,41,0,54,84,0,84,138
07/01/2022,COU,MO,ACE,CE,Federal Contract Tower,6,2,12,0,20,0,2,20,0,22,6,4,32,0,42,30,0,30,72
07/02/2022,COU,MO,ACE,CE,Federal Contract Tower,2,3,6,0,11,0,0,2,0,2,2,3,8,0,13,0,0,0,13
07/03/2022,COU,MO,ACE,CE,Federal Contract Tower,4,3,8,0,15,0,0,2,0,2,4,3,10,0,17,0,0,0,17
07/04/2022,COU,MO,ACE,CE,Federal Contract Tower,4,5,1,0,10,0,2,9,0,11,4,7,10,0,21,12,0,12,33
07/05/2022,COU,MO,ACE,CE,Federal Contract Tower,4,13,18,0,35,0,2,26,0,28,4,15,44,0,63,40,0,40,103
07/06/2022,COU,MO,ACE,CE,Federal Contract Tower,4,6,12,0,22,0,4,41,0,45,4,10,53,0,67,20,0,20,87
07/07/2022,COU,MO,ACE,CE,Federal Contract Tower,4,6,11,0,21,0,0,23,0,23,4,6,34,0,44,36,0,36,80
07/08/2022,COU,MO,ACE,CE,Federal Contract Tower,6,1,14,0,21,0,0,23,2,25,6,1,37,2,46,72,0,72,118
07/09/2022,COU,MO,ACE,CE,Federal Contract Tower,5,2,3,0,10,0,2,9,0,11,5,4,12,0,21,22,0,22,43
07/10/2022,COU,MO,ACE,CE,Federal Contract Tower,4,4,11,0,19,0,0,29,0,29,4,4,40,0,48,46,0,46,94
07/11/2022,COU,MO,ACE,CE,Federal Contract Tower,3,21,5,0,29,0,2,39,0,41,3,23,44,0,70,64,0,64,134
07/12/2022,COU,MO,ACE,CE,Federal Contract Tower,9,1,21,0,31,0,2,34,4,40,9,3,55,4,71,84,0,84,155
07/13/2022,COU,MO,ACE,CE,Federal Contract Tower,6,2,23,0,31,0,2,26,0,28,6,4,49,0,59,84,0,84,143
07/14/2022,COU,MO,ACE,CE,Federal Contract Tower,4,2,15,2,23,0,0,27,0,27,4,2,42,2,50,46,0,46,96
07/15/2022,COU,MO,ACE,CE,Federal Contract Tower,5,2,8,0,15,0,0,17,0,17,5,2,25,0,32,68,0,68,100
07/16/2022,COU,MO,ACE,CE,Federal Contract Tower,3,9,5,0,17,0,2,22,0,24,3,11,27,0,41,36,0,36,77
07/17/2022,COU,MO,ACE,CE,Federal Contract Tower,6,5,10,0,21,0,0,0,0,0,6,5,10,0,21,0,0,0,21
07/18/2022,COU,MO,ACE,CE,Federal Contract Tower,5,15,8,0,28,0,4,28,4,36,5,19,36,4,64,16,10,26,90
07/19/2022,COU,MO,ACE,CE,Federal Contract Tower,6,1,9,0,16,0,0,0,0,0,6,1,9,0,16,10,0,10,26
07/20/2022,COU,MO,ACE,CE,Federal Contract Tower,5,2,13,0,20,0,0,0,0,0,5,2,13,0,20,2,0,2,22
07/21/2022,COU,MO,ACE,CE,Federal Contract Tower,6,4,16,2,28,0,3,22,10,35,6,7,38,12,63,6,0,6,69
07/22/2022,COU,MO,ACE,CE,Federal Contract Tower,6,13,12,2,33,0,4,22,4,30,6,17,34,6,63,28,0,28,91
07/23/2022,COU,MO,ACE,CE,Federal Contract Tower,2,3,12,0,17,0,6,22,0,28,2,9,34,0,45,18,0,18,63
07/24/2022,COU,MO,ACE,CE,Federal Contract Tower,4,9,11,0,24,0,2,19,0,21,4,11,30,0,45,0,0,0,45
07/25/2022,COU,MO,ACE,CE,Federal Contract Tower,4,12,13,0,29,0,0,23,0,23,4,12,36,0,52,70,0,70,122
07/26/2022,COU,MO,ACE,CE,Federal Contract Tower,6,0,15,0,21,0,2,24,0,26,6,2,39,0,47,24,0,24,71
07/27/2022,COU,MO,ACE,CE,Federal Contract Tower,6,9,22,0,37,0,4,17,0,21,6,13,39,0,58,46,0,46,104
07/28/2022,COU,MO,ACE,CE,Federal Contract Tower,6,8,21,2,37,0,0,16,0,16,6,8,37,2,53,68,0,68,121
07/29/2022,COU,MO,ACE,CE,Federal Contract Tower,1,7,13,0,21,0,0,33,0,33,1,7,46,0,54,22,0,22,76
07/30/2022,COU,MO,ACE,CE,Federal Contract Tower,2,3,9,0,14,0,0,16,0,16,2,3,25,0,30,14,0,14,44
07/31/2022,COU,MO,ACE,CE,Federal Contract Tower,5,5,15,0,25,0,0,14,0,14,5,5,29,0,39,18,0,18,57
08/01/2022,COU,MO,ACE,CE,Federal Contract Tower,4,4,6,0,14,0,2,26,0,28,4,6,32,0,42,56,0,56,98
08/02/2022,COU,MO,ACE,CE,Federal Contract Tower,6,1,13,4,24,0,2,34,4,40,6,3,47,8,64,78,10,88,152
08/03/2022,COU,MO,ACE,CE,Federal Contract Tower,7,3,13,0,23,0,6,25,2,33,7,9,38,2,56,58,0,58,114
08/04/2022,COU,MO,ACE,CE,Federal Contract Tower,6,9,8,2,25,0,0,12,4,16,6,9,20,6,41,46,0,46,87
08/05/2022,COU,MO,ACE,CE,Federal Contract Tower,5,2,14,2,23,0,0,21,0,21,5,2,35,2,44,24,0,24,68
08/06/2022,COU,MO,ACE,CE,Federal Contract Tower,6,2,6,0,14,0,2,13,1,16,6,4,19,1,30,14,0,14,44
08/07/2022,COU,MO,ACE,CE,Federal Contract Tower,4,6,13,0,23,0,2,20,1,23,4,8,33,1,46,6,0,6,52
08/08/2022,COU,MO,ACE,CE,Federal Contract Tower,3,11,15,0,29,0,2,23,0,25,3,13,38,0,54,0,0,0,54
08/09/2022,COU,MO,ACE,CE,Federal Contract Tower,4,8,16,2,30,0,0,17,0,17,4,8,33,2,47,22,0,22,69
08/10/2022,COU,MO,ACE,CE,Federal Contract Tower,4,6,20,0,30,0,0,20,6,26,4,6,40,6,56,36,0,36,92
08/11/2022,COU,MO,ACE,CE,Federal Contract Tower,6,7,19,0,32,0,0,17,2,19,6,7,36,2,51,50,0,50,101
08/12/2022,COU,MO,ACE,CE,Federal Contract Tower,6,5,7,0,18,0,0,36,0,36,6,5,43,0,54,32,0,32,86
08/13/2022,COU,MO,ACE,CE,Federal Contract Tower,4,2,7,0,13,0,0,20,0,20,4,2,27,0,33,0,0,0,33
08/14/2022,COU,MO,ACE,CE,Federal Contract Tower,3,4,7,0,14,0,2,14,0,16,3,6,21,0,30,18,0,18,48
08/15/2022,COU,MO,ACE,CE,Federal Contract Tower,4,6,19,0,29,0,2,11,0,13,4,8,30,0,42,28,0,28,70
08/16/2022,COU,MO,ACE,CE,Federal Contract Tower,6,6,12,0,24,0,2,5,0,7,6,8,17,0,31,0,0,0,31
08/17/2022,COU,MO,ACE,CE,Federal Contract Tower,4,2,16,0,22,0,2,31,2,35,4,4,47,2,57,50,0,50,107
08/18/2022,COU,MO,ACE,CE,Federal Contract Tower,3,8,17,0,28,0,0,26,2,28,3,8,43,2,56,62,0,62,118
08/19/2022,COU,MO,ACE,CE,Federal Contract Tower,6,2,8,0,16,0,0,6,0,6,6,2,14,0,22,58,0,58,80
08/20/2022,COU,MO,ACE,CE,Federal Contract Tower,1,4,7,0,12,0,2,18,2,22,1,6,25,2,34,20,6,26,60
08/21/2022,COU,MO,ACE,CE,Federal Contract Tower,3,3,16,2,24,0,2,16,0,18,3,5,32,2,42,44,0,44,86
08/22/2022,COU,MO,ACE,CE,Federal Contract Tower,4,4,13,0,21,0,2,46,0,48,4,6,59,0,69,76,0,76,145
08/23/2022,COU,MO,ACE,CE,Federal Contract Tower,3,4,17,0,24,0,2,41,0,43,3,6,58,0,67,108,0,108,175
08/24/2022,COU,MO,ACE,CE,Federal Contract Tower,2,4,16,0,22,0,2,43,0,45,2,6,59,0,67,66,0,66,133
08/25/2022,COU,MO,ACE,CE,Federal Contract Tower,2,7,19,0,28,0,0,47,0,47,2,7,66,0,75,58,0,58,133
08/26/2022,COU,MO,ACE,CE,Federal Contract Tower,7,5,10,1,23,0,0,26,1,27,7,5,36,2,50,38,0,38,88
08/27/2022,COU,MO,ACE,CE,Federal Contract Tower,3,4,4,0,11,0,0,11,0,11,3,4,15,0,22,34,0,34,56
08/28/2022,COU,MO,ACE,CE,Federal Contract Tower,4,5,5,0,14,0,2,17,0,19,4,7,22,0,33,10,0,10,43
08/29/2022,COU,MO,ACE,CE,Federal Contract Tower,7,15,18,0,40,0,4,28,0,32,7,19,46,0,72,52,0,52,124
08/30/2022,COU,MO,ACE,CE,Federal Contract Tower,7,0,15,0,22,0,2,25,0,27,7,2,40,0,49,114,0,114,163
08/31/2022,COU,MO,ACE,CE,Federal Contract Tower,5,6,17,0,28,0,2,29,0,31,5,8,46,0,59,84,0,84,143
09/01/2022,COU,MO,ACE,CE,Federal Contract Tower,5,12,17,2,36,0,0,35,0,35,5,12,52,2,71,80,0,80,151
09/02/2022,COU,MO,ACE,CE,Federal Contract Tower,7,9,16,0,32,0,0,26,0,26,7,9,42,0,58,64,0,64,122
09/03/2022,COU,MO,ACE,CE,Federal Contract Tower,6,3,10,0,19,0,0,11,0,11,6,3,21,0,30,70,0,70,100
09/04/2022,COU,MO,ACE,CE,Federal Contract Tower,3,5,4,0,12,0,0,11,0,11,3,5,15,0,23,78,0,78,101
09/05/2022,COU,MO,ACE,CE,Federal Contract Tower,5,18,13,0,36,0,0,2,0,2,5,18,15,0,38,0,0,0,38
09/06/2022,COU,MO,ACE,CE,Federal Contract Tower,5,13,25,0,43,0,2,20,0,22,5,15,45,0,65,106,0,106,171
09/07/2022,COU,MO,ACE,CE,Federal Contract Tower,7,12,14,0,33,0,0,41,0,41,7,12,55,0,74,96,0,96,170
09/08/2022,COU,MO,ACE,CE,Federal Contract Tower,6,7,24,0,37,0,0,29,0,29,6,7,53,0,66,120,0,120,186
09/09/2022,COU,MO,ACE,CE,Federal Contract Tower,6,6,10,3,25,0,0,24,4,28,6,6,34,7,53,34,0,34,87
09/10/2022,COU,MO,ACE,CE,Federal Contract Tower,9,8,7,0,24,0,6,24,4,34,9,14,31,4,58,6,0,6,64
09/11/2022,COU,MO,ACE,CE,Federal Contract Tower,7,8,14,0,29,0,2,6,0,8,7,10,20,0,37,0,0,0,37
09/12/2022,COU,MO,ACE,CE,Federal Contract Tower,7,18,24,0,49,0,4,20,0,24,7,22,44,0,73,42,0,42,115
09/13/2022,COU,MO,ACE,CE,Federal Contract Tower,7,5,26,0,38,0,4,34,4,42,7,9,60,4,80,44,16,60,140
09/14/2022,COU,MO,ACE,CE,Federal Contract Tower,6,7,18,0,31,0,0,27,0,27,6,7,45,0,58,102,0,102,160
09/15/2022,COU,MO,ACE,CE,Federal Contract Tower,6,7,11,0,24,0,0,21,2,23,6,7,32,2,47,56,0,56,103
09/16/2022,COU,MO,ACE,CE,Federal Contract Tower,7,8,26,0,41,0,0,32,0,32,7,8,58,0,73,72,0,72,145
09/17/2022,COU,MO,ACE,CE,Federal Contract Tower,8,10,19,0,37,0,0,16,0,16,8,10,35,0,53,28,0,28,81
09/18/2022,COU,MO,ACE,CE,Federal Contract Tower,7,3,10,0,20,0,2,10,0,12,7,5,20,0,32,72,0,72,104
09/19/2022,COU,MO,ACE,CE,Federal Contract Tower,6,8,19,0,33,0,4,29,0,33,6,12,48,0,66,64,0,64,130
09/20/2022,COU,MO,ACE,CE,Federal Contract Tower,10,8,21,0,39,0,2,46,0,48,10,10,67,0,87,70,0,70,157
09/21/2022,COU,MO,ACE,CE,Federal Contract Tower,9,3,19,0,31,0,0,34,0,34,9,3,53,0,65,84,0,84,149
09/22/2022,COU,MO,ACE,CE,Federal Contract Tower,6,7,11,0,24,0,0,23,0,23,6,7,34,0,47,190,0,190,237
09/23/2022,COU,MO,ACE,CE,Federal Contract Tower,8,9,16,0,33,0,0,7,0,7,8,9,23,0,40,30,0,30,70
09/24/2022,COU,MO,ACE,CE,Federal Contract Tower,9,3,20,0,32,0,0,29,0,29,9,3,49,0,61,32,0,32,93
09/25/2022,COU,MO,ACE,CE,Federal Contract Tower,7,4,17,0,28,0,0,9,0,9,7,4,26,0,37,0,0,0,37
09/26/2022,COU,MO,ACE,CE,Federal Contract Tower,7,23,21,0,51,0,0,28,0,28,7,23,49,0,79,88,0,88,167
09/27/2022,COU,MO,ACE,CE,Federal Contract Tower,7,7,19,0,33,0,0,38,0,38,7,7,57,0,71,140,0,140,211
09/28/2022,COU,MO,ACE,CE,Federal Contract Tower,7,5,23,0,35,0,2,29,0,31,7,7,52,0,66,92,0,92,158
09/29/2022,COU,MO,ACE,CE,Federal Contract Tower,5,5,11,0,21,0,0,22,0,22,5,5,33,0,43,84,0,84,127
09/30/2022,COU,MO,ACE,CE,Federal Contract Tower,9,14,17,0,40,0,0,41,1,42,9,14,58,1,82,118,8,126,208
10/01/2022,COU,MO,ACE,CE,Federal Contract Tower,9,13,21,0,43,0,2,34,6,42,9,15,55,6,85,48,12,60,145
10/02/2022,COU,MO,ACE,CE,Federal Contract Tower,7,13,19,0,39,0,0,34,6,40,7,13,53,6,79,84,6,90,169
10/03/2022,COU,MO,ACE,CE,Federal Contract Tower,5,18,15,0,38,0,0,37,0,37,5,18,52,0,75,18,0,18,93
10/04/2022,COU,MO,ACE,CE,Federal Contract Tower,8,4,21,6,39,0,0,41,0,41,8,4,62,6,80,156,0,156,236
10/05/2022,COU,MO,ACE,CE,Federal Contract Tower,8,7,23,0,38,0,2,32,0,34,8,9,55,0,72,104,0,104,176
10/06/2022,COU,MO,ACE,CE,Federal Contract Tower,8,11,22,0,41,0,0,21,2,23,8,11,43,2,64,48,0,48,112
10/07/2022,COU,MO,ACE,CE,Federal Contract Tower,9,5,20,0,34,0,0,18,2,20,9,5,38,2,54,22,0,22,76
10/08/2022,COU,MO,ACE,CE,Federal Contract Tower,5,9,12,0,26,0,0,34,0,34,5,9,46,0,60,0,0,0,60
10/09/2022,COU,MO,ACE,CE,Federal Contract Tower,8,8,22,0,38,0,2,12,0,14,8,10,34,0,52,12,0,12,64
10/10/2022,COU,MO,ACE,CE,Federal Contract Tower,7,14,10,0,31,0,4,26,0,30,7,18,36,0,61,82,0,82,143
10/11/2022,COU,MO,ACE,CE,Federal Contract Tower,7,5,10,0,22,0,2,7,0,9,7,7,17,0,31,34,0,34,65
10/12/2022,COU,MO,ACE,CE,Federal Contract Tower,6,23,18,0,47,0,2,30,2,34,6,25,48,2,81,48,0,48,129
10/13/2022,COU,MO,ACE,CE,Federal Contract Tower,7,18,20,0,45,0,0,13,24,37,7,18,33,24,82,8,0,8,90
10/14/2022,COU,MO,ACE,CE,Federal Contract Tower,6,6,24,0,36,0,0,29,0,29,6,6,53,0,65,78,0,78,143
10/15/2022,COU,MO,ACE,CE,Federal Contract Tower,9,4,10,0,23,0,0,45,0,45,9,4,55,0,68,114,0,114,182
10/16/2022,COU,MO,ACE,CE,Federal Contract Tower,6,9,16,0,31,0,2,21,0,23,6,11,37,0,54,72,0,72,126
10/17/2022,COU,MO,ACE,CE,Federal Contract Tower,6,21,14,0,41,0,0,23,0,23,6,21,37,0,64,26,0,26,90
10/18/2022,COU,MO,ACE,CE,Federal Contract Tower,7,3,30,0,40,0,3,25,0,28,7,6,55,0,68,120,0,120,188
10/19/2022,COU,MO,ACE,CE,Federal Contract Tower,8,8,26,0,42,0,2,28,0,30,8,10,54,0,72,106,0,106,178
10/20/2022,COU,MO,ACE,CE,Federal Contract Tower,6,9,26,0,41,0,1,35,9,45,6,10,61,9,86,112,6,118,204
10/21/2022,COU,MO,ACE,CE,Federal Contract Tower,7,11,32,0,50,0,0,36,2,38,7,11,68,2,88,108,0,108,196
10/22/2022,COU,MO,ACE,CE,Federal Contract Tower,4,16,12,0,32,0,0,10,0,10,4,16,22,0,42,6,0,6,48
10/23/2022,COU,MO,ACE,CE,Federal Contract Tower,6,12,17,0,35,0,0,5,0,5,6,12,22,0,40,0,0,0,40
10/24/2022,COU,MO,ACE,CE,Federal Contract Tower,4,18,19,4,45,0,3,3,0,6,4,21,22,4,51,10,10,20,71
10/25/2022,COU,MO,ACE,CE,Federal Contract Tower,5,6,15,1,27,0,0,0,1,1,5,6,15,2,28,0,0,0,28
10/26/2022,COU,MO,ACE,CE,Federal Contract Tower,6,4,27,0,37,0,0,39,0,39,6,4,66,0,76,120,0,120,196
10/27/2022,COU,MO,ACE,CE,Federal Contract Tower,6,6,34,0,46,0,1,30,0,31,6,7,64,0,77,44,0,44,121
10/28/2022,COU,MO,ACE,CE,Federal Contract Tower,7,10,18,0,35,0,0,24,6,30,7,10,42,6,65,56,2,58,123
10/29/2022,COU,MO,ACE,CE,Federal Contract Tower,5,5,7,0,17,0,2,28,2,32,5,7,35,2,49,60,0,60,109
10/30/2022,COU,MO,ACE,CE,Federal Contract Tower,7,5,9,0,21,0,0,0,0,0,7,5,9,0,21,0,0,0,21
10/31/2022,COU,MO,ACE,CE,Federal Contract Tower,5,17,7,0,29,0,5,25,0,30,5,22,32,0,59,62,0,62,121
11/01/2022,COU,MO,ACE,CE,Federal Contract Tower,6,7,17,0,30,0,2,32,0,34,6,9,49,0,64,138,0,138,202
11/02/2022,COU,MO,ACE,CE,Federal Contract Tower,6,4,10,0,20,0,0,36,0,36,6,4,46,0,56,58,0,58,114
11/03/2022,COU,MO,ACE,CE,Federal Contract Tower,4,6,12,2,24,0,0,29,0,29,4,6,41,2,53,22,2,24,77
11/04/2022,COU,MO,ACE,CE,Federal Contract Tower,5,8,16,0,29,0,0,9,0,9,5,8,25,0,38,0,0,0,38
11/05/2022,COU,MO,ACE,CE,Federal Contract Tower,6,8,10,0,24,0,0,4,0,4,6,8,14,0,28,0,0,0,28
11/06/2022,COU,MO,ACE,CE,Federal Contract Tower,6,11,17,0,34,0,2,41,0,43,6,13,58,0,77,14,0,14,91
11/07/2022,COU,MO,ACE,CE,Federal Contract Tower,4,13,18,0,35,0,2,28,0,30,4,15,46,0,65,76,0,76,141
11/08/2022,COU,MO,ACE,CE,Federal Contract Tower,3,6,13,2,24,0,0,18,2,20,3,6,31,4,44,98,0,98,142
11/09/2022,COU,MO,ACE,CE,Federal Contract Tower,3,6,15,0,24,0,0,31,0,31,3,6,46,0,55,68,0,68,123
11/10/2022,COU,MO,ACE,CE,Federal Contract Tower,2,6,13,1,22,0,0,17,0,17,2,6,30,1,39,92,0,92,131
11/11/2022,COU,MO,ACE,CE,Federal Contract Tower,4,8,20,0,32,0,0,20,0,20,4,8,40,0,52,48,0,48,100
11/12/2022,COU,MO,ACE,CE,Federal Contract Tower,7,5,6,0,18,0,2,3,0,5,7,7,9,0,23,36,0,36,59
11/13/2022,COU,MO,ACE,CE,Federal Contract Tower,5,8,5,0,18,0,2,29,0,31,5,10,34,0,49,48,0,48,97
11/14/2022,COU,MO,ACE,CE,Federal Contract Tower,3,19,7,0,29,0,0,26,0,26,3,19,33,0,55,12,0,12,67
11/15/2022,COU,MO,ACE,CE,Federal Contract Tower,5,6,5,0,16,0,0,1,0,1,5,6,6,0,17,0,0,0,17
11/16/2022,COU,MO,ACE,CE,Federal Contract Tower,5,10,13,0,28,0,0,19,0,19,5,10,32,0,47,30,0,30,77
11/17/2022,COU,MO,ACE,CE,Federal Contract Tower,2,14,14,0,30,0,0,27,0,27,2,14,41,0,57,64,0,64,121
11/18/2022,COU,MO,ACE,CE,Federal Contract Tower,4,8,26,0,38,0,0,30,0,30,4,8,56,0,68,8,2,10,78
11/19/2022,COU,MO,ACE,CE,Federal Contract Tower,6,4,14,0,24,0,2,6,0,8,6,6,20,0,32,0,0,0,32
11/20/2022,COU,MO,ACE,CE,Federal Contract Tower,6,12,13,2,33,0,2,25,0,27,6,14,38,2,60,54,0,54,114
11/21/2022,COU,MO,ACE,CE,Federal Contract Tower,4,17,8,0,29,0,2,26,0,28,4,19,34,0,57,28,0,28,85
11/22/2022,COU,MO,ACE,CE,Federal Contract Tower,4,8,16,0,28,0,0,40,2,42,4,8,56,2,70,50,0,50,120
11/23/2022,COU,MO,ACE,CE,Federal Contract Tower,3,5,16,0,24,0,0,40,0,40,3,5,56,0,64,34,0,34,98
11/24/2022,COU,MO,ACE,CE,Federal Contract Tower,4,6,1,0,11,0,0,0,0,0,4,6,1,0,11,0,0,0,11
11/25/2022,COU,MO,ACE,CE,Federal Contract Tower,5,9,17,0,31,0,0,24,0,24,5,9,41,0,55,40,0,40,95
11/26/2022,COU,MO,ACE,CE,Federal Contract Tower,9,8,11,0,28,0,0,21,0,21,9,8,32,0,49,14,0,14,63
11/27/2022,COU,MO,ACE,CE,Federal Contract Tower,8,9,8,0,25,0,0,2,0,2,8,9,10,0,27,20,0,20,47
11/28/2022,COU,MO,ACE,CE,Federal Contract Tower,3,24,15,0,42,0,0,17,0,17,3,24,32,0,59,58,0,58,117
11/29/2022,COU,MO,ACE,CE,Federal Contract Tower,2,10,22,0,34,0,1,14,0,15,2,11,36,0,49,6,0,6,55
11/30/2022,COU,MO,ACE,CE,Federal Contract Tower,2,7,11,0,20,0,2,27,0,29,2,9,38,0,49,50,0,50,99
12/01/2022,COU,MO,ACE,CE,Federal Contract Tower,2,9,17,0,28,0,0,35,0,35,2,9,52,0,63,50,0,50,113
12/02/2022,COU,MO,ACE,CE,Federal Contract Tower,5,3,16,0,24,0,0,5,0,5,5,3,21,0,29,0,0,0,29
12/03/2022,COU,MO,ACE,CE,Federal Contract Tower,4,10,18,0,32,0,2,47,1,50,4,12,65,1,82,40,2,42,124
12/04/2022,COU,MO,ACE,CE,Federal Contract Tower,4,14,8,0,26,0,2,43,0,45,4,16,51,0,71,84,0,84,155
12/05/2022,COU,MO,ACE,CE,Federal Contract Tower,3,14,17,0,34,0,2,32,0,34,3,16,49,0,68,68,0,68,136
12/06/2022,COU,MO,ACE,CE,Federal Contract Tower,3,9,12,1,25,0,1,1,1,3,3,10,13,2,28,26,0,26,54
12/07/2022,COU,MO,ACE,CE,Federal Contract Tower,4,3,15,0,22,0,0,2,0,2,4,3,17,0,24,22,0,22,46
12/08/2022,COU,MO,ACE,CE,Federal Contract Tower,2,7,24,0,33,0,0,0,0,0,2,7,24,0,33,0,0,0,33
12/09/2022,COU,MO,ACE,CE,Federal Contract Tower,5,10,31,0,46,0,1,4,0,5,5,11,35,0,51,8,0,8,59
12/10/2022,COU,MO,ACE,CE,Federal Contract Tower,2,6,15,0,23,0,0,0,0,0,2,6,15,0,23,0,0,0,23
12/11/2022,COU,MO,ACE,CE,Federal Contract Tower,3,4,10,0,17,0,0,6,0,6,3,4,16,0,23,16,0,16,39
12/12/2022,COU,MO,ACE,CE,Federal Contract Tower,3,15,27,0,45,0,1,2,0,3,3,16,29,0,48,8,0,8,56
12/13/2022,COU,MO,ACE,CE,Federal Contract Tower,3,10,19,0,32,0,0,0,0,0,3,10,19,0,32,0,0,0,32
12/14/2022,COU,MO,ACE,CE,Federal Contract Tower,3,6,22,2,33,0,2,19,0,21,3,8,41,2,54,86,0,86,140
12/15/2022,COU,MO,ACE,CE,Federal Contract Tower,5,5,21,0,31,0,0,7,2,9,5,5,28,2,40,0,0,0,40
12/16/2022,COU,MO,ACE,CE,Federal Contract Tower,5,5,8,0,18,0,0,3,0,3,5,5,11,0,21,2,0,2,23
12/17/2022,COU,MO,ACE,CE,Federal Contract Tower,6,5,6,0,17,0,2,14,0,16,6,7,20,0,33,24,0,24,57
12/18/2022,COU,MO,ACE,CE,Federal Contract Tower,8,8,4,0,20,0,0,42,0,42,8,8,46,0,62,60,0,60,122
12/19/2022,COU,MO,ACE,CE,Federal Contract Tower,10,17,14,0,41,2,32,0,0,34,12,49,14,0,75,44,0,44,119
12/20/2022,COU,MO,ACE,CE,Federal Contract Tower,8,5,11,0,24,0,1,13,0,14,8,6,24,0,38,34,0,34,72
12/21/2022,COU,MO,ACE,CE,Federal Contract Tower,9,8,15,0,32,0,0,19,0,19,9,8,34,0,51,88,0,88,139
12/22/2022,COU,MO,ACE,CE,Federal Contract Tower,3,3,1,0,7,0,0,0,0,0,3,3,1,0,7,0,0,0,7
12/23/2022,COU,MO,ACE,CE,Federal Contract Tower,4,10,7,0,21,0,0,0,0,0,4,10,7,0,21,0,0,0,21
12/24/2022,COU,MO,ACE,CE,Federal Contract Tower,5,0,4,0,9,0,0,1,0,1,5,0,5,0,10,0,0,0,10
12/25/2022,COU,MO,ACE,CE,Federal Contract Tower,4,4,1,0,9,0,1,6,0,7,4,5,7,0,16,4,0,4,20
12/26/2022,COU,MO,ACE,CE,Federal Contract Tower,9,13,6,0,28,0,0,2,0,2,9,13,8,0,30,0,0,0,30
12/27/2022,COU,MO,ACE,CE,Federal Contract Tower,6,4,20,0,30,0,1,25,0,26,6,5,45,0,56,28,0,28,84
12/28/2022,COU,MO,ACE,CE,Federal Contract Tower,5,14,16,2,37,0,3,27,0,30,5,17,43,2,67,16,0,16,83
12/29/2022,COU,MO,ACE,CE,Federal Contract Tower,5,9,12,3,29,0,0,16,0,16,5,9,28,3,45,2,10,12,57
12/30/2022,COU,MO,ACE,CE,Federal Contract Tower,7,6,8,0,21,0,0,39,0,39,7,6,47,0,60,34,0,34,94
12/31/2022,COU,MO,ACE,CE,Federal Contract Tower,4,7,10,0,21,0,0,20,0,20,4,7,30,0,41,56,0,56,97
01/01/2023,COU,MO,ACE,CE,Federal Contract Tower,8,3,9,0,20,0,0,19,0,19,8,3,28,0,39,16,0,16,55
01/02/2023,COU,MO,ACE,CE,Federal Contract Tower,7,12,11,0,30,0,0,0,0,0,7,12,11,0,30,0,0,0,30
01/03/2023,COU,MO,ACE,CE,Federal Contract Tower,8,5,19,0,32,0,2,28,0,30,8,7,47,0,62,32,0,32,94
01/04/2023,COU,MO,ACE,CE,Federal Contract Tower,6,5,17,1,29,0,0,25,0,25,6,5,42,1,54,40,0,40,94
01/05/2023,COU,MO,ACE,CE,Federal Contract Tower,3,9,23,2,37,0,0,9,0,9,3,9,32,2,46,42,0,42,88
01/06/2023,COU,MO,ACE,CE,Federal Contract Tower,5,7,16,0,28,0,0,39,0,39,5,7,55,0,67,18,0,18,85
01/07/2023,COU,MO,ACE,CE,Federal Contract Tower,8,3,8,0,19,0,0,14,0,14,8,3,22,0,33,30,0,30,63
01/08/2023,COU,MO,ACE,CE,Federal Contract Tower,7,2,7,0,16,0,0,21,0,21,7,2,28,0,37,128,0,128,165
01/09/2023,COU,MO,ACE,CE,Federal Contract Tower,7,9,13,0,29,0,0,36,0,36,7,9,49,0,65,80,0,80,145
01/10/2023,COU,MO,ACE,CE,Federal Contract Tower,3,5,17,0,25,0,2,40,0,42,3,7,57,0,67,60,0,60,127
01/11/2023,COU,MO,ACE,CE,Federal Contract Tower,6,4,12,2,24,0,0,32,0,32,6,4,44,2,56,122,0,122,178
01/12/2023,COU,MO,ACE,CE,Federal Contract Tower,4,9,11,0,24,0,0,1,0,1,4,9,12,0,25,0,0,0,25
01/13/2023,COU,MO,ACE,CE,Federal Contract Tower,3,8,13,0,24,0,0,6,0,6,3,8,19,0,30,24,0,24,54
01/14/2023,COU,MO,ACE,CE,Federal Contract Tower,2,5,4,0,11,0,2,39,0,41,2,7,43,0,52,22,0,22,74
01/15/2023,COU,MO,ACE,CE,Federal Contract Tower,7,3,6,0,16,0,0,14,0,14,7,3,20,0,30,4,0,4,34
01/16/2023,COU,MO,ACE,CE,Federal Contract Tower,6,9,15,0,30,0,2,20,0,22,6,11,35,0,52,16,0,16,68
01/17/2023,COU,MO,ACE,CE,Federal Contract Tower,7,0,25,0,32,0,2,25,2,29,7,2,50,2,61,54,4,58,119
01/18/2023,COU,MO,ACE,CE,Federal Contract Tower,5,2,15,0,22,0,0,3,0,3,5,2,18,0,25,0,0,0,25
01/19/2023,COU,MO,ACE,CE,Federal Contract Tower,3,4,22,0,29,0,1,6,3,10,3,5,28,3,39,0,0,0,39
01/20/2023,COU,MO,ACE,CE,Federal Contract Tower,4,10,21,1,36,0,0,18,4,22,4,10,39,5,58,42,0,42,100
01/21/2023,COU,MO,ACE,CE,Federal Contract Tower,8,6,15,0,29,0,0,32,0,32,8,6,47,0,61,84,0,84,145
01/22/2023,COU,MO,ACE,CE,Federal Contract Tower,6,7,7,0,20,0,0,0,0,0,6,7,7,0,20,0,0,0,20
01/23/2023,COU,MO,ACE,CE,Federal Contract Tower,6,13,17,0,36,0,0,29,0,29,6,13,46,0,65,110,0,110,175
01/24/2023,COU,MO,ACE,CE,Federal Contract Tower,2,2,20,0,24,0,0,32,0,32,2,2,52,0,56,106,0,106,162
01/25/2023,COU,MO,ACE,CE,Federal Contract Tower,3,2,7,0,12,0,0,0,0,0,3,2,7,0,12,0,0,0,12
01/26/2023,COU,MO,ACE,CE,Federal Contract Tower,2,13,21,2,38,0,0,33,0,33,2,13,54,2,71,42,0,42,113
01/27/2023,COU,MO,ACE,CE,Federal Contract Tower,4,6,11,0,21,0,19,0,0,19,4,25,11,0,40,56,0,56,96
01/28/2023,COU,MO,ACE,CE,Federal Contract Tower,4,5,14,0,23,0,1,21,0,22,4,6,35,0,45,22,0,22,67
01/29/2023,COU,MO,ACE,CE,Federal Contract Tower,2,3,1,0,6,0,0,0,0,0,2,3,1,0,6,0,0,0,6
01/30/2023,COU,MO,ACE,CE,Federal Contract Tower,8,14,13,3,38,0,1,16,3,20,8,15,29,6,58,24,0,24,82
01/31/2023,COU,MO,ACE,CE,Federal Contract Tower,3,3,31,0,37,0,2,30,11,43,3,5,61,11,80,26,0,26,106
02/01/2023,COU,MO,ACE,CE,Federal Contract Tower,4,5,9,0,18,0,0,27,0,27,4,5,36,0,45,76,0,76,121
02/02/2023,COU,MO,ACE,CE,Federal Contract Tower,3,2,10,0,15,0,0,28,0,28,3,2,38,0,43,84,0,84,127
02/03/2023,COU,MO,ACE,CE,Federal Contract Tower,6,4,17,0,27,0,0,35,0,35,6,4,52,0,62,78,0,78,140
02/04/2023,COU,MO,ACE,CE,Federal Contract Tower,5,5,7,0,17,0,0,19,0,19,5,5,26,0,36,84,0,84,120
02/05/2023,COU,MO,ACE,CE,Federal Contract Tower,9,5,24,0,38,0,2,43,0,45,9,7,67,0,83,28,0,28,111
02/06/2023,COU,MO,ACE,CE,Federal Contract Tower,5,6,12,0,23,0,0,5,0,5,5,6,17,0,28,16,0,16,44
02/07/2023,COU,MO,ACE,CE,Federal Contract Tower,5,4,15,0,24,0,0,33,2,35,5,4,48,2,59,46,0,46,105
02/08/2023,COU,MO,ACE,CE,Federal Contract Tower,3,8,10,0,21,0,1,3,0,4,3,9,13,0,25,12,0,12,37
02/09/2023,COU,MO,ACE,CE,Federal Contract Tower,5,3,17,0,25,0,0,2,0,2,5,3,19,0,27,40,0,40,67
02/10/2023,COU,MO,ACE,CE,Federal Contract Tower,5,7,15,0,27,0,0,23,0,23,5,7,38,0,50,98,0,98,148
02/11/2023,COU,MO,ACE,CE,Federal Contract Tower,5,5,8,12,30,0,0,39,0,39,5,5,47,12,69,66,0,66,135
02/12/2023,COU,MO,ACE,CE,Federal Contract Tower,5,5,18,0,28,0,0,47,0,47,5,5,65,0,75,62,0,62,137
02/13/2023,COU,MO,ACE,CE,Federal Contract Tower,5,12,31,2,50,0,0,40,0,40,5,12,71,2,90,94,0,94,184
02/14/2023,COU,MO,ACE,CE,Federal Contract Tower,5,3,11,0,19,0,0,5,0,5,5,3,16,0,24,0,0,0,24
02/15/2023,COU,MO,ACE,CE,Federal Contract Tower,5,9,25,0,39,0,5,36,4,45,5,14,61,4,84,90,0,90,174
02/16/2023,COU,MO,ACE,CE,Federal Contract Tower,5,5,18,0,28,0,0,0,0,0,5,5,18,0,28,0,0,0,28
02/17/2023,COU,MO,ACE,CE,Federal Contract Tower,6,4,16,0,26,0,0,31,0,31,6,4,47,0,57,76,0,76,133
02/18/2023,COU,MO,ACE,CE,Federal Contract Tower,5,6,10,0,21,0,0,28,0,28,5,6,38,0,49,58,0,58,107
02/19/2023,COU,MO,ACE,CE,Federal Contract Tower,5,10,22,0,37,0,0,30,0,30,5,10,52,0,67,68,0,68,135
02/20/2023,COU,MO,ACE,CE,Federal Contract Tower,3,12,12,0,27,0,1,38,0,39,3,13,50,0,66,60,0,60,126
02/21/2023,COU,MO,ACE,CE,Federal Contract Tower,6,13,20,0,39,0,0,41,0,41,6,13,61,0,80,22,0,22,102
02/22/2023,COU,MO,ACE,CE,Federal Contract Tower,5,5,12,0,22,0,0,7,0,7,5,5,19,0,29,0,0,0,29
02/23/2023,COU,MO,ACE,CE,Federal Contract Tower,8,1,21,0,30,0,1,15,0,16,8,2,36,0,46,94,0,94,140
02/24/2023,COU,MO,ACE,CE,Federal Contract Tower,7,11,7,0,25,0,2,40,4,46,7,13,47,4,71,124,6,130,201
02/25/2023,COU,MO,ACE,CE,Federal Contract Tower,9,6,13,0,28,0,0,28,0,28,9,6,41,0,56,68,0,68,124
02/26/2023,COU,MO,ACE,CE,Federal Contract Tower,6,5,13,0,24,0,0,1,0,1,6,5,14,0,25,40,0,40,65
02/27/2023,COU,MO,ACE,CE,Federal Contract Tower,5,8,15,0,28,0,0,7,0,7,5,8,22,0,35,0,0,0,35
02/28/2023,COU,MO,ACE,CE,Federal Contract Tower,5,8,32,0,45,0,0,39,0,39,5,8,71,0,84,112,0,112,196
03/01/2023,COU,MO,ACE,CE,Federal Contract Tower,5,8,12,0,25,0,0,46,0,46,5,8,58,0,71,154,0,154,225
03/02/2023,COU,MO,ACE,CE,Federal Contract Tower,4,7,17,6,34,0,0,12,0,12,4,7,29,6,46,26,0,26,72
03/03/2023,COU,MO,ACE,CE,Federal Contract Tower,6,7,8,0,21,0,0,7,0,7,6,7,15,0,28,20,0,20,48
03/04/2023,COU,MO,ACE,CE,Federal Contract Tower,3,7,16,0,26,0,0,38,0,38,3,7,54,0,64,66,0,66,130
03/05/2023,COU,MO,ACE,CE,Federal Contract Tower,5,3,15,0,23,0,0,36,0,36,5,3,51,0,59,32,0,32,91
03/06/2023,COU,MO,ACE,CE,Federal Contract Tower,6,7,18,0,31,0,0,29,2,31,6,7,47,2,62,122,4,126,188
03/07/2023,COU,MO,ACE,CE,Federal Contract Tower,8,9,10,0,27,0,0,14,0,14,8,9,24,0,41,42,0,42,83
03/08/2023,COU,MO,ACE,CE,Federal Contract Tower,8,7,14,0,29,0,0,20,0,20,8,7,34,0,49,48,0,48,97
03/09/2023,COU,MO,ACE,CE,Federal Contract Tower,8,4,11,4,27,0,0,2,0,2,8,4,13,4,29,2,0,2,31
03/10/2023,COU,MO,ACE,CE,Federal Contract Tower,5,7,15,0,27,0,0,23,0,23,5,7,38,0,50,186,0,186,236
03/11/2023,COU,MO,ACE,CE,Federal Contract Tower,6,7,7,0,20,0,0,4,0,4,6,7,11,0,24,8,0,8,32
03/12/2023,COU,MO,ACE,CE,Federal Contract Tower,9,6,9,0,24,0,0,18,0,18,9,6,27,0,42,68,0,68,110
03/13/2023,COU,MO,ACE,CE,Federal Contract Tower,10,15,15,0,40,0,0,24,1,25,10,15,39,1,65,94,10,104,169
03/14/2023,COU,MO,ACE,CE,Federal Contract Tower,8,10,11,2,31,0,5,34,0,39,8,15,45,2,70,140,0,140,210
03/15/2023,COU,MO,ACE,CE,Federal Contract Tower,10,11,15,0,36,0,2,39,0,41,10,13,54,0,77,22,0,22,99
03/16/2023,COU,MO,ACE,CE,Federal Contract Tower,5,6,10,0,21,0,0,2,0,2,5,6,12,0,23,36,0,36,59
03/17/2023,COU,MO,ACE,CE,Federal Contract Tower,5,9,8,0,22,0,0,24,0,24,5,9,32,0,46,10,0,10,56
03/18/2023,COU,MO,ACE,CE,Federal Contract Tower,8,6,5,0,19,0,0,12,0,12,8,6,17,0,31,18,0,18,49
03/19/2023,COU,MO,ACE,CE,Federal Contract Tower,10,12,18,5,45,0,2,55,1,58,10,14,73,6,103,116,0,116,219
03/20/2023,COU,MO,ACE,CE,Federal Contract Tower,8,15,12,3,38,0,2,36,1,39,8,17,48,4,77,36,0,36,113
03/21/2023,COU,MO,ACE,CE,Federal Contract Tower,7,2,12,0,21,0,0,5,0,5,7,2,17,0,26,46,0,46,72
03/22/2023,COU,MO,ACE,CE,Federal Contract Tower,8,8,27,0,43,0,0,18,0,18,8,8,45,0,61,48,0,48,109
03/23/2023,COU,MO,ACE,CE,Federal Contract Tower,7,10,8,0,25,0,0,0,0,0,7,10,8,0,25,0,0,0,25
03/24/2023,COU,MO,ACE,CE,Federal Contract Tower,3,20,10,0,33,0,0,0,0,0,3,20,10,0,33,50,0,50,83
03/25/2023,COU,MO,ACE,CE,Federal Contract Tower,7,3,15,0,25,0,0,21,0,21,7,3,36,0,46,94,0,94,140
03/26/2023,COU,MO,ACE,CE,Federal Contract Tower,8,3,7,0,18,0,0,34,0,34,8,3,41,0,52,86,0,86,138
03/27/2023,COU,MO,ACE,CE,Federal Contract Tower,8,5,7,0,20,0,0,0,0,0,8,5,7,0,20,78,0,78,98
03/28/2023,COU,MO,ACE,CE,Federal Contract Tower,8,2,9,0,19,0,1,14,0,15,8,3,23,0,34,44,0,44,78
03/29/2023,COU,MO,ACE,CE,Federal Contract Tower,8,4,11,4,27,0,2,36,0,38,8,6,47,4,65,108,0,108,173
03/30/2023,COU,MO,ACE,CE,Federal Contract Tower,5,10,15,0,30,0,4,20,2,26,5,14,35,2,56,40,0,40,96
03/31/2023,COU,MO,ACE,CE,Federal Contract Tower,5,7,6,0,18,0,0,2,0,2,5,7,8,0,20,0,0,0,20
04/01/2023,COU,MO,ACE,CE,Federal Contract Tower,9,8,5,0,22,0,2,19,0,21,9,10,24,0,43,0,0,0,43
04/02/2023,COU,MO,ACE,CE,Federal Contract Tower,8,5,11,0,24,0,0,37,0,37,8,5,48,0,61,8,0,8,69
04/03/2023,COU,MO,ACE,CE,Federal Contract Tower,8,11,21,0,40,0,0,39,0,39,8,11,60,0,79,80,0,80,159
04/04/2023,COU,MO,ACE,CE,Federal Contract Tower,6,8,16,0,30,0,0,10,0,10,6,8,26,0,40,20,0,20,60
04/05/2023,COU,MO,ACE,CE,Federal Contract Tower,5,9,13,0,27,0,0,20,0,20,5,9,33,0,47,30,0,30,77
04/06/2023,COU,MO,ACE,CE,Federal Contract Tower,5,10,15,0,30,0,2,48,2,52,5,12,63,2,82,120,0,120,202
04/07/2023,COU,MO,ACE,CE,Federal Contract Tower,5,7,16,0,28,0,0,50,0,50,5,7,66,0,78,74,0,74,152
04/08/2023,COU,MO,ACE,CE,Federal Contract Tower,9,5,9,2,25,0,2,40,6,48,9,7,49,8,73,42,8,50,123
04/09/2023,COU,MO,ACE,CE,Federal Contract Tower,6,2,8,0,16,0,2,40,0,42,6,4,48,0,58,38,0,38,96
04/10/2023,COU,MO,ACE,CE,Federal Contract Tower,7,14,9,0,30,0,2,44,0,46,7,16,53,0,76,42,0,42,118
04/11/2023,COU,MO,ACE,CE,Federal Contract Tower,6,4,20,0,30,0,1,33,0,34,6,5,53,0,64,66,0,66,130
04/12/2023,COU,MO,ACE,CE,Federal Contract Tower,8,3,25,0,36,0,0,56,0,56,8,3,81,0,92,80,0,80,172
04/13/2023,COU,MO,ACE,CE,Federal Contract Tower,5,4,20,0,29,0,0,40,0,40,5,4,60,0,69,50,0,50,119
04/14/2023,COU,MO,ACE,CE,Federal Contract Tower,7,4,20,0,31,0,0,44,0,44,7,4,64,0,75,90,0,90,165
04/15/2023,COU,MO,ACE,CE,Federal Contract Tower,9,6,5,0,20,0,0,2,0,2,9,6,7,0,22,0,0,0,22
04/16/2023,COU,MO,ACE,CE,Federal Contract Tower,6,6,10,0,22,0,2,14,0,16,6,8,24,0,38,28,0,28,66
04/17/2023,COU,MO,ACE,CE,Federal Contract Tower,6,15,11,0,32,0,0,32,0,32,6,15,43,0,64,10,0,10,74
04/18/2023,COU,MO,ACE,CE,Federal Contract Tower,8,7,24,0,39,0,0,38,0,38,8,7,62,0,77,96,0,96,173
04/19/2023,COU,MO,ACE,CE,Federal Contract Tower,8,6,23,1,38,0,0,7,0,7,8,6,30,1,45,2,0,2,47
04/20/2023,COU,MO,ACE,CE,Federal Contract Tower,5,8,24,0,37,0,0,4,0,4,5,8,28,0,41,0,0,0,41
04/21/2023,COU,MO,ACE,CE,Federal Contract Tower,4,9,18,0,31,0,0,44,4,48,4,9,62,4,79,70,0,70,149
04/22/2023,COU,MO,ACE,CE,Federal Contract Tower,6,6,7,0,19,0,0,26,0,26,6,6,33,0,45,62,0,62,107
04/23/2023,COU,MO,ACE,CE,Federal Contract Tower,9,12,21,0,42,0,2,57,4,63,9,14,78,4,105,132,0,132,237
04/25/2023,COU,MO,ACE,CE,Federal Contract Tower,8,1,25,0,34,0,0,46,0,46,8,1,71,0,80,102,0,102,182
04/26/2023,COU,MO,ACE,CE,Federal Contract Tower,7,6,20,0,33,0,0,44,0,44,7,6,64,0,77,66,0,66,143
04/27/2023,COU,MO,ACE,CE,Federal Contract Tower,5,5,24,0,34,0,0,34,0,34,5,5,58,0,68,58,0,58,126
04/28/2023,COU,MO,ACE,CE,Federal Contract Tower,4,12,18,0,34,0,4,55,4,63,4,16,73,4,97,64,0,64,161
04/29/2023,COU,MO,ACE,CE,Federal Contract Tower,8,3,8,0,19,0,2,24,0,26,8,5,32,0,45,18,0,18,63
04/30/2023,COU,MO,ACE,CE,Federal Contract Tower,9,1,11,0,21,0,4,5,0,9,9,5,16,0,30,0,0,0,30
05/01/2023,COU,MO,ACE,CE,Federal Contract Tower,8,5,22,0,35,0,2,13,0,15,8,7,35,0,50,20,0,20,70
05/02/2023,COU,MO,ACE,CE,Federal Contract Tower,8,2,18,0,28,0,0,26,0,26,8,2,44,0,54,10,0,10,64
05/03/2023,COU,MO,ACE,CE,Federal Contract Tower,10,4,19,0,33,0,2,46,0,48,10,6,65,0,81,150,0,150,231
05/04/2023,COU,MO,ACE,CE,Federal Contract Tower,5,9,16,0,30,0,0,33,0,33,5,9,49,0,63,80,0,80,143
05/05/2023,COU,MO,ACE,CE,Federal Contract Tower,5,9,17,0,31,0,0,19,0,19,5,9,36,0,50,80,0,80,130
05/06/2023,COU,MO,ACE,CE,Federal Contract Tower,8,2,3,0,13,0,0,12,0,12,8,2,15,0,25,10,0,10,35
05/07/2023,COU,MO,ACE,CE,Federal Contract Tower,10,19,9,0,38,0,2,42,0,44,10,21,51,0,82,24,0,24,106
05/08/2023,COU,MO,ACE,CE,Federal Contract Tower,8,2,25,0,35,0,2,48,0,50,8,4,73,0,85,126,0,126,211
05/09/2023,COU,MO,ACE,CE,Federal Contract Tower,5,3,26,0,34,0,0,42,0,42,5,3,68,0,76,96,0,96,172
05/10/2023,COU,MO,ACE,CE,Federal Contract Tower,8,3,27,0,38,0,2,42,0,44,8,5,69,0,82,122,0,122,204
05/11/2023,COU,MO,ACE,CE,Federal Contract Tower,5,7,35,0,47,0,0,3,0,3,5,7,38,0,50,30,0,30,80
05/12/2023,COU,MO,ACE,CE,Federal Contract Tower,5,8,30,0,43,0,0,23,0,23,5,8,53,0,66,88,0,88,154
05/13/2023,COU,MO,ACE,CE,Federal Contract Tower,4,9,17,0,30,0,0,32,6,38,4,9,49,6,68,16,0,16,84
05/14/2023,COU,MO,ACE,CE,Federal Contract Tower,10,6,7,0,23,0,1,17,0,18,10,7,24,0,41,20,0,20,61
05/15/2023,COU,MO,ACE,CE,Federal Contract Tower,9,12,22,4,47,0,0,2,0,2,9,12,24,4,49,0,0,0,49
05/16/2023,COU,MO,ACE,CE,Federal Contract Tower,5,3,34,0,42,0,0,15,0,15,5,3,49,0,57,54,0,54,111
05/17/2023,COU,MO,ACE,CE,Federal Contract Tower,8,4,24,0,36,0,0,58,0,58,8,4,82,0,94,114,0,114,208
05/18/2023,COU,MO,ACE,CE,Federal Contract Tower,5,7,35,0,47,0,0,33,0,33,5,7,68,0,80,76,0,76,156
05/19/2023,COU,MO,ACE,CE,Federal Contract Tower,5,7,19,0,31,0,0,8,0,8,5,7,27,0,39,112,0,112,151
05/20/2023,COU,MO,ACE,CE,Federal Contract Tower,6,4,13,0,23,0,0,32,2,34,6,4,45,2,57,68,8,76,133
05/21/2023,COU,MO,ACE,CE,Federal Contract Tower,7,2,11,0,20,0,0,34,0,34,7,2,45,0,54,78,0,78,132
05/22/2023,COU,MO,ACE,CE,Federal Contract Tower,8,14,7,0,29,0,2,32,0,34,8,16,39,0,63,34,0,34,97
05/23/2023,COU,MO,ACE,CE,Federal Contract Tower,5,8,21,0,34,0,2,48,0,50,5,10,69,0,84,92,0,92,176
05/24/2023,COU,MO,ACE,CE,Federal Contract Tower,7,7,25,0,39,0,2,32,0,34,7,9,57,0,73,48,0,48,121
05/25/2023,COU,MO,ACE,CE,Federal Contract Tower,6,14,20,0,40,0,0,38,2,40,6,14,58,2,80,46,0,46,126
05/26/2023,COU,MO,ACE,CE,Federal Contract Tower,6,11,19,0,36,0,4,45,0,49,6,15,64,0,85,10,0,10,95
05/27/2023,COU,MO,ACE,CE,Federal Contract Tower,4,3,9,0,16,0,2,30,0,32,4,5,39,0,48,74,0,74,122
05/28/2023,COU,MO,ACE,CE,Federal Contract Tower,5,3,7,0,15,0,2,33,0,35,5,5,40,0,50,16,0,16,66
05/29/2023,COU,MO,ACE,CE,Federal Contract Tower,8,10,9,0,27,0,0,39,0,39,8,10,48,0,66,76,0,76,142
05/30/2023,COU,MO,ACE,CE,Federal Contract Tower,10,5,20,0,35,0,2,38,0,40,10,7,58,0,75,92,0,92,167
05/31/2023,COU,MO,ACE,CE,Federal Contract Tower,7,4,29,0,40,0,0,36,0,36,7,4,65,0,76,114,0,114,190
06/01/2023,COU,MO,ACE,CE,Federal Contract Tower,4,2,16,0,22,0,0,19,0,19,4,2,35,0,41,32,0,32,73
06/02/2023,COU,MO,ACE,CE,Federal Contract Tower,4,4,16,0,24,0,0,16,0,16,4,4,32,0,40,120,0,120,160
06/03/2023,COU,MO,ACE,CE,Federal Contract Tower,2,4,5,0,11,0,0,33,0,33,2,4,38,0,44,40,0,40,84
06/04/2023,COU,MO,ACE,CE,Federal Contract Tower,5,11,6,0,22,0,0,30,0,30,5,11,36,0,52,114,0,114,166
06/05/2023,COU,MO,ACE,CE,Federal Contract Tower,4,13,13,0,30,0,4,34,0,38,4,17,47,0,68,142,0,142,210
06/06/2023,COU,MO,ACE,CE,Federal Contract Tower,5,3,20,0,28,0,0,38,0,38,5,3,58,0,66,170,0,170,236
06/07/2023,COU,MO,ACE,CE,Federal Contract Tower,6,2,21,0,29,0,0,34,0,34,6,2,55,0,63,136,0,136,199
06/08/2023,COU,MO,ACE,CE,Federal Contract Tower,4,2,13,0,19,0,0,25,0,25,4,2,38,0,44,94,0,94,138
06/09/2023,COU,MO,ACE,CE,Federal Contract Tower,4,6,12,0,22,0,0,35,2,37,4,6,47,2,59,90,0,90,149
06/10/2023,COU,MO,ACE,CE,Federal Contract Tower,3,1,11,0,15,0,1,29,0,30,3,2,40,0,45,24,0,24,69
06/11/2023,COU,MO,ACE,CE,Federal Contract Tower,8,8,12,0,28,0,0,1,0,1,8,8,13,0,29,0,0,0,29
06/12/2023,COU,MO,ACE,CE,Federal Contract Tower,5,13,19,0,37,0,2,37,0,39,5,15,56,0,76,56,0,56,132
06/13/2023,COU,MO,ACE,CE,Federal Contract Tower,5,4,17,0,26,0,0,35,9,44,5,4,52,9,70,102,2,104,174
06/14/2023,COU,MO,ACE,CE,Federal Contract Tower,6,2,22,0,30,0,0,37,1,38,6,2,59,1,68,22,0,22,90
06/15/2023,COU,MO,ACE,CE,Federal Contract Tower,5,6,10,0,21,0,0,45,0,45,5,6,55,0,66,72,0,72,138
06/16/2023,COU,MO,ACE,CE,Federal Contract Tower,6,8,25,0,39,0,2,52,0,54,6,10,77,0,93,64,0,64,157
06/17/2023,COU,MO,ACE,CE,Federal Contract Tower,2,4,17,0,23,0,0,43,0,43,2,4,60,0,66,74,0,74,140
06/18/2023,COU,MO,ACE,CE,Federal Contract Tower,5,3,9,0,17,0,2,17,0,19,5,5,26,0,36,14,0,14,50
06/19/2023,COU,MO,ACE,CE,Federal Contract Tower,4,19,16,0,39,0,0,46,0,46,4,19,62,0,85,82,0,82,167
06/20/2023,COU,MO,ACE,CE,Federal Contract Tower,6,5,20,2,33,0,2,32,2,36,6,7,52,4,69,78,0,78,147
06/21/2023,COU,MO,ACE,CE,Federal Contract Tower,5,7,14,1,27,0,2,32,0,34,5,9,46,1,61,36,0,36,97
06/22/2023,COU,MO,ACE,CE,Federal Contract Tower,4,12,10,2,28,0,6,50,2,58,4,18,60,4,86,74,0,74,160
06/23/2023,COU,MO,ACE,CE,Federal Contract Tower,4,3,15,0,22,0,4,59,0,63,4,7,74,0,85,50,0,50,135
06/24/2023,COU,MO,ACE,CE,Federal Contract Tower,2,4,3,0,9,0,2,77,0,79,2,6,80,0,88,2,0,2,90
06/25/2023,COU,MO,ACE,CE,Federal Contract Tower,4,4,3,0,11,0,0,6,0,6,4,4,9,0,17,4,0,4,21
06/26/2023,COU,MO,ACE,CE,Federal Contract Tower,6,12,26,0,44,0,6,24,0,30,6,18,50,0,74,90,0,90,164
06/27/2023,COU,MO,ACE,CE,Federal Contract Tower,5,5,24,0,34,0,4,35,2,41,5,9,59,2,75,82,0,82,157
06/28/2023,COU,MO,ACE,CE,Federal Contract Tower,6,10,22,0,38,0,2,39,0,41,6,12,61,0,79,86,0,86,165
06/29/2023,COU,MO,ACE,CE,Federal Contract Tower,4,9,13,0,26,0,0,24,0,24,4,9,37,0,50,28,0,28,78
06/30/2023,COU,MO,ACE,CE,Federal Contract Tower,2,6,28,0,36,0,5,26,0,31,2,11,54,0,67,30,0,30,97
07/01/2023,COU,MO,ACE,CE,Federal Contract Tower,2,2,8,0,12,0,0,23,0,23,2,2,31,0,35,54,0,54,89
07/02/2023,COU,MO,ACE,CE,Federal Contract Tower,6,1,11,0,18,0,0,19,0,19,6,1,30,0,37,38,0,38,75
07/03/2023,COU,MO,ACE,CE,Federal Contract Tower,5,14,17,0,36,0,3,32,0,35,5,17,49,0,71,50,0,50,121
07/04/2023,COU,MO,ACE,CE,Federal Contract Tower,6,5,6,0,17,0,2,50,0,52,6,7,56,0,69,26,0,26,95
07/05/2023,COU,MO,ACE,CE,Federal Contract Tower,6,4,10,0,20,0,0,36,0,36,6,4,46,0,56,86,0,86,142
07/06/2023,COU,MO,ACE,CE,Federal Contract Tower,4,5,13,0,22,0,0,44,0,44,4,5,57,0,66,90,0,90,156
07/07/2023,COU,MO,ACE,CE,Federal Contract Tower,4,9,21,0,34,0,2,24,0,26,4,11,45,0,60,28,0,28,88
07/08/2023,COU,MO,ACE,CE,Federal Contract Tower,5,1,12,0,18,0,0,7,0,7,5,1,19,0,25,12,0,12,37
07/09/2023,COU,MO,ACE,CE,Federal Contract Tower,6,7,10,0,23,0,2,44,4,50,6,9,54,4,73,32,0,32,105
07/10/2023,COU,MO,ACE,CE,Federal Contract Tower,4,14,22,0,40,0,2,41,0,43,4,16,63,0,83,44,0,44,127
07/11/2023,COU,MO,ACE,CE,Federal Contract Tower,7,2,9,1,19,0,2,42,4,48,7,4,51,5,67,78,0,78,145
07/12/2023,COU,MO,ACE,CE,Federal Contract Tower,4,6,11,0,21,0,2,23,0,25,4,8,34,0,46,36,0,36,82
07/13/2023,COU,MO,ACE,CE,Federal Contract Tower,5,3,29,0,37,0,0,6,4,10,5,3,35,4,47,30,0,30,77
07/14/2023,COU,MO,ACE,CE,Federal Contract Tower,3,2,10,0,15,0,1,26,0,27,3,3,36,0,42,18,0,18,60
07/15/2023,COU,MO,ACE,CE,Federal Contract Tower,2,2,17,0,21,0,2,34,0,36,2,4,51,0,57,36,0,36,93
07/16/2023,COU,MO,ACE,CE,Federal Contract Tower,6,4,10,0,20,0,0,14,0,14,6,4,24,0,34,24,0,24,58
07/17/2023,COU,MO,ACE,CE,Federal Contract Tower,5,9,27,0,41,0,0,20,2,22,5,9,47,2,63,24,0,24,87
07/18/2023,COU,MO,ACE,CE,Federal Contract Tower,5,8,24,0,37,0,0,12,0,12,5,8,36,0,49,0,0,0,49
07/19/2023,COU,MO,ACE,CE,Federal Contract Tower,4,11,33,3,51,0,0,27,0,27,4,11,60,3,78,64,0,64,142
07/20/2023,COU,MO,ACE,CE,Federal Contract Tower,4,9,8,0,21,0,0,34,0,34,4,9,42,0,55,34,0,34,89
07/21/2023,COU,MO,ACE,CE,Federal Contract Tower,4,7,17,2,30,0,0,50,0,50,4,7,67,2,80,48,0,48,128
07/22/2023,COU,MO,ACE,CE,Federal Contract Tower,2,2,13,0,17,0,0,40,0,40,2,2,53,0,57,46,0,46,103
07/23/2023,COU,MO,ACE,CE,Federal Contract Tower,4,2,11,0,17,0,0,42,0,42,4,2,53,0,59,22,0,22,81
07/24/2023,COU,MO,ACE,CE,Federal Contract Tower,4,14,12,0,30,0,0,13,0,13,4,14,25,0,43,44,0,44,87
07/25/2023,COU,MO,ACE,CE,Federal Contract Tower,6,7,16,2,31,0,2,31,2,35,6,9,47,4,66,24,0,24,90
07/26/2023,COU,MO,ACE,CE,Federal Contract Tower,4,4,21,0,29,0,0,12,0,12,4,4,33,0,41,4,0,4,45
07/27/2023,COU,MO,ACE,CE,Federal Contract Tower,4,15,25,0,44,0,0,22,2,24,4,15,47,2,68,70,0,70,138
07/28/2023,COU,MO,ACE,CE,Federal Contract Tower,4,9,21,0,34,0,0,27,4,31,4,9,48,4,65,78,0,78,143
07/29/2023,COU,MO,ACE,CE,Federal Contract Tower,2,2,13,0,17,0,2,16,0,18,2,4,29,0,35,26,0,26,61
07/30/2023,COU,MO,ACE,CE,Federal Contract Tower,4,5,17,0,26,0,0,18,0,18,4,5,35,0,44,90,0,90,134
08/01/2023,COU,MO,ACE,CE,Federal Contract Tower,4,6,27,2,39,0,1,17,2,20,4,7,44,4,59,32,0,32,91
08/02/2023,COU,MO,ACE,CE,Federal Contract Tower,5,3,21,0,29,0,0,20,0,20,5,3,41,0,49,24,0,24,73
08/03/2023,COU,MO,ACE,CE,Federal Contract Tower,4,6,29,0,39,0,0,5,0,5,4,6,34,0,44,52,0,52,96
08/04/2023,COU,MO,ACE,CE,Federal Contract Tower,4,3,22,0,29,0,0,13,0,13,4,3,35,0,42,12,0,12,54
08/05/2023,COU,MO,ACE,CE,Federal Contract Tower,3,2,6,0,11,0,3,13,0,16,3,5,19,0,27,30,0,30,57
08/06/2023,COU,MO,ACE,CE,Federal Contract Tower,6,5,10,0,21,0,4,16,0,20,6,9,26,0,41,4,0,4,45
08/08/2023,COU,MO,ACE,CE,Federal Contract Tower,4,12,5,2,23,0,2,33,4,39,4,14,38,6,62,152,0,152,214
08/09/2023,COU,MO,ACE,CE,Federal Contract Tower,4,8,12,0,24,0,3,12,0,15,4,11,24,0,39,74,0,74,113
08/10/2023,COU,MO,ACE,CE,Federal Contract Tower,4,6,32,0,42,0,0,54,0,54,4,6,86,0,96,66,0,66,162
08/11/2023,COU,MO,ACE,CE,Federal Contract Tower,5,5,15,0,25,0,0,33,2,35,5,5,48,2,60,68,0,68,128
08/12/2023,COU,MO,ACE,CE,Federal Contract Tower,3,5,12,0,20,0,2,68,0,70,3,7,80,0,90,56,0,56,146
08/13/2023,COU,MO,ACE,CE,Federal Contract Tower,4,3,4,0,11,0,1,10,0,11,4,4,14,0,22,0,0,0,22
08/14/2023,COU,MO,ACE,CE,Federal Contract Tower,5,13,22,0,40,0,0,32,0,32,5,13,54,0,72,44,0,44,116
08/15/2023,COU,MO,ACE,CE,Federal Contract Tower,3,7,20,1,31,0,0,24,2,26,3,7,44,3,57,72,0,72,129
08/16/2023,COU,MO,ACE,CE,Federal Contract Tower,4,2,22,1,29,0,1,39,1,41,4,3,61,2,70,62,0,62,132
08/17/2023,COU,MO,ACE,CE,Federal Contract Tower,2,6,19,0,27,0,1,54,2,57,2,7,73,2,84,34,4,38,122
08/18/2023,COU,MO,ACE,CE,Federal Contract Tower,2,4,15,6,27,0,1,40,0,41,2,5,55,6,68,104,0,104,172
08/19/2023,COU,MO,ACE,CE,Federal Contract Tower,4,2,10,1,17,0,0,28,0,28,4,2,38,1,45,36,0,36,81
08/20/2023,COU,MO,ACE,CE,Federal Contract Tower,6,0,14,0,20,0,3,27,0,30,6,3,41,0,50,18,0,18,68
08/21/2023,COU,MO,ACE,CE,Federal Contract Tower,7,13,23,0,43,0,2,26,0,28,7,15,49,0,71,60,0,60,131
08/22/2023,COU,MO,ACE,CE,Federal Contract Tower,4,6,17,0,27,0,0,10,0,10,4,6,27,0,37,24,0,24,61
08/23/2023,COU,MO,ACE,CE,Federal Contract Tower,4,4,16,0,24,0,0,23,0,23,4,4,39,0,47,16,0,16,63
08/24/2023,COU,MO,ACE,CE,Federal Contract Tower,2,10,21,0,33,0,0,23,0,23,2,10,44,0,56,4,0,4,60
08/25/2023,COU,MO,ACE,CE,Federal Contract Tower,4,5,14,0,23,0,0,31,0,31,4,5,45,0,54,38,0,38,92
08/26/2023,COU,MO,ACE,CE,Federal Contract Tower,4,3,12,0,19,0,0,16,4,20,4,3,28,4,39,34,0,34,73
08/27/2023,COU,MO,ACE,CE,Federal Contract Tower,4,5,14,0,23,0,2,28,0,30,4,7,42,0,53,52,0,52,105
08/28/2023,COU,MO,ACE,CE,Federal Contract Tower,6,9,16,2,33,0,2,41,0,43,6,11,57,2,76,84,0,84,160
08/29/2023,COU,MO,ACE,CE,Federal Contract Tower,4,2,14,2,22,0,2,41,0,43,4,4,55,2,65,132,0,132,197
08/30/2023,COU,MO,ACE,CE,Federal Contract Tower,4,5,21,0,30,0,0,38,0,38,4,5,59,0,68,72,0,72,140
08/31/2023,COU,MO,ACE,CE,Federal Contract Tower,5,7,24,0,36,0,0,57,0,57,5,7,81,0,93,98,0,98,191
01/01/2020,COU,MO,ACE,CE,Federal Contract Tower,9,7,8,0,24,0,4,16,0,20,9,11,24,0,44,0,0,0,44
01/02/2020,COU,MO,ACE,CE,Federal Contract Tower,6,10,17,0,33,0,0,17,0,17,6,10,34,0,50,4,0,4,54
01/03/2020,COU,MO,ACE,CE,Federal Contract Tower,7,7,4,0,18,0,0,3,0,3,7,7,7,0,21,0,0,0,21
01/04/2020,COU,MO,ACE,CE,Federal Contract Tower,8,12,7,0,27,0,4,15,0,19,8,16,22,0,46,8,0,8,54
01/05/2020,COU,MO,ACE,CE,Federal Contract Tower,9,11,12,0,32,0,4,17,0,21,9,15,29,0,53,4,0,4,57
01/06/2020,COU,MO,ACE,CE,Federal Contract Tower,8,15,15,0,38,0,6,11,0,17,8,21,26,0,55,12,0,12,67
01/07/2020,COU,MO,ACE,CE,Federal Contract Tower,7,7,20,0,34,0,6,14,2,22,7,13,34,2,56,44,0,44,100
01/08/2020,COU,MO,ACE,CE,Federal Contract Tower,6,7,15,0,28,0,4,17,0,21,6,11,32,0,49,28,0,28,77
01/09/2020,COU,MO,ACE,CE,Federal Contract Tower,6,6,11,0,23,0,0,2,0,2,6,6,13,0,25,0,0,0,25
01/10/2020,COU,MO,ACE,CE,Federal Contract Tower,6,6,10,0,22,0,0,0,0,0,6,6,10,0,22,0,0,0,22
01/11/2020,COU,MO,ACE,CE,Federal Contract Tower,4,1,3,0,8,0,0,0,0,0,4,1,3,0,8,0,0,0,8
01/12/2020,COU,MO,ACE,CE,Federal Contract Tower,10,8,12,0,30,0,0,0,0,0,10,8,12,0,30,0,0,0,30
01/13/2020,COU,MO,ACE,CE,Federal Contract Tower,8,13,13,0,34,0,0,1,0,1,8,13,14,0,35,0,0,0,35
01/14/2020,COU,MO,ACE,CE,Federal Contract Tower,4,7,16,0,27,0,4,11,0,15,4,11,27,0,42,18,0,18,60
01/15/2020,COU,MO,ACE,CE,Federal Contract Tower,7,7,37,6,57,0,0,4,0,4,7,7,41,6,61,4,0,4,65
01/16/2020,COU,MO,ACE,CE,Federal Contract Tower,6,8,19,2,35,0,0,21,6,27,6,8,40,8,62,12,4,16,78
01/17/2020,COU,MO,ACE,CE,Federal Contract Tower,0,3,3,0,6,0,0,0,0,0,0,3,3,0,6,0,0,0,6
01/18/2020,COU,MO,ACE,CE,Federal Contract Tower,3,8,14,0,25,0,3,1,0,4,3,11,15,0,29,0,0,0,29
01/19/2020,COU,MO,ACE,CE,Federal Contract Tower,7,7,13,0,27,0,2,10,0,12,7,9,23,0,39,28,0,28,67
01/20/2020,COU,MO,ACE,CE,Federal Contract Tower,7,17,20,0,44,0,0,0,0,0,7,17,20,0,44,0,0,0,44
01/21/2020,COU,MO,ACE,CE,Federal Contract Tower,4,12,18,1,35,0,4,15,0,19,4,16,33,1,54,12,0,12,66
01/22/2020,COU,MO,ACE,CE,Federal Contract Tower,5,14,19,0,38,0,1,3,0,4,5,15,22,0,42,0,0,0,42
01/23/2020,COU,MO,ACE,CE,Federal Contract Tower,5,9,7,0,21,0,0,1,0,1,5,9,8,0,22,0,0,0,22
01/24/2020,COU,MO,ACE,CE,Federal Contract Tower,7,4,7,0,18,0,0,0,0,0,7,4,7,0,18,0,0,0,18
01/25/2020,COU,MO,ACE,CE,Federal Contract Tower,4,11,3,0,18,0,0,5,0,5,4,11,8,0,23,0,0,0,23
01/26/2020,COU,MO,ACE,CE,Federal Contract Tower,6,13,12,0,31,0,0,17,0,17,6,13,29,0,48,6,0,6,54
01/27/2020,COU,MO,ACE,CE,Federal Contract Tower,4,13,19,0,36,0,0,0,0,0,4,13,19,0,36,0,0,0,36
01/28/2020,COU,MO,ACE,CE,Federal Contract Tower,4,7,11,0,22,0,0,0,0,0,4,7,11,0,22,0,0,0,22
01/29/2020,COU,MO,ACE,CE,Federal Contract Tower,5,8,4,0,17,0,0,0,0,0,5,8,4,0,17,0,0,0,17
01/30/2020,COU,MO,ACE,CE,Federal Contract Tower,6,6,18,0,30,0,0,11,0,11,6,6,29,0,41,32,0,32,73
01/31/2020,COU,MO,ACE,CE,Federal Contract Tower,7,10,23,0,40,0,0,5,0,5,7,10,28,0,45,0,0,0,45
02/01/2020,COU,MO,ACE,CE,Federal Contract Tower,4,10,13,0,27,0,2,22,0,24,4,12,35,0,51,104,0,104,155
02/02/2020,COU,MO,ACE,CE,Federal Contract Tower,6,7,8,0,21,0,2,41,0,43,6,9,49,0,64,58,0,58,122
02/03/2020,COU,MO,ACE,CE,Federal Contract Tower,6,15,11,0,32,0,6,20,0,26,6,21,31,0,58,6,0,6,64
02/04/2020,COU,MO,ACE,CE,Federal Contract Tower,4,7,14,0,25,0,0,2,0,2,4,7,16,0,27,0,0,0,27
02/05/2020,COU,MO,ACE,CE,Federal Contract Tower,0,5,7,5,17,0,0,0,0,0,0,5,7,5,17,0,0,0,17
02/06/2020,COU,MO,ACE,CE,Federal Contract Tower,6,12,13,0,31,0,0,9,0,9,6,12,22,0,40,0,0,0,40
02/07/2020,COU,MO,ACE,CE,Federal Contract Tower,6,12,11,0,29,0,0,9,0,9,6,12,20,0,38,22,0,22,60
02/08/2020,COU,MO,ACE,CE,Federal Contract Tower,5,10,9,1,25,0,4,41,0,45,5,14,50,1,70,16,0,16,86
02/09/2020,COU,MO,ACE,CE,Federal Contract Tower,8,13,2,0,23,0,0,2,0,2,8,13,4,0,25,0,0,0,25
02/10/2020,COU,MO,ACE,CE,Federal Contract Tower,6,12,10,0,28,0,4,3,0,7,6,16,13,0,35,11,0,11,46
02/11/2020,COU,MO,ACE,CE,Federal Contract Tower,4,18,19,0,41,0,4,26,5,35,4,22,45,5,76,34,6,40,116
02/12/2020,COU,MO,ACE,CE,Federal Contract Tower,5,7,6,0,18,0,0,1,0,1,5,7,7,0,19,0,0,0,19
02/13/2020,COU,MO,ACE,CE,Federal Contract Tower,7,18,11,0,36,0,0,14,0,14,7,18,25,0,50,24,0,24,74
02/14/2020,COU,MO,ACE,CE,Federal Contract Tower,6,11,24,0,41,0,0,26,0,26,6,11,50,0,67,18,0,18,85
02/15/2020,COU,MO,ACE,CE,Federal Contract Tower,7,9,13,0,29,0,2,19,0,21,7,11,32,0,50,14,0,14,64
02/16/2020,COU,MO,ACE,CE,Federal Contract Tower,7,13,15,0,35,0,4,19,0,23,7,17,34,0,58,46,0,46,104
02/17/2020,COU,MO,ACE,CE,Federal Contract Tower,4,22,19,0,45,0,0,0,0,0,4,22,19,0,45,0,0,0,45
02/18/2020,COU,MO,ACE,CE,Federal Contract Tower,4,15,28,0,47,0,4,15,0,19,4,19,43,0,66,10,0,10,76
02/19/2020,COU,MO,ACE,CE,Federal Contract Tower,8,16,30,6,60,0,0,10,0,10,8,16,40,6,70,6,0,6,76
02/20/2020,COU,MO,ACE,CE,Federal Contract Tower,7,15,29,0,51,0,0,24,0,24,7,15,53,0,75,0,0,0,75
02/21/2020,COU,MO,ACE,CE,Federal Contract Tower,7,13,29,0,49,0,0,22,0,22,7,13,51,0,71,8,0,8,79
02/22/2020,COU,MO,ACE,CE,Federal Contract Tower,10,5,15,0,30,0,2,20,0,22,10,7,35,0,52,8,0,8,60
02/23/2020,COU,MO,ACE,CE,Federal Contract Tower,6,9,7,2,24,0,7,13,0,20,6,16,20,2,44,6,0,6,50
02/24/2020,COU,MO,ACE,CE,Federal Contract Tower,8,8,11,0,27,0,0,0,0,0,8,8,11,0,27,0,0,0,27
02/25/2020,COU,MO,ACE,CE,Federal Contract Tower,5,11,11,0,27,0,0,0,0,0,5,11,11,0,27,0,0,0,27
02/26/2020,COU,MO,ACE,CE,Federal Contract Tower,5,9,17,0,31,0,9,12,2,23,5,18,29,2,54,6,14,20,74
02/27/2020,COU,MO,ACE,CE,Federal Contract Tower,7,12,13,0,32,0,0,8,0,8,7,12,21,0,40,6,0,6,46
02/28/2020,COU,MO,ACE,CE,Federal Contract Tower,6,11,17,2,36,0,0,18,0,18,6,11,35,2,54,22,0,22,76
02/29/2020,COU,MO,ACE,CE,Federal Contract Tower,6,15,11,0,32,0,7,40,0,47,6,22,51,0,79,32,0,32,111
03/01/2020,COU,MO,ACE,CE,Federal Contract Tower,6,12,13,0,31,0,4,16,0,20,6,16,29,0,51,14,0,14,65
03/02/2020,COU,MO,ACE,CE,Federal Contract Tower,6,15,9,0,30,0,4,14,0,18,6,19,23,0,48,14,0,14,62
03/03/2020,COU,MO,ACE,CE,Federal Contract Tower,7,14,18,0,39,0,4,26,2,32,7,18,44,2,71,16,0,16,87
03/04/2020,COU,MO,ACE,CE,Federal Contract Tower,6,9,13,0,28,0,6,21,0,27,6,15,34,0,55,18,0,18,73
03/05/2020,COU,MO,ACE,CE,Federal Contract Tower,7,13,20,0,40,0,0,8,0,8,7,13,28,0,48,0,0,0,48
03/06/2020,COU,MO,ACE,CE,Federal Contract Tower,9,9,11,0,29,0,0,10,3,13,9,9,21,3,42,0,0,0,42
03/07/2020,COU,MO,ACE,CE,Federal Contract Tower,7,14,11,0,32,0,6,27,4,37,7,20,38,4,69,12,0,12,81
03/08/2020,COU,MO,ACE,CE,Federal Contract Tower,6,12,14,2,34,0,4,19,2,25,6,16,33,4,59,10,0,10,69
03/09/2020,COU,MO,ACE,CE,Federal Contract Tower,6,14,19,0,39,0,0,0,0,0,6,14,19,0,39,0,0,0,39
03/10/2020,COU,MO,ACE,CE,Federal Contract Tower,6,12,16,0,34,0,0,2,2,4,6,12,18,2,38,0,0,0,38
03/11/2020,COU,MO,ACE,CE,Federal Contract Tower,5,10,16,0,31,0,4,14,0,18,5,14,30,0,49,14,0,14,63
03/12/2020,COU,MO,ACE,CE,Federal Contract Tower,9,14,17,0,40,0,0,1,0,1,9,14,18,0,41,0,0,0,41
03/13/2020,COU,MO,ACE,CE,Federal Contract Tower,6,9,6,0,21,0,0,9,0,9,6,9,15,0,30,12,0,12,42
03/14/2020,COU,MO,ACE,CE,Federal Contract Tower,4,11,3,0,18,0,0,0,0,0,4,11,3,0,18,0,0,0,18
03/15/2020,COU,MO,ACE,CE,Federal Contract Tower,6,8,8,0,22,0,2,3,0,5,6,10,11,0,27,18,0,18,45
03/16/2020,COU,MO,ACE,CE,Federal Contract Tower,5,17,9,0,31,0,0,0,0,0,5,17,9,0,31,0,0,0,31
03/17/2020,COU,MO,ACE,CE,Federal Contract Tower,5,11,21,0,37,0,4,3,0,7,5,15,24,0,44,0,0,0,44
03/18/2020,COU,MO,ACE,CE,Federal Contract Tower,5,9,6,0,20,0,0,4,0,4,5,9,10,0,24,0,0,0,24
03/19/2020,COU,MO,ACE,CE,Federal Contract Tower,6,5,6,0,17,0,0,2,0,2,6,5,8,0,19,0,0,0,19
03/20/2020,COU,MO,ACE,CE,Federal Contract Tower,6,11,5,0,22,0,0,1,0,1,6,11,6,0,23,0,0,0,23
03/21/2020,COU,MO,ACE,CE,Federal Contract Tower,4,9,10,0,23,0,0,27,0,27,4,9,37,0,50,6,0,6,56
03/22/2020,COU,MO,ACE,CE,Federal Contract Tower,4,4,0,0,8,0,0,0,0,0,4,4,0,0,8,0,0,0,8
03/23/2020,COU,MO,ACE,CE,Federal Contract Tower,7,18,5,0,30,0,4,4,0,8,7,22,9,0,38,0,0,0,38
03/24/2020,COU,MO,ACE,CE,Federal Contract Tower,3,9,2,0,14,0,0,0,0,0,3,9,2,0,14,0,0,0,14
03/25/2020,COU,MO,ACE,CE,Federal Contract Tower,3,4,15,0,22,0,0,9,0,9,3,4,24,0,31,0,0,0,31
03/26/2020,COU,MO,ACE,CE,Federal Contract Tower,4,2,3,0,9,0,0,33,0,33,4,2,36,0,42,10,0,10,52
03/27/2020,COU,MO,ACE,CE,Federal Contract Tower,4,5,0,0,9,0,0,6,0,6,4,5,6,0,15,0,0,0,15
03/28/2020,COU,MO,ACE,CE,Federal Contract Tower,4,0,2,0,6,0,0,0,0,0,4,0,2,0,6,0,0,0,6
03/29/2020,COU,MO,ACE,CE,Federal Contract Tower,4,2,2,0,8,0,0,5,0,5,4,2,7,0,13,20,0,20,33
03/30/2020,COU,MO,ACE,CE,Federal Contract Tower,4,8,13,0,25,0,0,27,0,27,4,8,40,0,52,14,0,14,66
03/31/2020,COU,MO,ACE,CE,Federal Contract Tower,4,5,8,1,18,0,4,3,3,10,4,9,11,4,28,0,0,0,28
04/01/2020,COU,MO,ACE,CE,Federal Contract Tower,4,7,4,0,15,0,2,20,4,26,4,9,24,4,41,34,0,34,75
04/02/2020,COU,MO,ACE,CE,Federal Contract Tower,4,5,5,0,14,0,0,7,0,7,4,5,12,0,21,22,0,22,43
04/03/2020,COU,MO,ACE,CE,Federal Contract Tower,6,4,0,0,10,0,0,2,0,2,6,4,2,0,12,46,0,46,58
04/04/2020,COU,MO,ACE,CE,Federal Contract Tower,4,5,0,0,9,0,0,1,0,1,4,5,1,0,10,0,0,0,10
04/05/2020,COU,MO,ACE,CE,Federal Contract Tower,7,3,4,0,14,0,0,0,0,0,7,3,4,0,14,0,0,0,14
04/06/2020,COU,MO,ACE,CE,Federal Contract Tower,4,9,3,0,16,0,2,5,0,7,4,11,8,0,23,0,0,0,23
04/07/2020,COU,MO,ACE,CE,Federal Contract Tower,1,8,8,0,17,0,2,8,0,10,1,10,16,0,27,0,0,0,27
04/08/2020,COU,MO,ACE,CE,Federal Contract Tower,1,7,4,0,12,0,0,5,0,5,1,7,9,0,17,0,0,0,17
04/09/2020,COU,MO,ACE,CE,Federal Contract Tower,0,6,3,3,12,0,2,4,1,7,0,8,7,4,19,0,0,0,19
04/10/2020,COU,MO,ACE,CE,Federal Contract Tower,0,10,6,0,16,0,0,10,0,10,0,10,16,0,26,0,0,0,26
04/11/2020,COU,MO,ACE,CE,Federal Contract Tower,0,5,3,0,8,0,0,6,0,6,0,5,9,0,14,0,0,0,14
04/12/2020,COU,MO,ACE,CE,Federal Contract Tower,1,8,0,0,9,0,0,0,0,0,1,8,0,0,9,0,0,0,9
04/13/2020,COU,MO,ACE,CE,Federal Contract Tower,1,13,0,0,14,0,2,4,0,6,1,15,4,0,20,0,0,0,20
04/14/2020,COU,MO,ACE,CE,Federal Contract Tower,1,8,5,3,17,0,0,18,4,22,1,8,23,7,39,36,6,42,81
04/15/2020,COU,MO,ACE,CE,Federal Contract Tower,1,8,0,0,9,0,0,39,0,39,1,8,39,0,48,12,0,12,60
04/16/2020,COU,MO,ACE,CE,Federal Contract Tower,0,9,1,0,10,0,0,4,0,4,0,9,5,0,14,0,0,0,14
04/17/2020,COU,MO,ACE,CE,Federal Contract Tower,1,10,0,0,11,0,0,2,0,2,1,10,2,0,13,30,0,30,43
04/18/2020,COU,MO,ACE,CE,Federal Contract Tower,1,6,15,0,22,0,0,19,0,19,1,6,34,0,41,14,0,14,55
04/19/2020,COU,MO,ACE,CE,Federal Contract Tower,0,7,3,0,10,0,2,13,0,15,0,9,16,0,25,4,0,4,29
04/20/2020,COU,MO,ACE,CE,Federal Contract Tower,0,17,6,0,23,0,0,31,0,31,0,17,37,0,54,18,0,18,72
04/21/2020,COU,MO,ACE,CE,Federal Contract Tower,0,8,6,0,14,0,2,23,0,25,0,10,29,0,39,24,0,24,63
04/22/2020,COU,MO,ACE,CE,Federal Contract Tower,0,7,10,0,17,0,0,11,2,13,0,7,21,2,30,6,0,6,36
04/23/2020,COU,MO,ACE,CE,Federal Contract Tower,0,7,10,0,17,0,0,9,0,9,0,7,19,0,26,26,0,26,52
04/24/2020,COU,MO,ACE,CE,Federal Contract Tower,2,8,3,0,13,0,0,4,2,6,2,8,7,2,19,0,0,0,19
04/25/2020,COU,MO,ACE,CE,Federal Contract Tower,0,4,5,0,9,0,0,2,0,2,0,4,7,0,11,16,0,16,27
04/26/2020,COU,MO,ACE,CE,Federal Contract Tower,0,4,6,0,10,0,4,40,0,44,0,8,46,0,54,48,0,48,102
04/27/2020,COU,MO,ACE,CE,Federal Contract Tower,0,11,3,0,14,0,2,8,0,10,0,13,11,0,24,10,0,10,34
04/28/2020,COU,MO,ACE,CE,Federal Contract Tower,1,4,1,0,6,0,3,6,0,9,1,7,7,0,15,0,0,0,15
04/29/2020,COU,MO,ACE,CE,Federal Contract Tower,0,8,3,0,11,0,0,3,0,3,0,8,6,0,14,0,0,0,14
04/30/2020,COU,MO,ACE,CE,Federal Contract Tower,0,6,11,0,17,0,2,7,4,13,0,8,18,4,30,4,0,4,34
05/01/2020,COU,MO,ACE,CE,Federal Contract Tower,2,7,9,0,18,0,0,25,0,25,2,7,34,0,43,22,0,22,65
05/02/2020,COU,MO,ACE,CE,Federal Contract Tower,1,3,4,0,8,0,4,14,0,18,1,7,18,0,26,30,0,30,56
05/03/2020,COU,MO,ACE,CE,Federal Contract Tower,0,7,1,0,8,0,2,9,0,11,0,9,10,0,19,32,0,32,51
05/04/2020,COU,MO,ACE,CE,Federal Contract Tower,0,14,4,0,18,0,2,2,0,4,0,16,6,0,22,2,0,2,24
05/05/2020,COU,MO,ACE,CE,Federal Contract Tower,1,3,10,0,14,0,2,7,2,11,1,5,17,2,25,18,0,18,43
05/06/2020,COU,MO,ACE,CE,Federal Contract Tower,1,2,10,2,15,0,4,16,0,20,1,6,26,2,35,34,0,34,69
05/07/2020,COU,MO,ACE,CE,Federal Contract Tower,1,6,10,0,17,0,0,15,0,15,1,6,25,0,32,36,0,36,68
05/08/2020,COU,MO,ACE,CE,Federal Contract Tower,0,7,13,0,20,0,0,16,0,16,0,7,29,0,36,2,0,2,38
05/09/2020,COU,MO,ACE,CE,Federal Contract Tower,0,8,5,0,13,0,0,27,0,27,0,8,32,0,40,28,0,28,68
05/10/2020,COU,MO,ACE,CE,Federal Contract Tower,0,8,7,0,15,0,2,5,0,7,0,10,12,0,22,0,0,0,22
05/11/2020,COU,MO,ACE,CE,Federal Contract Tower,0,17,9,0,26,0,2,22,0,24,0,19,31,0,50,22,0,22,72
05/12/2020,COU,MO,ACE,CE,Federal Contract Tower,0,7,11,0,18,0,3,15,0,18,0,10,26,0,36,4,0,4,40
05/13/2020,COU,MO,ACE,CE,Federal Contract Tower,0,6,14,0,20,0,0,0,0,0,0,6,14,0,20,0,0,0,20
05/14/2020,COU,MO,ACE,CE,Federal Contract Tower,0,6,11,0,17,0,0,11,0,11,0,6,22,0,28,14,0,14,42
05/15/2020,COU,MO,ACE,CE,Federal Contract Tower,0,11,14,0,25,0,0,3,0,3,0,11,17,0,28,0,0,0,28
05/16/2020,COU,MO,ACE,CE,Federal Contract Tower,0,7,7,0,14,0,0,0,0,0,0,7,7,0,14,0,0,0,14
05/17/2020,COU,MO,ACE,CE,Federal Contract Tower,0,7,5,0,12,0,0,0,0,0,0,7,5,0,12,0,0,0,12
05/18/2020,COU,MO,ACE,CE,Federal Contract Tower,0,12,13,0,25,0,0,0,0,0,0,12,13,0,25,0,0,0,25
05/19/2020,COU,MO,ACE,CE,Federal Contract Tower,0,8,9,4,21,0,4,5,11,20,0,12,14,15,41,10,0,10,51
05/20/2020,COU,MO,ACE,CE,Federal Contract Tower,0,10,22,2,34,0,4,2,10,16,0,14,24,12,50,0,0,0,50
05/21/2020,COU,MO,ACE,CE,Federal Contract Tower,0,8,27,0,35,0,0,4,0,4,0,8,31,0,39,0,0,0,39
05/22/2020,COU,MO,ACE,CE,Federal Contract Tower,0,11,16,0,27,0,0,10,0,10,0,11,26,0,37,0,0,0,37
05/23/2020,COU,MO,ACE,CE,Federal Contract Tower,0,5,5,0,10,0,0,4,8,12,0,5,9,8,22,8,0,8,30
05/24/2020,COU,MO,ACE,CE,Federal Contract Tower,0,7,1,0,8,0,0,14,0,14,0,7,15,0,22,4,0,4,26
05/25/2020,COU,MO,ACE,CE,Federal Contract Tower,0,15,3,0,18,0,4,8,0,12,0,19,11,0,30,0,0,0,30
05/26/2020,COU,MO,ACE,CE,Federal Contract Tower,0,6,12,0,18,0,0,3,0,3,0,6,15,0,21,0,0,0,21
05/27/2020,COU,MO,ACE,CE,Federal Contract Tower,0,6,8,0,14,0,0,2,0,2,0,6,10,0,16,0,0,0,16
05/28/2020,COU,MO,ACE,CE,Federal Contract Tower,0,7,14,8,29,0,0,4,0,4,0,7,18,8,33,0,0,0,33
05/29/2020,COU,MO,ACE,CE,Federal Contract Tower,0,10,18,0,28,0,5,33,4,42,0,15,51,4,70,0,12,12,82
05/30/2020,COU,MO,ACE,CE,Federal Contract Tower,0,4,4,0,8,0,2,26,0,28,0,6,30,0,36,8,0,8,44
05/31/2020,COU,MO,ACE,CE,Federal Contract Tower,0,6,3,0,9,0,0,14,0,14,0,6,17,0,23,6,0,6,29
06/01/2020,COU,MO,ACE,CE,Federal Contract Tower,0,13,13,0,26,0,4,25,0,29,0,17,38,0,55,20,0,20,75
06/02/2020,COU,MO,ACE,CE,Federal Contract Tower,0,5,6,4,15,0,2,10,0,12,0,7,16,4,27,6,0,6,33
06/03/2020,COU,MO,ACE,CE,Federal Contract Tower,0,7,9,0,16,0,4,18,0,22,0,11,27,0,38,8,0,8,46
06/04/2020,COU,MO,ACE,CE,Federal Contract Tower,0,10,5,0,15,0,0,13,0,13,0,10,18,0,28,14,0,14,42
06/05/2020,COU,MO,ACE,CE,Federal Contract Tower,0,4,10,0,14,0,1,17,2,20,0,5,27,2,34,0,8,8,42
06/06/2020,COU,MO,ACE,CE,Federal Contract Tower,0,4,9,0,13,0,0,17,0,17,0,4,26,0,30,8,0,8,38
06/07/2020,COU,MO,ACE,CE,Federal Contract Tower,0,7,6,0,13,0,0,17,0,17,0,7,23,0,30,8,0,8,38
06/08/2020,COU,MO,ACE,CE,Federal Contract Tower,0,11,9,0,20,0,2,8,0,10,0,13,17,0,30,0,0,0,30
06/09/2020,COU,MO,ACE,CE,Federal Contract Tower,0,4,5,0,9,0,0,0,0,0,0,4,5,0,9,0,0,0,9
06/10/2020,COU,MO,ACE,CE,Federal Contract Tower,0,4,9,0,13,0,1,7,4,12,0,5,16,4,25,0,0,0,25
06/11/2020,COU,MO,ACE,CE,Federal Contract Tower,0,7,12,0,19,0,0,21,1,22,0,7,33,1,41,4,0,4,45
06/12/2020,COU,MO,ACE,CE,Federal Contract Tower,0,6,17,0,23,0,0,32,0,32,0,6,49,0,55,8,0,8,63
06/13/2020,COU,MO,ACE,CE,Federal Contract Tower,0,4,7,0,11,0,2,40,0,42,0,6,47,0,53,52,0,52,105
06/14/2020,COU,MO,ACE,CE,Federal Contract Tower,0,10,20,0,30,0,4,39,0,43,0,14,59,0,73,30,0,30,103
06/15/2020,COU,MO,ACE,CE,Federal Contract Tower,0,14,16,0,30,0,4,24,0,28,0,18,40,0,58,16,0,16,74
06/16/2020,COU,MO,ACE,CE,Federal Contract Tower,0,6,19,0,25,0,4,24,0,28,0,10,43,0,53,34,0,34,87
06/17/2020,COU,MO,ACE,CE,Federal Contract Tower,0,6,21,0,27,0,4,17,0,21,0,10,38,0,48,18,0,18,66
06/18/2020,COU,MO,ACE,CE,Federal Contract Tower,0,10,25,0,35,0,1,30,2,33,0,11,55,2,68,16,6,22,90
06/19/2020,COU,MO,ACE,CE,Federal Contract Tower,0,6,9,0,15,0,0,12,0,12,0,6,21,0,27,24,0,24,51
06/20/2020,COU,MO,ACE,CE,Federal Contract Tower,0,3,9,0,12,0,4,6,2,12,0,7,15,2,24,8,0,8,32
06/21/2020,COU,MO,ACE,CE,Federal Contract Tower,0,16,9,0,25,0,2,19,0,21,0,18,28,0,46,30,0,30,76
06/22/2020,COU,MO,ACE,CE,Federal Contract Tower,0,15,17,0,32,0,8,29,0,37,0,23,46,0,69,46,0,46,115
06/23/2020,COU,MO,ACE,CE,Federal Contract Tower,0,8,16,0,24,0,4,36,2,42,0,12,52,2,66,50,2,52,118
06/24/2020,COU,MO,ACE,CE,Federal Contract Tower,0,4,15,0,19,0,3,40,0,43,0,7,55,0,62,36,0,36,98
06/25/2020,COU,MO,ACE,CE,Federal Contract Tower,0,7,9,0,16,0,0,40,0,40,0,7,49,0,56,20,0,20,76
06/26/2020,COU,MO,ACE,CE,Federal Contract Tower,0,7,18,0,25,0,0,24,0,24,0,7,42,0,49,10,0,10,59
06/27/2020,COU,MO,ACE,CE,Federal Contract Tower,0,5,12,0,17,0,2,7,0,9,0,7,19,0,26,0,0,0,26
06/28/2020,COU,MO,ACE,CE,Federal Contract Tower,0,10,9,0,19,0,2,12,0,14,0,12,21,0,33,8,0,8,41
06/29/2020,COU,MO,ACE,CE,Federal Contract Tower,0,13,9,0,22,0,0,4,0,4,0,13,13,0,26,0,0,0,26
06/30/2020,COU,MO,ACE,CE,Federal Contract Tower,0,7,11,0,18,0,2,8,0,10,0,9,19,0,28,14,0,14,42
07/01/2020,COU,MO,ACE,CE,Federal Contract Tower,0,4,17,0,21,0,1,20,0,21,0,5,37,0,42,16,0,16,58
07/02/2020,COU,MO,ACE,CE,Federal Contract Tower,0,8,8,0,16,0,0,32,2,34,0,8,40,2,50,12,0,12,62
07/03/2020,COU,MO,ACE,CE,Federal Contract Tower,0,6,5,0,11,0,0,6,0,6,0,6,11,0,17,22,0,22,39
07/04/2020,COU,MO,ACE,CE,Federal Contract Tower,0,3,4,0,7,0,2,5,0,7,0,5,9,0,14,8,0,8,22
07/05/2020,COU,MO,ACE,CE,Federal Contract Tower,0,7,12,0,19,0,4,16,0,20,0,11,28,0,39,10,0,10,49
07/06/2020,COU,MO,ACE,CE,Federal Contract Tower,0,18,9,0,27,0,4,31,0,35,0,22,40,0,62,36,0,36,98
07/07/2020,COU,MO,ACE,CE,Federal Contract Tower,2,12,14,0,28,0,2,18,2,22,2,14,32,2,50,34,0,34,84
07/08/2020,COU,MO,ACE,CE,Federal Contract Tower,5,10,8,0,23,0,2,20,0,22,5,12,28,0,45,22,0,22,67
07/09/2020,COU,MO,ACE,CE,Federal Contract Tower,6,9,20,0,35,0,0,24,4,28,6,9,44,4,63,40,0,40,103
07/10/2020,COU,MO,ACE,CE,Federal Contract Tower,5,8,11,0,24,0,1,22,0,23,5,9,33,0,47,2,0,2,49
07/11/2020,COU,MO,ACE,CE,Federal Contract Tower,5,3,5,0,13,0,2,11,0,13,5,5,16,0,26,0,0,0,26
07/12/2020,COU,MO,ACE,CE,Federal Contract Tower,4,6,5,0,15,0,2,18,0,20,4,8,23,0,35,8,0,8,43
07/13/2020,COU,MO,ACE,CE,Federal Contract Tower,5,14,13,0,32,0,2,10,0,12,5,16,23,0,44,0,0,0,44
07/14/2020,COU,MO,ACE,CE,Federal Contract Tower,6,5,16,0,27,0,0,3,0,3,6,5,19,0,30,0,0,0,30
07/15/2020,COU,MO,ACE,CE,Federal Contract Tower,6,7,11,0,24,0,0,3,0,3,6,7,14,0,27,0,0,0,27
07/16/2020,COU,MO,ACE,CE,Federal Contract Tower,5,12,10,0,27,0,4,17,0,21,5,16,27,0,48,0,0,0,48
07/17/2020,COU,MO,ACE,CE,Federal Contract Tower,5,8,8,0,21,0,0,8,0,8,5,8,16,0,29,6,0,6,35
07/18/2020,COU,MO,ACE,CE,Federal Contract Tower,4,10,3,0,17,0,2,8,0,10,4,12,11,0,27,0,0,0,27
07/19/2020,COU,MO,ACE,CE,Federal Contract Tower,4,7,13,0,24,0,0,4,0,4,4,7,17,0,28,0,0,0,28
07/20/2020,COU,MO,ACE,CE,Federal Contract Tower,3,16,9,0,28,0,4,5,0,9,3,20,14,0,37,4,0,4,41
07/21/2020,COU,MO,ACE,CE,Federal Contract Tower,5,6,15,0,26,0,3,4,0,7,5,9,19,0,33,0,0,0,33
07/22/2020,COU,MO,ACE,CE,Federal Contract Tower,6,4,17,0,27,0,4,16,0,20,6,8,33,0,47,20,0,20,67
07/23/2020,COU,MO,ACE,CE,Federal Contract Tower,5,8,10,0,23,0,0,23,0,23,5,8,33,0,46,0,0,0,46
07/24/2020,COU,MO,ACE,CE,Federal Contract Tower,5,14,7,0,26,0,0,35,2,37,5,14,42,2,63,0,0,0,63
07/25/2020,COU,MO,ACE,CE,Federal Contract Tower,4,16,3,0,23,0,4,36,0,40,4,20,39,0,63,12,0,12,75
07/26/2020,COU,MO,ACE,CE,Federal Contract Tower,3,15,11,0,29,0,4,29,10,43,3,19,40,10,72,34,0,34,106
07/27/2020,COU,MO,ACE,CE,Federal Contract Tower,8,19,6,0,33,0,2,13,0,15,8,21,19,0,48,20,0,20,68
07/28/2020,COU,MO,ACE,CE,Federal Contract Tower,6,8,8,1,23,0,4,30,8,42,6,12,38,9,65,30,0,30,95
07/29/2020,COU,MO,ACE,CE,Federal Contract Tower,6,9,14,0,29,0,0,13,0,13,6,9,27,0,42,18,0,18,60
07/30/2020,COU,MO,ACE,CE,Federal Contract Tower,3,6,9,0,18,0,1,0,0,1,3,7,9,0,19,0,0,0,19
07/31/2020,COU,MO,ACE,CE,Federal Contract Tower,3,13,13,0,29,0,0,6,0,6,3,13,19,0,35,22,0,22,57
08/01/2020,COU,MO,ACE,CE,Federal Contract Tower,3,4,6,0,13,0,4,32,0,36,3,8,38,0,49,34,0,34,83
08/02/2020,COU,MO,ACE,CE,Federal Contract Tower,2,12,3,0,17,0,2,10,0,12,2,14,13,0,29,0,0,0,29
08/03/2020,COU,MO,ACE,CE,Federal Contract Tower,2,19,15,0,36,0,4,20,0,24,2,23,35,0,60,26,0,26,86
08/04/2020,COU,MO,ACE,CE,Federal Contract Tower,4,8,9,0,21,0,4,26,0,30,4,12,35,0,51,14,0,14,65
08/05/2020,COU,MO,ACE,CE,Federal Contract Tower,5,7,13,1,26,0,6,33,0,39,5,13,46,1,65,58,0,58,123
08/06/2020,COU,MO,ACE,CE,Federal Contract Tower,3,11,6,0,20,0,0,18,2,20,3,11,24,2,40,10,0,10,50
08/07/2020,COU,MO,ACE,CE,Federal Contract Tower,3,7,14,0,24,0,0,16,0,16,3,7,30,0,40,0,0,0,40
08/08/2020,COU,MO,ACE,CE,Federal Contract Tower,3,3,10,0,16,0,4,18,0,22,3,7,28,0,38,34,0,34,72
08/09/2020,COU,MO,ACE,CE,Federal Contract Tower,2,9,10,0,21,0,2,19,0,21,2,11,29,0,42,26,0,26,68
08/10/2020,COU,MO,ACE,CE,Federal Contract Tower,4,13,9,0,26,0,0,10,0,10,4,13,19,0,36,14,0,14,50
08/11/2020,COU,MO,ACE,CE,Federal Contract Tower,5,6,18,0,29,0,0,3,2,5,5,6,21,2,34,6,0,6,40
08/12/2020,COU,MO,ACE,CE,Federal Contract Tower,4,6,17,2,29,0,0,7,4,11,4,6,24,6,40,0,0,0,40
08/13/2020,COU,MO,ACE,CE,Federal Contract Tower,3,16,15,0,34,0,2,12,0,14,3,18,27,0,48,6,0,6,54
08/14/2020,COU,MO,ACE,CE,Federal Contract Tower,3,19,23,0,45,0,0,14,0,14,3,19,37,0,59,0,0,0,59
08/15/2020,COU,MO,ACE,CE,Federal Contract Tower,3,5,10,0,18,0,4,17,0,21,3,9,27,0,39,14,0,14,53
08/16/2020,COU,MO,ACE,CE,Federal Contract Tower,3,11,11,0,25,0,4,24,0,28,3,15,35,0,53,30,0,30,83
08/17/2020,COU,MO,ACE,CE,Federal Contract Tower,3,14,10,2,29,0,6,20,0,26,3,20,30,2,55,22,0,22,77
08/18/2020,COU,MO,ACE,CE,Federal Contract Tower,4,14,19,2,39,0,4,22,0,26,4,18,41,2,65,34,0,34,99
08/19/2020,COU,MO,ACE,CE,Federal Contract Tower,4,11,18,0,33,0,2,45,0,47,4,13,63,0,80,16,0,16,96
08/20/2020,COU,MO,ACE,CE,Federal Contract Tower,2,10,12,0,24,0,0,38,4,42,2,10,50,4,66,0,0,0,66
08/21/2020,COU,MO,ACE,CE,Federal Contract Tower,2,10,9,2,23,0,0,23,0,23,2,10,32,2,46,8,8,16,62
08/22/2020,COU,MO,ACE,CE,Federal Contract Tower,2,8,3,0,13,0,4,30,0,34,2,12,33,0,47,20,0,20,67
08/23/2020,COU,MO,ACE,CE,Federal Contract Tower,3,11,8,0,22,0,4,19,0,23,3,15,27,0,45,10,0,10,55
08/24/2020,COU,MO,ACE,CE,Federal Contract Tower,2,15,9,0,26,0,4,27,0,31,2,19,36,0,57,8,0,8,65
08/25/2020,COU,MO,ACE,CE,Federal Contract Tower,5,5,12,0,22,0,4,28,0,32,5,9,40,0,54,4,0,4,58
08/26/2020,COU,MO,ACE,CE,Federal Contract Tower,4,7,17,0,28,0,0,20,0,20,4,7,37,0,48,6,0,6,54
08/27/2020,COU,MO,ACE,CE,Federal Contract Tower,1,7,14,0,22,0,0,20,0,20,1,7,34,0,42,56,0,56,98
08/28/2020,COU,MO,ACE,CE,Federal Contract Tower,2,6,15,0,23,0,0,11,2,13,2,6,26,2,36,16,0,16,52
08/29/2020,COU,MO,ACE,CE,Federal Contract Tower,2,3,7,0,12,0,2,14,0,16,2,5,21,0,28,6,0,6,34
08/30/2020,COU,MO,ACE,CE,Federal Contract Tower,2,10,4,0,16,0,0,22,0,22,2,10,26,0,38,22,0,22,60
08/31/2020,COU,MO,ACE,CE,Federal Contract Tower,2,15,6,0,23,0,2,5,0,7,2,17,11,0,30,8,0,8,38
09/01/2020,COU,MO,ACE,CE,Federal Contract Tower,2,4,10,0,16,0,2,5,0,7,2,6,15,0,23,0,0,0,23
09/03/2020,COU,MO,ACE,CE,Federal Contract Tower,2,8,35,5,50,0,0,24,5,29,2,8,59,10,79,8,0,8,87
09/04/2020,COU,MO,ACE,CE,Federal Contract Tower,2,7,5,0,14,0,0,29,0,29,2,7,34,0,43,26,0,26,69
09/05/2020,COU,MO,ACE,CE,Federal Contract Tower,1,1,6,0,8,0,5,38,0,43,1,6,44,0,51,26,0,26,77
09/06/2020,COU,MO,ACE,CE,Federal Contract Tower,2,8,6,0,16,0,4,10,0,14,2,12,16,0,30,4,0,4,34
09/07/2020,COU,MO,ACE,CE,Federal Contract Tower,2,21,7,0,30,0,4,30,0,34,2,25,37,0,64,44,0,44,108
09/08/2020,COU,MO,ACE,CE,Federal Contract Tower,3,10,12,4,29,0,2,22,0,24,3,12,34,4,53,12,10,22,75
09/09/2020,COU,MO,ACE,CE,Federal Contract Tower,1,10,20,2,33,0,2,6,0,8,1,12,26,2,41,0,0,0,41
09/10/2020,COU,MO,ACE,CE,Federal Contract Tower,0,14,16,0,30,0,0,0,0,0,0,14,16,0,30,0,0,0,30
09/11/2020,COU,MO,ACE,CE,Federal Contract Tower,0,11,11,0,22,0,0,4,0,4,0,11,15,0,26,0,0,0,26
09/12/2020,COU,MO,ACE,CE,Federal Contract Tower,0,8,12,0,20,0,0,11,0,11,0,8,23,0,31,36,0,36,67
09/13/2020,COU,MO,ACE,CE,Federal Contract Tower,0,9,10,0,19,0,0,25,0,25,0,9,35,0,44,6,0,6,50
09/14/2020,COU,MO,ACE,CE,Federal Contract Tower,0,17,7,0,24,0,2,24,0,26,0,19,31,0,50,2,0,2,52
09/15/2020,COU,MO,ACE,CE,Federal Contract Tower,0,13,12,0,25,0,0,28,0,28,0,13,40,0,53,30,0,30,83
09/16/2020,COU,MO,ACE,CE,Federal Contract Tower,0,8,14,2,24,0,2,21,0,23,0,10,35,2,47,32,0,32,79
09/17/2020,COU,MO,ACE,CE,Federal Contract Tower,0,7,15,3,25,0,2,28,3,33,0,9,43,6,58,10,0,10,68
09/18/2020,COU,MO,ACE,CE,Federal Contract Tower,0,10,14,2,26,0,0,41,0,41,0,10,55,2,67,56,0,56,123
09/19/2020,COU,MO,ACE,CE,Federal Contract Tower,1,7,3,0,11,0,2,24,0,26,1,9,27,0,37,0,0,0,37
09/20/2020,COU,MO,ACE,CE,Federal Contract Tower,1,7,12,0,20,0,2,28,0,30,1,9,40,0,50,0,0,0,50
09/21/2020,COU,MO,ACE,CE,Federal Contract Tower,0,16,8,0,24,0,4,24,0,28,0,20,32,0,52,10,0,10,62
09/22/2020,COU,MO,ACE,CE,Federal Contract Tower,0,12,8,0,20,0,4,26,0,30,0,16,34,0,50,18,0,18,68
09/23/2020,COU,MO,ACE,CE,Federal Contract Tower,0,7,19,0,26,0,2,10,0,12,0,9,29,0,38,6,0,6,44
09/24/2020,COU,MO,ACE,CE,Federal Contract Tower,0,9,17,2,28,0,0,7,6,13,0,9,24,8,41,0,0,0,41
09/25/2020,COU,MO,ACE,CE,Federal Contract Tower,2,9,10,0,21,0,4,12,0,16,2,13,22,0,37,0,0,0,37
09/26/2020,COU,MO,ACE,CE,Federal Contract Tower,0,11,18,0,29,0,7,32,0,39,0,18,50,0,68,20,0,20,88
09/27/2020,COU,MO,ACE,CE,Federal Contract Tower,0,12,7,0,19,0,0,2,0,2,0,12,9,0,21,0,0,0,21
09/28/2020,COU,MO,ACE,CE,Federal Contract Tower,0,16,13,0,29,0,2,30,0,32,0,18,43,0,61,20,0,20,81
09/29/2020,COU,MO,ACE,CE,Federal Contract Tower,0,10,26,0,36,0,0,31,0,31,0,10,57,0,67,16,0,16,83
09/30/2020,COU,MO,ACE,CE,Federal Contract Tower,0,15,14,0,29,0,2,26,0,28,0,17,40,0,57,14,0,14,71
10/01/2020,COU,MO,ACE,CE,Federal Contract Tower,0,8,11,0,19,0,0,28,0,28,0,8,39,0,47,34,0,34,81
10/02/2020,COU,MO,ACE,CE,Federal Contract Tower,2,9,12,0,23,0,2,29,0,31,2,11,41,0,54,14,0,14,68
10/03/2020,COU,MO,ACE,CE,Federal Contract Tower,3,8,8,0,19,0,4,9,0,13,3,12,17,0,32,0,0,0,32
10/04/2020,COU,MO,ACE,CE,Federal Contract Tower,1,11,12,0,24,0,2,17,0,19,1,13,29,0,43,18,0,18,61
10/05/2020,COU,MO,ACE,CE,Federal Contract Tower,0,19,11,0,30,0,4,25,0,29,0,23,36,0,59,34,0,34,93
10/06/2020,COU,MO,ACE,CE,Federal Contract Tower,0,10,9,0,19,0,5,22,2,29,0,15,31,2,48,24,0,24,72
10/07/2020,COU,MO,ACE,CE,Federal Contract Tower,0,8,23,0,31,0,4,28,0,32,0,12,51,0,63,50,0,50,113
10/08/2020,COU,MO,ACE,CE,Federal Contract Tower,2,10,25,0,37,0,0,16,2,18,2,10,41,2,55,6,6,12,67
10/09/2020,COU,MO,ACE,CE,Federal Contract Tower,0,10,5,0,15,0,18,22,0,40,0,28,27,0,55,2,0,2,57
10/10/2020,COU,MO,ACE,CE,Federal Contract Tower,2,10,16,0,28,0,2,39,0,41,2,12,55,0,69,22,0,22,91
10/11/2020,COU,MO,ACE,CE,Federal Contract Tower,0,13,14,0,27,0,2,31,0,33,0,15,45,0,60,18,0,18,78
10/12/2020,COU,MO,ACE,CE,Federal Contract Tower,0,17,13,0,30,0,2,12,0,14,0,19,25,0,44,14,0,14,58
10/13/2020,COU,MO,ACE,CE,Federal Contract Tower,0,13,9,0,22,0,6,33,0,39,0,19,42,0,61,26,0,26,87
10/14/2020,COU,MO,ACE,CE,Federal Contract Tower,0,10,13,0,23,0,2,26,0,28,0,12,39,0,51,50,0,50,101
10/15/2020,COU,MO,ACE,CE,Federal Contract Tower,1,12,13,0,26,0,2,23,0,25,1,14,36,0,51,24,0,24,75
10/16/2020,COU,MO,ACE,CE,Federal Contract Tower,1,8,11,13,33,0,4,35,8,47,1,12,46,21,80,32,26,58,138
10/17/2020,COU,MO,ACE,CE,Federal Contract Tower,0,7,4,9,20,0,2,14,0,16,0,9,18,9,36,8,8,16,52
10/18/2020,COU,MO,ACE,CE,Federal Contract Tower,0,12,11,0,23,0,2,7,0,9,0,14,18,0,32,4,0,4,36
10/19/2020,COU,MO,ACE,CE,Federal Contract Tower,0,17,12,0,29,0,0,10,0,10,0,17,22,0,39,0,0,0,39
10/20/2020,COU,MO,ACE,CE,Federal Contract Tower,0,9,14,0,23,0,0,0,0,0,0,9,14,0,23,0,0,0,23
10/21/2020,COU,MO,ACE,CE,Federal Contract Tower,0,15,19,0,34,0,0,0,0,0,0,15,19,0,34,0,0,0,34
10/22/2020,COU,MO,ACE,CE,Federal Contract Tower,0,7,13,0,20,0,7,27,0,34,0,14,40,0,54,28,0,28,82
10/23/2020,COU,MO,ACE,CE,Federal Contract Tower,2,9,14,0,25,0,0,0,0,0,2,9,14,0,25,22,0,22,47
10/24/2020,COU,MO,ACE,CE,Federal Contract Tower,2,10,11,0,23,0,6,18,0,24,2,16,29,0,47,22,0,22,69
10/25/2020,COU,MO,ACE,CE,Federal Contract Tower,0,8,16,0,24,0,0,6,0,6,0,8,22,0,30,0,0,0,30
10/26/2020,COU,MO,ACE,CE,Federal Contract Tower,0,14,5,0,19,0,0,0,0,0,0,14,5,0,19,0,0,0,19
10/27/2020,COU,MO,ACE,CE,Federal Contract Tower,0,9,8,0,17,0,0,0,0,0,0,9,8,0,17,0,0,0,17
10/28/2020,COU,MO,ACE,CE,Federal Contract Tower,0,10,17,2,29,0,0,0,0,0,0,10,17,2,29,0,0,0,29
10/29/2020,COU,MO,ACE,CE,Federal Contract Tower,1,7,5,0,13,0,1,2,0,3,1,8,7,0,16,0,0,0,16
10/30/2020,COU,MO,ACE,CE,Federal Contract Tower,1,16,19,0,36,0,0,24,0,24,1,16,43,0,60,12,0,12,72
10/31/2020,COU,MO,ACE,CE,Federal Contract Tower,0,9,10,5,24,0,2,24,0,26,0,11,34,5,50,2,0,2,52
11/01/2020,COU,MO,ACE,CE,Federal Contract Tower,0,7,10,0,17,0,3,17,0,20,0,10,27,0,37,6,0,6,43
11/02/2020,COU,MO,ACE,CE,Federal Contract Tower,4,11,15,0,30,0,2,30,0,32,4,13,45,0,62,66,0,66,128
11/03/2020,COU,MO,ACE,CE,Federal Contract Tower,2,6,8,0,16,0,4,28,0,32,2,10,36,0,48,42,0,42,90
11/04/2020,COU,MO,ACE,CE,Federal Contract Tower,0,12,21,0,33,0,2,26,0,28,0,14,47,0,61,36,0,36,97
11/05/2020,COU,MO,ACE,CE,Federal Contract Tower,0,7,26,0,33,0,0,53,8,61,0,7,79,8,94,76,0,76,170
11/06/2020,COU,MO,ACE,CE,Federal Contract Tower,0,9,17,0,26,0,0,21,0,21,0,9,38,0,47,28,0,28,75
11/07/2020,COU,MO,ACE,CE,Federal Contract Tower,0,5,4,0,9,0,4,20,4,28,0,9,24,4,37,26,0,26,63
11/08/2020,COU,MO,ACE,CE,Federal Contract Tower,0,7,13,0,20,0,2,7,2,11,0,9,20,2,31,8,0,8,39
11/09/2020,COU,MO,ACE,CE,Federal Contract Tower,0,17,7,0,24,0,4,7,0,11,0,21,14,0,35,16,0,16,51
11/10/2020,COU,MO,ACE,CE,Federal Contract Tower,0,10,14,0,24,0,0,1,0,1,0,10,15,0,25,0,0,0,25
11/11/2020,COU,MO,ACE,CE,Federal Contract Tower,0,11,11,0,22,0,2,22,0,24,0,13,33,0,46,38,0,38,84
11/12/2020,COU,MO,ACE,CE,Federal Contract Tower,1,6,7,0,14,0,0,42,0,42,1,6,49,0,56,78,0,78,134
11/13/2020,COU,MO,ACE,CE,Federal Contract Tower,1,8,22,1,32,0,0,27,0,27,1,8,49,1,59,34,2,36,95
11/14/2020,COU,MO,ACE,CE,Federal Contract Tower,0,11,5,0,16,0,2,1,0,3,0,13,6,0,19,0,0,0,19
11/15/2020,COU,MO,ACE,CE,Federal Contract Tower,1,8,6,0,15,0,7,11,0,18,1,15,17,0,33,0,0,0,33
11/16/2020,COU,MO,ACE,CE,Federal Contract Tower,1,19,3,2,25,0,2,18,0,20,1,21,21,2,45,44,0,44,89
11/17/2020,COU,MO,ACE,CE,Federal Contract Tower,1,6,30,4,41,0,4,29,0,33,1,10,59,4,74,40,0,40,114
11/18/2020,COU,MO,ACE,CE,Federal Contract Tower,1,9,18,0,28,0,2,19,0,21,1,11,37,0,49,10,0,10,59
11/19/2020,COU,MO,ACE,CE,Federal Contract Tower,2,6,19,0,27,0,1,13,3,17,2,7,32,3,44,18,0,18,62
11/20/2020,COU,MO,ACE,CE,Federal Contract Tower,4,8,6,0,18,0,0,18,3,21,4,8,24,3,39,72,0,72,111
11/21/2020,COU,MO,ACE,CE,Federal Contract Tower,1,8,16,0,25,0,0,1,0,1,1,8,17,0,26,0,0,0,26
11/22/2020,COU,MO,ACE,CE,Federal Contract Tower,2,8,14,0,24,0,0,4,0,4,2,8,18,0,28,16,0,16,44
11/23/2020,COU,MO,ACE,CE,Federal Contract Tower,3,13,16,0,32,0,2,26,0,28,3,15,42,0,60,18,0,18,78
11/24/2020,COU,MO,ACE,CE,Federal Contract Tower,0,10,6,0,16,0,1,6,1,8,0,11,12,1,24,4,0,4,28
11/25/2020,COU,MO,ACE,CE,Federal Contract Tower,1,11,10,0,22,0,0,0,0,0,1,11,10,0,22,0,0,0,22
11/26/2020,COU,MO,ACE,CE,Federal Contract Tower,1,2,3,0,6,0,1,10,0,11,1,3,13,0,17,0,0,0,17
11/27/2020,COU,MO,ACE,CE,Federal Contract Tower,2,11,8,0,21,0,0,43,0,43,2,11,51,0,64,26,0,26,90
11/28/2020,COU,MO,ACE,CE,Federal Contract Tower,0,10,16,2,28,0,2,46,0,48,0,12,62,2,76,6,0,6,82
11/29/2020,COU,MO,ACE,CE,Federal Contract Tower,2,7,7,0,16,0,4,22,1,27,2,11,29,1,43,4,0,4,47
11/30/2020,COU,MO,ACE,CE,Federal Contract Tower,1,18,4,1,24,0,1,19,0,20,1,19,23,1,44,10,0,10,54
12/01/2020,COU,MO,ACE,CE,Federal Contract Tower,0,11,16,0,27,0,5,23,2,30,0,16,39,2,57,0,0,0,57
12/02/2020,COU,MO,ACE,CE,Federal Contract Tower,0,8,17,2,27,0,2,15,0,17,0,10,32,2,44,0,0,0,44
12/03/2020,COU,MO,ACE,CE,Federal Contract Tower,0,7,5,0,12,0,0,2,0,2,0,7,7,0,14,42,0,42,56
12/04/2020,COU,MO,ACE,CE,Federal Contract Tower,0,6,17,1,24,0,0,16,1,17,0,6,33,2,41,0,0,0,41
12/05/2020,COU,MO,ACE,CE,Federal Contract Tower,0,8,20,14,42,0,2,26,0,28,0,10,46,14,70,12,0,12,82
12/06/2020,COU,MO,ACE,CE,Federal Contract Tower,0,11,14,0,25,0,4,22,0,26,0,15,36,0,51,10,0,10,61
12/07/2020,COU,MO,ACE,CE,Federal Contract Tower,0,20,10,0,30,0,4,15,0,19,0,24,25,0,49,10,0,10,59
12/08/2020,COU,MO,ACE,CE,Federal Contract Tower,0,10,18,1,29,0,2,19,2,23,0,12,37,3,52,19,0,19,71
12/09/2020,COU,MO,ACE,CE,Federal Contract Tower,0,11,12,0,23,0,4,34,7,45,0,15,46,7,68,10,0,10,78
12/10/2020,COU,MO,ACE,CE,Federal Contract Tower,0,9,18,0,27,0,0,35,0,35,0,9,53,0,62,0,0,0,62
12/11/2020,COU,MO,ACE,CE,Federal Contract Tower,5,24,4,0,33,0,0,0,0,0,5,24,4,0,33,0,0,0,33
12/12/2020,COU,MO,ACE,CE,Federal Contract Tower,6,14,22,0,42,0,0,0,0,0,6,14,22,0,42,0,0,0,42
12/13/2020,COU,MO,ACE,CE,Federal Contract Tower,0,7,7,0,14,0,0,3,0,3,0,7,10,0,17,12,0,12,29
12/14/2020,COU,MO,ACE,CE,Federal Contract Tower,0,14,11,0,25,0,2,35,0,37,0,16,46,0,62,6,0,6,68
12/15/2020,COU,MO,ACE,CE,Federal Contract Tower,0,13,14,0,27,0,2,27,0,29,0,15,41,0,56,38,0,38,94
12/16/2020,COU,MO,ACE,CE,Federal Contract Tower,0,4,17,0,21,0,4,27,0,31,0,8,44,0,52,126,0,126,178
12/17/2020,COU,MO,ACE,CE,Federal Contract Tower,0,10,19,0,29,0,0,19,0,19,0,10,38,0,48,14,0,14,62
12/18/2020,COU,MO,ACE,CE,Federal Contract Tower,2,8,11,0,21,0,0,12,0,12,2,8,23,0,33,36,0,36,69
12/19/2020,COU,MO,ACE,CE,Federal Contract Tower,1,12,10,0,23,0,0,1,0,1,1,12,11,0,24,0,0,0,24
12/20/2020,COU,MO,ACE,CE,Federal Contract Tower,0,14,8,0,22,0,0,24,0,24,0,14,32,0,46,30,0,30,76
12/21/2020,COU,MO,ACE,CE,Federal Contract Tower,0,15,10,0,25,0,0,14,0,14,0,15,24,0,39,0,0,0,39
12/22/2020,COU,MO,ACE,CE,Federal Contract Tower,0,8,12,0,20,0,4,28,6,38,0,12,40,6,58,4,0,4,62
12/23/2020,COU,MO,ACE,CE,Federal Contract Tower,0,11,4,0,15,0,0,6,0,6,0,11,10,0,21,10,0,10,31
12/24/2020,COU,MO,ACE,CE,Federal Contract Tower,0,4,6,0,10,0,0,2,0,2,0,4,8,0,12,0,0,0,12
12/25/2020,COU,MO,ACE,CE,Federal Contract Tower,0,2,0,0,2,0,0,2,0,2,0,2,2,0,4,0,0,0,4
12/26/2020,COU,MO,ACE,CE,Federal Contract Tower,0,12,8,0,20,0,2,27,0,29,0,14,35,0,49,60,0,60,109
12/27/2020,COU,MO,ACE,CE,Federal Contract Tower,0,10,9,0,19,0,0,4,0,4,0,10,13,0,23,26,0,26,49
12/28/2020,COU,MO,ACE,CE,Federal Contract Tower,0,15,9,0,24,0,6,15,0,21,0,21,24,0,45,74,0,74,119
12/29/2020,COU,MO,ACE,CE,Federal Contract Tower,1,7,4,0,12,0,0,2,0,2,1,7,6,0,14,16,0,16,30
12/30/2020,COU,MO,ACE,CE,Federal Contract Tower,1,10,5,0,16,0,2,14,0,16,1,12,19,0,32,18,0,18,50
12/31/2020,COU,MO,ACE,CE,Federal Contract Tower,0,8,4,0,12,0,0,13,0,13,0,8,17,0,25,6,0,6,31
01/01/2021,COU,MO,ACE,CE,Federal Contract Tower,0,4,2,0,6,0,0,0,0,0,0,4,2,0,6,0,0,0,6
01/02/2021,COU,MO,ACE,CE,Federal Contract Tower,0,10,5,0,15,0,0,0,0,0,0,10,5,0,15,0,0,0,15
01/03/2021,COU,MO,ACE,CE,Federal Contract Tower,0,5,5,0,10,0,0,0,0,0,0,5,5,0,10,0,0,0,10
01/04/2021,COU,MO,ACE,CE,Federal Contract Tower,0,17,6,0,23,0,0,0,0,0,0,17,6,0,23,0,0,0,23
01/05/2021,COU,MO,ACE,CE,Federal Contract Tower,0,4,14,0,18,0,4,27,0,31,0,8,41,0,49,16,0,16,65
01/06/2021,COU,MO,ACE,CE,Federal Contract Tower,0,8,8,0,16,0,4,19,0,23,0,12,27,0,39,56,0,56,95
01/07/2021,COU,MO,ACE,CE,Federal Contract Tower,0,7,7,0,14,0,0,0,0,0,0,7,7,0,14,0,0,0,14
01/08/2021,COU,MO,ACE,CE,Federal Contract Tower,0,7,4,0,11,0,0,10,0,10,0,7,14,0,21,22,0,22,43
01/09/2021,COU,MO,ACE,CE,Federal Contract Tower,0,6,6,0,12,0,0,5,0,5,0,6,11,0,17,12,0,12,29
01/10/2021,COU,MO,ACE,CE,Federal Contract Tower,0,12,2,0,14,0,0,4,0,4,0,12,6,0,18,24,0,24,42
01/11/2021,COU,MO,ACE,CE,Federal Contract Tower,0,8,10,0,18,0,4,18,0,22,0,12,28,0,40,44,0,44,84
01/12/2021,COU,MO,ACE,CE,Federal Contract Tower,0,4,12,0,16,0,2,29,0,31,0,6,41,0,47,36,0,36,83
01/13/2021,COU,MO,ACE,CE,Federal Contract Tower,0,5,20,0,25,0,4,25,0,29,0,9,45,0,54,14,0,14,68
01/14/2021,COU,MO,ACE,CE,Federal Contract Tower,1,7,5,0,13,0,0,3,0,3,1,7,8,0,16,0,0,0,16
01/15/2021,COU,MO,ACE,CE,Federal Contract Tower,1,5,0,0,6,0,0,0,0,0,1,5,0,0,6,0,0,0,6
01/16/2021,COU,MO,ACE,CE,Federal Contract Tower,2,13,3,0,18,0,1,0,0,1,2,14,3,0,19,0,0,0,19
01/17/2021,COU,MO,ACE,CE,Federal Contract Tower,2,14,4,0,20,0,0,0,0,0,2,14,4,0,20,0,0,0,20
01/18/2021,COU,MO,ACE,CE,Federal Contract Tower,1,15,10,0,26,0,4,21,0,25,1,19,31,0,51,10,0,10,61
01/19/2021,COU,MO,ACE,CE,Federal Contract Tower,0,6,10,2,18,0,4,18,0,22,0,10,28,2,40,6,0,6,46
01/21/2021,COU,MO,ACE,CE,Federal Contract Tower,0,7,17,0,24,0,0,25,0,25,0,7,42,0,49,0,0,0,49
01/22/2021,COU,MO,ACE,CE,Federal Contract Tower,2,12,9,0,23,0,0,13,4,17,2,12,22,4,40,12,0,12,52
01/23/2021,COU,MO,ACE,CE,Federal Contract Tower,1,9,7,2,19,0,0,24,0,24,1,9,31,2,43,0,0,0,43
01/24/2021,COU,MO,ACE,CE,Federal Contract Tower,1,13,2,0,16,0,0,0,0,0,1,13,2,0,16,0,0,0,16
01/25/2021,COU,MO,ACE,CE,Federal Contract Tower,0,21,10,0,31,0,0,0,0,0,0,21,10,0,31,0,0,0,31
01/26/2021,COU,MO,ACE,CE,Federal Contract Tower,0,4,18,0,22,0,2,1,0,3,0,6,19,0,25,0,0,0,25
01/27/2021,COU,MO,ACE,CE,Federal Contract Tower,0,6,9,0,15,0,0,0,0,0,0,6,9,0,15,0,0,0,15
01/28/2021,COU,MO,ACE,CE,Federal Contract Tower,0,12,7,0,19,0,0,8,0,8,0,12,15,0,27,6,0,6,33
01/29/2021,COU,MO,ACE,CE,Federal Contract Tower,0,9,8,0,17,0,0,15,0,15,0,9,23,0,32,0,0,0,32
01/30/2021,COU,MO,ACE,CE,Federal Contract Tower,2,6,7,0,15,0,0,0,0,0,2,6,7,0,15,0,0,0,15
01/31/2021,COU,MO,ACE,CE,Federal Contract Tower,0,7,6,0,13,0,0,0,0,0,0,7,6,0,13,0,0,0,13
02/01/2021,COU,MO,ACE,CE,Federal Contract Tower,0,15,8,0,23,0,0,1,0,1,0,15,9,0,24,0,0,0,24
02/02/2021,COU,MO,ACE,CE,Federal Contract Tower,1,4,17,0,22,0,4,24,0,28,1,8,41,0,50,14,0,14,64
02/03/2021,COU,MO,ACE,CE,Federal Contract Tower,0,6,13,0,19,0,2,25,2,29,0,8,38,2,48,14,0,14,62
02/04/2021,COU,MO,ACE,CE,Federal Contract Tower,0,11,13,0,24,0,0,2,2,4,0,11,15,2,28,0,0,0,28
02/05/2021,COU,MO,ACE,CE,Federal Contract Tower,1,10,7,0,18,0,0,6,2,8,1,10,13,2,26,0,2,2,28
02/06/2021,COU,MO,ACE,CE,Federal Contract Tower,3,8,2,0,13,0,2,3,0,5,3,10,5,0,18,2,0,2,20
02/07/2021,COU,MO,ACE,CE,Federal Contract Tower,0,8,4,0,12,0,1,2,0,3,0,9,6,0,15,0,0,0,15
02/08/2021,COU,MO,ACE,CE,Federal Contract Tower,0,13,4,0,17,0,0,0,0,0,0,13,4,0,17,0,0,0,17
02/09/2021,COU,MO,ACE,CE,Federal Contract Tower,2,12,10,0,24,0,3,10,0,13,2,15,20,0,37,0,0,0,37
02/10/2021,COU,MO,ACE,CE,Federal Contract Tower,0,10,18,0,28,0,0,1,0,1,0,10,19,0,29,0,0,0,29
02/11/2021,COU,MO,ACE,CE,Federal Contract Tower,0,7,3,2,12,0,0,2,2,4,0,7,5,4,16,0,0,0,16
02/12/2021,COU,MO,ACE,CE,Federal Contract Tower,1,13,16,0,30,0,0,8,0,8,1,13,24,0,38,0,0,0,38
02/13/2021,COU,MO,ACE,CE,Federal Contract Tower,1,8,7,0,16,0,0,1,0,1,1,8,8,0,17,0,0,0,17
02/14/2021,COU,MO,ACE,CE,Federal Contract Tower,0,1,1,0,2,0,0,0,0,0,0,1,1,0,2,0,0,0,2
02/15/2021,COU,MO,ACE,CE,Federal Contract Tower,0,1,1,0,2,0,0,0,0,0,0,1,1,0,2,0,0,0,2
02/16/2021,COU,MO,ACE,CE,Federal Contract Tower,0,8,12,0,20,0,3,1,0,4,0,11,13,0,24,0,0,0,24
02/17/2021,COU,MO,ACE,CE,Federal Contract Tower,0,8,6,0,14,0,0,0,0,0,0,8,6,0,14,0,0,0,14
02/18/2021,COU,MO,ACE,CE,Federal Contract Tower,0,7,6,0,13,0,2,6,6,14,0,9,12,6,27,0,4,4,31
02/19/2021,COU,MO,ACE,CE,Federal Contract Tower,2,10,8,0,20,0,2,13,0,15,2,12,21,0,35,0,0,0,35
02/20/2021,COU,MO,ACE,CE,Federal Contract Tower,3,9,10,0,22,0,2,32,0,34,3,11,42,0,56,38,0,38,94
02/21/2021,COU,MO,ACE,CE,Federal Contract Tower,1,10,1,0,12,0,0,0,0,0,1,10,1,0,12,0,0,0,12
02/22/2021,COU,MO,ACE,CE,Federal Contract Tower,0,22,11,0,33,0,4,24,0,28,0,26,35,0,61,18,0,18,79
02/23/2021,COU,MO,ACE,CE,Federal Contract Tower,0,4,14,0,18,0,2,29,2,33,0,6,43,2,51,28,0,28,79
02/24/2021,COU,MO,ACE,CE,Federal Contract Tower,1,7,20,2,30,0,2,29,0,31,1,9,49,2,61,8,0,8,69
02/25/2021,COU,MO,ACE,CE,Federal Contract Tower,0,9,21,0,30,0,2,28,2,32,0,11,49,2,62,0,0,0,62
02/26/2021,COU,MO,ACE,CE,Federal Contract Tower,0,14,8,0,22,0,0,18,0,18,0,14,26,0,40,0,0,0,40
02/27/2021,COU,MO,ACE,CE,Federal Contract Tower,2,10,2,0,14,0,2,27,0,29,2,12,29,0,43,14,0,14,57
02/28/2021,COU,MO,ACE,CE,Federal Contract Tower,0,11,10,2,23,0,4,14,0,18,0,15,24,2,41,6,0,6,47
03/01/2021,COU,MO,ACE,CE,Federal Contract Tower,0,20,11,0,31,0,4,33,0,37,0,24,44,0,68,10,0,10,78
03/02/2021,COU,MO,ACE,CE,Federal Contract Tower,1,9,11,0,21,0,4,20,0,24,1,13,31,0,45,12,0,12,57
03/03/2021,COU,MO,ACE,CE,Federal Contract Tower,0,6,19,0,25,0,0,31,0,31,0,6,50,0,56,28,0,28,84
03/04/2021,COU,MO,ACE,CE,Federal Contract Tower,0,11,13,0,24,0,0,20,0,20,0,11,33,0,44,20,0,20,64
03/05/2021,COU,MO,ACE,CE,Federal Contract Tower,2,10,17,0,29,0,0,19,0,19,2,10,36,0,48,34,0,34,82
03/06/2021,COU,MO,ACE,CE,Federal Contract Tower,2,6,8,0,16,0,4,29,0,33,2,10,37,0,49,10,0,10,59
03/07/2021,COU,MO,ACE,CE,Federal Contract Tower,0,7,5,0,12,0,4,27,0,31,0,11,32,0,43,18,0,18,61
03/08/2021,COU,MO,ACE,CE,Federal Contract Tower,0,15,9,0,24,0,1,29,0,30,0,16,38,0,54,24,0,24,78
03/09/2021,COU,MO,ACE,CE,Federal Contract Tower,2,5,9,0,16,0,2,13,0,15,2,7,22,0,31,0,0,0,31
03/10/2021,COU,MO,ACE,CE,Federal Contract Tower,0,7,18,0,25,0,0,8,0,8,0,7,26,0,33,0,0,0,33
03/11/2021,COU,MO,ACE,CE,Federal Contract Tower,0,8,19,0,27,0,0,9,2,11,0,8,28,2,38,8,6,14,52
03/12/2021,COU,MO,ACE,CE,Federal Contract Tower,0,8,13,4,25,0,0,2,4,6,0,8,15,8,31,0,0,0,31
03/13/2021,COU,MO,ACE,CE,Federal Contract Tower,0,12,10,0,22,0,0,2,0,2,0,12,12,0,24,0,0,0,24
03/14/2021,COU,MO,ACE,CE,Federal Contract Tower,0,7,17,0,24,0,0,0,0,0,0,7,17,0,24,0,0,0,24
03/15/2021,COU,MO,ACE,CE,Federal Contract Tower,0,13,5,0,18,0,0,0,0,0,0,13,5,0,18,0,0,0,18
03/16/2021,COU,MO,ACE,CE,Federal Contract Tower,0,7,14,0,21,0,0,0,0,0,0,7,14,0,21,0,0,0,21
03/17/2021,COU,MO,ACE,CE,Federal Contract Tower,0,6,14,0,20,0,0,0,0,0,0,6,14,0,20,0,0,0,20
03/18/2021,COU,MO,ACE,CE,Federal Contract Tower,0,14,10,0,24,0,0,0,0,0,0,14,10,0,24,0,0,0,24
03/19/2021,COU,MO,ACE,CE,Federal Contract Tower,0,13,16,0,29,0,2,16,0,18,0,15,32,0,47,0,0,0,47
03/20/2021,COU,MO,ACE,CE,Federal Contract Tower,0,11,18,0,29,0,2,43,0,45,0,13,61,0,74,60,0,60,134
03/21/2021,COU,MO,ACE,CE,Federal Contract Tower,0,7,14,18,39,0,4,32,0,36,0,11,46,18,75,0,0,0,75
03/22/2021,COU,MO,ACE,CE,Federal Contract Tower,0,18,10,0,28,0,0,9,0,9,0,18,19,0,37,28,0,28,65
03/23/2021,COU,MO,ACE,CE,Federal Contract Tower,2,5,8,0,15,0,1,5,0,6,2,6,13,0,21,0,0,0,21
03/24/2021,COU,MO,ACE,CE,Federal Contract Tower,2,15,25,19,61,0,0,8,10,18,2,15,33,29,79,0,0,0,79
03/25/2021,COU,MO,ACE,CE,Federal Contract Tower,0,11,8,0,19,0,0,0,0,0,0,11,8,0,19,0,0,0,19
03/26/2021,COU,MO,ACE,CE,Federal Contract Tower,1,11,20,18,50,0,0,20,4,24,1,11,40,22,74,12,0,12,86
03/27/2021,COU,MO,ACE,CE,Federal Contract Tower,0,19,17,0,36,0,4,16,0,20,0,23,33,0,56,12,0,12,68
03/28/2021,COU,MO,ACE,CE,Federal Contract Tower,0,6,10,2,18,0,4,11,0,15,0,10,21,2,33,0,0,0,33
03/29/2021,COU,MO,ACE,CE,Federal Contract Tower,0,21,13,0,34,0,2,13,0,15,0,23,26,0,49,0,0,0,49
03/30/2021,COU,MO,ACE,CE,Federal Contract Tower,0,9,11,2,22,0,4,20,0,24,0,13,31,2,46,16,0,16,62
03/31/2021,COU,MO,ACE,CE,Federal Contract Tower,1,11,24,3,39,0,4,20,0,24,1,15,44,3,63,0,0,0,63
04/01/2021,COU,MO,ACE,CE,Federal Contract Tower,0,10,15,1,26,0,6,23,0,29,0,16,38,1,55,10,0,10,65
04/02/2021,COU,MO,ACE,CE,Federal Contract Tower,2,7,6,0,15,0,0,25,0,25,2,7,31,0,40,8,0,8,48
04/03/2021,COU,MO,ACE,CE,Federal Contract Tower,1,14,9,0,24,0,4,27,0,31,1,18,36,0,55,4,0,4,59
04/04/2021,COU,MO,ACE,CE,Federal Contract Tower,1,10,6,0,17,0,3,10,0,13,1,13,16,0,30,8,0,8,38
04/05/2021,COU,MO,ACE,CE,Federal Contract Tower,2,13,14,0,29,0,2,22,0,24,2,15,36,0,53,38,0,38,91
04/06/2021,COU,MO,ACE,CE,Federal Contract Tower,0,8,8,0,16,0,2,22,0,24,0,10,30,0,40,0,0,0,40
04/07/2021,COU,MO,ACE,CE,Federal Contract Tower,2,8,2,0,12,0,0,0,0,0,2,8,2,0,12,0,0,0,12
04/08/2021,COU,MO,ACE,CE,Federal Contract Tower,3,12,20,0,35,0,0,0,0,0,3,12,20,0,35,0,0,0,35
04/09/2021,COU,MO,ACE,CE,Federal Contract Tower,2,5,12,2,21,0,3,50,2,55,2,8,62,4,76,42,0,42,118
04/10/2021,COU,MO,ACE,CE,Federal Contract Tower,3,4,1,0,8,0,1,0,0,1,3,5,1,0,9,0,0,0,9
04/11/2021,COU,MO,ACE,CE,Federal Contract Tower,5,4,7,0,16,0,2,28,0,30,5,6,35,0,46,48,0,48,94
04/12/2021,COU,MO,ACE,CE,Federal Contract Tower,4,14,10,0,28,0,2,27,4,33,4,16,37,4,61,48,0,48,109
04/13/2021,COU,MO,ACE,CE,Federal Contract Tower,3,7,12,0,22,0,2,40,0,42,3,9,52,0,64,32,0,32,96
04/14/2021,COU,MO,ACE,CE,Federal Contract Tower,3,19,20,0,42,0,2,38,2,42,3,21,58,2,84,64,0,64,148
04/15/2021,COU,MO,ACE,CE,Federal Contract Tower,2,4,16,7,29,0,1,37,1,39,2,5,53,8,68,14,16,30,98
04/16/2021,COU,MO,ACE,CE,Federal Contract Tower,4,8,8,0,20,0,0,14,0,14,4,8,22,0,34,12,0,12,46
04/17/2021,COU,MO,ACE,CE,Federal Contract Tower,4,2,1,0,7,0,0,10,0,10,4,2,11,0,17,12,0,12,29
04/18/2021,COU,MO,ACE,CE,Federal Contract Tower,4,4,7,0,15,0,2,33,0,35,4,6,40,0,50,56,0,56,106
04/19/2021,COU,MO,ACE,CE,Federal Contract Tower,3,17,13,0,33,0,2,34,0,36,3,19,47,0,69,14,0,14,83
04/20/2021,COU,MO,ACE,CE,Federal Contract Tower,1,8,8,0,17,0,0,0,0,0,1,8,8,0,17,0,0,0,17
04/21/2021,COU,MO,ACE,CE,Federal Contract Tower,2,9,11,0,22,0,2,25,0,27,2,11,36,0,49,28,0,28,77
04/22/2021,COU,MO,ACE,CE,Federal Contract Tower,4,7,16,0,27,0,0,22,0,22,4,7,38,0,49,0,0,0,49
04/23/2021,COU,MO,ACE,CE,Federal Contract Tower,4,8,18,1,31,0,0,19,0,19,4,8,37,1,50,0,0,0,50
04/24/2021,COU,MO,ACE,CE,Federal Contract Tower,4,2,2,0,8,0,2,3,4,9,4,4,5,4,17,0,0,0,17
04/25/2021,COU,MO,ACE,CE,Federal Contract Tower,4,9,15,0,28,0,4,24,0,28,4,13,39,0,56,0,0,0,56
04/26/2021,COU,MO,ACE,CE,Federal Contract Tower,3,15,12,0,30,0,2,9,0,11,3,17,21,0,41,0,0,0,41
04/27/2021,COU,MO,ACE,CE,Federal Contract Tower,4,5,10,0,19,0,2,10,0,12,4,7,20,0,31,0,0,0,31
04/28/2021,COU,MO,ACE,CE,Federal Contract Tower,1,5,10,2,18,0,2,7,0,9,1,7,17,2,27,12,0,12,39
04/29/2021,COU,MO,ACE,CE,Federal Contract Tower,4,9,13,0,26,0,0,8,0,8,4,9,21,0,34,6,0,6,40
04/30/2021,COU,MO,ACE,CE,Federal Contract Tower,4,4,9,0,17,0,0,20,0,20,4,4,29,0,37,18,0,18,55
05/01/2021,COU,MO,ACE,CE,Federal Contract Tower,4,7,3,0,14,0,0,15,0,15,4,7,18,0,29,8,0,8,37
05/02/2021,COU,MO,ACE,CE,Federal Contract Tower,3,6,8,0,17,0,0,6,0,6,3,6,14,0,23,8,0,8,31
05/03/2021,COU,MO,ACE,CE,Federal Contract Tower,4,12,13,0,29,0,4,13,0,17,4,16,26,0,46,16,0,16,62
05/04/2021,COU,MO,ACE,CE,Federal Contract Tower,3,5,18,0,26,0,2,7,0,9,3,7,25,0,35,8,0,8,43
05/05/2021,COU,MO,ACE,CE,Federal Contract Tower,4,8,27,0,39,0,2,34,0,36,4,10,61,0,75,26,0,26,101
05/06/2021,COU,MO,ACE,CE,Federal Contract Tower,7,7,18,0,32,0,0,27,0,27,7,7,45,0,59,4,0,4,63
05/07/2021,COU,MO,ACE,CE,Federal Contract Tower,7,8,16,0,31,0,0,15,0,15,7,8,31,0,46,12,0,12,58
05/08/2021,COU,MO,ACE,CE,Federal Contract Tower,5,4,5,0,14,0,0,4,0,4,5,4,9,0,18,0,0,0,18
05/09/2021,COU,MO,ACE,CE,Federal Contract Tower,6,3,7,0,16,0,0,4,0,4,6,3,11,0,20,0,0,0,20
05/10/2021,COU,MO,ACE,CE,Federal Contract Tower,7,14,22,0,43,0,4,23,0,27,7,18,45,0,70,22,0,22,92
05/11/2021,COU,MO,ACE,CE,Federal Contract Tower,3,9,24,0,36,0,4,17,0,21,3,13,41,0,57,6,0,6,63
05/12/2021,COU,MO,ACE,CE,Federal Contract Tower,4,7,24,0,35,0,2,27,0,29,4,9,51,0,64,12,0,12,76
05/13/2021,COU,MO,ACE,CE,Federal Contract Tower,7,6,12,0,25,0,0,27,0,27,7,6,39,0,52,42,0,42,94
05/14/2021,COU,MO,ACE,CE,Federal Contract Tower,7,9,19,0,35,0,14,25,1,40,7,23,44,1,75,14,0,14,89
05/15/2021,COU,MO,ACE,CE,Federal Contract Tower,5,5,10,0,20,0,2,9,0,11,5,7,19,0,31,34,0,34,65
05/16/2021,COU,MO,ACE,CE,Federal Contract Tower,6,5,14,0,25,0,2,6,0,8,6,7,20,0,33,8,0,8,41
05/17/2021,COU,MO,ACE,CE,Federal Contract Tower,5,16,14,0,35,0,0,0,0,0,5,16,14,0,35,0,0,0,35
05/18/2021,COU,MO,ACE,CE,Federal Contract Tower,5,12,25,0,42,0,1,5,2,8,5,13,30,2,50,0,0,0,50
05/19/2021,COU,MO,ACE,CE,Federal Contract Tower,5,7,18,0,30,0,0,7,0,7,5,7,25,0,37,8,0,8,45
05/20/2021,COU,MO,ACE,CE,Federal Contract Tower,7,6,18,0,31,0,0,12,0,12,7,6,30,0,43,10,0,10,53
05/21/2021,COU,MO,ACE,CE,Federal Contract Tower,7,6,14,0,27,0,0,11,0,11,7,6,25,0,38,68,0,68,106
05/22/2021,COU,MO,ACE,CE,Federal Contract Tower,5,13,9,0,27,0,2,5,0,7,5,15,14,0,34,16,0,16,50
05/23/2021,COU,MO,ACE,CE,Federal Contract Tower,6,5,10,0,21,0,2,21,0,23,6,7,31,0,44,24,0,24,68
05/24/2021,COU,MO,ACE,CE,Federal Contract Tower,7,16,20,0,43,0,2,30,0,32,7,18,50,0,75,60,0,60,135
05/25/2021,COU,MO,ACE,CE,Federal Contract Tower,4,8,14,0,26,0,0,7,0,7,4,8,21,0,33,0,0,0,33
05/26/2021,COU,MO,ACE,CE,Federal Contract Tower,4,2,18,1,25,0,2,17,0,19,4,4,35,1,44,20,0,20,64
05/27/2021,COU,MO,ACE,CE,Federal Contract Tower,7,3,12,0,22,0,0,3,0,3,7,3,15,0,25,0,0,0,25
05/28/2021,COU,MO,ACE,CE,Federal Contract Tower,7,2,13,0,22,0,0,1,0,1,7,2,14,0,23,0,0,0,23
05/29/2021,COU,MO,ACE,CE,Federal Contract Tower,6,11,13,0,30,0,4,25,0,29,6,15,38,0,59,6,0,6,65
05/30/2021,COU,MO,ACE,CE,Federal Contract Tower,8,8,5,0,21,0,6,23,0,29,8,14,28,0,50,20,0,20,70
05/31/2021,COU,MO,ACE,CE,Federal Contract Tower,6,20,6,0,32,0,0,10,0,10,6,20,16,0,42,0,0,0,42
06/01/2021,COU,MO,ACE,CE,Federal Contract Tower,5,6,18,0,29,0,2,21,0,23,5,8,39,0,52,0,0,0,52
06/02/2021,COU,MO,ACE,CE,Federal Contract Tower,6,6,22,0,34,0,2,19,0,21,6,8,41,0,55,26,0,26,81
06/03/2021,COU,MO,ACE,CE,Federal Contract Tower,7,5,12,0,24,0,0,16,0,16,7,5,28,0,40,26,0,26,66
06/04/2021,COU,MO,ACE,CE,Federal Contract Tower,8,4,14,0,26,0,1,29,0,30,8,5,43,0,56,40,0,40,96
06/05/2021,COU,MO,ACE,CE,Federal Contract Tower,7,5,9,0,21,0,0,30,0,30,7,5,39,0,51,28,0,28,79
06/06/2021,COU,MO,ACE,CE,Federal Contract Tower,8,7,17,0,32,0,0,5,0,5,8,7,22,0,37,38,0,38,75
06/07/2021,COU,MO,ACE,CE,Federal Contract Tower,6,9,11,0,26,0,0,7,0,7,6,9,18,0,33,4,0,4,37
06/08/2021,COU,MO,ACE,CE,Federal Contract Tower,8,4,13,4,29,0,0,10,0,10,8,4,23,4,39,28,0,28,67
06/09/2021,COU,MO,ACE,CE,Federal Contract Tower,8,9,24,0,41,0,0,23,0,23,8,9,47,0,64,16,0,16,80
06/10/2021,COU,MO,ACE,CE,Federal Contract Tower,8,5,18,0,31,0,0,18,0,18,8,5,36,0,49,38,0,38,87
06/11/2021,COU,MO,ACE,CE,Federal Contract Tower,8,14,10,0,32,0,0,24,0,24,8,14,34,0,56,30,0,30,86
06/12/2021,COU,MO,ACE,CE,Federal Contract Tower,6,2,6,0,14,0,6,41,0,47,6,8,47,0,61,16,0,16,77
06/13/2021,COU,MO,ACE,CE,Federal Contract Tower,9,13,6,0,28,0,2,46,0,48,9,15,52,0,76,48,0,48,124
06/14/2021,COU,MO,ACE,CE,Federal Contract Tower,9,15,16,0,40,0,2,37,0,39,9,17,53,0,79,28,0,28,107
06/15/2021,COU,MO,ACE,CE,Federal Contract Tower,8,3,17,0,28,0,4,40,0,44,8,7,57,0,72,28,0,28,100
06/16/2021,COU,MO,ACE,CE,Federal Contract Tower,8,3,8,0,19,0,4,37,0,41,8,7,45,0,60,38,0,38,98
06/17/2021,COU,MO,ACE,CE,Federal Contract Tower,10,8,9,0,27,0,0,16,0,16,10,8,25,0,43,48,0,48,91
06/18/2021,COU,MO,ACE,CE,Federal Contract Tower,7,7,19,0,33,0,2,23,0,25,7,9,42,0,58,0,0,0,58
06/19/2021,COU,MO,ACE,CE,Federal Contract Tower,9,3,8,0,20,0,4,39,0,43,9,7,47,0,63,6,0,6,69
06/20/2021,COU,MO,ACE,CE,Federal Contract Tower,11,2,12,0,25,0,6,15,0,21,11,8,27,0,46,24,0,24,70
06/21/2021,COU,MO,ACE,CE,Federal Contract Tower,9,12,15,2,38,0,2,27,2,31,9,14,42,4,69,16,0,16,85
06/22/2021,COU,MO,ACE,CE,Federal Contract Tower,8,2,13,0,23,0,4,28,0,32,8,6,41,0,55,46,0,46,101
06/23/2021,COU,MO,ACE,CE,Federal Contract Tower,8,4,24,0,36,0,4,30,0,34,8,8,54,0,70,12,0,12,82
06/24/2021,COU,MO,ACE,CE,Federal Contract Tower,6,5,8,0,19,0,0,9,0,9,6,5,17,0,28,0,0,0,28
06/25/2021,COU,MO,ACE,CE,Federal Contract Tower,4,8,15,1,28,0,2,20,0,22,4,10,35,1,50,0,0,0,50
06/26/2021,COU,MO,ACE,CE,Federal Contract Tower,10,5,9,0,24,0,0,4,0,4,10,5,13,0,28,0,0,0,28
06/27/2021,COU,MO,ACE,CE,Federal Contract Tower,4,11,16,0,31,0,0,2,0,2,4,11,18,0,33,0,0,0,33
06/28/2021,COU,MO,ACE,CE,Federal Contract Tower,6,10,13,1,30,0,0,7,0,7,6,10,20,1,37,56,0,56,93
06/29/2021,COU,MO,ACE,CE,Federal Contract Tower,6,4,9,0,19,0,0,10,2,12,6,4,19,2,31,18,0,18,49
06/30/2021,COU,MO,ACE,CE,Federal Contract Tower,8,9,16,0,33,0,0,9,0,9,8,9,25,0,42,0,0,0,42
07/01/2021,COU,MO,ACE,CE,Federal Contract Tower,6,10,6,0,22,0,0,10,0,10,6,10,16,0,32,8,0,8,40
07/02/2021,COU,MO,ACE,CE,Federal Contract Tower,4,6,16,0,26,0,7,34,0,41,4,13,50,0,67,14,0,14,81
07/03/2021,COU,MO,ACE,CE,Federal Contract Tower,10,9,7,0,26,0,6,24,0,30,10,15,31,0,56,8,0,8,64
07/04/2021,COU,MO,ACE,CE,Federal Contract Tower,5,5,4,0,14,0,4,20,0,24,5,9,24,0,38,54,0,54,92
07/05/2021,COU,MO,ACE,CE,Federal Contract Tower,9,24,14,0,47,0,4,33,0,37,9,28,47,0,84,38,0,38,122
07/06/2021,COU,MO,ACE,CE,Federal Contract Tower,9,6,16,0,31,0,4,28,0,32,9,10,44,0,63,32,0,32,95
07/07/2021,COU,MO,ACE,CE,Federal Contract Tower,8,10,5,0,23,0,4,24,2,30,8,14,29,2,53,32,4,36,89
07/08/2021,COU,MO,ACE,CE,Federal Contract Tower,6,11,21,0,38,0,0,13,0,13,6,11,34,0,51,8,0,8,59
07/09/2021,COU,MO,ACE,CE,Federal Contract Tower,7,14,8,5,34,0,0,25,0,25,7,14,33,5,59,20,0,20,79
07/10/2021,COU,MO,ACE,CE,Federal Contract Tower,9,5,6,0,20,0,1,0,0,1,9,6,6,0,21,0,0,0,21
07/11/2021,COU,MO,ACE,CE,Federal Contract Tower,8,10,15,0,33,0,1,1,0,2,8,11,16,0,35,0,0,0,35
07/12/2021,COU,MO,ACE,CE,Federal Contract Tower,7,20,11,0,38,0,0,0,0,0,7,20,11,0,38,0,0,0,38
07/13/2021,COU,MO,ACE,CE,Federal Contract Tower,7,5,4,0,16,0,4,31,0,35,7,9,35,0,51,22,0,22,73
07/14/2021,COU,MO,ACE,CE,Federal Contract Tower,9,7,15,0,31,0,2,20,0,22,9,9,35,0,53,0,0,0,53
07/15/2021,COU,MO,ACE,CE,Federal Contract Tower,6,10,8,0,24,0,0,15,0,15,6,10,23,0,39,28,0,28,67
07/16/2021,COU,MO,ACE,CE,Federal Contract Tower,5,8,10,0,23,0,0,12,0,12,5,8,22,0,35,38,0,38,73
07/17/2021,COU,MO,ACE,CE,Federal Contract Tower,7,8,15,0,30,0,0,6,0,6,7,8,21,0,36,0,0,0,36
07/18/2021,COU,MO,ACE,CE,Federal Contract Tower,7,9,14,0,30,0,2,25,0,27,7,11,39,0,57,6,0,6,63
07/19/2021,COU,MO,ACE,CE,Federal Contract Tower,7,17,18,0,42,0,2,26,0,28,7,19,44,0,70,24,0,24,94
07/20/2021,COU,MO,ACE,CE,Federal Contract Tower,9,7,12,0,28,0,4,24,0,28,9,11,36,0,56,14,0,14,70
07/21/2021,COU,MO,ACE,CE,Federal Contract Tower,11,5,9,0,25,0,6,34,0,40,11,11,43,0,65,22,0,22,87
07/22/2021,COU,MO,ACE,CE,Federal Contract Tower,7,8,28,0,43,0,0,13,0,13,7,8,41,0,56,0,0,0,56
07/23/2021,COU,MO,ACE,CE,Federal Contract Tower,7,13,19,0,39,0,0,20,2,22,7,13,39,2,61,62,0,62,123
07/24/2021,COU,MO,ACE,CE,Federal Contract Tower,7,2,25,0,34,0,6,11,0,17,7,8,36,0,51,0,0,0,51
07/25/2021,COU,MO,ACE,CE,Federal Contract Tower,8,8,18,0,34,0,4,18,2,24,8,12,36,2,58,0,0,0,58
07/26/2021,COU,MO,ACE,CE,Federal Contract Tower,5,22,16,0,43,0,2,21,0,23,5,24,37,0,66,32,0,32,98
07/27/2021,COU,MO,ACE,CE,Federal Contract Tower,9,8,15,0,32,0,4,30,0,34,9,12,45,0,66,8,0,8,74
07/28/2021,COU,MO,ACE,CE,Federal Contract Tower,7,14,8,0,29,0,3,31,0,34,7,17,39,0,63,42,0,42,105
07/29/2021,COU,MO,ACE,CE,Federal Contract Tower,7,8,16,0,31,0,1,25,0,26,7,9,41,0,57,0,0,0,57
07/30/2021,COU,MO,ACE,CE,Federal Contract Tower,8,6,16,2,32,0,0,17,2,19,8,6,33,4,51,12,6,18,69
07/31/2021,COU,MO,ACE,CE,Federal Contract Tower,7,9,14,0,30,0,0,3,0,3,7,9,17,0,33,0,0,0,33
08/01/2021,COU,MO,ACE,CE,Federal Contract Tower,7,13,19,0,39,0,4,21,0,25,7,17,40,0,64,12,0,12,76
08/02/2021,COU,MO,ACE,CE,Federal Contract Tower,7,18,10,0,35,0,4,21,8,33,7,22,31,8,68,50,0,50,118
08/03/2021,COU,MO,ACE,CE,Federal Contract Tower,7,9,11,1,28,0,4,30,0,34,7,13,41,1,62,24,0,24,86
08/04/2021,COU,MO,ACE,CE,Federal Contract Tower,7,9,10,0,26,0,6,40,0,46,7,15,50,0,72,40,0,40,112
08/05/2021,COU,MO,ACE,CE,Federal Contract Tower,6,5,8,0,19,0,0,11,0,11,6,5,19,0,30,8,0,8,38
08/06/2021,COU,MO,ACE,CE,Federal Contract Tower,8,8,12,0,28,0,0,31,0,31,8,8,43,0,59,72,0,72,131
08/07/2021,COU,MO,ACE,CE,Federal Contract Tower,6,6,7,0,19,0,4,20,0,24,6,10,27,0,43,26,0,26,69
08/08/2021,COU,MO,ACE,CE,Federal Contract Tower,2,10,16,0,28,0,4,9,2,15,2,14,25,2,43,0,0,0,43
08/09/2021,COU,MO,ACE,CE,Federal Contract Tower,5,13,11,0,29,0,2,15,2,19,5,15,26,2,48,10,0,10,58
08/10/2021,COU,MO,ACE,CE,Federal Contract Tower,5,13,15,0,33,0,2,12,0,14,5,15,27,0,47,0,0,0,47
08/11/2021,COU,MO,ACE,CE,Federal Contract Tower,7,10,14,0,31,0,2,19,0,21,7,12,33,0,52,0,0,0,52
08/12/2021,COU,MO,ACE,CE,Federal Contract Tower,3,6,17,0,26,0,0,16,0,16,3,6,33,0,42,0,0,0,42
08/13/2021,COU,MO,ACE,CE,Federal Contract Tower,5,5,11,0,21,0,0,11,0,11,5,5,22,0,32,12,0,12,44
08/14/2021,COU,MO,ACE,CE,Federal Contract Tower,6,2,6,6,20,0,0,26,2,28,6,2,32,8,48,6,0,6,54
08/15/2021,COU,MO,ACE,CE,Federal Contract Tower,6,6,18,0,30,0,0,15,0,15,6,6,33,0,45,16,0,16,61
08/16/2021,COU,MO,ACE,CE,Federal Contract Tower,7,16,9,0,32,0,2,32,0,34,7,18,41,0,66,24,0,24,90
08/17/2021,COU,MO,ACE,CE,Federal Contract Tower,8,4,17,0,29,0,2,13,2,17,8,6,30,2,46,18,0,18,64
08/18/2021,COU,MO,ACE,CE,Federal Contract Tower,8,4,9,0,21,0,0,24,0,24,8,4,33,0,45,54,0,54,99
08/19/2021,COU,MO,ACE,CE,Federal Contract Tower,8,9,28,0,45,0,0,15,0,15,8,9,43,0,60,18,0,18,78
08/20/2021,COU,MO,ACE,CE,Federal Contract Tower,6,3,4,0,13,0,2,26,0,28,6,5,30,0,41,4,0,4,45
08/21/2021,COU,MO,ACE,CE,Federal Contract Tower,6,7,3,1,17,0,4,15,0,19,6,11,18,1,36,54,0,54,90
08/22/2021,COU,MO,ACE,CE,Federal Contract Tower,7,11,4,0,22,0,2,16,0,18,7,13,20,0,40,48,0,48,88
08/23/2021,COU,MO,ACE,CE,Federal Contract Tower,8,16,7,0,31,0,4,28,0,32,8,20,35,0,63,18,0,18,81
08/24/2021,COU,MO,ACE,CE,Federal Contract Tower,6,21,15,0,42,0,4,24,0,28,6,25,39,0,70,22,0,22,92
08/25/2021,COU,MO,ACE,CE,Federal Contract Tower,7,9,8,0,24,0,6,28,0,34,7,15,36,0,58,12,0,12,70
08/26/2021,COU,MO,ACE,CE,Federal Contract Tower,6,9,15,0,30,0,4,16,0,20,6,13,31,0,50,0,0,0,50
08/27/2021,COU,MO,ACE,CE,Federal Contract Tower,8,7,18,0,33,0,0,21,0,21,8,7,39,0,54,14,0,14,68
08/28/2021,COU,MO,ACE,CE,Federal Contract Tower,6,6,8,0,20,0,2,32,2,36,6,8,40,2,56,14,0,14,70
08/29/2021,COU,MO,ACE,CE,Federal Contract Tower,5,5,3,0,13,0,4,14,0,18,5,9,17,0,31,20,0,20,51
08/30/2021,COU,MO,ACE,CE,Federal Contract Tower,4,14,17,0,35,0,4,13,0,17,4,18,30,0,52,0,0,0,52
08/31/2021,COU,MO,ACE,CE,Federal Contract Tower,4,12,13,0,29,0,0,0,0,0,4,12,13,0,29,0,0,0,29
09/01/2021,COU,MO,ACE,CE,Federal Contract Tower,8,4,11,0,23,0,4,24,0,28,8,8,35,0,51,12,0,12,63
09/02/2021,COU,MO,ACE,CE,Federal Contract Tower,7,24,16,0,47,0,2,8,0,10,7,26,24,0,57,0,14,14,71
09/03/2021,COU,MO,ACE,CE,Federal Contract Tower,5,11,18,0,34,0,0,9,0,9,5,11,27,0,43,28,0,28,71
09/04/2021,COU,MO,ACE,CE,Federal Contract Tower,2,6,4,0,12,0,0,0,0,0,2,6,4,0,12,0,0,0,12
09/05/2021,COU,MO,ACE,CE,Federal Contract Tower,4,12,3,0,19,0,4,13,0,17,4,16,16,0,36,22,0,22,58
09/06/2021,COU,MO,ACE,CE,Federal Contract Tower,4,15,9,0,28,0,2,38,0,40,4,17,47,0,68,52,0,52,120
09/07/2021,COU,MO,ACE,CE,Federal Contract Tower,8,9,21,0,38,0,4,21,2,27,8,13,42,2,65,12,0,12,77
09/08/2021,COU,MO,ACE,CE,Federal Contract Tower,9,3,12,0,24,0,2,14,0,16,9,5,26,0,40,36,0,36,76
09/09/2021,COU,MO,ACE,CE,Federal Contract Tower,10,10,9,0,29,0,0,12,0,12,10,10,21,0,41,0,0,0,41
09/10/2021,COU,MO,ACE,CE,Federal Contract Tower,9,7,11,0,27,0,0,21,0,21,9,7,32,0,48,12,0,12,60
09/11/2021,COU,MO,ACE,CE,Federal Contract Tower,5,7,16,0,28,0,4,40,0,44,5,11,56,0,72,30,0,30,102
09/12/2021,COU,MO,ACE,CE,Federal Contract Tower,8,3,10,0,21,0,4,31,0,35,8,7,41,0,56,6,0,6,62
09/13/2021,COU,MO,ACE,CE,Federal Contract Tower,6,15,11,0,32,0,4,18,0,22,6,19,29,0,54,10,0,10,64
09/14/2021,COU,MO,ACE,CE,Federal Contract Tower,3,7,12,0,22,0,4,24,0,28,3,11,36,0,50,14,0,14,64
09/15/2021,COU,MO,ACE,CE,Federal Contract Tower,8,11,19,0,38,0,2,36,0,38,8,13,55,0,76,30,0,30,106
09/16/2021,COU,MO,ACE,CE,Federal Contract Tower,7,5,17,0,29,0,2,25,0,27,7,7,42,0,56,36,0,36,92
09/17/2021,COU,MO,ACE,CE,Federal Contract Tower,7,11,31,0,49,0,0,31,0,31,7,11,62,0,80,0,0,0,80
09/18/2021,COU,MO,ACE,CE,Federal Contract Tower,6,10,18,0,34,0,6,36,0,42,6,16,54,0,76,22,0,22,98
09/19/2021,COU,MO,ACE,CE,Federal Contract Tower,7,11,26,0,44,0,4,30,0,34,7,15,56,0,78,12,0,12,90
09/20/2021,COU,MO,ACE,CE,Federal Contract Tower,6,14,20,0,40,0,4,15,0,19,6,18,35,0,59,20,0,20,79
09/21/2021,COU,MO,ACE,CE,Federal Contract Tower,6,13,22,0,41,0,4,8,0,12,6,17,30,0,53,16,0,16,69
09/22/2021,COU,MO,ACE,CE,Federal Contract Tower,8,8,15,0,31,0,4,19,0,23,8,12,34,0,54,32,0,32,86
09/23/2021,COU,MO,ACE,CE,Federal Contract Tower,10,9,18,0,37,0,0,20,0,20,10,9,38,0,57,8,0,8,65
09/24/2021,COU,MO,ACE,CE,Federal Contract Tower,6,6,13,0,25,0,2,13,0,15,6,8,26,0,40,0,0,0,40
09/25/2021,COU,MO,ACE,CE,Federal Contract Tower,9,13,7,0,29,0,4,32,0,36,9,17,39,0,65,20,0,20,85
09/26/2021,COU,MO,ACE,CE,Federal Contract Tower,8,15,18,0,41,0,2,29,0,31,8,17,47,0,72,0,0,0,72
09/27/2021,COU,MO,ACE,CE,Federal Contract Tower,6,14,14,0,34,0,2,28,0,30,6,16,42,0,64,18,0,18,82
09/28/2021,COU,MO,ACE,CE,Federal Contract Tower,4,6,13,0,23,0,4,22,0,26,4,10,35,0,49,18,0,18,67
09/29/2021,COU,MO,ACE,CE,Federal Contract Tower,10,8,9,0,27,0,2,19,0,21,10,10,28,0,48,8,4,12,60
09/30/2021,COU,MO,ACE,CE,Federal Contract Tower,5,8,12,0,25,0,3,7,0,10,5,11,19,0,35,36,0,36,71
10/01/2021,COU,MO,ACE,CE,Federal Contract Tower,7,9,24,0,40,0,0,2,0,2,7,9,26,0,42,0,0,0,42
10/02/2021,COU,MO,ACE,CE,Federal Contract Tower,1,8,15,0,24,0,0,3,0,3,1,8,18,0,27,0,0,0,27
10/03/2021,COU,MO,ACE,CE,Federal Contract Tower,10,4,24,0,38,0,4,0,0,4,10,8,24,0,42,0,0,0,42
10/04/2021,COU,MO,ACE,CE,Federal Contract Tower,12,19,23,0,54,0,2,34,0,36,12,21,57,0,90,22,0,22,112
10/05/2021,COU,MO,ACE,CE,Federal Contract Tower,4,15,15,0,34,0,2,8,0,10,4,17,23,0,44,0,0,0,44
10/06/2021,COU,MO,ACE,CE,Federal Contract Tower,6,29,19,2,56,0,0,1,0,1,6,29,20,2,57,0,0,0,57
10/07/2021,COU,MO,ACE,CE,Federal Contract Tower,9,16,19,0,44,0,0,12,0,12,9,16,31,0,56,20,0,20,76
10/08/2021,COU,MO,ACE,CE,Federal Contract Tower,7,4,21,2,34,0,0,29,8,37,7,4,50,10,71,6,0,6,77
10/09/2021,COU,MO,ACE,CE,Federal Contract Tower,5,2,13,4,24,0,2,35,4,41,5,4,48,8,65,32,0,32,97
10/10/2021,COU,MO,ACE,CE,Federal Contract Tower,8,9,21,0,38,0,4,22,0,26,8,13,43,0,64,50,0,50,114
10/11/2021,COU,MO,ACE,CE,Federal Contract Tower,2,10,11,0,23,0,0,0,0,0,2,10,11,0,23,0,0,0,23
10/12/2021,COU,MO,ACE,CE,Federal Contract Tower,6,5,10,0,21,0,4,32,0,36,6,9,42,0,57,24,0,24,81
10/13/2021,COU,MO,ACE,CE,Federal Contract Tower,3,8,11,0,22,0,0,11,0,11,3,8,22,0,33,12,0,12,45
10/14/2021,COU,MO,ACE,CE,Federal Contract Tower,7,10,18,0,35,0,1,11,0,12,7,11,29,0,47,22,0,22,69
10/15/2021,COU,MO,ACE,CE,Federal Contract Tower,4,18,28,0,50,0,0,10,0,10,4,18,38,0,60,0,0,0,60
10/16/2021,COU,MO,ACE,CE,Federal Contract Tower,13,8,14,0,35,0,2,30,0,32,13,10,44,0,67,54,0,54,121
10/17/2021,COU,MO,ACE,CE,Federal Contract Tower,7,16,26,0,49,0,1,36,0,37,7,17,62,0,86,36,0,36,122
10/18/2021,COU,MO,ACE,CE,Federal Contract Tower,4,16,9,0,29,0,2,18,0,20,4,18,27,0,49,2,0,2,51
10/19/2021,COU,MO,ACE,CE,Federal Contract Tower,7,6,15,2,30,0,0,19,0,19,7,6,34,2,49,36,0,36,85
10/20/2021,COU,MO,ACE,CE,Federal Contract Tower,11,7,18,0,36,0,25,0,0,25,11,32,18,0,61,8,0,8,69
10/21/2021,COU,MO,ACE,CE,Federal Contract Tower,3,13,14,0,30,0,0,22,0,22,3,13,36,0,52,44,0,44,96
10/22/2021,COU,MO,ACE,CE,Federal Contract Tower,2,5,16,0,23,0,0,12,0,12,2,5,28,0,35,0,0,0,35
10/23/2021,COU,MO,ACE,CE,Federal Contract Tower,3,8,4,0,15,0,0,1,0,1,3,8,5,0,16,0,0,0,16
10/24/2021,COU,MO,ACE,CE,Federal Contract Tower,3,14,7,0,24,0,0,0,0,0,3,14,7,0,24,0,0,0,24
10/25/2021,COU,MO,ACE,CE,Federal Contract Tower,2,19,15,0,36,0,0,1,0,1,2,19,16,0,37,0,0,0,37
10/26/2021,COU,MO,ACE,CE,Federal Contract Tower,8,9,18,0,35,0,2,28,0,30,8,11,46,0,65,18,0,18,83
10/27/2021,COU,MO,ACE,CE,Federal Contract Tower,8,7,16,0,31,0,0,21,0,21,8,7,37,0,52,10,0,10,62
10/28/2021,COU,MO,ACE,CE,Federal Contract Tower,3,13,9,0,25,0,0,0,0,0,3,13,9,0,25,0,0,0,25
10/29/2021,COU,MO,ACE,CE,Federal Contract Tower,11,7,26,0,44,0,0,0,0,0,11,7,26,0,44,0,0,0,44
10/30/2021,COU,MO,ACE,CE,Federal Contract Tower,6,6,8,0,20,0,4,28,0,32,6,10,36,0,52,0,0,0,52
10/31/2021,COU,MO,ACE,CE,Federal Contract Tower,8,6,8,0,22,0,4,20,0,24,8,10,28,0,46,4,0,4,50
11/01/2021,COU,MO,ACE,CE,Federal Contract Tower,7,12,22,0,41,0,0,10,0,10,7,12,32,0,51,4,0,4,55
11/02/2021,COU,MO,ACE,CE,Federal Contract Tower,4,11,12,0,27,0,4,25,0,29,4,15,37,0,56,16,0,16,72
11/03/2021,COU,MO,ACE,CE,Federal Contract Tower,6,6,10,0,22,0,4,27,4,35,6,10,37,4,57,18,0,18,75
11/04/2021,COU,MO,ACE,CE,Federal Contract Tower,6,6,20,0,32,0,0,13,0,13,6,6,33,0,45,0,0,0,45
11/05/2021,COU,MO,ACE,CE,Federal Contract Tower,10,10,21,0,41,0,0,22,2,24,10,10,43,2,65,46,0,46,111
11/06/2021,COU,MO,ACE,CE,Federal Contract Tower,9,6,8,0,23,0,2,18,0,20,9,8,26,0,43,40,0,40,83
11/07/2021,COU,MO,ACE,CE,Federal Contract Tower,7,9,28,0,44,0,4,27,0,31,7,13,55,0,75,20,0,20,95
11/08/2021,COU,MO,ACE,CE,Federal Contract Tower,4,16,11,0,31,0,4,19,0,23,4,20,30,0,54,14,0,14,68
11/09/2021,COU,MO,ACE,CE,Federal Contract Tower,6,12,5,0,23,0,3,5,0,8,6,15,10,0,31,0,0,0,31
11/10/2021,COU,MO,ACE,CE,Federal Contract Tower,7,11,15,0,33,0,0,2,0,2,7,11,17,0,35,0,0,0,35
11/11/2021,COU,MO,ACE,CE,Federal Contract Tower,6,7,17,0,30,0,0,12,0,12,6,7,29,0,42,6,0,6,48
11/12/2021,COU,MO,ACE,CE,Federal Contract Tower,6,17,17,0,40,0,0,2,0,2,6,17,19,0,42,0,0,0,42
11/13/2021,COU,MO,ACE,CE,Federal Contract Tower,5,20,12,0,37,0,4,15,0,19,5,24,27,0,56,6,0,6,62
11/14/2021,COU,MO,ACE,CE,Federal Contract Tower,6,8,11,0,25,0,4,11,0,15,6,12,22,0,40,4,0,4,44
11/15/2021,COU,MO,ACE,CE,Federal Contract Tower,5,22,14,0,41,0,4,22,0,26,5,26,36,0,67,16,0,16,83
11/16/2021,COU,MO,ACE,CE,Federal Contract Tower,4,10,16,0,30,0,4,12,1,17,4,14,28,1,47,0,0,0,47
11/17/2021,COU,MO,ACE,CE,Federal Contract Tower,6,9,15,0,30,0,4,14,3,21,6,13,29,3,51,4,0,4,55
11/18/2021,COU,MO,ACE,CE,Federal Contract Tower,6,13,25,0,44,0,0,14,0,14,6,13,39,0,58,24,0,24,82
11/19/2021,COU,MO,ACE,CE,Federal Contract Tower,6,7,19,2,34,0,0,25,0,25,6,7,44,2,59,40,0,40,99
11/20/2021,COU,MO,ACE,CE,Federal Contract Tower,8,11,9,0,28,0,6,25,0,31,8,17,34,0,59,42,0,42,101
11/21/2021,COU,MO,ACE,CE,Federal Contract Tower,4,11,18,0,33,0,6,26,0,32,4,17,44,0,65,36,0,36,101
11/22/2021,COU,MO,ACE,CE,Federal Contract Tower,5,14,13,0,32,0,4,28,0,32,5,18,41,0,64,18,0,18,82
11/23/2021,COU,MO,ACE,CE,Federal Contract Tower,6,6,12,0,24,0,4,21,0,25,6,10,33,0,49,0,0,0,49
11/24/2021,COU,MO,ACE,CE,Federal Contract Tower,6,10,14,0,30,0,4,13,0,17,6,14,27,0,47,0,0,0,47
11/25/2021,COU,MO,ACE,CE,Federal Contract Tower,9,7,2,0,18,0,0,0,0,0,9,7,2,0,18,0,0,0,18
11/26/2021,COU,MO,ACE,CE,Federal Contract Tower,4,3,18,0,25,0,0,6,0,6,4,3,24,0,31,0,0,0,31
11/27/2021,COU,MO,ACE,CE,Federal Contract Tower,6,10,10,0,26,0,4,13,0,17,6,14,23,0,43,0,0,0,43
11/28/2021,COU,MO,ACE,CE,Federal Contract Tower,8,12,18,0,38,0,6,29,0,35,8,18,47,0,73,26,0,26,99
11/29/2021,COU,MO,ACE,CE,Federal Contract Tower,6,21,12,0,39,0,2,10,0,12,6,23,22,0,51,0,0,0,51
11/30/2021,COU,MO,ACE,CE,Federal Contract Tower,5,8,8,0,21,0,0,16,0,16,5,8,24,0,37,0,0,0,37
12/01/2021,COU,MO,ACE,CE,Federal Contract Tower,6,5,16,0,27,0,3,32,0,35,6,8,48,0,62,0,0,0,62
12/02/2021,COU,MO,ACE,CE,Federal Contract Tower,7,3,17,0,27,0,0,22,0,22,7,3,39,0,49,32,0,32,81
12/03/2021,COU,MO,ACE,CE,Federal Contract Tower,8,5,23,0,36,0,0,27,0,27,8,5,50,0,63,34,0,34,97
12/04/2021,COU,MO,ACE,CE,Federal Contract Tower,6,3,7,0,16,0,1,16,0,17,6,4,23,0,33,22,0,22,55
12/05/2021,COU,MO,ACE,CE,Federal Contract Tower,7,10,10,0,27,0,4,7,0,11,7,14,17,0,38,0,0,0,38
12/06/2021,COU,MO,ACE,CE,Federal Contract Tower,6,16,15,0,37,0,6,13,0,19,6,22,28,0,56,12,0,12,68
12/07/2021,COU,MO,ACE,CE,Federal Contract Tower,6,4,11,0,21,0,2,10,0,12,6,6,21,0,33,18,0,18,51
12/08/2021,COU,MO,ACE,CE,Federal Contract Tower,6,9,18,0,33,0,2,16,2,20,6,11,34,2,53,30,0,30,83
12/09/2021,COU,MO,ACE,CE,Federal Contract Tower,7,7,17,0,31,0,17,3,0,20,7,24,20,0,51,0,0,0,51
12/10/2021,COU,MO,ACE,CE,Federal Contract Tower,5,10,9,0,24,0,0,1,0,1,5,10,10,0,25,0,0,0,25
12/11/2021,COU,MO,ACE,CE,Federal Contract Tower,6,3,7,0,16,0,4,12,0,16,6,7,19,0,32,6,0,6,38
12/12/2021,COU,MO,ACE,CE,Federal Contract Tower,8,6,6,0,20,0,4,18,0,22,8,10,24,0,42,2,0,2,44
12/13/2021,COU,MO,ACE,CE,Federal Contract Tower,5,21,15,0,41,0,4,27,0,31,5,25,42,0,72,20,0,20,92
12/14/2021,COU,MO,ACE,CE,Federal Contract Tower,6,10,12,0,28,0,4,18,0,22,6,14,30,0,50,44,0,44,94
12/15/2021,COU,MO,ACE,CE,Federal Contract Tower,6,3,19,0,28,0,0,3,0,3,6,3,22,0,31,0,0,0,31
12/16/2021,COU,MO,ACE,CE,Federal Contract Tower,7,5,14,0,26,0,2,24,2,28,7,7,38,2,54,22,0,22,76
12/17/2021,COU,MO,ACE,CE,Federal Contract Tower,10,6,7,0,23,0,0,4,0,4,10,6,11,0,27,16,0,16,43
12/18/2021,COU,MO,ACE,CE,Federal Contract Tower,7,10,9,0,26,0,4,8,0,12,7,14,17,0,38,0,0,0,38
12/19/2021,COU,MO,ACE,CE,Federal Contract Tower,7,4,6,0,17,0,2,13,0,15,7,6,19,0,32,22,0,22,54
12/20/2021,COU,MO,ACE,CE,Federal Contract Tower,8,12,9,0,29,0,4,22,0,26,8,16,31,0,55,36,0,36,91
12/21/2021,COU,MO,ACE,CE,Federal Contract Tower,8,8,14,0,30,0,4,11,0,15,8,12,25,0,45,28,0,28,73
12/22/2021,COU,MO,ACE,CE,Federal Contract Tower,9,7,6,0,22,0,4,21,0,25,9,11,27,0,47,26,0,26,73
12/23/2021,COU,MO,ACE,CE,Federal Contract Tower,9,11,10,0,30,0,0,16,1,17,9,11,26,1,47,20,0,20,67
12/24/2021,COU,MO,ACE,CE,Federal Contract Tower,2,2,1,0,5,0,4,9,0,13,2,6,10,0,18,16,0,16,34
12/25/2021,COU,MO,ACE,CE,Federal Contract Tower,3,8,2,0,13,0,0,4,0,4,3,8,6,0,17,0,0,0,17
12/26/2021,COU,MO,ACE,CE,Federal Contract Tower,6,15,16,0,37,0,0,2,0,2,6,15,18,0,39,0,0,0,39
12/27/2021,COU,MO,ACE,CE,Federal Contract Tower,6,15,11,0,32,0,2,7,0,9,6,17,18,0,41,18,0,18,59
12/28/2021,COU,MO,ACE,CE,Federal Contract Tower,8,2,15,0,25,0,0,0,0,0,8,2,15,0,25,0,0,0,25
12/29/2021,COU,MO,ACE,CE,Federal Contract Tower,9,8,20,0,37,0,0,0,0,0,9,8,20,0,37,0,0,0,37
12/30/2021,COU,MO,ACE,CE,Federal Contract Tower,7,8,4,0,19,0,0,2,0,2,7,8,6,0,21,0,0,0,21
12/31/2021,COU,MO,ACE,CE,Federal Contract Tower,2,2,1,0,5,0,11,0,0,11,2,13,1,0,16,6,0,6,22
01/01/2022,COU,MO,ACE,CE,Federal Contract Tower,0,2,3,0,5,0,0,0,0,0,0,2,3,0,5,0,0,0,5
01/02/2022,COU,MO,ACE,CE,Federal Contract Tower,8,2,2,0,12,0,0,10,0,10,8,2,12,0,22,8,0,8,30
01/03/2022,COU,MO,ACE,CE,Federal Contract Tower,5,8,9,0,22,0,2,20,0,22,5,10,29,0,44,4,0,4,48
01/04/2022,COU,MO,ACE,CE,Federal Contract Tower,7,6,16,0,29,0,5,19,1,25,7,11,35,1,54,18,0,18,72
01/05/2022,COU,MO,ACE,CE,Federal Contract Tower,7,6,9,2,24,0,10,19,0,29,7,16,28,2,53,8,0,8,61
01/06/2022,COU,MO,ACE,CE,Federal Contract Tower,7,8,13,0,28,0,0,6,0,6,7,8,19,0,34,0,0,0,34
01/07/2022,COU,MO,ACE,CE,Federal Contract Tower,7,1,10,0,18,0,0,17,0,17,7,1,27,0,35,16,0,16,51
01/08/2022,COU,MO,ACE,CE,Federal Contract Tower,5,4,3,0,12,0,0,0,0,0,5,4,3,0,12,0,0,0,12
01/09/2022,COU,MO,ACE,CE,Federal Contract Tower,3,6,6,0,15,0,2,12,0,14,3,8,18,0,29,14,0,14,43
01/10/2022,COU,MO,ACE,CE,Federal Contract Tower,8,15,8,0,31,0,4,32,0,36,8,19,40,0,67,20,0,20,87
01/11/2022,COU,MO,ACE,CE,Federal Contract Tower,6,7,9,0,22,0,4,28,0,32,6,11,37,0,54,38,0,38,92
01/12/2022,COU,MO,ACE,CE,Federal Contract Tower,6,6,16,0,28,0,2,31,0,33,6,8,47,0,61,0,0,0,61
01/13/2022,COU,MO,ACE,CE,Federal Contract Tower,5,0,15,2,22,0,0,18,0,18,5,0,33,2,40,0,0,0,40
01/14/2022,COU,MO,ACE,CE,Federal Contract Tower,7,10,11,0,28,0,0,10,0,10,7,10,21,0,38,0,0,0,38
01/15/2022,COU,MO,ACE,CE,Federal Contract Tower,6,1,1,0,8,0,0,0,0,0,6,1,1,0,8,0,0,0,8
01/16/2022,COU,MO,ACE,CE,Federal Contract Tower,6,4,0,0,10,0,0,0,0,0,6,4,0,0,10,0,0,0,10
01/17/2022,COU,MO,ACE,CE,Federal Contract Tower,5,17,3,0,25,0,2,20,0,22,5,19,23,0,47,8,0,8,55
01/18/2022,COU,MO,ACE,CE,Federal Contract Tower,3,4,17,0,24,0,2,23,0,25,3,6,40,0,49,38,0,38,87
01/19/2022,COU,MO,ACE,CE,Federal Contract Tower,5,4,10,4,23,0,0,2,0,2,5,4,12,4,25,0,0,0,25
01/20/2022,COU,MO,ACE,CE,Federal Contract Tower,5,9,15,0,29,0,0,8,0,8,5,9,23,0,37,0,0,0,37
01/21/2022,COU,MO,ACE,CE,Federal Contract Tower,6,6,7,1,20,0,0,29,2,31,6,6,36,3,51,28,0,28,79
01/22/2022,COU,MO,ACE,CE,Federal Contract Tower,6,7,4,0,17,0,0,26,0,26,6,7,30,0,43,18,0,18,61
01/23/2022,COU,MO,ACE,CE,Federal Contract Tower,6,8,5,0,19,0,0,2,0,2,6,8,7,0,21,0,0,0,21
01/24/2022,COU,MO,ACE,CE,Federal Contract Tower,7,13,14,0,34,0,4,17,0,21,7,17,31,0,55,0,0,0,55
01/25/2022,COU,MO,ACE,CE,Federal Contract Tower,7,2,18,0,27,0,10,21,0,31,7,12,39,0,58,32,0,32,90
01/26/2022,COU,MO,ACE,CE,Federal Contract Tower,6,8,16,0,30,0,4,20,0,24,6,12,36,0,54,10,0,10,64
01/27/2022,COU,MO,ACE,CE,Federal Contract Tower,4,5,14,0,23,0,0,10,2,12,4,5,24,2,35,10,0,10,45
01/28/2022,COU,MO,ACE,CE,Federal Contract Tower,7,5,19,0,31,0,0,21,0,21,7,5,40,0,52,16,0,16,68
01/29/2022,COU,MO,ACE,CE,Federal Contract Tower,7,3,14,0,24,0,4,38,0,42,7,7,52,0,66,22,0,22,88
01/30/2022,COU,MO,ACE,CE,Federal Contract Tower,4,3,14,0,21,0,2,16,0,18,4,5,30,0,39,2,0,2,41
01/31/2022,COU,MO,ACE,CE,Federal Contract Tower,4,14,17,0,35,0,2,25,3,30,4,16,42,3,65,46,0,46,111
02/01/2022,COU,MO,ACE,CE,Federal Contract Tower,8,5,13,0,26,0,0,2,1,3,8,5,15,1,29,6,0,6,35
02/02/2022,COU,MO,ACE,CE,Federal Contract Tower,1,2,1,0,4,0,0,0,0,0,1,2,1,0,4,0,0,0,4
02/03/2022,COU,MO,ACE,CE,Federal Contract Tower,2,8,3,0,13,0,0,0,0,0,2,8,3,0,13,0,0,0,13
02/04/2022,COU,MO,ACE,CE,Federal Contract Tower,7,6,8,0,21,0,0,7,0,7,7,6,15,0,28,0,0,0,28
02/05/2022,COU,MO,ACE,CE,Federal Contract Tower,4,5,7,0,16,0,2,20,0,22,4,7,27,0,38,16,0,16,54
02/06/2022,COU,MO,ACE,CE,Federal Contract Tower,5,9,6,0,20,0,2,18,0,20,5,11,24,0,40,18,0,18,58
02/07/2022,COU,MO,ACE,CE,Federal Contract Tower,3,14,11,0,28,0,4,31,0,35,3,18,42,0,63,22,0,22,85
02/08/2022,COU,MO,ACE,CE,Federal Contract Tower,7,11,20,0,38,0,4,18,0,22,7,15,38,0,60,0,0,0,60
02/09/2022,COU,MO,ACE,CE,Federal Contract Tower,4,9,18,0,31,0,3,25,0,28,4,12,43,0,59,0,0,0,59
02/10/2022,COU,MO,ACE,CE,Federal Contract Tower,7,4,14,0,25,0,0,21,0,21,7,4,35,0,46,4,0,4,50
02/11/2022,COU,MO,ACE,CE,Federal Contract Tower,5,9,18,0,32,0,0,7,0,7,5,9,25,0,39,16,0,16,55
02/12/2022,COU,MO,ACE,CE,Federal Contract Tower,5,11,10,0,26,0,2,32,0,34,5,13,42,0,60,2,0,2,62
02/13/2022,COU,MO,ACE,CE,Federal Contract Tower,3,4,6,0,13,0,2,18,0,20,3,6,24,0,33,10,0,10,43
02/14/2022,COU,MO,ACE,CE,Federal Contract Tower,6,18,7,0,31,0,4,26,0,30,6,22,33,0,61,18,0,18,79
02/15/2022,COU,MO,ACE,CE,Federal Contract Tower,6,9,18,0,33,0,0,16,1,17,6,9,34,1,50,0,0,0,50
02/16/2022,COU,MO,ACE,CE,Federal Contract Tower,6,5,17,1,29,0,0,2,0,2,6,5,19,1,31,0,0,0,31
02/17/2022,COU,MO,ACE,CE,Federal Contract Tower,0,0,1,0,1,0,0,0,0,0,0,0,1,0,1,0,0,0,1
02/18/2022,COU,MO,ACE,CE,Federal Contract Tower,8,9,8,0,25,0,0,11,0,11,8,9,19,0,36,12,0,12,48
02/19/2022,COU,MO,ACE,CE,Federal Contract Tower,4,2,10,0,16,0,4,36,0,40,4,6,46,0,56,18,0,18,74
02/20/2022,COU,MO,ACE,CE,Federal Contract Tower,2,6,9,0,17,0,2,25,0,27,2,8,34,0,44,10,0,10,54
02/21/2022,COU,MO,ACE,CE,Federal Contract Tower,5,18,11,0,34,0,2,30,0,32,5,20,41,0,66,4,0,4,70
02/22/2022,COU,MO,ACE,CE,Federal Contract Tower,9,7,16,0,32,0,0,0,0,0,9,7,16,0,32,0,0,0,32
02/23/2022,COU,MO,ACE,CE,Federal Contract Tower,4,10,28,0,42,0,0,4,0,4,4,10,32,0,46,0,0,0,46
02/24/2022,COU,MO,ACE,CE,Federal Contract Tower,0,3,6,0,9,0,0,0,0,0,0,3,6,0,9,0,0,0,9
02/25/2022,COU,MO,ACE,CE,Federal Contract Tower,4,2,14,0,20,0,0,3,0,3,4,2,17,0,23,0,0,0,23
02/26/2022,COU,MO,ACE,CE,Federal Contract Tower,4,6,9,0,19,0,2,28,0,30,4,8,37,0,49,18,0,18,67
02/27/2022,COU,MO,ACE,CE,Federal Contract Tower,5,7,16,0,28,0,2,47,0,49,5,9,63,0,77,62,0,62,139
02/28/2022,COU,MO,ACE,CE,Federal Contract Tower,5,12,21,0,38,0,2,34,0,36,5,14,55,0,74,8,0,8,82
03/01/2022,COU,MO,ACE,CE,Federal Contract Tower,2,1,14,0,17,0,4,23,0,27,2,5,37,0,44,30,0,30,74
03/02/2022,COU,MO,ACE,CE,Federal Contract Tower,7,1,15,0,23,0,4,35,0,39,7,5,50,0,62,24,0,24,86
03/03/2022,COU,MO,ACE,CE,Federal Contract Tower,4,4,17,0,25,0,0,40,2,42,4,4,57,2,67,14,0,14,81
03/04/2022,COU,MO,ACE,CE,Federal Contract Tower,5,8,11,0,24,0,0,33,0,33,5,8,44,0,57,20,0,20,77
03/05/2022,COU,MO,ACE,CE,Federal Contract Tower,5,5,11,0,21,0,2,9,3,14,5,7,20,3,35,0,0,0,35
03/06/2022,COU,MO,ACE,CE,Federal Contract Tower,3,3,17,0,23,0,2,26,0,28,3,5,43,0,51,12,0,12,63
03/07/2022,COU,MO,ACE,CE,Federal Contract Tower,8,16,13,2,39,0,0,0,0,0,8,16,13,2,39,0,0,0,39
03/08/2022,COU,MO,ACE,CE,Federal Contract Tower,7,9,11,0,27,0,4,27,0,31,7,13,38,0,58,32,0,32,90
03/09/2022,COU,MO,ACE,CE,Federal Contract Tower,7,4,19,0,30,0,2,29,0,31,7,6,48,0,61,0,0,0,61
03/10/2022,COU,MO,ACE,CE,Federal Contract Tower,7,2,12,0,21,0,0,0,0,0,7,2,12,0,21,0,0,0,21
03/11/2022,COU,MO,ACE,CE,Federal Contract Tower,9,6,6,0,21,0,0,8,0,8,9,6,14,0,29,6,0,6,35
03/12/2022,COU,MO,ACE,CE,Federal Contract Tower,5,13,5,0,23,0,4,11,0,15,5,17,16,0,38,6,0,6,44
03/13/2022,COU,MO,ACE,CE,Federal Contract Tower,7,1,14,0,22,0,2,16,0,18,7,3,30,0,40,8,0,8,48
03/14/2022,COU,MO,ACE,CE,Federal Contract Tower,6,16,17,0,39,0,4,32,0,36,6,20,49,0,75,18,0,18,93
03/15/2022,COU,MO,ACE,CE,Federal Contract Tower,6,6,17,0,29,0,2,31,0,33,6,8,48,0,62,50,0,50,112
03/16/2022,COU,MO,ACE,CE,Federal Contract Tower,7,7,21,0,35,0,4,31,0,35,7,11,52,0,70,42,0,42,112
03/17/2022,COU,MO,ACE,CE,Federal Contract Tower,7,4,14,0,25,0,0,29,0,29,7,4,43,0,54,32,0,32,86
03/18/2022,COU,MO,ACE,CE,Federal Contract Tower,7,3,10,0,20,0,0,0,0,0,7,3,10,0,20,0,0,0,20
03/19/2022,COU,MO,ACE,CE,Federal Contract Tower,5,5,11,0,21,0,2,40,0,42,5,7,51,0,63,20,0,20,83
03/20/2022,COU,MO,ACE,CE,Federal Contract Tower,4,9,15,0,28,0,2,32,0,34,4,11,47,0,62,0,0,0,62
03/21/2022,COU,MO,ACE,CE,Federal Contract Tower,3,10,14,0,27,0,2,17,0,19,3,12,31,0,46,66,0,66,112
03/22/2022,COU,MO,ACE,CE,Federal Contract Tower,6,7,19,0,32,0,0,7,0,7,6,7,26,0,39,0,0,0,39
03/23/2022,COU,MO,ACE,CE,Federal Contract Tower,6,3,7,0,16,0,0,0,0,0,6,3,7,0,16,0,0,0,16
03/24/2022,COU,MO,ACE,CE,Federal Contract Tower,4,12,12,0,28,0,0,2,0,2,4,12,14,0,30,0,0,0,30
03/25/2022,COU,MO,ACE,CE,Federal Contract Tower,5,6,14,0,25,0,0,10,0,10,5,6,24,0,35,2,0,2,37
03/26/2022,COU,MO,ACE,CE,Federal Contract Tower,5,8,10,0,23,0,0,15,0,15,5,8,25,0,38,0,0,0,38
03/27/2022,COU,MO,ACE,CE,Federal Contract Tower,7,11,7,0,25,0,2,17,0,19,7,13,24,0,44,16,0,16,60
03/28/2022,COU,MO,ACE,CE,Federal Contract Tower,5,14,10,0,29,0,4,24,0,28,5,18,34,0,57,12,0,12,69
03/29/2022,COU,MO,ACE,CE,Federal Contract Tower,6,2,13,0,21,0,2,16,0,18,6,4,29,0,39,0,0,0,39
03/30/2022,COU,MO,ACE,CE,Federal Contract Tower,6,8,8,2,24,0,0,0,0,0,6,8,8,2,24,0,0,0,24
03/31/2022,COU,MO,ACE,CE,Federal Contract Tower,6,5,19,0,30,0,0,4,0,4,6,5,23,0,34,36,0,36,70
04/01/2022,COU,MO,ACE,CE,Federal Contract Tower,6,3,11,0,20,0,0,25,0,25,6,3,36,0,45,10,0,10,55
04/02/2022,COU,MO,ACE,CE,Federal Contract Tower,5,4,6,4,19,0,2,18,0,20,5,6,24,4,39,16,0,16,55
04/03/2022,COU,MO,ACE,CE,Federal Contract Tower,7,11,25,1,44,0,2,33,0,35,7,13,58,1,79,12,0,12,91
04/04/2022,COU,MO,ACE,CE,Federal Contract Tower,5,18,16,0,39,0,2,27,0,29,5,20,43,0,68,22,0,22,90
04/05/2022,COU,MO,ACE,CE,Federal Contract Tower,6,4,19,0,29,0,4,10,0,14,6,8,29,0,43,0,0,0,43
04/06/2022,COU,MO,ACE,CE,Federal Contract Tower,7,2,7,0,16,0,2,8,0,10,7,4,15,0,26,0,0,0,26
04/07/2022,COU,MO,ACE,CE,Federal Contract Tower,5,6,17,0,28,0,0,2,0,2,5,6,19,0,30,0,0,0,30
04/08/2022,COU,MO,ACE,CE,Federal Contract Tower,5,3,17,0,25,0,0,2,0,2,5,3,19,0,27,4,0,4,31
04/09/2022,COU,MO,ACE,CE,Federal Contract Tower,10,1,12,0,23,0,2,15,0,17,10,3,27,0,40,14,0,14,54
04/10/2022,COU,MO,ACE,CE,Federal Contract Tower,8,6,4,0,18,0,0,2,0,2,8,6,6,0,20,0,0,0,20
04/11/2022,COU,MO,ACE,CE,Federal Contract Tower,7,19,13,4,43,0,2,11,0,13,7,21,24,4,56,18,0,18,74
04/12/2022,COU,MO,ACE,CE,Federal Contract Tower,7,4,19,0,30,0,0,6,1,7,7,4,25,1,37,0,0,0,37
04/13/2022,COU,MO,ACE,CE,Federal Contract Tower,4,4,9,0,17,0,0,0,0,0,4,4,9,0,17,0,0,0,17
04/14/2022,COU,MO,ACE,CE,Federal Contract Tower,5,14,26,0,45,0,0,16,1,17,5,14,42,1,62,24,0,24,86
04/15/2022,COU,MO,ACE,CE,Federal Contract Tower,5,2,15,0,22,0,0,15,0,15,5,2,30,0,37,10,0,10,47
04/16/2022,COU,MO,ACE,CE,Federal Contract Tower,7,10,9,0,26,0,2,19,0,21,7,12,28,0,47,2,0,2,49
04/17/2022,COU,MO,ACE,CE,Federal Contract Tower,8,3,3,0,14,0,0,0,0,0,8,3,3,0,14,0,0,0,14
04/18/2022,COU,MO,ACE,CE,Federal Contract Tower,6,28,19,0,53,0,2,15,0,17,6,30,34,0,70,42,0,42,112
04/19/2022,COU,MO,ACE,CE,Federal Contract Tower,6,9,15,2,32,0,0,19,0,19,6,9,34,2,51,4,0,4,55
04/20/2022,COU,MO,ACE,CE,Federal Contract Tower,7,1,15,0,23,0,0,0,0,0,7,1,15,0,23,0,0,0,23
04/21/2022,COU,MO,ACE,CE,Federal Contract Tower,5,8,15,0,28,0,0,19,0,19,5,8,34,0,47,26,0,26,73
04/22/2022,COU,MO,ACE,CE,Federal Contract Tower,5,11,18,0,34,0,0,10,0,10,5,11,28,0,44,8,0,8,52
04/23/2022,COU,MO,ACE,CE,Federal Contract Tower,9,0,6,0,15,0,0,0,0,0,9,0,6,0,15,0,0,0,15
04/24/2022,COU,MO,ACE,CE,Federal Contract Tower,7,5,15,0,27,0,0,3,0,3,7,5,18,0,30,16,0,16,46
04/25/2022,COU,MO,ACE,CE,Federal Contract Tower,6,11,25,0,42,0,2,34,0,36,6,13,59,0,78,74,0,74,152
04/26/2022,COU,MO,ACE,CE,Federal Contract Tower,6,3,17,0,26,0,2,31,0,33,6,5,48,0,59,60,0,60,119
04/27/2022,COU,MO,ACE,CE,Federal Contract Tower,6,5,24,0,35,0,2,22,0,24,6,7,46,0,59,30,0,30,89
04/28/2022,COU,MO,ACE,CE,Federal Contract Tower,6,4,19,0,29,0,0,9,0,9,6,4,28,0,38,30,0,30,68
04/29/2022,COU,MO,ACE,CE,Federal Contract Tower,6,8,5,0,19,0,0,2,0,2,6,8,7,0,21,20,0,20,41
04/30/2022,COU,MO,ACE,CE,Federal Contract Tower,8,2,8,0,18,0,2,15,0,17,8,4,23,0,35,8,0,8,43
05/01/2022,COU,MO,ACE,CE,Federal Contract Tower,9,0,6,0,15,0,0,26,0,26,9,0,32,0,41,6,0,6,47
05/02/2022,COU,MO,ACE,CE,Federal Contract Tower,7,21,8,0,36,0,0,10,0,10,7,21,18,0,46,4,0,4,50
05/03/2022,COU,MO,ACE,CE,Federal Contract Tower,8,6,32,4,50,0,0,9,0,9,8,6,41,4,59,18,0,18,77
05/04/2022,COU,MO,ACE,CE,Federal Contract Tower,7,11,23,0,41,0,0,0,0,0,7,11,23,0,41,0,0,0,41
05/05/2022,COU,MO,ACE,CE,Federal Contract Tower,6,11,14,0,31,0,0,2,0,2,6,11,16,0,33,0,0,0,33
05/06/2022,COU,MO,ACE,CE,Federal Contract Tower,4,3,28,2,37,0,0,8,0,8,4,3,36,2,45,0,0,0,45
05/07/2022,COU,MO,ACE,CE,Federal Contract Tower,7,8,19,0,34,0,4,65,0,69,7,12,84,0,103,26,0,26,129
05/08/2022,COU,MO,ACE,CE,Federal Contract Tower,7,6,15,0,28,0,0,8,0,8,7,6,23,0,36,4,0,4,40
05/09/2022,COU,MO,ACE,CE,Federal Contract Tower,6,13,18,0,37,0,2,15,0,17,6,15,33,0,54,10,0,10,64
05/10/2022,COU,MO,ACE,CE,Federal Contract Tower,7,4,20,0,31,0,4,26,0,30,7,8,46,0,61,28,0,28,89
05/11/2022,COU,MO,ACE,CE,Federal Contract Tower,6,10,23,0,39,0,6,22,2,30,6,16,45,2,69,28,8,36,105
05/12/2022,COU,MO,ACE,CE,Federal Contract Tower,4,8,21,2,35,0,0,22,0,22,4,8,43,2,57,40,0,40,97
05/13/2022,COU,MO,ACE,CE,Federal Contract Tower,4,7,20,0,31,0,0,24,0,24,4,7,44,0,55,2,0,2,57
05/14/2022,COU,MO,ACE,CE,Federal Contract Tower,6,4,11,0,21,0,4,24,0,28,6,8,35,0,49,38,0,38,87
05/15/2022,COU,MO,ACE,CE,Federal Contract Tower,4,9,8,0,21,0,2,16,0,18,4,11,24,0,39,0,0,0,39
05/16/2022,COU,MO,ACE,CE,Federal Contract Tower,6,17,15,0,38,0,2,38,0,40,6,19,53,0,78,40,0,40,118
05/17/2022,COU,MO,ACE,CE,Federal Contract Tower,6,3,31,0,40,0,4,23,0,27,6,7,54,0,67,26,0,26,93
05/18/2022,COU,MO,ACE,CE,Federal Contract Tower,5,7,20,2,34,0,4,22,0,26,5,11,42,2,60,22,0,22,82
05/19/2022,COU,MO,ACE,CE,Federal Contract Tower,6,9,17,0,32,0,0,9,0,9,6,9,26,0,41,42,0,42,83
05/20/2022,COU,MO,ACE,CE,Federal Contract Tower,6,2,23,2,33,0,0,22,0,22,6,2,45,2,55,38,0,38,93
05/21/2022,COU,MO,ACE,CE,Federal Contract Tower,6,1,2,0,9,0,0,3,0,3,6,1,5,0,12,0,0,0,12
05/22/2022,COU,MO,ACE,CE,Federal Contract Tower,6,2,27,0,35,0,2,26,0,28,6,4,53,0,63,8,0,8,71
05/23/2022,COU,MO,ACE,CE,Federal Contract Tower,4,14,21,0,39,0,4,53,0,57,4,18,74,0,96,128,0,128,224
05/24/2022,COU,MO,ACE,CE,Federal Contract Tower,5,30,18,2,55,0,0,22,0,22,5,30,40,2,77,26,0,26,103
05/25/2022,COU,MO,ACE,CE,Federal Contract Tower,6,6,26,0,38,0,0,0,0,0,6,6,26,0,38,0,0,0,38
05/26/2022,COU,MO,ACE,CE,Federal Contract Tower,4,8,13,2,27,0,0,4,0,4,4,8,17,2,31,14,4,18,49
05/27/2022,COU,MO,ACE,CE,Federal Contract Tower,6,7,19,0,32,0,0,8,0,8,6,7,27,0,40,8,0,8,48
05/28/2022,COU,MO,ACE,CE,Federal Contract Tower,4,3,1,0,8,0,0,16,0,16,4,3,17,0,24,0,0,0,24
05/29/2022,COU,MO,ACE,CE,Federal Contract Tower,4,0,8,0,12,0,0,1,0,1,4,0,9,0,13,0,0,0,13
05/30/2022,COU,MO,ACE,CE,Federal Contract Tower,7,11,7,0,25,0,0,3,0,3,7,11,10,0,28,0,0,0,28
05/31/2022,COU,MO,ACE,CE,Federal Contract Tower,7,0,22,0,29,0,2,19,0,21,7,2,41,0,50,22,0,22,72
06/01/2022,COU,MO,ACE,CE,Federal Contract Tower,4,4,7,0,15,0,0,1,0,1,4,4,8,0,16,0,0,0,16
06/02/2022,COU,MO,ACE,CE,Federal Contract Tower,4,2,19,0,25,0,4,36,0,40,4,6,55,0,65,64,0,64,129
06/03/2022,COU,MO,ACE,CE,Federal Contract Tower,3,2,20,0,25,0,0,40,0,40,3,2,60,0,65,24,0,24,89
06/04/2022,COU,MO,ACE,CE,Federal Contract Tower,2,9,14,0,25,0,2,25,0,27,2,11,39,0,52,58,0,58,110
06/05/2022,COU,MO,ACE,CE,Federal Contract Tower,4,2,4,6,16,0,2,21,0,23,4,4,25,6,39,16,0,16,55
06/06/2022,COU,MO,ACE,CE,Federal Contract Tower,7,13,14,0,34,0,4,19,0,23,7,17,33,0,57,14,0,14,71
06/07/2022,COU,MO,ACE,CE,Federal Contract Tower,5,4,19,0,28,0,2,33,4,39,5,6,52,4,67,56,0,56,123
06/08/2022,COU,MO,ACE,CE,Federal Contract Tower,7,0,20,0,27,0,2,10,0,12,7,2,30,0,39,8,0,8,47
06/09/2022,COU,MO,ACE,CE,Federal Contract Tower,6,0,13,0,19,0,0,50,0,50,6,0,63,0,69,20,0,20,89
06/10/2022,COU,MO,ACE,CE,Federal Contract Tower,6,5,14,2,27,0,2,16,2,20,6,7,30,4,47,52,8,60,107
06/11/2022,COU,MO,ACE,CE,Federal Contract Tower,2,4,20,0,26,0,3,12,0,15,2,7,32,0,41,40,0,40,81
06/12/2022,COU,MO,ACE,CE,Federal Contract Tower,4,15,17,0,36,0,0,20,0,20,4,15,37,0,56,18,0,18,74
06/13/2022,COU,MO,ACE,CE,Federal Contract Tower,4,16,9,0,29,0,2,38,1,41,4,18,47,1,70,38,0,38,108
06/14/2022,COU,MO,ACE,CE,Federal Contract Tower,4,2,11,0,17,0,4,23,2,29,4,6,34,2,46,34,0,34,80
06/15/2022,COU,MO,ACE,CE,Federal Contract Tower,4,2,18,0,24,0,4,42,4,50,4,6,60,4,74,22,10,32,106
06/16/2022,COU,MO,ACE,CE,Federal Contract Tower,6,3,12,0,21,0,6,25,2,33,6,9,37,2,54,0,0,0,54
06/17/2022,COU,MO,ACE,CE,Federal Contract Tower,4,2,21,0,27,0,1,20,0,21,4,3,41,0,48,24,0,24,72
06/18/2022,COU,MO,ACE,CE,Federal Contract Tower,2,8,6,0,16,0,2,23,0,25,2,10,29,0,41,28,0,28,69
06/19/2022,COU,MO,ACE,CE,Federal Contract Tower,6,5,5,0,16,0,2,32,0,34,6,7,37,0,50,30,0,30,80
06/20/2022,COU,MO,ACE,CE,Federal Contract Tower,4,16,9,0,29,0,4,33,0,37,4,20,42,0,66,50,0,50,116
06/21/2022,COU,MO,ACE,CE,Federal Contract Tower,7,1,20,0,28,0,0,22,0,22,7,1,42,0,50,36,0,36,86
06/22/2022,COU,MO,ACE,CE,Federal Contract Tower,4,5,24,0,33,0,2,35,0,37,4,7,59,0,70,102,0,102,172
06/23/2022,COU,MO,ACE,CE,Federal Contract Tower,3,8,15,0,26,0,1,29,0,30,3,9,44,0,56,56,0,56,112
06/24/2022,COU,MO,ACE,CE,Federal Contract Tower,5,4,12,0,21,0,0,14,0,14,5,4,26,0,35,14,0,14,49
06/25/2022,COU,MO,ACE,CE,Federal Contract Tower,6,2,11,0,19,0,0,4,0,4,6,2,15,0,23,0,0,0,23
06/26/2022,COU,MO,ACE,CE,Federal Contract Tower,4,2,7,0,13,0,2,33,0,35,4,4,40,0,48,20,0,20,68
06/27/2022,COU,MO,ACE,CE,Federal Contract Tower,5,20,12,0,37,0,20,38,0,58,5,40,50,0,95,24,0,24,119
06/28/2022,COU,MO,ACE,CE,Federal Contract Tower,4,8,26,2,40,0,4,44,0,48,4,12,70,2,88,42,0,42,130
06/29/2022,COU,MO,ACE,CE,Federal Contract Tower,4,10,17,0,31,0,4,32,0,36,4,14,49,0,67,50,0,50,117
06/30/2022,COU,MO,ACE,CE,Federal Contract Tower,6,7,17,0,30,0,0,24,0,24,6,7,41,0,54,84,0,84,138
07/01/2022,COU,MO,ACE,CE,Federal Contract Tower,6,2,12,0,20,0,2,20,0,22,6,4,32,0,42,30,0,30,72
07/02/2022,COU,MO,ACE,CE,Federal Contract Tower,2,3,6,0,11,0,0,2,0,2,2,3,8,0,13,0,0,0,13
07/03/2022,COU,MO,ACE,CE,Federal Contract Tower,4,3,8,0,15,0,0,2,0,2,4,3,10,0,17,0,0,0,17
07/04/2022,COU,MO,ACE,CE,Federal Contract Tower,4,5,1,0,10,0,2,9,0,11,4,7,10,0,21,12,0,12,33
07/05/2022,COU,MO,ACE,CE,Federal Contract Tower,4,13,18,0,35,0,2,26,0,28,4,15,44,0,63,40,0,40,103
07/06/2022,COU,MO,ACE,CE,Federal Contract Tower,4,6,12,0,22,0,4,41,0,45,4,10,53,0,67,20,0,20,87
07/07/2022,COU,MO,ACE,CE,Federal Contract Tower,4,6,11,0,21,0,0,23,0,23,4,6,34,0,44,36,0,36,80
07/08/2022,COU,MO,ACE,CE,Federal Contract Tower,6,1,14,0,21,0,0,23,2,25,6,1,37,2,46,72,0,72,118
07/09/2022,COU,MO,ACE,CE,Federal Contract Tower,5,2,3,0,10,0,2,9,0,11,5,4,12,0,21,22,0,22,43
07/10/2022,COU,MO,ACE,CE,Federal Contract Tower,4,4,11,0,19,0,0,29,0,29,4,4,40,0,48,46,0,46,94
07/11/2022,COU,MO,ACE,CE,Federal Contract Tower,3,21,5,0,29,0,2,39,0,41,3,23,44,0,70,64,0,64,134
07/12/2022,COU,MO,ACE,CE,Federal Contract Tower,9,1,21,0,31,0,2,34,4,40,9,3,55,4,71,84,0,84,155
07/13/2022,COU,MO,ACE,CE,Federal Contract Tower,6,2,23,0,31,0,2,26,0,28,6,4,49,0,59,84,0,84,143
07/14/2022,COU,MO,ACE,CE,Federal Contract Tower,4,2,15,2,23,0,0,27,0,27,4,2,42,2,50,46,0,46,96
07/15/2022,COU,MO,ACE,CE,Federal Contract Tower,5,2,8,0,15,0,0,17,0,17,5,2,25,0,32,68,0,68,100
07/16/2022,COU,MO,ACE,CE,Federal Contract Tower,3,9,5,0,17,0,2,22,0,24,3,11,27,0,41,36,0,36,77
07/17/2022,COU,MO,ACE,CE,Federal Contract Tower,6,5,10,0,21,0,0,0,0,0,6,5,10,0,21,0,0,0,21
07/18/2022,COU,MO,ACE,CE,Federal Contract Tower,5,15,8,0,28,0,4,28,4,36,5,19,36,4,64,16,10,26,90
07/19/2022,COU,MO,ACE,CE,Federal Contract Tower,6,1,9,0,16,0,0,0,0,0,6,1,9,0,16,10,0,10,26
07/20/2022,COU,MO,ACE,CE,Federal Contract Tower,5,2,13,0,20,0,0,0,0,0,5,2,13,0,20,2,0,2,22
07/21/2022,COU,MO,ACE,CE,Federal Contract Tower,6,4,16,2,28,0,3,22,10,35,6,7,38,12,63,6,0,6,69
07/22/2022,COU,MO,ACE,CE,Federal Contract Tower,6,13,12,2,33,0,4,22,4,30,6,17,34,6,63,28,0,28,91
07/23/2022,COU,MO,ACE,CE,Federal Contract Tower,2,3,12,0,17,0,6,22,0,28,2,9,34,0,45,18,0,18,63
07/24/2022,COU,MO,ACE,CE,Federal Contract Tower,4,9,11,0,24,0,2,19,0,21,4,11,30,0,45,0,0,0,45
07/25/2022,COU,MO,ACE,CE,Federal Contract Tower,4,12,13,0,29,0,0,23,0,23,4,12,36,0,52,70,0,70,122
07/26/2022,COU,MO,ACE,CE,Federal Contract Tower,6,0,15,0,21,0,2,24,0,26,6,2,39,0,47,24,0,24,71
07/27/2022,COU,MO,ACE,CE,Federal Contract Tower,6,9,22,0,37,0,4,17,0,21,6,13,39,0,58,46,0,46,104
07/28/2022,COU,MO,ACE,CE,Federal Contract Tower,6,8,21,2,37,0,0,16,0,16,6,8,37,2,53,68,0,68,121
07/29/2022,COU,MO,ACE,CE,Federal Contract Tower,1,7,13,0,21,0,0,33,0,33,1,7,46,0,54,22,0,22,76
07/30/2022,COU,MO,ACE,CE,Federal Contract Tower,2,3,9,0,14,0,0,16,0,16,2,3,25,0,30,14,0,14,44
07/31/2022,COU,MO,ACE,CE,Federal Contract Tower,5,5,15,0,25,0,0,14,0,14,5,5,29,0,39,18,0,18,57
08/01/2022,COU,MO,ACE,CE,Federal Contract Tower,4,4,6,0,14,0,2,26,0,28,4,6,32,0,42,56,0,56,98
08/02/2022,COU,MO,ACE,CE,Federal Contract Tower,6,1,13,4,24,0,2,34,4,40,6,3,47,8,64,78,10,88,152
08/03/2022,COU,MO,ACE,CE,Federal Contract Tower,7,3,13,0,23,0,6,25,2,33,7,9,38,2,56,58,0,58,114
08/04/2022,COU,MO,ACE,CE,Federal Contract Tower,6,9,8,2,25,0,0,12,4,16,6,9,20,6,41,46,0,46,87
08/05/2022,COU,MO,ACE,CE,Federal Contract Tower,5,2,14,2,23,0,0,21,0,21,5,2,35,2,44,24,0,24,68
08/06/2022,COU,MO,ACE,CE,Federal Contract Tower,6,2,6,0,14,0,2,13,1,16,6,4,19,1,30,14,0,14,44
08/07/2022,COU,MO,ACE,CE,Federal Contract Tower,4,6,13,0,23,0,2,20,1,23,4,8,33,1,46,6,0,6,52
08/08/2022,COU,MO,ACE,CE,Federal Contract Tower,3,11,15,0,29,0,2,23,0,25,3,13,38,0,54,0,0,0,54
08/09/2022,COU,MO,ACE,CE,Federal Contract Tower,4,8,16,2,30,0,0,17,0,17,4,8,33,2,47,22,0,22,69
08/10/2022,COU,MO,ACE,CE,Federal Contract Tower,4,6,20,0,30,0,0,20,6,26,4,6,40,6,56,36,0,36,92
08/11/2022,COU,MO,ACE,CE,Federal Contract Tower,6,7,19,0,32,0,0,17,2,19,6,7,36,2,51,50,0,50,101
08/12/2022,COU,MO,ACE,CE,Federal Contract Tower,6,5,7,0,18,0,0,36,0,36,6,5,43,0,54,32,0,32,86
08/13/2022,COU,MO,ACE,CE,Federal Contract Tower,4,2,7,0,13,0,0,20,0,20,4,2,27,0,33,0,0,0,33
08/14/2022,COU,MO,ACE,CE,Federal Contract Tower,3,4,7,0,14,0,2,14,0,16,3,6,21,0,30,18,0,18,48
08/15/2022,COU,MO,ACE,CE,Federal Contract Tower,4,6,19,0,29,0,2,11,0,13,4,8,30,0,42,28,0,28,70
08/16/2022,COU,MO,ACE,CE,Federal Contract Tower,6,6,12,0,24,0,2,5,0,7,6,8,17,0,31,0,0,0,31
08/17/2022,COU,MO,ACE,CE,Federal Contract Tower,4,2,16,0,22,0,2,31,2,35,4,4,47,2,57,50,0,50,107
08/18/2022,COU,MO,ACE,CE,Federal Contract Tower,3,8,17,0,28,0,0,26,2,28,3,8,43,2,56,62,0,62,118
08/19/2022,COU,MO,ACE,CE,Federal Contract Tower,6,2,8,0,16,0,0,6,0,6,6,2,14,0,22,58,0,58,80
08/20/2022,COU,MO,ACE,CE,Federal Contract Tower,1,4,7,0,12,0,2,18,2,22,1,6,25,2,34,20,6,26,60
08/21/2022,COU,MO,ACE,CE,Federal Contract Tower,3,3,16,2,24,0,2,16,0,18,3,5,32,2,42,44,0,44,86
08/22/2022,COU,MO,ACE,CE,Federal Contract Tower,4,4,13,0,21,0,2,46,0,48,4,6,59,0,69,76,0,76,145
08/23/2022,COU,MO,ACE,CE,Federal Contract Tower,3,4,17,0,24,0,2,41,0,43,3,6,58,0,67,108,0,108,175
08/24/2022,COU,MO,ACE,CE,Federal Contract Tower,2,4,16,0,22,0,2,43,0,45,2,6,59,0,67,66,0,66,133
08/25/2022,COU,MO,ACE,CE,Federal Contract Tower,2,7,19,0,28,0,0,47,0,47,2,7,66,0,75,58,0,58,133
08/26/2022,COU,MO,ACE,CE,Federal Contract Tower,7,5,10,1,23,0,0,26,1,27,7,5,36,2,50,38,0,38,88
08/27/2022,COU,MO,ACE,CE,Federal Contract Tower,3,4,4,0,11,0,0,11,0,11,3,4,15,0,22,34,0,34,56
08/28/2022,COU,MO,ACE,CE,Federal Contract Tower,4,5,5,0,14,0,2,17,0,19,4,7,22,0,33,10,0,10,43
08/29/2022,COU,MO,ACE,CE,Federal Contract Tower,7,15,18,0,40,0,4,28,0,32,7,19,46,0,72,52,0,52,124
08/30/2022,COU,MO,ACE,CE,Federal Contract Tower,7,0,15,0,22,0,2,25,0,27,7,2,40,0,49,114,0,114,163
08/31/2022,COU,MO,ACE,CE,Federal Contract Tower,5,6,17,0,28,0,2,29,0,31,5,8,46,0,59,84,0,84,143
09/01/2022,COU,MO,ACE,CE,Federal Contract Tower,5,12,17,2,36,0,0,35,0,35,5,12,52,2,71,80,0,80,151
09/02/2022,COU,MO,ACE,CE,Federal Contract Tower,7,9,16,0,32,0,0,26,0,26,7,9,42,0,58,64,0,64,122
09/03/2022,COU,MO,ACE,CE,Federal Contract Tower,6,3,10,0,19,0,0,11,0,11,6,3,21,0,30,70,0,70,100
09/04/2022,COU,MO,ACE,CE,Federal Contract Tower,3,5,4,0,12,0,0,11,0,11,3,5,15,0,23,78,0,78,101
09/05/2022,COU,MO,ACE,CE,Federal Contract Tower,5,18,13,0,36,0,0,2,0,2,5,18,15,0,38,0,0,0,38
09/06/2022,COU,MO,ACE,CE,Federal Contract Tower,5,13,25,0,43,0,2,20,0,22,5,15,45,0,65,106,0,106,171
09/07/2022,COU,MO,ACE,CE,Federal Contract Tower,7,12,14,0,33,0,0,41,0,41,7,12,55,0,74,96,0,96,170
09/08/2022,COU,MO,ACE,CE,Federal Contract Tower,6,7,24,0,37,0,0,29,0,29,6,7,53,0,66,120,0,120,186
09/09/2022,COU,MO,ACE,CE,Federal Contract Tower,6,6,10,3,25,0,0,24,4,28,6,6,34,7,53,34,0,34,87
09/10/2022,COU,MO,ACE,CE,Federal Contract Tower,9,8,7,0,24,0,6,24,4,34,9,14,31,4,58,6,0,6,64
09/11/2022,COU,MO,ACE,CE,Federal Contract Tower,7,8,14,0,29,0,2,6,0,8,7,10,20,0,37,0,0,0,37
09/12/2022,COU,MO,ACE,CE,Federal Contract Tower,7,18,24,0,49,0,4,20,0,24,7,22,44,0,73,42,0,42,115
09/13/2022,COU,MO,ACE,CE,Federal Contract Tower,7,5,26,0,38,0,4,34,4,42,7,9,60,4,80,44,16,60,140
09/14/2022,COU,MO,ACE,CE,Federal Contract Tower,6,7,18,0,31,0,0,27,0,27,6,7,45,0,58,102,0,102,160
09/15/2022,COU,MO,ACE,CE,Federal Contract Tower,6,7,11,0,24,0,0,21,2,23,6,7,32,2,47,56,0,56,103
09/16/2022,COU,MO,ACE,CE,Federal Contract Tower,7,8,26,0,41,0,0,32,0,32,7,8,58,0,73,72,0,72,145
09/17/2022,COU,MO,ACE,CE,Federal Contract Tower,8,10,19,0,37,0,0,16,0,16,8,10,35,0,53,28,0,28,81
09/18/2022,COU,MO,ACE,CE,Federal Contract Tower,7,3,10,0,20,0,2,10,0,12,7,5,20,0,32,72,0,72,104
09/19/2022,COU,MO,ACE,CE,Federal Contract Tower,6,8,19,0,33,0,4,29,0,33,6,12,48,0,66,64,0,64,130
09/20/2022,COU,MO,ACE,CE,Federal Contract Tower,10,8,21,0,39,0,2,46,0,48,10,10,67,0,87,70,0,70,157
09/21/2022,COU,MO,ACE,CE,Federal Contract Tower,9,3,19,0,31,0,0,34,0,34,9,3,53,0,65,84,0,84,149
09/22/2022,COU,MO,ACE,CE,Federal Contract Tower,6,7,11,0,24,0,0,23,0,23,6,7,34,0,47,190,0,190,237
09/23/2022,COU,MO,ACE,CE,Federal Contract Tower,8,9,16,0,33,0,0,7,0,7,8,9,23,0,40,30,0,30,70
09/24/2022,COU,MO,ACE,CE,Federal Contract Tower,9,3,20,0,32,0,0,29,0,29,9,3,49,0,61,32,0,32,93
09/25/2022,COU,MO,ACE,CE,Federal Contract Tower,7,4,17,0,28,0,0,9,0,9,7,4,26,0,37,0,0,0,37
09/26/2022,COU,MO,ACE,CE,Federal Contract Tower,7,23,21,0,51,0,0,28,0,28,7,23,49,0,79,88,0,88,167
09/27/2022,COU,MO,ACE,CE,Federal Contract Tower,7,7,19,0,33,0,0,38,0,38,7,7,57,0,71,140,0,140,211
09/28/2022,COU,MO,ACE,CE,Federal Contract Tower,7,5,23,0,35,0,2,29,0,31,7,7,52,0,66,92,0,92,158
09/29/2022,COU,MO,ACE,CE,Federal Contract Tower,5,5,11,0,21,0,0,22,0,22,5,5,33,0,43,84,0,84,127
09/30/2022,COU,MO,ACE,CE,Federal Contract Tower,9,14,17,0,40,0,0,41,1,42,9,14,58,1,82,118,8,126,208
10/01/2022,COU,MO,ACE,CE,Federal Contract Tower,9,13,21,0,43,0,2,34,6,42,9,15,55,6,85,48,12,60,145
10/02/2022,COU,MO,ACE,CE,Federal Contract Tower,7,13,19,0,39,0,0,34,6,40,7,13,53,6,79,84,6,90,169
10/03/2022,COU,MO,ACE,CE,Federal Contract Tower,5,18,15,0,38,0,0,37,0,37,5,18,52,0,75,18,0,18,93
10/04/2022,COU,MO,ACE,CE,Federal Contract Tower,8,4,21,6,39,0,0,41,0,41,8,4,62,6,80,156,0,156,236
10/05/2022,COU,MO,ACE,CE,Federal Contract Tower,8,7,23,0,38,0,2,32,0,34,8,9,55,0,72,104,0,104,176
10/06/2022,COU,MO,ACE,CE,Federal Contract Tower,8,11,22,0,41,0,0,21,2,23,8,11,43,2,64,48,0,48,112
10/07/2022,COU,MO,ACE,CE,Federal Contract Tower,9,5,20,0,34,0,0,18,2,20,9,5,38,2,54,22,0,22,76
10/08/2022,COU,MO,ACE,CE,Federal Contract Tower,5,9,12,0,26,0,0,34,0,34,5,9,46,0,60,0,0,0,60
10/09/2022,COU,MO,ACE,CE,Federal Contract Tower,8,8,22,0,38,0,2,12,0,14,8,10,34,0,52,12,0,12,64
10/10/2022,COU,MO,ACE,CE,Federal Contract Tower,7,14,10,0,31,0,4,26,0,30,7,18,36,0,61,82,0,82,143
10/11/2022,COU,MO,ACE,CE,Federal Contract Tower,7,5,10,0,22,0,2,7,0,9,7,7,17,0,31,34,0,34,65
10/12/2022,COU,MO,ACE,CE,Federal Contract Tower,6,23,18,0,47,0,2,30,2,34,6,25,48,2,81,48,0,48,129
10/13/2022,COU,MO,ACE,CE,Federal Contract Tower,7,18,20,0,45,0,0,13,24,37,7,18,33,24,82,8,0,8,90
10/14/2022,COU,MO,ACE,CE,Federal Contract Tower,6,6,24,0,36,0,0,29,0,29,6,6,53,0,65,78,0,78,143
10/15/2022,COU,MO,ACE,CE,Federal Contract Tower,9,4,10,0,23,0,0,45,0,45,9,4,55,0,68,114,0,114,182
10/16/2022,COU,MO,ACE,CE,Federal Contract Tower,6,9,16,0,31,0,2,21,0,23,6,11,37,0,54,72,0,72,126
10/17/2022,COU,MO,ACE,CE,Federal Contract Tower,6,21,14,0,41,0,0,23,0,23,6,21,37,0,64,26,0,26,90
10/18/2022,COU,MO,ACE,CE,Federal Contract Tower,7,3,30,0,40,0,3,25,0,28,7,6,55,0,68,120,0,120,188
10/19/2022,COU,MO,ACE,CE,Federal Contract Tower,8,8,26,0,42,0,2,28,0,30,8,10,54,0,72,106,0,106,178
10/20/2022,COU,MO,ACE,CE,Federal Contract Tower,6,9,26,0,41,0,1,35,9,45,6,10,61,9,86,112,6,118,204
10/21/2022,COU,MO,ACE,CE,Federal Contract Tower,7,11,32,0,50,0,0,36,2,38,7,11,68,2,88,108,0,108,196
10/22/2022,COU,MO,ACE,CE,Federal Contract Tower,4,16,12,0,32,0,0,10,0,10,4,16,22,0,42,6,0,6,48
10/23/2022,COU,MO,ACE,CE,Federal Contract Tower,6,12,17,0,35,0,0,5,0,5,6,12,22,0,40,0,0,0,40
10/24/2022,COU,MO,ACE,CE,Federal Contract Tower,4,18,19,4,45,0,3,3,0,6,4,21,22,4,51,10,10,20,71
10/25/2022,COU,MO,ACE,CE,Federal Contract Tower,5,6,15,1,27,0,0,0,1,1,5,6,15,2,28,0,0,0,28
10/26/2022,COU,MO,ACE,CE,Federal Contract Tower,6,4,27,0,37,0,0,39,0,39,6,4,66,0,76,120,0,120,196
10/27/2022,COU,MO,ACE,CE,Federal Contract Tower,6,6,34,0,46,0,1,30,0,31,6,7,64,0,77,44,0,44,121
10/28/2022,COU,MO,ACE,CE,Federal Contract Tower,7,10,18,0,35,0,0,24,6,30,7,10,42,6,65,56,2,58,123
10/29/2022,COU,MO,ACE,CE,Federal Contract Tower,5,5,7,0,17,0,2,28,2,32,5,7,35,2,49,60,0,60,109
10/30/2022,COU,MO,ACE,CE,Federal Contract Tower,7,5,9,0,21,0,0,0,0,0,7,5,9,0,21,0,0,0,21
10/31/2022,COU,MO,ACE,CE,Federal Contract Tower,5,17,7,0,29,0,5,25,0,30,5,22,32,0,59,62,0,62,121
11/01/2022,COU,MO,ACE,CE,Federal Contract Tower,6,7,17,0,30,0,2,32,0,34,6,9,49,0,64,138,0,138,202
11/02/2022,COU,MO,ACE,CE,Federal Contract Tower,6,4,10,0,20,0,0,36,0,36,6,4,46,0,56,58,0,58,114
11/03/2022,COU,MO,ACE,CE,Federal Contract Tower,4,6,12,2,24,0,0,29,0,29,4,6,41,2,53,22,2,24,77
11/04/2022,COU,MO,ACE,CE,Federal Contract Tower,5,8,16,0,29,0,0,9,0,9,5,8,25,0,38,0,0,0,38
11/05/2022,COU,MO,ACE,CE,Federal Contract Tower,6,8,10,0,24,0,0,4,0,4,6,8,14,0,28,0,0,0,28
11/06/2022,COU,MO,ACE,CE,Federal Contract Tower,6,11,17,0,34,0,2,41,0,43,6,13,58,0,77,14,0,14,91
11/07/2022,COU,MO,ACE,CE,Federal Contract Tower,4,13,18,0,35,0,2,28,0,30,4,15,46,0,65,76,0,76,141
11/08/2022,COU,MO,ACE,CE,Federal Contract Tower,3,6,13,2,24,0,0,18,2,20,3,6,31,4,44,98,0,98,142
11/09/2022,COU,MO,ACE,CE,Federal Contract Tower,3,6,15,0,24,0,0,31,0,31,3,6,46,0,55,68,0,68,123
11/10/2022,COU,MO,ACE,CE,Federal Contract Tower,2,6,13,1,22,0,0,17,0,17,2,6,30,1,39,92,0,92,131
11/11/2022,COU,MO,ACE,CE,Federal Contract Tower,4,8,20,0,32,0,0,20,0,20,4,8,40,0,52,48,0,48,100
11/12/2022,COU,MO,ACE,CE,Federal Contract Tower,7,5,6,0,18,0,2,3,0,5,7,7,9,0,23,36,0,36,59
11/13/2022,COU,MO,ACE,CE,Federal Contract Tower,5,8,5,0,18,0,2,29,0,31,5,10,34,0,49,48,0,48,97
11/14/2022,COU,MO,ACE,CE,Federal Contract Tower,3,19,7,0,29,0,0,26,0,26,3,19,33,0,55,12,0,12,67
11/15/2022,COU,MO,ACE,CE,Federal Contract Tower,5,6,5,0,16,0,0,1,0,1,5,6,6,0,17,0,0,0,17
11/16/2022,COU,MO,ACE,CE,Federal Contract Tower,5,10,13,0,28,0,0,19,0,19,5,10,32,0,47,30,0,30,77
11/17/2022,COU,MO,ACE,CE,Federal Contract Tower,2,14,14,0,30,0,0,27,0,27,2,14,41,0,57,64,0,64,121
11/18/2022,COU,MO,ACE,CE,Federal Contract Tower,4,8,26,0,38,0,0,30,0,30,4,8,56,0,68,8,2,10,78
11/19/2022,COU,MO,ACE,CE,Federal Contract Tower,6,4,14,0,24,0,2,6,0,8,6,6,20,0,32,0,0,0,32
11/20/2022,COU,MO,ACE,CE,Federal Contract Tower,6,12,13,2,33,0,2,25,0,27,6,14,38,2,60,54,0,54,114
11/21/2022,COU,MO,ACE,CE,Federal Contract Tower,4,17,8,0,29,0,2,26,0,28,4,19,34,0,57,28,0,28,85
11/22/2022,COU,MO,ACE,CE,Federal Contract Tower,4,8,16,0,28,0,0,40,2,42,4,8,56,2,70,50,0,50,120
11/23/2022,COU,MO,ACE,CE,Federal Contract Tower,3,5,16,0,24,0,0,40,0,40,3,5,56,0,64,34,0,34,98
11/24/2022,COU,MO,ACE,CE,Federal Contract Tower,4,6,1,0,11,0,0,0,0,0,4,6,1,0,11,0,0,0,11
11/25/2022,COU,MO,ACE,CE,Federal Contract Tower,5,9,17,0,31,0,0,24,0,24,5,9,41,0,55,40,0,40,95
11/26/2022,COU,MO,ACE,CE,Federal Contract Tower,9,8,11,0,28,0,0,21,0,21,9,8,32,0,49,14,0,14,63
11/27/2022,COU,MO,ACE,CE,Federal Contract Tower,8,9,8,0,25,0,0,2,0,2,8,9,10,0,27,20,0,20,47
11/28/2022,COU,MO,ACE,CE,Federal Contract Tower,3,24,15,0,42,0,0,17,0,17,3,24,32,0,59,58,0,58,117
11/29/2022,COU,MO,ACE,CE,Federal Contract Tower,2,10,22,0,34,0,1,14,0,15,2,11,36,0,49,6,0,6,55
11/30/2022,COU,MO,ACE,CE,Federal Contract Tower,2,7,11,0,20,0,2,27,0,29,2,9,38,0,49,50,0,50,99
12/01/2022,COU,MO,ACE,CE,Federal Contract Tower,2,9,17,0,28,0,0,35,0,35,2,9,52,0,63,50,0,50,113
12/02/2022,COU,MO,ACE,CE,Federal Contract Tower,5,3,16,0,24,0,0,5,0,5,5,3,21,0,29,0,0,0,29
12/03/2022,COU,MO,ACE,CE,Federal Contract Tower,4,10,18,0,32,0,2,47,1,50,4,12,65,1,82,40,2,42,124
12/04/2022,COU,MO,ACE,CE,Federal Contract Tower,4,14,8,0,26,0,2,43,0,45,4,16,51,0,71,84,0,84,155
12/05/2022,COU,MO,ACE,CE,Federal Contract Tower,3,14,17,0,34,0,2,32,0,34,3,16,49,0,68,68,0,68,136
12/06/2022,COU,MO,ACE,CE,Federal Contract Tower,3,9,12,1,25,0,1,1,1,3,3,10,13,2,28,26,0,26,54
12/07/2022,COU,MO,ACE,CE,Federal Contract Tower,4,3,15,0,22,0,0,2,0,2,4,3,17,0,24,22,0,22,46
12/08/2022,COU,MO,ACE,CE,Federal Contract Tower,2,7,24,0,33,0,0,0,0,0,2,7,24,0,33,0,0,0,33
12/09/2022,COU,MO,ACE,CE,Federal Contract Tower,5,10,31,0,46,0,1,4,0,5,5,11,35,0,51,8,0,8,59
12/10/2022,COU,MO,ACE,CE,Federal Contract Tower,2,6,15,0,23,0,0,0,0,0,2,6,15,0,23,0,0,0,23
12/11/2022,COU,MO,ACE,CE,Federal Contract Tower,3,4,10,0,17,0,0,6,0,6,3,4,16,0,23,16,0,16,39
12/12/2022,COU,MO,ACE,CE,Federal Contract Tower,3,15,27,0,45,0,1,2,0,3,3,16,29,0,48,8,0,8,56
12/13/2022,COU,MO,ACE,CE,Federal Contract Tower,3,10,19,0,32,0,0,0,0,0,3,10,19,0,32,0,0,0,32
12/14/2022,COU,MO,ACE,CE,Federal Contract Tower,3,6,22,2,33,0,2,19,0,21,3,8,41,2,54,86,0,86,140
12/15/2022,COU,MO,ACE,CE,Federal Contract Tower,5,5,21,0,31,0,0,7,2,9,5,5,28,2,40,0,0,0,40
12/16/2022,COU,MO,ACE,CE,Federal Contract Tower,5,5,8,0,18,0,0,3,0,3,5,5,11,0,21,2,0,2,23
12/17/2022,COU,MO,ACE,CE,Federal Contract Tower,6,5,6,0,17,0,2,14,0,16,6,7,20,0,33,24,0,24,57
12/18/2022,COU,MO,ACE,CE,Federal Contract Tower,8,8,4,0,20,0,0,42,0,42,8,8,46,0,62,60,0,60,122
12/19/2022,COU,MO,ACE,CE,Federal Contract Tower,10,17,14,0,41,2,32,0,0,34,12,49,14,0,75,44,0,44,119
12/20/2022,COU,MO,ACE,CE,Federal Contract Tower,8,5,11,0,24,0,1,13,0,14,8,6,24,0,38,34,0,34,72
12/21/2022,COU,MO,ACE,CE,Federal Contract Tower,9,8,15,0,32,0,0,19,0,19,9,8,34,0,51,88,0,88,139
12/22/2022,COU,MO,ACE,CE,Federal Contract Tower,3,3,1,0,7,0,0,0,0,0,3,3,1,0,7,0,0,0,7
12/23/2022,COU,MO,ACE,CE,Federal Contract Tower,4,10,7,0,21,0,0,0,0,0,4,10,7,0,21,0,0,0,21
12/24/2022,COU,MO,ACE,CE,Federal Contract Tower,5,0,4,0,9,0,0,1,0,1,5,0,5,0,10,0,0,0,10
12/25/2022,COU,MO,ACE,CE,Federal Contract Tower,4,4,1,0,9,0,1,6,0,7,4,5,7,0,16,4,0,4,20
12/26/2022,COU,MO,ACE,CE,Federal Contract Tower,9,13,6,0,28,0,0,2,0,2,9,13,8,0,30,0,0,0,30
12/27/2022,COU,MO,ACE,CE,Federal Contract Tower,6,4,20,0,30,0,1,25,0,26,6,5,45,0,56,28,0,28,84
12/28/2022,COU,MO,ACE,CE,Federal Contract Tower,5,14,16,2,37,0,3,27,0,30,5,17,43,2,67,16,0,16,83
12/29/2022,COU,MO,ACE,CE,Federal Contract Tower,5,9,12,3,29,0,0,16,0,16,5,9,28,3,45,2,10,12,57
12/30/2022,COU,MO,ACE,CE,Federal Contract Tower,7,6,8,0,21,0,0,39,0,39,7,6,47,0,60,34,0,34,94
12/31/2022,COU,MO,ACE,CE,Federal Contract Tower,4,7,10,0,21,0,0,20,0,20,4,7,30,0,41,56,0,56,97
01/01/2023,COU,MO,ACE,CE,Federal Contract Tower,8,3,9,0,20,0,0,19,0,19,8,3,28,0,39,16,0,16,55
01/02/2023,COU,MO,ACE,CE,Federal Contract Tower,7,12,11,0,30,0,0,0,0,0,7,12,11,0,30,0,0,0,30
01/03/2023,COU,MO,ACE,CE,Federal Contract Tower,8,5,19,0,32,0,2,28,0,30,8,7,47,0,62,32,0,32,94
01/04/2023,COU,MO,ACE,CE,Federal Contract Tower,6,5,17,1,29,0,0,25,0,25,6,5,42,1,54,40,0,40,94
01/05/2023,COU,MO,ACE,CE,Federal Contract Tower,3,9,23,2,37,0,0,9,0,9,3,9,32,2,46,42,0,42,88
01/06/2023,COU,MO,ACE,CE,Federal Contract Tower,5,7,16,0,28,0,0,39,0,39,5,7,55,0,67,18,0,18,85
01/07/2023,COU,MO,ACE,CE,Federal Contract Tower,8,3,8,0,19,0,0,14,0,14,8,3,22,0,33,30,0,30,63
01/08/2023,COU,MO,ACE,CE,Federal Contract Tower,7,2,7,0,16,0,0,21,0,21,7,2,28,0,37,128,0,128,165
01/09/2023,COU,MO,ACE,CE,Federal Contract Tower,7,9,13,0,29,0,0,36,0,36,7,9,49,0,65,80,0,80,145
01/10/2023,COU,MO,ACE,CE,Federal Contract Tower,3,5,17,0,25,0,2,40,0,42,3,7,57,0,67,60,0,60,127
01/11/2023,COU,MO,ACE,CE,Federal Contract Tower,6,4,12,2,24,0,0,32,0,32,6,4,44,2,56,122,0,122,178
01/12/2023,COU,MO,ACE,CE,Federal Contract Tower,4,9,11,0,24,0,0,1,0,1,4,9,12,0,25,0,0,0,25
01/13/2023,COU,MO,ACE,CE,Federal Contract Tower,3,8,13,0,24,0,0,6,0,6,3,8,19,0,30,24,0,24,54
01/14/2023,COU,MO,ACE,CE,Federal Contract Tower,2,5,4,0,11,0,2,39,0,41,2,7,43,0,52,22,0,22,74
01/15/2023,COU,MO,ACE,CE,Federal Contract Tower,7,3,6,0,16,0,0,14,0,14,7,3,20,0,30,4,0,4,34
01/16/2023,COU,MO,ACE,CE,Federal Contract Tower,6,9,15,0,30,0,2,20,0,22,6,11,35,0,52,16,0,16,68
01/17/2023,COU,MO,ACE,CE,Federal Contract Tower,7,0,25,0,32,0,2,25,2,29,7,2,50,2,61,54,4,58,119
01/18/2023,COU,MO,ACE,CE,Federal Contract Tower,5,2,15,0,22,0,0,3,0,3,5,2,18,0,25,0,0,0,25
01/19/2023,COU,MO,ACE,CE,Federal Contract Tower,3,4,22,0,29,0,1,6,3,10,3,5,28,3,39,0,0,0,39
01/20/2023,COU,MO,ACE,CE,Federal Contract Tower,4,10,21,1,36,0,0,18,4,22,4,10,39,5,58,42,0,42,100
01/21/2023,COU,MO,ACE,CE,Federal Contract Tower,8,6,15,0,29,0,0,32,0,32,8,6,47,0,61,84,0,84,145
01/22/2023,COU,MO,ACE,CE,Federal Contract Tower,6,7,7,0,20,0,0,0,0,0,6,7,7,0,20,0,0,0,20
01/23/2023,COU,MO,ACE,CE,Federal Contract Tower,6,13,17,0,36,0,0,29,0,29,6,13,46,0,65,110,0,110,175
01/24/2023,COU,MO,ACE,CE,Federal Contract Tower,2,2,20,0,24,0,0,32,0,32,2,2,52,0,56,106,0,106,162
01/25/2023,COU,MO,ACE,CE,Federal Contract Tower,3,2,7,0,12,0,0,0,0,0,3,2,7,0,12,0,0,0,12
01/26/2023,COU,MO,ACE,CE,Federal Contract Tower,2,13,21,2,38,0,0,33,0,33,2,13,54,2,71,42,0,42,113
01/27/2023,COU,MO,ACE,CE,Federal Contract Tower,4,6,11,0,21,0,19,0,0,19,4,25,11,0,40,56,0,56,96
01/28/2023,COU,MO,ACE,CE,Federal Contract Tower,4,5,14,0,23,0,1,21,0,22,4,6,35,0,45,22,0,22,67
01/29/2023,COU,MO,ACE,CE,Federal Contract Tower,2,3,1,0,6,0,0,0,0,0,2,3,1,0,6,0,0,0,6
01/30/2023,COU,MO,ACE,CE,Federal Contract Tower,8,14,13,3,38,0,1,16,3,20,8,15,29,6,58,24,0,24,82
01/31/2023,COU,MO,ACE,CE,Federal Contract Tower,3,3,31,0,37,0,2,30,11,43,3,5,61,11,80,26,0,26,106
02/01/2023,COU,MO,ACE,CE,Federal Contract Tower,4,5,9,0,18,0,0,27,0,27,4,5,36,0,45,76,0,76,121
02/02/2023,COU,MO,ACE,CE,Federal Contract Tower,3,2,10,0,15,0,0,28,0,28,3,2,38,0,43,84,0,84,127
02/03/2023,COU,MO,ACE,CE,Federal Contract Tower,6,4,17,0,27,0,0,35,0,35,6,4,52,0,62,78,0,78,140
02/04/2023,COU,MO,ACE,CE,Federal Contract Tower,5,5,7,0,17,0,0,19,0,19,5,5,26,0,36,84,0,84,120
02/05/2023,COU,MO,ACE,CE,Federal Contract Tower,9,5,24,0,38,0,2,43,0,45,9,7,67,0,83,28,0,28,111
02/06/2023,COU,MO,ACE,CE,Federal Contract Tower,5,6,12,0,23,0,0,5,0,5,5,6,17,0,28,16,0,16,44
02/07/2023,COU,MO,ACE,CE,Federal Contract Tower,5,4,15,0,24,0,0,33,2,35,5,4,48,2,59,46,0,46,105
02/08/2023,COU,MO,ACE,CE,Federal Contract Tower,3,8,10,0,21,0,1,3,0,4,3,9,13,0,25,12,0,12,37
02/09/2023,COU,MO,ACE,CE,Federal Contract Tower,5,3,17,0,25,0,0,2,0,2,5,3,19,0,27,40,0,40,67
02/10/2023,COU,MO,ACE,CE,Federal Contract Tower,5,7,15,0,27,0,0,23,0,23,5,7,38,0,50,98,0,98,148
02/11/2023,COU,MO,ACE,CE,Federal Contract Tower,5,5,8,12,30,0,0,39,0,39,5,5,47,12,69,66,0,66,135
02/12/2023,COU,MO,ACE,CE,Federal Contract Tower,5,5,18,0,28,0,0,47,0,47,5,5,65,0,75,62,0,62,137
02/13/2023,COU,MO,ACE,CE,Federal Contract Tower,5,12,31,2,50,0,0,40,0,40,5,12,71,2,90,94,0,94,184
02/14/2023,COU,MO,ACE,CE,Federal Contract Tower,5,3,11,0,19,0,0,5,0,5,5,3,16,0,24,0,0,0,24
02/15/2023,COU,MO,ACE,CE,Federal Contract Tower,5,9,25,0,39,0,5,36,4,45,5,14,61,4,84,90,0,90,174
02/16/2023,COU,MO,ACE,CE,Federal Contract Tower,5,5,18,0,28,0,0,0,0,0,5,5,18,0,28,0,0,0,28
02/17/2023,COU,MO,ACE,CE,Federal Contract Tower,6,4,16,0,26,0,0,31,0,31,6,4,47,0,57,76,0,76,133
02/18/2023,COU,MO,ACE,CE,Federal Contract Tower,5,6,10,0,21,0,0,28,0,28,5,6,38,0,49,58,0,58,107
02/19/2023,COU,MO,ACE,CE,Federal Contract Tower,5,10,22,0,37,0,0,30,0,30,5,10,52,0,67,68,0,68,135
02/20/2023,COU,MO,ACE,CE,Federal Contract Tower,3,12,12,0,27,0,1,38,0,39,3,13,50,0,66,60,0,60,126
02/21/2023,COU,MO,ACE,CE,Federal Contract Tower,6,13,20,0,39,0,0,41,0,41,6,13,61,0,80,22,0,22,102
02/22/2023,COU,MO,ACE,CE,Federal Contract Tower,5,5,12,0,22,0,0,7,0,7,5,5,19,0,29,0,0,0,29
02/23/2023,COU,MO,ACE,CE,Federal Contract Tower,8,1,21,0,30,0,1,15,0,16,8,2,36,0,46,94,0,94,140
02/24/2023,COU,MO,ACE,CE,Federal Contract Tower,7,11,7,0,25,0,2,40,4,46,7,13,47,4,71,124,6,130,201
02/25/2023,COU,MO,ACE,CE,Federal Contract Tower,9,6,13,0,28,0,0,28,0,28,9,6,41,0,56,68,0,68,124
02/26/2023,COU,MO,ACE,CE,Federal Contract Tower,6,5,13,0,24,0,0,1,0,1,6,5,14,0,25,40,0,40,65
02/27/2023,COU,MO,ACE,CE,Federal Contract Tower,5,8,15,0,28,0,0,7,0,7,5,8,22,0,35,0,0,0,35
02/28/2023,COU,MO,ACE,CE,Federal Contract Tower,5,8,32,0,45,0,0,39,0,39,5,8,71,0,84,112,0,112,196
03/01/2023,COU,MO,ACE,CE,Federal Contract Tower,5,8,12,0,25,0,0,46,0,46,5,8,58,0,71,154,0,154,225
03/02/2023,COU,MO,ACE,CE,Federal Contract Tower,4,7,17,6,34,0,0,12,0,12,4,7,29,6,46,26,0,26,72
03/03/2023,COU,MO,ACE,CE,Federal Contract Tower,6,7,8,0,21,0,0,7,0,7,6,7,15,0,28,20,0,20,48
03/04/2023,COU,MO,ACE,CE,Federal Contract Tower,3,7,16,0,26,0,0,38,0,38,3,7,54,0,64,66,0,66,130
03/05/2023,COU,MO,ACE,CE,Federal Contract Tower,5,3,15,0,23,0,0,36,0,36,5,3,51,0,59,32,0,32,91
03/06/2023,COU,MO,ACE,CE,Federal Contract Tower,6,7,18,0,31,0,0,29,2,31,6,7,47,2,62,122,4,126,188
03/07/2023,COU,MO,ACE,CE,Federal Contract Tower,8,9,10,0,27,0,0,14,0,14,8,9,24,0,41,42,0,42,83
03/08/2023,COU,MO,ACE,CE,Federal Contract Tower,8,7,14,0,29,0,0,20,0,20,8,7,34,0,49,48,0,48,97
03/09/2023,COU,MO,ACE,CE,Federal Contract Tower,8,4,11,4,27,0,0,2,0,2,8,4,13,4,29,2,0,2,31
03/10/2023,COU,MO,ACE,CE,Federal Contract Tower,5,7,15,0,27,0,0,23,0,23,5,7,38,0,50,186,0,186,236
03/11/2023,COU,MO,ACE,CE,Federal Contract Tower,6,7,7,0,20,0,0,4,0,4,6,7,11,0,24,8,0,8,32
03/12/2023,COU,MO,ACE,CE,Federal Contract Tower,9,6,9,0,24,0,0,18,0,18,9,6,27,0,42,68,0,68,110
03/13/2023,COU,MO,ACE,CE,Federal Contract Tower,10,15,15,0,40,0,0,24,1,25,10,15,39,1,65,94,10,104,169
03/14/2023,COU,MO,ACE,CE,Federal Contract Tower,8,10,11,2,31,0,5,34,0,39,8,15,45,2,70,140,0,140,210
03/15/2023,COU,MO,ACE,CE,Federal Contract Tower,10,11,15,0,36,0,2,39,0,41,10,13,54,0,77,22,0,22,99
03/16/2023,COU,MO,ACE,CE,Federal Contract Tower,5,6,10,0,21,0,0,2,0,2,5,6,12,0,23,36,0,36,59
03/17/2023,COU,MO,ACE,CE,Federal Contract Tower,5,9,8,0,22,0,0,24,0,24,5,9,32,0,46,10,0,10,56
03/18/2023,COU,MO,ACE,CE,Federal Contract Tower,8,6,5,0,19,0,0,12,0,12,8,6,17,0,31,18,0,18,49
03/19/2023,COU,MO,ACE,CE,Federal Contract Tower,10,12,18,5,45,0,2,55,1,58,10,14,73,6,103,116,0,116,219
03/20/2023,COU,MO,ACE,CE,Federal Contract Tower,8,15,12,3,38,0,2,36,1,39,8,17,48,4,77,36,0,36,113
03/21/2023,COU,MO,ACE,CE,Federal Contract Tower,7,2,12,0,21,0,0,5,0,5,7,2,17,0,26,46,0,46,72
03/22/2023,COU,MO,ACE,CE,Federal Contract Tower,8,8,27,0,43,0,0,18,0,18,8,8,45,0,61,48,0,48,109
03/23/2023,COU,MO,ACE,CE,Federal Contract Tower,7,10,8,0,25,0,0,0,0,0,7,10,8,0,25,0,0,0,25
03/24/2023,COU,MO,ACE,CE,Federal Contract Tower,3,20,10,0,33,0,0,0,0,0,3,20,10,0,33,50,0,50,83
03/25/2023,COU,MO,ACE,CE,Federal Contract Tower,7,3,15,0,25,0,0,21,0,21,7,3,36,0,46,94,0,94,140
03/26/2023,COU,MO,ACE,CE,Federal Contract Tower,8,3,7,0,18,0,0,34,0,34,8,3,41,0,52,86,0,86,138
03/27/2023,COU,MO,ACE,CE,Federal Contract Tower,8,5,7,0,20,0,0,0,0,0,8,5,7,0,20,78,0,78,98
03/28/2023,COU,MO,ACE,CE,Federal Contract Tower,8,2,9,0,19,0,1,14,0,15,8,3,23,0,34,44,0,44,78
03/29/2023,COU,MO,ACE,CE,Federal Contract Tower,8,4,11,4,27,0,2,36,0,38,8,6,47,4,65,108,0,108,173
03/30/2023,COU,MO,ACE,CE,Federal Contract Tower,5,10,15,0,30,0,4,20,2,26,5,14,35,2,56,40,0,40,96
03/31/2023,COU,MO,ACE,CE,Federal Contract Tower,5,7,6,0,18,0,0,2,0,2,5,7,8,0,20,0,0,0,20
04/01/2023,COU,MO,ACE,CE,Federal Contract Tower,9,8,5,0,22,0,2,19,0,21,9,10,24,0,43,0,0,0,43
04/02/2023,COU,MO,ACE,CE,Federal Contract Tower,8,5,11,0,24,0,0,37,0,37,8,5,48,0,61,8,0,8,69
04/03/2023,COU,MO,ACE,CE,Federal Contract Tower,8,11,21,0,40,0,0,39,0,39,8,11,60,0,79,80,0,80,159
04/04/2023,COU,MO,ACE,CE,Federal Contract Tower,6,8,16,0,30,0,0,10,0,10,6,8,26,0,40,20,0,20,60
04/05/2023,COU,MO,ACE,CE,Federal Contract Tower,5,9,13,0,27,0,0,20,0,20,5,9,33,0,47,30,0,30,77
04/06/2023,COU,MO,ACE,CE,Federal Contract Tower,5,10,15,0,30,0,2,48,2,52,5,12,63,2,82,120,0,120,202
04/07/2023,COU,MO,ACE,CE,Federal Contract Tower,5,7,16,0,28,0,0,50,0,50,5,7,66,0,78,74,0,74,152
04/08/2023,COU,MO,ACE,CE,Federal Contract Tower,9,5,9,2,25,0,2,40,6,48,9,7,49,8,73,42,8,50,123
04/09/2023,COU,MO,ACE,CE,Federal Contract Tower,6,2,8,0,16,0,2,40,0,42,6,4,48,0,58,38,0,38,96
04/10/2023,COU,MO,ACE,CE,Federal Contract Tower,7,14,9,0,30,0,2,44,0,46,7,16,53,0,76,42,0,42,118
04/11/2023,COU,MO,ACE,CE,Federal Contract Tower,6,4,20,0,30,0,1,33,0,34,6,5,53,0,64,66,0,66,130
04/12/2023,COU,MO,ACE,CE,Federal Contract Tower,8,3,25,0,36,0,0,56,0,56,8,3,81,0,92,80,0,80,172
04/13/2023,COU,MO,ACE,CE,Federal Contract Tower,5,4,20,0,29,0,0,40,0,40,5,4,60,0,69,50,0,50,119
04/14/2023,COU,MO,ACE,CE,Federal Contract Tower,7,4,20,0,31,0,0,44,0,44,7,4,64,0,75,90,0,90,165
04/15/2023,COU,MO,ACE,CE,Federal Contract Tower,9,6,5,0,20,0,0,2,0,2,9,6,7,0,22,0,0,0,22
04/16/2023,COU,MO,ACE,CE,Federal Contract Tower,6,6,10,0,22,0,2,14,0,16,6,8,24,0,38,28,0,28,66
04/17/2023,COU,MO,ACE,CE,Federal Contract Tower,6,15,11,0,32,0,0,32,0,32,6,15,43,0,64,10,0,10,74
04/18/2023,COU,MO,ACE,CE,Federal Contract Tower,8,7,24,0,39,0,0,38,0,38,8,7,62,0,77,96,0,96,173
04/19/2023,COU,MO,ACE,CE,Federal Contract Tower,8,6,23,1,38,0,0,7,0,7,8,6,30,1,45,2,0,2,47
04/20/2023,COU,MO,ACE,CE,Federal Contract Tower,5,8,24,0,37,0,0,4,0,4,5,8,28,0,41,0,0,0,41
04/21/2023,COU,MO,ACE,CE,Federal Contract Tower,4,9,18,0,31,0,0,44,4,48,4,9,62,4,79,70,0,70,149
04/22/2023,COU,MO,ACE,CE,Federal Contract Tower,6,6,7,0,19,0,0,26,0,26,6,6,33,0,45,62,0,62,107
04/23/2023,COU,MO,ACE,CE,Federal Contract Tower,9,12,21,0,42,0,2,57,4,63,9,14,78,4,105,132,0,132,237
04/25/2023,COU,MO,ACE,CE,Federal Contract Tower,8,1,25,0,34,0,0,46,0,46,8,1,71,0,80,102,0,102,182
04/26/2023,COU,MO,ACE,CE,Federal Contract Tower,7,6,20,0,33,0,0,44,0,44,7,6,64,0,77,66,0,66,143
04/27/2023,COU,MO,ACE,CE,Federal Contract Tower,5,5,24,0,34,0,0,34,0,34,5,5,58,0,68,58,0,58,126
04/28/2023,COU,MO,ACE,CE,Federal Contract Tower,4,12,18,0,34,0,4,55,4,63,4,16,73,4,97,64,0,64,161
04/29/2023,COU,MO,ACE,CE,Federal Contract Tower,8,3,8,0,19,0,2,24,0,26,8,5,32,0,45,18,0,18,63
04/30/2023,COU,MO,ACE,CE,Federal Contract Tower,9,1,11,0,21,0,4,5,0,9,9,5,16,0,30,0,0,0,30
05/01/2023,COU,MO,ACE,CE,Federal Contract Tower,8,5,22,0,35,0,2,13,0,15,8,7,35,0,50,20,0,20,70
05/02/2023,COU,MO,ACE,CE,Federal Contract Tower,8,2,18,0,28,0,0,26,0,26,8,2,44,0,54,10,0,10,64
05/03/2023,COU,MO,ACE,CE,Federal Contract Tower,10,4,19,0,33,0,2,46,0,48,10,6,65,0,81,150,0,150,231
05/04/2023,COU,MO,ACE,CE,Federal Contract Tower,5,9,16,0,30,0,0,33,0,33,5,9,49,0,63,80,0,80,143
05/05/2023,COU,MO,ACE,CE,Federal Contract Tower,5,9,17,0,31,0,0,19,0,19,5,9,36,0,50,80,0,80,130
05/06/2023,COU,MO,ACE,CE,Federal Contract Tower,8,2,3,0,13,0,0,12,0,12,8,2,15,0,25,10,0,10,35
05/07/2023,COU,MO,ACE,CE,Federal Contract Tower,10,19,9,0,38,0,2,42,0,44,10,21,51,0,82,24,0,24,106
05/08/2023,COU,MO,ACE,CE,Federal Contract Tower,8,2,25,0,35,0,2,48,0,50,8,4,73,0,85,126,0,126,211
05/09/2023,COU,MO,ACE,CE,Federal Contract Tower,5,3,26,0,34,0,0,42,0,42,5,3,68,0,76,96,0,96,172
05/10/2023,COU,MO,ACE,CE,Federal Contract Tower,8,3,27,0,38,0,2,42,0,44,8,5,69,0,82,122,0,122,204
05/11/2023,COU,MO,ACE,CE,Federal Contract Tower,5,7,35,0,47,0,0,3,0,3,5,7,38,0,50,30,0,30,80
05/12/2023,COU,MO,ACE,CE,Federal Contract Tower,5,8,30,0,43,0,0,23,0,23,5,8,53,0,66,88,0,88,154
05/13/2023,COU,MO,ACE,CE,Federal Contract Tower,4,9,17,0,30,0,0,32,6,38,4,9,49,6,68,16,0,16,84
05/14/2023,COU,MO,ACE,CE,Federal Contract Tower,10,6,7,0,23,0,1,17,0,18,10,7,24,0,41,20,0,20,61
05/15/2023,COU,MO,ACE,CE,Federal Contract Tower,9,12,22,4,47,0,0,2,0,2,9,12,24,4,49,0,0,0,49
05/16/2023,COU,MO,ACE,CE,Federal Contract Tower,5,3,34,0,42,0,0,15,0,15,5,3,49,0,57,54,0,54,111
05/17/2023,COU,MO,ACE,CE,Federal Contract Tower,8,4,24,0,36,0,0,58,0,58,8,4,82,0,94,114,0,114,208
05/18/2023,COU,MO,ACE,CE,Federal Contract Tower,5,7,35,0,47,0,0,33,0,33,5,7,68,0,80,76,0,76,156
05/19/2023,COU,MO,ACE,CE,Federal Contract Tower,5,7,19,0,31,0,0,8,0,8,5,7,27,0,39,112,0,112,151
05/20/2023,COU,MO,ACE,CE,Federal Contract Tower,6,4,13,0,23,0,0,32,2,34,6,4,45,2,57,68,8,76,133
05/21/2023,COU,MO,ACE,CE,Federal Contract Tower,7,2,11,0,20,0,0,34,0,34,7,2,45,0,54,78,0,78,132
05/22/2023,COU,MO,ACE,CE,Federal Contract Tower,8,14,7,0,29,0,2,32,0,34,8,16,39,0,63,34,0,34,97
05/23/2023,COU,MO,ACE,CE,Federal Contract Tower,5,8,21,0,34,0,2,48,0,50,5,10,69,0,84,92,0,92,176
05/24/2023,COU,MO,ACE,CE,Federal Contract Tower,7,7,25,0,39,0,2,32,0,34,7,9,57,0,73,48,0,48,121
05/25/2023,COU,MO,ACE,CE,Federal Contract Tower,6,14,20,0,40,0,0,38,2,40,6,14,58,2,80,46,0,46,126
05/26/2023,COU,MO,ACE,CE,Federal Contract Tower,6,11,19,0,36,0,4,45,0,49,6,15,64,0,85,10,0,10,95
05/27/2023,COU,MO,ACE,CE,Federal Contract Tower,4,3,9,0,16,0,2,30,0,32,4,5,39,0,48,74,0,74,122
05/28/2023,COU,MO,ACE,CE,Federal Contract Tower,5,3,7,0,15,0,2,33,0,35,5,5,40,0,50,16,0,16,66
05/29/2023,COU,MO,ACE,CE,Federal Contract Tower,8,10,9,0,27,0,0,39,0,39,8,10,48,0,66,76,0,76,142
05/30/2023,COU,MO,ACE,CE,Federal Contract Tower,10,5,20,0,35,0,2,38,0,40,10,7,58,0,75,92,0,92,167
05/31/2023,COU,MO,ACE,CE,Federal Contract Tower,7,4,29,0,40,0,0,36,0,36,7,4,65,0,76,114,0,114,190
06/01/2023,COU,MO,ACE,CE,Federal Contract Tower,4,2,16,0,22,0,0,19,0,19,4,2,35,0,41,32,0,32,73
06/02/2023,COU,MO,ACE,CE,Federal Contract Tower,4,4,16,0,24,0,0,16,0,16,4,4,32,0,40,120,0,120,160
06/03/2023,COU,MO,ACE,CE,Federal Contract Tower,2,4,5,0,11,0,0,33,0,33,2,4,38,0,44,40,0,40,84
06/04/2023,COU,MO,ACE,CE,Federal Contract Tower,5,11,6,0,22,0,0,30,0,30,5,11,36,0,52,114,0,114,166
06/05/2023,COU,MO,ACE,CE,Federal Contract Tower,4,13,13,0,30,0,4,34,0,38,4,17,47,0,68,142,0,142,210
06/06/2023,COU,MO,ACE,CE,Federal Contract Tower,5,3,20,0,28,0,0,38,0,38,5,3,58,0,66,170,0,170,236
06/07/2023,COU,MO,ACE,CE,Federal Contract Tower,6,2,21,0,29,0,0,34,0,34,6,2,55,0,63,136,0,136,199
06/08/2023,COU,MO,ACE,CE,Federal Contract Tower,4,2,13,0,19,0,0,25,0,25,4,2,38,0,44,94,0,94,138
06/09/2023,COU,MO,ACE,CE,Federal Contract Tower,4,6,12,0,22,0,0,35,2,37,4,6,47,2,59,90,0,90,149
06/10/2023,COU,MO,ACE,CE,Federal Contract Tower,3,1,11,0,15,0,1,29,0,30,3,2,40,0,45,24,0,24,69
06/11/2023,COU,MO,ACE,CE,Federal Contract Tower,8,8,12,0,28,0,0,1,0,1,8,8,13,0,29,0,0,0,29
06/12/2023,COU,MO,ACE,CE,Federal Contract Tower,5,13,19,0,37,0,2,37,0,39,5,15,56,0,76,56,0,56,132
06/13/2023,COU,MO,ACE,CE,Federal Contract Tower,5,4,17,0,26,0,0,35,9,44,5,4,52,9,70,102,2,104,174
06/14/2023,COU,MO,ACE,CE,Federal Contract Tower,6,2,22,0,30,0,0,37,1,38,6,2,59,1,68,22,0,22,90
06/15/2023,COU,MO,ACE,CE,Federal Contract Tower,5,6,10,0,21,0,0,45,0,45,5,6,55,0,66,72,0,72,138
06/16/2023,COU,MO,ACE,CE,Federal Contract Tower,6,8,25,0,39,0,2,52,0,54,6,10,77,0,93,64,0,64,157
06/17/2023,COU,MO,ACE,CE,Federal Contract Tower,2,4,17,0,23,0,0,43,0,43,2,4,60,0,66,74,0,74,140
06/18/2023,COU,MO,ACE,CE,Federal Contract Tower,5,3,9,0,17,0,2,17,0,19,5,5,26,0,36,14,0,14,50
06/19/2023,COU,MO,ACE,CE,Federal Contract Tower,4,19,16,0,39,0,0,46,0,46,4,19,62,0,85,82,0,82,167
06/20/2023,COU,MO,ACE,CE,Federal Contract Tower,6,5,20,2,33,0,2,32,2,36,6,7,52,4,69,78,0,78,147
06/21/2023,COU,MO,ACE,CE,Federal Contract Tower,5,7,14,1,27,0,2,32,0,34,5,9,46,1,61,36,0,36,97
06/22/2023,COU,MO,ACE,CE,Federal Contract Tower,4,12,10,2,28,0,6,50,2,58,4,18,60,4,86,74,0,74,160
06/23/2023,COU,MO,ACE,CE,Federal Contract Tower,4,3,15,0,22,0,4,59,0,63,4,7,74,0,85,50,0,50,135
06/24/2023,COU,MO,ACE,CE,Federal Contract Tower,2,4,3,0,9,0,2,77,0,79,2,6,80,0,88,2,0,2,90
06/25/2023,COU,MO,ACE,CE,Federal Contract Tower,4,4,3,0,11,0,0,6,0,6,4,4,9,0,17,4,0,4,21
06/26/2023,COU,MO,ACE,CE,Federal Contract Tower,6,12,26,0,44,0,6,24,0,30,6,18,50,0,74,90,0,90,164
06/27/2023,COU,MO,ACE,CE,Federal Contract Tower,5,5,24,0,34,0,4,35,2,41,5,9,59,2,75,82,0,82,157
06/28/2023,COU,MO,ACE,CE,Federal Contract Tower,6,10,22,0,38,0,2,39,0,41,6,12,61,0,79,86,0,86,165
06/29/2023,COU,MO,ACE,CE,Federal Contract Tower,4,9,13,0,26,0,0,24,0,24,4,9,37,0,50,28,0,28,78
06/30/2023,COU,MO,ACE,CE,Federal Contract Tower,2,6,28,0,36,0,5,26,0,31,2,11,54,0,67,30,0,30,97
07/01/2023,COU,MO,ACE,CE,Federal Contract Tower,2,2,8,0,12,0,0,23,0,23,2,2,31,0,35,54,0,54,89
07/02/2023,COU,MO,ACE,CE,Federal Contract Tower,6,1,11,0,18,0,0,19,0,19,6,1,30,0,37,38,0,38,75
07/03/2023,COU,MO,ACE,CE,Federal Contract Tower,5,14,17,0,36,0,3,32,0,35,5,17,49,0,71,50,0,50,121
07/04/2023,COU,MO,ACE,CE,Federal Contract Tower,6,5,6,0,17,0,2,50,0,52,6,7,56,0,69,26,0,26,95
07/05/2023,COU,MO,ACE,CE,Federal Contract Tower,6,4,10,0,20,0,0,36,0,36,6,4,46,0,56,86,0,86,142
07/06/2023,COU,MO,ACE,CE,Federal Contract Tower,4,5,13,0,22,0,0,44,0,44,4,5,57,0,66,90,0,90,156
07/07/2023,COU,MO,ACE,CE,Federal Contract Tower,4,9,21,0,34,0,2,24,0,26,4,11,45,0,60,28,0,28,88
07/08/2023,COU,MO,ACE,CE,Federal Contract Tower,5,1,12,0,18,0,0,7,0,7,5,1,19,0,25,12,0,12,37
07/09/2023,COU,MO,ACE,CE,Federal Contract Tower,6,7,10,0,23,0,2,44,4,50,6,9,54,4,73,32,0,32,105
07/10/2023,COU,MO,ACE,CE,Federal Contract Tower,4,14,22,0,40,0,2,41,0,43,4,16,63,0,83,44,0,44,127
07/11/2023,COU,MO,ACE,CE,Federal Contract Tower,7,2,9,1,19,0,2,42,4,48,7,4,51,5,67,78,0,78,145
07/12/2023,COU,MO,ACE,CE,Federal Contract Tower,4,6,11,0,21,0,2,23,0,25,4,8,34,0,46,36,0,36,82
07/13/2023,COU,MO,ACE,CE,Federal Contract Tower,5,3,29,0,37,0,0,6,4,10,5,3,35,4,47,30,0,30,77
07/14/2023,COU,MO,ACE,CE,Federal Contract Tower,3,2,10,0,15,0,1,26,0,27,3,3,36,0,42,18,0,18,60
07/15/2023,COU,MO,ACE,CE,Federal Contract Tower,2,2,17,0,21,0,2,34,0,36,2,4,51,0,57,36,0,36,93
07/16/2023,COU,MO,ACE,CE,Federal Contract Tower,6,4,10,0,20,0,0,14,0,14,6,4,24,0,34,24,0,24,58
07/17/2023,COU,MO,ACE,CE,Federal Contract Tower,5,9,27,0,41,0,0,20,2,22,5,9,47,2,63,24,0,24,87
07/18/2023,COU,MO,ACE,CE,Federal Contract Tower,5,8,24,0,37,0,0,12,0,12,5,8,36,0,49,0,0,0,49
07/19/2023,COU,MO,ACE,CE,Federal Contract Tower,4,11,33,3,51,0,0,27,0,27,4,11,60,3,78,64,0,64,142
07/20/2023,COU,MO,ACE,CE,Federal Contract Tower,4,9,8,0,21,0,0,34,0,34,4,9,42,0,55,34,0,34,89
07/21/2023,COU,MO,ACE,CE,Federal Contract Tower,4,7,17,2,30,0,0,50,0,50,4,7,67,2,80,48,0,48,128
07/22/2023,COU,MO,ACE,CE,Federal Contract Tower,2,2,13,0,17,0,0,40,0,40,2,2,53,0,57,46,0,46,103
07/23/2023,COU,MO,ACE,CE,Federal Contract Tower,4,2,11,0,17,0,0,42,0,42,4,2,53,0,59,22,0,22,81
07/24/2023,COU,MO,ACE,CE,Federal Contract Tower,4,14,12,0,30,0,0,13,0,13,4,14,25,0,43,44,0,44,87
07/25/2023,COU,MO,ACE,CE,Federal Contract Tower,6,7,16,2,31,0,2,31,2,35,6,9,47,4,66,24,0,24,90
07/26/2023,COU,MO,ACE,CE,Federal Contract Tower,4,4,21,0,29,0,0,12,0,12,4,4,33,0,41,4,0,4,45
07/27/2023,COU,MO,ACE,CE,Federal Contract Tower,4,15,25,0,44,0,0,22,2,24,4,15,47,2,68,70,0,70,138
07/28/2023,COU,MO,ACE,CE,Federal Contract Tower,4,9,21,0,34,0,0,27,4,31,4,9,48,4,65,78,0,78,143
07/29/2023,COU,MO,ACE,CE,Federal Contract Tower,2,2,13,0,17,0,2,16,0,18,2,4,29,0,35,26,0,26,61
07/30/2023,COU,MO,ACE,CE,Federal Contract Tower,4,5,17,0,26,0,0,18,0,18,4,5,35,0,44,90,0,90,134
08/01/2023,COU,MO,ACE,CE,Federal Contract Tower,4,6,27,2,39,0,1,17,2,20,4,7,44,4,59,32,0,32,91
08/02/2023,COU,MO,ACE,CE,Federal Contract Tower,5,3,21,0,29,0,0,20,0,20,5,3,41,0,49,24,0,24,73
08/03/2023,COU,MO,ACE,CE,Federal Contract Tower,4,6,29,0,39,0,0,5,0,5,4,6,34,0,44,52,0,52,96
08/04/2023,COU,MO,ACE,CE,Federal Contract Tower,4,3,22,0,29,0,0,13,0,13,4,3,35,0,42,12,0,12,54
08/05/2023,COU,MO,ACE,CE,Federal Contract Tower,3,2,6,0,11,0,3,13,0,16,3,5,19,0,27,30,0,30,57
08/06/2023,COU,MO,ACE,CE,Federal Contract Tower,6,5,10,0,21,0,4,16,0,20,6,9,26,0,41,4,0,4,45
08/08/2023,COU,MO,ACE,CE,Federal Contract Tower,4,12,5,2,23,0,2,33,4,39,4,14,38,6,62,152,0,152,214
08/09/2023,COU,MO,ACE,CE,Federal Contract Tower,4,8,12,0,24,0,3,12,0,15,4,11,24,0,39,74,0,74,113
08/10/2023,COU,MO,ACE,CE,Federal Contract Tower,4,6,32,0,42,0,0,54,0,54,4,6,86,0,96,66,0,66,162
08/11/2023,COU,MO,ACE,CE,Federal Contract Tower,5,5,15,0,25,0,0,33,2,35,5,5,48,2,60,68,0,68,128
08/12/2023,COU,MO,ACE,CE,Federal Contract Tower,3,5,12,0,20,0,2,68,0,70,3,7,80,0,90,56,0,56,146
08/13/2023,COU,MO,ACE,CE,Federal Contract Tower,4,3,4,0,11,0,1,10,0,11,4,4,14,0,22,0,0,0,22
08/14/2023,COU,MO,ACE,CE,Federal Contract Tower,5,13,22,0,40,0,0,32,0,32,5,13,54,0,72,44,0,44,116
08/15/2023,COU,MO,ACE,CE,Federal Contract Tower,3,7,20,1,31,0,0,24,2,26,3,7,44,3,57,72,0,72,129
08/16/2023,COU,MO,ACE,CE,Federal Contract Tower,4,2,22,1,29,0,1,39,1,41,4,3,61,2,70,62,0,62,132
08/17/2023,COU,MO,ACE,CE,Federal Contract Tower,2,6,19,0,27,0,1,54,2,57,2,7,73,2,84,34,4,38,122
08/18/2023,COU,MO,ACE,CE,Federal Contract Tower,2,4,15,6,27,0,1,40,0,41,2,5,55,6,68,104,0,104,172
08/19/2023,COU,MO,ACE,CE,Federal Contract Tower,4,2,10,1,17,0,0,28,0,28,4,2,38,1,45,36,0,36,81
08/20/2023,COU,MO,ACE,CE,Federal Contract Tower,6,0,14,0,20,0,3,27,0,30,6,3,41,0,50,18,0,18,68
08/21/2023,COU,MO,ACE,CE,Federal Contract Tower,7,13,23,0,43,0,2,26,0,28,7,15,49,0,71,60,0,60,131
08/22/2023,COU,MO,ACE,CE,Federal Contract Tower,4,6,17,0,27,0,0,10,0,10,4,6,27,0,37,24,0,24,61
08/23/2023,COU,MO,ACE,CE,Federal Contract Tower,4,4,16,0,24,0,0,23,0,23,4,4,39,0,47,16,0,16,63
08/24/2023,COU,MO,ACE,CE,Federal Contract Tower,2,10,21,0,33,0,0,23,0,23,2,10,44,0,56,4,0,4,60
08/25/2023,COU,MO,ACE,CE,Federal Contract Tower,4,5,14,0,23,0,0,31,0,31,4,5,45,0,54,38,0,38,92
08/26/2023,COU,MO,ACE,CE,Federal Contract Tower,4,3,12,0,19,0,0,16,4,20,4,3,28,4,39,34,0,34,73
08/27/2023,COU,MO,ACE,CE,Federal Contract Tower,4,5,14,0,23,0,2,28,0,30,4,7,42,0,53,52,0,52,105
08/28/2023,COU,MO,ACE,CE,Federal Contract Tower,6,9,16,2,33,0,2,41,0,43,6,11,57,2,76,84,0,84,160
08/29/2023,COU,MO,ACE,CE,Federal Contract Tower,4,2,14,2,22,0,2,41,0,43,4,4,55,2,65,132,0,132,197
08/30/2023,COU,MO,ACE,CE,Federal Contract Tower,4,5,21,0,30,0,0,38,0,38,4,5,59,0,68,72,0,72,140
08/31/2023,COU,MO,ACE,CE,Federal Contract Tower,5,7,24,0,36,0,0,57,0,57,5,7,81,0,93,98,0,98,191
