01/01/2020,CPR,WY,ANM,WE,Combined TRACON& Tower with Radar,0,17,8,0,25,0,0,4,0,4,0,17,12,0,29,0,0,0,29
01/02/2020,CPR,WY,ANM,WE,Combined TRACON& Tower with Radar,4,32,13,0,49,0,1,31,0,32,4,33,44,0,81,68,0,68,149
01/03/2020,CPR,WY,ANM,WE,Combined TRACON& Tower with Radar,3,27,5,0,35,0,1,23,0,24,3,28,28,0,59,18,0,18,77
01/04/2020,CPR,WY,ANM,WE,Combined TRACON& Tower with Radar,2,24,10,0,36,0,5,14,0,19,2,29,24,0,55,4,0,4,59
01/05/2020,CPR,WY,ANM,WE,Combined TRACON& Tower with Radar,0,13,7,0,20,0,2,26,0,28,0,15,33,0,48,15,0,15,63
01/06/2020,CPR,WY,ANM,WE,Combined TRACON& Tower with Radar,4,26,8,0,38,0,9,23,0,32,4,35,31,0,70,36,0,36,106
01/07/2020,CPR,WY,ANM,WE,Combined TRACON& Tower with Radar,7,33,13,0,53,0,3,21,0,24,7,36,34,0,77,4,0,4,81
01/08/2020,CPR,WY,ANM,WE,Combined TRACON& Tower with Radar,8,29,26,0,63,0,2,15,0,17,8,31,41,0,80,0,0,0,80
01/09/2020,CPR,WY,ANM,WE,Combined TRACON& Tower with Radar,8,27,14,0,49,0,0,18,0,18,8,27,32,0,67,28,0,28,95
01/10/2020,CPR,WY,ANM,WE,Combined TRACON& Tower with Radar,4,27,18,3,52,0,0,29,0,29,4,27,47,3,81,2,0,2,83
01/11/2020,CPR,WY,ANM,WE,Combined TRACON& Tower with Radar,5,14,6,1,26,0,0,1,0,1,5,14,7,1,27,0,0,0,27
01/12/2020,CPR,WY,ANM,WE,Combined TRACON& Tower with Radar,5,13,6,0,24,0,1,5,0,6,5,14,11,0,30,14,0,14,44
01/13/2020,CPR,WY,ANM,WE,Combined TRACON& Tower with Radar,3,21,9,0,33,0,1,18,0,19,3,22,27,0,52,18,0,18,70
01/14/2020,CPR,WY,ANM,WE,Combined TRACON& Tower with Radar,6,27,13,0,46,0,1,17,0,18,6,28,30,0,64,22,0,22,86
01/15/2020,CPR,WY,ANM,WE,Combined TRACON& Tower with Radar,7,30,15,0,52,0,5,26,0,31,7,35,41,0,83,14,0,14,97
01/16/2020,CPR,WY,ANM,WE,Combined TRACON& Tower with Radar,7,27,8,0,42,0,2,21,0,23,7,29,29,0,65,14,0,14,79
01/17/2020,CPR,WY,ANM,WE,Combined TRACON& Tower with Radar,4,28,16,3,51,0,0,11,1,12,4,28,27,4,63,10,0,10,73
01/18/2020,CPR,WY,ANM,WE,Combined TRACON& Tower with Radar,5,17,8,0,30,0,5,16,0,21,5,22,24,0,51,38,0,38,89
01/19/2020,CPR,WY,ANM,WE,Combined TRACON& Tower with Radar,1,17,6,0,24,0,7,18,0,25,1,24,24,0,49,20,0,20,69
01/20/2020,CPR,WY,ANM,WE,Combined TRACON& Tower with Radar,4,22,17,0,43,0,1,28,0,29,4,23,45,0,72,36,0,36,108
01/21/2020,CPR,WY,ANM,WE,Combined TRACON& Tower with Radar,7,28,10,0,45,0,3,21,0,24,7,31,31,0,69,48,0,48,117
01/22/2020,CPR,WY,ANM,WE,Combined TRACON& Tower with Radar,7,22,14,0,43,0,2,18,0,20,7,24,32,0,63,18,0,18,81
01/23/2020,CPR,WY,ANM,WE,Combined TRACON& Tower with Radar,6,29,21,12,68,0,3,32,0,35,6,32,53,12,103,68,0,68,171
01/24/2020,CPR,WY,ANM,WE,Combined TRACON& Tower with Radar,5,24,13,2,44,0,0,35,0,35,5,24,48,2,79,38,32,70,149
01/25/2020,CPR,WY,ANM,WE,Combined TRACON& Tower with Radar,5,16,11,0,32,0,0,33,0,33,5,16,44,0,65,38,0,38,103
01/26/2020,CPR,WY,ANM,WE,Combined TRACON& Tower with Radar,3,9,8,0,20,0,2,17,0,19,3,11,25,0,39,52,0,52,91
01/27/2020,CPR,WY,ANM,WE,Combined TRACON& Tower with Radar,3,24,11,0,38,0,0,0,0,0,3,24,11,0,38,0,0,0,38
01/28/2020,CPR,WY,ANM,WE,Combined TRACON& Tower with Radar,6,29,10,0,45,0,3,32,0,35,6,32,42,0,80,66,0,66,146
01/29/2020,CPR,WY,ANM,WE,Combined TRACON& Tower with Radar,7,27,15,0,49,0,1,5,0,6,7,28,20,0,55,8,0,8,63
01/30/2020,CPR,WY,ANM,WE,Combined TRACON& Tower with Radar,5,24,18,9,56,0,0,13,0,13,5,24,31,9,69,36,6,42,111
01/31/2020,CPR,WY,ANM,WE,Combined TRACON& Tower with Radar,6,19,11,0,36,0,1,28,0,29,6,20,39,0,65,42,0,42,107
02/01/2020,CPR,WY,ANM,WE,Combined TRACON& Tower with Radar,5,22,3,0,30,0,0,14,0,14,5,22,17,0,44,10,0,10,54
02/02/2020,CPR,WY,ANM,WE,Combined TRACON& Tower with Radar,3,18,8,0,29,0,0,6,0,6,3,18,14,0,35,0,0,0,35
02/03/2020,CPR,WY,ANM,WE,Combined TRACON& Tower with Radar,3,24,11,0,38,0,0,0,0,0,3,24,11,0,38,0,0,0,38
02/04/2020,CPR,WY,ANM,WE,Combined TRACON& Tower with Radar,7,29,13,0,49,0,1,20,0,21,7,30,33,0,70,24,0,24,94
02/05/2020,CPR,WY,ANM,WE,Combined TRACON& Tower with Radar,7,29,16,2,54,0,1,24,1,26,7,30,40,3,80,30,0,30,110
02/06/2020,CPR,WY,ANM,WE,Combined TRACON& Tower with Radar,6,33,15,0,54,0,0,13,0,13,6,33,28,0,67,6,0,6,73
02/07/2020,CPR,WY,ANM,WE,Combined TRACON& Tower with Radar,7,20,7,0,34,0,3,11,0,14,7,23,18,0,48,68,0,68,116
02/08/2020,CPR,WY,ANM,WE,Combined TRACON& Tower with Radar,8,19,3,0,30,0,2,7,0,9,8,21,10,0,39,36,0,36,75
02/09/2020,CPR,WY,ANM,WE,Combined TRACON& Tower with Radar,3,15,6,0,24,0,1,3,6,10,3,16,9,6,34,0,2,2,36
02/10/2020,CPR,WY,ANM,WE,Combined TRACON& Tower with Radar,4,28,18,0,50,0,0,15,0,15,4,28,33,0,65,26,0,26,91
02/11/2020,CPR,WY,ANM,WE,Combined TRACON& Tower with Radar,7,30,21,0,58,0,0,18,0,18,7,30,39,0,76,22,0,22,98
02/12/2020,CPR,WY,ANM,WE,Combined TRACON& Tower with Radar,9,28,15,0,52,0,0,0,0,0,9,28,15,0,52,0,0,0,52
02/13/2020,CPR,WY,ANM,WE,Combined TRACON& Tower with Radar,6,40,8,0,54,0,0,21,0,21,6,40,29,0,75,28,0,28,103
02/14/2020,CPR,WY,ANM,WE,Combined TRACON& Tower with Radar,7,31,5,0,43,0,0,3,0,3,7,31,8,0,46,4,0,4,50
02/15/2020,CPR,WY,ANM,WE,Combined TRACON& Tower with Radar,6,24,5,2,37,0,5,18,0,23,6,29,23,2,60,16,2,18,78
02/16/2020,CPR,WY,ANM,WE,Combined TRACON& Tower with Radar,3,15,7,0,25,0,1,1,0,2,3,16,8,0,27,0,0,0,27
02/17/2020,CPR,WY,ANM,WE,Combined TRACON& Tower with Radar,3,25,23,0,51,0,0,7,0,7,3,25,30,0,58,18,0,18,76
02/18/2020,CPR,WY,ANM,WE,Combined TRACON& Tower with Radar,7,28,15,0,50,0,1,43,0,44,7,29,58,0,94,34,0,34,128
02/19/2020,CPR,WY,ANM,WE,Combined TRACON& Tower with Radar,6,29,26,0,61,0,1,16,0,17,6,30,42,0,78,24,0,24,102
02/20/2020,CPR,WY,ANM,WE,Combined TRACON& Tower with Radar,6,26,24,0,56,0,0,41,0,41,6,26,65,0,97,12,0,12,109
02/21/2020,CPR,WY,ANM,WE,Combined TRACON& Tower with Radar,6,25,16,2,49,0,2,28,0,30,6,27,44,2,79,0,0,0,79
02/22/2020,CPR,WY,ANM,WE,Combined TRACON& Tower with Radar,6,15,9,0,30,0,2,24,0,26,6,17,33,0,56,32,0,32,88
02/23/2020,CPR,WY,ANM,WE,Combined TRACON& Tower with Radar,3,17,8,0,28,0,0,37,0,37,3,17,45,0,65,24,0,24,89
02/24/2020,CPR,WY,ANM,WE,Combined TRACON& Tower with Radar,6,25,11,0,42,0,0,0,0,0,6,25,11,0,42,0,0,0,42
02/25/2020,CPR,WY,ANM,WE,Combined TRACON& Tower with Radar,7,34,16,0,57,0,1,16,0,17,7,35,32,0,74,0,0,0,74
02/26/2020,CPR,WY,ANM,WE,Combined TRACON& Tower with Radar,5,30,23,0,58,0,0,13,0,13,5,30,36,0,71,26,0,26,97
02/27/2020,CPR,WY,ANM,WE,Combined TRACON& Tower with Radar,5,32,12,0,49,0,3,41,0,44,5,35,53,0,93,16,0,16,109
02/28/2020,CPR,WY,ANM,WE,Combined TRACON& Tower with Radar,7,26,11,6,50,0,1,33,0,34,7,27,44,6,84,6,0,6,90
02/29/2020,CPR,WY,ANM,WE,Combined TRACON& Tower with Radar,10,18,6,0,34,0,3,21,0,24,10,21,27,0,58,12,0,12,70
03/01/2020,CPR,WY,ANM,WE,Combined TRACON& Tower with Radar,3,9,2,0,14,0,0,0,0,0,3,9,2,0,14,0,0,0,14
03/02/2020,CPR,WY,ANM,WE,Combined TRACON& Tower with Radar,7,25,8,0,40,0,5,18,0,23,7,30,26,0,63,18,0,18,81
03/03/2020,CPR,WY,ANM,WE,Combined TRACON& Tower with Radar,7,26,6,0,39,0,0,17,0,17,7,26,23,0,56,34,0,34,90
03/04/2020,CPR,WY,ANM,WE,Combined TRACON& Tower with Radar,6,23,10,0,39,0,3,10,0,13,6,26,20,0,52,4,0,4,56
03/05/2020,CPR,WY,ANM,WE,Combined TRACON& Tower with Radar,5,22,11,0,38,0,0,32,0,32,5,22,43,0,70,12,0,12,82
03/06/2020,CPR,WY,ANM,WE,Combined TRACON& Tower with Radar,5,21,11,0,37,0,1,20,0,21,5,22,31,0,58,6,0,6,64
03/07/2020,CPR,WY,ANM,WE,Combined TRACON& Tower with Radar,6,19,6,2,33,0,0,19,0,19,6,19,25,2,52,2,0,2,54
03/08/2020,CPR,WY,ANM,WE,Combined TRACON& Tower with Radar,0,11,13,2,26,0,3,7,0,10,0,14,20,2,36,0,0,0,36
03/09/2020,CPR,WY,ANM,WE,Combined TRACON& Tower with Radar,2,26,20,0,48,0,4,28,0,32,2,30,48,0,80,16,0,16,96
03/10/2020,CPR,WY,ANM,WE,Combined TRACON& Tower with Radar,7,30,11,0,48,0,4,28,0,32,7,34,39,0,80,2,0,2,82
03/11/2020,CPR,WY,ANM,WE,Combined TRACON& Tower with Radar,5,23,12,0,40,0,0,9,0,9,5,23,21,0,49,0,0,0,49
03/12/2020,CPR,WY,ANM,WE,Combined TRACON& Tower with Radar,4,26,8,0,38,0,0,3,0,3,4,26,11,0,41,0,0,0,41
03/13/2020,CPR,WY,ANM,WE,Combined TRACON& Tower with Radar,4,27,10,0,41,0,0,9,0,9,4,27,19,0,50,96,0,96,146
03/14/2020,CPR,WY,ANM,WE,Combined TRACON& Tower with Radar,3,22,15,0,40,0,0,8,0,8,3,22,23,0,48,20,0,20,68
03/15/2020,CPR,WY,ANM,WE,Combined TRACON& Tower with Radar,0,17,12,0,29,0,0,17,0,17,0,17,29,0,46,16,0,16,62
03/16/2020,CPR,WY,ANM,WE,Combined TRACON& Tower with Radar,3,24,13,0,40,0,0,1,0,1,3,24,14,0,41,0,0,0,41
03/17/2020,CPR,WY,ANM,WE,Combined TRACON& Tower with Radar,5,29,11,0,45,0,6,43,0,49,5,35,54,0,94,22,0,22,116
03/18/2020,CPR,WY,ANM,WE,Combined TRACON& Tower with Radar,5,24,15,0,44,0,3,41,0,44,5,27,56,0,88,46,0,46,134
03/19/2020,CPR,WY,ANM,WE,Combined TRACON& Tower with Radar,4,16,0,0,20,0,0,0,0,0,4,16,0,0,20,0,0,0,20
03/20/2020,CPR,WY,ANM,WE,Combined TRACON& Tower with Radar,5,19,6,0,30,0,0,23,0,23,5,19,29,0,53,104,0,104,157
03/21/2020,CPR,WY,ANM,WE,Combined TRACON& Tower with Radar,3,17,4,0,24,0,0,40,0,40,3,17,44,0,64,28,0,28,92
03/22/2020,CPR,WY,ANM,WE,Combined TRACON& Tower with Radar,0,12,5,0,17,0,0,21,0,21,0,12,26,0,38,16,0,16,54
03/23/2020,CPR,WY,ANM,WE,Combined TRACON& Tower with Radar,3,19,7,0,29,0,1,28,0,29,3,20,35,0,58,58,0,58,116
03/24/2020,CPR,WY,ANM,WE,Combined TRACON& Tower with Radar,5,20,3,0,28,0,1,21,0,22,5,21,24,0,50,64,0,64,114
03/25/2020,CPR,WY,ANM,WE,Combined TRACON& Tower with Radar,5,21,1,0,27,0,0,9,0,9,5,21,10,0,36,16,0,16,52
03/26/2020,CPR,WY,ANM,WE,Combined TRACON& Tower with Radar,5,19,11,0,35,0,0,20,0,20,5,19,31,0,55,76,0,76,131
03/27/2020,CPR,WY,ANM,WE,Combined TRACON& Tower with Radar,5,20,1,0,26,0,5,25,0,30,5,25,26,0,56,28,0,28,84
03/28/2020,CPR,WY,ANM,WE,Combined TRACON& Tower with Radar,2,10,5,0,17,0,0,46,0,46,2,10,51,0,63,16,0,16,79
03/29/2020,CPR,WY,ANM,WE,Combined TRACON& Tower with Radar,0,8,4,0,12,0,2,13,0,15,0,10,17,0,27,8,0,8,35
03/30/2020,CPR,WY,ANM,WE,Combined TRACON& Tower with Radar,1,11,6,0,18,0,2,44,0,46,1,13,50,0,64,48,0,48,112
03/31/2020,CPR,WY,ANM,WE,Combined TRACON& Tower with Radar,5,22,12,1,40,0,1,15,1,17,5,23,27,2,57,0,0,0,57
04/01/2020,CPR,WY,ANM,WE,Combined TRACON& Tower with Radar,4,19,0,0,23,0,0,2,0,2,4,19,2,0,25,0,0,0,25
04/02/2020,CPR,WY,ANM,WE,Combined TRACON& Tower with Radar,3,19,5,0,27,0,0,5,0,5,3,19,10,0,32,0,0,0,32
04/03/2020,CPR,WY,ANM,WE,Combined TRACON& Tower with Radar,3,15,2,0,20,0,1,33,0,34,3,16,35,0,54,36,0,36,90
04/04/2020,CPR,WY,ANM,WE,Combined TRACON& Tower with Radar,1,12,5,0,18,0,0,35,0,35,1,12,40,0,53,20,0,20,73
04/05/2020,CPR,WY,ANM,WE,Combined TRACON& Tower with Radar,0,10,3,0,13,0,0,25,0,25,0,10,28,0,38,4,0,4,42
04/06/2020,CPR,WY,ANM,WE,Combined TRACON& Tower with Radar,2,13,7,0,22,0,1,36,0,37,2,14,43,0,59,4,0,4,63
04/07/2020,CPR,WY,ANM,WE,Combined TRACON& Tower with Radar,3,18,2,0,23,0,0,11,0,11,3,18,13,0,34,0,0,0,34
04/08/2020,CPR,WY,ANM,WE,Combined TRACON& Tower with Radar,3,16,11,2,32,0,0,31,0,31,3,16,42,2,63,14,0,14,77
04/09/2020,CPR,WY,ANM,WE,Combined TRACON& Tower with Radar,4,19,9,0,32,0,4,68,0,72,4,23,77,0,104,54,0,54,158
04/10/2020,CPR,WY,ANM,WE,Combined TRACON& Tower with Radar,3,18,12,0,33,0,0,27,0,27,3,18,39,0,60,22,0,22,82
04/11/2020,CPR,WY,ANM,WE,Combined TRACON& Tower with Radar,2,15,1,0,18,0,0,2,0,2,2,15,3,0,20,2,0,2,22
04/12/2020,CPR,WY,ANM,WE,Combined TRACON& Tower with Radar,0,4,1,0,5,0,0,2,0,2,0,4,3,0,7,0,0,0,7
04/13/2020,CPR,WY,ANM,WE,Combined TRACON& Tower with Radar,2,9,4,0,15,0,0,36,0,36,2,9,40,0,51,36,0,36,87
04/14/2020,CPR,WY,ANM,WE,Combined TRACON& Tower with Radar,3,14,15,0,32,0,0,52,0,52,3,14,67,0,84,30,0,30,114
04/15/2020,CPR,WY,ANM,WE,Combined TRACON& Tower with Radar,4,16,2,0,22,0,0,26,0,26,4,16,28,0,48,46,0,46,94
04/16/2020,CPR,WY,ANM,WE,Combined TRACON& Tower with Radar,4,16,2,0,22,0,0,1,0,1,4,16,3,0,23,0,0,0,23
04/17/2020,CPR,WY,ANM,WE,Combined TRACON& Tower with Radar,3,14,2,3,22,0,0,44,0,44,3,14,46,3,66,20,2,22,88
04/18/2020,CPR,WY,ANM,WE,Combined TRACON& Tower with Radar,2,13,5,0,20,0,5,40,0,45,2,18,45,0,65,56,0,56,121
04/19/2020,CPR,WY,ANM,WE,Combined TRACON& Tower with Radar,0,7,10,0,17,0,0,10,0,10,0,7,20,0,27,34,0,34,61
04/20/2020,CPR,WY,ANM,WE,Combined TRACON& Tower with Radar,2,12,10,0,24,0,1,45,0,46,2,13,55,0,70,74,0,74,144
04/21/2020,CPR,WY,ANM,WE,Combined TRACON& Tower with Radar,4,18,12,8,42,0,6,52,0,58,4,24,64,8,100,24,12,36,136
04/22/2020,CPR,WY,ANM,WE,Combined TRACON& Tower with Radar,4,16,6,0,26,0,2,47,0,49,4,18,53,0,75,38,0,38,113
04/23/2020,CPR,WY,ANM,WE,Combined TRACON& Tower with Radar,1,19,10,0,30,0,0,4,0,4,1,19,14,0,34,0,0,0,34
04/24/2020,CPR,WY,ANM,WE,Combined TRACON& Tower with Radar,2,14,2,0,18,0,4,11,0,15,2,18,13,0,33,52,0,52,85
04/25/2020,CPR,WY,ANM,WE,Combined TRACON& Tower with Radar,1,10,9,0,20,0,3,58,2,63,1,13,67,2,83,36,0,36,119
04/26/2020,CPR,WY,ANM,WE,Combined TRACON& Tower with Radar,0,7,3,0,10,0,2,11,0,13,0,9,14,0,23,12,0,12,35
04/27/2020,CPR,WY,ANM,WE,Combined TRACON& Tower with Radar,2,13,8,0,23,0,2,22,0,24,2,15,30,0,47,2,0,2,49
04/28/2020,CPR,WY,ANM,WE,Combined TRACON& Tower with Radar,4,18,12,0,34,0,1,29,0,30,4,19,41,0,64,4,0,4,68
04/29/2020,CPR,WY,ANM,WE,Combined TRACON& Tower with Radar,4,16,8,0,28,0,2,76,1,79,4,18,84,1,107,96,0,96,203
04/30/2020,CPR,WY,ANM,WE,Combined TRACON& Tower with Radar,4,19,12,1,36,0,1,26,1,28,4,20,38,2,64,20,0,20,84
05/01/2020,CPR,WY,ANM,WE,Combined TRACON& Tower with Radar,3,16,4,0,23,0,1,25,0,26,3,17,29,0,49,46,0,46,95
05/02/2020,CPR,WY,ANM,WE,Combined TRACON& Tower with Radar,2,21,7,0,30,0,1,34,0,35,2,22,41,0,65,22,0,22,87
05/03/2020,CPR,WY,ANM,WE,Combined TRACON& Tower with Radar,0,3,3,0,6,0,0,7,0,7,0,3,10,0,13,12,0,12,25
05/04/2020,CPR,WY,ANM,WE,Combined TRACON& Tower with Radar,2,14,7,0,23,0,0,6,0,6,2,14,13,0,29,2,0,2,31
05/05/2020,CPR,WY,ANM,WE,Combined TRACON& Tower with Radar,2,22,8,0,32,0,1,54,2,57,2,23,62,2,89,48,0,48,137
05/06/2020,CPR,WY,ANM,WE,Combined TRACON& Tower with Radar,2,20,16,6,44,0,1,39,0,40,2,21,55,6,84,68,0,68,152
05/07/2020,CPR,WY,ANM,WE,Combined TRACON& Tower with Radar,1,21,6,0,28,0,2,5,0,7,1,23,11,0,35,10,0,10,45
05/08/2020,CPR,WY,ANM,WE,Combined TRACON& Tower with Radar,4,20,6,0,30,0,2,52,0,54,4,22,58,0,84,46,0,46,130
05/09/2020,CPR,WY,ANM,WE,Combined TRACON& Tower with Radar,2,15,4,0,21,0,1,6,0,7,2,16,10,0,28,8,0,8,36
05/10/2020,CPR,WY,ANM,WE,Combined TRACON& Tower with Radar,0,9,8,0,17,0,1,36,0,37,0,10,44,0,54,20,0,20,74
05/11/2020,CPR,WY,ANM,WE,Combined TRACON& Tower with Radar,2,12,11,0,25,0,0,42,0,42,2,12,53,0,67,30,0,30,97
05/12/2020,CPR,WY,ANM,WE,Combined TRACON& Tower with Radar,2,16,8,0,26,0,3,19,0,22,2,19,27,0,48,20,0,20,68
05/13/2020,CPR,WY,ANM,WE,Combined TRACON& Tower with Radar,2,20,10,1,33,0,5,36,0,41,2,25,46,1,74,60,0,60,134
05/14/2020,CPR,WY,ANM,WE,Combined TRACON& Tower with Radar,2,13,5,0,20,0,9,38,0,47,2,22,43,0,67,42,0,42,109
05/15/2020,CPR,WY,ANM,WE,Combined TRACON& Tower with Radar,3,20,6,0,29,0,6,36,0,42,3,26,42,0,71,22,0,22,93
05/16/2020,CPR,WY,ANM,WE,Combined TRACON& Tower with Radar,2,10,2,0,14,0,6,36,0,42,2,16,38,0,56,76,0,76,132
05/17/2020,CPR,WY,ANM,WE,Combined TRACON& Tower with Radar,0,5,3,0,8,0,1,52,0,53,0,6,55,0,61,28,0,28,89
05/18/2020,CPR,WY,ANM,WE,Combined TRACON& Tower with Radar,2,17,7,0,26,0,0,46,0,46,2,17,53,0,72,32,0,32,104
05/19/2020,CPR,WY,ANM,WE,Combined TRACON& Tower with Radar,2,22,7,0,31,0,0,41,0,41,2,22,48,0,72,42,0,42,114
05/20/2020,CPR,WY,ANM,WE,Combined TRACON& Tower with Radar,2,21,5,0,28,0,1,33,0,34,2,22,38,0,62,68,0,68,130
05/21/2020,CPR,WY,ANM,WE,Combined TRACON& Tower with Radar,1,20,10,0,31,0,1,14,0,15,1,21,24,0,46,4,0,4,50
05/22/2020,CPR,WY,ANM,WE,Combined TRACON& Tower with Radar,2,18,7,0,27,0,0,35,0,35,2,18,42,0,62,54,0,54,116
05/23/2020,CPR,WY,ANM,WE,Combined TRACON& Tower with Radar,2,12,8,0,22,0,0,25,0,25,2,12,33,0,47,10,0,10,57
05/24/2020,CPR,WY,ANM,WE,Combined TRACON& Tower with Radar,0,7,3,0,10,0,1,10,0,11,0,8,13,0,21,2,0,2,23
05/25/2020,CPR,WY,ANM,WE,Combined TRACON& Tower with Radar,0,9,15,0,24,0,1,22,0,23,0,10,37,0,47,8,0,8,55
05/26/2020,CPR,WY,ANM,WE,Combined TRACON& Tower with Radar,2,14,14,0,30,0,0,38,2,40,2,14,52,2,70,28,0,28,98
05/27/2020,CPR,WY,ANM,WE,Combined TRACON& Tower with Radar,2,19,18,0,39,0,0,25,0,25,2,19,43,0,64,24,0,24,88
05/28/2020,CPR,WY,ANM,WE,Combined TRACON& Tower with Radar,1,14,8,1,24,0,3,25,1,29,1,17,33,2,53,24,0,24,77
05/29/2020,CPR,WY,ANM,WE,Combined TRACON& Tower with Radar,1,11,8,2,22,0,7,22,0,29,1,18,30,2,51,18,0,18,69
05/30/2020,CPR,WY,ANM,WE,Combined TRACON& Tower with Radar,0,8,6,0,14,0,1,20,0,21,0,9,26,0,35,8,0,8,43
05/31/2020,CPR,WY,ANM,WE,Combined TRACON& Tower with Radar,0,7,6,0,13,0,3,12,0,15,0,10,18,0,28,12,0,12,40
06/01/2020,CPR,WY,ANM,WE,Combined TRACON& Tower with Radar,1,13,9,0,23,0,0,18,0,18,1,13,27,0,41,4,0,4,45
06/02/2020,CPR,WY,ANM,WE,Combined TRACON& Tower with Radar,2,24,6,2,34,0,0,15,0,15,2,24,21,2,49,0,4,4,53
06/03/2020,CPR,WY,ANM,WE,Combined TRACON& Tower with Radar,2,19,7,1,29,0,0,14,0,14,2,19,21,1,43,0,0,0,43
06/04/2020,CPR,WY,ANM,WE,Combined TRACON& Tower with Radar,5,10,7,0,22,0,0,12,0,12,5,10,19,0,34,0,0,0,34
06/05/2020,CPR,WY,ANM,WE,Combined TRACON& Tower with Radar,5,11,4,0,20,0,6,14,0,20,5,17,18,0,40,4,0,4,44
06/06/2020,CPR,WY,ANM,WE,Combined TRACON& Tower with Radar,6,11,6,0,23,0,0,5,0,5,6,11,11,0,28,0,0,0,28
06/07/2020,CPR,WY,ANM,WE,Combined TRACON& Tower with Radar,4,6,1,0,11,0,5,14,0,19,4,11,15,0,30,8,0,8,38
06/08/2020,CPR,WY,ANM,WE,Combined TRACON& Tower with Radar,2,8,9,2,21,0,1,26,0,27,2,9,35,2,48,64,0,64,112
06/09/2020,CPR,WY,ANM,WE,Combined TRACON& Tower with Radar,3,14,25,2,44,0,1,47,0,48,3,15,72,2,92,62,0,62,154
06/10/2020,CPR,WY,ANM,WE,Combined TRACON& Tower with Radar,3,9,13,0,25,0,1,36,0,37,3,10,49,0,62,68,0,68,130
06/11/2020,CPR,WY,ANM,WE,Combined TRACON& Tower with Radar,3,6,12,0,21,0,1,50,0,51,3,7,62,0,72,62,0,62,134
06/12/2020,CPR,WY,ANM,WE,Combined TRACON& Tower with Radar,4,7,14,1,26,0,1,51,0,52,4,8,65,1,78,54,0,54,132
06/13/2020,CPR,WY,ANM,WE,Combined TRACON& Tower with Radar,5,8,7,0,20,0,0,25,0,25,5,8,32,0,45,4,0,4,49
06/14/2020,CPR,WY,ANM,WE,Combined TRACON& Tower with Radar,3,0,2,0,5,0,3,18,0,21,3,3,20,0,26,0,0,0,26
06/15/2020,CPR,WY,ANM,WE,Combined TRACON& Tower with Radar,4,3,12,0,19,0,2,56,0,58,4,5,68,0,77,78,0,78,155
06/16/2020,CPR,WY,ANM,WE,Combined TRACON& Tower with Radar,5,10,15,2,32,0,4,29,0,33,5,14,44,2,65,18,0,18,83
06/17/2020,CPR,WY,ANM,WE,Combined TRACON& Tower with Radar,2,11,13,8,34,0,0,41,0,41,2,11,54,8,75,38,0,38,113
06/18/2020,CPR,WY,ANM,WE,Combined TRACON& Tower with Radar,3,10,15,0,28,0,2,53,0,55,3,12,68,0,83,142,0,142,225
06/19/2020,CPR,WY,ANM,WE,Combined TRACON& Tower with Radar,4,11,4,0,19,0,1,33,0,34,4,12,37,0,53,102,0,102,155
06/20/2020,CPR,WY,ANM,WE,Combined TRACON& Tower with Radar,3,8,7,0,18,0,0,41,0,41,3,8,48,0,59,6,0,6,65
06/21/2020,CPR,WY,ANM,WE,Combined TRACON& Tower with Radar,3,1,5,0,9,0,0,20,0,20,3,1,25,0,29,20,0,20,49
06/22/2020,CPR,WY,ANM,WE,Combined TRACON& Tower with Radar,4,3,6,2,15,0,1,29,0,30,4,4,35,2,45,20,0,20,65
06/23/2020,CPR,WY,ANM,WE,Combined TRACON& Tower with Radar,3,7,3,0,13,0,2,59,0,61,3,9,62,0,74,30,0,30,104
06/24/2020,CPR,WY,ANM,WE,Combined TRACON& Tower with Radar,3,14,15,0,32,0,2,50,0,52,3,16,65,0,84,70,0,70,154
06/25/2020,CPR,WY,ANM,WE,Combined TRACON& Tower with Radar,3,10,11,0,24,0,6,28,3,37,3,16,39,3,61,54,0,54,115
06/26/2020,CPR,WY,ANM,WE,Combined TRACON& Tower with Radar,3,8,19,0,30,0,2,40,0,42,3,10,59,0,72,56,0,56,128
06/27/2020,CPR,WY,ANM,WE,Combined TRACON& Tower with Radar,3,8,3,0,14,0,2,37,0,39,3,10,40,0,53,32,0,32,85
06/28/2020,CPR,WY,ANM,WE,Combined TRACON& Tower with Radar,3,2,2,0,7,0,0,24,0,24,3,2,26,0,31,48,0,48,79
06/29/2020,CPR,WY,ANM,WE,Combined TRACON& Tower with Radar,4,4,9,0,17,0,2,23,0,25,4,6,32,0,42,60,0,60,102
06/30/2020,CPR,WY,ANM,WE,Combined TRACON& Tower with Radar,2,14,6,0,22,0,0,18,0,18,2,14,24,0,40,14,0,14,54
07/01/2020,CPR,WY,ANM,WE,Combined TRACON& Tower with Radar,4,10,6,0,20,0,1,33,0,34,4,11,39,0,54,26,0,26,80
07/02/2020,CPR,WY,ANM,WE,Combined TRACON& Tower with Radar,4,12,13,0,29,0,0,35,0,35,4,12,48,0,64,36,0,36,100
07/03/2020,CPR,WY,ANM,WE,Combined TRACON& Tower with Radar,6,10,10,0,26,0,2,37,0,39,6,12,47,0,65,18,0,18,83
07/04/2020,CPR,WY,ANM,WE,Combined TRACON& Tower with Radar,3,1,3,0,7,0,1,28,0,29,3,2,31,0,36,8,0,8,44
07/05/2020,CPR,WY,ANM,WE,Combined TRACON& Tower with Radar,3,2,1,0,6,0,5,29,2,36,3,7,30,2,42,0,0,0,42
07/06/2020,CPR,WY,ANM,WE,Combined TRACON& Tower with Radar,1,9,10,0,20,0,0,44,0,44,1,9,54,0,64,54,0,54,118
07/07/2020,CPR,WY,ANM,WE,Combined TRACON& Tower with Radar,2,16,9,0,27,0,0,39,0,39,2,16,48,0,66,48,0,48,114
07/08/2020,CPR,WY,ANM,WE,Combined TRACON& Tower with Radar,3,13,11,0,27,0,0,46,0,46,3,13,57,0,73,26,0,26,99
07/09/2020,CPR,WY,ANM,WE,Combined TRACON& Tower with Radar,2,13,11,0,26,0,0,75,0,75,2,13,86,0,101,98,0,98,199
07/10/2020,CPR,WY,ANM,WE,Combined TRACON& Tower with Radar,2,11,14,0,27,0,0,28,0,28,2,11,42,0,55,32,0,32,87
07/11/2020,CPR,WY,ANM,WE,Combined TRACON& Tower with Radar,2,15,7,0,24,0,1,30,0,31,2,16,37,0,55,40,0,40,95
07/12/2020,CPR,WY,ANM,WE,Combined TRACON& Tower with Radar,2,6,4,0,12,0,2,17,1,20,2,8,21,1,32,30,0,30,62
07/13/2020,CPR,WY,ANM,WE,Combined TRACON& Tower with Radar,1,9,6,0,16,0,3,29,0,32,1,12,35,0,48,22,0,22,70
07/14/2020,CPR,WY,ANM,WE,Combined TRACON& Tower with Radar,2,10,7,0,19,0,2,42,0,44,2,12,49,0,63,10,0,10,73
07/15/2020,CPR,WY,ANM,WE,Combined TRACON& Tower with Radar,2,11,13,0,26,0,4,50,2,56,2,15,63,2,82,40,0,40,122
07/16/2020,CPR,WY,ANM,WE,Combined TRACON& Tower with Radar,1,12,8,0,21,0,13,51,0,64,1,25,59,0,85,36,0,36,121
07/17/2020,CPR,WY,ANM,WE,Combined TRACON& Tower with Radar,2,8,2,0,12,0,2,26,0,28,2,10,28,0,40,54,0,54,94
07/18/2020,CPR,WY,ANM,WE,Combined TRACON& Tower with Radar,2,10,2,0,14,0,0,24,0,24,2,10,26,0,38,44,0,44,82
07/19/2020,CPR,WY,ANM,WE,Combined TRACON& Tower with Radar,2,5,8,0,15,0,9,33,0,42,2,14,41,0,57,16,0,16,73
07/20/2020,CPR,WY,ANM,WE,Combined TRACON& Tower with Radar,2,5,8,0,15,0,0,34,0,34,2,5,42,0,49,44,0,44,93
07/21/2020,CPR,WY,ANM,WE,Combined TRACON& Tower with Radar,1,16,6,0,23,0,0,53,0,53,1,16,59,0,76,38,0,38,114
07/22/2020,CPR,WY,ANM,WE,Combined TRACON& Tower with Radar,2,10,13,0,25,0,3,42,0,45,2,13,55,0,70,24,0,24,94
07/23/2020,CPR,WY,ANM,WE,Combined TRACON& Tower with Radar,2,9,16,0,27,0,9,23,0,32,2,18,39,0,59,1,0,1,60
07/24/2020,CPR,WY,ANM,WE,Combined TRACON& Tower with Radar,1,9,8,0,18,0,3,43,0,46,1,12,51,0,64,60,0,60,124
07/25/2020,CPR,WY,ANM,WE,Combined TRACON& Tower with Radar,1,11,7,0,19,0,0,30,1,31,1,11,37,1,50,22,0,22,72
07/26/2020,CPR,WY,ANM,WE,Combined TRACON& Tower with Radar,1,7,4,0,12,0,2,26,0,28,1,9,30,0,40,18,0,18,58
07/27/2020,CPR,WY,ANM,WE,Combined TRACON& Tower with Radar,1,9,8,0,18,0,3,38,0,41,1,12,46,0,59,36,0,36,95
07/28/2020,CPR,WY,ANM,WE,Combined TRACON& Tower with Radar,3,16,6,0,25,0,0,22,0,22,3,16,28,0,47,42,0,42,89
07/29/2020,CPR,WY,ANM,WE,Combined TRACON& Tower with Radar,2,13,19,0,34,0,0,28,0,28,2,13,47,0,62,36,0,36,98
07/30/2020,CPR,WY,ANM,WE,Combined TRACON& Tower with Radar,4,11,16,0,31,0,0,42,0,42,4,11,58,0,73,46,0,46,119
07/31/2020,CPR,WY,ANM,WE,Combined TRACON& Tower with Radar,3,9,7,0,19,0,3,44,0,47,3,12,51,0,66,8,0,8,74
08/01/2020,CPR,WY,ANM,WE,Combined TRACON& Tower with Radar,1,11,5,0,17,0,0,43,0,43,1,11,48,0,60,18,0,18,78
08/02/2020,CPR,WY,ANM,WE,Combined TRACON& Tower with Radar,1,10,5,1,17,0,3,23,0,26,1,13,28,1,43,6,0,6,49
08/03/2020,CPR,WY,ANM,WE,Combined TRACON& Tower with Radar,1,6,9,1,17,0,4,51,0,55,1,10,60,1,72,36,0,36,108
08/04/2020,CPR,WY,ANM,WE,Combined TRACON& Tower with Radar,2,12,11,0,25,0,8,81,0,89,2,20,92,0,114,44,0,44,158
08/05/2020,CPR,WY,ANM,WE,Combined TRACON& Tower with Radar,0,14,8,0,22,0,8,53,5,66,0,22,61,5,88,0,0,0,88
08/06/2020,CPR,WY,ANM,WE,Combined TRACON& Tower with Radar,2,19,13,0,34,0,1,79,2,82,2,20,92,2,116,12,0,12,128
08/07/2020,CPR,WY,ANM,WE,Combined TRACON& Tower with Radar,2,13,10,1,26,0,3,95,0,98,2,16,105,1,124,0,0,0,124
08/08/2020,CPR,WY,ANM,WE,Combined TRACON& Tower with Radar,2,10,7,0,19,0,0,78,0,78,2,10,85,0,97,4,0,4,101
08/09/2020,CPR,WY,ANM,WE,Combined TRACON& Tower with Radar,1,9,2,0,12,0,0,34,0,34,1,9,36,0,46,2,0,2,48
08/10/2020,CPR,WY,ANM,WE,Combined TRACON& Tower with Radar,0,13,8,0,21,0,0,52,0,52,0,13,60,0,73,26,0,26,99
08/11/2020,CPR,WY,ANM,WE,Combined TRACON& Tower with Radar,0,17,9,0,26,0,24,36,0,60,0,41,45,0,86,14,0,14,100
08/12/2020,CPR,WY,ANM,WE,Combined TRACON& Tower with Radar,1,21,10,0,32,0,10,39,0,49,1,31,49,0,81,28,0,28,109
08/13/2020,CPR,WY,ANM,WE,Combined TRACON& Tower with Radar,0,20,8,0,28,0,2,37,0,39,0,22,45,0,67,42,0,42,109
08/14/2020,CPR,WY,ANM,WE,Combined TRACON& Tower with Radar,1,21,11,0,33,0,0,35,0,35,1,21,46,0,68,56,0,56,124
08/15/2020,CPR,WY,ANM,WE,Combined TRACON& Tower with Radar,1,18,1,0,20,0,0,22,0,22,1,18,23,0,42,2,0,2,44
08/16/2020,CPR,WY,ANM,WE,Combined TRACON& Tower with Radar,0,6,7,2,15,0,0,30,0,30,0,6,37,2,45,22,0,22,67
08/17/2020,CPR,WY,ANM,WE,Combined TRACON& Tower with Radar,1,16,17,0,34,0,2,61,0,63,1,18,78,0,97,20,0,20,117
08/18/2020,CPR,WY,ANM,WE,Combined TRACON& Tower with Radar,1,23,21,0,45,0,2,52,0,54,1,25,73,0,99,46,0,46,145
08/19/2020,CPR,WY,ANM,WE,Combined TRACON& Tower with Radar,3,22,19,2,46,0,9,65,1,75,3,31,84,3,121,70,0,70,191
08/20/2020,CPR,WY,ANM,WE,Combined TRACON& Tower with Radar,2,29,26,2,59,0,2,59,0,61,2,31,85,2,120,70,0,70,190
08/21/2020,CPR,WY,ANM,WE,Combined TRACON& Tower with Radar,3,23,17,0,43,0,3,48,0,51,3,26,65,0,94,60,0,60,154
08/22/2020,CPR,WY,ANM,WE,Combined TRACON& Tower with Radar,5,17,11,0,33,0,9,30,0,39,5,26,41,0,72,0,0,0,72
08/23/2020,CPR,WY,ANM,WE,Combined TRACON& Tower with Radar,1,9,9,0,19,0,4,47,0,51,1,13,56,0,70,10,0,10,80
08/24/2020,CPR,WY,ANM,WE,Combined TRACON& Tower with Radar,1,19,14,0,34,0,7,60,0,67,1,26,74,0,101,28,0,28,129
08/25/2020,CPR,WY,ANM,WE,Combined TRACON& Tower with Radar,2,29,13,0,44,0,7,45,0,52,2,36,58,0,96,60,0,60,156
08/26/2020,CPR,WY,ANM,WE,Combined TRACON& Tower with Radar,3,27,14,0,44,0,0,49,0,49,3,27,63,0,93,64,0,64,157
08/27/2020,CPR,WY,ANM,WE,Combined TRACON& Tower with Radar,3,27,8,0,38,0,1,45,1,47,3,28,53,1,85,28,0,28,113
08/28/2020,CPR,WY,ANM,WE,Combined TRACON& Tower with Radar,4,23,5,0,32,0,0,45,2,47,4,23,50,2,79,28,0,28,107
08/29/2020,CPR,WY,ANM,WE,Combined TRACON& Tower with Radar,2,22,10,0,34,0,1,35,0,36,2,23,45,0,70,46,0,46,116
08/30/2020,CPR,WY,ANM,WE,Combined TRACON& Tower with Radar,0,9,4,0,13,0,0,22,0,22,0,9,26,0,35,4,0,4,39
08/31/2020,CPR,WY,ANM,WE,Combined TRACON& Tower with Radar,1,19,13,10,43,0,1,48,2,51,1,20,61,12,94,48,4,52,146
09/01/2020,CPR,WY,ANM,WE,Combined TRACON& Tower with Radar,2,26,14,0,42,0,2,47,0,49,2,28,61,0,91,26,0,26,117
09/02/2020,CPR,WY,ANM,WE,Combined TRACON& Tower with Radar,5,24,11,0,40,0,8,25,0,33,5,32,36,0,73,34,0,34,107
09/03/2020,CPR,WY,ANM,WE,Combined TRACON& Tower with Radar,3,24,10,2,39,0,7,42,0,49,3,31,52,2,88,50,0,50,138
09/04/2020,CPR,WY,ANM,WE,Combined TRACON& Tower with Radar,7,20,8,5,40,0,3,52,2,57,7,23,60,7,97,56,0,56,153
09/05/2020,CPR,WY,ANM,WE,Combined TRACON& Tower with Radar,1,18,6,0,25,0,0,82,0,82,1,18,88,0,107,32,0,32,139
09/06/2020,CPR,WY,ANM,WE,Combined TRACON& Tower with Radar,0,13,3,1,17,0,3,51,0,54,0,16,54,1,71,0,0,0,71
09/07/2020,CPR,WY,ANM,WE,Combined TRACON& Tower with Radar,3,7,4,0,14,0,0,18,0,18,3,7,22,0,32,10,0,10,42
09/08/2020,CPR,WY,ANM,WE,Combined TRACON& Tower with Radar,2,11,12,0,25,0,0,1,0,1,2,11,13,0,26,0,0,0,26
09/09/2020,CPR,WY,ANM,WE,Combined TRACON& Tower with Radar,4,24,12,4,44,0,0,17,0,17,4,24,29,4,61,0,8,8,69
09/10/2020,CPR,WY,ANM,WE,Combined TRACON& Tower with Radar,2,30,11,0,43,0,4,50,0,54,2,34,61,0,97,64,0,64,161
09/11/2020,CPR,WY,ANM,WE,Combined TRACON& Tower with Radar,1,26,16,2,45,0,2,31,0,33,1,28,47,2,78,34,4,38,116
09/12/2020,CPR,WY,ANM,WE,Combined TRACON& Tower with Radar,0,18,3,0,21,0,6,62,8,76,0,24,65,8,97,78,0,78,175
09/13/2020,CPR,WY,ANM,WE,Combined TRACON& Tower with Radar,0,10,11,0,21,0,2,40,0,42,0,12,51,0,63,28,0,28,91
09/14/2020,CPR,WY,ANM,WE,Combined TRACON& Tower with Radar,2,14,11,0,27,0,4,43,0,47,2,18,54,0,74,62,0,62,136
09/15/2020,CPR,WY,ANM,WE,Combined TRACON& Tower with Radar,3,26,16,0,45,0,3,46,0,49,3,29,62,0,94,98,0,98,192
09/16/2020,CPR,WY,ANM,WE,Combined TRACON& Tower with Radar,1,19,11,0,31,0,0,38,0,38,1,19,49,0,69,66,0,66,135
09/17/2020,CPR,WY,ANM,WE,Combined TRACON& Tower with Radar,2,15,17,2,36,0,0,27,3,30,2,15,44,5,66,44,0,44,110
09/18/2020,CPR,WY,ANM,WE,Combined TRACON& Tower with Radar,1,18,19,0,38,0,4,32,0,36,1,22,51,0,74,6,0,6,80
09/19/2020,CPR,WY,ANM,WE,Combined TRACON& Tower with Radar,1,17,3,0,21,0,3,60,0,63,1,20,63,0,84,0,0,0,84
09/20/2020,CPR,WY,ANM,WE,Combined TRACON& Tower with Radar,0,12,9,0,21,0,1,9,0,10,0,13,18,0,31,2,0,2,33
09/21/2020,CPR,WY,ANM,WE,Combined TRACON& Tower with Radar,1,13,13,0,27,0,5,38,0,43,1,18,51,0,70,20,0,20,90
09/22/2020,CPR,WY,ANM,WE,Combined TRACON& Tower with Radar,1,20,12,0,33,0,4,45,0,49,1,24,57,0,82,12,0,12,94
09/23/2020,CPR,WY,ANM,WE,Combined TRACON& Tower with Radar,2,15,17,0,34,0,3,48,0,51,2,18,65,0,85,20,0,20,105
09/24/2020,CPR,WY,ANM,WE,Combined TRACON& Tower with Radar,0,17,9,0,26,0,0,19,2,21,0,17,28,2,47,4,0,4,51
09/25/2020,CPR,WY,ANM,WE,Combined TRACON& Tower with Radar,3,18,8,0,29,0,0,28,1,29,3,18,36,1,58,8,0,8,66
09/26/2020,CPR,WY,ANM,WE,Combined TRACON& Tower with Radar,3,11,8,0,22,0,0,7,0,7,3,11,15,0,29,0,0,0,29
09/27/2020,CPR,WY,ANM,WE,Combined TRACON& Tower with Radar,0,13,6,0,19,0,0,21,0,21,0,13,27,0,40,0,0,0,40
09/28/2020,CPR,WY,ANM,WE,Combined TRACON& Tower with Radar,1,11,12,0,24,0,1,34,0,35,1,12,46,0,59,16,0,16,75
09/29/2020,CPR,WY,ANM,WE,Combined TRACON& Tower with Radar,1,17,10,0,28,0,0,31,1,32,1,17,41,1,60,22,0,22,82
09/30/2020,CPR,WY,ANM,WE,Combined TRACON& Tower with Radar,0,17,13,10,40,0,4,60,0,64,0,21,73,10,104,77,6,83,187
10/01/2020,CPR,WY,ANM,WE,Combined TRACON& Tower with Radar,0,21,12,0,33,0,0,41,0,41,0,21,53,0,74,62,0,62,136
10/02/2020,CPR,WY,ANM,WE,Combined TRACON& Tower with Radar,3,17,17,0,37,0,0,41,0,41,3,17,58,0,78,18,0,18,96
10/03/2020,CPR,WY,ANM,WE,Combined TRACON& Tower with Radar,1,16,8,0,25,0,1,40,0,41,1,17,48,0,66,60,0,60,126
10/04/2020,CPR,WY,ANM,WE,Combined TRACON& Tower with Radar,0,9,8,0,17,0,0,11,0,11,0,9,19,0,28,0,0,0,28
10/05/2020,CPR,WY,ANM,WE,Combined TRACON& Tower with Radar,0,17,8,0,25,0,0,24,0,24,0,17,32,0,49,56,0,56,105
10/06/2020,CPR,WY,ANM,WE,Combined TRACON& Tower with Radar,2,19,3,1,25,0,0,35,0,35,2,19,38,1,60,56,0,56,116
10/07/2020,CPR,WY,ANM,WE,Combined TRACON& Tower with Radar,1,25,18,0,44,0,0,40,0,40,1,25,58,0,84,38,0,38,122
10/08/2020,CPR,WY,ANM,WE,Combined TRACON& Tower with Radar,2,16,19,0,37,0,2,44,0,46,2,18,63,0,83,22,0,22,105
10/09/2020,CPR,WY,ANM,WE,Combined TRACON& Tower with Radar,2,16,10,0,28,0,3,46,0,49,2,19,56,0,77,76,0,76,153
10/10/2020,CPR,WY,ANM,WE,Combined TRACON& Tower with Radar,0,19,7,0,26,0,0,31,0,31,0,19,38,0,57,18,0,18,75
10/11/2020,CPR,WY,ANM,WE,Combined TRACON& Tower with Radar,0,18,7,0,25,0,3,1,0,4,0,21,8,0,29,0,0,0,29
10/12/2020,CPR,WY,ANM,WE,Combined TRACON& Tower with Radar,2,21,9,0,32,0,0,13,0,13,2,21,22,0,45,10,0,10,55
10/13/2020,CPR,WY,ANM,WE,Combined TRACON& Tower with Radar,2,30,6,0,38,0,1,36,0,37,2,31,42,0,75,30,0,30,105
10/14/2020,CPR,WY,ANM,WE,Combined TRACON& Tower with Radar,2,34,19,0,55,0,0,14,2,16,2,34,33,2,71,18,0,18,89
10/15/2020,CPR,WY,ANM,WE,Combined TRACON& Tower with Radar,2,25,11,2,40,0,3,45,2,50,2,28,56,4,90,52,5,57,147
10/16/2020,CPR,WY,ANM,WE,Combined TRACON& Tower with Radar,2,23,12,0,37,0,0,27,0,27,2,23,39,0,64,8,0,8,72
10/17/2020,CPR,WY,ANM,WE,Combined TRACON& Tower with Radar,0,23,3,0,26,0,0,8,0,8,0,23,11,0,34,18,0,18,52
10/18/2020,CPR,WY,ANM,WE,Combined TRACON& Tower with Radar,2,17,7,2,28,0,1,8,0,9,2,18,15,2,37,24,0,24,61
10/19/2020,CPR,WY,ANM,WE,Combined TRACON& Tower with Radar,2,32,18,0,52,0,6,33,2,41,2,38,51,2,93,16,0,16,109
10/20/2020,CPR,WY,ANM,WE,Combined TRACON& Tower with Radar,3,26,19,0,48,0,1,46,0,47,3,27,65,0,95,52,0,52,147
10/21/2020,CPR,WY,ANM,WE,Combined TRACON& Tower with Radar,3,23,15,3,44,0,2,33,1,36,3,25,48,4,80,14,0,14,94
10/22/2020,CPR,WY,ANM,WE,Combined TRACON& Tower with Radar,2,30,10,0,42,0,0,0,0,0,2,30,10,0,42,0,0,0,42
10/23/2020,CPR,WY,ANM,WE,Combined TRACON& Tower with Radar,2,27,13,0,42,0,0,41,0,41,2,27,54,0,83,60,0,60,143
10/24/2020,CPR,WY,ANM,WE,Combined TRACON& Tower with Radar,0,18,11,0,29,0,0,10,0,10,0,18,21,0,39,18,0,18,57
10/25/2020,CPR,WY,ANM,WE,Combined TRACON& Tower with Radar,0,23,6,0,29,0,0,0,0,0,0,23,6,0,29,0,0,0,29
10/26/2020,CPR,WY,ANM,WE,Combined TRACON& Tower with Radar,2,20,17,0,39,0,1,22,0,23,2,21,39,0,62,20,0,20,82
10/27/2020,CPR,WY,ANM,WE,Combined TRACON& Tower with Radar,4,31,9,0,44,0,2,35,0,37,4,33,44,0,81,18,0,18,99
10/28/2020,CPR,WY,ANM,WE,Combined TRACON& Tower with Radar,1,5,1,1,8,0,11,55,0,66,1,16,56,1,74,24,0,24,98
10/29/2020,CPR,WY,ANM,WE,Combined TRACON& Tower with Radar,2,16,7,0,25,0,0,13,0,13,2,16,20,0,38,0,0,0,38
10/30/2020,CPR,WY,ANM,WE,Combined TRACON& Tower with Radar,2,26,17,0,45,0,0,24,0,24,2,26,41,0,69,18,0,18,87
10/31/2020,CPR,WY,ANM,WE,Combined TRACON& Tower with Radar,1,16,11,0,28,0,0,36,0,36,1,16,47,0,64,70,0,70,134
11/01/2020,CPR,WY,ANM,WE,Combined TRACON& Tower with Radar,1,12,5,0,18,0,0,34,0,34,1,12,39,0,52,20,0,20,72
11/02/2020,CPR,WY,ANM,WE,Combined TRACON& Tower with Radar,5,19,20,0,44,0,2,38,0,40,5,21,58,0,84,60,0,60,144
11/03/2020,CPR,WY,ANM,WE,Combined TRACON& Tower with Radar,8,24,16,0,48,0,3,33,0,36,8,27,49,0,84,38,0,38,122
11/04/2020,CPR,WY,ANM,WE,Combined TRACON& Tower with Radar,6,30,7,0,43,0,2,41,0,43,6,32,48,0,86,10,0,10,96
11/05/2020,CPR,WY,ANM,WE,Combined TRACON& Tower with Radar,4,26,8,0,38,0,4,29,0,33,4,30,37,0,71,32,0,32,103
11/06/2020,CPR,WY,ANM,WE,Combined TRACON& Tower with Radar,6,19,6,0,31,0,0,23,0,23,6,19,29,0,54,32,0,32,86
11/07/2020,CPR,WY,ANM,WE,Combined TRACON& Tower with Radar,2,11,5,0,18,0,4,7,0,11,2,15,12,0,29,14,0,14,43
11/08/2020,CPR,WY,ANM,WE,Combined TRACON& Tower with Radar,2,12,1,0,15,0,0,2,0,2,2,12,3,0,17,0,0,0,17
11/09/2020,CPR,WY,ANM,WE,Combined TRACON& Tower with Radar,5,17,11,0,33,0,0,2,0,2,5,17,13,0,35,12,0,12,47
11/10/2020,CPR,WY,ANM,WE,Combined TRACON& Tower with Radar,7,19,14,0,40,0,1,22,0,23,7,20,36,0,63,0,0,0,63
11/11/2020,CPR,WY,ANM,WE,Combined TRACON& Tower with Radar,5,24,6,0,35,0,2,14,0,16,5,26,20,0,51,0,0,0,51
11/12/2020,CPR,WY,ANM,WE,Combined TRACON& Tower with Radar,4,27,9,0,40,0,1,31,0,32,4,28,40,0,72,16,0,16,88
11/13/2020,CPR,WY,ANM,WE,Combined TRACON& Tower with Radar,4,24,7,0,35,0,0,7,0,7,4,24,14,0,42,0,0,0,42
11/14/2020,CPR,WY,ANM,WE,Combined TRACON& Tower with Radar,3,15,6,0,24,0,0,0,0,0,3,15,6,0,24,0,0,0,24
11/15/2020,CPR,WY,ANM,WE,Combined TRACON& Tower with Radar,4,10,6,0,20,0,0,4,0,4,4,10,10,0,24,0,0,0,24
11/16/2020,CPR,WY,ANM,WE,Combined TRACON& Tower with Radar,4,20,18,0,42,0,0,39,0,39,4,20,57,0,81,54,0,54,135
11/17/2020,CPR,WY,ANM,WE,Combined TRACON& Tower with Radar,6,32,18,0,56,0,4,33,0,37,6,36,51,0,93,43,0,43,136
11/18/2020,CPR,WY,ANM,WE,Combined TRACON& Tower with Radar,6,25,8,0,39,0,5,13,0,18,6,30,21,0,57,24,0,24,81
11/19/2020,CPR,WY,ANM,WE,Combined TRACON& Tower with Radar,4,24,13,0,41,0,0,15,0,15,4,24,28,0,56,10,0,10,66
11/20/2020,CPR,WY,ANM,WE,Combined TRACON& Tower with Radar,4,24,20,0,48,0,1,56,0,57,4,25,76,0,105,56,0,56,161
11/21/2020,CPR,WY,ANM,WE,Combined TRACON& Tower with Radar,2,20,7,0,29,0,0,37,0,37,2,20,44,0,66,78,0,78,144
11/22/2020,CPR,WY,ANM,WE,Combined TRACON& Tower with Radar,2,18,2,0,22,0,3,41,0,44,2,21,43,0,66,24,0,24,90
11/23/2020,CPR,WY,ANM,WE,Combined TRACON& Tower with Radar,4,17,17,0,38,0,3,35,0,38,4,20,52,0,76,60,0,60,136
11/24/2020,CPR,WY,ANM,WE,Combined TRACON& Tower with Radar,5,30,10,0,45,0,2,49,0,51,5,32,59,0,96,48,0,48,144
11/25/2020,CPR,WY,ANM,WE,Combined TRACON& Tower with Radar,5,22,8,0,35,0,1,8,0,9,5,23,16,0,44,0,0,0,44
11/26/2020,CPR,WY,ANM,WE,Combined TRACON& Tower with Radar,1,6,3,0,10,0,0,5,0,5,1,6,8,0,15,4,0,4,19
11/27/2020,CPR,WY,ANM,WE,Combined TRACON& Tower with Radar,3,21,2,0,26,0,0,20,0,20,3,21,22,0,46,4,0,4,50
11/28/2020,CPR,WY,ANM,WE,Combined TRACON& Tower with Radar,2,19,6,0,27,0,0,9,0,9,2,19,15,0,36,0,0,0,36
11/29/2020,CPR,WY,ANM,WE,Combined TRACON& Tower with Radar,2,13,8,0,23,0,0,37,0,37,2,13,45,0,60,118,0,118,178
11/30/2020,CPR,WY,ANM,WE,Combined TRACON& Tower with Radar,5,22,13,9,49,0,0,24,1,25,5,22,37,10,74,10,2,12,86
12/01/2020,CPR,WY,ANM,WE,Combined TRACON& Tower with Radar,7,25,16,0,48,0,2,12,0,14,7,27,28,0,62,46,0,46,108
12/02/2020,CPR,WY,ANM,WE,Combined TRACON& Tower with Radar,6,26,18,2,52,0,0,34,3,37,6,26,52,5,89,35,8,43,132
12/03/2020,CPR,WY,ANM,WE,Combined TRACON& Tower with Radar,5,25,28,0,58,0,0,45,0,45,5,25,73,0,103,36,0,36,139
12/04/2020,CPR,WY,ANM,WE,Combined TRACON& Tower with Radar,4,29,14,0,47,0,4,48,0,52,4,33,62,0,99,24,0,24,123
12/05/2020,CPR,WY,ANM,WE,Combined TRACON& Tower with Radar,3,12,10,0,25,0,1,46,0,47,3,13,56,0,72,42,0,42,114
12/06/2020,CPR,WY,ANM,WE,Combined TRACON& Tower with Radar,3,9,7,0,19,0,3,14,0,17,3,12,21,0,36,0,0,0,36
12/07/2020,CPR,WY,ANM,WE,Combined TRACON& Tower with Radar,4,16,19,0,39,0,3,27,0,30,4,19,46,0,69,42,0,42,111
12/08/2020,CPR,WY,ANM,WE,Combined TRACON& Tower with Radar,7,23,16,2,48,0,1,22,0,23,7,24,38,2,71,4,0,4,75
12/09/2020,CPR,WY,ANM,WE,Combined TRACON& Tower with Radar,6,23,18,0,47,0,1,31,0,32,6,24,49,0,79,28,0,28,107
12/10/2020,CPR,WY,ANM,WE,Combined TRACON& Tower with Radar,5,30,17,0,52,0,0,10,0,10,5,30,27,0,62,50,0,50,112
12/11/2020,CPR,WY,ANM,WE,Combined TRACON& Tower with Radar,4,32,8,0,44,0,0,0,0,0,4,32,8,0,44,0,0,0,44
12/12/2020,CPR,WY,ANM,WE,Combined TRACON& Tower with Radar,3,15,4,0,22,0,1,7,0,8,3,16,11,0,30,20,0,20,50
12/13/2020,CPR,WY,ANM,WE,Combined TRACON& Tower with Radar,2,12,6,0,20,0,2,6,0,8,2,14,12,0,28,0,0,0,28
12/14/2020,CPR,WY,ANM,WE,Combined TRACON& Tower with Radar,3,19,9,0,31,0,0,3,0,3,3,19,12,0,34,16,0,16,50
12/15/2020,CPR,WY,ANM,WE,Combined TRACON& Tower with Radar,8,28,12,0,48,0,1,25,0,26,8,29,37,0,74,36,0,36,110
12/16/2020,CPR,WY,ANM,WE,Combined TRACON& Tower with Radar,6,30,15,0,51,0,0,48,0,48,6,30,63,0,99,36,0,36,135
12/17/2020,CPR,WY,ANM,WE,Combined TRACON& Tower with Radar,6,28,5,0,39,0,1,15,0,16,6,29,20,0,55,14,0,14,69
12/18/2020,CPR,WY,ANM,WE,Combined TRACON& Tower with Radar,4,29,16,0,49,0,0,23,0,23,4,29,39,0,72,72,0,72,144
12/19/2020,CPR,WY,ANM,WE,Combined TRACON& Tower with Radar,2,22,10,0,34,0,0,7,0,7,2,22,17,0,41,0,0,0,41
12/20/2020,CPR,WY,ANM,WE,Combined TRACON& Tower with Radar,1,11,4,0,16,0,2,3,0,5,1,13,7,0,21,0,0,0,21
12/21/2020,CPR,WY,ANM,WE,Combined TRACON& Tower with Radar,3,14,9,0,26,0,0,5,0,5,3,14,14,0,31,14,0,14,45
12/22/2020,CPR,WY,ANM,WE,Combined TRACON& Tower with Radar,6,34,9,0,49,0,2,12,0,14,6,36,21,0,63,0,0,0,63
12/23/2020,CPR,WY,ANM,WE,Combined TRACON& Tower with Radar,5,34,22,0,61,0,2,27,0,29,5,36,49,0,90,10,0,10,100
12/24/2020,CPR,WY,ANM,WE,Combined TRACON& Tower with Radar,4,27,5,0,36,0,1,4,0,5,4,28,9,0,41,0,0,0,41
12/25/2020,CPR,WY,ANM,WE,Combined TRACON& Tower with Radar,0,9,1,0,10,0,1,3,0,4,0,10,4,0,14,0,0,0,14
12/26/2020,CPR,WY,ANM,WE,Combined TRACON& Tower with Radar,1,26,7,0,34,0,0,2,0,2,1,26,9,0,36,0,0,0,36
12/27/2020,CPR,WY,ANM,WE,Combined TRACON& Tower with Radar,2,18,7,0,27,0,0,6,0,6,2,18,13,0,33,4,0,4,37
12/28/2020,CPR,WY,ANM,WE,Combined TRACON& Tower with Radar,3,27,12,0,42,0,0,24,0,24,3,27,36,0,66,24,0,24,90
12/29/2020,CPR,WY,ANM,WE,Combined TRACON& Tower with Radar,8,32,6,0,46,0,4,48,1,53,8,36,54,1,99,70,0,70,169
12/30/2020,CPR,WY,ANM,WE,Combined TRACON& Tower with Radar,8,26,16,0,50,0,1,39,0,40,8,27,55,0,90,0,0,0,90
12/31/2020,CPR,WY,ANM,WE,Combined TRACON& Tower with Radar,5,26,15,0,46,0,0,25,0,25,5,26,40,0,71,26,0,26,97
01/01/2021,CPR,WY,ANM,WE,Combined TRACON& Tower with Radar,3,10,12,0,25,0,1,34,0,35,3,11,46,0,60,24,0,24,84
01/02/2021,CPR,WY,ANM,WE,Combined TRACON& Tower with Radar,2,19,8,0,29,0,0,3,0,3,2,19,11,0,32,0,0,0,32
01/03/2021,CPR,WY,ANM,WE,Combined TRACON& Tower with Radar,2,16,9,0,27,0,1,0,0,1,2,17,9,0,28,0,0,0,28
01/04/2021,CPR,WY,ANM,WE,Combined TRACON& Tower with Radar,4,19,15,0,38,0,0,16,0,16,4,19,31,0,54,0,0,0,54
01/05/2021,CPR,WY,ANM,WE,Combined TRACON& Tower with Radar,5,20,10,0,35,0,0,5,0,5,5,20,15,0,40,8,0,8,48
01/06/2021,CPR,WY,ANM,WE,Combined TRACON& Tower with Radar,5,23,19,0,47,0,0,37,0,37,5,23,56,0,84,16,0,16,100
01/07/2021,CPR,WY,ANM,WE,Combined TRACON& Tower with Radar,3,21,30,0,54,0,0,28,0,28,3,21,58,0,82,16,0,16,98
01/08/2021,CPR,WY,ANM,WE,Combined TRACON& Tower with Radar,4,16,18,0,38,0,1,39,0,40,4,17,57,0,78,36,0,36,114
01/09/2021,CPR,WY,ANM,WE,Combined TRACON& Tower with Radar,2,11,7,0,20,0,0,0,0,0,2,11,7,0,20,0,0,0,20
01/10/2021,CPR,WY,ANM,WE,Combined TRACON& Tower with Radar,2,5,15,0,22,0,0,18,1,19,2,5,33,1,41,38,0,38,79
01/11/2021,CPR,WY,ANM,WE,Combined TRACON& Tower with Radar,4,13,21,2,40,0,3,28,3,34,4,16,49,5,74,14,0,14,88
01/12/2021,CPR,WY,ANM,WE,Combined TRACON& Tower with Radar,5,15,17,1,38,0,0,5,0,5,5,15,22,1,43,0,0,0,43
01/13/2021,CPR,WY,ANM,WE,Combined TRACON& Tower with Radar,5,20,7,0,32,0,0,0,0,0,5,20,7,0,32,0,0,0,32
01/14/2021,CPR,WY,ANM,WE,Combined TRACON& Tower with Radar,4,23,10,0,37,0,1,13,2,16,4,24,23,2,53,0,0,0,53
01/15/2021,CPR,WY,ANM,WE,Combined TRACON& Tower with Radar,2,20,12,0,34,0,1,59,0,60,2,21,71,0,94,80,0,80,174
01/16/2021,CPR,WY,ANM,WE,Combined TRACON& Tower with Radar,3,15,7,0,25,0,3,27,0,30,3,18,34,0,55,48,0,48,103
01/17/2021,CPR,WY,ANM,WE,Combined TRACON& Tower with Radar,2,5,12,0,19,0,2,21,0,23,2,7,33,0,42,22,0,22,64
01/18/2021,CPR,WY,ANM,WE,Combined TRACON& Tower with Radar,4,11,22,0,37,0,0,5,0,5,4,11,27,0,42,0,0,0,42
01/19/2021,CPR,WY,ANM,WE,Combined TRACON& Tower with Radar,6,25,15,0,46,0,5,35,0,40,6,30,50,0,86,4,0,4,90
01/20/2021,CPR,WY,ANM,WE,Combined TRACON& Tower with Radar,4,26,11,0,41,0,5,13,0,18,4,31,24,0,59,10,0,10,69
01/21/2021,CPR,WY,ANM,WE,Combined TRACON& Tower with Radar,5,29,14,0,48,0,5,41,0,46,5,34,55,0,94,58,0,58,152
01/22/2021,CPR,WY,ANM,WE,Combined TRACON& Tower with Radar,4,25,8,0,37,0,0,13,0,13,4,25,21,0,50,0,0,0,50
01/23/2021,CPR,WY,ANM,WE,Combined TRACON& Tower with Radar,3,12,1,0,16,0,0,0,0,0,3,12,1,0,16,0,0,0,16
01/24/2021,CPR,WY,ANM,WE,Combined TRACON& Tower with Radar,4,5,4,0,13,0,0,9,0,9,4,5,13,0,22,0,0,0,22
01/25/2021,CPR,WY,ANM,WE,Combined TRACON& Tower with Radar,3,16,19,0,38,0,0,36,0,36,3,16,55,0,74,42,0,42,116
01/26/2021,CPR,WY,ANM,WE,Combined TRACON& Tower with Radar,6,25,24,0,55,0,0,26,1,27,6,25,50,1,82,14,0,14,96
01/27/2021,CPR,WY,ANM,WE,Combined TRACON& Tower with Radar,6,13,14,0,33,0,0,16,0,16,6,13,30,0,49,12,0,12,61
01/28/2021,CPR,WY,ANM,WE,Combined TRACON& Tower with Radar,4,23,15,0,42,0,0,16,0,16,4,23,31,0,58,12,0,12,70
01/29/2021,CPR,WY,ANM,WE,Combined TRACON& Tower with Radar,4,18,7,0,29,0,4,14,0,18,4,22,21,0,47,2,0,2,49
01/30/2021,CPR,WY,ANM,WE,Combined TRACON& Tower with Radar,3,20,18,0,41,0,2,55,0,57,3,22,73,0,98,68,0,68,166
01/31/2021,CPR,WY,ANM,WE,Combined TRACON& Tower with Radar,2,5,5,0,12,0,2,20,0,22,2,7,25,0,34,14,0,14,48
02/01/2021,CPR,WY,ANM,WE,Combined TRACON& Tower with Radar,4,13,31,0,48,0,6,32,0,38,4,19,63,0,86,36,0,36,122
02/02/2021,CPR,WY,ANM,WE,Combined TRACON& Tower with Radar,5,22,18,0,45,0,0,31,0,31,5,22,49,0,76,48,0,48,124
02/03/2021,CPR,WY,ANM,WE,Combined TRACON& Tower with Radar,5,21,15,0,41,0,0,7,0,7,5,21,22,0,48,20,0,20,68
02/04/2021,CPR,WY,ANM,WE,Combined TRACON& Tower with Radar,4,28,19,2,53,0,4,44,0,48,4,32,63,2,101,84,0,84,185
02/05/2021,CPR,WY,ANM,WE,Combined TRACON& Tower with Radar,8,15,5,0,28,0,3,18,0,21,8,18,23,0,49,64,0,64,113
02/06/2021,CPR,WY,ANM,WE,Combined TRACON& Tower with Radar,5,13,6,2,26,0,0,21,0,21,5,13,27,2,47,76,0,76,123
02/07/2021,CPR,WY,ANM,WE,Combined TRACON& Tower with Radar,2,8,6,0,16,0,0,2,0,2,2,8,8,0,18,0,0,0,18
02/08/2021,CPR,WY,ANM,WE,Combined TRACON& Tower with Radar,4,12,8,0,24,0,1,16,0,17,4,13,24,0,41,38,0,38,79
02/09/2021,CPR,WY,ANM,WE,Combined TRACON& Tower with Radar,5,24,23,5,57,1,1,19,0,21,6,25,42,5,78,20,0,20,98
02/10/2021,CPR,WY,ANM,WE,Combined TRACON& Tower with Radar,3,30,10,0,43,0,0,14,0,14,3,30,24,0,57,38,0,38,95
02/11/2021,CPR,WY,ANM,WE,Combined TRACON& Tower with Radar,7,20,16,0,43,0,0,2,0,2,7,20,18,0,45,0,0,0,45
02/12/2021,CPR,WY,ANM,WE,Combined TRACON& Tower with Radar,3,28,4,0,35,0,0,0,0,0,3,28,4,0,35,0,0,0,35
02/13/2021,CPR,WY,ANM,WE,Combined TRACON& Tower with Radar,1,21,1,0,23,0,0,1,0,1,1,21,2,0,24,0,0,0,24
02/14/2021,CPR,WY,ANM,WE,Combined TRACON& Tower with Radar,0,13,6,3,22,0,0,7,1,8,0,13,13,4,30,0,0,0,30
02/15/2021,CPR,WY,ANM,WE,Combined TRACON& Tower with Radar,0,18,14,0,32,0,0,16,0,16,0,18,30,0,48,14,0,14,62
02/16/2021,CPR,WY,ANM,WE,Combined TRACON& Tower with Radar,0,39,15,0,54,0,5,31,0,36,0,44,46,0,90,20,0,20,110
02/17/2021,CPR,WY,ANM,WE,Combined TRACON& Tower with Radar,0,27,13,6,46,0,0,10,0,10,0,27,23,6,56,36,0,36,92
02/18/2021,CPR,WY,ANM,WE,Combined TRACON& Tower with Radar,0,24,16,0,40,0,3,52,0,55,0,27,68,0,95,78,0,78,173
02/19/2021,CPR,WY,ANM,WE,Combined TRACON& Tower with Radar,2,21,16,0,39,0,0,24,2,26,2,21,40,2,65,42,0,42,107
02/20/2021,CPR,WY,ANM,WE,Combined TRACON& Tower with Radar,2,18,11,0,31,0,0,6,0,6,2,18,17,0,37,44,0,44,81
02/21/2021,CPR,WY,ANM,WE,Combined TRACON& Tower with Radar,0,12,4,0,16,0,0,5,4,9,0,12,9,4,25,0,0,0,25
02/22/2021,CPR,WY,ANM,WE,Combined TRACON& Tower with Radar,2,22,15,0,39,0,2,11,0,13,2,24,26,0,52,0,0,0,52
02/23/2021,CPR,WY,ANM,WE,Combined TRACON& Tower with Radar,4,25,4,0,33,0,0,9,0,9,4,25,13,0,42,2,0,2,44
02/24/2021,CPR,WY,ANM,WE,Combined TRACON& Tower with Radar,4,29,11,0,44,0,0,44,0,44,4,29,55,0,88,74,0,74,162
02/25/2021,CPR,WY,ANM,WE,Combined TRACON& Tower with Radar,2,27,10,0,39,0,5,20,0,25,2,32,30,0,64,16,0,16,80
02/26/2021,CPR,WY,ANM,WE,Combined TRACON& Tower with Radar,3,27,13,0,43,0,2,15,0,17,3,29,28,0,60,2,0,2,62
02/27/2021,CPR,WY,ANM,WE,Combined TRACON& Tower with Radar,2,19,1,0,22,0,2,3,0,5,2,21,4,0,27,14,0,14,41
02/28/2021,CPR,WY,ANM,WE,Combined TRACON& Tower with Radar,2,11,14,0,27,0,1,22,0,23,2,12,36,0,50,6,0,6,56
03/01/2021,CPR,WY,ANM,WE,Combined TRACON& Tower with Radar,0,19,18,0,37,0,0,24,0,24,0,19,42,0,61,14,0,14,75
03/02/2021,CPR,WY,ANM,WE,Combined TRACON& Tower with Radar,4,26,16,2,48,0,2,24,0,26,4,28,40,2,74,18,2,20,94
03/03/2021,CPR,WY,ANM,WE,Combined TRACON& Tower with Radar,5,28,15,2,50,0,5,46,0,51,5,33,61,2,101,51,0,51,152
03/04/2021,CPR,WY,ANM,WE,Combined TRACON& Tower with Radar,6,36,18,0,60,0,3,55,0,58,6,39,73,0,118,25,0,25,143
03/05/2021,CPR,WY,ANM,WE,Combined TRACON& Tower with Radar,6,25,20,0,51,0,3,55,0,58,6,28,75,0,109,84,0,84,193
03/06/2021,CPR,WY,ANM,WE,Combined TRACON& Tower with Radar,4,13,11,0,28,0,0,5,0,5,4,13,16,0,33,0,0,0,33
03/07/2021,CPR,WY,ANM,WE,Combined TRACON& Tower with Radar,2,16,11,0,29,0,2,29,0,31,2,18,40,0,60,8,0,8,68
03/08/2021,CPR,WY,ANM,WE,Combined TRACON& Tower with Radar,3,19,10,0,32,0,2,34,0,36,3,21,44,0,68,22,0,22,90
03/09/2021,CPR,WY,ANM,WE,Combined TRACON& Tower with Radar,6,22,11,0,39,0,0,45,2,47,6,22,56,2,86,70,0,70,156
03/10/2021,CPR,WY,ANM,WE,Combined TRACON& Tower with Radar,6,26,5,0,37,0,0,0,0,0,6,26,5,0,37,0,0,0,37
03/11/2021,CPR,WY,ANM,WE,Combined TRACON& Tower with Radar,6,25,5,2,38,0,0,36,0,36,6,25,41,2,74,108,2,110,184
03/12/2021,CPR,WY,ANM,WE,Combined TRACON& Tower with Radar,6,20,17,0,43,0,1,21,0,22,6,21,38,0,65,16,0,16,81
03/13/2021,CPR,WY,ANM,WE,Combined TRACON& Tower with Radar,3,13,5,0,21,0,0,0,0,0,3,13,5,0,21,0,0,0,21
03/14/2021,CPR,WY,ANM,WE,Combined TRACON& Tower with Radar,0,1,0,0,1,0,0,0,0,0,0,1,0,0,1,0,0,0,1
03/15/2021,CPR,WY,ANM,WE,Combined TRACON& Tower with Radar,1,11,9,0,21,0,2,4,0,6,1,13,13,0,27,0,0,0,27
03/16/2021,CPR,WY,ANM,WE,Combined TRACON& Tower with Radar,5,26,3,0,34,0,0,0,0,0,5,26,3,0,34,0,0,0,34
03/17/2021,CPR,WY,ANM,WE,Combined TRACON& Tower with Radar,6,24,13,0,43,0,0,24,0,24,6,24,37,0,67,34,0,34,101
03/18/2021,CPR,WY,ANM,WE,Combined TRACON& Tower with Radar,6,27,11,0,44,0,2,36,0,38,6,29,47,0,82,32,0,32,114
03/19/2021,CPR,WY,ANM,WE,Combined TRACON& Tower with Radar,5,27,14,0,46,0,6,37,0,43,5,33,51,0,89,60,0,60,149
03/20/2021,CPR,WY,ANM,WE,Combined TRACON& Tower with Radar,4,17,1,0,22,0,0,24,0,24,4,17,25,0,46,28,0,28,74
03/21/2021,CPR,WY,ANM,WE,Combined TRACON& Tower with Radar,2,13,9,0,24,0,0,15,0,15,2,13,24,0,39,22,0,22,61
03/22/2021,CPR,WY,ANM,WE,Combined TRACON& Tower with Radar,4,19,15,2,40,0,0,37,1,38,4,19,52,3,78,34,0,34,112
03/23/2021,CPR,WY,ANM,WE,Combined TRACON& Tower with Radar,6,29,2,0,37,0,0,6,0,6,6,29,8,0,43,18,0,18,61
03/24/2021,CPR,WY,ANM,WE,Combined TRACON& Tower with Radar,6,21,21,0,48,0,1,37,1,39,6,22,58,1,87,58,0,58,145
03/25/2021,CPR,WY,ANM,WE,Combined TRACON& Tower with Radar,6,24,23,1,54,0,0,37,0,37,6,24,60,1,91,58,0,58,149
03/26/2021,CPR,WY,ANM,WE,Combined TRACON& Tower with Radar,8,28,11,1,48,0,0,5,0,5,8,28,16,1,53,6,0,6,59
03/27/2021,CPR,WY,ANM,WE,Combined TRACON& Tower with Radar,4,19,28,0,51,0,3,47,0,50,4,22,75,0,101,94,0,94,195
03/28/2021,CPR,WY,ANM,WE,Combined TRACON& Tower with Radar,1,13,14,0,28,0,0,16,0,16,1,13,30,0,44,26,0,26,70
03/29/2021,CPR,WY,ANM,WE,Combined TRACON& Tower with Radar,2,21,8,2,33,0,0,3,0,3,2,21,11,2,36,0,0,0,36
03/30/2021,CPR,WY,ANM,WE,Combined TRACON& Tower with Radar,4,27,15,1,47,0,0,48,1,49,4,27,63,2,96,36,0,36,132
03/31/2021,CPR,WY,ANM,WE,Combined TRACON& Tower with Radar,4,31,18,0,53,0,1,39,0,40,4,32,57,0,93,46,0,46,139
04/01/2021,CPR,WY,ANM,WE,Combined TRACON& Tower with Radar,5,24,16,0,45,0,0,20,0,20,5,24,36,0,65,36,0,36,101
04/02/2021,CPR,WY,ANM,WE,Combined TRACON& Tower with Radar,6,23,23,0,52,0,2,40,0,42,6,25,63,0,94,22,0,22,116
04/03/2021,CPR,WY,ANM,WE,Combined TRACON& Tower with Radar,4,16,9,0,29,0,4,39,0,43,4,20,48,0,72,16,0,16,88
04/04/2021,CPR,WY,ANM,WE,Combined TRACON& Tower with Radar,2,14,6,0,22,0,2,25,0,27,2,16,31,0,49,10,0,10,59
04/05/2021,CPR,WY,ANM,WE,Combined TRACON& Tower with Radar,4,19,12,0,35,0,3,32,0,35,4,22,44,0,70,60,0,60,130
04/06/2021,CPR,WY,ANM,WE,Combined TRACON& Tower with Radar,6,26,10,0,42,0,0,1,0,1,6,26,11,0,43,0,0,0,43
04/07/2021,CPR,WY,ANM,WE,Combined TRACON& Tower with Radar,6,28,25,3,62,0,2,30,5,37,6,30,55,8,99,62,8,70,169
04/08/2021,CPR,WY,ANM,WE,Combined TRACON& Tower with Radar,6,35,20,0,61,0,5,40,1,46,6,40,60,1,107,28,8,36,143
04/09/2021,CPR,WY,ANM,WE,Combined TRACON& Tower with Radar,6,28,12,0,46,0,0,14,0,14,6,28,26,0,60,0,0,0,60
04/10/2021,CPR,WY,ANM,WE,Combined TRACON& Tower with Radar,4,19,4,0,27,0,4,26,0,30,4,23,30,0,57,36,0,36,93
04/11/2021,CPR,WY,ANM,WE,Combined TRACON& Tower with Radar,2,15,9,0,26,0,0,10,0,10,2,15,19,0,36,20,0,20,56
04/12/2021,CPR,WY,ANM,WE,Combined TRACON& Tower with Radar,4,14,7,0,25,0,1,16,0,17,4,15,23,0,42,20,0,20,62
04/13/2021,CPR,WY,ANM,WE,Combined TRACON& Tower with Radar,5,30,24,2,61,0,0,24,2,26,5,30,48,4,87,56,14,70,157
04/14/2021,CPR,WY,ANM,WE,Combined TRACON& Tower with Radar,6,27,21,0,54,0,3,8,0,11,6,30,29,0,65,22,0,22,87
04/15/2021,CPR,WY,ANM,WE,Combined TRACON& Tower with Radar,5,28,12,0,45,0,0,0,0,0,5,28,12,0,45,0,0,0,45
04/16/2021,CPR,WY,ANM,WE,Combined TRACON& Tower with Radar,6,27,6,0,39,0,0,0,0,0,6,27,6,0,39,0,0,0,39
04/17/2021,CPR,WY,ANM,WE,Combined TRACON& Tower with Radar,4,19,14,0,37,0,0,51,0,51,4,19,65,0,88,76,0,76,164
04/18/2021,CPR,WY,ANM,WE,Combined TRACON& Tower with Radar,4,14,7,0,25,0,0,36,0,36,4,14,43,0,61,76,0,76,137
04/19/2021,CPR,WY,ANM,WE,Combined TRACON& Tower with Radar,3,16,5,0,24,0,0,0,0,0,3,16,5,0,24,0,0,0,24
04/20/2021,CPR,WY,ANM,WE,Combined TRACON& Tower with Radar,5,30,9,0,44,0,0,18,0,18,5,30,27,0,62,2,0,2,64
04/21/2021,CPR,WY,ANM,WE,Combined TRACON& Tower with Radar,5,30,12,0,47,0,1,58,1,60,5,31,70,1,107,34,0,34,141
04/22/2021,CPR,WY,ANM,WE,Combined TRACON& Tower with Radar,6,34,17,2,59,0,7,37,2,46,6,41,54,4,105,16,8,24,129
04/23/2021,CPR,WY,ANM,WE,Combined TRACON& Tower with Radar,6,22,7,0,35,0,0,4,1,5,6,22,11,1,40,10,0,10,50
04/24/2021,CPR,WY,ANM,WE,Combined TRACON& Tower with Radar,4,19,0,2,25,0,0,29,0,29,4,19,29,2,54,6,0,6,60
04/25/2021,CPR,WY,ANM,WE,Combined TRACON& Tower with Radar,2,10,5,0,17,0,2,10,0,12,2,12,15,0,29,6,0,6,35
04/26/2021,CPR,WY,ANM,WE,Combined TRACON& Tower with Radar,4,17,5,0,26,0,1,17,0,18,4,18,22,0,44,10,0,10,54
04/27/2021,CPR,WY,ANM,WE,Combined TRACON& Tower with Radar,6,25,9,0,40,0,0,0,0,0,6,25,9,0,40,0,0,0,40
04/28/2021,CPR,WY,ANM,WE,Combined TRACON& Tower with Radar,6,26,14,0,46,0,0,54,0,54,6,26,68,0,100,4,0,4,104
04/29/2021,CPR,WY,ANM,WE,Combined TRACON& Tower with Radar,6,23,24,0,53,0,2,67,0,69,6,25,91,0,122,108,0,108,230
04/30/2021,CPR,WY,ANM,WE,Combined TRACON& Tower with Radar,6,22,16,0,44,0,4,43,0,47,6,26,59,0,91,28,0,28,119
05/01/2021,CPR,WY,ANM,WE,Combined TRACON& Tower with Radar,6,20,9,0,35,0,0,40,0,40,6,20,49,0,75,10,0,10,85
05/02/2021,CPR,WY,ANM,WE,Combined TRACON& Tower with Radar,4,13,15,0,32,0,0,9,2,11,4,13,24,2,43,18,0,18,61
05/03/2021,CPR,WY,ANM,WE,Combined TRACON& Tower with Radar,4,16,18,0,38,0,2,26,0,28,4,18,44,0,66,62,0,62,128
05/04/2021,CPR,WY,ANM,WE,Combined TRACON& Tower with Radar,8,24,8,0,40,0,0,23,0,23,8,24,31,0,63,46,0,46,109
05/05/2021,CPR,WY,ANM,WE,Combined TRACON& Tower with Radar,6,26,22,0,54,0,1,33,0,34,6,27,55,0,88,6,0,6,94
05/06/2021,CPR,WY,ANM,WE,Combined TRACON& Tower with Radar,5,26,28,2,61,0,1,70,1,72,5,27,98,3,133,80,0,80,213
05/07/2021,CPR,WY,ANM,WE,Combined TRACON& Tower with Radar,5,28,11,0,44,0,6,29,0,35,5,34,40,0,79,42,0,42,121
05/08/2021,CPR,WY,ANM,WE,Combined TRACON& Tower with Radar,3,22,5,0,30,0,0,15,0,15,3,22,20,0,45,36,0,36,81
05/09/2021,CPR,WY,ANM,WE,Combined TRACON& Tower with Radar,1,11,10,0,22,0,0,16,0,16,1,11,26,0,38,8,0,8,46
05/10/2021,CPR,WY,ANM,WE,Combined TRACON& Tower with Radar,4,13,11,0,28,0,0,7,0,7,4,13,18,0,35,68,0,68,103
05/11/2021,CPR,WY,ANM,WE,Combined TRACON& Tower with Radar,6,27,18,0,51,0,1,16,0,17,6,28,34,0,68,0,0,0,68
05/12/2021,CPR,WY,ANM,WE,Combined TRACON& Tower with Radar,6,27,24,0,57,0,0,43,1,44,6,27,67,1,101,69,0,69,170
05/13/2021,CPR,WY,ANM,WE,Combined TRACON& Tower with Radar,6,22,20,0,48,0,1,42,0,43,6,23,62,0,91,36,0,36,127
05/14/2021,CPR,WY,ANM,WE,Combined TRACON& Tower with Radar,6,28,11,2,47,0,1,28,0,29,6,29,39,2,76,52,0,52,128
05/15/2021,CPR,WY,ANM,WE,Combined TRACON& Tower with Radar,3,17,11,0,31,0,1,12,4,17,3,18,23,4,48,30,0,30,78
05/16/2021,CPR,WY,ANM,WE,Combined TRACON& Tower with Radar,1,14,7,2,24,0,1,28,0,29,1,15,35,2,53,56,0,56,109
05/17/2021,CPR,WY,ANM,WE,Combined TRACON& Tower with Radar,4,17,13,3,37,0,5,30,3,38,4,22,43,6,75,12,8,20,95
05/18/2021,CPR,WY,ANM,WE,Combined TRACON& Tower with Radar,6,28,16,3,53,0,1,40,6,47,6,29,56,9,100,20,4,24,124
05/19/2021,CPR,WY,ANM,WE,Combined TRACON& Tower with Radar,6,28,16,0,50,0,1,37,0,38,6,29,53,0,88,28,0,28,116
05/20/2021,CPR,WY,ANM,WE,Combined TRACON& Tower with Radar,10,36,23,2,71,0,2,21,0,23,10,38,44,2,94,36,0,36,130
05/21/2021,CPR,WY,ANM,WE,Combined TRACON& Tower with Radar,6,24,20,0,50,0,0,0,0,0,6,24,20,0,50,0,0,0,50
05/22/2021,CPR,WY,ANM,WE,Combined TRACON& Tower with Radar,3,18,11,0,32,0,1,14,0,15,3,19,25,0,47,6,0,6,53
05/23/2021,CPR,WY,ANM,WE,Combined TRACON& Tower with Radar,1,13,8,0,22,0,0,3,0,3,1,13,11,0,25,0,0,0,25
05/24/2021,CPR,WY,ANM,WE,Combined TRACON& Tower with Radar,3,22,11,0,36,0,5,17,0,22,3,27,28,0,58,0,0,0,58
05/25/2021,CPR,WY,ANM,WE,Combined TRACON& Tower with Radar,6,30,21,0,57,0,2,46,0,48,6,32,67,0,105,66,0,66,171
05/26/2021,CPR,WY,ANM,WE,Combined TRACON& Tower with Radar,5,22,18,0,45,0,0,40,0,40,5,22,58,0,85,36,10,46,131
05/27/2021,CPR,WY,ANM,WE,Combined TRACON& Tower with Radar,6,34,10,3,53,0,1,49,4,54,6,35,59,7,107,48,44,92,199
05/28/2021,CPR,WY,ANM,WE,Combined TRACON& Tower with Radar,9,24,21,2,56,1,2,26,1,30,10,26,47,3,86,10,2,12,98
05/29/2021,CPR,WY,ANM,WE,Combined TRACON& Tower with Radar,4,15,15,0,34,0,4,23,0,27,4,19,38,0,61,18,0,18,79
05/30/2021,CPR,WY,ANM,WE,Combined TRACON& Tower with Radar,1,8,6,0,15,0,6,6,0,12,1,14,12,0,27,0,0,0,27
05/31/2021,CPR,WY,ANM,WE,Combined TRACON& Tower with Radar,2,10,9,0,21,0,2,33,0,35,2,12,42,0,56,6,0,6,62
06/01/2021,CPR,WY,ANM,WE,Combined TRACON& Tower with Radar,4,19,26,2,51,0,1,28,0,29,4,20,54,2,80,28,0,28,108
06/02/2021,CPR,WY,ANM,WE,Combined TRACON& Tower with Radar,6,28,25,0,59,0,3,32,0,35,6,31,57,0,94,22,0,22,116
06/03/2021,CPR,WY,ANM,WE,Combined TRACON& Tower with Radar,5,31,16,0,52,0,7,43,0,50,5,38,59,0,102,8,0,8,110
06/04/2021,CPR,WY,ANM,WE,Combined TRACON& Tower with Radar,5,27,12,0,44,0,0,38,0,38,5,27,50,0,82,10,0,10,92
06/05/2021,CPR,WY,ANM,WE,Combined TRACON& Tower with Radar,3,16,4,4,27,0,3,37,0,40,3,19,41,4,67,24,0,24,91
06/06/2021,CPR,WY,ANM,WE,Combined TRACON& Tower with Radar,1,11,9,0,21,0,3,35,0,38,1,14,44,0,59,32,0,32,91
06/07/2021,CPR,WY,ANM,WE,Combined TRACON& Tower with Radar,4,17,19,2,42,0,3,41,0,44,4,20,60,2,86,6,0,6,92
06/08/2021,CPR,WY,ANM,WE,Combined TRACON& Tower with Radar,5,23,14,0,42,0,3,38,0,41,5,26,52,0,83,18,0,18,101
06/09/2021,CPR,WY,ANM,WE,Combined TRACON& Tower with Radar,5,29,17,0,51,0,1,54,2,57,5,30,71,2,108,10,0,10,118
06/10/2021,CPR,WY,ANM,WE,Combined TRACON& Tower with Radar,5,29,12,1,47,0,5,28,14,47,5,34,40,15,94,2,34,36,130
06/11/2021,CPR,WY,ANM,WE,Combined TRACON& Tower with Radar,5,28,12,0,45,0,6,37,4,47,5,34,49,4,92,2,0,2,94
06/12/2021,CPR,WY,ANM,WE,Combined TRACON& Tower with Radar,4,14,6,0,24,0,4,53,5,62,4,18,59,5,86,44,0,44,130
06/13/2021,CPR,WY,ANM,WE,Combined TRACON& Tower with Radar,1,18,18,0,37,0,3,25,0,28,1,21,43,0,65,36,0,36,101
06/14/2021,CPR,WY,ANM,WE,Combined TRACON& Tower with Radar,3,25,10,1,39,0,4,37,1,42,3,29,47,2,81,14,0,14,95
06/15/2021,CPR,WY,ANM,WE,Combined TRACON& Tower with Radar,7,20,8,0,35,0,5,48,2,55,7,25,56,2,90,50,0,50,140
06/16/2021,CPR,WY,ANM,WE,Combined TRACON& Tower with Radar,5,22,23,3,53,0,7,32,0,39,5,29,55,3,92,2,0,2,94
06/17/2021,CPR,WY,ANM,WE,Combined TRACON& Tower with Radar,5,36,24,0,65,0,2,54,3,59,5,38,78,3,124,54,0,54,178
06/18/2021,CPR,WY,ANM,WE,Combined TRACON& Tower with Radar,8,23,17,0,48,0,3,56,0,59,8,26,73,0,107,62,0,62,169
06/19/2021,CPR,WY,ANM,WE,Combined TRACON& Tower with Radar,3,15,10,0,28,0,5,88,2,95,3,20,98,2,123,0,0,0,123
06/20/2021,CPR,WY,ANM,WE,Combined TRACON& Tower with Radar,1,12,14,0,27,0,7,20,4,31,1,19,34,4,58,18,0,18,76
06/21/2021,CPR,WY,ANM,WE,Combined TRACON& Tower with Radar,3,16,17,0,36,0,3,25,0,28,3,19,42,0,64,38,0,38,102
06/22/2021,CPR,WY,ANM,WE,Combined TRACON& Tower with Radar,5,24,5,1,35,0,6,50,6,62,5,30,55,7,97,92,24,116,213
06/23/2021,CPR,WY,ANM,WE,Combined TRACON& Tower with Radar,5,28,18,1,52,0,12,40,19,71,5,40,58,20,123,76,14,90,213
06/24/2021,CPR,WY,ANM,WE,Combined TRACON& Tower with Radar,4,31,10,1,46,0,3,29,0,32,4,34,39,1,78,10,8,18,96
06/25/2021,CPR,WY,ANM,WE,Combined TRACON& Tower with Radar,7,27,9,1,44,0,3,9,0,12,7,30,18,1,56,0,0,0,56
06/26/2021,CPR,WY,ANM,WE,Combined TRACON& Tower with Radar,3,22,12,0,37,0,3,36,0,39,3,25,48,0,76,44,0,44,120
06/27/2021,CPR,WY,ANM,WE,Combined TRACON& Tower with Radar,1,17,11,1,30,0,3,21,2,26,1,20,32,3,56,2,2,4,60
06/28/2021,CPR,WY,ANM,WE,Combined TRACON& Tower with Radar,3,14,22,1,40,0,5,42,0,47,3,19,64,1,87,44,0,44,131
06/29/2021,CPR,WY,ANM,WE,Combined TRACON& Tower with Radar,5,22,27,3,57,0,6,53,1,60,5,28,80,4,117,43,0,43,160
06/30/2021,CPR,WY,ANM,WE,Combined TRACON& Tower with Radar,5,24,13,0,42,0,2,51,0,53,5,26,64,0,95,36,0,36,131
07/01/2021,CPR,WY,ANM,WE,Combined TRACON& Tower with Radar,4,41,10,4,59,0,4,35,2,41,4,45,45,6,100,0,28,28,128
07/02/2021,CPR,WY,ANM,WE,Combined TRACON& Tower with Radar,5,26,27,0,58,0,8,45,0,53,5,34,72,0,111,6,0,6,117
07/03/2021,CPR,WY,ANM,WE,Combined TRACON& Tower with Radar,3,16,3,0,22,0,16,52,2,70,3,32,55,2,92,52,0,52,144
07/04/2021,CPR,WY,ANM,WE,Combined TRACON& Tower with Radar,1,16,6,0,23,0,2,38,0,40,1,18,44,0,63,26,0,26,89
07/05/2021,CPR,WY,ANM,WE,Combined TRACON& Tower with Radar,1,16,12,0,29,0,6,49,0,55,1,22,61,0,84,8,0,8,92
07/06/2021,CPR,WY,ANM,WE,Combined TRACON& Tower with Radar,4,22,16,3,45,0,1,33,1,35,4,23,49,4,80,10,10,20,100
07/07/2021,CPR,WY,ANM,WE,Combined TRACON& Tower with Radar,6,28,14,2,50,0,16,52,1,69,6,44,66,3,119,40,12,52,171
07/08/2021,CPR,WY,ANM,WE,Combined TRACON& Tower with Radar,6,27,19,1,53,0,11,39,0,50,6,38,58,1,103,2,0,2,105
07/09/2021,CPR,WY,ANM,WE,Combined TRACON& Tower with Radar,5,31,9,1,46,0,10,58,0,68,5,41,67,1,114,54,0,54,168
07/10/2021,CPR,WY,ANM,WE,Combined TRACON& Tower with Radar,3,21,12,0,36,0,1,49,0,50,3,22,61,0,86,40,0,40,126
07/11/2021,CPR,WY,ANM,WE,Combined TRACON& Tower with Radar,2,16,15,0,33,0,2,44,0,46,2,18,59,0,79,4,0,4,83
07/12/2021,CPR,WY,ANM,WE,Combined TRACON& Tower with Radar,3,24,15,0,42,0,9,36,0,45,3,33,51,0,87,12,0,12,99
07/13/2021,CPR,WY,ANM,WE,Combined TRACON& Tower with Radar,6,31,14,0,51,0,9,43,0,52,6,40,57,0,103,0,0,0,103
07/14/2021,CPR,WY,ANM,WE,Combined TRACON& Tower with Radar,7,27,25,0,59,0,7,28,0,35,7,34,53,0,94,0,0,0,94
07/15/2021,CPR,WY,ANM,WE,Combined TRACON& Tower with Radar,6,28,13,0,47,0,15,59,0,74,6,43,72,0,121,64,0,64,185
07/16/2021,CPR,WY,ANM,WE,Combined TRACON& Tower with Radar,6,31,9,0,46,0,1,27,0,28,6,32,36,0,74,24,0,24,98
07/17/2021,CPR,WY,ANM,WE,Combined TRACON& Tower with Radar,3,23,15,11,52,0,6,52,5,63,3,29,67,16,115,29,0,29,144
07/18/2021,CPR,WY,ANM,WE,Combined TRACON& Tower with Radar,2,19,14,0,35,0,2,61,0,63,2,21,75,0,98,0,0,0,98
07/19/2021,CPR,WY,ANM,WE,Combined TRACON& Tower with Radar,4,19,19,0,42,1,15,61,2,79,5,34,80,2,121,42,0,42,163
07/20/2021,CPR,WY,ANM,WE,Combined TRACON& Tower with Radar,6,27,12,0,45,0,4,30,0,34,6,31,42,0,79,60,0,60,139
07/21/2021,CPR,WY,ANM,WE,Combined TRACON& Tower with Radar,5,29,20,0,54,0,1,69,0,70,5,30,89,0,124,50,0,50,174
07/22/2021,CPR,WY,ANM,WE,Combined TRACON& Tower with Radar,9,27,13,2,51,0,7,51,0,58,9,34,64,2,109,30,14,44,153
07/23/2021,CPR,WY,ANM,WE,Combined TRACON& Tower with Radar,3,34,22,0,59,0,15,70,3,88,3,49,92,3,147,48,0,48,195
07/24/2021,CPR,WY,ANM,WE,Combined TRACON& Tower with Radar,4,20,9,0,33,0,0,55,3,58,4,20,64,3,91,30,0,30,121
07/25/2021,CPR,WY,ANM,WE,Combined TRACON& Tower with Radar,2,23,8,0,33,0,5,36,2,43,2,28,44,2,76,6,0,6,82
07/26/2021,CPR,WY,ANM,WE,Combined TRACON& Tower with Radar,4,21,17,2,44,0,2,43,0,45,4,23,60,2,89,32,0,32,121
07/27/2021,CPR,WY,ANM,WE,Combined TRACON& Tower with Radar,6,33,13,0,52,0,10,40,0,50,6,43,53,0,102,66,0,66,168
07/28/2021,CPR,WY,ANM,WE,Combined TRACON& Tower with Radar,5,31,20,0,56,0,29,41,0,70,5,60,61,0,126,20,0,20,146
07/29/2021,CPR,WY,ANM,WE,Combined TRACON& Tower with Radar,6,28,16,0,50,0,3,27,0,30,6,31,43,0,80,0,0,0,80
07/30/2021,CPR,WY,ANM,WE,Combined TRACON& Tower with Radar,6,27,11,0,44,0,1,40,0,41,6,28,51,0,85,54,0,54,139
07/31/2021,CPR,WY,ANM,WE,Combined TRACON& Tower with Radar,3,25,14,0,42,0,8,29,0,37,3,33,43,0,79,16,0,16,95
08/01/2021,CPR,WY,ANM,WE,Combined TRACON& Tower with Radar,1,22,9,0,32,0,5,39,0,44,1,27,48,0,76,2,0,2,78
08/02/2021,CPR,WY,ANM,WE,Combined TRACON& Tower with Radar,3,22,21,0,46,0,1,51,2,54,3,23,72,2,100,52,0,52,152
08/03/2021,CPR,WY,ANM,WE,Combined TRACON& Tower with Radar,5,25,19,0,49,0,3,39,0,42,5,28,58,0,91,48,0,48,139
08/04/2021,CPR,WY,ANM,WE,Combined TRACON& Tower with Radar,5,28,20,0,53,0,15,53,0,68,5,43,73,0,121,24,0,24,145
08/05/2021,CPR,WY,ANM,WE,Combined TRACON& Tower with Radar,7,34,18,0,59,0,10,39,0,49,7,44,57,0,108,14,0,14,122
08/06/2021,CPR,WY,ANM,WE,Combined TRACON& Tower with Radar,5,28,8,6,47,0,1,36,0,37,5,29,44,6,84,22,0,22,106
08/07/2021,CPR,WY,ANM,WE,Combined TRACON& Tower with Radar,4,22,15,0,41,0,2,28,1,31,4,24,43,1,72,44,0,44,116
08/08/2021,CPR,WY,ANM,WE,Combined TRACON& Tower with Radar,2,25,13,0,40,0,13,43,1,57,2,38,56,1,97,4,0,4,101
08/09/2021,CPR,WY,ANM,WE,Combined TRACON& Tower with Radar,3,27,19,0,49,0,5,46,0,51,3,32,65,0,100,30,0,30,130
08/10/2021,CPR,WY,ANM,WE,Combined TRACON& Tower with Radar,4,27,23,2,56,0,7,44,0,51,4,34,67,2,107,44,0,44,151
08/11/2021,CPR,WY,ANM,WE,Combined TRACON& Tower with Radar,5,30,14,0,49,0,5,51,0,56,5,35,65,0,105,40,0,40,145
08/12/2021,CPR,WY,ANM,WE,Combined TRACON& Tower with Radar,4,34,23,1,62,0,3,57,0,60,4,37,80,1,122,32,0,32,154
08/13/2021,CPR,WY,ANM,WE,Combined TRACON& Tower with Radar,5,34,13,2,54,0,5,58,0,63,5,39,71,2,117,60,0,60,177
08/14/2021,CPR,WY,ANM,WE,Combined TRACON& Tower with Radar,3,18,14,0,35,0,12,65,0,77,3,30,79,0,112,32,0,32,144
08/15/2021,CPR,WY,ANM,WE,Combined TRACON& Tower with Radar,1,15,10,0,26,0,6,41,1,48,1,21,51,1,74,26,0,26,100
08/16/2021,CPR,WY,ANM,WE,Combined TRACON& Tower with Radar,3,19,13,5,40,0,8,48,0,56,3,27,61,5,96,68,0,68,164
08/17/2021,CPR,WY,ANM,WE,Combined TRACON& Tower with Radar,5,29,18,1,53,0,7,43,1,51,5,36,61,2,104,66,0,66,170
08/18/2021,CPR,WY,ANM,WE,Combined TRACON& Tower with Radar,5,31,24,2,62,0,5,22,0,27,5,36,46,2,89,20,0,20,109
08/19/2021,CPR,WY,ANM,WE,Combined TRACON& Tower with Radar,7,31,19,0,57,0,0,5,0,5,7,31,24,0,62,0,0,0,62
08/20/2021,CPR,WY,ANM,WE,Combined TRACON& Tower with Radar,5,26,17,4,52,0,8,12,0,20,5,34,29,4,72,0,0,0,72
08/21/2021,CPR,WY,ANM,WE,Combined TRACON& Tower with Radar,3,22,11,0,36,0,5,67,0,72,3,27,78,0,108,12,0,12,120
08/22/2021,CPR,WY,ANM,WE,Combined TRACON& Tower with Radar,1,19,6,0,26,0,4,10,0,14,1,23,16,0,40,0,0,0,40
08/23/2021,CPR,WY,ANM,WE,Combined TRACON& Tower with Radar,3,19,28,0,50,0,3,39,0,42,3,22,67,0,92,48,0,48,140
08/24/2021,CPR,WY,ANM,WE,Combined TRACON& Tower with Radar,5,30,29,1,65,0,1,58,1,60,5,31,87,2,125,24,0,24,149
08/25/2021,CPR,WY,ANM,WE,Combined TRACON& Tower with Radar,3,32,21,0,56,0,0,50,0,50,3,32,71,0,106,66,0,66,172
08/26/2021,CPR,WY,ANM,WE,Combined TRACON& Tower with Radar,5,31,14,0,50,0,1,37,0,38,5,32,51,0,88,44,0,44,132
08/27/2021,CPR,WY,ANM,WE,Combined TRACON& Tower with Radar,4,32,19,0,55,0,4,47,1,52,4,36,66,1,107,34,0,34,141
08/28/2021,CPR,WY,ANM,WE,Combined TRACON& Tower with Radar,3,20,5,0,28,0,1,45,0,46,3,21,50,0,74,68,0,68,142
08/29/2021,CPR,WY,ANM,WE,Combined TRACON& Tower with Radar,1,16,10,0,27,0,3,38,0,41,1,19,48,0,68,6,0,6,74
08/30/2021,CPR,WY,ANM,WE,Combined TRACON& Tower with Radar,3,22,16,0,41,0,4,36,0,40,3,26,52,0,81,64,14,78,159
08/31/2021,CPR,WY,ANM,WE,Combined TRACON& Tower with Radar,5,28,29,0,62,0,3,30,3,36,5,31,59,3,98,24,12,36,134
09/01/2021,CPR,WY,ANM,WE,Combined TRACON& Tower with Radar,4,29,17,0,50,0,2,24,0,26,4,31,41,0,76,4,0,4,80
09/02/2021,CPR,WY,ANM,WE,Combined TRACON& Tower with Radar,4,31,37,0,72,0,2,39,0,41,4,33,76,0,113,56,0,56,169
09/03/2021,CPR,WY,ANM,WE,Combined TRACON& Tower with Radar,4,32,2,4,42,0,5,18,0,23,4,37,20,4,65,16,0,16,81
09/04/2021,CPR,WY,ANM,WE,Combined TRACON& Tower with Radar,3,20,10,0,33,0,1,42,0,43,3,21,52,0,76,30,0,30,106
09/05/2021,CPR,WY,ANM,WE,Combined TRACON& Tower with Radar,1,15,1,0,17,0,3,7,0,10,1,18,8,0,27,0,0,0,27
09/06/2021,CPR,WY,ANM,WE,Combined TRACON& Tower with Radar,1,18,3,0,22,0,1,13,0,14,1,19,16,0,36,4,0,4,40
09/07/2021,CPR,WY,ANM,WE,Combined TRACON& Tower with Radar,3,25,19,0,47,0,1,38,0,39,3,26,57,0,86,88,0,88,174
09/08/2021,CPR,WY,ANM,WE,Combined TRACON& Tower with Radar,7,36,29,0,72,0,2,35,2,39,7,38,64,2,111,26,0,26,137
09/09/2021,CPR,WY,ANM,WE,Combined TRACON& Tower with Radar,8,26,24,0,58,0,2,35,0,37,8,28,59,0,95,14,0,14,109
09/10/2021,CPR,WY,ANM,WE,Combined TRACON& Tower with Radar,7,23,15,0,45,0,2,44,0,46,7,25,59,0,91,34,0,34,125
09/11/2021,CPR,WY,ANM,WE,Combined TRACON& Tower with Radar,5,16,15,11,47,0,5,30,2,37,5,21,45,13,84,36,0,36,120
09/12/2021,CPR,WY,ANM,WE,Combined TRACON& Tower with Radar,4,15,3,0,22,0,29,38,0,67,4,44,41,0,89,0,0,0,89
09/13/2021,CPR,WY,ANM,WE,Combined TRACON& Tower with Radar,6,27,24,12,69,0,13,28,1,42,6,40,52,13,111,38,2,40,151
09/14/2021,CPR,WY,ANM,WE,Combined TRACON& Tower with Radar,8,27,27,0,62,0,4,39,0,43,8,31,66,0,105,60,0,60,165
09/15/2021,CPR,WY,ANM,WE,Combined TRACON& Tower with Radar,8,22,25,0,55,0,5,23,4,32,8,27,48,4,87,6,0,6,93
09/16/2021,CPR,WY,ANM,WE,Combined TRACON& Tower with Radar,8,24,21,0,53,0,9,35,0,44,8,33,56,0,97,32,0,32,129
09/17/2021,CPR,WY,ANM,WE,Combined TRACON& Tower with Radar,6,24,14,0,44,0,11,37,0,48,6,35,51,0,92,48,0,48,140
09/18/2021,CPR,WY,ANM,WE,Combined TRACON& Tower with Radar,5,21,8,0,34,0,5,20,0,25,5,26,28,0,59,36,4,40,99
09/19/2021,CPR,WY,ANM,WE,Combined TRACON& Tower with Radar,3,9,6,0,18,0,0,8,0,8,3,9,14,0,26,0,0,0,26
09/20/2021,CPR,WY,ANM,WE,Combined TRACON& Tower with Radar,6,15,16,0,37,0,0,14,0,14,6,15,30,0,51,0,0,0,51
09/21/2021,CPR,WY,ANM,WE,Combined TRACON& Tower with Radar,8,21,14,0,43,0,0,41,0,41,8,21,55,0,84,74,0,74,158
09/22/2021,CPR,WY,ANM,WE,Combined TRACON& Tower with Radar,8,28,13,8,57,0,7,37,6,50,8,35,50,14,107,42,18,60,167
09/23/2021,CPR,WY,ANM,WE,Combined TRACON& Tower with Radar,8,29,19,8,64,0,1,53,6,60,8,30,72,14,124,94,12,106,230
09/24/2021,CPR,WY,ANM,WE,Combined TRACON& Tower with Radar,7,22,22,0,51,0,1,40,0,41,7,23,62,0,92,48,0,48,140
09/25/2021,CPR,WY,ANM,WE,Combined TRACON& Tower with Radar,5,21,10,0,36,0,3,50,0,53,5,24,60,0,89,32,0,32,121
09/26/2021,CPR,WY,ANM,WE,Combined TRACON& Tower with Radar,3,14,10,0,27,0,0,28,0,28,3,14,38,0,55,34,0,34,89
09/27/2021,CPR,WY,ANM,WE,Combined TRACON& Tower with Radar,6,14,19,0,39,0,22,38,0,60,6,36,57,0,99,54,0,54,153
09/28/2021,CPR,WY,ANM,WE,Combined TRACON& Tower with Radar,8,27,23,0,58,0,8,38,2,48,8,35,61,2,106,38,0,38,144
09/29/2021,CPR,WY,ANM,WE,Combined TRACON& Tower with Radar,8,20,8,0,36,0,1,3,0,4,8,21,11,0,40,0,0,0,40
09/30/2021,CPR,WY,ANM,WE,Combined TRACON& Tower with Radar,8,24,30,2,64,0,3,31,0,34,8,27,61,2,98,36,0,36,134
10/01/2021,CPR,WY,ANM,WE,Combined TRACON& Tower with Radar,8,21,16,0,45,0,2,45,0,47,8,23,61,0,92,44,0,44,136
10/02/2021,CPR,WY,ANM,WE,Combined TRACON& Tower with Radar,5,14,16,0,35,0,0,38,0,38,5,14,54,0,73,46,0,46,119
10/03/2021,CPR,WY,ANM,WE,Combined TRACON& Tower with Radar,3,13,6,0,22,0,2,31,0,33,3,15,37,0,55,6,0,6,61
10/04/2021,CPR,WY,ANM,WE,Combined TRACON& Tower with Radar,6,17,23,4,50,0,8,54,0,62,6,25,77,4,112,112,6,118,230
10/05/2021,CPR,WY,ANM,WE,Combined TRACON& Tower with Radar,4,27,18,0,49,0,9,54,0,63,4,36,72,0,112,104,0,104,216
10/06/2021,CPR,WY,ANM,WE,Combined TRACON& Tower with Radar,5,25,12,0,42,0,3,30,3,36,5,28,42,3,78,16,4,20,98
10/07/2021,CPR,WY,ANM,WE,Combined TRACON& Tower with Radar,4,30,18,2,54,0,4,41,0,45,4,34,59,2,99,50,0,50,149
10/08/2021,CPR,WY,ANM,WE,Combined TRACON& Tower with Radar,6,21,25,0,52,0,3,31,0,34,6,24,56,0,86,76,0,76,162
10/09/2021,CPR,WY,ANM,WE,Combined TRACON& Tower with Radar,3,18,8,0,29,0,0,12,0,12,3,18,20,0,41,0,0,0,41
10/10/2021,CPR,WY,ANM,WE,Combined TRACON& Tower with Radar,1,13,10,0,24,0,3,49,0,52,1,16,59,0,76,74,0,74,150
10/11/2021,CPR,WY,ANM,WE,Combined TRACON& Tower with Radar,3,16,33,0,52,0,4,13,0,17,3,20,46,0,69,48,0,48,117
10/12/2021,CPR,WY,ANM,WE,Combined TRACON& Tower with Radar,5,16,7,0,28,0,0,0,0,0,5,16,7,0,28,0,0,0,28
10/13/2021,CPR,WY,ANM,WE,Combined TRACON& Tower with Radar,5,28,18,0,51,0,3,19,0,22,5,31,37,0,73,6,0,6,79
10/14/2021,CPR,WY,ANM,WE,Combined TRACON& Tower with Radar,5,25,22,0,52,0,2,28,0,30,5,27,50,0,82,10,0,10,92
10/15/2021,CPR,WY,ANM,WE,Combined TRACON& Tower with Radar,5,24,12,3,44,0,2,43,0,45,5,26,55,3,89,70,0,70,159
10/16/2021,CPR,WY,ANM,WE,Combined TRACON& Tower with Radar,4,18,10,0,32,0,4,36,0,40,4,22,46,0,72,112,0,112,184
10/17/2021,CPR,WY,ANM,WE,Combined TRACON& Tower with Radar,1,11,12,1,25,0,6,25,0,31,1,17,37,1,56,22,0,22,78
10/18/2021,CPR,WY,ANM,WE,Combined TRACON& Tower with Radar,3,19,10,0,32,0,6,30,7,43,3,25,40,7,75,40,24,64,139
10/19/2021,CPR,WY,ANM,WE,Combined TRACON& Tower with Radar,4,25,7,0,36,0,0,1,0,1,4,25,8,0,37,0,0,0,37
10/20/2021,CPR,WY,ANM,WE,Combined TRACON& Tower with Radar,5,19,15,0,39,0,2,25,0,27,5,21,40,0,66,78,0,78,144
10/21/2021,CPR,WY,ANM,WE,Combined TRACON& Tower with Radar,5,19,13,0,37,0,0,31,0,31,5,19,44,0,68,8,0,8,76
10/22/2021,CPR,WY,ANM,WE,Combined TRACON& Tower with Radar,4,23,27,0,54,0,0,32,0,32,4,23,59,0,86,62,0,62,148
10/23/2021,CPR,WY,ANM,WE,Combined TRACON& Tower with Radar,3,15,12,0,30,0,2,28,0,30,3,17,40,0,60,34,0,34,94
10/24/2021,CPR,WY,ANM,WE,Combined TRACON& Tower with Radar,1,20,15,0,36,0,1,32,0,33,1,21,47,0,69,34,0,34,103
10/25/2021,CPR,WY,ANM,WE,Combined TRACON& Tower with Radar,3,19,20,0,42,0,0,8,0,8,3,19,28,0,50,0,0,0,50
10/26/2021,CPR,WY,ANM,WE,Combined TRACON& Tower with Radar,4,26,19,0,49,0,0,1,0,1,4,26,20,0,50,0,0,0,50
10/27/2021,CPR,WY,ANM,WE,Combined TRACON& Tower with Radar,5,23,21,0,49,0,2,31,0,33,5,25,52,0,82,62,0,62,144
10/28/2021,CPR,WY,ANM,WE,Combined TRACON& Tower with Radar,5,25,15,0,45,0,1,54,0,55,5,26,69,0,100,54,0,54,154
10/29/2021,CPR,WY,ANM,WE,Combined TRACON& Tower with Radar,5,28,18,0,51,0,0,28,0,28,5,28,46,0,79,86,0,86,165
10/30/2021,CPR,WY,ANM,WE,Combined TRACON& Tower with Radar,3,19,17,4,43,0,0,9,0,9,3,19,26,4,52,40,0,40,92
10/31/2021,CPR,WY,ANM,WE,Combined TRACON& Tower with Radar,1,19,13,0,33,0,0,0,0,0,1,19,13,0,33,0,0,0,33
11/01/2021,CPR,WY,ANM,WE,Combined TRACON& Tower with Radar,3,23,16,0,42,0,0,20,0,20,3,23,36,0,62,38,0,38,100
11/02/2021,CPR,WY,ANM,WE,Combined TRACON& Tower with Radar,6,24,22,3,55,0,0,32,0,32,6,24,54,3,87,68,28,96,183
11/03/2021,CPR,WY,ANM,WE,Combined TRACON& Tower with Radar,6,26,15,1,48,0,4,53,0,57,6,30,68,1,105,130,0,130,235
11/04/2021,CPR,WY,ANM,WE,Combined TRACON& Tower with Radar,5,29,24,0,58,0,2,32,0,34,5,31,56,0,92,92,0,92,184
11/05/2021,CPR,WY,ANM,WE,Combined TRACON& Tower with Radar,6,24,30,10,70,0,2,53,0,55,6,26,83,10,125,102,0,102,227
11/06/2021,CPR,WY,ANM,WE,Combined TRACON& Tower with Radar,4,17,13,1,35,0,2,24,8,34,4,19,37,9,69,122,0,122,191
11/07/2021,CPR,WY,ANM,WE,Combined TRACON& Tower with Radar,2,15,13,1,31,0,0,27,0,27,2,15,40,1,58,8,0,8,66
11/08/2021,CPR,WY,ANM,WE,Combined TRACON& Tower with Radar,4,19,24,0,47,0,2,26,2,30,4,21,50,2,77,84,0,84,161
11/09/2021,CPR,WY,ANM,WE,Combined TRACON& Tower with Radar,6,28,29,0,63,0,4,19,0,23,6,32,48,0,86,32,0,32,118
11/10/2021,CPR,WY,ANM,WE,Combined TRACON& Tower with Radar,6,29,26,0,61,0,3,16,0,19,6,32,42,0,80,14,0,14,94
11/11/2021,CPR,WY,ANM,WE,Combined TRACON& Tower with Radar,6,32,24,1,63,0,7,18,0,25,6,39,42,1,88,0,0,0,88
11/12/2021,CPR,WY,ANM,WE,Combined TRACON& Tower with Radar,5,21,13,8,47,0,0,38,0,38,5,21,51,8,85,92,0,92,177
11/13/2021,CPR,WY,ANM,WE,Combined TRACON& Tower with Radar,4,23,8,4,39,0,0,16,1,17,4,23,24,5,56,30,0,30,86
11/14/2021,CPR,WY,ANM,WE,Combined TRACON& Tower with Radar,2,12,16,0,30,0,0,17,0,17,2,12,33,0,47,14,0,14,61
11/15/2021,CPR,WY,ANM,WE,Combined TRACON& Tower with Radar,4,20,20,0,44,0,6,14,0,20,4,26,34,0,64,12,0,12,76
11/16/2021,CPR,WY,ANM,WE,Combined TRACON& Tower with Radar,6,25,12,0,43,0,6,6,0,12,6,31,18,0,55,0,0,0,55
11/17/2021,CPR,WY,ANM,WE,Combined TRACON& Tower with Radar,6,22,20,0,48,0,6,40,1,47,6,28,60,1,95,48,0,48,143
11/18/2021,CPR,WY,ANM,WE,Combined TRACON& Tower with Radar,6,25,16,0,47,0,1,28,1,30,6,26,44,1,77,92,0,92,169
11/19/2021,CPR,WY,ANM,WE,Combined TRACON& Tower with Radar,6,25,10,2,43,0,5,15,0,20,6,30,25,2,63,22,0,22,85
11/20/2021,CPR,WY,ANM,WE,Combined TRACON& Tower with Radar,4,21,9,0,34,0,3,50,0,53,4,24,59,0,87,38,0,38,125
11/21/2021,CPR,WY,ANM,WE,Combined TRACON& Tower with Radar,2,10,8,0,20,0,2,14,0,16,2,12,22,0,36,20,0,20,56
11/22/2021,CPR,WY,ANM,WE,Combined TRACON& Tower with Radar,4,20,17,0,41,0,1,28,0,29,4,21,45,0,70,6,0,6,76
11/23/2021,CPR,WY,ANM,WE,Combined TRACON& Tower with Radar,6,25,24,0,55,0,2,19,0,21,6,27,43,0,76,0,0,0,76
11/24/2021,CPR,WY,ANM,WE,Combined TRACON& Tower with Radar,6,27,14,0,47,0,1,3,0,4,6,28,17,0,51,0,0,0,51
11/25/2021,CPR,WY,ANM,WE,Combined TRACON& Tower with Radar,1,7,1,0,9,0,2,2,0,4,1,9,3,0,13,0,0,0,13
11/26/2021,CPR,WY,ANM,WE,Combined TRACON& Tower with Radar,3,21,10,0,34,0,4,11,0,15,3,25,21,0,49,0,0,0,49
11/27/2021,CPR,WY,ANM,WE,Combined TRACON& Tower with Radar,4,18,9,0,31,0,2,49,0,51,4,20,58,0,82,40,0,40,122
11/28/2021,CPR,WY,ANM,WE,Combined TRACON& Tower with Radar,2,11,15,0,28,0,1,18,0,19,2,12,33,0,47,10,0,10,57
11/29/2021,CPR,WY,ANM,WE,Combined TRACON& Tower with Radar,4,17,24,0,45,0,1,35,0,36,4,18,59,0,81,12,0,12,93
11/30/2021,CPR,WY,ANM,WE,Combined TRACON& Tower with Radar,7,29,10,3,49,0,3,18,0,21,7,32,28,3,70,40,0,40,110
12/01/2021,CPR,WY,ANM,WE,Combined TRACON& Tower with Radar,10,19,24,0,53,0,3,22,0,25,10,22,46,0,78,38,0,38,116
12/02/2021,CPR,WY,ANM,WE,Combined TRACON& Tower with Radar,10,25,19,0,54,0,1,25,0,26,10,26,44,0,80,6,0,6,86
12/03/2021,CPR,WY,ANM,WE,Combined TRACON& Tower with Radar,8,28,21,0,57,0,4,76,0,80,8,32,97,0,137,114,0,114,251
12/04/2021,CPR,WY,ANM,WE,Combined TRACON& Tower with Radar,4,16,7,0,27,0,2,14,0,16,4,18,21,0,43,44,0,44,87
12/05/2021,CPR,WY,ANM,WE,Combined TRACON& Tower with Radar,2,11,10,0,23,0,0,2,0,2,2,11,12,0,25,6,0,6,31
12/06/2021,CPR,WY,ANM,WE,Combined TRACON& Tower with Radar,4,18,17,0,39,0,1,16,0,17,4,19,33,0,56,0,0,0,56
12/07/2021,CPR,WY,ANM,WE,Combined TRACON& Tower with Radar,8,26,27,8,69,0,0,31,0,31,8,26,58,8,100,62,8,70,170
12/08/2021,CPR,WY,ANM,WE,Combined TRACON& Tower with Radar,7,23,13,2,45,0,0,7,1,8,7,23,20,3,53,0,10,10,63
12/09/2021,CPR,WY,ANM,WE,Combined TRACON& Tower with Radar,8,31,7,0,46,0,0,7,0,7,8,31,14,0,53,30,0,30,83
12/10/2021,CPR,WY,ANM,WE,Combined TRACON& Tower with Radar,5,25,3,0,33,0,0,4,0,4,5,25,7,0,37,24,0,24,61
12/11/2021,CPR,WY,ANM,WE,Combined TRACON& Tower with Radar,4,16,11,0,31,0,3,2,0,5,4,19,13,0,36,0,0,0,36
12/12/2021,CPR,WY,ANM,WE,Combined TRACON& Tower with Radar,2,12,4,0,18,0,3,8,0,11,2,15,12,0,29,6,0,6,35
12/13/2021,CPR,WY,ANM,WE,Combined TRACON& Tower with Radar,3,15,18,0,36,0,1,10,0,11,3,16,28,0,47,0,0,0,47
12/14/2021,CPR,WY,ANM,WE,Combined TRACON& Tower with Radar,8,25,10,0,43,0,1,5,0,6,8,26,15,0,49,0,0,0,49
12/15/2021,CPR,WY,ANM,WE,Combined TRACON& Tower with Radar,8,18,12,0,38,0,0,4,0,4,8,18,16,0,42,10,0,10,52
12/16/2021,CPR,WY,ANM,WE,Combined TRACON& Tower with Radar,8,25,19,0,52,0,2,24,0,26,8,27,43,0,78,0,0,0,78
12/17/2021,CPR,WY,ANM,WE,Combined TRACON& Tower with Radar,6,26,15,0,47,0,0,10,0,10,6,26,25,0,57,4,0,4,61
12/18/2021,CPR,WY,ANM,WE,Combined TRACON& Tower with Radar,4,18,2,0,24,0,0,14,0,14,4,18,16,0,38,22,0,22,60
12/19/2021,CPR,WY,ANM,WE,Combined TRACON& Tower with Radar,2,10,7,0,19,0,0,2,0,2,2,10,9,0,21,0,0,0,21
12/20/2021,CPR,WY,ANM,WE,Combined TRACON& Tower with Radar,4,15,15,4,38,0,0,24,1,25,4,15,39,5,63,22,0,22,85
12/21/2021,CPR,WY,ANM,WE,Combined TRACON& Tower with Radar,6,30,14,0,50,0,5,18,0,23,6,35,32,0,73,10,0,10,83
12/22/2021,CPR,WY,ANM,WE,Combined TRACON& Tower with Radar,6,25,25,0,56,0,1,16,2,19,6,26,41,2,75,0,0,0,75
12/23/2021,CPR,WY,ANM,WE,Combined TRACON& Tower with Radar,8,26,6,0,40,0,0,6,0,6,8,26,12,0,46,0,0,0,46
12/24/2021,CPR,WY,ANM,WE,Combined TRACON& Tower with Radar,3,21,3,0,27,0,1,0,0,1,3,22,3,0,28,0,0,0,28
12/25/2021,CPR,WY,ANM,WE,Combined TRACON& Tower with Radar,1,11,1,0,13,0,0,2,0,2,1,11,3,0,15,0,0,0,15
12/26/2021,CPR,WY,ANM,WE,Combined TRACON& Tower with Radar,2,17,14,0,33,0,0,6,0,6,2,17,20,0,39,0,0,0,39
12/27/2021,CPR,WY,ANM,WE,Combined TRACON& Tower with Radar,3,22,16,0,41,0,1,9,0,10,3,23,25,0,51,14,0,14,65
12/28/2021,CPR,WY,ANM,WE,Combined TRACON& Tower with Radar,6,20,14,0,40,0,0,37,0,37,6,20,51,0,77,20,0,20,97
12/29/2021,CPR,WY,ANM,WE,Combined TRACON& Tower with Radar,5,19,10,2,36,0,3,46,0,49,5,22,56,2,85,60,0,60,145
12/30/2021,CPR,WY,ANM,WE,Combined TRACON& Tower with Radar,6,21,6,0,33,0,1,0,0,1,6,22,6,0,34,0,0,0,34
12/31/2021,CPR,WY,ANM,WE,Combined TRACON& Tower with Radar,4,25,7,0,36,0,0,2,0,2,4,25,9,0,38,8,0,8,46
01/01/2022,CPR,WY,ANM,WE,Combined TRACON& Tower with Radar,1,8,7,0,16,0,1,18,0,19,1,9,25,0,35,8,0,8,43
01/02/2022,CPR,WY,ANM,WE,Combined TRACON& Tower with Radar,2,7,12,0,21,0,0,3,0,3,2,7,15,0,24,1,0,1,25
01/03/2022,CPR,WY,ANM,WE,Combined TRACON& Tower with Radar,3,11,12,0,26,0,0,12,0,12,3,11,24,0,38,0,0,0,38
01/04/2022,CPR,WY,ANM,WE,Combined TRACON& Tower with Radar,4,31,20,0,55,0,0,5,0,5,4,31,25,0,60,0,0,0,60
01/05/2022,CPR,WY,ANM,WE,Combined TRACON& Tower with Radar,4,14,6,0,24,0,0,0,0,0,4,14,6,0,24,0,0,0,24
01/06/2022,CPR,WY,ANM,WE,Combined TRACON& Tower with Radar,0,23,18,2,43,0,1,25,0,26,0,24,43,2,69,50,2,52,121
01/07/2022,CPR,WY,ANM,WE,Combined TRACON& Tower with Radar,2,28,14,0,44,0,0,11,0,11,2,28,25,0,55,2,0,2,57
01/08/2022,CPR,WY,ANM,WE,Combined TRACON& Tower with Radar,2,20,8,1,31,0,0,41,1,42,2,20,49,2,73,70,0,70,143
01/09/2022,CPR,WY,ANM,WE,Combined TRACON& Tower with Radar,0,15,7,0,22,0,1,8,0,9,0,16,15,0,31,12,0,12,43
01/10/2022,CPR,WY,ANM,WE,Combined TRACON& Tower with Radar,2,17,21,0,40,0,3,25,0,28,2,20,46,0,68,4,0,4,72
01/11/2022,CPR,WY,ANM,WE,Combined TRACON& Tower with Radar,3,21,11,1,36,0,1,19,0,20,3,22,30,1,56,78,0,78,134
01/12/2022,CPR,WY,ANM,WE,Combined TRACON& Tower with Radar,0,21,14,0,35,0,0,15,0,15,0,21,29,0,50,12,0,12,62
01/13/2022,CPR,WY,ANM,WE,Combined TRACON& Tower with Radar,4,20,16,0,40,0,0,22,2,24,4,20,38,2,64,6,0,6,70
01/14/2022,CPR,WY,ANM,WE,Combined TRACON& Tower with Radar,4,18,5,0,27,0,0,2,0,2,4,18,7,0,29,24,0,24,53
01/15/2022,CPR,WY,ANM,WE,Combined TRACON& Tower with Radar,2,15,11,0,28,0,1,15,0,16,2,16,26,0,44,10,0,10,54
01/16/2022,CPR,WY,ANM,WE,Combined TRACON& Tower with Radar,0,8,16,1,25,0,2,60,1,63,0,10,76,2,88,94,6,100,188
01/17/2022,CPR,WY,ANM,WE,Combined TRACON& Tower with Radar,2,17,32,0,51,0,2,35,0,37,2,19,67,0,88,62,0,62,150
01/18/2022,CPR,WY,ANM,WE,Combined TRACON& Tower with Radar,4,21,14,0,39,0,0,43,0,43,4,21,57,0,82,88,0,88,170
01/19/2022,CPR,WY,ANM,WE,Combined TRACON& Tower with Radar,4,24,19,0,47,0,1,9,0,10,4,25,28,0,57,16,0,16,73
01/20/2022,CPR,WY,ANM,WE,Combined TRACON& Tower with Radar,4,25,28,0,57,0,1,35,0,36,4,26,63,0,93,34,0,34,127
01/21/2022,CPR,WY,ANM,WE,Combined TRACON& Tower with Radar,4,19,11,0,34,0,2,3,0,5,4,21,14,0,39,6,0,6,45
01/22/2022,CPR,WY,ANM,WE,Combined TRACON& Tower with Radar,2,17,9,0,28,0,2,15,0,17,2,19,24,0,45,8,0,8,53
01/23/2022,CPR,WY,ANM,WE,Combined TRACON& Tower with Radar,0,9,12,0,21,0,2,23,1,26,0,11,35,1,47,28,0,28,75
01/24/2022,CPR,WY,ANM,WE,Combined TRACON& Tower with Radar,2,16,21,4,43,0,2,53,0,55,2,18,74,4,98,80,0,80,178
01/25/2022,CPR,WY,ANM,WE,Combined TRACON& Tower with Radar,4,28,8,0,40,1,2,15,0,18,5,30,23,0,58,54,0,54,112
01/26/2022,CPR,WY,ANM,WE,Combined TRACON& Tower with Radar,4,18,17,0,39,0,2,18,0,20,4,20,35,0,59,8,0,8,67
01/27/2022,CPR,WY,ANM,WE,Combined TRACON& Tower with Radar,4,26,10,0,40,0,0,25,0,25,4,26,35,0,65,48,0,48,113
01/28/2022,CPR,WY,ANM,WE,Combined TRACON& Tower with Radar,4,27,9,0,40,0,3,40,0,43,4,30,49,0,83,18,0,18,101
01/29/2022,CPR,WY,ANM,WE,Combined TRACON& Tower with Radar,2,19,4,0,25,0,1,22,0,23,2,20,26,0,48,26,0,26,74
01/30/2022,CPR,WY,ANM,WE,Combined TRACON& Tower with Radar,1,10,12,0,23,0,0,18,0,18,1,10,30,0,41,4,0,4,45
01/31/2022,CPR,WY,ANM,WE,Combined TRACON& Tower with Radar,4,16,20,0,40,0,0,10,0,10,4,16,30,0,50,4,0,4,54
02/01/2022,CPR,WY,ANM,WE,Combined TRACON& Tower with Radar,5,23,20,0,48,0,0,15,0,15,5,23,35,0,63,34,0,34,97
02/02/2022,CPR,WY,ANM,WE,Combined TRACON& Tower with Radar,4,27,20,0,51,0,0,5,0,5,4,27,25,0,56,6,0,6,62
02/03/2022,CPR,WY,ANM,WE,Combined TRACON& Tower with Radar,4,31,10,0,45,0,3,32,0,35,4,34,42,0,80,26,0,26,106
02/04/2022,CPR,WY,ANM,WE,Combined TRACON& Tower with Radar,4,21,25,0,50,0,0,14,0,14,4,21,39,0,64,6,0,6,70
02/05/2022,CPR,WY,ANM,WE,Combined TRACON& Tower with Radar,2,19,12,0,33,0,1,19,0,20,2,20,31,0,53,46,0,46,99
02/06/2022,CPR,WY,ANM,WE,Combined TRACON& Tower with Radar,0,12,4,0,16,0,4,21,0,25,0,16,25,0,41,68,0,68,109
02/07/2022,CPR,WY,ANM,WE,Combined TRACON& Tower with Radar,2,17,23,0,42,0,3,24,4,31,2,20,47,4,73,0,10,10,83
02/08/2022,CPR,WY,ANM,WE,Combined TRACON& Tower with Radar,4,27,19,1,51,0,2,37,1,40,4,29,56,2,91,62,22,84,175
02/09/2022,CPR,WY,ANM,WE,Combined TRACON& Tower with Radar,4,29,22,5,60,0,0,24,3,27,4,29,46,8,87,16,6,22,109
02/10/2022,CPR,WY,ANM,WE,Combined TRACON& Tower with Radar,4,24,12,3,43,0,5,19,0,24,4,29,31,3,67,30,0,30,97
02/11/2022,CPR,WY,ANM,WE,Combined TRACON& Tower with Radar,3,27,6,0,36,0,0,0,0,0,3,27,6,0,36,0,0,0,36
02/12/2022,CPR,WY,ANM,WE,Combined TRACON& Tower with Radar,2,19,7,0,28,0,5,13,0,18,2,24,20,0,46,10,0,10,56
02/13/2022,CPR,WY,ANM,WE,Combined TRACON& Tower with Radar,0,11,9,0,20,0,0,24,0,24,0,11,33,0,44,40,0,40,84
02/14/2022,CPR,WY,ANM,WE,Combined TRACON& Tower with Radar,2,17,12,0,31,0,2,35,0,37,2,19,47,0,68,58,0,58,126
02/15/2022,CPR,WY,ANM,WE,Combined TRACON& Tower with Radar,4,26,18,4,52,0,0,37,0,37,4,26,55,4,89,58,0,58,147
02/16/2022,CPR,WY,ANM,WE,Combined TRACON& Tower with Radar,3,20,6,0,29,0,0,6,0,6,3,20,12,0,35,0,0,0,35
02/17/2022,CPR,WY,ANM,WE,Combined TRACON& Tower with Radar,6,23,35,0,64,0,1,38,0,39,6,24,73,0,103,20,0,20,123
02/18/2022,CPR,WY,ANM,WE,Combined TRACON& Tower with Radar,4,23,17,0,44,0,4,40,0,44,4,27,57,0,88,66,0,66,154
02/19/2022,CPR,WY,ANM,WE,Combined TRACON& Tower with Radar,2,16,9,0,27,0,4,16,0,20,2,20,25,0,47,10,0,10,57
02/20/2022,CPR,WY,ANM,WE,Combined TRACON& Tower with Radar,2,16,10,0,28,0,0,9,0,9,2,16,19,0,37,14,0,14,51
02/21/2022,CPR,WY,ANM,WE,Combined TRACON& Tower with Radar,2,16,9,0,27,0,0,0,0,0,2,16,9,0,27,0,0,0,27
02/22/2022,CPR,WY,ANM,WE,Combined TRACON& Tower with Radar,4,29,8,2,43,0,2,8,0,10,4,31,16,2,53,23,2,25,78
02/23/2022,CPR,WY,ANM,WE,Combined TRACON& Tower with Radar,4,27,7,0,38,0,0,0,0,0,4,27,7,0,38,0,0,0,38
02/24/2022,CPR,WY,ANM,WE,Combined TRACON& Tower with Radar,4,24,28,0,56,0,0,35,0,35,4,24,63,0,91,38,0,38,129
02/25/2022,CPR,WY,ANM,WE,Combined TRACON& Tower with Radar,6,24,15,2,47,0,0,38,3,41,6,24,53,5,88,80,6,86,174
02/26/2022,CPR,WY,ANM,WE,Combined TRACON& Tower with Radar,4,22,11,0,37,0,2,13,0,15,4,24,24,0,52,12,0,12,64
02/27/2022,CPR,WY,ANM,WE,Combined TRACON& Tower with Radar,2,18,11,0,31,0,0,8,0,8,2,18,19,0,39,6,0,6,45
02/28/2022,CPR,WY,ANM,WE,Combined TRACON& Tower with Radar,4,14,22,0,40,0,0,36,0,36,4,14,58,0,76,2,0,2,78
03/01/2022,CPR,WY,ANM,WE,Combined TRACON& Tower with Radar,4,23,14,0,41,0,1,31,0,32,4,24,45,0,73,16,0,16,89
03/02/2022,CPR,WY,ANM,WE,Combined TRACON& Tower with Radar,4,21,22,0,47,0,4,26,0,30,4,25,48,0,77,36,0,36,113
03/03/2022,CPR,WY,ANM,WE,Combined TRACON& Tower with Radar,4,32,17,0,53,0,1,40,0,41,4,33,57,0,94,68,0,68,162
03/04/2022,CPR,WY,ANM,WE,Combined TRACON& Tower with Radar,7,29,17,0,53,0,1,28,0,29,7,30,45,0,82,74,0,74,156
03/05/2022,CPR,WY,ANM,WE,Combined TRACON& Tower with Radar,3,24,7,0,34,0,0,0,0,0,3,24,7,0,34,0,0,0,34
03/06/2022,CPR,WY,ANM,WE,Combined TRACON& Tower with Radar,0,16,11,0,27,0,0,0,0,0,0,16,11,0,27,0,0,0,27
03/07/2022,CPR,WY,ANM,WE,Combined TRACON& Tower with Radar,4,15,22,0,41,0,1,44,0,45,4,16,66,0,86,79,0,79,165
03/08/2022,CPR,WY,ANM,WE,Combined TRACON& Tower with Radar,5,23,14,0,42,0,0,0,0,0,5,23,14,0,42,0,0,0,42
03/09/2022,CPR,WY,ANM,WE,Combined TRACON& Tower with Radar,6,24,8,0,38,0,0,2,0,2,6,24,10,0,40,0,0,0,40
03/10/2022,CPR,WY,ANM,WE,Combined TRACON& Tower with Radar,6,24,23,0,53,0,0,35,0,35,6,24,58,0,88,64,0,64,152
03/11/2022,CPR,WY,ANM,WE,Combined TRACON& Tower with Radar,6,18,26,4,54,0,3,30,0,33,6,21,56,4,87,38,0,38,125
03/12/2022,CPR,WY,ANM,WE,Combined TRACON& Tower with Radar,4,21,12,0,37,0,1,7,0,8,4,22,19,0,45,0,0,0,45
03/13/2022,CPR,WY,ANM,WE,Combined TRACON& Tower with Radar,2,12,13,0,27,0,1,15,0,16,2,13,28,0,43,48,0,48,91
03/14/2022,CPR,WY,ANM,WE,Combined TRACON& Tower with Radar,4,18,18,2,42,0,0,31,0,31,4,18,49,2,73,22,0,22,95
03/15/2022,CPR,WY,ANM,WE,Combined TRACON& Tower with Radar,5,19,10,4,38,0,1,23,0,24,5,20,33,4,62,0,0,0,62
03/16/2022,CPR,WY,ANM,WE,Combined TRACON& Tower with Radar,6,30,29,0,65,0,3,31,0,34,6,33,60,0,99,91,0,91,190
03/17/2022,CPR,WY,ANM,WE,Combined TRACON& Tower with Radar,6,27,17,6,56,0,0,36,0,36,6,27,53,6,92,61,10,71,163
03/18/2022,CPR,WY,ANM,WE,Combined TRACON& Tower with Radar,5,21,15,5,46,0,0,39,0,39,5,21,54,5,85,52,0,52,137
03/19/2022,CPR,WY,ANM,WE,Combined TRACON& Tower with Radar,4,14,11,2,31,0,2,46,0,48,4,16,57,2,79,42,0,42,121
03/20/2022,CPR,WY,ANM,WE,Combined TRACON& Tower with Radar,2,17,12,0,31,0,2,17,0,19,2,19,29,0,50,38,0,38,88
03/21/2022,CPR,WY,ANM,WE,Combined TRACON& Tower with Radar,4,20,16,2,42,1,2,30,0,33,5,22,46,2,75,64,0,64,139
03/22/2022,CPR,WY,ANM,WE,Combined TRACON& Tower with Radar,6,26,15,1,48,0,0,8,1,9,6,26,23,2,57,28,0,28,85
03/23/2022,CPR,WY,ANM,WE,Combined TRACON& Tower with Radar,6,24,24,0,54,0,3,53,0,56,6,27,77,0,110,60,0,60,170
03/24/2022,CPR,WY,ANM,WE,Combined TRACON& Tower with Radar,5,18,19,0,42,0,0,40,0,40,5,18,59,0,82,40,6,46,128
03/25/2022,CPR,WY,ANM,WE,Combined TRACON& Tower with Radar,7,25,13,0,45,0,0,57,0,57,7,25,70,0,102,88,0,88,190
03/26/2022,CPR,WY,ANM,WE,Combined TRACON& Tower with Radar,4,14,9,2,29,0,1,39,0,40,4,15,48,2,69,78,0,78,147
03/27/2022,CPR,WY,ANM,WE,Combined TRACON& Tower with Radar,1,12,13,0,26,0,3,22,0,25,1,15,35,0,51,4,0,4,55
03/28/2022,CPR,WY,ANM,WE,Combined TRACON& Tower with Radar,2,13,14,0,29,0,0,22,0,22,2,13,36,0,51,14,0,14,65
03/29/2022,CPR,WY,ANM,WE,Combined TRACON& Tower with Radar,4,22,21,0,47,0,0,0,0,0,4,22,21,0,47,0,0,0,47
03/30/2022,CPR,WY,ANM,WE,Combined TRACON& Tower with Radar,4,25,27,2,58,0,0,45,0,45,4,25,72,2,103,70,0,70,173
03/31/2022,CPR,WY,ANM,WE,Combined TRACON& Tower with Radar,4,23,14,0,41,0,1,24,0,25,4,24,38,0,66,36,0,36,102
04/01/2022,CPR,WY,ANM,WE,Combined TRACON& Tower with Radar,5,25,14,0,44,0,0,27,0,27,5,25,41,0,71,54,0,54,125
04/02/2022,CPR,WY,ANM,WE,Combined TRACON& Tower with Radar,5,12,15,0,32,0,0,29,0,29,5,12,44,0,61,60,0,60,121
04/03/2022,CPR,WY,ANM,WE,Combined TRACON& Tower with Radar,0,14,6,0,20,0,4,32,0,36,0,18,38,0,56,40,0,40,96
04/04/2022,CPR,WY,ANM,WE,Combined TRACON& Tower with Radar,2,12,7,0,21,0,2,13,0,15,2,14,20,0,36,14,0,14,50
04/05/2022,CPR,WY,ANM,WE,Combined TRACON& Tower with Radar,4,21,8,0,33,0,0,1,0,1,4,21,9,0,34,0,0,0,34
04/06/2022,CPR,WY,ANM,WE,Combined TRACON& Tower with Radar,3,25,14,0,42,0,0,8,0,8,3,25,22,0,50,12,0,12,62
04/07/2022,CPR,WY,ANM,WE,Combined TRACON& Tower with Radar,4,25,28,2,59,0,2,47,0,49,4,27,75,2,108,46,4,50,158
04/08/2022,CPR,WY,ANM,WE,Combined TRACON& Tower with Radar,5,24,14,0,43,0,1,52,0,53,5,25,66,0,96,56,0,56,152
04/09/2022,CPR,WY,ANM,WE,Combined TRACON& Tower with Radar,3,17,12,0,32,0,0,18,0,18,3,17,30,0,50,34,0,34,84
04/10/2022,CPR,WY,ANM,WE,Combined TRACON& Tower with Radar,0,10,5,0,15,0,2,8,0,10,0,12,13,0,25,2,0,2,27
04/11/2022,CPR,WY,ANM,WE,Combined TRACON& Tower with Radar,2,21,18,0,41,0,4,34,0,38,2,25,52,0,79,49,0,49,128
04/12/2022,CPR,WY,ANM,WE,Combined TRACON& Tower with Radar,3,25,10,0,38,0,0,3,0,3,3,25,13,0,41,4,0,4,45
04/13/2022,CPR,WY,ANM,WE,Combined TRACON& Tower with Radar,5,43,24,0,72,0,11,17,0,28,5,54,41,0,100,8,0,8,108
04/14/2022,CPR,WY,ANM,WE,Combined TRACON& Tower with Radar,4,34,26,0,64,0,4,37,0,41,4,38,63,0,105,54,0,54,159
04/15/2022,CPR,WY,ANM,WE,Combined TRACON& Tower with Radar,5,34,10,0,49,0,0,10,0,10,5,34,20,0,59,28,0,28,87
04/16/2022,CPR,WY,ANM,WE,Combined TRACON& Tower with Radar,3,24,11,0,38,0,0,24,2,26,3,24,35,2,64,10,0,10,74
04/17/2022,CPR,WY,ANM,WE,Combined TRACON& Tower with Radar,0,10,7,0,17,0,1,10,0,11,0,11,17,0,28,20,0,20,48
04/18/2022,CPR,WY,ANM,WE,Combined TRACON& Tower with Radar,2,21,24,0,47,0,2,45,0,47,2,23,69,0,94,20,0,20,114
04/19/2022,CPR,WY,ANM,WE,Combined TRACON& Tower with Radar,4,32,14,0,50,0,0,30,0,30,4,32,44,0,80,44,0,44,124
04/20/2022,CPR,WY,ANM,WE,Combined TRACON& Tower with Radar,4,28,21,0,53,0,2,39,0,41,4,30,60,0,94,26,0,26,120
04/21/2022,CPR,WY,ANM,WE,Combined TRACON& Tower with Radar,4,30,21,8,63,0,3,24,0,27,4,33,45,8,90,12,0,12,102
04/22/2022,CPR,WY,ANM,WE,Combined TRACON& Tower with Radar,4,20,20,0,44,0,1,25,0,26,4,21,45,0,70,6,0,6,76
04/23/2022,CPR,WY,ANM,WE,Combined TRACON& Tower with Radar,3,13,4,0,20,0,0,0,0,0,3,13,4,0,20,0,0,0,20
04/24/2022,CPR,WY,ANM,WE,Combined TRACON& Tower with Radar,0,11,9,0,20,0,0,13,0,13,0,11,22,0,33,28,0,28,61
04/25/2022,CPR,WY,ANM,WE,Combined TRACON& Tower with Radar,2,23,25,0,50,0,1,62,0,63,2,24,87,0,113,104,0,104,217
04/26/2022,CPR,WY,ANM,WE,Combined TRACON& Tower with Radar,4,22,15,0,41,0,2,45,0,47,4,24,60,0,88,40,0,40,128
04/27/2022,CPR,WY,ANM,WE,Combined TRACON& Tower with Radar,3,31,37,0,71,0,0,60,0,60,3,31,97,0,131,46,0,46,177
04/28/2022,CPR,WY,ANM,WE,Combined TRACON& Tower with Radar,4,29,24,0,57,0,0,24,0,24,4,29,48,0,81,6,0,6,87
04/29/2022,CPR,WY,ANM,WE,Combined TRACON& Tower with Radar,5,20,12,0,37,0,0,1,0,1,5,20,13,0,38,0,0,0,38
04/30/2022,CPR,WY,ANM,WE,Combined TRACON& Tower with Radar,3,15,9,0,27,0,1,45,0,46,3,16,54,0,73,28,0,28,101
05/01/2022,CPR,WY,ANM,WE,Combined TRACON& Tower with Radar,0,14,10,0,24,0,4,13,0,17,0,18,23,0,41,12,0,12,53
05/02/2022,CPR,WY,ANM,WE,Combined TRACON& Tower with Radar,2,23,25,0,50,0,1,19,0,20,2,24,44,0,70,40,0,40,110
05/03/2022,CPR,WY,ANM,WE,Combined TRACON& Tower with Radar,3,22,11,0,36,0,2,15,0,17,3,24,26,0,53,36,0,36,89
05/04/2022,CPR,WY,ANM,WE,Combined TRACON& Tower with Radar,4,34,7,0,45,0,0,1,0,1,4,34,8,0,46,0,0,0,46
05/05/2022,CPR,WY,ANM,WE,Combined TRACON& Tower with Radar,5,35,29,0,69,2,2,69,0,73,7,37,98,0,142,58,0,58,200
05/06/2022,CPR,WY,ANM,WE,Combined TRACON& Tower with Radar,7,17,14,4,42,0,0,18,0,18,7,17,32,4,60,18,0,18,78
05/07/2022,CPR,WY,ANM,WE,Combined TRACON& Tower with Radar,6,10,11,0,27,0,0,17,0,17,6,10,28,0,44,4,0,4,48
05/08/2022,CPR,WY,ANM,WE,Combined TRACON& Tower with Radar,3,4,3,0,10,0,1,16,0,17,3,5,19,0,27,12,0,12,39
05/09/2022,CPR,WY,ANM,WE,Combined TRACON& Tower with Radar,6,7,14,0,27,0,0,7,1,8,6,7,21,1,35,0,0,0,35
05/10/2022,CPR,WY,ANM,WE,Combined TRACON& Tower with Radar,8,26,17,0,51,0,4,37,0,41,8,30,54,0,92,86,0,86,178
05/11/2022,CPR,WY,ANM,WE,Combined TRACON& Tower with Radar,7,23,24,0,54,0,1,38,0,39,7,24,62,0,93,30,0,30,123
05/12/2022,CPR,WY,ANM,WE,Combined TRACON& Tower with Radar,7,18,17,0,42,0,2,2,0,4,7,20,19,0,46,1,0,1,47
05/13/2022,CPR,WY,ANM,WE,Combined TRACON& Tower with Radar,8,21,5,0,34,0,4,18,5,27,8,25,23,5,61,0,20,20,81
05/14/2022,CPR,WY,ANM,WE,Combined TRACON& Tower with Radar,6,15,8,0,29,0,0,26,0,26,6,15,34,0,55,6,0,6,61
05/15/2022,CPR,WY,ANM,WE,Combined TRACON& Tower with Radar,4,4,13,0,21,0,4,41,0,45,4,8,54,0,66,18,0,18,84
05/16/2022,CPR,WY,ANM,WE,Combined TRACON& Tower with Radar,6,11,17,0,34,0,2,33,0,35,6,13,50,0,69,10,0,10,79
05/17/2022,CPR,WY,ANM,WE,Combined TRACON& Tower with Radar,8,19,12,0,39,0,1,36,0,37,8,20,48,0,76,50,0,50,126
05/18/2022,CPR,WY,ANM,WE,Combined TRACON& Tower with Radar,8,19,20,0,47,0,2,53,0,55,8,21,73,0,102,46,0,46,148
05/19/2022,CPR,WY,ANM,WE,Combined TRACON& Tower with Radar,5,27,14,10,56,0,0,6,0,6,5,27,20,10,62,0,0,0,62
05/20/2022,CPR,WY,ANM,WE,Combined TRACON& Tower with Radar,8,18,11,0,37,0,0,0,0,0,8,18,11,0,37,0,0,0,37
05/21/2022,CPR,WY,ANM,WE,Combined TRACON& Tower with Radar,5,14,6,0,25,0,0,44,0,44,5,14,50,0,69,88,0,88,157
05/22/2022,CPR,WY,ANM,WE,Combined TRACON& Tower with Radar,4,16,7,0,27,0,2,24,0,26,4,18,31,0,53,12,0,12,65
05/23/2022,CPR,WY,ANM,WE,Combined TRACON& Tower with Radar,6,12,15,2,35,0,0,23,0,23,6,12,38,2,58,8,0,8,66
05/24/2022,CPR,WY,ANM,WE,Combined TRACON& Tower with Radar,8,19,12,0,39,0,2,26,0,28,8,21,38,0,67,22,0,22,89
05/25/2022,CPR,WY,ANM,WE,Combined TRACON& Tower with Radar,8,28,23,0,59,0,4,28,0,32,8,32,51,0,91,24,0,24,115
05/26/2022,CPR,WY,ANM,WE,Combined TRACON& Tower with Radar,8,20,17,0,45,0,0,41,0,41,8,20,58,0,86,66,0,66,152
05/27/2022,CPR,WY,ANM,WE,Combined TRACON& Tower with Radar,7,20,13,8,48,0,2,27,0,29,7,22,40,8,77,2,0,2,79
05/28/2022,CPR,WY,ANM,WE,Combined TRACON& Tower with Radar,6,21,26,3,56,0,1,23,0,24,6,22,49,3,80,16,0,16,96
05/29/2022,CPR,WY,ANM,WE,Combined TRACON& Tower with Radar,2,7,1,0,10,0,2,11,0,13,2,9,12,0,23,28,0,28,51
05/30/2022,CPR,WY,ANM,WE,Combined TRACON& Tower with Radar,4,12,9,0,25,0,0,0,0,0,4,12,9,0,25,0,0,0,25
05/31/2022,CPR,WY,ANM,WE,Combined TRACON& Tower with Radar,6,26,6,4,42,0,0,4,0,4,6,26,10,4,46,4,0,4,50
06/01/2022,CPR,WY,ANM,WE,Combined TRACON& Tower with Radar,7,15,21,2,45,0,3,49,1,53,7,18,70,3,98,32,0,32,130
06/02/2022,CPR,WY,ANM,WE,Combined TRACON& Tower with Radar,7,24,11,2,44,0,3,36,1,40,7,27,47,3,84,42,0,42,126
06/03/2022,CPR,WY,ANM,WE,Combined TRACON& Tower with Radar,5,24,13,2,44,0,2,40,0,42,5,26,53,2,86,44,0,44,130
06/04/2022,CPR,WY,ANM,WE,Combined TRACON& Tower with Radar,2,19,22,11,54,0,1,76,0,77,2,20,98,11,131,42,0,42,173
06/05/2022,CPR,WY,ANM,WE,Combined TRACON& Tower with Radar,0,17,12,2,31,0,3,25,0,28,0,20,37,2,59,4,0,4,63
06/06/2022,CPR,WY,ANM,WE,Combined TRACON& Tower with Radar,4,16,15,0,35,0,3,36,0,39,4,19,51,0,74,54,0,54,128
06/07/2022,CPR,WY,ANM,WE,Combined TRACON& Tower with Radar,6,28,20,0,54,0,1,38,0,39,6,29,58,0,93,0,0,0,93
06/08/2022,CPR,WY,ANM,WE,Combined TRACON& Tower with Radar,4,27,16,6,53,0,2,55,6,63,4,29,71,12,116,30,20,50,166
06/09/2022,CPR,WY,ANM,WE,Combined TRACON& Tower with Radar,6,34,18,0,58,0,1,60,1,62,6,35,78,1,120,54,1,55,175
06/10/2022,CPR,WY,ANM,WE,Combined TRACON& Tower with Radar,3,22,22,5,52,0,1,51,7,59,3,23,73,12,111,40,12,52,163
06/11/2022,CPR,WY,ANM,WE,Combined TRACON& Tower with Radar,3,22,14,0,39,0,1,198,0,199,3,23,212,0,238,2,0,2,240
06/12/2022,CPR,WY,ANM,WE,Combined TRACON& Tower with Radar,0,9,19,5,33,0,0,27,2,29,0,9,46,7,62,18,2,20,82
06/13/2022,CPR,WY,ANM,WE,Combined TRACON& Tower with Radar,5,18,16,0,39,0,1,25,0,26,5,19,41,0,65,48,0,48,113
06/14/2022,CPR,WY,ANM,WE,Combined TRACON& Tower with Radar,6,25,18,2,51,0,2,21,0,23,6,27,39,2,74,20,2,22,96
06/15/2022,CPR,WY,ANM,WE,Combined TRACON& Tower with Radar,4,22,4,0,30,0,1,21,0,22,4,23,25,0,52,22,0,22,74
06/16/2022,CPR,WY,ANM,WE,Combined TRACON& Tower with Radar,5,22,34,0,61,0,6,50,0,56,5,28,84,0,117,50,0,50,167
06/17/2022,CPR,WY,ANM,WE,Combined TRACON& Tower with Radar,5,25,17,2,49,0,1,22,0,23,5,26,39,2,72,20,0,20,92
06/18/2022,CPR,WY,ANM,WE,Combined TRACON& Tower with Radar,0,20,6,0,26,0,0,18,0,18,0,20,24,0,44,18,0,18,62
06/19/2022,CPR,WY,ANM,WE,Combined TRACON& Tower with Radar,0,13,15,0,28,0,2,15,0,17,0,15,30,0,45,0,0,0,45
06/20/2022,CPR,WY,ANM,WE,Combined TRACON& Tower with Radar,4,20,17,0,41,0,2,22,0,24,4,22,39,0,65,0,0,0,65
06/21/2022,CPR,WY,ANM,WE,Combined TRACON& Tower with Radar,5,29,17,0,51,0,1,72,0,73,5,30,89,0,124,82,0,82,206
06/22/2022,CPR,WY,ANM,WE,Combined TRACON& Tower with Radar,4,24,21,0,49,0,1,40,1,42,4,25,61,1,91,78,0,78,169
06/23/2022,CPR,WY,ANM,WE,Combined TRACON& Tower with Radar,6,20,27,1,54,0,5,49,3,57,6,25,76,4,111,34,2,36,147
06/24/2022,CPR,WY,ANM,WE,Combined TRACON& Tower with Radar,5,20,7,8,40,0,1,28,0,29,5,21,35,8,69,16,0,16,85
06/25/2022,CPR,WY,ANM,WE,Combined TRACON& Tower with Radar,3,24,15,2,44,0,0,28,0,28,3,24,43,2,72,66,0,66,138
06/26/2022,CPR,WY,ANM,WE,Combined TRACON& Tower with Radar,2,11,19,0,32,0,5,34,1,40,2,16,53,1,72,12,0,12,84
06/27/2022,CPR,WY,ANM,WE,Combined TRACON& Tower with Radar,4,19,15,0,38,0,5,50,0,55,4,24,65,0,93,58,0,58,151
06/28/2022,CPR,WY,ANM,WE,Combined TRACON& Tower with Radar,6,21,28,6,61,0,7,44,1,52,6,28,72,7,113,24,0,24,137
06/29/2022,CPR,WY,ANM,WE,Combined TRACON& Tower with Radar,5,23,12,0,40,0,3,25,0,28,5,26,37,0,68,18,0,18,86
06/30/2022,CPR,WY,ANM,WE,Combined TRACON& Tower with Radar,3,24,22,2,51,0,1,40,0,41,3,25,62,2,92,38,0,38,130
07/01/2022,CPR,WY,ANM,WE,Combined TRACON& Tower with Radar,6,25,11,0,42,0,5,43,0,48,6,30,54,0,90,44,0,44,134
07/02/2022,CPR,WY,ANM,WE,Combined TRACON& Tower with Radar,4,19,14,0,37,0,7,41,0,48,4,26,55,0,85,60,0,60,145
07/03/2022,CPR,WY,ANM,WE,Combined TRACON& Tower with Radar,2,9,0,0,11,0,0,26,0,26,2,9,26,0,37,30,0,30,67
07/04/2022,CPR,WY,ANM,WE,Combined TRACON& Tower with Radar,2,8,7,0,17,0,2,19,0,21,2,10,26,0,38,6,0,6,44
07/05/2022,CPR,WY,ANM,WE,Combined TRACON& Tower with Radar,4,25,18,2,49,0,3,41,3,47,4,28,59,5,96,26,0,26,122
07/06/2022,CPR,WY,ANM,WE,Combined TRACON& Tower with Radar,8,25,22,0,55,0,6,27,2,35,8,31,49,2,90,16,0,16,106
07/07/2022,CPR,WY,ANM,WE,Combined TRACON& Tower with Radar,5,31,8,2,46,0,12,43,0,55,5,43,51,2,101,22,0,22,123
07/08/2022,CPR,WY,ANM,WE,Combined TRACON& Tower with Radar,5,20,24,0,49,0,11,57,0,68,5,31,81,0,117,20,0,20,137
07/09/2022,CPR,WY,ANM,WE,Combined TRACON& Tower with Radar,4,21,16,0,41,0,29,50,0,79,4,50,66,0,120,14,0,14,134
07/10/2022,CPR,WY,ANM,WE,Combined TRACON& Tower with Radar,3,13,17,0,33,0,14,33,0,47,3,27,50,0,80,18,0,18,98
07/11/2022,CPR,WY,ANM,WE,Combined TRACON& Tower with Radar,4,26,25,3,58,0,8,42,8,58,4,34,67,11,116,20,18,38,154
07/12/2022,CPR,WY,ANM,WE,Combined TRACON& Tower with Radar,5,22,25,7,59,0,3,55,2,60,5,25,80,9,119,62,4,66,185
07/13/2022,CPR,WY,ANM,WE,Combined TRACON& Tower with Radar,5,22,22,1,50,0,0,25,0,25,5,22,47,1,75,18,0,18,93
07/14/2022,CPR,WY,ANM,WE,Combined TRACON& Tower with Radar,6,20,17,1,44,0,6,41,4,51,6,26,58,5,95,42,0,42,137
07/15/2022,CPR,WY,ANM,WE,Combined TRACON& Tower with Radar,4,20,14,0,38,0,7,28,4,39,4,27,42,4,77,12,0,12,89
07/16/2022,CPR,WY,ANM,WE,Combined TRACON& Tower with Radar,4,16,6,0,26,0,9,42,0,51,4,25,48,0,77,36,0,36,113
07/17/2022,CPR,WY,ANM,WE,Combined TRACON& Tower with Radar,2,10,11,0,23,0,4,29,0,33,2,14,40,0,56,16,0,16,72
07/18/2022,CPR,WY,ANM,WE,Combined TRACON& Tower with Radar,4,21,19,2,46,0,1,22,0,23,4,22,41,2,69,2,0,2,71
07/19/2022,CPR,WY,ANM,WE,Combined TRACON& Tower with Radar,6,29,12,0,47,0,0,38,0,38,6,29,50,0,85,38,0,38,123
07/20/2022,CPR,WY,ANM,WE,Combined TRACON& Tower with Radar,6,19,16,0,41,0,52,44,0,96,6,71,60,0,137,74,0,74,211
07/21/2022,CPR,WY,ANM,WE,Combined TRACON& Tower with Radar,8,23,27,0,58,0,6,37,1,44,8,29,64,1,102,32,0,32,134
07/22/2022,CPR,WY,ANM,WE,Combined TRACON& Tower with Radar,5,21,8,0,34,0,16,44,2,62,5,37,52,2,96,15,0,15,111
07/23/2022,CPR,WY,ANM,WE,Combined TRACON& Tower with Radar,6,23,7,1,37,0,12,27,0,39,6,35,34,1,76,24,0,24,100
07/24/2022,CPR,WY,ANM,WE,Combined TRACON& Tower with Radar,0,10,11,1,22,0,6,42,2,50,0,16,53,3,72,20,0,20,92
07/25/2022,CPR,WY,ANM,WE,Combined TRACON& Tower with Radar,3,18,13,2,36,0,32,32,4,68,3,50,45,6,104,20,0,20,124
07/26/2022,CPR,WY,ANM,WE,Combined TRACON& Tower with Radar,6,23,23,4,56,0,9,39,2,50,6,32,62,6,106,22,0,22,128
07/27/2022,CPR,WY,ANM,WE,Combined TRACON& Tower with Radar,6,26,17,2,51,0,8,37,2,47,6,34,54,4,98,24,0,24,122
07/28/2022,CPR,WY,ANM,WE,Combined TRACON& Tower with Radar,6,24,12,1,43,0,3,42,1,46,6,27,54,2,89,30,0,30,119
07/29/2022,CPR,WY,ANM,WE,Combined TRACON& Tower with Radar,5,24,21,0,50,0,3,52,0,55,5,27,73,0,105,44,0,44,149
07/30/2022,CPR,WY,ANM,WE,Combined TRACON& Tower with Radar,4,17,14,2,37,0,16,46,2,64,4,33,60,4,101,22,0,22,123
07/31/2022,CPR,WY,ANM,WE,Combined TRACON& Tower with Radar,5,9,11,1,26,4,13,34,4,55,9,22,45,5,81,16,0,16,97
08/01/2022,CPR,WY,ANM,WE,Combined TRACON& Tower with Radar,5,19,12,4,40,1,20,49,4,74,6,39,61,8,114,38,0,38,152
08/02/2022,CPR,WY,ANM,WE,Combined TRACON& Tower with Radar,5,20,15,1,41,0,6,23,0,29,5,26,38,1,70,10,0,10,80
08/03/2022,CPR,WY,ANM,WE,Combined TRACON& Tower with Radar,4,22,17,0,43,0,3,53,1,57,4,25,70,1,100,42,0,42,142
08/04/2022,CPR,WY,ANM,WE,Combined TRACON& Tower with Radar,5,23,18,0,46,0,0,40,0,40,5,23,58,0,86,74,0,74,160
08/05/2022,CPR,WY,ANM,WE,Combined TRACON& Tower with Radar,5,16,12,0,33,0,5,28,1,34,5,21,40,1,67,22,0,22,89
08/06/2022,CPR,WY,ANM,WE,Combined TRACON& Tower with Radar,3,22,17,1,43,0,1,28,0,29,3,23,45,1,72,16,0,16,88
08/07/2022,CPR,WY,ANM,WE,Combined TRACON& Tower with Radar,1,18,18,0,37,0,4,22,0,26,1,22,40,0,63,0,0,0,63
08/08/2022,CPR,WY,ANM,WE,Combined TRACON& Tower with Radar,4,21,26,0,51,0,0,43,0,43,4,21,69,0,94,66,0,66,160
08/09/2022,CPR,WY,ANM,WE,Combined TRACON& Tower with Radar,6,22,18,0,46,0,4,46,0,50,6,26,64,0,96,40,0,40,136
08/10/2022,CPR,WY,ANM,WE,Combined TRACON& Tower with Radar,5,28,18,0,51,0,3,41,0,44,5,31,59,0,95,52,0,52,147
08/11/2022,CPR,WY,ANM,WE,Combined TRACON& Tower with Radar,6,25,18,0,49,0,6,32,0,38,6,31,50,0,87,34,0,34,121
08/12/2022,CPR,WY,ANM,WE,Combined TRACON& Tower with Radar,4,20,16,0,40,0,6,41,0,47,4,26,57,0,87,70,0,70,157
08/13/2022,CPR,WY,ANM,WE,Combined TRACON& Tower with Radar,3,17,5,0,25,0,5,42,0,47,3,22,47,0,72,70,0,70,142
08/14/2022,CPR,WY,ANM,WE,Combined TRACON& Tower with Radar,2,12,8,0,22,0,2,25,0,27,2,14,33,0,49,36,0,36,85
08/15/2022,CPR,WY,ANM,WE,Combined TRACON& Tower with Radar,5,13,21,14,53,0,2,41,0,43,5,15,62,14,96,70,0,70,166
08/16/2022,CPR,WY,ANM,WE,Combined TRACON& Tower with Radar,5,20,13,2,40,0,0,36,3,39,5,20,49,5,79,44,12,56,135
08/17/2022,CPR,WY,ANM,WE,Combined TRACON& Tower with Radar,6,25,23,3,57,0,6,32,2,40,6,31,55,5,97,84,0,84,181
08/18/2022,CPR,WY,ANM,WE,Combined TRACON& Tower with Radar,5,20,13,0,38,0,6,41,0,47,5,26,54,0,85,36,0,36,121
08/19/2022,CPR,WY,ANM,WE,Combined TRACON& Tower with Radar,5,21,12,0,38,0,1,25,0,26,5,22,37,0,64,16,0,16,80
08/20/2022,CPR,WY,ANM,WE,Combined TRACON& Tower with Radar,4,20,6,2,32,0,4,33,0,37,4,24,39,2,69,10,0,10,79
08/21/2022,CPR,WY,ANM,WE,Combined TRACON& Tower with Radar,1,19,18,0,38,0,10,24,0,34,1,29,42,0,72,2,0,2,74
08/22/2022,CPR,WY,ANM,WE,Combined TRACON& Tower with Radar,4,13,27,0,44,0,0,26,0,26,4,13,53,0,70,14,0,14,84
08/23/2022,CPR,WY,ANM,WE,Combined TRACON& Tower with Radar,6,21,20,0,47,0,3,32,0,35,6,24,52,0,82,52,0,52,134
08/24/2022,CPR,WY,ANM,WE,Combined TRACON& Tower with Radar,4,24,18,0,46,0,9,33,0,42,4,33,51,0,88,46,0,46,134
08/25/2022,CPR,WY,ANM,WE,Combined TRACON& Tower with Radar,5,26,30,0,61,0,7,34,2,43,5,33,64,2,104,28,0,28,132
08/26/2022,CPR,WY,ANM,WE,Combined TRACON& Tower with Radar,5,25,17,0,47,0,0,49,0,49,5,25,66,0,96,28,0,28,124
08/27/2022,CPR,WY,ANM,WE,Combined TRACON& Tower with Radar,4,12,8,0,24,0,1,37,0,38,4,13,45,0,62,0,0,0,62
08/28/2022,CPR,WY,ANM,WE,Combined TRACON& Tower with Radar,2,9,7,0,18,0,7,24,0,31,2,16,31,0,49,12,0,12,61
08/29/2022,CPR,WY,ANM,WE,Combined TRACON& Tower with Radar,4,16,21,0,41,0,3,58,0,61,4,19,79,0,102,52,0,52,154
08/30/2022,CPR,WY,ANM,WE,Combined TRACON& Tower with Radar,4,20,10,1,35,0,0,36,0,36,4,20,46,1,71,62,0,62,133
08/31/2022,CPR,WY,ANM,WE,Combined TRACON& Tower with Radar,5,22,27,1,55,0,23,57,0,80,5,45,84,1,135,34,0,34,169
09/01/2022,CPR,WY,ANM,WE,Combined TRACON& Tower with Radar,5,27,15,1,48,0,9,29,3,41,5,36,44,4,89,28,16,44,133
09/02/2022,CPR,WY,ANM,WE,Combined TRACON& Tower with Radar,5,27,15,0,47,0,6,40,1,47,5,33,55,1,94,48,0,48,142
09/03/2022,CPR,WY,ANM,WE,Combined TRACON& Tower with Radar,4,18,5,0,27,0,2,24,0,26,4,20,29,0,53,36,0,36,89
09/04/2022,CPR,WY,ANM,WE,Combined TRACON& Tower with Radar,2,9,8,0,19,0,3,19,0,22,2,12,27,0,41,6,0,6,47
09/05/2022,CPR,WY,ANM,WE,Combined TRACON& Tower with Radar,2,11,11,0,24,0,1,23,2,26,2,12,34,2,50,36,0,36,86
09/06/2022,CPR,WY,ANM,WE,Combined TRACON& Tower with Radar,3,28,14,0,45,0,10,36,1,47,3,38,50,1,92,66,0,66,158
09/07/2022,CPR,WY,ANM,WE,Combined TRACON& Tower with Radar,5,27,27,0,59,0,18,43,0,61,5,45,70,0,120,38,0,38,158
09/08/2022,CPR,WY,ANM,WE,Combined TRACON& Tower with Radar,4,31,11,4,50,0,6,29,0,35,4,37,40,4,85,38,6,44,129
09/09/2022,CPR,WY,ANM,WE,Combined TRACON& Tower with Radar,3,22,30,0,55,0,1,3,0,4,3,23,33,0,59,5,0,5,64
09/10/2022,CPR,WY,ANM,WE,Combined TRACON& Tower with Radar,2,19,8,0,29,0,1,33,0,34,2,20,41,0,63,42,0,42,105
09/11/2022,CPR,WY,ANM,WE,Combined TRACON& Tower with Radar,0,18,14,0,32,0,2,50,0,52,0,20,64,0,84,2,0,2,86
09/12/2022,CPR,WY,ANM,WE,Combined TRACON& Tower with Radar,2,20,23,0,45,0,4,46,0,50,2,24,69,0,95,72,0,72,167
09/13/2022,CPR,WY,ANM,WE,Combined TRACON& Tower with Radar,4,27,24,0,55,0,4,44,0,48,4,31,68,0,103,60,0,60,163
09/14/2022,CPR,WY,ANM,WE,Combined TRACON& Tower with Radar,5,32,17,0,54,0,6,47,0,53,5,38,64,0,107,50,0,50,157
09/15/2022,CPR,WY,ANM,WE,Combined TRACON& Tower with Radar,4,29,21,2,56,0,0,2,0,2,4,29,23,2,58,0,0,0,58
09/16/2022,CPR,WY,ANM,WE,Combined TRACON& Tower with Radar,3,29,9,0,41,0,1,21,0,22,3,30,30,0,63,8,0,8,71
09/17/2022,CPR,WY,ANM,WE,Combined TRACON& Tower with Radar,2,21,8,0,31,0,5,32,0,37,2,26,40,0,68,18,0,18,86
09/18/2022,CPR,WY,ANM,WE,Combined TRACON& Tower with Radar,0,20,20,0,40,0,2,29,0,31,0,22,49,0,71,4,0,4,75
09/19/2022,CPR,WY,ANM,WE,Combined TRACON& Tower with Radar,2,25,17,6,50,0,7,40,4,51,2,32,57,10,101,14,12,26,127
09/20/2022,CPR,WY,ANM,WE,Combined TRACON& Tower with Radar,4,33,17,4,58,0,1,42,10,53,4,34,59,14,111,42,20,62,173
09/21/2022,CPR,WY,ANM,WE,Combined TRACON& Tower with Radar,3,41,22,0,66,0,3,19,0,22,3,44,41,0,88,4,0,4,92
09/22/2022,CPR,WY,ANM,WE,Combined TRACON& Tower with Radar,4,35,15,0,54,0,1,19,0,20,4,36,34,0,74,30,0,30,104
09/23/2022,CPR,WY,ANM,WE,Combined TRACON& Tower with Radar,3,33,23,6,65,0,0,18,4,22,3,33,41,10,87,0,0,0,87
09/24/2022,CPR,WY,ANM,WE,Combined TRACON& Tower with Radar,2,19,11,4,36,0,7,33,1,41,2,26,44,5,77,32,0,32,109
09/25/2022,CPR,WY,ANM,WE,Combined TRACON& Tower with Radar,0,22,19,0,41,0,2,34,1,37,0,24,53,1,78,6,0,6,84
09/26/2022,CPR,WY,ANM,WE,Combined TRACON& Tower with Radar,2,25,12,0,39,0,1,46,0,47,2,26,58,0,86,62,0,62,148
09/27/2022,CPR,WY,ANM,WE,Combined TRACON& Tower with Radar,3,28,14,0,45,0,1,50,0,51,3,29,64,0,96,20,8,28,124
09/28/2022,CPR,WY,ANM,WE,Combined TRACON& Tower with Radar,4,25,20,0,49,0,1,54,0,55,4,26,74,0,104,40,0,40,144
09/29/2022,CPR,WY,ANM,WE,Combined TRACON& Tower with Radar,3,26,8,5,42,0,0,27,3,30,3,26,35,8,72,38,10,48,120
09/30/2022,CPR,WY,ANM,WE,Combined TRACON& Tower with Radar,5,20,14,0,39,0,2,26,0,28,5,22,40,0,67,66,0,66,133
10/01/2022,CPR,WY,ANM,WE,Combined TRACON& Tower with Radar,9,13,8,0,30,0,1,7,0,8,9,14,15,0,38,12,0,12,50
10/02/2022,CPR,WY,ANM,WE,Combined TRACON& Tower with Radar,6,8,18,0,32,0,0,14,0,14,6,8,32,0,46,12,0,12,58
10/03/2022,CPR,WY,ANM,WE,Combined TRACON& Tower with Radar,8,17,10,0,35,0,1,23,1,25,8,18,33,1,60,8,0,8,68
10/04/2022,CPR,WY,ANM,WE,Combined TRACON& Tower with Radar,12,27,20,3,62,0,5,41,0,46,12,32,61,3,108,18,0,18,126
10/05/2022,CPR,WY,ANM,WE,Combined TRACON& Tower with Radar,10,22,16,0,48,0,0,65,0,65,10,22,81,0,113,66,0,66,179
10/06/2022,CPR,WY,ANM,WE,Combined TRACON& Tower with Radar,9,26,29,8,72,0,1,32,9,42,9,27,61,17,114,24,10,34,148
10/07/2022,CPR,WY,ANM,WE,Combined TRACON& Tower with Radar,8,24,22,0,54,0,2,14,0,16,8,26,36,0,70,34,0,34,104
10/08/2022,CPR,WY,ANM,WE,Combined TRACON& Tower with Radar,8,17,9,0,34,0,2,32,0,34,8,19,41,0,68,18,20,38,106
10/09/2022,CPR,WY,ANM,WE,Combined TRACON& Tower with Radar,4,8,15,2,29,0,1,42,0,43,4,9,57,2,72,52,0,52,124
10/10/2022,CPR,WY,ANM,WE,Combined TRACON& Tower with Radar,8,14,22,0,44,0,1,52,0,53,8,15,74,0,97,38,0,38,135
10/11/2022,CPR,WY,ANM,WE,Combined TRACON& Tower with Radar,10,19,27,2,58,0,1,22,0,23,10,20,49,2,81,4,0,4,85
10/12/2022,CPR,WY,ANM,WE,Combined TRACON& Tower with Radar,11,28,20,0,59,0,0,43,0,43,11,28,63,0,102,72,0,72,174
10/13/2022,CPR,WY,ANM,WE,Combined TRACON& Tower with Radar,10,26,30,0,66,0,3,39,0,42,10,29,69,0,108,42,0,42,150
10/14/2022,CPR,WY,ANM,WE,Combined TRACON& Tower with Radar,11,17,13,0,41,0,0,23,0,23,11,17,36,0,64,16,0,16,80
10/15/2022,CPR,WY,ANM,WE,Combined TRACON& Tower with Radar,8,17,6,0,31,0,2,26,0,28,8,19,32,0,59,12,0,12,71
10/16/2022,CPR,WY,ANM,WE,Combined TRACON& Tower with Radar,6,10,13,0,29,0,2,35,0,37,6,12,48,0,66,16,0,16,82
10/17/2022,CPR,WY,ANM,WE,Combined TRACON& Tower with Radar,8,19,15,0,42,0,3,43,0,46,8,22,58,0,88,48,0,48,136
10/18/2022,CPR,WY,ANM,WE,Combined TRACON& Tower with Radar,10,23,30,3,66,0,1,45,0,46,10,24,75,3,112,70,0,70,182
10/19/2022,CPR,WY,ANM,WE,Combined TRACON& Tower with Radar,10,24,23,0,57,0,5,37,0,42,10,29,60,0,99,62,0,62,161
10/20/2022,CPR,WY,ANM,WE,Combined TRACON& Tower with Radar,9,19,29,0,57,0,2,56,0,58,9,21,85,0,115,104,0,104,219
10/21/2022,CPR,WY,ANM,WE,Combined TRACON& Tower with Radar,9,21,13,1,44,0,2,23,1,26,9,23,36,2,70,18,0,18,88
10/22/2022,CPR,WY,ANM,WE,Combined TRACON& Tower with Radar,8,15,4,0,27,0,2,3,0,5,8,17,7,0,32,0,0,0,32
10/23/2022,CPR,WY,ANM,WE,Combined TRACON& Tower with Radar,5,12,10,2,29,0,0,0,0,0,5,12,10,2,29,0,0,0,29
10/24/2022,CPR,WY,ANM,WE,Combined TRACON& Tower with Radar,8,27,13,0,48,0,7,18,0,25,8,34,31,0,73,28,0,28,101
10/25/2022,CPR,WY,ANM,WE,Combined TRACON& Tower with Radar,10,28,16,0,54,0,1,17,0,18,10,29,33,0,72,12,0,12,84
10/26/2022,CPR,WY,ANM,WE,Combined TRACON& Tower with Radar,10,20,19,0,49,0,0,35,0,35,10,20,54,0,84,28,0,28,112
10/27/2022,CPR,WY,ANM,WE,Combined TRACON& Tower with Radar,10,25,26,7,68,0,0,53,3,56,10,25,79,10,124,30,10,40,164
10/28/2022,CPR,WY,ANM,WE,Combined TRACON& Tower with Radar,9,23,17,0,49,0,2,20,0,22,9,25,37,0,71,0,0,0,71
10/29/2022,CPR,WY,ANM,WE,Combined TRACON& Tower with Radar,7,14,12,2,35,0,0,21,0,21,7,14,33,2,56,24,0,24,80
10/30/2022,CPR,WY,ANM,WE,Combined TRACON& Tower with Radar,2,10,20,0,32,0,1,42,0,43,2,11,62,0,75,14,0,14,89
10/31/2022,CPR,WY,ANM,WE,Combined TRACON& Tower with Radar,4,19,10,0,33,0,6,17,0,23,4,25,27,0,56,38,0,38,94
11/01/2022,CPR,WY,ANM,WE,Combined TRACON& Tower with Radar,6,29,23,2,60,0,3,17,0,20,6,32,40,2,80,4,0,4,84
11/02/2022,CPR,WY,ANM,WE,Combined TRACON& Tower with Radar,5,30,18,0,53,0,4,12,0,16,5,34,30,0,69,0,0,0,69
11/03/2022,CPR,WY,ANM,WE,Combined TRACON& Tower with Radar,5,28,11,0,44,0,0,0,0,0,5,28,11,0,44,0,0,0,44
11/04/2022,CPR,WY,ANM,WE,Combined TRACON& Tower with Radar,5,22,16,0,43,0,1,34,0,35,5,23,50,0,78,0,0,0,78
11/05/2022,CPR,WY,ANM,WE,Combined TRACON& Tower with Radar,3,19,5,0,27,0,0,0,0,0,3,19,5,0,27,0,0,0,27
11/06/2022,CPR,WY,ANM,WE,Combined TRACON& Tower with Radar,3,18,14,0,35,0,0,21,0,21,3,18,35,0,56,20,0,20,76
11/07/2022,CPR,WY,ANM,WE,Combined TRACON& Tower with Radar,4,20,14,4,42,0,2,7,0,9,4,22,21,4,51,18,0,18,69
11/08/2022,CPR,WY,ANM,WE,Combined TRACON& Tower with Radar,6,28,18,0,52,0,1,39,0,40,6,29,57,0,92,34,0,34,126
11/09/2022,CPR,WY,ANM,WE,Combined TRACON& Tower with Radar,5,24,17,0,46,0,0,0,0,0,5,24,17,0,46,0,0,0,46
11/10/2022,CPR,WY,ANM,WE,Combined TRACON& Tower with Radar,5,31,24,6,66,0,1,5,0,6,5,32,29,6,72,8,0,8,80
11/11/2022,CPR,WY,ANM,WE,Combined TRACON& Tower with Radar,5,27,7,0,39,0,6,51,0,57,5,33,58,0,96,46,0,46,142
11/12/2022,CPR,WY,ANM,WE,Combined TRACON& Tower with Radar,4,17,7,0,28,0,2,21,0,23,4,19,28,0,51,6,0,6,57
11/13/2022,CPR,WY,ANM,WE,Combined TRACON& Tower with Radar,2,11,12,0,25,0,0,26,0,26,2,11,38,0,51,0,0,0,51
11/14/2022,CPR,WY,ANM,WE,Combined TRACON& Tower with Radar,4,17,29,0,50,0,1,31,0,32,4,18,60,0,82,10,0,10,92
11/15/2022,CPR,WY,ANM,WE,Combined TRACON& Tower with Radar,6,29,29,1,65,0,1,29,0,30,6,30,58,1,95,26,0,26,121
11/16/2022,CPR,WY,ANM,WE,Combined TRACON& Tower with Radar,6,33,30,1,70,0,4,37,0,41,6,37,67,1,111,28,0,28,139
11/17/2022,CPR,WY,ANM,WE,Combined TRACON& Tower with Radar,5,31,22,0,58,0,0,7,0,7,5,31,29,0,65,26,0,26,91
11/18/2022,CPR,WY,ANM,WE,Combined TRACON& Tower with Radar,5,25,15,1,46,0,0,39,1,40,5,25,54,2,86,44,0,44,130
11/19/2022,CPR,WY,ANM,WE,Combined TRACON& Tower with Radar,4,13,9,0,26,0,1,29,0,30,4,14,38,0,56,10,0,10,66
11/20/2022,CPR,WY,ANM,WE,Combined TRACON& Tower with Radar,2,14,7,2,25,0,1,38,0,39,2,15,45,2,64,30,0,30,94
11/21/2022,CPR,WY,ANM,WE,Combined TRACON& Tower with Radar,4,19,32,0,55,0,1,37,0,38,4,20,69,0,93,30,0,30,123
11/22/2022,CPR,WY,ANM,WE,Combined TRACON& Tower with Radar,6,22,24,0,52,0,1,22,0,23,6,23,46,0,75,22,0,22,97
11/23/2022,CPR,WY,ANM,WE,Combined TRACON& Tower with Radar,6,26,4,0,36,0,0,8,0,8,6,26,12,0,44,8,0,8,52
11/24/2022,CPR,WY,ANM,WE,Combined TRACON& Tower with Radar,2,6,0,0,8,0,2,13,0,15,2,8,13,0,23,0,0,0,23
11/25/2022,CPR,WY,ANM,WE,Combined TRACON& Tower with Radar,5,19,6,0,30,0,2,25,0,27,5,21,31,0,57,0,0,0,57
11/26/2022,CPR,WY,ANM,WE,Combined TRACON& Tower with Radar,4,16,2,0,22,0,0,18,0,18,4,16,20,0,40,48,0,48,88
11/27/2022,CPR,WY,ANM,WE,Combined TRACON& Tower with Radar,2,20,10,0,32,0,3,15,0,18,2,23,25,0,50,12,0,12,62
11/28/2022,CPR,WY,ANM,WE,Combined TRACON& Tower with Radar,3,13,9,0,25,0,0,0,0,0,3,13,9,0,25,0,0,0,25
11/29/2022,CPR,WY,ANM,WE,Combined TRACON& Tower with Radar,6,31,8,0,45,0,2,18,0,20,6,33,26,0,65,12,0,12,77
11/30/2022,CPR,WY,ANM,WE,Combined TRACON& Tower with Radar,6,26,14,2,48,0,0,12,0,12,6,26,26,2,60,0,0,0,60
12/01/2022,CPR,WY,ANM,WE,Combined TRACON& Tower with Radar,6,19,15,0,40,0,0,6,0,6,6,19,21,0,46,0,0,0,46
12/02/2022,CPR,WY,ANM,WE,Combined TRACON& Tower with Radar,6,26,21,0,53,0,0,16,0,16,6,26,37,0,69,6,0,6,75
12/03/2022,CPR,WY,ANM,WE,Combined TRACON& Tower with Radar,4,23,7,0,34,0,0,18,0,18,4,23,25,0,52,10,0,10,62
12/04/2022,CPR,WY,ANM,WE,Combined TRACON& Tower with Radar,2,13,30,1,46,0,1,16,1,18,2,14,46,2,64,8,0,8,72
12/05/2022,CPR,WY,ANM,WE,Combined TRACON& Tower with Radar,4,22,19,0,45,0,1,36,0,37,4,23,55,0,82,64,0,64,146
12/06/2022,CPR,WY,ANM,WE,Combined TRACON& Tower with Radar,6,35,20,0,61,0,2,23,0,25,6,37,43,0,86,8,0,8,94
12/07/2022,CPR,WY,ANM,WE,Combined TRACON& Tower with Radar,9,25,20,0,54,0,3,37,0,40,9,28,57,0,94,12,0,12,106
12/08/2022,CPR,WY,ANM,WE,Combined TRACON& Tower with Radar,6,30,16,0,52,0,2,11,0,13,6,32,27,0,65,0,0,0,65
12/09/2022,CPR,WY,ANM,WE,Combined TRACON& Tower with Radar,6,26,17,0,49,0,3,10,4,17,6,29,27,4,66,0,0,0,66
12/10/2022,CPR,WY,ANM,WE,Combined TRACON& Tower with Radar,4,16,8,0,28,0,0,12,0,12,4,16,20,0,40,0,0,0,40
12/11/2022,CPR,WY,ANM,WE,Combined TRACON& Tower with Radar,2,15,10,1,28,0,2,8,2,12,2,17,18,3,40,0,0,0,40
12/12/2022,CPR,WY,ANM,WE,Combined TRACON& Tower with Radar,4,29,21,0,54,0,1,17,0,18,4,30,38,0,72,54,0,54,126
12/13/2022,CPR,WY,ANM,WE,Combined TRACON& Tower with Radar,8,19,15,0,42,0,0,0,0,0,8,19,15,0,42,12,0,12,54
12/14/2022,CPR,WY,ANM,WE,Combined TRACON& Tower with Radar,6,25,9,0,40,0,1,3,0,4,6,26,12,0,44,0,0,0,44
12/15/2022,CPR,WY,ANM,WE,Combined TRACON& Tower with Radar,5,22,17,0,44,0,1,33,0,34,5,23,50,0,78,114,0,114,192
12/16/2022,CPR,WY,ANM,WE,Combined TRACON& Tower with Radar,4,25,28,0,57,0,3,36,0,39,4,28,64,0,96,32,0,32,128
12/17/2022,CPR,WY,ANM,WE,Combined TRACON& Tower with Radar,2,16,5,0,23,0,4,30,0,34,2,20,35,0,57,36,0,36,93
12/18/2022,CPR,WY,ANM,WE,Combined TRACON& Tower with Radar,1,16,7,0,24,0,1,11,2,14,1,17,18,2,38,0,0,0,38
12/19/2022,CPR,WY,ANM,WE,Combined TRACON& Tower with Radar,2,21,30,2,55,0,0,33,0,33,2,21,63,2,88,42,0,42,130
12/20/2022,CPR,WY,ANM,WE,Combined TRACON& Tower with Radar,6,33,26,1,66,0,0,30,3,33,6,33,56,4,99,20,4,24,123
12/21/2022,CPR,WY,ANM,WE,Combined TRACON& Tower with Radar,4,22,11,0,37,0,0,1,0,1,4,22,12,0,38,0,0,0,38
12/22/2022,CPR,WY,ANM,WE,Combined TRACON& Tower with Radar,3,30,11,0,44,0,0,1,0,1,3,30,12,0,45,0,0,0,45
12/23/2022,CPR,WY,ANM,WE,Combined TRACON& Tower with Radar,2,33,13,0,48,0,0,21,0,21,2,33,34,0,69,10,0,10,79
12/24/2022,CPR,WY,ANM,WE,Combined TRACON& Tower with Radar,2,21,1,0,24,0,1,9,0,10,2,22,10,0,34,0,0,0,34
12/25/2022,CPR,WY,ANM,WE,Combined TRACON& Tower with Radar,0,11,2,0,13,0,1,3,0,4,0,12,5,0,17,0,0,0,17
12/26/2022,CPR,WY,ANM,WE,Combined TRACON& Tower with Radar,0,19,6,0,25,0,2,16,0,18,0,21,22,0,43,0,0,0,43
12/27/2022,CPR,WY,ANM,WE,Combined TRACON& Tower with Radar,1,22,8,0,31,0,0,2,0,2,1,22,10,0,33,0,0,0,33
12/28/2022,CPR,WY,ANM,WE,Combined TRACON& Tower with Radar,4,35,26,0,65,0,1,31,0,32,4,36,57,0,97,34,0,34,131
12/29/2022,CPR,WY,ANM,WE,Combined TRACON& Tower with Radar,3,23,26,8,60,0,3,41,0,44,3,26,67,8,104,62,0,62,166
12/30/2022,CPR,WY,ANM,WE,Combined TRACON& Tower with Radar,4,28,9,0,41,0,0,7,0,7,4,28,16,0,48,14,0,14,62
12/31/2022,CPR,WY,ANM,WE,Combined TRACON& Tower with Radar,2,19,6,0,27,0,0,4,0,4,2,19,10,0,31,10,0,10,41
01/01/2023,CPR,WY,ANM,WE,Combined TRACON& Tower with Radar,0,6,1,0,7,0,0,0,0,0,0,6,1,0,7,0,0,0,7
01/02/2023,CPR,WY,ANM,WE,Combined TRACON& Tower with Radar,0,10,6,0,16,0,0,0,0,0,0,10,6,0,16,0,0,0,16
01/03/2023,CPR,WY,ANM,WE,Combined TRACON& Tower with Radar,2,29,16,0,47,0,0,10,0,10,2,29,26,0,57,2,0,2,59
01/04/2023,CPR,WY,ANM,WE,Combined TRACON& Tower with Radar,8,25,17,0,50,0,2,45,3,50,8,27,62,3,100,28,0,28,128
01/05/2023,CPR,WY,ANM,WE,Combined TRACON& Tower with Radar,6,29,18,0,53,0,1,35,0,36,6,30,53,0,89,46,0,46,135
01/06/2023,CPR,WY,ANM,WE,Combined TRACON& Tower with Radar,6,21,15,0,42,0,0,29,0,29,6,21,44,0,71,98,0,98,169
01/07/2023,CPR,WY,ANM,WE,Combined TRACON& Tower with Radar,4,25,18,0,47,0,3,26,0,29,4,28,44,0,76,26,0,26,102
01/08/2023,CPR,WY,ANM,WE,Combined TRACON& Tower with Radar,2,16,5,0,23,0,0,2,2,4,2,16,7,2,27,0,0,0,27
01/09/2023,CPR,WY,ANM,WE,Combined TRACON& Tower with Radar,5,13,18,0,36,0,6,19,0,25,5,19,37,0,61,24,0,24,85
01/10/2023,CPR,WY,ANM,WE,Combined TRACON& Tower with Radar,5,21,14,0,40,0,0,14,0,14,5,21,28,0,54,24,0,24,78
01/11/2023,CPR,WY,ANM,WE,Combined TRACON& Tower with Radar,5,26,7,0,38,0,0,0,0,0,5,26,7,0,38,0,0,0,38
01/12/2023,CPR,WY,ANM,WE,Combined TRACON& Tower with Radar,4,25,21,0,50,0,1,27,0,28,4,26,48,0,78,10,0,10,88
01/13/2023,CPR,WY,ANM,WE,Combined TRACON& Tower with Radar,6,30,17,0,53,0,1,32,1,34,6,31,49,1,87,8,0,8,95
01/14/2023,CPR,WY,ANM,WE,Combined TRACON& Tower with Radar,4,16,3,1,24,0,0,5,1,6,4,16,8,2,30,0,0,0,30
01/15/2023,CPR,WY,ANM,WE,Combined TRACON& Tower with Radar,2,11,8,1,22,0,0,19,0,19,2,11,27,1,41,76,0,76,117
01/16/2023,CPR,WY,ANM,WE,Combined TRACON& Tower with Radar,5,17,22,0,44,0,0,27,0,27,5,17,49,0,71,96,0,96,167
01/17/2023,CPR,WY,ANM,WE,Combined TRACON& Tower with Radar,5,19,8,0,32,0,0,5,0,5,5,19,13,0,37,28,0,28,65
01/18/2023,CPR,WY,ANM,WE,Combined TRACON& Tower with Radar,5,18,6,0,29,0,0,22,0,22,5,18,28,0,51,20,0,20,71
01/19/2023,CPR,WY,ANM,WE,Combined TRACON& Tower with Radar,6,24,24,0,54,0,2,31,0,33,6,26,55,0,87,60,0,60,147
01/20/2023,CPR,WY,ANM,WE,Combined TRACON& Tower with Radar,5,20,18,0,43,0,2,43,1,46,5,22,61,1,89,66,0,66,155
01/21/2023,CPR,WY,ANM,WE,Combined TRACON& Tower with Radar,3,18,10,0,31,0,2,31,3,36,3,20,41,3,67,46,0,46,113
01/22/2023,CPR,WY,ANM,WE,Combined TRACON& Tower with Radar,2,11,4,0,17,0,0,8,0,8,2,11,12,0,25,0,0,0,25
01/23/2023,CPR,WY,ANM,WE,Combined TRACON& Tower with Radar,4,26,14,0,44,0,0,3,0,3,4,26,17,0,47,16,0,16,63
01/24/2023,CPR,WY,ANM,WE,Combined TRACON& Tower with Radar,6,20,17,9,52,0,3,33,0,36,6,23,50,9,88,36,0,36,124
01/25/2023,CPR,WY,ANM,WE,Combined TRACON& Tower with Radar,6,22,21,0,49,0,0,10,0,10,6,22,31,0,59,22,0,22,81
01/26/2023,CPR,WY,ANM,WE,Combined TRACON& Tower with Radar,6,21,16,0,43,0,0,8,0,8,6,21,24,0,51,0,0,0,51
01/27/2023,CPR,WY,ANM,WE,Combined TRACON& Tower with Radar,6,30,13,1,50,0,0,9,2,11,6,30,22,3,61,14,0,14,75
01/28/2023,CPR,WY,ANM,WE,Combined TRACON& Tower with Radar,3,8,3,0,14,0,0,0,0,0,3,8,3,0,14,0,0,0,14
01/29/2023,CPR,WY,ANM,WE,Combined TRACON& Tower with Radar,2,12,6,0,20,0,0,0,0,0,2,12,6,0,20,0,0,0,20
01/30/2023,CPR,WY,ANM,WE,Combined TRACON& Tower with Radar,4,17,24,1,46,0,2,13,1,16,4,19,37,2,62,0,0,0,62
01/31/2023,CPR,WY,ANM,WE,Combined TRACON& Tower with Radar,4,24,17,0,45,0,0,9,0,9,4,24,26,0,54,0,0,0,54
02/01/2023,CPR,WY,ANM,WE,Combined TRACON& Tower with Radar,4,23,12,0,39,0,0,26,4,30,4,23,38,4,69,0,0,0,69
02/02/2023,CPR,WY,ANM,WE,Combined TRACON& Tower with Radar,2,19,22,2,45,0,2,24,2,28,2,21,46,4,73,14,0,14,87
02/03/2023,CPR,WY,ANM,WE,Combined TRACON& Tower with Radar,6,20,18,2,46,0,1,17,0,18,6,21,35,2,64,16,0,16,80
02/04/2023,CPR,WY,ANM,WE,Combined TRACON& Tower with Radar,4,18,2,0,24,0,0,6,0,6,4,18,8,0,30,24,0,24,54
02/05/2023,CPR,WY,ANM,WE,Combined TRACON& Tower with Radar,2,9,5,0,16,0,3,3,1,7,2,12,8,1,23,22,0,22,45
02/06/2023,CPR,WY,ANM,WE,Combined TRACON& Tower with Radar,4,21,12,0,37,0,0,3,0,3,4,21,15,0,40,0,0,0,40
02/07/2023,CPR,WY,ANM,WE,Combined TRACON& Tower with Radar,6,33,19,0,58,0,1,34,0,35,6,34,53,0,93,46,0,46,139
02/08/2023,CPR,WY,ANM,WE,Combined TRACON& Tower with Radar,5,22,13,0,40,0,1,17,0,18,5,23,30,0,58,20,0,20,78
02/09/2023,CPR,WY,ANM,WE,Combined TRACON& Tower with Radar,6,29,27,0,62,0,0,38,0,38,6,29,65,0,100,42,0,42,142
02/10/2023,CPR,WY,ANM,WE,Combined TRACON& Tower with Radar,5,20,14,0,39,0,1,12,0,13,5,21,26,0,52,0,0,0,52
02/11/2023,CPR,WY,ANM,WE,Combined TRACON& Tower with Radar,3,17,16,0,36,0,0,22,0,22,3,17,38,0,58,34,0,34,92
02/12/2023,CPR,WY,ANM,WE,Combined TRACON& Tower with Radar,1,15,7,0,23,0,2,29,0,31,1,17,36,0,54,16,0,16,70
02/13/2023,CPR,WY,ANM,WE,Combined TRACON& Tower with Radar,2,24,17,0,43,0,2,21,2,25,2,26,38,2,68,36,0,36,104
02/14/2023,CPR,WY,ANM,WE,Combined TRACON& Tower with Radar,5,30,15,0,50,0,0,11,0,11,5,30,26,0,61,18,0,18,79
02/15/2023,CPR,WY,ANM,WE,Combined TRACON& Tower with Radar,5,20,12,2,39,0,0,37,0,37,5,20,49,2,76,30,0,30,106
02/16/2023,CPR,WY,ANM,WE,Combined TRACON& Tower with Radar,5,24,18,9,56,0,2,39,3,44,5,26,57,12,100,24,0,24,124
02/17/2023,CPR,WY,ANM,WE,Combined TRACON& Tower with Radar,5,26,15,0,46,0,6,19,0,25,5,32,34,0,71,8,0,8,79
02/18/2023,CPR,WY,ANM,WE,Combined TRACON& Tower with Radar,3,20,4,0,27,0,3,22,0,25,3,23,26,0,52,32,0,32,84
02/19/2023,CPR,WY,ANM,WE,Combined TRACON& Tower with Radar,1,12,6,0,19,0,0,9,0,9,1,12,15,0,28,0,0,0,28
02/20/2023,CPR,WY,ANM,WE,Combined TRACON& Tower with Radar,3,22,8,0,33,0,0,7,0,7,3,22,15,0,40,36,0,36,76
02/21/2023,CPR,WY,ANM,WE,Combined TRACON& Tower with Radar,5,12,3,0,20,0,1,1,0,2,5,13,4,0,22,0,0,0,22
02/22/2023,CPR,WY,ANM,WE,Combined TRACON& Tower with Radar,3,4,1,0,8,0,0,0,0,0,3,4,1,0,8,0,0,0,8
02/23/2023,CPR,WY,ANM,WE,Combined TRACON& Tower with Radar,4,26,16,2,48,0,0,18,0,18,4,26,34,2,66,4,0,4,70
02/24/2023,CPR,WY,ANM,WE,Combined TRACON& Tower with Radar,5,29,30,0,64,0,3,27,0,30,5,32,57,0,94,22,0,22,116
02/25/2023,CPR,WY,ANM,WE,Combined TRACON& Tower with Radar,4,25,15,0,44,0,6,9,0,15,4,31,24,0,59,0,0,0,59
02/26/2023,CPR,WY,ANM,WE,Combined TRACON& Tower with Radar,1,10,11,2,24,0,5,3,0,8,1,15,14,2,32,4,0,4,36
02/27/2023,CPR,WY,ANM,WE,Combined TRACON& Tower with Radar,4,23,11,0,38,0,2,18,0,20,4,25,29,0,58,38,0,38,96
02/28/2023,CPR,WY,ANM,WE,Combined TRACON& Tower with Radar,5,30,13,4,52,0,2,31,0,33,5,32,44,4,85,39,4,43,128
03/01/2023,CPR,WY,ANM,WE,Combined TRACON& Tower with Radar,5,23,19,0,47,0,1,40,2,43,5,24,59,2,90,60,0,60,150
03/02/2023,CPR,WY,ANM,WE,Combined TRACON& Tower with Radar,5,24,15,0,44,0,0,33,3,36,5,24,48,3,80,32,0,32,112
03/03/2023,CPR,WY,ANM,WE,Combined TRACON& Tower with Radar,8,22,9,0,39,0,0,17,0,17,8,22,26,0,56,92,0,92,148
03/04/2023,CPR,WY,ANM,WE,Combined TRACON& Tower with Radar,6,14,13,0,33,0,0,25,4,29,6,14,38,4,62,38,0,38,100
03/05/2023,CPR,WY,ANM,WE,Combined TRACON& Tower with Radar,4,11,3,0,18,0,5,10,0,15,4,16,13,0,33,14,0,14,47
03/06/2023,CPR,WY,ANM,WE,Combined TRACON& Tower with Radar,6,15,12,0,33,0,0,18,0,18,6,15,30,0,51,72,0,72,123
03/07/2023,CPR,WY,ANM,WE,Combined TRACON& Tower with Radar,8,25,12,0,45,0,3,43,0,46,8,28,55,0,91,68,0,68,159
03/08/2023,CPR,WY,ANM,WE,Combined TRACON& Tower with Radar,8,20,10,0,38,0,1,2,0,3,8,21,12,0,41,0,0,0,41
03/09/2023,CPR,WY,ANM,WE,Combined TRACON& Tower with Radar,8,24,24,3,59,0,3,23,5,31,8,27,47,8,90,34,2,36,126
03/10/2023,CPR,WY,ANM,WE,Combined TRACON& Tower with Radar,8,19,7,0,34,0,3,10,0,13,8,22,17,0,47,6,0,6,53
03/11/2023,CPR,WY,ANM,WE,Combined TRACON& Tower with Radar,6,16,7,5,34,0,2,33,4,39,6,18,40,9,73,30,0,30,103
03/12/2023,CPR,WY,ANM,WE,Combined TRACON& Tower with Radar,4,6,15,2,27,0,4,42,0,46,4,10,57,2,73,56,0,56,129
03/13/2023,CPR,WY,ANM,WE,Combined TRACON& Tower with Radar,6,12,13,0,31,0,5,47,0,52,6,17,60,0,83,46,0,46,129
03/14/2023,CPR,WY,ANM,WE,Combined TRACON& Tower with Radar,8,22,21,0,51,0,0,15,4,19,8,22,36,4,70,4,28,32,102
03/15/2023,CPR,WY,ANM,WE,Combined TRACON& Tower with Radar,8,19,18,2,47,0,3,9,1,13,8,22,27,3,60,4,2,6,66
03/16/2023,CPR,WY,ANM,WE,Combined TRACON& Tower with Radar,7,16,20,2,45,0,2,23,1,26,7,18,43,3,71,70,0,70,141
03/17/2023,CPR,WY,ANM,WE,Combined TRACON& Tower with Radar,8,18,26,4,56,0,2,33,0,35,8,20,59,4,91,24,0,24,115
03/18/2023,CPR,WY,ANM,WE,Combined TRACON& Tower with Radar,8,12,7,2,29,0,2,50,0,52,8,14,57,2,81,60,0,60,141
03/19/2023,CPR,WY,ANM,WE,Combined TRACON& Tower with Radar,2,16,4,0,22,0,2,17,0,19,2,18,21,0,41,20,0,20,61
03/20/2023,CPR,WY,ANM,WE,Combined TRACON& Tower with Radar,6,18,15,0,39,0,3,20,0,23,6,21,35,0,62,22,0,22,84
03/21/2023,CPR,WY,ANM,WE,Combined TRACON& Tower with Radar,8,24,21,2,55,0,0,35,0,35,8,24,56,2,90,40,0,40,130
03/22/2023,CPR,WY,ANM,WE,Combined TRACON& Tower with Radar,7,25,11,0,43,0,0,1,0,1,7,25,12,0,44,2,0,2,46
03/23/2023,CPR,WY,ANM,WE,Combined TRACON& Tower with Radar,6,30,27,0,63,0,1,33,1,35,6,31,60,1,98,24,0,24,122
03/24/2023,CPR,WY,ANM,WE,Combined TRACON& Tower with Radar,8,14,10,0,32,0,3,29,0,32,8,17,39,0,64,22,0,22,86
03/25/2023,CPR,WY,ANM,WE,Combined TRACON& Tower with Radar,6,17,13,0,36,0,2,7,0,9,6,19,20,0,45,6,2,8,53
03/26/2023,CPR,WY,ANM,WE,Combined TRACON& Tower with Radar,4,12,7,0,23,0,3,18,2,23,4,15,25,2,46,0,0,0,46
03/27/2023,CPR,WY,ANM,WE,Combined TRACON& Tower with Radar,4,23,20,0,47,0,0,7,0,7,4,23,27,0,54,2,0,2,56
03/28/2023,CPR,WY,ANM,WE,Combined TRACON& Tower with Radar,6,22,11,0,39,0,0,39,1,40,6,22,50,1,79,42,0,42,121
03/29/2023,CPR,WY,ANM,WE,Combined TRACON& Tower with Radar,8,21,30,0,59,0,0,33,2,35,8,21,63,2,94,64,0,64,158
03/30/2023,CPR,WY,ANM,WE,Combined TRACON& Tower with Radar,6,23,11,1,41,0,1,29,2,32,6,24,40,3,73,34,0,34,107
03/31/2023,CPR,WY,ANM,WE,Combined TRACON& Tower with Radar,6,26,7,0,39,0,0,9,0,9,6,26,16,0,48,6,0,6,54
04/01/2023,CPR,WY,ANM,WE,Combined TRACON& Tower with Radar,3,20,6,0,29,0,1,12,0,13,3,21,18,0,42,4,0,4,46
04/02/2023,CPR,WY,ANM,WE,Combined TRACON& Tower with Radar,2,13,7,0,22,0,2,3,2,7,2,15,10,2,29,0,0,0,29
04/03/2023,CPR,WY,ANM,WE,Combined TRACON& Tower with Radar,1,2,1,0,4,0,0,0,0,0,1,2,1,0,4,0,0,0,4
04/04/2023,CPR,WY,ANM,WE,Combined TRACON& Tower with Radar,0,1,0,0,1,0,0,0,0,0,0,1,0,0,1,0,0,0,1
04/05/2023,CPR,WY,ANM,WE,Combined TRACON& Tower with Radar,4,25,18,2,49,0,1,4,2,7,4,26,22,4,56,0,0,0,56
04/06/2023,CPR,WY,ANM,WE,Combined TRACON& Tower with Radar,6,36,20,6,68,0,0,29,2,31,6,36,49,8,99,50,20,70,169
04/07/2023,CPR,WY,ANM,WE,Combined TRACON& Tower with Radar,6,22,19,0,47,0,2,45,2,49,6,24,64,2,96,64,0,64,160
04/08/2023,CPR,WY,ANM,WE,Combined TRACON& Tower with Radar,2,22,6,0,30,0,0,40,0,40,2,22,46,0,70,40,0,40,110
04/09/2023,CPR,WY,ANM,WE,Combined TRACON& Tower with Radar,2,10,4,0,16,0,1,16,0,17,2,11,20,0,33,0,0,0,33
04/10/2023,CPR,WY,ANM,WE,Combined TRACON& Tower with Radar,4,18,24,0,46,0,1,46,0,47,4,19,70,0,93,46,0,46,139
04/11/2023,CPR,WY,ANM,WE,Combined TRACON& Tower with Radar,5,25,22,0,52,0,0,22,2,24,5,25,44,2,76,6,0,6,82
04/12/2023,CPR,WY,ANM,WE,Combined TRACON& Tower with Radar,5,25,19,0,49,0,4,35,0,39,5,29,54,0,88,32,0,32,120
04/13/2023,CPR,WY,ANM,WE,Combined TRACON& Tower with Radar,5,27,13,2,47,0,2,27,1,30,5,29,40,3,77,8,0,8,85
04/14/2023,CPR,WY,ANM,WE,Combined TRACON& Tower with Radar,5,23,11,0,39,0,0,4,0,4,5,23,15,0,43,20,0,20,63
04/15/2023,CPR,WY,ANM,WE,Combined TRACON& Tower with Radar,4,19,13,2,38,0,0,10,0,10,4,19,23,2,48,8,0,8,56
04/16/2023,CPR,WY,ANM,WE,Combined TRACON& Tower with Radar,2,13,8,0,23,0,0,31,0,31,2,13,39,0,54,24,0,24,78
04/17/2023,CPR,WY,ANM,WE,Combined TRACON& Tower with Radar,4,17,14,0,35,0,2,26,0,28,4,19,40,0,63,0,0,0,63
04/18/2023,CPR,WY,ANM,WE,Combined TRACON& Tower with Radar,5,20,10,0,35,0,1,12,2,15,5,21,22,2,50,8,0,8,58
04/19/2023,CPR,WY,ANM,WE,Combined TRACON& Tower with Radar,4,19,14,0,37,0,1,20,0,21,4,20,34,0,58,4,0,4,62
04/20/2023,CPR,WY,ANM,WE,Combined TRACON& Tower with Radar,5,22,16,0,43,0,0,20,0,20,5,22,36,0,63,0,0,0,63
04/21/2023,CPR,WY,ANM,WE,Combined TRACON& Tower with Radar,6,20,15,1,42,0,0,19,1,20,6,20,34,2,62,14,0,14,76
04/22/2023,CPR,WY,ANM,WE,Combined TRACON& Tower with Radar,4,16,6,0,26,0,0,37,0,37,4,16,43,0,63,60,0,60,123
04/23/2023,CPR,WY,ANM,WE,Combined TRACON& Tower with Radar,2,12,15,2,31,0,1,24,0,25,2,13,39,2,56,0,0,0,56
04/24/2023,CPR,WY,ANM,WE,Combined TRACON& Tower with Radar,4,22,17,3,46,0,4,48,4,56,4,26,65,7,102,46,24,70,172
04/25/2023,CPR,WY,ANM,WE,Combined TRACON& Tower with Radar,9,24,12,1,46,0,1,8,0,9,9,25,20,1,55,0,0,0,55
04/26/2023,CPR,WY,ANM,WE,Combined TRACON& Tower with Radar,5,22,23,0,50,0,1,70,0,71,5,23,93,0,121,64,0,64,185
04/27/2023,CPR,WY,ANM,WE,Combined TRACON& Tower with Radar,5,20,17,0,42,0,1,21,0,22,5,21,38,0,64,34,0,34,98
04/28/2023,CPR,WY,ANM,WE,Combined TRACON& Tower with Radar,5,22,20,4,51,0,0,60,0,60,5,22,80,4,111,28,0,28,139
04/29/2023,CPR,WY,ANM,WE,Combined TRACON& Tower with Radar,4,22,17,1,44,0,5,37,0,42,4,27,54,1,86,10,0,10,96
04/30/2023,CPR,WY,ANM,WE,Combined TRACON& Tower with Radar,2,10,9,1,22,0,0,26,8,34,2,10,35,9,56,10,6,16,72
05/01/2023,CPR,WY,ANM,WE,Combined TRACON& Tower with Radar,4,20,23,2,49,0,2,36,10,48,4,22,59,12,97,10,0,10,107
05/02/2023,CPR,WY,ANM,WE,Combined TRACON& Tower with Radar,6,23,23,2,54,0,3,44,4,51,6,26,67,6,105,6,4,10,115
05/03/2023,CPR,WY,ANM,WE,Combined TRACON& Tower with Radar,5,24,22,0,51,0,3,38,8,49,5,27,60,8,100,8,0,8,108
05/04/2023,CPR,WY,ANM,WE,Combined TRACON& Tower with Radar,5,21,12,3,41,0,0,28,3,31,5,21,40,6,72,10,0,10,82
05/05/2023,CPR,WY,ANM,WE,Combined TRACON& Tower with Radar,8,23,19,4,54,0,0,20,0,20,8,23,39,4,74,36,0,36,110
05/06/2023,CPR,WY,ANM,WE,Combined TRACON& Tower with Radar,7,15,2,2,26,0,0,8,6,14,7,15,10,8,40,8,0,8,48
05/07/2023,CPR,WY,ANM,WE,Combined TRACON& Tower with Radar,5,6,4,4,19,0,0,9,4,13,5,6,13,8,32,0,4,4,36
05/08/2023,CPR,WY,ANM,WE,Combined TRACON& Tower with Radar,7,11,16,0,34,0,1,33,0,34,7,12,49,0,68,22,0,22,90
05/09/2023,CPR,WY,ANM,WE,Combined TRACON& Tower with Radar,7,16,14,0,37,0,3,47,2,52,7,19,61,2,89,16,0,16,105
05/10/2023,CPR,WY,ANM,WE,Combined TRACON& Tower with Radar,7,19,24,3,53,0,2,39,0,41,7,21,63,3,94,36,14,50,144
05/11/2023,CPR,WY,ANM,WE,Combined TRACON& Tower with Radar,7,29,23,2,61,0,0,0,0,0,7,29,23,2,61,0,0,0,61
05/12/2023,CPR,WY,ANM,WE,Combined TRACON& Tower with Radar,10,23,13,0,46,0,2,4,0,6,10,25,17,0,52,0,0,0,52
05/13/2023,CPR,WY,ANM,WE,Combined TRACON& Tower with Radar,8,16,11,0,35,0,0,6,0,6,8,16,17,0,41,0,0,0,41
05/14/2023,CPR,WY,ANM,WE,Combined TRACON& Tower with Radar,5,4,11,1,21,0,0,4,0,4,5,4,15,1,25,0,0,0,25
05/15/2023,CPR,WY,ANM,WE,Combined TRACON& Tower with Radar,8,22,10,0,40,0,1,47,0,48,8,23,57,0,88,20,0,20,108
05/16/2023,CPR,WY,ANM,WE,Combined TRACON& Tower with Radar,10,21,22,0,53,0,10,55,0,65,10,31,77,0,118,36,0,36,154
05/17/2023,CPR,WY,ANM,WE,Combined TRACON& Tower with Radar,9,13,11,2,35,0,2,41,0,43,9,15,52,2,78,22,0,22,100
05/18/2023,CPR,WY,ANM,WE,Combined TRACON& Tower with Radar,7,27,15,0,49,0,0,6,2,8,7,27,21,2,57,20,6,26,83
05/19/2023,CPR,WY,ANM,WE,Combined TRACON& Tower with Radar,9,24,27,5,65,0,1,33,5,39,9,25,60,10,104,24,18,42,146
05/20/2023,CPR,WY,ANM,WE,Combined TRACON& Tower with Radar,8,16,5,0,29,0,1,32,0,33,8,17,37,0,62,8,0,8,70
05/21/2023,CPR,WY,ANM,WE,Combined TRACON& Tower with Radar,6,8,9,0,23,0,2,32,0,34,6,10,41,0,57,26,0,26,83
05/22/2023,CPR,WY,ANM,WE,Combined TRACON& Tower with Radar,8,20,32,0,60,0,4,50,3,57,8,24,82,3,117,36,0,36,153
05/23/2023,CPR,WY,ANM,WE,Combined TRACON& Tower with Radar,9,17,10,0,36,0,3,41,5,49,9,20,51,5,85,48,12,60,145
05/24/2023,CPR,WY,ANM,WE,Combined TRACON& Tower with Radar,9,20,15,0,44,0,0,20,0,20,9,20,35,0,64,8,0,8,72
05/25/2023,CPR,WY,ANM,WE,Combined TRACON& Tower with Radar,9,25,11,0,45,0,2,49,0,51,9,27,60,0,96,28,0,28,124
05/26/2023,CPR,WY,ANM,WE,Combined TRACON& Tower with Radar,8,16,8,0,32,0,2,36,0,38,8,18,44,0,70,14,0,14,84
05/27/2023,CPR,WY,ANM,WE,Combined TRACON& Tower with Radar,8,12,3,0,23,0,2,27,0,29,8,14,30,0,52,4,0,4,56
05/28/2023,CPR,WY,ANM,WE,Combined TRACON& Tower with Radar,6,7,4,0,17,0,1,33,0,34,6,8,37,0,51,18,0,18,69
05/29/2023,CPR,WY,ANM,WE,Combined TRACON& Tower with Radar,5,8,9,0,22,0,1,21,0,22,5,9,30,0,44,18,0,18,62
05/30/2023,CPR,WY,ANM,WE,Combined TRACON& Tower with Radar,8,13,18,0,39,0,3,34,0,37,8,16,52,0,76,16,0,16,92
05/31/2023,CPR,WY,ANM,WE,Combined TRACON& Tower with Radar,10,16,16,6,48,0,3,36,3,42,10,19,52,9,90,42,8,50,140
06/01/2023,CPR,WY,ANM,WE,Combined TRACON& Tower with Radar,9,15,18,0,42,0,1,37,0,38,9,16,55,0,80,8,0,8,88
06/02/2023,CPR,WY,ANM,WE,Combined TRACON& Tower with Radar,6,23,10,0,39,0,0,21,0,21,6,23,31,0,60,24,0,24,84
06/03/2023,CPR,WY,ANM,WE,Combined TRACON& Tower with Radar,6,20,9,0,35,0,3,30,0,33,6,23,39,0,68,24,0,24,92
06/04/2023,CPR,WY,ANM,WE,Combined TRACON& Tower with Radar,4,8,6,0,18,0,3,8,0,11,4,11,14,0,29,0,0,0,29
06/05/2023,CPR,WY,ANM,WE,Combined TRACON& Tower with Radar,6,16,17,0,39,0,0,39,0,39,6,16,56,0,78,44,0,44,122
06/06/2023,CPR,WY,ANM,WE,Combined TRACON& Tower with Radar,6,24,23,6,59,0,0,54,4,58,6,24,77,10,117,57,12,69,186
06/07/2023,CPR,WY,ANM,WE,Combined TRACON& Tower with Radar,7,23,11,0,41,0,4,37,4,45,7,27,48,4,86,20,0,20,106
06/08/2023,CPR,WY,ANM,WE,Combined TRACON& Tower with Radar,8,25,13,0,46,0,0,38,0,38,8,25,51,0,84,30,0,30,114
06/09/2023,CPR,WY,ANM,WE,Combined TRACON& Tower with Radar,8,20,17,6,51,0,2,38,6,46,8,22,55,12,97,24,6,30,127
06/10/2023,CPR,WY,ANM,WE,Combined TRACON& Tower with Radar,6,17,2,0,25,0,2,18,0,20,6,19,20,0,45,0,0,0,45
06/11/2023,CPR,WY,ANM,WE,Combined TRACON& Tower with Radar,4,8,7,0,19,0,0,10,6,16,4,8,17,6,35,0,0,0,35
06/12/2023,CPR,WY,ANM,WE,Combined TRACON& Tower with Radar,6,23,17,0,46,0,0,9,4,13,6,23,26,4,59,0,0,0,59
06/13/2023,CPR,WY,ANM,WE,Combined TRACON& Tower with Radar,8,31,31,0,70,0,0,36,5,41,8,31,67,5,111,24,0,24,135
06/14/2023,CPR,WY,ANM,WE,Combined TRACON& Tower with Radar,8,22,16,0,46,0,8,30,40,78,8,30,46,40,124,18,0,18,142
06/15/2023,CPR,WY,ANM,WE,Combined TRACON& Tower with Radar,6,26,22,4,58,0,0,6,10,16,6,26,28,14,74,0,0,0,74
06/16/2023,CPR,WY,ANM,WE,Combined TRACON& Tower with Radar,7,18,18,0,43,0,4,11,1,16,7,22,29,1,59,10,0,10,69
06/17/2023,CPR,WY,ANM,WE,Combined TRACON& Tower with Radar,5,20,14,0,39,0,1,153,0,154,5,21,167,0,193,12,0,12,205
06/18/2023,CPR,WY,ANM,WE,Combined TRACON& Tower with Radar,4,6,10,0,20,0,0,15,0,15,4,6,25,0,35,0,0,0,35
06/19/2023,CPR,WY,ANM,WE,Combined TRACON& Tower with Radar,5,13,11,0,29,0,2,45,0,47,5,15,56,0,76,6,0,6,82
06/20/2023,CPR,WY,ANM,WE,Combined TRACON& Tower with Radar,7,32,17,0,56,0,6,40,0,46,7,38,57,0,102,6,0,6,108
06/21/2023,CPR,WY,ANM,WE,Combined TRACON& Tower with Radar,8,19,21,0,48,0,1,15,0,16,8,20,36,0,64,0,0,0,64
06/22/2023,CPR,WY,ANM,WE,Combined TRACON& Tower with Radar,5,27,20,0,52,0,0,1,0,1,5,27,21,0,53,0,0,0,53
06/23/2023,CPR,WY,ANM,WE,Combined TRACON& Tower with Radar,4,29,13,0,46,0,4,21,0,25,4,33,34,0,71,0,0,0,71
06/24/2023,CPR,WY,ANM,WE,Combined TRACON& Tower with Radar,4,18,3,0,25,0,6,21,0,27,4,24,24,0,52,0,0,0,52
06/25/2023,CPR,WY,ANM,WE,Combined TRACON& Tower with Radar,2,19,11,0,32,0,4,48,0,52,2,23,59,0,84,18,0,18,102
06/26/2023,CPR,WY,ANM,WE,Combined TRACON& Tower with Radar,4,28,10,0,42,0,4,35,0,39,4,32,45,0,81,26,0,26,107
06/27/2023,CPR,WY,ANM,WE,Combined TRACON& Tower with Radar,6,31,41,2,80,0,4,33,0,37,6,35,74,2,117,12,0,12,129
06/28/2023,CPR,WY,ANM,WE,Combined TRACON& Tower with Radar,5,31,14,5,55,0,4,51,5,60,5,35,65,10,115,34,14,48,163
06/29/2023,CPR,WY,ANM,WE,Combined TRACON& Tower with Radar,4,24,17,0,45,0,4,31,0,35,4,28,48,0,80,24,0,24,104
06/30/2023,CPR,WY,ANM,WE,Combined TRACON& Tower with Radar,4,19,24,1,48,0,0,22,1,23,4,19,46,2,71,4,0,4,75
07/01/2023,CPR,WY,ANM,WE,Combined TRACON& Tower with Radar,6,13,10,0,29,0,0,35,0,35,6,13,45,0,64,0,0,0,64
07/02/2023,CPR,WY,ANM,WE,Combined TRACON& Tower with Radar,6,7,12,4,29,0,3,32,0,35,6,10,44,4,64,16,0,16,80
07/03/2023,CPR,WY,ANM,WE,Combined TRACON& Tower with Radar,6,14,6,0,26,0,1,33,0,34,6,15,39,0,60,14,0,14,74
07/04/2023,CPR,WY,ANM,WE,Combined TRACON& Tower with Radar,4,10,9,0,23,0,0,8,0,8,4,10,17,0,31,8,0,8,39
07/05/2023,CPR,WY,ANM,WE,Combined TRACON& Tower with Radar,7,27,12,0,46,0,1,40,3,44,7,28,52,3,90,44,0,44,134
07/06/2023,CPR,WY,ANM,WE,Combined TRACON& Tower with Radar,7,25,20,0,52,0,2,33,2,37,7,27,53,2,89,14,0,14,103
07/07/2023,CPR,WY,ANM,WE,Combined TRACON& Tower with Radar,6,28,20,0,54,0,1,50,0,51,6,29,70,0,105,54,0,54,159
07/08/2023,CPR,WY,ANM,WE,Combined TRACON& Tower with Radar,3,22,11,0,36,0,3,60,0,63,3,25,71,0,99,60,0,60,159
07/09/2023,CPR,WY,ANM,WE,Combined TRACON& Tower with Radar,4,11,9,0,24,0,1,20,0,21,4,12,29,0,45,0,0,0,45
07/10/2023,CPR,WY,ANM,WE,Combined TRACON& Tower with Radar,5,18,19,0,42,0,4,47,1,52,5,22,66,1,94,36,6,42,136
07/11/2023,CPR,WY,ANM,WE,Combined TRACON& Tower with Radar,6,24,11,1,42,0,1,31,2,34,6,25,42,3,76,2,0,2,78
07/12/2023,CPR,WY,ANM,WE,Combined TRACON& Tower with Radar,7,29,16,3,55,0,3,45,0,48,7,32,61,3,103,22,10,32,135
07/13/2023,CPR,WY,ANM,WE,Combined TRACON& Tower with Radar,8,24,17,0,49,0,1,38,1,40,8,25,55,1,89,16,0,16,105
07/14/2023,CPR,WY,ANM,WE,Combined TRACON& Tower with Radar,10,24,21,0,55,0,1,49,0,50,10,25,70,0,105,80,0,80,185
07/15/2023,CPR,WY,ANM,WE,Combined TRACON& Tower with Radar,5,20,9,2,36,0,2,44,0,46,5,22,53,2,82,42,0,42,124
07/16/2023,CPR,WY,ANM,WE,Combined TRACON& Tower with Radar,4,13,11,0,28,0,4,29,2,35,4,17,40,2,63,0,0,0,63
07/17/2023,CPR,WY,ANM,WE,Combined TRACON& Tower with Radar,6,20,17,0,43,0,1,36,2,39,6,21,53,2,82,28,0,28,110
07/18/2023,CPR,WY,ANM,WE,Combined TRACON& Tower with Radar,8,27,10,0,45,0,3,40,0,43,8,30,50,0,88,18,0,18,106
07/19/2023,CPR,WY,ANM,WE,Combined TRACON& Tower with Radar,10,20,10,0,40,0,2,37,0,39,10,22,47,0,79,32,0,32,111
07/20/2023,CPR,WY,ANM,WE,Combined TRACON& Tower with Radar,9,18,21,0,48,0,4,27,0,31,9,22,48,0,79,40,0,40,119
07/21/2023,CPR,WY,ANM,WE,Combined TRACON& Tower with Radar,7,21,16,0,44,0,6,53,0,59,7,27,69,0,103,47,0,47,150
07/22/2023,CPR,WY,ANM,WE,Combined TRACON& Tower with Radar,5,18,4,0,27,0,6,63,0,69,5,24,67,0,96,10,0,10,106
07/23/2023,CPR,WY,ANM,WE,Combined TRACON& Tower with Radar,3,17,16,0,36,0,6,14,0,20,3,23,30,0,56,24,0,24,80
07/24/2023,CPR,WY,ANM,WE,Combined TRACON& Tower with Radar,5,22,14,2,43,0,4,43,0,47,5,26,57,2,90,72,0,72,162
07/25/2023,CPR,WY,ANM,WE,Combined TRACON& Tower with Radar,7,27,20,0,54,0,15,34,1,50,7,42,54,1,104,58,0,58,162
07/26/2023,CPR,WY,ANM,WE,Combined TRACON& Tower with Radar,7,22,26,0,55,0,23,44,0,67,7,45,70,0,122,56,0,56,178
07/27/2023,CPR,WY,ANM,WE,Combined TRACON& Tower with Radar,7,37,14,0,58,0,10,49,0,59,7,47,63,0,117,76,0,76,193
07/28/2023,CPR,WY,ANM,WE,Combined TRACON& Tower with Radar,6,26,20,0,52,0,8,47,5,60,6,34,67,5,112,54,0,54,166
07/29/2023,CPR,WY,ANM,WE,Combined TRACON& Tower with Radar,6,19,12,0,37,0,4,49,2,55,6,23,61,2,92,6,0,6,98
07/30/2023,CPR,WY,ANM,WE,Combined TRACON& Tower with Radar,3,19,11,0,33,0,16,48,0,64,3,35,59,0,97,8,0,8,105
07/31/2023,CPR,WY,ANM,WE,Combined TRACON& Tower with Radar,5,18,13,0,36,0,3,53,2,58,5,21,66,2,94,34,0,34,128
08/01/2023,CPR,WY,ANM,WE,Combined TRACON& Tower with Radar,6,27,12,0,45,0,3,41,2,46,6,30,53,2,91,34,0,34,125
08/02/2023,CPR,WY,ANM,WE,Combined TRACON& Tower with Radar,8,32,15,0,55,0,0,30,0,30,8,32,45,0,85,28,0,28,113
08/03/2023,CPR,WY,ANM,WE,Combined TRACON& Tower with Radar,7,25,15,0,47,0,2,33,0,35,7,27,48,0,82,22,0,22,104
08/04/2023,CPR,WY,ANM,WE,Combined TRACON& Tower with Radar,5,25,7,0,37,0,0,7,0,7,5,25,14,0,44,4,0,4,48
08/05/2023,CPR,WY,ANM,WE,Combined TRACON& Tower with Radar,4,19,15,0,38,0,0,18,0,18,4,19,33,0,56,6,0,6,62
08/06/2023,CPR,WY,ANM,WE,Combined TRACON& Tower with Radar,2,12,11,0,25,0,1,36,0,37,2,13,47,0,62,22,0,22,84
08/07/2023,CPR,WY,ANM,WE,Combined TRACON& Tower with Radar,4,22,19,16,61,0,3,66,0,69,4,25,85,16,130,64,0,64,194
08/08/2023,CPR,WY,ANM,WE,Combined TRACON& Tower with Radar,5,33,15,0,53,0,2,58,0,60,5,35,73,0,113,40,0,40,153
08/09/2023,CPR,WY,ANM,WE,Combined TRACON& Tower with Radar,6,26,32,2,66,1,4,84,0,89,7,30,116,2,155,50,0,50,205
08/10/2023,CPR,WY,ANM,WE,Combined TRACON& Tower with Radar,6,30,20,2,58,0,3,53,2,58,6,33,73,4,116,46,0,46,162
08/11/2023,CPR,WY,ANM,WE,Combined TRACON& Tower with Radar,5,24,10,3,42,0,0,78,6,84,5,24,88,9,126,60,0,60,186
08/12/2023,CPR,WY,ANM,WE,Combined TRACON& Tower with Radar,4,20,10,0,34,0,2,50,0,52,4,22,60,0,86,48,0,48,134
08/13/2023,CPR,WY,ANM,WE,Combined TRACON& Tower with Radar,2,19,16,0,37,0,1,29,0,30,2,20,45,0,67,24,0,24,91
08/14/2023,CPR,WY,ANM,WE,Combined TRACON& Tower with Radar,4,24,20,0,48,0,8,63,0,71,4,32,83,0,119,30,0,30,149
08/15/2023,CPR,WY,ANM,WE,Combined TRACON& Tower with Radar,6,28,21,0,55,0,1,64,4,69,6,29,85,4,124,26,0,26,150
08/16/2023,CPR,WY,ANM,WE,Combined TRACON& Tower with Radar,4,29,12,8,53,0,2,52,3,57,4,31,64,11,110,38,4,42,152
08/17/2023,CPR,WY,ANM,WE,Combined TRACON& Tower with Radar,5,30,9,10,54,0,3,55,0,58,5,33,64,10,112,16,0,16,128
08/18/2023,CPR,WY,ANM,WE,Combined TRACON& Tower with Radar,5,24,11,0,40,0,5,22,0,27,5,29,33,0,67,0,0,0,67
08/19/2023,CPR,WY,ANM,WE,Combined TRACON& Tower with Radar,4,20,12,2,38,0,1,47,2,50,4,21,59,4,88,22,0,22,110
08/20/2023,CPR,WY,ANM,WE,Combined TRACON& Tower with Radar,2,13,14,0,29,0,5,29,0,34,2,18,43,0,63,46,0,46,109
08/21/2023,CPR,WY,ANM,WE,Combined TRACON& Tower with Radar,4,23,8,2,37,0,1,27,2,30,4,24,35,4,67,4,0,4,71
08/22/2023,CPR,WY,ANM,WE,Combined TRACON& Tower with Radar,5,29,19,0,53,0,0,38,0,38,5,29,57,0,91,12,0,12,103
08/23/2023,CPR,WY,ANM,WE,Combined TRACON& Tower with Radar,6,29,28,6,69,0,4,63,0,67,6,33,91,6,136,25,2,27,163
08/24/2023,CPR,WY,ANM,WE,Combined TRACON& Tower with Radar,6,30,14,0,50,0,2,47,0,49,6,32,61,0,99,58,0,58,157
08/25/2023,CPR,WY,ANM,WE,Combined TRACON& Tower with Radar,5,29,9,0,43,0,0,13,0,13,5,29,22,0,56,26,0,26,82
08/26/2023,CPR,WY,ANM,WE,Combined TRACON& Tower with Radar,4,22,4,0,30,0,1,40,1,42,4,23,44,1,72,30,0,30,102
08/27/2023,CPR,WY,ANM,WE,Combined TRACON& Tower with Radar,2,11,18,0,31,0,2,31,0,33,2,13,49,0,64,44,0,44,108
08/28/2023,CPR,WY,ANM,WE,Combined TRACON& Tower with Radar,4,19,7,0,30,0,0,53,0,53,4,19,60,0,83,38,0,38,121
08/29/2023,CPR,WY,ANM,WE,Combined TRACON& Tower with Radar,5,27,21,0,53,0,0,47,0,47,5,27,68,0,100,48,0,48,148
08/30/2023,CPR,WY,ANM,WE,Combined TRACON& Tower with Radar,5,33,19,0,57,0,1,28,0,29,5,34,47,0,86,8,0,8,94
08/31/2023,CPR,WY,ANM,WE,Combined TRACON& Tower with Radar,4,26,12,0,42,0,2,45,0,47,4,28,57,0,89,58,0,58,147
01/01/2020,CPR,WY,ANM,WE,Combined TRACON& Tower with Radar,0,17,8,0,25,0,0,4,0,4,0,17,12,0,29,0,0,0,29
01/02/2020,CPR,WY,ANM,WE,Combined TRACON& Tower with Radar,4,32,13,0,49,0,1,31,0,32,4,33,44,0,81,68,0,68,149
01/03/2020,CPR,WY,ANM,WE,Combined TRACON& Tower with Radar,3,27,5,0,35,0,1,23,0,24,3,28,28,0,59,18,0,18,77
01/04/2020,CPR,WY,ANM,WE,Combined TRACON& Tower with Radar,2,24,10,0,36,0,5,14,0,19,2,29,24,0,55,4,0,4,59
01/05/2020,CPR,WY,ANM,WE,Combined TRACON& Tower with Radar,0,13,7,0,20,0,2,26,0,28,0,15,33,0,48,15,0,15,63
01/06/2020,CPR,WY,ANM,WE,Combined TRACON& Tower with Radar,4,26,8,0,38,0,9,23,0,32,4,35,31,0,70,36,0,36,106
01/07/2020,CPR,WY,ANM,WE,Combined TRACON& Tower with Radar,7,33,13,0,53,0,3,21,0,24,7,36,34,0,77,4,0,4,81
01/08/2020,CPR,WY,ANM,WE,Combined TRACON& Tower with Radar,8,29,26,0,63,0,2,15,0,17,8,31,41,0,80,0,0,0,80
01/09/2020,CPR,WY,ANM,WE,Combined TRACON& Tower with Radar,8,27,14,0,49,0,0,18,0,18,8,27,32,0,67,28,0,28,95
01/10/2020,CPR,WY,ANM,WE,Combined TRACON& Tower with Radar,4,27,18,3,52,0,0,29,0,29,4,27,47,3,81,2,0,2,83
01/11/2020,CPR,WY,ANM,WE,Combined TRACON& Tower with Radar,5,14,6,1,26,0,0,1,0,1,5,14,7,1,27,0,0,0,27
01/12/2020,CPR,WY,ANM,WE,Combined TRACON& Tower with Radar,5,13,6,0,24,0,1,5,0,6,5,14,11,0,30,14,0,14,44
01/13/2020,CPR,WY,ANM,WE,Combined TRACON& Tower with Radar,3,21,9,0,33,0,1,18,0,19,3,22,27,0,52,18,0,18,70
01/14/2020,CPR,WY,ANM,WE,Combined TRACON& Tower with Radar,6,27,13,0,46,0,1,17,0,18,6,28,30,0,64,22,0,22,86
01/15/2020,CPR,WY,ANM,WE,Combined TRACON& Tower with Radar,7,30,15,0,52,0,5,26,0,31,7,35,41,0,83,14,0,14,97
01/16/2020,CPR,WY,ANM,WE,Combined TRACON& Tower with Radar,7,27,8,0,42,0,2,21,0,23,7,29,29,0,65,14,0,14,79
01/17/2020,CPR,WY,ANM,WE,Combined TRACON& Tower with Radar,4,28,16,3,51,0,0,11,1,12,4,28,27,4,63,10,0,10,73
01/18/2020,CPR,WY,ANM,WE,Combined TRACON& Tower with Radar,5,17,8,0,30,0,5,16,0,21,5,22,24,0,51,38,0,38,89
01/19/2020,CPR,WY,ANM,WE,Combined TRACON& Tower with Radar,1,17,6,0,24,0,7,18,0,25,1,24,24,0,49,20,0,20,69
01/20/2020,CPR,WY,ANM,WE,Combined TRACON& Tower with Radar,4,22,17,0,43,0,1,28,0,29,4,23,45,0,72,36,0,36,108
01/21/2020,CPR,WY,ANM,WE,Combined TRACON& Tower with Radar,7,28,10,0,45,0,3,21,0,24,7,31,31,0,69,48,0,48,117
01/22/2020,CPR,WY,ANM,WE,Combined TRACON& Tower with Radar,7,22,14,0,43,0,2,18,0,20,7,24,32,0,63,18,0,18,81
01/23/2020,CPR,WY,ANM,WE,Combined TRACON& Tower with Radar,6,29,21,12,68,0,3,32,0,35,6,32,53,12,103,68,0,68,171
01/24/2020,CPR,WY,ANM,WE,Combined TRACON& Tower with Radar,5,24,13,2,44,0,0,35,0,35,5,24,48,2,79,38,32,70,149
01/25/2020,CPR,WY,ANM,WE,Combined TRACON& Tower with Radar,5,16,11,0,32,0,0,33,0,33,5,16,44,0,65,38,0,38,103
01/26/2020,CPR,WY,ANM,WE,Combined TRACON& Tower with Radar,3,9,8,0,20,0,2,17,0,19,3,11,25,0,39,52,0,52,91
01/27/2020,CPR,WY,ANM,WE,Combined TRACON& Tower with Radar,3,24,11,0,38,0,0,0,0,0,3,24,11,0,38,0,0,0,38
01/28/2020,CPR,WY,ANM,WE,Combined TRACON& Tower with Radar,6,29,10,0,45,0,3,32,0,35,6,32,42,0,80,66,0,66,146
01/29/2020,CPR,WY,ANM,WE,Combined TRACON& Tower with Radar,7,27,15,0,49,0,1,5,0,6,7,28,20,0,55,8,0,8,63
01/30/2020,CPR,WY,ANM,WE,Combined TRACON& Tower with Radar,5,24,18,9,56,0,0,13,0,13,5,24,31,9,69,36,6,42,111
01/31/2020,CPR,WY,ANM,WE,Combined TRACON& Tower with Radar,6,19,11,0,36,0,1,28,0,29,6,20,39,0,65,42,0,42,107
02/01/2020,CPR,WY,ANM,WE,Combined TRACON& Tower with Radar,5,22,3,0,30,0,0,14,0,14,5,22,17,0,44,10,0,10,54
02/02/2020,CPR,WY,ANM,WE,Combined TRACON& Tower with Radar,3,18,8,0,29,0,0,6,0,6,3,18,14,0,35,0,0,0,35
02/03/2020,CPR,WY,ANM,WE,Combined TRACON& Tower with Radar,3,24,11,0,38,0,0,0,0,0,3,24,11,0,38,0,0,0,38
02/04/2020,CPR,WY,ANM,WE,Combined TRACON& Tower with Radar,7,29,13,0,49,0,1,20,0,21,7,30,33,0,70,24,0,24,94
02/05/2020,CPR,WY,ANM,WE,Combined TRACON& Tower with Radar,7,29,16,2,54,0,1,24,1,26,7,30,40,3,80,30,0,30,110
02/06/2020,CPR,WY,ANM,WE,Combined TRACON& Tower with Radar,6,33,15,0,54,0,0,13,0,13,6,33,28,0,67,6,0,6,73
02/07/2020,CPR,WY,ANM,WE,Combined TRACON& Tower with Radar,7,20,7,0,34,0,3,11,0,14,7,23,18,0,48,68,0,68,116
02/08/2020,CPR,WY,ANM,WE,Combined TRACON& Tower with Radar,8,19,3,0,30,0,2,7,0,9,8,21,10,0,39,36,0,36,75
02/09/2020,CPR,WY,ANM,WE,Combined TRACON& Tower with Radar,3,15,6,0,24,0,1,3,6,10,3,16,9,6,34,0,2,2,36
02/10/2020,CPR,WY,ANM,WE,Combined TRACON& Tower with Radar,4,28,18,0,50,0,0,15,0,15,4,28,33,0,65,26,0,26,91
02/11/2020,CPR,WY,ANM,WE,Combined TRACON& Tower with Radar,7,30,21,0,58,0,0,18,0,18,7,30,39,0,76,22,0,22,98
02/12/2020,CPR,WY,ANM,WE,Combined TRACON& Tower with Radar,9,28,15,0,52,0,0,0,0,0,9,28,15,0,52,0,0,0,52
02/13/2020,CPR,WY,ANM,WE,Combined TRACON& Tower with Radar,6,40,8,0,54,0,0,21,0,21,6,40,29,0,75,28,0,28,103
02/14/2020,CPR,WY,ANM,WE,Combined TRACON& Tower with Radar,7,31,5,0,43,0,0,3,0,3,7,31,8,0,46,4,0,4,50
02/15/2020,CPR,WY,ANM,WE,Combined TRACON& Tower with Radar,6,24,5,2,37,0,5,18,0,23,6,29,23,2,60,16,2,18,78
02/16/2020,CPR,WY,ANM,WE,Combined TRACON& Tower with Radar,3,15,7,0,25,0,1,1,0,2,3,16,8,0,27,0,0,0,27
02/17/2020,CPR,WY,ANM,WE,Combined TRACON& Tower with Radar,3,25,23,0,51,0,0,7,0,7,3,25,30,0,58,18,0,18,76
02/18/2020,CPR,WY,ANM,WE,Combined TRACON& Tower with Radar,7,28,15,0,50,0,1,43,0,44,7,29,58,0,94,34,0,34,128
02/19/2020,CPR,WY,ANM,WE,Combined TRACON& Tower with Radar,6,29,26,0,61,0,1,16,0,17,6,30,42,0,78,24,0,24,102
02/20/2020,CPR,WY,ANM,WE,Combined TRACON& Tower with Radar,6,26,24,0,56,0,0,41,0,41,6,26,65,0,97,12,0,12,109
02/21/2020,CPR,WY,ANM,WE,Combined TRACON& Tower with Radar,6,25,16,2,49,0,2,28,0,30,6,27,44,2,79,0,0,0,79
02/22/2020,CPR,WY,ANM,WE,Combined TRACON& Tower with Radar,6,15,9,0,30,0,2,24,0,26,6,17,33,0,56,32,0,32,88
02/23/2020,CPR,WY,ANM,WE,Combined TRACON& Tower with Radar,3,17,8,0,28,0,0,37,0,37,3,17,45,0,65,24,0,24,89
02/24/2020,CPR,WY,ANM,WE,Combined TRACON& Tower with Radar,6,25,11,0,42,0,0,0,0,0,6,25,11,0,42,0,0,0,42
02/25/2020,CPR,WY,ANM,WE,Combined TRACON& Tower with Radar,7,34,16,0,57,0,1,16,0,17,7,35,32,0,74,0,0,0,74
02/26/2020,CPR,WY,ANM,WE,Combined TRACON& Tower with Radar,5,30,23,0,58,0,0,13,0,13,5,30,36,0,71,26,0,26,97
02/27/2020,CPR,WY,ANM,WE,Combined TRACON& Tower with Radar,5,32,12,0,49,0,3,41,0,44,5,35,53,0,93,16,0,16,109
02/28/2020,CPR,WY,ANM,WE,Combined TRACON& Tower with Radar,7,26,11,6,50,0,1,33,0,34,7,27,44,6,84,6,0,6,90
02/29/2020,CPR,WY,ANM,WE,Combined TRACON& Tower with Radar,10,18,6,0,34,0,3,21,0,24,10,21,27,0,58,12,0,12,70
03/01/2020,CPR,WY,ANM,WE,Combined TRACON& Tower with Radar,3,9,2,0,14,0,0,0,0,0,3,9,2,0,14,0,0,0,14
03/02/2020,CPR,WY,ANM,WE,Combined TRACON& Tower with Radar,7,25,8,0,40,0,5,18,0,23,7,30,26,0,63,18,0,18,81
03/03/2020,CPR,WY,ANM,WE,Combined TRACON& Tower with Radar,7,26,6,0,39,0,0,17,0,17,7,26,23,0,56,34,0,34,90
03/04/2020,CPR,WY,ANM,WE,Combined TRACON& Tower with Radar,6,23,10,0,39,0,3,10,0,13,6,26,20,0,52,4,0,4,56
03/05/2020,CPR,WY,ANM,WE,Combined TRACON& Tower with Radar,5,22,11,0,38,0,0,32,0,32,5,22,43,0,70,12,0,12,82
03/06/2020,CPR,WY,ANM,WE,Combined TRACON& Tower with Radar,5,21,11,0,37,0,1,20,0,21,5,22,31,0,58,6,0,6,64
03/07/2020,CPR,WY,ANM,WE,Combined TRACON& Tower with Radar,6,19,6,2,33,0,0,19,0,19,6,19,25,2,52,2,0,2,54
03/08/2020,CPR,WY,ANM,WE,Combined TRACON& Tower with Radar,0,11,13,2,26,0,3,7,0,10,0,14,20,2,36,0,0,0,36
03/09/2020,CPR,WY,ANM,WE,Combined TRACON& Tower with Radar,2,26,20,0,48,0,4,28,0,32,2,30,48,0,80,16,0,16,96
03/10/2020,CPR,WY,ANM,WE,Combined TRACON& Tower with Radar,7,30,11,0,48,0,4,28,0,32,7,34,39,0,80,2,0,2,82
03/11/2020,CPR,WY,ANM,WE,Combined TRACON& Tower with Radar,5,23,12,0,40,0,0,9,0,9,5,23,21,0,49,0,0,0,49
03/12/2020,CPR,WY,ANM,WE,Combined TRACON& Tower with Radar,4,26,8,0,38,0,0,3,0,3,4,26,11,0,41,0,0,0,41
03/13/2020,CPR,WY,ANM,WE,Combined TRACON& Tower with Radar,4,27,10,0,41,0,0,9,0,9,4,27,19,0,50,96,0,96,146
03/14/2020,CPR,WY,ANM,WE,Combined TRACON& Tower with Radar,3,22,15,0,40,0,0,8,0,8,3,22,23,0,48,20,0,20,68
03/15/2020,CPR,WY,ANM,WE,Combined TRACON& Tower with Radar,0,17,12,0,29,0,0,17,0,17,0,17,29,0,46,16,0,16,62
03/16/2020,CPR,WY,ANM,WE,Combined TRACON& Tower with Radar,3,24,13,0,40,0,0,1,0,1,3,24,14,0,41,0,0,0,41
03/17/2020,CPR,WY,ANM,WE,Combined TRACON& Tower with Radar,5,29,11,0,45,0,6,43,0,49,5,35,54,0,94,22,0,22,116
03/18/2020,CPR,WY,ANM,WE,Combined TRACON& Tower with Radar,5,24,15,0,44,0,3,41,0,44,5,27,56,0,88,46,0,46,134
03/19/2020,CPR,WY,ANM,WE,Combined TRACON& Tower with Radar,4,16,0,0,20,0,0,0,0,0,4,16,0,0,20,0,0,0,20
03/20/2020,CPR,WY,ANM,WE,Combined TRACON& Tower with Radar,5,19,6,0,30,0,0,23,0,23,5,19,29,0,53,104,0,104,157
03/21/2020,CPR,WY,ANM,WE,Combined TRACON& Tower with Radar,3,17,4,0,24,0,0,40,0,40,3,17,44,0,64,28,0,28,92
03/22/2020,CPR,WY,ANM,WE,Combined TRACON& Tower with Radar,0,12,5,0,17,0,0,21,0,21,0,12,26,0,38,16,0,16,54
03/23/2020,CPR,WY,ANM,WE,Combined TRACON& Tower with Radar,3,19,7,0,29,0,1,28,0,29,3,20,35,0,58,58,0,58,116
03/24/2020,CPR,WY,ANM,WE,Combined TRACON& Tower with Radar,5,20,3,0,28,0,1,21,0,22,5,21,24,0,50,64,0,64,114
03/25/2020,CPR,WY,ANM,WE,Combined TRACON& Tower with Radar,5,21,1,0,27,0,0,9,0,9,5,21,10,0,36,16,0,16,52
03/26/2020,CPR,WY,ANM,WE,Combined TRACON& Tower with Radar,5,19,11,0,35,0,0,20,0,20,5,19,31,0,55,76,0,76,131
03/27/2020,CPR,WY,ANM,WE,Combined TRACON& Tower with Radar,5,20,1,0,26,0,5,25,0,30,5,25,26,0,56,28,0,28,84
03/28/2020,CPR,WY,ANM,WE,Combined TRACON& Tower with Radar,2,10,5,0,17,0,0,46,0,46,2,10,51,0,63,16,0,16,79
03/29/2020,CPR,WY,ANM,WE,Combined TRACON& Tower with Radar,0,8,4,0,12,0,2,13,0,15,0,10,17,0,27,8,0,8,35
03/30/2020,CPR,WY,ANM,WE,Combined TRACON& Tower with Radar,1,11,6,0,18,0,2,44,0,46,1,13,50,0,64,48,0,48,112
03/31/2020,CPR,WY,ANM,WE,Combined TRACON& Tower with Radar,5,22,12,1,40,0,1,15,1,17,5,23,27,2,57,0,0,0,57
04/01/2020,CPR,WY,ANM,WE,Combined TRACON& Tower with Radar,4,19,0,0,23,0,0,2,0,2,4,19,2,0,25,0,0,0,25
04/02/2020,CPR,WY,ANM,WE,Combined TRACON& Tower with Radar,3,19,5,0,27,0,0,5,0,5,3,19,10,0,32,0,0,0,32
04/03/2020,CPR,WY,ANM,WE,Combined TRACON& Tower with Radar,3,15,2,0,20,0,1,33,0,34,3,16,35,0,54,36,0,36,90
04/04/2020,CPR,WY,ANM,WE,Combined TRACON& Tower with Radar,1,12,5,0,18,0,0,35,0,35,1,12,40,0,53,20,0,20,73
04/05/2020,CPR,WY,ANM,WE,Combined TRACON& Tower with Radar,0,10,3,0,13,0,0,25,0,25,0,10,28,0,38,4,0,4,42
04/06/2020,CPR,WY,ANM,WE,Combined TRACON& Tower with Radar,2,13,7,0,22,0,1,36,0,37,2,14,43,0,59,4,0,4,63
04/07/2020,CPR,WY,ANM,WE,Combined TRACON& Tower with Radar,3,18,2,0,23,0,0,11,0,11,3,18,13,0,34,0,0,0,34
04/08/2020,CPR,WY,ANM,WE,Combined TRACON& Tower with Radar,3,16,11,2,32,0,0,31,0,31,3,16,42,2,63,14,0,14,77
04/09/2020,CPR,WY,ANM,WE,Combined TRACON& Tower with Radar,4,19,9,0,32,0,4,68,0,72,4,23,77,0,104,54,0,54,158
04/10/2020,CPR,WY,ANM,WE,Combined TRACON& Tower with Radar,3,18,12,0,33,0,0,27,0,27,3,18,39,0,60,22,0,22,82
04/11/2020,CPR,WY,ANM,WE,Combined TRACON& Tower with Radar,2,15,1,0,18,0,0,2,0,2,2,15,3,0,20,2,0,2,22
04/12/2020,CPR,WY,ANM,WE,Combined TRACON& Tower with Radar,0,4,1,0,5,0,0,2,0,2,0,4,3,0,7,0,0,0,7
04/13/2020,CPR,WY,ANM,WE,Combined TRACON& Tower with Radar,2,9,4,0,15,0,0,36,0,36,2,9,40,0,51,36,0,36,87
04/14/2020,CPR,WY,ANM,WE,Combined TRACON& Tower with Radar,3,14,15,0,32,0,0,52,0,52,3,14,67,0,84,30,0,30,114
04/15/2020,CPR,WY,ANM,WE,Combined TRACON& Tower with Radar,4,16,2,0,22,0,0,26,0,26,4,16,28,0,48,46,0,46,94
04/16/2020,CPR,WY,ANM,WE,Combined TRACON& Tower with Radar,4,16,2,0,22,0,0,1,0,1,4,16,3,0,23,0,0,0,23
04/17/2020,CPR,WY,ANM,WE,Combined TRACON& Tower with Radar,3,14,2,3,22,0,0,44,0,44,3,14,46,3,66,20,2,22,88
04/18/2020,CPR,WY,ANM,WE,Combined TRACON& Tower with Radar,2,13,5,0,20,0,5,40,0,45,2,18,45,0,65,56,0,56,121
04/19/2020,CPR,WY,ANM,WE,Combined TRACON& Tower with Radar,0,7,10,0,17,0,0,10,0,10,0,7,20,0,27,34,0,34,61
04/20/2020,CPR,WY,ANM,WE,Combined TRACON& Tower with Radar,2,12,10,0,24,0,1,45,0,46,2,13,55,0,70,74,0,74,144
04/21/2020,CPR,WY,ANM,WE,Combined TRACON& Tower with Radar,4,18,12,8,42,0,6,52,0,58,4,24,64,8,100,24,12,36,136
04/22/2020,CPR,WY,ANM,WE,Combined TRACON& Tower with Radar,4,16,6,0,26,0,2,47,0,49,4,18,53,0,75,38,0,38,113
04/23/2020,CPR,WY,ANM,WE,Combined TRACON& Tower with Radar,1,19,10,0,30,0,0,4,0,4,1,19,14,0,34,0,0,0,34
04/24/2020,CPR,WY,ANM,WE,Combined TRACON& Tower with Radar,2,14,2,0,18,0,4,11,0,15,2,18,13,0,33,52,0,52,85
04/25/2020,CPR,WY,ANM,WE,Combined TRACON& Tower with Radar,1,10,9,0,20,0,3,58,2,63,1,13,67,2,83,36,0,36,119
04/26/2020,CPR,WY,ANM,WE,Combined TRACON& Tower with Radar,0,7,3,0,10,0,2,11,0,13,0,9,14,0,23,12,0,12,35
04/27/2020,CPR,WY,ANM,WE,Combined TRACON& Tower with Radar,2,13,8,0,23,0,2,22,0,24,2,15,30,0,47,2,0,2,49
04/28/2020,CPR,WY,ANM,WE,Combined TRACON& Tower with Radar,4,18,12,0,34,0,1,29,0,30,4,19,41,0,64,4,0,4,68
04/29/2020,CPR,WY,ANM,WE,Combined TRACON& Tower with Radar,4,16,8,0,28,0,2,76,1,79,4,18,84,1,107,96,0,96,203
04/30/2020,CPR,WY,ANM,WE,Combined TRACON& Tower with Radar,4,19,12,1,36,0,1,26,1,28,4,20,38,2,64,20,0,20,84
05/01/2020,CPR,WY,ANM,WE,Combined TRACON& Tower with Radar,3,16,4,0,23,0,1,25,0,26,3,17,29,0,49,46,0,46,95
05/02/2020,CPR,WY,ANM,WE,Combined TRACON& Tower with Radar,2,21,7,0,30,0,1,34,0,35,2,22,41,0,65,22,0,22,87
05/03/2020,CPR,WY,ANM,WE,Combined TRACON& Tower with Radar,0,3,3,0,6,0,0,7,0,7,0,3,10,0,13,12,0,12,25
05/04/2020,CPR,WY,ANM,WE,Combined TRACON& Tower with Radar,2,14,7,0,23,0,0,6,0,6,2,14,13,0,29,2,0,2,31
05/05/2020,CPR,WY,ANM,WE,Combined TRACON& Tower with Radar,2,22,8,0,32,0,1,54,2,57,2,23,62,2,89,48,0,48,137
05/06/2020,CPR,WY,ANM,WE,Combined TRACON& Tower with Radar,2,20,16,6,44,0,1,39,0,40,2,21,55,6,84,68,0,68,152
05/07/2020,CPR,WY,ANM,WE,Combined TRACON& Tower with Radar,1,21,6,0,28,0,2,5,0,7,1,23,11,0,35,10,0,10,45
05/08/2020,CPR,WY,ANM,WE,Combined TRACON& Tower with Radar,4,20,6,0,30,0,2,52,0,54,4,22,58,0,84,46,0,46,130
05/09/2020,CPR,WY,ANM,WE,Combined TRACON& Tower with Radar,2,15,4,0,21,0,1,6,0,7,2,16,10,0,28,8,0,8,36
05/10/2020,CPR,WY,ANM,WE,Combined TRACON& Tower with Radar,0,9,8,0,17,0,1,36,0,37,0,10,44,0,54,20,0,20,74
05/11/2020,CPR,WY,ANM,WE,Combined TRACON& Tower with Radar,2,12,11,0,25,0,0,42,0,42,2,12,53,0,67,30,0,30,97
05/12/2020,CPR,WY,ANM,WE,Combined TRACON& Tower with Radar,2,16,8,0,26,0,3,19,0,22,2,19,27,0,48,20,0,20,68
05/13/2020,CPR,WY,ANM,WE,Combined TRACON& Tower with Radar,2,20,10,1,33,0,5,36,0,41,2,25,46,1,74,60,0,60,134
05/14/2020,CPR,WY,ANM,WE,Combined TRACON& Tower with Radar,2,13,5,0,20,0,9,38,0,47,2,22,43,0,67,42,0,42,109
05/15/2020,CPR,WY,ANM,WE,Combined TRACON& Tower with Radar,3,20,6,0,29,0,6,36,0,42,3,26,42,0,71,22,0,22,93
05/16/2020,CPR,WY,ANM,WE,Combined TRACON& Tower with Radar,2,10,2,0,14,0,6,36,0,42,2,16,38,0,56,76,0,76,132
05/17/2020,CPR,WY,ANM,WE,Combined TRACON& Tower with Radar,0,5,3,0,8,0,1,52,0,53,0,6,55,0,61,28,0,28,89
05/18/2020,CPR,WY,ANM,WE,Combined TRACON& Tower with Radar,2,17,7,0,26,0,0,46,0,46,2,17,53,0,72,32,0,32,104
05/19/2020,CPR,WY,ANM,WE,Combined TRACON& Tower with Radar,2,22,7,0,31,0,0,41,0,41,2,22,48,0,72,42,0,42,114
05/20/2020,CPR,WY,ANM,WE,Combined TRACON& Tower with Radar,2,21,5,0,28,0,1,33,0,34,2,22,38,0,62,68,0,68,130
05/21/2020,CPR,WY,ANM,WE,Combined TRACON& Tower with Radar,1,20,10,0,31,0,1,14,0,15,1,21,24,0,46,4,0,4,50
05/22/2020,CPR,WY,ANM,WE,Combined TRACON& Tower with Radar,2,18,7,0,27,0,0,35,0,35,2,18,42,0,62,54,0,54,116
05/23/2020,CPR,WY,ANM,WE,Combined TRACON& Tower with Radar,2,12,8,0,22,0,0,25,0,25,2,12,33,0,47,10,0,10,57
05/24/2020,CPR,WY,ANM,WE,Combined TRACON& Tower with Radar,0,7,3,0,10,0,1,10,0,11,0,8,13,0,21,2,0,2,23
05/25/2020,CPR,WY,ANM,WE,Combined TRACON& Tower with Radar,0,9,15,0,24,0,1,22,0,23,0,10,37,0,47,8,0,8,55
05/26/2020,CPR,WY,ANM,WE,Combined TRACON& Tower with Radar,2,14,14,0,30,0,0,38,2,40,2,14,52,2,70,28,0,28,98
05/27/2020,CPR,WY,ANM,WE,Combined TRACON& Tower with Radar,2,19,18,0,39,0,0,25,0,25,2,19,43,0,64,24,0,24,88
05/28/2020,CPR,WY,ANM,WE,Combined TRACON& Tower with Radar,1,14,8,1,24,0,3,25,1,29,1,17,33,2,53,24,0,24,77
05/29/2020,CPR,WY,ANM,WE,Combined TRACON& Tower with Radar,1,11,8,2,22,0,7,22,0,29,1,18,30,2,51,18,0,18,69
05/30/2020,CPR,WY,ANM,WE,Combined TRACON& Tower with Radar,0,8,6,0,14,0,1,20,0,21,0,9,26,0,35,8,0,8,43
05/31/2020,CPR,WY,ANM,WE,Combined TRACON& Tower with Radar,0,7,6,0,13,0,3,12,0,15,0,10,18,0,28,12,0,12,40
06/01/2020,CPR,WY,ANM,WE,Combined TRACON& Tower with Radar,1,13,9,0,23,0,0,18,0,18,1,13,27,0,41,4,0,4,45
06/02/2020,CPR,WY,ANM,WE,Combined TRACON& Tower with Radar,2,24,6,2,34,0,0,15,0,15,2,24,21,2,49,0,4,4,53
06/03/2020,CPR,WY,ANM,WE,Combined TRACON& Tower with Radar,2,19,7,1,29,0,0,14,0,14,2,19,21,1,43,0,0,0,43
06/04/2020,CPR,WY,ANM,WE,Combined TRACON& Tower with Radar,5,10,7,0,22,0,0,12,0,12,5,10,19,0,34,0,0,0,34
06/05/2020,CPR,WY,ANM,WE,Combined TRACON& Tower with Radar,5,11,4,0,20,0,6,14,0,20,5,17,18,0,40,4,0,4,44
06/06/2020,CPR,WY,ANM,WE,Combined TRACON& Tower with Radar,6,11,6,0,23,0,0,5,0,5,6,11,11,0,28,0,0,0,28
06/07/2020,CPR,WY,ANM,WE,Combined TRACON& Tower with Radar,4,6,1,0,11,0,5,14,0,19,4,11,15,0,30,8,0,8,38
06/08/2020,CPR,WY,ANM,WE,Combined TRACON& Tower with Radar,2,8,9,2,21,0,1,26,0,27,2,9,35,2,48,64,0,64,112
06/09/2020,CPR,WY,ANM,WE,Combined TRACON& Tower with Radar,3,14,25,2,44,0,1,47,0,48,3,15,72,2,92,62,0,62,154
06/10/2020,CPR,WY,ANM,WE,Combined TRACON& Tower with Radar,3,9,13,0,25,0,1,36,0,37,3,10,49,0,62,68,0,68,130
06/11/2020,CPR,WY,ANM,WE,Combined TRACON& Tower with Radar,3,6,12,0,21,0,1,50,0,51,3,7,62,0,72,62,0,62,134
06/12/2020,CPR,WY,ANM,WE,Combined TRACON& Tower with Radar,4,7,14,1,26,0,1,51,0,52,4,8,65,1,78,54,0,54,132
06/13/2020,CPR,WY,ANM,WE,Combined TRACON& Tower with Radar,5,8,7,0,20,0,0,25,0,25,5,8,32,0,45,4,0,4,49
06/14/2020,CPR,WY,ANM,WE,Combined TRACON& Tower with Radar,3,0,2,0,5,0,3,18,0,21,3,3,20,0,26,0,0,0,26
06/15/2020,CPR,WY,ANM,WE,Combined TRACON& Tower with Radar,4,3,12,0,19,0,2,56,0,58,4,5,68,0,77,78,0,78,155
06/16/2020,CPR,WY,ANM,WE,Combined TRACON& Tower with Radar,5,10,15,2,32,0,4,29,0,33,5,14,44,2,65,18,0,18,83
06/17/2020,CPR,WY,ANM,WE,Combined TRACON& Tower with Radar,2,11,13,8,34,0,0,41,0,41,2,11,54,8,75,38,0,38,113
06/18/2020,CPR,WY,ANM,WE,Combined TRACON& Tower with Radar,3,10,15,0,28,0,2,53,0,55,3,12,68,0,83,142,0,142,225
06/19/2020,CPR,WY,ANM,WE,Combined TRACON& Tower with Radar,4,11,4,0,19,0,1,33,0,34,4,12,37,0,53,102,0,102,155
06/20/2020,CPR,WY,ANM,WE,Combined TRACON& Tower with Radar,3,8,7,0,18,0,0,41,0,41,3,8,48,0,59,6,0,6,65
06/21/2020,CPR,WY,ANM,WE,Combined TRACON& Tower with Radar,3,1,5,0,9,0,0,20,0,20,3,1,25,0,29,20,0,20,49
06/22/2020,CPR,WY,ANM,WE,Combined TRACON& Tower with Radar,4,3,6,2,15,0,1,29,0,30,4,4,35,2,45,20,0,20,65
06/23/2020,CPR,WY,ANM,WE,Combined TRACON& Tower with Radar,3,7,3,0,13,0,2,59,0,61,3,9,62,0,74,30,0,30,104
06/24/2020,CPR,WY,ANM,WE,Combined TRACON& Tower with Radar,3,14,15,0,32,0,2,50,0,52,3,16,65,0,84,70,0,70,154
06/25/2020,CPR,WY,ANM,WE,Combined TRACON& Tower with Radar,3,10,11,0,24,0,6,28,3,37,3,16,39,3,61,54,0,54,115
06/26/2020,CPR,WY,ANM,WE,Combined TRACON& Tower with Radar,3,8,19,0,30,0,2,40,0,42,3,10,59,0,72,56,0,56,128
06/27/2020,CPR,WY,ANM,WE,Combined TRACON& Tower with Radar,3,8,3,0,14,0,2,37,0,39,3,10,40,0,53,32,0,32,85
06/28/2020,CPR,WY,ANM,WE,Combined TRACON& Tower with Radar,3,2,2,0,7,0,0,24,0,24,3,2,26,0,31,48,0,48,79
06/29/2020,CPR,WY,ANM,WE,Combined TRACON& Tower with Radar,4,4,9,0,17,0,2,23,0,25,4,6,32,0,42,60,0,60,102
06/30/2020,CPR,WY,ANM,WE,Combined TRACON& Tower with Radar,2,14,6,0,22,0,0,18,0,18,2,14,24,0,40,14,0,14,54
07/01/2020,CPR,WY,ANM,WE,Combined TRACON& Tower with Radar,4,10,6,0,20,0,1,33,0,34,4,11,39,0,54,26,0,26,80
07/02/2020,CPR,WY,ANM,WE,Combined TRACON& Tower with Radar,4,12,13,0,29,0,0,35,0,35,4,12,48,0,64,36,0,36,100
07/03/2020,CPR,WY,ANM,WE,Combined TRACON& Tower with Radar,6,10,10,0,26,0,2,37,0,39,6,12,47,0,65,18,0,18,83
07/04/2020,CPR,WY,ANM,WE,Combined TRACON& Tower with Radar,3,1,3,0,7,0,1,28,0,29,3,2,31,0,36,8,0,8,44
07/05/2020,CPR,WY,ANM,WE,Combined TRACON& Tower with Radar,3,2,1,0,6,0,5,29,2,36,3,7,30,2,42,0,0,0,42
07/06/2020,CPR,WY,ANM,WE,Combined TRACON& Tower with Radar,1,9,10,0,20,0,0,44,0,44,1,9,54,0,64,54,0,54,118
07/07/2020,CPR,WY,ANM,WE,Combined TRACON& Tower with Radar,2,16,9,0,27,0,0,39,0,39,2,16,48,0,66,48,0,48,114
07/08/2020,CPR,WY,ANM,WE,Combined TRACON& Tower with Radar,3,13,11,0,27,0,0,46,0,46,3,13,57,0,73,26,0,26,99
07/09/2020,CPR,WY,ANM,WE,Combined TRACON& Tower with Radar,2,13,11,0,26,0,0,75,0,75,2,13,86,0,101,98,0,98,199
07/10/2020,CPR,WY,ANM,WE,Combined TRACON& Tower with Radar,2,11,14,0,27,0,0,28,0,28,2,11,42,0,55,32,0,32,87
07/11/2020,CPR,WY,ANM,WE,Combined TRACON& Tower with Radar,2,15,7,0,24,0,1,30,0,31,2,16,37,0,55,40,0,40,95
07/12/2020,CPR,WY,ANM,WE,Combined TRACON& Tower with Radar,2,6,4,0,12,0,2,17,1,20,2,8,21,1,32,30,0,30,62
07/13/2020,CPR,WY,ANM,WE,Combined TRACON& Tower with Radar,1,9,6,0,16,0,3,29,0,32,1,12,35,0,48,22,0,22,70
07/14/2020,CPR,WY,ANM,WE,Combined TRACON& Tower with Radar,2,10,7,0,19,0,2,42,0,44,2,12,49,0,63,10,0,10,73
07/15/2020,CPR,WY,ANM,WE,Combined TRACON& Tower with Radar,2,11,13,0,26,0,4,50,2,56,2,15,63,2,82,40,0,40,122
07/16/2020,CPR,WY,ANM,WE,Combined TRACON& Tower with Radar,1,12,8,0,21,0,13,51,0,64,1,25,59,0,85,36,0,36,121
07/17/2020,CPR,WY,ANM,WE,Combined TRACON& Tower with Radar,2,8,2,0,12,0,2,26,0,28,2,10,28,0,40,54,0,54,94
07/18/2020,CPR,WY,ANM,WE,Combined TRACON& Tower with Radar,2,10,2,0,14,0,0,24,0,24,2,10,26,0,38,44,0,44,82
07/19/2020,CPR,WY,ANM,WE,Combined TRACON& Tower with Radar,2,5,8,0,15,0,9,33,0,42,2,14,41,0,57,16,0,16,73
07/20/2020,CPR,WY,ANM,WE,Combined TRACON& Tower with Radar,2,5,8,0,15,0,0,34,0,34,2,5,42,0,49,44,0,44,93
07/21/2020,CPR,WY,ANM,WE,Combined TRACON& Tower with Radar,1,16,6,0,23,0,0,53,0,53,1,16,59,0,76,38,0,38,114
07/22/2020,CPR,WY,ANM,WE,Combined TRACON& Tower with Radar,2,10,13,0,25,0,3,42,0,45,2,13,55,0,70,24,0,24,94
07/23/2020,CPR,WY,ANM,WE,Combined TRACON& Tower with Radar,2,9,16,0,27,0,9,23,0,32,2,18,39,0,59,1,0,1,60
07/24/2020,CPR,WY,ANM,WE,Combined TRACON& Tower with Radar,1,9,8,0,18,0,3,43,0,46,1,12,51,0,64,60,0,60,124
07/25/2020,CPR,WY,ANM,WE,Combined TRACON& Tower with Radar,1,11,7,0,19,0,0,30,1,31,1,11,37,1,50,22,0,22,72
07/26/2020,CPR,WY,ANM,WE,Combined TRACON& Tower with Radar,1,7,4,0,12,0,2,26,0,28,1,9,30,0,40,18,0,18,58
07/27/2020,CPR,WY,ANM,WE,Combined TRACON& Tower with Radar,1,9,8,0,18,0,3,38,0,41,1,12,46,0,59,36,0,36,95
07/28/2020,CPR,WY,ANM,WE,Combined TRACON& Tower with Radar,3,16,6,0,25,0,0,22,0,22,3,16,28,0,47,42,0,42,89
07/29/2020,CPR,WY,ANM,WE,Combined TRACON& Tower with Radar,2,13,19,0,34,0,0,28,0,28,2,13,47,0,62,36,0,36,98
07/30/2020,CPR,WY,ANM,WE,Combined TRACON& Tower with Radar,4,11,16,0,31,0,0,42,0,42,4,11,58,0,73,46,0,46,119
07/31/2020,CPR,WY,ANM,WE,Combined TRACON& Tower with Radar,3,9,7,0,19,0,3,44,0,47,3,12,51,0,66,8,0,8,74
08/01/2020,CPR,WY,ANM,WE,Combined TRACON& Tower with Radar,1,11,5,0,17,0,0,43,0,43,1,11,48,0,60,18,0,18,78
08/02/2020,CPR,WY,ANM,WE,Combined TRACON& Tower with Radar,1,10,5,1,17,0,3,23,0,26,1,13,28,1,43,6,0,6,49
08/03/2020,CPR,WY,ANM,WE,Combined TRACON& Tower with Radar,1,6,9,1,17,0,4,51,0,55,1,10,60,1,72,36,0,36,108
08/04/2020,CPR,WY,ANM,WE,Combined TRACON& Tower with Radar,2,12,11,0,25,0,8,81,0,89,2,20,92,0,114,44,0,44,158
08/05/2020,CPR,WY,ANM,WE,Combined TRACON& Tower with Radar,0,14,8,0,22,0,8,53,5,66,0,22,61,5,88,0,0,0,88
08/06/2020,CPR,WY,ANM,WE,Combined TRACON& Tower with Radar,2,19,13,0,34,0,1,79,2,82,2,20,92,2,116,12,0,12,128
08/07/2020,CPR,WY,ANM,WE,Combined TRACON& Tower with Radar,2,13,10,1,26,0,3,95,0,98,2,16,105,1,124,0,0,0,124
08/08/2020,CPR,WY,ANM,WE,Combined TRACON& Tower with Radar,2,10,7,0,19,0,0,78,0,78,2,10,85,0,97,4,0,4,101
08/09/2020,CPR,WY,ANM,WE,Combined TRACON& Tower with Radar,1,9,2,0,12,0,0,34,0,34,1,9,36,0,46,2,0,2,48
08/10/2020,CPR,WY,ANM,WE,Combined TRACON& Tower with Radar,0,13,8,0,21,0,0,52,0,52,0,13,60,0,73,26,0,26,99
08/11/2020,CPR,WY,ANM,WE,Combined TRACON& Tower with Radar,0,17,9,0,26,0,24,36,0,60,0,41,45,0,86,14,0,14,100
08/12/2020,CPR,WY,ANM,WE,Combined TRACON& Tower with Radar,1,21,10,0,32,0,10,39,0,49,1,31,49,0,81,28,0,28,109
08/13/2020,CPR,WY,ANM,WE,Combined TRACON& Tower with Radar,0,20,8,0,28,0,2,37,0,39,0,22,45,0,67,42,0,42,109
08/14/2020,CPR,WY,ANM,WE,Combined TRACON& Tower with Radar,1,21,11,0,33,0,0,35,0,35,1,21,46,0,68,56,0,56,124
08/15/2020,CPR,WY,ANM,WE,Combined TRACON& Tower with Radar,1,18,1,0,20,0,0,22,0,22,1,18,23,0,42,2,0,2,44
08/16/2020,CPR,WY,ANM,WE,Combined TRACON& Tower with Radar,0,6,7,2,15,0,0,30,0,30,0,6,37,2,45,22,0,22,67
08/17/2020,CPR,WY,ANM,WE,Combined TRACON& Tower with Radar,1,16,17,0,34,0,2,61,0,63,1,18,78,0,97,20,0,20,117
08/18/2020,CPR,WY,ANM,WE,Combined TRACON& Tower with Radar,1,23,21,0,45,0,2,52,0,54,1,25,73,0,99,46,0,46,145
08/19/2020,CPR,WY,ANM,WE,Combined TRACON& Tower with Radar,3,22,19,2,46,0,9,65,1,75,3,31,84,3,121,70,0,70,191
08/20/2020,CPR,WY,ANM,WE,Combined TRACON& Tower with Radar,2,29,26,2,59,0,2,59,0,61,2,31,85,2,120,70,0,70,190
08/21/2020,CPR,WY,ANM,WE,Combined TRACON& Tower with Radar,3,23,17,0,43,0,3,48,0,51,3,26,65,0,94,60,0,60,154
08/22/2020,CPR,WY,ANM,WE,Combined TRACON& Tower with Radar,5,17,11,0,33,0,9,30,0,39,5,26,41,0,72,0,0,0,72
08/23/2020,CPR,WY,ANM,WE,Combined TRACON& Tower with Radar,1,9,9,0,19,0,4,47,0,51,1,13,56,0,70,10,0,10,80
08/24/2020,CPR,WY,ANM,WE,Combined TRACON& Tower with Radar,1,19,14,0,34,0,7,60,0,67,1,26,74,0,101,28,0,28,129
08/25/2020,CPR,WY,ANM,WE,Combined TRACON& Tower with Radar,2,29,13,0,44,0,7,45,0,52,2,36,58,0,96,60,0,60,156
08/26/2020,CPR,WY,ANM,WE,Combined TRACON& Tower with Radar,3,27,14,0,44,0,0,49,0,49,3,27,63,0,93,64,0,64,157
08/27/2020,CPR,WY,ANM,WE,Combined TRACON& Tower with Radar,3,27,8,0,38,0,1,45,1,47,3,28,53,1,85,28,0,28,113
08/28/2020,CPR,WY,ANM,WE,Combined TRACON& Tower with Radar,4,23,5,0,32,0,0,45,2,47,4,23,50,2,79,28,0,28,107
08/29/2020,CPR,WY,ANM,WE,Combined TRACON& Tower with Radar,2,22,10,0,34,0,1,35,0,36,2,23,45,0,70,46,0,46,116
08/30/2020,CPR,WY,ANM,WE,Combined TRACON& Tower with Radar,0,9,4,0,13,0,0,22,0,22,0,9,26,0,35,4,0,4,39
08/31/2020,CPR,WY,ANM,WE,Combined TRACON& Tower with Radar,1,19,13,10,43,0,1,48,2,51,1,20,61,12,94,48,4,52,146
09/01/2020,CPR,WY,ANM,WE,Combined TRACON& Tower with Radar,2,26,14,0,42,0,2,47,0,49,2,28,61,0,91,26,0,26,117
09/02/2020,CPR,WY,ANM,WE,Combined TRACON& Tower with Radar,5,24,11,0,40,0,8,25,0,33,5,32,36,0,73,34,0,34,107
09/03/2020,CPR,WY,ANM,WE,Combined TRACON& Tower with Radar,3,24,10,2,39,0,7,42,0,49,3,31,52,2,88,50,0,50,138
09/04/2020,CPR,WY,ANM,WE,Combined TRACON& Tower with Radar,7,20,8,5,40,0,3,52,2,57,7,23,60,7,97,56,0,56,153
09/05/2020,CPR,WY,ANM,WE,Combined TRACON& Tower with Radar,1,18,6,0,25,0,0,82,0,82,1,18,88,0,107,32,0,32,139
09/06/2020,CPR,WY,ANM,WE,Combined TRACON& Tower with Radar,0,13,3,1,17,0,3,51,0,54,0,16,54,1,71,0,0,0,71
09/07/2020,CPR,WY,ANM,WE,Combined TRACON& Tower with Radar,3,7,4,0,14,0,0,18,0,18,3,7,22,0,32,10,0,10,42
09/08/2020,CPR,WY,ANM,WE,Combined TRACON& Tower with Radar,2,11,12,0,25,0,0,1,0,1,2,11,13,0,26,0,0,0,26
09/09/2020,CPR,WY,ANM,WE,Combined TRACON& Tower with Radar,4,24,12,4,44,0,0,17,0,17,4,24,29,4,61,0,8,8,69
09/10/2020,CPR,WY,ANM,WE,Combined TRACON& Tower with Radar,2,30,11,0,43,0,4,50,0,54,2,34,61,0,97,64,0,64,161
09/11/2020,CPR,WY,ANM,WE,Combined TRACON& Tower with Radar,1,26,16,2,45,0,2,31,0,33,1,28,47,2,78,34,4,38,116
09/12/2020,CPR,WY,ANM,WE,Combined TRACON& Tower with Radar,0,18,3,0,21,0,6,62,8,76,0,24,65,8,97,78,0,78,175
09/13/2020,CPR,WY,ANM,WE,Combined TRACON& Tower with Radar,0,10,11,0,21,0,2,40,0,42,0,12,51,0,63,28,0,28,91
09/14/2020,CPR,WY,ANM,WE,Combined TRACON& Tower with Radar,2,14,11,0,27,0,4,43,0,47,2,18,54,0,74,62,0,62,136
09/15/2020,CPR,WY,ANM,WE,Combined TRACON& Tower with Radar,3,26,16,0,45,0,3,46,0,49,3,29,62,0,94,98,0,98,192
09/16/2020,CPR,WY,ANM,WE,Combined TRACON& Tower with Radar,1,19,11,0,31,0,0,38,0,38,1,19,49,0,69,66,0,66,135
09/17/2020,CPR,WY,ANM,WE,Combined TRACON& Tower with Radar,2,15,17,2,36,0,0,27,3,30,2,15,44,5,66,44,0,44,110
09/18/2020,CPR,WY,ANM,WE,Combined TRACON& Tower with Radar,1,18,19,0,38,0,4,32,0,36,1,22,51,0,74,6,0,6,80
09/19/2020,CPR,WY,ANM,WE,Combined TRACON& Tower with Radar,1,17,3,0,21,0,3,60,0,63,1,20,63,0,84,0,0,0,84
09/20/2020,CPR,WY,ANM,WE,Combined TRACON& Tower with Radar,0,12,9,0,21,0,1,9,0,10,0,13,18,0,31,2,0,2,33
09/21/2020,CPR,WY,ANM,WE,Combined TRACON& Tower with Radar,1,13,13,0,27,0,5,38,0,43,1,18,51,0,70,20,0,20,90
09/22/2020,CPR,WY,ANM,WE,Combined TRACON& Tower with Radar,1,20,12,0,33,0,4,45,0,49,1,24,57,0,82,12,0,12,94
09/23/2020,CPR,WY,ANM,WE,Combined TRACON& Tower with Radar,2,15,17,0,34,0,3,48,0,51,2,18,65,0,85,20,0,20,105
09/24/2020,CPR,WY,ANM,WE,Combined TRACON& Tower with Radar,0,17,9,0,26,0,0,19,2,21,0,17,28,2,47,4,0,4,51
09/25/2020,CPR,WY,ANM,WE,Combined TRACON& Tower with Radar,3,18,8,0,29,0,0,28,1,29,3,18,36,1,58,8,0,8,66
09/26/2020,CPR,WY,ANM,WE,Combined TRACON& Tower with Radar,3,11,8,0,22,0,0,7,0,7,3,11,15,0,29,0,0,0,29
09/27/2020,CPR,WY,ANM,WE,Combined TRACON& Tower with Radar,0,13,6,0,19,0,0,21,0,21,0,13,27,0,40,0,0,0,40
09/28/2020,CPR,WY,ANM,WE,Combined TRACON& Tower with Radar,1,11,12,0,24,0,1,34,0,35,1,12,46,0,59,16,0,16,75
09/29/2020,CPR,WY,ANM,WE,Combined TRACON& Tower with Radar,1,17,10,0,28,0,0,31,1,32,1,17,41,1,60,22,0,22,82
09/30/2020,CPR,WY,ANM,WE,Combined TRACON& Tower with Radar,0,17,13,10,40,0,4,60,0,64,0,21,73,10,104,77,6,83,187
10/01/2020,CPR,WY,ANM,WE,Combined TRACON& Tower with Radar,0,21,12,0,33,0,0,41,0,41,0,21,53,0,74,62,0,62,136
10/02/2020,CPR,WY,ANM,WE,Combined TRACON& Tower with Radar,3,17,17,0,37,0,0,41,0,41,3,17,58,0,78,18,0,18,96
10/03/2020,CPR,WY,ANM,WE,Combined TRACON& Tower with Radar,1,16,8,0,25,0,1,40,0,41,1,17,48,0,66,60,0,60,126
10/04/2020,CPR,WY,ANM,WE,Combined TRACON& Tower with Radar,0,9,8,0,17,0,0,11,0,11,0,9,19,0,28,0,0,0,28
10/05/2020,CPR,WY,ANM,WE,Combined TRACON& Tower with Radar,0,17,8,0,25,0,0,24,0,24,0,17,32,0,49,56,0,56,105
10/06/2020,CPR,WY,ANM,WE,Combined TRACON& Tower with Radar,2,19,3,1,25,0,0,35,0,35,2,19,38,1,60,56,0,56,116
10/07/2020,CPR,WY,ANM,WE,Combined TRACON& Tower with Radar,1,25,18,0,44,0,0,40,0,40,1,25,58,0,84,38,0,38,122
10/08/2020,CPR,WY,ANM,WE,Combined TRACON& Tower with Radar,2,16,19,0,37,0,2,44,0,46,2,18,63,0,83,22,0,22,105
10/09/2020,CPR,WY,ANM,WE,Combined TRACON& Tower with Radar,2,16,10,0,28,0,3,46,0,49,2,19,56,0,77,76,0,76,153
10/10/2020,CPR,WY,ANM,WE,Combined TRACON& Tower with Radar,0,19,7,0,26,0,0,31,0,31,0,19,38,0,57,18,0,18,75
10/11/2020,CPR,WY,ANM,WE,Combined TRACON& Tower with Radar,0,18,7,0,25,0,3,1,0,4,0,21,8,0,29,0,0,0,29
10/12/2020,CPR,WY,ANM,WE,Combined TRACON& Tower with Radar,2,21,9,0,32,0,0,13,0,13,2,21,22,0,45,10,0,10,55
10/13/2020,CPR,WY,ANM,WE,Combined TRACON& Tower with Radar,2,30,6,0,38,0,1,36,0,37,2,31,42,0,75,30,0,30,105
10/14/2020,CPR,WY,ANM,WE,Combined TRACON& Tower with Radar,2,34,19,0,55,0,0,14,2,16,2,34,33,2,71,18,0,18,89
10/15/2020,CPR,WY,ANM,WE,Combined TRACON& Tower with Radar,2,25,11,2,40,0,3,45,2,50,2,28,56,4,90,52,5,57,147
10/16/2020,CPR,WY,ANM,WE,Combined TRACON& Tower with Radar,2,23,12,0,37,0,0,27,0,27,2,23,39,0,64,8,0,8,72
10/17/2020,CPR,WY,ANM,WE,Combined TRACON& Tower with Radar,0,23,3,0,26,0,0,8,0,8,0,23,11,0,34,18,0,18,52
10/18/2020,CPR,WY,ANM,WE,Combined TRACON& Tower with Radar,2,17,7,2,28,0,1,8,0,9,2,18,15,2,37,24,0,24,61
10/19/2020,CPR,WY,ANM,WE,Combined TRACON& Tower with Radar,2,32,18,0,52,0,6,33,2,41,2,38,51,2,93,16,0,16,109
10/20/2020,CPR,WY,ANM,WE,Combined TRACON& Tower with Radar,3,26,19,0,48,0,1,46,0,47,3,27,65,0,95,52,0,52,147
10/21/2020,CPR,WY,ANM,WE,Combined TRACON& Tower with Radar,3,23,15,3,44,0,2,33,1,36,3,25,48,4,80,14,0,14,94
10/22/2020,CPR,WY,ANM,WE,Combined TRACON& Tower with Radar,2,30,10,0,42,0,0,0,0,0,2,30,10,0,42,0,0,0,42
10/23/2020,CPR,WY,ANM,WE,Combined TRACON& Tower with Radar,2,27,13,0,42,0,0,41,0,41,2,27,54,0,83,60,0,60,143
10/24/2020,CPR,WY,ANM,WE,Combined TRACON& Tower with Radar,0,18,11,0,29,0,0,10,0,10,0,18,21,0,39,18,0,18,57
10/25/2020,CPR,WY,ANM,WE,Combined TRACON& Tower with Radar,0,23,6,0,29,0,0,0,0,0,0,23,6,0,29,0,0,0,29
10/26/2020,CPR,WY,ANM,WE,Combined TRACON& Tower with Radar,2,20,17,0,39,0,1,22,0,23,2,21,39,0,62,20,0,20,82
10/27/2020,CPR,WY,ANM,WE,Combined TRACON& Tower with Radar,4,31,9,0,44,0,2,35,0,37,4,33,44,0,81,18,0,18,99
10/28/2020,CPR,WY,ANM,WE,Combined TRACON& Tower with Radar,1,5,1,1,8,0,11,55,0,66,1,16,56,1,74,24,0,24,98
10/29/2020,CPR,WY,ANM,WE,Combined TRACON& Tower with Radar,2,16,7,0,25,0,0,13,0,13,2,16,20,0,38,0,0,0,38
10/30/2020,CPR,WY,ANM,WE,Combined TRACON& Tower with Radar,2,26,17,0,45,0,0,24,0,24,2,26,41,0,69,18,0,18,87
10/31/2020,CPR,WY,ANM,WE,Combined TRACON& Tower with Radar,1,16,11,0,28,0,0,36,0,36,1,16,47,0,64,70,0,70,134
11/01/2020,CPR,WY,ANM,WE,Combined TRACON& Tower with Radar,1,12,5,0,18,0,0,34,0,34,1,12,39,0,52,20,0,20,72
11/02/2020,CPR,WY,ANM,WE,Combined TRACON& Tower with Radar,5,19,20,0,44,0,2,38,0,40,5,21,58,0,84,60,0,60,144
11/03/2020,CPR,WY,ANM,WE,Combined TRACON& Tower with Radar,8,24,16,0,48,0,3,33,0,36,8,27,49,0,84,38,0,38,122
11/04/2020,CPR,WY,ANM,WE,Combined TRACON& Tower with Radar,6,30,7,0,43,0,2,41,0,43,6,32,48,0,86,10,0,10,96
11/05/2020,CPR,WY,ANM,WE,Combined TRACON& Tower with Radar,4,26,8,0,38,0,4,29,0,33,4,30,37,0,71,32,0,32,103
11/06/2020,CPR,WY,ANM,WE,Combined TRACON& Tower with Radar,6,19,6,0,31,0,0,23,0,23,6,19,29,0,54,32,0,32,86
11/07/2020,CPR,WY,ANM,WE,Combined TRACON& Tower with Radar,2,11,5,0,18,0,4,7,0,11,2,15,12,0,29,14,0,14,43
11/08/2020,CPR,WY,ANM,WE,Combined TRACON& Tower with Radar,2,12,1,0,15,0,0,2,0,2,2,12,3,0,17,0,0,0,17
11/09/2020,CPR,WY,ANM,WE,Combined TRACON& Tower with Radar,5,17,11,0,33,0,0,2,0,2,5,17,13,0,35,12,0,12,47
11/10/2020,CPR,WY,ANM,WE,Combined TRACON& Tower with Radar,7,19,14,0,40,0,1,22,0,23,7,20,36,0,63,0,0,0,63
11/11/2020,CPR,WY,ANM,WE,Combined TRACON& Tower with Radar,5,24,6,0,35,0,2,14,0,16,5,26,20,0,51,0,0,0,51
11/12/2020,CPR,WY,ANM,WE,Combined TRACON& Tower with Radar,4,27,9,0,40,0,1,31,0,32,4,28,40,0,72,16,0,16,88
11/13/2020,CPR,WY,ANM,WE,Combined TRACON& Tower with Radar,4,24,7,0,35,0,0,7,0,7,4,24,14,0,42,0,0,0,42
11/14/2020,CPR,WY,ANM,WE,Combined TRACON& Tower with Radar,3,15,6,0,24,0,0,0,0,0,3,15,6,0,24,0,0,0,24
11/15/2020,CPR,WY,ANM,WE,Combined TRACON& Tower with Radar,4,10,6,0,20,0,0,4,0,4,4,10,10,0,24,0,0,0,24
11/16/2020,CPR,WY,ANM,WE,Combined TRACON& Tower with Radar,4,20,18,0,42,0,0,39,0,39,4,20,57,0,81,54,0,54,135
11/17/2020,CPR,WY,ANM,WE,Combined TRACON& Tower with Radar,6,32,18,0,56,0,4,33,0,37,6,36,51,0,93,43,0,43,136
11/18/2020,CPR,WY,ANM,WE,Combined TRACON& Tower with Radar,6,25,8,0,39,0,5,13,0,18,6,30,21,0,57,24,0,24,81
11/19/2020,CPR,WY,ANM,WE,Combined TRACON& Tower with Radar,4,24,13,0,41,0,0,15,0,15,4,24,28,0,56,10,0,10,66
11/20/2020,CPR,WY,ANM,WE,Combined TRACON& Tower with Radar,4,24,20,0,48,0,1,56,0,57,4,25,76,0,105,56,0,56,161
11/21/2020,CPR,WY,ANM,WE,Combined TRACON& Tower with Radar,2,20,7,0,29,0,0,37,0,37,2,20,44,0,66,78,0,78,144
11/22/2020,CPR,WY,ANM,WE,Combined TRACON& Tower with Radar,2,18,2,0,22,0,3,41,0,44,2,21,43,0,66,24,0,24,90
11/23/2020,CPR,WY,ANM,WE,Combined TRACON& Tower with Radar,4,17,17,0,38,0,3,35,0,38,4,20,52,0,76,60,0,60,136
11/24/2020,CPR,WY,ANM,WE,Combined TRACON& Tower with Radar,5,30,10,0,45,0,2,49,0,51,5,32,59,0,96,48,0,48,144
11/25/2020,CPR,WY,ANM,WE,Combined TRACON& Tower with Radar,5,22,8,0,35,0,1,8,0,9,5,23,16,0,44,0,0,0,44
11/26/2020,CPR,WY,ANM,WE,Combined TRACON& Tower with Radar,1,6,3,0,10,0,0,5,0,5,1,6,8,0,15,4,0,4,19
11/27/2020,CPR,WY,ANM,WE,Combined TRACON& Tower with Radar,3,21,2,0,26,0,0,20,0,20,3,21,22,0,46,4,0,4,50
11/28/2020,CPR,WY,ANM,WE,Combined TRACON& Tower with Radar,2,19,6,0,27,0,0,9,0,9,2,19,15,0,36,0,0,0,36
11/29/2020,CPR,WY,ANM,WE,Combined TRACON& Tower with Radar,2,13,8,0,23,0,0,37,0,37,2,13,45,0,60,118,0,118,178
11/30/2020,CPR,WY,ANM,WE,Combined TRACON& Tower with Radar,5,22,13,9,49,0,0,24,1,25,5,22,37,10,74,10,2,12,86
12/01/2020,CPR,WY,ANM,WE,Combined TRACON& Tower with Radar,7,25,16,0,48,0,2,12,0,14,7,27,28,0,62,46,0,46,108
12/02/2020,CPR,WY,ANM,WE,Combined TRACON& Tower with Radar,6,26,18,2,52,0,0,34,3,37,6,26,52,5,89,35,8,43,132
12/03/2020,CPR,WY,ANM,WE,Combined TRACON& Tower with Radar,5,25,28,0,58,0,0,45,0,45,5,25,73,0,103,36,0,36,139
12/04/2020,CPR,WY,ANM,WE,Combined TRACON& Tower with Radar,4,29,14,0,47,0,4,48,0,52,4,33,62,0,99,24,0,24,123
12/05/2020,CPR,WY,ANM,WE,Combined TRACON& Tower with Radar,3,12,10,0,25,0,1,46,0,47,3,13,56,0,72,42,0,42,114
12/06/2020,CPR,WY,ANM,WE,Combined TRACON& Tower with Radar,3,9,7,0,19,0,3,14,0,17,3,12,21,0,36,0,0,0,36
12/07/2020,CPR,WY,ANM,WE,Combined TRACON& Tower with Radar,4,16,19,0,39,0,3,27,0,30,4,19,46,0,69,42,0,42,111
12/08/2020,CPR,WY,ANM,WE,Combined TRACON& Tower with Radar,7,23,16,2,48,0,1,22,0,23,7,24,38,2,71,4,0,4,75
12/09/2020,CPR,WY,ANM,WE,Combined TRACON& Tower with Radar,6,23,18,0,47,0,1,31,0,32,6,24,49,0,79,28,0,28,107
12/10/2020,CPR,WY,ANM,WE,Combined TRACON& Tower with Radar,5,30,17,0,52,0,0,10,0,10,5,30,27,0,62,50,0,50,112
12/11/2020,CPR,WY,ANM,WE,Combined TRACON& Tower with Radar,4,32,8,0,44,0,0,0,0,0,4,32,8,0,44,0,0,0,44
12/12/2020,CPR,WY,ANM,WE,Combined TRACON& Tower with Radar,3,15,4,0,22,0,1,7,0,8,3,16,11,0,30,20,0,20,50
12/13/2020,CPR,WY,ANM,WE,Combined TRACON& Tower with Radar,2,12,6,0,20,0,2,6,0,8,2,14,12,0,28,0,0,0,28
12/14/2020,CPR,WY,ANM,WE,Combined TRACON& Tower with Radar,3,19,9,0,31,0,0,3,0,3,3,19,12,0,34,16,0,16,50
12/15/2020,CPR,WY,ANM,WE,Combined TRACON& Tower with Radar,8,28,12,0,48,0,1,25,0,26,8,29,37,0,74,36,0,36,110
12/16/2020,CPR,WY,ANM,WE,Combined TRACON& Tower with Radar,6,30,15,0,51,0,0,48,0,48,6,30,63,0,99,36,0,36,135
12/17/2020,CPR,WY,ANM,WE,Combined TRACON& Tower with Radar,6,28,5,0,39,0,1,15,0,16,6,29,20,0,55,14,0,14,69
12/18/2020,CPR,WY,ANM,WE,Combined TRACON& Tower with Radar,4,29,16,0,49,0,0,23,0,23,4,29,39,0,72,72,0,72,144
12/19/2020,CPR,WY,ANM,WE,Combined TRACON& Tower with Radar,2,22,10,0,34,0,0,7,0,7,2,22,17,0,41,0,0,0,41
12/20/2020,CPR,WY,ANM,WE,Combined TRACON& Tower with Radar,1,11,4,0,16,0,2,3,0,5,1,13,7,0,21,0,0,0,21
12/21/2020,CPR,WY,ANM,WE,Combined TRACON& Tower with Radar,3,14,9,0,26,0,0,5,0,5,3,14,14,0,31,14,0,14,45
12/22/2020,CPR,WY,ANM,WE,Combined TRACON& Tower with Radar,6,34,9,0,49,0,2,12,0,14,6,36,21,0,63,0,0,0,63
12/23/2020,CPR,WY,ANM,WE,Combined TRACON& Tower with Radar,5,34,22,0,61,0,2,27,0,29,5,36,49,0,90,10,0,10,100
12/24/2020,CPR,WY,ANM,WE,Combined TRACON& Tower with Radar,4,27,5,0,36,0,1,4,0,5,4,28,9,0,41,0,0,0,41
12/25/2020,CPR,WY,ANM,WE,Combined TRACON& Tower with Radar,0,9,1,0,10,0,1,3,0,4,0,10,4,0,14,0,0,0,14
12/26/2020,CPR,WY,ANM,WE,Combined TRACON& Tower with Radar,1,26,7,0,34,0,0,2,0,2,1,26,9,0,36,0,0,0,36
12/27/2020,CPR,WY,ANM,WE,Combined TRACON& Tower with Radar,2,18,7,0,27,0,0,6,0,6,2,18,13,0,33,4,0,4,37
12/28/2020,CPR,WY,ANM,WE,Combined TRACON& Tower with Radar,3,27,12,0,42,0,0,24,0,24,3,27,36,0,66,24,0,24,90
12/29/2020,CPR,WY,ANM,WE,Combined TRACON& Tower with Radar,8,32,6,0,46,0,4,48,1,53,8,36,54,1,99,70,0,70,169
12/30/2020,CPR,WY,ANM,WE,Combined TRACON& Tower with Radar,8,26,16,0,50,0,1,39,0,40,8,27,55,0,90,0,0,0,90
12/31/2020,CPR,WY,ANM,WE,Combined TRACON& Tower with Radar,5,26,15,0,46,0,0,25,0,25,5,26,40,0,71,26,0,26,97
01/01/2021,CPR,WY,ANM,WE,Combined TRACON& Tower with Radar,3,10,12,0,25,0,1,34,0,35,3,11,46,0,60,24,0,24,84
01/02/2021,CPR,WY,ANM,WE,Combined TRACON& Tower with Radar,2,19,8,0,29,0,0,3,0,3,2,19,11,0,32,0,0,0,32
01/03/2021,CPR,WY,ANM,WE,Combined TRACON& Tower with Radar,2,16,9,0,27,0,1,0,0,1,2,17,9,0,28,0,0,0,28
01/04/2021,CPR,WY,ANM,WE,Combined TRACON& Tower with Radar,4,19,15,0,38,0,0,16,0,16,4,19,31,0,54,0,0,0,54
01/05/2021,CPR,WY,ANM,WE,Combined TRACON& Tower with Radar,5,20,10,0,35,0,0,5,0,5,5,20,15,0,40,8,0,8,48
01/06/2021,CPR,WY,ANM,WE,Combined TRACON& Tower with Radar,5,23,19,0,47,0,0,37,0,37,5,23,56,0,84,16,0,16,100
01/07/2021,CPR,WY,ANM,WE,Combined TRACON& Tower with Radar,3,21,30,0,54,0,0,28,0,28,3,21,58,0,82,16,0,16,98
01/08/2021,CPR,WY,ANM,WE,Combined TRACON& Tower with Radar,4,16,18,0,38,0,1,39,0,40,4,17,57,0,78,36,0,36,114
01/09/2021,CPR,WY,ANM,WE,Combined TRACON& Tower with Radar,2,11,7,0,20,0,0,0,0,0,2,11,7,0,20,0,0,0,20
01/10/2021,CPR,WY,ANM,WE,Combined TRACON& Tower with Radar,2,5,15,0,22,0,0,18,1,19,2,5,33,1,41,38,0,38,79
01/11/2021,CPR,WY,ANM,WE,Combined TRACON& Tower with Radar,4,13,21,2,40,0,3,28,3,34,4,16,49,5,74,14,0,14,88
01/12/2021,CPR,WY,ANM,WE,Combined TRACON& Tower with Radar,5,15,17,1,38,0,0,5,0,5,5,15,22,1,43,0,0,0,43
01/13/2021,CPR,WY,ANM,WE,Combined TRACON& Tower with Radar,5,20,7,0,32,0,0,0,0,0,5,20,7,0,32,0,0,0,32
01/14/2021,CPR,WY,ANM,WE,Combined TRACON& Tower with Radar,4,23,10,0,37,0,1,13,2,16,4,24,23,2,53,0,0,0,53
01/15/2021,CPR,WY,ANM,WE,Combined TRACON& Tower with Radar,2,20,12,0,34,0,1,59,0,60,2,21,71,0,94,80,0,80,174
01/16/2021,CPR,WY,ANM,WE,Combined TRACON& Tower with Radar,3,15,7,0,25,0,3,27,0,30,3,18,34,0,55,48,0,48,103
01/17/2021,CPR,WY,ANM,WE,Combined TRACON& Tower with Radar,2,5,12,0,19,0,2,21,0,23,2,7,33,0,42,22,0,22,64
01/18/2021,CPR,WY,ANM,WE,Combined TRACON& Tower with Radar,4,11,22,0,37,0,0,5,0,5,4,11,27,0,42,0,0,0,42
01/19/2021,CPR,WY,ANM,WE,Combined TRACON& Tower with Radar,6,25,15,0,46,0,5,35,0,40,6,30,50,0,86,4,0,4,90
01/20/2021,CPR,WY,ANM,WE,Combined TRACON& Tower with Radar,4,26,11,0,41,0,5,13,0,18,4,31,24,0,59,10,0,10,69
01/21/2021,CPR,WY,ANM,WE,Combined TRACON& Tower with Radar,5,29,14,0,48,0,5,41,0,46,5,34,55,0,94,58,0,58,152
01/22/2021,CPR,WY,ANM,WE,Combined TRACON& Tower with Radar,4,25,8,0,37,0,0,13,0,13,4,25,21,0,50,0,0,0,50
01/23/2021,CPR,WY,ANM,WE,Combined TRACON& Tower with Radar,3,12,1,0,16,0,0,0,0,0,3,12,1,0,16,0,0,0,16
01/24/2021,CPR,WY,ANM,WE,Combined TRACON& Tower with Radar,4,5,4,0,13,0,0,9,0,9,4,5,13,0,22,0,0,0,22
01/25/2021,CPR,WY,ANM,WE,Combined TRACON& Tower with Radar,3,16,19,0,38,0,0,36,0,36,3,16,55,0,74,42,0,42,116
01/26/2021,CPR,WY,ANM,WE,Combined TRACON& Tower with Radar,6,25,24,0,55,0,0,26,1,27,6,25,50,1,82,14,0,14,96
01/27/2021,CPR,WY,ANM,WE,Combined TRACON& Tower with Radar,6,13,14,0,33,0,0,16,0,16,6,13,30,0,49,12,0,12,61
01/28/2021,CPR,WY,ANM,WE,Combined TRACON& Tower with Radar,4,23,15,0,42,0,0,16,0,16,4,23,31,0,58,12,0,12,70
01/29/2021,CPR,WY,ANM,WE,Combined TRACON& Tower with Radar,4,18,7,0,29,0,4,14,0,18,4,22,21,0,47,2,0,2,49
01/30/2021,CPR,WY,ANM,WE,Combined TRACON& Tower with Radar,3,20,18,0,41,0,2,55,0,57,3,22,73,0,98,68,0,68,166
01/31/2021,CPR,WY,ANM,WE,Combined TRACON& Tower with Radar,2,5,5,0,12,0,2,20,0,22,2,7,25,0,34,14,0,14,48
02/01/2021,CPR,WY,ANM,WE,Combined TRACON& Tower with Radar,4,13,31,0,48,0,6,32,0,38,4,19,63,0,86,36,0,36,122
02/02/2021,CPR,WY,ANM,WE,Combined TRACON& Tower with Radar,5,22,18,0,45,0,0,31,0,31,5,22,49,0,76,48,0,48,124
02/03/2021,CPR,WY,ANM,WE,Combined TRACON& Tower with Radar,5,21,15,0,41,0,0,7,0,7,5,21,22,0,48,20,0,20,68
02/04/2021,CPR,WY,ANM,WE,Combined TRACON& Tower with Radar,4,28,19,2,53,0,4,44,0,48,4,32,63,2,101,84,0,84,185
02/05/2021,CPR,WY,ANM,WE,Combined TRACON& Tower with Radar,8,15,5,0,28,0,3,18,0,21,8,18,23,0,49,64,0,64,113
02/06/2021,CPR,WY,ANM,WE,Combined TRACON& Tower with Radar,5,13,6,2,26,0,0,21,0,21,5,13,27,2,47,76,0,76,123
02/07/2021,CPR,WY,ANM,WE,Combined TRACON& Tower with Radar,2,8,6,0,16,0,0,2,0,2,2,8,8,0,18,0,0,0,18
02/08/2021,CPR,WY,ANM,WE,Combined TRACON& Tower with Radar,4,12,8,0,24,0,1,16,0,17,4,13,24,0,41,38,0,38,79
02/09/2021,CPR,WY,ANM,WE,Combined TRACON& Tower with Radar,5,24,23,5,57,1,1,19,0,21,6,25,42,5,78,20,0,20,98
02/10/2021,CPR,WY,ANM,WE,Combined TRACON& Tower with Radar,3,30,10,0,43,0,0,14,0,14,3,30,24,0,57,38,0,38,95
02/11/2021,CPR,WY,ANM,WE,Combined TRACON& Tower with Radar,7,20,16,0,43,0,0,2,0,2,7,20,18,0,45,0,0,0,45
02/12/2021,CPR,WY,ANM,WE,Combined TRACON& Tower with Radar,3,28,4,0,35,0,0,0,0,0,3,28,4,0,35,0,0,0,35
02/13/2021,CPR,WY,ANM,WE,Combined TRACON& Tower with Radar,1,21,1,0,23,0,0,1,0,1,1,21,2,0,24,0,0,0,24
02/14/2021,CPR,WY,ANM,WE,Combined TRACON& Tower with Radar,0,13,6,3,22,0,0,7,1,8,0,13,13,4,30,0,0,0,30
02/15/2021,CPR,WY,ANM,WE,Combined TRACON& Tower with Radar,0,18,14,0,32,0,0,16,0,16,0,18,30,0,48,14,0,14,62
02/16/2021,CPR,WY,ANM,WE,Combined TRACON& Tower with Radar,0,39,15,0,54,0,5,31,0,36,0,44,46,0,90,20,0,20,110
02/17/2021,CPR,WY,ANM,WE,Combined TRACON& Tower with Radar,0,27,13,6,46,0,0,10,0,10,0,27,23,6,56,36,0,36,92
02/18/2021,CPR,WY,ANM,WE,Combined TRACON& Tower with Radar,0,24,16,0,40,0,3,52,0,55,0,27,68,0,95,78,0,78,173
02/19/2021,CPR,WY,ANM,WE,Combined TRACON& Tower with Radar,2,21,16,0,39,0,0,24,2,26,2,21,40,2,65,42,0,42,107
02/20/2021,CPR,WY,ANM,WE,Combined TRACON& Tower with Radar,2,18,11,0,31,0,0,6,0,6,2,18,17,0,37,44,0,44,81
02/21/2021,CPR,WY,ANM,WE,Combined TRACON& Tower with Radar,0,12,4,0,16,0,0,5,4,9,0,12,9,4,25,0,0,0,25
02/22/2021,CPR,WY,ANM,WE,Combined TRACON& Tower with Radar,2,22,15,0,39,0,2,11,0,13,2,24,26,0,52,0,0,0,52
02/23/2021,CPR,WY,ANM,WE,Combined TRACON& Tower with Radar,4,25,4,0,33,0,0,9,0,9,4,25,13,0,42,2,0,2,44
02/24/2021,CPR,WY,ANM,WE,Combined TRACON& Tower with Radar,4,29,11,0,44,0,0,44,0,44,4,29,55,0,88,74,0,74,162
02/25/2021,CPR,WY,ANM,WE,Combined TRACON& Tower with Radar,2,27,10,0,39,0,5,20,0,25,2,32,30,0,64,16,0,16,80
02/26/2021,CPR,WY,ANM,WE,Combined TRACON& Tower with Radar,3,27,13,0,43,0,2,15,0,17,3,29,28,0,60,2,0,2,62
02/27/2021,CPR,WY,ANM,WE,Combined TRACON& Tower with Radar,2,19,1,0,22,0,2,3,0,5,2,21,4,0,27,14,0,14,41
02/28/2021,CPR,WY,ANM,WE,Combined TRACON& Tower with Radar,2,11,14,0,27,0,1,22,0,23,2,12,36,0,50,6,0,6,56
03/01/2021,CPR,WY,ANM,WE,Combined TRACON& Tower with Radar,0,19,18,0,37,0,0,24,0,24,0,19,42,0,61,14,0,14,75
03/02/2021,CPR,WY,ANM,WE,Combined TRACON& Tower with Radar,4,26,16,2,48,0,2,24,0,26,4,28,40,2,74,18,2,20,94
03/03/2021,CPR,WY,ANM,WE,Combined TRACON& Tower with Radar,5,28,15,2,50,0,5,46,0,51,5,33,61,2,101,51,0,51,152
03/04/2021,CPR,WY,ANM,WE,Combined TRACON& Tower with Radar,6,36,18,0,60,0,3,55,0,58,6,39,73,0,118,25,0,25,143
03/05/2021,CPR,WY,ANM,WE,Combined TRACON& Tower with Radar,6,25,20,0,51,0,3,55,0,58,6,28,75,0,109,84,0,84,193
03/06/2021,CPR,WY,ANM,WE,Combined TRACON& Tower with Radar,4,13,11,0,28,0,0,5,0,5,4,13,16,0,33,0,0,0,33
03/07/2021,CPR,WY,ANM,WE,Combined TRACON& Tower with Radar,2,16,11,0,29,0,2,29,0,31,2,18,40,0,60,8,0,8,68
03/08/2021,CPR,WY,ANM,WE,Combined TRACON& Tower with Radar,3,19,10,0,32,0,2,34,0,36,3,21,44,0,68,22,0,22,90
03/09/2021,CPR,WY,ANM,WE,Combined TRACON& Tower with Radar,6,22,11,0,39,0,0,45,2,47,6,22,56,2,86,70,0,70,156
03/10/2021,CPR,WY,ANM,WE,Combined TRACON& Tower with Radar,6,26,5,0,37,0,0,0,0,0,6,26,5,0,37,0,0,0,37
03/11/2021,CPR,WY,ANM,WE,Combined TRACON& Tower with Radar,6,25,5,2,38,0,0,36,0,36,6,25,41,2,74,108,2,110,184
03/12/2021,CPR,WY,ANM,WE,Combined TRACON& Tower with Radar,6,20,17,0,43,0,1,21,0,22,6,21,38,0,65,16,0,16,81
03/13/2021,CPR,WY,ANM,WE,Combined TRACON& Tower with Radar,3,13,5,0,21,0,0,0,0,0,3,13,5,0,21,0,0,0,21
03/14/2021,CPR,WY,ANM,WE,Combined TRACON& Tower with Radar,0,1,0,0,1,0,0,0,0,0,0,1,0,0,1,0,0,0,1
03/15/2021,CPR,WY,ANM,WE,Combined TRACON& Tower with Radar,1,11,9,0,21,0,2,4,0,6,1,13,13,0,27,0,0,0,27
03/16/2021,CPR,WY,ANM,WE,Combined TRACON& Tower with Radar,5,26,3,0,34,0,0,0,0,0,5,26,3,0,34,0,0,0,34
03/17/2021,CPR,WY,ANM,WE,Combined TRACON& Tower with Radar,6,24,13,0,43,0,0,24,0,24,6,24,37,0,67,34,0,34,101
03/18/2021,CPR,WY,ANM,WE,Combined TRACON& Tower with Radar,6,27,11,0,44,0,2,36,0,38,6,29,47,0,82,32,0,32,114
03/19/2021,CPR,WY,ANM,WE,Combined TRACON& Tower with Radar,5,27,14,0,46,0,6,37,0,43,5,33,51,0,89,60,0,60,149
03/20/2021,CPR,WY,ANM,WE,Combined TRACON& Tower with Radar,4,17,1,0,22,0,0,24,0,24,4,17,25,0,46,28,0,28,74
03/21/2021,CPR,WY,ANM,WE,Combined TRACON& Tower with Radar,2,13,9,0,24,0,0,15,0,15,2,13,24,0,39,22,0,22,61
03/22/2021,CPR,WY,ANM,WE,Combined TRACON& Tower with Radar,4,19,15,2,40,0,0,37,1,38,4,19,52,3,78,34,0,34,112
03/23/2021,CPR,WY,ANM,WE,Combined TRACON& Tower with Radar,6,29,2,0,37,0,0,6,0,6,6,29,8,0,43,18,0,18,61
03/24/2021,CPR,WY,ANM,WE,Combined TRACON& Tower with Radar,6,21,21,0,48,0,1,37,1,39,6,22,58,1,87,58,0,58,145
03/25/2021,CPR,WY,ANM,WE,Combined TRACON& Tower with Radar,6,24,23,1,54,0,0,37,0,37,6,24,60,1,91,58,0,58,149
03/26/2021,CPR,WY,ANM,WE,Combined TRACON& Tower with Radar,8,28,11,1,48,0,0,5,0,5,8,28,16,1,53,6,0,6,59
03/27/2021,CPR,WY,ANM,WE,Combined TRACON& Tower with Radar,4,19,28,0,51,0,3,47,0,50,4,22,75,0,101,94,0,94,195
03/28/2021,CPR,WY,ANM,WE,Combined TRACON& Tower with Radar,1,13,14,0,28,0,0,16,0,16,1,13,30,0,44,26,0,26,70
03/29/2021,CPR,WY,ANM,WE,Combined TRACON& Tower with Radar,2,21,8,2,33,0,0,3,0,3,2,21,11,2,36,0,0,0,36
03/30/2021,CPR,WY,ANM,WE,Combined TRACON& Tower with Radar,4,27,15,1,47,0,0,48,1,49,4,27,63,2,96,36,0,36,132
03/31/2021,CPR,WY,ANM,WE,Combined TRACON& Tower with Radar,4,31,18,0,53,0,1,39,0,40,4,32,57,0,93,46,0,46,139
04/01/2021,CPR,WY,ANM,WE,Combined TRACON& Tower with Radar,5,24,16,0,45,0,0,20,0,20,5,24,36,0,65,36,0,36,101
04/02/2021,CPR,WY,ANM,WE,Combined TRACON& Tower with Radar,6,23,23,0,52,0,2,40,0,42,6,25,63,0,94,22,0,22,116
04/03/2021,CPR,WY,ANM,WE,Combined TRACON& Tower with Radar,4,16,9,0,29,0,4,39,0,43,4,20,48,0,72,16,0,16,88
04/04/2021,CPR,WY,ANM,WE,Combined TRACON& Tower with Radar,2,14,6,0,22,0,2,25,0,27,2,16,31,0,49,10,0,10,59
04/05/2021,CPR,WY,ANM,WE,Combined TRACON& Tower with Radar,4,19,12,0,35,0,3,32,0,35,4,22,44,0,70,60,0,60,130
04/06/2021,CPR,WY,ANM,WE,Combined TRACON& Tower with Radar,6,26,10,0,42,0,0,1,0,1,6,26,11,0,43,0,0,0,43
04/07/2021,CPR,WY,ANM,WE,Combined TRACON& Tower with Radar,6,28,25,3,62,0,2,30,5,37,6,30,55,8,99,62,8,70,169
04/08/2021,CPR,WY,ANM,WE,Combined TRACON& Tower with Radar,6,35,20,0,61,0,5,40,1,46,6,40,60,1,107,28,8,36,143
04/09/2021,CPR,WY,ANM,WE,Combined TRACON& Tower with Radar,6,28,12,0,46,0,0,14,0,14,6,28,26,0,60,0,0,0,60
04/10/2021,CPR,WY,ANM,WE,Combined TRACON& Tower with Radar,4,19,4,0,27,0,4,26,0,30,4,23,30,0,57,36,0,36,93
04/11/2021,CPR,WY,ANM,WE,Combined TRACON& Tower with Radar,2,15,9,0,26,0,0,10,0,10,2,15,19,0,36,20,0,20,56
04/12/2021,CPR,WY,ANM,WE,Combined TRACON& Tower with Radar,4,14,7,0,25,0,1,16,0,17,4,15,23,0,42,20,0,20,62
04/13/2021,CPR,WY,ANM,WE,Combined TRACON& Tower with Radar,5,30,24,2,61,0,0,24,2,26,5,30,48,4,87,56,14,70,157
04/14/2021,CPR,WY,ANM,WE,Combined TRACON& Tower with Radar,6,27,21,0,54,0,3,8,0,11,6,30,29,0,65,22,0,22,87
04/15/2021,CPR,WY,ANM,WE,Combined TRACON& Tower with Radar,5,28,12,0,45,0,0,0,0,0,5,28,12,0,45,0,0,0,45
04/16/2021,CPR,WY,ANM,WE,Combined TRACON& Tower with Radar,6,27,6,0,39,0,0,0,0,0,6,27,6,0,39,0,0,0,39
04/17/2021,CPR,WY,ANM,WE,Combined TRACON& Tower with Radar,4,19,14,0,37,0,0,51,0,51,4,19,65,0,88,76,0,76,164
04/18/2021,CPR,WY,ANM,WE,Combined TRACON& Tower with Radar,4,14,7,0,25,0,0,36,0,36,4,14,43,0,61,76,0,76,137
04/19/2021,CPR,WY,ANM,WE,Combined TRACON& Tower with Radar,3,16,5,0,24,0,0,0,0,0,3,16,5,0,24,0,0,0,24
04/20/2021,CPR,WY,ANM,WE,Combined TRACON& Tower with Radar,5,30,9,0,44,0,0,18,0,18,5,30,27,0,62,2,0,2,64
04/21/2021,CPR,WY,ANM,WE,Combined TRACON& Tower with Radar,5,30,12,0,47,0,1,58,1,60,5,31,70,1,107,34,0,34,141
04/22/2021,CPR,WY,ANM,WE,Combined TRACON& Tower with Radar,6,34,17,2,59,0,7,37,2,46,6,41,54,4,105,16,8,24,129
04/23/2021,CPR,WY,ANM,WE,Combined TRACON& Tower with Radar,6,22,7,0,35,0,0,4,1,5,6,22,11,1,40,10,0,10,50
04/24/2021,CPR,WY,ANM,WE,Combined TRACON& Tower with Radar,4,19,0,2,25,0,0,29,0,29,4,19,29,2,54,6,0,6,60
04/25/2021,CPR,WY,ANM,WE,Combined TRACON& Tower with Radar,2,10,5,0,17,0,2,10,0,12,2,12,15,0,29,6,0,6,35
04/26/2021,CPR,WY,ANM,WE,Combined TRACON& Tower with Radar,4,17,5,0,26,0,1,17,0,18,4,18,22,0,44,10,0,10,54
04/27/2021,CPR,WY,ANM,WE,Combined TRACON& Tower with Radar,6,25,9,0,40,0,0,0,0,0,6,25,9,0,40,0,0,0,40
04/28/2021,CPR,WY,ANM,WE,Combined TRACON& Tower with Radar,6,26,14,0,46,0,0,54,0,54,6,26,68,0,100,4,0,4,104
04/29/2021,CPR,WY,ANM,WE,Combined TRACON& Tower with Radar,6,23,24,0,53,0,2,67,0,69,6,25,91,0,122,108,0,108,230
04/30/2021,CPR,WY,ANM,WE,Combined TRACON& Tower with Radar,6,22,16,0,44,0,4,43,0,47,6,26,59,0,91,28,0,28,119
05/01/2021,CPR,WY,ANM,WE,Combined TRACON& Tower with Radar,6,20,9,0,35,0,0,40,0,40,6,20,49,0,75,10,0,10,85
05/02/2021,CPR,WY,ANM,WE,Combined TRACON& Tower with Radar,4,13,15,0,32,0,0,9,2,11,4,13,24,2,43,18,0,18,61
05/03/2021,CPR,WY,ANM,WE,Combined TRACON& Tower with Radar,4,16,18,0,38,0,2,26,0,28,4,18,44,0,66,62,0,62,128
05/04/2021,CPR,WY,ANM,WE,Combined TRACON& Tower with Radar,8,24,8,0,40,0,0,23,0,23,8,24,31,0,63,46,0,46,109
05/05/2021,CPR,WY,ANM,WE,Combined TRACON& Tower with Radar,6,26,22,0,54,0,1,33,0,34,6,27,55,0,88,6,0,6,94
05/06/2021,CPR,WY,ANM,WE,Combined TRACON& Tower with Radar,5,26,28,2,61,0,1,70,1,72,5,27,98,3,133,80,0,80,213
05/07/2021,CPR,WY,ANM,WE,Combined TRACON& Tower with Radar,5,28,11,0,44,0,6,29,0,35,5,34,40,0,79,42,0,42,121
05/08/2021,CPR,WY,ANM,WE,Combined TRACON& Tower with Radar,3,22,5,0,30,0,0,15,0,15,3,22,20,0,45,36,0,36,81
05/09/2021,CPR,WY,ANM,WE,Combined TRACON& Tower with Radar,1,11,10,0,22,0,0,16,0,16,1,11,26,0,38,8,0,8,46
05/10/2021,CPR,WY,ANM,WE,Combined TRACON& Tower with Radar,4,13,11,0,28,0,0,7,0,7,4,13,18,0,35,68,0,68,103
05/11/2021,CPR,WY,ANM,WE,Combined TRACON& Tower with Radar,6,27,18,0,51,0,1,16,0,17,6,28,34,0,68,0,0,0,68
05/12/2021,CPR,WY,ANM,WE,Combined TRACON& Tower with Radar,6,27,24,0,57,0,0,43,1,44,6,27,67,1,101,69,0,69,170
05/13/2021,CPR,WY,ANM,WE,Combined TRACON& Tower with Radar,6,22,20,0,48,0,1,42,0,43,6,23,62,0,91,36,0,36,127
05/14/2021,CPR,WY,ANM,WE,Combined TRACON& Tower with Radar,6,28,11,2,47,0,1,28,0,29,6,29,39,2,76,52,0,52,128
05/15/2021,CPR,WY,ANM,WE,Combined TRACON& Tower with Radar,3,17,11,0,31,0,1,12,4,17,3,18,23,4,48,30,0,30,78
05/16/2021,CPR,WY,ANM,WE,Combined TRACON& Tower with Radar,1,14,7,2,24,0,1,28,0,29,1,15,35,2,53,56,0,56,109
05/17/2021,CPR,WY,ANM,WE,Combined TRACON& Tower with Radar,4,17,13,3,37,0,5,30,3,38,4,22,43,6,75,12,8,20,95
05/18/2021,CPR,WY,ANM,WE,Combined TRACON& Tower with Radar,6,28,16,3,53,0,1,40,6,47,6,29,56,9,100,20,4,24,124
05/19/2021,CPR,WY,ANM,WE,Combined TRACON& Tower with Radar,6,28,16,0,50,0,1,37,0,38,6,29,53,0,88,28,0,28,116
05/20/2021,CPR,WY,ANM,WE,Combined TRACON& Tower with Radar,10,36,23,2,71,0,2,21,0,23,10,38,44,2,94,36,0,36,130
05/21/2021,CPR,WY,ANM,WE,Combined TRACON& Tower with Radar,6,24,20,0,50,0,0,0,0,0,6,24,20,0,50,0,0,0,50
05/22/2021,CPR,WY,ANM,WE,Combined TRACON& Tower with Radar,3,18,11,0,32,0,1,14,0,15,3,19,25,0,47,6,0,6,53
05/23/2021,CPR,WY,ANM,WE,Combined TRACON& Tower with Radar,1,13,8,0,22,0,0,3,0,3,1,13,11,0,25,0,0,0,25
05/24/2021,CPR,WY,ANM,WE,Combined TRACON& Tower with Radar,3,22,11,0,36,0,5,17,0,22,3,27,28,0,58,0,0,0,58
05/25/2021,CPR,WY,ANM,WE,Combined TRACON& Tower with Radar,6,30,21,0,57,0,2,46,0,48,6,32,67,0,105,66,0,66,171
05/26/2021,CPR,WY,ANM,WE,Combined TRACON& Tower with Radar,5,22,18,0,45,0,0,40,0,40,5,22,58,0,85,36,10,46,131
05/27/2021,CPR,WY,ANM,WE,Combined TRACON& Tower with Radar,6,34,10,3,53,0,1,49,4,54,6,35,59,7,107,48,44,92,199
05/28/2021,CPR,WY,ANM,WE,Combined TRACON& Tower with Radar,9,24,21,2,56,1,2,26,1,30,10,26,47,3,86,10,2,12,98
05/29/2021,CPR,WY,ANM,WE,Combined TRACON& Tower with Radar,4,15,15,0,34,0,4,23,0,27,4,19,38,0,61,18,0,18,79
05/30/2021,CPR,WY,ANM,WE,Combined TRACON& Tower with Radar,1,8,6,0,15,0,6,6,0,12,1,14,12,0,27,0,0,0,27
05/31/2021,CPR,WY,ANM,WE,Combined TRACON& Tower with Radar,2,10,9,0,21,0,2,33,0,35,2,12,42,0,56,6,0,6,62
06/01/2021,CPR,WY,ANM,WE,Combined TRACON& Tower with Radar,4,19,26,2,51,0,1,28,0,29,4,20,54,2,80,28,0,28,108
06/02/2021,CPR,WY,ANM,WE,Combined TRACON& Tower with Radar,6,28,25,0,59,0,3,32,0,35,6,31,57,0,94,22,0,22,116
06/03/2021,CPR,WY,ANM,WE,Combined TRACON& Tower with Radar,5,31,16,0,52,0,7,43,0,50,5,38,59,0,102,8,0,8,110
06/04/2021,CPR,WY,ANM,WE,Combined TRACON& Tower with Radar,5,27,12,0,44,0,0,38,0,38,5,27,50,0,82,10,0,10,92
06/05/2021,CPR,WY,ANM,WE,Combined TRACON& Tower with Radar,3,16,4,4,27,0,3,37,0,40,3,19,41,4,67,24,0,24,91
06/06/2021,CPR,WY,ANM,WE,Combined TRACON& Tower with Radar,1,11,9,0,21,0,3,35,0,38,1,14,44,0,59,32,0,32,91
06/07/2021,CPR,WY,ANM,WE,Combined TRACON& Tower with Radar,4,17,19,2,42,0,3,41,0,44,4,20,60,2,86,6,0,6,92
06/08/2021,CPR,WY,ANM,WE,Combined TRACON& Tower with Radar,5,23,14,0,42,0,3,38,0,41,5,26,52,0,83,18,0,18,101
06/09/2021,CPR,WY,ANM,WE,Combined TRACON& Tower with Radar,5,29,17,0,51,0,1,54,2,57,5,30,71,2,108,10,0,10,118
06/10/2021,CPR,WY,ANM,WE,Combined TRACON& Tower with Radar,5,29,12,1,47,0,5,28,14,47,5,34,40,15,94,2,34,36,130
06/11/2021,CPR,WY,ANM,WE,Combined TRACON& Tower with Radar,5,28,12,0,45,0,6,37,4,47,5,34,49,4,92,2,0,2,94
06/12/2021,CPR,WY,ANM,WE,Combined TRACON& Tower with Radar,4,14,6,0,24,0,4,53,5,62,4,18,59,5,86,44,0,44,130
06/13/2021,CPR,WY,ANM,WE,Combined TRACON& Tower with Radar,1,18,18,0,37,0,3,25,0,28,1,21,43,0,65,36,0,36,101
06/14/2021,CPR,WY,ANM,WE,Combined TRACON& Tower with Radar,3,25,10,1,39,0,4,37,1,42,3,29,47,2,81,14,0,14,95
06/15/2021,CPR,WY,ANM,WE,Combined TRACON& Tower with Radar,7,20,8,0,35,0,5,48,2,55,7,25,56,2,90,50,0,50,140
06/16/2021,CPR,WY,ANM,WE,Combined TRACON& Tower with Radar,5,22,23,3,53,0,7,32,0,39,5,29,55,3,92,2,0,2,94
06/17/2021,CPR,WY,ANM,WE,Combined TRACON& Tower with Radar,5,36,24,0,65,0,2,54,3,59,5,38,78,3,124,54,0,54,178
06/18/2021,CPR,WY,ANM,WE,Combined TRACON& Tower with Radar,8,23,17,0,48,0,3,56,0,59,8,26,73,0,107,62,0,62,169
06/19/2021,CPR,WY,ANM,WE,Combined TRACON& Tower with Radar,3,15,10,0,28,0,5,88,2,95,3,20,98,2,123,0,0,0,123
06/20/2021,CPR,WY,ANM,WE,Combined TRACON& Tower with Radar,1,12,14,0,27,0,7,20,4,31,1,19,34,4,58,18,0,18,76
06/21/2021,CPR,WY,ANM,WE,Combined TRACON& Tower with Radar,3,16,17,0,36,0,3,25,0,28,3,19,42,0,64,38,0,38,102
06/22/2021,CPR,WY,ANM,WE,Combined TRACON& Tower with Radar,5,24,5,1,35,0,6,50,6,62,5,30,55,7,97,92,24,116,213
06/23/2021,CPR,WY,ANM,WE,Combined TRACON& Tower with Radar,5,28,18,1,52,0,12,40,19,71,5,40,58,20,123,76,14,90,213
06/24/2021,CPR,WY,ANM,WE,Combined TRACON& Tower with Radar,4,31,10,1,46,0,3,29,0,32,4,34,39,1,78,10,8,18,96
06/25/2021,CPR,WY,ANM,WE,Combined TRACON& Tower with Radar,7,27,9,1,44,0,3,9,0,12,7,30,18,1,56,0,0,0,56
06/26/2021,CPR,WY,ANM,WE,Combined TRACON& Tower with Radar,3,22,12,0,37,0,3,36,0,39,3,25,48,0,76,44,0,44,120
06/27/2021,CPR,WY,ANM,WE,Combined TRACON& Tower with Radar,1,17,11,1,30,0,3,21,2,26,1,20,32,3,56,2,2,4,60
06/28/2021,CPR,WY,ANM,WE,Combined TRACON& Tower with Radar,3,14,22,1,40,0,5,42,0,47,3,19,64,1,87,44,0,44,131
06/29/2021,CPR,WY,ANM,WE,Combined TRACON& Tower with Radar,5,22,27,3,57,0,6,53,1,60,5,28,80,4,117,43,0,43,160
06/30/2021,CPR,WY,ANM,WE,Combined TRACON& Tower with Radar,5,24,13,0,42,0,2,51,0,53,5,26,64,0,95,36,0,36,131
07/01/2021,CPR,WY,ANM,WE,Combined TRACON& Tower with Radar,4,41,10,4,59,0,4,35,2,41,4,45,45,6,100,0,28,28,128
07/02/2021,CPR,WY,ANM,WE,Combined TRACON& Tower with Radar,5,26,27,0,58,0,8,45,0,53,5,34,72,0,111,6,0,6,117
07/03/2021,CPR,WY,ANM,WE,Combined TRACON& Tower with Radar,3,16,3,0,22,0,16,52,2,70,3,32,55,2,92,52,0,52,144
07/04/2021,CPR,WY,ANM,WE,Combined TRACON& Tower with Radar,1,16,6,0,23,0,2,38,0,40,1,18,44,0,63,26,0,26,89
07/05/2021,CPR,WY,ANM,WE,Combined TRACON& Tower with Radar,1,16,12,0,29,0,6,49,0,55,1,22,61,0,84,8,0,8,92
07/06/2021,CPR,WY,ANM,WE,Combined TRACON& Tower with Radar,4,22,16,3,45,0,1,33,1,35,4,23,49,4,80,10,10,20,100
07/07/2021,CPR,WY,ANM,WE,Combined TRACON& Tower with Radar,6,28,14,2,50,0,16,52,1,69,6,44,66,3,119,40,12,52,171
07/08/2021,CPR,WY,ANM,WE,Combined TRACON& Tower with Radar,6,27,19,1,53,0,11,39,0,50,6,38,58,1,103,2,0,2,105
07/09/2021,CPR,WY,ANM,WE,Combined TRACON& Tower with Radar,5,31,9,1,46,0,10,58,0,68,5,41,67,1,114,54,0,54,168
07/10/2021,CPR,WY,ANM,WE,Combined TRACON& Tower with Radar,3,21,12,0,36,0,1,49,0,50,3,22,61,0,86,40,0,40,126
07/11/2021,CPR,WY,ANM,WE,Combined TRACON& Tower with Radar,2,16,15,0,33,0,2,44,0,46,2,18,59,0,79,4,0,4,83
07/12/2021,CPR,WY,ANM,WE,Combined TRACON& Tower with Radar,3,24,15,0,42,0,9,36,0,45,3,33,51,0,87,12,0,12,99
07/13/2021,CPR,WY,ANM,WE,Combined TRACON& Tower with Radar,6,31,14,0,51,0,9,43,0,52,6,40,57,0,103,0,0,0,103
07/14/2021,CPR,WY,ANM,WE,Combined TRACON& Tower with Radar,7,27,25,0,59,0,7,28,0,35,7,34,53,0,94,0,0,0,94
07/15/2021,CPR,WY,ANM,WE,Combined TRACON& Tower with Radar,6,28,13,0,47,0,15,59,0,74,6,43,72,0,121,64,0,64,185
07/16/2021,CPR,WY,ANM,WE,Combined TRACON& Tower with Radar,6,31,9,0,46,0,1,27,0,28,6,32,36,0,74,24,0,24,98
07/17/2021,CPR,WY,ANM,WE,Combined TRACON& Tower with Radar,3,23,15,11,52,0,6,52,5,63,3,29,67,16,115,29,0,29,144
07/18/2021,CPR,WY,ANM,WE,Combined TRACON& Tower with Radar,2,19,14,0,35,0,2,61,0,63,2,21,75,0,98,0,0,0,98
07/19/2021,CPR,WY,ANM,WE,Combined TRACON& Tower with Radar,4,19,19,0,42,1,15,61,2,79,5,34,80,2,121,42,0,42,163
07/20/2021,CPR,WY,ANM,WE,Combined TRACON& Tower with Radar,6,27,12,0,45,0,4,30,0,34,6,31,42,0,79,60,0,60,139
07/21/2021,CPR,WY,ANM,WE,Combined TRACON& Tower with Radar,5,29,20,0,54,0,1,69,0,70,5,30,89,0,124,50,0,50,174
07/22/2021,CPR,WY,ANM,WE,Combined TRACON& Tower with Radar,9,27,13,2,51,0,7,51,0,58,9,34,64,2,109,30,14,44,153
07/23/2021,CPR,WY,ANM,WE,Combined TRACON& Tower with Radar,3,34,22,0,59,0,15,70,3,88,3,49,92,3,147,48,0,48,195
07/24/2021,CPR,WY,ANM,WE,Combined TRACON& Tower with Radar,4,20,9,0,33,0,0,55,3,58,4,20,64,3,91,30,0,30,121
07/25/2021,CPR,WY,ANM,WE,Combined TRACON& Tower with Radar,2,23,8,0,33,0,5,36,2,43,2,28,44,2,76,6,0,6,82
07/26/2021,CPR,WY,ANM,WE,Combined TRACON& Tower with Radar,4,21,17,2,44,0,2,43,0,45,4,23,60,2,89,32,0,32,121
07/27/2021,CPR,WY,ANM,WE,Combined TRACON& Tower with Radar,6,33,13,0,52,0,10,40,0,50,6,43,53,0,102,66,0,66,168
07/28/2021,CPR,WY,ANM,WE,Combined TRACON& Tower with Radar,5,31,20,0,56,0,29,41,0,70,5,60,61,0,126,20,0,20,146
07/29/2021,CPR,WY,ANM,WE,Combined TRACON& Tower with Radar,6,28,16,0,50,0,3,27,0,30,6,31,43,0,80,0,0,0,80
07/30/2021,CPR,WY,ANM,WE,Combined TRACON& Tower with Radar,6,27,11,0,44,0,1,40,0,41,6,28,51,0,85,54,0,54,139
07/31/2021,CPR,WY,ANM,WE,Combined TRACON& Tower with Radar,3,25,14,0,42,0,8,29,0,37,3,33,43,0,79,16,0,16,95
08/01/2021,CPR,WY,ANM,WE,Combined TRACON& Tower with Radar,1,22,9,0,32,0,5,39,0,44,1,27,48,0,76,2,0,2,78
08/02/2021,CPR,WY,ANM,WE,Combined TRACON& Tower with Radar,3,22,21,0,46,0,1,51,2,54,3,23,72,2,100,52,0,52,152
08/03/2021,CPR,WY,ANM,WE,Combined TRACON& Tower with Radar,5,25,19,0,49,0,3,39,0,42,5,28,58,0,91,48,0,48,139
08/04/2021,CPR,WY,ANM,WE,Combined TRACON& Tower with Radar,5,28,20,0,53,0,15,53,0,68,5,43,73,0,121,24,0,24,145
08/05/2021,CPR,WY,ANM,WE,Combined TRACON& Tower with Radar,7,34,18,0,59,0,10,39,0,49,7,44,57,0,108,14,0,14,122
08/06/2021,CPR,WY,ANM,WE,Combined TRACON& Tower with Radar,5,28,8,6,47,0,1,36,0,37,5,29,44,6,84,22,0,22,106
08/07/2021,CPR,WY,ANM,WE,Combined TRACON& Tower with Radar,4,22,15,0,41,0,2,28,1,31,4,24,43,1,72,44,0,44,116
08/08/2021,CPR,WY,ANM,WE,Combined TRACON& Tower with Radar,2,25,13,0,40,0,13,43,1,57,2,38,56,1,97,4,0,4,101
08/09/2021,CPR,WY,ANM,WE,Combined TRACON& Tower with Radar,3,27,19,0,49,0,5,46,0,51,3,32,65,0,100,30,0,30,130
08/10/2021,CPR,WY,ANM,WE,Combined TRACON& Tower with Radar,4,27,23,2,56,0,7,44,0,51,4,34,67,2,107,44,0,44,151
08/11/2021,CPR,WY,ANM,WE,Combined TRACON& Tower with Radar,5,30,14,0,49,0,5,51,0,56,5,35,65,0,105,40,0,40,145
08/12/2021,CPR,WY,ANM,WE,Combined TRACON& Tower with Radar,4,34,23,1,62,0,3,57,0,60,4,37,80,1,122,32,0,32,154
08/13/2021,CPR,WY,ANM,WE,Combined TRACON& Tower with Radar,5,34,13,2,54,0,5,58,0,63,5,39,71,2,117,60,0,60,177
08/14/2021,CPR,WY,ANM,WE,Combined TRACON& Tower with Radar,3,18,14,0,35,0,12,65,0,77,3,30,79,0,112,32,0,32,144
08/15/2021,CPR,WY,ANM,WE,Combined TRACON& Tower with Radar,1,15,10,0,26,0,6,41,1,48,1,21,51,1,74,26,0,26,100
08/16/2021,CPR,WY,ANM,WE,Combined TRACON& Tower with Radar,3,19,13,5,40,0,8,48,0,56,3,27,61,5,96,68,0,68,164
08/17/2021,CPR,WY,ANM,WE,Combined TRACON& Tower with Radar,5,29,18,1,53,0,7,43,1,51,5,36,61,2,104,66,0,66,170
08/18/2021,CPR,WY,ANM,WE,Combined TRACON& Tower with Radar,5,31,24,2,62,0,5,22,0,27,5,36,46,2,89,20,0,20,109
08/19/2021,CPR,WY,ANM,WE,Combined TRACON& Tower with Radar,7,31,19,0,57,0,0,5,0,5,7,31,24,0,62,0,0,0,62
08/20/2021,CPR,WY,ANM,WE,Combined TRACON& Tower with Radar,5,26,17,4,52,0,8,12,0,20,5,34,29,4,72,0,0,0,72
08/21/2021,CPR,WY,ANM,WE,Combined TRACON& Tower with Radar,3,22,11,0,36,0,5,67,0,72,3,27,78,0,108,12,0,12,120
08/22/2021,CPR,WY,ANM,WE,Combined TRACON& Tower with Radar,1,19,6,0,26,0,4,10,0,14,1,23,16,0,40,0,0,0,40
08/23/2021,CPR,WY,ANM,WE,Combined TRACON& Tower with Radar,3,19,28,0,50,0,3,39,0,42,3,22,67,0,92,48,0,48,140
08/24/2021,CPR,WY,ANM,WE,Combined TRACON& Tower with Radar,5,30,29,1,65,0,1,58,1,60,5,31,87,2,125,24,0,24,149
08/25/2021,CPR,WY,ANM,WE,Combined TRACON& Tower with Radar,3,32,21,0,56,0,0,50,0,50,3,32,71,0,106,66,0,66,172
08/26/2021,CPR,WY,ANM,WE,Combined TRACON& Tower with Radar,5,31,14,0,50,0,1,37,0,38,5,32,51,0,88,44,0,44,132
08/27/2021,CPR,WY,ANM,WE,Combined TRACON& Tower with Radar,4,32,19,0,55,0,4,47,1,52,4,36,66,1,107,34,0,34,141
08/28/2021,CPR,WY,ANM,WE,Combined TRACON& Tower with Radar,3,20,5,0,28,0,1,45,0,46,3,21,50,0,74,68,0,68,142
08/29/2021,CPR,WY,ANM,WE,Combined TRACON& Tower with Radar,1,16,10,0,27,0,3,38,0,41,1,19,48,0,68,6,0,6,74
08/30/2021,CPR,WY,ANM,WE,Combined TRACON& Tower with Radar,3,22,16,0,41,0,4,36,0,40,3,26,52,0,81,64,14,78,159
08/31/2021,CPR,WY,ANM,WE,Combined TRACON& Tower with Radar,5,28,29,0,62,0,3,30,3,36,5,31,59,3,98,24,12,36,134
09/01/2021,CPR,WY,ANM,WE,Combined TRACON& Tower with Radar,4,29,17,0,50,0,2,24,0,26,4,31,41,0,76,4,0,4,80
09/02/2021,CPR,WY,ANM,WE,Combined TRACON& Tower with Radar,4,31,37,0,72,0,2,39,0,41,4,33,76,0,113,56,0,56,169
09/03/2021,CPR,WY,ANM,WE,Combined TRACON& Tower with Radar,4,32,2,4,42,0,5,18,0,23,4,37,20,4,65,16,0,16,81
09/04/2021,CPR,WY,ANM,WE,Combined TRACON& Tower with Radar,3,20,10,0,33,0,1,42,0,43,3,21,52,0,76,30,0,30,106
09/05/2021,CPR,WY,ANM,WE,Combined TRACON& Tower with Radar,1,15,1,0,17,0,3,7,0,10,1,18,8,0,27,0,0,0,27
09/06/2021,CPR,WY,ANM,WE,Combined TRACON& Tower with Radar,1,18,3,0,22,0,1,13,0,14,1,19,16,0,36,4,0,4,40
09/07/2021,CPR,WY,ANM,WE,Combined TRACON& Tower with Radar,3,25,19,0,47,0,1,38,0,39,3,26,57,0,86,88,0,88,174
09/08/2021,CPR,WY,ANM,WE,Combined TRACON& Tower with Radar,7,36,29,0,72,0,2,35,2,39,7,38,64,2,111,26,0,26,137
09/09/2021,CPR,WY,ANM,WE,Combined TRACON& Tower with Radar,8,26,24,0,58,0,2,35,0,37,8,28,59,0,95,14,0,14,109
09/10/2021,CPR,WY,ANM,WE,Combined TRACON& Tower with Radar,7,23,15,0,45,0,2,44,0,46,7,25,59,0,91,34,0,34,125
09/11/2021,CPR,WY,ANM,WE,Combined TRACON& Tower with Radar,5,16,15,11,47,0,5,30,2,37,5,21,45,13,84,36,0,36,120
09/12/2021,CPR,WY,ANM,WE,Combined TRACON& Tower with Radar,4,15,3,0,22,0,29,38,0,67,4,44,41,0,89,0,0,0,89
09/13/2021,CPR,WY,ANM,WE,Combined TRACON& Tower with Radar,6,27,24,12,69,0,13,28,1,42,6,40,52,13,111,38,2,40,151
09/14/2021,CPR,WY,ANM,WE,Combined TRACON& Tower with Radar,8,27,27,0,62,0,4,39,0,43,8,31,66,0,105,60,0,60,165
09/15/2021,CPR,WY,ANM,WE,Combined TRACON& Tower with Radar,8,22,25,0,55,0,5,23,4,32,8,27,48,4,87,6,0,6,93
09/16/2021,CPR,WY,ANM,WE,Combined TRACON& Tower with Radar,8,24,21,0,53,0,9,35,0,44,8,33,56,0,97,32,0,32,129
09/17/2021,CPR,WY,ANM,WE,Combined TRACON& Tower with Radar,6,24,14,0,44,0,11,37,0,48,6,35,51,0,92,48,0,48,140
09/18/2021,CPR,WY,ANM,WE,Combined TRACON& Tower with Radar,5,21,8,0,34,0,5,20,0,25,5,26,28,0,59,36,4,40,99
09/19/2021,CPR,WY,ANM,WE,Combined TRACON& Tower with Radar,3,9,6,0,18,0,0,8,0,8,3,9,14,0,26,0,0,0,26
09/20/2021,CPR,WY,ANM,WE,Combined TRACON& Tower with Radar,6,15,16,0,37,0,0,14,0,14,6,15,30,0,51,0,0,0,51
09/21/2021,CPR,WY,ANM,WE,Combined TRACON& Tower with Radar,8,21,14,0,43,0,0,41,0,41,8,21,55,0,84,74,0,74,158
09/22/2021,CPR,WY,ANM,WE,Combined TRACON& Tower with Radar,8,28,13,8,57,0,7,37,6,50,8,35,50,14,107,42,18,60,167
09/23/2021,CPR,WY,ANM,WE,Combined TRACON& Tower with Radar,8,29,19,8,64,0,1,53,6,60,8,30,72,14,124,94,12,106,230
09/24/2021,CPR,WY,ANM,WE,Combined TRACON& Tower with Radar,7,22,22,0,51,0,1,40,0,41,7,23,62,0,92,48,0,48,140
09/25/2021,CPR,WY,ANM,WE,Combined TRACON& Tower with Radar,5,21,10,0,36,0,3,50,0,53,5,24,60,0,89,32,0,32,121
09/26/2021,CPR,WY,ANM,WE,Combined TRACON& Tower with Radar,3,14,10,0,27,0,0,28,0,28,3,14,38,0,55,34,0,34,89
09/27/2021,CPR,WY,ANM,WE,Combined TRACON& Tower with Radar,6,14,19,0,39,0,22,38,0,60,6,36,57,0,99,54,0,54,153
09/28/2021,CPR,WY,ANM,WE,Combined TRACON& Tower with Radar,8,27,23,0,58,0,8,38,2,48,8,35,61,2,106,38,0,38,144
09/29/2021,CPR,WY,ANM,WE,Combined TRACON& Tower with Radar,8,20,8,0,36,0,1,3,0,4,8,21,11,0,40,0,0,0,40
09/30/2021,CPR,WY,ANM,WE,Combined TRACON& Tower with Radar,8,24,30,2,64,0,3,31,0,34,8,27,61,2,98,36,0,36,134
10/01/2021,CPR,WY,ANM,WE,Combined TRACON& Tower with Radar,8,21,16,0,45,0,2,45,0,47,8,23,61,0,92,44,0,44,136
10/02/2021,CPR,WY,ANM,WE,Combined TRACON& Tower with Radar,5,14,16,0,35,0,0,38,0,38,5,14,54,0,73,46,0,46,119
10/03/2021,CPR,WY,ANM,WE,Combined TRACON& Tower with Radar,3,13,6,0,22,0,2,31,0,33,3,15,37,0,55,6,0,6,61
10/04/2021,CPR,WY,ANM,WE,Combined TRACON& Tower with Radar,6,17,23,4,50,0,8,54,0,62,6,25,77,4,112,112,6,118,230
10/05/2021,CPR,WY,ANM,WE,Combined TRACON& Tower with Radar,4,27,18,0,49,0,9,54,0,63,4,36,72,0,112,104,0,104,216
10/06/2021,CPR,WY,ANM,WE,Combined TRACON& Tower with Radar,5,25,12,0,42,0,3,30,3,36,5,28,42,3,78,16,4,20,98
10/07/2021,CPR,WY,ANM,WE,Combined TRACON& Tower with Radar,4,30,18,2,54,0,4,41,0,45,4,34,59,2,99,50,0,50,149
10/08/2021,CPR,WY,ANM,WE,Combined TRACON& Tower with Radar,6,21,25,0,52,0,3,31,0,34,6,24,56,0,86,76,0,76,162
10/09/2021,CPR,WY,ANM,WE,Combined TRACON& Tower with Radar,3,18,8,0,29,0,0,12,0,12,3,18,20,0,41,0,0,0,41
10/10/2021,CPR,WY,ANM,WE,Combined TRACON& Tower with Radar,1,13,10,0,24,0,3,49,0,52,1,16,59,0,76,74,0,74,150
10/11/2021,CPR,WY,ANM,WE,Combined TRACON& Tower with Radar,3,16,33,0,52,0,4,13,0,17,3,20,46,0,69,48,0,48,117
10/12/2021,CPR,WY,ANM,WE,Combined TRACON& Tower with Radar,5,16,7,0,28,0,0,0,0,0,5,16,7,0,28,0,0,0,28
10/13/2021,CPR,WY,ANM,WE,Combined TRACON& Tower with Radar,5,28,18,0,51,0,3,19,0,22,5,31,37,0,73,6,0,6,79
10/14/2021,CPR,WY,ANM,WE,Combined TRACON& Tower with Radar,5,25,22,0,52,0,2,28,0,30,5,27,50,0,82,10,0,10,92
10/15/2021,CPR,WY,ANM,WE,Combined TRACON& Tower with Radar,5,24,12,3,44,0,2,43,0,45,5,26,55,3,89,70,0,70,159
10/16/2021,CPR,WY,ANM,WE,Combined TRACON& Tower with Radar,4,18,10,0,32,0,4,36,0,40,4,22,46,0,72,112,0,112,184
10/17/2021,CPR,WY,ANM,WE,Combined TRACON& Tower with Radar,1,11,12,1,25,0,6,25,0,31,1,17,37,1,56,22,0,22,78
10/18/2021,CPR,WY,ANM,WE,Combined TRACON& Tower with Radar,3,19,10,0,32,0,6,30,7,43,3,25,40,7,75,40,24,64,139
10/19/2021,CPR,WY,ANM,WE,Combined TRACON& Tower with Radar,4,25,7,0,36,0,0,1,0,1,4,25,8,0,37,0,0,0,37
10/20/2021,CPR,WY,ANM,WE,Combined TRACON& Tower with Radar,5,19,15,0,39,0,2,25,0,27,5,21,40,0,66,78,0,78,144
10/21/2021,CPR,WY,ANM,WE,Combined TRACON& Tower with Radar,5,19,13,0,37,0,0,31,0,31,5,19,44,0,68,8,0,8,76
10/22/2021,CPR,WY,ANM,WE,Combined TRACON& Tower with Radar,4,23,27,0,54,0,0,32,0,32,4,23,59,0,86,62,0,62,148
10/23/2021,CPR,WY,ANM,WE,Combined TRACON& Tower with Radar,3,15,12,0,30,0,2,28,0,30,3,17,40,0,60,34,0,34,94
10/24/2021,CPR,WY,ANM,WE,Combined TRACON& Tower with Radar,1,20,15,0,36,0,1,32,0,33,1,21,47,0,69,34,0,34,103
10/25/2021,CPR,WY,ANM,WE,Combined TRACON& Tower with Radar,3,19,20,0,42,0,0,8,0,8,3,19,28,0,50,0,0,0,50
10/26/2021,CPR,WY,ANM,WE,Combined TRACON& Tower with Radar,4,26,19,0,49,0,0,1,0,1,4,26,20,0,50,0,0,0,50
10/27/2021,CPR,WY,ANM,WE,Combined TRACON& Tower with Radar,5,23,21,0,49,0,2,31,0,33,5,25,52,0,82,62,0,62,144
10/28/2021,CPR,WY,ANM,WE,Combined TRACON& Tower with Radar,5,25,15,0,45,0,1,54,0,55,5,26,69,0,100,54,0,54,154
10/29/2021,CPR,WY,ANM,WE,Combined TRACON& Tower with Radar,5,28,18,0,51,0,0,28,0,28,5,28,46,0,79,86,0,86,165
10/30/2021,CPR,WY,ANM,WE,Combined TRACON& Tower with Radar,3,19,17,4,43,0,0,9,0,9,3,19,26,4,52,40,0,40,92
10/31/2021,CPR,WY,ANM,WE,Combined TRACON& Tower with Radar,1,19,13,0,33,0,0,0,0,0,1,19,13,0,33,0,0,0,33
11/01/2021,CPR,WY,ANM,WE,Combined TRACON& Tower with Radar,3,23,16,0,42,0,0,20,0,20,3,23,36,0,62,38,0,38,100
11/02/2021,CPR,WY,ANM,WE,Combined TRACON& Tower with Radar,6,24,22,3,55,0,0,32,0,32,6,24,54,3,87,68,28,96,183
11/03/2021,CPR,WY,ANM,WE,Combined TRACON& Tower with Radar,6,26,15,1,48,0,4,53,0,57,6,30,68,1,105,130,0,130,235
11/04/2021,CPR,WY,ANM,WE,Combined TRACON& Tower with Radar,5,29,24,0,58,0,2,32,0,34,5,31,56,0,92,92,0,92,184
11/05/2021,CPR,WY,ANM,WE,Combined TRACON& Tower with Radar,6,24,30,10,70,0,2,53,0,55,6,26,83,10,125,102,0,102,227
11/06/2021,CPR,WY,ANM,WE,Combined TRACON& Tower with Radar,4,17,13,1,35,0,2,24,8,34,4,19,37,9,69,122,0,122,191
11/07/2021,CPR,WY,ANM,WE,Combined TRACON& Tower with Radar,2,15,13,1,31,0,0,27,0,27,2,15,40,1,58,8,0,8,66
11/08/2021,CPR,WY,ANM,WE,Combined TRACON& Tower with Radar,4,19,24,0,47,0,2,26,2,30,4,21,50,2,77,84,0,84,161
11/09/2021,CPR,WY,ANM,WE,Combined TRACON& Tower with Radar,6,28,29,0,63,0,4,19,0,23,6,32,48,0,86,32,0,32,118
11/10/2021,CPR,WY,ANM,WE,Combined TRACON& Tower with Radar,6,29,26,0,61,0,3,16,0,19,6,32,42,0,80,14,0,14,94
11/11/2021,CPR,WY,ANM,WE,Combined TRACON& Tower with Radar,6,32,24,1,63,0,7,18,0,25,6,39,42,1,88,0,0,0,88
11/12/2021,CPR,WY,ANM,WE,Combined TRACON& Tower with Radar,5,21,13,8,47,0,0,38,0,38,5,21,51,8,85,92,0,92,177
11/13/2021,CPR,WY,ANM,WE,Combined TRACON& Tower with Radar,4,23,8,4,39,0,0,16,1,17,4,23,24,5,56,30,0,30,86
11/14/2021,CPR,WY,ANM,WE,Combined TRACON& Tower with Radar,2,12,16,0,30,0,0,17,0,17,2,12,33,0,47,14,0,14,61
11/15/2021,CPR,WY,ANM,WE,Combined TRACON& Tower with Radar,4,20,20,0,44,0,6,14,0,20,4,26,34,0,64,12,0,12,76
11/16/2021,CPR,WY,ANM,WE,Combined TRACON& Tower with Radar,6,25,12,0,43,0,6,6,0,12,6,31,18,0,55,0,0,0,55
11/17/2021,CPR,WY,ANM,WE,Combined TRACON& Tower with Radar,6,22,20,0,48,0,6,40,1,47,6,28,60,1,95,48,0,48,143
11/18/2021,CPR,WY,ANM,WE,Combined TRACON& Tower with Radar,6,25,16,0,47,0,1,28,1,30,6,26,44,1,77,92,0,92,169
11/19/2021,CPR,WY,ANM,WE,Combined TRACON& Tower with Radar,6,25,10,2,43,0,5,15,0,20,6,30,25,2,63,22,0,22,85
11/20/2021,CPR,WY,ANM,WE,Combined TRACON& Tower with Radar,4,21,9,0,34,0,3,50,0,53,4,24,59,0,87,38,0,38,125
11/21/2021,CPR,WY,ANM,WE,Combined TRACON& Tower with Radar,2,10,8,0,20,0,2,14,0,16,2,12,22,0,36,20,0,20,56
11/22/2021,CPR,WY,ANM,WE,Combined TRACON& Tower with Radar,4,20,17,0,41,0,1,28,0,29,4,21,45,0,70,6,0,6,76
11/23/2021,CPR,WY,ANM,WE,Combined TRACON& Tower with Radar,6,25,24,0,55,0,2,19,0,21,6,27,43,0,76,0,0,0,76
11/24/2021,CPR,WY,ANM,WE,Combined TRACON& Tower with Radar,6,27,14,0,47,0,1,3,0,4,6,28,17,0,51,0,0,0,51
11/25/2021,CPR,WY,ANM,WE,Combined TRACON& Tower with Radar,1,7,1,0,9,0,2,2,0,4,1,9,3,0,13,0,0,0,13
11/26/2021,CPR,WY,ANM,WE,Combined TRACON& Tower with Radar,3,21,10,0,34,0,4,11,0,15,3,25,21,0,49,0,0,0,49
11/27/2021,CPR,WY,ANM,WE,Combined TRACON& Tower with Radar,4,18,9,0,31,0,2,49,0,51,4,20,58,0,82,40,0,40,122
11/28/2021,CPR,WY,ANM,WE,Combined TRACON& Tower with Radar,2,11,15,0,28,0,1,18,0,19,2,12,33,0,47,10,0,10,57
11/29/2021,CPR,WY,ANM,WE,Combined TRACON& Tower with Radar,4,17,24,0,45,0,1,35,0,36,4,18,59,0,81,12,0,12,93
11/30/2021,CPR,WY,ANM,WE,Combined TRACON& Tower with Radar,7,29,10,3,49,0,3,18,0,21,7,32,28,3,70,40,0,40,110
12/01/2021,CPR,WY,ANM,WE,Combined TRACON& Tower with Radar,10,19,24,0,53,0,3,22,0,25,10,22,46,0,78,38,0,38,116
12/02/2021,CPR,WY,ANM,WE,Combined TRACON& Tower with Radar,10,25,19,0,54,0,1,25,0,26,10,26,44,0,80,6,0,6,86
12/03/2021,CPR,WY,ANM,WE,Combined TRACON& Tower with Radar,8,28,21,0,57,0,4,76,0,80,8,32,97,0,137,114,0,114,251
12/04/2021,CPR,WY,ANM,WE,Combined TRACON& Tower with Radar,4,16,7,0,27,0,2,14,0,16,4,18,21,0,43,44,0,44,87
12/05/2021,CPR,WY,ANM,WE,Combined TRACON& Tower with Radar,2,11,10,0,23,0,0,2,0,2,2,11,12,0,25,6,0,6,31
12/06/2021,CPR,WY,ANM,WE,Combined TRACON& Tower with Radar,4,18,17,0,39,0,1,16,0,17,4,19,33,0,56,0,0,0,56
12/07/2021,CPR,WY,ANM,WE,Combined TRACON& Tower with Radar,8,26,27,8,69,0,0,31,0,31,8,26,58,8,100,62,8,70,170
12/08/2021,CPR,WY,ANM,WE,Combined TRACON& Tower with Radar,7,23,13,2,45,0,0,7,1,8,7,23,20,3,53,0,10,10,63
12/09/2021,CPR,WY,ANM,WE,Combined TRACON& Tower with Radar,8,31,7,0,46,0,0,7,0,7,8,31,14,0,53,30,0,30,83
12/10/2021,CPR,WY,ANM,WE,Combined TRACON& Tower with Radar,5,25,3,0,33,0,0,4,0,4,5,25,7,0,37,24,0,24,61
12/11/2021,CPR,WY,ANM,WE,Combined TRACON& Tower with Radar,4,16,11,0,31,0,3,2,0,5,4,19,13,0,36,0,0,0,36
12/12/2021,CPR,WY,ANM,WE,Combined TRACON& Tower with Radar,2,12,4,0,18,0,3,8,0,11,2,15,12,0,29,6,0,6,35
12/13/2021,CPR,WY,ANM,WE,Combined TRACON& Tower with Radar,3,15,18,0,36,0,1,10,0,11,3,16,28,0,47,0,0,0,47
12/14/2021,CPR,WY,ANM,WE,Combined TRACON& Tower with Radar,8,25,10,0,43,0,1,5,0,6,8,26,15,0,49,0,0,0,49
12/15/2021,CPR,WY,ANM,WE,Combined TRACON& Tower with Radar,8,18,12,0,38,0,0,4,0,4,8,18,16,0,42,10,0,10,52
12/16/2021,CPR,WY,ANM,WE,Combined TRACON& Tower with Radar,8,25,19,0,52,0,2,24,0,26,8,27,43,0,78,0,0,0,78
12/17/2021,CPR,WY,ANM,WE,Combined TRACON& Tower with Radar,6,26,15,0,47,0,0,10,0,10,6,26,25,0,57,4,0,4,61
12/18/2021,CPR,WY,ANM,WE,Combined TRACON& Tower with Radar,4,18,2,0,24,0,0,14,0,14,4,18,16,0,38,22,0,22,60
12/19/2021,CPR,WY,ANM,WE,Combined TRACON& Tower with Radar,2,10,7,0,19,0,0,2,0,2,2,10,9,0,21,0,0,0,21
12/20/2021,CPR,WY,ANM,WE,Combined TRACON& Tower with Radar,4,15,15,4,38,0,0,24,1,25,4,15,39,5,63,22,0,22,85
12/21/2021,CPR,WY,ANM,WE,Combined TRACON& Tower with Radar,6,30,14,0,50,0,5,18,0,23,6,35,32,0,73,10,0,10,83
12/22/2021,CPR,WY,ANM,WE,Combined TRACON& Tower with Radar,6,25,25,0,56,0,1,16,2,19,6,26,41,2,75,0,0,0,75
12/23/2021,CPR,WY,ANM,WE,Combined TRACON& Tower with Radar,8,26,6,0,40,0,0,6,0,6,8,26,12,0,46,0,0,0,46
12/24/2021,CPR,WY,ANM,WE,Combined TRACON& Tower with Radar,3,21,3,0,27,0,1,0,0,1,3,22,3,0,28,0,0,0,28
12/25/2021,CPR,WY,ANM,WE,Combined TRACON& Tower with Radar,1,11,1,0,13,0,0,2,0,2,1,11,3,0,15,0,0,0,15
12/26/2021,CPR,WY,ANM,WE,Combined TRACON& Tower with Radar,2,17,14,0,33,0,0,6,0,6,2,17,20,0,39,0,0,0,39
12/27/2021,CPR,WY,ANM,WE,Combined TRACON& Tower with Radar,3,22,16,0,41,0,1,9,0,10,3,23,25,0,51,14,0,14,65
12/28/2021,CPR,WY,ANM,WE,Combined TRACON& Tower with Radar,6,20,14,0,40,0,0,37,0,37,6,20,51,0,77,20,0,20,97
12/29/2021,CPR,WY,ANM,WE,Combined TRACON& Tower with Radar,5,19,10,2,36,0,3,46,0,49,5,22,56,2,85,60,0,60,145
12/30/2021,CPR,WY,ANM,WE,Combined TRACON& Tower with Radar,6,21,6,0,33,0,1,0,0,1,6,22,6,0,34,0,0,0,34
12/31/2021,CPR,WY,ANM,WE,Combined TRACON& Tower with Radar,4,25,7,0,36,0,0,2,0,2,4,25,9,0,38,8,0,8,46
01/01/2022,CPR,WY,ANM,WE,Combined TRACON& Tower with Radar,1,8,7,0,16,0,1,18,0,19,1,9,25,0,35,8,0,8,43
01/02/2022,CPR,WY,ANM,WE,Combined TRACON& Tower with Radar,2,7,12,0,21,0,0,3,0,3,2,7,15,0,24,1,0,1,25
01/03/2022,CPR,WY,ANM,WE,Combined TRACON& Tower with Radar,3,11,12,0,26,0,0,12,0,12,3,11,24,0,38,0,0,0,38
01/04/2022,CPR,WY,ANM,WE,Combined TRACON& Tower with Radar,4,31,20,0,55,0,0,5,0,5,4,31,25,0,60,0,0,0,60
01/05/2022,CPR,WY,ANM,WE,Combined TRACON& Tower with Radar,4,14,6,0,24,0,0,0,0,0,4,14,6,0,24,0,0,0,24
01/06/2022,CPR,WY,ANM,WE,Combined TRACON& Tower with Radar,0,23,18,2,43,0,1,25,0,26,0,24,43,2,69,50,2,52,121
01/07/2022,CPR,WY,ANM,WE,Combined TRACON& Tower with Radar,2,28,14,0,44,0,0,11,0,11,2,28,25,0,55,2,0,2,57
01/08/2022,CPR,WY,ANM,WE,Combined TRACON& Tower with Radar,2,20,8,1,31,0,0,41,1,42,2,20,49,2,73,70,0,70,143
01/09/2022,CPR,WY,ANM,WE,Combined TRACON& Tower with Radar,0,15,7,0,22,0,1,8,0,9,0,16,15,0,31,12,0,12,43
01/10/2022,CPR,WY,ANM,WE,Combined TRACON& Tower with Radar,2,17,21,0,40,0,3,25,0,28,2,20,46,0,68,4,0,4,72
01/11/2022,CPR,WY,ANM,WE,Combined TRACON& Tower with Radar,3,21,11,1,36,0,1,19,0,20,3,22,30,1,56,78,0,78,134
01/12/2022,CPR,WY,ANM,WE,Combined TRACON& Tower with Radar,0,21,14,0,35,0,0,15,0,15,0,21,29,0,50,12,0,12,62
01/13/2022,CPR,WY,ANM,WE,Combined TRACON& Tower with Radar,4,20,16,0,40,0,0,22,2,24,4,20,38,2,64,6,0,6,70
01/14/2022,CPR,WY,ANM,WE,Combined TRACON& Tower with Radar,4,18,5,0,27,0,0,2,0,2,4,18,7,0,29,24,0,24,53
01/15/2022,CPR,WY,ANM,WE,Combined TRACON& Tower with Radar,2,15,11,0,28,0,1,15,0,16,2,16,26,0,44,10,0,10,54
01/16/2022,CPR,WY,ANM,WE,Combined TRACON& Tower with Radar,0,8,16,1,25,0,2,60,1,63,0,10,76,2,88,94,6,100,188
01/17/2022,CPR,WY,ANM,WE,Combined TRACON& Tower with Radar,2,17,32,0,51,0,2,35,0,37,2,19,67,0,88,62,0,62,150
01/18/2022,CPR,WY,ANM,WE,Combined TRACON& Tower with Radar,4,21,14,0,39,0,0,43,0,43,4,21,57,0,82,88,0,88,170
01/19/2022,CPR,WY,ANM,WE,Combined TRACON& Tower with Radar,4,24,19,0,47,0,1,9,0,10,4,25,28,0,57,16,0,16,73
01/20/2022,CPR,WY,ANM,WE,Combined TRACON& Tower with Radar,4,25,28,0,57,0,1,35,0,36,4,26,63,0,93,34,0,34,127
01/21/2022,CPR,WY,ANM,WE,Combined TRACON& Tower with Radar,4,19,11,0,34,0,2,3,0,5,4,21,14,0,39,6,0,6,45
01/22/2022,CPR,WY,ANM,WE,Combined TRACON& Tower with Radar,2,17,9,0,28,0,2,15,0,17,2,19,24,0,45,8,0,8,53
01/23/2022,CPR,WY,ANM,WE,Combined TRACON& Tower with Radar,0,9,12,0,21,0,2,23,1,26,0,11,35,1,47,28,0,28,75
01/24/2022,CPR,WY,ANM,WE,Combined TRACON& Tower with Radar,2,16,21,4,43,0,2,53,0,55,2,18,74,4,98,80,0,80,178
01/25/2022,CPR,WY,ANM,WE,Combined TRACON& Tower with Radar,4,28,8,0,40,1,2,15,0,18,5,30,23,0,58,54,0,54,112
01/26/2022,CPR,WY,ANM,WE,Combined TRACON& Tower with Radar,4,18,17,0,39,0,2,18,0,20,4,20,35,0,59,8,0,8,67
01/27/2022,CPR,WY,ANM,WE,Combined TRACON& Tower with Radar,4,26,10,0,40,0,0,25,0,25,4,26,35,0,65,48,0,48,113
01/28/2022,CPR,WY,ANM,WE,Combined TRACON& Tower with Radar,4,27,9,0,40,0,3,40,0,43,4,30,49,0,83,18,0,18,101
01/29/2022,CPR,WY,ANM,WE,Combined TRACON& Tower with Radar,2,19,4,0,25,0,1,22,0,23,2,20,26,0,48,26,0,26,74
01/30/2022,CPR,WY,ANM,WE,Combined TRACON& Tower with Radar,1,10,12,0,23,0,0,18,0,18,1,10,30,0,41,4,0,4,45
01/31/2022,CPR,WY,ANM,WE,Combined TRACON& Tower with Radar,4,16,20,0,40,0,0,10,0,10,4,16,30,0,50,4,0,4,54
02/01/2022,CPR,WY,ANM,WE,Combined TRACON& Tower with Radar,5,23,20,0,48,0,0,15,0,15,5,23,35,0,63,34,0,34,97
02/02/2022,CPR,WY,ANM,WE,Combined TRACON& Tower with Radar,4,27,20,0,51,0,0,5,0,5,4,27,25,0,56,6,0,6,62
02/03/2022,CPR,WY,ANM,WE,Combined TRACON& Tower with Radar,4,31,10,0,45,0,3,32,0,35,4,34,42,0,80,26,0,26,106
02/04/2022,CPR,WY,ANM,WE,Combined TRACON& Tower with Radar,4,21,25,0,50,0,0,14,0,14,4,21,39,0,64,6,0,6,70
02/05/2022,CPR,WY,ANM,WE,Combined TRACON& Tower with Radar,2,19,12,0,33,0,1,19,0,20,2,20,31,0,53,46,0,46,99
02/06/2022,CPR,WY,ANM,WE,Combined TRACON& Tower with Radar,0,12,4,0,16,0,4,21,0,25,0,16,25,0,41,68,0,68,109
02/07/2022,CPR,WY,ANM,WE,Combined TRACON& Tower with Radar,2,17,23,0,42,0,3,24,4,31,2,20,47,4,73,0,10,10,83
02/08/2022,CPR,WY,ANM,WE,Combined TRACON& Tower with Radar,4,27,19,1,51,0,2,37,1,40,4,29,56,2,91,62,22,84,175
02/09/2022,CPR,WY,ANM,WE,Combined TRACON& Tower with Radar,4,29,22,5,60,0,0,24,3,27,4,29,46,8,87,16,6,22,109
02/10/2022,CPR,WY,ANM,WE,Combined TRACON& Tower with Radar,4,24,12,3,43,0,5,19,0,24,4,29,31,3,67,30,0,30,97
02/11/2022,CPR,WY,ANM,WE,Combined TRACON& Tower with Radar,3,27,6,0,36,0,0,0,0,0,3,27,6,0,36,0,0,0,36
02/12/2022,CPR,WY,ANM,WE,Combined TRACON& Tower with Radar,2,19,7,0,28,0,5,13,0,18,2,24,20,0,46,10,0,10,56
02/13/2022,CPR,WY,ANM,WE,Combined TRACON& Tower with Radar,0,11,9,0,20,0,0,24,0,24,0,11,33,0,44,40,0,40,84
02/14/2022,CPR,WY,ANM,WE,Combined TRACON& Tower with Radar,2,17,12,0,31,0,2,35,0,37,2,19,47,0,68,58,0,58,126
02/15/2022,CPR,WY,ANM,WE,Combined TRACON& Tower with Radar,4,26,18,4,52,0,0,37,0,37,4,26,55,4,89,58,0,58,147
02/16/2022,CPR,WY,ANM,WE,Combined TRACON& Tower with Radar,3,20,6,0,29,0,0,6,0,6,3,20,12,0,35,0,0,0,35
02/17/2022,CPR,WY,ANM,WE,Combined TRACON& Tower with Radar,6,23,35,0,64,0,1,38,0,39,6,24,73,0,103,20,0,20,123
02/18/2022,CPR,WY,ANM,WE,Combined TRACON& Tower with Radar,4,23,17,0,44,0,4,40,0,44,4,27,57,0,88,66,0,66,154
02/19/2022,CPR,WY,ANM,WE,Combined TRACON& Tower with Radar,2,16,9,0,27,0,4,16,0,20,2,20,25,0,47,10,0,10,57
02/20/2022,CPR,WY,ANM,WE,Combined TRACON& Tower with Radar,2,16,10,0,28,0,0,9,0,9,2,16,19,0,37,14,0,14,51
02/21/2022,CPR,WY,ANM,WE,Combined TRACON& Tower with Radar,2,16,9,0,27,0,0,0,0,0,2,16,9,0,27,0,0,0,27
02/22/2022,CPR,WY,ANM,WE,Combined TRACON& Tower with Radar,4,29,8,2,43,0,2,8,0,10,4,31,16,2,53,23,2,25,78
02/23/2022,CPR,WY,ANM,WE,Combined TRACON& Tower with Radar,4,27,7,0,38,0,0,0,0,0,4,27,7,0,38,0,0,0,38
02/24/2022,CPR,WY,ANM,WE,Combined TRACON& Tower with Radar,4,24,28,0,56,0,0,35,0,35,4,24,63,0,91,38,0,38,129
02/25/2022,CPR,WY,ANM,WE,Combined TRACON& Tower with Radar,6,24,15,2,47,0,0,38,3,41,6,24,53,5,88,80,6,86,174
02/26/2022,CPR,WY,ANM,WE,Combined TRACON& Tower with Radar,4,22,11,0,37,0,2,13,0,15,4,24,24,0,52,12,0,12,64
02/27/2022,CPR,WY,ANM,WE,Combined TRACON& Tower with Radar,2,18,11,0,31,0,0,8,0,8,2,18,19,0,39,6,0,6,45
02/28/2022,CPR,WY,ANM,WE,Combined TRACON& Tower with Radar,4,14,22,0,40,0,0,36,0,36,4,14,58,0,76,2,0,2,78
03/01/2022,CPR,WY,ANM,WE,Combined TRACON& Tower with Radar,4,23,14,0,41,0,1,31,0,32,4,24,45,0,73,16,0,16,89
03/02/2022,CPR,WY,ANM,WE,Combined TRACON& Tower with Radar,4,21,22,0,47,0,4,26,0,30,4,25,48,0,77,36,0,36,113
03/03/2022,CPR,WY,ANM,WE,Combined TRACON& Tower with Radar,4,32,17,0,53,0,1,40,0,41,4,33,57,0,94,68,0,68,162
03/04/2022,CPR,WY,ANM,WE,Combined TRACON& Tower with Radar,7,29,17,0,53,0,1,28,0,29,7,30,45,0,82,74,0,74,156
03/05/2022,CPR,WY,ANM,WE,Combined TRACON& Tower with Radar,3,24,7,0,34,0,0,0,0,0,3,24,7,0,34,0,0,0,34
03/06/2022,CPR,WY,ANM,WE,Combined TRACON& Tower with Radar,0,16,11,0,27,0,0,0,0,0,0,16,11,0,27,0,0,0,27
03/07/2022,CPR,WY,ANM,WE,Combined TRACON& Tower with Radar,4,15,22,0,41,0,1,44,0,45,4,16,66,0,86,79,0,79,165
03/08/2022,CPR,WY,ANM,WE,Combined TRACON& Tower with Radar,5,23,14,0,42,0,0,0,0,0,5,23,14,0,42,0,0,0,42
03/09/2022,CPR,WY,ANM,WE,Combined TRACON& Tower with Radar,6,24,8,0,38,0,0,2,0,2,6,24,10,0,40,0,0,0,40
03/10/2022,CPR,WY,ANM,WE,Combined TRACON& Tower with Radar,6,24,23,0,53,0,0,35,0,35,6,24,58,0,88,64,0,64,152
03/11/2022,CPR,WY,ANM,WE,Combined TRACON& Tower with Radar,6,18,26,4,54,0,3,30,0,33,6,21,56,4,87,38,0,38,125
03/12/2022,CPR,WY,ANM,WE,Combined TRACON& Tower with Radar,4,21,12,0,37,0,1,7,0,8,4,22,19,0,45,0,0,0,45
03/13/2022,CPR,WY,ANM,WE,Combined TRACON& Tower with Radar,2,12,13,0,27,0,1,15,0,16,2,13,28,0,43,48,0,48,91
03/14/2022,CPR,WY,ANM,WE,Combined TRACON& Tower with Radar,4,18,18,2,42,0,0,31,0,31,4,18,49,2,73,22,0,22,95
03/15/2022,CPR,WY,ANM,WE,Combined TRACON& Tower with Radar,5,19,10,4,38,0,1,23,0,24,5,20,33,4,62,0,0,0,62
03/16/2022,CPR,WY,ANM,WE,Combined TRACON& Tower with Radar,6,30,29,0,65,0,3,31,0,34,6,33,60,0,99,91,0,91,190
03/17/2022,CPR,WY,ANM,WE,Combined TRACON& Tower with Radar,6,27,17,6,56,0,0,36,0,36,6,27,53,6,92,61,10,71,163
03/18/2022,CPR,WY,ANM,WE,Combined TRACON& Tower with Radar,5,21,15,5,46,0,0,39,0,39,5,21,54,5,85,52,0,52,137
03/19/2022,CPR,WY,ANM,WE,Combined TRACON& Tower with Radar,4,14,11,2,31,0,2,46,0,48,4,16,57,2,79,42,0,42,121
03/20/2022,CPR,WY,ANM,WE,Combined TRACON& Tower with Radar,2,17,12,0,31,0,2,17,0,19,2,19,29,0,50,38,0,38,88
03/21/2022,CPR,WY,ANM,WE,Combined TRACON& Tower with Radar,4,20,16,2,42,1,2,30,0,33,5,22,46,2,75,64,0,64,139
03/22/2022,CPR,WY,ANM,WE,Combined TRACON& Tower with Radar,6,26,15,1,48,0,0,8,1,9,6,26,23,2,57,28,0,28,85
03/23/2022,CPR,WY,ANM,WE,Combined TRACON& Tower with Radar,6,24,24,0,54,0,3,53,0,56,6,27,77,0,110,60,0,60,170
03/24/2022,CPR,WY,ANM,WE,Combined TRACON& Tower with Radar,5,18,19,0,42,0,0,40,0,40,5,18,59,0,82,40,6,46,128
03/25/2022,CPR,WY,ANM,WE,Combined TRACON& Tower with Radar,7,25,13,0,45,0,0,57,0,57,7,25,70,0,102,88,0,88,190
03/26/2022,CPR,WY,ANM,WE,Combined TRACON& Tower with Radar,4,14,9,2,29,0,1,39,0,40,4,15,48,2,69,78,0,78,147
03/27/2022,CPR,WY,ANM,WE,Combined TRACON& Tower with Radar,1,12,13,0,26,0,3,22,0,25,1,15,35,0,51,4,0,4,55
03/28/2022,CPR,WY,ANM,WE,Combined TRACON& Tower with Radar,2,13,14,0,29,0,0,22,0,22,2,13,36,0,51,14,0,14,65
03/29/2022,CPR,WY,ANM,WE,Combined TRACON& Tower with Radar,4,22,21,0,47,0,0,0,0,0,4,22,21,0,47,0,0,0,47
03/30/2022,CPR,WY,ANM,WE,Combined TRACON& Tower with Radar,4,25,27,2,58,0,0,45,0,45,4,25,72,2,103,70,0,70,173
03/31/2022,CPR,WY,ANM,WE,Combined TRACON& Tower with Radar,4,23,14,0,41,0,1,24,0,25,4,24,38,0,66,36,0,36,102
04/01/2022,CPR,WY,ANM,WE,Combined TRACON& Tower with Radar,5,25,14,0,44,0,0,27,0,27,5,25,41,0,71,54,0,54,125
04/02/2022,CPR,WY,ANM,WE,Combined TRACON& Tower with Radar,5,12,15,0,32,0,0,29,0,29,5,12,44,0,61,60,0,60,121
04/03/2022,CPR,WY,ANM,WE,Combined TRACON& Tower with Radar,0,14,6,0,20,0,4,32,0,36,0,18,38,0,56,40,0,40,96
04/04/2022,CPR,WY,ANM,WE,Combined TRACON& Tower with Radar,2,12,7,0,21,0,2,13,0,15,2,14,20,0,36,14,0,14,50
04/05/2022,CPR,WY,ANM,WE,Combined TRACON& Tower with Radar,4,21,8,0,33,0,0,1,0,1,4,21,9,0,34,0,0,0,34
04/06/2022,CPR,WY,ANM,WE,Combined TRACON& Tower with Radar,3,25,14,0,42,0,0,8,0,8,3,25,22,0,50,12,0,12,62
04/07/2022,CPR,WY,ANM,WE,Combined TRACON& Tower with Radar,4,25,28,2,59,0,2,47,0,49,4,27,75,2,108,46,4,50,158
04/08/2022,CPR,WY,ANM,WE,Combined TRACON& Tower with Radar,5,24,14,0,43,0,1,52,0,53,5,25,66,0,96,56,0,56,152
04/09/2022,CPR,WY,ANM,WE,Combined TRACON& Tower with Radar,3,17,12,0,32,0,0,18,0,18,3,17,30,0,50,34,0,34,84
04/10/2022,CPR,WY,ANM,WE,Combined TRACON& Tower with Radar,0,10,5,0,15,0,2,8,0,10,0,12,13,0,25,2,0,2,27
04/11/2022,CPR,WY,ANM,WE,Combined TRACON& Tower with Radar,2,21,18,0,41,0,4,34,0,38,2,25,52,0,79,49,0,49,128
04/12/2022,CPR,WY,ANM,WE,Combined TRACON& Tower with Radar,3,25,10,0,38,0,0,3,0,3,3,25,13,0,41,4,0,4,45
04/13/2022,CPR,WY,ANM,WE,Combined TRACON& Tower with Radar,5,43,24,0,72,0,11,17,0,28,5,54,41,0,100,8,0,8,108
04/14/2022,CPR,WY,ANM,WE,Combined TRACON& Tower with Radar,4,34,26,0,64,0,4,37,0,41,4,38,63,0,105,54,0,54,159
04/15/2022,CPR,WY,ANM,WE,Combined TRACON& Tower with Radar,5,34,10,0,49,0,0,10,0,10,5,34,20,0,59,28,0,28,87
04/16/2022,CPR,WY,ANM,WE,Combined TRACON& Tower with Radar,3,24,11,0,38,0,0,24,2,26,3,24,35,2,64,10,0,10,74
04/17/2022,CPR,WY,ANM,WE,Combined TRACON& Tower with Radar,0,10,7,0,17,0,1,10,0,11,0,11,17,0,28,20,0,20,48
04/18/2022,CPR,WY,ANM,WE,Combined TRACON& Tower with Radar,2,21,24,0,47,0,2,45,0,47,2,23,69,0,94,20,0,20,114
04/19/2022,CPR,WY,ANM,WE,Combined TRACON& Tower with Radar,4,32,14,0,50,0,0,30,0,30,4,32,44,0,80,44,0,44,124
04/20/2022,CPR,WY,ANM,WE,Combined TRACON& Tower with Radar,4,28,21,0,53,0,2,39,0,41,4,30,60,0,94,26,0,26,120
04/21/2022,CPR,WY,ANM,WE,Combined TRACON& Tower with Radar,4,30,21,8,63,0,3,24,0,27,4,33,45,8,90,12,0,12,102
04/22/2022,CPR,WY,ANM,WE,Combined TRACON& Tower with Radar,4,20,20,0,44,0,1,25,0,26,4,21,45,0,70,6,0,6,76
04/23/2022,CPR,WY,ANM,WE,Combined TRACON& Tower with Radar,3,13,4,0,20,0,0,0,0,0,3,13,4,0,20,0,0,0,20
04/24/2022,CPR,WY,ANM,WE,Combined TRACON& Tower with Radar,0,11,9,0,20,0,0,13,0,13,0,11,22,0,33,28,0,28,61
04/25/2022,CPR,WY,ANM,WE,Combined TRACON& Tower with Radar,2,23,25,0,50,0,1,62,0,63,2,24,87,0,113,104,0,104,217
04/26/2022,CPR,WY,ANM,WE,Combined TRACON& Tower with Radar,4,22,15,0,41,0,2,45,0,47,4,24,60,0,88,40,0,40,128
04/27/2022,CPR,WY,ANM,WE,Combined TRACON& Tower with Radar,3,31,37,0,71,0,0,60,0,60,3,31,97,0,131,46,0,46,177
04/28/2022,CPR,WY,ANM,WE,Combined TRACON& Tower with Radar,4,29,24,0,57,0,0,24,0,24,4,29,48,0,81,6,0,6,87
04/29/2022,CPR,WY,ANM,WE,Combined TRACON& Tower with Radar,5,20,12,0,37,0,0,1,0,1,5,20,13,0,38,0,0,0,38
04/30/2022,CPR,WY,ANM,WE,Combined TRACON& Tower with Radar,3,15,9,0,27,0,1,45,0,46,3,16,54,0,73,28,0,28,101
05/01/2022,CPR,WY,ANM,WE,Combined TRACON& Tower with Radar,0,14,10,0,24,0,4,13,0,17,0,18,23,0,41,12,0,12,53
05/02/2022,CPR,WY,ANM,WE,Combined TRACON& Tower with Radar,2,23,25,0,50,0,1,19,0,20,2,24,44,0,70,40,0,40,110
05/03/2022,CPR,WY,ANM,WE,Combined TRACON& Tower with Radar,3,22,11,0,36,0,2,15,0,17,3,24,26,0,53,36,0,36,89
05/04/2022,CPR,WY,ANM,WE,Combined TRACON& Tower with Radar,4,34,7,0,45,0,0,1,0,1,4,34,8,0,46,0,0,0,46
05/05/2022,CPR,WY,ANM,WE,Combined TRACON& Tower with Radar,5,35,29,0,69,2,2,69,0,73,7,37,98,0,142,58,0,58,200
05/06/2022,CPR,WY,ANM,WE,Combined TRACON& Tower with Radar,7,17,14,4,42,0,0,18,0,18,7,17,32,4,60,18,0,18,78
05/07/2022,CPR,WY,ANM,WE,Combined TRACON& Tower with Radar,6,10,11,0,27,0,0,17,0,17,6,10,28,0,44,4,0,4,48
05/08/2022,CPR,WY,ANM,WE,Combined TRACON& Tower with Radar,3,4,3,0,10,0,1,16,0,17,3,5,19,0,27,12,0,12,39
05/09/2022,CPR,WY,ANM,WE,Combined TRACON& Tower with Radar,6,7,14,0,27,0,0,7,1,8,6,7,21,1,35,0,0,0,35
05/10/2022,CPR,WY,ANM,WE,Combined TRACON& Tower with Radar,8,26,17,0,51,0,4,37,0,41,8,30,54,0,92,86,0,86,178
05/11/2022,CPR,WY,ANM,WE,Combined TRACON& Tower with Radar,7,23,24,0,54,0,1,38,0,39,7,24,62,0,93,30,0,30,123
05/12/2022,CPR,WY,ANM,WE,Combined TRACON& Tower with Radar,7,18,17,0,42,0,2,2,0,4,7,20,19,0,46,1,0,1,47
05/13/2022,CPR,WY,ANM,WE,Combined TRACON& Tower with Radar,8,21,5,0,34,0,4,18,5,27,8,25,23,5,61,0,20,20,81
05/14/2022,CPR,WY,ANM,WE,Combined TRACON& Tower with Radar,6,15,8,0,29,0,0,26,0,26,6,15,34,0,55,6,0,6,61
05/15/2022,CPR,WY,ANM,WE,Combined TRACON& Tower with Radar,4,4,13,0,21,0,4,41,0,45,4,8,54,0,66,18,0,18,84
05/16/2022,CPR,WY,ANM,WE,Combined TRACON& Tower with Radar,6,11,17,0,34,0,2,33,0,35,6,13,50,0,69,10,0,10,79
05/17/2022,CPR,WY,ANM,WE,Combined TRACON& Tower with Radar,8,19,12,0,39,0,1,36,0,37,8,20,48,0,76,50,0,50,126
05/18/2022,CPR,WY,ANM,WE,Combined TRACON& Tower with Radar,8,19,20,0,47,0,2,53,0,55,8,21,73,0,102,46,0,46,148
05/19/2022,CPR,WY,ANM,WE,Combined TRACON& Tower with Radar,5,27,14,10,56,0,0,6,0,6,5,27,20,10,62,0,0,0,62
05/20/2022,CPR,WY,ANM,WE,Combined TRACON& Tower with Radar,8,18,11,0,37,0,0,0,0,0,8,18,11,0,37,0,0,0,37
05/21/2022,CPR,WY,ANM,WE,Combined TRACON& Tower with Radar,5,14,6,0,25,0,0,44,0,44,5,14,50,0,69,88,0,88,157
05/22/2022,CPR,WY,ANM,WE,Combined TRACON& Tower with Radar,4,16,7,0,27,0,2,24,0,26,4,18,31,0,53,12,0,12,65
05/23/2022,CPR,WY,ANM,WE,Combined TRACON& Tower with Radar,6,12,15,2,35,0,0,23,0,23,6,12,38,2,58,8,0,8,66
05/24/2022,CPR,WY,ANM,WE,Combined TRACON& Tower with Radar,8,19,12,0,39,0,2,26,0,28,8,21,38,0,67,22,0,22,89
05/25/2022,CPR,WY,ANM,WE,Combined TRACON& Tower with Radar,8,28,23,0,59,0,4,28,0,32,8,32,51,0,91,24,0,24,115
05/26/2022,CPR,WY,ANM,WE,Combined TRACON& Tower with Radar,8,20,17,0,45,0,0,41,0,41,8,20,58,0,86,66,0,66,152
05/27/2022,CPR,WY,ANM,WE,Combined TRACON& Tower with Radar,7,20,13,8,48,0,2,27,0,29,7,22,40,8,77,2,0,2,79
05/28/2022,CPR,WY,ANM,WE,Combined TRACON& Tower with Radar,6,21,26,3,56,0,1,23,0,24,6,22,49,3,80,16,0,16,96
05/29/2022,CPR,WY,ANM,WE,Combined TRACON& Tower with Radar,2,7,1,0,10,0,2,11,0,13,2,9,12,0,23,28,0,28,51
05/30/2022,CPR,WY,ANM,WE,Combined TRACON& Tower with Radar,4,12,9,0,25,0,0,0,0,0,4,12,9,0,25,0,0,0,25
05/31/2022,CPR,WY,ANM,WE,Combined TRACON& Tower with Radar,6,26,6,4,42,0,0,4,0,4,6,26,10,4,46,4,0,4,50
06/01/2022,CPR,WY,ANM,WE,Combined TRACON& Tower with Radar,7,15,21,2,45,0,3,49,1,53,7,18,70,3,98,32,0,32,130
06/02/2022,CPR,WY,ANM,WE,Combined TRACON& Tower with Radar,7,24,11,2,44,0,3,36,1,40,7,27,47,3,84,42,0,42,126
06/03/2022,CPR,WY,ANM,WE,Combined TRACON& Tower with Radar,5,24,13,2,44,0,2,40,0,42,5,26,53,2,86,44,0,44,130
06/04/2022,CPR,WY,ANM,WE,Combined TRACON& Tower with Radar,2,19,22,11,54,0,1,76,0,77,2,20,98,11,131,42,0,42,173
06/05/2022,CPR,WY,ANM,WE,Combined TRACON& Tower with Radar,0,17,12,2,31,0,3,25,0,28,0,20,37,2,59,4,0,4,63
06/06/2022,CPR,WY,ANM,WE,Combined TRACON& Tower with Radar,4,16,15,0,35,0,3,36,0,39,4,19,51,0,74,54,0,54,128
06/07/2022,CPR,WY,ANM,WE,Combined TRACON& Tower with Radar,6,28,20,0,54,0,1,38,0,39,6,29,58,0,93,0,0,0,93
06/08/2022,CPR,WY,ANM,WE,Combined TRACON& Tower with Radar,4,27,16,6,53,0,2,55,6,63,4,29,71,12,116,30,20,50,166
06/09/2022,CPR,WY,ANM,WE,Combined TRACON& Tower with Radar,6,34,18,0,58,0,1,60,1,62,6,35,78,1,120,54,1,55,175
06/10/2022,CPR,WY,ANM,WE,Combined TRACON& Tower with Radar,3,22,22,5,52,0,1,51,7,59,3,23,73,12,111,40,12,52,163
06/11/2022,CPR,WY,ANM,WE,Combined TRACON& Tower with Radar,3,22,14,0,39,0,1,198,0,199,3,23,212,0,238,2,0,2,240
06/12/2022,CPR,WY,ANM,WE,Combined TRACON& Tower with Radar,0,9,19,5,33,0,0,27,2,29,0,9,46,7,62,18,2,20,82
06/13/2022,CPR,WY,ANM,WE,Combined TRACON& Tower with Radar,5,18,16,0,39,0,1,25,0,26,5,19,41,0,65,48,0,48,113
06/14/2022,CPR,WY,ANM,WE,Combined TRACON& Tower with Radar,6,25,18,2,51,0,2,21,0,23,6,27,39,2,74,20,2,22,96
06/15/2022,CPR,WY,ANM,WE,Combined TRACON& Tower with Radar,4,22,4,0,30,0,1,21,0,22,4,23,25,0,52,22,0,22,74
06/16/2022,CPR,WY,ANM,WE,Combined TRACON& Tower with Radar,5,22,34,0,61,0,6,50,0,56,5,28,84,0,117,50,0,50,167
06/17/2022,CPR,WY,ANM,WE,Combined TRACON& Tower with Radar,5,25,17,2,49,0,1,22,0,23,5,26,39,2,72,20,0,20,92
06/18/2022,CPR,WY,ANM,WE,Combined TRACON& Tower with Radar,0,20,6,0,26,0,0,18,0,18,0,20,24,0,44,18,0,18,62
06/19/2022,CPR,WY,ANM,WE,Combined TRACON& Tower with Radar,0,13,15,0,28,0,2,15,0,17,0,15,30,0,45,0,0,0,45
06/20/2022,CPR,WY,ANM,WE,Combined TRACON& Tower with Radar,4,20,17,0,41,0,2,22,0,24,4,22,39,0,65,0,0,0,65
06/21/2022,CPR,WY,ANM,WE,Combined TRACON& Tower with Radar,5,29,17,0,51,0,1,72,0,73,5,30,89,0,124,82,0,82,206
06/22/2022,CPR,WY,ANM,WE,Combined TRACON& Tower with Radar,4,24,21,0,49,0,1,40,1,42,4,25,61,1,91,78,0,78,169
06/23/2022,CPR,WY,ANM,WE,Combined TRACON& Tower with Radar,6,20,27,1,54,0,5,49,3,57,6,25,76,4,111,34,2,36,147
06/24/2022,CPR,WY,ANM,WE,Combined TRACON& Tower with Radar,5,20,7,8,40,0,1,28,0,29,5,21,35,8,69,16,0,16,85
06/25/2022,CPR,WY,ANM,WE,Combined TRACON& Tower with Radar,3,24,15,2,44,0,0,28,0,28,3,24,43,2,72,66,0,66,138
06/26/2022,CPR,WY,ANM,WE,Combined TRACON& Tower with Radar,2,11,19,0,32,0,5,34,1,40,2,16,53,1,72,12,0,12,84
06/27/2022,CPR,WY,ANM,WE,Combined TRACON& Tower with Radar,4,19,15,0,38,0,5,50,0,55,4,24,65,0,93,58,0,58,151
06/28/2022,CPR,WY,ANM,WE,Combined TRACON& Tower with Radar,6,21,28,6,61,0,7,44,1,52,6,28,72,7,113,24,0,24,137
06/29/2022,CPR,WY,ANM,WE,Combined TRACON& Tower with Radar,5,23,12,0,40,0,3,25,0,28,5,26,37,0,68,18,0,18,86
06/30/2022,CPR,WY,ANM,WE,Combined TRACON& Tower with Radar,3,24,22,2,51,0,1,40,0,41,3,25,62,2,92,38,0,38,130
07/01/2022,CPR,WY,ANM,WE,Combined TRACON& Tower with Radar,6,25,11,0,42,0,5,43,0,48,6,30,54,0,90,44,0,44,134
07/02/2022,CPR,WY,ANM,WE,Combined TRACON& Tower with Radar,4,19,14,0,37,0,7,41,0,48,4,26,55,0,85,60,0,60,145
07/03/2022,CPR,WY,ANM,WE,Combined TRACON& Tower with Radar,2,9,0,0,11,0,0,26,0,26,2,9,26,0,37,30,0,30,67
07/04/2022,CPR,WY,ANM,WE,Combined TRACON& Tower with Radar,2,8,7,0,17,0,2,19,0,21,2,10,26,0,38,6,0,6,44
07/05/2022,CPR,WY,ANM,WE,Combined TRACON& Tower with Radar,4,25,18,2,49,0,3,41,3,47,4,28,59,5,96,26,0,26,122
07/06/2022,CPR,WY,ANM,WE,Combined TRACON& Tower with Radar,8,25,22,0,55,0,6,27,2,35,8,31,49,2,90,16,0,16,106
07/07/2022,CPR,WY,ANM,WE,Combined TRACON& Tower with Radar,5,31,8,2,46,0,12,43,0,55,5,43,51,2,101,22,0,22,123
07/08/2022,CPR,WY,ANM,WE,Combined TRACON& Tower with Radar,5,20,24,0,49,0,11,57,0,68,5,31,81,0,117,20,0,20,137
07/09/2022,CPR,WY,ANM,WE,Combined TRACON& Tower with Radar,4,21,16,0,41,0,29,50,0,79,4,50,66,0,120,14,0,14,134
07/10/2022,CPR,WY,ANM,WE,Combined TRACON& Tower with Radar,3,13,17,0,33,0,14,33,0,47,3,27,50,0,80,18,0,18,98
07/11/2022,CPR,WY,ANM,WE,Combined TRACON& Tower with Radar,4,26,25,3,58,0,8,42,8,58,4,34,67,11,116,20,18,38,154
07/12/2022,CPR,WY,ANM,WE,Combined TRACON& Tower with Radar,5,22,25,7,59,0,3,55,2,60,5,25,80,9,119,62,4,66,185
07/13/2022,CPR,WY,ANM,WE,Combined TRACON& Tower with Radar,5,22,22,1,50,0,0,25,0,25,5,22,47,1,75,18,0,18,93
07/14/2022,CPR,WY,ANM,WE,Combined TRACON& Tower with Radar,6,20,17,1,44,0,6,41,4,51,6,26,58,5,95,42,0,42,137
07/15/2022,CPR,WY,ANM,WE,Combined TRACON& Tower with Radar,4,20,14,0,38,0,7,28,4,39,4,27,42,4,77,12,0,12,89
07/16/2022,CPR,WY,ANM,WE,Combined TRACON& Tower with Radar,4,16,6,0,26,0,9,42,0,51,4,25,48,0,77,36,0,36,113
07/17/2022,CPR,WY,ANM,WE,Combined TRACON& Tower with Radar,2,10,11,0,23,0,4,29,0,33,2,14,40,0,56,16,0,16,72
07/18/2022,CPR,WY,ANM,WE,Combined TRACON& Tower with Radar,4,21,19,2,46,0,1,22,0,23,4,22,41,2,69,2,0,2,71
07/19/2022,CPR,WY,ANM,WE,Combined TRACON& Tower with Radar,6,29,12,0,47,0,0,38,0,38,6,29,50,0,85,38,0,38,123
07/20/2022,CPR,WY,ANM,WE,Combined TRACON& Tower with Radar,6,19,16,0,41,0,52,44,0,96,6,71,60,0,137,74,0,74,211
07/21/2022,CPR,WY,ANM,WE,Combined TRACON& Tower with Radar,8,23,27,0,58,0,6,37,1,44,8,29,64,1,102,32,0,32,134
07/22/2022,CPR,WY,ANM,WE,Combined TRACON& Tower with Radar,5,21,8,0,34,0,16,44,2,62,5,37,52,2,96,15,0,15,111
07/23/2022,CPR,WY,ANM,WE,Combined TRACON& Tower with Radar,6,23,7,1,37,0,12,27,0,39,6,35,34,1,76,24,0,24,100
07/24/2022,CPR,WY,ANM,WE,Combined TRACON& Tower with Radar,0,10,11,1,22,0,6,42,2,50,0,16,53,3,72,20,0,20,92
07/25/2022,CPR,WY,ANM,WE,Combined TRACON& Tower with Radar,3,18,13,2,36,0,32,32,4,68,3,50,45,6,104,20,0,20,124
07/26/2022,CPR,WY,ANM,WE,Combined TRACON& Tower with Radar,6,23,23,4,56,0,9,39,2,50,6,32,62,6,106,22,0,22,128
07/27/2022,CPR,WY,ANM,WE,Combined TRACON& Tower with Radar,6,26,17,2,51,0,8,37,2,47,6,34,54,4,98,24,0,24,122
07/28/2022,CPR,WY,ANM,WE,Combined TRACON& Tower with Radar,6,24,12,1,43,0,3,42,1,46,6,27,54,2,89,30,0,30,119
07/29/2022,CPR,WY,ANM,WE,Combined TRACON& Tower with Radar,5,24,21,0,50,0,3,52,0,55,5,27,73,0,105,44,0,44,149
07/30/2022,CPR,WY,ANM,WE,Combined TRACON& Tower with Radar,4,17,14,2,37,0,16,46,2,64,4,33,60,4,101,22,0,22,123
07/31/2022,CPR,WY,ANM,WE,Combined TRACON& Tower with Radar,5,9,11,1,26,4,13,34,4,55,9,22,45,5,81,16,0,16,97
08/01/2022,CPR,WY,ANM,WE,Combined TRACON& Tower with Radar,5,19,12,4,40,1,20,49,4,74,6,39,61,8,114,38,0,38,152
08/02/2022,CPR,WY,ANM,WE,Combined TRACON& Tower with Radar,5,20,15,1,41,0,6,23,0,29,5,26,38,1,70,10,0,10,80
08/03/2022,CPR,WY,ANM,WE,Combined TRACON& Tower with Radar,4,22,17,0,43,0,3,53,1,57,4,25,70,1,100,42,0,42,142
08/04/2022,CPR,WY,ANM,WE,Combined TRACON& Tower with Radar,5,23,18,0,46,0,0,40,0,40,5,23,58,0,86,74,0,74,160
08/05/2022,CPR,WY,ANM,WE,Combined TRACON& Tower with Radar,5,16,12,0,33,0,5,28,1,34,5,21,40,1,67,22,0,22,89
08/06/2022,CPR,WY,ANM,WE,Combined TRACON& Tower with Radar,3,22,17,1,43,0,1,28,0,29,3,23,45,1,72,16,0,16,88
08/07/2022,CPR,WY,ANM,WE,Combined TRACON& Tower with Radar,1,18,18,0,37,0,4,22,0,26,1,22,40,0,63,0,0,0,63
08/08/2022,CPR,WY,ANM,WE,Combined TRACON& Tower with Radar,4,21,26,0,51,0,0,43,0,43,4,21,69,0,94,66,0,66,160
08/09/2022,CPR,WY,ANM,WE,Combined TRACON& Tower with Radar,6,22,18,0,46,0,4,46,0,50,6,26,64,0,96,40,0,40,136
08/10/2022,CPR,WY,ANM,WE,Combined TRACON& Tower with Radar,5,28,18,0,51,0,3,41,0,44,5,31,59,0,95,52,0,52,147
08/11/2022,CPR,WY,ANM,WE,Combined TRACON& Tower with Radar,6,25,18,0,49,0,6,32,0,38,6,31,50,0,87,34,0,34,121
08/12/2022,CPR,WY,ANM,WE,Combined TRACON& Tower with Radar,4,20,16,0,40,0,6,41,0,47,4,26,57,0,87,70,0,70,157
08/13/2022,CPR,WY,ANM,WE,Combined TRACON& Tower with Radar,3,17,5,0,25,0,5,42,0,47,3,22,47,0,72,70,0,70,142
08/14/2022,CPR,WY,ANM,WE,Combined TRACON& Tower with Radar,2,12,8,0,22,0,2,25,0,27,2,14,33,0,49,36,0,36,85
08/15/2022,CPR,WY,ANM,WE,Combined TRACON& Tower with Radar,5,13,21,14,53,0,2,41,0,43,5,15,62,14,96,70,0,70,166
08/16/2022,CPR,WY,ANM,WE,Combined TRACON& Tower with Radar,5,20,13,2,40,0,0,36,3,39,5,20,49,5,79,44,12,56,135
08/17/2022,CPR,WY,ANM,WE,Combined TRACON& Tower with Radar,6,25,23,3,57,0,6,32,2,40,6,31,55,5,97,84,0,84,181
08/18/2022,CPR,WY,ANM,WE,Combined TRACON& Tower with Radar,5,20,13,0,38,0,6,41,0,47,5,26,54,0,85,36,0,36,121
08/19/2022,CPR,WY,ANM,WE,Combined TRACON& Tower with Radar,5,21,12,0,38,0,1,25,0,26,5,22,37,0,64,16,0,16,80
08/20/2022,CPR,WY,ANM,WE,Combined TRACON& Tower with Radar,4,20,6,2,32,0,4,33,0,37,4,24,39,2,69,10,0,10,79
08/21/2022,CPR,WY,ANM,WE,Combined TRACON& Tower with Radar,1,19,18,0,38,0,10,24,0,34,1,29,42,0,72,2,0,2,74
08/22/2022,CPR,WY,ANM,WE,Combined TRACON& Tower with Radar,4,13,27,0,44,0,0,26,0,26,4,13,53,0,70,14,0,14,84
08/23/2022,CPR,WY,ANM,WE,Combined TRACON& Tower with Radar,6,21,20,0,47,0,3,32,0,35,6,24,52,0,82,52,0,52,134
08/24/2022,CPR,WY,ANM,WE,Combined TRACON& Tower with Radar,4,24,18,0,46,0,9,33,0,42,4,33,51,0,88,46,0,46,134
08/25/2022,CPR,WY,ANM,WE,Combined TRACON& Tower with Radar,5,26,30,0,61,0,7,34,2,43,5,33,64,2,104,28,0,28,132
08/26/2022,CPR,WY,ANM,WE,Combined TRACON& Tower with Radar,5,25,17,0,47,0,0,49,0,49,5,25,66,0,96,28,0,28,124
08/27/2022,CPR,WY,ANM,WE,Combined TRACON& Tower with Radar,4,12,8,0,24,0,1,37,0,38,4,13,45,0,62,0,0,0,62
08/28/2022,CPR,WY,ANM,WE,Combined TRACON& Tower with Radar,2,9,7,0,18,0,7,24,0,31,2,16,31,0,49,12,0,12,61
08/29/2022,CPR,WY,ANM,WE,Combined TRACON& Tower with Radar,4,16,21,0,41,0,3,58,0,61,4,19,79,0,102,52,0,52,154
08/30/2022,CPR,WY,ANM,WE,Combined TRACON& Tower with Radar,4,20,10,1,35,0,0,36,0,36,4,20,46,1,71,62,0,62,133
08/31/2022,CPR,WY,ANM,WE,Combined TRACON& Tower with Radar,5,22,27,1,55,0,23,57,0,80,5,45,84,1,135,34,0,34,169
09/01/2022,CPR,WY,ANM,WE,Combined TRACON& Tower with Radar,5,27,15,1,48,0,9,29,3,41,5,36,44,4,89,28,16,44,133
09/02/2022,CPR,WY,ANM,WE,Combined TRACON& Tower with Radar,5,27,15,0,47,0,6,40,1,47,5,33,55,1,94,48,0,48,142
09/03/2022,CPR,WY,ANM,WE,Combined TRACON& Tower with Radar,4,18,5,0,27,0,2,24,0,26,4,20,29,0,53,36,0,36,89
09/04/2022,CPR,WY,ANM,WE,Combined TRACON& Tower with Radar,2,9,8,0,19,0,3,19,0,22,2,12,27,0,41,6,0,6,47
09/05/2022,CPR,WY,ANM,WE,Combined TRACON& Tower with Radar,2,11,11,0,24,0,1,23,2,26,2,12,34,2,50,36,0,36,86
09/06/2022,CPR,WY,ANM,WE,Combined TRACON& Tower with Radar,3,28,14,0,45,0,10,36,1,47,3,38,50,1,92,66,0,66,158
09/07/2022,CPR,WY,ANM,WE,Combined TRACON& Tower with Radar,5,27,27,0,59,0,18,43,0,61,5,45,70,0,120,38,0,38,158
09/08/2022,CPR,WY,ANM,WE,Combined TRACON& Tower with Radar,4,31,11,4,50,0,6,29,0,35,4,37,40,4,85,38,6,44,129
09/09/2022,CPR,WY,ANM,WE,Combined TRACON& Tower with Radar,3,22,30,0,55,0,1,3,0,4,3,23,33,0,59,5,0,5,64
09/10/2022,CPR,WY,ANM,WE,Combined TRACON& Tower with Radar,2,19,8,0,29,0,1,33,0,34,2,20,41,0,63,42,0,42,105
09/11/2022,CPR,WY,ANM,WE,Combined TRACON& Tower with Radar,0,18,14,0,32,0,2,50,0,52,0,20,64,0,84,2,0,2,86
09/12/2022,CPR,WY,ANM,WE,Combined TRACON& Tower with Radar,2,20,23,0,45,0,4,46,0,50,2,24,69,0,95,72,0,72,167
09/13/2022,CPR,WY,ANM,WE,Combined TRACON& Tower with Radar,4,27,24,0,55,0,4,44,0,48,4,31,68,0,103,60,0,60,163
09/14/2022,CPR,WY,ANM,WE,Combined TRACON& Tower with Radar,5,32,17,0,54,0,6,47,0,53,5,38,64,0,107,50,0,50,157
09/15/2022,CPR,WY,ANM,WE,Combined TRACON& Tower with Radar,4,29,21,2,56,0,0,2,0,2,4,29,23,2,58,0,0,0,58
09/16/2022,CPR,WY,ANM,WE,Combined TRACON& Tower with Radar,3,29,9,0,41,0,1,21,0,22,3,30,30,0,63,8,0,8,71
09/17/2022,CPR,WY,ANM,WE,Combined TRACON& Tower with Radar,2,21,8,0,31,0,5,32,0,37,2,26,40,0,68,18,0,18,86
09/18/2022,CPR,WY,ANM,WE,Combined TRACON& Tower with Radar,0,20,20,0,40,0,2,29,0,31,0,22,49,0,71,4,0,4,75
09/19/2022,CPR,WY,ANM,WE,Combined TRACON& Tower with Radar,2,25,17,6,50,0,7,40,4,51,2,32,57,10,101,14,12,26,127
09/20/2022,CPR,WY,ANM,WE,Combined TRACON& Tower with Radar,4,33,17,4,58,0,1,42,10,53,4,34,59,14,111,42,20,62,173
09/21/2022,CPR,WY,ANM,WE,Combined TRACON& Tower with Radar,3,41,22,0,66,0,3,19,0,22,3,44,41,0,88,4,0,4,92
09/22/2022,CPR,WY,ANM,WE,Combined TRACON& Tower with Radar,4,35,15,0,54,0,1,19,0,20,4,36,34,0,74,30,0,30,104
09/23/2022,CPR,WY,ANM,WE,Combined TRACON& Tower with Radar,3,33,23,6,65,0,0,18,4,22,3,33,41,10,87,0,0,0,87
09/24/2022,CPR,WY,ANM,WE,Combined TRACON& Tower with Radar,2,19,11,4,36,0,7,33,1,41,2,26,44,5,77,32,0,32,109
09/25/2022,CPR,WY,ANM,WE,Combined TRACON& Tower with Radar,0,22,19,0,41,0,2,34,1,37,0,24,53,1,78,6,0,6,84
09/26/2022,CPR,WY,ANM,WE,Combined TRACON& Tower with Radar,2,25,12,0,39,0,1,46,0,47,2,26,58,0,86,62,0,62,148
09/27/2022,CPR,WY,ANM,WE,Combined TRACON& Tower with Radar,3,28,14,0,45,0,1,50,0,51,3,29,64,0,96,20,8,28,124
09/28/2022,CPR,WY,ANM,WE,Combined TRACON& Tower with Radar,4,25,20,0,49,0,1,54,0,55,4,26,74,0,104,40,0,40,144
09/29/2022,CPR,WY,ANM,WE,Combined TRACON& Tower with Radar,3,26,8,5,42,0,0,27,3,30,3,26,35,8,72,38,10,48,120
09/30/2022,CPR,WY,ANM,WE,Combined TRACON& Tower with Radar,5,20,14,0,39,0,2,26,0,28,5,22,40,0,67,66,0,66,133
10/01/2022,CPR,WY,ANM,WE,Combined TRACON& Tower with Radar,9,13,8,0,30,0,1,7,0,8,9,14,15,0,38,12,0,12,50
10/02/2022,CPR,WY,ANM,WE,Combined TRACON& Tower with Radar,6,8,18,0,32,0,0,14,0,14,6,8,32,0,46,12,0,12,58
10/03/2022,CPR,WY,ANM,WE,Combined TRACON& Tower with Radar,8,17,10,0,35,0,1,23,1,25,8,18,33,1,60,8,0,8,68
10/04/2022,CPR,WY,ANM,WE,Combined TRACON& Tower with Radar,12,27,20,3,62,0,5,41,0,46,12,32,61,3,108,18,0,18,126
10/05/2022,CPR,WY,ANM,WE,Combined TRACON& Tower with Radar,10,22,16,0,48,0,0,65,0,65,10,22,81,0,113,66,0,66,179
10/06/2022,CPR,WY,ANM,WE,Combined TRACON& Tower with Radar,9,26,29,8,72,0,1,32,9,42,9,27,61,17,114,24,10,34,148
10/07/2022,CPR,WY,ANM,WE,Combined TRACON& Tower with Radar,8,24,22,0,54,0,2,14,0,16,8,26,36,0,70,34,0,34,104
10/08/2022,CPR,WY,ANM,WE,Combined TRACON& Tower with Radar,8,17,9,0,34,0,2,32,0,34,8,19,41,0,68,18,20,38,106
10/09/2022,CPR,WY,ANM,WE,Combined TRACON& Tower with Radar,4,8,15,2,29,0,1,42,0,43,4,9,57,2,72,52,0,52,124
10/10/2022,CPR,WY,ANM,WE,Combined TRACON& Tower with Radar,8,14,22,0,44,0,1,52,0,53,8,15,74,0,97,38,0,38,135
10/11/2022,CPR,WY,ANM,WE,Combined TRACON& Tower with Radar,10,19,27,2,58,0,1,22,0,23,10,20,49,2,81,4,0,4,85
10/12/2022,CPR,WY,ANM,WE,Combined TRACON& Tower with Radar,11,28,20,0,59,0,0,43,0,43,11,28,63,0,102,72,0,72,174
10/13/2022,CPR,WY,ANM,WE,Combined TRACON& Tower with Radar,10,26,30,0,66,0,3,39,0,42,10,29,69,0,108,42,0,42,150
10/14/2022,CPR,WY,ANM,WE,Combined TRACON& Tower with Radar,11,17,13,0,41,0,0,23,0,23,11,17,36,0,64,16,0,16,80
10/15/2022,CPR,WY,ANM,WE,Combined TRACON& Tower with Radar,8,17,6,0,31,0,2,26,0,28,8,19,32,0,59,12,0,12,71
10/16/2022,CPR,WY,ANM,WE,Combined TRACON& Tower with Radar,6,10,13,0,29,0,2,35,0,37,6,12,48,0,66,16,0,16,82
10/17/2022,CPR,WY,ANM,WE,Combined TRACON& Tower with Radar,8,19,15,0,42,0,3,43,0,46,8,22,58,0,88,48,0,48,136
10/18/2022,CPR,WY,ANM,WE,Combined TRACON& Tower with Radar,10,23,30,3,66,0,1,45,0,46,10,24,75,3,112,70,0,70,182
10/19/2022,CPR,WY,ANM,WE,Combined TRACON& Tower with Radar,10,24,23,0,57,0,5,37,0,42,10,29,60,0,99,62,0,62,161
10/20/2022,CPR,WY,ANM,WE,Combined TRACON& Tower with Radar,9,19,29,0,57,0,2,56,0,58,9,21,85,0,115,104,0,104,219
10/21/2022,CPR,WY,ANM,WE,Combined TRACON& Tower with Radar,9,21,13,1,44,0,2,23,1,26,9,23,36,2,70,18,0,18,88
10/22/2022,CPR,WY,ANM,WE,Combined TRACON& Tower with Radar,8,15,4,0,27,0,2,3,0,5,8,17,7,0,32,0,0,0,32
10/23/2022,CPR,WY,ANM,WE,Combined TRACON& Tower with Radar,5,12,10,2,29,0,0,0,0,0,5,12,10,2,29,0,0,0,29
10/24/2022,CPR,WY,ANM,WE,Combined TRACON& Tower with Radar,8,27,13,0,48,0,7,18,0,25,8,34,31,0,73,28,0,28,101
10/25/2022,CPR,WY,ANM,WE,Combined TRACON& Tower with Radar,10,28,16,0,54,0,1,17,0,18,10,29,33,0,72,12,0,12,84
10/26/2022,CPR,WY,ANM,WE,Combined TRACON& Tower with Radar,10,20,19,0,49,0,0,35,0,35,10,20,54,0,84,28,0,28,112
10/27/2022,CPR,WY,ANM,WE,Combined TRACON& Tower with Radar,10,25,26,7,68,0,0,53,3,56,10,25,79,10,124,30,10,40,164
10/28/2022,CPR,WY,ANM,WE,Combined TRACON& Tower with Radar,9,23,17,0,49,0,2,20,0,22,9,25,37,0,71,0,0,0,71
10/29/2022,CPR,WY,ANM,WE,Combined TRACON& Tower with Radar,7,14,12,2,35,0,0,21,0,21,7,14,33,2,56,24,0,24,80
10/30/2022,CPR,WY,ANM,WE,Combined TRACON& Tower with Radar,2,10,20,0,32,0,1,42,0,43,2,11,62,0,75,14,0,14,89
10/31/2022,CPR,WY,ANM,WE,Combined TRACON& Tower with Radar,4,19,10,0,33,0,6,17,0,23,4,25,27,0,56,38,0,38,94
11/01/2022,CPR,WY,ANM,WE,Combined TRACON& Tower with Radar,6,29,23,2,60,0,3,17,0,20,6,32,40,2,80,4,0,4,84
11/02/2022,CPR,WY,ANM,WE,Combined TRACON& Tower with Radar,5,30,18,0,53,0,4,12,0,16,5,34,30,0,69,0,0,0,69
11/03/2022,CPR,WY,ANM,WE,Combined TRACON& Tower with Radar,5,28,11,0,44,0,0,0,0,0,5,28,11,0,44,0,0,0,44
11/04/2022,CPR,WY,ANM,WE,Combined TRACON& Tower with Radar,5,22,16,0,43,0,1,34,0,35,5,23,50,0,78,0,0,0,78
11/05/2022,CPR,WY,ANM,WE,Combined TRACON& Tower with Radar,3,19,5,0,27,0,0,0,0,0,3,19,5,0,27,0,0,0,27
11/06/2022,CPR,WY,ANM,WE,Combined TRACON& Tower with Radar,3,18,14,0,35,0,0,21,0,21,3,18,35,0,56,20,0,20,76
11/07/2022,CPR,WY,ANM,WE,Combined TRACON& Tower with Radar,4,20,14,4,42,0,2,7,0,9,4,22,21,4,51,18,0,18,69
11/08/2022,CPR,WY,ANM,WE,Combined TRACON& Tower with Radar,6,28,18,0,52,0,1,39,0,40,6,29,57,0,92,34,0,34,126
11/09/2022,CPR,WY,ANM,WE,Combined TRACON& Tower with Radar,5,24,17,0,46,0,0,0,0,0,5,24,17,0,46,0,0,0,46
11/10/2022,CPR,WY,ANM,WE,Combined TRACON& Tower with Radar,5,31,24,6,66,0,1,5,0,6,5,32,29,6,72,8,0,8,80
11/11/2022,CPR,WY,ANM,WE,Combined TRACON& Tower with Radar,5,27,7,0,39,0,6,51,0,57,5,33,58,0,96,46,0,46,142
11/12/2022,CPR,WY,ANM,WE,Combined TRACON& Tower with Radar,4,17,7,0,28,0,2,21,0,23,4,19,28,0,51,6,0,6,57
11/13/2022,CPR,WY,ANM,WE,Combined TRACON& Tower with Radar,2,11,12,0,25,0,0,26,0,26,2,11,38,0,51,0,0,0,51
11/14/2022,CPR,WY,ANM,WE,Combined TRACON& Tower with Radar,4,17,29,0,50,0,1,31,0,32,4,18,60,0,82,10,0,10,92
11/15/2022,CPR,WY,ANM,WE,Combined TRACON& Tower with Radar,6,29,29,1,65,0,1,29,0,30,6,30,58,1,95,26,0,26,121
11/16/2022,CPR,WY,ANM,WE,Combined TRACON& Tower with Radar,6,33,30,1,70,0,4,37,0,41,6,37,67,1,111,28,0,28,139
11/17/2022,CPR,WY,ANM,WE,Combined TRACON& Tower with Radar,5,31,22,0,58,0,0,7,0,7,5,31,29,0,65,26,0,26,91
11/18/2022,CPR,WY,ANM,WE,Combined TRACON& Tower with Radar,5,25,15,1,46,0,0,39,1,40,5,25,54,2,86,44,0,44,130
11/19/2022,CPR,WY,ANM,WE,Combined TRACON& Tower with Radar,4,13,9,0,26,0,1,29,0,30,4,14,38,0,56,10,0,10,66
11/20/2022,CPR,WY,ANM,WE,Combined TRACON& Tower with Radar,2,14,7,2,25,0,1,38,0,39,2,15,45,2,64,30,0,30,94
11/21/2022,CPR,WY,ANM,WE,Combined TRACON& Tower with Radar,4,19,32,0,55,0,1,37,0,38,4,20,69,0,93,30,0,30,123
11/22/2022,CPR,WY,ANM,WE,Combined TRACON& Tower with Radar,6,22,24,0,52,0,1,22,0,23,6,23,46,0,75,22,0,22,97
11/23/2022,CPR,WY,ANM,WE,Combined TRACON& Tower with Radar,6,26,4,0,36,0,0,8,0,8,6,26,12,0,44,8,0,8,52
11/24/2022,CPR,WY,ANM,WE,Combined TRACON& Tower with Radar,2,6,0,0,8,0,2,13,0,15,2,8,13,0,23,0,0,0,23
11/25/2022,CPR,WY,ANM,WE,Combined TRACON& Tower with Radar,5,19,6,0,30,0,2,25,0,27,5,21,31,0,57,0,0,0,57
11/26/2022,CPR,WY,ANM,WE,Combined TRACON& Tower with Radar,4,16,2,0,22,0,0,18,0,18,4,16,20,0,40,48,0,48,88
11/27/2022,CPR,WY,ANM,WE,Combined TRACON& Tower with Radar,2,20,10,0,32,0,3,15,0,18,2,23,25,0,50,12,0,12,62
11/28/2022,CPR,WY,ANM,WE,Combined TRACON& Tower with Radar,3,13,9,0,25,0,0,0,0,0,3,13,9,0,25,0,0,0,25
11/29/2022,CPR,WY,ANM,WE,Combined TRACON& Tower with Radar,6,31,8,0,45,0,2,18,0,20,6,33,26,0,65,12,0,12,77
11/30/2022,CPR,WY,ANM,WE,Combined TRACON& Tower with Radar,6,26,14,2,48,0,0,12,0,12,6,26,26,2,60,0,0,0,60
12/01/2022,CPR,WY,ANM,WE,Combined TRACON& Tower with Radar,6,19,15,0,40,0,0,6,0,6,6,19,21,0,46,0,0,0,46
12/02/2022,CPR,WY,ANM,WE,Combined TRACON& Tower with Radar,6,26,21,0,53,0,0,16,0,16,6,26,37,0,69,6,0,6,75
12/03/2022,CPR,WY,ANM,WE,Combined TRACON& Tower with Radar,4,23,7,0,34,0,0,18,0,18,4,23,25,0,52,10,0,10,62
12/04/2022,CPR,WY,ANM,WE,Combined TRACON& Tower with Radar,2,13,30,1,46,0,1,16,1,18,2,14,46,2,64,8,0,8,72
12/05/2022,CPR,WY,ANM,WE,Combined TRACON& Tower with Radar,4,22,19,0,45,0,1,36,0,37,4,23,55,0,82,64,0,64,146
12/06/2022,CPR,WY,ANM,WE,Combined TRACON& Tower with Radar,6,35,20,0,61,0,2,23,0,25,6,37,43,0,86,8,0,8,94
12/07/2022,CPR,WY,ANM,WE,Combined TRACON& Tower with Radar,9,25,20,0,54,0,3,37,0,40,9,28,57,0,94,12,0,12,106
12/08/2022,CPR,WY,ANM,WE,Combined TRACON& Tower with Radar,6,30,16,0,52,0,2,11,0,13,6,32,27,0,65,0,0,0,65
12/09/2022,CPR,WY,ANM,WE,Combined TRACON& Tower with Radar,6,26,17,0,49,0,3,10,4,17,6,29,27,4,66,0,0,0,66
12/10/2022,CPR,WY,ANM,WE,Combined TRACON& Tower with Radar,4,16,8,0,28,0,0,12,0,12,4,16,20,0,40,0,0,0,40
12/11/2022,CPR,WY,ANM,WE,Combined TRACON& Tower with Radar,2,15,10,1,28,0,2,8,2,12,2,17,18,3,40,0,0,0,40
12/12/2022,CPR,WY,ANM,WE,Combined TRACON& Tower with Radar,4,29,21,0,54,0,1,17,0,18,4,30,38,0,72,54,0,54,126
12/13/2022,CPR,WY,ANM,WE,Combined TRACON& Tower with Radar,8,19,15,0,42,0,0,0,0,0,8,19,15,0,42,12,0,12,54
12/14/2022,CPR,WY,ANM,WE,Combined TRACON& Tower with Radar,6,25,9,0,40,0,1,3,0,4,6,26,12,0,44,0,0,0,44
12/15/2022,CPR,WY,ANM,WE,Combined TRACON& Tower with Radar,5,22,17,0,44,0,1,33,0,34,5,23,50,0,78,114,0,114,192
12/16/2022,CPR,WY,ANM,WE,Combined TRACON& Tower with Radar,4,25,28,0,57,0,3,36,0,39,4,28,64,0,96,32,0,32,128
12/17/2022,CPR,WY,ANM,WE,Combined TRACON& Tower with Radar,2,16,5,0,23,0,4,30,0,34,2,20,35,0,57,36,0,36,93
12/18/2022,CPR,WY,ANM,WE,Combined TRACON& Tower with Radar,1,16,7,0,24,0,1,11,2,14,1,17,18,2,38,0,0,0,38
12/19/2022,CPR,WY,ANM,WE,Combined TRACON& Tower with Radar,2,21,30,2,55,0,0,33,0,33,2,21,63,2,88,42,0,42,130
12/20/2022,CPR,WY,ANM,WE,Combined TRACON& Tower with Radar,6,33,26,1,66,0,0,30,3,33,6,33,56,4,99,20,4,24,123
12/21/2022,CPR,WY,ANM,WE,Combined TRACON& Tower with Radar,4,22,11,0,37,0,0,1,0,1,4,22,12,0,38,0,0,0,38
12/22/2022,CPR,WY,ANM,WE,Combined TRACON& Tower with Radar,3,30,11,0,44,0,0,1,0,1,3,30,12,0,45,0,0,0,45
12/23/2022,CPR,WY,ANM,WE,Combined TRACON& Tower with Radar,2,33,13,0,48,0,0,21,0,21,2,33,34,0,69,10,0,10,79
12/24/2022,CPR,WY,ANM,WE,Combined TRACON& Tower with Radar,2,21,1,0,24,0,1,9,0,10,2,22,10,0,34,0,0,0,34
12/25/2022,CPR,WY,ANM,WE,Combined TRACON& Tower with Radar,0,11,2,0,13,0,1,3,0,4,0,12,5,0,17,0,0,0,17
12/26/2022,CPR,WY,ANM,WE,Combined TRACON& Tower with Radar,0,19,6,0,25,0,2,16,0,18,0,21,22,0,43,0,0,0,43
12/27/2022,CPR,WY,ANM,WE,Combined TRACON& Tower with Radar,1,22,8,0,31,0,0,2,0,2,1,22,10,0,33,0,0,0,33
12/28/2022,CPR,WY,ANM,WE,Combined TRACON& Tower with Radar,4,35,26,0,65,0,1,31,0,32,4,36,57,0,97,34,0,34,131
12/29/2022,CPR,WY,ANM,WE,Combined TRACON& Tower with Radar,3,23,26,8,60,0,3,41,0,44,3,26,67,8,104,62,0,62,166
12/30/2022,CPR,WY,ANM,WE,Combined TRACON& Tower with Radar,4,28,9,0,41,0,0,7,0,7,4,28,16,0,48,14,0,14,62
12/31/2022,CPR,WY,ANM,WE,Combined TRACON& Tower with Radar,2,19,6,0,27,0,0,4,0,4,2,19,10,0,31,10,0,10,41
01/01/2023,CPR,WY,ANM,WE,Combined TRACON& Tower with Radar,0,6,1,0,7,0,0,0,0,0,0,6,1,0,7,0,0,0,7
01/02/2023,CPR,WY,ANM,WE,Combined TRACON& Tower with Radar,0,10,6,0,16,0,0,0,0,0,0,10,6,0,16,0,0,0,16
01/03/2023,CPR,WY,ANM,WE,Combined TRACON& Tower with Radar,2,29,16,0,47,0,0,10,0,10,2,29,26,0,57,2,0,2,59
01/04/2023,CPR,WY,ANM,WE,Combined TRACON& Tower with Radar,8,25,17,0,50,0,2,45,3,50,8,27,62,3,100,28,0,28,128
01/05/2023,CPR,WY,ANM,WE,Combined TRACON& Tower with Radar,6,29,18,0,53,0,1,35,0,36,6,30,53,0,89,46,0,46,135
01/06/2023,CPR,WY,ANM,WE,Combined TRACON& Tower with Radar,6,21,15,0,42,0,0,29,0,29,6,21,44,0,71,98,0,98,169
01/07/2023,CPR,WY,ANM,WE,Combined TRACON& Tower with Radar,4,25,18,0,47,0,3,26,0,29,4,28,44,0,76,26,0,26,102
01/08/2023,CPR,WY,ANM,WE,Combined TRACON& Tower with Radar,2,16,5,0,23,0,0,2,2,4,2,16,7,2,27,0,0,0,27
01/09/2023,CPR,WY,ANM,WE,Combined TRACON& Tower with Radar,5,13,18,0,36,0,6,19,0,25,5,19,37,0,61,24,0,24,85
01/10/2023,CPR,WY,ANM,WE,Combined TRACON& Tower with Radar,5,21,14,0,40,0,0,14,0,14,5,21,28,0,54,24,0,24,78
01/11/2023,CPR,WY,ANM,WE,Combined TRACON& Tower with Radar,5,26,7,0,38,0,0,0,0,0,5,26,7,0,38,0,0,0,38
01/12/2023,CPR,WY,ANM,WE,Combined TRACON& Tower with Radar,4,25,21,0,50,0,1,27,0,28,4,26,48,0,78,10,0,10,88
01/13/2023,CPR,WY,ANM,WE,Combined TRACON& Tower with Radar,6,30,17,0,53,0,1,32,1,34,6,31,49,1,87,8,0,8,95
01/14/2023,CPR,WY,ANM,WE,Combined TRACON& Tower with Radar,4,16,3,1,24,0,0,5,1,6,4,16,8,2,30,0,0,0,30
01/15/2023,CPR,WY,ANM,WE,Combined TRACON& Tower with Radar,2,11,8,1,22,0,0,19,0,19,2,11,27,1,41,76,0,76,117
01/16/2023,CPR,WY,ANM,WE,Combined TRACON& Tower with Radar,5,17,22,0,44,0,0,27,0,27,5,17,49,0,71,96,0,96,167
01/17/2023,CPR,WY,ANM,WE,Combined TRACON& Tower with Radar,5,19,8,0,32,0,0,5,0,5,5,19,13,0,37,28,0,28,65
01/18/2023,CPR,WY,ANM,WE,Combined TRACON& Tower with Radar,5,18,6,0,29,0,0,22,0,22,5,18,28,0,51,20,0,20,71
01/19/2023,CPR,WY,ANM,WE,Combined TRACON& Tower with Radar,6,24,24,0,54,0,2,31,0,33,6,26,55,0,87,60,0,60,147
01/20/2023,CPR,WY,ANM,WE,Combined TRACON& Tower with Radar,5,20,18,0,43,0,2,43,1,46,5,22,61,1,89,66,0,66,155
01/21/2023,CPR,WY,ANM,WE,Combined TRACON& Tower with Radar,3,18,10,0,31,0,2,31,3,36,3,20,41,3,67,46,0,46,113
01/22/2023,CPR,WY,ANM,WE,Combined TRACON& Tower with Radar,2,11,4,0,17,0,0,8,0,8,2,11,12,0,25,0,0,0,25
01/23/2023,CPR,WY,ANM,WE,Combined TRACON& Tower with Radar,4,26,14,0,44,0,0,3,0,3,4,26,17,0,47,16,0,16,63
01/24/2023,CPR,WY,ANM,WE,Combined TRACON& Tower with Radar,6,20,17,9,52,0,3,33,0,36,6,23,50,9,88,36,0,36,124
01/25/2023,CPR,WY,ANM,WE,Combined TRACON& Tower with Radar,6,22,21,0,49,0,0,10,0,10,6,22,31,0,59,22,0,22,81
01/26/2023,CPR,WY,ANM,WE,Combined TRACON& Tower with Radar,6,21,16,0,43,0,0,8,0,8,6,21,24,0,51,0,0,0,51
01/27/2023,CPR,WY,ANM,WE,Combined TRACON& Tower with Radar,6,30,13,1,50,0,0,9,2,11,6,30,22,3,61,14,0,14,75
01/28/2023,CPR,WY,ANM,WE,Combined TRACON& Tower with Radar,3,8,3,0,14,0,0,0,0,0,3,8,3,0,14,0,0,0,14
01/29/2023,CPR,WY,ANM,WE,Combined TRACON& Tower with Radar,2,12,6,0,20,0,0,0,0,0,2,12,6,0,20,0,0,0,20
01/30/2023,CPR,WY,ANM,WE,Combined TRACON& Tower with Radar,4,17,24,1,46,0,2,13,1,16,4,19,37,2,62,0,0,0,62
01/31/2023,CPR,WY,ANM,WE,Combined TRACON& Tower with Radar,4,24,17,0,45,0,0,9,0,9,4,24,26,0,54,0,0,0,54
02/01/2023,CPR,WY,ANM,WE,Combined TRACON& Tower with Radar,4,23,12,0,39,0,0,26,4,30,4,23,38,4,69,0,0,0,69
02/02/2023,CPR,WY,ANM,WE,Combined TRACON& Tower with Radar,2,19,22,2,45,0,2,24,2,28,2,21,46,4,73,14,0,14,87
02/03/2023,CPR,WY,ANM,WE,Combined TRACON& Tower with Radar,6,20,18,2,46,0,1,17,0,18,6,21,35,2,64,16,0,16,80
02/04/2023,CPR,WY,ANM,WE,Combined TRACON& Tower with Radar,4,18,2,0,24,0,0,6,0,6,4,18,8,0,30,24,0,24,54
02/05/2023,CPR,WY,ANM,WE,Combined TRACON& Tower with Radar,2,9,5,0,16,0,3,3,1,7,2,12,8,1,23,22,0,22,45
02/06/2023,CPR,WY,ANM,WE,Combined TRACON& Tower with Radar,4,21,12,0,37,0,0,3,0,3,4,21,15,0,40,0,0,0,40
02/07/2023,CPR,WY,ANM,WE,Combined TRACON& Tower with Radar,6,33,19,0,58,0,1,34,0,35,6,34,53,0,93,46,0,46,139
02/08/2023,CPR,WY,ANM,WE,Combined TRACON& Tower with Radar,5,22,13,0,40,0,1,17,0,18,5,23,30,0,58,20,0,20,78
02/09/2023,CPR,WY,ANM,WE,Combined TRACON& Tower with Radar,6,29,27,0,62,0,0,38,0,38,6,29,65,0,100,42,0,42,142
02/10/2023,CPR,WY,ANM,WE,Combined TRACON& Tower with Radar,5,20,14,0,39,0,1,12,0,13,5,21,26,0,52,0,0,0,52
02/11/2023,CPR,WY,ANM,WE,Combined TRACON& Tower with Radar,3,17,16,0,36,0,0,22,0,22,3,17,38,0,58,34,0,34,92
02/12/2023,CPR,WY,ANM,WE,Combined TRACON& Tower with Radar,1,15,7,0,23,0,2,29,0,31,1,17,36,0,54,16,0,16,70
02/13/2023,CPR,WY,ANM,WE,Combined TRACON& Tower with Radar,2,24,17,0,43,0,2,21,2,25,2,26,38,2,68,36,0,36,104
02/14/2023,CPR,WY,ANM,WE,Combined TRACON& Tower with Radar,5,30,15,0,50,0,0,11,0,11,5,30,26,0,61,18,0,18,79
02/15/2023,CPR,WY,ANM,WE,Combined TRACON& Tower with Radar,5,20,12,2,39,0,0,37,0,37,5,20,49,2,76,30,0,30,106
02/16/2023,CPR,WY,ANM,WE,Combined TRACON& Tower with Radar,5,24,18,9,56,0,2,39,3,44,5,26,57,12,100,24,0,24,124
02/17/2023,CPR,WY,ANM,WE,Combined TRACON& Tower with Radar,5,26,15,0,46,0,6,19,0,25,5,32,34,0,71,8,0,8,79
02/18/2023,CPR,WY,ANM,WE,Combined TRACON& Tower with Radar,3,20,4,0,27,0,3,22,0,25,3,23,26,0,52,32,0,32,84
02/19/2023,CPR,WY,ANM,WE,Combined TRACON& Tower with Radar,1,12,6,0,19,0,0,9,0,9,1,12,15,0,28,0,0,0,28
02/20/2023,CPR,WY,ANM,WE,Combined TRACON& Tower with Radar,3,22,8,0,33,0,0,7,0,7,3,22,15,0,40,36,0,36,76
02/21/2023,CPR,WY,ANM,WE,Combined TRACON& Tower with Radar,5,12,3,0,20,0,1,1,0,2,5,13,4,0,22,0,0,0,22
02/22/2023,CPR,WY,ANM,WE,Combined TRACON& Tower with Radar,3,4,1,0,8,0,0,0,0,0,3,4,1,0,8,0,0,0,8
02/23/2023,CPR,WY,ANM,WE,Combined TRACON& Tower with Radar,4,26,16,2,48,0,0,18,0,18,4,26,34,2,66,4,0,4,70
02/24/2023,CPR,WY,ANM,WE,Combined TRACON& Tower with Radar,5,29,30,0,64,0,3,27,0,30,5,32,57,0,94,22,0,22,116
02/25/2023,CPR,WY,ANM,WE,Combined TRACON& Tower with Radar,4,25,15,0,44,0,6,9,0,15,4,31,24,0,59,0,0,0,59
02/26/2023,CPR,WY,ANM,WE,Combined TRACON& Tower with Radar,1,10,11,2,24,0,5,3,0,8,1,15,14,2,32,4,0,4,36
02/27/2023,CPR,WY,ANM,WE,Combined TRACON& Tower with Radar,4,23,11,0,38,0,2,18,0,20,4,25,29,0,58,38,0,38,96
02/28/2023,CPR,WY,ANM,WE,Combined TRACON& Tower with Radar,5,30,13,4,52,0,2,31,0,33,5,32,44,4,85,39,4,43,128
03/01/2023,CPR,WY,ANM,WE,Combined TRACON& Tower with Radar,5,23,19,0,47,0,1,40,2,43,5,24,59,2,90,60,0,60,150
03/02/2023,CPR,WY,ANM,WE,Combined TRACON& Tower with Radar,5,24,15,0,44,0,0,33,3,36,5,24,48,3,80,32,0,32,112
03/03/2023,CPR,WY,ANM,WE,Combined TRACON& Tower with Radar,8,22,9,0,39,0,0,17,0,17,8,22,26,0,56,92,0,92,148
03/04/2023,CPR,WY,ANM,WE,Combined TRACON& Tower with Radar,6,14,13,0,33,0,0,25,4,29,6,14,38,4,62,38,0,38,100
03/05/2023,CPR,WY,ANM,WE,Combined TRACON& Tower with Radar,4,11,3,0,18,0,5,10,0,15,4,16,13,0,33,14,0,14,47
03/06/2023,CPR,WY,ANM,WE,Combined TRACON& Tower with Radar,6,15,12,0,33,0,0,18,0,18,6,15,30,0,51,72,0,72,123
03/07/2023,CPR,WY,ANM,WE,Combined TRACON& Tower with Radar,8,25,12,0,45,0,3,43,0,46,8,28,55,0,91,68,0,68,159
03/08/2023,CPR,WY,ANM,WE,Combined TRACON& Tower with Radar,8,20,10,0,38,0,1,2,0,3,8,21,12,0,41,0,0,0,41
03/09/2023,CPR,WY,ANM,WE,Combined TRACON& Tower with Radar,8,24,24,3,59,0,3,23,5,31,8,27,47,8,90,34,2,36,126
03/10/2023,CPR,WY,ANM,WE,Combined TRACON& Tower with Radar,8,19,7,0,34,0,3,10,0,13,8,22,17,0,47,6,0,6,53
03/11/2023,CPR,WY,ANM,WE,Combined TRACON& Tower with Radar,6,16,7,5,34,0,2,33,4,39,6,18,40,9,73,30,0,30,103
03/12/2023,CPR,WY,ANM,WE,Combined TRACON& Tower with Radar,4,6,15,2,27,0,4,42,0,46,4,10,57,2,73,56,0,56,129
03/13/2023,CPR,WY,ANM,WE,Combined TRACON& Tower with Radar,6,12,13,0,31,0,5,47,0,52,6,17,60,0,83,46,0,46,129
03/14/2023,CPR,WY,ANM,WE,Combined TRACON& Tower with Radar,8,22,21,0,51,0,0,15,4,19,8,22,36,4,70,4,28,32,102
03/15/2023,CPR,WY,ANM,WE,Combined TRACON& Tower with Radar,8,19,18,2,47,0,3,9,1,13,8,22,27,3,60,4,2,6,66
03/16/2023,CPR,WY,ANM,WE,Combined TRACON& Tower with Radar,7,16,20,2,45,0,2,23,1,26,7,18,43,3,71,70,0,70,141
03/17/2023,CPR,WY,ANM,WE,Combined TRACON& Tower with Radar,8,18,26,4,56,0,2,33,0,35,8,20,59,4,91,24,0,24,115
03/18/2023,CPR,WY,ANM,WE,Combined TRACON& Tower with Radar,8,12,7,2,29,0,2,50,0,52,8,14,57,2,81,60,0,60,141
03/19/2023,CPR,WY,ANM,WE,Combined TRACON& Tower with Radar,2,16,4,0,22,0,2,17,0,19,2,18,21,0,41,20,0,20,61
03/20/2023,CPR,WY,ANM,WE,Combined TRACON& Tower with Radar,6,18,15,0,39,0,3,20,0,23,6,21,35,0,62,22,0,22,84
03/21/2023,CPR,WY,ANM,WE,Combined TRACON& Tower with Radar,8,24,21,2,55,0,0,35,0,35,8,24,56,2,90,40,0,40,130
03/22/2023,CPR,WY,ANM,WE,Combined TRACON& Tower with Radar,7,25,11,0,43,0,0,1,0,1,7,25,12,0,44,2,0,2,46
03/23/2023,CPR,WY,ANM,WE,Combined TRACON& Tower with Radar,6,30,27,0,63,0,1,33,1,35,6,31,60,1,98,24,0,24,122
03/24/2023,CPR,WY,ANM,WE,Combined TRACON& Tower with Radar,8,14,10,0,32,0,3,29,0,32,8,17,39,0,64,22,0,22,86
03/25/2023,CPR,WY,ANM,WE,Combined TRACON& Tower with Radar,6,17,13,0,36,0,2,7,0,9,6,19,20,0,45,6,2,8,53
03/26/2023,CPR,WY,ANM,WE,Combined TRACON& Tower with Radar,4,12,7,0,23,0,3,18,2,23,4,15,25,2,46,0,0,0,46
03/27/2023,CPR,WY,ANM,WE,Combined TRACON& Tower with Radar,4,23,20,0,47,0,0,7,0,7,4,23,27,0,54,2,0,2,56
03/28/2023,CPR,WY,ANM,WE,Combined TRACON& Tower with Radar,6,22,11,0,39,0,0,39,1,40,6,22,50,1,79,42,0,42,121
03/29/2023,CPR,WY,ANM,WE,Combined TRACON& Tower with Radar,8,21,30,0,59,0,0,33,2,35,8,21,63,2,94,64,0,64,158
03/30/2023,CPR,WY,ANM,WE,Combined TRACON& Tower with Radar,6,23,11,1,41,0,1,29,2,32,6,24,40,3,73,34,0,34,107
03/31/2023,CPR,WY,ANM,WE,Combined TRACON& Tower with Radar,6,26,7,0,39,0,0,9,0,9,6,26,16,0,48,6,0,6,54
04/01/2023,CPR,WY,ANM,WE,Combined TRACON& Tower with Radar,3,20,6,0,29,0,1,12,0,13,3,21,18,0,42,4,0,4,46
04/02/2023,CPR,WY,ANM,WE,Combined TRACON& Tower with Radar,2,13,7,0,22,0,2,3,2,7,2,15,10,2,29,0,0,0,29
04/03/2023,CPR,WY,ANM,WE,Combined TRACON& Tower with Radar,1,2,1,0,4,0,0,0,0,0,1,2,1,0,4,0,0,0,4
04/04/2023,CPR,WY,ANM,WE,Combined TRACON& Tower with Radar,0,1,0,0,1,0,0,0,0,0,0,1,0,0,1,0,0,0,1
04/05/2023,CPR,WY,ANM,WE,Combined TRACON& Tower with Radar,4,25,18,2,49,0,1,4,2,7,4,26,22,4,56,0,0,0,56
04/06/2023,CPR,WY,ANM,WE,Combined TRACON& Tower with Radar,6,36,20,6,68,0,0,29,2,31,6,36,49,8,99,50,20,70,169
04/07/2023,CPR,WY,ANM,WE,Combined TRACON& Tower with Radar,6,22,19,0,47,0,2,45,2,49,6,24,64,2,96,64,0,64,160
04/08/2023,CPR,WY,ANM,WE,Combined TRACON& Tower with Radar,2,22,6,0,30,0,0,40,0,40,2,22,46,0,70,40,0,40,110
04/09/2023,CPR,WY,ANM,WE,Combined TRACON& Tower with Radar,2,10,4,0,16,0,1,16,0,17,2,11,20,0,33,0,0,0,33
04/10/2023,CPR,WY,ANM,WE,Combined TRACON& Tower with Radar,4,18,24,0,46,0,1,46,0,47,4,19,70,0,93,46,0,46,139
04/11/2023,CPR,WY,ANM,WE,Combined TRACON& Tower with Radar,5,25,22,0,52,0,0,22,2,24,5,25,44,2,76,6,0,6,82
04/12/2023,CPR,WY,ANM,WE,Combined TRACON& Tower with Radar,5,25,19,0,49,0,4,35,0,39,5,29,54,0,88,32,0,32,120
04/13/2023,CPR,WY,ANM,WE,Combined TRACON& Tower with Radar,5,27,13,2,47,0,2,27,1,30,5,29,40,3,77,8,0,8,85
04/14/2023,CPR,WY,ANM,WE,Combined TRACON& Tower with Radar,5,23,11,0,39,0,0,4,0,4,5,23,15,0,43,20,0,20,63
04/15/2023,CPR,WY,ANM,WE,Combined TRACON& Tower with Radar,4,19,13,2,38,0,0,10,0,10,4,19,23,2,48,8,0,8,56
04/16/2023,CPR,WY,ANM,WE,Combined TRACON& Tower with Radar,2,13,8,0,23,0,0,31,0,31,2,13,39,0,54,24,0,24,78
04/17/2023,CPR,WY,ANM,WE,Combined TRACON& Tower with Radar,4,17,14,0,35,0,2,26,0,28,4,19,40,0,63,0,0,0,63
04/18/2023,CPR,WY,ANM,WE,Combined TRACON& Tower with Radar,5,20,10,0,35,0,1,12,2,15,5,21,22,2,50,8,0,8,58
04/19/2023,CPR,WY,ANM,WE,Combined TRACON& Tower with Radar,4,19,14,0,37,0,1,20,0,21,4,20,34,0,58,4,0,4,62
04/20/2023,CPR,WY,ANM,WE,Combined TRACON& Tower with Radar,5,22,16,0,43,0,0,20,0,20,5,22,36,0,63,0,0,0,63
04/21/2023,CPR,WY,ANM,WE,Combined TRACON& Tower with Radar,6,20,15,1,42,0,0,19,1,20,6,20,34,2,62,14,0,14,76
04/22/2023,CPR,WY,ANM,WE,Combined TRACON& Tower with Radar,4,16,6,0,26,0,0,37,0,37,4,16,43,0,63,60,0,60,123
04/23/2023,CPR,WY,ANM,WE,Combined TRACON& Tower with Radar,2,12,15,2,31,0,1,24,0,25,2,13,39,2,56,0,0,0,56
04/24/2023,CPR,WY,ANM,WE,Combined TRACON& Tower with Radar,4,22,17,3,46,0,4,48,4,56,4,26,65,7,102,46,24,70,172
04/25/2023,CPR,WY,ANM,WE,Combined TRACON& Tower with Radar,9,24,12,1,46,0,1,8,0,9,9,25,20,1,55,0,0,0,55
04/26/2023,CPR,WY,ANM,WE,Combined TRACON& Tower with Radar,5,22,23,0,50,0,1,70,0,71,5,23,93,0,121,64,0,64,185
04/27/2023,CPR,WY,ANM,WE,Combined TRACON& Tower with Radar,5,20,17,0,42,0,1,21,0,22,5,21,38,0,64,34,0,34,98
04/28/2023,CPR,WY,ANM,WE,Combined TRACON& Tower with Radar,5,22,20,4,51,0,0,60,0,60,5,22,80,4,111,28,0,28,139
04/29/2023,CPR,WY,ANM,WE,Combined TRACON& Tower with Radar,4,22,17,1,44,0,5,37,0,42,4,27,54,1,86,10,0,10,96
04/30/2023,CPR,WY,ANM,WE,Combined TRACON& Tower with Radar,2,10,9,1,22,0,0,26,8,34,2,10,35,9,56,10,6,16,72
05/01/2023,CPR,WY,ANM,WE,Combined TRACON& Tower with Radar,4,20,23,2,49,0,2,36,10,48,4,22,59,12,97,10,0,10,107
05/02/2023,CPR,WY,ANM,WE,Combined TRACON& Tower with Radar,6,23,23,2,54,0,3,44,4,51,6,26,67,6,105,6,4,10,115
05/03/2023,CPR,WY,ANM,WE,Combined TRACON& Tower with Radar,5,24,22,0,51,0,3,38,8,49,5,27,60,8,100,8,0,8,108
05/04/2023,CPR,WY,ANM,WE,Combined TRACON& Tower with Radar,5,21,12,3,41,0,0,28,3,31,5,21,40,6,72,10,0,10,82
05/05/2023,CPR,WY,ANM,WE,Combined TRACON& Tower with Radar,8,23,19,4,54,0,0,20,0,20,8,23,39,4,74,36,0,36,110
05/06/2023,CPR,WY,ANM,WE,Combined TRACON& Tower with Radar,7,15,2,2,26,0,0,8,6,14,7,15,10,8,40,8,0,8,48
05/07/2023,CPR,WY,ANM,WE,Combined TRACON& Tower with Radar,5,6,4,4,19,0,0,9,4,13,5,6,13,8,32,0,4,4,36
05/08/2023,CPR,WY,ANM,WE,Combined TRACON& Tower with Radar,7,11,16,0,34,0,1,33,0,34,7,12,49,0,68,22,0,22,90
05/09/2023,CPR,WY,ANM,WE,Combined TRACON& Tower with Radar,7,16,14,0,37,0,3,47,2,52,7,19,61,2,89,16,0,16,105
05/10/2023,CPR,WY,ANM,WE,Combined TRACON& Tower with Radar,7,19,24,3,53,0,2,39,0,41,7,21,63,3,94,36,14,50,144
05/11/2023,CPR,WY,ANM,WE,Combined TRACON& Tower with Radar,7,29,23,2,61,0,0,0,0,0,7,29,23,2,61,0,0,0,61
05/12/2023,CPR,WY,ANM,WE,Combined TRACON& Tower with Radar,10,23,13,0,46,0,2,4,0,6,10,25,17,0,52,0,0,0,52
05/13/2023,CPR,WY,ANM,WE,Combined TRACON& Tower with Radar,8,16,11,0,35,0,0,6,0,6,8,16,17,0,41,0,0,0,41
05/14/2023,CPR,WY,ANM,WE,Combined TRACON& Tower with Radar,5,4,11,1,21,0,0,4,0,4,5,4,15,1,25,0,0,0,25
05/15/2023,CPR,WY,ANM,WE,Combined TRACON& Tower with Radar,8,22,10,0,40,0,1,47,0,48,8,23,57,0,88,20,0,20,108
05/16/2023,CPR,WY,ANM,WE,Combined TRACON& Tower with Radar,10,21,22,0,53,0,10,55,0,65,10,31,77,0,118,36,0,36,154
05/17/2023,CPR,WY,ANM,WE,Combined TRACON& Tower with Radar,9,13,11,2,35,0,2,41,0,43,9,15,52,2,78,22,0,22,100
05/18/2023,CPR,WY,ANM,WE,Combined TRACON& Tower with Radar,7,27,15,0,49,0,0,6,2,8,7,27,21,2,57,20,6,26,83
05/19/2023,CPR,WY,ANM,WE,Combined TRACON& Tower with Radar,9,24,27,5,65,0,1,33,5,39,9,25,60,10,104,24,18,42,146
05/20/2023,CPR,WY,ANM,WE,Combined TRACON& Tower with Radar,8,16,5,0,29,0,1,32,0,33,8,17,37,0,62,8,0,8,70
05/21/2023,CPR,WY,ANM,WE,Combined TRACON& Tower with Radar,6,8,9,0,23,0,2,32,0,34,6,10,41,0,57,26,0,26,83
05/22/2023,CPR,WY,ANM,WE,Combined TRACON& Tower with Radar,8,20,32,0,60,0,4,50,3,57,8,24,82,3,117,36,0,36,153
05/23/2023,CPR,WY,ANM,WE,Combined TRACON& Tower with Radar,9,17,10,0,36,0,3,41,5,49,9,20,51,5,85,48,12,60,145
05/24/2023,CPR,WY,ANM,WE,Combined TRACON& Tower with Radar,9,20,15,0,44,0,0,20,0,20,9,20,35,0,64,8,0,8,72
05/25/2023,CPR,WY,ANM,WE,Combined TRACON& Tower with Radar,9,25,11,0,45,0,2,49,0,51,9,27,60,0,96,28,0,28,124
05/26/2023,CPR,WY,ANM,WE,Combined TRACON& Tower with Radar,8,16,8,0,32,0,2,36,0,38,8,18,44,0,70,14,0,14,84
05/27/2023,CPR,WY,ANM,WE,Combined TRACON& Tower with Radar,8,12,3,0,23,0,2,27,0,29,8,14,30,0,52,4,0,4,56
05/28/2023,CPR,WY,ANM,WE,Combined TRACON& Tower with Radar,6,7,4,0,17,0,1,33,0,34,6,8,37,0,51,18,0,18,69
05/29/2023,CPR,WY,ANM,WE,Combined TRACON& Tower with Radar,5,8,9,0,22,0,1,21,0,22,5,9,30,0,44,18,0,18,62
05/30/2023,CPR,WY,ANM,WE,Combined TRACON& Tower with Radar,8,13,18,0,39,0,3,34,0,37,8,16,52,0,76,16,0,16,92
05/31/2023,CPR,WY,ANM,WE,Combined TRACON& Tower with Radar,10,16,16,6,48,0,3,36,3,42,10,19,52,9,90,42,8,50,140
06/01/2023,CPR,WY,ANM,WE,Combined TRACON& Tower with Radar,9,15,18,0,42,0,1,37,0,38,9,16,55,0,80,8,0,8,88
06/02/2023,CPR,WY,ANM,WE,Combined TRACON& Tower with Radar,6,23,10,0,39,0,0,21,0,21,6,23,31,0,60,24,0,24,84
06/03/2023,CPR,WY,ANM,WE,Combined TRACON& Tower with Radar,6,20,9,0,35,0,3,30,0,33,6,23,39,0,68,24,0,24,92
06/04/2023,CPR,WY,ANM,WE,Combined TRACON& Tower with Radar,4,8,6,0,18,0,3,8,0,11,4,11,14,0,29,0,0,0,29
06/05/2023,CPR,WY,ANM,WE,Combined TRACON& Tower with Radar,6,16,17,0,39,0,0,39,0,39,6,16,56,0,78,44,0,44,122
06/06/2023,CPR,WY,ANM,WE,Combined TRACON& Tower with Radar,6,24,23,6,59,0,0,54,4,58,6,24,77,10,117,57,12,69,186
06/07/2023,CPR,WY,ANM,WE,Combined TRACON& Tower with Radar,7,23,11,0,41,0,4,37,4,45,7,27,48,4,86,20,0,20,106
06/08/2023,CPR,WY,ANM,WE,Combined TRACON& Tower with Radar,8,25,13,0,46,0,0,38,0,38,8,25,51,0,84,30,0,30,114
06/09/2023,CPR,WY,ANM,WE,Combined TRACON& Tower with Radar,8,20,17,6,51,0,2,38,6,46,8,22,55,12,97,24,6,30,127
06/10/2023,CPR,WY,ANM,WE,Combined TRACON& Tower with Radar,6,17,2,0,25,0,2,18,0,20,6,19,20,0,45,0,0,0,45
06/11/2023,CPR,WY,ANM,WE,Combined TRACON& Tower with Radar,4,8,7,0,19,0,0,10,6,16,4,8,17,6,35,0,0,0,35
06/12/2023,CPR,WY,ANM,WE,Combined TRACON& Tower with Radar,6,23,17,0,46,0,0,9,4,13,6,23,26,4,59,0,0,0,59
06/13/2023,CPR,WY,ANM,WE,Combined TRACON& Tower with Radar,8,31,31,0,70,0,0,36,5,41,8,31,67,5,111,24,0,24,135
06/14/2023,CPR,WY,ANM,WE,Combined TRACON& Tower with Radar,8,22,16,0,46,0,8,30,40,78,8,30,46,40,124,18,0,18,142
06/15/2023,CPR,WY,ANM,WE,Combined TRACON& Tower with Radar,6,26,22,4,58,0,0,6,10,16,6,26,28,14,74,0,0,0,74
06/16/2023,CPR,WY,ANM,WE,Combined TRACON& Tower with Radar,7,18,18,0,43,0,4,11,1,16,7,22,29,1,59,10,0,10,69
06/17/2023,CPR,WY,ANM,WE,Combined TRACON& Tower with Radar,5,20,14,0,39,0,1,153,0,154,5,21,167,0,193,12,0,12,205
06/18/2023,CPR,WY,ANM,WE,Combined TRACON& Tower with Radar,4,6,10,0,20,0,0,15,0,15,4,6,25,0,35,0,0,0,35
06/19/2023,CPR,WY,ANM,WE,Combined TRACON& Tower with Radar,5,13,11,0,29,0,2,45,0,47,5,15,56,0,76,6,0,6,82
06/20/2023,CPR,WY,ANM,WE,Combined TRACON& Tower with Radar,7,32,17,0,56,0,6,40,0,46,7,38,57,0,102,6,0,6,108
06/21/2023,CPR,WY,ANM,WE,Combined TRACON& Tower with Radar,8,19,21,0,48,0,1,15,0,16,8,20,36,0,64,0,0,0,64
06/22/2023,CPR,WY,ANM,WE,Combined TRACON& Tower with Radar,5,27,20,0,52,0,0,1,0,1,5,27,21,0,53,0,0,0,53
06/23/2023,CPR,WY,ANM,WE,Combined TRACON& Tower with Radar,4,29,13,0,46,0,4,21,0,25,4,33,34,0,71,0,0,0,71
06/24/2023,CPR,WY,ANM,WE,Combined TRACON& Tower with Radar,4,18,3,0,25,0,6,21,0,27,4,24,24,0,52,0,0,0,52
06/25/2023,CPR,WY,ANM,WE,Combined TRACON& Tower with Radar,2,19,11,0,32,0,4,48,0,52,2,23,59,0,84,18,0,18,102
06/26/2023,CPR,WY,ANM,WE,Combined TRACON& Tower with Radar,4,28,10,0,42,0,4,35,0,39,4,32,45,0,81,26,0,26,107
06/27/2023,CPR,WY,ANM,WE,Combined TRACON& Tower with Radar,6,31,41,2,80,0,4,33,0,37,6,35,74,2,117,12,0,12,129
06/28/2023,CPR,WY,ANM,WE,Combined TRACON& Tower with Radar,5,31,14,5,55,0,4,51,5,60,5,35,65,10,115,34,14,48,163
06/29/2023,CPR,WY,ANM,WE,Combined TRACON& Tower with Radar,4,24,17,0,45,0,4,31,0,35,4,28,48,0,80,24,0,24,104
06/30/2023,CPR,WY,ANM,WE,Combined TRACON& Tower with Radar,4,19,24,1,48,0,0,22,1,23,4,19,46,2,71,4,0,4,75
07/01/2023,CPR,WY,ANM,WE,Combined TRACON& Tower with Radar,6,13,10,0,29,0,0,35,0,35,6,13,45,0,64,0,0,0,64
07/02/2023,CPR,WY,ANM,WE,Combined TRACON& Tower with Radar,6,7,12,4,29,0,3,32,0,35,6,10,44,4,64,16,0,16,80
07/03/2023,CPR,WY,ANM,WE,Combined TRACON& Tower with Radar,6,14,6,0,26,0,1,33,0,34,6,15,39,0,60,14,0,14,74
07/04/2023,CPR,WY,ANM,WE,Combined TRACON& Tower with Radar,4,10,9,0,23,0,0,8,0,8,4,10,17,0,31,8,0,8,39
07/05/2023,CPR,WY,ANM,WE,Combined TRACON& Tower with Radar,7,27,12,0,46,0,1,40,3,44,7,28,52,3,90,44,0,44,134
07/06/2023,CPR,WY,ANM,WE,Combined TRACON& Tower with Radar,7,25,20,0,52,0,2,33,2,37,7,27,53,2,89,14,0,14,103
07/07/2023,CPR,WY,ANM,WE,Combined TRACON& Tower with Radar,6,28,20,0,54,0,1,50,0,51,6,29,70,0,105,54,0,54,159
07/08/2023,CPR,WY,ANM,WE,Combined TRACON& Tower with Radar,3,22,11,0,36,0,3,60,0,63,3,25,71,0,99,60,0,60,159
07/09/2023,CPR,WY,ANM,WE,Combined TRACON& Tower with Radar,4,11,9,0,24,0,1,20,0,21,4,12,29,0,45,0,0,0,45
07/10/2023,CPR,WY,ANM,WE,Combined TRACON& Tower with Radar,5,18,19,0,42,0,4,47,1,52,5,22,66,1,94,36,6,42,136
07/11/2023,CPR,WY,ANM,WE,Combined TRACON& Tower with Radar,6,24,11,1,42,0,1,31,2,34,6,25,42,3,76,2,0,2,78
07/12/2023,CPR,WY,ANM,WE,Combined TRACON& Tower with Radar,7,29,16,3,55,0,3,45,0,48,7,32,61,3,103,22,10,32,135
07/13/2023,CPR,WY,ANM,WE,Combined TRACON& Tower with Radar,8,24,17,0,49,0,1,38,1,40,8,25,55,1,89,16,0,16,105
07/14/2023,CPR,WY,ANM,WE,Combined TRACON& Tower with Radar,10,24,21,0,55,0,1,49,0,50,10,25,70,0,105,80,0,80,185
07/15/2023,CPR,WY,ANM,WE,Combined TRACON& Tower with Radar,5,20,9,2,36,0,2,44,0,46,5,22,53,2,82,42,0,42,124
07/16/2023,CPR,WY,ANM,WE,Combined TRACON& Tower with Radar,4,13,11,0,28,0,4,29,2,35,4,17,40,2,63,0,0,0,63
07/17/2023,CPR,WY,ANM,WE,Combined TRACON& Tower with Radar,6,20,17,0,43,0,1,36,2,39,6,21,53,2,82,28,0,28,110
07/18/2023,CPR,WY,ANM,WE,Combined TRACON& Tower with Radar,8,27,10,0,45,0,3,40,0,43,8,30,50,0,88,18,0,18,106
07/19/2023,CPR,WY,ANM,WE,Combined TRACON& Tower with Radar,10,20,10,0,40,0,2,37,0,39,10,22,47,0,79,32,0,32,111
07/20/2023,CPR,WY,ANM,WE,Combined TRACON& Tower with Radar,9,18,21,0,48,0,4,27,0,31,9,22,48,0,79,40,0,40,119
07/21/2023,CPR,WY,ANM,WE,Combined TRACON& Tower with Radar,7,21,16,0,44,0,6,53,0,59,7,27,69,0,103,47,0,47,150
07/22/2023,CPR,WY,ANM,WE,Combined TRACON& Tower with Radar,5,18,4,0,27,0,6,63,0,69,5,24,67,0,96,10,0,10,106
07/23/2023,CPR,WY,ANM,WE,Combined TRACON& Tower with Radar,3,17,16,0,36,0,6,14,0,20,3,23,30,0,56,24,0,24,80
07/24/2023,CPR,WY,ANM,WE,Combined TRACON& Tower with Radar,5,22,14,2,43,0,4,43,0,47,5,26,57,2,90,72,0,72,162
07/25/2023,CPR,WY,ANM,WE,Combined TRACON& Tower with Radar,7,27,20,0,54,0,15,34,1,50,7,42,54,1,104,58,0,58,162
07/26/2023,CPR,WY,ANM,WE,Combined TRACON& Tower with Radar,7,22,26,0,55,0,23,44,0,67,7,45,70,0,122,56,0,56,178
07/27/2023,CPR,WY,ANM,WE,Combined TRACON& Tower with Radar,7,37,14,0,58,0,10,49,0,59,7,47,63,0,117,76,0,76,193
07/28/2023,CPR,WY,ANM,WE,Combined TRACON& Tower with Radar,6,26,20,0,52,0,8,47,5,60,6,34,67,5,112,54,0,54,166
07/29/2023,CPR,WY,ANM,WE,Combined TRACON& Tower with Radar,6,19,12,0,37,0,4,49,2,55,6,23,61,2,92,6,0,6,98
07/30/2023,CPR,WY,ANM,WE,Combined TRACON& Tower with Radar,3,19,11,0,33,0,16,48,0,64,3,35,59,0,97,8,0,8,105
07/31/2023,CPR,WY,ANM,WE,Combined TRACON& Tower with Radar,5,18,13,0,36,0,3,53,2,58,5,21,66,2,94,34,0,34,128
08/01/2023,CPR,WY,ANM,WE,Combined TRACON& Tower with Radar,6,27,12,0,45,0,3,41,2,46,6,30,53,2,91,34,0,34,125
08/02/2023,CPR,WY,ANM,WE,Combined TRACON& Tower with Radar,8,32,15,0,55,0,0,30,0,30,8,32,45,0,85,28,0,28,113
08/03/2023,CPR,WY,ANM,WE,Combined TRACON& Tower with Radar,7,25,15,0,47,0,2,33,0,35,7,27,48,0,82,22,0,22,104
08/04/2023,CPR,WY,ANM,WE,Combined TRACON& Tower with Radar,5,25,7,0,37,0,0,7,0,7,5,25,14,0,44,4,0,4,48
08/05/2023,CPR,WY,ANM,WE,Combined TRACON& Tower with Radar,4,19,15,0,38,0,0,18,0,18,4,19,33,0,56,6,0,6,62
08/06/2023,CPR,WY,ANM,WE,Combined TRACON& Tower with Radar,2,12,11,0,25,0,1,36,0,37,2,13,47,0,62,22,0,22,84
08/07/2023,CPR,WY,ANM,WE,Combined TRACON& Tower with Radar,4,22,19,16,61,0,3,66,0,69,4,25,85,16,130,64,0,64,194
08/08/2023,CPR,WY,ANM,WE,Combined TRACON& Tower with Radar,5,33,15,0,53,0,2,58,0,60,5,35,73,0,113,40,0,40,153
08/09/2023,CPR,WY,ANM,WE,Combined TRACON& Tower with Radar,6,26,32,2,66,1,4,84,0,89,7,30,116,2,155,50,0,50,205
08/10/2023,CPR,WY,ANM,WE,Combined TRACON& Tower with Radar,6,30,20,2,58,0,3,53,2,58,6,33,73,4,116,46,0,46,162
08/11/2023,CPR,WY,ANM,WE,Combined TRACON& Tower with Radar,5,24,10,3,42,0,0,78,6,84,5,24,88,9,126,60,0,60,186
08/12/2023,CPR,WY,ANM,WE,Combined TRACON& Tower with Radar,4,20,10,0,34,0,2,50,0,52,4,22,60,0,86,48,0,48,134
08/13/2023,CPR,WY,ANM,WE,Combined TRACON& Tower with Radar,2,19,16,0,37,0,1,29,0,30,2,20,45,0,67,24,0,24,91
08/14/2023,CPR,WY,ANM,WE,Combined TRACON& Tower with Radar,4,24,20,0,48,0,8,63,0,71,4,32,83,0,119,30,0,30,149
08/15/2023,CPR,WY,ANM,WE,Combined TRACON& Tower with Radar,6,28,21,0,55,0,1,64,4,69,6,29,85,4,124,26,0,26,150
08/16/2023,CPR,WY,ANM,WE,Combined TRACON& Tower with Radar,4,29,12,8,53,0,2,52,3,57,4,31,64,11,110,38,4,42,152
08/17/2023,CPR,WY,ANM,WE,Combined TRACON& Tower with Radar,5,30,9,10,54,0,3,55,0,58,5,33,64,10,112,16,0,16,128
08/18/2023,CPR,WY,ANM,WE,Combined TRACON& Tower with Radar,5,24,11,0,40,0,5,22,0,27,5,29,33,0,67,0,0,0,67
08/19/2023,CPR,WY,ANM,WE,Combined TRACON& Tower with Radar,4,20,12,2,38,0,1,47,2,50,4,21,59,4,88,22,0,22,110
08/20/2023,CPR,WY,ANM,WE,Combined TRACON& Tower with Radar,2,13,14,0,29,0,5,29,0,34,2,18,43,0,63,46,0,46,109
08/21/2023,CPR,WY,ANM,WE,Combined TRACON& Tower with Radar,4,23,8,2,37,0,1,27,2,30,4,24,35,4,67,4,0,4,71
08/22/2023,CPR,WY,ANM,WE,Combined TRACON& Tower with Radar,5,29,19,0,53,0,0,38,0,38,5,29,57,0,91,12,0,12,103
08/23/2023,CPR,WY,ANM,WE,Combined TRACON& Tower with Radar,6,29,28,6,69,0,4,63,0,67,6,33,91,6,136,25,2,27,163
08/24/2023,CPR,WY,ANM,WE,Combined TRACON& Tower with Radar,6,30,14,0,50,0,2,47,0,49,6,32,61,0,99,58,0,58,157
08/25/2023,CPR,WY,ANM,WE,Combined TRACON& Tower with Radar,5,29,9,0,43,0,0,13,0,13,5,29,22,0,56,26,0,26,82
08/26/2023,CPR,WY,ANM,WE,Combined TRACON& Tower with Radar,4,22,4,0,30,0,1,40,1,42,4,23,44,1,72,30,0,30,102
08/27/2023,CPR,WY,ANM,WE,Combined TRACON& Tower with Radar,2,11,18,0,31,0,2,31,0,33,2,13,49,0,64,44,0,44,108
08/28/2023,CPR,WY,ANM,WE,Combined TRACON& Tower with Radar,4,19,7,0,30,0,0,53,0,53,4,19,60,0,83,38,0,38,121
08/29/2023,CPR,WY,ANM,WE,Combined TRACON& Tower with Radar,5,27,21,0,53,0,0,47,0,47,5,27,68,0,100,48,0,48,148
08/30/2023,CPR,WY,ANM,WE,Combined TRACON& Tower with Radar,5,33,19,0,57,0,1,28,0,29,5,34,47,0,86,8,0,8,94
08/31/2023,CPR,WY,ANM,WE,Combined TRACON& Tower with Radar,4,26,12,0,42,0,2,45,0,47,4,28,57,0,89,58,0,58,147
