01/01/2020,CPS,IL,AGL,CE,Towers with Radar,0,2,9,0,11,0,4,58,0,62,0,6,67,0,73,0,0,0,73
01/02/2020,CPS,IL,AGL,CE,Towers with Radar,0,1,13,0,14,0,10,39,1,50,0,11,52,1,64,101,0,101,165
01/03/2020,CPS,IL,AGL,CE,Towers with Radar,0,6,17,0,23,0,0,12,0,12,0,6,29,0,35,2,0,2,37
01/04/2020,CPS,IL,AGL,CE,Towers with Radar,0,2,10,0,12,0,7,14,0,21,0,9,24,0,33,6,0,6,39
01/05/2020,CPS,IL,AGL,CE,Towers with Radar,1,4,7,0,12,0,12,37,0,49,1,16,44,0,61,79,0,79,140
01/06/2020,CPS,IL,AGL,CE,Towers with Radar,0,5,20,1,26,0,32,57,0,89,0,37,77,1,115,125,1,126,241
01/07/2020,CPS,IL,AGL,CE,Towers with Radar,0,12,20,0,32,0,23,64,0,87,0,35,84,0,119,153,0,153,272
01/08/2020,CPS,IL,AGL,CE,Towers with Radar,2,13,24,0,39,0,31,65,1,97,2,44,89,1,136,250,0,250,386
01/09/2020,CPS,IL,AGL,CE,Towers with Radar,1,2,11,3,17,0,7,17,1,25,1,9,28,4,42,9,0,9,51
01/10/2020,CPS,IL,AGL,CE,Towers with Radar,2,0,15,0,17,0,0,2,0,2,2,0,17,0,19,6,0,6,25
01/11/2020,CPS,IL,AGL,CE,Towers with Radar,1,0,3,0,4,0,0,0,0,0,1,0,3,0,4,0,0,0,4
01/12/2020,CPS,IL,AGL,CE,Towers with Radar,0,2,8,0,10,0,11,2,0,13,0,13,10,0,23,21,0,21,44
01/13/2020,CPS,IL,AGL,CE,Towers with Radar,1,3,5,0,9,0,2,1,0,3,1,5,6,0,12,0,0,0,12
01/14/2020,CPS,IL,AGL,CE,Towers with Radar,1,5,26,3,35,7,12,47,0,66,8,17,73,3,101,339,4,343,444
01/15/2020,CPS,IL,AGL,CE,Towers with Radar,0,19,25,0,44,0,40,34,0,74,0,59,59,0,118,221,47,268,386
01/16/2020,CPS,IL,AGL,CE,Towers with Radar,2,13,11,4,30,0,86,71,3,160,2,99,82,7,190,375,0,375,565
01/17/2020,CPS,IL,AGL,CE,Towers with Radar,1,3,12,4,20,0,1,10,0,11,1,4,22,4,31,3,0,3,34
01/18/2020,CPS,IL,AGL,CE,Towers with Radar,0,4,7,1,12,0,8,5,0,13,0,12,12,1,25,16,0,16,41
01/19/2020,CPS,IL,AGL,CE,Towers with Radar,0,8,7,0,15,0,15,35,0,50,0,23,42,0,65,55,0,55,120
01/20/2020,CPS,IL,AGL,CE,Towers with Radar,0,5,18,0,23,0,5,27,0,32,0,10,45,0,55,148,0,148,203
01/21/2020,CPS,IL,AGL,CE,Towers with Radar,0,6,24,0,30,0,36,40,1,77,0,42,64,1,107,441,0,441,548
01/22/2020,CPS,IL,AGL,CE,Towers with Radar,0,3,19,0,22,0,42,38,0,80,0,45,57,0,102,418,0,418,520
01/23/2020,CPS,IL,AGL,CE,Towers with Radar,0,7,6,0,13,0,0,0,0,0,0,7,6,0,13,0,0,0,13
01/24/2020,CPS,IL,AGL,CE,Towers with Radar,0,10,13,3,26,0,0,4,0,4,0,10,17,3,30,0,0,0,30
01/25/2020,CPS,IL,AGL,CE,Towers with Radar,0,5,7,1,13,0,15,17,2,34,0,20,24,3,47,177,0,177,224
01/26/2020,CPS,IL,AGL,CE,Towers with Radar,0,12,13,2,27,0,28,70,0,98,0,40,83,2,125,172,0,172,297
01/27/2020,CPS,IL,AGL,CE,Towers with Radar,0,5,15,0,20,0,0,2,0,2,0,5,17,0,22,30,0,30,52
01/28/2020,CPS,IL,AGL,CE,Towers with Radar,0,2,9,3,14,0,1,4,0,5,0,3,13,3,19,44,0,44,63
01/29/2020,CPS,IL,AGL,CE,Towers with Radar,0,6,16,0,22,0,0,6,0,6,0,6,22,0,28,63,0,63,91
01/30/2020,CPS,IL,AGL,CE,Towers with Radar,0,4,16,0,20,0,7,17,0,24,0,11,33,0,44,106,0,106,150
01/31/2020,CPS,IL,AGL,CE,Towers with Radar,0,5,7,2,14,0,7,41,0,48,0,12,48,2,62,158,0,158,220
02/01/2020,CPS,IL,AGL,CE,Towers with Radar,0,9,13,0,22,0,61,52,0,113,0,70,65,0,135,267,0,267,402
02/02/2020,CPS,IL,AGL,CE,Towers with Radar,0,9,15,0,24,0,31,75,4,110,0,40,90,4,134,139,0,139,273
02/03/2020,CPS,IL,AGL,CE,Towers with Radar,1,6,14,1,22,0,29,66,8,103,1,35,80,9,125,220,0,220,345
02/04/2020,CPS,IL,AGL,CE,Towers with Radar,0,5,21,0,26,0,0,24,0,24,0,5,45,0,50,50,0,50,100
02/05/2020,CPS,IL,AGL,CE,Towers with Radar,1,1,3,0,5,0,2,8,0,10,1,3,11,0,15,33,0,33,48
02/06/2020,CPS,IL,AGL,CE,Towers with Radar,0,5,18,2,25,0,6,13,0,19,0,11,31,2,44,29,0,29,73
02/07/2020,CPS,IL,AGL,CE,Towers with Radar,0,12,23,0,35,0,49,59,0,108,0,61,82,0,143,372,0,372,515
02/08/2020,CPS,IL,AGL,CE,Towers with Radar,0,1,19,0,20,0,48,46,0,94,0,49,65,0,114,217,0,217,331
02/09/2020,CPS,IL,AGL,CE,Towers with Radar,0,0,7,0,7,0,0,0,0,0,0,0,7,0,7,0,0,0,7
02/10/2020,CPS,IL,AGL,CE,Towers with Radar,0,4,7,0,11,0,3,14,1,18,0,7,21,1,29,106,0,106,135
02/11/2020,CPS,IL,AGL,CE,Towers with Radar,0,18,24,0,42,0,76,43,2,121,0,94,67,2,163,369,0,369,532
02/12/2020,CPS,IL,AGL,CE,Towers with Radar,0,0,16,0,16,0,4,6,0,10,0,4,22,0,26,109,0,109,135
02/13/2020,CPS,IL,AGL,CE,Towers with Radar,0,10,10,0,20,0,18,17,2,37,0,28,27,2,57,30,0,30,87
02/14/2020,CPS,IL,AGL,CE,Towers with Radar,1,9,25,0,35,0,62,54,5,121,1,71,79,5,156,414,0,414,570
02/15/2020,CPS,IL,AGL,CE,Towers with Radar,1,7,15,0,23,0,38,40,0,78,1,45,55,0,101,128,0,128,229
02/16/2020,CPS,IL,AGL,CE,Towers with Radar,0,9,10,0,19,0,36,62,0,98,0,45,72,0,117,159,0,159,276
02/17/2020,CPS,IL,AGL,CE,Towers with Radar,1,17,10,2,30,0,1,15,0,16,1,18,25,2,46,18,0,18,64
02/18/2020,CPS,IL,AGL,CE,Towers with Radar,0,10,19,1,30,0,82,43,1,126,0,92,62,2,156,326,0,326,482
02/19/2020,CPS,IL,AGL,CE,Towers with Radar,0,11,22,1,34,0,89,74,0,163,0,100,96,1,197,462,0,462,659
02/20/2020,CPS,IL,AGL,CE,Towers with Radar,2,15,23,0,40,0,57,67,3,127,2,72,90,3,167,211,0,211,378
02/21/2020,CPS,IL,AGL,CE,Towers with Radar,0,5,28,0,33,0,69,80,1,150,0,74,108,1,183,413,0,413,596
02/22/2020,CPS,IL,AGL,CE,Towers with Radar,0,2,15,2,19,0,41,64,2,107,0,43,79,4,126,193,0,193,319
02/23/2020,CPS,IL,AGL,CE,Towers with Radar,1,4,4,0,9,0,15,46,0,61,1,19,50,0,70,75,0,75,145
02/24/2020,CPS,IL,AGL,CE,Towers with Radar,0,11,11,0,22,0,0,0,0,0,0,11,11,0,22,0,0,0,22
02/25/2020,CPS,IL,AGL,CE,Towers with Radar,0,2,17,0,19,0,0,0,0,0,0,2,17,0,19,0,0,0,19
02/26/2020,CPS,IL,AGL,CE,Towers with Radar,1,12,17,0,30,0,8,21,0,29,1,20,38,0,59,25,0,25,84
02/27/2020,CPS,IL,AGL,CE,Towers with Radar,0,8,35,8,51,0,82,91,2,175,0,90,126,10,226,354,0,354,580
02/28/2020,CPS,IL,AGL,CE,Towers with Radar,0,8,25,0,33,0,43,38,0,81,0,51,63,0,114,242,0,242,356
02/29/2020,CPS,IL,AGL,CE,Towers with Radar,0,5,17,1,23,0,52,91,2,145,0,57,108,3,168,326,0,326,494
03/01/2020,CPS,IL,AGL,CE,Towers with Radar,0,1,13,0,14,0,11,50,0,61,0,12,63,0,75,96,0,96,171
03/02/2020,CPS,IL,AGL,CE,Towers with Radar,0,8,14,0,22,0,12,25,2,39,0,20,39,2,61,187,0,187,248
03/03/2020,CPS,IL,AGL,CE,Towers with Radar,0,4,20,2,26,0,50,46,5,101,0,54,66,7,127,221,0,221,348
03/04/2020,CPS,IL,AGL,CE,Towers with Radar,0,10,14,1,25,0,69,76,2,147,0,79,90,3,172,283,0,283,455
03/05/2020,CPS,IL,AGL,CE,Towers with Radar,0,0,31,1,32,0,36,55,2,93,0,36,86,3,125,160,0,160,285
03/06/2020,CPS,IL,AGL,CE,Towers with Radar,0,8,22,2,32,0,18,57,0,75,0,26,79,2,107,69,0,69,176
03/07/2020,CPS,IL,AGL,CE,Towers with Radar,0,8,23,3,34,0,35,73,0,108,0,43,96,3,142,94,0,94,236
03/08/2020,CPS,IL,AGL,CE,Towers with Radar,0,6,8,3,17,0,8,28,1,37,0,14,36,4,54,74,0,74,128
03/09/2020,CPS,IL,AGL,CE,Towers with Radar,0,2,5,0,7,0,1,6,0,7,0,3,11,0,14,0,0,0,14
03/10/2020,CPS,IL,AGL,CE,Towers with Radar,0,15,29,0,44,0,32,37,0,69,0,47,66,0,113,292,0,292,405
03/11/2020,CPS,IL,AGL,CE,Towers with Radar,0,8,17,0,25,0,7,37,2,46,0,15,54,2,71,153,0,153,224
03/12/2020,CPS,IL,AGL,CE,Towers with Radar,1,3,18,4,26,0,2,2,1,5,1,5,20,5,31,20,0,20,51
03/13/2020,CPS,IL,AGL,CE,Towers with Radar,0,2,23,2,27,0,1,65,4,70,0,3,88,6,97,244,0,244,341
03/14/2020,CPS,IL,AGL,CE,Towers with Radar,0,8,7,0,15,0,0,0,0,0,0,8,7,0,15,0,0,0,15
03/15/2020,CPS,IL,AGL,CE,Towers with Radar,0,0,5,0,5,0,10,15,0,25,0,10,20,0,30,38,0,38,68
03/16/2020,CPS,IL,AGL,CE,Towers with Radar,0,2,4,0,6,0,0,12,0,12,0,2,16,0,18,32,0,32,50
03/17/2020,CPS,IL,AGL,CE,Towers with Radar,0,3,7,2,12,0,12,57,0,69,0,15,64,2,81,160,0,160,241
03/18/2020,CPS,IL,AGL,CE,Towers with Radar,0,0,8,0,8,0,0,4,0,4,0,0,12,0,12,36,0,36,48
03/19/2020,CPS,IL,AGL,CE,Towers with Radar,0,1,2,0,3,0,1,4,0,5,0,2,6,0,8,33,0,33,41
03/20/2020,CPS,IL,AGL,CE,Towers with Radar,0,0,12,0,12,0,0,17,0,17,0,0,29,0,29,91,0,91,120
03/21/2020,CPS,IL,AGL,CE,Towers with Radar,0,3,11,0,14,0,5,59,0,64,0,8,70,0,78,111,0,111,189
03/22/2020,CPS,IL,AGL,CE,Towers with Radar,0,0,1,0,1,0,1,4,0,5,0,1,5,0,6,42,0,42,48
03/23/2020,CPS,IL,AGL,CE,Towers with Radar,0,2,3,0,5,0,2,21,0,23,0,4,24,0,28,16,0,16,44
03/24/2020,CPS,IL,AGL,CE,Towers with Radar,0,0,1,0,1,0,0,5,0,5,0,0,6,0,6,6,0,6,12
03/25/2020,CPS,IL,AGL,CE,Towers with Radar,0,0,3,0,3,0,0,36,0,36,0,0,39,0,39,22,0,22,61
03/26/2020,CPS,IL,AGL,CE,Towers with Radar,0,0,6,0,6,0,9,42,0,51,0,9,48,0,57,148,0,148,205
03/27/2020,CPS,IL,AGL,CE,Towers with Radar,0,2,9,0,11,0,7,25,0,32,0,9,34,0,43,17,0,17,60
03/28/2020,CPS,IL,AGL,CE,Towers with Radar,0,0,1,0,1,0,0,11,0,11,0,0,12,0,12,34,0,34,46
03/29/2020,CPS,IL,AGL,CE,Towers with Radar,0,0,1,0,1,0,7,14,0,21,0,7,15,0,22,0,0,0,22
03/30/2020,CPS,IL,AGL,CE,Towers with Radar,0,4,12,0,16,0,7,58,0,65,0,11,70,0,81,43,0,43,124
03/31/2020,CPS,IL,AGL,CE,Towers with Radar,0,0,10,0,10,0,8,39,4,51,0,8,49,4,61,91,0,91,152
04/01/2020,CPS,IL,AGL,CE,Towers with Radar,0,2,3,3,8,0,2,46,0,48,0,4,49,3,56,49,0,49,105
04/02/2020,CPS,IL,AGL,CE,Towers with Radar,0,0,7,0,7,0,1,28,0,29,0,1,35,0,36,82,0,82,118
04/03/2020,CPS,IL,AGL,CE,Towers with Radar,0,0,5,0,5,0,0,32,0,32,0,0,37,0,37,57,0,57,94
04/04/2020,CPS,IL,AGL,CE,Towers with Radar,0,0,3,0,3,0,0,6,0,6,0,0,9,0,9,12,0,12,21
04/05/2020,CPS,IL,AGL,CE,Towers with Radar,0,2,7,0,9,0,6,5,0,11,0,8,12,0,20,0,0,0,20
04/06/2020,CPS,IL,AGL,CE,Towers with Radar,0,2,9,0,11,0,6,50,0,56,0,8,59,0,67,77,0,77,144
04/07/2020,CPS,IL,AGL,CE,Towers with Radar,0,2,8,0,10,0,3,40,0,43,0,5,48,0,53,36,0,36,89
04/08/2020,CPS,IL,AGL,CE,Towers with Radar,0,1,7,0,8,0,7,36,0,43,0,8,43,0,51,28,0,28,79
04/09/2020,CPS,IL,AGL,CE,Towers with Radar,0,0,10,0,10,0,7,28,0,35,0,7,38,0,45,10,0,10,55
04/10/2020,CPS,IL,AGL,CE,Towers with Radar,0,0,22,0,22,0,11,54,0,65,0,11,76,0,87,102,0,102,189
04/11/2020,CPS,IL,AGL,CE,Towers with Radar,0,1,6,0,7,0,4,20,0,24,0,5,26,0,31,75,0,75,106
04/12/2020,CPS,IL,AGL,CE,Towers with Radar,0,0,7,0,7,0,1,3,0,4,0,1,10,0,11,0,0,0,11
04/13/2020,CPS,IL,AGL,CE,Towers with Radar,0,0,7,4,11,0,3,16,0,19,0,3,23,4,30,17,0,17,47
04/14/2020,CPS,IL,AGL,CE,Towers with Radar,0,0,7,1,8,0,6,45,0,51,0,6,52,1,59,23,0,23,82
04/15/2020,CPS,IL,AGL,CE,Towers with Radar,0,2,8,0,10,0,4,43,0,47,0,6,51,0,57,41,0,41,98
04/16/2020,CPS,IL,AGL,CE,Towers with Radar,0,2,8,0,10,0,2,46,0,48,0,4,54,0,58,71,0,71,129
04/17/2020,CPS,IL,AGL,CE,Towers with Radar,0,1,26,0,27,0,2,12,0,14,0,3,38,0,41,38,0,38,79
04/18/2020,CPS,IL,AGL,CE,Towers with Radar,0,1,2,0,3,0,6,78,0,84,0,7,80,0,87,92,0,92,179
04/19/2020,CPS,IL,AGL,CE,Towers with Radar,0,0,10,0,10,0,7,36,0,43,0,7,46,0,53,96,0,96,149
04/20/2020,CPS,IL,AGL,CE,Towers with Radar,0,0,3,0,3,0,4,70,0,74,0,4,73,0,77,73,0,73,150
04/21/2020,CPS,IL,AGL,CE,Towers with Radar,0,0,21,0,21,0,6,83,0,89,0,6,104,0,110,79,0,79,189
04/22/2020,CPS,IL,AGL,CE,Towers with Radar,0,3,10,0,13,0,2,30,0,32,0,5,40,0,45,59,0,59,104
04/23/2020,CPS,IL,AGL,CE,Towers with Radar,0,4,14,2,20,0,5,13,0,18,0,9,27,2,38,36,0,36,74
04/24/2020,CPS,IL,AGL,CE,Towers with Radar,0,0,11,0,11,0,5,54,0,59,0,5,65,0,70,80,0,80,150
04/25/2020,CPS,IL,AGL,CE,Towers with Radar,0,0,9,0,9,0,2,0,0,2,0,2,9,0,11,4,0,4,15
04/26/2020,CPS,IL,AGL,CE,Towers with Radar,0,0,9,0,9,0,12,71,0,83,0,12,80,0,92,80,0,80,172
04/27/2020,CPS,IL,AGL,CE,Towers with Radar,0,2,10,0,12,0,8,33,0,41,0,10,43,0,53,29,0,29,82
04/28/2020,CPS,IL,AGL,CE,Towers with Radar,0,0,4,2,6,0,7,48,0,55,0,7,52,2,61,98,0,98,159
04/29/2020,CPS,IL,AGL,CE,Towers with Radar,0,2,10,0,12,0,2,13,0,15,0,4,23,0,27,1,0,1,28
04/30/2020,CPS,IL,AGL,CE,Towers with Radar,0,3,19,0,22,0,6,44,0,50,0,9,63,0,72,21,0,21,93
05/01/2020,CPS,IL,AGL,CE,Towers with Radar,0,0,23,0,23,0,8,100,0,108,0,8,123,0,131,158,0,158,289
05/02/2020,CPS,IL,AGL,CE,Towers with Radar,0,1,8,0,9,0,1,73,0,74,0,2,81,0,83,111,0,111,194
05/03/2020,CPS,IL,AGL,CE,Towers with Radar,0,2,3,0,5,0,6,12,0,18,0,8,15,0,23,16,0,16,39
05/04/2020,CPS,IL,AGL,CE,Towers with Radar,0,7,7,0,14,0,4,24,0,28,0,11,31,0,42,87,0,87,129
05/05/2020,CPS,IL,AGL,CE,Towers with Radar,0,0,13,0,13,0,9,20,0,29,0,9,33,0,42,2,0,2,44
05/06/2020,CPS,IL,AGL,CE,Towers with Radar,0,3,30,0,33,0,4,46,0,50,0,7,76,0,83,54,0,54,137
05/07/2020,CPS,IL,AGL,CE,Towers with Radar,0,1,17,0,18,0,3,39,0,42,0,4,56,0,60,118,0,118,178
05/08/2020,CPS,IL,AGL,CE,Towers with Radar,0,5,11,0,16,0,4,7,0,11,0,9,18,0,27,10,0,10,37
05/09/2020,CPS,IL,AGL,CE,Towers with Radar,0,0,13,0,13,0,4,68,0,72,0,4,81,0,85,80,0,80,165
05/10/2020,CPS,IL,AGL,CE,Towers with Radar,0,1,5,0,6,0,1,8,0,9,0,2,13,0,15,4,0,4,19
05/11/2020,CPS,IL,AGL,CE,Towers with Radar,0,2,7,0,9,0,3,28,0,31,0,5,35,0,40,60,0,60,100
05/12/2020,CPS,IL,AGL,CE,Towers with Radar,0,2,11,0,13,0,3,35,0,38,0,5,46,0,51,66,0,66,117
05/13/2020,CPS,IL,AGL,CE,Towers with Radar,0,1,15,0,16,0,0,0,0,0,0,1,15,0,16,0,0,0,16
05/14/2020,CPS,IL,AGL,CE,Towers with Radar,0,0,11,0,11,0,1,13,0,14,0,1,24,0,25,3,0,3,28
05/15/2020,CPS,IL,AGL,CE,Towers with Radar,0,4,25,0,29,0,8,20,0,28,0,12,45,0,57,37,0,37,94
05/16/2020,CPS,IL,AGL,CE,Towers with Radar,0,3,13,0,16,0,3,34,0,37,0,6,47,0,53,93,0,93,146
05/17/2020,CPS,IL,AGL,CE,Towers with Radar,0,2,6,0,8,0,3,2,0,5,0,5,8,0,13,0,0,0,13
05/18/2020,CPS,IL,AGL,CE,Towers with Radar,0,4,23,0,27,0,2,19,0,21,0,6,42,0,48,65,0,65,113
05/19/2020,CPS,IL,AGL,CE,Towers with Radar,0,2,23,0,25,0,2,13,0,15,0,4,36,0,40,48,0,48,88
05/20/2020,CPS,IL,AGL,CE,Towers with Radar,0,3,23,0,26,0,0,9,0,9,0,3,32,0,35,28,0,28,63
05/21/2020,CPS,IL,AGL,CE,Towers with Radar,0,2,19,0,21,0,3,17,0,20,0,5,36,0,41,32,0,32,73
05/22/2020,CPS,IL,AGL,CE,Towers with Radar,0,3,9,0,12,0,8,63,0,71,0,11,72,0,83,103,0,103,186
05/23/2020,CPS,IL,AGL,CE,Towers with Radar,0,0,9,0,9,0,4,42,0,46,0,4,51,0,55,54,0,54,109
05/24/2020,CPS,IL,AGL,CE,Towers with Radar,0,1,3,0,4,0,4,40,0,44,0,5,43,0,48,30,0,30,78
05/25/2020,CPS,IL,AGL,CE,Towers with Radar,0,2,7,0,9,0,2,24,0,26,0,4,31,0,35,139,0,139,174
05/26/2020,CPS,IL,AGL,CE,Towers with Radar,0,0,10,4,14,0,9,19,0,28,0,9,29,4,42,17,0,17,59
05/27/2020,CPS,IL,AGL,CE,Towers with Radar,0,4,9,0,13,0,0,3,0,3,0,4,12,0,16,0,0,0,16
05/28/2020,CPS,IL,AGL,CE,Towers with Radar,0,0,14,0,14,0,3,23,0,26,0,3,37,0,40,90,0,90,130
05/29/2020,CPS,IL,AGL,CE,Towers with Radar,0,0,18,0,18,0,4,65,0,69,0,4,83,0,87,56,0,56,143
05/30/2020,CPS,IL,AGL,CE,Towers with Radar,0,2,3,1,6,0,8,86,0,94,0,10,89,1,100,93,0,93,193
05/31/2020,CPS,IL,AGL,CE,Towers with Radar,0,2,2,1,5,0,5,49,0,54,0,7,51,1,59,58,0,58,117
06/01/2020,CPS,IL,AGL,CE,Towers with Radar,0,2,17,6,25,0,6,51,1,58,0,8,68,7,83,102,0,102,185
06/02/2020,CPS,IL,AGL,CE,Towers with Radar,0,4,16,0,20,0,4,44,0,48,0,8,60,0,68,86,0,86,154
06/03/2020,CPS,IL,AGL,CE,Towers with Radar,0,2,19,4,25,0,4,55,1,60,0,6,74,5,85,73,2,75,160
06/04/2020,CPS,IL,AGL,CE,Towers with Radar,0,1,7,0,8,0,5,40,0,45,0,6,47,0,53,61,0,61,114
06/05/2020,CPS,IL,AGL,CE,Towers with Radar,0,1,7,3,11,0,0,38,0,38,0,1,45,3,49,25,0,25,74
06/06/2020,CPS,IL,AGL,CE,Towers with Radar,0,0,5,0,5,0,1,57,0,58,0,1,62,0,63,73,0,73,136
06/07/2020,CPS,IL,AGL,CE,Towers with Radar,0,0,16,0,16,0,16,84,0,100,0,16,100,0,116,77,0,77,193
06/08/2020,CPS,IL,AGL,CE,Towers with Radar,0,0,17,0,17,0,5,93,0,98,0,5,110,0,115,112,0,112,227
06/09/2020,CPS,IL,AGL,CE,Towers with Radar,0,0,9,0,9,0,5,6,0,11,0,5,15,0,20,2,0,2,22
06/10/2020,CPS,IL,AGL,CE,Towers with Radar,0,2,16,0,18,0,16,37,0,53,0,18,53,0,71,57,0,57,128
06/11/2020,CPS,IL,AGL,CE,Towers with Radar,0,8,25,0,33,0,9,107,1,117,0,17,132,1,150,265,0,265,415
06/12/2020,CPS,IL,AGL,CE,Towers with Radar,0,0,19,4,23,0,11,78,0,89,0,11,97,4,112,160,0,160,272
06/13/2020,CPS,IL,AGL,CE,Towers with Radar,0,0,11,0,11,0,5,87,0,92,0,5,98,0,103,142,0,142,245
06/14/2020,CPS,IL,AGL,CE,Towers with Radar,0,3,18,0,21,0,4,78,0,82,0,7,96,0,103,104,0,104,207
06/15/2020,CPS,IL,AGL,CE,Towers with Radar,0,3,13,0,16,0,9,60,0,69,0,12,73,0,85,145,0,145,230
06/16/2020,CPS,IL,AGL,CE,Towers with Radar,0,0,17,0,17,0,4,71,0,75,0,4,88,0,92,231,0,231,323
06/17/2020,CPS,IL,AGL,CE,Towers with Radar,0,1,18,6,25,0,4,71,6,81,0,5,89,12,106,109,0,109,215
06/18/2020,CPS,IL,AGL,CE,Towers with Radar,0,1,18,2,21,0,1,98,0,99,0,2,116,2,120,222,0,222,342
06/19/2020,CPS,IL,AGL,CE,Towers with Radar,0,0,19,3,22,0,13,76,0,89,0,13,95,3,111,140,0,140,251
06/20/2020,CPS,IL,AGL,CE,Towers with Radar,0,1,8,0,9,0,5,54,0,59,0,6,62,0,68,106,0,106,174
06/21/2020,CPS,IL,AGL,CE,Towers with Radar,0,2,11,0,13,0,1,28,0,29,0,3,39,0,42,92,0,92,134
06/22/2020,CPS,IL,AGL,CE,Towers with Radar,0,2,16,0,18,0,7,13,0,20,0,9,29,0,38,71,0,71,109
06/23/2020,CPS,IL,AGL,CE,Towers with Radar,0,0,22,0,22,0,8,58,0,66,0,8,80,0,88,131,0,131,219
06/24/2020,CPS,IL,AGL,CE,Towers with Radar,0,6,22,18,46,0,5,53,0,58,0,11,75,18,104,163,0,163,267
06/25/2020,CPS,IL,AGL,CE,Towers with Radar,0,5,31,0,36,0,1,65,0,66,0,6,96,0,102,100,0,100,202
06/26/2020,CPS,IL,AGL,CE,Towers with Radar,0,2,10,0,12,0,3,39,2,44,0,5,49,2,56,76,0,76,132
06/27/2020,CPS,IL,AGL,CE,Towers with Radar,0,0,5,0,5,0,0,55,0,55,0,0,60,0,60,52,0,52,112
06/28/2020,CPS,IL,AGL,CE,Towers with Radar,0,4,11,0,15,0,3,42,0,45,0,7,53,0,60,67,0,67,127
06/29/2020,CPS,IL,AGL,CE,Towers with Radar,0,4,10,2,16,0,8,53,0,61,0,12,63,2,77,122,0,122,199
06/30/2020,CPS,IL,AGL,CE,Towers with Radar,0,0,11,0,11,0,0,3,0,3,0,0,14,0,14,20,0,20,34
07/01/2020,CPS,IL,AGL,CE,Towers with Radar,0,1,23,2,26,0,3,16,0,19,0,4,39,2,45,60,0,60,105
07/02/2020,CPS,IL,AGL,CE,Towers with Radar,0,2,22,0,24,0,6,62,0,68,0,8,84,0,92,113,0,113,205
07/03/2020,CPS,IL,AGL,CE,Towers with Radar,0,4,14,1,19,0,4,53,0,57,0,8,67,1,76,99,0,99,175
07/04/2020,CPS,IL,AGL,CE,Towers with Radar,0,0,2,0,2,0,0,58,0,58,0,0,60,0,60,37,0,37,97
07/05/2020,CPS,IL,AGL,CE,Towers with Radar,0,2,10,0,12,0,4,39,0,43,0,6,49,0,55,28,0,28,83
07/06/2020,CPS,IL,AGL,CE,Towers with Radar,0,0,6,0,6,0,9,56,0,65,0,9,62,0,71,114,0,114,185
07/07/2020,CPS,IL,AGL,CE,Towers with Radar,0,1,19,7,27,0,1,41,3,45,0,2,60,10,72,77,0,77,149
07/08/2020,CPS,IL,AGL,CE,Towers with Radar,0,5,18,2,25,0,7,48,0,55,0,12,66,2,80,56,0,56,136
07/09/2020,CPS,IL,AGL,CE,Towers with Radar,0,3,17,3,23,0,4,69,0,73,0,7,86,3,96,80,0,80,176
07/10/2020,CPS,IL,AGL,CE,Towers with Radar,0,2,26,0,28,0,12,53,0,65,0,14,79,0,93,108,0,108,201
07/11/2020,CPS,IL,AGL,CE,Towers with Radar,0,0,16,0,16,0,8,68,0,76,0,8,84,0,92,94,0,94,186
07/12/2020,CPS,IL,AGL,CE,Towers with Radar,0,1,14,0,15,0,7,37,0,44,0,8,51,0,59,128,0,128,187
07/13/2020,CPS,IL,AGL,CE,Towers with Radar,0,3,11,0,14,0,11,57,2,70,0,14,68,2,84,217,0,217,301
07/14/2020,CPS,IL,AGL,CE,Towers with Radar,0,5,5,0,10,0,20,61,0,81,0,25,66,0,91,285,0,285,376
07/15/2020,CPS,IL,AGL,CE,Towers with Radar,0,5,6,0,11,0,15,19,0,34,0,20,25,0,45,103,0,103,148
07/16/2020,CPS,IL,AGL,CE,Towers with Radar,0,4,23,0,27,0,25,62,1,88,0,29,85,1,115,213,0,213,328
07/17/2020,CPS,IL,AGL,CE,Towers with Radar,0,2,26,2,30,0,20,74,0,94,0,22,100,2,124,100,0,100,224
07/18/2020,CPS,IL,AGL,CE,Towers with Radar,0,0,12,0,12,0,8,59,0,67,0,8,71,0,79,60,0,60,139
07/19/2020,CPS,IL,AGL,CE,Towers with Radar,0,3,12,0,15,0,8,30,4,42,0,11,42,4,57,81,0,81,138
07/20/2020,CPS,IL,AGL,CE,Towers with Radar,0,2,9,2,13,0,26,50,1,77,0,28,59,3,90,126,0,126,216
07/21/2020,CPS,IL,AGL,CE,Towers with Radar,0,4,25,0,29,0,31,30,2,63,0,35,55,2,92,211,0,211,303
07/22/2020,CPS,IL,AGL,CE,Towers with Radar,0,6,29,3,38,0,13,54,1,68,0,19,83,4,106,180,0,180,286
07/23/2020,CPS,IL,AGL,CE,Towers with Radar,0,4,17,3,24,0,25,52,1,78,0,29,69,4,102,291,0,291,393
07/24/2020,CPS,IL,AGL,CE,Towers with Radar,0,3,12,3,18,0,38,67,1,106,0,41,79,4,124,242,0,242,366
07/25/2020,CPS,IL,AGL,CE,Towers with Radar,0,1,9,0,10,0,6,75,0,81,0,7,84,0,91,102,0,102,193
07/26/2020,CPS,IL,AGL,CE,Towers with Radar,0,6,8,0,14,0,13,58,0,71,0,19,66,0,85,17,0,17,102
07/27/2020,CPS,IL,AGL,CE,Towers with Radar,2,8,7,0,17,0,6,23,0,29,2,14,30,0,46,28,3,31,77
07/28/2020,CPS,IL,AGL,CE,Towers with Radar,0,2,16,0,18,0,59,68,0,127,0,61,84,0,145,280,0,280,425
07/29/2020,CPS,IL,AGL,CE,Towers with Radar,0,6,24,0,30,0,31,39,0,70,0,37,63,0,100,104,1,105,205
07/30/2020,CPS,IL,AGL,CE,Towers with Radar,0,9,30,0,39,0,2,7,0,9,0,11,37,0,48,46,0,46,94
07/31/2020,CPS,IL,AGL,CE,Towers with Radar,0,3,32,0,35,0,5,3,0,8,0,8,35,0,43,28,0,28,71
08/01/2020,CPS,IL,AGL,CE,Towers with Radar,0,4,28,0,32,0,4,36,0,40,0,8,64,0,72,168,0,168,240
08/02/2020,CPS,IL,AGL,CE,Towers with Radar,0,4,18,0,22,0,3,40,0,43,0,7,58,0,65,122,0,122,187
08/03/2020,CPS,IL,AGL,CE,Towers with Radar,0,4,16,0,20,0,13,36,0,49,0,17,52,0,69,133,0,133,202
08/04/2020,CPS,IL,AGL,CE,Towers with Radar,0,5,32,4,41,0,31,54,4,89,0,36,86,8,130,227,0,227,357
08/05/2020,CPS,IL,AGL,CE,Towers with Radar,2,3,23,0,28,0,65,66,0,131,2,68,89,0,159,281,0,281,440
08/06/2020,CPS,IL,AGL,CE,Towers with Radar,0,2,33,0,35,0,46,85,3,134,0,48,118,3,169,260,0,260,429
08/07/2020,CPS,IL,AGL,CE,Towers with Radar,0,1,16,2,19,0,32,84,0,116,0,33,100,2,135,179,2,181,316
08/08/2020,CPS,IL,AGL,CE,Towers with Radar,0,0,8,0,8,0,3,60,0,63,0,3,68,0,71,152,0,152,223
08/09/2020,CPS,IL,AGL,CE,Towers with Radar,0,1,12,0,13,0,3,40,0,43,0,4,52,0,56,69,0,69,125
08/10/2020,CPS,IL,AGL,CE,Towers with Radar,0,0,12,0,12,0,38,50,0,88,0,38,62,0,100,149,0,149,249
08/11/2020,CPS,IL,AGL,CE,Towers with Radar,0,7,17,0,24,0,8,44,0,52,0,15,61,0,76,157,0,157,233
08/12/2020,CPS,IL,AGL,CE,Towers with Radar,0,3,18,2,23,0,10,31,0,41,0,13,49,2,64,56,0,56,120
08/13/2020,CPS,IL,AGL,CE,Towers with Radar,0,3,23,0,26,0,11,17,0,28,0,14,40,0,54,73,0,73,127
08/14/2020,CPS,IL,AGL,CE,Towers with Radar,0,3,17,1,21,0,7,78,4,89,0,10,95,5,110,98,0,98,208
08/15/2020,CPS,IL,AGL,CE,Towers with Radar,0,1,14,0,15,0,0,59,0,59,0,1,73,0,74,73,0,73,147
08/16/2020,CPS,IL,AGL,CE,Towers with Radar,0,1,4,0,5,0,10,80,0,90,0,11,84,0,95,45,0,45,140
08/17/2020,CPS,IL,AGL,CE,Towers with Radar,0,4,2,0,6,0,23,55,0,78,0,27,57,0,84,144,0,144,228
08/18/2020,CPS,IL,AGL,CE,Towers with Radar,0,1,26,0,27,0,59,66,2,127,0,60,92,2,154,163,0,163,317
08/19/2020,CPS,IL,AGL,CE,Towers with Radar,0,0,27,2,29,0,64,65,2,131,0,64,92,4,160,195,0,195,355
08/20/2020,CPS,IL,AGL,CE,Towers with Radar,0,0,23,0,23,0,61,60,6,127,0,61,83,6,150,283,0,283,433
08/21/2020,CPS,IL,AGL,CE,Towers with Radar,0,1,17,1,19,0,60,59,0,119,0,61,76,1,138,240,0,240,378
08/22/2020,CPS,IL,AGL,CE,Towers with Radar,0,0,11,0,11,0,44,72,1,117,0,44,83,1,128,268,0,268,396
08/23/2020,CPS,IL,AGL,CE,Towers with Radar,1,0,19,0,20,0,12,57,0,69,1,12,76,0,89,143,0,143,232
08/24/2020,CPS,IL,AGL,CE,Towers with Radar,0,5,16,4,25,0,45,59,0,104,0,50,75,4,129,244,0,244,373
08/25/2020,CPS,IL,AGL,CE,Towers with Radar,0,2,13,2,17,0,50,79,1,130,0,52,92,3,147,257,0,257,404
08/26/2020,CPS,IL,AGL,CE,Towers with Radar,0,5,17,2,24,0,41,65,1,107,0,46,82,3,131,297,0,297,428
08/27/2020,CPS,IL,AGL,CE,Towers with Radar,0,2,14,3,19,0,35,44,0,79,0,37,58,3,98,164,0,164,262
08/28/2020,CPS,IL,AGL,CE,Towers with Radar,0,6,25,0,31,0,19,38,0,57,0,25,63,0,88,129,0,129,217
08/29/2020,CPS,IL,AGL,CE,Towers with Radar,0,8,26,0,34,0,40,57,0,97,0,48,83,0,131,122,0,122,253
08/30/2020,CPS,IL,AGL,CE,Towers with Radar,2,12,22,0,36,0,2,58,0,60,2,14,80,0,96,139,0,139,235
08/31/2020,CPS,IL,AGL,CE,Towers with Radar,0,6,13,0,19,0,6,33,0,39,0,12,46,0,58,123,0,123,181
09/01/2020,CPS,IL,AGL,CE,Towers with Radar,0,2,18,0,20,0,5,16,0,21,0,7,34,0,41,17,0,17,58
09/02/2020,CPS,IL,AGL,CE,Towers with Radar,0,2,39,0,41,0,22,37,0,59,0,24,76,0,100,195,0,195,295
09/03/2020,CPS,IL,AGL,CE,Towers with Radar,0,5,28,1,34,0,46,60,0,106,0,51,88,1,140,86,0,86,226
09/04/2020,CPS,IL,AGL,CE,Towers with Radar,0,1,20,2,23,0,69,106,0,175,0,70,126,2,198,310,0,310,508
09/05/2020,CPS,IL,AGL,CE,Towers with Radar,0,4,16,0,20,0,60,75,0,135,0,64,91,0,155,148,0,148,303
09/06/2020,CPS,IL,AGL,CE,Towers with Radar,0,0,9,0,9,0,14,72,0,86,0,14,81,0,95,113,0,113,208
09/07/2020,CPS,IL,AGL,CE,Towers with Radar,3,1,10,0,14,0,54,55,0,109,3,55,65,0,123,122,0,122,245
09/08/2020,CPS,IL,AGL,CE,Towers with Radar,1,4,13,4,22,0,53,60,1,114,1,57,73,5,136,212,0,212,348
09/09/2020,CPS,IL,AGL,CE,Towers with Radar,0,2,34,1,37,0,51,43,0,94,0,53,77,1,131,102,0,102,233
09/10/2020,CPS,IL,AGL,CE,Towers with Radar,0,4,31,0,35,0,35,28,0,63,0,39,59,0,98,139,0,139,237
09/11/2020,CPS,IL,AGL,CE,Towers with Radar,0,1,32,0,33,0,25,57,0,82,0,26,89,0,115,121,0,121,236
09/12/2020,CPS,IL,AGL,CE,Towers with Radar,0,4,14,0,18,0,3,26,0,29,0,7,40,0,47,83,0,83,130
09/13/2020,CPS,IL,AGL,CE,Towers with Radar,4,2,16,2,24,0,30,69,3,102,4,32,85,5,126,125,0,125,251
09/14/2020,CPS,IL,AGL,CE,Towers with Radar,0,4,10,2,16,0,64,59,0,123,0,68,69,2,139,289,3,292,431
09/15/2020,CPS,IL,AGL,CE,Towers with Radar,0,7,15,0,22,0,67,55,0,122,0,74,70,0,144,257,0,257,401
09/16/2020,CPS,IL,AGL,CE,Towers with Radar,0,0,26,0,26,0,78,82,2,162,0,78,108,2,188,389,0,389,577
09/17/2020,CPS,IL,AGL,CE,Towers with Radar,0,5,21,0,26,0,62,52,0,114,0,67,73,0,140,249,0,249,389
09/18/2020,CPS,IL,AGL,CE,Towers with Radar,0,1,23,2,26,0,57,60,1,118,0,58,83,3,144,122,0,122,266
09/19/2020,CPS,IL,AGL,CE,Towers with Radar,0,2,18,0,20,0,44,127,1,172,0,46,145,1,192,172,0,172,364
09/20/2020,CPS,IL,AGL,CE,Towers with Radar,0,0,15,2,17,0,18,52,0,70,0,18,67,2,87,101,0,101,188
09/21/2020,CPS,IL,AGL,CE,Towers with Radar,0,0,18,0,18,0,50,65,1,116,0,50,83,1,134,156,0,156,290
09/22/2020,CPS,IL,AGL,CE,Towers with Radar,0,2,21,0,23,0,55,78,0,133,0,57,99,0,156,223,0,223,379
09/23/2020,CPS,IL,AGL,CE,Towers with Radar,0,5,31,0,36,0,63,66,0,129,0,68,97,0,165,196,0,196,361
09/24/2020,CPS,IL,AGL,CE,Towers with Radar,0,2,19,1,22,0,59,82,4,145,0,61,101,5,167,300,0,300,467
09/25/2020,CPS,IL,AGL,CE,Towers with Radar,0,2,23,0,25,0,45,72,2,119,0,47,95,2,144,181,0,181,325
09/26/2020,CPS,IL,AGL,CE,Towers with Radar,0,0,17,1,18,0,31,78,0,109,0,31,95,1,127,86,0,86,213
09/27/2020,CPS,IL,AGL,CE,Towers with Radar,0,2,21,2,25,0,13,68,0,81,0,15,89,2,106,194,0,194,300
09/28/2020,CPS,IL,AGL,CE,Towers with Radar,0,0,19,0,19,0,7,32,0,39,0,7,51,0,58,76,0,76,134
09/29/2020,CPS,IL,AGL,CE,Towers with Radar,0,1,26,0,27,0,73,59,1,133,0,74,85,1,160,224,0,224,384
09/30/2020,CPS,IL,AGL,CE,Towers with Radar,0,3,32,0,35,0,44,49,1,94,0,47,81,1,129,90,0,90,219
10/01/2020,CPS,IL,AGL,CE,Towers with Radar,0,1,29,2,32,0,55,56,5,116,0,56,85,7,148,120,0,120,268
10/02/2020,CPS,IL,AGL,CE,Towers with Radar,0,4,33,2,39,0,84,55,0,139,0,88,88,2,178,165,0,165,343
10/03/2020,CPS,IL,AGL,CE,Towers with Radar,0,2,18,0,20,0,14,43,0,57,0,16,61,0,77,173,0,173,250
10/04/2020,CPS,IL,AGL,CE,Towers with Radar,0,2,19,0,21,0,11,19,0,30,0,13,38,0,51,54,0,54,105
10/05/2020,CPS,IL,AGL,CE,Towers with Radar,0,0,17,4,21,0,48,56,2,106,0,48,73,6,127,240,0,240,367
10/06/2020,CPS,IL,AGL,CE,Towers with Radar,0,6,23,2,31,0,52,67,2,121,0,58,90,4,152,303,0,303,455
10/07/2020,CPS,IL,AGL,CE,Towers with Radar,0,1,25,4,30,0,59,62,1,122,0,60,87,5,152,275,0,275,427
10/08/2020,CPS,IL,AGL,CE,Towers with Radar,0,1,24,3,28,0,55,97,0,152,0,56,121,3,180,295,0,295,475
10/09/2020,CPS,IL,AGL,CE,Towers with Radar,0,2,22,2,26,0,36,77,0,113,0,38,99,2,139,155,0,155,294
10/10/2020,CPS,IL,AGL,CE,Towers with Radar,0,1,17,0,18,0,42,49,0,91,0,43,66,0,109,221,0,221,330
10/11/2020,CPS,IL,AGL,CE,Towers with Radar,0,3,22,0,25,0,9,73,0,82,0,12,95,0,107,141,0,141,248
10/12/2020,CPS,IL,AGL,CE,Towers with Radar,0,0,15,0,15,0,9,37,2,48,0,9,52,2,63,73,0,73,136
10/13/2020,CPS,IL,AGL,CE,Towers with Radar,0,4,23,8,35,0,35,64,1,100,0,39,87,9,135,247,0,247,382
10/14/2020,CPS,IL,AGL,CE,Towers with Radar,0,0,21,6,27,0,20,57,5,82,0,20,78,11,109,154,0,154,263
10/15/2020,CPS,IL,AGL,CE,Towers with Radar,0,5,30,3,38,0,56,75,2,133,0,61,105,5,171,215,0,215,386
10/16/2020,CPS,IL,AGL,CE,Towers with Radar,0,2,33,4,39,0,25,48,1,74,0,27,81,5,113,164,0,164,277
10/17/2020,CPS,IL,AGL,CE,Towers with Radar,0,0,7,0,7,0,11,38,0,49,0,11,45,0,56,57,0,57,113
10/18/2020,CPS,IL,AGL,CE,Towers with Radar,0,0,13,0,13,0,4,61,1,66,0,4,74,1,79,99,0,99,178
10/19/2020,CPS,IL,AGL,CE,Towers with Radar,0,3,26,2,31,0,5,26,0,31,0,8,52,2,62,201,0,201,263
10/20/2020,CPS,IL,AGL,CE,Towers with Radar,0,8,17,1,26,0,8,13,0,21,0,16,30,1,47,137,0,137,184
10/21/2020,CPS,IL,AGL,CE,Towers with Radar,0,5,30,3,38,0,2,10,0,12,0,7,40,3,50,257,0,257,307
10/22/2020,CPS,IL,AGL,CE,Towers with Radar,0,7,20,2,29,0,56,93,2,151,0,63,113,4,180,242,0,242,422
10/23/2020,CPS,IL,AGL,CE,Towers with Radar,0,1,10,1,12,0,8,34,0,42,0,9,44,1,54,134,0,134,188
10/24/2020,CPS,IL,AGL,CE,Towers with Radar,0,2,26,1,29,0,48,59,0,107,0,50,85,1,136,260,0,260,396
10/25/2020,CPS,IL,AGL,CE,Towers with Radar,0,3,21,2,26,0,15,43,0,58,0,18,64,2,84,115,0,115,199
10/26/2020,CPS,IL,AGL,CE,Towers with Radar,0,2,10,0,12,0,6,4,0,10,0,8,14,0,22,74,0,74,96
10/27/2020,CPS,IL,AGL,CE,Towers with Radar,0,2,14,0,16,0,0,0,0,0,0,2,14,0,16,0,0,0,16
10/28/2020,CPS,IL,AGL,CE,Towers with Radar,0,0,35,0,35,0,6,21,0,27,0,6,56,0,62,144,0,144,206
10/29/2020,CPS,IL,AGL,CE,Towers with Radar,0,4,27,0,31,0,12,14,0,26,0,16,41,0,57,47,0,47,104
10/30/2020,CPS,IL,AGL,CE,Towers with Radar,0,0,43,2,45,0,78,98,0,176,0,78,141,2,221,377,0,377,598
10/31/2020,CPS,IL,AGL,CE,Towers with Radar,0,0,14,0,14,0,42,78,1,121,0,42,92,1,135,241,0,241,376
11/01/2020,CPS,IL,AGL,CE,Towers with Radar,0,0,18,0,18,0,11,37,0,48,0,11,55,0,66,10,0,10,76
11/02/2020,CPS,IL,AGL,CE,Towers with Radar,0,1,22,0,23,0,73,56,0,129,0,74,78,0,152,337,0,337,489
11/03/2020,CPS,IL,AGL,CE,Towers with Radar,0,4,13,5,22,0,63,64,0,127,0,67,77,5,149,277,0,277,426
11/04/2020,CPS,IL,AGL,CE,Towers with Radar,0,0,16,2,18,0,71,72,0,143,0,71,88,2,161,318,0,318,479
11/05/2020,CPS,IL,AGL,CE,Towers with Radar,0,3,14,1,18,0,65,62,1,128,0,68,76,2,146,287,0,287,433
11/06/2020,CPS,IL,AGL,CE,Towers with Radar,0,0,24,2,26,0,69,91,1,161,0,69,115,3,187,428,0,428,615
11/07/2020,CPS,IL,AGL,CE,Towers with Radar,0,2,17,2,21,0,47,86,2,135,0,49,103,4,156,265,0,265,421
11/08/2020,CPS,IL,AGL,CE,Towers with Radar,0,2,13,0,15,0,5,46,5,56,0,7,59,5,71,69,0,69,140
11/09/2020,CPS,IL,AGL,CE,Towers with Radar,0,1,12,0,13,0,21,54,0,75,0,22,66,0,88,126,0,126,214
11/10/2020,CPS,IL,AGL,CE,Towers with Radar,0,2,10,1,13,0,5,21,2,28,0,7,31,3,41,10,0,10,51
11/11/2020,CPS,IL,AGL,CE,Towers with Radar,0,3,21,0,24,0,66,95,0,161,0,69,116,0,185,459,0,459,644
11/12/2020,CPS,IL,AGL,CE,Towers with Radar,0,1,23,3,27,0,55,61,1,117,0,56,84,4,144,335,0,335,479
11/13/2020,CPS,IL,AGL,CE,Towers with Radar,0,3,31,0,34,0,71,64,2,137,0,74,95,2,171,316,0,316,487
11/14/2020,CPS,IL,AGL,CE,Towers with Radar,0,4,1,0,5,0,1,1,0,2,0,5,2,0,7,0,0,0,7
11/15/2020,CPS,IL,AGL,CE,Towers with Radar,0,0,5,0,5,0,8,7,0,15,0,8,12,0,20,4,0,4,24
11/16/2020,CPS,IL,AGL,CE,Towers with Radar,0,3,17,0,20,0,26,68,0,94,0,29,85,0,114,237,0,237,351
11/17/2020,CPS,IL,AGL,CE,Towers with Radar,0,3,13,0,16,0,47,60,0,107,0,50,73,0,123,330,0,330,453
11/18/2020,CPS,IL,AGL,CE,Towers with Radar,0,5,17,0,22,0,32,45,0,77,0,37,62,0,99,160,0,160,259
11/19/2020,CPS,IL,AGL,CE,Towers with Radar,0,5,10,0,15,0,1,16,0,17,0,6,26,0,32,2,0,2,34
11/20/2020,CPS,IL,AGL,CE,Towers with Radar,0,3,19,0,22,0,48,83,1,132,0,51,102,1,154,271,0,271,425
11/21/2020,CPS,IL,AGL,CE,Towers with Radar,0,1,26,0,27,0,8,23,0,31,0,9,49,0,58,113,0,113,171
11/22/2020,CPS,IL,AGL,CE,Towers with Radar,0,3,11,0,14,0,4,24,0,28,0,7,35,0,42,26,0,26,68
11/23/2020,CPS,IL,AGL,CE,Towers with Radar,0,1,17,0,18,0,53,76,0,129,0,54,93,0,147,204,0,204,351
11/24/2020,CPS,IL,AGL,CE,Towers with Radar,0,1,13,7,21,0,37,64,1,102,0,38,77,8,123,129,0,129,252
11/25/2020,CPS,IL,AGL,CE,Towers with Radar,0,1,24,4,29,0,1,16,0,17,0,2,40,4,46,21,0,21,67
11/26/2020,CPS,IL,AGL,CE,Towers with Radar,0,0,1,0,1,0,8,24,0,32,0,8,25,0,33,36,0,36,69
11/27/2020,CPS,IL,AGL,CE,Towers with Radar,0,0,8,0,8,0,6,70,0,76,0,6,78,0,84,87,0,87,171
11/28/2020,CPS,IL,AGL,CE,Towers with Radar,0,2,13,0,15,0,17,80,0,97,0,19,93,0,112,127,0,127,239
11/29/2020,CPS,IL,AGL,CE,Towers with Radar,0,1,5,0,6,0,2,32,0,34,0,3,37,0,40,74,0,74,114
11/30/2020,CPS,IL,AGL,CE,Towers with Radar,0,4,12,1,17,0,8,35,0,43,0,12,47,1,60,7,0,7,67
12/01/2020,CPS,IL,AGL,CE,Towers with Radar,0,2,12,0,14,0,44,96,0,140,0,46,108,0,154,277,0,277,431
12/02/2020,CPS,IL,AGL,CE,Towers with Radar,0,2,25,5,32,0,48,84,0,132,0,50,109,5,164,333,0,333,497
12/03/2020,CPS,IL,AGL,CE,Towers with Radar,0,8,23,2,33,0,23,58,2,83,0,31,81,4,116,165,0,165,281
12/04/2020,CPS,IL,AGL,CE,Towers with Radar,0,1,18,1,20,0,41,53,0,94,0,42,71,1,114,159,0,159,273
12/05/2020,CPS,IL,AGL,CE,Towers with Radar,0,3,12,0,15,0,4,85,1,90,0,7,97,1,105,195,0,195,300
12/06/2020,CPS,IL,AGL,CE,Towers with Radar,0,3,10,2,15,0,3,42,1,46,0,6,52,3,61,111,0,111,172
12/07/2020,CPS,IL,AGL,CE,Towers with Radar,0,4,18,0,22,0,17,36,0,53,0,21,54,0,75,172,0,172,247
12/08/2020,CPS,IL,AGL,CE,Towers with Radar,0,6,28,0,34,0,25,42,1,68,0,31,70,1,102,230,0,230,332
12/09/2020,CPS,IL,AGL,CE,Towers with Radar,0,0,29,2,31,0,50,78,4,132,0,50,107,6,163,271,0,271,434
12/10/2020,CPS,IL,AGL,CE,Towers with Radar,0,6,29,0,35,0,55,97,4,156,0,61,126,4,191,219,0,219,410
12/11/2020,CPS,IL,AGL,CE,Towers with Radar,0,2,23,2,27,0,24,49,0,73,0,26,72,2,100,205,0,205,305
12/12/2020,CPS,IL,AGL,CE,Towers with Radar,0,1,2,0,3,0,2,21,0,23,0,3,23,0,26,46,0,46,72
12/13/2020,CPS,IL,AGL,CE,Towers with Radar,0,0,5,0,5,0,10,16,3,29,0,10,21,3,34,129,0,129,163
12/14/2020,CPS,IL,AGL,CE,Towers with Radar,0,0,17,0,17,0,51,88,1,140,0,51,105,1,157,170,0,170,327
12/15/2020,CPS,IL,AGL,CE,Towers with Radar,0,1,12,0,13,0,25,64,0,89,0,26,76,0,102,125,0,125,227
12/16/2020,CPS,IL,AGL,CE,Towers with Radar,0,2,13,0,15,0,7,56,0,63,0,9,69,0,78,48,0,48,126
12/17/2020,CPS,IL,AGL,CE,Towers with Radar,0,2,27,15,44,0,45,95,5,145,0,47,122,20,189,228,0,228,417
12/18/2020,CPS,IL,AGL,CE,Towers with Radar,0,2,23,0,25,0,52,76,2,130,0,54,99,2,155,175,0,175,330
12/19/2020,CPS,IL,AGL,CE,Towers with Radar,0,2,10,0,12,0,6,51,0,57,0,8,61,0,69,76,0,76,145
12/20/2020,CPS,IL,AGL,CE,Towers with Radar,0,2,11,0,13,0,8,75,0,83,0,10,86,0,96,101,0,101,197
12/21/2020,CPS,IL,AGL,CE,Towers with Radar,0,8,7,2,17,0,8,69,1,78,0,16,76,3,95,50,0,50,145
12/22/2020,CPS,IL,AGL,CE,Towers with Radar,0,3,12,0,15,0,27,89,0,116,0,30,101,0,131,154,0,154,285
12/23/2020,CPS,IL,AGL,CE,Towers with Radar,0,3,8,2,13,0,8,4,0,12,0,11,12,2,25,2,0,2,27
12/24/2020,CPS,IL,AGL,CE,Towers with Radar,0,1,3,0,4,0,2,30,0,32,0,3,33,0,36,17,0,17,53
12/25/2020,CPS,IL,AGL,CE,Towers with Radar,0,3,4,0,7,0,4,17,0,21,0,7,21,0,28,20,0,20,48
12/26/2020,CPS,IL,AGL,CE,Towers with Radar,0,2,15,0,17,0,20,81,0,101,0,22,96,0,118,95,0,95,213
12/27/2020,CPS,IL,AGL,CE,Towers with Radar,0,5,11,0,16,0,16,29,0,45,0,21,40,0,61,39,0,39,100
12/28/2020,CPS,IL,AGL,CE,Towers with Radar,0,8,9,0,17,0,10,46,1,57,0,18,55,1,74,107,0,107,181
12/29/2020,CPS,IL,AGL,CE,Towers with Radar,0,4,10,0,14,0,1,47,1,49,0,5,57,1,63,65,0,65,128
12/30/2020,CPS,IL,AGL,CE,Towers with Radar,0,2,6,0,8,0,2,9,0,11,0,4,15,0,19,28,0,28,47
12/31/2020,CPS,IL,AGL,CE,Towers with Radar,0,1,18,0,19,0,6,33,0,39,0,7,51,0,58,78,0,78,136
01/01/2021,CPS,IL,AGL,CE,Towers with Radar,0,0,1,0,1,0,0,0,0,0,0,0,1,0,1,0,0,0,1
01/02/2021,CPS,IL,AGL,CE,Towers with Radar,0,1,6,0,7,0,0,0,0,0,0,1,6,0,7,0,0,0,7
01/03/2021,CPS,IL,AGL,CE,Towers with Radar,0,2,16,0,18,0,4,34,0,38,0,6,50,0,56,54,0,54,110
01/04/2021,CPS,IL,AGL,CE,Towers with Radar,0,2,5,0,7,0,0,0,0,0,0,2,5,0,7,0,0,0,7
01/05/2021,CPS,IL,AGL,CE,Towers with Radar,0,6,19,0,25,0,43,75,3,121,0,49,94,3,146,227,0,227,373
01/06/2021,CPS,IL,AGL,CE,Towers with Radar,0,3,14,0,17,0,34,55,1,90,0,37,69,1,107,281,0,281,388
01/07/2021,CPS,IL,AGL,CE,Towers with Radar,0,2,16,2,20,0,13,28,0,41,0,15,44,2,61,127,0,127,188
01/08/2021,CPS,IL,AGL,CE,Towers with Radar,0,6,6,0,12,0,6,25,0,31,0,12,31,0,43,149,0,149,192
01/09/2021,CPS,IL,AGL,CE,Towers with Radar,0,2,6,0,8,0,1,33,0,34,0,3,39,0,42,93,0,93,135
01/10/2021,CPS,IL,AGL,CE,Towers with Radar,0,1,10,0,11,0,10,20,2,32,0,11,30,2,43,58,0,58,101
01/11/2021,CPS,IL,AGL,CE,Towers with Radar,0,6,12,5,23,0,2,28,0,30,0,8,40,5,53,198,0,198,251
01/12/2021,CPS,IL,AGL,CE,Towers with Radar,0,5,30,2,37,0,68,60,8,136,0,73,90,10,173,211,0,211,384
01/13/2021,CPS,IL,AGL,CE,Towers with Radar,0,7,32,1,40,0,50,73,3,126,0,57,105,4,166,224,10,234,400
01/14/2021,CPS,IL,AGL,CE,Towers with Radar,0,3,11,0,14,0,10,22,1,33,0,13,33,1,47,86,0,86,133
01/15/2021,CPS,IL,AGL,CE,Towers with Radar,0,5,2,0,7,0,0,0,0,0,0,5,2,0,7,0,0,0,7
01/16/2021,CPS,IL,AGL,CE,Towers with Radar,0,1,3,0,4,0,2,9,0,11,0,3,12,0,15,28,0,28,43
01/17/2021,CPS,IL,AGL,CE,Towers with Radar,3,2,8,0,13,0,5,21,0,26,3,7,29,0,39,20,0,20,59
01/18/2021,CPS,IL,AGL,CE,Towers with Radar,0,3,19,0,22,0,8,44,2,54,0,11,63,2,76,189,0,189,265
01/19/2021,CPS,IL,AGL,CE,Towers with Radar,1,10,19,0,30,0,35,65,0,100,1,45,84,0,130,359,1,360,490
01/20/2021,CPS,IL,AGL,CE,Towers with Radar,0,4,19,1,24,0,49,74,2,125,0,53,93,3,149,326,0,326,475
01/21/2021,CPS,IL,AGL,CE,Towers with Radar,0,8,32,1,41,0,50,47,3,100,0,58,79,4,141,419,0,419,560
01/22/2021,CPS,IL,AGL,CE,Towers with Radar,2,2,15,0,19,0,52,58,0,110,2,54,73,0,129,122,0,122,251
01/23/2021,CPS,IL,AGL,CE,Towers with Radar,0,1,20,0,21,0,14,98,0,112,0,15,118,0,133,181,0,181,314
01/24/2021,CPS,IL,AGL,CE,Towers with Radar,1,3,18,2,24,0,3,15,0,18,1,6,33,2,42,40,0,40,82
01/25/2021,CPS,IL,AGL,CE,Towers with Radar,1,0,2,0,3,0,0,0,0,0,1,0,2,0,3,0,0,0,3
01/26/2021,CPS,IL,AGL,CE,Towers with Radar,0,4,14,0,18,0,7,12,2,21,0,11,26,2,39,48,0,48,87
01/27/2021,CPS,IL,AGL,CE,Towers with Radar,0,4,7,0,11,0,0,2,0,2,0,4,9,0,13,0,0,0,13
01/28/2021,CPS,IL,AGL,CE,Towers with Radar,0,7,23,0,30,0,63,68,3,134,0,70,91,3,164,222,0,222,386
01/29/2021,CPS,IL,AGL,CE,Towers with Radar,0,4,17,2,23,0,57,108,0,165,0,61,125,2,188,251,0,251,439
01/30/2021,CPS,IL,AGL,CE,Towers with Radar,0,2,7,0,9,0,0,4,0,4,0,2,11,0,13,27,0,27,40
01/31/2021,CPS,IL,AGL,CE,Towers with Radar,0,0,5,0,5,0,1,4,0,5,0,1,9,0,10,37,0,37,47
02/01/2021,CPS,IL,AGL,CE,Towers with Radar,1,7,17,0,25,0,11,29,0,40,1,18,46,0,65,125,0,125,190
02/02/2021,CPS,IL,AGL,CE,Towers with Radar,1,4,27,0,32,0,44,55,4,103,1,48,82,4,135,375,0,375,510
02/03/2021,CPS,IL,AGL,CE,Towers with Radar,0,2,23,5,30,0,69,104,0,173,0,71,127,5,203,338,0,338,541
02/04/2021,CPS,IL,AGL,CE,Towers with Radar,0,4,5,3,12,0,1,3,2,6,0,5,8,5,18,0,0,0,18
02/05/2021,CPS,IL,AGL,CE,Towers with Radar,1,5,16,0,22,0,33,59,0,92,1,38,75,0,114,120,0,120,234
02/06/2021,CPS,IL,AGL,CE,Towers with Radar,0,3,6,0,9,0,31,48,0,79,0,34,54,0,88,137,0,137,225
02/07/2021,CPS,IL,AGL,CE,Towers with Radar,1,0,4,0,5,0,4,27,2,33,1,4,31,2,38,38,0,38,76
02/08/2021,CPS,IL,AGL,CE,Towers with Radar,0,0,6,0,6,0,1,4,0,5,0,1,10,0,11,37,0,37,48
02/09/2021,CPS,IL,AGL,CE,Towers with Radar,1,3,2,0,6,0,3,8,0,11,1,6,10,0,17,77,0,77,94
02/10/2021,CPS,IL,AGL,CE,Towers with Radar,0,3,5,0,8,0,0,0,0,0,0,3,5,0,8,0,0,0,8
02/11/2021,CPS,IL,AGL,CE,Towers with Radar,0,9,6,0,15,0,6,11,0,17,0,15,17,0,32,25,0,25,57
02/12/2021,CPS,IL,AGL,CE,Towers with Radar,0,4,21,2,27,0,8,33,0,41,0,12,54,2,68,132,0,132,200
02/13/2021,CPS,IL,AGL,CE,Towers with Radar,0,2,6,0,8,0,4,7,0,11,0,6,13,0,19,4,0,4,23
02/14/2021,CPS,IL,AGL,CE,Towers with Radar,0,2,4,0,6,0,2,23,0,25,0,4,27,0,31,6,0,6,37
02/15/2021,CPS,IL,AGL,CE,Towers with Radar,0,0,0,0,0,0,0,1,0,1,0,0,1,0,1,0,0,0,1
02/16/2021,CPS,IL,AGL,CE,Towers with Radar,0,0,8,0,8,0,17,18,0,35,0,17,26,0,43,32,0,32,75
02/17/2021,CPS,IL,AGL,CE,Towers with Radar,0,4,10,0,14,0,4,11,0,15,0,8,21,0,29,29,0,29,58
02/18/2021,CPS,IL,AGL,CE,Towers with Radar,0,6,5,0,11,0,4,29,1,34,0,10,34,1,45,128,0,128,173
02/19/2021,CPS,IL,AGL,CE,Towers with Radar,0,9,20,0,29,0,42,61,2,105,0,51,81,2,134,219,0,219,353
02/20/2021,CPS,IL,AGL,CE,Towers with Radar,0,2,19,0,21,0,32,80,0,112,0,34,99,0,133,223,0,223,356
02/21/2021,CPS,IL,AGL,CE,Towers with Radar,0,3,12,0,15,0,3,21,0,24,0,6,33,0,39,61,0,61,100
02/22/2021,CPS,IL,AGL,CE,Towers with Radar,0,1,15,0,16,0,21,47,0,68,0,22,62,0,84,94,0,94,178
02/23/2021,CPS,IL,AGL,CE,Towers with Radar,0,4,27,1,32,0,68,119,2,189,0,72,146,3,221,376,0,376,597
02/24/2021,CPS,IL,AGL,CE,Towers with Radar,0,4,16,3,23,0,57,52,0,109,0,61,68,3,132,309,0,309,441
02/25/2021,CPS,IL,AGL,CE,Towers with Radar,1,2,20,0,23,0,88,101,2,191,1,90,121,2,214,519,0,519,733
02/26/2021,CPS,IL,AGL,CE,Towers with Radar,0,5,12,1,18,0,47,76,3,126,0,52,88,4,144,330,0,330,474
02/27/2021,CPS,IL,AGL,CE,Towers with Radar,0,0,16,3,19,0,53,111,3,167,0,53,127,6,186,290,0,290,476
02/28/2021,CPS,IL,AGL,CE,Towers with Radar,0,1,19,0,20,0,0,7,0,7,0,1,26,0,27,7,0,7,34
03/01/2021,CPS,IL,AGL,CE,Towers with Radar,0,2,27,0,29,0,61,59,0,120,0,63,86,0,149,264,45,309,458
03/02/2021,CPS,IL,AGL,CE,Towers with Radar,0,3,21,0,24,0,66,77,0,143,0,69,98,0,167,426,0,426,593
03/03/2021,CPS,IL,AGL,CE,Towers with Radar,0,4,16,0,20,0,68,76,0,144,0,72,92,0,164,444,0,444,608
03/04/2021,CPS,IL,AGL,CE,Towers with Radar,0,8,18,0,26,0,73,109,6,188,0,81,127,6,214,446,0,446,660
03/05/2021,CPS,IL,AGL,CE,Towers with Radar,0,5,24,0,29,0,54,110,3,167,0,59,134,3,196,240,0,240,436
03/06/2021,CPS,IL,AGL,CE,Towers with Radar,0,2,19,0,21,0,48,64,0,112,0,50,83,0,133,230,0,230,363
03/07/2021,CPS,IL,AGL,CE,Towers with Radar,0,3,16,0,19,0,34,71,0,105,0,37,87,0,124,115,0,115,239
03/08/2021,CPS,IL,AGL,CE,Towers with Radar,0,4,9,5,18,0,57,79,9,145,0,61,88,14,163,147,0,147,310
03/09/2021,CPS,IL,AGL,CE,Towers with Radar,0,1,15,2,18,0,22,87,0,109,0,23,102,2,127,264,0,264,391
03/10/2021,CPS,IL,AGL,CE,Towers with Radar,0,0,10,2,12,0,9,9,0,18,0,9,19,2,30,0,0,0,30
03/11/2021,CPS,IL,AGL,CE,Towers with Radar,0,11,19,0,30,0,4,8,0,12,0,15,27,0,42,4,0,4,46
03/12/2021,CPS,IL,AGL,CE,Towers with Radar,0,4,17,2,23,0,53,42,0,95,0,57,59,2,118,362,0,362,480
03/13/2021,CPS,IL,AGL,CE,Towers with Radar,1,0,16,0,17,0,43,46,0,89,1,43,62,0,106,280,0,280,386
03/14/2021,CPS,IL,AGL,CE,Towers with Radar,0,0,13,0,13,0,1,24,0,25,0,1,37,0,38,41,0,41,79
03/15/2021,CPS,IL,AGL,CE,Towers with Radar,0,2,8,1,11,0,0,2,0,2,0,2,10,1,13,0,0,0,13
03/16/2021,CPS,IL,AGL,CE,Towers with Radar,0,8,39,2,49,0,1,6,0,7,0,9,45,2,56,73,0,73,129
03/17/2021,CPS,IL,AGL,CE,Towers with Radar,0,2,14,7,23,0,0,1,0,1,0,2,15,7,24,18,0,18,42
03/18/2021,CPS,IL,AGL,CE,Towers with Radar,0,3,17,0,20,0,0,3,0,3,0,3,20,0,23,0,0,0,23
03/19/2021,CPS,IL,AGL,CE,Towers with Radar,0,2,20,0,22,0,38,83,0,121,0,40,103,0,143,245,0,245,388
03/20/2021,CPS,IL,AGL,CE,Towers with Radar,0,3,27,0,30,0,56,80,0,136,0,59,107,0,166,382,0,382,548
03/21/2021,CPS,IL,AGL,CE,Towers with Radar,0,1,16,2,19,0,17,59,0,76,0,18,75,2,95,167,0,167,262
03/22/2021,CPS,IL,AGL,CE,Towers with Radar,0,2,12,0,14,0,40,63,0,103,0,42,75,0,117,237,0,237,354
03/23/2021,CPS,IL,AGL,CE,Towers with Radar,0,4,4,0,8,0,3,9,0,12,0,7,13,0,20,12,0,12,32
03/24/2021,CPS,IL,AGL,CE,Towers with Radar,0,6,26,0,32,0,53,62,0,115,0,59,88,0,147,241,0,241,388
03/25/2021,CPS,IL,AGL,CE,Towers with Radar,2,6,10,2,20,0,18,10,0,28,2,24,20,2,48,183,0,183,231
03/26/2021,CPS,IL,AGL,CE,Towers with Radar,0,4,28,0,32,0,29,52,0,81,0,33,80,0,113,301,0,301,414
03/27/2021,CPS,IL,AGL,CE,Towers with Radar,0,1,10,0,11,0,32,86,0,118,0,33,96,0,129,269,0,269,398
03/28/2021,CPS,IL,AGL,CE,Towers with Radar,2,5,11,1,19,0,11,38,0,49,2,16,49,1,68,29,0,29,97
03/29/2021,CPS,IL,AGL,CE,Towers with Radar,0,5,14,0,19,2,18,48,0,68,2,23,62,0,87,182,0,182,269
03/30/2021,CPS,IL,AGL,CE,Towers with Radar,0,4,22,4,30,0,8,40,3,51,0,12,62,7,81,102,0,102,183
03/31/2021,CPS,IL,AGL,CE,Towers with Radar,0,0,15,3,18,0,35,51,1,87,0,35,66,4,105,166,0,166,271
04/01/2021,CPS,IL,AGL,CE,Towers with Radar,0,2,21,2,25,0,37,48,0,85,0,39,69,2,110,143,0,143,253
04/02/2021,CPS,IL,AGL,CE,Towers with Radar,0,0,9,2,11,0,11,46,1,58,0,11,55,3,69,146,0,146,215
04/03/2021,CPS,IL,AGL,CE,Towers with Radar,0,2,13,1,16,0,9,67,0,76,0,11,80,1,92,46,0,46,138
04/04/2021,CPS,IL,AGL,CE,Towers with Radar,2,1,7,0,10,0,6,67,0,73,2,7,74,0,83,67,0,67,150
04/05/2021,CPS,IL,AGL,CE,Towers with Radar,0,1,19,0,20,0,34,65,0,99,0,35,84,0,119,326,0,326,445
04/06/2021,CPS,IL,AGL,CE,Towers with Radar,0,2,16,0,18,0,60,73,0,133,0,62,89,0,151,189,0,189,340
04/07/2021,CPS,IL,AGL,CE,Towers with Radar,0,2,7,0,9,0,6,31,0,37,0,8,38,0,46,71,0,71,117
04/08/2021,CPS,IL,AGL,CE,Towers with Radar,5,5,21,0,31,0,16,23,0,39,5,21,44,0,70,101,0,101,171
04/09/2021,CPS,IL,AGL,CE,Towers with Radar,0,4,31,6,41,0,57,86,0,143,0,61,117,6,184,374,0,374,558
04/10/2021,CPS,IL,AGL,CE,Towers with Radar,1,8,16,0,25,0,2,0,0,2,1,10,16,0,27,1,0,1,28
04/11/2021,CPS,IL,AGL,CE,Towers with Radar,0,4,12,0,16,0,18,31,0,49,0,22,43,0,65,32,0,32,97
04/12/2021,CPS,IL,AGL,CE,Towers with Radar,0,2,19,0,21,0,63,66,0,129,0,65,85,0,150,396,0,396,546
04/13/2021,CPS,IL,AGL,CE,Towers with Radar,2,7,12,0,21,0,74,81,0,155,2,81,93,0,176,496,0,496,672
04/14/2021,CPS,IL,AGL,CE,Towers with Radar,2,12,20,0,34,0,74,71,1,146,2,86,91,1,180,420,0,420,600
04/15/2021,CPS,IL,AGL,CE,Towers with Radar,2,3,22,3,30,0,65,62,2,129,2,68,84,5,159,323,0,323,482
04/16/2021,CPS,IL,AGL,CE,Towers with Radar,0,4,19,4,27,0,58,58,1,117,0,62,77,5,144,413,0,413,557
04/17/2021,CPS,IL,AGL,CE,Towers with Radar,0,3,16,0,19,0,12,34,1,47,0,15,50,1,66,71,0,71,137
04/18/2021,CPS,IL,AGL,CE,Towers with Radar,0,3,26,3,32,0,5,70,1,76,0,8,96,4,108,100,0,100,208
04/19/2021,CPS,IL,AGL,CE,Towers with Radar,0,6,17,2,25,0,57,77,2,136,0,63,94,4,161,268,0,268,429
04/20/2021,CPS,IL,AGL,CE,Towers with Radar,0,1,12,0,13,0,11,5,0,16,0,12,17,0,29,26,0,26,55
04/21/2021,CPS,IL,AGL,CE,Towers with Radar,0,0,21,0,21,0,52,63,0,115,0,52,84,0,136,417,0,417,553
04/22/2021,CPS,IL,AGL,CE,Towers with Radar,0,0,27,0,27,0,99,107,2,208,0,99,134,2,235,565,0,565,800
04/23/2021,CPS,IL,AGL,CE,Towers with Radar,0,8,21,0,29,0,21,34,0,55,0,29,55,0,84,132,0,132,216
04/24/2021,CPS,IL,AGL,CE,Towers with Radar,0,2,17,1,20,0,2,19,2,23,0,4,36,3,43,37,0,37,80
04/25/2021,CPS,IL,AGL,CE,Towers with Radar,0,0,20,0,20,0,26,89,3,118,0,26,109,3,138,278,0,278,416
04/26/2021,CPS,IL,AGL,CE,Towers with Radar,1,2,16,2,21,0,5,43,0,48,1,7,59,2,69,68,0,68,137
04/27/2021,CPS,IL,AGL,CE,Towers with Radar,0,0,10,2,12,0,14,45,1,60,0,14,55,3,72,43,0,43,115
04/28/2021,CPS,IL,AGL,CE,Towers with Radar,0,2,13,0,15,0,3,15,0,18,0,5,28,0,33,58,0,58,91
04/29/2021,CPS,IL,AGL,CE,Towers with Radar,2,5,15,1,23,0,35,42,1,78,2,40,57,2,101,210,0,210,311
04/30/2021,CPS,IL,AGL,CE,Towers with Radar,0,6,30,1,37,0,64,113,1,178,0,70,143,2,215,300,0,300,515
05/01/2021,CPS,IL,AGL,CE,Towers with Radar,0,2,15,0,17,0,34,87,1,122,0,36,102,1,139,202,0,202,341
05/02/2021,CPS,IL,AGL,CE,Towers with Radar,4,5,9,0,18,0,6,49,0,55,4,11,58,0,73,107,0,107,180
05/03/2021,CPS,IL,AGL,CE,Towers with Radar,0,0,15,0,15,0,30,48,0,78,0,30,63,0,93,280,0,280,373
05/04/2021,CPS,IL,AGL,CE,Towers with Radar,0,6,18,0,24,0,1,8,0,9,0,7,26,0,33,28,0,28,61
05/05/2021,CPS,IL,AGL,CE,Towers with Radar,1,4,28,0,33,0,85,103,0,188,1,89,131,0,221,517,0,517,738
05/06/2021,CPS,IL,AGL,CE,Towers with Radar,2,3,14,1,20,0,26,42,1,69,2,29,56,2,89,152,0,152,241
05/07/2021,CPS,IL,AGL,CE,Towers with Radar,0,2,26,3,31,0,44,53,1,98,0,46,79,4,129,252,0,252,381
05/08/2021,CPS,IL,AGL,CE,Towers with Radar,0,1,14,0,15,0,11,27,0,38,0,12,41,0,53,60,0,60,113
05/09/2021,CPS,IL,AGL,CE,Towers with Radar,0,0,5,0,5,0,5,6,0,11,0,5,11,0,16,0,0,0,16
05/10/2021,CPS,IL,AGL,CE,Towers with Radar,2,5,18,1,26,0,43,69,3,115,2,48,87,4,141,366,0,366,507
05/11/2021,CPS,IL,AGL,CE,Towers with Radar,2,3,24,3,32,0,57,55,0,112,2,60,79,3,144,302,0,302,446
05/12/2021,CPS,IL,AGL,CE,Towers with Radar,0,5,20,0,25,0,58,88,4,150,0,63,108,4,175,293,0,293,468
05/13/2021,CPS,IL,AGL,CE,Towers with Radar,1,9,23,0,33,0,61,77,1,139,1,70,100,1,172,432,0,432,604
05/14/2021,CPS,IL,AGL,CE,Towers with Radar,0,2,16,0,18,0,57,93,2,152,0,59,109,2,170,365,0,365,535
05/15/2021,CPS,IL,AGL,CE,Towers with Radar,0,2,13,2,17,0,9,42,0,51,0,11,55,2,68,117,0,117,185
05/16/2021,CPS,IL,AGL,CE,Towers with Radar,0,0,14,0,14,0,8,17,2,27,0,8,31,2,41,42,0,42,83
05/17/2021,CPS,IL,AGL,CE,Towers with Radar,0,5,19,0,24,0,10,11,0,21,0,15,30,0,45,117,0,117,162
05/18/2021,CPS,IL,AGL,CE,Towers with Radar,0,6,17,3,26,0,0,14,0,14,0,6,31,3,40,0,0,0,40
05/19/2021,CPS,IL,AGL,CE,Towers with Radar,0,7,28,0,35,0,37,66,1,104,0,44,94,1,139,132,0,132,271
05/20/2021,CPS,IL,AGL,CE,Towers with Radar,1,9,24,5,39,0,41,65,6,112,1,50,89,11,151,129,0,129,280
05/21/2021,CPS,IL,AGL,CE,Towers with Radar,0,2,20,5,27,0,59,85,6,150,0,61,105,11,177,287,1,288,465
05/22/2021,CPS,IL,AGL,CE,Towers with Radar,0,6,19,1,26,0,8,106,0,114,0,14,125,1,140,206,0,206,346
05/23/2021,CPS,IL,AGL,CE,Towers with Radar,2,1,11,0,14,0,8,82,2,92,2,9,93,2,106,121,0,121,227
05/24/2021,CPS,IL,AGL,CE,Towers with Radar,0,6,24,1,31,0,64,96,3,163,0,70,120,4,194,304,3,307,501
05/25/2021,CPS,IL,AGL,CE,Towers with Radar,0,0,23,1,24,0,37,54,1,92,0,37,77,2,116,166,0,166,282
05/26/2021,CPS,IL,AGL,CE,Towers with Radar,0,3,21,3,27,0,33,32,3,68,0,36,53,6,95,292,0,292,387
05/27/2021,CPS,IL,AGL,CE,Towers with Radar,0,4,19,2,25,0,27,19,0,46,0,31,38,2,71,160,0,160,231
05/28/2021,CPS,IL,AGL,CE,Towers with Radar,0,5,33,0,38,0,2,2,0,4,0,7,35,0,42,0,0,0,42
05/29/2021,CPS,IL,AGL,CE,Towers with Radar,0,0,20,0,20,0,6,69,0,75,0,6,89,0,95,124,0,124,219
05/30/2021,CPS,IL,AGL,CE,Towers with Radar,0,2,14,0,16,0,3,68,0,71,0,5,82,0,87,83,0,83,170
05/31/2021,CPS,IL,AGL,CE,Towers with Radar,0,2,13,0,15,0,6,71,0,77,0,8,84,0,92,139,0,139,231
06/01/2021,CPS,IL,AGL,CE,Towers with Radar,0,2,11,1,14,0,29,47,0,76,0,31,58,1,90,294,0,294,384
06/02/2021,CPS,IL,AGL,CE,Towers with Radar,0,0,39,3,42,0,12,15,0,27,0,12,54,3,69,196,0,196,265
06/03/2021,CPS,IL,AGL,CE,Towers with Radar,1,3,36,1,41,0,70,61,0,131,1,73,97,1,172,358,0,358,530
06/04/2021,CPS,IL,AGL,CE,Towers with Radar,0,0,25,1,26,0,71,76,0,147,0,71,101,1,173,375,0,375,548
06/05/2021,CPS,IL,AGL,CE,Towers with Radar,0,4,12,0,16,0,22,63,0,85,0,26,75,0,101,122,0,122,223
06/06/2021,CPS,IL,AGL,CE,Towers with Radar,0,2,20,0,22,0,14,47,3,64,0,16,67,3,86,86,1,87,173
06/07/2021,CPS,IL,AGL,CE,Towers with Radar,0,0,12,18,30,0,12,26,2,40,0,12,38,20,70,266,6,272,342
06/08/2021,CPS,IL,AGL,CE,Towers with Radar,0,8,14,0,22,0,6,21,0,27,0,14,35,0,49,146,0,146,195
06/09/2021,CPS,IL,AGL,CE,Towers with Radar,1,1,22,0,24,0,9,30,0,39,1,10,52,0,63,258,0,258,321
06/10/2021,CPS,IL,AGL,CE,Towers with Radar,1,1,18,0,20,0,43,64,0,107,1,44,82,0,127,342,0,342,469
06/11/2021,CPS,IL,AGL,CE,Towers with Radar,0,7,23,1,31,0,59,67,0,126,0,66,90,1,157,304,0,304,461
06/12/2021,CPS,IL,AGL,CE,Towers with Radar,0,0,13,0,13,0,3,61,0,64,0,3,74,0,77,80,0,80,157
06/13/2021,CPS,IL,AGL,CE,Towers with Radar,1,4,10,0,15,0,3,77,0,80,1,7,87,0,95,53,0,53,148
06/14/2021,CPS,IL,AGL,CE,Towers with Radar,0,4,14,0,18,0,44,60,0,104,0,48,74,0,122,238,0,238,360
06/15/2021,CPS,IL,AGL,CE,Towers with Radar,1,2,33,0,36,0,56,67,0,123,1,58,100,0,159,311,0,311,470
06/16/2021,CPS,IL,AGL,CE,Towers with Radar,3,1,34,0,38,4,47,75,2,128,7,48,109,2,166,381,0,381,547
06/17/2021,CPS,IL,AGL,CE,Towers with Radar,0,4,32,0,36,0,45,67,0,112,0,49,99,0,148,251,0,251,399
06/18/2021,CPS,IL,AGL,CE,Towers with Radar,0,2,22,2,26,0,10,55,0,65,0,12,77,2,91,17,0,17,108
06/19/2021,CPS,IL,AGL,CE,Towers with Radar,0,2,7,1,10,0,2,33,1,36,0,4,40,2,46,39,0,39,85
06/20/2021,CPS,IL,AGL,CE,Towers with Radar,0,0,14,0,14,0,4,51,1,56,0,4,65,1,70,20,0,20,90
06/21/2021,CPS,IL,AGL,CE,Towers with Radar,0,7,18,1,26,0,10,36,0,46,0,17,54,1,72,261,0,261,333
06/22/2021,CPS,IL,AGL,CE,Towers with Radar,0,3,27,0,30,0,42,84,0,126,0,45,111,0,156,327,0,327,483
06/23/2021,CPS,IL,AGL,CE,Towers with Radar,1,2,24,0,27,0,55,77,0,132,1,57,101,0,159,288,0,288,447
06/24/2021,CPS,IL,AGL,CE,Towers with Radar,0,0,29,1,30,0,26,48,0,74,0,26,77,1,104,172,0,172,276
06/25/2021,CPS,IL,AGL,CE,Towers with Radar,1,4,9,1,15,0,4,46,1,51,1,8,55,2,66,42,0,42,108
06/26/2021,CPS,IL,AGL,CE,Towers with Radar,0,0,11,0,11,0,3,24,0,27,0,3,35,0,38,13,0,13,51
06/27/2021,CPS,IL,AGL,CE,Towers with Radar,0,6,23,0,29,0,2,14,0,16,0,8,37,0,45,6,0,6,51
06/28/2021,CPS,IL,AGL,CE,Towers with Radar,0,4,12,0,16,0,43,63,0,106,0,47,75,0,122,283,0,283,405
06/29/2021,CPS,IL,AGL,CE,Towers with Radar,0,9,25,0,34,0,35,76,0,111,0,44,101,0,145,268,0,268,413
06/30/2021,CPS,IL,AGL,CE,Towers with Radar,2,3,28,0,33,0,24,56,0,80,2,27,84,0,113,201,0,201,314
07/01/2021,CPS,IL,AGL,CE,Towers with Radar,0,4,27,0,31,0,14,25,0,39,0,18,52,0,70,96,0,96,166
07/02/2021,CPS,IL,AGL,CE,Towers with Radar,0,5,38,0,43,0,40,69,0,109,0,45,107,0,152,172,0,172,324
07/03/2021,CPS,IL,AGL,CE,Towers with Radar,0,1,20,0,21,0,3,73,0,76,0,4,93,0,97,184,0,184,281
07/04/2021,CPS,IL,AGL,CE,Towers with Radar,0,1,14,0,15,0,6,32,0,38,0,7,46,0,53,66,0,66,119
07/05/2021,CPS,IL,AGL,CE,Towers with Radar,0,2,20,0,22,0,1,73,0,74,0,3,93,0,96,86,0,86,182
07/06/2021,CPS,IL,AGL,CE,Towers with Radar,0,12,22,0,34,0,33,62,1,96,0,45,84,1,130,326,0,326,456
07/07/2021,CPS,IL,AGL,CE,Towers with Radar,0,3,23,0,26,0,52,58,0,110,0,55,81,0,136,394,0,394,530
07/08/2021,CPS,IL,AGL,CE,Towers with Radar,0,6,30,0,36,0,27,60,2,89,0,33,90,2,125,128,0,128,253
07/09/2021,CPS,IL,AGL,CE,Towers with Radar,0,3,25,3,31,0,42,57,3,102,0,45,82,6,133,351,0,351,484
07/10/2021,CPS,IL,AGL,CE,Towers with Radar,0,1,11,0,12,0,4,32,0,36,0,5,43,0,48,27,0,27,75
07/11/2021,CPS,IL,AGL,CE,Towers with Radar,1,5,12,0,18,0,4,21,0,25,1,9,33,0,43,67,0,67,110
07/12/2021,CPS,IL,AGL,CE,Towers with Radar,0,5,26,0,31,0,5,29,0,34,0,10,55,0,65,152,0,152,217
07/13/2021,CPS,IL,AGL,CE,Towers with Radar,0,9,23,0,32,0,14,54,0,68,0,23,77,0,100,249,0,249,349
07/14/2021,CPS,IL,AGL,CE,Towers with Radar,1,11,35,0,47,0,50,107,0,157,1,61,142,0,204,356,0,356,560
07/15/2021,CPS,IL,AGL,CE,Towers with Radar,1,7,18,0,26,0,28,39,0,67,1,35,57,0,93,179,0,179,272
07/16/2021,CPS,IL,AGL,CE,Towers with Radar,0,2,20,0,22,0,2,11,0,13,0,4,31,0,35,44,0,44,79
07/17/2021,CPS,IL,AGL,CE,Towers with Radar,0,3,19,0,22,0,1,65,0,66,0,4,84,0,88,65,0,65,153
07/18/2021,CPS,IL,AGL,CE,Towers with Radar,3,5,27,0,35,0,8,61,0,69,3,13,88,0,104,143,0,143,247
07/19/2021,CPS,IL,AGL,CE,Towers with Radar,0,1,21,6,28,0,46,78,0,124,0,47,99,6,152,299,0,299,451
07/20/2021,CPS,IL,AGL,CE,Towers with Radar,0,5,18,3,26,0,39,85,0,124,0,44,103,3,150,276,0,276,426
07/21/2021,CPS,IL,AGL,CE,Towers with Radar,0,7,27,6,40,0,39,86,1,126,0,46,113,7,166,353,0,353,519
07/22/2021,CPS,IL,AGL,CE,Towers with Radar,0,3,37,4,44,0,30,54,2,86,0,33,91,6,130,309,0,309,439
07/23/2021,CPS,IL,AGL,CE,Towers with Radar,0,3,27,7,37,0,18,56,1,75,0,21,83,8,112,186,1,187,299
07/24/2021,CPS,IL,AGL,CE,Towers with Radar,0,2,15,0,17,0,9,65,0,74,0,11,80,0,91,93,0,93,184
07/25/2021,CPS,IL,AGL,CE,Towers with Radar,0,0,13,4,17,0,8,32,4,44,0,8,45,8,61,18,17,35,96
07/26/2021,CPS,IL,AGL,CE,Towers with Radar,0,2,10,0,12,0,34,62,0,96,0,36,72,0,108,226,0,226,334
07/27/2021,CPS,IL,AGL,CE,Towers with Radar,0,3,15,0,18,0,37,80,0,117,0,40,95,0,135,310,0,310,445
07/28/2021,CPS,IL,AGL,CE,Towers with Radar,3,1,23,5,32,0,28,52,3,83,3,29,75,8,115,112,0,112,227
07/29/2021,CPS,IL,AGL,CE,Towers with Radar,0,2,21,3,26,0,17,48,0,65,0,19,69,3,91,174,0,174,265
07/30/2021,CPS,IL,AGL,CE,Towers with Radar,0,4,29,2,35,0,13,44,2,59,0,17,73,4,94,196,0,196,290
07/31/2021,CPS,IL,AGL,CE,Towers with Radar,0,4,10,0,14,0,1,16,0,17,0,5,26,0,31,14,0,14,45
08/01/2021,CPS,IL,AGL,CE,Towers with Radar,1,3,16,0,20,0,9,65,0,74,1,12,81,0,94,80,0,80,174
08/02/2021,CPS,IL,AGL,CE,Towers with Radar,2,1,12,0,15,0,36,47,0,83,2,37,59,0,98,181,0,181,279
08/03/2021,CPS,IL,AGL,CE,Towers with Radar,0,11,18,0,29,0,28,71,0,99,0,39,89,0,128,290,0,290,418
08/04/2021,CPS,IL,AGL,CE,Towers with Radar,0,6,19,0,25,0,34,80,2,116,0,40,99,2,141,252,0,252,393
08/05/2021,CPS,IL,AGL,CE,Towers with Radar,0,6,31,0,37,0,24,38,0,62,0,30,69,0,99,153,0,153,252
08/06/2021,CPS,IL,AGL,CE,Towers with Radar,0,2,18,0,20,0,23,64,2,89,0,25,82,2,109,173,0,173,282
08/07/2021,CPS,IL,AGL,CE,Towers with Radar,0,6,16,4,26,0,9,135,2,146,0,15,151,6,172,133,0,133,305
08/08/2021,CPS,IL,AGL,CE,Towers with Radar,2,2,24,5,33,0,1,32,3,36,2,3,56,8,69,89,0,89,158
08/09/2021,CPS,IL,AGL,CE,Towers with Radar,2,2,18,0,22,0,12,37,2,51,2,14,55,2,73,108,0,108,181
08/10/2021,CPS,IL,AGL,CE,Towers with Radar,0,0,15,0,15,0,22,55,3,80,0,22,70,3,95,246,0,246,341
08/11/2021,CPS,IL,AGL,CE,Towers with Radar,0,7,18,2,27,0,22,59,2,83,0,29,77,4,110,183,0,183,293
08/12/2021,CPS,IL,AGL,CE,Towers with Radar,0,3,23,0,26,0,16,66,0,82,0,19,89,0,108,248,0,248,356
08/13/2021,CPS,IL,AGL,CE,Towers with Radar,0,7,16,1,24,0,27,79,3,109,0,34,95,4,133,168,0,168,301
08/14/2021,CPS,IL,AGL,CE,Towers with Radar,0,1,14,2,17,0,6,85,0,91,0,7,99,2,108,82,0,82,190
08/15/2021,CPS,IL,AGL,CE,Towers with Radar,2,2,14,2,20,0,6,73,0,79,2,8,87,2,99,121,0,121,220
08/16/2021,CPS,IL,AGL,CE,Towers with Radar,0,7,11,2,20,0,25,54,1,80,0,32,65,3,100,237,0,237,337
08/17/2021,CPS,IL,AGL,CE,Towers with Radar,0,9,11,0,20,0,18,72,0,90,0,27,83,0,110,293,0,293,403
08/18/2021,CPS,IL,AGL,CE,Towers with Radar,0,5,24,0,29,0,35,73,3,111,0,40,97,3,140,299,0,299,439
08/19/2021,CPS,IL,AGL,CE,Towers with Radar,0,12,29,2,43,0,19,47,4,70,0,31,76,6,113,255,0,255,368
08/20/2021,CPS,IL,AGL,CE,Towers with Radar,0,8,28,0,36,0,14,72,0,86,0,22,100,0,122,241,0,241,363
08/21/2021,CPS,IL,AGL,CE,Towers with Radar,0,15,28,0,43,0,6,53,0,59,0,21,81,0,102,42,0,42,144
08/22/2021,CPS,IL,AGL,CE,Towers with Radar,0,16,34,2,52,0,6,61,0,67,0,22,95,2,119,131,0,131,250
08/23/2021,CPS,IL,AGL,CE,Towers with Radar,0,1,18,3,22,0,4,21,2,27,0,5,39,5,49,50,0,50,99
08/24/2021,CPS,IL,AGL,CE,Towers with Radar,0,1,23,1,25,0,10,81,1,92,0,11,104,2,117,143,0,143,260
08/25/2021,CPS,IL,AGL,CE,Towers with Radar,1,4,29,0,34,0,23,72,0,95,1,27,101,0,129,211,0,211,340
08/26/2021,CPS,IL,AGL,CE,Towers with Radar,0,1,22,3,26,0,25,43,4,72,0,26,65,7,98,210,0,210,308
08/27/2021,CPS,IL,AGL,CE,Towers with Radar,0,1,15,2,18,0,28,73,2,103,0,29,88,4,121,223,0,223,344
08/28/2021,CPS,IL,AGL,CE,Towers with Radar,0,0,10,0,10,0,22,92,3,117,0,22,102,3,127,219,0,219,346
08/29/2021,CPS,IL,AGL,CE,Towers with Radar,0,2,7,0,9,0,6,39,4,49,0,8,46,4,58,28,0,28,86
08/30/2021,CPS,IL,AGL,CE,Towers with Radar,0,6,9,0,15,8,14,28,2,52,8,20,37,2,67,139,0,139,206
08/31/2021,CPS,IL,AGL,CE,Towers with Radar,0,5,17,3,25,0,19,30,1,50,0,24,47,4,75,123,0,123,198
09/01/2021,CPS,IL,AGL,CE,Towers with Radar,0,2,24,0,26,0,49,70,0,119,0,51,94,0,145,226,1,227,372
09/02/2021,CPS,IL,AGL,CE,Towers with Radar,0,3,24,6,33,0,56,88,9,153,0,59,112,15,186,326,0,326,512
09/03/2021,CPS,IL,AGL,CE,Towers with Radar,0,2,21,0,23,0,30,75,2,107,0,32,96,2,130,186,2,188,318
09/04/2021,CPS,IL,AGL,CE,Towers with Radar,0,1,6,1,8,0,0,1,0,1,0,1,7,1,9,2,0,2,11
09/05/2021,CPS,IL,AGL,CE,Towers with Radar,1,5,18,1,25,0,6,59,1,66,1,11,77,2,91,71,0,71,162
09/06/2021,CPS,IL,AGL,CE,Towers with Radar,0,2,26,0,28,0,5,85,2,92,0,7,111,2,120,88,2,90,210
09/07/2021,CPS,IL,AGL,CE,Towers with Radar,0,9,19,2,30,0,38,77,2,117,0,47,96,4,147,142,0,142,289
09/08/2021,CPS,IL,AGL,CE,Towers with Radar,0,6,21,2,29,0,55,94,4,153,0,61,115,6,182,395,0,395,577
09/09/2021,CPS,IL,AGL,CE,Towers with Radar,0,8,37,0,45,0,54,95,5,154,0,62,132,5,199,433,0,433,632
09/10/2021,CPS,IL,AGL,CE,Towers with Radar,0,3,28,0,31,0,59,101,1,161,0,62,129,1,192,319,0,319,511
09/11/2021,CPS,IL,AGL,CE,Towers with Radar,0,1,10,1,12,0,22,64,2,88,0,23,74,3,100,100,0,100,200
09/12/2021,CPS,IL,AGL,CE,Towers with Radar,1,2,21,6,30,0,12,55,4,71,1,14,76,10,101,85,0,85,186
09/13/2021,CPS,IL,AGL,CE,Towers with Radar,0,5,20,0,25,0,32,50,0,82,0,37,70,0,107,246,0,246,353
09/14/2021,CPS,IL,AGL,CE,Towers with Radar,0,12,38,0,50,0,38,77,0,115,0,50,115,0,165,152,0,152,317
09/15/2021,CPS,IL,AGL,CE,Towers with Radar,0,16,34,0,50,0,60,79,0,139,0,76,113,0,189,521,0,521,710
09/16/2021,CPS,IL,AGL,CE,Towers with Radar,0,8,36,4,48,0,74,106,2,182,0,82,142,6,230,438,0,438,668
09/17/2021,CPS,IL,AGL,CE,Towers with Radar,0,11,25,6,42,0,44,54,8,106,0,55,79,14,148,266,0,266,414
09/18/2021,CPS,IL,AGL,CE,Towers with Radar,0,5,10,0,15,0,45,109,5,159,0,50,119,5,174,259,0,259,433
09/19/2021,CPS,IL,AGL,CE,Towers with Radar,2,6,8,0,16,0,17,56,0,73,2,23,64,0,89,151,0,151,240
09/20/2021,CPS,IL,AGL,CE,Towers with Radar,0,10,15,0,25,0,3,38,0,41,0,13,53,0,66,92,0,92,158
09/21/2021,CPS,IL,AGL,CE,Towers with Radar,2,5,34,0,41,0,4,9,0,13,2,9,43,0,54,12,0,12,66
09/22/2021,CPS,IL,AGL,CE,Towers with Radar,0,4,22,0,26,0,33,45,2,80,0,37,67,2,106,155,0,155,261
09/23/2021,CPS,IL,AGL,CE,Towers with Radar,0,4,42,10,56,0,85,92,0,177,0,89,134,10,233,314,2,316,549
09/24/2021,CPS,IL,AGL,CE,Towers with Radar,0,11,27,0,38,0,39,66,3,108,0,50,93,3,146,323,0,323,469
09/25/2021,CPS,IL,AGL,CE,Towers with Radar,1,4,20,2,27,0,36,107,1,144,1,40,127,3,171,148,0,148,319
09/26/2021,CPS,IL,AGL,CE,Towers with Radar,1,6,30,0,37,0,12,81,0,93,1,18,111,0,130,35,0,35,165
09/27/2021,CPS,IL,AGL,CE,Towers with Radar,2,12,22,1,37,0,46,75,1,122,2,58,97,2,159,123,0,123,282
09/28/2021,CPS,IL,AGL,CE,Towers with Radar,1,12,29,3,45,0,67,73,1,141,1,79,102,4,186,440,0,440,626
09/29/2021,CPS,IL,AGL,CE,Towers with Radar,0,2,18,0,20,0,74,66,0,140,0,76,84,0,160,455,0,455,615
09/30/2021,CPS,IL,AGL,CE,Towers with Radar,0,10,27,5,42,0,52,53,1,106,0,62,80,6,148,402,0,402,550
10/01/2021,CPS,IL,AGL,CE,Towers with Radar,0,5,32,0,37,0,30,84,2,116,0,35,116,2,153,381,0,381,534
10/02/2021,CPS,IL,AGL,CE,Towers with Radar,0,4,28,0,32,0,4,11,0,15,0,8,39,0,47,8,0,8,55
10/03/2021,CPS,IL,AGL,CE,Towers with Radar,0,4,26,4,34,0,7,47,7,61,0,11,73,11,95,49,0,49,144
10/04/2021,CPS,IL,AGL,CE,Towers with Radar,0,3,14,1,18,0,63,59,1,123,0,66,73,2,141,334,0,334,475
10/05/2021,CPS,IL,AGL,CE,Towers with Radar,0,9,25,0,34,0,19,46,0,65,0,28,71,0,99,276,0,276,375
10/06/2021,CPS,IL,AGL,CE,Towers with Radar,0,9,29,3,41,0,11,16,0,27,0,20,45,3,68,134,0,134,202
10/07/2021,CPS,IL,AGL,CE,Towers with Radar,0,5,29,0,34,0,15,36,0,51,0,20,65,0,85,140,0,140,225
10/08/2021,CPS,IL,AGL,CE,Towers with Radar,1,4,29,0,34,4,76,106,0,186,5,80,135,0,220,356,0,356,576
10/09/2021,CPS,IL,AGL,CE,Towers with Radar,0,3,19,0,22,0,62,104,0,166,0,65,123,0,188,266,0,266,454
10/10/2021,CPS,IL,AGL,CE,Towers with Radar,0,1,36,0,37,0,11,36,0,47,0,12,72,0,84,28,0,28,112
10/11/2021,CPS,IL,AGL,CE,Towers with Radar,0,7,6,0,13,0,3,11,0,14,0,10,17,0,27,31,0,31,58
10/12/2021,CPS,IL,AGL,CE,Towers with Radar,0,1,30,0,31,0,95,77,2,174,0,96,107,2,205,410,0,410,615
10/13/2021,CPS,IL,AGL,CE,Towers with Radar,0,6,20,1,27,0,25,42,3,70,0,31,62,4,97,227,0,227,324
10/14/2021,CPS,IL,AGL,CE,Towers with Radar,0,5,29,0,34,0,4,8,1,13,0,9,37,1,47,111,0,111,158
10/15/2021,CPS,IL,AGL,CE,Towers with Radar,0,3,26,2,31,0,3,14,1,18,0,6,40,3,49,5,0,5,54
10/16/2021,CPS,IL,AGL,CE,Towers with Radar,0,0,20,0,20,0,41,77,0,118,0,41,97,0,138,184,0,184,322
10/17/2021,CPS,IL,AGL,CE,Towers with Radar,0,5,24,3,32,0,19,89,2,110,0,24,113,5,142,177,0,177,319
10/18/2021,CPS,IL,AGL,CE,Towers with Radar,0,2,29,1,32,0,50,71,3,124,0,52,100,4,156,373,0,373,529
10/19/2021,CPS,IL,AGL,CE,Towers with Radar,0,3,29,0,32,0,61,74,4,139,0,64,103,4,171,324,0,324,495
10/20/2021,CPS,IL,AGL,CE,Towers with Radar,0,4,23,0,27,0,72,109,0,181,0,76,132,0,208,357,0,357,565
10/21/2021,CPS,IL,AGL,CE,Towers with Radar,0,0,23,1,24,0,38,85,2,125,0,38,108,3,149,290,0,290,439
10/22/2021,CPS,IL,AGL,CE,Towers with Radar,0,4,25,2,31,0,26,59,2,87,0,30,84,4,118,236,0,236,354
10/23/2021,CPS,IL,AGL,CE,Towers with Radar,0,0,16,0,16,0,6,72,0,78,0,6,88,0,94,161,0,161,255
10/24/2021,CPS,IL,AGL,CE,Towers with Radar,0,2,10,0,12,0,2,13,0,15,0,4,23,0,27,2,0,2,29
10/25/2021,CPS,IL,AGL,CE,Towers with Radar,1,3,24,0,28,0,7,19,0,26,1,10,43,0,54,40,0,40,94
10/26/2021,CPS,IL,AGL,CE,Towers with Radar,0,6,39,1,46,0,59,92,4,155,0,65,131,5,201,390,0,390,591
10/27/2021,CPS,IL,AGL,CE,Towers with Radar,2,7,13,0,22,0,50,77,0,127,2,57,90,0,149,307,0,307,456
10/28/2021,CPS,IL,AGL,CE,Towers with Radar,1,6,25,0,32,0,0,0,0,0,1,6,25,0,32,0,0,0,32
10/29/2021,CPS,IL,AGL,CE,Towers with Radar,0,7,19,1,27,0,0,0,0,0,0,7,19,1,27,15,0,15,42
10/30/2021,CPS,IL,AGL,CE,Towers with Radar,0,6,23,1,30,0,14,33,0,47,0,20,56,1,77,174,0,174,251
10/31/2021,CPS,IL,AGL,CE,Towers with Radar,0,1,30,0,31,0,2,29,0,31,0,3,59,0,62,63,0,63,125
11/01/2021,CPS,IL,AGL,CE,Towers with Radar,0,3,31,0,34,0,45,53,0,98,0,48,84,0,132,287,0,287,419
11/02/2021,CPS,IL,AGL,CE,Towers with Radar,0,9,33,1,43,0,47,71,0,118,0,56,104,1,161,204,0,204,365
11/03/2021,CPS,IL,AGL,CE,Towers with Radar,0,4,18,3,25,0,72,93,5,170,0,76,111,8,195,376,0,376,571
11/04/2021,CPS,IL,AGL,CE,Towers with Radar,0,4,26,2,32,0,75,105,3,183,0,79,131,5,215,395,0,395,610
11/05/2021,CPS,IL,AGL,CE,Towers with Radar,0,8,24,2,34,0,66,71,0,137,0,74,95,2,171,400,0,400,571
11/06/2021,CPS,IL,AGL,CE,Towers with Radar,0,4,13,3,20,0,40,98,1,139,0,44,111,4,159,165,2,167,326
11/07/2021,CPS,IL,AGL,CE,Towers with Radar,0,1,16,1,18,0,14,98,3,115,0,15,114,4,133,85,1,86,219
11/08/2021,CPS,IL,AGL,CE,Towers with Radar,0,1,21,2,24,0,50,59,0,109,0,51,80,2,133,257,0,257,390
11/09/2021,CPS,IL,AGL,CE,Towers with Radar,0,5,27,2,34,0,73,73,3,149,0,78,100,5,183,304,0,304,487
11/10/2021,CPS,IL,AGL,CE,Towers with Radar,0,6,23,0,29,0,64,45,3,112,0,70,68,3,141,311,0,311,452
11/11/2021,CPS,IL,AGL,CE,Towers with Radar,0,2,20,0,22,0,3,16,0,19,0,5,36,0,41,6,0,6,47
11/12/2021,CPS,IL,AGL,CE,Towers with Radar,0,4,17,0,21,0,1,30,0,31,0,5,47,0,52,14,0,14,66
11/13/2021,CPS,IL,AGL,CE,Towers with Radar,1,1,12,0,14,0,31,69,0,100,1,32,81,0,114,164,0,164,278
11/14/2021,CPS,IL,AGL,CE,Towers with Radar,0,4,13,0,17,0,11,39,0,50,0,15,52,0,67,16,0,16,83
11/15/2021,CPS,IL,AGL,CE,Towers with Radar,2,7,14,1,24,0,18,55,0,73,2,25,69,1,97,113,0,113,210
11/16/2021,CPS,IL,AGL,CE,Towers with Radar,0,10,16,0,26,0,52,108,1,161,0,62,124,1,187,242,0,242,429
11/17/2021,CPS,IL,AGL,CE,Towers with Radar,0,3,25,0,28,0,6,17,1,24,0,9,42,1,52,11,0,11,63
11/18/2021,CPS,IL,AGL,CE,Towers with Radar,0,4,31,2,37,0,27,65,0,92,0,31,96,2,129,148,0,148,277
11/19/2021,CPS,IL,AGL,CE,Towers with Radar,0,3,24,3,30,0,58,98,0,156,0,61,122,3,186,217,0,217,403
11/20/2021,CPS,IL,AGL,CE,Towers with Radar,0,3,16,0,19,0,44,110,0,154,0,47,126,0,173,190,0,190,363
11/21/2021,CPS,IL,AGL,CE,Towers with Radar,1,3,23,0,27,0,3,63,0,66,1,6,86,0,93,112,0,112,205
11/22/2021,CPS,IL,AGL,CE,Towers with Radar,0,1,32,2,35,0,66,48,0,114,0,67,80,2,149,302,0,302,451
11/23/2021,CPS,IL,AGL,CE,Towers with Radar,0,4,17,0,21,0,51,72,0,123,0,55,89,0,144,258,0,258,402
11/24/2021,CPS,IL,AGL,CE,Towers with Radar,0,3,12,2,17,0,8,25,0,33,0,11,37,2,50,8,2,10,60
11/25/2021,CPS,IL,AGL,CE,Towers with Radar,0,2,2,0,4,0,7,17,0,24,0,9,19,0,28,9,0,9,37
11/26/2021,CPS,IL,AGL,CE,Towers with Radar,0,0,7,0,7,0,3,50,0,53,0,3,57,0,60,196,0,196,256
11/27/2021,CPS,IL,AGL,CE,Towers with Radar,0,6,22,0,28,0,2,73,0,75,0,8,95,0,103,204,0,204,307
11/28/2021,CPS,IL,AGL,CE,Towers with Radar,0,2,8,0,10,0,7,51,0,58,0,9,59,0,68,138,0,138,206
11/29/2021,CPS,IL,AGL,CE,Towers with Radar,0,1,12,0,13,0,29,49,0,78,0,30,61,0,91,151,0,151,242
11/30/2021,CPS,IL,AGL,CE,Towers with Radar,1,7,38,2,48,0,56,61,1,118,1,63,99,3,166,354,0,354,520
12/01/2021,CPS,IL,AGL,CE,Towers with Radar,0,11,33,2,46,0,52,80,3,135,0,63,113,5,181,433,0,433,614
12/02/2021,CPS,IL,AGL,CE,Towers with Radar,0,8,40,0,48,0,56,90,0,146,0,64,130,0,194,316,0,316,510
12/03/2021,CPS,IL,AGL,CE,Towers with Radar,0,0,30,0,30,0,73,111,0,184,0,73,141,0,214,328,0,328,542
12/04/2021,CPS,IL,AGL,CE,Towers with Radar,0,0,9,0,9,0,23,89,0,112,0,23,98,0,121,139,0,139,260
12/05/2021,CPS,IL,AGL,CE,Towers with Radar,0,2,11,0,13,0,2,2,0,4,0,4,13,0,17,30,0,30,47
12/06/2021,CPS,IL,AGL,CE,Towers with Radar,2,2,20,1,25,0,8,16,0,24,2,10,36,1,49,30,0,30,79
12/07/2021,CPS,IL,AGL,CE,Towers with Radar,0,5,21,2,28,0,34,48,0,82,0,39,69,2,110,315,0,315,425
12/08/2021,CPS,IL,AGL,CE,Towers with Radar,1,6,20,2,29,0,83,76,0,159,1,89,96,2,188,509,0,509,697
12/09/2021,CPS,IL,AGL,CE,Towers with Radar,0,5,21,0,26,0,10,29,1,40,0,15,50,1,66,76,0,76,142
12/10/2021,CPS,IL,AGL,CE,Towers with Radar,1,4,19,1,25,0,1,2,0,3,1,5,21,1,28,0,0,0,28
12/11/2021,CPS,IL,AGL,CE,Towers with Radar,0,5,9,1,15,0,1,40,0,41,0,6,49,1,56,2,0,2,58
12/12/2021,CPS,IL,AGL,CE,Towers with Radar,1,2,18,1,22,0,9,87,0,96,1,11,105,1,118,66,0,66,184
12/13/2021,CPS,IL,AGL,CE,Towers with Radar,0,16,17,1,34,0,54,66,0,120,0,70,83,1,154,236,0,236,390
12/14/2021,CPS,IL,AGL,CE,Towers with Radar,0,11,23,3,37,0,36,49,2,87,0,47,72,5,124,247,0,247,371
12/15/2021,CPS,IL,AGL,CE,Towers with Radar,0,2,21,1,24,0,1,3,2,6,0,3,24,3,30,2,0,2,32
12/16/2021,CPS,IL,AGL,CE,Towers with Radar,1,1,22,3,27,0,25,47,2,74,1,26,69,5,101,163,0,163,264
12/17/2021,CPS,IL,AGL,CE,Towers with Radar,0,5,21,0,26,0,1,8,0,9,0,6,29,0,35,68,0,68,103
12/18/2021,CPS,IL,AGL,CE,Towers with Radar,0,4,8,2,14,0,2,26,0,28,0,6,34,2,42,50,0,50,92
12/19/2021,CPS,IL,AGL,CE,Towers with Radar,0,0,17,0,17,0,2,64,0,66,0,2,81,0,83,273,0,273,356
12/20/2021,CPS,IL,AGL,CE,Towers with Radar,0,3,18,2,23,0,44,74,2,120,0,47,92,4,143,320,0,320,463
12/21/2021,CPS,IL,AGL,CE,Towers with Radar,0,13,29,0,42,0,32,73,0,105,0,45,102,0,147,352,0,352,499
12/22/2021,CPS,IL,AGL,CE,Towers with Radar,0,3,20,0,23,0,40,64,0,104,0,43,84,0,127,258,0,258,385
12/23/2021,CPS,IL,AGL,CE,Towers with Radar,0,7,15,1,23,0,4,55,0,59,0,11,70,1,82,15,0,15,97
12/24/2021,CPS,IL,AGL,CE,Towers with Radar,0,3,2,0,5,0,1,6,0,7,0,4,8,0,12,12,0,12,24
12/25/2021,CPS,IL,AGL,CE,Towers with Radar,0,0,17,0,17,0,0,17,0,17,0,0,34,0,34,34,0,34,68
12/26/2021,CPS,IL,AGL,CE,Towers with Radar,0,3,15,0,18,0,1,2,0,3,0,4,17,0,21,16,0,16,37
12/27/2021,CPS,IL,AGL,CE,Towers with Radar,1,5,23,4,33,0,8,74,0,82,1,13,97,4,115,75,0,75,190
12/28/2021,CPS,IL,AGL,CE,Towers with Radar,1,1,18,0,20,0,0,3,0,3,1,1,21,0,23,0,0,0,23
12/29/2021,CPS,IL,AGL,CE,Towers with Radar,0,5,5,0,10,0,1,6,0,7,0,6,11,0,17,23,0,23,40
12/30/2021,CPS,IL,AGL,CE,Towers with Radar,0,2,8,0,10,0,1,8,0,9,0,3,16,0,19,6,0,6,25
12/31/2021,CPS,IL,AGL,CE,Towers with Radar,4,2,6,0,12,0,6,47,0,53,4,8,53,0,65,65,0,65,130
01/01/2022,CPS,IL,AGL,CE,Towers with Radar,0,1,2,0,3,0,0,0,0,0,0,1,2,0,3,0,0,0,3
01/02/2022,CPS,IL,AGL,CE,Towers with Radar,3,4,5,0,12,0,4,9,0,13,3,8,14,0,25,12,0,12,37
01/03/2022,CPS,IL,AGL,CE,Towers with Radar,2,2,11,0,15,0,9,61,2,72,2,11,72,2,87,170,0,170,257
01/04/2022,CPS,IL,AGL,CE,Towers with Radar,0,3,18,0,21,0,16,56,0,72,0,19,74,0,93,67,0,67,160
01/05/2022,CPS,IL,AGL,CE,Towers with Radar,0,5,6,0,11,0,11,29,1,41,0,16,35,1,52,74,0,74,126
01/06/2022,CPS,IL,AGL,CE,Towers with Radar,2,8,4,0,14,0,5,40,0,45,2,13,44,0,59,84,0,84,143
01/07/2022,CPS,IL,AGL,CE,Towers with Radar,1,3,10,0,14,0,19,50,0,69,1,22,60,0,83,176,0,176,259
01/08/2022,CPS,IL,AGL,CE,Towers with Radar,2,2,7,2,13,0,1,1,0,2,2,3,8,2,15,27,0,27,42
01/09/2022,CPS,IL,AGL,CE,Towers with Radar,1,2,8,0,11,0,7,31,0,38,1,9,39,0,49,39,0,39,88
01/10/2022,CPS,IL,AGL,CE,Towers with Radar,0,1,13,0,14,0,47,40,1,88,0,48,53,1,102,257,0,257,359
01/11/2022,CPS,IL,AGL,CE,Towers with Radar,0,2,16,0,18,0,39,62,0,101,0,41,78,0,119,175,0,175,294
01/12/2022,CPS,IL,AGL,CE,Towers with Radar,0,3,18,2,23,0,43,70,1,114,0,46,88,3,137,338,0,338,475
01/13/2022,CPS,IL,AGL,CE,Towers with Radar,1,3,30,0,34,0,50,60,0,110,1,53,90,0,144,333,0,333,477
01/14/2022,CPS,IL,AGL,CE,Towers with Radar,1,4,15,0,20,0,1,19,0,20,1,5,34,0,40,16,0,16,56
01/15/2022,CPS,IL,AGL,CE,Towers with Radar,2,0,5,0,7,0,1,2,0,3,2,1,7,0,10,18,0,18,28
01/16/2022,CPS,IL,AGL,CE,Towers with Radar,0,2,7,0,9,0,7,58,0,65,0,9,65,0,74,101,0,101,175
01/17/2022,CPS,IL,AGL,CE,Towers with Radar,1,4,6,0,11,0,5,24,0,29,1,9,30,0,40,85,0,85,125
01/18/2022,CPS,IL,AGL,CE,Towers with Radar,0,10,10,1,21,0,30,61,0,91,0,40,71,1,112,224,0,224,336
01/19/2022,CPS,IL,AGL,CE,Towers with Radar,0,5,15,6,26,0,18,26,1,45,0,23,41,7,71,94,5,99,170
01/20/2022,CPS,IL,AGL,CE,Towers with Radar,0,5,20,0,25,0,15,44,0,59,0,20,64,0,84,157,0,157,241
01/21/2022,CPS,IL,AGL,CE,Towers with Radar,0,2,29,3,34,0,45,51,0,96,0,47,80,3,130,266,0,266,396
01/22/2022,CPS,IL,AGL,CE,Towers with Radar,0,3,21,0,24,0,51,67,1,119,0,54,88,1,143,239,0,239,382
01/23/2022,CPS,IL,AGL,CE,Towers with Radar,0,3,12,1,16,0,4,32,0,36,0,7,44,1,52,40,0,40,92
01/24/2022,CPS,IL,AGL,CE,Towers with Radar,0,8,19,3,30,0,15,46,0,61,0,23,65,3,91,165,0,165,256
01/25/2022,CPS,IL,AGL,CE,Towers with Radar,0,5,30,1,36,0,56,54,1,111,0,61,84,2,147,224,0,224,371
01/26/2022,CPS,IL,AGL,CE,Towers with Radar,0,6,15,0,21,0,61,74,2,137,0,67,89,2,158,298,0,298,456
01/27/2022,CPS,IL,AGL,CE,Towers with Radar,0,4,18,4,26,0,24,32,2,58,0,28,50,6,84,203,0,203,287
01/28/2022,CPS,IL,AGL,CE,Towers with Radar,1,8,11,1,21,0,13,25,2,40,1,21,36,3,61,82,0,82,143
01/29/2022,CPS,IL,AGL,CE,Towers with Radar,1,5,22,2,30,0,35,67,0,102,1,40,89,2,132,213,0,213,345
01/30/2022,CPS,IL,AGL,CE,Towers with Radar,0,5,12,0,17,0,14,52,0,66,0,19,64,0,83,64,0,64,147
01/31/2022,CPS,IL,AGL,CE,Towers with Radar,0,7,17,4,28,0,45,75,0,120,0,52,92,4,148,367,0,367,515
02/01/2022,CPS,IL,AGL,CE,Towers with Radar,0,3,10,0,13,0,11,26,0,37,0,14,36,0,50,80,0,80,130
02/02/2022,CPS,IL,AGL,CE,Towers with Radar,0,0,0,0,0,0,0,0,0,0,0,0,0,0,0,0,0,0,0
02/03/2022,CPS,IL,AGL,CE,Towers with Radar,0,0,0,0,0,0,0,0,0,0,0,0,0,0,0,0,0,0,0
02/04/2022,CPS,IL,AGL,CE,Towers with Radar,0,0,1,0,1,0,9,21,2,32,0,9,22,2,33,32,0,32,65
02/05/2022,CPS,IL,AGL,CE,Towers with Radar,0,2,11,0,13,0,4,36,0,40,0,6,47,0,53,89,0,89,142
02/06/2022,CPS,IL,AGL,CE,Towers with Radar,0,3,14,0,17,0,5,31,0,36,0,8,45,0,53,11,0,11,64
02/07/2022,CPS,IL,AGL,CE,Towers with Radar,0,2,12,0,14,0,30,53,0,83,0,32,65,0,97,164,0,164,261
02/08/2022,CPS,IL,AGL,CE,Towers with Radar,0,7,27,0,34,0,60,47,0,107,0,67,74,0,141,230,0,230,371
02/09/2022,CPS,IL,AGL,CE,Towers with Radar,0,6,24,0,30,0,73,50,0,123,0,79,74,0,153,297,0,297,450
02/10/2022,CPS,IL,AGL,CE,Towers with Radar,2,3,25,0,30,0,43,60,0,103,2,46,85,0,133,287,0,287,420
02/11/2022,CPS,IL,AGL,CE,Towers with Radar,0,3,23,0,26,0,11,20,0,31,0,14,43,0,57,134,0,134,191
02/12/2022,CPS,IL,AGL,CE,Towers with Radar,0,1,13,0,14,0,10,45,0,55,0,11,58,0,69,107,0,107,176
02/13/2022,CPS,IL,AGL,CE,Towers with Radar,0,3,10,0,13,0,18,53,0,71,0,21,63,0,84,81,0,81,165
02/14/2022,CPS,IL,AGL,CE,Towers with Radar,0,5,17,2,24,0,41,66,0,107,0,46,83,2,131,270,0,270,401
02/15/2022,CPS,IL,AGL,CE,Towers with Radar,0,5,27,0,32,0,88,66,1,155,0,93,93,1,187,377,0,377,564
02/16/2022,CPS,IL,AGL,CE,Towers with Radar,0,6,12,0,18,0,4,13,0,17,0,10,25,0,35,20,0,20,55
02/17/2022,CPS,IL,AGL,CE,Towers with Radar,0,3,3,0,6,0,0,0,0,0,0,3,3,0,6,0,0,0,6
02/18/2022,CPS,IL,AGL,CE,Towers with Radar,0,5,10,0,15,0,16,60,0,76,0,21,70,0,91,89,0,89,180
02/19/2022,CPS,IL,AGL,CE,Towers with Radar,0,4,15,0,19,0,47,83,0,130,0,51,98,0,149,159,0,159,308
02/20/2022,CPS,IL,AGL,CE,Towers with Radar,0,3,7,0,10,0,8,23,0,31,0,11,30,0,41,34,0,34,75
02/21/2022,CPS,IL,AGL,CE,Towers with Radar,0,3,11,0,14,0,24,47,0,71,0,27,58,0,85,50,0,50,135
02/22/2022,CPS,IL,AGL,CE,Towers with Radar,0,4,14,0,18,0,11,24,0,35,0,15,38,0,53,50,0,50,103
02/23/2022,CPS,IL,AGL,CE,Towers with Radar,0,3,11,0,14,0,9,10,0,19,0,12,21,0,33,139,0,139,172
02/24/2022,CPS,IL,AGL,CE,Towers with Radar,0,0,0,0,0,0,0,0,0,0,0,0,0,0,0,0,0,0,0
02/25/2022,CPS,IL,AGL,CE,Towers with Radar,0,1,5,0,6,0,4,12,0,16,0,5,17,0,22,36,0,36,58
02/26/2022,CPS,IL,AGL,CE,Towers with Radar,0,4,10,2,16,0,1,38,0,39,0,5,48,2,55,79,0,79,134
02/27/2022,CPS,IL,AGL,CE,Towers with Radar,0,0,13,0,13,0,11,93,2,106,0,11,106,2,119,194,0,194,313
02/28/2022,CPS,IL,AGL,CE,Towers with Radar,0,1,17,2,20,0,67,74,0,141,0,68,91,2,161,302,0,302,463
03/01/2022,CPS,IL,AGL,CE,Towers with Radar,0,6,25,1,32,0,74,57,2,133,0,80,82,3,165,324,0,324,489
03/02/2022,CPS,IL,AGL,CE,Towers with Radar,0,11,21,0,32,0,81,65,3,149,0,92,86,3,181,327,22,349,530
03/03/2022,CPS,IL,AGL,CE,Towers with Radar,0,9,25,1,35,0,71,62,3,136,0,80,87,4,171,197,0,197,368
03/04/2022,CPS,IL,AGL,CE,Towers with Radar,0,8,22,3,33,0,61,92,0,153,0,69,114,3,186,418,0,418,604
03/05/2022,CPS,IL,AGL,CE,Towers with Radar,0,2,5,1,8,0,10,20,0,30,0,12,25,1,38,108,0,108,146
03/06/2022,CPS,IL,AGL,CE,Towers with Radar,0,4,17,0,21,0,15,57,0,72,0,19,74,0,93,203,0,203,296
03/07/2022,CPS,IL,AGL,CE,Towers with Radar,1,6,15,0,22,0,3,11,0,14,1,9,26,0,36,114,0,114,150
03/08/2022,CPS,IL,AGL,CE,Towers with Radar,0,4,27,0,31,0,56,93,0,149,0,60,120,0,180,667,0,667,847
03/09/2022,CPS,IL,AGL,CE,Towers with Radar,0,3,35,0,38,0,85,83,1,169,0,88,118,1,207,503,0,503,710
03/10/2022,CPS,IL,AGL,CE,Towers with Radar,1,7,29,0,37,0,60,63,0,123,1,67,92,0,160,445,0,445,605
03/11/2022,CPS,IL,AGL,CE,Towers with Radar,0,5,15,2,22,0,12,30,0,42,0,17,45,2,64,48,0,48,112
03/12/2022,CPS,IL,AGL,CE,Towers with Radar,0,3,14,0,17,0,24,50,0,74,0,27,64,0,91,106,0,106,197
03/13/2022,CPS,IL,AGL,CE,Towers with Radar,0,4,22,2,28,0,6,61,6,73,0,10,83,8,101,112,0,112,213
03/14/2022,CPS,IL,AGL,CE,Towers with Radar,0,4,7,0,11,0,11,47,0,58,0,15,54,0,69,80,0,80,149
03/15/2022,CPS,IL,AGL,CE,Towers with Radar,0,5,15,4,24,0,38,69,0,107,0,43,84,4,131,410,0,410,541
03/16/2022,CPS,IL,AGL,CE,Towers with Radar,0,5,21,2,28,0,38,64,2,104,0,43,85,4,132,310,0,310,442
03/17/2022,CPS,IL,AGL,CE,Towers with Radar,0,2,17,0,19,0,25,57,0,82,0,27,74,0,101,143,0,143,244
03/18/2022,CPS,IL,AGL,CE,Towers with Radar,0,0,11,0,11,0,0,1,0,1,0,0,12,0,12,0,0,0,12
03/19/2022,CPS,IL,AGL,CE,Towers with Radar,0,2,22,0,24,0,4,24,0,28,0,6,46,0,52,75,0,75,127
03/20/2022,CPS,IL,AGL,CE,Towers with Radar,0,0,12,4,16,0,6,89,0,95,0,6,101,4,111,93,1,94,205
03/21/2022,CPS,IL,AGL,CE,Towers with Radar,0,1,12,0,13,0,21,75,0,96,0,22,87,0,109,156,0,156,265
03/22/2022,CPS,IL,AGL,CE,Towers with Radar,2,0,6,2,10,0,0,6,0,6,2,0,12,2,16,0,0,0,16
03/23/2022,CPS,IL,AGL,CE,Towers with Radar,0,5,23,0,28,0,0,4,0,4,0,5,27,0,32,17,0,17,49
03/24/2022,CPS,IL,AGL,CE,Towers with Radar,1,5,14,2,22,0,1,4,0,5,1,6,18,2,27,24,0,24,51
03/25/2022,CPS,IL,AGL,CE,Towers with Radar,1,2,23,0,26,0,25,31,0,56,1,27,54,0,82,198,0,198,280
03/26/2022,CPS,IL,AGL,CE,Towers with Radar,0,2,11,0,13,0,2,33,0,35,0,4,44,0,48,5,0,5,53
03/27/2022,CPS,IL,AGL,CE,Towers with Radar,0,0,17,0,17,0,17,87,0,104,0,17,104,0,121,120,0,120,241
03/28/2022,CPS,IL,AGL,CE,Towers with Radar,0,2,20,0,22,0,57,82,0,139,0,59,102,0,161,346,0,346,507
03/29/2022,CPS,IL,AGL,CE,Towers with Radar,0,4,15,0,19,0,30,44,1,75,0,34,59,1,94,167,0,167,261
03/30/2022,CPS,IL,AGL,CE,Towers with Radar,0,2,6,1,9,0,0,0,8,8,0,2,6,9,17,0,0,0,17
03/31/2022,CPS,IL,AGL,CE,Towers with Radar,0,0,16,6,22,0,27,7,3,37,0,27,23,9,59,178,0,178,237
04/01/2022,CPS,IL,AGL,CE,Towers with Radar,0,2,27,1,30,0,78,60,4,142,0,80,87,5,172,581,0,581,753
04/02/2022,CPS,IL,AGL,CE,Towers with Radar,0,0,10,0,10,0,34,29,1,64,0,34,39,1,74,217,0,217,291
04/03/2022,CPS,IL,AGL,CE,Towers with Radar,0,0,19,0,19,0,27,106,2,135,0,27,125,2,154,205,0,205,359
04/04/2022,CPS,IL,AGL,CE,Towers with Radar,0,11,22,0,33,0,42,63,0,105,0,53,85,0,138,320,0,320,458
04/05/2022,CPS,IL,AGL,CE,Towers with Radar,3,4,13,0,20,0,26,28,0,54,3,30,41,0,74,237,0,237,311
04/06/2022,CPS,IL,AGL,CE,Towers with Radar,0,2,24,3,29,0,27,39,0,66,0,29,63,3,95,98,0,98,193
04/07/2022,CPS,IL,AGL,CE,Towers with Radar,2,3,23,0,28,0,29,53,0,82,2,32,76,0,110,83,0,83,193
04/08/2022,CPS,IL,AGL,CE,Towers with Radar,1,3,17,0,21,0,0,8,0,8,1,3,25,0,29,2,0,2,31
04/09/2022,CPS,IL,AGL,CE,Towers with Radar,0,5,18,0,23,0,48,96,0,144,0,53,114,0,167,266,0,266,433
04/10/2022,CPS,IL,AGL,CE,Towers with Radar,0,0,11,0,11,0,6,18,0,24,0,6,29,0,35,17,0,17,52
04/11/2022,CPS,IL,AGL,CE,Towers with Radar,2,2,9,0,13,0,1,18,0,19,2,3,27,0,32,6,0,6,38
04/12/2022,CPS,IL,AGL,CE,Towers with Radar,0,5,18,0,23,0,1,6,0,7,0,6,24,0,30,12,0,12,42
04/13/2022,CPS,IL,AGL,CE,Towers with Radar,2,1,13,0,16,0,0,2,0,2,2,1,15,0,18,0,0,0,18
04/14/2022,CPS,IL,AGL,CE,Towers with Radar,0,2,20,0,22,0,32,70,0,102,0,34,90,0,124,114,0,114,238
04/15/2022,CPS,IL,AGL,CE,Towers with Radar,0,2,14,0,16,0,6,36,1,43,0,8,50,1,59,83,0,83,142
04/16/2022,CPS,IL,AGL,CE,Towers with Radar,1,6,11,0,18,0,11,72,0,83,1,17,83,0,101,90,0,90,191
04/17/2022,CPS,IL,AGL,CE,Towers with Radar,0,2,8,0,10,0,3,9,0,12,0,5,17,0,22,45,0,45,67
04/18/2022,CPS,IL,AGL,CE,Towers with Radar,1,2,24,0,27,0,7,15,0,22,1,9,39,0,49,2,0,2,51
04/19/2022,CPS,IL,AGL,CE,Towers with Radar,0,4,33,0,37,0,96,108,0,204,0,100,141,0,241,521,0,521,762
04/20/2022,CPS,IL,AGL,CE,Towers with Radar,0,3,24,0,27,0,14,21,0,35,0,17,45,0,62,62,0,62,124
04/21/2022,CPS,IL,AGL,CE,Towers with Radar,0,7,30,0,37,0,51,50,2,103,0,58,80,2,140,399,0,399,539
04/22/2022,CPS,IL,AGL,CE,Towers with Radar,0,2,17,0,19,0,33,45,5,83,0,35,62,5,102,165,0,165,267
04/23/2022,CPS,IL,AGL,CE,Towers with Radar,0,0,10,0,10,0,1,25,0,26,0,1,35,0,36,4,0,4,40
04/24/2022,CPS,IL,AGL,CE,Towers with Radar,2,1,11,0,14,0,3,9,0,12,2,4,20,0,26,2,0,2,28
04/25/2022,CPS,IL,AGL,CE,Towers with Radar,0,3,35,0,38,0,42,63,1,106,0,45,98,1,144,268,0,268,412
04/26/2022,CPS,IL,AGL,CE,Towers with Radar,0,5,47,3,55,0,72,75,5,152,0,77,122,8,207,248,0,248,455
04/27/2022,CPS,IL,AGL,CE,Towers with Radar,1,6,33,3,43,0,83,90,0,173,1,89,123,3,216,398,0,398,614
04/28/2022,CPS,IL,AGL,CE,Towers with Radar,0,3,18,1,22,0,42,65,0,107,0,45,83,1,129,322,0,322,451
04/29/2022,CPS,IL,AGL,CE,Towers with Radar,1,4,13,1,19,0,13,34,1,48,1,17,47,2,67,194,0,194,261
04/30/2022,CPS,IL,AGL,CE,Towers with Radar,1,1,12,0,14,0,3,3,0,6,1,4,15,0,20,1,0,1,21
05/01/2022,CPS,IL,AGL,CE,Towers with Radar,1,4,20,1,26,0,3,61,0,64,1,7,81,1,90,44,0,44,134
05/02/2022,CPS,IL,AGL,CE,Towers with Radar,4,1,18,0,23,0,38,52,0,90,4,39,70,0,113,308,0,308,421
05/03/2022,CPS,IL,AGL,CE,Towers with Radar,0,16,36,2,54,0,7,5,0,12,0,23,41,2,66,39,0,39,105
05/04/2022,CPS,IL,AGL,CE,Towers with Radar,0,19,55,0,74,0,25,37,0,62,0,44,92,0,136,467,0,467,603
05/05/2022,CPS,IL,AGL,CE,Towers with Radar,1,7,15,0,23,0,1,0,0,1,1,8,15,0,24,17,0,17,41
05/06/2022,CPS,IL,AGL,CE,Towers with Radar,0,5,25,0,30,0,0,2,0,2,0,5,27,0,32,0,0,0,32
05/07/2022,CPS,IL,AGL,CE,Towers with Radar,0,3,18,0,21,0,40,113,2,155,0,43,131,2,176,205,0,205,381
05/08/2022,CPS,IL,AGL,CE,Towers with Radar,0,4,19,0,23,0,2,43,3,48,0,6,62,3,71,93,0,93,164
05/09/2022,CPS,IL,AGL,CE,Towers with Radar,0,5,17,2,24,0,13,34,3,50,0,18,51,5,74,39,0,39,113
05/10/2022,CPS,IL,AGL,CE,Towers with Radar,0,0,30,1,31,0,44,53,1,98,0,44,83,2,129,412,0,412,541
05/11/2022,CPS,IL,AGL,CE,Towers with Radar,1,5,24,5,35,0,74,71,2,147,1,79,95,7,182,404,0,404,586
05/12/2022,CPS,IL,AGL,CE,Towers with Radar,1,2,22,0,25,0,50,83,0,133,1,52,105,0,158,395,8,403,561
05/13/2022,CPS,IL,AGL,CE,Towers with Radar,2,5,32,0,39,0,46,59,0,105,2,51,91,0,144,195,0,195,339
05/14/2022,CPS,IL,AGL,CE,Towers with Radar,0,6,14,0,20,0,7,61,2,70,0,13,75,2,90,246,0,246,336
05/15/2022,CPS,IL,AGL,CE,Towers with Radar,2,5,9,0,16,0,8,50,0,58,2,13,59,0,74,75,0,75,149
05/16/2022,CPS,IL,AGL,CE,Towers with Radar,0,4,21,7,32,0,57,56,0,113,0,61,77,7,145,280,0,280,425
05/17/2022,CPS,IL,AGL,CE,Towers with Radar,0,7,11,0,18,0,61,71,1,133,0,68,82,1,151,456,0,456,607
05/18/2022,CPS,IL,AGL,CE,Towers with Radar,0,8,22,2,32,0,18,60,1,79,0,26,82,3,111,185,0,185,296
05/19/2022,CPS,IL,AGL,CE,Towers with Radar,0,4,19,1,24,0,26,30,0,56,0,30,49,1,80,263,0,263,343
05/20/2022,CPS,IL,AGL,CE,Towers with Radar,2,7,13,0,22,0,10,33,0,43,2,17,46,0,65,90,0,90,155
05/21/2022,CPS,IL,AGL,CE,Towers with Radar,0,3,7,0,10,0,0,0,0,0,0,3,7,0,10,0,0,0,10
05/22/2022,CPS,IL,AGL,CE,Towers with Radar,1,8,14,0,23,0,11,61,0,72,1,19,75,0,95,145,0,145,240
05/23/2022,CPS,IL,AGL,CE,Towers with Radar,0,6,20,4,30,0,41,72,3,116,0,47,92,7,146,482,0,482,628
05/24/2022,CPS,IL,AGL,CE,Towers with Radar,2,15,28,2,47,0,17,61,0,78,2,32,89,2,125,266,0,266,391
05/25/2022,CPS,IL,AGL,CE,Towers with Radar,0,7,12,0,19,0,1,16,0,17,0,8,28,0,36,62,0,62,98
05/26/2022,CPS,IL,AGL,CE,Towers with Radar,2,0,16,0,18,0,6,24,0,30,2,6,40,0,48,150,0,150,198
05/27/2022,CPS,IL,AGL,CE,Towers with Radar,0,3,43,0,46,0,2,20,0,22,0,5,63,0,68,279,0,279,347
05/28/2022,CPS,IL,AGL,CE,Towers with Radar,0,3,26,0,29,0,10,79,0,89,0,13,105,0,118,199,0,199,317
05/29/2022,CPS,IL,AGL,CE,Towers with Radar,0,5,12,0,17,0,13,54,0,67,0,18,66,0,84,52,0,52,136
05/30/2022,CPS,IL,AGL,CE,Towers with Radar,0,2,18,0,20,0,5,43,0,48,0,7,61,0,68,71,0,71,139
05/31/2022,CPS,IL,AGL,CE,Towers with Radar,0,1,19,1,21,0,10,65,0,75,0,11,84,1,96,246,0,246,342
06/01/2022,CPS,IL,AGL,CE,Towers with Radar,3,2,16,1,22,2,10,21,0,33,5,12,37,1,55,228,0,228,283
06/02/2022,CPS,IL,AGL,CE,Towers with Radar,0,10,31,0,41,0,88,69,1,158,0,98,100,1,199,442,2,444,643
06/03/2022,CPS,IL,AGL,CE,Towers with Radar,0,16,40,0,56,0,49,88,1,138,0,65,128,1,194,303,2,305,499
06/04/2022,CPS,IL,AGL,CE,Towers with Radar,0,7,23,0,30,0,6,83,0,89,0,13,106,0,119,78,0,78,197
06/05/2022,CPS,IL,AGL,CE,Towers with Radar,0,21,46,3,70,0,17,49,4,70,0,38,95,7,140,56,0,56,196
06/06/2022,CPS,IL,AGL,CE,Towers with Radar,0,4,9,1,14,0,14,24,1,39,0,18,33,2,53,172,0,172,225
06/07/2022,CPS,IL,AGL,CE,Towers with Radar,0,6,26,2,34,0,37,50,1,88,0,43,76,3,122,244,0,244,366
06/08/2022,CPS,IL,AGL,CE,Towers with Radar,0,2,17,4,23,0,10,39,0,49,0,12,56,4,72,245,0,245,317
06/09/2022,CPS,IL,AGL,CE,Towers with Radar,2,6,28,6,42,0,80,98,0,178,2,86,126,6,220,383,0,383,603
06/10/2022,CPS,IL,AGL,CE,Towers with Radar,0,5,30,1,36,0,34,49,1,84,0,39,79,2,120,197,0,197,317
06/11/2022,CPS,IL,AGL,CE,Towers with Radar,0,5,30,1,36,0,8,68,0,76,0,13,98,1,112,124,0,124,236
06/12/2022,CPS,IL,AGL,CE,Towers with Radar,0,20,25,1,46,0,4,46,1,51,0,24,71,2,97,59,0,59,156
06/13/2022,CPS,IL,AGL,CE,Towers with Radar,0,6,22,3,31,0,12,55,0,67,0,18,77,3,98,114,0,114,212
06/14/2022,CPS,IL,AGL,CE,Towers with Radar,0,0,26,1,27,0,39,59,3,101,0,39,85,4,128,181,0,181,309
06/15/2022,CPS,IL,AGL,CE,Towers with Radar,0,5,24,0,29,0,10,45,2,57,0,15,69,2,86,79,0,79,165
06/16/2022,CPS,IL,AGL,CE,Towers with Radar,2,2,22,0,26,0,49,91,3,143,2,51,113,3,169,263,0,263,432
06/17/2022,CPS,IL,AGL,CE,Towers with Radar,0,2,22,0,24,0,27,74,0,101,0,29,96,0,125,213,0,213,338
06/18/2022,CPS,IL,AGL,CE,Towers with Radar,0,5,17,0,22,0,9,77,0,86,0,14,94,0,108,128,0,128,236
06/19/2022,CPS,IL,AGL,CE,Towers with Radar,0,5,14,0,19,1,7,64,2,74,1,12,78,2,93,87,0,87,180
06/20/2022,CPS,IL,AGL,CE,Towers with Radar,0,3,29,1,33,0,6,73,1,80,0,9,102,2,113,179,0,179,292
06/21/2022,CPS,IL,AGL,CE,Towers with Radar,0,3,25,1,29,1,42,50,0,93,1,45,75,1,122,294,0,294,416
06/22/2022,CPS,IL,AGL,CE,Towers with Radar,0,8,34,0,42,0,53,72,0,125,0,61,106,0,167,374,0,374,541
06/23/2022,CPS,IL,AGL,CE,Towers with Radar,2,6,36,1,45,0,49,65,0,114,2,55,101,1,159,437,0,437,596
06/24/2022,CPS,IL,AGL,CE,Towers with Radar,0,0,21,0,21,0,53,59,1,113,0,53,80,1,134,418,0,418,552
06/25/2022,CPS,IL,AGL,CE,Towers with Radar,0,9,13,0,22,0,5,81,0,86,0,14,94,0,108,140,0,140,248
06/26/2022,CPS,IL,AGL,CE,Towers with Radar,1,4,29,0,34,0,3,40,0,43,1,7,69,0,77,42,0,42,119
06/27/2022,CPS,IL,AGL,CE,Towers with Radar,0,1,21,0,22,0,36,83,0,119,0,37,104,0,141,229,0,229,370
06/28/2022,CPS,IL,AGL,CE,Towers with Radar,0,4,26,0,30,0,63,109,2,174,0,67,135,2,204,369,0,369,573
06/29/2022,CPS,IL,AGL,CE,Towers with Radar,0,9,34,1,44,0,65,74,0,139,0,74,108,1,183,444,0,444,627
06/30/2022,CPS,IL,AGL,CE,Towers with Radar,2,10,14,2,28,0,35,61,1,97,2,45,75,3,125,245,0,245,370
07/01/2022,CPS,IL,AGL,CE,Towers with Radar,0,8,21,0,29,0,33,42,0,75,0,41,63,0,104,218,0,218,322
07/02/2022,CPS,IL,AGL,CE,Towers with Radar,0,5,3,0,8,0,4,9,0,13,0,9,12,0,21,17,0,17,38
07/03/2022,CPS,IL,AGL,CE,Towers with Radar,0,1,6,0,7,0,10,49,0,59,0,11,55,0,66,109,0,109,175
07/04/2022,CPS,IL,AGL,CE,Towers with Radar,0,1,6,0,7,0,4,60,0,64,0,5,66,0,71,96,0,96,167
07/05/2022,CPS,IL,AGL,CE,Towers with Radar,0,9,16,0,25,0,18,46,0,64,0,27,62,0,89,116,0,116,205
07/06/2022,CPS,IL,AGL,CE,Towers with Radar,0,9,19,3,31,0,22,68,0,90,0,31,87,3,121,320,0,320,441
07/07/2022,CPS,IL,AGL,CE,Towers with Radar,0,8,20,1,29,0,19,36,1,56,0,27,56,2,85,272,0,272,357
07/08/2022,CPS,IL,AGL,CE,Towers with Radar,0,6,15,0,21,0,20,45,0,65,0,26,60,0,86,238,0,238,324
07/09/2022,CPS,IL,AGL,CE,Towers with Radar,0,2,16,0,18,0,6,10,0,16,0,8,26,0,34,11,0,11,45
07/10/2022,CPS,IL,AGL,CE,Towers with Radar,0,6,22,0,28,0,1,83,0,84,0,7,105,0,112,99,0,99,211
07/11/2022,CPS,IL,AGL,CE,Towers with Radar,1,6,10,0,17,0,40,45,0,85,1,46,55,0,102,193,2,195,297
07/12/2022,CPS,IL,AGL,CE,Towers with Radar,0,8,16,0,24,0,46,62,2,110,0,54,78,2,134,318,0,318,452
07/13/2022,CPS,IL,AGL,CE,Towers with Radar,0,17,19,18,54,0,39,77,1,117,0,56,96,19,171,271,0,271,442
07/14/2022,CPS,IL,AGL,CE,Towers with Radar,0,7,16,2,25,0,51,45,1,97,0,58,61,3,122,323,1,324,446
07/15/2022,CPS,IL,AGL,CE,Towers with Radar,0,6,18,0,24,0,35,26,0,61,0,41,44,0,85,335,0,335,420
07/16/2022,CPS,IL,AGL,CE,Towers with Radar,0,10,10,0,20,0,12,57,0,69,0,22,67,0,89,118,0,118,207
07/17/2022,CPS,IL,AGL,CE,Towers with Radar,0,4,13,0,17,0,0,8,0,8,0,4,21,0,25,0,0,0,25
07/18/2022,CPS,IL,AGL,CE,Towers with Radar,0,5,28,0,33,0,17,47,3,67,0,22,75,3,100,208,0,208,308
07/19/2022,CPS,IL,AGL,CE,Towers with Radar,1,5,23,0,29,0,41,81,1,123,1,46,104,1,152,304,0,304,456
07/20/2022,CPS,IL,AGL,CE,Towers with Radar,0,2,31,1,34,0,24,74,0,98,0,26,105,1,132,215,0,215,347
07/21/2022,CPS,IL,AGL,CE,Towers with Radar,2,3,25,2,32,0,32,46,1,79,2,35,71,3,111,222,0,222,333
07/22/2022,CPS,IL,AGL,CE,Towers with Radar,0,2,15,2,19,0,24,63,1,88,0,26,78,3,107,189,0,189,296
07/23/2022,CPS,IL,AGL,CE,Towers with Radar,0,0,13,0,13,0,4,51,0,55,0,4,64,0,68,136,0,136,204
07/24/2022,CPS,IL,AGL,CE,Towers with Radar,0,5,16,0,21,0,2,25,0,27,0,7,41,0,48,85,0,85,133
07/25/2022,CPS,IL,AGL,CE,Towers with Radar,0,4,25,0,29,0,18,49,1,68,0,22,74,1,97,259,0,259,356
07/26/2022,CPS,IL,AGL,CE,Towers with Radar,0,2,22,0,24,0,10,24,0,34,0,12,46,0,58,60,0,60,118
07/27/2022,CPS,IL,AGL,CE,Towers with Radar,0,5,22,2,29,0,34,50,0,84,0,39,72,2,113,295,0,295,408
07/28/2022,CPS,IL,AGL,CE,Towers with Radar,0,11,23,0,34,0,22,41,0,63,0,33,64,0,97,197,0,197,294
07/29/2022,CPS,IL,AGL,CE,Towers with Radar,0,5,15,1,21,0,2,82,2,86,0,7,97,3,107,302,0,302,409
07/30/2022,CPS,IL,AGL,CE,Towers with Radar,0,2,10,1,13,0,3,62,0,65,0,5,72,1,78,130,0,130,208
07/31/2022,CPS,IL,AGL,CE,Towers with Radar,0,2,13,9,24,0,1,38,4,43,0,3,51,13,67,95,0,95,162
08/01/2022,CPS,IL,AGL,CE,Towers with Radar,1,6,28,0,35,0,27,51,1,79,1,33,79,1,114,188,0,188,302
08/02/2022,CPS,IL,AGL,CE,Towers with Radar,0,2,27,1,30,0,25,52,1,78,0,27,79,2,108,303,0,303,411
08/03/2022,CPS,IL,AGL,CE,Towers with Radar,0,7,25,0,32,0,29,44,0,73,0,36,69,0,105,123,0,123,228
08/04/2022,CPS,IL,AGL,CE,Towers with Radar,0,10,34,0,44,0,8,39,0,47,0,18,73,0,91,156,0,156,247
08/05/2022,CPS,IL,AGL,CE,Towers with Radar,0,8,47,0,55,0,12,22,0,34,0,20,69,0,89,126,0,126,215
08/06/2022,CPS,IL,AGL,CE,Towers with Radar,0,8,19,0,27,0,15,54,0,69,0,23,73,0,96,106,0,106,202
08/07/2022,CPS,IL,AGL,CE,Towers with Radar,1,4,28,0,33,0,5,41,5,51,1,9,69,5,84,45,0,45,129
08/08/2022,CPS,IL,AGL,CE,Towers with Radar,1,5,20,1,27,0,42,33,1,76,1,47,53,2,103,159,0,159,262
08/09/2022,CPS,IL,AGL,CE,Towers with Radar,0,9,31,2,42,0,10,22,0,32,0,19,53,2,74,142,0,142,216
08/10/2022,CPS,IL,AGL,CE,Towers with Radar,0,1,31,2,34,0,59,64,2,125,0,60,95,4,159,390,0,390,549
08/11/2022,CPS,IL,AGL,CE,Towers with Radar,1,7,34,3,45,0,66,88,3,157,1,73,122,6,202,276,0,276,478
08/12/2022,CPS,IL,AGL,CE,Towers with Radar,0,9,30,3,42,0,35,61,2,98,0,44,91,5,140,150,0,150,290
08/13/2022,CPS,IL,AGL,CE,Towers with Radar,0,4,17,4,25,1,10,63,3,77,1,14,80,7,102,120,0,120,222
08/14/2022,CPS,IL,AGL,CE,Towers with Radar,1,0,19,0,20,0,21,36,0,57,1,21,55,0,77,56,0,56,133
08/15/2022,CPS,IL,AGL,CE,Towers with Radar,0,6,33,0,39,0,12,42,0,54,0,18,75,0,93,268,0,268,361
08/16/2022,CPS,IL,AGL,CE,Towers with Radar,0,4,17,0,21,0,3,9,0,12,0,7,26,0,33,62,0,62,95
08/17/2022,CPS,IL,AGL,CE,Towers with Radar,0,9,28,0,37,0,76,101,1,178,0,85,129,1,215,414,0,414,629
08/18/2022,CPS,IL,AGL,CE,Towers with Radar,2,4,34,2,42,0,48,85,2,135,2,52,119,4,177,418,0,418,595
08/19/2022,CPS,IL,AGL,CE,Towers with Radar,0,6,31,6,43,0,47,84,0,131,0,53,115,6,174,151,0,151,325
08/20/2022,CPS,IL,AGL,CE,Towers with Radar,0,10,26,0,36,0,7,49,0,56,0,17,75,0,92,65,0,65,157
08/21/2022,CPS,IL,AGL,CE,Towers with Radar,0,2,29,3,34,0,4,52,7,63,0,6,81,10,97,71,0,71,168
08/22/2022,CPS,IL,AGL,CE,Towers with Radar,0,0,22,0,22,0,24,59,0,83,0,24,81,0,105,257,0,257,362
08/23/2022,CPS,IL,AGL,CE,Towers with Radar,0,5,30,0,35,0,14,70,0,84,0,19,100,0,119,202,0,202,321
08/24/2022,CPS,IL,AGL,CE,Towers with Radar,2,4,14,0,20,0,23,72,2,97,2,27,86,2,117,173,0,173,290
08/25/2022,CPS,IL,AGL,CE,Towers with Radar,2,8,30,0,40,0,38,54,0,92,2,46,84,0,132,264,0,264,396
08/26/2022,CPS,IL,AGL,CE,Towers with Radar,0,3,35,5,43,0,36,81,6,123,0,39,116,11,166,218,0,218,384
08/27/2022,CPS,IL,AGL,CE,Towers with Radar,0,1,14,0,15,0,37,66,0,103,0,38,80,0,118,165,0,165,283
08/28/2022,CPS,IL,AGL,CE,Towers with Radar,2,0,19,1,22,0,6,33,4,43,2,6,52,5,65,35,0,35,100
08/29/2022,CPS,IL,AGL,CE,Towers with Radar,0,0,10,0,10,0,14,21,0,35,0,14,31,0,45,111,0,111,156
08/30/2022,CPS,IL,AGL,CE,Towers with Radar,0,10,22,0,32,0,29,60,0,89,0,39,82,0,121,210,0,210,331
08/31/2022,CPS,IL,AGL,CE,Towers with Radar,0,7,32,7,46,0,51,70,1,122,0,58,102,8,168,286,9,295,463
09/01/2022,CPS,IL,AGL,CE,Towers with Radar,0,7,26,2,35,0,46,67,0,113,0,53,93,2,148,273,0,273,421
09/02/2022,CPS,IL,AGL,CE,Towers with Radar,0,5,27,3,35,0,29,80,1,110,0,34,107,4,145,247,0,247,392
09/03/2022,CPS,IL,AGL,CE,Towers with Radar,0,0,17,0,17,0,5,23,0,28,0,5,40,0,45,83,0,83,128
09/04/2022,CPS,IL,AGL,CE,Towers with Radar,2,1,35,0,38,0,4,14,0,18,2,5,49,0,56,20,0,20,76
09/05/2022,CPS,IL,AGL,CE,Towers with Radar,1,0,23,0,24,0,6,19,0,25,1,6,42,0,49,89,0,89,138
09/06/2022,CPS,IL,AGL,CE,Towers with Radar,0,4,33,0,37,0,10,36,0,46,0,14,69,0,83,112,0,112,195
09/07/2022,CPS,IL,AGL,CE,Towers with Radar,0,1,34,0,35,0,45,66,0,111,0,46,100,0,146,273,0,273,419
09/08/2022,CPS,IL,AGL,CE,Towers with Radar,3,7,37,1,48,0,55,63,3,121,3,62,100,4,169,310,0,310,479
09/09/2022,CPS,IL,AGL,CE,Towers with Radar,0,7,27,2,36,0,49,64,2,115,0,56,91,4,151,308,0,308,459
09/10/2022,CPS,IL,AGL,CE,Towers with Radar,0,8,13,0,21,0,33,60,0,93,0,41,73,0,114,178,0,178,292
09/11/2022,CPS,IL,AGL,CE,Towers with Radar,2,5,21,8,36,0,11,17,0,28,2,16,38,8,64,75,0,75,139
09/12/2022,CPS,IL,AGL,CE,Towers with Radar,0,5,21,0,26,0,33,35,2,70,0,38,56,2,96,83,0,83,179
09/13/2022,CPS,IL,AGL,CE,Towers with Radar,0,2,31,0,33,0,70,72,1,143,0,72,103,1,176,307,0,307,483
09/14/2022,CPS,IL,AGL,CE,Towers with Radar,0,7,24,0,31,0,76,88,1,165,0,83,112,1,196,271,0,271,467
09/15/2022,CPS,IL,AGL,CE,Towers with Radar,0,7,27,0,34,0,49,78,1,128,0,56,105,1,162,242,0,242,404
09/16/2022,CPS,IL,AGL,CE,Towers with Radar,0,7,37,0,44,0,56,105,2,163,0,63,142,2,207,250,0,250,457
09/17/2022,CPS,IL,AGL,CE,Towers with Radar,0,14,25,0,39,0,32,63,1,96,0,46,88,1,135,113,0,113,248
09/18/2022,CPS,IL,AGL,CE,Towers with Radar,0,11,29,0,40,0,5,101,0,106,0,16,130,0,146,48,0,48,194
09/19/2022,CPS,IL,AGL,CE,Towers with Radar,1,2,16,0,19,0,32,71,2,105,1,34,87,2,124,170,0,170,294
09/20/2022,CPS,IL,AGL,CE,Towers with Radar,0,9,16,0,25,0,48,64,1,113,0,57,80,1,138,297,0,297,435
09/21/2022,CPS,IL,AGL,CE,Towers with Radar,0,9,30,0,39,0,50,62,2,114,0,59,92,2,153,254,0,254,407
09/22/2022,CPS,IL,AGL,CE,Towers with Radar,0,3,31,0,34,0,46,68,1,115,0,49,99,1,149,220,0,220,369
09/23/2022,CPS,IL,AGL,CE,Towers with Radar,0,3,36,2,41,0,38,41,5,84,0,41,77,7,125,163,1,164,289
09/24/2022,CPS,IL,AGL,CE,Towers with Radar,0,0,21,1,22,0,33,64,2,99,0,33,85,3,121,165,0,165,286
09/25/2022,CPS,IL,AGL,CE,Towers with Radar,0,1,14,5,20,0,12,53,0,65,0,13,67,5,85,53,0,53,138
09/26/2022,CPS,IL,AGL,CE,Towers with Radar,0,5,9,0,14,0,13,53,0,66,0,18,62,0,80,65,0,65,145
09/27/2022,CPS,IL,AGL,CE,Towers with Radar,0,4,27,1,32,0,56,80,0,136,0,60,107,1,168,338,0,338,506
09/28/2022,CPS,IL,AGL,CE,Towers with Radar,0,6,22,8,36,0,60,73,2,135,0,66,95,10,171,243,0,243,414
09/29/2022,CPS,IL,AGL,CE,Towers with Radar,1,2,38,1,42,0,44,70,1,115,1,46,108,2,157,380,0,380,537
09/30/2022,CPS,IL,AGL,CE,Towers with Radar,0,13,31,0,44,0,69,81,0,150,0,82,112,0,194,250,0,250,444
10/01/2022,CPS,IL,AGL,CE,Towers with Radar,0,0,23,1,24,0,26,55,2,83,0,26,78,3,107,206,0,206,313
10/02/2022,CPS,IL,AGL,CE,Towers with Radar,2,9,44,0,55,0,9,66,3,78,2,18,110,3,133,150,0,150,283
10/03/2022,CPS,IL,AGL,CE,Towers with Radar,0,4,22,2,28,0,46,49,2,97,0,50,71,4,125,213,0,213,338
10/04/2022,CPS,IL,AGL,CE,Towers with Radar,1,6,26,0,33,0,48,92,0,140,1,54,118,0,173,225,0,225,398
10/05/2022,CPS,IL,AGL,CE,Towers with Radar,2,3,32,3,40,0,66,75,0,141,2,69,107,3,181,241,0,241,422
10/06/2022,CPS,IL,AGL,CE,Towers with Radar,2,4,32,0,38,0,78,91,2,171,2,82,123,2,209,264,0,264,473
10/07/2022,CPS,IL,AGL,CE,Towers with Radar,0,14,45,2,61,0,71,72,0,143,0,85,117,2,204,142,0,142,346
10/08/2022,CPS,IL,AGL,CE,Towers with Radar,2,3,18,0,23,0,49,63,0,112,2,52,81,0,135,148,0,148,283
10/09/2022,CPS,IL,AGL,CE,Towers with Radar,4,4,30,0,38,0,13,86,2,101,4,17,116,2,139,76,0,76,215
10/10/2022,CPS,IL,AGL,CE,Towers with Radar,0,3,22,1,26,0,62,82,0,144,0,65,104,1,170,314,0,314,484
10/11/2022,CPS,IL,AGL,CE,Towers with Radar,0,7,21,0,28,0,33,28,0,61,0,40,49,0,89,139,0,139,228
10/12/2022,CPS,IL,AGL,CE,Towers with Radar,0,4,19,2,25,0,11,29,0,40,0,15,48,2,65,99,0,99,164
10/13/2022,CPS,IL,AGL,CE,Towers with Radar,0,5,33,0,38,0,32,48,0,80,0,37,81,0,118,121,0,121,239
10/14/2022,CPS,IL,AGL,CE,Towers with Radar,0,4,29,0,33,0,20,48,0,68,0,24,77,0,101,86,0,86,187
10/15/2022,CPS,IL,AGL,CE,Towers with Radar,0,1,18,0,19,0,45,83,0,128,0,46,101,0,147,197,0,197,344
10/16/2022,CPS,IL,AGL,CE,Towers with Radar,0,5,18,1,24,0,5,64,2,71,0,10,82,3,95,55,0,55,150
10/17/2022,CPS,IL,AGL,CE,Towers with Radar,0,11,18,1,30,0,3,43,0,46,0,14,61,1,76,56,0,56,132
10/18/2022,CPS,IL,AGL,CE,Towers with Radar,0,6,20,4,30,0,25,41,4,70,0,31,61,8,100,68,0,68,168
10/19/2022,CPS,IL,AGL,CE,Towers with Radar,0,5,23,2,30,0,53,63,1,117,0,58,86,3,147,186,0,186,333
10/20/2022,CPS,IL,AGL,CE,Towers with Radar,0,6,30,4,40,0,35,58,2,95,0,41,88,6,135,182,0,182,317
10/21/2022,CPS,IL,AGL,CE,Towers with Radar,0,2,24,0,26,0,61,53,0,114,0,63,77,0,140,144,40,184,324
10/22/2022,CPS,IL,AGL,CE,Towers with Radar,0,1,14,0,15,0,30,44,1,75,0,31,58,1,90,57,0,57,147
10/23/2022,CPS,IL,AGL,CE,Towers with Radar,0,14,16,0,30,0,15,34,1,50,0,29,50,1,80,17,0,17,97
10/24/2022,CPS,IL,AGL,CE,Towers with Radar,0,3,14,0,17,0,14,31,0,45,0,17,45,0,62,48,0,48,110
10/25/2022,CPS,IL,AGL,CE,Towers with Radar,2,5,10,1,18,0,0,0,0,0,2,5,10,1,18,0,0,0,18
10/26/2022,CPS,IL,AGL,CE,Towers with Radar,0,2,30,0,32,0,79,104,0,183,0,81,134,0,215,173,0,173,388
10/27/2022,CPS,IL,AGL,CE,Towers with Radar,0,7,19,0,26,0,65,80,1,146,0,72,99,1,172,291,0,291,463
10/28/2022,CPS,IL,AGL,CE,Towers with Radar,0,4,22,0,26,0,12,74,0,86,0,16,96,0,112,128,0,128,240
10/29/2022,CPS,IL,AGL,CE,Towers with Radar,0,2,16,0,18,0,9,71,0,80,0,11,87,0,98,112,0,112,210
10/30/2022,CPS,IL,AGL,CE,Towers with Radar,1,0,13,0,14,0,0,0,0,0,1,0,13,0,14,0,0,0,14
10/31/2022,CPS,IL,AGL,CE,Towers with Radar,0,2,17,0,19,0,2,5,0,7,0,4,22,0,26,72,0,72,98
11/01/2022,CPS,IL,AGL,CE,Towers with Radar,0,2,25,0,27,0,40,65,1,106,0,42,90,1,133,180,0,180,313
11/02/2022,CPS,IL,AGL,CE,Towers with Radar,0,1,28,0,29,0,82,68,0,150,0,83,96,0,179,333,0,333,512
11/03/2022,CPS,IL,AGL,CE,Towers with Radar,0,0,22,0,22,0,44,60,5,109,0,44,82,5,131,210,0,210,341
11/04/2022,CPS,IL,AGL,CE,Towers with Radar,0,7,11,0,18,0,15,31,3,49,0,22,42,3,67,64,0,64,131
11/05/2022,CPS,IL,AGL,CE,Towers with Radar,0,1,4,0,5,0,2,10,2,14,0,3,14,2,19,14,0,14,33
11/06/2022,CPS,IL,AGL,CE,Towers with Radar,0,5,16,0,21,0,19,82,0,101,0,24,98,0,122,246,0,246,368
11/07/2022,CPS,IL,AGL,CE,Towers with Radar,0,5,10,0,15,0,42,69,4,115,0,47,79,4,130,106,0,106,236
11/08/2022,CPS,IL,AGL,CE,Towers with Radar,0,3,27,0,30,0,82,57,0,139,0,85,84,0,169,315,0,315,484
11/09/2022,CPS,IL,AGL,CE,Towers with Radar,1,3,29,1,34,0,102,86,1,189,1,105,115,2,223,293,0,293,516
11/10/2022,CPS,IL,AGL,CE,Towers with Radar,0,8,21,0,29,0,60,64,0,124,0,68,85,0,153,191,0,191,344
11/11/2022,CPS,IL,AGL,CE,Towers with Radar,0,3,34,0,37,0,9,32,0,41,0,12,66,0,78,117,0,117,195
11/12/2022,CPS,IL,AGL,CE,Towers with Radar,0,6,10,0,16,0,14,16,0,30,0,20,26,0,46,44,0,44,90
11/13/2022,CPS,IL,AGL,CE,Towers with Radar,0,15,21,0,36,0,6,82,1,89,0,21,103,1,125,101,0,101,226
11/14/2022,CPS,IL,AGL,CE,Towers with Radar,0,7,15,3,25,0,54,45,3,102,0,61,60,6,127,298,6,304,431
11/15/2022,CPS,IL,AGL,CE,Towers with Radar,0,3,17,0,20,0,4,12,0,16,0,7,29,0,36,40,0,40,76
11/16/2022,CPS,IL,AGL,CE,Towers with Radar,1,2,22,0,25,0,42,53,0,95,1,44,75,0,120,172,0,172,292
11/17/2022,CPS,IL,AGL,CE,Towers with Radar,1,10,43,0,54,0,65,76,1,142,1,75,119,1,196,339,0,339,535
11/18/2022,CPS,IL,AGL,CE,Towers with Radar,0,11,34,0,45,0,51,49,0,100,0,62,83,0,145,151,0,151,296
11/19/2022,CPS,IL,AGL,CE,Towers with Radar,0,0,12,0,12,0,25,39,0,64,0,25,51,0,76,27,0,27,103
11/20/2022,CPS,IL,AGL,CE,Towers with Radar,0,0,14,0,14,0,4,62,0,66,0,4,76,0,80,135,0,135,215
11/21/2022,CPS,IL,AGL,CE,Towers with Radar,1,1,23,0,25,0,53,65,0,118,1,54,88,0,143,206,0,206,349
11/22/2022,CPS,IL,AGL,CE,Towers with Radar,0,2,14,0,16,0,58,83,0,141,0,60,97,0,157,202,0,202,359
11/23/2022,CPS,IL,AGL,CE,Towers with Radar,0,0,17,3,20,0,29,58,0,87,0,29,75,3,107,151,0,151,258
11/24/2022,CPS,IL,AGL,CE,Towers with Radar,0,0,8,0,8,0,2,7,0,9,0,2,15,0,17,10,0,10,27
11/25/2022,CPS,IL,AGL,CE,Towers with Radar,0,0,11,0,11,0,7,36,1,44,0,7,47,1,55,22,0,22,77
11/26/2022,CPS,IL,AGL,CE,Towers with Radar,0,1,15,0,16,0,2,17,0,19,0,3,32,0,35,20,0,20,55
11/27/2022,CPS,IL,AGL,CE,Towers with Radar,0,6,11,0,17,1,1,2,1,5,1,7,13,1,22,0,0,0,22
11/28/2022,CPS,IL,AGL,CE,Towers with Radar,0,3,21,0,24,0,28,57,1,86,0,31,78,1,110,338,0,338,448
11/29/2022,CPS,IL,AGL,CE,Towers with Radar,0,4,21,0,25,0,9,19,0,28,0,13,40,0,53,7,0,7,60
11/30/2022,CPS,IL,AGL,CE,Towers with Radar,0,10,32,0,42,0,36,66,1,103,0,46,98,1,145,161,0,161,306
12/01/2022,CPS,IL,AGL,CE,Towers with Radar,0,6,30,0,36,0,76,68,2,146,0,82,98,2,182,246,0,246,428
12/02/2022,CPS,IL,AGL,CE,Towers with Radar,0,6,21,0,27,0,7,13,0,20,0,13,34,0,47,16,0,16,63
12/03/2022,CPS,IL,AGL,CE,Towers with Radar,0,5,7,0,12,0,45,86,0,131,0,50,93,0,143,259,0,259,402
12/04/2022,CPS,IL,AGL,CE,Towers with Radar,0,6,15,0,21,0,6,99,0,105,0,12,114,0,126,161,0,161,287
12/05/2022,CPS,IL,AGL,CE,Towers with Radar,0,6,31,0,37,0,23,33,0,56,0,29,64,0,93,181,0,181,274
12/06/2022,CPS,IL,AGL,CE,Towers with Radar,1,7,14,2,24,0,0,1,0,1,1,7,15,2,25,0,0,0,25
12/07/2022,CPS,IL,AGL,CE,Towers with Radar,1,16,26,0,43,0,22,22,0,44,1,38,48,0,87,207,0,207,294
12/08/2022,CPS,IL,AGL,CE,Towers with Radar,0,1,26,2,29,0,0,0,0,0,0,1,26,2,29,0,0,0,29
12/09/2022,CPS,IL,AGL,CE,Towers with Radar,0,5,18,1,24,0,14,9,0,23,0,19,27,1,47,225,0,225,272
12/10/2022,CPS,IL,AGL,CE,Towers with Radar,2,0,18,0,20,0,2,8,0,10,2,2,26,0,30,57,0,57,87
12/11/2022,CPS,IL,AGL,CE,Towers with Radar,2,6,8,0,16,0,1,11,0,12,2,7,19,0,28,205,0,205,233
12/12/2022,CPS,IL,AGL,CE,Towers with Radar,0,7,8,0,15,0,5,40,0,45,0,12,48,0,60,229,0,229,289
12/13/2022,CPS,IL,AGL,CE,Towers with Radar,0,2,11,0,13,0,3,8,0,11,0,5,19,0,24,56,0,56,80
12/14/2022,CPS,IL,AGL,CE,Towers with Radar,0,5,19,0,24,0,11,16,2,29,0,16,35,2,53,146,0,146,199
12/15/2022,CPS,IL,AGL,CE,Towers with Radar,0,7,23,1,31,0,42,45,0,87,0,49,68,1,118,204,0,204,322
12/16/2022,CPS,IL,AGL,CE,Towers with Radar,0,5,26,0,31,0,12,34,0,46,0,17,60,0,77,74,0,74,151
12/17/2022,CPS,IL,AGL,CE,Towers with Radar,0,0,24,0,24,0,16,34,0,50,0,16,58,0,74,98,0,98,172
12/18/2022,CPS,IL,AGL,CE,Towers with Radar,0,0,21,0,21,0,7,64,0,71,0,7,85,0,92,147,0,147,239
12/19/2022,CPS,IL,AGL,CE,Towers with Radar,0,0,14,0,14,0,59,39,0,98,0,59,53,0,112,276,0,276,388
12/20/2022,CPS,IL,AGL,CE,Towers with Radar,0,6,11,2,19,0,34,61,2,97,0,40,72,4,116,221,0,221,337
12/21/2022,CPS,IL,AGL,CE,Towers with Radar,0,6,24,6,36,0,15,37,2,54,0,21,61,8,90,198,0,198,288
12/22/2022,CPS,IL,AGL,CE,Towers with Radar,0,1,7,0,8,0,1,4,0,5,0,2,11,0,13,0,0,0,13
12/23/2022,CPS,IL,AGL,CE,Towers with Radar,0,0,1,0,1,0,2,5,0,7,0,2,6,0,8,0,0,0,8
12/24/2022,CPS,IL,AGL,CE,Towers with Radar,0,2,2,0,4,0,1,10,0,11,0,3,12,0,15,0,0,0,15
12/25/2022,CPS,IL,AGL,CE,Towers with Radar,0,0,3,0,3,0,8,10,0,18,0,8,13,0,21,20,0,20,41
12/26/2022,CPS,IL,AGL,CE,Towers with Radar,0,2,11,0,13,0,0,2,0,2,0,2,13,0,15,2,0,2,17
12/27/2022,CPS,IL,AGL,CE,Towers with Radar,0,9,15,0,24,0,9,68,0,77,0,18,83,0,101,115,0,115,216
12/28/2022,CPS,IL,AGL,CE,Towers with Radar,0,2,20,0,22,0,5,31,0,36,0,7,51,0,58,34,0,34,92
12/29/2022,CPS,IL,AGL,CE,Towers with Radar,0,5,10,0,15,0,1,13,0,14,0,6,23,0,29,23,0,23,52
12/30/2022,CPS,IL,AGL,CE,Towers with Radar,2,6,20,0,28,0,2,28,0,30,2,8,48,0,58,92,0,92,150
12/31/2022,CPS,IL,AGL,CE,Towers with Radar,1,4,9,0,14,0,5,45,0,50,1,9,54,0,64,94,0,94,158
01/01/2023,CPS,IL,AGL,CE,Towers with Radar,0,2,13,0,15,0,4,26,0,30,0,6,39,0,45,66,0,66,111
01/02/2023,CPS,IL,AGL,CE,Towers with Radar,0,3,14,0,17,0,1,0,0,1,0,4,14,0,18,0,0,0,18
01/03/2023,CPS,IL,AGL,CE,Towers with Radar,0,7,19,0,26,0,16,32,0,48,0,23,51,0,74,167,0,167,241
01/04/2023,CPS,IL,AGL,CE,Towers with Radar,0,1,17,0,18,0,32,22,2,56,0,33,39,2,74,155,0,155,229
01/05/2023,CPS,IL,AGL,CE,Towers with Radar,0,1,23,0,24,0,28,33,0,61,0,29,56,0,85,258,0,258,343
01/06/2023,CPS,IL,AGL,CE,Towers with Radar,0,4,27,2,33,0,51,61,0,112,0,55,88,2,145,389,0,389,534
01/07/2023,CPS,IL,AGL,CE,Towers with Radar,0,5,21,0,26,0,6,73,3,82,0,11,94,3,108,102,0,102,210
01/08/2023,CPS,IL,AGL,CE,Towers with Radar,0,7,13,0,20,0,1,13,0,14,0,8,26,0,34,37,0,37,71
01/09/2023,CPS,IL,AGL,CE,Towers with Radar,0,2,20,0,22,0,36,62,4,102,0,38,82,4,124,282,2,284,408
01/10/2023,CPS,IL,AGL,CE,Towers with Radar,0,1,28,0,29,0,38,62,0,100,0,39,90,0,129,340,0,340,469
01/11/2023,CPS,IL,AGL,CE,Towers with Radar,0,6,33,4,43,4,35,51,0,90,4,41,84,4,133,245,0,245,378
01/12/2023,CPS,IL,AGL,CE,Towers with Radar,0,7,14,0,21,0,1,1,0,2,0,8,15,0,23,23,0,23,46
01/13/2023,CPS,IL,AGL,CE,Towers with Radar,0,4,15,0,19,0,20,22,0,42,0,24,37,0,61,174,0,174,235
01/14/2023,CPS,IL,AGL,CE,Towers with Radar,1,6,9,2,18,0,5,63,0,68,1,11,72,2,86,235,0,235,321
01/15/2023,CPS,IL,AGL,CE,Towers with Radar,0,2,6,0,8,0,18,37,0,55,0,20,43,0,63,42,0,42,105
01/16/2023,CPS,IL,AGL,CE,Towers with Radar,1,4,9,0,14,0,4,12,0,16,1,8,21,0,30,32,0,32,62
01/17/2023,CPS,IL,AGL,CE,Towers with Radar,0,6,31,0,37,0,35,57,0,92,0,41,88,0,129,285,0,285,414
01/18/2023,CPS,IL,AGL,CE,Towers with Radar,0,9,9,0,18,0,1,5,0,6,0,10,14,0,24,8,0,8,32
01/19/2023,CPS,IL,AGL,CE,Towers with Radar,0,4,15,0,19,0,9,8,0,17,0,13,23,0,36,12,0,12,48
01/20/2023,CPS,IL,AGL,CE,Towers with Radar,0,1,28,0,29,0,40,42,0,82,0,41,70,0,111,301,0,301,412
01/21/2023,CPS,IL,AGL,CE,Towers with Radar,0,1,22,0,23,0,35,82,0,117,0,36,104,0,140,257,0,257,397
01/22/2023,CPS,IL,AGL,CE,Towers with Radar,0,0,5,0,5,0,0,1,0,1,0,0,6,0,6,0,0,0,6
01/23/2023,CPS,IL,AGL,CE,Towers with Radar,0,8,21,0,29,0,36,48,0,84,0,44,69,0,113,205,0,205,318
01/24/2023,CPS,IL,AGL,CE,Towers with Radar,0,4,18,3,25,0,63,58,1,122,0,67,76,4,147,327,0,327,474
01/25/2023,CPS,IL,AGL,CE,Towers with Radar,0,0,6,0,6,0,5,10,0,15,0,5,16,0,21,6,0,6,27
01/26/2023,CPS,IL,AGL,CE,Towers with Radar,0,10,26,0,36,0,51,39,0,90,0,61,65,0,126,147,0,147,273
01/27/2023,CPS,IL,AGL,CE,Towers with Radar,0,5,11,0,16,0,6,36,0,42,0,11,47,0,58,70,0,70,128
01/28/2023,CPS,IL,AGL,CE,Towers with Radar,0,4,20,0,24,0,16,40,6,62,0,20,60,6,86,154,0,154,240
01/29/2023,CPS,IL,AGL,CE,Towers with Radar,0,2,10,0,12,0,1,6,0,7,0,3,16,0,19,0,0,0,19
01/30/2023,CPS,IL,AGL,CE,Towers with Radar,0,2,6,0,8,0,1,6,0,7,0,3,12,0,15,0,0,0,15
01/31/2023,CPS,IL,AGL,CE,Towers with Radar,0,5,14,0,19,0,9,42,5,56,0,14,56,5,75,76,0,76,151
02/01/2023,CPS,IL,AGL,CE,Towers with Radar,0,3,25,0,28,0,26,44,2,72,0,29,69,2,100,122,0,122,222
02/02/2023,CPS,IL,AGL,CE,Towers with Radar,0,3,19,0,22,0,61,61,0,122,0,64,80,0,144,301,0,301,445
02/03/2023,CPS,IL,AGL,CE,Towers with Radar,0,3,27,4,34,0,41,59,0,100,0,44,86,4,134,197,0,197,331
02/04/2023,CPS,IL,AGL,CE,Towers with Radar,0,4,12,0,16,0,18,30,0,48,0,22,42,0,64,48,0,48,112
02/05/2023,CPS,IL,AGL,CE,Towers with Radar,0,1,14,0,15,0,25,85,0,110,0,26,99,0,125,144,0,144,269
02/06/2023,CPS,IL,AGL,CE,Towers with Radar,1,0,17,0,18,0,29,38,0,67,1,29,55,0,85,68,0,68,153
02/07/2023,CPS,IL,AGL,CE,Towers with Radar,0,7,20,0,27,0,65,48,0,113,0,72,68,0,140,261,0,261,401
02/08/2023,CPS,IL,AGL,CE,Towers with Radar,0,7,24,0,31,0,28,23,2,53,0,35,47,2,84,236,0,236,320
02/09/2023,CPS,IL,AGL,CE,Towers with Radar,0,2,18,0,20,0,4,16,1,21,0,6,34,1,41,14,0,14,55
02/10/2023,CPS,IL,AGL,CE,Towers with Radar,0,6,32,2,40,0,32,34,2,68,0,38,66,4,108,225,0,225,333
02/11/2023,CPS,IL,AGL,CE,Towers with Radar,0,1,22,0,23,0,36,81,3,120,0,37,103,3,143,242,0,242,385
02/12/2023,CPS,IL,AGL,CE,Towers with Radar,0,3,19,0,22,0,10,69,1,80,0,13,88,1,102,195,0,195,297
02/13/2023,CPS,IL,AGL,CE,Towers with Radar,0,3,9,0,12,0,41,72,1,114,0,44,81,1,126,306,0,306,432
02/14/2023,CPS,IL,AGL,CE,Towers with Radar,0,6,11,1,18,0,5,10,2,17,0,11,21,3,35,59,0,59,94
02/15/2023,CPS,IL,AGL,CE,Towers with Radar,2,0,33,3,38,0,66,51,0,117,2,66,84,3,155,360,0,360,515
02/16/2023,CPS,IL,AGL,CE,Towers with Radar,0,4,13,1,18,0,2,6,0,8,0,6,19,1,26,0,0,0,26
02/17/2023,CPS,IL,AGL,CE,Towers with Radar,1,7,38,0,46,0,47,52,0,99,1,54,90,0,145,357,0,357,502
02/18/2023,CPS,IL,AGL,CE,Towers with Radar,1,1,24,2,28,0,30,54,0,84,1,31,78,2,112,199,0,199,311
02/19/2023,CPS,IL,AGL,CE,Towers with Radar,0,1,10,0,11,0,3,68,1,72,0,4,78,1,83,48,0,48,131
02/20/2023,CPS,IL,AGL,CE,Towers with Radar,0,7,23,0,30,0,44,88,3,135,0,51,111,3,165,256,0,256,421
02/21/2023,CPS,IL,AGL,CE,Towers with Radar,0,12,14,0,26,0,71,64,0,135,0,83,78,0,161,375,0,375,536
02/22/2023,CPS,IL,AGL,CE,Towers with Radar,0,3,9,0,12,0,8,24,0,32,0,11,33,0,44,20,0,20,64
02/23/2023,CPS,IL,AGL,CE,Towers with Radar,1,6,44,0,51,0,49,28,1,78,1,55,72,1,129,276,0,276,405
02/24/2023,CPS,IL,AGL,CE,Towers with Radar,2,3,35,0,40,0,69,62,1,132,2,72,97,1,172,384,0,384,556
02/25/2023,CPS,IL,AGL,CE,Towers with Radar,1,1,13,0,15,0,47,66,0,113,1,48,79,0,128,406,0,406,534
02/26/2023,CPS,IL,AGL,CE,Towers with Radar,0,3,16,0,19,0,13,50,0,63,0,16,66,0,82,188,0,188,270
02/27/2023,CPS,IL,AGL,CE,Towers with Radar,1,4,2,0,7,0,2,2,0,4,1,6,4,0,11,0,0,0,11
02/28/2023,CPS,IL,AGL,CE,Towers with Radar,0,2,36,4,42,0,58,63,0,121,0,60,99,4,163,501,0,501,664
03/01/2023,CPS,IL,AGL,CE,Towers with Radar,0,4,26,0,30,0,56,76,4,136,0,60,102,4,166,561,0,561,727
03/02/2023,CPS,IL,AGL,CE,Towers with Radar,0,5,34,2,41,0,19,49,4,72,0,24,83,6,113,338,0,338,451
03/03/2023,CPS,IL,AGL,CE,Towers with Radar,0,1,18,2,21,0,0,1,0,1,0,1,19,2,22,4,0,4,26
03/04/2023,CPS,IL,AGL,CE,Towers with Radar,0,7,20,0,27,0,42,82,0,124,0,49,102,0,151,271,0,271,422
03/05/2023,CPS,IL,AGL,CE,Towers with Radar,0,2,21,0,23,0,14,48,0,62,0,16,69,0,85,159,0,159,244
03/06/2023,CPS,IL,AGL,CE,Towers with Radar,0,8,22,0,30,2,39,55,2,98,2,47,77,2,128,201,0,201,329
03/07/2023,CPS,IL,AGL,CE,Towers with Radar,0,6,16,0,22,0,32,28,2,62,0,38,44,2,84,271,0,271,355
03/08/2023,CPS,IL,AGL,CE,Towers with Radar,0,5,16,2,23,0,18,21,2,41,0,23,37,4,64,200,0,200,264
03/09/2023,CPS,IL,AGL,CE,Towers with Radar,1,1,22,0,24,0,52,23,0,75,1,53,45,0,99,274,0,274,373
03/10/2023,CPS,IL,AGL,CE,Towers with Radar,0,3,27,5,35,0,36,45,0,81,0,39,72,5,116,188,0,188,304
03/11/2023,CPS,IL,AGL,CE,Towers with Radar,0,4,10,0,14,0,18,38,0,56,0,22,48,0,70,131,0,131,201
03/12/2023,CPS,IL,AGL,CE,Towers with Radar,0,4,6,8,18,0,5,39,0,44,0,9,45,8,62,112,0,112,174
03/13/2023,CPS,IL,AGL,CE,Towers with Radar,0,5,18,1,24,0,18,49,3,70,0,23,67,4,94,116,9,125,219
03/14/2023,CPS,IL,AGL,CE,Towers with Radar,1,1,35,0,37,0,42,79,0,121,1,43,114,0,158,346,0,346,504
03/15/2023,CPS,IL,AGL,CE,Towers with Radar,0,5,33,2,40,0,48,78,0,126,0,53,111,2,166,256,0,256,422
03/16/2023,CPS,IL,AGL,CE,Towers with Radar,0,0,10,0,10,0,5,17,0,22,0,5,27,0,32,47,0,47,79
03/17/2023,CPS,IL,AGL,CE,Towers with Radar,0,0,8,0,8,0,10,24,0,34,0,10,32,0,42,58,0,58,100
03/18/2023,CPS,IL,AGL,CE,Towers with Radar,2,2,15,0,19,0,12,36,0,48,2,14,51,0,67,10,0,10,77
03/19/2023,CPS,IL,AGL,CE,Towers with Radar,2,9,7,0,18,0,15,81,1,97,2,24,88,1,115,171,0,171,286
03/20/2023,CPS,IL,AGL,CE,Towers with Radar,0,5,14,0,19,0,24,60,0,84,0,29,74,0,103,96,0,96,199
03/21/2023,CPS,IL,AGL,CE,Towers with Radar,0,5,7,0,12,0,25,16,0,41,0,30,23,0,53,184,0,184,237
03/22/2023,CPS,IL,AGL,CE,Towers with Radar,0,5,33,0,38,0,0,10,0,10,0,5,43,0,48,50,0,50,98
03/23/2023,CPS,IL,AGL,CE,Towers with Radar,0,10,17,0,27,0,3,10,0,13,0,13,27,0,40,79,0,79,119
03/24/2023,CPS,IL,AGL,CE,Towers with Radar,0,7,6,0,13,0,0,0,0,0,0,7,6,0,13,0,0,0,13
03/25/2023,CPS,IL,AGL,CE,Towers with Radar,0,3,13,0,16,0,19,41,0,60,0,22,54,0,76,213,0,213,289
03/26/2023,CPS,IL,AGL,CE,Towers with Radar,0,15,25,0,40,0,35,93,0,128,0,50,118,0,168,245,2,247,415
03/27/2023,CPS,IL,AGL,CE,Towers with Radar,2,9,14,0,25,0,44,63,0,107,2,53,77,0,132,348,85,433,565
03/28/2023,CPS,IL,AGL,CE,Towers with Radar,1,8,7,1,17,0,17,51,2,70,1,25,58,3,87,267,0,267,354
03/29/2023,CPS,IL,AGL,CE,Towers with Radar,0,4,26,5,35,0,71,77,2,150,0,75,103,7,185,448,0,448,633
03/30/2023,CPS,IL,AGL,CE,Towers with Radar,0,24,24,0,48,0,52,90,0,142,0,76,114,0,190,290,0,290,480
03/31/2023,CPS,IL,AGL,CE,Towers with Radar,2,2,7,2,13,0,3,20,1,24,2,5,27,3,37,16,6,22,59
04/01/2023,CPS,IL,AGL,CE,Towers with Radar,2,4,11,1,18,0,3,8,0,11,2,7,19,1,29,43,0,43,72
04/02/2023,CPS,IL,AGL,CE,Towers with Radar,5,4,19,0,28,0,24,74,0,98,5,28,93,0,126,258,0,258,384
04/03/2023,CPS,IL,AGL,CE,Towers with Radar,2,2,14,0,18,0,42,46,0,88,2,44,60,0,106,138,0,138,244
04/04/2023,CPS,IL,AGL,CE,Towers with Radar,0,3,14,0,17,0,11,23,0,34,0,14,37,0,51,48,0,48,99
04/05/2023,CPS,IL,AGL,CE,Towers with Radar,4,1,19,1,25,0,20,31,0,51,4,21,50,1,76,104,1,105,181
04/06/2023,CPS,IL,AGL,CE,Towers with Radar,2,8,14,4,28,0,86,102,0,188,2,94,116,4,216,375,0,375,591
04/07/2023,CPS,IL,AGL,CE,Towers with Radar,0,1,19,0,20,0,12,79,0,91,0,13,98,0,111,257,0,257,368
04/08/2023,CPS,IL,AGL,CE,Towers with Radar,2,2,19,0,23,0,10,91,1,102,2,12,110,1,125,218,0,218,343
04/09/2023,CPS,IL,AGL,CE,Towers with Radar,0,0,13,0,13,0,5,48,0,53,0,5,61,0,66,105,0,105,171
04/10/2023,CPS,IL,AGL,CE,Towers with Radar,0,12,16,0,28,0,47,187,0,234,0,59,203,0,262,311,0,311,573
04/11/2023,CPS,IL,AGL,CE,Towers with Radar,1,13,19,0,33,0,79,86,1,166,1,92,105,1,199,350,0,350,549
04/12/2023,CPS,IL,AGL,CE,Towers with Radar,3,8,27,0,38,0,63,85,0,148,3,71,112,0,186,335,0,335,521
04/13/2023,CPS,IL,AGL,CE,Towers with Radar,0,13,19,0,32,0,61,77,0,138,0,74,96,0,170,395,0,395,565
04/14/2023,CPS,IL,AGL,CE,Towers with Radar,0,8,18,2,28,0,56,110,0,166,0,64,128,2,194,270,0,270,464
04/15/2023,CPS,IL,AGL,CE,Towers with Radar,0,9,11,0,20,0,8,52,0,60,0,17,63,0,80,107,0,107,187
04/16/2023,CPS,IL,AGL,CE,Towers with Radar,1,0,15,0,16,0,3,12,0,15,1,3,27,0,31,0,0,0,31
04/17/2023,CPS,IL,AGL,CE,Towers with Radar,0,1,21,2,24,0,7,44,10,61,0,8,65,12,85,75,0,75,160
04/18/2023,CPS,IL,AGL,CE,Towers with Radar,0,4,20,5,29,0,88,80,0,168,0,92,100,5,197,439,0,439,636
04/19/2023,CPS,IL,AGL,CE,Towers with Radar,5,7,20,0,32,0,13,40,1,54,5,20,60,1,86,42,0,42,128
04/20/2023,CPS,IL,AGL,CE,Towers with Radar,0,4,7,0,11,0,1,7,0,8,0,5,14,0,19,0,0,0,19
04/21/2023,CPS,IL,AGL,CE,Towers with Radar,0,6,23,0,29,0,78,70,2,150,0,84,93,2,179,369,0,369,548
04/22/2023,CPS,IL,AGL,CE,Towers with Radar,0,7,17,0,24,0,13,60,1,74,0,20,77,1,98,135,0,135,233
04/23/2023,CPS,IL,AGL,CE,Towers with Radar,0,7,31,0,38,0,19,72,1,92,0,26,103,1,130,168,0,168,298
04/24/2023,CPS,IL,AGL,CE,Towers with Radar,0,8,33,0,41,0,47,79,9,135,0,55,112,9,176,284,0,284,460
04/25/2023,CPS,IL,AGL,CE,Towers with Radar,0,13,22,0,35,0,60,68,3,131,0,73,90,3,166,220,0,220,386
04/26/2023,CPS,IL,AGL,CE,Towers with Radar,0,12,24,2,38,0,66,84,0,150,0,78,108,2,188,332,0,332,520
04/27/2023,CPS,IL,AGL,CE,Towers with Radar,0,2,17,1,20,0,36,55,2,93,0,38,72,3,113,391,0,391,504
04/28/2023,CPS,IL,AGL,CE,Towers with Radar,0,9,27,0,36,0,51,77,1,129,0,60,104,1,165,456,0,456,621
04/29/2023,CPS,IL,AGL,CE,Towers with Radar,0,10,16,0,26,0,27,72,0,99,0,37,88,0,125,245,0,245,370
04/30/2023,CPS,IL,AGL,CE,Towers with Radar,0,3,15,0,18,0,6,20,0,26,0,9,35,0,44,38,0,38,82
05/01/2023,CPS,IL,AGL,CE,Towers with Radar,0,3,16,0,19,0,12,21,0,33,0,15,37,0,52,33,0,33,85
05/02/2023,CPS,IL,AGL,CE,Towers with Radar,0,4,22,0,26,0,13,36,0,49,0,17,58,0,75,54,0,54,129
05/03/2023,CPS,IL,AGL,CE,Towers with Radar,0,12,35,0,47,0,59,96,4,159,0,71,131,4,206,341,0,341,547
05/04/2023,CPS,IL,AGL,CE,Towers with Radar,0,17,25,0,42,0,68,78,0,146,0,85,103,0,188,408,0,408,596
05/05/2023,CPS,IL,AGL,CE,Towers with Radar,0,6,26,0,32,0,24,32,8,64,0,30,58,8,96,110,0,110,206
05/06/2023,CPS,IL,AGL,CE,Towers with Radar,0,5,22,0,27,0,7,31,0,38,0,12,53,0,65,59,0,59,124
05/07/2023,CPS,IL,AGL,CE,Towers with Radar,2,1,19,1,23,0,5,53,1,59,2,6,72,2,82,76,0,76,158
05/08/2023,CPS,IL,AGL,CE,Towers with Radar,0,5,13,0,18,0,11,55,1,67,0,16,68,1,85,258,0,258,343
05/09/2023,CPS,IL,AGL,CE,Towers with Radar,0,16,27,0,43,0,39,78,0,117,0,55,105,0,160,315,0,315,475
05/10/2023,CPS,IL,AGL,CE,Towers with Radar,0,10,41,3,54,0,63,74,1,138,0,73,115,4,192,326,0,326,518
05/11/2023,CPS,IL,AGL,CE,Towers with Radar,0,28,36,3,67,0,27,37,3,67,0,55,73,6,134,248,1,249,383
05/12/2023,CPS,IL,AGL,CE,Towers with Radar,0,12,24,1,37,0,9,37,2,48,0,21,61,3,85,174,0,174,259
05/13/2023,CPS,IL,AGL,CE,Towers with Radar,0,4,13,0,17,0,7,28,0,35,0,11,41,0,52,93,0,93,145
05/14/2023,CPS,IL,AGL,CE,Towers with Radar,0,6,20,0,26,0,5,30,0,35,0,11,50,0,61,117,0,117,178
05/15/2023,CPS,IL,AGL,CE,Towers with Radar,1,12,22,3,38,0,9,25,2,36,1,21,47,5,74,151,0,151,225
05/16/2023,CPS,IL,AGL,CE,Towers with Radar,0,9,29,4,42,0,4,15,1,20,0,13,44,5,62,160,0,160,222
05/17/2023,CPS,IL,AGL,CE,Towers with Radar,0,6,35,0,41,0,98,101,8,207,0,104,136,8,248,300,0,300,548
05/18/2023,CPS,IL,AGL,CE,Towers with Radar,0,21,22,0,43,0,65,90,0,155,0,86,112,0,198,413,0,413,611
05/19/2023,CPS,IL,AGL,CE,Towers with Radar,0,7,27,0,34,0,21,28,0,49,0,28,55,0,83,203,0,203,286
05/20/2023,CPS,IL,AGL,CE,Towers with Radar,0,4,27,0,31,0,19,69,0,88,0,23,96,0,119,88,0,88,207
05/21/2023,CPS,IL,AGL,CE,Towers with Radar,2,5,33,0,40,0,15,70,1,86,2,20,103,1,126,154,0,154,280
05/22/2023,CPS,IL,AGL,CE,Towers with Radar,0,10,15,7,32,0,55,66,2,123,0,65,81,9,155,292,0,292,447
05/23/2023,CPS,IL,AGL,CE,Towers with Radar,0,6,23,0,29,0,56,63,0,119,0,62,86,0,148,340,0,340,488
05/24/2023,CPS,IL,AGL,CE,Towers with Radar,0,15,31,2,48,0,57,87,11,155,0,72,118,13,203,242,0,242,445
05/25/2023,CPS,IL,AGL,CE,Towers with Radar,0,12,25,0,37,0,51,86,0,137,0,63,111,0,174,177,0,177,351
05/26/2023,CPS,IL,AGL,CE,Towers with Radar,0,6,20,1,27,0,36,71,6,113,0,42,91,7,140,232,0,232,372
05/27/2023,CPS,IL,AGL,CE,Towers with Radar,0,2,14,0,16,0,6,69,0,75,0,8,83,0,91,103,0,103,194
05/28/2023,CPS,IL,AGL,CE,Towers with Radar,2,6,9,0,17,3,4,93,0,100,5,10,102,0,117,115,0,115,232
05/29/2023,CPS,IL,AGL,CE,Towers with Radar,0,0,18,0,18,0,7,101,0,108,0,7,119,0,126,196,0,196,322
05/30/2023,CPS,IL,AGL,CE,Towers with Radar,1,5,16,2,24,0,56,69,0,125,1,61,85,2,149,276,0,276,425
05/31/2023,CPS,IL,AGL,CE,Towers with Radar,0,1,26,0,27,0,47,65,0,112,0,48,91,0,139,269,0,269,408
06/01/2023,CPS,IL,AGL,CE,Towers with Radar,1,8,37,3,49,0,46,67,3,116,1,54,104,6,165,268,0,268,433
06/02/2023,CPS,IL,AGL,CE,Towers with Radar,0,18,31,4,53,0,36,61,0,97,0,54,92,4,150,224,0,224,374
06/03/2023,CPS,IL,AGL,CE,Towers with Radar,0,15,37,0,52,0,16,95,0,111,0,31,132,0,163,130,0,130,293
06/04/2023,CPS,IL,AGL,CE,Towers with Radar,0,18,42,0,60,0,5,77,0,82,0,23,119,0,142,48,0,48,190
06/05/2023,CPS,IL,AGL,CE,Towers with Radar,0,11,30,0,41,0,54,65,2,121,0,65,95,2,162,296,0,296,458
06/06/2023,CPS,IL,AGL,CE,Towers with Radar,0,6,16,2,24,0,57,73,2,132,0,63,89,4,156,274,0,274,430
06/07/2023,CPS,IL,AGL,CE,Towers with Radar,0,7,28,0,35,0,13,31,7,51,0,20,59,7,86,86,2,88,174
06/08/2023,CPS,IL,AGL,CE,Towers with Radar,0,5,19,0,24,0,73,54,3,130,0,78,73,3,154,354,0,354,508
06/09/2023,CPS,IL,AGL,CE,Towers with Radar,0,2,20,5,27,0,48,74,1,123,0,50,94,6,150,201,0,201,351
06/10/2023,CPS,IL,AGL,CE,Towers with Radar,0,7,19,0,26,0,5,71,3,79,0,12,90,3,105,110,1,111,216
06/11/2023,CPS,IL,AGL,CE,Towers with Radar,0,2,25,3,30,0,3,5,0,8,0,5,30,3,38,0,0,0,38
06/12/2023,CPS,IL,AGL,CE,Towers with Radar,0,11,31,0,42,0,44,53,1,98,0,55,84,1,140,322,0,322,462
06/13/2023,CPS,IL,AGL,CE,Towers with Radar,0,8,12,1,21,0,93,77,5,175,0,101,89,6,196,104,1,105,301
06/14/2023,CPS,IL,AGL,CE,Towers with Radar,1,9,20,1,31,0,47,63,0,110,1,56,83,1,141,296,0,296,437
06/15/2023,CPS,IL,AGL,CE,Towers with Radar,0,6,19,1,26,0,59,72,0,131,0,65,91,1,157,321,0,321,478
06/16/2023,CPS,IL,AGL,CE,Towers with Radar,0,11,34,0,45,0,52,74,3,129,0,63,108,3,174,332,0,332,506
06/17/2023,CPS,IL,AGL,CE,Towers with Radar,0,2,19,0,21,0,5,57,0,62,0,7,76,0,83,77,0,77,160
06/18/2023,CPS,IL,AGL,CE,Towers with Radar,0,7,20,1,28,0,3,24,0,27,0,10,44,1,55,20,0,20,75
06/19/2023,CPS,IL,AGL,CE,Towers with Radar,0,7,26,1,34,0,11,38,0,49,0,18,64,1,83,76,0,76,159
06/20/2023,CPS,IL,AGL,CE,Towers with Radar,0,6,24,0,30,0,54,69,0,123,0,60,93,0,153,217,0,217,370
06/21/2023,CPS,IL,AGL,CE,Towers with Radar,0,6,22,0,28,0,63,88,3,154,0,69,110,3,182,309,0,309,491
06/22/2023,CPS,IL,AGL,CE,Towers with Radar,0,6,25,0,31,0,47,93,4,144,0,53,118,4,175,327,0,327,502
06/23/2023,CPS,IL,AGL,CE,Towers with Radar,0,8,22,4,34,0,29,85,0,114,0,37,107,4,148,116,0,116,264
06/24/2023,CPS,IL,AGL,CE,Towers with Radar,0,5,9,0,14,0,6,75,2,83,0,11,84,2,97,116,0,116,213
06/25/2023,CPS,IL,AGL,CE,Towers with Radar,0,1,10,0,11,0,7,48,8,63,0,8,58,8,74,86,0,86,160
06/26/2023,CPS,IL,AGL,CE,Towers with Radar,0,7,23,2,32,0,21,46,5,72,0,28,69,7,104,49,1,50,154
06/27/2023,CPS,IL,AGL,CE,Towers with Radar,0,16,25,0,41,0,45,99,5,149,0,61,124,5,190,300,1,301,491
06/28/2023,CPS,IL,AGL,CE,Towers with Radar,1,13,28,3,45,0,9,60,3,72,1,22,88,6,117,157,0,157,274
06/29/2023,CPS,IL,AGL,CE,Towers with Radar,1,13,29,1,44,0,49,83,0,132,1,62,112,1,176,260,0,260,436
06/30/2023,CPS,IL,AGL,CE,Towers with Radar,0,7,31,0,38,0,40,62,0,102,0,47,93,0,140,299,0,299,439
07/01/2023,CPS,IL,AGL,CE,Towers with Radar,0,7,20,0,27,0,4,43,0,47,0,11,63,0,74,45,0,45,119
07/02/2023,CPS,IL,AGL,CE,Towers with Radar,3,2,19,0,24,0,3,36,0,39,3,5,55,0,63,77,0,77,140
07/03/2023,CPS,IL,AGL,CE,Towers with Radar,0,7,10,1,18,0,39,90,0,129,0,46,100,1,147,287,4,291,438
07/04/2023,CPS,IL,AGL,CE,Towers with Radar,0,2,6,0,8,2,5,69,2,78,2,7,75,2,86,326,0,326,412
07/05/2023,CPS,IL,AGL,CE,Towers with Radar,0,2,16,2,20,0,37,61,0,98,0,39,77,2,118,190,0,190,308
07/06/2023,CPS,IL,AGL,CE,Towers with Radar,0,9,36,1,46,0,62,95,5,162,0,71,131,6,208,359,0,359,567
07/07/2023,CPS,IL,AGL,CE,Towers with Radar,0,11,33,2,46,0,50,81,0,131,0,61,114,2,177,269,0,269,446
07/08/2023,CPS,IL,AGL,CE,Towers with Radar,0,6,29,0,35,0,13,39,0,52,0,19,68,0,87,71,0,71,158
07/09/2023,CPS,IL,AGL,CE,Towers with Radar,2,2,18,0,22,0,3,106,0,109,2,5,124,0,131,209,0,209,340
07/10/2023,CPS,IL,AGL,CE,Towers with Radar,0,7,15,2,24,0,60,62,3,125,0,67,77,5,149,239,0,239,388
07/11/2023,CPS,IL,AGL,CE,Towers with Radar,0,6,14,0,20,0,71,112,0,183,0,77,126,0,203,312,0,312,515
07/12/2023,CPS,IL,AGL,CE,Towers with Radar,0,10,16,0,26,0,73,78,0,151,0,83,94,0,177,351,0,351,528
07/13/2023,CPS,IL,AGL,CE,Towers with Radar,1,8,19,2,30,0,28,65,2,95,1,36,84,4,125,289,0,289,414
07/14/2023,CPS,IL,AGL,CE,Towers with Radar,0,3,22,0,25,0,45,47,0,92,0,48,69,0,117,185,0,185,302
07/15/2023,CPS,IL,AGL,CE,Towers with Radar,0,5,11,2,18,0,6,45,2,53,0,11,56,4,71,137,0,137,208
07/16/2023,CPS,IL,AGL,CE,Towers with Radar,2,2,9,0,13,0,3,52,0,55,2,5,61,0,68,123,0,123,191
07/17/2023,CPS,IL,AGL,CE,Towers with Radar,1,7,11,0,19,0,22,52,0,74,1,29,63,0,93,201,0,201,294
07/18/2023,CPS,IL,AGL,CE,Towers with Radar,0,5,15,0,20,0,17,66,0,83,0,22,81,0,103,379,0,379,482
07/19/2023,CPS,IL,AGL,CE,Towers with Radar,2,8,36,2,48,0,12,53,2,67,2,20,89,4,115,242,0,242,357
07/20/2023,CPS,IL,AGL,CE,Towers with Radar,0,7,24,0,31,0,11,50,0,61,0,18,74,0,92,254,0,254,346
07/21/2023,CPS,IL,AGL,CE,Towers with Radar,0,2,18,1,21,0,47,100,1,148,0,49,118,2,169,320,0,320,489
07/22/2023,CPS,IL,AGL,CE,Towers with Radar,0,5,14,1,20,0,9,89,0,98,0,14,103,1,118,141,0,141,259
07/23/2023,CPS,IL,AGL,CE,Towers with Radar,0,3,12,0,15,0,6,59,0,65,0,9,71,0,80,142,0,142,222
07/24/2023,CPS,IL,AGL,CE,Towers with Radar,0,6,18,0,24,0,37,60,1,98,0,43,78,1,122,256,0,256,378
07/25/2023,CPS,IL,AGL,CE,Towers with Radar,0,4,13,0,17,0,51,74,0,125,0,55,87,0,142,389,0,389,531
07/26/2023,CPS,IL,AGL,CE,Towers with Radar,0,3,13,3,19,0,12,26,2,40,0,15,39,5,59,35,0,35,94
07/27/2023,CPS,IL,AGL,CE,Towers with Radar,1,13,24,2,40,0,17,78,1,96,1,30,102,3,136,218,0,218,354
07/28/2023,CPS,IL,AGL,CE,Towers with Radar,0,8,22,15,45,0,27,67,3,97,0,35,89,18,142,228,0,228,370
07/29/2023,CPS,IL,AGL,CE,Towers with Radar,0,5,12,2,19,0,15,59,1,75,0,20,71,3,94,169,0,169,263
07/30/2023,CPS,IL,AGL,CE,Towers with Radar,1,2,18,6,27,0,9,73,10,92,1,11,91,16,119,144,0,144,263
07/31/2023,CPS,IL,AGL,CE,Towers with Radar,0,12,18,3,33,0,39,59,2,100,0,51,77,5,133,329,0,329,462
08/01/2023,CPS,IL,AGL,CE,Towers with Radar,0,12,28,1,41,0,33,84,0,117,0,45,112,1,158,231,0,231,389
08/02/2023,CPS,IL,AGL,CE,Towers with Radar,0,7,24,0,31,0,0,18,0,18,0,7,42,0,49,50,0,50,99
08/03/2023,CPS,IL,AGL,CE,Towers with Radar,0,10,30,0,40,0,9,31,0,40,0,19,61,0,80,247,0,247,327
08/04/2023,CPS,IL,AGL,CE,Towers with Radar,0,5,27,1,33,0,9,39,0,48,0,14,66,1,81,247,0,247,328
08/05/2023,CPS,IL,AGL,CE,Towers with Radar,0,0,17,1,18,0,2,40,3,45,0,2,57,4,63,126,0,126,189
08/06/2023,CPS,IL,AGL,CE,Towers with Radar,2,4,15,4,25,0,7,56,1,64,2,11,71,5,89,206,0,206,295
08/07/2023,CPS,IL,AGL,CE,Towers with Radar,0,1,30,0,31,0,24,49,0,73,0,25,79,0,104,134,0,134,238
08/08/2023,CPS,IL,AGL,CE,Towers with Radar,0,20,23,0,43,0,46,118,3,167,0,66,141,3,210,384,0,384,594
08/09/2023,CPS,IL,AGL,CE,Towers with Radar,0,3,16,0,19,0,14,22,0,36,0,17,38,0,55,100,0,100,155
08/10/2023,CPS,IL,AGL,CE,Towers with Radar,0,11,30,0,41,0,24,68,5,97,0,35,98,5,138,192,0,192,330
08/11/2023,CPS,IL,AGL,CE,Towers with Radar,0,6,23,2,31,0,25,67,2,94,0,31,90,4,125,287,0,287,412
08/12/2023,CPS,IL,AGL,CE,Towers with Radar,0,1,14,0,15,0,8,93,0,101,0,9,107,0,116,122,0,122,238
08/13/2023,CPS,IL,AGL,CE,Towers with Radar,1,6,8,0,15,0,2,37,0,39,1,8,45,0,54,80,0,80,134
08/14/2023,CPS,IL,AGL,CE,Towers with Radar,0,5,16,0,21,0,23,31,0,54,0,28,47,0,75,125,0,125,200
08/15/2023,CPS,IL,AGL,CE,Towers with Radar,0,10,31,1,42,0,21,74,0,95,0,31,105,1,137,198,0,198,335
08/16/2023,CPS,IL,AGL,CE,Towers with Radar,2,11,32,1,46,0,49,121,0,170,2,60,153,1,216,321,0,321,537
08/17/2023,CPS,IL,AGL,CE,Towers with Radar,0,13,33,2,48,0,24,79,0,103,0,37,112,2,151,250,0,250,401
08/18/2023,CPS,IL,AGL,CE,Towers with Radar,0,14,22,1,37,0,46,106,2,154,0,60,128,3,191,302,0,302,493
08/19/2023,CPS,IL,AGL,CE,Towers with Radar,0,5,13,0,18,0,17,100,4,121,0,22,113,4,139,102,0,102,241
08/20/2023,CPS,IL,AGL,CE,Towers with Radar,3,6,19,0,28,0,12,60,4,76,3,18,79,4,104,158,0,158,262
08/21/2023,CPS,IL,AGL,CE,Towers with Radar,0,4,19,0,23,0,4,22,0,26,0,8,41,0,49,102,0,102,151
08/22/2023,CPS,IL,AGL,CE,Towers with Radar,0,3,36,1,40,0,4,45,4,53,0,7,81,5,93,75,0,75,168
08/23/2023,CPS,IL,AGL,CE,Towers with Radar,0,7,26,0,33,0,8,46,0,54,0,15,72,0,87,136,2,138,225
08/24/2023,CPS,IL,AGL,CE,Towers with Radar,0,8,21,0,29,0,21,63,0,84,0,29,84,0,113,171,0,171,284
08/25/2023,CPS,IL,AGL,CE,Towers with Radar,0,4,35,0,39,0,21,58,4,83,0,25,93,4,122,106,0,106,228
08/26/2023,CPS,IL,AGL,CE,Towers with Radar,0,4,21,0,25,0,0,20,4,24,0,4,41,4,49,20,0,20,69
08/27/2023,CPS,IL,AGL,CE,Towers with Radar,3,18,35,0,56,0,6,51,5,62,3,24,86,5,118,92,0,92,210
08/28/2023,CPS,IL,AGL,CE,Towers with Radar,0,8,30,3,41,0,56,69,0,125,0,64,99,3,166,357,0,357,523
08/29/2023,CPS,IL,AGL,CE,Towers with Radar,0,13,22,3,38,0,72,95,1,168,0,85,117,4,206,329,0,329,535
08/30/2023,CPS,IL,AGL,CE,Towers with Radar,1,13,28,0,42,0,64,89,0,153,1,77,117,0,195,333,0,333,528
08/31/2023,CPS,IL,AGL,CE,Towers with Radar,0,16,25,3,44,0,78,82,2,162,0,94,107,5,206,479,0,479,685
01/01/2020,CPS,IL,AGL,CE,Towers with Radar,0,2,9,0,11,0,4,58,0,62,0,6,67,0,73,0,0,0,73
01/02/2020,CPS,IL,AGL,CE,Towers with Radar,0,1,13,0,14,0,10,39,1,50,0,11,52,1,64,101,0,101,165
01/03/2020,CPS,IL,AGL,CE,Towers with Radar,0,6,17,0,23,0,0,12,0,12,0,6,29,0,35,2,0,2,37
01/04/2020,CPS,IL,AGL,CE,Towers with Radar,0,2,10,0,12,0,7,14,0,21,0,9,24,0,33,6,0,6,39
01/05/2020,CPS,IL,AGL,CE,Towers with Radar,1,4,7,0,12,0,12,37,0,49,1,16,44,0,61,79,0,79,140
01/06/2020,CPS,IL,AGL,CE,Towers with Radar,0,5,20,1,26,0,32,57,0,89,0,37,77,1,115,125,1,126,241
01/07/2020,CPS,IL,AGL,CE,Towers with Radar,0,12,20,0,32,0,23,64,0,87,0,35,84,0,119,153,0,153,272
01/08/2020,CPS,IL,AGL,CE,Towers with Radar,2,13,24,0,39,0,31,65,1,97,2,44,89,1,136,250,0,250,386
01/09/2020,CPS,IL,AGL,CE,Towers with Radar,1,2,11,3,17,0,7,17,1,25,1,9,28,4,42,9,0,9,51
01/10/2020,CPS,IL,AGL,CE,Towers with Radar,2,0,15,0,17,0,0,2,0,2,2,0,17,0,19,6,0,6,25
01/11/2020,CPS,IL,AGL,CE,Towers with Radar,1,0,3,0,4,0,0,0,0,0,1,0,3,0,4,0,0,0,4
01/12/2020,CPS,IL,AGL,CE,Towers with Radar,0,2,8,0,10,0,11,2,0,13,0,13,10,0,23,21,0,21,44
01/13/2020,CPS,IL,AGL,CE,Towers with Radar,1,3,5,0,9,0,2,1,0,3,1,5,6,0,12,0,0,0,12
01/14/2020,CPS,IL,AGL,CE,Towers with Radar,1,5,26,3,35,7,12,47,0,66,8,17,73,3,101,339,4,343,444
01/15/2020,CPS,IL,AGL,CE,Towers with Radar,0,19,25,0,44,0,40,34,0,74,0,59,59,0,118,221,47,268,386
01/16/2020,CPS,IL,AGL,CE,Towers with Radar,2,13,11,4,30,0,86,71,3,160,2,99,82,7,190,375,0,375,565
01/17/2020,CPS,IL,AGL,CE,Towers with Radar,1,3,12,4,20,0,1,10,0,11,1,4,22,4,31,3,0,3,34
01/18/2020,CPS,IL,AGL,CE,Towers with Radar,0,4,7,1,12,0,8,5,0,13,0,12,12,1,25,16,0,16,41
01/19/2020,CPS,IL,AGL,CE,Towers with Radar,0,8,7,0,15,0,15,35,0,50,0,23,42,0,65,55,0,55,120
01/20/2020,CPS,IL,AGL,CE,Towers with Radar,0,5,18,0,23,0,5,27,0,32,0,10,45,0,55,148,0,148,203
01/21/2020,CPS,IL,AGL,CE,Towers with Radar,0,6,24,0,30,0,36,40,1,77,0,42,64,1,107,441,0,441,548
01/22/2020,CPS,IL,AGL,CE,Towers with Radar,0,3,19,0,22,0,42,38,0,80,0,45,57,0,102,418,0,418,520
01/23/2020,CPS,IL,AGL,CE,Towers with Radar,0,7,6,0,13,0,0,0,0,0,0,7,6,0,13,0,0,0,13
01/24/2020,CPS,IL,AGL,CE,Towers with Radar,0,10,13,3,26,0,0,4,0,4,0,10,17,3,30,0,0,0,30
01/25/2020,CPS,IL,AGL,CE,Towers with Radar,0,5,7,1,13,0,15,17,2,34,0,20,24,3,47,177,0,177,224
01/26/2020,CPS,IL,AGL,CE,Towers with Radar,0,12,13,2,27,0,28,70,0,98,0,40,83,2,125,172,0,172,297
01/27/2020,CPS,IL,AGL,CE,Towers with Radar,0,5,15,0,20,0,0,2,0,2,0,5,17,0,22,30,0,30,52
01/28/2020,CPS,IL,AGL,CE,Towers with Radar,0,2,9,3,14,0,1,4,0,5,0,3,13,3,19,44,0,44,63
01/29/2020,CPS,IL,AGL,CE,Towers with Radar,0,6,16,0,22,0,0,6,0,6,0,6,22,0,28,63,0,63,91
01/30/2020,CPS,IL,AGL,CE,Towers with Radar,0,4,16,0,20,0,7,17,0,24,0,11,33,0,44,106,0,106,150
01/31/2020,CPS,IL,AGL,CE,Towers with Radar,0,5,7,2,14,0,7,41,0,48,0,12,48,2,62,158,0,158,220
02/01/2020,CPS,IL,AGL,CE,Towers with Radar,0,9,13,0,22,0,61,52,0,113,0,70,65,0,135,267,0,267,402
02/02/2020,CPS,IL,AGL,CE,Towers with Radar,0,9,15,0,24,0,31,75,4,110,0,40,90,4,134,139,0,139,273
02/03/2020,CPS,IL,AGL,CE,Towers with Radar,1,6,14,1,22,0,29,66,8,103,1,35,80,9,125,220,0,220,345
02/04/2020,CPS,IL,AGL,CE,Towers with Radar,0,5,21,0,26,0,0,24,0,24,0,5,45,0,50,50,0,50,100
02/05/2020,CPS,IL,AGL,CE,Towers with Radar,1,1,3,0,5,0,2,8,0,10,1,3,11,0,15,33,0,33,48
02/06/2020,CPS,IL,AGL,CE,Towers with Radar,0,5,18,2,25,0,6,13,0,19,0,11,31,2,44,29,0,29,73
02/07/2020,CPS,IL,AGL,CE,Towers with Radar,0,12,23,0,35,0,49,59,0,108,0,61,82,0,143,372,0,372,515
02/08/2020,CPS,IL,AGL,CE,Towers with Radar,0,1,19,0,20,0,48,46,0,94,0,49,65,0,114,217,0,217,331
02/09/2020,CPS,IL,AGL,CE,Towers with Radar,0,0,7,0,7,0,0,0,0,0,0,0,7,0,7,0,0,0,7
02/10/2020,CPS,IL,AGL,CE,Towers with Radar,0,4,7,0,11,0,3,14,1,18,0,7,21,1,29,106,0,106,135
02/11/2020,CPS,IL,AGL,CE,Towers with Radar,0,18,24,0,42,0,76,43,2,121,0,94,67,2,163,369,0,369,532
02/12/2020,CPS,IL,AGL,CE,Towers with Radar,0,0,16,0,16,0,4,6,0,10,0,4,22,0,26,109,0,109,135
02/13/2020,CPS,IL,AGL,CE,Towers with Radar,0,10,10,0,20,0,18,17,2,37,0,28,27,2,57,30,0,30,87
02/14/2020,CPS,IL,AGL,CE,Towers with Radar,1,9,25,0,35,0,62,54,5,121,1,71,79,5,156,414,0,414,570
02/15/2020,CPS,IL,AGL,CE,Towers with Radar,1,7,15,0,23,0,38,40,0,78,1,45,55,0,101,128,0,128,229
02/16/2020,CPS,IL,AGL,CE,Towers with Radar,0,9,10,0,19,0,36,62,0,98,0,45,72,0,117,159,0,159,276
02/17/2020,CPS,IL,AGL,CE,Towers with Radar,1,17,10,2,30,0,1,15,0,16,1,18,25,2,46,18,0,18,64
02/18/2020,CPS,IL,AGL,CE,Towers with Radar,0,10,19,1,30,0,82,43,1,126,0,92,62,2,156,326,0,326,482
02/19/2020,CPS,IL,AGL,CE,Towers with Radar,0,11,22,1,34,0,89,74,0,163,0,100,96,1,197,462,0,462,659
02/20/2020,CPS,IL,AGL,CE,Towers with Radar,2,15,23,0,40,0,57,67,3,127,2,72,90,3,167,211,0,211,378
02/21/2020,CPS,IL,AGL,CE,Towers with Radar,0,5,28,0,33,0,69,80,1,150,0,74,108,1,183,413,0,413,596
02/22/2020,CPS,IL,AGL,CE,Towers with Radar,0,2,15,2,19,0,41,64,2,107,0,43,79,4,126,193,0,193,319
02/23/2020,CPS,IL,AGL,CE,Towers with Radar,1,4,4,0,9,0,15,46,0,61,1,19,50,0,70,75,0,75,145
02/24/2020,CPS,IL,AGL,CE,Towers with Radar,0,11,11,0,22,0,0,0,0,0,0,11,11,0,22,0,0,0,22
02/25/2020,CPS,IL,AGL,CE,Towers with Radar,0,2,17,0,19,0,0,0,0,0,0,2,17,0,19,0,0,0,19
02/26/2020,CPS,IL,AGL,CE,Towers with Radar,1,12,17,0,30,0,8,21,0,29,1,20,38,0,59,25,0,25,84
02/27/2020,CPS,IL,AGL,CE,Towers with Radar,0,8,35,8,51,0,82,91,2,175,0,90,126,10,226,354,0,354,580
02/28/2020,CPS,IL,AGL,CE,Towers with Radar,0,8,25,0,33,0,43,38,0,81,0,51,63,0,114,242,0,242,356
02/29/2020,CPS,IL,AGL,CE,Towers with Radar,0,5,17,1,23,0,52,91,2,145,0,57,108,3,168,326,0,326,494
03/01/2020,CPS,IL,AGL,CE,Towers with Radar,0,1,13,0,14,0,11,50,0,61,0,12,63,0,75,96,0,96,171
03/02/2020,CPS,IL,AGL,CE,Towers with Radar,0,8,14,0,22,0,12,25,2,39,0,20,39,2,61,187,0,187,248
03/03/2020,CPS,IL,AGL,CE,Towers with Radar,0,4,20,2,26,0,50,46,5,101,0,54,66,7,127,221,0,221,348
03/04/2020,CPS,IL,AGL,CE,Towers with Radar,0,10,14,1,25,0,69,76,2,147,0,79,90,3,172,283,0,283,455
03/05/2020,CPS,IL,AGL,CE,Towers with Radar,0,0,31,1,32,0,36,55,2,93,0,36,86,3,125,160,0,160,285
03/06/2020,CPS,IL,AGL,CE,Towers with Radar,0,8,22,2,32,0,18,57,0,75,0,26,79,2,107,69,0,69,176
03/07/2020,CPS,IL,AGL,CE,Towers with Radar,0,8,23,3,34,0,35,73,0,108,0,43,96,3,142,94,0,94,236
03/08/2020,CPS,IL,AGL,CE,Towers with Radar,0,6,8,3,17,0,8,28,1,37,0,14,36,4,54,74,0,74,128
03/09/2020,CPS,IL,AGL,CE,Towers with Radar,0,2,5,0,7,0,1,6,0,7,0,3,11,0,14,0,0,0,14
03/10/2020,CPS,IL,AGL,CE,Towers with Radar,0,15,29,0,44,0,32,37,0,69,0,47,66,0,113,292,0,292,405
03/11/2020,CPS,IL,AGL,CE,Towers with Radar,0,8,17,0,25,0,7,37,2,46,0,15,54,2,71,153,0,153,224
03/12/2020,CPS,IL,AGL,CE,Towers with Radar,1,3,18,4,26,0,2,2,1,5,1,5,20,5,31,20,0,20,51
03/13/2020,CPS,IL,AGL,CE,Towers with Radar,0,2,23,2,27,0,1,65,4,70,0,3,88,6,97,244,0,244,341
03/14/2020,CPS,IL,AGL,CE,Towers with Radar,0,8,7,0,15,0,0,0,0,0,0,8,7,0,15,0,0,0,15
03/15/2020,CPS,IL,AGL,CE,Towers with Radar,0,0,5,0,5,0,10,15,0,25,0,10,20,0,30,38,0,38,68
03/16/2020,CPS,IL,AGL,CE,Towers with Radar,0,2,4,0,6,0,0,12,0,12,0,2,16,0,18,32,0,32,50
03/17/2020,CPS,IL,AGL,CE,Towers with Radar,0,3,7,2,12,0,12,57,0,69,0,15,64,2,81,160,0,160,241
03/18/2020,CPS,IL,AGL,CE,Towers with Radar,0,0,8,0,8,0,0,4,0,4,0,0,12,0,12,36,0,36,48
03/19/2020,CPS,IL,AGL,CE,Towers with Radar,0,1,2,0,3,0,1,4,0,5,0,2,6,0,8,33,0,33,41
03/20/2020,CPS,IL,AGL,CE,Towers with Radar,0,0,12,0,12,0,0,17,0,17,0,0,29,0,29,91,0,91,120
03/21/2020,CPS,IL,AGL,CE,Towers with Radar,0,3,11,0,14,0,5,59,0,64,0,8,70,0,78,111,0,111,189
03/22/2020,CPS,IL,AGL,CE,Towers with Radar,0,0,1,0,1,0,1,4,0,5,0,1,5,0,6,42,0,42,48
03/23/2020,CPS,IL,AGL,CE,Towers with Radar,0,2,3,0,5,0,2,21,0,23,0,4,24,0,28,16,0,16,44
03/24/2020,CPS,IL,AGL,CE,Towers with Radar,0,0,1,0,1,0,0,5,0,5,0,0,6,0,6,6,0,6,12
03/25/2020,CPS,IL,AGL,CE,Towers with Radar,0,0,3,0,3,0,0,36,0,36,0,0,39,0,39,22,0,22,61
03/26/2020,CPS,IL,AGL,CE,Towers with Radar,0,0,6,0,6,0,9,42,0,51,0,9,48,0,57,148,0,148,205
03/27/2020,CPS,IL,AGL,CE,Towers with Radar,0,2,9,0,11,0,7,25,0,32,0,9,34,0,43,17,0,17,60
03/28/2020,CPS,IL,AGL,CE,Towers with Radar,0,0,1,0,1,0,0,11,0,11,0,0,12,0,12,34,0,34,46
03/29/2020,CPS,IL,AGL,CE,Towers with Radar,0,0,1,0,1,0,7,14,0,21,0,7,15,0,22,0,0,0,22
03/30/2020,CPS,IL,AGL,CE,Towers with Radar,0,4,12,0,16,0,7,58,0,65,0,11,70,0,81,43,0,43,124
03/31/2020,CPS,IL,AGL,CE,Towers with Radar,0,0,10,0,10,0,8,39,4,51,0,8,49,4,61,91,0,91,152
04/01/2020,CPS,IL,AGL,CE,Towers with Radar,0,2,3,3,8,0,2,46,0,48,0,4,49,3,56,49,0,49,105
04/02/2020,CPS,IL,AGL,CE,Towers with Radar,0,0,7,0,7,0,1,28,0,29,0,1,35,0,36,82,0,82,118
04/03/2020,CPS,IL,AGL,CE,Towers with Radar,0,0,5,0,5,0,0,32,0,32,0,0,37,0,37,57,0,57,94
04/04/2020,CPS,IL,AGL,CE,Towers with Radar,0,0,3,0,3,0,0,6,0,6,0,0,9,0,9,12,0,12,21
04/05/2020,CPS,IL,AGL,CE,Towers with Radar,0,2,7,0,9,0,6,5,0,11,0,8,12,0,20,0,0,0,20
04/06/2020,CPS,IL,AGL,CE,Towers with Radar,0,2,9,0,11,0,6,50,0,56,0,8,59,0,67,77,0,77,144
04/07/2020,CPS,IL,AGL,CE,Towers with Radar,0,2,8,0,10,0,3,40,0,43,0,5,48,0,53,36,0,36,89
04/08/2020,CPS,IL,AGL,CE,Towers with Radar,0,1,7,0,8,0,7,36,0,43,0,8,43,0,51,28,0,28,79
04/09/2020,CPS,IL,AGL,CE,Towers with Radar,0,0,10,0,10,0,7,28,0,35,0,7,38,0,45,10,0,10,55
04/10/2020,CPS,IL,AGL,CE,Towers with Radar,0,0,22,0,22,0,11,54,0,65,0,11,76,0,87,102,0,102,189
04/11/2020,CPS,IL,AGL,CE,Towers with Radar,0,1,6,0,7,0,4,20,0,24,0,5,26,0,31,75,0,75,106
04/12/2020,CPS,IL,AGL,CE,Towers with Radar,0,0,7,0,7,0,1,3,0,4,0,1,10,0,11,0,0,0,11
04/13/2020,CPS,IL,AGL,CE,Towers with Radar,0,0,7,4,11,0,3,16,0,19,0,3,23,4,30,17,0,17,47
04/14/2020,CPS,IL,AGL,CE,Towers with Radar,0,0,7,1,8,0,6,45,0,51,0,6,52,1,59,23,0,23,82
04/15/2020,CPS,IL,AGL,CE,Towers with Radar,0,2,8,0,10,0,4,43,0,47,0,6,51,0,57,41,0,41,98
04/16/2020,CPS,IL,AGL,CE,Towers with Radar,0,2,8,0,10,0,2,46,0,48,0,4,54,0,58,71,0,71,129
04/17/2020,CPS,IL,AGL,CE,Towers with Radar,0,1,26,0,27,0,2,12,0,14,0,3,38,0,41,38,0,38,79
04/18/2020,CPS,IL,AGL,CE,Towers with Radar,0,1,2,0,3,0,6,78,0,84,0,7,80,0,87,92,0,92,179
04/19/2020,CPS,IL,AGL,CE,Towers with Radar,0,0,10,0,10,0,7,36,0,43,0,7,46,0,53,96,0,96,149
04/20/2020,CPS,IL,AGL,CE,Towers with Radar,0,0,3,0,3,0,4,70,0,74,0,4,73,0,77,73,0,73,150
04/21/2020,CPS,IL,AGL,CE,Towers with Radar,0,0,21,0,21,0,6,83,0,89,0,6,104,0,110,79,0,79,189
04/22/2020,CPS,IL,AGL,CE,Towers with Radar,0,3,10,0,13,0,2,30,0,32,0,5,40,0,45,59,0,59,104
04/23/2020,CPS,IL,AGL,CE,Towers with Radar,0,4,14,2,20,0,5,13,0,18,0,9,27,2,38,36,0,36,74
04/24/2020,CPS,IL,AGL,CE,Towers with Radar,0,0,11,0,11,0,5,54,0,59,0,5,65,0,70,80,0,80,150
04/25/2020,CPS,IL,AGL,CE,Towers with Radar,0,0,9,0,9,0,2,0,0,2,0,2,9,0,11,4,0,4,15
04/26/2020,CPS,IL,AGL,CE,Towers with Radar,0,0,9,0,9,0,12,71,0,83,0,12,80,0,92,80,0,80,172
04/27/2020,CPS,IL,AGL,CE,Towers with Radar,0,2,10,0,12,0,8,33,0,41,0,10,43,0,53,29,0,29,82
04/28/2020,CPS,IL,AGL,CE,Towers with Radar,0,0,4,2,6,0,7,48,0,55,0,7,52,2,61,98,0,98,159
04/29/2020,CPS,IL,AGL,CE,Towers with Radar,0,2,10,0,12,0,2,13,0,15,0,4,23,0,27,1,0,1,28
04/30/2020,CPS,IL,AGL,CE,Towers with Radar,0,3,19,0,22,0,6,44,0,50,0,9,63,0,72,21,0,21,93
05/01/2020,CPS,IL,AGL,CE,Towers with Radar,0,0,23,0,23,0,8,100,0,108,0,8,123,0,131,158,0,158,289
05/02/2020,CPS,IL,AGL,CE,Towers with Radar,0,1,8,0,9,0,1,73,0,74,0,2,81,0,83,111,0,111,194
05/03/2020,CPS,IL,AGL,CE,Towers with Radar,0,2,3,0,5,0,6,12,0,18,0,8,15,0,23,16,0,16,39
05/04/2020,CPS,IL,AGL,CE,Towers with Radar,0,7,7,0,14,0,4,24,0,28,0,11,31,0,42,87,0,87,129
05/05/2020,CPS,IL,AGL,CE,Towers with Radar,0,0,13,0,13,0,9,20,0,29,0,9,33,0,42,2,0,2,44
05/06/2020,CPS,IL,AGL,CE,Towers with Radar,0,3,30,0,33,0,4,46,0,50,0,7,76,0,83,54,0,54,137
05/07/2020,CPS,IL,AGL,CE,Towers with Radar,0,1,17,0,18,0,3,39,0,42,0,4,56,0,60,118,0,118,178
05/08/2020,CPS,IL,AGL,CE,Towers with Radar,0,5,11,0,16,0,4,7,0,11,0,9,18,0,27,10,0,10,37
05/09/2020,CPS,IL,AGL,CE,Towers with Radar,0,0,13,0,13,0,4,68,0,72,0,4,81,0,85,80,0,80,165
05/10/2020,CPS,IL,AGL,CE,Towers with Radar,0,1,5,0,6,0,1,8,0,9,0,2,13,0,15,4,0,4,19
05/11/2020,CPS,IL,AGL,CE,Towers with Radar,0,2,7,0,9,0,3,28,0,31,0,5,35,0,40,60,0,60,100
05/12/2020,CPS,IL,AGL,CE,Towers with Radar,0,2,11,0,13,0,3,35,0,38,0,5,46,0,51,66,0,66,117
05/13/2020,CPS,IL,AGL,CE,Towers with Radar,0,1,15,0,16,0,0,0,0,0,0,1,15,0,16,0,0,0,16
05/14/2020,CPS,IL,AGL,CE,Towers with Radar,0,0,11,0,11,0,1,13,0,14,0,1,24,0,25,3,0,3,28
05/15/2020,CPS,IL,AGL,CE,Towers with Radar,0,4,25,0,29,0,8,20,0,28,0,12,45,0,57,37,0,37,94
05/16/2020,CPS,IL,AGL,CE,Towers with Radar,0,3,13,0,16,0,3,34,0,37,0,6,47,0,53,93,0,93,146
05/17/2020,CPS,IL,AGL,CE,Towers with Radar,0,2,6,0,8,0,3,2,0,5,0,5,8,0,13,0,0,0,13
05/18/2020,CPS,IL,AGL,CE,Towers with Radar,0,4,23,0,27,0,2,19,0,21,0,6,42,0,48,65,0,65,113
05/19/2020,CPS,IL,AGL,CE,Towers with Radar,0,2,23,0,25,0,2,13,0,15,0,4,36,0,40,48,0,48,88
05/20/2020,CPS,IL,AGL,CE,Towers with Radar,0,3,23,0,26,0,0,9,0,9,0,3,32,0,35,28,0,28,63
05/21/2020,CPS,IL,AGL,CE,Towers with Radar,0,2,19,0,21,0,3,17,0,20,0,5,36,0,41,32,0,32,73
05/22/2020,CPS,IL,AGL,CE,Towers with Radar,0,3,9,0,12,0,8,63,0,71,0,11,72,0,83,103,0,103,186
05/23/2020,CPS,IL,AGL,CE,Towers with Radar,0,0,9,0,9,0,4,42,0,46,0,4,51,0,55,54,0,54,109
05/24/2020,CPS,IL,AGL,CE,Towers with Radar,0,1,3,0,4,0,4,40,0,44,0,5,43,0,48,30,0,30,78
05/25/2020,CPS,IL,AGL,CE,Towers with Radar,0,2,7,0,9,0,2,24,0,26,0,4,31,0,35,139,0,139,174
05/26/2020,CPS,IL,AGL,CE,Towers with Radar,0,0,10,4,14,0,9,19,0,28,0,9,29,4,42,17,0,17,59
05/27/2020,CPS,IL,AGL,CE,Towers with Radar,0,4,9,0,13,0,0,3,0,3,0,4,12,0,16,0,0,0,16
05/28/2020,CPS,IL,AGL,CE,Towers with Radar,0,0,14,0,14,0,3,23,0,26,0,3,37,0,40,90,0,90,130
05/29/2020,CPS,IL,AGL,CE,Towers with Radar,0,0,18,0,18,0,4,65,0,69,0,4,83,0,87,56,0,56,143
05/30/2020,CPS,IL,AGL,CE,Towers with Radar,0,2,3,1,6,0,8,86,0,94,0,10,89,1,100,93,0,93,193
05/31/2020,CPS,IL,AGL,CE,Towers with Radar,0,2,2,1,5,0,5,49,0,54,0,7,51,1,59,58,0,58,117
06/01/2020,CPS,IL,AGL,CE,Towers with Radar,0,2,17,6,25,0,6,51,1,58,0,8,68,7,83,102,0,102,185
06/02/2020,CPS,IL,AGL,CE,Towers with Radar,0,4,16,0,20,0,4,44,0,48,0,8,60,0,68,86,0,86,154
06/03/2020,CPS,IL,AGL,CE,Towers with Radar,0,2,19,4,25,0,4,55,1,60,0,6,74,5,85,73,2,75,160
06/04/2020,CPS,IL,AGL,CE,Towers with Radar,0,1,7,0,8,0,5,40,0,45,0,6,47,0,53,61,0,61,114
06/05/2020,CPS,IL,AGL,CE,Towers with Radar,0,1,7,3,11,0,0,38,0,38,0,1,45,3,49,25,0,25,74
06/06/2020,CPS,IL,AGL,CE,Towers with Radar,0,0,5,0,5,0,1,57,0,58,0,1,62,0,63,73,0,73,136
06/07/2020,CPS,IL,AGL,CE,Towers with Radar,0,0,16,0,16,0,16,84,0,100,0,16,100,0,116,77,0,77,193
06/08/2020,CPS,IL,AGL,CE,Towers with Radar,0,0,17,0,17,0,5,93,0,98,0,5,110,0,115,112,0,112,227
06/09/2020,CPS,IL,AGL,CE,Towers with Radar,0,0,9,0,9,0,5,6,0,11,0,5,15,0,20,2,0,2,22
06/10/2020,CPS,IL,AGL,CE,Towers with Radar,0,2,16,0,18,0,16,37,0,53,0,18,53,0,71,57,0,57,128
06/11/2020,CPS,IL,AGL,CE,Towers with Radar,0,8,25,0,33,0,9,107,1,117,0,17,132,1,150,265,0,265,415
06/12/2020,CPS,IL,AGL,CE,Towers with Radar,0,0,19,4,23,0,11,78,0,89,0,11,97,4,112,160,0,160,272
06/13/2020,CPS,IL,AGL,CE,Towers with Radar,0,0,11,0,11,0,5,87,0,92,0,5,98,0,103,142,0,142,245
06/14/2020,CPS,IL,AGL,CE,Towers with Radar,0,3,18,0,21,0,4,78,0,82,0,7,96,0,103,104,0,104,207
06/15/2020,CPS,IL,AGL,CE,Towers with Radar,0,3,13,0,16,0,9,60,0,69,0,12,73,0,85,145,0,145,230
06/16/2020,CPS,IL,AGL,CE,Towers with Radar,0,0,17,0,17,0,4,71,0,75,0,4,88,0,92,231,0,231,323
06/17/2020,CPS,IL,AGL,CE,Towers with Radar,0,1,18,6,25,0,4,71,6,81,0,5,89,12,106,109,0,109,215
06/18/2020,CPS,IL,AGL,CE,Towers with Radar,0,1,18,2,21,0,1,98,0,99,0,2,116,2,120,222,0,222,342
06/19/2020,CPS,IL,AGL,CE,Towers with Radar,0,0,19,3,22,0,13,76,0,89,0,13,95,3,111,140,0,140,251
06/20/2020,CPS,IL,AGL,CE,Towers with Radar,0,1,8,0,9,0,5,54,0,59,0,6,62,0,68,106,0,106,174
06/21/2020,CPS,IL,AGL,CE,Towers with Radar,0,2,11,0,13,0,1,28,0,29,0,3,39,0,42,92,0,92,134
06/22/2020,CPS,IL,AGL,CE,Towers with Radar,0,2,16,0,18,0,7,13,0,20,0,9,29,0,38,71,0,71,109
06/23/2020,CPS,IL,AGL,CE,Towers with Radar,0,0,22,0,22,0,8,58,0,66,0,8,80,0,88,131,0,131,219
06/24/2020,CPS,IL,AGL,CE,Towers with Radar,0,6,22,18,46,0,5,53,0,58,0,11,75,18,104,163,0,163,267
06/25/2020,CPS,IL,AGL,CE,Towers with Radar,0,5,31,0,36,0,1,65,0,66,0,6,96,0,102,100,0,100,202
06/26/2020,CPS,IL,AGL,CE,Towers with Radar,0,2,10,0,12,0,3,39,2,44,0,5,49,2,56,76,0,76,132
06/27/2020,CPS,IL,AGL,CE,Towers with Radar,0,0,5,0,5,0,0,55,0,55,0,0,60,0,60,52,0,52,112
06/28/2020,CPS,IL,AGL,CE,Towers with Radar,0,4,11,0,15,0,3,42,0,45,0,7,53,0,60,67,0,67,127
06/29/2020,CPS,IL,AGL,CE,Towers with Radar,0,4,10,2,16,0,8,53,0,61,0,12,63,2,77,122,0,122,199
06/30/2020,CPS,IL,AGL,CE,Towers with Radar,0,0,11,0,11,0,0,3,0,3,0,0,14,0,14,20,0,20,34
07/01/2020,CPS,IL,AGL,CE,Towers with Radar,0,1,23,2,26,0,3,16,0,19,0,4,39,2,45,60,0,60,105
07/02/2020,CPS,IL,AGL,CE,Towers with Radar,0,2,22,0,24,0,6,62,0,68,0,8,84,0,92,113,0,113,205
07/03/2020,CPS,IL,AGL,CE,Towers with Radar,0,4,14,1,19,0,4,53,0,57,0,8,67,1,76,99,0,99,175
07/04/2020,CPS,IL,AGL,CE,Towers with Radar,0,0,2,0,2,0,0,58,0,58,0,0,60,0,60,37,0,37,97
07/05/2020,CPS,IL,AGL,CE,Towers with Radar,0,2,10,0,12,0,4,39,0,43,0,6,49,0,55,28,0,28,83
07/06/2020,CPS,IL,AGL,CE,Towers with Radar,0,0,6,0,6,0,9,56,0,65,0,9,62,0,71,114,0,114,185
07/07/2020,CPS,IL,AGL,CE,Towers with Radar,0,1,19,7,27,0,1,41,3,45,0,2,60,10,72,77,0,77,149
07/08/2020,CPS,IL,AGL,CE,Towers with Radar,0,5,18,2,25,0,7,48,0,55,0,12,66,2,80,56,0,56,136
07/09/2020,CPS,IL,AGL,CE,Towers with Radar,0,3,17,3,23,0,4,69,0,73,0,7,86,3,96,80,0,80,176
07/10/2020,CPS,IL,AGL,CE,Towers with Radar,0,2,26,0,28,0,12,53,0,65,0,14,79,0,93,108,0,108,201
07/11/2020,CPS,IL,AGL,CE,Towers with Radar,0,0,16,0,16,0,8,68,0,76,0,8,84,0,92,94,0,94,186
07/12/2020,CPS,IL,AGL,CE,Towers with Radar,0,1,14,0,15,0,7,37,0,44,0,8,51,0,59,128,0,128,187
07/13/2020,CPS,IL,AGL,CE,Towers with Radar,0,3,11,0,14,0,11,57,2,70,0,14,68,2,84,217,0,217,301
07/14/2020,CPS,IL,AGL,CE,Towers with Radar,0,5,5,0,10,0,20,61,0,81,0,25,66,0,91,285,0,285,376
07/15/2020,CPS,IL,AGL,CE,Towers with Radar,0,5,6,0,11,0,15,19,0,34,0,20,25,0,45,103,0,103,148
07/16/2020,CPS,IL,AGL,CE,Towers with Radar,0,4,23,0,27,0,25,62,1,88,0,29,85,1,115,213,0,213,328
07/17/2020,CPS,IL,AGL,CE,Towers with Radar,0,2,26,2,30,0,20,74,0,94,0,22,100,2,124,100,0,100,224
07/18/2020,CPS,IL,AGL,CE,Towers with Radar,0,0,12,0,12,0,8,59,0,67,0,8,71,0,79,60,0,60,139
07/19/2020,CPS,IL,AGL,CE,Towers with Radar,0,3,12,0,15,0,8,30,4,42,0,11,42,4,57,81,0,81,138
07/20/2020,CPS,IL,AGL,CE,Towers with Radar,0,2,9,2,13,0,26,50,1,77,0,28,59,3,90,126,0,126,216
07/21/2020,CPS,IL,AGL,CE,Towers with Radar,0,4,25,0,29,0,31,30,2,63,0,35,55,2,92,211,0,211,303
07/22/2020,CPS,IL,AGL,CE,Towers with Radar,0,6,29,3,38,0,13,54,1,68,0,19,83,4,106,180,0,180,286
07/23/2020,CPS,IL,AGL,CE,Towers with Radar,0,4,17,3,24,0,25,52,1,78,0,29,69,4,102,291,0,291,393
07/24/2020,CPS,IL,AGL,CE,Towers with Radar,0,3,12,3,18,0,38,67,1,106,0,41,79,4,124,242,0,242,366
07/25/2020,CPS,IL,AGL,CE,Towers with Radar,0,1,9,0,10,0,6,75,0,81,0,7,84,0,91,102,0,102,193
07/26/2020,CPS,IL,AGL,CE,Towers with Radar,0,6,8,0,14,0,13,58,0,71,0,19,66,0,85,17,0,17,102
07/27/2020,CPS,IL,AGL,CE,Towers with Radar,2,8,7,0,17,0,6,23,0,29,2,14,30,0,46,28,3,31,77
07/28/2020,CPS,IL,AGL,CE,Towers with Radar,0,2,16,0,18,0,59,68,0,127,0,61,84,0,145,280,0,280,425
07/29/2020,CPS,IL,AGL,CE,Towers with Radar,0,6,24,0,30,0,31,39,0,70,0,37,63,0,100,104,1,105,205
07/30/2020,CPS,IL,AGL,CE,Towers with Radar,0,9,30,0,39,0,2,7,0,9,0,11,37,0,48,46,0,46,94
07/31/2020,CPS,IL,AGL,CE,Towers with Radar,0,3,32,0,35,0,5,3,0,8,0,8,35,0,43,28,0,28,71
08/01/2020,CPS,IL,AGL,CE,Towers with Radar,0,4,28,0,32,0,4,36,0,40,0,8,64,0,72,168,0,168,240
08/02/2020,CPS,IL,AGL,CE,Towers with Radar,0,4,18,0,22,0,3,40,0,43,0,7,58,0,65,122,0,122,187
08/03/2020,CPS,IL,AGL,CE,Towers with Radar,0,4,16,0,20,0,13,36,0,49,0,17,52,0,69,133,0,133,202
08/04/2020,CPS,IL,AGL,CE,Towers with Radar,0,5,32,4,41,0,31,54,4,89,0,36,86,8,130,227,0,227,357
08/05/2020,CPS,IL,AGL,CE,Towers with Radar,2,3,23,0,28,0,65,66,0,131,2,68,89,0,159,281,0,281,440
08/06/2020,CPS,IL,AGL,CE,Towers with Radar,0,2,33,0,35,0,46,85,3,134,0,48,118,3,169,260,0,260,429
08/07/2020,CPS,IL,AGL,CE,Towers with Radar,0,1,16,2,19,0,32,84,0,116,0,33,100,2,135,179,2,181,316
08/08/2020,CPS,IL,AGL,CE,Towers with Radar,0,0,8,0,8,0,3,60,0,63,0,3,68,0,71,152,0,152,223
08/09/2020,CPS,IL,AGL,CE,Towers with Radar,0,1,12,0,13,0,3,40,0,43,0,4,52,0,56,69,0,69,125
08/10/2020,CPS,IL,AGL,CE,Towers with Radar,0,0,12,0,12,0,38,50,0,88,0,38,62,0,100,149,0,149,249
08/11/2020,CPS,IL,AGL,CE,Towers with Radar,0,7,17,0,24,0,8,44,0,52,0,15,61,0,76,157,0,157,233
08/12/2020,CPS,IL,AGL,CE,Towers with Radar,0,3,18,2,23,0,10,31,0,41,0,13,49,2,64,56,0,56,120
08/13/2020,CPS,IL,AGL,CE,Towers with Radar,0,3,23,0,26,0,11,17,0,28,0,14,40,0,54,73,0,73,127
08/14/2020,CPS,IL,AGL,CE,Towers with Radar,0,3,17,1,21,0,7,78,4,89,0,10,95,5,110,98,0,98,208
08/15/2020,CPS,IL,AGL,CE,Towers with Radar,0,1,14,0,15,0,0,59,0,59,0,1,73,0,74,73,0,73,147
08/16/2020,CPS,IL,AGL,CE,Towers with Radar,0,1,4,0,5,0,10,80,0,90,0,11,84,0,95,45,0,45,140
08/17/2020,CPS,IL,AGL,CE,Towers with Radar,0,4,2,0,6,0,23,55,0,78,0,27,57,0,84,144,0,144,228
08/18/2020,CPS,IL,AGL,CE,Towers with Radar,0,1,26,0,27,0,59,66,2,127,0,60,92,2,154,163,0,163,317
08/19/2020,CPS,IL,AGL,CE,Towers with Radar,0,0,27,2,29,0,64,65,2,131,0,64,92,4,160,195,0,195,355
08/20/2020,CPS,IL,AGL,CE,Towers with Radar,0,0,23,0,23,0,61,60,6,127,0,61,83,6,150,283,0,283,433
08/21/2020,CPS,IL,AGL,CE,Towers with Radar,0,1,17,1,19,0,60,59,0,119,0,61,76,1,138,240,0,240,378
08/22/2020,CPS,IL,AGL,CE,Towers with Radar,0,0,11,0,11,0,44,72,1,117,0,44,83,1,128,268,0,268,396
08/23/2020,CPS,IL,AGL,CE,Towers with Radar,1,0,19,0,20,0,12,57,0,69,1,12,76,0,89,143,0,143,232
08/24/2020,CPS,IL,AGL,CE,Towers with Radar,0,5,16,4,25,0,45,59,0,104,0,50,75,4,129,244,0,244,373
08/25/2020,CPS,IL,AGL,CE,Towers with Radar,0,2,13,2,17,0,50,79,1,130,0,52,92,3,147,257,0,257,404
08/26/2020,CPS,IL,AGL,CE,Towers with Radar,0,5,17,2,24,0,41,65,1,107,0,46,82,3,131,297,0,297,428
08/27/2020,CPS,IL,AGL,CE,Towers with Radar,0,2,14,3,19,0,35,44,0,79,0,37,58,3,98,164,0,164,262
08/28/2020,CPS,IL,AGL,CE,Towers with Radar,0,6,25,0,31,0,19,38,0,57,0,25,63,0,88,129,0,129,217
08/29/2020,CPS,IL,AGL,CE,Towers with Radar,0,8,26,0,34,0,40,57,0,97,0,48,83,0,131,122,0,122,253
08/30/2020,CPS,IL,AGL,CE,Towers with Radar,2,12,22,0,36,0,2,58,0,60,2,14,80,0,96,139,0,139,235
08/31/2020,CPS,IL,AGL,CE,Towers with Radar,0,6,13,0,19,0,6,33,0,39,0,12,46,0,58,123,0,123,181
09/01/2020,CPS,IL,AGL,CE,Towers with Radar,0,2,18,0,20,0,5,16,0,21,0,7,34,0,41,17,0,17,58
09/02/2020,CPS,IL,AGL,CE,Towers with Radar,0,2,39,0,41,0,22,37,0,59,0,24,76,0,100,195,0,195,295
09/03/2020,CPS,IL,AGL,CE,Towers with Radar,0,5,28,1,34,0,46,60,0,106,0,51,88,1,140,86,0,86,226
09/04/2020,CPS,IL,AGL,CE,Towers with Radar,0,1,20,2,23,0,69,106,0,175,0,70,126,2,198,310,0,310,508
09/05/2020,CPS,IL,AGL,CE,Towers with Radar,0,4,16,0,20,0,60,75,0,135,0,64,91,0,155,148,0,148,303
09/06/2020,CPS,IL,AGL,CE,Towers with Radar,0,0,9,0,9,0,14,72,0,86,0,14,81,0,95,113,0,113,208
09/07/2020,CPS,IL,AGL,CE,Towers with Radar,3,1,10,0,14,0,54,55,0,109,3,55,65,0,123,122,0,122,245
09/08/2020,CPS,IL,AGL,CE,Towers with Radar,1,4,13,4,22,0,53,60,1,114,1,57,73,5,136,212,0,212,348
09/09/2020,CPS,IL,AGL,CE,Towers with Radar,0,2,34,1,37,0,51,43,0,94,0,53,77,1,131,102,0,102,233
09/10/2020,CPS,IL,AGL,CE,Towers with Radar,0,4,31,0,35,0,35,28,0,63,0,39,59,0,98,139,0,139,237
09/11/2020,CPS,IL,AGL,CE,Towers with Radar,0,1,32,0,33,0,25,57,0,82,0,26,89,0,115,121,0,121,236
09/12/2020,CPS,IL,AGL,CE,Towers with Radar,0,4,14,0,18,0,3,26,0,29,0,7,40,0,47,83,0,83,130
09/13/2020,CPS,IL,AGL,CE,Towers with Radar,4,2,16,2,24,0,30,69,3,102,4,32,85,5,126,125,0,125,251
09/14/2020,CPS,IL,AGL,CE,Towers with Radar,0,4,10,2,16,0,64,59,0,123,0,68,69,2,139,289,3,292,431
09/15/2020,CPS,IL,AGL,CE,Towers with Radar,0,7,15,0,22,0,67,55,0,122,0,74,70,0,144,257,0,257,401
09/16/2020,CPS,IL,AGL,CE,Towers with Radar,0,0,26,0,26,0,78,82,2,162,0,78,108,2,188,389,0,389,577
09/17/2020,CPS,IL,AGL,CE,Towers with Radar,0,5,21,0,26,0,62,52,0,114,0,67,73,0,140,249,0,249,389
09/18/2020,CPS,IL,AGL,CE,Towers with Radar,0,1,23,2,26,0,57,60,1,118,0,58,83,3,144,122,0,122,266
09/19/2020,CPS,IL,AGL,CE,Towers with Radar,0,2,18,0,20,0,44,127,1,172,0,46,145,1,192,172,0,172,364
09/20/2020,CPS,IL,AGL,CE,Towers with Radar,0,0,15,2,17,0,18,52,0,70,0,18,67,2,87,101,0,101,188
09/21/2020,CPS,IL,AGL,CE,Towers with Radar,0,0,18,0,18,0,50,65,1,116,0,50,83,1,134,156,0,156,290
09/22/2020,CPS,IL,AGL,CE,Towers with Radar,0,2,21,0,23,0,55,78,0,133,0,57,99,0,156,223,0,223,379
09/23/2020,CPS,IL,AGL,CE,Towers with Radar,0,5,31,0,36,0,63,66,0,129,0,68,97,0,165,196,0,196,361
09/24/2020,CPS,IL,AGL,CE,Towers with Radar,0,2,19,1,22,0,59,82,4,145,0,61,101,5,167,300,0,300,467
09/25/2020,CPS,IL,AGL,CE,Towers with Radar,0,2,23,0,25,0,45,72,2,119,0,47,95,2,144,181,0,181,325
09/26/2020,CPS,IL,AGL,CE,Towers with Radar,0,0,17,1,18,0,31,78,0,109,0,31,95,1,127,86,0,86,213
09/27/2020,CPS,IL,AGL,CE,Towers with Radar,0,2,21,2,25,0,13,68,0,81,0,15,89,2,106,194,0,194,300
09/28/2020,CPS,IL,AGL,CE,Towers with Radar,0,0,19,0,19,0,7,32,0,39,0,7,51,0,58,76,0,76,134
09/29/2020,CPS,IL,AGL,CE,Towers with Radar,0,1,26,0,27,0,73,59,1,133,0,74,85,1,160,224,0,224,384
09/30/2020,CPS,IL,AGL,CE,Towers with Radar,0,3,32,0,35,0,44,49,1,94,0,47,81,1,129,90,0,90,219
10/01/2020,CPS,IL,AGL,CE,Towers with Radar,0,1,29,2,32,0,55,56,5,116,0,56,85,7,148,120,0,120,268
10/02/2020,CPS,IL,AGL,CE,Towers with Radar,0,4,33,2,39,0,84,55,0,139,0,88,88,2,178,165,0,165,343
10/03/2020,CPS,IL,AGL,CE,Towers with Radar,0,2,18,0,20,0,14,43,0,57,0,16,61,0,77,173,0,173,250
10/04/2020,CPS,IL,AGL,CE,Towers with Radar,0,2,19,0,21,0,11,19,0,30,0,13,38,0,51,54,0,54,105
10/05/2020,CPS,IL,AGL,CE,Towers with Radar,0,0,17,4,21,0,48,56,2,106,0,48,73,6,127,240,0,240,367
10/06/2020,CPS,IL,AGL,CE,Towers with Radar,0,6,23,2,31,0,52,67,2,121,0,58,90,4,152,303,0,303,455
10/07/2020,CPS,IL,AGL,CE,Towers with Radar,0,1,25,4,30,0,59,62,1,122,0,60,87,5,152,275,0,275,427
10/08/2020,CPS,IL,AGL,CE,Towers with Radar,0,1,24,3,28,0,55,97,0,152,0,56,121,3,180,295,0,295,475
10/09/2020,CPS,IL,AGL,CE,Towers with Radar,0,2,22,2,26,0,36,77,0,113,0,38,99,2,139,155,0,155,294
10/10/2020,CPS,IL,AGL,CE,Towers with Radar,0,1,17,0,18,0,42,49,0,91,0,43,66,0,109,221,0,221,330
10/11/2020,CPS,IL,AGL,CE,Towers with Radar,0,3,22,0,25,0,9,73,0,82,0,12,95,0,107,141,0,141,248
10/12/2020,CPS,IL,AGL,CE,Towers with Radar,0,0,15,0,15,0,9,37,2,48,0,9,52,2,63,73,0,73,136
10/13/2020,CPS,IL,AGL,CE,Towers with Radar,0,4,23,8,35,0,35,64,1,100,0,39,87,9,135,247,0,247,382
10/14/2020,CPS,IL,AGL,CE,Towers with Radar,0,0,21,6,27,0,20,57,5,82,0,20,78,11,109,154,0,154,263
10/15/2020,CPS,IL,AGL,CE,Towers with Radar,0,5,30,3,38,0,56,75,2,133,0,61,105,5,171,215,0,215,386
10/16/2020,CPS,IL,AGL,CE,Towers with Radar,0,2,33,4,39,0,25,48,1,74,0,27,81,5,113,164,0,164,277
10/17/2020,CPS,IL,AGL,CE,Towers with Radar,0,0,7,0,7,0,11,38,0,49,0,11,45,0,56,57,0,57,113
10/18/2020,CPS,IL,AGL,CE,Towers with Radar,0,0,13,0,13,0,4,61,1,66,0,4,74,1,79,99,0,99,178
10/19/2020,CPS,IL,AGL,CE,Towers with Radar,0,3,26,2,31,0,5,26,0,31,0,8,52,2,62,201,0,201,263
10/20/2020,CPS,IL,AGL,CE,Towers with Radar,0,8,17,1,26,0,8,13,0,21,0,16,30,1,47,137,0,137,184
10/21/2020,CPS,IL,AGL,CE,Towers with Radar,0,5,30,3,38,0,2,10,0,12,0,7,40,3,50,257,0,257,307
10/22/2020,CPS,IL,AGL,CE,Towers with Radar,0,7,20,2,29,0,56,93,2,151,0,63,113,4,180,242,0,242,422
10/23/2020,CPS,IL,AGL,CE,Towers with Radar,0,1,10,1,12,0,8,34,0,42,0,9,44,1,54,134,0,134,188
10/24/2020,CPS,IL,AGL,CE,Towers with Radar,0,2,26,1,29,0,48,59,0,107,0,50,85,1,136,260,0,260,396
10/25/2020,CPS,IL,AGL,CE,Towers with Radar,0,3,21,2,26,0,15,43,0,58,0,18,64,2,84,115,0,115,199
10/26/2020,CPS,IL,AGL,CE,Towers with Radar,0,2,10,0,12,0,6,4,0,10,0,8,14,0,22,74,0,74,96
10/27/2020,CPS,IL,AGL,CE,Towers with Radar,0,2,14,0,16,0,0,0,0,0,0,2,14,0,16,0,0,0,16
10/28/2020,CPS,IL,AGL,CE,Towers with Radar,0,0,35,0,35,0,6,21,0,27,0,6,56,0,62,144,0,144,206
10/29/2020,CPS,IL,AGL,CE,Towers with Radar,0,4,27,0,31,0,12,14,0,26,0,16,41,0,57,47,0,47,104
10/30/2020,CPS,IL,AGL,CE,Towers with Radar,0,0,43,2,45,0,78,98,0,176,0,78,141,2,221,377,0,377,598
10/31/2020,CPS,IL,AGL,CE,Towers with Radar,0,0,14,0,14,0,42,78,1,121,0,42,92,1,135,241,0,241,376
11/01/2020,CPS,IL,AGL,CE,Towers with Radar,0,0,18,0,18,0,11,37,0,48,0,11,55,0,66,10,0,10,76
11/02/2020,CPS,IL,AGL,CE,Towers with Radar,0,1,22,0,23,0,73,56,0,129,0,74,78,0,152,337,0,337,489
11/03/2020,CPS,IL,AGL,CE,Towers with Radar,0,4,13,5,22,0,63,64,0,127,0,67,77,5,149,277,0,277,426
11/04/2020,CPS,IL,AGL,CE,Towers with Radar,0,0,16,2,18,0,71,72,0,143,0,71,88,2,161,318,0,318,479
11/05/2020,CPS,IL,AGL,CE,Towers with Radar,0,3,14,1,18,0,65,62,1,128,0,68,76,2,146,287,0,287,433
11/06/2020,CPS,IL,AGL,CE,Towers with Radar,0,0,24,2,26,0,69,91,1,161,0,69,115,3,187,428,0,428,615
11/07/2020,CPS,IL,AGL,CE,Towers with Radar,0,2,17,2,21,0,47,86,2,135,0,49,103,4,156,265,0,265,421
11/08/2020,CPS,IL,AGL,CE,Towers with Radar,0,2,13,0,15,0,5,46,5,56,0,7,59,5,71,69,0,69,140
11/09/2020,CPS,IL,AGL,CE,Towers with Radar,0,1,12,0,13,0,21,54,0,75,0,22,66,0,88,126,0,126,214
11/10/2020,CPS,IL,AGL,CE,Towers with Radar,0,2,10,1,13,0,5,21,2,28,0,7,31,3,41,10,0,10,51
11/11/2020,CPS,IL,AGL,CE,Towers with Radar,0,3,21,0,24,0,66,95,0,161,0,69,116,0,185,459,0,459,644
11/12/2020,CPS,IL,AGL,CE,Towers with Radar,0,1,23,3,27,0,55,61,1,117,0,56,84,4,144,335,0,335,479
11/13/2020,CPS,IL,AGL,CE,Towers with Radar,0,3,31,0,34,0,71,64,2,137,0,74,95,2,171,316,0,316,487
11/14/2020,CPS,IL,AGL,CE,Towers with Radar,0,4,1,0,5,0,1,1,0,2,0,5,2,0,7,0,0,0,7
11/15/2020,CPS,IL,AGL,CE,Towers with Radar,0,0,5,0,5,0,8,7,0,15,0,8,12,0,20,4,0,4,24
11/16/2020,CPS,IL,AGL,CE,Towers with Radar,0,3,17,0,20,0,26,68,0,94,0,29,85,0,114,237,0,237,351
11/17/2020,CPS,IL,AGL,CE,Towers with Radar,0,3,13,0,16,0,47,60,0,107,0,50,73,0,123,330,0,330,453
11/18/2020,CPS,IL,AGL,CE,Towers with Radar,0,5,17,0,22,0,32,45,0,77,0,37,62,0,99,160,0,160,259
11/19/2020,CPS,IL,AGL,CE,Towers with Radar,0,5,10,0,15,0,1,16,0,17,0,6,26,0,32,2,0,2,34
11/20/2020,CPS,IL,AGL,CE,Towers with Radar,0,3,19,0,22,0,48,83,1,132,0,51,102,1,154,271,0,271,425
11/21/2020,CPS,IL,AGL,CE,Towers with Radar,0,1,26,0,27,0,8,23,0,31,0,9,49,0,58,113,0,113,171
11/22/2020,CPS,IL,AGL,CE,Towers with Radar,0,3,11,0,14,0,4,24,0,28,0,7,35,0,42,26,0,26,68
11/23/2020,CPS,IL,AGL,CE,Towers with Radar,0,1,17,0,18,0,53,76,0,129,0,54,93,0,147,204,0,204,351
11/24/2020,CPS,IL,AGL,CE,Towers with Radar,0,1,13,7,21,0,37,64,1,102,0,38,77,8,123,129,0,129,252
11/25/2020,CPS,IL,AGL,CE,Towers with Radar,0,1,24,4,29,0,1,16,0,17,0,2,40,4,46,21,0,21,67
11/26/2020,CPS,IL,AGL,CE,Towers with Radar,0,0,1,0,1,0,8,24,0,32,0,8,25,0,33,36,0,36,69
11/27/2020,CPS,IL,AGL,CE,Towers with Radar,0,0,8,0,8,0,6,70,0,76,0,6,78,0,84,87,0,87,171
11/28/2020,CPS,IL,AGL,CE,Towers with Radar,0,2,13,0,15,0,17,80,0,97,0,19,93,0,112,127,0,127,239
11/29/2020,CPS,IL,AGL,CE,Towers with Radar,0,1,5,0,6,0,2,32,0,34,0,3,37,0,40,74,0,74,114
11/30/2020,CPS,IL,AGL,CE,Towers with Radar,0,4,12,1,17,0,8,35,0,43,0,12,47,1,60,7,0,7,67
12/01/2020,CPS,IL,AGL,CE,Towers with Radar,0,2,12,0,14,0,44,96,0,140,0,46,108,0,154,277,0,277,431
12/02/2020,CPS,IL,AGL,CE,Towers with Radar,0,2,25,5,32,0,48,84,0,132,0,50,109,5,164,333,0,333,497
12/03/2020,CPS,IL,AGL,CE,Towers with Radar,0,8,23,2,33,0,23,58,2,83,0,31,81,4,116,165,0,165,281
12/04/2020,CPS,IL,AGL,CE,Towers with Radar,0,1,18,1,20,0,41,53,0,94,0,42,71,1,114,159,0,159,273
12/05/2020,CPS,IL,AGL,CE,Towers with Radar,0,3,12,0,15,0,4,85,1,90,0,7,97,1,105,195,0,195,300
12/06/2020,CPS,IL,AGL,CE,Towers with Radar,0,3,10,2,15,0,3,42,1,46,0,6,52,3,61,111,0,111,172
12/07/2020,CPS,IL,AGL,CE,Towers with Radar,0,4,18,0,22,0,17,36,0,53,0,21,54,0,75,172,0,172,247
12/08/2020,CPS,IL,AGL,CE,Towers with Radar,0,6,28,0,34,0,25,42,1,68,0,31,70,1,102,230,0,230,332
12/09/2020,CPS,IL,AGL,CE,Towers with Radar,0,0,29,2,31,0,50,78,4,132,0,50,107,6,163,271,0,271,434
12/10/2020,CPS,IL,AGL,CE,Towers with Radar,0,6,29,0,35,0,55,97,4,156,0,61,126,4,191,219,0,219,410
12/11/2020,CPS,IL,AGL,CE,Towers with Radar,0,2,23,2,27,0,24,49,0,73,0,26,72,2,100,205,0,205,305
12/12/2020,CPS,IL,AGL,CE,Towers with Radar,0,1,2,0,3,0,2,21,0,23,0,3,23,0,26,46,0,46,72
12/13/2020,CPS,IL,AGL,CE,Towers with Radar,0,0,5,0,5,0,10,16,3,29,0,10,21,3,34,129,0,129,163
12/14/2020,CPS,IL,AGL,CE,Towers with Radar,0,0,17,0,17,0,51,88,1,140,0,51,105,1,157,170,0,170,327
12/15/2020,CPS,IL,AGL,CE,Towers with Radar,0,1,12,0,13,0,25,64,0,89,0,26,76,0,102,125,0,125,227
12/16/2020,CPS,IL,AGL,CE,Towers with Radar,0,2,13,0,15,0,7,56,0,63,0,9,69,0,78,48,0,48,126
12/17/2020,CPS,IL,AGL,CE,Towers with Radar,0,2,27,15,44,0,45,95,5,145,0,47,122,20,189,228,0,228,417
12/18/2020,CPS,IL,AGL,CE,Towers with Radar,0,2,23,0,25,0,52,76,2,130,0,54,99,2,155,175,0,175,330
12/19/2020,CPS,IL,AGL,CE,Towers with Radar,0,2,10,0,12,0,6,51,0,57,0,8,61,0,69,76,0,76,145
12/20/2020,CPS,IL,AGL,CE,Towers with Radar,0,2,11,0,13,0,8,75,0,83,0,10,86,0,96,101,0,101,197
12/21/2020,CPS,IL,AGL,CE,Towers with Radar,0,8,7,2,17,0,8,69,1,78,0,16,76,3,95,50,0,50,145
12/22/2020,CPS,IL,AGL,CE,Towers with Radar,0,3,12,0,15,0,27,89,0,116,0,30,101,0,131,154,0,154,285
12/23/2020,CPS,IL,AGL,CE,Towers with Radar,0,3,8,2,13,0,8,4,0,12,0,11,12,2,25,2,0,2,27
12/24/2020,CPS,IL,AGL,CE,Towers with Radar,0,1,3,0,4,0,2,30,0,32,0,3,33,0,36,17,0,17,53
12/25/2020,CPS,IL,AGL,CE,Towers with Radar,0,3,4,0,7,0,4,17,0,21,0,7,21,0,28,20,0,20,48
12/26/2020,CPS,IL,AGL,CE,Towers with Radar,0,2,15,0,17,0,20,81,0,101,0,22,96,0,118,95,0,95,213
12/27/2020,CPS,IL,AGL,CE,Towers with Radar,0,5,11,0,16,0,16,29,0,45,0,21,40,0,61,39,0,39,100
12/28/2020,CPS,IL,AGL,CE,Towers with Radar,0,8,9,0,17,0,10,46,1,57,0,18,55,1,74,107,0,107,181
12/29/2020,CPS,IL,AGL,CE,Towers with Radar,0,4,10,0,14,0,1,47,1,49,0,5,57,1,63,65,0,65,128
12/30/2020,CPS,IL,AGL,CE,Towers with Radar,0,2,6,0,8,0,2,9,0,11,0,4,15,0,19,28,0,28,47
12/31/2020,CPS,IL,AGL,CE,Towers with Radar,0,1,18,0,19,0,6,33,0,39,0,7,51,0,58,78,0,78,136
01/01/2021,CPS,IL,AGL,CE,Towers with Radar,0,0,1,0,1,0,0,0,0,0,0,0,1,0,1,0,0,0,1
01/02/2021,CPS,IL,AGL,CE,Towers with Radar,0,1,6,0,7,0,0,0,0,0,0,1,6,0,7,0,0,0,7
01/03/2021,CPS,IL,AGL,CE,Towers with Radar,0,2,16,0,18,0,4,34,0,38,0,6,50,0,56,54,0,54,110
01/04/2021,CPS,IL,AGL,CE,Towers with Radar,0,2,5,0,7,0,0,0,0,0,0,2,5,0,7,0,0,0,7
01/05/2021,CPS,IL,AGL,CE,Towers with Radar,0,6,19,0,25,0,43,75,3,121,0,49,94,3,146,227,0,227,373
01/06/2021,CPS,IL,AGL,CE,Towers with Radar,0,3,14,0,17,0,34,55,1,90,0,37,69,1,107,281,0,281,388
01/07/2021,CPS,IL,AGL,CE,Towers with Radar,0,2,16,2,20,0,13,28,0,41,0,15,44,2,61,127,0,127,188
01/08/2021,CPS,IL,AGL,CE,Towers with Radar,0,6,6,0,12,0,6,25,0,31,0,12,31,0,43,149,0,149,192
01/09/2021,CPS,IL,AGL,CE,Towers with Radar,0,2,6,0,8,0,1,33,0,34,0,3,39,0,42,93,0,93,135
01/10/2021,CPS,IL,AGL,CE,Towers with Radar,0,1,10,0,11,0,10,20,2,32,0,11,30,2,43,58,0,58,101
01/11/2021,CPS,IL,AGL,CE,Towers with Radar,0,6,12,5,23,0,2,28,0,30,0,8,40,5,53,198,0,198,251
01/12/2021,CPS,IL,AGL,CE,Towers with Radar,0,5,30,2,37,0,68,60,8,136,0,73,90,10,173,211,0,211,384
01/13/2021,CPS,IL,AGL,CE,Towers with Radar,0,7,32,1,40,0,50,73,3,126,0,57,105,4,166,224,10,234,400
01/14/2021,CPS,IL,AGL,CE,Towers with Radar,0,3,11,0,14,0,10,22,1,33,0,13,33,1,47,86,0,86,133
01/15/2021,CPS,IL,AGL,CE,Towers with Radar,0,5,2,0,7,0,0,0,0,0,0,5,2,0,7,0,0,0,7
01/16/2021,CPS,IL,AGL,CE,Towers with Radar,0,1,3,0,4,0,2,9,0,11,0,3,12,0,15,28,0,28,43
01/17/2021,CPS,IL,AGL,CE,Towers with Radar,3,2,8,0,13,0,5,21,0,26,3,7,29,0,39,20,0,20,59
01/18/2021,CPS,IL,AGL,CE,Towers with Radar,0,3,19,0,22,0,8,44,2,54,0,11,63,2,76,189,0,189,265
01/19/2021,CPS,IL,AGL,CE,Towers with Radar,1,10,19,0,30,0,35,65,0,100,1,45,84,0,130,359,1,360,490
01/20/2021,CPS,IL,AGL,CE,Towers with Radar,0,4,19,1,24,0,49,74,2,125,0,53,93,3,149,326,0,326,475
01/21/2021,CPS,IL,AGL,CE,Towers with Radar,0,8,32,1,41,0,50,47,3,100,0,58,79,4,141,419,0,419,560
01/22/2021,CPS,IL,AGL,CE,Towers with Radar,2,2,15,0,19,0,52,58,0,110,2,54,73,0,129,122,0,122,251
01/23/2021,CPS,IL,AGL,CE,Towers with Radar,0,1,20,0,21,0,14,98,0,112,0,15,118,0,133,181,0,181,314
01/24/2021,CPS,IL,AGL,CE,Towers with Radar,1,3,18,2,24,0,3,15,0,18,1,6,33,2,42,40,0,40,82
01/25/2021,CPS,IL,AGL,CE,Towers with Radar,1,0,2,0,3,0,0,0,0,0,1,0,2,0,3,0,0,0,3
01/26/2021,CPS,IL,AGL,CE,Towers with Radar,0,4,14,0,18,0,7,12,2,21,0,11,26,2,39,48,0,48,87
01/27/2021,CPS,IL,AGL,CE,Towers with Radar,0,4,7,0,11,0,0,2,0,2,0,4,9,0,13,0,0,0,13
01/28/2021,CPS,IL,AGL,CE,Towers with Radar,0,7,23,0,30,0,63,68,3,134,0,70,91,3,164,222,0,222,386
01/29/2021,CPS,IL,AGL,CE,Towers with Radar,0,4,17,2,23,0,57,108,0,165,0,61,125,2,188,251,0,251,439
01/30/2021,CPS,IL,AGL,CE,Towers with Radar,0,2,7,0,9,0,0,4,0,4,0,2,11,0,13,27,0,27,40
01/31/2021,CPS,IL,AGL,CE,Towers with Radar,0,0,5,0,5,0,1,4,0,5,0,1,9,0,10,37,0,37,47
02/01/2021,CPS,IL,AGL,CE,Towers with Radar,1,7,17,0,25,0,11,29,0,40,1,18,46,0,65,125,0,125,190
02/02/2021,CPS,IL,AGL,CE,Towers with Radar,1,4,27,0,32,0,44,55,4,103,1,48,82,4,135,375,0,375,510
02/03/2021,CPS,IL,AGL,CE,Towers with Radar,0,2,23,5,30,0,69,104,0,173,0,71,127,5,203,338,0,338,541
02/04/2021,CPS,IL,AGL,CE,Towers with Radar,0,4,5,3,12,0,1,3,2,6,0,5,8,5,18,0,0,0,18
02/05/2021,CPS,IL,AGL,CE,Towers with Radar,1,5,16,0,22,0,33,59,0,92,1,38,75,0,114,120,0,120,234
02/06/2021,CPS,IL,AGL,CE,Towers with Radar,0,3,6,0,9,0,31,48,0,79,0,34,54,0,88,137,0,137,225
02/07/2021,CPS,IL,AGL,CE,Towers with Radar,1,0,4,0,5,0,4,27,2,33,1,4,31,2,38,38,0,38,76
02/08/2021,CPS,IL,AGL,CE,Towers with Radar,0,0,6,0,6,0,1,4,0,5,0,1,10,0,11,37,0,37,48
02/09/2021,CPS,IL,AGL,CE,Towers with Radar,1,3,2,0,6,0,3,8,0,11,1,6,10,0,17,77,0,77,94
02/10/2021,CPS,IL,AGL,CE,Towers with Radar,0,3,5,0,8,0,0,0,0,0,0,3,5,0,8,0,0,0,8
02/11/2021,CPS,IL,AGL,CE,Towers with Radar,0,9,6,0,15,0,6,11,0,17,0,15,17,0,32,25,0,25,57
02/12/2021,CPS,IL,AGL,CE,Towers with Radar,0,4,21,2,27,0,8,33,0,41,0,12,54,2,68,132,0,132,200
02/13/2021,CPS,IL,AGL,CE,Towers with Radar,0,2,6,0,8,0,4,7,0,11,0,6,13,0,19,4,0,4,23
02/14/2021,CPS,IL,AGL,CE,Towers with Radar,0,2,4,0,6,0,2,23,0,25,0,4,27,0,31,6,0,6,37
02/15/2021,CPS,IL,AGL,CE,Towers with Radar,0,0,0,0,0,0,0,1,0,1,0,0,1,0,1,0,0,0,1
02/16/2021,CPS,IL,AGL,CE,Towers with Radar,0,0,8,0,8,0,17,18,0,35,0,17,26,0,43,32,0,32,75
02/17/2021,CPS,IL,AGL,CE,Towers with Radar,0,4,10,0,14,0,4,11,0,15,0,8,21,0,29,29,0,29,58
02/18/2021,CPS,IL,AGL,CE,Towers with Radar,0,6,5,0,11,0,4,29,1,34,0,10,34,1,45,128,0,128,173
02/19/2021,CPS,IL,AGL,CE,Towers with Radar,0,9,20,0,29,0,42,61,2,105,0,51,81,2,134,219,0,219,353
02/20/2021,CPS,IL,AGL,CE,Towers with Radar,0,2,19,0,21,0,32,80,0,112,0,34,99,0,133,223,0,223,356
02/21/2021,CPS,IL,AGL,CE,Towers with Radar,0,3,12,0,15,0,3,21,0,24,0,6,33,0,39,61,0,61,100
02/22/2021,CPS,IL,AGL,CE,Towers with Radar,0,1,15,0,16,0,21,47,0,68,0,22,62,0,84,94,0,94,178
02/23/2021,CPS,IL,AGL,CE,Towers with Radar,0,4,27,1,32,0,68,119,2,189,0,72,146,3,221,376,0,376,597
02/24/2021,CPS,IL,AGL,CE,Towers with Radar,0,4,16,3,23,0,57,52,0,109,0,61,68,3,132,309,0,309,441
02/25/2021,CPS,IL,AGL,CE,Towers with Radar,1,2,20,0,23,0,88,101,2,191,1,90,121,2,214,519,0,519,733
02/26/2021,CPS,IL,AGL,CE,Towers with Radar,0,5,12,1,18,0,47,76,3,126,0,52,88,4,144,330,0,330,474
02/27/2021,CPS,IL,AGL,CE,Towers with Radar,0,0,16,3,19,0,53,111,3,167,0,53,127,6,186,290,0,290,476
02/28/2021,CPS,IL,AGL,CE,Towers with Radar,0,1,19,0,20,0,0,7,0,7,0,1,26,0,27,7,0,7,34
03/01/2021,CPS,IL,AGL,CE,Towers with Radar,0,2,27,0,29,0,61,59,0,120,0,63,86,0,149,264,45,309,458
03/02/2021,CPS,IL,AGL,CE,Towers with Radar,0,3,21,0,24,0,66,77,0,143,0,69,98,0,167,426,0,426,593
03/03/2021,CPS,IL,AGL,CE,Towers with Radar,0,4,16,0,20,0,68,76,0,144,0,72,92,0,164,444,0,444,608
03/04/2021,CPS,IL,AGL,CE,Towers with Radar,0,8,18,0,26,0,73,109,6,188,0,81,127,6,214,446,0,446,660
03/05/2021,CPS,IL,AGL,CE,Towers with Radar,0,5,24,0,29,0,54,110,3,167,0,59,134,3,196,240,0,240,436
03/06/2021,CPS,IL,AGL,CE,Towers with Radar,0,2,19,0,21,0,48,64,0,112,0,50,83,0,133,230,0,230,363
03/07/2021,CPS,IL,AGL,CE,Towers with Radar,0,3,16,0,19,0,34,71,0,105,0,37,87,0,124,115,0,115,239
03/08/2021,CPS,IL,AGL,CE,Towers with Radar,0,4,9,5,18,0,57,79,9,145,0,61,88,14,163,147,0,147,310
03/09/2021,CPS,IL,AGL,CE,Towers with Radar,0,1,15,2,18,0,22,87,0,109,0,23,102,2,127,264,0,264,391
03/10/2021,CPS,IL,AGL,CE,Towers with Radar,0,0,10,2,12,0,9,9,0,18,0,9,19,2,30,0,0,0,30
03/11/2021,CPS,IL,AGL,CE,Towers with Radar,0,11,19,0,30,0,4,8,0,12,0,15,27,0,42,4,0,4,46
03/12/2021,CPS,IL,AGL,CE,Towers with Radar,0,4,17,2,23,0,53,42,0,95,0,57,59,2,118,362,0,362,480
03/13/2021,CPS,IL,AGL,CE,Towers with Radar,1,0,16,0,17,0,43,46,0,89,1,43,62,0,106,280,0,280,386
03/14/2021,CPS,IL,AGL,CE,Towers with Radar,0,0,13,0,13,0,1,24,0,25,0,1,37,0,38,41,0,41,79
03/15/2021,CPS,IL,AGL,CE,Towers with Radar,0,2,8,1,11,0,0,2,0,2,0,2,10,1,13,0,0,0,13
03/16/2021,CPS,IL,AGL,CE,Towers with Radar,0,8,39,2,49,0,1,6,0,7,0,9,45,2,56,73,0,73,129
03/17/2021,CPS,IL,AGL,CE,Towers with Radar,0,2,14,7,23,0,0,1,0,1,0,2,15,7,24,18,0,18,42
03/18/2021,CPS,IL,AGL,CE,Towers with Radar,0,3,17,0,20,0,0,3,0,3,0,3,20,0,23,0,0,0,23
03/19/2021,CPS,IL,AGL,CE,Towers with Radar,0,2,20,0,22,0,38,83,0,121,0,40,103,0,143,245,0,245,388
03/20/2021,CPS,IL,AGL,CE,Towers with Radar,0,3,27,0,30,0,56,80,0,136,0,59,107,0,166,382,0,382,548
03/21/2021,CPS,IL,AGL,CE,Towers with Radar,0,1,16,2,19,0,17,59,0,76,0,18,75,2,95,167,0,167,262
03/22/2021,CPS,IL,AGL,CE,Towers with Radar,0,2,12,0,14,0,40,63,0,103,0,42,75,0,117,237,0,237,354
03/23/2021,CPS,IL,AGL,CE,Towers with Radar,0,4,4,0,8,0,3,9,0,12,0,7,13,0,20,12,0,12,32
03/24/2021,CPS,IL,AGL,CE,Towers with Radar,0,6,26,0,32,0,53,62,0,115,0,59,88,0,147,241,0,241,388
03/25/2021,CPS,IL,AGL,CE,Towers with Radar,2,6,10,2,20,0,18,10,0,28,2,24,20,2,48,183,0,183,231
03/26/2021,CPS,IL,AGL,CE,Towers with Radar,0,4,28,0,32,0,29,52,0,81,0,33,80,0,113,301,0,301,414
03/27/2021,CPS,IL,AGL,CE,Towers with Radar,0,1,10,0,11,0,32,86,0,118,0,33,96,0,129,269,0,269,398
03/28/2021,CPS,IL,AGL,CE,Towers with Radar,2,5,11,1,19,0,11,38,0,49,2,16,49,1,68,29,0,29,97
03/29/2021,CPS,IL,AGL,CE,Towers with Radar,0,5,14,0,19,2,18,48,0,68,2,23,62,0,87,182,0,182,269
03/30/2021,CPS,IL,AGL,CE,Towers with Radar,0,4,22,4,30,0,8,40,3,51,0,12,62,7,81,102,0,102,183
03/31/2021,CPS,IL,AGL,CE,Towers with Radar,0,0,15,3,18,0,35,51,1,87,0,35,66,4,105,166,0,166,271
04/01/2021,CPS,IL,AGL,CE,Towers with Radar,0,2,21,2,25,0,37,48,0,85,0,39,69,2,110,143,0,143,253
04/02/2021,CPS,IL,AGL,CE,Towers with Radar,0,0,9,2,11,0,11,46,1,58,0,11,55,3,69,146,0,146,215
04/03/2021,CPS,IL,AGL,CE,Towers with Radar,0,2,13,1,16,0,9,67,0,76,0,11,80,1,92,46,0,46,138
04/04/2021,CPS,IL,AGL,CE,Towers with Radar,2,1,7,0,10,0,6,67,0,73,2,7,74,0,83,67,0,67,150
04/05/2021,CPS,IL,AGL,CE,Towers with Radar,0,1,19,0,20,0,34,65,0,99,0,35,84,0,119,326,0,326,445
04/06/2021,CPS,IL,AGL,CE,Towers with Radar,0,2,16,0,18,0,60,73,0,133,0,62,89,0,151,189,0,189,340
04/07/2021,CPS,IL,AGL,CE,Towers with Radar,0,2,7,0,9,0,6,31,0,37,0,8,38,0,46,71,0,71,117
04/08/2021,CPS,IL,AGL,CE,Towers with Radar,5,5,21,0,31,0,16,23,0,39,5,21,44,0,70,101,0,101,171
04/09/2021,CPS,IL,AGL,CE,Towers with Radar,0,4,31,6,41,0,57,86,0,143,0,61,117,6,184,374,0,374,558
04/10/2021,CPS,IL,AGL,CE,Towers with Radar,1,8,16,0,25,0,2,0,0,2,1,10,16,0,27,1,0,1,28
04/11/2021,CPS,IL,AGL,CE,Towers with Radar,0,4,12,0,16,0,18,31,0,49,0,22,43,0,65,32,0,32,97
04/12/2021,CPS,IL,AGL,CE,Towers with Radar,0,2,19,0,21,0,63,66,0,129,0,65,85,0,150,396,0,396,546
04/13/2021,CPS,IL,AGL,CE,Towers with Radar,2,7,12,0,21,0,74,81,0,155,2,81,93,0,176,496,0,496,672
04/14/2021,CPS,IL,AGL,CE,Towers with Radar,2,12,20,0,34,0,74,71,1,146,2,86,91,1,180,420,0,420,600
04/15/2021,CPS,IL,AGL,CE,Towers with Radar,2,3,22,3,30,0,65,62,2,129,2,68,84,5,159,323,0,323,482
04/16/2021,CPS,IL,AGL,CE,Towers with Radar,0,4,19,4,27,0,58,58,1,117,0,62,77,5,144,413,0,413,557
04/17/2021,CPS,IL,AGL,CE,Towers with Radar,0,3,16,0,19,0,12,34,1,47,0,15,50,1,66,71,0,71,137
04/18/2021,CPS,IL,AGL,CE,Towers with Radar,0,3,26,3,32,0,5,70,1,76,0,8,96,4,108,100,0,100,208
04/19/2021,CPS,IL,AGL,CE,Towers with Radar,0,6,17,2,25,0,57,77,2,136,0,63,94,4,161,268,0,268,429
04/20/2021,CPS,IL,AGL,CE,Towers with Radar,0,1,12,0,13,0,11,5,0,16,0,12,17,0,29,26,0,26,55
04/21/2021,CPS,IL,AGL,CE,Towers with Radar,0,0,21,0,21,0,52,63,0,115,0,52,84,0,136,417,0,417,553
04/22/2021,CPS,IL,AGL,CE,Towers with Radar,0,0,27,0,27,0,99,107,2,208,0,99,134,2,235,565,0,565,800
04/23/2021,CPS,IL,AGL,CE,Towers with Radar,0,8,21,0,29,0,21,34,0,55,0,29,55,0,84,132,0,132,216
04/24/2021,CPS,IL,AGL,CE,Towers with Radar,0,2,17,1,20,0,2,19,2,23,0,4,36,3,43,37,0,37,80
04/25/2021,CPS,IL,AGL,CE,Towers with Radar,0,0,20,0,20,0,26,89,3,118,0,26,109,3,138,278,0,278,416
04/26/2021,CPS,IL,AGL,CE,Towers with Radar,1,2,16,2,21,0,5,43,0,48,1,7,59,2,69,68,0,68,137
04/27/2021,CPS,IL,AGL,CE,Towers with Radar,0,0,10,2,12,0,14,45,1,60,0,14,55,3,72,43,0,43,115
04/28/2021,CPS,IL,AGL,CE,Towers with Radar,0,2,13,0,15,0,3,15,0,18,0,5,28,0,33,58,0,58,91
04/29/2021,CPS,IL,AGL,CE,Towers with Radar,2,5,15,1,23,0,35,42,1,78,2,40,57,2,101,210,0,210,311
04/30/2021,CPS,IL,AGL,CE,Towers with Radar,0,6,30,1,37,0,64,113,1,178,0,70,143,2,215,300,0,300,515
05/01/2021,CPS,IL,AGL,CE,Towers with Radar,0,2,15,0,17,0,34,87,1,122,0,36,102,1,139,202,0,202,341
05/02/2021,CPS,IL,AGL,CE,Towers with Radar,4,5,9,0,18,0,6,49,0,55,4,11,58,0,73,107,0,107,180
05/03/2021,CPS,IL,AGL,CE,Towers with Radar,0,0,15,0,15,0,30,48,0,78,0,30,63,0,93,280,0,280,373
05/04/2021,CPS,IL,AGL,CE,Towers with Radar,0,6,18,0,24,0,1,8,0,9,0,7,26,0,33,28,0,28,61
05/05/2021,CPS,IL,AGL,CE,Towers with Radar,1,4,28,0,33,0,85,103,0,188,1,89,131,0,221,517,0,517,738
05/06/2021,CPS,IL,AGL,CE,Towers with Radar,2,3,14,1,20,0,26,42,1,69,2,29,56,2,89,152,0,152,241
05/07/2021,CPS,IL,AGL,CE,Towers with Radar,0,2,26,3,31,0,44,53,1,98,0,46,79,4,129,252,0,252,381
05/08/2021,CPS,IL,AGL,CE,Towers with Radar,0,1,14,0,15,0,11,27,0,38,0,12,41,0,53,60,0,60,113
05/09/2021,CPS,IL,AGL,CE,Towers with Radar,0,0,5,0,5,0,5,6,0,11,0,5,11,0,16,0,0,0,16
05/10/2021,CPS,IL,AGL,CE,Towers with Radar,2,5,18,1,26,0,43,69,3,115,2,48,87,4,141,366,0,366,507
05/11/2021,CPS,IL,AGL,CE,Towers with Radar,2,3,24,3,32,0,57,55,0,112,2,60,79,3,144,302,0,302,446
05/12/2021,CPS,IL,AGL,CE,Towers with Radar,0,5,20,0,25,0,58,88,4,150,0,63,108,4,175,293,0,293,468
05/13/2021,CPS,IL,AGL,CE,Towers with Radar,1,9,23,0,33,0,61,77,1,139,1,70,100,1,172,432,0,432,604
05/14/2021,CPS,IL,AGL,CE,Towers with Radar,0,2,16,0,18,0,57,93,2,152,0,59,109,2,170,365,0,365,535
05/15/2021,CPS,IL,AGL,CE,Towers with Radar,0,2,13,2,17,0,9,42,0,51,0,11,55,2,68,117,0,117,185
05/16/2021,CPS,IL,AGL,CE,Towers with Radar,0,0,14,0,14,0,8,17,2,27,0,8,31,2,41,42,0,42,83
05/17/2021,CPS,IL,AGL,CE,Towers with Radar,0,5,19,0,24,0,10,11,0,21,0,15,30,0,45,117,0,117,162
05/18/2021,CPS,IL,AGL,CE,Towers with Radar,0,6,17,3,26,0,0,14,0,14,0,6,31,3,40,0,0,0,40
05/19/2021,CPS,IL,AGL,CE,Towers with Radar,0,7,28,0,35,0,37,66,1,104,0,44,94,1,139,132,0,132,271
05/20/2021,CPS,IL,AGL,CE,Towers with Radar,1,9,24,5,39,0,41,65,6,112,1,50,89,11,151,129,0,129,280
05/21/2021,CPS,IL,AGL,CE,Towers with Radar,0,2,20,5,27,0,59,85,6,150,0,61,105,11,177,287,1,288,465
05/22/2021,CPS,IL,AGL,CE,Towers with Radar,0,6,19,1,26,0,8,106,0,114,0,14,125,1,140,206,0,206,346
05/23/2021,CPS,IL,AGL,CE,Towers with Radar,2,1,11,0,14,0,8,82,2,92,2,9,93,2,106,121,0,121,227
05/24/2021,CPS,IL,AGL,CE,Towers with Radar,0,6,24,1,31,0,64,96,3,163,0,70,120,4,194,304,3,307,501
05/25/2021,CPS,IL,AGL,CE,Towers with Radar,0,0,23,1,24,0,37,54,1,92,0,37,77,2,116,166,0,166,282
05/26/2021,CPS,IL,AGL,CE,Towers with Radar,0,3,21,3,27,0,33,32,3,68,0,36,53,6,95,292,0,292,387
05/27/2021,CPS,IL,AGL,CE,Towers with Radar,0,4,19,2,25,0,27,19,0,46,0,31,38,2,71,160,0,160,231
05/28/2021,CPS,IL,AGL,CE,Towers with Radar,0,5,33,0,38,0,2,2,0,4,0,7,35,0,42,0,0,0,42
05/29/2021,CPS,IL,AGL,CE,Towers with Radar,0,0,20,0,20,0,6,69,0,75,0,6,89,0,95,124,0,124,219
05/30/2021,CPS,IL,AGL,CE,Towers with Radar,0,2,14,0,16,0,3,68,0,71,0,5,82,0,87,83,0,83,170
05/31/2021,CPS,IL,AGL,CE,Towers with Radar,0,2,13,0,15,0,6,71,0,77,0,8,84,0,92,139,0,139,231
06/01/2021,CPS,IL,AGL,CE,Towers with Radar,0,2,11,1,14,0,29,47,0,76,0,31,58,1,90,294,0,294,384
06/02/2021,CPS,IL,AGL,CE,Towers with Radar,0,0,39,3,42,0,12,15,0,27,0,12,54,3,69,196,0,196,265
06/03/2021,CPS,IL,AGL,CE,Towers with Radar,1,3,36,1,41,0,70,61,0,131,1,73,97,1,172,358,0,358,530
06/04/2021,CPS,IL,AGL,CE,Towers with Radar,0,0,25,1,26,0,71,76,0,147,0,71,101,1,173,375,0,375,548
06/05/2021,CPS,IL,AGL,CE,Towers with Radar,0,4,12,0,16,0,22,63,0,85,0,26,75,0,101,122,0,122,223
06/06/2021,CPS,IL,AGL,CE,Towers with Radar,0,2,20,0,22,0,14,47,3,64,0,16,67,3,86,86,1,87,173
06/07/2021,CPS,IL,AGL,CE,Towers with Radar,0,0,12,18,30,0,12,26,2,40,0,12,38,20,70,266,6,272,342
06/08/2021,CPS,IL,AGL,CE,Towers with Radar,0,8,14,0,22,0,6,21,0,27,0,14,35,0,49,146,0,146,195
06/09/2021,CPS,IL,AGL,CE,Towers with Radar,1,1,22,0,24,0,9,30,0,39,1,10,52,0,63,258,0,258,321
06/10/2021,CPS,IL,AGL,CE,Towers with Radar,1,1,18,0,20,0,43,64,0,107,1,44,82,0,127,342,0,342,469
06/11/2021,CPS,IL,AGL,CE,Towers with Radar,0,7,23,1,31,0,59,67,0,126,0,66,90,1,157,304,0,304,461
06/12/2021,CPS,IL,AGL,CE,Towers with Radar,0,0,13,0,13,0,3,61,0,64,0,3,74,0,77,80,0,80,157
06/13/2021,CPS,IL,AGL,CE,Towers with Radar,1,4,10,0,15,0,3,77,0,80,1,7,87,0,95,53,0,53,148
06/14/2021,CPS,IL,AGL,CE,Towers with Radar,0,4,14,0,18,0,44,60,0,104,0,48,74,0,122,238,0,238,360
06/15/2021,CPS,IL,AGL,CE,Towers with Radar,1,2,33,0,36,0,56,67,0,123,1,58,100,0,159,311,0,311,470
06/16/2021,CPS,IL,AGL,CE,Towers with Radar,3,1,34,0,38,4,47,75,2,128,7,48,109,2,166,381,0,381,547
06/17/2021,CPS,IL,AGL,CE,Towers with Radar,0,4,32,0,36,0,45,67,0,112,0,49,99,0,148,251,0,251,399
06/18/2021,CPS,IL,AGL,CE,Towers with Radar,0,2,22,2,26,0,10,55,0,65,0,12,77,2,91,17,0,17,108
06/19/2021,CPS,IL,AGL,CE,Towers with Radar,0,2,7,1,10,0,2,33,1,36,0,4,40,2,46,39,0,39,85
06/20/2021,CPS,IL,AGL,CE,Towers with Radar,0,0,14,0,14,0,4,51,1,56,0,4,65,1,70,20,0,20,90
06/21/2021,CPS,IL,AGL,CE,Towers with Radar,0,7,18,1,26,0,10,36,0,46,0,17,54,1,72,261,0,261,333
06/22/2021,CPS,IL,AGL,CE,Towers with Radar,0,3,27,0,30,0,42,84,0,126,0,45,111,0,156,327,0,327,483
06/23/2021,CPS,IL,AGL,CE,Towers with Radar,1,2,24,0,27,0,55,77,0,132,1,57,101,0,159,288,0,288,447
06/24/2021,CPS,IL,AGL,CE,Towers with Radar,0,0,29,1,30,0,26,48,0,74,0,26,77,1,104,172,0,172,276
06/25/2021,CPS,IL,AGL,CE,Towers with Radar,1,4,9,1,15,0,4,46,1,51,1,8,55,2,66,42,0,42,108
06/26/2021,CPS,IL,AGL,CE,Towers with Radar,0,0,11,0,11,0,3,24,0,27,0,3,35,0,38,13,0,13,51
06/27/2021,CPS,IL,AGL,CE,Towers with Radar,0,6,23,0,29,0,2,14,0,16,0,8,37,0,45,6,0,6,51
06/28/2021,CPS,IL,AGL,CE,Towers with Radar,0,4,12,0,16,0,43,63,0,106,0,47,75,0,122,283,0,283,405
06/29/2021,CPS,IL,AGL,CE,Towers with Radar,0,9,25,0,34,0,35,76,0,111,0,44,101,0,145,268,0,268,413
06/30/2021,CPS,IL,AGL,CE,Towers with Radar,2,3,28,0,33,0,24,56,0,80,2,27,84,0,113,201,0,201,314
07/01/2021,CPS,IL,AGL,CE,Towers with Radar,0,4,27,0,31,0,14,25,0,39,0,18,52,0,70,96,0,96,166
07/02/2021,CPS,IL,AGL,CE,Towers with Radar,0,5,38,0,43,0,40,69,0,109,0,45,107,0,152,172,0,172,324
07/03/2021,CPS,IL,AGL,CE,Towers with Radar,0,1,20,0,21,0,3,73,0,76,0,4,93,0,97,184,0,184,281
07/04/2021,CPS,IL,AGL,CE,Towers with Radar,0,1,14,0,15,0,6,32,0,38,0,7,46,0,53,66,0,66,119
07/05/2021,CPS,IL,AGL,CE,Towers with Radar,0,2,20,0,22,0,1,73,0,74,0,3,93,0,96,86,0,86,182
07/06/2021,CPS,IL,AGL,CE,Towers with Radar,0,12,22,0,34,0,33,62,1,96,0,45,84,1,130,326,0,326,456
07/07/2021,CPS,IL,AGL,CE,Towers with Radar,0,3,23,0,26,0,52,58,0,110,0,55,81,0,136,394,0,394,530
07/08/2021,CPS,IL,AGL,CE,Towers with Radar,0,6,30,0,36,0,27,60,2,89,0,33,90,2,125,128,0,128,253
07/09/2021,CPS,IL,AGL,CE,Towers with Radar,0,3,25,3,31,0,42,57,3,102,0,45,82,6,133,351,0,351,484
07/10/2021,CPS,IL,AGL,CE,Towers with Radar,0,1,11,0,12,0,4,32,0,36,0,5,43,0,48,27,0,27,75
07/11/2021,CPS,IL,AGL,CE,Towers with Radar,1,5,12,0,18,0,4,21,0,25,1,9,33,0,43,67,0,67,110
07/12/2021,CPS,IL,AGL,CE,Towers with Radar,0,5,26,0,31,0,5,29,0,34,0,10,55,0,65,152,0,152,217
07/13/2021,CPS,IL,AGL,CE,Towers with Radar,0,9,23,0,32,0,14,54,0,68,0,23,77,0,100,249,0,249,349
07/14/2021,CPS,IL,AGL,CE,Towers with Radar,1,11,35,0,47,0,50,107,0,157,1,61,142,0,204,356,0,356,560
07/15/2021,CPS,IL,AGL,CE,Towers with Radar,1,7,18,0,26,0,28,39,0,67,1,35,57,0,93,179,0,179,272
07/16/2021,CPS,IL,AGL,CE,Towers with Radar,0,2,20,0,22,0,2,11,0,13,0,4,31,0,35,44,0,44,79
07/17/2021,CPS,IL,AGL,CE,Towers with Radar,0,3,19,0,22,0,1,65,0,66,0,4,84,0,88,65,0,65,153
07/18/2021,CPS,IL,AGL,CE,Towers with Radar,3,5,27,0,35,0,8,61,0,69,3,13,88,0,104,143,0,143,247
07/19/2021,CPS,IL,AGL,CE,Towers with Radar,0,1,21,6,28,0,46,78,0,124,0,47,99,6,152,299,0,299,451
07/20/2021,CPS,IL,AGL,CE,Towers with Radar,0,5,18,3,26,0,39,85,0,124,0,44,103,3,150,276,0,276,426
07/21/2021,CPS,IL,AGL,CE,Towers with Radar,0,7,27,6,40,0,39,86,1,126,0,46,113,7,166,353,0,353,519
07/22/2021,CPS,IL,AGL,CE,Towers with Radar,0,3,37,4,44,0,30,54,2,86,0,33,91,6,130,309,0,309,439
07/23/2021,CPS,IL,AGL,CE,Towers with Radar,0,3,27,7,37,0,18,56,1,75,0,21,83,8,112,186,1,187,299
07/24/2021,CPS,IL,AGL,CE,Towers with Radar,0,2,15,0,17,0,9,65,0,74,0,11,80,0,91,93,0,93,184
07/25/2021,CPS,IL,AGL,CE,Towers with Radar,0,0,13,4,17,0,8,32,4,44,0,8,45,8,61,18,17,35,96
07/26/2021,CPS,IL,AGL,CE,Towers with Radar,0,2,10,0,12,0,34,62,0,96,0,36,72,0,108,226,0,226,334
07/27/2021,CPS,IL,AGL,CE,Towers with Radar,0,3,15,0,18,0,37,80,0,117,0,40,95,0,135,310,0,310,445
07/28/2021,CPS,IL,AGL,CE,Towers with Radar,3,1,23,5,32,0,28,52,3,83,3,29,75,8,115,112,0,112,227
07/29/2021,CPS,IL,AGL,CE,Towers with Radar,0,2,21,3,26,0,17,48,0,65,0,19,69,3,91,174,0,174,265
07/30/2021,CPS,IL,AGL,CE,Towers with Radar,0,4,29,2,35,0,13,44,2,59,0,17,73,4,94,196,0,196,290
07/31/2021,CPS,IL,AGL,CE,Towers with Radar,0,4,10,0,14,0,1,16,0,17,0,5,26,0,31,14,0,14,45
08/01/2021,CPS,IL,AGL,CE,Towers with Radar,1,3,16,0,20,0,9,65,0,74,1,12,81,0,94,80,0,80,174
08/02/2021,CPS,IL,AGL,CE,Towers with Radar,2,1,12,0,15,0,36,47,0,83,2,37,59,0,98,181,0,181,279
08/03/2021,CPS,IL,AGL,CE,Towers with Radar,0,11,18,0,29,0,28,71,0,99,0,39,89,0,128,290,0,290,418
08/04/2021,CPS,IL,AGL,CE,Towers with Radar,0,6,19,0,25,0,34,80,2,116,0,40,99,2,141,252,0,252,393
08/05/2021,CPS,IL,AGL,CE,Towers with Radar,0,6,31,0,37,0,24,38,0,62,0,30,69,0,99,153,0,153,252
08/06/2021,CPS,IL,AGL,CE,Towers with Radar,0,2,18,0,20,0,23,64,2,89,0,25,82,2,109,173,0,173,282
08/07/2021,CPS,IL,AGL,CE,Towers with Radar,0,6,16,4,26,0,9,135,2,146,0,15,151,6,172,133,0,133,305
08/08/2021,CPS,IL,AGL,CE,Towers with Radar,2,2,24,5,33,0,1,32,3,36,2,3,56,8,69,89,0,89,158
08/09/2021,CPS,IL,AGL,CE,Towers with Radar,2,2,18,0,22,0,12,37,2,51,2,14,55,2,73,108,0,108,181
08/10/2021,CPS,IL,AGL,CE,Towers with Radar,0,0,15,0,15,0,22,55,3,80,0,22,70,3,95,246,0,246,341
08/11/2021,CPS,IL,AGL,CE,Towers with Radar,0,7,18,2,27,0,22,59,2,83,0,29,77,4,110,183,0,183,293
08/12/2021,CPS,IL,AGL,CE,Towers with Radar,0,3,23,0,26,0,16,66,0,82,0,19,89,0,108,248,0,248,356
08/13/2021,CPS,IL,AGL,CE,Towers with Radar,0,7,16,1,24,0,27,79,3,109,0,34,95,4,133,168,0,168,301
08/14/2021,CPS,IL,AGL,CE,Towers with Radar,0,1,14,2,17,0,6,85,0,91,0,7,99,2,108,82,0,82,190
08/15/2021,CPS,IL,AGL,CE,Towers with Radar,2,2,14,2,20,0,6,73,0,79,2,8,87,2,99,121,0,121,220
08/16/2021,CPS,IL,AGL,CE,Towers with Radar,0,7,11,2,20,0,25,54,1,80,0,32,65,3,100,237,0,237,337
08/17/2021,CPS,IL,AGL,CE,Towers with Radar,0,9,11,0,20,0,18,72,0,90,0,27,83,0,110,293,0,293,403
08/18/2021,CPS,IL,AGL,CE,Towers with Radar,0,5,24,0,29,0,35,73,3,111,0,40,97,3,140,299,0,299,439
08/19/2021,CPS,IL,AGL,CE,Towers with Radar,0,12,29,2,43,0,19,47,4,70,0,31,76,6,113,255,0,255,368
08/20/2021,CPS,IL,AGL,CE,Towers with Radar,0,8,28,0,36,0,14,72,0,86,0,22,100,0,122,241,0,241,363
08/21/2021,CPS,IL,AGL,CE,Towers with Radar,0,15,28,0,43,0,6,53,0,59,0,21,81,0,102,42,0,42,144
08/22/2021,CPS,IL,AGL,CE,Towers with Radar,0,16,34,2,52,0,6,61,0,67,0,22,95,2,119,131,0,131,250
08/23/2021,CPS,IL,AGL,CE,Towers with Radar,0,1,18,3,22,0,4,21,2,27,0,5,39,5,49,50,0,50,99
08/24/2021,CPS,IL,AGL,CE,Towers with Radar,0,1,23,1,25,0,10,81,1,92,0,11,104,2,117,143,0,143,260
08/25/2021,CPS,IL,AGL,CE,Towers with Radar,1,4,29,0,34,0,23,72,0,95,1,27,101,0,129,211,0,211,340
08/26/2021,CPS,IL,AGL,CE,Towers with Radar,0,1,22,3,26,0,25,43,4,72,0,26,65,7,98,210,0,210,308
08/27/2021,CPS,IL,AGL,CE,Towers with Radar,0,1,15,2,18,0,28,73,2,103,0,29,88,4,121,223,0,223,344
08/28/2021,CPS,IL,AGL,CE,Towers with Radar,0,0,10,0,10,0,22,92,3,117,0,22,102,3,127,219,0,219,346
08/29/2021,CPS,IL,AGL,CE,Towers with Radar,0,2,7,0,9,0,6,39,4,49,0,8,46,4,58,28,0,28,86
08/30/2021,CPS,IL,AGL,CE,Towers with Radar,0,6,9,0,15,8,14,28,2,52,8,20,37,2,67,139,0,139,206
08/31/2021,CPS,IL,AGL,CE,Towers with Radar,0,5,17,3,25,0,19,30,1,50,0,24,47,4,75,123,0,123,198
09/01/2021,CPS,IL,AGL,CE,Towers with Radar,0,2,24,0,26,0,49,70,0,119,0,51,94,0,145,226,1,227,372
09/02/2021,CPS,IL,AGL,CE,Towers with Radar,0,3,24,6,33,0,56,88,9,153,0,59,112,15,186,326,0,326,512
09/03/2021,CPS,IL,AGL,CE,Towers with Radar,0,2,21,0,23,0,30,75,2,107,0,32,96,2,130,186,2,188,318
09/04/2021,CPS,IL,AGL,CE,Towers with Radar,0,1,6,1,8,0,0,1,0,1,0,1,7,1,9,2,0,2,11
09/05/2021,CPS,IL,AGL,CE,Towers with Radar,1,5,18,1,25,0,6,59,1,66,1,11,77,2,91,71,0,71,162
09/06/2021,CPS,IL,AGL,CE,Towers with Radar,0,2,26,0,28,0,5,85,2,92,0,7,111,2,120,88,2,90,210
09/07/2021,CPS,IL,AGL,CE,Towers with Radar,0,9,19,2,30,0,38,77,2,117,0,47,96,4,147,142,0,142,289
09/08/2021,CPS,IL,AGL,CE,Towers with Radar,0,6,21,2,29,0,55,94,4,153,0,61,115,6,182,395,0,395,577
09/09/2021,CPS,IL,AGL,CE,Towers with Radar,0,8,37,0,45,0,54,95,5,154,0,62,132,5,199,433,0,433,632
09/10/2021,CPS,IL,AGL,CE,Towers with Radar,0,3,28,0,31,0,59,101,1,161,0,62,129,1,192,319,0,319,511
09/11/2021,CPS,IL,AGL,CE,Towers with Radar,0,1,10,1,12,0,22,64,2,88,0,23,74,3,100,100,0,100,200
09/12/2021,CPS,IL,AGL,CE,Towers with Radar,1,2,21,6,30,0,12,55,4,71,1,14,76,10,101,85,0,85,186
09/13/2021,CPS,IL,AGL,CE,Towers with Radar,0,5,20,0,25,0,32,50,0,82,0,37,70,0,107,246,0,246,353
09/14/2021,CPS,IL,AGL,CE,Towers with Radar,0,12,38,0,50,0,38,77,0,115,0,50,115,0,165,152,0,152,317
09/15/2021,CPS,IL,AGL,CE,Towers with Radar,0,16,34,0,50,0,60,79,0,139,0,76,113,0,189,521,0,521,710
09/16/2021,CPS,IL,AGL,CE,Towers with Radar,0,8,36,4,48,0,74,106,2,182,0,82,142,6,230,438,0,438,668
09/17/2021,CPS,IL,AGL,CE,Towers with Radar,0,11,25,6,42,0,44,54,8,106,0,55,79,14,148,266,0,266,414
09/18/2021,CPS,IL,AGL,CE,Towers with Radar,0,5,10,0,15,0,45,109,5,159,0,50,119,5,174,259,0,259,433
09/19/2021,CPS,IL,AGL,CE,Towers with Radar,2,6,8,0,16,0,17,56,0,73,2,23,64,0,89,151,0,151,240
09/20/2021,CPS,IL,AGL,CE,Towers with Radar,0,10,15,0,25,0,3,38,0,41,0,13,53,0,66,92,0,92,158
09/21/2021,CPS,IL,AGL,CE,Towers with Radar,2,5,34,0,41,0,4,9,0,13,2,9,43,0,54,12,0,12,66
09/22/2021,CPS,IL,AGL,CE,Towers with Radar,0,4,22,0,26,0,33,45,2,80,0,37,67,2,106,155,0,155,261
09/23/2021,CPS,IL,AGL,CE,Towers with Radar,0,4,42,10,56,0,85,92,0,177,0,89,134,10,233,314,2,316,549
09/24/2021,CPS,IL,AGL,CE,Towers with Radar,0,11,27,0,38,0,39,66,3,108,0,50,93,3,146,323,0,323,469
09/25/2021,CPS,IL,AGL,CE,Towers with Radar,1,4,20,2,27,0,36,107,1,144,1,40,127,3,171,148,0,148,319
09/26/2021,CPS,IL,AGL,CE,Towers with Radar,1,6,30,0,37,0,12,81,0,93,1,18,111,0,130,35,0,35,165
09/27/2021,CPS,IL,AGL,CE,Towers with Radar,2,12,22,1,37,0,46,75,1,122,2,58,97,2,159,123,0,123,282
09/28/2021,CPS,IL,AGL,CE,Towers with Radar,1,12,29,3,45,0,67,73,1,141,1,79,102,4,186,440,0,440,626
09/29/2021,CPS,IL,AGL,CE,Towers with Radar,0,2,18,0,20,0,74,66,0,140,0,76,84,0,160,455,0,455,615
09/30/2021,CPS,IL,AGL,CE,Towers with Radar,0,10,27,5,42,0,52,53,1,106,0,62,80,6,148,402,0,402,550
10/01/2021,CPS,IL,AGL,CE,Towers with Radar,0,5,32,0,37,0,30,84,2,116,0,35,116,2,153,381,0,381,534
10/02/2021,CPS,IL,AGL,CE,Towers with Radar,0,4,28,0,32,0,4,11,0,15,0,8,39,0,47,8,0,8,55
10/03/2021,CPS,IL,AGL,CE,Towers with Radar,0,4,26,4,34,0,7,47,7,61,0,11,73,11,95,49,0,49,144
10/04/2021,CPS,IL,AGL,CE,Towers with Radar,0,3,14,1,18,0,63,59,1,123,0,66,73,2,141,334,0,334,475
10/05/2021,CPS,IL,AGL,CE,Towers with Radar,0,9,25,0,34,0,19,46,0,65,0,28,71,0,99,276,0,276,375
10/06/2021,CPS,IL,AGL,CE,Towers with Radar,0,9,29,3,41,0,11,16,0,27,0,20,45,3,68,134,0,134,202
10/07/2021,CPS,IL,AGL,CE,Towers with Radar,0,5,29,0,34,0,15,36,0,51,0,20,65,0,85,140,0,140,225
10/08/2021,CPS,IL,AGL,CE,Towers with Radar,1,4,29,0,34,4,76,106,0,186,5,80,135,0,220,356,0,356,576
10/09/2021,CPS,IL,AGL,CE,Towers with Radar,0,3,19,0,22,0,62,104,0,166,0,65,123,0,188,266,0,266,454
10/10/2021,CPS,IL,AGL,CE,Towers with Radar,0,1,36,0,37,0,11,36,0,47,0,12,72,0,84,28,0,28,112
10/11/2021,CPS,IL,AGL,CE,Towers with Radar,0,7,6,0,13,0,3,11,0,14,0,10,17,0,27,31,0,31,58
10/12/2021,CPS,IL,AGL,CE,Towers with Radar,0,1,30,0,31,0,95,77,2,174,0,96,107,2,205,410,0,410,615
10/13/2021,CPS,IL,AGL,CE,Towers with Radar,0,6,20,1,27,0,25,42,3,70,0,31,62,4,97,227,0,227,324
10/14/2021,CPS,IL,AGL,CE,Towers with Radar,0,5,29,0,34,0,4,8,1,13,0,9,37,1,47,111,0,111,158
10/15/2021,CPS,IL,AGL,CE,Towers with Radar,0,3,26,2,31,0,3,14,1,18,0,6,40,3,49,5,0,5,54
10/16/2021,CPS,IL,AGL,CE,Towers with Radar,0,0,20,0,20,0,41,77,0,118,0,41,97,0,138,184,0,184,322
10/17/2021,CPS,IL,AGL,CE,Towers with Radar,0,5,24,3,32,0,19,89,2,110,0,24,113,5,142,177,0,177,319
10/18/2021,CPS,IL,AGL,CE,Towers with Radar,0,2,29,1,32,0,50,71,3,124,0,52,100,4,156,373,0,373,529
10/19/2021,CPS,IL,AGL,CE,Towers with Radar,0,3,29,0,32,0,61,74,4,139,0,64,103,4,171,324,0,324,495
10/20/2021,CPS,IL,AGL,CE,Towers with Radar,0,4,23,0,27,0,72,109,0,181,0,76,132,0,208,357,0,357,565
10/21/2021,CPS,IL,AGL,CE,Towers with Radar,0,0,23,1,24,0,38,85,2,125,0,38,108,3,149,290,0,290,439
10/22/2021,CPS,IL,AGL,CE,Towers with Radar,0,4,25,2,31,0,26,59,2,87,0,30,84,4,118,236,0,236,354
10/23/2021,CPS,IL,AGL,CE,Towers with Radar,0,0,16,0,16,0,6,72,0,78,0,6,88,0,94,161,0,161,255
10/24/2021,CPS,IL,AGL,CE,Towers with Radar,0,2,10,0,12,0,2,13,0,15,0,4,23,0,27,2,0,2,29
10/25/2021,CPS,IL,AGL,CE,Towers with Radar,1,3,24,0,28,0,7,19,0,26,1,10,43,0,54,40,0,40,94
10/26/2021,CPS,IL,AGL,CE,Towers with Radar,0,6,39,1,46,0,59,92,4,155,0,65,131,5,201,390,0,390,591
10/27/2021,CPS,IL,AGL,CE,Towers with Radar,2,7,13,0,22,0,50,77,0,127,2,57,90,0,149,307,0,307,456
10/28/2021,CPS,IL,AGL,CE,Towers with Radar,1,6,25,0,32,0,0,0,0,0,1,6,25,0,32,0,0,0,32
10/29/2021,CPS,IL,AGL,CE,Towers with Radar,0,7,19,1,27,0,0,0,0,0,0,7,19,1,27,15,0,15,42
10/30/2021,CPS,IL,AGL,CE,Towers with Radar,0,6,23,1,30,0,14,33,0,47,0,20,56,1,77,174,0,174,251
10/31/2021,CPS,IL,AGL,CE,Towers with Radar,0,1,30,0,31,0,2,29,0,31,0,3,59,0,62,63,0,63,125
11/01/2021,CPS,IL,AGL,CE,Towers with Radar,0,3,31,0,34,0,45,53,0,98,0,48,84,0,132,287,0,287,419
11/02/2021,CPS,IL,AGL,CE,Towers with Radar,0,9,33,1,43,0,47,71,0,118,0,56,104,1,161,204,0,204,365
11/03/2021,CPS,IL,AGL,CE,Towers with Radar,0,4,18,3,25,0,72,93,5,170,0,76,111,8,195,376,0,376,571
11/04/2021,CPS,IL,AGL,CE,Towers with Radar,0,4,26,2,32,0,75,105,3,183,0,79,131,5,215,395,0,395,610
11/05/2021,CPS,IL,AGL,CE,Towers with Radar,0,8,24,2,34,0,66,71,0,137,0,74,95,2,171,400,0,400,571
11/06/2021,CPS,IL,AGL,CE,Towers with Radar,0,4,13,3,20,0,40,98,1,139,0,44,111,4,159,165,2,167,326
11/07/2021,CPS,IL,AGL,CE,Towers with Radar,0,1,16,1,18,0,14,98,3,115,0,15,114,4,133,85,1,86,219
11/08/2021,CPS,IL,AGL,CE,Towers with Radar,0,1,21,2,24,0,50,59,0,109,0,51,80,2,133,257,0,257,390
11/09/2021,CPS,IL,AGL,CE,Towers with Radar,0,5,27,2,34,0,73,73,3,149,0,78,100,5,183,304,0,304,487
11/10/2021,CPS,IL,AGL,CE,Towers with Radar,0,6,23,0,29,0,64,45,3,112,0,70,68,3,141,311,0,311,452
11/11/2021,CPS,IL,AGL,CE,Towers with Radar,0,2,20,0,22,0,3,16,0,19,0,5,36,0,41,6,0,6,47
11/12/2021,CPS,IL,AGL,CE,Towers with Radar,0,4,17,0,21,0,1,30,0,31,0,5,47,0,52,14,0,14,66
11/13/2021,CPS,IL,AGL,CE,Towers with Radar,1,1,12,0,14,0,31,69,0,100,1,32,81,0,114,164,0,164,278
11/14/2021,CPS,IL,AGL,CE,Towers with Radar,0,4,13,0,17,0,11,39,0,50,0,15,52,0,67,16,0,16,83
11/15/2021,CPS,IL,AGL,CE,Towers with Radar,2,7,14,1,24,0,18,55,0,73,2,25,69,1,97,113,0,113,210
11/16/2021,CPS,IL,AGL,CE,Towers with Radar,0,10,16,0,26,0,52,108,1,161,0,62,124,1,187,242,0,242,429
11/17/2021,CPS,IL,AGL,CE,Towers with Radar,0,3,25,0,28,0,6,17,1,24,0,9,42,1,52,11,0,11,63
11/18/2021,CPS,IL,AGL,CE,Towers with Radar,0,4,31,2,37,0,27,65,0,92,0,31,96,2,129,148,0,148,277
11/19/2021,CPS,IL,AGL,CE,Towers with Radar,0,3,24,3,30,0,58,98,0,156,0,61,122,3,186,217,0,217,403
11/20/2021,CPS,IL,AGL,CE,Towers with Radar,0,3,16,0,19,0,44,110,0,154,0,47,126,0,173,190,0,190,363
11/21/2021,CPS,IL,AGL,CE,Towers with Radar,1,3,23,0,27,0,3,63,0,66,1,6,86,0,93,112,0,112,205
11/22/2021,CPS,IL,AGL,CE,Towers with Radar,0,1,32,2,35,0,66,48,0,114,0,67,80,2,149,302,0,302,451
11/23/2021,CPS,IL,AGL,CE,Towers with Radar,0,4,17,0,21,0,51,72,0,123,0,55,89,0,144,258,0,258,402
11/24/2021,CPS,IL,AGL,CE,Towers with Radar,0,3,12,2,17,0,8,25,0,33,0,11,37,2,50,8,2,10,60
11/25/2021,CPS,IL,AGL,CE,Towers with Radar,0,2,2,0,4,0,7,17,0,24,0,9,19,0,28,9,0,9,37
11/26/2021,CPS,IL,AGL,CE,Towers with Radar,0,0,7,0,7,0,3,50,0,53,0,3,57,0,60,196,0,196,256
11/27/2021,CPS,IL,AGL,CE,Towers with Radar,0,6,22,0,28,0,2,73,0,75,0,8,95,0,103,204,0,204,307
11/28/2021,CPS,IL,AGL,CE,Towers with Radar,0,2,8,0,10,0,7,51,0,58,0,9,59,0,68,138,0,138,206
11/29/2021,CPS,IL,AGL,CE,Towers with Radar,0,1,12,0,13,0,29,49,0,78,0,30,61,0,91,151,0,151,242
11/30/2021,CPS,IL,AGL,CE,Towers with Radar,1,7,38,2,48,0,56,61,1,118,1,63,99,3,166,354,0,354,520
12/01/2021,CPS,IL,AGL,CE,Towers with Radar,0,11,33,2,46,0,52,80,3,135,0,63,113,5,181,433,0,433,614
12/02/2021,CPS,IL,AGL,CE,Towers with Radar,0,8,40,0,48,0,56,90,0,146,0,64,130,0,194,316,0,316,510
12/03/2021,CPS,IL,AGL,CE,Towers with Radar,0,0,30,0,30,0,73,111,0,184,0,73,141,0,214,328,0,328,542
12/04/2021,CPS,IL,AGL,CE,Towers with Radar,0,0,9,0,9,0,23,89,0,112,0,23,98,0,121,139,0,139,260
12/05/2021,CPS,IL,AGL,CE,Towers with Radar,0,2,11,0,13,0,2,2,0,4,0,4,13,0,17,30,0,30,47
12/06/2021,CPS,IL,AGL,CE,Towers with Radar,2,2,20,1,25,0,8,16,0,24,2,10,36,1,49,30,0,30,79
12/07/2021,CPS,IL,AGL,CE,Towers with Radar,0,5,21,2,28,0,34,48,0,82,0,39,69,2,110,315,0,315,425
12/08/2021,CPS,IL,AGL,CE,Towers with Radar,1,6,20,2,29,0,83,76,0,159,1,89,96,2,188,509,0,509,697
12/09/2021,CPS,IL,AGL,CE,Towers with Radar,0,5,21,0,26,0,10,29,1,40,0,15,50,1,66,76,0,76,142
12/10/2021,CPS,IL,AGL,CE,Towers with Radar,1,4,19,1,25,0,1,2,0,3,1,5,21,1,28,0,0,0,28
12/11/2021,CPS,IL,AGL,CE,Towers with Radar,0,5,9,1,15,0,1,40,0,41,0,6,49,1,56,2,0,2,58
12/12/2021,CPS,IL,AGL,CE,Towers with Radar,1,2,18,1,22,0,9,87,0,96,1,11,105,1,118,66,0,66,184
12/13/2021,CPS,IL,AGL,CE,Towers with Radar,0,16,17,1,34,0,54,66,0,120,0,70,83,1,154,236,0,236,390
12/14/2021,CPS,IL,AGL,CE,Towers with Radar,0,11,23,3,37,0,36,49,2,87,0,47,72,5,124,247,0,247,371
12/15/2021,CPS,IL,AGL,CE,Towers with Radar,0,2,21,1,24,0,1,3,2,6,0,3,24,3,30,2,0,2,32
12/16/2021,CPS,IL,AGL,CE,Towers with Radar,1,1,22,3,27,0,25,47,2,74,1,26,69,5,101,163,0,163,264
12/17/2021,CPS,IL,AGL,CE,Towers with Radar,0,5,21,0,26,0,1,8,0,9,0,6,29,0,35,68,0,68,103
12/18/2021,CPS,IL,AGL,CE,Towers with Radar,0,4,8,2,14,0,2,26,0,28,0,6,34,2,42,50,0,50,92
12/19/2021,CPS,IL,AGL,CE,Towers with Radar,0,0,17,0,17,0,2,64,0,66,0,2,81,0,83,273,0,273,356
12/20/2021,CPS,IL,AGL,CE,Towers with Radar,0,3,18,2,23,0,44,74,2,120,0,47,92,4,143,320,0,320,463
12/21/2021,CPS,IL,AGL,CE,Towers with Radar,0,13,29,0,42,0,32,73,0,105,0,45,102,0,147,352,0,352,499
12/22/2021,CPS,IL,AGL,CE,Towers with Radar,0,3,20,0,23,0,40,64,0,104,0,43,84,0,127,258,0,258,385
12/23/2021,CPS,IL,AGL,CE,Towers with Radar,0,7,15,1,23,0,4,55,0,59,0,11,70,1,82,15,0,15,97
12/24/2021,CPS,IL,AGL,CE,Towers with Radar,0,3,2,0,5,0,1,6,0,7,0,4,8,0,12,12,0,12,24
12/25/2021,CPS,IL,AGL,CE,Towers with Radar,0,0,17,0,17,0,0,17,0,17,0,0,34,0,34,34,0,34,68
12/26/2021,CPS,IL,AGL,CE,Towers with Radar,0,3,15,0,18,0,1,2,0,3,0,4,17,0,21,16,0,16,37
12/27/2021,CPS,IL,AGL,CE,Towers with Radar,1,5,23,4,33,0,8,74,0,82,1,13,97,4,115,75,0,75,190
12/28/2021,CPS,IL,AGL,CE,Towers with Radar,1,1,18,0,20,0,0,3,0,3,1,1,21,0,23,0,0,0,23
12/29/2021,CPS,IL,AGL,CE,Towers with Radar,0,5,5,0,10,0,1,6,0,7,0,6,11,0,17,23,0,23,40
12/30/2021,CPS,IL,AGL,CE,Towers with Radar,0,2,8,0,10,0,1,8,0,9,0,3,16,0,19,6,0,6,25
12/31/2021,CPS,IL,AGL,CE,Towers with Radar,4,2,6,0,12,0,6,47,0,53,4,8,53,0,65,65,0,65,130
01/01/2022,CPS,IL,AGL,CE,Towers with Radar,0,1,2,0,3,0,0,0,0,0,0,1,2,0,3,0,0,0,3
01/02/2022,CPS,IL,AGL,CE,Towers with Radar,3,4,5,0,12,0,4,9,0,13,3,8,14,0,25,12,0,12,37
01/03/2022,CPS,IL,AGL,CE,Towers with Radar,2,2,11,0,15,0,9,61,2,72,2,11,72,2,87,170,0,170,257
01/04/2022,CPS,IL,AGL,CE,Towers with Radar,0,3,18,0,21,0,16,56,0,72,0,19,74,0,93,67,0,67,160
01/05/2022,CPS,IL,AGL,CE,Towers with Radar,0,5,6,0,11,0,11,29,1,41,0,16,35,1,52,74,0,74,126
01/06/2022,CPS,IL,AGL,CE,Towers with Radar,2,8,4,0,14,0,5,40,0,45,2,13,44,0,59,84,0,84,143
01/07/2022,CPS,IL,AGL,CE,Towers with Radar,1,3,10,0,14,0,19,50,0,69,1,22,60,0,83,176,0,176,259
01/08/2022,CPS,IL,AGL,CE,Towers with Radar,2,2,7,2,13,0,1,1,0,2,2,3,8,2,15,27,0,27,42
01/09/2022,CPS,IL,AGL,CE,Towers with Radar,1,2,8,0,11,0,7,31,0,38,1,9,39,0,49,39,0,39,88
01/10/2022,CPS,IL,AGL,CE,Towers with Radar,0,1,13,0,14,0,47,40,1,88,0,48,53,1,102,257,0,257,359
01/11/2022,CPS,IL,AGL,CE,Towers with Radar,0,2,16,0,18,0,39,62,0,101,0,41,78,0,119,175,0,175,294
01/12/2022,CPS,IL,AGL,CE,Towers with Radar,0,3,18,2,23,0,43,70,1,114,0,46,88,3,137,338,0,338,475
01/13/2022,CPS,IL,AGL,CE,Towers with Radar,1,3,30,0,34,0,50,60,0,110,1,53,90,0,144,333,0,333,477
01/14/2022,CPS,IL,AGL,CE,Towers with Radar,1,4,15,0,20,0,1,19,0,20,1,5,34,0,40,16,0,16,56
01/15/2022,CPS,IL,AGL,CE,Towers with Radar,2,0,5,0,7,0,1,2,0,3,2,1,7,0,10,18,0,18,28
01/16/2022,CPS,IL,AGL,CE,Towers with Radar,0,2,7,0,9,0,7,58,0,65,0,9,65,0,74,101,0,101,175
01/17/2022,CPS,IL,AGL,CE,Towers with Radar,1,4,6,0,11,0,5,24,0,29,1,9,30,0,40,85,0,85,125
01/18/2022,CPS,IL,AGL,CE,Towers with Radar,0,10,10,1,21,0,30,61,0,91,0,40,71,1,112,224,0,224,336
01/19/2022,CPS,IL,AGL,CE,Towers with Radar,0,5,15,6,26,0,18,26,1,45,0,23,41,7,71,94,5,99,170
01/20/2022,CPS,IL,AGL,CE,Towers with Radar,0,5,20,0,25,0,15,44,0,59,0,20,64,0,84,157,0,157,241
01/21/2022,CPS,IL,AGL,CE,Towers with Radar,0,2,29,3,34,0,45,51,0,96,0,47,80,3,130,266,0,266,396
01/22/2022,CPS,IL,AGL,CE,Towers with Radar,0,3,21,0,24,0,51,67,1,119,0,54,88,1,143,239,0,239,382
01/23/2022,CPS,IL,AGL,CE,Towers with Radar,0,3,12,1,16,0,4,32,0,36,0,7,44,1,52,40,0,40,92
01/24/2022,CPS,IL,AGL,CE,Towers with Radar,0,8,19,3,30,0,15,46,0,61,0,23,65,3,91,165,0,165,256
01/25/2022,CPS,IL,AGL,CE,Towers with Radar,0,5,30,1,36,0,56,54,1,111,0,61,84,2,147,224,0,224,371
01/26/2022,CPS,IL,AGL,CE,Towers with Radar,0,6,15,0,21,0,61,74,2,137,0,67,89,2,158,298,0,298,456
01/27/2022,CPS,IL,AGL,CE,Towers with Radar,0,4,18,4,26,0,24,32,2,58,0,28,50,6,84,203,0,203,287
01/28/2022,CPS,IL,AGL,CE,Towers with Radar,1,8,11,1,21,0,13,25,2,40,1,21,36,3,61,82,0,82,143
01/29/2022,CPS,IL,AGL,CE,Towers with Radar,1,5,22,2,30,0,35,67,0,102,1,40,89,2,132,213,0,213,345
01/30/2022,CPS,IL,AGL,CE,Towers with Radar,0,5,12,0,17,0,14,52,0,66,0,19,64,0,83,64,0,64,147
01/31/2022,CPS,IL,AGL,CE,Towers with Radar,0,7,17,4,28,0,45,75,0,120,0,52,92,4,148,367,0,367,515
02/01/2022,CPS,IL,AGL,CE,Towers with Radar,0,3,10,0,13,0,11,26,0,37,0,14,36,0,50,80,0,80,130
02/02/2022,CPS,IL,AGL,CE,Towers with Radar,0,0,0,0,0,0,0,0,0,0,0,0,0,0,0,0,0,0,0
02/03/2022,CPS,IL,AGL,CE,Towers with Radar,0,0,0,0,0,0,0,0,0,0,0,0,0,0,0,0,0,0,0
02/04/2022,CPS,IL,AGL,CE,Towers with Radar,0,0,1,0,1,0,9,21,2,32,0,9,22,2,33,32,0,32,65
02/05/2022,CPS,IL,AGL,CE,Towers with Radar,0,2,11,0,13,0,4,36,0,40,0,6,47,0,53,89,0,89,142
02/06/2022,CPS,IL,AGL,CE,Towers with Radar,0,3,14,0,17,0,5,31,0,36,0,8,45,0,53,11,0,11,64
02/07/2022,CPS,IL,AGL,CE,Towers with Radar,0,2,12,0,14,0,30,53,0,83,0,32,65,0,97,164,0,164,261
02/08/2022,CPS,IL,AGL,CE,Towers with Radar,0,7,27,0,34,0,60,47,0,107,0,67,74,0,141,230,0,230,371
02/09/2022,CPS,IL,AGL,CE,Towers with Radar,0,6,24,0,30,0,73,50,0,123,0,79,74,0,153,297,0,297,450
02/10/2022,CPS,IL,AGL,CE,Towers with Radar,2,3,25,0,30,0,43,60,0,103,2,46,85,0,133,287,0,287,420
02/11/2022,CPS,IL,AGL,CE,Towers with Radar,0,3,23,0,26,0,11,20,0,31,0,14,43,0,57,134,0,134,191
02/12/2022,CPS,IL,AGL,CE,Towers with Radar,0,1,13,0,14,0,10,45,0,55,0,11,58,0,69,107,0,107,176
02/13/2022,CPS,IL,AGL,CE,Towers with Radar,0,3,10,0,13,0,18,53,0,71,0,21,63,0,84,81,0,81,165
02/14/2022,CPS,IL,AGL,CE,Towers with Radar,0,5,17,2,24,0,41,66,0,107,0,46,83,2,131,270,0,270,401
02/15/2022,CPS,IL,AGL,CE,Towers with Radar,0,5,27,0,32,0,88,66,1,155,0,93,93,1,187,377,0,377,564
02/16/2022,CPS,IL,AGL,CE,Towers with Radar,0,6,12,0,18,0,4,13,0,17,0,10,25,0,35,20,0,20,55
02/17/2022,CPS,IL,AGL,CE,Towers with Radar,0,3,3,0,6,0,0,0,0,0,0,3,3,0,6,0,0,0,6
02/18/2022,CPS,IL,AGL,CE,Towers with Radar,0,5,10,0,15,0,16,60,0,76,0,21,70,0,91,89,0,89,180
02/19/2022,CPS,IL,AGL,CE,Towers with Radar,0,4,15,0,19,0,47,83,0,130,0,51,98,0,149,159,0,159,308
02/20/2022,CPS,IL,AGL,CE,Towers with Radar,0,3,7,0,10,0,8,23,0,31,0,11,30,0,41,34,0,34,75
02/21/2022,CPS,IL,AGL,CE,Towers with Radar,0,3,11,0,14,0,24,47,0,71,0,27,58,0,85,50,0,50,135
02/22/2022,CPS,IL,AGL,CE,Towers with Radar,0,4,14,0,18,0,11,24,0,35,0,15,38,0,53,50,0,50,103
02/23/2022,CPS,IL,AGL,CE,Towers with Radar,0,3,11,0,14,0,9,10,0,19,0,12,21,0,33,139,0,139,172
02/24/2022,CPS,IL,AGL,CE,Towers with Radar,0,0,0,0,0,0,0,0,0,0,0,0,0,0,0,0,0,0,0
02/25/2022,CPS,IL,AGL,CE,Towers with Radar,0,1,5,0,6,0,4,12,0,16,0,5,17,0,22,36,0,36,58
02/26/2022,CPS,IL,AGL,CE,Towers with Radar,0,4,10,2,16,0,1,38,0,39,0,5,48,2,55,79,0,79,134
02/27/2022,CPS,IL,AGL,CE,Towers with Radar,0,0,13,0,13,0,11,93,2,106,0,11,106,2,119,194,0,194,313
02/28/2022,CPS,IL,AGL,CE,Towers with Radar,0,1,17,2,20,0,67,74,0,141,0,68,91,2,161,302,0,302,463
03/01/2022,CPS,IL,AGL,CE,Towers with Radar,0,6,25,1,32,0,74,57,2,133,0,80,82,3,165,324,0,324,489
03/02/2022,CPS,IL,AGL,CE,Towers with Radar,0,11,21,0,32,0,81,65,3,149,0,92,86,3,181,327,22,349,530
03/03/2022,CPS,IL,AGL,CE,Towers with Radar,0,9,25,1,35,0,71,62,3,136,0,80,87,4,171,197,0,197,368
03/04/2022,CPS,IL,AGL,CE,Towers with Radar,0,8,22,3,33,0,61,92,0,153,0,69,114,3,186,418,0,418,604
03/05/2022,CPS,IL,AGL,CE,Towers with Radar,0,2,5,1,8,0,10,20,0,30,0,12,25,1,38,108,0,108,146
03/06/2022,CPS,IL,AGL,CE,Towers with Radar,0,4,17,0,21,0,15,57,0,72,0,19,74,0,93,203,0,203,296
03/07/2022,CPS,IL,AGL,CE,Towers with Radar,1,6,15,0,22,0,3,11,0,14,1,9,26,0,36,114,0,114,150
03/08/2022,CPS,IL,AGL,CE,Towers with Radar,0,4,27,0,31,0,56,93,0,149,0,60,120,0,180,667,0,667,847
03/09/2022,CPS,IL,AGL,CE,Towers with Radar,0,3,35,0,38,0,85,83,1,169,0,88,118,1,207,503,0,503,710
03/10/2022,CPS,IL,AGL,CE,Towers with Radar,1,7,29,0,37,0,60,63,0,123,1,67,92,0,160,445,0,445,605
03/11/2022,CPS,IL,AGL,CE,Towers with Radar,0,5,15,2,22,0,12,30,0,42,0,17,45,2,64,48,0,48,112
03/12/2022,CPS,IL,AGL,CE,Towers with Radar,0,3,14,0,17,0,24,50,0,74,0,27,64,0,91,106,0,106,197
03/13/2022,CPS,IL,AGL,CE,Towers with Radar,0,4,22,2,28,0,6,61,6,73,0,10,83,8,101,112,0,112,213
03/14/2022,CPS,IL,AGL,CE,Towers with Radar,0,4,7,0,11,0,11,47,0,58,0,15,54,0,69,80,0,80,149
03/15/2022,CPS,IL,AGL,CE,Towers with Radar,0,5,15,4,24,0,38,69,0,107,0,43,84,4,131,410,0,410,541
03/16/2022,CPS,IL,AGL,CE,Towers with Radar,0,5,21,2,28,0,38,64,2,104,0,43,85,4,132,310,0,310,442
03/17/2022,CPS,IL,AGL,CE,Towers with Radar,0,2,17,0,19,0,25,57,0,82,0,27,74,0,101,143,0,143,244
03/18/2022,CPS,IL,AGL,CE,Towers with Radar,0,0,11,0,11,0,0,1,0,1,0,0,12,0,12,0,0,0,12
03/19/2022,CPS,IL,AGL,CE,Towers with Radar,0,2,22,0,24,0,4,24,0,28,0,6,46,0,52,75,0,75,127
03/20/2022,CPS,IL,AGL,CE,Towers with Radar,0,0,12,4,16,0,6,89,0,95,0,6,101,4,111,93,1,94,205
03/21/2022,CPS,IL,AGL,CE,Towers with Radar,0,1,12,0,13,0,21,75,0,96,0,22,87,0,109,156,0,156,265
03/22/2022,CPS,IL,AGL,CE,Towers with Radar,2,0,6,2,10,0,0,6,0,6,2,0,12,2,16,0,0,0,16
03/23/2022,CPS,IL,AGL,CE,Towers with Radar,0,5,23,0,28,0,0,4,0,4,0,5,27,0,32,17,0,17,49
03/24/2022,CPS,IL,AGL,CE,Towers with Radar,1,5,14,2,22,0,1,4,0,5,1,6,18,2,27,24,0,24,51
03/25/2022,CPS,IL,AGL,CE,Towers with Radar,1,2,23,0,26,0,25,31,0,56,1,27,54,0,82,198,0,198,280
03/26/2022,CPS,IL,AGL,CE,Towers with Radar,0,2,11,0,13,0,2,33,0,35,0,4,44,0,48,5,0,5,53
03/27/2022,CPS,IL,AGL,CE,Towers with Radar,0,0,17,0,17,0,17,87,0,104,0,17,104,0,121,120,0,120,241
03/28/2022,CPS,IL,AGL,CE,Towers with Radar,0,2,20,0,22,0,57,82,0,139,0,59,102,0,161,346,0,346,507
03/29/2022,CPS,IL,AGL,CE,Towers with Radar,0,4,15,0,19,0,30,44,1,75,0,34,59,1,94,167,0,167,261
03/30/2022,CPS,IL,AGL,CE,Towers with Radar,0,2,6,1,9,0,0,0,8,8,0,2,6,9,17,0,0,0,17
03/31/2022,CPS,IL,AGL,CE,Towers with Radar,0,0,16,6,22,0,27,7,3,37,0,27,23,9,59,178,0,178,237
04/01/2022,CPS,IL,AGL,CE,Towers with Radar,0,2,27,1,30,0,78,60,4,142,0,80,87,5,172,581,0,581,753
04/02/2022,CPS,IL,AGL,CE,Towers with Radar,0,0,10,0,10,0,34,29,1,64,0,34,39,1,74,217,0,217,291
04/03/2022,CPS,IL,AGL,CE,Towers with Radar,0,0,19,0,19,0,27,106,2,135,0,27,125,2,154,205,0,205,359
04/04/2022,CPS,IL,AGL,CE,Towers with Radar,0,11,22,0,33,0,42,63,0,105,0,53,85,0,138,320,0,320,458
04/05/2022,CPS,IL,AGL,CE,Towers with Radar,3,4,13,0,20,0,26,28,0,54,3,30,41,0,74,237,0,237,311
04/06/2022,CPS,IL,AGL,CE,Towers with Radar,0,2,24,3,29,0,27,39,0,66,0,29,63,3,95,98,0,98,193
04/07/2022,CPS,IL,AGL,CE,Towers with Radar,2,3,23,0,28,0,29,53,0,82,2,32,76,0,110,83,0,83,193
04/08/2022,CPS,IL,AGL,CE,Towers with Radar,1,3,17,0,21,0,0,8,0,8,1,3,25,0,29,2,0,2,31
04/09/2022,CPS,IL,AGL,CE,Towers with Radar,0,5,18,0,23,0,48,96,0,144,0,53,114,0,167,266,0,266,433
04/10/2022,CPS,IL,AGL,CE,Towers with Radar,0,0,11,0,11,0,6,18,0,24,0,6,29,0,35,17,0,17,52
04/11/2022,CPS,IL,AGL,CE,Towers with Radar,2,2,9,0,13,0,1,18,0,19,2,3,27,0,32,6,0,6,38
04/12/2022,CPS,IL,AGL,CE,Towers with Radar,0,5,18,0,23,0,1,6,0,7,0,6,24,0,30,12,0,12,42
04/13/2022,CPS,IL,AGL,CE,Towers with Radar,2,1,13,0,16,0,0,2,0,2,2,1,15,0,18,0,0,0,18
04/14/2022,CPS,IL,AGL,CE,Towers with Radar,0,2,20,0,22,0,32,70,0,102,0,34,90,0,124,114,0,114,238
04/15/2022,CPS,IL,AGL,CE,Towers with Radar,0,2,14,0,16,0,6,36,1,43,0,8,50,1,59,83,0,83,142
04/16/2022,CPS,IL,AGL,CE,Towers with Radar,1,6,11,0,18,0,11,72,0,83,1,17,83,0,101,90,0,90,191
04/17/2022,CPS,IL,AGL,CE,Towers with Radar,0,2,8,0,10,0,3,9,0,12,0,5,17,0,22,45,0,45,67
04/18/2022,CPS,IL,AGL,CE,Towers with Radar,1,2,24,0,27,0,7,15,0,22,1,9,39,0,49,2,0,2,51
04/19/2022,CPS,IL,AGL,CE,Towers with Radar,0,4,33,0,37,0,96,108,0,204,0,100,141,0,241,521,0,521,762
04/20/2022,CPS,IL,AGL,CE,Towers with Radar,0,3,24,0,27,0,14,21,0,35,0,17,45,0,62,62,0,62,124
04/21/2022,CPS,IL,AGL,CE,Towers with Radar,0,7,30,0,37,0,51,50,2,103,0,58,80,2,140,399,0,399,539
04/22/2022,CPS,IL,AGL,CE,Towers with Radar,0,2,17,0,19,0,33,45,5,83,0,35,62,5,102,165,0,165,267
04/23/2022,CPS,IL,AGL,CE,Towers with Radar,0,0,10,0,10,0,1,25,0,26,0,1,35,0,36,4,0,4,40
04/24/2022,CPS,IL,AGL,CE,Towers with Radar,2,1,11,0,14,0,3,9,0,12,2,4,20,0,26,2,0,2,28
04/25/2022,CPS,IL,AGL,CE,Towers with Radar,0,3,35,0,38,0,42,63,1,106,0,45,98,1,144,268,0,268,412
04/26/2022,CPS,IL,AGL,CE,Towers with Radar,0,5,47,3,55,0,72,75,5,152,0,77,122,8,207,248,0,248,455
04/27/2022,CPS,IL,AGL,CE,Towers with Radar,1,6,33,3,43,0,83,90,0,173,1,89,123,3,216,398,0,398,614
04/28/2022,CPS,IL,AGL,CE,Towers with Radar,0,3,18,1,22,0,42,65,0,107,0,45,83,1,129,322,0,322,451
04/29/2022,CPS,IL,AGL,CE,Towers with Radar,1,4,13,1,19,0,13,34,1,48,1,17,47,2,67,194,0,194,261
04/30/2022,CPS,IL,AGL,CE,Towers with Radar,1,1,12,0,14,0,3,3,0,6,1,4,15,0,20,1,0,1,21
05/01/2022,CPS,IL,AGL,CE,Towers with Radar,1,4,20,1,26,0,3,61,0,64,1,7,81,1,90,44,0,44,134
05/02/2022,CPS,IL,AGL,CE,Towers with Radar,4,1,18,0,23,0,38,52,0,90,4,39,70,0,113,308,0,308,421
05/03/2022,CPS,IL,AGL,CE,Towers with Radar,0,16,36,2,54,0,7,5,0,12,0,23,41,2,66,39,0,39,105
05/04/2022,CPS,IL,AGL,CE,Towers with Radar,0,19,55,0,74,0,25,37,0,62,0,44,92,0,136,467,0,467,603
05/05/2022,CPS,IL,AGL,CE,Towers with Radar,1,7,15,0,23,0,1,0,0,1,1,8,15,0,24,17,0,17,41
05/06/2022,CPS,IL,AGL,CE,Towers with Radar,0,5,25,0,30,0,0,2,0,2,0,5,27,0,32,0,0,0,32
05/07/2022,CPS,IL,AGL,CE,Towers with Radar,0,3,18,0,21,0,40,113,2,155,0,43,131,2,176,205,0,205,381
05/08/2022,CPS,IL,AGL,CE,Towers with Radar,0,4,19,0,23,0,2,43,3,48,0,6,62,3,71,93,0,93,164
05/09/2022,CPS,IL,AGL,CE,Towers with Radar,0,5,17,2,24,0,13,34,3,50,0,18,51,5,74,39,0,39,113
05/10/2022,CPS,IL,AGL,CE,Towers with Radar,0,0,30,1,31,0,44,53,1,98,0,44,83,2,129,412,0,412,541
05/11/2022,CPS,IL,AGL,CE,Towers with Radar,1,5,24,5,35,0,74,71,2,147,1,79,95,7,182,404,0,404,586
05/12/2022,CPS,IL,AGL,CE,Towers with Radar,1,2,22,0,25,0,50,83,0,133,1,52,105,0,158,395,8,403,561
05/13/2022,CPS,IL,AGL,CE,Towers with Radar,2,5,32,0,39,0,46,59,0,105,2,51,91,0,144,195,0,195,339
05/14/2022,CPS,IL,AGL,CE,Towers with Radar,0,6,14,0,20,0,7,61,2,70,0,13,75,2,90,246,0,246,336
05/15/2022,CPS,IL,AGL,CE,Towers with Radar,2,5,9,0,16,0,8,50,0,58,2,13,59,0,74,75,0,75,149
05/16/2022,CPS,IL,AGL,CE,Towers with Radar,0,4,21,7,32,0,57,56,0,113,0,61,77,7,145,280,0,280,425
05/17/2022,CPS,IL,AGL,CE,Towers with Radar,0,7,11,0,18,0,61,71,1,133,0,68,82,1,151,456,0,456,607
05/18/2022,CPS,IL,AGL,CE,Towers with Radar,0,8,22,2,32,0,18,60,1,79,0,26,82,3,111,185,0,185,296
05/19/2022,CPS,IL,AGL,CE,Towers with Radar,0,4,19,1,24,0,26,30,0,56,0,30,49,1,80,263,0,263,343
05/20/2022,CPS,IL,AGL,CE,Towers with Radar,2,7,13,0,22,0,10,33,0,43,2,17,46,0,65,90,0,90,155
05/21/2022,CPS,IL,AGL,CE,Towers with Radar,0,3,7,0,10,0,0,0,0,0,0,3,7,0,10,0,0,0,10
05/22/2022,CPS,IL,AGL,CE,Towers with Radar,1,8,14,0,23,0,11,61,0,72,1,19,75,0,95,145,0,145,240
05/23/2022,CPS,IL,AGL,CE,Towers with Radar,0,6,20,4,30,0,41,72,3,116,0,47,92,7,146,482,0,482,628
05/24/2022,CPS,IL,AGL,CE,Towers with Radar,2,15,28,2,47,0,17,61,0,78,2,32,89,2,125,266,0,266,391
05/25/2022,CPS,IL,AGL,CE,Towers with Radar,0,7,12,0,19,0,1,16,0,17,0,8,28,0,36,62,0,62,98
05/26/2022,CPS,IL,AGL,CE,Towers with Radar,2,0,16,0,18,0,6,24,0,30,2,6,40,0,48,150,0,150,198
05/27/2022,CPS,IL,AGL,CE,Towers with Radar,0,3,43,0,46,0,2,20,0,22,0,5,63,0,68,279,0,279,347
05/28/2022,CPS,IL,AGL,CE,Towers with Radar,0,3,26,0,29,0,10,79,0,89,0,13,105,0,118,199,0,199,317
05/29/2022,CPS,IL,AGL,CE,Towers with Radar,0,5,12,0,17,0,13,54,0,67,0,18,66,0,84,52,0,52,136
05/30/2022,CPS,IL,AGL,CE,Towers with Radar,0,2,18,0,20,0,5,43,0,48,0,7,61,0,68,71,0,71,139
05/31/2022,CPS,IL,AGL,CE,Towers with Radar,0,1,19,1,21,0,10,65,0,75,0,11,84,1,96,246,0,246,342
06/01/2022,CPS,IL,AGL,CE,Towers with Radar,3,2,16,1,22,2,10,21,0,33,5,12,37,1,55,228,0,228,283
06/02/2022,CPS,IL,AGL,CE,Towers with Radar,0,10,31,0,41,0,88,69,1,158,0,98,100,1,199,442,2,444,643
06/03/2022,CPS,IL,AGL,CE,Towers with Radar,0,16,40,0,56,0,49,88,1,138,0,65,128,1,194,303,2,305,499
06/04/2022,CPS,IL,AGL,CE,Towers with Radar,0,7,23,0,30,0,6,83,0,89,0,13,106,0,119,78,0,78,197
06/05/2022,CPS,IL,AGL,CE,Towers with Radar,0,21,46,3,70,0,17,49,4,70,0,38,95,7,140,56,0,56,196
06/06/2022,CPS,IL,AGL,CE,Towers with Radar,0,4,9,1,14,0,14,24,1,39,0,18,33,2,53,172,0,172,225
06/07/2022,CPS,IL,AGL,CE,Towers with Radar,0,6,26,2,34,0,37,50,1,88,0,43,76,3,122,244,0,244,366
06/08/2022,CPS,IL,AGL,CE,Towers with Radar,0,2,17,4,23,0,10,39,0,49,0,12,56,4,72,245,0,245,317
06/09/2022,CPS,IL,AGL,CE,Towers with Radar,2,6,28,6,42,0,80,98,0,178,2,86,126,6,220,383,0,383,603
06/10/2022,CPS,IL,AGL,CE,Towers with Radar,0,5,30,1,36,0,34,49,1,84,0,39,79,2,120,197,0,197,317
06/11/2022,CPS,IL,AGL,CE,Towers with Radar,0,5,30,1,36,0,8,68,0,76,0,13,98,1,112,124,0,124,236
06/12/2022,CPS,IL,AGL,CE,Towers with Radar,0,20,25,1,46,0,4,46,1,51,0,24,71,2,97,59,0,59,156
06/13/2022,CPS,IL,AGL,CE,Towers with Radar,0,6,22,3,31,0,12,55,0,67,0,18,77,3,98,114,0,114,212
06/14/2022,CPS,IL,AGL,CE,Towers with Radar,0,0,26,1,27,0,39,59,3,101,0,39,85,4,128,181,0,181,309
06/15/2022,CPS,IL,AGL,CE,Towers with Radar,0,5,24,0,29,0,10,45,2,57,0,15,69,2,86,79,0,79,165
06/16/2022,CPS,IL,AGL,CE,Towers with Radar,2,2,22,0,26,0,49,91,3,143,2,51,113,3,169,263,0,263,432
06/17/2022,CPS,IL,AGL,CE,Towers with Radar,0,2,22,0,24,0,27,74,0,101,0,29,96,0,125,213,0,213,338
06/18/2022,CPS,IL,AGL,CE,Towers with Radar,0,5,17,0,22,0,9,77,0,86,0,14,94,0,108,128,0,128,236
06/19/2022,CPS,IL,AGL,CE,Towers with Radar,0,5,14,0,19,1,7,64,2,74,1,12,78,2,93,87,0,87,180
06/20/2022,CPS,IL,AGL,CE,Towers with Radar,0,3,29,1,33,0,6,73,1,80,0,9,102,2,113,179,0,179,292
06/21/2022,CPS,IL,AGL,CE,Towers with Radar,0,3,25,1,29,1,42,50,0,93,1,45,75,1,122,294,0,294,416
06/22/2022,CPS,IL,AGL,CE,Towers with Radar,0,8,34,0,42,0,53,72,0,125,0,61,106,0,167,374,0,374,541
06/23/2022,CPS,IL,AGL,CE,Towers with Radar,2,6,36,1,45,0,49,65,0,114,2,55,101,1,159,437,0,437,596
06/24/2022,CPS,IL,AGL,CE,Towers with Radar,0,0,21,0,21,0,53,59,1,113,0,53,80,1,134,418,0,418,552
06/25/2022,CPS,IL,AGL,CE,Towers with Radar,0,9,13,0,22,0,5,81,0,86,0,14,94,0,108,140,0,140,248
06/26/2022,CPS,IL,AGL,CE,Towers with Radar,1,4,29,0,34,0,3,40,0,43,1,7,69,0,77,42,0,42,119
06/27/2022,CPS,IL,AGL,CE,Towers with Radar,0,1,21,0,22,0,36,83,0,119,0,37,104,0,141,229,0,229,370
06/28/2022,CPS,IL,AGL,CE,Towers with Radar,0,4,26,0,30,0,63,109,2,174,0,67,135,2,204,369,0,369,573
06/29/2022,CPS,IL,AGL,CE,Towers with Radar,0,9,34,1,44,0,65,74,0,139,0,74,108,1,183,444,0,444,627
06/30/2022,CPS,IL,AGL,CE,Towers with Radar,2,10,14,2,28,0,35,61,1,97,2,45,75,3,125,245,0,245,370
07/01/2022,CPS,IL,AGL,CE,Towers with Radar,0,8,21,0,29,0,33,42,0,75,0,41,63,0,104,218,0,218,322
07/02/2022,CPS,IL,AGL,CE,Towers with Radar,0,5,3,0,8,0,4,9,0,13,0,9,12,0,21,17,0,17,38
07/03/2022,CPS,IL,AGL,CE,Towers with Radar,0,1,6,0,7,0,10,49,0,59,0,11,55,0,66,109,0,109,175
07/04/2022,CPS,IL,AGL,CE,Towers with Radar,0,1,6,0,7,0,4,60,0,64,0,5,66,0,71,96,0,96,167
07/05/2022,CPS,IL,AGL,CE,Towers with Radar,0,9,16,0,25,0,18,46,0,64,0,27,62,0,89,116,0,116,205
07/06/2022,CPS,IL,AGL,CE,Towers with Radar,0,9,19,3,31,0,22,68,0,90,0,31,87,3,121,320,0,320,441
07/07/2022,CPS,IL,AGL,CE,Towers with Radar,0,8,20,1,29,0,19,36,1,56,0,27,56,2,85,272,0,272,357
07/08/2022,CPS,IL,AGL,CE,Towers with Radar,0,6,15,0,21,0,20,45,0,65,0,26,60,0,86,238,0,238,324
07/09/2022,CPS,IL,AGL,CE,Towers with Radar,0,2,16,0,18,0,6,10,0,16,0,8,26,0,34,11,0,11,45
07/10/2022,CPS,IL,AGL,CE,Towers with Radar,0,6,22,0,28,0,1,83,0,84,0,7,105,0,112,99,0,99,211
07/11/2022,CPS,IL,AGL,CE,Towers with Radar,1,6,10,0,17,0,40,45,0,85,1,46,55,0,102,193,2,195,297
07/12/2022,CPS,IL,AGL,CE,Towers with Radar,0,8,16,0,24,0,46,62,2,110,0,54,78,2,134,318,0,318,452
07/13/2022,CPS,IL,AGL,CE,Towers with Radar,0,17,19,18,54,0,39,77,1,117,0,56,96,19,171,271,0,271,442
07/14/2022,CPS,IL,AGL,CE,Towers with Radar,0,7,16,2,25,0,51,45,1,97,0,58,61,3,122,323,1,324,446
07/15/2022,CPS,IL,AGL,CE,Towers with Radar,0,6,18,0,24,0,35,26,0,61,0,41,44,0,85,335,0,335,420
07/16/2022,CPS,IL,AGL,CE,Towers with Radar,0,10,10,0,20,0,12,57,0,69,0,22,67,0,89,118,0,118,207
07/17/2022,CPS,IL,AGL,CE,Towers with Radar,0,4,13,0,17,0,0,8,0,8,0,4,21,0,25,0,0,0,25
07/18/2022,CPS,IL,AGL,CE,Towers with Radar,0,5,28,0,33,0,17,47,3,67,0,22,75,3,100,208,0,208,308
07/19/2022,CPS,IL,AGL,CE,Towers with Radar,1,5,23,0,29,0,41,81,1,123,1,46,104,1,152,304,0,304,456
07/20/2022,CPS,IL,AGL,CE,Towers with Radar,0,2,31,1,34,0,24,74,0,98,0,26,105,1,132,215,0,215,347
07/21/2022,CPS,IL,AGL,CE,Towers with Radar,2,3,25,2,32,0,32,46,1,79,2,35,71,3,111,222,0,222,333
07/22/2022,CPS,IL,AGL,CE,Towers with Radar,0,2,15,2,19,0,24,63,1,88,0,26,78,3,107,189,0,189,296
07/23/2022,CPS,IL,AGL,CE,Towers with Radar,0,0,13,0,13,0,4,51,0,55,0,4,64,0,68,136,0,136,204
07/24/2022,CPS,IL,AGL,CE,Towers with Radar,0,5,16,0,21,0,2,25,0,27,0,7,41,0,48,85,0,85,133
07/25/2022,CPS,IL,AGL,CE,Towers with Radar,0,4,25,0,29,0,18,49,1,68,0,22,74,1,97,259,0,259,356
07/26/2022,CPS,IL,AGL,CE,Towers with Radar,0,2,22,0,24,0,10,24,0,34,0,12,46,0,58,60,0,60,118
07/27/2022,CPS,IL,AGL,CE,Towers with Radar,0,5,22,2,29,0,34,50,0,84,0,39,72,2,113,295,0,295,408
07/28/2022,CPS,IL,AGL,CE,Towers with Radar,0,11,23,0,34,0,22,41,0,63,0,33,64,0,97,197,0,197,294
07/29/2022,CPS,IL,AGL,CE,Towers with Radar,0,5,15,1,21,0,2,82,2,86,0,7,97,3,107,302,0,302,409
07/30/2022,CPS,IL,AGL,CE,Towers with Radar,0,2,10,1,13,0,3,62,0,65,0,5,72,1,78,130,0,130,208
07/31/2022,CPS,IL,AGL,CE,Towers with Radar,0,2,13,9,24,0,1,38,4,43,0,3,51,13,67,95,0,95,162
08/01/2022,CPS,IL,AGL,CE,Towers with Radar,1,6,28,0,35,0,27,51,1,79,1,33,79,1,114,188,0,188,302
08/02/2022,CPS,IL,AGL,CE,Towers with Radar,0,2,27,1,30,0,25,52,1,78,0,27,79,2,108,303,0,303,411
08/03/2022,CPS,IL,AGL,CE,Towers with Radar,0,7,25,0,32,0,29,44,0,73,0,36,69,0,105,123,0,123,228
08/04/2022,CPS,IL,AGL,CE,Towers with Radar,0,10,34,0,44,0,8,39,0,47,0,18,73,0,91,156,0,156,247
08/05/2022,CPS,IL,AGL,CE,Towers with Radar,0,8,47,0,55,0,12,22,0,34,0,20,69,0,89,126,0,126,215
08/06/2022,CPS,IL,AGL,CE,Towers with Radar,0,8,19,0,27,0,15,54,0,69,0,23,73,0,96,106,0,106,202
08/07/2022,CPS,IL,AGL,CE,Towers with Radar,1,4,28,0,33,0,5,41,5,51,1,9,69,5,84,45,0,45,129
08/08/2022,CPS,IL,AGL,CE,Towers with Radar,1,5,20,1,27,0,42,33,1,76,1,47,53,2,103,159,0,159,262
08/09/2022,CPS,IL,AGL,CE,Towers with Radar,0,9,31,2,42,0,10,22,0,32,0,19,53,2,74,142,0,142,216
08/10/2022,CPS,IL,AGL,CE,Towers with Radar,0,1,31,2,34,0,59,64,2,125,0,60,95,4,159,390,0,390,549
08/11/2022,CPS,IL,AGL,CE,Towers with Radar,1,7,34,3,45,0,66,88,3,157,1,73,122,6,202,276,0,276,478
08/12/2022,CPS,IL,AGL,CE,Towers with Radar,0,9,30,3,42,0,35,61,2,98,0,44,91,5,140,150,0,150,290
08/13/2022,CPS,IL,AGL,CE,Towers with Radar,0,4,17,4,25,1,10,63,3,77,1,14,80,7,102,120,0,120,222
08/14/2022,CPS,IL,AGL,CE,Towers with Radar,1,0,19,0,20,0,21,36,0,57,1,21,55,0,77,56,0,56,133
08/15/2022,CPS,IL,AGL,CE,Towers with Radar,0,6,33,0,39,0,12,42,0,54,0,18,75,0,93,268,0,268,361
08/16/2022,CPS,IL,AGL,CE,Towers with Radar,0,4,17,0,21,0,3,9,0,12,0,7,26,0,33,62,0,62,95
08/17/2022,CPS,IL,AGL,CE,Towers with Radar,0,9,28,0,37,0,76,101,1,178,0,85,129,1,215,414,0,414,629
08/18/2022,CPS,IL,AGL,CE,Towers with Radar,2,4,34,2,42,0,48,85,2,135,2,52,119,4,177,418,0,418,595
08/19/2022,CPS,IL,AGL,CE,Towers with Radar,0,6,31,6,43,0,47,84,0,131,0,53,115,6,174,151,0,151,325
08/20/2022,CPS,IL,AGL,CE,Towers with Radar,0,10,26,0,36,0,7,49,0,56,0,17,75,0,92,65,0,65,157
08/21/2022,CPS,IL,AGL,CE,Towers with Radar,0,2,29,3,34,0,4,52,7,63,0,6,81,10,97,71,0,71,168
08/22/2022,CPS,IL,AGL,CE,Towers with Radar,0,0,22,0,22,0,24,59,0,83,0,24,81,0,105,257,0,257,362
08/23/2022,CPS,IL,AGL,CE,Towers with Radar,0,5,30,0,35,0,14,70,0,84,0,19,100,0,119,202,0,202,321
08/24/2022,CPS,IL,AGL,CE,Towers with Radar,2,4,14,0,20,0,23,72,2,97,2,27,86,2,117,173,0,173,290
08/25/2022,CPS,IL,AGL,CE,Towers with Radar,2,8,30,0,40,0,38,54,0,92,2,46,84,0,132,264,0,264,396
08/26/2022,CPS,IL,AGL,CE,Towers with Radar,0,3,35,5,43,0,36,81,6,123,0,39,116,11,166,218,0,218,384
08/27/2022,CPS,IL,AGL,CE,Towers with Radar,0,1,14,0,15,0,37,66,0,103,0,38,80,0,118,165,0,165,283
08/28/2022,CPS,IL,AGL,CE,Towers with Radar,2,0,19,1,22,0,6,33,4,43,2,6,52,5,65,35,0,35,100
08/29/2022,CPS,IL,AGL,CE,Towers with Radar,0,0,10,0,10,0,14,21,0,35,0,14,31,0,45,111,0,111,156
08/30/2022,CPS,IL,AGL,CE,Towers with Radar,0,10,22,0,32,0,29,60,0,89,0,39,82,0,121,210,0,210,331
08/31/2022,CPS,IL,AGL,CE,Towers with Radar,0,7,32,7,46,0,51,70,1,122,0,58,102,8,168,286,9,295,463
09/01/2022,CPS,IL,AGL,CE,Towers with Radar,0,7,26,2,35,0,46,67,0,113,0,53,93,2,148,273,0,273,421
09/02/2022,CPS,IL,AGL,CE,Towers with Radar,0,5,27,3,35,0,29,80,1,110,0,34,107,4,145,247,0,247,392
09/03/2022,CPS,IL,AGL,CE,Towers with Radar,0,0,17,0,17,0,5,23,0,28,0,5,40,0,45,83,0,83,128
09/04/2022,CPS,IL,AGL,CE,Towers with Radar,2,1,35,0,38,0,4,14,0,18,2,5,49,0,56,20,0,20,76
09/05/2022,CPS,IL,AGL,CE,Towers with Radar,1,0,23,0,24,0,6,19,0,25,1,6,42,0,49,89,0,89,138
09/06/2022,CPS,IL,AGL,CE,Towers with Radar,0,4,33,0,37,0,10,36,0,46,0,14,69,0,83,112,0,112,195
09/07/2022,CPS,IL,AGL,CE,Towers with Radar,0,1,34,0,35,0,45,66,0,111,0,46,100,0,146,273,0,273,419
09/08/2022,CPS,IL,AGL,CE,Towers with Radar,3,7,37,1,48,0,55,63,3,121,3,62,100,4,169,310,0,310,479
09/09/2022,CPS,IL,AGL,CE,Towers with Radar,0,7,27,2,36,0,49,64,2,115,0,56,91,4,151,308,0,308,459
09/10/2022,CPS,IL,AGL,CE,Towers with Radar,0,8,13,0,21,0,33,60,0,93,0,41,73,0,114,178,0,178,292
09/11/2022,CPS,IL,AGL,CE,Towers with Radar,2,5,21,8,36,0,11,17,0,28,2,16,38,8,64,75,0,75,139
09/12/2022,CPS,IL,AGL,CE,Towers with Radar,0,5,21,0,26,0,33,35,2,70,0,38,56,2,96,83,0,83,179
09/13/2022,CPS,IL,AGL,CE,Towers with Radar,0,2,31,0,33,0,70,72,1,143,0,72,103,1,176,307,0,307,483
09/14/2022,CPS,IL,AGL,CE,Towers with Radar,0,7,24,0,31,0,76,88,1,165,0,83,112,1,196,271,0,271,467
09/15/2022,CPS,IL,AGL,CE,Towers with Radar,0,7,27,0,34,0,49,78,1,128,0,56,105,1,162,242,0,242,404
09/16/2022,CPS,IL,AGL,CE,Towers with Radar,0,7,37,0,44,0,56,105,2,163,0,63,142,2,207,250,0,250,457
09/17/2022,CPS,IL,AGL,CE,Towers with Radar,0,14,25,0,39,0,32,63,1,96,0,46,88,1,135,113,0,113,248
09/18/2022,CPS,IL,AGL,CE,Towers with Radar,0,11,29,0,40,0,5,101,0,106,0,16,130,0,146,48,0,48,194
09/19/2022,CPS,IL,AGL,CE,Towers with Radar,1,2,16,0,19,0,32,71,2,105,1,34,87,2,124,170,0,170,294
09/20/2022,CPS,IL,AGL,CE,Towers with Radar,0,9,16,0,25,0,48,64,1,113,0,57,80,1,138,297,0,297,435
09/21/2022,CPS,IL,AGL,CE,Towers with Radar,0,9,30,0,39,0,50,62,2,114,0,59,92,2,153,254,0,254,407
09/22/2022,CPS,IL,AGL,CE,Towers with Radar,0,3,31,0,34,0,46,68,1,115,0,49,99,1,149,220,0,220,369
09/23/2022,CPS,IL,AGL,CE,Towers with Radar,0,3,36,2,41,0,38,41,5,84,0,41,77,7,125,163,1,164,289
09/24/2022,CPS,IL,AGL,CE,Towers with Radar,0,0,21,1,22,0,33,64,2,99,0,33,85,3,121,165,0,165,286
09/25/2022,CPS,IL,AGL,CE,Towers with Radar,0,1,14,5,20,0,12,53,0,65,0,13,67,5,85,53,0,53,138
09/26/2022,CPS,IL,AGL,CE,Towers with Radar,0,5,9,0,14,0,13,53,0,66,0,18,62,0,80,65,0,65,145
09/27/2022,CPS,IL,AGL,CE,Towers with Radar,0,4,27,1,32,0,56,80,0,136,0,60,107,1,168,338,0,338,506
09/28/2022,CPS,IL,AGL,CE,Towers with Radar,0,6,22,8,36,0,60,73,2,135,0,66,95,10,171,243,0,243,414
09/29/2022,CPS,IL,AGL,CE,Towers with Radar,1,2,38,1,42,0,44,70,1,115,1,46,108,2,157,380,0,380,537
09/30/2022,CPS,IL,AGL,CE,Towers with Radar,0,13,31,0,44,0,69,81,0,150,0,82,112,0,194,250,0,250,444
10/01/2022,CPS,IL,AGL,CE,Towers with Radar,0,0,23,1,24,0,26,55,2,83,0,26,78,3,107,206,0,206,313
10/02/2022,CPS,IL,AGL,CE,Towers with Radar,2,9,44,0,55,0,9,66,3,78,2,18,110,3,133,150,0,150,283
10/03/2022,CPS,IL,AGL,CE,Towers with Radar,0,4,22,2,28,0,46,49,2,97,0,50,71,4,125,213,0,213,338
10/04/2022,CPS,IL,AGL,CE,Towers with Radar,1,6,26,0,33,0,48,92,0,140,1,54,118,0,173,225,0,225,398
10/05/2022,CPS,IL,AGL,CE,Towers with Radar,2,3,32,3,40,0,66,75,0,141,2,69,107,3,181,241,0,241,422
10/06/2022,CPS,IL,AGL,CE,Towers with Radar,2,4,32,0,38,0,78,91,2,171,2,82,123,2,209,264,0,264,473
10/07/2022,CPS,IL,AGL,CE,Towers with Radar,0,14,45,2,61,0,71,72,0,143,0,85,117,2,204,142,0,142,346
10/08/2022,CPS,IL,AGL,CE,Towers with Radar,2,3,18,0,23,0,49,63,0,112,2,52,81,0,135,148,0,148,283
10/09/2022,CPS,IL,AGL,CE,Towers with Radar,4,4,30,0,38,0,13,86,2,101,4,17,116,2,139,76,0,76,215
10/10/2022,CPS,IL,AGL,CE,Towers with Radar,0,3,22,1,26,0,62,82,0,144,0,65,104,1,170,314,0,314,484
10/11/2022,CPS,IL,AGL,CE,Towers with Radar,0,7,21,0,28,0,33,28,0,61,0,40,49,0,89,139,0,139,228
10/12/2022,CPS,IL,AGL,CE,Towers with Radar,0,4,19,2,25,0,11,29,0,40,0,15,48,2,65,99,0,99,164
10/13/2022,CPS,IL,AGL,CE,Towers with Radar,0,5,33,0,38,0,32,48,0,80,0,37,81,0,118,121,0,121,239
10/14/2022,CPS,IL,AGL,CE,Towers with Radar,0,4,29,0,33,0,20,48,0,68,0,24,77,0,101,86,0,86,187
10/15/2022,CPS,IL,AGL,CE,Towers with Radar,0,1,18,0,19,0,45,83,0,128,0,46,101,0,147,197,0,197,344
10/16/2022,CPS,IL,AGL,CE,Towers with Radar,0,5,18,1,24,0,5,64,2,71,0,10,82,3,95,55,0,55,150
10/17/2022,CPS,IL,AGL,CE,Towers with Radar,0,11,18,1,30,0,3,43,0,46,0,14,61,1,76,56,0,56,132
10/18/2022,CPS,IL,AGL,CE,Towers with Radar,0,6,20,4,30,0,25,41,4,70,0,31,61,8,100,68,0,68,168
10/19/2022,CPS,IL,AGL,CE,Towers with Radar,0,5,23,2,30,0,53,63,1,117,0,58,86,3,147,186,0,186,333
10/20/2022,CPS,IL,AGL,CE,Towers with Radar,0,6,30,4,40,0,35,58,2,95,0,41,88,6,135,182,0,182,317
10/21/2022,CPS,IL,AGL,CE,Towers with Radar,0,2,24,0,26,0,61,53,0,114,0,63,77,0,140,144,40,184,324
10/22/2022,CPS,IL,AGL,CE,Towers with Radar,0,1,14,0,15,0,30,44,1,75,0,31,58,1,90,57,0,57,147
10/23/2022,CPS,IL,AGL,CE,Towers with Radar,0,14,16,0,30,0,15,34,1,50,0,29,50,1,80,17,0,17,97
10/24/2022,CPS,IL,AGL,CE,Towers with Radar,0,3,14,0,17,0,14,31,0,45,0,17,45,0,62,48,0,48,110
10/25/2022,CPS,IL,AGL,CE,Towers with Radar,2,5,10,1,18,0,0,0,0,0,2,5,10,1,18,0,0,0,18
10/26/2022,CPS,IL,AGL,CE,Towers with Radar,0,2,30,0,32,0,79,104,0,183,0,81,134,0,215,173,0,173,388
10/27/2022,CPS,IL,AGL,CE,Towers with Radar,0,7,19,0,26,0,65,80,1,146,0,72,99,1,172,291,0,291,463
10/28/2022,CPS,IL,AGL,CE,Towers with Radar,0,4,22,0,26,0,12,74,0,86,0,16,96,0,112,128,0,128,240
10/29/2022,CPS,IL,AGL,CE,Towers with Radar,0,2,16,0,18,0,9,71,0,80,0,11,87,0,98,112,0,112,210
10/30/2022,CPS,IL,AGL,CE,Towers with Radar,1,0,13,0,14,0,0,0,0,0,1,0,13,0,14,0,0,0,14
10/31/2022,CPS,IL,AGL,CE,Towers with Radar,0,2,17,0,19,0,2,5,0,7,0,4,22,0,26,72,0,72,98
11/01/2022,CPS,IL,AGL,CE,Towers with Radar,0,2,25,0,27,0,40,65,1,106,0,42,90,1,133,180,0,180,313
11/02/2022,CPS,IL,AGL,CE,Towers with Radar,0,1,28,0,29,0,82,68,0,150,0,83,96,0,179,333,0,333,512
11/03/2022,CPS,IL,AGL,CE,Towers with Radar,0,0,22,0,22,0,44,60,5,109,0,44,82,5,131,210,0,210,341
11/04/2022,CPS,IL,AGL,CE,Towers with Radar,0,7,11,0,18,0,15,31,3,49,0,22,42,3,67,64,0,64,131
11/05/2022,CPS,IL,AGL,CE,Towers with Radar,0,1,4,0,5,0,2,10,2,14,0,3,14,2,19,14,0,14,33
11/06/2022,CPS,IL,AGL,CE,Towers with Radar,0,5,16,0,21,0,19,82,0,101,0,24,98,0,122,246,0,246,368
11/07/2022,CPS,IL,AGL,CE,Towers with Radar,0,5,10,0,15,0,42,69,4,115,0,47,79,4,130,106,0,106,236
11/08/2022,CPS,IL,AGL,CE,Towers with Radar,0,3,27,0,30,0,82,57,0,139,0,85,84,0,169,315,0,315,484
11/09/2022,CPS,IL,AGL,CE,Towers with Radar,1,3,29,1,34,0,102,86,1,189,1,105,115,2,223,293,0,293,516
11/10/2022,CPS,IL,AGL,CE,Towers with Radar,0,8,21,0,29,0,60,64,0,124,0,68,85,0,153,191,0,191,344
11/11/2022,CPS,IL,AGL,CE,Towers with Radar,0,3,34,0,37,0,9,32,0,41,0,12,66,0,78,117,0,117,195
11/12/2022,CPS,IL,AGL,CE,Towers with Radar,0,6,10,0,16,0,14,16,0,30,0,20,26,0,46,44,0,44,90
11/13/2022,CPS,IL,AGL,CE,Towers with Radar,0,15,21,0,36,0,6,82,1,89,0,21,103,1,125,101,0,101,226
11/14/2022,CPS,IL,AGL,CE,Towers with Radar,0,7,15,3,25,0,54,45,3,102,0,61,60,6,127,298,6,304,431
11/15/2022,CPS,IL,AGL,CE,Towers with Radar,0,3,17,0,20,0,4,12,0,16,0,7,29,0,36,40,0,40,76
11/16/2022,CPS,IL,AGL,CE,Towers with Radar,1,2,22,0,25,0,42,53,0,95,1,44,75,0,120,172,0,172,292
11/17/2022,CPS,IL,AGL,CE,Towers with Radar,1,10,43,0,54,0,65,76,1,142,1,75,119,1,196,339,0,339,535
11/18/2022,CPS,IL,AGL,CE,Towers with Radar,0,11,34,0,45,0,51,49,0,100,0,62,83,0,145,151,0,151,296
11/19/2022,CPS,IL,AGL,CE,Towers with Radar,0,0,12,0,12,0,25,39,0,64,0,25,51,0,76,27,0,27,103
11/20/2022,CPS,IL,AGL,CE,Towers with Radar,0,0,14,0,14,0,4,62,0,66,0,4,76,0,80,135,0,135,215
11/21/2022,CPS,IL,AGL,CE,Towers with Radar,1,1,23,0,25,0,53,65,0,118,1,54,88,0,143,206,0,206,349
11/22/2022,CPS,IL,AGL,CE,Towers with Radar,0,2,14,0,16,0,58,83,0,141,0,60,97,0,157,202,0,202,359
11/23/2022,CPS,IL,AGL,CE,Towers with Radar,0,0,17,3,20,0,29,58,0,87,0,29,75,3,107,151,0,151,258
11/24/2022,CPS,IL,AGL,CE,Towers with Radar,0,0,8,0,8,0,2,7,0,9,0,2,15,0,17,10,0,10,27
11/25/2022,CPS,IL,AGL,CE,Towers with Radar,0,0,11,0,11,0,7,36,1,44,0,7,47,1,55,22,0,22,77
11/26/2022,CPS,IL,AGL,CE,Towers with Radar,0,1,15,0,16,0,2,17,0,19,0,3,32,0,35,20,0,20,55
11/27/2022,CPS,IL,AGL,CE,Towers with Radar,0,6,11,0,17,1,1,2,1,5,1,7,13,1,22,0,0,0,22
11/28/2022,CPS,IL,AGL,CE,Towers with Radar,0,3,21,0,24,0,28,57,1,86,0,31,78,1,110,338,0,338,448
11/29/2022,CPS,IL,AGL,CE,Towers with Radar,0,4,21,0,25,0,9,19,0,28,0,13,40,0,53,7,0,7,60
11/30/2022,CPS,IL,AGL,CE,Towers with Radar,0,10,32,0,42,0,36,66,1,103,0,46,98,1,145,161,0,161,306
12/01/2022,CPS,IL,AGL,CE,Towers with Radar,0,6,30,0,36,0,76,68,2,146,0,82,98,2,182,246,0,246,428
12/02/2022,CPS,IL,AGL,CE,Towers with Radar,0,6,21,0,27,0,7,13,0,20,0,13,34,0,47,16,0,16,63
12/03/2022,CPS,IL,AGL,CE,Towers with Radar,0,5,7,0,12,0,45,86,0,131,0,50,93,0,143,259,0,259,402
12/04/2022,CPS,IL,AGL,CE,Towers with Radar,0,6,15,0,21,0,6,99,0,105,0,12,114,0,126,161,0,161,287
12/05/2022,CPS,IL,AGL,CE,Towers with Radar,0,6,31,0,37,0,23,33,0,56,0,29,64,0,93,181,0,181,274
12/06/2022,CPS,IL,AGL,CE,Towers with Radar,1,7,14,2,24,0,0,1,0,1,1,7,15,2,25,0,0,0,25
12/07/2022,CPS,IL,AGL,CE,Towers with Radar,1,16,26,0,43,0,22,22,0,44,1,38,48,0,87,207,0,207,294
12/08/2022,CPS,IL,AGL,CE,Towers with Radar,0,1,26,2,29,0,0,0,0,0,0,1,26,2,29,0,0,0,29
12/09/2022,CPS,IL,AGL,CE,Towers with Radar,0,5,18,1,24,0,14,9,0,23,0,19,27,1,47,225,0,225,272
12/10/2022,CPS,IL,AGL,CE,Towers with Radar,2,0,18,0,20,0,2,8,0,10,2,2,26,0,30,57,0,57,87
12/11/2022,CPS,IL,AGL,CE,Towers with Radar,2,6,8,0,16,0,1,11,0,12,2,7,19,0,28,205,0,205,233
12/12/2022,CPS,IL,AGL,CE,Towers with Radar,0,7,8,0,15,0,5,40,0,45,0,12,48,0,60,229,0,229,289
12/13/2022,CPS,IL,AGL,CE,Towers with Radar,0,2,11,0,13,0,3,8,0,11,0,5,19,0,24,56,0,56,80
12/14/2022,CPS,IL,AGL,CE,Towers with Radar,0,5,19,0,24,0,11,16,2,29,0,16,35,2,53,146,0,146,199
12/15/2022,CPS,IL,AGL,CE,Towers with Radar,0,7,23,1,31,0,42,45,0,87,0,49,68,1,118,204,0,204,322
12/16/2022,CPS,IL,AGL,CE,Towers with Radar,0,5,26,0,31,0,12,34,0,46,0,17,60,0,77,74,0,74,151
12/17/2022,CPS,IL,AGL,CE,Towers with Radar,0,0,24,0,24,0,16,34,0,50,0,16,58,0,74,98,0,98,172
12/18/2022,CPS,IL,AGL,CE,Towers with Radar,0,0,21,0,21,0,7,64,0,71,0,7,85,0,92,147,0,147,239
12/19/2022,CPS,IL,AGL,CE,Towers with Radar,0,0,14,0,14,0,59,39,0,98,0,59,53,0,112,276,0,276,388
12/20/2022,CPS,IL,AGL,CE,Towers with Radar,0,6,11,2,19,0,34,61,2,97,0,40,72,4,116,221,0,221,337
12/21/2022,CPS,IL,AGL,CE,Towers with Radar,0,6,24,6,36,0,15,37,2,54,0,21,61,8,90,198,0,198,288
12/22/2022,CPS,IL,AGL,CE,Towers with Radar,0,1,7,0,8,0,1,4,0,5,0,2,11,0,13,0,0,0,13
12/23/2022,CPS,IL,AGL,CE,Towers with Radar,0,0,1,0,1,0,2,5,0,7,0,2,6,0,8,0,0,0,8
12/24/2022,CPS,IL,AGL,CE,Towers with Radar,0,2,2,0,4,0,1,10,0,11,0,3,12,0,15,0,0,0,15
12/25/2022,CPS,IL,AGL,CE,Towers with Radar,0,0,3,0,3,0,8,10,0,18,0,8,13,0,21,20,0,20,41
12/26/2022,CPS,IL,AGL,CE,Towers with Radar,0,2,11,0,13,0,0,2,0,2,0,2,13,0,15,2,0,2,17
12/27/2022,CPS,IL,AGL,CE,Towers with Radar,0,9,15,0,24,0,9,68,0,77,0,18,83,0,101,115,0,115,216
12/28/2022,CPS,IL,AGL,CE,Towers with Radar,0,2,20,0,22,0,5,31,0,36,0,7,51,0,58,34,0,34,92
12/29/2022,CPS,IL,AGL,CE,Towers with Radar,0,5,10,0,15,0,1,13,0,14,0,6,23,0,29,23,0,23,52
12/30/2022,CPS,IL,AGL,CE,Towers with Radar,2,6,20,0,28,0,2,28,0,30,2,8,48,0,58,92,0,92,150
12/31/2022,CPS,IL,AGL,CE,Towers with Radar,1,4,9,0,14,0,5,45,0,50,1,9,54,0,64,94,0,94,158
01/01/2023,CPS,IL,AGL,CE,Towers with Radar,0,2,13,0,15,0,4,26,0,30,0,6,39,0,45,66,0,66,111
01/02/2023,CPS,IL,AGL,CE,Towers with Radar,0,3,14,0,17,0,1,0,0,1,0,4,14,0,18,0,0,0,18
01/03/2023,CPS,IL,AGL,CE,Towers with Radar,0,7,19,0,26,0,16,32,0,48,0,23,51,0,74,167,0,167,241
01/04/2023,CPS,IL,AGL,CE,Towers with Radar,0,1,17,0,18,0,32,22,2,56,0,33,39,2,74,155,0,155,229
01/05/2023,CPS,IL,AGL,CE,Towers with Radar,0,1,23,0,24,0,28,33,0,61,0,29,56,0,85,258,0,258,343
01/06/2023,CPS,IL,AGL,CE,Towers with Radar,0,4,27,2,33,0,51,61,0,112,0,55,88,2,145,389,0,389,534
01/07/2023,CPS,IL,AGL,CE,Towers with Radar,0,5,21,0,26,0,6,73,3,82,0,11,94,3,108,102,0,102,210
01/08/2023,CPS,IL,AGL,CE,Towers with Radar,0,7,13,0,20,0,1,13,0,14,0,8,26,0,34,37,0,37,71
01/09/2023,CPS,IL,AGL,CE,Towers with Radar,0,2,20,0,22,0,36,62,4,102,0,38,82,4,124,282,2,284,408
01/10/2023,CPS,IL,AGL,CE,Towers with Radar,0,1,28,0,29,0,38,62,0,100,0,39,90,0,129,340,0,340,469
01/11/2023,CPS,IL,AGL,CE,Towers with Radar,0,6,33,4,43,4,35,51,0,90,4,41,84,4,133,245,0,245,378
01/12/2023,CPS,IL,AGL,CE,Towers with Radar,0,7,14,0,21,0,1,1,0,2,0,8,15,0,23,23,0,23,46
01/13/2023,CPS,IL,AGL,CE,Towers with Radar,0,4,15,0,19,0,20,22,0,42,0,24,37,0,61,174,0,174,235
01/14/2023,CPS,IL,AGL,CE,Towers with Radar,1,6,9,2,18,0,5,63,0,68,1,11,72,2,86,235,0,235,321
01/15/2023,CPS,IL,AGL,CE,Towers with Radar,0,2,6,0,8,0,18,37,0,55,0,20,43,0,63,42,0,42,105
01/16/2023,CPS,IL,AGL,CE,Towers with Radar,1,4,9,0,14,0,4,12,0,16,1,8,21,0,30,32,0,32,62
01/17/2023,CPS,IL,AGL,CE,Towers with Radar,0,6,31,0,37,0,35,57,0,92,0,41,88,0,129,285,0,285,414
01/18/2023,CPS,IL,AGL,CE,Towers with Radar,0,9,9,0,18,0,1,5,0,6,0,10,14,0,24,8,0,8,32
01/19/2023,CPS,IL,AGL,CE,Towers with Radar,0,4,15,0,19,0,9,8,0,17,0,13,23,0,36,12,0,12,48
01/20/2023,CPS,IL,AGL,CE,Towers with Radar,0,1,28,0,29,0,40,42,0,82,0,41,70,0,111,301,0,301,412
01/21/2023,CPS,IL,AGL,CE,Towers with Radar,0,1,22,0,23,0,35,82,0,117,0,36,104,0,140,257,0,257,397
01/22/2023,CPS,IL,AGL,CE,Towers with Radar,0,0,5,0,5,0,0,1,0,1,0,0,6,0,6,0,0,0,6
01/23/2023,CPS,IL,AGL,CE,Towers with Radar,0,8,21,0,29,0,36,48,0,84,0,44,69,0,113,205,0,205,318
01/24/2023,CPS,IL,AGL,CE,Towers with Radar,0,4,18,3,25,0,63,58,1,122,0,67,76,4,147,327,0,327,474
01/25/2023,CPS,IL,AGL,CE,Towers with Radar,0,0,6,0,6,0,5,10,0,15,0,5,16,0,21,6,0,6,27
01/26/2023,CPS,IL,AGL,CE,Towers with Radar,0,10,26,0,36,0,51,39,0,90,0,61,65,0,126,147,0,147,273
01/27/2023,CPS,IL,AGL,CE,Towers with Radar,0,5,11,0,16,0,6,36,0,42,0,11,47,0,58,70,0,70,128
01/28/2023,CPS,IL,AGL,CE,Towers with Radar,0,4,20,0,24,0,16,40,6,62,0,20,60,6,86,154,0,154,240
01/29/2023,CPS,IL,AGL,CE,Towers with Radar,0,2,10,0,12,0,1,6,0,7,0,3,16,0,19,0,0,0,19
01/30/2023,CPS,IL,AGL,CE,Towers with Radar,0,2,6,0,8,0,1,6,0,7,0,3,12,0,15,0,0,0,15
01/31/2023,CPS,IL,AGL,CE,Towers with Radar,0,5,14,0,19,0,9,42,5,56,0,14,56,5,75,76,0,76,151
02/01/2023,CPS,IL,AGL,CE,Towers with Radar,0,3,25,0,28,0,26,44,2,72,0,29,69,2,100,122,0,122,222
02/02/2023,CPS,IL,AGL,CE,Towers with Radar,0,3,19,0,22,0,61,61,0,122,0,64,80,0,144,301,0,301,445
02/03/2023,CPS,IL,AGL,CE,Towers with Radar,0,3,27,4,34,0,41,59,0,100,0,44,86,4,134,197,0,197,331
02/04/2023,CPS,IL,AGL,CE,Towers with Radar,0,4,12,0,16,0,18,30,0,48,0,22,42,0,64,48,0,48,112
02/05/2023,CPS,IL,AGL,CE,Towers with Radar,0,1,14,0,15,0,25,85,0,110,0,26,99,0,125,144,0,144,269
02/06/2023,CPS,IL,AGL,CE,Towers with Radar,1,0,17,0,18,0,29,38,0,67,1,29,55,0,85,68,0,68,153
02/07/2023,CPS,IL,AGL,CE,Towers with Radar,0,7,20,0,27,0,65,48,0,113,0,72,68,0,140,261,0,261,401
02/08/2023,CPS,IL,AGL,CE,Towers with Radar,0,7,24,0,31,0,28,23,2,53,0,35,47,2,84,236,0,236,320
02/09/2023,CPS,IL,AGL,CE,Towers with Radar,0,2,18,0,20,0,4,16,1,21,0,6,34,1,41,14,0,14,55
02/10/2023,CPS,IL,AGL,CE,Towers with Radar,0,6,32,2,40,0,32,34,2,68,0,38,66,4,108,225,0,225,333
02/11/2023,CPS,IL,AGL,CE,Towers with Radar,0,1,22,0,23,0,36,81,3,120,0,37,103,3,143,242,0,242,385
02/12/2023,CPS,IL,AGL,CE,Towers with Radar,0,3,19,0,22,0,10,69,1,80,0,13,88,1,102,195,0,195,297
02/13/2023,CPS,IL,AGL,CE,Towers with Radar,0,3,9,0,12,0,41,72,1,114,0,44,81,1,126,306,0,306,432
02/14/2023,CPS,IL,AGL,CE,Towers with Radar,0,6,11,1,18,0,5,10,2,17,0,11,21,3,35,59,0,59,94
02/15/2023,CPS,IL,AGL,CE,Towers with Radar,2,0,33,3,38,0,66,51,0,117,2,66,84,3,155,360,0,360,515
02/16/2023,CPS,IL,AGL,CE,Towers with Radar,0,4,13,1,18,0,2,6,0,8,0,6,19,1,26,0,0,0,26
02/17/2023,CPS,IL,AGL,CE,Towers with Radar,1,7,38,0,46,0,47,52,0,99,1,54,90,0,145,357,0,357,502
02/18/2023,CPS,IL,AGL,CE,Towers with Radar,1,1,24,2,28,0,30,54,0,84,1,31,78,2,112,199,0,199,311
02/19/2023,CPS,IL,AGL,CE,Towers with Radar,0,1,10,0,11,0,3,68,1,72,0,4,78,1,83,48,0,48,131
02/20/2023,CPS,IL,AGL,CE,Towers with Radar,0,7,23,0,30,0,44,88,3,135,0,51,111,3,165,256,0,256,421
02/21/2023,CPS,IL,AGL,CE,Towers with Radar,0,12,14,0,26,0,71,64,0,135,0,83,78,0,161,375,0,375,536
02/22/2023,CPS,IL,AGL,CE,Towers with Radar,0,3,9,0,12,0,8,24,0,32,0,11,33,0,44,20,0,20,64
02/23/2023,CPS,IL,AGL,CE,Towers with Radar,1,6,44,0,51,0,49,28,1,78,1,55,72,1,129,276,0,276,405
02/24/2023,CPS,IL,AGL,CE,Towers with Radar,2,3,35,0,40,0,69,62,1,132,2,72,97,1,172,384,0,384,556
02/25/2023,CPS,IL,AGL,CE,Towers with Radar,1,1,13,0,15,0,47,66,0,113,1,48,79,0,128,406,0,406,534
02/26/2023,CPS,IL,AGL,CE,Towers with Radar,0,3,16,0,19,0,13,50,0,63,0,16,66,0,82,188,0,188,270
02/27/2023,CPS,IL,AGL,CE,Towers with Radar,1,4,2,0,7,0,2,2,0,4,1,6,4,0,11,0,0,0,11
02/28/2023,CPS,IL,AGL,CE,Towers with Radar,0,2,36,4,42,0,58,63,0,121,0,60,99,4,163,501,0,501,664
03/01/2023,CPS,IL,AGL,CE,Towers with Radar,0,4,26,0,30,0,56,76,4,136,0,60,102,4,166,561,0,561,727
03/02/2023,CPS,IL,AGL,CE,Towers with Radar,0,5,34,2,41,0,19,49,4,72,0,24,83,6,113,338,0,338,451
03/03/2023,CPS,IL,AGL,CE,Towers with Radar,0,1,18,2,21,0,0,1,0,1,0,1,19,2,22,4,0,4,26
03/04/2023,CPS,IL,AGL,CE,Towers with Radar,0,7,20,0,27,0,42,82,0,124,0,49,102,0,151,271,0,271,422
03/05/2023,CPS,IL,AGL,CE,Towers with Radar,0,2,21,0,23,0,14,48,0,62,0,16,69,0,85,159,0,159,244
03/06/2023,CPS,IL,AGL,CE,Towers with Radar,0,8,22,0,30,2,39,55,2,98,2,47,77,2,128,201,0,201,329
03/07/2023,CPS,IL,AGL,CE,Towers with Radar,0,6,16,0,22,0,32,28,2,62,0,38,44,2,84,271,0,271,355
03/08/2023,CPS,IL,AGL,CE,Towers with Radar,0,5,16,2,23,0,18,21,2,41,0,23,37,4,64,200,0,200,264
03/09/2023,CPS,IL,AGL,CE,Towers with Radar,1,1,22,0,24,0,52,23,0,75,1,53,45,0,99,274,0,274,373
03/10/2023,CPS,IL,AGL,CE,Towers with Radar,0,3,27,5,35,0,36,45,0,81,0,39,72,5,116,188,0,188,304
03/11/2023,CPS,IL,AGL,CE,Towers with Radar,0,4,10,0,14,0,18,38,0,56,0,22,48,0,70,131,0,131,201
03/12/2023,CPS,IL,AGL,CE,Towers with Radar,0,4,6,8,18,0,5,39,0,44,0,9,45,8,62,112,0,112,174
03/13/2023,CPS,IL,AGL,CE,Towers with Radar,0,5,18,1,24,0,18,49,3,70,0,23,67,4,94,116,9,125,219
03/14/2023,CPS,IL,AGL,CE,Towers with Radar,1,1,35,0,37,0,42,79,0,121,1,43,114,0,158,346,0,346,504
03/15/2023,CPS,IL,AGL,CE,Towers with Radar,0,5,33,2,40,0,48,78,0,126,0,53,111,2,166,256,0,256,422
03/16/2023,CPS,IL,AGL,CE,Towers with Radar,0,0,10,0,10,0,5,17,0,22,0,5,27,0,32,47,0,47,79
03/17/2023,CPS,IL,AGL,CE,Towers with Radar,0,0,8,0,8,0,10,24,0,34,0,10,32,0,42,58,0,58,100
03/18/2023,CPS,IL,AGL,CE,Towers with Radar,2,2,15,0,19,0,12,36,0,48,2,14,51,0,67,10,0,10,77
03/19/2023,CPS,IL,AGL,CE,Towers with Radar,2,9,7,0,18,0,15,81,1,97,2,24,88,1,115,171,0,171,286
03/20/2023,CPS,IL,AGL,CE,Towers with Radar,0,5,14,0,19,0,24,60,0,84,0,29,74,0,103,96,0,96,199
03/21/2023,CPS,IL,AGL,CE,Towers with Radar,0,5,7,0,12,0,25,16,0,41,0,30,23,0,53,184,0,184,237
03/22/2023,CPS,IL,AGL,CE,Towers with Radar,0,5,33,0,38,0,0,10,0,10,0,5,43,0,48,50,0,50,98
03/23/2023,CPS,IL,AGL,CE,Towers with Radar,0,10,17,0,27,0,3,10,0,13,0,13,27,0,40,79,0,79,119
03/24/2023,CPS,IL,AGL,CE,Towers with Radar,0,7,6,0,13,0,0,0,0,0,0,7,6,0,13,0,0,0,13
03/25/2023,CPS,IL,AGL,CE,Towers with Radar,0,3,13,0,16,0,19,41,0,60,0,22,54,0,76,213,0,213,289
03/26/2023,CPS,IL,AGL,CE,Towers with Radar,0,15,25,0,40,0,35,93,0,128,0,50,118,0,168,245,2,247,415
03/27/2023,CPS,IL,AGL,CE,Towers with Radar,2,9,14,0,25,0,44,63,0,107,2,53,77,0,132,348,85,433,565
03/28/2023,CPS,IL,AGL,CE,Towers with Radar,1,8,7,1,17,0,17,51,2,70,1,25,58,3,87,267,0,267,354
03/29/2023,CPS,IL,AGL,CE,Towers with Radar,0,4,26,5,35,0,71,77,2,150,0,75,103,7,185,448,0,448,633
03/30/2023,CPS,IL,AGL,CE,Towers with Radar,0,24,24,0,48,0,52,90,0,142,0,76,114,0,190,290,0,290,480
03/31/2023,CPS,IL,AGL,CE,Towers with Radar,2,2,7,2,13,0,3,20,1,24,2,5,27,3,37,16,6,22,59
04/01/2023,CPS,IL,AGL,CE,Towers with Radar,2,4,11,1,18,0,3,8,0,11,2,7,19,1,29,43,0,43,72
04/02/2023,CPS,IL,AGL,CE,Towers with Radar,5,4,19,0,28,0,24,74,0,98,5,28,93,0,126,258,0,258,384
04/03/2023,CPS,IL,AGL,CE,Towers with Radar,2,2,14,0,18,0,42,46,0,88,2,44,60,0,106,138,0,138,244
04/04/2023,CPS,IL,AGL,CE,Towers with Radar,0,3,14,0,17,0,11,23,0,34,0,14,37,0,51,48,0,48,99
04/05/2023,CPS,IL,AGL,CE,Towers with Radar,4,1,19,1,25,0,20,31,0,51,4,21,50,1,76,104,1,105,181
04/06/2023,CPS,IL,AGL,CE,Towers with Radar,2,8,14,4,28,0,86,102,0,188,2,94,116,4,216,375,0,375,591
04/07/2023,CPS,IL,AGL,CE,Towers with Radar,0,1,19,0,20,0,12,79,0,91,0,13,98,0,111,257,0,257,368
04/08/2023,CPS,IL,AGL,CE,Towers with Radar,2,2,19,0,23,0,10,91,1,102,2,12,110,1,125,218,0,218,343
04/09/2023,CPS,IL,AGL,CE,Towers with Radar,0,0,13,0,13,0,5,48,0,53,0,5,61,0,66,105,0,105,171
04/10/2023,CPS,IL,AGL,CE,Towers with Radar,0,12,16,0,28,0,47,187,0,234,0,59,203,0,262,311,0,311,573
04/11/2023,CPS,IL,AGL,CE,Towers with Radar,1,13,19,0,33,0,79,86,1,166,1,92,105,1,199,350,0,350,549
04/12/2023,CPS,IL,AGL,CE,Towers with Radar,3,8,27,0,38,0,63,85,0,148,3,71,112,0,186,335,0,335,521
04/13/2023,CPS,IL,AGL,CE,Towers with Radar,0,13,19,0,32,0,61,77,0,138,0,74,96,0,170,395,0,395,565
04/14/2023,CPS,IL,AGL,CE,Towers with Radar,0,8,18,2,28,0,56,110,0,166,0,64,128,2,194,270,0,270,464
04/15/2023,CPS,IL,AGL,CE,Towers with Radar,0,9,11,0,20,0,8,52,0,60,0,17,63,0,80,107,0,107,187
04/16/2023,CPS,IL,AGL,CE,Towers with Radar,1,0,15,0,16,0,3,12,0,15,1,3,27,0,31,0,0,0,31
04/17/2023,CPS,IL,AGL,CE,Towers with Radar,0,1,21,2,24,0,7,44,10,61,0,8,65,12,85,75,0,75,160
04/18/2023,CPS,IL,AGL,CE,Towers with Radar,0,4,20,5,29,0,88,80,0,168,0,92,100,5,197,439,0,439,636
04/19/2023,CPS,IL,AGL,CE,Towers with Radar,5,7,20,0,32,0,13,40,1,54,5,20,60,1,86,42,0,42,128
04/20/2023,CPS,IL,AGL,CE,Towers with Radar,0,4,7,0,11,0,1,7,0,8,0,5,14,0,19,0,0,0,19
04/21/2023,CPS,IL,AGL,CE,Towers with Radar,0,6,23,0,29,0,78,70,2,150,0,84,93,2,179,369,0,369,548
04/22/2023,CPS,IL,AGL,CE,Towers with Radar,0,7,17,0,24,0,13,60,1,74,0,20,77,1,98,135,0,135,233
04/23/2023,CPS,IL,AGL,CE,Towers with Radar,0,7,31,0,38,0,19,72,1,92,0,26,103,1,130,168,0,168,298
04/24/2023,CPS,IL,AGL,CE,Towers with Radar,0,8,33,0,41,0,47,79,9,135,0,55,112,9,176,284,0,284,460
04/25/2023,CPS,IL,AGL,CE,Towers with Radar,0,13,22,0,35,0,60,68,3,131,0,73,90,3,166,220,0,220,386
04/26/2023,CPS,IL,AGL,CE,Towers with Radar,0,12,24,2,38,0,66,84,0,150,0,78,108,2,188,332,0,332,520
04/27/2023,CPS,IL,AGL,CE,Towers with Radar,0,2,17,1,20,0,36,55,2,93,0,38,72,3,113,391,0,391,504
04/28/2023,CPS,IL,AGL,CE,Towers with Radar,0,9,27,0,36,0,51,77,1,129,0,60,104,1,165,456,0,456,621
04/29/2023,CPS,IL,AGL,CE,Towers with Radar,0,10,16,0,26,0,27,72,0,99,0,37,88,0,125,245,0,245,370
04/30/2023,CPS,IL,AGL,CE,Towers with Radar,0,3,15,0,18,0,6,20,0,26,0,9,35,0,44,38,0,38,82
05/01/2023,CPS,IL,AGL,CE,Towers with Radar,0,3,16,0,19,0,12,21,0,33,0,15,37,0,52,33,0,33,85
05/02/2023,CPS,IL,AGL,CE,Towers with Radar,0,4,22,0,26,0,13,36,0,49,0,17,58,0,75,54,0,54,129
05/03/2023,CPS,IL,AGL,CE,Towers with Radar,0,12,35,0,47,0,59,96,4,159,0,71,131,4,206,341,0,341,547
05/04/2023,CPS,IL,AGL,CE,Towers with Radar,0,17,25,0,42,0,68,78,0,146,0,85,103,0,188,408,0,408,596
05/05/2023,CPS,IL,AGL,CE,Towers with Radar,0,6,26,0,32,0,24,32,8,64,0,30,58,8,96,110,0,110,206
05/06/2023,CPS,IL,AGL,CE,Towers with Radar,0,5,22,0,27,0,7,31,0,38,0,12,53,0,65,59,0,59,124
05/07/2023,CPS,IL,AGL,CE,Towers with Radar,2,1,19,1,23,0,5,53,1,59,2,6,72,2,82,76,0,76,158
05/08/2023,CPS,IL,AGL,CE,Towers with Radar,0,5,13,0,18,0,11,55,1,67,0,16,68,1,85,258,0,258,343
05/09/2023,CPS,IL,AGL,CE,Towers with Radar,0,16,27,0,43,0,39,78,0,117,0,55,105,0,160,315,0,315,475
05/10/2023,CPS,IL,AGL,CE,Towers with Radar,0,10,41,3,54,0,63,74,1,138,0,73,115,4,192,326,0,326,518
05/11/2023,CPS,IL,AGL,CE,Towers with Radar,0,28,36,3,67,0,27,37,3,67,0,55,73,6,134,248,1,249,383
05/12/2023,CPS,IL,AGL,CE,Towers with Radar,0,12,24,1,37,0,9,37,2,48,0,21,61,3,85,174,0,174,259
05/13/2023,CPS,IL,AGL,CE,Towers with Radar,0,4,13,0,17,0,7,28,0,35,0,11,41,0,52,93,0,93,145
05/14/2023,CPS,IL,AGL,CE,Towers with Radar,0,6,20,0,26,0,5,30,0,35,0,11,50,0,61,117,0,117,178
05/15/2023,CPS,IL,AGL,CE,Towers with Radar,1,12,22,3,38,0,9,25,2,36,1,21,47,5,74,151,0,151,225
05/16/2023,CPS,IL,AGL,CE,Towers with Radar,0,9,29,4,42,0,4,15,1,20,0,13,44,5,62,160,0,160,222
05/17/2023,CPS,IL,AGL,CE,Towers with Radar,0,6,35,0,41,0,98,101,8,207,0,104,136,8,248,300,0,300,548
05/18/2023,CPS,IL,AGL,CE,Towers with Radar,0,21,22,0,43,0,65,90,0,155,0,86,112,0,198,413,0,413,611
05/19/2023,CPS,IL,AGL,CE,Towers with Radar,0,7,27,0,34,0,21,28,0,49,0,28,55,0,83,203,0,203,286
05/20/2023,CPS,IL,AGL,CE,Towers with Radar,0,4,27,0,31,0,19,69,0,88,0,23,96,0,119,88,0,88,207
05/21/2023,CPS,IL,AGL,CE,Towers with Radar,2,5,33,0,40,0,15,70,1,86,2,20,103,1,126,154,0,154,280
05/22/2023,CPS,IL,AGL,CE,Towers with Radar,0,10,15,7,32,0,55,66,2,123,0,65,81,9,155,292,0,292,447
05/23/2023,CPS,IL,AGL,CE,Towers with Radar,0,6,23,0,29,0,56,63,0,119,0,62,86,0,148,340,0,340,488
05/24/2023,CPS,IL,AGL,CE,Towers with Radar,0,15,31,2,48,0,57,87,11,155,0,72,118,13,203,242,0,242,445
05/25/2023,CPS,IL,AGL,CE,Towers with Radar,0,12,25,0,37,0,51,86,0,137,0,63,111,0,174,177,0,177,351
05/26/2023,CPS,IL,AGL,CE,Towers with Radar,0,6,20,1,27,0,36,71,6,113,0,42,91,7,140,232,0,232,372
05/27/2023,CPS,IL,AGL,CE,Towers with Radar,0,2,14,0,16,0,6,69,0,75,0,8,83,0,91,103,0,103,194
05/28/2023,CPS,IL,AGL,CE,Towers with Radar,2,6,9,0,17,3,4,93,0,100,5,10,102,0,117,115,0,115,232
05/29/2023,CPS,IL,AGL,CE,Towers with Radar,0,0,18,0,18,0,7,101,0,108,0,7,119,0,126,196,0,196,322
05/30/2023,CPS,IL,AGL,CE,Towers with Radar,1,5,16,2,24,0,56,69,0,125,1,61,85,2,149,276,0,276,425
05/31/2023,CPS,IL,AGL,CE,Towers with Radar,0,1,26,0,27,0,47,65,0,112,0,48,91,0,139,269,0,269,408
06/01/2023,CPS,IL,AGL,CE,Towers with Radar,1,8,37,3,49,0,46,67,3,116,1,54,104,6,165,268,0,268,433
06/02/2023,CPS,IL,AGL,CE,Towers with Radar,0,18,31,4,53,0,36,61,0,97,0,54,92,4,150,224,0,224,374
06/03/2023,CPS,IL,AGL,CE,Towers with Radar,0,15,37,0,52,0,16,95,0,111,0,31,132,0,163,130,0,130,293
06/04/2023,CPS,IL,AGL,CE,Towers with Radar,0,18,42,0,60,0,5,77,0,82,0,23,119,0,142,48,0,48,190
06/05/2023,CPS,IL,AGL,CE,Towers with Radar,0,11,30,0,41,0,54,65,2,121,0,65,95,2,162,296,0,296,458
06/06/2023,CPS,IL,AGL,CE,Towers with Radar,0,6,16,2,24,0,57,73,2,132,0,63,89,4,156,274,0,274,430
06/07/2023,CPS,IL,AGL,CE,Towers with Radar,0,7,28,0,35,0,13,31,7,51,0,20,59,7,86,86,2,88,174
06/08/2023,CPS,IL,AGL,CE,Towers with Radar,0,5,19,0,24,0,73,54,3,130,0,78,73,3,154,354,0,354,508
06/09/2023,CPS,IL,AGL,CE,Towers with Radar,0,2,20,5,27,0,48,74,1,123,0,50,94,6,150,201,0,201,351
06/10/2023,CPS,IL,AGL,CE,Towers with Radar,0,7,19,0,26,0,5,71,3,79,0,12,90,3,105,110,1,111,216
06/11/2023,CPS,IL,AGL,CE,Towers with Radar,0,2,25,3,30,0,3,5,0,8,0,5,30,3,38,0,0,0,38
06/12/2023,CPS,IL,AGL,CE,Towers with Radar,0,11,31,0,42,0,44,53,1,98,0,55,84,1,140,322,0,322,462
06/13/2023,CPS,IL,AGL,CE,Towers with Radar,0,8,12,1,21,0,93,77,5,175,0,101,89,6,196,104,1,105,301
06/14/2023,CPS,IL,AGL,CE,Towers with Radar,1,9,20,1,31,0,47,63,0,110,1,56,83,1,141,296,0,296,437
06/15/2023,CPS,IL,AGL,CE,Towers with Radar,0,6,19,1,26,0,59,72,0,131,0,65,91,1,157,321,0,321,478
06/16/2023,CPS,IL,AGL,CE,Towers with Radar,0,11,34,0,45,0,52,74,3,129,0,63,108,3,174,332,0,332,506
06/17/2023,CPS,IL,AGL,CE,Towers with Radar,0,2,19,0,21,0,5,57,0,62,0,7,76,0,83,77,0,77,160
06/18/2023,CPS,IL,AGL,CE,Towers with Radar,0,7,20,1,28,0,3,24,0,27,0,10,44,1,55,20,0,20,75
06/19/2023,CPS,IL,AGL,CE,Towers with Radar,0,7,26,1,34,0,11,38,0,49,0,18,64,1,83,76,0,76,159
06/20/2023,CPS,IL,AGL,CE,Towers with Radar,0,6,24,0,30,0,54,69,0,123,0,60,93,0,153,217,0,217,370
06/21/2023,CPS,IL,AGL,CE,Towers with Radar,0,6,22,0,28,0,63,88,3,154,0,69,110,3,182,309,0,309,491
06/22/2023,CPS,IL,AGL,CE,Towers with Radar,0,6,25,0,31,0,47,93,4,144,0,53,118,4,175,327,0,327,502
06/23/2023,CPS,IL,AGL,CE,Towers with Radar,0,8,22,4,34,0,29,85,0,114,0,37,107,4,148,116,0,116,264
06/24/2023,CPS,IL,AGL,CE,Towers with Radar,0,5,9,0,14,0,6,75,2,83,0,11,84,2,97,116,0,116,213
06/25/2023,CPS,IL,AGL,CE,Towers with Radar,0,1,10,0,11,0,7,48,8,63,0,8,58,8,74,86,0,86,160
06/26/2023,CPS,IL,AGL,CE,Towers with Radar,0,7,23,2,32,0,21,46,5,72,0,28,69,7,104,49,1,50,154
06/27/2023,CPS,IL,AGL,CE,Towers with Radar,0,16,25,0,41,0,45,99,5,149,0,61,124,5,190,300,1,301,491
06/28/2023,CPS,IL,AGL,CE,Towers with Radar,1,13,28,3,45,0,9,60,3,72,1,22,88,6,117,157,0,157,274
06/29/2023,CPS,IL,AGL,CE,Towers with Radar,1,13,29,1,44,0,49,83,0,132,1,62,112,1,176,260,0,260,436
06/30/2023,CPS,IL,AGL,CE,Towers with Radar,0,7,31,0,38,0,40,62,0,102,0,47,93,0,140,299,0,299,439
07/01/2023,CPS,IL,AGL,CE,Towers with Radar,0,7,20,0,27,0,4,43,0,47,0,11,63,0,74,45,0,45,119
07/02/2023,CPS,IL,AGL,CE,Towers with Radar,3,2,19,0,24,0,3,36,0,39,3,5,55,0,63,77,0,77,140
07/03/2023,CPS,IL,AGL,CE,Towers with Radar,0,7,10,1,18,0,39,90,0,129,0,46,100,1,147,287,4,291,438
07/04/2023,CPS,IL,AGL,CE,Towers with Radar,0,2,6,0,8,2,5,69,2,78,2,7,75,2,86,326,0,326,412
07/05/2023,CPS,IL,AGL,CE,Towers with Radar,0,2,16,2,20,0,37,61,0,98,0,39,77,2,118,190,0,190,308
07/06/2023,CPS,IL,AGL,CE,Towers with Radar,0,9,36,1,46,0,62,95,5,162,0,71,131,6,208,359,0,359,567
07/07/2023,CPS,IL,AGL,CE,Towers with Radar,0,11,33,2,46,0,50,81,0,131,0,61,114,2,177,269,0,269,446
07/08/2023,CPS,IL,AGL,CE,Towers with Radar,0,6,29,0,35,0,13,39,0,52,0,19,68,0,87,71,0,71,158
07/09/2023,CPS,IL,AGL,CE,Towers with Radar,2,2,18,0,22,0,3,106,0,109,2,5,124,0,131,209,0,209,340
07/10/2023,CPS,IL,AGL,CE,Towers with Radar,0,7,15,2,24,0,60,62,3,125,0,67,77,5,149,239,0,239,388
07/11/2023,CPS,IL,AGL,CE,Towers with Radar,0,6,14,0,20,0,71,112,0,183,0,77,126,0,203,312,0,312,515
07/12/2023,CPS,IL,AGL,CE,Towers with Radar,0,10,16,0,26,0,73,78,0,151,0,83,94,0,177,351,0,351,528
07/13/2023,CPS,IL,AGL,CE,Towers with Radar,1,8,19,2,30,0,28,65,2,95,1,36,84,4,125,289,0,289,414
07/14/2023,CPS,IL,AGL,CE,Towers with Radar,0,3,22,0,25,0,45,47,0,92,0,48,69,0,117,185,0,185,302
07/15/2023,CPS,IL,AGL,CE,Towers with Radar,0,5,11,2,18,0,6,45,2,53,0,11,56,4,71,137,0,137,208
07/16/2023,CPS,IL,AGL,CE,Towers with Radar,2,2,9,0,13,0,3,52,0,55,2,5,61,0,68,123,0,123,191
07/17/2023,CPS,IL,AGL,CE,Towers with Radar,1,7,11,0,19,0,22,52,0,74,1,29,63,0,93,201,0,201,294
07/18/2023,CPS,IL,AGL,CE,Towers with Radar,0,5,15,0,20,0,17,66,0,83,0,22,81,0,103,379,0,379,482
07/19/2023,CPS,IL,AGL,CE,Towers with Radar,2,8,36,2,48,0,12,53,2,67,2,20,89,4,115,242,0,242,357
07/20/2023,CPS,IL,AGL,CE,Towers with Radar,0,7,24,0,31,0,11,50,0,61,0,18,74,0,92,254,0,254,346
07/21/2023,CPS,IL,AGL,CE,Towers with Radar,0,2,18,1,21,0,47,100,1,148,0,49,118,2,169,320,0,320,489
07/22/2023,CPS,IL,AGL,CE,Towers with Radar,0,5,14,1,20,0,9,89,0,98,0,14,103,1,118,141,0,141,259
07/23/2023,CPS,IL,AGL,CE,Towers with Radar,0,3,12,0,15,0,6,59,0,65,0,9,71,0,80,142,0,142,222
07/24/2023,CPS,IL,AGL,CE,Towers with Radar,0,6,18,0,24,0,37,60,1,98,0,43,78,1,122,256,0,256,378
07/25/2023,CPS,IL,AGL,CE,Towers with Radar,0,4,13,0,17,0,51,74,0,125,0,55,87,0,142,389,0,389,531
07/26/2023,CPS,IL,AGL,CE,Towers with Radar,0,3,13,3,19,0,12,26,2,40,0,15,39,5,59,35,0,35,94
07/27/2023,CPS,IL,AGL,CE,Towers with Radar,1,13,24,2,40,0,17,78,1,96,1,30,102,3,136,218,0,218,354
07/28/2023,CPS,IL,AGL,CE,Towers with Radar,0,8,22,15,45,0,27,67,3,97,0,35,89,18,142,228,0,228,370
07/29/2023,CPS,IL,AGL,CE,Towers with Radar,0,5,12,2,19,0,15,59,1,75,0,20,71,3,94,169,0,169,263
07/30/2023,CPS,IL,AGL,CE,Towers with Radar,1,2,18,6,27,0,9,73,10,92,1,11,91,16,119,144,0,144,263
07/31/2023,CPS,IL,AGL,CE,Towers with Radar,0,12,18,3,33,0,39,59,2,100,0,51,77,5,133,329,0,329,462
08/01/2023,CPS,IL,AGL,CE,Towers with Radar,0,12,28,1,41,0,33,84,0,117,0,45,112,1,158,231,0,231,389
08/02/2023,CPS,IL,AGL,CE,Towers with Radar,0,7,24,0,31,0,0,18,0,18,0,7,42,0,49,50,0,50,99
08/03/2023,CPS,IL,AGL,CE,Towers with Radar,0,10,30,0,40,0,9,31,0,40,0,19,61,0,80,247,0,247,327
08/04/2023,CPS,IL,AGL,CE,Towers with Radar,0,5,27,1,33,0,9,39,0,48,0,14,66,1,81,247,0,247,328
08/05/2023,CPS,IL,AGL,CE,Towers with Radar,0,0,17,1,18,0,2,40,3,45,0,2,57,4,63,126,0,126,189
08/06/2023,CPS,IL,AGL,CE,Towers with Radar,2,4,15,4,25,0,7,56,1,64,2,11,71,5,89,206,0,206,295
08/07/2023,CPS,IL,AGL,CE,Towers with Radar,0,1,30,0,31,0,24,49,0,73,0,25,79,0,104,134,0,134,238
08/08/2023,CPS,IL,AGL,CE,Towers with Radar,0,20,23,0,43,0,46,118,3,167,0,66,141,3,210,384,0,384,594
08/09/2023,CPS,IL,AGL,CE,Towers with Radar,0,3,16,0,19,0,14,22,0,36,0,17,38,0,55,100,0,100,155
08/10/2023,CPS,IL,AGL,CE,Towers with Radar,0,11,30,0,41,0,24,68,5,97,0,35,98,5,138,192,0,192,330
08/11/2023,CPS,IL,AGL,CE,Towers with Radar,0,6,23,2,31,0,25,67,2,94,0,31,90,4,125,287,0,287,412
08/12/2023,CPS,IL,AGL,CE,Towers with Radar,0,1,14,0,15,0,8,93,0,101,0,9,107,0,116,122,0,122,238
08/13/2023,CPS,IL,AGL,CE,Towers with Radar,1,6,8,0,15,0,2,37,0,39,1,8,45,0,54,80,0,80,134
08/14/2023,CPS,IL,AGL,CE,Towers with Radar,0,5,16,0,21,0,23,31,0,54,0,28,47,0,75,125,0,125,200
08/15/2023,CPS,IL,AGL,CE,Towers with Radar,0,10,31,1,42,0,21,74,0,95,0,31,105,1,137,198,0,198,335
08/16/2023,CPS,IL,AGL,CE,Towers with Radar,2,11,32,1,46,0,49,121,0,170,2,60,153,1,216,321,0,321,537
08/17/2023,CPS,IL,AGL,CE,Towers with Radar,0,13,33,2,48,0,24,79,0,103,0,37,112,2,151,250,0,250,401
08/18/2023,CPS,IL,AGL,CE,Towers with Radar,0,14,22,1,37,0,46,106,2,154,0,60,128,3,191,302,0,302,493
08/19/2023,CPS,IL,AGL,CE,Towers with Radar,0,5,13,0,18,0,17,100,4,121,0,22,113,4,139,102,0,102,241
08/20/2023,CPS,IL,AGL,CE,Towers with Radar,3,6,19,0,28,0,12,60,4,76,3,18,79,4,104,158,0,158,262
08/21/2023,CPS,IL,AGL,CE,Towers with Radar,0,4,19,0,23,0,4,22,0,26,0,8,41,0,49,102,0,102,151
08/22/2023,CPS,IL,AGL,CE,Towers with Radar,0,3,36,1,40,0,4,45,4,53,0,7,81,5,93,75,0,75,168
08/23/2023,CPS,IL,AGL,CE,Towers with Radar,0,7,26,0,33,0,8,46,0,54,0,15,72,0,87,136,2,138,225
08/24/2023,CPS,IL,AGL,CE,Towers with Radar,0,8,21,0,29,0,21,63,0,84,0,29,84,0,113,171,0,171,284
08/25/2023,CPS,IL,AGL,CE,Towers with Radar,0,4,35,0,39,0,21,58,4,83,0,25,93,4,122,106,0,106,228
08/26/2023,CPS,IL,AGL,CE,Towers with Radar,0,4,21,0,25,0,0,20,4,24,0,4,41,4,49,20,0,20,69
08/27/2023,CPS,IL,AGL,CE,Towers with Radar,3,18,35,0,56,0,6,51,5,62,3,24,86,5,118,92,0,92,210
08/28/2023,CPS,IL,AGL,CE,Towers with Radar,0,8,30,3,41,0,56,69,0,125,0,64,99,3,166,357,0,357,523
08/29/2023,CPS,IL,AGL,CE,Towers with Radar,0,13,22,3,38,0,72,95,1,168,0,85,117,4,206,329,0,329,535
08/30/2023,CPS,IL,AGL,CE,Towers with Radar,1,13,28,0,42,0,64,89,0,153,1,77,117,0,195,333,0,333,528
08/31/2023,CPS,IL,AGL,CE,Towers with Radar,0,16,25,3,44,0,78,82,2,162,0,94,107,5,206,479,0,479,685
